web/models/mosfit_kne/mosfit_kn_3.0000/mosfit_kn_0.001230_0.3277_3.0000.dat
# %ECSV 1.0
# ---
# datatype:
# - {name: time, datatype: float64}
# - {name: PS1_g, datatype: float64}
# - {name: PS1_i, datatype: float64}
# - {name: PS1_r, datatype: float64}
# - {name: PS1_w, datatype: float64}
# - {name: PS1_y, datatype: float64}
# - {name: PS1_z, datatype: float64}
# - {name: swift_uvot_B, datatype: float64}
# - {name: swift_uvot_U, datatype: float64}
# - {name: swift_uvot_uvm2, datatype: float64}
# - {name: swift_uvot_uvw1, datatype: float64}
# - {name: swift_uvot_uvw2, datatype: float64}
# - {name: swift_uvot_V, datatype: float64}
# - {name: johnson_B, datatype: float64}
# - {name: johnson_I, datatype: float64}
# - {name: johnson_R, datatype: float64}
# - {name: johnson_U, datatype: float64}
# - {name: johnson_V, datatype: float64}
# - {name: sdss_g, datatype: float64}
# - {name: sdss_i, datatype: float64}
# - {name: sdss_r, datatype: float64}
# - {name: sdss_u, datatype: float64}
# - {name: sdss_z, datatype: float64}
# - {name: ATLAS_c, datatype: float64}
# - {name: ATLAS_o, datatype: float64}
# - {name: ukirt_H, datatype: float64}
# - {name: ukirt_J, datatype: float64}
# - {name: ukirt_K, datatype: float64}
# - {name: Clear, datatype: float64}
# meta: !!omap
# - comment: [kappa = 3.0, type = rprocess, mass = 0.0012301715156502338, velocity = 0.32766666666666666, theta_obs = 0.0, tfloor = 1000.0]
# schema: astropy-2.0
time PS1_g PS1_i PS1_r PS1_w PS1_y PS1_z swift_uvot_B swift_uvot_U swift_uvot_uvm2 swift_uvot_uvw1 swift_uvot_uvw2 swift_uvot_V johnson_B johnson_I johnson_R johnson_U johnson_V sdss_g sdss_i sdss_r sdss_u sdss_z ATLAS_c ATLAS_o ukirt_H ukirt_J ukirt_K Clear
[from data line 236]
14.248496993987976 14.900967158987317 6.01913834578804 9.49420912382589 7.526285312321903 2.495948297262789 3.9136242621099093 18.440873735551804 25.099817833446725 38.988413137475895 21.06540036552128 23.578416872000933 12.86048385185812 17.236936418585614 4.465625039366089 7.435657806091089 24.068816654194976 11.905461516689366 15.713507260301771 6.100394297901044 9.722697783322314 25.60092336362155 3.3401966500879254 11.473285693568531 7.020873168958737 -2.4530390806527063 -0.30354978516301634 -3.8133277611258776 5.240391268560565
14.308617234468937 14.92010675072926 6.0382779375299656 9.513348715567815 7.545424904063829 2.5150878890047146 3.932763853851835 18.46001332729373 25.11895742518865 39.00755272921782 21.084539957263207 23.59755646374286 12.879623443600046 17.25607601032754 4.484764631108015 7.454797397833015 24.08795624593691 11.924601108431292 15.732646852043697 6.11953388964297 9.74183737506424 25.620062955363476 3.359336241829851 11.492425285310457 7.04001276070068 -2.4338994889107806 -0.28441019342109064 -3.794188169383952 5.25953086030249
14.3687374749499 14.939180646760448 6.057351833561171 9.532422611599003 7.564498800095034 2.534161785035902 3.9518377498830404 18.479087223324935 25.13803132121985 39.02662662524903 21.103613853294405 23.616630359774057 12.898697339631234 17.275149906358745 4.50383852713922 7.47387129386422 24.107030141968103 11.943675004462479 15.751720748074902 6.138607785674157 9.760911271095445 25.639136851394674 3.3784101378610387 11.511499181341662 7.059086656731868 -2.414825592879593 -0.26533629738990305 -3.7751142733527643 5.278604756333678
14.428857715430862 14.958189249029221 6.076360435829944 9.551431213867776 7.583507402363789 2.553170387304675 3.9708463521518134 18.49809582559371 25.157039923488618 39.04563522751779 21.122622455563178 23.635638962042822 12.917705941900007 17.29415850862752 4.522847129407993 7.492879896132975 24.12603874423687 11.962683606731252 15.770729350343657 6.15761638794293 9.779919873364218 25.658145453663444 3.3974187401298117 11.530507783610418 7.078095259000641 -2.39581699061082 -0.24632769512113006 -3.7561056710839913 5.297613358602451
14.488977955911823 14.97713294018899 6.095304126989696 9.570374905027546 7.602451093523559 2.5721140784644447 3.989790043311565 18.51703951675346 25.17598361464838 39.06457891867756 21.14156614672294 23.654582653202592 12.936649633059776 17.31310219978727 4.541790820567745 7.511823587292745 24.14498243539664 11.981627297891022 15.789673041503427 6.1765600791027 9.798863564523987 25.677089144823206 3.4163624312895813 11.549451474770187 7.09703895016041 -2.3768732994510504 -0.2273840039613605 -3.7371619799242217 5.3165570497622205
14.549098196392785 14.996012110677253 6.114183297477975 9.589254075515825 7.6213302640118386 2.5909932489527243 4.008669213799845 18.53591868724174 25.19486278513666 39.08345808916583 21.16044531721121 23.67346182369086 12.955528803548038 17.33198137027555 4.560669991056025 7.530702757781024 24.16386160588491 12.000506468379301 15.808552211991707 6.195439249590962 9.81774273501225 25.695968315311486 3.435241601777843 11.568330645258467 7.115918120648672 -2.357994128962771 -0.2085048334730809 -3.71828280943596 5.335436220250482
14.609218436873746 15.014827147585628 6.13299833438635 9.6080691124242 7.640145300920214 2.6098082858610816 4.02748425070822 18.554733724150115 25.213677822045028 39.10227312607421 21.179260354119585 23.692276860599236 12.974343840456413 17.350796407183925 4.5794850279644 7.549517794689399 24.182676642793282 12.019321505287676 15.827367248900082 6.214254286499337 9.836557771920624 25.714783352219854 3.454056638686218 11.587145682166842 7.134733157557047 -2.339179092054396 -0.18968979656472362 -3.699467772527585 5.354251257158857
14.669338677354709 15.033578430954826 6.151749617755549 9.62682039579338 7.658896584289412 2.62855956923028 4.046235534077418 18.573485007519313 25.232429105414226 39.1210244094434 21.198011637488783 23.711028143968434 12.993095123825611 17.369547690553123 4.598236311333598 7.568269078058598 24.20142792616248 12.038072788656857 15.84611853226928 6.233005569868535 9.855309055289823 25.733534635589052 3.4728079220554164 11.60589696553604 7.1534844409262455 -2.3204278086852153 -0.17093851319552533 -3.6807164891583866 5.373002540528056
14.729458917835672 15.05226633995365 6.170437526754373 9.645508304792205 7.6775844932882364 2.6472474782291044 4.064923443076243 18.592172916518138 25.251117014413047 39.13971231844222 21.216699546487607 23.72971605296726 13.011783032824436 17.388235599551948 4.616924220332423 7.586956987057422 24.220115835161298 12.056760697655681 15.864806441268087 6.2516934788673595 9.873996964288647 25.752222544587873 3.491495831054241 11.624584874534847 7.17217234992507 -2.3017398996863907 -0.15225060419670078 -3.662028580159562 5.39169044952688
14.789579158316633 15.070891256321346 6.189062443122069 9.6641332211599 7.696209409655914 2.6658723945968 4.083548359443938 18.610797832885833 25.269741930780746 39.15833723480991 21.235324462855303 23.748340969334954 13.030407949192131 17.406860515919643 4.635549136700118 7.605581903425118 24.238740751528994 12.075385614023377 15.883431357635782 6.270318395235055 9.892621880656343 25.770847460955572 3.5101207474219365 11.643209790902542 7.1907972662927655 -2.2831149833186952 -0.1336256878290053 -3.6434036637918665 5.410315365894576
14.849699398797595 15.089453548574205 6.20762473537491 9.68269551341276 7.714771701908774 2.6844346868496594 4.10211065169678 18.629360125138692 25.288304223033595 39.17689952706278 21.25388675510815 23.766903261587803 13.04897024144499 17.425422808172485 4.6541114289529775 7.624144195677959 24.257303043781853 12.093947906276236 15.901993649888642 6.288880687487914 9.911184172909202 25.78940975320842 3.528683039674796 11.661772083155402 7.209359558545625 -2.264552691065836 -0.11506339557614587 -3.624841371539007 5.428877658147435
14.909819639278556 15.107953591464192 6.226124778264914 9.701195556302746 7.7332717447987775 2.7029347297396455 4.120610694586784 18.64786016802868 25.30680426592359 39.19539956995276 21.27238679799815 23.7854033044778 13.067470284334977 17.44392285106249 4.672611471842964 7.642644238567963 24.27580308667185 12.112447949166222 15.920493692778646 6.307380730377901 9.929684215799188 25.807909796098414 3.547183082564782 11.680272126045406 7.227859601435611 -2.2460526481758496 -0.09656335268615968 -3.606341328649021 5.447377701037421
14.969939879759519 15.126396839422522 6.244568026223245 9.719638804261077 7.7517149927570905 2.7213779776979763 4.1390539425451145 18.66630341598701 25.32524751388192 39.21384281791109 21.29083004595648 23.80384655243613 13.085913532293308 17.46236609902082 4.691054719801294 7.661087486526294 24.29424633463017 12.130891197124553 15.938936940736959 6.325823978336231 9.948127463757519 25.826353044056745 3.565626330523113 11.698715374003719 7.246302849393942 -2.227609400217519 -0.07812010472782882 -3.58789808069069 5.465820948995752
15.03006012024048 15.144768530636394 6.262939717437117 9.73801049547495 7.77008668397098 2.7397496689118483 4.1574256337589865 18.68467510720088 25.34361920509579 39.232214509124965 21.30920173717035 23.822218243650003 13.10428522350718 17.48073779023469 4.7094264110151665 7.679459177740166 24.312618025844042 12.149262888338425 15.95730863195083 6.344195669550103 9.966499154971391 25.844724735270617 3.583998021736985 11.71708706521759 7.264674540607814 -2.209237709003647 -0.059748413513956766 -3.569526389476818 5.484192640209624
15.090180360721442 15.163083903642214 6.281255090442919 9.756325868480769 7.788402056976782 2.7580650419176678 4.175741006764788 18.7029904802067 25.361934578101604 39.250529882130785 21.327517110176164 23.840533616655815 13.122600596513 17.499053163240493 4.727741784020986 7.697774550745968 24.33093339884986 12.167578261344245 15.97562400495665 6.362511042555923 9.98481452797721 25.86304010827643 3.6023133947428043 11.73540243822341 7.282989913613633 -2.1909223359978274 -0.04143304050813734 -3.5512110164709987 5.502508013215444
15.150300601202405 15.181338611388693 6.2995097981894155 9.774580576227265 7.806656764723279 2.7763197496641645 4.193995714511285 18.72124518795318 25.3801892858481 39.26878458987727 21.345771817922657 23.8587883244023 13.140855304259496 17.51730787098699 4.745996491767465 7.716029258492465 24.34918810659635 12.185832969090741 15.993878712703147 6.380765750302402 10.00306923572369 25.881294816022926 3.6205681024892833 11.753657145969907 7.301244621360112 -2.1726676282513306 -0.023178332761640608 -3.5329563087245197 5.5207627209619226
15.210420841683366 15.199532893781722 6.317704080582445 9.792774858620277 7.82485104711629 2.794514032057176 4.212189996904314 18.73943947034621 25.398383568241123 39.28697887227029 21.36396610031567 23.87698260679532 13.159049586652507 17.53550215338 4.764190774160494 7.734223540885476 24.36738238898937 12.204027251483753 16.012072995096158 6.398960032695431 10.021263518116719 25.89948909841595 3.6387623848823125 11.771851428362918 7.3194389037531415 -2.154473345858319 -0.004984050368629145 -3.5147620263314905 5.538957003354952
15.270541082164328 15.21766710051443 6.335838287315152 9.810909065352984 7.8429852538489975 2.8126482387898832 4.230324203637021 18.757573677078916 25.416517774973826 39.305113079003 21.382100307048386 23.895116813528038 13.177183793385215 17.553636360112726 4.782324980893201 7.752357747618201 24.385516595722077 12.22216145821646 16.030207201828865 6.417094239428138 10.039397724849426 25.917623305148652 3.65689659161502 11.789985635095626 7.337573110485849 -2.136339139125612 0.013150156364078125 -3.496627819598783 5.557091210087659
15.33066132264529 15.235741584197058 6.353912770997763 9.828983549035613 7.861059737531626 2.8307227224725118 4.248398687319632 18.775648160761545 25.434592258656448 39.323187562685625 21.400174790731004 23.913191297210656 13.195258277067843 17.571710843795337 4.80039946457583 7.770432231300812 24.403591079404706 12.240235941899089 16.048281685511494 6.435168723110767 10.057472208532054 25.935697788831273 3.6749710752976483 11.808060118778254 7.355647594168477 -2.1182646554429834 0.031224640046706664 -3.4785533359161547 5.575165693770288
15.390781563126252 15.253756700241645 6.371927887042368 9.8469986650802 7.879074853576231 2.848737838517099 4.266413803364237 18.793663276806132 25.452607374701046 39.34120267873022 21.418189906775602 23.931206413255254 13.21327339311243 17.589725959839942 4.818414580620417 7.788447347345417 24.4216061954493 12.258251057943676 16.06629680155608 6.453183839155354 10.075487324576642 25.95371290487587 3.6929861913422357 11.82607523482286 7.373662710213065 -2.100249539398396 0.04923975609129405 -3.4605382198715673 5.593180809814875
15.450901803607215 15.271712795869146 6.389883982669868 9.8649547607077 7.897030949203732 2.8666939341445996 4.284369898991738 18.811619372433633 25.470563470328543 39.35915877435772 21.436146002403103 23.949162508882754 13.231229488739931 17.607682055467443 4.836370676247918 7.806403442972917 24.439562291076804 12.276207153571177 16.0842528971836 6.471139934782855 10.093443420204142 25.97166900050337 3.710942286969736 11.84403133045036 7.391618805840565 -2.0822934437708955 0.0671958517187945 -3.442582124244067 5.611136905442375
15.511022044088175 15.289610215592973 6.407781402393695 9.882852180431527 7.9149283689275585 2.8845913538684265 4.302267318715565 18.82951679215746 25.488460890052373 39.37705619408154 21.45404342212693 23.96705992860658 13.249126908463758 17.62557947519127 4.854268095971745 7.824300862696744 24.457459710800627 12.294104573295003 16.10215031690741 6.4890373545066815 10.11134083992797 25.9895664202272 3.728839706693563 11.861928750174187 7.409516225564392 -2.0643960240470687 0.08509327144262135 -3.42468470452024 5.629034325166202
15.571142284569138 15.307449305403651 6.425620492204374 9.900691270242223 7.932767458738237 2.9024304436791226 4.320106408526243 18.847355881968138 25.50629997986306 39.39489528389223 21.47188251193762 23.98489901841727 13.266965998274454 17.643418565001948 4.872107185782423 7.842139952507423 24.475298800611306 12.3119436631057 16.119989406718105 6.50687644431736 10.129179929738648 26.007405510037884 3.7466787965042414 11.879767839984865 7.42735531537507 -2.0465569342363725 0.1029323612533175 -3.4068456147095616 5.646873414976898
15.631262525050099 15.325230401768781 6.443401588569504 9.918472366607336 7.9505485551033495 2.920211540044235 4.337887504891373 18.86513697833327 25.52408107622818 39.41267638025735 21.489663608302738 24.002680114782383 13.284747094639567 17.66119966136708 4.889888282147553 7.859921048872535 24.49307989697643 12.329724759470812 16.137770503083217 6.52465754068249 10.146961026103778 26.025186606403004 3.7644598928693718 11.897548936349978 7.445136411740201 -2.02877583787126 0.12071345761843011 -3.3890645183444312 5.664654511342011
15.691382765531062 15.342953846766374 6.461125033567097 9.936195811604929 7.968272000100942 2.937934985041828 4.355610949888966 18.88286042333086 25.54180452122577 39.430399825254945 21.507387053300324 24.020403559779975 13.30247053963716 17.678923106364653 4.907611727145146 7.877644493870128 24.51080334197402 12.347448204468405 16.15549394808081 6.542380985680083 10.16468447110137 26.042910051400597 3.7821833378669645 11.91527238134757 7.4628598567377935 -2.011052392873667 0.13843690261602282 -3.3713410733468385 5.682377956339604
15.751503006012024 15.360619973512932 6.478791160313655 9.953861938351505 7.985938126847518 2.955601111788404 4.3732770766355245 18.90052655007742 25.55947064797234 39.448065952001514 21.5250531800469 24.03806968652655 13.320136666383736 17.69658923311123 4.925277853891704 7.895310620616704 24.528469468720587 12.365114331214981 16.173160074827386 6.560047112426659 10.182350597847929 26.060576178147166 3.7998494646135406 11.932938508094146 7.480525983484352 -1.9933862661270914 0.1561030293625989 -3.3536749466002624 5.70004408308618
15.811623246492985 15.378229118751818 6.496400305552541 9.971471083590373 8.003547272086386 2.9732102570272723 4.3908862218744105 18.918135695316305 25.57707979321122 39.465675097240386 21.542662325285765 24.055678831765416 13.337745811622604 17.714198378350098 4.94288699913059 7.912919765855572 24.546078613959466 12.38272347645385 16.190769220066255 6.577656257665527 10.199959743086815 26.078185323386045 3.817458609852409 11.950547653333015 7.498135128723238 -1.975777120888223 0.17371217460146715 -3.336065801361394 5.717653228325048
15.871743486973948 15.395781611914678 6.513952798715401 9.989023576753233 8.021099765249247 2.9907627501901324 4.408438715037271 18.935688188479165 25.59463228637408 39.48322759040325 21.560214818448635 24.073231324928287 13.355298304785464 17.731750871512975 4.9604394922934505 7.93047225901845 24.563631107122326 12.40027596961671 16.208321713229115 6.595208750828387 10.217512236249675 26.095737816548905 3.835011103015269 11.968100146495875 7.515687621886098 -1.958224627725363 0.19126466776432727 -3.318513308198534 5.735205721487908
15.931863727454909 15.413277782532404 6.531448969333109 10.006519747370959 8.038595935866972 3.008258920807858 4.4259348856549785 18.953184359096873 25.612128456991794 39.500723761020964 21.57771098906635 24.090727495546002 13.37279447540319 17.749247042130683 4.977935662911158 7.947968429636158 24.581127277740052 12.417772140234435 16.22581788384684 6.612704921446113 10.235008406867383 26.11323398716662 3.8525072736329946 11.9855963171136 7.533183792503824 -1.9407284571076373 0.20876083838205295 -3.3010171375808084 5.752701892105634
