web/models/mosfit_kne/mosfit_kn_3.0000/mosfit_kn_0.062996_0.4530_3.0000.dat
# %ECSV 1.0
# ---
# datatype:
# - {name: time, datatype: float64}
# - {name: PS1_g, datatype: float64}
# - {name: PS1_i, datatype: float64}
# - {name: PS1_r, datatype: float64}
# - {name: PS1_w, datatype: float64}
# - {name: PS1_y, datatype: float64}
# - {name: PS1_z, datatype: float64}
# - {name: swift_uvot_B, datatype: float64}
# - {name: swift_uvot_U, datatype: float64}
# - {name: swift_uvot_uvm2, datatype: float64}
# - {name: swift_uvot_uvw1, datatype: float64}
# - {name: swift_uvot_uvw2, datatype: float64}
# - {name: swift_uvot_V, datatype: float64}
# - {name: johnson_B, datatype: float64}
# - {name: johnson_I, datatype: float64}
# - {name: johnson_R, datatype: float64}
# - {name: johnson_U, datatype: float64}
# - {name: johnson_V, datatype: float64}
# - {name: sdss_g, datatype: float64}
# - {name: sdss_i, datatype: float64}
# - {name: sdss_r, datatype: float64}
# - {name: sdss_u, datatype: float64}
# - {name: sdss_z, datatype: float64}
# - {name: ATLAS_c, datatype: float64}
# - {name: ATLAS_o, datatype: float64}
# - {name: ukirt_H, datatype: float64}
# - {name: ukirt_J, datatype: float64}
# - {name: ukirt_K, datatype: float64}
# - {name: Clear, datatype: float64}
# meta: !!omap
# - comment: [kappa = 3.0, type = rprocess, mass = 0.06299605249512866, velocity = 0.45299999999999996, theta_obs = 0.0, tfloor = 1000.0]
# schema: astropy-2.0
time PS1_g PS1_i PS1_r PS1_w PS1_y PS1_z swift_uvot_B swift_uvot_U swift_uvot_uvm2 swift_uvot_uvw1 swift_uvot_uvw2 swift_uvot_V johnson_B johnson_I johnson_R johnson_U johnson_V sdss_g sdss_i sdss_r sdss_u sdss_z ATLAS_c ATLAS_o ukirt_H ukirt_J ukirt_K Clear
[from data line 348]
20.98196392785571 8.299041907645446 -0.5827869055538315 2.8922838724840005 0.9243600609800318 -4.1059769540791 -2.688300989231962 11.838948484209933 18.497892582104853 32.38648788613401 14.463475114179403 16.976491620659054 6.25855860051623 10.635011167243743 -2.136300211975782 0.8337325547492178 17.466891402853093 5.303536265347478 9.111582008959882 -0.5015309534408452 3.1207725319804425 18.99899811227968 -3.2617286012539637 4.871360442226642 0.41894791761686534 -9.054964331994595 -6.905475036504905 -10.415253012467767 -1.3615339827813244
21.04208416833667 8.306758475774725 -0.5750703374245525 2.9000004406132973 0.9320766291093108 -4.098260385949821 -2.680584421102683 11.846665052339212 18.505609150234132 32.3942044542633 14.471191682308682 16.984208188788333 6.266275168645509 10.642727735373022 -2.128583643846503 0.8414491228784968 17.474607970982373 5.311252833476774 9.119298577089179 -0.4938143853115662 3.1284891001097215 19.006714680408958 -3.2540120331246847 4.879077010355939 0.42666448574614435 -9.047247763865299 -6.897758468375608 -10.407536444338488 -1.3538174146520454
21.102204408817634 8.314457407935638 -0.5673714052636392 2.9076993727742106 0.9397755612702241 -4.090561453788908 -2.6728854889417697 11.854363984500125 18.513308082395046 32.401903386424216 14.478890614469595 16.991907120949246 6.273974100806423 10.650426667533935 -2.12088471168559 0.8491480550394102 17.482306903143286 5.318951765637688 9.126997509250092 -0.48611545315065285 3.136188032270635 19.01441361256987 -3.2463131009637713 4.886775942516852 0.4343634179070577 -9.039548831704385 -6.890059536214695 -10.399837512177575 -1.346118482491132
21.162324649298597 8.322138889177513 -0.5596899240217823 2.9153808540160675 0.947457042512081 -4.082879972547033 -2.665204007699913 11.862045465742 18.520989563636903 32.409584867666084 14.48657209571147 16.99958860219112 6.281655582048297 10.658108148775792 -2.113203230443715 0.856829536281267 17.48998838438516 5.3266332468795445 9.134678990491949 -0.47843397190877823 3.1438695135125094 19.02209509381173 -3.2386316197218967 4.894457423758709 0.4420448991489323 -9.031867350462528 -6.882378054972838 -10.3921560309357 -1.3384370012492575
21.22244488977956 8.329803596882552 -0.5520252163167427 2.923045561721107 0.9551217502171205 -4.075215264841994 -2.6575392999948733 11.869710173447022 18.528654271341942 32.417249575371116 14.494236803416491 17.007253309896143 6.289320289753337 10.665772856480832 -2.1055385227386934 0.8644942439863066 17.4976530920902 5.334297954584584 9.142343698196989 -0.47076926420373866 3.1515342212175312 19.029759801516768 -3.230966912016857 4.902122131463749 0.4497096068539719 -9.024202642757489 -6.874713347267798 -10.38449132323066 -1.3307722935442179
21.28256513026052 8.33745066054588 -0.5443781526533975 2.9306926253844523 0.9627688138804658 -4.0675682011786485 -2.649892236331528 11.877357237110367 18.536301335005287 32.42489663903446 14.501883867079837 17.014900373559488 6.296967353416682 10.673419920144177 -2.097891459075348 0.8721413076496518 17.505300155753545 5.341945018247929 9.149990761860334 -0.4631222005404112 3.1591812848808765 19.037406865180113 -3.2233198483535297 4.909769195127094 0.45735667051729934 -9.016555579094144 -6.867066283604453 -10.376844259567333 -1.3231252298808727
21.34268537074148 8.345080772311384 -0.5367480408879111 2.9383227371499387 0.9703989256459522 -4.059938089413162 -2.6422621245660416 11.884987348875853 18.543931446770774 32.43252675079996 14.50951397884534 17.022530485324992 6.304597465182169 10.681050031909663 -2.0902613473098617 0.8797714194151383 17.51293026751903 5.349575130013416 9.15762087362582 -0.455492088774907 3.1668113966463807 19.0450369769456 -3.2156897365880255 4.91739930689258 0.46498678228280355 -9.008925467328657 -6.859436171838967 -10.369214147801829 -1.3154951181153862
21.402805611222444 8.35269409307541 -0.5291347201238672 2.9459360579139826 0.9780122464099961 -4.052324768649136 -2.6346488038019977 11.892600669639897 18.551544767534818 32.44014007156399 14.517127299609367 17.03014380608902 6.312210785946195 10.688663352673707 -2.082648026545818 0.8873847401791821 17.520543588283076 5.35718845077746 9.165234194389864 -0.4478787680108809 3.1744247174104068 19.052650297709643 -3.2080764158239994 4.925012627656624 0.47260010304682964 -9.001312146564613 -6.851822851074923 -10.361600827037803 -1.3078817973513601
21.462925851703407 8.360290834151343 -0.5215379790479524 2.9535327989898974 0.9856089874859109 -4.044728027573203 -2.627052062726083 11.900197410715812 18.559141508610733 32.4477368126399 14.524724040685282 17.037740547164933 6.319807527022127 10.696260093749622 -2.075051285469903 0.8949814812550969 17.52814032935899 5.364785191853374 9.172830935465779 -0.44028202693494833 3.1820214584863216 19.06024703878556 -3.200479674748067 4.932609368732539 0.48019684412274444 -8.993715405488699 -6.844226109999008 -10.35400408596187 -1.3002850562754276
21.52304609218437 8.367871173356036 -0.5139576398432588 2.961113138194591 0.9931893266906044 -4.03714768836851 -2.6194717235213894 11.907777749920523 18.566721847815426 32.4553171518446 14.532304379889993 17.045320886369645 6.327387866226821 10.703840432954316 -2.0674709462651917 0.9025618204597905 17.535720668563684 5.372365531058068 9.180411274670472 -0.43270168773025475 3.189601797691033 19.067827377990252 -3.1928993355433732 4.9401897079372326 0.4877771833274558 -8.986135066284005 -6.8366457707943145 -10.346423746757177 -1.292704717070734
21.58316633266533 8.375435270108884 -0.5063935430903932 2.9686772349474566 1.00075342344347 -4.029583591615644 -2.6119076267685237 11.915341846673371 18.57428594456829 32.46288124859746 14.539868476642841 17.052884983122492 6.334951962979686 10.711404529707181 -2.059906849512344 0.9101259172126561 17.54328476531655 5.379929627810934 9.187975371423338 -0.4251375909773891 3.1971658944438808 19.075391474743117 -3.1853352387905076 4.947753804690098 0.49534128008030365 -8.97857096953114 -6.829081674041449 -10.338859650004311 -1.2851406203178684
21.64328657314629 8.38298330857901 -0.49884550462026667 2.976225273417583 1.0083014619135966 -4.022035553145518 -2.604359588298397 11.922889885143498 18.58183398303842 32.47042928706759 14.547416515112968 17.06043302159262 6.342500001449813 10.718952568177308 -2.0523588110422173 0.9176739556827826 17.550832803786676 5.38747766628106 9.195523409893465 -0.4175895525072626 3.2047139329140073 19.082939513213244 -3.177787200320381 4.955301843160225 0.5028893185504302 -8.971022931061013 -6.821533635571322 -10.331311611534185 -1.2775925818477418
21.703406813627254 8.390515419835012 -0.4913133933642655 2.9837573846735665 1.0158335731695978 -4.014503441889534 -2.596827477042396 11.930421996399499 18.58936609429442 32.47796139832358 14.554948626368969 17.06796513284862 6.350032112705796 10.726484679433309 -2.044826699786216 0.9252060669387838 17.55836491504266 5.395009777537044 9.203055521149448 -0.4100574412512792 3.2122460441700085 19.090471624469227 -3.1702550890643977 4.962833954416208 0.5104214298064313 -8.96349081980503 -6.814001524315339 -10.323779500278201 -1.2700604705917584
21.763527054108216 8.398031726527062 -0.4837970866722152 2.9912736913656346 1.023349879861648 -4.006987135197484 -2.5893111703503457 11.93793830309155 18.59688240098647 32.48547770501564 14.562464933061019 17.07548143954067 6.357548419397847 10.73400098612536 -2.037310393094166 0.9327223736308341 17.565881221734728 5.402526084229112 9.210571827841516 -0.4025411345592289 3.2197623508620588 19.097987931161295 -3.1627387823723474 4.970350261108276 0.5179377364984816 -8.955974513112961 -6.806485217623271 -10.31626319358615 -1.2625441638997081
21.82364729458918 8.405532434213736 -0.4762963789855412 2.9987743990523086 1.030850587548322 -3.999486427510792 -2.5818104626636718 11.945439010778223 18.604383108673144 32.492978412702314 14.569965640747693 17.082982147227344 6.365049127084538 10.741501693812033 -2.029809685407492 0.9402230813175081 17.5733819294214 5.410026791915786 9.21807253552819 -0.3950404268725549 3.2272630585487327 19.10548863884797 -3.1552380746856734 4.97785096879495 0.5254384441851556 -8.948473805426287 -6.798984509936597 -10.308762485899477 -1.2550434562130164
21.883767535070138 8.413017703432093 -0.4688111097671843 3.0062596682706655 1.038335856766679 -3.992001158292453 -2.574325193445315 11.95292427999658 18.6118683778915 32.50046368192067 14.57745090996605 17.0904674164457 6.3725343963028775 10.74898696303039 -2.022324416189135 0.947708350535865 17.58086719863974 5.4175120611341425 9.225557804746547 -0.387555157654198 3.2347483277670896 19.112973908066326 -3.1477528054673165 4.985336238013307 0.5329237134035125 -8.94098853620793 -6.79149924071824 -10.30127721668112 -1.2475581869946772
21.9438877755511 8.420487684942799 -0.46134112825647833 3.0137296497813715 1.045805838277385 -3.9845311767817293 -2.566855211934609 11.960394261507286 18.619338359402207 32.50793366343138 14.584920891476756 17.097937397956407 6.380004377813601 10.756456944541096 -2.014854434678429 0.955178332046571 17.588337180150464 5.4249820426448485 9.233027786257253 -0.38008517614347426 3.2422183092777956 19.120443889577032 -3.1402828239565928 4.992806219524013 0.5403936949142185 -8.933518554697224 -6.784029259207534 -10.293807235170396 -1.2400882054839535
22.004008016032063 8.427942552643568 -0.45388626055570924 3.021184517482123 1.0532607059781363 -3.977076309080978 -2.5594003442338398 11.967849129208055 18.626793227102958 32.51538853113214 14.592375759177525 17.105392265657176 6.387459245514353 10.763911812241865 -2.00739956697766 0.9626331997473401 17.595792047851216 5.4324369103456 9.240482653958004 -0.37263030844272294 3.2496731769785647 19.127898757277784 -3.1328279562558414 5.000261087224764 0.5478485626149876 -8.926063686996473 -6.776574391506783 -10.286352367469645 -1.2326333377832022
22.064128256513026 8.435382450681317 -0.4464463625179782 3.0286244155198716 1.060700604015885 -3.969636411043229 -2.5519604461961087 11.975289027245786 18.634233125140707 32.52282842916988 14.599815657215256 17.112832163694907 6.394899143552101 10.771351710279596 -1.9999596689399288 0.9700730977850711 17.603231945888965 5.439876808383349 9.247922551995753 -0.36519041040497413 3.2571130750162958 19.135338655315532 -3.1253880582180926 5.007700985262513 0.5552884606527364 -8.918623788958724 -6.769134493469034 -10.278912469431896 -1.2251934397454534
22.12424849699399 8.442807494504514 -0.43902131869476335 3.0360494593430865 1.0681256478391 -3.9622113672200143 -2.544535402372894 11.982714071069001 18.64165816896392 32.530253472993095 14.60724070103847 17.120257207518122 6.402324187375316 10.778776754102811 -1.992534625116714 0.977498141608286 17.61065698971218 5.4473018522065635 9.255347595818968 -0.3577653665817593 3.2645381188395106 19.142763699138747 -3.1179630143948778 5.015126029085728 0.5627135044759335 -8.91119874513551 -6.761709449645819 -10.271487425608681 -1.2177683959222385
22.184368737474948 8.450217818227443 -0.43161099497183386 3.043459783066016 1.0755359715620294 -3.954801043497085 -2.5371250786499644 11.99012439479193 18.64906849268685 32.537663796716025 14.6146510247614 17.127667531241052 6.409734511098246 10.78618707782574 -1.9851243013937845 0.9849084653312155 17.61806731343511 5.454712175929493 9.262757919541897 -0.35035504285884755 3.27194844256244 19.150174022861677 -3.1105526906719483 5.0225363528086575 0.570123828198863 -8.90378842141258 -6.7542991259228895 -10.264077101885752 -1.210358072199309
22.24448897795591 8.45761361858587 -0.4242151946134243 3.0508555834244255 1.082931771920439 -3.9474052431386752 -2.529729278291555 11.99752019515034 18.65646429304526 32.54505959707444 14.622046825119828 17.13506333159946 6.417130311456655 10.79358287818415 -1.977728501035375 0.992304265689625 17.62546311379352 5.462107976287903 9.270153719900307 -0.3429592425004202 3.2793442429208675 19.157569823220086 -3.1031568903135387 5.029932153167067 0.5775196285572903 -8.89639262105417 -6.74690332556448 -10.256681301527342 -1.2029622718408994
22.304609218436873 8.46499503772991 -0.4168337754693674 3.0582370025684646 1.0903131910644959 -3.940023823994636 -2.522347859147498 12.004901614294397 18.663845712189318 32.55244101621849 14.629428244263867 17.14244475074352 6.4245117306006945 10.800964297328207 -1.970347081891318 0.9996856848336819 17.632844532937558 5.469489395431942 9.277535139044364 -0.3355778233563811 3.2867256620649066 19.164951242364143 -3.0957754711694996 5.037313572311124 0.5849010477013294 -8.889011201910131 -6.739521906420441 -10.249299882383303 -1.1955808526968603
22.364729458917836 8.472362215740077 -0.40946659745920044 3.0656041805786316 1.0976803690746628 -3.932656645984469 -2.514980681137331 12.012268792304564 18.671212890199484 32.559808194228644 14.636795422274034 17.149811928753685 6.431878908610861 10.808331475338374 -1.962979903881151 1.0070528628438489 17.640211710947725 5.476856573442109 9.284902317054513 -0.32821064534621414 3.2940928400750735 19.17231842037431 -3.0884082931593326 5.044680750321291 0.5922682257114964 -8.881644023899964 -6.732154728410274 -10.241932704373136 -1.1882136746866934
22.4248496993988 8.479715307764959 -0.40211350543431834 3.0729572726035137 1.105033461099545 -3.925303553959587 -2.507627589112449 12.019621884329446 18.678565982224367 32.56716128625354 14.644148514298916 17.157165020778567 6.4392320006357435 10.815684567363256 -1.955626811856269 1.014405954868731 17.647564802972607 5.484209665466991 9.292255409079413 -0.32085755332133203 3.3014459320999556 19.179671512399192 -3.0810552011344505 5.052033842346173 0.5996213177363785 -8.874290931875082 -6.724801636385392 -10.234579612348254 -1.1808605826618113
22.484969939879758 8.487054432130101 -0.3947743810691762 3.0802963969686736 1.112372585464687 -3.917964429594427 -2.5002884647473067 12.026961008694588 18.68590510658951 32.57450041061868 14.651487638664058 17.16450414514371 6.446571125000886 10.823023691728398 -1.9482876874911268 1.0217450792338731 17.654903927337767 5.491548789832151 9.299594533444555 -0.31351842895618987 3.308785056465098 19.187010636764334 -3.0737160767693084 5.059372966711315 0.6069604421015207 -8.866951807509922 -6.717462512020232 -10.227240487983112 -1.173521458296669
22.54509018036072 8.494379695580285 -0.3874491176190098 3.08762166041884 1.1196978489148535 -3.9106391661442608 -2.4929632012971403 12.034286272144755 18.693230370039675 32.581825674068845 14.658812902114224 17.171829408593876 6.45389638845107 10.830348955178565 -1.9409624240409604 1.0290703426840395 17.662229190787933 5.498874053282317 9.306919796894721 -0.3061931655060057 3.316110319915264 19.1943359002145 -3.066390813319124 5.066698230161482 0.6142857055517048 -8.859626544059756 -6.710137248570065 -10.219915224532928 -1.166196194846485
22.605210420841683 8.501691259945794 -0.3801375532534834 3.0949332247843486 1.127009413280362 -3.903327601778752 -2.4856516369316317 12.041597836510281 18.700541934405184 32.58913723843437 14.66612446647975 17.179140972959402 6.4612079528165784 10.837660519544073 -1.933650859675434 1.0363819070495481 17.66954075515344 5.506185617647826 9.31423136126023 -0.2988816011404971 3.3234218842807906 19.20164746458001 -3.0590792489536156 5.07400979452699 0.6215972699172134 -8.852314979694247 -6.702825684204557 -10.212603660167419 -1.1588846304809763
