web/models/mosfit_kne/mosfit_kn_3.0000/mosfit_kn_0.330399_0.0300_3.0000.dat
# %ECSV 1.0
# ---
# datatype:
# - {name: time, datatype: float64}
# - {name: PS1_g, datatype: float64}
# - {name: PS1_i, datatype: float64}
# - {name: PS1_r, datatype: float64}
# - {name: PS1_w, datatype: float64}
# - {name: PS1_y, datatype: float64}
# - {name: PS1_z, datatype: float64}
# - {name: swift_uvot_B, datatype: float64}
# - {name: swift_uvot_U, datatype: float64}
# - {name: swift_uvot_uvm2, datatype: float64}
# - {name: swift_uvot_uvw1, datatype: float64}
# - {name: swift_uvot_uvw2, datatype: float64}
# - {name: swift_uvot_V, datatype: float64}
# - {name: johnson_B, datatype: float64}
# - {name: johnson_I, datatype: float64}
# - {name: johnson_R, datatype: float64}
# - {name: johnson_U, datatype: float64}
# - {name: johnson_V, datatype: float64}
# - {name: sdss_g, datatype: float64}
# - {name: sdss_i, datatype: float64}
# - {name: sdss_r, datatype: float64}
# - {name: sdss_u, datatype: float64}
# - {name: sdss_z, datatype: float64}
# - {name: ATLAS_c, datatype: float64}
# - {name: ATLAS_o, datatype: float64}
# - {name: ukirt_H, datatype: float64}
# - {name: ukirt_J, datatype: float64}
# - {name: ukirt_K, datatype: float64}
# - {name: Clear, datatype: float64}
# meta: !!omap
# - comment: [kappa = 3.0, type = rprocess, mass = 0.33039895931513485, velocity = 0.030000000000000023, theta_obs = 0.0, tfloor = 1000.0]
# schema: astropy-2.0
time PS1_g PS1_i PS1_r PS1_w PS1_y PS1_z swift_uvot_B swift_uvot_U swift_uvot_uvm2 swift_uvot_uvw1 swift_uvot_uvw2 swift_uvot_V johnson_B johnson_I johnson_R johnson_U johnson_V sdss_g sdss_i sdss_r sdss_u sdss_z ATLAS_c ATLAS_o ukirt_H ukirt_J ukirt_K Clear
[from data line 113]
6.853707414829659 -11.06196504874081 -12.780663971938058 -12.173145894794555 -12.11227825659801 -13.22526095400999 -13.072231948908346 -10.30232804107148 -9.708724623901492 -5.561312713275995 -7.801330993182951 -5.864493906720071 -11.63553972255282 -10.389510707884217 -13.361415991607537 -12.55960487111886 -9.77848079447429 -11.705907351209175 -10.89457132800618 -12.774242342378805 -12.164316065809668 -8.91274713438932 -13.11874923699273 -11.554299999190949 -12.474602553490328 -13.401479794061364 -13.425267607782112 -13.230743179587224 -12.321901717149668
6.913827655310621 -11.04303583433845 -12.774649186961504 -12.16199547906454 -12.102339806005311 -13.224428284386676 -13.069368859538777 -10.278922878346368 -9.67496802033537 -5.50378021323976 -7.763301001568461 -5.824307478027574 -11.620095355662087 -10.366855715617568 -13.35690949741694 -12.550098475561803 -9.746444786628718 -11.6910528973243 -10.874503260429638 -12.768088544550924 -12.153014523256882 -8.879919931027747 -13.116473828723123 -11.53934996704546 -12.466161044815358 -13.407897995588394 -13.428396805863246 -13.239351215908107 -12.31445570616474
6.973947895791583 -11.023186285487387 -12.767970277321776 -12.150077806296427 -12.091677161177472 -13.223038035171513 -13.065905969631011 -10.25450505980012 -9.639992900897152 -5.444579452225294 -7.72408853758991 -5.782971487359777 -11.603794613168816 -10.343207113790708 -13.351770227446924 -12.539861712915343 -9.713222859581958 -11.675356714693963 -10.853492059812666 -12.761267778969483 -12.140941650850188 -8.845889271628007 -13.113611555341329 -11.523566487684853 -12.457011906930244 -13.41391219415616 -13.431052138217206 -13.24760212597022 -12.306343000924436
7.034068136272545 -11.0008337990004 -12.75958465718217 -12.136135354187836 -12.079086500506637 -13.220264896923037 -13.060932760488573 -10.227304245631423 -9.60159595504896 -5.380516453622451 -7.681331525522381 -5.738044905870034 -11.58519977932648 -10.316826624667485 -13.345018893188147 -12.527706515603214 -9.676683412052888 -11.657406243456625 -10.829907466913049 -12.752731633808807 -12.126833430632509 -8.808490168915775 -13.109276681174986 -11.505534637113257 -12.446011852224608 -13.419001838991258 -13.432574780097573 -13.255067487774033 -12.296465282468283
7.0941883767535066 -10.983103810837562 -12.754190999300032 -12.12583243320033 -12.069995366852897 -13.219831987954311 -13.058554809620837 -10.205288615112995 -9.56969072151308 -5.325962116728056 -7.645689587963105 -5.700556173846984 -11.570783900767456 -10.295539504862127 -13.341070067174538 -12.518986254047732 -9.646417397941402 -11.643562294297334 -10.811089016620343 -12.74720494452886 -12.116383078252255 -8.77746311890471 -13.107463749879997 -11.491628364640771 -12.438313379714057 -13.425522923935043 -13.435940947736691 -13.263690180860157 -12.289777916249136
7.154308617234468 -10.958549776248514 -12.744243123150909 -12.1100706282634 -12.055689813671258 -13.21576181620756 -13.052179527867516 -10.17565637119856 -9.52834852976153 -5.2578284232529375 -7.600061962487157 -5.6528249751026785 -11.550147875960015 -10.266774621131404 -13.332834482027486 -12.50510323857987 -9.607014316753173 -11.623606824221378 -10.785246009184881 -12.73709946466484 -12.100445483188622 -8.737156864162685 -13.101758911282833 -11.471610656858378 -12.425641965694467 -13.429697298701376 -13.436374666359077 -13.270356777668775 -12.278327521243728
7.214428857715431 -10.939189161178806 -12.737665644166007 -12.098403649524148 -12.045316375595174 -13.214332147955385 -13.048730516351359 -10.151847785964556 -9.494290873903548 -5.200345291528381 -7.56237733094391 -5.613372097087183 -11.534211038657364 -10.243729426848333 -13.327757013312375 -12.4950849478548 -9.574652231963203 -11.608268625282337 -10.764757086951189 -12.730383968845729 -12.088623558567662 -8.704002454196136 -13.098897965035405 -11.456228235651338 -12.416685651363188 -13.435492962917175 -13.438891893668659 -13.278337097871356 -12.270460953979168
7.274549098196393 -10.921230966073665 -12.73196003111341 -12.087818715931462 -12.035987909856214 -13.213563923146037 -13.046025069478215 -10.129623094268407 -9.462241877177231 -5.145862415726692 -7.526960233383129 -5.576322947395575 -11.519529961154397 -10.2222402082656 -13.323490405561397 -12.48608413255597 -9.544227116387624 -11.59416399585673 -10.745717226221974 -12.724545994324643 -12.077889149098926 -8.67281625197375 -13.096757316553536 -11.442090170151005 -12.408704125430106 -13.441658753710628 -13.441911243788079 -13.286599930996095 -12.263542354774408
7.3346693386773545 -10.899329148135024 -12.723601489983682 -12.074065672478955 -12.023642533322167 -13.210666537781286 -13.040984478179816 -10.103001775326003 -9.424760619754942 -5.083606058875019 -7.48587952032846 -5.5335087251095985 -11.50124529606429 -10.196436137432311 -13.316723876474363 -12.474086482146813 -9.508539313611017 -11.576519532924772 -10.722619584238178 -12.716041066335535 -12.063969789233226 -8.636285313648386 -13.092342318690271 -11.424418912628145 -12.39783470840667 -13.446435544984821 -13.443205518406172 -13.293698150233746 -12.253868688804523
7.394789579158316 -10.879696195917674 -12.716687818797787 -12.062084582274721 -12.01300140422683 -13.208885234388461 -13.03718854216509 -10.078933054627825 -9.390491961358833 -5.026090630522051 -7.448348470556709 -5.494415991412737 -11.485004484820209 -10.173139063392242 -13.31130671091713 -12.46375820224775 -9.475953582738079 -11.560882876428947 -10.701863357348174 -12.708989836634572 -12.051831454674247 -8.602905951195119 -13.089135155933782 -11.408766780625346 -12.388567510214603 -13.451870783147102 -13.445365707277437 -13.301316904117629 -12.245744325055643
7.454909819639278 -10.861395286605369 -12.710602180170572 -12.051131307174732 -12.003351280544532 -13.207731741624276 -13.034098593749679 -10.05636904056874 -9.358131487947698 -4.971423639496051 -7.412962556044516 -5.457589849271688 -11.46995680973393 -10.151319885935756 -13.306659508681122 -12.454396097906894 -9.445208074272486 -11.546418068821962 -10.682483494725066 -12.702772019750928 -12.040726211321306 -8.57139662329601 -13.086611782778022 -11.39429591852183 -12.380225792165511 -13.457656304269834 -13.448001939140555 -13.309202449752354 -12.238518145581345
7.51503006012024 -10.837350643828465 -12.700677924067616 -12.035579019719727 -11.989325185288724 -13.203512681732352 -13.027639055169704 -10.02739262167043 -9.317829843142604 -4.9053597652614505 -7.369295088253356 -5.412329112018316 -11.449667313344484 -10.123209080162908 -13.298399527941218 -12.440687858548493 -9.406771723123601 -11.526805590359393 -10.65719139115572 -12.692694885182547 -12.024997088344271 -8.532075328056052 -13.080808566438868 -11.374687161740304 -12.36769871742954 -13.461468745296708 -13.448169030528819 -13.315446138544951 -12.227302436202603
7.575150300601202 -10.819335153269343 -12.694681655818503 -12.024791163376811 -11.979853073922335 -13.202375866608236 -13.024593462745138 -10.00517602203714 -9.285972467764871 -4.851593283351561 -7.334683804358075 -5.376421156370576 -11.434843582147415 -10.101733191804495 -13.29382114622516 -12.431473641275385 -9.376500785087078 -11.512560881695178 -10.63811386971567 -12.686568415758668 -12.014057724898901 -8.501049440408064 -13.078322801563136 -11.360454650651999 -12.35949127623087 -13.467176962807075 -13.450770216905761 -13.323226948936105 -12.220229582518556
7.635270541082164 -10.79553583856601 -12.684821254159484 -12.009372697596081 -11.96597959746196 -13.198154735695269 -13.018156751299959 -9.976500923290523 -9.246115845578675 -4.786350811821179 -7.291761311295204 -5.332062271447352 -11.414740517433614 -10.073921617395797 -13.285606541370012 -12.417884760788375 -9.33848250611491 -11.493132490578917 -10.613082670788092 -12.676556935711254 -11.998462418508797 -8.462153687627616 -13.072536678153384 -11.341050771174626 -12.347071541552985 -13.470904071141517 -13.450889308355512 -13.329361275930614 -12.209146674278468
7.695390781563126 -10.777476251067917 -12.678699954633093 -11.998490082141569 -11.956436456512218 -13.19686643061905 -13.01496921824624 -9.95426222401009 -9.214299655627336 -4.732811571562368 -7.257428444715757 -5.296555771176269 -11.399842157730646 -10.052426360288042 -13.280896052759037 -12.40857307522906 -9.308239554492499 -11.47881468216008 -10.593967814077931 -12.670306172629022 -11.987427374742303 -8.431157543479824 -13.069907504574019 -11.32676277970221 -12.338762526418598 -13.476431662645092 -13.453322701147757 -13.336953649481503 -12.202000469221801
7.755511022044088 -10.758039684357623 -12.671623266274334 -11.98648298360741 -11.945831849036423 -13.194796421302701 -13.01093131952376 -9.93049591475802 -9.180616801219461 -4.676657189515814 -7.221246106666577 -5.259212454380457 -11.383674085230748 -10.029433506333753 -13.275281190829766 -12.39819622191365 -9.27618428980691 -11.463250304501285 -10.573438522064418 -12.66309538217449 -11.975261522553033 -8.398320873110396 -13.06644880044784 -11.311237822964983 -12.329425035056527 -13.481426440067812 -13.455110099661683 -13.344089103966821 -12.193884116908063
7.8156312625250495 -10.734793053612908 -12.661986032168322 -11.971415791525875 -11.932327345956075 -13.190675537104628 -13.004641738439506 -9.902478242958274 -9.141679061748142 -4.612998090526424 -7.179680950170866 -5.216431546174739 -11.36402124717905 -10.002271916073976 -13.267254966640245 -12.384928611315129 -9.239037272969377 -11.444265306719979 -10.548988472738241 -12.65331041120815 -11.960018418340788 -8.360311553999402 -13.060798282227122 -11.292306263269936 -12.317303358994831 -13.48509416761077 -13.455241608092104 -13.35011742259823 -12.183127240678857
7.875751503006012 -10.716337677251548 -12.655464934713212 -11.960132137417752 -11.922429850864624 -13.188994826647935 -13.00105766572214 -9.879835982488594 -9.109459934585491 -4.559119323933277 -7.1452653312666214 -5.18100288477719 -11.348712907630489 -9.980384199314333 -13.262147791539267 -12.3752269490456 -9.208387252378422 -11.429545298170092 -10.529477606743143 -12.646659694658577 -11.948579547308178 -8.328903728381452 -13.057775747187765 -11.277641741400402 -12.308607866227685 -13.490251670804819 -13.4572941991218 -13.35734798146287 -12.175645899877097
7.935871743486974 -10.692422908184707 -12.645295712246707 -11.94447645924253 -11.908388938865482 -13.184404090876374 -12.994272850414355 -9.8510953131128 -9.069687842596519 -4.494422140619732 -7.1030877879556975 -5.137718889281334 -11.328417706059543 -9.952517039970083 -13.253608472435367 -12.361397901478217 -9.170421028029782 -11.409930842166938 -10.504346930520168 -12.636341104503135 -11.93274398659165 -8.290062788145267 -13.051639007512907 -11.258101149047981 -12.29593916813192 -13.493546526810805 -13.45700834856929 -13.363034013482887 -12.164395591464192
7.995991983967936 -10.67532908437455 -12.639584124904015 -11.934220847590549 -11.899485170465098 -13.183314662544792 -12.991365090021976 -9.830002428429758 -9.03945930542557 -4.4435716249890005 -7.070968081018965 -5.104731011007523 -11.314317008972516 -9.932151093226679 -13.249247677194653 -12.352658548055679 -9.141686759508875 -11.396396383787282 -10.486246070493923 -12.630505769399623 -11.922338521935814 -8.260602657540783 -13.049268961471299 -11.244635896671973 -12.288161846831045 -13.498994606126365 -13.459487675847067 -13.370464974390844 -12.157808884738
8.056112224448897 -10.654554074772378 -12.631399093615272 -11.92100872764783 -11.887783788450772 -13.180245169669877 -12.986282764980395 -9.80480098002434 -9.004151874922304 -4.3854726958881 -7.033674968547139 -5.066527399822668 -11.296848384782507 -9.907757537439984 -13.242557948152236 -12.34112746931655 -9.10803098811088 -11.379556761365633 -10.46435697645176 -12.62218379568294 -11.908959700520825 -8.226142380945856 -13.044782529379226 -11.227881282917878 -12.277696119530557 -13.50316440845116 -13.46036983934283 -13.376831037577029 -12.148676995867529
8.11623246492986 -10.634120484385754 -12.623396309716739 -11.908041484068814 -11.876324042270081 -13.177296254290791 -12.98134486377295 -9.779993776598356 -8.969365435292111 -4.328202083831523 -6.997037223504474 -5.029041079552957 -11.27967492184463 -9.883751958860024 -13.236032774969495 -12.329824036940781 -9.074874137363366 -11.36300711571513 -10.442823186254522 -12.61404573520446 -11.895826886020924 -8.192189522860307 -13.040434144784214 -11.211424262229155 -12.267445838104916 -13.507371594540752 -13.461326963634475 -13.383209786326907 -12.139761005807124
8.176352705410821 -10.612976927660789 -12.614882259897122 -11.894482686370011 -11.864312906960546 -13.173919894866373 -12.975946103942935 -9.754403509016598 -8.933635353518259 -4.269647929715144 -6.959537292534712 -4.990729362174008 -11.261839081126023 -9.858980154184994 -13.22902118539367 -12.31795974727514 -9.040798493089028 -11.345807885588995 -10.420561639079331 -12.60539418043825 -11.882098876502045 -8.157303444688733 -13.035635502509031 -11.194327953307504 -12.256652813919295 -13.51127417411593 -13.46192348392014 -13.389321759275033 -12.130341127188515
8.236472945891784 -10.591130206947934 -12.60586190221856 -11.88033799518692 -11.851756505520807 -13.170120423263239 -12.970091044131173 -9.728037482303879 -8.896970339011379 -4.209823182336819 -6.921189236164551 -4.951607831240622 -11.243346979760435 -9.833449508636964 -13.221527972332822 -12.305540215890424 -9.005812476700072 -11.327965234356617 -10.397579290359893 -12.596234107015949 -11.867781310100707 -8.121492605551541 -13.030391129393983 -11.17659889251522 -12.245322555936475 -13.514875788459227 -13.4621633442255 -13.395170419345257 -12.120423400297327
8.296593186372744 -10.571502369031993 -12.598265293141342 -11.867933857260216 -11.84085724720104 -13.167423881039202 -12.965464826776376 -9.704167495724374 -8.863438768372873 -4.154585996567646 -6.886183576941889 -4.915922443559072 -11.226861548929207 -9.810366935592313 -13.215364992396143 -12.294758181933656 -8.973854704834238 -11.312091669468066 -10.376886030397312 -12.5885063822016 -11.85521407408002 -8.088759534518637 -13.026338853989223 -11.160840152815759 -12.235563459132752 -13.519129457245691 -13.463259858686738 -13.40153477579724 -12.112005651224909
8.356713426853707 -10.551640347017965 -12.59047332992619 -11.855318017520116 -11.829765721784273 -13.164550539735842 -12.960654113663548 -9.680046715419401 -8.829624175863149 -4.09901361694818 -6.850991732553258 -4.880092377856599 -11.210147950200088 -9.78703983323975 -13.209012405803186 -12.283773472854175 -8.941617915208344 -11.295994519860402 -10.355954958578586 -12.580582821011141 -11.842433695627879 -8.055743378485332 -13.022105017909613 -11.144866223843888 -12.225606136911367 -13.523236451829275 -13.464195820738263 -13.407762127909882 -12.103409856535059
8.41683366733467 -10.531950180001228 -12.582754703819372 -11.842814073629295 -11.81878801299197 -13.161713083800102 -12.955893652747985 -9.656129667292578 -8.796091382360842 -4.043918308413075 -6.816193270248352 -4.844703325844723 -11.193576436557812 -9.76391367607594 -13.202722513193727 -12.272891104083723 -8.909648991111371 -11.280037009186666 -10.3352042800004 -12.57273361312432 -11.829765651410362 -8.022999900973264 -13.017917796738612 -11.129038842792376 -12.215743896178477 -13.527329945265441 -13.465140524589374 -13.413961496443887 -12.094913631119866
