web/models/mosfit_kne/mosfit_kn_3.0000/mosfit_kn_0.218327_0.2493_3.0000.dat
# %ECSV 1.0
# ---
# datatype:
# - {name: time, datatype: float64}
# - {name: PS1_g, datatype: float64}
# - {name: PS1_i, datatype: float64}
# - {name: PS1_r, datatype: float64}
# - {name: PS1_w, datatype: float64}
# - {name: PS1_y, datatype: float64}
# - {name: PS1_z, datatype: float64}
# - {name: swift_uvot_B, datatype: float64}
# - {name: swift_uvot_U, datatype: float64}
# - {name: swift_uvot_uvm2, datatype: float64}
# - {name: swift_uvot_uvw1, datatype: float64}
# - {name: swift_uvot_uvw2, datatype: float64}
# - {name: swift_uvot_V, datatype: float64}
# - {name: johnson_B, datatype: float64}
# - {name: johnson_I, datatype: float64}
# - {name: johnson_R, datatype: float64}
# - {name: johnson_U, datatype: float64}
# - {name: johnson_V, datatype: float64}
# - {name: sdss_g, datatype: float64}
# - {name: sdss_i, datatype: float64}
# - {name: sdss_r, datatype: float64}
# - {name: sdss_u, datatype: float64}
# - {name: sdss_z, datatype: float64}
# - {name: ATLAS_c, datatype: float64}
# - {name: ATLAS_o, datatype: float64}
# - {name: ukirt_H, datatype: float64}
# - {name: ukirt_J, datatype: float64}
# - {name: ukirt_K, datatype: float64}
# - {name: Clear, datatype: float64}
# meta: !!omap
# - comment: [kappa = 3.0, type = rprocess, mass = 0.21832694463104688, velocity = 0.24933333333333338, theta_obs = 0.0, tfloor = 1000.0]
# schema: astropy-2.0
time PS1_g PS1_i PS1_r PS1_w PS1_y PS1_z swift_uvot_B swift_uvot_U swift_uvot_uvm2 swift_uvot_uvw1 swift_uvot_uvw2 swift_uvot_V johnson_B johnson_I johnson_R johnson_U johnson_V sdss_g sdss_i sdss_r sdss_u sdss_z ATLAS_c ATLAS_o ukirt_H ukirt_J ukirt_K Clear
[from data line 400]
24.10821643286573 3.819731945871929 -5.062096867327366 -1.587026089289516 -3.5549499007935026 -8.585286915852617 -7.167610951005496 7.359638522436399 14.018582620331319 27.907177924360486 9.984165152405868 12.49718165888552 1.779248638742714 6.1557012054702085 -6.6156101737493165 -3.6455774070243168 12.987581441079577 0.8242263035739608 4.632272047186365 -4.980840915214362 -1.3585374297930919 14.519688150506145 -7.74103856302748 0.3920504804531255 -4.060362044156651 -13.534274293768112 -11.384784998278421 -14.894562974241284 -5.840843944554841
24.168336673346694 3.8236951771200545 -5.058133636079223 -1.5830628580413908 -3.5509866695453596 -8.581323684604492 -7.163647719757353 7.363601753684542 14.022545851579462 27.91114115560862 9.988128383654011 12.501144890133663 1.7832118699908392 6.1596644367183515 -6.6116469425011735 -3.6416141757761737 12.991544672327702 0.828189534822086 4.6362352784345084 -4.9768776839662365 -1.3545741985449489 14.523651381754288 -7.737075331779355 0.39601371170126853 -4.056398812908526 -13.530311062519987 -11.380821767030296 -14.890599742993158 -5.836880713306716
24.228456913827653 3.827637188968289 -5.054191624230988 -1.579120846193156 -3.547044657697125 -8.577381672756257 -7.159705707909119 7.367543765532777 14.026487863427697 27.915083167456867 9.992070395502246 12.505086901981898 1.787153881839074 6.163606448566586 -6.607704930652939 -3.637672163927939 12.995486684175937 0.8321315466703207 4.640177290282743 -4.972935672118002 -1.3506321866967141 14.527593393602523 -7.73313331993112 0.39995572354950326 -4.052456801060291 -13.526369050671752 -11.376879755182062 -14.886657731144924 -5.832938701458481
24.288577154308616 3.8315580671871174 -5.05027074601216 -1.5751999679743278 -3.5431237794783144 -8.573460794537429 -7.15578482969029 7.371464643751605 14.030408741646507 27.919004045675685 9.995991273721074 12.509007780200726 1.7910747600579022 6.1675273267854145 -6.6037840524341105 -3.6337512857091108 12.999407562394765 0.836052424889149 4.644098168501554 -4.9690147938991736 -1.346711308477886 14.531514271821333 -7.729212441712292 0.40387660176831375 -4.048535922841463 -13.522448172452924 -11.372958876963233 -14.882736852926095 -5.829017823239653
24.34869739478958 3.8354578918668025 -5.0463709213324925 -1.5713001432946427 -3.5392239547986293 -8.569560969857744 -7.151885005010623 7.375364468431273 14.034308566326192 27.92290387035537 9.99989109840076 12.512907604880393 1.7949745847375873 6.171427151465082 -6.599884227754443 -3.6298514610294434 13.00330738707445 0.8399522495688341 4.647997993181239 -4.9651149692194885 -1.3428114837982008 14.535414096501018 -7.725312617032607 0.40777642644799883 -4.044636098161778 -13.518548347773239 -11.369059052283548 -14.87883702824641 -5.825117998559968
24.40881763527054 3.839336363619683 -5.042492449579612 -1.5674216715417622 -3.5353454830457487 -8.565682498104863 -7.1480065332577425 7.379242940184153 14.038187038079073 27.92678234210825 10.00376957015364 12.516786076633274 1.798853056490468 6.175305623217962 -6.596005756001563 -3.625972989276563 13.00718585882733 0.8438307213217147 4.651876464934119 -4.961236497466608 -1.338933012045338 14.539292568253899 -7.721434145279726 0.4116548982008794 -4.040757626408897 -13.514669876020358 -11.365180580530668 -14.87495855649353 -5.821239526807087
24.468937875751504 3.8431937444095254 -5.038635068789752 -1.5635642907519198 -3.5314881022559064 -8.56182511731502 -7.144149152467882 7.383100320974013 14.042044418868915 27.930639722898093 10.007626950943482 12.520643457423134 1.8027104372803102 6.179163004007805 -6.5921483752117025 -3.6221156084867205 13.011043239617173 0.847688102111557 4.655733845723962 -4.957379116676766 -1.335075631255478 14.543149949043741 -7.717576764489884 0.41551227899072174 -4.036900245619055 -13.510812495230516 -11.361323199740825 -14.871101175703688 -5.817382146017245
24.529058116232463 3.8470305453332543 -5.034798267866023 -1.5597274898281732 -3.5276513013321598 -8.557988316391292 -7.140312351544154 7.386937121897742 14.045881219792662 27.934476523821832 10.011463751867211 12.524480258346863 1.806547238204039 6.182999804931551 -6.588311574287974 -3.618278807562974 13.014880040540902 0.8515249030353036 4.659570646647708 -4.953542315753037 -1.331238830331749 14.546986749967488 -7.713739963566155 0.41934907991446835 -4.033063444695326 -13.50697569430677 -11.357486398817079 -14.867264374779959 -5.813545345093516
24.589178356713425 3.8508463610667754 -5.03098245213252 -1.55591167409467 -3.5238354855986564 -8.55417250065777 -7.13649653581065 7.3907529376312455 14.049697035526165 27.938292339555343 10.015279567600732 12.528296074080384 1.8103630539375601 6.186815620665055 -6.584495758554453 -3.6144629918294706 13.018695856274423 0.8553407187688069 4.663386462381212 -4.949726500019516 -1.327423014598228 14.550802565700991 -7.709924147832634 0.42316489564797166 -4.029247628961805 -13.503159878573266 -11.353670583083575 -14.863448559046438 -5.809729529359995
24.649298597194388 3.85464136649345 -5.027187446705845 -1.5521166686679955 -3.520040480171982 -8.550377495231096 -7.132701530383976 7.39454794305792 14.05349204095284 27.942087344982017 10.019074573027407 12.53209107950704 1.8141580593642346 6.190610626091729 -6.580700753127796 -3.610667986402796 13.022490861701097 0.8591357241954813 4.667181467807886 -4.945931494592841 -1.3236280091715535 14.554597571127665 -7.70612914240596 0.4269599010746461 -4.025452623535131 -13.499364873146591 -11.349875577656901 -14.859653553619763 -5.80593452393332
24.70941883767535 3.858415778836619 -5.023413034362658 -1.5483422563248261 -3.516266067828795 -8.546603082887927 -7.128927118040789 7.398322355401107 14.057266453296027 27.945861757325186 10.022848985370576 12.535865491850227 1.817932471707404 6.194385038434916 -6.576926340784609 -3.606893574059609 13.026265274044267 0.8629101365386507 4.670955880151055 -4.942157082249672 -1.3198535968283842 14.558371983470852 -7.70235473006279 0.4307343134178332 -4.021678211191961 -13.495590460803422 -11.346101165313732 -14.855879141276594 -5.802160111590151
24.769539078156313 3.86216943719786 -5.019659376001417 -1.5445885979635854 -3.512512409467554 -8.542849424526686 -7.125173459679548 7.402076013762348 14.061020111657268 27.949615415686434 10.026602643731817 12.539619150211468 1.8216861300686447 6.198138696796157 -6.573172682423368 -3.6031399156983683 13.030018932405508 0.8666637948998914 4.674709538512314 -4.938403423888431 -1.3160999384671435 14.562125641832093 -7.69860107170155 0.43448797177907394 -4.017924552830721 -13.491836802442181 -11.34234750695249 -14.852125482915353 -5.79840645322891
24.829659318637272 3.865902268024737 -5.0159265451745405 -1.5408557671366907 -3.5087795786406772 -8.539116593699791 -7.121440628852671 7.405808844589225 14.064752942484144 27.95334824651331 10.030335474558694 12.543351981038345 1.8254189608955393 6.201871527623034 -6.569439851596491 -3.5994070848714914 13.033751763232402 0.8703966257267861 4.678442369339191 -4.934670593061554 -1.3123671076402665 14.56585847265897 -7.694868240874673 0.43822080260595087 -4.014191722003844 -13.488103971615287 -11.338614676125596 -14.848392652088476 -5.794673622402016
24.889779559118235 3.869614863343571 -5.012213949855724 -1.537143171817874 -3.5050669833218606 -8.535403998380975 -7.117728033533854 7.409521439908041 14.068465537802961 27.957060841832128 10.03404806987751 12.547064576357162 1.829131556214356 6.2055841229418505 -6.5657272562776745 -3.595694489552675 13.037464358551219 0.8741092210456027 4.682154964658007 -4.93095799774272 -1.30865451232145 14.569571067977787 -7.691155645555838 0.4419333979247675 -4.010479126685009 -13.48439137629647 -11.33490208080678 -14.844680056769642 -5.790961027083199
24.949899799599198 3.8733070148084536 -5.008521798390824 -1.5334510203529739 -3.5013748318569604 -8.531711846916075 -7.114035882068954 7.413213591372942 14.072157689267861 27.96075299329703 10.03774022134241 12.550756727822062 1.8328237076792562 6.209276274406751 -6.562035104812774 -3.5920023380877746 13.041156510016119 0.8778013725105029 4.685847116122908 -4.927265846277837 -1.3049623608565497 14.573263219442687 -7.687463494090956 0.4456255493896677 -4.006786975220127 -13.48069922483157 -11.33120992934188 -14.84098790530476 -5.787268875618299
25.01002004008016 3.8769789110165043 -5.004849902182773 -1.529779124144941 -3.4977029356489275 -8.528039950708042 -7.110363985860904 7.416885487580992 14.075829585475894 27.96442488950507 10.041412117550461 12.554428624030113 1.836495603887289 6.2129481706147835 -6.558363208604724 -3.5883304418797417 13.044828406224152 0.8814732687185358 4.6895190123309405 -4.923593950069787 -1.301290464648499 14.57693511565072 -7.683791597882905 0.4492974455977006 -4.003115079012076 -13.477027328623537 -11.327538033133846 -14.837316009096709 -5.783596979410266
25.07014028056112 3.8806305730044954 -5.001198240194782 -1.5261274621569498 -3.4940512736609186 -8.52438828872005 -7.106712323872912 7.420537149568983 14.079481247463903 27.968076551493073 10.045063779538452 12.558080286018104 1.8401472658752802 6.2165998326027925 -6.5547115466167325 -3.584678779891733 13.048480068212143 0.8851249307065447 4.693170674318949 -4.919942288081796 -1.297638802660508 14.580586777638729 -7.680139935894914 0.4529491075857095 -3.999463417024085 -13.473375666635546 -11.323886371145855 -14.833664347108718 -5.779945317422275
25.130260521042082 3.8842620994413224 -4.997566713757955 -1.5224959357201229 -3.4904197472240917 -8.520756762283224 -7.1030807974360854 7.42416867600581 14.08311277390073 27.97170807792989 10.04869530597528 12.56171181245493 1.8437787923121072 6.220231359039619 -6.5510800201799055 -3.581047253454906 13.05211159464897 0.8887564571433539 4.696802200755759 -4.916310761644969 -1.294007276223681 14.584218304075556 -7.676508409458087 0.4565806340225187 -3.995831890587258 -13.469744140198719 -11.320254844709028 -14.83003282067189 -5.776313790985448
25.190380761523045 3.8878733574399504 -4.993955455759345 -1.5188846777214948 -3.4868084892254814 -8.517145504284596 -7.099469539437475 7.427779934004421 14.08672403189934 27.975319335928518 10.052306563973907 12.565323070453559 1.8473900503107352 6.22384261703823 -6.547468762181295 -3.5774359954562955 13.055722852647598 0.892367715141982 4.700413458754387 -4.912699503646341 -1.290396018225053 14.587829562074166 -7.672897151459459 0.46019189202114674 -3.99222063258863 -13.46613288220009 -11.3166435867104 -14.826421562673262 -5.77270253298682
25.250501002004007 3.8914644827192646 -4.990364330480013 -1.5152935524421807 -3.4832173639461494 -8.513554379005281 -7.095878414158143 7.4313710592837525 14.090315157178672 27.978910461207832 10.055897689253221 12.568914195732873 1.8509811755900494 6.227433742317562 -6.543877636901963 -3.5738448701769636 13.059313977926912 0.8959588404212961 4.704004584033719 -4.909108378367026 -1.2868048929457387 14.591420687353498 -7.669306026180145 0.46378301730047866 -3.988629507309316 -13.462541756920777 -11.313052461431086 -14.822830437393948 -5.769111407707506
25.31062124248497 3.8950360412028218 -4.986792771996473 -1.5117219939586235 -3.47964580546261 -8.509982820521724 -7.092306855674604 7.43494261776731 14.093886715662212 27.98248201969139 10.059469247736779 12.57248575421643 1.8545527340736065 6.231005300801101 -6.540306078418406 -3.570273311693424 13.06288553641047 0.8995303989048533 4.707576142517258 -4.905536819883469 -1.2832333344621816 14.594992245837037 -7.665734467696588 0.46735457578401807 -3.9850579488257587 -13.45897019843722 -11.309480902947529 -14.819258878910391 -5.7655398492239485
25.37074148296593 3.8985876667402763 -4.983241146459001 -1.508170368421169 -3.4760941799251377 -8.50643119498427 -7.0887552301371315 7.438494243304764 14.097438341199684 27.986033645228854 10.063020873274233 12.576037379753885 1.8581043596110611 6.234556926338573 -6.536754452880952 -3.566721686155952 13.066437161947924 0.9030820244423257 4.71112776805473 -4.901985194346015 -1.279681708924727 14.59854387137451 -7.662182842159133 0.4709062013214904 -3.981506323288304 -13.455418572899765 -11.305929277410074 -14.815707253372937 -5.761988223686494
25.430861723446892 3.902119534608488 -4.979709278590789 -1.5046385005529572 -3.472562312056926 -8.502899327116058 -7.08522336226892 7.442026111172976 14.100970209067896 27.989565513097055 10.066552741142445 12.579569247622096 1.8616362274792728 6.238088794206785 -6.53322258501274 -3.56318981828774 13.069969029816136 0.9066138923105196 4.714659635922924 -4.898453326477803 -1.2761498410565153 14.602075739242721 -7.6586509742909215 0.47443806918968434 -3.9779744554200924 -13.451886705031553 -11.302397409541863 -14.812175385504725 -5.758456355818282
25.490981963927855 3.9056318940287404 -4.976196919170537 -1.5011261411327048 -3.4690499526366736 -8.499386967695806 -7.081711002848667 7.445538470593228 14.104482568488148 27.993077872517315 10.070065100562697 12.583081607042349 1.8651485868995252 6.2416011536270375 -6.5297102255924875 -3.5596774588674878 13.073481389236388 0.910126251730772 4.718171995343194 -4.8949409670575506 -1.272637481636263 14.605588098662974 -7.655138614870669 0.4779504286099545 -3.97446209599984 -13.4483743456113 -11.29888505012161 -14.808663026084472 -5.75494399639803
25.551102204408817 3.909124727765221 -4.972704085434074 -1.4976333073962245 -3.465557118900211 -8.495894133959325 -7.078218169112205 7.449031304329691 14.10797540222461 27.99657070625378 10.07355793429916 12.586574440778811 1.8686414206360056 6.2450939873635 -6.526217391856025 -3.556184625131025 13.076974222972868 0.9136190854672523 4.721664829079657 -4.89144813332107 -1.2691446478998003 14.609080932399436 -7.651645781134189 0.4814432623464171 -3.9709692622633597 -13.44488151187482 -11.29539221638513 -14.805170192347992 -5.751451162661549
25.61122244488978 3.912597926679613 -4.969230886519664 -1.4941601084818323 -3.462083919985819 -8.492420935044933 -7.074744970197795 7.452504503244101 14.111448601139003 28.00004390516818 10.07703113321357 12.590047639693221 1.8721146195503977 6.24856718627791 -6.522744192941615 -3.5527114262166153 13.08044742188726 0.9170922843816445 4.725138027994049 -4.887974934406678 -1.2656714489853904 14.612554131313829 -7.648172582219797 0.48491646126080923 -3.9674960633489675 -13.441408312960428 -11.291919017470738 -14.8016969934336 -5.747977963747157
25.67134268537074 3.9160517886632107 -4.965777024536084 -1.4907062464982346 -3.458630058002221 -8.488967073061335 -7.071291108214215 7.455958365227681 14.1149024631226 28.003497767151767 10.08048499519715 12.593501501676801 1.8755684815339955 6.25202104826149 -6.519290330958035 -3.5492575642330353 13.083901283870858 0.9205461463652422 4.728591889977647 -4.88452107242308 -1.2622175870018104 14.616007993297426 -7.644718720236199 0.488370323244407 -3.9640422013653698 -13.43795445097683 -11.28846515548714 -14.798243131450002 -5.7445241017635595
25.7314629258517 3.9194865629426268 -4.9623422502566505 -1.4872714722188185 -3.455195283722805 -8.48553229878192 -7.067856333934781 7.459393139507115 14.118337237402017 28.006932541431194 10.083919769476584 12.596936275956235 1.8790032558134115 6.255455822540906 -6.515855556678601 -3.545822789953619 13.087336058150274 0.9239809206446583 4.732026664257063 -4.881086298143664 -1.2587828127223766 14.619442767576842 -7.641283945956783 0.49180509752382306 -3.9606074270859537 -13.434519676697414 -11.285030381207724 -14.794808357170586 -5.7410893274841435
