web/models/mosfit_kne/mosfit_kn_3.0000/mosfit_kn_0.001862_0.4843_3.0000.dat
# %ECSV 1.0
# ---
# datatype:
# - {name: time, datatype: float64}
# - {name: PS1_g, datatype: float64}
# - {name: PS1_i, datatype: float64}
# - {name: PS1_r, datatype: float64}
# - {name: PS1_w, datatype: float64}
# - {name: PS1_y, datatype: float64}
# - {name: PS1_z, datatype: float64}
# - {name: swift_uvot_B, datatype: float64}
# - {name: swift_uvot_U, datatype: float64}
# - {name: swift_uvot_uvm2, datatype: float64}
# - {name: swift_uvot_uvw1, datatype: float64}
# - {name: swift_uvot_uvw2, datatype: float64}
# - {name: swift_uvot_V, datatype: float64}
# - {name: johnson_B, datatype: float64}
# - {name: johnson_I, datatype: float64}
# - {name: johnson_R, datatype: float64}
# - {name: johnson_U, datatype: float64}
# - {name: johnson_V, datatype: float64}
# - {name: sdss_g, datatype: float64}
# - {name: sdss_i, datatype: float64}
# - {name: sdss_r, datatype: float64}
# - {name: sdss_u, datatype: float64}
# - {name: sdss_z, datatype: float64}
# - {name: ATLAS_c, datatype: float64}
# - {name: ATLAS_o, datatype: float64}
# - {name: ukirt_H, datatype: float64}
# - {name: ukirt_J, datatype: float64}
# - {name: ukirt_K, datatype: float64}
# - {name: Clear, datatype: float64}
# meta: !!omap
# - comment: [kappa = 3.0, type = rprocess, mass = 0.001861645566637777, velocity = 0.48433333333333334, theta_obs = 0.0, tfloor = 1000.0]
# schema: astropy-2.0
time PS1_g PS1_i PS1_r PS1_w PS1_y PS1_z swift_uvot_B swift_uvot_U swift_uvot_uvm2 swift_uvot_uvw1 swift_uvot_uvw2 swift_uvot_V johnson_B johnson_I johnson_R johnson_U johnson_V sdss_g sdss_i sdss_r sdss_u sdss_z ATLAS_c ATLAS_o ukirt_H ukirt_J ukirt_K Clear
[from data line 58]
3.5470941883767533 10.165721001068366 1.283892187869089 4.758962965906939 2.7910391544029522 -2.239297860656162 -0.8216218958090415 13.705627577632853 20.364571675527774 34.253166979556944 16.330154207602323 18.84317071408198 8.12523769393917 12.501690260666663 -0.26962111855286164 2.700411648172138 19.33357049627603 7.170215358770416 10.97826110238282 1.3651481399820753 4.987451625403363 20.8656772057026 -1.3950495078310254 6.73803953564958 2.285627011039786 -7.188285238571658 -5.038795943081967 -8.548573919044829 0.5051451106416138
3.6072144288577155 10.21719805516014 1.335369241960862 4.810440019998712 2.8425162084947253 -2.187820806564389 -0.7701448417172685 13.757104631724626 20.416048729619547 34.30464403364872 16.381631261694096 18.894647768173748 8.176714748030943 12.553167314758436 -0.21814406446108858 2.751888702263911 19.385047550367805 7.221692412862189 11.029738156474593 1.4166251940738483 5.038928679495136 20.917154259794373 -1.3435724537392701 6.789516589741353 2.337104065131559 -7.136808184479885 -4.987318888990194 -8.497096864953074 0.5566221647333691
3.6673346693386772 10.268035629370047 1.3862068161707697 4.8612775942086195 2.893353782704633 -2.136983232354499 -0.7193072675073608 13.807942205934534 20.466886303829455 34.35548160785863 16.432468835904004 18.945485342383655 8.227552322240832 12.604004888968344 -0.16730649025118094 2.802726276473819 19.435885124577702 7.2725299870720965 11.080575730684501 1.467462768283756 5.089766253705044 20.96799183400428 -1.2927348795293625 6.840354163951261 2.3879416393414665 -7.085970610269977 -4.936481314780286 -8.446259290743166 0.6074597389432768
3.727454909819639 10.318302688056775 1.436473874857498 4.91154465289533 2.943620841391361 -2.086716173667771 -0.6690402088206326 13.858209264621262 20.517153362516176 34.40574866654536 16.482735894590732 18.995752401070384 8.27781938092756 12.654271947655072 -0.11703943156445273 2.852993335160547 19.48615218326443 7.322797045758825 11.13084278937123 1.5177298269704842 5.140033312391772 21.018258892691 -1.2424678208426343 6.890621222637989 2.4382086980281947 -7.035703551583267 -4.8862142560935755 -8.395992232056438 0.657726797630005
3.787575150300601 10.367947326170128 1.486118512970851 4.961189291008683 2.993265479504714 -2.037071535554418 -0.6193955707072796 13.907853902734615 20.566798000629525 34.455393304658706 16.532380532704085 19.045397039183737 8.327464019040914 12.703916585768425 -0.06739479345109967 2.9026379732739 19.535796821377787 7.37244168387216 11.180487427484582 1.5673744650838373 5.189677950505125 21.06790353080435 -1.1928231827292812 6.940265860751342 2.487853336141548 -6.986058913469914 -4.8365696179802224 -8.346347593943085 0.707371435743358
3.847695390781563 10.41706388013628 1.5352350669370018 5.010305844974834 3.042382033470865 -1.987954981588267 -0.5702790167411287 13.956970456700766 20.615914554595676 34.50450985862485 16.581497086670236 19.094513593149887 8.376580573007065 12.753033139734576 -0.018278239484948777 2.951754527240051 19.584913375343927 7.421558237838311 11.229603981450715 1.6164910190499882 5.238794504471276 21.117020084770502 -1.1437066287631303 6.9893824147174755 2.5369698901076987 -6.936942359503763 -4.787453064014072 -8.297231039976934 0.7564879897095089
3.9078156312625247 10.465674904734854 1.5838460915355768 5.058916869573409 3.09099305806944 -1.939343956989692 -0.5216679921425538 14.005581481299341 20.664525579194255 34.55312088322342 16.63010811126881 19.143124617748462 8.42519159760564 12.801644164333151 0.030332785113626137 3.000365551838626 19.63352439994251 7.470169262436886 11.278215006049308 1.665102043648563 5.287405529069851 21.16563110936908 -1.0950956041645554 7.037993439316068 2.5855809147062736 -6.888331334905188 -4.738842039415497 -8.248620015378359 0.8050990143080838
3.967935871743487 10.513803792228913 1.6319749790296356 5.107045757067485 3.139121945563499 -1.8912150694956154 -0.4735391046484949 14.0537103687934 20.71265446668832 34.601249770717494 16.67823699876287 19.19125350524252 8.473320485099698 12.84977305182721 0.078461672607685 3.0484944393326847 19.681653287436568 7.5182981499309625 11.326343893543367 1.713230931142622 5.33553441656391 21.213759996863146 -1.0469667166704966 7.086122326810127 2.6337098022003325 -6.840202447411111 -4.69071315192142 -8.2004911278843 0.8532279018021427
4.028056112224449 10.561473926642044 1.679645113442767 5.154715891480599 3.1867920799766125 -1.8435449350825017 -0.4258689702353635 14.101380503206531 20.760324601101445 34.64891990513062 16.725907133176 19.238923639655642 8.52099061951283 12.897443186240324 0.1261318070208164 3.0961645737457983 19.729323421849692 7.565968284344076 11.37401402795648 1.7609010655557533 5.383204550977041 21.26143013127627 -0.9992965822573652 7.133792461223241 2.681379936613464 -6.792532312997998 -4.643043017508306 -8.152820993471169 0.9008980362152741
4.0881763527054105 10.608707136234603 1.7268783230353257 5.2019491010731755 3.234025289569189 -1.796311725489943 -0.3786357606428048 14.14861371279909 20.80755781069401 34.69615311472318 16.77314034276856 19.28615684924821 8.568223829105388 12.9446763958329 0.1733650166133751 3.143397783338375 19.77655663144226 7.613201493936653 11.421247237549057 1.808134275148312 5.4304377605696 21.308663340868836 -0.9520633726648065 7.181025670815817 2.7286131462060226 -6.745299103405421 -4.59580980791573 -8.10558778387861 0.9481312458078328
4.148296593186372 10.65552378943666 1.7736949762373833 5.248765754275233 3.2808419427712465 -1.7494950722878677 -0.3318191074407473 14.195430366001148 20.854374463896068 34.74296976792524 16.819956995970617 19.332973502450276 8.615040482307464 12.991493049034958 0.22018166981543263 3.1902144365404324 19.82337328464432 7.66001814713871 11.468063890751115 1.8549509283503696 5.477254413771657 21.355479994070894 -0.9052467194627489 7.227842324017875 2.77542979940808 -6.698482450203364 -4.548993154713672 -8.058771130676552 0.9949478990099081
4.208416833667335 10.70194270584972 1.8201138926504434 5.2951846706882755 3.3272608591843067 -1.7030761558748253 -0.2854001910276871 14.241849282414208 20.900793380309118 34.78938868433829 16.866375912383678 19.37939241886333 8.661459398720506 13.037911965448018 0.2666005862284928 3.2366333529534925 19.86979220105738 7.7064370635517525 11.514482807164175 1.9013698447634297 5.523673330184717 21.401898910483943 -0.8588278030496888 7.274261240430935 2.8218487158211403 -6.652063533790321 -4.50257423830063 -8.012352214263492 1.0413668154229505
4.268537074148297 10.747981153132145 1.8661523399328672 5.341223117970699 3.3732993064667305 -1.6570377085924015 -0.2393617437452633 14.287887729696632 20.946831827591545 34.835427131620726 16.9124143596661 19.425430866145753 8.70749784600293 13.083950412730442 0.3126390335109166 3.2826718002359163 19.9158306483398 7.752475510834194 11.560521254446599 1.9474082920458535 5.569711777467141 21.44793735776637 -0.812789355767265 7.320299687713359 2.867887163103564 -6.60602508650788 -4.456535791018206 -7.966313766981068 1.0874052627053743
4.328657314629258 10.793655012904537 1.9118261997052421 5.386896977743092 3.4189731662391054 -1.6113638488200088 -0.19368788397288839 14.333561589469006 20.992505687363927 34.8811009913931 16.958088219438476 19.471104725918135 8.753171705775323 13.129624272502816 0.3583128932832915 3.3283456600082912 19.961504508112185 7.798149370606569 11.606195114218973 1.9930821518182462 5.615385637239516 21.493611217538753 -0.7671154959948723 7.3659735474857335 2.9135610228759568 -6.560351226735505 -4.4108619312458135 -7.920639907208676 1.133079122477767
4.38877755511022 10.838978736184988 1.9571499229857103 5.43222070102356 3.4642968895195736 -1.5660401255395406 -0.1483641606924202 14.378885312749475 21.037829410644395 34.926424714673566 17.003411942718945 19.516428449198603 8.79849542905579 13.174947995783285 0.4036366165637597 3.3736693832887594 20.006828231392646 7.843473093887037 11.651518837499442 2.0384058750987144 5.660709360519984 21.53893494081922 -0.7217917727144041 7.411297270766202 2.958884746156407 -6.515027503455037 -4.365538207965345 -7.8753161839282075 1.1784028457582352
4.448897795591182 10.884035034674184 2.002206221474907 5.477276999512739 3.5093531880087525 -1.5209838270503617 -0.10330786220322352 14.423941611238671 21.082885709133585 34.97148101316275 17.04846824120814 19.561484747687782 8.84355172754497 13.220004294272464 0.4486929150529564 3.4187256817779383 20.051884529881832 7.888529392376216 11.69657513598862 2.0834621735878933 5.705765659009181 21.58399123930841 -0.6767354742252252 7.456353569255381 3.003941044645604 -6.469971204965858 -4.320481909476166 -7.830259885439029 1.223459144247414
4.509018036072144 10.928652375822896 2.0468235626236186 5.521894340661451 3.553970529157482 -1.47636648590165 -0.05869052105451189 14.468558952387383 21.127503050282293 35.01609835431147 17.093085582356853 19.606102088836504 8.888169068693681 13.264621635421193 0.493310256201668 3.4633430229266677 20.096501871030544 7.933146733524928 11.741192477137332 2.128079514736605 5.750383000157893 21.62860858045712 -0.6321181330765135 7.50097091040411 3.0485583857943155 -6.425353863817146 -4.275864568327455 -7.785642544290317 1.2680764853961257
4.569138276553106 10.97298511178245 2.0911562985831544 5.566227076621004 3.5983032651170177 -1.4320337499420965 -0.014357785094976094 14.512891688346937 21.17183578624184 35.06043109027102 17.137418318316406 19.650434824796047 8.932501804653235 13.308954371380729 0.5376429921612216 3.5076757588862035 20.140834606990097 7.977479469484481 11.785525213096886 2.1724122506961585 5.794715736117446 21.672941316416665 -0.58778539711696 7.545303646363646 3.092891121753869 -6.381021127857593 -4.231531832367901 -7.741309808330763 1.3124092213556793
4.629258517034068 11.017024840930816 2.1351960277315385 5.6102668057693705 3.642342994265384 -1.3879940207937302 0.02968194405340796 14.556931417495303 21.215875515390216 35.10447081941938 17.181458047464773 19.694474553944413 8.976541533801601 13.352994100529095 0.5816827213095879 3.55171548803457 20.184874336138463 8.021519198632847 11.829564942245252 2.216451979844525 5.8387554652658125 21.716981045565042 -0.5437456679685937 7.589343375512012 3.1369308509022353 -6.336981398709226 -4.187492103219535 -7.697270079182397 1.3564489505040456
4.68937875751503 11.060773967993551 2.178945154794274 5.654015932832106 3.6860921213281195 -1.3442448937309948 0.07343107111614344 14.600680544558038 21.25962464245295 35.14821994648212 17.225207174527508 19.73822368100716 9.020290660864337 13.396743227591848 0.6254318483723234 3.595464615097323 20.2286234632012 8.065268325695582 11.873314069307987 2.2602011069072603 5.882504592328548 21.760730172627774 -0.4999965409058582 7.633092502574748 3.180679977964971 -6.293232271646491 -4.143742976156799 -7.653520952119662 1.400198077566781
4.749498997995992 11.1042386690651 2.2224098558658234 5.697480633903673 3.7295568223996867 -1.3007801926594276 0.11689577218769287 14.644145245629588 21.30308934352451 35.19168464755368 17.268671875599058 19.78168838207871 9.063755361935904 13.440207928663398 0.6688965494438728 3.6389293161688725 20.27208816427276 8.10873302676715 11.916778770379555 2.3036658079788097 5.925969293400097 21.804194873699334 -0.4565318398343088 7.676557203646315 3.2241446790365202 -6.249767570574924 -4.100278275085232 -7.610056251048112 1.4436627786383305
4.809619238476953 11.147425793488495 2.2655969802891995 5.740667758327049 3.772743946823063 -1.2575930682360514 0.160082896611069 14.687332370052964 21.346276467947884 35.23487177197706 17.31185900002245 19.824875506502092 9.10694248635928 13.483395053086774 0.7120836738672667 3.6821164405922486 20.315275288696142 8.151920151190525 11.95996589480293 2.3468529324022036 5.969156417823491 21.84738199812271 -0.4133447154109149 7.719744328069691 3.267331803459914 -6.2065804461515475 -4.057091150661856 -7.566869126624718 1.4868499030617244
4.869739478957916 11.190342107897564 2.3085132946982867 5.783584072736119 3.81566026123215 -1.214676753826982 0.20299921102015617 14.730248684462051 21.389192782356965 35.27778808638613 17.35477531443152 19.867791820911172 9.14985880076835 13.526311367495861 0.7549999882763361 3.725032755001336 20.35819160310522 8.194836465599595 12.002882209212 2.389769246811273 6.012072732232561 21.89029831253179 -0.3704284010018455 7.762660642478778 3.3102481178689835 -6.163664131742478 -4.014174836252787 -7.523952812215649 1.5297662174707938
4.929859719438878 11.232993992940017 2.351165179740722 5.826235957778572 3.858312146274585 -1.1720248687845292 0.24565109606259128 14.772900569504504 21.431844667399407 35.32043997142859 17.397427199473974 19.910443705953615 9.192510685810802 13.568963252538296 0.797651873318789 3.767684640043771 20.400843488147665 8.237488350642048 12.045534094254453 2.432421131853726 6.0547246172750135 21.932950197574232 -0.3277765159593926 7.805312527521213 3.3529000029114364 -6.121012246700025 -3.971522951210334 -7.481300927173196 1.5724181025132467
4.98997995991984 11.275387243419797 2.3935584302205193 5.868629208258351 3.900705396754365 -1.1296316183047495 0.28804434654238875 14.815293819984284 21.474237917879194 35.36283322190837 17.439820449953753 19.952836956433405 9.234903936290582 13.611356503018094 0.8400451237985687 3.8100778905235684 20.443236738627444 8.279881601121827 12.087927344734233 2.4748143823335056 6.097117867754793 21.97534344805402 -0.2853832654796129 7.847705778000993 3.395293253391216 -6.0786189962202455 -3.929129700730554 -7.438907676693416 1.6148113529930264
5.050100200400801 11.317527322352205 2.435698509152928 5.910769287190778 3.9428454756867914 -1.0874915393723228 0.33018442547479765 14.857433898916693 21.516377996811613 35.40497330084079 17.481960528886162 19.994977035365814 9.277044015223009 13.653496581950503 0.8821852027309776 3.8522179694559773 20.48537681755986 8.322021680054254 12.13006742366666 2.5169544612659145 6.139257946687202 22.01748352698644 -0.243243186547204 7.8898458569334196 3.437433332323625 -6.036478917287819 -3.8869896217981275 -7.3967675977610075 1.6569514319254353
5.110220440881763 11.359419086245168 2.477590273045873 5.952661051083723 3.9847372395797365 -1.0455997754793778 0.37207618936774267 14.899325662809638 21.558269760704558 35.446865064733736 17.523852292779125 20.036868799258766 9.318935779115954 13.695388345843448 0.9240769666239226 3.8941097333489223 20.527268581452816 8.3639134439472 12.171959187559604 2.5588462251588773 6.181149710580165 22.059375290879384 -0.20135142265424122 7.931737620826365 3.479325096216588 -5.994587153394874 -3.8450978579051824 -7.354875833868045 1.698843195818398
5.170340681362725 11.401067142904449 2.5192383297051713 5.994309107743003 4.0263852962390345 -1.0039517188200975 0.4137242460270407 14.940973719468936 21.599917817363846 35.48851312139302 17.565500349438405 20.078516855918057 9.360583835775234 13.737036402502746 0.9657250232832206 3.9357577900082203 20.568916638112096 8.40556150060648 12.213607244218885 2.6004942818181576 6.222797767239445 22.10102334753867 -0.15970336599496093 7.973385677485645 3.520973152875868 -5.9529390967355935 -3.803449801245902 -7.313227777208764 1.7404912524776783
5.2304609218436875 11.442475630798512 2.5606468175992347 6.035717595637067 4.067793784133098 -0.962543230926034 0.4551327339211042 14.982382207362999 21.641326305257913 35.52992160928708 17.60690883733247 20.11992534381212 9.401992323669297 13.778444890396809 1.0071335111772841 3.977166277902284 20.610325126006167 8.446969988500543 12.255015732112948 2.641902769712221 6.264206255133509 22.14243183543274 -0.11829487810089745 8.014794165379726 3.5623816407699316 -5.91153060884153 -3.7620413133518387 -7.271819289314701 1.7818997403717418
