web/models/mosfit_kne/mosfit_kn_3.0000/mosfit_kn_0.027507_0.3277_3.0000.dat
# %ECSV 1.0
# ---
# datatype:
# - {name: time, datatype: float64}
# - {name: PS1_g, datatype: float64}
# - {name: PS1_i, datatype: float64}
# - {name: PS1_r, datatype: float64}
# - {name: PS1_w, datatype: float64}
# - {name: PS1_y, datatype: float64}
# - {name: PS1_z, datatype: float64}
# - {name: swift_uvot_B, datatype: float64}
# - {name: swift_uvot_U, datatype: float64}
# - {name: swift_uvot_uvm2, datatype: float64}
# - {name: swift_uvot_uvw1, datatype: float64}
# - {name: swift_uvot_uvw2, datatype: float64}
# - {name: swift_uvot_V, datatype: float64}
# - {name: johnson_B, datatype: float64}
# - {name: johnson_I, datatype: float64}
# - {name: johnson_R, datatype: float64}
# - {name: johnson_U, datatype: float64}
# - {name: johnson_V, datatype: float64}
# - {name: sdss_g, datatype: float64}
# - {name: sdss_i, datatype: float64}
# - {name: sdss_r, datatype: float64}
# - {name: sdss_u, datatype: float64}
# - {name: sdss_z, datatype: float64}
# - {name: ATLAS_c, datatype: float64}
# - {name: ATLAS_o, datatype: float64}
# - {name: ukirt_H, datatype: float64}
# - {name: ukirt_J, datatype: float64}
# - {name: ukirt_K, datatype: float64}
# - {name: Clear, datatype: float64}
# meta: !!omap
# - comment: [kappa = 3.0, type = rprocess, mass = 0.027507471329904786, velocity = 0.32766666666666666, theta_obs = 0.0, tfloor = 1000.0]
# schema: astropy-2.0
time PS1_g PS1_i PS1_r PS1_w PS1_y PS1_z swift_uvot_B swift_uvot_U swift_uvot_uvm2 swift_uvot_uvw1 swift_uvot_uvw2 swift_uvot_V johnson_B johnson_I johnson_R johnson_U johnson_V sdss_g sdss_i sdss_r sdss_u sdss_z ATLAS_c ATLAS_o ukirt_H ukirt_J ukirt_K Clear
[from data line 57]
3.4869739478957915 -7.717115022026757 -11.801856522334795 -10.24246154189763 -10.640566688124657 -13.2379320522098 -12.689278151161574 -6.086840113691308 -3.5679251281332114 4.573110137309546 -2.4724191319404016 -0.5714801696026792 -8.857341595652148 -6.387104146002724 -12.678300057121962 -11.007355879893776 -3.9383845136963846 -9.08917711651826 -7.337690420700351 -11.76920039044104 -10.188642497830465 -2.8984982051281882 -12.8643014512933 -9.052326267639188 -11.131408524222142 -14.870382744603138 -14.230113478049107 -15.1511703755075 -11.410981164813734
3.5470941883767533 -7.529711603878919 -11.68813440297889 -10.09897245706279 -10.516959828051693 -13.155959362014542 -12.594431855159218 -5.871004909273721 -3.2908584133522467 4.961479504140677 -2.2540259043956463 -0.3535137706741085 -8.68564559256858 -6.180524527919292 -12.57431200780567 -10.878365510587368 -3.6705281308704696 -8.924408136201583 -7.143596475011638 -11.654655330494368 -10.043213123065122 -2.624330925618228 -12.774140069495292 -8.894232498688588 -11.008934061144604 -14.836891097623358 -14.174441555086348 -15.13310145171589 -11.30751167042602
3.6072144288577155 -7.338808516707989 -11.571778037544185 -9.952502655268631 -10.390841951746488 -13.071755984342381 -12.497179668676566 -5.651277558183533 -3.009093882963345 5.354953746320629 -2.0327254724622175 -0.1322791932414833 -8.510538690931313 -5.970326925344377 -12.467831385913463 -10.746741464376488 -3.3980910791740837 -8.756435900841895 -6.945921103361421 -11.537467099400978 -9.894749340104525 -2.345459243817203 -12.681670881697915 -8.733129640041266 -10.883873710644636 -14.801874438787458 -14.116921052628262 -15.113753190199704 -11.20189923900746
3.6673346693386772 -7.144362815131355 -11.452764101987452 -9.803021706047428 -10.262188761530577 -12.985306610841967 -12.39750265473786 -5.427607458966533 -2.722561588159511 5.753595964765876 -1.8084558226441945 0.0923010345451094 -8.33198079355067 -5.75646886156845 -12.358838064283272 -10.612463927356554 -3.1210076771713635 -8.585227351093303 -6.74461969861694 -11.41761227550015 -9.743219391831133 -2.061814548192622 -12.586877862662487 -8.568984098926933 -10.75620582565529 -14.765331045715296 -14.057544362991743 -15.093128528206721 -11.094127443638389
3.727454909819639 -6.946344961753432 -11.331077978972637 -9.650509812883374 -10.130985311663654 -12.896602590767294 -12.295389350122257 -5.1999592731743425 -2.4312107030278085 6.157442656938785 -1.5811720466846242 0.32028713619257987 -8.149944226239356 -5.538922654080579 -12.247320015212228 -10.475522990824466 -2.8392308683047784 -8.41076159272413 -6.539661501546288 -11.295076203553158 -9.588602269691062 -1.7733472316883159 -12.489752227392952 -8.401773792453717 -10.62591806342649 -14.727262748014184 -13.996308871095733 -15.071232944776474 -10.984187999149526
3.787575150300601 -6.744715043406906 -11.206697790637197 -9.494938689115457 -9.997209025256648 -12.805629334333641 -12.190821799965157 -4.968286118267652 -2.13497621028349 6.566548826066804 -1.3508193672334907 0.55174910511013 -7.964391609603141 -5.3176496121953 -12.133258379626294 -10.335901092694392 -2.5526998876452045 -8.23300852642525 -6.331005107523104 -11.169836940694822 -9.430868380094779 -1.4799936817914627 -12.39027897120021 -8.231467492660904 -10.492990508268285 -14.68766749210857 -13.933207157871708 -15.048068669539186 -10.87206593413157
3.847695390781563 -6.53935914297751 -11.07955153960459 -9.33622031711458 -9.860784445155648 -12.712332449595767 -12.08373802621903 -4.732457830467328 -1.8336897523848525 6.9811070176862495 -1.117262254241211 0.7868381525146764 -7.775216499928164 -5.09253120025971 -12.016587398810891 -10.193526180823273 -2.261253733714519 -8.051871673324731 -6.118532948476361 -11.041822167572821 -9.269927703853362 -1.1815878874249819 -12.288400738090335 -8.057969703705226 -10.357350604590163 -14.646519367956415 -13.868200672519995 -15.02361916287853 -10.757700242984427
3.9078156312625247 -6.330318542072781 -10.949671494973074 -9.174391538021318 -9.721746510607332 -12.616739747071524 -11.974167219769942 -4.492519315340778 -1.5274005939183508 7.401018045937204 -0.880540601295436 1.0255291206751385 -7.582457108986234 -4.8636171570852795 -11.897338781657833 -10.048440687125908 -1.9649427223206684 -7.867394223121448 -5.902287303786302 -10.911064405753326 -9.105816510055575 -0.8781796462147895 -12.184148039864073 -7.881319397565676 -10.219035677388195 -14.603840735084164 -13.801314678566408 -14.99790527085757 -10.641126071116727
3.967935871743487 -6.1174885452583005 -10.816991373533664 -9.00937152739436 -9.58002603727909 -12.51880098428158 -11.862052150027331 -4.248351058451042 -1.2159538250133293 7.826455506006089 -0.6405328976120468 1.267959198853014 -7.38601549301664 -4.630799451594218 -11.775452055848714 -9.900579534325075 -1.6636190662848915 -7.679488320127345 -5.682160176262894 -10.777497106989387 -8.938452042002503 -0.5696163982739044 -12.077468208944477 -7.70142888280235 -10.077979407785662 -14.559607530750503 -13.732513566291027 -14.970911523886786 -10.522287918915953
4.028056112224449 -5.900928167318806 -10.681555052607852 -8.841211258274502 -9.435670068219792 -12.418552837294516 -11.747431971154914 -4.000018234994328 -0.8994241285294533 8.257287450034912 -0.3973010093475611 1.514080542012263 -7.185946493321816 -4.394147288061085 -11.650969713599732 -9.74999819766013 -1.3573579108386125 -7.488213411250297 -5.45821217083704 -10.641164485608332 -8.76788489945147 -0.25597332544021967 -11.968401412339134 -7.5183521482947135 -9.934231267759781 -14.513846721838666 -13.661829192895796 -14.942661936474051 -10.40123131136891
4.0881763527054105 -5.680627807532339 -10.543360036610476 -8.66990637677322 -9.288676567506009 -12.31599519483245 -11.630305133652517 -3.74750880146368 -0.577790352184717 8.693510817535707 -0.1508312706921262 1.763921037805091 -6.982241004100474 -4.153655740106682 -11.523890855898628 -9.596701598131585 -1.046141457440204 -7.2935674373030475 -5.230433270854391 -10.502064144842915 -8.594109731434756 0.06276931777847494 -11.85694865399423 -7.332083546172203 -9.787791899365121 -14.46656325910343 -13.589264659599872 -14.91316320248531 -10.277958994294298
4.148296593186372 -5.456514012005815 -10.40236058024588 -8.495400997592881 -9.138998026906755 -12.211093601719725 -11.510632087684147 -3.4907388297886675 -0.25094209198108763 9.135241298089923 0.09895919150963595 2.017578486054831 -6.7748302776979346 -3.9092510967481826 -11.394174132666237 -9.440647817591802 -0.7298653696051826 -7.09549116564341 -4.998747747982897 -10.360150220639888 -8.417069037123888 0.3867197203131134 -11.743074435989875 -7.142562066640767 -9.638616619056783 -14.41774158917445 -13.514796251745762 -14.882405934577017 -10.152434252132778
4.208416833667335 -5.228496912425289 -10.258499654268753 -8.317625917657878 -8.986575260736398 -12.103804523825694 -11.388363276405187 -3.2296059778417883 0.08125388773997622 9.582624619546532 0.35216956203186145 2.2751674026407867 -6.563630166241244 -3.660842218130633 -11.261767636265098 -9.281783088110426 -0.40840325252591503 -6.8939108543610645 -4.76306301028961 -10.215365520010984 -8.23669181972452 0.7160086590025827 -11.626733727274239 -6.949712470609288 -9.486649062219925 -14.367360597374413 -13.438393104699793 -14.850376300728454 -10.024610339636961
4.268537074148297 -4.996535494624794 -10.11175304898142 -8.136551248532466 -8.831383637163874 -11.994110248818188 -11.263477806846307 -2.9640630932055876 0.41886216719738933 10.03571633599378 0.6088439152400231 2.5367464429114652 -6.348602173403173 -3.4083909209139702 -11.126650121392949 -9.120089651653728 -0.08169544222355929 -6.6887968780812 -4.5233368005590435 -10.067685857292634 -8.052946877557687 1.0506987362567344 -11.507909142531734 -6.75350169828004 -9.331867306198003 -14.31541418105814 -13.360044328526113 -14.817071974665337 -9.89447051372533
4.328657314629258 -4.760702609509764 -9.962173416815734 -7.952238888564462 -8.673478901248313 -11.882053783060176 -11.13602211555449 -2.6941915523823132 0.7617874529030468 10.494363868993602 0.8689012690054203 2.8022466047405605 -6.12981442692367 -3.1519818186868815 -10.988872145564976 -8.955633153810194 0.25016249879169516 -6.480222036116296 -4.279644119699153 -9.917164323662409 -7.865895981289519 1.3906938449438755 -11.386648042099363 -6.553994896984925 -9.17432965632198 -14.261931772095389 -13.279786097021942 -14.782517991391478 -9.76206750234816
4.38877755511022 -4.521034954674938 -9.809788971441922 -7.764721583959879 -8.512890888893114 -11.767658720915453 -11.006021169540787 -2.420032075636885 1.1099848763283229 10.958483846527823 1.1323003766688982 3.0716384406757027 -5.907301410504105 -2.89166045791545 -10.848461393624326 -8.788452599918017 0.5871238771334287 -6.268226817269189 -4.032022769708696 -9.76382945101058 -7.675571436034403 1.7359477846845195 -11.26297715386599 -6.351225743367177 -9.01406861760588 -14.206931134961705 -13.19763938610153 -14.7467301615905 -9.627431434002283
4.448897795591182 -4.277367863247026 -9.654491646592849 -7.573869625912035 -8.349507026577978 -11.650840662839883 -10.873380305531342 -2.141398347900135 1.4636918161427384 11.428363077250175 1.3992182766810228 3.3451150081806316 -5.680909092426927 -2.6272557333514297 -10.705318207055676 -8.61843986392395 0.9294157663054993 -6.052671245680405 -3.780303279325299 -9.607572793980843 -7.481841006196479 2.086694322141547 -11.136808380570926 -6.145054018780858 -8.850974512568364 -14.15036629798342 -13.113541222804786 -14.70967484547353 -9.490469436840652
4.509018036072144 -4.029657166133642 -9.496254718119257 -7.379650441703323 -8.183299906310832 -11.531579478174088 -10.738076114517128 -1.858240041478797 1.8229765326534777 11.904068003071956 1.66969963057154 3.622734378407998 -5.450596235927468 -2.3587265394540364 -10.559418928638983 -8.44557517077001 1.2771010299163765 -5.8335237707973215 -3.5244402665443175 -9.448367689721522 -7.284670834314646 2.442999353188835 -11.008122173314234 -5.935443503068267 -8.685022634103898 -14.092228966765726 -13.027478483692912 -14.671347461427063 -9.351162325629474
4.569138276553106 -3.778076380781741 -9.335198799387605 -7.182207088948065 -8.014395465007524 -11.409971667825545 -10.600214459235477 -1.5707524836145048 2.187601642950625 12.385270973994121 1.9435537957988562 3.9043128379099525 -5.2165257779393075 -2.086265729676548 -10.410877510148435 -8.269997450335211 1.629945952731393 -5.610948232192407 -3.264612468855894 -9.286335582782588 -7.084205064998805 2.80462536689587 -10.877023067898808 -5.7225455082544485 -8.516341438103261 -14.032579253771969 -12.93952849181778 -14.631796153959778 -9.209622999537093
4.629258517034068 -3.522575166525641 -9.171292993695843 -6.981502019179402 -7.8427614474277085 -11.28599368106638 -10.459768202798934 -1.2788785703898242 2.557643617937213 12.872055437493191 2.220832704230507 4.189914146043755 -4.97865102372715 -1.8098253653884948 -10.259666343039708 -8.091682159271311 1.988021242232676 -5.384907864451713 -3.0007681968367983 -9.121445633468461 -6.880404901228374 3.1716461972822962 -10.743487970627204 -5.506318112835746 -8.344901398336102 -13.971406491203185 -12.84967528529206 -14.591014207446767 -9.06582781477237
4.68937875751503 -3.2630170234452116 -9.004447931412791 -6.777428114346353 -7.668304906680579 -11.159575529459556 -10.316658780275603 -0.9824640626413228 2.933299747499447 13.364662134375958 2.501680163163638 4.479696379139014 -4.736844455827261 -1.5292652161461222 -10.105703209068963 -7.910542242854828 2.351514682710707 -5.155288983875061 -2.7327671058102254 -8.953608246273479 -6.673161032147341 3.5442555104455664 -10.607444580064715 -5.286645147917408 -8.170612297849509 -13.908672595338077 -12.757866815171377 -14.54897364791403 -8.91970099428507
4.749498997995992 -2.9994366859339117 -8.834690180195448 -6.570016420993827 -7.491053452052601 -11.03073901264704 -10.170909361419227 -0.6815479633335564 3.3145268507831105 13.863023026918327 2.7860554014626264 4.773627522020259 -4.491139229633785 -1.2446289764339051 -9.949014164797731 -7.7266153783171925 2.7203807226371057 -4.9221316097667485 -2.460645147986593 -8.782850369392623 -6.462504200827848 3.9224082412328443 -10.468918238700198 -5.0635579081393445 -7.993504322900282 -13.84439330344099 -12.664122200927997 -14.505687964552026 -8.771270539551335
4.809619238476953 -2.7320433469378003 -8.662164649352473 -6.359438820761998 -7.311157103566455 -10.89959973532629 -10.022647079926088 -0.37636617862364047 3.7010365503163456 14.366759178601885 3.0737319566097203 5.071482721832613 -4.241732504157619 -0.9561470804449572 -9.789735734989133 -7.540065612817906 3.0943360163012623 -4.6856320477406905 -2.1846178648489456 -8.609317895869513 -6.24860801458011 4.305815870677208 -10.328033885024812 -4.837237638898646 -7.813729986740139 -13.778639300130154 -12.568533238949387 -14.461212898707226 -8.62066938205361
4.869739478957916 -2.4606391103090886 -8.486740245677957 -6.145538593649764 -7.128479416767544 -10.766054435904326 -9.871756571764454 -0.06669539439504318 4.09311187669779 14.876228647877255 3.3649192867821403 5.373485969126129 -3.9884393817403145 -0.6636135261879732 -9.627746709289113 -7.350761327501599 3.4736512630682337 -4.445622289185491 -1.9044818015704301 -8.432879332045768 -6.031312959968673 4.69475691783666 -10.184684148779652 -4.607515049341373 -7.631155482005827 -13.711352580325203 -12.471021885522775 -14.415504802739905 -8.467784317942755
4.929859719438878 -2.1852172844192097 -8.308415449934383 -5.928313331910111 -6.943018408262294 -10.630102506579213 -9.718236239761584 0.24747193379831672 4.490767286300077 15.391446150077513 3.65962199373227 5.679649563306995 -3.7312545041728677 -0.36702737277274294 -9.463046867932363 -7.158709848966532 3.858336627409027 -4.202105788845409 -1.6202303460520184 -8.253533427801276 -5.810615991337489 5.089243271476409 -10.038870765734185 -4.374385405178494 -7.445781314034292 -13.642535341355513 -12.371589680745172 -14.368566399919159 -8.312617701720733
4.98997995991984 -1.9059947060218363 -8.12734048537493 -5.707941098277782 -6.754928795930457 -10.491863708936258 -9.562217877748846 0.565891093154044 4.89370302324355 15.912029100822892 3.9576080025930165 5.9897393410247055 -3.470382754144084 -0.06662657008356049 -9.295777614343603 -6.964079997086395 4.248097662346371 -3.9552859692515314 -1.3320869646293865 -8.071431436046392 -5.5866971781011365 5.488974877548927 -9.890723136588324 -4.138036010990831 -7.2577645895525045 -13.57226032489004 -12.270331421333632 -14.320454674488674 -8.155306000380396
5.050100200400801 -1.6228053106950924 -7.943405732414419 -5.48429080697213 -6.564096364775196 -10.351251629299956 -9.403604842618787 0.888749342159415 5.302157043826519 16.438283792999503 4.259052764506901 6.303942551004727 -3.2056693067947544 0.23776067207103296 -9.12583777475633 -6.766763356707089 4.643161130684604 -3.705023998375034 -1.0398810593917496 -7.88646348464674 -5.359423070460547 5.894185311197191 -9.740152067547747 -3.898324819116734 -7.066993527514924 -13.500479132928332 -12.167181987824678 -14.271133159827992 -7.995755155525686
