web/models/mosfit_kne/mosfit_kn_3.0000/mosfit_kn_0.218327_0.0613_3.0000.dat
# %ECSV 1.0
# ---
# datatype:
# - {name: time, datatype: float64}
# - {name: PS1_g, datatype: float64}
# - {name: PS1_i, datatype: float64}
# - {name: PS1_r, datatype: float64}
# - {name: PS1_w, datatype: float64}
# - {name: PS1_y, datatype: float64}
# - {name: PS1_z, datatype: float64}
# - {name: swift_uvot_B, datatype: float64}
# - {name: swift_uvot_U, datatype: float64}
# - {name: swift_uvot_uvm2, datatype: float64}
# - {name: swift_uvot_uvw1, datatype: float64}
# - {name: swift_uvot_uvw2, datatype: float64}
# - {name: swift_uvot_V, datatype: float64}
# - {name: johnson_B, datatype: float64}
# - {name: johnson_I, datatype: float64}
# - {name: johnson_R, datatype: float64}
# - {name: johnson_U, datatype: float64}
# - {name: johnson_V, datatype: float64}
# - {name: sdss_g, datatype: float64}
# - {name: sdss_i, datatype: float64}
# - {name: sdss_r, datatype: float64}
# - {name: sdss_u, datatype: float64}
# - {name: sdss_z, datatype: float64}
# - {name: ATLAS_c, datatype: float64}
# - {name: ATLAS_o, datatype: float64}
# - {name: ukirt_H, datatype: float64}
# - {name: ukirt_J, datatype: float64}
# - {name: ukirt_K, datatype: float64}
# - {name: Clear, datatype: float64}
# meta: !!omap
# - comment: [kappa = 3.0, type = rprocess, mass = 0.21832694463104688, velocity = 0.061333333333333344, theta_obs = 0.0, tfloor = 1000.0]
# schema: astropy-2.0
time PS1_g PS1_i PS1_r PS1_w PS1_y PS1_z swift_uvot_B swift_uvot_U swift_uvot_uvm2 swift_uvot_uvw1 swift_uvot_uvw2 swift_uvot_V johnson_B johnson_I johnson_R johnson_U johnson_V sdss_g sdss_i sdss_r sdss_u sdss_z ATLAS_c ATLAS_o ukirt_H ukirt_J ukirt_K Clear
[from data line 481]
28.977955911823646 -1.1990483028714571 -7.705318438779329 -5.171978440489937 -6.313611467357045 -10.194209212059953 -9.212835147070386 1.386785931519342 5.960645117103702 17.314107874874246 4.715092545464117 6.785203471346911 -2.8162648844559017 0.7005822294715676 -8.914018279386557 -6.504516955830469 5.276413880938076 -3.343303991647148 -0.5992722349433599 -7.646458639221816 -5.040234513526514 6.546588459222029 -9.564649511069092 -3.5562118708685375 -6.816599220641866 -13.472450944455046 -12.080386908868126 -14.285236161730362 -7.804200248705175
29.03807615230461 -1.165638177797419 -7.684059651866022 -5.145865057436012 -6.2915634618258665 -10.178254479189253 -9.19467072587901 1.4250604236619935 6.009435365301492 17.37698937511048 4.7505332694743885 6.822354787628996 -2.785093894019462 0.7365223314909704 -8.894482557985423 -6.481716507112812 5.323543947570027 -3.3139744055287297 -0.5647599542284709 -7.625075066353322 -5.013666801022367 6.5949794022574615 -9.547494449295879 -3.528158657721807 -6.7945563372349405 -13.46495081668676 -12.069036976815822 -14.280498403316384 -7.786027442439298
29.09819639278557 -1.134658432859137 -7.664448474648573 -5.121712360573358 -6.271216308840231 -10.163605662668758 -9.177954307770655 1.460591501290115 6.054806421276986 17.4355295974078 4.783403865776901 6.856832328099834 -2.756208060436241 0.7698661232186195 -8.876483882225862 -6.460667348571126 5.367360796318959 -3.286814644178812 -0.5327491380296578 -7.605347222220935 -4.989088571220588 6.6399767350909045 -9.531723504639036 -3.502192216332425 -6.7742139080638175 -13.458213173198084 -12.05869713040652 -14.276345722685216 -7.769307884321908
29.158316633266534 -1.1027510174380417 -7.644203192595356 -5.09680863793367 -6.250218449395106 -10.148450865566563 -9.160678260151762 1.4971680952176392 6.101478721935827 17.4956967787277 4.817242013172649 6.8923254688141675 -2.7264476456211044 0.8041956668851531 -8.857893174754913 -6.438951337965187 5.412437777829318 -3.2588281760916766 -0.499784112742514 -7.584982341751481 -4.963747855964193 6.686265517348247 -9.515418485914111 -3.4754290362705653 -6.753220829184343 -13.451175035460546 -12.047963375990507 -14.27195983823461 -7.752033328582524
29.218436873747493 -1.022502452698184 -7.591103236621581 -5.032865552372989 -6.195375917993058 -10.107201115234652 -9.114489383842237 1.5882874036738392 6.216106504121264 17.6416837582545 4.901950275507652 6.9809120276851075 -2.6511933247290758 0.8900711540236868 -8.808646647756568 -6.382444814801372 5.523347923063582 -3.1877164315010527 -0.4170738507262328 -7.531604288983189 -4.898785642266237 6.799999908687493 -9.471494572926229 -3.407161632068618 -6.698389189595204 -13.428824955032129 -12.017008631449444 -14.255786112284914 -7.705866341461327
29.278557114228455 -0.8973241132983922 -7.507459968561214 -4.932636972256823 -6.109091784058069 -10.0416873947405 -9.041416515936618 1.730100314095936 6.393902612581783 17.867306986503802 5.033857868487033 7.118821856596732 -2.533645538458285 1.0238267992304058 -8.73090337536005 -6.293636225390665 5.6954458960628855 -3.076541507503234 -0.2881302674963848 -7.447536428194788 -4.796992934497855 6.976427529758471 -9.401899039941402 -3.3003288588886903 -6.612121157672792 -13.39223861880665 -11.967253812370833 -14.22865467649318 -7.63287651163024
29.338677354709418 -0.8046836003485147 -7.445920643327 -4.858681656050621 -6.045594655807012 -9.993723095654339 -8.987789859618687 1.835199183129096 6.525959018629326 18.03505896962752 5.1314637860301815 7.2209761582916485 -2.4467107639177614 1.1228651180905265 -8.67378552991082 -6.228265829246891 5.823227243789038 -2.994406456018674 -0.1926711293906891 -7.385679867097608 -4.721862526764191 7.107457813146123 -9.350885806006115 -3.2214374260178147 -6.548635718570619 -13.3659446962503 -11.931096264268087 -14.20944487628695 -7.579350966656229
29.39879759519038 -0.7530489658887873 -7.412246917066678 -4.817838870931475 -6.010797885609183 -9.967888815741563 -8.958684755571475 1.8940294546434522 6.600362501280319 18.13003150920474 5.185937576792092 7.278097500406911 -2.398368122169832 1.1781848140073021 -8.642666601686699 -6.192393942907189 5.895158618624208 -2.9488464780325936 -0.13940904556648093 -7.351823211156212 -4.680339625097059 7.1812681329272365 -9.323293705506668 -3.1777475143723244 -6.513845581742608 -13.35262878720499 -11.912082916877667 -14.200221712266375 -7.550319334159479
29.458917835671343 -0.7175222005129633 -7.3895181359551465 -4.790002322138296 -5.987272246854172 -9.950745946933548 -8.939210909188269 1.9346838618811268 6.652115886801813 18.196421324310435 5.223474788116089 7.317530480559228 -2.3651856982126356 1.2163330449599525 -8.621758855199932 -6.168105239921389 5.94514904875372 -2.9176516679289373 -0.10272278432641002 -7.328964207049697 -4.652017794263994 7.232598595451432 -9.304899622830796 -3.1478837909194723 -6.490324625117534 -13.344407499534226 -11.899801409165265 -14.194917434014831 -7.530904543884063
29.519038076152302 -0.6841373197300094 -7.368241586594841 -4.7638936498476525 -5.965244344119736 -9.93475425064247 -8.92101356939559 1.972920381796247 6.700855074906844 18.258993000534286 5.258752179625699 7.354608551064278 -2.3340177952266865 1.2521948259669242 -8.602205684498553 -6.1453577037802924 5.992219159458212 -2.8883679755310583 -0.06824099655872828 -7.3075645466146355 -4.625449481418968 7.280937441934441 -9.287725146986556 -3.119858350950082 -6.468301122243965 -13.336857883821656 -11.888409967383511 -14.190128197799295 -7.5127681968057125
29.579158316633265 -0.6516719474309873 -7.347586443782639 -4.738525723166926 -5.94385873659494 -9.919253803096133 -8.903361522144007 2.0101182383068563 6.748298698716919 18.31991437805598 5.293054515772848 7.390673831920417 -2.3037138578323217 1.2870730287663574 -8.583231935686275 -6.123272351173957 6.038033743573219 -2.8599053298582584 -0.034705823093013066 -7.286789412471091 -4.599632754973975 7.327990381032929 -9.271071986332604 -3.092621932802526 -6.446919781436495 -13.32959285206721 -11.877397320818497 -14.185556107861055 -7.495180421996537
29.639278557114228 -0.5602232791141404 -7.286828319363572 -4.665522495935903 -5.881213363557691 -9.871890647634984 -8.850405946706577 2.11386625031646 6.878679465091473 18.485253976442163 5.389235690492011 7.49146656989392 -2.2178775782149467 1.384777527539743 -8.526845194624741 -6.058818661399486 6.164176339900703 -2.7788699239274957 0.059522405173293436 -7.2257198855786875 -4.525461074414618 7.457354953120827 -9.220717725767873 -3.0147681335500387 -6.38428540335962 -13.30363596697868 -11.841700032064855 -14.166599595623362 -7.442413852471841
29.69939879759519 -0.46671762406441886 -7.224663751131999 -4.590855847554174 -5.8171377444993055 -9.823404602548163 -8.796207187337615 2.2199338729363562 7.01195577361915 18.654134222396802 5.487513390221235 7.594498424189627 -2.1300967869740832 1.4846504126216293 -8.46914770297418 -5.992911489135698 6.2931173416088875 -2.696015637940314 0.15586582861388365 -7.163237931751141 -4.449597972231576 7.5895920694279795 -9.169183724638419 -2.9351553993499557 -6.320220917365873 -13.277017870544173 -11.805132578925582 -14.147133763055153 -7.388440687315008
29.75951903807615 -0.4072876073391285 -7.185661081561587 -4.543706035492843 -5.776898224966924 -9.793317033408808 -8.762395267076002 2.287552484527521 7.097314503767702 18.762647144658896 5.5500209436102566 7.660128810927965 -2.074394610084565 1.5482189198822522 -8.433058205728294 -5.951486469748056 6.375646439099157 -2.6435374144305053 0.2171450405107933 -7.1240287362739885 -4.401666596046905 7.67427265719526 -9.137113148086229 -2.8847857636393393 -6.279988628086226 -13.261187551146952 -11.782816188600707 -14.135966989988445 -7.354793414205201
29.819639278557112 -0.3656415202299179 -7.158746035908905 -4.510916422409608 -5.749095473044434 -9.772830934712786 -8.739222918600476 2.3351042065185803 7.1576623986769405 18.839667500433624 5.593870443946631 7.706242091641787 -2.0354351398628205 1.5928438209147406 -8.408244775353985 -5.922832868505055 6.433951805330398 -2.606909230959695 0.26012446744253737 -7.096964922393614 -4.368312513998145 7.7341310999795 -9.115198772749142 -2.8496760900786633 -6.252191087360668 -13.250985035609036 -11.767935648781796 -14.12912846682177 -7.33174838085338
29.879759519038075 -0.28666619802690363 -7.106443009060541 -4.447978264468393 -5.695194121902638 -9.732168015001186 -8.69369525223668 2.4247733944387386 7.270506960979954 18.98264662811349 5.676801565427407 7.7932969980238695 -1.9613206885515069 1.6772006506938515 -8.359748673549909 -5.8673996611884265 6.543093940001501 -2.5370293969583253 0.3415135394408608 -7.044392889831439 -4.304350517633129 7.846088545011636 -9.071953541322468 -2.782541179307234 -6.198299184774552 -13.228946122667312 -11.737425277823819 -14.11318237373633 -7.286469443652592
29.939879759519037 -0.20996384734193185 -7.055679299386259 -4.38687377249428 -5.642887051093357 -9.692723893481183 -8.649519000841952 2.511876687582938 7.3801560198572425 19.12153661252194 5.7573095155601095 7.877845917066445 -1.8893411428140652 1.7591216932243332 -8.312689269149065 -5.81361367997338 6.649137220972097 -2.4691847252758743 0.4205627212780705 -6.993368016991219 -4.242248138333178 7.9548737378407175 -9.030002786709446 -2.717360243211644 -6.146001343973264 -13.207619065213477 -11.707858150871873 -14.097782879727204 -7.2425574671401804
30.0 -0.163948293543541 -7.025779179209337 -4.350549924106293 -5.612033472863853 -9.669856346938008 -8.62371083785753 2.564354842888247 7.446645532314342 19.206161392300928 5.805669050691211 7.928731165998922 -1.846257680565995 1.808372237638732 -8.2850916348625 -5.781846662121944 6.713383912331484 -2.4286785298433218 0.4680360748800716 -6.9633058598779485 -4.205303221127767 8.02082595217568 -9.005580207455548 -2.678506127521363 -6.1151535332980345 -13.196010100692382 -11.69112891343122 -14.089857798620995 -7.216924555520574
