web/models/kne/55/mosfit_kn_0.077496_0.2023_3.6500.dat
# %ECSV 1.0
# ---
# datatype:
# - {name: time, datatype: float64}
# - {name: PS1_g, datatype: float64}
# - {name: PS1_i, datatype: float64}
# - {name: PS1_r, datatype: float64}
# - {name: PS1_w, datatype: float64}
# - {name: PS1_y, datatype: float64}
# - {name: PS1_z, datatype: float64}
# - {name: swift_uvot_B, datatype: float64}
# - {name: swift_uvot_U, datatype: float64}
# - {name: swift_uvot_uvm2, datatype: float64}
# - {name: swift_uvot_uvw1, datatype: float64}
# - {name: swift_uvot_uvw2, datatype: float64}
# - {name: swift_uvot_V, datatype: float64}
# - {name: johnson_B, datatype: float64}
# - {name: johnson_I, datatype: float64}
# - {name: johnson_R, datatype: float64}
# - {name: johnson_U, datatype: float64}
# - {name: johnson_V, datatype: float64}
# - {name: sdss_g, datatype: float64}
# - {name: sdss_i, datatype: float64}
# - {name: sdss_r, datatype: float64}
# - {name: sdss_u, datatype: float64}
# - {name: sdss_z, datatype: float64}
# - {name: ATLAS_c, datatype: float64}
# - {name: ATLAS_o, datatype: float64}
# - {name: ukirt_H, datatype: float64}
# - {name: ukirt_J, datatype: float64}
# - {name: ukirt_K, datatype: float64}
# - {name: Clear, datatype: float64}
# meta: !!omap
# - comment: [kappa = 3.65, type = rprocess, mass = 0.07749594937791414, velocity = 0.20233333333333337, theta_obs = 0.0, tfloor = 1000.0]
# schema: astropy-2.0
time PS1_g PS1_i PS1_r PS1_w PS1_y PS1_z swift_uvot_B swift_uvot_U swift_uvot_uvm2 swift_uvot_uvw1 swift_uvot_uvw2 swift_uvot_V johnson_B johnson_I johnson_R johnson_U johnson_V sdss_g sdss_i sdss_r sdss_u sdss_z ATLAS_c ATLAS_o ukirt_H ukirt_J ukirt_K Clear
[from data line 85]
5.170340681362725 -9.621168571133065 -13.014217174512943 -11.734275627298079 -11.958511409684043 -14.154006636620746 -13.724927408882124 -8.254632192078521 -6.306420062285305 0.7478582651333605 -4.723505396062713 -2.8021180587268044 -10.60898336779082 -8.475939697064291 -13.800659678483218 -12.37142024624535 -6.590569458403401 -10.781707584164549 -9.304359731282279 -12.98930498826568 -11.697144319207329 -5.607461287126672 -13.858012281527543 -10.688909597225127 -12.433387544682866 -15.33866065139184 -14.903162153761416 -15.478071353862928 -12.54661016699787
5.2304609218436875 -9.55760375300267 -12.980076397310185 -11.6882516171985 -11.919362327177296 -14.132394124565408 -13.698279886023226 -8.17997678423681 -6.207636933935561 0.8943617941085131 -4.64270167860743 -2.7227268019621707 -10.552096494490588 -8.404352078111724 -13.770294375317881 -12.330527294631175 -6.495461511844944 -10.727122104245604 -9.238139647187644 -12.954834667037982 -11.650467979557178 -5.510031621140339 -13.83307426168427 -10.636418123924152 -12.395154235518806 -15.33579985567886 -14.891732189557077 -15.48108899293698 -12.514954125932665
5.290581162324649 -9.493517624544783 -12.945477565770531 -11.64174319724621 -11.879794263324861 -14.110358092640496 -13.671193039735297 -8.104763827711043 -6.108231297104414 1.0414620364535105 -4.561597711710075 -2.6429972854372994 -10.494684403469503 -8.332239288273303 -13.739484056304196 -12.289187611833505 -6.399737903180391 -10.672034977020404 -9.17139170498455 -12.919905550648956 -11.60330060465208 -5.411972753411156 -13.807707191986704 -10.58345800815058 -12.356479430382024 -15.332584575948275 -14.879915522435068 -15.483777663855099 -12.48291985223771
5.350701402805611 -9.42894349193029 -12.910445068477703 -11.59477841425499 -11.839832850861125 -14.087919044871526 -13.643688928940954 -8.029030050187213 -6.008247072920199 1.1890991968282778 -4.480227504970049 -2.5629614335637316 -10.436778403678517 -8.25963730336149 -13.708251966024598 -12.247427902356957 -6.303441538568652 -10.616476975558287 -9.10415002359084 -12.884542133534023 -11.555670420955817 -5.313328273006146 -13.781932656558382 -10.530059123272046 -12.317388859347371 -15.32902946916957 -14.867729498275056 -15.486150204950613 -12.450530661810912
5.410821643286573 -9.363941437888208 -12.875021148459247 -11.547406774319171 -11.79952298378062 -14.06511152433481 -13.615805189285393 -7.952842348102865 -5.907765699051666 1.337161784559588 -4.39865658751204 -2.4826824394911493 -10.3784345980925 -8.186611277716555 -13.676638047582543 -12.205294713101644 -6.206651729181935 -10.560502926948574 -9.036476305752199 -12.848786864607433 -11.507627324204233 -5.214178897852246 -13.75578728310682 -10.476274694156267 -12.277927288147925 -15.325157480298724 -14.855202380983917 -15.48822592978375 -12.4178268049711
5.4709418837675345 -9.298379811201105 -12.839119768722487 -11.499523871402868 -11.758770833742105 -14.041868866385645 -13.587467354511507 -7.876051878954718 -5.806600748115223 1.485908143129408 -4.31672349717779 -2.401999317437905 -10.319531626306404 -8.113017429118234 -13.64456214160403 -12.162691938295744 -6.109187840729444 -10.503995294252258 -8.968234788341647 -12.812553201957968 -11.459065853662196 -5.114340332036065 -13.729199332356803 -10.421990297543058 -12.238002558793486 -15.32093099107271 -14.842283293228585 -15.489976357302842 -12.384726147276446
5.531062124248497 -9.232333397758925 -12.802792857044292 -11.451190922483221 -11.71763186609498 -14.018233167684517 -13.558721468902188 -7.798742128585011 -5.704854356638993 1.635197851428562 -4.234511742469813 -2.320993115277673 -10.260139145865168 -8.038936993229665 -13.612073235312902 -12.119676978490325 -6.011149257570054 -10.447022080228761 -8.89950233009765 -12.7758933355598 -11.410047724364851 -5.013913757835287 -13.702213554131646 -10.36727198721568 -12.197669832568891 -15.31637731927631 -14.829006325762409 -15.491424177241926 -12.351278250192639
5.591182364729459 -9.165842699042841 -12.766069381880527 -11.402441611522853 -11.676136631414398 -13.994228383959477 -13.52959350042326 -7.720958038044091 -5.60258083974043 1.7849567594848788 -4.152063873969034 -2.239704566943995 -10.200295112003161 -7.964413824351361 -13.579198806874679 -12.076281659129766 -5.912588958078075 -10.389620459718072 -8.830320484053438 -12.738836369270938 -11.360606870761796 -4.912953063514145 -13.67485527607819 -10.312155775809764 -12.156959718671754 -15.31151284258964 -14.815391339319193 -15.492583393198645 -12.317510630909627
5.651302605210421 -9.098785548083228 -12.728869391170416 -11.353178987385615 -11.634198198905175 -13.969792523821294 -13.50001421375401 -7.642561476107651 -5.499607207868813 1.935423606321824 -4.069231317729791 -2.157985382780051 -10.139886793372181 -7.889314621793119 -13.545864369426834 -12.032416869397686 -5.813339320843298 -10.331681353785454 -8.760563274979827 -12.701301884341287 -11.310645337819007 -4.811287193942579 -13.647057826031634 -10.256535575530066 -12.115786734893863 -15.30630258258531 -14.801391024084188 -15.493427542290837 -12.283347306817802
5.7114228456913825 -9.031235422567967 -12.691243786020845 -11.30346312752227 -11.591870887174345 -13.944966767168339 -13.470028694809937 -7.563634536294216 -5.396033998391534 2.086460215579657 -3.9860960106780747 -2.0759153081246704 -10.078982633492075 -7.8137192167997895 -13.51211791249072 -11.988138879847849 -5.713498170075717 -10.273271547236467 -8.690306229961582 -12.663341041140583 -11.260223703459076 -4.709015762840085 -13.618865003022567 -10.20047618927709 -12.074204933203685 -15.300773076415478 -14.787038630180954 -15.493978567467773 -12.248836730659605
5.771543086172344 -8.963245214754298 -12.653229672538213 -11.253337571988453 -11.549194025059979 -13.919781384975245 -13.439669962296872 -7.484236178259237 -5.291933060453573 2.2379682371547434 -3.9027152457037846 -1.9935498776367164 -10.017632047877793 -7.737684989909205 -13.477994497733487 -11.94348858288149 -5.613135490522485 -10.214439311026345 -8.61960367873067 -12.62499112900965 -11.209385862593049 -4.606210016498533 -13.590308927661141 -10.144024364451063 -12.032253601595286 -15.29494425689467 -14.772358837050737 -15.494253152355613 -12.214014075041995
5.831663326653306 -8.894680471665932 -12.61473864478587 -11.202695365599471 -11.506071856818654 -13.894167605434529 -13.40886131607439 -7.404214474207392 -5.187114388351901 2.390208830357527 -3.818927525008337 -1.9107279316442525 -9.955710786641891 -7.661065398809303 -13.443411705059074 -11.898367697267417 -5.512067123935218 -10.15506446541991 -8.548317010417428 -12.586163232668461 -11.15802374078136 -4.502682010785701 -13.561315727235197 -10.087063328903465 -11.989838417697545 -15.288776967450413 -14.757298965603097 -15.494221491823195 -12.178795653274435
5.891783567134269 -8.825648790530316 -12.575844334455866 -11.15162391902313 -11.462583084487488 -13.868184448204826 -13.377667658622094 -7.323690005018629 -5.081726430314699 2.54297823702849 -3.734854448184208 -1.8275687753770984 -9.893318938461128 -7.583977414787103 -13.408438764261856 -11.852857678020687 -5.410437388887594 -10.095244437359517 -8.476556904843857 -12.546931370849208 -11.106225533863494 -4.398578804492299 -13.531948316656255 -10.029687545027102 -11.947037590104017 -15.282308160881183 -14.741906078938543 -15.493913590893198 -12.143251259539554
5.95190380761523 -8.756092234358963 -12.536509458020273 -11.100077659217611 -11.418687083360766 -13.841803404998299 -13.346056929588066 -7.242597010983235 -4.9756862595342355 2.696390199586209 -3.6504245134354636 -1.7440004115040995 -9.830403124807347 -7.5063578467750105 -13.373041087947783 -11.806917024763976 -5.308166041278881 -10.034927812469865 -8.40426356440684 -12.507258035341398 -11.053945146759663 -4.293818426931217 -13.50217594567452 -9.971847013053559 -11.903811283500385 -15.275522579312671 -14.726158879876808 -15.493318386001336 -12.107345716448634
6.012024048096192 -8.685973930139976 -12.496710768209756 -11.048027888730925 -11.374358434101381 -13.815007006973499 -13.314009313174573 -7.160893453304268 -4.868940438974558 2.8505176189823596 -3.5655913175641625 -1.6599756534445507 -9.766929446511476 -7.428166480888358 -13.337197220915488 -11.760519877479549 -5.205201451779164 -9.974082100179372 -8.33139889044558 -12.467119833075984 -11.001153518376565 -4.188348080893256 -13.471979698171221 -9.913510135499415 -11.86013466343491 -15.268411509360057 -14.71004467080032 -15.492429946202096 -12.07105725083041
6.072144288577154 -8.615385176759531 -12.45651088466694 -10.995548871171898 -11.329663889525161 -13.78784550793009 -13.281580044625283 -7.078681635093452 -4.761614820551436 3.0051880419766848 -3.4804571730476748 -1.5755949595775074 -9.702982912054214 -7.349502535276486 -13.300966055155616 -11.713735441647845 -5.101666005232712 -9.912790045545774 -8.258056788717418 -12.426579711699617 -10.947925585787903 -4.082292482702794 -13.441413124152017 -9.854757037094828 -11.816074163168668 -15.261006483955587 -14.693603567355511 -15.491273899246883 -12.034445036140617
6.132264529058116 -8.544223033767366 -12.415842179842649 -10.942558766100401 -11.284530460257312 -13.760266366121119 -13.248710473752485 -6.995845153335863 -4.653563676181207 3.160600386831775 -3.3948994689898266 -1.4907355247998875 -9.63846829032444 -7.270253974749931 -13.26428458956751 -11.666488792408558 -4.99741848884905 -9.850959731978167 -8.184131128449135 -12.385569655271702 -10.894178608699505 -3.975507450050735 -13.410419806632294 -9.79549850656893 -11.771557820632061 -15.253277825317411 -14.676795455396865 -15.489827812005393 -11.997445508449065
6.192384769539078 -8.472549384068682 -12.374747480321382 -10.889108156190996 -11.23900365852311 -13.732304167546747 -13.215438502011843 -6.912453223142424 -4.544871826222181 3.3166382983402416 -3.3089865478969567 -1.4054641757719852 -9.573443288652019 -7.190488038329889 -13.227193177407887 -11.61882724492352 -4.892541458558892 -9.788647436601481 -8.10968552846317 -12.34413271081971 -10.83996360931291 -3.868077077195551 -13.379036549343564 -9.735788982436873 -11.726631037151947 -15.245247639712908 -14.659648170457247 -15.488109855767076 -11.960099149274566
6.25250501002004 -8.400326924049608 -12.333203064401772 -10.83516788805758 -11.193057674947369 -13.703940960793837 -13.181743830210593 -6.828463377536976 -4.435485419489851 3.47337476518305 -3.222672258406724 -1.3197340160745017 -9.507873541860452 -7.110164126992252 -13.189669892035145 -11.570724531096747 -4.786982871413301 -9.725820241783401 -8.034681463370337 -12.302245011845443 -10.785251063151495 -3.75994814252973 -13.347243965294204 -9.67559645912015 -11.68126854966685 -15.236906745289588 -14.642148541094622 -15.486113638567732 -11.922383828471599
6.312625250501002 -8.32753816041393 -12.29119844386565 -10.780724699661182 -11.146680939810327 -13.675169210545661 -13.14761771182745 -6.743855468320535 -4.325378348175679 3.630844672022719 -3.135933626541316 -1.2335211470820293 -9.441743045562376 -7.029263214264571 -13.151705185130915 -11.522169066002032 -4.680717609573623 -9.66246303424313 -7.9591008137759545 -12.259895999143335 -10.730027495249317 -3.65109488847855 -13.315033823353772 -9.614906198328637 -11.635459182949077 -15.22825211916485 -14.624291502140705 -15.483837582887714 -11.884289925142664
6.372745490981964 -8.254270888354629 -12.248793755854273 -10.725849960344878 -11.099937394664039 -13.646037101374304 -13.113113152846925 -6.6587279546355935 -4.214671836816475 3.788882366571504 -3.048868592564897 -1.146922069990136 -9.375133602207121 -6.947880683570492 -13.113355580814858 -11.473227243252257 -4.573863562435953 -9.598655369199827 -7.883033893287816 -12.217146126705138 -10.674364945413828 -3.5416374861498667 -13.282457482248109 -9.553795103167726 -11.589266648127108 -15.21931378460717 -14.606115407176253 -15.481305964069596 -11.845873984452364
6.432865731462925 -8.180384701665595 -12.205895946484215 -10.670431540733869 -11.052727244580254 -13.616471885143202 -13.078149168866435 -6.572922269591493 -4.103167915459167 3.9477564275768957 -2.961313434392476 -1.0597727809632427 -9.307914995519361 -6.86586399486686 -13.074534268033233 -11.423796379516073 -4.466228789715451 -9.534271595128006 -7.806336009966763 -12.173901818664827 -10.618150040123009 -3.4313799496293385 -13.249436997701771 -9.492141418822104 -11.542592258137176 -15.210049911882951 -14.587564305423937 -15.478486774697815 -11.807049056103871
6.492985971943887 -8.105998940793171 -12.162586270485374 -10.614566141430828 -11.005136977681893 -13.586538374215777 -13.04279721230131 -6.486572436457446 -3.9910320285763845 4.1072411216118505 -2.873402292839184 -0.9722059248976431 -9.240198340411478 -6.783342807194298 -13.035317514523197 -11.373966173493521 -4.3579741012958735 -9.46941961956236 -7.7291299697224325 -12.130244763402214 -10.561480421488039 -3.3204862575422744 -13.216041518980628 -9.430049460666154 -11.495522097155764 -15.200500306955288 -14.568689465576162 -15.47541189614268 -11.767891400452832
6.55310621242485 -8.031007762658344 -12.118794771800054 -10.558169364857442 -10.957091620111221 -13.556182001958739 -13.006996464686313 -6.399558832484234 -3.878114615437269 4.267538645811066 -2.7850117436664408 -0.8840975098446466 -9.171885468639058 -6.700202207499245 -12.99564011321235 -11.32365955119597 -4.248954540744496 -9.404004858065205 -7.651306682806389 -12.086104611616566 -10.504270726876399 -3.2088083526870648 -13.182212572196157 -9.367427585353898 -11.447982048899803 -15.190633882330534 -14.549449082485706 -15.472057710989374 -11.728335856630263
6.613226452905812 -7.955491938960666 -12.074576772381178 -10.501306873624436 -10.908649908417267 -13.525447075971435 -12.970795678030047 -6.3119720692020485 -3.7645272511494277 4.428496668447079 -2.6962316769897394 -0.7955362231869354 -9.103051671137916 -6.616529949744482 -12.955554054861295 -11.272937577244601 -4.139278628029761 -9.338100525377973 -7.5729492413408295 -12.041536977754035 -10.446587243394028 -3.096456866353936 -13.147997390452897 -9.304346487665569 -11.400030686309126 -15.180478181897051 -14.529878393207605 -15.468446448181579 -11.688434322383578
6.673346693386773 -7.879394276712919 -12.029894904314204 -10.443933349089889 -10.85977172900023 -13.494304711432275 -12.934162510032348 -6.2237473454833845 -3.6501885040163096 4.59022457502227 -2.6069946939473705 -0.7064538723102873 -9.03364396129578 -6.532264004892777 -12.91502461202927 -11.221759184256712 -4.028867534737223 -9.27165577356863 -7.4939986631448186 -11.996504280631086 -10.388384095738328 -2.9833512211885527 -13.113364977201432 -9.24075685331827 -11.35162845992637 -15.170017297409629 -14.509955577160445 -15.464566337018882 -11.648152173208342
6.733466933867735 -7.802733327740707 -11.984762646709974 -10.386064379082711 -10.810471195817097 -13.462766146935028 -12.897109087792646 -6.13490520378723 -3.5351229626181535 4.752687975156584 -2.517319843551817 -0.6168685253267934 -8.963679774609894 -6.447424588170495 -12.874064619750467 -11.170139343752467 -3.917745343500052 -9.204687859781602 -7.414473971429469 -11.951020064430224 -10.329676965688641 -2.869515875070743 -13.0783272304242 -9.176675231832778 -11.302789649222351 -15.15925908421909 -14.489690062330743 -15.460424168719927 -11.607502230689075
