web/models/kne/55/mosfit_kn_0.051209_0.4217_3.6500.dat
# %ECSV 1.0
# ---
# datatype:
# - {name: time, datatype: float64}
# - {name: PS1_g, datatype: float64}
# - {name: PS1_i, datatype: float64}
# - {name: PS1_r, datatype: float64}
# - {name: PS1_w, datatype: float64}
# - {name: PS1_y, datatype: float64}
# - {name: PS1_z, datatype: float64}
# - {name: swift_uvot_B, datatype: float64}
# - {name: swift_uvot_U, datatype: float64}
# - {name: swift_uvot_uvm2, datatype: float64}
# - {name: swift_uvot_uvw1, datatype: float64}
# - {name: swift_uvot_uvw2, datatype: float64}
# - {name: swift_uvot_V, datatype: float64}
# - {name: johnson_B, datatype: float64}
# - {name: johnson_I, datatype: float64}
# - {name: johnson_R, datatype: float64}
# - {name: johnson_U, datatype: float64}
# - {name: johnson_V, datatype: float64}
# - {name: sdss_g, datatype: float64}
# - {name: sdss_i, datatype: float64}
# - {name: sdss_r, datatype: float64}
# - {name: sdss_u, datatype: float64}
# - {name: sdss_z, datatype: float64}
# - {name: ATLAS_c, datatype: float64}
# - {name: ATLAS_o, datatype: float64}
# - {name: ukirt_H, datatype: float64}
# - {name: ukirt_J, datatype: float64}
# - {name: ukirt_K, datatype: float64}
# - {name: Clear, datatype: float64}
# meta: !!omap
# - comment: [kappa = 3.65, type = rprocess, mass = 0.051209162050732976, velocity = 0.4216666666666667, theta_obs = 0.0, tfloor = 1000.0]
# schema: astropy-2.0
time PS1_g PS1_i PS1_r PS1_w PS1_y PS1_z swift_uvot_B swift_uvot_U swift_uvot_uvm2 swift_uvot_uvw1 swift_uvot_uvw2 swift_uvot_V johnson_B johnson_I johnson_R johnson_U johnson_V sdss_g sdss_i sdss_r sdss_u sdss_z ATLAS_c ATLAS_o ukirt_H ukirt_J ukirt_K Clear
[from data line 377]
22.725450901803605 8.447079214450834 -0.43474959874846064 3.040321179289389 1.0723973677854026 -3.9579396472737116 -2.540263682426591 11.986985791015304 18.645929888910224 32.5345251929394 14.611512420984774 17.124528927464425 6.406595907321619 10.783048474049114 -1.9882629051704113 0.9817698615545887 17.614928709658482 5.451573572152866 9.25961931576527 -0.35349364663545657 3.2688098387858133 19.14703541908505 -3.113691294448575 5.019397749032031 0.5669852244222362 -8.906927025189207 -6.757437729699516 -10.267215705662379 -1.2134966759759358
22.785571142284567 8.454029470360318 -0.42779934283895926 3.0472714351988905 1.079347623694904 -3.9509893913642102 -2.53331342651709 11.993936046924805 18.652880144819726 32.5414754488489 14.618462676894275 17.131479183373926 6.41354616323112 10.789998729958615 -1.9813126492609099 0.98872011746409 17.621878965567983 5.458523828062368 9.266569571674772 -0.3465433907259552 3.2757600946953147 19.15398567499455 -3.1067410385390737 5.026348004941532 0.5739354803317376 -8.899976769279705 -6.750487473790015 -10.260265449752877 -1.2065464200664344
22.84569138276553 8.460968165836888 -0.4208606473623888 3.0542101306754432 1.0862863191714567 -3.9440506958876576 -2.5263747310405194 12.000874742401376 18.65981884029628 32.548414144325456 14.625401372370845 17.138417878850497 6.420484858707673 10.796937425435186 -1.9743739537843394 0.9956588129406427 17.628817661044536 5.46546252353892 9.273508267151325 -0.3396046952494025 3.282698790171885 19.160924370471104 -3.099802343062521 5.033286700418085 0.580874175808308 -8.893038073803153 -6.743548778313462 -10.253326754276324 -1.1996077245898817
22.905811623246493 8.467895428478709 -0.4139333847205684 3.0611373933172814 1.0932135818132949 -3.9371234332458194 -2.519447468398699 12.007802005043196 18.666746102938117 32.55534140696729 14.632328635012666 17.145345141492317 6.427412121349511 10.803864688077006 -1.967446691142519 1.002586075582481 17.635744923686374 5.472389786180758 9.280435529793163 -0.3326774326075643 3.2896260528137056 19.167851633112942 -3.092875080420683 5.040213963059923 0.5878014384501284 -8.886110811161315 -6.736621515671624 -10.246399491634486 -1.1926804619480436
22.965931863727455 8.474811388144854 -0.4070174250544234 3.0680533529834264 1.1001295414794399 -3.9302074735796744 -2.512531508732554 12.014717964709341 18.67366206260426 32.56225736663343 14.63924459467881 17.152261101158462 6.434328081015656 10.810780647743151 -1.960530731476374 1.009502035248626 17.64266088335252 5.479305745846903 9.287351489459308 -0.3257614729414371 3.2965420124798506 19.174767592779087 -3.0859591207545556 5.047129922726068 0.5947173981162734 -8.87919485149517 -6.729705556005479 -10.239483531968359 -1.1857645022819163
23.026052104208414 8.48171613433978 -0.40011267885949664 3.0749580991783354 1.1070342876743489 -3.9233027273847654 -2.505626762537627 12.021622710904268 18.68056680879917 32.56916211282835 14.646149340873738 17.15916584735339 6.441232827210565 10.817685393938078 -1.9536259852814473 1.0164067814435527 17.64956562954743 5.486210492041812 9.294256235654217 -0.31885672674651033 3.3034467586747773 19.181672338973996 -3.079054374559629 5.054034668920977 0.6016221443112002 -8.87229010530026 -6.72280080981057 -10.232578785773432 -1.1788597560869896
23.086172344689377 8.488609760615038 -0.3932190525842394 3.0818517254536104 1.1139279139496239 -3.916409101109508 -2.49873313626237 12.028516337179525 18.687460435074446 32.576055739103616 14.653042967148995 17.166059473628646 6.4481264534858225 10.824579020213335 -1.94673235900619 1.02330040771881 17.656459255822686 5.4931041183170874 9.301149861929492 -0.3119631004712531 3.3103403849500346 19.18856596524927 -3.0721607482843716 5.060928295196252 0.6085157705864574 -8.865396479024986 -6.715907183535313 -10.225685159498175 -1.1719661298117323
23.14629258517034 8.49549238088887 -0.38633643231040793 3.088734345727442 1.1208105342234553 -3.909526480835659 -2.4918505159885385 12.035398957453356 18.694343055348277 32.58293835937745 14.659925587422826 17.172942093902478 6.455009073759672 10.831461640487166 -1.9398497387323586 1.0301830279926414 17.663341876096535 5.499986738590919 9.308032482203323 -0.3050804801974216 3.317223005223866 19.195448585523103 -3.06527812801054 5.067810915470083 0.6153983908602889 -8.858513858751154 -6.709024563261464 -10.218802539224326 -1.165083509537883
23.206412825651302 8.502364117948833 -0.3794646952504621 3.0956060827873877 1.1276822712834011 -3.902654743775713 -2.4849787789285926 12.042270694513302 18.701214792408223 32.589810096437404 14.66679732448279 17.17981383096244 6.4618808108196175 10.838333377547112 -1.9329780016724127 1.0370547650525872 17.67021361315648 5.506858475650865 9.31490421926327 -0.29820874313745804 3.3240947422838296 19.20232032258305 -3.0584063909505765 5.074682652530029 0.6222701279202525 -8.851642121691208 -6.702152826201518 -10.21193080216438 -1.1582117724779373
23.266533066132265 8.50922508597371 -0.37260372722556667 3.1024670508122654 1.1345432393082788 -3.8957937757508354 -2.478117810903697 12.049131662538198 18.7080757604331 32.59667106446228 14.673658292507668 17.18667479898732 6.468741778844495 10.845194345572008 -1.9261170336475173 1.0439157330774826 17.67707458118136 5.513719443675742 9.321765187288147 -0.29134777511258036 3.3309557103087073 19.209181290607926 -3.051545422925699 5.081543620554907 0.6291310959451302 -8.84478115366633 -6.69529185817664 -10.205069834139502 -1.1513508044530596
23.326653306613224 8.516075402921572 -0.3657534102777049 3.109317367760127 1.1413935562561406 -3.8889434588029737 -2.4712674939558354 12.05598197948606 18.714926077380962 32.60352138141014 14.68050860945553 17.19352511593518 6.475592095792357 10.85204466251987 -1.9192667166996555 1.0507660500253444 17.68392489812922 5.520569760623604 9.328615504236009 -0.2844974581647186 3.337806027256569 19.216031607555788 -3.044695105977837 5.088393937502769 0.6359814128929919 -8.837930836718469 -6.688441541228778 -10.19821951719164 -1.1445004875051978
23.386773547094187 8.522915180406176 -0.35891363279310085 3.116157145244749 1.1482333337407624 -3.882103681318352 -2.4644277164712314 12.062821756970664 18.721765854865584 32.610361158894754 14.687348386940133 17.200364893419785 6.482431873276961 10.858884440004474 -1.9124269392150515 1.0576058275099485 17.690764675613842 5.527409538108226 9.33545528172063 -0.27765768068011454 3.344645804741173 19.22287138504041 -3.037855328493233 5.0952337149873905 0.642821190377596 -8.831091059233847 -6.6816017637441565 -10.191379739707036 -1.1376607100205938
23.44689378757515 8.529744501368537 -0.3520843118307404 3.1229864662071094 1.1550626547031229 -3.8752743603559914 -2.457598395508871 12.069651077933024 18.728595175827945 32.617190479857115 14.694177707902494 17.207194214382145 6.489261194239339 10.865713760966834 -1.905597618252691 1.064435148472309 17.697593996576202 5.534238859070586 9.34228460268299 -0.27082835971773633 3.3514751257035336 19.22970070600277 -3.031026007530855 5.102063035949751 0.6496505113399564 -8.824261738271487 -6.674772442781796 -10.184550418744658 -1.1308313890582156
23.507014028056112 8.536563444946683 -0.34526536825259413 3.129805409785238 1.1618815982812514 -3.868455416777863 -2.4507794519307247 12.07647002151117 18.735414119406073 32.624009423435254 14.70099665148064 17.21401315796029 6.496080137817468 10.87253270454498 -1.8987786746745448 1.0712540920504374 17.70441294015433 5.541057802648715 9.34910354626112 -0.2640094161396078 3.35829406928168 19.2365196495809 -3.0242070639527263 5.1088819795278795 0.6564694549181027 -8.817442794693358 -6.6679534992036675 -10.17773147516653 -1.124012445480087
23.567134268537075 8.543372125606457 -0.33845668759282077 3.1366140904450113 1.1686902789410425 -3.8616467361180895 -2.4439707712709513 12.083278702170944 18.742222800065864 32.63081810409503 14.707805332140413 17.220821838620065 6.502888818477241 10.879341385204754 -1.8919699940147714 1.0780627727102285 17.711221620814104 5.547866483308488 9.35591222692091 -0.25720073547983446 3.365102749941453 19.24332833024069 -3.017398383292953 5.115690660187671 0.6632781355778761 -8.810634114033585 -6.661144818543894 -10.170922794506756 -1.1172037648203137
23.627254509018034 8.550170654031568 -0.33165815916770924 3.143412618870123 1.175488807366154 -3.854848207692978 -2.4371722428458398 12.090077230596055 18.749021328490976 32.63761663252015 14.714603860565525 17.227620367045176 6.509687346902353 10.886139913629865 -1.8851714655896599 1.08486130113534 17.718020149239216 5.5546650117336 9.362710755346022 -0.25040220705472294 3.3719012783665647 19.2501268586658 -3.0105998548678414 5.122489188612782 0.6700766640029876 -8.803835585608473 -6.654346290118783 -10.164124266081645 -1.1104052363952022
23.687374749498996 8.556959134880291 -0.32486967831900415 3.1502010997188457 1.1822772882148591 -3.848059726844255 -2.430383761997117 12.096865711444778 18.75580980933968 32.64440511336886 14.721392341414248 17.2344088478939 6.5164758277510755 10.89292839447857 -1.878382984740937 1.0916497819840452 17.72480863008794 5.561453492582323 9.369499236194727 -0.24361372620600008 3.3786897592152876 19.256915339514507 -3.0038113740191186 5.129277669461487 0.6768651448517105 -8.79704710475975 -6.64755780927006 -10.157335785232922 -1.1036167555464793
23.74749498997996 8.563737673161231 -0.31809114003804595 3.156979637999786 1.1890558264957996 -3.8412811885633147 -2.4236052237161765 12.103644249725718 18.76258834762062 32.6511836516498 14.728170879695188 17.24118738617484 6.523254366032016 10.899706932759528 -1.8716044464599966 1.0984283202650034 17.73158716836888 5.568232030863263 9.376277774475668 -0.23683518792505964 3.385468297496228 19.263693877795447 -2.997032835738178 5.136056207742428 0.6836436831326509 -8.79026856647881 -6.640779270989119 -10.150557246951982 -1.0968382172655389
23.80761523046092 8.570506364559236 -0.3113224486400412 3.163748329397791 1.195824517893822 -3.83451249716531 -2.4168365323181717 12.110412941123723 18.769357039018644 32.6579523430478 14.734939571093193 17.247956077572844 6.530023057430021 10.906475624157533 -1.8648357550619918 1.105197011663008 17.738355859766884 5.575000722261268 9.383046465873672 -0.2300664965270549 3.3922369888942328 19.27046256919347 -2.9902641443401734 5.142824899140432 0.6904123745306556 -8.783499875080805 -6.634010579591115 -10.143788555553977 -1.0900695258675341
23.867735470941884 8.577265285529183 -0.3045635276700942 3.170507250367738 1.2025834388637513 -3.827753576195363 -2.4100776113482247 12.11717186209367 18.776115959988573 32.664711264017754 14.74169849206314 17.25471499854279 6.536781978399968 10.913234545127462 -1.8580768340920448 1.1119559326329373 17.74511478073683 5.581759643231215 9.38980538684362 -0.2233075755571079 3.3989959098641798 19.2772214901634 -2.9835052233702264 5.149583820110379 0.6971712955006026 -8.776740954110858 -6.627251658621168 -10.13702963458403 -1.0833106048975871
23.927855711422843 8.584014509563005 -0.29781430363627237 3.1772564744015597 1.209332662897591 -3.821004352161541 -2.403328387314403 12.123921086127492 18.782865184022413 32.671460488051586 14.748447716096962 17.261464222576613 6.5435312024337895 10.919983769161302 -1.851327610058223 1.118705156666777 17.751864004770653 5.5885088672650545 9.396554610877459 -0.21655835152328606 3.4057451338980016 19.28397071419724 -2.9767559993364046 5.156333044144219 0.7039205195344245 -8.769991730077036 -6.620502434587346 -10.130280410550208 -1.0765613808637653
23.987975951903806 8.590754140029002 -0.2910746731702929 3.183996104867557 1.2160722933635704 -3.814264721695544 -2.3965887568484234 12.130660716593471 18.789604814488392 32.67820011851757 14.755187346562959 17.268203853042593 6.550270832899787 10.926723399627281 -1.8445879795922435 1.1254447871327564 17.75860363523665 5.595248497731034 9.403294241343438 -0.20981872105728883 3.412484764363981 19.290710344663218 -2.9700163688704073 5.1630726746101985 0.7106601500004217 -8.763252099611039 -6.6137628041213485 -10.12354078008421 -1.069821750397768
24.04809619238477 8.597484272610139 -0.2843445405891387 3.190726237448711 1.2228024259447245 -3.8075345891144075 -2.3898586242672692 12.137390849174626 18.796334947069546 32.68493025109872 14.761917479144095 17.274933985623747 6.557000965480923 10.933453532208436 -1.8378578470110893 1.1321749197139106 17.765333767817786 5.601978630312188 9.410024373924593 -0.2030885884761524 3.4192148969451353 19.297440477244372 -2.963286236289271 5.169802807191353 0.7173902825815581 -8.756521967029885 -6.607032671540212 -10.116810647503074 -1.0630916178166316
24.10821643286573 8.604205003936816 -0.2776238092624794 3.1974469687753704 1.2295231572713838 -3.8008138577877304 -2.383137892940592 12.144111580501303 18.803055678396206 32.69165098242539 14.768638210470773 17.281654716950424 6.5637216968076 10.940174263535095 -1.8311371156844123 1.13889565104057 17.772054499144463 5.608699361638847 9.416745105251252 -0.19636785714947536 3.4259356282718123 19.30416120857103 -2.956565504962594 5.176523538518012 0.7241110139082352 -8.749801235703226 -6.600311940213535 -10.110089916176397 -1.0563708864899546
24.168336673346694 8.61091642850651 -0.2709123846927852 3.2041583933450646 1.236234581841078 -3.794102433218036 -2.3764264683709158 12.150823005070997 18.8097671029659 32.69836240699508 14.775349635040467 17.288366141520118 6.570433121377294 10.94688568810479 -1.824425691114718 1.145607075610264 17.778765923714158 5.615410786208542 9.423456529820946 -0.18965643257978115 3.4326470528415065 19.310872633140725 -2.9498540803928996 5.183234963087706 0.7308224384779294 -8.743089811133531 -6.593600515643841 -10.103378491606703 -1.0496594619202604
24.228456913827653 8.617618635753832 -0.26421017744546305 3.2108606005923868 1.2429367890884002 -3.787400225970714 -2.3697242611235936 12.157525212318301 18.816469310213222 32.705064614242396 14.782051842287771 17.295068348767423 6.577135328624617 10.953587895352111 -1.8177234838674137 1.1523092828575863 17.78546813096148 5.622112993455864 9.430158737068268 -0.18295422533245898 3.439349260088811 19.317574840388048 -2.9431518731455775 5.189937170335028 0.7375246457252516 -8.73638760388621 -6.586898308396519 -10.096676284359381 -1.0429572546729382
24.288577154308616 8.624311691346929 -0.2575171218523664 3.2175536561854834 1.2496298446814968 -3.7807071703776174 -2.363031205530497 12.164218267911416 18.82316236580632 32.7117576698355 14.788744897880886 17.301761404360537 6.583828384217713 10.960280950945208 -1.8110304282742993 1.159002338450683 17.792161186554576 5.62880604904896 9.436851792661365 -0.17626116973936234 3.4460423156819253 19.324267895981144 -2.936458817552481 5.196630225928125 0.7442177013183482 -8.729694548293113 -6.580205252803422 -10.089983228766284 -1.0362641990798416
24.34869739478958 8.63099566492993 -0.2508331482693471 3.224237629768485 1.2563138182645162 -3.774023196794616 -2.3563472319474776 12.170902241494417 18.829846339389338 32.71844164341851 14.795428871463887 17.30844537794354 6.590512357800715 10.966964924528227 -1.8043464546912977 1.1656863120337022 17.798845160137578 5.635490022631962 9.443535766244384 -0.1695771961563608 3.452726289264927 19.330951869564164 -2.9297748439694793 5.203314199511144 0.7509016749013497 -8.723010574710111 -6.5735212792204205 -10.083299255183283 -1.02958022549684
