web/models/kne/55/mosfit_kn_0.003466_0.5000_0.5000.dat
# %ECSV 1.0
# ---
# datatype:
# - {name: time, datatype: float64}
# - {name: PS1_g, datatype: float64}
# - {name: PS1_i, datatype: float64}
# - {name: PS1_r, datatype: float64}
# - {name: PS1_w, datatype: float64}
# - {name: PS1_y, datatype: float64}
# - {name: PS1_z, datatype: float64}
# - {name: swift_uvot_B, datatype: float64}
# - {name: swift_uvot_U, datatype: float64}
# - {name: swift_uvot_uvm2, datatype: float64}
# - {name: swift_uvot_uvw1, datatype: float64}
# - {name: swift_uvot_uvw2, datatype: float64}
# - {name: swift_uvot_V, datatype: float64}
# - {name: johnson_B, datatype: float64}
# - {name: johnson_I, datatype: float64}
# - {name: johnson_R, datatype: float64}
# - {name: johnson_U, datatype: float64}
# - {name: johnson_V, datatype: float64}
# - {name: sdss_g, datatype: float64}
# - {name: sdss_i, datatype: float64}
# - {name: sdss_r, datatype: float64}
# - {name: sdss_u, datatype: float64}
# - {name: sdss_z, datatype: float64}
# - {name: ATLAS_c, datatype: float64}
# - {name: ATLAS_o, datatype: float64}
# - {name: ukirt_H, datatype: float64}
# - {name: ukirt_J, datatype: float64}
# - {name: ukirt_K, datatype: float64}
# - {name: Clear, datatype: float64}
# meta: !!omap
# - comment: [kappa = 0.5, type = rprocess, mass = 0.003465724215782086, velocity = 0.5, theta_obs = 0.0, tfloor = 1000.0]
# schema: astropy-2.0
time PS1_g PS1_i PS1_r PS1_w PS1_y PS1_z swift_uvot_B swift_uvot_U swift_uvot_uvm2 swift_uvot_uvw1 swift_uvot_uvw2 swift_uvot_V johnson_B johnson_I johnson_R johnson_U johnson_V sdss_g sdss_i sdss_r sdss_u sdss_z ATLAS_c ATLAS_o ukirt_H ukirt_J ukirt_K Clear
[from data line 176]
10.64128256513026 12.85073055342762 3.9689017402283255 7.443972518266175 5.476048706762189 0.44571169170307456 1.863387656550195 16.390637129992108 23.049581227887018 36.93817653191619 19.01516375996157 21.528180266441222 10.810247246298406 15.1866998130259 2.4153884338063927 5.385421200531375 22.01858004863527 9.855224911129651 13.663270654742057 4.05015769234133 7.672461177762617 23.550686758061843 1.2899600445282111 9.423049088008817 4.97063656339904 -4.5032756862124215 -2.3537863907227305 -5.863564366685592 3.1901546630008504
10.701402805611222 12.874743283564243 3.9929144703649655 7.4679852484027975 5.500061436898811 0.46972442183969676 1.887400386686835 16.41464986012873 23.073593958023643 36.96218926205281 19.0391764900982 21.55219299657784 10.834259976435028 15.21071254316254 2.439401163943015 5.409433930667997 22.04259277877189 9.879237641266274 13.687283384878679 4.074170422477952 7.6964739078992395 23.57469948819847 1.3139727746648333 9.447061818145439 4.994649293535662 -4.479262956075799 -2.3297736605861084 -5.83955163654897 3.2141673931374726
10.761523046092185 12.898666748782706 4.016837935583428 7.49190871362126 5.523984902117274 0.49364788705815954 1.9113238519052977 16.438573325347193 23.097517423242103 36.986112727271276 19.063099955316662 21.576116461796314 10.858183441653491 15.234636008381003 2.4633246291614777 5.433357395886477 22.066516243990353 9.903161106484736 13.711206850097142 4.098093887696415 7.720397373117702 23.59862295341693 1.337896239883296 9.470985283363902 5.018572758754125 -4.4553394908573365 -2.3058501953676456 -5.815628171330507 3.2380908583559354
10.821643286573146 12.922501387745804 4.040672574546527 7.515743352584376 5.54781954108039 0.5174825260212756 1.935158490868396 16.46240796431029 23.12135206220521 37.009947366234385 19.08693459427977 21.599951100759412 10.882018080616607 15.258470647344101 2.487159268124576 5.457192034849576 22.09035088295346 9.926995745447853 13.735041489060258 4.121928526659513 7.744232012080801 23.622457592380037 1.3617308788463944 9.494819922327018 5.0424073977172235 -4.43150485189422 -2.2820155564045295 -5.791793532367409 3.2619254973190515
10.881763527054108 12.946247640858157 4.064418827658862 7.539489605696712 5.5715657941927255 0.5412287791336112 1.9589047439807317 16.486154217422627 23.145098315317547 37.03369361934672 19.110680847392107 21.62369735387176 10.905764333728943 15.282216900456437 2.5109055212369116 5.480938287961911 22.114097136065794 9.950741998560188 13.758787742172593 4.145674779771866 7.767978265193136 23.646203845492373 1.3854771319587478 9.518566175439354 5.066153650829577 -4.407758598781885 -2.258269303292194 -5.768047279255056 3.285671750431387
10.941883767535069 12.969905947403948 4.088077134204653 7.563147912242503 5.595224100738516 0.5648870856794019 1.9825630505265224 16.509812523968417 23.168756621863338 37.05735192589252 19.134339153937898 21.64735566041755 10.929422640274733 15.305875207002227 2.5345638277827023 5.504596594507702 22.137755442611596 9.974400305105979 13.782446048718384 4.169333086317657 7.791636571738945 23.669862152038164 1.4091354385045385 9.542224481985144 5.0898119573753675 -4.384100292236094 -2.234610996746403 -5.744388972709265 3.3093300569771777
11.002004008016032 12.99347674665798 4.111647933458684 7.586718711496534 5.618794899992547 0.5884578849334332 2.0061338497805536 16.53338332322245 23.19232742111737 37.08092272514654 19.15790995319193 21.67092645967158 10.952993439528765 15.329446006256259 2.5581346270367336 5.528167393761733 22.161326241865616 9.99797110436001 13.806016847972415 4.192903885571688 7.815207370992958 23.693432951292195 1.4327062377585698 9.565795281239176 5.113382756629381 -4.360529492982063 -2.211040197492372 -5.720818173455234 3.332900856231209
11.062124248496994 13.01696048094934 4.135131667750045 7.610202445787895 5.642278634283908 0.611941619224794 2.0296175840719144 16.55686705751381 23.21581115540873 37.10440645943791 19.18139368748329 21.69441019396294 10.976477173820125 15.35292974054762 2.5816183613280943 5.551651128053094 22.184809976156988 10.02145483865137 13.829500582263776 4.216387619863049 7.838691105284337 23.716916685583556 1.4561899720499305 9.589279015530536 5.1368664909207595 -4.337045758690702 -2.187556463201011 -5.697334439163873 3.3563845905225698
11.122244488977955 13.040357591576832 4.158528778377555 7.633599556415387 5.6656757449114 0.6353387298522861 2.0530146946994243 16.58026416814132 23.23920826603623 37.1278035700654 19.20479079811079 21.71780730459044 10.999874284447618 15.37632685117513 2.6050154719556042 5.575048238680604 22.20820708678448 10.044851949278863 13.852897692891268 4.239784730490541 7.862088215911829 23.740313796211055 1.4795870826774227 9.612676126158028 5.160263601548252 -4.31364864806321 -2.164159352573519 -5.673937328536381 3.379781701150062
11.182364729458918 13.063668513480184 4.181839700280889 7.656910478318739 5.688986666814753 0.6586496517556384 2.076325616602759 16.603575090044654 23.262519187939574 37.151114491968755 19.228101720014134 21.741118226493786 11.02318520635097 15.399637773078464 2.6283263938589565 5.5983591605839385 22.231518008687832 10.068162871182215 13.87620861479462 4.263095652393893 7.885399137815181 23.7636247181144 1.502898004580775 9.63598704806138 5.183574523451604 -4.290337726159858 -2.1408484306701667 -5.6506264066330285 3.403092623053414
11.242484969939879 13.086893691030905 4.205064877831628 7.680135655869478 5.712211844365491 0.681874829306377 2.0995507941534974 16.626800267595392 23.285744365490313 37.17433966951948 19.25132689756487 21.76434340404452 11.046410383901708 15.422862950629202 2.6515515714096773 5.621584338134677 22.254743186238564 10.091388048732954 13.89943379234536 4.286320829944614 7.908624315365902 23.78684989566514 1.5261231821314958 9.65921222561212 5.206799701002325 -4.267112548609119 -2.117623253119428 -5.627401229082308 3.426317800604153
11.302605210420841 13.110033564147958 4.228204750948663 7.703275528986513 5.735351717482526 0.7050147024234121 2.1226906672705326 16.649940140712427 23.308884238607348 37.19747954263652 19.274466770681908 21.78748327716156 11.069550257018744 15.446002823746237 2.6746914445267125 5.644724211251712 22.277883059355606 10.114527921849989 13.922573665462394 4.309460703061667 7.931764188482937 23.809989768782174 1.5492630552485487 9.682352098729154 5.229939574119378 -4.243972675492084 -2.094483380002393 -5.604261355965255 3.449457673721188
11.362725450901802 13.133088571239817 4.251259758040522 7.726330536078372 5.758406724574385 0.7280697095152711 2.1457456743623915 16.672995147804286 23.331939245699207 37.22053454972838 19.297521777773763 21.810538284253415 11.092605264110603 15.469057830838096 2.6977464516185714 5.667779218343571 22.300938066447458 10.137582928941848 13.945628672554253 4.332515710153526 7.954819195574796 23.833044775874033 1.5723180623404076 9.705407105821013 5.252994581211237 -4.220917668400225 -2.071428372910534 -5.581206348873396 3.472512680813047
11.422845691382765 13.156059149101385 4.2742303359020895 7.749301113939939 5.781377302435953 0.7510402873768385 2.168716252223959 16.695965725665854 23.354909823560774 37.24350512758995 19.320492355635334 21.833508862114986 11.11557584197217 15.492028408699664 2.720717029480139 5.6907497962051385 22.323908644309032 10.160553506803415 13.96859925041582 4.3554862880150935 7.977789773436363 23.8560153537356 1.595288640201975 9.72837768368258 5.275965159072804 -4.1979470905386576 -2.0484577950489666 -5.558235771011828 3.4954832586746143
11.482965931863728 13.178945741919605 4.29711692872031 7.77218770675816 5.804263895254174 0.7739268801950594 2.19160284504218 16.718852318484075 23.377796416378995 37.266391720408166 19.34337894845355 21.856395454933203 11.13846243479039 15.514915001517885 2.7436036222983597 5.7136363890233595 22.346795237127253 10.183440099621636 13.991485843234042 4.378372880833314 8.000676366254584 23.87890194655382 1.618175233020196 9.751264276500802 5.298851751891025 -4.175060497720437 -2.0255712022307457 -5.5353491781936075 3.518369851492835
11.543086172344688 13.201748782090217 4.3199199688909395 7.794990746928772 5.827066935424785 0.7967299203656708 2.214405885212809 16.741655358654704 23.400599456549614 37.28919476057879 19.366181988624174 21.879198495103818 11.161265474961002 15.537718041688514 2.766406662468989 5.736439429193971 22.369598277297865 10.206243139792248 14.014288883404653 4.401175921003926 8.023479406425214 23.90170498672444 1.6409782731908074 9.774067316671413 5.321654792061636 -4.152257457549825 -2.0027681620601343 -5.512546138022996 3.5411728916634466
11.603206412825651 13.22446871065468 4.342639897455385 7.817710675493235 5.849786863989248 0.8194498489301338 2.2371258137772543 16.76437528721915 23.42331938511407 37.31191468914325 19.38890191718863 21.90191842366828 11.183985403525465 15.56043797025296 2.789126591033434 5.759159357758434 22.392318205862328 10.22896306835671 14.037008811969116 4.423895849568389 8.046199334989677 23.924424915288895 1.6636982017552704 9.796787245235876 5.344374720626099 -4.129537528985362 -1.9800482334956713 -5.489826209458533 3.5638928202279097
11.663326653306612 13.247105963765495 4.365277150566218 7.840347928604068 5.872424117100081 0.842087102040967 2.2597630668880875 16.787012540329982 23.445956638224903 37.33455194225407 19.41153917029946 21.924555676779104 11.206622656636299 15.583075223363792 2.8117638441442674 5.781796610869267 22.414955458973154 10.251600321467544 14.05964606507995 4.446533102679204 8.068836588100492 23.94706216839973 1.6863354548660858 9.81942449834671 5.367011973736915 -4.106900275874529 -1.957410980384838 -5.467188956347718 3.586530073338725
11.723446893787575 13.269660975854691 4.387832162655414 7.862902940693246 5.894979129189277 0.8646421141301452 2.2823180789772834 16.80956755241918 23.468511650314092 37.35710695434326 19.434094182388648 21.9471106888683 11.229177668725477 15.605630235452988 2.8343188562334634 5.804351622958463 22.437510471062346 10.274155333556722 14.082201077169128 4.4690881147684 8.091391600189688 23.969617180488918 1.7088904669552818 9.841979510435905 5.389566985826111 -4.084345263785351 -1.9348559682956599 -5.444633944258522 3.609085085427921
11.783567134268537 13.292134183753639 4.410305370554362 7.885376148592211 5.917452337088225 0.8871153220290928 2.304791286876231 16.832040760318126 23.49098485821304 37.37958016224222 19.456567390287596 21.969583896767247 11.251650876624424 15.628103443351936 2.856792064132411 5.826824830857411 22.459983678961294 10.296628541455688 14.104674285068093 4.491561322667348 8.113864808088636 23.992090388387865 1.7313636748542294 9.864452718334853 5.412040193725058 -4.0618720558863854 -1.9123827603967123 -5.422160736359574 3.6315582933268686
11.843687374749498 13.314526020435036 4.432697207235758 7.9077679852735905 5.939844173769622 0.9095071587104897 2.327183123557628 16.854432596999523 23.513376694894433 37.401971998923614 19.478959226968993 21.991975733448644 11.274042713305821 15.650495280033333 2.879183900813808 5.8492166675388075 22.482375515642694 10.319020378137067 14.12706612174949 4.513953159348745 8.136256644770032 24.01448222506926 1.7537555115356263 9.88684455501625 5.434432030406455 -4.039480219205006 -1.8899909237153154 -5.399768899678177 3.6539501300082655
11.90380761523046 13.336836923863764 4.455008110664487 7.930078888702337 5.96215507719835 0.9318180621392358 2.3494940269863562 16.87674350042825 23.53568759832317 37.424282902352346 19.50127013039773 22.014286636877372 11.296353616734567 15.672806183462061 2.901494804242536 5.871527570967536 22.50468641907142 10.341331281565813 14.149377025178218 4.536264062777473 8.15856754819876 24.036793128497997 1.7760664149643546 9.909155458444978 5.456742933835184 -4.01716931577626 -1.8676800202865693 -5.377457996249449 3.676261033436994
11.963927855711422 13.359067319075173 4.477238505875878 7.952309283913728 5.984385472409741 0.9540484573506269 2.3717244221977474 16.89897389563966 23.557917993534563 37.44651329756375 19.52350052560912 22.03651703208877 11.318584011945958 15.695036578673452 2.923725199453945 5.893757966178927 22.52691681428282 10.363561676777204 14.17160742038961 4.558494457988882 8.18079794341017 24.05902352370939 1.7982968101757635 9.93138585365637 5.4789733290465925 -3.994938920564869 -1.8454496250751782 -5.35522760103804 3.6984914286484027
12.024048096192384 13.381217646215937 4.499388833016642 7.974459611054492 6.006535799550505 0.9761987844913911 2.3938747493385115 16.921124222780406 23.580068320675327 37.4686636247045 19.545650852749883 22.058667359229535 11.340734339086723 15.717186905814216 2.9458755265946914 5.915908293319691 22.549067141423585 10.385712003917968 14.193757747530373 4.580644785129646 8.202948270550916 24.081173850850153 1.8204471373165276 9.953536180797133 5.501123656187357 -3.972788593424105 -1.823299297934414 -5.333077273897276 3.720641755789167
12.084168336673347 13.403288328503784 4.521459515304507 7.996530293342339 6.028606481838352 0.998269466779238 2.415945431626376 16.94319490506827 23.602139002963185 37.49073430699236 19.56772153503774 22.080738041517392 11.36280502137457 15.739257588102081 2.967946208882556 5.937978975607556 22.57113782371143 10.407782686205815 14.21582842981822 4.602715467417493 8.22501895283878 24.10324453313801 1.8425178196043746 9.97560686308498 5.523194338475204 -3.950717911136258 -1.801228615646567 -5.311006591609429 3.742712438077014
12.144288577154308 13.425279798561931 4.543450985362654 8.018521763400486 6.050597951896517 1.020260936837385 2.437936901684523 16.965186375126418 23.62413047302133 37.5127257770505 19.589713005095888 22.10272951157554 11.384796491432716 15.761249058160228 2.989937678940703 5.959970445665703 22.59312929376958 10.429774156263962 14.237819899876367 4.62470693747564 8.247010422896928 24.125236003196157 1.8645092896625215 9.997598333143127 5.5451858085333505 -3.928726441078111 -1.7792371455884202 -5.289015121551282 3.7647039081351608
12.20440881763527 13.447192480695271 4.565363667495994 8.040434445533826 6.072510634029857 1.0421736189707254 2.4598495838178636 16.98709905725976 23.646043155154672 37.53463845918385 19.61162568722923 22.12464219370888 11.406709173566057 15.783161740293568 3.0118503610740435 5.981883127799043 22.615041975902926 10.45168683839732 14.259732582009725 4.64661961960898 8.268923105030268 24.147148685329498 1.886421971795862 10.019511015276485 5.567098490666691 -3.9068137589447707 -1.7573244634550798 -5.2671024394179415 3.786616590268501
12.264529058116231 13.469026804640407 4.587197991441112 8.062268769478962 6.094344957974975 1.064007942915861 2.4816839077629815 17.008933381204876 23.667877479099797 37.55647278312897 19.633460011174353 22.146476517654005 11.428543497511193 15.804996064238686 3.0336846850191614 6.003717451744161 22.636876299848055 10.473521162342438 14.281566905954843 4.668453943554116 8.290757428975386 24.168983009274623 1.9082562957409976 10.041345339221603 5.588932814611827 -3.884979434999635 -1.735490139509944 -5.245268115472806 3.808450914213637
12.324649298597194 13.490783196488447 4.60895438328917 8.08402516132702 6.116101349823033 1.0857643347639012 2.5034402996110394 17.030689773052934 23.689633870947855 37.578229174977025 19.655216403022404 22.168232909502056 11.450299889359233 15.826752456086744 3.0554410768672193 6.025473843592219 22.658632691696106 10.495277554190496 14.303323297802901 4.690210335402156 8.312513820823444 24.19073940112268 1.9300126875890378 10.063101731069661 5.610689206459867 -3.863223043151577 -1.7137337476618861 -5.223511723624766 3.830207306061677
