web/models/kne/55/mosfit_kn_0.077496_0.1083_10.0000.dat
# %ECSV 1.0
# ---
# datatype:
# - {name: time, datatype: float64}
# - {name: PS1_g, datatype: float64}
# - {name: PS1_i, datatype: float64}
# - {name: PS1_r, datatype: float64}
# - {name: PS1_w, datatype: float64}
# - {name: PS1_y, datatype: float64}
# - {name: PS1_z, datatype: float64}
# - {name: swift_uvot_B, datatype: float64}
# - {name: swift_uvot_U, datatype: float64}
# - {name: swift_uvot_uvm2, datatype: float64}
# - {name: swift_uvot_uvw1, datatype: float64}
# - {name: swift_uvot_uvw2, datatype: float64}
# - {name: swift_uvot_V, datatype: float64}
# - {name: johnson_B, datatype: float64}
# - {name: johnson_I, datatype: float64}
# - {name: johnson_R, datatype: float64}
# - {name: johnson_U, datatype: float64}
# - {name: johnson_V, datatype: float64}
# - {name: sdss_g, datatype: float64}
# - {name: sdss_i, datatype: float64}
# - {name: sdss_r, datatype: float64}
# - {name: sdss_u, datatype: float64}
# - {name: sdss_z, datatype: float64}
# - {name: ATLAS_c, datatype: float64}
# - {name: ATLAS_o, datatype: float64}
# - {name: ukirt_H, datatype: float64}
# - {name: ukirt_J, datatype: float64}
# - {name: ukirt_K, datatype: float64}
# - {name: Clear, datatype: float64}
# meta: !!omap
# - comment: [kappa = 10.0, type = rprocess, mass = 0.07749594937791414, velocity = 0.10833333333333334, theta_obs = 0.0, tfloor = 1000.0]
# schema: astropy-2.0
time PS1_g PS1_i PS1_r PS1_w PS1_y PS1_z swift_uvot_B swift_uvot_U swift_uvot_uvm2 swift_uvot_uvw1 swift_uvot_uvw2 swift_uvot_V johnson_B johnson_I johnson_R johnson_U johnson_V sdss_g sdss_i sdss_r sdss_u sdss_z ATLAS_c ATLAS_o ukirt_H ukirt_J ukirt_K Clear
[from data line 29]
1.8036072144288577 -10.513872856242141 -12.381535317138201 -11.714708256358133 -11.668927232090756 -12.886122478352764 -12.709560558851027 -9.702399886496 -8.989359887405843 -4.568985395880694 -7.039820057190571 -5.082380126881837 -11.127341240706212 -9.79848309566535 -12.979768201126529 -12.120384263116232 -9.07887411180931 -11.204688072216696 -10.33333056343439 -12.373505323902627 -11.70407178278225 -8.203905595051086 -12.762931868908538 -11.052573087116002 -12.047758108263071 -13.146546542510878 -13.13212659772505 -13.001271162585136 -11.907769116859033
1.8637274549098195 -10.479164214164047 -12.382862713643394 -11.701665711392266 -11.65989162603939 -12.902031423113183 -12.719740313260246 -9.655083498919154 -8.913135427508543 -4.427146391797037 -6.955755111233675 -4.994645598302089 -11.102184921054327 -9.753402196264659 -12.985351413473573 -12.112074812533777 -9.00740131364141 -11.181278106840436 -10.295436998288654 -12.374442086032076 -11.690571293814731 -8.130162974739097 -12.774794479664653 -11.02923340183347 -12.04247226905446 -13.183010557914583 -13.159259707079014 -13.043960926027916 -11.905953314759206
1.9238476953907815 -10.444154601987208 -12.383207306496029 -11.68790426342543 -11.650193271858793 -12.916706952010948 -12.728781685937705 -9.607679071469423 -8.837362852521924 -4.28715749403317 -6.873181658884704 -4.908925388710749 -11.076510185731749 -9.70822256355627 -12.98988132712169 -12.102989181051946 -8.936280371643736 -11.157338893173259 -10.257301125644105 -12.374402876358293 -11.676352645725654 -8.05680158637955 -12.785496256210873 -11.005434964814054 -12.036363809032995 -13.217921054200302 -13.184982990213141 -13.085004405813583 -11.903394207815285
1.9839679358717435 -10.408882340013417 -12.382641880238214 -11.673483611701627 -11.63988693164411 -12.930233985887902 -12.736765025684615 -9.560214347013602 -8.762042052522041 -4.14894667226845 -6.792041477324826 -4.8251122589317355 -11.050366760931649 -9.662972539071383 -12.993434160265888 -12.093189994563016 -8.865516499175438 -11.132920724657447 -10.218958293904148 -12.373460149555822 -11.661475530915641 -7.983825213229476 -12.795118642983567 -10.981223592252807 -12.029497434650978 -13.251378273831891 -13.209389796526112 -13.124506366682558 -11.900149785304404
2.0440881763527052 -10.373382893108065 -12.381233140413173 -11.658458598740982 -11.62902291530985 -12.94269022464766 -12.743763893355986 -9.51271522408182 -8.687173713854843 -4.012449424766873 -6.712281254340979 -4.743108499201213 -11.023800467781772 -9.617678539735323 -12.996079726716136 -12.082734725511994 -8.795115208526056 -11.108069921315556 -10.180441276692704 -12.371680312262612 -11.645994791160632 -7.911238081577707 -12.80373618799377 -10.956641503289735 -12.021932498044077 -13.283473759991951 -13.232565445022837 -13.162562430039484 -11.896273260916068
2.1042084168336674 -10.337666718730762 -12.379027565841145 -11.642861871554437 -11.617630660467029 -12.954135241662144 -12.749832881041439 -9.465180794330028 -8.612727919488101 -3.877562837204958 -6.633819905821348 -4.662792353126267 -10.996833182084853 -9.572340607212414 -12.997868235981802 -12.071659420476923 -8.725051966670254 -11.082809187633663 -10.14175741234368 -12.36910948857096 -11.629942973906857 -7.83901400666954 -12.811404739513979 -10.931707713647203 -12.013707397659186 -13.314284037582754 -13.254578821822188 -13.199254147941629 -11.891798268536569
2.164328657314629 -10.301814629378114 -12.376114800499014 -11.626780058268409 -11.605790778916116 -12.964660828054662 -12.755063097519237 -9.41768999981796 -8.538776476586829 -3.7443354285684043 -6.556684139636353 -4.584154823150865 -10.969549881639342 -9.527036947032318 -12.998889865801761 -12.060050539627298 -8.655400352372375 -11.057223015470166 -10.102986798518998 -12.365837260946542 -11.613406949173672 -7.767226621643921 -12.818215398178197 -10.906503065258342 -12.004908688269076 -13.343902424685117 -13.275522611010187 -13.234675184279004 -11.886804258844705
2.224448897795591 -10.26582145197537 -12.37252476813886 -11.610229525578415 -11.593517482401605 -12.97430987345546 -12.759492477396943 -9.370226444537597 -8.465274791875839 -3.6126525666692393 -6.480783855829291 -4.50707184899294 -10.941956270908292 -9.481752240529925 -12.999178245316802 -12.04792792274554 -8.58612092688767 -11.031318028217266 -10.064121217560409 -12.361893202446037 -11.596402942351371 -7.695834803422805 -12.824207376109413 -10.881031074161083 -11.995558589821318 -13.372388788224326 -13.2954490247344 -13.268890448269202 -11.881309942965395
2.284569138276553 -10.229680366939604 -12.368283656640404 -11.593223691561025 -11.580822411065892 -12.98312081207241 -12.763154768906748 -9.32277271539893 -8.392178947903108 -3.4824047805896745 -6.406033314383137 -4.431427099669353 -10.914055694761029 -9.436470132746887 -12.998763065783525 -12.035308301781093 -8.517174598093337 -11.00509846803737 -10.025150985155662 -12.35730316990658 -11.578944226321362 -7.624797855262777 -12.829415638021029 -10.8552931847772 -11.98567609323744 -13.399797646978245 -13.314405328519301 -13.301959238690236 -11.875331299363392
2.344689378757515 -10.193414128158658 -12.363434826811659 -11.575798068482968 -11.567738168659023 -12.991144289735264 -12.76609787686425 -9.275345278981508 -8.319488888029376 -3.353549283040585 -6.332394212578496 -4.357154860117184 -10.88587772568441 -9.391207403584033 -12.997689744158205 -12.02222890144012 -8.448564473867474 -10.978594222839993 -9.986097085842829 -12.352110326059051 -11.561066316860842 -7.554118046450693 -12.83388873705956 -10.82931658110498 -11.975299666594594 -13.426188770144607 -13.33244719878065 -13.33394399334878 -11.868902889562225
2.4048096192384767 -10.157008804127656 -12.357995262203172 -11.557957629625513 -11.554268714447264 -12.99840889557764 -12.768345933750727 -9.227920175778188 -8.247155852354489 -3.2259766732589616 -6.259781773593005 -4.284145218466037 -10.857417782022154 -9.345941202017215 -12.995978593360508 -12.008697922059188 -8.38024625627358 -10.9518016367603 -9.946942900334808 -12.346331341194361 -11.542774018912905 -7.483749521333252 -12.837651984194345 -10.803095318604825 -11.964439682359345 -13.451606128242995 -13.349611665758657 -13.364893263098255 -11.862033012897548
2.464929859719439 -10.120509607146762 -12.352019128192033 -11.539753293508141 -11.540461279671579 -13.004971478280218 -12.769954845253295 -9.18054033372811 -8.175215642723597 -3.099701758111844 -6.188198331226431 -4.2123779050319 -10.828724679422177 -9.300714111147034 -12.993684495126463 -11.994766533947764 -8.312257324536418 -10.92476932473671 -9.90773289919547 -12.340020306071189 -11.524118381706181 -7.413729518929877 -12.840761414698747 -10.77667553863682 -11.953147626614076 -13.476109287789606 -13.365957110304388 -13.394867341300214 -11.854768740200843
2.5250501002004007 -10.083915075538528 -12.345528000491424 -11.521197722025747 -11.526327177271884 -13.010862148016766 -12.770951460412494 -9.133196936580063 -8.103640997855077 -2.9746515311164883 -6.117584936128555 -4.141773136053878 -10.799804083017108 -9.255518012705974 -12.990831462861696 -11.980449674560944 -8.24457378991885 -10.89750355355587 -9.86846362595907 -12.33319856565819 -11.505111975246667 -7.344033048504759 -12.843244716896312 -10.750061473882262 -11.941439999175287 -13.499739505588762 -13.381519769514332 -13.423910784026736 -11.847124373270965
2.5851703406813624 -10.047276977704094 -12.338577096934156 -11.502345045595703 -11.511916624398033 -13.016136665522335 -12.771391430781058 -9.085941340565064 -8.032480604992607 -2.850864059632239 -6.047959688265809 -4.0723299407773474 -10.770709814298264 -9.21040361732818 -12.987474807542593 -11.965801047922888 -8.177245152670693 -10.870057708355299 -9.829186592175585 -12.32592132060418 -11.485809116283718 -7.274709792148126 -12.845157432449223 -10.723304211581155 -11.929370397168721 -13.522552300030382 -13.396355319738829 -13.452078936811096 -11.839149026863272
2.6452905811623246 -10.010578785110553 -12.331175029856247 -11.483194072957552 -11.497228015530592 -13.020813172272234 -12.771289229705225 -9.038748806360346 -7.961689600082433 -2.7282456622835687 -5.979249636491986 -4.003957975740228 -10.741432845913732 -9.165347144538622 -12.983625879040794 -11.950822150176059 -8.110230138555032 -10.842423558923889 -9.78988308241279 -12.31819692630733 -11.466208459288119 -7.205717179993112 -12.846515014960254 -10.696393855286441 -11.916942118030107 -13.544578508574483 -13.410488870204487 -13.479406416668665 -11.830844801220017
2.7054108216432864 -9.973816093091 -12.323337119643334 -11.463752468135269 -11.482268139940714 -13.024914357686175 -12.77066472442959 -8.991608592829145 -7.891241474305275 -2.6067310048719987 -5.911402046061465 -3.9365887294648547 -10.711974804826145 -9.120338492784374 -12.979302105574952 -11.935522639552147 -8.043505100737224 -10.8146032794974 -9.750546983050139 -12.310040504130448 -11.446317577278009 -7.137030601109409 -12.847338065823806 -10.669330971650073 -11.904166180945648 -13.565850494383918 -13.423948427527817 -13.505928450351908 -11.822221165378952
2.7655310621242486 -9.936981937410732 -12.315075795325079 -11.444025115649676 -11.46704126698328 -13.028459945197053 -12.769534838411047 -8.944507462502031 -7.821107485916077 -2.486253452843939 -5.844363841363069 -3.8701548123144422 -10.68233459168739 -9.075365103296033 -12.974518006801745 -11.919909412955995 -7.977044091226546 -10.786596344510178 -9.711169647303066 -12.301464286297605 -11.426141252129138 -7.068623137102357 -12.847644246134422 -10.642113582713666 -11.891050841614756 -13.586397615464614 -13.436759008334727 -13.53167725359821 -11.813285127287898
2.8256513026052104 -9.900090924380294 -12.306416676785368 -11.424033435330916 -11.451567144789117 -13.031479439487423 -12.76792762039694 -8.89745671267183 -7.751290180742085 -2.3667927119431402 -5.7781139571235585 -3.804621958454216 -10.652530498160424 -9.030438380438163 -12.969300292920433 -11.90400475024503 -7.910851350604766 -10.75842117779281 -9.671764742194693 -12.292493787006045 -11.405700918721084 -7.000498604982006 -12.847461937852529 -10.61475856663268 -11.877619029090258 -13.606254158249767 -13.448952763786169 -13.556688490623381 -11.804057439896205
2.885771543086172 -9.863164900484804 -12.297389189228802 -11.40380401704535 -11.435870329507551 -13.034004768658622 -12.76587408592281 -8.850476085368435 -7.6818033231398 -2.248345934107994 -5.712643243619944 -3.739968815427893 -10.622587145985857 -8.985577946697724 -12.963679074290521 -11.887835637289783 -7.844941880576794 -10.730102357993141 -9.632353479171183 -12.283158362718964 -11.385023227523803 -6.932671802310679 -12.846822327215275 -10.587288953126404 -11.863898095004082 -13.625454877411121 -13.46056320191236 -13.5809976972458 -11.794562982761452
2.9458917835671343 -9.826156917786157 -12.28797626578329 -11.383307987713138 -11.41992377709558 -13.03603065174423 -12.763364356484672 -8.803508446773034 -7.612565804599001 -2.1307765264997185 -5.6478524295024 -3.676085658941165 -10.592465880337755 -8.940728293893162 -12.957640710025952 -11.871376894717073 -7.779238650477886 -10.70160252160642 -9.592886286013762 -12.273440630568544 -11.364078994549889 -6.865063938940992 -12.845716852461297 -10.55966663543618 -11.84986520327973 -13.644010771385505 -13.471593948878711 -13.60462077939246 -11.784780094691243
3.006012024048096 -9.789130213497543 -12.278232997312362 -11.362603890196539 -11.403781817260086 -13.037608247161785 -12.760451219968925 -8.75662053122775 -7.543651067432666 -2.014169306489449 -5.583792153126694 -3.613012433252741 -10.562228680082743 -8.895954912081411 -12.95123908363528 -11.854685245743852 -7.713814291915739 -10.672982739034643 -9.553427162117494 -12.263395784445432 -11.342927056733512 -6.7977484899143725 -12.844197698229163 -10.531950852277365 -11.835576096716078 -13.661966615435135 -13.482092722451034 -13.627600477834212 -11.774760090554963
3.066132264529058 -9.752124994919953 -12.268198467524023 -11.341731433633182 -11.387481142514595 -13.038775628684931 -12.757173220763551 -8.70985350715512 -7.475101336799703 -1.898565558592387 -5.520483135318344 -3.5507600843560847 -10.531916242250816 -8.851298254794514 -12.944512932067564 -11.837799598269473 -7.64871111277386 -10.64428320525536 -9.514016451439815 -12.253062933136736 -11.321607304066568 -6.7307681229837435 -12.842303162096567 -10.504180204742024 -11.821069327047606 -13.6793583215805 -13.492096456066347 -13.649971960394874 -11.764538230833992
3.12625250501002 -9.71507448974533 -12.257840125485586 -11.320644477416266 -11.370978768564974 -13.03951395158137 -12.753506140445019 -8.663128737258774 -7.406810481541992 -1.7837967446080887 -5.457805823958317 -3.489201504717275 -10.50147100664229 -8.806681773257012 -12.937433706717496 -11.820678274085978 -7.583827566665057 -10.61544799855305 -9.474584363989003 -12.24240915901257 -11.300073180686212 -6.664019174468692 -12.840010603718461 -10.476298490922993 -11.806305993120105 -13.696186238428465 -13.501596793700015 -13.67174138986991 -11.754078142063253
3.186372745490982 -9.678011179847097 -12.24719054776683 -11.299375710344624 -11.354304936463961 -13.039855360045003 -12.749482355870807 -8.616479156472352 -7.338811498482656 -1.6698931953525102 -5.3957743927443325 -3.4283427504087913 -10.470926149853554 -8.762137860142602 -12.93003381382545 -11.803353420417892 -7.519196859942056 -10.586509921160799 -9.435163405650595 -12.231467048618434 -11.278357515906396 -6.597535091118818 -12.837352239688187 -10.448337154106717 -11.79131802440855 -13.712481267837882 -13.51062523642465 -13.692939214226081 -11.743409060880516
3.2464929859719436 -9.64090401368674 -12.236239565868292 -11.277906709629306 -11.337442520376477 -13.039797929365626 -12.745096726209137 -8.569866598777367 -7.271049479749934 -1.5567613388102712 -5.334320679930524 -3.368109120378072 -10.440256411854822 -8.717629488676518 -12.9223054815101 -11.785809202001573 -7.454766934483878 -10.557444620581025 -9.395720692057665 -12.220226212588905 -11.25644166911739 -6.53126258508312 -12.834323851447902 -10.420271318968304 -11.776091218722513 -13.728252864053301 -13.519186087830784 -13.713578314617505 -11.732517636706099
3.306613226452906 -9.603792430841231 -12.225023198927794 -11.256275003268197 -11.320426222199327 -13.039375831161806 -12.740384212523939 -8.523332191565515 -7.203568455457656 -1.4444488754726263 -5.273470692882167 -3.3085195924821984 -10.409500999501848 -8.673197005728092 -12.914284142955267 -11.768082123907828 -7.390581561896312 -10.528290745444513 -9.356295998247859 -12.208722717834988 -11.234363356646764 -6.465245894737439 -12.830960072034223 -10.39213826704966 -11.760661574018059 -13.74353195148325 -13.527311782814218 -13.733688548712804 -11.721436865215527
3.3667334669338675 -9.56663767428859 -12.213525058924208 -11.234455331968078 -11.303232657514073 -13.038581601272679 -12.73533385641377 -8.476829462775168 -7.136303994597171 -1.3328504978980886 -5.213149313288632 -3.249493819402097 -10.378627226344765 -8.628795271087139 -12.905956013710266 -11.750149812303682 -7.326579326045916 -10.499016659646754 -9.316848597936787 -12.196939937649951 -11.212097057484716 -6.399422237716124 -12.827250964537011 -10.363906066552317 -11.745008507069823 -13.758323508958659 -13.535001661414048 -13.753278657912611 -11.71014761060805
