web/models/linear/38/-15_306_0_266.dat
# %ECSV 1.0
# ---
# datatype:
# - {name: time, datatype: float64}
# - {name: swift_uvot_uvw2, datatype: float64}
# - {name: swift_uvot_uvm2, datatype: float64}
# - {name: swift_uvot_uvw1, datatype: float64}
# - {name: swift_uvot_U, datatype: float64}
# - {name: swift_uvot_B, datatype: float64}
# - {name: swift_uvot_V, datatype: float64}
# - {name: swift_uvot_W, datatype: float64}
# - {name: johnson_U, datatype: float64}
# - {name: johnson_B, datatype: float64}
# - {name: johnson_V, datatype: float64}
# - {name: johnson_R, datatype: float64}
# - {name: johnson_I, datatype: float64}
# - {name: sdss_u, datatype: float64}
# - {name: sdss_g, datatype: float64}
# - {name: sdss_r, datatype: float64}
# - {name: sdss_i, datatype: float64}
# - {name: sdss_z, datatype: float64}
# - {name: PS1_g, datatype: float64}
# - {name: PS1_r, datatype: float64}
# - {name: PS1_i, datatype: float64}
# - {name: PS1_z, datatype: float64}
# - {name: PS1_Y, datatype: float64}
# - {name: PS1_w, datatype: float64}
# - {name: ATLAS_c, datatype: float64}
# - {name: ATLAS_o, datatype: float64}
# - {name: ukirt_J, datatype: float64}
# - {name: ukirt_H, datatype: float64}
# - {name: ukirt_K, datatype: float64}
# - {name: Clear, datatype: float64}
# meta: !!omap
# - comment: [M=-15.306122448979592, dM=0.26622358501432164]
# schema: astropy-2.0
time swift_uvot_uvw2 swift_uvot_uvm2 swift_uvot_uvw1 swift_uvot_U swift_uvot_B swift_uvot_V swift_uvot_W johnson_U johnson_B johnson_V johnson_R johnson_I sdss_u sdss_g sdss_r sdss_i sdss_z PS1_g PS1_r PS1_i PS1_z PS1_Y PS1_w ATLAS_c ATLAS_o ukirt_J ukirt_H ukirt_K Clear
[from data line 136]
10.251256281407034 -12.576996250842827 -12.576996250842827 -12.576996250842827 -12.576996250842827 -12.576996250842827 -12.576996250842827 -12.576996250842827 -12.576996250842827 -12.576996250842827 -12.576996250842827 -12.576996250842827 -12.576996250842827 -12.576996250842827 -12.576996250842827 -12.576996250842827 -12.576996250842827 -12.576996250842827 -12.576996250842827 -12.576996250842827 -12.576996250842827 -12.576996250842827 -12.576996250842827 -12.576996250842827 -12.576996250842827 -12.576996250842827 -12.576996250842827 -12.576996250842827 -12.576996250842827 -12.576996250842827
10.326633165829145 -12.556929146444762 -12.556929146444762 -12.556929146444762 -12.556929146444762 -12.556929146444762 -12.556929146444762 -12.556929146444762 -12.556929146444762 -12.556929146444762 -12.556929146444762 -12.556929146444762 -12.556929146444762 -12.556929146444762 -12.556929146444762 -12.556929146444762 -12.556929146444762 -12.556929146444762 -12.556929146444762 -12.556929146444762 -12.556929146444762 -12.556929146444762 -12.556929146444762 -12.556929146444762 -12.556929146444762 -12.556929146444762 -12.556929146444762 -12.556929146444762 -12.556929146444762 -12.556929146444762
10.402010050251256 -12.536862042046698 -12.536862042046698 -12.536862042046698 -12.536862042046698 -12.536862042046698 -12.536862042046698 -12.536862042046698 -12.536862042046698 -12.536862042046698 -12.536862042046698 -12.536862042046698 -12.536862042046698 -12.536862042046698 -12.536862042046698 -12.536862042046698 -12.536862042046698 -12.536862042046698 -12.536862042046698 -12.536862042046698 -12.536862042046698 -12.536862042046698 -12.536862042046698 -12.536862042046698 -12.536862042046698 -12.536862042046698 -12.536862042046698 -12.536862042046698 -12.536862042046698 -12.536862042046698
10.477386934673365 -12.516794937648633 -12.516794937648633 -12.516794937648633 -12.516794937648633 -12.516794937648633 -12.516794937648633 -12.516794937648633 -12.516794937648633 -12.516794937648633 -12.516794937648633 -12.516794937648633 -12.516794937648633 -12.516794937648633 -12.516794937648633 -12.516794937648633 -12.516794937648633 -12.516794937648633 -12.516794937648633 -12.516794937648633 -12.516794937648633 -12.516794937648633 -12.516794937648633 -12.516794937648633 -12.516794937648633 -12.516794937648633 -12.516794937648633 -12.516794937648633 -12.516794937648633 -12.516794937648633
10.552763819095476 -12.496727833250569 -12.496727833250569 -12.496727833250569 -12.496727833250569 -12.496727833250569 -12.496727833250569 -12.496727833250569 -12.496727833250569 -12.496727833250569 -12.496727833250569 -12.496727833250569 -12.496727833250569 -12.496727833250569 -12.496727833250569 -12.496727833250569 -12.496727833250569 -12.496727833250569 -12.496727833250569 -12.496727833250569 -12.496727833250569 -12.496727833250569 -12.496727833250569 -12.496727833250569 -12.496727833250569 -12.496727833250569 -12.496727833250569 -12.496727833250569 -12.496727833250569 -12.496727833250569
10.628140703517587 -12.476660728852504 -12.476660728852504 -12.476660728852504 -12.476660728852504 -12.476660728852504 -12.476660728852504 -12.476660728852504 -12.476660728852504 -12.476660728852504 -12.476660728852504 -12.476660728852504 -12.476660728852504 -12.476660728852504 -12.476660728852504 -12.476660728852504 -12.476660728852504 -12.476660728852504 -12.476660728852504 -12.476660728852504 -12.476660728852504 -12.476660728852504 -12.476660728852504 -12.476660728852504 -12.476660728852504 -12.476660728852504 -12.476660728852504 -12.476660728852504 -12.476660728852504 -12.476660728852504
10.703517587939697 -12.456593624454442 -12.456593624454442 -12.456593624454442 -12.456593624454442 -12.456593624454442 -12.456593624454442 -12.456593624454442 -12.456593624454442 -12.456593624454442 -12.456593624454442 -12.456593624454442 -12.456593624454442 -12.456593624454442 -12.456593624454442 -12.456593624454442 -12.456593624454442 -12.456593624454442 -12.456593624454442 -12.456593624454442 -12.456593624454442 -12.456593624454442 -12.456593624454442 -12.456593624454442 -12.456593624454442 -12.456593624454442 -12.456593624454442 -12.456593624454442 -12.456593624454442 -12.456593624454442
10.778894472361808 -12.436526520056375 -12.436526520056375 -12.436526520056375 -12.436526520056375 -12.436526520056375 -12.436526520056375 -12.436526520056375 -12.436526520056375 -12.436526520056375 -12.436526520056375 -12.436526520056375 -12.436526520056375 -12.436526520056375 -12.436526520056375 -12.436526520056375 -12.436526520056375 -12.436526520056375 -12.436526520056375 -12.436526520056375 -12.436526520056375 -12.436526520056375 -12.436526520056375 -12.436526520056375 -12.436526520056375 -12.436526520056375 -12.436526520056375 -12.436526520056375 -12.436526520056375 -12.436526520056375
10.854271356783919 -12.416459415658311 -12.416459415658311 -12.416459415658311 -12.416459415658311 -12.416459415658311 -12.416459415658311 -12.416459415658311 -12.416459415658311 -12.416459415658311 -12.416459415658311 -12.416459415658311 -12.416459415658311 -12.416459415658311 -12.416459415658311 -12.416459415658311 -12.416459415658311 -12.416459415658311 -12.416459415658311 -12.416459415658311 -12.416459415658311 -12.416459415658311 -12.416459415658311 -12.416459415658311 -12.416459415658311 -12.416459415658311 -12.416459415658311 -12.416459415658311 -12.416459415658311 -12.416459415658311
10.92964824120603 -12.396392311260247 -12.396392311260247 -12.396392311260247 -12.396392311260247 -12.396392311260247 -12.396392311260247 -12.396392311260247 -12.396392311260247 -12.396392311260247 -12.396392311260247 -12.396392311260247 -12.396392311260247 -12.396392311260247 -12.396392311260247 -12.396392311260247 -12.396392311260247 -12.396392311260247 -12.396392311260247 -12.396392311260247 -12.396392311260247 -12.396392311260247 -12.396392311260247 -12.396392311260247 -12.396392311260247 -12.396392311260247 -12.396392311260247 -12.396392311260247 -12.396392311260247 -12.396392311260247
11.00502512562814 -12.376325206862182 -12.376325206862182 -12.376325206862182 -12.376325206862182 -12.376325206862182 -12.376325206862182 -12.376325206862182 -12.376325206862182 -12.376325206862182 -12.376325206862182 -12.376325206862182 -12.376325206862182 -12.376325206862182 -12.376325206862182 -12.376325206862182 -12.376325206862182 -12.376325206862182 -12.376325206862182 -12.376325206862182 -12.376325206862182 -12.376325206862182 -12.376325206862182 -12.376325206862182 -12.376325206862182 -12.376325206862182 -12.376325206862182 -12.376325206862182 -12.376325206862182 -12.376325206862182
11.08040201005025 -12.356258102464118 -12.356258102464118 -12.356258102464118 -12.356258102464118 -12.356258102464118 -12.356258102464118 -12.356258102464118 -12.356258102464118 -12.356258102464118 -12.356258102464118 -12.356258102464118 -12.356258102464118 -12.356258102464118 -12.356258102464118 -12.356258102464118 -12.356258102464118 -12.356258102464118 -12.356258102464118 -12.356258102464118 -12.356258102464118 -12.356258102464118 -12.356258102464118 -12.356258102464118 -12.356258102464118 -12.356258102464118 -12.356258102464118 -12.356258102464118 -12.356258102464118 -12.356258102464118
11.15577889447236 -12.336190998066055 -12.336190998066055 -12.336190998066055 -12.336190998066055 -12.336190998066055 -12.336190998066055 -12.336190998066055 -12.336190998066055 -12.336190998066055 -12.336190998066055 -12.336190998066055 -12.336190998066055 -12.336190998066055 -12.336190998066055 -12.336190998066055 -12.336190998066055 -12.336190998066055 -12.336190998066055 -12.336190998066055 -12.336190998066055 -12.336190998066055 -12.336190998066055 -12.336190998066055 -12.336190998066055 -12.336190998066055 -12.336190998066055 -12.336190998066055 -12.336190998066055 -12.336190998066055
11.231155778894472 -12.316123893667989 -12.316123893667989 -12.316123893667989 -12.316123893667989 -12.316123893667989 -12.316123893667989 -12.316123893667989 -12.316123893667989 -12.316123893667989 -12.316123893667989 -12.316123893667989 -12.316123893667989 -12.316123893667989 -12.316123893667989 -12.316123893667989 -12.316123893667989 -12.316123893667989 -12.316123893667989 -12.316123893667989 -12.316123893667989 -12.316123893667989 -12.316123893667989 -12.316123893667989 -12.316123893667989 -12.316123893667989 -12.316123893667989 -12.316123893667989 -12.316123893667989 -12.316123893667989
11.306532663316581 -12.296056789269926 -12.296056789269926 -12.296056789269926 -12.296056789269926 -12.296056789269926 -12.296056789269926 -12.296056789269926 -12.296056789269926 -12.296056789269926 -12.296056789269926 -12.296056789269926 -12.296056789269926 -12.296056789269926 -12.296056789269926 -12.296056789269926 -12.296056789269926 -12.296056789269926 -12.296056789269926 -12.296056789269926 -12.296056789269926 -12.296056789269926 -12.296056789269926 -12.296056789269926 -12.296056789269926 -12.296056789269926 -12.296056789269926 -12.296056789269926 -12.296056789269926 -12.296056789269926
11.381909547738692 -12.27598968487186 -12.27598968487186 -12.27598968487186 -12.27598968487186 -12.27598968487186 -12.27598968487186 -12.27598968487186 -12.27598968487186 -12.27598968487186 -12.27598968487186 -12.27598968487186 -12.27598968487186 -12.27598968487186 -12.27598968487186 -12.27598968487186 -12.27598968487186 -12.27598968487186 -12.27598968487186 -12.27598968487186 -12.27598968487186 -12.27598968487186 -12.27598968487186 -12.27598968487186 -12.27598968487186 -12.27598968487186 -12.27598968487186 -12.27598968487186 -12.27598968487186 -12.27598968487186
11.457286432160803 -12.255922580473797 -12.255922580473797 -12.255922580473797 -12.255922580473797 -12.255922580473797 -12.255922580473797 -12.255922580473797 -12.255922580473797 -12.255922580473797 -12.255922580473797 -12.255922580473797 -12.255922580473797 -12.255922580473797 -12.255922580473797 -12.255922580473797 -12.255922580473797 -12.255922580473797 -12.255922580473797 -12.255922580473797 -12.255922580473797 -12.255922580473797 -12.255922580473797 -12.255922580473797 -12.255922580473797 -12.255922580473797 -12.255922580473797 -12.255922580473797 -12.255922580473797 -12.255922580473797
11.532663316582914 -12.23585547607573 -12.23585547607573 -12.23585547607573 -12.23585547607573 -12.23585547607573 -12.23585547607573 -12.23585547607573 -12.23585547607573 -12.23585547607573 -12.23585547607573 -12.23585547607573 -12.23585547607573 -12.23585547607573 -12.23585547607573 -12.23585547607573 -12.23585547607573 -12.23585547607573 -12.23585547607573 -12.23585547607573 -12.23585547607573 -12.23585547607573 -12.23585547607573 -12.23585547607573 -12.23585547607573 -12.23585547607573 -12.23585547607573 -12.23585547607573 -12.23585547607573 -12.23585547607573
11.608040201005025 -12.215788371677668 -12.215788371677668 -12.215788371677668 -12.215788371677668 -12.215788371677668 -12.215788371677668 -12.215788371677668 -12.215788371677668 -12.215788371677668 -12.215788371677668 -12.215788371677668 -12.215788371677668 -12.215788371677668 -12.215788371677668 -12.215788371677668 -12.215788371677668 -12.215788371677668 -12.215788371677668 -12.215788371677668 -12.215788371677668 -12.215788371677668 -12.215788371677668 -12.215788371677668 -12.215788371677668 -12.215788371677668 -12.215788371677668 -12.215788371677668 -12.215788371677668 -12.215788371677668
11.683417085427134 -12.195721267279602 -12.195721267279602 -12.195721267279602 -12.195721267279602 -12.195721267279602 -12.195721267279602 -12.195721267279602 -12.195721267279602 -12.195721267279602 -12.195721267279602 -12.195721267279602 -12.195721267279602 -12.195721267279602 -12.195721267279602 -12.195721267279602 -12.195721267279602 -12.195721267279602 -12.195721267279602 -12.195721267279602 -12.195721267279602 -12.195721267279602 -12.195721267279602 -12.195721267279602 -12.195721267279602 -12.195721267279602 -12.195721267279602 -12.195721267279602 -12.195721267279602 -12.195721267279602
11.758793969849245 -12.17565416288154 -12.17565416288154 -12.17565416288154 -12.17565416288154 -12.17565416288154 -12.17565416288154 -12.17565416288154 -12.17565416288154 -12.17565416288154 -12.17565416288154 -12.17565416288154 -12.17565416288154 -12.17565416288154 -12.17565416288154 -12.17565416288154 -12.17565416288154 -12.17565416288154 -12.17565416288154 -12.17565416288154 -12.17565416288154 -12.17565416288154 -12.17565416288154 -12.17565416288154 -12.17565416288154 -12.17565416288154 -12.17565416288154 -12.17565416288154 -12.17565416288154 -12.17565416288154
11.834170854271356 -12.155587058483473 -12.155587058483473 -12.155587058483473 -12.155587058483473 -12.155587058483473 -12.155587058483473 -12.155587058483473 -12.155587058483473 -12.155587058483473 -12.155587058483473 -12.155587058483473 -12.155587058483473 -12.155587058483473 -12.155587058483473 -12.155587058483473 -12.155587058483473 -12.155587058483473 -12.155587058483473 -12.155587058483473 -12.155587058483473 -12.155587058483473 -12.155587058483473 -12.155587058483473 -12.155587058483473 -12.155587058483473 -12.155587058483473 -12.155587058483473 -12.155587058483473 -12.155587058483473
11.909547738693465 -12.13551995408541 -12.13551995408541 -12.13551995408541 -12.13551995408541 -12.13551995408541 -12.13551995408541 -12.13551995408541 -12.13551995408541 -12.13551995408541 -12.13551995408541 -12.13551995408541 -12.13551995408541 -12.13551995408541 -12.13551995408541 -12.13551995408541 -12.13551995408541 -12.13551995408541 -12.13551995408541 -12.13551995408541 -12.13551995408541 -12.13551995408541 -12.13551995408541 -12.13551995408541 -12.13551995408541 -12.13551995408541 -12.13551995408541 -12.13551995408541 -12.13551995408541 -12.13551995408541
11.984924623115576 -12.115452849687346 -12.115452849687346 -12.115452849687346 -12.115452849687346 -12.115452849687346 -12.115452849687346 -12.115452849687346 -12.115452849687346 -12.115452849687346 -12.115452849687346 -12.115452849687346 -12.115452849687346 -12.115452849687346 -12.115452849687346 -12.115452849687346 -12.115452849687346 -12.115452849687346 -12.115452849687346 -12.115452849687346 -12.115452849687346 -12.115452849687346 -12.115452849687346 -12.115452849687346 -12.115452849687346 -12.115452849687346 -12.115452849687346 -12.115452849687346 -12.115452849687346 -12.115452849687346
12.060301507537687 -12.095385745289281 -12.095385745289281 -12.095385745289281 -12.095385745289281 -12.095385745289281 -12.095385745289281 -12.095385745289281 -12.095385745289281 -12.095385745289281 -12.095385745289281 -12.095385745289281 -12.095385745289281 -12.095385745289281 -12.095385745289281 -12.095385745289281 -12.095385745289281 -12.095385745289281 -12.095385745289281 -12.095385745289281 -12.095385745289281 -12.095385745289281 -12.095385745289281 -12.095385745289281 -12.095385745289281 -12.095385745289281 -12.095385745289281 -12.095385745289281 -12.095385745289281 -12.095385745289281
12.135678391959798 -12.075318640891215 -12.075318640891215 -12.075318640891215 -12.075318640891215 -12.075318640891215 -12.075318640891215 -12.075318640891215 -12.075318640891215 -12.075318640891215 -12.075318640891215 -12.075318640891215 -12.075318640891215 -12.075318640891215 -12.075318640891215 -12.075318640891215 -12.075318640891215 -12.075318640891215 -12.075318640891215 -12.075318640891215 -12.075318640891215 -12.075318640891215 -12.075318640891215 -12.075318640891215 -12.075318640891215 -12.075318640891215 -12.075318640891215 -12.075318640891215 -12.075318640891215 -12.075318640891215
