web/models/linear/38/-15_306_0_495.dat
# %ECSV 1.0
# ---
# datatype:
# - {name: time, datatype: float64}
# - {name: sdss_u, datatype: float64}
# - {name: sdss_g, datatype: float64}
# - {name: sdss_r, datatype: float64}
# - {name: sdss_i, datatype: float64}
# - {name: sdss_z, datatype: float64}
# - {name: Clear, datatype: float64}
# - {name: johnson_B, datatype: float64}
# - {name: johnson_V, datatype: float64}
# - {name: johnson_R, datatype: float64}
# - {name: johnson_I, datatype: float64}
# - {name: ukirt_J, datatype: float64}
# - {name: ukirt_H, datatype: float64}
# - {name: ukirt_K, datatype: float64}
# meta: !!omap
# - comment: [M=-15.306122448979592, dM=0.4951289998230568]
# schema: astropy-2.0
time sdss_u sdss_g sdss_r sdss_i sdss_z Clear johnson_B johnson_V johnson_R johnson_I ukirt_J ukirt_H ukirt_K
[from data line 59]
4.447236180904522 -13.104166846751426 -13.104166846751426 -13.104166846751426 -13.104166846751426 -13.104166846751426 -13.104166846751426 -13.104166846751426 -13.104166846751426 -13.104166846751426 -13.104166846751426 -13.104166846751426 -13.104166846751426 -13.104166846751426
4.522613065326633 -13.066845565357728 -13.066845565357728 -13.066845565357728 -13.066845565357728 -13.066845565357728 -13.066845565357728 -13.066845565357728 -13.066845565357728 -13.066845565357728 -13.066845565357728 -13.066845565357728 -13.066845565357728 -13.066845565357728
4.597989949748744 -13.02952428396403 -13.02952428396403 -13.02952428396403 -13.02952428396403 -13.02952428396403 -13.02952428396403 -13.02952428396403 -13.02952428396403 -13.02952428396403 -13.02952428396403 -13.02952428396403 -13.02952428396403 -13.02952428396403
4.673366834170854 -12.992203002570331 -12.992203002570331 -12.992203002570331 -12.992203002570331 -12.992203002570331 -12.992203002570331 -12.992203002570331 -12.992203002570331 -12.992203002570331 -12.992203002570331 -12.992203002570331 -12.992203002570331 -12.992203002570331
4.748743718592964 -12.954881721176633 -12.954881721176633 -12.954881721176633 -12.954881721176633 -12.954881721176633 -12.954881721176633 -12.954881721176633 -12.954881721176633 -12.954881721176633 -12.954881721176633 -12.954881721176633 -12.954881721176633 -12.954881721176633
4.824120603015075 -12.917560439782935 -12.917560439782935 -12.917560439782935 -12.917560439782935 -12.917560439782935 -12.917560439782935 -12.917560439782935 -12.917560439782935 -12.917560439782935 -12.917560439782935 -12.917560439782935 -12.917560439782935 -12.917560439782935
4.899497487437186 -12.880239158389237 -12.880239158389237 -12.880239158389237 -12.880239158389237 -12.880239158389237 -12.880239158389237 -12.880239158389237 -12.880239158389237 -12.880239158389237 -12.880239158389237 -12.880239158389237 -12.880239158389237 -12.880239158389237
4.974874371859296 -12.84291787699554 -12.84291787699554 -12.84291787699554 -12.84291787699554 -12.84291787699554 -12.84291787699554 -12.84291787699554 -12.84291787699554 -12.84291787699554 -12.84291787699554 -12.84291787699554 -12.84291787699554 -12.84291787699554
5.050251256281406 -12.805596595601843 -12.805596595601843 -12.805596595601843 -12.805596595601843 -12.805596595601843 -12.805596595601843 -12.805596595601843 -12.805596595601843 -12.805596595601843 -12.805596595601843 -12.805596595601843 -12.805596595601843 -12.805596595601843
5.125628140703517 -12.768275314208145 -12.768275314208145 -12.768275314208145 -12.768275314208145 -12.768275314208145 -12.768275314208145 -12.768275314208145 -12.768275314208145 -12.768275314208145 -12.768275314208145 -12.768275314208145 -12.768275314208145 -12.768275314208145
5.201005025125628 -12.730954032814447 -12.730954032814447 -12.730954032814447 -12.730954032814447 -12.730954032814447 -12.730954032814447 -12.730954032814447 -12.730954032814447 -12.730954032814447 -12.730954032814447 -12.730954032814447 -12.730954032814447 -12.730954032814447
5.276381909547738 -12.693632751420749 -12.693632751420749 -12.693632751420749 -12.693632751420749 -12.693632751420749 -12.693632751420749 -12.693632751420749 -12.693632751420749 -12.693632751420749 -12.693632751420749 -12.693632751420749 -12.693632751420749 -12.693632751420749
5.351758793969848 -12.656311470027052 -12.656311470027052 -12.656311470027052 -12.656311470027052 -12.656311470027052 -12.656311470027052 -12.656311470027052 -12.656311470027052 -12.656311470027052 -12.656311470027052 -12.656311470027052 -12.656311470027052 -12.656311470027052
5.427135678391959 -12.618990188633354 -12.618990188633354 -12.618990188633354 -12.618990188633354 -12.618990188633354 -12.618990188633354 -12.618990188633354 -12.618990188633354 -12.618990188633354 -12.618990188633354 -12.618990188633354 -12.618990188633354 -12.618990188633354
5.50251256281407 -12.581668907239656 -12.581668907239656 -12.581668907239656 -12.581668907239656 -12.581668907239656 -12.581668907239656 -12.581668907239656 -12.581668907239656 -12.581668907239656 -12.581668907239656 -12.581668907239656 -12.581668907239656 -12.581668907239656
5.57788944723618 -12.544347625845958 -12.544347625845958 -12.544347625845958 -12.544347625845958 -12.544347625845958 -12.544347625845958 -12.544347625845958 -12.544347625845958 -12.544347625845958 -12.544347625845958 -12.544347625845958 -12.544347625845958 -12.544347625845958
5.6532663316582905 -12.50702634445226 -12.50702634445226 -12.50702634445226 -12.50702634445226 -12.50702634445226 -12.50702634445226 -12.50702634445226 -12.50702634445226 -12.50702634445226 -12.50702634445226 -12.50702634445226 -12.50702634445226 -12.50702634445226
5.7286432160804015 -12.469705063058562 -12.469705063058562 -12.469705063058562 -12.469705063058562 -12.469705063058562 -12.469705063058562 -12.469705063058562 -12.469705063058562 -12.469705063058562 -12.469705063058562 -12.469705063058562 -12.469705063058562 -12.469705063058562
5.8040201005025125 -12.432383781664864 -12.432383781664864 -12.432383781664864 -12.432383781664864 -12.432383781664864 -12.432383781664864 -12.432383781664864 -12.432383781664864 -12.432383781664864 -12.432383781664864 -12.432383781664864 -12.432383781664864 -12.432383781664864
5.879396984924623 -12.395062500271168 -12.395062500271168 -12.395062500271168 -12.395062500271168 -12.395062500271168 -12.395062500271168 -12.395062500271168 -12.395062500271168 -12.395062500271168 -12.395062500271168 -12.395062500271168 -12.395062500271168 -12.395062500271168
5.954773869346733 -12.35774121887747 -12.35774121887747 -12.35774121887747 -12.35774121887747 -12.35774121887747 -12.35774121887747 -12.35774121887747 -12.35774121887747 -12.35774121887747 -12.35774121887747 -12.35774121887747 -12.35774121887747 -12.35774121887747
6.030150753768844 -12.320419937483772 -12.320419937483772 -12.320419937483772 -12.320419937483772 -12.320419937483772 -12.320419937483772 -12.320419937483772 -12.320419937483772 -12.320419937483772 -12.320419937483772 -12.320419937483772 -12.320419937483772 -12.320419937483772
6.105527638190955 -12.283098656090074 -12.283098656090074 -12.283098656090074 -12.283098656090074 -12.283098656090074 -12.283098656090074 -12.283098656090074 -12.283098656090074 -12.283098656090074 -12.283098656090074 -12.283098656090074 -12.283098656090074 -12.283098656090074
6.180904522613065 -12.245777374696377 -12.245777374696377 -12.245777374696377 -12.245777374696377 -12.245777374696377 -12.245777374696377 -12.245777374696377 -12.245777374696377 -12.245777374696377 -12.245777374696377 -12.245777374696377 -12.245777374696377 -12.245777374696377
6.256281407035175 -12.20845609330268 -12.20845609330268 -12.20845609330268 -12.20845609330268 -12.20845609330268 -12.20845609330268 -12.20845609330268 -12.20845609330268 -12.20845609330268 -12.20845609330268 -12.20845609330268 -12.20845609330268 -12.20845609330268
6.331658291457286 -12.171134811908981 -12.171134811908981 -12.171134811908981 -12.171134811908981 -12.171134811908981 -12.171134811908981 -12.171134811908981 -12.171134811908981 -12.171134811908981 -12.171134811908981 -12.171134811908981 -12.171134811908981 -12.171134811908981
6.407035175879397 -12.133813530515283 -12.133813530515283 -12.133813530515283 -12.133813530515283 -12.133813530515283 -12.133813530515283 -12.133813530515283 -12.133813530515283 -12.133813530515283 -12.133813530515283 -12.133813530515283 -12.133813530515283 -12.133813530515283
6.482412060301507 -12.096492249121585 -12.096492249121585 -12.096492249121585 -12.096492249121585 -12.096492249121585 -12.096492249121585 -12.096492249121585 -12.096492249121585 -12.096492249121585 -12.096492249121585 -12.096492249121585 -12.096492249121585 -12.096492249121585
6.557788944723617 -12.059170967727887 -12.059170967727887 -12.059170967727887 -12.059170967727887 -12.059170967727887 -12.059170967727887 -12.059170967727887 -12.059170967727887 -12.059170967727887 -12.059170967727887 -12.059170967727887 -12.059170967727887 -12.059170967727887
6.633165829145728 -12.021849686334189 -12.021849686334189 -12.021849686334189 -12.021849686334189 -12.021849686334189 -12.021849686334189 -12.021849686334189 -12.021849686334189 -12.021849686334189 -12.021849686334189 -12.021849686334189 -12.021849686334189 -12.021849686334189
6.708542713567839 -11.984528404940491 -11.984528404940491 -11.984528404940491 -11.984528404940491 -11.984528404940491 -11.984528404940491 -11.984528404940491 -11.984528404940491 -11.984528404940491 -11.984528404940491 -11.984528404940491 -11.984528404940491 -11.984528404940491
6.783919597989949 -11.947207123546795 -11.947207123546795 -11.947207123546795 -11.947207123546795 -11.947207123546795 -11.947207123546795 -11.947207123546795 -11.947207123546795 -11.947207123546795 -11.947207123546795 -11.947207123546795 -11.947207123546795 -11.947207123546795
6.859296482412059 -11.909885842153097 -11.909885842153097 -11.909885842153097 -11.909885842153097 -11.909885842153097 -11.909885842153097 -11.909885842153097 -11.909885842153097 -11.909885842153097 -11.909885842153097 -11.909885842153097 -11.909885842153097 -11.909885842153097
6.93467336683417 -11.872564560759399 -11.872564560759399 -11.872564560759399 -11.872564560759399 -11.872564560759399 -11.872564560759399 -11.872564560759399 -11.872564560759399 -11.872564560759399 -11.872564560759399 -11.872564560759399 -11.872564560759399 -11.872564560759399
7.010050251256281 -11.8352432793657 -11.8352432793657 -11.8352432793657 -11.8352432793657 -11.8352432793657 -11.8352432793657 -11.8352432793657 -11.8352432793657 -11.8352432793657 -11.8352432793657 -11.8352432793657 -11.8352432793657 -11.8352432793657
7.085427135678391 -11.797921997972004 -11.797921997972004 -11.797921997972004 -11.797921997972004 -11.797921997972004 -11.797921997972004 -11.797921997972004 -11.797921997972004 -11.797921997972004 -11.797921997972004 -11.797921997972004 -11.797921997972004 -11.797921997972004
7.160804020100501 -11.760600716578306 -11.760600716578306 -11.760600716578306 -11.760600716578306 -11.760600716578306 -11.760600716578306 -11.760600716578306 -11.760600716578306 -11.760600716578306 -11.760600716578306 -11.760600716578306 -11.760600716578306 -11.760600716578306
7.236180904522612 -11.723279435184608 -11.723279435184608 -11.723279435184608 -11.723279435184608 -11.723279435184608 -11.723279435184608 -11.723279435184608 -11.723279435184608 -11.723279435184608 -11.723279435184608 -11.723279435184608 -11.723279435184608 -11.723279435184608
7.311557788944723 -11.68595815379091 -11.68595815379091 -11.68595815379091 -11.68595815379091 -11.68595815379091 -11.68595815379091 -11.68595815379091 -11.68595815379091 -11.68595815379091 -11.68595815379091 -11.68595815379091 -11.68595815379091 -11.68595815379091
7.3869346733668335 -11.648636872397212 -11.648636872397212 -11.648636872397212 -11.648636872397212 -11.648636872397212 -11.648636872397212 -11.648636872397212 -11.648636872397212 -11.648636872397212 -11.648636872397212 -11.648636872397212 -11.648636872397212 -11.648636872397212
7.462311557788944 -11.611315591003514 -11.611315591003514 -11.611315591003514 -11.611315591003514 -11.611315591003514 -11.611315591003514 -11.611315591003514 -11.611315591003514 -11.611315591003514 -11.611315591003514 -11.611315591003514 -11.611315591003514 -11.611315591003514
7.537688442211055 -11.573994309609816 -11.573994309609816 -11.573994309609816 -11.573994309609816 -11.573994309609816 -11.573994309609816 -11.573994309609816 -11.573994309609816 -11.573994309609816 -11.573994309609816 -11.573994309609816 -11.573994309609816 -11.573994309609816
7.613065326633166 -11.53667302821612 -11.53667302821612 -11.53667302821612 -11.53667302821612 -11.53667302821612 -11.53667302821612 -11.53667302821612 -11.53667302821612 -11.53667302821612 -11.53667302821612 -11.53667302821612 -11.53667302821612 -11.53667302821612
7.688442211055276 -11.499351746822422 -11.499351746822422 -11.499351746822422 -11.499351746822422 -11.499351746822422 -11.499351746822422 -11.499351746822422 -11.499351746822422 -11.499351746822422 -11.499351746822422 -11.499351746822422 -11.499351746822422 -11.499351746822422
7.763819095477386 -11.462030465428724 -11.462030465428724 -11.462030465428724 -11.462030465428724 -11.462030465428724 -11.462030465428724 -11.462030465428724 -11.462030465428724 -11.462030465428724 -11.462030465428724 -11.462030465428724 -11.462030465428724 -11.462030465428724
7.839195979899497 -11.424709184035025 -11.424709184035025 -11.424709184035025 -11.424709184035025 -11.424709184035025 -11.424709184035025 -11.424709184035025 -11.424709184035025 -11.424709184035025 -11.424709184035025 -11.424709184035025 -11.424709184035025 -11.424709184035025
7.914572864321608 -11.387387902641327 -11.387387902641327 -11.387387902641327 -11.387387902641327 -11.387387902641327 -11.387387902641327 -11.387387902641327 -11.387387902641327 -11.387387902641327 -11.387387902641327 -11.387387902641327 -11.387387902641327 -11.387387902641327
7.989949748743718 -11.350066621247631 -11.350066621247631 -11.350066621247631 -11.350066621247631 -11.350066621247631 -11.350066621247631 -11.350066621247631 -11.350066621247631 -11.350066621247631 -11.350066621247631 -11.350066621247631 -11.350066621247631 -11.350066621247631
8.065326633165828 -11.312745339853933 -11.312745339853933 -11.312745339853933 -11.312745339853933 -11.312745339853933 -11.312745339853933 -11.312745339853933 -11.312745339853933 -11.312745339853933 -11.312745339853933 -11.312745339853933 -11.312745339853933 -11.312745339853933
8.140703517587939 -11.275424058460235 -11.275424058460235 -11.275424058460235 -11.275424058460235 -11.275424058460235 -11.275424058460235 -11.275424058460235 -11.275424058460235 -11.275424058460235 -11.275424058460235 -11.275424058460235 -11.275424058460235 -11.275424058460235
8.21608040201005 -11.238102777066537 -11.238102777066537 -11.238102777066537 -11.238102777066537 -11.238102777066537 -11.238102777066537 -11.238102777066537 -11.238102777066537 -11.238102777066537 -11.238102777066537 -11.238102777066537 -11.238102777066537 -11.238102777066537
8.29145728643216 -11.200781495672839 -11.200781495672839 -11.200781495672839 -11.200781495672839 -11.200781495672839 -11.200781495672839 -11.200781495672839 -11.200781495672839 -11.200781495672839 -11.200781495672839 -11.200781495672839 -11.200781495672839 -11.200781495672839
8.36683417085427 -11.16346021427914 -11.16346021427914 -11.16346021427914 -11.16346021427914 -11.16346021427914 -11.16346021427914 -11.16346021427914 -11.16346021427914 -11.16346021427914 -11.16346021427914 -11.16346021427914 -11.16346021427914 -11.16346021427914
8.442211055276381 -11.126138932885443 -11.126138932885443 -11.126138932885443 -11.126138932885443 -11.126138932885443 -11.126138932885443 -11.126138932885443 -11.126138932885443 -11.126138932885443 -11.126138932885443 -11.126138932885443 -11.126138932885443 -11.126138932885443
8.517587939698492 -11.088817651491745 -11.088817651491745 -11.088817651491745 -11.088817651491745 -11.088817651491745 -11.088817651491745 -11.088817651491745 -11.088817651491745 -11.088817651491745 -11.088817651491745 -11.088817651491745 -11.088817651491745 -11.088817651491745
8.592964824120603 -11.051496370098048 -11.051496370098048 -11.051496370098048 -11.051496370098048 -11.051496370098048 -11.051496370098048 -11.051496370098048 -11.051496370098048 -11.051496370098048 -11.051496370098048 -11.051496370098048 -11.051496370098048 -11.051496370098048
8.668341708542712 -11.014175088704352 -11.014175088704352 -11.014175088704352 -11.014175088704352 -11.014175088704352 -11.014175088704352 -11.014175088704352 -11.014175088704352 -11.014175088704352 -11.014175088704352 -11.014175088704352 -11.014175088704352 -11.014175088704352
