web/models/linear/38/-15_306_2_000.dat
# %ECSV 1.0
# ---
# datatype:
# - {name: time, datatype: float64}
# - {name: swift_uvot_uvw2, datatype: float64}
# - {name: swift_uvot_uvm2, datatype: float64}
# - {name: swift_uvot_uvw1, datatype: float64}
# - {name: swift_uvot_U, datatype: float64}
# - {name: swift_uvot_B, datatype: float64}
# - {name: swift_uvot_V, datatype: float64}
# - {name: swift_uvot_W, datatype: float64}
# - {name: johnson_U, datatype: float64}
# - {name: johnson_B, datatype: float64}
# - {name: johnson_V, datatype: float64}
# - {name: johnson_R, datatype: float64}
# - {name: johnson_I, datatype: float64}
# - {name: sdss_u, datatype: float64}
# - {name: sdss_g, datatype: float64}
# - {name: sdss_r, datatype: float64}
# - {name: sdss_i, datatype: float64}
# - {name: sdss_z, datatype: float64}
# - {name: PS1_g, datatype: float64}
# - {name: PS1_r, datatype: float64}
# - {name: PS1_i, datatype: float64}
# - {name: PS1_z, datatype: float64}
# - {name: PS1_Y, datatype: float64}
# - {name: PS1_w, datatype: float64}
# - {name: ATLAS_c, datatype: float64}
# - {name: ATLAS_o, datatype: float64}
# - {name: ukirt_J, datatype: float64}
# - {name: ukirt_H, datatype: float64}
# - {name: ukirt_K, datatype: float64}
# - {name: Clear, datatype: float64}
# meta: !!omap
# - comment: [M=-15.306122448979592, dM=2.0]
# schema: astropy-2.0
time swift_uvot_uvw2 swift_uvot_uvm2 swift_uvot_uvw1 swift_uvot_U swift_uvot_B swift_uvot_V swift_uvot_W johnson_U johnson_B johnson_V johnson_R johnson_I sdss_u sdss_g sdss_r sdss_i sdss_z PS1_g PS1_r PS1_i PS1_z PS1_Y PS1_w ATLAS_c ATLAS_o ukirt_J ukirt_H ukirt_K Clear
[from data line 111]
8.36683417085427 1.4275458927289488 1.4275458927289488 1.4275458927289488 1.4275458927289488 1.4275458927289488 1.4275458927289488 1.4275458927289488 1.4275458927289488 1.4275458927289488 1.4275458927289488 1.4275458927289488 1.4275458927289488 1.4275458927289488 1.4275458927289488 1.4275458927289488 1.4275458927289488 1.4275458927289488 1.4275458927289488 1.4275458927289488 1.4275458927289488 1.4275458927289488 1.4275458927289488 1.4275458927289488 1.4275458927289488 1.4275458927289488 1.4275458927289488 1.4275458927289488 1.4275458927289488 1.4275458927289488
8.442211055276381 1.5782996615731708 1.5782996615731708 1.5782996615731708 1.5782996615731708 1.5782996615731708 1.5782996615731708 1.5782996615731708 1.5782996615731708 1.5782996615731708 1.5782996615731708 1.5782996615731708 1.5782996615731708 1.5782996615731708 1.5782996615731708 1.5782996615731708 1.5782996615731708 1.5782996615731708 1.5782996615731708 1.5782996615731708 1.5782996615731708 1.5782996615731708 1.5782996615731708 1.5782996615731708 1.5782996615731708 1.5782996615731708 1.5782996615731708 1.5782996615731708 1.5782996615731708 1.5782996615731708
8.517587939698492 1.7290534304173928 1.7290534304173928 1.7290534304173928 1.7290534304173928 1.7290534304173928 1.7290534304173928 1.7290534304173928 1.7290534304173928 1.7290534304173928 1.7290534304173928 1.7290534304173928 1.7290534304173928 1.7290534304173928 1.7290534304173928 1.7290534304173928 1.7290534304173928 1.7290534304173928 1.7290534304173928 1.7290534304173928 1.7290534304173928 1.7290534304173928 1.7290534304173928 1.7290534304173928 1.7290534304173928 1.7290534304173928 1.7290534304173928 1.7290534304173928 1.7290534304173928 1.7290534304173928
8.592964824120603 1.8798071992616148 1.8798071992616148 1.8798071992616148 1.8798071992616148 1.8798071992616148 1.8798071992616148 1.8798071992616148 1.8798071992616148 1.8798071992616148 1.8798071992616148 1.8798071992616148 1.8798071992616148 1.8798071992616148 1.8798071992616148 1.8798071992616148 1.8798071992616148 1.8798071992616148 1.8798071992616148 1.8798071992616148 1.8798071992616148 1.8798071992616148 1.8798071992616148 1.8798071992616148 1.8798071992616148 1.8798071992616148 1.8798071992616148 1.8798071992616148 1.8798071992616148 1.8798071992616148
8.668341708542712 2.030560968105833 2.030560968105833 2.030560968105833 2.030560968105833 2.030560968105833 2.030560968105833 2.030560968105833 2.030560968105833 2.030560968105833 2.030560968105833 2.030560968105833 2.030560968105833 2.030560968105833 2.030560968105833 2.030560968105833 2.030560968105833 2.030560968105833 2.030560968105833 2.030560968105833 2.030560968105833 2.030560968105833 2.030560968105833 2.030560968105833 2.030560968105833 2.030560968105833 2.030560968105833 2.030560968105833 2.030560968105833 2.030560968105833
8.743718592964823 2.181314736950055 2.181314736950055 2.181314736950055 2.181314736950055 2.181314736950055 2.181314736950055 2.181314736950055 2.181314736950055 2.181314736950055 2.181314736950055 2.181314736950055 2.181314736950055 2.181314736950055 2.181314736950055 2.181314736950055 2.181314736950055 2.181314736950055 2.181314736950055 2.181314736950055 2.181314736950055 2.181314736950055 2.181314736950055 2.181314736950055 2.181314736950055 2.181314736950055 2.181314736950055 2.181314736950055 2.181314736950055 2.181314736950055
8.819095477386934 2.332068505794277 2.332068505794277 2.332068505794277 2.332068505794277 2.332068505794277 2.332068505794277 2.332068505794277 2.332068505794277 2.332068505794277 2.332068505794277 2.332068505794277 2.332068505794277 2.332068505794277 2.332068505794277 2.332068505794277 2.332068505794277 2.332068505794277 2.332068505794277 2.332068505794277 2.332068505794277 2.332068505794277 2.332068505794277 2.332068505794277 2.332068505794277 2.332068505794277 2.332068505794277 2.332068505794277 2.332068505794277 2.332068505794277
8.894472361809044 2.4828222746384956 2.4828222746384956 2.4828222746384956 2.4828222746384956 2.4828222746384956 2.4828222746384956 2.4828222746384956 2.4828222746384956 2.4828222746384956 2.4828222746384956 2.4828222746384956 2.4828222746384956 2.4828222746384956 2.4828222746384956 2.4828222746384956 2.4828222746384956 2.4828222746384956 2.4828222746384956 2.4828222746384956 2.4828222746384956 2.4828222746384956 2.4828222746384956 2.4828222746384956 2.4828222746384956 2.4828222746384956 2.4828222746384956 2.4828222746384956 2.4828222746384956 2.4828222746384956
8.969849246231155 2.6335760434827176 2.6335760434827176 2.6335760434827176 2.6335760434827176 2.6335760434827176 2.6335760434827176 2.6335760434827176 2.6335760434827176 2.6335760434827176 2.6335760434827176 2.6335760434827176 2.6335760434827176 2.6335760434827176 2.6335760434827176 2.6335760434827176 2.6335760434827176 2.6335760434827176 2.6335760434827176 2.6335760434827176 2.6335760434827176 2.6335760434827176 2.6335760434827176 2.6335760434827176 2.6335760434827176 2.6335760434827176 2.6335760434827176 2.6335760434827176 2.6335760434827176 2.6335760434827176
9.045226130653266 2.7843298123269395 2.7843298123269395 2.7843298123269395 2.7843298123269395 2.7843298123269395 2.7843298123269395 2.7843298123269395 2.7843298123269395 2.7843298123269395 2.7843298123269395 2.7843298123269395 2.7843298123269395 2.7843298123269395 2.7843298123269395 2.7843298123269395 2.7843298123269395 2.7843298123269395 2.7843298123269395 2.7843298123269395 2.7843298123269395 2.7843298123269395 2.7843298123269395 2.7843298123269395 2.7843298123269395 2.7843298123269395 2.7843298123269395 2.7843298123269395 2.7843298123269395 2.7843298123269395
9.120603015075377 2.9350835811711615 2.9350835811711615 2.9350835811711615 2.9350835811711615 2.9350835811711615 2.9350835811711615 2.9350835811711615 2.9350835811711615 2.9350835811711615 2.9350835811711615 2.9350835811711615 2.9350835811711615 2.9350835811711615 2.9350835811711615 2.9350835811711615 2.9350835811711615 2.9350835811711615 2.9350835811711615 2.9350835811711615 2.9350835811711615 2.9350835811711615 2.9350835811711615 2.9350835811711615 2.9350835811711615 2.9350835811711615 2.9350835811711615 2.9350835811711615 2.9350835811711615 2.9350835811711615
9.195979899497488 3.0858373500153835 3.0858373500153835 3.0858373500153835 3.0858373500153835 3.0858373500153835 3.0858373500153835 3.0858373500153835 3.0858373500153835 3.0858373500153835 3.0858373500153835 3.0858373500153835 3.0858373500153835 3.0858373500153835 3.0858373500153835 3.0858373500153835 3.0858373500153835 3.0858373500153835 3.0858373500153835 3.0858373500153835 3.0858373500153835 3.0858373500153835 3.0858373500153835 3.0858373500153835 3.0858373500153835 3.0858373500153835 3.0858373500153835 3.0858373500153835 3.0858373500153835 3.0858373500153835
9.271356783919597 3.236591118859602 3.236591118859602 3.236591118859602 3.236591118859602 3.236591118859602 3.236591118859602 3.236591118859602 3.236591118859602 3.236591118859602 3.236591118859602 3.236591118859602 3.236591118859602 3.236591118859602 3.236591118859602 3.236591118859602 3.236591118859602 3.236591118859602 3.236591118859602 3.236591118859602 3.236591118859602 3.236591118859602 3.236591118859602 3.236591118859602 3.236591118859602 3.236591118859602 3.236591118859602 3.236591118859602 3.236591118859602 3.236591118859602
9.346733668341708 3.387344887703824 3.387344887703824 3.387344887703824 3.387344887703824 3.387344887703824 3.387344887703824 3.387344887703824 3.387344887703824 3.387344887703824 3.387344887703824 3.387344887703824 3.387344887703824 3.387344887703824 3.387344887703824 3.387344887703824 3.387344887703824 3.387344887703824 3.387344887703824 3.387344887703824 3.387344887703824 3.387344887703824 3.387344887703824 3.387344887703824 3.387344887703824 3.387344887703824 3.387344887703824 3.387344887703824 3.387344887703824 3.387344887703824
9.422110552763819 3.538098656548046 3.538098656548046 3.538098656548046 3.538098656548046 3.538098656548046 3.538098656548046 3.538098656548046 3.538098656548046 3.538098656548046 3.538098656548046 3.538098656548046 3.538098656548046 3.538098656548046 3.538098656548046 3.538098656548046 3.538098656548046 3.538098656548046 3.538098656548046 3.538098656548046 3.538098656548046 3.538098656548046 3.538098656548046 3.538098656548046 3.538098656548046 3.538098656548046 3.538098656548046 3.538098656548046 3.538098656548046 3.538098656548046
9.497487437185928 3.6888524253922643 3.6888524253922643 3.6888524253922643 3.6888524253922643 3.6888524253922643 3.6888524253922643 3.6888524253922643 3.6888524253922643 3.6888524253922643 3.6888524253922643 3.6888524253922643 3.6888524253922643 3.6888524253922643 3.6888524253922643 3.6888524253922643 3.6888524253922643 3.6888524253922643 3.6888524253922643 3.6888524253922643 3.6888524253922643 3.6888524253922643 3.6888524253922643 3.6888524253922643 3.6888524253922643 3.6888524253922643 3.6888524253922643 3.6888524253922643 3.6888524253922643 3.6888524253922643
9.572864321608039 3.8396061942364863 3.8396061942364863 3.8396061942364863 3.8396061942364863 3.8396061942364863 3.8396061942364863 3.8396061942364863 3.8396061942364863 3.8396061942364863 3.8396061942364863 3.8396061942364863 3.8396061942364863 3.8396061942364863 3.8396061942364863 3.8396061942364863 3.8396061942364863 3.8396061942364863 3.8396061942364863 3.8396061942364863 3.8396061942364863 3.8396061942364863 3.8396061942364863 3.8396061942364863 3.8396061942364863 3.8396061942364863 3.8396061942364863 3.8396061942364863 3.8396061942364863 3.8396061942364863
9.64824120603015 3.9903599630807083 3.9903599630807083 3.9903599630807083 3.9903599630807083 3.9903599630807083 3.9903599630807083 3.9903599630807083 3.9903599630807083 3.9903599630807083 3.9903599630807083 3.9903599630807083 3.9903599630807083 3.9903599630807083 3.9903599630807083 3.9903599630807083 3.9903599630807083 3.9903599630807083 3.9903599630807083 3.9903599630807083 3.9903599630807083 3.9903599630807083 3.9903599630807083 3.9903599630807083 3.9903599630807083 3.9903599630807083 3.9903599630807083 3.9903599630807083 3.9903599630807083 3.9903599630807083
9.72361809045226 4.14111373192493 4.14111373192493 4.14111373192493 4.14111373192493 4.14111373192493 4.14111373192493 4.14111373192493 4.14111373192493 4.14111373192493 4.14111373192493 4.14111373192493 4.14111373192493 4.14111373192493 4.14111373192493 4.14111373192493 4.14111373192493 4.14111373192493 4.14111373192493 4.14111373192493 4.14111373192493 4.14111373192493 4.14111373192493 4.14111373192493 4.14111373192493 4.14111373192493 4.14111373192493 4.14111373192493 4.14111373192493 4.14111373192493
9.798994974874372 4.291867500769152 4.291867500769152 4.291867500769152 4.291867500769152 4.291867500769152 4.291867500769152 4.291867500769152 4.291867500769152 4.291867500769152 4.291867500769152 4.291867500769152 4.291867500769152 4.291867500769152 4.291867500769152 4.291867500769152 4.291867500769152 4.291867500769152 4.291867500769152 4.291867500769152 4.291867500769152 4.291867500769152 4.291867500769152 4.291867500769152 4.291867500769152 4.291867500769152 4.291867500769152 4.291867500769152 4.291867500769152 4.291867500769152
9.874371859296481 4.442621269613371 4.442621269613371 4.442621269613371 4.442621269613371 4.442621269613371 4.442621269613371 4.442621269613371 4.442621269613371 4.442621269613371 4.442621269613371 4.442621269613371 4.442621269613371 4.442621269613371 4.442621269613371 4.442621269613371 4.442621269613371 4.442621269613371 4.442621269613371 4.442621269613371 4.442621269613371 4.442621269613371 4.442621269613371 4.442621269613371 4.442621269613371 4.442621269613371 4.442621269613371 4.442621269613371 4.442621269613371 4.442621269613371
9.949748743718592 4.593375038457593 4.593375038457593 4.593375038457593 4.593375038457593 4.593375038457593 4.593375038457593 4.593375038457593 4.593375038457593 4.593375038457593 4.593375038457593 4.593375038457593 4.593375038457593 4.593375038457593 4.593375038457593 4.593375038457593 4.593375038457593 4.593375038457593 4.593375038457593 4.593375038457593 4.593375038457593 4.593375038457593 4.593375038457593 4.593375038457593 4.593375038457593 4.593375038457593 4.593375038457593 4.593375038457593 4.593375038457593 4.593375038457593
10.025125628140703 4.744128807301815 4.744128807301815 4.744128807301815 4.744128807301815 4.744128807301815 4.744128807301815 4.744128807301815 4.744128807301815 4.744128807301815 4.744128807301815 4.744128807301815 4.744128807301815 4.744128807301815 4.744128807301815 4.744128807301815 4.744128807301815 4.744128807301815 4.744128807301815 4.744128807301815 4.744128807301815 4.744128807301815 4.744128807301815 4.744128807301815 4.744128807301815 4.744128807301815 4.744128807301815 4.744128807301815 4.744128807301815 4.744128807301815
10.100502512562812 4.894882576146033 4.894882576146033 4.894882576146033 4.894882576146033 4.894882576146033 4.894882576146033 4.894882576146033 4.894882576146033 4.894882576146033 4.894882576146033 4.894882576146033 4.894882576146033 4.894882576146033 4.894882576146033 4.894882576146033 4.894882576146033 4.894882576146033 4.894882576146033 4.894882576146033 4.894882576146033 4.894882576146033 4.894882576146033 4.894882576146033 4.894882576146033 4.894882576146033 4.894882576146033 4.894882576146033 4.894882576146033 4.894882576146033
10.175879396984923 5.045636344990255 5.045636344990255 5.045636344990255 5.045636344990255 5.045636344990255 5.045636344990255 5.045636344990255 5.045636344990255 5.045636344990255 5.045636344990255 5.045636344990255 5.045636344990255 5.045636344990255 5.045636344990255 5.045636344990255 5.045636344990255 5.045636344990255 5.045636344990255 5.045636344990255 5.045636344990255 5.045636344990255 5.045636344990255 5.045636344990255 5.045636344990255 5.045636344990255 5.045636344990255 5.045636344990255 5.045636344990255 5.045636344990255
10.251256281407034 5.196390113834477 5.196390113834477 5.196390113834477 5.196390113834477 5.196390113834477 5.196390113834477 5.196390113834477 5.196390113834477 5.196390113834477 5.196390113834477 5.196390113834477 5.196390113834477 5.196390113834477 5.196390113834477 5.196390113834477 5.196390113834477 5.196390113834477 5.196390113834477 5.196390113834477 5.196390113834477 5.196390113834477 5.196390113834477 5.196390113834477 5.196390113834477 5.196390113834477 5.196390113834477 5.196390113834477 5.196390113834477 5.196390113834477
10.326633165829145 5.347143882678699 5.347143882678699 5.347143882678699 5.347143882678699 5.347143882678699 5.347143882678699 5.347143882678699 5.347143882678699 5.347143882678699 5.347143882678699 5.347143882678699 5.347143882678699 5.347143882678699 5.347143882678699 5.347143882678699 5.347143882678699 5.347143882678699 5.347143882678699 5.347143882678699 5.347143882678699 5.347143882678699 5.347143882678699 5.347143882678699 5.347143882678699 5.347143882678699 5.347143882678699 5.347143882678699 5.347143882678699 5.347143882678699
10.402010050251256 5.497897651522921 5.497897651522921 5.497897651522921 5.497897651522921 5.497897651522921 5.497897651522921 5.497897651522921 5.497897651522921 5.497897651522921 5.497897651522921 5.497897651522921 5.497897651522921 5.497897651522921 5.497897651522921 5.497897651522921 5.497897651522921 5.497897651522921 5.497897651522921 5.497897651522921 5.497897651522921 5.497897651522921 5.497897651522921 5.497897651522921 5.497897651522921 5.497897651522921 5.497897651522921 5.497897651522921 5.497897651522921 5.497897651522921
