web/models/kne/17/Metzger_0.038208_0.240690_0.100000.dat
# %ECSV 0.9
# ---
# datatype:
# - {name: time, datatype: float64}
# - {name: sdss_u, datatype: float64}
# - {name: sdss_g, datatype: float64}
# - {name: sdss_r, datatype: float64}
# - {name: sdss_i, datatype: float64}
# - {name: sdss_z, datatype: float64}
# - {name: PS1_y, datatype: float64}
# - {name: ukirt_J, datatype: float64}
# - {name: ukirt_H, datatype: float64}
# - {name: ukirt_K, datatype: float64}
# - {name: johnson_U, datatype: float64}
# - {name: johnson_B, datatype: float64}
# - {name: johnson_V, datatype: float64}
# - {name: johnson_R, datatype: float64}
# - {name: johnson_I, datatype: float64}
# - {name: Clear, datatype: float64}
# meta: !!omap
# - comment: [vej = 0.24068965517241378, mej = 0.038208046189546235, Ye = 0.1, redshift = 0.0]
# schema: astropy-2.0
time sdss_u sdss_g sdss_r sdss_i sdss_z PS1_y ukirt_J ukirt_H ukirt_K johnson_U johnson_B johnson_V johnson_R johnson_I Clear
[from data line 803]
40.250000 152.701835 106.695049 77.680568 59.282663 48.081372 41.086718 26.969694 14.521248 6.441273 147.178305 119.503039 89.848115 74.157805 46.954688 76.521476
40.300000 152.917133 106.854082 77.803878 59.383159 48.167885 41.164449 27.029536 14.565023 6.474351 147.386865 119.677772 89.986436 74.276759 47.039790 76.643353
40.350000 153.132404 107.013095 77.927173 59.483644 48.254389 41.242173 27.089374 14.608796 6.507427 147.595399 119.852485 90.124742 74.395699 47.124882 76.765216
40.400000 153.347648 107.172090 78.050455 59.584118 48.340883 41.319889 27.149206 14.652565 6.540501 147.803907 120.027176 90.263031 74.514625 47.209966 76.887066
40.450000 153.562865 107.331065 78.173722 59.684582 48.427369 41.397597 27.209033 14.696331 6.573574 148.012389 120.201846 90.401303 74.633538 47.295041 77.008901
40.500000 153.778055 107.490022 78.296975 59.785034 48.513846 41.475297 27.268854 14.740094 6.606645 148.220845 120.376495 90.539560 74.752437 47.380107 77.130722
40.550000 153.993218 107.648959 78.420214 59.885475 48.600314 41.552989 27.328670 14.783854 6.639715 148.429275 120.551122 90.677800 74.871323 47.465164 77.252529
40.600000 154.208355 107.807878 78.543439 59.985906 48.686772 41.630674 27.388481 14.827610 6.672783 148.637680 120.725729 90.816024 74.990196 47.550212 77.374323
40.650000 154.423465 107.966777 78.666650 60.086325 48.773222 41.708351 27.448286 14.871364 6.705849 148.846059 120.900314 90.954232 75.109054 47.635251 77.496102
40.700000 154.638548 108.125658 78.789847 60.186734 48.859663 41.786020 27.508086 14.915114 6.738914 149.054412 121.074878 91.092424 75.227900 47.720282 77.617868
40.750000 154.853605 108.284519 78.913030 60.287132 48.946095 41.863681 27.567881 14.958862 6.771977 149.262739 121.249422 91.230600 75.346732 47.805304 77.739620
40.800000 155.068635 108.443362 79.036199 60.387519 49.032518 41.941335 27.627671 15.002606 6.805039 149.471041 121.423944 91.368760 75.465551 47.890318 77.861358
40.850000 155.283639 108.602186 79.159355 60.487895 49.118932 42.018981 27.687455 15.046348 6.838098 149.679317 121.598445 91.506904 75.584356 47.975322 77.983083
40.900000 155.498616 108.760992 79.282496 60.588261 49.205337 42.096619 27.747234 15.090086 6.871157 149.887568 121.772925 91.645032 75.703148 48.060318 78.104793
40.950000 155.713567 108.919778 79.405623 60.688615 49.291733 42.174249 27.807008 15.133821 6.904213 150.095793 121.947385 91.783145 75.821927 48.145305 78.226491
41.000000 155.928492 109.078546 79.528737 60.788959 49.378121 42.251872 27.866776 15.177553 6.937268 150.303993 122.121824 91.921241 75.940693 48.230284 78.348174
41.050000 156.143390 109.237295 79.651837 60.889292 49.464499 42.329487 27.926540 15.221282 6.970322 150.512167 122.296242 92.059321 76.059445 48.315254 78.469844
41.100000 156.358263 109.396026 79.774922 60.989615 49.550869 42.407095 27.986298 15.265008 7.003374 150.720316 122.470639 92.197386 76.178184 48.400215 78.591500
41.150000 156.573109 109.554738 79.897995 61.089926 49.637230 42.484695 28.046051 15.308731 7.036424 150.928440 122.645015 92.335435 76.296910 48.485168 78.713143
41.200000 156.787929 109.713432 80.021053 61.190227 49.723582 42.562287 28.105798 15.352451 7.069472 151.136539 122.819371 92.473468 76.415623 48.570112 78.834772
41.250000 157.002722 109.872107 80.144098 61.290518 49.809926 42.639872 28.165541 15.396168 7.102519 151.344613 122.993707 92.611485 76.534323 48.655047 78.956388
41.300000 157.217490 110.030763 80.267129 61.390798 49.896260 42.717449 28.225278 15.439882 7.135565 151.552661 123.168021 92.749487 76.653010 48.739974 79.077990
41.350000 157.432232 110.189401 80.390146 61.491067 49.982586 42.795019 28.285010 15.483592 7.168609 151.760685 123.342315 92.887473 76.771683 48.824892 79.199579
41.400000 157.646948 110.348021 80.513150 61.591326 50.068903 42.872581 28.344737 15.527300 7.201651 151.968683 123.516589 93.025444 76.890344 48.909802 79.321154
41.450000 157.861639 110.506622 80.636140 61.691574 50.155212 42.950136 28.404459 15.571005 7.234691 152.176657 123.690842 93.163398 77.008991 48.994704 79.442716
41.500000 158.076303 110.665206 80.759117 61.791811 50.241512 43.027683 28.464176 15.614707 7.267730 152.384605 123.865075 93.301338 77.127626 49.079596 79.564264
41.550000 158.290942 110.823770 80.882080 61.892038 50.327803 43.105222 28.523888 15.658405 7.300768 152.592529 124.039288 93.439261 77.246247 49.164481 79.685799
41.600000 158.505555 110.982317 81.005030 61.992255 50.414085 43.182754 28.583594 15.702101 7.333804 152.800428 124.213480 93.577170 77.364856 49.249357 79.807321
41.650000 158.720142 111.140845 81.127966 62.092461 50.500359 43.260279 28.643295 15.745794 7.366838 153.008303 124.387652 93.715062 77.483452 49.334224 79.928830
41.700000 158.934704 111.299356 81.250888 62.192656 50.586625 43.337796 28.702991 15.789484 7.399871 153.216152 124.561804 93.852940 77.602035 49.419083 80.050325
41.750000 159.149240 111.457848 81.373797 62.292841 50.672881 43.415306 28.762683 15.833170 7.432902 153.423977 124.735935 93.990802 77.720604 49.503934 80.171807
41.800000 159.363751 111.616322 81.496693 62.393016 50.759129 43.492808 28.822369 15.876854 7.465931 153.631778 124.910047 94.128648 77.839162 49.588776 80.293276
41.850000 159.578237 111.774778 81.619576 62.493180 50.845369 43.570303 28.882050 15.920535 7.498959 153.839553 125.084138 94.266479 77.957706 49.673610 80.414731
41.900000 159.792697 111.933215 81.742445 62.593334 50.931600 43.647790 28.941725 15.964213 7.531986 154.047305 125.258209 94.404295 78.076237 49.758435 80.536174
41.950000 160.007132 112.091635 81.865300 62.693478 51.017822 43.725270 29.001396 16.007888 7.565010 154.255032 125.432260 94.542096 78.194756 49.843252 80.657603
42.000000 160.221541 112.250037 81.988143 62.793611 51.104036 43.802743 29.061062 16.051560 7.598034 154.462734 125.606291 94.679881 78.313262 49.928061 80.779019
42.050000 160.435925 112.408421 82.110972 62.893734 51.190241 43.880208 29.120723 16.095229 7.631055 154.670412 125.780302 94.817651 78.431755 50.012861 80.900422
42.100000 160.650284 112.566788 82.233788 62.993847 51.276438 43.957666 29.180379 16.138895 7.664075 154.878066 125.954294 94.955406 78.550236 50.097654 81.021812
42.150000 160.864618 112.725136 82.356590 63.093949 51.362627 44.035117 29.240029 16.182558 7.697094 155.085696 126.128265 95.093146 78.668704 50.182437 81.143189
42.200000 161.078927 112.883467 82.479380 63.194041 51.448807 44.112560 29.299675 16.226218 7.730111 155.293302 126.302217 95.230870 78.787159 50.267213 81.264553
42.250000 161.293211 113.041779 82.602156 63.294123 51.534978 44.189996 29.359316 16.269875 7.763126 155.500883 126.476149 95.368580 78.905602 50.351980 81.385904
42.300000 161.507470 113.200074 82.724919 63.394195 51.621142 44.267424 29.418951 16.313529 7.796140 155.708440 126.650061 95.506274 79.024032 50.436739 81.507242
42.350000 161.721704 113.358352 82.847669 63.494256 51.707296 44.344846 29.478582 16.357181 7.829153 155.915973 126.823953 95.643954 79.142450 50.521490 81.628567
42.400000 161.935914 113.516612 82.970406 63.594308 51.793443 44.422260 29.538208 16.400829 7.862164 156.123483 126.997826 95.781618 79.260855 50.606233 81.749879
42.450000 162.150098 113.674854 83.093130 63.694349 51.879581 44.499667 29.597828 16.444475 7.895173 156.330968 127.171679 95.919268 79.379247 50.690968 81.871179
42.500000 162.364258 113.833078 83.215841 63.794380 51.965710 44.577067 29.657444 16.488117 7.928180 156.538429 127.345512 96.056902 79.497628 50.775694 81.992465
42.550000 162.578393 113.991285 83.338539 63.894401 52.051832 44.654459 29.717055 16.531757 7.961187 156.745867 127.519326 96.194522 79.615995 50.860412 82.113739
42.600000 162.792503 114.149475 83.461224 63.994412 52.137945 44.731844 29.776661 16.575394 7.994191 156.953281 127.693121 96.332126 79.734350 50.945122 82.235000
42.650000 163.006589 114.307646 83.583896 64.094412 52.224049 44.809223 29.836262 16.619028 8.027194 157.160671 127.866896 96.469716 79.852693 51.029824 82.356248
42.700000 163.220650 114.465801 83.706555 64.194403 52.310146 44.886593 29.895858 16.662659 8.060196 157.368037 128.040651 96.607291 79.971024 51.114518 82.477483
42.750000 163.434686 114.623938 83.829201 64.294384 52.396234 44.963957 29.955449 16.706287 8.093196 157.575380 128.214387 96.744851 80.089342 51.199204 82.598705
42.800000 163.648699 114.782058 83.951834 64.394354 52.482314 45.041314 30.015036 16.749912 8.126194 157.782699 128.388104 96.882397 80.207647 51.283881 82.719915
42.850000 163.862686 114.940160 84.074454 64.494315 52.568386 45.118663 30.074617 16.793535 8.159191 157.989994 128.561802 97.019927 80.325941 51.368551 82.841112
42.900000 164.076650 115.098245 84.197062 64.594266 52.654449 45.196006 30.134194 16.837154 8.192187 158.197266 128.735480 97.157443 80.444222 51.453212 82.962297
42.950000 164.290589 115.256313 84.319656 64.694207 52.740504 45.273341 30.193765 16.880771 8.225181 158.404515 128.909139 97.294945 80.562491 51.537866 83.083469
43.000000 164.504504 115.414364 84.442238 64.794137 52.826551 45.350669 30.253332 16.924385 8.258173 158.611740 129.082779 97.432431 80.680747 51.622511 83.204628
43.050000 164.718395 115.572397 84.564807 64.894058 52.912590 45.427990 30.312894 16.967996 8.291164 158.818942 129.256400 97.569904 80.798992 51.707149 83.325775
43.100000 164.932261 115.730413 84.687364 64.993969 52.998621 45.505304 30.372451 17.011604 8.324153 159.026120 129.430001 97.707361 80.917224 51.791778 83.446909
43.150000 165.146104 115.888413 84.809908 65.093871 53.084644 45.582611 30.432004 17.055210 8.357141 159.233275 129.603584 97.844804 81.035444 51.876400 83.568031
43.200000 165.359922 116.046395 84.932439 65.193762 53.170658 45.659911 30.491551 17.098812 8.390128 159.440407 129.777147 97.982232 81.153652 51.961014 83.689140
43.250000 165.573717 116.204360 85.054957 65.293643 53.256665 45.737204 30.551094 17.142412 8.423112 159.647516 129.950692 98.119646 81.271848 52.045619 83.810237
43.300000 165.787487 116.362308 85.177463 65.393515 53.342663 45.814490 30.610632 17.186009 8.456096 159.854602 130.124217 98.257046 81.390032 52.130217 83.931321
43.350000 166.001234 116.520239 85.299956 65.493377 53.428653 45.891769 30.670165 17.229603 8.489078 160.061664 130.297724 98.394430 81.508203 52.214807 84.052393
43.400000 166.214956 116.678153 85.422437 65.593229 53.514635 45.969041 30.729693 17.273194 8.522058 160.268704 130.471211 98.531801 81.626363 52.299389 84.173453
43.450000 166.428655 116.836050 85.544905 65.693072 53.600609 46.046306 30.789217 17.316782 8.555037 160.475721 130.644680 98.669157 81.744511 52.383963 84.294500
43.500000 166.642331 116.993930 85.667361 65.792904 53.686576 46.123564 30.848735 17.360368 8.588014 160.682714 130.818130 98.806499 81.862646 52.468530 84.415534
43.550000 166.855982 117.151793 85.789804 65.892727 53.772534 46.200815 30.908249 17.403951 8.620990 160.889685 130.991562 98.943827 81.980770 52.553088 84.536557
43.600000 167.069610 117.309640 85.912234 65.992540 53.858484 46.278059 30.967759 17.447531 8.653964 161.096633 131.164974 99.081140 82.098882 52.637639 84.657567
43.650000 167.283214 117.467470 86.034653 66.092344 53.944426 46.355297 31.027263 17.491108 8.686937 161.303558 131.338368 99.218439 82.216982 52.722182 84.778565
43.700000 167.496795 117.625283 86.157058 66.192138 54.030360 46.432527 31.086763 17.534682 8.719909 161.510461 131.511744 99.355723 82.335070 52.806717 84.899551
43.750000 167.710352 117.783079 86.279452 66.291922 54.116286 46.509750 31.146258 17.578254 8.752879 161.717340 131.685100 99.492994 82.453146 52.891244 85.020524
43.800000 167.923885 117.940859 86.401833 66.391697 54.202205 46.586967 31.205748 17.621823 8.785847 161.924197 131.858438 99.630250 82.571210 52.975764 85.141485
43.850000 168.137396 118.098622 86.524202 66.491462 54.288115 46.664177 31.265234 17.665389 8.818814 162.131032 132.031758 99.767492 82.689263 53.060275 85.262434
43.900000 168.350883 118.256368 86.646558 66.591217 54.374018 46.741380 31.324715 17.708953 8.851779 162.337844 132.205059 99.904721 82.807303 53.144780 85.383371
43.950000 168.564346 118.414098 86.768902 66.690963 54.459912 46.818576 31.384191 17.752513 8.884743 162.544633 132.378342 100.041935 82.925332 53.229276 85.504296
44.000000 168.777787 118.571811 86.891234 66.790700 54.545799 46.895765 31.443663 17.796071 8.917706 162.751400 132.551606 100.179134 83.043350 53.313765 85.625209
44.050000 168.991204 118.729508 87.013553 66.890427 54.631678 46.972948 31.503130 17.839626 8.950667 162.958145 132.724852 100.316320 83.161355 53.398246 85.746109
44.100000 169.204598 118.887189 87.135861 66.990144 54.717549 47.050124 31.562592 17.883179 8.983627 163.164867 132.898079 100.453492 83.279349 53.482719 85.866998
44.150000 169.417968 119.044853 87.258156 67.089852 54.803412 47.127292 31.622050 17.926728 9.016585 163.371567 133.071288 100.590650 83.397331 53.567185 85.987875
44.200000 169.631316 119.202500 87.380439 67.189551 54.889268 47.204455 31.681503 17.970275 9.049542 163.578244 133.244479 100.727794 83.515301 53.651643 86.108739
44.250000 169.844641 119.360131 87.502710 67.289240 54.975116 47.281610 31.740951 18.013819 9.082497 163.784900 133.417652 100.864924 83.633260 53.736093 86.229592
44.300000 170.057942 119.517746 87.624969 67.388919 55.060956 47.358759 31.800395 18.057361 9.115451 163.991533 133.590806 101.002040 83.751207 53.820536 86.350433
44.350000 170.271221 119.675345 87.747215 67.488589 55.146788 47.435901 31.859834 18.100900 9.148403 164.198144 133.763943 101.139143 83.869143 53.904971 86.471261
44.400000 170.484477 119.832927 87.869450 67.588250 55.232612 47.513036 31.919269 18.144436 9.181354 164.404733 133.937061 101.276231 83.987067 53.989399 86.592078
44.450000 170.697710 119.990493 87.991673 67.687902 55.318429 47.590165 31.978699 18.187969 9.214303 164.611300 134.110161 101.413306 84.104980 54.073819 86.712883
44.500000 170.910920 120.148043 88.113883 67.787544 55.404238 47.667287 32.038124 18.231500 9.247251 164.817845 134.283243 101.550367 84.222881 54.158232 86.833676
44.550000 171.124108 120.305576 88.236082 67.887177 55.490039 47.744402 32.097545 18.275028 9.280198 165.024367 134.456307 101.687414 84.340770 54.242637 86.954458
44.600000 171.337273 120.463094 88.358268 67.986800 55.575833 47.821511 32.156962 18.318553 9.313143 165.230868 134.629354 101.824447 84.458648 54.327034 87.075227
44.650000 171.550415 120.620595 88.480443 68.086414 55.661619 47.898613 32.216373 18.362076 9.346086 165.437348 134.802382 101.961467 84.576515 54.411424 87.195985
44.700000 171.763534 120.778080 88.602606 68.186019 55.747397 47.975708 32.275780 18.405596 9.379029 165.643805 134.975392 102.098473 84.694370 54.495807 87.316731
44.750000 171.976631 120.935550 88.724757 68.285615 55.833168 48.052797 32.335183 18.449113 9.411969 165.850240 135.148385 102.235466 84.812214 54.580182 87.437465
44.800000 172.189706 121.093003 88.846896 68.385202 55.918931 48.129879 32.394581 18.492628 9.444909 166.056654 135.321359 102.372444 84.930047 54.664550 87.558188
44.850000 172.402758 121.250440 88.969023 68.484779 56.004687 48.206955 32.453975 18.536140 9.477847 166.263046 135.494316 102.509410 85.047868 54.748910 87.678899
44.900000 172.615787 121.407862 89.091138 68.584347 56.090435 48.284024 32.513364 18.579649 9.510783 166.469417 135.667255 102.646361 85.165678 54.833263 87.799598
44.950000 172.828794 121.565267 89.213242 68.683906 56.176175 48.361086 32.572749 18.623155 9.543718 166.675766 135.840177 102.783300 85.283476 54.917608 87.920286
45.000000 173.041779 121.722657 89.335333 68.783456 56.261908 48.438142 32.632129 18.666659 9.576652 166.882093 136.013080 102.920224 85.401263 55.001946 88.040962
45.050000 173.254742 121.880030 89.457413 68.882996 56.347633 48.515191 32.691504 18.710161 9.609584 167.088399 136.185967 103.057135 85.519040 55.086277 88.161626
