web/models/kne/17/Metzger_0.004482_0.256897_0.100000.dat
# %ECSV 0.9
# ---
# datatype:
# - {name: time, datatype: float64}
# - {name: sdss_u, datatype: float64}
# - {name: sdss_g, datatype: float64}
# - {name: sdss_r, datatype: float64}
# - {name: sdss_i, datatype: float64}
# - {name: sdss_z, datatype: float64}
# - {name: PS1_y, datatype: float64}
# - {name: ukirt_J, datatype: float64}
# - {name: ukirt_H, datatype: float64}
# - {name: ukirt_K, datatype: float64}
# - {name: johnson_U, datatype: float64}
# - {name: johnson_B, datatype: float64}
# - {name: johnson_V, datatype: float64}
# - {name: johnson_R, datatype: float64}
# - {name: johnson_I, datatype: float64}
# - {name: Clear, datatype: float64}
# meta: !!omap
# - comment: [vej = 0.25689655172413794, mej = 0.004482037834891008, Ye = 0.1, redshift = 0.0]
# schema: astropy-2.0
time sdss_u sdss_g sdss_r sdss_i sdss_z PS1_y ukirt_J ukirt_H ukirt_K johnson_U johnson_B johnson_V johnson_R johnson_I Clear
[from data line 2278]
114.000000 nan 608.871546 468.405548 378.832214 324.004632 289.612975 219.685334 157.108668 115.653397 nan 670.664779 527.407512 451.291625 318.473926 462.776279
114.050000 nan 609.133592 468.609502 378.999070 324.148748 289.742812 219.786080 157.183286 115.710619 nan 670.952357 527.635877 451.488495 318.615747 462.977903
114.100000 nan 609.395633 468.813453 379.165923 324.292862 289.872646 219.886824 157.257902 115.767840 nan 671.239930 527.864239 451.685362 318.757566 463.179524
114.150000 nan 609.657669 469.017399 379.332772 324.436973 290.002477 219.987567 157.332518 115.825060 nan 671.527498 528.092596 451.882225 318.899381 463.381141
114.200000 nan 609.919700 469.221342 379.499619 324.581082 290.132307 220.088308 157.407132 115.882280 nan 671.815060 528.320949 452.079084 319.041195 463.582754
114.250000 nan 610.181726 469.425281 379.666462 324.725188 290.262134 220.189048 157.481746 115.939498 nan 672.102616 528.549297 452.275939 319.183005 463.784363
114.300000 nan 610.443747 469.629217 379.833302 324.869291 290.391959 220.289785 157.556358 115.996716 nan 672.390167 528.777641 452.472791 319.324814 463.985968
114.350000 nan 610.705763 469.833148 380.000140 325.013392 290.521781 220.390521 157.630969 116.053933 nan 672.677713 529.005981 452.669640 319.466619 464.187570
114.400000 nan 610.967774 470.037076 380.166974 325.157491 290.651602 220.491256 157.705579 116.111149 nan 672.965253 529.234317 452.866484 319.608423 464.389168
114.450000 nan 611.229780 470.241000 380.333806 325.301586 290.781420 220.591989 157.780188 116.168365 nan 673.252787 529.462648 453.063325 319.750223 464.590763
114.500000 nan 611.491781 470.444920 380.500634 325.445680 290.911235 220.692720 157.854795 116.225579 nan 673.540316 529.690975 453.260163 319.892021 464.792353
114.550000 nan 611.753777 470.648836 380.667459 325.589770 291.041049 220.793449 157.929402 116.282793 nan 673.827839 529.919298 453.456996 320.033817 464.993940
114.600000 nan 612.015769 470.852749 380.834281 325.733859 291.170860 220.894177 158.004007 116.340006 nan 674.115357 530.147617 453.653826 320.175610 465.195523
114.650000 nan 612.277755 471.056658 381.001101 325.877944 291.300669 220.994903 158.078611 116.397219 nan 674.402870 530.375931 453.850653 320.317401 465.397103
114.700000 nan 612.539736 471.260563 381.167917 326.022027 291.430476 221.095627 158.153214 116.454430 nan 674.690377 530.604241 454.047476 320.459189 465.598678
114.750000 nan 612.801712 471.464464 381.334730 326.166108 291.560280 221.196350 158.227816 116.511641 nan 674.977878 530.832547 454.244295 320.600975 465.800250
114.800000 nan 613.063684 471.668361 381.501540 326.310185 291.690083 221.297071 158.302417 116.568851 nan 675.265374 531.060848 454.441110 320.742758 466.001818
114.850000 nan 613.325650 471.872255 381.668348 326.454261 291.819882 221.397790 158.377017 116.626060 nan 675.552865 531.289145 454.637922 320.884538 466.203383
114.900000 nan 613.587611 472.076145 381.835152 326.598334 291.949680 221.498508 158.451615 116.683269 nan 675.840350 531.517438 454.834731 321.026316 466.404944
114.950000 nan 613.849568 472.280031 382.001953 326.742404 292.079476 221.599224 158.526213 116.740477 nan 676.127829 531.745726 455.031535 321.168092 466.606501
115.000000 nan 614.111519 472.483913 382.168751 326.886472 292.209269 221.699939 158.600809 116.797683 nan 676.415303 531.974011 455.228336 321.309865 466.808054
115.050000 nan 614.373466 472.687792 382.335546 327.030537 292.339060 221.800651 158.675404 116.854890 nan 676.702772 532.202291 455.425134 321.451636 467.009604
115.100000 nan 614.635408 472.891667 382.502338 327.174599 292.468848 221.901362 158.749998 116.912095 nan 676.990235 532.430567 455.621927 321.593404 467.211149
115.150000 nan 614.897344 473.095538 382.669127 327.318660 292.598635 222.002072 158.824591 116.969300 nan 677.277693 532.658838 455.818718 321.735170 467.412692
115.200000 nan 615.159276 473.299405 382.835914 327.462717 292.728419 222.102780 158.899183 117.026503 nan 677.565145 532.887106 456.015504 321.876933 467.614230
115.250000 nan 615.421203 473.503269 383.002697 327.606772 292.858201 222.203486 158.973774 117.083706 nan 677.852592 533.115369 456.212287 322.018693 467.815765
115.300000 nan 615.683125 473.707129 383.169477 327.750825 292.987981 222.304190 159.048363 117.140909 nan 678.140033 533.343627 456.409067 322.160451 468.017296
115.350000 nan 615.945042 473.910985 383.336254 327.894875 293.117758 222.404893 159.122952 117.198110 nan 678.427469 533.571882 456.605842 322.302207 468.218823
115.400000 nan 616.206954 474.114837 383.503028 328.038922 293.247533 222.505594 159.197539 117.255311 nan 678.714899 533.800132 456.802614 322.443960 468.420347
115.450000 nan 616.468861 474.318686 383.669799 328.182967 293.377306 222.606294 159.272125 117.312511 nan 679.002324 534.028378 456.999383 322.585711 468.621867
115.500000 nan 616.730763 474.522531 383.836567 328.327009 293.507077 222.706991 159.346710 117.369710 nan 679.289744 534.256620 457.196148 322.727459 468.823383
115.550000 nan 616.992660 474.726372 384.003332 328.471049 293.636845 222.807688 159.421294 117.426908 nan 679.577158 534.484858 457.392909 322.869205 469.024895
115.600000 nan 617.254552 474.930209 384.170095 328.615086 293.766611 222.908382 159.495877 117.484106 nan 679.864567 534.713091 457.589667 323.010948 469.226404
115.650000 nan 617.516440 475.134043 384.336854 328.759121 293.896375 223.009075 159.570459 117.541303 nan 680.151970 534.941320 457.786421 323.152689 469.427909
115.700000 nan 617.778322 475.337872 384.503610 328.903153 294.026137 223.109766 159.645039 117.598499 nan 680.439368 535.169545 457.983172 323.294427 469.629411
115.750000 nan 618.040200 475.541699 384.670363 329.047183 294.155897 223.210456 159.719619 117.655694 nan 680.726760 535.397766 458.179919 323.436163 469.830909
115.800000 nan 618.302072 475.745521 384.837113 329.191210 294.285654 223.311144 159.794197 117.712889 nan 681.014147 535.625982 458.376662 323.577896 470.032403
115.850000 nan 618.563940 475.949340 385.003861 329.335235 294.415409 223.411830 159.868774 117.770083 nan 681.301529 535.854194 458.573402 323.719627 470.233893
115.900000 nan 618.825803 476.153155 385.170605 329.479257 294.545162 223.512515 159.943350 117.827276 nan 681.588905 536.082402 458.770138 323.861355 470.435380
115.950000 nan 619.087661 476.356966 385.337346 329.623276 294.674912 223.613198 160.017925 117.884468 nan 681.876275 536.310606 458.966870 324.003081 470.636863
116.000000 nan 619.349514 476.560773 385.504084 329.767293 294.804661 223.713879 160.092499 117.941660 nan 682.163641 536.538805 459.163599 324.144805 470.838342
116.050000 nan 619.611362 476.764577 385.670820 329.911308 294.934407 223.814559 160.167072 117.998850 nan 682.451001 536.767001 459.360325 324.286526 471.039818
116.100000 nan 619.873205 476.968377 385.837552 330.055320 295.064150 223.915237 160.241643 118.056040 nan 682.738355 536.995192 459.557047 324.428244 471.241290
116.150000 nan 620.135044 477.172173 386.004281 330.199330 295.193892 224.015913 160.316214 118.113229 nan 683.025704 537.223379 459.753765 324.569960 471.442758
116.200000 nan 620.396877 477.375966 386.171008 330.343337 295.323632 224.116588 160.390783 118.170418 nan 683.313048 537.451561 459.950480 324.711673 471.644223
116.250000 nan 620.658706 477.579755 386.337731 330.487341 295.453369 224.217261 160.465351 118.227605 nan 683.600386 537.679740 460.147191 324.853385 471.845684
116.300000 nan 620.920530 477.783540 386.504452 330.631343 295.583104 224.317932 160.539918 118.284792 nan 683.887719 537.907914 460.343898 324.995093 472.047141
116.350000 nan 621.182349 477.987322 386.671169 330.775343 295.712836 224.418602 160.614484 118.341978 nan 684.175046 538.136084 460.540602 325.136799 472.248595
116.400000 nan 621.444163 478.191099 386.837884 330.919340 295.842567 224.519270 160.689049 118.399164 nan 684.462368 538.364250 460.737303 325.278503 472.450045
116.450000 nan 621.705972 478.394873 387.004595 331.063334 295.972295 224.619937 160.763613 118.456348 nan 684.749685 538.592412 460.934000 325.420204 472.651491
116.500000 nan 621.967776 478.598644 387.171304 331.207326 296.102021 224.720602 160.838176 118.513532 nan 685.036997 538.820569 461.130693 325.561903 472.852934
116.550000 nan 622.229575 478.802410 387.338009 331.351315 296.231745 224.821265 160.912737 118.570715 nan 685.324302 539.048723 461.327383 325.703599 473.054373
116.600000 nan 622.491370 479.006173 387.504712 331.495302 296.361467 224.921927 160.987298 118.627898 nan 685.611603 539.276872 461.524069 325.845293 473.255808
116.650000 nan 622.753159 479.209932 387.671412 331.639287 296.491186 225.022587 161.061857 118.685079 nan 685.898898 539.505017 461.720751 325.986984 473.457240
116.700000 nan 623.014944 479.413688 387.838108 331.783269 296.620903 225.123245 161.136415 118.742260 nan 686.186188 539.733157 461.917430 326.128673 473.658668
116.750000 nan 623.276724 479.617440 388.004802 331.927248 296.750618 225.223902 161.210972 118.799440 nan 686.473473 539.961294 462.114106 326.270360 473.860092
116.800000 nan 623.538499 479.821188 388.171493 332.071225 296.880331 225.324557 161.285528 118.856619 nan 686.760752 540.189426 462.310778 326.412044 474.061513
116.850000 nan 623.800269 480.024932 388.338181 332.215199 297.010041 225.425211 161.360083 118.913797 nan 687.048025 540.417554 462.507446 326.553725 474.262930
116.900000 nan 624.062035 480.228673 388.504866 332.359171 297.139750 225.525862 161.434637 118.970975 nan 687.335294 540.645678 462.704111 326.695404 474.464344
116.950000 nan 624.323795 480.432410 388.671548 332.503141 297.269456 225.626513 161.509190 119.028152 nan 687.622557 540.873798 462.900772 326.837081 474.665753
117.000000 nan 624.585551 480.636143 388.838227 332.647108 297.399160 225.727161 161.583741 119.085328 nan 687.909814 541.101914 463.097430 326.978755 474.867160
117.050000 nan 624.847302 480.839873 389.004903 332.791072 297.528862 225.827808 161.658292 119.142504 nan 688.197067 541.330025 463.294084 327.120427 475.068562
117.100000 nan 625.109048 481.043599 389.171576 332.935034 297.658561 225.928453 161.732841 119.199678 nan 688.484314 541.558132 463.490735 327.262096 475.269961
117.150000 nan 625.370789 481.247321 389.338246 333.078994 297.788258 226.029097 161.807389 119.256852 nan 688.771555 541.786236 463.687382 327.403763 475.471356
117.200000 nan 625.632525 481.451040 389.504914 333.222951 297.917953 226.129739 161.881936 119.314025 nan 689.058792 542.014335 463.884026 327.545427 475.672748
117.250000 nan 625.894257 481.654755 389.671578 333.366905 298.047646 226.230380 161.956482 119.371198 nan 689.346023 542.242429 464.080666 327.687089 475.874136
117.300000 nan 626.155983 481.858466 389.838239 333.510857 298.177337 226.331018 162.031027 119.428369 nan 689.633248 542.470520 464.277302 327.828749 476.075520
117.350000 nan 626.417705 482.062174 390.004898 333.654807 298.307025 226.431656 162.105571 119.485540 nan 689.920468 542.698606 464.473935 327.970406 476.276901
117.400000 nan 626.679422 482.265878 390.171553 333.798754 298.436712 226.532291 162.180114 119.542710 nan 690.207683 542.926689 464.670564 328.112060 476.478278
117.450000 nan 626.941134 482.469578 390.338206 333.942698 298.566396 226.632925 162.254655 119.599880 nan 690.494893 543.154767 464.867190 328.253713 476.679652
117.500000 nan 627.202842 482.673275 390.504855 334.086640 298.696078 226.733557 162.329196 119.657048 nan 690.782097 543.382841 465.063813 328.395362 476.881021
117.550000 nan 627.464544 482.876968 390.671502 334.230580 298.825757 226.834188 162.403735 119.714216 nan 691.069296 543.610911 465.260432 328.537010 477.082388
117.600000 nan 627.726242 483.080657 390.838146 334.374517 298.955435 226.934817 162.478273 119.771383 nan 691.356490 543.838977 465.457047 328.678655 477.283750
117.650000 nan 627.987935 483.284343 391.004787 334.518451 299.085110 227.035445 162.552810 119.828549 nan 691.643678 544.067038 465.653659 328.820297 477.485109
117.700000 nan 628.249623 483.488025 391.171425 334.662384 299.214783 227.136071 162.627347 119.885715 nan 691.930861 544.295096 465.850267 328.961937 477.686465
117.750000 nan 628.511306 483.691703 391.338060 334.806313 299.344454 227.236695 162.701882 119.942880 nan 692.218039 544.523149 466.046872 329.103575 477.887816
117.800000 nan 628.772985 483.895377 391.504692 334.950241 299.474123 227.337317 162.776415 120.000044 nan 692.505211 544.751198 466.243473 329.245210 478.089165
117.850000 nan 629.034658 484.099048 391.671321 335.094165 299.603789 227.437938 162.850948 120.057207 nan 692.792378 544.979243 466.440071 329.386843 478.290509
117.900000 nan 629.296327 484.302716 391.837947 335.238087 299.733453 227.538558 162.925480 120.114369 nan 693.079540 545.207284 466.636665 329.528473 478.491850
117.950000 nan 629.557991 484.506379 392.004571 335.382007 299.863116 227.639176 163.000010 120.171531 nan 693.366696 545.435321 466.833256 329.670101 478.693188
118.000000 nan 629.819651 484.710039 392.171191 335.525925 299.992776 227.739792 163.074540 120.228692 nan 693.653848 545.663353 467.029843 329.811726 478.894521
118.050000 nan 630.081305 484.913696 392.337808 335.669839 300.122433 227.840406 163.149068 120.285852 nan 693.940994 545.891382 467.226427 329.953349 479.095851
118.100000 nan 630.342955 485.117349 392.504423 335.813752 300.252089 227.941019 163.223595 120.343012 nan 694.228134 546.119406 467.423007 330.094970 479.297178
118.150000 nan 630.604600 485.320998 392.671035 335.957662 300.381742 228.041630 163.298122 120.400170 nan 694.515269 546.347426 467.619583 330.236588 479.498501
118.200000 nan 630.866240 485.524643 392.837643 336.101569 300.511393 228.142240 163.372647 120.457328 nan 694.802399 546.575442 467.816157 330.378204 479.699820
118.250000 nan 631.127875 485.728285 393.004249 336.245474 300.641042 228.242848 163.447171 120.514486 nan 695.089524 546.803454 468.012726 330.519817 479.901136
118.300000 nan 631.389506 485.931923 393.170852 336.389377 300.770689 228.343455 163.521694 120.571642 nan 695.376644 547.031462 468.209292 330.661428 480.102448
118.350000 nan 631.651132 486.135558 393.337452 336.533277 300.900334 228.444059 163.596215 120.628798 nan 695.663758 547.259466 468.405855 330.803037 480.303757
118.400000 nan 631.912753 486.339189 393.504049 336.677174 301.029976 228.544663 163.670736 120.685953 nan 695.950867 547.487466 468.602414 330.944643 480.505062
118.450000 nan 632.174369 486.542816 393.670643 336.821069 301.159617 228.645264 163.745256 120.743107 nan 696.237970 547.715461 468.798970 331.086246 480.706363
118.500000 nan 632.435980 486.746439 393.837235 336.964962 301.289255 228.745864 163.819774 120.800260 nan 696.525069 547.943453 468.995522 331.227848 480.907661
118.550000 nan 632.697587 486.950059 394.003823 337.108852 301.418891 228.846463 163.894291 120.857413 nan 696.812162 548.171440 469.192071 331.369447 481.108955
118.600000 nan 632.959189 487.153676 394.170409 337.252740 301.548524 228.947060 163.968808 120.914565 nan 697.099250 548.399423 469.388616 331.511043 481.310246
118.650000 nan 633.220786 487.357289 394.336991 337.396626 301.678156 229.047655 164.043323 120.971716 nan 697.386332 548.627402 469.585158 331.652637 481.511533
118.700000 nan 633.482379 487.560898 394.503571 337.540508 301.807786 229.148249 164.117837 121.028867 nan 697.673409 548.855377 469.781696 331.794229 481.712817
118.750000 nan 633.743966 487.764503 394.670148 337.684389 301.937413 229.248841 164.192350 121.086016 nan 697.960481 549.083348 469.978231 331.935818 481.914096
118.800000 nan 634.005549 487.968105 394.836722 337.828267 302.067038 229.349431 164.266862 121.143165 nan 698.247548 549.311315 470.174762 332.077405 482.115373
118.850000 nan 634.267128 488.171703 395.003293 337.972142 302.196661 229.450020 164.341373 121.200313 nan 698.534610 549.539278 470.371290 332.218989 482.316646
