web/models/kne/17/Metzger_0.111556_0.256897_0.100000.dat
# %ECSV 0.9
# ---
# datatype:
# - {name: time, datatype: float64}
# - {name: sdss_u, datatype: float64}
# - {name: sdss_g, datatype: float64}
# - {name: sdss_r, datatype: float64}
# - {name: sdss_i, datatype: float64}
# - {name: sdss_z, datatype: float64}
# - {name: PS1_y, datatype: float64}
# - {name: ukirt_J, datatype: float64}
# - {name: ukirt_H, datatype: float64}
# - {name: ukirt_K, datatype: float64}
# - {name: johnson_U, datatype: float64}
# - {name: johnson_B, datatype: float64}
# - {name: johnson_V, datatype: float64}
# - {name: johnson_R, datatype: float64}
# - {name: johnson_I, datatype: float64}
# - {name: Clear, datatype: float64}
# meta: !!omap
# - comment: [vej = 0.25689655172413794, mej = 0.11155639876849505, Ye = 0.1, redshift = 0.0]
# schema: astropy-2.0
time sdss_u sdss_g sdss_r sdss_i sdss_z PS1_y ukirt_J ukirt_H ukirt_K johnson_U johnson_B johnson_V johnson_R johnson_I Clear
[from data line 1583]
79.250000 240.298474 171.265765 127.631951 99.897814 82.973969 72.385592 50.947771 31.923900 19.466016 232.017573 190.499254 145.942869 122.326408 81.269601 125.886497
79.300000 240.462156 171.386847 127.725986 99.974575 83.040143 72.445117 50.993752 31.957715 19.491732 232.176154 190.632224 146.048269 122.417144 81.334706 125.979447
79.350000 240.625830 171.507923 127.820016 100.051333 83.106315 72.504640 51.039731 31.991530 19.517447 232.334727 190.765187 146.153665 122.507876 81.399809 126.072392
79.400000 240.789496 171.628993 127.914041 100.128087 83.172483 72.564160 51.085708 32.025343 19.543162 232.493291 190.898143 146.259055 122.598603 81.464908 126.165333
79.450000 240.953152 171.750056 128.008062 100.204838 83.238648 72.623678 51.131683 32.059155 19.568876 232.651848 191.031092 146.364439 122.689326 81.530005 126.258269
79.500000 241.116801 171.871114 128.102078 100.281585 83.304810 72.683192 51.177657 32.092967 19.594589 232.810396 191.164035 146.469819 122.780045 81.595098 126.351201
79.550000 241.280440 171.992165 128.196090 100.358329 83.370969 72.742705 51.223629 32.126777 19.620302 232.968935 191.296971 146.575193 122.870759 81.660189 126.444128
79.600000 241.444071 172.113210 128.290097 100.435068 83.437125 72.802214 51.269599 32.160585 19.646014 233.127467 191.429900 146.680562 122.961469 81.725277 126.537050
79.650000 241.607694 172.234249 128.384099 100.511805 83.503278 72.861721 51.315567 32.194393 19.671725 233.285990 191.562822 146.785926 123.052174 81.790361 126.629968
79.700000 241.771308 172.355282 128.478097 100.588537 83.569428 72.921225 51.361533 32.228200 19.697436 233.444505 191.695737 146.891284 123.142875 81.855443 126.722882
79.750000 241.934913 172.476309 128.572090 100.665266 83.635575 72.980727 51.407497 32.262005 19.723146 233.603011 191.828646 146.996638 123.233572 81.920522 126.815791
79.800000 242.098510 172.597329 128.666079 100.741992 83.701720 73.040226 51.453460 32.295809 19.748855 233.761510 191.961547 147.101986 123.324264 81.985598 126.908695
79.850000 242.262099 172.718344 128.760063 100.818714 83.767861 73.099723 51.499421 32.329612 19.774564 233.920000 192.094443 147.207329 123.414952 82.050671 127.001595
79.900000 242.425679 172.839353 128.854043 100.895432 83.833999 73.159217 51.545380 32.363414 19.800271 234.078482 192.227331 147.312667 123.505635 82.115741 127.094491
79.950000 242.589250 172.960355 128.948018 100.972147 83.900134 73.218708 51.591337 32.397215 19.825979 234.236956 192.360212 147.417999 123.596314 82.180808 127.187382
80.000000 242.752813 173.081351 129.041988 101.048858 83.966266 73.278197 51.637292 32.431015 19.851685 234.395421 192.493087 147.523327 123.686989 82.245873 127.280268
80.050000 242.916367 173.202342 129.135954 101.125565 84.032396 73.337683 51.683245 32.464813 19.877391 234.553879 192.625955 147.628649 123.777660 82.310934 127.373150
80.100000 243.079913 173.323326 129.229916 101.202270 84.098522 73.397167 51.729197 32.498610 19.903096 234.712328 192.758816 147.733966 123.868326 82.375993 127.466028
80.150000 243.243451 173.444304 129.323873 101.278970 84.164645 73.456648 51.775147 32.532407 19.928800 234.870769 192.891671 147.839278 123.958987 82.441048 127.558901
80.200000 243.406980 173.565276 129.417825 101.355667 84.230766 73.516126 51.821095 32.566202 19.954504 235.029202 193.024519 147.944584 124.049645 82.506101 127.651770
80.250000 243.570501 173.686242 129.511773 101.432360 84.296883 73.575602 51.867041 32.599996 19.980207 235.187626 193.157360 148.049886 124.140298 82.571151 127.744634
80.300000 243.734013 173.807202 129.605716 101.509050 84.362998 73.635075 51.912985 32.633789 20.005910 235.346043 193.290194 148.155182 124.230946 82.636198 127.837493
80.350000 243.897517 173.928156 129.699655 101.585736 84.429109 73.694546 51.958928 32.667580 20.031611 235.504451 193.423022 148.260473 124.321591 82.701242 127.930349
80.400000 244.061012 174.049104 129.793589 101.662419 84.495218 73.754014 52.004868 32.701371 20.057312 235.662852 193.555843 148.365759 124.412231 82.766283 128.023200
80.450000 244.224499 174.170046 129.887519 101.739098 84.561323 73.813479 52.050807 32.735160 20.083013 235.821244 193.688658 148.471040 124.502867 82.831321 128.116046
80.500000 244.387978 174.290982 129.981444 101.815774 84.627426 73.872942 52.096744 32.768949 20.108713 235.979628 193.821465 148.576316 124.593498 82.896356 128.208888
80.550000 244.551448 174.411912 130.075365 101.892446 84.693526 73.932403 52.142679 32.802736 20.134412 236.138004 193.954266 148.681587 124.684125 82.961389 128.301725
80.600000 244.714910 174.532836 130.169282 101.969115 84.759623 73.991861 52.188613 32.836522 20.160110 236.296372 194.087061 148.786852 124.774748 83.026419 128.394559
80.650000 244.878364 174.653754 130.263193 102.045780 84.825717 74.051316 52.234545 32.870307 20.185808 236.454732 194.219849 148.892113 124.865367 83.091445 128.487387
80.700000 245.041809 174.774666 130.357101 102.122442 84.891808 74.110769 52.280474 32.904091 20.211505 236.613084 194.352630 148.997368 124.955981 83.156469 128.580211
80.750000 245.205246 174.895572 130.451004 102.199100 84.957896 74.170219 52.326403 32.937873 20.237201 236.771428 194.485404 149.102618 125.046591 83.221490 128.673031
80.800000 245.368674 175.016472 130.544902 102.275755 85.023981 74.229666 52.372329 32.971655 20.262897 236.929763 194.618172 149.207864 125.137197 83.286509 128.765847
80.850000 245.532094 175.137366 130.638796 102.352406 85.090063 74.289111 52.418253 33.005435 20.288592 237.088091 194.750933 149.313104 125.227798 83.351524 128.858658
80.900000 245.695506 175.258255 130.732686 102.429053 85.156143 74.348554 52.464176 33.039215 20.314286 237.246411 194.883688 149.418339 125.318395 83.416536 128.951465
80.950000 245.858910 175.379137 130.826571 102.505697 85.222219 74.407994 52.510097 33.072993 20.339980 237.404722 195.016436 149.523568 125.408988 83.481546 129.044267
81.000000 246.022305 175.500013 130.920451 102.582338 85.288293 74.467432 52.556016 33.106770 20.365673 237.563026 195.149177 149.628793 125.499577 83.546553 129.137065
81.050000 246.185692 175.620884 131.014328 102.658975 85.354363 74.526866 52.601933 33.140546 20.391365 237.721322 195.281912 149.734013 125.590161 83.611557 129.229858
81.100000 246.349071 175.741748 131.108199 102.735609 85.420431 74.586299 52.647849 33.174321 20.417057 237.879609 195.414641 149.839228 125.680741 83.676558 129.322647
81.150000 246.512441 175.862607 131.202067 102.812239 85.486496 74.645729 52.693762 33.208095 20.442747 238.037889 195.547362 149.944437 125.771317 83.741556 129.415432
81.200000 246.675804 175.983459 131.295930 102.888866 85.552558 74.705156 52.739674 33.241867 20.468438 238.196160 195.680077 150.049642 125.861889 83.806552 129.508213
81.250000 246.839158 176.104306 131.389788 102.965489 85.618617 74.764581 52.785585 33.275639 20.494127 238.354424 195.812786 150.154842 125.952456 83.871544 129.600989
81.300000 247.002503 176.225147 131.483642 103.042109 85.684673 74.824003 52.831493 33.309409 20.519816 238.512680 195.945488 150.260036 126.043019 83.936534 129.693760
81.350000 247.165841 176.345982 131.577492 103.118725 85.750726 74.883423 52.877400 33.343179 20.545505 238.670928 196.078183 150.365226 126.133578 84.001521 129.786528
81.400000 247.329170 176.466811 131.671337 103.195338 85.816777 74.942840 52.923305 33.376947 20.571192 238.829168 196.210872 150.470410 126.224133 84.066505 129.879291
81.450000 247.492491 176.587634 131.765178 103.271947 85.882824 75.002255 52.969208 33.410714 20.596879 238.987400 196.343555 150.575589 126.314683 84.131487 129.972049
81.500000 247.655804 176.708451 131.859015 103.348553 85.948869 75.061667 53.015109 33.444480 20.622566 239.145624 196.476231 150.680764 126.405230 84.196465 130.064804
81.550000 247.819109 176.829262 131.952847 103.425156 86.014911 75.121077 53.061009 33.478245 20.648251 239.303840 196.608900 150.785933 126.495772 84.261441 130.157554
81.600000 247.982405 176.950068 132.046675 103.501755 86.080950 75.180484 53.106906 33.512009 20.673937 239.462048 196.741563 150.891098 126.586310 84.326414 130.250299
81.650000 248.145694 177.070868 132.140498 103.578351 86.146986 75.239889 53.152802 33.545772 20.699621 239.620248 196.874219 150.996257 126.676843 84.391384 130.343041
81.700000 248.308974 177.191662 132.234317 103.654943 86.213019 75.299291 53.198697 33.579533 20.725305 239.778441 197.006869 151.101412 126.767373 84.456351 130.435778
81.750000 248.472246 177.312450 132.328131 103.731532 86.279049 75.358691 53.244589 33.613294 20.750988 239.936625 197.139513 151.206561 126.857898 84.521316 130.528510
81.800000 248.635510 177.433232 132.421942 103.808117 86.345077 75.418088 53.290480 33.647053 20.776670 240.094802 197.272150 151.311705 126.948419 84.586277 130.621239
81.850000 248.798766 177.554008 132.515748 103.884699 86.411101 75.477483 53.336369 33.680811 20.802352 240.252971 197.404780 151.416845 127.038936 84.651236 130.713963
81.900000 248.962013 177.674779 132.609549 103.961277 86.477123 75.536875 53.382256 33.714569 20.828033 240.411132 197.537404 151.521979 127.129449 84.716192 130.806683
81.950000 249.125253 177.795543 132.703346 104.037852 86.543142 75.596265 53.428142 33.748325 20.853713 240.569285 197.670021 151.627109 127.219957 84.781146 130.899398
82.000000 249.288484 177.916302 132.797139 104.114424 86.609158 75.655653 53.474025 33.782080 20.879393 240.727430 197.802633 151.732234 127.310462 84.846096 130.992110
82.050000 249.451707 178.037055 132.890928 104.190992 86.675172 75.715037 53.519907 33.815834 20.905072 240.885567 197.935237 151.837353 127.400962 84.911044 131.084817
82.100000 249.614923 178.157803 132.984712 104.267557 86.741182 75.774420 53.565788 33.849587 20.930751 241.043697 198.067835 151.942468 127.491458 84.975989 131.177519
82.150000 249.778130 178.278544 133.078492 104.344119 86.807190 75.833800 53.611666 33.883338 20.956428 241.201819 198.200427 152.047578 127.581950 85.040931 131.270218
82.200000 249.941329 178.399280 133.172267 104.420677 86.873195 75.893177 53.657543 33.917089 20.982106 241.359933 198.333013 152.152682 127.672438 85.105871 131.362912
82.250000 250.104520 178.520010 133.266038 104.497231 86.939197 75.952552 53.703418 33.950839 21.007782 241.518039 198.465592 152.257782 127.762921 85.170808 131.455602
82.300000 250.267703 178.640734 133.359805 104.573783 87.005196 76.011925 53.749291 33.984587 21.033458 241.676138 198.598164 152.362877 127.853401 85.235741 131.548287
82.350000 250.430878 178.761453 133.453568 104.650331 87.071192 76.071295 53.795163 34.018335 21.059133 241.834229 198.730730 152.467967 127.943876 85.300673 131.640969
82.400000 250.594045 178.882166 133.547326 104.726875 87.137186 76.130662 53.841033 34.052081 21.084808 241.992312 198.863290 152.573052 128.034347 85.365601 131.733646
82.450000 250.757204 179.002873 133.641080 104.803416 87.203176 76.190027 53.886901 34.085826 21.110482 242.150387 198.995843 152.678133 128.124815 85.430527 131.826319
82.500000 250.920354 179.123574 133.734830 104.879954 87.269164 76.249390 53.932767 34.119570 21.136155 242.308454 199.128390 152.783208 128.215278 85.495450 131.918987
82.550000 251.083497 179.244269 133.828575 104.956488 87.335149 76.308750 53.978632 34.153313 21.161827 242.466514 199.260931 152.888278 128.305736 85.560370 132.011652
82.600000 251.246632 179.364959 133.922316 105.033019 87.401132 76.368108 54.024495 34.187056 21.187499 242.624566 199.393465 152.993344 128.396191 85.625287 132.104312
82.650000 251.409759 179.485643 134.016053 105.109547 87.467111 76.427463 54.070356 34.220796 21.213171 242.782610 199.525993 153.098404 128.486642 85.690202 132.196968
82.700000 251.572878 179.606321 134.109785 105.186071 87.533088 76.486816 54.116215 34.254536 21.238841 242.940647 199.658515 153.203460 128.577088 85.755114 132.289620
82.750000 251.735989 179.726994 134.203514 105.262592 87.599062 76.546167 54.162073 34.288275 21.264511 243.098676 199.791030 153.308511 128.667531 85.820023 132.382267
82.800000 251.899092 179.847661 134.297237 105.339110 87.665033 76.605515 54.207929 34.322013 21.290181 243.256697 199.923539 153.413557 128.757969 85.884929 132.474911
82.850000 252.062187 179.968322 134.390957 105.415624 87.731001 76.664860 54.253783 34.355750 21.315850 243.414711 200.056042 153.518598 128.848403 85.949833 132.567550
82.900000 252.225274 180.088978 134.484673 105.492135 87.796967 76.724203 54.299636 34.389485 21.341518 243.572716 200.188538 153.623635 128.938834 86.014734 132.660185
82.950000 252.388353 180.209628 134.578384 105.568643 87.862930 76.783544 54.345487 34.423220 21.367185 243.730715 200.321028 153.728666 129.029260 86.079633 132.752815
83.000000 252.551424 180.330272 134.672091 105.645147 87.928890 76.842882 54.391336 34.456953 21.392852 243.888705 200.453512 153.833693 129.119682 86.144528 132.845442
83.050000 252.714487 180.450910 134.765794 105.721648 87.994847 76.902218 54.437183 34.490685 21.418518 244.046688 200.585989 153.938714 129.210100 86.209421 132.938064
83.100000 252.877543 180.571543 134.859492 105.798145 88.060801 76.961552 54.483029 34.524417 21.444184 244.204663 200.718460 154.043731 129.300514 86.274311 133.030683
83.150000 253.040590 180.692170 134.953186 105.874640 88.126753 77.020883 54.528873 34.558147 21.469848 244.362631 200.850925 154.148743 129.390924 86.339199 133.123296
83.200000 253.203630 180.812792 135.046876 105.951131 88.192702 77.080211 54.574716 34.591876 21.495513 244.520591 200.983383 154.253750 129.481329 86.404083 133.215906
83.250000 253.366662 180.933408 135.140562 106.027618 88.258648 77.139538 54.620556 34.625604 21.521176 244.678543 201.115835 154.358753 129.571731 86.468965 133.308512
83.300000 253.529685 181.054018 135.234244 106.104103 88.324591 77.198861 54.666395 34.659331 21.546839 244.836488 201.248281 154.463750 129.662129 86.533845 133.401113
83.350000 253.692701 181.174623 135.327921 106.180584 88.390532 77.258183 54.712232 34.693057 21.572502 244.994425 201.380721 154.568743 129.752522 86.598721 133.493711
83.400000 253.855709 181.295222 135.421594 106.257061 88.456470 77.317502 54.758068 34.726782 21.598163 245.152355 201.513155 154.673731 129.842912 86.663595 133.586304
83.450000 254.018710 181.415815 135.515263 106.333536 88.522405 77.376818 54.803902 34.760506 21.623824 245.310277 201.645582 154.778714 129.933298 86.728466 133.678893
83.500000 254.181702 181.536403 135.608928 106.410007 88.588337 77.436132 54.849734 34.794229 21.649485 245.468191 201.778003 154.883693 130.023679 86.793335 133.771478
83.550000 254.344687 181.656985 135.702588 106.486474 88.654267 77.495444 54.895564 34.827951 21.675145 245.626098 201.910418 154.988666 130.114057 86.858201 133.864059
83.600000 254.507663 181.777562 135.796245 106.562939 88.720194 77.554754 54.941393 34.861671 21.700804 245.783997 202.042826 155.093635 130.204430 86.923064 133.956635
83.650000 254.670632 181.898133 135.889897 106.639400 88.786118 77.614061 54.987220 34.895391 21.726462 245.941889 202.175229 155.198599 130.294800 86.987924 134.049208
83.700000 254.833594 182.018698 135.983545 106.715858 88.852040 77.673365 55.033046 34.929110 21.752120 246.099773 202.307625 155.303559 130.385165 87.052782 134.141776
83.750000 254.996547 182.139258 136.077189 106.792313 88.917958 77.732667 55.078869 34.962827 21.777778 246.257650 202.440015 155.408513 130.475527 87.117637 134.234340
83.800000 255.159493 182.259812 136.170828 106.868764 88.983874 77.791967 55.124691 34.996544 21.803434 246.415519 202.572398 155.513463 130.565884 87.182490 134.326900
83.850000 255.322430 182.380361 136.264464 106.945212 89.049788 77.851265 55.170512 35.030259 21.829090 246.573381 202.704776 155.618408 130.656238 87.247339 134.419456
83.900000 255.485360 182.500904 136.358095 107.021657 89.115698 77.910560 55.216330 35.063974 21.854746 246.731235 202.837147 155.723348 130.746587 87.312187 134.512008
