web/models/kne/17/Metzger_0.013086_0.159655_0.450000.dat
# %ECSV 0.9
# ---
# datatype:
# - {name: time, datatype: float64}
# - {name: sdss_u, datatype: float64}
# - {name: sdss_g, datatype: float64}
# - {name: sdss_r, datatype: float64}
# - {name: sdss_i, datatype: float64}
# - {name: sdss_z, datatype: float64}
# - {name: PS1_y, datatype: float64}
# - {name: ukirt_J, datatype: float64}
# - {name: ukirt_H, datatype: float64}
# - {name: ukirt_K, datatype: float64}
# - {name: johnson_U, datatype: float64}
# - {name: johnson_B, datatype: float64}
# - {name: johnson_V, datatype: float64}
# - {name: johnson_R, datatype: float64}
# - {name: johnson_I, datatype: float64}
# - {name: Clear, datatype: float64}
# meta: !!omap
# - comment: [vej = 0.1596551724137931, mej = 0.013086248836806117, Ye = 0.45, redshift = 0.0]
# schema: astropy-2.0
time sdss_u sdss_g sdss_r sdss_i sdss_z PS1_y ukirt_J ukirt_H ukirt_K johnson_U johnson_B johnson_V johnson_R johnson_I Clear
[from data line 2298]
115.000000 489.448761 356.168697 271.743748 217.959480 185.068460 164.452809 122.588362 85.217616 60.544411 473.474195 393.330731 307.196011 261.463854 181.752224 268.362214
115.050000 489.660211 356.325327 271.865572 218.059077 185.154433 164.530227 122.648350 85.261950 60.578321 473.679080 393.502659 307.332462 261.581434 181.836822 268.482642
115.100000 489.871657 356.481954 271.987395 218.158673 185.240405 164.607643 122.708337 85.306283 60.612232 473.883961 393.674584 307.468910 261.699013 181.921419 268.603069
115.150000 490.083099 356.638579 272.109216 218.258267 185.326375 164.685058 122.768324 85.350615 60.646142 474.088839 393.846505 307.605356 261.816589 182.006014 268.723494
115.200000 490.294537 356.795200 272.231034 218.357860 185.412345 164.762472 122.828310 85.394947 60.680051 474.293713 394.018424 307.741800 261.934164 182.090608 268.843916
115.250000 490.505971 356.951820 272.352851 218.457450 185.498312 164.839884 122.888294 85.439279 60.713961 474.498583 394.190340 307.878241 262.051736 182.175200 268.964337
115.300000 490.717402 357.108436 272.474666 218.557040 185.584279 164.917296 122.948279 85.483610 60.747870 474.703450 394.362253 308.014681 262.169307 182.259792 269.084756
115.350000 490.928829 357.265050 272.596479 218.656628 185.670244 164.994706 123.008262 85.527941 60.781779 474.908313 394.534162 308.151118 262.286876 182.344382 269.205173
115.400000 491.140253 357.421662 272.718289 218.756214 185.756208 165.072116 123.068245 85.572271 60.815688 475.113173 394.706069 308.287552 262.404443 182.428971 269.325588
115.450000 491.351672 357.578270 272.840098 218.855799 185.842171 165.149524 123.128226 85.616600 60.849597 475.318029 394.877973 308.423985 262.522008 182.513559 269.446001
115.500000 491.563088 357.734876 272.961905 218.955382 185.928133 165.226931 123.188207 85.660929 60.883505 475.522881 395.049874 308.560415 262.639571 182.598145 269.566412
115.550000 491.774500 357.891480 273.083709 219.054964 186.014093 165.304337 123.248188 85.705258 60.917413 475.727730 395.221772 308.696843 262.757132 182.682730 269.686821
115.600000 491.985909 358.048080 273.205512 219.154544 186.100052 165.381742 123.308167 85.749586 60.951320 475.932575 395.393667 308.833268 262.874691 182.767314 269.807228
115.650000 492.197313 358.204678 273.327313 219.254122 186.186009 165.459146 123.368146 85.793914 60.985228 476.137416 395.565559 308.969692 262.992249 182.851897 269.927633
115.700000 492.408714 358.361274 273.449112 219.353699 186.271966 165.536549 123.428124 85.838241 61.019135 476.342254 395.737448 309.106113 263.109804 182.936478 270.048036
115.750000 492.620111 358.517866 273.570909 219.453275 186.357921 165.613950 123.488101 85.882568 61.053042 476.547089 395.909335 309.242532 263.227358 183.021058 270.168437
115.800000 492.831505 358.674456 273.692704 219.552849 186.443875 165.691351 123.548077 85.926895 61.086948 476.751919 396.081218 309.378948 263.344909 183.105637 270.288837
115.850000 493.042895 358.831044 273.814496 219.652421 186.529827 165.768750 123.608053 85.971220 61.120855 476.956747 396.253098 309.515363 263.462459 183.190214 270.409234
115.900000 493.254281 358.987628 273.936287 219.751992 186.615778 165.846148 123.668028 86.015546 61.154761 477.161570 396.424975 309.651775 263.580007 183.274791 270.529629
115.950000 493.465663 359.144210 274.058076 219.851561 186.701728 165.923545 123.728002 86.059871 61.188666 477.366390 396.596850 309.788185 263.697553 183.359366 270.650023
116.000000 493.677042 359.300790 274.179863 219.951129 186.787677 166.000941 123.787975 86.104195 61.222572 477.571207 396.768721 309.924592 263.815097 183.443940 270.770414
116.050000 493.888417 359.457367 274.301648 220.050695 186.873624 166.078336 123.847947 86.148519 61.256477 477.776020 396.940590 310.060997 263.932639 183.528512 270.890804
116.100000 494.099788 359.613941 274.423431 220.150260 186.959570 166.155730 123.907919 86.192843 61.290382 477.980829 397.112455 310.197400 264.050180 183.613084 271.011192
116.150000 494.311156 359.770512 274.545212 220.249823 187.045515 166.233122 123.967890 86.237166 61.324287 478.185635 397.284318 310.333801 264.167718 183.697654 271.131577
116.200000 494.522520 359.927081 274.666991 220.349384 187.131459 166.310514 124.027860 86.281488 61.358191 478.390437 397.456177 310.470200 264.285255 183.782222 271.251961
116.250000 494.733880 360.083647 274.788769 220.448944 187.217401 166.387904 124.087830 86.325810 61.392095 478.595235 397.628034 310.606596 264.402790 183.866790 271.372343
116.300000 494.945236 360.240211 274.910544 220.548503 187.303342 166.465294 124.147798 86.370132 61.425999 478.800030 397.799888 310.742990 264.520322 183.951356 271.492722
116.350000 495.156589 360.396772 275.032317 220.648060 187.389282 166.542682 124.207766 86.414453 61.459903 479.004822 397.971739 310.879382 264.637853 184.035921 271.613100
116.400000 495.367938 360.553330 275.154088 220.747615 187.475220 166.620069 124.267733 86.458774 61.493806 479.209609 398.143587 311.015771 264.755382 184.120485 271.733476
116.450000 495.579284 360.709886 275.275857 220.847169 187.561157 166.697455 124.327699 86.503094 61.527709 479.414394 398.315432 311.152159 264.872910 184.205048 271.853850
116.500000 495.790625 360.866439 275.397625 220.946721 187.647093 166.774840 124.387665 86.547414 61.561612 479.619174 398.487274 311.288544 264.990435 184.289609 271.974222
116.550000 496.001963 361.022989 275.519390 221.046272 187.733028 166.852224 124.447630 86.591733 61.595514 479.823952 398.659113 311.424926 265.107958 184.374169 272.094593
116.600000 496.213298 361.179537 275.641153 221.145821 187.818961 166.929606 124.507594 86.636052 61.629416 480.028725 398.830949 311.561307 265.225480 184.458728 272.214961
116.650000 496.424628 361.336082 275.762915 221.245369 187.904893 167.006988 124.567557 86.680370 61.663318 480.233495 399.002783 311.697685 265.342999 184.543286 272.335327
116.700000 496.635955 361.492625 275.884674 221.344915 187.990824 167.084368 124.627519 86.724688 61.697220 480.438262 399.174613 311.834061 265.460517 184.627842 272.455691
116.750000 496.847278 361.649165 276.006432 221.444460 188.076754 167.161747 124.687481 86.769005 61.731122 480.643025 399.346440 311.970435 265.578033 184.712397 272.576054
116.800000 497.058598 361.805702 276.128187 221.544003 188.162682 167.239126 124.747442 86.813322 61.765023 480.847784 399.518265 312.106807 265.695547 184.796951 272.696414
116.850000 497.269914 361.962236 276.249941 221.643545 188.248609 167.316503 124.807402 86.857638 61.798924 481.052540 399.690087 312.243176 265.813059 184.881504 272.816773
116.900000 497.481226 362.118768 276.371692 221.743085 188.334535 167.393879 124.867361 86.901954 61.832824 481.257292 399.861905 312.379543 265.930569 184.966055 272.937129
116.950000 497.692535 362.275298 276.493442 221.842623 188.420459 167.471254 124.927320 86.946270 61.866725 481.462041 400.033721 312.515908 266.048078 185.050605 273.057484
117.000000 497.903840 362.431825 276.615190 221.942160 188.506382 167.548628 124.987278 86.990585 61.900625 481.666786 400.205534 312.652271 266.165584 185.135154 273.177837
117.050000 498.115141 362.588349 276.736936 222.041696 188.592304 167.626000 125.047235 87.034899 61.934524 481.871528 400.377344 312.788631 266.283089 185.219702 273.298188
117.100000 498.326439 362.744870 276.858679 222.141230 188.678225 167.703372 125.107191 87.079214 61.968424 482.076266 400.549151 312.924989 266.400592 185.304248 273.418537
117.150000 498.537732 362.901389 276.980421 222.240762 188.764144 167.780742 125.167146 87.123527 62.002323 482.281000 400.720955 313.061345 266.518093 185.388793 273.538884
117.200000 498.749023 363.057905 277.102161 222.340293 188.850062 167.858112 125.227101 87.167840 62.036222 482.485731 400.892756 313.197699 266.635592 185.473337 273.659229
117.250000 498.960309 363.214419 277.223899 222.439823 188.935979 167.935480 125.287055 87.212153 62.070121 482.690459 401.064555 313.334050 266.753089 185.557880 273.779572
117.300000 499.171592 363.370930 277.345635 222.539350 189.021895 168.012847 125.347008 87.256465 62.104019 482.895183 401.236350 313.470400 266.870584 185.642421 273.899913
117.350000 499.382871 363.527439 277.467369 222.638877 189.107809 168.090213 125.406961 87.300777 62.137917 483.099903 401.408143 313.606747 266.988077 185.726962 274.020252
117.400000 499.594147 363.683944 277.589101 222.738402 189.193722 168.167578 125.466912 87.345088 62.171815 483.304620 401.579932 313.743091 267.105569 185.811501 274.140590
117.450000 499.805419 363.840448 277.710831 222.837925 189.279634 168.244942 125.526863 87.389399 62.205713 483.509334 401.751719 313.879434 267.223059 185.896038 274.260925
117.500000 500.016687 363.996948 277.832560 222.937447 189.365545 168.322305 125.586813 87.433709 62.239610 483.714043 401.923503 314.015774 267.340547 185.980575 274.381259
117.550000 500.227952 364.153446 277.954286 223.036967 189.451454 168.399667 125.646763 87.478019 62.273507 483.918750 402.095284 314.152113 267.458032 186.065110 274.501590
117.600000 500.439213 364.309942 278.076010 223.136486 189.537362 168.477027 125.706711 87.522328 62.307404 484.123452 402.267062 314.288448 267.575517 186.149644 274.621920
117.650000 500.650470 364.466435 278.197733 223.236003 189.623269 168.554387 125.766659 87.566637 62.341301 484.328152 402.438837 314.424782 267.692999 186.234177 274.742248
117.700000 500.861724 364.622925 278.319453 223.335519 189.709174 168.631745 125.826606 87.610946 62.375197 484.532847 402.610609 314.561114 267.810479 186.318709 274.862574
117.750000 501.072974 364.779412 278.441171 223.435033 189.795079 168.709103 125.886552 87.655254 62.409093 484.737540 402.782379 314.697443 267.927958 186.403239 274.982898
117.800000 501.284221 364.935897 278.562888 223.534545 189.880981 168.786459 125.946498 87.699561 62.442989 484.942228 402.954145 314.833770 268.045434 186.487768 275.103220
117.850000 501.495463 365.092380 278.684603 223.634057 189.966883 168.863814 126.006443 87.743868 62.476884 485.146914 403.125909 314.970095 268.162909 186.572296 275.223540
117.900000 501.706702 365.248860 278.806315 223.733566 190.052784 168.941168 126.066387 87.788175 62.510780 485.351595 403.297669 315.106417 268.280382 186.656823 275.343858
117.950000 501.917938 365.405337 278.928026 223.833074 190.138683 169.018521 126.126330 87.832481 62.544674 485.556273 403.469427 315.242738 268.397853 186.741348 275.464174
118.000000 502.129170 365.561811 279.049735 223.932581 190.224581 169.095873 126.186272 87.876787 62.578569 485.760948 403.641182 315.379056 268.515322 186.825872 275.584489
118.050000 502.340398 365.718283 279.171442 224.032086 190.310478 169.173223 126.246214 87.921092 62.612464 485.965619 403.812934 315.515372 268.632790 186.910395 275.704801
118.100000 502.551623 365.874753 279.293147 224.131590 190.396373 169.250573 126.306155 87.965397 62.646358 486.170287 403.984683 315.651686 268.750255 186.994917 275.825112
118.150000 502.762844 366.031220 279.414850 224.231092 190.482267 169.327922 126.366095 88.009701 62.680252 486.374951 404.156429 315.787997 268.867719 187.079437 275.945420
118.200000 502.974061 366.187684 279.536551 224.330592 190.568160 169.405269 126.426034 88.054005 62.714145 486.579612 404.328173 315.924307 268.985181 187.163957 276.065727
118.250000 503.185275 366.344146 279.658250 224.430091 190.654052 169.482615 126.485973 88.098308 62.748038 486.784269 404.499913 316.060614 269.102641 187.248475 276.186032
118.300000 503.396485 366.500605 279.779947 224.529589 190.739942 169.559961 126.545911 88.142611 62.781931 486.988922 404.671651 316.196919 269.220099 187.332991 276.306335
118.350000 503.607691 366.657061 279.901643 224.629085 190.825831 169.637305 126.605848 88.186913 62.815824 487.193573 404.843386 316.333221 269.337555 187.417507 276.426636
118.400000 503.818894 366.813515 280.023336 224.728579 190.911719 169.714648 126.665784 88.231215 62.849717 487.398219 405.015118 316.469522 269.455010 187.502021 276.546935
118.450000 504.030094 366.969966 280.145027 224.828072 190.997606 169.791990 126.725720 88.275516 62.883609 487.602862 405.186847 316.605820 269.572462 187.586535 276.667233
118.500000 504.241289 367.126415 280.266717 224.927564 191.083492 169.869331 126.785655 88.319817 62.917501 487.807502 405.358573 316.742116 269.689913 187.671046 276.787528
118.550000 504.452481 367.282861 280.388404 225.027054 191.169376 169.946671 126.845589 88.364118 62.951393 488.012138 405.530296 316.878410 269.807362 187.755557 276.907821
118.600000 504.663670 367.439305 280.510090 225.126542 191.255259 170.024010 126.905522 88.408418 62.985284 488.216771 405.702016 317.014702 269.924809 187.840067 277.028113
118.650000 504.874855 367.595746 280.631774 225.226029 191.341140 170.101347 126.965455 88.452717 63.019175 488.421400 405.873734 317.150991 270.042254 187.924575 277.148403
118.700000 505.086036 367.752184 280.753456 225.325515 191.427021 170.178684 127.025387 88.497017 63.053066 488.626026 406.045449 317.287279 270.159697 188.009082 277.268690
118.750000 505.297213 367.908620 280.875136 225.424999 191.512900 170.256019 127.085318 88.541315 63.086957 488.830648 406.217160 317.423564 270.277139 188.093588 277.388976
118.800000 505.508387 368.065053 280.996813 225.524481 191.598778 170.333354 127.145248 88.585613 63.120847 489.035267 406.388869 317.559847 270.394579 188.178092 277.509260
118.850000 505.719558 368.221484 281.118490 225.623962 191.684655 170.410687 127.205177 88.629911 63.154737 489.239882 406.560575 317.696128 270.512016 188.262596 277.629542
118.900000 505.930725 368.377912 281.240164 225.723441 191.770530 170.488019 127.265106 88.674208 63.188627 489.444494 406.732279 317.832406 270.629452 188.347098 277.749823
118.950000 506.141888 368.534338 281.361836 225.822919 191.856404 170.565350 127.325034 88.718505 63.222516 489.649102 406.903979 317.968682 270.746887 188.431599 277.870101
119.000000 506.353047 368.690761 281.483506 225.922396 191.942277 170.642680 127.384961 88.762801 63.256406 489.853707 407.075677 318.104957 270.864319 188.516098 277.990377
119.050000 506.564203 368.847181 281.605175 226.021871 192.028149 170.720009 127.444888 88.807097 63.290295 490.058309 407.247371 318.241229 270.981749 188.600597 278.110652
119.100000 506.775356 369.003599 281.726841 226.121344 192.114019 170.797337 127.504814 88.851393 63.324183 490.262907 407.419063 318.377498 271.099178 188.685094 278.230924
119.150000 506.986505 369.160014 281.848506 226.220816 192.199889 170.874664 127.564739 88.895688 63.358072 490.467501 407.590752 318.513766 271.216605 188.769590 278.351195
119.200000 507.197650 369.316427 281.970168 226.320287 192.285756 170.951990 127.624663 88.939982 63.391960 490.672092 407.762438 318.650031 271.334030 188.854085 278.471464
119.250000 507.408792 369.472837 282.091829 226.419756 192.371623 171.029314 127.684586 88.984276 63.425848 490.876679 407.934121 318.786295 271.451453 188.938579 278.591731
119.300000 507.619930 369.629245 282.213488 226.519223 192.457489 171.106638 127.744509 89.028570 63.459736 491.081264 408.105802 318.922556 271.568874 189.023071 278.711996
119.350000 507.831064 369.785650 282.335145 226.618689 192.543353 171.183960 127.804431 89.072863 63.493623 491.285844 408.277479 319.058814 271.686294 189.107562 278.832259
119.400000 508.042195 369.942052 282.456800 226.718154 192.629216 171.261282 127.864352 89.117155 63.527510 491.490421 408.449154 319.195071 271.803711 189.192052 278.952521
119.450000 508.253322 370.098452 282.578453 226.817617 192.715078 171.338602 127.924273 89.161447 63.561397 491.694995 408.620826 319.331326 271.921127 189.276541 279.072780
119.500000 508.464446 370.254850 282.700104 226.917078 192.800938 171.415921 127.984192 89.205739 63.595284 491.899565 408.792495 319.467578 272.038541 189.361028 279.193038
