web/models/kne/17/Metzger_0.001239_0.143448_0.100000.dat
# %ECSV 0.9
# ---
# datatype:
# - {name: time, datatype: float64}
# - {name: sdss_u, datatype: float64}
# - {name: sdss_g, datatype: float64}
# - {name: sdss_r, datatype: float64}
# - {name: sdss_i, datatype: float64}
# - {name: sdss_z, datatype: float64}
# - {name: PS1_y, datatype: float64}
# - {name: ukirt_J, datatype: float64}
# - {name: ukirt_H, datatype: float64}
# - {name: ukirt_K, datatype: float64}
# - {name: johnson_U, datatype: float64}
# - {name: johnson_B, datatype: float64}
# - {name: johnson_V, datatype: float64}
# - {name: johnson_R, datatype: float64}
# - {name: johnson_I, datatype: float64}
# - {name: Clear, datatype: float64}
# meta: !!omap
# - comment: [vej = 0.14344827586206896, mej = 0.0012389903709424822, Ye = 0.1, redshift = 0.0]
# schema: astropy-2.0
time sdss_u sdss_g sdss_r sdss_i sdss_z PS1_y ukirt_J ukirt_H ukirt_K johnson_U johnson_B johnson_V johnson_R johnson_I Clear
[from data line 1894]
94.800000 709.416634 519.531776 399.168013 322.432416 275.473601 246.023474 186.162256 132.627093 97.191643 686.663605 572.489661 449.722569 384.505495 270.737238 394.345019
94.850000 709.780777 519.801637 399.378014 322.604188 275.621941 246.157099 186.265905 132.703819 97.250443 687.016457 572.785832 449.957724 384.708195 270.883213 394.552619
94.900000 710.144911 520.071491 399.588009 322.775957 275.770278 246.290722 186.369553 132.780544 97.309242 687.369302 573.081996 450.192873 384.910891 271.029185 394.760213
94.950000 710.509037 520.341340 399.798000 322.947722 275.918613 246.424342 186.473199 132.857267 97.368040 687.722138 573.378153 450.428018 385.113583 271.175154 394.967804
95.000000 710.873155 520.611182 400.007987 323.119483 276.066944 246.557960 186.576843 132.933989 97.426838 688.074966 573.674303 450.663157 385.316270 271.321120 395.175389
95.050000 711.237264 520.881018 400.217968 323.291240 276.215272 246.691574 186.680485 133.010710 97.485634 688.427786 573.970447 450.898291 385.518953 271.467083 395.382971
95.100000 711.601365 521.150849 400.427946 323.462994 276.363597 246.825186 186.784124 133.087429 97.544430 688.780598 574.266584 451.133420 385.721631 271.613043 395.590547
95.150000 711.965457 521.420673 400.637918 323.634744 276.511919 246.958795 186.887762 133.164147 97.603225 689.133401 574.562714 451.368544 385.924305 271.758999 395.798119
95.200000 712.329541 521.690491 400.847886 323.806490 276.660237 247.092402 186.991398 133.240864 97.662019 689.486197 574.858838 451.603662 386.126974 271.904953 396.005687
95.250000 712.693617 521.960303 401.057850 323.978233 276.808553 247.226006 187.095032 133.317579 97.720812 689.838984 575.154954 451.838775 386.329639 272.050904 396.213250
95.300000 713.057684 522.230109 401.267809 324.149972 276.956866 247.359607 187.198664 133.394293 97.779604 690.191764 575.451064 452.073883 386.532300 272.196852 396.420808
95.350000 713.421743 522.499909 401.477763 324.321707 277.105175 247.493205 187.302294 133.471006 97.838396 690.544535 575.747168 452.308986 386.734956 272.342797 396.628362
95.400000 713.785793 522.769703 401.687712 324.493439 277.253482 247.626801 187.405922 133.547717 97.897186 690.897298 576.043264 452.544083 386.937608 272.488738 396.835911
95.450000 714.149835 523.039491 401.897657 324.665167 277.401785 247.760393 187.509548 133.624428 97.955976 691.250053 576.339354 452.779176 387.140256 272.634677 397.043456
95.500000 714.513869 523.309272 402.107598 324.836892 277.550086 247.893984 187.613172 133.701136 98.014764 691.602800 576.635438 453.014263 387.342899 272.780613 397.250996
95.550000 714.877894 523.579048 402.317534 325.008612 277.698383 248.027571 187.716794 133.777844 98.073552 691.955539 576.931514 453.249345 387.545537 272.926545 397.458532
95.600000 715.241911 523.848818 402.527465 325.180330 277.846677 248.161156 187.820414 133.854550 98.132339 692.308270 577.227584 453.484421 387.748171 273.072475 397.666063
95.650000 715.605920 524.118581 402.737392 325.352043 277.994968 248.294738 187.924032 133.931255 98.191125 692.660992 577.523647 453.719493 387.950801 273.218402 397.873590
95.700000 715.969920 524.388339 402.947314 325.523753 278.143257 248.428317 188.027648 134.007958 98.249911 693.013707 577.819704 453.954559 388.153427 273.364326 398.081112
95.750000 716.333912 524.658090 403.157231 325.695459 278.291542 248.561894 188.131262 134.084661 98.308695 693.366414 578.115753 454.189620 388.356048 273.510246 398.288630
95.800000 716.697896 524.927836 403.367144 325.867162 278.439824 248.695468 188.234874 134.161362 98.367478 693.719112 578.411796 454.424676 388.558664 273.656164 398.496143
95.850000 717.061871 525.197575 403.577053 326.038861 278.588102 248.829039 188.338484 134.238061 98.426261 694.071803 578.707833 454.659727 388.761276 273.802079 398.703652
95.900000 717.425838 525.467309 403.786957 326.210556 278.736378 248.962608 188.442092 134.314760 98.485043 694.424485 579.003863 454.894773 388.963884 273.947990 398.911156
95.950000 717.789797 525.737036 403.996856 326.382248 278.884651 249.096174 188.545699 134.391457 98.543824 694.777160 579.299886 455.129813 389.166488 274.093899 399.118656
96.000000 718.153747 526.006758 404.206751 326.553936 279.032921 249.229737 188.649303 134.468152 98.602604 695.129826 579.595902 455.364848 389.369087 274.239805 399.326151
96.050000 718.517689 526.276473 404.416641 326.725621 279.181188 249.363297 188.752905 134.544847 98.661383 695.482484 579.891912 455.599878 389.571682 274.385707 399.533642
96.100000 718.881623 526.546182 404.626527 326.897302 279.329451 249.496855 188.856506 134.621540 98.720161 695.835135 580.187915 455.834903 389.774272 274.531607 399.741128
96.150000 719.245548 526.815886 404.836408 327.068979 279.477712 249.630410 188.960104 134.698232 98.778938 696.187777 580.483912 456.069923 389.976858 274.677504 399.948610
96.200000 719.609465 527.085583 405.046285 327.240653 279.625969 249.763962 189.063700 134.774922 98.837715 696.540411 580.779902 456.304938 390.179440 274.823398 400.156087
96.250000 719.973374 527.355275 405.256157 327.412323 279.774224 249.897512 189.167295 134.851611 98.896491 696.893037 581.075885 456.539947 390.382017 274.969288 400.363560
96.300000 720.337275 527.624960 405.466024 327.583989 279.922475 250.031059 189.270887 134.928299 98.955265 697.245656 581.371862 456.774952 390.584590 275.115176 400.571028
96.350000 720.701167 527.894640 405.675887 327.755652 280.070724 250.164604 189.374478 135.004986 99.014039 697.598266 581.667832 457.009951 390.787158 275.261061 400.778492
96.400000 721.065051 528.164313 405.885745 327.927311 280.218969 250.298145 189.478067 135.081671 99.072812 697.950868 581.963795 457.244945 390.989722 275.406943 400.985951
96.450000 721.428927 528.433980 406.095599 328.098967 280.367211 250.431684 189.581653 135.158355 99.131584 698.303462 582.259752 457.479934 391.192282 275.552821 401.193406
96.500000 721.792794 528.703642 406.305449 328.270619 280.515451 250.565221 189.685238 135.235037 99.190356 698.656049 582.555702 457.714917 391.394838 275.698697 401.400856
96.550000 722.156654 528.973298 406.515294 328.442267 280.663687 250.698754 189.788821 135.311719 99.249126 699.008627 582.851645 457.949896 391.597389 275.844570 401.608302
96.600000 722.520505 529.242947 406.725134 328.613912 280.811920 250.832285 189.892402 135.388399 99.307896 699.361197 583.147582 458.184870 391.799936 275.990440 401.815744
96.650000 722.884347 529.512591 406.934970 328.785553 280.960151 250.965813 189.995980 135.465078 99.366664 699.713760 583.443513 458.419838 392.002478 276.136307 402.023181
96.700000 723.248182 529.782228 407.144801 328.957191 281.108378 251.099339 190.099557 135.541755 99.425432 700.066314 583.739436 458.654801 392.205016 276.282171 402.230613
96.750000 723.612008 530.051860 407.354628 329.128825 281.256602 251.232862 190.203132 135.618431 99.484199 700.418860 584.035354 458.889759 392.407550 276.428032 402.438041
96.800000 723.975826 530.321486 407.564450 329.300456 281.404823 251.366382 190.306705 135.695106 99.542965 700.771399 584.331264 459.124712 392.610079 276.573890 402.645465
96.850000 724.339636 530.591105 407.774268 329.472082 281.553041 251.499900 190.410276 135.771780 99.601731 701.123929 584.627168 459.359660 392.812604 276.719745 402.852884
96.900000 724.703438 530.860719 407.984081 329.643706 281.701256 251.633415 190.513846 135.848452 99.660495 701.476452 584.923066 459.594603 393.015125 276.865597 403.060299
96.950000 725.067231 531.130327 408.193890 329.815325 281.849468 251.766927 190.617413 135.925123 99.719258 701.828967 585.218956 459.829541 393.217642 277.011446 403.267709
97.000000 725.431017 531.399929 408.403694 329.986941 281.997677 251.900437 190.720978 136.001793 99.778021 702.181473 585.514841 460.064473 393.420154 277.157292 403.475115
97.050000 725.794794 531.669525 408.613494 330.158554 282.145884 252.033944 190.824541 136.078461 99.836783 702.533972 585.810718 460.299401 393.622662 277.303135 403.682516
97.100000 726.158562 531.939115 408.823289 330.330163 282.294087 252.167448 190.928103 136.155128 99.895544 702.886463 586.106590 460.534323 393.825165 277.448976 403.889913
97.150000 726.522323 532.208699 409.033080 330.501768 282.442287 252.300949 191.031662 136.231794 99.954304 703.238946 586.402454 460.769240 394.027664 277.594813 404.097306
97.200000 726.886075 532.478278 409.242866 330.673370 282.590484 252.434448 191.135219 136.308458 100.013063 703.591421 586.698312 461.004153 394.230159 277.740647 404.304694
97.250000 727.249820 532.747850 409.452648 330.844968 282.738678 252.567945 191.238775 136.385121 100.071821 703.943888 586.994164 461.239060 394.432650 277.886479 404.512078
97.300000 727.613556 533.017416 409.662425 331.016563 282.886869 252.701438 191.342329 136.461783 100.130579 704.296347 587.290008 461.473962 394.635136 278.032307 404.719457
97.350000 727.977284 533.286977 409.872198 331.188154 283.035057 252.834929 191.445880 136.538444 100.189335 704.648799 587.585847 461.708859 394.837618 278.178133 404.926832
97.400000 728.341004 533.556531 410.081967 331.359742 283.183242 252.968418 191.549430 136.615103 100.248091 705.001242 587.881679 461.943751 395.040095 278.323955 405.134202
97.450000 728.704715 533.826080 410.291730 331.531326 283.331424 253.101904 191.652978 136.691761 100.306846 705.353678 588.177504 462.178637 395.242569 278.469775 405.341568
97.500000 729.068419 534.095623 410.501490 331.702906 283.479603 253.235387 191.756524 136.768418 100.365600 705.706105 588.473323 462.413519 395.445038 278.615591 405.548930
97.550000 729.432114 534.365160 410.711245 331.874483 283.627779 253.368867 191.860068 136.845074 100.424353 706.058525 588.769135 462.648396 395.647503 278.761405 405.756287
97.600000 729.795801 534.634691 410.920995 332.046056 283.775952 253.502345 191.963610 136.921728 100.483106 706.410937 589.064941 462.883267 395.849963 278.907216 405.963640
97.650000 730.159480 534.904216 411.130741 332.217626 283.924122 253.635820 192.067150 136.998381 100.541857 706.763341 589.360740 463.118134 396.052419 279.053024 406.170988
97.700000 730.523151 535.173735 411.340483 332.389192 284.072289 253.769292 192.170688 137.075032 100.600608 707.115737 589.656533 463.352995 396.254871 279.198829 406.378332
97.750000 730.886814 535.443248 411.550220 332.560755 284.220453 253.902762 192.274224 137.151683 100.659357 707.468125 589.952319 463.587852 396.457319 279.344631 406.585672
97.800000 731.250468 535.712756 411.759953 332.732314 284.368614 254.036230 192.377759 137.228332 100.718106 707.820506 590.248099 463.822703 396.659762 279.490430 406.793007
97.850000 731.614115 535.982257 411.969681 332.903870 284.516772 254.169694 192.481291 137.304979 100.776854 708.172878 590.543872 464.057549 396.862201 279.636226 407.000338
97.900000 731.977753 536.251753 412.179405 333.075422 284.664927 254.303156 192.584821 137.381626 100.835601 708.525243 590.839638 464.292391 397.064636 279.782019 407.207664
97.950000 732.341384 536.521243 412.389124 333.246970 284.813079 254.436615 192.688350 137.458271 100.894348 708.877600 591.135399 464.527227 397.267066 279.927809 407.414986
98.000000 732.705006 536.790727 412.598839 333.418515 284.961228 254.570072 192.791877 137.534915 100.953093 709.229949 591.431152 464.762058 397.469492 280.073597 407.622304
98.050000 733.068620 537.060205 412.808549 333.590057 285.109374 254.703526 192.895401 137.611558 101.011838 709.582290 591.726900 464.996884 397.671914 280.219381 407.829617
98.100000 733.432226 537.329677 413.018255 333.761595 285.257517 254.836977 192.998924 137.688199 101.070582 709.934624 592.022640 465.231705 397.874332 280.365162 408.036926
98.150000 733.795824 537.599143 413.227957 333.933129 285.405658 254.970426 193.102445 137.764839 101.129324 710.286950 592.318375 465.466521 398.076745 280.510941 408.244230
98.200000 734.159414 537.868604 413.437654 334.104660 285.553795 255.103872 193.205964 137.841478 101.188066 710.639267 592.614102 465.701332 398.279154 280.656717 408.451530
98.250000 734.522996 538.138058 413.647346 334.276187 285.701929 255.237316 193.309481 137.918115 101.246808 710.991577 592.909824 465.936138 398.481559 280.802489 408.658826
98.300000 734.886569 538.407507 413.857035 334.447711 285.850060 255.370757 193.412996 137.994752 101.305548 711.343880 593.205538 466.170939 398.683960 280.948259 408.866117
98.350000 735.250135 538.676950 414.066718 334.619231 285.998189 255.504195 193.516509 138.071387 101.364287 711.696174 593.501247 466.405735 398.886356 281.094026 409.073404
98.400000 735.613693 538.946387 414.276398 334.790748 286.146314 255.637631 193.620020 138.148020 101.423026 712.048461 593.796949 466.640526 399.088748 281.239790 409.280687
98.450000 735.977242 539.215819 414.486073 334.962261 286.294436 255.771064 193.723530 138.224653 101.481764 712.400739 594.092644 466.875312 399.291136 281.385551 409.487965
98.500000 736.340784 539.485244 414.695743 335.133771 286.442556 255.904494 193.827037 138.301284 101.540501 712.753010 594.388333 467.110093 399.493520 281.531309 409.695239
98.550000 736.704317 539.754664 414.905410 335.305277 286.590672 256.037922 193.930543 138.377914 101.599237 713.105274 594.684016 467.344869 399.695899 281.677065 409.902508
98.600000 737.067842 540.024078 415.115071 335.476780 286.738786 256.171347 194.034047 138.454542 101.657972 713.457529 594.979692 467.579640 399.898275 281.822817 410.109773
98.650000 737.431360 540.293486 415.324729 335.648279 286.886896 256.304770 194.137548 138.531170 101.716706 713.809777 595.275362 467.814406 400.100645 281.968566 410.317034
98.700000 737.794869 540.562888 415.534382 335.819775 287.035004 256.438190 194.241048 138.607796 101.775440 714.162017 595.571025 468.049167 400.303012 282.114313 410.524291
98.750000 738.158370 540.832285 415.744030 335.991267 287.183108 256.571607 194.344546 138.684420 101.834172 714.514249 595.866682 468.283923 400.505375 282.260057 410.731543
98.800000 738.521864 541.101675 415.953674 336.162756 287.331210 256.705022 194.448042 138.761044 101.892904 714.866473 596.162332 468.518674 400.707733 282.405797 410.938791
98.850000 738.885349 541.371060 416.163314 336.334241 287.479309 256.838434 194.551536 138.837666 101.951635 715.218690 596.457976 468.753419 400.910087 282.551535 411.146034
98.900000 739.248826 541.640439 416.372949 336.505723 287.627404 256.971844 194.655028 138.914287 102.010365 715.570899 596.753614 468.988160 401.112437 282.697270 411.353273
98.950000 739.612295 541.909812 416.582580 336.677201 287.775497 257.105251 194.758519 138.990907 102.069094 715.923100 597.049245 469.222896 401.314782 282.843002 411.560508
99.000000 739.975757 542.179180 416.792207 336.848675 287.923587 257.238655 194.862007 139.067525 102.127823 716.275294 597.344870 469.457627 401.517123 282.988732 411.767738
99.050000 740.339210 542.448541 417.001829 337.020147 288.071674 257.372057 194.965494 139.144142 102.186550 716.627479 597.640488 469.692353 401.719461 283.134458 411.974964
99.100000 inf 542.717897 417.211447 337.191614 288.219758 257.505456 195.068978 139.220758 102.245277 716.979657 597.936100 469.927074 401.921793 283.280181 412.182186
99.150000 nan 542.987247 417.421060 337.363078 288.367839 257.638853 195.172461 139.297373 102.304003 717.331828 598.231706 470.161791 402.124122 283.425902 412.389403
99.200000 nan 543.256592 417.630669 337.534539 288.515917 257.772247 195.275942 139.373986 102.362728 717.683990 598.527305 470.396502 402.326447 283.571619 412.596617
99.250000 nan 543.525930 417.840274 337.705996 288.663992 257.905638 195.379421 139.450598 102.421452 718.036145 598.822898 470.631208 402.528767 283.717334 412.803825
99.300000 nan 543.795263 418.049874 337.877450 288.812065 258.039027 195.482898 139.527209 102.480175 718.388292 599.118484 470.865909 402.731083 283.863046 413.011030
