web/models/kne/17/Metzger_0.002920_0.159655_0.450000.dat
# %ECSV 0.9
# ---
# datatype:
# - {name: time, datatype: float64}
# - {name: sdss_u, datatype: float64}
# - {name: sdss_g, datatype: float64}
# - {name: sdss_r, datatype: float64}
# - {name: sdss_i, datatype: float64}
# - {name: sdss_z, datatype: float64}
# - {name: PS1_y, datatype: float64}
# - {name: ukirt_J, datatype: float64}
# - {name: ukirt_H, datatype: float64}
# - {name: ukirt_K, datatype: float64}
# - {name: johnson_U, datatype: float64}
# - {name: johnson_B, datatype: float64}
# - {name: johnson_V, datatype: float64}
# - {name: johnson_R, datatype: float64}
# - {name: johnson_I, datatype: float64}
# - {name: Clear, datatype: float64}
# meta: !!omap
# - comment: [vej = 0.1596551724137931, mej = 0.002919709587218229, Ye = 0.45, redshift = 0.0]
# schema: astropy-2.0
time sdss_u sdss_g sdss_r sdss_i sdss_z PS1_y ukirt_J ukirt_H ukirt_K johnson_U johnson_B johnson_V johnson_R johnson_I Clear
[from data line 1627]
81.450000 517.527731 377.194646 288.291681 231.647653 197.003769 175.287333 131.180468 91.795618 65.781425 500.708561 416.324862 325.625707 277.465708 193.510584 284.730540
81.500000 517.840184 377.426110 288.471724 231.794857 197.130846 175.401770 131.269155 91.861177 65.831586 501.011315 416.578925 325.827358 277.639480 193.635629 284.908520
81.550000 518.152627 377.657567 288.651762 231.942058 197.257919 175.516203 131.357840 91.926735 65.881746 501.314061 416.832982 326.029003 277.813248 193.760671 285.086496
81.600000 518.465063 377.889018 288.831796 232.089255 197.384990 175.630634 131.446523 91.992292 65.931905 501.616798 417.087032 326.230644 277.987011 193.885709 285.264467
81.650000 518.777489 378.120463 289.011825 232.236448 197.512057 175.745063 131.535204 92.057848 65.982063 501.919527 417.341076 326.432279 278.160770 194.010745 285.442434
81.700000 519.089908 378.351901 289.191849 232.383638 197.639122 175.859488 131.623884 92.123402 66.032221 502.222248 417.595112 326.633909 278.334524 194.135778 285.620396
81.750000 519.402317 378.583334 289.371869 232.530825 197.766183 175.973911 131.712561 92.188955 66.082378 502.524960 417.849142 326.835533 278.508274 194.260808 285.798354
81.800000 519.714718 378.814761 289.551884 232.678007 197.893241 176.088332 131.801237 92.254507 66.132535 502.827665 418.103165 327.037153 278.682020 194.385834 285.976307
81.850000 520.027111 379.046181 289.731895 232.825187 198.020297 176.202750 131.889911 92.320058 66.182690 503.130361 418.357181 327.238767 278.855761 194.510858 286.154255
81.900000 520.339495 379.277595 289.911900 232.972362 198.147349 176.317165 131.978582 92.385608 66.232845 503.433049 418.611190 327.440376 279.029498 194.635879 286.332199
81.950000 520.651870 379.509003 290.091902 233.119534 198.274398 176.431577 132.067252 92.451156 66.282999 503.735728 418.865192 327.641979 279.203231 194.760897 286.510139
82.000000 520.964237 379.740406 290.271899 233.266702 198.401445 176.545987 132.155921 92.516703 66.333153 504.038400 419.119188 327.843578 279.376959 194.885912 286.688074
82.050000 521.276596 379.971802 290.451891 233.413867 198.528488 176.660394 132.244587 92.582250 66.383305 504.341063 419.373177 328.045171 279.550683 195.010924 286.866004
82.100000 521.588946 380.203191 290.631879 233.561028 198.655529 176.774799 132.333251 92.647795 66.433458 504.643718 419.627159 328.246759 279.724402 195.135934 287.043930
82.150000 521.901287 380.434575 290.811862 233.708185 198.782566 176.889201 132.421914 92.713338 66.483609 504.946364 419.881135 328.448342 279.898117 195.260940 287.221852
82.200000 522.213620 380.665953 290.991840 233.855339 198.909600 177.003601 132.510575 92.778881 66.533759 505.249003 420.135103 328.649919 280.071828 195.385943 287.399769
82.250000 522.525945 380.897324 291.171814 234.002490 199.036632 177.117997 132.599233 92.844422 66.583909 505.551633 420.389065 328.851492 280.245534 195.510944 287.577681
82.300000 522.838261 381.128690 291.351784 234.149636 199.163660 177.232392 132.687890 92.909963 66.634058 505.854256 420.643021 329.053059 280.419236 195.635941 287.755589
82.350000 523.150568 381.360049 291.531749 234.296779 199.290685 177.346783 132.776546 92.975502 66.684207 506.156870 420.896969 329.254621 280.592933 195.760935 287.933493
82.400000 523.462868 381.591403 291.711709 234.443919 199.417708 177.461172 132.865199 93.041040 66.734355 506.459475 421.150911 329.456178 280.766626 195.885927 288.111392
82.450000 523.775158 381.822750 291.891665 234.591055 199.544727 177.575558 132.953850 93.106576 66.784502 506.762073 421.404846 329.657730 280.940315 196.010916 288.289286
82.500000 524.087440 382.054091 292.071616 234.738187 199.671743 177.689942 133.042500 93.172112 66.834648 507.064663 421.658774 329.859276 281.113999 196.135901 288.467176
82.550000 524.399714 382.285427 292.251562 234.885316 199.798757 177.804323 133.131147 93.237646 66.884793 507.367244 421.912695 330.060817 281.287679 196.260884 288.645062
82.600000 524.711980 382.516756 292.431505 235.032441 199.925767 177.918702 133.219793 93.303179 66.934938 507.669817 422.166610 330.262353 281.461355 196.385864 288.822943
82.650000 525.024237 382.748079 292.611442 235.179563 200.052775 178.033077 133.308437 93.368711 66.985082 507.972382 422.420518 330.463884 281.635026 196.510841 289.000820
82.700000 525.336485 382.979396 292.791375 235.326681 200.179779 178.147451 133.397079 93.434242 67.035226 508.274939 422.674420 330.665410 281.808693 196.635815 289.178692
82.750000 525.648725 383.210707 292.971304 235.473796 200.306781 178.261821 133.485720 93.499772 67.085368 508.577488 422.928314 330.866931 281.982356 196.760786 289.356559
82.800000 525.960957 383.442012 293.151228 235.620907 200.433779 178.376189 133.574358 93.565301 67.135510 508.880028 423.182202 331.068446 282.156014 196.885754 289.534422
82.850000 526.273180 383.673311 293.331147 235.768014 200.560775 178.490555 133.662995 93.630828 67.185652 509.182561 423.436084 331.269956 282.329668 197.010720 289.712281
82.900000 526.585395 383.904604 293.511062 235.915118 200.687767 178.604918 133.751630 93.696354 67.235792 509.485085 423.689958 331.471461 282.503317 197.135682 289.890135
82.950000 526.897601 384.135891 293.690973 236.062218 200.814757 178.719278 133.840262 93.761879 67.285932 509.787602 423.943826 331.672961 282.676963 197.260642 290.067985
83.000000 527.209799 384.367171 293.870879 236.209315 200.941744 178.833636 133.928894 93.827403 67.336071 510.090110 424.197687 331.874456 282.850604 197.385598 290.245831
83.050000 527.521989 384.598446 294.050780 236.356408 201.068727 178.947991 134.017523 93.892926 67.386210 510.392610 424.451542 332.075946 283.024240 197.510552 290.423671
83.100000 527.834171 384.829715 294.230677 236.503498 201.195708 179.062343 134.106150 93.958447 67.436347 510.695102 424.705390 332.277431 283.197872 197.635502 290.601508
83.150000 528.146344 385.060978 294.410569 236.650584 201.322686 179.176693 134.194776 94.023967 67.486484 510.997586 424.959231 332.478910 283.371500 197.760450 290.779340
83.200000 528.458508 385.292235 294.590457 236.797666 201.449661 179.291041 134.283399 94.089487 67.536620 511.300062 425.213066 332.680384 283.545124 197.885395 290.957167
83.250000 528.770664 385.523486 294.770341 236.944745 201.576633 179.405385 134.372021 94.155005 67.586756 511.602530 425.466893 332.881853 283.718743 198.010337 291.134991
83.300000 529.082812 385.754731 294.950220 237.091821 201.703601 179.519727 134.460641 94.220522 67.636891 511.904989 425.720715 333.083317 283.892358 198.135277 291.312809
83.350000 529.394952 385.985969 295.130094 237.238893 201.830567 179.634067 134.549260 94.286037 67.687025 512.207441 425.974529 333.284776 284.065969 198.260213 291.490624
83.400000 529.707083 386.217202 295.309964 237.385961 201.957530 179.748404 134.637876 94.351552 67.737158 512.509884 426.228337 333.486230 284.239575 198.385146 291.668433
83.450000 530.019206 386.448429 295.489829 237.533026 202.084490 179.862738 134.726490 94.417065 67.787291 512.812320 426.482139 333.687679 284.413177 198.510077 291.846239
83.500000 530.331321 386.679650 295.669690 237.680087 202.211448 179.977070 134.815103 94.482577 67.837423 513.114748 426.735933 333.889122 284.586775 198.635004 292.024040
83.550000 530.643427 386.910865 295.849547 237.827145 202.338402 180.091399 134.903714 94.548088 67.887554 513.417167 426.989722 334.090561 284.760369 198.759929 292.201836
83.600000 530.955525 387.142074 296.029399 237.974199 202.465353 180.205726 134.992323 94.613598 67.937685 513.719578 427.243503 334.291994 284.933958 198.884851 292.379628
83.650000 531.267614 387.373277 296.209246 238.121250 202.592301 180.320050 135.080930 94.679107 67.987814 514.021982 427.497278 334.493422 285.107543 199.009770 292.557416
83.700000 531.579696 387.604474 296.389089 238.268297 202.719247 180.434372 135.169536 94.744615 68.037943 514.324377 427.751046 334.694846 285.281123 199.134686 292.735199
83.750000 531.891769 387.835665 296.568928 238.415341 202.846189 180.548690 135.258139 94.810121 68.088072 514.626765 428.004808 334.896264 285.454700 199.259599 292.912978
83.800000 532.203834 388.066851 296.748762 238.562381 202.973128 180.663007 135.346741 94.875626 68.138199 514.929144 428.258563 335.097677 285.628272 199.384509 293.090753
83.850000 532.515890 388.298030 296.928592 238.709418 203.100065 180.777321 135.435341 94.941130 68.188326 515.231515 428.512311 335.299085 285.801839 199.509417 293.268523
83.900000 532.827938 388.529203 297.108417 238.856451 203.226999 180.891632 135.523939 95.006633 68.238453 515.533879 428.766053 335.500487 285.975403 199.634322 293.446289
83.950000 533.139978 388.760371 297.288238 239.003481 203.353929 181.005940 135.612535 95.072135 68.288578 515.836234 429.019788 335.701885 286.148962 199.759223 293.624050
84.000000 533.452010 388.991532 297.468054 239.150507 203.480857 181.120247 135.701130 95.137636 68.338703 516.138582 429.273517 335.903278 286.322517 199.884122 293.801807
84.050000 533.764033 389.222688 297.647866 239.297530 203.607782 181.234550 135.789722 95.203135 68.388827 516.440921 429.527239 336.104665 286.496068 200.009018 293.979559
84.100000 534.076048 389.453837 297.827673 239.444549 203.734704 181.348851 135.878313 95.268634 68.438950 516.743252 429.780955 336.306048 286.669614 200.133911 294.157308
84.150000 534.388055 389.684981 298.007476 239.591564 203.861623 181.463150 135.966902 95.334131 68.489073 517.045576 430.034664 336.507425 286.843156 200.258801 294.335051
84.200000 534.700054 389.916119 298.187275 239.738577 203.988539 181.577445 136.055489 95.399627 68.539195 517.347891 430.288366 336.708798 287.016694 200.383689 294.512791
84.250000 535.012044 390.147250 298.367069 239.885585 204.115452 181.691739 136.144075 95.465122 68.589316 517.650199 430.542062 336.910165 287.190228 200.508573 294.690526
84.300000 535.324027 390.378376 298.546859 240.032590 204.242362 181.806029 136.232658 95.530615 68.639437 517.952499 430.795751 337.111528 287.363757 200.633455 294.868256
84.350000 535.636001 390.609496 298.726644 240.179592 204.369270 181.920318 136.321240 95.596108 68.689557 518.254790 431.049434 337.312885 287.537282 200.758334 295.045983
84.400000 535.947966 390.840610 298.906425 240.326590 204.496174 182.034603 136.409820 95.661599 68.739676 518.557074 431.303110 337.514237 287.710803 200.883210 295.223705
84.450000 536.259924 391.071719 299.086201 240.473585 204.623076 182.148886 136.498398 95.727090 68.789794 518.859350 431.556780 337.715584 287.884320 201.008083 295.401422
84.500000 536.571873 391.302821 299.265973 240.620576 204.749974 182.263167 136.586974 95.792579 68.839912 519.161618 431.810443 337.916926 288.057832 201.132953 295.579135
84.550000 536.883815 391.533918 299.445740 240.767564 204.876870 182.377445 136.675549 95.858067 68.890029 519.463878 432.064099 338.118263 288.231340 201.257821 295.756844
84.600000 537.195748 391.765008 299.625504 240.914548 205.003763 182.491721 136.764121 95.923554 68.940145 519.766130 432.317749 338.319596 288.404844 201.382685 295.934548
84.650000 537.507672 391.996093 299.805262 241.061529 205.130652 182.605993 136.852692 95.989039 68.990261 520.068374 432.571393 338.520923 288.578344 201.507547 296.112249
84.700000 537.819589 392.227172 299.985017 241.208506 205.257539 182.720264 136.941261 96.054524 69.040376 520.370610 432.825030 338.722245 288.751839 201.632406 296.289944
84.750000 538.131497 392.458245 300.164767 241.355480 205.384424 182.834532 137.029829 96.120007 69.090490 520.672838 433.078660 338.923562 288.925330 201.757262 296.467636
84.800000 538.443398 392.689312 300.344512 241.502451 205.511305 182.948797 137.118394 96.185489 69.140603 520.975059 433.332284 339.124874 289.098817 201.882115 296.645323
84.850000 538.755290 392.920373 300.524253 241.649418 205.638183 183.063060 137.206958 96.250970 69.190716 521.277271 433.585902 339.326181 289.272300 202.006966 296.823005
84.900000 539.067174 393.151428 300.703990 241.796381 205.765058 183.177320 137.295520 96.316450 69.240828 521.579476 433.839513 339.527483 289.445779 202.131813 297.000684
84.950000 539.379049 393.382478 300.883722 241.943341 205.891931 183.291578 137.384080 96.381929 69.290939 521.881673 434.093117 339.728779 289.619253 202.256658 297.178358
85.000000 539.690917 393.613522 301.063450 242.090298 206.018801 183.405833 137.472638 96.447407 69.341050 522.183862 434.346715 339.930071 289.792723 202.381500 297.356028
85.050000 540.002777 393.844559 301.243174 242.237251 206.145667 183.520086 137.561194 96.512883 69.391160 522.486043 434.600307 340.131358 289.966189 202.506339 297.533693
85.100000 540.314628 394.075591 301.422893 242.384200 206.272531 183.634336 137.649749 96.578359 69.441269 522.788216 434.853892 340.332640 290.139651 202.631175 297.711354
85.150000 540.626471 394.306618 301.602608 242.531146 206.399392 183.748583 137.738302 96.643833 69.491378 523.090381 435.107471 340.533917 290.313108 202.756008 297.889011
85.200000 540.938306 394.537638 301.782318 242.678089 206.526250 183.862829 137.826853 96.709306 69.541485 523.392539 435.361043 340.735189 290.486562 202.880839 298.066663
85.250000 541.250133 394.768652 301.962024 242.825028 206.653105 183.977071 137.915402 96.774778 69.591593 523.694689 435.614608 340.936456 290.660011 203.005667 298.244311
85.300000 541.561952 394.999661 302.141726 242.971964 206.779958 184.091311 138.003950 96.840249 69.641699 523.996830 435.868168 341.137718 290.833456 203.130492 298.421955
85.350000 541.873763 395.230664 302.321423 243.118897 206.906807 184.205549 138.092495 96.905718 69.691805 524.298964 436.121720 341.338975 291.006896 203.255314 298.599595
85.400000 542.185566 395.461661 302.501116 243.265826 207.033654 184.319784 138.181039 96.971187 69.741910 524.601091 436.375267 341.540227 291.180333 203.380133 298.777230
85.450000 542.497361 395.692652 302.680804 243.412751 207.160498 184.434016 138.269581 97.036654 69.792014 524.903209 436.628806 341.741474 291.353765 203.504949 298.954861
85.500000 542.809147 395.923638 302.860489 243.559673 207.287338 184.548246 138.358121 97.102120 69.842117 525.205320 436.882340 341.942717 291.527193 203.629763 299.132487
85.550000 543.120926 396.154617 303.040168 243.706592 207.414176 184.662474 138.446660 97.167586 69.892220 525.507422 437.135867 342.143954 291.700617 203.754574 299.310109
85.600000 543.432696 396.385591 303.219844 243.853507 207.541012 184.776699 138.535197 97.233049 69.942322 525.809517 437.389387 342.345186 291.874037 203.879382 299.487727
85.650000 543.744458 396.616559 303.399515 244.000419 207.667844 184.890921 138.623732 97.298512 69.992424 526.111604 437.642901 342.546413 292.047453 204.004187 299.665341
85.700000 544.056212 396.847521 303.579182 244.147327 207.794673 185.005141 138.712265 97.363974 70.042525 526.413684 437.896409 342.747635 292.220864 204.128990 299.842950
85.750000 544.367959 397.078478 303.758844 244.294232 207.921500 185.119358 138.800796 97.429435 70.092625 526.715755 438.149910 342.948853 292.394272 204.253789 300.020556
85.800000 544.679697 397.309428 303.938502 244.441134 208.048323 185.233573 138.889326 97.494894 70.142724 527.017819 438.403405 343.150065 292.567675 204.378586 300.198156
85.850000 544.991427 397.540373 304.118156 244.588032 208.175144 185.347786 138.977854 97.560352 70.192822 527.319875 438.656893 343.351272 292.741074 204.503380 300.375753
85.900000 545.303149 397.771312 304.297805 244.734926 208.301962 185.461996 139.066380 97.625809 70.242920 527.621923 438.910375 343.552475 292.914468 204.628171 300.553345
85.950000 545.614863 398.002246 304.477450 244.881818 208.428777 185.576203 139.154904 97.691265 70.293018 527.923964 439.163851 343.753673 293.087859 204.752960 300.730933
