web/models/kne/17/Metzger_0.403554_0.030000_0.100000.dat
# %ECSV 0.9
# ---
# datatype:
# - {name: time, datatype: float64}
# - {name: sdss_u, datatype: float64}
# - {name: sdss_g, datatype: float64}
# - {name: sdss_r, datatype: float64}
# - {name: sdss_i, datatype: float64}
# - {name: sdss_z, datatype: float64}
# - {name: PS1_y, datatype: float64}
# - {name: ukirt_J, datatype: float64}
# - {name: ukirt_H, datatype: float64}
# - {name: ukirt_K, datatype: float64}
# - {name: johnson_U, datatype: float64}
# - {name: johnson_B, datatype: float64}
# - {name: johnson_V, datatype: float64}
# - {name: johnson_R, datatype: float64}
# - {name: johnson_I, datatype: float64}
# - {name: Clear, datatype: float64}
# meta: !!omap
# - comment: [vej = 0.03, mej = 0.4035543872905491, Ye = 0.1, redshift = 0.0]
# schema: astropy-2.0
time sdss_u sdss_g sdss_r sdss_i sdss_z PS1_y ukirt_J ukirt_H ukirt_K johnson_U johnson_B johnson_V johnson_R johnson_I Clear
[from data line 593]
29.750000 18.575834 7.931568 1.369020 -2.690579 -5.103343 -6.578865 -9.452835 -11.803089 -13.160653 17.286990 10.871469 4.101764 0.584200 -5.342835 1.110447
29.800000 18.622379 7.965159 1.394386 -2.670466 -5.086450 -6.563994 -9.442082 -11.796034 -13.156053 17.331984 10.908675 4.130586 0.608563 -5.326267 1.135483
29.850000 18.668920 7.998747 1.419751 -2.650352 -5.069555 -6.549120 -9.431326 -11.788976 -13.151450 17.376973 10.945878 4.159407 0.632926 -5.309697 1.160519
29.900000 18.715455 8.032334 1.445117 -2.630237 -5.052658 -6.534245 -9.420567 -11.781914 -13.146842 17.421958 10.983078 4.188227 0.657288 -5.293125 1.185554
29.950000 18.761986 8.065919 1.470482 -2.610121 -5.035760 -6.519367 -9.409806 -11.774847 -13.142230 17.466939 11.020276 4.217046 0.681651 -5.276552 1.210590
30.000000 18.411238 7.815708 1.284102 -2.755736 -5.156389 -6.624304 -9.482780 -11.819123 -13.167449 17.128230 10.742009 4.003843 0.503056 -5.394658 1.026770
30.050000 18.457273 7.848927 1.309186 -2.735849 -5.139686 -6.609602 -9.472152 -11.812153 -13.162908 17.172730 10.778805 4.032345 0.527147 -5.378277 1.051527
30.100000 18.503303 7.882145 1.334269 -2.715961 -5.122982 -6.594898 -9.461521 -11.805179 -13.158363 17.217226 10.815598 4.060847 0.551238 -5.361895 1.076284
30.150000 18.549329 7.915361 1.359352 -2.696071 -5.106277 -6.580191 -9.450887 -11.798202 -13.153813 17.261718 10.852389 4.089348 0.575329 -5.345510 1.101041
30.200000 18.595350 7.948576 1.384435 -2.676181 -5.089569 -6.565483 -9.440250 -11.791221 -13.149259 17.306205 10.889177 4.117848 0.599421 -5.329124 1.125798
30.250000 18.641367 7.981788 1.409518 -2.656290 -5.072860 -6.550772 -9.429610 -11.784236 -13.144701 17.350689 10.925963 4.146347 0.623513 -5.312736 1.150555
30.300000 18.687380 8.014999 1.434601 -2.636397 -5.056149 -6.536059 -9.418967 -11.777247 -13.140139 17.395169 10.962746 4.174846 0.647605 -5.296346 1.175312
30.350000 18.733388 8.048209 1.459685 -2.616503 -5.039436 -6.521344 -9.408321 -11.770255 -13.135573 17.439645 10.999527 4.203344 0.671697 -5.279955 1.200070
30.400000 18.779393 8.081417 1.484768 -2.596609 -5.022722 -6.506626 -9.397672 -11.763259 -13.131003 17.484117 11.036306 4.231841 0.695789 -5.263561 1.224827
30.450000 18.825393 8.114623 1.509851 -2.576713 -5.006005 -6.491907 -9.387020 -11.756259 -13.126428 17.528585 11.073082 4.260338 0.719882 -5.247166 1.249585
30.500000 18.871389 8.147828 1.534935 -2.556816 -4.989287 -6.477185 -9.376365 -11.749255 -13.121849 17.573049 11.109857 4.288834 0.743975 -5.230769 1.274342
30.550000 18.917381 8.181031 1.560018 -2.536918 -4.972568 -6.462462 -9.365707 -11.742248 -13.117267 17.617509 11.146629 4.317330 0.768069 -5.214370 1.299100
30.600000 18.963368 8.214232 1.585102 -2.517018 -4.955846 -6.447736 -9.355047 -11.735237 -13.112680 17.661966 11.183398 4.345825 0.792162 -5.197969 1.323858
30.650000 19.009352 8.247433 1.610186 -2.497118 -4.939123 -6.433007 -9.344383 -11.728223 -13.108088 17.706419 11.220166 4.374319 0.816256 -5.181567 1.348616
30.700000 19.055332 8.280631 1.635270 -2.477216 -4.922398 -6.418277 -9.333716 -11.721204 -13.103493 17.750868 11.256931 4.402813 0.840351 -5.165162 1.373375
30.750000 19.101308 8.313829 1.660354 -2.457314 -4.905671 -6.403544 -9.323046 -11.714182 -13.098894 17.795314 11.293695 4.431307 0.864445 -5.148756 1.398134
30.800000 19.147280 8.347025 1.685438 -2.437410 -4.888942 -6.388810 -9.312373 -11.707157 -13.094290 17.839756 11.330456 4.459800 0.888540 -5.132347 1.422893
30.850000 19.193249 8.380219 1.710522 -2.417504 -4.872211 -6.374073 -9.301697 -11.700127 -13.089683 17.884195 11.367215 4.488292 0.912636 -5.115937 1.447652
30.900000 19.239213 8.413413 1.735607 -2.397598 -4.855479 -6.359333 -9.291019 -11.693094 -13.085071 17.928630 11.403972 4.516785 0.936732 -5.099525 1.472411
30.950000 19.285174 8.446605 1.760692 -2.377690 -4.838745 -6.344592 -9.280337 -11.686058 -13.080456 17.973062 11.440727 4.545276 0.960828 -5.083111 1.497171
31.000000 19.331131 8.479795 1.785777 -2.357781 -4.822008 -6.329848 -9.269652 -11.679017 -13.075836 18.017490 11.477481 4.573768 0.984925 -5.066696 1.521931
31.050000 19.377085 8.512985 1.810863 -2.337871 -4.805270 -6.315103 -9.258964 -11.671973 -13.071212 18.061915 11.514232 4.602259 1.009022 -5.050278 1.546692
31.100000 19.423035 8.546173 1.835949 -2.317960 -4.788531 -6.300355 -9.248274 -11.664926 -13.066584 18.106337 11.550981 4.630749 1.033120 -5.033858 1.571453
31.150000 19.468981 8.579360 1.861035 -2.298047 -4.771789 -6.285604 -9.237580 -11.657874 -13.061952 18.150755 11.587729 4.659239 1.057218 -5.017437 1.596214
31.200000 19.514924 8.612546 1.886121 -2.278133 -4.755046 -6.270852 -9.226883 -11.650819 -13.057316 18.195170 11.624475 4.687729 1.081317 -5.001013 1.620975
31.250000 19.560863 8.645731 1.911208 -2.258218 -4.738300 -6.256097 -9.216183 -11.643761 -13.052676 18.239582 11.661219 4.716219 1.105416 -4.984588 1.645737
31.300000 19.606799 8.678914 1.936295 -2.238302 -4.721553 -6.241340 -9.205481 -11.636699 -13.048032 18.283991 11.697961 4.744709 1.129516 -4.968161 1.670500
31.350000 19.652731 8.712097 1.961383 -2.218384 -4.704804 -6.226581 -9.194775 -11.629633 -13.043384 18.328397 11.734701 4.773198 1.153616 -4.951731 1.695262
31.400000 19.698660 8.745278 1.986471 -2.198465 -4.688053 -6.211819 -9.184067 -11.622563 -13.038732 18.372799 11.771440 4.801687 1.177717 -4.935300 1.720026
31.450000 19.744586 8.778459 2.011559 -2.178544 -4.671300 -6.197056 -9.173355 -11.615490 -13.034076 18.417199 11.808177 4.830176 1.201819 -4.918867 1.744789
31.500000 19.383077 8.520309 1.819032 -2.329162 -4.796230 -6.305855 -9.249293 -11.661922 -13.060908 18.068067 11.521184 4.610073 1.017295 -5.041204 1.554895
31.550000 19.428517 8.553131 1.843844 -2.309466 -4.779670 -6.291263 -9.238713 -11.654944 -13.056322 18.111996 11.557528 4.638251 1.041130 -5.024960 1.579386
31.600000 19.473953 8.585953 1.868657 -2.289768 -4.763107 -6.276670 -9.228130 -11.647962 -13.051732 18.155922 11.593870 4.666429 1.064965 -5.008714 1.603877
31.650000 19.519387 8.618774 1.893470 -2.270069 -4.746543 -6.262074 -9.217544 -11.640976 -13.047139 18.199845 11.630210 4.694607 1.088802 -4.992466 1.628369
31.700000 19.564817 8.651594 1.918283 -2.250369 -4.729977 -6.247476 -9.206955 -11.633987 -13.042541 18.243765 11.666549 4.722785 1.112639 -4.976217 1.652861
31.750000 19.610245 8.684413 1.943097 -2.230667 -4.713408 -6.232875 -9.196363 -11.626995 -13.037939 18.287683 11.702887 4.750963 1.136477 -4.959965 1.677354
31.800000 19.655669 8.717231 1.967912 -2.210964 -4.696838 -6.218272 -9.185768 -11.619999 -13.033333 18.331598 11.739223 4.779141 1.160316 -4.943711 1.701848
31.850000 19.701091 8.750049 1.992727 -2.191259 -4.680266 -6.203667 -9.175170 -11.612999 -13.028724 18.375510 11.775558 4.807319 1.184155 -4.927454 1.726342
31.900000 19.746510 8.782866 2.017543 -2.171553 -4.663692 -6.189060 -9.164570 -11.605996 -13.024110 18.419420 11.811891 4.835497 1.207995 -4.911196 1.750837
31.950000 19.791926 8.815682 2.042359 -2.151846 -4.647115 -6.174450 -9.153966 -11.598989 -13.019493 18.463327 11.848223 4.863675 1.231836 -4.894936 1.775332
32.000000 19.837339 8.848497 2.067176 -2.132136 -4.630537 -6.159838 -9.143359 -11.591978 -13.014871 18.507231 11.884554 4.891853 1.255678 -4.878674 1.799828
32.050000 19.882749 8.881312 2.091994 -2.112426 -4.613957 -6.145224 -9.132749 -11.584964 -13.010246 18.551134 11.920884 4.920031 1.279520 -4.862410 1.824325
32.100000 19.928157 8.914126 2.116812 -2.092714 -4.597375 -6.130607 -9.122136 -11.577947 -13.005617 18.595033 11.957212 4.948210 1.303363 -4.846144 1.848823
32.150000 19.973562 8.946940 2.141631 -2.073000 -4.580790 -6.115988 -9.111520 -11.570925 -13.000984 18.638930 11.993540 4.976388 1.327207 -4.829875 1.873321
32.200000 20.018964 8.979753 2.166451 -2.053285 -4.564204 -6.101366 -9.100902 -11.563901 -12.996347 18.682825 12.029866 5.004567 1.351052 -4.813605 1.897821
32.250000 20.064364 9.012565 2.191271 -2.033568 -4.547616 -6.086743 -9.090280 -11.556872 -12.991706 18.726717 12.066191 5.032746 1.374898 -4.797332 1.922320
32.300000 20.109761 9.045377 2.216093 -2.013850 -4.531025 -6.072117 -9.079655 -11.549841 -12.987061 18.770607 12.102514 5.060925 1.398745 -4.781058 1.946821
32.350000 20.155156 9.078188 2.240915 -1.994131 -4.514433 -6.057488 -9.069027 -11.542805 -12.982412 18.814495 12.138837 5.089104 1.422593 -4.764781 1.971323
32.400000 20.200548 9.110999 2.265737 -1.974409 -4.497839 -6.042857 -9.058396 -11.535766 -12.977759 18.858381 12.175159 5.117283 1.446441 -4.748502 1.995825
32.450000 20.245938 9.143809 2.290561 -1.954686 -4.481242 -6.028224 -9.047763 -11.528724 -12.973103 18.902264 12.211479 5.145463 1.470291 -4.732221 2.020328
32.500000 20.291325 9.176619 2.315385 -1.934962 -4.464644 -6.013589 -9.037126 -11.521678 -12.968443 18.946145 12.247799 5.173643 1.494141 -4.715938 2.044832
32.550000 20.336710 9.209428 2.340210 -1.915236 -4.448043 -5.998951 -9.026486 -11.514628 -12.963778 18.990024 12.284117 5.201823 1.517992 -4.699653 2.069336
32.600000 20.382092 9.242237 2.365035 -1.895508 -4.431440 -5.984310 -9.015844 -11.507575 -12.959110 19.033901 12.320435 5.230003 1.541844 -4.683366 2.093842
32.650000 20.427473 9.275045 2.389862 -1.875779 -4.414835 -5.969668 -9.005198 -11.500519 -12.954438 19.077776 12.356752 5.258184 1.565698 -4.667077 2.118349
32.700000 20.472851 9.307854 2.414690 -1.856048 -4.398229 -5.955023 -8.994549 -11.493459 -12.949763 19.121649 12.393068 5.286365 1.589552 -4.650785 2.142856
32.750000 20.518227 9.340661 2.439518 -1.836316 -4.381620 -5.940375 -8.983898 -11.486395 -12.945083 19.165520 12.429383 5.314547 1.613407 -4.634491 2.167364
32.800000 20.563600 9.373469 2.464347 -1.816582 -4.365009 -5.925725 -8.973243 -11.479328 -12.940400 19.209388 12.465697 5.342729 1.637263 -4.618196 2.191873
32.850000 20.608972 9.406276 2.489177 -1.796846 -4.348395 -5.911073 -8.962585 -11.472257 -12.935712 19.253255 12.502010 5.370911 1.661121 -4.601898 2.216383
32.900000 20.654341 9.439083 2.514008 -1.777109 -4.331780 -5.896419 -8.951925 -11.465183 -12.931021 19.297120 12.538323 5.399094 1.684979 -4.585598 2.240895
32.950000 20.699708 9.471890 2.538840 -1.757370 -4.315163 -5.881762 -8.941261 -11.458106 -12.926327 19.340983 12.574635 5.427277 1.708838 -4.569295 2.265407
33.000000 20.745074 9.504696 2.563673 -1.737629 -4.298543 -5.867102 -8.930595 -11.451024 -12.921628 19.384845 12.610946 5.455460 1.732699 -4.552991 2.289920
33.050000 20.790437 9.537503 2.588507 -1.717887 -4.281922 -5.852440 -8.919925 -11.443940 -12.916926 19.428704 12.647256 5.483644 1.756560 -4.536684 2.314434
33.100000 20.417579 9.270976 2.389490 -1.873789 -4.411398 -5.965321 -8.999000 -11.492657 -12.945472 19.068579 12.351057 5.256259 1.565777 -4.663493 2.118125
33.150000 20.462465 9.303431 2.414053 -1.854267 -4.394965 -5.950829 -8.988460 -11.485667 -12.940840 19.111977 12.386981 5.284138 1.589377 -4.647372 2.142371
33.200000 20.507350 9.335886 2.438617 -1.834743 -4.378531 -5.936334 -8.977917 -11.478672 -12.936203 19.155374 12.422905 5.312018 1.612978 -4.631249 2.166618
33.250000 20.552234 9.368342 2.463181 -1.815218 -4.362094 -5.921837 -8.967371 -11.471674 -12.931563 19.198769 12.458829 5.339898 1.636581 -4.615124 2.190866
33.300000 20.597115 9.400797 2.487747 -1.795691 -4.345655 -5.907337 -8.956822 -11.464673 -12.926918 19.242162 12.494751 5.367779 1.660184 -4.598997 2.215116
33.350000 20.641995 9.433252 2.512314 -1.776162 -4.329214 -5.892835 -8.946270 -11.457668 -12.922271 19.285554 12.530674 5.395661 1.683789 -4.582868 2.239366
33.400000 20.686873 9.465707 2.536882 -1.756631 -4.312770 -5.878331 -8.935715 -11.450660 -12.917619 19.328945 12.566596 5.423543 1.707395 -4.566736 2.263618
33.450000 20.731750 9.498163 2.561451 -1.737098 -4.296325 -5.863824 -8.925157 -11.443648 -12.912963 19.372334 12.602517 5.451426 1.731003 -4.550602 2.287870
33.500000 20.776624 9.530618 2.586021 -1.717564 -4.279877 -5.849314 -8.914596 -11.436633 -12.908304 19.415722 12.638438 5.479310 1.754611 -4.534466 2.312124
33.550000 20.821498 9.563074 2.610592 -1.698027 -4.263427 -5.834802 -8.904032 -11.429614 -12.903641 19.459108 12.674359 5.507194 1.778221 -4.518327 2.336379
33.600000 20.866370 9.595529 2.635164 -1.678489 -4.246974 -5.820288 -8.893465 -11.422592 -12.898975 19.502493 12.710279 5.535079 1.801832 -4.502186 2.360635
33.650000 20.911240 9.627985 2.659738 -1.658950 -4.230520 -5.805771 -8.882895 -11.415566 -12.894304 19.545876 12.746199 5.562965 1.825444 -4.486043 2.384893
33.700000 20.956108 9.660441 2.684313 -1.639408 -4.214063 -5.791251 -8.872322 -11.408537 -12.889630 19.589258 12.782119 5.590852 1.849058 -4.469898 2.409151
33.750000 21.000976 9.692896 2.708889 -1.619864 -4.197604 -5.776729 -8.861747 -11.401505 -12.884953 19.632640 12.818038 5.618739 1.872673 -4.453750 2.433411
33.800000 21.045842 9.725353 2.733466 -1.600319 -4.181143 -5.762205 -8.851168 -11.394469 -12.880271 19.676019 12.853957 5.646627 1.896289 -4.437600 2.457672
33.850000 21.090706 9.757809 2.758044 -1.580772 -4.164680 -5.747678 -8.840586 -11.387430 -12.875586 19.719398 12.889876 5.674516 1.919907 -4.421448 2.481935
33.900000 21.135569 9.790266 2.782624 -1.561223 -4.148214 -5.733149 -8.830001 -11.380387 -12.870897 19.762776 12.925795 5.702406 1.943526 -4.405294 2.506198
33.950000 21.180431 9.822722 2.807204 -1.541672 -4.131746 -5.718617 -8.819413 -11.373341 -12.866204 19.806152 12.961714 5.730296 1.967146 -4.389137 2.530463
34.000000 21.225292 9.855180 2.831786 -1.522119 -4.115276 -5.704083 -8.808822 -11.366291 -12.861508 19.849527 12.997632 5.758187 1.990768 -4.372978 2.554729
34.050000 21.270151 9.887637 2.856370 -1.502564 -4.098803 -5.689546 -8.798228 -11.359238 -12.856808 19.892902 13.033550 5.786080 2.014391 -4.356817 2.578997
34.100000 21.315010 9.920095 2.880954 -1.483008 -4.082328 -5.675006 -8.787631 -11.352181 -12.852104 19.936275 13.069468 5.813973 2.038015 -4.340653 2.603266
34.150000 21.359867 9.952553 2.905540 -1.463449 -4.065851 -5.660464 -8.777031 -11.345121 -12.847397 19.979647 13.105387 5.841867 2.061641 -4.324487 2.627536
34.200000 21.404723 9.985011 2.930127 -1.443889 -4.049372 -5.645920 -8.766429 -11.338058 -12.842686 20.023018 13.141305 5.869761 2.085269 -4.308319 2.651807
34.250000 21.449577 10.017470 2.954716 -1.424326 -4.032890 -5.631373 -8.755823 -11.330991 -12.837972 20.066389 13.177223 5.897657 2.108897 -4.292148 2.676080
34.300000 21.494431 10.049929 2.979306 -1.404762 -4.016406 -5.616824 -8.745214 -11.323921 -12.833253 20.109758 13.213141 5.925554 2.132527 -4.275975 2.700354
34.350000 21.539284 10.082389 3.003897 -1.385196 -3.999920 -5.602271 -8.734602 -11.316848 -12.828531 20.153127 13.249059 5.953452 2.156159 -4.259800 2.724630
34.400000 21.584136 10.114849 3.028490 -1.365627 -3.983432 -5.587717 -8.723987 -11.309771 -12.823806 20.196495 13.284977 5.981350 2.179792 -4.243622 2.748907
34.450000 21.628986 10.147310 3.053083 -1.346057 -3.966941 -5.573160 -8.713369 -11.302690 -12.819077 20.239862 13.320895 6.009250 2.203427 -4.227442 2.773185
34.500000 21.673836 10.179771 3.077679 -1.326485 -3.950448 -5.558600 -8.702749 -11.295606 -12.814344 20.283228 13.356813 6.037151 2.227063 -4.211260 2.797465
34.550000 21.718685 10.212232 3.102276 -1.306911 -3.933952 -5.544038 -8.692125 -11.288519 -12.809607 20.326594 13.392731 6.065053 2.250701 -4.195075 2.821747
34.600000 21.763533 10.244694 3.126874 -1.287335 -3.917454 -5.529473 -8.681498 -11.281429 -12.804867 20.369958 13.428650 6.092955 2.274340 -4.178888 2.846029
34.650000 21.808381 10.277157 3.151473 -1.267757 -3.900954 -5.514906 -8.670868 -11.274335 -12.800123 20.413323 13.464568 6.120859 2.297981 -4.162698 2.870314
34.700000 21.853227 10.309620 3.176074 -1.248177 -3.884451 -5.500336 -8.660235 -11.267238 -12.795376 20.456686 13.500487 6.148764 2.321623 -4.146507 2.894599
34.750000 21.468919 10.034639 2.970506 -1.409417 -4.018521 -5.617343 -8.742483 -11.318272 -12.825664 20.085470 13.194998 5.914027 2.124519 -4.277833 2.691815
