web/models/kne/17/mosfit_kn_0.014776_0.4843_3.6500.dat
# %ECSV 1.0
# ---
# datatype:
# - {name: time, datatype: float64}
# - {name: PS1_g, datatype: float64}
# - {name: PS1_i, datatype: float64}
# - {name: PS1_r, datatype: float64}
# - {name: PS1_w, datatype: float64}
# - {name: PS1_y, datatype: float64}
# - {name: PS1_z, datatype: float64}
# - {name: swift_uvot_B, datatype: float64}
# - {name: swift_uvot_U, datatype: float64}
# - {name: swift_uvot_uvm2, datatype: float64}
# - {name: swift_uvot_uvw1, datatype: float64}
# - {name: swift_uvot_uvw2, datatype: float64}
# - {name: swift_uvot_V, datatype: float64}
# - {name: johnson_B, datatype: float64}
# - {name: johnson_I, datatype: float64}
# - {name: johnson_R, datatype: float64}
# - {name: johnson_U, datatype: float64}
# - {name: johnson_V, datatype: float64}
# - {name: sdss_g, datatype: float64}
# - {name: sdss_i, datatype: float64}
# - {name: sdss_r, datatype: float64}
# - {name: sdss_u, datatype: float64}
# - {name: sdss_z, datatype: float64}
# - {name: ATLAS_c, datatype: float64}
# - {name: ATLAS_o, datatype: float64}
# - {name: ukirt_H, datatype: float64}
# - {name: ukirt_J, datatype: float64}
# - {name: ukirt_K, datatype: float64}
# - {name: Clear, datatype: float64}
# meta: !!omap
# - comment: [kappa = 3.65, type = rprocess, mass = 0.014775890654408853, velocity = 0.48433333333333334, theta_obs = 0.0, tfloor = 1000.0]
# schema: astropy-2.0
time PS1_g PS1_i PS1_r PS1_w PS1_y PS1_z swift_uvot_B swift_uvot_U swift_uvot_uvm2 swift_uvot_uvw1 swift_uvot_uvw2 swift_uvot_V johnson_B johnson_I johnson_R johnson_U johnson_V sdss_g sdss_i sdss_r sdss_u sdss_z ATLAS_c ATLAS_o ukirt_H ukirt_J ukirt_K Clear
[from data line 174]
10.521042084168336 9.08898214457695 0.20715333137765413 3.682224109415504 1.7143002979115174 -3.316036717147597 -1.8983607523004764 12.628888721141436 19.28783281903634 33.17642812306552 15.253415351110906 17.766431857590558 7.048498837447734 11.424951404175228 -1.3463599750442787 1.6236727916807034 18.256831639784597 6.093476502278981 9.901522245891385 0.2884092834906582 3.910712768911946 19.788938349211165 -2.4717883643224603 5.6613006791581455 1.2088881545483687 -8.265024095063092 -6.1155347995734015 -9.625312775536264 -0.571593745849821
10.581162324649299 9.105164162127686 0.22333534892840845 3.6984061269662405 1.7304823154622717 -3.2998546995968603 -1.882178734749722 12.645070738692173 19.304014836587086 33.19261014061626 15.269597368661643 17.782613875141294 7.06468085499847 11.441133421725983 -1.3301779574935422 1.6398548092314578 18.273013657335333 6.1096585198297175 9.91770426344214 0.30459130104139476 3.9268947864626824 19.80512036676192 -2.4556063467717237 5.6774826967089 1.2250701720991053 -8.248842077512355 -6.099352782022665 -9.609130757985527 -0.5554117282990845
10.64128256513026 9.121279400305102 0.239450587105825 3.714521365143675 1.7465975536396883 -3.283739461419426 -1.8660634965723055 12.66118597686959 19.32013007476451 33.20872537879368 15.28571260683906 17.79872911331871 7.080796093175905 11.4572486599034 -1.3140627193161256 1.6559700474088743 18.289128895512768 6.125773758007152 9.933819501619556 0.3207065392188291 3.943010024640099 19.821235604939336 -2.4394911085942894 5.693597934886316 1.2411854102765218 -8.232726839334921 -6.083237543845231 -9.593015519808093 -0.5392964901216502
10.701402805611222 9.137332665721196 0.2555038525219011 3.730574630559751 1.7626508190557644 -3.26768619600335 -1.8500102311562294 12.677239242285665 19.336183340180586 33.22477864420977 15.301765872255153 17.814782378734787 7.096849358591981 11.473301925319475 -1.2980094539000495 1.6720233128249504 18.305182160928844 6.141827023423228 9.949872767035632 0.3367598046349052 3.959063290056193 19.83728887035541 -2.4234378431782133 5.7096512003023925 1.2572386756926157 -8.216673573918845 -6.0671842784291545 -9.576962254392017 -0.523243224705574
10.761523046092185 9.153325265929073 0.27149645272979583 3.746567230767628 1.7786434192636413 -3.251693595795473 -1.8340176309483347 12.69323184249356 19.35217594038847 33.240771244417644 15.31775847246303 17.83077497894268 7.112841958799858 11.48929452552737 -1.2820168536921548 1.6880159130328274 18.32117476113672 6.157819623631105 9.96586536724351 0.35275240484278214 3.97505589026407 19.85328147056329 -2.4074452429703364 5.725643800510269 1.2732312759004927 -8.200680973710968 -6.051191678221278 -9.56096965418414 -0.5072506244976971
10.821643286573146 9.16925846648681 0.287429653287532 3.762500431325364 1.7945766198213775 -3.2357603952377367 -1.8180844303905985 12.709165043051296 19.36810914094621 33.25670444497538 15.333691673020766 17.846708179500418 7.128775159357594 11.505227726085106 -1.2660836531344186 1.7039491135905813 18.337107961694457 6.173752824188841 9.981798567801246 0.3686856054005183 3.990989090821806 19.869214671121025 -2.3915120424126 5.741577001068006 1.2891644764582288 -8.184747773153232 -6.035258477663541 -9.545036453626404 -0.4913174239399609
10.881763527054108 9.185133417176168 0.30330460397687276 3.7783753820147226 1.810451570510736 -3.219885444548378 -1.8022094797012578 12.725039993740637 19.383984091635558 33.27257939566473 15.349566623710107 17.86258313018976 7.144650110046952 11.521102676774447 -1.2502087024450779 1.719824064279922 18.352982912383816 6.1896277748782 9.997673518490604 0.3845605560898768 4.006864041511147 19.885089621810383 -2.3756370917232417 5.757451951757364 1.3050394271475874 -8.168872822463873 -6.019383526974183 -9.529161502937045 -0.4754424732506024
10.941883767535069 9.200951291344861 0.3191224781455837 3.7941932561834157 1.826269444679447 -3.204067570379685 -1.7863916055325468 12.740857867909348 19.399801965804258 33.28839726983344 15.365384497878818 17.87840100435847 7.160467984215646 11.536920550943158 -1.234390828276367 1.735641938448633 18.36880078655251 6.2054456490469105 10.013491392659315 0.40037843025857 4.022681915679858 19.900907495979094 -2.3598192175545485 5.773269825926075 1.3208573013162805 -8.15305494829518 -6.00356565280549 -9.513343628768352 -0.4596245990819092
11.002004008016032 9.216713275910422 0.33488446271112693 3.8099552407489767 1.8420314292449902 -3.188305585814124 -1.7706296209670036 12.756619852474891 19.415563950369812 33.30415925439898 15.381146482444361 17.894162988924013 7.176229968781207 11.552682535508701 -1.2186288437108237 1.7514039230141762 18.38456277111807 6.221207633612454 10.029253377224858 0.416140414824131 4.038443900245401 19.916669480544638 -2.3440572329889875 5.789031810491618 1.3366192858818238 -8.13729296372962 -5.987803668239929 -9.497581644202791 -0.44386261451634823
11.062124248496994 9.232420487794304 0.3505916745950266 3.8256624526328586 1.8577386411288899 -3.172598373930242 -1.754922409083104 12.772327064358791 19.4312711622537 33.319866466282875 15.39685369432826 17.909870200807912 7.1919371806650885 11.568389747392601 -1.202921631826924 1.767111134898076 18.40026998300195 6.236914845496336 10.04496058910874 0.4318476267080129 4.054151112129301 19.932376692428537 -2.3283500211051056 5.8047390223755 1.3523264977657234 -8.121585751845737 -5.972096456356047 -9.481874432318909 -0.4281554026324663
11.122244488977955 9.24807394535522 0.36624513215594234 3.8413159101937744 1.8733920986898056 -3.1569449163693264 -1.7392689515221882 12.787980521919707 19.446924619814617 33.3355199238438 15.412507151889177 17.925523658368828 7.207590638226004 11.584043204953517 -1.1872681742660083 1.7827645924589917 18.415923440562867 6.252568303057251 10.060614046669674 0.44750108426892865 4.069804569690216 19.948030149989453 -2.31269656354419 5.820392479936434 1.3679799553266392 -8.105932294284822 -5.956442998795131 -9.466220974757993 -0.4125019450715506
11.182364729458918 9.263674721338813 0.3818459081395176 3.8569166861773674 1.8889928746733808 -3.1413441403857334 -1.723668175538613 12.803581297903282 19.462525395798203 33.351120699827376 15.428107927872752 17.941124434352403 7.223191414209597 11.599643980937092 -1.171667398282433 1.798365368442567 18.43152421654646 6.268169079040844 10.076214822653249 0.46310186025252165 4.0854053456737915 19.96363092597303 -2.297095787560597 5.835993255920009 1.3835807313102322 -8.090331518301229 -5.940842222811538 -9.4506201987744 -0.3969011690879576
11.242484969939879 9.279223872378477 0.3973950591791997 3.8724658372170317 1.9045420257130452 -3.125794989346069 -1.7081190244989308 12.819130448942964 19.478074546837874 33.36666985086705 15.443657078912434 17.956673585392085 7.238740565249262 11.615193131976774 -1.156118247242751 1.8139145194822313 18.447073367586125 6.283718230080509 10.091763973692913 0.478651011292186 4.100954496713474 19.979180077012693 -2.2815466365209325 5.851542406959673 1.3991298823498965 -8.074782367261564 -5.925293071771874 -9.435071047734736 -0.3813520180482932
11.302605210420841 9.294722349300848 0.41289353610157065 3.8879643141394027 1.9200405026354161 -3.110296512423698 -1.6926205475765599 12.834628925865335 19.49357302376025 33.38216832778942 15.459155555834805 17.972172062314456 7.2542390421716325 11.630691608899145 -1.14061977032038 1.82941299640462 18.462571844508496 6.29921670700288 10.107262450615284 0.49414948821455695 4.116452973635845 19.994678553935064 -2.2660481595985615 5.867040883882044 1.4146283592722675 -8.059283890339193 -5.909794594849503 -9.419572570812365 -0.3658535411259223
11.362725450901802 9.310171104863088 0.42834229166379245 3.9034130697016423 1.9354892581976557 -3.0948477568614585 -1.677171792014338 12.850077681427557 19.509021779322477 33.397617083351655 15.474604311397027 17.987620817876678 7.269687797733872 11.646140364461367 -1.1251710147581582 1.8448617519668418 18.478020600070735 6.314665462565119 10.122711206177524 0.5095982437767965 4.131901729198084 20.010127309497303 -2.250599404036322 5.882489639444284 1.430077114834507 -8.043835134776954 -5.894345839287263 -9.404123815250125 -0.3504047855636827
11.422845691382765 9.325571091573135 0.4437422783738576 3.9188130564116896 1.9508892449077209 -3.079447770151411 -1.661771805304273 12.865477668137622 19.524421766032532 33.413017070061706 15.490004298107092 18.003020804586743 7.2850877844439195 11.661540351171432 -1.109771028048093 1.860261738676907 18.493420586780783 6.330065449275167 10.138111192887571 0.5249982304868439 4.147301715908132 20.02552729620737 -2.2351994173262746 5.897889626154349 1.4454771015445544 -8.028435148066906 -5.878945852577216 -9.388723828540078 -0.3350047988536353
11.482965931863728 9.340923187090251 0.45909437389097363 3.9341651519288234 1.966241340424837 -3.0640956746342773 -1.646419709787157 12.880829763654738 19.53977386154966 33.42836916557883 15.505356393624208 18.01837290010386 7.300439879961053 11.676892446688548 -1.094418932530977 1.875613834194023 18.508772682297916 6.3454175447923005 10.153463288404705 0.5403503260039599 4.162653811425248 20.040879391724484 -2.2198473218091586 5.913241721671465 1.4608291970616705 -8.013083052549772 -5.863593757060082 -9.373371733022962 -0.31965270333650153
11.543086172344688 9.35622826684444 0.47439945364516234 3.9494702316829944 1.9815464201790256 -3.0487905948801064 -1.6311146300329682 12.896134843408927 19.55507894130384 33.44367424533302 15.520661473378397 18.033677979858048 7.315744959715224 11.692197526442737 -1.0791138527767883 1.8909189139482117 18.524077762052087 6.360722624546471 10.168768368158894 0.5556554057581486 4.177958891179436 20.056184471478673 -2.20454224205497 5.928546801425654 1.4761342768158592 -7.997777972795602 -5.848288677305911 -9.358066653268773 -0.3043476235823306
11.603206412825651 9.371487181112812 0.4896583679135347 3.9647291459513667 1.9968053344473802 -3.033531680611734 -1.6158557157645959 12.911393757677299 19.570337855572213 33.45893315960138 15.535920387646769 18.04893689412642 7.3310038739835965 11.707456440711091 -1.063854938508416 1.9061778282165662 18.53933667632046 6.375981538814844 10.184027282427248 0.570914320026521 4.193217805447809 20.071443385747028 -2.1892833277865975 5.943805715694008 1.4913931910842315 -7.98251905852723 -5.833029763037539 -9.342807739000401 -0.28908870931395825
11.663326653306612 9.38670077507032 0.5048719618710429 3.9799427399088927 2.012018928404906 -3.018318086654208 -1.6006421218070876 12.926607351634807 19.585551449529728 33.4741467535589 15.551133981604277 18.06415048808393 7.3462174679411225 11.722670034668617 -1.0486413445509077 1.9213914221740922 18.554550270277986 6.39119513277237 10.199240876384774 0.5861279139840292 4.208431399405317 20.086656979704554 -2.1740697338290893 5.959019309651534 1.5066067850417397 -7.967305464569704 -5.817816169080013 -9.327594145042893 -0.2738751153564323
11.723446893787575 9.40186980967141 0.5200409964721153 3.995111774509965 2.0271879630059786 -3.0031490520531356 -1.5854730872060152 12.94177638623588 19.6007204841308 33.48931578815998 15.56630301620535 18.079319522685 7.361386502542195 11.73783906926969 -1.0334723099498353 1.9365604567751646 18.569719304879058 6.406364167373442 10.214409910985847 0.6012969485851194 4.223600434006389 20.101826014305626 -2.158900699227999 5.974188344252607 1.52177581964283 -7.952136429968632 -5.80264713447894 -9.312425110441803 -0.25870608075535984
11.783567134268537 9.416995040299412 0.5351662271001345 4.010237005137984 2.0423131936339978 -2.9880238214251342 -1.570347856577996 12.956901616863899 19.615845714758812 33.50444101878799 15.581428246833369 18.09444475331302 7.376511733170196 11.752964299897709 -1.0183470793218161 1.9516856874031838 18.58484453550706 6.421489398001461 10.229535141613866 0.6164221792131208 4.2387256646344085 20.116951244933645 -2.1437754685999977 5.989313574880626 1.5369010502708313 -7.9370111993406125 -5.787521903850939 -9.297299879813801 -0.24358085012735842
11.843687374749498 9.432077236107919 0.5502484229086413 4.025319200946473 2.057395389442487 -2.9729416256166274 -1.5552656607694892 12.971983812672406 19.630927910567316 33.51952321459649 15.596510442641875 18.109526949121527 7.391593928978703 11.768046495706198 -1.0032648835133093 1.9667678832116728 18.599926731315566 6.43657159380995 10.244617337422355 0.6315043750216276 4.253807860442915 20.132033440742134 -2.128693272791491 6.004395770689115 1.5519832460793381 -7.9219290035321235 -5.772439708042432 -9.282217684005294 -0.22849865431885164
11.90380761523046 9.447117115383854 0.5652883021845767 4.0403590802224265 2.07243526871844 -2.9579017463406743 -1.5402257814935538 12.987023691948341 19.64596778984326 33.534563093872436 15.611550321917811 18.124566828397462 7.406633808254656 11.783086374982151 -0.9882250042373739 1.981807762487626 18.61496661059152 6.4516114730859035 10.259657216698308 0.646544254297563 4.268847739718851 20.147073320018087 -2.1136533935155555 6.019435649965068 1.5670231253552735 -7.90688912425617 -5.757399828766479 -9.267177804729359 -0.21345877504291622
11.963927855711422 9.462115355312353 0.5802865421130754 4.055357320150907 2.087433508646921 -2.9429035064121933 -1.5252275415650551 13.00202193187684 19.66096602977175 33.54956133380092 15.62654856184631 18.13956506832596 7.421632048183137 11.798084614910632 -0.9732267643088752 1.996806002416107 18.62996485052 6.4666097130143845 10.274655456626789 0.6615424942260617 4.283845979647349 20.16207155994657 -2.098655153587057 6.034433889893549 1.5820213652837722 -7.891890884327689 -5.742401588837998 -9.25217956480086 -0.19846053511441752
12.024048096192384 9.477072632960475 0.5952438197611976 4.07031459779903 2.102390786295061 -2.927946228764071 -1.510270263916933 13.016979209524962 19.675923307419872 33.564518611449046 15.641505839494432 18.154522345974083 7.436589325831259 11.813041892558772 -0.9582694866607531 2.0117632800642467 18.644922128168123 6.481566990662507 10.289612734274929 0.6764997718741839 4.2988032572954715 20.177028837594708 -2.0836978759389346 6.049391167541689 1.5969786429318944 -7.876933606679567 -5.727444311189876 -9.237222287152738 -0.18350325746629537
12.084168336673347 9.49198961759885 0.6101608043995554 4.085231582437405 2.1173077709334187 -2.9130292441256955 -1.4953532792785573 13.031896194163338 19.690840292058247 33.57943559608742 15.656422824132807 18.16943933061246 7.451506310469635 11.82795887719713 -0.9433525020223774 2.0266802647026045 18.659839112806498 6.496483975300882 10.304529718913287 0.6914167565125595 4.313720241933847 20.191945822233066 -2.068780891300559 6.064308152180047 1.61189562757027 -7.862016622041192 -5.7125273265515 -9.222305302514362 -0.16858627282791971
12.144288577154308 9.506866933453963 0.6250381202546862 4.100108898292518 2.1321850867885495 -2.8981519282705825 -1.4804759634234443 13.04677351001845 19.705717607913364 33.594312911942545 15.67130013998792 18.184316646467572 7.466383626324748 11.84283619305226 -0.9284751861672644 2.0415575805577353 18.67471642866161 6.511361291156013 10.319407034768417 0.7062940723676725 4.32859755778896 20.20682313808819 -2.053903575445446 6.079185468035178 1.626772943425383 -7.847139306186079 -5.697650010696387 -9.20742798665925 -0.15370895697280673
