web/models/kne/17/mosfit_kn_0.051209_0.2493_0.5000.dat
# %ECSV 1.0
# ---
# datatype:
# - {name: time, datatype: float64}
# - {name: PS1_g, datatype: float64}
# - {name: PS1_i, datatype: float64}
# - {name: PS1_r, datatype: float64}
# - {name: PS1_w, datatype: float64}
# - {name: PS1_y, datatype: float64}
# - {name: PS1_z, datatype: float64}
# - {name: swift_uvot_B, datatype: float64}
# - {name: swift_uvot_U, datatype: float64}
# - {name: swift_uvot_uvm2, datatype: float64}
# - {name: swift_uvot_uvw1, datatype: float64}
# - {name: swift_uvot_uvw2, datatype: float64}
# - {name: swift_uvot_V, datatype: float64}
# - {name: johnson_B, datatype: float64}
# - {name: johnson_I, datatype: float64}
# - {name: johnson_R, datatype: float64}
# - {name: johnson_U, datatype: float64}
# - {name: johnson_V, datatype: float64}
# - {name: sdss_g, datatype: float64}
# - {name: sdss_i, datatype: float64}
# - {name: sdss_r, datatype: float64}
# - {name: sdss_u, datatype: float64}
# - {name: sdss_z, datatype: float64}
# - {name: ATLAS_c, datatype: float64}
# - {name: ATLAS_o, datatype: float64}
# - {name: ukirt_H, datatype: float64}
# - {name: ukirt_J, datatype: float64}
# - {name: ukirt_K, datatype: float64}
# - {name: Clear, datatype: float64}
# meta: !!omap
# - comment: [kappa = 0.5, type = rprocess, mass = 0.051209162050732976, velocity = 0.24933333333333338, theta_obs = 0.0, tfloor = 1000.0]
# schema: astropy-2.0
time PS1_g PS1_i PS1_r PS1_w PS1_y PS1_z swift_uvot_B swift_uvot_U swift_uvot_uvm2 swift_uvot_uvw1 swift_uvot_uvw2 swift_uvot_V johnson_B johnson_I johnson_R johnson_U johnson_V sdss_g sdss_i sdss_r sdss_u sdss_z ATLAS_c ATLAS_o ukirt_H ukirt_J ukirt_K Clear
[from data line 230]
13.887775551102203 6.731071270008524 -2.150757543190771 1.3243132348470787 -0.6436105766569078 -5.673947591716022 -4.256271626868902 10.270977846572993 16.929921944467914 30.818517248497084 12.895504476542463 15.408520983022115 4.690587962879309 9.067040529606803 -3.7042708496127217 -0.7342380828877217 15.898920765216172 3.735565627710556 7.54361137132296 -2.069501591077767 1.552801894343503 17.43102747464274 -4.8296992388908855 3.3033898045897203 -1.1490227200200565 -10.622934969631517 -8.473445674141827 -11.983223650104689 -2.929504620418246
13.947895791583166 6.739755859752261 -2.142072953447016 1.3329978245908158 -0.6349259869131529 -5.665263001972285 -4.247587037125147 10.279662436316748 16.93860653421165 30.82720183824083 12.904189066286218 15.41720557276587 4.699272552623046 9.075725119350558 -3.695586259868967 -0.7255534931439669 15.907605354959909 3.744250217454293 7.552295961066697 -2.06081700133403 1.5614864840872578 17.439712064386477 -4.821014649147148 3.3120743943334574 -1.1403381302763194 -10.61425037988778 -8.46476108439809 -11.974539060360952 -2.920820030674509
14.008016032064127 6.748404222001323 -2.1334245911979544 1.3416461868398777 -0.6262776246641089 -5.656614639723223 -4.238938674876085 10.28831079856581 16.947254896460713 30.83585020048989 12.91283742853528 15.425853935014931 4.7079209148721075 9.08437348159962 -3.686937897619905 -0.7169051308949228 15.91625371720897 3.7528985797033547 7.560944323315759 -2.052168639084968 1.5701348463363196 17.44836042663554 -4.8123662868980865 3.3207227565825193 -1.1316897680272575 -10.605602017638718 -8.456112722149028 -11.96589069811189 -2.9121716684254473
14.06813627254509 6.757016670506211 -2.1248121426930666 1.3502586353447832 -0.6176651761592034 -5.648002191218335 -4.230326226371197 10.296923247070698 16.95586734496562 30.84446264899479 12.921449877040168 15.434466383519819 4.716533363376995 9.092985930104508 -3.6783254491150172 -0.7082926823900173 15.924866165713876 3.76151102820826 7.569556771820665 -2.0435561905800803 1.5787472948412073 17.456972875140444 -4.803753838393199 3.3293352050874248 -1.1230773195223698 -10.596989569133813 -8.447500273644122 -11.957278249607002 -2.9035592199205595
14.128256513026052 6.765593526491944 -2.116235286707333 1.3588354913305167 -0.6090883201734698 -5.639425335232584 -4.221749370385464 10.305500103056431 16.964444200951352 30.85303950498052 12.930026733025901 15.443043239505553 4.7251102193627466 9.101562786090241 -3.6697485931292837 -0.6997158264042838 15.93344302169961 3.7700878841939938 7.578133627806398 -2.0349793345943468 1.587324150826941 17.465549731126178 -4.7951769824074475 3.3379120610731583 -1.1145004635366362 -10.58841271314808 -8.438923417658389 -11.948701393621251 -2.8949823639348082
14.188376753507013 6.774135124777221 -2.1076936884220565 1.3673770896157755 -0.600546721888211 -5.630883736947325 -4.213207772100187 10.314041701341708 16.97298579923661 30.861581103265788 12.938568331311178 15.45158483779083 4.733651817648005 9.110104384375518 -3.661206994844007 -0.691174228119025 15.941984619984868 3.7786294824792526 7.586675226091657 -2.02643773630907 1.5958657491122175 17.474091329411436 -4.786635384122189 3.346453659358417 -1.1059588652513597 -10.57987111486282 -8.43038181937313 -11.940159795335992 -2.8864407656495494
14.248496993987976 6.782641767441024 -2.099187045758253 1.375883732279597 -0.5920400792243896 -5.622377094283504 -4.204701129436383 10.322548344005511 16.981492441900432 30.8700877459296 12.947074973974981 15.460091480454633 4.742158460311827 9.118611027039321 -3.6527003521802035 -0.6826675854552036 15.95049126264869 3.787136125143074 7.595181868755478 -2.0179310936452666 1.604372391776021 17.482597972075258 -4.778128741458385 3.3549603020222385 -1.097452222587556 -10.571364472198999 -8.421875176709309 -11.931653152672189 -2.877934122985728
14.308617234468937 6.79111375124096 -2.090715061958335 1.384355716079515 -0.5835680954244715 -5.613905110483586 -4.196229145636465 10.33102032780543 16.98996442570035 30.878559729729528 12.955546957774917 15.468563464254569 4.750630444111745 9.12708301083924 -3.6442283683802676 -0.6741956016552855 15.958963246448608 3.795608108942992 7.6036538525553965 -2.0094591098453307 1.612844375575957 17.491069955875176 -4.769656757658449 3.3634322858221566 -1.0889802387876202 -10.562892488399081 -8.41340319290939 -11.923181168872253 -2.86946213918581
14.3687374749499 6.799551370065231 -2.0822774431340463 1.3927933349038035 -0.575130476600183 -5.605467491659297 -4.187791526812177 10.339457946629718 16.99840204452464 30.88699734855381 12.963984576599188 15.47700108307884 4.759068062936033 9.135520629663528 -3.635790749555997 -0.665757982830997 15.967400865272896 3.8040457277672806 7.612091471379685 -2.00102149102106 1.6212819944002277 17.499507574699464 -4.7612191388341785 3.371869904646445 -1.0805426199633494 -10.554454869574792 -8.404965574085102 -11.914743550047982 -2.861024520361539
14.428857715430862 6.807954940466363 -2.0738738727329142 1.4011969053049178 -0.566726906199051 -5.597063921258183 -4.179387956411045 10.34786151703085 17.00680561492577 30.895400918954937 12.97238814700032 15.485404653479971 4.767471633337148 9.14392420006466 -3.627387179154865 -0.6573544124298649 15.97580443567401 3.812449298168395 7.620495041780817 -1.992617920619928 1.6296855648013597 17.507911145100596 -4.752815568433046 3.380273475047577 -1.0721390495622174 -10.546051299173678 -8.396562003683988 -11.90633997964685 -2.852620949960407
14.488977955911823 6.816324751804039 -2.0655040613952558 1.409566716642594 -0.5583570948613925 -5.588694109920507 -4.171018145073386 10.356231328368509 17.01517542626343 30.903770730292596 12.980757958337978 15.49377446481763 4.775841444674824 9.152294011402319 -3.6190173678172064 -0.6489846010922065 15.984174247011687 3.820819109506071 7.6288648531184755 -1.9842481092822517 1.6380553761390182 17.516280956438255 -4.74444575709537 3.3886432863852356 -1.0637692382245412 -10.537681487836002 -8.388192192346311 -11.897970168309174 -2.844251138622731
14.549098196392785 6.824661089607282 -2.0571677235920127 1.417903054445837 -0.5500207570581495 -5.580357772117264 -4.162681807270143 10.364567666171752 17.023511764066672 30.91210706809584 12.989094296141221 15.502110802620873 4.784177782478067 9.160630349205562 -3.6106810300139633 -0.6406482632889634 15.99251058481493 3.829155447309314 7.637201190921719 -1.9759117714790086 1.6463917139422612 17.524617294241498 -4.736109419292127 3.3969796241884787 -1.0554329004213159 -10.529345150032759 -8.379855854543068 -11.88963383050593 -2.835914800819488
14.609218436873746 6.832964233076684 -2.0488645801225935 1.4262061979152563 -0.5417176135887303 -5.5720546286478445 -4.154378663800724 10.37287080964117 17.03181490753609 30.920410211565258 12.99739743961064 15.510413946090292 4.792480925947486 9.16893349267498 -3.602377886544544 -0.6323451198195442 16.00081372828435 3.8374585907787333 7.645504334391138 -1.9676086280095895 1.6546948574116804 17.532920437710917 -4.727806275822708 3.405282767657898 -1.0471297569518967 -10.52104200656334 -8.37155271107365 -11.881330687036511 -2.8276116573500687
14.669338677354709 6.8412344636399425 -2.040594349559335 1.434476428478515 -0.5334473830254716 -5.563784398084586 -4.146108433237465 10.38114104020443 17.04008513809935 30.92868044212852 13.0056676701739 15.51868417665355 4.800751156510745 9.17720372323824 -3.5941076559812855 -0.6240748892562855 16.009083958847608 3.845728821341992 7.6537745649543965 -1.9593383974463485 1.6629650879749391 17.541190668274176 -4.719536045259467 3.4135529982211565 -1.038859526388638 -10.512771776000081 -8.36328248051039 -11.87306045647327 -2.8193414267868278
14.729458917835672 6.849472072226828 -2.0323567409724497 1.4427140370653824 -0.5252097744386042 -5.555546789497718 -4.13787082465058 10.389378648791315 17.048322746686217 30.936918050715395 13.013905278760785 15.526921785240436 4.808988765097612 9.185441331825125 -3.5858700473944003 -0.6158372806694004 16.017321567434475 3.8539664299288594 7.662012173541264 -1.9511007888594634 1.6712026965618243 17.549428276861043 -4.711298436672582 3.421790606808024 -1.0306219178017528 -10.504534167413214 -8.355044871923523 -11.864822847886385 -2.8111038181999426
14.789579158316633 6.857677328752061 -2.0241514844472164 1.4509192935906334 -0.5170045179133531 -5.547341532972485 -4.129665568125347 10.397583905316548 17.05652800321147 30.94512330724064 13.022110535286018 15.53512704176567 4.8171940216228455 9.193646588350358 -3.577664790869167 -0.6076320241441671 16.02552682395971 3.8621716864541105 7.670217430066515 -1.94289553233423 1.6794079530870576 17.557633533386294 -4.703093180147349 3.429995863333275 -1.0224166612765195 -10.496328910887962 -8.346839615398272 -11.856617591361152 -2.8028985616747093
14.849699398797595 6.865850498398487 -2.0159783148007904 1.4590924632370594 -0.5088313482669271 -5.539168363326059 -4.121492398478921 10.405757074962974 17.064701172857895 30.953296476887065 13.030283704932444 15.543300211412095 4.8253671912692715 9.201819757996784 -3.569491621222741 -0.5994588544977411 16.033699993606135 3.8703448561005365 7.678390599712941 -1.934722362687804 1.6875811227334836 17.56580670303272 -4.694920010500923 3.438169032979701 -1.0142434916300935 -10.488155741241536 -8.338666445751846 -11.848444421714726 -2.7947253920282833
14.909819639278556 6.873991837707525 -2.00783697549177 1.4672338025460796 -0.5006900089579069 -5.531027024017021 -4.113351059169901 10.413898414271994 17.072842512166915 30.961437816196085 13.038425044241464 15.551441550721115 4.833508530578309 9.209961097305804 -3.561350281913721 -0.5913175151887209 16.041841332915173 3.8784861954095566 7.686531939021961 -1.9265810233787661 1.6957224620425038 17.57394804234174 -4.686778671191885 3.446310372288721 -1.0061021523210556 -10.480014401932516 -8.330525106442826 -11.840303082405688 -2.7865840527192454
14.969939879759519 6.882102400350547 -1.999726412848748 1.4753443651891018 -0.4925794463148847 -5.522916461373999 -4.1052404965268785 10.422008976915016 17.080953074809937 30.969548378839104 13.046535606884486 15.559552113364138 4.841619093221332 9.218071659948826 -3.5532397192706986 -0.5832069525456987 16.049951895558195 3.886596758052579 7.694642501664983 -1.918470460735744 1.703833024685526 17.582058604984763 -4.678668108548862 3.4544209349317434 -0.9979915896780334 -10.471903839289494 -8.322414543799804 -11.832192519762666 -2.778473490076223
15.03006012024048 6.890180637786241 -1.9916481754130544 1.4834226026247954 -0.4845012088791911 -5.514838223938305 -4.097162259091185 10.43008721435071 17.08903131224563 30.9776266162748 13.05461384432018 15.567630350799831 4.849697330657025 9.22614989738452 -3.545161481835005 -0.5751287151100051 16.05803013299389 3.8946749954882725 7.702720739100677 -1.9103922233000503 1.7119112621212196 17.590136842420456 -4.670589871113169 3.462499172367437 -0.9899133522423398 -10.4638256018538 -8.31433630636411 -11.824114282326972 -2.7703952526405295
15.090180360721442 6.898227918766935 -1.9836008944323424 1.4914698836055074 -0.4764539278984792 -5.506790942957593 -4.089114978110473 10.438134495331422 17.097078593226342 30.985673897255513 13.062661125300892 15.575677631780543 4.857744611637737 9.234197178365232 -3.537114200854293 -0.5670814341292931 16.0660774139746 3.9027222764689844 7.710768020081389 -1.9023449423193384 1.7199585431019315 17.598184123401168 -4.662542590132457 3.470546453348149 -0.9818660712616456 -10.455778320873089 -8.306289025383398 -11.81606700134626 -2.7623479716598176
15.150300601202405 6.906244463538318 -1.975584349660977 1.4994864283768727 -0.4684373831271138 -5.498774398186228 -4.081098433339108 10.446151040102787 17.105095137997708 30.993690442026878 13.070677670072257 15.583694176551909 4.865761156409103 9.242213723136597 -3.5290976560829277 -0.5590648893579278 16.074093958745966 3.9107388212403498 7.718784564852754 -1.894328397547973 1.727975087873297 17.606200668172534 -4.6545260453610915 3.4785629981195143 -0.9738495264902625 -10.447761776101723 -8.298272480612033 -11.808050456574895 -2.7543314268884522
15.210420841683366 6.914230499161036 -1.9675983140382414 1.5074724639995907 -0.4604513475043781 -5.49078836256351 -4.073112397716372 10.454137075725523 17.113081173620444 31.0016764776496 13.078663705694993 15.591680212174644 4.8737471920318205 9.250199758759333 -3.521111620460192 -0.551078853735192 16.082079994368684 3.9187248568630677 7.726770600475472 -1.886342361925255 1.7359611234960326 17.61418670379527 -4.6465400097383736 3.48654903374225 -0.9658634908675445 -10.439775740479005 -8.290286444989315 -11.800064420952177 -2.7463453912657343
15.270541082164328 6.922186269213313 -1.9596425439859644 1.5154282340518677 -0.4524955774521011 -5.482832592511233 -4.065156627664095 10.4620928457778 17.12103694367272 31.009632247701877 13.08661947574727 15.599635982226921 4.8817029620840975 9.25815552881161 -3.513155850407915 -0.5431230836829151 16.09003576442096 3.9266806269153447 7.734726370527749 -1.878386591872978 1.7439168935483096 17.622142473847546 -4.638584239686097 3.494504803794527 -0.9579077208152675 -10.431819970426728 -8.282330674937038 -11.7921086508999 -2.7383896212134573
15.33066132264529 6.930112015969012 -1.9517167972302651 1.523353980807567 -0.4445698306964019 -5.474906845755534 -4.057230880908396 10.4700185925335 17.12896269042842 31.017557994457587 13.094545222502969 15.60756172898262 4.889628708839797 9.26608127556731 -3.5052301036522158 -0.5351973369272158 16.09796151117666 3.934606373671044 7.742652117283466 -1.8704608451172788 1.7518426403040088 17.630068220603246 -4.630658492930397 3.5024305505502262 -0.9499819740595683 -10.423894223671029 -8.274404928181339 -11.7841829041442 -2.730463874457758
15.390781563126252 6.938007964299491 -1.9438208488997866 1.5312499291380455 -0.4366738823659233 -5.467010897425055 -4.049334932577917 10.477914540863978 17.1368586387589 31.025453942788058 13.102441170833448 15.615457677313099 4.897524657170275 9.273977223897788 -3.497334155321737 -0.5273013885967373 16.10585745950714 3.9425023220015225 7.750548065613927 -1.8625648967868003 1.7597385886344874 17.637964168933724 -4.622762544599919 3.510326498880687 -0.9420860257290897 -10.41599827534055 -8.26650897985086 -11.776286955813722 -2.7225679261272795
15.450901803607215 6.945874339842479 -1.935954473356798 1.5391163046810519 -0.42880750682293467 -5.459144521882067 -4.0414685570349285 10.485780916406966 17.144725014301887 31.033320318331054 13.110307546376436 15.623324052856088 4.905391032713264 9.281843599440776 -3.4894677797787486 -0.5194350130537486 16.113723835050127 3.950368697544529 7.758414441156933 -1.8546985212438116 1.767604964177476 17.645830544476713 -4.61489616905693 3.5181928744236934 -0.9342196501861011 -10.408131899797544 -8.258642604307854 -11.768420580270734 -2.714701550584291
15.511022044088175 6.953711375921756 -1.928117437277539 1.5469533407603109 -0.42097047074367566 -5.45130748580279 -4.0336315209556695 10.493617952486243 17.152562050381146 31.04115735441032 13.118144582455713 15.631161088935364 4.913228068792541 9.289680635520035 -3.481630743699472 -0.5115979769744896 16.121560871129404 3.958205733623788 7.766251477236192 -1.8468614851645349 1.7754420002567528 17.65366758055597 -4.607059132977653 3.5260299105029524 -0.9263826141068243 -10.400294863718285 -8.250805568228595 -11.760583544191457 -2.706864514505014
