web/models/kne/17/mosfit_kn_0.012011_0.3433_0.5000.dat
# %ECSV 1.0
# ---
# datatype:
# - {name: time, datatype: float64}
# - {name: PS1_g, datatype: float64}
# - {name: PS1_i, datatype: float64}
# - {name: PS1_r, datatype: float64}
# - {name: PS1_w, datatype: float64}
# - {name: PS1_y, datatype: float64}
# - {name: PS1_z, datatype: float64}
# - {name: swift_uvot_B, datatype: float64}
# - {name: swift_uvot_U, datatype: float64}
# - {name: swift_uvot_uvm2, datatype: float64}
# - {name: swift_uvot_uvw1, datatype: float64}
# - {name: swift_uvot_uvw2, datatype: float64}
# - {name: swift_uvot_V, datatype: float64}
# - {name: johnson_B, datatype: float64}
# - {name: johnson_I, datatype: float64}
# - {name: johnson_R, datatype: float64}
# - {name: johnson_U, datatype: float64}
# - {name: johnson_V, datatype: float64}
# - {name: sdss_g, datatype: float64}
# - {name: sdss_i, datatype: float64}
# - {name: sdss_r, datatype: float64}
# - {name: sdss_u, datatype: float64}
# - {name: sdss_z, datatype: float64}
# - {name: ATLAS_c, datatype: float64}
# - {name: ATLAS_o, datatype: float64}
# - {name: ukirt_H, datatype: float64}
# - {name: ukirt_J, datatype: float64}
# - {name: ukirt_K, datatype: float64}
# - {name: Clear, datatype: float64}
# meta: !!omap
# - comment: [kappa = 0.5, type = rprocess, mass = 0.012011244339858356, velocity = 0.3433333333333334, theta_obs = 0.0, tfloor = 1000.0]
# schema: astropy-2.0
time PS1_g PS1_i PS1_r PS1_w PS1_y PS1_z swift_uvot_B swift_uvot_U swift_uvot_uvm2 swift_uvot_uvw1 swift_uvot_uvw2 swift_uvot_V johnson_B johnson_I johnson_R johnson_U johnson_V sdss_g sdss_i sdss_r sdss_u sdss_z ATLAS_c ATLAS_o ukirt_H ukirt_J ukirt_K Clear
[from data line 380]
22.905811623246493 11.104237248186735 2.2224084349874396 5.697479213025289 3.729555401521303 -1.3007816135378114 0.11689435130930903 14.644143824751204 21.303087922646124 35.191683226675295 17.268670454720674 19.781686961200332 9.06375394105752 13.440206507785014 0.6688951285654889 3.6389278952904887 20.272086743394375 8.108731605888766 11.91677734950117 2.3036643871004436 5.9259678725217135 21.80419345282095 -0.45653326071267486 7.676555782767931 3.224143258158154 -6.249768991453307 -4.100279695963616 -7.610057671926478 1.4436613577599644
22.965931863727455 11.113472328651746 2.2316435154524683 5.706714293490318 3.7387904819863316 -1.2915465330727827 0.12612943177433777 14.653378905216233 21.312323003111153 35.20091830714033 17.277905535185702 19.790922041665365 9.072989021522549 13.449441588250043 0.6781302090305177 3.6481629757555174 20.2813218238594 8.117966686353794 11.9260124299662 2.3128994675654724 5.935202952986742 21.81342853328598 -0.4472981802476461 7.68579086323296 3.233378338623165 -6.240533910988279 -4.091044615498587 -7.60082259146145 1.4528964382249931
23.026052104208414 11.122695592382623 2.240866779183346 5.715937557221196 3.748013745717209 -1.282323269341905 0.13535269550521534 14.66260216894711 21.32154626684203 35.2101415708712 17.28712879891658 19.80014530539623 9.082212285253426 13.45866485198092 0.6873534727613952 3.657386239486395 20.29054508759028 8.127189950084672 11.935235693697077 2.322122731296332 5.94442621671762 21.822651797016857 -0.4380749165167863 7.695014126963837 3.2426016023540427 -6.231310647257401 -4.08182135176771 -7.59159932773059 1.4621197019558707
23.086172344689377 11.131907047107532 2.250078233908237 5.725149011946087 3.7572252004421003 -1.273111814617014 0.1445641502301065 14.671813623672001 21.330757721566922 35.21935302559609 17.29634025364147 19.80935676012113 9.091423739978318 13.467876306705811 0.6965649274862864 3.666597694211286 20.299756542315173 8.136401404809563 11.944447148421968 2.331334186021241 5.953637671442511 21.831863251741748 -0.4288634617918774 7.704225581688728 3.251813057078934 -6.22209919253251 -4.072609897042819 -7.582387873005681 1.4713311566807619
23.14629258517034 11.141106702251413 2.259277889052136 5.734348667089968 3.766424855585999 -1.2639121594731328 0.15376380537400536 14.6810132788159 21.339957376710814 35.228552680739995 17.30553990878537 19.81855641526502 9.100623395122199 13.47707596184971 0.7057645826301853 3.675797349355185 20.308956197459068 8.145601059953462 11.953646803565867 2.340533841165122 5.96283732658641 21.84106290688564 -0.4196638066479963 7.713425236832627 3.2610127122228327 -6.212899537388611 -4.0634102418989375 -7.5731882178618 1.480530811824643
23.206412825651302 11.150294565436951 2.268465752237674 5.743536530275506 3.775612718771537 -1.2547242962875949 0.16295166855954335 14.690201142001438 21.34914523989635 35.23774054392552 17.314727771970908 19.82774427845056 9.109811258307737 13.486263825035248 0.7149524458157233 3.684985212540723 20.318144060644606 8.154788923138982 11.962834666751405 2.34972170435066 5.972025189771948 21.850250770071177 -0.4104759434624583 7.722613100018165 3.2702005754083707 -6.203711674203091 -4.0542223787133995 -7.564000354676262 1.489718675010181
23.266533066132265 11.15947064800638 2.277641834807085 5.752712612844935 3.784788801340948 -1.2455482137181662 0.1721277511289543 14.69937722457085 21.35832132246577 35.24691662649495 17.323903854540337 19.83692036101998 9.118987340877165 13.49543990760466 0.724128528385152 3.694161295110134 20.327320143214028 8.16396500570841 11.972010749320816 2.358897786920089 5.9812012723413766 21.859426852640595 -0.4012998608930296 7.731789182587576 3.2793766579777994 -6.194535591633662 -4.045046296143971 -7.554824272106833 1.4988947575796097
23.326653306613224 11.168634954114367 2.286806140915072 5.761876918952922 3.793953107448935 -1.236383907610179 0.18129205723694142 14.708541530678836 21.367485628573757 35.256080932602934 17.333068160648324 19.846084667127965 9.128151646985152 13.504604213712646 0.7332928344931391 3.703325601218121 20.336484449322015 8.173129311816398 11.981175055428803 2.368062093028076 5.990365578449364 21.868591158748583 -0.3921355547850425 7.740953488695563 3.2885409640857866 -6.185371285525675 -4.035881990035984 -7.545659965998846 1.5080590636875968
23.386773547094187 11.177787492616673 2.295958679417396 5.771029457455246 3.803105645951259 -1.2272313691078551 0.1904445957392653 14.71769406918116 21.37663816707608 35.265233471105255 17.34222069915063 19.855237205630292 9.137304185487476 13.51375675221497 0.7424453729954452 3.712478139720445 20.345636987824328 8.182281850318722 11.990327593931127 2.3772146315304 5.99951811695167 21.877743697250907 -0.3829830162827186 7.750106027197887 3.2976935025880927 -6.176218747023351 -4.02672945153366 -7.536507427496522 1.5172116021899207
23.44689378757515 11.186928276193324 2.305099462994047 5.780170241031879 3.8122464295278924 -1.2180905855312218 0.19958537931591636 14.726834852757811 21.38577895065272 35.274374254681895 17.35136148272728 19.864377989206933 9.14644496906411 13.522897535791621 0.7515861565720963 3.721618923297096 20.354777771400972 8.191422633895355 11.99946837750776 2.386355415107033 6.008658900528321 21.886884480827547 -0.3738422327060853 7.7592468107745205 3.3068342861647437 -6.167077963446718 -4.0175886679570265 -7.527366643919889 1.526352385766554
23.507014028056112 11.196057308994973 2.314228495795696 5.789299273833528 3.8213754623295593 -1.2089615527295727 0.20871441211756547 14.73596388555946 21.394907983454374 35.283503287483555 17.36049051552893 19.87350702200858 9.155574001865759 13.53202656859327 0.7607151893737454 3.730747956098745 20.363906804202628 8.200551666697022 12.008597410309427 2.3954844479086823 6.01778793332997 21.8960135136292 -0.3647131999044362 7.768375843576187 3.315963318966393 -6.157948930645069 -4.008459635155377 -7.51823761111824 1.535481418568203
23.567134268537075 11.205174603346393 2.3233457901471155 5.798416568184965 3.8304927566809788 -1.1998442583781355 0.21783170646898498 14.74508117991088 21.4040252778058 35.292620581834974 17.36960780988035 19.88262431636 9.164691296217196 13.54114386294469 0.7698324837251649 3.7398652504501646 20.373024098554048 8.209668961048441 12.017714704660847 2.404601742260102 6.0269052276813895 21.905130807980626 -0.3555959055530167 7.777493137927607 3.3250806133178124 -6.1488316362936315 -3.99934234080394 -7.50912031676682 1.5445987129196403
23.627254509018034 11.214280163232946 2.3324513500336685 5.807522128071518 3.839598316567532 -1.1907386984915824 0.22693726635553801 14.754186739797433 21.413130837692353 35.301726141721524 17.378713369766903 19.89172987624656 9.173796856103749 13.550249422831243 0.7789380436117179 3.7489708103367176 20.382129658440604 8.218774520934994 12.0268202645474 2.413707302146655 6.0360107875679425 21.91423636786718 -0.34649034566646364 7.78659869781416 3.3341861732043654 -6.1397260764070785 -3.990236780917387 -7.500014756880267 1.5537042728061934
23.687374749498996 11.223374002896183 2.3415451896969053 5.816615967734737 3.848692156230751 -1.1816448588283635 0.23603110601877475 14.76328057946067 21.42222467735558 35.31081998138475 17.38780720943014 19.90082371590979 9.182890695766968 13.55934326249448 0.7880318832749547 3.7580646499999544 20.39122349810383 8.227868360598213 12.035914104210619 2.4228011418098916 6.045104627231179 21.923330207530405 -0.3373965060032269 7.795692537477379 3.343280012867602 -6.1306322367438595 -3.981142941254168 -7.49092091721703 1.5627981124694124
23.74749498997996 11.23245612912715 2.3506273159278557 5.8256980939657055 3.857774282461719 -1.1725627325973953 0.24511323224972514 14.77236270569162 21.43130680358654 35.319902107615725 17.396889335661108 19.90990584214075 9.191972821997936 13.56842538872543 0.7971140095059228 3.7671467762309048 20.4003056243348 8.236950486829182 12.044996230441587 2.4318832680408597 6.054186753462147 21.932412333761366 -0.32831437977225875 7.804774663708347 3.3523621390985703 -6.121550110512891 -3.9720608150232 -7.481838790986062 1.5718802387003805
23.80761523046092 11.241526549000369 2.359697735801074 5.834768513838924 3.8668447023349373 -1.163492312724177 0.25418365212294347 14.781433125564838 21.44037722345976 35.32897252748893 17.405959755534308 19.918976262013967 9.201043241871155 13.577495808598648 0.8061844293791234 3.776217196104123 20.40937604420801 8.2460209067024 12.054066650314805 2.440953687914078 6.063257173335348 21.941482753634585 -0.3192439598990404 7.813845083581565 3.361432558971771 -6.112479690639673 -3.9629903951499816 -7.472768371112844 1.5809506585735988
23.867735470941884 11.250585275535112 2.368756462335835 5.843827240373667 3.8759034288696803 -1.154433586189434 0.2632423786577043 14.7904918520996 21.44943594999451 35.33803125402368 17.41501848206907 19.92803498854872 9.210101968405898 13.58655453513341 0.8152431559138842 3.785275922638884 20.41843477074276 8.255079633237143 12.063125376849548 2.450012414448821 6.072315899870109 21.950541480169335 -0.3101852333642974 7.822903810116308 3.3704912855065317 -6.10342096410493 -3.9539316686152386 -7.463709644578101 1.5900093851083419
23.927855711422843 11.259632314164048 2.3778035009647702 5.852874279002602 3.8849504674986335 -1.1453865475604985 0.2722894172866397 14.799538890728535 21.458482988623444 35.347078292652625 17.424065520698004 19.937082027177656 9.219149007034833 13.595601573762345 0.8242901945428196 3.7943229612678193 20.427481809371706 8.264126671866096 12.072172415478502 2.4590594530777565 6.081362938499044 21.95958851879827 -0.30113819473536196 7.831950848745262 3.379538324135467 -6.0943739254759945 -3.944884629986303 -7.454662605949165 1.5990564237372773
23.987975951903806 11.268667675064012 2.386838861864735 5.861909639902585 3.8939858283985984 -1.1363511866605158 0.2813247781866046 14.8085742516285 21.46751834952342 35.35611365355259 17.43310088159797 19.94611738807762 9.228184367934816 13.60463693466231 0.8333255554427845 3.8033583221677842 20.43651717027167 8.273162032766061 12.081207776378466 2.4680948139777215 6.090398299399009 21.968623879698246 -0.29210283383539704 7.8409862096452265 3.388573685035432 -6.085338564576012 -3.9358492690863205 -7.4456272450492005 1.6080917846372422
24.04809619238477 11.277691361700182 2.3958625485009044 5.870933326538754 3.9030095150347677 -1.1273275000243466 0.2903484648227739 14.817597938264669 21.47654203615959 35.36513734018876 17.44212456823414 19.955141074713797 9.237208054570985 13.613660621298479 0.8423492420789538 3.8123820088039535 20.44554085690784 8.28218571940223 12.090231463014636 2.4771185006138907 6.099421986035178 21.977647566334415 -0.2830791471992278 7.850009896281396 3.3975973716716013 -6.076314877939843 -3.9268255824501512 -7.436603558413031 1.6171154712734293
24.10821643286573 11.286703396520892 2.4048745833216145 5.879945361359464 3.912021549855478 -1.1183154652036364 0.299360499643484 14.826609973085379 21.4855540709803 35.37414937500947 17.45113660305485 19.96415310953451 9.246220089391695 13.622672656119189 0.8513612768996639 3.8213940436246636 20.454552891728547 8.29119775422294 12.099243497835346 2.486130535434601 6.1084340208558885 21.986659601155125 -0.2740671123784999 7.859021931102106 3.4066094064923114 -6.0673028431191325 -3.917813547629441 -7.427591523592321 1.6261275060941394
24.168336673346694 11.29570377558716 2.413874962387883 5.888945740425733 3.9210219289217463 -1.1093150861373857 0.3083608787097525 14.835610352151647 21.494554450046557 35.38314975407574 17.460136982121117 19.97315348860077 9.255220468457946 13.631673035185457 0.8603616559659324 3.830394422690932 20.46355327079482 8.300198133289209 12.108243876901614 2.4951309145008693 6.117434399922157 21.995659980221383 -0.26506673331224917 7.868022310168374 3.41560978555858 -6.058302464052864 -3.9088131685631904 -7.418591144526053 1.63512788516039
24.228456913827653 11.304692515971322 2.4228637027720445 5.897934480809894 3.930010669305908 -1.1003263457532242 0.317349619093914 14.844599092535809 21.50354319043072 35.3921384944599 17.46912572250528 19.98214222898493 9.264209208842107 13.640661775569619 0.8693503963500939 3.8393831630750936 20.47254201117898 8.30918687367337 12.117232617285776 2.504119654885031 6.1264231403063185 22.004648720605545 -0.25607799292808764 7.877011050552536 3.4245985259427414 -6.0493137236687025 -3.899824428179011 -7.409602404141891 1.6441166255445516
24.288577154308616 11.313669629075793 2.431840815876516 5.906911593914348 3.938987782410379 -1.0913492326487528 0.32632673219838537 14.85357620564028 21.51252030353519 35.401115607564364 17.47810283560975 19.9911193420894 9.273186321946579 13.64963888867409 0.8783275094545653 3.848360276179565 20.48151912428345 8.318163986777824 12.12620973039023 2.513096767989502 6.13540025341079 22.013625833710016 -0.24710087982361628 7.885988163657007 3.4335756390472127 -6.040336610564249 -3.8908473150745575 -7.40062529103742 1.653093738649023
24.34869739478958 11.322635115009732 2.440806301810454 5.915877079848304 3.9479532683443175 -1.0823837467147968 0.3352922181323237 14.862541691574219 21.52148578946914 35.41008109349831 17.48706832154369 20.00008482802334 9.282151807880535 13.658604374608029 0.8872929953885036 3.8573257621135033 20.490484610217386 8.32712947271178 12.135175216324185 2.5220622539234405 6.144365739344728 22.022591319643965 -0.23813539388967797 7.894953649590946 3.442541124981151 -6.031371124630293 -3.8818818291406014 -7.391659805103481 1.662059224582979
24.40881763527054 11.331588990280306 2.4497601770810284 5.924830955118878 3.9569071436148917 -1.0734298714442225 0.3442460934028979 14.871495566844793 21.530439664739713 35.419034968768884 17.496022196814263 20.00903870329392 9.291105683151109 13.667558249878603 0.8962468706590778 3.8662796373840775 20.499438485487964 8.336083347982354 12.14412909159476 2.5310161291940148 6.153319614615302 22.03154519491454 -0.22918151861910374 7.90390752486152 3.4514950002517253 -6.022417249359719 -3.872927953870027 -7.382705929832907 1.6710130998535533
24.468937875751504 11.340531264536473 2.458702451337196 5.933773229375046 3.965849417871059 -1.064487597188073 0.35318836765906525 14.88043784110096 21.53938193899588 35.427977243025055 17.50496447107043 20.01798097755008 9.300047957407259 13.67650052413477 0.9051891449152452 3.875221911640245 20.508380759744128 8.345025622238522 12.153071365850927 2.539958403450182 6.16226188887147 22.040487469170706 -0.2202392443629364 7.912849799117687 3.4604372745078926 -6.013474975103551 -3.86398567961386 -7.37376365557674 1.6799553741097029
24.529058116232463 11.349461947556225 2.467633134356948 5.94270391239478 3.9747801008908112 -1.0555569141683208 0.36211905067881744 14.889368524120712 21.548312622015622 35.436907926044796 17.513895154090182 20.026911660569834 9.30897864042701 13.685431207154522 0.9141198279349974 3.884152594659997 20.517311442763884 8.353956305258256 12.16200204887068 2.5488890864699343 6.171192571891222 22.049418152190448 -0.2113085613431842 7.921780482137439 3.469367957527645 -6.004544292083817 -3.8550549965941254 -7.364832972556988 1.688886057129455
24.589178356713425 11.358381048247814 2.476552235048537 5.951623013086369 3.9836992015824 -1.0466378134767318 0.3710381513704064 14.898287624812301 21.557231722707215 35.44582702673639 17.52281425478177 20.035830761261423 9.3178977411186 13.694350307846111 0.9230389286265863 3.893071695351586 20.526230543455462 8.362875405949845 12.17092114956225 2.5578081871615233 6.180111672582811 22.05833725288204 -0.20238946065159524 7.9306995828290106 3.478287058219234 -5.995625191392228 -3.8461358959025365 -7.355913871865399 1.697805157821044
