web/models/kne/17/mosfit_kn_0.005245_0.2023_10.0000.dat
# %ECSV 1.0
# ---
# datatype:
# - {name: time, datatype: float64}
# - {name: PS1_g, datatype: float64}
# - {name: PS1_i, datatype: float64}
# - {name: PS1_r, datatype: float64}
# - {name: PS1_w, datatype: float64}
# - {name: PS1_y, datatype: float64}
# - {name: PS1_z, datatype: float64}
# - {name: swift_uvot_B, datatype: float64}
# - {name: swift_uvot_U, datatype: float64}
# - {name: swift_uvot_uvm2, datatype: float64}
# - {name: swift_uvot_uvw1, datatype: float64}
# - {name: swift_uvot_uvw2, datatype: float64}
# - {name: swift_uvot_V, datatype: float64}
# - {name: johnson_B, datatype: float64}
# - {name: johnson_I, datatype: float64}
# - {name: johnson_R, datatype: float64}
# - {name: johnson_U, datatype: float64}
# - {name: johnson_V, datatype: float64}
# - {name: sdss_g, datatype: float64}
# - {name: sdss_i, datatype: float64}
# - {name: sdss_r, datatype: float64}
# - {name: sdss_u, datatype: float64}
# - {name: sdss_z, datatype: float64}
# - {name: ATLAS_c, datatype: float64}
# - {name: ATLAS_o, datatype: float64}
# - {name: ukirt_H, datatype: float64}
# - {name: ukirt_J, datatype: float64}
# - {name: ukirt_K, datatype: float64}
# - {name: Clear, datatype: float64}
# meta: !!omap
# - comment: [kappa = 10.0, type = rprocess, mass = 0.005244756555828381, velocity = 0.20233333333333337, theta_obs = 0.0, tfloor = 1000.0]
# schema: astropy-2.0
time PS1_g PS1_i PS1_r PS1_w PS1_y PS1_z swift_uvot_B swift_uvot_U swift_uvot_uvm2 swift_uvot_uvw1 swift_uvot_uvw2 swift_uvot_V johnson_B johnson_I johnson_R johnson_U johnson_V sdss_g sdss_i sdss_r sdss_u sdss_z ATLAS_c ATLAS_o ukirt_H ukirt_J ukirt_K Clear
[from data line 86]
5.2304609218436875 4.461140549467633 -3.493620755252458 -0.3843477562195652 -2.023713267626821 -6.614078718824263 -5.367564597693981 7.628421073902175 13.467371204302978 26.40843220242437 10.557485382913168 12.875779750149952 2.5831776396472135 6.6401424388661 -4.910819874269744 -2.141766229430247 12.577199562549282 1.8112239160203127 5.191423454121686 -3.42058609380409 -0.19523488194456817 14.003673488801365 -5.848642016826187 1.4558084673837612 -2.527559915925597 -10.907713113778213 -9.05451973493438 -12.05304364968251 -3.990872901821483
5.290581162324649 4.810143894616772 -3.2636995624174325 -0.10732217207941375 -1.7885487213809625 -6.435970097026953 -5.1675253435355195 8.025295328303457 13.969178384122927 27.034219944443787 10.91696612541826 13.25900326390492 2.911169728515463 7.010209240206709 -4.698293869249169 -1.9022215132203015 13.06132075493786 2.116828972535319 5.551057731454296 -3.1895688875134987 0.0867526982605149 14.501139074042086 -5.660041281600474 1.7508228643454338 -2.2925394558859047 -10.81360902508697 -8.922378673064484 -11.986490898497253 -3.7960969657247112
5.350701402805611 5.1632437472020065 -3.030861759143786 0.17305062687748674 -1.550564301419488 -6.255435387285129 -4.96482528186478 8.426741229670228 14.476722124751191 27.66621501835989 11.280083964122483 13.646514368582952 3.243096888424925 7.384304369342228 -4.483059136061956 -1.660070056057095 13.550883097398934 2.4258063380225563 5.914875592339666 -2.955635857371579 0.37216781022952006 15.00424758709773 -5.469019517464879 2.049313179059542 -2.0547169206295024 -10.717970898243683 -8.788316989127727 -11.918698604138951 -3.5990722093925243
5.410821643286573 5.520704995745067 -2.794930591971543 0.4569816016399564 -1.3095777917094864 -6.072334542331568 -4.75930812013349 8.83305744495108 14.990378940652498 28.304906907531123 11.647119104264423 14.03860412705155 3.579206422212244 7.76270351569346 -4.264952193176344 -1.4151347816645135 14.046245832838078 2.73837777984465 6.283148578268953 -2.718609983212552 0.6612247016157902 15.513368967947176 -5.275433089106141 2.3515057641677295 -1.8139112036137384 -10.620718731800343 -8.652227950733804 -11.849605826251784 -3.3996486527003356
5.4709418837675345 5.882226425811918 -2.556115129017993 0.7442247118307321 -1.0658003441642805 -5.886834981507523 -4.551158264641479 9.243904074986176 15.509727504265989 28.949801210602256 12.01777152740167 14.434946062277852 3.9192111871026176 8.145085201739782 -4.04416895267878 -1.1676377931084339 14.546997446502672 3.054265388821398 6.655566041661576 -2.478701704673636 0.9536729931968146 16.028082001217072 -5.079461483407606 2.6571428275420494 -1.5703342271945253 -10.521952626982907 -8.514242536804398 -11.779289960139339 -3.198008105899639
5.531062124248497 6.247813566060483 -2.3144153556211045 1.034781658454893 -0.8192297766972523 -5.698937557480033 -4.340375547984667 9.659287238767813 16.03477851669087 29.600936557563532 12.392056597325638 14.835548446272973 4.263113543144363 8.531451985807387 -3.8207105208849255 -0.9175841851930968 15.053143912146474 3.3734622937500474 7.032132752215681 -2.2359114918116063 1.2495140958508166 16.548393910588608 -4.881109099128178 2.9662290113796885 -1.3239846260689525 -10.42167500268066 -8.374362841732433 -11.707753323855792 -2.9941522346601346
5.591182364729459 6.6174905383870986 -2.0698185389777812 1.3286692175213588 -0.5698509585049116 -5.508632991127502 -4.126948568673701 10.079234025997977 16.565568765088283 30.258383165086617 12.770008889864748 15.240439802793762 4.610933393470986 8.92182611443745 -3.59456615059167 -0.6649657704616387 15.56471639837224 3.6959780079156905 7.412872554211649 -1.9902270528002042 1.5487647156723483 17.074337768855585 -4.680369752967621 3.2787848674509945 -1.0748480222407686 -10.319882272643015 -8.232583071903361 -11.634993596943024 -2.7880717916541364
5.651302605210421 6.9909182970404515 -1.8225595620163837 1.6256110993730388 -0.3179006299716747 -5.3161095380043655 -3.9110848233440088 10.503361944703745 17.10162282529227 30.921582257708042 13.151292953006237 15.649253128033834 4.962347605565831 9.315848009572282 -3.365955619118451 -0.4100287019110318 16.0812517914428 4.021502862919653 7.79743589383985 -1.7418847066410414 1.8511434753899714 17.605438984409396 -4.47744432367795 3.594520635662679 -0.8231615886799837 -10.216686532041395 -8.08905005283444 -11.561097307069515 -2.579969195116334
5.7114228456913825 7.210097820753809 -1.6717309924454682 1.8033397855923639 -0.16458402591160493 -5.194921040970737 -3.7772450761235987 10.750004397318296 17.408948495213217 31.297543799242387 13.374531027287766 15.887547533767417 5.169614513624594 9.546067080352106 -3.225244298867419 -0.2552115321424189 16.377947315961457 4.214592178455841 8.022637922068263 -1.5904750403324819 2.031828445088806 17.910054025388042 -4.3506726881456 3.782416355335023 -0.6699961692747713 -10.143908418886232 -7.994419123396542 -11.504197099359404 -2.450478069672961
5.771543086172344 7.246116873830992 -1.635711939368285 1.8393588386695647 -0.1285649728344218 -5.158901987893536 -3.7412260230464156 10.78602345039548 17.4449675482904 31.33356285231957 13.410550080364949 15.9235665868446 5.205633566701777 9.58208613342929 -3.1892252457902357 -0.21919247906523576 16.413966369038658 4.250611231533042 8.058656975145446 -1.5544559872552988 2.067847498165989 17.946073078465226 -4.314653635068417 3.8184354084122063 -0.6339771161975882 -10.107889365809031 -7.958400070319341 -11.46817804628222 -2.414459016595778
5.831663326653306 7.28210019790744 -1.5997286152918555 1.8753421627459943 -0.09258164875799224 -5.1229186638171065 -3.705242698969986 10.822006774471909 17.48095087236683 31.369546176396003 13.446533404441396 15.959549910921048 5.241616890778224 9.618069457505719 -3.153241921713806 -0.1832091549888062 16.449949693115087 4.286594555609471 8.094640299221876 -1.5184726631788514 2.1038308222424362 17.982056402541655 -4.27867031099197 3.854418732488636 -0.5979937921211409 -10.071906041732602 -7.922416746242911 -11.432194722205773 -2.3784756925193307
5.891783567134269 7.318043178596714 -1.5637856346025636 1.9112851434352685 -0.056638668068700326 -5.086975683127832 -3.669299718280694 10.8579497551612 17.516893853056104 31.40548915708528 13.48247638513067 15.995492891610322 5.277559871467498 9.65401243819501 -3.117298941024514 -0.14726617429951427 16.48589267380436 4.3225375362987455 8.13058327991115 -1.4825296824895773 2.1397738029317104 18.01799938323093 -4.242727330302696 3.89036171317791 -0.5620508114318667 -10.035963061043327 -7.886473765553637 -11.3962517415165 -2.3425327118300565
5.95190380761523 7.353914631157554 -1.527914182041723 1.947156595996109 -0.020767215507877523 -5.051104230566992 -3.6334282657198536 10.893821207722041 17.552765305616944 31.44136060964612 13.518347837691511 16.031364344171163 5.313431324028339 9.689883890755834 -3.0814274884636736 -0.11139472173869147 16.521764126365202 4.358408988859586 8.16645473247199 -1.4466582299287367 2.175645255492551 18.05387083579177 -4.206855877741855 3.9262331657387506 -0.5261793588710262 -10.000091608482487 -7.850602312992796 -11.360380288955659 -2.306661259269216
6.012024048096192 7.389710622006742 -1.4921181911925352 1.9829525868452968 0.015028775341310308 -5.015308239717804 -3.5976322748706657 10.92961719857123 17.588561296466132 31.47715660049531 13.554143828540699 16.06716033502035 5.349227314877527 9.72567988160504 -3.045631497614486 -0.07559873088948588 16.55756011721439 4.394204979708774 8.202250723321178 -1.4108622390795489 2.2114412463417388 18.089666826640958 -4.171059886892667 3.9620291565879384 -0.49038336802183835 -9.964295617633299 -7.814806322143609 -11.32458429810647 -2.270865268420028
6.072144288577154 7.425381351448834 -1.456447461750443 2.0186233162874068 0.050699504783420224 -4.979637510275712 -3.5619615454285736 10.965287928013321 17.624232025908242 31.512827329937412 13.589814557982791 16.102831064462443 5.384898044319619 9.761350611047131 -3.0099607681723937 -0.039928001447393724 16.593230846656482 4.429875709150884 8.237921452763288 -1.3751915096374567 2.247111975783831 18.125337556083068 -4.135389157450575 3.9976998860300483 -0.4547126385797462 -9.92862488819119 -7.779135592701499 -11.288913568664379 -2.235194538977936
6.132264529058116 7.46095350569151 -1.4208753075077674 2.0541954705300824 0.0862716590260959 -4.944065356033018 -3.526389391185898 11.000860082255997 17.659804180150918 31.548399484180084 13.625386712225467 16.13840321870512 5.420470198562312 9.796922765289807 -2.974388613929718 -0.004355847204718044 16.628803000899175 4.4654478633935595 8.273493607005964 -1.339619355394781 2.2826841300265066 18.160909710325743 -4.0998170032078995 4.033272040272724 -0.4191404843370705 -9.893052733948513 -7.743563438458823 -11.253341414421703 -2.1996223847352603
6.192384769539078 7.496366679377804 -1.3854621338214734 2.0896086442163764 0.12168483271238983 -4.908652182346742 -3.490976217499604 11.036273255942291 17.69521735383721 31.58381265786638 13.66079988591176 16.173816392391412 5.455883372248588 9.832335938976101 -2.938975440243424 0.031057326481575886 16.66421617458545 4.500861037079853 8.308906780692258 -1.3042061817084871 2.3180973037128005 18.196322884012037 -4.064403829521606 4.068685213959018 -0.3837273106507766 -9.85763956026222 -7.708150264772529 -11.217928240735409 -2.1642092110489664
6.25250501002004 7.531636020480654 -1.350192792718623 2.124877985319209 0.15695417381522248 -4.873382841243892 -3.4557068763967536 11.071542597045141 17.730486694940044 31.619081998969225 13.696069227014611 16.209085733494263 5.491152713351439 9.867605280078934 -2.9037060991405736 0.06632666758440853 16.699485515688302 4.536130378182686 8.34417612179509 -1.2689368406056367 2.353366644815651 18.23159222511487 -4.029134488418755 4.103954555061851 -0.3484579695479262 -9.822370219159387 -7.672880923669696 -11.182658899632559 -2.128939869946116
6.312625250501002 7.566722020066496 -1.3151067931327987 2.159963984905051 0.1920401734010646 -4.83829684165805 -3.420620876810929 11.106628596630983 17.765572694525886 31.654167998555064 13.731155226600453 16.244171733080105 5.526238712937281 9.902691279664776 -2.8686200995547315 0.10141266717025066 16.734571515274144 4.571216377768528 8.379262121380933 -1.2338508410197946 2.388452644401493 18.266678224700712 -3.994048488832913 4.139040554647693 -0.31337196996208405 -9.787284219573545 -7.637794924083854 -11.147572900046717 -2.093853870360274
6.372745490981964 7.601626815558298 -1.2802019976409795 2.1948687803968525 0.22694496889286597 -4.803392046166248 -3.38571608131911 11.141533392122785 17.800477490017688 31.68907279404687 13.766060022092255 16.279076528571906 5.561143508429082 9.937596075156595 -2.83371530406293 0.1363174626620698 16.769476310765945 4.6061211732603295 8.414166916872734 -1.1989460455279932 2.4233574398932944 18.301583020192513 -3.9591436933411117 4.173945350139494 -0.2784671744702827 -9.752379424081743 -7.602890128592053 -11.112668104554915 -2.0589490748684725
6.432865731462925 7.636313171434885 -1.2455156417644098 2.22955513627344 0.2616313247694535 -4.768705690289661 -3.3510297254425403 11.176219747999355 17.835163845894275 31.723759149923442 13.800746377968824 16.313762884448476 5.59582986430567 9.972282431033165 -2.7990289481863604 0.17100381853863955 16.804162666642533 4.640807529136917 8.448853272749322 -1.1642596896514057 2.458043795769864 18.3362693760691 -3.924457337464524 4.208631706016082 -0.24378081859369516 -9.717693068205156 -7.568203772715465 -11.077981748678328 -2.024262718991885
6.492985971943887 7.670783282096032 -1.211045531103263 2.2640252469345867 0.2961014354306002 -4.734235579628514 -3.3165596147813936 11.210689858660519 17.869633956555422 31.758229260584603 13.835216488629989 16.34823299510964 5.630299974966817 10.006752541694311 -2.764558837525196 0.20547392919978624 16.83863277730368 4.675277639798064 8.483323383410468 -1.129789578990259 2.4925139064310287 18.370739486730248 -3.8899872268033775 4.243101816677228 -0.20931070793254847 -9.68322295754401 -7.533733662054319 -11.043511638017181 -1.9897926083307382
6.55310621242485 7.705012985724462 -1.1768158274748153 2.2982549505630345 0.330331139059048 -4.700005876000084 -3.282329911152946 11.244919562288949 17.90386366018387 31.792458964213036 13.869446192258419 16.38246269873807 5.664529678595247 10.040982245322759 -2.730329133896766 0.23970363282823404 16.87286248093211 4.709507343426512 8.517553087038916 -1.095559875361829 2.5267436100594587 18.404969190358695 -3.8557575231749475 4.277331520305676 -0.17508100430411844 -9.648993253915561 -7.499503958425871 -11.009281934388751 -1.9555629047023082
6.613226452905812 7.738991096737919 -1.142837716461358 2.332233061576474 0.36430925007250536 -4.666027764986627 -3.2483518001394884 11.278897673302406 17.937841771197327 31.826437075226497 13.903424303271876 16.416440809751528 5.698507789608704 10.074960356336216 -2.6963510228833085 0.2736817438416914 16.906840591945567 4.743485454439969 8.551531198052373 -1.0615817643483716 2.560721721072916 18.438947301372153 -3.82177941216149 4.3113096313191335 -0.14110289329066106 -9.615015142902122 -7.465525847412431 -10.975303823375294 -1.9215847936888508
6.673346693386773 7.772696205430485 -1.1091326077687924 2.3659381702690574 0.39801435876507085 -4.632322656294061 -3.214646691446923 11.312602781994972 17.971546879889893 31.860142183919063 13.937129411964442 16.450145918444093 5.7322128983012695 10.108665465028782 -2.662645914190743 0.3073868525342569 16.940545700638133 4.777190563132534 8.585236306744939 -1.027876655655806 2.5944268297654816 18.47265241006472 -3.7880743034689246 4.345014740011699 -0.10739778459809557 -9.581310034209539 -7.431820738719866 -10.941598714682728 -1.8878796849962853
6.733466933867735 7.806125969876305 -1.075702843322972 2.39936793471486 0.43144412321087344 -4.598892891848241 -3.1812169270011026 11.346032546440792 18.004976644335695 31.89357194836487 13.970559176410262 16.483575682889914 5.76564266274709 10.142095229474602 -2.6292161497449227 0.34081661698007726 16.973975465083953 4.810620327578337 8.618666071190741 -0.9944468912099858 2.627856594211302 18.50608217451052 -3.7546445390231042 4.3784445044575016 -0.07396802015227522 -9.547880269763736 -7.3983909742740455 -10.908168950236908 -1.854449920550465
6.793587174348697 7.839256136319559 -1.042572676879736 2.4324981011581137 0.46457428965412717 -4.565762725404987 -3.1480867605578666 11.379162712884028 18.03810681077895 31.926702114808126 14.003689342853516 16.516705849333167 5.7987728291903435 10.175225395917838 -2.5960859833016867 0.3739467834233132 17.007105631527207 4.843750494021591 8.651796237633995 -0.961316724766732 2.6609867606545556 18.539212340953775 -3.7215143725798505 4.411574670900755 -0.04083785370902149 -9.514750103320482 -7.365260807830792 -10.875038783793654 -1.8213197541072113
6.853707414829659 7.872088364343792 -1.009740448855485 2.4653303291823647 0.4974065176783782 -4.532930497380754 -3.1152545325336156 11.41199494090828 18.0709390388032 31.959534342832367 14.036521570877749 16.5495380773574 5.831605057214577 10.20805762394209 -2.5632537552774357 0.40677901144756423 17.03993785955144 4.876582722045842 8.684628465658246 -0.9284844967424988 2.693818988678789 18.572044568978026 -3.6886821445556173 4.444406898925006 -0.008005625684788242 -9.481917875296231 -7.3324285798065585 -10.84220655576942 -1.788487526082978
6.913827655310621 7.9045943305901645 -0.9772344826091128 2.497836295428719 0.5299124839247504 -4.500424531134382 -3.0827485662872434 11.444500907154652 18.103445005049572 31.992040309078735 14.069027537124121 16.582044043603773 5.864111023460949 10.240563590188462 -2.5307477890310635 0.4392849776939365 17.072443825797812 4.909088688292196 8.7171344319046 -0.8959785304961265 2.726324954925161 18.604550535224398 -3.656176178309245 4.4769128651713785 0.02450034056158401 -9.449411909049877 -7.299922613560186 -10.809700589523048 -1.7559815598366058
