web/models/kne/17/mosfit_kn_0.003466_0.1553_10.0000.dat
# %ECSV 1.0
# ---
# datatype:
# - {name: time, datatype: float64}
# - {name: PS1_g, datatype: float64}
# - {name: PS1_i, datatype: float64}
# - {name: PS1_r, datatype: float64}
# - {name: PS1_w, datatype: float64}
# - {name: PS1_y, datatype: float64}
# - {name: PS1_z, datatype: float64}
# - {name: swift_uvot_B, datatype: float64}
# - {name: swift_uvot_U, datatype: float64}
# - {name: swift_uvot_uvm2, datatype: float64}
# - {name: swift_uvot_uvw1, datatype: float64}
# - {name: swift_uvot_uvw2, datatype: float64}
# - {name: swift_uvot_V, datatype: float64}
# - {name: johnson_B, datatype: float64}
# - {name: johnson_I, datatype: float64}
# - {name: johnson_R, datatype: float64}
# - {name: johnson_U, datatype: float64}
# - {name: johnson_V, datatype: float64}
# - {name: sdss_g, datatype: float64}
# - {name: sdss_i, datatype: float64}
# - {name: sdss_r, datatype: float64}
# - {name: sdss_u, datatype: float64}
# - {name: sdss_z, datatype: float64}
# - {name: ATLAS_c, datatype: float64}
# - {name: ATLAS_o, datatype: float64}
# - {name: ukirt_H, datatype: float64}
# - {name: ukirt_J, datatype: float64}
# - {name: ukirt_K, datatype: float64}
# - {name: Clear, datatype: float64}
# meta: !!omap
# - comment: [kappa = 10.0, type = rprocess, mass = 0.003465724215782086, velocity = 0.15533333333333332, theta_obs = 0.0, tfloor = 1000.0]
# schema: astropy-2.0
time PS1_g PS1_i PS1_r PS1_w PS1_y PS1_z swift_uvot_B swift_uvot_U swift_uvot_uvm2 swift_uvot_uvw1 swift_uvot_uvw2 swift_uvot_V johnson_B johnson_I johnson_R johnson_U johnson_V sdss_g sdss_i sdss_r sdss_u sdss_z ATLAS_c ATLAS_o ukirt_H ukirt_J ukirt_K Clear
[from data line 470]
28.316633266533064 12.376728886560073 3.494900073360796 6.969970851398646 5.002047039894659 -0.028289975164472736 1.3893859896826655 15.91663546312456 22.57557956101948 36.464174865048655 18.54116209309403 21.05417859957368 10.336245579430859 14.71269814615837 1.9413867669388454 4.911419533663845 21.544578381767728 9.381223244262122 13.189268987874527 3.5761560254737823 7.19845951089507 23.076685091194307 0.8159583776606638 8.949047421141287 4.496634896531493 -4.977277353079951 -2.82778805759026 -6.33756603355314 2.716152996133303
28.376753507014026 12.383948143926276 3.5021193307269805 6.97719010876483 5.009266297260844 -0.021070717798270522 1.39660524704885 15.923854720490745 22.582798818385665 36.47139412241484 18.548381350460232 21.061397856939873 10.343464836797061 14.719917403524555 1.9486060243050476 4.9186387910300295 21.551797639133923 9.388442501628306 13.196488245240712 3.5833752828399845 7.205678768261272 23.08390434856049 0.823177635026866 8.956266678507472 4.503854153897695 -4.9700580957137666 -2.8205688002240756 -6.330346776186937 2.7233722534995053
28.43687374749499 12.391159693291538 3.5093308800922607 6.9844016581301105 5.016477846626124 -0.013859168433008051 1.4038167964141302 15.931066269856025 22.590010367750946 36.478605671780116 18.555592899825495 21.068609406305146 10.350676386162323 14.727128952889835 1.95581757367031 4.92585034039531 21.559009188499196 9.395654050993587 13.203699794605992 3.590586832205247 7.212890317626535 23.09111589792577 0.8303891843921285 8.963478227872752 4.5110657032629575 -4.962846546348486 -2.8133572508587954 -6.323135226821675 2.7305838028647678
28.49699398797595 12.398363541658242 3.5165347284589643 6.991605506496814 5.023681694992828 -0.0066553200663044265 1.4110206447808338 15.938270118222729 22.597214216117642 36.48580952014682 18.5627967481922 21.07581325467185 10.357880234529027 14.734332801256539 1.9630214220370137 4.933054188762013 21.566213036865896 9.40285789936029 13.210903642972696 3.5977906805719506 7.220094165993238 23.098319746292468 0.8375930327588321 8.970682076239456 4.518269551629661 -4.955642697981783 -2.8061534024920918 -6.315931378454971 2.7377876512314714
28.557114228456914 12.405559691889234 3.523730878689957 6.998801656727807 5.03087784522382 0.0005408301647058522 1.4182167950118263 15.945466268453721 22.60441036634864 36.49300567037781 18.56999289842319 21.083009404902842 10.365076384760037 14.741528951487531 1.9702175722680062 4.940250338993006 21.573409187096892 9.410054049591283 13.218099793203688 3.604986830802943 7.227290316224231 23.105515896523467 0.8447891829898246 8.977878226470448 4.525465701860654 -4.94844654775079 -2.7989572522610993 -6.308735228223979 2.7449838014624817
28.617234468937873 12.412748148431785 3.5309193352325074 7.005990113270357 5.038066301766371 0.007729286707238714 1.425405251554377 15.952654724996272 22.61159882289118 36.50019412692036 18.57718135496574 21.090197861445393 10.37226484130257 14.748717408030082 1.9774060288105568 4.9474387955355565 21.580597643639443 9.417242506133833 13.225288249746239 3.6121752873454938 7.234478772766781 23.112704353066007 0.8519776395323753 8.985066683012999 4.532654158403204 -4.9412580912082396 -2.7917687957185486 -6.301546771681428 2.7521722580050145
28.677354709418836 12.419928916318295 3.5381001031190173 7.013170881156849 5.045247069652863 0.014910054593748612 1.4325860194408868 15.959835492882782 22.61877959077769 36.507374894806865 18.58436212285225 21.097378629331896 10.37944560918908 14.755898175916574 1.9845867966970667 4.954619563422049 21.587778411525942 9.424423274020326 13.23246901763273 3.6193560552320037 7.241659540653291 23.119885120952517 0.8591584074188852 8.992247450899491 4.539834926289714 -4.934077323321747 -2.7845880278320565 -6.294366003794918 2.7593530258915244
28.7374749498998 12.42710199778843 3.5452731845891527 7.020343962626985 5.052420151122998 0.022083136063884012 1.4397591009110222 15.967008574352917 22.625952672247827 36.514547976277 18.591535204322387 21.10455171080203 10.386618690659216 14.76307125738671 1.9917598781672021 4.961792644892184 21.594951492996078 9.431596355490461 13.239642099102866 3.626529136702139 7.248832622123427 23.127058202422653 0.8663314888890206 8.999420532369626 4.54700800775985 -4.926904241851612 -2.777414946361921 -6.287192922324783 2.76652610736166
28.79759519038076 12.43426739928136 3.552438586082065 7.027509364119915 5.059585552615928 0.029248537556814114 1.4469245024039346 15.97417397584583 22.63311807374075 36.52171337776992 18.5987006058153 21.111717112294958 10.393784092152146 14.77023665887964 1.9989252796601145 4.968958046385114 21.602116894489008 9.438761756983391 13.246807500595796 3.633694538195069 7.255998023616339 23.134223603915576 0.8734968903819507 9.006585933862556 4.55417340925278 -4.919738840358682 -2.770249544868991 -6.280027520831853 2.77369150885459
28.857715430861724 12.44142512946679 3.5595963162675126 7.034667094305345 5.066743282801358 0.03640626774224387 1.454082232589382 15.981331706031277 22.640275803926187 36.52887110795536 18.605858336000747 21.11887484248039 10.400941822337575 14.77739438906507 2.006083009845562 4.976115776570544 21.609274624674438 9.44591948716882 13.253965230781226 3.640852268380499 7.263155753801787 23.141381334101013 0.8806546205673804 9.013743664047986 4.5613311394382094 -4.912581110173252 -2.7630918146835612 -6.272869790646423 2.7808492390400197
28.917835671342683 12.448575189997086 3.566746376797809 7.041817154835641 5.073893343331655 0.04355632827254041 1.4612322931196786 15.988481766561573 22.647425864456487 36.536021168485654 18.613008396531043 21.126024903010695 10.408091882867872 14.784544449595383 2.0132330703758585 4.9832658371008405 21.616424685204734 9.453069547699117 13.261115291311523 3.6480023289107955 7.270305814332083 23.148531394631313 0.887804681097677 9.020893724578283 4.568481199968506 -4.905431049642956 -2.7559417541532647 -6.2657197301161265 2.7879992995703162
28.977955911823646 12.455717586747621 3.573888773548344 7.048959551586194 5.081035740082207 0.05069872502307504 1.4683746898702132 15.995624163312108 22.65456826120703 36.5431635652362 18.620150793281578 21.13316729976123 10.415234279618407 14.791686846345918 2.020375467126393 4.990408233851393 21.62356708195528 9.46021194444967 13.268257688062075 3.65514472566133 7.277448211082618 23.155673791381854 0.8949470778482116 9.028036121328835 4.575623596719041 -4.898288652892403 -2.7487993574027123 -6.258577333365592 2.795141696320851
29.03807615230461 12.462852324792415 3.5810235115931377 7.05609428963097 5.088170478126983 0.05783346306786896 1.4755094279150072 16.002758901356902 22.661702999251816 36.55029830328099 18.627285531326372 21.140302037806013 10.4223690176632 14.798821584390712 2.027510205171187 4.997542971896169 21.630701820000063 9.467346682494446 13.275392426106851 3.662279463706124 7.284582949127412 23.16280852942664 0.9020818158930055 9.035170859373611 4.5827583347638345 -4.891153914847627 -2.741664619357936 -6.251442595320798 2.8022764343656448
29.09819639278557 12.469979407708696 3.5881505945094005 7.06322137254725 5.095297561043264 0.06496054598414958 1.48263651083127 16.009885984273165 22.668830082168085 36.55742538619726 18.634412614242635 21.147429120722297 10.429496100579481 14.805948667306975 2.03463728808745 5.00467005481245 21.637828902916343 9.474473765410727 13.282519509023132 3.6694065466224046 7.2917100320436745 23.16993561234291 0.9092088988092861 9.042297942289892 4.589885417680115 -4.8840268319313465 -2.7345375364416555 -6.244315512404517 2.8094035172819254
29.158316633266534 12.477098843468557 3.595270030269262 7.070340808307112 5.102416996803125 0.07207998174401098 1.4897559465911314 16.017005420033044 22.675949517927947 36.56454482195713 18.641532050002514 21.15454855648216 10.436615536339342 14.813068103066836 2.041756723847329 5.011789490572311 21.644948338676205 9.481593201170588 13.289638944782993 3.676525982382266 7.298829467803554 23.177055048102773 0.9163283345691475 9.049417378049753 4.597004853439977 -4.876907396171485 -2.727418100681794 -6.237196076644656 2.816522953041787
29.218436873747493 12.484210636183253 3.6023818229839755 7.077452601021825 5.109528789517839 0.0791917744587245 1.496867739305845 16.02411721274774 22.68306131064266 36.57165661467183 18.64864384271721 21.16166034919686 10.443727329054056 14.82017989578155 2.048868516562025 5.018901283287025 21.65206013139091 9.488704993885301 13.296750737497707 3.6836377750969618 7.305941260518249 23.184166840817486 0.9234401272838433 9.056529170764467 4.604116646154672 -4.8697956034567715 -2.7203063079670806 -6.23008428392996 2.8236347457564825
29.278557114228455 12.49131478647536 3.609485973276083 7.084556751313933 5.116632939809946 0.08629592475083214 1.5039718895979526 16.031221363039847 22.690165460934768 36.57876076496394 18.655747993009317 21.168764499488976 10.450831479346164 14.827284046073657 2.0559726668541325 5.026005433579132 21.65916428168302 9.495809144177409 13.303854887789814 3.6907419253890694 7.313045410810357 23.191270991109594 0.9305442775759509 9.063633321056574 4.61122079644678 -4.862691453164664 -2.713202157674973 -6.2229801336378525 2.830738896048608
29.338677354709418 12.49841130360739 3.6165824904081134 7.0916532684459455 5.123729456941959 0.09339244188284468 1.5110684067299829 16.038317880171878 22.69726197806679 36.585857282095965 18.662844510141348 21.17586101662099 10.457927996478176 14.83438056320567 2.063069183986163 5.033101950711145 21.66626079881504 9.502905661309422 13.310951404921827 3.6978384425210997 7.320141927942387 23.198367508241617 0.9376407947079812 9.070729838188587 4.61831731357881 -4.855594936032651 -2.7061056405429604 -6.215883616505822 2.8378354131806205
29.39879759519038 12.505500194047361 3.6236713808480836 7.098742158885916 5.130818347381929 0.10048133232281486 1.518157297169953 16.045406770611848 22.704350868506758 36.59294617253593 18.669933400581318 21.18294990706097 10.465016886918146 14.841469453645658 2.070158074426133 5.040190841151133 21.67334968925501 9.509994551749392 13.318040295361797 3.70492733296107 7.327230818382358 23.205456398681584 0.9447296851479514 9.077818728628557 4.62540620401878 -4.848506045592681 -2.6990167501029902 -6.208794726065852 2.8449243036205907
29.458917835671343 12.512581460538996 3.630752647339701 7.105823425377551 5.137899613873564 0.10756259881445018 1.5252385636615706 16.052488037103466 22.711432134998386 36.60002743902756 18.677014667072953 21.190031173552594 10.472098153409782 14.848550720137276 2.0772393409177505 5.04727210764275 21.680430955746644 9.517075818241027 13.325121561853432 3.7120085994527052 7.334312084873993 23.212537665173212 0.9518109516395867 9.084899995120193 4.632487470510416 -4.841424779101046 -2.691935483611355 -6.201713459574217 2.852005570112226
29.519038076152302 12.519655110128642 3.637826296929365 7.112897074967197 5.144973263463228 0.11463624840409636 1.5323122132512346 16.05956168669313 22.71850578458804 36.60710108861722 18.6840883166626 21.19710482314225 10.479171802999428 14.85562436972694 2.0843129905074145 5.054345757232414 21.6875046053363 9.524149467830673 13.332195211443096 3.7190822490423514 7.341385734463639 23.219611314762865 0.9588846012292329 9.091973644709856 4.639561120100062 -4.8343511295114 -2.6848618340217087 -6.1946398099845705 2.859079219701872
29.579158316633265 12.526721149655291 3.6448923364560137 7.1199631144938635 5.152039302989877 0.12170228793076276 1.5393782527778832 16.066627726219778 22.7255718241147 36.61416712814387 18.691154356189248 21.204170862668906 10.486237842526094 14.862690409253588 2.091379030034063 5.061411796759063 21.69457064486295 9.53121550735734 13.339261250969745 3.726148288569 7.348451773990288 23.226677354289524 0.9659506407558993 9.099039684236505 4.646627159626711 -4.827285089984733 -2.6777957944950423 -6.187573770457922 2.8661452592285386
29.639278557114228 12.533779582315336 3.651950769116059 7.127021547153891 5.159097735649922 0.12876072059079036 1.5464366854379286 16.073686158879823 22.732630256774733 36.62122556080391 18.698212788849293 21.211229295328945 10.493296275186122 14.869748841913633 2.0984374626941085 5.068470229419108 21.701629077522995 9.538273940017367 13.34631968362979 3.7332067212290454 7.355510206650333 23.23373578694956 0.9730090734159269 9.10609811689655 4.653685592286756 -4.820226657324706 -2.6707373618350148 -6.1805153377978765 2.873203691888566
29.69939879759519 12.540830413403672 3.6590016002043946 7.134072378242244 5.166148566738258 0.1358115516791436 1.553487516526264 16.08073698996816 22.73968108786308 36.62827639189225 18.70526361993763 21.218280126417287 10.500347106274475 14.876799673001969 2.105488293782444 5.075521060507444 21.70867990861133 9.54532477110572 13.353370514718126 3.740257552317381 7.3625610377386685 23.240786618037905 0.9800599045042624 9.113148947984886 4.660736423375091 -4.813175826236352 -2.6636865307466615 -6.173464506709541 2.8802545229769194
29.75951903807615 12.54787364874824 3.6660448355489628 7.141115613586795 5.173191802082826 0.14285478702369403 1.5605307518708322 16.087780225312727 22.746724323207637 36.63531962723682 18.712306855282197 21.22532336176185 10.507390341619026 14.883842908346537 2.112531529127012 5.082564295852012 21.7157231439559 9.552368006450271 13.360413750062694 3.747300787661949 7.369604273083237 23.247829853382463 0.9871031398488306 9.120192183329454 4.66777965871966 -4.806132590891802 -2.656643295402111 -6.166421271364973 2.88729775832147
29.819639278557112 12.554909291597927 3.6730804783986493 7.148151256436499 5.1802274449325125 0.1498904298733983 1.5675663947205187 16.094815868162414 22.753759966057334 36.642355270086505 18.71934249813189 21.232359004611542 10.51442598446873 14.890878551196224 2.1195671719766986 5.089599938701698 21.722758786805585 9.559403649299975 13.36744939291238 3.7543364305116356 7.376639915932923 23.25486549623216 0.9941387826985348 9.12722782617914 4.674815301569346 -4.799096948042098 -2.649607652552407 -6.159385628515269 2.894333401171174
29.879759519038075 12.561937349381544 3.680108536182267 7.155179314220117 5.1872555027161305 0.15691848765701621 1.5745944525041367 16.10184392594603 22.760788023840952 36.649383327870126 18.726370555915512 21.239387062395163 10.521454042252348 14.897906608979842 2.1265952297603166 5.096627996485316 21.7297868445892 9.566431707083593 13.374477450695998 3.7613644882952535 7.383667973716541 23.261893554015778 1.001166840482135 9.134255883962759 4.681843359352964 -4.79206889025848 -2.642579594768789 -6.1523575707316684 2.901361458954792
29.939879759519037 12.568957829184502 3.6871290159852066 7.162199794023056 5.19427598251907 0.16393896745995562 1.581614932307076 16.10886440574897 22.76780850364389 36.656403807673065 18.73339103571845 21.246407542198103 10.528474522055287 14.904927088782781 2.133615709563256 5.103648476288256 21.73680732439215 9.573452186886533 13.381497930498938 3.7683849680982107 7.390688453519481 23.268914033818717 1.0081873202850922 9.141276363765698 4.688863839155921 -4.78504841045554 -2.6355591149658495 -6.145337090928711 2.9083819387577314
30.0 12.575970733917732 3.6941419207184545 7.1692126987562865 5.2012888872523 0.17095187219318575 1.588627837040324 16.11587731048222 22.77482140837713 36.6634167124063 18.74040394045169 21.253420446931333 10.535487426788517 14.911939993516029 2.140628614296504 5.110661381021486 21.74382022912538 9.580465091619763 13.388510835232168 3.775397872831441 7.3977013582527285 23.275926938551954 1.0152002250183223 9.148289268498928 4.695876743889151 -4.77803550572231 -2.6285462102326194 -6.138324186195481 2.9153948434909616
