web/models/kne/17/mosfit_kn_0.033839_0.2807_3.6500.dat
# %ECSV 1.0
# ---
# datatype:
# - {name: time, datatype: float64}
# - {name: PS1_g, datatype: float64}
# - {name: PS1_i, datatype: float64}
# - {name: PS1_r, datatype: float64}
# - {name: PS1_w, datatype: float64}
# - {name: PS1_y, datatype: float64}
# - {name: PS1_z, datatype: float64}
# - {name: swift_uvot_B, datatype: float64}
# - {name: swift_uvot_U, datatype: float64}
# - {name: swift_uvot_uvm2, datatype: float64}
# - {name: swift_uvot_uvw1, datatype: float64}
# - {name: swift_uvot_uvw2, datatype: float64}
# - {name: swift_uvot_V, datatype: float64}
# - {name: johnson_B, datatype: float64}
# - {name: johnson_I, datatype: float64}
# - {name: johnson_R, datatype: float64}
# - {name: johnson_U, datatype: float64}
# - {name: johnson_V, datatype: float64}
# - {name: sdss_g, datatype: float64}
# - {name: sdss_i, datatype: float64}
# - {name: sdss_r, datatype: float64}
# - {name: sdss_u, datatype: float64}
# - {name: sdss_z, datatype: float64}
# - {name: ATLAS_c, datatype: float64}
# - {name: ATLAS_o, datatype: float64}
# - {name: ukirt_H, datatype: float64}
# - {name: ukirt_J, datatype: float64}
# - {name: ukirt_K, datatype: float64}
# - {name: Clear, datatype: float64}
# meta: !!omap
# - comment: [kappa = 3.65, type = rprocess, mass = 0.03383890769761434, velocity = 0.2806666666666667, theta_obs = 0.0, tfloor = 1000.0]
# schema: astropy-2.0
time PS1_g PS1_i PS1_r PS1_w PS1_y PS1_z swift_uvot_B swift_uvot_U swift_uvot_uvm2 swift_uvot_uvw1 swift_uvot_uvw2 swift_uvot_V johnson_B johnson_I johnson_R johnson_U johnson_V sdss_g sdss_i sdss_r sdss_u sdss_z ATLAS_c ATLAS_o ukirt_H ukirt_J ukirt_K Clear
[from data line 85]
5.170340681362725 -4.8536324212384585 -10.041076371825248 -8.036789260114432 -8.753720753259469 -11.954853311355187 -11.211327469933519 -2.792660055908761 0.6514311431471145 10.365267780548418 0.7720849687947688 2.7045126023599377 -6.219978653423593 -3.24824659007858 -11.065853773354945 -9.036938165848209 0.14160840687689424 -6.568713176484377 -4.373852135568015 -9.99622027600573 -7.950894128260728 1.2808125382925262 -11.460941898844137 -6.641007822392417 -9.25451490020663 -14.325197543093873 -13.347409703906512 -14.84270158334329 -9.83815235127592
5.2304609218436875 -4.675836665291762 -9.928981139981623 -7.898245336974927 -8.635403542514588 -11.871349993031792 -11.116082006577734 -2.5889111773673354 0.9108864696578858 10.712234186374175 0.9679101768270475 2.9047447760209946 -6.0551156618209605 -3.0548679174168787 -10.96276482206233 -8.913649841122925 0.39261406432822066 -6.41172779027247 -4.190069388263904 -9.883409032779209 -7.810244814441258 1.5380477749924815 -11.37044798892859 -6.4909571580919945 -9.136453003517193 -14.286376441792273 -13.288165648933335 -14.818330138119256 -9.739338746075532
5.290581162324649 -4.495861041414528 -9.815275471803666 -7.757870387762793 -8.515547101871661 -11.786493978710233 -11.019369158289685 -2.382731337930749 1.1733198159976157 11.062260529173141 1.1656284937799204 3.1071864201330226 -5.888131580438974 -2.85927172238797 -10.85816129145159 -8.788803306708363 0.6465028424819753 -6.252795402274509 -4.0040549756249355 -9.768982764770744 -7.6677256415200645 1.7982534730080957 -11.278563454218933 -6.33904562275637 -9.016829856857704 -14.246658219378181 -13.227819118878282 -14.793219745299487 -9.639238253966411
5.350701402805611 -4.313575907222056 -9.699873649458208 -7.61556150594636 -8.394061885253574 -11.70021823962804 -10.921113985886333 -2.173973866259412 1.438916401733348 11.415579863554012 1.3653802274697928 3.3119859195281767 -5.718905221241671 -2.6613209466304473 -10.751963760984157 -8.662309480840726 0.9034529952164473 -6.091803232745307 -3.815675409179171 -9.652855379655918 -7.523231995786013 2.0616126162269666 -11.185217603986999 -6.185162328402036 -8.895557238434115 -14.206005667204112 -13.166319519590049 -14.76734278966594 -9.537775605104706
5.410821643286573 -4.128890002508445 -9.582715789555802 -7.471246691655242 -8.270885558024723 -11.61247612154984 -10.821264147550593 -1.9625354057398348 1.7078075932808015 11.772354158775965 1.567262966640293 3.5192484411303018 -5.547351245679633 -2.4609200797852577 -10.64411695489434 -8.534107547252809 1.163590468204354 -5.928673083556075 -3.624836734019823 -9.534966762835495 -7.376690543179638 2.3282547481734284 -11.090361522520205 -6.029229577077668 -8.772574046595523 -14.16439351211581 -13.103632059122708 -14.740680869069765 -9.434899164889927
5.4709418837675345 -3.941998183399704 -9.463935635462288 -7.325084767947931 -8.146157575633826 -11.523374288340058 -10.719937210973889 -1.7486353883577543 1.979723237049136 12.132224479098884 1.771064710869759 3.7287619204474045 -5.373652497639665 -2.2582812234023426 -10.534746462800754 -8.404345404001223 1.4266516579319588 -5.763583403154937 -3.431739546231398 -9.415451430209849 -7.228261838370038 2.597910938743695 -10.994109370419753 -5.871416343958025 -8.648020710214617 -14.12188656580369 -13.039840922076118 -14.713285156698158 -9.330731252052349
5.531062124248497 -3.7526924707522014 -9.343394205623383 -7.176909521846895 -8.019733162219023 -11.432803348227942 -10.617011350065155 -1.5320388615533809 2.254958310351345 12.495566409910502 1.9770089302873655 3.9407602402253663 -5.197614268053717 -2.0531834771268227 -10.42372310596501 -8.27287712041895 1.6929211728332194 -5.59635147388519 -3.236169760188563 -9.29416977028426 -7.077777097443665 2.870873034255119 -10.896345595129233 -5.711544214492097 -8.521753774387495 -14.078422505808044 -12.974862540517032 -14.685108508243887 -9.225149150510408
5.591182364729459 -3.561053547792703 -9.22114789780684 -7.026787628538234 -7.891671088720944 -11.340808630099772 -10.512536200039442 -1.3128365342098747 2.5334026837278323 12.862230435965976 2.1850070388088487 4.155157348413315 -5.019312451229479 -1.8457162221728078 -10.311100204083356 -8.139767271128068 1.9622906029667209 -5.42705348414511 -3.038210459603725 -9.171178562285647 -6.925303528801443 3.1470308428454707 -10.797119193262805 -5.549683614256846 -8.393833077127812 -14.034029919030607 -12.908733409174962 -14.656173986600612 -9.11820556879313
5.651302605210421 -3.3671238390694036 -9.097227218107786 -6.874754892391675 -7.762003006542777 -11.24741493712051 -10.406538665992748 -1.0910759947324522 2.8149997971052443 13.232138031703787 2.395012170383968 4.3719094820319135 -4.838787160610665 -1.6359276226077173 -10.196906874193072 -8.005052401293213 2.234703500019275 -5.255731334976656 -2.8379053501070217 -9.046508561989217 -6.77087708790765 3.4263272957397994 -10.696457336276524 -5.385871886694087 -8.264291377801083 -13.98872523909583 -12.841474044113726 -14.626495195389511 -9.009929745126808
5.7114228456913825 -3.1706702517995033 -8.971475910264957 -6.720624730069922 -7.63056660986809 -11.152499001960656 -10.298881594120068 -0.8664940277416477 3.100079802500968 13.605709426781814 2.6072729127040266 4.5912769886555225 -4.65581996657462 -1.4235703371102242 -10.080997820121429 -7.8685687924249 2.510478427991625 -5.082180218748406 -2.635014547164669 -8.920002818964061 -6.614308295618638 3.7090890964831935 -10.594229964978528 -5.2199090874029075 -8.132967613912854 -13.942437834650184 -12.772990051890163 -14.59601849454973 -8.900184168257095
5.771543086172344 -2.9720482623982925 -8.844136615889742 -6.56468559072616 -7.497613728637873 -11.056253719514455 -10.189778174466344 -0.6394914616979819 3.3881464990094656 13.982301812033434 2.8214068321115353 4.812869966599781 -4.470744854575604 -1.209028274130745 -9.963600240673706 -7.7305804466722465 2.789132531142602 -4.906722541429358 -2.429904013081199 -8.79190530867735 -6.455889254162717 3.994822787502059 -10.490642825620142 -5.052102026028464 -8.000114543547081 -13.895282766201385 -12.703432287276629 -14.56483350600079 -8.789187283872
5.831663326653306 -2.770903664338107 -8.714970873804457 -6.4066530913931 -7.362896855705134 -10.958490565236882 -10.07901897015886 -0.40966848988278953 3.6796999915447515 14.36255455653059 3.0377916827633915 5.037081906462909 -4.283229686836052 -0.9919244129401898 -9.844492077755362 -7.590835828890541 3.0711491042210315 -4.729045256069832 -2.2222092268342664 -8.661976472259116 -6.295331327985636 4.284023700269977 -10.38549667730626 -4.8821464872079545 -7.865485920208926 -13.847150958564336 -12.632655685974806 -14.532856856797396 -8.67672845545254
5.891783567134269 -2.567399418217029 -8.584090811325602 -6.246660278195915 -7.226532215722923 -10.859298927856393 -9.966702502635005 -0.17720880223717755 3.9745141974329634 14.7461744599971 3.25625165580048 5.263735224772091 -4.093427845010827 -0.7724361536882756 -9.72377863593761 -7.4494589615565525 3.35630721130461 -4.54929845997787 -2.012098007097407 -8.530329116260216 -6.132769106400193 4.576466405088286 -10.278887389067375 -4.710183418598692 -7.729198976734786 -13.798096536472853 -12.56073073790734 -14.500131048920737 -8.562909508819043
5.95190380761523 -2.361574832528053 -8.451524745610932 -6.0847403882880435 -7.088548932713916 -10.75870174621718 -9.852853672578128 0.057843388122450545 4.272536540935548 15.13309285105517 3.4767437800087646 5.492788806729131 -3.9013767155236083 -0.5506082151527496 -9.60148694421455 -7.306483917064697 3.644554174679857 -4.367521533872371 -1.7996109007998484 -8.396991814423913 -5.968236017117636 4.872097646316895 -10.170840268660548 -4.5362472350411664 -7.591283898735153 -13.748134523583316 -12.487676347137791 -14.466668360832331 -8.447757345428375
6.012024048096192 -2.153239845849253 -8.317145318969299 -5.920741464347117 -6.9488150609713095 -10.656598432131847 -9.737360516998681 0.29570263745957065 4.57403658614238 15.523652931582813 3.6994689896092408 5.7244540415633836 -3.7068981679851136 -0.32623992765190507 -9.477498703969822 -7.1617787498696055 3.936149574428416 -4.183548812160766 -1.584552393568739 -8.261836695816722 -5.801577660206938 5.171183877439081 -10.061249652034387 -4.360175085455094 -7.451609847849365 -13.697207372602945 -12.413415613080756 -14.43242510021994 -8.331160826354225
6.072144288577154 -1.942685895102354 -8.181151936122184 -5.754900283503783 -6.80753660187845 -10.553147616047767 -9.620398308527882 0.53604021711119 4.878607435647986 15.917335837469185 3.9241166756633032 5.958411860505702 -3.5102666070150628 -0.09964566521340529 -9.352000637027473 -7.015559888575756 4.230697228310259 -3.9976452307609707 -1.3672225463032994 -8.125064279042586 -5.633033944114505 5.473320116247518 -9.950284787230856 -4.182218094829295 -7.31038378932638 -13.645409661284285 -12.338072590272338 -14.39747477771421 -8.213298354594922
6.132264529058116 -1.7295618013069536 -8.043307791117975 -5.58693476971472 -6.664468577442335 -10.448161789060144 -9.501758791269879 0.7792524315819349 5.18674494346854 16.314773580384113 4.151058376437806 6.195050589232821 -3.3111524411891695 0.12954734909843396 -9.224772287916487 -6.867579057692173 4.528675972797547 -3.809501334389773 -1.1472600534884059 -7.986436716624858 -5.462318475066752 5.778997368061027 -9.837747974868165 -4.002074916778078 -7.167361844400393 -13.592632738038224 -12.261502955585842 -14.361734269760332 -8.093962087267403
6.192384769539078 -1.514218855975411 -7.903852989773448 -5.417130027917647 -6.519858706737942 -10.34183189228985 -9.381653054851462 1.0249429739632532 5.497957891405569 16.715343331686775 4.37992129661664 6.4339853454610605 -3.109886537041196 0.3609611115648332 -9.09603833014516 -6.718095517259244 4.829607936359935 -3.6194354863873075 -0.9250265832662485 -7.846195428529281 -5.289720261459117 6.087726911853633 -9.723842665541067 -3.8200479312457425 -7.022792663404793 -13.538990028578029 -12.183855734010914 -14.325291506383467 -7.973365896507492
6.25250501002004 -1.296353112922084 -7.762582686415023 -5.245242081058095 -6.3734952364382025 -10.233995689996878 -9.259900863800734 1.273454823838297 5.812675743450022 17.1195925438481 4.611026251710246 6.675551964244498 -2.90618364971379 0.5949176441193555 -8.965608154673507 -6.566895415039185 5.133907496504982 -3.4271807443598385 -0.700209476500131 -7.704134701842431 -5.114991541258842 6.399933809838725 -9.60839809887112 -3.635876446337196 -6.876465528283067 -13.484387648088754 -12.105006171095523 -14.288074703405654 -7.8513305517752485
6.312625250501002 -1.0762073041676956 -7.619663331036168 -5.071468373554229 -6.225549520144149 -10.124785677189667 -9.13664856063038 1.5245141245961313 6.130559617439513 17.52709498058651 4.844116565710763 6.919485058041822 -2.7002727421300614 0.831155261416608 -8.833637655477073 -6.414159214608895 5.441244456963037 -3.232958418593694 -0.47305868399575957 -7.560421938427737 -4.938332457168926 6.715280499601413 -9.49155575025296 -3.449769383669743 -6.728552714952141 -13.428904617843427 -12.025057917146976 -14.25014520013418 -7.72800436498569
6.372745490981964 -0.8536173703896033 -7.4749850228455195 -4.895677854974156 -6.075907872914836 -10.014114924842232 -9.011799365940014 1.7783059905490617 6.45184232495577 17.938149183169646 5.079365015573849 7.16596629167373 -2.4920001311877664 1.0698464779021817 -8.700024835963617 -6.259774117520334 5.75184255104374 -3.036626716445256 -0.24340553766352357 -7.41494684768865 -4.75960982966404 7.0339968143858655 -9.373224743597248 -3.261586239573422 -6.57894150033151 -13.372491174314137 -11.943944552863888 -14.211465146344489 -7.603292046403709
6.432865731462925 -0.6286790212339177 -7.328614356015404 -4.717949234225056 -5.924638496183565 -9.902036640349774 -8.885411780926482 2.034722421947305 6.7763914692778116 18.352592518054124 5.316670831818815 7.414891831997249 -2.281456584720119 1.310886716695055 -8.564832384951544 -6.103814370196148 6.065571663360963 -2.8382757134102627 -0.011348701702562636 -7.267776493246334 -4.578903363570301 7.355950095934745 -9.253462591559352 -3.0714095522190554 -6.427700988603036 -13.315179732341631 -11.861708227646195 -14.172059927563135 -7.477253637670405
6.492985971943887 -0.40138822259748963 -7.180550151746701 -4.5382806644357565 -5.771739692365401 -9.788550205000508 -8.757484671267566 2.293767948490463 7.104214798223314 18.770440334956074 5.556038599814155 7.666267382972723 -2.0686390578592055 1.554277860218139 -8.428059744457219 -5.946282310397007 6.382437452153862 -2.637906505646332 0.22311579423554662 -7.118909840342464 -4.396211030702659 7.681146763398949 -9.13226983621037 -2.8792361751056816 -6.27483037439994 -13.25697109103565 -11.778349358367207 -14.131930562879978 -7.349889450892082
6.55310621242485 -0.17170951011628688 -7.030769848441647 -4.3566449042636535 -5.617187765367451 -9.673637994079414 -8.627998064472067 2.5554825511362624 7.435364212305426 19.19176400495093 5.797505967699728 7.920133044752951 -1.853514931405347 1.8000552647963237 -8.289686406913798 -5.7871576971411836 6.702488316890729 -2.435492246670276 0.4600242495175344 -6.968324374211026 -4.211505034028367 8.009637036311918 -9.009629067609684 -2.6850359790115874 -6.120306832064433 -13.19785604290322 -11.693855170195418 -14.091070349770012 -7.221181051556069
6.613226452905812 0.06024967325490849 -6.879348067526987 -4.173130112219248 -5.461058875129101 -9.557359605750584 -8.497017556600976 2.819744958453602 7.769690562181886 19.616382986020778 6.040961245020622 8.176372141542455 -1.6361862060767975 2.048102244869035 -8.149782510411676 -5.626522711483227 7.025577964098229 -2.23113340284472 0.6992659102889043 -6.816095226171761 -4.024874753816938 8.341271593592019 -8.885604529044624 -2.4889013992769904 -5.96420734965271 -13.137870634100535 -11.608272678196608 -14.049507373442596 -7.091195035060505
6.673346693386773 0.29461969838628477 -6.726197688201836 -3.9876323770738686 -5.303262936399147 -9.439646085739284 -8.36446630918605 3.086702214173468 8.107379130774142 20.044537154976588 6.286541731681421 8.435128724362603 -1.4165309290511032 2.2985552046862305 -8.008267320641338 -5.4642889782361275 7.351883925578953 -2.0247187020676245 0.9409747066563767 -6.6621350249410405 -3.836214578353907 8.676232992397193 -8.760124601656258 -2.290720857414499 -5.806442671150442 -13.076975492753869 -11.52154931341247 -14.007211683674948 -6.9598564083582914
6.733466933867735 0.5312121985809171 -6.57144840475862 -3.8003051886540717 -5.143932502213939 -9.320600819982907 -8.23045844301598 3.3561417267532336 8.448166777840651 20.475904805746158 6.534052055499391 8.696197440828236 -1.1947274399633236 2.551211645261762 -7.865262317312772 -5.300596317533491 7.681149579309253 -1.81642058470844 1.1849566109556342 -6.5065742346370925 -3.6456802761548524 9.01425877398836 -8.633299779400652 -2.0906560913593886 -5.647146112316452 -13.015232273428532 -11.433765948802746 -13.9642310093288 -6.8272796225214805
6.793587174348697 0.7701845504010763 -6.414994696499807 -3.6110227992080013 -4.982958608216936 -9.200140197979465 -8.094900886579008 3.628240993309423 8.792276698567782 20.910773857557036 6.78365788136702 8.959751786435493 -0.9706283698673105 2.8062366779610985 -7.720669604049518 -5.1353370077433995 8.013589120783234 -1.6061038783301538 1.4313733132774331 -6.349307007599485 -3.4531440799764823 9.355569085422886 -8.505043029556916 -1.8885723535309396 -5.486209487487113 -12.952592955633191 -11.344858633788666 -13.920528714064185 -6.6933736472145
