web/models/kne/17/mosfit_kn_0.004263_0.3747_0.5000.dat
# %ECSV 1.0
# ---
# datatype:
# - {name: time, datatype: float64}
# - {name: PS1_g, datatype: float64}
# - {name: PS1_i, datatype: float64}
# - {name: PS1_r, datatype: float64}
# - {name: PS1_w, datatype: float64}
# - {name: PS1_y, datatype: float64}
# - {name: PS1_z, datatype: float64}
# - {name: swift_uvot_B, datatype: float64}
# - {name: swift_uvot_U, datatype: float64}
# - {name: swift_uvot_uvm2, datatype: float64}
# - {name: swift_uvot_uvw1, datatype: float64}
# - {name: swift_uvot_uvw2, datatype: float64}
# - {name: swift_uvot_V, datatype: float64}
# - {name: johnson_B, datatype: float64}
# - {name: johnson_I, datatype: float64}
# - {name: johnson_R, datatype: float64}
# - {name: johnson_U, datatype: float64}
# - {name: johnson_V, datatype: float64}
# - {name: sdss_g, datatype: float64}
# - {name: sdss_i, datatype: float64}
# - {name: sdss_r, datatype: float64}
# - {name: sdss_u, datatype: float64}
# - {name: sdss_z, datatype: float64}
# - {name: ATLAS_c, datatype: float64}
# - {name: ATLAS_o, datatype: float64}
# - {name: ukirt_H, datatype: float64}
# - {name: ukirt_J, datatype: float64}
# - {name: ukirt_K, datatype: float64}
# - {name: Clear, datatype: float64}
# meta: !!omap
# - comment: [kappa = 0.5, type = rprocess, mass = 0.004263435211354371, velocity = 0.3746666666666667, theta_obs = 0.0, tfloor = 1000.0]
# schema: astropy-2.0
time PS1_g PS1_i PS1_r PS1_w PS1_y PS1_z swift_uvot_B swift_uvot_U swift_uvot_uvm2 swift_uvot_uvw1 swift_uvot_uvw2 swift_uvot_V johnson_B johnson_I johnson_R johnson_U johnson_V sdss_g sdss_i sdss_r sdss_u sdss_z ATLAS_c ATLAS_o ukirt_H ukirt_J ukirt_K Clear
[from data line 324]
19.539078156312623 13.555906505770814 4.674077692571519 8.149148470609369 6.181224659105382 1.1508876440462679 2.5685636088933883 17.095813082335283 23.754757180230204 37.643352484259374 19.72033971230476 22.23335621878441 11.5154231986416 15.891875765369093 3.120564386149568 6.090597152874568 22.72375600097846 10.560400863472845 14.36844660708525 4.755333644684523 8.377637130105793 24.25586271040503 1.9951359968714044 10.12822504035201 5.675812515742233 -3.798099733869228 -1.6486104383795372 -5.158388414342399 3.8953306153440437
19.599198396793586 13.569232293534164 4.687403480334886 8.162474258372718 6.19455044686875 1.1642134318096176 2.5818893966567558 17.10913887009865 23.768082967993564 37.65667827202274 19.73366550006812 22.246682006547772 11.528748986404949 15.90520155313246 3.1338901739129357 6.103922940637935 22.73708178874182 10.573726651236194 14.381772394848618 4.768659432447873 8.39096291786916 24.26918849816839 2.008461784634754 10.141550828115378 5.689138303505583 -3.7847739461058785 -1.6352846506161876 -5.145062626579049 3.9086564031073934
19.65931863727455 13.582527402910411 4.700698589711134 8.175769367748984 6.2078455562449975 1.1775085411858832 2.5951845060330037 17.1224339794749 23.78137807736982 37.66997338139899 19.746960609444375 22.259977115924027 11.542044095781215 15.918496662508709 3.1471852832891836 6.117218050014183 22.75037689811807 10.58702176061246 14.395067504224865 4.7819545418241205 8.404258027245408 24.282483607544645 2.021756894011002 10.154845937491626 5.702433412881831 -3.771478836729613 -1.621989541239922 -5.131767517202801 3.921951512483659
19.71943887775551 13.595791944659315 4.713963131460037 8.18903390949787 6.221110097993883 1.1907730829347685 2.6084490477819067 17.1356985212238 23.79464261911871 37.683237923147885 19.76022515119327 22.273241657672923 11.5553086375301 15.931761204257612 3.1604498250380866 6.130482591763086 22.763641439866962 10.600286302361345 14.40833204597375 4.7952190835730235 8.417522568994311 24.295748149293537 2.035021435759905 10.16811047924051 5.715697954630734 -3.7582142949807276 -1.6087249994910366 -5.118502975453898 3.9352160542325443
19.779559118236474 13.609026031830798 4.72719721863152 8.20226799666937 6.234344185165384 1.2040071701062516 2.62168313495339 17.148932608395285 23.807876706290195 37.696472010319376 19.773459238364754 22.286475744844406 11.568542724701583 15.944995291429095 3.1736839122095697 6.143716678934569 22.776875527038456 10.613520389532846 14.421566133145252 4.808453170744507 8.430756656165794 24.30898223646502 2.048255522931388 10.181344566412012 5.728932041802217 -3.7449802078092267 -1.5954909123195535 -5.105268888282415 3.9484501414040274
19.839679358717433 13.622229773283223 4.740400960083946 8.215471738121778 6.247547926617809 1.2172109115586771 2.6348868764058153 17.16213634984771 23.821080447742624 37.70967575177179 19.78666297981718 22.29967948629683 11.581746466154009 15.95819903288152 3.1868876536619952 6.156920420386995 22.79007926849087 10.626724130985254 14.43476987459766 4.821656912196932 8.44396039761822 24.32218597791745 2.0614592643838137 10.19454830786442 5.742135783254643 -3.731776466356819 -1.582287170867128 -5.09206514682999 3.961653882856453
19.899799599198396 13.635403279665805 4.753574466466528 8.228645244504378 6.260721433000391 1.230384417941277 2.6480603827883975 17.175309856230292 23.834253954125213 37.72284925815438 19.799836486199762 22.312852992679414 11.594919972536609 15.971372539264102 3.2000611600445774 6.170093926769577 22.803252774873464 10.639897637367854 14.44794338098026 4.834830418579514 8.457133904000802 24.33535948430004 2.074632770766396 10.20772181424702 5.755309289637225 -3.718602959974219 -1.569113664484528 -5.078891640447408 3.974827389239035
19.95991983967936 13.648546664207064 4.766717851007787 8.241788629045637 6.27386481754165 1.2435278024825358 2.6612037673296562 17.18845324077155 23.84739733866647 37.73599264269564 19.812979870741028 22.32599637722068 11.608063357077867 15.984515923805361 3.213204544585836 6.183237311310836 22.816396159414722 10.653041021909113 14.461086765521518 4.847973803120773 8.47027728854206 24.348502868841297 2.0877761553076546 10.220865198788278 5.768452674178484 -3.7054595754329602 -1.5559702799432693 -5.065748255906149 3.9879707737803116
20.02004008016032 13.661660028830322 4.779831215631027 8.254901993668877 6.286978182164891 1.2566411671057764 2.674317131952897 17.20156660539479 23.860510703289712 37.749106007318886 19.826093235364272 22.339109741843924 11.621176721701108 15.997629288428602 3.226317909209077 6.1963506759340765 22.82950952403797 10.666154386532353 14.474200130144759 4.8610871677440315 8.483390653165301 24.361616233464538 2.100889519930913 10.233978563411519 5.781566038801742 -3.6923462108097196 -1.5428569153200287 -5.0526348912828905 4.001084138403552
20.080160320641284 13.674743486707612 4.792914673508317 8.267985451546167 6.3000616400421805 1.2697246249830663 2.6874005898301867 17.21465006327208 23.873594161167002 37.76218946519618 19.83917669324156 22.35219319972121 11.634260179578398 16.01071274630589 3.2394013670863666 6.209434133811366 22.84259298191526 10.679237844409643 14.487283588022049 4.874170625621321 8.496474111042609 24.374699691341828 2.113972977808203 10.247062021288809 5.794649496679032 -3.6792627529324298 -1.5297734574427388 -5.039551433405601 4.014167596280842
20.140280561122243 13.687797151231784 4.805968338032507 8.281039116070357 6.31311530456637 1.282778289507256 2.7004542543543764 17.22770372779627 23.886647825691192 37.775243129720366 19.85223035776575 22.365246864245403 11.647313844102587 16.02376641083008 3.2524550316105563 6.222487798335556 22.85564664643944 10.692291508933833 14.500337252546238 4.887224290145493 8.50952777556678 24.387753355866018 2.1270266423323747 10.260115685812998 5.807703161203204 -3.66620908840824 -1.5167197929185492 -5.026497768881429 4.027221260805032
20.200400801603205 13.70082112033808 4.818992307138785 8.294063085176635 6.3261392736726485 1.2958022586135343 2.7134782234606547 17.240727696902567 23.89967179479747 37.78826709882665 19.86525432687203 22.37827083335168 11.660337813208866 16.03679037993636 3.2654790007168524 6.235511767441834 22.868670615545728 10.705315478040111 14.513361221652517 4.900248259251789 8.522551744673077 24.400777324972296 2.140050611438671 10.273139654919277 5.8207271303095 -3.6531851193019618 -1.5036958238122708 -5.013473799775133 4.04024522991131
20.260521042084168 13.71381551684454 4.831986703645246 8.307057481683096 6.339133670179109 1.3087966551199948 2.726472619967115 17.25372209340901 23.91266619130393 37.8012614953331 19.878248723378487 22.39126522985814 11.673332209715326 16.04978477644282 3.278473397223295 6.248506163948295 22.88166501205219 10.718309874546572 14.526355618158977 4.91324265575825 8.53554614117952 24.413771721478756 2.1530450079451313 10.286134051425737 5.83372152681596 -3.6401907227955013 -1.4907014273058103 -5.000479403268672 4.053239626417771
20.32064128256513 13.726780437139432 4.844951623940155 8.320022401978004 6.352098590474018 1.3217615754149037 2.739437540262024 17.26668701370392 23.92563111159884 37.81422641562801 19.8912136436734 22.40423015015305 11.686297130010235 16.06274969673773 3.291438317518204 6.261471084243204 22.894629932347087 10.73127479484148 14.539320538453886 4.926207576053141 8.548511061474429 24.426736641773665 2.1660099282400225 10.299098971720646 5.8466864471108515 -3.6272258025005923 -1.4777365070109014 -4.987514482973781 4.0662045467126795
20.38076152304609 13.73971599388426 4.8578871806849655 8.332957958722815 6.365034147218829 1.3346971321597145 2.752373097006835 17.279622570448748 23.93856666834366 37.82716197237283 19.904149200418207 22.41716570689786 11.699232686755046 16.07568525348254 3.3043738742630326 6.274406640988015 22.90756548909191 10.744210351586291 14.552256095198697 4.93914313279797 8.561446618219257 24.439672198518487 2.178945484984851 10.312034528465457 5.85962200385568 -3.6142902457557815 -1.4648009502660906 -4.974578926228952 4.07914010345749
20.440881763527052 13.752622293435657 4.8707934802363795 8.345864258274212 6.377940446770243 1.3476034317111107 2.765279396558249 17.292528870000144 23.951472967895057 37.84006827192423 19.917055499969614 22.430072006449265 11.712138986306442 16.088591553033954 3.317280173814429 6.287312940539429 22.920471788643304 10.757116651137688 14.565162394750093 4.952049432349366 8.574352917770653 24.452578498069883 2.1918517845362473 10.32494082801687 5.872528303407076 -3.6013839462043853 -1.4518946507146944 -4.961672626677556 4.092046403008887
20.501002004008015 13.765499443188354 4.883670629989076 8.358741408026926 6.39081759652294 1.3604805814638254 2.778156546310946 17.30540601975284 23.96435011764776 37.852945421676935 19.92993264972232 22.442949156201973 11.725016136059157 16.10146870278665 3.330157323567126 6.3001900902921255 22.93334893839601 10.769993800890402 14.578039544502808 4.964926582102063 8.58723006752335 24.465455647822587 2.204728934288962 10.337817977769568 5.885405453159773 -3.5885067964516706 -1.4390175009619797 -4.9487954769248415 4.104923552761601
20.561122244488978 13.778347549183128 4.89651873598385 8.3715895140217 6.4036657025177135 1.3733286874585993 2.7910046523057197 17.318254125747615 23.977198223642535 37.865793527671705 19.94278075571709 22.455797262196743 11.73786424205393 16.114316808781425 3.3430054295618996 6.313038196286899 22.946197044390786 10.782841906885176 14.590887650497582 4.9777746880968365 8.600078173518124 24.47830375381736 2.217577040283736 10.350666083764342 5.898253559154547 -3.5756586904568968 -1.4261693949672059 -4.935947370930085 4.117771658756375
20.62124248496994 13.791166712062264 4.909337898862969 8.384408676900819 6.416484865396832 1.3861478503377178 2.8038238151848383 17.33107328862675 23.990017386521654 37.87861269055083 19.95559991859621 22.46861642507586 11.75068340493305 16.127135971660543 3.355824592441036 6.325857359166018 22.95901620726991 10.795661069764295 14.6037068133767 4.990593850975973 8.61289733639726 24.49112291669648 2.2303962031628544 10.36348524664346 5.911072722033683 -3.562839527577778 -1.4133502320880873 -4.923128208050949 4.130590821635494
20.6813627254509 13.803957051753564 4.922128238554286 8.397199016592118 6.429275205088132 1.3989381900290176 2.816614154876156 17.34386362831805 24.002807726212964 37.89140303024214 19.96839025828752 22.481406764767172 11.76347374462435 16.13992631135186 3.3686149321323358 6.3386476988573355 22.97180654696121 10.808451409455595 14.616497153068 5.003384190667273 8.62568767608856 24.50391325638779 2.243186542854154 10.37627558633476 5.923863061724983 -3.5500491878864784 -1.4005598923967875 -4.910337868359649 4.1433811613267935
20.741482965931862 13.816718659976974 4.934889846777697 8.409960624815547 6.44203681331156 1.411699798252446 2.8293757630995664 17.35662523654146 24.015569334436382 37.90416463846555 19.98115186651093 22.494168372990583 11.776235352847777 16.15268791957527 3.3813765403557463 6.351409307080746 22.984568155184633 10.821213017679023 14.629258761291428 5.016145798890683 8.638449284311971 24.516674864611208 2.2559481510775647 10.389037194558188 5.936624669948394 -3.53728757966305 -1.3877982841733592 -4.897576260136239 4.156142769550204
20.801603206412825 13.82945165575208 4.9476228425528035 8.422693620590636 6.454769809086649 1.4244327940275348 2.842108758874673 17.369358232316568 24.02830233021148 37.91689763424065 19.993884862286038 22.50690136876569 11.788968348622866 16.165420915350378 3.394109536130853 6.364142302855853 22.99730115095973 10.833946013454112 14.641991757066517 5.02887879466579 8.651182280087077 24.529407860386307 2.2686811468526713 10.401770190333277 5.9493576657235 -3.5245545838879613 -1.3750652883982704 -4.884843264361132 4.168875765325311
20.861723446893787 13.842156134455692 4.960327321256415 8.435398099294247 6.467474287790278 1.437137272731146 2.854813237578284 17.38206271102018 24.041006808915093 37.92960211294427 20.00658934098965 22.5196058474693 11.801672827326477 16.17812539405399 3.406814014834464 6.376846781559464 23.010005629663347 10.84665049215774 14.654696235770146 5.041583273369401 8.663886758790689 24.54211233908992 2.2813856255562825 10.414474669036906 5.962062144427112 -3.51185010518435 -1.3623608096946591 -4.872138785657521 4.181580244028922
20.92184368737475 13.854832201114071 4.973003387914794 8.448074165952626 6.480150354448657 1.4498133393895252 2.8674893042366634 17.39473877767856 24.05368287557347 37.942278179602646 20.019265407648028 22.53228191412768 11.814348893984857 16.19080146071237 3.4194900814928433 6.389522848217843 23.022681696321726 10.859326558816102 14.667372302428507 5.05425934002778 8.676562825449068 24.554788405748297 2.2940616922146617 10.427150735695285 5.974738211085491 -3.499174038525971 -1.34968474303628 -4.859462718999142 4.194256310687301
20.98196392785571 13.867479956650914 4.985651143451637 8.460721921489469 6.492798109985483 1.4624610949263683 2.8801370597735065 17.4073865332154 24.06633063111031 37.954925935139485 20.03191316318487 22.544929669664523 11.8269966495217 16.20344921624921 3.4321378370296864 6.402170603754686 23.035329451858562 10.871974314352945 14.68002005796535 5.066907095564623 8.689210580985911 24.567436161285137 2.306709447751505 10.43979849123211 5.987385966622334 -3.4865262829891277 -1.3370369874994368 -4.846814963462299 4.206904066224144
21.04208416833667 13.880099514132063 4.998270700932768 8.473341478970617 6.505417667466631 1.4750806524075166 2.892756617254637 17.420006090696532 24.078950188591453 37.96754549262062 20.04453272066601 22.55754922714566 11.839616207002848 16.216068773730342 3.444757394510817 6.414790161235817 23.047949009339703 10.884593871834094 14.692639615446499 5.079526653045772 8.701830138467042 24.58005571876628 2.319329005232653 10.452418048713259 6.000005524103464 -3.4739067255079794 -1.3244174300182885 -4.83419540598115 4.219523623705292
21.102204408817634 13.89269097515509 5.010862161955796 8.485932939993646 6.518009128489659 1.4876721134305448 2.9053480782776653 17.43259755171956 24.09154164961448 37.98013695364366 20.057124181689037 22.57014068816869 11.852207668025876 16.22866023475337 3.457348855533845 6.427381622258845 23.06054047036274 10.897185332857122 14.705231076469527 5.0921181140688 8.714421599490088 24.592647179789306 2.3319204662556814 10.465009509736287 6.01259698512651 -3.461315264484951 -1.3118259689952603 -4.821603944958122 4.232115084728321
21.162324649298597 13.905254437914074 5.023425624714797 8.498496402752629 6.53057259124866 1.500235576189528 2.9179115410366663 17.44516101447856 24.104105112373475 37.992700416402656 20.06968764444803 22.582704150927682 11.86477113078486 16.24122369751237 3.469912318292846 6.439945085017846 23.07310393312173 10.909748795616105 14.717794539228528 5.104681576827783 8.72698506224907 24.6052106425483 2.3444839290146646 10.477572972495288 6.025160447885494 -3.448751801725968 -1.299262506236277 -4.809040482199139 4.244678547487304
21.22244488977956 13.917791512110558 5.035962698911263 8.511033476949112 6.543109665445126 1.5127726503860117 2.930448615233132 17.457698088675027 24.116642186569948 38.00523749059913 20.082224718644508 22.59524122512416 11.877308204981343 16.253760771708837 3.482449392489312 6.452482159214312 23.085641007318205 10.922285869812589 14.730331613424994 5.117218651024267 8.739522136445554 24.617747716744773 2.3570210032111483 10.490110046691754 6.037697522081977 -3.4362147275294843 -1.2867254320397934 -4.796503408002655 4.2572156216837875
