web/models/kne/17/villar_0.1443_0.4530_10.0000.dat
# %ECSV 1.0
# ---
# datatype:
# - {name: time, datatype: float64}
# - {name: swift_uvot_uvw2, datatype: float64}
# - {name: swift_uvot_uvm2, datatype: float64}
# - {name: swift_uvot_uvw1, datatype: float64}
# - {name: swift_uvot_U, datatype: float64}
# - {name: swift_uvot_B, datatype: float64}
# - {name: swift_uvot_V, datatype: float64}
# - {name: swift_uvot_W, datatype: float64}
# - {name: johnson_U, datatype: float64}
# - {name: johnson_B, datatype: float64}
# - {name: johnson_V, datatype: float64}
# - {name: johnson_R, datatype: float64}
# - {name: johnson_I, datatype: float64}
# - {name: sdss_u, datatype: float64}
# - {name: sdss_g, datatype: float64}
# - {name: sdss_r, datatype: float64}
# - {name: sdss_i, datatype: float64}
# - {name: sdss_z, datatype: float64}
# - {name: PS1_g, datatype: float64}
# - {name: PS1_r, datatype: float64}
# - {name: PS1_i, datatype: float64}
# - {name: PS1_z, datatype: float64}
# - {name: PS1_Y, datatype: float64}
# - {name: PS1_w, datatype: float64}
# - {name: ATLAS_c, datatype: float64}
# - {name: ATLAS_o, datatype: float64}
# - {name: ukirt_J, datatype: float64}
# - {name: ukirt_H, datatype: float64}
# - {name: ukirt_K, datatype: float64}
# - {name: Clear, datatype: float64}
# meta: !!omap
# - comment: [kappa = 10.0, type = villar, mass = 0.1442699905917794, velocity = 0.453, theta_obs = 0.0]
# schema: astropy-2.0
time swift_uvot_uvw2 swift_uvot_uvm2 swift_uvot_uvw1 swift_uvot_U swift_uvot_B swift_uvot_V swift_uvot_W johnson_U johnson_B johnson_V johnson_R johnson_I sdss_u sdss_g sdss_r sdss_i sdss_z PS1_g PS1_r PS1_i PS1_z PS1_Y PS1_w ATLAS_c ATLAS_o ukirt_J ukirt_H ukirt_K Clear
[from data line 280]
4.200141 -10.485 -7.625 -10.07 -12.127 -13.783 -14.936 -13.036 -12.428 -13.827 -14.98 -15.772 -16.284 -12.322 -14.248 -15.444 -16.003 -16.337 -14.49 -15.482 -16.031 -16.311 -16.497 -15.477 -14.871 -15.728 -16.616 -16.582 -16.361 -15.496
4.327172 -10.488 -7.628 -10.072 -12.13 -13.786 -14.939 -13.039 -12.431 -13.83 -14.982 -15.775 -16.287 -12.325 -14.251 -15.447 -16.005 -16.339 -14.493 -15.484 -16.034 -16.314 -16.5 -15.48 -14.874 -15.731 -16.619 -16.585 -16.364 -15.499
4.458044 -10.49 -7.63 -10.074 -12.132 -13.788 -14.941 -13.041 -12.433 -13.832 -14.984 -15.777 -16.289 -12.327 -14.253 -15.449 -16.007 -16.341 -14.495 -15.486 -16.036 -16.316 -16.502 -15.482 -14.876 -15.733 -16.621 -16.587 -16.366 -15.501
4.592874 -10.491 -7.631 -10.076 -12.133 -13.789 -14.942 -13.042 -12.434 -13.833 -14.986 -15.778 -16.29 -12.328 -14.254 -15.45 -16.009 -16.343 -14.496 -15.488 -16.037 -16.317 -16.503 -15.483 -14.877 -15.734 -16.622 -16.588 -16.367 -15.502
4.731783 -10.492 -7.632 -10.076 -12.134 -13.79 -14.943 -13.043 -12.435 -13.834 -14.986 -15.779 -16.291 -12.329 -14.255 -15.451 -16.009 -16.343 -14.497 -15.488 -16.038 -16.318 -16.504 -15.484 -14.878 -15.735 -16.623 -16.589 -16.368 -15.503
4.874892 -10.492 -7.632 -10.076 -12.134 -13.79 -14.942 -13.043 -12.435 -13.833 -14.986 -15.779 -16.29 -12.329 -14.255 -15.451 -16.009 -16.343 -14.497 -15.488 -16.038 -16.318 -16.504 -15.484 -14.877 -15.735 -16.623 -16.588 -16.368 -15.503
5.02233 -10.491 -7.631 -10.075 -12.133 -13.789 -14.941 -13.042 -12.434 -13.832 -14.985 -15.778 -16.29 -12.328 -14.254 -15.45 -16.008 -16.342 -14.496 -15.487 -16.037 -16.317 -16.503 -15.483 -14.876 -15.734 -16.622 -16.587 -16.367 -15.502
5.174227 -10.489 -7.629 -10.074 -12.131 -13.787 -14.94 -13.04 -12.432 -13.831 -14.983 -15.776 -16.288 -12.326 -14.252 -15.448 -16.006 -16.34 -14.494 -15.486 -16.035 -16.315 -16.501 -15.481 -14.875 -15.732 -16.62 -16.586 -16.365 -15.5
5.330718 -10.486 -7.626 -10.071 -12.128 -13.784 -14.937 -13.037 -12.43 -13.828 -14.981 -15.774 -16.285 -12.323 -14.249 -15.446 -16.004 -16.338 -14.491 -15.483 -16.032 -16.312 -16.499 -15.478 -14.872 -15.729 -16.618 -16.583 -16.362 -15.497
5.491942 -10.483 -7.623 -10.067 -12.125 -13.781 -14.933 -13.034 -12.426 -13.824 -14.977 -15.77 -16.282 -12.32 -14.246 -15.442 -16.0 -16.334 -14.488 -15.479 -16.029 -16.309 -16.495 -15.475 -14.868 -15.726 -16.614 -16.579 -16.359 -15.494
5.658042 -10.478 -7.618 -10.063 -12.12 -13.776 -14.929 -13.029 -12.421 -13.82 -14.973 -15.765 -16.277 -12.315 -14.241 -15.437 -15.995 -16.33 -14.483 -15.475 -16.024 -16.304 -16.49 -15.47 -14.864 -15.721 -16.609 -16.575 -16.354 -15.489
5.829166 -10.473 -7.613 -10.057 -12.115 -13.771 -14.923 -13.023 -12.416 -13.814 -14.967 -15.76 -16.271 -12.31 -14.236 -15.432 -15.99 -16.324 -14.478 -15.469 -16.019 -16.298 -16.485 -15.464 -14.858 -15.716 -16.604 -16.569 -16.349 -15.484
6.005465 -10.466 -7.606 -10.051 -12.108 -13.764 -14.917 -13.017 -12.409 -13.808 -14.96 -15.753 -16.265 -12.303 -14.229 -15.425 -15.983 -16.317 -14.471 -15.463 -16.012 -16.292 -16.478 -15.458 -14.852 -15.709 -16.597 -16.563 -16.342 -15.477
6.187096 -10.458 -7.598 -10.043 -12.1 -13.756 -14.909 -13.009 -12.401 -13.8 -14.953 -15.745 -16.257 -12.295 -14.221 -15.417 -15.975 -16.309 -14.463 -15.455 -16.004 -16.284 -16.47 -15.45 -14.844 -15.701 -16.589 -16.555 -16.334 -15.469
6.37422 -10.449 -7.589 -10.034 -12.091 -13.747 -14.9 -13.0 -12.392 -13.791 -14.943 -15.736 -16.248 -12.286 -14.212 -15.408 -15.966 -16.3 -14.454 -15.446 -15.995 -16.275 -16.461 -15.441 -14.835 -15.692 -16.58 -16.546 -16.325 -15.46
6.567004 -10.439 -7.579 -10.023 -12.08 -13.737 -14.889 -12.989 -12.382 -13.78 -14.933 -15.726 -16.237 -12.276 -14.202 -15.398 -15.956 -16.29 -14.444 -15.435 -15.985 -16.264 -16.451 -15.43 -14.824 -15.682 -16.57 -16.535 -16.315 -15.45
6.765619 -10.427 -7.567 -10.011 -12.069 -13.725 -14.878 -12.978 -12.37 -13.769 -14.921 -15.714 -16.226 -12.264 -14.19 -15.386 -15.944 -16.278 -14.432 -15.423 -15.973 -16.253 -16.439 -15.419 -14.813 -15.67 -16.558 -16.524 -16.303 -15.438
6.97024 -10.414 -7.554 -9.998 -12.056 -13.712 -14.864 -12.965 -12.357 -13.755 -14.908 -15.701 -16.212 -12.251 -14.177 -15.373 -15.931 -16.265 -14.419 -15.41 -15.96 -16.24 -16.426 -15.406 -14.799 -15.657 -16.545 -16.51 -16.29 -15.425
7.181051 -10.399 -7.539 -9.984 -12.041 -13.697 -14.85 -12.95 -12.342 -13.741 -14.893 -15.686 -16.198 -12.236 -14.162 -15.358 -15.916 -16.25 -14.404 -15.396 -15.945 -16.225 -16.411 -15.391 -14.785 -15.642 -16.53 -16.496 -16.275 -15.41
7.398237 -10.383 -7.523 -9.967 -12.025 -13.681 -14.833 -12.933 -12.326 -13.724 -14.877 -15.67 -16.181 -12.22 -14.146 -15.342 -15.9 -16.234 -14.388 -15.379 -15.929 -16.208 -16.395 -15.375 -14.768 -15.626 -16.514 -16.479 -16.259 -15.394
7.621991 -10.365 -7.505 -9.949 -12.007 -13.663 -14.815 -12.915 -12.308 -13.706 -14.859 -15.652 -16.163 -12.202 -14.128 -15.324 -15.882 -16.216 -14.37 -15.361 -15.911 -16.19 -16.377 -15.356 -14.75 -15.608 -16.496 -16.461 -16.241 -15.376
7.852513 -10.345 -7.485 -9.929 -11.987 -13.643 -14.795 -12.896 -12.288 -13.686 -14.839 -15.632 -16.144 -12.182 -14.108 -15.304 -15.862 -16.196 -14.35 -15.341 -15.891 -16.171 -16.357 -15.337 -14.73 -15.588 -16.476 -16.441 -16.221 -15.356
8.090007 -10.323 -7.463 -9.908 -11.965 -13.621 -14.774 -12.874 -12.266 -13.665 -14.818 -15.61 -16.122 -12.16 -14.086 -15.282 -15.84 -16.174 -14.328 -15.32 -15.869 -16.149 -16.335 -15.315 -14.709 -15.566 -16.454 -16.42 -16.199 -15.334
8.334684 -10.299 -7.439 -9.884 -11.941 -13.597 -14.75 -12.85 -12.242 -13.641 -14.794 -15.586 -16.098 -12.136 -14.062 -15.258 -15.817 -16.151 -14.304 -15.296 -15.845 -16.125 -16.312 -15.291 -14.685 -15.542 -16.431 -16.396 -16.175 -15.31
8.586761 -10.273 -7.414 -9.858 -11.915 -13.571 -14.724 -12.824 -12.217 -13.615 -14.768 -15.561 -16.072 -12.11 -14.036 -15.233 -15.791 -16.125 -14.279 -15.27 -15.819 -16.099 -16.286 -15.265 -14.659 -15.516 -16.405 -16.37 -16.149 -15.285
8.846461 -10.245 -7.385 -9.83 -11.887 -13.543 -14.696 -12.796 -12.188 -13.587 -14.74 -15.532 -16.044 -12.082 -14.008 -15.204 -15.763 -16.097 -14.25 -15.242 -15.791 -16.071 -16.258 -15.237 -14.631 -15.488 -16.377 -16.342 -16.121 -15.256
9.114017 -10.215 -7.355 -9.799 -11.857 -13.513 -14.665 -12.766 -12.158 -13.556 -14.709 -15.502 -16.014 -12.052 -13.978 -15.174 -15.732 -16.066 -14.22 -15.211 -15.761 -16.041 -16.227 -15.207 -14.6 -15.458 -16.346 -16.311 -16.091 -15.226
9.389664 -10.182 -7.322 -9.766 -11.824 -13.48 -14.632 -12.733 -12.125 -13.523 -14.676 -15.469 -15.98 -12.019 -13.945 -15.141 -15.699 -16.033 -14.187 -15.178 -15.728 -16.008 -16.194 -15.174 -14.567 -15.425 -16.313 -16.278 -16.058 -15.193
9.673648 -10.146 -7.286 -9.731 -11.788 -13.444 -14.597 -12.697 -12.089 -13.488 -14.641 -15.433 -15.945 -11.983 -13.909 -15.105 -15.663 -15.997 -14.151 -15.143 -15.692 -15.972 -16.158 -15.138 -14.532 -15.389 -16.277 -16.243 -16.022 -15.157
9.966221 -10.108 -7.248 -9.692 -11.749 -13.405 -14.558 -12.658 -12.051 -13.449 -14.602 -15.395 -15.906 -11.945 -13.871 -15.067 -15.625 -15.959 -14.113 -15.104 -15.654 -15.933 -16.12 -15.099 -14.493 -15.351 -16.239 -16.204 -15.984 -15.119
10.267642 -10.066 -7.206 -9.651 -11.708 -13.364 -14.517 -12.617 -12.009 -13.408 -14.561 -15.353 -15.865 -11.903 -13.829 -15.025 -15.583 -15.917 -14.071 -15.063 -15.612 -15.892 -16.078 -15.058 -14.452 -15.309 -16.197 -16.163 -15.942 -15.077
10.57818 -10.022 -7.162 -9.606 -11.663 -13.319 -14.472 -12.572 -11.965 -13.363 -14.516 -15.309 -15.82 -11.858 -13.785 -14.981 -15.539 -15.873 -14.027 -15.018 -15.567 -15.847 -16.034 -15.013 -14.407 -15.265 -16.153 -16.118 -15.898 -15.033
10.89811 -9.974 -7.114 -9.558 -11.615 -13.271 -14.424 -12.524 -11.917 -13.315 -14.468 -15.261 -15.772 -11.811 -13.737 -14.933 -15.491 -15.825 -13.979 -14.97 -15.52 -15.799 -15.986 -14.965 -14.359 -15.217 -16.105 -16.07 -15.85 -14.985
11.227716 -9.922 -7.062 -9.507 -11.564 -13.22 -14.373 -12.473 -11.865 -13.264 -14.417 -15.209 -15.721 -11.759 -13.685 -14.881 -15.439 -15.774 -13.927 -14.919 -15.468 -15.748 -15.934 -14.914 -14.308 -15.165 -16.053 -16.019 -15.798 -14.933
11.56729 -9.867 -7.007 -9.452 -11.509 -13.165 -14.318 -12.418 -11.81 -13.209 -14.361 -15.154 -15.666 -11.704 -13.63 -14.826 -15.384 -15.718 -13.872 -14.864 -15.413 -15.693 -15.879 -14.859 -14.253 -15.11 -15.998 -15.964 -15.743 -14.878
11.917135 -9.808 -6.948 -9.393 -11.45 -13.106 -14.259 -12.359 -11.751 -13.15 -14.302 -15.095 -15.607 -11.645 -13.571 -14.767 -15.325 -15.659 -13.813 -14.805 -15.354 -15.634 -15.82 -14.8 -14.194 -15.051 -15.939 -15.905 -15.684 -14.819
12.277561 -9.745 -6.885 -9.329 -11.387 -13.043 -14.195 -12.296 -11.688 -13.086 -14.239 -15.032 -15.543 -11.582 -13.508 -14.704 -15.262 -15.596 -13.75 -14.741 -15.291 -15.571 -15.757 -14.737 -14.13 -14.988 -15.876 -15.841 -15.621 -14.756
12.648887 -9.677 -6.817 -9.262 -11.319 -12.975 -14.128 -12.228 -11.62 -13.019 -14.172 -14.964 -15.476 -11.514 -13.44 -14.636 -15.194 -15.528 -13.682 -14.674 -15.223 -15.503 -15.689 -14.669 -14.063 -14.92 -15.808 -15.774 -15.553 -14.688
13.031444 -9.605 -6.745 -9.189 -11.247 -12.903 -14.056 -12.156 -11.548 -12.947 -14.099 -14.892 -15.404 -11.442 -13.368 -14.564 -15.122 -15.456 -13.61 -14.601 -15.151 -15.431 -15.617 -14.597 -13.991 -14.848 -15.736 -15.702 -15.481 -14.616
13.425571 -9.528 -6.668 -9.112 -11.17 -12.826 -13.978 -12.079 -11.471 -12.869 -14.022 -14.815 -15.326 -11.365 -13.291 -14.487 -15.045 -15.379 -13.533 -14.524 -15.074 -15.354 -15.54 -14.52 -13.913 -14.771 -15.659 -15.624 -15.404 -14.539
13.831619 -9.445 -6.586 -9.03 -11.087 -12.743 -13.896 -11.996 -11.389 -12.787 -13.94 -14.733 -15.244 -11.282 -13.208 -14.405 -14.963 -15.297 -13.451 -14.442 -14.991 -15.271 -15.458 -14.437 -13.831 -14.688 -15.577 -15.542 -15.321 -14.457
14.249947 -9.358 -6.498 -8.942 -11.0 -12.656 -13.808 -11.908 -11.301 -12.699 -13.852 -14.645 -15.156 -11.195 -13.121 -14.317 -14.875 -15.209 -13.363 -14.354 -14.904 -15.183 -15.37 -14.35 -13.743 -14.601 -15.489 -15.454 -15.234 -14.369
14.680926 -9.264 -6.404 -8.849 -10.906 -12.562 -13.715 -11.815 -11.207 -12.606 -13.759 -14.551 -15.063 -11.101 -13.027 -14.223 -14.781 -15.115 -13.269 -14.261 -14.81 -15.09 -15.276 -14.256 -13.65 -14.507 -15.395 -15.361 -15.14 -14.275
15.124941 -9.164 -6.304 -8.749 -10.806 -12.462 -13.615 -11.715 -11.108 -12.506 -13.659 -14.452 -14.963 -11.001 -12.927 -14.124 -14.682 -15.016 -13.17 -14.161 -14.71 -14.99 -15.177 -14.156 -13.55 -14.407 -15.296 -15.261 -15.04 -14.175
15.582385 -9.058 -6.198 -8.643 -10.7 -12.356 -13.509 -11.609 -11.001 -12.4 -13.553 -14.345 -14.857 -10.895 -12.821 -14.017 -14.575 -14.91 -13.063 -14.055 -14.604 -14.884 -15.07 -14.05 -13.444 -14.301 -15.189 -15.155 -14.934 -14.069
16.053663 -8.945 -6.085 -8.53 -10.587 -12.243 -13.396 -11.496 -10.888 -12.287 -13.44 -14.232 -14.744 -10.782 -12.708 -13.904 -14.462 -14.797 -12.95 -13.942 -14.491 -14.771 -14.957 -13.937 -13.331 -14.188 -15.076 -15.042 -14.821 -13.956
16.539195 -8.825 -5.965 -8.41 -10.467 -12.123 -13.276 -11.376 -10.768 -12.167 -13.319 -14.112 -14.624 -10.662 -12.588 -13.784 -14.342 -14.676 -12.83 -13.822 -14.371 -14.651 -14.837 -13.817 -13.211 -14.068 -14.956 -14.922 -14.701 -13.836
17.039412 -8.697 -5.837 -8.282 -10.339 -11.995 -13.148 -11.248 -10.64 -12.039 -13.191 -13.984 -14.496 -10.534 -12.46 -13.656 -14.214 -14.548 -12.702 -13.694 -14.243 -14.523 -14.709 -13.689 -13.083 -13.94 -14.828 -14.794 -14.573 -13.708
17.554757 -8.561 -5.701 -8.145 -10.203 -11.859 -13.012 -11.112 -10.504 -11.903 -13.055 -13.848 -14.36 -10.398 -12.324 -13.52 -14.078 -14.412 -12.566 -13.557 -14.107 -14.387 -14.573 -13.553 -12.947 -13.804 -14.692 -14.658 -14.437 -13.572
18.085689 -8.416 -5.556 -8.001 -10.058 -11.714 -12.867 -10.967 -10.359 -11.758 -12.911 -13.703 -14.215 -10.253 -12.179 -13.375 -13.933 -14.268 -12.421 -13.413 -13.962 -14.242 -14.428 -13.408 -12.802 -13.659 -14.547 -14.513 -14.292 -13.427
18.632678 -8.262 -5.403 -7.847 -9.904 -11.56 -12.713 -10.813 -10.206 -11.604 -12.757 -13.55 -14.061 -10.099 -12.025 -13.222 -13.78 -14.114 -12.268 -13.259 -13.808 -14.088 -14.275 -13.254 -12.648 -13.505 -14.394 -14.359 -14.138 -13.274
19.196211 -8.099 -5.239 -7.684 -9.741 -11.397 -12.55 -10.65 -10.042 -11.441 -12.593 -13.386 -13.898 -9.936 -11.862 -13.058 -13.616 -13.95 -12.104 -13.096 -13.645 -13.925 -14.111 -13.091 -12.485 -13.342 -14.23 -14.196 -13.975 -13.11
19.776787 -7.925 -5.065 -7.51 -9.567 -11.223 -12.376 -10.476 -9.869 -11.267 -12.42 -13.213 -13.724 -9.762 -11.688 -12.885 -13.443 -13.777 -11.931 -12.922 -13.471 -13.751 -13.938 -12.917 -12.311 -13.168 -14.057 -14.022 -13.801 -12.936
20.374923 -7.741 -4.881 -7.326 -9.383 -11.039 -12.192 -10.292 -9.684 -11.083 -12.235 -13.028 -13.54 -9.578 -11.504 -12.7 -13.258 -13.592 -11.746 -12.738 -13.287 -13.567 -13.753 -12.733 -12.127 -12.984 -13.872 -13.838 -13.617 -12.752
20.991149 -7.545 -4.685 -7.13 -9.187 -10.843 -11.996 -10.096 -9.488 -10.887 -12.04 -12.832 -13.344 -9.382 -11.308 -12.504 -13.062 -13.396 -11.55 -12.542 -13.091 -13.371 -13.557 -12.537 -11.931 -12.788 -13.676 -13.642 -13.421 -12.556
21.626011 -7.337 -4.477 -6.922 -8.979 -10.635 -11.788 -9.888 -9.28 -10.679 -11.831 -12.624 -13.136 -9.174 -11.1 -12.296 -12.854 -13.188 -11.342 -12.334 -12.883 -13.163 -13.349 -12.329 -11.723 -12.58 -13.468 -13.434 -13.213 -12.348
22.280075 -7.116 -4.256 -6.701 -8.758 -10.414 -11.567 -9.667 -9.059 -10.458 -11.611 -12.403 -12.915 -8.953 -10.879 -12.075 -12.633 -12.967 -11.121 -12.113 -12.662 -12.942 -13.128 -12.108 -11.502 -12.359 -13.247 -13.213 -12.992 -12.127
22.953921 -6.882 -4.022 -6.466 -8.523 -10.179 -11.332 -9.432 -8.825 -10.223 -11.376 -12.169 -12.68 -8.718 -10.645 -11.841 -12.399 -12.733 -10.887 -11.878 -12.427 -12.707 -12.894 -11.873 -11.267 -12.124 -13.013 -12.978 -12.757 -11.893
23.648147 -6.632 -3.772 -6.217 -8.274 -9.93 -11.083 -9.183 -8.576 -9.974 -11.127 -11.92 -12.431 -8.469 -10.395 -11.592 -12.15 -12.484 -10.638 -11.629 -12.178 -12.458 -12.645 -11.624 -11.018 -11.875 -12.764 -12.729 -12.508 -11.644
24.363369 -6.368 -3.508 -5.953 -8.01 -9.666 -10.819 -8.919 -8.311 -9.71 -10.862 -11.655 -12.167 -8.205 -10.131 -11.327 -11.885 -12.219 -10.373 -11.365 -11.914 -12.194 -12.38 -11.36 -10.754 -11.611 -12.499 -12.465 -12.244 -11.379
25.100222 -6.087 -3.227 -5.672 -7.729 -9.385 -10.538 -8.638 -8.03 -9.429 -10.582 -11.374 -11.886 -7.924 -9.85 -11.046 -11.605 -11.939 -10.092 -11.084 -11.633 -11.913 -12.1 -11.079 -10.473 -11.33 -12.219 -12.184 -11.963 -11.098
25.859362 -5.789 -2.929 -5.374 -7.431 -9.087 -10.24 -8.34 -7.732 -9.131 -10.284 -11.076 -11.588 -7.626 -9.552 -10.748 -11.307 -11.641 -9.794 -10.786 -11.335 -11.615 -11.802 -10.781 -10.175 -11.032 -11.921 -11.886 -11.665 -10.8
26.64146 -5.473 -2.613 -5.058 -7.115 -8.771 -9.924 -8.024 -7.416 -8.815 -9.967 -10.76 -11.272 -7.31 -9.236 -10.432 -10.99 -11.324 -9.478 -10.47 -11.019 -11.299 -11.485 -10.465 -9.859 -10.716 -11.604 -11.57 -11.349 -10.484
27.447213 -5.137 -2.277 -4.722 -6.779 -8.435 -9.588 -7.688 -7.08 -8.479 -9.632 -10.424 -10.936 -6.974 -8.9 -10.096 -10.655 -10.989 -9.142 -10.134 -10.683 -10.963 -11.149 -10.129 -9.523 -10.38 -11.269 -11.234 -11.013 -10.148
28.277335 -4.781 -1.921 -4.365 -6.423 -8.079 -9.232 -7.332 -6.724 -8.123 -9.275 -10.068 -10.58 -6.618 -8.544 -9.74 -10.298 -10.632 -8.786 -9.777 -10.327 -10.607 -10.793 -9.773 -9.167 -10.024 -10.912 -10.878 -10.657 -9.792
29.132564 -4.403 -1.543 -3.987 -6.044 -7.7 -8.853 -6.953 -6.346 -7.744 -8.897 -9.69 -10.201 -6.24 -8.166 -9.362 -9.92 -10.254 -8.408 -9.399 -9.949 -10.228 -10.415 -9.394 -8.788 -9.646 -10.534 -10.499 -10.279 -9.414
30.013659 -4.001 -1.141 -3.586 -5.643 -7.299 -8.452 -6.552 -5.944 -7.343 -8.496 -9.288 -9.8 -5.838 -7.764 -8.96 -9.518 -9.852 -8.006 -8.998 -9.547 -9.827 -10.013 -8.993 -8.387 -9.244 -10.132 -10.098 -9.877 -9.012
