web/models/kne/17/villar_0.4064_0.1240_1.0000.dat
# %ECSV 1.0
# ---
# datatype:
# - {name: time, datatype: float64}
# - {name: swift_uvot_uvw2, datatype: float64}
# - {name: swift_uvot_uvm2, datatype: float64}
# - {name: swift_uvot_uvw1, datatype: float64}
# - {name: swift_uvot_U, datatype: float64}
# - {name: swift_uvot_B, datatype: float64}
# - {name: swift_uvot_V, datatype: float64}
# - {name: swift_uvot_W, datatype: float64}
# - {name: johnson_U, datatype: float64}
# - {name: johnson_B, datatype: float64}
# - {name: johnson_V, datatype: float64}
# - {name: johnson_R, datatype: float64}
# - {name: johnson_I, datatype: float64}
# - {name: sdss_u, datatype: float64}
# - {name: sdss_g, datatype: float64}
# - {name: sdss_r, datatype: float64}
# - {name: sdss_i, datatype: float64}
# - {name: sdss_z, datatype: float64}
# - {name: PS1_g, datatype: float64}
# - {name: PS1_r, datatype: float64}
# - {name: PS1_i, datatype: float64}
# - {name: PS1_z, datatype: float64}
# - {name: PS1_Y, datatype: float64}
# - {name: PS1_w, datatype: float64}
# - {name: ATLAS_c, datatype: float64}
# - {name: ATLAS_o, datatype: float64}
# - {name: ukirt_J, datatype: float64}
# - {name: ukirt_H, datatype: float64}
# - {name: ukirt_K, datatype: float64}
# - {name: Clear, datatype: float64}
# meta: !!omap
# - comment: [kappa = 1.0, type = villar, mass = 0.4064473885499596, velocity = 0.124, theta_obs = 0.0]
# schema: astropy-2.0
time swift_uvot_uvw2 swift_uvot_uvm2 swift_uvot_uvw1 swift_uvot_U swift_uvot_B swift_uvot_V swift_uvot_W johnson_U johnson_B johnson_V johnson_R johnson_I sdss_u sdss_g sdss_r sdss_i sdss_z PS1_g PS1_r PS1_i PS1_z PS1_Y PS1_w ATLAS_c ATLAS_o ukirt_J ukirt_H ukirt_K Clear
[from data line 215]
0.605549 -14.862 -15.082 -15.265 -15.543 -15.536 -15.415 -15.289 -15.551 -15.533 -15.408 -15.199 -14.907 -15.552 -15.503 -15.304 -15.093 -14.863 -15.5 -15.314 -15.104 -14.933 -14.851 -15.303 -15.429 -15.215 -14.344 -13.882 -13.321 -15.325
0.623863 -14.87 -15.094 -15.283 -15.572 -15.571 -15.455 -15.314 -15.581 -15.568 -15.448 -15.241 -14.952 -15.582 -15.54 -15.346 -15.137 -14.909 -15.537 -15.356 -15.147 -14.978 -14.897 -15.344 -15.468 -15.258 -14.393 -13.932 -13.372 -15.364
0.642731 -14.876 -15.105 -15.301 -15.601 -15.606 -15.494 -15.337 -15.611 -15.603 -15.487 -15.284 -14.997 -15.612 -15.576 -15.387 -15.181 -14.955 -15.574 -15.397 -15.191 -15.023 -14.942 -15.384 -15.506 -15.3 -14.441 -13.982 -13.423 -15.404
0.66217 -14.882 -15.116 -15.318 -15.629 -15.64 -15.533 -15.361 -15.64 -15.638 -15.527 -15.326 -15.043 -15.641 -15.612 -15.428 -15.225 -15.0 -15.611 -15.438 -15.235 -15.068 -14.987 -15.425 -15.545 -15.342 -14.489 -14.031 -13.473 -15.443
0.682197 -14.888 -15.126 -15.335 -15.657 -15.674 -15.572 -15.384 -15.669 -15.672 -15.565 -15.368 -15.088 -15.669 -15.648 -15.469 -15.269 -15.046 -15.647 -15.479 -15.278 -15.113 -15.032 -15.465 -15.583 -15.384 -14.537 -14.081 -13.524 -15.482
0.70283 -14.893 -15.136 -15.351 -15.685 -15.708 -15.611 -15.407 -15.697 -15.706 -15.604 -15.41 -15.133 -15.698 -15.684 -15.51 -15.312 -15.091 -15.683 -15.519 -15.321 -15.158 -15.077 -15.504 -15.62 -15.426 -14.585 -14.13 -13.575 -15.521
0.724086 -14.897 -15.145 -15.366 -15.712 -15.742 -15.649 -15.43 -15.726 -15.739 -15.643 -15.452 -15.177 -15.726 -15.719 -15.55 -15.355 -15.136 -15.719 -15.56 -15.365 -15.202 -15.122 -15.544 -15.658 -15.468 -14.633 -14.18 -13.626 -15.56
0.745986 -14.901 -15.154 -15.381 -15.738 -15.775 -15.687 -15.452 -15.754 -15.773 -15.681 -15.494 -15.222 -15.753 -15.754 -15.591 -15.398 -15.181 -15.755 -15.6 -15.407 -15.247 -15.167 -15.583 -15.695 -15.509 -14.681 -14.229 -13.676 -15.599
0.768548 -14.904 -15.161 -15.396 -15.765 -15.808 -15.725 -15.474 -15.781 -15.806 -15.719 -15.535 -15.266 -15.781 -15.789 -15.631 -15.441 -15.226 -15.79 -15.64 -15.45 -15.291 -15.211 -15.623 -15.732 -15.551 -14.729 -14.278 -13.727 -15.637
0.791792 -14.907 -15.168 -15.41 -15.791 -15.841 -15.763 -15.496 -15.808 -15.838 -15.757 -15.577 -15.311 -15.808 -15.823 -15.671 -15.484 -15.271 -15.825 -15.68 -15.493 -15.335 -15.256 -15.662 -15.769 -15.592 -14.777 -14.328 -13.777 -15.675
0.815739 -14.909 -15.175 -15.424 -15.816 -15.873 -15.8 -15.517 -15.835 -15.871 -15.794 -15.618 -15.355 -15.834 -15.857 -15.71 -15.527 -15.316 -15.86 -15.719 -15.535 -15.379 -15.3 -15.7 -15.805 -15.633 -14.824 -14.377 -13.827 -15.713
0.840411 -14.91 -15.181 -15.437 -15.841 -15.905 -15.837 -15.538 -15.861 -15.903 -15.831 -15.659 -15.399 -15.86 -15.891 -15.75 -15.569 -15.36 -15.894 -15.759 -15.578 -15.423 -15.344 -15.739 -15.842 -15.673 -14.872 -14.426 -13.878 -15.751
0.865828 -14.91 -15.186 -15.449 -15.866 -15.936 -15.874 -15.559 -15.887 -15.934 -15.869 -15.7 -15.443 -15.886 -15.924 -15.789 -15.611 -15.405 -15.928 -15.798 -15.62 -15.467 -15.389 -15.777 -15.878 -15.714 -14.919 -14.475 -13.928 -15.788
0.892015 -14.91 -15.19 -15.461 -15.89 -15.968 -15.911 -15.579 -15.912 -15.966 -15.905 -15.74 -15.487 -15.911 -15.958 -15.828 -15.653 -15.449 -15.962 -15.837 -15.662 -15.51 -15.433 -15.815 -15.913 -15.754 -14.966 -14.524 -13.978 -15.825
0.918993 -14.909 -15.194 -15.472 -15.914 -15.999 -15.947 -15.599 -15.937 -15.997 -15.942 -15.78 -15.53 -15.936 -15.99 -15.867 -15.695 -15.493 -15.996 -15.876 -15.704 -15.554 -15.477 -15.853 -15.949 -15.794 -15.013 -14.572 -14.028 -15.862
0.946787 -14.908 -15.197 -15.483 -15.937 -16.029 -15.984 -15.619 -15.962 -16.027 -15.978 -15.821 -15.574 -15.96 -16.023 -15.906 -15.737 -15.537 -16.029 -15.914 -15.745 -15.597 -15.52 -15.891 -15.984 -15.834 -15.06 -14.621 -14.079 -15.899
0.975422 -14.906 -15.199 -15.493 -15.96 -16.06 -16.019 -15.638 -15.986 -16.058 -16.014 -15.86 -15.617 -15.984 -16.055 -15.944 -15.778 -15.581 -16.062 -15.952 -15.787 -15.64 -15.564 -15.928 -16.019 -15.874 -15.107 -14.67 -14.129 -15.935
1.004923 -14.903 -15.201 -15.503 -15.982 -16.089 -16.055 -15.657 -16.01 -16.088 -16.05 -15.9 -15.66 -16.007 -16.087 -15.982 -15.82 -15.624 -16.095 -15.991 -15.828 -15.683 -15.608 -15.965 -16.053 -15.913 -15.154 -14.718 -14.179 -15.972
1.035317 -14.899 -15.202 -15.512 -16.004 -16.119 -16.09 -15.675 -16.033 -16.117 -16.085 -15.94 -15.703 -16.03 -16.119 -16.02 -15.861 -15.668 -16.127 -16.028 -15.869 -15.726 -15.651 -16.002 -16.087 -15.952 -15.201 -14.767 -14.228 -16.007
1.066629 -14.895 -15.202 -15.52 -16.025 -16.148 -16.125 -15.693 -16.056 -16.146 -16.12 -15.979 -15.746 -16.052 -16.15 -16.058 -15.902 -15.711 -16.159 -16.066 -15.91 -15.769 -15.694 -16.039 -16.121 -15.991 -15.247 -14.815 -14.278 -16.043
1.098888 -14.89 -15.201 -15.527 -16.046 -16.177 -16.16 -15.711 -16.078 -16.175 -16.155 -16.018 -15.788 -16.074 -16.181 -16.095 -15.942 -15.754 -16.191 -16.103 -15.95 -15.811 -15.737 -16.075 -16.155 -16.03 -15.294 -14.863 -14.328 -16.079
1.132124 -14.884 -15.199 -15.534 -16.066 -16.205 -16.194 -15.729 -16.1 -16.203 -16.189 -16.056 -15.831 -16.096 -16.211 -16.132 -15.983 -15.797 -16.222 -16.14 -15.991 -15.853 -15.78 -16.111 -16.188 -16.068 -15.34 -14.911 -14.378 -16.114
1.166364 -14.877 -15.197 -15.541 -16.086 -16.233 -16.228 -15.746 -16.121 -16.231 -16.223 -16.095 -15.873 -16.117 -16.241 -16.169 -16.023 -15.839 -16.253 -16.177 -16.031 -15.895 -15.823 -16.147 -16.221 -16.107 -15.386 -14.959 -14.427 -16.149
1.20164 -14.869 -15.194 -15.546 -16.105 -16.26 -16.262 -15.762 -16.141 -16.259 -16.257 -16.133 -15.915 -16.137 -16.271 -16.205 -16.063 -15.882 -16.283 -16.213 -16.071 -15.937 -15.866 -16.183 -16.254 -16.145 -15.432 -15.007 -14.477 -16.183
1.237983 -14.861 -15.19 -15.551 -16.124 -16.288 -16.295 -15.778 -16.162 -16.286 -16.291 -16.171 -15.957 -16.157 -16.3 -16.241 -16.103 -15.924 -16.314 -16.249 -16.111 -15.979 -15.908 -16.218 -16.286 -16.182 -15.478 -15.055 -14.526 -16.217
1.275425 -14.852 -15.185 -15.555 -16.142 -16.314 -16.328 -15.794 -16.181 -16.313 -16.324 -16.209 -15.998 -16.176 -16.329 -16.277 -16.142 -15.966 -16.343 -16.285 -16.15 -16.02 -15.951 -16.253 -16.318 -16.22 -15.524 -15.103 -14.575 -16.251
1.313999 -14.842 -15.179 -15.559 -16.16 -16.34 -16.361 -15.81 -16.2 -16.339 -16.357 -16.246 -16.04 -16.195 -16.358 -16.313 -16.182 -16.008 -16.373 -16.321 -16.189 -16.062 -15.993 -16.287 -16.35 -16.257 -15.57 -15.151 -14.624 -16.285
1.35374 -14.831 -15.172 -15.561 -16.177 -16.366 -16.393 -15.825 -16.219 -16.365 -16.389 -16.283 -16.081 -16.213 -16.386 -16.348 -16.221 -16.05 -16.402 -16.356 -16.228 -16.103 -16.035 -16.322 -16.381 -16.294 -15.615 -15.198 -14.674 -16.318
1.394683 -14.82 -15.164 -15.563 -16.193 -16.391 -16.425 -15.839 -16.237 -16.39 -16.421 -16.32 -16.122 -16.23 -16.413 -16.383 -16.259 -16.091 -16.43 -16.391 -16.267 -16.144 -16.077 -16.356 -16.412 -16.33 -15.661 -15.245 -14.723 -16.351
1.436864 -14.807 -15.156 -15.564 -16.209 -16.416 -16.457 -15.853 -16.254 -16.415 -16.453 -16.357 -16.162 -16.247 -16.441 -16.418 -16.298 -16.133 -16.458 -16.426 -16.305 -16.184 -16.118 -16.389 -16.442 -16.366 -15.706 -15.293 -14.772 -16.384
1.480321 -14.794 -15.146 -15.565 -16.224 -16.44 -16.488 -15.867 -16.271 -16.439 -16.484 -16.393 -16.203 -16.264 -16.467 -16.452 -16.336 -16.174 -16.486 -16.46 -16.344 -16.225 -16.16 -16.422 -16.472 -16.402 -15.751 -15.34 -14.82 -16.416
1.525092 -14.779 -15.135 -15.564 -16.238 -16.464 -16.518 -15.88 -16.287 -16.463 -16.515 -16.429 -16.243 -16.279 -16.494 -16.486 -16.374 -16.215 -16.513 -16.494 -16.382 -16.265 -16.201 -16.455 -16.502 -16.438 -15.796 -15.387 -14.869 -16.448
1.571218 -14.764 -15.124 -15.563 -16.252 -16.487 -16.549 -15.892 -16.302 -16.486 -16.546 -16.465 -16.283 -16.294 -16.519 -16.52 -16.412 -16.255 -16.54 -16.527 -16.419 -16.305 -16.242 -16.488 -16.531 -16.473 -15.84 -15.434 -14.918 -16.48
1.618738 -14.748 -15.111 -15.561 -16.265 -16.51 -16.579 -15.905 -16.317 -16.509 -16.576 -16.5 -16.323 -16.308 -16.545 -16.553 -16.449 -16.295 -16.566 -16.56 -16.456 -16.344 -16.282 -16.52 -16.56 -16.508 -15.885 -15.48 -14.966 -16.511
1.667696 -14.731 -15.097 -15.558 -16.277 -16.532 -16.608 -15.916 -16.331 -16.531 -16.605 -16.535 -16.362 -16.322 -16.569 -16.586 -16.486 -16.335 -16.592 -16.593 -16.494 -16.384 -16.323 -16.552 -16.588 -16.543 -15.929 -15.527 -15.015 -16.542
1.718134 -14.712 -15.082 -15.554 -16.289 -16.553 -16.637 -15.927 -16.344 -16.553 -16.634 -16.57 -16.401 -16.335 -16.593 -16.618 -16.523 -16.375 -16.617 -16.626 -16.53 -16.423 -16.363 -16.584 -16.616 -16.577 -15.973 -15.573 -15.063 -16.572
1.770098 -14.693 -15.066 -15.549 -16.3 -16.574 -16.666 -15.938 -16.357 -16.574 -16.663 -16.604 -16.44 -16.347 -16.617 -16.65 -16.559 -16.415 -16.642 -16.658 -16.567 -16.462 -16.403 -16.615 -16.643 -16.611 -16.017 -15.62 -15.111 -16.603
1.823633 -14.673 -15.049 -15.543 -16.31 -16.594 -16.694 -15.948 -16.368 -16.594 -16.691 -16.638 -16.479 -16.358 -16.64 -16.682 -16.595 -16.454 -16.666 -16.689 -16.603 -16.5 -16.443 -16.645 -16.67 -16.645 -16.061 -15.666 -15.159 -16.632
1.878788 -14.652 -15.03 -15.537 -16.319 -16.614 -16.721 -15.958 -16.379 -16.614 -16.719 -16.671 -16.517 -16.369 -16.663 -16.713 -16.631 -16.493 -16.69 -16.721 -16.638 -16.539 -16.483 -16.676 -16.697 -16.678 -16.104 -15.712 -15.207 -16.661
1.93561 -14.629 -15.011 -15.529 -16.327 -16.633 -16.748 -15.966 -16.39 -16.633 -16.746 -16.704 -16.555 -16.379 -16.685 -16.744 -16.666 -16.532 -16.713 -16.751 -16.674 -16.577 -16.522 -16.705 -16.723 -16.711 -16.148 -15.757 -15.255 -16.69
1.994152 -14.606 -14.99 -15.52 -16.335 -16.651 -16.775 -15.975 -16.399 -16.652 -16.773 -16.737 -16.593 -16.388 -16.706 -16.774 -16.701 -16.57 -16.736 -16.782 -16.709 -16.614 -16.561 -16.735 -16.748 -16.743 -16.191 -15.803 -15.302 -16.719
2.054463 -14.581 -14.967 -15.51 -16.342 -16.669 -16.801 -15.983 -16.408 -16.67 -16.799 -16.769 -16.63 -16.396 -16.727 -16.804 -16.736 -16.608 -16.758 -16.812 -16.744 -16.652 -16.6 -16.764 -16.773 -16.775 -16.234 -15.849 -15.35 -16.747
2.116599 -14.556 -14.944 -15.499 -16.347 -16.686 -16.826 -15.99 -16.416 -16.687 -16.825 -16.801 -16.667 -16.403 -16.747 -16.833 -16.77 -16.646 -16.779 -16.841 -16.778 -16.689 -16.639 -16.792 -16.797 -16.806 -16.276 -15.894 -15.397 -16.774
2.180614 -14.529 -14.919 -15.487 -16.352 -16.702 -16.851 -15.996 -16.423 -16.703 -16.85 -16.833 -16.704 -16.41 -16.766 -16.862 -16.804 -16.683 -16.8 -16.87 -16.812 -16.726 -16.677 -16.82 -16.821 -16.837 -16.319 -15.939 -15.445 -16.801
2.246566 -14.501 -14.892 -15.474 -16.356 -16.718 -16.876 -16.002 -16.429 -16.719 -16.875 -16.864 -16.74 -16.415 -16.785 -16.89 -16.837 -16.72 -16.82 -16.898 -16.845 -16.762 -16.715 -16.848 -16.844 -16.868 -16.361 -15.984 -15.492 -16.828
2.314511 -14.472 -14.864 -15.46 -16.359 -16.732 -16.899 -16.007 -16.434 -16.734 -16.899 -16.894 -16.776 -16.42 -16.803 -16.918 -16.87 -16.757 -16.839 -16.926 -16.878 -16.798 -16.752 -16.875 -16.866 -16.898 -16.403 -16.028 -15.538 -16.854
2.384512 -14.441 -14.835 -15.444 -16.361 -16.746 -16.922 -16.012 -16.438 -16.748 -16.922 -16.924 -16.812 -16.423 -16.82 -16.945 -16.903 -16.793 -16.858 -16.953 -16.911 -16.834 -16.789 -16.901 -16.888 -16.927 -16.444 -16.073 -15.585 -16.879
2.45663 -14.41 -14.804 -15.427 -16.362 -16.759 -16.945 -16.016 -16.441 -16.761 -16.945 -16.954 -16.847 -16.425 -16.837 -16.972 -16.935 -16.829 -16.876 -16.98 -16.943 -16.869 -16.826 -16.927 -16.909 -16.957 -16.486 -16.117 -15.632 -16.904
2.530929 -14.377 -14.771 -15.409 -16.362 -16.772 -16.966 -16.019 -16.443 -16.773 -16.967 -16.982 -16.882 -16.427 -16.853 -16.998 -16.966 -16.865 -16.893 -17.006 -16.975 -16.904 -16.863 -16.952 -16.93 -16.985 -16.527 -16.161 -15.678 -16.928
2.607475 -14.342 -14.737 -15.39 -16.361 -16.783 -16.987 -16.021 -16.444 -16.785 -16.988 -17.011 -16.916 -16.427 -16.868 -17.024 -16.998 -16.9 -16.909 -17.032 -17.006 -16.938 -16.899 -16.977 -16.949 -17.013 -16.568 -16.205 -15.724 -16.952
2.686337 -14.307 -14.701 -15.369 -16.358 -16.794 -17.008 -16.022 -16.444 -16.796 -17.008 -17.039 -16.95 -16.426 -16.882 -17.049 -17.028 -16.934 -16.925 -17.057 -17.036 -16.972 -16.935 -17.001 -16.969 -17.04 -16.608 -16.248 -15.77 -16.975
2.767583 -14.27 -14.663 -15.347 -16.354 -16.803 -17.027 -16.023 -16.442 -16.805 -17.028 -17.066 -16.984 -16.424 -16.895 -17.073 -17.058 -16.969 -16.94 -17.081 -17.067 -17.005 -16.97 -17.024 -16.987 -17.067 -16.648 -16.292 -15.816 -16.998
2.851287 -14.231 -14.624 -15.323 -16.35 -16.812 -17.046 -16.023 -16.44 -16.814 -17.047 -17.093 -17.016 -16.421 -16.907 -17.096 -17.088 -17.002 -16.954 -17.105 -17.096 -17.039 -17.005 -17.047 -17.004 -17.093 -16.688 -16.335 -15.862 -17.019
2.937522 -14.191 -14.582 -15.298 -16.343 -16.819 -17.064 -16.022 -16.436 -16.822 -17.065 -17.119 -17.049 -16.417 -16.919 -17.119 -17.117 -17.036 -16.967 -17.128 -17.125 -17.071 -17.04 -17.069 -17.021 -17.119 -16.727 -16.377 -15.907 -17.041
3.026365 -14.15 -14.539 -15.271 -16.336 -16.825 -17.081 -16.02 -16.431 -16.828 -17.083 -17.144 -17.081 -16.411 -16.929 -17.141 -17.145 -17.069 -16.979 -17.15 -17.154 -17.103 -17.074 -17.091 -17.037 -17.144 -16.767 -16.42 -15.952 -17.061
3.117896 -14.107 -14.493 -15.242 -16.327 -16.831 -17.097 -16.017 -16.424 -16.834 -17.099 -17.169 -17.112 -16.404 -16.939 -17.163 -17.173 -17.101 -16.99 -17.171 -17.181 -17.135 -17.107 -17.111 -17.052 -17.168 -16.805 -16.462 -15.997 -17.081
3.212194 -14.063 -14.446 -15.212 -16.317 -16.835 -17.113 -16.013 -16.417 -16.838 -17.115 -17.193 -17.143 -16.395 -16.947 -17.183 -17.2 -17.133 -17.0 -17.192 -17.209 -17.166 -17.141 -17.131 -17.066 -17.192 -16.844 -16.504 -16.042 -17.1
3.309345 -14.018 -14.396 -15.18 -16.305 -16.838 -17.127 -16.008 -16.407 -16.842 -17.13 -17.216 -17.173 -16.385 -16.954 -17.203 -17.226 -17.164 -17.009 -17.212 -17.235 -17.196 -17.173 -17.15 -17.079 -17.214 -16.882 -16.545 -16.086 -17.118
3.409434 -13.97 -14.343 -15.147 -16.291 -16.84 -17.14 -16.002 -16.397 -16.844 -17.143 -17.238 -17.203 -16.373 -16.96 -17.222 -17.252 -17.194 -17.017 -17.231 -17.261 -17.226 -17.205 -17.169 -17.091 -17.236 -16.919 -16.587 -16.13 -17.135
3.51255 -13.921 -14.289 -15.111 -16.276 -16.84 -17.153 -15.995 -16.384 -16.844 -17.156 -17.26 -17.232 -16.36 -16.965 -17.24 -17.277 -17.224 -17.024 -17.249 -17.286 -17.255 -17.237 -17.186 -17.102 -17.257 -16.956 -16.627 -16.174 -17.152
3.618785 -13.871 -14.232 -15.074 -16.259 -16.839 -17.164 -15.987 -16.37 -16.844 -17.168 -17.281 -17.26 -16.345 -16.969 -17.257 -17.301 -17.254 -17.029 -17.266 -17.31 -17.283 -17.268 -17.202 -17.112 -17.278 -16.993 -16.668 -16.218 -17.168
3.728232 -13.819 -14.172 -15.034 -16.241 -16.837 -17.174 -15.977 -16.355 -16.842 -17.178 -17.301 -17.288 -16.329 -16.971 -17.273 -17.324 -17.282 -17.034 -17.282 -17.334 -17.311 -17.298 -17.218 -17.121 -17.297 -17.029 -16.708 -16.261 -17.183
3.84099 -13.765 -14.109 -14.992 -16.22 -16.833 -17.183 -15.967 -16.337 -16.838 -17.188 -17.32 -17.315 -16.31 -16.972 -17.288 -17.347 -17.31 -17.037 -17.297 -17.356 -17.338 -17.328 -17.233 -17.129 -17.315 -17.065 -16.748 -16.304 -17.196
3.957158 -13.71 -14.044 -14.949 -16.198 -16.828 -17.191 -15.955 -16.318 -16.833 -17.196 -17.338 -17.341 -16.29 -16.972 -17.301 -17.368 -17.338 -17.038 -17.311 -17.378 -17.365 -17.357 -17.246 -17.135 -17.333 -17.1 -16.787 -16.346 -17.209
4.07684 -13.653 -13.976 -14.902 -16.174 -16.821 -17.197 -15.941 -16.297 -16.827 -17.203 -17.355 -17.367 -16.268 -16.97 -17.314 -17.389 -17.364 -17.039 -17.324 -17.399 -17.39 -17.385 -17.259 -17.14 -17.349 -17.134 -16.826 -16.389 -17.221
4.200141 -13.594 -13.905 -14.854 -16.147 -16.812 -17.202 -15.927 -16.273 -16.818 -17.208 -17.371 -17.391 -16.243 -16.967 -17.326 -17.409 -17.39 -17.038 -17.336 -17.419 -17.415 -17.413 -17.27 -17.144 -17.365 -17.168 -16.864 -16.431 -17.232
4.327172 -13.534 -13.83 -14.803 -16.119 -16.802 -17.206 -15.91 -16.248 -16.808 -17.212 -17.386 -17.415 -16.217 -16.962 -17.336 -17.427 -17.414 -17.035 -17.347 -17.438 -17.439 -17.44 -17.28 -17.146 -17.379 -17.201 -16.902 -16.472 -17.241
