web/models/grb/offaxis/7/grb_0.2967_10.0000_0.0000398.dat
# %ECSV 1.0
# ---
# datatype:
# - {name: time, datatype: float64}
# - {name: swift_uvot_uvw2, datatype: float64}
# - {name: swift_uvot_uvm2, datatype: float64}
# - {name: swift_uvot_uvw1, datatype: float64}
# - {name: swift_uvot_U, datatype: float64}
# - {name: swift_uvot_B, datatype: float64}
# - {name: swift_uvot_V, datatype: float64}
# - {name: swift_uvot_W, datatype: float64}
# - {name: johnson_U, datatype: float64}
# - {name: johnson_B, datatype: float64}
# - {name: johnson_V, datatype: float64}
# - {name: johnson_R, datatype: float64}
# - {name: johnson_I, datatype: float64}
# - {name: sdss_u, datatype: float64}
# - {name: sdss_g, datatype: float64}
# - {name: sdss_r, datatype: float64}
# - {name: sdss_i, datatype: float64}
# - {name: sdss_z, datatype: float64}
# - {name: PS1_g, datatype: float64}
# - {name: PS1_r, datatype: float64}
# - {name: PS1_i, datatype: float64}
# - {name: PS1_z, datatype: float64}
# - {name: PS1_Y, datatype: float64}
# - {name: PS1_w, datatype: float64}
# - {name: ATLAS_c, datatype: float64}
# - {name: ATLAS_o, datatype: float64}
# - {name: ukirt_J, datatype: float64}
# - {name: ukirt_H, datatype: float64}
# - {name: ukirt_K, datatype: float64}
# - {name: Clear, datatype: float64}
# meta: !!omap
# - comment: [E = 0.0043396498804093575, Eta0 = 8.02, GammaB = 12.0, dL = 0.012188, epsb = 6.760829753919819e-06, epse = 0.1, n = 3.9810717055349695e-05,
#     p = 2.15, theta_obs = 0.29670597283903605, xiN = 1.0, z = 0.0, type = grb, E_kiso = 10.0]
# schema: astropy-2.0
time swift_uvot_uvw2 swift_uvot_uvm2 swift_uvot_uvw1 swift_uvot_U swift_uvot_B swift_uvot_V swift_uvot_W johnson_U johnson_B johnson_V johnson_R johnson_I sdss_u sdss_g sdss_r sdss_i sdss_z PS1_g PS1_r PS1_i PS1_z PS1_Y PS1_w ATLAS_c ATLAS_o ukirt_J ukirt_H ukirt_K Clear
[from data line 186]
0.8424 6.043 6.092 6.017 5.824 5.682 5.543 5.904 5.802 5.68 5.538 5.397 5.249 5.807 5.635 5.463 5.342 5.231 5.571 5.428 5.308 5.209 5.041 5.465 5.56 5.407 5.019 4.85 4.66 5.375
0.8627 6.018 6.067 5.992 5.8 5.657 5.518 5.879 5.777 5.655 5.513 5.372 5.224 5.782 5.61 5.438 5.317 5.206 5.546 5.403 5.283 5.184 5.016 5.44 5.535 5.382 4.994 4.825 4.635 5.35
0.8835 5.993 6.042 5.968 5.775 5.632 5.493 5.854 5.752 5.63 5.488 5.347 5.199 5.757 5.585 5.413 5.292 5.181 5.521 5.378 5.259 5.16 4.991 5.415 5.51 5.357 4.97 4.8 4.61 5.325
0.9048 5.968 6.018 5.943 5.75 5.607 5.468 5.829 5.727 5.605 5.463 5.323 5.174 5.732 5.56 5.388 5.267 5.157 5.496 5.353 5.234 5.135 4.966 5.39 5.485 5.333 4.945 4.775 4.585 5.3
0.9266 5.943 5.993 5.918 5.725 5.582 5.443 5.804 5.702 5.58 5.438 5.298 5.149 5.707 5.535 5.363 5.242 5.132 5.471 5.329 5.209 5.11 4.941 5.365 5.46 5.308 4.92 4.75 4.56 5.275
0.949 5.918 5.968 5.893 5.7 5.557 5.418 5.779 5.677 5.555 5.413 5.273 5.124 5.683 5.51 5.338 5.217 5.107 5.446 5.304 5.184 5.085 4.916 5.34 5.436 5.283 4.895 4.725 4.535 5.25
0.9719 5.893 5.943 5.868 5.675 5.533 5.393 5.754 5.653 5.53 5.388 5.248 5.099 5.658 5.485 5.313 5.192 5.082 5.421 5.279 5.159 5.06 4.892 5.315 5.411 5.258 4.87 4.701 4.51 5.225
0.9953 5.868 5.918 5.843 5.65 5.508 5.369 5.729 5.628 5.505 5.363 5.223 5.074 5.633 5.46 5.288 5.168 5.057 5.396 5.254 5.134 5.035 4.867 5.291 5.386 5.233 4.845 4.676 4.485 5.2
1.0194 5.845 5.894 5.819 5.626 5.484 5.345 5.706 5.604 5.482 5.34 5.199 5.051 5.609 5.436 5.265 5.144 5.033 5.373 5.23 5.11 5.011 4.843 5.267 5.362 5.209 4.821 4.652 4.462 5.177
1.0439 5.824 5.874 5.799 5.606 5.464 5.325 5.685 5.584 5.461 5.319 5.179 5.03 5.589 5.416 5.244 5.124 5.013 5.352 5.21 5.09 4.991 4.823 5.247 5.342 5.189 4.801 4.632 4.441 5.156
1.0691 5.804 5.854 5.779 5.586 5.443 5.304 5.665 5.563 5.441 5.299 5.159 5.01 5.568 5.396 5.224 5.103 4.993 5.332 5.19 5.07 4.971 4.802 5.226 5.321 5.169 4.781 4.611 4.421 5.136
1.0949 5.784 5.833 5.758 5.566 5.423 5.284 5.645 5.543 5.421 5.279 5.138 4.99 5.548 5.376 5.204 5.083 4.972 5.312 5.169 5.049 4.95 4.782 5.206 5.301 5.148 4.76 4.591 4.401 5.116
1.1213 5.764 5.813 5.738 5.545 5.403 5.264 5.625 5.523 5.4 5.259 5.118 4.97 5.528 5.355 5.183 5.063 4.952 5.292 5.149 5.029 4.93 4.762 5.186 5.281 5.128 4.74 4.571 4.381 5.096
1.1484 5.743 5.793 5.718 5.525 5.383 5.243 5.604 5.503 5.38 5.238 5.098 4.949 5.508 5.335 5.163 5.043 4.932 5.271 5.129 5.009 4.91 4.742 5.165 5.261 5.108 4.72 4.551 4.36 5.075
1.1761 5.723 5.773 5.698 5.505 5.362 5.223 5.584 5.482 5.36 5.218 5.078 4.929 5.487 5.315 5.143 5.022 4.912 5.251 5.108 4.989 4.89 4.721 5.145 5.24 5.088 4.7 4.53 4.34 5.055
1.2044 5.703 5.752 5.677 5.484 5.342 5.203 5.564 5.462 5.34 5.198 5.057 4.909 5.467 5.295 5.123 5.002 4.891 5.231 5.088 4.968 4.869 4.701 5.125 5.22 5.067 4.679 4.51 4.32 5.035
1.2335 5.683 5.732 5.657 5.464 5.322 5.183 5.543 5.442 5.319 5.178 5.037 4.888 5.447 5.274 5.102 4.982 4.871 5.211 5.068 4.948 4.849 4.681 5.105 5.2 5.047 4.659 4.49 4.299 5.014
1.2633 5.662 5.712 5.637 5.444 5.302 5.162 5.523 5.422 5.299 5.157 5.017 4.868 5.427 5.254 5.082 4.961 4.851 5.19 5.048 4.928 4.829 4.661 5.084 5.18 5.027 4.639 4.47 4.279 4.994
1.2937 5.644 5.693 5.618 5.425 5.283 5.144 5.505 5.403 5.281 5.139 4.998 4.85 5.408 5.235 5.064 4.943 4.832 5.172 5.029 4.909 4.81 4.642 5.066 5.161 5.008 4.62 4.451 4.261 4.976
1.3249 5.628 5.677 5.602 5.41 5.267 5.128 5.489 5.387 5.265 5.123 4.982 4.834 5.392 5.22 5.048 4.927 4.816 5.156 5.013 4.893 4.794 4.626 5.05 5.145 4.992 4.604 4.435 4.245 4.96
1.3569 5.612 5.661 5.587 5.394 5.251 5.112 5.473 5.371 5.249 5.107 4.966 4.818 5.376 5.204 5.032 4.911 4.801 5.14 4.997 4.878 4.779 4.61 5.034 5.129 4.977 4.589 4.419 4.229 4.944
1.3896 5.596 5.646 5.571 5.378 5.235 5.096 5.457 5.355 5.233 5.091 4.951 4.802 5.36 5.188 5.016 4.895 4.785 5.124 4.982 4.862 4.763 4.594 5.018 5.113 4.961 4.573 4.403 4.213 4.928
1.4232 5.58 5.63 5.555 5.362 5.219 5.08 5.441 5.34 5.217 5.075 4.935 4.786 5.345 5.172 5.0 4.879 4.769 5.108 4.966 4.846 4.747 4.579 5.002 5.098 4.945 4.557 4.387 4.197 4.912
1.4575 5.564 5.614 5.539 5.346 5.204 5.064 5.425 5.324 5.201 5.059 4.919 4.77 5.329 5.156 4.984 4.864 4.753 5.092 4.95 4.83 4.731 4.563 4.987 5.082 4.929 4.541 4.372 4.181 4.896
1.4927 5.549 5.598 5.523 5.33 5.188 5.049 5.409 5.308 5.185 5.043 4.903 4.754 5.313 5.14 4.968 4.848 4.737 5.076 4.934 4.814 4.715 4.547 4.971 5.066 4.913 4.525 4.356 4.165 4.88
1.5287 5.533 5.582 5.507 5.314 5.172 5.033 5.394 5.292 5.169 5.028 4.887 4.739 5.297 5.124 4.952 4.832 4.721 5.061 4.918 4.798 4.699 4.531 4.955 5.05 4.897 4.509 4.34 4.15 4.865
1.5655 5.517 5.566 5.491 5.298 5.156 5.017 5.378 5.276 5.154 5.012 4.871 4.723 5.281 5.108 4.937 4.816 4.705 5.045 4.902 4.782 4.683 4.515 4.939 5.034 4.881 4.493 4.324 4.134 4.849
1.6033 5.501 5.55 5.475 5.283 5.14 5.001 5.362 5.26 5.138 4.996 4.855 4.707 5.265 5.093 4.921 4.8 4.689 5.029 4.886 4.766 4.667 4.499 4.923 5.018 4.865 4.477 4.308 4.118 4.833
1.642 5.486 5.535 5.46 5.267 5.125 4.986 5.347 5.245 5.123 4.981 4.84 4.692 5.25 5.078 4.906 4.785 4.674 5.014 4.871 4.751 4.652 4.484 4.908 5.003 4.85 4.462 4.293 4.103 4.818
1.6816 5.471 5.521 5.446 5.253 5.111 4.972 5.332 5.231 5.108 4.966 4.826 4.677 5.236 5.063 4.891 4.771 4.66 4.999 4.857 4.737 4.638 4.47 4.894 4.989 4.836 4.448 4.279 4.088 4.803
1.7222 5.457 5.507 5.432 5.239 5.096 4.957 5.318 5.216 5.094 4.952 4.812 4.663 5.221 5.049 4.877 4.756 4.646 4.985 4.843 4.723 4.624 4.455 4.879 4.974 4.822 4.434 4.264 4.074 4.789
1.7637 5.443 5.492 5.417 5.224 5.082 4.943 5.304 5.202 5.08 4.938 4.797 4.649 5.207 5.035 4.863 4.742 4.631 4.971 4.828 4.708 4.609 4.441 4.865 4.96 4.807 4.419 4.25 4.06 4.775
1.8062 5.428 5.478 5.403 5.21 5.068 4.929 5.289 5.188 5.065 4.923 4.783 4.634 5.193 5.02 4.848 4.728 4.617 4.956 4.814 4.694 4.595 4.427 4.851 4.946 4.793 4.405 4.236 4.045 4.76
1.8498 5.414 5.464 5.389 5.196 5.053 4.914 5.275 5.173 5.051 4.909 4.769 4.62 5.178 5.006 4.834 4.713 4.603 4.942 4.8 4.68 4.581 4.412 4.836 4.931 4.779 4.391 4.221 4.031 4.746
1.8944 5.4 5.449 5.374 5.181 5.039 4.9 5.261 5.159 5.037 4.895 4.754 4.606 5.164 4.991 4.82 4.699 4.588 4.928 4.785 4.665 4.566 4.398 4.822 4.917 4.764 4.376 4.207 4.017 4.732
1.9401 5.385 5.435 5.36 5.167 5.025 4.886 5.246 5.145 5.022 4.88 4.74 4.591 5.15 4.977 4.805 4.685 4.574 4.913 4.771 4.651 4.552 4.384 4.808 4.903 4.75 4.362 4.193 4.002 4.717
1.9869 5.371 5.421 5.346 5.153 5.01 4.871 5.232 5.13 5.008 4.866 4.726 4.577 5.135 4.963 4.791 4.67 4.56 4.899 4.756 4.637 4.538 4.369 4.793 4.888 4.736 4.348 4.178 3.988 4.703
2.0349 5.357 5.406 5.331 5.138 4.996 4.857 5.218 5.116 4.994 4.852 4.711 4.563 5.121 4.948 4.777 4.656 4.545 4.885 4.742 4.622 4.523 4.355 4.779 4.874 4.721 4.333 4.164 3.974 4.689
2.084 5.344 5.394 5.319 5.126 4.983 4.844 5.205 5.103 4.981 4.839 4.699 4.55 5.109 4.936 4.764 4.643 4.533 4.872 4.73 4.61 4.511 4.342 4.766 4.862 4.709 4.321 4.151 3.961 4.676
2.1342 5.332 5.382 5.307 5.114 4.972 4.833 5.193 5.092 4.969 4.827 4.687 4.538 5.097 4.924 4.752 4.632 4.521 4.86 4.718 4.598 4.499 4.331 4.755 4.85 4.697 4.309 4.14 3.949 4.664
2.1857 5.321 5.37 5.295 5.102 4.96 4.821 5.182 5.08 4.958 4.816 4.675 4.527 5.085 4.912 4.741 4.62 4.509 4.849 4.706 4.586 4.487 4.319 4.743 4.838 4.685 4.297 4.128 3.938 4.653
2.2384 5.309 5.358 5.284 5.091 4.948 4.809 5.17 5.068 4.946 4.804 4.663 4.515 5.073 4.901 4.729 4.608 4.498 4.837 4.694 4.575 4.476 4.307 4.731 4.826 4.674 4.286 4.116 3.926 4.641
2.2924 5.297 5.347 5.272 5.079 4.937 4.797 5.158 5.057 4.934 4.792 4.652 4.503 5.062 4.889 4.717 4.596 4.486 4.825 4.683 4.563 4.464 4.296 4.719 4.815 4.662 4.274 4.105 3.914 4.629
2.3477 5.286 5.335 5.26 5.067 4.925 4.786 5.146 5.045 4.922 4.78 4.64 4.491 5.05 4.877 4.705 4.585 4.474 4.813 4.671 4.551 4.452 4.284 4.708 4.803 4.65 4.262 4.093 3.902 4.617
2.4044 5.274 5.323 5.248 5.055 4.913 4.774 5.135 5.033 4.911 4.769 4.628 4.48 5.038 4.866 4.694 4.573 4.462 4.802 4.659 4.539 4.44 4.272 4.696 4.791 4.638 4.25 4.081 3.891 4.606
2.4624 5.262 5.312 5.237 5.044 4.901 4.762 5.123 5.021 4.899 4.757 4.617 4.468 5.026 4.854 4.682 4.561 4.451 4.79 4.647 4.528 4.429 4.26 4.684 4.779 4.627 4.239 4.069 3.879 4.594
2.5218 5.25 5.3 5.225 5.032 4.89 4.75 5.111 5.01 4.887 4.745 4.605 4.456 5.015 4.842 4.67 4.549 4.439 4.778 4.636 4.516 4.417 4.249 4.672 4.768 4.615 4.227 4.058 3.867 4.582
2.5826 5.239 5.288 5.213 5.02 4.878 4.739 5.1 4.998 4.875 4.734 4.593 4.445 5.003 4.83 4.658 4.538 4.427 4.767 4.624 4.504 4.405 4.237 4.661 4.756 4.603 4.215 4.046 3.855 4.57
2.6449 5.226 5.275 5.2 5.007 4.865 4.726 5.087 4.985 4.863 4.721 4.58 4.432 4.99 4.817 4.646 4.525 4.414 4.754 4.611 4.491 4.392 4.224 4.648 4.743 4.59 4.202 4.033 3.843 4.558
2.7087 5.213 5.262 5.187 4.994 4.852 4.713 5.074 4.972 4.85 4.708 4.567 4.419 4.977 4.804 4.633 4.512 4.401 4.741 4.598 4.478 4.379 4.211 4.635 4.73 4.577 4.189 4.02 3.83 4.545
2.7741 5.2 5.249 5.174 4.981 4.839 4.7 5.061 4.959 4.836 4.695 4.554 4.406 4.964 4.791 4.619 4.499 4.388 4.728 4.585 4.465 4.366 4.198 4.622 4.717 4.564 4.176 4.007 3.817 4.532
2.841 5.187 5.236 5.161 4.968 4.826 4.687 5.047 4.946 4.823 4.682 4.541 4.392 4.951 4.778 4.606 4.486 4.375 4.715 4.572 4.452 4.353 4.185 4.609 4.704 4.551 4.163 3.994 3.803 4.518
2.9095 5.173 5.223 5.148 4.955 4.813 4.674 5.034 4.933 4.81 4.668 4.528 4.379 4.938 4.765 4.593 4.473 4.362 4.701 4.559 4.439 4.34 4.172 4.596 4.691 4.538 4.15 3.981 3.79 4.505
2.9797 5.16 5.21 5.135 4.942 4.8 4.661 5.021 4.92 4.797 4.655 4.515 4.366 4.925 4.752 4.58 4.46 4.349 4.688 4.546 4.426 4.327 4.159 4.583 4.678 4.525 4.137 3.968 3.777 4.492
3.0516 5.147 5.197 5.122 4.929 4.787 4.647 5.008 4.907 4.784 4.642 4.502 4.353 4.912 4.739 4.567 4.447 4.336 4.675 4.533 4.413 4.314 4.146 4.569 4.665 4.512 4.124 3.955 3.764 4.479
3.1252 5.134 5.184 5.109 4.916 4.774 4.634 4.995 4.894 4.771 4.629 4.489 4.34 4.899 4.726 4.554 4.433 4.323 4.662 4.52 4.4 4.301 4.133 4.556 4.652 4.499 4.111 3.942 3.751 4.466
3.2006 5.121 5.171 5.096 4.903 4.76 4.621 4.982 4.88 4.758 4.616 4.476 4.327 4.886 4.713 4.541 4.42 4.31 4.649 4.507 4.387 4.288 4.119 4.543 4.639 4.486 4.098 3.928 3.738 4.453
3.2778 5.108 5.158 5.083 4.89 4.747 4.608 4.969 4.867 4.745 4.603 4.463 4.314 4.872 4.7 4.528 4.407 4.297 4.636 4.494 4.374 4.275 4.106 4.53 4.625 4.473 4.085 3.915 3.725 4.44
3.3569 5.092 5.141 5.066 4.873 4.731 4.592 4.953 4.851 4.728 4.587 4.446 4.298 4.856 4.683 4.511 4.391 4.28 4.62 4.477 4.357 4.258 4.09 4.514 4.609 4.456 4.068 3.899 3.709 4.424
3.4378 5.075 5.124 5.05 4.857 4.714 4.575 4.936 4.834 4.712 4.57 4.429 4.281 4.839 4.667 4.495 4.374 4.264 4.603 4.46 4.341 4.242 4.073 4.497 4.592 4.44 4.052 3.882 3.692 4.407
3.5208 5.058 5.108 5.033 4.84 4.698 4.559 4.919 4.818 4.695 4.553 4.413 4.264 4.823 4.65 4.478 4.358 4.247 4.586 4.444 4.324 4.225 4.057 4.481 4.576 4.423 4.035 3.866 3.675 4.39
3.6057 5.042 5.091 5.016 4.823 4.681 4.542 4.903 4.801 4.679 4.537 4.396 4.248 4.806 4.633 4.462 4.341 4.23 4.57 4.427 4.307 4.208 4.04 4.464 4.559 4.406 4.018 3.849 3.659 4.374
3.6927 5.025 5.075 5.0 4.807 4.664 4.525 4.886 4.784 4.662 4.52 4.38 4.231 4.789 4.617 4.445 4.324 4.214 4.553 4.411 4.291 4.192 4.023 4.447 4.542 4.39 4.002 3.832 3.642 4.357
3.7818 5.009 5.058 4.983 4.79 4.648 4.509 4.869 4.768 4.645 4.503 4.363 4.214 4.773 4.6 4.428 4.308 4.197 4.536 4.394 4.274 4.175 4.007 4.431 4.526 4.373 3.985 3.816 3.625 4.34
3.873 4.992 5.041 4.967 4.774 4.631 4.492 4.853 4.751 4.629 4.487 4.346 4.198 4.756 4.584 4.412 4.291 4.18 4.52 4.377 4.257 4.158 3.99 4.414 4.509 4.356 3.968 3.799 3.609 4.324
3.9664 4.975 5.025 4.95 4.757 4.615 4.475 4.836 4.735 4.612 4.47 4.33 4.181 4.74 4.567 4.395 4.274 4.164 4.503 4.361 4.241 4.142 3.974 4.397 4.493 4.34 3.952 3.783 3.592 4.307
4.0621 4.959 5.008 4.933 4.74 4.598 4.459 4.82 4.718 4.596 4.454 4.313 4.165 4.723 4.55 4.379 4.258 4.147 4.487 4.344 4.224 4.125 3.957 4.381 4.476 4.323 3.935 3.766 3.576 4.291
4.1601 4.942 4.992 4.917 4.724 4.582 4.443 4.803 4.702 4.579 4.437 4.297 4.148 4.707 4.534 4.362 4.242 4.131 4.47 4.328 4.208 4.109 3.941 4.365 4.46 4.307 3.919 3.75 3.559 4.274
4.2604 4.929 4.979 4.904 4.711 4.568 4.429 4.79 4.688 4.566 4.424 4.284 4.135 4.693 4.521 4.349 4.228 4.118 4.457 4.314 4.195 4.096 3.927 4.351 4.446 4.294 3.906 3.736 3.546 4.261
4.3632 4.916 4.965 4.89 4.697 4.555 4.416 4.777 4.675 4.553 4.411 4.27 4.122 4.68 4.507 4.336 4.215 4.104 4.444 4.301 4.181 4.082 3.914 4.338 4.433 4.28 3.892 3.723 3.533 4.248
4.4685 4.902 4.952 4.877 4.684 4.542 4.402 4.763 4.662 4.539 4.397 4.257 4.108 4.667 4.494 4.322 4.201 4.091 4.43 4.288 4.168 4.069 3.901 4.324 4.42 4.267 3.879 3.71 3.519 4.234
4.5763 4.889 4.938 4.864 4.671 4.528 4.389 4.75 4.648 4.526 4.384 4.243 4.095 4.653 4.481 4.309 4.188 4.077 4.417 4.274 4.154 4.055 3.887 4.311 4.406 4.253 3.865 3.696 3.506 4.221
4.6867 4.876 4.925 4.85 4.657 4.515 4.376 4.736 4.635 4.512 4.371 4.23 4.081 4.64 4.467 4.295 4.175 4.064 4.404 4.261 4.141 4.042 3.874 4.298 4.393 4.24 3.852 3.683 3.492 4.207
4.7997 4.862 4.912 4.837 4.644 4.501 4.362 4.723 4.621 4.499 4.357 4.217 4.068 4.626 4.454 4.282 4.161 4.051 4.39 4.248 4.128 4.029 3.86 4.284 4.379 4.227 3.839 3.669 3.479 4.194
4.9155 4.849 4.898 4.823 4.63 4.488 4.349 4.71 4.608 4.486 4.344 4.203 4.055 4.613 4.441 4.269 4.148 4.037 4.377 4.234 4.114 4.015 3.847 4.271 4.366 4.213 3.825 3.656 3.466 4.181
5.0341 4.835 4.885 4.81 4.617 4.475 4.336 4.696 4.595 4.472 4.33 4.19 4.041 4.6 4.427 4.255 4.135 4.024 4.363 4.221 4.101 4.002 3.834 4.258 4.353 4.2 3.812 3.643 3.452 4.167
5.1555 4.822 4.872 4.797 4.604 4.461 4.322 4.683 4.581 4.459 4.317 4.177 4.028 4.586 4.414 4.242 4.121 4.011 4.35 4.207 4.088 3.989 3.82 4.244 4.339 4.187 3.799 3.629 3.439 4.154
5.2799 4.808 4.857 4.783 4.59 4.447 4.308 4.669 4.567 4.445 4.303 4.162 4.014 4.572 4.4 4.228 4.107 3.997 4.336 4.193 4.074 3.975 3.806 4.23 4.325 4.173 3.785 3.615 3.425 4.14
5.4072 4.792 4.841 4.766 4.574 4.431 4.292 4.653 4.551 4.429 4.287 4.146 3.998 4.556 4.384 4.212 4.091 3.98 4.32 4.177 4.057 3.958 3.79 4.214 4.309 4.156 3.768 3.599 3.409 4.124
5.5377 4.776 4.825 4.75 4.557 4.415 4.276 4.637 4.535 4.413 4.271 4.13 3.982 4.54 4.367 4.196 4.075 3.964 4.304 4.161 4.041 3.942 3.774 4.198 4.293 4.14 3.752 3.583 3.393 4.108
5.6713 4.76 4.809 4.734 4.541 4.399 4.26 4.621 4.519 4.397 4.255 4.114 3.966 4.524 4.351 4.18 4.059 3.948 4.288 4.145 4.025 3.926 3.758 4.182 4.277 4.124 3.736 3.567 3.377 4.092
5.8081 4.744 4.793 4.718 4.525 4.383 4.244 4.605 4.503 4.38 4.239 4.098 3.95 4.508 4.335 4.163 4.043 3.932 4.272 4.129 4.009 3.91 3.742 4.166 4.261 4.108 3.72 3.551 3.36 4.075
5.9482 4.727 4.777 4.702 4.509 4.367 4.228 4.588 4.487 4.364 4.222 4.082 3.933 4.492 4.319 4.147 4.027 3.916 4.255 4.113 3.993 3.894 3.726 4.15 4.245 4.092 3.704 3.535 3.344 4.059
6.0917 4.711 4.761 4.686 4.493 4.351 4.212 4.572 4.471 4.348 4.206 4.066 3.917 4.476 4.303 4.131 4.011 3.9 4.239 4.097 3.977 3.878 3.71 4.134 4.229 4.076 3.688 3.519 3.328 4.043
6.2386 4.695 4.745 4.67 4.477 4.335 4.195 4.556 4.455 4.332 4.19 4.05 3.901 4.46 4.287 4.115 3.994 3.884 4.223 4.081 3.961 3.862 3.694 4.117 4.213 4.06 3.672 3.503 3.312 4.027
6.3891 4.679 4.729 4.654 4.461 4.318 4.179 4.54 4.438 4.316 4.174 4.034 3.885 4.443 4.271 4.099 3.978 3.868 4.207 4.065 3.945 3.846 3.677 4.101 4.197 4.044 3.656 3.486 3.296 4.011
6.5433 4.663 4.713 4.638 4.445 4.302 4.163 4.524 4.422 4.3 4.158 4.018 3.869 4.427 4.255 4.083 3.962 3.852 4.191 4.048 3.929 3.83 3.661 4.085 4.18 4.028 3.64 3.47 3.28 3.995
6.7011 4.648 4.698 4.623 4.43 4.288 4.149 4.509 4.408 4.285 4.143 4.003 3.854 4.413 4.24 4.068 3.948 3.837 4.176 4.034 3.914 3.815 3.647 4.071 4.166 4.013 3.625 3.456 3.265 3.98
6.8627 4.636 4.685 4.611 4.418 4.275 4.136 4.497 4.395 4.273 4.131 3.99 3.842 4.4 4.228 4.056 3.935 3.824 4.164 4.021 3.901 3.802 3.634 4.058 4.153 4.0 3.612 3.443 3.253 3.968
