web/models/grb/offaxis/7/grb_0.2967_19.3070_0.0039811.dat
# %ECSV 1.0
# ---
# datatype:
# - {name: time, datatype: float64}
# - {name: swift_uvot_uvw2, datatype: float64}
# - {name: swift_uvot_uvm2, datatype: float64}
# - {name: swift_uvot_uvw1, datatype: float64}
# - {name: swift_uvot_U, datatype: float64}
# - {name: swift_uvot_B, datatype: float64}
# - {name: swift_uvot_V, datatype: float64}
# - {name: swift_uvot_W, datatype: float64}
# - {name: johnson_U, datatype: float64}
# - {name: johnson_B, datatype: float64}
# - {name: johnson_V, datatype: float64}
# - {name: johnson_R, datatype: float64}
# - {name: johnson_I, datatype: float64}
# - {name: sdss_u, datatype: float64}
# - {name: sdss_g, datatype: float64}
# - {name: sdss_r, datatype: float64}
# - {name: sdss_i, datatype: float64}
# - {name: sdss_z, datatype: float64}
# - {name: PS1_g, datatype: float64}
# - {name: PS1_r, datatype: float64}
# - {name: PS1_i, datatype: float64}
# - {name: PS1_z, datatype: float64}
# - {name: PS1_Y, datatype: float64}
# - {name: ukirt_J, datatype: float64}
# - {name: ukirt_H, datatype: float64}
# - {name: ukirt_K, datatype: float64}
# meta: !!omap
# - comment: [E = 0.008378552168254812, Eta0 = 8.02, GammaB = 12.0, dL = 0.012188, epsb = 6.760829753919819e-06, epse = 0.1, n = 0.003981071705534973,
#     p = 2.15, theta_obs = 0.29670597283903605, xiN = 1.0, z = 0.0, type = grb, E_kiso = 19.306977288832496]
# schema: astropy-2.0
time swift_uvot_uvw2 swift_uvot_uvm2 swift_uvot_uvw1 swift_uvot_U swift_uvot_B swift_uvot_V swift_uvot_W johnson_U johnson_B johnson_V johnson_R johnson_I sdss_u sdss_g sdss_r sdss_i sdss_z PS1_g PS1_r PS1_i PS1_z PS1_Y ukirt_J ukirt_H ukirt_K
0.01 13.173 13.222 13.147 12.954 12.812 12.673 13.033 12.932 12.809 12.667 12.527 12.378 12.937 12.764 12.592 12.472 12.361 12.7 12.558 12.438 12.339 12.171 12.149 11.98 11.789
0.0102 12.716 12.765 12.69 12.497 12.355 12.216 12.576 12.475 12.352 12.211 12.07 11.921 12.48 12.307 12.135 12.015 11.904 12.244 12.101 11.981 11.882 11.714 11.692 11.523 11.332
0.0105 12.571 12.621 12.546 12.353 12.211 12.071 12.432 12.331 12.208 12.066 11.926 11.777 12.336 12.163 11.991 11.87 11.76 12.099 11.957 11.837 11.738 11.57 11.548 11.379 11.188
0.0107 12.427 12.476 12.402 12.209 12.066 11.927 12.288 12.186 12.064 11.922 11.781 11.633 12.191 12.019 11.847 11.726 11.616 11.955 11.812 11.693 11.594 11.425 11.404 11.234 11.044
0.011 12.283 12.332 12.257 12.064 11.922 11.783 12.144 12.042 11.92 11.778 11.637 11.489 12.047 11.874 11.703 11.582 11.471 11.811 11.668 11.548 11.449 11.281 11.259 11.09 10.9
0.0113 12.138 12.188 12.113 11.92 11.778 11.639 11.999 11.898 11.775 11.633 11.493 11.344 11.903 11.73 11.558 11.438 11.327 11.666 11.524 11.404 11.305 11.137 11.115 10.946 10.755
0.0115 11.994 12.044 11.969 11.776 11.633 11.494 11.855 11.753 11.631 11.489 11.349 11.2 11.758 11.586 11.414 11.293 11.183 11.522 11.38 11.26 11.161 10.992 10.971 10.801 10.611
0.0118 11.85 11.899 11.824 11.632 11.489 11.35 11.711 11.609 11.487 11.345 11.204 11.056 11.614 11.442 11.27 11.149 11.038 11.378 11.235 11.115 11.016 10.848 10.826 10.657 10.467
0.0121 11.706 11.755 11.68 11.487 11.345 11.206 11.566 11.465 11.342 11.201 11.06 10.911 11.47 11.297 11.125 11.005 10.894 11.234 11.091 10.971 10.872 10.704 10.682 10.513 10.322
0.0124 11.561 11.611 11.536 11.343 11.201 11.061 11.422 11.321 11.198 11.056 10.916 10.767 11.326 11.153 10.981 10.86 10.75 11.089 10.947 10.827 10.728 10.56 10.538 10.369 10.178
0.0127 11.417 11.466 11.392 11.199 11.056 10.917 11.278 11.176 11.054 10.912 10.771 10.623 11.181 11.009 10.837 10.716 10.606 10.945 10.802 10.683 10.584 10.415 10.394 10.224 10.034
0.013 11.325 11.374 11.3 11.107 10.964 10.825 11.186 11.084 10.962 10.82 10.679 10.531 11.089 10.917 10.745 10.624 10.513 10.853 10.71 10.591 10.492 10.323 10.302 10.132 9.942
0.0133 11.269 11.318 11.243 11.05 10.908 10.769 11.13 11.028 10.905 10.764 10.623 10.474 11.033 10.86 10.688 10.568 10.457 10.797 10.654 10.534 10.435 10.267 10.245 10.076 9.885
0.0136 11.212 11.262 11.187 10.994 10.851 10.712 11.073 10.971 10.849 10.707 10.567 10.418 10.977 10.804 10.632 10.511 10.401 10.74 10.598 10.478 10.379 10.21 10.189 10.019 9.829
0.014 11.156 11.205 11.13 10.937 10.795 10.656 11.017 10.915 10.793 10.651 10.51 10.362 10.92 10.748 10.576 10.455 10.344 10.684 10.541 10.421 10.322 10.154 10.132 9.963 9.773
0.0143 11.099 11.149 11.074 10.881 10.739 10.6 10.96 10.859 10.736 10.594 10.454 10.305 10.864 10.691 10.519 10.399 10.288 10.627 10.485 10.365 10.266 10.098 10.076 9.907 9.716
0.0146 11.043 11.093 11.018 10.825 10.682 10.543 10.904 10.802 10.68 10.538 10.398 10.249 10.807 10.635 10.463 10.342 10.232 10.571 10.428 10.309 10.21 10.041 10.02 9.85 9.66
0.015 10.987 11.036 10.961 10.768 10.626 10.487 10.848 10.746 10.624 10.482 10.341 10.193 10.751 10.578 10.407 10.286 10.175 10.515 10.372 10.252 10.153 9.985 9.963 9.794 9.604
0.0154 10.93 10.98 10.905 10.712 10.57 10.43 10.791 10.69 10.567 10.425 10.285 10.136 10.695 10.522 10.35 10.23 10.119 10.458 10.316 10.196 10.097 9.929 9.907 9.738 9.547
0.0157 10.874 10.923 10.849 10.656 10.513 10.374 10.735 10.633 10.511 10.369 10.228 10.08 10.638 10.466 10.294 10.173 10.063 10.402 10.259 10.14 10.041 9.872 9.851 9.681 9.491
0.0161 10.818 10.867 10.792 10.599 10.457 10.318 10.679 10.577 10.454 10.313 10.172 10.024 10.582 10.409 10.237 10.117 10.006 10.346 10.203 10.083 9.984 9.816 9.794 9.625 9.435
0.0165 10.741 10.791 10.716 10.523 10.38 10.241 10.602 10.5 10.378 10.236 10.096 9.947 10.505 10.333 10.161 10.04 9.93 10.269 10.126 10.007 9.908 9.739 9.718 9.548 9.358
0.0169 10.657 10.707 10.632 10.439 10.297 10.157 10.518 10.417 10.294 10.152 10.012 9.863 10.422 10.249 10.077 9.956 9.846 10.185 10.043 9.923 9.824 9.656 9.634 9.465 9.274
0.0173 10.574 10.623 10.548 10.355 10.213 10.074 10.434 10.333 10.21 10.069 9.928 9.779 10.338 10.165 9.993 9.873 9.762 10.102 9.959 9.839 9.74 9.572 9.55 9.381 9.19
0.0177 10.49 10.539 10.464 10.271 10.129 9.99 10.351 10.249 10.127 9.985 9.844 9.696 10.254 10.082 9.91 9.789 9.678 10.018 9.875 9.755 9.656 9.488 9.466 9.297 9.107
0.0181 10.406 10.456 10.381 10.188 10.045 9.906 10.267 10.165 10.043 9.901 9.761 9.612 10.17 9.998 9.826 9.705 9.595 9.934 9.791 9.672 9.573 9.404 9.383 9.213 9.023
0.0186 10.322 10.372 10.297 10.104 9.962 9.822 10.183 10.082 9.959 9.817 9.677 9.528 10.087 9.914 9.742 9.621 9.511 9.85 9.708 9.588 9.489 9.321 9.299 9.13 8.939
0.019 10.239 10.288 10.213 10.02 9.878 9.739 10.099 9.998 9.875 9.734 9.593 9.444 10.003 9.83 9.658 9.538 9.427 9.767 9.624 9.504 9.405 9.237 9.215 9.046 8.855
0.0195 10.155 10.204 10.129 9.936 9.794 9.655 10.016 9.914 9.792 9.65 9.509 9.361 9.919 9.747 9.575 9.454 9.343 9.683 9.54 9.42 9.321 9.153 9.131 8.962 8.772
0.02 10.071 10.121 10.046 9.853 9.71 9.571 9.932 9.83 9.708 9.566 9.426 9.277 9.835 9.663 9.491 9.37 9.26 9.599 9.456 9.337 9.238 9.069 9.048 8.878 8.688
0.0204 9.987 10.037 9.962 9.769 9.627 9.487 9.848 9.747 9.624 9.482 9.342 9.193 9.752 9.579 9.407 9.286 9.176 9.515 9.373 9.253 9.154 8.986 8.964 8.795 8.604
0.0209 9.7 9.749 9.674 9.481 9.339 9.2 9.56 9.459 9.336 9.195 9.054 8.905 9.464 9.291 9.119 8.999 8.888 9.228 9.085 8.965 8.866 8.698 8.676 8.507 8.316
0.0214 9.384 9.434 9.359 9.166 9.023 8.884 9.245 9.143 9.021 8.879 8.739 8.59 9.148 8.976 8.804 8.683 8.573 8.912 8.769 8.65 8.551 8.382 8.361 8.191 8.001
0.022 9.069 9.118 9.043 8.85 8.708 8.569 8.93 8.828 8.705 8.564 8.423 8.275 8.833 8.66 8.488 8.368 8.257 8.597 8.454 8.334 8.235 8.067 8.045 7.876 7.686
0.0225 8.753 8.803 8.728 8.535 8.392 8.253 8.614 8.512 8.39 8.248 8.108 7.959 8.517 8.345 8.173 8.052 7.942 8.281 8.139 8.019 7.92 7.751 7.73 7.56 7.37
0.023 8.438 8.487 8.412 8.219 8.077 7.938 8.299 8.197 8.074 7.933 7.792 7.644 8.202 8.029 7.858 7.737 7.626 7.966 7.823 7.703 7.604 7.436 7.414 7.245 7.055
0.0236 8.122 8.172 8.097 7.904 7.761 7.622 7.983 7.881 7.759 7.617 7.477 7.328 7.886 7.714 7.542 7.421 7.311 7.65 7.508 7.388 7.289 7.12 7.099 6.929 6.739
0.0242 7.807 7.856 7.781 7.588 7.446 7.307 7.668 7.566 7.444 7.302 7.161 7.013 7.571 7.398 7.227 7.106 6.995 7.335 7.192 7.072 6.973 6.805 6.783 6.614 6.424
0.0247 7.491 7.541 7.466 7.273 7.13 6.991 7.352 7.25 7.128 6.986 6.846 6.697 7.256 7.083 6.911 6.79 6.68 7.019 6.877 6.757 6.658 6.489 6.468 6.298 6.108
0.0253 7.176 7.225 7.15 6.957 6.815 6.676 7.037 6.935 6.813 6.671 6.53 6.382 6.94 6.767 6.596 6.475 6.364 6.704 6.561 6.441 6.342 6.174 6.152 5.983 5.793
0.0259 6.864 6.914 6.839 6.646 6.504 6.365 6.725 6.624 6.501 6.359 6.219 6.07 6.629 6.456 6.284 6.164 6.053 6.392 6.25 6.13 6.031 5.863 5.841 5.672 5.481
0.0266 6.728 6.777 6.702 6.509 6.367 6.228 6.589 6.487 6.364 6.223 6.082 5.934 6.492 6.319 6.147 6.027 5.916 6.256 6.113 5.993 5.894 5.726 5.704 5.535 5.344
0.0272 6.591 6.64 6.565 6.372 6.23 6.091 6.452 6.35 6.228 6.086 5.945 5.797 6.355 6.182 6.011 5.89 5.779 6.119 5.976 5.856 5.757 5.589 5.567 5.398 5.208
0.0279 6.454 6.503 6.429 6.236 6.093 5.954 6.315 6.213 6.091 5.949 5.808 5.66 6.218 6.046 5.874 5.753 5.642 5.982 5.839 5.719 5.62 5.452 5.43 5.261 5.071
0.0285 6.317 6.367 6.292 6.099 5.956 5.817 6.178 6.076 5.954 5.812 5.672 5.523 6.081 5.909 5.737 5.616 5.506 5.845 5.702 5.583 5.484 5.315 5.294 5.124 4.934
0.0292 6.18 6.23 6.155 5.962 5.819 5.68 6.041 5.939 5.817 5.675 5.535 5.386 5.945 5.772 5.6 5.479 5.369 5.708 5.566 5.446 5.347 5.179 5.157 4.987 4.797
0.0299 6.043 6.093 6.018 5.825 5.683 5.544 5.904 5.803 5.68 5.538 5.398 5.249 5.808 5.635 5.463 5.343 5.232 5.571 5.429 5.309 5.21 5.042 5.02 4.851 4.66
0.0307 5.907 5.956 5.881 5.688 5.546 5.407 5.767 5.666 5.543 5.402 5.261 5.112 5.671 5.498 5.326 5.206 5.095 5.435 5.292 5.172 5.073 4.905 4.883 4.714 4.523
0.0314 5.77 5.819 5.744 5.551 5.409 5.27 5.631 5.529 5.407 5.265 5.124 4.976 5.534 5.361 5.19 5.069 4.958 5.298 5.155 5.035 4.936 4.768 4.746 4.577 4.387
0.0322 5.633 5.682 5.607 5.415 5.272 5.133 5.494 5.392 5.27 5.128 4.987 4.839 5.397 5.225 5.053 4.932 4.821 5.161 5.018 4.898 4.799 4.631 4.609 4.44 4.25
0.0329 5.505 5.555 5.48 5.287 5.145 5.006 5.366 5.265 5.142 5.0 4.86 4.711 5.27 5.097 4.925 4.805 4.694 5.033 4.891 4.771 4.672 4.504 4.482 4.313 4.122
0.0337 5.425 5.475 5.4 5.207 5.064 4.925 5.286 5.184 5.062 4.92 4.78 4.631 5.19 5.017 4.845 4.724 4.614 4.953 4.811 4.691 4.592 4.424 4.402 4.232 4.042
0.0345 5.345 5.394 5.32 5.127 4.984 4.845 5.206 5.104 4.982 4.84 4.699 4.551 5.109 4.937 4.765 4.644 4.534 4.873 4.73 4.611 4.512 4.343 4.322 4.152 3.962
0.0354 5.265 5.314 5.239 5.046 4.904 4.765 5.126 5.024 4.902 4.76 4.619 4.471 5.029 4.856 4.685 4.564 4.453 4.793 4.65 4.53 4.431 4.263 4.241 4.072 3.882
0.0362 5.185 5.234 5.159 4.966 4.824 4.685 5.045 4.944 4.821 4.68 4.539 4.39 4.949 4.776 4.604 4.484 4.373 4.713 4.57 4.45 4.351 4.183 4.161 3.992 3.801
0.0371 5.104 5.154 5.079 4.886 4.744 4.604 4.965 4.864 4.741 4.599 4.459 4.31 4.869 4.696 4.524 4.404 4.293 4.632 4.49 4.37 4.271 4.103 4.081 3.912 3.721
0.038 5.024 5.074 4.999 4.806 4.663 4.524 4.885 4.783 4.661 4.519 4.379 4.23 4.788 4.616 4.444 4.323 4.213 4.552 4.41 4.29 4.191 4.022 4.001 3.831 3.641
0.0389 4.944 4.993 4.918 4.726 4.583 4.444 4.805 4.703 4.581 4.439 4.298 4.15 4.708 4.536 4.364 4.243 4.132 4.472 4.329 4.209 4.11 3.942 3.92 3.751 3.561
0.0398 4.864 4.913 4.838 4.645 4.503 4.364 4.725 4.623 4.501 4.359 4.218 4.07 4.628 4.455 4.284 4.163 4.052 4.392 4.249 4.129 4.03 3.862 3.84 3.671 3.481
0.0408 4.783 4.833 4.758 4.565 4.423 4.284 4.644 4.543 4.42 4.278 4.138 3.989 4.548 4.375 4.203 4.083 3.972 4.311 4.169 4.049 3.95 3.782 3.76 3.591 3.4
0.0418 4.711 4.76 4.686 4.493 4.35 4.211 4.572 4.47 4.348 4.206 4.065 3.917 4.475 4.303 4.131 4.01 3.899 4.239 4.096 3.976 3.877 3.709 3.687 3.518 3.328
0.0428 4.656 4.705 4.63 4.437 4.295 4.156 4.516 4.415 4.292 4.151 4.01 3.861 4.42 4.247 4.075 3.955 3.844 4.184 4.041 3.921 3.822 3.654 3.632 3.463 3.272
0.0438 4.6 4.65 4.575 4.382 4.239 4.1 4.461 4.359 4.237 4.095 3.955 3.806 4.365 4.192 4.02 3.899 3.789 4.128 3.986 3.866 3.767 3.599 3.577 3.407 3.217
0.0449 4.545 4.594 4.519 4.327 4.184 4.045 4.406 4.304 4.182 4.04 3.899 3.751 4.309 4.137 3.965 3.844 3.733 4.073 3.93 3.81 3.711 3.543 3.521 3.352 3.162
0.046 4.49 4.539 4.464 4.271 4.129 3.99 4.35 4.249 4.126 3.984 3.844 3.695 4.254 4.081 3.909 3.789 3.678 4.017 3.875 3.755 3.656 3.488 3.466 3.297 3.106
0.0471 4.434 4.484 4.409 4.216 4.073 3.934 4.295 4.193 4.071 3.929 3.789 3.64 4.198 4.026 3.854 3.733 3.623 3.962 3.82 3.7 3.601 3.432 3.411 3.241 3.051
0.0482 4.379 4.428 4.353 4.16 4.018 3.879 4.24 4.138 4.016 3.874 3.733 3.585 4.143 3.971 3.799 3.678 3.567 3.907 3.764 3.644 3.545 3.377 3.355 3.186 2.996
0.0494 4.323 4.373 4.298 4.105 3.963 3.824 4.184 4.083 3.96 3.818 3.678 3.529 4.088 3.915 3.743 3.623 3.512 3.851 3.709 3.589 3.49 3.322 3.3 3.131 2.94
0.0506 4.268 4.318 4.243 4.05 3.907 3.768 4.129 4.027 3.905 3.763 3.623 3.474 4.032 3.86 3.688 3.567 3.457 3.796 3.654 3.534 3.435 3.266 3.245 3.075 2.885
0.0518 4.213 4.262 4.187 3.994 3.852 3.713 4.074 3.972 3.85 3.708 3.567 3.419 3.977 3.805 3.633 3.512 3.401 3.741 3.598 3.478 3.379 3.211 3.189 3.02 2.83
0.053 4.147 4.197 4.122 3.929 3.787 3.648 4.008 3.907 3.784 3.642 3.502 3.353 3.912 3.739 3.567 3.447 3.336 3.675 3.533 3.413 3.314 3.146 3.124 2.955 2.764
0.0543 4.07 4.119 4.044 3.852 3.709 3.57 3.931 3.829 3.707 3.565 3.424 3.276 3.834 3.662 3.49 3.369 3.258 3.598 3.455 3.335 3.236 3.068 3.046 2.877 2.687
0.0556 3.992 4.042 3.967 3.774 3.632 3.492 3.853 3.752 3.629 3.487 3.347 3.198 3.757 3.584 3.412 3.292 3.181 3.52 3.378 3.258 3.159 2.991 2.969 2.8 2.609
0.057 3.915 3.964 3.889 3.696 3.554 3.415 3.776 3.674 3.552 3.41 3.269 3.121 3.679 3.507 3.335 3.214 3.103 3.443 3.3 3.18 3.081 2.913 2.891 2.722 2.532
0.0584 3.837 3.887 3.812 3.619 3.477 3.337 3.698 3.597 3.474 3.332 3.192 3.043 3.602 3.429 3.257 3.136 3.026 3.365 3.223 3.103 3.004 2.836 2.814 2.645 2.454
0.0598 3.76 3.809 3.734 3.541 3.399 3.26 3.621 3.519 3.397 3.255 3.114 2.966 3.524 3.351 3.18 3.059 2.948 3.288 3.145 3.025 2.926 2.758 2.736 2.567 2.377
0.0612 3.682 3.732 3.657 3.464 3.321 3.182 3.543 3.441 3.319 3.177 3.037 2.888 3.447 3.274 3.102 2.981 2.871 3.21 3.068 2.948 2.849 2.68 2.659 2.489 2.299
0.0627 3.605 3.654 3.579 3.386 3.244 3.105 3.466 3.364 3.242 3.1 2.959 2.811 3.369 3.196 3.025 2.904 2.793 3.133 2.99 2.87 2.771 2.603 2.581 2.412 2.222
0.0642 3.527 3.577 3.502 3.309 3.166 3.027 3.388 3.286 3.164 3.022 2.882 2.733 3.291 3.119 2.947 2.826 2.716 3.055 2.913 2.793 2.694 2.525 2.504 2.334 2.144
0.0657 3.45 3.499 3.424 3.231 3.089 2.95 3.311 3.209 3.086 2.945 2.804 2.656 3.214 3.041 2.869 2.749 2.638 2.978 2.835 2.715 2.616 2.448 2.426 2.257 2.067
0.0673 3.378 3.428 3.353 3.16 3.018 2.879 3.239 3.138 3.015 2.873 2.733 2.584 3.143 2.97 2.798 2.678 2.567 2.906 2.764 2.644 2.545 2.377 2.355 2.186 1.995
0.0689 3.312 3.361 3.286 3.093 2.951 2.812 3.173 3.071 2.949 2.807 2.666 2.518 3.076 2.903 2.732 2.611 2.5 2.84 2.697 2.577 2.478 2.31 2.288 2.119 1.929
0.0706 3.245 3.294 3.219 3.027 2.884 2.745 3.106 3.004 2.882 2.74 2.599 2.451 3.009 2.837 2.665 2.544 2.433 2.773 2.63 2.51 2.411 2.243 2.221 2.052 1.862
0.0723 3.178 3.228 3.153 2.96 2.817 2.678 3.039 2.937 2.815 2.673 2.533 2.384 2.942 2.77 2.598 2.477 2.367 2.706 2.563 2.444 2.345 2.176 2.155 1.985 1.795
0.0741 3.111 3.161 3.086 2.893 2.751 2.611 2.972 2.871 2.748 2.606 2.466 2.317 2.876 2.703 2.531 2.41 2.3 2.639 2.497 2.377 2.278 2.11 2.088 1.919 1.728
0.0758 3.044 3.094 3.019 2.826 2.684 2.545 2.905 2.804 2.681 2.539 2.399 2.25 2.809 2.636 2.464 2.344 2.233 2.572 2.43 2.31 2.211 2.043 2.021 1.852 1.661
0.0777 2.978 3.027 2.952 2.759 2.617 2.478 2.839 2.737 2.615 2.473 2.332 2.184 2.742 2.569 2.398 2.277 2.166 2.506 2.363 2.243 2.144 1.976 1.954 1.785 1.595
0.0795 2.911 2.96 2.885 2.693 2.55 2.411 2.772 2.67 2.548 2.406 2.265 2.117 2.675 2.503 2.331 2.21 2.099 2.439 2.296 2.176 2.077 1.909 1.887 1.718 1.528
0.0815 2.844 2.894 2.819 2.626 2.483 2.344 2.705 2.603 2.481 2.339 2.199 2.05 2.608 2.436 2.264 2.143 2.033 2.372 2.229 2.11 2.011 1.842 1.821 1.651 1.461
0.0834 2.777 2.827 2.752 2.559 2.417 2.277 2.638 2.537 2.414 2.272 2.132 1.983 2.542 2.369 2.197 2.076 1.966 2.305 2.163 2.043 1.944 1.776 1.754 1.585 1.394
0.0854 2.727 2.776 2.701 2.508 2.366 2.227 2.588 2.486 2.364 2.222 2.081 1.933 2.491 2.318 2.147 2.026 1.915 2.255 2.112 1.992 1.893 1.725 1.703 1.534 1.344
0.0875 2.682 2.731 2.657 2.464 2.321 2.182 2.543 2.441 2.319 2.177 2.036 1.888 2.446 2.274 2.102 1.981 1.87 2.21 2.067 1.948 1.848 1.68 1.659 1.489 1.299
0.0896 2.637 2.687 2.612 2.419 2.276 2.137 2.498 2.396 2.274 2.132 1.992 1.843 2.401 2.229 2.057 1.936 1.826 2.165 2.023 1.903 1.804 1.635 1.614 1.444 1.254
0.0918 2.592 2.642 2.567 2.374 2.232 2.092 2.453 2.352 2.229 2.087 1.947 1.798 2.357 2.184 2.012 1.892 1.781 2.12 1.978 1.858 1.759 1.591 1.569 1.4 1.209
0.094 2.548 2.597 2.522 2.329 2.187 2.048 2.408 2.307 2.184 2.043 1.902 1.753 2.312 2.139 1.967 1.847 1.736 2.076 1.933 1.813 1.714 1.546 1.524 1.355 1.164
0.0963 2.503 2.552 2.477 2.284 2.142 2.003 2.364 2.262 2.14 1.998 1.857 1.709 2.267 2.094 1.923 1.802 1.691 2.031 1.888 1.768 1.669 1.501 1.479 1.31 1.12
0.0986 2.458 2.507 2.433 2.24 2.097 1.958 2.319 2.217 2.095 1.953 1.812 1.664 2.222 2.05 1.878 1.757 1.646 1.986 1.843 1.724 1.625 1.456 1.435 1.265 1.075
0.101 2.413 2.463 2.388 2.195 2.052 1.913 2.274 2.172 2.05 1.908 1.768 1.619 2.177 2.005 1.833 1.712 1.602 1.941 1.799 1.679 1.58 1.411 1.39 1.22 1.03
0.1034 2.368 2.418 2.343 2.15 2.008 1.868 2.229 2.128 2.005 1.863 1.723 1.574 2.133 1.96 1.788 1.668 1.557 1.896 1.754 1.634 1.535 1.367 1.345 1.176 0.985
0.1059 2.324 2.373 2.298 2.105 1.963 1.824 2.184 2.083 1.96 1.819 1.678 1.529 2.088 1.915 1.743 1.623 1.512 1.852 1.709 1.589 1.49 1.322 1.3 1.131 0.94
