web/models/grb/offaxis/7/grb_0.2967_193.0698_0.0630957.dat
# %ECSV 1.0
# ---
# datatype:
# - {name: time, datatype: float64}
# - {name: swift_uvot_uvw2, datatype: float64}
# - {name: swift_uvot_uvm2, datatype: float64}
# - {name: swift_uvot_uvw1, datatype: float64}
# - {name: swift_uvot_U, datatype: float64}
# - {name: swift_uvot_B, datatype: float64}
# - {name: swift_uvot_V, datatype: float64}
# - {name: swift_uvot_W, datatype: float64}
# - {name: johnson_U, datatype: float64}
# - {name: johnson_B, datatype: float64}
# - {name: johnson_V, datatype: float64}
# - {name: johnson_R, datatype: float64}
# - {name: johnson_I, datatype: float64}
# - {name: sdss_u, datatype: float64}
# - {name: sdss_g, datatype: float64}
# - {name: sdss_r, datatype: float64}
# - {name: sdss_i, datatype: float64}
# - {name: sdss_z, datatype: float64}
# - {name: PS1_g, datatype: float64}
# - {name: PS1_r, datatype: float64}
# - {name: PS1_i, datatype: float64}
# - {name: PS1_z, datatype: float64}
# - {name: PS1_Y, datatype: float64}
# - {name: PS1_w, datatype: float64}
# - {name: ATLAS_c, datatype: float64}
# - {name: ATLAS_o, datatype: float64}
# - {name: ukirt_J, datatype: float64}
# - {name: ukirt_H, datatype: float64}
# - {name: ukirt_K, datatype: float64}
# - {name: Clear, datatype: float64}
# meta: !!omap
# - comment: [E = 0.08378552168254812, Eta0 = 8.02, GammaB = 12.0, dL = 0.012188, epsb = 6.760829753919819e-06, epse = 0.1, n = 0.0630957344480193,
#     p = 2.15, theta_obs = 0.29670597283903605, xiN = 1.0, z = 0.0, type = grb, E_kiso = 193.06977288832496]
# schema: astropy-2.0
time swift_uvot_uvw2 swift_uvot_uvm2 swift_uvot_uvw1 swift_uvot_U swift_uvot_B swift_uvot_V swift_uvot_W johnson_U johnson_B johnson_V johnson_R johnson_I sdss_u sdss_g sdss_r sdss_i sdss_z PS1_g PS1_r PS1_i PS1_z PS1_Y PS1_w ATLAS_c ATLAS_o ukirt_J ukirt_H ukirt_K Clear
[from data line 84]
0.0741 -2.155 -2.106 -2.181 -2.374 -2.516 -2.655 -2.295 -2.396 -2.519 -2.66 -2.801 -2.95 -2.391 -2.564 -2.736 -2.856 -2.967 -2.628 -2.77 -2.89 -2.989 -3.157 -2.733 -2.638 -2.791 -3.179 -3.348 -3.539 -2.824
0.0758 -2.2 -2.151 -2.226 -2.419 -2.561 -2.7 -2.339 -2.441 -2.563 -2.705 -2.846 -2.994 -2.436 -2.609 -2.78 -2.901 -3.012 -2.672 -2.815 -2.935 -3.034 -3.202 -2.778 -2.683 -2.836 -3.224 -3.393 -3.583 -2.868
0.0777 -2.245 -2.196 -2.27 -2.463 -2.606 -2.745 -2.384 -2.486 -2.608 -2.75 -2.891 -3.039 -2.481 -2.653 -2.825 -2.946 -3.057 -2.717 -2.86 -2.979 -3.079 -3.247 -2.823 -2.728 -2.881 -3.268 -3.438 -3.628 -2.913
0.0795 -2.29 -2.24 -2.315 -2.508 -2.651 -2.79 -2.429 -2.531 -2.653 -2.795 -2.935 -3.084 -2.526 -2.698 -2.87 -2.991 -3.101 -2.762 -2.904 -3.024 -3.123 -3.292 -2.868 -2.773 -2.925 -3.313 -3.483 -3.673 -2.958
0.0815 -2.335 -2.285 -2.36 -2.553 -2.695 -2.835 -2.474 -2.575 -2.698 -2.84 -2.98 -3.129 -2.57 -2.743 -2.915 -3.035 -3.146 -2.807 -2.949 -3.069 -3.168 -3.336 -2.913 -2.817 -2.97 -3.358 -3.527 -3.718 -3.003
0.0834 -2.379 -2.33 -2.405 -2.598 -2.74 -2.879 -2.519 -2.62 -2.743 -2.884 -3.025 -3.174 -2.615 -2.788 -2.96 -3.08 -3.191 -2.851 -2.994 -3.114 -3.213 -3.381 -2.957 -2.862 -3.015 -3.403 -3.572 -3.763 -3.048
0.0854 -2.424 -2.375 -2.45 -2.643 -2.785 -2.924 -2.563 -2.665 -2.787 -2.929 -3.07 -3.218 -2.66 -2.833 -3.004 -3.125 -3.236 -2.896 -3.039 -3.159 -3.258 -3.426 -3.002 -2.907 -3.06 -3.448 -3.617 -3.807 -3.092
0.0875 -2.469 -2.42 -2.494 -2.687 -2.83 -2.969 -2.608 -2.71 -2.832 -2.974 -3.115 -3.263 -2.705 -2.877 -3.049 -3.17 -3.281 -2.941 -3.084 -3.203 -3.302 -3.471 -3.047 -2.952 -3.105 -3.492 -3.662 -3.852 -3.137
0.0896 -2.514 -2.464 -2.539 -2.732 -2.875 -3.014 -2.653 -2.755 -2.877 -3.019 -3.159 -3.308 -2.75 -2.922 -3.094 -3.215 -3.325 -2.986 -3.128 -3.248 -3.347 -3.516 -3.092 -2.997 -3.149 -3.537 -3.707 -3.897 -3.182
0.0918 -2.556 -2.507 -2.582 -2.775 -2.917 -3.056 -2.695 -2.797 -2.919 -3.061 -3.202 -3.35 -2.792 -2.965 -3.136 -3.257 -3.368 -3.028 -3.171 -3.291 -3.39 -3.558 -3.134 -3.039 -3.192 -3.58 -3.749 -3.939 -3.224
0.094 -2.594 -2.544 -2.619 -2.812 -2.955 -3.094 -2.733 -2.835 -2.957 -3.099 -3.239 -3.388 -2.83 -3.002 -3.174 -3.295 -3.405 -3.066 -3.208 -3.328 -3.427 -3.596 -3.172 -3.077 -3.229 -3.617 -3.787 -3.977 -3.262
0.0963 -2.631 -2.582 -2.657 -2.85 -2.992 -3.131 -2.77 -2.872 -2.995 -3.136 -3.277 -3.425 -2.867 -3.04 -3.212 -3.332 -3.443 -3.103 -3.246 -3.366 -3.465 -3.633 -3.209 -3.114 -3.267 -3.655 -3.824 -4.015 -3.3
0.0986 -2.669 -2.62 -2.694 -2.887 -3.03 -3.169 -2.808 -2.91 -3.032 -3.174 -3.314 -3.463 -2.905 -3.077 -3.249 -3.37 -3.48 -3.141 -3.284 -3.403 -3.502 -3.671 -3.247 -3.152 -3.304 -3.692 -3.862 -4.052 -3.337
0.101 -2.707 -2.657 -2.732 -2.925 -3.067 -3.206 -2.846 -2.947 -3.07 -3.212 -3.352 -3.501 -2.942 -3.115 -3.287 -3.407 -3.518 -3.179 -3.321 -3.441 -3.54 -3.708 -3.284 -3.189 -3.342 -3.73 -3.899 -4.09 -3.375
0.1034 -2.744 -2.695 -2.769 -2.962 -3.105 -3.244 -2.883 -2.985 -3.107 -3.249 -3.39 -3.538 -2.98 -3.152 -3.324 -3.445 -3.556 -3.216 -3.359 -3.478 -3.578 -3.746 -3.322 -3.227 -3.38 -3.767 -3.937 -4.127 -3.412
0.1059 -2.782 -2.732 -2.807 -3.0 -3.142 -3.281 -2.921 -3.022 -3.145 -3.287 -3.427 -3.576 -3.017 -3.19 -3.362 -3.482 -3.593 -3.254 -3.396 -3.516 -3.615 -3.783 -3.359 -3.264 -3.417 -3.805 -3.974 -4.165 -3.45
0.1084 -2.819 -2.77 -2.845 -3.038 -3.18 -3.319 -2.958 -3.06 -3.182 -3.324 -3.465 -3.613 -3.055 -3.227 -3.399 -3.52 -3.631 -3.291 -3.434 -3.554 -3.653 -3.821 -3.397 -3.302 -3.455 -3.843 -4.012 -4.202 -3.487
0.1111 -2.857 -2.807 -2.882 -3.075 -3.217 -3.357 -2.996 -3.097 -3.22 -3.362 -3.502 -3.651 -3.092 -3.265 -3.437 -3.558 -3.668 -3.329 -3.471 -3.591 -3.69 -3.858 -3.435 -3.339 -3.492 -3.88 -4.049 -4.24 -3.525
0.1137 -2.894 -2.845 -2.92 -3.113 -3.255 -3.394 -3.033 -3.135 -3.257 -3.399 -3.54 -3.688 -3.13 -3.303 -3.474 -3.595 -3.706 -3.366 -3.509 -3.629 -3.728 -3.896 -3.472 -3.377 -3.53 -3.918 -4.087 -4.277 -3.562
0.1165 -2.926 -2.877 -2.952 -3.145 -3.287 -3.426 -3.066 -3.167 -3.29 -3.432 -3.572 -3.721 -3.162 -3.335 -3.507 -3.627 -3.738 -3.399 -3.541 -3.661 -3.76 -3.928 -3.504 -3.409 -3.562 -3.95 -4.119 -4.31 -3.595
0.1193 -2.953 -2.903 -2.978 -3.171 -3.313 -3.452 -3.092 -3.193 -3.316 -3.458 -3.598 -3.747 -3.188 -3.361 -3.533 -3.653 -3.764 -3.425 -3.567 -3.687 -3.786 -3.954 -3.53 -3.435 -3.588 -3.976 -4.145 -4.336 -3.621
0.1222 -2.979 -2.929 -3.004 -3.197 -3.339 -3.479 -3.118 -3.219 -3.342 -3.484 -3.624 -3.773 -3.214 -3.387 -3.559 -3.68 -3.79 -3.451 -3.593 -3.713 -3.812 -3.98 -3.557 -3.461 -3.614 -4.002 -4.171 -4.362 -3.647
0.1251 -3.005 -2.955 -3.03 -3.223 -3.366 -3.505 -3.144 -3.246 -3.368 -3.51 -3.65 -3.799 -3.241 -3.413 -3.585 -3.706 -3.816 -3.477 -3.619 -3.739 -3.838 -4.007 -3.583 -3.487 -3.64 -4.028 -4.198 -4.388 -3.673
0.1281 -3.031 -2.981 -3.056 -3.249 -3.392 -3.531 -3.17 -3.272 -3.394 -3.536 -3.676 -3.825 -3.267 -3.439 -3.611 -3.732 -3.842 -3.503 -3.646 -3.765 -3.864 -4.033 -3.609 -3.514 -3.666 -4.054 -4.224 -4.414 -3.699
0.1312 -3.057 -3.008 -3.082 -3.275 -3.418 -3.557 -3.196 -3.298 -3.42 -3.562 -3.703 -3.851 -3.293 -3.465 -3.637 -3.758 -3.868 -3.529 -3.672 -3.791 -3.89 -4.059 -3.635 -3.54 -3.692 -4.08 -4.25 -4.44 -3.725
0.1344 -3.083 -3.034 -3.108 -3.301 -3.444 -3.583 -3.222 -3.324 -3.446 -3.588 -3.729 -3.877 -3.319 -3.491 -3.663 -3.784 -3.895 -3.555 -3.698 -3.818 -3.917 -4.085 -3.661 -3.566 -3.719 -4.107 -4.276 -4.466 -3.751
0.1376 -3.109 -3.06 -3.135 -3.328 -3.47 -3.609 -3.248 -3.35 -3.472 -3.614 -3.755 -3.903 -3.345 -3.517 -3.689 -3.81 -3.921 -3.581 -3.724 -3.844 -3.943 -4.111 -3.687 -3.592 -3.745 -4.133 -4.302 -4.492 -3.777
0.141 -3.135 -3.086 -3.161 -3.354 -3.496 -3.635 -3.274 -3.376 -3.498 -3.64 -3.781 -3.929 -3.371 -3.544 -3.715 -3.836 -3.947 -3.607 -3.75 -3.87 -3.969 -4.137 -3.713 -3.618 -3.771 -4.159 -4.328 -4.518 -3.803
0.1444 -3.161 -3.112 -3.187 -3.38 -3.522 -3.661 -3.3 -3.402 -3.525 -3.666 -3.807 -3.955 -3.397 -3.57 -3.742 -3.862 -3.973 -3.633 -3.776 -3.896 -3.995 -4.163 -3.739 -3.644 -3.797 -4.185 -4.354 -4.545 -3.83
0.1478 -3.187 -3.137 -3.212 -3.405 -3.548 -3.687 -3.326 -3.428 -3.55 -3.692 -3.832 -3.981 -3.423 -3.595 -3.767 -3.888 -3.998 -3.659 -3.801 -3.921 -4.02 -4.189 -3.765 -3.67 -3.822 -4.21 -4.38 -4.57 -3.855
0.1514 -3.212 -3.163 -3.237 -3.43 -3.573 -3.712 -3.351 -3.453 -3.575 -3.717 -3.857 -4.006 -3.448 -3.62 -3.792 -3.913 -4.023 -3.684 -3.827 -3.946 -4.045 -4.214 -3.79 -3.695 -3.847 -4.235 -4.405 -4.595 -3.88
0.1551 -3.237 -3.188 -3.262 -3.455 -3.598 -3.737 -3.376 -3.478 -3.6 -3.742 -3.883 -4.031 -3.473 -3.645 -3.817 -3.938 -4.049 -3.709 -3.852 -3.971 -4.071 -4.239 -3.815 -3.72 -3.873 -4.26 -4.43 -4.62 -3.905
0.1588 -3.262 -3.213 -3.288 -3.48 -3.623 -3.762 -3.401 -3.503 -3.625 -3.767 -3.908 -4.056 -3.498 -3.67 -3.842 -3.963 -4.074 -3.734 -3.877 -3.997 -4.096 -4.264 -3.84 -3.745 -3.898 -4.286 -4.455 -4.645 -3.93
0.1626 -3.287 -3.238 -3.313 -3.506 -3.648 -3.787 -3.426 -3.528 -3.65 -3.792 -3.933 -4.081 -3.523 -3.696 -3.867 -3.988 -4.099 -3.759 -3.902 -4.022 -4.121 -4.289 -3.865 -3.77 -3.923 -4.311 -4.48 -4.67 -3.955
0.1666 -3.312 -3.263 -3.338 -3.531 -3.673 -3.812 -3.451 -3.553 -3.675 -3.817 -3.958 -4.106 -3.548 -3.721 -3.892 -4.013 -4.124 -3.784 -3.927 -4.047 -4.146 -4.314 -3.89 -3.795 -3.948 -4.336 -4.505 -4.695 -3.98
0.1706 -3.337 -3.288 -3.363 -3.556 -3.698 -3.837 -3.476 -3.578 -3.701 -3.842 -3.983 -4.131 -3.573 -3.746 -3.918 -4.038 -4.149 -3.809 -3.952 -4.072 -4.171 -4.339 -3.915 -3.82 -3.973 -4.361 -4.53 -4.72 -4.005
0.1747 -3.362 -3.313 -3.388 -3.581 -3.723 -3.862 -3.502 -3.603 -3.726 -3.867 -4.008 -4.157 -3.598 -3.771 -3.943 -4.063 -4.174 -3.835 -3.977 -4.097 -4.196 -4.364 -3.94 -3.845 -3.998 -4.386 -4.555 -4.746 -4.031
0.1789 -3.388 -3.338 -3.413 -3.606 -3.748 -3.887 -3.527 -3.628 -3.751 -3.893 -4.033 -4.182 -3.623 -3.796 -3.968 -4.088 -4.199 -3.86 -4.002 -4.122 -4.221 -4.389 -3.965 -3.87 -4.023 -4.411 -4.58 -4.771 -4.056
0.1832 -3.413 -3.363 -3.438 -3.631 -3.773 -3.913 -3.552 -3.653 -3.776 -3.918 -4.058 -4.207 -3.648 -3.821 -3.993 -4.113 -4.224 -3.885 -4.027 -4.147 -4.246 -4.414 -3.991 -3.895 -4.048 -4.436 -4.605 -4.796 -4.081
0.1876 -3.438 -3.388 -3.463 -3.656 -3.798 -3.937 -3.577 -3.678 -3.801 -3.943 -4.083 -4.232 -3.673 -3.846 -4.018 -4.138 -4.249 -3.91 -4.052 -4.172 -4.271 -4.439 -4.015 -3.92 -4.073 -4.461 -4.63 -4.821 -4.106
0.1922 -3.462 -3.413 -3.488 -3.681 -3.823 -3.962 -3.602 -3.703 -3.826 -3.968 -4.108 -4.257 -3.698 -3.871 -4.043 -4.163 -4.274 -3.935 -4.077 -4.197 -4.296 -4.464 -4.04 -3.945 -4.098 -4.486 -4.655 -4.846 -4.131
0.1968 -3.487 -3.438 -3.513 -3.706 -3.848 -3.987 -3.626 -3.728 -3.851 -3.992 -4.133 -4.281 -3.723 -3.896 -4.068 -4.188 -4.299 -3.959 -4.102 -4.222 -4.321 -4.489 -4.065 -3.97 -4.123 -4.511 -4.68 -4.871 -4.156
0.2015 -3.512 -3.463 -3.538 -3.731 -3.873 -4.012 -3.651 -3.753 -3.875 -4.017 -4.158 -4.306 -3.748 -3.921 -4.092 -4.213 -4.324 -3.984 -4.127 -4.247 -4.346 -4.514 -4.09 -3.995 -4.148 -4.536 -4.705 -4.895 -4.18
0.2064 -3.537 -3.488 -3.563 -3.756 -3.898 -4.037 -3.676 -3.778 -3.9 -4.042 -4.183 -4.331 -3.773 -3.946 -4.117 -4.238 -4.349 -4.009 -4.152 -4.272 -4.371 -4.539 -4.115 -4.02 -4.173 -4.561 -4.73 -4.92 -4.205
0.2114 -3.562 -3.513 -3.588 -3.78 -3.923 -4.062 -3.701 -3.803 -3.925 -4.067 -4.208 -4.356 -3.798 -3.97 -4.142 -4.263 -4.374 -4.034 -4.177 -4.297 -4.396 -4.564 -4.14 -4.045 -4.198 -4.586 -4.755 -4.945 -4.23
0.2165 -3.587 -3.538 -3.612 -3.805 -3.948 -4.087 -3.726 -3.828 -3.95 -4.092 -4.233 -4.381 -3.823 -3.995 -4.167 -4.288 -4.399 -4.059 -4.202 -4.321 -4.421 -4.589 -4.165 -4.07 -4.223 -4.61 -4.78 -4.97 -4.255
0.2217 -3.612 -3.563 -3.637 -3.83 -3.973 -4.112 -3.751 -3.853 -3.975 -4.117 -4.257 -4.406 -3.848 -4.02 -4.192 -4.313 -4.423 -4.084 -4.227 -4.346 -4.445 -4.614 -4.19 -4.095 -4.247 -4.635 -4.805 -4.995 -4.28
0.2271 -3.637 -3.587 -3.662 -3.855 -3.998 -4.137 -3.776 -3.878 -4.0 -4.142 -4.282 -4.431 -3.873 -4.045 -4.217 -4.338 -4.448 -4.109 -4.251 -4.371 -4.47 -4.639 -4.215 -4.12 -4.272 -4.66 -4.83 -5.02 -4.305
0.2325 -3.662 -3.612 -3.687 -3.88 -4.023 -4.162 -3.801 -3.903 -4.025 -4.167 -4.307 -4.456 -3.898 -4.07 -4.242 -4.363 -4.473 -4.134 -4.276 -4.396 -4.495 -4.664 -4.24 -4.144 -4.297 -4.685 -4.855 -5.045 -4.33
0.2381 -3.683 -3.633 -3.708 -3.901 -4.043 -4.182 -3.822 -3.923 -4.046 -4.188 -4.328 -4.477 -3.918 -4.091 -4.263 -4.383 -4.494 -4.155 -4.297 -4.417 -4.516 -4.684 -4.26 -4.165 -4.318 -4.706 -4.875 -5.066 -4.351
0.2439 -3.703 -3.653 -3.728 -3.921 -4.064 -4.203 -3.842 -3.944 -4.066 -4.208 -4.348 -4.497 -3.939 -4.111 -4.283 -4.404 -4.514 -4.175 -4.317 -4.437 -4.536 -4.705 -4.281 -4.186 -4.338 -4.726 -4.896 -5.086 -4.371
0.2498 -3.723 -3.674 -3.748 -3.941 -4.084 -4.223 -3.862 -3.964 -4.086 -4.228 -4.369 -4.517 -3.959 -4.131 -4.303 -4.424 -4.535 -4.195 -4.338 -4.458 -4.557 -4.725 -4.301 -4.206 -4.359 -4.747 -4.916 -5.106 -4.391
0.2558 -3.743 -3.694 -3.769 -3.962 -4.104 -4.243 -3.882 -3.984 -4.107 -4.248 -4.389 -4.537 -3.979 -4.152 -4.323 -4.444 -4.555 -4.215 -4.358 -4.478 -4.577 -4.745 -4.321 -4.226 -4.379 -4.767 -4.936 -5.126 -4.411
0.262 -3.764 -3.714 -3.789 -3.982 -4.124 -4.264 -3.903 -4.004 -4.127 -4.269 -4.409 -4.558 -3.999 -4.172 -4.344 -4.464 -4.575 -4.236 -4.378 -4.498 -4.597 -4.765 -4.341 -4.246 -4.399 -4.787 -4.956 -5.147 -4.432
0.2683 -3.784 -3.734 -3.809 -4.002 -4.145 -4.284 -3.923 -4.025 -4.147 -4.289 -4.429 -4.578 -4.02 -4.192 -4.364 -4.485 -4.595 -4.256 -4.398 -4.518 -4.617 -4.786 -4.362 -4.267 -4.419 -4.807 -4.977 -5.167 -4.452
0.2748 -3.804 -3.755 -3.83 -4.022 -4.165 -4.304 -3.943 -4.045 -4.167 -4.309 -4.45 -4.598 -4.04 -4.212 -4.384 -4.505 -4.616 -4.276 -4.419 -4.539 -4.638 -4.806 -4.382 -4.287 -4.44 -4.828 -4.997 -5.187 -4.472
0.2814 -3.824 -3.775 -3.85 -4.043 -4.185 -4.324 -3.963 -4.065 -4.188 -4.329 -4.47 -4.619 -4.06 -4.233 -4.405 -4.525 -4.636 -4.296 -4.439 -4.559 -4.658 -4.826 -4.402 -4.307 -4.46 -4.848 -5.017 -5.208 -4.493
0.2882 -3.845 -3.795 -3.87 -4.063 -4.205 -4.345 -3.984 -4.085 -4.208 -4.35 -4.49 -4.639 -4.08 -4.253 -4.425 -4.546 -4.656 -4.317 -4.459 -4.579 -4.678 -4.846 -4.423 -4.327 -4.48 -4.868 -5.037 -5.228 -4.513
0.2951 -3.865 -3.815 -3.89 -4.083 -4.226 -4.365 -4.004 -4.106 -4.228 -4.37 -4.51 -4.659 -4.1 -4.273 -4.445 -4.566 -4.676 -4.337 -4.479 -4.599 -4.698 -4.867 -4.443 -4.347 -4.5 -4.888 -5.058 -5.248 -4.533
0.3022 -3.881 -3.831 -3.906 -4.099 -4.241 -4.381 -4.02 -4.121 -4.244 -4.386 -4.526 -4.675 -4.116 -4.289 -4.461 -4.581 -4.692 -4.353 -4.495 -4.615 -4.714 -4.882 -4.459 -4.363 -4.516 -4.904 -5.073 -5.264 -4.549
0.3095 -3.897 -3.847 -3.922 -4.115 -4.257 -4.396 -4.036 -4.137 -4.26 -4.402 -4.542 -4.691 -4.132 -4.305 -4.477 -4.597 -4.708 -4.369 -4.511 -4.631 -4.73 -4.898 -4.474 -4.379 -4.532 -4.92 -5.089 -5.28 -4.565
0.317 -3.912 -3.863 -3.938 -4.131 -4.273 -4.412 -4.051 -4.153 -4.276 -4.417 -4.558 -4.707 -4.148 -4.321 -4.493 -4.613 -4.724 -4.384 -4.527 -4.647 -4.746 -4.914 -4.49 -4.395 -4.548 -4.936 -5.105 -5.296 -4.581
0.3247 -3.928 -3.879 -3.954 -4.147 -4.289 -4.428 -4.067 -4.169 -4.291 -4.433 -4.574 -4.722 -4.164 -4.337 -4.508 -4.629 -4.74 -4.4 -4.543 -4.663 -4.762 -4.93 -4.506 -4.411 -4.564 -4.952 -5.121 -5.311 -4.596
0.3325 -3.944 -3.895 -3.97 -4.163 -4.305 -4.444 -4.083 -4.185 -4.307 -4.449 -4.59 -4.738 -4.18 -4.352 -4.524 -4.645 -4.756 -4.416 -4.559 -4.679 -4.778 -4.946 -4.522 -4.427 -4.58 -4.968 -5.137 -5.327 -4.612
0.3405 -3.96 -3.911 -3.985 -4.178 -4.321 -4.46 -4.099 -4.201 -4.323 -4.465 -4.606 -4.754 -4.196 -4.368 -4.54 -4.661 -4.772 -4.432 -4.575 -4.694 -4.794 -4.962 -4.538 -4.443 -4.596 -4.983 -5.153 -5.343 -4.628
0.3487 -3.976 -3.926 -4.001 -4.194 -4.337 -4.476 -4.115 -4.217 -4.339 -4.481 -4.621 -4.77 -4.212 -4.384 -4.556 -4.677 -4.787 -4.448 -4.591 -4.71 -4.809 -4.978 -4.554 -4.459 -4.611 -4.999 -5.169 -5.359 -4.644
0.3571 -3.992 -3.942 -4.017 -4.21 -4.353 -4.492 -4.131 -4.233 -4.355 -4.497 -4.637 -4.786 -4.228 -4.4 -4.572 -4.693 -4.803 -4.464 -4.606 -4.726 -4.825 -4.994 -4.57 -4.474 -4.627 -5.015 -5.185 -5.375 -4.66
0.3657 -4.008 -3.958 -4.033 -4.226 -4.368 -4.508 -4.147 -4.248 -4.371 -4.513 -4.653 -4.802 -4.243 -4.416 -4.588 -4.709 -4.819 -4.48 -4.622 -4.742 -4.841 -5.009 -4.586 -4.49 -4.643 -5.031 -5.2 -5.391 -4.676
0.3746 -4.023 -3.974 -4.049 -4.242 -4.384 -4.523 -4.162 -4.264 -4.386 -4.528 -4.669 -4.817 -4.259 -4.432 -4.603 -4.724 -4.835 -4.495 -4.638 -4.758 -4.857 -5.025 -4.601 -4.506 -4.659 -5.047 -5.216 -5.406 -4.691
0.3836 -4.038 -3.988 -4.063 -4.256 -4.398 -4.538 -4.177 -4.278 -4.401 -4.543 -4.683 -4.832 -4.273 -4.446 -4.618 -4.738 -4.849 -4.51 -4.652 -4.772 -4.871 -5.039 -4.616 -4.52 -4.673 -5.061 -5.23 -5.421 -4.706
0.3929 -4.052 -4.003 -4.077 -4.27 -4.413 -4.552 -4.191 -4.293 -4.415 -4.557 -4.697 -4.846 -4.288 -4.46 -4.632 -4.753 -4.863 -4.524 -4.667 -4.786 -4.885 -5.054 -4.63 -4.535 -4.687 -5.075 -5.245 -5.435 -4.72
0.4023 -4.066 -4.017 -4.092 -4.285 -4.427 -4.566 -4.205 -4.307 -4.429 -4.571 -4.712 -4.86 -4.302 -4.475 -4.646 -4.767 -4.878 -4.538 -4.681 -4.801 -4.9 -5.068 -4.644 -4.549 -4.702 -5.09 -5.259 -5.449 -4.734
0.412 -4.081 -4.031 -4.106 -4.299 -4.441 -4.581 -4.22 -4.321 -4.444 -4.586 -4.726 -4.875 -4.316 -4.489 -4.661 -4.781 -4.892 -4.553 -4.695 -4.815 -4.914 -5.082 -4.659 -4.563 -4.716 -5.104 -5.273 -5.464 -4.749
0.422 -4.095 -4.046 -4.12 -4.313 -4.456 -4.595 -4.234 -4.336 -4.458 -4.6 -4.741 -4.889 -4.331 -4.503 -4.675 -4.796 -4.906 -4.567 -4.71 -4.829 -4.928 -5.097 -4.673 -4.578 -4.73 -5.118 -5.288 -5.478 -4.763
0.4322 -4.109 -4.06 -4.135 -4.328 -4.47 -4.609 -4.248 -4.35 -4.472 -4.614 -4.755 -4.903 -4.345 -4.518 -4.689 -4.81 -4.921 -4.581 -4.724 -4.844 -4.943 -5.111 -4.687 -4.592 -4.745 -5.133 -5.302 -5.492 -4.777
0.4426 -4.124 -4.074 -4.149 -4.342 -4.484 -4.624 -4.263 -4.364 -4.487 -4.629 -4.769 -4.918 -4.359 -4.532 -4.704 -4.824 -4.935 -4.596 -4.738 -4.858 -4.957 -5.125 -4.702 -4.606 -4.759 -5.147 -5.316 -5.507 -4.792
0.4533 -4.138 -4.089 -4.163 -4.356 -4.499 -4.638 -4.277 -4.379 -4.501 -4.643 -4.784 -4.932 -4.374 -4.546 -4.718 -4.839 -4.949 -4.61 -4.753 -4.872 -4.971 -5.14 -4.716 -4.621 -4.773 -5.161 -5.331 -5.521 -4.806
