web/models/grb/offaxis/7/grb_0.2967_0.5179_1.0000000.dat
# %ECSV 1.0
# ---
# datatype:
# - {name: time, datatype: float64}
# - {name: swift_uvot_uvw2, datatype: float64}
# - {name: swift_uvot_uvm2, datatype: float64}
# - {name: swift_uvot_uvw1, datatype: float64}
# - {name: swift_uvot_U, datatype: float64}
# - {name: swift_uvot_B, datatype: float64}
# - {name: swift_uvot_V, datatype: float64}
# - {name: swift_uvot_W, datatype: float64}
# - {name: johnson_U, datatype: float64}
# - {name: johnson_B, datatype: float64}
# - {name: johnson_V, datatype: float64}
# - {name: johnson_R, datatype: float64}
# - {name: johnson_I, datatype: float64}
# - {name: sdss_u, datatype: float64}
# - {name: sdss_g, datatype: float64}
# - {name: sdss_r, datatype: float64}
# - {name: sdss_i, datatype: float64}
# - {name: sdss_z, datatype: float64}
# - {name: PS1_g, datatype: float64}
# - {name: PS1_r, datatype: float64}
# - {name: PS1_i, datatype: float64}
# - {name: PS1_z, datatype: float64}
# - {name: PS1_Y, datatype: float64}
# - {name: ukirt_J, datatype: float64}
# - {name: ukirt_H, datatype: float64}
# - {name: ukirt_K, datatype: float64}
# meta: !!omap
# - comment: [E = 0.00022477106672309015, Eta0 = 8.02, GammaB = 12.0, dL = 0.012188, epsb = 6.760829753919819e-06, epse = 0.1, n = 1.0,
#     p = 2.15, theta_obs = 0.29670597283903605, xiN = 1.0, z = 0.0, type = grb, E_kiso = 0.517947467923121]
# schema: astropy-2.0
time swift_uvot_uvw2 swift_uvot_uvm2 swift_uvot_uvw1 swift_uvot_U swift_uvot_B swift_uvot_V swift_uvot_W johnson_U johnson_B johnson_V johnson_R johnson_I sdss_u sdss_g sdss_r sdss_i sdss_z PS1_g PS1_r PS1_i PS1_z PS1_Y ukirt_J ukirt_H ukirt_K
[from data line 279]
7.7314 4.106 4.156 4.081 3.888 3.745 3.606 3.967 3.865 3.743 3.601 3.461 3.312 3.87 3.698 3.526 3.405 3.295 3.634 3.492 3.372 3.273 3.104 3.083 2.913 2.723
7.9179 4.147 4.196 4.122 3.929 3.786 3.647 4.008 3.906 3.784 3.642 3.501 3.353 3.911 3.739 3.567 3.446 3.335 3.675 3.532 3.412 3.313 3.145 3.123 2.954 2.764
8.1089 4.188 4.237 4.162 3.969 3.827 3.688 4.049 3.947 3.825 3.683 3.542 3.394 3.952 3.779 3.608 3.487 3.376 3.716 3.573 3.453 3.354 3.186 3.164 2.995 2.805
8.3045 4.228 4.278 4.203 4.01 3.868 3.729 4.089 3.988 3.865 3.723 3.583 3.434 3.993 3.82 3.648 3.528 3.417 3.756 3.614 3.494 3.395 3.227 3.205 3.036 2.845
8.5049 4.269 4.319 4.244 4.051 3.908 3.769 4.13 4.028 3.906 3.764 3.624 3.475 4.033 3.861 3.689 3.568 3.458 3.797 3.655 3.535 3.436 3.267 3.246 3.076 2.886
8.71 4.31 4.359 4.285 4.092 3.949 3.81 4.171 4.069 3.947 3.805 3.664 3.516 4.074 3.902 3.73 3.609 3.498 3.838 3.695 3.575 3.476 3.308 3.286 3.117 2.927
8.9201 4.351 4.4 4.325 4.132 3.99 3.851 4.212 4.11 3.988 3.846 3.705 3.557 4.115 3.942 3.771 3.65 3.539 3.879 3.736 3.616 3.517 3.349 3.327 3.158 2.968
9.1353 4.391 4.441 4.366 4.173 4.031 3.892 4.252 4.151 4.028 3.886 3.746 3.597 4.156 3.983 3.811 3.691 3.58 3.919 3.777 3.657 3.558 3.39 3.368 3.199 3.008
9.3557 4.431 4.48 4.405 4.212 4.07 3.931 4.292 4.19 4.068 3.926 3.785 3.637 4.195 4.022 3.851 3.73 3.619 3.959 3.816 3.696 3.597 3.429 3.407 3.238 3.048
9.5814 4.467 4.516 4.442 4.249 4.106 3.967 4.328 4.226 4.104 3.962 3.821 3.673 4.231 4.059 3.887 3.766 3.656 3.995 3.852 3.733 3.634 3.465 3.444 3.274 3.084
9.8125 4.503 4.553 4.478 4.285 4.143 4.003 4.364 4.263 4.14 3.998 3.858 3.709 4.268 4.095 3.923 3.802 3.692 4.031 3.889 3.769 3.67 3.502 3.48 3.311 3.12
10.0492 4.54 4.589 4.514 4.321 4.179 4.04 4.401 4.299 4.176 4.035 3.894 3.746 4.304 4.131 3.96 3.839 3.728 4.068 3.925 3.805 3.706 3.538 3.516 3.347 3.157
10.2917 4.576 4.625 4.551 4.358 4.215 4.076 4.437 4.335 4.213 4.071 3.93 3.782 4.34 4.168 3.996 3.875 3.764 4.104 3.961 3.842 3.742 3.574 3.553 3.383 3.193
10.5399 4.612 4.662 4.587 4.394 4.252 4.112 4.473 4.372 4.249 4.107 3.967 3.818 4.377 4.204 4.032 3.911 3.801 4.14 3.998 3.878 3.779 3.611 3.589 3.42 3.229
10.7942 4.649 4.698 4.623 4.43 4.288 4.149 4.51 4.408 4.285 4.144 4.003 3.855 4.413 4.24 4.068 3.948 3.837 4.177 4.034 3.914 3.815 3.647 3.625 3.456 3.265
11.0546 4.685 4.734 4.66 4.467 4.324 4.185 4.546 4.444 4.322 4.18 4.039 3.891 4.449 4.277 4.105 3.984 3.873 4.213 4.07 3.95 3.851 3.683 3.661 3.492 3.302
11.3212 4.721 4.771 4.696 4.503 4.36 4.221 4.582 4.481 4.358 4.216 4.076 3.927 4.486 4.313 4.141 4.02 3.91 4.249 4.107 3.987 3.888 3.72 3.698 3.528 3.338
11.5943 4.758 4.807 4.732 4.539 4.397 4.258 4.618 4.517 4.394 4.253 4.112 3.963 4.522 4.349 4.177 4.057 3.946 4.286 4.143 4.023 3.924 3.756 3.734 3.565 3.374
11.874 4.793 4.843 4.768 4.575 4.432 4.293 4.654 4.552 4.43 4.288 4.148 3.999 4.557 4.385 4.213 4.092 3.982 4.321 4.178 4.059 3.96 3.791 3.77 3.6 3.41
12.1605 4.828 4.877 4.802 4.609 4.467 4.328 4.689 4.587 4.465 4.323 4.182 4.034 4.592 4.419 4.248 4.127 4.016 4.356 4.213 4.093 3.994 3.826 3.804 3.635 3.445
12.4538 4.862 4.912 4.837 4.644 4.502 4.363 4.723 4.622 4.499 4.357 4.217 4.068 4.627 4.454 4.282 4.162 4.051 4.39 4.248 4.128 4.029 3.861 3.839 3.67 3.479
12.7542 4.897 4.947 4.872 4.679 4.536 4.397 4.758 4.656 4.534 4.392 4.252 4.103 4.661 4.489 4.317 4.196 4.086 4.425 4.283 4.163 4.064 3.895 3.874 3.704 3.514
13.0619 4.932 4.981 4.906 4.713 4.571 4.432 4.793 4.691 4.569 4.427 4.286 4.138 4.696 4.523 4.352 4.231 4.12 4.46 4.317 4.197 4.098 3.93 3.908 3.739 3.549
13.377 4.966 5.016 4.941 4.748 4.606 4.467 4.827 4.726 4.603 4.461 4.321 4.172 4.731 4.558 4.386 4.266 4.155 4.494 4.352 4.232 4.133 3.965 3.943 3.774 3.583
13.6997 5.001 5.051 4.976 4.783 4.64 4.501 4.862 4.76 4.638 4.496 4.356 4.207 4.765 4.593 4.421 4.3 4.19 4.529 4.387 4.267 4.168 3.999 3.978 3.808 3.618
14.0302 5.036 5.085 5.01 4.817 4.675 4.536 4.897 4.795 4.673 4.531 4.39 4.242 4.8 4.628 4.456 4.335 4.224 4.564 4.421 4.301 4.202 4.034 4.012 3.843 3.653
14.3686 5.07 5.12 5.045 4.852 4.71 4.571 4.931 4.83 4.707 4.565 4.425 4.276 4.835 4.662 4.49 4.37 4.259 4.598 4.456 4.336 4.237 4.069 4.047 3.878 3.687
14.7153 5.105 5.155 5.08 4.887 4.744 4.605 4.966 4.864 4.742 4.6 4.46 4.311 4.869 4.697 4.525 4.404 4.294 4.633 4.491 4.371 4.272 4.103 4.082 3.912 3.722
15.0702 5.138 5.188 5.113 4.92 4.778 4.639 4.999 4.898 4.775 4.633 4.493 4.344 4.903 4.73 4.558 4.438 4.327 4.666 4.524 4.404 4.305 4.137 4.115 3.946 3.755
15.4338 5.171 5.22 5.146 4.953 4.81 4.671 5.032 4.93 4.808 4.666 4.526 4.377 4.935 4.763 4.591 4.47 4.36 4.699 4.556 4.437 4.338 4.169 4.148 3.978 3.788
15.8061 5.204 5.253 5.178 4.985 4.843 4.704 5.064 4.963 4.84 4.699 4.558 4.409 4.968 4.795 4.623 4.503 4.392 4.732 4.589 4.469 4.37 4.202 4.18 4.011 3.82
16.1874 5.236 5.286 5.211 5.018 4.875 4.736 5.097 4.995 4.873 4.731 4.591 4.442 5.0 4.828 4.656 4.535 4.425 4.764 4.621 4.502 4.403 4.234 4.213 4.043 3.853
16.5779 5.269 5.318 5.243 5.05 4.908 4.769 5.13 5.028 4.905 4.764 4.623 4.475 5.033 4.86 4.688 4.568 4.457 4.797 4.654 4.534 4.435 4.267 4.245 4.076 3.886
16.9778 5.301 5.351 5.276 5.083 4.94 4.801 5.162 5.06 4.938 4.796 4.656 4.507 5.065 4.893 4.721 4.6 4.49 4.829 4.687 4.567 4.468 4.299 4.278 4.108 3.918
17.3873 5.334 5.383 5.308 5.115 4.973 4.834 5.195 5.093 4.971 4.829 4.688 4.54 5.098 4.925 4.754 4.633 4.522 4.862 4.719 4.599 4.5 4.332 4.31 4.141 3.951
17.8068 5.366 5.416 5.341 5.148 5.005 4.866 5.227 5.125 5.003 4.861 4.721 4.572 5.13 4.958 4.786 4.665 4.555 4.894 4.752 4.632 4.533 4.364 4.343 4.173 3.983
18.2363 5.399 5.448 5.373 5.18 5.038 4.899 5.26 5.158 5.036 4.894 4.753 4.605 5.163 4.99 4.819 4.698 4.587 4.927 4.784 4.664 4.565 4.397 4.375 4.206 4.016
18.6762 5.431 5.481 5.406 5.213 5.07 4.931 5.292 5.191 5.068 4.926 4.786 4.637 5.196 5.023 4.851 4.73 4.62 4.959 4.817 4.697 4.598 4.43 4.408 4.238 4.048
19.1268 5.47 5.519 5.444 5.251 5.109 4.97 5.33 5.229 5.106 4.965 4.824 4.675 5.234 5.061 4.889 4.769 4.658 4.997 4.855 4.735 4.636 4.468 4.446 4.277 4.086
19.5882 5.51 5.559 5.484 5.291 5.149 5.01 5.371 5.269 5.146 5.005 4.864 4.715 5.274 5.101 4.929 4.809 4.698 5.038 4.895 4.775 4.676 4.508 4.486 4.317 4.126
20.0607 5.55 5.599 5.524 5.331 5.189 5.05 5.411 5.309 5.186 5.045 4.904 4.756 5.314 5.141 4.969 4.849 4.738 5.078 4.935 4.815 4.716 4.548 4.526 4.357 4.167
20.5446 5.59 5.639 5.564 5.371 5.229 5.09 5.451 5.349 5.227 5.085 4.944 4.796 5.354 5.181 5.01 4.889 4.778 5.118 4.975 4.855 4.756 4.588 4.566 4.397 4.207
21.0402 5.63 5.679 5.604 5.411 5.269 5.13 5.491 5.389 5.267 5.125 4.984 4.836 5.394 5.221 5.05 4.929 4.818 5.158 5.015 4.895 4.796 4.628 4.606 4.437 4.247
21.5478 5.67 5.719 5.644 5.451 5.309 5.17 5.531 5.429 5.307 5.165 5.024 4.876 5.434 5.261 5.09 4.969 4.858 5.198 5.055 4.935 4.836 4.668 4.646 4.477 4.287
22.0676 5.71 5.759 5.684 5.491 5.349 5.21 5.571 5.469 5.347 5.205 5.064 4.916 5.474 5.302 5.13 5.009 4.898 5.238 5.095 4.975 4.876 4.708 4.686 4.517 4.327
22.5999 5.75 5.799 5.724 5.532 5.389 5.25 5.611 5.509 5.387 5.245 5.104 4.956 5.514 5.342 5.17 5.049 4.938 5.278 5.135 5.015 4.916 4.748 4.726 4.557 4.367
23.1451 5.79 5.839 5.765 5.572 5.429 5.29 5.651 5.549 5.427 5.285 5.144 4.996 5.554 5.382 5.21 5.089 4.978 5.318 5.175 5.055 4.956 4.788 4.766 4.597 4.407
23.7034 5.83 5.879 5.805 5.612 5.469 5.33 5.691 5.589 5.467 5.325 5.184 5.036 5.594 5.422 5.25 5.129 5.018 5.358 5.215 5.096 4.996 4.828 4.807 4.637 4.447
24.2752 5.895 5.944 5.87 5.677 5.534 5.395 5.756 5.654 5.532 5.39 5.249 5.101 5.659 5.487 5.315 5.194 5.084 5.423 5.28 5.161 5.062 4.893 4.872 4.702 4.512
24.8608 5.963 6.012 5.937 5.744 5.602 5.463 5.823 5.722 5.599 5.458 5.317 5.168 5.727 5.554 5.382 5.262 5.151 5.49 5.348 5.228 5.129 4.961 4.939 4.77 4.579
25.4606 6.03 6.08 6.005 5.812 5.669 5.53 5.891 5.789 5.667 5.525 5.385 5.236 5.794 5.622 5.45 5.329 5.219 5.558 5.415 5.296 5.197 5.028 5.007 4.837 4.647
26.0748 6.098 6.147 6.072 5.879 5.737 5.598 5.959 5.857 5.734 5.593 5.452 5.304 5.862 5.689 5.517 5.397 5.286 5.626 5.483 5.363 5.264 5.096 5.074 4.905 4.715
26.7038 6.165 6.215 6.14 5.947 5.804 5.665 6.026 5.924 5.802 5.66 5.52 5.371 5.929 5.757 5.585 5.464 5.354 5.693 5.551 5.431 5.332 5.163 5.142 4.972 4.782
27.3479 6.233 6.282 6.207 6.014 5.872 5.733 6.094 5.992 5.87 5.728 5.587 5.439 5.997 5.824 5.653 5.532 5.421 5.761 5.618 5.498 5.399 5.231 5.209 5.04 4.85
28.0077 6.3 6.35 6.275 6.082 5.939 5.8 6.161 6.06 5.937 5.795 5.655 5.506 6.065 5.892 5.72 5.599 5.489 5.828 5.686 5.566 5.467 5.299 5.277 5.107 4.917
28.6833 6.368 6.417 6.342 6.149 6.007 5.868 6.229 6.127 6.005 5.863 5.722 5.574 6.132 5.96 5.788 5.667 5.556 5.896 5.753 5.633 5.534 5.366 5.344 5.175 4.985
29.3752 6.435 6.485 6.41 6.217 6.075 5.935 6.296 6.195 6.072 5.93 5.79 5.641 6.2 6.027 5.855 5.735 5.624 5.963 5.821 5.701 5.602 5.434 5.412 5.243 5.052
30.0838 6.505 6.554 6.479 6.286 6.144 6.005 6.366 6.264 6.141 6.0 5.859 5.711 6.269 6.096 5.925 5.804 5.693 6.033 5.89 5.77 5.671 5.503 5.481 5.312 5.122
30.8096 6.606 6.655 6.581 6.388 6.245 6.106 6.467 6.365 6.243 6.101 5.96 5.812 6.37 6.198 6.026 5.905 5.795 6.134 5.991 5.872 5.773 5.604 5.583 5.413 5.223
31.5528 6.707 6.757 6.682 6.489 6.347 6.207 6.568 6.467 6.344 6.202 6.062 5.913 6.472 6.299 6.127 6.006 5.896 6.235 6.093 5.973 5.874 5.706 5.684 5.515 5.324
32.3139 6.809 6.858 6.783 6.59 6.448 6.309 6.67 6.568 6.445 6.304 6.163 6.015 6.573 6.4 6.229 6.108 5.997 6.337 6.194 6.074 5.975 5.807 5.785 5.616 5.426
33.0935 6.91 6.959 6.885 6.692 6.549 6.41 6.771 6.669 6.547 6.405 6.264 6.116 6.674 6.502 6.33 6.209 6.099 6.438 6.295 6.176 6.077 5.908 5.887 5.717 5.527
33.8918 7.011 7.061 6.986 6.793 6.651 6.511 6.872 6.771 6.648 6.506 6.366 6.217 6.776 6.603 6.431 6.31 6.2 6.539 6.397 6.277 6.178 6.01 5.988 5.819 5.628
34.7093 7.113 7.162 7.087 6.894 6.752 6.613 6.974 6.872 6.749 6.608 6.467 6.319 6.877 6.704 6.533 6.412 6.301 6.641 6.498 6.378 6.279 6.111 6.089 5.92 5.73
35.5466 7.214 7.263 7.189 6.996 6.853 6.714 7.075 6.973 6.851 6.709 6.568 6.42 6.978 6.806 6.634 6.513 6.403 6.742 6.599 6.48 6.381 6.212 6.191 6.021 5.831
36.4041 7.315 7.365 7.29 7.097 6.955 6.815 7.176 7.075 6.952 6.81 6.67 6.521 7.08 6.907 6.735 6.614 6.504 6.843 6.701 6.581 6.482 6.314 6.292 6.123 5.932
37.2823 7.417 7.466 7.391 7.198 7.056 6.917 7.278 7.176 7.053 6.912 6.771 6.623 7.181 7.008 6.837 6.716 6.605 6.945 6.802 6.682 6.583 6.415 6.393 6.224 6.034
38.1817 7.53 7.58 7.505 7.312 7.169 7.03 7.391 7.289 7.167 7.025 6.885 6.736 7.295 7.122 6.95 6.829 6.719 7.058 6.916 6.796 6.697 6.528 6.507 6.337 6.147
39.1028 7.694 7.744 7.669 7.476 7.333 7.194 7.555 7.453 7.331 7.189 7.049 6.9 7.459 7.286 7.114 6.993 6.883 7.222 7.08 6.96 6.861 6.693 6.671 6.501 6.311
40.046 7.858 7.908 7.833 7.64 7.497 7.358 7.719 7.617 7.495 7.353 7.213 7.064 7.623 7.45 7.278 7.157 7.047 7.386 7.244 7.124 7.025 6.857 6.835 6.665 6.475
41.0121 8.022 8.072 7.997 7.804 7.661 7.522 7.883 7.782 7.659 7.517 7.377 7.228 7.787 7.614 7.442 7.321 7.211 7.55 7.408 7.288 7.189 7.021 6.999 6.829 6.639
42.0014 8.186 8.236 8.161 7.968 7.825 7.686 8.047 7.946 7.823 7.681 7.541 7.392 7.951 7.778 7.606 7.485 7.375 7.714 7.572 7.452 7.353 7.185 7.163 6.993 6.803
43.0146 8.35 8.4 8.325 8.132 7.989 7.85 8.211 8.11 7.987 7.845 7.705 7.556 8.115 7.942 7.77 7.649 7.539 7.878 7.736 7.616 7.517 7.349 7.327 7.157 6.967
44.0523 8.514 8.564 8.489 8.296 8.153 8.014 8.375 8.274 8.151 8.009 7.869 7.72 8.279 8.106 7.934 7.813 7.703 8.042 7.9 7.78 7.681 7.513 7.491 7.321 7.131
45.1149 8.678 8.728 8.653 8.46 8.317 8.178 8.539 8.438 8.315 8.173 8.033 7.884 8.443 8.27 8.098 7.977 7.867 8.206 8.064 7.944 7.845 7.677 7.655 7.486 7.295
46.2033 8.842 8.892 8.817 8.624 8.482 8.342 8.703 8.602 8.479 8.337 8.197 8.048 8.607 8.434 8.262 8.141 8.031 8.37 8.228 8.108 8.009 7.841 7.819 7.65 7.459
47.3178 9.006 9.056 8.981 8.788 8.646 8.506 8.867 8.766 8.643 8.501 8.361 8.212 8.771 8.598 8.426 8.305 8.195 8.534 8.392 8.272 8.173 8.005 7.983 7.814 7.623
48.4593 9.221 9.27 9.196 9.003 8.86 8.721 9.082 8.98 8.858 8.716 8.575 8.427 8.985 8.813 8.641 8.52 8.409 8.749 8.606 8.486 8.387 8.219 8.197 8.028 7.838
49.6283 9.534 9.584 9.509 9.316 9.174 9.035 9.395 9.294 9.171 9.029 8.889 8.74 9.299 9.126 8.954 8.834 8.723 9.062 8.92 8.8 8.701 8.533 8.511 8.342 8.151
50.8255 9.848 9.897 9.823 9.63 9.487 9.348 9.709 9.607 9.485 9.343 9.203 9.054 9.612 9.44 9.268 9.147 9.037 9.376 9.233 9.114 9.015 8.846 8.825 8.655 8.465
52.0515 10.162 10.211 10.136 9.943 9.801 9.662 10.023 9.921 9.798 9.657 9.516 9.368 9.926 9.753 9.581 9.461 9.35 9.69 9.547 9.427 9.328 9.16 9.138 8.969 8.778
53.3072 10.475 10.525 10.45 10.257 10.114 9.975 10.336 10.234 10.112 9.97 9.83 9.681 10.239 10.067 9.895 9.774 9.664 10.003 9.861 9.741 9.642 9.473 9.452 9.282 9.092
54.5931 10.789 10.838 10.763 10.57 10.428 10.289 10.65 10.548 10.426 10.284 10.143 9.995 10.553 10.38 10.209 10.088 9.977 10.317 10.174 10.054 9.955 9.787 9.765 9.596 9.406
55.9101 11.102 11.152 11.077 10.884 10.742 10.602 10.963 10.862 10.739 10.597 10.457 10.308 10.867 10.694 10.522 10.401 10.291 10.63 10.488 10.368 10.269 10.101 10.079 9.91 9.719
57.2588 11.416 11.465 11.39 11.198 11.055 10.916 11.277 11.175 11.053 10.911 10.77 10.622 11.18 11.008 10.836 10.715 10.604 10.944 10.801 10.681 10.582 10.414 10.392 10.223 10.033
58.6401 11.729 11.779 11.704 11.511 11.369 11.23 11.59 11.489 11.366 11.224 11.084 10.935 11.494 11.321 11.149 11.029 10.918 11.257 11.115 10.995 10.896 10.728 10.706 10.537 10.346
60.0546 12.043 12.092 12.018 11.825 11.682 11.543 11.904 11.802 11.68 11.538 11.397 11.249 11.807 11.635 11.463 11.342 11.232 11.571 11.428 11.309 11.21 11.041 11.02 10.85 10.66
61.5034 12.357 12.406 12.331 12.138 11.996 11.857 12.217 12.116 11.993 11.852 11.711 11.562 12.121 11.948 11.776 11.656 11.545 11.885 11.742 11.622 11.523 11.355 11.333 11.164 10.973
62.987 12.67 12.72 12.645 12.452 12.309 12.17 12.531 12.429 12.307 12.165 12.025 11.876 12.434 12.262 12.09 11.969 11.859 12.198 12.056 11.936 11.837 11.668 11.647 11.477 11.287
64.5065 12.984 13.033 12.958 12.765 12.623 12.484 12.845 12.743 12.621 12.479 12.338 12.19 12.748 12.575 12.404 12.283 12.172 12.512 12.369 12.249 12.15 11.982 11.96 11.791 11.601
66.0626 13.297 13.347 13.272 13.079 12.937 12.797 13.158 13.057 12.934 12.792 12.652 12.503 13.062 12.889 12.717 12.596 12.486 12.825 12.683 12.563 12.464 12.296 12.274 12.105 11.914
67.6562 13.611 13.66 13.585 13.392 13.25 13.111 13.472 13.37 13.248 13.106 12.965 12.817 13.375 13.203 13.031 12.91 12.799 13.139 12.996 12.876 12.777 12.609 12.587 12.418 12.228
69.2883 13.924 13.974 13.899 13.706 13.564 13.425 13.785 13.684 13.561 13.419 13.279 13.13 13.689 13.516 13.344 13.224 13.113 13.452 13.31 13.19 13.091 12.923 12.901 12.732 12.541
70.9597 14.238 14.287 14.213 14.02 13.877 13.738 14.099 13.997 13.875 13.733 13.592 13.444 14.002 13.83 13.658 13.537 13.427 13.766 13.623 13.504 13.405 13.236 13.215 13.045 12.855
72.6715 14.552 14.601 14.526 14.333 14.191 14.052 14.412 14.311 14.188 14.047 13.906 13.757 14.316 14.143 13.971 13.851 13.74 14.08 13.937 13.817 13.718 13.55 13.528 13.359 13.168
74.4246 14.865 14.915 14.84 14.647 14.504 14.365 14.726 14.624 14.502 14.36 14.22 14.071 14.629 14.457 14.285 14.164 14.054 14.393 14.251 14.131 14.032 13.863 13.842 13.672 13.482
76.2199 15.179 15.228 15.153 14.96 14.818 14.679 15.04 14.938 14.816 14.674 14.533 14.385 14.943 14.77 14.599 14.478 14.367 14.707 14.564 14.444 14.345 14.177 14.155 13.986 13.796
78.0586 15.492 15.542 15.467 15.274 15.131 14.992 15.353 15.252 15.129 14.987 14.847 14.698 15.257 15.084 14.912 14.791 14.681 15.02 14.878 14.758 14.659 14.491 14.469 14.299 14.109
79.9416 15.806 15.855 15.78 15.587 15.445 15.306 15.667 15.565 15.443 15.301 15.16 15.012 15.57 15.398 15.226 15.105 14.994 15.334 15.191 15.071 14.972 14.804 14.782 14.613 14.423
