web/models/grb/offaxis/7/grb_0.2967_0.5179_10.0000000.dat
# %ECSV 1.0
# ---
# datatype:
# - {name: time, datatype: float64}
# - {name: swift_uvot_uvw2, datatype: float64}
# - {name: swift_uvot_uvm2, datatype: float64}
# - {name: swift_uvot_uvw1, datatype: float64}
# - {name: swift_uvot_U, datatype: float64}
# - {name: swift_uvot_B, datatype: float64}
# - {name: swift_uvot_V, datatype: float64}
# - {name: swift_uvot_W, datatype: float64}
# - {name: johnson_U, datatype: float64}
# - {name: johnson_B, datatype: float64}
# - {name: johnson_V, datatype: float64}
# - {name: johnson_R, datatype: float64}
# - {name: johnson_I, datatype: float64}
# - {name: sdss_u, datatype: float64}
# - {name: sdss_g, datatype: float64}
# - {name: sdss_r, datatype: float64}
# - {name: sdss_i, datatype: float64}
# - {name: sdss_z, datatype: float64}
# - {name: PS1_g, datatype: float64}
# - {name: PS1_r, datatype: float64}
# - {name: PS1_i, datatype: float64}
# - {name: PS1_z, datatype: float64}
# - {name: PS1_Y, datatype: float64}
# - {name: PS1_w, datatype: float64}
# - {name: ATLAS_c, datatype: float64}
# - {name: ATLAS_o, datatype: float64}
# - {name: ukirt_J, datatype: float64}
# - {name: ukirt_H, datatype: float64}
# - {name: ukirt_K, datatype: float64}
# - {name: Clear, datatype: float64}
# meta: !!omap
# - comment: [E = 0.00022477106672309015, Eta0 = 8.02, GammaB = 12.0, dL = 0.012188, epsb = 6.760829753919819e-06, epse = 0.1, n = 10.0,
#     p = 2.15, theta_obs = 0.29670597283903605, xiN = 1.0, z = 0.0, type = grb, E_kiso = 0.517947467923121]
# schema: astropy-2.0
time swift_uvot_uvw2 swift_uvot_uvm2 swift_uvot_uvw1 swift_uvot_U swift_uvot_B swift_uvot_V swift_uvot_W johnson_U johnson_B johnson_V johnson_R johnson_I sdss_u sdss_g sdss_r sdss_i sdss_z PS1_g PS1_r PS1_i PS1_z PS1_Y PS1_w ATLAS_c ATLAS_o ukirt_J ukirt_H ukirt_K Clear
0.01 -1.949 -1.9 -1.975 -2.168 -2.31 -2.449 -2.089 -2.19 -2.313 -2.454 -2.595 -2.744 -2.185 -2.358 -2.53 -2.65 -2.761 -2.421 -2.564 -2.684 -2.783 -2.951 -2.527 -2.432 -2.585 -2.973 -3.142 -3.333 -2.618
0.0102 -1.964 -1.914 -1.989 -2.182 -2.325 -2.464 -2.103 -2.205 -2.327 -2.469 -2.609 -2.758 -2.199 -2.372 -2.544 -2.665 -2.775 -2.436 -2.578 -2.698 -2.797 -2.966 -2.542 -2.446 -2.599 -2.987 -3.157 -3.347 -2.632
0.0105 -1.978 -1.929 -2.004 -2.196 -2.339 -2.478 -2.117 -2.219 -2.341 -2.483 -2.624 -2.772 -2.214 -2.386 -2.558 -2.679 -2.79 -2.45 -2.593 -2.713 -2.812 -2.98 -2.556 -2.461 -2.614 -3.002 -3.171 -3.361 -2.646
0.0107 -1.992 -1.943 -2.018 -2.211 -2.353 -2.492 -2.132 -2.233 -2.356 -2.497 -2.638 -2.787 -2.228 -2.401 -2.573 -2.693 -2.804 -2.464 -2.607 -2.727 -2.826 -2.994 -2.57 -2.475 -2.628 -3.016 -3.185 -3.376 -2.661
0.011 -2.007 -1.957 -2.032 -2.225 -2.368 -2.507 -2.146 -2.248 -2.37 -2.512 -2.652 -2.801 -2.242 -2.415 -2.587 -2.708 -2.818 -2.479 -2.621 -2.741 -2.84 -3.009 -2.585 -2.489 -2.642 -3.03 -3.2 -3.39 -2.675
0.0113 -2.021 -1.972 -2.047 -2.239 -2.382 -2.521 -2.16 -2.262 -2.384 -2.526 -2.667 -2.815 -2.257 -2.429 -2.601 -2.722 -2.833 -2.493 -2.636 -2.756 -2.855 -3.023 -2.599 -2.504 -2.657 -3.045 -3.214 -3.404 -2.689
0.0115 -2.035 -1.986 -2.061 -2.254 -2.396 -2.535 -2.175 -2.276 -2.399 -2.541 -2.681 -2.83 -2.271 -2.444 -2.616 -2.736 -2.847 -2.508 -2.65 -2.77 -2.869 -3.037 -2.613 -2.518 -2.671 -3.059 -3.228 -3.419 -2.704
0.0118 -2.05 -2.0 -2.075 -2.268 -2.411 -2.55 -2.189 -2.291 -2.413 -2.555 -2.695 -2.844 -2.286 -2.458 -2.63 -2.751 -2.861 -2.522 -2.664 -2.784 -2.883 -3.052 -2.628 -2.532 -2.685 -3.073 -3.243 -3.433 -2.718
0.0121 -2.064 -2.015 -2.09 -2.283 -2.425 -2.564 -2.203 -2.305 -2.427 -2.569 -2.71 -2.858 -2.3 -2.472 -2.644 -2.765 -2.876 -2.536 -2.679 -2.799 -2.898 -3.066 -2.642 -2.547 -2.7 -3.088 -3.257 -3.447 -2.732
0.0124 -2.076 -2.027 -2.101 -2.294 -2.437 -2.576 -2.215 -2.317 -2.439 -2.581 -2.722 -2.87 -2.312 -2.484 -2.656 -2.777 -2.887 -2.548 -2.691 -2.81 -2.909 -3.078 -2.654 -2.559 -2.711 -3.099 -3.269 -3.459 -2.744
0.0127 -2.088 -2.038 -2.113 -2.306 -2.448 -2.588 -2.227 -2.328 -2.451 -2.593 -2.733 -2.882 -2.323 -2.496 -2.668 -2.789 -2.899 -2.56 -2.702 -2.822 -2.921 -3.089 -2.666 -2.57 -2.723 -3.111 -3.28 -3.471 -2.756
0.013 -2.099 -2.05 -2.125 -2.318 -2.46 -2.599 -2.239 -2.34 -2.463 -2.604 -2.745 -2.894 -2.335 -2.508 -2.68 -2.8 -2.911 -2.572 -2.714 -2.834 -2.933 -3.101 -2.677 -2.582 -2.735 -3.123 -3.292 -3.483 -2.768
0.0133 -2.111 -2.062 -2.137 -2.33 -2.472 -2.611 -2.25 -2.352 -2.474 -2.616 -2.757 -2.905 -2.347 -2.519 -2.691 -2.812 -2.923 -2.583 -2.726 -2.846 -2.945 -3.113 -2.689 -2.594 -2.747 -3.135 -3.304 -3.494 -2.779
0.0136 -2.123 -2.073 -2.148 -2.341 -2.484 -2.623 -2.262 -2.364 -2.486 -2.628 -2.768 -2.917 -2.359 -2.531 -2.703 -2.824 -2.934 -2.595 -2.738 -2.857 -2.956 -3.125 -2.701 -2.606 -2.758 -3.146 -3.316 -3.506 -2.791
0.014 -2.135 -2.085 -2.16 -2.353 -2.495 -2.635 -2.274 -2.375 -2.498 -2.64 -2.78 -2.929 -2.37 -2.543 -2.715 -2.835 -2.946 -2.607 -2.749 -2.869 -2.968 -3.136 -2.713 -2.617 -2.77 -3.158 -3.327 -3.518 -2.803
0.0143 -2.146 -2.097 -2.172 -2.365 -2.507 -2.646 -2.285 -2.387 -2.51 -2.651 -2.792 -2.94 -2.382 -2.555 -2.727 -2.847 -2.958 -2.618 -2.761 -2.881 -2.98 -3.148 -2.724 -2.629 -2.782 -3.17 -3.339 -3.53 -2.815
0.0146 -2.158 -2.109 -2.184 -2.376 -2.519 -2.658 -2.297 -2.399 -2.521 -2.663 -2.804 -2.952 -2.394 -2.566 -2.738 -2.859 -2.97 -2.63 -2.773 -2.893 -2.992 -3.16 -2.736 -2.641 -2.794 -3.182 -3.351 -3.541 -2.826
0.015 -2.17 -2.12 -2.195 -2.388 -2.531 -2.67 -2.309 -2.411 -2.533 -2.675 -2.815 -2.964 -2.406 -2.578 -2.75 -2.871 -2.981 -2.642 -2.784 -2.904 -3.003 -3.172 -2.748 -2.653 -2.805 -3.193 -3.363 -3.553 -2.838
0.0154 -2.182 -2.132 -2.207 -2.4 -2.543 -2.682 -2.321 -2.422 -2.545 -2.687 -2.827 -2.976 -2.417 -2.59 -2.762 -2.883 -2.993 -2.654 -2.796 -2.916 -3.015 -3.183 -2.76 -2.664 -2.817 -3.205 -3.375 -3.565 -2.85
0.0157 -2.195 -2.145 -2.22 -2.413 -2.556 -2.695 -2.334 -2.436 -2.558 -2.7 -2.84 -2.989 -2.431 -2.603 -2.775 -2.896 -3.006 -2.667 -2.809 -2.929 -3.028 -3.197 -2.773 -2.677 -2.83 -3.218 -3.388 -3.578 -2.863
0.0161 -2.208 -2.158 -2.233 -2.426 -2.569 -2.708 -2.347 -2.449 -2.571 -2.713 -2.853 -3.002 -2.444 -2.616 -2.788 -2.909 -3.019 -2.68 -2.822 -2.942 -3.041 -3.21 -2.786 -2.691 -2.843 -3.231 -3.401 -3.591 -2.876
0.0165 -2.221 -2.171 -2.246 -2.439 -2.582 -2.721 -2.36 -2.462 -2.584 -2.726 -2.866 -3.015 -2.457 -2.629 -2.801 -2.922 -3.032 -2.693 -2.836 -2.955 -3.054 -3.223 -2.799 -2.704 -2.856 -3.244 -3.414 -3.604 -2.889
0.0169 -2.234 -2.185 -2.259 -2.452 -2.595 -2.734 -2.373 -2.475 -2.597 -2.739 -2.88 -3.028 -2.47 -2.642 -2.814 -2.935 -3.045 -2.706 -2.849 -2.968 -3.067 -3.236 -2.812 -2.717 -2.869 -3.257 -3.427 -3.617 -2.902
0.0173 -2.247 -2.198 -2.272 -2.465 -2.608 -2.747 -2.386 -2.488 -2.61 -2.752 -2.893 -3.041 -2.483 -2.655 -2.827 -2.948 -3.059 -2.719 -2.862 -2.982 -3.081 -3.249 -2.825 -2.73 -2.883 -3.271 -3.44 -3.63 -2.915
0.0177 -2.26 -2.211 -2.286 -2.479 -2.621 -2.76 -2.399 -2.501 -2.623 -2.765 -2.906 -3.054 -2.496 -2.668 -2.84 -2.961 -3.072 -2.732 -2.875 -2.995 -3.094 -3.262 -2.838 -2.743 -2.896 -3.284 -3.453 -3.643 -2.928
0.0181 -2.273 -2.224 -2.299 -2.492 -2.634 -2.773 -2.412 -2.514 -2.636 -2.778 -2.919 -3.067 -2.509 -2.682 -2.853 -2.974 -3.085 -2.745 -2.888 -3.008 -3.107 -3.275 -2.851 -2.756 -2.909 -3.297 -3.466 -3.656 -2.941
0.0186 -2.286 -2.237 -2.312 -2.505 -2.647 -2.786 -2.425 -2.527 -2.649 -2.791 -2.932 -3.08 -2.522 -2.695 -2.866 -2.987 -3.098 -2.758 -2.901 -3.021 -3.12 -3.288 -2.864 -2.769 -2.922 -3.31 -3.479 -3.669 -2.954
0.019 -2.299 -2.25 -2.325 -2.518 -2.66 -2.799 -2.438 -2.54 -2.663 -2.804 -2.945 -3.093 -2.535 -2.708 -2.879 -3.0 -3.111 -2.771 -2.914 -3.034 -3.133 -3.301 -2.877 -2.782 -2.935 -3.323 -3.492 -3.682 -2.967
0.0195 -2.313 -2.264 -2.339 -2.532 -2.674 -2.813 -2.452 -2.554 -2.676 -2.818 -2.959 -3.107 -2.549 -2.722 -2.893 -3.014 -3.125 -2.785 -2.928 -3.048 -3.147 -3.315 -2.891 -2.796 -2.949 -3.337 -3.506 -3.696 -2.981
0.02 -2.33 -2.28 -2.355 -2.548 -2.691 -2.83 -2.469 -2.571 -2.693 -2.835 -2.975 -3.124 -2.566 -2.738 -2.91 -3.031 -3.141 -2.802 -2.945 -3.064 -3.163 -3.332 -2.908 -2.813 -2.965 -3.353 -3.523 -3.713 -2.998
0.0204 -2.347 -2.297 -2.372 -2.565 -2.707 -2.846 -2.486 -2.587 -2.71 -2.852 -2.992 -3.141 -2.582 -2.755 -2.927 -3.047 -3.158 -2.819 -2.961 -3.081 -3.18 -3.348 -2.924 -2.829 -2.982 -3.37 -3.539 -3.73 -3.015
0.0209 -2.363 -2.314 -2.389 -2.582 -2.724 -2.863 -2.502 -2.604 -2.726 -2.868 -3.009 -3.157 -2.599 -2.771 -2.943 -3.064 -3.175 -2.835 -2.978 -3.098 -3.197 -3.365 -2.941 -2.846 -2.999 -3.387 -3.556 -3.746 -3.031
0.0214 -2.38 -2.33 -2.405 -2.598 -2.741 -2.88 -2.519 -2.621 -2.743 -2.885 -3.025 -3.174 -2.615 -2.788 -2.96 -3.081 -3.191 -2.852 -2.994 -3.114 -3.213 -3.381 -2.958 -2.862 -3.015 -3.403 -3.573 -3.763 -3.048
0.022 -2.396 -2.347 -2.422 -2.615 -2.757 -2.896 -2.535 -2.637 -2.76 -2.901 -3.042 -3.19 -2.632 -2.805 -2.977 -3.097 -3.208 -2.868 -3.011 -3.131 -3.23 -3.398 -2.974 -2.879 -3.032 -3.42 -3.589 -3.779 -3.065
0.0225 -2.413 -2.364 -2.438 -2.631 -2.774 -2.913 -2.552 -2.654 -2.776 -2.918 -3.059 -3.207 -2.649 -2.821 -2.993 -3.114 -3.224 -2.885 -3.028 -3.147 -3.246 -3.415 -2.991 -2.896 -3.048 -3.436 -3.606 -3.796 -3.081
0.023 -2.43 -2.38 -2.455 -2.648 -2.79 -2.93 -2.569 -2.67 -2.793 -2.935 -3.075 -3.224 -2.665 -2.838 -3.01 -3.13 -3.241 -2.902 -3.044 -3.164 -3.263 -3.431 -3.008 -2.912 -3.065 -3.453 -3.622 -3.813 -3.098
0.0236 -2.446 -2.397 -2.472 -2.665 -2.807 -2.946 -2.585 -2.687 -2.809 -2.951 -3.092 -3.24 -2.682 -2.855 -3.026 -3.147 -3.258 -2.918 -3.061 -3.181 -3.28 -3.448 -3.024 -2.929 -3.082 -3.47 -3.639 -3.829 -3.114
0.0242 -2.463 -2.413 -2.488 -2.681 -2.824 -2.963 -2.602 -2.704 -2.826 -2.968 -3.108 -3.257 -2.699 -2.871 -3.043 -3.164 -3.274 -2.935 -3.077 -3.197 -3.296 -3.465 -3.041 -2.946 -3.098 -3.486 -3.656 -3.846 -3.131
0.0247 -2.478 -2.429 -2.504 -2.697 -2.839 -2.978 -2.617 -2.719 -2.841 -2.983 -3.124 -3.272 -2.714 -2.887 -3.058 -3.179 -3.29 -2.95 -3.093 -3.213 -3.312 -3.48 -3.056 -2.961 -3.114 -3.502 -3.671 -3.861 -3.146
0.0253 -2.492 -2.442 -2.517 -2.71 -2.852 -2.991 -2.631 -2.732 -2.855 -2.997 -3.137 -3.286 -2.727 -2.9 -3.072 -3.192 -3.303 -2.964 -3.106 -3.226 -3.325 -3.493 -3.069 -2.974 -3.127 -3.515 -3.684 -3.875 -3.16
0.0259 -2.505 -2.456 -2.53 -2.723 -2.866 -3.005 -2.644 -2.746 -2.868 -3.01 -3.15 -3.299 -2.741 -2.913 -3.085 -3.206 -3.316 -2.977 -3.12 -3.239 -3.338 -3.507 -3.083 -2.988 -3.14 -3.528 -3.698 -3.888 -3.173
0.0266 -2.518 -2.469 -2.544 -2.737 -2.879 -3.018 -2.657 -2.759 -2.882 -3.023 -3.164 -3.312 -2.754 -2.927 -3.098 -3.219 -3.33 -2.99 -3.133 -3.253 -3.352 -3.52 -3.096 -3.001 -3.154 -3.542 -3.711 -3.901 -3.186
0.0272 -2.532 -2.482 -2.557 -2.75 -2.892 -3.032 -2.671 -2.772 -2.895 -3.037 -3.177 -3.326 -2.767 -2.94 -3.112 -3.233 -3.343 -3.004 -3.146 -3.266 -3.365 -3.533 -3.11 -3.014 -3.167 -3.555 -3.724 -3.915 -3.2
0.0279 -2.545 -2.496 -2.57 -2.763 -2.906 -3.045 -2.684 -2.786 -2.908 -3.05 -3.191 -3.339 -2.781 -2.953 -3.125 -3.246 -3.357 -3.017 -3.16 -3.28 -3.379 -3.547 -3.123 -3.028 -3.181 -3.569 -3.738 -3.928 -3.213
0.0285 -2.558 -2.509 -2.584 -2.777 -2.919 -3.058 -2.698 -2.799 -2.922 -3.064 -3.204 -3.353 -2.794 -2.967 -3.139 -3.259 -3.37 -3.031 -3.173 -3.293 -3.392 -3.56 -3.136 -3.041 -3.194 -3.582 -3.751 -3.942 -3.227
0.0292 -2.572 -2.522 -2.597 -2.79 -2.933 -3.072 -2.711 -2.813 -2.935 -3.077 -3.217 -3.366 -2.808 -2.98 -3.152 -3.273 -3.383 -3.044 -3.186 -3.306 -3.405 -3.574 -3.15 -3.055 -3.207 -3.595 -3.765 -3.955 -3.24
0.0299 -2.585 -2.536 -2.611 -2.804 -2.946 -3.085 -2.724 -2.826 -2.948 -3.09 -3.231 -3.379 -2.821 -2.994 -3.165 -3.286 -3.397 -3.057 -3.2 -3.32 -3.419 -3.587 -3.163 -3.068 -3.221 -3.609 -3.778 -3.968 -3.253
0.0307 -2.599 -2.549 -2.624 -2.817 -2.959 -3.098 -2.738 -2.839 -2.962 -3.104 -3.244 -3.393 -2.834 -3.007 -3.179 -3.299 -3.41 -3.071 -3.213 -3.333 -3.432 -3.6 -3.176 -3.081 -3.234 -3.622 -3.791 -3.982 -3.267
0.0314 -2.613 -2.564 -2.639 -2.832 -2.974 -3.113 -2.752 -2.854 -2.977 -3.118 -3.259 -3.408 -2.849 -3.022 -3.194 -3.314 -3.425 -3.085 -3.228 -3.348 -3.447 -3.615 -3.191 -3.096 -3.249 -3.637 -3.806 -3.997 -3.282
0.0322 -2.63 -2.58 -2.655 -2.848 -2.99 -3.129 -2.769 -2.87 -2.993 -3.135 -3.275 -3.424 -2.865 -3.038 -3.21 -3.33 -3.441 -3.102 -3.244 -3.364 -3.463 -3.631 -3.207 -3.112 -3.265 -3.653 -3.822 -4.013 -3.298
0.0329 -2.646 -2.596 -2.671 -2.864 -3.006 -3.145 -2.785 -2.886 -3.009 -3.151 -3.291 -3.44 -2.881 -3.054 -3.226 -3.346 -3.457 -3.118 -3.26 -3.38 -3.479 -3.647 -3.223 -3.128 -3.281 -3.669 -3.838 -4.029 -3.314
0.0337 -2.662 -2.612 -2.687 -2.88 -3.022 -3.162 -2.801 -2.902 -3.025 -3.167 -3.307 -3.456 -2.897 -3.07 -3.242 -3.363 -3.473 -3.134 -3.276 -3.396 -3.495 -3.663 -3.24 -3.144 -3.297 -3.685 -3.854 -4.045 -3.33
0.0345 -2.678 -2.628 -2.703 -2.896 -3.039 -3.178 -2.817 -2.919 -3.041 -3.183 -3.323 -3.472 -2.914 -3.086 -3.258 -3.379 -3.489 -3.15 -3.292 -3.412 -3.511 -3.68 -3.256 -3.16 -3.313 -3.701 -3.871 -4.061 -3.346
0.0354 -2.694 -2.644 -2.719 -2.912 -3.055 -3.194 -2.833 -2.935 -3.057 -3.199 -3.339 -3.488 -2.93 -3.102 -3.274 -3.395 -3.505 -3.166 -3.309 -3.428 -3.527 -3.696 -3.272 -3.177 -3.329 -3.717 -3.887 -4.077 -3.362
0.0362 -2.71 -2.661 -2.735 -2.928 -3.071 -3.21 -2.849 -2.951 -3.073 -3.215 -3.356 -3.504 -2.946 -3.118 -3.29 -3.411 -3.521 -3.182 -3.325 -3.444 -3.543 -3.712 -3.288 -3.193 -3.345 -3.733 -3.903 -4.093 -3.378
0.0371 -2.726 -2.677 -2.752 -2.944 -3.087 -3.226 -2.865 -2.967 -3.089 -3.231 -3.372 -3.52 -2.962 -3.134 -3.306 -3.427 -3.538 -3.198 -3.341 -3.461 -3.56 -3.728 -3.304 -3.209 -3.362 -3.75 -3.919 -4.109 -3.394
0.038 -2.742 -2.693 -2.768 -2.961 -3.103 -3.242 -2.881 -2.983 -3.105 -3.247 -3.388 -3.536 -2.978 -3.15 -3.322 -3.443 -3.554 -3.214 -3.357 -3.477 -3.576 -3.744 -3.32 -3.225 -3.378 -3.766 -3.935 -4.125 -3.41
0.0389 -2.758 -2.709 -2.784 -2.977 -3.119 -3.258 -2.897 -2.999 -3.121 -3.263 -3.404 -3.552 -2.994 -3.167 -3.338 -3.459 -3.57 -3.23 -3.373 -3.493 -3.592 -3.76 -3.336 -3.241 -3.394 -3.782 -3.951 -4.141 -3.426
0.0398 -2.772 -2.723 -2.797 -2.99 -3.133 -3.272 -2.911 -3.013 -3.135 -3.277 -3.418 -3.566 -3.008 -3.18 -3.352 -3.473 -3.583 -3.244 -3.387 -3.506 -3.605 -3.774 -3.35 -3.255 -3.407 -3.795 -3.965 -4.155 -3.44
0.0408 -2.784 -2.735 -2.81 -3.003 -3.145 -3.284 -2.924 -3.025 -3.148 -3.29 -3.43 -3.579 -3.02 -3.193 -3.365 -3.485 -3.596 -3.257 -3.399 -3.519 -3.618 -3.786 -3.362 -3.267 -3.42 -3.808 -3.977 -4.168 -3.453
0.0418 -2.797 -2.748 -2.822 -3.015 -3.158 -3.297 -2.936 -3.038 -3.16 -3.302 -3.443 -3.591 -3.033 -3.205 -3.377 -3.498 -3.608 -3.269 -3.412 -3.531 -3.63 -3.799 -3.375 -3.28 -3.432 -3.82 -3.99 -4.18 -3.465
0.0428 -2.81 -2.76 -2.835 -3.028 -3.17 -3.309 -2.949 -3.05 -3.173 -3.315 -3.455 -3.604 -3.045 -3.218 -3.39 -3.51 -3.621 -3.282 -3.424 -3.544 -3.643 -3.811 -3.387 -3.292 -3.445 -3.833 -4.002 -4.193 -3.478
0.0438 -2.822 -2.773 -2.847 -3.04 -3.183 -3.322 -2.961 -3.063 -3.185 -3.327 -3.468 -3.616 -3.058 -3.23 -3.402 -3.523 -3.634 -3.294 -3.437 -3.556 -3.656 -3.824 -3.4 -3.305 -3.458 -3.845 -4.015 -4.205 -3.49
0.0449 -2.835 -2.785 -2.86 -3.053 -3.195 -3.334 -2.974 -3.075 -3.198 -3.34 -3.48 -3.629 -3.07 -3.243 -3.415 -3.535 -3.646 -3.307 -3.449 -3.569 -3.668 -3.836 -3.412 -3.317 -3.47 -3.858 -4.027 -4.218 -3.503
0.046 -2.847 -2.798 -2.872 -3.065 -3.208 -3.347 -2.986 -3.088 -3.21 -3.352 -3.493 -3.641 -3.083 -3.255 -3.427 -3.548 -3.659 -3.319 -3.462 -3.582 -3.681 -3.849 -3.425 -3.33 -3.483 -3.871 -4.04 -4.23 -3.515
0.0471 -2.86 -2.81 -2.885 -3.078 -3.22 -3.359 -2.999 -3.1 -3.223 -3.365 -3.505 -3.654 -3.095 -3.268 -3.44 -3.56 -3.671 -3.332 -3.474 -3.594 -3.693 -3.861 -3.437 -3.342 -3.495 -3.883 -4.052 -4.243 -3.528
0.0482 -2.872 -2.823 -2.898 -3.09 -3.233 -3.372 -3.011 -3.113 -3.235 -3.377 -3.518 -3.666 -3.108 -3.28 -3.452 -3.573 -3.684 -3.344 -3.487 -3.607 -3.706 -3.874 -3.45 -3.355 -3.508 -3.896 -4.065 -4.255 -3.54
0.0494 -2.885 -2.835 -2.91 -3.103 -3.245 -3.385 -3.024 -3.125 -3.248 -3.39 -3.53 -3.679 -3.12 -3.293 -3.465 -3.585 -3.696 -3.357 -3.499 -3.619 -3.718 -3.886 -3.463 -3.367 -3.52 -3.908 -4.077 -4.268 -3.553
0.0506 -2.893 -2.843 -2.918 -3.111 -3.254 -3.393 -3.032 -3.134 -3.256 -3.398 -3.538 -3.687 -3.129 -3.301 -3.473 -3.594 -3.704 -3.365 -3.507 -3.627 -3.726 -3.895 -3.471 -3.376 -3.528 -3.916 -4.086 -4.276 -3.561
0.0518 -2.9 -2.851 -2.925 -3.118 -3.261 -3.4 -3.039 -3.141 -3.263 -3.405 -3.546 -3.694 -3.136 -3.308 -3.48 -3.601 -3.712 -3.372 -3.515 -3.634 -3.733 -3.902 -3.478 -3.383 -3.536 -3.923 -4.093 -4.283 -3.568
0.053 -2.907 -2.858 -2.933 -3.126 -3.268 -3.407 -3.046 -3.148 -3.27 -3.412 -3.553 -3.701 -3.143 -3.316 -3.487 -3.608 -3.719 -3.379 -3.522 -3.642 -3.741 -3.909 -3.485 -3.39 -3.543 -3.931 -4.1 -4.29 -3.575
0.0543 -2.914 -2.865 -2.94 -3.133 -3.275 -3.414 -3.054 -3.155 -3.278 -3.42 -3.56 -3.709 -3.15 -3.323 -3.495 -3.615 -3.726 -3.387 -3.529 -3.649 -3.748 -3.916 -3.492 -3.397 -3.55 -3.938 -4.107 -4.298 -3.583
0.0556 -2.922 -2.872 -2.947 -3.14 -3.282 -3.422 -3.061 -3.162 -3.285 -3.427 -3.567 -3.716 -3.157 -3.33 -3.502 -3.623 -3.733 -3.394 -3.536 -3.656 -3.755 -3.923 -3.5 -3.404 -3.557 -3.945 -4.114 -4.305 -3.59
0.057 -2.929 -2.879 -2.954 -3.147 -3.29 -3.429 -3.068 -3.17 -3.292 -3.434 -3.574 -3.723 -3.165 -3.337 -3.509 -3.63 -3.74 -3.401 -3.543 -3.663 -3.762 -3.931 -3.507 -3.412 -3.564 -3.952 -4.122 -4.312 -3.597
0.0584 -2.936 -2.887 -2.961 -3.154 -3.297 -3.436 -3.075 -3.177 -3.299 -3.441 -3.582 -3.73 -3.172 -3.344 -3.516 -3.637 -3.748 -3.408 -3.551 -3.671 -3.77 -3.938 -3.514 -3.419 -3.572 -3.96 -4.129 -4.319 -3.604
0.0598 -2.943 -2.894 -2.969 -3.162 -3.304 -3.443 -3.082 -3.184 -3.306 -3.448 -3.589 -3.737 -3.179 -3.352 -3.523 -3.644 -3.755 -3.415 -3.558 -3.678 -3.777 -3.945 -3.521 -3.426 -3.579 -3.967 -4.136 -4.326 -3.611
0.0612 -2.951 -2.901 -2.976 -3.169 -3.311 -3.45 -3.09 -3.191 -3.314 -3.456 -3.596 -3.745 -3.186 -3.359 -3.531 -3.651 -3.762 -3.423 -3.565 -3.685 -3.784 -3.952 -3.528 -3.433 -3.586 -3.974 -4.143 -4.334 -3.619
