web/models/kne.last_good/kappa_1_10/26/villar_0.0052_0.3277_1.0000.dat
# %ECSV 1.0
# ---
# datatype:
# - {name: time, datatype: float64}
# - {name: swift_uvot_uvw2, datatype: float64}
# - {name: swift_uvot_uvm2, datatype: float64}
# - {name: swift_uvot_uvw1, datatype: float64}
# - {name: swift_uvot_U, datatype: float64}
# - {name: swift_uvot_B, datatype: float64}
# - {name: swift_uvot_V, datatype: float64}
# - {name: swift_uvot_W, datatype: float64}
# - {name: johnson_U, datatype: float64}
# - {name: johnson_B, datatype: float64}
# - {name: johnson_V, datatype: float64}
# - {name: johnson_R, datatype: float64}
# - {name: johnson_I, datatype: float64}
# - {name: sdss_u, datatype: float64}
# - {name: sdss_g, datatype: float64}
# - {name: sdss_r, datatype: float64}
# - {name: sdss_i, datatype: float64}
# - {name: sdss_z, datatype: float64}
# - {name: PS1_g, datatype: float64}
# - {name: PS1_r, datatype: float64}
# - {name: PS1_i, datatype: float64}
# - {name: PS1_z, datatype: float64}
# - {name: PS1_Y, datatype: float64}
# - {name: PS1_w, datatype: float64}
# - {name: ATLAS_c, datatype: float64}
# - {name: ATLAS_o, datatype: float64}
# - {name: ukirt_J, datatype: float64}
# - {name: ukirt_H, datatype: float64}
# - {name: ukirt_K, datatype: float64}
# - {name: Clear, datatype: float64}
# meta: !!omap
# - comment: [kappa = 1.0, type = villar, mass = 0.005244756555828381, velocity = 0.32766666666666666, theta_obs = 0.0]
# schema: astropy-2.0
time swift_uvot_uvw2 swift_uvot_uvm2 swift_uvot_uvw1 swift_uvot_U swift_uvot_B swift_uvot_V swift_uvot_W johnson_U johnson_B johnson_V johnson_R johnson_I sdss_u sdss_g sdss_r sdss_i sdss_z PS1_g PS1_r PS1_i PS1_z PS1_Y PS1_w ATLAS_c ATLAS_o ukirt_J ukirt_H ukirt_K Clear
[from data line 78]
0.010217 -9.963 -10.01 -10.019 -9.952 -9.764 -9.508 -9.905 -9.928 -9.76 -9.499 -9.196 -8.822 -9.934 -9.685 -9.337 -9.051 -8.767 -9.669 -9.355 -9.071 -8.867 -8.799 -9.367 -9.55 -9.218 -8.17 -7.666 -7.07 -9.416
0.010526 -9.993 -10.043 -10.055 -9.994 -9.809 -9.556 -9.943 -9.971 -9.806 -9.547 -9.245 -8.873 -9.977 -9.731 -9.386 -9.101 -8.818 -9.715 -9.404 -9.121 -8.917 -8.848 -9.415 -9.597 -9.268 -8.223 -7.719 -7.124 -9.464
0.010845 -10.022 -10.076 -10.09 -10.036 -9.855 -9.604 -9.98 -10.013 -9.851 -9.595 -9.294 -8.923 -10.02 -9.777 -9.435 -9.151 -8.869 -9.761 -9.452 -9.171 -8.967 -8.898 -9.463 -9.644 -9.317 -8.275 -7.772 -7.178 -9.512
0.011173 -10.05 -10.109 -10.126 -10.078 -9.9 -9.651 -10.017 -10.056 -9.896 -9.642 -9.344 -8.974 -10.062 -9.823 -9.483 -9.201 -8.92 -9.807 -9.501 -9.221 -9.018 -8.947 -9.511 -9.691 -9.366 -8.327 -7.825 -7.232 -9.559
0.011511 -10.079 -10.141 -10.161 -10.12 -9.945 -9.699 -10.054 -10.098 -9.941 -9.69 -9.393 -9.025 -10.104 -9.869 -9.532 -9.251 -8.97 -9.853 -9.549 -9.27 -9.068 -8.997 -9.559 -9.738 -9.415 -8.38 -7.878 -7.285 -9.606
0.011859 -10.106 -10.172 -10.195 -10.161 -9.989 -9.746 -10.091 -10.14 -9.986 -9.737 -9.442 -9.075 -10.146 -9.914 -9.58 -9.301 -9.021 -9.899 -9.597 -9.32 -9.118 -9.046 -9.607 -9.785 -9.464 -8.432 -7.931 -7.339 -9.653
0.012217 -10.134 -10.203 -10.23 -10.202 -10.034 -9.793 -10.127 -10.182 -10.031 -9.784 -9.491 -9.126 -10.188 -9.96 -9.628 -9.35 -9.072 -9.945 -9.645 -9.369 -9.167 -9.095 -9.654 -9.831 -9.513 -8.484 -7.984 -7.393 -9.7
0.012587 -10.161 -10.234 -10.264 -10.243 -10.078 -9.84 -10.163 -10.223 -10.075 -9.831 -9.539 -9.176 -10.229 -10.005 -9.676 -9.4 -9.122 -9.99 -9.693 -9.418 -9.217 -9.144 -9.702 -9.878 -9.561 -8.536 -8.037 -7.446 -9.747
0.012968 -10.188 -10.265 -10.298 -10.284 -10.123 -9.887 -10.199 -10.265 -10.119 -9.878 -9.588 -9.226 -10.27 -10.05 -9.724 -9.449 -9.173 -10.035 -9.74 -9.467 -9.267 -9.193 -9.749 -9.924 -9.61 -8.588 -8.09 -7.5 -9.794
0.01336 -10.214 -10.295 -10.331 -10.325 -10.167 -9.933 -10.234 -10.306 -10.163 -9.924 -9.637 -9.276 -10.311 -10.095 -9.772 -9.499 -9.223 -10.08 -9.788 -9.516 -9.316 -9.242 -9.796 -9.97 -9.658 -8.64 -8.143 -7.553 -9.841
0.013764 -10.24 -10.325 -10.364 -10.365 -10.21 -9.98 -10.27 -10.347 -10.207 -9.971 -9.685 -9.326 -10.352 -10.14 -9.82 -9.548 -9.274 -10.125 -9.836 -9.565 -9.366 -9.291 -9.843 -10.016 -9.707 -8.692 -8.195 -7.606 -9.887
0.01418 -10.265 -10.354 -10.397 -10.405 -10.254 -10.026 -10.305 -10.387 -10.251 -10.017 -9.733 -9.376 -10.393 -10.184 -9.867 -9.597 -9.324 -10.17 -9.883 -9.614 -9.415 -9.34 -9.89 -10.062 -9.755 -8.743 -8.248 -7.66 -9.933
0.014609 -10.291 -10.383 -10.43 -10.445 -10.298 -10.072 -10.339 -10.428 -10.294 -10.064 -9.781 -9.426 -10.433 -10.229 -9.915 -9.646 -9.374 -10.215 -9.93 -9.663 -9.465 -9.389 -9.937 -10.108 -9.803 -8.795 -8.301 -7.713 -9.98
0.015051 -10.315 -10.412 -10.462 -10.484 -10.341 -10.118 -10.374 -10.468 -10.337 -10.11 -9.83 -9.476 -10.473 -10.273 -9.962 -9.695 -9.424 -10.259 -9.977 -9.711 -9.514 -9.437 -9.984 -10.153 -9.851 -8.847 -8.353 -7.766 -10.026
0.015506 -10.34 -10.44 -10.494 -10.523 -10.384 -10.164 -10.408 -10.508 -10.381 -10.156 -9.877 -9.526 -10.513 -10.317 -10.009 -9.744 -9.474 -10.304 -10.024 -9.76 -9.563 -9.486 -10.03 -10.198 -9.899 -8.898 -8.406 -7.819 -10.072
0.015975 -10.364 -10.468 -10.525 -10.562 -10.427 -10.21 -10.442 -10.548 -10.423 -10.202 -9.925 -9.575 -10.553 -10.361 -10.056 -9.792 -9.524 -10.348 -10.071 -9.808 -9.612 -9.535 -10.077 -10.244 -9.946 -8.95 -8.458 -7.872 -10.117
0.016458 -10.387 -10.495 -10.556 -10.601 -10.47 -10.256 -10.476 -10.587 -10.466 -10.247 -9.973 -9.625 -10.592 -10.405 -10.103 -9.841 -9.573 -10.392 -10.118 -9.856 -9.661 -9.583 -10.123 -10.289 -9.994 -9.001 -8.51 -7.925 -10.163
0.016956 -10.41 -10.523 -10.587 -10.64 -10.512 -10.301 -10.51 -10.626 -10.509 -10.293 -10.021 -9.674 -10.631 -10.448 -10.15 -9.889 -9.623 -10.435 -10.164 -9.904 -9.71 -9.632 -10.169 -10.333 -10.041 -9.052 -8.562 -7.978 -10.208
0.017469 -10.433 -10.549 -10.618 -10.678 -10.554 -10.347 -10.543 -10.665 -10.551 -10.338 -10.068 -9.723 -10.67 -10.491 -10.197 -9.937 -9.672 -10.479 -10.211 -9.953 -9.759 -9.68 -10.215 -10.378 -10.089 -9.104 -8.615 -8.031 -10.254
0.017997 -10.455 -10.576 -10.648 -10.716 -10.597 -10.392 -10.576 -10.704 -10.593 -10.383 -10.115 -9.773 -10.709 -10.535 -10.243 -9.986 -9.722 -10.523 -10.257 -10.0 -9.807 -9.728 -10.261 -10.423 -10.136 -9.155 -8.667 -8.084 -10.299
0.018541 -10.477 -10.601 -10.678 -10.754 -10.638 -10.437 -10.609 -10.743 -10.635 -10.429 -10.163 -9.822 -10.747 -10.578 -10.29 -10.034 -9.771 -10.566 -10.303 -10.048 -9.856 -9.777 -10.306 -10.467 -10.183 -9.206 -8.719 -8.137 -10.344
0.019102 -10.498 -10.627 -10.707 -10.792 -10.68 -10.482 -10.641 -10.781 -10.677 -10.473 -10.21 -9.871 -10.785 -10.62 -10.336 -10.082 -9.82 -10.609 -10.349 -10.096 -9.905 -9.825 -10.352 -10.511 -10.23 -9.257 -8.771 -8.19 -10.389
0.01968 -10.519 -10.652 -10.737 -10.829 -10.722 -10.526 -10.674 -10.819 -10.719 -10.518 -10.257 -9.919 -10.823 -10.663 -10.382 -10.13 -9.87 -10.652 -10.395 -10.144 -9.953 -9.873 -10.397 -10.555 -10.277 -9.308 -8.823 -8.243 -10.433
0.020275 -10.54 -10.677 -10.765 -10.866 -10.763 -10.571 -10.706 -10.857 -10.76 -10.563 -10.303 -9.968 -10.861 -10.706 -10.428 -10.178 -9.919 -10.695 -10.441 -10.191 -10.001 -9.921 -10.443 -10.599 -10.323 -9.359 -8.875 -8.296 -10.478
0.020888 -10.56 -10.701 -10.794 -10.903 -10.804 -10.615 -10.737 -10.894 -10.801 -10.607 -10.35 -10.017 -10.898 -10.748 -10.474 -10.225 -9.968 -10.737 -10.487 -10.239 -10.05 -9.969 -10.488 -10.643 -10.37 -9.41 -8.927 -8.348 -10.522
0.02152 -10.579 -10.725 -10.822 -10.939 -10.845 -10.66 -10.769 -10.932 -10.842 -10.652 -10.397 -10.066 -10.936 -10.79 -10.52 -10.273 -10.017 -10.78 -10.532 -10.286 -10.098 -10.017 -10.533 -10.687 -10.416 -9.461 -8.978 -8.401 -10.567
0.022171 -10.599 -10.748 -10.85 -10.976 -10.886 -10.704 -10.8 -10.969 -10.883 -10.696 -10.443 -10.114 -10.973 -10.832 -10.565 -10.32 -10.065 -10.822 -10.578 -10.333 -10.146 -10.065 -10.578 -10.73 -10.463 -9.511 -9.03 -8.453 -10.611
0.022841 -10.617 -10.771 -10.877 -11.012 -10.927 -10.748 -10.831 -11.005 -10.923 -10.74 -10.489 -10.162 -11.009 -10.874 -10.611 -10.367 -10.114 -10.864 -10.623 -10.38 -10.194 -10.113 -10.622 -10.773 -10.509 -9.562 -9.082 -8.506 -10.655
0.023532 -10.636 -10.794 -10.904 -11.047 -10.967 -10.791 -10.862 -11.042 -10.964 -10.784 -10.536 -10.211 -11.046 -10.915 -10.656 -10.415 -10.163 -10.906 -10.668 -10.427 -10.242 -10.16 -10.667 -10.816 -10.555 -9.612 -9.133 -8.558 -10.699
0.024244 -10.654 -10.816 -10.931 -11.083 -11.007 -10.835 -10.892 -11.078 -11.004 -10.827 -10.582 -10.259 -11.082 -10.956 -10.701 -10.462 -10.211 -10.948 -10.713 -10.474 -10.29 -10.208 -10.711 -10.859 -10.601 -9.663 -9.185 -8.611 -10.742
0.024977 -10.671 -10.837 -10.957 -11.118 -11.047 -10.878 -10.923 -11.114 -11.044 -10.871 -10.628 -10.307 -11.118 -10.998 -10.746 -10.509 -10.259 -10.989 -10.758 -10.521 -10.337 -10.255 -10.755 -10.902 -10.647 -9.713 -9.236 -8.663 -10.786
0.025733 -10.688 -10.859 -10.983 -11.153 -11.087 -10.922 -10.953 -11.15 -11.083 -10.914 -10.673 -10.355 -11.153 -11.038 -10.791 -10.556 -10.308 -11.03 -10.803 -10.568 -10.385 -10.303 -10.799 -10.944 -10.692 -9.764 -9.288 -8.716 -10.829
0.026511 -10.704 -10.879 -11.008 -11.187 -11.126 -10.965 -10.982 -11.185 -11.123 -10.957 -10.719 -10.403 -11.188 -11.079 -10.836 -10.602 -10.356 -11.071 -10.847 -10.614 -10.432 -10.35 -10.843 -10.987 -10.738 -9.814 -9.339 -8.768 -10.872
0.027313 -10.72 -10.9 -11.034 -11.222 -11.165 -11.008 -11.012 -11.221 -11.162 -11.0 -10.765 -10.451 -11.224 -11.12 -10.88 -10.649 -10.404 -11.112 -10.892 -10.661 -10.48 -10.398 -10.887 -11.029 -10.783 -9.864 -9.391 -8.82 -10.915
0.028139 -10.736 -10.919 -11.058 -11.256 -11.204 -11.051 -11.041 -11.255 -11.201 -11.043 -10.81 -10.498 -11.258 -11.16 -10.925 -10.695 -10.452 -11.153 -10.936 -10.707 -10.527 -10.445 -10.931 -11.071 -10.828 -9.914 -9.442 -8.872 -10.958
0.02899 -10.751 -10.939 -11.083 -11.289 -11.243 -11.093 -11.07 -11.29 -11.24 -11.086 -10.855 -10.546 -11.293 -11.2 -10.969 -10.742 -10.5 -11.194 -10.98 -10.753 -10.574 -10.492 -10.974 -11.113 -10.873 -9.964 -9.493 -8.925 -11.001
0.029867 -10.765 -10.958 -11.107 -11.323 -11.282 -11.136 -11.098 -11.324 -11.279 -11.128 -10.901 -10.593 -11.327 -11.24 -11.013 -10.788 -10.548 -11.234 -11.024 -10.799 -10.622 -10.539 -11.017 -11.154 -10.918 -10.014 -9.544 -8.977 -11.044
0.03077 -10.779 -10.976 -11.13 -11.356 -11.32 -11.178 -11.127 -11.358 -11.317 -11.17 -10.945 -10.641 -11.361 -11.28 -11.057 -10.834 -10.595 -11.274 -11.068 -10.845 -10.669 -10.586 -11.061 -11.196 -10.963 -10.064 -9.595 -9.029 -11.086
0.031701 -10.793 -10.994 -11.153 -11.389 -11.358 -11.22 -11.155 -11.392 -11.355 -11.212 -10.99 -10.688 -11.394 -11.319 -11.101 -10.88 -10.643 -11.314 -11.111 -10.891 -10.715 -10.633 -11.103 -11.237 -11.008 -10.114 -9.646 -9.081 -11.128
0.032659 -10.806 -11.011 -11.176 -11.421 -11.396 -11.262 -11.183 -11.426 -11.393 -11.254 -11.035 -10.735 -11.428 -11.358 -11.144 -10.926 -10.69 -11.354 -11.155 -10.937 -10.762 -10.68 -11.146 -11.278 -11.052 -10.164 -9.697 -9.133 -11.17
0.033647 -10.818 -11.028 -11.198 -11.454 -11.433 -11.303 -11.21 -11.459 -11.431 -11.296 -11.08 -10.782 -11.461 -11.397 -11.188 -10.972 -10.738 -11.393 -11.198 -10.982 -10.809 -10.727 -11.189 -11.319 -11.097 -10.213 -9.748 -9.185 -11.212
0.034665 -10.83 -11.045 -11.22 -11.485 -11.471 -11.345 -11.237 -11.492 -11.468 -11.338 -11.124 -10.829 -11.493 -11.436 -11.231 -11.017 -10.785 -11.432 -11.241 -11.028 -10.856 -10.774 -11.231 -11.36 -11.141 -10.263 -9.799 -9.236 -11.254
0.035713 -10.842 -11.06 -11.242 -11.517 -11.508 -11.386 -11.264 -11.524 -11.505 -11.379 -11.168 -10.876 -11.526 -11.475 -11.274 -11.063 -10.832 -11.471 -11.284 -11.073 -10.902 -10.82 -11.274 -11.4 -11.185 -10.312 -9.85 -9.288 -11.295
0.036793 -10.853 -11.076 -11.263 -11.548 -11.545 -11.427 -11.291 -11.556 -11.542 -11.42 -11.212 -10.922 -11.558 -11.513 -11.317 -11.108 -10.879 -11.51 -11.327 -11.118 -10.949 -10.867 -11.316 -11.441 -11.229 -10.362 -9.9 -9.34 -11.337
0.037906 -10.863 -11.091 -11.284 -11.579 -11.581 -11.468 -11.318 -11.588 -11.579 -11.461 -11.256 -10.969 -11.589 -11.551 -11.36 -11.153 -10.926 -11.549 -11.37 -11.163 -10.995 -10.913 -11.358 -11.481 -11.273 -10.411 -9.951 -9.392 -11.378
0.039052 -10.873 -11.105 -11.304 -11.61 -11.618 -11.509 -11.344 -11.62 -11.615 -11.502 -11.3 -11.015 -11.621 -11.589 -11.403 -11.198 -10.973 -11.587 -11.412 -11.208 -11.041 -10.96 -11.399 -11.521 -11.316 -10.46 -10.002 -9.443 -11.419
0.040234 -10.883 -11.119 -11.323 -11.64 -11.654 -11.549 -11.37 -11.651 -11.651 -11.542 -11.344 -11.061 -11.652 -11.627 -11.445 -11.243 -11.019 -11.626 -11.455 -11.253 -11.087 -11.006 -11.441 -11.56 -11.36 -10.51 -10.052 -9.495 -11.459
0.04145 -10.891 -11.132 -11.343 -11.67 -11.69 -11.589 -11.395 -11.682 -11.687 -11.583 -11.387 -11.108 -11.683 -11.664 -11.487 -11.288 -11.066 -11.663 -11.497 -11.297 -11.133 -11.052 -11.482 -11.6 -11.403 -10.559 -10.103 -9.547 -11.5
0.042704 -10.9 -11.145 -11.361 -11.699 -11.725 -11.63 -11.42 -11.713 -11.723 -11.623 -11.43 -11.154 -11.713 -11.701 -11.529 -11.333 -11.112 -11.701 -11.539 -11.342 -11.179 -11.098 -11.524 -11.639 -11.446 -10.608 -10.153 -9.598 -11.54
0.043996 -10.907 -11.157 -11.38 -11.729 -11.761 -11.669 -11.445 -11.743 -11.758 -11.663 -11.474 -11.2 -11.743 -11.738 -11.571 -11.377 -11.159 -11.739 -11.581 -11.386 -11.224 -11.144 -11.565 -11.678 -11.489 -10.656 -10.203 -9.649 -11.581
0.045326 -10.915 -11.168 -11.398 -11.757 -11.796 -11.709 -11.47 -11.773 -11.793 -11.703 -11.517 -11.245 -11.773 -11.775 -11.613 -11.421 -11.205 -11.776 -11.622 -11.43 -11.27 -11.19 -11.605 -11.717 -11.532 -10.705 -10.253 -9.701 -11.621
0.046697 -10.921 -11.179 -11.415 -11.786 -11.83 -11.748 -11.494 -11.802 -11.828 -11.742 -11.559 -11.291 -11.802 -11.811 -11.654 -11.465 -11.251 -11.813 -11.664 -11.474 -11.315 -11.236 -11.646 -11.755 -11.574 -10.754 -10.304 -9.752 -11.66
0.048109 -10.927 -11.189 -11.432 -11.814 -11.865 -11.788 -11.519 -11.832 -11.862 -11.781 -11.602 -11.336 -11.831 -11.847 -11.696 -11.51 -11.297 -11.849 -11.705 -11.518 -11.361 -11.281 -11.687 -11.794 -11.617 -10.803 -10.354 -9.803 -11.7
0.049564 -10.933 -11.199 -11.448 -11.842 -11.899 -11.827 -11.542 -11.86 -11.897 -11.821 -11.645 -11.382 -11.86 -11.883 -11.737 -11.553 -11.343 -11.886 -11.746 -11.562 -11.406 -11.327 -11.727 -11.832 -11.659 -10.851 -10.404 -9.855 -11.739
0.051063 -10.937 -11.208 -11.464 -11.869 -11.933 -11.865 -11.566 -11.889 -11.93 -11.859 -11.687 -11.427 -11.888 -11.919 -11.778 -11.597 -11.388 -11.922 -11.787 -11.606 -11.451 -11.372 -11.767 -11.869 -11.701 -10.9 -10.454 -9.906 -11.779
0.052608 -10.942 -11.217 -11.48 -11.896 -11.966 -11.904 -11.589 -11.917 -11.964 -11.898 -11.729 -11.472 -11.916 -11.954 -11.819 -11.641 -11.434 -11.958 -11.827 -11.649 -11.496 -11.418 -11.807 -11.907 -11.743 -10.948 -10.504 -9.957 -11.818
0.054199 -10.945 -11.225 -11.495 -11.922 -11.999 -11.942 -11.612 -11.945 -11.997 -11.936 -11.771 -11.517 -11.943 -11.989 -11.859 -11.684 -11.479 -11.994 -11.868 -11.692 -11.541 -11.463 -11.846 -11.944 -11.785 -10.996 -10.553 -10.008 -11.856
0.055838 -10.948 -11.232 -11.509 -11.949 -12.032 -11.98 -11.634 -11.972 -12.03 -11.975 -11.813 -11.562 -11.97 -12.024 -11.899 -11.727 -11.524 -12.029 -11.908 -11.736 -11.585 -11.508 -11.886 -11.982 -11.826 -11.044 -10.603 -10.059 -11.895
0.057527 -10.951 -11.239 -11.523 -11.974 -12.065 -12.018 -11.657 -11.999 -12.063 -12.012 -11.854 -11.607 -11.997 -12.058 -11.94 -11.77 -11.57 -12.064 -11.948 -11.778 -11.63 -11.553 -11.925 -12.018 -11.868 -11.092 -10.653 -10.11 -11.933
0.059267 -10.952 -11.245 -11.536 -12.0 -12.097 -12.056 -11.679 -12.025 -12.095 -12.05 -11.895 -11.651 -12.023 -12.092 -11.979 -11.813 -11.615 -12.099 -11.988 -11.821 -11.674 -11.598 -11.964 -12.055 -11.909 -11.14 -10.702 -10.161 -11.971
0.061059 -10.953 -11.25 -11.549 -12.024 -12.129 -12.093 -11.7 -12.052 -12.127 -12.087 -11.937 -11.696 -12.049 -12.126 -12.019 -11.856 -11.659 -12.134 -12.028 -11.864 -11.719 -11.643 -12.003 -12.091 -11.95 -11.188 -10.752 -10.212 -12.009
0.062906 -10.954 -11.255 -11.561 -12.049 -12.161 -12.13 -11.721 -12.077 -12.159 -12.125 -11.978 -11.74 -12.074 -12.16 -12.059 -11.898 -11.704 -12.168 -12.067 -11.906 -11.763 -11.688 -12.041 -12.127 -11.99 -11.236 -10.801 -10.262 -12.047
0.064808 -10.954 -11.259 -11.573 -12.073 -12.192 -12.167 -11.742 -12.103 -12.19 -12.161 -12.018 -11.784 -12.099 -12.193 -12.098 -11.94 -11.748 -12.202 -12.106 -11.948 -11.807 -11.732 -12.079 -12.163 -12.031 -11.284 -10.85 -10.313 -12.084
0.066769 -10.953 -11.262 -11.584 -12.096 -12.223 -12.203 -11.763 -12.127 -12.221 -12.198 -12.059 -11.828 -12.124 -12.226 -12.137 -11.983 -11.793 -12.235 -12.145 -11.991 -11.85 -11.776 -12.118 -12.199 -12.071 -11.331 -10.9 -10.364 -12.121
0.068788 -10.951 -11.265 -11.595 -12.119 -12.254 -12.239 -11.783 -12.152 -12.252 -12.234 -12.099 -11.871 -12.148 -12.259 -12.176 -12.024 -11.837 -12.269 -12.184 -12.032 -11.894 -11.821 -12.155 -12.234 -12.111 -11.379 -10.949 -10.414 -12.158
0.070868 -10.949 -11.267 -11.605 -12.142 -12.284 -12.275 -11.803 -12.176 -12.282 -12.27 -12.139 -11.915 -12.172 -12.291 -12.214 -12.066 -11.881 -12.302 -12.222 -12.074 -11.937 -11.865 -12.193 -12.269 -12.151 -11.426 -10.998 -10.465 -12.195
0.073012 -10.946 -11.268 -11.614 -12.164 -12.314 -12.311 -11.823 -12.199 -12.312 -12.306 -12.179 -11.958 -12.195 -12.323 -12.252 -12.108 -11.925 -12.335 -12.26 -12.116 -11.981 -11.909 -12.23 -12.304 -12.191 -11.473 -11.047 -10.515 -12.231
0.07522 -10.942 -11.268 -11.623 -12.186 -12.343 -12.346 -11.842 -12.222 -12.342 -12.342 -12.219 -12.002 -12.218 -12.354 -12.29 -12.149 -11.969 -12.367 -12.298 -12.157 -12.024 -11.953 -12.267 -12.338 -12.23 -11.52 -11.096 -10.565 -12.268
