web/models/kne/23/Metzger_0.001902_0.192069_0.450000.dat
# %ECSV 0.9
# ---
# datatype:
# - {name: time, datatype: float64}
# - {name: sdss_u, datatype: float64}
# - {name: sdss_g, datatype: float64}
# - {name: sdss_r, datatype: float64}
# - {name: sdss_i, datatype: float64}
# - {name: sdss_z, datatype: float64}
# - {name: PS1_y, datatype: float64}
# - {name: ukirt_J, datatype: float64}
# - {name: ukirt_H, datatype: float64}
# - {name: ukirt_K, datatype: float64}
# - {name: johnson_U, datatype: float64}
# - {name: johnson_B, datatype: float64}
# - {name: johnson_V, datatype: float64}
# - {name: johnson_R, datatype: float64}
# - {name: johnson_I, datatype: float64}
# - {name: Clear, datatype: float64}
# meta: !!omap
# - comment: [vej = 0.19206896551724137, mej = 0.0019019705740394193, Ye = 0.45, redshift = 0.0]
# schema: astropy-2.0
time sdss_u sdss_g sdss_r sdss_i sdss_z PS1_y ukirt_J ukirt_H ukirt_K johnson_U johnson_B johnson_V johnson_R johnson_I Clear
[from data line 1523]
76.250000 600.120940 438.403890 335.924083 270.609580 230.651213 205.597319 154.691696 109.200308 79.120390 580.741025 483.501408 378.963401 323.442457 226.621538 331.818392
76.300000 600.504684 438.688221 336.145296 270.790484 230.807411 205.738001 154.800770 109.280993 79.182174 581.112864 483.813480 379.211138 323.655972 226.775241 332.037073
76.350000 600.888416 438.972543 336.366502 270.971383 230.963603 205.878678 154.909842 109.361677 79.243957 581.484692 484.125544 379.458867 323.869482 226.928940 332.255748
76.400000 601.272137 439.256857 336.587702 271.152277 231.119792 206.019352 155.018911 109.442359 79.305739 581.856509 484.437597 379.706589 324.082985 227.082634 332.474416
76.450000 601.655846 439.541163 336.808896 271.333166 231.275977 206.160023 155.127977 109.523039 79.367519 582.228314 484.749642 379.954303 324.296482 227.236325 332.693079
76.500000 602.039543 439.825460 337.030083 271.514050 231.432157 206.300689 155.237041 109.603717 79.429299 582.600108 485.061677 380.202010 324.509974 227.390011 332.911734
76.550000 602.423228 440.109748 337.251264 271.694928 231.588333 206.441352 155.346102 109.684393 79.491077 582.971891 485.373703 380.449711 324.723459 227.543694 333.130384
76.600000 602.806902 440.394029 337.472438 271.875802 231.744505 206.582011 155.455160 109.765068 79.552854 583.343662 485.685719 380.697404 324.936937 227.697372 333.349028
76.650000 603.190564 440.678301 337.693606 272.056671 231.900672 206.722667 155.564215 109.845741 79.614630 583.715422 485.997727 380.945089 325.150410 227.851046 333.567665
76.700000 603.574215 440.962564 337.914768 272.237535 232.056836 206.863318 155.673268 109.926412 79.676405 584.087171 486.309724 381.192768 325.363877 228.004716 333.786296
76.750000 603.957853 441.246819 338.135924 272.418393 232.212995 207.003966 155.782318 110.007082 79.738179 584.458908 486.621713 381.440439 325.577338 228.158381 334.004920
76.800000 604.341481 441.531066 338.357073 272.599247 232.369150 207.144611 155.891366 110.087750 79.799951 584.830635 486.933692 381.688103 325.790792 228.312043 334.223538
76.850000 604.725096 441.815304 338.578216 272.780095 232.525300 207.285251 156.000411 110.168416 79.861723 585.202350 487.245662 381.935760 326.004241 228.465701 334.442151
76.900000 605.108700 442.099534 338.799352 272.960939 232.681447 207.425888 156.109453 110.249080 79.923493 585.574054 487.557623 382.183410 326.217683 228.619354 334.660756
76.950000 605.492293 442.383755 339.020482 273.141778 232.837589 207.566521 156.218492 110.329742 79.985262 585.945746 487.869574 382.431052 326.431120 228.773003 334.879356
77.000000 605.875873 442.667968 339.241606 273.322611 232.993727 207.707151 156.327529 110.410403 80.047030 586.317428 488.181517 382.678688 326.644550 228.926648 335.097949
77.050000 606.259443 442.952173 339.462723 273.503440 233.149861 207.847777 156.436563 110.491062 80.108797 586.689098 488.493449 382.926316 326.857974 229.080289 335.316537
77.100000 606.643000 443.236369 339.683835 273.684263 233.305991 207.988399 156.545595 110.571719 80.170563 587.060757 488.805373 383.173937 327.071392 229.233926 335.535118
77.150000 607.026546 443.520557 339.904940 273.865082 233.462116 208.129017 156.654623 110.652375 80.232327 587.432405 489.117288 383.421551 327.284804 229.387559 335.753692
77.200000 607.410081 443.804737 340.126038 274.045896 233.618238 208.269632 156.763650 110.733029 80.294091 587.804042 489.429193 383.669157 327.498210 229.541187 335.972261
77.250000 607.793604 444.088909 340.347131 274.226704 233.774355 208.410243 156.872673 110.813681 80.355853 588.175667 489.741089 383.916757 327.711610 229.694812 336.190823
77.300000 608.177115 444.373072 340.568217 274.407508 233.930468 208.550850 156.981694 110.894331 80.417614 588.547282 490.052975 384.164349 327.925004 229.848432 336.409379
77.350000 608.560615 444.657226 340.789296 274.588307 234.086576 208.691454 157.090712 110.974979 80.479374 588.918885 490.364853 384.411935 328.138392 230.002049 336.627929
77.400000 608.944104 444.941373 341.010370 274.769100 234.242681 208.832054 157.199727 111.055626 80.541133 589.290477 490.676721 384.659513 328.351774 230.155661 336.846473
77.450000 609.327580 445.225511 341.231437 274.949889 234.398781 208.972650 157.308740 111.136271 80.602891 589.662058 490.988580 384.907084 328.565150 230.309269 337.065010
77.500000 609.711046 445.509641 341.452498 275.130673 234.554878 209.113243 157.417750 111.216915 80.664648 590.033628 491.300430 385.154648 328.778520 230.462873 337.283542
77.550000 610.094500 445.793762 341.673553 275.311451 234.710970 209.253832 157.526758 111.297556 80.726403 590.405187 491.612271 385.402205 328.991884 230.616473 337.502067
77.600000 610.477942 446.077876 341.894601 275.492225 234.867058 209.394417 157.635763 111.378196 80.788158 590.776734 491.924103 385.649754 329.205242 230.770069 337.720586
77.650000 610.861373 446.361981 342.115643 275.672994 235.023141 209.534999 157.744765 111.458834 80.849911 591.148271 492.235925 385.897297 329.418594 230.923661 337.939099
77.700000 611.244793 446.646077 342.336679 275.853758 235.179221 209.675577 157.853765 111.539470 80.911663 591.519796 492.547738 386.144832 329.631940 231.077249 338.157605
77.750000 611.628201 446.930166 342.557709 276.034517 235.335296 209.816151 157.962762 111.620105 80.973414 591.891311 492.859542 386.392361 329.845280 231.230832 338.376106
77.800000 612.011597 447.214246 342.778732 276.215271 235.491368 209.956722 158.071756 111.700738 81.035164 592.262814 493.171337 386.639882 330.058613 231.384412 338.594600
77.850000 612.394982 447.498318 342.999750 276.396020 235.647435 210.097289 158.180748 111.781369 81.096913 592.634306 493.483123 386.887396 330.271941 231.537987 338.813088
77.900000 612.778356 447.782382 343.220761 276.576764 235.803498 210.237852 158.289737 111.861999 81.158661 593.005788 493.794900 387.134903 330.485263 231.691559 339.031570
77.950000 613.161718 448.066437 343.441765 276.757504 235.959557 210.378412 158.398723 111.942626 81.220407 593.377258 494.106667 387.382403 330.698579 231.845126 339.250046
78.000000 613.545069 448.350484 343.662764 276.938238 236.115611 210.518968 158.507707 112.023252 81.282153 593.748717 494.418426 387.629896 330.911889 231.998689 339.468516
78.050000 613.928409 448.634523 343.883756 277.118967 236.271662 210.659520 158.616688 112.103876 81.343897 594.120165 494.730175 387.877382 331.125193 232.152249 339.686980
78.100000 614.311737 448.918554 344.104742 277.299692 236.427708 210.800069 158.725666 112.184499 81.405640 594.491602 495.041915 388.124861 331.338491 232.305804 339.905437
78.150000 614.695053 449.202577 344.325722 277.480411 236.583750 210.940614 158.834642 112.265120 81.467382 594.863029 495.353646 388.372333 331.551783 232.459355 340.123889
78.200000 615.078359 449.486591 344.546696 277.661126 236.739789 211.081156 158.943615 112.345739 81.529123 595.234444 495.665368 388.619798 331.765070 232.612902 340.342334
78.250000 615.461653 449.770597 344.767664 277.841835 236.895823 211.221694 159.052586 112.426356 81.590863 595.605848 495.977081 388.867256 331.978350 232.766445 340.560773
78.300000 615.844935 450.054595 344.988625 278.022540 237.051853 211.362228 159.161554 112.506972 81.652601 595.977241 496.288785 389.114706 332.191624 232.919984 340.779206
78.350000 616.228207 450.338585 345.209580 278.203240 237.207878 211.502758 159.270519 112.587586 81.714339 596.348623 496.600480 389.362150 332.404892 233.073519 340.997633
78.400000 616.611467 450.622566 345.430529 278.383935 237.363900 211.643285 159.379482 112.668198 81.776075 596.719995 496.912165 389.609587 332.618155 233.227050 341.216054
78.450000 616.994715 450.906540 345.651472 278.564625 237.519918 211.783809 159.488442 112.748808 81.837811 597.091355 497.223842 389.857017 332.831411 233.380577 341.434468
78.500000 617.377952 451.190505 345.872409 278.745310 237.675931 211.924329 159.597399 112.829417 81.899545 597.462704 497.535509 390.104439 333.044662 233.534100 341.652877
78.550000 617.761178 451.474462 346.093339 278.925991 237.831940 212.064845 159.706354 112.910024 81.961278 597.834043 497.847168 390.351855 333.257906 233.687619 341.871280
78.600000 618.144393 451.758411 346.314263 279.106666 237.987946 212.205357 159.815307 112.990629 82.023010 598.205370 498.158818 390.599264 333.471145 233.841133 342.089676
78.650000 618.527596 452.042352 346.535182 279.287337 238.143947 212.345866 159.924256 113.071233 82.084741 598.576687 498.470458 390.846665 333.684378 233.994644 342.308067
78.700000 618.910789 452.326284 346.756094 279.468002 238.299944 212.486372 160.033203 113.151835 82.146470 598.947993 498.782090 391.094060 333.897604 234.148151 342.526451
78.750000 619.293969 452.610209 346.977000 279.648663 238.455937 212.626873 160.142148 113.232435 82.208199 599.319288 499.093712 391.341448 334.110825 234.301654 342.744829
78.800000 619.677139 452.894125 347.197899 279.829319 238.611925 212.767371 160.251089 113.313033 82.269926 599.690571 499.405325 391.588828 334.324040 234.455152 342.963201
78.850000 620.060297 453.178033 347.418793 280.009970 238.767910 212.907866 160.360029 113.393630 82.331653 600.061845 499.716930 391.836202 334.537250 234.608647 343.181568
78.900000 620.443444 453.461933 347.639680 280.190616 238.923891 213.048357 160.468965 113.474225 82.393378 600.433107 500.028525 392.083569 334.750453 234.762138 343.399928
78.950000 620.826580 453.745825 347.860562 280.371257 239.079867 213.188844 160.577899 113.554818 82.455102 600.804358 500.340112 392.330929 334.963650 234.915625 343.618282
79.000000 621.209705 454.029709 348.081437 280.551894 239.235840 213.329328 160.686831 113.635410 82.516825 601.175598 500.651689 392.578281 335.176842 235.069107 343.836630
79.050000 621.592818 454.313585 348.302306 280.732525 239.391808 213.469808 160.795759 113.716000 82.578547 601.546828 500.963258 392.825627 335.390027 235.222586 344.054972
79.100000 621.975920 454.597453 348.523169 280.913152 239.547773 213.610284 160.904686 113.796588 82.640268 601.918047 501.274817 393.072966 335.603207 235.376061 344.273308
79.150000 622.359011 454.881312 348.744026 281.093774 239.703733 213.750757 161.013609 113.877175 82.701987 602.289255 501.586368 393.320298 335.816381 235.529531 344.491638
79.200000 622.742091 455.165164 348.964877 281.274391 239.859689 213.891227 161.122530 113.957759 82.763706 602.660452 501.897910 393.567623 336.029549 235.682998 344.709961
79.250000 623.125160 455.449007 349.185721 281.455003 240.015641 214.031692 161.231449 114.038342 82.825423 603.031638 502.209442 393.814942 336.242711 235.836461 344.928279
79.300000 623.508217 455.732843 349.406560 281.635611 240.171589 214.172155 161.340364 114.118924 82.887140 603.402814 502.520966 394.062253 336.455867 235.989920 345.146591
79.350000 623.891263 456.016670 349.627392 281.816213 240.327533 214.312613 161.449278 114.199503 82.948855 603.773978 502.832481 394.309557 336.669018 236.143374 345.364897
79.400000 624.274298 456.300489 349.848219 281.996811 240.483473 214.453068 161.558188 114.280081 83.010569 604.145132 503.143987 394.556855 336.882162 236.296825 345.583197
79.450000 624.657322 456.584301 350.069039 282.177404 240.639409 214.593520 161.667096 114.360658 83.072282 604.516275 503.455484 394.804145 337.095301 236.450272 345.801491
79.500000 625.040335 456.868104 350.289853 282.357992 240.795341 214.733968 161.776002 114.441232 83.133994 604.887408 503.766972 395.051429 337.308434 236.603715 346.019778
79.550000 625.423337 457.151899 350.510661 282.538575 240.951269 214.874412 161.884905 114.521805 83.195705 605.258529 504.078451 395.298705 337.521561 236.757154 346.238060
79.600000 625.806327 457.435686 350.731463 282.719154 241.107193 215.014853 161.993805 114.602376 83.257414 605.629640 504.389922 395.545975 337.734682 236.910588 346.456336
79.650000 626.189307 457.719465 350.952259 282.899727 241.263112 215.155290 162.102703 114.682946 83.319123 606.000740 504.701383 395.793238 337.947798 237.064019 346.674606
79.700000 626.572275 458.003236 351.173049 283.080296 241.419028 215.295724 162.211598 114.763514 83.380830 606.371830 505.012836 396.040494 338.160907 237.217446 346.892870
79.750000 626.955232 458.286999 351.393833 283.260860 241.574940 215.436154 162.320491 114.844080 83.442537 606.742908 505.324279 396.287743 338.374011 237.370869 347.111128
79.800000 627.338178 458.570754 351.614611 283.441419 241.730847 215.576580 162.429381 114.924644 83.504242 607.113976 505.635714 396.534985 338.587109 237.524288 347.329380
79.850000 627.721113 458.854501 351.835383 283.621974 241.886751 215.717003 162.538268 115.005207 83.565946 607.485033 505.947140 396.782221 338.800201 237.677704 347.547625
79.900000 628.104037 459.138240 352.056149 283.802523 242.042650 215.857423 162.647153 115.085768 83.627649 607.856080 506.258557 397.029449 339.013288 237.831115 347.765865
79.950000 628.486950 459.421971 352.276908 283.983068 242.198546 215.997839 162.756035 115.166327 83.689351 608.227116 506.569965 397.276671 339.226368 237.984522 347.984099
80.000000 628.869852 459.705694 352.497662 284.163608 242.354437 216.138251 162.864915 115.246885 83.751052 608.598141 506.881365 397.523886 339.439443 238.137925 348.202328
80.050000 629.252743 459.989409 352.718410 284.344144 242.510325 216.278660 162.973792 115.327441 83.812752 608.969155 507.192755 397.771094 339.652512 238.291324 348.420550
80.100000 629.635622 460.273116 352.939151 284.524674 242.666208 216.419065 163.082667 115.407995 83.874450 609.340159 507.504137 398.018295 339.865575 238.444720 348.638766
80.150000 630.018491 460.556816 353.159887 284.705200 242.822088 216.559467 163.191539 115.488547 83.936148 609.711152 507.815510 398.265489 340.078633 238.598111 348.856976
80.200000 630.401349 460.840507 353.380617 284.885721 242.977963 216.699865 163.300408 115.569098 83.997844 610.082135 508.126874 398.512677 340.291684 238.751499 349.075180
80.250000 630.784196 461.124190 353.601340 285.066237 243.133835 216.840260 163.409275 115.649648 84.059539 610.453106 508.438229 398.759857 340.504730 238.904882 349.293379
80.300000 631.167031 461.407865 353.822058 285.246748 243.289702 216.980651 163.518140 115.730195 84.121234 610.824067 508.749576 399.007031 340.717770 239.058262 349.511571
80.350000 631.549856 461.691533 354.042769 285.427255 243.445565 217.121039 163.627002 115.810741 84.182927 611.195018 509.060913 399.254198 340.930805 239.211638 349.729758
80.400000 631.932670 461.975192 354.263475 285.607757 243.601425 217.261423 163.735861 115.891285 84.244619 611.565958 509.372242 399.501358 341.143833 239.365009 349.947938
80.450000 632.315472 462.258844 354.484175 285.788254 243.757280 217.401803 163.844718 115.971828 84.306310 611.936887 509.683562 399.748512 341.356856 239.518377 350.166113
80.500000 632.698264 462.542487 354.704868 285.968746 243.913132 217.542181 163.953572 116.052368 84.367999 612.307806 509.994874 399.995658 341.569873 239.671741 350.384282
80.550000 633.081045 462.826123 354.925556 286.149234 244.068979 217.682554 164.062423 116.132908 84.429688 612.678714 510.306176 400.242798 341.782885 239.825101 350.602445
80.600000 633.463815 463.109750 355.146238 286.329717 244.224823 217.822924 164.171272 116.213445 84.491376 613.049611 510.617470 400.489931 341.995890 239.978457 350.820602
80.650000 633.846574 463.393370 355.366913 286.510195 244.380662 217.963291 164.280119 116.293981 84.553062 613.420498 510.928755 400.737057 342.208890 240.131810 351.038753
80.700000 634.229322 463.676982 355.587583 286.690669 244.536498 218.103654 164.388963 116.374515 84.614748 613.791375 511.240032 400.984177 342.421884 240.285158 351.256898
80.750000 634.612059 463.960586 355.808247 286.871137 244.692329 218.244013 164.497804 116.455047 84.676432 614.162240 511.551299 401.231290 342.634873 240.438502 351.475037
