web/models/kne/23/Metzger_0.138217_0.175862_0.450000.dat
# %ECSV 0.9
# ---
# datatype:
# - {name: time, datatype: float64}
# - {name: sdss_u, datatype: float64}
# - {name: sdss_g, datatype: float64}
# - {name: sdss_r, datatype: float64}
# - {name: sdss_i, datatype: float64}
# - {name: sdss_z, datatype: float64}
# - {name: PS1_y, datatype: float64}
# - {name: ukirt_J, datatype: float64}
# - {name: ukirt_H, datatype: float64}
# - {name: ukirt_K, datatype: float64}
# - {name: johnson_U, datatype: float64}
# - {name: johnson_B, datatype: float64}
# - {name: johnson_V, datatype: float64}
# - {name: johnson_R, datatype: float64}
# - {name: johnson_I, datatype: float64}
# - {name: Clear, datatype: float64}
# meta: !!omap
# - comment: [vej = 0.17586206896551723, mej = 0.13821730389118514, Ye = 0.45, redshift = 0.0]
# schema: astropy-2.0
time sdss_u sdss_g sdss_r sdss_i sdss_z PS1_y ukirt_J ukirt_H ukirt_K johnson_U johnson_B johnson_V johnson_R johnson_I Clear
[from data line 898]
45.000000 97.411943 65.788236 45.905682 33.339629 25.712915 20.963070 11.418963 3.077839 -2.267488 93.610797 74.582556 54.235789 43.496529 24.947081 45.112860
45.050000 97.540188 65.882758 45.978792 33.399066 25.763972 21.008863 11.454034 3.103280 -2.248458 93.735002 74.686488 54.317897 43.567028 24.997291 45.185112
45.100000 97.668424 65.977274 46.051900 33.458501 25.815026 21.054656 11.489105 3.128722 -2.229428 93.859201 74.790414 54.400001 43.637525 25.047500 45.257361
45.150000 97.796653 66.071786 46.125004 33.517934 25.866080 21.100446 11.524176 3.154164 -2.210396 93.983393 74.894335 54.482102 43.708019 25.097708 45.329606
45.200000 97.924875 66.166293 46.198105 33.577365 25.917131 21.146236 11.559247 3.179607 -2.191363 94.107577 74.998250 54.564198 43.778510 25.147914 45.401849
45.250000 98.053089 66.260795 46.271203 33.636793 25.968182 21.192025 11.594317 3.205050 -2.172330 94.231754 75.102159 54.646290 43.848997 25.198118 45.474088
45.300000 98.181296 66.355292 46.344297 33.696220 26.019231 21.237813 11.629387 3.230494 -2.153295 94.355924 75.206063 54.728378 43.919482 25.248321 45.546324
45.350000 98.309495 66.449784 46.417389 33.755644 26.070278 21.283599 11.664457 3.255938 -2.134259 94.480087 75.309961 54.810463 43.989964 25.298523 45.618557
45.400000 98.437687 66.544271 46.490477 33.815067 26.121324 21.329385 11.699527 3.281383 -2.115223 94.604242 75.413854 54.892544 44.060442 25.348723 45.690787
45.450000 98.565871 66.638754 46.563562 33.874487 26.172368 21.375169 11.734596 3.306829 -2.096185 94.728391 75.517741 54.974620 44.130918 25.398922 45.763014
45.500000 98.694048 66.733232 46.636644 33.933905 26.223411 21.420953 11.769665 3.332274 -2.077147 94.852532 75.621623 55.056693 44.201391 25.449119 45.835238
45.550000 98.822217 66.827705 46.709723 33.993321 26.274452 21.466735 11.804734 3.357721 -2.058107 94.976666 75.725499 55.138762 44.271860 25.499315 45.907459
45.600000 98.950380 66.922173 46.782798 34.052734 26.325492 21.512516 11.839803 3.383167 -2.039066 95.100794 75.829370 55.220828 44.342327 25.549510 45.979676
45.650000 99.078534 67.016636 46.855871 34.112146 26.376531 21.558296 11.874871 3.408615 -2.020025 95.224914 75.933235 55.302889 44.412791 25.599703 46.051891
45.700000 99.206682 67.111095 46.928940 34.171556 26.427568 21.604075 11.909939 3.434062 -2.000983 95.349027 76.037094 55.384946 44.483252 25.649895 46.124102
45.750000 99.334822 67.205548 47.002006 34.230963 26.478603 21.649853 11.945007 3.459510 -1.981939 95.473133 76.140949 55.467000 44.553710 25.700085 46.196310
45.800000 99.462954 67.299997 47.075069 34.290368 26.529637 21.695630 11.980075 3.484959 -1.962895 95.597232 76.244797 55.549050 44.624165 25.750274 46.268515
45.850000 99.591080 67.394441 47.148129 34.349772 26.580670 21.741406 12.015142 3.510408 -1.943849 95.721324 76.348640 55.631096 44.694617 25.800462 46.340717
45.900000 99.719198 67.488881 47.221185 34.409173 26.631701 21.787181 12.050209 3.535858 -1.924803 95.845409 76.452478 55.713138 44.765066 25.850648 46.412916
45.950000 99.847309 67.583316 47.294239 34.468572 26.682730 21.832954 12.085276 3.561308 -1.905756 95.969487 76.556310 55.795176 44.835512 25.900833 46.485112
46.000000 99.975412 67.677746 47.367289 34.527969 26.733759 21.878727 12.120343 3.586759 -1.886708 96.093558 76.660137 55.877211 44.905955 25.951016 46.557305
46.050000 100.103508 67.772171 47.440337 34.587364 26.784785 21.924499 12.155409 3.612210 -1.867658 96.217622 76.763958 55.959242 44.976396 26.001198 46.629495
46.100000 100.231597 67.866591 47.513381 34.646756 26.835811 21.970269 12.190475 3.637661 -1.848608 96.341680 76.867774 56.041269 45.046833 26.051379 46.701682
46.150000 100.359679 67.961007 47.586422 34.706147 26.886834 22.016039 12.225541 3.663113 -1.829557 96.465730 76.971585 56.123292 45.117268 26.101558 46.773866
46.200000 100.487754 68.055418 47.659460 34.765536 26.937857 22.061807 12.260606 3.688566 -1.810505 96.589773 77.075390 56.205312 45.187699 26.151736 46.846046
46.250000 100.615821 68.149825 47.732495 34.824922 26.988878 22.107574 12.295672 3.714018 -1.791452 96.713810 77.179189 56.287327 45.258128 26.201912 46.918224
46.300000 100.743881 68.244227 47.805527 34.884307 27.039897 22.153341 12.330737 3.739472 -1.772398 96.837839 77.282984 56.369339 45.328554 26.252087 46.990399
46.350000 100.871934 68.338624 47.878555 34.943689 27.090915 22.199106 12.365802 3.764926 -1.753343 96.961862 77.386773 56.451347 45.398977 26.302261 47.062571
46.400000 100.999980 68.433016 47.951581 35.003069 27.141932 22.244870 12.400866 3.790380 -1.734288 97.085878 77.490556 56.533352 45.469397 26.352433 47.134739
46.450000 101.128019 68.527404 48.024604 35.062448 27.192947 22.290633 12.435930 3.815835 -1.715231 97.209887 77.594334 56.615353 45.539814 26.402604 47.206905
46.500000 101.256050 68.621787 48.097623 35.121824 27.243961 22.336395 12.470994 3.841290 -1.696173 97.333889 77.698107 56.697350 45.610228 26.452773 47.279067
46.550000 101.384075 68.716166 48.170640 35.181198 27.294973 22.382157 12.506058 3.866746 -1.677115 97.457884 77.801875 56.779343 45.680640 26.502942 47.351227
46.600000 101.512092 68.810540 48.243653 35.240570 27.345984 22.427917 12.541122 3.892202 -1.658055 97.581872 77.905637 56.861332 45.751048 26.553108 47.423384
46.650000 101.640102 68.904909 48.316663 35.299940 27.396993 22.473676 12.576185 3.917658 -1.638995 97.705854 78.009394 56.943318 45.821454 26.603274 47.495537
46.700000 101.768105 68.999273 48.389671 35.359308 27.448001 22.519434 12.611248 3.943115 -1.619933 97.829829 78.113146 57.025300 45.891857 26.653438 47.567688
46.750000 101.896101 69.093633 48.462675 35.418674 27.499008 22.565190 12.646311 3.968573 -1.600871 97.953797 78.216892 57.107279 45.962257 26.703601 47.639836
46.800000 102.024090 69.187989 48.535676 35.478038 27.550013 22.610946 12.681373 3.994031 -1.581808 98.077758 78.320633 57.189254 46.032654 26.753762 47.711981
46.850000 102.152072 69.282340 48.608674 35.537400 27.601017 22.656701 12.716436 4.019489 -1.562744 98.201713 78.424369 57.271225 46.103048 26.803922 47.784122
46.900000 102.280047 69.376686 48.681670 35.596760 27.652019 22.702455 12.751498 4.044948 -1.543679 98.325661 78.528099 57.353192 46.173440 26.854081 47.856261
46.950000 102.408015 69.471028 48.754662 35.656118 27.703020 22.748208 12.786559 4.070407 -1.524613 98.449602 78.631824 57.435156 46.243828 26.904238 47.928397
47.000000 102.535976 69.565365 48.827651 35.715474 27.754019 22.793959 12.821621 4.095867 -1.505546 98.573536 78.735544 57.517116 46.314214 26.954394 48.000530
47.050000 102.663929 69.659697 48.900637 35.774828 27.805018 22.839710 12.856682 4.121327 -1.486478 98.697464 78.839259 57.599072 46.384597 27.004548 48.072660
47.100000 102.791876 69.754025 48.973620 35.834180 27.856014 22.885460 12.891743 4.146788 -1.467410 98.821385 78.942969 57.681025 46.454977 27.054702 48.144787
47.150000 102.919816 69.848349 49.046600 35.893530 27.907009 22.931208 12.926804 4.172249 -1.448340 98.945299 79.046673 57.762974 46.525355 27.104853 48.216911
47.200000 103.047749 69.942668 49.119578 35.952877 27.958003 22.976956 12.961864 4.197710 -1.429270 99.069207 79.150372 57.844919 46.595729 27.155004 48.289032
47.250000 103.175675 70.036982 49.192552 36.012223 28.008996 23.022703 12.996925 4.223172 -1.410198 99.193108 79.254066 57.926861 46.666101 27.205153 48.361151
47.300000 103.303594 70.131292 49.265523 36.071567 28.059987 23.068448 13.031985 4.248634 -1.391126 99.317002 79.357755 58.008799 46.736470 27.255301 48.433266
47.350000 103.431506 70.225597 49.338491 36.130909 28.110977 23.114193 13.067044 4.274097 -1.372053 99.440890 79.461438 58.090734 46.806836 27.305447 48.505378
47.400000 103.559412 70.319898 49.411456 36.190249 28.161965 23.159936 13.102104 4.299560 -1.352979 99.564771 79.565117 58.172665 46.877200 27.355593 48.577488
47.450000 103.687310 70.414195 49.484419 36.249587 28.212952 23.205679 13.137163 4.325024 -1.333904 99.688645 79.668790 58.254592 46.947561 27.405737 48.649594
47.500000 103.815201 70.508487 49.557378 36.308923 28.263937 23.251420 13.172222 4.350488 -1.314828 99.812513 79.772458 58.336516 47.017918 27.455879 48.721698
47.550000 103.943086 70.602774 49.630334 36.368256 28.314921 23.297161 13.207281 4.375952 -1.295751 99.936375 79.876121 58.418436 47.088274 27.506020 48.793799
47.600000 104.070964 70.697057 49.703288 36.427588 28.365904 23.342900 13.242339 4.401417 -1.276674 100.060229 79.979778 58.500353 47.158626 27.556160 48.865897
47.650000 104.198834 70.791336 49.776238 36.486918 28.416885 23.388639 13.277397 4.426883 -1.257595 100.184077 80.083431 58.582266 47.228975 27.606299 48.937992
47.700000 104.326699 70.885610 49.849186 36.546246 28.467865 23.434376 13.312455 4.452348 -1.238516 100.307919 80.187079 58.664175 47.299322 27.656436 49.010084
47.750000 104.454556 70.979879 49.922130 36.605572 28.518844 23.480113 13.347513 4.477815 -1.219436 100.431754 80.290721 58.746081 47.369666 27.706572 49.082173
47.800000 104.582406 71.074144 49.995072 36.664896 28.569821 23.525848 13.382570 4.503281 -1.200355 100.555583 80.394358 58.827983 47.440008 27.756706 49.154260
47.850000 104.710250 71.168405 50.068011 36.724218 28.620797 23.571583 13.417628 4.528748 -1.181273 100.679405 80.497991 58.909882 47.510346 27.806840 49.226343
47.900000 104.838087 71.262662 50.140947 36.783538 28.671771 23.617316 13.452684 4.554216 -1.162190 100.803220 80.601618 58.991777 47.580682 27.856971 49.298424
47.950000 104.965917 71.356914 50.213880 36.842856 28.722744 23.663048 13.487741 4.579684 -1.143106 100.927029 80.705240 59.073669 47.651015 27.907102 49.370502
48.000000 105.093740 71.451161 50.286810 36.902172 28.773716 23.708780 13.522798 4.605152 -1.124022 101.050832 80.808857 59.155557 47.721346 27.957231 49.442577
48.050000 105.221557 71.545404 50.359737 36.961487 28.824686 23.754510 13.557854 4.630621 -1.104936 101.174628 80.912469 59.237442 47.791673 28.007359 49.514649
48.100000 105.349366 71.639643 50.432661 37.020799 28.875655 23.800239 13.592910 4.656090 -1.085850 101.298418 81.016076 59.319323 47.861998 28.057486 49.586718
48.150000 105.477169 71.733877 50.505582 37.080109 28.926623 23.845968 13.627965 4.681559 -1.066763 101.422201 81.119677 59.401200 47.932320 28.107611 49.658785
48.200000 105.604966 71.828107 50.578500 37.139417 28.977589 23.891695 13.663021 4.707029 -1.047675 101.545978 81.223274 59.483074 48.002640 28.157735 49.730848
48.250000 105.732755 71.922333 50.651416 37.198724 29.028554 23.937422 13.698076 4.732500 -1.028586 101.669748 81.326866 59.564945 48.072957 28.207858 49.802909
48.300000 105.860538 72.016554 50.724329 37.258028 29.079517 23.983147 13.733131 4.757970 -1.009496 101.793512 81.430453 59.646812 48.143271 28.257980 49.874967
48.350000 105.988315 72.110771 50.797238 37.317331 29.130479 24.028871 13.768185 4.783442 -0.990406 101.917269 81.534035 59.728675 48.213582 28.308100 49.947022
48.400000 106.116084 72.204983 50.870145 37.376631 29.181440 24.074595 13.803240 4.808913 -0.971315 102.041021 81.637612 59.810535 48.283891 28.358219 50.019074
48.450000 106.243847 72.299192 50.943049 37.435930 29.232399 24.120317 13.838294 4.834385 -0.952222 102.164765 81.741183 59.892391 48.354197 28.408336 50.091124
48.500000 106.371604 72.393395 51.015950 37.495227 29.283357 24.166039 13.873347 4.859857 -0.933129 102.288504 81.844750 59.974244 48.424500 28.458453 50.163171
48.550000 106.499353 72.487595 51.088849 37.554522 29.334314 24.211759 13.908401 4.885330 -0.914035 102.412236 81.948312 60.056094 48.494801 28.508568 50.235215
48.600000 106.627096 72.581790 51.161744 37.613814 29.385269 24.257479 13.943454 4.910803 -0.894941 102.535961 82.051869 60.137940 48.565099 28.558681 50.307256
48.650000 106.754833 72.675981 51.234637 37.673105 29.436223 24.303197 13.978507 4.936277 -0.875845 102.659681 82.155421 60.219783 48.635394 28.608794 50.379294
48.700000 106.882563 72.770168 51.307526 37.732395 29.487176 24.348914 14.013560 4.961751 -0.856749 102.783394 82.258968 60.301622 48.705687 28.658905 50.451329
48.750000 107.010286 72.864350 51.380413 37.791682 29.538127 24.394631 14.048613 4.987225 -0.837651 102.907101 82.362510 60.383457 48.775977 28.709015 50.523362
48.800000 107.138003 72.958528 51.453297 37.850967 29.589077 24.440346 14.083665 5.012700 -0.818553 103.030801 82.466047 60.465290 48.846264 28.759123 50.595392
48.850000 107.265713 73.052702 51.526178 37.910250 29.640026 24.486061 14.118717 5.038175 -0.799454 103.154495 82.569579 60.547119 48.916549 28.809230 50.667419
48.900000 107.393416 73.146871 51.599057 37.969532 29.690973 24.531774 14.153769 5.063651 -0.780355 103.278183 82.673107 60.628944 48.986831 28.859336 50.739444
48.950000 107.521114 73.241036 51.671932 38.028811 29.741919 24.577487 14.188820 5.089127 -0.761254 103.401865 82.776629 60.710766 49.057110 28.909441 50.811465
49.000000 107.648804 73.335197 51.744805 38.088089 29.792864 24.623199 14.223872 5.114603 -0.742153 103.525540 82.880147 60.792584 49.127387 28.959544 50.883484
49.050000 107.776488 73.429354 51.817675 38.147364 29.843807 24.668909 14.258923 5.140080 -0.723051 103.649209 82.983659 60.874399 49.197661 29.009647 50.955500
49.100000 107.904165 73.523506 51.890542 38.206638 29.894749 24.714619 14.293973 5.165557 -0.703948 103.772872 83.087167 60.956211 49.267932 29.059747 51.027514
49.150000 108.031836 73.617654 51.963406 38.265910 29.945690 24.760327 14.329024 5.191035 -0.684844 103.896528 83.190670 61.038019 49.338201 29.109847 51.099524
49.200000 108.159501 73.711798 52.036268 38.325180 29.996629 24.806035 14.364074 5.216512 -0.665739 104.020179 83.294168 61.119824 49.408467 29.159945 51.171532
49.250000 108.287159 73.805938 52.109126 38.384448 30.047567 24.851742 14.399124 5.241991 -0.646634 104.143823 83.397661 61.201626 49.478731 29.210042 51.243537
49.300000 108.414810 73.900074 52.181982 38.443715 30.098504 24.897447 14.434174 5.267469 -0.627527 104.267461 83.501149 61.283424 49.548992 29.260138 51.315540
49.350000 108.542456 73.994205 52.254836 38.502979 30.149439 24.943152 14.469223 5.292948 -0.608420 104.391093 83.604633 61.365218 49.619250 29.310233 51.387540
49.400000 108.670094 74.088332 52.327686 38.562242 30.200373 24.988856 14.504272 5.318428 -0.589312 104.514718 83.708112 61.447010 49.689506 29.360326 51.459537
49.450000 108.797726 74.182455 52.400533 38.621502 30.251306 25.034559 14.539321 5.343908 -0.570204 104.638338 83.811585 61.528798 49.759759 29.410418 51.531531
49.500000 108.925352 74.276574 52.473378 38.680761 30.302237 25.080261 14.574370 5.369388 -0.551094 104.761951 83.915054 61.610582 49.830009 29.460509 51.603522
49.550000 109.052972 74.370688 52.546220 38.740018 30.353167 25.125961 14.609418 5.394868 -0.531984 104.885558 84.018519 61.692363 49.900257 29.510598 51.675511
49.600000 109.180585 74.464798 52.619059 38.799273 30.404096 25.171661 14.644467 5.420349 -0.512873 105.009159 84.121978 61.774141 49.970503 29.560686 51.747497
49.650000 109.308191 74.558904 52.691896 38.858526 30.455023 25.217360 14.679514 5.445831 -0.493761 105.132754 84.225433 61.855916 50.040745 29.610773 51.819480
49.700000 109.435791 74.653006 52.764730 38.917778 30.505949 25.263058 14.714562 5.471312 -0.474648 105.256343 84.328882 61.937687 50.110985 29.660859 51.891461
49.750000 109.563385 74.747104 52.837561 38.977027 30.556874 25.308755 14.749609 5.496794 -0.455535 105.379925 84.432327 62.019454 50.181223 29.710944 51.963439
49.800000 109.690973 74.841198 52.910389 39.036275 30.607798 25.354451 14.784657 5.522277 -0.436421 105.503502 84.535768 62.101219 50.251458 29.761027 52.035414
49.850000 109.818554 74.935287 52.983214 39.095520 30.658720 25.400146 14.819703 5.547759 -0.417306 105.627072 84.639203 62.182980 50.321690 29.811109 52.107387
