web/models/kne/23/Metzger_0.001239_0.402759_0.450000.dat
# %ECSV 0.9
# ---
# datatype:
# - {name: time, datatype: float64}
# - {name: sdss_u, datatype: float64}
# - {name: sdss_g, datatype: float64}
# - {name: sdss_r, datatype: float64}
# - {name: sdss_i, datatype: float64}
# - {name: sdss_z, datatype: float64}
# - {name: PS1_y, datatype: float64}
# - {name: ukirt_J, datatype: float64}
# - {name: ukirt_H, datatype: float64}
# - {name: ukirt_K, datatype: float64}
# - {name: johnson_U, datatype: float64}
# - {name: johnson_B, datatype: float64}
# - {name: johnson_V, datatype: float64}
# - {name: johnson_R, datatype: float64}
# - {name: johnson_I, datatype: float64}
# - {name: Clear, datatype: float64}
# meta: !!omap
# - comment: [vej = 0.4027586206896552, mej = 0.0012389903709424822, Ye = 0.45, redshift = 0.0]
# schema: astropy-2.0
time sdss_u sdss_g sdss_r sdss_i sdss_z PS1_y ukirt_J ukirt_H ukirt_K johnson_U johnson_B johnson_V johnson_R johnson_I Clear
[from data line 674]
33.800000 459.204382 333.899639 254.538283 203.987739 173.078798 153.707880 114.379084 79.285821 56.128960 444.184866 368.836120 287.862712 244.875878 169.962651 251.359843
33.850000 459.863355 334.387701 254.917831 204.297988 173.346571 153.948978 114.565843 79.423773 56.234417 444.823373 369.371876 288.287860 245.242194 170.226136 251.735039
33.900000 460.522266 334.875717 255.297345 204.608210 173.614321 154.190056 114.752587 79.561716 56.339867 445.461819 369.907581 288.712969 245.608476 170.489599 252.110201
33.950000 461.181115 335.363688 255.676825 204.918405 173.882049 154.431114 114.939317 79.699649 56.445311 446.100205 370.443237 289.138039 245.974726 170.753040 252.485330
34.000000 461.839901 335.851615 256.056271 205.228573 174.149754 154.672152 115.126033 79.837573 56.550750 446.738531 370.978842 289.563071 246.340943 171.016458 252.860425
34.050000 462.498625 336.339496 256.435684 205.538714 174.417436 154.913171 115.312734 79.975487 56.656181 447.376796 371.514398 289.988064 246.707128 171.279854 253.235486
34.100000 463.157288 336.827333 256.815062 205.848829 174.685096 155.154169 115.499420 80.113391 56.761607 448.015002 372.049905 290.413019 247.073280 171.543228 253.610514
34.150000 463.815888 337.315125 257.194406 206.158916 174.952733 155.395147 115.686092 80.251286 56.867026 448.653148 372.585362 290.837936 247.439400 171.806579 253.985509
34.200000 464.474427 337.802872 257.573717 206.468977 175.220347 155.636106 115.872750 80.389172 56.972439 449.291234 373.120769 291.262814 247.805487 172.069909 254.360471
34.250000 465.132904 338.290575 257.952994 206.779011 175.487939 155.877045 116.059393 80.527048 57.077846 449.929261 373.656127 291.687654 248.171542 172.333216 254.735399
34.300000 465.791319 338.778234 258.332238 207.089018 175.755509 156.117964 116.246022 80.664914 57.183247 450.567228 374.191437 292.112456 248.537564 172.596502 255.110294
34.350000 466.449674 339.265848 258.711448 207.398999 176.023056 156.358863 116.432637 80.802771 57.288641 451.205136 374.726697 292.537220 248.903555 172.859766 255.485156
34.400000 467.107966 339.753418 259.090624 207.708953 176.290581 156.599743 116.619237 80.940619 57.394029 451.842985 375.261908 292.961946 249.269513 173.123007 255.859985
34.450000 467.766198 340.240943 259.469767 208.018880 176.558083 156.840603 116.805824 81.078457 57.499411 452.480775 375.797070 293.386634 249.635439 173.386227 256.234781
34.500000 468.424369 340.728425 259.848877 208.328781 176.825564 157.081443 116.992396 81.216286 57.604787 453.118505 376.332183 293.811284 250.001334 173.649425 256.609544
34.550000 469.082479 341.215863 260.227954 208.638656 177.093022 157.322264 117.178953 81.354106 57.710156 453.756177 376.867248 294.235896 250.367196 173.912601 256.984275
34.600000 469.740528 341.703257 260.606997 208.948504 177.360458 157.563065 117.365497 81.491916 57.815520 454.393790 377.402264 294.660471 250.733026 174.175756 257.358972
34.650000 470.398517 342.190606 260.986007 209.258326 177.627871 157.803847 117.552026 81.629716 57.920877 455.031345 377.937231 295.085008 251.098825 174.438888 257.733637
34.700000 471.056445 342.677913 261.364984 209.568122 177.895263 158.044609 117.738541 81.767508 58.026228 455.668841 378.472150 295.509507 251.464591 174.701999 258.108269
34.750000 471.714313 343.165175 261.743928 209.877892 178.162633 158.285352 117.925042 81.905290 58.131573 456.306278 379.007021 295.933969 251.830326 174.965089 258.482869
34.800000 472.372120 343.652394 262.122840 210.187635 178.429980 158.526075 118.111529 82.043063 58.236912 456.943658 379.541844 296.358394 252.196030 175.228157 258.857436
34.850000 473.029867 344.139570 262.501718 210.497352 178.697306 158.766779 118.298002 82.180826 58.342245 457.580979 380.076618 296.782781 252.561702 175.491203 259.231971
34.900000 473.687555 344.626702 262.880563 210.807044 178.964610 159.007464 118.484461 82.318580 58.447571 458.218242 380.611345 297.207131 252.927342 175.754228 259.606473
34.950000 474.345182 345.113791 263.259376 211.116709 179.231892 159.248129 118.670906 82.456325 58.552892 458.855447 381.146023 297.631444 253.292951 176.017231 259.980943
35.000000 475.002749 345.600837 263.638156 211.426348 179.499152 159.488776 118.857337 82.594061 58.658206 459.492595 381.680654 298.055719 253.658528 176.280213 260.355380
35.050000 475.660257 346.087839 264.016904 211.735961 179.766390 159.729403 119.043754 82.731787 58.763515 460.129684 382.215237 298.479958 254.024074 176.543173 260.729786
35.100000 476.317705 346.574799 264.395618 212.045549 180.033606 159.970010 119.230157 82.869504 58.868817 460.766716 382.749772 298.904160 254.389589 176.806113 261.104159
35.150000 476.975094 347.061715 264.774301 212.355110 180.300801 160.210599 119.416546 83.007212 58.974113 461.403691 383.284259 299.328324 254.755072 177.069030 261.478500
35.200000 477.632424 347.548589 265.152951 212.664646 180.567974 160.451168 119.602921 83.144911 59.079403 462.040608 383.818700 299.752452 255.120525 177.331927 261.852809
35.250000 478.289694 348.035420 265.531568 212.974156 180.835125 160.691719 119.789283 83.282601 59.184687 462.677468 384.353092 300.176543 255.485946 177.594802 262.227087
35.300000 478.946905 348.522208 265.910153 213.283641 181.102255 160.932250 119.975630 83.420281 59.289965 463.314271 384.887438 300.600598 255.851336 177.857656 262.601332
35.350000 479.604057 349.008953 266.288706 213.593099 181.369363 161.172762 120.161964 83.557952 59.395237 463.951017 385.421736 301.024616 256.216696 178.120489 262.975546
35.400000 480.261151 349.495656 266.667227 213.902533 181.636450 161.413256 120.348284 83.695615 59.500503 464.587706 385.955987 301.448597 256.582024 178.383301 263.349727
35.450000 480.918185 349.982316 267.045716 214.211940 181.903515 161.653730 120.534590 83.833268 59.605763 465.224338 386.490192 301.872542 256.947321 178.646092 263.723877
35.500000 481.575161 350.468935 267.424172 214.521323 182.170559 161.894186 120.720882 83.970912 59.711017 465.860913 387.024349 302.296450 257.312588 178.908862 264.097996
35.550000 482.232078 350.955510 267.802597 214.830679 182.437581 162.134622 120.907161 84.108546 59.816265 466.497432 387.558459 302.720322 257.677824 179.171610 264.472082
35.600000 482.888937 351.442044 268.180989 215.140011 182.704582 162.375040 121.093426 84.246172 59.921507 467.133895 388.092523 303.144158 258.043029 179.434338 264.846137
35.650000 483.545738 351.928535 268.559350 215.449317 182.971562 162.615439 121.279677 84.383789 60.026742 467.770301 388.626540 303.567958 258.408203 179.697045 265.220161
35.700000 484.202480 352.414984 268.937679 215.758597 183.238520 162.855819 121.465915 84.521397 60.131972 468.406650 389.160510 303.991721 258.773347 179.959731 265.594153
35.750000 484.859165 352.901392 269.315976 216.067853 183.505457 163.096181 121.652139 84.658995 60.237196 469.042944 389.694434 304.415449 259.138461 180.222396 265.968114
35.800000 485.515791 353.387757 269.694241 216.377083 183.772373 163.336523 121.838350 84.796585 60.342414 469.679181 390.228312 304.839140 259.503543 180.485040 266.342044
35.850000 486.172359 353.874080 270.072475 216.686288 184.039268 163.576848 122.024546 84.934166 60.447626 470.315363 390.762143 305.262796 259.868596 180.747664 266.715942
35.900000 486.828870 354.360362 270.450677 216.995468 184.306142 163.817153 122.210730 85.071737 60.552832 470.951489 391.295928 305.686415 260.233618 181.010267 267.089809
35.950000 487.485323 354.846602 270.828848 217.304623 184.572994 164.057440 122.396899 85.209300 60.658033 471.587559 391.829667 306.109999 260.598610 181.272849 267.463645
36.000000 488.141719 355.332801 271.206987 217.613753 184.839825 164.297708 122.583056 85.346854 60.763227 472.223573 392.363360 306.533547 260.963571 181.535410 267.837450
36.050000 488.798057 355.818958 271.585094 217.922858 185.106636 164.537958 122.769198 85.484398 60.868415 472.859532 392.897007 306.957059 261.328503 181.797951 268.211224
36.100000 489.454338 356.305073 271.963171 218.231938 185.373425 164.778189 122.955328 85.621934 60.973597 473.495435 393.430608 307.380536 261.693404 182.060471 268.584967
36.150000 490.110562 356.791148 272.341216 218.540993 185.640194 165.018402 123.141444 85.759461 61.078774 474.131283 393.964163 307.803977 262.058275 182.322971 268.958679
36.200000 490.766728 357.277180 272.719229 218.850023 185.906941 165.258596 123.327546 85.896979 61.183945 474.767076 394.497672 308.227383 262.423116 182.585450 269.332361
36.250000 491.422838 357.763172 273.097212 219.159029 186.173668 165.498772 123.513635 86.034488 61.289109 475.402814 395.031136 308.650754 262.787927 182.847909 269.706011
36.300000 492.078890 358.249123 273.475163 219.468010 186.440374 165.738929 123.699711 86.171989 61.394268 476.038497 395.564555 309.074089 263.152709 183.110347 270.079631
36.350000 492.734886 358.735032 273.853084 219.776966 186.707059 165.979068 123.885773 86.309480 61.499421 476.674125 396.097928 309.497388 263.517460 183.372765 270.453220
36.400000 493.390825 359.220901 274.230973 220.085897 186.973723 166.219189 124.071822 86.446963 61.604568 477.309698 396.631255 309.920653 263.882182 183.635162 270.826778
36.450000 494.046708 359.706728 274.608831 220.394804 187.240366 166.459292 124.257858 86.584436 61.709709 477.945216 397.164538 310.343882 264.246873 183.897539 271.200306
36.500000 494.702534 360.192515 274.986659 220.703686 187.506989 166.699376 124.443880 86.721901 61.814845 478.580680 397.697775 310.767077 264.611536 184.159896 271.573803
36.550000 495.358304 360.678261 275.364455 221.012543 187.773591 166.939442 124.629889 86.859357 61.919974 479.216090 398.230967 311.190236 264.976168 184.422233 271.947270
36.600000 496.014018 361.163966 275.742221 221.321377 188.040173 167.179490 124.815885 86.996805 62.025098 479.851445 398.764114 311.613360 265.340771 184.684549 272.320706
36.650000 496.669675 361.649631 276.119956 221.630185 188.306734 167.419520 125.001868 87.134243 62.130216 480.486745 399.297216 312.036450 265.705344 184.946845 272.694113
36.700000 497.325277 362.135255 276.497660 221.938970 188.573275 167.659531 125.187838 87.271673 62.235328 481.121992 399.830273 312.459505 266.069888 185.209121 273.067488
36.750000 497.980822 362.620839 276.875334 222.247730 188.839794 167.899525 125.373794 87.409094 62.340434 481.757184 400.363285 312.882524 266.434402 185.471377 273.440834
36.800000 498.636312 363.106382 277.252977 222.556465 189.106294 168.139500 125.559737 87.546506 62.445534 482.392323 400.896253 313.305510 266.798888 185.733613 273.814149
36.850000 499.291746 363.591885 277.630590 222.865177 189.372773 168.379458 125.745667 87.683910 62.550629 483.027408 401.429176 313.728460 267.163343 185.995828 274.187435
36.900000 499.947124 364.077348 278.008172 223.173864 189.639232 168.619397 125.931584 87.821304 62.655718 483.662438 401.962055 314.151376 267.527770 186.258024 274.560690
36.950000 500.602447 364.562771 278.385724 223.482527 189.905670 168.859319 126.117488 87.958691 62.760801 484.297416 402.494889 314.574258 267.892167 186.520200 274.933915
37.000000 501.257714 365.048153 278.763245 223.791166 190.172088 169.099222 126.303379 88.096068 62.865878 484.932339 403.027679 314.997105 268.256535 186.782356 275.307110
37.050000 501.912926 365.533496 279.140736 224.099780 190.438485 169.339108 126.489257 88.233437 62.970950 485.567209 403.560424 315.419918 268.620874 187.044492 275.680276
37.100000 502.568083 366.018798 279.518197 224.408371 190.704863 169.578975 126.675121 88.370797 63.076016 486.202026 404.093125 315.842696 268.985184 187.306608 276.053411
37.150000 503.223185 366.504061 279.895628 224.716938 190.971220 169.818825 126.860973 88.508148 63.181076 486.836789 404.625783 316.265440 269.349465 187.568704 276.426517
37.200000 503.878232 366.989284 280.273028 225.025480 191.237557 170.058657 127.046812 88.645491 63.286130 487.471499 405.158396 316.688150 269.713717 187.830780 276.799592
37.250000 504.533224 367.474467 280.650399 225.333999 191.503874 170.298472 127.232638 88.782825 63.391179 488.106157 405.690965 317.110826 270.077940 188.092837 277.172639
37.300000 505.188161 367.959611 281.027739 225.642494 191.770170 170.538268 127.418450 88.920151 63.496221 488.740761 406.223490 317.533467 270.442134 188.354873 277.545655
37.350000 505.843043 368.444715 281.405049 225.950965 192.036447 170.778047 127.604250 89.057468 63.601259 489.375312 406.755972 317.956075 270.806299 188.616891 277.918642
37.400000 506.497871 368.929779 281.782330 226.259412 192.302704 171.017808 127.790038 89.194776 63.706290 490.009810 407.288409 318.378649 271.170436 188.878888 278.291600
37.450000 507.152644 369.414804 282.159580 226.567836 192.568940 171.257552 127.975812 89.332076 63.811316 490.644256 407.820803 318.801189 271.534544 189.140866 278.664528
37.500000 507.807363 369.899790 282.536801 226.876236 192.835157 171.497277 128.161573 89.469368 63.916336 491.278649 408.353154 319.223695 271.898623 189.402824 279.037426
37.550000 508.462027 370.384736 282.913992 227.184612 193.101353 171.736986 128.347322 89.606650 64.021350 491.912990 408.885461 319.646167 272.262673 189.664763 279.410295
37.600000 509.116637 370.869643 283.291154 227.492964 193.367530 171.976676 128.533057 89.743925 64.126359 492.547278 409.417725 320.068605 272.626695 189.926682 279.783135
37.650000 509.771193 371.354511 283.668285 227.801293 193.633687 172.216349 128.718780 89.881190 64.231362 493.181514 409.949945 320.491010 272.990689 190.188582 280.155945
37.700000 510.425696 371.839340 284.045387 228.109598 193.899824 172.456005 128.904490 90.018447 64.336359 493.815698 410.482122 320.913381 273.354654 190.450462 280.528727
37.750000 511.080144 372.324130 284.422460 228.417880 194.165941 172.695643 129.090188 90.155696 64.441351 494.449829 411.014256 321.335719 273.718591 190.712322 280.901479
37.800000 511.734538 372.808881 284.799503 228.726138 194.432039 172.935264 129.275873 90.292936 64.546337 495.083908 411.546347 321.758024 274.082499 190.974164 281.274202
37.850000 512.388879 373.293593 285.176516 229.034373 194.698116 173.174867 129.461545 90.430168 64.651317 495.717936 412.078394 322.180294 274.446379 191.235986 281.646896
37.900000 513.043166 373.778266 285.553501 229.342585 194.964174 173.414453 129.647204 90.567392 64.756292 496.351912 412.610399 322.602532 274.810231 191.497788 282.019561
37.950000 513.697399 374.262901 285.930455 229.650773 195.230213 173.654021 129.832850 90.704607 64.861261 496.985835 413.142361 323.024736 275.174055 191.759572 282.392196
38.000000 514.351579 374.747497 286.307381 229.958938 195.496231 173.893573 130.018484 90.841813 64.966224 497.619708 413.674280 323.446907 275.537850 192.021336 282.764803
38.050000 515.005706 375.232054 286.684277 230.267079 195.762230 174.133106 130.204106 90.979011 65.071182 498.253528 414.206157 323.869045 275.901617 192.283080 283.137382
38.100000 515.659779 375.716572 287.061144 230.575198 196.028210 174.372623 130.389715 91.116201 65.176135 498.887297 414.737990 324.291149 276.265357 192.544806 283.509931
38.150000 516.313800 376.201053 287.437982 230.883293 196.294170 174.612122 130.575311 91.253382 65.281081 499.521015 415.269782 324.713221 276.629068 192.806512 283.882451
38.200000 516.967767 376.685494 287.814791 231.191365 196.560110 174.851604 130.760894 91.390555 65.386022 500.154682 415.801530 325.135260 276.992751 193.068200 284.254943
38.250000 517.621681 377.169898 288.191571 231.499414 196.826031 175.091069 130.946466 91.527719 65.490958 500.788297 416.333237 325.557265 277.356407 193.329868 284.627406
38.300000 518.275542 377.654263 288.568321 231.807439 197.091932 175.330517 131.132024 91.664876 65.595888 501.421861 416.864900 325.979238 277.720034 193.591517 284.999841
38.350000 518.929351 378.138590 288.945043 232.115442 197.357814 175.569947 131.317570 91.802023 65.700812 502.055374 417.396522 326.401178 278.083634 193.853147 285.372247
