web/models/kne/23/Metzger_0.003617_0.467586_0.100000.dat
# %ECSV 0.9
# ---
# datatype:
# - {name: time, datatype: float64}
# - {name: sdss_u, datatype: float64}
# - {name: sdss_g, datatype: float64}
# - {name: sdss_r, datatype: float64}
# - {name: sdss_i, datatype: float64}
# - {name: sdss_z, datatype: float64}
# - {name: PS1_y, datatype: float64}
# - {name: ukirt_J, datatype: float64}
# - {name: ukirt_H, datatype: float64}
# - {name: ukirt_K, datatype: float64}
# - {name: johnson_U, datatype: float64}
# - {name: johnson_B, datatype: float64}
# - {name: johnson_V, datatype: float64}
# - {name: johnson_R, datatype: float64}
# - {name: johnson_I, datatype: float64}
# - {name: Clear, datatype: float64}
# meta: !!omap
# - comment: [vej = 0.4675862068965517, mej = 0.0036174920645118385, Ye = 0.1, redshift = 0.0]
# schema: astropy-2.0
time sdss_u sdss_g sdss_r sdss_i sdss_z PS1_y ukirt_J ukirt_H ukirt_K johnson_U johnson_B johnson_V johnson_R johnson_I Clear
[from data line 1520]
76.100000 nan 604.228063 464.694429 375.716525 321.253904 287.091442 217.630692 155.473381 114.297317 nan 665.611502 523.304593 447.694205 315.760042 459.102556
76.150000 nan 604.614283 464.995025 375.962439 321.466302 287.282791 217.779164 155.583342 114.381636 nan 666.035356 523.641170 447.984360 315.969056 459.399718
76.200000 nan 605.000490 465.295611 376.208345 321.678693 287.474134 217.927632 155.693299 114.465953 nan 666.459196 523.977735 448.274504 316.178063 459.696869
76.250000 nan 605.386683 465.596186 376.454243 321.891077 287.665472 218.076095 155.803253 114.550268 nan 666.883020 524.314290 448.564639 316.387064 459.994011
76.300000 nan 605.772864 465.896752 376.700132 322.103453 287.856803 218.224553 155.913204 114.634581 nan 667.306830 524.650832 448.854764 316.596057 460.291142
76.350000 nan 606.159031 466.197307 376.946014 322.315823 288.048127 218.373007 156.023151 114.718891 nan 667.730625 524.987363 449.144879 316.805044 460.588264
76.400000 nan 606.545184 466.497852 377.191888 322.528186 288.239446 218.521456 156.133096 114.803199 nan 668.154405 525.323883 449.434984 317.014025 460.885375
76.450000 nan 606.931325 466.798387 377.437753 322.740542 288.430759 218.669901 156.243037 114.887505 nan 668.578171 525.660391 449.725080 317.222998 461.182477
76.500000 nan 607.317452 467.098912 377.683610 322.952892 288.622065 218.818341 156.352975 114.971809 nan 669.001922 525.996888 450.015165 317.431965 461.479568
76.550000 nan 607.703566 467.399426 377.929459 323.165234 288.813366 218.966776 156.462910 115.056110 nan 669.425659 526.333373 450.305242 317.640924 461.776649
76.600000 nan 608.089666 467.699931 378.175300 323.377569 289.004660 219.115207 156.572842 115.140409 nan 669.849381 526.669847 450.595308 317.849878 462.073721
76.650000 nan 608.475754 468.000425 378.421133 323.589898 289.195948 219.263634 156.682771 115.224707 nan 670.273088 527.006310 450.885365 318.058824 462.370782
76.700000 nan 608.861828 468.300910 378.666958 323.802220 289.387230 219.412056 156.792697 115.309001 nan 670.696781 527.342761 451.175412 318.267764 462.667834
76.750000 nan 609.247889 468.601384 378.912774 324.014535 289.578506 219.560473 156.902619 115.393294 nan 671.120459 527.679201 451.465449 318.476696 462.964875
76.800000 nan 609.633937 468.901848 379.158583 324.226842 289.769776 219.708886 157.012539 115.477585 nan 671.544122 528.015629 451.755476 318.685622 463.261907
76.850000 nan 610.019971 469.202302 379.404383 324.439144 289.961039 219.857294 157.122455 115.561873 nan 671.967771 528.352046 452.045494 318.894542 463.558928
76.900000 nan 610.405993 469.502746 379.650176 324.651438 290.152297 220.005698 157.232368 115.646159 nan 672.391406 528.688452 452.335502 319.103454 463.855940
76.950000 nan 610.792001 469.803180 379.895960 324.863725 290.343548 220.154097 157.342278 115.730443 nan 672.815026 529.024846 452.625501 319.312360 464.152942
77.000000 nan 611.177996 470.103604 380.141736 325.076006 290.534794 220.302492 157.452185 115.814724 nan 673.238631 529.361229 452.915490 319.521260 464.449933
77.050000 nan 611.563978 470.404018 380.387505 325.288279 290.726033 220.450882 157.562088 115.899004 nan 673.662222 529.697600 453.205469 319.730152 464.746915
77.100000 nan 611.949947 470.704422 380.633265 325.500546 290.917267 220.599268 157.671989 115.983281 nan 674.085799 530.033960 453.495438 319.939038 465.043887
77.150000 nan 612.335903 471.004816 380.879017 325.712806 291.108494 220.747649 157.781887 116.067556 nan 674.509361 530.370309 453.785398 320.147917 465.340849
77.200000 nan 612.721846 471.305200 381.124761 325.925060 291.299715 220.896026 157.891781 116.151829 nan 674.932908 530.706647 454.075349 320.356789 465.637802
77.250000 nan 613.107775 471.605574 381.370497 326.137306 291.490930 221.044398 158.001672 116.236100 nan 675.356441 531.042973 454.365289 320.565655 465.934744
77.300000 nan 613.493692 471.905937 381.616225 326.349546 291.682139 221.192765 158.111560 116.320369 nan 675.779960 531.379288 454.655220 320.774514 466.231676
77.350000 nan 613.879595 472.206291 381.861946 326.561778 291.873342 221.341128 158.221445 116.404635 nan 676.203464 531.715592 454.945142 320.983366 466.528599
77.400000 nan 614.265485 472.506635 382.107658 326.774004 292.064539 221.489487 158.331327 116.488899 nan 676.626954 532.051884 455.235053 321.192212 466.825512
77.450000 nan 614.651363 472.806969 382.353362 326.986224 292.255730 221.637841 158.441206 116.573161 nan 677.050429 532.388166 455.524956 321.401051 467.122415
77.500000 nan 615.037227 473.107293 382.599058 327.198436 292.446915 221.786191 158.551082 116.657421 nan 677.473890 532.724436 455.814848 321.609883 467.419308
77.550000 nan 615.423078 473.407607 382.844746 327.410642 292.638094 221.934536 158.660954 116.741679 nan 677.897337 533.060694 456.104731 321.818709 467.716191
77.600000 nan 615.808916 473.707911 383.090426 327.622841 292.829267 222.082877 158.770824 116.825934 nan 678.320769 533.396942 456.394605 322.027528 468.013065
77.650000 nan 616.194741 474.008206 383.336098 327.835033 293.020434 222.231213 158.880690 116.910187 nan 678.744187 533.733178 456.684469 322.236340 468.309928
77.700000 nan 616.580554 474.308490 383.581762 328.047218 293.211595 222.379545 158.990554 116.994438 nan 679.167590 534.069403 456.974323 322.445146 468.606782
77.750000 nan 616.966353 474.608764 383.827419 328.259397 293.402749 222.527872 159.100414 117.078687 nan 679.590979 534.405617 457.264168 322.653945 468.903626
77.800000 nan 617.352139 474.909029 384.073067 328.471569 293.593898 222.676195 159.210271 117.162934 nan 680.014354 534.741819 457.554003 322.862737 469.200460
77.850000 nan 617.737912 475.209283 384.318707 328.683734 293.785041 222.824513 159.320125 117.247179 nan 680.437715 535.078011 457.843829 323.071523 469.497285
77.900000 nan 618.123673 475.509528 384.564340 328.895892 293.976178 222.972827 159.429976 117.331421 nan 680.861061 535.414191 458.133645 323.280302 469.794099
77.950000 nan 618.509420 475.809763 384.809964 329.108044 294.167309 223.121137 159.539824 117.415662 nan 681.284393 535.750360 458.423452 323.489075 470.090904
78.000000 nan 618.895155 476.109987 385.055581 329.320188 294.358434 223.269442 159.649669 117.499900 nan 681.707711 536.086518 458.713249 323.697841 470.387700
78.050000 nan 619.280876 476.410202 385.301189 329.532327 294.549553 223.417742 159.759511 117.584136 nan 682.131014 536.422665 459.003037 323.906600 470.684485
78.100000 nan 619.666585 476.710407 385.546790 329.744458 294.740666 223.566038 159.869349 117.668369 nan 682.554303 536.758800 459.292815 324.115353 470.981261
78.150000 nan 620.052281 477.010603 385.792383 329.956583 294.931773 223.714330 159.979185 117.752601 nan 682.977578 537.094925 459.582584 324.324099 471.278027
78.200000 nan 620.437963 477.310788 386.037967 330.168701 295.122874 223.862617 160.089018 117.836831 nan 683.400839 537.431038 459.872343 324.532839 471.574783
78.250000 nan 620.823633 477.610964 386.283544 330.380812 295.313969 224.010900 160.198847 117.921058 nan 683.824085 537.767140 460.162093 324.741571 471.871529
78.300000 nan 621.209290 477.911130 386.529114 330.592917 295.505058 224.159178 160.308673 118.005283 nan 684.247318 538.103232 460.451834 324.950298 472.168266
78.350000 nan 621.594935 478.211286 386.774675 330.805014 295.696141 224.307452 160.418497 118.089506 nan 684.670536 538.439312 460.741564 325.159018 472.464993
78.400000 nan 621.980566 478.511432 387.020228 331.017106 295.887218 224.455722 160.528317 118.173727 nan 685.093740 538.775381 461.031286 325.367731 472.761711
78.450000 nan 622.366185 478.811568 387.265774 331.229190 296.078290 224.603987 160.638134 118.257946 nan 685.516930 539.111438 461.320998 325.576438 473.058419
78.500000 nan 622.751790 479.111695 387.511311 331.441268 296.269355 224.752248 160.747949 118.342162 nan 685.940105 539.447485 461.610701 325.785138 473.355117
78.550000 nan 623.137383 479.411811 387.756841 331.653339 296.460415 224.900504 160.857760 118.426376 nan 686.363267 539.783521 461.900394 325.993831 473.651805
78.600000 nan 623.522964 479.711918 388.002363 331.865404 296.651468 225.048756 160.967568 118.510589 nan 686.786414 540.119546 462.190078 326.202518 473.948484
78.650000 nan 623.908531 480.012015 388.247877 332.077462 296.842516 225.197003 161.077373 118.594799 nan 687.209547 540.455559 462.479752 326.411199 474.245153
78.700000 nan 624.294085 480.312103 388.493383 332.289513 297.033557 225.345246 161.187175 118.679007 nan 687.632666 540.791562 462.769417 326.619873 474.541812
78.750000 nan 624.679627 480.612181 388.738882 332.501557 297.224593 225.493485 161.296974 118.763213 nan 688.055772 541.127554 463.059073 326.828540 474.838462
78.800000 nan 625.065156 480.912249 388.984372 332.713595 297.415623 225.641719 161.406770 118.847416 nan 688.478862 541.463534 463.348719 327.037201 475.135102
78.850000 nan 625.450673 481.212307 389.229855 332.925626 297.606647 225.789949 161.516562 118.931618 nan 688.901939 541.799504 463.638356 327.245855 475.431733
78.900000 nan 625.836176 481.512355 389.475330 333.137651 297.797665 225.938174 161.626352 119.015817 nan 689.325002 542.135462 463.927983 327.454503 475.728354
78.950000 nan 626.221667 481.812394 389.720797 333.349669 297.988677 226.086395 161.736139 119.100015 nan 689.748051 542.471410 464.217601 327.663145 476.024965
79.000000 nan 626.607145 482.112423 389.966256 333.561680 298.179683 226.234612 161.845923 119.184210 nan 690.171086 542.807347 464.507210 327.871780 476.321567
79.050000 nan 626.992610 482.412442 390.211708 333.773685 298.370684 226.382824 161.955703 119.268403 nan 690.594106 543.143272 464.796810 328.080408 476.618159
79.100000 nan 627.378063 482.712452 390.457152 333.985683 298.561678 226.531032 162.065481 119.352594 nan 691.017113 543.479187 465.086400 328.289030 476.914742
79.150000 nan 627.763503 483.012452 390.702588 334.197675 298.752667 226.679236 162.175256 119.436782 nan 691.440106 543.815091 465.375980 328.497645 477.211315
79.200000 nan 628.148930 483.312442 390.948016 334.409660 298.943650 226.827435 162.285027 119.520969 nan 691.863084 544.150984 465.665552 328.706254 477.507878
79.250000 nan 628.534345 483.612423 391.193436 334.621638 299.134627 226.975630 162.394796 119.605153 nan 692.286049 544.486865 465.955114 328.914856 477.804432
79.300000 nan 628.919747 483.912394 391.438849 334.833610 299.325598 227.123820 162.504562 119.689336 nan 692.709000 544.822736 466.244667 329.123452 478.100977
79.350000 nan 629.305137 484.212355 391.684254 335.045575 299.516563 227.272007 162.614324 119.773516 nan 693.131937 545.158596 466.534210 329.332042 478.397512
79.400000 nan 629.690513 484.512306 391.929651 335.257534 299.707522 227.420188 162.724084 119.857694 nan 693.554860 545.494446 466.823745 329.540625 478.694037
79.450000 nan 630.075877 484.812248 392.175040 335.469486 299.898476 227.568366 162.833840 119.941870 nan 693.977769 545.830284 467.113270 329.749201 478.990553
79.500000 nan 630.461229 485.112181 392.420422 335.681431 300.089423 227.716539 162.943594 120.026044 nan 694.400664 546.166111 467.402785 329.957771 479.287059
79.550000 nan 630.846568 485.412103 392.665796 335.893370 300.280365 227.864707 163.053344 120.110216 nan 694.823545 546.501928 467.692292 330.166335 479.583556
79.600000 nan 631.231894 485.712016 392.911162 336.105302 300.471301 228.012872 163.163092 120.194385 nan 695.246412 546.837733 467.981789 330.374892 479.880043
79.650000 nan 631.617208 486.011920 393.156521 336.317228 300.662231 228.161032 163.272836 120.278553 nan 695.669265 547.173528 468.271277 330.583443 480.176521
79.700000 nan 632.002509 486.311814 393.401872 336.529147 300.853156 228.309187 163.382578 120.362718 nan 696.092105 547.509312 468.560755 330.791987 480.472989
79.750000 nan 632.387798 486.611698 393.647215 336.741060 301.044074 228.457339 163.492316 120.446882 nan 696.514930 547.845085 468.850225 331.000525 480.769448
79.800000 nan 632.773074 486.911572 393.892550 336.952966 301.234987 228.605486 163.602052 120.531043 nan 696.937742 548.180847 469.139685 331.209056 481.065897
79.850000 nan 633.158337 487.211437 394.137878 337.164865 301.425894 228.753628 163.711784 120.615202 nan 697.360540 548.516599 469.429136 331.417581 481.362337
79.900000 nan 633.543588 487.511293 394.383198 337.376758 301.616795 228.901767 163.821514 120.699359 nan 697.783324 548.852339 469.718578 331.626100 481.658767
79.950000 nan 633.928826 487.811139 394.628510 337.588645 301.807690 229.049901 163.931240 120.783514 nan 698.206094 549.188069 470.008010 331.834612 481.955188
80.000000 nan 634.314052 488.110975 394.873815 337.800525 301.998580 229.198030 164.040964 120.867666 nan 698.628850 549.523788 470.297434 332.043118 482.251599
80.050000 nan 634.699266 488.410802 395.119112 338.012398 302.189464 229.346156 164.150684 120.951817 nan 699.051593 549.859496 470.586848 332.251617 482.548001
80.100000 nan 635.084467 488.710619 395.364401 338.224265 302.380342 229.494277 164.260402 121.035966 nan 699.474322 550.195193 470.876253 332.460110 482.844394
80.150000 nan 635.469655 489.010427 395.609683 338.436126 302.571214 229.642394 164.370116 121.120112 nan 699.897037 550.530880 471.165649 332.668597 483.140777
80.200000 nan 635.854831 489.310225 395.854957 338.647980 302.762080 229.790506 164.479828 121.204256 nan 700.319738 550.866556 471.455035 332.877077 483.437151
80.250000 nan 636.239995 489.610014 396.100223 338.859827 302.952941 229.938614 164.589537 121.288399 nan 700.742426 551.202221 471.744413 333.085551 483.733515
80.300000 nan 636.625146 489.909793 396.345482 339.071668 303.143796 230.086718 164.699242 121.372539 nan 701.165100 551.537875 472.033781 333.294019 484.029870
80.350000 nan 637.010284 490.209563 396.590733 339.283503 303.334645 230.234818 164.808945 121.456677 nan 701.587760 551.873519 472.323140 333.502480 484.326216
80.400000 nan 637.395411 490.509323 396.835976 339.495331 303.525488 230.382913 164.918645 121.540813 nan 702.010406 552.209152 472.612490 333.710934 484.622552
80.450000 nan 637.780524 490.809073 397.081212 339.707152 303.716326 230.531004 165.028341 121.624947 nan 702.433039 552.544774 472.901831 333.919383 484.918879
80.500000 nan 638.165626 491.108815 397.326440 339.918967 303.907157 230.679091 165.138035 121.709078 nan 702.855658 552.880385 473.191163 334.127825 485.215197
80.550000 nan 638.550715 491.408546 397.571661 340.130776 304.097984 230.827173 165.247726 121.793208 nan 703.278263 553.215986 473.480486 334.336261 485.511505
80.600000 nan 638.935791 491.708268 397.816874 340.342578 304.288804 230.975252 165.357414 121.877336 nan 703.700854 553.551576 473.769799 334.544690 485.807804
80.650000 nan 639.320856 492.007981 398.062080 340.554374 304.479618 231.123325 165.467099 121.961461 nan 704.123432 553.887155 474.059104 334.753113 486.104093
80.700000 nan 639.705907 492.307685 398.307277 340.766163 304.670427 231.271395 165.576780 122.045585 nan 704.545997 554.222724 474.348399 334.961530 486.400373
80.750000 nan 640.090947 492.607378 398.552468 340.977946 304.861230 231.419460 165.686459 122.129706 nan 704.968547 554.558282 474.637685 335.169940 486.696644
80.800000 nan 640.475974 492.907063 398.797650 341.189722 305.052028 231.567521 165.796135 122.213825 nan 705.391084 554.893829 474.926962 335.378344 486.992905
80.850000 nan 640.860989 493.206738 399.042825 341.401492 305.242820 231.715578 165.905808 122.297942 nan 705.813608 555.229366 475.216230 335.586742 487.289157
80.900000 nan 641.245991 493.506403 399.287993 341.613255 305.433606 231.863631 166.015479 122.382057 nan 706.236117 555.564892 475.505489 335.795133 487.585400
80.950000 nan 641.630981 493.806060 399.533153 341.825012 305.624386 232.011679 166.125146 122.466170 nan 706.658614 555.900407 475.794739 336.003518 487.881634
