web/models/kne/23/Metzger_0.004482_0.127241_0.450000.dat
# %ECSV 0.9
# ---
# datatype:
# - {name: time, datatype: float64}
# - {name: sdss_u, datatype: float64}
# - {name: sdss_g, datatype: float64}
# - {name: sdss_r, datatype: float64}
# - {name: sdss_i, datatype: float64}
# - {name: sdss_z, datatype: float64}
# - {name: PS1_y, datatype: float64}
# - {name: ukirt_J, datatype: float64}
# - {name: ukirt_H, datatype: float64}
# - {name: ukirt_K, datatype: float64}
# - {name: johnson_U, datatype: float64}
# - {name: johnson_B, datatype: float64}
# - {name: johnson_V, datatype: float64}
# - {name: johnson_R, datatype: float64}
# - {name: johnson_I, datatype: float64}
# - {name: Clear, datatype: float64}
# meta: !!omap
# - comment: [vej = 0.12724137931034482, mej = 0.004482037834891008, Ye = 0.45, redshift = 0.0]
# schema: astropy-2.0
time sdss_u sdss_g sdss_r sdss_i sdss_z PS1_y ukirt_J ukirt_H ukirt_K johnson_U johnson_B johnson_V johnson_R johnson_I Clear
[from data line 602]
30.200000 147.436552 103.308350 75.486597 57.850395 47.115982 40.414524 26.894772 14.982787 7.259986 142.137984 115.592112 87.152934 72.109284 46.036429 74.375345
30.250000 147.698158 103.501507 75.636295 57.972339 47.220915 40.508775 26.967260 15.035728 7.299914 142.391392 115.804369 87.320894 72.253683 46.139646 74.523300
30.300000 147.959741 103.694649 75.785984 58.094277 47.325844 40.603021 27.039747 15.088670 7.339843 142.644780 116.016610 87.488843 72.398072 46.242857 74.671245
30.350000 148.221303 103.887777 75.935662 58.216208 47.430767 40.697263 27.112231 15.141612 7.379773 142.898146 116.228835 87.656779 72.542452 46.346063 74.819181
30.400000 148.482843 104.080890 76.085330 58.338131 47.535684 40.791501 27.184713 15.194554 7.419705 143.151493 116.441043 87.824704 72.686822 46.449264 74.967107
30.450000 148.744362 104.273989 76.234989 58.460047 47.640596 40.885735 27.257194 15.247496 7.459638 143.404818 116.653235 87.992617 72.831183 46.552459 75.115023
30.500000 149.005859 104.467073 76.384637 58.581957 47.745503 40.979964 27.329672 15.300438 7.499573 143.658123 116.865410 88.160518 72.975535 46.655650 75.262929
30.550000 149.267335 104.660143 76.534276 58.703859 47.850405 41.074189 27.402149 15.353380 7.539509 143.911407 117.077569 88.328408 73.119877 46.758835 75.410826
30.600000 149.528790 104.853199 76.683904 58.825754 47.955301 41.168410 27.474623 15.406322 7.579446 144.164671 117.289712 88.496285 73.264210 46.862015 75.558712
30.650000 149.790223 105.046240 76.833523 58.947642 48.060192 41.262627 27.547095 15.459264 7.619385 144.417914 117.501838 88.664151 73.408533 46.965190 75.706589
30.700000 150.051635 105.239267 76.983132 59.069523 48.165077 41.356840 27.619566 15.512206 7.659325 144.671137 117.713948 88.832005 73.552847 47.068360 75.854457
30.750000 150.313025 105.432280 77.132731 59.191397 48.269958 41.451048 27.692034 15.565148 7.699267 144.924339 117.926042 88.999848 73.697152 47.171525 76.002315
30.800000 150.574395 105.625278 77.282320 59.313264 48.374833 41.545252 27.764501 15.618090 7.739209 145.177521 118.138120 89.167678 73.841448 47.274685 76.150163
30.850000 150.835743 105.818262 77.431899 59.435124 48.479702 41.639452 27.836965 15.671032 7.779153 145.430683 118.350181 89.335497 73.985734 47.377839 76.298001
30.900000 151.097070 106.011232 77.581469 59.556977 48.584567 41.733648 27.909428 15.723974 7.819098 145.683824 118.562227 89.503305 74.130011 47.480989 76.445830
30.950000 151.358376 106.204188 77.731029 59.678823 48.689426 41.827839 27.981888 15.776916 7.859045 145.936945 118.774256 89.671101 74.274279 47.584133 76.593649
31.000000 151.619661 106.397130 77.880579 59.800662 48.794280 41.922027 28.054347 15.829858 7.898993 146.190046 118.986269 89.838885 74.418537 47.687272 76.741459
31.050000 151.880925 106.590057 78.030119 59.922495 48.899129 42.016210 28.126803 15.882800 7.938942 146.443126 119.198266 90.006657 74.562786 47.790407 76.889259
31.100000 152.142168 106.782971 78.179649 60.044320 49.003972 42.110389 28.199258 15.935742 7.978892 146.696187 119.410247 90.174418 74.707026 47.893536 77.037049
31.150000 152.403390 106.975870 78.329170 60.166138 49.108810 42.204564 28.271710 15.988684 8.018844 146.949227 119.622213 90.342167 74.851257 47.996660 77.184830
31.200000 152.664591 107.168755 78.478681 60.287949 49.213643 42.298734 28.344161 16.041625 8.058797 147.202247 119.834162 90.509905 74.995479 48.099779 77.332601
31.250000 152.925772 107.361627 78.628182 60.409753 49.318471 42.392901 28.416609 16.094567 8.098751 147.455248 120.046095 90.677632 75.139691 48.202893 77.480363
31.300000 153.186931 107.554484 78.777674 60.531551 49.423293 42.487063 28.489056 16.147509 8.138707 147.708228 120.258012 90.845346 75.283895 48.306001 77.628115
31.350000 153.448070 107.747327 78.927156 60.653341 49.528110 42.581221 28.561500 16.200450 8.178663 147.961188 120.469914 91.013050 75.428089 48.409105 77.775858
31.400000 153.709188 107.940156 79.076628 60.775125 49.632922 42.675375 28.633943 16.253392 8.218621 148.214129 120.681799 91.180742 75.572274 48.512204 77.923591
31.450000 153.970285 108.132972 79.226091 60.896901 49.737729 42.769525 28.706383 16.306333 8.258580 148.467049 120.893669 91.348422 75.716450 48.615298 78.071315
31.500000 154.231362 108.325773 79.375544 61.018671 49.842531 42.863671 28.778821 16.359275 8.298540 148.719950 121.105523 91.516091 75.860617 48.718386 78.219029
31.550000 154.492418 108.518561 79.524987 61.140434 49.947327 42.957812 28.851258 16.412216 8.338502 148.972831 121.317361 91.683749 76.004774 48.821470 78.366734
31.600000 154.753453 108.711335 79.674421 61.262190 50.052118 43.051950 28.923692 16.465157 8.378464 149.225692 121.529184 91.851395 76.148923 48.924548 78.514430
31.650000 155.014468 108.904095 79.823845 61.383939 50.156904 43.146083 28.996125 16.518098 8.418428 149.478533 121.740991 92.019030 76.293063 49.027622 78.662116
31.700000 155.275463 109.096841 79.973260 61.505682 50.261685 43.240212 29.068555 16.571039 8.458393 149.731355 121.952782 92.186653 76.437193 49.130691 78.809793
31.750000 155.536437 109.289573 80.122665 61.627417 50.366461 43.334337 29.140983 16.623980 8.498359 149.984157 122.164558 92.354266 76.581315 49.233754 78.957460
31.800000 155.797390 109.482292 80.272061 61.749146 50.471231 43.428458 29.213410 16.676921 8.538326 150.236939 122.376317 92.521867 76.725428 49.336813 79.105118
31.850000 156.058324 109.674997 80.421447 61.870868 50.575996 43.522574 29.285834 16.729861 8.578295 150.489702 122.588062 92.689456 76.869531 49.439866 79.252767
31.900000 156.319237 109.867688 80.570824 61.992583 50.680756 43.616687 29.358256 16.782802 8.618264 150.742446 122.799791 92.857035 77.013626 49.542915 79.400406
31.950000 156.580129 110.060365 80.720191 62.114291 50.785511 43.710795 29.430677 16.835742 8.658235 150.995169 123.011504 93.024602 77.157711 49.645958 79.548036
32.000000 156.841002 110.253029 80.869549 62.235992 50.890261 43.804900 29.503095 16.888682 8.698207 151.247874 123.223202 93.192158 77.301788 49.748997 79.695657
32.050000 157.101854 110.445679 81.018897 62.357687 50.995006 43.899000 29.575511 16.941623 8.738179 151.500559 123.434884 93.359702 77.445856 49.852030 79.843269
32.100000 157.362686 110.638316 81.168236 62.479375 51.099746 43.993096 29.647926 16.994562 8.778153 151.753224 123.646551 93.527236 77.589915 49.955059 79.990871
32.150000 157.623498 110.830939 81.317565 62.601056 51.204480 44.087188 29.720338 17.047502 8.818129 152.005870 123.858202 93.694758 77.733964 50.058083 80.138464
32.200000 157.884289 111.023548 81.466885 62.722730 51.309209 44.181276 29.792748 17.100442 8.858105 152.258497 124.069838 93.862269 77.878005 50.161101 80.286048
32.250000 158.145061 111.216144 81.616196 62.844398 51.413933 44.275360 29.865156 17.153381 8.898082 152.511105 124.281459 94.029769 78.022038 50.264115 80.433622
32.300000 158.405812 111.408727 81.765497 62.966059 51.518652 44.369439 29.937562 17.206321 8.938060 152.763693 124.493064 94.197258 78.166061 50.367124 80.581187
32.350000 158.666544 111.601295 81.914789 63.087713 51.623366 44.463515 30.009967 17.259260 8.978040 153.016262 124.704654 94.364736 78.310075 50.470128 80.728743
32.400000 158.927256 111.793851 82.064071 63.209361 51.728075 44.557586 30.082369 17.312199 9.018020 153.268812 124.916229 94.532203 78.454081 50.573127 80.876290
32.450000 159.187947 111.986393 82.213345 63.331001 51.832779 44.651654 30.154769 17.365138 9.058002 153.521343 125.127789 94.699659 78.598077 50.676121 81.023828
32.500000 159.448619 112.178921 82.362609 63.452636 51.937478 44.745717 30.227167 17.418076 9.097984 153.773854 125.339333 94.867103 78.742065 50.779110 81.171357
32.550000 159.709271 112.371437 82.511863 63.574263 52.042171 44.839776 30.299563 17.471015 9.137968 154.026347 125.550862 95.034537 78.886044 50.882094 81.318876
32.600000 159.969904 112.563938 82.661108 63.695884 52.146860 44.933832 30.371957 17.523953 9.177953 154.278820 125.762376 95.201960 79.030015 50.985073 81.466386
32.650000 160.230516 112.756427 82.810344 63.817498 52.251543 45.027883 30.444349 17.576891 9.217938 154.531275 125.973875 95.369371 79.173976 51.088047 81.613888
32.700000 160.491109 112.948902 82.959571 63.939105 52.356222 45.121930 30.516739 17.629829 9.257925 154.783711 126.185358 95.536772 79.317929 51.191017 81.761380
32.750000 160.751682 113.141364 83.108789 64.060706 52.460895 45.215973 30.589127 17.682767 9.297913 155.036127 126.396827 95.704162 79.461873 51.293981 81.908863
32.800000 161.012235 113.333812 83.257997 64.182300 52.565563 45.310012 30.661512 17.735704 9.337901 155.288525 126.608281 95.871541 79.605808 51.396941 82.056337
32.850000 161.272769 113.526248 83.407196 64.303887 52.670226 45.404047 30.733896 17.788641 9.377891 155.540904 126.819719 96.038909 79.749735 51.499896 82.203802
32.900000 161.533283 113.718670 83.556386 64.425468 52.774884 45.498077 30.806278 17.841578 9.417882 155.793264 127.031142 96.206265 79.893653 51.602845 82.351258
32.950000 161.793777 113.911079 83.705567 64.547042 52.879538 45.592104 30.878658 17.894515 9.457874 156.045605 127.242551 96.373612 80.037562 51.705790 82.498704
33.000000 162.054252 114.103474 83.854738 64.668610 52.984186 45.686127 30.951036 17.947452 9.497866 156.297928 127.453945 96.540947 80.181462 51.808730 82.646142
33.050000 162.314708 114.295857 84.003900 64.790171 53.088829 45.780146 31.023411 18.000388 9.537860 156.550231 127.665323 96.708271 80.325354 51.911666 82.793571
33.100000 162.575144 114.488226 84.153054 64.911725 53.193467 45.874160 31.095785 18.053324 9.577854 156.802516 127.876687 96.875585 80.469237 52.014596 82.940991
33.150000 162.835561 114.680582 84.302198 65.033273 53.298100 45.968171 31.168157 18.106260 9.617850 157.054783 128.088036 97.042888 80.613112 52.117521 83.088402
33.200000 163.095958 114.872925 84.451333 65.154815 53.402728 46.062177 31.240526 18.159196 9.657846 157.307031 128.299370 97.210180 80.756978 52.220442 83.235804
33.250000 163.356336 115.065255 84.600459 65.276349 53.507351 46.156180 31.312894 18.212131 9.697844 157.559260 128.510689 97.377461 80.900835 52.323358 83.383197
33.300000 163.616695 115.257572 84.749575 65.397877 53.611969 46.250178 31.385259 18.265066 9.737842 157.811470 128.721993 97.544731 81.044683 52.426269 83.530581
33.350000 163.877034 115.449876 84.898683 65.519399 53.716582 46.344173 31.457623 18.318001 9.777842 158.063663 128.933283 97.711991 81.188523 52.529175 83.677956
33.400000 164.137354 115.642167 85.047782 65.640914 53.821190 46.438163 31.529984 18.370935 9.817842 158.315836 129.144557 97.879240 81.332355 52.632076 83.825322
33.450000 164.397655 115.834445 85.196871 65.762423 53.925793 46.532150 31.602344 18.423870 9.857843 158.567991 129.355818 98.046478 81.476178 52.734973 83.972680
33.500000 164.657937 116.026710 85.345952 65.883925 54.030391 46.626132 31.674701 18.476804 9.897845 158.820128 129.567063 98.213706 81.619992 52.837864 84.120028
33.550000 164.918200 116.218962 85.495023 66.005420 54.134984 46.720111 31.747056 18.529738 9.937848 159.072246 129.778294 98.380923 81.763798 52.940751 84.267368
33.600000 165.178443 116.411201 85.644086 66.126909 54.239572 46.814085 31.819410 18.582671 9.977852 159.324346 129.989510 98.548129 81.907595 53.043633 84.414699
33.650000 165.438668 116.603427 85.793139 66.248392 54.344155 46.908056 31.891761 18.635604 10.017857 159.576428 130.200711 98.715325 82.051384 53.146510 84.562020
33.700000 165.698873 116.795640 85.942184 66.369868 54.448733 47.002022 31.964110 18.688537 10.057862 159.828491 130.411898 98.882510 82.195164 53.249382 84.709334
33.750000 165.959060 116.987841 86.091219 66.491337 54.553306 47.095985 32.036457 18.741470 10.097869 160.080536 130.623070 99.049684 82.338936 53.352250 84.856638
33.800000 166.219227 117.180028 86.240246 66.612800 54.657875 47.189943 32.108802 18.794402 10.137876 160.332563 130.834228 99.216848 82.482699 53.455113 85.003933
33.850000 166.479376 117.372203 86.389264 66.734257 54.762438 47.283897 32.181145 18.847334 10.177884 160.584572 131.045371 99.384001 82.626454 53.557971 85.151220
33.900000 166.739505 117.564365 86.538273 66.855707 54.866996 47.377848 32.253487 18.900266 10.217893 160.836562 131.256500 99.551144 82.770201 53.660824 85.298498
33.950000 166.999616 117.756514 86.687272 66.977151 54.971550 47.471794 32.325825 18.953198 10.257903 161.088535 131.467614 99.718276 82.913938 53.763672 85.445767
34.000000 167.259708 117.948651 86.836263 67.098588 55.076098 47.565737 32.398162 19.006129 10.297914 161.340489 131.678714 99.885398 83.057668 53.866516 85.593028
34.050000 167.519781 118.140774 86.985245 67.220019 55.180642 47.659676 32.470497 19.059060 10.337926 161.592425 131.889799 100.052509 83.201389 53.969355 85.740279
34.100000 167.779835 118.332885 87.134219 67.341444 55.285181 47.753610 32.542830 19.111990 10.377938 161.844343 132.100870 100.219610 83.345102 54.072189 85.887522
34.150000 168.039871 118.524984 87.283183 67.462862 55.389715 47.847541 32.615161 19.164920 10.417951 162.096243 132.311927 100.386700 83.488806 54.175018 86.034757
34.200000 168.299888 118.717069 87.432139 67.584273 55.494243 47.941467 32.687490 19.217850 10.457966 162.348125 132.522969 100.553779 83.632502 54.277843 86.181982
34.250000 168.559886 118.909142 87.581085 67.705679 55.598767 48.035390 32.759817 19.270780 10.497981 162.599989 132.733997 100.720849 83.776190 54.380663 86.329199
34.300000 168.819866 119.101203 87.730023 67.827077 55.703287 48.129309 32.832141 19.323709 10.537996 162.851836 132.945010 100.887908 83.919869 54.483478 86.476408
34.350000 169.079827 119.293250 87.878952 67.948470 55.807801 48.223224 32.904464 19.376638 10.578013 163.103664 133.156010 101.054956 84.063540 54.586288 86.623607
34.400000 169.339770 119.485286 88.027872 68.069856 55.912310 48.317135 32.976784 19.429566 10.618030 163.355475 133.366995 101.221994 84.207202 54.689094 86.770798
34.450000 169.599693 119.677308 88.176784 68.191236 56.016815 48.411041 33.049103 19.482495 10.658048 163.607267 133.577965 101.389022 84.350856 54.791895 86.917980
34.500000 169.859599 119.869318 88.325687 68.312609 56.121314 48.504944 33.121419 19.535422 10.698067 163.859042 133.788922 101.556039 84.494502 54.894691 87.065154
34.550000 170.119486 120.061316 88.474580 68.433976 56.225809 48.598843 33.193734 19.588350 10.738087 164.110799 133.999864 101.723046 84.638140 54.997483 87.212319
34.600000 170.379354 120.253301 88.623466 68.555337 56.330299 48.692739 33.266046 19.641277 10.778107 164.362539 134.210793 101.890043 84.781769 55.100269 87.359476
34.650000 170.639204 120.445273 88.772342 68.676691 56.434784 48.786630 33.338357 19.694204 10.818129 164.614260 134.421707 102.057029 84.925390 55.203052 87.506624
34.700000 170.899036 120.637233 88.921210 68.798040 56.539264 48.880517 33.410665 19.747130 10.858151 164.865965 134.632607 102.224006 85.069003 55.305829 87.653763
34.750000 171.158850 120.829181 89.070069 68.919381 56.643739 48.974400 33.482971 19.800056 10.898174 165.117651 134.843492 102.390971 85.212608 55.408602 87.800894
34.800000 171.418645 121.021116 89.218919 69.040717 56.748210 49.068280 33.555275 19.852982 10.938197 165.369320 135.054364 102.557927 85.356204 55.511370 87.948016
34.850000 171.678421 121.213039 89.367761 69.162046 56.852676 49.162155 33.627578 19.905907 10.978221 165.620971 135.265222 102.724872 85.499792 55.614133 88.095130
34.900000 171.938180 121.404949 89.516594 69.283369 56.957136 49.256027 33.699878 19.958832 11.018246 165.872605 135.476066 102.891807 85.643372 55.716892 88.242235
34.950000 172.197920 121.596847 89.665419 69.404686 57.061592 49.349894 33.772176 20.011757 11.058272 166.124221 135.686895 103.058732 85.786944 55.819645 88.389332
35.000000 172.457642 121.788733 89.814234 69.525996 57.166044 49.443758 33.844472 20.064681 11.098299 166.375819 135.897711 103.225647 85.930507 55.922395 88.536420
