web/models/kne/23/Metzger_0.138217_0.192069_0.450000.dat
# %ECSV 0.9
# ---
# datatype:
# - {name: time, datatype: float64}
# - {name: sdss_u, datatype: float64}
# - {name: sdss_g, datatype: float64}
# - {name: sdss_r, datatype: float64}
# - {name: sdss_i, datatype: float64}
# - {name: sdss_z, datatype: float64}
# - {name: PS1_y, datatype: float64}
# - {name: ukirt_J, datatype: float64}
# - {name: ukirt_H, datatype: float64}
# - {name: ukirt_K, datatype: float64}
# - {name: johnson_U, datatype: float64}
# - {name: johnson_B, datatype: float64}
# - {name: johnson_V, datatype: float64}
# - {name: johnson_R, datatype: float64}
# - {name: johnson_I, datatype: float64}
# - {name: Clear, datatype: float64}
# meta: !!omap
# - comment: [vej = 0.19206896551724137, mej = 0.13821730389118514, Ye = 0.45, redshift = 0.0]
# schema: astropy-2.0
time sdss_u sdss_g sdss_r sdss_i sdss_z PS1_y ukirt_J ukirt_H ukirt_K johnson_U johnson_B johnson_V johnson_R johnson_I Clear
[from data line 1196]
59.900000 142.877434 99.309207 71.842986 54.433835 43.838591 37.224530 23.882815 12.130740 4.514407 137.645922 111.436704 83.359920 68.509029 42.773087 70.745994
59.950000 143.009852 99.406980 71.918763 54.495563 43.891709 37.272241 23.919511 12.157542 4.534623 137.774192 111.544145 83.444940 68.582123 42.825337 70.820888
60.000000 143.142264 99.504749 71.994536 54.557291 43.944827 37.319952 23.956207 12.184345 4.554839 137.902456 111.651582 83.529956 68.655215 42.877585 70.895779
60.050000 143.274672 99.602515 72.070308 54.619016 43.997943 37.367661 23.992903 12.211148 4.575055 138.030715 111.759014 83.614970 68.728304 42.929832 70.970669
60.100000 143.407074 99.700277 72.146077 54.680740 44.051058 37.415369 24.029598 12.237952 4.595272 138.158969 111.866443 83.699982 68.801391 42.982077 71.045556
60.150000 143.539472 99.798036 72.221844 54.742462 44.104171 37.463077 24.066293 12.264755 4.615490 138.287219 111.973868 83.784990 68.874476 43.034322 71.120441
60.200000 143.671864 99.895792 72.297609 54.804183 44.157284 37.510784 24.102987 12.291558 4.635708 138.415463 112.081290 83.869996 68.947559 43.086566 71.195323
60.250000 143.804251 99.993544 72.373371 54.865902 44.210395 37.558489 24.139681 12.318361 4.655926 138.543703 112.188707 83.954999 69.020640 43.138808 71.270203
60.300000 143.936633 100.091293 72.449131 54.927619 44.263505 37.606194 24.176375 12.345165 4.676145 138.671938 112.296120 84.039999 69.093719 43.191049 71.345082
60.350000 144.069011 100.189039 72.524889 54.989335 44.316614 37.653898 24.213068 12.371969 4.696364 138.800168 112.403530 84.124997 69.166795 43.243289 71.419957
60.400000 144.201383 100.286781 72.600644 55.051049 44.369722 37.701601 24.249761 12.398772 4.716583 138.928393 112.510936 84.209991 69.239869 43.295528 71.494831
60.450000 144.333750 100.384520 72.676397 55.112762 44.422828 37.749303 24.286453 12.425576 4.736803 139.056613 112.618338 84.294983 69.312941 43.347766 71.569702
60.500000 144.466112 100.482255 72.752148 55.174473 44.475934 37.797004 24.323145 12.452380 4.757024 139.184828 112.725736 84.379973 69.386011 43.400003 71.644571
60.550000 144.598468 100.579987 72.827897 55.236182 44.529038 37.844704 24.359837 12.479184 4.777244 139.313039 112.833130 84.464959 69.459079 43.452238 71.719438
60.600000 144.730820 100.677716 72.903643 55.297890 44.582141 37.892404 24.396528 12.505988 4.797466 139.441245 112.940521 84.549943 69.532144 43.504472 71.794303
60.650000 144.863167 100.775441 72.979387 55.359596 44.635243 37.940102 24.433219 12.532792 4.817687 139.569446 113.047908 84.634924 69.605208 43.556706 71.869165
60.700000 144.995509 100.873163 73.055128 55.421300 44.688343 37.987799 24.469909 12.559596 4.837909 139.697642 113.155291 84.719902 69.678269 43.608938 71.944025
60.750000 145.127846 100.970882 73.130868 55.483003 44.741443 38.035496 24.506599 12.586401 4.858132 139.825833 113.262670 84.804878 69.751328 43.661169 72.018883
60.800000 145.260178 101.068598 73.206605 55.544705 44.794541 38.083191 24.543289 12.613205 4.878354 139.954019 113.370045 84.889851 69.824385 43.713398 72.093739
60.850000 145.392504 101.166310 73.282340 55.606405 44.847638 38.130886 24.579979 12.640010 4.898578 140.082201 113.477416 84.974821 69.897440 43.765627 72.168592
60.900000 145.524826 101.264018 73.358073 55.668103 44.900734 38.178580 24.616667 12.666814 4.918801 140.210378 113.584784 85.059789 69.970493 43.817855 72.243443
60.950000 145.657143 101.361724 73.433803 55.729799 44.953829 38.226273 24.653356 12.693619 4.939025 140.338550 113.692148 85.144753 70.043543 43.870081 72.318292
61.000000 145.789455 101.459426 73.509531 55.791494 45.006922 38.273964 24.690044 12.720424 4.959250 140.466717 113.799508 85.229715 70.116591 43.922306 72.393139
61.050000 145.921762 101.557124 73.585257 55.853188 45.060015 38.321655 24.726732 12.747229 4.979475 140.594880 113.906864 85.314675 70.189638 43.974530 72.467983
61.100000 146.054064 101.654820 73.660980 55.914879 45.113106 38.369346 24.763419 12.774034 4.999700 140.723037 114.014217 85.399631 70.262682 44.026753 72.542826
61.150000 146.186360 101.752512 73.736702 55.976570 45.166196 38.417035 24.800106 12.800839 5.019926 140.851190 114.121566 85.484585 70.335724 44.078975 72.617666
61.200000 146.318652 101.850201 73.812421 56.038258 45.219285 38.464723 24.836793 12.827644 5.040152 140.979339 114.228910 85.569536 70.408764 44.131196 72.692503
61.250000 146.450939 101.947886 73.888137 56.099945 45.272372 38.512410 24.873479 12.854449 5.060378 141.107482 114.336252 85.654485 70.481802 44.183415 72.767339
61.300000 146.583221 102.045569 73.963852 56.161631 45.325459 38.560097 24.910165 12.881254 5.080605 141.235621 114.443589 85.739431 70.554837 44.235634 72.842172
61.350000 146.715498 102.143247 74.039564 56.223315 45.378544 38.607782 24.946850 12.908060 5.100832 141.363755 114.550923 85.824374 70.627871 44.287851 72.917004
61.400000 146.847771 102.240923 74.115274 56.284997 45.431628 38.655467 24.983535 12.934865 5.121060 141.491884 114.658253 85.909314 70.700902 44.340067 72.991833
61.450000 146.980038 102.338595 74.190982 56.346678 45.484711 38.703150 25.020220 12.961671 5.141288 141.620008 114.765579 85.994252 70.773931 44.392282 73.066659
61.500000 147.112300 102.436264 74.266687 56.408357 45.537793 38.750833 25.056904 12.988476 5.161516 141.748128 114.872901 86.079187 70.846958 44.444496 73.141484
61.550000 147.244557 102.533930 74.342391 56.470034 45.590874 38.798515 25.093588 13.015282 5.181745 141.876243 114.980220 86.164120 70.919984 44.496709 73.216307
61.600000 147.376810 102.631593 74.418092 56.531710 45.643953 38.846196 25.130272 13.042088 5.201974 142.004353 115.087535 86.249049 70.993006 44.548921 73.291127
61.650000 147.509057 102.729252 74.493791 56.593385 45.697031 38.893876 25.166955 13.068894 5.222204 142.132459 115.194846 86.333976 71.066027 44.601131 73.365945
61.700000 147.641300 102.826908 74.569487 56.655058 45.750109 38.941555 25.203638 13.095700 5.242434 142.260559 115.302154 86.418901 71.139046 44.653341 73.440761
61.750000 147.773537 102.924560 74.645182 56.716729 45.803185 38.989233 25.240320 13.122506 5.262664 142.388655 115.409458 86.503822 71.212063 44.705549 73.515574
61.800000 147.905770 103.022210 74.720874 56.778399 45.856259 39.036910 25.277002 13.149312 5.282895 142.516747 115.516758 86.588741 71.285077 44.757756 73.590386
61.850000 148.037998 103.119856 74.796564 56.840067 45.909333 39.084587 25.313683 13.176118 5.303126 142.644834 115.624054 86.673658 71.358089 44.809962 73.665195
61.900000 148.170221 103.217499 74.872251 56.901733 45.962406 39.132262 25.350365 13.202924 5.323358 142.772916 115.731347 86.758572 71.431100 44.862167 73.740002
61.950000 148.302439 103.315138 74.947937 56.963398 46.015477 39.179937 25.387045 13.229730 5.343590 142.900993 115.838636 86.843483 71.504108 44.914371 73.814807
62.000000 148.434653 103.412775 75.023620 57.025062 46.068547 39.227610 25.423726 13.256537 5.363822 143.029066 115.945921 86.928391 71.577114 44.966574 73.889610
62.050000 148.566861 103.510408 75.099301 57.086724 46.121616 39.275283 25.460406 13.283343 5.384055 143.157134 116.053202 87.013297 71.650118 45.018775 73.964410
62.100000 148.699064 103.608038 75.174980 57.148384 46.174684 39.322955 25.497085 13.310150 5.404288 143.285197 116.160480 87.098200 71.723120 45.070976 74.039208
62.150000 148.831263 103.705664 75.250656 57.210043 46.227751 39.370626 25.533764 13.336956 5.424521 143.413255 116.267754 87.183100 71.796120 45.123175 74.114005
62.200000 148.963457 103.803288 75.326331 57.271700 46.280816 39.418296 25.570443 13.363763 5.444755 143.541309 116.375025 87.267998 71.869118 45.175373 74.188799
62.250000 149.095646 103.900908 75.402003 57.333356 46.333881 39.465965 25.607122 13.390570 5.464989 143.669359 116.482291 87.352893 71.942113 45.227570 74.263590
62.300000 149.227830 103.998525 75.477673 57.395010 46.386944 39.513633 25.643800 13.417377 5.485224 143.797403 116.589554 87.437786 72.015107 45.279766 74.338380
62.350000 149.360009 104.096138 75.553340 57.456662 46.440006 39.561301 25.680477 13.444183 5.505458 143.925443 116.696814 87.522676 72.088098 45.331961 74.413168
62.400000 149.492184 104.193749 75.629006 57.518313 46.493067 39.608967 25.717155 13.470990 5.525694 144.053479 116.804070 87.607563 72.161088 45.384155 74.487953
62.450000 149.624353 104.291356 75.704669 57.579963 46.546127 39.656633 25.753831 13.497797 5.545929 144.181510 116.911322 87.692448 72.234075 45.436348 74.562736
62.500000 149.756518 104.388960 75.780330 57.641611 46.599185 39.704297 25.790508 13.524604 5.566166 144.309536 117.018570 87.777330 72.307060 45.488539 74.637517
62.550000 149.888678 104.486561 75.855989 57.703257 46.652243 39.751961 25.827184 13.551412 5.586402 144.437557 117.125815 87.862209 72.380043 45.540730 74.712296
62.600000 150.020833 104.584159 75.931646 57.764902 46.705299 39.799624 25.863860 13.578219 5.606639 144.565574 117.233056 87.947086 72.453025 45.592919 74.787073
62.650000 150.152984 104.681753 76.007301 57.826545 46.758354 39.847286 25.900535 13.605026 5.626876 144.693586 117.340293 88.031960 72.526004 45.645107 74.861847
62.700000 150.285129 104.779344 76.082953 57.888187 46.811408 39.894947 25.937210 13.631833 5.647113 144.821594 117.447527 88.116832 72.598981 45.697294 74.936620
62.750000 150.417270 104.876932 76.158603 57.949827 46.864461 39.942607 25.973884 13.658641 5.667351 144.949597 117.554757 88.201701 72.671956 45.749480 75.011390
62.800000 150.549406 104.974517 76.234251 58.011466 46.917513 39.990266 26.010559 13.685448 5.687590 145.077596 117.661984 88.286567 72.744928 45.801665 75.086158
62.850000 150.681537 105.072099 76.309897 58.073103 46.970564 40.037925 26.047232 13.712256 5.707828 145.205589 117.769206 88.371431 72.817899 45.853849 75.160924
62.900000 150.813664 105.169677 76.385540 58.134738 47.023613 40.085582 26.083906 13.739063 5.728067 145.333579 117.876426 88.456292 72.890868 45.906032 75.235688
62.950000 150.945785 105.267252 76.461182 58.196372 47.076661 40.133239 26.120579 13.765871 5.748307 145.461563 117.983641 88.541150 72.963835 45.958213 75.310450
63.000000 151.077902 105.364824 76.536821 58.258005 47.129709 40.180894 26.157251 13.792679 5.768546 145.589544 118.090853 88.626006 73.036799 46.010394 75.385209
63.050000 151.210014 105.462393 76.612458 58.319636 47.182755 40.228549 26.193923 13.819487 5.788787 145.717519 118.198062 88.710860 73.109762 46.062573 75.459967
63.100000 151.342122 105.559959 76.688093 58.381265 47.235799 40.276203 26.230595 13.846295 5.809027 145.845490 118.305266 88.795710 73.182722 46.114752 75.534722
63.150000 151.474224 105.657521 76.763726 58.442893 47.288843 40.323856 26.267267 13.873102 5.829268 145.973457 118.412467 88.880558 73.255681 46.166929 75.609475
63.200000 151.606322 105.755081 76.839356 58.504520 47.341886 40.371508 26.303938 13.899910 5.849509 146.101418 118.519665 88.965404 73.328637 46.219105 75.684226
63.250000 151.738415 105.852637 76.914985 58.566144 47.394927 40.419159 26.340608 13.926718 5.869750 146.229376 118.626859 89.050247 73.401592 46.271280 75.758975
63.300000 151.870504 105.950190 76.990611 58.627768 47.447968 40.466809 26.377278 13.953527 5.889992 146.357328 118.734049 89.135087 73.474544 46.323454 75.833722
63.350000 152.002587 106.047740 77.066235 58.689389 47.501007 40.514459 26.413948 13.980335 5.910235 146.485277 118.841236 89.219925 73.547494 46.375627 75.908466
63.400000 152.134666 106.145286 77.141857 58.751010 47.554045 40.562107 26.450618 14.007143 5.930477 146.613220 118.948419 89.304760 73.620442 46.427798 75.983209
63.450000 152.266741 106.242830 77.217477 58.812628 47.607082 40.609755 26.487287 14.033951 5.950720 146.741159 119.055598 89.389593 73.693389 46.479969 76.057949
63.500000 152.398810 106.340370 77.293094 58.874246 47.660118 40.657402 26.523955 14.060759 5.970963 146.869094 119.162774 89.474423 73.766333 46.532138 76.132688
63.550000 152.530875 106.437908 77.368710 58.935861 47.713152 40.705048 26.560624 14.087568 5.991207 146.997024 119.269946 89.559250 73.839275 46.584307 76.207424
63.600000 152.662935 106.535442 77.444323 58.997476 47.766186 40.752693 26.597292 14.114376 6.011451 147.124950 119.377115 89.644075 73.912215 46.636474 76.282158
63.650000 152.794990 106.632973 77.519934 59.059088 47.819218 40.800337 26.633959 14.141185 6.031695 147.252871 119.484280 89.728898 73.985153 46.688640 76.356890
63.700000 152.927041 106.730500 77.595543 59.120699 47.872250 40.847980 26.670626 14.167993 6.051940 147.380787 119.591442 89.813717 74.058089 46.740806 76.431620
63.750000 153.059087 106.828025 77.671150 59.182309 47.925280 40.895622 26.707293 14.194802 6.072185 147.508699 119.698600 89.898534 74.131023 46.792970 76.506348
63.800000 153.191128 106.925547 77.746755 59.243917 47.978309 40.943264 26.743959 14.221610 6.092431 147.636607 119.805754 89.983349 74.203955 46.845133 76.581073
63.850000 153.323165 107.023065 77.822357 59.305524 48.031337 40.990904 26.780625 14.248419 6.112676 147.764510 119.912905 90.068161 74.276885 46.897295 76.655797
63.900000 153.455197 107.120580 77.897958 59.367129 48.084363 41.038544 26.817291 14.275228 6.132922 147.892409 120.020053 90.152971 74.349813 46.949455 76.730518
63.950000 153.587224 107.218093 77.973556 59.428732 48.137389 41.086183 26.853956 14.302037 6.153169 148.020303 120.127197 90.237778 74.422739 47.001615 76.805237
64.000000 153.719247 107.315602 78.049152 59.490334 48.190414 41.133820 26.890620 14.328845 6.173416 148.148192 120.234337 90.322582 74.495663 47.053774 76.879955
64.050000 153.851265 107.413108 78.124746 59.551935 48.243437 41.181457 26.927285 14.355654 6.193663 148.276077 120.341473 90.407384 74.568585 47.105931 76.954670
64.100000 153.983278 107.510610 78.200338 59.613534 48.296459 41.229094 26.963949 14.382463 6.213910 148.403958 120.448607 90.492183 74.641505 47.158088 77.029383
64.150000 154.115287 107.608110 78.275928 59.675131 48.349480 41.276729 27.000612 14.409272 6.234158 148.531834 120.555736 90.576980 74.714423 47.210243 77.104094
64.200000 154.247291 107.705607 78.351515 59.736727 48.402500 41.324363 27.037275 14.436081 6.254406 148.659706 120.662862 90.661774 74.787339 47.262397 77.178803
64.250000 154.379290 107.803100 78.427101 59.798322 48.455519 41.371997 27.073938 14.462890 6.274655 148.787573 120.769985 90.746566 74.860253 47.314551 77.253509
64.300000 154.511285 107.900591 78.502684 59.859915 48.508537 41.419629 27.110601 14.489699 6.294904 148.915436 120.877104 90.831355 74.933164 47.366703 77.328214
64.350000 154.643275 107.998078 78.578265 59.921507 48.561554 41.467261 27.147263 14.516509 6.315153 149.043294 120.984219 90.916142 75.006074 47.418854 77.402917
64.400000 154.775260 108.095562 78.653845 59.983097 48.614569 41.514892 27.183924 14.543318 6.335402 149.171148 121.091331 91.000926 75.078982 47.471004 77.477617
64.450000 154.907241 108.193043 78.729422 60.044685 48.667584 41.562522 27.220585 14.570127 6.355652 149.298998 121.198440 91.085708 75.151888 47.523153 77.552316
64.500000 155.039217 108.290521 78.804996 60.106272 48.720597 41.610151 27.257246 14.596936 6.375902 149.426843 121.305545 91.170487 75.224792 47.575300 77.627012
64.550000 155.171189 108.387996 78.880569 60.167858 48.773609 41.657779 27.293907 14.623746 6.396153 149.554683 121.412646 91.255263 75.297694 47.627447 77.701706
64.600000 155.303156 108.485468 78.956140 60.229442 48.826620 41.705406 27.330567 14.650555 6.416404 149.682520 121.519744 91.340037 75.370594 47.679593 77.776399
64.650000 155.435119 108.582937 79.031708 60.291024 48.879630 41.753033 27.367226 14.677365 6.436655 149.810351 121.626838 91.424809 75.443491 47.731737 77.851089
64.700000 155.567076 108.680403 79.107275 60.352605 48.932639 41.800658 27.403886 14.704174 6.456906 149.938179 121.733929 91.509578 75.516387 47.783881 77.925777
