web/models/kne/23/mosfit_kn_0.033839_0.1867_10.0000.dat
# %ECSV 1.0
# ---
# datatype:
# - {name: time, datatype: float64}
# - {name: PS1_g, datatype: float64}
# - {name: PS1_i, datatype: float64}
# - {name: PS1_r, datatype: float64}
# - {name: PS1_w, datatype: float64}
# - {name: PS1_y, datatype: float64}
# - {name: PS1_z, datatype: float64}
# - {name: swift_uvot_B, datatype: float64}
# - {name: swift_uvot_U, datatype: float64}
# - {name: swift_uvot_uvm2, datatype: float64}
# - {name: swift_uvot_uvw1, datatype: float64}
# - {name: swift_uvot_uvw2, datatype: float64}
# - {name: swift_uvot_V, datatype: float64}
# - {name: johnson_B, datatype: float64}
# - {name: johnson_I, datatype: float64}
# - {name: johnson_R, datatype: float64}
# - {name: johnson_U, datatype: float64}
# - {name: johnson_V, datatype: float64}
# - {name: sdss_g, datatype: float64}
# - {name: sdss_i, datatype: float64}
# - {name: sdss_r, datatype: float64}
# - {name: sdss_u, datatype: float64}
# - {name: sdss_z, datatype: float64}
# - {name: ATLAS_c, datatype: float64}
# - {name: ATLAS_o, datatype: float64}
# - {name: ukirt_H, datatype: float64}
# - {name: ukirt_J, datatype: float64}
# - {name: ukirt_K, datatype: float64}
# - {name: Clear, datatype: float64}
# meta: !!omap
# - comment: [kappa = 10.0, type = rprocess, mass = 0.03383890769761434, velocity = 0.1866666666666667, theta_obs = 0.0, tfloor = 1000.0]
# schema: astropy-2.0
time PS1_g PS1_i PS1_r PS1_w PS1_y PS1_z swift_uvot_B swift_uvot_U swift_uvot_uvm2 swift_uvot_uvw1 swift_uvot_uvw2 swift_uvot_V johnson_B johnson_I johnson_R johnson_U johnson_V sdss_g sdss_i sdss_r sdss_u sdss_z ATLAS_c ATLAS_o ukirt_H ukirt_J ukirt_K Clear
[from data line 318]
19.178356713426854 7.377403877661521 -1.504424935537756 1.9706458425000761 0.002722030996089586 -5.027614984063025 -3.6099390192158864 10.917310454226008 17.57625455212091 31.464849856150085 13.541837084195478 16.05485359067513 5.336920570532306 9.7133731372598 -3.0579382419597065 -0.08790547523472436 16.54525337286917 4.381898235363553 8.189943978975958 -1.4231689834247696 2.199134501996518 18.077360082295737 -4.183366631237888 3.9497224122427177 -0.5026901123670591 -9.97660236197852 -7.827113066488829 -11.336891042451692 -2.283172012765249
19.238476953907814 7.387873976585553 -1.4939548366137245 1.9811159414241075 0.01319212992013874 -5.017144885138993 -3.599468920291855 10.92778055315004 17.58672465104496 31.475319955074117 13.55230718311951 16.06532368959916 5.347390669456337 9.72384323618385 -3.047468143035675 -0.07743537631067521 16.5557234717932 4.3923683342875846 8.200414077899989 -1.4126988845007382 2.2096046009205494 18.087830181219786 -4.172896532313857 3.960192511166767 -0.4922200134430277 -9.966132263054488 -7.816642967564798 -11.32642094352766 -2.2727019138412174
19.298597194388776 7.39829181066753 -1.4835370025317651 1.9915337755060847 0.02360996400209814 -5.006727051057016 -3.5890510862098957 10.938198387232 17.59714248512692 31.485737789156087 13.562725017201469 16.07574152368112 5.3578085035383145 9.73426107026581 -3.0370503089537157 -0.06701754222871581 16.566141305875178 4.402786168369562 8.210831911981966 -1.402281050418761 2.220022435002509 18.098248015301746 -4.1624786982318795 3.9706103452487262 -0.4818021793610505 -9.955714428972511 -7.806225133482821 -11.316003109445683 -2.2622840797592403
19.35871743486974 7.408656055115657 -1.4731727580836207 2.0018980199542113 0.03397420845024257 -4.996362806608889 -3.5786868417617512 10.948562631680144 17.607506729575064 31.49610203360422 13.573089261649613 16.086105768129265 5.368172747986441 9.744625314713954 -3.0266860645055713 -0.05665329778057138 16.576505550323304 4.413150412817688 8.221196156430093 -1.3919168059706344 2.2303866794506533 18.10861225974989 -4.152114453783753 3.9809745896968707 -0.47143793491292385 -9.945350184524385 -7.795860889034694 -11.305638864997556 -2.2519198353111136
19.4188376753507 7.418967286928915 -1.4628615262703626 2.012209251767487 0.044285440263500675 -4.986051574795614 -3.568375609948493 10.958873863493402 17.617817961388322 31.50641326541749 13.583400493462872 16.096416999942523 5.378483979799717 9.754936546527212 -3.016374832692313 -0.04634206596731327 16.58681678213658 4.423461644630964 8.231507388243369 -1.3816055741573585 2.2406979112639114 18.118923491563148 -4.141803221970477 3.991285821510129 -0.46112670309966575 -9.935038952711109 -7.785549657221418 -11.29532763318428 -2.2416086034978377
19.478957915831664 7.429225699872468 -1.4526031133268091 2.022467664711023 0.05454385320705413 -4.975793161852078 -3.5581171970049397 10.969132276436955 17.628076374331876 31.51667167836104 13.593658906406425 16.106675412886077 5.388742392743253 9.765194959470765 -3.0061164197487598 -0.03608365302375982 16.597075195080116 4.4337200575745 8.241765801186904 -1.3713471612138228 2.250956324207465 18.1291819045067 -4.131544809026941 4.0015442344536645 -0.4508682901561123 -9.924780539767573 -7.7752912442778825 -11.285069220240745 -2.231350190554302
19.539078156312623 7.439430185477232 -1.4423986277220635 2.0326721503157863 0.06474833881179975 -4.9655886762473145 -3.547912711400194 10.9793367620417 17.63828085993662 31.5268761639658 13.603863392011188 16.116879898490822 5.398946878348016 9.77539944507551 -2.995911934144014 -0.025879167419014193 16.60727968068488 4.443924543179263 8.251970286791668 -1.3611426756090594 2.2611608098122282 18.139386390111447 -4.121340323422178 4.011748720058428 -0.4406638045513489 -9.91457605416281 -7.765086758673119 -11.274864734635981 -2.2211457049495387
19.599198396793586 7.44958199361534 -1.4322468195839377 2.0428239584538943 0.07490014694990776 -4.9554368681092065 -3.5377609032620683 10.989488570179827 17.64843266807473 31.537027972103903 13.614015200149296 16.127031706628948 5.409098686486124 9.785551253213637 -2.9857601260058884 -0.015727359280906184 16.617431488822987 4.454076351317371 8.262122094929776 -1.3509908674709514 2.2713126179503362 18.149538198249555 -4.11118851528407 4.021900528196536 -0.4305119964132409 -9.904424246024702 -7.754934950535011 -11.264712926497873 -2.2109938968114307
19.65931863727455 7.4596801826594294 -1.4221486305398479 2.052922147497984 0.08499833599399764 -4.945338679065117 -3.5276627142179784 10.999586759223916 17.65853085711882 31.547126161147997 13.624113389193386 16.137129895673038 5.419196875530214 9.795649442257709 -2.9756619369617985 -0.0056291702368163055 16.627529677867077 4.464174540361461 8.272220283973866 -1.3408926784268616 2.281410806994426 18.159636387293645 -4.10109032623998 4.031998717240626 -0.420413807369151 -9.894326056980612 -7.744836761490921 -11.254614737453783 -2.200895707767341
19.71943887775551 7.469723503681571 -1.412105309517706 2.0629654685201437 0.09504165701615719 -4.935295358042975 -3.5176193931958366 11.009630080246058 17.66857417814098 31.55716948217015 13.634156710215528 16.14717321669518 5.429240196552356 9.805692763279868 -2.9656186159396567 0.0044141507853432405 16.637572998889237 4.474217861383621 8.282263604996025 -1.3308493574047198 2.291454128016568 18.169679708315805 -4.091047005217838 4.042042038262785 -0.41037048634700923 -9.884282735958452 -7.734793440468762 -11.244571416431642 -2.190852386745199
19.779559118236474 7.479714531462136 -1.402114281737159 2.072956496300691 0.10503268479670425 -4.92530433026241 -3.5076283654152896 11.019621108026605 17.678565205921526 31.567160509950693 13.644147737996075 16.157164244475727 5.439231224332921 9.815683791060415 -2.9556275881591096 0.014405178565890298 16.647564026669784 4.484208889164168 8.292254632776572 -1.320858329624155 2.301445155797115 18.17967073609635 -4.081055977437273 4.052033066043332 -0.4003794585664444 -9.874291708177905 -7.724802412688215 -11.234580388651077 -2.180861358964634
19.839679358717433 7.489651316461572 -1.3921774967377054 2.0828932813001266 0.11496946979614009 -4.915367545262974 -3.497691580415836 11.029557893026059 17.68850199092096 31.57709729495014 13.654084522995529 16.16710102947518 5.4491680093323565 9.825620576059869 -2.945690803159656 0.024341963565343905 16.65750081166922 4.494145674163604 8.302191417776008 -1.310921544624719 2.3113819407965686 18.189607521095787 -4.071119192437838 4.061969851042768 -0.39044267356700857 -9.86435492317847 -7.714865627688779 -11.224643603651641 -2.1709245739651983
19.899799599198396 7.499534734992146 -1.3822940782071491 2.0927766998307007 0.12485288832671415 -4.9054841267324 -3.4878081618852796 11.039441311556615 17.698385409451536 31.586980713480703 13.663967941526085 16.176984448005737 5.4590514278629305 9.835503994590425 -2.9358073846290997 0.0342253820959002 16.667384230199794 4.504029092694178 8.312074836306582 -1.301038126094145 2.321265359327125 18.19949093962636 -4.0612357739072635 4.071853269573342 -0.3805592550364345 -9.854471504647895 -7.704982209158205 -11.214760185121067 -2.1610411554346243
19.95991983967936 7.509364544853714 -1.3724642683455635 2.1026065096922686 0.13468269818828205 -4.895654316870832 -3.477978352023694 11.049271121418201 17.708215219313104 31.59681052334228 13.67379775138767 16.186814257867322 5.468881237724498 9.845333804452011 -2.925977574767514 0.04405519195748586 16.67721404006136 4.513858902555746 8.32190464616815 -1.2912083162325771 2.3310951691887105 18.20932074948793 -4.051405964045696 4.08168307943491 -0.3707294451748666 -9.844641694786327 -7.695152399296637 -11.204930375259499 -2.1512113455730564
20.02004008016032 7.519139192069169 -1.3626896211301087 2.1123811569077233 0.14445734540373678 -4.8858796696553775 -3.4682037048082393 11.059045768633656 17.71798986652856 31.60658517055774 13.683572398603125 16.196588905082777 5.478655884939953 9.855108451667466 -2.9162029275520593 0.0538298391729406 16.686988687276816 4.5236335497712 8.331679293383605 -1.2814336690171224 2.3408698164041652 18.219095396703384 -4.041631316830241 4.091457726650365 -0.3609547979594119 -9.834867047570873 -7.685377752081182 -11.195155728044044 -2.1414366983576016
20.080160320641284 7.528860742361214 -1.3529680708380631 2.122102707199769 0.15417889569580012 -4.876158119363332 -3.4584821545161937 11.068767318925701 17.727711416820622 31.61630672084979 13.693293948895171 16.206310455374823 5.488377435231999 9.864830001959511 -2.9064813772600138 0.06355138946498617 16.696710237568862 4.533355100063264 8.341400843675668 -1.2717121187250768 2.350591366696211 18.228816946995448 -4.031909766538195 4.101179276942428 -0.3512332476673663 -9.825145497278827 -7.6756562017891365 -11.185434177751999 -2.131715148065556
20.140280561122243 7.538528785741754 -1.3433000274575413 2.1317707505803085 0.16384693907632197 -4.866490075982792 -3.448814111135672 11.078435362306223 17.737379460201144 31.62597476423031 13.702961992275693 16.215978498755344 5.498045478612538 9.874498045340033 -2.896813333879492 0.07321943284550803 16.7063782809494 4.5430231434437855 8.35106888705619 -1.2620440753445372 2.3602594100767327 18.23848499037597 -4.022241723157656 4.11084732032295 -0.3415652042868267 -9.815477453898287 -7.665988158408597 -11.17576613437146 -2.1220471046850164
20.200400801603205 7.54814278642284 -1.3336860267764372 2.1413847512614126 0.17346093975742605 -4.856876075301688 -3.4392001104545677 11.088049362987327 17.746993460882248 31.635588764911414 13.712575992956797 16.22559249943645 5.507659479293642 9.884112046021137 -2.887199333198388 0.0828334335266121 16.715992281630506 4.55263714412489 8.360682887737294 -1.252430074663451 2.3698734107578368 18.248098991057073 -4.012627722476569 4.120461321004054 -0.3319512036057404 -9.805863453217183 -7.656374157727493 -11.166152133690373 -2.1124331040039124
20.260521042084168 7.557703195436005 -1.324125617763272 2.1509451602745777 0.18302134877059117 -4.847315666288541 -3.4296397014414026 11.097609772000492 17.756553869895413 31.645149173924583 13.722136401969962 16.235152908449614 5.51721988830679 9.893672455034302 -2.8776389241852227 0.09239384253977723 16.725552690643653 4.562197553138055 8.37024329675046 -1.2428696656502858 2.379433819771002 18.25765940007024 -4.003067313463404 4.130021730017219 -0.32239079459257525 -9.796303044204018 -7.646813748714328 -11.156591724677208 -2.102872694990765
20.32064128256513 7.567209431608841 -1.3146193815904361 2.160451396447396 0.19252758494342714 -4.837809430115705 -3.4201334652685667 11.107116008173328 17.76606010606825 31.654655410097416 13.731642638142798 16.24465914462245 5.526726124479626 9.903178691207138 -2.8681326880123867 0.1019000787126132 16.73505892681649 4.571703789310873 8.379749532923295 -1.2333634294774498 2.388940055943838 18.267165636243075 -3.9935610772905683 4.139527966190055 -0.3128845584197393 -9.7867968080312 -7.6373075125415095 -11.147085488504372 -2.093366458817929
20.38076152304609 7.576661840918746 -1.3051669722805315 2.1699038057573006 0.2019799942533318 -4.8283570208058 -3.410681055958662 11.116568417483233 17.775512515378153 31.66410781940731 13.741095047452703 16.254111553932354 5.53617853378953 9.912631100517043 -2.858680278702482 0.11135248802251785 16.744511336126394 4.581156198620778 8.3892019422332 -1.2239110201675452 2.3983924652537425 18.27661804555298 -3.9841086679806637 4.14898037549996 -0.3034321491098346 -9.777344398721295 -7.627855103231605 -11.137633079194467 -2.0839140495080244
20.440881763527052 7.586061358980025 -1.2957674542192699 2.17930332381858 0.2113795123145934 -4.818957502744521 -3.4012815378974004 11.125967935544494 17.784912033439415 31.673507337468596 13.750494565513982 16.263511071993634 5.54557805185081 9.922030618578304 -2.8492807606412027 0.12075200608377945 16.753910854187673 4.590555716682057 8.398601460294461 -1.2145115021062658 2.407791983315022 18.28601756361424 -3.9747091499193843 4.1583798935612215 -0.29403263104855526 -9.767944880660016 -7.6184555851703255 -11.128233561133188 -2.074514531446745
20.501002004008015 7.595407075111318 -1.2864217380879595 2.1886490399498904 0.2207252284459038 -4.80961178661321 -3.39193582176609 11.135313651675805 17.794257749570725 31.682853053599896 13.759840281645275 16.272856788124926 5.55492376798212 9.931376334709615 -2.83993504450991 0.13009772221508986 16.763256570318983 4.599901432813367 8.407947176425772 -1.2051657859749731 2.4171376994463145 18.29536327974555 -3.9653634337880916 4.167725609692532 -0.2846869149172626 -9.758599164528706 -7.609109869039015 -11.118887845001895 -2.0651688153154524
20.561122244488978 7.604699970866093 -1.277128842333184 2.197941935704648 0.23001812420067935 -4.800318890858453 -3.3826429260113144 11.14460654743058 17.8035506453255 31.69214594935467 13.76913317740005 16.2821496838797 5.564216663736878 9.94066923046439 -2.8306421487551345 0.1393906179698654 16.77254946607374 4.609194328568125 8.417240072180547 -1.1958728902201976 2.42643059520109 18.304656175500327 -3.956070538033316 4.1770185054473075 -0.27539401916248707 -9.749306268773948 -7.599816973284257 -11.10959494924712 -2.055875919560677
20.62124248496994 7.613940058134112 -1.2678887550651652 2.207182022972667 0.23925821146868032 -4.791078803590434 -3.3734028387432957 11.1538466346986 17.812790732593502 31.701386036622683 13.778373264668069 16.29138977114772 5.573456751004897 9.94990931773241 -2.821402061487116 0.14863070523786637 16.78178955334176 4.618434415836144 8.426480159448548 -1.1866328029521789 2.435670682469109 18.313896262768328 -3.9468304507652974 4.186258592715308 -0.26615393189446834 -9.740066181505929 -7.590576886016239 -11.1003548619791 -2.046635832292658
20.6813627254509 7.6231263018168605 -1.2587025113824168 2.216368266655415 0.24844445515142866 -4.781892559907686 -3.3642165950605474 11.163032878381348 17.82197697627625 31.71057228030543 13.787559508350817 16.30057601483047 5.582642994687645 9.95909556141514 -2.8122158178043675 0.1578169489206147 16.790975797024508 4.627620659518892 8.435666403131297 -1.1774465592694305 2.444856926151857 18.323082506451076 -3.937644207082549 4.195444836398057 -0.25696768821172 -9.73087993782318 -7.58139064233349 -11.091168618296352 -2.0374495886099098
20.741482965931862 7.632260370992867 -1.2495684422064102 2.2255023358314396 0.2575785243274531 -4.772758490731661 -3.3550825258845407 11.172166947557354 17.831111045452275 31.719706349481445 13.796693577526824 16.309710084006475 5.5917770638636695 9.968229630591164 -2.803081748628361 0.16695101809663915 16.800109866200533 4.636754728694917 8.444800472307321 -1.1683124900934239 2.453990995327864 18.3322165756271 -3.9285101379065246 4.204578905574081 -0.24783361903571333 -9.721745868647156 -7.572256573157466 -11.082034549120328 -2.0283155194338853
20.801603206412825 7.641341976122593 -1.2404868370766842 2.234583940961148 0.2666601294571791 -4.763676885601953 -3.3460009207548147 11.18124855268708 17.840192650582 31.728787954611168 13.80577518265655 16.3187916891362 5.600858668993378 9.97731123572089 -2.794000143498635 0.17603262322636515 16.80919147133024 4.645836333824625 8.453882077437047 -1.1592308849636979 2.46307260045759 18.341298180756826 -3.9194285327768164 4.213660510703807 -0.23875201390598733 -9.712664263517448 -7.563174968027758 -11.07295294399062 -2.019233914304177
