web/models/kne/23/mosfit_kn_0.006452_0.1710_0.5000.dat
# %ECSV 1.0
# ---
# datatype:
# - {name: time, datatype: float64}
# - {name: PS1_g, datatype: float64}
# - {name: PS1_i, datatype: float64}
# - {name: PS1_r, datatype: float64}
# - {name: PS1_w, datatype: float64}
# - {name: PS1_y, datatype: float64}
# - {name: PS1_z, datatype: float64}
# - {name: swift_uvot_B, datatype: float64}
# - {name: swift_uvot_U, datatype: float64}
# - {name: swift_uvot_uvm2, datatype: float64}
# - {name: swift_uvot_uvw1, datatype: float64}
# - {name: swift_uvot_uvw2, datatype: float64}
# - {name: swift_uvot_V, datatype: float64}
# - {name: johnson_B, datatype: float64}
# - {name: johnson_I, datatype: float64}
# - {name: johnson_R, datatype: float64}
# - {name: johnson_U, datatype: float64}
# - {name: johnson_V, datatype: float64}
# - {name: sdss_g, datatype: float64}
# - {name: sdss_i, datatype: float64}
# - {name: sdss_r, datatype: float64}
# - {name: sdss_u, datatype: float64}
# - {name: sdss_z, datatype: float64}
# - {name: ATLAS_c, datatype: float64}
# - {name: ATLAS_o, datatype: float64}
# - {name: ukirt_H, datatype: float64}
# - {name: ukirt_J, datatype: float64}
# - {name: ukirt_K, datatype: float64}
# - {name: Clear, datatype: float64}
# meta: !!omap
# - comment: [kappa = 0.5, type = rprocess, mass = 0.006451950121499907, velocity = 0.17100000000000004, theta_obs = 0.0, tfloor = 1000.0]
# schema: astropy-2.0
time PS1_g PS1_i PS1_r PS1_w PS1_y PS1_z swift_uvot_B swift_uvot_U swift_uvot_uvm2 swift_uvot_uvw1 swift_uvot_uvw2 swift_uvot_V johnson_B johnson_I johnson_R johnson_U johnson_V sdss_g sdss_i sdss_r sdss_u sdss_z ATLAS_c ATLAS_o ukirt_H ukirt_J ukirt_K Clear
[from data line 115]
6.973947895791583 8.001164828017817 -0.8806639851814602 2.594406792856372 0.6264829813524031 -4.403854033706729 -2.9861780688595907 11.541071404582304 18.200015502477225 32.08861080650639 14.165598034551774 16.678614541031425 5.960681520888602 10.337134087616114 -2.434177291603411 0.5358554751215892 17.169014323225465 5.005659185719849 8.813704929332271 -0.7994080330684739 2.822895452352814 18.70112103265205 -3.5596056808815923 4.573483362599031 0.12107083798923668 -9.352841411622224 -7.203352116132534 -10.713130092095396 -1.659411062408953
7.034068136272545 8.018612604248254 -0.8632162089510231 2.6118545690868267 0.6439307575828401 -4.386406257476274 -2.9687302926291537 11.558519180812741 18.217463278707662 32.106058582736836 14.183045810782211 16.696062317261863 5.9781292971190565 10.354581863846551 -2.4167295153729738 0.5533032513520262 17.18646209945592 5.023106961950304 8.831152705562708 -0.7819602568380368 2.840343228583251 18.718568808882488 -3.5421579046511376 4.590931138829468 0.1385186142196737 -9.33539363539177 -7.185904339902079 -10.695682315864941 -1.6419632861784983
7.0941883767535066 8.035920101152154 -0.8459087120471231 2.629162065990709 0.6612382544867224 -4.369098760572392 -2.9514227957252537 11.575826677716641 18.234770775611544 32.123366079640725 14.200353307686111 16.713369814165763 5.995436794022939 10.371889360750451 -2.3994220184690738 0.5706107482559262 17.203769596359802 5.040414458854186 8.84846020246659 -0.7646527599341368 2.857650725487151 18.73587630578637 -3.5248504077472553 4.6082386357333505 0.1558261111235737 -9.318086138487887 -7.1685968429981965 -10.678374818961059 -1.624655789274616
7.154308617234468 8.053089731336076 -0.8287390818632012 2.6463316961746486 0.678407884670662 -4.351929130388452 -2.9342531655413318 11.592996307900563 18.251940405795484 32.140535709824654 14.217522937870033 16.730539444349684 6.012606424206861 10.389058990934373 -2.382252388285152 0.5877803784398481 17.22093922654374 5.057584089038126 8.86562983265053 -0.7474831297502149 2.8748203556710727 18.75304593597031 -3.5076807775633334 4.62540826591729 0.17299574130749562 -9.300916508303947 -7.151427212814257 -10.661205188777137 -1.6074861590906941
7.214428857715431 8.070123809024778 -0.8117050041744989 2.663365773863333 0.6954419623593644 -4.334895052699768 -2.9172190878526294 11.610030385589265 18.268974483484186 32.157569787513346 14.234557015558735 16.747573522038387 6.029640501895563 10.406093068623075 -2.3652183105964495 0.6048144561285504 17.237973304232426 5.07461816672681 8.882663910339215 -0.7304490520615126 2.891854433359775 18.770080013659012 -3.490646699874631 4.6424423436059925 0.19002981899619797 -9.283882430615263 -7.134393135125572 -10.644171111088435 -1.5904520814019918
7.274549098196393 8.087024605751871 -0.794804207447406 2.680266570590426 0.7123427590864395 -4.317994255972675 -2.9003182911255365 11.626931182316358 18.28587528021126 32.174470584240446 14.251457812285828 16.76447431876548 6.046541298622656 10.42299386535015 -2.3483175138693566 0.6217152528556256 17.25487410095952 5.091518963453903 8.899564707066308 -0.7135482553344197 2.908755230086868 18.786980810386087 -3.473745903147538 4.659343140333068 0.20693061572329086 -9.26698163388817 -7.117492338398479 -10.627270314361342 -1.573551284674899
7.3346693386773545 8.103794334162444 -0.7780344790368332 2.6970362990010166 0.7291124874970301 -4.301224527562084 -2.8835485627149637 11.643700910726931 18.30264500862185 32.191240312651026 14.268227540696401 16.781244047176052 6.063311027033246 10.439763593760741 -2.331547785458784 0.6384849812662161 17.27164382937011 5.108288691864494 8.916334435476898 -0.6967785269238469 2.9255249584974408 18.803750538796677 -3.4569761747369654 4.676112868743658 0.22370034413386364 -9.25021190547758 -7.100722609987889 -10.610500585950769 -1.5567815562643084
7.394789579158316 8.120435122201073 -0.7613936909982044 2.7136770870396454 0.7457532755356588 -4.284583739523473 -2.866907774676335 11.66034169876556 18.31928579666048 32.207881100689654 14.28486832873503 16.79788483521468 6.0799518150718574 10.45640438179937 -2.314906997420155 0.6551257693048449 17.28828461740872 5.124929479903122 8.932975223515527 -0.6801377388852181 2.9421657465360695 18.820391326835306 -3.4403353866983366 4.692753656782287 0.24034113217249242 -9.23357111743895 -7.08408182194926 -10.59385979791214 -1.5401407682256973
7.454909819639278 8.1369490758755 -0.7448797373237781 2.730191040714054 0.7622672292100852 -4.268069785849047 -2.8503938210019086 11.676855652439986 18.335799750334907 32.224395054364074 14.301382282409456 16.814398788889108 6.096465768746284 10.472918335473796 -2.2983930437457287 0.6716397229792712 17.304798571083147 5.141443433577531 8.949489177189935 -0.6636237852107918 2.958679700210496 18.836905280509733 -3.4238214330239103 4.709267610456713 0.25685508584691874 -9.217057163764542 -7.0675678682748515 -10.577345844237714 -1.523626814551271
7.51503006012024 8.153344135406186 -0.7284846777930909 2.746586100244741 0.7786622887407724 -4.25167472631836 -2.8339987614712214 11.693250711970673 18.352194809865594 32.24079011389477 14.317777341940143 16.830793848419795 6.112860828276971 10.489313395004483 -2.2819979842150415 0.6880347825099584 17.321193630613834 5.157838493108236 8.96588423672064 -0.6472287256801046 2.975074759741183 18.85330034004042 -3.407426373493223 4.7256626699874005 0.27325014537760595 -9.200662104233837 -7.051172808744164 -10.560950784707027 -1.5072317550205838
7.575150300601202 8.169606531611482 -0.7122222815877954 2.7628484964500366 0.7949246849460501 -4.235412330113064 -2.817736365265926 11.709513108175969 18.36845720607087 32.25705251010005 14.334039738145439 16.84705624462509 6.129123224482266 10.505575791209779 -2.265735588009746 0.7042971787152539 17.33745602681913 5.174100889313514 8.982146632925918 -0.6309663294748091 2.9913371559464785 18.869562736245697 -3.3911639772879276 4.741925066192678 0.2895125415829014 -9.18439970802856 -7.034910412538869 -10.544688388501731 -1.4909693588152884
7.635270541082164 8.18575066663712 -0.6960781465621579 2.778992631475674 0.8110688199717053 -4.219268195087427 -2.8015922302402885 11.725657243201606 18.384601341096527 32.27319664512569 14.350183873171076 16.863200379650728 6.145267359507904 10.521719926235416 -2.2495914529841086 0.7204413137408914 17.353600161844767 5.190245024339151 8.998290767951556 -0.6148221944491716 3.007481290972116 18.885706871271353 -3.37501984226229 4.758069201218333 0.3056566766085389 -9.168255573002922 -7.018766277513231 -10.528544253476094 -1.4748252237896509
7.695390781563126 8.20177667808581 -0.6800521351134847 2.795018642924365 0.8270948314203785 -4.203242183638736 -2.7855662187916153 11.74168325465028 18.4006273525452 32.28922265657438 14.366209884619767 16.8792263910994 6.161293370956595 10.53774593768409 -2.2335654415354353 0.7364673251895646 17.369626173293458 5.206271035787842 9.014316779400247 -0.5987961830004807 3.023507302420807 18.901732882720026 -3.358993830813599 4.774095212667007 0.3216826880572299 -9.15222956155423 -7.00274026606454 -10.512518242027403 -1.4587992123409599
7.755511022044088 8.217685840021804 -0.6641429731774906 2.810927804860359 0.8430039933563727 -4.187333021702742 -2.769657056855621 11.757592416586274 18.416536514481194 32.30513181851037 14.382119046555744 16.895135553035395 6.177202532892589 10.553655099620084 -2.2176562795994412 0.7523764871255587 17.385535335229452 5.222180197723836 9.03022594133624 -0.5828870210644865 3.0394164643567834 18.91764204465602 -3.343084668877605 4.790004374603001 0.337591849993224 -9.136320399618237 -6.986831104128546 -10.496609080091408 -1.4428900504049658
7.8156312625250495 8.233479738829974 -0.648349074369321 2.826721703668529 0.8587978921645423 -4.171539122894572 -2.7538631580474515 11.773386315394443 18.432330413289364 32.320925717318545 14.397912945363931 16.910929451843565 6.192996431700759 10.569448998428253 -2.2018623807912716 0.7681703859337283 17.40132923403762 5.237974096532006 9.04601984014441 -0.5670931222563169 3.0552103631649707 18.93343594346419 -3.3272907700694354 4.80579827341117 0.3533857488013936 -9.120526500810067 -6.971037205320377 -10.480815181283239 -1.4270961515967961
7.875751503006012 8.24916006026534 -0.6326687529339559 2.842402025103894 0.8744782135999074 -4.155858801459207 -2.7381828366120864 11.789066636829808 18.44801073472473 32.3366060387539 14.413593266799278 16.92660977327893 6.208676753136124 10.585129319863618 -2.1861820593559065 0.7838507073690935 17.417009555472987 5.253654417967371 9.061700161579775 -0.5514128008209518 3.070890684600318 18.949116264899555 -3.3116104486340703 4.8214785948465355 0.36906607023675875 -9.104846179374702 -6.9553568838850115 -10.465134859847874 -1.411415830161431
7.935871743486974 8.26472850360961 -0.6171003095896843 2.8579704684481655 0.890046656944179 -4.140290358114935 -2.722614393267815 11.80463508017408 18.463579178069 32.35217448209817 14.42916171014355 16.9421782166232 6.224245196480395 10.60069776320789 -2.170613616011635 0.799419150713365 17.43257799881726 5.2692228613116425 9.077268604924047 -0.5358443574766802 3.0864591279445897 18.964684708243826 -3.2960420052897987 4.837047038190807 0.3846345135810303 -9.08927773603043 -6.93978844054074 -10.449566416503602 -1.3958473868171595
7.995991983967936 8.280186720544958 -0.6016420926543198 2.8734286853835123 0.9055048738795257 -4.1248321411795885 -2.7071561763324503 11.820093297109445 18.479037395004347 32.36763269903353 14.444619927078914 16.957636433558566 6.239703413415742 10.616155980143255 -2.1551553990762704 0.8148773676487118 17.448036215752605 5.284681078246989 9.092726821859394 -0.5203861405413335 3.101917344879954 18.980142925179173 -3.280583788354452 4.852505255126154 0.40009273051637706 -9.073819519095084 -6.924330223605393 -10.434108199568255 -1.3803891698818127
8.056112224448897 8.295536344017869 -0.5862924691814264 2.8887783088564234 0.9208544973524369 -4.109482517706677 -2.691806552859557 11.835442920582338 18.49438701847726 32.38298232250644 14.459969550551826 16.97298605703146 6.255053036888653 10.631505603616148 -2.139805775603377 0.8302269911216229 17.463385839225516 5.3000307017199 9.108076445332305 -0.5050365170684223 3.1172669683528653 18.995492548652084 -3.265234164881541 4.867854878599065 0.4154423539892882 -9.058469895622173 -6.908980600132482 -10.418758576095344 -1.3650395464089016
8.11623246492986 8.310778972962733 -0.5710498402365438 2.9040209378012882 0.9360971262973194 -4.0942398887618126 -2.6765639239146743 11.85068554952722 18.50962964742214 32.398224951451304 14.47521217949669 16.988228685976342 6.270295665833518 10.64674823256103 -2.1245631466584944 0.8454696200665055 17.47862846817038 5.315273330664765 9.12331907427717 -0.4897938881235575 3.13250959729773 19.01073517759695 -3.249991535936676 4.88309750754393 0.430684982934153 -9.043227266677308 -6.893737971187617 -10.40351594715048 -1.3497969174640367
8.176352705410821 8.325916150752821 -0.5559126624464739 2.919158115591376 0.9512343040873894 -4.079102710971725 -2.6614267461246044 11.86582272731729 18.52476682521221 32.41336212924139 14.490349357286778 17.003365863766412 6.285432843623606 10.6618854103511 -2.1094259688684245 0.8606067978565755 17.49376564596047 5.330410508454853 9.138456252067257 -0.4746567103334698 3.147646775087818 19.025872355387037 -3.2348543581465883 4.8982346853340175 0.44582216072424075 -9.02809008888722 -6.8786007933975295 -10.388378769360392 -1.334659739673949
8.236472945891784 8.34094940839945 -0.5408794047998455 2.9341913732380043 0.9662675617340177 -4.0640694533250965 -2.646393488477976 11.880855984963919 18.53980008285884 32.42839538688801 14.505382614933389 17.01839912141304 6.300466101270234 10.676918667997729 -2.094392711221796 0.8756400555032038 17.508798903607097 5.345443766101481 9.153489509713886 -0.45962345268684146 3.1626800327344284 19.040905613033665 -3.21982110049996 4.913267942980646 0.4608554183708691 -9.013056831240592 -6.863567535750901 -10.373345511713763 -1.3196264820273207
8.296593186372744 8.355880235284108 -0.5259485779151873 2.9491222001226625 0.9811983886186759 -4.049138626440438 -2.631462661593318 11.895786811848595 18.554730909743498 32.44332621377268 14.520313441818065 17.033329948297716 6.315396928154892 10.691849494882387 -2.07946188433712 0.890570882387862 17.523729730491755 5.3603745929861395 9.168420336598544 -0.4446926258021833 3.1776108596191044 19.055836439918323 -3.2048902736153018 4.928198769865304 0.47578624525552726 -8.998126004355933 -6.848636708866243 -10.358414684829105 -1.3046956551426625
8.356713426853707 8.370710070761174 -0.5111187424381036 2.9639520355997284 0.9960282240957596 -4.034308790963372 -2.616632826116234 11.91061664732566 18.56956074522058 32.458156049249745 14.53514327729513 17.048159783774782 6.330226763631958 10.70667933035947 -2.0646320488600542 0.9054007178649457 17.53855956596882 5.3752044284632055 9.18325017207561 -0.4298627903251173 3.1924406950961703 19.070666275395407 -3.190060438138236 4.943028605342388 0.4906160807325932 -8.983296168878868 -6.833806873389177 -10.34358484935204 -1.2898658196655965
8.41683366733467 8.385440349493507 -0.4963884637057703 2.9786823143320618 1.0107585028280752 -4.019578512231039 -2.601902547383901 11.925346926057994 18.584291023952897 32.472886327982074 14.549873556027464 17.062890062507115 6.344957042364292 10.721409609091804 -2.049901770127721 0.9201309965972613 17.553289844701155 5.389934707195539 9.197980450807943 -0.41513251159278397 3.2071709738285037 19.085396554127723 -3.1753301594059025 4.957758884074703 0.5053463594649266 -8.968565890146534 -6.819076594656844 -10.328854570619706 -1.2751355409332632
8.47695390781563 8.400072461054418 -0.48175635214487755 2.9933144258929723 1.0253906143889857 -4.0049464006701285 -2.587270435823008 11.939979037618887 18.598923135513807 32.48751843954299 14.564505667588374 17.077522174068026 6.359589153925202 10.736041720652697 -2.0352696585668104 0.9347631081581718 17.567921956262065 5.404566818756449 9.212612562368854 -0.4005004000318735 3.221803085389414 19.100028665688633 -3.160698047844992 4.972390995635614 0.519978471025837 -8.953933778585624 -6.804444483095933 -10.314222459058795 -1.2605034293723527
8.537074148296593 8.414607753513934 -0.4672210596853432 3.007849718352489 1.0399259068485023 -3.990411108210612 -2.5727351433634738 11.954514330078421 18.613458427973324 32.5020537320025 14.579040960047891 17.092057466527542 6.374124446384719 10.750577013112213 -2.020734366107294 0.9492984006176883 17.582457248721582 5.419102111215966 9.22714785482837 -0.3859651075723569 3.2363383778489307 19.11456395814815 -3.1461627553854754 4.98692628809513 0.5345137634853536 -8.939398486126107 -6.789909190636417 -10.299687166599279 -1.2459681369128361
8.597194388777554 8.429047571703343 -0.45278124149593424 3.0222895365419156 1.054365725037929 -3.975971290021185 -2.5582953251740648 11.96895414826783 18.62789824616275 32.516493550191925 14.5934807782373 17.10649728471695 6.388564264574145 10.76501683130164 -2.006294547917885 0.9637382188071151 17.59689706691101 5.433541929405393 9.241587673017797 -0.37152528938294793 3.2507781960383397 19.129003776337576 -3.1317229371960664 5.001366106284557 0.5489535816747626 -8.92495866793668 -6.77546937244699 -10.28524734840987 -1.2315283187234094
8.657314629258517 8.443393215453838 -0.43843559774543905 3.036635180292393 1.0687113687884064 -3.961625646270708 -2.5439496814235696 11.983299792018325 18.642243889913228 32.530839193942406 14.607826421987795 17.120842928467447 6.402909908324623 10.779362475052135 -1.9919489041673897 0.9780838625576103 17.611242710661486 5.44788757315587 9.255933316768274 -0.35717964563245275 3.265123839788835 19.143349420088054 -3.1173772934455712 5.0157117500350346 0.5632992254252578 -8.910613024186203 -6.7611237286965125 -10.270901704659375 -1.217182674972932
