web/models/kne/23/mosfit_kn_0.001513_0.0613_0.5000.dat
# %ECSV 1.0
# ---
# datatype:
# - {name: time, datatype: float64}
# - {name: PS1_g, datatype: float64}
# - {name: PS1_i, datatype: float64}
# - {name: PS1_r, datatype: float64}
# - {name: PS1_w, datatype: float64}
# - {name: PS1_y, datatype: float64}
# - {name: PS1_z, datatype: float64}
# - {name: swift_uvot_B, datatype: float64}
# - {name: swift_uvot_U, datatype: float64}
# - {name: swift_uvot_uvm2, datatype: float64}
# - {name: swift_uvot_uvw1, datatype: float64}
# - {name: swift_uvot_uvw2, datatype: float64}
# - {name: swift_uvot_V, datatype: float64}
# - {name: johnson_B, datatype: float64}
# - {name: johnson_I, datatype: float64}
# - {name: johnson_R, datatype: float64}
# - {name: johnson_U, datatype: float64}
# - {name: johnson_V, datatype: float64}
# - {name: sdss_g, datatype: float64}
# - {name: sdss_i, datatype: float64}
# - {name: sdss_r, datatype: float64}
# - {name: sdss_u, datatype: float64}
# - {name: sdss_z, datatype: float64}
# - {name: ATLAS_c, datatype: float64}
# - {name: ATLAS_o, datatype: float64}
# - {name: ukirt_H, datatype: float64}
# - {name: ukirt_J, datatype: float64}
# - {name: ukirt_K, datatype: float64}
# - {name: Clear, datatype: float64}
# meta: !!omap
# - comment: [kappa = 0.5, type = rprocess, mass = 0.001513321957917195, velocity = 0.061333333333333344, theta_obs = 0.0, tfloor = 1000.0]
# schema: astropy-2.0
time PS1_g PS1_i PS1_r PS1_w PS1_y PS1_z swift_uvot_B swift_uvot_U swift_uvot_uvm2 swift_uvot_uvw1 swift_uvot_uvw2 swift_uvot_V johnson_B johnson_I johnson_R johnson_U johnson_V sdss_g sdss_i sdss_r sdss_u sdss_z ATLAS_c ATLAS_o ukirt_H ukirt_J ukirt_K Clear
0.06012024048096192 -10.428126425528017 -9.712574340885691 -10.03886862759833 -10.155200885659728 -9.256912699916509 -9.450054634544127 -10.45232387720625 -11.871639482681893 -12.883082807580152 -12.61201056819461 -12.91404037170301 -10.240614516973913 -10.458624912730986 -10.0362376806826 -10.178742105119706 -11.570221426616289 -10.244592387102445 -10.473924357741264 -9.730348764673789 -10.0409448182047 -10.823418704105396 -9.405900604333244 -10.310363505876747 -9.92850805018021 -8.219326445828761 -8.795624021880178 -7.679171849351574 -10.06790739957058
0.12024048096192384 -11.467229574874711 -10.834200610516067 -11.129800029230168 -11.225586896646345 -10.40759802299867 -10.58964556527604 -11.467294714101428 -12.81599893498214 -13.618951410392096 -13.403143047451529 -13.576644015842131 -11.308805355927404 -11.474695596337789 -11.165929655443698 -11.276396563634556 -12.528939443893591 -11.313777585016316 -11.505921300808808 -10.851208774791168 -11.132015723690323 -11.779171269532558 -10.548119627769204 -11.365598542250499 -11.03057378721779 -9.409803206224295 -9.967585037555223 -8.882461838777312 -11.142034971542163
0.18036072144288576 -12.037337889219408 -11.466996043945272 -11.739320396488129 -11.82014128332808 -11.062328850067491 -11.236013804842955 -12.018838412358416 -13.313497593556232 -13.958131989427262 -13.78710076578269 -13.8624649499449 -11.900948421440482 -12.027137943020708 -11.804834841333928 -11.89107029779808 -13.0373860980568 -11.906722932480614 -12.070595934065729 -11.483423406660389 -11.741622967201693 -12.285287392419324 -11.196480527351582 -11.948192365474508 -11.648640069534117 -10.09433038895695 -10.638295130815647 -9.576501071533945 -11.73972473532162
0.24048096192384769 -12.41371672564565 -11.897731308010364 -12.14988526607712 -12.218191921027568 -11.51202316994441 -11.678486516639133 -12.378979716717772 -13.626628506773386 -14.134770175810857 -14.004168019832264 -13.994868511191289 -12.2963714151964 -12.388103688585911 -12.240864097216157 -12.306139581216915 -13.360002121791787 -12.302875591743552 -12.442244634277362 -11.913655242019221 -12.15224937171218 -12.605833499338672 -11.640682113192913 -12.33555385708426 -12.066682799194446 -10.569638767056569 -11.10175531357468 -10.059935317034101 -12.140703648268953
0.3006012024048096 -12.68088596349287 -12.215363637787924 -12.448791562283557 -12.50587354190234 -11.84722624154821 -12.007000739936515 -12.630971069789016 -13.834927852785928 -14.217346301523083 -14.125403753971 -14.038250296558491 -12.581157853074291 -12.640898693713169 -12.563412806537137 -12.60925965029979 -13.57708127505066 -12.588368453242802 -12.705010662966707 -12.230819954733487 -12.451201030349548 -12.820953307318916 -11.970804360283935 -12.61304634825997 -12.372591301682192 -10.928481405580149 -11.449685299073414 -10.426238972918041 -12.431280521543364
0.3607214428857715 -12.875888322222622 -12.459243524067443 -12.674526405467912 -12.72110314876084 -12.108111736980849 -12.261415186875428 -12.811186776981042 -13.972828992758934 -14.234574337270093 -14.180966672280508 -14.019329086872595 -12.793158353875384 -12.821928444178411 -12.812059464599034 -12.839106863085298 -13.723449990456277 -12.801080403876222 -12.895739740151093 -12.474246401002222 -12.676968774902395 -12.96539190077132 -12.226780604654088 -12.818162571889502 -12.605166149043985 -11.212167953597854 -11.72286495115715 -10.717089526137114 -12.649478250854997
0.42084168336673344 -13.017970125213889 -12.650084600866194 -12.847253450783 -12.883714500810406 -12.315916594843852 -12.462766716495022 -12.938441132120417 -14.057912846629943 -14.200468243294718 -14.185863682402289 -13.950995975813182 -12.952126745184309 -12.950030279355115 -13.00766335296948 -13.015968117885254 -13.816936096926604 -12.960785725356574 -13.033552297393278 -12.664634394310692 -12.849717608433266 -13.056922677274354 -12.429695670260887 -12.970445139970863 -12.784775676913647 -11.442651699810307 -11.942914962815381 -10.954669634666272 -12.815212364879667
0.48096192384769537 -13.118176386042695 -12.800001821374387 -12.978684933598199 -13.005211053302226 -12.483138792568091 -12.62340689547834 -13.023458264491314 -14.100009256476511 -14.122339737567561 -14.14818956749956 -13.839895198746003 -13.069471441999163 -13.035948285499547 -13.162446630329605 -13.15164850242634 -13.86754550490971 -13.078910193711335 -13.129401174844233 -12.81408871873193 -12.981159750589288 -13.105509473637369 -12.591936762583469 -13.081164703753476 -12.923286831469838 -11.632950736076422 -12.122613191896237 -11.152161744506477 -12.940059922149718
0.5410821643286573 -13.183107363506519 -12.916491940991985 -13.075978173211116 -13.092606726479978 -12.617598267849566 -12.751032095810846 -13.072564245676272 -14.104701734941205 -14.003747649862802 -14.072212267293747 -13.689180679023853 -13.15209026529062 -13.086028409552902 -13.283997057256684 -13.25338619488707 -13.88100494325289 -13.16236863260311 -13.189809142226796 -12.930097503511355 -13.078451503440718 -13.116841523168041 -12.721230866726803 -13.157119977794167 -13.027992125225492 -11.791320546447357 -12.270015074838446 -11.317957003115316 -13.031110327991708
0.6012024048096192 -13.215224347396752 -13.003262388369308 -13.142368747836759 -13.148960885388767 -12.72345014282795 -12.849626458985384 -13.087833147431162 -14.073027973257553 -13.842961539471656 -13.95725716482131 -13.496670674274952 -13.202854423488894 -13.102374660978441 -13.37614871266042 -13.324531144305134 -13.85855010141346 -13.214057638436179 -13.21712906216499 -13.016356168892571 -13.144826316740552 -13.092100165149851 -12.821604903144763 -13.201055702572155 -13.10231870422827 -11.922514240596056 -12.389600346405006 -11.456992554925128 -13.091538226798374
0.6613226452905812 -13.218710376262006 -13.064779746504254 -13.18220759091659 -13.178658319527639 -12.805276718774987 -12.923727383639356 -13.073352827496418 -14.008875731656225 -13.643461062650623 -13.807099952858728 -13.26612277845284 -13.22602052908697 -13.089089288537949 -13.443401687042666 -13.369468403037168 -13.804099422447191 -13.238245607935875 -13.215519967277842 -13.077328161619697 -13.184632170615735 -13.035187618861332 -12.897608712049777 -13.217239990234102 -13.150675532460578 -12.031269784787211 -12.486037123751215 -11.57405192414103 -13.12578638603556
0.721442885771543 -13.201124197174199 -13.107503272461152 -13.202354892145376 -13.18883040982275 -12.869170137303882 -12.979565611165285 -13.037016207338656 -13.921118707226938 -13.416890913633232 -13.632502335268999 -13.010181974553955 -13.228752522508593 -13.054050898971287 -13.492112234647628 -13.39497072170013 -13.726327546616474 -13.242083742163542 -13.192638125813865 -13.119482590567344 -13.204727147409265 -12.954821366521951 -12.955440258135251 -13.213012949224634 -13.179777553803138 -12.123197370009018 -12.565157003855044 -11.674594967480994 -13.140933644407209
0.781563126252505 -13.159876570830225 -13.130419442771508 -13.201196312549541 -13.17769184766183 -12.914690358737388 -13.016481609757982 -12.975736773920634 -13.805367691847543 -13.155441678162138 -13.42708480475789 -12.720748490598982 -13.208967283480845 -12.994216555018848 -13.521429768236352 -13.399574328820158 -13.621090100466812 -13.223525480552654 -13.145756948648142 -13.141790515658442 -13.203492375226027 -12.846784812648249 -12.99449591898819 -13.186159708366691 -13.188263023108657 -12.198622948463258 -12.626936923440526 -11.759181300416229 -13.135362822392125
0.8416833667334669 -13.097247484714067 -13.135811822296173 -13.181000436838168 -13.14762835994621 -12.944147716703576 -13.036773882918311 -12.89178249049937 -13.663934952556236 -12.86167402524232 -13.19352763329654 -12.401021256376751 -13.16891422496963 -12.91186715727433 -13.533646490530426 -13.385562203177567 -13.490680329581288 -13.18483045439084 -13.077157131955524 -13.146534774866794 -13.18319224100641 -12.71336485345497 -13.017079277740446 -13.138994947251597 -13.17842556641395 -12.259900311587726 -12.67371217999102 -11.83017555903321 -13.111510115441405
0.9018036072144289 -13.013152093852156 -13.12417416998672 -13.142028116878102 -13.098950024606602 -12.958270223241595 -13.04107921214479 -12.784874348238386 -13.496100650344047 -12.533830144189334 -12.930736466622914 -12.049771097862227 -13.108664722135892 -12.806752315157425 -13.529323755032376 -13.35326422712064 -13.334451515966467 -13.126093355460496 -12.986704059166989 -13.134202824239996 -13.144081847068936 -12.55388196008111 -13.023852431222096 -13.071604436311244 -13.150642475040826 -12.308078362699016 -12.706386688739427 -11.888722274785726 -13.069795093004526
0.9619238476953907 -12.908234795363107 -13.096408561580262 -13.085066970942005 -13.032563897956706 -12.95808611060151 -13.030375264613063 -12.655560105264627 -13.302245012786784 -12.171989301684633 -12.63922270023194 -11.667895803428404 -13.028906835781815 -12.679444002505264 -13.509400800279618 -13.303511338161684 -13.152802974597481 -13.048021567058806 -12.875020481819135 -13.10569335853117 -13.086942561420507 -12.368715236805965 -13.01580877200431 -12.984738100671773 -13.10577458339667 -12.344367043595577 -12.726088879633293 -11.936084407717845 -13.01121502175473
1.0220440881763526 -12.783659789700028 -13.053679810107823 -13.011263407500273 -12.949781892704841 -12.944798486159552 -13.005847612193175 -12.504986270312763 -13.083559027187182 -11.77758985111343 -12.320676081965392 -11.257856708666324 -12.930760908399403 -12.531108749934962 -13.475054743019694 -13.237471986135613 -12.946903975662078 -12.951750968577239 -12.743271348584493 -13.062170199399628 -13.0129143899088 -12.159024257202766 -12.994141720703976 -12.879611204279193 -13.045005403806229 -12.370039503484625 -12.734060935755236 -11.973554614946645 -12.937152143777055
1.0821643286573146 -12.640153950055932 -12.996772143117372 -12.921361456650704 -12.851514763113077 -12.919252821307836 -12.968314989292615 -12.33384206295349 -12.840722025117532 -11.35140695443518 -11.976233629714539 -10.821558372634822 -12.814926549500012 -12.362459343567242 -13.427088723760747 -13.155919788457322 -12.717422277586607 -12.837999392071476 -12.592179036017868 -13.004415988109237 -12.922734256142014 -11.925463503746467 -12.959680611808526 -12.75701916453352 -12.969128088667912 -12.386046442288164 -12.731206192778435 -12.002114477375157 -12.848596618358634
1.1422845691382766 -12.47875327929135 -12.92661064587545 -12.816310405929503 -12.738899587580157 -12.88237614744606 -12.91869993460189 -12.143177459978613 -12.57490440575662 -10.89503123112927 -11.607757314709204 -10.36186104806243 -12.682357779301487 -12.174566469348424 -13.366429926698295 -13.05981948019361 -12.465492498002828 -12.707736354286999 -12.422789424136784 -12.933355848609338 -12.817344379937357 -11.669161282759504 -12.9133533068058 -12.618029513134523 -12.879116448386885 -12.393346478705121 -12.718468861545842 -12.022732092349225 -12.746747973961483
1.2024048096192383 -12.301093840996025 -12.844460832615532 -12.697501086952414 -12.613528460654795 -12.835339856207426 -12.858205872011066 -11.934724806499723 -12.288159667034702 -10.41142728076045 -11.218296516708897 -9.88306823699697 -12.53452905230586 -11.969176086239791 -13.294318553137831 -12.950552580291383 -12.193096310883462 -12.562445573990873 -12.23677071379468 -12.850257951515207 -12.698129420141626 -11.392105065156297 -12.856359361359146 -12.464246149815708 -12.77634314897492 -12.393019198591462 -12.696969466198647 -12.036460473930022 -12.633226547019465
1.2625250501002003 -12.108618016843202 -12.751403208386929 -12.5661391526884 -12.476788037454813 -12.779129241533003 -12.787850516769357 -11.710020153791405 -11.982322558727638 -9.903261472404207 -10.810666020276951 -9.38917978868361 -12.372729243757973 -11.747837734389982 -13.2118094433086 -12.829315626524302 -11.902002600857806 -12.403424782674273 -12.035596141859681 -12.756205507065346 -12.566289174781602 -11.096069405156523 -12.78971256474378 -12.297078117462004 -12.661994770692253 -12.385959355896928 -12.667642449183079 -12.044169473553337 -12.50943980682452
1.3226452905811623 -11.903052299287982 -12.648664564538183 -12.423633366657931 -12.330250449172873 -12.714818833271764 -12.708762854513402 -11.47092919884826 -11.659655414430166 -9.373851909880301 -10.388242177651197 -8.88477962752788 -12.198495498318291 -11.512424908521023 -13.120087351396396 -12.697492814188529 -11.594392103971735 -12.232214996516928 -11.821034618873014 -12.652429564188097 -12.423227797337368 -10.78324820230602 -12.714532137457422 -12.118178335846643 -12.537433743366595 -12.37307612354895 -12.631469958575162 -12.04672209282881 -12.376951956397022
1.3827655310621243 -11.686654662859493 -12.537789688306162 -12.271797836517404 -12.175864275682216 -12.643712426372158 -12.622335691574573 -11.21992137064088 -11.323183586314904 -8.827647795258574 -9.955331183275593 -8.375380194666743 -12.013841044145767 -11.265404498164497 -13.02062946699212 -12.556848240792792 -11.273182768123561 -12.050824643909104 -11.595404798528683 -12.540481565414048 -12.27075705266314 -10.456584918658809 -12.63219163401157 -11.929666428639134 -12.404383888774042 -12.355387919871548 -12.58959720501206 -12.045055680502477 -12.23765854823963
1.442885771543086 -11.461414167118349 -12.420119249953387 -12.112222670714736 -12.015307138514899 -12.566923185510621 -12.529766708010328 -10.959180179338432 -10.975581989190157 -8.268560507392525 -9.515757297302319 -7.865732545320284 -11.820541227713488 -11.008955778636164 -12.914712540565809 -12.408924070211295 -10.940957038826841 -11.861022851101806 -11.360750482011408 -12.421708464511791 -12.110465853339853 -10.118686455341237 -12.54387007438277 -11.733397453095584 -12.264347511033034 -12.333736765453212 -12.542986180983016 -12.039936330403263 -12.093174113875822
1.503006012024048 -11.229475652488343 -12.297081515117352 -11.946616945151174 -11.850331361755746 -12.48561506420721 -12.432319399490588 -10.691072362149587 -10.619755853346344 -7.700820658673869 -9.07354672826278 -7.360580939977858 -11.620518149864687 -10.745433875106961 -12.803690126178797 -12.255368748042905 -10.600522624600945 -11.664719568311382 -11.11927712871534 -12.297545787312423 -11.944064175647107 -9.772391131804365 -12.450807533011332 -11.531350317053697 -12.11892392530796 -12.308960221741001 -12.492619268105239 -12.032109611545179 -11.945158652840728
1.56312625250501 -10.992841099694157 -12.170002371684792 -11.776575957226534 -11.682530007799894 -12.400854224761737 -12.331158649300047 -10.417814250240138 -10.258422884992022 -7.1283550454727544 -8.632386815475783 -6.8640303937449545 -11.415574227144429 -10.477039707386172 -12.688814451286323 -12.097715311940533 -10.25450957342554 -11.463702215382996 -10.873043888121945 -12.169326535065288 -11.773149744379996 -9.42036039248281 -12.354144811585606 -11.325357255534385 -11.969595673394178 -12.281796842694595 -12.439380434978451 -12.022221840245171 -11.795099886085563
1.6232464929859718 -10.753440325698396 -12.040158168875905 -11.603640212103112 -11.513399958616812 -12.313656213803732 -12.227400119198872 -10.141548635167414 -9.894208041454 -6.554926781027926 -8.195713089529448 -6.379651998642956 -11.207456539286042 -10.20589589709305 -12.571287590761628 -11.93743830390287 -9.905461614624802 -11.259699391432337 -10.62403601480236 -12.038334172337297 -11.599267121033936 -9.065171162676435 -12.254972154876587 -11.11716997009168 -11.817784468198589 -12.25292473278907 -12.384097885053079 -12.01085568111784 -11.644375415655048
