web/models/kne/23/mosfit_kn_0.012011_0.1867_10.0000.dat
# %ECSV 1.0
# ---
# datatype:
# - {name: time, datatype: float64}
# - {name: PS1_g, datatype: float64}
# - {name: PS1_i, datatype: float64}
# - {name: PS1_r, datatype: float64}
# - {name: PS1_w, datatype: float64}
# - {name: PS1_y, datatype: float64}
# - {name: PS1_z, datatype: float64}
# - {name: swift_uvot_B, datatype: float64}
# - {name: swift_uvot_U, datatype: float64}
# - {name: swift_uvot_uvm2, datatype: float64}
# - {name: swift_uvot_uvw1, datatype: float64}
# - {name: swift_uvot_uvw2, datatype: float64}
# - {name: swift_uvot_V, datatype: float64}
# - {name: johnson_B, datatype: float64}
# - {name: johnson_I, datatype: float64}
# - {name: johnson_R, datatype: float64}
# - {name: johnson_U, datatype: float64}
# - {name: johnson_V, datatype: float64}
# - {name: sdss_g, datatype: float64}
# - {name: sdss_i, datatype: float64}
# - {name: sdss_r, datatype: float64}
# - {name: sdss_u, datatype: float64}
# - {name: sdss_z, datatype: float64}
# - {name: ATLAS_c, datatype: float64}
# - {name: ATLAS_o, datatype: float64}
# - {name: ukirt_H, datatype: float64}
# - {name: ukirt_J, datatype: float64}
# - {name: ukirt_K, datatype: float64}
# - {name: Clear, datatype: float64}
# meta: !!omap
# - comment: [kappa = 10.0, type = rprocess, mass = 0.012011244339858356, velocity = 0.1866666666666667, theta_obs = 0.0, tfloor = 1000.0]
# schema: astropy-2.0
time PS1_g PS1_i PS1_r PS1_w PS1_y PS1_z swift_uvot_B swift_uvot_U swift_uvot_uvm2 swift_uvot_uvw1 swift_uvot_uvw2 swift_uvot_V johnson_B johnson_I johnson_R johnson_U johnson_V sdss_g sdss_i sdss_r sdss_u sdss_z ATLAS_c ATLAS_o ukirt_H ukirt_J ukirt_K Clear
[from data line 437]
26.33266533066132 9.972359643458173 1.0905308302588956 4.565601608296728 2.597677796792759 -2.432659218266373 -1.014983253419235 13.51226622002266 20.17121031791757 34.05980562194675 16.13679284999213 18.64980935647178 7.9318763363289575 12.30832890305647 -0.462982476163055 2.5070502905619447 19.14020913866582 6.976854001160205 10.784899744772627 1.171786782371882 4.79409026779317 20.672315848092396 -1.5884108654412366 6.544678178039387 2.0922656534295925 -7.381646596181869 -5.232157300692178 -8.74193527665504 0.3117837530314027
26.392785571142284 9.978050466702175 1.0962216535028801 4.57129243154073 2.6033686200367434 -2.426968395022371 -1.0092924301752504 13.517957043266644 20.176901141161565 34.06549644519074 16.142483673236114 18.655500179715776 7.93756715957296 12.314019726300454 -0.4572916529190705 2.5127411138059292 19.145899961909823 6.982544824404207 10.790590568016611 1.1774776056158842 4.799781091037154 20.67800667133639 -1.5827200421972343 6.5503690012833715 2.0979564766735948 -7.375955772937867 -5.2264664774481755 -8.736244453411038 0.317474576275405
26.452905811623246 9.983734263672055 1.1019054504727777 4.5769762285106275 2.609052417006641 -2.4212845980524733 -1.0036086332053529 13.523640840236542 20.182584938131463 34.07118024216064 16.148167470206012 18.661183976685663 7.9432509565428395 12.319703523270352 -0.45160785594917296 2.5184249107758268 19.15158375887972 6.9882286213741045 10.796274364986509 1.183161402585764 4.805464888007052 20.68369046830629 -1.5770362452273545 6.556052798253269 2.1036402736434745 -7.370271975967969 -5.220782680478278 -8.730560656441158 0.32315837324528474
26.51302605210421 9.989411066629277 1.1075822534299995 4.5826530314678315 2.614729219963845 -2.4156077950952692 -0.997931830248131 13.529317643193764 20.188261741088674 34.07685704511785 16.153844273163234 18.666860779642878 7.948927759500061 12.325380326227556 -0.4459310529919511 2.524101713733031 19.157260561836924 6.993905424331309 10.801951167943713 1.1888382055429858 4.8111416909642735 20.6893672712635 -1.5713594422701327 6.561729601210473 2.1093170766006963 -7.364595173010765 -5.215105877521074 -8.724883853483936 0.3288351762025066
26.573146292585168 9.995080944720343 1.1132521315210653 4.588322909558915 2.6203990980549285 -2.4099379170041857 -0.9922619521570653 13.53498752128483 20.19393161917975 34.082526923208924 16.1595141512543 18.67253065773395 7.954597637591145 12.33105020431864 -0.44026117490088534 2.5297715918241144 19.162930439928008 6.999575302422392 10.807621046034797 1.1945080836340516 4.816811569055339 20.695037149354576 -1.565689564179067 6.567399479301557 2.114986954691762 -7.358925294919682 -5.20943599942999 -8.71921397539287 0.3345050542935901
26.63326653306613 10.000743999632853 1.1189151864335756 4.593985964471425 2.626062152967439 -2.4042748620916754 -0.986598897244555 13.54065057619734 20.19959467409226 34.088189978121434 16.16517720616681 18.678193712646472 7.960260692503655 12.33671325923115 -0.43459811998837505 2.5354346467366247 19.16859349484052 7.005238357334902 10.813284100947307 1.2001711385465619 4.8224746239678495 20.700700204267086 -1.5600265092665566 6.573062534214067 2.1206500096042724 -7.353262240007171 -5.20377294451748 -8.71355092048036 0.3401681092061004
26.693386773547093 10.006400278237972 1.1245714650386773 4.599642243076527 2.6317184315725406 -2.3986185834865736 -0.9809426186394532 13.546306854802442 20.205250952697362 34.093846256726536 16.17083348477191 18.683849991251574 7.965916971108757 12.342369537836252 -0.4289418413832733 2.5410909253417264 19.17424977344562 7.010894635940004 10.818940379552409 1.2058274171516814 4.828130902572951 20.706356482872188 -1.554370230661437 6.578718812819169 2.126306288209392 -7.34760596140207 -5.198116665912378 -8.70789464187524 0.34582438781120217
26.753507014028056 10.012049825165725 1.130221011966448 4.60529179000428 2.6373679785002935 -2.3929690365588208 -0.9752930717116826 13.551956401730212 20.210900499625126 34.0994958036543 16.176483031699682 18.689499538179334 7.97156651803651 12.348019084764022 -0.42329229445550265 2.5467404722694793 19.179899320373373 7.016544182867757 10.824589926480161 1.2114769640794343 4.833780449500722 20.71200602979995 -1.5487206837336842 6.584368359746922 2.131955835137145 -7.341956414474317 -5.192467118984625 -8.702245094947488 0.35147393473895505
26.81362725450902 10.017692693788334 1.1358638805890564 4.6109346586268884 2.6430108471229197 -2.3873261679362123 -0.9696502030890741 13.55759927035282 20.216543368247734 34.105138672276915 16.18212590032229 18.695142406801942 7.977209386659118 12.35366195338663 -0.4176494258328942 2.5523833408921055 19.18554218899598 7.022187051490383 10.830232795102788 1.2171198327020427 4.83942331812333 20.71764889842256 -1.5430778151110758 6.590011228369548 2.1375987037597532 -7.336313545851708 -5.186824250362017 -8.69660222632488 0.3571168033615635
26.873747494989978 10.023328957249564 1.141500144050287 4.616570922088119 2.6486471105841325 -2.3816899044749817 -0.9640139396278435 13.563235533814051 20.22217963170896 34.110774935738135 16.18776216378352 18.700778670263166 7.982845650120349 12.359298216847861 -0.41201316237166363 2.5580196043533183 19.191178452457212 7.027823314951596 10.835869058564 1.2227560961632733 4.845059581584561 20.723285161883787 -1.5374415516498452 6.595647491830761 2.143234967220984 -7.330677282390478 -5.181187986900786 -8.690965962863649 0.36275306682279407
26.93386773547094 10.028958671986512 1.147129858787217 4.622200636825067 2.6542768253210802 -2.376060189738034 -0.9583842248909136 13.568865248550999 20.227809346445902 34.11640465047508 16.19339187852047 18.706408385000113 7.988475364857297 12.364927931584791 -0.4063834476347159 2.563649319090266 19.19680816719416 7.033453029688544 10.841498773300948 1.228385810900221 4.850689296321509 20.728914876620728 -1.5318118369128975 6.601277206567708 2.1488646819579316 -7.32504756765353 -5.175558272163839 -8.685336248126701 0.3683827815597418
26.993987975951903 10.03458187449441 1.1527530612951153 4.627823839332965 2.6599000278289786 -2.3704369872301356 -0.9527610223830152 13.57448845105888 20.2334325489538 34.12202785298298 16.199015081028367 18.71203158750801 7.994098567365195 12.37055113409269 -0.4007602451268175 2.5692725215981644 19.202431369702058 7.039076232196442 10.847121975808847 1.2340090134081194 4.856312498829407 20.734538079128626 -1.526188634404999 6.606900409075607 2.15448788446583 -7.319424365145632 -5.16993506965594 -8.679713045618803 0.3740059840676402
27.054108216432866 10.040198643897433 1.158369830698156 4.633440608736006 2.6655167972320193 -2.3648202178271127 -0.9471442529799745 13.58010522046192 20.23904931835684 34.127644622386015 16.20463185043139 18.71764835691104 7.999715336768218 12.37616790349573 -0.3951434757237946 2.574889291001205 19.2080481391051 7.044693001599483 10.852738745211887 1.2396257828111423 4.86192926823243 20.740154848531667 -1.5205718650019762 6.612517178478647 2.160104653868853 -7.313807595742591 -5.1643183002529 -8.67409627621578 0.3796227534706631
27.11422845691383 10.045809050593224 1.163980237393929 4.639051015431779 2.6711272039277922 -2.359209811131322 -0.9415338462842016 13.585715627157711 20.24465972505262 34.133255029081795 16.21024225712718 18.723258763606825 8.00532574346401 12.381778310191503 -0.3895330690280039 2.580499697696978 19.21365854580087 7.050303408295256 10.85834915190766 1.245236189506933 4.867539674928221 20.74576525522744 -1.5149614583061854 6.61812758517442 2.1657150605646436 -7.308197189046818 -5.158707893557127 -8.668485869519989 0.3852331601664538
27.174348697394787 10.051413138739793 1.1695843255405158 4.644655103578366 2.676731292074379 -2.353605722984735 -0.9359297581376147 13.59131971530428 20.2502638131992 34.13885911722837 16.21584634527375 18.7288628517534 8.010929831610596 12.38738239833809 -0.3839289808814348 2.586103785843565 19.21926263394746 7.055907496441843 10.863953240054247 1.2508402776535021 4.87314376307479 20.751369343374026 -1.5093573701596164 6.623731673321007 2.1713191487112127 -7.302593100900231 -5.15310380541054 -8.66288178137342 0.3908372483130407
27.23446893787575 10.057010955712578 1.1751821425132825 4.650252920551132 2.6823291090471457 -2.3480079060119685 -0.9303319411648481 13.596917532277047 20.255861630171967 34.14445693420114 16.221444162246517 18.734460668726175 8.016527648583363 12.392980215310857 -0.37833116390866817 2.5917016028163316 19.224860450920225 7.061505313414609 10.869551057027014 1.2564380946262865 4.878741580047556 20.756967160346793 -1.503759553186832 6.629329490293774 2.176916965683997 -7.2969952839274645 -5.147505988437773 -8.657283964400635 0.3964350652858073
27.294589178356713 10.062602539775654 1.1807737265763585 4.655844504614208 2.6879206931102217 -2.3424163219488925 -0.924740357101772 13.602509116340123 20.261453214235043 34.15004851826422 16.22703574630961 18.74005225278925 8.022119232646439 12.398571799373933 -0.37273957984559214 2.5972931868794076 19.2304520349833 7.067096897477685 10.87514264109009 1.2620296786893626 4.88433316411065 20.76255874440987 -1.498167969123756 6.63492107435685 2.182508549747073 -7.2914036998643885 -5.141914404374697 -8.65169238033756 0.4020266493488833
27.354709418837675 10.068187968240938 1.1863591550416608 4.661429933079511 2.693506121575524 -2.33683089348359 -0.9191549286364697 13.608094544805425 20.267038642700346 34.155633946729516 16.232621174774895 18.745637681254554 8.027704661111741 12.404157227839235 -0.36715415138028984 2.60287861534471 19.236037463448604 7.072682325942988 10.880728069555392 1.2676151071546649 4.889918592575935 20.76814417287517 -1.4925825406584536 6.640506502822152 2.1880939782123576 -7.285818271399086 -5.136328975909395 -8.646106951872257 0.4076120778141856
27.414829659318634 10.073767274268732 1.1919384610694372 4.667009239107287 2.6990854276033005 -2.3312515874558137 -0.9135756226086933 13.613673850833202 20.272617948728122 34.16121325275729 16.23820048080267 18.75121698728233 8.033283967139518 12.409736533867012 -0.3615748453525134 2.6084579213724863 19.24161676947638 7.078261631970764 10.886307375583169 1.2731944131824413 4.895497898603711 20.773723478902948 -1.4870032346306772 6.646085808849929 2.193673284240152 -7.28023896537131 -5.130749669881618 -8.64052764584448 0.4131913838419621
27.474949899799597 10.079340498615217 1.1975116854159218 4.672582463453772 2.704658651949785 -2.325678363109329 -0.9080023982622087 13.619247075179686 20.278191173074607 34.16678647710378 16.243773705149156 18.756790211628815 8.038857191486002 12.415309758213496 -0.35600162100602883 2.614031145718971 19.247189993822865 7.083834856317249 10.891880599929653 1.2787676375289259 4.901071122950196 20.779296703249432 -1.4814300102841926 6.651659033196413 2.1992465085866364 -7.274665741024825 -5.125176445535134 -8.634954421497996 0.41876460818844663
27.53507014028056 10.084907712986073 1.2030788997867958 4.678149677824628 2.7102258663206413 -2.320111148738473 -0.9024351838913347 13.62481428955056 20.283758387445474 34.17235369147465 16.24934091952003 18.76235742599967 8.044424405856859 12.420876972584352 -0.3504344066351548 2.619598360089827 19.25275720819372 7.089402070688105 10.89744781430051 1.2843348518997821 4.90663833732107 20.7848639176203 -1.4758627959133364 6.657226247567269 2.2048137229574927 -7.269098526653969 -5.119609231164278 -8.62938720712714 0.4243318225593029
27.595190380761522 10.090468982103928 1.2086401689046333 4.683710946942483 2.7157871354384966 -2.3145498796206176 -0.8968739147734972 13.630375558668398 20.28931965656332 34.17791496059249 16.254902188637868 18.767918695117526 8.049985674974714 12.426438241702208 -0.3448731375173173 2.6251596292076824 19.258318477311576 7.09496333980596 10.903009083418365 1.2898961210176374 4.912199606438907 20.790425186738144 -1.470301526795481 6.662787516685125 2.210374992075348 -7.263537257536114 -5.114047962046422 -8.623825938009285 0.42989309167715817
27.655310621242485 10.096024341694623 1.2141955284953454 4.689266306533195 2.7213424950292087 -2.3089945200299056 -0.8913185551827851 13.63593091825911 20.29487501615403 34.183470320183204 16.26045754822858 18.77347405470824 8.055541034565426 12.43199360129292 -0.3393177779266052 2.6307149887983945 19.263873836902288 7.100518699396672 10.908564443009077 1.2954514806083317 4.917754966029619 20.795980546328856 -1.464746167204769 6.668342876275837 2.2159303516660422 -7.257981897945402 -5.10849260245571 -8.61827057841859 0.43544845126787024
27.715430861723444 10.101573827799104 1.2197450145998268 4.694815792637677 2.72689198113369 -2.303445033925424 -0.8857690690783038 13.641480404363591 20.30042450225851 34.18901980628768 16.26600703433306 18.779023540812712 8.061090520669907 12.437543087397401 -0.33376829182212386 2.636264474902876 19.26942332300677 7.106068185501154 10.914113929113558 1.301000966712813 4.923304452134101 20.801530032433337 -1.4591966811003054 6.673892362380318 2.2214798377705236 -7.25243241184092 -5.102943116351229 -8.612721092314109 0.4409979373723516
27.775551102204407 10.10711748362894 1.2252886704296628 4.700359448467495 2.732435636963526 -2.297901378095606 -0.8802254132484677 13.647024060193427 20.30596815808834 34.19456346211751 16.271550690162897 18.78456719664255 8.066634176499726 12.443086743227237 -0.3282246359922878 2.641808130732712 19.274966978836588 7.111611841330972 10.919657584943376 1.3065446225426491 4.928848107963937 20.807073688263166 -1.4536530252704694 6.679436018210154 2.2270234936003597 -7.246888756011102 -5.097399460521411 -8.607177436484273 0.4465415932021699
27.83567134268537 10.11265537666544 1.2308265634661453 4.705897341503995 2.7379735300000085 -2.2923634850591057 -0.8746875202119853 13.65256195322991 20.31150605112483 34.200101355154004 16.27708858319938 18.79010508967904 8.072172069536226 12.44862463626372 -0.32268674295580535 2.6473460237691944 19.280504871873088 7.117149734367472 10.925195477979877 1.3120825155791493 4.934386001000419 20.812611581299656 -1.4481151322339691 6.684973911246637 2.232561386636842 -7.241350862974602 -5.09186156748491 -8.601639543447773 0.4520794862386701
27.895791583166332 10.118187537830092 1.236358724630815 4.711429502668665 2.7435056911646782 -2.286831323894436 -0.8691553590473156 13.65809411439458 20.3170382122895 34.20563351631867 16.28262074436405 18.7956372508437 8.077704230700878 12.45415679742839 -0.31715458179113565 2.652878184933864 19.286037033037758 7.122681895532142 10.930727639144546 1.3176146767438013 4.939918162165089 20.818143742464326 -1.4425829710693172 6.690506072411306 2.238093547801512 -7.235818701809932 -5.086329406320241 -8.59610738228312 0.45761164740332205
27.955911823647295 10.123713996683463 1.241885183484186 4.716955961522018 2.7490321500180492 -2.2813048650410828 -0.8636289001939446 13.66362057324795 20.322564671142864 34.211159975172045 16.28814720321742 18.80116370969707 8.083230689554249 12.45968325628176 -0.31162812293776465 2.658404643787235 19.29156349189111 7.128208354385495 10.936254097997917 1.3231411355971723 4.94544462101846 20.82367020131769 -1.4370565122159462 6.696032531264677 2.243620006654883 -7.230292242956579 -5.080802947466887 -8.59058092342975 0.46313810625669305
28.016032064128254 10.129234821162783 1.2474060079635052 4.722476786001337 2.7545529744973685 -2.2757840405617635 -0.8581080757146253 13.66914139772727 20.328085495622183 34.216680799651364 16.29366802769674 18.80668453417639 8.088751514033568 12.46520408076108 -0.3061072984584454 2.6639254682665543 19.29708431637043 7.133729178864814 10.941774922477236 1.3286619600764915 4.950965445497779 20.82919102579701 -1.431535687736627 6.701553355743997 2.249140831134202 -7.22477141847726 -5.075282122987568 -8.58506009895043 0.4686589307360123
