web/models/kne/23/mosfit_kn_0.001000_0.5000_10.0000.dat
# %ECSV 1.0
# ---
# datatype:
# - {name: time, datatype: float64}
# - {name: PS1_g, datatype: float64}
# - {name: PS1_i, datatype: float64}
# - {name: PS1_r, datatype: float64}
# - {name: PS1_w, datatype: float64}
# - {name: PS1_y, datatype: float64}
# - {name: PS1_z, datatype: float64}
# - {name: swift_uvot_B, datatype: float64}
# - {name: swift_uvot_U, datatype: float64}
# - {name: swift_uvot_uvm2, datatype: float64}
# - {name: swift_uvot_uvw1, datatype: float64}
# - {name: swift_uvot_uvw2, datatype: float64}
# - {name: swift_uvot_V, datatype: float64}
# - {name: johnson_B, datatype: float64}
# - {name: johnson_I, datatype: float64}
# - {name: johnson_R, datatype: float64}
# - {name: johnson_U, datatype: float64}
# - {name: johnson_V, datatype: float64}
# - {name: sdss_g, datatype: float64}
# - {name: sdss_i, datatype: float64}
# - {name: sdss_r, datatype: float64}
# - {name: sdss_u, datatype: float64}
# - {name: sdss_z, datatype: float64}
# - {name: ATLAS_c, datatype: float64}
# - {name: ATLAS_o, datatype: float64}
# - {name: ukirt_H, datatype: float64}
# - {name: ukirt_J, datatype: float64}
# - {name: ukirt_K, datatype: float64}
# - {name: Clear, datatype: float64}
# meta: !!omap
# - comment: [kappa = 10.0, type = rprocess, mass = 0.001, velocity = 0.5, theta_obs = 0.0, tfloor = 1000.0]
# schema: astropy-2.0
time PS1_g PS1_i PS1_r PS1_w PS1_y PS1_z swift_uvot_B swift_uvot_U swift_uvot_uvm2 swift_uvot_uvw1 swift_uvot_uvw2 swift_uvot_V johnson_B johnson_I johnson_R johnson_U johnson_V sdss_g sdss_i sdss_r sdss_u sdss_z ATLAS_c ATLAS_o ukirt_H ukirt_J ukirt_K Clear
[from data line 29]
1.8036072144288577 8.273848589958739 -0.6079802232405385 2.8670905547972936 0.899166743293307 -4.131170271765807 -2.713494306918669 11.813755166523226 18.47269926441813 32.36129456844731 14.438281796492696 16.951298302972347 6.233365282829523 10.609817849557036 -2.161493529662489 0.8085392370625109 17.441698085166387 5.278342947660771 9.086388691273175 -0.5267242711275522 3.0955792142937355 18.973804794592954 -3.2869219189406707 4.846167124539935 0.3937545999301584 -9.080157649681302 -6.930668354191612 -10.440446330154474 -1.3867273004680314
1.8637274549098195 8.43200840274557 -0.4498204104537251 3.0252503675841247 1.0573265560801381 -3.973010458978976 -2.5553344941318556 11.971914979310057 18.63085907720496 32.51945438123414 14.596441609279527 17.10945811575918 6.3915250956163545 10.76797766234385 -2.003333716875658 0.9666990498493242 17.599857897953218 5.436502760447602 9.244548504060006 -0.36856445834072105 3.2537390270805666 19.131964607379786 -3.1287621061538395 5.004326937326766 0.5519144127169895 -8.921997836894471 -6.772508541404781 -10.282286517367643 -1.2285674876812003
1.9238476953907815 8.587507664755272 -0.2943211484440056 3.180749629593844 1.2128258180898577 -3.8175111969692566 -2.399835232122136 12.127414241319759 18.78635833921468 32.67495364324385 14.751940871289229 17.26495737776888 6.547024357626056 10.923476924353569 -1.8478344548659562 1.1221983118590437 17.755357159962937 5.592002022457321 9.400047766069726 -0.21306519633101928 3.4092382890902684 19.287463869389505 -2.9732628441441378 5.159826199336486 0.7074136747266913 -8.766498574884752 -6.617009279395061 -10.126787255357941 -1.0730682256714985
1.9839679358717435 8.739420291817321 -0.14240852138195592 3.332662256655894 1.3647384451519073 -3.665598569907207 -2.2479226050600865 12.279326868381808 18.93827096627673 32.8268662703059 14.903853498351278 17.41687000483093 6.698936984688106 11.075389551415618 -1.6959218278039065 1.2741109389210934 17.907269787024987 5.743914649519371 9.551960393131775 -0.061152569268969614 3.561150916152318 19.439376496451555 -2.821350217082088 5.3117388263985355 0.8593263017887409 -8.614585947822702 -6.465096652333012 -9.974874628295892 -0.9211555986094488
2.0440881763527052 8.886968137520714 0.005139324321437044 3.480210102359287 1.5122862908553003 -3.518050724203814 -2.1003747593566935 12.426874714085201 19.085818811980122 32.97441411600929 15.051401344054671 17.564417850534323 6.846484830391517 11.222937397119011 -1.5483739821005136 1.4216587846244864 18.05481763272838 5.891462495222764 9.699508238835168 0.08639527643442335 3.708698761855711 19.586924342154948 -2.673802371378695 5.459286672101928 1.0068741474921339 -8.467038102119309 -6.317548806629619 -9.827326782592499 -0.7736077529060381
2.1042084168336674 9.02943957092413 0.147610757724852 3.622681535762702 1.6547577242587153 -3.3755792908004167 -1.9579033259532785 12.569346147488616 19.228290245383537 33.11688554941271 15.193872777458086 17.706889283937738 6.988956263794914 11.365408830522426 -1.4059025486970986 1.5641302180279013 18.197289066131795 6.033933928626179 9.841979672238583 0.2288667098378383 3.851170195259126 19.729395775558363 -2.53133093797528 5.601758105505343 1.1493455808955488 -8.324566668715894 -6.175077373226204 -9.684855349189084 -0.6311363195026409
2.164328657314629 9.166311143003778 0.2844823298045007 3.7595531078423505 1.791629296338364 -3.2387077187207503 -1.8210317538736298 12.706217719568265 19.365161817463186 33.253757121492356 15.330744349537735 17.843760856017386 7.12582783587458 11.502280402602075 -1.26903097661745 1.70100179010755 18.334160638211443 6.170805500705828 9.978851244318232 0.36573828191748703 3.9880417673387747 19.86626734763801 -2.3944593658956137 5.738629677584992 1.2862171529751976 -8.187695096636245 -6.038205801146555 -9.547983777109417 -0.49426474742297444
2.224448897795591 9.297287818091213 0.415459004891936 3.890529782929786 1.9226059714257993 -3.107731043633315 -1.6900550787861945 12.8371943946557 19.49613849255062 33.384733796579795 15.46172102462517 17.97473753110482 7.256804510962016 11.63325707768951 -1.1380543015300146 1.8319784651949853 18.46513731329888 6.301782175793263 10.109827919405667 0.4967149570049223 4.11901844242621 19.997244022725447 -2.263482690808196 5.869606352672427 1.4171938280626328 -8.05671842154881 -5.90722912605912 -9.417007102021982 -0.36328807233553917
2.284569138276553 9.422058322079767 0.5402295088804898 4.015300286918322 2.047376475414353 -2.982960539644779 -1.5652845747976407 12.961964898644254 19.620908996539164 33.50950430056834 15.586491528613724 18.099508035093375 7.381575014950552 11.758027581678064 -1.0132837975414608 1.9567489691835391 18.589907817287415 6.426552679781799 10.234598423394203 0.6214854609934761 4.243788946414764 20.122014526714 -2.1387121868196424 5.994376856660981 1.5419643320511867 -7.931947917560275 -5.782458622070584 -9.292236598033446 -0.2385175683470031
2.344689378757515 9.540692132521809 0.6588633193225135 4.133934097360363 2.166010285856377 -2.8643267292027375 -1.446650764355617 13.080598709086278 19.7395428069812 33.62813811101037 15.705125339055748 18.2181418455354 7.500208825392593 11.876661392120088 -0.8946499870994371 2.0753827796255626 18.708541627729456 6.54518649022384 10.353232233836245 0.7401192714355176 4.3624227568567875 20.240648337156024 -2.020078376377601 6.113010667103005 1.6605981424932104 -7.8133141071182335 -5.663824811628542 -9.173602787591404 -0.11988375790496164
2.4048096192384767 9.653340920460174 0.7715121072608966 4.246582885298729 2.27865907379476 -2.751677941264372 -1.334001976417234 13.193247497024661 19.852191594919574 33.74078689894875 15.81777412699413 18.330790633473782 7.6128576133309585 11.989310180058471 -0.782001199161054 2.1880315675639457 18.82119041566782 6.657835278162206 10.46588102177461 0.8527680593738829 4.4750715447951706 20.3532971250944 -1.9074295884392356 6.22565945504137 1.7732469304315934 -7.700665319179868 -5.551176023690177 -9.060953999653039 -0.0072349699665963385
2.464929859719439 9.760278263841542 0.8784494506422469 4.353520228680097 2.38559641717611 -2.644740597883004 -1.2270646330358836 13.300184840406011 19.959128938300932 33.8477242423301 15.924711470375481 18.437727976855133 7.7197949567123265 12.096247523439821 -0.6750638557797037 2.294968910945296 18.92812775904919 6.764772621543574 10.572818365155978 0.959705402755251 4.582008888176521 20.460234468475758 -1.8004922450578675 6.332596798422738 1.8801842738129615 -7.5937279757985 -5.444238680308809 -8.954016656271671 0.09970237341477173
2.5250501002004007 9.86187425490849 0.9800454417091942 4.455116219747044 2.4871924082430574 -2.543144606816057 -1.1254686419689364 13.401780831472976 20.06072492936788 33.94932023339706 16.026307461442446 18.53932396792209 7.821390947779274 12.197843514506769 -0.5734678647127387 2.3965649020122433 19.029723750116137 6.866368612610521 10.674414356222925 1.0613013938221982 4.683604879243486 20.561830459542705 -1.6988962539909203 6.4341927894896855 1.9817802648799088 -7.492131984731553 -5.3426426892418615 -8.852420665204724 0.201298364481719
2.5851703406813624 9.958561052441528 1.0767322392422507 4.551803017280083 2.583879205776096 -2.446457809283018 -1.0287818444358798 13.498467629006015 20.157411726900925 34.0460070309301 16.122994258975485 18.63601076545513 7.918077745312313 12.294530312039807 -0.4767810671796999 2.493251699545282 19.126410547649176 6.96305541014356 10.771101153755964 1.157988191355237 4.780291676776525 20.65851725707575 -1.6022094564578815 6.530879587022724 2.0784670624129475 -7.395445187198514 -5.245955891708823 -8.755733867671685 0.2979851620147578
2.6452905811623246 10.050878601455189 1.1690497882559114 4.644120566293761 2.6761967547897747 -2.3541402602693395 -0.9364642954222191 13.590785178019676 20.249729275914596 34.13832457994377 16.215311807989146 18.728328314468808 8.010395294325992 12.386847861053486 -0.3844635181660392 2.5855692485589605 19.218728096662854 7.055372959157238 10.863418702769643 1.2503057403689155 4.872609225790185 20.750834806089422 -1.509891907444203 6.623197136036403 2.1707846114266083 -7.303127638184836 -5.153638342695144 -8.663416318658006 0.3903027110284363
2.7054108216432864 10.139143216606978 1.257314403407701 4.732385181445533 2.7644613699415466 -2.2658756451175677 -0.8481996802704295 13.679049793171465 20.337993891066375 34.22658919509555 16.303576423140935 18.816592929620587 8.098659909477764 12.475112476205275 -0.29619890301424956 2.67383386371075 19.306992711814626 7.14363757430901 10.951683317921415 1.3385703555206874 4.960873840941975 20.8390994212412 -1.4216272922924311 6.711461751188175 2.259049226578398 -7.214863023033064 -5.065373727543372 -8.575151703506235 0.47856732618020814
2.7655310621242486 10.223898611713942 1.3420697985146468 4.817140576552497 2.84921676504851 -2.181120250010604 -0.7634442851634837 13.763805188278411 20.42274928617333 34.3113445902025 16.38833181824788 18.90134832472754 8.183415304584727 12.559867871312221 -0.21144350790730382 2.758589258817696 19.39174810692159 7.228392969415974 11.036438713028378 1.4233257506276509 5.045629236048921 20.923854816348157 -1.3368718971854676 6.796217146295138 2.3438046216853614 -7.1301076279261 -4.980618332436409 -8.490396308399271 0.5633227212871716
2.8256513026052104 10.305569945485491 1.4237411322862137 4.898811910324046 2.930888098820077 -2.099448916239055 -0.6817729513919168 13.845476522049978 20.504420619944888 34.39301592397406 16.470003152019448 18.9830196584991 8.265086638356276 12.641539205083788 -0.12977217413573694 2.840260592589263 19.47341944069315 7.310064303187523 11.118110046799945 1.5049970843992 5.127300569820488 21.005526150119714 -1.2552005634139185 6.877888480066705 2.4254759554569105 -7.048436294154551 -4.89894699866486 -8.408724974627722 0.6449940550587208
2.885771543086172 10.384540051786555 1.5027112385872776 4.977782016625127 3.009858205121141 -2.0204788099379734 -0.6028028450908529 13.924446628351042 20.583390726245963 34.47198603027513 16.548973258320512 19.06198976480017 8.344056744657358 12.720509311384852 -0.050802067834673004 2.9192306988903267 19.552389546994213 7.3890344094886045 11.197080153101009 1.583967190700264 5.206270676121552 21.08449625642079 -1.1762304571128546 6.956858586367769 2.5044460617579745 -6.969466187853469 -4.819976892363778 -8.329754868326658 0.7239641613598025
2.9458917835671343 10.461153037228819 1.5793242240295413 5.054395002067373 3.0864711905634046 -1.9438658244957274 -0.5261898596485892 14.001059613793306 20.66000371168822 34.5485990157174 16.625586243762775 19.138602750242427 8.420669730099604 12.797122296827116 0.02581091760759069 2.9958436843325904 19.629002532436473 7.465647394930868 11.273693138543273 1.6605801761425276 5.282883661563815 21.161109241863045 -1.0996174716705909 7.033471571810033 2.581059047200238 -6.892853202411206 -4.743363906921532 -8.253141882884394 0.8005771468020484
3.006012024048096 10.535704660411316 1.6538758472120385 5.128946625249888 3.1610228137459018 -1.8693142013132125 -0.451638236466092 14.075611236975803 20.734555334870723 34.623150638899894 16.700137866945273 19.213154373424924 8.495221353282101 12.871673920009613 0.10036254079008788 3.0703953075150876 19.703554155618974 7.540199018113365 11.34824476172577 1.7351317993250248 5.3574352847463125 21.23566086504555 -1.0250658484880937 7.10802319499253 2.6556106703827353 -6.8183015792287085 -4.668812283739017 -8.178590259701897 0.8751287699845456
3.066132264529058 10.608451228966533 1.726622415767256 5.201693193805106 3.2337693823011193 -1.7965676327580127 -0.3788916679108745 14.14835780553102 20.80730190342594 34.69589720745511 16.77288443550049 19.28590094198014 8.567967921837319 12.94442048856483 0.17310910934530543 3.143141876070305 19.77630072417419 7.612945586668583 11.420991330280987 1.8078783678802424 5.43018185330153 21.308407433600756 -0.9523192799328761 7.180769763547747 2.728357238937953 -6.745555010673491 -4.5960657151838 -8.10584369114668 0.9478753385397631
3.12625250501002 10.679610302483553 1.797781489284258 5.272852267322108 3.3049284558181213 -1.725408559240993 -0.30773259439387246 14.219516879048022 20.878460976942943 34.76705628097212 16.84404350901751 19.35706001549715 8.639126995354339 13.015579562081832 0.24426818286230745 3.214300949587307 19.8474597976912 7.684104660185585 11.49215040379799 1.8790374413972621 5.50134092681855 21.37956650711777 -0.8811602064158564 7.2519288370647494 2.7995163124549727 -6.674395937156489 -4.524906641666798 -8.03468461762966 1.019034412056783
3.186372745490982 10.749370915231253 1.867542102031976 5.342612880069808 3.3746890685658215 -1.6556479464932927 -0.23797198164615452 14.28927749179574 20.948221589690654 34.83681689371982 16.91380412176521 19.42682062824486 8.708887608102039 13.08534017482955 0.3140287956100254 3.284061562335025 19.9172204104389 7.753865272933285 11.56191101654569 1.9487980541449623 5.57110153956625 21.44932711986548 -0.8113995936681562 7.32168944981245 2.869276925202673 -6.604635324408789 -4.455146028919097 -7.96492400488196 1.088795024804483
3.2464929859719436 10.817865883524895 1.9360370703256002 5.41110784836345 3.4431840368594635 -1.5871529781996507 -0.1694770133525303 14.357772460089365 21.016716557984285 34.905311862013455 16.982299090058834 19.495315596538493 8.77738257639568 13.153835143123175 0.3825237639036496 3.3525565306286493 19.985715378732536 7.822360241226927 11.630405984839332 2.0172930224386043 5.639596507859874 21.51782208815911 -0.7429046253745142 7.390184418106092 2.937771893496297 -6.536140356115147 -4.386651060625455 -7.896429036588318 1.157289993098125
3.306613226452906 10.88523304349426 2.003404230294965 5.478475008332815 3.5105511968288283 -1.519785818230286 -0.10210985338316547 14.42513962005873 21.08408371795365 34.972679021982835 17.049666250028217 19.562682756507858 8.844749736365046 13.22120230309254 0.4498909238730322 3.419923690598014 20.053082538701908 7.889727401196292 11.697773144808696 2.084660182407969 5.706963667829257 21.585189248128476 -0.6755374654051494 7.457551578075456 3.0051390534656797 -6.468773196145782 -4.319283900656091 -7.829061876618953 1.22465715306749
3.3667334669338675 10.951576091504975 2.0697472783056803 5.54481805634353 3.5768942448395435 -1.4534427702195707 -0.03576680537245025 14.491482668069445 21.150426765964365 35.039022069993536 17.116009298038914 19.629025804518573 8.91109278437576 13.287545351103255 0.5162339718837297 3.4862667386087294 20.119425586712616 7.956070449207007 11.764116192819412 2.1510032304186844 5.773306715839954 21.65153229613919 -0.6091944173944341 7.523894626086172 3.071482101476395 -6.402430148135067 -4.252940852645375 -7.762718828608238 1.2910002010782051
3.4268537074148293 11.016981822295335 2.13515300909604 5.61022378713389 3.6422999756299035 -1.3880370394292108 0.02963892541790969 14.556888398859805 21.215832496754725 35.104427800783895 17.181415028829274 19.694431535308933 8.97649851516612 13.352951081893615 0.5816397026740896 3.5516724693990893 20.184831317502983 8.021476179997366 11.829521923609772 2.2164089612090443 5.838712446630314 21.71693802692955 -0.5437886866040742 7.589300356876532 3.136887832266755 -6.337024417344707 -4.187535121855015 -7.697313097817878 1.356405931868565
3.4869739478957915 11.08152201565984 2.199693202460562 5.674763980498412 3.7068401689944253 -1.323496846064689 0.09417911878243146 14.621428592224326 21.280372690119247 35.16896799414842 17.245955222193796 19.758971728673448 9.041038708530643 13.417491275258136 0.6461798960386114 3.616212662763611 20.249371510867498 8.086016373361888 11.894062116974293 2.2809491545735483 5.903252639994836 21.781478220294073 -0.4792484932395702 7.653840550241053 3.201428025631259 -6.272484223980185 -4.122994928490494 -7.632772904453374 1.420946125233069
