web/models/kne/23/mosfit_kn_0.012011_0.1553_10.0000.dat
# %ECSV 1.0
# ---
# datatype:
# - {name: time, datatype: float64}
# - {name: PS1_g, datatype: float64}
# - {name: PS1_i, datatype: float64}
# - {name: PS1_r, datatype: float64}
# - {name: PS1_w, datatype: float64}
# - {name: PS1_y, datatype: float64}
# - {name: PS1_z, datatype: float64}
# - {name: swift_uvot_B, datatype: float64}
# - {name: swift_uvot_U, datatype: float64}
# - {name: swift_uvot_uvm2, datatype: float64}
# - {name: swift_uvot_uvw1, datatype: float64}
# - {name: swift_uvot_uvw2, datatype: float64}
# - {name: swift_uvot_V, datatype: float64}
# - {name: johnson_B, datatype: float64}
# - {name: johnson_I, datatype: float64}
# - {name: johnson_R, datatype: float64}
# - {name: johnson_U, datatype: float64}
# - {name: johnson_V, datatype: float64}
# - {name: sdss_g, datatype: float64}
# - {name: sdss_i, datatype: float64}
# - {name: sdss_r, datatype: float64}
# - {name: sdss_u, datatype: float64}
# - {name: sdss_z, datatype: float64}
# - {name: ATLAS_c, datatype: float64}
# - {name: ATLAS_o, datatype: float64}
# - {name: ukirt_H, datatype: float64}
# - {name: ukirt_J, datatype: float64}
# - {name: ukirt_K, datatype: float64}
# - {name: Clear, datatype: float64}
# meta: !!omap
# - comment: [kappa = 10.0, type = rprocess, mass = 0.012011244339858356, velocity = 0.15533333333333332, theta_obs = 0.0, tfloor = 1000.0]
# schema: astropy-2.0
time PS1_g PS1_i PS1_r PS1_w PS1_y PS1_z swift_uvot_B swift_uvot_U swift_uvot_uvm2 swift_uvot_uvw1 swift_uvot_uvw2 swift_uvot_V johnson_B johnson_I johnson_R johnson_U johnson_V sdss_g sdss_i sdss_r sdss_u sdss_z ATLAS_c ATLAS_o ukirt_H ukirt_J ukirt_K Clear
[from data line 436]
26.27254509018036 9.623340463707724 0.7415116505084463 4.216582428546278 2.2486586170422918 -2.7816783980168225 -1.3640024331696843 13.16324704027221 19.82219113816712 33.710786442196294 15.78777367024168 18.300790176721332 7.582857156578508 11.959309723306003 -0.8120016559135044 2.1580311108114776 18.79118995891537 6.627834821409755 10.43588056502216 0.8227676026214326 4.44507108804272 20.323296668341946 -1.937430045191686 6.19565899828892 1.743246473679143 -7.7306657759323185 -5.581176480442627 -9.09095445640549 -0.03723542671904667
26.33266533066132 9.628388983472949 0.7465601702736535 4.221630948311503 2.2537071368075168 -2.7766298782515975 -1.358953913404477 13.168295560037436 19.82723965793234 33.71583496196152 15.792822190006905 18.305838696486557 7.587905676343733 11.964358243071228 -0.8069531361482793 2.1630796305767026 18.796238478680596 6.63288334117498 10.440929084787385 0.8278161223866576 4.450119607807945 20.328345188107164 -1.932381525426461 6.200707518054145 1.7482949934443681 -7.7256172561670935 -5.576127960677402 -9.085905936640264 -0.03218690695382165
26.392785571142284 9.633428167443068 0.7515993542437904 4.2266701322816225 2.258746320777636 -2.7715906942814783 -1.35391472943434 13.173334744007555 19.832278841902465 33.72087414593164 15.797861373977025 18.310877880456676 7.592944860313852 11.969397427041347 -0.8019139521781602 2.1681188145468218 18.801277662650715 6.6379225251450995 10.445968268757504 0.8328553063567767 4.455158791778064 20.33338437207729 -1.9273423414563418 6.205746702024264 1.7533341774144873 -7.720578072196974 -5.571088776707283 -9.080866752670145 -0.027147722983702494
26.452905811623246 9.638458114103834 0.7566293009045566 4.231700078942406 2.26377626743842 -2.7665607476206944 -1.348884782773574 13.178364690668321 19.83730878856324 33.725904092592415 15.80289132063779 18.315907827117442 7.597974806974636 11.974427373702131 -0.796884005517394 2.1731487612076057 18.8063076093115 6.642952471805883 10.450998215418288 0.8378852530175429 4.460188738438831 20.338414318738067 -1.9223123947955578 6.210776648685048 1.7583641240752534 -7.71554812553619 -5.566058830046499 -9.075836806009361 -0.02211777632291856
26.51302605210421 9.64347891700788 0.7616501038086021 4.236720881846434 2.2687970703424476 -2.7615399447166666 -1.3438639798695284 13.183385493572366 19.842329591467276 33.73092489549645 15.807912123541836 18.320928630021488 7.602995609878664 11.979448176606159 -0.7918632026133485 2.1781695641116334 18.811328412215527 6.647973274709911 10.456019018322316 0.8429060559215884 4.465209541342876 20.343435121642102 -1.91729159189153 6.215797451589076 1.763384926979299 -7.710527322632163 -5.561038027142471 -9.070816003105334 -0.017096973418890826
26.573146292585168 9.648490657264848 0.7666618440655704 4.241732622103402 2.273808810599416 -2.7565282044596984 -1.3388522396125602 13.188397233829335 19.847341331724245 33.73593663575342 15.812923863798805 18.325940370278456 7.608007350135632 11.984459916863145 -0.7868514623563803 2.1831813043686017 18.816340152472495 6.652985014966879 10.461030758579284 0.8479177961785567 4.470221281599844 20.34844686189907 -1.9122798516345618 6.220809191846044 1.7683966672362672 -7.705515582375194 -5.556026286885503 -9.065804262848365 -0.01208523316192256
26.63326653306613 9.653493399552442 0.7716645863531646 4.246735364391014 2.278811552887028 -2.7515254621720864 -1.333849497324966 13.193399976116929 19.85234407401185 33.74093937804102 15.817926606086399 18.33094311256605 7.613010092423244 11.989462659150739 -0.781848720068786 2.1881840466562137 18.821342894760107 6.657987757254491 10.466033500866896 0.8529205384661509 4.475224023887439 20.353449604186675 -1.9072771093469498 6.225811934133656 1.7733994095238614 -7.700512840087582 -5.551023544597891 -9.060801520560753 -0.007082490874310565
26.693386773547093 9.658487245334477 0.7766584321351822 4.251729210173032 2.2838053986690454 -2.746531616390069 -1.3288556515429484 13.198393821898964 19.857337919793878 33.74593322382305 15.822920451868434 18.335936958348086 7.618003938205262 11.994456504932757 -0.7768548742867507 2.1931778924382312 18.826336740542125 6.662981603036509 10.471027346648913 0.8579143842481862 4.480217869669474 20.358443449968703 -1.9022832635649323 6.2308057799156735 1.7783932553058968 -7.695518994305565 -5.5460296988158735 -9.055807674778736 -0.0020886450922930067
26.753507014028056 9.663472266293986 0.7816434530947092 4.256714231132559 2.2887904196285724 -2.741546595430542 -1.3238706305834214 13.203378842858474 19.862322940753394 33.75091824478257 15.827905472827943 18.340921979307595 7.622988959164789 11.999441525892284 -0.7718698533272415 2.1981629133977583 18.831321761501652 6.667966623996036 10.47601236760844 0.8628994052076955 4.485202890628983 20.36342847092822 -1.897298242605423 6.2357908008752005 1.783378276265406 -7.690533973346038 -5.5410446778563465 -9.050822653819226 0.0028963758672340134
26.81362725450902 9.668448529047424 0.7866197158481469 4.261690493885979 2.29376668238201 -2.736570332677122 -1.3188943678299836 13.208355105611911 19.867299203506825 33.755894507536006 15.832881735581381 18.345898242061033 7.627965221918209 12.004417788645721 -0.7668935905738037 2.203139176151196 18.836298024255072 6.672942886749474 10.480988630361878 0.8678756679611332 4.490179153382421 20.36840473368165 -1.8923219798519852 6.240767063628638 1.7883545390188438 -7.685557710592618 -5.5360684151029265 -9.045846391065789 0.007872638620654016
26.873747494989978 9.673416125764938 0.7915873125656425 4.266658090603492 2.298734279099506 -2.7316027359596085 -1.313926771112488 13.213322702329425 19.872266800224327 33.76086210425351 15.837849332298894 18.350865838778546 7.632932818635722 12.009385385363217 -0.7619259938562903 2.2081067728686916 18.841265620972585 6.677910483466969 10.485956227079374 0.8728432646786466 4.495146750099934 20.373372330399153 -1.887354383134472 6.245734660346134 1.7933221357363571 -7.6805901138751045 -5.531100818385413 -9.040878794348275 0.01284023533816736
26.93386773547094 9.678375141366402 0.796546328167107 4.271617106204957 2.3036932947009703 -2.726643720358144 -1.3089677555110235 13.21828171793089 19.877225815825803 33.76582111985497 15.842808347900359 18.35582485438001 7.637891834237187 12.014344400964681 -0.7569669782548258 2.213065788470156 18.84622463657405 6.682869499068434 10.490915242680838 0.8778022802801111 4.500105765701399 20.37833134600063 -1.8823953675330074 6.250693675947598 1.7982811513378216 -7.67563109827364 -5.526141802783949 -9.03591977874681 0.01779925093963186
26.993987975951903 9.683325662432765 0.8014968492334873 4.276567627271319 2.308643815767333 -2.7216931992917814 -1.3040172344446432 13.223232238997252 19.882176336892165 33.77077164092133 15.847758868966721 18.360775375446373 7.642842355303549 12.019294922031044 -0.7520164571884633 2.2180163095365186 18.851175157640412 6.687820020134796 10.4958657637472 0.8827528013464736 4.505056286767761 20.38328186706699 -1.877444846466645 6.255644197013961 1.8032316724041841 -7.6706805772072775 -5.521191281717586 -9.030969257680448 0.022749772005994373
27.054108216432866 9.688267750957724 0.8064389377584469 4.281509715796279 2.3135859042922924 -2.716751110766822 -1.2990751459196836 13.228174327522211 19.88711842541712 33.775713729446295 15.852700957491681 18.365717463971333 7.647784443828509 12.024237010556021 -0.7470743686635037 2.222958398061478 18.856117246165372 6.692762108659756 10.50080785227216 0.8876948898714332 4.509998375292721 20.388223955591947 -1.8725027579416853 6.2605862855389205 1.8081737609291437 -7.665738488682318 -5.5162491931926265 -9.026027169155489 0.02769186053095396
27.11422845691383 9.693201479041331 0.8113726658420539 4.286443443879904 2.318519632375917 -2.711817382683215 -1.2941414178360766 13.233108055605818 19.89205215350074 33.78064745752991 15.857634685575288 18.37065119205494 7.652718171912116 12.029170738639628 -0.7421406405798967 2.227892126145103 18.86105097424898 6.697695836743381 10.505741580355785 0.8926286179550402 4.514932103376328 20.393157683675565 -1.8675690298580783 6.265520013622545 1.8131074890127508 -7.660804760598693 -5.511315465109002 -9.021093441071882 0.032625588614560996
27.174348697394787 9.698126935920062 0.8162981227207844 4.291368900758634 2.3234450892546477 -2.7068919258044666 -1.2892159609573461 13.238033512484549 19.89697761037947 33.78557291440864 15.862560142454019 18.37557664893367 7.657643628790864 12.034096195518359 -0.7372151837011662 2.2328175830238335 18.865976431127727 6.702621293622111 10.510667037234516 0.8975540748337885 4.519857560255058 20.398083140554295 -1.86264357297933 6.270445470501276 1.8180329458914812 -7.655879303719963 -5.506390008230271 -9.016167984193133 0.03755104549330923
27.23446893787575 9.703044187010086 0.8212153738108086 4.296286151848658 2.328362340344672 -2.7019746747144424 -1.284298709867322 13.242950763574573 19.901894861469493 33.79049016549867 15.867477393544043 18.380493900023694 7.662560879880888 12.039013446608383 -0.7322979326111421 2.2377348341138577 18.87089368221775 6.707538544712135 10.51558428832454 0.9024713259237949 4.5247748113450825 20.40300039164432 -1.8577263218893236 6.2753627215913 1.8229501969815054 -7.6509620526299384 -5.501472757140247 -9.011250733103127 0.0424682965833334
27.294589178356713 9.70795330201316 0.8261244888138819 4.301195266851732 2.333271455347745 -2.697065559711387 -1.2793895948642486 13.247859878577646 19.906803976472567 33.79539928050174 15.872386508547116 18.385403015026768 7.667469994883944 12.043922561611456 -0.7273888176080687 2.242643949116931 18.875802797220825 6.712447659715209 10.520493403327613 0.9073804409268682 4.529683926348156 20.407909506647393 -1.8528172068862503 6.280271836594373 1.8278593119845787 -7.646052937626865 -5.496563642137174 -9.006341618100054 0.04737741158638897
27.354709418837675 9.712854361902057 0.8310255487027796 4.306096326740612 2.338172515236625 -2.692164499822489 -1.274488534975351 13.252760938466544 19.911705036361454 33.80030034039063 15.877287568436014 18.390304074915665 7.672371054772841 12.048823621500354 -0.7224877577191711 2.2475450090058287 18.880703857109705 6.717348719604089 10.525394463216493 0.9122815008157659 4.5345849862370535 20.41281056653628 -1.8479161469973526 6.285172896483253 1.8327603718734764 -7.641151877737985 -5.491662582248294 -9.001440558211156 0.052278471475286636
27.414829659318634 9.717747451756296 0.8359186385570183 4.31098941659485 2.3430656050908816 -2.6872714099682504 -1.2695954451211122 13.257654028320783 19.916598126215696 33.80519343024486 15.882180658290252 18.395197164769904 7.67726414462708 12.053716711354593 -0.7175946678649323 2.2524380988600674 18.885596946963943 6.722241809458327 10.530287553070732 0.9171745906700046 4.539478076091292 20.417703656390522 -1.8430230571431139 6.29006598633751 1.8376534617277152 -7.6362587878837465 -5.486769492394055 -8.996547468356917 0.05717156132952539
27.474949899799597 9.722632641765294 0.8408038285660169 4.315874606603849 2.3479507950998624 -2.682386219959252 -1.2647102551121137 13.262539218329781 19.921483316224695 33.81007862025387 15.887065848299251 18.400082354778903 7.682149334636079 12.058601901363573 -0.7127094778559337 2.257323288869048 18.890482136972942 6.727126999467326 10.53517274307973 0.9220597806790032 4.544363266100291 20.42258884639952 -1.8381378671341153 6.2949511763464905 1.8425386517367137 -7.631373597874748 -5.4818843023850565 -8.991662278347919 0.06205675133852395
27.53507014028056 9.727509992513816 0.8456811793145391 4.320751957352389 2.3528281458484024 -2.6775088692107296 -1.2598329043635914 13.267416569078303 19.926360666973224 33.8149559710024 15.891943199047773 18.404959705527425 7.687026685384601 12.063479252112113 -0.7078321271074115 2.262200639617588 18.895359487721482 6.732004350215866 10.54005009382827 0.9269371314275254 4.549240616848813 20.42746619714805 -1.833260516385593 6.2998285270950305 1.847416002485236 -7.626496247126208 -5.4770069516365165 -8.986784927599397 0.0669341020870462
27.595190380761522 9.732379574060825 0.8505507608615481 4.32562153889938 2.3576977273953936 -2.6726392876637206 -1.2549633228165824 13.272286150625312 19.931230248520222 33.819825552549396 15.896812780594782 18.409829287074434 7.69189626693161 12.068348833659105 -0.7029625455604025 2.2670702211645795 18.900229069268473 6.736873931762857 10.544919675375262 0.9318067129745344 4.554110198395822 20.432335778695048 -1.828390934838584 6.304698108642022 1.852285584032245 -7.621626665579217 -5.472137370089525 -8.981915346052388 0.0718036836340552
27.655310621242485 9.73724147015325 0.8554126569539733 4.330483434991805 2.362559623487819 -2.6677773915712955 -1.2501014267241572 13.277148046717738 19.93609214461265 33.82468744864182 15.901674676687207 18.41469118316686 7.696758163024035 12.073210729751548 -0.6981006494679773 2.2719321172570224 18.9050909653609 6.741735827855282 10.549781571467687 0.9366686090669596 4.558972094488247 20.437197674787477 -1.823529038746159 6.309560004734447 1.8571474801246701 -7.6167647694867915 -5.4672754739971 -8.977053449959962 0.07666557972648036
27.715430861723444 9.742095735208487 0.8602669220091919 4.335337700047042 2.367413888543055 -2.662923126516059 -1.2452471616689387 13.282002311772956 19.940946409667877 33.82954171369706 15.906528941742444 18.419545448222078 7.7016124280792715 12.078064994806766 -0.6932463844127588 2.276786382312241 18.909945230416135 6.746590092910519 10.554635836522923 0.9415228741221959 4.563826359543484 20.442051939842703 -1.8186747736909226 6.314414269789683 1.8620017451799065 -7.611910504431555 -5.462421208941864 -8.972199184904726 0.0815198447817167
27.775551102204407 9.746942438113635 0.8651136249143576 4.34018440295219 2.372260591448221 -2.658076423610911 -1.240400458763773 13.286849014678122 19.945793112573035 33.8343884166022 15.911375644647592 18.424392151127243 7.7064591309844195 12.082911697711932 -0.688399681507593 2.2816330852174067 18.914791933321283 6.751436795815667 10.559482539428089 0.9463695770273439 4.568673062448632 20.44689864274786 -1.8138280707857746 6.319260972694849 1.8668484480850545 -7.607063801526407 -5.457574506036716 -8.967352481999578 0.08636654768686469
27.83567134268537 9.751781655943681 0.8699528427444037 4.3450236207822535 2.377099809278267 -2.6532372057808473 -1.2355612409337269 13.291688232508168 19.95063233040309 33.83922763443226 15.916214862477638 18.42923136895729 7.711298348814483 12.087750915541978 -0.683560463677547 2.2864723030474527 18.919631151151346 6.7562760136457305 10.564321757258135 0.95120879485739 4.573512280278678 20.451737860577914 -1.8089888529557285 6.324100190524895 1.8716876659151005 -7.602224583696343 -5.452735288206652 -8.962513264169532 0.0912057655169285
27.895791583166332 9.756613460497459 0.8747846472981813 4.349855425336013 2.3819316138320445 -2.6484054012270875 -1.2307294363799492 13.296520037061946 19.955464134956856 33.84405943898603 15.921046667031415 18.434063173511067 7.716130153368243 12.092582720095756 -0.6787286591237693 2.2913041076012304 18.924462955705106 6.76110781819949 10.569153561811895 0.9560405994111676 4.578344084832455 20.45656966513168 -1.804157048401951 6.328931995078655 1.8765194704688781 -7.5973927791425835 -5.447903483652892 -8.957681459615754 0.09603757007068836
27.955911823647295 9.761437925693173 0.8796091124938954 4.354679890531727 2.386756079027741 -2.6435809360313733 -1.2259049711842351 13.30134450225766 19.960288600152573 33.84888390418174 15.92587113222713 18.43888763870678 7.720954618563957 12.09740718529147 -0.6739041939280552 2.2961285727969445 18.92928742090082 6.7659322833952045 10.573978027007609 0.9608650646068817 4.583168550028169 20.4613941303274 -1.7993325832062368 6.333756460274369 1.8813439356645922 -7.592568313946869 -5.443079018457178 -8.95285699442004 0.10086203526640247
