web/models/kne/23/mosfit_kn_0.014776_0.4530_0.5000.dat
# %ECSV 1.0
# ---
# datatype:
# - {name: time, datatype: float64}
# - {name: PS1_g, datatype: float64}
# - {name: PS1_i, datatype: float64}
# - {name: PS1_r, datatype: float64}
# - {name: PS1_w, datatype: float64}
# - {name: PS1_y, datatype: float64}
# - {name: PS1_z, datatype: float64}
# - {name: swift_uvot_B, datatype: float64}
# - {name: swift_uvot_U, datatype: float64}
# - {name: swift_uvot_uvm2, datatype: float64}
# - {name: swift_uvot_uvw1, datatype: float64}
# - {name: swift_uvot_uvw2, datatype: float64}
# - {name: swift_uvot_V, datatype: float64}
# - {name: johnson_B, datatype: float64}
# - {name: johnson_I, datatype: float64}
# - {name: johnson_R, datatype: float64}
# - {name: johnson_U, datatype: float64}
# - {name: johnson_V, datatype: float64}
# - {name: sdss_g, datatype: float64}
# - {name: sdss_i, datatype: float64}
# - {name: sdss_r, datatype: float64}
# - {name: sdss_u, datatype: float64}
# - {name: sdss_z, datatype: float64}
# - {name: ATLAS_c, datatype: float64}
# - {name: ATLAS_o, datatype: float64}
# - {name: ukirt_H, datatype: float64}
# - {name: ukirt_J, datatype: float64}
# - {name: ukirt_K, datatype: float64}
# - {name: Clear, datatype: float64}
# meta: !!omap
# - comment: [kappa = 0.5, type = rprocess, mass = 0.014775890654408853, velocity = 0.45299999999999996, theta_obs = 0.0, tfloor = 1000.0]
# schema: astropy-2.0
time PS1_g PS1_i PS1_r PS1_w PS1_y PS1_z swift_uvot_B swift_uvot_U swift_uvot_uvm2 swift_uvot_uvw1 swift_uvot_uvw2 swift_uvot_V johnson_B johnson_I johnson_R johnson_U johnson_V sdss_g sdss_i sdss_r sdss_u sdss_z ATLAS_c ATLAS_o ukirt_H ukirt_J ukirt_K Clear
[from data line 174]
10.521042084168336 9.022403333123865 0.1405745199245878 3.61564529796242 1.6477214864584333 -3.382615528600681 -1.9649395637535427 12.562309909688352 19.221254007583262 33.109849311612436 15.186836539657822 17.699853046137473 6.98192002599465 11.358372592722144 -1.4129387864973628 1.5570939802276194 18.190252828331513 6.026897690825897 9.834943434438301 0.2218304720375741 3.8441339574588618 19.72235953775808 -2.5383671757755444 5.594721867705061 1.1423093430952846 -8.331602906516176 -6.182113611026486 -9.691891586989348 -0.6381725573029051
10.581162324649299 9.037430165235083 0.15560135203580572 3.6306721300736555 1.662748318569669 -3.3675886964894453 -1.9499127316423248 12.57733674179957 19.23628083969449 33.12487614372366 15.20186337176904 17.71487987824869 6.996946858105885 11.37339942483338 -1.397911954386145 1.572120812338855 18.20527966044275 6.041924522937133 9.849970266549537 0.2368573041488098 3.8591607895700797 19.737386369869316 -2.5233403436643087 5.609748699816297 1.1573361752065026 -8.31657607440494 -6.16708677891525 -9.676864754878112 -0.6231457251916694
10.64128256513026 9.0523806233292 0.17055181012992193 3.645622588167754 1.6776987766637674 -3.352638238395347 -1.9349622735482086 12.592287199893686 19.2512312977886 33.13982660181777 15.216813829863156 17.729830336342808 7.011897316199984 11.388349882927496 -1.3829614962920287 1.5870712704329535 18.220230118536847 6.056874981031231 9.864920724643635 0.25180776224290824 3.874111247664196 19.752336827963415 -2.5083898855702103 5.6246991579103955 1.1722866333006188 -8.301625616310842 -6.1521363208211515 -9.661914296784014 -0.608195267097571
10.701402805611222 9.067283280976639 0.18545446777736174 3.660525245815194 1.6926014343112072 -3.337735580747907 -1.9200596159007688 12.607189857541126 19.26613395543604 33.154729259465206 15.231716487510596 17.744732993990247 7.026799973847424 11.403252540574936 -1.3680588386445889 1.601973928080411 18.235132776184287 6.071777638678671 9.879823382291075 0.26671041989034805 3.8890139053116357 19.767239485610855 -2.4934872279227704 5.639601815557835 1.1871892909480586 -8.286722958663402 -6.137233663173712 -9.647011639136574 -0.5932926094501312
10.761523046092185 9.082132953811524 0.20030414061222857 3.6753749186500784 1.7074511071460918 -3.3228859079130224 -1.905209943065902 12.622039530375993 19.280983628270913 33.16957893230009 15.24656616034548 17.759582666825114 7.041649646682308 11.418102213409803 -1.353209165809722 1.6168236009152779 18.24998244901917 6.086627311513555 9.89467305512596 0.28156009272523264 3.9038635781465203 19.78208915844574 -2.478637555087886 5.65445148839272 1.2020389637829432 -8.271873285828518 -6.122383990338827 -9.63216196630169 -0.5784429366152466
10.821643286573146 9.096929654493504 0.21510084129420903 3.690171619332059 1.7222478078280723 -3.308089207231042 -1.8904132423839215 12.636836231057991 19.295780328952894 33.184375632982075 15.261362861027461 17.774379367507112 7.056446347364289 11.432898914091783 -1.3384124651277238 1.6316203015972583 18.264779149701152 6.101424012195536 9.90946975580794 0.2963567934072131 3.9186602788285008 19.79688585912772 -2.4638408544059054 5.6692481890747 1.2168356644649236 -8.257076585146537 -6.107587289656847 -9.617365265619709 -0.5636462359332661
10.881763527054108 9.111674266471628 0.2298454532723504 3.7049162313101824 1.736992419806196 -3.2933445952529183 -1.8756686304057801 12.651580843036115 19.310524940931025 33.1991202449602 15.276107473005585 17.789123979485236 7.071190959342412 11.447643526069925 -1.3236678531496002 1.6463649135753997 18.279523761679275 6.1161686241736595 9.924214367786064 0.3111014053853367 3.9334048908066244 19.811630471105843 -2.449096242427782 5.683992801052824 1.2315802764430472 -8.242331973168413 -6.092842677678723 -9.602620653641585 -0.5489016239551425
10.941883767535069 9.126367791510592 0.244538978311315 3.719609756349147 1.7516859448451783 -3.2786510702139537 -1.8609751053668155 12.66627436807508 19.32521846596999 33.21381376999917 15.29080099804455 17.8038175045242 7.085884484381377 11.46233705110889 -1.3089743281106356 1.6610584386143643 18.29421728671824 6.130862149212624 9.938907892825046 0.3257949304243013 3.948098415845589 19.826323996144826 -2.434402717388817 5.698686326091806 1.2462738014820118 -8.227638448129449 -6.078149152639758 -9.58792712860262 -0.5342080989161779
11.002004008016032 9.141011226755591 0.25918241355631366 3.7342531915941457 1.766329380090177 -3.264007634968955 -1.8463316701218169 12.680917803320078 19.339861901214988 33.22845720524417 15.305444433289548 17.8184609397692 7.1005279196263755 11.476980486353888 -1.294330892865637 1.675701873859363 18.30886072196324 6.145505584457623 9.953551328070045 0.34043836566929997 3.9627418510905876 19.840967431389824 -2.4197592821438185 5.713329761336805 1.2609172367270105 -8.21299501288445 -6.06350571739476 -9.573283693357622 -0.5195646636711793
11.062124248496994 9.155605538353022 0.27377672515374485 3.748847503191577 1.7809236916875903 -3.249413323371524 -1.8317373585243857 12.69551211491751 19.354456212812423 33.2430515168416 15.320038744886979 17.83305525136663 7.115122231223807 11.491574797951301 -1.2797365812682058 1.6902961854567764 18.32345503356067 6.160099896055054 9.968145639667458 0.35503267726673116 3.977336162688019 19.855561742987238 -2.4051649705463873 5.7279240729342185 1.2755115483244417 -8.198400701287019 -6.0489114057973286 -9.55868938176019 -0.5049703520737481
11.122244488977955 9.170151692158939 0.28832287895966147 3.7633936569974935 1.7954698454935247 -3.2348671695656073 -1.817191204718469 12.710058268723426 19.36900236661834 33.257597670647506 15.334584898692896 17.847601405172547 7.129668385029723 11.506120951757236 -1.2651904274622892 1.7048423392627108 18.338001187366586 6.1746460498609705 9.982691793473375 0.3695788310726478 3.9918823164939354 19.870107896793172 -2.3906188167404707 5.742470226740153 1.2900577021303583 -8.183854547481102 -6.034365251991412 -9.544143227954274 -0.49042419826783146
11.182364729458918 9.184650619098509 0.3028218058992316 3.7778925839370636 1.809968772433077 -3.220368242626037 -1.802692277778899 12.724557195662996 19.383501293557906 33.27209659758708 15.349083825632466 17.862100332112117 7.144167311969293 11.520619878696806 -1.250691500522719 1.719341266202281 18.352500114306157 6.189144976800541 9.997190720412945 0.3840777580122179 4.0063812434335055 19.884606823732724 -2.3761198898009006 5.756969153679705 1.3045566290699284 -8.169355620541532 -6.019866325051842 -9.529644301014704 -0.47592527132826135
11.242484969939879 9.199103228804173 0.31727441560489567 3.7923451936427277 1.824421382138759 -3.205915632920373 -1.7882396680732349 12.73900980536866 19.39795390326357 33.286549207292744 15.36353643533813 17.87655294181778 7.1586199216749575 11.53507248840247 -1.236238890817055 1.733793875907945 18.36695272401182 6.203597586506205 10.01164333011861 0.398530367717882 4.02083385313917 19.899059433438406 -2.3616672800952365 5.771421763385387 1.3190092387755925 -8.154903010835868 -6.005413715346178 -9.51519169130904 -0.46147266162259726
11.302605210420841 9.213510396633868 0.3316815834345732 3.806752361472423 1.8388285499684365 -3.1915084650906778 -1.7738325002435573 12.753416973198338 19.412361071093258 33.30095637512244 15.377943603167825 17.890960109647477 7.173027089504653 11.549479656232148 -1.2218317229873596 1.7482010437376225 18.381359891841516 6.2180047543359 10.026050497948304 0.4129375355475773 4.035241020968865 19.913466601268084 -2.347260112265541 5.785828931215065 1.3334164066052878 -8.140495843006173 -5.991006547516482 -9.500784523479345 -0.44706549379290195
11.362725450901802 9.227872997053428 0.3460441838541328 3.8211149618919826 1.853191150387996 -3.177145864671118 -1.7594698998239977 12.767779573617897 19.426723671512818 33.315318975542 15.392306203587385 17.905322710067036 7.1873896899242125 11.563842256651707 -1.2074691225678178 1.7625636441571821 18.395722492261076 6.23236735475546 10.040413098367864 0.4273001359671369 4.049603621388425 19.927829201687643 -2.3328975118459816 5.800191531634624 1.3477790070248474 -8.126133242586613 -5.976643947096923 -9.486421923059785 -0.43270289337334233
11.422845691382765 9.242191870863472 0.36036305766419474 3.8354338357020445 1.867510024198058 -3.1628269908610562 -1.7451510260139358 12.782098447427959 19.44104254532288 33.32963784935205 15.406625077397429 17.91964158387708 7.201708563734274 11.578161130461769 -1.1931502487577559 1.776882517967244 18.410041366071138 6.246686228565522 10.054731972177926 0.44161900977718105 4.063922495198469 19.942148075497705 -2.3185786380359374 5.814510405444686 1.3620978808348916 -8.111814368776551 -5.962325073286861 -9.472103049249741 -0.4183840195632804
11.482965931863728 9.256467840358358 0.3746390271590805 3.8497098051969125 1.881785993692926 -3.1485510213661883 -1.73087505651905 12.796374416922845 19.455318514817755 33.34391381884693 15.420901046892315 17.933917553371966 7.215984533229142 11.592437099956655 -1.1788742792628701 1.7911584874621298 18.424317335566005 6.26096219806039 10.069007941672794 0.4558949792720668 4.0781984646933545 19.956424044992573 -2.3043026685410517 5.828786374939554 1.3763738503297773 -8.097538399281683 -5.948049103791993 -9.457827079754855 -0.40410805006841244
11.543086172344688 9.270701692027323 0.388872878828046 3.863943656865896 1.8960198453619093 -3.134317169697205 -1.7166412048500845 12.81060826859181 19.46955236648673 33.358147670515905 15.43513489856128 17.94815140504093 7.230218384898126 11.60667095162562 -1.1646404275939046 1.8053923391310953 18.43855118723499 6.275196049729373 10.083241793341777 0.4701288309410323 4.09243231636232 19.970657896661557 -2.290068816872086 5.843020226608537 1.3906077019987428 -8.0833045476127 -5.93381525212301 -9.44359322808589 -0.3898741983994469
11.603206412825651 9.284894213647483 0.40306540044820593 3.878136178486038 1.9102123669820692 -3.120124648077063 -1.7024486832299246 12.82480079021197 19.483744888106884 33.37234019213606 15.44932742018144 17.96234392666109 7.244410906518268 11.62086347324578 -1.1504479059737447 1.8195848607512553 18.45274370885513 6.289388571349515 10.097434314961937 0.48432135256119224 4.10662483798248 19.984850418281717 -2.2758762952519263 5.857212748228697 1.4048002236189028 -8.069112025992558 -5.9196227305028675 -9.42940070646573 -0.375681676779287
11.663326653306612 9.299046163566 0.41721735036672314 3.892288128404555 1.9243643169005864 -3.1059726981585456 -1.6882967333114074 12.838952740130487 19.497896838025397 33.38649214205457 15.463479370099957 17.97649587657961 7.258562856436785 11.635015423164297 -1.1362959560552275 1.8337368106697725 18.466895658773648 6.303540521268032 10.111586264880454 0.49847330247970945 4.120776787900997 19.999002368200234 -2.261724345333409 5.8713646981472145 1.41895217353742 -8.05496007607404 -5.90547078058435 -9.415248756547212 -0.3615297268607698
11.723446893787575 9.313158277051112 0.43132946385181725 3.906400241889667 1.9384764303856805 -3.0918605846734337 -1.6741846198263133 12.8530648536156 19.51200895151051 33.40060425553968 15.47759148358507 17.99060799006472 7.272674969921897 11.649127536649392 -1.1221838425701156 1.8478489241548666 18.48100777225876 6.317652634753144 10.125698378365549 0.5125854159648213 4.134888901386109 20.013114481685328 -2.247612231848297 5.885476811632309 1.4330642870225319 -8.040847962588929 -5.891358667099238 -9.4011366430621 -0.3474176133756579
11.783567134268537 9.327231260965991 0.44540244776669624 3.920473225804546 1.9525494143005595 -3.0777876007585547 -1.6601116359114343 12.86713783753046 19.52608193542538 33.414677239454555 15.49166446749993 18.004680973979582 7.286747953836776 11.66320052056427 -1.1081108586552544 1.8619219080697456 18.49508075617364 6.331725618668023 10.139771362280428 0.5266583998797003 4.14896188530097 20.027187465600207 -2.233539247933418 5.899549795547188 1.447137270937393 -8.02677497867405 -5.877285683184359 -9.387063659147222 -0.3333446294607789
11.843687374749498 9.34126582079955 0.4594370076002541 3.934507785638104 1.9665839741341173 -3.063753040924997 -1.6460770760778765 12.881172397364018 19.54011649525894 33.428711799288116 15.505699027333506 18.01871553381314 7.300782513670334 11.677235080397828 -1.0940762988216965 1.8759564679033034 18.509115316007197 6.345760178501581 10.153805922113985 0.5406929597132581 4.162996445134528 20.041222025433765 -2.2195046880998603 5.9135843553807454 1.4611718307709687 -8.012740418840492 -5.863251123350802 -9.373029099313664 -0.3193100696272211
11.90380761523046 9.35526263698943 0.47343382379015253 3.9485046018279846 1.9805807903240158 -3.049756224735116 -1.632080259887978 12.895169213553917 19.55411331144883 33.442708615478004 15.519695843523387 18.032712350003038 7.314779329860214 11.691231896587727 -1.080079482631798 1.8899532840932018 18.523112132197078 6.359756994691462 10.167802738303866 0.5546897759031388 4.1769932613244265 20.055218841623663 -2.2055078719099797 5.927581171570644 1.4751686469608494 -7.998743602650612 -5.849254307160921 -9.359032283123783 -0.3053132534373404
11.963927855711422 9.36922236482486 0.4873935516255834 3.9624643296634154 1.994540518159429 -3.0357964968996853 -1.6181205320525471 12.909128941389348 19.568073039284258 33.45666834331343 15.533655571358818 18.04667207783847 7.328739057695645 11.70519162442314 -1.0661197547963672 1.903913011928615 18.53707186003251 6.3737167225268925 10.181762466139297 0.5686495037385697 4.190952989159857 20.069178569459076 -2.191548144074549 5.941540899406057 1.4891283747962802 -7.984783874815181 -5.83529457932549 -9.345072555288352 -0.2913535256019095
12.024048096192384 9.383145639341706 0.5013168261424106 3.9763876041802604 2.008463792676274 -3.0218732223828404 -1.60419725753572 12.923052215906193 19.581996313801096 33.47059161783027 15.547578845875663 18.060595352355314 7.34266233221249 11.719114898939985 -1.0521964802795223 1.91783628644546 18.550995134549353 6.387639997043737 10.195685740656142 0.5825727782554146 4.204876263676702 20.08310184397592 -2.177624869557704 5.955464173922902 1.5030516493131252 -7.970860600298336 -5.821371304808645 -9.331149280771507 -0.2774302510850646
12.084168336673347 9.397033086417643 0.5152042732183659 3.990275051256198 2.022351239752229 -3.007985775306903 -1.5903098104597646 12.93693966298213 19.595883760877044 33.484479064906225 15.5614662929516 18.07448279943125 7.356549779288428 11.73300234601594 -1.0383090332035847 1.9317237335214152 18.56488258162529 6.401527444119693 10.209573187732097 0.5964602253313522 4.21876371075264 20.096989291051877 -2.1637374224817663 5.969351620998857 1.5169390963890628 -7.956973153222399 -5.8074838577327075 -9.31726183369557 -0.263542804009127
12.144288577154308 9.410885311176838 0.5290564979775603 4.00412727601541 2.0362034645114235 -2.9941335505477085 -1.5764575857005703 12.950791887741325 19.609735985636245 33.498331289665416 15.575318517710794 18.088335024190446 7.370402004047622 11.746854570775135 -1.0244568084443904 1.9455759582806096 18.578734806384485 6.415379668878887 10.223425412491292 0.6103124500905466 4.232615935511834 20.11084151581107 -2.149885197722572 5.983203845758052 1.5307913211482571 -7.943120928463187 -5.793631632973495 -9.303409608936375 -0.24969057924993265
12.20440881763527 9.424702898724249 0.5428740855249536 4.0179448635628034 2.050021052058817 -2.9803159630002973 -1.562639998153177 12.964609475288718 19.62355357318364 33.512148877212816 15.589136105258206 18.10215261173784 7.384219591595033 11.760672158322528 -1.010639220896997 1.959393545828003 18.592552393931896 6.4291972564262805 10.237243000038685 0.6241300376379577 4.246433523059245 20.124659103358464 -2.136067610175161 5.997021433305445 1.5446089086956682 -7.929303340915793 -5.779814045426102 -9.289592021388964 -0.23587299170252152
