web/models/kne/23/villar_0.2183_0.4843_10.0000.dat
# %ECSV 1.0
# ---
# datatype:
# - {name: time, datatype: float64}
# - {name: swift_uvot_uvw2, datatype: float64}
# - {name: swift_uvot_uvm2, datatype: float64}
# - {name: swift_uvot_uvw1, datatype: float64}
# - {name: swift_uvot_U, datatype: float64}
# - {name: swift_uvot_B, datatype: float64}
# - {name: swift_uvot_V, datatype: float64}
# - {name: swift_uvot_W, datatype: float64}
# - {name: johnson_U, datatype: float64}
# - {name: johnson_B, datatype: float64}
# - {name: johnson_V, datatype: float64}
# - {name: johnson_R, datatype: float64}
# - {name: johnson_I, datatype: float64}
# - {name: sdss_u, datatype: float64}
# - {name: sdss_g, datatype: float64}
# - {name: sdss_r, datatype: float64}
# - {name: sdss_i, datatype: float64}
# - {name: sdss_z, datatype: float64}
# - {name: PS1_g, datatype: float64}
# - {name: PS1_r, datatype: float64}
# - {name: PS1_i, datatype: float64}
# - {name: PS1_z, datatype: float64}
# - {name: PS1_Y, datatype: float64}
# - {name: PS1_w, datatype: float64}
# - {name: ATLAS_c, datatype: float64}
# - {name: ATLAS_o, datatype: float64}
# - {name: ukirt_J, datatype: float64}
# - {name: ukirt_H, datatype: float64}
# - {name: ukirt_K, datatype: float64}
# - {name: Clear, datatype: float64}
# meta: !!omap
# - comment: [kappa = 10.0, type = villar, mass = 0.21832694463104688, velocity = 0.48433333333333334, theta_obs = 0.0]
# schema: astropy-2.0
time swift_uvot_uvw2 swift_uvot_uvm2 swift_uvot_uvw1 swift_uvot_U swift_uvot_B swift_uvot_V swift_uvot_W johnson_U johnson_B johnson_V johnson_R johnson_I sdss_u sdss_g sdss_r sdss_i sdss_z PS1_g PS1_r PS1_i PS1_z PS1_Y PS1_w ATLAS_c ATLAS_o ukirt_J ukirt_H ukirt_K Clear
[from data line 76]
0.009626 -10.885 -10.911 -10.903 -10.8 -10.594 -10.325 -10.781 -10.773 -10.591 -10.316 -10.003 -9.621 -10.78 -10.51 -10.148 -9.855 -9.565 -10.494 -10.168 -9.877 -9.67 -9.607 -10.181 -10.37 -10.027 -8.961 -8.452 -7.853 -10.234
0.009917 -10.916 -10.946 -10.94 -10.844 -10.641 -10.374 -10.82 -10.817 -10.637 -10.364 -10.053 -9.672 -10.824 -10.557 -10.198 -9.905 -9.616 -10.541 -10.217 -9.927 -9.721 -9.657 -10.23 -10.418 -10.076 -9.013 -8.506 -7.907 -10.282
0.010217 -10.947 -10.98 -10.978 -10.887 -10.687 -10.422 -10.858 -10.861 -10.683 -10.413 -10.103 -9.724 -10.867 -10.604 -10.247 -9.956 -9.668 -10.588 -10.266 -9.978 -9.772 -9.707 -10.279 -10.466 -10.126 -9.066 -8.559 -7.961 -10.33
0.010526 -10.978 -11.014 -11.014 -10.93 -10.733 -10.47 -10.896 -10.904 -10.729 -10.461 -10.153 -9.775 -10.911 -10.651 -10.296 -10.006 -9.719 -10.635 -10.315 -10.028 -9.822 -9.756 -10.328 -10.513 -10.176 -9.119 -8.612 -8.015 -10.378
0.010845 -11.008 -11.048 -11.051 -10.972 -10.778 -10.518 -10.934 -10.947 -10.775 -10.509 -10.203 -9.826 -10.954 -10.697 -10.345 -10.056 -9.77 -10.681 -10.364 -10.078 -9.872 -9.806 -10.376 -10.561 -10.225 -9.171 -8.666 -8.069 -10.426
0.011173 -11.038 -11.081 -11.087 -11.015 -10.824 -10.566 -10.972 -10.99 -10.82 -10.557 -10.252 -9.877 -10.997 -10.744 -10.394 -10.107 -9.821 -10.728 -10.412 -10.128 -9.923 -9.855 -10.424 -10.608 -10.275 -9.224 -8.719 -8.123 -10.474
0.011511 -11.067 -11.115 -11.123 -11.057 -10.869 -10.614 -11.01 -11.033 -10.866 -10.605 -10.301 -9.928 -11.04 -10.79 -10.443 -10.157 -9.873 -10.774 -10.461 -10.177 -9.973 -9.905 -10.473 -10.655 -10.324 -9.276 -8.772 -8.176 -10.522
0.011859 -11.096 -11.147 -11.159 -11.099 -10.915 -10.661 -11.047 -11.076 -10.911 -10.652 -10.351 -9.978 -11.082 -10.836 -10.492 -10.207 -9.924 -10.82 -10.509 -10.227 -10.023 -9.954 -10.521 -10.703 -10.373 -9.329 -8.825 -8.23 -10.569
0.012217 -11.125 -11.18 -11.194 -11.141 -10.96 -10.709 -11.084 -11.118 -10.956 -10.7 -10.4 -10.029 -11.124 -10.882 -10.54 -10.257 -9.974 -10.866 -10.558 -10.277 -10.073 -10.003 -10.569 -10.75 -10.422 -9.381 -8.878 -8.284 -10.617
0.012587 -11.153 -11.212 -11.229 -11.183 -11.005 -10.756 -11.121 -11.16 -11.001 -10.747 -10.449 -10.08 -11.167 -10.928 -10.589 -10.307 -10.025 -10.912 -10.606 -10.326 -10.123 -10.053 -10.617 -10.796 -10.471 -9.433 -8.931 -8.338 -10.664
0.012968 -11.181 -11.243 -11.264 -11.224 -11.049 -10.804 -11.157 -11.202 -11.046 -10.795 -10.498 -10.13 -11.208 -10.973 -10.637 -10.356 -10.076 -10.958 -10.654 -10.375 -10.173 -10.102 -10.664 -10.843 -10.52 -9.485 -8.984 -8.391 -10.711
0.01336 -11.208 -11.275 -11.298 -11.265 -11.094 -10.851 -11.194 -11.244 -11.09 -10.842 -10.547 -10.181 -11.25 -11.019 -10.685 -10.406 -10.127 -11.004 -10.702 -10.425 -10.223 -10.151 -10.712 -10.89 -10.569 -9.537 -9.037 -8.445 -10.758
0.013764 -11.236 -11.306 -11.333 -11.306 -11.138 -10.898 -11.23 -11.286 -11.135 -10.889 -10.596 -10.231 -11.292 -11.064 -10.733 -10.455 -10.177 -11.049 -10.75 -10.474 -10.272 -10.2 -10.759 -10.936 -10.618 -9.589 -9.09 -8.498 -10.805
0.01418 -11.262 -11.336 -11.366 -11.347 -11.183 -10.944 -11.266 -11.327 -11.179 -10.936 -10.644 -10.281 -11.333 -11.109 -10.781 -10.505 -10.228 -11.094 -10.797 -10.523 -10.322 -10.249 -10.807 -10.982 -10.666 -9.641 -9.143 -8.552 -10.852
0.014609 -11.289 -11.367 -11.4 -11.387 -11.227 -10.991 -11.301 -11.368 -11.223 -10.982 -10.693 -10.331 -11.374 -11.154 -10.829 -10.554 -10.278 -11.14 -10.845 -10.572 -10.372 -10.298 -10.854 -11.028 -10.715 -9.693 -9.195 -8.605 -10.899
0.015051 -11.315 -11.397 -11.433 -11.428 -11.27 -11.038 -11.337 -11.409 -11.267 -11.029 -10.741 -10.381 -11.415 -11.199 -10.877 -10.603 -10.328 -11.185 -10.893 -10.621 -10.421 -10.347 -10.901 -11.074 -10.763 -9.745 -9.248 -8.658 -10.945
0.015506 -11.341 -11.426 -11.466 -11.468 -11.314 -11.084 -11.372 -11.45 -11.311 -11.075 -10.79 -10.431 -11.455 -11.244 -10.924 -10.652 -10.378 -11.229 -10.94 -10.67 -10.471 -10.396 -10.948 -11.12 -10.811 -9.797 -9.301 -8.712 -10.991
0.015975 -11.366 -11.455 -11.499 -11.508 -11.358 -11.13 -11.407 -11.49 -11.354 -11.122 -10.838 -10.481 -11.496 -11.288 -10.972 -10.701 -10.429 -11.274 -10.987 -10.718 -10.52 -10.444 -10.995 -11.166 -10.859 -9.848 -9.353 -8.765 -11.038
0.016458 -11.391 -11.484 -11.531 -11.547 -11.401 -11.176 -11.441 -11.531 -11.398 -11.168 -10.886 -10.531 -11.536 -11.332 -11.019 -10.75 -10.479 -11.319 -11.034 -10.767 -10.569 -10.493 -11.041 -11.211 -10.907 -9.9 -9.406 -8.818 -11.084
0.016956 -11.415 -11.513 -11.563 -11.587 -11.444 -11.222 -11.476 -11.571 -11.441 -11.214 -10.934 -10.581 -11.576 -11.376 -11.066 -10.799 -10.528 -11.363 -11.081 -10.816 -10.618 -10.542 -11.088 -11.257 -10.955 -9.952 -9.458 -8.871 -11.13
0.017469 -11.439 -11.541 -11.595 -11.626 -11.487 -11.268 -11.51 -11.611 -11.484 -11.26 -10.982 -10.63 -11.616 -11.42 -11.114 -10.848 -10.578 -11.407 -11.128 -10.864 -10.667 -10.59 -11.134 -11.302 -11.003 -10.003 -9.511 -8.924 -11.175
0.017997 -11.463 -11.568 -11.626 -11.665 -11.53 -11.314 -11.544 -11.65 -11.527 -11.305 -11.029 -10.68 -11.655 -11.464 -11.161 -10.897 -10.628 -11.451 -11.175 -10.912 -10.716 -10.639 -11.181 -11.347 -11.05 -10.055 -9.563 -8.978 -11.221
0.018541 -11.487 -11.596 -11.657 -11.704 -11.573 -11.36 -11.578 -11.69 -11.569 -11.351 -11.077 -10.729 -11.695 -11.508 -11.207 -10.945 -10.678 -11.495 -11.222 -10.961 -10.765 -10.688 -11.227 -11.392 -11.098 -10.106 -9.615 -9.031 -11.267
0.019102 -11.509 -11.623 -11.688 -11.742 -11.615 -11.405 -11.611 -11.729 -11.612 -11.397 -11.125 -10.779 -11.734 -11.551 -11.254 -10.993 -10.727 -11.539 -11.268 -11.009 -10.814 -10.736 -11.273 -11.437 -11.145 -10.157 -9.667 -9.084 -11.312
0.01968 -11.532 -11.649 -11.719 -11.78 -11.657 -11.45 -11.644 -11.768 -11.654 -11.442 -11.172 -10.828 -11.773 -11.595 -11.301 -11.042 -10.777 -11.582 -11.315 -11.057 -10.863 -10.784 -11.319 -11.482 -11.193 -10.209 -9.72 -9.137 -11.357
0.020275 -11.554 -11.676 -11.749 -11.818 -11.7 -11.495 -11.677 -11.806 -11.696 -11.487 -11.219 -10.877 -11.811 -11.638 -11.347 -11.09 -10.826 -11.626 -11.361 -11.105 -10.912 -10.833 -11.365 -11.526 -11.24 -10.26 -9.772 -9.189 -11.402
0.020888 -11.576 -11.701 -11.779 -11.856 -11.742 -11.54 -11.71 -11.845 -11.738 -11.532 -11.267 -10.926 -11.85 -11.681 -11.394 -11.138 -10.876 -11.669 -11.407 -11.152 -10.96 -10.881 -11.41 -11.571 -11.287 -10.311 -9.824 -9.242 -11.447
0.02152 -11.597 -11.727 -11.808 -11.894 -11.783 -11.585 -11.743 -11.883 -11.78 -11.577 -11.314 -10.975 -11.888 -11.724 -11.44 -11.186 -10.925 -11.712 -11.453 -11.2 -11.009 -10.929 -11.456 -11.615 -11.334 -10.362 -9.876 -9.295 -11.492
0.022171 -11.618 -11.752 -11.837 -11.931 -11.825 -11.63 -11.775 -11.921 -11.822 -11.622 -11.361 -11.024 -11.926 -11.766 -11.486 -11.234 -10.974 -11.755 -11.499 -11.248 -11.057 -10.977 -11.501 -11.659 -11.381 -10.413 -9.928 -9.348 -11.537
0.022841 -11.639 -11.777 -11.866 -11.968 -11.866 -11.675 -11.807 -11.959 -11.863 -11.666 -11.407 -11.073 -11.963 -11.809 -11.532 -11.282 -11.023 -11.798 -11.545 -11.295 -11.106 -11.025 -11.546 -11.703 -11.427 -10.464 -9.98 -9.401 -11.582
0.023532 -11.659 -11.801 -11.894 -12.005 -11.907 -11.719 -11.839 -11.997 -11.904 -11.711 -11.454 -11.121 -12.001 -11.851 -11.578 -11.329 -11.072 -11.841 -11.591 -11.343 -11.154 -11.073 -11.591 -11.746 -11.474 -10.515 -10.032 -9.453 -11.626
0.024244 -11.678 -11.825 -11.923 -12.041 -11.948 -11.763 -11.87 -12.034 -11.945 -11.755 -11.501 -11.17 -12.038 -11.893 -11.624 -11.377 -11.121 -11.883 -11.636 -11.39 -11.202 -11.121 -11.636 -11.79 -11.52 -10.565 -10.083 -9.506 -11.67
0.024977 -11.698 -11.848 -11.95 -12.078 -11.989 -11.807 -11.902 -12.071 -11.986 -11.799 -11.547 -11.218 -12.075 -11.935 -11.669 -11.424 -11.17 -11.925 -11.682 -11.437 -11.25 -11.169 -11.681 -11.833 -11.567 -10.616 -10.135 -9.559 -11.715
0.025733 -11.717 -11.871 -11.978 -12.114 -12.03 -11.851 -11.933 -12.108 -12.026 -11.843 -11.594 -11.267 -12.112 -11.977 -11.715 -11.472 -11.219 -11.967 -11.727 -11.485 -11.298 -11.217 -11.726 -11.877 -11.613 -10.667 -10.187 -9.611 -11.759
0.026511 -11.735 -11.894 -12.005 -12.15 -12.07 -11.895 -11.963 -12.144 -12.067 -11.887 -11.64 -11.315 -12.148 -12.018 -11.76 -11.519 -11.267 -12.009 -11.772 -11.532 -11.346 -11.265 -11.771 -11.92 -11.659 -10.717 -10.239 -9.664 -11.802
0.027313 -11.753 -11.916 -12.032 -12.185 -12.11 -11.939 -11.994 -12.181 -12.107 -11.931 -11.686 -11.363 -12.184 -12.06 -11.805 -11.566 -11.316 -12.051 -11.817 -11.579 -11.394 -11.312 -11.815 -11.963 -11.705 -10.768 -10.29 -9.716 -11.846
0.028139 -11.77 -11.938 -12.058 -12.22 -12.15 -11.982 -12.024 -12.217 -12.147 -11.975 -11.732 -11.412 -12.22 -12.101 -11.85 -11.613 -11.364 -12.093 -11.862 -11.625 -11.442 -11.36 -11.859 -12.006 -11.751 -10.818 -10.342 -9.769 -11.89
0.02899 -11.788 -11.959 -12.084 -12.255 -12.19 -12.026 -12.054 -12.253 -12.187 -12.018 -11.778 -11.46 -12.256 -12.142 -11.895 -11.66 -11.413 -12.134 -11.907 -11.672 -11.49 -11.408 -11.903 -12.048 -11.797 -10.869 -10.393 -9.821 -11.933
0.029867 -11.804 -11.98 -12.11 -12.29 -12.229 -12.069 -12.084 -12.288 -12.226 -12.061 -11.824 -11.508 -12.291 -12.183 -11.94 -11.707 -11.461 -12.175 -11.951 -11.719 -11.537 -11.455 -11.947 -12.091 -11.842 -10.919 -10.445 -9.873 -11.976
0.03077 -11.82 -12.0 -12.135 -12.325 -12.269 -12.112 -12.114 -12.324 -12.266 -12.104 -11.869 -11.555 -12.326 -12.223 -11.985 -11.754 -11.509 -12.216 -11.996 -11.765 -11.585 -11.503 -11.991 -12.133 -11.888 -10.969 -10.496 -9.926 -12.02
0.031701 -11.836 -12.02 -12.16 -12.359 -12.308 -12.155 -12.143 -12.359 -12.305 -12.147 -11.915 -11.603 -12.361 -12.264 -12.029 -11.8 -11.557 -12.257 -12.04 -11.812 -11.632 -11.55 -12.035 -12.175 -11.933 -11.02 -10.547 -9.978 -12.063
0.032659 -11.851 -12.04 -12.185 -12.393 -12.347 -12.198 -12.172 -12.393 -12.344 -12.19 -11.96 -11.651 -12.396 -12.304 -12.073 -11.847 -11.605 -12.298 -12.085 -11.858 -11.679 -11.597 -12.079 -12.217 -11.978 -11.07 -10.599 -10.03 -12.105
0.033647 -11.866 -12.059 -12.209 -12.426 -12.386 -12.24 -12.201 -12.428 -12.383 -12.233 -12.005 -11.698 -12.43 -12.344 -12.118 -11.893 -11.653 -12.338 -12.129 -11.904 -11.727 -11.644 -12.122 -12.259 -12.023 -11.12 -10.65 -10.082 -12.148
0.034665 -11.881 -12.078 -12.233 -12.46 -12.424 -12.282 -12.23 -12.462 -12.421 -12.275 -12.051 -11.746 -12.465 -12.384 -12.162 -11.939 -11.701 -12.378 -12.173 -11.95 -11.774 -11.692 -12.165 -12.301 -12.068 -11.17 -10.701 -10.135 -12.191
0.035713 -11.895 -12.096 -12.256 -12.493 -12.462 -12.325 -12.258 -12.496 -12.46 -12.317 -12.096 -11.793 -12.498 -12.424 -12.206 -11.985 -11.748 -12.419 -12.216 -11.996 -11.821 -11.739 -12.208 -12.342 -12.113 -11.22 -10.752 -10.187 -12.233
0.036793 -11.908 -12.114 -12.279 -12.526 -12.501 -12.367 -12.286 -12.53 -12.498 -12.359 -12.14 -11.841 -12.532 -12.463 -12.25 -12.031 -11.796 -12.459 -12.26 -12.042 -11.868 -11.786 -12.251 -12.383 -12.158 -11.27 -10.803 -10.239 -12.275
0.037906 -11.921 -12.131 -12.302 -12.558 -12.538 -12.409 -12.314 -12.563 -12.536 -12.401 -12.185 -11.888 -12.565 -12.502 -12.293 -12.077 -11.844 -12.498 -12.304 -12.088 -11.915 -11.833 -12.294 -12.424 -12.202 -11.319 -10.854 -10.291 -12.317
0.039052 -11.934 -12.148 -12.324 -12.59 -12.576 -12.45 -12.342 -12.597 -12.573 -12.443 -12.23 -11.935 -12.598 -12.542 -12.337 -12.123 -11.891 -12.538 -12.347 -12.133 -11.962 -11.88 -12.337 -12.465 -12.247 -11.369 -10.905 -10.343 -12.359
0.040234 -11.946 -12.164 -12.346 -12.622 -12.613 -12.492 -12.369 -12.629 -12.611 -12.485 -12.274 -11.982 -12.631 -12.58 -12.38 -12.169 -11.938 -12.577 -12.39 -12.179 -12.008 -11.926 -12.379 -12.506 -12.291 -11.419 -10.956 -10.395 -12.401
0.04145 -11.957 -12.18 -12.368 -12.654 -12.651 -12.533 -12.396 -12.662 -12.648 -12.526 -12.319 -12.029 -12.663 -12.619 -12.423 -12.214 -11.985 -12.616 -12.433 -12.224 -12.055 -11.973 -12.422 -12.547 -12.335 -11.468 -11.007 -10.447 -12.443
0.042704 -11.968 -12.196 -12.389 -12.685 -12.688 -12.574 -12.423 -12.694 -12.685 -12.567 -12.363 -12.075 -12.695 -12.657 -12.466 -12.26 -12.033 -12.655 -12.476 -12.27 -12.101 -12.02 -12.464 -12.587 -12.379 -11.518 -11.058 -10.499 -12.484
0.043996 -11.979 -12.211 -12.41 -12.716 -12.724 -12.615 -12.45 -12.726 -12.722 -12.609 -12.407 -12.122 -12.727 -12.696 -12.509 -12.305 -12.08 -12.694 -12.519 -12.315 -12.148 -12.066 -12.506 -12.627 -12.423 -11.567 -11.109 -10.55 -12.525
0.045326 -11.989 -12.225 -12.43 -12.747 -12.761 -12.656 -12.476 -12.758 -12.758 -12.649 -12.451 -12.168 -12.759 -12.734 -12.552 -12.35 -12.126 -12.732 -12.562 -12.36 -12.194 -12.113 -12.548 -12.667 -12.467 -11.617 -11.159 -10.602 -12.566
0.046697 -11.999 -12.239 -12.45 -12.777 -12.797 -12.697 -12.502 -12.789 -12.794 -12.69 -12.494 -12.215 -12.79 -12.771 -12.595 -12.395 -12.173 -12.771 -12.604 -12.405 -12.24 -12.159 -12.59 -12.707 -12.51 -11.666 -11.21 -10.654 -12.607
0.048109 -12.008 -12.253 -12.469 -12.807 -12.833 -12.737 -12.528 -12.82 -12.83 -12.731 -12.538 -12.261 -12.821 -12.809 -12.637 -12.44 -12.22 -12.809 -12.646 -12.45 -12.286 -12.206 -12.631 -12.747 -12.554 -11.715 -11.26 -10.706 -12.648
0.049564 -12.016 -12.265 -12.488 -12.837 -12.869 -12.777 -12.554 -12.851 -12.866 -12.771 -12.582 -12.307 -12.851 -12.846 -12.679 -12.485 -12.267 -12.847 -12.689 -12.494 -12.332 -12.252 -12.673 -12.786 -12.597 -11.764 -11.311 -10.757 -12.689
0.051063 -12.024 -12.278 -12.507 -12.866 -12.904 -12.817 -12.579 -12.882 -12.902 -12.811 -12.625 -12.354 -12.882 -12.883 -12.721 -12.53 -12.313 -12.884 -12.731 -12.539 -12.378 -12.298 -12.714 -12.825 -12.64 -11.813 -11.361 -10.809 -12.729
0.052608 -12.032 -12.29 -12.525 -12.895 -12.939 -12.857 -12.604 -12.912 -12.937 -12.851 -12.668 -12.4 -12.912 -12.92 -12.763 -12.574 -12.359 -12.922 -12.772 -12.583 -12.424 -12.344 -12.755 -12.864 -12.683 -11.862 -11.412 -10.86 -12.769
0.054199 -12.039 -12.301 -12.543 -12.924 -12.974 -12.897 -12.629 -12.942 -12.972 -12.891 -12.711 -12.445 -12.941 -12.957 -12.805 -12.619 -12.406 -12.959 -12.814 -12.627 -12.47 -12.39 -12.796 -12.903 -12.726 -11.911 -11.462 -10.912 -12.809
0.055838 -12.046 -12.312 -12.561 -12.953 -13.009 -12.937 -12.654 -12.971 -13.007 -12.93 -12.754 -12.491 -12.971 -12.993 -12.847 -12.663 -12.452 -12.996 -12.856 -12.672 -12.515 -12.436 -12.837 -12.942 -12.769 -11.96 -11.513 -10.963 -12.849
0.057527 -12.052 -12.322 -12.578 -12.981 -13.044 -12.976 -12.678 -13.001 -13.041 -12.97 -12.797 -12.537 -13.0 -13.03 -12.888 -12.707 -12.498 -13.033 -12.897 -12.716 -12.561 -12.482 -12.877 -12.98 -12.811 -12.009 -11.563 -11.015 -12.889
0.059267 -12.057 -12.332 -12.594 -13.008 -13.078 -13.015 -12.702 -13.029 -13.076 -13.009 -12.839 -12.582 -13.028 -13.066 -12.929 -12.751 -12.544 -13.069 -12.938 -12.759 -12.606 -12.528 -12.917 -13.018 -12.854 -12.058 -11.613 -11.066 -12.928
0.061059 -12.062 -12.341 -12.61 -13.036 -13.112 -13.054 -12.726 -13.058 -13.11 -13.048 -12.882 -12.628 -13.056 -13.101 -12.97 -12.795 -12.59 -13.106 -12.979 -12.803 -12.651 -12.573 -12.958 -13.056 -12.896 -12.106 -11.663 -11.118 -12.968
0.062906 -12.067 -12.35 -12.626 -13.063 -13.146 -13.092 -12.749 -13.086 -13.143 -13.087 -12.924 -12.673 -13.084 -13.137 -13.011 -12.838 -12.635 -13.142 -13.02 -12.847 -12.696 -12.619 -12.998 -13.094 -12.938 -12.155 -11.713 -11.169 -13.007
0.064808 -12.071 -12.358 -12.641 -13.09 -13.179 -13.131 -12.773 -13.114 -13.177 -13.125 -12.966 -12.718 -13.112 -13.172 -13.052 -12.882 -12.681 -13.178 -13.061 -12.89 -12.741 -12.665 -13.038 -13.132 -12.98 -12.203 -11.763 -11.22 -13.046
0.066769 -12.074 -12.366 -12.656 -13.116 -13.212 -13.169 -12.796 -13.142 -13.21 -13.164 -13.008 -12.763 -13.139 -13.207 -13.093 -12.925 -12.726 -13.213 -13.101 -12.934 -12.786 -12.71 -13.077 -13.169 -13.021 -12.252 -11.813 -11.271 -13.085
0.068788 -12.077 -12.373 -12.67 -13.142 -13.245 -13.207 -12.818 -13.169 -13.243 -13.202 -13.05 -12.808 -13.166 -13.241 -13.133 -12.969 -12.772 -13.249 -13.141 -12.977 -12.831 -12.755 -13.117 -13.206 -13.063 -12.3 -11.863 -11.322 -13.123
