web/models/kne/23/villar_0.0023_0.2337_10.0000.dat
# %ECSV 1.0
# ---
# datatype:
# - {name: time, datatype: float64}
# - {name: swift_uvot_uvw2, datatype: float64}
# - {name: swift_uvot_uvm2, datatype: float64}
# - {name: swift_uvot_uvw1, datatype: float64}
# - {name: swift_uvot_U, datatype: float64}
# - {name: swift_uvot_B, datatype: float64}
# - {name: swift_uvot_V, datatype: float64}
# - {name: swift_uvot_W, datatype: float64}
# - {name: johnson_U, datatype: float64}
# - {name: johnson_B, datatype: float64}
# - {name: johnson_V, datatype: float64}
# - {name: johnson_R, datatype: float64}
# - {name: johnson_I, datatype: float64}
# - {name: sdss_u, datatype: float64}
# - {name: sdss_g, datatype: float64}
# - {name: sdss_r, datatype: float64}
# - {name: sdss_i, datatype: float64}
# - {name: sdss_z, datatype: float64}
# - {name: PS1_g, datatype: float64}
# - {name: PS1_r, datatype: float64}
# - {name: PS1_i, datatype: float64}
# - {name: PS1_z, datatype: float64}
# - {name: PS1_Y, datatype: float64}
# - {name: PS1_w, datatype: float64}
# - {name: ATLAS_c, datatype: float64}
# - {name: ATLAS_o, datatype: float64}
# - {name: ukirt_J, datatype: float64}
# - {name: ukirt_H, datatype: float64}
# - {name: ukirt_K, datatype: float64}
# - {name: Clear, datatype: float64}
# meta: !!omap
# - comment: [kappa = 10.0, type = villar, mass = 0.0022901433483143324, velocity = 0.2336666666666667, theta_obs = 0.0]
# schema: astropy-2.0
time swift_uvot_uvw2 swift_uvot_uvm2 swift_uvot_uvw1 swift_uvot_U swift_uvot_B swift_uvot_V swift_uvot_W johnson_U johnson_B johnson_V johnson_R johnson_I sdss_u sdss_g sdss_r sdss_i sdss_z PS1_g PS1_r PS1_i PS1_z PS1_Y PS1_w ATLAS_c ATLAS_o ukirt_J ukirt_H ukirt_K Clear
[from data line 221]
0.724086 -6.68 -3.82 -6.265 -8.322 -9.978 -11.131 -9.231 -8.623 -10.022 -11.175 -11.967 -12.479 -8.517 -10.443 -11.639 -12.197 -12.532 -10.685 -11.677 -12.226 -12.506 -12.692 -11.672 -11.066 -11.923 -12.811 -12.777 -12.556 -11.691
0.745986 -6.685 -3.825 -6.269 -8.327 -9.983 -11.135 -9.236 -8.628 -10.026 -11.179 -11.972 -12.483 -8.522 -10.448 -11.644 -12.202 -12.536 -10.69 -11.681 -12.231 -12.511 -12.697 -11.677 -11.07 -11.928 -12.816 -12.781 -12.561 -11.696
0.768548 -6.689 -3.829 -6.273 -8.33 -9.986 -11.139 -9.239 -8.632 -10.03 -11.183 -11.976 -12.487 -8.525 -10.452 -11.648 -12.206 -12.54 -10.694 -11.685 -12.234 -12.514 -12.701 -11.68 -11.074 -11.932 -12.82 -12.785 -12.565 -11.7
0.791792 -6.692 -3.832 -6.276 -8.334 -9.99 -11.142 -9.242 -8.635 -10.033 -11.186 -11.979 -12.49 -8.529 -10.455 -11.651 -12.209 -12.543 -10.697 -11.688 -12.238 -12.517 -12.704 -11.683 -11.077 -11.935 -12.823 -12.788 -12.568 -11.703
0.815739 -6.694 -3.834 -6.279 -8.336 -9.992 -11.145 -9.245 -8.637 -10.036 -11.189 -11.981 -12.493 -8.531 -10.457 -11.653 -12.211 -12.545 -10.699 -11.691 -12.24 -12.52 -12.706 -11.686 -11.08 -11.937 -12.825 -12.791 -12.57 -11.705
0.840411 -6.696 -3.836 -6.28 -8.338 -9.994 -11.146 -9.247 -8.639 -10.037 -11.19 -11.983 -12.494 -8.533 -10.459 -11.655 -12.213 -12.547 -10.701 -11.692 -12.242 -12.522 -12.708 -11.688 -11.081 -11.939 -12.827 -12.792 -12.572 -11.707
0.865828 -6.697 -3.837 -6.281 -8.338 -9.994 -11.147 -9.247 -8.64 -10.038 -11.191 -11.984 -12.495 -8.533 -10.46 -11.656 -12.214 -12.548 -10.702 -11.693 -12.242 -12.522 -12.709 -11.688 -11.082 -11.94 -12.828 -12.793 -12.573 -11.708
0.892015 -6.697 -3.837 -6.281 -8.338 -9.994 -11.147 -9.247 -8.64 -10.038 -11.191 -11.984 -12.495 -8.533 -10.46 -11.656 -12.214 -12.548 -10.702 -11.693 -12.242 -12.522 -12.709 -11.688 -11.082 -11.94 -12.828 -12.793 -12.573 -11.708
0.918993 -6.696 -3.836 -6.28 -8.338 -9.994 -11.146 -9.246 -8.639 -10.037 -11.19 -11.983 -12.494 -8.533 -10.459 -11.655 -12.213 -12.547 -10.701 -11.692 -12.242 -12.521 -12.708 -11.687 -11.081 -11.939 -12.827 -12.792 -12.572 -11.707
0.946787 -6.694 -3.834 -6.278 -8.336 -9.992 -11.144 -9.245 -8.637 -10.035 -11.188 -11.981 -12.493 -8.531 -10.457 -11.653 -12.211 -12.545 -10.699 -11.69 -12.24 -12.52 -12.706 -11.686 -11.08 -11.937 -12.825 -12.791 -12.57 -11.705
0.975422 -6.691 -3.831 -6.276 -8.333 -9.989 -11.142 -9.242 -8.634 -10.033 -11.185 -11.978 -12.49 -8.528 -10.454 -11.65 -12.208 -12.542 -10.696 -11.688 -12.237 -12.517 -12.703 -11.683 -11.077 -11.934 -12.822 -12.788 -12.567 -11.702
1.004923 -6.687 -3.827 -6.272 -8.329 -9.985 -11.138 -9.238 -8.63 -10.029 -11.182 -11.974 -12.486 -8.524 -10.45 -11.646 -12.204 -12.539 -10.692 -11.684 -12.233 -12.513 -12.699 -11.679 -11.073 -11.93 -12.818 -12.784 -12.563 -11.698
1.035317 -6.682 -3.822 -6.267 -8.324 -9.98 -11.133 -9.233 -8.625 -10.024 -11.177 -11.969 -12.481 -8.519 -10.445 -11.641 -12.199 -12.534 -10.687 -11.679 -12.228 -12.508 -12.694 -11.674 -11.068 -11.925 -12.813 -12.779 -12.558 -11.693
1.066629 -6.676 -3.816 -6.261 -8.318 -9.974 -11.127 -9.227 -8.619 -10.018 -11.171 -11.963 -12.475 -8.513 -10.439 -11.635 -12.193 -12.528 -10.681 -11.673 -12.222 -12.502 -12.688 -11.668 -11.062 -11.919 -12.807 -12.773 -12.552 -11.687
1.098888 -6.669 -3.809 -6.253 -8.311 -9.967 -11.119 -9.22 -8.612 -10.01 -11.163 -11.956 -12.468 -8.506 -10.432 -11.628 -12.186 -12.52 -10.674 -11.665 -12.215 -12.495 -12.681 -11.661 -11.055 -11.912 -12.8 -12.766 -12.545 -11.68
1.132124 -6.66 -3.8 -6.245 -8.302 -9.958 -11.111 -9.211 -8.603 -10.002 -11.155 -11.947 -12.459 -8.497 -10.423 -11.619 -12.177 -12.512 -10.665 -11.657 -12.206 -12.486 -12.672 -11.652 -11.046 -11.903 -12.791 -12.757 -12.536 -11.671
1.166364 -6.65 -3.79 -6.235 -8.292 -9.948 -11.101 -9.201 -8.593 -9.992 -11.145 -11.937 -12.449 -8.487 -10.413 -11.609 -12.168 -12.502 -10.655 -11.647 -12.196 -12.476 -12.663 -11.642 -11.036 -11.893 -12.782 -12.747 -12.526 -11.661
1.20164 -6.639 -3.779 -6.224 -8.281 -9.937 -11.09 -9.19 -8.582 -9.981 -11.133 -11.926 -12.438 -8.476 -10.402 -11.598 -12.156 -12.49 -10.644 -11.636 -12.185 -12.465 -12.651 -11.631 -11.025 -11.882 -12.77 -12.736 -12.515 -11.65
1.237983 -6.626 -3.766 -6.211 -8.268 -9.924 -11.077 -9.177 -8.569 -9.968 -11.121 -11.913 -12.425 -8.463 -10.389 -11.585 -12.143 -12.477 -10.631 -11.623 -12.172 -12.452 -12.638 -11.618 -11.012 -11.869 -12.757 -12.723 -12.502 -11.637
1.275425 -6.612 -3.752 -6.196 -8.253 -9.909 -11.062 -9.162 -8.555 -9.953 -11.106 -11.899 -12.41 -8.449 -10.375 -11.571 -12.129 -12.463 -10.617 -11.608 -12.158 -12.437 -12.624 -11.603 -10.997 -11.855 -12.743 -12.708 -12.488 -11.623
1.313999 -6.595 -3.736 -6.18 -8.237 -9.893 -11.046 -9.146 -8.539 -9.937 -11.09 -11.883 -12.394 -8.432 -10.358 -11.555 -12.113 -12.447 -10.601 -11.592 -12.141 -12.421 -12.608 -11.587 -10.981 -11.838 -12.727 -12.692 -12.471 -11.607
1.35374 -6.578 -3.718 -6.162 -8.219 -9.875 -11.028 -9.128 -8.521 -9.919 -11.072 -11.865 -12.376 -8.414 -10.341 -11.537 -12.095 -12.429 -10.583 -11.574 -12.123 -12.403 -12.59 -11.569 -10.963 -11.821 -12.709 -12.674 -12.453 -11.589
1.394683 -6.558 -3.698 -6.142 -8.2 -9.856 -11.008 -9.109 -8.501 -9.899 -11.052 -11.845 -12.356 -8.395 -10.321 -11.517 -12.075 -12.409 -10.563 -11.554 -12.104 -12.384 -12.57 -11.55 -10.943 -11.801 -12.689 -12.654 -12.434 -11.569
1.436864 -6.536 -3.676 -6.121 -8.178 -9.834 -10.987 -9.087 -8.479 -9.878 -11.03 -11.823 -12.335 -8.373 -10.299 -11.495 -12.053 -12.387 -10.541 -11.533 -12.082 -12.362 -12.548 -11.528 -10.922 -11.779 -12.667 -12.633 -12.412 -11.547
1.480321 -6.512 -3.652 -6.097 -8.154 -9.81 -10.963 -9.063 -8.455 -9.854 -11.006 -11.799 -12.311 -8.349 -10.275 -11.471 -12.029 -12.363 -10.517 -11.509 -12.058 -12.338 -12.524 -11.504 -10.898 -11.755 -12.643 -12.609 -12.388 -11.523
1.525092 -6.486 -3.626 -6.071 -8.128 -9.784 -10.937 -9.037 -8.429 -9.828 -10.98 -11.773 -12.285 -8.323 -10.249 -11.445 -12.003 -12.337 -10.491 -11.483 -12.032 -12.312 -12.498 -11.478 -10.872 -11.729 -12.617 -12.583 -12.362 -11.497
1.571218 -6.458 -3.598 -6.042 -8.099 -9.755 -10.908 -9.008 -8.401 -9.799 -10.952 -11.745 -12.256 -8.294 -10.221 -11.417 -11.975 -12.309 -10.463 -11.454 -12.003 -12.283 -12.47 -11.449 -10.843 -11.701 -12.589 -12.554 -12.334 -11.469
1.618738 -6.427 -3.567 -6.011 -8.069 -9.725 -10.877 -8.977 -8.37 -9.768 -10.921 -11.714 -12.225 -8.264 -10.19 -11.386 -11.944 -12.278 -10.432 -11.423 -11.973 -12.252 -12.439 -11.419 -10.812 -11.67 -12.558 -12.523 -12.303 -11.438
1.667696 -6.393 -3.533 -5.978 -8.035 -9.691 -10.844 -8.944 -8.336 -9.735 -10.888 -11.68 -12.192 -8.23 -10.156 -11.352 -11.91 -12.245 -10.398 -11.39 -11.939 -12.219 -12.405 -11.385 -10.779 -11.636 -12.524 -12.49 -12.269 -11.404
1.718134 -6.357 -3.497 -5.942 -7.999 -9.655 -10.808 -8.908 -8.3 -9.699 -10.851 -11.644 -12.156 -8.194 -10.12 -11.316 -11.874 -12.208 -10.362 -11.354 -11.903 -12.183 -12.369 -11.349 -10.743 -11.6 -12.488 -12.454 -12.233 -11.368
1.770098 -6.318 -3.458 -5.902 -7.96 -9.616 -10.768 -8.869 -8.261 -9.659 -10.812 -11.605 -12.116 -8.155 -10.081 -11.277 -11.835 -12.169 -10.323 -11.314 -11.864 -12.144 -12.33 -11.31 -10.703 -11.561 -12.449 -12.414 -12.194 -11.329
1.823633 -6.276 -3.416 -5.86 -7.917 -9.573 -10.726 -8.826 -8.219 -9.617 -10.77 -11.563 -12.074 -8.112 -10.039 -11.235 -11.793 -12.127 -10.281 -11.272 -11.821 -12.101 -12.288 -11.267 -10.661 -11.519 -12.407 -12.372 -12.152 -11.287
1.878788 -6.23 -3.37 -5.815 -7.872 -9.528 -10.681 -8.781 -8.173 -9.572 -10.725 -11.517 -12.029 -8.067 -9.993 -11.189 -11.747 -12.081 -10.235 -11.227 -11.776 -12.056 -12.242 -11.222 -10.616 -11.473 -12.361 -12.327 -12.106 -11.241
1.93561 -6.181 -3.321 -5.766 -7.823 -9.479 -10.632 -8.732 -8.124 -9.523 -10.676 -11.468 -11.98 -8.018 -9.944 -11.14 -11.698 -12.033 -10.186 -11.178 -11.727 -12.007 -12.193 -11.173 -10.567 -11.424 -12.312 -12.278 -12.057 -11.192
1.994152 -6.129 -3.269 -5.713 -7.771 -9.427 -10.579 -8.68 -8.072 -9.47 -10.623 -11.416 -11.927 -7.966 -9.892 -11.088 -11.646 -11.98 -10.134 -11.125 -11.675 -11.955 -12.141 -11.121 -10.514 -11.372 -12.26 -12.225 -12.005 -11.14
2.054463 -6.072 -3.212 -5.657 -7.714 -9.37 -10.523 -8.623 -8.015 -9.414 -10.567 -11.359 -11.871 -7.909 -9.835 -11.031 -11.59 -11.924 -10.077 -11.069 -11.618 -11.898 -12.085 -11.064 -10.458 -11.315 -12.204 -12.169 -11.948 -11.083
2.116599 -6.012 -3.152 -5.597 -7.654 -9.31 -10.463 -8.563 -7.955 -9.354 -10.506 -11.299 -11.811 -7.849 -9.775 -10.971 -11.529 -11.863 -10.017 -11.009 -11.558 -11.838 -12.024 -11.004 -10.398 -11.255 -12.143 -12.109 -11.888 -11.023
2.180614 -5.947 -3.087 -5.532 -7.589 -9.245 -10.398 -8.498 -7.89 -9.289 -10.442 -11.234 -11.746 -7.784 -9.71 -10.906 -11.465 -11.799 -9.952 -10.944 -11.493 -11.773 -11.96 -10.939 -10.333 -11.19 -12.079 -12.044 -11.823 -10.958
2.246566 -5.878 -3.018 -5.463 -7.52 -9.176 -10.329 -8.429 -7.821 -9.22 -10.373 -11.165 -11.677 -7.715 -9.641 -10.837 -11.395 -11.73 -9.883 -10.875 -11.424 -11.704 -11.89 -10.87 -10.264 -11.121 -12.009 -11.975 -11.754 -10.889
2.314511 -5.804 -2.944 -5.389 -7.446 -9.102 -10.255 -8.355 -7.747 -9.146 -10.299 -11.091 -11.603 -7.641 -9.567 -10.763 -11.321 -11.656 -9.809 -10.801 -11.35 -11.63 -11.816 -10.796 -10.19 -11.047 -11.935 -11.901 -11.68 -10.815
2.384512 -5.725 -2.865 -5.31 -7.367 -9.023 -10.176 -8.276 -7.668 -9.067 -10.22 -11.012 -11.524 -7.562 -9.488 -10.684 -11.242 -11.577 -9.73 -10.722 -11.271 -11.551 -11.737 -10.717 -10.111 -10.968 -11.856 -11.822 -11.601 -10.736
2.45663 -5.641 -2.781 -5.226 -7.283 -8.939 -10.092 -8.192 -7.584 -8.983 -10.135 -10.928 -11.44 -7.478 -9.404 -10.6 -11.158 -11.492 -9.646 -10.638 -11.187 -11.467 -11.653 -10.633 -10.027 -10.884 -11.772 -11.738 -11.517 -10.652
2.530929 -5.551 -2.691 -5.136 -7.193 -8.849 -10.002 -8.102 -7.494 -8.893 -10.045 -10.838 -11.35 -7.388 -9.314 -10.51 -11.068 -11.402 -9.556 -10.548 -11.097 -11.377 -11.563 -10.543 -9.937 -10.794 -11.682 -11.648 -11.427 -10.562
2.607475 -5.455 -2.595 -5.04 -7.097 -8.753 -9.906 -8.006 -7.398 -8.797 -9.95 -10.742 -11.254 -7.292 -9.218 -10.414 -10.972 -11.307 -9.46 -10.452 -11.001 -11.281 -11.467 -10.447 -9.841 -10.698 -11.586 -11.552 -11.331 -10.466
2.686337 -5.353 -2.493 -4.938 -6.995 -8.651 -9.804 -7.904 -7.296 -8.695 -9.847 -10.64 -11.152 -7.19 -9.116 -10.312 -10.87 -11.204 -9.358 -10.35 -10.899 -11.179 -11.365 -10.345 -9.739 -10.596 -11.484 -11.45 -11.229 -10.364
2.767583 -5.244 -2.384 -4.829 -6.886 -8.542 -9.695 -7.795 -7.187 -8.586 -9.739 -10.531 -11.043 -7.081 -9.007 -10.203 -10.761 -11.096 -9.249 -10.241 -10.79 -11.07 -11.256 -10.236 -9.63 -10.487 -11.375 -11.341 -11.12 -10.255
2.851287 -5.128 -2.268 -4.713 -6.77 -8.426 -9.579 -7.679 -7.071 -8.47 -9.623 -10.415 -10.927 -6.965 -8.891 -10.087 -10.646 -10.98 -9.133 -10.125 -10.674 -10.954 -11.141 -10.12 -9.514 -10.371 -11.26 -11.225 -11.004 -10.139
2.937522 -5.005 -2.145 -4.59 -6.647 -8.303 -9.456 -7.556 -6.948 -8.347 -9.499 -10.292 -10.804 -6.842 -8.768 -9.964 -10.522 -10.856 -9.01 -10.002 -10.551 -10.831 -11.017 -9.997 -9.391 -10.248 -11.136 -11.102 -10.881 -10.016
3.026365 -4.874 -2.014 -4.458 -6.516 -8.172 -9.324 -7.425 -6.817 -8.216 -9.368 -10.161 -10.673 -6.711 -8.637 -9.833 -10.391 -10.725 -8.879 -9.87 -10.42 -10.7 -10.886 -9.866 -9.26 -10.117 -11.005 -10.971 -10.75 -9.885
3.117896 -4.734 -1.874 -4.319 -6.376 -8.032 -9.185 -7.285 -6.677 -8.076 -9.229 -10.021 -10.533 -6.571 -8.497 -9.694 -10.252 -10.586 -8.739 -9.731 -10.28 -10.56 -10.747 -9.726 -9.12 -9.977 -10.866 -10.831 -10.61 -9.745
3.212194 -4.586 -1.726 -4.171 -6.228 -7.884 -9.037 -7.137 -6.529 -7.928 -9.08 -9.873 -10.385 -6.423 -8.349 -9.545 -10.103 -10.437 -8.591 -9.583 -10.132 -10.412 -10.598 -9.578 -8.972 -9.829 -10.717 -10.683 -10.462 -9.597
3.309345 -4.428 -1.568 -4.013 -6.07 -7.726 -8.879 -6.979 -6.372 -7.77 -8.923 -9.716 -10.227 -6.265 -8.191 -9.388 -9.946 -10.28 -8.434 -9.425 -9.974 -10.254 -10.441 -9.42 -8.814 -9.671 -10.56 -10.525 -10.304 -9.439
3.409434 -4.261 -1.401 -3.845 -5.903 -7.559 -8.712 -6.812 -6.204 -7.603 -8.755 -9.548 -10.06 -6.098 -8.024 -9.22 -9.778 -10.112 -8.266 -9.257 -9.807 -10.087 -10.273 -9.253 -8.647 -9.504 -10.392 -10.358 -10.137 -9.272
3.51255 -4.083 -1.223 -3.667 -5.725 -7.381 -8.534 -6.634 -6.026 -7.425 -8.577 -9.37 -9.882 -5.92 -7.846 -9.042 -9.6 -9.934 -8.088 -9.079 -9.629 -9.909 -10.095 -9.075 -8.469 -9.326 -10.214 -10.18 -9.959 -9.094
3.618785 -3.894 -1.034 -3.478 -5.536 -7.192 -8.344 -6.445 -5.837 -7.235 -8.388 -9.181 -9.692 -5.731 -7.657 -8.853 -9.411 -9.745 -7.899 -8.89 -9.44 -9.72 -9.906 -8.886 -8.279 -9.137 -10.025 -9.99 -9.77 -8.905
3.728232 -3.693 -0.833 -3.278 -5.335 -6.991 -8.144 -6.244 -5.636 -7.035 -8.187 -8.98 -9.492 -5.53 -7.456 -8.652 -9.21 -9.544 -7.698 -8.69 -9.239 -9.519 -9.705 -8.685 -8.079 -8.936 -9.824 -9.79 -9.569 -8.704
3.84099 -3.48 -0.62 -3.064 -5.122 -6.778 -7.93 -6.03 -5.423 -6.821 -7.974 -8.767 -9.278 -5.317 -7.243 -8.439 -8.997 -9.331 -7.485 -8.476 -9.026 -9.305 -9.492 -8.471 -7.865 -8.723 -9.611 -9.576 -9.356 -8.491
3.957158 -3.253 -0.393 -2.838 -4.895 -6.551 -7.704 -5.804 -5.196 -6.595 -7.748 -8.54 -9.052 -5.09 -7.016 -8.212 -8.77 -9.105 -7.258 -8.25 -8.799 -9.079 -9.265 -8.245 -7.639 -8.496 -9.384 -9.35 -9.129 -8.264
4.07684 -3.013 -0.153 -2.597 -4.655 -6.311 -7.463 -5.563 -4.956 -6.354 -7.507 -8.3 -8.811 -4.85 -6.776 -7.972 -8.53 -8.864 -7.018 -8.009 -8.559 -8.838 -9.025 -8.005 -7.398 -8.256 -9.144 -9.109 -8.889 -8.024
4.200141 -2.757 0.103 -2.342 -4.399 -6.055 -7.208 -5.308 -4.7 -6.099 -7.252 -8.045 -8.556 -4.594 -6.52 -7.717 -8.275 -8.609 -6.762 -7.754 -8.303 -8.583 -8.77 -7.749 -7.143 -8.0 -8.889 -8.854 -8.633 -7.768
4.327172 -2.486 0.374 -2.071 -4.128 -5.784 -6.937 -5.037 -4.429 -5.828 -6.981 -7.773 -8.285 -4.323 -6.249 -7.445 -8.004 -8.338 -6.491 -7.483 -8.032 -8.312 -8.499 -7.478 -6.872 -7.729 -8.618 -8.583 -8.362 -7.497
4.458044 -2.199 0.661 -1.783 -3.84 -5.496 -6.649 -4.749 -4.142 -5.54 -6.693 -7.486 -7.997 -4.035 -5.962 -7.158 -7.716 -8.05 -6.204 -7.195 -7.744 -8.024 -8.211 -7.19 -6.584 -7.442 -8.33 -8.295 -8.075 -7.21
4.592874 -1.893 0.967 -1.478 -3.535 -5.191 -6.344 -4.444 -3.836 -5.235 -6.388 -7.18 -7.692 -3.73 -5.656 -6.852 -7.41 -7.744 -5.898 -6.89 -7.439 -7.719 -7.905 -6.885 -6.279 -7.136 -8.024 -7.99 -7.769 -6.904
4.731783 -1.569 1.291 -1.153 -3.211 -4.867 -6.02 -4.12 -3.512 -4.911 -6.063 -6.856 -7.368 -3.406 -5.332 -6.528 -7.086 -7.42 -5.574 -6.565 -7.115 -7.395 -7.581 -6.561 -5.955 -6.812 -7.7 -7.666 -7.445 -6.58
4.874892 -1.225 1.635 -0.809 -2.867 -4.523 -5.675 -3.776 -3.168 -4.566 -5.719 -6.512 -7.023 -3.062 -4.988 -6.184 -6.742 -7.076 -5.23 -6.221 -6.771 -7.051 -7.237 -6.217 -5.61 -6.468 -7.356 -7.321 -7.101 -6.236
5.02233 -0.859 2.001 -0.444 -2.501 -4.157 -5.31 -3.41 -2.803 -4.201 -5.354 -6.147 -6.658 -2.696 -4.622 -5.819 -6.377 -6.711 -4.864 -5.856 -6.405 -6.685 -6.872 -5.851 -5.245 -6.102 -6.991 -6.956 -6.735 -5.87
5.174227 -0.472 2.388 -0.056 -2.113 -3.77 -4.922 -3.022 -2.415 -3.813 -4.966 -5.759 -6.27 -2.309 -4.235 -5.431 -5.989 -6.323 -4.477 -5.468 -6.018 -6.297 -6.484 -5.463 -4.857 -5.715 -6.603 -6.568 -6.348 -5.483
5.330718 -0.06 2.8 0.355 -1.702 -3.358 -4.511 -2.611 -2.003 -3.402 -4.554 -5.347 -5.859 -1.897 -3.823 -5.019 -5.577 -5.911 -4.065 -5.057 -5.606 -5.886 -6.072 -5.052 -4.446 -5.303 -6.191 -6.157 -5.936 -5.071
5.491942 0.377 3.237 0.792 -1.265 -2.921 -4.074 -2.174 -1.566 -2.965 -4.118 -4.91 -5.422 -1.46 -3.386 -4.582 -5.14 -5.475 -3.628 -4.62 -5.169 -5.449 -5.635 -4.615 -4.009 -4.866 -5.754 -5.72 -5.499 -4.634
5.658042 0.841 3.7 1.256 -0.801 -2.457 -3.61 -1.71 -1.103 -2.501 -3.654 -4.447 -4.958 -0.996 -2.922 -4.119 -4.677 -5.011 -3.165 -4.156 -4.705 -4.985 -5.172 -4.151 -3.545 -4.402 -5.291 -5.256 -5.035 -4.171
5.829166 1.333 4.193 1.748 -0.309 -1.965 -3.118 -1.218 -0.61 -2.009 -3.162 -3.954 -4.466 -0.504 -2.43 -3.626 -4.185 -4.519 -2.672 -3.664 -4.213 -4.493 -4.68 -3.659 -3.053 -3.91 -4.799 -4.764 -4.543 -3.678
