web/models/kne/23/villar_0.5000_0.3903_1.0000.dat
# %ECSV 1.0
# ---
# datatype:
# - {name: time, datatype: float64}
# - {name: swift_uvot_uvw2, datatype: float64}
# - {name: swift_uvot_uvm2, datatype: float64}
# - {name: swift_uvot_uvw1, datatype: float64}
# - {name: swift_uvot_U, datatype: float64}
# - {name: swift_uvot_B, datatype: float64}
# - {name: swift_uvot_V, datatype: float64}
# - {name: swift_uvot_W, datatype: float64}
# - {name: johnson_U, datatype: float64}
# - {name: johnson_B, datatype: float64}
# - {name: johnson_V, datatype: float64}
# - {name: johnson_R, datatype: float64}
# - {name: johnson_I, datatype: float64}
# - {name: sdss_u, datatype: float64}
# - {name: sdss_g, datatype: float64}
# - {name: sdss_r, datatype: float64}
# - {name: sdss_i, datatype: float64}
# - {name: sdss_z, datatype: float64}
# - {name: PS1_g, datatype: float64}
# - {name: PS1_r, datatype: float64}
# - {name: PS1_i, datatype: float64}
# - {name: PS1_z, datatype: float64}
# - {name: PS1_Y, datatype: float64}
# - {name: PS1_w, datatype: float64}
# - {name: ATLAS_c, datatype: float64}
# - {name: ATLAS_o, datatype: float64}
# - {name: ukirt_J, datatype: float64}
# - {name: ukirt_H, datatype: float64}
# - {name: ukirt_K, datatype: float64}
# - {name: Clear, datatype: float64}
# meta: !!omap
# - comment: [kappa = 1.0, type = villar, mass = 0.5000000000045836, velocity = 0.3903333333333333, theta_obs = 0.0]
# schema: astropy-2.0
time swift_uvot_uvw2 swift_uvot_uvm2 swift_uvot_uvw1 swift_uvot_U swift_uvot_B swift_uvot_V swift_uvot_W johnson_U johnson_B johnson_V johnson_R johnson_I sdss_u sdss_g sdss_r sdss_i sdss_z PS1_g PS1_r PS1_i PS1_z PS1_Y PS1_w ATLAS_c ATLAS_o ukirt_J ukirt_H ukirt_K Clear
[from data line 143]
0.070868 -14.178 -14.263 -14.302 -14.303 -14.149 -13.918 -14.208 -14.285 -14.145 -13.909 -13.623 -13.265 -14.29 -14.078 -13.758 -13.486 -13.212 -14.064 -13.774 -13.503 -13.304 -13.229 -13.782 -13.954 -13.645 -12.63 -12.134 -11.545 -13.825
0.073012 -14.2 -14.289 -14.333 -14.341 -14.191 -13.963 -14.24 -14.323 -14.187 -13.954 -13.67 -13.314 -14.329 -14.121 -13.804 -13.534 -13.261 -14.107 -13.82 -13.551 -13.352 -13.277 -13.827 -13.999 -13.692 -12.681 -12.185 -11.597 -13.87
0.07522 -14.222 -14.315 -14.362 -14.379 -14.232 -14.008 -14.273 -14.362 -14.229 -13.999 -13.717 -13.362 -14.367 -14.164 -13.85 -13.582 -13.31 -14.15 -13.866 -13.598 -13.4 -13.324 -13.873 -14.043 -13.738 -12.731 -12.237 -11.649 -13.915
0.077495 -14.244 -14.341 -14.392 -14.416 -14.274 -14.052 -14.305 -14.4 -14.271 -14.044 -13.764 -13.411 -14.405 -14.206 -13.896 -13.629 -13.359 -14.193 -13.911 -13.646 -13.448 -13.372 -13.918 -14.087 -13.785 -12.782 -12.289 -11.702 -13.959
0.079839 -14.265 -14.366 -14.421 -14.453 -14.315 -14.097 -14.337 -14.438 -14.312 -14.088 -13.81 -13.459 -14.443 -14.249 -13.942 -13.677 -13.407 -14.235 -13.957 -13.693 -13.496 -13.419 -13.963 -14.13 -13.831 -12.832 -12.34 -11.754 -14.004
0.082253 -14.285 -14.391 -14.45 -14.49 -14.356 -14.141 -14.368 -14.476 -14.353 -14.133 -13.857 -13.508 -14.481 -14.291 -13.988 -13.724 -13.456 -14.278 -14.002 -13.74 -13.544 -13.467 -14.008 -14.174 -13.878 -12.883 -12.391 -11.806 -14.048
0.084741 -14.306 -14.416 -14.479 -14.527 -14.398 -14.185 -14.4 -14.513 -14.394 -14.177 -13.903 -13.556 -14.518 -14.333 -14.033 -13.772 -13.505 -14.32 -14.048 -13.787 -13.592 -13.514 -14.053 -14.218 -13.924 -12.933 -12.443 -11.858 -14.092
0.087304 -14.326 -14.44 -14.507 -14.564 -14.438 -14.229 -14.431 -14.551 -14.435 -14.221 -13.95 -13.604 -14.556 -14.375 -14.079 -13.819 -13.553 -14.362 -14.093 -13.834 -13.64 -13.561 -14.097 -14.261 -13.97 -12.984 -12.494 -11.911 -14.136
0.089944 -14.345 -14.464 -14.535 -14.6 -14.479 -14.273 -14.462 -14.588 -14.476 -14.265 -13.996 -13.652 -14.593 -14.417 -14.124 -13.866 -13.602 -14.405 -14.138 -13.881 -13.687 -13.609 -14.142 -14.304 -14.016 -13.034 -12.545 -11.963 -14.18
0.092665 -14.364 -14.488 -14.563 -14.636 -14.52 -14.317 -14.493 -14.625 -14.516 -14.309 -14.042 -13.7 -14.629 -14.458 -14.169 -13.913 -13.65 -14.446 -14.183 -13.928 -13.735 -13.656 -14.186 -14.347 -14.062 -13.084 -12.597 -12.015 -14.224
0.095467 -14.383 -14.511 -14.59 -14.672 -14.56 -14.361 -14.523 -14.661 -14.557 -14.352 -14.088 -13.748 -14.666 -14.5 -14.215 -13.96 -13.698 -14.488 -14.228 -13.974 -13.782 -13.703 -14.231 -14.39 -14.108 -13.134 -12.648 -12.067 -14.268
0.098355 -14.401 -14.533 -14.617 -14.708 -14.6 -14.404 -14.554 -14.698 -14.597 -14.396 -14.134 -13.796 -14.702 -14.541 -14.259 -14.007 -13.746 -14.53 -14.273 -14.021 -13.83 -13.75 -14.275 -14.433 -14.154 -13.185 -12.699 -12.119 -14.311
0.101329 -14.419 -14.556 -14.644 -14.743 -14.64 -14.447 -14.584 -14.734 -14.637 -14.439 -14.18 -13.844 -14.738 -14.582 -14.304 -14.054 -13.795 -14.571 -14.317 -14.067 -13.877 -13.797 -14.319 -14.476 -14.199 -13.235 -12.75 -12.171 -14.354
0.104394 -14.437 -14.577 -14.67 -14.778 -14.68 -14.491 -14.614 -14.77 -14.677 -14.483 -14.225 -13.892 -14.774 -14.623 -14.349 -14.1 -13.843 -14.613 -14.362 -14.114 -13.925 -13.844 -14.363 -14.518 -14.245 -13.285 -12.801 -12.223 -14.398
0.107551 -14.454 -14.599 -14.696 -14.813 -14.719 -14.534 -14.643 -14.806 -14.716 -14.526 -14.271 -13.94 -14.81 -14.664 -14.394 -14.147 -13.891 -14.654 -14.406 -14.16 -13.972 -13.891 -14.407 -14.561 -14.29 -13.335 -12.852 -12.275 -14.441
0.110804 -14.47 -14.62 -14.722 -14.848 -14.759 -14.577 -14.672 -14.841 -14.755 -14.569 -14.316 -13.987 -14.845 -14.705 -14.438 -14.193 -13.938 -14.695 -14.451 -14.206 -14.019 -13.938 -14.45 -14.603 -14.336 -13.384 -12.903 -12.327 -14.484
0.114155 -14.486 -14.641 -14.747 -14.882 -14.798 -14.619 -14.701 -14.876 -14.795 -14.611 -14.361 -14.035 -14.88 -14.745 -14.482 -14.239 -13.986 -14.735 -14.495 -14.252 -14.066 -13.985 -14.494 -14.645 -14.381 -13.434 -12.954 -12.379 -14.527
0.117608 -14.502 -14.661 -14.772 -14.916 -14.837 -14.662 -14.73 -14.911 -14.834 -14.654 -14.407 -14.082 -14.915 -14.785 -14.527 -14.286 -14.034 -14.776 -14.539 -14.298 -14.113 -14.031 -14.537 -14.687 -14.426 -13.484 -13.005 -12.43 -14.569
0.121165 -14.517 -14.68 -14.796 -14.95 -14.875 -14.704 -14.759 -14.946 -14.872 -14.697 -14.452 -14.129 -14.949 -14.825 -14.571 -14.332 -14.081 -14.816 -14.583 -14.344 -14.16 -14.078 -14.581 -14.728 -14.471 -13.534 -13.056 -12.482 -14.612
0.124829 -14.532 -14.7 -14.821 -14.984 -14.914 -14.747 -14.787 -14.98 -14.911 -14.739 -14.497 -14.176 -14.984 -14.865 -14.615 -14.378 -14.129 -14.857 -14.626 -14.39 -14.207 -14.125 -14.624 -14.77 -14.515 -13.583 -13.107 -12.534 -14.654
0.128605 -14.546 -14.718 -14.844 -15.017 -14.952 -14.789 -14.815 -15.015 -14.949 -14.781 -14.541 -14.223 -15.018 -14.905 -14.658 -14.424 -14.176 -14.897 -14.67 -14.436 -14.253 -14.171 -14.667 -14.811 -14.56 -13.633 -13.158 -12.586 -14.696
0.132494 -14.56 -14.737 -14.868 -15.05 -14.99 -14.831 -14.843 -15.048 -14.987 -14.823 -14.586 -14.27 -15.051 -14.944 -14.702 -14.47 -14.224 -14.937 -14.714 -14.481 -14.3 -14.218 -14.709 -14.852 -14.604 -13.682 -13.208 -12.637 -14.738
0.136502 -14.574 -14.755 -14.891 -15.083 -15.028 -14.872 -14.871 -15.082 -15.025 -14.865 -14.631 -14.317 -15.085 -14.983 -14.746 -14.515 -14.271 -14.976 -14.757 -14.527 -14.346 -14.264 -14.752 -14.893 -14.649 -13.732 -13.259 -12.689 -14.78
0.14063 -14.586 -14.772 -14.913 -15.115 -15.066 -14.914 -14.898 -15.115 -15.063 -14.907 -14.675 -14.364 -15.118 -15.022 -14.789 -14.561 -14.318 -15.016 -14.8 -14.572 -14.393 -14.311 -14.795 -14.934 -14.693 -13.781 -13.309 -12.74 -14.822
0.144883 -14.599 -14.789 -14.936 -15.147 -15.104 -14.956 -14.925 -15.148 -15.101 -14.948 -14.719 -14.411 -15.151 -15.061 -14.832 -14.606 -14.365 -15.055 -14.843 -14.617 -14.439 -14.357 -14.837 -14.975 -14.737 -13.831 -13.36 -12.792 -14.864
0.149265 -14.611 -14.806 -14.958 -15.179 -15.141 -14.997 -14.952 -15.181 -15.138 -14.989 -14.763 -14.457 -15.184 -15.1 -14.875 -14.652 -14.412 -15.094 -14.886 -14.663 -14.486 -14.403 -14.879 -15.015 -14.781 -13.88 -13.41 -12.843 -14.905
0.15378 -14.622 -14.822 -14.979 -15.211 -15.178 -15.038 -14.979 -15.214 -15.175 -15.031 -14.807 -14.504 -15.216 -15.138 -14.918 -14.697 -14.459 -15.133 -14.929 -14.708 -14.532 -14.449 -14.921 -15.056 -14.825 -13.929 -13.461 -12.895 -14.946
0.15843 -14.633 -14.837 -15.0 -15.242 -15.214 -15.079 -15.005 -15.246 -15.212 -15.072 -14.851 -14.55 -15.248 -15.177 -14.961 -14.742 -14.506 -15.172 -14.971 -14.752 -14.578 -14.496 -14.963 -15.096 -14.869 -13.978 -13.511 -12.946 -14.987
0.163222 -14.644 -14.852 -15.021 -15.273 -15.251 -15.12 -15.031 -15.278 -15.248 -15.112 -14.895 -14.597 -15.28 -15.215 -15.003 -14.787 -14.552 -15.21 -15.014 -14.797 -14.624 -14.542 -15.005 -15.136 -14.912 -14.027 -13.562 -12.998 -15.028
0.168159 -14.654 -14.867 -15.041 -15.303 -15.287 -15.16 -15.057 -15.309 -15.285 -15.153 -14.939 -14.643 -15.311 -15.252 -15.046 -14.832 -14.599 -15.248 -15.056 -14.842 -14.67 -14.588 -15.046 -15.175 -14.956 -14.076 -13.612 -13.049 -15.069
0.173245 -14.663 -14.881 -15.061 -15.334 -15.323 -15.2 -15.082 -15.341 -15.321 -15.193 -14.982 -14.689 -15.342 -15.29 -15.088 -14.876 -14.645 -15.286 -15.098 -14.886 -14.715 -14.633 -15.088 -15.215 -14.999 -14.125 -13.662 -13.1 -15.11
0.178484 -14.672 -14.894 -15.08 -15.364 -15.359 -15.241 -15.107 -15.372 -15.356 -15.234 -15.025 -14.735 -15.373 -15.327 -15.13 -14.921 -14.691 -15.324 -15.14 -14.931 -14.761 -14.679 -15.129 -15.254 -15.042 -14.174 -13.712 -13.152 -15.15
0.183882 -14.68 -14.907 -15.099 -15.393 -15.395 -15.281 -15.132 -15.402 -15.392 -15.274 -15.068 -14.781 -15.403 -15.364 -15.172 -14.965 -14.738 -15.362 -15.182 -14.975 -14.807 -14.725 -15.17 -15.293 -15.085 -14.222 -13.762 -13.203 -15.19
0.189444 -14.688 -14.919 -15.117 -15.422 -15.43 -15.32 -15.157 -15.433 -15.427 -15.314 -15.111 -14.826 -15.433 -15.401 -15.214 -15.009 -14.784 -15.399 -15.224 -15.019 -14.852 -14.771 -15.211 -15.332 -15.128 -14.271 -13.812 -13.254 -15.23
0.195173 -14.695 -14.931 -15.135 -15.451 -15.465 -15.36 -15.181 -15.463 -15.462 -15.353 -15.154 -14.872 -15.463 -15.438 -15.256 -15.054 -14.83 -15.436 -15.265 -15.063 -14.897 -14.816 -15.252 -15.371 -15.17 -14.32 -13.862 -13.305 -15.27
0.201076 -14.702 -14.942 -15.153 -15.48 -15.5 -15.399 -15.205 -15.492 -15.497 -15.393 -15.197 -14.917 -15.493 -15.474 -15.297 -15.098 -14.876 -15.473 -15.307 -15.107 -14.943 -14.862 -15.292 -15.409 -15.213 -14.368 -13.912 -13.356 -15.31
0.207158 -14.708 -14.953 -15.17 -15.508 -15.534 -15.438 -15.229 -15.522 -15.532 -15.432 -15.239 -14.963 -15.522 -15.51 -15.338 -15.142 -14.921 -15.51 -15.348 -15.151 -14.988 -14.907 -15.333 -15.448 -15.255 -14.417 -13.962 -13.407 -15.349
0.213423 -14.714 -14.963 -15.187 -15.536 -15.568 -15.477 -15.253 -15.55 -15.566 -15.471 -15.282 -15.008 -15.551 -15.546 -15.379 -15.185 -14.967 -15.546 -15.389 -15.194 -15.033 -14.952 -15.373 -15.486 -15.297 -14.465 -14.012 -13.458 -15.389
0.219878 -14.719 -14.973 -15.203 -15.564 -15.602 -15.516 -15.276 -15.579 -15.6 -15.51 -15.324 -15.053 -15.579 -15.582 -15.42 -15.229 -15.012 -15.583 -15.429 -15.238 -15.078 -14.998 -15.413 -15.524 -15.339 -14.513 -14.061 -13.509 -15.428
0.226528 -14.723 -14.982 -15.219 -15.591 -15.636 -15.555 -15.299 -15.607 -15.634 -15.548 -15.366 -15.098 -15.607 -15.617 -15.461 -15.272 -15.058 -15.619 -15.47 -15.281 -15.122 -15.043 -15.452 -15.561 -15.381 -14.561 -14.111 -13.56 -15.467
0.233379 -14.727 -14.99 -15.234 -15.617 -15.669 -15.593 -15.321 -15.635 -15.667 -15.587 -15.408 -15.143 -15.635 -15.652 -15.501 -15.315 -15.103 -15.654 -15.51 -15.324 -15.167 -15.088 -15.492 -15.599 -15.423 -14.609 -14.161 -13.611 -15.505
0.240437 -14.731 -14.998 -15.249 -15.644 -15.702 -15.631 -15.344 -15.663 -15.7 -15.625 -15.45 -15.187 -15.662 -15.687 -15.542 -15.359 -15.148 -15.69 -15.551 -15.367 -15.211 -15.133 -15.531 -15.636 -15.464 -14.657 -14.21 -13.661 -15.544
0.247709 -14.733 -15.005 -15.263 -15.67 -15.735 -15.669 -15.366 -15.69 -15.733 -15.663 -15.491 -15.232 -15.689 -15.721 -15.582 -15.402 -15.193 -15.725 -15.591 -15.41 -15.256 -15.177 -15.571 -15.673 -15.505 -14.705 -14.26 -13.712 -15.582
0.255201 -14.735 -15.012 -15.276 -15.695 -15.767 -15.706 -15.388 -15.717 -15.765 -15.701 -15.532 -15.276 -15.715 -15.756 -15.622 -15.444 -15.238 -15.76 -15.63 -15.453 -15.3 -15.222 -15.61 -15.709 -15.546 -14.753 -14.309 -13.763 -15.62
0.262919 -14.737 -15.018 -15.29 -15.721 -15.8 -15.744 -15.409 -15.743 -15.797 -15.738 -15.573 -15.321 -15.742 -15.79 -15.661 -15.487 -15.283 -15.795 -15.67 -15.495 -15.344 -15.267 -15.648 -15.746 -15.587 -14.801 -14.358 -13.813 -15.658
0.270871 -14.738 -15.023 -15.302 -15.745 -15.831 -15.781 -15.43 -15.769 -15.829 -15.775 -15.614 -15.365 -15.767 -15.823 -15.701 -15.529 -15.327 -15.829 -15.709 -15.538 -15.388 -15.311 -15.687 -15.782 -15.628 -14.848 -14.407 -13.864 -15.696
0.279064 -14.738 -15.028 -15.314 -15.77 -15.863 -15.818 -15.451 -15.795 -15.861 -15.812 -15.655 -15.409 -15.793 -15.857 -15.74 -15.572 -15.372 -15.863 -15.749 -15.58 -15.432 -15.355 -15.725 -15.818 -15.669 -14.896 -14.457 -13.914 -15.733
0.287504 -14.737 -15.032 -15.326 -15.794 -15.894 -15.854 -15.471 -15.82 -15.892 -15.849 -15.696 -15.453 -15.818 -15.89 -15.779 -15.614 -15.416 -15.897 -15.788 -15.622 -15.476 -15.4 -15.763 -15.854 -15.709 -14.943 -14.506 -13.965 -15.77
0.296199 -14.736 -15.035 -15.337 -15.817 -15.925 -15.891 -15.492 -15.845 -15.923 -15.885 -15.736 -15.496 -15.842 -15.923 -15.818 -15.656 -15.46 -15.93 -15.826 -15.664 -15.519 -15.444 -15.801 -15.889 -15.749 -14.991 -14.555 -14.015 -15.807
0.305157 -14.735 -15.038 -15.348 -15.84 -15.955 -15.927 -15.512 -15.869 -15.954 -15.922 -15.776 -15.54 -15.866 -15.955 -15.857 -15.698 -15.504 -15.964 -15.865 -15.706 -15.563 -15.488 -15.839 -15.924 -15.789 -15.038 -14.604 -14.065 -15.844
0.314387 -14.732 -15.039 -15.357 -15.863 -15.986 -15.963 -15.531 -15.893 -15.984 -15.958 -15.816 -15.583 -15.89 -15.987 -15.895 -15.739 -15.548 -15.997 -15.903 -15.747 -15.606 -15.532 -15.876 -15.959 -15.829 -15.085 -14.652 -14.116 -15.881
0.323895 -14.729 -15.041 -15.367 -15.885 -16.015 -15.998 -15.55 -15.917 -16.014 -15.993 -15.856 -15.627 -15.913 -16.019 -15.933 -15.781 -15.592 -16.029 -15.941 -15.788 -15.649 -15.576 -15.914 -15.993 -15.868 -15.132 -14.701 -14.166 -15.917
0.333691 -14.726 -15.041 -15.376 -15.907 -16.045 -16.034 -15.569 -15.94 -16.043 -16.029 -15.896 -15.67 -15.936 -16.051 -15.971 -15.822 -15.635 -16.062 -15.979 -15.83 -15.692 -15.619 -15.95 -16.028 -15.907 -15.179 -14.75 -14.216 -15.953
0.343783 -14.721 -15.041 -15.384 -15.928 -16.074 -16.069 -15.588 -15.962 -16.072 -16.064 -15.935 -15.713 -15.958 -16.082 -16.009 -15.863 -15.679 -16.094 -16.017 -15.871 -15.735 -15.663 -15.987 -16.062 -15.947 -15.226 -14.798 -14.266 -15.989
0.354181 -14.716 -15.04 -15.391 -15.949 -16.103 -16.103 -15.606 -15.985 -16.101 -16.099 -15.974 -15.755 -15.98 -16.113 -16.046 -15.904 -15.722 -16.125 -16.054 -15.911 -15.777 -15.706 -16.024 -16.095 -15.985 -15.272 -14.847 -14.316 -16.024
0.364893 -14.71 -15.038 -15.398 -15.969 -16.131 -16.138 -15.624 -16.006 -16.13 -16.133 -16.013 -15.798 -16.001 -16.143 -16.083 -15.944 -15.765 -16.157 -16.091 -15.952 -15.82 -15.749 -16.06 -16.129 -16.024 -15.319 -14.895 -14.366 -16.06
0.375929 -14.704 -15.036 -15.405 -15.989 -16.159 -16.172 -15.641 -16.027 -16.158 -16.167 -16.052 -15.84 -16.022 -16.174 -16.12 -15.985 -15.808 -16.188 -16.128 -15.992 -15.862 -15.792 -16.096 -16.162 -16.062 -15.365 -14.944 -14.416 -16.095
0.387298 -14.697 -15.033 -15.41 -16.008 -16.187 -16.206 -15.658 -16.048 -16.185 -16.201 -16.09 -15.882 -16.043 -16.203 -16.157 -16.025 -15.851 -16.218 -16.165 -16.032 -15.904 -15.835 -16.132 -16.195 -16.1 -15.411 -14.992 -14.465 -16.129
0.399012 -14.689 -15.029 -15.415 -16.027 -16.214 -16.239 -15.675 -16.068 -16.213 -16.235 -16.128 -15.924 -16.063 -16.233 -16.193 -16.065 -15.893 -16.249 -16.201 -16.072 -15.946 -15.878 -16.167 -16.227 -16.138 -15.458 -15.04 -14.515 -16.164
0.41108 -14.68 -15.024 -15.42 -16.045 -16.24 -16.272 -15.692 -16.088 -16.239 -16.268 -16.166 -15.966 -16.082 -16.262 -16.229 -16.105 -15.936 -16.279 -16.237 -16.112 -15.988 -15.921 -16.202 -16.259 -16.176 -15.504 -15.088 -14.565 -16.198
0.423513 -14.671 -15.018 -15.423 -16.063 -16.267 -16.305 -15.708 -16.107 -16.266 -16.301 -16.204 -16.008 -16.101 -16.291 -16.265 -16.144 -15.978 -16.308 -16.273 -16.152 -16.03 -15.963 -16.237 -16.291 -16.213 -15.55 -15.136 -14.614 -16.232
0.436321 -14.661 -15.012 -15.427 -16.08 -16.293 -16.338 -15.723 -16.126 -16.292 -16.334 -16.241 -16.049 -16.119 -16.319 -16.301 -16.183 -16.02 -16.337 -16.309 -16.191 -16.071 -16.006 -16.272 -16.323 -16.251 -15.595 -15.184 -14.664 -16.266
0.449518 -14.65 -15.004 -15.429 -16.096 -16.318 -16.37 -15.739 -16.144 -16.317 -16.366 -16.278 -16.091 -16.137 -16.347 -16.336 -16.222 -16.062 -16.366 -16.344 -16.23 -16.112 -16.048 -16.306 -16.354 -16.287 -15.641 -15.231 -14.713 -16.299
0.463113 -14.638 -14.996 -15.431 -16.113 -16.343 -16.402 -15.754 -16.162 -16.343 -16.398 -16.315 -16.132 -16.154 -16.374 -16.371 -16.261 -16.103 -16.395 -16.379 -16.269 -16.153 -16.09 -16.34 -16.385 -16.324 -15.687 -15.279 -14.762 -16.332
0.47712 -14.625 -14.987 -15.432 -16.128 -16.368 -16.433 -15.768 -16.179 -16.367 -16.43 -16.352 -16.173 -16.171 -16.402 -16.406 -16.3 -16.145 -16.423 -16.413 -16.307 -16.194 -16.132 -16.374 -16.415 -16.36 -15.732 -15.327 -14.812 -16.365
0.49155 -14.612 -14.977 -15.432 -16.143 -16.392 -16.465 -15.782 -16.195 -16.392 -16.462 -16.388 -16.213 -16.187 -16.428 -16.44 -16.338 -16.186 -16.45 -16.448 -16.346 -16.235 -16.173 -16.407 -16.445 -16.397 -15.777 -15.374 -14.861 -16.398
0.506416 -14.598 -14.966 -15.431 -16.157 -16.416 -16.495 -15.796 -16.211 -16.415 -16.492 -16.424 -16.254 -16.203 -16.454 -16.474 -16.376 -16.227 -16.478 -16.482 -16.384 -16.275 -16.215 -16.44 -16.475 -16.432 -15.822 -15.421 -14.91 -16.43
