web/models/linear/69/-18_245_0_030.dat
# %ECSV 1.0
# ---
# datatype:
# - {name: time, datatype: float64}
# - {name: swift_uvot_uvw2, datatype: float64}
# - {name: swift_uvot_uvm2, datatype: float64}
# - {name: swift_uvot_uvw1, datatype: float64}
# - {name: swift_uvot_U, datatype: float64}
# - {name: swift_uvot_B, datatype: float64}
# - {name: swift_uvot_V, datatype: float64}
# - {name: swift_uvot_W, datatype: float64}
# - {name: johnson_U, datatype: float64}
# - {name: johnson_B, datatype: float64}
# - {name: johnson_V, datatype: float64}
# - {name: johnson_R, datatype: float64}
# - {name: johnson_I, datatype: float64}
# - {name: sdss_u, datatype: float64}
# - {name: sdss_g, datatype: float64}
# - {name: sdss_r, datatype: float64}
# - {name: sdss_i, datatype: float64}
# - {name: sdss_z, datatype: float64}
# - {name: PS1_g, datatype: float64}
# - {name: PS1_r, datatype: float64}
# - {name: PS1_i, datatype: float64}
# - {name: PS1_z, datatype: float64}
# - {name: PS1_Y, datatype: float64}
# - {name: PS1_w, datatype: float64}
# - {name: ATLAS_c, datatype: float64}
# - {name: ATLAS_o, datatype: float64}
# - {name: ukirt_J, datatype: float64}
# - {name: ukirt_H, datatype: float64}
# - {name: ukirt_K, datatype: float64}
# - {name: Clear, datatype: float64}
# meta: !!omap
# - comment: [M=-18.244897959183675, dM=0.030345556064724315]
# schema: astropy-2.0
time swift_uvot_uvw2 swift_uvot_uvm2 swift_uvot_uvw1 swift_uvot_U swift_uvot_B swift_uvot_V swift_uvot_W johnson_U johnson_B johnson_V johnson_R johnson_I sdss_u sdss_g sdss_r sdss_i sdss_z PS1_g PS1_r PS1_i PS1_z PS1_Y PS1_w ATLAS_c ATLAS_o ukirt_J ukirt_H ukirt_K Clear
[from data line 82]
6.180904522613065 -18.057334974462012 -18.057334974462012 -18.057334974462012 -18.057334974462012 -18.057334974462012 -18.057334974462012 -18.057334974462012 -18.057334974462012 -18.057334974462012 -18.057334974462012 -18.057334974462012 -18.057334974462012 -18.057334974462012 -18.057334974462012 -18.057334974462012 -18.057334974462012 -18.057334974462012 -18.057334974462012 -18.057334974462012 -18.057334974462012 -18.057334974462012 -18.057334974462012 -18.057334974462012 -18.057334974462012 -18.057334974462012 -18.057334974462012 -18.057334974462012 -18.057334974462012 -18.057334974462012
6.256281407035175 -18.055047620989797 -18.055047620989797 -18.055047620989797 -18.055047620989797 -18.055047620989797 -18.055047620989797 -18.055047620989797 -18.055047620989797 -18.055047620989797 -18.055047620989797 -18.055047620989797 -18.055047620989797 -18.055047620989797 -18.055047620989797 -18.055047620989797 -18.055047620989797 -18.055047620989797 -18.055047620989797 -18.055047620989797 -18.055047620989797 -18.055047620989797 -18.055047620989797 -18.055047620989797 -18.055047620989797 -18.055047620989797 -18.055047620989797 -18.055047620989797 -18.055047620989797 -18.055047620989797
6.331658291457286 -18.05276026751758 -18.05276026751758 -18.05276026751758 -18.05276026751758 -18.05276026751758 -18.05276026751758 -18.05276026751758 -18.05276026751758 -18.05276026751758 -18.05276026751758 -18.05276026751758 -18.05276026751758 -18.05276026751758 -18.05276026751758 -18.05276026751758 -18.05276026751758 -18.05276026751758 -18.05276026751758 -18.05276026751758 -18.05276026751758 -18.05276026751758 -18.05276026751758 -18.05276026751758 -18.05276026751758 -18.05276026751758 -18.05276026751758 -18.05276026751758 -18.05276026751758 -18.05276026751758
6.407035175879397 -18.050472914045365 -18.050472914045365 -18.050472914045365 -18.050472914045365 -18.050472914045365 -18.050472914045365 -18.050472914045365 -18.050472914045365 -18.050472914045365 -18.050472914045365 -18.050472914045365 -18.050472914045365 -18.050472914045365 -18.050472914045365 -18.050472914045365 -18.050472914045365 -18.050472914045365 -18.050472914045365 -18.050472914045365 -18.050472914045365 -18.050472914045365 -18.050472914045365 -18.050472914045365 -18.050472914045365 -18.050472914045365 -18.050472914045365 -18.050472914045365 -18.050472914045365 -18.050472914045365
6.482412060301507 -18.04818556057315 -18.04818556057315 -18.04818556057315 -18.04818556057315 -18.04818556057315 -18.04818556057315 -18.04818556057315 -18.04818556057315 -18.04818556057315 -18.04818556057315 -18.04818556057315 -18.04818556057315 -18.04818556057315 -18.04818556057315 -18.04818556057315 -18.04818556057315 -18.04818556057315 -18.04818556057315 -18.04818556057315 -18.04818556057315 -18.04818556057315 -18.04818556057315 -18.04818556057315 -18.04818556057315 -18.04818556057315 -18.04818556057315 -18.04818556057315 -18.04818556057315 -18.04818556057315
6.557788944723617 -18.045898207100933 -18.045898207100933 -18.045898207100933 -18.045898207100933 -18.045898207100933 -18.045898207100933 -18.045898207100933 -18.045898207100933 -18.045898207100933 -18.045898207100933 -18.045898207100933 -18.045898207100933 -18.045898207100933 -18.045898207100933 -18.045898207100933 -18.045898207100933 -18.045898207100933 -18.045898207100933 -18.045898207100933 -18.045898207100933 -18.045898207100933 -18.045898207100933 -18.045898207100933 -18.045898207100933 -18.045898207100933 -18.045898207100933 -18.045898207100933 -18.045898207100933 -18.045898207100933
6.633165829145728 -18.04361085362872 -18.04361085362872 -18.04361085362872 -18.04361085362872 -18.04361085362872 -18.04361085362872 -18.04361085362872 -18.04361085362872 -18.04361085362872 -18.04361085362872 -18.04361085362872 -18.04361085362872 -18.04361085362872 -18.04361085362872 -18.04361085362872 -18.04361085362872 -18.04361085362872 -18.04361085362872 -18.04361085362872 -18.04361085362872 -18.04361085362872 -18.04361085362872 -18.04361085362872 -18.04361085362872 -18.04361085362872 -18.04361085362872 -18.04361085362872 -18.04361085362872 -18.04361085362872
6.708542713567839 -18.041323500156505 -18.041323500156505 -18.041323500156505 -18.041323500156505 -18.041323500156505 -18.041323500156505 -18.041323500156505 -18.041323500156505 -18.041323500156505 -18.041323500156505 -18.041323500156505 -18.041323500156505 -18.041323500156505 -18.041323500156505 -18.041323500156505 -18.041323500156505 -18.041323500156505 -18.041323500156505 -18.041323500156505 -18.041323500156505 -18.041323500156505 -18.041323500156505 -18.041323500156505 -18.041323500156505 -18.041323500156505 -18.041323500156505 -18.041323500156505 -18.041323500156505 -18.041323500156505
6.783919597989949 -18.03903614668429 -18.03903614668429 -18.03903614668429 -18.03903614668429 -18.03903614668429 -18.03903614668429 -18.03903614668429 -18.03903614668429 -18.03903614668429 -18.03903614668429 -18.03903614668429 -18.03903614668429 -18.03903614668429 -18.03903614668429 -18.03903614668429 -18.03903614668429 -18.03903614668429 -18.03903614668429 -18.03903614668429 -18.03903614668429 -18.03903614668429 -18.03903614668429 -18.03903614668429 -18.03903614668429 -18.03903614668429 -18.03903614668429 -18.03903614668429 -18.03903614668429 -18.03903614668429
6.859296482412059 -18.036748793212073 -18.036748793212073 -18.036748793212073 -18.036748793212073 -18.036748793212073 -18.036748793212073 -18.036748793212073 -18.036748793212073 -18.036748793212073 -18.036748793212073 -18.036748793212073 -18.036748793212073 -18.036748793212073 -18.036748793212073 -18.036748793212073 -18.036748793212073 -18.036748793212073 -18.036748793212073 -18.036748793212073 -18.036748793212073 -18.036748793212073 -18.036748793212073 -18.036748793212073 -18.036748793212073 -18.036748793212073 -18.036748793212073 -18.036748793212073 -18.036748793212073 -18.036748793212073
6.93467336683417 -18.034461439739857 -18.034461439739857 -18.034461439739857 -18.034461439739857 -18.034461439739857 -18.034461439739857 -18.034461439739857 -18.034461439739857 -18.034461439739857 -18.034461439739857 -18.034461439739857 -18.034461439739857 -18.034461439739857 -18.034461439739857 -18.034461439739857 -18.034461439739857 -18.034461439739857 -18.034461439739857 -18.034461439739857 -18.034461439739857 -18.034461439739857 -18.034461439739857 -18.034461439739857 -18.034461439739857 -18.034461439739857 -18.034461439739857 -18.034461439739857 -18.034461439739857 -18.034461439739857
7.010050251256281 -18.03217408626764 -18.03217408626764 -18.03217408626764 -18.03217408626764 -18.03217408626764 -18.03217408626764 -18.03217408626764 -18.03217408626764 -18.03217408626764 -18.03217408626764 -18.03217408626764 -18.03217408626764 -18.03217408626764 -18.03217408626764 -18.03217408626764 -18.03217408626764 -18.03217408626764 -18.03217408626764 -18.03217408626764 -18.03217408626764 -18.03217408626764 -18.03217408626764 -18.03217408626764 -18.03217408626764 -18.03217408626764 -18.03217408626764 -18.03217408626764 -18.03217408626764 -18.03217408626764
7.085427135678391 -18.029886732795426 -18.029886732795426 -18.029886732795426 -18.029886732795426 -18.029886732795426 -18.029886732795426 -18.029886732795426 -18.029886732795426 -18.029886732795426 -18.029886732795426 -18.029886732795426 -18.029886732795426 -18.029886732795426 -18.029886732795426 -18.029886732795426 -18.029886732795426 -18.029886732795426 -18.029886732795426 -18.029886732795426 -18.029886732795426 -18.029886732795426 -18.029886732795426 -18.029886732795426 -18.029886732795426 -18.029886732795426 -18.029886732795426 -18.029886732795426 -18.029886732795426 -18.029886732795426
7.160804020100501 -18.027599379323213 -18.027599379323213 -18.027599379323213 -18.027599379323213 -18.027599379323213 -18.027599379323213 -18.027599379323213 -18.027599379323213 -18.027599379323213 -18.027599379323213 -18.027599379323213 -18.027599379323213 -18.027599379323213 -18.027599379323213 -18.027599379323213 -18.027599379323213 -18.027599379323213 -18.027599379323213 -18.027599379323213 -18.027599379323213 -18.027599379323213 -18.027599379323213 -18.027599379323213 -18.027599379323213 -18.027599379323213 -18.027599379323213 -18.027599379323213 -18.027599379323213 -18.027599379323213
7.236180904522612 -18.025312025850997 -18.025312025850997 -18.025312025850997 -18.025312025850997 -18.025312025850997 -18.025312025850997 -18.025312025850997 -18.025312025850997 -18.025312025850997 -18.025312025850997 -18.025312025850997 -18.025312025850997 -18.025312025850997 -18.025312025850997 -18.025312025850997 -18.025312025850997 -18.025312025850997 -18.025312025850997 -18.025312025850997 -18.025312025850997 -18.025312025850997 -18.025312025850997 -18.025312025850997 -18.025312025850997 -18.025312025850997 -18.025312025850997 -18.025312025850997 -18.025312025850997 -18.025312025850997
7.311557788944723 -18.02302467237878 -18.02302467237878 -18.02302467237878 -18.02302467237878 -18.02302467237878 -18.02302467237878 -18.02302467237878 -18.02302467237878 -18.02302467237878 -18.02302467237878 -18.02302467237878 -18.02302467237878 -18.02302467237878 -18.02302467237878 -18.02302467237878 -18.02302467237878 -18.02302467237878 -18.02302467237878 -18.02302467237878 -18.02302467237878 -18.02302467237878 -18.02302467237878 -18.02302467237878 -18.02302467237878 -18.02302467237878 -18.02302467237878 -18.02302467237878 -18.02302467237878 -18.02302467237878
7.3869346733668335 -18.020737318906566 -18.020737318906566 -18.020737318906566 -18.020737318906566 -18.020737318906566 -18.020737318906566 -18.020737318906566 -18.020737318906566 -18.020737318906566 -18.020737318906566 -18.020737318906566 -18.020737318906566 -18.020737318906566 -18.020737318906566 -18.020737318906566 -18.020737318906566 -18.020737318906566 -18.020737318906566 -18.020737318906566 -18.020737318906566 -18.020737318906566 -18.020737318906566 -18.020737318906566 -18.020737318906566 -18.020737318906566 -18.020737318906566 -18.020737318906566 -18.020737318906566 -18.020737318906566
7.462311557788944 -18.01844996543435 -18.01844996543435 -18.01844996543435 -18.01844996543435 -18.01844996543435 -18.01844996543435 -18.01844996543435 -18.01844996543435 -18.01844996543435 -18.01844996543435 -18.01844996543435 -18.01844996543435 -18.01844996543435 -18.01844996543435 -18.01844996543435 -18.01844996543435 -18.01844996543435 -18.01844996543435 -18.01844996543435 -18.01844996543435 -18.01844996543435 -18.01844996543435 -18.01844996543435 -18.01844996543435 -18.01844996543435 -18.01844996543435 -18.01844996543435 -18.01844996543435 -18.01844996543435
7.537688442211055 -18.016162611962134 -18.016162611962134 -18.016162611962134 -18.016162611962134 -18.016162611962134 -18.016162611962134 -18.016162611962134 -18.016162611962134 -18.016162611962134 -18.016162611962134 -18.016162611962134 -18.016162611962134 -18.016162611962134 -18.016162611962134 -18.016162611962134 -18.016162611962134 -18.016162611962134 -18.016162611962134 -18.016162611962134 -18.016162611962134 -18.016162611962134 -18.016162611962134 -18.016162611962134 -18.016162611962134 -18.016162611962134 -18.016162611962134 -18.016162611962134 -18.016162611962134 -18.016162611962134
7.613065326633166 -18.013875258489918 -18.013875258489918 -18.013875258489918 -18.013875258489918 -18.013875258489918 -18.013875258489918 -18.013875258489918 -18.013875258489918 -18.013875258489918 -18.013875258489918 -18.013875258489918 -18.013875258489918 -18.013875258489918 -18.013875258489918 -18.013875258489918 -18.013875258489918 -18.013875258489918 -18.013875258489918 -18.013875258489918 -18.013875258489918 -18.013875258489918 -18.013875258489918 -18.013875258489918 -18.013875258489918 -18.013875258489918 -18.013875258489918 -18.013875258489918 -18.013875258489918 -18.013875258489918
7.688442211055276 -18.011587905017702 -18.011587905017702 -18.011587905017702 -18.011587905017702 -18.011587905017702 -18.011587905017702 -18.011587905017702 -18.011587905017702 -18.011587905017702 -18.011587905017702 -18.011587905017702 -18.011587905017702 -18.011587905017702 -18.011587905017702 -18.011587905017702 -18.011587905017702 -18.011587905017702 -18.011587905017702 -18.011587905017702 -18.011587905017702 -18.011587905017702 -18.011587905017702 -18.011587905017702 -18.011587905017702 -18.011587905017702 -18.011587905017702 -18.011587905017702 -18.011587905017702 -18.011587905017702
7.763819095477386 -18.00930055154549 -18.00930055154549 -18.00930055154549 -18.00930055154549 -18.00930055154549 -18.00930055154549 -18.00930055154549 -18.00930055154549 -18.00930055154549 -18.00930055154549 -18.00930055154549 -18.00930055154549 -18.00930055154549 -18.00930055154549 -18.00930055154549 -18.00930055154549 -18.00930055154549 -18.00930055154549 -18.00930055154549 -18.00930055154549 -18.00930055154549 -18.00930055154549 -18.00930055154549 -18.00930055154549 -18.00930055154549 -18.00930055154549 -18.00930055154549 -18.00930055154549 -18.00930055154549
7.839195979899497 -18.007013198073274 -18.007013198073274 -18.007013198073274 -18.007013198073274 -18.007013198073274 -18.007013198073274 -18.007013198073274 -18.007013198073274 -18.007013198073274 -18.007013198073274 -18.007013198073274 -18.007013198073274 -18.007013198073274 -18.007013198073274 -18.007013198073274 -18.007013198073274 -18.007013198073274 -18.007013198073274 -18.007013198073274 -18.007013198073274 -18.007013198073274 -18.007013198073274 -18.007013198073274 -18.007013198073274 -18.007013198073274 -18.007013198073274 -18.007013198073274 -18.007013198073274 -18.007013198073274
7.914572864321608 -18.004725844601058 -18.004725844601058 -18.004725844601058 -18.004725844601058 -18.004725844601058 -18.004725844601058 -18.004725844601058 -18.004725844601058 -18.004725844601058 -18.004725844601058 -18.004725844601058 -18.004725844601058 -18.004725844601058 -18.004725844601058 -18.004725844601058 -18.004725844601058 -18.004725844601058 -18.004725844601058 -18.004725844601058 -18.004725844601058 -18.004725844601058 -18.004725844601058 -18.004725844601058 -18.004725844601058 -18.004725844601058 -18.004725844601058 -18.004725844601058 -18.004725844601058 -18.004725844601058
7.989949748743718 -18.002438491128842 -18.002438491128842 -18.002438491128842 -18.002438491128842 -18.002438491128842 -18.002438491128842 -18.002438491128842 -18.002438491128842 -18.002438491128842 -18.002438491128842 -18.002438491128842 -18.002438491128842 -18.002438491128842 -18.002438491128842 -18.002438491128842 -18.002438491128842 -18.002438491128842 -18.002438491128842 -18.002438491128842 -18.002438491128842 -18.002438491128842 -18.002438491128842 -18.002438491128842 -18.002438491128842 -18.002438491128842 -18.002438491128842 -18.002438491128842 -18.002438491128842 -18.002438491128842
8.065326633165828 -18.000151137656626 -18.000151137656626 -18.000151137656626 -18.000151137656626 -18.000151137656626 -18.000151137656626 -18.000151137656626 -18.000151137656626 -18.000151137656626 -18.000151137656626 -18.000151137656626 -18.000151137656626 -18.000151137656626 -18.000151137656626 -18.000151137656626 -18.000151137656626 -18.000151137656626 -18.000151137656626 -18.000151137656626 -18.000151137656626 -18.000151137656626 -18.000151137656626 -18.000151137656626 -18.000151137656626 -18.000151137656626 -18.000151137656626 -18.000151137656626 -18.000151137656626 -18.000151137656626
