web/models/linear/69/-18_245_0_026.dat
# %ECSV 1.0
# ---
# datatype:
# - {name: time, datatype: float64}
# - {name: swift_uvot_uvw2, datatype: float64}
# - {name: swift_uvot_uvm2, datatype: float64}
# - {name: swift_uvot_uvw1, datatype: float64}
# - {name: swift_uvot_U, datatype: float64}
# - {name: swift_uvot_B, datatype: float64}
# - {name: swift_uvot_V, datatype: float64}
# - {name: swift_uvot_W, datatype: float64}
# - {name: johnson_U, datatype: float64}
# - {name: johnson_B, datatype: float64}
# - {name: johnson_V, datatype: float64}
# - {name: johnson_R, datatype: float64}
# - {name: johnson_I, datatype: float64}
# - {name: sdss_u, datatype: float64}
# - {name: sdss_g, datatype: float64}
# - {name: sdss_r, datatype: float64}
# - {name: sdss_i, datatype: float64}
# - {name: sdss_z, datatype: float64}
# - {name: PS1_g, datatype: float64}
# - {name: PS1_r, datatype: float64}
# - {name: PS1_i, datatype: float64}
# - {name: PS1_z, datatype: float64}
# - {name: PS1_Y, datatype: float64}
# - {name: PS1_w, datatype: float64}
# - {name: ATLAS_c, datatype: float64}
# - {name: ATLAS_o, datatype: float64}
# - {name: ukirt_J, datatype: float64}
# - {name: ukirt_H, datatype: float64}
# - {name: ukirt_K, datatype: float64}
# - {name: Clear, datatype: float64}
# meta: !!omap
# - comment: [M=-18.244897959183675, dM=0.025985264452188205]
# schema: astropy-2.0
time swift_uvot_uvw2 swift_uvot_uvm2 swift_uvot_uvw1 swift_uvot_U swift_uvot_B swift_uvot_V swift_uvot_W johnson_U johnson_B johnson_V johnson_R johnson_I sdss_u sdss_g sdss_r sdss_i sdss_z PS1_g PS1_r PS1_i PS1_z PS1_Y PS1_w ATLAS_c ATLAS_o ukirt_J ukirt_H ukirt_K Clear
[from data line 55]
4.14572864321608 -18.137170104042692 -18.137170104042692 -18.137170104042692 -18.137170104042692 -18.137170104042692 -18.137170104042692 -18.137170104042692 -18.137170104042692 -18.137170104042692 -18.137170104042692 -18.137170104042692 -18.137170104042692 -18.137170104042692 -18.137170104042692 -18.137170104042692 -18.137170104042692 -18.137170104042692 -18.137170104042692 -18.137170104042692 -18.137170104042692 -18.137170104042692 -18.137170104042692 -18.137170104042692 -18.137170104042692 -18.137170104042692 -18.137170104042692 -18.137170104042692 -18.137170104042692 -18.137170104042692
4.221105527638191 -18.135211415767404 -18.135211415767404 -18.135211415767404 -18.135211415767404 -18.135211415767404 -18.135211415767404 -18.135211415767404 -18.135211415767404 -18.135211415767404 -18.135211415767404 -18.135211415767404 -18.135211415767404 -18.135211415767404 -18.135211415767404 -18.135211415767404 -18.135211415767404 -18.135211415767404 -18.135211415767404 -18.135211415767404 -18.135211415767404 -18.135211415767404 -18.135211415767404 -18.135211415767404 -18.135211415767404 -18.135211415767404 -18.135211415767404 -18.135211415767404 -18.135211415767404 -18.135211415767404
4.296482412060302 -18.133252727492113 -18.133252727492113 -18.133252727492113 -18.133252727492113 -18.133252727492113 -18.133252727492113 -18.133252727492113 -18.133252727492113 -18.133252727492113 -18.133252727492113 -18.133252727492113 -18.133252727492113 -18.133252727492113 -18.133252727492113 -18.133252727492113 -18.133252727492113 -18.133252727492113 -18.133252727492113 -18.133252727492113 -18.133252727492113 -18.133252727492113 -18.133252727492113 -18.133252727492113 -18.133252727492113 -18.133252727492113 -18.133252727492113 -18.133252727492113 -18.133252727492113 -18.133252727492113
4.371859296482412 -18.131294039216822 -18.131294039216822 -18.131294039216822 -18.131294039216822 -18.131294039216822 -18.131294039216822 -18.131294039216822 -18.131294039216822 -18.131294039216822 -18.131294039216822 -18.131294039216822 -18.131294039216822 -18.131294039216822 -18.131294039216822 -18.131294039216822 -18.131294039216822 -18.131294039216822 -18.131294039216822 -18.131294039216822 -18.131294039216822 -18.131294039216822 -18.131294039216822 -18.131294039216822 -18.131294039216822 -18.131294039216822 -18.131294039216822 -18.131294039216822 -18.131294039216822 -18.131294039216822
4.447236180904522 -18.12933535094153 -18.12933535094153 -18.12933535094153 -18.12933535094153 -18.12933535094153 -18.12933535094153 -18.12933535094153 -18.12933535094153 -18.12933535094153 -18.12933535094153 -18.12933535094153 -18.12933535094153 -18.12933535094153 -18.12933535094153 -18.12933535094153 -18.12933535094153 -18.12933535094153 -18.12933535094153 -18.12933535094153 -18.12933535094153 -18.12933535094153 -18.12933535094153 -18.12933535094153 -18.12933535094153 -18.12933535094153 -18.12933535094153 -18.12933535094153 -18.12933535094153 -18.12933535094153
4.522613065326633 -18.12737666266624 -18.12737666266624 -18.12737666266624 -18.12737666266624 -18.12737666266624 -18.12737666266624 -18.12737666266624 -18.12737666266624 -18.12737666266624 -18.12737666266624 -18.12737666266624 -18.12737666266624 -18.12737666266624 -18.12737666266624 -18.12737666266624 -18.12737666266624 -18.12737666266624 -18.12737666266624 -18.12737666266624 -18.12737666266624 -18.12737666266624 -18.12737666266624 -18.12737666266624 -18.12737666266624 -18.12737666266624 -18.12737666266624 -18.12737666266624 -18.12737666266624 -18.12737666266624
4.597989949748744 -18.12541797439095 -18.12541797439095 -18.12541797439095 -18.12541797439095 -18.12541797439095 -18.12541797439095 -18.12541797439095 -18.12541797439095 -18.12541797439095 -18.12541797439095 -18.12541797439095 -18.12541797439095 -18.12541797439095 -18.12541797439095 -18.12541797439095 -18.12541797439095 -18.12541797439095 -18.12541797439095 -18.12541797439095 -18.12541797439095 -18.12541797439095 -18.12541797439095 -18.12541797439095 -18.12541797439095 -18.12541797439095 -18.12541797439095 -18.12541797439095 -18.12541797439095 -18.12541797439095
4.673366834170854 -18.123459286115658 -18.123459286115658 -18.123459286115658 -18.123459286115658 -18.123459286115658 -18.123459286115658 -18.123459286115658 -18.123459286115658 -18.123459286115658 -18.123459286115658 -18.123459286115658 -18.123459286115658 -18.123459286115658 -18.123459286115658 -18.123459286115658 -18.123459286115658 -18.123459286115658 -18.123459286115658 -18.123459286115658 -18.123459286115658 -18.123459286115658 -18.123459286115658 -18.123459286115658 -18.123459286115658 -18.123459286115658 -18.123459286115658 -18.123459286115658 -18.123459286115658 -18.123459286115658
4.748743718592964 -18.12150059784037 -18.12150059784037 -18.12150059784037 -18.12150059784037 -18.12150059784037 -18.12150059784037 -18.12150059784037 -18.12150059784037 -18.12150059784037 -18.12150059784037 -18.12150059784037 -18.12150059784037 -18.12150059784037 -18.12150059784037 -18.12150059784037 -18.12150059784037 -18.12150059784037 -18.12150059784037 -18.12150059784037 -18.12150059784037 -18.12150059784037 -18.12150059784037 -18.12150059784037 -18.12150059784037 -18.12150059784037 -18.12150059784037 -18.12150059784037 -18.12150059784037 -18.12150059784037
4.824120603015075 -18.11954190956508 -18.11954190956508 -18.11954190956508 -18.11954190956508 -18.11954190956508 -18.11954190956508 -18.11954190956508 -18.11954190956508 -18.11954190956508 -18.11954190956508 -18.11954190956508 -18.11954190956508 -18.11954190956508 -18.11954190956508 -18.11954190956508 -18.11954190956508 -18.11954190956508 -18.11954190956508 -18.11954190956508 -18.11954190956508 -18.11954190956508 -18.11954190956508 -18.11954190956508 -18.11954190956508 -18.11954190956508 -18.11954190956508 -18.11954190956508 -18.11954190956508 -18.11954190956508
4.899497487437186 -18.117583221289788 -18.117583221289788 -18.117583221289788 -18.117583221289788 -18.117583221289788 -18.117583221289788 -18.117583221289788 -18.117583221289788 -18.117583221289788 -18.117583221289788 -18.117583221289788 -18.117583221289788 -18.117583221289788 -18.117583221289788 -18.117583221289788 -18.117583221289788 -18.117583221289788 -18.117583221289788 -18.117583221289788 -18.117583221289788 -18.117583221289788 -18.117583221289788 -18.117583221289788 -18.117583221289788 -18.117583221289788 -18.117583221289788 -18.117583221289788 -18.117583221289788 -18.117583221289788
4.974874371859296 -18.115624533014497 -18.115624533014497 -18.115624533014497 -18.115624533014497 -18.115624533014497 -18.115624533014497 -18.115624533014497 -18.115624533014497 -18.115624533014497 -18.115624533014497 -18.115624533014497 -18.115624533014497 -18.115624533014497 -18.115624533014497 -18.115624533014497 -18.115624533014497 -18.115624533014497 -18.115624533014497 -18.115624533014497 -18.115624533014497 -18.115624533014497 -18.115624533014497 -18.115624533014497 -18.115624533014497 -18.115624533014497 -18.115624533014497 -18.115624533014497 -18.115624533014497 -18.115624533014497
5.050251256281406 -18.113665844739206 -18.113665844739206 -18.113665844739206 -18.113665844739206 -18.113665844739206 -18.113665844739206 -18.113665844739206 -18.113665844739206 -18.113665844739206 -18.113665844739206 -18.113665844739206 -18.113665844739206 -18.113665844739206 -18.113665844739206 -18.113665844739206 -18.113665844739206 -18.113665844739206 -18.113665844739206 -18.113665844739206 -18.113665844739206 -18.113665844739206 -18.113665844739206 -18.113665844739206 -18.113665844739206 -18.113665844739206 -18.113665844739206 -18.113665844739206 -18.113665844739206 -18.113665844739206
5.125628140703517 -18.111707156463915 -18.111707156463915 -18.111707156463915 -18.111707156463915 -18.111707156463915 -18.111707156463915 -18.111707156463915 -18.111707156463915 -18.111707156463915 -18.111707156463915 -18.111707156463915 -18.111707156463915 -18.111707156463915 -18.111707156463915 -18.111707156463915 -18.111707156463915 -18.111707156463915 -18.111707156463915 -18.111707156463915 -18.111707156463915 -18.111707156463915 -18.111707156463915 -18.111707156463915 -18.111707156463915 -18.111707156463915 -18.111707156463915 -18.111707156463915 -18.111707156463915 -18.111707156463915
5.201005025125628 -18.109748468188627 -18.109748468188627 -18.109748468188627 -18.109748468188627 -18.109748468188627 -18.109748468188627 -18.109748468188627 -18.109748468188627 -18.109748468188627 -18.109748468188627 -18.109748468188627 -18.109748468188627 -18.109748468188627 -18.109748468188627 -18.109748468188627 -18.109748468188627 -18.109748468188627 -18.109748468188627 -18.109748468188627 -18.109748468188627 -18.109748468188627 -18.109748468188627 -18.109748468188627 -18.109748468188627 -18.109748468188627 -18.109748468188627 -18.109748468188627 -18.109748468188627 -18.109748468188627
5.276381909547738 -18.107789779913336 -18.107789779913336 -18.107789779913336 -18.107789779913336 -18.107789779913336 -18.107789779913336 -18.107789779913336 -18.107789779913336 -18.107789779913336 -18.107789779913336 -18.107789779913336 -18.107789779913336 -18.107789779913336 -18.107789779913336 -18.107789779913336 -18.107789779913336 -18.107789779913336 -18.107789779913336 -18.107789779913336 -18.107789779913336 -18.107789779913336 -18.107789779913336 -18.107789779913336 -18.107789779913336 -18.107789779913336 -18.107789779913336 -18.107789779913336 -18.107789779913336 -18.107789779913336
5.351758793969848 -18.105831091638045 -18.105831091638045 -18.105831091638045 -18.105831091638045 -18.105831091638045 -18.105831091638045 -18.105831091638045 -18.105831091638045 -18.105831091638045 -18.105831091638045 -18.105831091638045 -18.105831091638045 -18.105831091638045 -18.105831091638045 -18.105831091638045 -18.105831091638045 -18.105831091638045 -18.105831091638045 -18.105831091638045 -18.105831091638045 -18.105831091638045 -18.105831091638045 -18.105831091638045 -18.105831091638045 -18.105831091638045 -18.105831091638045 -18.105831091638045 -18.105831091638045 -18.105831091638045
5.427135678391959 -18.103872403362754 -18.103872403362754 -18.103872403362754 -18.103872403362754 -18.103872403362754 -18.103872403362754 -18.103872403362754 -18.103872403362754 -18.103872403362754 -18.103872403362754 -18.103872403362754 -18.103872403362754 -18.103872403362754 -18.103872403362754 -18.103872403362754 -18.103872403362754 -18.103872403362754 -18.103872403362754 -18.103872403362754 -18.103872403362754 -18.103872403362754 -18.103872403362754 -18.103872403362754 -18.103872403362754 -18.103872403362754 -18.103872403362754 -18.103872403362754 -18.103872403362754 -18.103872403362754
5.50251256281407 -18.101913715087463 -18.101913715087463 -18.101913715087463 -18.101913715087463 -18.101913715087463 -18.101913715087463 -18.101913715087463 -18.101913715087463 -18.101913715087463 -18.101913715087463 -18.101913715087463 -18.101913715087463 -18.101913715087463 -18.101913715087463 -18.101913715087463 -18.101913715087463 -18.101913715087463 -18.101913715087463 -18.101913715087463 -18.101913715087463 -18.101913715087463 -18.101913715087463 -18.101913715087463 -18.101913715087463 -18.101913715087463 -18.101913715087463 -18.101913715087463 -18.101913715087463 -18.101913715087463
5.57788944723618 -18.09995502681217 -18.09995502681217 -18.09995502681217 -18.09995502681217 -18.09995502681217 -18.09995502681217 -18.09995502681217 -18.09995502681217 -18.09995502681217 -18.09995502681217 -18.09995502681217 -18.09995502681217 -18.09995502681217 -18.09995502681217 -18.09995502681217 -18.09995502681217 -18.09995502681217 -18.09995502681217 -18.09995502681217 -18.09995502681217 -18.09995502681217 -18.09995502681217 -18.09995502681217 -18.09995502681217 -18.09995502681217 -18.09995502681217 -18.09995502681217 -18.09995502681217 -18.09995502681217
5.6532663316582905 -18.09799633853688 -18.09799633853688 -18.09799633853688 -18.09799633853688 -18.09799633853688 -18.09799633853688 -18.09799633853688 -18.09799633853688 -18.09799633853688 -18.09799633853688 -18.09799633853688 -18.09799633853688 -18.09799633853688 -18.09799633853688 -18.09799633853688 -18.09799633853688 -18.09799633853688 -18.09799633853688 -18.09799633853688 -18.09799633853688 -18.09799633853688 -18.09799633853688 -18.09799633853688 -18.09799633853688 -18.09799633853688 -18.09799633853688 -18.09799633853688 -18.09799633853688 -18.09799633853688
5.7286432160804015 -18.096037650261593 -18.096037650261593 -18.096037650261593 -18.096037650261593 -18.096037650261593 -18.096037650261593 -18.096037650261593 -18.096037650261593 -18.096037650261593 -18.096037650261593 -18.096037650261593 -18.096037650261593 -18.096037650261593 -18.096037650261593 -18.096037650261593 -18.096037650261593 -18.096037650261593 -18.096037650261593 -18.096037650261593 -18.096037650261593 -18.096037650261593 -18.096037650261593 -18.096037650261593 -18.096037650261593 -18.096037650261593 -18.096037650261593 -18.096037650261593 -18.096037650261593 -18.096037650261593
5.8040201005025125 -18.094078961986302 -18.094078961986302 -18.094078961986302 -18.094078961986302 -18.094078961986302 -18.094078961986302 -18.094078961986302 -18.094078961986302 -18.094078961986302 -18.094078961986302 -18.094078961986302 -18.094078961986302 -18.094078961986302 -18.094078961986302 -18.094078961986302 -18.094078961986302 -18.094078961986302 -18.094078961986302 -18.094078961986302 -18.094078961986302 -18.094078961986302 -18.094078961986302 -18.094078961986302 -18.094078961986302 -18.094078961986302 -18.094078961986302 -18.094078961986302 -18.094078961986302 -18.094078961986302
5.879396984924623 -18.09212027371101 -18.09212027371101 -18.09212027371101 -18.09212027371101 -18.09212027371101 -18.09212027371101 -18.09212027371101 -18.09212027371101 -18.09212027371101 -18.09212027371101 -18.09212027371101 -18.09212027371101 -18.09212027371101 -18.09212027371101 -18.09212027371101 -18.09212027371101 -18.09212027371101 -18.09212027371101 -18.09212027371101 -18.09212027371101 -18.09212027371101 -18.09212027371101 -18.09212027371101 -18.09212027371101 -18.09212027371101 -18.09212027371101 -18.09212027371101 -18.09212027371101 -18.09212027371101
5.954773869346733 -18.09016158543572 -18.09016158543572 -18.09016158543572 -18.09016158543572 -18.09016158543572 -18.09016158543572 -18.09016158543572 -18.09016158543572 -18.09016158543572 -18.09016158543572 -18.09016158543572 -18.09016158543572 -18.09016158543572 -18.09016158543572 -18.09016158543572 -18.09016158543572 -18.09016158543572 -18.09016158543572 -18.09016158543572 -18.09016158543572 -18.09016158543572 -18.09016158543572 -18.09016158543572 -18.09016158543572 -18.09016158543572 -18.09016158543572 -18.09016158543572 -18.09016158543572 -18.09016158543572
6.030150753768844 -18.08820289716043 -18.08820289716043 -18.08820289716043 -18.08820289716043 -18.08820289716043 -18.08820289716043 -18.08820289716043 -18.08820289716043 -18.08820289716043 -18.08820289716043 -18.08820289716043 -18.08820289716043 -18.08820289716043 -18.08820289716043 -18.08820289716043 -18.08820289716043 -18.08820289716043 -18.08820289716043 -18.08820289716043 -18.08820289716043 -18.08820289716043 -18.08820289716043 -18.08820289716043 -18.08820289716043 -18.08820289716043 -18.08820289716043 -18.08820289716043 -18.08820289716043 -18.08820289716043
