web/models/grb/onaxis/9/grb_0.0000_0.2683_0.0000063.dat
# %ECSV 1.0
# ---
# datatype:
# - {name: time, datatype: float64}
# - {name: swift_uvot_uvw2, datatype: float64}
# - {name: swift_uvot_uvm2, datatype: float64}
# - {name: swift_uvot_uvw1, datatype: float64}
# - {name: swift_uvot_U, datatype: float64}
# - {name: swift_uvot_B, datatype: float64}
# - {name: swift_uvot_V, datatype: float64}
# - {name: swift_uvot_W, datatype: float64}
# - {name: johnson_U, datatype: float64}
# - {name: johnson_B, datatype: float64}
# - {name: johnson_V, datatype: float64}
# - {name: johnson_R, datatype: float64}
# - {name: johnson_I, datatype: float64}
# - {name: sdss_u, datatype: float64}
# - {name: sdss_g, datatype: float64}
# - {name: sdss_r, datatype: float64}
# - {name: sdss_i, datatype: float64}
# - {name: sdss_z, datatype: float64}
# - {name: PS1_g, datatype: float64}
# - {name: PS1_r, datatype: float64}
# - {name: PS1_i, datatype: float64}
# - {name: PS1_z, datatype: float64}
# - {name: PS1_Y, datatype: float64}
# - {name: ukirt_J, datatype: float64}
# - {name: ukirt_H, datatype: float64}
# - {name: ukirt_K, datatype: float64}
# meta: !!omap
# - comment: [E = 0.00011641960487160349, Eta0 = 8.02, GammaB = 12.0, dL = 0.012188, epsb = 6.760829753919819e-06, epse = 0.1, n = 6.30957344480193e-06,
#     p = 2.15, theta_obs = 0.0, xiN = 1.0, z = 0.0, type = grb, E_kiso = 0.2682695795279726]
# schema: astropy-2.0
time swift_uvot_uvw2 swift_uvot_uvm2 swift_uvot_uvw1 swift_uvot_U swift_uvot_B swift_uvot_V swift_uvot_W johnson_U johnson_B johnson_V johnson_R johnson_I sdss_u sdss_g sdss_r sdss_i sdss_z PS1_g PS1_r PS1_i PS1_z PS1_Y ukirt_J ukirt_H ukirt_K
[from data line 104]
0.1193 2.844 2.894 2.819 2.626 2.484 2.345 2.705 2.604 2.481 2.339 2.199 2.05 2.609 2.436 2.264 2.144 2.033 2.372 2.23 2.11 2.011 1.843 1.821 1.652 1.461
0.1222 2.824 2.873 2.798 2.605 2.463 2.324 2.684 2.583 2.46 2.319 2.178 2.029 2.588 2.415 2.243 2.123 2.012 2.352 2.209 2.089 1.99 1.822 1.8 1.631 1.44
0.1251 2.803 2.852 2.777 2.584 2.442 2.303 2.664 2.562 2.44 2.298 2.157 2.009 2.567 2.394 2.223 2.102 1.991 2.331 2.188 2.068 1.969 1.801 1.779 1.61 1.42
0.1281 2.782 2.831 2.757 2.564 2.421 2.282 2.643 2.541 2.419 2.277 2.136 1.988 2.546 2.374 2.202 2.081 1.97 2.31 2.167 2.047 1.948 1.78 1.758 1.589 1.399
0.1312 2.761 2.811 2.736 2.543 2.4 2.261 2.622 2.52 2.398 2.256 2.116 1.967 2.525 2.353 2.181 2.06 1.95 2.289 2.146 2.027 1.928 1.759 1.738 1.568 1.378
0.1344 2.74 2.79 2.715 2.522 2.38 2.24 2.601 2.5 2.377 2.235 2.095 1.946 2.505 2.332 2.16 2.039 1.929 2.268 2.126 2.006 1.907 1.739 1.717 1.548 1.357
0.1376 2.724 2.774 2.699 2.506 2.363 2.224 2.585 2.483 2.361 2.219 2.079 1.93 2.489 2.316 2.144 2.023 1.913 2.252 2.11 1.99 1.891 1.722 1.701 1.531 1.341
0.141 2.724 2.773 2.698 2.505 2.363 2.224 2.584 2.483 2.36 2.218 2.078 1.929 2.488 2.315 2.143 2.023 1.912 2.251 2.109 1.989 1.89 1.722 1.7 1.531 1.34
0.1444 2.723 2.772 2.697 2.504 2.362 2.223 2.584 2.482 2.36 2.218 2.077 1.929 2.487 2.315 2.143 2.022 1.911 2.251 2.108 1.988 1.889 1.721 1.699 1.53 1.34
0.1478 2.722 2.772 2.697 2.504 2.361 2.222 2.583 2.481 2.359 2.217 2.077 1.928 2.486 2.314 2.142 2.021 1.911 2.25 2.108 1.988 1.889 1.72 1.699 1.529 1.339
0.1514 2.721 2.771 2.696 2.503 2.361 2.222 2.582 2.481 2.358 2.216 2.076 1.927 2.486 2.313 2.141 2.021 1.91 2.249 2.107 1.987 1.888 1.72 1.698 1.529 1.338
0.1551 2.721 2.77 2.695 2.502 2.36 2.221 2.582 2.48 2.358 2.216 2.075 1.927 2.485 2.312 2.141 2.02 1.909 2.249 2.106 1.986 1.887 1.719 1.697 1.528 1.338
0.1588 2.72 2.77 2.695 2.502 2.359 2.22 2.581 2.479 2.357 2.215 2.075 1.926 2.484 2.312 2.14 2.019 1.909 2.248 2.105 1.986 1.887 1.718 1.697 1.527 1.337
0.1626 2.719 2.769 2.694 2.501 2.359 2.219 2.58 2.479 2.356 2.214 2.074 1.925 2.484 2.311 2.139 2.019 1.908 2.247 2.105 1.985 1.886 1.718 1.696 1.527 1.336
0.1666 2.719 2.768 2.693 2.5 2.358 2.219 2.58 2.478 2.356 2.214 2.073 1.925 2.483 2.31 2.139 2.018 1.907 2.247 2.104 1.984 1.885 1.717 1.695 1.526 1.336
0.1706 2.718 2.767 2.693 2.5 2.357 2.218 2.579 2.477 2.355 2.213 2.072 1.924 2.482 2.31 2.138 2.017 1.906 2.246 2.103 1.984 1.885 1.716 1.695 1.525 1.335
0.1747 2.718 2.768 2.693 2.5 2.358 2.219 2.579 2.478 2.355 2.213 2.073 1.924 2.483 2.31 2.138 2.018 1.907 2.246 2.104 1.984 1.885 1.717 1.695 1.526 1.335
0.1789 2.721 2.77 2.695 2.502 2.36 2.221 2.582 2.48 2.357 2.216 2.075 1.927 2.485 2.312 2.141 2.02 1.909 2.249 2.106 1.986 1.887 1.719 1.697 1.528 1.338
0.1832 2.723 2.772 2.697 2.505 2.362 2.223 2.584 2.482 2.36 2.218 2.077 1.929 2.487 2.315 2.143 2.022 1.911 2.251 2.108 1.988 1.889 1.721 1.699 1.53 1.34
0.1876 2.725 2.775 2.7 2.507 2.364 2.225 2.586 2.484 2.362 2.22 2.08 1.931 2.489 2.317 2.145 2.024 1.914 2.253 2.111 1.991 1.892 1.723 1.702 1.532 1.342
0.1922 2.727 2.777 2.702 2.509 2.367 2.227 2.588 2.487 2.364 2.222 2.082 1.933 2.492 2.319 2.147 2.027 1.916 2.255 2.113 1.993 1.894 1.726 1.704 1.535 1.344
0.1968 2.73 2.779 2.704 2.511 2.369 2.23 2.591 2.489 2.366 2.225 2.084 1.936 2.494 2.321 2.149 2.029 1.918 2.258 2.115 1.995 1.896 1.728 1.706 1.537 1.347
0.2015 2.732 2.781 2.706 2.514 2.371 2.232 2.593 2.491 2.369 2.227 2.086 1.938 2.496 2.324 2.152 2.031 1.92 2.26 2.117 1.997 1.898 1.73 1.708 1.539 1.349
0.2064 2.734 2.784 2.709 2.516 2.373 2.234 2.595 2.493 2.371 2.229 2.089 1.94 2.498 2.326 2.154 2.033 1.923 2.262 2.119 2.0 1.901 1.732 1.711 1.541 1.351
0.2114 2.736 2.786 2.711 2.518 2.376 2.236 2.597 2.496 2.373 2.231 2.091 1.942 2.501 2.328 2.156 2.036 1.925 2.264 2.122 2.002 1.903 1.735 1.713 1.544 1.353
0.2165 2.739 2.788 2.713 2.52 2.378 2.239 2.6 2.498 2.375 2.234 2.093 1.944 2.503 2.33 2.158 2.038 1.927 2.267 2.124 2.004 1.905 1.737 1.715 1.546 1.355
0.2217 2.747 2.797 2.722 2.529 2.386 2.247 2.608 2.506 2.384 2.242 2.102 1.953 2.511 2.339 2.167 2.046 1.936 2.275 2.133 2.013 1.914 1.745 1.724 1.554 1.364
0.2271 2.762 2.811 2.736 2.543 2.401 2.262 2.622 2.521 2.398 2.256 2.116 1.967 2.526 2.353 2.181 2.061 1.95 2.289 2.147 2.027 1.928 1.76 1.738 1.569 1.378
0.2325 2.776 2.825 2.75 2.558 2.415 2.276 2.637 2.535 2.413 2.271 2.13 1.982 2.54 2.368 2.196 2.075 1.964 2.304 2.161 2.041 1.942 1.774 1.752 1.583 1.393
0.2381 2.79 2.84 2.765 2.572 2.429 2.29 2.651 2.55 2.427 2.285 2.145 1.996 2.555 2.382 2.21 2.089 1.979 2.318 2.176 2.056 1.957 1.789 1.767 1.597 1.407
0.2439 2.805 2.854 2.779 2.586 2.444 2.305 2.666 2.564 2.441 2.3 2.159 2.011 2.569 2.396 2.224 2.104 1.993 2.333 2.19 2.07 1.971 1.803 1.781 1.612 1.422
0.2498 2.819 2.868 2.794 2.601 2.458 2.319 2.68 2.578 2.456 2.314 2.173 2.025 2.583 2.411 2.239 2.118 2.008 2.347 2.204 2.085 1.986 1.817 1.796 1.626 1.436
0.2558 2.833 2.883 2.808 2.615 2.473 2.333 2.694 2.593 2.47 2.328 2.188 2.039 2.598 2.425 2.253 2.133 2.022 2.361 2.219 2.099 2.0 1.832 1.81 1.641 1.45
0.262 2.848 2.897 2.822 2.629 2.487 2.348 2.709 2.607 2.485 2.343 2.202 2.054 2.612 2.439 2.268 2.147 2.036 2.376 2.233 2.113 2.014 1.846 1.824 1.655 1.465
0.2683 2.862 2.912 2.837 2.644 2.501 2.362 2.723 2.621 2.499 2.357 2.217 2.068 2.626 2.454 2.282 2.161 2.051 2.39 2.247 2.128 2.029 1.86 1.839 1.669 1.479
0.2748 2.876 2.926 2.851 2.658 2.516 2.377 2.737 2.636 2.513 2.371 2.231 2.082 2.641 2.468 2.296 2.176 2.065 2.404 2.262 2.142 2.043 1.875 1.853 1.684 1.493
0.2814 2.884 2.933 2.858 2.665 2.523 2.384 2.744 2.643 2.52 2.378 2.238 2.089 2.648 2.475 2.303 2.183 2.072 2.411 2.269 2.149 2.05 1.882 1.86 1.691 1.5
0.2882 2.887 2.936 2.862 2.669 2.526 2.387 2.748 2.646 2.524 2.382 2.241 2.093 2.651 2.479 2.307 2.186 2.075 2.415 2.272 2.152 2.053 1.885 1.863 1.694 1.504
0.2951 2.89 2.94 2.865 2.672 2.53 2.39 2.751 2.65 2.527 2.385 2.245 2.096 2.655 2.482 2.31 2.189 2.079 2.418 2.276 2.156 2.057 1.889 1.867 1.698 1.507
0.3022 2.894 2.943 2.868 2.675 2.533 2.394 2.755 2.653 2.531 2.389 2.248 2.1 2.658 2.485 2.314 2.193 2.082 2.422 2.279 2.159 2.06 1.892 1.87 1.701 1.511
0.3095 2.897 2.947 2.872 2.679 2.536 2.397 2.758 2.656 2.534 2.392 2.252 2.103 2.661 2.489 2.317 2.196 2.086 2.425 2.282 2.163 2.064 1.895 1.874 1.704 1.514
0.317 2.9 2.95 2.875 2.682 2.54 2.401 2.761 2.66 2.537 2.395 2.255 2.106 2.665 2.492 2.32 2.2 2.089 2.428 2.286 2.166 2.067 1.899 1.877 1.708 1.517
0.3247 2.904 2.953 2.878 2.686 2.543 2.404 2.765 2.663 2.541 2.399 2.258 2.11 2.668 2.496 2.324 2.203 2.092 2.432 2.289 2.169 2.07 1.902 1.88 1.711 1.521
0.3325 2.907 2.957 2.882 2.689 2.546 2.407 2.768 2.667 2.544 2.402 2.262 2.113 2.672 2.499 2.327 2.206 2.096 2.435 2.293 2.173 2.074 1.906 1.884 1.715 1.524
0.3405 2.911 2.96 2.885 2.692 2.55 2.411 2.772 2.67 2.547 2.406 2.265 2.117 2.675 2.502 2.331 2.21 2.099 2.439 2.296 2.176 2.077 1.909 1.887 1.718 1.528
0.3487 2.914 2.963 2.889 2.696 2.553 2.414 2.775 2.673 2.551 2.409 2.269 2.12 2.678 2.506 2.334 2.213 2.103 2.442 2.299 2.18 2.081 1.912 1.891 1.721 1.531
0.3571 2.914 2.964 2.889 2.696 2.554 2.415 2.775 2.674 2.551 2.409 2.269 2.12 2.679 2.506 2.334 2.214 2.103 2.442 2.3 2.18 2.081 1.913 1.891 1.722 1.531
0.3657 2.914 2.964 2.889 2.696 2.553 2.414 2.775 2.673 2.551 2.409 2.269 2.12 2.678 2.506 2.334 2.213 2.103 2.442 2.3 2.18 2.081 1.912 1.891 1.721 1.531
0.3746 2.914 2.963 2.889 2.696 2.553 2.414 2.775 2.673 2.551 2.409 2.268 2.12 2.678 2.506 2.334 2.213 2.102 2.442 2.299 2.179 2.08 1.912 1.89 1.721 1.531
0.3836 2.914 2.963 2.888 2.695 2.553 2.414 2.775 2.673 2.55 2.409 2.268 2.12 2.678 2.505 2.333 2.213 2.102 2.442 2.299 2.179 2.08 1.912 1.89 1.721 1.531
0.3929 2.913 2.963 2.888 2.695 2.553 2.413 2.774 2.673 2.55 2.408 2.268 2.119 2.678 2.505 2.333 2.213 2.102 2.441 2.299 2.179 2.08 1.912 1.89 1.721 1.53
0.4023 2.913 2.963 2.888 2.695 2.552 2.413 2.774 2.672 2.55 2.408 2.268 2.119 2.677 2.505 2.333 2.212 2.102 2.441 2.298 2.179 2.08 1.911 1.89 1.72 1.53
0.412 2.913 2.962 2.887 2.694 2.552 2.413 2.774 2.672 2.55 2.408 2.267 2.119 2.677 2.504 2.333 2.212 2.101 2.441 2.298 2.178 2.079 1.911 1.889 1.72 1.53
0.422 2.912 2.962 2.887 2.694 2.552 2.413 2.773 2.672 2.549 2.407 2.267 2.118 2.677 2.504 2.332 2.212 2.101 2.44 2.298 2.178 2.079 1.911 1.889 1.72 1.529
0.4322 2.912 2.962 2.887 2.694 2.551 2.412 2.773 2.671 2.549 2.407 2.267 2.118 2.676 2.504 2.332 2.211 2.101 2.44 2.298 2.178 2.079 1.91 1.889 1.719 1.529
0.4426 2.912 2.961 2.887 2.694 2.551 2.412 2.773 2.671 2.549 2.407 2.266 2.118 2.676 2.504 2.332 2.211 2.1 2.44 2.297 2.177 2.078 1.91 1.888 1.719 1.529
0.4533 2.923 2.973 2.898 2.705 2.563 2.424 2.784 2.683 2.56 2.418 2.278 2.129 2.688 2.515 2.343 2.223 2.112 2.451 2.309 2.189 2.09 1.922 1.9 1.731 1.54
0.4642 2.935 2.985 2.91 2.717 2.575 2.436 2.796 2.695 2.572 2.43 2.29 2.141 2.7 2.527 2.355 2.235 2.124 2.463 2.321 2.201 2.102 1.934 1.912 1.743 1.552
0.4754 2.948 2.997 2.922 2.729 2.587 2.448 2.808 2.707 2.584 2.443 2.302 2.153 2.712 2.539 2.367 2.247 2.136 2.476 2.333 2.213 2.114 1.946 1.924 1.755 1.564
0.4869 2.96 3.009 2.934 2.741 2.599 2.46 2.821 2.719 2.596 2.455 2.314 2.166 2.724 2.551 2.38 2.259 2.148 2.488 2.345 2.225 2.126 1.958 1.936 1.767 1.577
0.4986 2.972 3.021 2.946 2.753 2.611 2.472 2.833 2.731 2.609 2.467 2.326 2.178 2.736 2.563 2.392 2.271 2.16 2.5 2.357 2.237 2.138 1.97 1.948 1.779 1.589
0.5106 2.984 3.033 2.958 2.765 2.623 2.484 2.845 2.743 2.621 2.479 2.338 2.19 2.748 2.576 2.404 2.283 2.172 2.512 2.369 2.249 2.15 1.982 1.96 1.791 1.601
0.523 2.996 3.045 2.971 2.778 2.635 2.496 2.857 2.755 2.633 2.491 2.35 2.202 2.76 2.588 2.416 2.295 2.184 2.524 2.381 2.261 2.162 1.994 1.972 1.803 1.613
0.5356 3.008 3.057 2.983 2.79 2.647 2.508 2.869 2.767 2.645 2.503 2.362 2.214 2.772 2.6 2.428 2.307 2.197 2.536 2.393 2.274 2.175 2.006 1.985 1.815 1.625
0.5485 3.02 3.07 2.995 2.802 2.659 2.52 2.881 2.779 2.657 2.515 2.375 2.226 2.784 2.612 2.44 2.319 2.209 2.548 2.405 2.286 2.187 2.018 1.997 1.827 1.637
0.5617 3.033 3.082 3.007 2.814 2.672 2.533 2.894 2.792 2.67 2.528 2.387 2.239 2.797 2.625 2.453 2.332 2.221 2.561 2.418 2.298 2.199 2.031 2.009 1.84 1.65
0.5753 3.052 3.101 3.026 2.833 2.691 2.552 2.913 2.811 2.689 2.547 2.406 2.258 2.816 2.643 2.472 2.351 2.24 2.58 2.437 2.317 2.218 2.05 2.028 1.859 1.669
0.5891 3.071 3.12 3.045 2.852 2.71 2.571 2.932 2.83 2.707 2.566 2.425 2.277 2.835 2.662 2.491 2.37 2.259 2.599 2.456 2.336 2.237 2.069 2.047 1.878 1.688
0.6034 3.09 3.139 3.064 2.871 2.729 2.59 2.95 2.849 2.726 2.585 2.444 2.295 2.854 2.681 2.509 2.389 2.278 2.618 2.475 2.355 2.256 2.088 2.066 1.897 1.706
0.6179 3.108 3.158 3.083 2.89 2.748 2.609 2.969 2.868 2.745 2.603 2.463 2.314 2.873 2.7 2.528 2.408 2.297 2.636 2.494 2.374 2.275 2.107 2.085 1.916 1.725
0.6328 3.127 3.177 3.102 2.909 2.767 2.628 2.988 2.887 2.764 2.622 2.482 2.333 2.892 2.719 2.547 2.427 2.316 2.655 2.513 2.393 2.294 2.126 2.104 1.935 1.744
0.6481 3.146 3.196 3.121 2.928 2.786 2.646 3.007 2.906 2.783 2.641 2.501 2.352 2.911 2.738 2.566 2.445 2.335 2.674 2.532 2.412 2.313 2.145 2.123 1.954 1.763
0.6637 3.165 3.215 3.14 2.947 2.804 2.665 3.026 2.924 2.802 2.66 2.52 2.371 2.93 2.757 2.585 2.464 2.354 2.693 2.551 2.431 2.332 2.164 2.142 1.972 1.782
0.6797 3.184 3.234 3.159 2.966 2.823 2.684 3.045 2.943 2.821 2.679 2.539 2.39 2.948 2.776 2.604 2.483 2.373 2.712 2.57 2.45 2.351 2.182 2.161 1.991 1.801
0.6961 3.203 3.253 3.178 2.985 2.842 2.703 3.064 2.962 2.84 2.698 2.558 2.409 2.967 2.795 2.623 2.502 2.392 2.731 2.588 2.469 2.37 2.201 2.18 2.01 1.82
0.7129 3.222 3.272 3.197 3.004 2.862 2.723 3.083 2.982 2.859 2.717 2.577 2.428 2.987 2.814 2.642 2.522 2.411 2.75 2.608 2.488 2.389 2.221 2.199 2.03 1.839
0.7301 3.243 3.293 3.218 3.025 2.883 2.743 3.104 3.003 2.88 2.738 2.598 2.449 3.008 2.835 2.663 2.543 2.432 2.771 2.629 2.509 2.41 2.242 2.22 2.051 1.86
0.7477 3.264 3.314 3.239 3.046 2.904 2.764 3.125 3.024 2.901 2.759 2.619 2.47 3.029 2.856 2.684 2.563 2.453 2.792 2.65 2.53 2.431 2.263 2.241 2.072 1.881
0.7658 3.285 3.335 3.26 3.067 2.924 2.785 3.146 3.044 2.922 2.78 2.64 2.491 3.049 2.877 2.705 2.584 2.474 2.813 2.671 2.551 2.452 2.283 2.262 2.092 1.902
0.7842 3.306 3.356 3.281 3.088 2.945 2.806 3.167 3.065 2.943 2.801 2.661 2.512 3.07 2.898 2.726 2.605 2.495 2.834 2.691 2.572 2.473 2.304 2.283 2.113 1.923
0.8032 3.327 3.376 3.302 3.109 2.966 2.827 3.188 3.086 2.964 2.822 2.681 2.533 3.091 2.919 2.747 2.626 2.516 2.855 2.712 2.593 2.494 2.325 2.304 2.134 1.944
0.8225 3.348 3.397 3.323 3.13 2.987 2.848 3.209 3.107 2.985 2.843 2.702 2.554 3.112 2.94 2.768 2.647 2.536 2.876 2.733 2.613 2.514 2.346 2.324 2.155 1.965
0.8424 3.369 3.418 3.343 3.15 3.008 2.869 3.23 3.128 3.006 2.864 2.723 2.575 3.133 2.961 2.789 2.668 2.557 2.897 2.754 2.634 2.535 2.367 2.345 2.176 1.986
0.8627 3.39 3.439 3.364 3.171 3.029 2.89 3.251 3.149 3.027 2.885 2.744 2.596 3.154 2.981 2.81 2.689 2.578 2.918 2.775 2.655 2.556 2.388 2.366 2.197 2.007
0.8835 3.411 3.46 3.385 3.192 3.05 2.911 3.272 3.17 3.047 2.906 2.765 2.617 3.175 3.002 2.83 2.71 2.599 2.939 2.796 2.676 2.577 2.409 2.387 2.218 2.028
0.9048 3.435 3.484 3.41 3.217 3.074 2.935 3.296 3.194 3.072 2.93 2.79 2.641 3.199 3.027 2.855 2.734 2.624 2.963 2.82 2.701 2.602 2.433 2.412 2.242 2.052
0.9266 3.465 3.515 3.44 3.247 3.104 2.965 3.326 3.224 3.102 2.96 2.82 2.671 3.229 3.057 2.885 2.764 2.654 2.993 2.851 2.731 2.632 2.463 2.442 2.272 2.082
0.949 3.495 3.545 3.47 3.277 3.134 2.995 3.356 3.254 3.132 2.99 2.85 2.701 3.259 3.087 2.915 2.794 2.684 3.023 2.881 2.761 2.662 2.493 2.472 2.302 2.112
0.9719 3.525 3.575 3.5 3.307 3.165 3.025 3.386 3.285 3.162 3.02 2.88 2.731 3.29 3.117 2.945 2.824 2.714 3.053 2.911 2.791 2.692 2.524 2.502 2.333 2.142
0.9953 3.555 3.605 3.53 3.337 3.195 3.055 3.416 3.315 3.192 3.05 2.91 2.761 3.32 3.147 2.975 2.855 2.744 3.083 2.941 2.821 2.722 2.554 2.532 2.363 2.172
1.0194 3.585 3.635 3.56 3.367 3.225 3.086 3.446 3.345 3.222 3.08 2.94 2.791 3.35 3.177 3.005 2.885 2.774 3.113 2.971 2.851 2.752 2.584 2.562 2.393 2.202
1.0439 3.616 3.665 3.59 3.397 3.255 3.116 3.476 3.375 3.252 3.11 2.97 2.821 3.38 3.207 3.035 2.915 2.804 3.143 3.001 2.881 2.782 2.614 2.592 2.423 2.232
1.0691 3.646 3.695 3.62 3.427 3.285 3.146 3.506 3.405 3.282 3.141 3.0 2.851 3.41 3.237 3.065 2.945 2.834 3.174 3.031 2.911 2.812 2.644 2.622 2.453 2.262
1.0949 3.676 3.725 3.65 3.457 3.315 3.176 3.537 3.435 3.312 3.171 3.03 2.882 3.44 3.267 3.096 2.975 2.864 3.204 3.061 2.941 2.842 2.674 2.652 2.483 2.293
1.1213 3.706 3.755 3.68 3.487 3.345 3.206 3.567 3.465 3.343 3.201 3.06 2.912 3.47 3.297 3.126 3.005 2.894 3.234 3.091 2.971 2.872 2.704 2.682 2.513 2.323
1.1484 3.74 3.789 3.715 3.522 3.379 3.24 3.601 3.499 3.377 3.235 3.094 2.946 3.504 3.332 3.16 3.039 2.928 3.268 3.125 3.006 2.907 2.738 2.717 2.547 2.357
1.1761 3.778 3.827 3.753 3.56 3.417 3.278 3.639 3.537 3.415 3.273 3.132 2.984 3.542 3.37 3.198 3.077 2.967 3.306 3.163 3.044 2.945 2.776 2.755 2.585 2.395
1.2044 3.816 3.865 3.791 3.598 3.455 3.316 3.677 3.575 3.453 3.311 3.17 3.022 3.58 3.408 3.236 3.115 3.005 3.344 3.201 3.082 2.983 2.814 2.793 2.623 2.433
1.2335 3.854 3.903 3.829 3.636 3.493 3.354 3.715 3.613 3.491 3.349 3.209 3.06 3.618 3.446 3.274 3.153 3.043 3.382 3.239 3.12 3.021 2.852 2.831 2.661 2.471
1.2633 3.892 3.942 3.867 3.674 3.531 3.392 3.753 3.651 3.529 3.387 3.247 3.098 3.656 3.484 3.312 3.191 3.081 3.42 3.277 3.158 3.059 2.89 2.869 2.699 2.509
1.2937 3.93 3.98 3.905 3.712 3.569 3.43 3.791 3.689 3.567 3.425 3.285 3.136 3.694 3.522 3.35 3.229 3.119 3.458 3.315 3.196 3.097 2.928 2.907 2.737 2.547
1.3249 3.968 4.018 3.943 3.75 3.607 3.468 3.829 3.727 3.605 3.463 3.323 3.174 3.732 3.56 3.388 3.267 3.157 3.496 3.353 3.234 3.135 2.966 2.945 2.775 2.585
1.3569 4.006 4.056 3.981 3.788 3.645 3.506 3.867 3.765 3.643 3.501 3.361 3.212 3.77 3.598 3.426 3.305 3.195 3.534 3.392 3.272 3.173 3.004 2.983 2.813 2.623
