web/models/grb/onaxis/9/grb_0.0000_71.9686_0.0630957.dat
# %ECSV 1.0
# ---
# datatype:
# - {name: time, datatype: float64}
# - {name: swift_uvot_uvw2, datatype: float64}
# - {name: swift_uvot_uvm2, datatype: float64}
# - {name: swift_uvot_uvw1, datatype: float64}
# - {name: swift_uvot_U, datatype: float64}
# - {name: swift_uvot_B, datatype: float64}
# - {name: swift_uvot_V, datatype: float64}
# - {name: swift_uvot_W, datatype: float64}
# - {name: johnson_U, datatype: float64}
# - {name: johnson_B, datatype: float64}
# - {name: johnson_V, datatype: float64}
# - {name: johnson_R, datatype: float64}
# - {name: johnson_I, datatype: float64}
# - {name: sdss_u, datatype: float64}
# - {name: sdss_g, datatype: float64}
# - {name: sdss_r, datatype: float64}
# - {name: sdss_i, datatype: float64}
# - {name: sdss_z, datatype: float64}
# - {name: PS1_g, datatype: float64}
# - {name: PS1_r, datatype: float64}
# - {name: PS1_i, datatype: float64}
# - {name: PS1_z, datatype: float64}
# - {name: PS1_Y, datatype: float64}
# - {name: PS1_w, datatype: float64}
# - {name: ATLAS_c, datatype: float64}
# - {name: ATLAS_o, datatype: float64}
# - {name: ukirt_J, datatype: float64}
# - {name: ukirt_H, datatype: float64}
# - {name: ukirt_K, datatype: float64}
# - {name: Clear, datatype: float64}
# meta: !!omap
# - comment: [E = 0.031231838447717777, Eta0 = 8.02, GammaB = 12.0, dL = 0.012188, epsb = 6.760829753919819e-06, epse = 0.1, n = 0.0630957344480193,
#     p = 2.15, theta_obs = 0.0, xiN = 1.0, z = 0.0, type = grb, E_kiso = 71.96856730011521]
# schema: astropy-2.0
time swift_uvot_uvw2 swift_uvot_uvm2 swift_uvot_uvw1 swift_uvot_U swift_uvot_B swift_uvot_V swift_uvot_W johnson_U johnson_B johnson_V johnson_R johnson_I sdss_u sdss_g sdss_r sdss_i sdss_z PS1_g PS1_r PS1_i PS1_z PS1_Y PS1_w ATLAS_c ATLAS_o ukirt_J ukirt_H ukirt_K Clear
[from data line 209]
1.4575 -7.267 -7.217 -7.292 -7.485 -7.628 -7.767 -7.406 -7.508 -7.63 -7.772 -7.912 -8.061 -7.502 -7.675 -7.847 -7.968 -8.078 -7.739 -7.881 -8.001 -8.1 -8.269 -7.845 -7.749 -7.902 -8.29 -8.46 -8.65 -7.935
1.4927 -7.21 -7.161 -7.235 -7.428 -7.571 -7.71 -7.349 -7.451 -7.573 -7.715 -7.856 -8.004 -7.446 -7.618 -7.79 -7.911 -8.022 -7.682 -7.825 -7.945 -8.044 -8.212 -7.788 -7.693 -7.846 -8.234 -8.403 -8.593 -7.878
1.5287 -7.153 -7.104 -7.179 -7.372 -7.514 -7.653 -7.292 -7.394 -7.517 -7.658 -7.799 -7.947 -7.389 -7.562 -7.733 -7.854 -7.965 -7.625 -7.768 -7.888 -7.987 -8.155 -7.731 -7.636 -7.789 -8.177 -8.346 -8.536 -7.821
1.5655 -7.097 -7.047 -7.122 -7.315 -7.457 -7.597 -7.236 -7.337 -7.46 -7.602 -7.742 -7.891 -7.332 -7.505 -7.677 -7.797 -7.908 -7.569 -7.711 -7.831 -7.93 -8.098 -7.675 -7.579 -7.732 -8.12 -8.289 -8.48 -7.765
1.6033 -7.04 -6.99 -7.065 -7.258 -7.401 -7.54 -7.179 -7.281 -7.403 -7.545 -7.685 -7.834 -7.276 -7.448 -7.62 -7.741 -7.851 -7.512 -7.655 -7.774 -7.873 -8.042 -7.618 -7.523 -7.675 -8.063 -8.233 -8.423 -7.708
1.642 -6.983 -6.934 -7.009 -7.202 -7.344 -7.483 -7.122 -7.224 -7.346 -7.488 -7.629 -7.777 -7.219 -7.391 -7.563 -7.684 -7.795 -7.455 -7.598 -7.718 -7.817 -7.985 -7.561 -7.466 -7.619 -8.007 -8.176 -8.366 -7.651
1.6816 -6.926 -6.877 -6.952 -7.145 -7.287 -7.426 -7.066 -7.167 -7.29 -7.432 -7.572 -7.721 -7.162 -7.335 -7.507 -7.627 -7.738 -7.399 -7.541 -7.661 -7.76 -7.928 -7.504 -7.409 -7.562 -7.95 -8.119 -8.31 -7.595
1.7222 -6.87 -6.82 -6.895 -7.088 -7.231 -7.37 -7.009 -7.111 -7.233 -7.375 -7.515 -7.664 -7.105 -7.278 -7.45 -7.571 -7.681 -7.342 -7.484 -7.604 -7.703 -7.871 -7.448 -7.352 -7.505 -7.893 -8.063 -8.253 -7.538
1.7637 -6.813 -6.763 -6.838 -7.031 -7.174 -7.313 -6.952 -7.054 -7.176 -7.318 -7.458 -7.607 -7.049 -7.221 -7.393 -7.514 -7.624 -7.285 -7.427 -7.547 -7.646 -7.815 -7.391 -7.296 -7.448 -7.836 -8.006 -8.196 -7.481
1.8062 -6.755 -6.705 -6.78 -6.973 -7.116 -7.255 -6.894 -6.996 -7.118 -7.26 -7.4 -7.549 -6.99 -7.163 -7.335 -7.456 -7.566 -7.227 -7.369 -7.489 -7.588 -7.756 -7.333 -7.237 -7.39 -7.778 -7.948 -8.138 -7.423
1.8498 -6.697 -6.647 -6.722 -6.915 -7.057 -7.197 -6.836 -6.937 -7.06 -7.202 -7.342 -7.491 -6.932 -7.105 -7.277 -7.397 -7.508 -7.169 -7.311 -7.431 -7.53 -7.698 -7.275 -7.179 -7.332 -7.72 -7.889 -8.08 -7.365
1.8944 -6.639 -6.589 -6.664 -6.857 -6.999 -7.138 -6.778 -6.879 -7.002 -7.144 -7.284 -7.433 -6.874 -7.047 -7.219 -7.339 -7.45 -7.111 -7.253 -7.373 -7.472 -7.64 -7.216 -7.121 -7.274 -7.662 -7.831 -8.022 -7.307
1.9401 -6.58 -6.531 -6.606 -6.799 -6.941 -7.08 -6.72 -6.821 -6.944 -7.085 -7.226 -7.375 -6.816 -6.989 -7.161 -7.281 -7.392 -7.052 -7.195 -7.315 -7.414 -7.582 -7.158 -7.063 -7.216 -7.604 -7.773 -7.964 -7.249
1.9869 -6.522 -6.473 -6.548 -6.741 -6.883 -7.022 -6.661 -6.763 -6.886 -7.027 -7.168 -7.316 -6.758 -6.931 -7.102 -7.223 -7.334 -6.994 -7.137 -7.257 -7.356 -7.524 -7.1 -7.005 -7.158 -7.546 -7.715 -7.905 -7.19
2.0349 -6.464 -6.415 -6.49 -6.683 -6.825 -6.964 -6.603 -6.705 -6.827 -6.969 -7.11 -7.258 -6.7 -6.873 -7.044 -7.165 -7.276 -6.936 -7.079 -7.199 -7.298 -7.466 -7.042 -6.947 -7.1 -7.488 -7.657 -7.847 -7.132
2.084 -6.406 -6.357 -6.432 -6.624 -6.767 -6.906 -6.545 -6.647 -6.769 -6.911 -7.052 -7.2 -6.642 -6.814 -6.986 -7.107 -7.218 -6.878 -7.021 -7.141 -7.24 -7.408 -6.984 -6.889 -7.042 -7.43 -7.599 -7.789 -7.074
2.1342 -6.348 -6.299 -6.373 -6.566 -6.709 -6.848 -6.487 -6.589 -6.711 -6.853 -6.994 -7.142 -6.584 -6.756 -6.928 -7.049 -7.159 -6.82 -6.963 -7.082 -7.181 -7.35 -6.926 -6.831 -6.983 -7.371 -7.541 -7.731 -7.016
2.1857 -6.29 -6.24 -6.315 -6.508 -6.651 -6.79 -6.429 -6.531 -6.653 -6.795 -6.935 -7.084 -6.526 -6.698 -6.87 -6.991 -7.101 -6.762 -6.905 -7.024 -7.123 -7.292 -6.868 -6.773 -6.925 -7.313 -7.483 -7.673 -6.958
2.2384 -6.231 -6.182 -6.257 -6.45 -6.592 -6.731 -6.37 -6.472 -6.594 -6.736 -6.877 -7.025 -6.467 -6.639 -6.811 -6.932 -7.043 -6.703 -6.846 -6.966 -7.065 -7.233 -6.809 -6.714 -6.867 -7.255 -7.424 -7.614 -6.899
2.2924 -6.171 -6.121 -6.196 -6.389 -6.531 -6.671 -6.31 -6.411 -6.534 -6.676 -6.816 -6.965 -6.406 -6.579 -6.751 -6.871 -6.982 -6.643 -6.785 -6.905 -7.004 -7.172 -6.749 -6.653 -6.806 -7.194 -7.363 -7.554 -6.839
2.3477 -6.11 -6.061 -6.136 -6.328 -6.471 -6.61 -6.249 -6.351 -6.473 -6.615 -6.756 -6.904 -6.346 -6.518 -6.69 -6.811 -6.922 -6.582 -6.725 -6.845 -6.944 -7.112 -6.688 -6.593 -6.746 -7.134 -7.303 -7.493 -6.778
2.4044 -6.05 -6.0 -6.075 -6.268 -6.41 -6.549 -6.189 -6.29 -6.413 -6.555 -6.695 -6.844 -6.285 -6.458 -6.63 -6.75 -6.861 -6.522 -6.664 -6.784 -6.883 -7.051 -6.627 -6.532 -6.685 -7.073 -7.242 -7.433 -6.718
2.4624 -5.989 -5.94 -6.014 -6.207 -6.35 -6.489 -6.128 -6.23 -6.352 -6.494 -6.635 -6.783 -6.225 -6.397 -6.569 -6.69 -6.801 -6.461 -6.604 -6.724 -6.823 -6.991 -6.567 -6.472 -6.625 -7.013 -7.182 -7.372 -6.657
2.5218 -5.929 -5.879 -5.954 -6.147 -6.289 -6.428 -6.068 -6.169 -6.292 -6.434 -6.574 -6.723 -6.164 -6.337 -6.509 -6.629 -6.74 -6.401 -6.543 -6.663 -6.762 -6.93 -6.506 -6.411 -6.564 -6.952 -7.121 -7.312 -6.597
2.5826 -5.868 -5.819 -5.893 -6.086 -6.229 -6.368 -6.007 -6.109 -6.231 -6.373 -6.514 -6.662 -6.104 -6.276 -6.448 -6.569 -6.68 -6.34 -6.483 -6.602 -6.702 -6.87 -6.446 -6.351 -6.504 -6.891 -7.061 -7.251 -6.536
2.6449 -5.808 -5.758 -5.833 -6.026 -6.168 -6.307 -5.947 -6.048 -6.171 -6.313 -6.453 -6.602 -6.043 -6.216 -6.388 -6.508 -6.619 -6.28 -6.422 -6.542 -6.641 -6.809 -6.385 -6.29 -6.443 -6.831 -7.0 -7.191 -6.476
2.7087 -5.747 -5.698 -5.772 -5.965 -6.108 -6.247 -5.886 -5.988 -6.11 -6.252 -6.393 -6.541 -5.983 -6.155 -6.327 -6.448 -6.558 -6.219 -6.362 -6.481 -6.58 -6.749 -6.325 -6.23 -6.382 -6.77 -6.94 -7.13 -6.415
2.7741 -5.686 -5.637 -5.712 -5.905 -6.047 -6.186 -5.826 -5.927 -6.05 -6.192 -6.332 -6.481 -5.922 -6.095 -6.267 -6.387 -6.498 -6.159 -6.301 -6.421 -6.52 -6.688 -6.264 -6.169 -6.322 -6.71 -6.879 -7.07 -6.355
2.841 -5.627 -5.577 -5.652 -5.845 -5.988 -6.127 -5.766 -5.868 -5.99 -6.132 -6.272 -6.421 -5.863 -6.035 -6.207 -6.328 -6.438 -6.099 -6.241 -6.361 -6.46 -6.629 -6.205 -6.11 -6.262 -6.65 -6.82 -7.01 -6.295
2.9095 -5.569 -5.519 -5.594 -5.787 -5.929 -6.068 -5.708 -5.809 -5.932 -6.074 -6.214 -6.363 -5.804 -5.977 -6.149 -6.269 -6.38 -6.041 -6.183 -6.303 -6.402 -6.57 -6.146 -6.051 -6.204 -6.592 -6.761 -6.952 -6.237
2.9797 -5.51 -5.461 -5.536 -5.729 -5.871 -6.01 -5.649 -5.751 -5.873 -6.015 -6.156 -6.304 -5.746 -5.919 -6.09 -6.211 -6.322 -5.982 -6.125 -6.245 -6.344 -6.512 -6.088 -5.993 -6.146 -6.534 -6.703 -6.893 -6.178
3.0516 -5.452 -5.402 -5.477 -5.67 -5.813 -5.952 -5.591 -5.693 -5.815 -5.957 -6.097 -6.246 -5.688 -5.86 -6.032 -6.153 -6.263 -5.924 -6.067 -6.186 -6.285 -6.454 -6.03 -5.935 -6.087 -6.475 -6.645 -6.835 -6.12
3.1252 -5.394 -5.344 -5.419 -5.612 -5.754 -5.893 -5.533 -5.634 -5.757 -5.899 -6.039 -6.188 -5.629 -5.802 -5.974 -6.094 -6.205 -5.866 -6.008 -6.128 -6.227 -6.395 -5.971 -5.876 -6.029 -6.417 -6.586 -6.777 -6.062
3.2006 -5.335 -5.286 -5.361 -5.554 -5.696 -5.835 -5.474 -5.576 -5.698 -5.84 -5.981 -6.129 -5.571 -5.744 -5.915 -6.036 -6.147 -5.807 -5.95 -6.07 -6.169 -6.337 -5.913 -5.818 -5.971 -6.359 -6.528 -6.718 -6.003
3.2778 -5.277 -5.228 -5.302 -5.495 -5.638 -5.777 -5.416 -5.518 -5.64 -5.782 -5.922 -6.071 -5.513 -5.685 -5.857 -5.978 -6.088 -5.749 -5.892 -6.011 -6.11 -6.279 -5.855 -5.76 -5.912 -6.3 -6.47 -6.66 -5.945
3.3569 -5.219 -5.169 -5.244 -5.437 -5.579 -5.719 -5.358 -5.459 -5.582 -5.724 -5.864 -6.013 -5.454 -5.627 -5.799 -5.919 -6.03 -5.691 -5.833 -5.953 -6.052 -6.22 -5.797 -5.701 -5.854 -6.242 -6.411 -6.602 -5.887
3.4378 -5.16 -5.111 -5.186 -5.379 -5.521 -5.66 -5.299 -5.401 -5.524 -5.665 -5.806 -5.954 -5.396 -5.569 -5.74 -5.861 -5.972 -5.632 -5.775 -5.895 -5.994 -6.162 -5.738 -5.643 -5.796 -6.184 -6.353 -6.543 -5.828
3.5208 -5.102 -5.053 -5.127 -5.32 -5.463 -5.602 -5.241 -5.343 -5.465 -5.607 -5.748 -5.896 -5.338 -5.51 -5.682 -5.803 -5.914 -5.574 -5.717 -5.836 -5.935 -6.104 -5.68 -5.585 -5.738 -6.125 -6.295 -6.485 -5.77
3.6057 -5.046 -4.997 -5.072 -5.265 -5.407 -5.546 -5.185 -5.287 -5.409 -5.551 -5.692 -5.84 -5.282 -5.454 -5.626 -5.747 -5.858 -5.518 -5.661 -5.781 -5.88 -6.048 -5.624 -5.529 -5.682 -6.07 -6.239 -6.429 -5.714
3.6927 -4.992 -4.943 -5.018 -5.211 -5.353 -5.492 -5.131 -5.233 -5.356 -5.497 -5.638 -5.786 -5.228 -5.401 -5.572 -5.693 -5.804 -5.464 -5.607 -5.727 -5.826 -5.994 -5.57 -5.475 -5.628 -6.016 -6.185 -6.375 -5.66
3.7818 -4.938 -4.889 -4.964 -5.157 -5.299 -5.438 -5.078 -5.179 -5.302 -5.444 -5.584 -5.733 -5.174 -5.347 -5.519 -5.639 -5.75 -5.411 -5.553 -5.673 -5.772 -5.94 -5.516 -5.421 -5.574 -5.962 -6.131 -6.322 -5.607
3.873 -4.885 -4.835 -4.91 -5.103 -5.245 -5.385 -5.024 -5.125 -5.248 -5.39 -5.53 -5.679 -5.12 -5.293 -5.465 -5.585 -5.696 -5.357 -5.499 -5.619 -5.718 -5.886 -5.463 -5.367 -5.52 -5.908 -6.077 -6.268 -5.553
3.9664 -4.831 -4.781 -4.856 -5.049 -5.192 -5.331 -4.97 -5.072 -5.194 -5.336 -5.476 -5.625 -5.067 -5.239 -5.411 -5.532 -5.642 -5.303 -5.445 -5.565 -5.664 -5.833 -5.409 -5.313 -5.466 -5.854 -6.024 -6.214 -5.499
4.0621 -4.777 -4.728 -4.802 -4.995 -5.138 -5.277 -4.916 -5.018 -5.14 -5.282 -5.422 -5.571 -5.013 -5.185 -5.357 -5.478 -5.588 -5.249 -5.392 -5.511 -5.61 -5.779 -5.355 -5.26 -5.412 -5.8 -5.97 -6.16 -5.445
4.1601 -4.723 -4.674 -4.749 -4.941 -5.084 -5.223 -4.862 -4.964 -5.086 -5.228 -5.369 -5.517 -4.959 -5.131 -5.303 -5.424 -5.535 -5.195 -5.338 -5.458 -5.557 -5.725 -5.301 -5.206 -5.359 -5.747 -5.916 -6.106 -5.391
4.2604 -4.669 -4.62 -4.695 -4.888 -5.03 -5.169 -4.808 -4.91 -5.032 -5.174 -5.315 -5.463 -4.905 -5.078 -5.249 -5.37 -5.481 -5.141 -5.284 -5.404 -5.503 -5.671 -5.247 -5.152 -5.305 -5.693 -5.862 -6.052 -5.337
4.3632 -4.615 -4.566 -4.641 -4.834 -4.976 -5.115 -4.755 -4.856 -4.979 -5.12 -5.261 -5.41 -4.851 -5.024 -5.196 -5.316 -5.427 -5.087 -5.23 -5.35 -5.449 -5.617 -5.193 -5.098 -5.251 -5.639 -5.808 -5.999 -5.284
4.4685 -4.562 -4.512 -4.587 -4.78 -4.922 -5.061 -4.701 -4.802 -4.925 -5.067 -5.207 -5.356 -4.797 -4.97 -5.142 -5.262 -5.373 -5.034 -5.176 -5.296 -5.395 -5.563 -5.139 -5.044 -5.197 -5.585 -5.754 -5.945 -5.23
4.5763 -4.507 -4.458 -4.533 -4.726 -4.868 -5.007 -4.646 -4.748 -4.87 -5.012 -5.153 -5.301 -4.743 -4.916 -5.087 -5.208 -5.319 -4.979 -5.122 -5.242 -5.341 -5.509 -5.085 -4.99 -5.143 -5.531 -5.7 -5.89 -5.175
4.6867 -4.453 -4.403 -4.478 -4.671 -4.814 -4.953 -4.592 -4.694 -4.816 -4.958 -5.098 -5.247 -4.689 -4.861 -5.033 -5.154 -5.264 -4.925 -5.067 -5.187 -5.286 -5.455 -5.031 -4.936 -5.088 -5.476 -5.646 -5.836 -5.121
4.7997 -4.398 -4.349 -4.424 -4.617 -4.759 -4.898 -4.537 -4.639 -4.762 -4.903 -5.044 -5.193 -4.634 -4.807 -4.979 -5.099 -5.21 -4.87 -5.013 -5.133 -5.232 -5.4 -4.976 -4.881 -5.034 -5.422 -5.591 -5.782 -5.067
4.9155 -4.344 -4.295 -4.369 -4.562 -4.705 -4.844 -4.483 -4.585 -4.707 -4.849 -4.989 -5.138 -4.58 -4.752 -4.924 -5.045 -5.155 -4.816 -4.959 -5.078 -5.177 -5.346 -4.922 -4.827 -4.979 -5.367 -5.537 -5.727 -5.012
5.0341 -4.29 -4.24 -4.315 -4.508 -4.65 -4.789 -4.429 -4.53 -4.653 -4.795 -4.935 -5.084 -4.525 -4.698 -4.87 -4.99 -5.101 -4.762 -4.904 -5.024 -5.123 -5.291 -4.867 -4.772 -4.925 -5.313 -5.482 -5.673 -4.958
5.1555 -4.235 -4.186 -4.26 -4.453 -4.596 -4.735 -4.374 -4.476 -4.598 -4.74 -4.881 -5.029 -4.471 -4.643 -4.815 -4.936 -5.047 -4.707 -4.85 -4.97 -5.069 -5.237 -4.813 -4.718 -4.871 -5.259 -5.428 -5.618 -4.903
5.2799 -4.181 -4.131 -4.206 -4.399 -4.541 -4.681 -4.32 -4.421 -4.544 -4.686 -4.826 -4.975 -4.416 -4.589 -4.761 -4.881 -4.992 -4.653 -4.795 -4.915 -5.014 -5.182 -4.759 -4.663 -4.816 -5.204 -5.373 -5.564 -4.849
5.4072 -4.126 -4.077 -4.152 -4.345 -4.487 -4.626 -4.265 -4.367 -4.489 -4.631 -4.772 -4.92 -4.362 -4.534 -4.706 -4.827 -4.938 -4.598 -4.741 -4.861 -4.96 -5.128 -4.704 -4.609 -4.762 -5.15 -5.319 -5.509 -4.794
5.5377 -4.072 -4.022 -4.097 -4.29 -4.433 -4.572 -4.211 -4.312 -4.435 -4.577 -4.717 -4.866 -4.307 -4.48 -4.652 -4.773 -4.883 -4.544 -4.686 -4.806 -4.905 -5.073 -4.65 -4.554 -4.707 -5.095 -5.264 -5.455 -4.74
5.6713 -4.017 -3.968 -4.043 -4.236 -4.378 -4.517 -4.156 -4.258 -4.38 -4.522 -4.663 -4.811 -4.253 -4.426 -4.597 -4.718 -4.829 -4.489 -4.632 -4.752 -4.851 -5.019 -4.595 -4.5 -4.653 -5.041 -5.21 -5.4 -4.685
5.8081 -3.965 -3.916 -3.991 -4.184 -4.326 -4.465 -4.104 -4.206 -4.328 -4.47 -4.611 -4.759 -4.201 -4.374 -4.545 -4.666 -4.777 -4.437 -4.58 -4.7 -4.799 -4.967 -4.543 -4.448 -4.601 -4.989 -5.158 -5.348 -4.633
5.9482 -3.914 -3.864 -3.939 -4.132 -4.274 -4.413 -4.053 -4.154 -4.277 -4.419 -4.559 -4.708 -4.149 -4.322 -4.494 -4.614 -4.725 -4.386 -4.528 -4.648 -4.747 -4.915 -4.491 -4.396 -4.549 -4.937 -5.106 -5.297 -4.582
6.0917 -3.862 -3.813 -3.887 -4.08 -4.223 -4.362 -4.001 -4.103 -4.225 -4.367 -4.507 -4.656 -4.098 -4.27 -4.442 -4.563 -4.673 -4.334 -4.477 -4.596 -4.695 -4.864 -4.44 -4.345 -4.497 -4.885 -5.055 -5.245 -4.53
6.2386 -3.81 -3.761 -3.836 -4.029 -4.171 -4.31 -3.949 -4.051 -4.174 -4.315 -4.456 -4.604 -4.046 -4.219 -4.39 -4.511 -4.622 -4.282 -4.425 -4.545 -4.644 -4.812 -4.388 -4.293 -4.446 -4.834 -5.003 -5.193 -4.478
6.3891 -3.759 -3.709 -3.784 -3.977 -4.119 -4.259 -3.898 -3.999 -4.122 -4.264 -4.404 -4.553 -3.994 -4.167 -4.339 -4.46 -4.57 -4.231 -4.373 -4.493 -4.592 -4.76 -4.337 -4.241 -4.394 -4.782 -4.951 -5.142 -4.427
6.5433 -3.707 -3.658 -3.733 -3.925 -4.068 -4.207 -3.846 -3.948 -4.07 -4.212 -4.353 -4.501 -3.943 -4.115 -4.287 -4.408 -4.519 -4.179 -4.322 -4.442 -4.541 -4.709 -4.285 -4.19 -4.343 -4.731 -4.9 -5.09 -4.375
6.7011 -3.655 -3.606 -3.681 -3.874 -4.016 -4.155 -3.795 -3.896 -4.019 -4.161 -4.301 -4.45 -3.891 -4.064 -4.236 -4.356 -4.467 -4.128 -4.27 -4.39 -4.489 -4.657 -4.233 -4.138 -4.291 -4.679 -4.848 -5.039 -4.324
6.8627 -3.604 -3.554 -3.629 -3.822 -3.965 -4.104 -3.743 -3.845 -3.967 -4.109 -4.249 -4.398 -3.84 -4.012 -4.184 -4.305 -4.415 -4.076 -4.218 -4.338 -4.437 -4.606 -4.182 -4.087 -4.239 -4.627 -4.797 -4.987 -4.272
7.0283 -3.552 -3.503 -3.578 -3.771 -3.913 -4.052 -3.691 -3.793 -3.915 -4.057 -4.198 -4.346 -3.788 -3.961 -4.132 -4.253 -4.364 -4.024 -4.167 -4.287 -4.386 -4.554 -4.13 -4.035 -4.188 -4.576 -4.745 -4.935 -4.22
7.1978 -3.501 -3.451 -3.526 -3.719 -3.861 -4.001 -3.64 -3.741 -3.864 -4.006 -4.146 -4.295 -3.736 -3.909 -4.081 -4.201 -4.312 -3.973 -4.115 -4.235 -4.334 -4.502 -4.079 -3.983 -4.136 -4.524 -4.693 -4.884 -4.169
7.3715 -3.451 -3.402 -3.477 -3.67 -3.812 -3.951 -3.59 -3.692 -3.814 -3.956 -4.097 -4.245 -3.687 -3.86 -4.031 -4.152 -4.263 -3.923 -4.066 -4.186 -4.285 -4.453 -4.029 -3.934 -4.087 -4.475 -4.644 -4.834 -4.119
7.5493 -3.402 -3.352 -3.427 -3.62 -3.763 -3.902 -3.541 -3.643 -3.765 -3.907 -4.047 -4.196 -3.638 -3.81 -3.982 -4.103 -4.213 -3.874 -4.016 -4.136 -4.235 -4.404 -3.98 -3.885 -4.037 -4.425 -4.595 -4.785 -4.07
7.7314 -3.352 -3.303 -3.378 -3.571 -3.713 -3.852 -3.492 -3.593 -3.716 -3.858 -3.998 -4.147 -3.588 -3.761 -3.933 -4.053 -4.164 -3.825 -3.967 -4.087 -4.186 -4.354 -3.93 -3.835 -3.988 -4.376 -4.545 -4.736 -4.021
7.9179 -3.303 -3.254 -3.328 -3.521 -3.664 -3.803 -3.442 -3.544 -3.666 -3.808 -3.949 -4.097 -3.539 -3.711 -3.883 -4.004 -4.115 -3.775 -3.918 -4.038 -4.137 -4.305 -3.881 -3.786 -3.939 -4.327 -4.496 -4.686 -3.971
8.1089 -3.254 -3.204 -3.279 -3.472 -3.614 -3.754 -3.393 -3.494 -3.617 -3.759 -3.899 -4.048 -3.489 -3.662 -3.834 -3.955 -4.065 -3.726 -3.868 -3.988 -4.087 -4.255 -3.832 -3.736 -3.889 -4.277 -4.446 -4.637 -3.922
8.3045 -3.204 -3.155 -3.23 -3.423 -3.565 -3.704 -3.343 -3.445 -3.568 -3.709 -3.85 -3.998 -3.44 -3.613 -3.784 -3.905 -4.016 -3.676 -3.819 -3.939 -4.038 -4.206 -3.782 -3.687 -3.84 -4.228 -4.397 -4.587 -3.872
8.5049 -3.155 -3.106 -3.18 -3.373 -3.516 -3.655 -3.294 -3.396 -3.518 -3.66 -3.8 -3.949 -3.391 -3.563 -3.735 -3.856 -3.966 -3.627 -3.77 -3.889 -3.988 -4.157 -3.733 -3.638 -3.79 -4.178 -4.348 -4.538 -3.823
8.71 -3.106 -3.056 -3.131 -3.324 -3.466 -3.605 -3.245 -3.346 -3.469 -3.611 -3.751 -3.9 -3.341 -3.514 -3.686 -3.806 -3.917 -3.578 -3.72 -3.84 -3.939 -4.107 -3.683 -3.588 -3.741 -4.129 -4.298 -4.489 -3.774
