web/models/grb/onaxis/9/grb_0.0000_372.7594_10.0000000.dat
# %ECSV 1.0
# ---
# datatype:
# - {name: time, datatype: float64}
# - {name: swift_uvot_uvw2, datatype: float64}
# - {name: swift_uvot_uvm2, datatype: float64}
# - {name: swift_uvot_uvw1, datatype: float64}
# - {name: swift_uvot_U, datatype: float64}
# - {name: swift_uvot_B, datatype: float64}
# - {name: swift_uvot_V, datatype: float64}
# - {name: swift_uvot_W, datatype: float64}
# - {name: johnson_U, datatype: float64}
# - {name: johnson_B, datatype: float64}
# - {name: johnson_V, datatype: float64}
# - {name: johnson_R, datatype: float64}
# - {name: johnson_I, datatype: float64}
# - {name: sdss_u, datatype: float64}
# - {name: sdss_g, datatype: float64}
# - {name: sdss_r, datatype: float64}
# - {name: sdss_i, datatype: float64}
# - {name: sdss_z, datatype: float64}
# - {name: PS1_g, datatype: float64}
# - {name: PS1_r, datatype: float64}
# - {name: PS1_i, datatype: float64}
# - {name: PS1_z, datatype: float64}
# - {name: PS1_Y, datatype: float64}
# - {name: PS1_w, datatype: float64}
# - {name: ATLAS_c, datatype: float64}
# - {name: ATLAS_o, datatype: float64}
# - {name: ukirt_J, datatype: float64}
# - {name: ukirt_H, datatype: float64}
# - {name: ukirt_K, datatype: float64}
# - {name: Clear, datatype: float64}
# meta: !!omap
# - comment: [E = 0.16176451642579392, Eta0 = 8.02, GammaB = 12.0, dL = 0.012188, epsb = 6.760829753919819e-06, epse = 0.1, n = 10.0,
#     p = 2.15, theta_obs = 0.0, xiN = 1.0, z = 0.0, type = grb, E_kiso = 372.7593720314938]
# schema: astropy-2.0
time swift_uvot_uvw2 swift_uvot_uvm2 swift_uvot_uvw1 swift_uvot_U swift_uvot_B swift_uvot_V swift_uvot_W johnson_U johnson_B johnson_V johnson_R johnson_I sdss_u sdss_g sdss_r sdss_i sdss_z PS1_g PS1_r PS1_i PS1_z PS1_Y PS1_w ATLAS_c ATLAS_o ukirt_J ukirt_H ukirt_K Clear
[from data line 278]
7.5493 -7.278 -7.228 -7.303 -7.496 -7.638 -7.778 -7.417 -7.518 -7.641 -7.783 -7.923 -8.072 -7.513 -7.686 -7.858 -7.978 -8.089 -7.75 -7.892 -8.012 -8.111 -8.279 -7.855 -7.76 -7.913 -8.301 -8.47 -8.661 -7.946
7.7314 -7.233 -7.183 -7.258 -7.451 -7.594 -7.733 -7.372 -7.474 -7.596 -7.738 -7.878 -8.027 -7.468 -7.641 -7.813 -7.934 -8.044 -7.705 -7.847 -7.967 -8.066 -8.234 -7.811 -7.715 -7.868 -8.256 -8.426 -8.616 -7.901
7.9179 -7.188 -7.138 -7.213 -7.406 -7.549 -7.688 -7.327 -7.429 -7.551 -7.693 -7.833 -7.982 -7.424 -7.596 -7.768 -7.889 -7.999 -7.66 -7.803 -7.922 -8.021 -8.19 -7.766 -7.671 -7.823 -8.211 -8.381 -8.571 -7.856
8.1089 -7.143 -7.094 -7.168 -7.361 -7.504 -7.643 -7.282 -7.384 -7.506 -7.648 -7.789 -7.937 -7.379 -7.551 -7.723 -7.844 -7.955 -7.615 -7.758 -7.877 -7.977 -8.145 -7.721 -7.626 -7.779 -8.166 -8.336 -8.526 -7.811
8.3045 -7.098 -7.049 -7.124 -7.317 -7.459 -7.598 -7.237 -7.339 -7.461 -7.603 -7.744 -7.892 -7.334 -7.506 -7.678 -7.799 -7.91 -7.57 -7.713 -7.833 -7.932 -8.1 -7.676 -7.581 -7.734 -8.122 -8.291 -8.481 -7.766
8.5049 -7.053 -7.004 -7.079 -7.272 -7.414 -7.553 -7.192 -7.294 -7.417 -7.558 -7.699 -7.847 -7.289 -7.462 -7.633 -7.754 -7.865 -7.525 -7.668 -7.788 -7.887 -8.055 -7.631 -7.536 -7.689 -8.077 -8.246 -8.436 -7.721
8.71 -7.008 -6.959 -7.034 -7.227 -7.369 -7.508 -7.148 -7.249 -7.372 -7.514 -7.654 -7.803 -7.244 -7.417 -7.589 -7.709 -7.82 -7.481 -7.623 -7.743 -7.842 -8.01 -7.586 -7.491 -7.644 -8.032 -8.201 -8.392 -7.677
8.9201 -6.964 -6.914 -6.989 -7.182 -7.324 -7.464 -7.103 -7.204 -7.327 -7.469 -7.609 -7.758 -7.199 -7.372 -7.544 -7.664 -7.775 -7.436 -7.578 -7.698 -7.797 -7.965 -7.541 -7.446 -7.599 -7.987 -8.156 -8.347 -7.632
9.1353 -6.919 -6.869 -6.944 -7.137 -7.28 -7.419 -7.058 -7.16 -7.282 -7.424 -7.564 -7.713 -7.154 -7.327 -7.499 -7.62 -7.73 -7.391 -7.533 -7.653 -7.752 -7.92 -7.497 -7.401 -7.554 -7.942 -8.112 -8.302 -7.587
9.3557 -6.874 -6.824 -6.899 -7.092 -7.235 -7.374 -7.013 -7.115 -7.237 -7.379 -7.519 -7.668 -7.11 -7.282 -7.454 -7.575 -7.685 -7.346 -7.489 -7.608 -7.707 -7.876 -7.452 -7.357 -7.509 -7.897 -8.067 -8.257 -7.542
9.5814 -6.832 -6.782 -6.857 -7.05 -7.192 -7.332 -6.971 -7.072 -7.195 -7.337 -7.477 -7.626 -7.067 -7.24 -7.412 -7.533 -7.643 -7.304 -7.446 -7.566 -7.665 -7.833 -7.41 -7.314 -7.467 -7.855 -8.024 -8.215 -7.5
9.8125 -6.791 -6.741 -6.816 -7.009 -7.151 -7.291 -6.93 -7.031 -7.154 -7.296 -7.436 -7.585 -7.026 -7.199 -7.371 -7.491 -7.602 -7.263 -7.405 -7.525 -7.624 -7.792 -7.369 -7.273 -7.426 -7.814 -7.983 -8.174 -7.459
10.0492 -6.75 -6.7 -6.775 -6.968 -7.11 -7.25 -6.889 -6.99 -7.113 -7.255 -7.395 -7.544 -6.985 -7.158 -7.33 -7.45 -7.561 -7.222 -7.364 -7.484 -7.583 -7.751 -7.328 -7.232 -7.385 -7.773 -7.942 -8.133 -7.418
10.2917 -6.709 -6.659 -6.734 -6.927 -7.069 -7.209 -6.848 -6.949 -7.072 -7.214 -7.354 -7.503 -6.944 -7.117 -7.289 -7.409 -7.52 -7.181 -7.323 -7.443 -7.542 -7.71 -7.287 -7.191 -7.344 -7.732 -7.901 -8.092 -7.377
10.5399 -6.668 -6.618 -6.693 -6.886 -7.028 -7.168 -6.807 -6.908 -7.031 -7.173 -7.313 -7.462 -6.903 -7.076 -7.248 -7.368 -7.479 -7.14 -7.282 -7.402 -7.501 -7.669 -7.246 -7.15 -7.303 -7.691 -7.86 -8.051 -7.336
10.7942 -6.627 -6.577 -6.652 -6.845 -6.987 -7.127 -6.766 -6.867 -6.99 -7.132 -7.272 -7.421 -6.862 -7.035 -7.207 -7.327 -7.438 -7.099 -7.241 -7.361 -7.46 -7.628 -7.205 -7.109 -7.262 -7.65 -7.819 -8.01 -7.295
11.0546 -6.586 -6.536 -6.611 -6.804 -6.946 -7.086 -6.725 -6.826 -6.949 -7.091 -7.231 -7.38 -6.821 -6.994 -7.166 -7.286 -7.397 -7.058 -7.2 -7.32 -7.419 -7.587 -7.164 -7.068 -7.221 -7.609 -7.778 -7.969 -7.254
11.3212 -6.545 -6.495 -6.57 -6.763 -6.905 -7.045 -6.684 -6.785 -6.908 -7.05 -7.19 -7.339 -6.78 -6.953 -7.125 -7.245 -7.356 -7.017 -7.159 -7.279 -7.378 -7.546 -7.122 -7.027 -7.18 -7.568 -7.737 -7.928 -7.213
11.5943 -6.504 -6.454 -6.529 -6.722 -6.864 -7.003 -6.643 -6.744 -6.867 -7.009 -7.149 -7.298 -6.739 -6.912 -7.084 -7.204 -7.315 -6.976 -7.118 -7.238 -7.337 -7.505 -7.081 -6.986 -7.139 -7.527 -7.696 -7.887 -7.172
11.874 -6.463 -6.413 -6.488 -6.681 -6.823 -6.962 -6.602 -6.703 -6.826 -6.968 -7.108 -7.257 -6.698 -6.871 -7.043 -7.163 -7.274 -6.935 -7.077 -7.197 -7.296 -7.464 -7.04 -6.945 -7.098 -7.486 -7.655 -7.846 -7.131
12.1605 -6.424 -6.374 -6.449 -6.642 -6.784 -6.924 -6.563 -6.664 -6.787 -6.929 -7.069 -7.218 -6.659 -6.832 -7.004 -7.125 -7.235 -6.896 -7.038 -7.158 -7.257 -7.425 -7.002 -6.906 -7.059 -7.447 -7.616 -7.807 -7.092
12.4538 -6.385 -6.336 -6.411 -6.604 -6.746 -6.885 -6.524 -6.626 -6.748 -6.89 -7.031 -7.179 -6.621 -6.794 -6.965 -7.086 -7.197 -6.857 -7.0 -7.12 -7.219 -7.387 -6.963 -6.868 -7.021 -7.409 -7.578 -7.768 -7.053
12.7542 -6.347 -6.297 -6.372 -6.565 -6.708 -6.847 -6.486 -6.588 -6.71 -6.852 -6.992 -7.141 -6.583 -6.755 -6.927 -7.048 -7.158 -6.819 -6.961 -7.081 -7.18 -7.349 -6.925 -6.83 -6.982 -7.37 -7.54 -7.73 -7.015
13.0619 -6.308 -6.259 -6.334 -6.527 -6.669 -6.808 -6.447 -6.549 -6.672 -6.813 -6.954 -7.102 -6.544 -6.717 -6.889 -7.009 -7.12 -6.78 -6.923 -7.043 -7.142 -7.31 -6.886 -6.791 -6.944 -7.332 -7.501 -7.692 -6.977
13.377 -6.27 -6.221 -6.295 -6.488 -6.631 -6.77 -6.409 -6.511 -6.633 -6.775 -6.915 -7.064 -6.506 -6.678 -6.85 -6.971 -7.081 -6.742 -6.885 -7.004 -7.103 -7.272 -6.848 -6.753 -6.905 -7.293 -7.463 -7.653 -6.938
13.6997 -6.232 -6.182 -6.257 -6.45 -6.592 -6.731 -6.371 -6.472 -6.595 -6.737 -6.877 -7.026 -6.467 -6.64 -6.812 -6.932 -7.043 -6.704 -6.846 -6.966 -7.065 -7.233 -6.809 -6.714 -6.867 -7.255 -7.424 -7.615 -6.9
14.0302 -6.193 -6.144 -6.218 -6.411 -6.554 -6.693 -6.332 -6.434 -6.556 -6.698 -6.839 -6.987 -6.429 -6.601 -6.773 -6.894 -7.005 -6.665 -6.808 -6.928 -7.027 -7.195 -6.771 -6.676 -6.829 -7.217 -7.386 -7.576 -6.861
14.3686 -6.155 -6.105 -6.18 -6.373 -6.515 -6.655 -6.294 -6.395 -6.518 -6.66 -6.8 -6.949 -6.39 -6.563 -6.735 -6.855 -6.966 -6.627 -6.769 -6.889 -6.988 -7.156 -6.733 -6.637 -6.79 -7.178 -7.347 -7.538 -6.823
14.7153 -6.116 -6.067 -6.142 -6.335 -6.477 -6.616 -6.255 -6.357 -6.479 -6.621 -6.762 -6.91 -6.352 -6.524 -6.696 -6.817 -6.928 -6.588 -6.731 -6.851 -6.95 -7.118 -6.694 -6.599 -6.752 -7.14 -7.309 -7.499 -6.784
15.0702 -6.078 -6.028 -6.103 -6.296 -6.439 -6.578 -6.217 -6.319 -6.441 -6.583 -6.723 -6.872 -6.313 -6.486 -6.658 -6.779 -6.889 -6.55 -6.692 -6.812 -6.911 -7.079 -6.656 -6.56 -6.713 -7.101 -7.271 -7.461 -6.746
15.4338 -6.036 -5.986 -6.061 -6.254 -6.397 -6.536 -6.175 -6.277 -6.399 -6.541 -6.681 -6.83 -6.272 -6.444 -6.616 -6.737 -6.847 -6.508 -6.651 -6.77 -6.869 -7.038 -6.614 -6.519 -6.671 -7.059 -7.229 -7.419 -6.704
15.8061 -5.994 -5.944 -6.019 -6.212 -6.355 -6.494 -6.133 -6.235 -6.357 -6.499 -6.639 -6.788 -6.23 -6.402 -6.574 -6.695 -6.805 -6.466 -6.609 -6.728 -6.827 -6.996 -6.572 -6.477 -6.629 -7.017 -7.187 -7.377 -6.662
16.1874 -5.952 -5.903 -5.977 -6.17 -6.313 -6.452 -6.091 -6.193 -6.315 -6.457 -6.597 -6.746 -6.188 -6.36 -6.532 -6.653 -6.763 -6.424 -6.567 -6.686 -6.785 -6.954 -6.53 -6.435 -6.587 -6.975 -7.145 -7.335 -6.62
16.5779 -5.91 -5.861 -5.935 -6.128 -6.271 -6.41 -6.049 -6.151 -6.273 -6.415 -6.556 -6.704 -6.146 -6.318 -6.49 -6.611 -6.721 -6.382 -6.525 -6.644 -6.743 -6.912 -6.488 -6.393 -6.545 -6.933 -7.103 -7.293 -6.578
16.9778 -5.868 -5.819 -5.893 -6.086 -6.229 -6.368 -6.007 -6.109 -6.231 -6.373 -6.514 -6.662 -6.104 -6.276 -6.448 -6.569 -6.679 -6.34 -6.483 -6.602 -6.701 -6.87 -6.446 -6.351 -6.503 -6.891 -7.061 -7.251 -6.536
17.3873 -5.826 -5.777 -5.851 -6.044 -6.187 -6.326 -5.965 -6.067 -6.189 -6.331 -6.472 -6.62 -6.062 -6.234 -6.406 -6.527 -6.638 -6.298 -6.441 -6.56 -6.659 -6.828 -6.404 -6.309 -6.462 -6.849 -7.019 -7.209 -6.494
17.8068 -5.784 -5.735 -5.809 -6.002 -6.145 -6.284 -5.923 -6.025 -6.147 -6.289 -6.43 -6.578 -6.02 -6.192 -6.364 -6.485 -6.596 -6.256 -6.399 -6.518 -6.618 -6.786 -6.362 -6.267 -6.42 -6.807 -6.977 -7.167 -6.452
18.2363 -5.742 -5.693 -5.767 -5.96 -6.103 -6.242 -5.881 -5.983 -6.105 -6.247 -6.388 -6.536 -5.978 -6.15 -6.322 -6.443 -6.554 -6.214 -6.357 -6.477 -6.576 -6.744 -6.32 -6.225 -6.378 -6.766 -6.935 -7.125 -6.41
18.6762 -5.7 -5.651 -5.726 -5.918 -6.061 -6.2 -5.839 -5.941 -6.063 -6.205 -6.346 -6.494 -5.936 -6.108 -6.28 -6.401 -6.512 -6.172 -6.315 -6.435 -6.534 -6.702 -6.278 -6.183 -6.336 -6.724 -6.893 -7.083 -6.368
19.1268 -5.659 -5.609 -5.684 -5.877 -6.019 -6.159 -5.798 -5.899 -6.022 -6.164 -6.304 -6.453 -5.894 -6.067 -6.239 -6.36 -6.47 -6.131 -6.273 -6.393 -6.492 -6.66 -6.237 -6.141 -6.294 -6.682 -6.851 -7.042 -6.327
19.5882 -5.622 -5.572 -5.647 -5.84 -5.982 -6.121 -5.761 -5.862 -5.985 -6.127 -6.267 -6.416 -5.857 -6.03 -6.202 -6.322 -6.433 -6.094 -6.236 -6.356 -6.455 -6.623 -6.199 -6.104 -6.257 -6.645 -6.814 -7.005 -6.29
20.0607 -5.585 -5.535 -5.61 -5.803 -5.945 -6.084 -5.724 -5.825 -5.948 -6.09 -6.23 -6.379 -5.82 -5.993 -6.165 -6.285 -6.396 -6.057 -6.199 -6.319 -6.418 -6.586 -6.162 -6.067 -6.22 -6.608 -6.777 -6.968 -6.253
20.5446 -5.547 -5.498 -5.573 -5.766 -5.908 -6.047 -5.687 -5.788 -5.911 -6.052 -6.193 -6.342 -5.783 -5.956 -6.128 -6.248 -6.359 -6.019 -6.162 -6.282 -6.381 -6.549 -6.125 -6.03 -6.183 -6.571 -6.74 -6.931 -6.216
21.0402 -5.51 -5.461 -5.536 -5.729 -5.871 -6.01 -5.649 -5.751 -5.874 -6.015 -6.156 -6.304 -5.746 -5.919 -6.09 -6.211 -6.322 -5.982 -6.125 -6.245 -6.344 -6.512 -6.088 -5.993 -6.146 -6.534 -6.703 -6.893 -6.178
21.5478 -5.473 -5.424 -5.499 -5.692 -5.834 -5.973 -5.612 -5.714 -5.836 -5.978 -6.119 -6.267 -5.709 -5.882 -6.053 -6.174 -6.285 -5.945 -6.088 -6.208 -6.307 -6.475 -6.051 -5.956 -6.109 -6.497 -6.666 -6.856 -6.141
22.0676 -5.436 -5.387 -5.462 -5.655 -5.797 -5.936 -5.575 -5.677 -5.799 -5.941 -6.082 -6.23 -5.672 -5.844 -6.016 -6.137 -6.248 -5.908 -6.051 -6.171 -6.27 -6.438 -6.014 -5.919 -6.072 -6.46 -6.629 -6.819 -6.104
22.5999 -5.399 -5.35 -5.424 -5.617 -5.76 -5.899 -5.538 -5.64 -5.762 -5.904 -6.045 -6.193 -5.635 -5.807 -5.979 -6.1 -6.211 -5.871 -6.014 -6.134 -6.233 -6.401 -5.977 -5.882 -6.035 -6.423 -6.592 -6.782 -6.067
23.1451 -5.362 -5.313 -5.387 -5.58 -5.723 -5.862 -5.501 -5.603 -5.725 -5.867 -6.008 -6.156 -5.598 -5.77 -5.942 -6.063 -6.173 -5.834 -5.977 -6.096 -6.195 -6.364 -5.94 -5.845 -5.997 -6.385 -6.555 -6.745 -6.03
23.7034 -5.325 -5.275 -5.35 -5.543 -5.686 -5.825 -5.464 -5.566 -5.688 -5.83 -5.97 -6.119 -5.561 -5.733 -5.905 -6.026 -6.136 -5.797 -5.94 -6.059 -6.158 -6.327 -5.903 -5.808 -5.96 -6.348 -6.518 -6.708 -5.993
24.2752 -5.288 -5.239 -5.314 -5.506 -5.649 -5.788 -5.427 -5.529 -5.651 -5.793 -5.934 -6.082 -5.524 -5.696 -5.868 -5.989 -6.1 -5.76 -5.903 -6.023 -6.122 -6.29 -5.866 -5.771 -5.924 -6.312 -6.481 -6.671 -5.956
24.8608 -5.252 -5.203 -5.278 -5.471 -5.613 -5.752 -5.391 -5.493 -5.615 -5.757 -5.898 -6.046 -5.488 -5.66 -5.832 -5.953 -6.064 -5.724 -5.867 -5.987 -6.086 -6.254 -5.83 -5.735 -5.888 -6.276 -6.445 -6.635 -5.92
25.4606 -5.216 -5.167 -5.242 -5.435 -5.577 -5.716 -5.355 -5.457 -5.579 -5.721 -5.862 -6.01 -5.452 -5.625 -5.796 -5.917 -6.028 -5.688 -5.831 -5.951 -6.05 -6.218 -5.794 -5.699 -5.852 -6.24 -6.409 -6.599 -5.884
26.0748 -5.18 -5.131 -5.206 -5.399 -5.541 -5.68 -5.319 -5.421 -5.544 -5.685 -5.826 -5.974 -5.416 -5.589 -5.76 -5.881 -5.992 -5.652 -5.795 -5.915 -6.014 -6.182 -5.758 -5.663 -5.816 -6.204 -6.373 -6.563 -5.848
26.7038 -5.144 -5.095 -5.17 -5.363 -5.505 -5.644 -5.284 -5.385 -5.508 -5.649 -5.79 -5.939 -5.38 -5.553 -5.725 -5.845 -5.956 -5.616 -5.759 -5.879 -5.978 -6.146 -5.722 -5.627 -5.78 -6.168 -6.337 -6.528 -5.813
27.3479 -5.109 -5.059 -5.134 -5.327 -5.469 -5.608 -5.248 -5.349 -5.472 -5.614 -5.754 -5.903 -5.344 -5.517 -5.689 -5.809 -5.92 -5.581 -5.723 -5.843 -5.942 -6.11 -5.686 -5.591 -5.744 -6.132 -6.301 -6.492 -5.777
28.0077 -5.073 -5.023 -5.098 -5.291 -5.433 -5.572 -5.212 -5.313 -5.436 -5.578 -5.718 -5.867 -5.308 -5.481 -5.653 -5.773 -5.884 -5.545 -5.687 -5.807 -5.906 -6.074 -5.65 -5.555 -5.708 -6.096 -6.265 -6.456 -5.741
28.6833 -5.037 -4.987 -5.062 -5.255 -5.397 -5.537 -5.176 -5.277 -5.4 -5.542 -5.682 -5.831 -5.272 -5.445 -5.617 -5.738 -5.848 -5.509 -5.651 -5.771 -5.87 -6.038 -5.615 -5.519 -5.672 -6.06 -6.229 -6.42 -5.705
29.3752 -5.001 -4.951 -5.026 -5.219 -5.362 -5.501 -5.14 -5.241 -5.364 -5.506 -5.646 -5.795 -5.236 -5.409 -5.581 -5.702 -5.812 -5.473 -5.615 -5.735 -5.834 -6.002 -5.579 -5.483 -5.636 -6.024 -6.194 -6.384 -5.669
30.0838 -4.965 -4.915 -4.99 -5.183 -5.326 -5.465 -5.104 -5.206 -5.328 -5.47 -5.61 -5.759 -5.201 -5.373 -5.545 -5.666 -5.776 -5.437 -5.579 -5.699 -5.798 -5.967 -5.543 -5.448 -5.6 -5.988 -6.158 -6.348 -5.633
30.8096 -4.929 -4.879 -4.954 -5.147 -5.289 -5.429 -5.068 -5.169 -5.292 -5.434 -5.574 -5.723 -5.164 -5.337 -5.509 -5.629 -5.74 -5.401 -5.543 -5.663 -5.762 -5.93 -5.507 -5.411 -5.564 -5.952 -6.121 -6.312 -5.597
31.5528 -4.892 -4.843 -4.917 -5.11 -5.253 -5.392 -5.031 -5.133 -5.255 -5.397 -5.538 -5.686 -5.128 -5.3 -5.472 -5.593 -5.704 -5.364 -5.507 -5.626 -5.726 -5.894 -5.47 -5.375 -5.528 -5.915 -6.085 -6.275 -5.56
32.3139 -4.855 -4.806 -4.881 -5.074 -5.216 -5.355 -4.995 -5.096 -5.219 -5.361 -5.501 -5.65 -5.091 -5.264 -5.436 -5.556 -5.667 -5.328 -5.47 -5.59 -5.689 -5.857 -5.433 -5.338 -5.491 -5.879 -6.048 -6.239 -5.524
33.0935 -4.819 -4.769 -4.844 -5.037 -5.18 -5.319 -4.958 -5.06 -5.182 -5.324 -5.464 -5.613 -5.055 -5.227 -5.399 -5.52 -5.63 -5.291 -5.433 -5.553 -5.652 -5.821 -5.397 -5.302 -5.454 -5.842 -6.012 -6.202 -5.487
33.8918 -4.782 -4.733 -4.808 -5.001 -5.143 -5.282 -4.921 -5.023 -5.145 -5.287 -5.428 -5.576 -5.018 -5.191 -5.362 -5.483 -5.594 -5.254 -5.397 -5.517 -5.616 -5.784 -5.36 -5.265 -5.418 -5.806 -5.975 -6.165 -5.45
34.7093 -4.746 -4.696 -4.771 -4.964 -5.106 -5.246 -4.885 -4.986 -5.109 -5.251 -5.391 -5.54 -4.981 -5.154 -5.326 -5.447 -5.557 -5.218 -5.36 -5.48 -5.579 -5.747 -5.324 -5.228 -5.381 -5.769 -5.938 -6.129 -5.414
35.5466 -4.709 -4.66 -4.735 -4.927 -5.07 -5.209 -4.848 -4.95 -5.072 -5.214 -5.355 -5.503 -4.945 -5.117 -5.289 -5.41 -5.521 -5.181 -5.324 -5.444 -5.543 -5.711 -5.287 -5.192 -5.345 -5.733 -5.902 -6.092 -5.377
36.4041 -4.673 -4.623 -4.698 -4.891 -5.033 -5.172 -4.812 -4.913 -5.036 -5.178 -5.318 -5.467 -4.908 -5.081 -5.253 -5.373 -5.484 -5.145 -5.287 -5.407 -5.506 -5.674 -5.25 -5.155 -5.308 -5.696 -5.865 -6.056 -5.341
37.2823 -4.636 -4.587 -4.661 -4.854 -4.997 -5.136 -4.775 -4.877 -4.999 -5.141 -5.281 -5.43 -4.872 -5.044 -5.216 -5.337 -5.447 -5.108 -5.251 -5.37 -5.469 -5.638 -5.214 -5.119 -5.271 -5.659 -5.829 -6.019 -5.304
38.1817 -4.599 -4.55 -4.625 -4.818 -4.96 -5.099 -4.738 -4.84 -4.963 -5.104 -5.245 -5.393 -4.835 -5.008 -5.18 -5.3 -5.411 -5.071 -5.214 -5.334 -5.433 -5.601 -5.177 -5.082 -5.235 -5.623 -5.792 -5.983 -5.268
39.1028 -4.564 -4.515 -4.59 -4.783 -4.925 -5.064 -4.703 -4.805 -4.927 -5.069 -5.21 -5.358 -4.8 -4.972 -5.144 -5.265 -5.376 -5.036 -5.179 -5.299 -5.398 -5.566 -5.142 -5.047 -5.2 -5.588 -5.757 -5.947 -5.232
40.046 -4.53 -4.481 -4.556 -4.749 -4.891 -5.03 -4.669 -4.771 -4.893 -5.035 -5.176 -5.324 -4.766 -4.938 -5.11 -5.231 -5.342 -5.002 -5.145 -5.265 -5.364 -5.532 -5.108 -5.013 -5.166 -5.554 -5.723 -5.913 -5.198
41.0121 -4.496 -4.447 -4.522 -4.715 -4.857 -4.996 -4.635 -4.737 -4.859 -5.001 -5.142 -5.29 -4.732 -4.904 -5.076 -5.197 -5.308 -4.968 -5.111 -5.231 -5.33 -5.498 -5.074 -4.979 -5.132 -5.52 -5.689 -5.879 -5.164
42.0014 -4.462 -4.413 -4.488 -4.68 -4.823 -4.962 -4.601 -4.703 -4.825 -4.967 -5.108 -5.256 -4.698 -4.87 -5.042 -5.163 -5.274 -4.934 -5.077 -5.197 -5.296 -5.464 -5.04 -4.945 -5.098 -5.486 -5.655 -5.845 -5.13
43.0146 -4.428 -4.379 -4.454 -4.646 -4.789 -4.928 -4.567 -4.669 -4.791 -4.933 -5.074 -5.222 -4.664 -4.836 -5.008 -5.129 -5.24 -4.9 -5.043 -5.163 -5.262 -5.43 -5.006 -4.911 -5.064 -5.452 -5.621 -5.811 -5.096
44.0523 -4.394 -4.345 -4.419 -4.612 -4.755 -4.894 -4.533 -4.635 -4.757 -4.899 -5.04 -5.188 -4.63 -4.802 -4.974 -5.095 -5.206 -4.866 -5.009 -5.129 -5.228 -5.396 -4.972 -4.877 -5.03 -5.418 -5.587 -5.777 -5.062
45.1149 -4.36 -4.311 -4.385 -4.578 -4.721 -4.86 -4.499 -4.601 -4.723 -4.865 -5.006 -5.154 -4.596 -4.768 -4.94 -5.061 -5.172 -4.832 -4.975 -5.095 -5.194 -5.362 -4.938 -4.843 -4.996 -5.384 -5.553 -5.743 -5.028
