web/models/grb/onaxis/9/grb_0.0000_100.0000_0.0006310.dat
# %ECSV 1.0
# ---
# datatype:
# - {name: time, datatype: float64}
# - {name: swift_uvot_uvw2, datatype: float64}
# - {name: swift_uvot_uvm2, datatype: float64}
# - {name: swift_uvot_uvw1, datatype: float64}
# - {name: swift_uvot_U, datatype: float64}
# - {name: swift_uvot_B, datatype: float64}
# - {name: swift_uvot_V, datatype: float64}
# - {name: swift_uvot_W, datatype: float64}
# - {name: johnson_U, datatype: float64}
# - {name: johnson_B, datatype: float64}
# - {name: johnson_V, datatype: float64}
# - {name: johnson_R, datatype: float64}
# - {name: johnson_I, datatype: float64}
# - {name: sdss_u, datatype: float64}
# - {name: sdss_g, datatype: float64}
# - {name: sdss_r, datatype: float64}
# - {name: sdss_i, datatype: float64}
# - {name: sdss_z, datatype: float64}
# - {name: PS1_g, datatype: float64}
# - {name: PS1_r, datatype: float64}
# - {name: PS1_i, datatype: float64}
# - {name: PS1_z, datatype: float64}
# - {name: PS1_Y, datatype: float64}
# - {name: PS1_w, datatype: float64}
# - {name: ATLAS_c, datatype: float64}
# - {name: ATLAS_o, datatype: float64}
# - {name: ukirt_J, datatype: float64}
# - {name: ukirt_H, datatype: float64}
# - {name: ukirt_K, datatype: float64}
# - {name: Clear, datatype: float64}
# meta: !!omap
# - comment: [E = 0.043396498804093575, Eta0 = 8.02, GammaB = 12.0, dL = 0.012188, epsb = 6.760829753919819e-06, epse = 0.1, n = 0.000630957344480193,
#     p = 2.15, theta_obs = 0.0, xiN = 1.0, z = 0.0, type = grb, E_kiso = 100.0]
# schema: astropy-2.0
time swift_uvot_uvw2 swift_uvot_uvm2 swift_uvot_uvw1 swift_uvot_U swift_uvot_B swift_uvot_V swift_uvot_W johnson_U johnson_B johnson_V johnson_R johnson_I sdss_u sdss_g sdss_r sdss_i sdss_z PS1_g PS1_r PS1_i PS1_z PS1_Y PS1_w ATLAS_c ATLAS_o ukirt_J ukirt_H ukirt_K Clear
0.01 -7.673 -7.624 -7.699 -7.892 -8.034 -8.173 -7.813 -7.914 -8.037 -8.178 -8.319 -8.468 -7.909 -8.082 -8.254 -8.374 -8.485 -8.145 -8.288 -8.408 -8.507 -8.675 -8.251 -8.156 -8.309 -8.697 -8.866 -9.057 -8.342
0.0102 -7.619 -7.57 -7.645 -7.838 -7.98 -8.119 -7.758 -7.86 -7.983 -8.124 -8.265 -8.413 -7.855 -8.028 -8.2 -8.32 -8.431 -8.091 -8.234 -8.354 -8.453 -8.621 -8.197 -8.102 -8.255 -8.643 -8.812 -9.002 -8.287
0.0105 -7.575 -7.526 -7.601 -7.794 -7.936 -8.075 -7.714 -7.816 -7.939 -8.08 -8.221 -8.369 -7.811 -7.984 -8.156 -8.276 -8.387 -8.047 -8.19 -8.31 -8.409 -8.577 -8.153 -8.058 -8.211 -8.599 -8.768 -8.959 -8.244
0.0107 -7.534 -7.485 -7.559 -7.752 -7.895 -8.034 -7.673 -7.775 -7.897 -8.039 -8.18 -8.328 -7.77 -7.942 -8.114 -8.235 -8.345 -8.006 -8.149 -8.268 -8.367 -8.536 -8.112 -8.017 -8.169 -8.557 -8.727 -8.917 -8.202
0.011 -7.493 -7.443 -7.518 -7.711 -7.853 -7.993 -7.632 -7.733 -7.856 -7.998 -8.138 -8.287 -7.728 -7.901 -8.073 -8.193 -8.304 -7.965 -8.107 -8.227 -8.326 -8.494 -8.071 -7.975 -8.128 -8.516 -8.685 -8.876 -8.161
0.0113 -7.451 -7.402 -7.477 -7.67 -7.812 -7.951 -7.59 -7.692 -7.814 -7.956 -8.097 -8.245 -7.687 -7.86 -8.031 -8.152 -8.263 -7.923 -8.066 -8.186 -8.285 -8.453 -8.029 -7.934 -8.087 -8.475 -8.644 -8.834 -8.119
0.0115 -7.41 -7.36 -7.435 -7.628 -7.771 -7.91 -7.549 -7.651 -7.773 -7.915 -8.055 -8.204 -7.646 -7.818 -7.99 -8.111 -8.221 -7.882 -8.024 -8.144 -8.243 -8.412 -7.988 -7.893 -8.045 -8.433 -8.603 -8.793 -8.078
0.0118 -7.368 -7.319 -7.394 -7.587 -7.729 -7.868 -7.508 -7.609 -7.732 -7.874 -8.014 -8.163 -7.604 -7.777 -7.949 -8.069 -8.18 -7.841 -7.983 -8.103 -8.202 -8.37 -7.946 -7.851 -8.004 -8.392 -8.561 -8.752 -8.037
0.0121 -7.327 -7.278 -7.352 -7.545 -7.688 -7.827 -7.466 -7.568 -7.69 -7.832 -7.973 -8.121 -7.563 -7.735 -7.907 -8.028 -8.139 -7.799 -7.942 -8.062 -8.161 -8.329 -7.905 -7.81 -7.963 -8.351 -8.52 -8.71 -7.995
0.0124 -7.286 -7.236 -7.311 -7.504 -7.646 -7.786 -7.425 -7.526 -7.649 -7.791 -7.931 -8.08 -7.521 -7.694 -7.866 -7.987 -8.097 -7.758 -7.9 -8.02 -8.119 -8.287 -7.864 -7.768 -7.921 -8.309 -8.478 -8.669 -7.954
0.0127 -7.244 -7.195 -7.27 -7.463 -7.605 -7.744 -7.383 -7.485 -7.607 -7.749 -7.89 -8.038 -7.48 -7.653 -7.824 -7.945 -8.056 -7.716 -7.859 -7.979 -8.078 -8.246 -7.822 -7.727 -7.88 -8.268 -8.437 -8.627 -7.912
0.013 -7.206 -7.157 -7.231 -7.424 -7.567 -7.706 -7.345 -7.447 -7.569 -7.711 -7.852 -8.0 -7.442 -7.614 -7.786 -7.907 -8.017 -7.678 -7.821 -7.94 -8.039 -8.208 -7.784 -7.689 -7.841 -8.229 -8.399 -8.589 -7.874
0.0133 -7.187 -7.138 -7.213 -7.406 -7.548 -7.687 -7.327 -7.428 -7.551 -7.693 -7.833 -7.982 -7.423 -7.596 -7.768 -7.888 -7.999 -7.66 -7.802 -7.922 -8.021 -8.189 -7.765 -7.67 -7.823 -8.211 -8.38 -8.571 -7.856
0.0136 -7.169 -7.12 -7.194 -7.387 -7.53 -7.669 -7.308 -7.41 -7.532 -7.674 -7.814 -7.963 -7.405 -7.577 -7.749 -7.87 -7.98 -7.641 -7.784 -7.903 -8.002 -8.171 -7.747 -7.652 -7.804 -8.192 -8.362 -8.552 -7.837
0.014 -7.15 -7.101 -7.176 -7.369 -7.511 -7.65 -7.29 -7.391 -7.514 -7.656 -7.796 -7.945 -7.386 -7.559 -7.731 -7.851 -7.962 -7.623 -7.765 -7.885 -7.984 -8.152 -7.728 -7.633 -7.786 -8.174 -8.343 -8.534 -7.819
0.0143 -7.132 -7.083 -7.157 -7.35 -7.493 -7.632 -7.271 -7.373 -7.495 -7.637 -7.777 -7.926 -7.368 -7.54 -7.712 -7.833 -7.943 -7.604 -7.747 -7.866 -7.965 -8.134 -7.71 -7.615 -7.767 -8.155 -8.325 -8.515 -7.8
0.0146 -7.113 -7.064 -7.139 -7.332 -7.474 -7.613 -7.253 -7.354 -7.477 -7.618 -7.759 -7.908 -7.349 -7.522 -7.694 -7.814 -7.925 -7.585 -7.728 -7.848 -7.947 -8.115 -7.691 -7.596 -7.749 -8.137 -8.306 -8.497 -7.782
0.015 -7.095 -7.045 -7.12 -7.313 -7.456 -7.595 -7.234 -7.336 -7.458 -7.6 -7.74 -7.889 -7.331 -7.503 -7.675 -7.796 -7.906 -7.567 -7.71 -7.829 -7.928 -8.097 -7.673 -7.578 -7.73 -8.118 -8.288 -8.478 -7.763
0.0154 -7.076 -7.027 -7.102 -7.295 -7.437 -7.576 -7.215 -7.317 -7.44 -7.581 -7.722 -7.871 -7.312 -7.485 -7.657 -7.777 -7.888 -7.548 -7.691 -7.811 -7.91 -8.078 -7.654 -7.559 -7.712 -8.1 -8.269 -8.46 -7.745
0.0157 -7.058 -7.008 -7.083 -7.276 -7.419 -7.558 -7.197 -7.299 -7.421 -7.563 -7.703 -7.852 -7.294 -7.466 -7.638 -7.759 -7.869 -7.53 -7.673 -7.792 -7.891 -8.06 -7.636 -7.541 -7.693 -8.081 -8.251 -8.441 -7.726
0.0161 -7.039 -6.99 -7.065 -7.258 -7.4 -7.539 -7.178 -7.28 -7.403 -7.544 -7.685 -7.833 -7.275 -7.448 -7.62 -7.74 -7.851 -7.511 -7.654 -7.774 -7.873 -8.041 -7.617 -7.522 -7.675 -8.063 -8.232 -8.423 -7.708
0.0165 -7.03 -6.98 -7.055 -7.248 -7.391 -7.53 -7.169 -7.271 -7.393 -7.535 -7.675 -7.824 -7.266 -7.438 -7.61 -7.731 -7.841 -7.502 -7.644 -7.764 -7.863 -8.032 -7.608 -7.512 -7.665 -8.053 -8.223 -8.413 -7.698
0.0169 -7.03 -6.981 -7.055 -7.248 -7.391 -7.53 -7.169 -7.271 -7.393 -7.535 -7.676 -7.824 -7.266 -7.438 -7.61 -7.731 -7.842 -7.502 -7.645 -7.765 -7.864 -8.032 -7.608 -7.513 -7.666 -8.054 -8.223 -8.413 -7.698
0.0173 -7.03 -6.981 -7.056 -7.249 -7.391 -7.53 -7.169 -7.271 -7.394 -7.535 -7.676 -7.824 -7.266 -7.439 -7.611 -7.731 -7.842 -7.502 -7.645 -7.765 -7.864 -8.032 -7.608 -7.513 -7.666 -8.054 -8.223 -8.413 -7.698
0.0177 -7.031 -6.981 -7.056 -7.249 -7.391 -7.531 -7.17 -7.271 -7.394 -7.536 -7.676 -7.825 -7.266 -7.439 -7.611 -7.731 -7.842 -7.503 -7.645 -7.765 -7.864 -8.032 -7.609 -7.513 -7.666 -8.054 -8.223 -8.414 -7.699
0.0181 -7.031 -6.981 -7.056 -7.249 -7.392 -7.531 -7.17 -7.272 -7.394 -7.536 -7.676 -7.825 -7.267 -7.439 -7.611 -7.732 -7.842 -7.503 -7.646 -7.765 -7.864 -8.033 -7.609 -7.514 -7.666 -8.054 -8.224 -8.414 -7.699
0.0186 -7.031 -6.982 -7.057 -7.25 -7.392 -7.531 -7.17 -7.272 -7.394 -7.536 -7.677 -7.825 -7.267 -7.44 -7.611 -7.732 -7.843 -7.503 -7.646 -7.766 -7.865 -8.033 -7.609 -7.514 -7.667 -8.055 -8.224 -8.414 -7.699
0.019 -7.032 -6.982 -7.057 -7.25 -7.392 -7.531 -7.171 -7.272 -7.395 -7.537 -7.677 -7.826 -7.267 -7.44 -7.612 -7.732 -7.843 -7.504 -7.646 -7.766 -7.865 -8.033 -7.609 -7.514 -7.667 -8.055 -8.224 -8.415 -7.7
0.0195 -7.032 -6.982 -7.057 -7.25 -7.393 -7.532 -7.171 -7.273 -7.395 -7.537 -7.677 -7.826 -7.268 -7.44 -7.612 -7.733 -7.843 -7.504 -7.646 -7.766 -7.865 -8.034 -7.61 -7.514 -7.667 -8.055 -8.225 -8.415 -7.7
0.02 -7.032 -6.983 -7.057 -7.25 -7.393 -7.532 -7.171 -7.273 -7.395 -7.537 -7.678 -7.826 -7.268 -7.44 -7.612 -7.733 -7.844 -7.504 -7.647 -7.767 -7.866 -8.034 -7.61 -7.515 -7.668 -8.056 -8.225 -8.415 -7.7
0.0204 -7.032 -6.983 -7.058 -7.251 -7.393 -7.532 -7.171 -7.273 -7.396 -7.537 -7.678 -7.826 -7.268 -7.441 -7.613 -7.733 -7.844 -7.504 -7.647 -7.767 -7.866 -8.034 -7.61 -7.515 -7.668 -8.056 -8.225 -8.415 -7.7
0.0209 -7.039 -6.99 -7.065 -7.258 -7.4 -7.539 -7.178 -7.28 -7.402 -7.544 -7.685 -7.833 -7.275 -7.448 -7.619 -7.74 -7.851 -7.511 -7.654 -7.774 -7.873 -8.041 -7.617 -7.522 -7.675 -8.063 -8.232 -8.422 -7.707
0.0214 -7.048 -6.998 -7.073 -7.266 -7.408 -7.548 -7.187 -7.288 -7.411 -7.553 -7.693 -7.842 -7.283 -7.456 -7.628 -7.749 -7.859 -7.52 -7.662 -7.782 -7.881 -8.049 -7.626 -7.53 -7.683 -8.071 -8.24 -8.431 -7.716
0.022 -7.056 -7.007 -7.082 -7.275 -7.417 -7.556 -7.195 -7.297 -7.419 -7.561 -7.702 -7.85 -7.292 -7.464 -7.636 -7.757 -7.868 -7.528 -7.671 -7.791 -7.89 -8.058 -7.634 -7.539 -7.692 -8.08 -8.249 -8.439 -7.724
0.0225 -7.065 -7.015 -7.09 -7.283 -7.425 -7.564 -7.204 -7.305 -7.428 -7.57 -7.71 -7.859 -7.3 -7.473 -7.645 -7.765 -7.876 -7.537 -7.679 -7.799 -7.898 -8.066 -7.642 -7.547 -7.7 -8.088 -8.257 -8.448 -7.733
0.023 -7.073 -7.024 -7.098 -7.291 -7.434 -7.573 -7.212 -7.314 -7.436 -7.578 -7.719 -7.867 -7.309 -7.481 -7.653 -7.774 -7.885 -7.545 -7.688 -7.807 -7.906 -8.075 -7.651 -7.556 -7.709 -8.096 -8.266 -8.456 -7.741
0.0236 -7.081 -7.032 -7.107 -7.3 -7.442 -7.581 -7.221 -7.322 -7.445 -7.587 -7.727 -7.876 -7.317 -7.49 -7.662 -7.782 -7.893 -7.554 -7.696 -7.816 -7.915 -8.083 -7.659 -7.564 -7.717 -8.105 -8.274 -8.465 -7.75
0.0242 -7.09 -7.04 -7.115 -7.308 -7.451 -7.59 -7.229 -7.331 -7.453 -7.595 -7.735 -7.884 -7.326 -7.498 -7.67 -7.791 -7.901 -7.562 -7.705 -7.824 -7.923 -8.092 -7.668 -7.573 -7.725 -8.113 -8.283 -8.473 -7.758
0.0247 -7.098 -7.049 -7.124 -7.317 -7.459 -7.598 -7.237 -7.339 -7.461 -7.603 -7.744 -7.892 -7.334 -7.507 -7.678 -7.799 -7.91 -7.57 -7.713 -7.833 -7.932 -8.1 -7.676 -7.581 -7.734 -8.122 -8.291 -8.481 -7.766
0.0253 -7.107 -7.057 -7.132 -7.325 -7.468 -7.607 -7.246 -7.347 -7.47 -7.612 -7.752 -7.901 -7.342 -7.515 -7.687 -7.808 -7.918 -7.579 -7.721 -7.841 -7.94 -8.108 -7.685 -7.589 -7.742 -8.13 -8.3 -8.49 -7.775
0.0259 -7.116 -7.066 -7.141 -7.334 -7.477 -7.616 -7.255 -7.357 -7.479 -7.621 -7.761 -7.91 -7.352 -7.524 -7.696 -7.817 -7.927 -7.588 -7.73 -7.85 -7.949 -8.118 -7.694 -7.599 -7.751 -8.139 -8.309 -8.499 -7.784
0.0266 -7.129 -7.079 -7.154 -7.347 -7.489 -7.629 -7.268 -7.369 -7.492 -7.634 -7.774 -7.923 -7.364 -7.537 -7.709 -7.83 -7.94 -7.601 -7.743 -7.863 -7.962 -8.13 -7.707 -7.611 -7.764 -8.152 -8.321 -8.512 -7.797
0.0272 -7.141 -7.092 -7.167 -7.36 -7.502 -7.641 -7.281 -7.382 -7.505 -7.647 -7.787 -7.936 -7.377 -7.55 -7.722 -7.842 -7.953 -7.614 -7.756 -7.876 -7.975 -8.143 -7.719 -7.624 -7.777 -8.165 -8.334 -8.525 -7.81
0.0279 -7.154 -7.105 -7.18 -7.373 -7.515 -7.654 -7.293 -7.395 -7.517 -7.659 -7.8 -7.948 -7.39 -7.563 -7.734 -7.855 -7.966 -7.626 -7.769 -7.889 -7.988 -8.156 -7.732 -7.637 -7.79 -8.178 -8.347 -8.537 -7.822
0.0285 -7.167 -7.118 -7.193 -7.385 -7.528 -7.667 -7.306 -7.408 -7.53 -7.672 -7.813 -7.961 -7.403 -7.575 -7.747 -7.868 -7.979 -7.639 -7.782 -7.902 -8.001 -8.169 -7.745 -7.65 -7.803 -8.191 -8.36 -8.55 -7.835
0.0292 -7.18 -7.13 -7.205 -7.398 -7.541 -7.68 -7.319 -7.421 -7.543 -7.685 -7.825 -7.974 -7.416 -7.588 -7.76 -7.881 -7.991 -7.652 -7.795 -7.914 -8.013 -8.182 -7.758 -7.663 -7.815 -8.203 -8.373 -8.563 -7.848
0.0299 -7.193 -7.143 -7.218 -7.411 -7.553 -7.693 -7.332 -7.433 -7.556 -7.698 -7.838 -7.987 -7.428 -7.601 -7.773 -7.894 -8.004 -7.665 -7.807 -7.927 -8.026 -8.194 -7.771 -7.675 -7.828 -8.216 -8.385 -8.576 -7.861
0.0307 -7.206 -7.156 -7.231 -7.424 -7.566 -7.705 -7.345 -7.446 -7.569 -7.711 -7.851 -8.0 -7.441 -7.614 -7.786 -7.906 -8.017 -7.678 -7.82 -7.94 -8.039 -8.207 -7.783 -7.688 -7.841 -8.229 -8.398 -8.589 -7.874
0.0314 -7.218 -7.169 -7.244 -7.437 -7.579 -7.718 -7.357 -7.459 -7.582 -7.723 -7.864 -8.012 -7.454 -7.627 -7.798 -7.919 -8.03 -7.69 -7.833 -7.953 -8.052 -8.22 -7.796 -7.701 -7.854 -8.242 -8.411 -8.601 -7.886
0.0322 -7.231 -7.182 -7.257 -7.45 -7.592 -7.731 -7.37 -7.472 -7.594 -7.736 -7.877 -8.025 -7.467 -7.639 -7.811 -7.932 -8.043 -7.703 -7.846 -7.966 -8.065 -8.233 -7.809 -7.714 -7.867 -8.255 -8.424 -8.614 -7.899
0.0329 -7.244 -7.194 -7.269 -7.462 -7.605 -7.744 -7.383 -7.485 -7.607 -7.749 -7.889 -8.038 -7.48 -7.652 -7.824 -7.945 -8.055 -7.716 -7.859 -7.978 -8.077 -8.246 -7.822 -7.727 -7.879 -8.267 -8.437 -8.627 -7.912
0.0337 -7.257 -7.207 -7.282 -7.475 -7.617 -7.756 -7.396 -7.497 -7.62 -7.762 -7.902 -8.051 -7.492 -7.665 -7.837 -7.957 -8.068 -7.729 -7.871 -7.991 -8.09 -8.258 -7.834 -7.739 -7.892 -8.28 -8.449 -8.64 -7.925
0.0345 -7.269 -7.22 -7.295 -7.488 -7.63 -7.769 -7.408 -7.51 -7.632 -7.774 -7.915 -8.063 -7.505 -7.678 -7.849 -7.97 -8.081 -7.741 -7.884 -8.004 -8.103 -8.271 -7.847 -7.752 -7.905 -8.293 -8.462 -8.652 -7.937
0.0354 -7.282 -7.232 -7.307 -7.5 -7.643 -7.782 -7.421 -7.523 -7.645 -7.787 -7.927 -8.076 -7.518 -7.69 -7.862 -7.983 -8.093 -7.754 -7.897 -8.016 -8.115 -8.284 -7.86 -7.765 -7.917 -8.305 -8.475 -8.665 -7.95
0.0362 -7.295 -7.245 -7.32 -7.513 -7.655 -7.794 -7.434 -7.535 -7.658 -7.8 -7.94 -8.089 -7.53 -7.703 -7.875 -7.995 -8.106 -7.767 -7.909 -8.029 -8.128 -8.296 -7.872 -7.777 -7.93 -8.318 -8.487 -8.678 -7.963
0.0371 -7.307 -7.258 -7.333 -7.526 -7.668 -7.807 -7.446 -7.548 -7.67 -7.812 -7.953 -8.101 -7.543 -7.716 -7.887 -8.008 -8.119 -7.779 -7.922 -8.042 -8.141 -8.309 -7.885 -7.79 -7.943 -8.331 -8.5 -8.69 -7.975
0.038 -7.32 -7.27 -7.345 -7.538 -7.681 -7.82 -7.459 -7.561 -7.683 -7.825 -7.965 -8.114 -7.556 -7.728 -7.9 -8.021 -8.131 -7.792 -7.935 -8.054 -8.153 -8.322 -7.898 -7.803 -7.955 -8.343 -8.513 -8.703 -7.988
0.0389 -7.333 -7.283 -7.358 -7.551 -7.693 -7.832 -7.472 -7.573 -7.696 -7.838 -7.978 -8.127 -7.568 -7.741 -7.913 -8.033 -8.144 -7.805 -7.947 -8.067 -8.166 -8.334 -7.91 -7.815 -7.968 -8.356 -8.525 -8.716 -8.001
0.0398 -7.345 -7.296 -7.371 -7.564 -7.706 -7.845 -7.484 -7.586 -7.708 -7.85 -7.991 -8.139 -7.581 -7.754 -7.925 -8.046 -8.157 -7.817 -7.96 -8.08 -8.179 -8.347 -7.923 -7.828 -7.981 -8.369 -8.538 -8.728 -8.013
0.0408 -7.358 -7.308 -7.383 -7.576 -7.719 -7.858 -7.497 -7.599 -7.721 -7.863 -8.003 -8.152 -7.594 -7.766 -7.938 -8.059 -8.169 -7.83 -7.973 -8.092 -8.191 -8.36 -7.936 -7.841 -7.993 -8.381 -8.551 -8.741 -8.026
0.0418 -7.367 -7.318 -7.392 -7.585 -7.728 -7.867 -7.506 -7.608 -7.73 -7.872 -8.013 -8.161 -7.603 -7.775 -7.947 -8.068 -8.179 -7.839 -7.982 -8.101 -8.201 -8.369 -7.945 -7.85 -8.003 -8.39 -8.56 -8.75 -8.035
0.0428 -7.376 -7.326 -7.401 -7.594 -7.736 -7.875 -7.515 -7.616 -7.739 -7.881 -8.021 -8.17 -7.611 -7.784 -7.956 -8.076 -8.187 -7.848 -7.99 -8.11 -8.209 -8.377 -7.953 -7.858 -8.011 -8.399 -8.568 -8.759 -8.044
0.0438 -7.384 -7.335 -7.409 -7.602 -7.745 -7.884 -7.523 -7.625 -7.747 -7.889 -8.03 -8.178 -7.62 -7.792 -7.964 -8.085 -8.195 -7.856 -7.999 -8.118 -8.217 -8.386 -7.962 -7.867 -8.019 -8.407 -8.577 -8.767 -8.052
0.0449 -7.392 -7.343 -7.418 -7.611 -7.753 -7.892 -7.532 -7.633 -7.756 -7.897 -8.038 -8.187 -7.628 -7.801 -7.973 -8.093 -8.204 -7.864 -8.007 -8.127 -8.226 -8.394 -7.97 -7.875 -8.028 -8.416 -8.585 -8.776 -8.061
0.046 -7.401 -7.351 -7.426 -7.619 -7.762 -7.901 -7.54 -7.642 -7.764 -7.906 -8.046 -8.195 -7.637 -7.809 -7.981 -8.102 -8.212 -7.873 -8.016 -8.135 -8.234 -8.403 -7.979 -7.884 -8.036 -8.424 -8.594 -8.784 -8.069
0.0471 -7.409 -7.36 -7.435 -7.628 -7.77 -7.909 -7.548 -7.65 -7.773 -7.914 -8.055 -8.203 -7.645 -7.818 -7.99 -8.11 -8.221 -7.881 -8.024 -8.144 -8.243 -8.411 -7.987 -7.892 -8.045 -8.433 -8.602 -8.792 -8.077
0.0482 -7.418 -7.368 -7.443 -7.636 -7.779 -7.918 -7.557 -7.659 -7.781 -7.923 -8.063 -8.212 -7.654 -7.826 -7.998 -8.119 -8.229 -7.89 -8.032 -8.152 -8.251 -8.42 -7.996 -7.901 -8.053 -8.441 -8.611 -8.801 -8.086
0.0494 -7.426 -7.377 -7.452 -7.645 -7.787 -7.926 -7.565 -7.667 -7.789 -7.931 -8.072 -8.22 -7.662 -7.835 -8.006 -8.127 -8.238 -7.898 -8.041 -8.161 -8.26 -8.428 -8.004 -7.909 -8.062 -8.45 -8.619 -8.809 -8.094
0.0506 -7.435 -7.385 -7.46 -7.653 -7.796 -7.935 -7.574 -7.676 -7.798 -7.94 -8.08 -8.229 -7.67 -7.843 -8.015 -8.136 -8.246 -7.907 -8.049 -8.169 -8.268 -8.437 -8.013 -7.917 -8.07 -8.458 -8.628 -8.818 -8.103
0.0518 -7.443 -7.394 -7.469 -7.662 -7.804 -7.943 -7.582 -7.684 -7.806 -7.948 -8.089 -8.237 -7.679 -7.852 -8.023 -8.144 -8.255 -7.915 -8.058 -8.178 -8.277 -8.445 -8.021 -7.926 -8.079 -8.467 -8.636 -8.826 -8.111
0.053 -7.447 -7.398 -7.473 -7.666 -7.808 -7.947 -7.587 -7.688 -7.811 -7.953 -8.093 -8.242 -7.683 -7.856 -8.028 -8.148 -8.259 -7.92 -8.062 -8.182 -8.281 -8.449 -8.025 -7.93 -8.083 -8.471 -8.64 -8.831 -8.116
0.0543 -7.452 -7.402 -7.477 -7.67 -7.812 -7.952 -7.591 -7.692 -7.815 -7.957 -8.097 -8.246 -7.687 -7.86 -8.032 -8.152 -8.263 -7.924 -8.066 -8.186 -8.285 -8.453 -8.03 -7.934 -8.087 -8.475 -8.644 -8.835 -8.12
0.0556 -7.456 -7.406 -7.481 -7.674 -7.817 -7.956 -7.595 -7.697 -7.819 -7.961 -8.101 -8.25 -7.691 -7.864 -8.036 -8.157 -8.267 -7.928 -8.07 -8.19 -8.289 -8.458 -8.034 -7.938 -8.091 -8.479 -8.649 -8.839 -8.124
0.057 -7.46 -7.41 -7.485 -7.678 -7.821 -7.96 -7.599 -7.701 -7.823 -7.965 -8.105 -8.254 -7.696 -7.868 -8.04 -8.161 -8.271 -7.932 -8.075 -8.194 -8.293 -8.462 -8.038 -7.943 -8.095 -8.483 -8.653 -8.843 -8.128
0.0584 -7.464 -7.415 -7.489 -7.682 -7.825 -7.964 -7.603 -7.705 -7.827 -7.969 -8.11 -8.258 -7.7 -7.872 -8.044 -8.165 -8.276 -7.936 -8.079 -8.198 -8.298 -8.466 -8.042 -7.947 -8.1 -8.487 -8.657 -8.847 -8.132
0.0598 -7.468 -7.419 -7.494 -7.687 -7.829 -7.968 -7.607 -7.709 -7.831 -7.973 -8.114 -8.262 -7.704 -7.876 -8.048 -8.169 -8.28 -7.94 -8.083 -8.203 -8.302 -8.47 -8.046 -7.951 -8.104 -8.492 -8.661 -8.851 -8.136
0.0612 -7.472 -7.423 -7.498 -7.691 -7.833 -7.972 -7.611 -7.713 -7.836 -7.977 -8.118 -8.266 -7.708 -7.881 -8.052 -8.173 -8.284 -7.944 -8.087 -8.207 -8.306 -8.474 -8.05 -7.955 -8.108 -8.496 -8.665 -8.855 -8.14
