web/models/grb/onaxis/9/grb_0.0000_0.7197_0.0000158.dat
# %ECSV 1.0
# ---
# datatype:
# - {name: time, datatype: float64}
# - {name: swift_uvot_uvw2, datatype: float64}
# - {name: swift_uvot_uvm2, datatype: float64}
# - {name: swift_uvot_uvw1, datatype: float64}
# - {name: swift_uvot_U, datatype: float64}
# - {name: swift_uvot_B, datatype: float64}
# - {name: swift_uvot_V, datatype: float64}
# - {name: swift_uvot_W, datatype: float64}
# - {name: johnson_U, datatype: float64}
# - {name: johnson_B, datatype: float64}
# - {name: johnson_V, datatype: float64}
# - {name: johnson_R, datatype: float64}
# - {name: johnson_I, datatype: float64}
# - {name: sdss_u, datatype: float64}
# - {name: sdss_g, datatype: float64}
# - {name: sdss_r, datatype: float64}
# - {name: sdss_i, datatype: float64}
# - {name: sdss_z, datatype: float64}
# - {name: PS1_g, datatype: float64}
# - {name: PS1_r, datatype: float64}
# - {name: PS1_i, datatype: float64}
# - {name: PS1_z, datatype: float64}
# - {name: PS1_Y, datatype: float64}
# - {name: PS1_w, datatype: float64}
# - {name: ATLAS_c, datatype: float64}
# - {name: ATLAS_o, datatype: float64}
# - {name: ukirt_J, datatype: float64}
# - {name: ukirt_H, datatype: float64}
# - {name: ukirt_K, datatype: float64}
# - {name: Clear, datatype: float64}
# meta: !!omap
# - comment: [E = 0.0003123183844771778, Eta0 = 8.02, GammaB = 12.0, dL = 0.012188, epsb = 6.760829753919819e-06, epse = 0.1, n = 1.584893192461114e-05,
#     p = 2.15, theta_obs = 0.0, xiN = 1.0, z = 0.0, type = grb, E_kiso = 0.7196856730011522]
# schema: astropy-2.0
time swift_uvot_uvw2 swift_uvot_uvm2 swift_uvot_uvw1 swift_uvot_U swift_uvot_B swift_uvot_V swift_uvot_W johnson_U johnson_B johnson_V johnson_R johnson_I sdss_u sdss_g sdss_r sdss_i sdss_z PS1_g PS1_r PS1_i PS1_z PS1_Y PS1_w ATLAS_c ATLAS_o ukirt_J ukirt_H ukirt_K Clear
[from data line 437]
334.121 13.299 13.349 13.274 13.081 12.939 12.799 13.16 13.059 12.936 12.794 12.654 12.505 13.064 12.891 12.719 12.598 12.488 12.827 12.685 12.565 12.466 12.298 12.721 12.817 12.664 12.276 12.107 11.916 12.631
342.181 13.336 13.385 13.311 13.118 12.975 12.836 13.197 13.095 12.973 12.831 12.69 12.542 13.1 12.928 12.756 12.635 12.524 12.864 12.721 12.601 12.502 12.334 12.758 12.853 12.7 12.312 12.143 11.953 12.668
350.4355 13.372 13.422 13.347 13.154 13.012 12.873 13.233 13.132 13.009 12.867 12.727 12.578 13.137 12.964 12.792 12.672 12.561 12.9 12.758 12.638 12.539 12.371 12.795 12.89 12.737 12.349 12.18 11.989 12.704
358.8891 13.409 13.459 13.384 13.191 13.048 12.909 13.27 13.168 13.046 12.904 12.764 12.615 13.173 13.001 12.829 12.708 12.598 12.937 12.794 12.675 12.576 12.407 12.831 12.926 12.774 12.386 12.216 12.026 12.741
367.5467 13.446 13.495 13.42 13.227 13.085 12.946 13.307 13.205 13.082 12.941 12.8 12.652 13.21 13.037 12.866 12.745 12.634 12.974 12.831 12.711 12.612 12.444 12.868 12.963 12.81 12.422 12.253 12.063 12.778
376.4131 13.482 13.532 13.457 13.264 13.121 12.982 13.343 13.241 13.119 12.977 12.837 12.688 13.247 13.074 12.902 12.781 12.671 13.01 12.868 12.748 12.649 12.48 12.904 13.0 12.847 12.459 12.289 12.099 12.814
385.4933 13.519 13.568 13.493 13.3 13.158 13.019 13.38 13.278 13.156 13.014 12.873 12.725 13.283 13.111 12.939 12.818 12.707 13.047 12.904 12.784 12.685 12.517 12.941 13.036 12.883 12.495 12.326 12.136 12.851
394.7926 13.555 13.605 13.53 13.337 13.195 13.056 13.416 13.315 13.192 13.05 12.91 12.761 13.32 13.147 12.975 12.855 12.744 13.083 12.941 12.821 12.722 12.554 12.978 13.073 12.92 12.532 12.363 12.172 12.887
404.3163 13.592 13.641 13.567 13.374 13.231 13.092 13.453 13.351 13.229 13.087 12.946 12.798 13.356 13.184 13.012 12.891 12.78 13.12 12.977 12.858 12.759 12.59 13.014 13.109 12.957 12.569 12.399 12.209 12.924
414.0697 13.628 13.678 13.603 13.41 13.267 13.128 13.489 13.387 13.265 13.123 12.983 12.834 13.392 13.22 13.048 12.927 12.817 13.156 13.013 12.894 12.795 12.626 13.05 13.145 12.993 12.605 12.435 12.245 12.96
424.0583 13.662 13.712 13.637 13.444 13.301 13.162 13.523 13.421 13.299 13.157 13.017 12.868 13.426 13.254 13.082 12.961 12.851 13.19 13.048 12.928 12.829 12.66 13.084 13.179 13.027 12.639 12.469 12.279 12.994
434.2879 13.696 13.746 13.671 13.478 13.335 13.196 13.557 13.455 13.333 13.191 13.051 12.902 13.46 13.288 13.116 12.995 12.885 13.224 13.082 12.962 12.863 12.694 13.118 13.213 13.061 12.673 12.503 12.313 13.028
444.7643 13.73 13.78 13.705 13.512 13.369 13.23 13.591 13.489 13.367 13.225 13.085 12.936 13.494 13.322 13.15 13.029 12.919 13.258 13.116 12.996 12.897 12.728 13.152 13.247 13.095 12.707 12.537 12.347 13.062
455.4934 13.764 13.814 13.739 13.546 13.403 13.264 13.625 13.523 13.401 13.259 13.119 12.97 13.528 13.356 13.184 13.063 12.953 13.292 13.15 13.03 12.931 12.762 13.186 13.281 13.129 12.741 12.571 12.381 13.096
466.4814 13.798 13.848 13.773 13.58 13.437 13.298 13.659 13.557 13.435 13.293 13.153 13.004 13.562 13.39 13.218 13.097 12.987 13.326 13.184 13.064 12.965 12.796 13.22 13.316 13.163 12.775 12.605 12.415 13.13
477.7344 13.832 13.882 13.807 13.614 13.471 13.332 13.693 13.591 13.469 13.327 13.187 13.038 13.597 13.424 13.252 13.131 13.021 13.36 13.218 13.098 12.999 12.83 13.254 13.35 13.197 12.809 12.639 12.449 13.164
489.2588 13.866 13.916 13.841 13.648 13.505 13.366 13.727 13.625 13.503 13.361 13.221 13.072 13.631 13.458 13.286 13.165 13.055 13.394 13.252 13.132 13.033 12.864 13.288 13.384 13.231 12.843 12.673 12.483 13.198
501.0613 13.9 13.95 13.875 13.682 13.539 13.4 13.761 13.66 13.537 13.395 13.255 13.106 13.665 13.492 13.32 13.199 13.089 13.428 13.286 13.166 13.067 12.899 13.322 13.418 13.265 12.877 12.707 12.517 13.232
513.1485 13.934 13.984 13.909 13.716 13.574 13.434 13.795 13.694 13.571 13.429 13.289 13.14 13.699 13.526 13.354 13.233 13.123 13.462 13.32 13.2 13.101 12.933 13.356 13.452 13.299 12.911 12.742 12.551 13.266
525.5272 13.967 14.017 13.942 13.749 13.607 13.467 13.828 13.727 13.604 13.462 13.322 13.173 13.732 13.559 13.387 13.266 13.156 13.495 13.353 13.233 13.134 12.966 13.389 13.485 13.332 12.944 12.775 12.584 13.299
538.2046 13.998 14.048 13.973 13.78 13.637 13.498 13.859 13.757 13.635 13.493 13.353 13.204 13.762 13.59 13.418 13.297 13.187 13.526 13.384 13.264 13.165 12.996 13.42 13.516 13.363 12.975 12.805 12.615 13.33
551.1878 14.029 14.079 14.004 13.811 13.668 13.529 13.89 13.788 13.666 13.524 13.384 13.235 13.793 13.621 13.449 13.328 13.218 13.557 13.414 13.295 13.196 13.027 13.451 13.546 13.394 13.006 12.836 12.646 13.361
564.4842 14.06 14.109 14.035 13.842 13.699 13.56 13.921 13.819 13.697 13.555 13.414 13.266 13.824 13.652 13.48 13.359 13.249 13.588 13.445 13.326 13.227 13.058 13.482 13.577 13.425 13.037 12.867 12.677 13.392
578.1013 14.091 14.14 14.066 13.873 13.73 13.591 13.952 13.85 13.728 13.586 13.445 13.297 13.855 13.683 13.511 13.39 13.279 13.619 13.476 13.356 13.257 13.089 13.513 13.608 13.455 13.067 12.898 12.708 13.423
592.0469 14.122 14.171 14.096 13.903 13.761 13.622 13.983 13.881 13.759 13.617 13.476 13.328 13.886 13.714 13.542 13.421 13.31 13.65 13.507 13.387 13.288 13.12 13.544 13.639 13.486 13.098 12.929 12.739 13.454
606.329 14.153 14.202 14.127 13.934 13.792 13.653 14.014 13.912 13.79 13.648 13.507 13.359 13.917 13.744 13.573 13.452 13.341 13.681 13.538 13.418 13.319 13.151 13.575 13.67 13.517 13.129 12.96 12.77 13.485
620.9555 14.184 14.233 14.158 13.965 13.823 13.684 14.045 13.943 13.821 13.679 13.538 13.39 13.948 13.775 13.604 13.483 13.372 13.712 13.569 13.449 13.35 13.182 13.606 13.701 13.548 13.16 12.991 12.801 13.516
635.9349 14.215 14.264 14.189 13.996 13.854 13.715 14.076 13.974 13.851 13.71 13.569 13.42 13.979 13.806 13.634 13.514 13.403 13.743 13.6 13.48 13.381 13.213 13.637 13.732 13.579 13.191 13.022 12.831 13.546
651.2757 14.245 14.295 14.22 14.027 13.885 13.746 14.106 14.005 13.882 13.74 13.6 13.451 14.01 13.837 13.665 13.545 13.434 13.773 13.631 13.511 13.412 13.244 13.668 13.763 13.61 13.222 13.053 12.862 13.577
666.9865 14.276 14.326 14.251 14.058 13.916 13.777 14.137 14.036 13.913 13.771 13.631 13.482 14.041 13.868 13.696 13.576 13.465 13.804 13.662 13.542 13.443 13.275 13.699 13.794 13.641 13.253 13.084 12.893 13.608
683.0763 14.308 14.357 14.282 14.089 13.947 13.808 14.169 14.067 13.944 13.803 13.662 13.513 14.072 13.899 13.727 13.607 13.496 13.836 13.693 13.573 13.474 13.306 13.73 13.825 13.672 13.284 13.115 12.924 13.639
699.5543 14.339 14.388 14.313 14.12 13.978 13.839 14.2 14.098 13.976 13.834 13.693 13.545 14.103 13.93 13.759 13.638 13.527 13.867 13.724 13.604 13.505 13.337 13.761 13.856 13.703 13.315 13.146 12.956 13.671
716.4297 14.37 14.419 14.344 14.151 14.009 13.87 14.231 14.129 14.007 13.865 13.724 13.576 14.134 13.961 13.79 13.669 13.558 13.898 13.755 13.635 13.536 13.368 13.792 13.887 13.734 13.346 13.177 12.987 13.702
733.7123 14.401 14.45 14.375 14.182 14.04 13.901 14.262 14.16 14.038 13.896 13.755 13.607 14.165 13.993 13.821 13.7 13.589 13.929 13.786 13.666 13.567 13.399 13.823 13.918 13.765 13.377 13.208 13.018 13.733
751.4117 14.432 14.481 14.407 14.214 14.071 13.932 14.293 14.191 14.069 13.927 13.786 13.638 14.196 14.024 13.852 13.731 13.62 13.96 13.817 13.698 13.598 13.43 13.854 13.949 13.796 13.409 13.239 13.049 13.764
769.5381 14.463 14.512 14.438 14.245 14.102 13.963 14.324 14.222 14.1 13.958 13.818 13.669 14.227 14.055 13.883 13.762 13.652 13.991 13.848 13.729 13.63 13.461 13.885 13.98 13.828 13.44 13.27 13.08 13.795
788.1018 14.494 14.544 14.469 14.276 14.133 13.994 14.355 14.253 14.131 13.989 13.849 13.7 14.258 14.086 13.914 13.793 13.683 14.022 13.88 13.76 13.661 13.492 13.916 14.011 13.859 13.471 13.301 13.111 13.826
807.1133 14.525 14.575 14.5 14.307 14.164 14.025 14.386 14.284 14.162 14.02 13.88 13.731 14.29 14.117 13.945 13.824 13.714 14.053 13.911 13.791 13.692 13.523 13.947 14.043 13.89 13.502 13.332 13.142 13.857
826.5834 14.556 14.606 14.531 14.338 14.196 14.056 14.417 14.316 14.193 14.051 13.911 13.762 14.321 14.148 13.976 13.855 13.745 14.084 13.942 13.822 13.723 13.555 13.978 14.074 13.921 13.533 13.364 13.173 13.888
846.5232 14.596 14.645 14.571 14.378 14.235 14.096 14.457 14.355 14.233 14.091 13.95 13.802 14.36 14.188 14.016 13.895 13.784 14.124 13.981 13.862 13.762 13.594 14.018 14.113 13.96 13.573 13.403 13.213 13.928
866.944 14.641 14.691 14.616 14.423 14.28 14.141 14.502 14.4 14.278 14.136 13.996 13.847 14.405 14.233 14.061 13.94 13.83 14.169 14.026 13.907 13.808 13.639 14.063 14.158 14.006 13.618 13.448 13.258 13.973
887.8575 14.686 14.736 14.661 14.468 14.325 14.186 14.547 14.446 14.323 14.181 14.041 13.892 14.451 14.278 14.106 13.985 13.875 14.214 14.072 13.952 13.853 13.685 14.108 14.204 14.051 13.663 13.493 13.303 14.018
909.2754 14.731 14.781 14.706 14.513 14.371 14.232 14.592 14.491 14.368 14.226 14.086 13.937 14.496 14.323 14.151 14.031 13.92 14.259 14.117 13.997 13.898 13.73 14.154 14.249 14.096 13.708 13.539 13.348 14.063
931.21 14.777 14.826 14.751 14.558 14.416 14.277 14.637 14.536 14.413 14.272 14.131 13.982 14.541 14.368 14.196 14.076 13.965 14.304 14.162 14.042 13.943 13.775 14.199 14.294 14.141 13.753 13.584 13.393 14.108
953.6737 14.822 14.871 14.796 14.603 14.461 14.322 14.683 14.581 14.459 14.317 14.176 14.028 14.586 14.413 14.242 14.121 14.01 14.35 14.207 14.087 13.988 13.82 14.244 14.339 14.186 13.798 13.629 13.439 14.154
976.6793 14.867 14.916 14.841 14.648 14.506 14.367 14.728 14.626 14.504 14.362 14.221 14.073 14.631 14.459 14.287 14.166 14.055 14.395 14.252 14.132 14.033 13.865 14.289 14.384 14.231 13.843 13.674 13.484 14.199
1000.2399 14.912 14.961 14.887 14.694 14.551 14.412 14.773 14.671 14.549 14.407 14.266 14.118 14.676 14.504 14.332 14.211 14.101 14.44 14.297 14.178 14.079 13.91 14.334 14.429 14.277 13.889 13.719 13.529 14.244
1024.3688 14.957 15.007 14.932 14.739 14.596 14.457 14.818 14.716 14.594 14.452 14.312 14.163 14.721 14.549 14.377 14.256 14.146 14.485 14.343 14.223 14.124 13.955 14.379 14.474 14.322 13.934 13.764 13.574 14.289
1049.0798 15.002 15.052 14.977 14.784 14.642 14.502 14.863 14.762 14.639 14.497 14.357 14.208 14.767 14.594 14.422 14.301 14.191 14.53 14.388 14.268 14.169 14.001 14.424 14.52 14.367 13.979 13.81 13.619 14.334
1074.3869 15.067 15.117 15.042 14.849 14.706 14.567 14.928 14.826 14.704 14.562 14.422 14.273 14.831 14.659 14.487 14.366 14.256 14.595 14.453 14.333 14.234 14.065 14.489 14.584 14.432 14.044 13.874 13.684 14.399
1100.3045 15.139 15.188 15.113 14.92 14.778 14.639 14.999 14.898 14.775 14.634 14.493 14.344 14.903 14.73 14.558 14.438 14.327 14.667 14.524 14.404 14.305 14.137 14.561 14.656 14.503 14.115 13.946 13.755 14.47
1126.8473 15.21 15.259 15.185 14.992 14.849 14.71 15.071 14.969 14.847 14.705 14.564 14.416 14.974 14.802 14.63 14.509 14.398 14.738 14.595 14.476 14.376 14.208 14.632 14.727 14.574 14.187 14.017 13.827 14.542
1154.0304 15.281 15.331 15.256 15.063 14.921 14.781 15.142 15.041 14.918 14.776 14.636 14.487 15.046 14.873 14.701 14.581 14.47 14.809 14.667 14.547 14.448 14.28 14.703 14.799 14.646 14.258 14.089 13.898 14.613
1181.8693 15.353 15.402 15.327 15.134 14.992 14.853 15.214 15.112 14.99 14.848 14.707 14.559 15.117 14.944 14.773 14.652 14.541 14.881 14.738 14.618 14.519 14.351 14.775 14.87 14.717 14.329 14.16 13.97 14.685
1210.3797 15.424 15.474 15.399 15.206 15.063 14.924 15.285 15.183 15.061 14.919 14.779 14.63 15.188 15.016 14.844 14.723 14.613 14.952 14.81 14.69 14.591 14.422 14.846 14.941 14.789 14.401 14.231 14.041 14.756
1239.5778 15.496 15.545 15.47 15.277 15.135 14.996 15.356 15.255 15.132 14.99 14.85 14.701 15.26 15.087 14.915 14.795 14.684 15.023 14.881 14.761 14.662 14.494 14.918 15.013 14.86 14.472 14.303 14.112 14.827
1269.4803 15.567 15.616 15.541 15.349 15.206 15.067 15.428 15.326 15.204 15.062 14.921 14.773 15.331 15.159 14.987 14.866 14.755 15.095 14.952 14.832 14.733 14.565 14.989 15.084 14.931 14.543 14.374 14.184 14.899
1300.1042 15.638 15.688 15.613 15.42 15.278 15.138 15.499 15.398 15.275 15.133 14.993 14.844 15.403 15.23 15.058 14.937 14.827 15.166 15.024 14.904 14.805 14.637 15.06 15.156 15.003 14.615 14.446 14.255 14.97
1331.4668 15.71 15.759 15.684 15.491 15.349 15.21 15.571 15.469 15.347 15.205 15.064 14.916 15.474 15.301 15.13 15.009 14.898 15.238 15.095 14.975 14.876 14.708 15.132 15.227 15.074 14.686 14.517 14.327 15.042
1363.586 15.812 15.861 15.786 15.593 15.451 15.312 15.673 15.571 15.449 15.307 15.166 15.018 15.576 15.403 15.232 15.111 15.0 15.34 15.197 15.077 14.978 14.81 15.234 15.329 15.176 14.788 14.619 14.429 15.144
1396.48 15.917 15.967 15.892 15.699 15.557 15.417 15.778 15.677 15.554 15.412 15.272 15.123 15.682 15.509 15.337 15.216 15.106 15.445 15.303 15.183 15.084 14.916 15.339 15.435 15.282 14.894 14.725 14.534 15.249
1430.1675 16.023 16.072 15.997 15.805 15.662 15.523 15.884 15.782 15.66 15.518 15.377 15.229 15.787 15.615 15.443 15.322 15.211 15.551 15.408 15.288 15.189 15.021 15.445 15.54 15.387 14.999 14.83 14.64 15.355
1464.6676 16.128 16.178 16.103 15.91 15.768 15.629 15.989 15.888 15.765 15.623 15.483 15.334 15.893 15.72 15.548 15.428 15.317 15.656 15.514 15.394 15.295 15.127 15.551 15.646 15.493 15.105 14.936 14.745 15.46
1500.0 16.234 16.283 16.209 16.016 15.873 15.734 16.095 15.993 15.871 15.729 15.589 15.44 15.998 15.826 15.654 15.533 15.423 15.762 15.619 15.5 15.401 15.232 15.656 15.751 15.599 15.211 15.041 14.851 15.566
