web/models/grb/onaxis/9/grb_0.0000_0.0100_0.0000631.dat
# %ECSV 1.0
# ---
# datatype:
# - {name: time, datatype: float64}
# - {name: swift_uvot_uvw2, datatype: float64}
# - {name: swift_uvot_uvm2, datatype: float64}
# - {name: swift_uvot_uvw1, datatype: float64}
# - {name: swift_uvot_U, datatype: float64}
# - {name: swift_uvot_B, datatype: float64}
# - {name: swift_uvot_V, datatype: float64}
# - {name: swift_uvot_W, datatype: float64}
# - {name: johnson_U, datatype: float64}
# - {name: johnson_B, datatype: float64}
# - {name: johnson_V, datatype: float64}
# - {name: johnson_R, datatype: float64}
# - {name: johnson_I, datatype: float64}
# - {name: sdss_u, datatype: float64}
# - {name: sdss_g, datatype: float64}
# - {name: sdss_r, datatype: float64}
# - {name: sdss_i, datatype: float64}
# - {name: sdss_z, datatype: float64}
# - {name: PS1_g, datatype: float64}
# - {name: PS1_r, datatype: float64}
# - {name: PS1_i, datatype: float64}
# - {name: PS1_z, datatype: float64}
# - {name: PS1_Y, datatype: float64}
# - {name: PS1_w, datatype: float64}
# - {name: ATLAS_c, datatype: float64}
# - {name: ATLAS_o, datatype: float64}
# - {name: ukirt_J, datatype: float64}
# - {name: ukirt_H, datatype: float64}
# - {name: ukirt_K, datatype: float64}
# - {name: Clear, datatype: float64}
# meta: !!omap
# - comment: [E = 4.339649880409358e-06, Eta0 = 8.02, GammaB = 12.0, dL = 0.012188, epsb = 6.760829753919819e-06, epse = 0.1, n = 6.309573444801929e-05,
#     p = 2.15, theta_obs = 0.0, xiN = 1.0, z = 0.0, type = grb, E_kiso = 0.01]
# schema: astropy-2.0
time swift_uvot_uvw2 swift_uvot_uvm2 swift_uvot_uvw1 swift_uvot_U swift_uvot_B swift_uvot_V swift_uvot_W johnson_U johnson_B johnson_V johnson_R johnson_I sdss_u sdss_g sdss_r sdss_i sdss_z PS1_g PS1_r PS1_i PS1_z PS1_Y PS1_w ATLAS_c ATLAS_o ukirt_J ukirt_H ukirt_K Clear
[from data line 494]
1300.1042 41.432 41.481 41.407 41.214 41.071 40.932 41.293 41.191 41.069 40.927 40.786 40.638 41.196 41.024 40.852 40.731 40.621 40.96 40.817 40.698 40.599 40.43 40.854 40.949 40.797 40.409 40.239 40.049 40.764
1331.4668 41.767 41.816 41.741 41.548 41.406 41.267 41.628 41.526 41.404 41.262 41.121 40.973 41.531 41.359 41.187 41.066 40.955 41.295 41.152 41.032 40.933 40.765 41.189 41.284 41.131 40.743 40.574 40.384 41.099
1363.586 42.102 42.151 42.076 41.883 41.741 41.602 41.963 41.861 41.739 41.597 41.456 41.308 41.866 41.693 41.522 41.401 41.29 41.63 41.487 41.367 41.268 41.1 41.524 41.619 41.466 41.078 40.909 40.719 41.434
1396.48 42.436 42.486 42.411 42.218 42.076 41.937 42.297 42.196 42.073 41.931 41.791 41.642 42.201 42.028 41.856 41.736 41.625 41.964 41.822 41.702 41.603 41.435 41.859 41.954 41.801 41.413 41.244 41.053 41.768
1430.1675 42.771 42.821 42.746 42.553 42.411 42.271 42.632 42.531 42.408 42.266 42.126 41.977 42.536 42.363 42.191 42.07 41.96 42.299 42.157 42.037 41.938 41.77 42.193 42.289 42.136 41.748 41.579 41.388 42.103
1464.6676 43.106 43.156 43.081 42.888 42.745 42.606 42.967 42.865 42.743 42.601 42.461 42.312 42.87 42.698 42.526 42.405 42.295 42.634 42.492 42.372 42.273 42.104 42.528 42.623 42.471 42.083 41.913 41.723 42.438
1500.0 43.441 43.49 43.416 43.223 43.08 42.941 43.302 43.2 43.078 42.936 42.795 42.647 43.205 43.033 42.861 42.74 42.629 42.969 42.826 42.707 42.608 42.439 42.863 42.958 42.806 42.418 42.248 42.058 42.773
