web/models/kne.last_good/kappa_1_10/33/villar_0.0148_0.2807_10.0000.dat
# %ECSV 1.0
# ---
# datatype:
# - {name: time, datatype: float64}
# - {name: swift_uvot_uvw2, datatype: float64}
# - {name: swift_uvot_uvm2, datatype: float64}
# - {name: swift_uvot_uvw1, datatype: float64}
# - {name: swift_uvot_U, datatype: float64}
# - {name: swift_uvot_B, datatype: float64}
# - {name: swift_uvot_V, datatype: float64}
# - {name: swift_uvot_W, datatype: float64}
# - {name: johnson_U, datatype: float64}
# - {name: johnson_B, datatype: float64}
# - {name: johnson_V, datatype: float64}
# - {name: johnson_R, datatype: float64}
# - {name: johnson_I, datatype: float64}
# - {name: sdss_u, datatype: float64}
# - {name: sdss_g, datatype: float64}
# - {name: sdss_r, datatype: float64}
# - {name: sdss_i, datatype: float64}
# - {name: sdss_z, datatype: float64}
# - {name: PS1_g, datatype: float64}
# - {name: PS1_r, datatype: float64}
# - {name: PS1_i, datatype: float64}
# - {name: PS1_z, datatype: float64}
# - {name: PS1_Y, datatype: float64}
# - {name: PS1_w, datatype: float64}
# - {name: ATLAS_c, datatype: float64}
# - {name: ATLAS_o, datatype: float64}
# - {name: ukirt_J, datatype: float64}
# - {name: ukirt_H, datatype: float64}
# - {name: ukirt_K, datatype: float64}
# - {name: Clear, datatype: float64}
# meta: !!omap
# - comment: [kappa = 10.0, type = villar, mass = 0.014775890654408853, velocity = 0.2806666666666667, theta_obs = 0.0]
# schema: astropy-2.0
time swift_uvot_uvw2 swift_uvot_uvm2 swift_uvot_uvw1 swift_uvot_U swift_uvot_B swift_uvot_V swift_uvot_W johnson_U johnson_B johnson_V johnson_R johnson_I sdss_u sdss_g sdss_r sdss_i sdss_z PS1_g PS1_r PS1_i PS1_z PS1_Y PS1_w ATLAS_c ATLAS_o ukirt_J ukirt_H ukirt_K Clear
[from data line 285]
4.874892 -7.74 -4.88 -7.324 -9.381 -11.037 -12.19 -10.29 -9.683 -11.081 -12.234 -13.027 -13.538 -9.576 -11.503 -12.699 -13.257 -13.591 -11.745 -12.736 -13.286 -13.565 -13.752 -12.731 -12.125 -12.983 -13.871 -13.836 -13.616 -12.751
5.02233 -7.676 -4.816 -7.26 -9.318 -10.974 -12.126 -10.226 -9.619 -11.017 -12.17 -12.963 -13.474 -9.513 -11.439 -12.635 -13.193 -13.527 -11.681 -12.672 -13.222 -13.501 -13.688 -12.668 -12.061 -12.919 -13.807 -13.772 -13.552 -12.687
5.174227 -7.607 -4.747 -7.192 -9.249 -10.905 -12.058 -10.158 -9.55 -10.949 -12.102 -12.894 -13.406 -9.444 -11.37 -12.566 -13.125 -13.459 -11.612 -12.604 -13.153 -13.433 -13.62 -12.599 -11.993 -12.85 -13.739 -13.704 -13.483 -12.618
5.330718 -7.534 -4.674 -7.119 -9.176 -10.832 -11.985 -10.085 -9.477 -10.876 -12.029 -12.821 -13.333 -9.371 -11.297 -12.493 -13.052 -13.386 -11.539 -12.531 -13.08 -13.36 -13.546 -12.526 -11.92 -12.777 -13.665 -13.631 -13.41 -12.545
5.491942 -7.456 -4.596 -7.041 -9.098 -10.754 -11.907 -10.007 -9.399 -10.798 -11.951 -12.743 -13.255 -9.293 -11.219 -12.415 -12.974 -13.308 -11.461 -12.453 -13.002 -13.282 -13.468 -12.448 -11.842 -12.699 -13.587 -13.553 -13.332 -12.467
5.658042 -7.373 -4.513 -6.958 -9.015 -10.671 -11.824 -9.924 -9.316 -10.715 -11.867 -12.66 -13.172 -9.21 -11.136 -12.332 -12.89 -13.224 -11.378 -12.37 -12.919 -13.199 -13.385 -12.365 -11.759 -12.616 -13.504 -13.47 -13.249 -12.384
5.829166 -7.284 -4.424 -6.869 -8.926 -10.582 -11.735 -9.835 -9.227 -10.626 -11.779 -12.571 -13.083 -9.121 -11.047 -12.243 -12.801 -13.136 -11.289 -12.281 -12.83 -13.11 -13.296 -12.276 -11.67 -12.527 -13.415 -13.381 -13.16 -12.295
6.005465 -7.19 -4.33 -6.774 -8.831 -10.487 -11.64 -9.74 -9.133 -10.531 -11.684 -12.477 -12.988 -9.026 -10.953 -12.149 -12.707 -13.041 -11.195 -12.186 -12.735 -13.015 -13.202 -12.181 -11.575 -12.432 -13.321 -13.286 -13.065 -12.201
6.187096 -7.089 -4.229 -6.673 -8.73 -10.386 -11.539 -9.639 -9.032 -10.43 -11.583 -12.376 -12.887 -8.926 -10.852 -12.048 -12.606 -12.94 -11.094 -12.085 -12.635 -12.914 -13.101 -12.08 -11.474 -12.332 -13.22 -13.185 -12.965 -12.1
6.37422 -6.981 -4.121 -6.566 -8.623 -10.279 -11.432 -9.532 -8.924 -10.323 -11.476 -12.268 -12.78 -8.818 -10.744 -11.94 -12.498 -12.833 -10.986 -11.978 -12.527 -12.807 -12.993 -11.973 -11.367 -12.224 -13.112 -13.078 -12.857 -11.992
6.567004 -6.867 -4.007 -6.451 -8.509 -10.165 -11.317 -9.418 -8.81 -10.208 -11.361 -12.154 -12.665 -8.704 -10.63 -11.826 -12.384 -12.718 -10.872 -11.863 -12.413 -12.693 -12.879 -11.859 -11.252 -12.11 -12.998 -12.963 -12.743 -11.878
6.765619 -6.745 -3.885 -6.33 -8.387 -10.043 -11.196 -9.296 -8.688 -10.087 -11.239 -12.032 -12.544 -8.582 -10.508 -11.704 -12.262 -12.596 -10.75 -11.742 -12.291 -12.571 -12.757 -11.737 -11.131 -11.988 -12.876 -12.842 -12.621 -11.756
6.97024 -6.616 -3.756 -6.2 -8.257 -9.913 -11.066 -9.166 -8.559 -9.957 -11.11 -11.903 -12.414 -8.452 -10.378 -11.575 -12.133 -12.467 -10.621 -11.612 -12.161 -12.441 -12.628 -11.607 -11.001 -11.858 -12.747 -12.712 -12.491 -11.627
7.181051 -6.478 -3.618 -6.062 -8.12 -9.776 -10.928 -9.029 -8.421 -9.819 -10.972 -11.765 -12.276 -8.315 -10.241 -11.437 -11.995 -12.329 -10.483 -11.474 -12.024 -12.304 -12.49 -11.47 -10.863 -11.721 -12.609 -12.574 -12.354 -11.489
7.398237 -6.331 -3.471 -5.916 -7.973 -9.629 -10.782 -8.882 -8.274 -9.673 -10.826 -11.618 -12.13 -8.168 -10.094 -11.29 -11.849 -12.183 -10.336 -11.328 -11.877 -12.157 -12.344 -11.323 -10.717 -11.574 -12.463 -12.428 -12.207 -11.342
7.621991 -6.176 -3.316 -5.76 -7.817 -9.474 -10.626 -8.726 -8.119 -9.517 -10.67 -11.463 -11.974 -8.013 -9.939 -11.135 -11.693 -12.027 -10.181 -11.172 -11.722 -12.001 -12.188 -11.167 -10.561 -11.419 -12.307 -12.272 -12.052 -11.187
7.852513 -6.01 -3.15 -5.595 -7.652 -9.308 -10.461 -8.561 -7.953 -9.352 -10.505 -11.297 -11.809 -7.847 -9.773 -10.969 -11.527 -11.862 -10.015 -11.007 -11.556 -11.836 -12.022 -11.002 -10.396 -11.253 -12.141 -12.107 -11.886 -11.021
8.090007 -5.834 -2.975 -5.419 -7.476 -9.132 -10.285 -8.385 -7.778 -9.176 -10.329 -11.122 -11.633 -7.671 -9.597 -10.794 -11.352 -11.686 -9.84 -10.831 -11.38 -11.66 -11.847 -10.826 -10.22 -11.077 -11.966 -11.931 -11.71 -10.846
8.334684 -5.648 -2.788 -5.232 -7.29 -8.946 -10.098 -8.199 -7.591 -8.989 -10.142 -10.935 -11.446 -7.485 -9.411 -10.607 -11.165 -11.499 -9.653 -10.644 -11.194 -11.474 -11.66 -10.64 -10.033 -10.891 -11.779 -11.744 -11.524 -10.659
8.586761 -5.449 -2.589 -5.034 -7.091 -8.747 -9.9 -8.0 -7.393 -8.791 -9.944 -10.737 -11.248 -7.286 -9.212 -10.409 -10.967 -11.301 -9.455 -10.446 -10.995 -11.275 -11.462 -10.441 -9.835 -10.692 -11.581 -11.546 -11.325 -10.46
8.846461 -5.239 -2.379 -4.823 -6.881 -8.537 -9.689 -7.79 -7.182 -8.58 -9.733 -10.526 -11.037 -7.076 -9.002 -10.198 -10.756 -11.09 -9.244 -10.235 -10.785 -11.065 -11.251 -10.231 -9.624 -10.482 -11.37 -11.335 -11.115 -10.25
9.114017 -5.015 -2.155 -4.6 -6.657 -8.313 -9.466 -7.566 -6.958 -8.357 -9.51 -10.302 -10.814 -6.852 -8.778 -9.974 -10.532 -10.867 -9.02 -10.012 -10.561 -10.841 -11.027 -10.007 -9.401 -10.258 -11.146 -11.112 -10.891 -10.026
9.389664 -4.778 -1.918 -4.362 -6.42 -8.076 -9.228 -7.328 -6.721 -8.119 -9.272 -10.065 -10.576 -6.615 -8.541 -9.737 -10.295 -10.629 -8.783 -9.774 -10.324 -10.603 -10.79 -9.77 -9.163 -10.021 -10.909 -10.874 -10.654 -9.789
9.673648 -4.526 -1.666 -4.11 -6.167 -7.823 -8.976 -7.076 -6.469 -7.867 -9.02 -9.813 -10.324 -6.362 -8.289 -9.485 -10.043 -10.377 -8.531 -9.522 -10.071 -10.351 -10.538 -9.517 -8.911 -9.769 -10.657 -10.622 -10.402 -9.537
9.966221 -4.258 -1.398 -3.842 -5.9 -7.556 -8.709 -6.809 -6.201 -7.6 -8.752 -9.545 -10.057 -6.095 -8.021 -9.217 -9.775 -10.109 -8.263 -9.254 -9.804 -10.084 -10.27 -9.25 -8.644 -9.501 -10.389 -10.355 -10.134 -9.269
10.267642 -3.974 -1.114 -3.558 -5.616 -7.272 -8.424 -6.525 -5.917 -7.315 -8.468 -9.261 -9.772 -5.811 -7.737 -8.933 -9.491 -9.825 -7.979 -8.97 -9.52 -9.8 -9.986 -8.966 -8.359 -9.217 -10.105 -10.07 -9.85 -8.985
10.57818 -3.672 -0.812 -3.257 -5.314 -6.97 -8.123 -6.223 -5.615 -7.014 -8.167 -8.959 -9.471 -5.509 -7.435 -8.631 -9.189 -9.523 -7.677 -8.669 -9.218 -9.498 -9.684 -8.664 -8.058 -8.915 -9.803 -9.769 -9.548 -8.683
10.89811 -3.352 -0.492 -2.936 -4.994 -6.65 -7.803 -5.903 -5.295 -6.694 -7.846 -8.639 -9.151 -5.189 -7.115 -8.311 -8.869 -9.203 -7.357 -8.348 -8.898 -9.178 -9.364 -8.344 -7.738 -8.595 -9.483 -9.449 -9.228 -8.363
11.227716 -3.012 -0.152 -2.597 -4.654 -6.31 -7.463 -5.563 -4.955 -6.354 -7.506 -8.299 -8.811 -4.849 -6.775 -7.971 -8.529 -8.863 -7.017 -8.009 -8.558 -8.838 -9.024 -8.004 -7.398 -8.255 -9.143 -9.109 -8.888 -8.023
11.56729 -2.651 0.209 -2.236 -4.293 -5.949 -7.102 -5.202 -4.594 -5.993 -7.146 -7.938 -8.45 -4.488 -6.414 -7.61 -8.168 -8.503 -6.656 -7.648 -8.197 -8.477 -8.663 -7.643 -7.037 -7.894 -8.782 -8.748 -8.527 -7.662
11.917135 -2.268 0.592 -1.853 -3.91 -5.566 -6.719 -4.819 -4.211 -5.61 -6.763 -7.555 -8.067 -4.105 -6.031 -7.227 -7.786 -8.12 -6.273 -7.265 -7.814 -8.094 -8.281 -7.26 -6.654 -7.511 -8.4 -8.365 -8.144 -7.279
12.277561 -1.862 0.998 -1.446 -3.504 -5.16 -6.312 -4.413 -3.805 -5.204 -6.356 -7.149 -7.661 -3.699 -5.625 -6.821 -7.379 -7.713 -5.867 -6.858 -7.408 -7.688 -7.874 -6.854 -6.248 -7.105 -7.993 -7.959 -7.738 -6.873
12.648887 -1.43 1.43 -1.015 -3.072 -4.728 -5.881 -3.981 -3.374 -4.772 -5.925 -6.718 -7.229 -3.267 -5.193 -6.39 -6.948 -7.282 -5.436 -6.427 -6.976 -7.256 -7.443 -6.422 -5.816 -6.673 -7.562 -7.527 -7.306 -6.441
13.031444 -0.973 1.887 -0.557 -2.614 -4.27 -5.423 -3.523 -2.916 -4.314 -5.467 -6.26 -6.771 -2.809 -4.736 -5.932 -6.49 -6.824 -4.978 -5.969 -6.518 -6.798 -6.985 -5.964 -5.358 -6.216 -7.104 -7.069 -6.849 -5.984
13.425571 -0.486 2.373 -0.071 -2.128 -3.784 -4.937 -3.037 -2.43 -3.828 -4.981 -5.774 -6.285 -2.323 -4.249 -5.446 -6.004 -6.338 -4.492 -5.483 -6.032 -6.312 -6.499 -5.478 -4.872 -5.729 -6.618 -6.583 -6.362 -5.498
13.831619 0.029 2.889 0.445 -1.612 -3.268 -4.421 -2.521 -1.914 -3.312 -4.465 -5.258 -5.769 -1.808 -3.734 -4.93 -5.488 -5.822 -3.976 -4.967 -5.517 -5.796 -5.983 -4.962 -4.356 -5.214 -6.102 -6.067 -5.847 -4.982
14.249947 0.577 3.437 0.992 -1.065 -2.721 -3.874 -1.974 -1.366 -2.765 -3.917 -4.71 -5.222 -1.26 -3.186 -4.382 -4.94 -5.274 -3.428 -4.42 -4.969 -5.249 -5.435 -4.415 -3.809 -4.666 -5.554 -5.52 -5.299 -4.434
14.680926 1.158 4.018 1.574 -0.484 -2.14 -3.292 -1.393 -0.785 -2.184 -3.336 -4.129 -4.641 -0.679 -2.605 -3.801 -4.359 -4.693 -2.847 -3.838 -4.388 -4.668 -4.854 -3.834 -3.228 -4.085 -4.973 -4.939 -4.718 -3.853
15.124941 1.775 4.635 2.19 0.133 -1.523 -2.676 -0.776 -0.168 -1.567 -2.719 -3.512 -4.024 -0.062 -1.988 -3.184 -3.742 -4.076 -2.23 -3.222 -3.771 -4.051 -4.237 -3.217 -2.611 -3.468 -4.356 -4.322 -4.101 -3.236
15.582385 2.43 5.29 2.845 0.788 -0.868 -2.021 -0.121 0.487 -0.912 -2.065 -2.857 -3.369 0.593 -1.333 -2.529 -3.087 -3.422 -1.575 -2.567 -3.116 -3.396 -3.582 -2.562 -1.956 -2.813 -3.701 -3.667 -3.446 -2.581
16.053663 3.125 5.985 3.54 1.483 -0.173 -1.326 0.574 1.182 -0.217 -1.37 -2.162 -2.674 1.288 -0.638 -1.834 -2.393 -2.727 -0.88 -1.872 -2.421 -2.701 -2.887 -1.867 -1.261 -2.118 -3.006 -2.972 -2.751 -1.886
16.539195 3.862 6.722 4.278 2.22 0.564 -0.588 1.312 1.919 0.521 -0.632 -1.425 -1.936 2.025 0.099 -1.097 -1.655 -1.989 -0.143 -1.134 -1.684 -1.963 -2.15 -1.129 -0.523 -1.381 -2.269 -2.234 -2.014 -1.149
17.039412 4.645 7.505 5.061 3.003 1.347 0.195 2.094 2.702 1.304 0.151 -0.642 -1.153 2.808 0.882 -0.314 -0.872 -1.206 0.64 -0.351 -0.901 -1.181 -1.367 -0.347 0.26 -0.598 -1.486 -1.451 -1.231 -0.366
17.554757 5.476 8.336 5.892 3.834 2.178 1.026 2.925 3.533 2.135 0.982 0.189 -0.322 3.639 1.713 0.517 -0.041 -0.375 1.471 0.48 -0.07 -0.35 -0.536 0.484 1.091 0.233 -0.655 -0.62 -0.4 0.465
18.085689 6.358 9.218 6.774 4.716 3.06 1.908 3.807 4.415 3.017 1.864 1.071 0.56 4.521 2.595 1.399 0.841 0.507 2.353 1.362 0.812 0.532 0.346 1.366 1.973 1.115 0.227 0.262 0.482 1.347
18.632678 7.294 10.154 7.71 5.653 3.997 2.844 4.744 5.351 3.953 2.8 2.007 1.496 5.458 3.531 2.335 1.777 1.443 3.289 2.298 1.749 1.469 1.282 2.303 2.909 2.051 1.163 1.198 1.418 2.283
19.196211 8.288 11.148 8.704 6.646 4.99 3.837 5.737 6.345 4.946 3.794 3.001 2.489 6.451 4.525 3.329 2.771 2.437 4.283 3.292 2.742 2.462 2.276 3.296 3.902 3.045 2.157 2.191 2.412 3.277
19.776787 9.343 12.203 9.758 7.701 6.045 4.892 6.792 7.4 6.001 4.848 4.056 3.544 7.506 5.58 4.384 3.826 3.491 5.338 4.346 3.797 3.517 3.331 4.351 4.957 4.1 3.212 3.246 3.467 4.332
20.374923 10.462 13.322 10.878 8.82 7.164 6.012 7.911 8.519 7.121 5.968 5.175 4.664 8.625 6.699 5.503 4.945 4.611 6.457 5.466 4.916 4.636 4.45 5.47 6.077 5.219 4.331 4.366 4.586 5.451
20.991149 11.65 14.51 12.066 10.009 8.353 7.2 9.1 9.707 8.309 7.156 6.363 5.852 9.813 7.887 6.691 6.133 5.799 7.645 6.654 6.104 5.825 5.638 6.659 7.265 6.407 5.519 5.554 5.774 6.639
21.626011 12.912 15.771 13.327 11.27 9.614 8.461 10.361 10.968 9.57 8.417 7.624 7.113 11.075 9.149 7.952 7.394 7.06 8.906 7.915 7.366 7.086 6.899 7.92 8.526 7.669 6.78 6.815 7.036 7.9
22.280075 14.25 17.11 14.666 12.608 10.952 9.799 11.699 12.307 10.908 9.756 8.963 8.451 12.413 10.487 9.291 8.733 8.399 10.245 9.254 8.704 8.424 8.238 9.258 9.864 9.007 8.119 8.153 8.374 9.239
22.953921 15.671 18.531 16.086 14.029 12.373 11.22 13.12 13.728 12.329 11.176 10.384 9.872 13.834 11.908 10.712 10.154 9.82 11.666 10.674 10.125 9.845 9.659 10.679 11.285 10.428 9.54 9.574 9.795 10.66
23.648147 17.179 20.039 17.594 15.537 13.881 12.728 14.628 15.236 13.837 12.684 11.892 11.38 15.342 13.416 12.22 11.662 11.328 13.174 12.182 11.633 11.353 11.167 12.187 12.793 11.936 11.048 11.082 11.303 12.168
24.363369 18.779 21.639 19.195 17.138 15.482 14.329 16.229 16.836 15.438 14.285 13.492 12.981 16.943 15.016 13.82 13.262 12.928 14.774 13.783 13.234 12.954 12.767 13.788 14.394 13.536 12.648 12.683 12.903 13.768
25.100222 20.478 23.338 20.894 18.836 17.18 16.028 17.928 18.535 17.137 15.984 15.191 14.68 18.641 16.715 15.519 14.961 14.627 16.473 15.482 14.932 14.653 14.466 15.487 16.093 15.235 14.347 14.382 14.602 15.467
25.859362 22.282 25.141 22.697 20.64 18.984 17.831 19.731 20.338 18.94 17.787 16.994 16.483 20.445 18.519 17.322 16.764 16.43 18.276 17.285 16.736 16.456 16.269 17.29 17.896 17.039 16.15 16.185 16.406 17.27
26.64146 24.195 27.055 24.611 22.554 20.898 19.745 21.645 22.252 20.854 19.701 18.908 18.397 22.359 20.432 19.236 18.678 18.344 20.19 19.199 18.65 18.37 18.183 19.204 19.81 18.952 18.064 18.099 18.319 19.184
27.447213 26.227 29.087 26.642 24.585 22.929 21.776 23.676 24.284 22.885 21.732 20.94 20.428 24.39 22.464 21.268 20.71 20.376 22.222 21.23 20.681 20.401 20.215 21.235 21.841 20.984 20.096 20.13 20.351 21.216
28.277335 28.383 31.243 28.799 26.741 25.085 23.932 25.832 26.44 25.041 23.889 23.096 22.584 26.546 24.62 23.424 22.866 22.532 24.378 23.387 22.837 22.557 22.371 23.391 23.997 23.14 22.252 22.286 22.507 23.372
29.132564 30.672 33.532 31.087 29.03 27.374 26.221 28.121 28.729 27.33 26.177 25.385 24.873 28.835 26.909 25.713 25.154 24.82 26.667 25.675 25.126 24.846 24.659 25.68 26.286 25.429 24.54 24.575 24.796 25.661
30.013659 33.101 35.961 33.516 31.459 29.803 28.65 30.55 31.158 29.759 28.606 27.814 27.302 31.264 29.338 28.142 27.584 27.249 29.096 28.104 27.555 27.275 27.089 28.109 28.715 27.858 26.97 27.004 27.225 28.09
30.921401 35.679 38.539 36.094 34.037 32.381 31.228 33.128 33.736 32.337 31.185 30.392 29.88 33.842 31.916 30.72 30.162 29.828 31.674 30.682 30.133 29.853 29.667 30.687 31.293 30.436 29.548 29.582 29.803 30.668
31.856598 38.416 41.276 38.831 36.774 35.118 33.965 35.865 36.472 35.074 33.921 33.128 32.617 36.579 34.653 33.456 32.898 32.564 34.41 33.419 32.87 32.59 32.403 33.424 34.03 33.173 32.284 32.319 32.54 33.405
32.820079 41.32 44.18 41.736 39.678 38.022 36.87 38.769 39.377 37.979 36.826 36.033 35.522 39.483 37.557 36.361 35.803 35.469 37.315 36.324 35.774 35.494 35.308 36.328 36.935 36.077 35.189 35.224 35.444 36.309
33.8127 44.403 47.263 44.819 42.761 41.105 39.953 41.852 42.46 41.062 39.909 39.116 38.604 42.566 40.64 39.444 38.886 38.552 40.398 39.407 38.857 38.577 38.391 39.411 40.017 39.16 38.272 38.306 38.527 39.392
34.835342 47.675 50.535 48.091 46.034 44.378 43.225 45.125 45.732 44.334 43.181 42.388 41.877 45.838 43.912 42.716 42.158 41.824 43.67 42.679 42.129 41.85 41.663 42.684 43.29 42.432 41.544 41.579 41.799 42.664
35.888913 51.149 54.009 51.564 49.507 47.851 46.698 48.598 49.205 47.807 46.654 45.861 45.35 49.312 47.386 46.189 45.631 45.297 47.144 46.152 45.603 45.323 45.136 46.157 46.763 45.906 45.017 45.052 45.273 46.138
36.974349 54.835 57.695 55.25 53.193 51.537 50.384 52.284 52.892 51.493 50.341 49.548 49.036 52.998 51.072 49.876 49.318 48.984 50.83 49.838 49.289 49.009 48.823 49.843 50.449 49.592 48.704 48.738 48.959 49.824
38.092613 58.748 61.608 59.163 57.106 55.45 54.297 56.197 56.805 55.406 54.253 53.461 52.949 56.911 54.985 53.789 53.231 52.897 54.743 53.751 53.202 52.922 52.736 53.756 54.362 53.505 52.617 52.651 52.872 53.737
39.244698 62.901 65.761 63.316 61.259 59.603 58.45 60.35 60.958 59.559 58.407 57.614 57.102 61.064 59.138 57.942 57.384 57.05 58.896 57.904 57.355 57.075 56.889 57.909 58.515 57.658 56.77 56.804 57.025 57.89
40.431627 67.309 70.169 67.724 65.667 64.011 62.858 64.758 65.366 63.967 62.815 62.022 61.51 65.472 63.546 62.35 61.792 61.458 63.304 62.312 61.763 61.483 61.297 62.317 62.923 62.066 61.178 61.212 61.433 62.298
41.654454 71.988 74.848 72.403 70.346 68.69 67.537 69.437 70.045 68.646 67.493 66.701 66.189 70.151 68.225 67.029 66.471 66.136 67.983 66.991 66.442 66.162 65.976 66.996 67.602 66.745 65.857 65.891 66.112 66.977
42.914265 76.954 79.814 77.369 75.312 73.656 72.503 74.403 75.011 73.612 72.459 71.667 71.155 75.117 73.191 71.995 71.437 71.102 72.949 71.957 71.408 71.128 70.942 71.962 72.568 71.711 70.823 70.857 71.078 71.943
44.212178 82.225 85.085 82.64 80.583 78.927 77.774 79.674 80.282 78.883 77.73 76.938 76.426 80.388 78.462 77.266 76.708 76.373 78.22 77.228 76.679 76.399 76.213 77.233 77.839 76.982 76.094 76.128 76.349 77.214
