web/models/kne.last_good/kappa_1_10/33/villar_0.0035_0.3120_10.0000.dat
# %ECSV 1.0
# ---
# datatype:
# - {name: time, datatype: float64}
# - {name: swift_uvot_uvw2, datatype: float64}
# - {name: swift_uvot_uvm2, datatype: float64}
# - {name: swift_uvot_uvw1, datatype: float64}
# - {name: swift_uvot_U, datatype: float64}
# - {name: swift_uvot_B, datatype: float64}
# - {name: swift_uvot_V, datatype: float64}
# - {name: swift_uvot_W, datatype: float64}
# - {name: johnson_U, datatype: float64}
# - {name: johnson_B, datatype: float64}
# - {name: johnson_V, datatype: float64}
# - {name: johnson_R, datatype: float64}
# - {name: johnson_I, datatype: float64}
# - {name: sdss_u, datatype: float64}
# - {name: sdss_g, datatype: float64}
# - {name: sdss_r, datatype: float64}
# - {name: sdss_i, datatype: float64}
# - {name: sdss_z, datatype: float64}
# - {name: PS1_g, datatype: float64}
# - {name: PS1_r, datatype: float64}
# - {name: PS1_i, datatype: float64}
# - {name: PS1_z, datatype: float64}
# - {name: PS1_Y, datatype: float64}
# - {name: PS1_w, datatype: float64}
# - {name: ATLAS_c, datatype: float64}
# - {name: ATLAS_o, datatype: float64}
# - {name: ukirt_J, datatype: float64}
# - {name: ukirt_H, datatype: float64}
# - {name: ukirt_K, datatype: float64}
# - {name: Clear, datatype: float64}
# meta: !!omap
# - comment: [kappa = 10.0, type = villar, mass = 0.003465724215782086, velocity = 0.312, theta_obs = 0.0]
# schema: astropy-2.0
time swift_uvot_uvw2 swift_uvot_uvm2 swift_uvot_uvw1 swift_uvot_U swift_uvot_B swift_uvot_V swift_uvot_W johnson_U johnson_B johnson_V johnson_R johnson_I sdss_u sdss_g sdss_r sdss_i sdss_z PS1_g PS1_r PS1_i PS1_z PS1_Y PS1_w ATLAS_c ATLAS_o ukirt_J ukirt_H ukirt_K Clear
[from data line 290]
5.658042 -0.48 2.38 -0.065 -2.122 -3.778 -4.931 -3.031 -2.423 -3.822 -4.975 -5.767 -6.279 -2.317 -4.243 -5.439 -5.997 -6.332 -4.485 -5.477 -6.026 -6.306 -6.492 -5.472 -4.866 -5.723 -6.611 -6.577 -6.356 -5.491
5.829166 -0.046 2.814 0.369 -1.688 -3.344 -4.497 -2.597 -1.989 -3.388 -4.54 -5.333 -5.845 -1.883 -3.809 -5.005 -5.563 -5.897 -4.051 -5.043 -5.592 -5.872 -6.058 -5.038 -4.432 -5.289 -6.177 -6.143 -5.922 -5.057
6.005465 0.415 3.275 0.83 -1.227 -2.883 -4.036 -2.136 -1.528 -2.927 -4.08 -4.872 -5.384 -1.422 -3.348 -4.544 -5.102 -5.436 -3.59 -4.582 -5.131 -5.411 -5.597 -4.577 -3.971 -4.828 -5.716 -5.682 -5.461 -4.596
6.187096 0.904 3.764 1.32 -0.738 -2.394 -3.546 -1.647 -1.039 -2.438 -3.59 -4.383 -4.895 -0.933 -2.859 -4.055 -4.613 -4.947 -3.101 -4.092 -4.642 -4.922 -5.108 -4.088 -3.482 -4.339 -5.227 -5.193 -4.972 -4.107
6.37422 1.423 4.283 1.839 -0.218 -1.874 -3.027 -1.127 -0.52 -1.918 -3.071 -3.864 -4.375 -0.414 -2.34 -3.536 -4.094 -4.428 -2.582 -3.573 -4.123 -4.402 -4.589 -3.568 -2.962 -3.82 -4.708 -4.673 -4.453 -3.588
6.567004 1.975 4.834 2.39 0.333 -1.323 -2.476 -0.576 0.031 -1.367 -2.52 -3.313 -3.824 0.138 -1.788 -2.985 -3.543 -3.877 -2.031 -3.022 -3.571 -3.851 -4.038 -3.017 -2.411 -3.268 -4.157 -4.122 -3.901 -3.037
6.765619 2.56 5.419 2.975 0.918 -0.738 -1.891 0.009 0.616 -0.782 -1.935 -2.728 -3.239 0.723 -1.203 -2.4 -2.958 -3.292 -1.446 -2.437 -2.986 -3.266 -3.453 -2.432 -1.826 -2.683 -3.572 -3.537 -3.316 -2.452
6.97024 3.18 6.04 3.596 1.539 -0.117 -1.27 0.63 1.237 -0.161 -1.314 -2.107 -2.618 1.344 -0.583 -1.779 -2.337 -2.671 -0.825 -1.816 -2.365 -2.645 -2.832 -1.811 -1.205 -2.063 -2.951 -2.916 -2.696 -1.831
7.181051 3.839 6.699 4.255 2.198 0.542 -0.611 1.289 1.896 0.498 -0.655 -1.448 -1.959 2.003 0.076 -1.12 -1.678 -2.012 -0.166 -1.157 -1.706 -1.986 -2.173 -1.152 -0.546 -1.404 -2.292 -2.257 -2.037 -1.172
7.398237 4.539 7.399 4.954 2.897 1.241 0.088 1.988 2.596 1.197 0.045 -0.748 -1.26 2.702 0.776 -0.42 -0.978 -1.312 0.534 -0.458 -1.007 -1.287 -1.473 -0.453 0.153 -0.704 -1.592 -1.558 -1.337 -0.472
7.621991 5.281 8.141 5.697 3.64 1.984 0.831 2.731 3.338 1.94 0.787 -0.006 -0.517 3.445 1.518 0.322 -0.236 -0.57 1.276 0.285 -0.265 -0.544 -0.731 0.29 0.896 0.038 -0.85 -0.815 -0.595 0.27
7.852513 6.069 8.929 6.485 4.428 2.772 1.619 3.519 4.126 2.728 1.575 0.782 0.271 4.233 2.306 1.11 0.552 0.218 2.064 1.073 0.524 0.244 0.057 1.078 1.684 0.826 -0.062 -0.027 0.193 1.058
8.090007 6.906 9.766 7.321 5.264 3.608 2.455 4.355 4.963 3.564 2.411 1.619 1.107 5.069 3.143 1.947 1.389 1.055 2.901 1.909 1.36 1.08 0.894 1.914 2.52 1.663 0.775 0.809 1.03 1.895
8.334684 7.794 10.654 8.209 6.152 4.496 3.343 5.243 5.851 4.452 3.299 2.507 1.995 5.957 4.031 2.835 2.276 1.942 3.789 2.797 2.248 1.968 1.781 2.802 3.408 2.551 1.662 1.697 1.918 2.783
8.586761 8.736 11.596 9.151 7.094 5.438 4.285 6.185 6.793 5.394 4.242 3.449 2.937 6.899 4.973 3.777 3.219 2.885 4.731 3.739 3.19 2.91 2.724 3.744 4.35 3.493 2.605 2.639 2.86 3.725
8.846461 9.736 12.596 10.152 8.094 6.438 5.286 7.185 7.793 6.394 5.242 4.449 3.937 7.899 5.973 4.777 4.219 3.885 5.731 4.74 4.19 3.91 3.724 4.744 5.35 4.493 3.605 3.639 3.86 4.725
9.114017 10.798 13.658 11.213 9.156 7.5 6.347 8.247 8.855 7.456 6.303 5.511 4.999 8.961 7.035 5.839 5.28 4.946 6.793 5.801 5.252 4.972 4.786 5.806 6.412 5.555 4.667 4.701 4.922 5.787
9.389664 11.924 14.784 12.34 10.283 8.627 7.474 9.374 9.981 8.583 7.43 6.637 6.126 10.088 8.161 6.965 6.407 6.073 7.919 6.928 6.379 6.099 5.912 6.933 7.539 6.681 5.793 5.828 6.049 6.913
9.673648 13.12 15.98 13.536 11.479 9.823 8.67 10.57 11.177 9.779 8.626 7.833 7.322 11.284 9.357 8.161 7.603 7.269 9.115 8.124 7.575 7.295 7.108 8.129 8.735 7.877 6.989 7.024 7.244 8.109
9.966221 14.39 17.25 14.805 12.748 11.092 9.939 11.839 12.447 11.048 9.895 9.103 8.591 12.553 10.627 9.431 8.873 8.538 10.385 9.393 8.844 8.564 8.378 9.398 10.004 9.147 8.259 8.293 8.514 9.379
10.267642 15.737 18.597 16.153 14.095 12.439 11.287 13.186 13.794 12.395 11.243 10.45 9.938 13.9 11.974 10.778 10.22 9.886 11.732 10.741 10.191 9.911 9.725 10.745 11.351 10.494 9.606 9.64 9.861 10.726
10.57818 17.167 20.027 17.583 15.525 13.869 12.717 14.616 15.224 13.826 12.673 11.88 11.368 15.33 13.404 12.208 11.65 11.316 13.162 12.171 11.621 11.341 11.155 12.175 12.782 11.924 11.036 11.071 11.291 12.156
10.89811 18.685 21.545 19.1 17.043 15.387 14.234 16.134 16.742 15.343 14.191 13.398 12.886 16.848 14.922 13.726 13.168 12.834 14.68 13.688 13.139 12.859 12.673 13.693 14.299 13.442 12.554 12.588 12.809 13.674
11.227716 20.296 23.156 20.712 18.654 16.998 15.845 17.745 18.353 16.954 15.802 15.009 14.497 18.459 16.533 15.337 14.779 14.445 16.291 15.3 14.75 14.47 14.284 15.304 15.91 15.053 14.165 14.199 14.42 15.285
11.56729 22.006 24.866 22.422 20.364 18.708 17.555 19.455 20.063 18.664 17.512 16.719 16.207 20.169 18.243 17.047 16.489 16.155 18.001 17.01 16.46 16.18 15.994 17.014 17.62 16.763 15.875 15.909 16.13 16.995
11.917135 23.821 26.681 24.237 22.179 20.523 19.37 21.27 21.878 20.479 19.327 18.534 18.022 21.984 20.058 18.862 18.304 17.97 19.816 18.825 18.275 17.995 17.809 18.829 19.435 18.578 17.69 17.724 17.945 18.81
12.277561 25.748 28.607 26.163 24.106 22.45 21.297 23.197 23.804 22.406 21.253 20.46 19.949 23.911 21.985 20.788 20.23 19.896 21.742 20.751 20.202 19.922 19.735 20.756 21.362 20.505 19.616 19.651 19.872 20.736
12.648887 27.792 30.652 28.208 26.15 24.494 23.342 25.241 25.849 24.451 23.298 22.505 21.994 25.955 24.029 22.833 22.275 21.941 23.787 22.796 22.246 21.966 21.78 22.8 23.407 22.549 21.661 21.696 21.916 22.781
13.031444 29.963 32.823 30.378 28.321 26.665 25.512 27.412 28.019 26.621 25.468 24.675 24.164 28.126 26.2 25.003 24.445 24.111 25.957 24.966 24.417 24.137 23.95 24.971 25.577 24.72 23.831 23.866 24.087 24.952
13.425571 32.266 35.126 32.682 30.624 28.968 27.815 29.715 30.323 28.924 27.772 26.979 26.467 30.429 28.503 27.307 26.749 26.415 28.261 27.27 26.72 26.44 26.254 27.274 27.88 27.023 26.135 26.169 26.39 27.255
13.831619 34.711 37.571 35.127 33.069 31.413 30.26 32.16 32.768 31.369 30.217 29.424 28.912 32.874 30.948 29.752 29.194 28.86 30.706 29.715 29.165 28.885 28.699 29.719 30.325 29.468 28.58 28.614 28.835 29.7
14.249947 37.306 40.166 37.722 35.664 34.008 32.856 34.755 35.363 33.965 32.812 32.019 31.508 35.469 33.543 32.347 31.789 31.455 33.301 32.31 31.76 31.48 31.294 32.314 32.921 32.063 31.175 31.21 31.43 32.295
14.680926 40.061 42.921 40.476 38.419 36.763 35.61 37.51 38.118 36.719 35.566 34.774 34.262 38.224 36.298 35.102 34.543 34.209 36.056 35.064 34.515 34.235 34.048 35.069 35.675 34.818 33.929 33.964 34.185 35.05
15.124941 42.984 45.844 43.4 41.342 39.686 38.534 40.433 41.041 39.643 38.49 37.697 37.186 41.147 39.221 38.025 37.467 37.133 38.979 37.988 37.438 37.158 36.972 37.992 38.599 37.741 36.853 36.888 37.108 37.973
15.582385 46.087 48.947 46.503 44.446 42.79 41.637 43.537 44.144 42.746 41.593 40.8 40.289 44.251 42.324 41.128 40.57 40.236 42.082 41.091 40.541 40.262 40.075 41.096 41.702 40.844 39.956 39.991 40.211 41.076
16.053663 49.381 52.241 49.797 47.739 46.083 44.93 46.83 47.438 46.039 44.887 44.094 43.582 47.544 45.618 44.422 43.864 43.53 45.376 44.385 43.835 43.555 43.369 44.389 44.995 44.138 43.25 43.284 43.505 44.37
16.539195 52.877 55.737 53.292 51.235 49.579 48.426 50.326 50.934 49.535 48.383 47.59 47.078 51.04 49.114 47.918 47.36 47.026 48.872 47.88 47.331 47.051 46.865 47.885 48.491 47.634 46.746 46.78 47.001 47.866
17.039412 56.588 59.448 57.003 54.946 53.29 52.137 54.037 54.644 53.246 52.093 51.3 50.789 54.751 52.825 51.628 51.07 50.736 52.582 51.591 51.042 50.762 50.575 51.596 52.202 51.345 50.456 50.491 50.712 51.577
17.554757 60.526 63.386 60.941 58.884 57.228 56.075 57.975 58.583 57.184 56.032 55.239 54.727 58.689 56.763 55.567 55.009 54.675 56.521 55.529 54.98 54.7 54.514 55.534 56.14 55.283 54.395 54.429 54.65 55.515
18.085689 64.706 67.566 65.122 63.064 61.408 60.256 62.155 62.763 61.365 60.212 59.419 58.908 62.869 60.943 59.747 59.189 58.855 60.701 59.71 59.16 58.88 58.694 59.714 60.321 59.463 58.575 58.61 58.83 59.695
18.632678 69.143 72.003 69.559 67.501 65.845 64.693 66.592 67.2 65.801 64.649 63.856 63.344 67.306 65.38 64.184 63.626 63.292 65.138 64.147 63.597 63.317 63.131 64.151 64.757 63.9 63.012 63.046 63.267 64.132
19.196211 73.852 76.712 74.268 72.211 70.555 69.402 71.302 71.909 70.511 69.358 68.565 68.054 72.016 70.089 68.893 68.335 68.001 69.847 68.856 68.307 68.027 67.84 68.861 69.467 68.61 67.721 67.756 67.977 68.841
19.776787 78.851 81.711 79.266 77.209 75.553 74.4 76.3 76.908 75.509 74.357 73.564 73.052 77.014 75.088 73.892 73.334 73.0 74.846 73.854 73.305 73.025 72.839 73.859 74.465 73.608 72.72 72.754 72.975 73.84
20.374923 84.156 87.016 84.572 82.515 80.859 79.706 81.606 82.213 80.815 79.662 78.869 78.358 82.32 80.393 79.197 78.639 78.305 80.151 79.16 78.611 78.331 78.144 79.165 79.771 78.914 78.025 78.06 78.281 79.145
20.991149 89.788 92.648 90.203 88.146 86.49 85.337 87.237 87.845 86.446 85.293 84.501 83.989 87.951 86.025 84.829 84.27 83.936 85.783 84.791 84.242 83.962 83.776 84.796 85.402 84.545 83.657 83.691 83.912 84.777
21.626011 95.765 98.625 96.18 94.123 92.467 91.314 93.214 93.822 92.423 91.27 90.478 89.966 93.928 92.002 90.806 90.248 89.913 91.76 90.768 90.219 89.939 89.753 90.773 91.379 90.522 89.634 89.668 89.889 90.754
22.280075 102.109 104.969 102.524 100.467 98.811 97.658 99.558 100.166 98.767 97.614 96.822 96.31 100.272 98.346 97.15 96.592 96.257 98.104 97.112 96.563 96.283 96.097 97.117 97.723 96.866 95.978 96.012 96.233 97.098
22.953921 108.842 111.702 109.258 107.2 105.544 104.392 106.292 106.899 105.501 104.348 103.555 103.044 107.005 105.079 103.883 103.325 102.991 104.837 103.846 103.296 103.017 102.83 103.851 104.457 103.599 102.711 102.746 102.966 103.831
23.648147 115.989 118.849 116.405 114.348 112.691 111.539 113.439 114.046 112.648 111.495 110.702 110.191 114.152 112.226 111.03 110.472 110.138 111.984 110.993 110.443 110.164 109.977 110.998 111.604 110.746 109.858 109.893 110.113 110.978
24.363369 123.575 126.435 123.991 121.933 120.277 119.125 121.024 121.632 120.234 119.081 118.288 117.777 121.738 119.812 118.616 118.058 117.724 119.57 118.579 118.029 117.749 117.563 118.583 119.19 118.332 117.444 117.479 117.699 118.564
25.100222 131.627 134.487 132.042 129.985 128.329 127.176 129.076 129.684 128.285 127.132 126.34 125.828 129.79 127.864 126.668 126.11 125.776 127.622 126.63 126.081 125.801 125.615 126.635 127.241 126.384 125.496 125.53 125.751 126.616
25.859362 140.173 143.033 140.588 138.531 136.875 135.722 137.622 138.23 136.831 135.679 134.886 134.374 138.336 136.41 135.214 134.656 134.322 136.168 135.176 134.627 134.347 134.161 135.181 135.787 134.93 134.042 134.076 134.297 135.162
26.64146 149.244 152.104 149.659 147.602 145.946 144.793 146.693 147.301 145.902 144.749 143.957 143.445 147.407 145.481 144.285 143.727 143.392 145.239 144.247 143.698 143.418 143.232 144.252 144.858 144.001 143.113 143.147 143.368 144.233
27.447213 158.872 161.732 159.287 157.23 155.574 154.421 156.321 156.929 155.53 154.377 153.585 153.073 157.035 155.109 153.913 153.354 153.02 154.867 153.875 153.326 153.046 152.859 153.88 154.486 153.629 152.74 152.775 152.996 153.861
28.277335 169.091 171.951 169.506 167.449 165.793 164.64 166.54 167.148 165.749 164.596 163.804 163.292 167.254 165.328 164.132 163.573 163.239 165.086 164.094 163.545 163.265 163.078 164.099 164.705 163.848 162.959 162.994 163.215 164.08
29.132564 179.937 182.797 180.353 178.295 176.639 175.486 177.386 177.994 176.595 175.443 174.65 174.138 178.1 176.174 174.978 174.42 174.086 175.932 174.941 174.391 174.111 173.925 174.945 175.551 174.694 173.806 173.84 174.061 174.926
30.013659 191.45 194.31 191.865 189.808 188.152 186.999 188.899 189.506 188.108 186.955 186.162 185.651 189.613 187.687 186.49 185.932 185.598 187.445 186.453 185.904 185.624 185.437 186.458 187.064 186.207 185.318 185.353 185.574 186.439
30.921401 203.669 206.529 204.084 202.027 200.371 199.218 201.118 201.726 200.327 199.175 198.382 197.87 201.832 199.906 198.71 198.152 197.818 199.664 198.672 198.123 197.843 197.657 198.677 199.283 198.426 197.538 197.572 197.793 198.658
31.856598 216.639 219.499 217.054 214.997 213.341 212.188 214.088 214.696 213.297 212.144 211.352 210.84 214.802 212.876 211.68 211.121 210.787 212.634 211.642 211.093 210.813 210.627 211.647 212.253 211.396 210.507 210.542 210.763 211.628
32.820079 230.405 233.265 230.82 228.763 227.107 225.954 227.854 228.462 227.063 225.91 225.118 224.606 228.568 226.642 225.446 224.888 224.553 226.4 225.408 224.859 224.579 224.393 225.413 226.019 225.162 224.274 224.308 224.529 225.394
33.8127 245.016 247.876 245.432 243.374 241.718 240.566 242.465 243.073 241.675 240.522 239.729 239.217 243.179 241.253 240.057 239.499 239.165 241.011 240.02 239.47 239.19 239.004 240.024 240.63 239.773 238.885 238.919 239.14 240.005
34.835342 260.525 263.385 260.94 258.883 257.227 256.074 257.974 258.582 257.183 256.03 255.238 254.726 258.688 256.762 255.566 255.007 254.673 256.52 255.528 254.979 254.699 254.513 255.533 256.139 255.282 254.394 254.428 254.649 255.514
35.888913 276.986 279.845 277.401 275.344 273.688 272.535 274.435 275.042 273.644 272.491 271.698 271.187 275.149 273.223 272.026 271.468 271.134 272.98 271.989 271.44 271.16 270.973 271.994 272.6 271.743 270.854 270.889 271.11 271.974
36.974349 294.457 297.317 294.873 292.815 291.159 290.007 291.906 292.514 291.115 289.963 289.17 288.658 292.62 290.694 289.498 288.94 288.606 290.452 289.461 288.911 288.631 288.445 289.465 290.071 289.214 288.326 288.36 288.581 289.446
38.092613 313.002 315.861 313.417 311.36 309.704 308.551 310.451 311.058 309.66 308.507 307.714 307.203 311.165 309.239 308.042 307.484 307.15 308.996 308.005 307.456 307.176 306.989 308.01 308.616 307.759 306.87 306.905 307.126 307.99
39.244698 332.685 335.545 333.1 331.043 329.387 328.234 330.134 330.742 329.343 328.19 327.397 326.886 330.848 328.922 327.725 327.167 326.833 328.68 327.688 327.139 326.859 326.672 327.693 328.299 327.442 326.553 326.588 326.809 327.674
40.431627 353.576 356.436 353.992 351.934 350.278 349.126 351.026 351.633 350.235 349.082 348.289 347.778 351.739 349.813 348.617 348.059 347.725 349.571 348.58 348.03 347.751 347.564 348.584 349.191 348.333 347.445 347.48 347.7 348.565
41.654454 375.751 378.611 376.166 374.109 372.453 371.3 373.2 373.808 372.409 371.256 370.464 369.952 373.914 371.988 370.792 370.234 369.899 371.746 370.754 370.205 369.925 369.739 370.759 371.365 370.508 369.62 369.654 369.875 370.74
42.914265 399.287 402.147 399.702 397.645 395.989 394.836 396.736 397.344 395.945 394.793 394.0 393.488 397.45 395.524 394.328 393.77 393.436 395.282 394.29 393.741 393.461 393.275 394.295 394.901 394.044 393.156 393.19 393.411 394.276
44.212178 424.268 427.128 424.684 422.626 420.97 419.818 421.717 422.325 420.927 419.774 418.981 418.47 422.431 420.505 419.309 418.751 418.417 420.263 419.272 418.722 418.442 418.256 419.276 419.883 419.025 418.137 418.172 418.392 419.257
45.549345 450.783 453.643 451.199 449.142 447.486 446.333 448.233 448.84 447.442 446.289 445.496 444.985 448.947 447.02 445.824 445.266 444.932 446.778 445.787 445.238 444.958 444.771 445.792 446.398 445.541 444.652 444.687 444.908 445.772
46.926954 478.927 481.787 479.342 477.285 475.629 474.476 476.376 476.984 475.585 474.432 473.64 473.128 477.09 475.164 473.968 473.41 473.075 474.922 473.93 473.381 473.101 472.915 473.935 474.541 473.684 472.796 472.83 473.051 473.916
48.346227 508.798 511.658 509.214 507.156 505.5 504.348 506.247 506.855 505.457 504.304 503.511 503.0 506.961 505.035 503.839 503.281 502.947 504.793 503.802 503.252 502.972 502.786 503.806 504.413 503.555 502.667 502.702 502.922 503.787
