web/models/linear/1/-12_000_0_003.dat
# %ECSV 1.0
# ---
# datatype:
# - {name: time, datatype: float64}
# - {name: sdss_u, datatype: float64}
# - {name: sdss_g, datatype: float64}
# - {name: sdss_r, datatype: float64}
# - {name: sdss_i, datatype: float64}
# - {name: sdss_z, datatype: float64}
# - {name: Clear, datatype: float64}
# - {name: johnson_B, datatype: float64}
# - {name: johnson_V, datatype: float64}
# - {name: johnson_R, datatype: float64}
# - {name: johnson_I, datatype: float64}
# - {name: ukirt_J, datatype: float64}
# - {name: ukirt_H, datatype: float64}
# - {name: ukirt_K, datatype: float64}
# meta: !!omap
# - comment: [M=-12.0, dM=0.0034589451300033724]
# schema: astropy-2.0
time sdss_u sdss_g sdss_r sdss_i sdss_z Clear johnson_B johnson_V johnson_R johnson_I ukirt_J ukirt_H ukirt_K
[from data line 117]
8.819095477386934 -11.969495232647457 -11.969495232647457 -11.969495232647457 -11.969495232647457 -11.969495232647457 -11.969495232647457 -11.969495232647457 -11.969495232647457 -11.969495232647457 -11.969495232647457 -11.969495232647457 -11.969495232647457 -11.969495232647457
8.894472361809044 -11.969234508140172 -11.969234508140172 -11.969234508140172 -11.969234508140172 -11.969234508140172 -11.969234508140172 -11.969234508140172 -11.969234508140172 -11.969234508140172 -11.969234508140172 -11.969234508140172 -11.969234508140172 -11.969234508140172
8.969849246231155 -11.968973783632885 -11.968973783632885 -11.968973783632885 -11.968973783632885 -11.968973783632885 -11.968973783632885 -11.968973783632885 -11.968973783632885 -11.968973783632885 -11.968973783632885 -11.968973783632885 -11.968973783632885 -11.968973783632885
9.045226130653266 -11.968713059125598 -11.968713059125598 -11.968713059125598 -11.968713059125598 -11.968713059125598 -11.968713059125598 -11.968713059125598 -11.968713059125598 -11.968713059125598 -11.968713059125598 -11.968713059125598 -11.968713059125598 -11.968713059125598
9.120603015075377 -11.968452334618311 -11.968452334618311 -11.968452334618311 -11.968452334618311 -11.968452334618311 -11.968452334618311 -11.968452334618311 -11.968452334618311 -11.968452334618311 -11.968452334618311 -11.968452334618311 -11.968452334618311 -11.968452334618311
9.195979899497488 -11.968191610111024 -11.968191610111024 -11.968191610111024 -11.968191610111024 -11.968191610111024 -11.968191610111024 -11.968191610111024 -11.968191610111024 -11.968191610111024 -11.968191610111024 -11.968191610111024 -11.968191610111024 -11.968191610111024
9.271356783919597 -11.967930885603737 -11.967930885603737 -11.967930885603737 -11.967930885603737 -11.967930885603737 -11.967930885603737 -11.967930885603737 -11.967930885603737 -11.967930885603737 -11.967930885603737 -11.967930885603737 -11.967930885603737 -11.967930885603737
9.346733668341708 -11.967670161096452 -11.967670161096452 -11.967670161096452 -11.967670161096452 -11.967670161096452 -11.967670161096452 -11.967670161096452 -11.967670161096452 -11.967670161096452 -11.967670161096452 -11.967670161096452 -11.967670161096452 -11.967670161096452
9.422110552763819 -11.967409436589165 -11.967409436589165 -11.967409436589165 -11.967409436589165 -11.967409436589165 -11.967409436589165 -11.967409436589165 -11.967409436589165 -11.967409436589165 -11.967409436589165 -11.967409436589165 -11.967409436589165 -11.967409436589165
9.497487437185928 -11.967148712081878 -11.967148712081878 -11.967148712081878 -11.967148712081878 -11.967148712081878 -11.967148712081878 -11.967148712081878 -11.967148712081878 -11.967148712081878 -11.967148712081878 -11.967148712081878 -11.967148712081878 -11.967148712081878
9.572864321608039 -11.96688798757459 -11.96688798757459 -11.96688798757459 -11.96688798757459 -11.96688798757459 -11.96688798757459 -11.96688798757459 -11.96688798757459 -11.96688798757459 -11.96688798757459 -11.96688798757459 -11.96688798757459 -11.96688798757459
9.64824120603015 -11.966627263067304 -11.966627263067304 -11.966627263067304 -11.966627263067304 -11.966627263067304 -11.966627263067304 -11.966627263067304 -11.966627263067304 -11.966627263067304 -11.966627263067304 -11.966627263067304 -11.966627263067304 -11.966627263067304
9.72361809045226 -11.966366538560017 -11.966366538560017 -11.966366538560017 -11.966366538560017 -11.966366538560017 -11.966366538560017 -11.966366538560017 -11.966366538560017 -11.966366538560017 -11.966366538560017 -11.966366538560017 -11.966366538560017 -11.966366538560017
9.798994974874372 -11.966105814052732 -11.966105814052732 -11.966105814052732 -11.966105814052732 -11.966105814052732 -11.966105814052732 -11.966105814052732 -11.966105814052732 -11.966105814052732 -11.966105814052732 -11.966105814052732 -11.966105814052732 -11.966105814052732
9.874371859296481 -11.965845089545445 -11.965845089545445 -11.965845089545445 -11.965845089545445 -11.965845089545445 -11.965845089545445 -11.965845089545445 -11.965845089545445 -11.965845089545445 -11.965845089545445 -11.965845089545445 -11.965845089545445 -11.965845089545445
9.949748743718592 -11.965584365038158 -11.965584365038158 -11.965584365038158 -11.965584365038158 -11.965584365038158 -11.965584365038158 -11.965584365038158 -11.965584365038158 -11.965584365038158 -11.965584365038158 -11.965584365038158 -11.965584365038158 -11.965584365038158
10.025125628140703 -11.96532364053087 -11.96532364053087 -11.96532364053087 -11.96532364053087 -11.96532364053087 -11.96532364053087 -11.96532364053087 -11.96532364053087 -11.96532364053087 -11.96532364053087 -11.96532364053087 -11.96532364053087 -11.96532364053087
10.100502512562812 -11.965062916023584 -11.965062916023584 -11.965062916023584 -11.965062916023584 -11.965062916023584 -11.965062916023584 -11.965062916023584 -11.965062916023584 -11.965062916023584 -11.965062916023584 -11.965062916023584 -11.965062916023584 -11.965062916023584
10.175879396984923 -11.964802191516297 -11.964802191516297 -11.964802191516297 -11.964802191516297 -11.964802191516297 -11.964802191516297 -11.964802191516297 -11.964802191516297 -11.964802191516297 -11.964802191516297 -11.964802191516297 -11.964802191516297 -11.964802191516297
10.251256281407034 -11.96454146700901 -11.96454146700901 -11.96454146700901 -11.96454146700901 -11.96454146700901 -11.96454146700901 -11.96454146700901 -11.96454146700901 -11.96454146700901 -11.96454146700901 -11.96454146700901 -11.96454146700901 -11.96454146700901
10.326633165829145 -11.964280742501725 -11.964280742501725 -11.964280742501725 -11.964280742501725 -11.964280742501725 -11.964280742501725 -11.964280742501725 -11.964280742501725 -11.964280742501725 -11.964280742501725 -11.964280742501725 -11.964280742501725 -11.964280742501725
10.402010050251256 -11.964020017994438 -11.964020017994438 -11.964020017994438 -11.964020017994438 -11.964020017994438 -11.964020017994438 -11.964020017994438 -11.964020017994438 -11.964020017994438 -11.964020017994438 -11.964020017994438 -11.964020017994438 -11.964020017994438
10.477386934673365 -11.96375929348715 -11.96375929348715 -11.96375929348715 -11.96375929348715 -11.96375929348715 -11.96375929348715 -11.96375929348715 -11.96375929348715 -11.96375929348715 -11.96375929348715 -11.96375929348715 -11.96375929348715 -11.96375929348715
10.552763819095476 -11.963498568979864 -11.963498568979864 -11.963498568979864 -11.963498568979864 -11.963498568979864 -11.963498568979864 -11.963498568979864 -11.963498568979864 -11.963498568979864 -11.963498568979864 -11.963498568979864 -11.963498568979864 -11.963498568979864
10.628140703517587 -11.963237844472577 -11.963237844472577 -11.963237844472577 -11.963237844472577 -11.963237844472577 -11.963237844472577 -11.963237844472577 -11.963237844472577 -11.963237844472577 -11.963237844472577 -11.963237844472577 -11.963237844472577 -11.963237844472577
10.703517587939697 -11.96297711996529 -11.96297711996529 -11.96297711996529 -11.96297711996529 -11.96297711996529 -11.96297711996529 -11.96297711996529 -11.96297711996529 -11.96297711996529 -11.96297711996529 -11.96297711996529 -11.96297711996529 -11.96297711996529
10.778894472361808 -11.962716395458004 -11.962716395458004 -11.962716395458004 -11.962716395458004 -11.962716395458004 -11.962716395458004 -11.962716395458004 -11.962716395458004 -11.962716395458004 -11.962716395458004 -11.962716395458004 -11.962716395458004 -11.962716395458004
10.854271356783919 -11.962455670950717 -11.962455670950717 -11.962455670950717 -11.962455670950717 -11.962455670950717 -11.962455670950717 -11.962455670950717 -11.962455670950717 -11.962455670950717 -11.962455670950717 -11.962455670950717 -11.962455670950717 -11.962455670950717
10.92964824120603 -11.96219494644343 -11.96219494644343 -11.96219494644343 -11.96219494644343 -11.96219494644343 -11.96219494644343 -11.96219494644343 -11.96219494644343 -11.96219494644343 -11.96219494644343 -11.96219494644343 -11.96219494644343 -11.96219494644343
11.00502512562814 -11.961934221936144 -11.961934221936144 -11.961934221936144 -11.961934221936144 -11.961934221936144 -11.961934221936144 -11.961934221936144 -11.961934221936144 -11.961934221936144 -11.961934221936144 -11.961934221936144 -11.961934221936144 -11.961934221936144
11.08040201005025 -11.961673497428857 -11.961673497428857 -11.961673497428857 -11.961673497428857 -11.961673497428857 -11.961673497428857 -11.961673497428857 -11.961673497428857 -11.961673497428857 -11.961673497428857 -11.961673497428857 -11.961673497428857 -11.961673497428857
11.15577889447236 -11.96141277292157 -11.96141277292157 -11.96141277292157 -11.96141277292157 -11.96141277292157 -11.96141277292157 -11.96141277292157 -11.96141277292157 -11.96141277292157 -11.96141277292157 -11.96141277292157 -11.96141277292157 -11.96141277292157
11.231155778894472 -11.961152048414284 -11.961152048414284 -11.961152048414284 -11.961152048414284 -11.961152048414284 -11.961152048414284 -11.961152048414284 -11.961152048414284 -11.961152048414284 -11.961152048414284 -11.961152048414284 -11.961152048414284 -11.961152048414284
11.306532663316581 -11.960891323906997 -11.960891323906997 -11.960891323906997 -11.960891323906997 -11.960891323906997 -11.960891323906997 -11.960891323906997 -11.960891323906997 -11.960891323906997 -11.960891323906997 -11.960891323906997 -11.960891323906997 -11.960891323906997
11.381909547738692 -11.96063059939971 -11.96063059939971 -11.96063059939971 -11.96063059939971 -11.96063059939971 -11.96063059939971 -11.96063059939971 -11.96063059939971 -11.96063059939971 -11.96063059939971 -11.96063059939971 -11.96063059939971 -11.96063059939971
11.457286432160803 -11.960369874892423 -11.960369874892423 -11.960369874892423 -11.960369874892423 -11.960369874892423 -11.960369874892423 -11.960369874892423 -11.960369874892423 -11.960369874892423 -11.960369874892423 -11.960369874892423 -11.960369874892423 -11.960369874892423
11.532663316582914 -11.960109150385136 -11.960109150385136 -11.960109150385136 -11.960109150385136 -11.960109150385136 -11.960109150385136 -11.960109150385136 -11.960109150385136 -11.960109150385136 -11.960109150385136 -11.960109150385136 -11.960109150385136 -11.960109150385136
11.608040201005025 -11.95984842587785 -11.95984842587785 -11.95984842587785 -11.95984842587785 -11.95984842587785 -11.95984842587785 -11.95984842587785 -11.95984842587785 -11.95984842587785 -11.95984842587785 -11.95984842587785 -11.95984842587785 -11.95984842587785
11.683417085427134 -11.959587701370564 -11.959587701370564 -11.959587701370564 -11.959587701370564 -11.959587701370564 -11.959587701370564 -11.959587701370564 -11.959587701370564 -11.959587701370564 -11.959587701370564 -11.959587701370564 -11.959587701370564 -11.959587701370564
11.758793969849245 -11.959326976863277 -11.959326976863277 -11.959326976863277 -11.959326976863277 -11.959326976863277 -11.959326976863277 -11.959326976863277 -11.959326976863277 -11.959326976863277 -11.959326976863277 -11.959326976863277 -11.959326976863277 -11.959326976863277
11.834170854271356 -11.95906625235599 -11.95906625235599 -11.95906625235599 -11.95906625235599 -11.95906625235599 -11.95906625235599 -11.95906625235599 -11.95906625235599 -11.95906625235599 -11.95906625235599 -11.95906625235599 -11.95906625235599 -11.95906625235599
11.909547738693465 -11.958805527848703 -11.958805527848703 -11.958805527848703 -11.958805527848703 -11.958805527848703 -11.958805527848703 -11.958805527848703 -11.958805527848703 -11.958805527848703 -11.958805527848703 -11.958805527848703 -11.958805527848703 -11.958805527848703
11.984924623115576 -11.958544803341416 -11.958544803341416 -11.958544803341416 -11.958544803341416 -11.958544803341416 -11.958544803341416 -11.958544803341416 -11.958544803341416 -11.958544803341416 -11.958544803341416 -11.958544803341416 -11.958544803341416 -11.958544803341416
12.060301507537687 -11.95828407883413 -11.95828407883413 -11.95828407883413 -11.95828407883413 -11.95828407883413 -11.95828407883413 -11.95828407883413 -11.95828407883413 -11.95828407883413 -11.95828407883413 -11.95828407883413 -11.95828407883413 -11.95828407883413
12.135678391959798 -11.958023354326844 -11.958023354326844 -11.958023354326844 -11.958023354326844 -11.958023354326844 -11.958023354326844 -11.958023354326844 -11.958023354326844 -11.958023354326844 -11.958023354326844 -11.958023354326844 -11.958023354326844 -11.958023354326844
12.21105527638191 -11.957762629819557 -11.957762629819557 -11.957762629819557 -11.957762629819557 -11.957762629819557 -11.957762629819557 -11.957762629819557 -11.957762629819557 -11.957762629819557 -11.957762629819557 -11.957762629819557 -11.957762629819557 -11.957762629819557
12.286432160804019 -11.95750190531227 -11.95750190531227 -11.95750190531227 -11.95750190531227 -11.95750190531227 -11.95750190531227 -11.95750190531227 -11.95750190531227 -11.95750190531227 -11.95750190531227 -11.95750190531227 -11.95750190531227 -11.95750190531227
12.36180904522613 -11.957241180804983 -11.957241180804983 -11.957241180804983 -11.957241180804983 -11.957241180804983 -11.957241180804983 -11.957241180804983 -11.957241180804983 -11.957241180804983 -11.957241180804983 -11.957241180804983 -11.957241180804983 -11.957241180804983
12.43718592964824 -11.956980456297696 -11.956980456297696 -11.956980456297696 -11.956980456297696 -11.956980456297696 -11.956980456297696 -11.956980456297696 -11.956980456297696 -11.956980456297696 -11.956980456297696 -11.956980456297696 -11.956980456297696 -11.956980456297696
12.51256281407035 -11.95671973179041 -11.95671973179041 -11.95671973179041 -11.95671973179041 -11.95671973179041 -11.95671973179041 -11.95671973179041 -11.95671973179041 -11.95671973179041 -11.95671973179041 -11.95671973179041 -11.95671973179041 -11.95671973179041
12.58793969849246 -11.956459007283124 -11.956459007283124 -11.956459007283124 -11.956459007283124 -11.956459007283124 -11.956459007283124 -11.956459007283124 -11.956459007283124 -11.956459007283124 -11.956459007283124 -11.956459007283124 -11.956459007283124 -11.956459007283124
12.663316582914572 -11.956198282775837 -11.956198282775837 -11.956198282775837 -11.956198282775837 -11.956198282775837 -11.956198282775837 -11.956198282775837 -11.956198282775837 -11.956198282775837 -11.956198282775837 -11.956198282775837 -11.956198282775837 -11.956198282775837
12.738693467336683 -11.95593755826855 -11.95593755826855 -11.95593755826855 -11.95593755826855 -11.95593755826855 -11.95593755826855 -11.95593755826855 -11.95593755826855 -11.95593755826855 -11.95593755826855 -11.95593755826855 -11.95593755826855 -11.95593755826855
12.814070351758794 -11.955676833761263 -11.955676833761263 -11.955676833761263 -11.955676833761263 -11.955676833761263 -11.955676833761263 -11.955676833761263 -11.955676833761263 -11.955676833761263 -11.955676833761263 -11.955676833761263 -11.955676833761263 -11.955676833761263
12.889447236180903 -11.955416109253976 -11.955416109253976 -11.955416109253976 -11.955416109253976 -11.955416109253976 -11.955416109253976 -11.955416109253976 -11.955416109253976 -11.955416109253976 -11.955416109253976 -11.955416109253976 -11.955416109253976 -11.955416109253976
12.964824120603014 -11.95515538474669 -11.95515538474669 -11.95515538474669 -11.95515538474669 -11.95515538474669 -11.95515538474669 -11.95515538474669 -11.95515538474669 -11.95515538474669 -11.95515538474669 -11.95515538474669 -11.95515538474669 -11.95515538474669
13.040201005025125 -11.954894660239404 -11.954894660239404 -11.954894660239404 -11.954894660239404 -11.954894660239404 -11.954894660239404 -11.954894660239404 -11.954894660239404 -11.954894660239404 -11.954894660239404 -11.954894660239404 -11.954894660239404 -11.954894660239404
