web/models/linear/1/-12_000_0_014.dat
# %ECSV 1.0
# ---
# datatype:
# - {name: time, datatype: float64}
# - {name: sdss_u, datatype: float64}
# - {name: sdss_g, datatype: float64}
# - {name: sdss_r, datatype: float64}
# - {name: sdss_i, datatype: float64}
# - {name: sdss_z, datatype: float64}
# - {name: Clear, datatype: float64}
# - {name: johnson_B, datatype: float64}
# - {name: johnson_V, datatype: float64}
# - {name: johnson_R, datatype: float64}
# - {name: johnson_I, datatype: float64}
# - {name: ukirt_J, datatype: float64}
# - {name: ukirt_H, datatype: float64}
# - {name: ukirt_K, datatype: float64}
# meta: !!omap
# - comment: [M=-12.0, dM=0.013971894723352866]
# schema: astropy-2.0
time sdss_u sdss_g sdss_r sdss_i sdss_z Clear johnson_B johnson_V johnson_R johnson_I ukirt_J ukirt_H ukirt_K
[from data line 117]
8.819095477386934 -11.876780526434752 -11.876780526434752 -11.876780526434752 -11.876780526434752 -11.876780526434752 -11.876780526434752 -11.876780526434752 -11.876780526434752 -11.876780526434752 -11.876780526434752 -11.876780526434752 -11.876780526434752 -11.876780526434752
8.894472361809044 -11.875727368541032 -11.875727368541032 -11.875727368541032 -11.875727368541032 -11.875727368541032 -11.875727368541032 -11.875727368541032 -11.875727368541032 -11.875727368541032 -11.875727368541032 -11.875727368541032 -11.875727368541032 -11.875727368541032
8.969849246231155 -11.874674210647312 -11.874674210647312 -11.874674210647312 -11.874674210647312 -11.874674210647312 -11.874674210647312 -11.874674210647312 -11.874674210647312 -11.874674210647312 -11.874674210647312 -11.874674210647312 -11.874674210647312 -11.874674210647312
9.045226130653266 -11.873621052753592 -11.873621052753592 -11.873621052753592 -11.873621052753592 -11.873621052753592 -11.873621052753592 -11.873621052753592 -11.873621052753592 -11.873621052753592 -11.873621052753592 -11.873621052753592 -11.873621052753592 -11.873621052753592
9.120603015075377 -11.872567894859872 -11.872567894859872 -11.872567894859872 -11.872567894859872 -11.872567894859872 -11.872567894859872 -11.872567894859872 -11.872567894859872 -11.872567894859872 -11.872567894859872 -11.872567894859872 -11.872567894859872 -11.872567894859872
9.195979899497488 -11.871514736966152 -11.871514736966152 -11.871514736966152 -11.871514736966152 -11.871514736966152 -11.871514736966152 -11.871514736966152 -11.871514736966152 -11.871514736966152 -11.871514736966152 -11.871514736966152 -11.871514736966152 -11.871514736966152
9.271356783919597 -11.870461579072431 -11.870461579072431 -11.870461579072431 -11.870461579072431 -11.870461579072431 -11.870461579072431 -11.870461579072431 -11.870461579072431 -11.870461579072431 -11.870461579072431 -11.870461579072431 -11.870461579072431 -11.870461579072431
9.346733668341708 -11.869408421178711 -11.869408421178711 -11.869408421178711 -11.869408421178711 -11.869408421178711 -11.869408421178711 -11.869408421178711 -11.869408421178711 -11.869408421178711 -11.869408421178711 -11.869408421178711 -11.869408421178711 -11.869408421178711
9.422110552763819 -11.868355263284991 -11.868355263284991 -11.868355263284991 -11.868355263284991 -11.868355263284991 -11.868355263284991 -11.868355263284991 -11.868355263284991 -11.868355263284991 -11.868355263284991 -11.868355263284991 -11.868355263284991 -11.868355263284991
9.497487437185928 -11.867302105391271 -11.867302105391271 -11.867302105391271 -11.867302105391271 -11.867302105391271 -11.867302105391271 -11.867302105391271 -11.867302105391271 -11.867302105391271 -11.867302105391271 -11.867302105391271 -11.867302105391271 -11.867302105391271
9.572864321608039 -11.866248947497551 -11.866248947497551 -11.866248947497551 -11.866248947497551 -11.866248947497551 -11.866248947497551 -11.866248947497551 -11.866248947497551 -11.866248947497551 -11.866248947497551 -11.866248947497551 -11.866248947497551 -11.866248947497551
9.64824120603015 -11.865195789603831 -11.865195789603831 -11.865195789603831 -11.865195789603831 -11.865195789603831 -11.865195789603831 -11.865195789603831 -11.865195789603831 -11.865195789603831 -11.865195789603831 -11.865195789603831 -11.865195789603831 -11.865195789603831
9.72361809045226 -11.864142631710111 -11.864142631710111 -11.864142631710111 -11.864142631710111 -11.864142631710111 -11.864142631710111 -11.864142631710111 -11.864142631710111 -11.864142631710111 -11.864142631710111 -11.864142631710111 -11.864142631710111 -11.864142631710111
9.798994974874372 -11.863089473816391 -11.863089473816391 -11.863089473816391 -11.863089473816391 -11.863089473816391 -11.863089473816391 -11.863089473816391 -11.863089473816391 -11.863089473816391 -11.863089473816391 -11.863089473816391 -11.863089473816391 -11.863089473816391
9.874371859296481 -11.862036315922671 -11.862036315922671 -11.862036315922671 -11.862036315922671 -11.862036315922671 -11.862036315922671 -11.862036315922671 -11.862036315922671 -11.862036315922671 -11.862036315922671 -11.862036315922671 -11.862036315922671 -11.862036315922671
9.949748743718592 -11.86098315802895 -11.86098315802895 -11.86098315802895 -11.86098315802895 -11.86098315802895 -11.86098315802895 -11.86098315802895 -11.86098315802895 -11.86098315802895 -11.86098315802895 -11.86098315802895 -11.86098315802895 -11.86098315802895
10.025125628140703 -11.85993000013523 -11.85993000013523 -11.85993000013523 -11.85993000013523 -11.85993000013523 -11.85993000013523 -11.85993000013523 -11.85993000013523 -11.85993000013523 -11.85993000013523 -11.85993000013523 -11.85993000013523 -11.85993000013523
10.100502512562812 -11.85887684224151 -11.85887684224151 -11.85887684224151 -11.85887684224151 -11.85887684224151 -11.85887684224151 -11.85887684224151 -11.85887684224151 -11.85887684224151 -11.85887684224151 -11.85887684224151 -11.85887684224151 -11.85887684224151
10.175879396984923 -11.85782368434779 -11.85782368434779 -11.85782368434779 -11.85782368434779 -11.85782368434779 -11.85782368434779 -11.85782368434779 -11.85782368434779 -11.85782368434779 -11.85782368434779 -11.85782368434779 -11.85782368434779 -11.85782368434779
10.251256281407034 -11.85677052645407 -11.85677052645407 -11.85677052645407 -11.85677052645407 -11.85677052645407 -11.85677052645407 -11.85677052645407 -11.85677052645407 -11.85677052645407 -11.85677052645407 -11.85677052645407 -11.85677052645407 -11.85677052645407
10.326633165829145 -11.85571736856035 -11.85571736856035 -11.85571736856035 -11.85571736856035 -11.85571736856035 -11.85571736856035 -11.85571736856035 -11.85571736856035 -11.85571736856035 -11.85571736856035 -11.85571736856035 -11.85571736856035 -11.85571736856035
10.402010050251256 -11.85466421066663 -11.85466421066663 -11.85466421066663 -11.85466421066663 -11.85466421066663 -11.85466421066663 -11.85466421066663 -11.85466421066663 -11.85466421066663 -11.85466421066663 -11.85466421066663 -11.85466421066663 -11.85466421066663
10.477386934673365 -11.85361105277291 -11.85361105277291 -11.85361105277291 -11.85361105277291 -11.85361105277291 -11.85361105277291 -11.85361105277291 -11.85361105277291 -11.85361105277291 -11.85361105277291 -11.85361105277291 -11.85361105277291 -11.85361105277291
10.552763819095476 -11.85255789487919 -11.85255789487919 -11.85255789487919 -11.85255789487919 -11.85255789487919 -11.85255789487919 -11.85255789487919 -11.85255789487919 -11.85255789487919 -11.85255789487919 -11.85255789487919 -11.85255789487919 -11.85255789487919
10.628140703517587 -11.85150473698547 -11.85150473698547 -11.85150473698547 -11.85150473698547 -11.85150473698547 -11.85150473698547 -11.85150473698547 -11.85150473698547 -11.85150473698547 -11.85150473698547 -11.85150473698547 -11.85150473698547 -11.85150473698547
10.703517587939697 -11.85045157909175 -11.85045157909175 -11.85045157909175 -11.85045157909175 -11.85045157909175 -11.85045157909175 -11.85045157909175 -11.85045157909175 -11.85045157909175 -11.85045157909175 -11.85045157909175 -11.85045157909175 -11.85045157909175
10.778894472361808 -11.84939842119803 -11.84939842119803 -11.84939842119803 -11.84939842119803 -11.84939842119803 -11.84939842119803 -11.84939842119803 -11.84939842119803 -11.84939842119803 -11.84939842119803 -11.84939842119803 -11.84939842119803 -11.84939842119803
10.854271356783919 -11.84834526330431 -11.84834526330431 -11.84834526330431 -11.84834526330431 -11.84834526330431 -11.84834526330431 -11.84834526330431 -11.84834526330431 -11.84834526330431 -11.84834526330431 -11.84834526330431 -11.84834526330431 -11.84834526330431
10.92964824120603 -11.84729210541059 -11.84729210541059 -11.84729210541059 -11.84729210541059 -11.84729210541059 -11.84729210541059 -11.84729210541059 -11.84729210541059 -11.84729210541059 -11.84729210541059 -11.84729210541059 -11.84729210541059 -11.84729210541059
11.00502512562814 -11.84623894751687 -11.84623894751687 -11.84623894751687 -11.84623894751687 -11.84623894751687 -11.84623894751687 -11.84623894751687 -11.84623894751687 -11.84623894751687 -11.84623894751687 -11.84623894751687 -11.84623894751687 -11.84623894751687
11.08040201005025 -11.84518578962315 -11.84518578962315 -11.84518578962315 -11.84518578962315 -11.84518578962315 -11.84518578962315 -11.84518578962315 -11.84518578962315 -11.84518578962315 -11.84518578962315 -11.84518578962315 -11.84518578962315 -11.84518578962315
11.15577889447236 -11.84413263172943 -11.84413263172943 -11.84413263172943 -11.84413263172943 -11.84413263172943 -11.84413263172943 -11.84413263172943 -11.84413263172943 -11.84413263172943 -11.84413263172943 -11.84413263172943 -11.84413263172943 -11.84413263172943
11.231155778894472 -11.84307947383571 -11.84307947383571 -11.84307947383571 -11.84307947383571 -11.84307947383571 -11.84307947383571 -11.84307947383571 -11.84307947383571 -11.84307947383571 -11.84307947383571 -11.84307947383571 -11.84307947383571 -11.84307947383571
11.306532663316581 -11.84202631594199 -11.84202631594199 -11.84202631594199 -11.84202631594199 -11.84202631594199 -11.84202631594199 -11.84202631594199 -11.84202631594199 -11.84202631594199 -11.84202631594199 -11.84202631594199 -11.84202631594199 -11.84202631594199
11.381909547738692 -11.84097315804827 -11.84097315804827 -11.84097315804827 -11.84097315804827 -11.84097315804827 -11.84097315804827 -11.84097315804827 -11.84097315804827 -11.84097315804827 -11.84097315804827 -11.84097315804827 -11.84097315804827 -11.84097315804827
11.457286432160803 -11.83992000015455 -11.83992000015455 -11.83992000015455 -11.83992000015455 -11.83992000015455 -11.83992000015455 -11.83992000015455 -11.83992000015455 -11.83992000015455 -11.83992000015455 -11.83992000015455 -11.83992000015455 -11.83992000015455
11.532663316582914 -11.83886684226083 -11.83886684226083 -11.83886684226083 -11.83886684226083 -11.83886684226083 -11.83886684226083 -11.83886684226083 -11.83886684226083 -11.83886684226083 -11.83886684226083 -11.83886684226083 -11.83886684226083 -11.83886684226083
11.608040201005025 -11.83781368436711 -11.83781368436711 -11.83781368436711 -11.83781368436711 -11.83781368436711 -11.83781368436711 -11.83781368436711 -11.83781368436711 -11.83781368436711 -11.83781368436711 -11.83781368436711 -11.83781368436711 -11.83781368436711
11.683417085427134 -11.83676052647339 -11.83676052647339 -11.83676052647339 -11.83676052647339 -11.83676052647339 -11.83676052647339 -11.83676052647339 -11.83676052647339 -11.83676052647339 -11.83676052647339 -11.83676052647339 -11.83676052647339 -11.83676052647339
11.758793969849245 -11.83570736857967 -11.83570736857967 -11.83570736857967 -11.83570736857967 -11.83570736857967 -11.83570736857967 -11.83570736857967 -11.83570736857967 -11.83570736857967 -11.83570736857967 -11.83570736857967 -11.83570736857967 -11.83570736857967
11.834170854271356 -11.83465421068595 -11.83465421068595 -11.83465421068595 -11.83465421068595 -11.83465421068595 -11.83465421068595 -11.83465421068595 -11.83465421068595 -11.83465421068595 -11.83465421068595 -11.83465421068595 -11.83465421068595 -11.83465421068595
11.909547738693465 -11.833601052792229 -11.833601052792229 -11.833601052792229 -11.833601052792229 -11.833601052792229 -11.833601052792229 -11.833601052792229 -11.833601052792229 -11.833601052792229 -11.833601052792229 -11.833601052792229 -11.833601052792229 -11.833601052792229
11.984924623115576 -11.832547894898509 -11.832547894898509 -11.832547894898509 -11.832547894898509 -11.832547894898509 -11.832547894898509 -11.832547894898509 -11.832547894898509 -11.832547894898509 -11.832547894898509 -11.832547894898509 -11.832547894898509 -11.832547894898509
12.060301507537687 -11.831494737004789 -11.831494737004789 -11.831494737004789 -11.831494737004789 -11.831494737004789 -11.831494737004789 -11.831494737004789 -11.831494737004789 -11.831494737004789 -11.831494737004789 -11.831494737004789 -11.831494737004789 -11.831494737004789
12.135678391959798 -11.830441579111069 -11.830441579111069 -11.830441579111069 -11.830441579111069 -11.830441579111069 -11.830441579111069 -11.830441579111069 -11.830441579111069 -11.830441579111069 -11.830441579111069 -11.830441579111069 -11.830441579111069 -11.830441579111069
12.21105527638191 -11.829388421217349 -11.829388421217349 -11.829388421217349 -11.829388421217349 -11.829388421217349 -11.829388421217349 -11.829388421217349 -11.829388421217349 -11.829388421217349 -11.829388421217349 -11.829388421217349 -11.829388421217349 -11.829388421217349
12.286432160804019 -11.828335263323629 -11.828335263323629 -11.828335263323629 -11.828335263323629 -11.828335263323629 -11.828335263323629 -11.828335263323629 -11.828335263323629 -11.828335263323629 -11.828335263323629 -11.828335263323629 -11.828335263323629 -11.828335263323629
12.36180904522613 -11.827282105429909 -11.827282105429909 -11.827282105429909 -11.827282105429909 -11.827282105429909 -11.827282105429909 -11.827282105429909 -11.827282105429909 -11.827282105429909 -11.827282105429909 -11.827282105429909 -11.827282105429909 -11.827282105429909
12.43718592964824 -11.826228947536189 -11.826228947536189 -11.826228947536189 -11.826228947536189 -11.826228947536189 -11.826228947536189 -11.826228947536189 -11.826228947536189 -11.826228947536189 -11.826228947536189 -11.826228947536189 -11.826228947536189 -11.826228947536189
12.51256281407035 -11.825175789642469 -11.825175789642469 -11.825175789642469 -11.825175789642469 -11.825175789642469 -11.825175789642469 -11.825175789642469 -11.825175789642469 -11.825175789642469 -11.825175789642469 -11.825175789642469 -11.825175789642469 -11.825175789642469
12.58793969849246 -11.824122631748748 -11.824122631748748 -11.824122631748748 -11.824122631748748 -11.824122631748748 -11.824122631748748 -11.824122631748748 -11.824122631748748 -11.824122631748748 -11.824122631748748 -11.824122631748748 -11.824122631748748 -11.824122631748748
12.663316582914572 -11.823069473855028 -11.823069473855028 -11.823069473855028 -11.823069473855028 -11.823069473855028 -11.823069473855028 -11.823069473855028 -11.823069473855028 -11.823069473855028 -11.823069473855028 -11.823069473855028 -11.823069473855028 -11.823069473855028
12.738693467336683 -11.822016315961308 -11.822016315961308 -11.822016315961308 -11.822016315961308 -11.822016315961308 -11.822016315961308 -11.822016315961308 -11.822016315961308 -11.822016315961308 -11.822016315961308 -11.822016315961308 -11.822016315961308 -11.822016315961308
12.814070351758794 -11.820963158067588 -11.820963158067588 -11.820963158067588 -11.820963158067588 -11.820963158067588 -11.820963158067588 -11.820963158067588 -11.820963158067588 -11.820963158067588 -11.820963158067588 -11.820963158067588 -11.820963158067588 -11.820963158067588
12.889447236180903 -11.819910000173868 -11.819910000173868 -11.819910000173868 -11.819910000173868 -11.819910000173868 -11.819910000173868 -11.819910000173868 -11.819910000173868 -11.819910000173868 -11.819910000173868 -11.819910000173868 -11.819910000173868 -11.819910000173868
12.964824120603014 -11.818856842280148 -11.818856842280148 -11.818856842280148 -11.818856842280148 -11.818856842280148 -11.818856842280148 -11.818856842280148 -11.818856842280148 -11.818856842280148 -11.818856842280148 -11.818856842280148 -11.818856842280148 -11.818856842280148
13.040201005025125 -11.817803684386428 -11.817803684386428 -11.817803684386428 -11.817803684386428 -11.817803684386428 -11.817803684386428 -11.817803684386428 -11.817803684386428 -11.817803684386428 -11.817803684386428 -11.817803684386428 -11.817803684386428 -11.817803684386428
