web/models/grb/onaxis/1/grb_0.0000_268.2696_6.3095734.dat
# %ECSV 1.0
# ---
# datatype:
# - {name: time, datatype: float64}
# - {name: swift_uvot_uvw2, datatype: float64}
# - {name: swift_uvot_uvm2, datatype: float64}
# - {name: swift_uvot_uvw1, datatype: float64}
# - {name: swift_uvot_U, datatype: float64}
# - {name: swift_uvot_B, datatype: float64}
# - {name: swift_uvot_V, datatype: float64}
# - {name: swift_uvot_W, datatype: float64}
# - {name: johnson_U, datatype: float64}
# - {name: johnson_B, datatype: float64}
# - {name: johnson_V, datatype: float64}
# - {name: johnson_R, datatype: float64}
# - {name: johnson_I, datatype: float64}
# - {name: sdss_u, datatype: float64}
# - {name: sdss_g, datatype: float64}
# - {name: sdss_r, datatype: float64}
# - {name: sdss_i, datatype: float64}
# - {name: sdss_z, datatype: float64}
# - {name: PS1_g, datatype: float64}
# - {name: PS1_r, datatype: float64}
# - {name: PS1_i, datatype: float64}
# - {name: PS1_z, datatype: float64}
# - {name: PS1_Y, datatype: float64}
# - {name: PS1_w, datatype: float64}
# - {name: ATLAS_c, datatype: float64}
# - {name: ATLAS_o, datatype: float64}
# - {name: ukirt_J, datatype: float64}
# - {name: ukirt_H, datatype: float64}
# - {name: ukirt_K, datatype: float64}
# - {name: Clear, datatype: float64}
# meta: !!omap
# - comment: [E = 0.11641960487160355, Eta0 = 8.02, GammaB = 12.0, dL = 0.012188, epsb = 6.760829753919819e-06, epse = 0.1, n = 6.30957344480193,
#     p = 2.15, theta_obs = 0.0, xiN = 1.0, z = 0.0, type = grb, E_kiso = 268.2695795279727]
# schema: astropy-2.0
time swift_uvot_uvw2 swift_uvot_uvm2 swift_uvot_uvw1 swift_uvot_U swift_uvot_B swift_uvot_V swift_uvot_W johnson_U johnson_B johnson_V johnson_R johnson_I sdss_u sdss_g sdss_r sdss_i sdss_z PS1_g PS1_r PS1_i PS1_z PS1_Y PS1_w ATLAS_c ATLAS_o ukirt_J ukirt_H ukirt_K Clear
[from data line 68]
0.0506 -16.334 -16.284 -16.359 -16.552 -16.694 -16.833 -16.473 -16.574 -16.697 -16.839 -16.979 -17.128 -16.569 -16.742 -16.914 -17.034 -17.145 -16.806 -16.948 -17.068 -17.167 -17.335 -16.911 -16.816 -16.969 -17.357 -17.526 -17.717 -17.002
0.0518 -16.321 -16.272 -16.347 -16.54 -16.682 -16.821 -16.461 -16.562 -16.685 -16.826 -16.967 -17.116 -16.557 -16.73 -16.902 -17.022 -17.133 -16.793 -16.936 -17.056 -17.155 -17.323 -16.899 -16.804 -16.957 -17.345 -17.514 -17.705 -16.99
0.053 -16.309 -16.26 -16.335 -16.528 -16.67 -16.809 -16.448 -16.55 -16.673 -16.814 -16.955 -17.103 -16.545 -16.718 -16.89 -17.01 -17.121 -16.781 -16.924 -17.044 -17.143 -17.311 -16.887 -16.792 -16.945 -17.333 -17.502 -17.692 -16.977
0.0543 -16.297 -16.248 -16.323 -16.516 -16.658 -16.797 -16.436 -16.538 -16.66 -16.802 -16.943 -17.091 -16.533 -16.706 -16.877 -16.998 -17.109 -16.769 -16.912 -17.032 -17.131 -17.299 -16.875 -16.78 -16.933 -17.321 -17.49 -17.68 -16.965
0.0556 -16.285 -16.236 -16.311 -16.504 -16.646 -16.785 -16.424 -16.526 -16.648 -16.79 -16.931 -17.079 -16.521 -16.693 -16.865 -16.986 -17.097 -16.757 -16.9 -17.02 -17.119 -17.287 -16.863 -16.768 -16.921 -17.309 -17.478 -17.668 -16.953
0.057 -16.268 -16.219 -16.294 -16.487 -16.629 -16.768 -16.407 -16.509 -16.632 -16.773 -16.914 -17.062 -16.504 -16.677 -16.849 -16.969 -17.08 -16.74 -16.883 -17.003 -17.102 -17.27 -16.846 -16.751 -16.904 -17.292 -17.461 -17.651 -16.936
0.0584 -16.249 -16.2 -16.275 -16.468 -16.61 -16.749 -16.389 -16.49 -16.613 -16.755 -16.895 -17.044 -16.485 -16.658 -16.83 -16.95 -17.061 -16.722 -16.864 -16.984 -17.083 -17.251 -16.827 -16.732 -16.885 -17.273 -17.442 -17.633 -16.918
0.0598 -16.231 -16.181 -16.256 -16.449 -16.591 -16.73 -16.37 -16.471 -16.594 -16.736 -16.876 -17.025 -16.466 -16.639 -16.811 -16.931 -17.042 -16.703 -16.845 -16.965 -17.064 -17.232 -16.808 -16.713 -16.866 -17.254 -17.423 -17.614 -16.899
0.0612 -16.212 -16.162 -16.237 -16.43 -16.572 -16.712 -16.351 -16.452 -16.575 -16.717 -16.857 -17.006 -16.447 -16.62 -16.792 -16.912 -17.023 -16.684 -16.826 -16.946 -17.045 -17.213 -16.79 -16.694 -16.847 -17.235 -17.404 -17.595 -16.88
0.0627 -16.193 -16.143 -16.218 -16.411 -16.553 -16.693 -16.332 -16.433 -16.556 -16.698 -16.838 -16.987 -16.428 -16.601 -16.773 -16.894 -17.004 -16.665 -16.807 -16.927 -17.026 -17.194 -16.771 -16.675 -16.828 -17.216 -17.385 -17.576 -16.861
0.0642 -16.174 -16.124 -16.199 -16.392 -16.535 -16.674 -16.313 -16.415 -16.537 -16.679 -16.819 -16.968 -16.409 -16.582 -16.754 -16.875 -16.985 -16.646 -16.788 -16.908 -17.007 -17.176 -16.752 -16.656 -16.809 -17.197 -17.367 -17.557 -16.842
0.0657 -16.155 -16.105 -16.18 -16.373 -16.516 -16.655 -16.294 -16.396 -16.518 -16.66 -16.8 -16.949 -16.391 -16.563 -16.735 -16.856 -16.966 -16.627 -16.769 -16.889 -16.988 -17.157 -16.733 -16.638 -16.79 -17.178 -17.348 -17.538 -16.823
0.0673 -16.136 -16.087 -16.161 -16.354 -16.497 -16.636 -16.275 -16.377 -16.499 -16.641 -16.781 -16.93 -16.372 -16.544 -16.716 -16.837 -16.947 -16.608 -16.751 -16.87 -16.969 -17.138 -16.714 -16.619 -16.771 -17.159 -17.329 -17.519 -16.804
0.0689 -16.117 -16.068 -16.142 -16.335 -16.478 -16.617 -16.256 -16.358 -16.48 -16.622 -16.763 -16.911 -16.353 -16.525 -16.697 -16.818 -16.929 -16.589 -16.732 -16.851 -16.95 -17.119 -16.695 -16.6 -16.753 -17.14 -17.31 -17.5 -16.785
0.0706 -16.098 -16.049 -16.124 -16.316 -16.459 -16.598 -16.237 -16.339 -16.461 -16.603 -16.744 -16.892 -16.334 -16.506 -16.678 -16.799 -16.91 -16.57 -16.713 -16.833 -16.932 -17.1 -16.676 -16.581 -16.734 -17.122 -17.291 -17.481 -16.766
0.0723 -16.078 -16.028 -16.103 -16.296 -16.438 -16.577 -16.217 -16.318 -16.441 -16.583 -16.723 -16.872 -16.313 -16.486 -16.658 -16.778 -16.889 -16.55 -16.692 -16.812 -16.911 -17.079 -16.655 -16.56 -16.713 -17.101 -17.27 -17.461 -16.746
0.0741 -16.057 -16.007 -16.082 -16.275 -16.417 -16.557 -16.196 -16.297 -16.42 -16.562 -16.702 -16.851 -16.292 -16.465 -16.637 -16.757 -16.868 -16.529 -16.671 -16.791 -16.89 -17.058 -16.635 -16.539 -16.692 -17.08 -17.249 -17.44 -16.725
0.0758 -16.036 -15.986 -16.061 -16.254 -16.396 -16.536 -16.175 -16.276 -16.399 -16.541 -16.681 -16.83 -16.271 -16.444 -16.616 -16.737 -16.847 -16.508 -16.65 -16.77 -16.869 -17.037 -16.614 -16.518 -16.671 -17.059 -17.228 -17.419 -16.704
0.0777 -16.015 -15.965 -16.04 -16.233 -16.376 -16.515 -16.154 -16.256 -16.378 -16.52 -16.66 -16.809 -16.251 -16.423 -16.595 -16.716 -16.826 -16.487 -16.629 -16.749 -16.848 -17.017 -16.593 -16.497 -16.65 -17.038 -17.208 -17.398 -16.683
0.0795 -15.994 -15.944 -16.019 -16.212 -16.355 -16.494 -16.133 -16.235 -16.357 -16.499 -16.639 -16.788 -16.23 -16.402 -16.574 -16.695 -16.805 -16.466 -16.609 -16.728 -16.827 -16.996 -16.572 -16.477 -16.629 -17.017 -17.187 -17.377 -16.662
0.0815 -15.973 -15.924 -15.998 -16.191 -16.334 -16.473 -16.112 -16.214 -16.336 -16.478 -16.619 -16.767 -16.209 -16.381 -16.553 -16.674 -16.784 -16.445 -16.588 -16.707 -16.806 -16.975 -16.551 -16.456 -16.608 -16.996 -17.166 -17.356 -16.641
0.0834 -15.952 -15.903 -15.977 -16.17 -16.313 -16.452 -16.091 -16.193 -16.315 -16.457 -16.598 -16.746 -16.188 -16.36 -16.532 -16.653 -16.764 -16.424 -16.567 -16.687 -16.786 -16.954 -16.53 -16.435 -16.588 -16.976 -17.145 -17.335 -16.62
0.0854 -15.931 -15.882 -15.957 -16.15 -16.292 -16.431 -16.07 -16.172 -16.294 -16.436 -16.577 -16.725 -16.167 -16.339 -16.511 -16.632 -16.743 -16.403 -16.546 -16.666 -16.765 -16.933 -16.509 -16.414 -16.567 -16.955 -17.124 -17.314 -16.599
0.0875 -15.91 -15.861 -15.936 -16.129 -16.271 -16.41 -16.049 -16.151 -16.273 -16.415 -16.556 -16.704 -16.146 -16.319 -16.49 -16.611 -16.722 -16.382 -16.525 -16.645 -16.744 -16.912 -16.488 -16.393 -16.546 -16.934 -17.103 -17.293 -16.578
0.0896 -15.889 -15.84 -15.915 -16.108 -16.25 -16.389 -16.028 -16.13 -16.253 -16.394 -16.535 -16.683 -16.125 -16.298 -16.469 -16.59 -16.701 -16.361 -16.504 -16.624 -16.723 -16.891 -16.467 -16.372 -16.525 -16.913 -17.082 -17.272 -16.557
0.0918 -15.859 -15.81 -15.885 -16.078 -16.22 -16.359 -15.999 -16.1 -16.223 -16.365 -16.505 -16.654 -16.095 -16.268 -16.44 -16.56 -16.671 -16.332 -16.474 -16.594 -16.693 -16.861 -16.437 -16.342 -16.495 -16.883 -17.052 -17.243 -16.528
0.094 -15.829 -15.78 -15.855 -16.048 -16.19 -16.329 -15.968 -16.07 -16.193 -16.334 -16.475 -16.623 -16.065 -16.238 -16.41 -16.53 -16.641 -16.301 -16.444 -16.564 -16.663 -16.831 -16.407 -16.312 -16.465 -16.853 -17.022 -17.213 -16.498
0.0963 -15.799 -15.75 -15.825 -16.018 -16.16 -16.299 -15.938 -16.04 -16.162 -16.304 -16.445 -16.593 -16.035 -16.208 -16.379 -16.5 -16.611 -16.271 -16.414 -16.534 -16.633 -16.801 -16.377 -16.282 -16.435 -16.823 -16.992 -17.182 -16.467
0.0986 -15.769 -15.72 -15.795 -15.988 -16.13 -16.269 -15.908 -16.01 -16.132 -16.274 -16.415 -16.563 -16.005 -16.178 -16.349 -16.47 -16.581 -16.241 -16.384 -16.504 -16.603 -16.771 -16.347 -16.252 -16.405 -16.793 -16.962 -17.152 -16.437
0.101 -15.739 -15.69 -15.765 -15.958 -16.1 -16.239 -15.878 -15.98 -16.102 -16.244 -16.385 -16.533 -15.975 -16.147 -16.319 -16.44 -16.551 -16.211 -16.354 -16.474 -16.573 -16.741 -16.317 -16.222 -16.375 -16.763 -16.932 -17.122 -16.407
0.1034 -15.709 -15.66 -15.734 -15.927 -16.07 -16.209 -15.848 -15.95 -16.072 -16.214 -16.355 -16.503 -15.945 -16.117 -16.289 -16.41 -16.521 -16.181 -16.324 -16.444 -16.543 -16.711 -16.287 -16.192 -16.345 -16.733 -16.902 -17.092 -16.377
0.1059 -15.679 -15.63 -15.704 -15.897 -16.04 -16.179 -15.818 -15.92 -16.042 -16.184 -16.325 -16.473 -15.915 -16.087 -16.259 -16.38 -16.49 -16.151 -16.294 -16.413 -16.512 -16.681 -16.257 -16.162 -16.314 -16.702 -16.872 -17.062 -16.347
0.1084 -15.649 -15.599 -15.674 -15.867 -16.01 -16.149 -15.788 -15.89 -16.012 -16.154 -16.294 -16.443 -15.885 -16.057 -16.229 -16.35 -16.46 -16.121 -16.264 -16.383 -16.482 -16.651 -16.227 -16.132 -16.284 -16.672 -16.842 -17.032 -16.317
0.1111 -15.619 -15.569 -15.644 -15.837 -15.98 -16.119 -15.758 -15.86 -15.982 -16.124 -16.264 -16.413 -15.855 -16.027 -16.199 -16.32 -16.43 -16.091 -16.233 -16.353 -16.452 -16.621 -16.197 -16.102 -16.254 -16.642 -16.812 -17.002 -16.287
0.1137 -15.588 -15.538 -15.613 -15.806 -15.949 -16.088 -15.727 -15.829 -15.951 -16.093 -16.233 -16.382 -15.824 -15.996 -16.168 -16.289 -16.399 -16.06 -16.202 -16.322 -16.421 -16.59 -16.166 -16.071 -16.223 -16.611 -16.781 -16.971 -16.256
0.1165 -15.55 -15.5 -15.575 -15.768 -15.911 -16.05 -15.689 -15.791 -15.913 -16.055 -16.195 -16.344 -15.786 -15.958 -16.13 -16.251 -16.361 -16.022 -16.164 -16.284 -16.383 -16.552 -16.128 -16.032 -16.185 -16.573 -16.743 -16.933 -16.218
0.1193 -15.512 -15.462 -15.537 -15.73 -15.873 -16.012 -15.651 -15.753 -15.875 -16.017 -16.157 -16.306 -15.747 -15.92 -16.092 -16.213 -16.323 -15.984 -16.126 -16.246 -16.345 -16.514 -16.09 -15.994 -16.147 -16.535 -16.705 -16.895 -16.18
0.1222 -15.474 -15.424 -15.499 -15.692 -15.835 -15.974 -15.613 -15.714 -15.837 -15.979 -16.119 -16.268 -15.709 -15.882 -16.054 -16.175 -16.285 -15.946 -16.088 -16.208 -16.307 -16.475 -16.052 -15.956 -16.109 -16.497 -16.667 -16.857 -16.142
0.1251 -15.436 -15.386 -15.461 -15.654 -15.796 -15.936 -15.575 -15.676 -15.799 -15.941 -16.081 -16.23 -15.671 -15.844 -16.016 -16.137 -16.247 -15.908 -16.05 -16.17 -16.269 -16.437 -16.014 -15.918 -16.071 -16.459 -16.628 -16.819 -16.104
0.1281 -15.398 -15.348 -15.423 -15.616 -15.758 -15.898 -15.537 -15.638 -15.761 -15.903 -16.043 -16.192 -15.633 -15.806 -15.978 -16.099 -16.209 -15.87 -16.012 -16.132 -16.231 -16.399 -15.976 -15.88 -16.033 -16.421 -16.59 -16.781 -16.066
0.1312 -15.36 -15.31 -15.385 -15.578 -15.72 -15.86 -15.499 -15.6 -15.723 -15.865 -16.005 -16.154 -15.595 -15.768 -15.94 -16.061 -16.171 -15.832 -15.974 -16.094 -16.193 -16.361 -15.938 -15.842 -15.995 -16.383 -16.552 -16.743 -16.028
0.1344 -15.322 -15.272 -15.347 -15.54 -15.682 -15.822 -15.461 -15.562 -15.685 -15.827 -15.967 -16.116 -15.557 -15.73 -15.902 -16.023 -16.133 -15.794 -15.936 -16.056 -16.155 -16.323 -15.9 -15.804 -15.957 -16.345 -16.514 -16.705 -15.99
0.1376 -15.284 -15.234 -15.309 -15.502 -15.644 -15.784 -15.423 -15.524 -15.647 -15.789 -15.929 -16.078 -15.519 -15.692 -15.864 -15.984 -16.095 -15.756 -15.898 -16.018 -16.117 -16.285 -15.862 -15.766 -15.919 -16.307 -16.476 -16.667 -15.952
0.141 -15.246 -15.196 -15.271 -15.464 -15.606 -15.746 -15.385 -15.486 -15.609 -15.751 -15.891 -16.04 -15.481 -15.654 -15.826 -15.946 -16.057 -15.718 -15.86 -15.98 -16.079 -16.247 -15.824 -15.728 -15.881 -16.269 -16.438 -16.629 -15.914
0.1444 -15.207 -15.158 -15.233 -15.425 -15.568 -15.707 -15.346 -15.448 -15.57 -15.712 -15.853 -16.001 -15.443 -15.615 -15.787 -15.908 -16.019 -15.679 -15.822 -15.942 -16.041 -16.209 -15.785 -15.69 -15.843 -16.231 -16.4 -16.59 -15.875
0.1478 -15.167 -15.118 -15.193 -15.386 -15.528 -15.667 -15.306 -15.408 -15.53 -15.672 -15.813 -15.961 -15.403 -15.576 -15.747 -15.868 -15.979 -15.639 -15.782 -15.902 -16.001 -16.169 -15.745 -15.65 -15.803 -16.191 -16.36 -16.55 -15.835
0.1514 -15.128 -15.078 -15.153 -15.346 -15.488 -15.627 -15.267 -15.368 -15.491 -15.633 -15.773 -15.922 -15.363 -15.536 -15.708 -15.828 -15.939 -15.6 -15.742 -15.862 -15.961 -16.129 -15.705 -15.61 -15.763 -16.151 -16.32 -16.511 -15.796
0.1551 -15.088 -15.038 -15.113 -15.306 -15.448 -15.588 -15.227 -15.328 -15.451 -15.593 -15.733 -15.882 -15.323 -15.496 -15.668 -15.789 -15.899 -15.56 -15.702 -15.822 -15.921 -16.089 -15.666 -15.57 -15.723 -16.111 -16.28 -16.471 -15.756
0.1588 -15.048 -14.998 -15.073 -15.266 -15.409 -15.548 -15.187 -15.289 -15.411 -15.553 -15.693 -15.842 -15.284 -15.456 -15.628 -15.749 -15.859 -15.52 -15.662 -15.782 -15.881 -16.05 -15.626 -15.531 -15.683 -16.071 -16.241 -16.431 -15.716
0.1626 -15.008 -14.959 -15.033 -15.226 -15.369 -15.508 -15.147 -15.249 -15.371 -15.513 -15.654 -15.802 -15.244 -15.416 -15.588 -15.709 -15.82 -15.48 -15.623 -15.742 -15.842 -16.01 -15.586 -15.491 -15.644 -16.031 -16.201 -16.391 -15.676
0.1666 -14.968 -14.919 -14.994 -15.187 -15.329 -15.468 -15.107 -15.209 -15.331 -15.473 -15.614 -15.762 -15.204 -15.377 -15.548 -15.669 -15.78 -15.44 -15.583 -15.703 -15.802 -15.97 -15.546 -15.451 -15.604 -15.992 -16.161 -16.351 -15.636
0.1706 -14.928 -14.879 -14.954 -15.147 -15.289 -15.428 -15.068 -15.169 -15.292 -15.433 -15.574 -15.723 -15.164 -15.337 -15.509 -15.629 -15.74 -15.4 -15.543 -15.663 -15.762 -15.93 -15.506 -15.411 -15.564 -15.952 -16.121 -16.312 -15.597
0.1747 -14.889 -14.839 -14.914 -15.107 -15.249 -15.389 -15.028 -15.129 -15.252 -15.394 -15.534 -15.683 -15.124 -15.297 -15.469 -15.589 -15.7 -15.361 -15.503 -15.623 -15.722 -15.89 -15.466 -15.371 -15.524 -15.912 -16.081 -16.272 -15.557
0.1789 -14.849 -14.799 -14.874 -15.067 -15.21 -15.349 -14.988 -15.09 -15.212 -15.354 -15.494 -15.643 -15.085 -15.257 -15.429 -15.55 -15.66 -15.321 -15.463 -15.583 -15.682 -15.851 -15.427 -15.331 -15.484 -15.872 -16.042 -16.232 -15.517
0.1832 -14.805 -14.756 -14.83 -15.023 -15.166 -15.305 -14.944 -15.046 -15.168 -15.31 -15.451 -15.599 -15.041 -15.213 -15.385 -15.506 -15.617 -15.277 -15.42 -15.54 -15.639 -15.807 -15.383 -15.288 -15.441 -15.829 -15.998 -16.188 -15.473
0.1876 -14.756 -14.706 -14.781 -14.974 -15.116 -15.256 -14.895 -14.996 -15.119 -15.261 -15.401 -15.55 -14.991 -15.164 -15.336 -15.456 -15.567 -15.228 -15.37 -15.49 -15.589 -15.757 -15.334 -15.238 -15.391 -15.779 -15.948 -16.139 -15.424
0.1922 -14.706 -14.657 -14.732 -14.925 -15.067 -15.206 -14.845 -14.947 -15.069 -15.211 -15.352 -15.5 -14.942 -15.114 -15.286 -15.407 -15.518 -15.178 -15.321 -15.441 -15.54 -15.708 -15.284 -15.189 -15.342 -15.73 -15.899 -16.089 -15.374
0.1968 -14.657 -14.607 -14.682 -14.875 -15.018 -15.157 -14.796 -14.898 -15.02 -15.162 -15.302 -15.451 -14.892 -15.065 -15.237 -15.358 -15.468 -15.129 -15.271 -15.391 -15.49 -15.658 -15.235 -15.139 -15.292 -15.68 -15.85 -16.04 -15.325
0.2015 -14.607 -14.558 -14.633 -14.826 -14.968 -15.107 -14.746 -14.848 -14.97 -15.112 -15.253 -15.401 -14.843 -15.016 -15.187 -15.308 -15.419 -15.079 -15.222 -15.342 -15.441 -15.609 -15.185 -15.09 -15.243 -15.631 -15.8 -15.99 -15.275
0.2064 -14.558 -14.508 -14.583 -14.776 -14.919 -15.058 -14.697 -14.799 -14.921 -15.063 -15.203 -15.352 -14.794 -14.966 -15.138 -15.259 -15.369 -15.03 -15.173 -15.292 -15.391 -15.56 -15.136 -15.041 -15.193 -15.581 -15.751 -15.941 -15.226
0.2114 -14.508 -14.459 -14.534 -14.727 -14.869 -15.008 -14.648 -14.749 -14.872 -15.014 -15.154 -15.303 -14.744 -14.917 -15.089 -15.209 -15.32 -14.981 -15.123 -15.243 -15.342 -15.51 -15.086 -14.991 -15.144 -15.532 -15.701 -15.892 -15.177
0.2165 -14.459 -14.41 -14.484 -14.677 -14.82 -14.959 -14.598 -14.7 -14.822 -14.964 -15.105 -15.253 -14.695 -14.867 -15.039 -15.16 -15.271 -14.931 -15.074 -15.193 -15.292 -15.461 -15.037 -14.942 -15.094 -15.482 -15.652 -15.842 -15.127
0.2217 -14.41 -14.36 -14.435 -14.628 -14.77 -14.909 -14.549 -14.65 -14.773 -14.915 -15.055 -15.204 -14.645 -14.818 -14.99 -15.11 -15.221 -14.882 -15.024 -15.144 -15.243 -15.411 -14.987 -14.892 -15.045 -15.433 -15.602 -15.793 -15.078
0.2271 -14.36 -14.311 -14.386 -14.579 -14.721 -14.86 -14.499 -14.601 -14.723 -14.865 -15.006 -15.154 -14.596 -14.768 -14.94 -15.061 -15.172 -14.832 -14.975 -15.095 -15.194 -15.362 -14.938 -14.843 -14.996 -15.384 -15.553 -15.743 -15.028
0.2325 -14.307 -14.257 -14.332 -14.525 -14.667 -14.807 -14.446 -14.547 -14.67 -14.812 -14.952 -15.101 -14.542 -14.715 -14.887 -15.008 -15.118 -14.779 -14.921 -15.041 -15.14 -15.308 -14.885 -14.789 -14.942 -15.33 -15.499 -15.69 -14.975
0.2381 -14.25 -14.2 -14.275 -14.468 -14.611 -14.75 -14.389 -14.491 -14.613 -14.755 -14.895 -15.044 -14.486 -14.658 -14.83 -14.951 -15.061 -14.722 -14.865 -14.984 -15.083 -15.252 -14.828 -14.733 -14.885 -15.273 -15.443 -15.633 -14.918
0.2439 -14.193 -14.144 -14.219 -14.412 -14.554 -14.693 -14.332 -14.434 -14.556 -14.698 -14.839 -14.987 -14.429 -14.601 -14.773 -14.894 -15.005 -14.665 -14.808 -14.928 -15.027 -15.195 -14.771 -14.676 -14.829 -15.217 -15.386 -15.576 -14.861
