web/models/grb/onaxis/1/grb_0.0000_193.0698_0.0000631.dat
# %ECSV 1.0
# ---
# datatype:
# - {name: time, datatype: float64}
# - {name: swift_uvot_uvw2, datatype: float64}
# - {name: swift_uvot_uvm2, datatype: float64}
# - {name: swift_uvot_uvw1, datatype: float64}
# - {name: swift_uvot_U, datatype: float64}
# - {name: swift_uvot_B, datatype: float64}
# - {name: swift_uvot_V, datatype: float64}
# - {name: swift_uvot_W, datatype: float64}
# - {name: johnson_U, datatype: float64}
# - {name: johnson_B, datatype: float64}
# - {name: johnson_V, datatype: float64}
# - {name: johnson_R, datatype: float64}
# - {name: johnson_I, datatype: float64}
# - {name: sdss_u, datatype: float64}
# - {name: sdss_g, datatype: float64}
# - {name: sdss_r, datatype: float64}
# - {name: sdss_i, datatype: float64}
# - {name: sdss_z, datatype: float64}
# - {name: PS1_g, datatype: float64}
# - {name: PS1_r, datatype: float64}
# - {name: PS1_i, datatype: float64}
# - {name: PS1_z, datatype: float64}
# - {name: PS1_Y, datatype: float64}
# - {name: ukirt_J, datatype: float64}
# - {name: ukirt_H, datatype: float64}
# - {name: ukirt_K, datatype: float64}
# meta: !!omap
# - comment: [E = 0.08378552168254812, Eta0 = 8.02, GammaB = 12.0, dL = 0.012188, epsb = 6.760829753919819e-06, epse = 0.1, n = 6.309573444801929e-05,
#     p = 2.15, theta_obs = 0.0, xiN = 1.0, z = 0.0, type = grb, E_kiso = 193.06977288832496]
# schema: astropy-2.0
time swift_uvot_uvw2 swift_uvot_uvm2 swift_uvot_uvw1 swift_uvot_U swift_uvot_B swift_uvot_V swift_uvot_W johnson_U johnson_B johnson_V johnson_R johnson_I sdss_u sdss_g sdss_r sdss_i sdss_z PS1_g PS1_r PS1_i PS1_z PS1_Y ukirt_J ukirt_H ukirt_K
[from data line 457]
538.2046 4.557 4.607 4.532 4.339 4.197 4.058 4.418 4.317 4.194 4.052 3.912 3.763 4.322 4.149 3.977 3.857 3.746 4.085 3.943 3.823 3.724 3.556 3.534 3.365 3.174
551.1878 4.596 4.645 4.57 4.378 4.235 4.096 4.457 4.355 4.233 4.091 3.95 3.802 4.36 4.188 4.016 3.895 3.784 4.124 3.981 3.861 3.762 3.594 3.572 3.403 3.213
564.4842 4.634 4.684 4.609 4.416 4.274 4.134 4.495 4.394 4.271 4.129 3.989 3.84 4.399 4.226 4.054 3.933 3.823 4.162 4.02 3.9 3.801 3.633 3.611 3.442 3.251
578.1013 4.673 4.722 4.647 4.454 4.312 4.173 4.534 4.432 4.31 4.168 4.027 3.879 4.437 4.264 4.093 3.972 3.861 4.201 4.058 3.938 3.839 3.671 3.649 3.48 3.29
592.0469 4.711 4.761 4.686 4.493 4.35 4.211 4.572 4.47 4.348 4.206 4.066 3.917 4.475 4.303 4.131 4.01 3.9 4.239 4.097 3.977 3.878 3.709 3.688 3.518 3.328
606.329 4.75 4.799 4.724 4.531 4.389 4.25 4.611 4.509 4.386 4.245 4.104 3.956 4.514 4.341 4.169 4.049 3.938 4.278 4.135 4.015 3.916 3.748 3.726 3.557 3.366
620.9555 4.788 4.837 4.763 4.57 4.427 4.288 4.649 4.547 4.425 4.283 4.143 3.994 4.552 4.38 4.208 4.087 3.977 4.316 4.173 4.054 3.955 3.786 3.765 3.595 3.405
635.9349 4.826 4.876 4.801 4.608 4.466 4.327 4.687 4.586 4.463 4.321 4.181 4.032 4.591 4.418 4.246 4.126 4.015 4.354 4.212 4.092 3.993 3.825 3.803 3.634 3.443
651.2757 4.865 4.914 4.84 4.647 4.504 4.365 4.726 4.624 4.502 4.36 4.219 4.071 4.629 4.457 4.285 4.164 4.053 4.393 4.25 4.13 4.031 3.863 3.841 3.672 3.482
666.9865 4.906 4.955 4.881 4.688 4.545 4.406 4.767 4.665 4.543 4.401 4.26 4.112 4.67 4.498 4.326 4.205 4.094 4.434 4.291 4.172 4.072 3.904 3.883 3.713 3.523
683.0763 4.948 4.997 4.923 4.73 4.587 4.448 4.809 4.707 4.585 4.443 4.302 4.154 4.712 4.54 4.368 4.247 4.136 4.476 4.333 4.213 4.114 3.946 3.924 3.755 3.565
699.5543 4.99 5.039 4.964 4.772 4.629 4.49 4.851 4.749 4.627 4.485 4.344 4.196 4.754 4.582 4.41 4.289 4.178 4.518 4.375 4.255 4.156 3.988 3.966 3.797 3.607
716.4297 5.032 5.081 5.006 4.814 4.671 4.532 4.893 4.791 4.669 4.527 4.386 4.238 4.796 4.624 4.452 4.331 4.22 4.56 4.417 4.297 4.198 4.03 4.008 3.839 3.649
733.7123 5.074 5.123 5.048 4.855 4.713 4.574 4.935 4.833 4.711 4.569 4.428 4.28 4.838 4.666 4.494 4.373 4.262 4.602 4.459 4.339 4.24 4.072 4.05 3.881 3.691
751.4117 5.116 5.165 5.09 4.897 4.755 4.616 4.977 4.875 4.753 4.611 4.47 4.322 4.88 4.708 4.536 4.415 4.304 4.644 4.501 4.381 4.282 4.114 4.092 3.923 3.733
769.5381 5.158 5.207 5.132 4.939 4.797 4.658 5.019 4.917 4.795 4.653 4.512 4.364 4.922 4.749 4.578 4.457 4.346 4.686 4.543 4.423 4.324 4.156 4.134 3.965 3.775
788.1018 5.2 5.249 5.174 4.981 4.839 4.7 5.061 4.959 4.837 4.695 4.554 4.406 4.964 4.791 4.62 4.499 4.388 4.728 4.585 4.465 4.366 4.198 4.176 4.007 3.817
807.1133 5.242 5.291 5.216 5.023 4.881 4.742 5.103 5.001 4.879 4.737 4.596 4.448 5.006 4.833 4.662 4.541 4.43 4.77 4.627 4.507 4.408 4.24 4.218 4.049 3.859
826.5834 5.284 5.333 5.258 5.065 4.923 4.784 5.145 5.043 4.921 4.779 4.638 4.49 5.048 4.875 4.704 4.583 4.472 4.812 4.669 4.549 4.45 4.282 4.26 4.091 3.901
846.5232 5.321 5.371 5.296 5.103 4.961 4.822 5.182 5.081 4.958 4.816 4.676 4.527 5.086 4.913 4.741 4.621 4.51 4.849 4.707 4.587 4.488 4.32 4.298 4.129 3.938
866.944 5.359 5.408 5.333 5.14 4.998 4.859 5.219 5.118 4.995 4.853 4.713 4.564 5.123 4.95 4.778 4.658 4.547 4.886 4.744 4.624 4.525 4.357 4.335 4.166 3.975
887.8575 5.396 5.445 5.37 5.177 5.035 4.896 5.257 5.155 5.032 4.891 4.75 4.601 5.16 4.987 4.815 4.695 4.584 4.924 4.781 4.661 4.562 4.394 4.372 4.203 4.012
909.2754 5.433 5.482 5.407 5.214 5.072 4.933 5.294 5.192 5.07 4.928 4.787 4.639 5.197 5.024 4.853 4.732 4.621 4.961 4.818 4.698 4.599 4.431 4.409 4.24 4.05
931.21 5.47 5.519 5.444 5.251 5.109 4.97 5.331 5.229 5.107 4.965 4.824 4.676 5.234 5.061 4.89 4.769 4.658 4.998 4.855 4.735 4.636 4.468 4.446 4.277 4.087
953.6737 5.507 5.556 5.481 5.288 5.146 5.007 5.368 5.266 5.144 5.002 4.861 4.713 5.271 5.099 4.927 4.806 4.695 5.035 4.892 4.772 4.673 4.505 4.483 4.314 4.124
976.6793 5.544 5.593 5.519 5.326 5.183 5.044 5.405 5.303 5.181 5.039 4.898 4.75 5.308 5.136 4.964 4.843 4.732 5.072 4.929 4.809 4.71 4.542 4.52 4.351 4.161
1000.2399 5.581 5.63 5.556 5.363 5.22 5.081 5.442 5.34 5.218 5.076 4.935 4.787 5.345 5.173 5.001 4.88 4.77 5.109 4.966 4.847 4.748 4.579 4.558 4.388 4.198
1024.3688 5.618 5.668 5.593 5.4 5.257 5.118 5.479 5.377 5.255 5.113 4.973 4.824 5.382 5.21 5.038 4.917 4.807 5.146 5.003 4.884 4.785 4.616 4.595 4.425 4.235
1049.0798 5.655 5.705 5.63 5.437 5.294 5.155 5.516 5.414 5.292 5.15 5.01 4.861 5.419 5.247 5.075 4.954 4.844 5.183 5.041 4.921 4.822 4.653 4.632 4.462 4.272
1074.3869 5.691 5.741 5.666 5.473 5.33 5.191 5.552 5.45 5.328 5.186 5.046 4.897 5.455 5.283 5.111 4.99 4.88 5.219 5.076 4.957 4.858 4.689 4.668 4.498 4.308
1100.3045 5.727 5.776 5.702 5.509 5.366 5.227 5.588 5.486 5.364 5.222 5.081 4.933 5.491 5.319 5.147 5.026 4.916 5.255 5.112 4.993 4.894 4.725 4.704 4.534 4.344
1126.8473 5.763 5.812 5.738 5.545 5.402 5.263 5.624 5.522 5.4 5.258 5.117 4.969 5.527 5.355 5.183 5.062 4.951 5.291 5.148 5.028 4.929 4.761 4.739 4.57 4.38
1154.0304 5.799 5.848 5.773 5.58 5.438 5.299 5.66 5.558 5.436 5.294 5.153 5.005 5.563 5.391 5.219 5.098 4.987 5.327 5.184 5.064 4.965 4.797 4.775 4.606 4.416
1181.8693 5.835 5.884 5.809 5.616 5.474 5.335 5.696 5.594 5.472 5.33 5.189 5.041 5.599 5.426 5.255 5.134 5.023 5.363 5.22 5.1 5.001 4.833 4.811 4.642 4.452
1210.3797 5.871 5.92 5.845 5.652 5.51 5.371 5.732 5.63 5.508 5.366 5.225 5.077 5.635 5.462 5.291 5.17 5.059 5.399 5.256 5.136 5.037 4.869 4.847 4.678 4.488
1239.5778 5.907 5.956 5.881 5.688 5.546 5.407 5.768 5.666 5.543 5.402 5.261 5.113 5.671 5.498 5.326 5.206 5.095 5.435 5.292 5.172 5.073 4.905 4.883 4.714 4.524
1269.4803 5.943 5.992 5.917 5.724 5.582 5.443 5.803 5.702 5.579 5.437 5.297 5.148 5.707 5.534 5.362 5.242 5.131 5.47 5.328 5.208 5.109 4.941 4.919 4.75 4.559
1300.1042 5.978 6.028 5.953 5.76 5.618 5.479 5.839 5.738 5.615 5.473 5.333 5.184 5.743 5.57 5.398 5.278 5.167 5.506 5.364 5.244 5.145 4.977 4.955 4.786 4.595
1331.4668 6.014 6.064 5.989 5.796 5.654 5.515 5.875 5.774 5.651 5.509 5.369 5.22 5.779 5.606 5.434 5.314 5.203 5.542 5.4 5.28 5.181 5.013 4.991 4.822 4.631
1363.586 6.051 6.101 6.026 5.833 5.69 5.551 5.912 5.81 5.688 5.546 5.406 5.257 5.815 5.643 5.471 5.35 5.24 5.579 5.436 5.317 5.218 5.049 5.028 4.858 4.668
1396.48 6.088 6.137 6.062 5.869 5.727 5.588 5.949 5.847 5.724 5.583 5.442 5.294 5.852 5.679 5.508 5.387 5.276 5.616 5.473 5.353 5.254 5.086 5.064 4.895 4.705
1430.1675 6.124 6.174 6.099 5.906 5.763 5.624 5.985 5.883 5.761 5.619 5.479 5.33 5.889 5.716 5.544 5.423 5.313 5.652 5.51 5.39 5.291 5.123 5.101 4.931 4.741
1464.6676 6.161 6.21 6.135 5.942 5.8 5.661 6.022 5.92 5.798 5.656 5.515 5.367 5.925 5.753 5.581 5.46 5.349 5.689 5.546 5.426 5.327 5.159 5.137 4.968 4.778
1500.0 6.197 6.247 6.172 5.979 5.837 5.698 6.058 5.957 5.834 5.692 5.552 5.403 5.962 5.789 5.617 5.497 5.386 5.725 5.583 5.463 5.364 5.196 5.174 5.005 4.814
