web/models/grb/onaxis/1/grb_0.0000_37.2759_0.1584893.dat
# %ECSV 1.0
# ---
# datatype:
# - {name: time, datatype: float64}
# - {name: swift_uvot_uvw2, datatype: float64}
# - {name: swift_uvot_uvm2, datatype: float64}
# - {name: swift_uvot_uvw1, datatype: float64}
# - {name: swift_uvot_U, datatype: float64}
# - {name: swift_uvot_B, datatype: float64}
# - {name: swift_uvot_V, datatype: float64}
# - {name: swift_uvot_W, datatype: float64}
# - {name: johnson_U, datatype: float64}
# - {name: johnson_B, datatype: float64}
# - {name: johnson_V, datatype: float64}
# - {name: johnson_R, datatype: float64}
# - {name: johnson_I, datatype: float64}
# - {name: sdss_u, datatype: float64}
# - {name: sdss_g, datatype: float64}
# - {name: sdss_r, datatype: float64}
# - {name: sdss_i, datatype: float64}
# - {name: sdss_z, datatype: float64}
# - {name: PS1_g, datatype: float64}
# - {name: PS1_r, datatype: float64}
# - {name: PS1_i, datatype: float64}
# - {name: PS1_z, datatype: float64}
# - {name: PS1_Y, datatype: float64}
# - {name: PS1_w, datatype: float64}
# - {name: ATLAS_c, datatype: float64}
# - {name: ATLAS_o, datatype: float64}
# - {name: ukirt_J, datatype: float64}
# - {name: ukirt_H, datatype: float64}
# - {name: ukirt_K, datatype: float64}
# - {name: Clear, datatype: float64}
# meta: !!omap
# - comment: [E = 0.016176451642579408, Eta0 = 8.02, GammaB = 12.0, dL = 0.012188, epsb = 6.760829753919819e-06, epse = 0.1, n = 0.15848931924611143,
#     p = 2.15, theta_obs = 0.0, xiN = 1.0, z = 0.0, type = grb, E_kiso = 37.27593720314942]
# schema: astropy-2.0
time swift_uvot_uvw2 swift_uvot_uvm2 swift_uvot_uvw1 swift_uvot_U swift_uvot_B swift_uvot_V swift_uvot_W johnson_U johnson_B johnson_V johnson_R johnson_I sdss_u sdss_g sdss_r sdss_i sdss_z PS1_g PS1_r PS1_i PS1_z PS1_Y PS1_w ATLAS_c ATLAS_o ukirt_J ukirt_H ukirt_K Clear
[from data line 68]
0.0506 -11.134 -11.084 -11.159 -11.352 -11.495 -11.634 -11.273 -11.375 -11.497 -11.639 -11.779 -11.928 -11.37 -11.542 -11.714 -11.835 -11.945 -11.606 -11.748 -11.868 -11.967 -12.136 -11.712 -11.617 -11.769 -12.157 -12.327 -12.517 -11.802
0.0518 -11.13 -11.081 -11.156 -11.349 -11.491 -11.63 -11.27 -11.371 -11.494 -11.635 -11.776 -11.925 -11.366 -11.539 -11.711 -11.831 -11.942 -11.602 -11.745 -11.865 -11.964 -12.132 -11.708 -11.613 -11.766 -12.154 -12.323 -12.514 -11.799
0.053 -11.127 -11.078 -11.152 -11.345 -11.488 -11.627 -11.266 -11.368 -11.49 -11.632 -11.773 -11.921 -11.363 -11.535 -11.707 -11.828 -11.939 -11.599 -11.742 -11.861 -11.961 -12.129 -11.705 -11.61 -11.763 -12.15 -12.32 -12.51 -11.795
0.0543 -11.124 -11.074 -11.149 -11.342 -11.484 -11.624 -11.263 -11.364 -11.487 -11.629 -11.769 -11.918 -11.359 -11.532 -11.704 -11.824 -11.935 -11.596 -11.738 -11.858 -11.957 -12.125 -11.702 -11.606 -11.759 -12.147 -12.316 -12.507 -11.792
0.0556 -11.12 -11.071 -11.146 -11.339 -11.481 -11.62 -11.259 -11.361 -11.483 -11.625 -11.766 -11.914 -11.356 -11.529 -11.7 -11.821 -11.932 -11.592 -11.735 -11.855 -11.954 -12.122 -11.698 -11.603 -11.756 -12.144 -12.313 -12.503 -11.788
0.057 -11.117 -11.067 -11.142 -11.335 -11.478 -11.617 -11.256 -11.358 -11.48 -11.622 -11.762 -11.911 -11.353 -11.525 -11.697 -11.818 -11.928 -11.589 -11.731 -11.851 -11.95 -12.119 -11.695 -11.6 -11.752 -12.14 -12.31 -12.5 -11.785
0.0584 -11.113 -11.064 -11.139 -11.332 -11.474 -11.613 -11.253 -11.354 -11.477 -11.619 -11.759 -11.908 -11.349 -11.522 -11.694 -11.814 -11.925 -11.586 -11.728 -11.848 -11.947 -12.115 -11.691 -11.596 -11.749 -12.137 -12.306 -12.497 -11.782
0.0598 -11.11 -11.061 -11.135 -11.328 -11.471 -11.61 -11.249 -11.351 -11.473 -11.615 -11.756 -11.904 -11.346 -11.518 -11.69 -11.811 -11.922 -11.582 -11.725 -11.845 -11.944 -12.112 -11.688 -11.593 -11.746 -12.134 -12.303 -12.493 -11.778
0.0612 -11.107 -11.057 -11.132 -11.325 -11.467 -11.607 -11.246 -11.347 -11.47 -11.612 -11.752 -11.901 -11.342 -11.515 -11.687 -11.808 -11.918 -11.579 -11.721 -11.841 -11.94 -12.108 -11.685 -11.589 -11.742 -12.13 -12.299 -12.49 -11.775
0.0627 -11.105 -11.056 -11.13 -11.323 -11.466 -11.605 -11.244 -11.346 -11.468 -11.61 -11.751 -11.899 -11.341 -11.513 -11.685 -11.806 -11.917 -11.577 -11.72 -11.84 -11.939 -12.107 -11.683 -11.588 -11.741 -12.129 -12.298 -12.488 -11.773
0.0642 -11.105 -11.056 -11.131 -11.324 -11.466 -11.605 -11.244 -11.346 -11.469 -11.61 -11.751 -11.899 -11.341 -11.514 -11.686 -11.806 -11.917 -11.577 -11.72 -11.84 -11.939 -12.107 -11.683 -11.588 -11.741 -12.129 -12.298 -12.488 -11.773
0.0657 -11.106 -11.056 -11.131 -11.324 -11.466 -11.606 -11.245 -11.346 -11.469 -11.611 -11.751 -11.9 -11.341 -11.514 -11.686 -11.806 -11.917 -11.578 -11.72 -11.84 -11.939 -12.107 -11.684 -11.588 -11.741 -12.129 -12.298 -12.489 -11.774
0.0673 -11.106 -11.056 -11.131 -11.324 -11.467 -11.606 -11.245 -11.347 -11.469 -11.611 -11.751 -11.9 -11.342 -11.514 -11.686 -11.807 -11.917 -11.578 -11.721 -11.84 -11.939 -12.108 -11.684 -11.589 -11.741 -12.129 -12.299 -12.489 -11.774
0.0689 -11.106 -11.057 -11.132 -11.325 -11.467 -11.606 -11.245 -11.347 -11.469 -11.611 -11.752 -11.9 -11.342 -11.515 -11.686 -11.807 -11.918 -11.578 -11.721 -11.841 -11.94 -12.108 -11.684 -11.589 -11.742 -12.13 -12.299 -12.489 -11.774
0.0706 -11.106 -11.057 -11.132 -11.325 -11.467 -11.606 -11.246 -11.347 -11.47 -11.612 -11.752 -11.901 -11.342 -11.515 -11.687 -11.807 -11.918 -11.579 -11.721 -11.841 -11.94 -12.108 -11.684 -11.589 -11.742 -12.13 -12.299 -12.49 -11.775
0.0723 -11.107 -11.057 -11.132 -11.325 -11.468 -11.607 -11.246 -11.348 -11.47 -11.612 -11.752 -11.901 -11.342 -11.515 -11.687 -11.808 -11.918 -11.579 -11.721 -11.841 -11.94 -12.109 -11.685 -11.589 -11.742 -12.13 -12.3 -12.49 -11.775
0.0741 -11.107 -11.058 -11.132 -11.325 -11.468 -11.607 -11.246 -11.348 -11.47 -11.612 -11.753 -11.901 -11.343 -11.515 -11.687 -11.808 -11.919 -11.579 -11.722 -11.842 -11.941 -12.109 -11.685 -11.59 -11.743 -12.13 -12.3 -12.49 -11.775
0.0758 -11.107 -11.058 -11.133 -11.326 -11.468 -11.607 -11.246 -11.348 -11.471 -11.612 -11.753 -11.901 -11.343 -11.516 -11.687 -11.808 -11.919 -11.579 -11.722 -11.842 -11.941 -12.109 -11.685 -11.59 -11.743 -12.131 -12.3 -12.49 -11.775
0.0777 -11.108 -11.058 -11.133 -11.326 -11.468 -11.608 -11.247 -11.348 -11.471 -11.613 -11.753 -11.902 -11.343 -11.516 -11.688 -11.808 -11.919 -11.58 -11.722 -11.842 -11.941 -12.109 -11.686 -11.59 -11.743 -12.131 -12.3 -12.491 -11.776
0.0795 -11.1 -11.051 -11.126 -11.318 -11.461 -11.6 -11.239 -11.341 -11.463 -11.605 -11.746 -11.894 -11.336 -11.508 -11.68 -11.801 -11.912 -11.572 -11.715 -11.835 -11.934 -12.102 -11.678 -11.583 -11.736 -12.124 -12.293 -12.483 -11.768
0.0815 -11.088 -11.039 -11.113 -11.306 -11.449 -11.588 -11.227 -11.329 -11.451 -11.593 -11.734 -11.882 -11.324 -11.496 -11.668 -11.789 -11.9 -11.56 -11.703 -11.822 -11.922 -12.09 -11.666 -11.571 -11.724 -12.111 -12.281 -12.471 -11.756
0.0834 -11.076 -11.027 -11.101 -11.294 -11.437 -11.576 -11.215 -11.317 -11.439 -11.581 -11.721 -11.87 -11.312 -11.484 -11.656 -11.777 -11.887 -11.548 -11.691 -11.81 -11.909 -12.078 -11.654 -11.559 -11.711 -12.099 -12.269 -12.459 -11.744
0.0854 -11.064 -11.014 -11.089 -11.282 -11.425 -11.564 -11.203 -11.305 -11.427 -11.569 -11.709 -11.858 -11.3 -11.472 -11.644 -11.765 -11.875 -11.536 -11.678 -11.798 -11.897 -12.066 -11.642 -11.547 -11.699 -12.087 -12.257 -12.447 -11.732
0.0875 -11.052 -11.002 -11.077 -11.27 -11.413 -11.552 -11.191 -11.293 -11.415 -11.557 -11.697 -11.846 -11.287 -11.46 -11.632 -11.753 -11.863 -11.524 -11.666 -11.786 -11.885 -12.054 -11.63 -11.534 -11.687 -12.075 -12.245 -12.435 -11.72
0.0896 -11.04 -10.99 -11.065 -11.258 -11.4 -11.54 -11.179 -11.28 -11.403 -11.545 -11.685 -11.834 -11.275 -11.448 -11.62 -11.741 -11.851 -11.512 -11.654 -11.774 -11.873 -12.041 -11.618 -11.522 -11.675 -12.063 -12.232 -12.423 -11.708
0.0918 -11.028 -10.978 -11.053 -11.246 -11.388 -11.528 -11.167 -11.268 -11.391 -11.533 -11.673 -11.822 -11.263 -11.436 -11.608 -11.728 -11.839 -11.5 -11.642 -11.762 -11.861 -12.029 -11.606 -11.51 -11.663 -12.051 -12.22 -12.411 -11.696
0.094 -11.016 -10.966 -11.041 -11.234 -11.376 -11.515 -11.155 -11.256 -11.379 -11.521 -11.661 -11.81 -11.251 -11.424 -11.596 -11.716 -11.827 -11.488 -11.63 -11.75 -11.849 -12.017 -11.593 -11.498 -11.651 -12.039 -12.208 -12.399 -11.684
0.0963 -11.003 -10.954 -11.029 -11.222 -11.364 -11.503 -11.143 -11.244 -11.367 -11.508 -11.649 -11.798 -11.239 -11.412 -11.584 -11.704 -11.815 -11.476 -11.618 -11.738 -11.837 -12.005 -11.581 -11.486 -11.639 -12.027 -12.196 -12.387 -11.672
0.0986 -10.991 -10.942 -11.017 -11.21 -11.352 -11.491 -11.13 -11.232 -11.355 -11.496 -11.637 -11.785 -11.227 -11.4 -11.572 -11.692 -11.803 -11.463 -11.606 -11.726 -11.825 -11.993 -11.569 -11.474 -11.627 -12.015 -12.184 -12.374 -11.659
0.101 -10.974 -10.925 -10.999 -11.192 -11.335 -11.474 -11.113 -11.215 -11.337 -11.479 -11.62 -11.768 -11.21 -11.382 -11.554 -11.675 -11.785 -11.446 -11.589 -11.708 -11.807 -11.976 -11.552 -11.457 -11.609 -11.997 -12.167 -12.357 -11.642
0.1034 -10.955 -10.906 -10.98 -11.173 -11.316 -11.455 -11.094 -11.196 -11.318 -11.46 -11.601 -11.749 -11.191 -11.363 -11.535 -11.656 -11.767 -11.427 -11.57 -11.69 -11.789 -11.957 -11.533 -11.438 -11.591 -11.979 -12.148 -12.338 -11.623
0.1059 -10.936 -10.887 -10.962 -11.155 -11.297 -11.436 -11.075 -11.177 -11.299 -11.441 -11.582 -11.73 -11.172 -11.344 -11.516 -11.637 -11.748 -11.408 -11.551 -11.671 -11.77 -11.938 -11.514 -11.419 -11.572 -11.96 -12.129 -12.319 -11.604
0.1084 -10.917 -10.868 -10.943 -11.136 -11.278 -11.417 -11.056 -11.158 -11.28 -11.422 -11.563 -11.711 -11.153 -11.326 -11.497 -11.618 -11.729 -11.389 -11.532 -11.652 -11.751 -11.919 -11.495 -11.4 -11.553 -11.941 -12.11 -12.3 -11.585
0.1111 -10.898 -10.849 -10.924 -11.117 -11.259 -11.398 -11.037 -11.139 -11.261 -11.403 -11.544 -11.692 -11.134 -11.307 -11.478 -11.599 -11.71 -11.37 -11.513 -11.633 -11.732 -11.9 -11.476 -11.381 -11.534 -11.922 -12.091 -12.281 -11.566
0.1137 -10.879 -10.83 -10.905 -11.098 -11.24 -11.379 -11.018 -11.12 -11.243 -11.384 -11.525 -11.674 -11.115 -11.288 -11.46 -11.58 -11.691 -11.351 -11.494 -11.614 -11.713 -11.881 -11.457 -11.362 -11.515 -11.903 -12.072 -12.263 -11.548
0.1165 -10.86 -10.811 -10.886 -11.079 -11.221 -11.36 -11.0 -11.101 -11.224 -11.366 -11.506 -11.655 -11.096 -11.269 -11.441 -11.561 -11.672 -11.333 -11.475 -11.595 -11.694 -11.862 -11.438 -11.343 -11.496 -11.884 -12.053 -12.244 -11.529
0.1193 -10.842 -10.792 -10.867 -11.06 -11.202 -11.341 -10.981 -11.082 -11.205 -11.347 -11.487 -11.636 -11.077 -11.25 -11.422 -11.542 -11.653 -11.314 -11.456 -11.576 -11.675 -11.843 -11.419 -11.324 -11.477 -11.865 -12.034 -12.225 -11.51
0.1222 -10.823 -10.773 -10.848 -11.041 -11.183 -11.323 -10.962 -11.063 -11.186 -11.328 -11.468 -11.617 -11.058 -11.231 -11.403 -11.523 -11.634 -11.295 -11.437 -11.557 -11.656 -11.824 -11.401 -11.305 -11.458 -11.846 -12.015 -12.206 -11.491
0.1251 -10.804 -10.754 -10.829 -11.022 -11.164 -11.304 -10.943 -11.044 -11.167 -11.309 -11.449 -11.598 -11.039 -11.212 -11.384 -11.505 -11.615 -11.276 -11.418 -11.538 -11.637 -11.805 -11.382 -11.286 -11.439 -11.827 -11.996 -12.187 -11.472
0.1281 -10.783 -10.734 -10.808 -11.001 -11.144 -11.283 -10.922 -11.024 -11.146 -11.288 -11.429 -11.577 -11.019 -11.191 -11.363 -11.484 -11.594 -11.255 -11.398 -11.517 -11.616 -11.785 -11.361 -11.266 -11.418 -11.806 -11.976 -12.166 -11.451
0.1312 -10.762 -10.713 -10.787 -10.98 -11.123 -11.262 -10.901 -11.003 -11.125 -11.267 -11.408 -11.556 -10.998 -11.17 -11.342 -11.463 -11.574 -11.234 -11.377 -11.497 -11.596 -11.764 -11.34 -11.245 -11.398 -11.786 -11.955 -12.145 -11.43
0.1344 -10.741 -10.692 -10.767 -10.96 -11.102 -11.241 -10.88 -10.982 -11.104 -11.246 -11.387 -11.535 -10.977 -11.149 -11.321 -11.442 -11.553 -11.213 -11.356 -11.476 -11.575 -11.743 -11.319 -11.224 -11.377 -11.765 -11.934 -12.124 -11.409
0.1376 -10.72 -10.671 -10.746 -10.939 -11.081 -11.22 -10.859 -10.961 -11.083 -11.225 -11.366 -11.514 -10.956 -11.129 -11.3 -11.421 -11.532 -11.192 -11.335 -11.455 -11.554 -11.722 -11.298 -11.203 -11.356 -11.744 -11.913 -12.103 -11.388
0.141 -10.699 -10.65 -10.725 -10.918 -11.06 -11.199 -10.838 -10.94 -11.063 -11.204 -11.345 -11.493 -10.935 -11.108 -11.279 -11.4 -11.511 -11.171 -11.314 -11.434 -11.533 -11.701 -11.277 -11.182 -11.335 -11.723 -11.892 -12.082 -11.367
0.1444 -10.678 -10.629 -10.704 -10.897 -11.039 -11.178 -10.818 -10.919 -11.042 -11.183 -11.324 -11.473 -10.914 -11.087 -11.259 -11.379 -11.49 -11.15 -11.293 -11.413 -11.512 -11.68 -11.256 -11.161 -11.314 -11.702 -11.871 -12.062 -11.347
0.1478 -10.658 -10.608 -10.683 -10.876 -11.018 -11.157 -10.797 -10.898 -11.021 -11.163 -11.303 -11.452 -10.893 -11.066 -11.238 -11.358 -11.469 -11.13 -11.272 -11.392 -11.491 -11.659 -11.235 -11.14 -11.293 -11.681 -11.85 -12.041 -11.326
0.1514 -10.637 -10.587 -10.662 -10.855 -10.997 -11.137 -10.776 -10.877 -11.0 -11.142 -11.282 -11.431 -10.872 -11.045 -11.217 -11.337 -11.448 -11.109 -11.251 -11.371 -11.47 -11.638 -11.215 -11.119 -11.272 -11.66 -11.829 -12.02 -11.305
0.1551 -10.616 -10.566 -10.641 -10.834 -10.976 -11.116 -10.755 -10.856 -10.979 -11.121 -11.261 -11.41 -10.851 -11.024 -11.196 -11.317 -11.427 -11.088 -11.23 -11.35 -11.449 -11.617 -11.194 -11.098 -11.251 -11.639 -11.808 -11.999 -11.284
0.1588 -10.594 -10.545 -10.62 -10.813 -10.955 -11.094 -10.733 -10.835 -10.957 -11.099 -11.24 -11.388 -10.83 -11.003 -11.174 -11.295 -11.406 -11.066 -11.209 -11.329 -11.428 -11.596 -11.172 -11.077 -11.23 -11.618 -11.787 -11.977 -11.262
0.1626 -10.564 -10.515 -10.59 -10.783 -10.925 -11.064 -10.703 -10.805 -10.927 -11.069 -11.21 -11.358 -10.8 -10.972 -11.144 -11.265 -11.376 -11.036 -11.179 -11.299 -11.398 -11.566 -11.142 -11.047 -11.2 -11.588 -11.757 -11.947 -11.232
0.1666 -10.534 -10.485 -10.56 -10.752 -10.895 -11.034 -10.673 -10.775 -10.897 -11.039 -11.18 -11.328 -10.77 -10.942 -11.114 -11.235 -11.346 -11.006 -11.149 -11.269 -11.368 -11.536 -11.112 -11.017 -11.17 -11.558 -11.727 -11.917 -11.202
0.1706 -10.504 -10.455 -10.529 -10.722 -10.865 -11.004 -10.643 -10.745 -10.867 -11.009 -11.15 -11.298 -10.74 -10.912 -11.084 -11.205 -11.316 -10.976 -11.119 -11.238 -11.338 -11.506 -11.082 -10.987 -11.14 -11.527 -11.697 -11.887 -11.172
0.1747 -10.474 -10.425 -10.499 -10.692 -10.835 -10.974 -10.613 -10.715 -10.837 -10.979 -11.119 -11.268 -10.71 -10.882 -11.054 -11.175 -11.285 -10.946 -11.089 -11.208 -11.307 -11.476 -11.052 -10.957 -11.109 -11.497 -11.667 -11.857 -11.142
0.1789 -10.444 -10.394 -10.469 -10.662 -10.805 -10.944 -10.583 -10.685 -10.807 -10.949 -11.089 -11.238 -10.68 -10.852 -11.024 -11.145 -11.255 -10.916 -11.059 -11.178 -11.277 -11.446 -11.022 -10.927 -11.079 -11.467 -11.637 -11.827 -11.112
0.1832 -10.414 -10.364 -10.439 -10.632 -10.775 -10.914 -10.553 -10.655 -10.777 -10.919 -11.059 -11.208 -10.65 -10.822 -10.994 -11.115 -11.225 -10.886 -11.028 -11.148 -11.247 -11.416 -10.992 -10.897 -11.049 -11.437 -11.607 -11.797 -11.082
0.1876 -10.384 -10.334 -10.409 -10.602 -10.744 -10.884 -10.523 -10.624 -10.747 -10.889 -11.029 -11.178 -10.619 -10.792 -10.964 -11.085 -11.195 -10.856 -10.998 -11.118 -11.217 -11.385 -10.962 -10.866 -11.019 -11.407 -11.576 -11.767 -11.052
0.1922 -10.354 -10.304 -10.379 -10.572 -10.714 -10.854 -10.493 -10.594 -10.717 -10.859 -10.999 -11.148 -10.589 -10.762 -10.934 -11.054 -11.165 -10.826 -10.968 -11.088 -11.187 -11.355 -10.932 -10.836 -10.989 -11.377 -11.546 -11.737 -11.022
0.1968 -10.324 -10.274 -10.349 -10.542 -10.684 -10.823 -10.463 -10.564 -10.687 -10.829 -10.969 -11.118 -10.559 -10.732 -10.904 -11.024 -11.135 -10.796 -10.938 -11.058 -11.157 -11.325 -10.901 -10.806 -10.959 -11.347 -11.516 -11.707 -10.992
0.2015 -10.292 -10.242 -10.317 -10.51 -10.653 -10.792 -10.431 -10.533 -10.655 -10.797 -10.937 -11.086 -10.528 -10.7 -10.872 -10.993 -11.103 -10.764 -10.907 -11.026 -11.125 -11.294 -10.87 -10.775 -10.927 -11.315 -11.485 -11.675 -10.96
0.2064 -10.254 -10.204 -10.279 -10.472 -10.615 -10.754 -10.393 -10.495 -10.617 -10.759 -10.899 -11.048 -10.49 -10.662 -10.834 -10.955 -11.065 -10.726 -10.868 -10.988 -11.087 -11.256 -10.832 -10.737 -10.889 -11.277 -11.447 -11.637 -10.922
0.2114 -10.216 -10.166 -10.241 -10.434 -10.577 -10.716 -10.355 -10.457 -10.579 -10.721 -10.861 -11.01 -10.452 -10.624 -10.796 -10.917 -11.027 -10.688 -10.83 -10.95 -11.049 -11.218 -10.794 -10.699 -10.851 -11.239 -11.409 -11.599 -10.884
0.2165 -10.178 -10.128 -10.203 -10.396 -10.539 -10.678 -10.317 -10.419 -10.541 -10.683 -10.823 -10.972 -10.414 -10.586 -10.758 -10.879 -10.989 -10.65 -10.792 -10.912 -11.011 -11.18 -10.756 -10.661 -10.813 -11.201 -11.371 -11.561 -10.846
0.2217 -10.14 -10.09 -10.165 -10.358 -10.501 -10.64 -10.279 -10.381 -10.503 -10.645 -10.785 -10.934 -10.376 -10.548 -10.72 -10.841 -10.951 -10.612 -10.754 -10.874 -10.973 -11.142 -10.718 -10.622 -10.775 -11.163 -11.333 -11.523 -10.808
0.2271 -10.102 -10.052 -10.127 -10.32 -10.463 -10.602 -10.241 -10.343 -10.465 -10.607 -10.747 -10.896 -10.337 -10.51 -10.682 -10.803 -10.913 -10.574 -10.716 -10.836 -10.935 -11.104 -10.68 -10.584 -10.737 -11.125 -11.295 -11.485 -10.77
0.2325 -10.064 -10.014 -10.089 -10.282 -10.425 -10.564 -10.203 -10.305 -10.427 -10.569 -10.709 -10.858 -10.299 -10.472 -10.644 -10.765 -10.875 -10.536 -10.678 -10.798 -10.897 -11.066 -10.642 -10.546 -10.699 -11.087 -11.257 -11.447 -10.732
0.2381 -10.026 -9.976 -10.051 -10.244 -10.387 -10.526 -10.165 -10.266 -10.389 -10.531 -10.671 -10.82 -10.261 -10.434 -10.606 -10.727 -10.837 -10.498 -10.64 -10.76 -10.859 -11.027 -10.604 -10.508 -10.661 -11.049 -11.219 -11.409 -10.694
0.2439 -9.988 -9.938 -10.013 -10.206 -10.348 -10.488 -10.127 -10.228 -10.351 -10.493 -10.633 -10.782 -10.223 -10.396 -10.568 -10.689 -10.799 -10.46 -10.602 -10.722 -10.821 -10.989 -10.566 -10.47 -10.623 -11.011 -11.18 -11.371 -10.656
