web/models/grb/onaxis/21/grb_0.0000_26.8270_0.0100000.dat
# %ECSV 1.0
# ---
# datatype:
# - {name: time, datatype: float64}
# - {name: swift_uvot_uvw2, datatype: float64}
# - {name: swift_uvot_uvm2, datatype: float64}
# - {name: swift_uvot_uvw1, datatype: float64}
# - {name: swift_uvot_U, datatype: float64}
# - {name: swift_uvot_B, datatype: float64}
# - {name: swift_uvot_V, datatype: float64}
# - {name: swift_uvot_W, datatype: float64}
# - {name: johnson_U, datatype: float64}
# - {name: johnson_B, datatype: float64}
# - {name: johnson_V, datatype: float64}
# - {name: johnson_R, datatype: float64}
# - {name: johnson_I, datatype: float64}
# - {name: sdss_u, datatype: float64}
# - {name: sdss_g, datatype: float64}
# - {name: sdss_r, datatype: float64}
# - {name: sdss_i, datatype: float64}
# - {name: sdss_z, datatype: float64}
# - {name: PS1_g, datatype: float64}
# - {name: PS1_r, datatype: float64}
# - {name: PS1_i, datatype: float64}
# - {name: PS1_z, datatype: float64}
# - {name: PS1_Y, datatype: float64}
# - {name: PS1_w, datatype: float64}
# - {name: ATLAS_c, datatype: float64}
# - {name: ATLAS_o, datatype: float64}
# - {name: ukirt_J, datatype: float64}
# - {name: ukirt_H, datatype: float64}
# - {name: ukirt_K, datatype: float64}
# - {name: Clear, datatype: float64}
# meta: !!omap
# - comment: [E = 0.011641960487160343, Eta0 = 8.02, GammaB = 12.0, dL = 0.012188, epsb = 6.760829753919819e-06, epse = 0.1, n = 0.01,
#     p = 2.15, theta_obs = 0.0, xiN = 1.0, z = 0.0, type = grb, E_kiso = 26.826957952797247]
# schema: astropy-2.0
time swift_uvot_uvw2 swift_uvot_uvm2 swift_uvot_uvw1 swift_uvot_U swift_uvot_B swift_uvot_V swift_uvot_W johnson_U johnson_B johnson_V johnson_R johnson_I sdss_u sdss_g sdss_r sdss_i sdss_z PS1_g PS1_r PS1_i PS1_z PS1_Y PS1_w ATLAS_c ATLAS_o ukirt_J ukirt_H ukirt_K Clear
[from data line 233]
2.5826 -3.932 -3.882 -3.957 -4.15 -4.292 -4.432 -4.071 -4.172 -4.295 -4.437 -4.577 -4.726 -4.167 -4.34 -4.512 -4.633 -4.743 -4.404 -4.546 -4.666 -4.765 -4.933 -4.51 -4.414 -4.567 -4.955 -5.124 -5.315 -4.6
2.6449 -3.874 -3.824 -3.899 -4.092 -4.234 -4.373 -4.013 -4.114 -4.237 -4.379 -4.519 -4.668 -4.109 -4.282 -4.454 -4.574 -4.685 -4.346 -4.488 -4.608 -4.707 -4.875 -4.451 -4.356 -4.509 -4.897 -5.066 -5.257 -4.542
2.7087 -3.815 -3.766 -3.841 -4.034 -4.176 -4.315 -3.955 -4.056 -4.179 -4.321 -4.461 -4.61 -4.051 -4.224 -4.396 -4.516 -4.627 -4.288 -4.43 -4.55 -4.649 -4.817 -4.393 -4.298 -4.451 -4.839 -5.008 -5.199 -4.484
2.7741 -3.757 -3.708 -3.783 -3.976 -4.118 -4.257 -3.896 -3.998 -4.121 -4.262 -4.403 -4.551 -3.993 -4.166 -4.337 -4.458 -4.569 -4.229 -4.372 -4.492 -4.591 -4.759 -4.335 -4.24 -4.393 -4.781 -4.95 -5.14 -4.425
2.841 -3.699 -3.65 -3.725 -3.918 -4.06 -4.199 -3.838 -3.94 -4.062 -4.204 -4.345 -4.493 -3.935 -4.108 -4.279 -4.4 -4.511 -4.171 -4.314 -4.434 -4.533 -4.701 -4.277 -4.182 -4.335 -4.723 -4.892 -5.082 -4.367
2.9095 -3.641 -3.592 -3.667 -3.859 -4.002 -4.141 -3.78 -3.882 -4.004 -4.146 -4.287 -4.435 -3.877 -4.049 -4.221 -4.342 -4.453 -4.113 -4.256 -4.376 -4.475 -4.643 -4.219 -4.124 -4.277 -4.665 -4.834 -5.024 -4.309
2.9797 -3.582 -3.533 -3.608 -3.801 -3.943 -4.082 -3.721 -3.823 -3.945 -4.087 -4.228 -4.376 -3.818 -3.991 -4.162 -4.283 -4.394 -4.054 -4.197 -4.317 -4.416 -4.584 -4.16 -4.065 -4.218 -4.606 -4.775 -4.965 -4.25
3.0516 -3.522 -3.472 -3.547 -3.74 -3.883 -4.022 -3.661 -3.763 -3.885 -4.027 -4.167 -4.316 -3.757 -3.93 -4.102 -4.223 -4.333 -3.994 -4.136 -4.256 -4.355 -4.523 -4.1 -4.004 -4.157 -4.545 -4.715 -4.905 -4.19
3.1252 -3.461 -3.412 -3.487 -3.68 -3.822 -3.961 -3.6 -3.702 -3.824 -3.966 -4.107 -4.255 -3.697 -3.87 -4.041 -4.162 -4.273 -3.933 -4.076 -4.196 -4.295 -4.463 -4.039 -3.944 -4.097 -4.485 -4.654 -4.844 -4.129
3.2006 -3.401 -3.351 -3.426 -3.619 -3.761 -3.901 -3.54 -3.641 -3.764 -3.906 -4.046 -4.195 -3.636 -3.809 -3.981 -4.102 -4.212 -3.873 -4.015 -4.135 -4.234 -4.402 -3.979 -3.883 -4.036 -4.424 -4.593 -4.784 -4.069
3.2778 -3.34 -3.291 -3.366 -3.559 -3.701 -3.84 -3.479 -3.581 -3.703 -3.845 -3.986 -4.134 -3.576 -3.749 -3.92 -4.041 -4.152 -3.812 -3.955 -4.075 -4.174 -4.342 -3.918 -3.823 -3.976 -4.364 -4.533 -4.723 -4.008
3.3569 -3.28 -3.23 -3.305 -3.498 -3.64 -3.78 -3.419 -3.52 -3.643 -3.785 -3.925 -4.074 -3.515 -3.688 -3.86 -3.981 -4.091 -3.752 -3.894 -4.014 -4.113 -4.281 -3.858 -3.762 -3.915 -4.303 -4.472 -4.663 -3.948
3.4378 -3.219 -3.17 -3.245 -3.438 -3.58 -3.719 -3.358 -3.46 -3.582 -3.724 -3.865 -4.013 -3.455 -3.627 -3.799 -3.92 -4.031 -3.691 -3.834 -3.954 -4.053 -4.221 -3.797 -3.702 -3.855 -4.243 -4.412 -4.602 -3.887
3.5208 -3.159 -3.109 -3.184 -3.377 -3.519 -3.659 -3.298 -3.399 -3.522 -3.664 -3.804 -3.953 -3.394 -3.567 -3.739 -3.859 -3.97 -3.631 -3.773 -3.893 -3.992 -4.16 -3.737 -3.641 -3.794 -4.182 -4.351 -4.542 -3.827
3.6057 -3.098 -3.049 -3.124 -3.316 -3.459 -3.598 -3.237 -3.339 -3.461 -3.603 -3.744 -3.892 -3.334 -3.506 -3.678 -3.799 -3.91 -3.57 -3.713 -3.833 -3.932 -4.1 -3.676 -3.581 -3.734 -4.122 -4.291 -4.481 -3.766
3.6927 -3.038 -2.988 -3.063 -3.256 -3.398 -3.538 -3.177 -3.278 -3.401 -3.543 -3.683 -3.832 -3.273 -3.446 -3.618 -3.738 -3.849 -3.51 -3.652 -3.772 -3.871 -4.039 -3.616 -3.52 -3.673 -4.061 -4.23 -4.421 -3.706
3.7818 -2.978 -2.929 -3.003 -3.196 -3.339 -3.478 -3.117 -3.219 -3.341 -3.483 -3.624 -3.772 -3.214 -3.386 -3.558 -3.679 -3.79 -3.45 -3.593 -3.713 -3.812 -3.98 -3.556 -3.461 -3.614 -4.002 -4.171 -4.361 -3.646
3.873 -2.92 -2.87 -2.945 -3.138 -3.281 -3.42 -3.059 -3.161 -3.283 -3.425 -3.565 -3.714 -3.155 -3.328 -3.5 -3.621 -3.731 -3.392 -3.534 -3.654 -3.753 -3.922 -3.498 -3.402 -3.555 -3.943 -4.113 -4.303 -3.588
3.9664 -2.861 -2.812 -2.887 -3.08 -3.222 -3.361 -3.001 -3.102 -3.225 -3.367 -3.507 -3.656 -3.097 -3.27 -3.442 -3.562 -3.673 -3.334 -3.476 -3.596 -3.695 -3.863 -3.439 -3.344 -3.497 -3.885 -4.054 -4.245 -3.53
4.0621 -2.803 -2.754 -2.829 -3.022 -3.164 -3.303 -2.942 -3.044 -3.166 -3.308 -3.449 -3.597 -3.039 -3.211 -3.383 -3.504 -3.615 -3.275 -3.418 -3.538 -3.637 -3.805 -3.381 -3.286 -3.439 -3.827 -3.996 -4.186 -3.471
4.1601 -2.745 -2.695 -2.77 -2.963 -3.106 -3.245 -2.884 -2.986 -3.108 -3.25 -3.39 -3.539 -2.981 -3.153 -3.325 -3.446 -3.556 -3.217 -3.359 -3.479 -3.578 -3.747 -3.323 -3.228 -3.38 -3.768 -3.938 -4.128 -3.413
4.2604 -2.687 -2.637 -2.712 -2.905 -3.047 -3.186 -2.826 -2.927 -3.05 -3.192 -3.332 -3.481 -2.922 -3.095 -3.267 -3.387 -3.498 -3.159 -3.301 -3.421 -3.52 -3.688 -3.264 -3.169 -3.322 -3.71 -3.879 -4.07 -3.355
4.3632 -2.628 -2.579 -2.654 -2.847 -2.989 -3.128 -2.767 -2.869 -2.991 -3.133 -3.274 -3.422 -2.864 -3.036 -3.208 -3.329 -3.44 -3.1 -3.243 -3.363 -3.462 -3.63 -3.206 -3.111 -3.264 -3.652 -3.821 -4.011 -3.296
4.4685 -2.57 -2.52 -2.595 -2.788 -2.931 -3.07 -2.709 -2.811 -2.933 -3.075 -3.215 -3.364 -2.806 -2.978 -3.15 -3.271 -3.381 -3.042 -3.184 -3.304 -3.403 -3.572 -3.148 -3.053 -3.205 -3.593 -3.763 -3.953 -3.238
4.5763 -2.512 -2.462 -2.537 -2.73 -2.872 -3.011 -2.651 -2.752 -2.875 -3.017 -3.157 -3.306 -2.747 -2.92 -3.092 -3.212 -3.323 -2.984 -3.126 -3.246 -3.345 -3.513 -3.089 -2.994 -3.147 -3.535 -3.704 -3.895 -3.18
4.6867 -2.453 -2.404 -2.479 -2.672 -2.814 -2.953 -2.592 -2.694 -2.816 -2.958 -3.099 -3.247 -2.689 -2.862 -3.033 -3.154 -3.265 -2.925 -3.068 -3.188 -3.287 -3.455 -3.031 -2.936 -3.089 -3.477 -3.646 -3.836 -3.121
4.7997 -2.398 -2.348 -2.423 -2.616 -2.758 -2.897 -2.537 -2.638 -2.761 -2.903 -3.043 -3.192 -2.633 -2.806 -2.978 -3.098 -3.209 -2.87 -3.012 -3.132 -3.231 -3.399 -2.975 -2.88 -3.033 -3.421 -3.59 -3.781 -3.066
4.9155 -2.344 -2.294 -2.369 -2.562 -2.705 -2.844 -2.483 -2.584 -2.707 -2.849 -2.989 -3.138 -2.579 -2.752 -2.924 -3.045 -3.155 -2.816 -2.958 -3.078 -3.177 -3.345 -2.922 -2.826 -2.979 -3.367 -3.537 -3.727 -3.012
5.0341 -2.29 -2.24 -2.315 -2.508 -2.651 -2.79 -2.429 -2.531 -2.653 -2.795 -2.935 -3.084 -2.526 -2.698 -2.87 -2.991 -3.101 -2.762 -2.905 -3.024 -3.123 -3.292 -2.868 -2.773 -2.925 -3.313 -3.483 -3.673 -2.958
5.1555 -2.236 -2.187 -2.261 -2.454 -2.597 -2.736 -2.375 -2.477 -2.599 -2.741 -2.882 -3.03 -2.472 -2.644 -2.816 -2.937 -3.048 -2.708 -2.851 -2.97 -3.07 -3.238 -2.814 -2.719 -2.872 -3.259 -3.429 -3.619 -2.904
5.2799 -2.182 -2.133 -2.208 -2.401 -2.543 -2.682 -2.321 -2.423 -2.545 -2.687 -2.828 -2.976 -2.418 -2.591 -2.762 -2.883 -2.994 -2.654 -2.797 -2.917 -3.016 -3.184 -2.76 -2.665 -2.818 -3.206 -3.375 -3.565 -2.85
5.4072 -2.128 -2.079 -2.154 -2.347 -2.489 -2.628 -2.267 -2.369 -2.492 -2.633 -2.774 -2.922 -2.364 -2.537 -2.709 -2.829 -2.94 -2.6 -2.743 -2.863 -2.962 -3.13 -2.706 -2.611 -2.764 -3.152 -3.321 -3.511 -2.796
5.5377 -2.075 -2.025 -2.1 -2.293 -2.435 -2.574 -2.214 -2.315 -2.438 -2.58 -2.72 -2.869 -2.31 -2.483 -2.655 -2.775 -2.886 -2.547 -2.689 -2.809 -2.908 -3.076 -2.652 -2.557 -2.71 -3.098 -3.267 -3.458 -2.743
5.6713 -2.021 -1.971 -2.046 -2.239 -2.381 -2.521 -2.16 -2.261 -2.384 -2.526 -2.666 -2.815 -2.256 -2.429 -2.601 -2.722 -2.832 -2.493 -2.635 -2.755 -2.854 -3.022 -2.599 -2.503 -2.656 -3.044 -3.213 -3.404 -2.689
5.8081 -1.967 -1.917 -1.992 -2.185 -2.328 -2.467 -2.106 -2.208 -2.33 -2.472 -2.612 -2.761 -2.203 -2.375 -2.547 -2.668 -2.778 -2.439 -2.581 -2.701 -2.8 -2.969 -2.545 -2.45 -2.602 -2.99 -3.16 -3.35 -2.635
5.9482 -1.913 -1.864 -1.938 -2.131 -2.274 -2.413 -2.052 -2.154 -2.276 -2.418 -2.559 -2.707 -2.149 -2.321 -2.493 -2.614 -2.724 -2.385 -2.528 -2.647 -2.746 -2.915 -2.491 -2.396 -2.548 -2.936 -3.106 -3.296 -2.581
6.0917 -1.859 -1.809 -1.884 -2.077 -2.219 -2.359 -1.998 -2.099 -2.222 -2.364 -2.504 -2.653 -2.094 -2.267 -2.439 -2.56 -2.67 -2.331 -2.473 -2.593 -2.692 -2.86 -2.437 -2.341 -2.494 -2.882 -3.051 -3.242 -2.527
6.2386 -1.804 -1.755 -1.83 -2.023 -2.165 -2.304 -1.943 -2.045 -2.167 -2.309 -2.45 -2.598 -2.04 -2.213 -2.384 -2.505 -2.616 -2.276 -2.419 -2.539 -2.638 -2.806 -2.382 -2.287 -2.44 -2.828 -2.997 -3.187 -2.472
6.3891 -1.75 -1.7 -1.775 -1.968 -2.111 -2.25 -1.889 -1.991 -2.113 -2.255 -2.395 -2.544 -1.986 -2.158 -2.33 -2.451 -2.561 -2.222 -2.364 -2.484 -2.583 -2.752 -2.328 -2.232 -2.385 -2.773 -2.943 -3.133 -2.418
6.5433 -1.695 -1.646 -1.721 -1.914 -2.056 -2.195 -1.834 -1.936 -2.059 -2.2 -2.341 -2.489 -1.931 -2.104 -2.275 -2.396 -2.507 -2.167 -2.31 -2.43 -2.529 -2.697 -2.273 -2.178 -2.331 -2.719 -2.888 -3.078 -2.363
6.7011 -1.641 -1.591 -1.666 -1.859 -2.002 -2.141 -1.78 -1.882 -2.004 -2.146 -2.286 -2.435 -1.877 -2.049 -2.221 -2.342 -2.452 -2.113 -2.256 -2.375 -2.474 -2.643 -2.219 -2.124 -2.276 -2.664 -2.834 -3.024 -2.309
6.8627 -1.586 -1.537 -1.612 -1.805 -1.947 -2.086 -1.726 -1.827 -1.95 -2.091 -2.232 -2.381 -1.822 -1.995 -2.167 -2.287 -2.398 -2.059 -2.201 -2.321 -2.42 -2.588 -2.164 -2.069 -2.222 -2.61 -2.779 -2.97 -2.255
7.0283 -1.532 -1.483 -1.557 -1.75 -1.893 -2.032 -1.671 -1.773 -1.895 -2.037 -2.178 -2.326 -1.768 -1.94 -2.112 -2.233 -2.343 -2.004 -2.147 -2.266 -2.365 -2.534 -2.11 -2.015 -2.167 -2.555 -2.725 -2.915 -2.2
7.1978 -1.478 -1.428 -1.503 -1.696 -1.838 -1.977 -1.617 -1.718 -1.841 -1.983 -2.123 -2.272 -1.713 -1.886 -2.058 -2.178 -2.289 -1.95 -2.092 -2.212 -2.311 -2.479 -2.055 -1.96 -2.113 -2.501 -2.67 -2.861 -2.146
7.3715 -1.423 -1.374 -1.449 -1.641 -1.784 -1.923 -1.562 -1.664 -1.786 -1.928 -2.069 -2.217 -1.659 -1.831 -2.003 -2.124 -2.235 -1.895 -2.038 -2.158 -2.257 -2.425 -2.001 -1.906 -2.059 -2.447 -2.616 -2.806 -2.091
7.5493 -1.369 -1.319 -1.394 -1.587 -1.729 -1.869 -1.508 -1.609 -1.732 -1.874 -2.014 -2.163 -1.604 -1.777 -1.949 -2.07 -2.18 -1.841 -1.983 -2.103 -2.202 -2.37 -1.947 -1.851 -2.004 -2.392 -2.561 -2.752 -2.037
7.7314 -1.317 -1.267 -1.342 -1.535 -1.677 -1.817 -1.456 -1.557 -1.68 -1.822 -1.962 -2.111 -1.552 -1.725 -1.897 -2.018 -2.128 -1.789 -1.931 -2.051 -2.15 -2.318 -1.895 -1.799 -1.952 -2.34 -2.509 -2.7 -1.985
7.9179 -1.265 -1.216 -1.29 -1.483 -1.626 -1.765 -1.404 -1.506 -1.628 -1.77 -1.911 -2.059 -1.501 -1.673 -1.845 -1.966 -2.077 -1.737 -1.88 -2.0 -2.099 -2.267 -1.843 -1.748 -1.901 -2.289 -2.458 -2.648 -1.933
8.1089 -1.213 -1.164 -1.239 -1.432 -1.574 -1.713 -1.353 -1.454 -1.577 -1.719 -1.859 -2.008 -1.449 -1.622 -1.794 -1.914 -2.025 -1.686 -1.828 -1.948 -2.047 -2.215 -1.791 -1.696 -1.849 -2.237 -2.406 -2.597 -1.882
8.3045 -1.162 -1.112 -1.187 -1.38 -1.523 -1.662 -1.301 -1.403 -1.525 -1.667 -1.807 -1.956 -1.398 -1.57 -1.742 -1.863 -1.973 -1.634 -1.776 -1.896 -1.995 -2.164 -1.74 -1.645 -1.797 -2.185 -2.355 -2.545 -1.83
8.5049 -1.11 -1.061 -1.136 -1.329 -1.471 -1.61 -1.249 -1.351 -1.473 -1.615 -1.756 -1.904 -1.346 -1.519 -1.69 -1.811 -1.922 -1.582 -1.725 -1.845 -1.944 -2.112 -1.688 -1.593 -1.746 -2.134 -2.303 -2.493 -1.778
8.71 -1.059 -1.009 -1.084 -1.277 -1.419 -1.558 -1.198 -1.299 -1.422 -1.564 -1.704 -1.853 -1.294 -1.467 -1.639 -1.759 -1.87 -1.531 -1.673 -1.793 -1.892 -2.06 -1.636 -1.541 -1.694 -2.082 -2.251 -2.442 -1.727
8.9201 -1.007 -0.958 -1.032 -1.225 -1.368 -1.507 -1.146 -1.248 -1.37 -1.512 -1.653 -1.801 -1.243 -1.415 -1.587 -1.708 -1.818 -1.479 -1.622 -1.741 -1.84 -2.009 -1.585 -1.49 -1.642 -2.03 -2.2 -2.39 -1.675
9.1353 -0.955 -0.906 -0.981 -1.174 -1.316 -1.455 -1.094 -1.196 -1.319 -1.46 -1.601 -1.749 -1.191 -1.364 -1.536 -1.656 -1.767 -1.427 -1.57 -1.69 -1.789 -1.957 -1.533 -1.438 -1.591 -1.979 -2.148 -2.338 -1.623
9.3557 -0.904 -0.854 -0.929 -1.122 -1.265 -1.404 -1.043 -1.144 -1.267 -1.409 -1.549 -1.698 -1.139 -1.312 -1.484 -1.605 -1.715 -1.376 -1.518 -1.638 -1.737 -1.905 -1.482 -1.386 -1.539 -1.927 -2.097 -2.287 -1.572
9.5814 -0.852 -0.803 -0.878 -1.071 -1.213 -1.352 -0.991 -1.093 -1.215 -1.357 -1.498 -1.646 -1.088 -1.26 -1.432 -1.553 -1.664 -1.324 -1.467 -1.587 -1.686 -1.854 -1.43 -1.335 -1.488 -1.876 -2.045 -2.235 -1.52
9.8125 -0.803 -0.753 -0.828 -1.021 -1.164 -1.303 -0.942 -1.044 -1.166 -1.308 -1.448 -1.597 -1.039 -1.211 -1.383 -1.504 -1.614 -1.275 -1.417 -1.537 -1.636 -1.805 -1.381 -1.285 -1.438 -1.826 -1.996 -2.186 -1.471
10.0492 -0.753 -0.704 -0.779 -0.972 -1.114 -1.253 -0.893 -0.994 -1.117 -1.258 -1.399 -1.548 -0.989 -1.162 -1.334 -1.454 -1.565 -1.225 -1.368 -1.488 -1.587 -1.755 -1.331 -1.236 -1.389 -1.777 -1.946 -2.137 -1.422
10.2917 -0.704 -0.655 -0.729 -0.922 -1.065 -1.204 -0.843 -0.945 -1.067 -1.209 -1.35 -1.498 -0.94 -1.112 -1.284 -1.405 -1.516 -1.176 -1.319 -1.438 -1.538 -1.706 -1.282 -1.187 -1.34 -1.727 -1.897 -2.087 -1.372
10.5399 -0.655 -0.605 -0.68 -0.873 -1.015 -1.155 -0.794 -0.895 -1.018 -1.16 -1.3 -1.449 -0.89 -1.063 -1.235 -1.356 -1.466 -1.127 -1.269 -1.389 -1.488 -1.656 -1.233 -1.137 -1.29 -1.678 -1.847 -2.038 -1.323
10.7942 -0.605 -0.556 -0.631 -0.824 -0.966 -1.105 -0.744 -0.846 -0.968 -1.11 -1.251 -1.399 -0.841 -1.014 -1.185 -1.306 -1.417 -1.077 -1.22 -1.34 -1.439 -1.607 -1.183 -1.088 -1.241 -1.629 -1.798 -1.988 -1.273
11.0546 -0.556 -0.506 -0.581 -0.774 -0.917 -1.056 -0.695 -0.797 -0.919 -1.061 -1.201 -1.35 -0.792 -0.964 -1.136 -1.257 -1.367 -1.028 -1.171 -1.29 -1.389 -1.558 -1.134 -1.039 -1.191 -1.579 -1.749 -1.939 -1.224
11.3212 -0.507 -0.457 -0.532 -0.725 -0.867 -1.006 -0.646 -0.747 -0.87 -1.012 -1.152 -1.301 -0.742 -0.915 -1.087 -1.207 -1.318 -0.979 -1.121 -1.241 -1.34 -1.508 -1.084 -0.989 -1.142 -1.53 -1.699 -1.89 -1.175
11.5943 -0.457 -0.408 -0.483 -0.676 -0.818 -0.957 -0.596 -0.698 -0.82 -0.962 -1.103 -1.251 -0.693 -0.865 -1.037 -1.158 -1.269 -0.929 -1.072 -1.192 -1.291 -1.459 -1.035 -0.94 -1.093 -1.481 -1.65 -1.84 -1.125
11.874 -0.408 -0.358 -0.433 -0.626 -0.769 -0.908 -0.547 -0.649 -0.771 -0.913 -1.053 -1.202 -0.643 -0.816 -0.988 -1.109 -1.219 -0.88 -1.022 -1.142 -1.241 -1.41 -0.986 -0.89 -1.043 -1.431 -1.601 -1.791 -1.076
12.1605 -0.358 -0.309 -0.384 -0.577 -0.719 -0.858 -0.497 -0.599 -0.721 -0.863 -1.004 -1.152 -0.594 -0.767 -0.938 -1.059 -1.17 -0.83 -0.973 -1.093 -1.192 -1.36 -0.936 -0.841 -0.994 -1.382 -1.551 -1.741 -1.026
12.4538 -0.308 -0.259 -0.334 -0.527 -0.669 -0.808 -0.447 -0.549 -0.671 -0.813 -0.954 -1.102 -0.544 -0.717 -0.888 -1.009 -1.12 -0.78 -0.923 -1.043 -1.142 -1.31 -0.886 -0.791 -0.944 -1.332 -1.501 -1.691 -0.976
12.7542 -0.258 -0.209 -0.284 -0.477 -0.619 -0.758 -0.397 -0.499 -0.621 -0.763 -0.904 -1.052 -0.494 -0.667 -0.838 -0.959 -1.07 -0.73 -0.873 -0.993 -1.092 -1.26 -0.836 -0.741 -0.894 -1.282 -1.451 -1.641 -0.926
13.0619 -0.208 -0.159 -0.234 -0.427 -0.569 -0.708 -0.347 -0.449 -0.571 -0.713 -0.854 -1.002 -0.444 -0.617 -0.788 -0.909 -1.02 -0.68 -0.823 -0.943 -1.042 -1.21 -0.786 -0.691 -0.844 -1.232 -1.401 -1.591 -0.876
13.377 -0.158 -0.109 -0.184 -0.377 -0.519 -0.658 -0.297 -0.399 -0.521 -0.663 -0.804 -0.952 -0.394 -0.567 -0.738 -0.859 -0.97 -0.63 -0.773 -0.893 -0.992 -1.16 -0.736 -0.641 -0.794 -1.182 -1.351 -1.541 -0.826
13.6997 -0.108 -0.059 -0.134 -0.327 -0.469 -0.608 -0.247 -0.349 -0.471 -0.613 -0.754 -0.902 -0.344 -0.517 -0.688 -0.809 -0.92 -0.58 -0.723 -0.843 -0.942 -1.11 -0.686 -0.591 -0.744 -1.132 -1.301 -1.491 -0.776
14.0302 -0.058 -0.009 -0.084 -0.277 -0.419 -0.558 -0.197 -0.299 -0.421 -0.563 -0.704 -0.852 -0.294 -0.467 -0.638 -0.759 -0.87 -0.53 -0.673 -0.793 -0.892 -1.06 -0.636 -0.541 -0.694 -1.082 -1.251 -1.441 -0.726
14.3686 -0.008 0.041 -0.034 -0.227 -0.369 -0.508 -0.147 -0.249 -0.371 -0.513 -0.654 -0.802 -0.244 -0.417 -0.588 -0.709 -0.82 -0.48 -0.623 -0.743 -0.842 -1.01 -0.586 -0.491 -0.644 -1.032 -1.201 -1.391 -0.676
14.7153 0.042 0.091 0.016 -0.177 -0.319 -0.458 -0.097 -0.199 -0.321 -0.463 -0.604 -0.752 -0.194 -0.367 -0.538 -0.659 -0.77 -0.43 -0.573 -0.693 -0.792 -0.96 -0.536 -0.441 -0.594 -0.982 -1.151 -1.341 -0.626
15.0702 0.092 0.141 0.066 -0.127 -0.269 -0.408 -0.047 -0.149 -0.271 -0.413 -0.554 -0.702 -0.144 -0.317 -0.488 -0.609 -0.72 -0.38 -0.523 -0.643 -0.742 -0.91 -0.486 -0.391 -0.544 -0.932 -1.101 -1.291 -0.576
15.4338 0.141 0.19 0.115 -0.078 -0.22 -0.359 0.002 -0.1 -0.222 -0.364 -0.505 -0.653 -0.095 -0.268 -0.439 -0.56 -0.671 -0.331 -0.474 -0.594 -0.693 -0.861 -0.437 -0.342 -0.495 -0.883 -1.052 -1.242 -0.527
