web/models/grb/onaxis/21/grb_0.0000_0.0139_0.1000000.dat
# %ECSV 1.0
# ---
# datatype:
# - {name: time, datatype: float64}
# - {name: swift_uvot_uvw2, datatype: float64}
# - {name: swift_uvot_uvm2, datatype: float64}
# - {name: swift_uvot_uvw1, datatype: float64}
# - {name: swift_uvot_U, datatype: float64}
# - {name: swift_uvot_B, datatype: float64}
# - {name: swift_uvot_V, datatype: float64}
# - {name: swift_uvot_W, datatype: float64}
# - {name: johnson_U, datatype: float64}
# - {name: johnson_B, datatype: float64}
# - {name: johnson_V, datatype: float64}
# - {name: johnson_R, datatype: float64}
# - {name: johnson_I, datatype: float64}
# - {name: sdss_u, datatype: float64}
# - {name: sdss_g, datatype: float64}
# - {name: sdss_r, datatype: float64}
# - {name: sdss_i, datatype: float64}
# - {name: sdss_z, datatype: float64}
# - {name: PS1_g, datatype: float64}
# - {name: PS1_r, datatype: float64}
# - {name: PS1_i, datatype: float64}
# - {name: PS1_z, datatype: float64}
# - {name: PS1_Y, datatype: float64}
# - {name: ukirt_J, datatype: float64}
# - {name: ukirt_H, datatype: float64}
# - {name: ukirt_K, datatype: float64}
# meta: !!omap
# - comment: [E = 6.029923955985726e-06, Eta0 = 8.02, GammaB = 12.0, dL = 0.012188, epsb = 6.760829753919819e-06, epse = 0.1, n = 0.1,
#     p = 2.15, theta_obs = 0.0, xiN = 1.0, z = 0.0, type = grb, E_kiso = 0.013894954943731374]
# schema: astropy-2.0
time swift_uvot_uvw2 swift_uvot_uvm2 swift_uvot_uvw1 swift_uvot_U swift_uvot_B swift_uvot_V swift_uvot_W johnson_U johnson_B johnson_V johnson_R johnson_I sdss_u sdss_g sdss_r sdss_i sdss_z PS1_g PS1_r PS1_i PS1_z PS1_Y ukirt_J ukirt_H ukirt_K
[from data line 298]
12.1605 11.38 11.43 11.355 11.162 11.02 10.881 11.241 11.14 11.017 10.875 10.735 10.586 11.145 10.972 10.8 10.68 10.569 10.908 10.766 10.646 10.547 10.379 10.357 10.188 9.997
12.4538 11.426 11.475 11.4 11.207 11.065 10.926 11.286 11.185 11.062 10.92 10.78 10.631 11.19 11.017 10.845 10.725 10.614 10.953 10.811 10.691 10.592 10.424 10.402 10.233 10.042
12.7542 11.471 11.52 11.445 11.252 11.11 10.971 11.332 11.23 11.108 10.966 10.825 10.677 11.235 11.062 10.891 10.77 10.659 10.999 10.856 10.736 10.637 10.469 10.447 10.278 10.088
13.0619 11.516 11.565 11.49 11.297 11.155 11.016 11.377 11.275 11.153 11.011 10.87 10.722 11.28 11.108 10.936 10.815 10.704 11.044 10.901 10.781 10.682 10.514 10.492 10.323 10.133
13.377 11.561 11.61 11.536 11.343 11.2 11.061 11.422 11.32 11.198 11.056 10.915 10.767 11.325 11.153 10.981 10.86 10.749 11.089 10.946 10.827 10.728 10.559 10.538 10.368 10.178
13.6997 11.606 11.656 11.581 11.388 11.245 11.106 11.467 11.365 11.243 11.101 10.961 10.812 11.37 11.198 11.026 10.905 10.795 11.134 10.992 10.872 10.773 10.604 10.583 10.413 10.223
14.0302 11.651 11.701 11.626 11.433 11.291 11.151 11.512 11.411 11.288 11.146 11.006 10.857 11.416 11.243 11.071 10.95 10.84 11.179 11.037 10.917 10.818 10.65 10.628 10.459 10.268
14.3686 11.696 11.746 11.671 11.478 11.336 11.197 11.557 11.456 11.333 11.191 11.051 10.902 11.461 11.288 11.116 10.996 10.885 11.224 11.082 10.962 10.863 10.695 10.673 10.504 10.313
14.7153 11.742 11.791 11.716 11.523 11.381 11.242 11.602 11.501 11.378 11.237 11.096 10.947 11.506 11.333 11.161 11.041 10.93 11.27 11.127 11.007 10.908 10.74 10.718 10.549 10.358
15.0702 11.787 11.836 11.761 11.568 11.426 11.287 11.648 11.546 11.424 11.282 11.141 10.993 11.551 11.378 11.207 11.086 10.975 11.315 11.172 11.052 10.953 10.785 10.763 10.594 10.404
15.4338 11.84 11.889 11.815 11.622 11.479 11.34 11.701 11.599 11.477 11.335 11.194 11.046 11.604 11.432 11.26 11.139 11.028 11.368 11.225 11.106 11.006 10.838 10.817 10.647 10.457
15.8061 11.911 11.961 11.886 11.693 11.551 11.411 11.772 11.671 11.548 11.406 11.266 11.117 11.676 11.503 11.331 11.211 11.1 11.439 11.297 11.177 11.078 10.91 10.888 10.719 10.528
16.1874 11.983 12.032 11.957 11.764 11.622 11.483 11.844 11.742 11.62 11.478 11.337 11.189 11.747 11.574 11.403 11.282 11.171 11.511 11.368 11.248 11.149 10.981 10.959 10.79 10.6
16.5779 12.054 12.104 12.029 11.836 11.693 11.554 11.915 11.813 11.691 11.549 11.409 11.26 11.818 11.646 11.474 11.353 11.243 11.582 11.44 11.32 11.221 11.052 11.031 10.861 10.671
16.9778 12.126 12.175 12.1 11.907 11.765 11.626 11.986 11.885 11.762 11.62 11.48 11.331 11.89 11.717 11.545 11.425 11.314 11.653 11.511 11.391 11.292 11.124 11.102 10.933 10.742
17.3873 12.197 12.246 12.172 11.979 11.836 11.697 12.058 11.956 11.834 11.692 11.551 11.403 11.961 11.789 11.617 11.496 11.385 11.725 11.582 11.462 11.363 11.195 11.173 11.004 10.814
17.8068 12.268 12.318 12.243 12.05 11.908 11.768 12.129 12.028 11.905 11.763 11.623 11.474 12.033 11.86 11.688 11.567 11.457 11.796 11.654 11.534 11.435 11.267 11.245 11.076 10.885
18.2363 12.34 12.389 12.314 12.121 11.979 11.84 12.201 12.099 11.977 11.835 11.694 11.546 12.104 11.931 11.76 11.639 11.528 11.868 11.725 11.605 11.506 11.338 11.316 11.147 10.957
18.6762 12.411 12.461 12.386 12.193 12.05 11.911 12.272 12.17 12.048 11.906 11.766 11.617 12.175 12.003 11.831 11.71 11.6 11.939 11.796 11.677 11.578 11.409 11.388 11.218 11.028
19.1268 12.482 12.532 12.457 12.264 12.122 11.983 12.343 12.242 12.119 11.977 11.837 11.688 12.247 12.074 11.902 11.782 11.671 12.01 11.868 11.748 11.649 11.481 11.459 11.29 11.099
19.5882 12.569 12.619 12.544 12.351 12.209 12.069 12.43 12.329 12.206 12.064 11.924 11.775 12.334 12.161 11.989 11.868 11.758 12.097 11.955 11.835 11.736 11.568 11.546 11.377 11.186
20.0607 12.675 12.724 12.65 12.457 12.314 12.175 12.536 12.434 12.312 12.17 12.029 11.881 12.439 12.267 12.095 11.974 11.863 12.203 12.06 11.94 11.841 11.673 11.651 11.482 11.292
20.5446 12.78 12.83 12.755 12.562 12.42 12.281 12.641 12.54 12.417 12.275 12.135 11.986 12.545 12.372 12.2 12.08 11.969 12.308 12.166 12.046 11.947 11.779 11.757 11.588 11.397
21.0402 12.886 12.936 12.861 12.668 12.525 12.386 12.747 12.645 12.523 12.381 12.241 12.092 12.65 12.478 12.306 12.185 12.075 12.414 12.271 12.152 12.053 11.884 11.863 11.693 11.503
21.5478 12.992 13.041 12.966 12.773 12.631 12.492 12.853 12.751 12.628 12.487 12.346 12.198 12.756 12.583 12.412 12.291 12.18 12.52 12.377 12.257 12.158 11.99 11.968 11.799 11.609
22.0676 13.097 13.147 13.072 12.879 12.736 12.597 12.958 12.857 12.734 12.592 12.452 12.303 12.862 12.689 12.517 12.396 12.286 12.625 12.483 12.363 12.264 12.096 12.074 11.904 11.714
22.5999 13.203 13.252 13.177 12.984 12.842 12.703 13.064 12.962 12.84 12.698 12.557 12.409 12.967 12.795 12.623 12.502 12.391 12.731 12.588 12.468 12.369 12.201 12.179 12.01 11.82
23.1451 13.308 13.358 13.283 13.09 12.948 12.809 13.169 13.068 12.945 12.803 12.663 12.514 13.073 12.9 12.728 12.608 12.497 12.836 12.694 12.574 12.475 12.307 12.285 12.116 11.925
23.7034 13.414 13.463 13.389 13.196 13.053 12.914 13.275 13.173 13.051 12.909 12.768 12.62 13.178 13.006 12.834 12.713 12.603 12.942 12.799 12.68 12.581 12.412 12.391 12.221 12.031
24.2752 13.52 13.569 13.494 13.301 13.159 13.02 13.381 13.279 13.156 13.015 12.874 12.726 13.284 13.111 12.939 12.819 12.708 13.048 12.905 12.785 12.686 12.518 12.496 12.327 12.136
24.8608 13.665 13.714 13.639 13.446 13.304 13.165 13.525 13.424 13.301 13.159 13.019 12.87 13.429 13.256 13.084 12.964 12.853 13.192 13.05 12.93 12.831 12.663 12.641 12.472 12.281
25.4606 13.836 13.886 13.811 13.618 13.475 13.336 13.697 13.595 13.473 13.331 13.191 13.042 13.6 13.428 13.256 13.135 13.025 13.364 13.222 13.102 13.003 12.834 12.813 12.643 12.453
26.0748 14.008 14.057 13.982 13.789 13.647 13.508 13.869 13.767 13.645 13.503 13.362 13.214 13.772 13.6 13.428 13.307 13.196 13.536 13.393 13.273 13.174 13.006 12.984 12.815 12.625
26.7038 14.179 14.229 14.154 13.961 13.819 13.68 14.04 13.939 13.816 13.674 13.534 13.385 13.944 13.771 13.599 13.479 13.368 13.707 13.565 13.445 13.346 13.178 13.156 12.987 12.796
27.3479 14.351 14.401 14.326 14.133 13.99 13.851 14.212 14.11 13.988 13.846 13.706 13.557 14.115 13.943 13.771 13.65 13.54 13.879 13.737 13.617 13.518 13.349 13.328 13.158 12.968
28.0077 14.523 14.572 14.497 14.304 14.162 14.023 14.384 14.282 14.16 14.018 13.877 13.729 14.287 14.115 13.943 13.822 13.711 14.051 13.908 13.788 13.689 13.521 13.499 13.33 13.14
28.6833 14.694 14.744 14.669 14.476 14.334 14.195 14.555 14.454 14.331 14.189 14.049 13.9 14.459 14.286 14.114 13.994 13.883 14.222 14.08 13.96 13.861 13.693 13.671 13.502 13.311
29.3752 14.866 14.916 14.841 14.648 14.505 14.366 14.727 14.625 14.503 14.361 14.221 14.072 14.63 14.458 14.286 14.165 14.055 14.394 14.252 14.132 14.033 13.864 13.843 13.673 13.483
30.0838 15.038 15.087 15.012 14.819 14.677 14.538 14.899 14.797 14.675 14.533 14.392 14.244 14.802 14.629 14.458 14.337 14.226 14.566 14.423 14.303 14.204 14.036 14.014 13.845 13.655
30.8096 15.209 15.259 15.184 14.991 14.849 14.71 15.07 14.969 14.846 14.704 14.564 14.415 14.974 14.801 14.629 14.509 14.398 14.737 14.595 14.475 14.376 14.208 14.186 14.017 13.826
31.5528 15.502 15.551 15.476 15.283 15.141 15.002 15.362 15.261 15.138 14.997 14.856 14.707 15.266 15.093 14.921 14.801 14.69 15.03 14.887 14.767 14.668 14.5 14.478 14.309 14.118
32.3139 15.836 15.886 15.811 15.618 15.476 15.336 15.697 15.596 15.473 15.331 15.191 15.042 15.601 15.428 15.256 15.136 15.025 15.364 15.222 15.102 15.003 14.835 14.813 14.644 14.453
33.0935 16.171 16.221 16.146 15.953 15.81 15.671 16.032 15.93 15.808 15.666 15.526 15.377 15.935 15.763 15.591 15.47 15.36 15.699 15.557 15.437 15.338 15.169 15.148 14.978 14.788
33.8918 16.506 16.555 16.481 16.288 16.145 16.006 16.367 16.265 16.143 16.001 15.861 15.712 16.27 16.098 15.926 15.805 15.695 16.034 15.891 15.772 15.673 15.504 15.483 15.313 15.123
34.7093 16.841 16.89 16.815 16.623 16.48 16.341 16.702 16.6 16.478 16.336 16.195 16.047 16.605 16.433 16.261 16.14 16.029 16.369 16.226 16.106 16.007 15.839 15.817 15.648 15.458
35.5466 17.176 17.225 17.15 16.957 16.815 16.676 17.037 16.935 16.813 16.671 16.53 16.382 16.94 16.767 16.596 16.475 16.364 16.704 16.561 16.441 16.342 16.174 16.152 15.983 15.793
36.4041 17.511 17.56 17.485 17.292 17.15 17.011 17.371 17.27 17.147 17.005 16.865 16.716 17.275 17.102 16.93 16.81 16.699 17.038 16.896 16.776 16.677 16.509 16.487 16.318 16.127
37.2823 17.845 17.895 17.82 17.627 17.485 17.345 17.706 17.605 17.482 17.34 17.2 17.051 17.61 17.437 17.265 17.145 17.034 17.373 17.231 17.111 17.012 16.844 16.822 16.653 16.462
38.1817 18.18 18.23 18.155 17.962 17.819 17.68 18.041 17.939 17.817 17.675 17.535 17.386 17.944 17.772 17.6 17.479 17.369 17.708 17.566 17.446 17.347 17.178 17.157 16.987 16.797
39.1028 18.515 18.564 18.49 18.297 18.154 18.015 18.376 18.274 18.152 18.01 17.869 17.721 18.279 18.107 17.935 17.814 17.704 18.043 17.9 17.781 17.682 17.513 17.492 17.322 17.132
40.046 18.85 18.899 18.824 18.631 18.489 18.35 18.711 18.609 18.487 18.345 18.204 18.056 18.614 18.442 18.27 18.149 18.038 18.378 18.235 18.115 18.016 17.848 17.826 17.657 17.467
41.0121 19.185 19.234 19.159 18.966 18.824 18.685 19.046 18.944 18.821 18.68 18.539 18.391 18.949 18.776 18.605 18.484 18.373 18.713 18.57 18.45 18.351 18.183 18.161 17.992 17.802
42.0014 19.519 19.569 19.494 19.301 19.159 19.02 19.38 19.279 19.156 19.014 18.874 18.725 19.284 19.111 18.939 18.819 18.708 19.047 18.905 18.785 18.686 18.518 18.496 18.327 18.136
43.0146 19.854 19.904 19.829 19.636 19.494 19.354 19.715 19.614 19.491 19.349 19.209 19.06 19.619 19.446 19.274 19.153 19.043 19.382 19.24 19.12 19.021 18.853 18.831 18.662 18.471
44.0523 20.189 20.239 20.164 19.971 19.828 19.689 20.05 19.948 19.826 19.684 19.544 19.395 19.953 19.781 19.609 19.488 19.378 19.717 19.575 19.455 19.356 19.187 19.166 18.996 18.806
45.1149 20.524 20.573 20.499 20.306 20.163 20.024 20.385 20.283 20.161 20.019 19.878 19.73 20.288 20.116 19.944 19.823 19.712 20.052 19.909 19.79 19.69 19.522 19.501 19.331 19.141
46.2033 20.859 20.908 20.833 20.64 20.498 20.359 20.72 20.618 20.496 20.354 20.213 20.065 20.623 20.45 20.279 20.158 20.047 20.387 20.244 20.124 20.025 19.857 19.835 19.666 19.476
47.3178 21.194 21.243 21.168 20.975 20.833 20.694 21.055 20.953 20.83 20.689 20.548 20.4 20.958 20.785 20.613 20.493 20.382 20.722 20.579 20.459 20.36 20.192 20.17 20.001 19.81
48.4593 21.528 21.578 21.503 21.31 21.168 21.029 21.389 21.288 21.165 21.023 20.883 20.734 21.293 21.12 20.948 20.828 20.717 21.056 20.914 20.794 20.695 20.527 20.505 20.336 20.145
49.6283 21.863 21.913 21.838 21.645 21.502 21.363 21.724 21.623 21.5 21.358 21.218 21.069 21.628 21.455 21.283 21.162 21.052 21.391 21.249 21.129 21.03 20.862 20.84 20.67 20.48
50.8255 22.198 22.248 22.173 21.98 21.837 21.698 22.059 21.957 21.835 21.693 21.553 21.404 21.962 21.79 21.618 21.497 21.387 21.726 21.583 21.464 21.365 21.196 21.175 21.005 20.815
52.0515 22.533 22.582 22.508 22.315 22.172 22.033 22.394 22.292 22.17 22.028 21.887 21.739 22.297 22.125 21.953 21.832 21.721 22.061 21.918 21.798 21.699 21.531 21.509 21.34 21.15
53.3072 22.868 22.917 22.842 22.649 22.507 22.368 22.729 22.627 22.505 22.363 22.222 22.074 22.632 22.459 22.288 22.167 22.056 22.396 22.253 22.133 22.034 21.866 21.844 21.675 21.485
54.5931 23.203 23.252 23.177 22.984 22.842 22.703 23.063 22.962 22.839 22.698 22.557 22.408 22.967 22.794 22.622 22.502 22.391 22.731 22.588 22.468 22.369 22.201 22.179 22.01 21.819
55.9101 23.537 23.587 23.512 23.319 23.177 23.038 23.398 23.297 23.174 23.032 22.892 22.743 23.302 23.129 22.957 22.837 22.726 23.065 22.923 22.803 22.704 22.536 22.514 22.345 22.154
57.2588 23.872 23.922 23.847 23.654 23.511 23.372 23.733 23.631 23.509 23.367 23.227 23.078 23.637 23.464 23.292 23.171 23.061 23.4 23.258 23.138 23.039 22.87 22.849 22.679 22.489
58.6401 24.207 24.256 24.182 23.989 23.846 23.707 24.068 23.966 23.844 23.702 23.562 23.413 23.971 23.799 23.627 23.506 23.396 23.735 23.592 23.473 23.374 23.205 23.184 23.014 22.824
60.0546 24.542 24.591 24.516 24.324 24.181 24.042 24.403 24.301 24.179 24.037 23.896 23.748 24.306 24.134 23.962 23.841 23.73 24.07 23.927 23.807 23.708 23.54 23.518 23.349 23.159
61.5034 24.877 24.926 24.851 24.658 24.516 24.377 24.738 24.636 24.514 24.372 24.231 24.083 24.641 24.468 24.297 24.176 24.065 24.405 24.262 24.142 24.043 23.875 23.853 23.684 23.494
62.987 25.212 25.261 25.186 24.993 24.851 24.712 25.072 24.971 24.848 24.706 24.566 24.417 24.976 24.803 24.631 24.511 24.4 24.739 24.597 24.477 24.378 24.21 24.188 24.019 23.828
64.5065 25.546 25.596 25.521 25.328 25.186 25.046 25.407 25.306 25.183 25.041 24.901 24.752 25.311 25.138 24.966 24.846 24.735 25.074 24.932 24.812 24.713 24.545 24.523 24.354 24.163
66.0626 25.881 25.931 25.856 25.663 25.52 25.381 25.742 25.64 25.518 25.376 25.236 25.087 25.645 25.473 25.301 25.18 25.07 25.409 25.267 25.147 25.048 24.879 24.858 24.688 24.498
67.6562 26.216 26.265 26.191 25.998 25.855 25.716 26.077 25.975 25.853 25.711 25.57 25.422 25.98 25.808 25.636 25.515 25.405 25.744 25.601 25.482 25.383 25.214 25.193 25.023 24.833
69.2883 26.551 26.6 26.525 26.332 26.19 26.051 26.412 26.31 26.188 26.046 25.905 25.757 26.315 26.143 25.971 25.85 25.739 26.079 25.936 25.816 25.717 25.549 25.527 25.358 25.168
70.9597 26.886 26.935 26.86 26.667 26.525 26.386 26.747 26.645 26.522 26.381 26.24 26.092 26.65 26.477 26.306 26.185 26.074 26.414 26.271 26.151 26.052 25.884 25.862 25.693 25.503
72.6715 27.22 27.27 27.195 27.002 26.86 26.721 27.081 26.98 26.857 26.715 26.575 26.426 26.985 26.812 26.64 26.52 26.409 26.748 26.606 26.486 26.387 26.219 26.197 26.028 25.837
74.4246 27.555 27.605 27.53 27.337 27.195 27.055 27.416 27.315 27.192 27.05 26.91 26.761 27.32 27.147 26.975 26.854 26.744 27.083 26.941 26.821 26.722 26.554 26.532 26.363 26.172
76.2199 27.89 27.94 27.865 27.672 27.529 27.39 27.751 27.649 27.527 27.385 27.245 27.096 27.654 27.482 27.31 27.189 27.079 27.418 27.276 27.156 27.057 26.888 26.867 26.697 26.507
78.0586 28.225 28.274 28.2 28.007 27.864 27.725 28.086 27.984 27.862 27.72 27.579 27.431 27.989 27.817 27.645 27.524 27.413 27.753 27.61 27.491 27.392 27.223 27.202 27.032 26.842
79.9416 28.56 28.609 28.534 28.341 28.199 28.06 28.421 28.319 28.197 28.055 27.914 27.766 28.324 28.152 27.98 27.859 27.748 28.088 27.945 27.825 27.726 27.558 27.536 27.367 27.177
81.87 28.895 28.944 28.869 28.676 28.534 28.395 28.756 28.654 28.531 28.39 28.249 28.101 28.659 28.486 28.314 28.194 28.083 28.423 28.28 28.16 28.061 27.893 27.871 27.702 27.512
83.845 29.229 29.279 29.204 29.011 28.869 28.73 29.09 28.989 28.866 28.724 28.584 28.435 28.994 28.821 28.649 28.529 28.418 28.757 28.615 28.495 28.396 28.228 28.206 28.037 27.846
85.8676 29.564 29.614 29.539 29.346 29.204 29.064 29.425 29.324 29.201 29.059 28.919 28.77 29.329 29.156 28.984 28.863 28.753 29.092 28.95 28.83 28.731 28.563 28.541 28.372 28.181
87.939 29.899 29.949 29.874 29.681 29.538 29.399 29.76 29.658 29.536 29.394 29.254 29.105 29.663 29.491 29.319 29.198 29.088 29.427 29.284 29.165 29.066 28.897 28.876 28.706 28.516
90.0604 30.234 30.283 30.209 30.016 29.873 29.734 30.095 29.993 29.871 29.729 29.588 29.44 29.998 29.826 29.654 29.533 29.422 29.762 29.619 29.499 29.4 29.232 29.21 29.041 28.851
92.2329 30.569 30.618 30.543 30.35 30.208 30.069 30.43 30.328 30.206 30.064 29.923 29.775 30.333 30.16 29.989 29.868 29.757 30.097 29.954 29.834 29.735 29.567 29.545 29.376 29.186
94.4579 30.904 30.953 30.878 30.685 30.543 30.404 30.765 30.663 30.54 30.399 30.258 30.109 30.668 30.495 30.323 30.203 30.092 30.432 30.289 30.169 30.07 29.902 29.88 29.711 29.52
