web/models/grb/onaxis/21/grb_0.0000_138.9495_0.0630957.dat
# %ECSV 1.0
# ---
# datatype:
# - {name: time, datatype: float64}
# - {name: swift_uvot_uvw2, datatype: float64}
# - {name: swift_uvot_uvm2, datatype: float64}
# - {name: swift_uvot_uvw1, datatype: float64}
# - {name: swift_uvot_U, datatype: float64}
# - {name: swift_uvot_B, datatype: float64}
# - {name: swift_uvot_V, datatype: float64}
# - {name: swift_uvot_W, datatype: float64}
# - {name: johnson_U, datatype: float64}
# - {name: johnson_B, datatype: float64}
# - {name: johnson_V, datatype: float64}
# - {name: johnson_R, datatype: float64}
# - {name: johnson_I, datatype: float64}
# - {name: sdss_u, datatype: float64}
# - {name: sdss_g, datatype: float64}
# - {name: sdss_r, datatype: float64}
# - {name: sdss_i, datatype: float64}
# - {name: sdss_z, datatype: float64}
# - {name: PS1_g, datatype: float64}
# - {name: PS1_r, datatype: float64}
# - {name: PS1_i, datatype: float64}
# - {name: PS1_z, datatype: float64}
# - {name: PS1_Y, datatype: float64}
# - {name: ukirt_J, datatype: float64}
# - {name: ukirt_H, datatype: float64}
# - {name: ukirt_K, datatype: float64}
# meta: !!omap
# - comment: [E = 0.06029923955985733, Eta0 = 8.02, GammaB = 12.0, dL = 0.012188, epsb = 6.760829753919819e-06, epse = 0.1, n = 0.0630957344480193,
#     p = 2.15, theta_obs = 0.0, xiN = 1.0, z = 0.0, type = grb, E_kiso = 138.9495494373139]
# schema: astropy-2.0
time swift_uvot_uvw2 swift_uvot_uvm2 swift_uvot_uvw1 swift_uvot_U swift_uvot_B swift_uvot_V swift_uvot_W johnson_U johnson_B johnson_V johnson_R johnson_I sdss_u sdss_g sdss_r sdss_i sdss_z PS1_g PS1_r PS1_i PS1_z PS1_Y ukirt_J ukirt_H ukirt_K
[from data line 79]
0.0657 -11.941 -11.892 -11.967 -12.16 -12.302 -12.441 -12.081 -12.182 -12.305 -12.446 -12.587 -12.736 -12.177 -12.35 -12.522 -12.642 -12.753 -12.413 -12.556 -12.676 -12.775 -12.943 -12.965 -13.134 -13.325
0.0673 -11.939 -11.89 -11.965 -12.158 -12.3 -12.439 -12.078 -12.18 -12.302 -12.444 -12.585 -12.733 -12.175 -12.347 -12.519 -12.64 -12.751 -12.411 -12.554 -12.674 -12.773 -12.941 -12.963 -13.132 -13.322
0.0689 -11.937 -11.887 -11.962 -12.155 -12.298 -12.437 -12.076 -12.178 -12.3 -12.442 -12.582 -12.731 -12.173 -12.345 -12.517 -12.638 -12.748 -12.409 -12.552 -12.671 -12.77 -12.939 -12.96 -13.13 -13.32
0.0706 -11.935 -11.885 -11.96 -12.153 -12.295 -12.435 -12.074 -12.175 -12.298 -12.44 -12.58 -12.729 -12.17 -12.343 -12.515 -12.636 -12.746 -12.407 -12.549 -12.669 -12.768 -12.936 -12.958 -13.127 -13.318
0.0723 -11.932 -11.883 -11.958 -12.151 -12.293 -12.432 -12.072 -12.173 -12.296 -12.437 -12.578 -12.727 -12.168 -12.341 -12.513 -12.633 -12.744 -12.404 -12.547 -12.667 -12.766 -12.934 -12.956 -13.125 -13.316
0.0741 -11.93 -11.881 -11.956 -12.149 -12.291 -12.43 -12.069 -12.171 -12.293 -12.435 -12.576 -12.724 -12.166 -12.339 -12.51 -12.631 -12.742 -12.402 -12.545 -12.665 -12.764 -12.932 -12.954 -13.123 -13.313
0.0758 -11.928 -11.879 -11.953 -12.146 -12.289 -12.428 -12.067 -12.169 -12.291 -12.433 -12.573 -12.722 -12.164 -12.336 -12.508 -12.629 -12.739 -12.4 -12.543 -12.662 -12.761 -12.93 -12.951 -13.121 -13.311
0.0777 -11.926 -11.876 -11.951 -12.144 -12.286 -12.426 -12.065 -12.166 -12.289 -12.431 -12.571 -12.72 -12.161 -12.334 -12.506 -12.627 -12.737 -12.398 -12.54 -12.66 -12.759 -12.927 -12.949 -13.118 -13.309
0.0795 -11.923 -11.874 -11.949 -12.142 -12.284 -12.423 -12.063 -12.164 -12.287 -12.429 -12.569 -12.718 -12.159 -12.332 -12.504 -12.624 -12.735 -12.396 -12.538 -12.658 -12.757 -12.925 -12.947 -13.116 -13.307
0.0815 -11.921 -11.872 -11.947 -12.14 -12.282 -12.421 -12.06 -12.162 -12.284 -12.426 -12.567 -12.715 -12.157 -12.33 -12.501 -12.622 -12.733 -12.393 -12.536 -12.656 -12.755 -12.923 -12.945 -13.114 -13.304
0.0834 -11.908 -11.858 -11.933 -12.126 -12.269 -12.408 -12.047 -12.149 -12.271 -12.413 -12.553 -12.702 -12.144 -12.316 -12.488 -12.609 -12.719 -12.38 -12.522 -12.642 -12.741 -12.91 -12.931 -13.101 -13.291
0.0854 -11.893 -11.844 -11.919 -12.112 -12.254 -12.393 -12.033 -12.134 -12.257 -12.398 -12.539 -12.688 -12.129 -12.302 -12.474 -12.594 -12.705 -12.366 -12.508 -12.628 -12.727 -12.895 -12.917 -13.086 -13.277
0.0875 -11.879 -11.83 -11.904 -12.097 -12.24 -12.379 -12.018 -12.12 -12.242 -12.384 -12.525 -12.673 -12.115 -12.287 -12.459 -12.58 -12.691 -12.351 -12.494 -12.614 -12.713 -12.881 -12.903 -13.072 -13.262
0.0896 -11.865 -11.815 -11.89 -12.083 -12.225 -12.365 -12.004 -12.105 -12.228 -12.37 -12.51 -12.659 -12.1 -12.273 -12.445 -12.566 -12.676 -12.337 -12.479 -12.599 -12.698 -12.866 -12.888 -13.057 -13.248
0.0918 -11.85 -11.801 -11.876 -12.069 -12.211 -12.35 -11.989 -12.091 -12.214 -12.355 -12.496 -12.644 -12.086 -12.259 -12.43 -12.551 -12.662 -12.322 -12.465 -12.585 -12.684 -12.852 -12.874 -13.043 -13.233
0.094 -11.836 -11.787 -11.861 -12.054 -12.197 -12.336 -11.975 -12.077 -12.199 -12.341 -12.482 -12.63 -12.072 -12.244 -12.416 -12.537 -12.647 -12.308 -12.451 -12.57 -12.669 -12.838 -12.859 -13.029 -13.219
0.0963 -11.822 -11.772 -11.847 -12.04 -12.182 -12.322 -11.961 -12.062 -12.185 -12.327 -12.467 -12.616 -12.057 -12.23 -12.402 -12.522 -12.633 -12.294 -12.436 -12.556 -12.655 -12.823 -12.845 -13.014 -13.205
0.0986 -11.807 -11.758 -11.833 -12.026 -12.168 -12.307 -11.946 -12.048 -12.17 -12.312 -12.453 -12.601 -12.043 -12.216 -12.387 -12.508 -12.619 -12.279 -12.422 -12.542 -12.641 -12.809 -12.831 -13.0 -13.19
0.101 -11.793 -11.743 -11.818 -12.011 -12.154 -12.293 -11.932 -12.034 -12.156 -12.298 -12.438 -12.587 -12.029 -12.201 -12.373 -12.494 -12.604 -12.265 -12.408 -12.527 -12.626 -12.795 -12.816 -12.986 -13.176
0.1034 -11.779 -11.73 -11.805 -11.998 -12.14 -12.279 -11.918 -12.02 -12.142 -12.284 -12.425 -12.573 -12.015 -12.188 -12.359 -12.48 -12.591 -12.251 -12.394 -12.514 -12.613 -12.781 -12.803 -12.972 -13.162
0.1059 -11.776 -11.726 -11.801 -11.994 -12.137 -12.276 -11.915 -12.017 -12.139 -12.281 -12.421 -12.57 -12.012 -12.184 -12.356 -12.477 -12.587 -12.248 -12.39 -12.51 -12.609 -12.778 -12.799 -12.969 -13.159
0.1084 -11.772 -11.723 -11.798 -11.991 -12.133 -12.272 -11.912 -12.013 -12.136 -12.277 -12.418 -12.567 -12.008 -12.181 -12.353 -12.473 -12.584 -12.244 -12.387 -12.507 -12.606 -12.774 -12.796 -12.965 -13.156
0.1111 -11.769 -11.72 -11.794 -11.987 -12.13 -12.269 -11.908 -12.01 -12.132 -12.274 -12.415 -12.563 -12.005 -12.177 -12.349 -12.47 -12.581 -12.241 -12.384 -12.503 -12.603 -12.771 -12.792 -12.962 -13.152
0.1137 -11.766 -11.716 -11.791 -11.984 -12.126 -12.266 -11.905 -12.006 -12.129 -12.271 -12.411 -12.56 -12.001 -12.174 -12.346 -12.467 -12.577 -12.238 -12.38 -12.5 -12.599 -12.767 -12.789 -12.958 -13.149
0.1165 -11.762 -11.713 -11.788 -11.981 -12.123 -12.262 -11.901 -12.003 -12.125 -12.267 -12.408 -12.556 -11.998 -12.171 -12.342 -12.463 -12.574 -12.234 -12.377 -12.497 -12.596 -12.764 -12.786 -12.955 -13.145
0.1193 -11.759 -11.709 -11.784 -11.977 -12.12 -12.259 -11.898 -12.0 -12.122 -12.264 -12.404 -12.553 -11.995 -12.167 -12.339 -12.46 -12.57 -12.231 -12.373 -12.493 -12.592 -12.761 -12.782 -12.952 -13.142
0.1222 -11.755 -11.706 -11.781 -11.974 -12.116 -12.255 -11.895 -11.996 -12.119 -12.261 -12.401 -12.55 -11.991 -12.164 -12.336 -12.456 -12.567 -12.228 -12.37 -12.49 -12.589 -12.757 -12.779 -12.948 -13.139
0.1251 -11.752 -11.703 -11.777 -11.97 -12.113 -12.252 -11.891 -11.993 -12.115 -12.257 -12.398 -12.546 -11.988 -12.16 -12.332 -12.453 -12.564 -12.224 -12.367 -12.487 -12.586 -12.754 -12.776 -12.945 -13.135
0.1281 -11.749 -11.699 -11.774 -11.967 -12.109 -12.249 -11.888 -11.989 -12.112 -12.254 -12.394 -12.543 -11.984 -12.157 -12.329 -12.45 -12.56 -12.221 -12.363 -12.483 -12.582 -12.75 -12.772 -12.941 -13.132
0.1312 -11.746 -11.697 -11.771 -11.964 -12.107 -12.246 -11.885 -11.987 -12.109 -12.251 -12.392 -12.54 -11.982 -12.154 -12.326 -12.447 -12.558 -12.218 -12.361 -12.481 -12.58 -12.748 -12.77 -12.939 -13.129
0.1344 -11.746 -11.697 -11.772 -11.965 -12.107 -12.246 -11.885 -11.987 -12.11 -12.251 -12.392 -12.54 -11.982 -12.155 -12.326 -12.447 -12.558 -12.218 -12.361 -12.481 -12.58 -12.748 -12.77 -12.939 -13.129
0.1376 -11.747 -11.697 -11.772 -11.965 -12.107 -12.247 -11.886 -11.987 -12.11 -12.252 -12.392 -12.541 -11.982 -12.155 -12.327 -12.447 -12.558 -12.219 -12.361 -12.481 -12.58 -12.748 -12.77 -12.939 -13.13
0.141 -11.747 -11.697 -11.772 -11.965 -12.108 -12.247 -11.886 -11.988 -12.11 -12.252 -12.392 -12.541 -11.983 -12.155 -12.327 -12.448 -12.558 -12.219 -12.362 -12.481 -12.58 -12.749 -12.77 -12.94 -13.13
0.1444 -11.747 -11.698 -11.773 -11.966 -12.108 -12.247 -11.886 -11.988 -12.11 -12.252 -12.393 -12.541 -11.983 -12.155 -12.327 -12.448 -12.559 -12.219 -12.362 -12.482 -12.581 -12.749 -12.771 -12.94 -13.13
0.1478 -11.747 -11.698 -11.773 -11.966 -12.108 -12.247 -11.887 -11.988 -12.111 -12.253 -12.393 -12.542 -11.983 -12.156 -12.328 -12.448 -12.559 -12.22 -12.362 -12.482 -12.581 -12.749 -12.771 -12.94 -13.131
0.1514 -11.748 -11.698 -11.773 -11.966 -12.109 -12.248 -11.887 -11.989 -12.111 -12.253 -12.393 -12.542 -11.983 -12.156 -12.328 -12.449 -12.559 -12.22 -12.362 -12.482 -12.581 -12.75 -12.771 -12.941 -13.131
0.1551 -11.748 -11.699 -11.773 -11.966 -12.109 -12.248 -11.887 -11.989 -12.111 -12.253 -12.394 -12.542 -11.984 -12.156 -12.328 -12.449 -12.56 -12.22 -12.363 -12.482 -12.582 -12.75 -12.771 -12.941 -13.131
0.1588 -11.748 -11.699 -11.774 -11.967 -12.109 -12.248 -11.887 -11.989 -12.112 -12.253 -12.394 -12.542 -11.984 -12.157 -12.328 -12.449 -12.56 -12.22 -12.363 -12.483 -12.582 -12.75 -12.772 -12.941 -13.131
0.1626 -11.749 -11.699 -11.774 -11.967 -12.109 -12.249 -11.888 -11.989 -12.112 -12.254 -12.394 -12.543 -11.984 -12.157 -12.329 -12.449 -12.56 -12.221 -12.363 -12.483 -12.582 -12.75 -12.772 -12.941 -13.132
0.1666 -11.745 -11.695 -11.77 -11.963 -12.105 -12.244 -11.884 -11.985 -12.108 -12.25 -12.39 -12.539 -11.98 -12.153 -12.325 -12.445 -12.556 -12.217 -12.359 -12.479 -12.578 -12.746 -12.768 -12.937 -13.128
0.1706 -11.732 -11.683 -11.758 -11.951 -12.093 -12.232 -11.872 -11.973 -12.096 -12.238 -12.378 -12.527 -11.968 -12.141 -12.313 -12.433 -12.544 -12.205 -12.347 -12.467 -12.566 -12.734 -12.756 -12.925 -13.116
0.1747 -11.72 -11.671 -11.746 -11.939 -12.081 -12.22 -11.859 -11.961 -12.084 -12.225 -12.366 -12.514 -11.956 -12.129 -12.301 -12.421 -12.532 -12.192 -12.335 -12.455 -12.554 -12.722 -12.744 -12.913 -13.104
0.1789 -11.708 -11.659 -11.734 -11.927 -12.069 -12.208 -11.847 -11.949 -12.071 -12.213 -12.354 -12.502 -11.944 -12.117 -12.288 -12.409 -12.52 -12.18 -12.323 -12.443 -12.542 -12.71 -12.732 -12.901 -13.091
0.1832 -11.696 -11.647 -11.722 -11.915 -12.057 -12.196 -11.835 -11.937 -12.059 -12.201 -12.342 -12.49 -11.932 -12.105 -12.276 -12.397 -12.508 -12.168 -12.311 -12.431 -12.53 -12.698 -12.72 -12.889 -13.079
0.1876 -11.684 -11.635 -11.71 -11.903 -12.045 -12.184 -11.823 -11.925 -12.047 -12.189 -12.33 -12.478 -11.92 -12.092 -12.264 -12.385 -12.496 -12.156 -12.299 -12.419 -12.518 -12.686 -12.708 -12.877 -13.067
0.1922 -11.672 -11.623 -11.697 -11.89 -12.033 -12.172 -11.811 -11.913 -12.035 -12.177 -12.318 -12.466 -11.908 -12.08 -12.252 -12.373 -12.484 -12.144 -12.287 -12.407 -12.506 -12.674 -12.696 -12.865 -13.055
0.1968 -11.66 -11.611 -11.685 -11.878 -12.021 -12.16 -11.799 -11.901 -12.023 -12.165 -12.306 -12.454 -11.896 -12.068 -12.24 -12.361 -12.471 -12.132 -12.275 -12.394 -12.493 -12.662 -12.683 -12.853 -13.043
0.2015 -11.648 -11.598 -11.673 -11.866 -12.009 -12.148 -11.787 -11.889 -12.011 -12.153 -12.293 -12.442 -11.884 -12.056 -12.228 -12.349 -12.459 -12.12 -12.263 -12.382 -12.481 -12.65 -12.671 -12.841 -13.031
0.2064 -11.636 -11.586 -11.661 -11.854 -11.997 -12.136 -11.775 -11.877 -11.999 -12.141 -12.281 -12.43 -11.872 -12.044 -12.216 -12.337 -12.447 -12.108 -12.25 -12.37 -12.469 -12.638 -12.659 -12.829 -13.019
0.2114 -11.62 -11.571 -11.646 -11.839 -11.981 -12.12 -11.759 -11.861 -11.984 -12.125 -12.266 -12.414 -11.856 -12.029 -12.201 -12.321 -12.432 -12.092 -12.235 -12.355 -12.454 -12.622 -12.644 -12.813 -13.003
0.2165 -11.601 -11.552 -11.627 -11.82 -11.962 -12.101 -11.741 -11.842 -11.965 -12.106 -12.247 -12.396 -11.837 -12.01 -12.182 -12.302 -12.413 -12.073 -12.216 -12.336 -12.435 -12.603 -12.625 -12.794 -12.985
0.2217 -11.583 -11.533 -11.608 -11.801 -11.943 -12.082 -11.722 -11.823 -11.946 -12.088 -12.228 -12.377 -11.818 -11.991 -12.163 -12.283 -12.394 -12.055 -12.197 -12.317 -12.416 -12.584 -12.606 -12.775 -12.966
0.2271 -11.564 -11.514 -11.589 -11.782 -11.924 -12.063 -11.703 -11.804 -11.927 -12.069 -12.209 -12.358 -11.799 -11.972 -12.144 -12.264 -12.375 -12.036 -12.178 -12.298 -12.397 -12.565 -12.587 -12.756 -12.947
0.2325 -11.545 -11.495 -11.57 -11.763 -11.905 -12.045 -11.684 -11.785 -11.908 -12.05 -12.19 -12.339 -11.78 -11.953 -12.125 -12.246 -12.356 -12.017 -12.159 -12.279 -12.378 -12.546 -12.568 -12.737 -12.928
0.2381 -11.526 -11.476 -11.551 -11.744 -11.887 -12.026 -11.665 -11.767 -11.889 -12.031 -12.171 -12.32 -11.761 -11.934 -12.106 -12.227 -12.337 -11.998 -12.14 -12.26 -12.359 -12.527 -12.549 -12.719 -12.909
0.2439 -11.507 -11.457 -11.532 -11.725 -11.868 -12.007 -11.646 -11.748 -11.87 -12.012 -12.152 -12.301 -11.743 -11.915 -12.087 -12.208 -12.318 -11.979 -12.121 -12.241 -12.34 -12.509 -12.53 -12.7 -12.89
0.2498 -11.488 -11.438 -11.513 -11.706 -11.849 -11.988 -11.627 -11.729 -11.851 -11.993 -12.133 -12.282 -11.724 -11.896 -12.068 -12.189 -12.299 -11.96 -12.103 -12.222 -12.321 -12.49 -12.511 -12.681 -12.871
0.2558 -11.469 -11.42 -11.494 -11.687 -11.83 -11.969 -11.608 -11.71 -11.832 -11.974 -12.115 -12.263 -11.705 -11.877 -12.049 -12.17 -12.28 -11.941 -12.084 -12.203 -12.302 -12.471 -12.492 -12.662 -12.852
0.262 -11.45 -11.401 -11.475 -11.668 -11.811 -11.95 -11.589 -11.691 -11.813 -11.955 -12.096 -12.244 -11.686 -11.858 -12.03 -12.151 -12.262 -11.922 -12.065 -12.185 -12.284 -12.452 -12.474 -12.643 -12.833
0.2683 -11.43 -11.38 -11.455 -11.648 -11.791 -11.93 -11.569 -11.671 -11.793 -11.935 -12.075 -12.224 -11.666 -11.838 -12.01 -12.131 -12.241 -11.902 -12.045 -12.164 -12.263 -12.432 -12.453 -12.623 -12.813
0.2748 -11.409 -11.36 -11.434 -11.627 -11.77 -11.909 -11.548 -11.65 -11.772 -11.914 -12.055 -12.203 -11.645 -11.817 -11.989 -12.11 -12.22 -11.881 -12.024 -12.143 -12.242 -12.411 -12.432 -12.602 -12.792
0.2814 -11.388 -11.339 -11.413 -11.606 -11.749 -11.888 -11.527 -11.629 -11.751 -11.893 -12.034 -12.182 -11.624 -11.796 -11.968 -12.089 -12.2 -11.86 -12.003 -12.123 -12.222 -12.39 -12.412 -12.581 -12.771
0.2882 -11.367 -11.318 -11.393 -11.586 -11.728 -11.867 -11.506 -11.608 -11.73 -11.872 -12.013 -12.161 -11.603 -11.775 -11.947 -12.068 -12.179 -11.839 -11.982 -12.102 -12.201 -12.369 -12.391 -12.56 -12.75
0.2951 -11.346 -11.297 -11.372 -11.565 -11.707 -11.846 -11.485 -11.587 -11.709 -11.851 -11.992 -12.14 -11.582 -11.755 -11.926 -12.047 -12.158 -11.818 -11.961 -12.081 -12.18 -12.348 -12.37 -12.539 -12.729
0.3022 -11.325 -11.276 -11.351 -11.544 -11.686 -11.825 -11.464 -11.566 -11.689 -11.83 -11.971 -12.119 -11.561 -11.734 -11.906 -12.026 -12.137 -11.797 -11.94 -12.06 -12.159 -12.327 -12.349 -12.518 -12.708
0.3095 -11.304 -11.255 -11.33 -11.523 -11.665 -11.804 -11.444 -11.545 -11.668 -11.809 -11.95 -12.099 -11.54 -11.713 -11.885 -12.005 -12.116 -11.777 -11.919 -12.039 -12.138 -12.306 -12.328 -12.497 -12.688
0.317 -11.284 -11.234 -11.309 -11.502 -11.644 -11.783 -11.423 -11.524 -11.647 -11.789 -11.929 -12.078 -11.519 -11.692 -11.864 -11.984 -12.095 -11.756 -11.898 -12.018 -12.117 -12.285 -12.307 -12.476 -12.667
0.3247 -11.263 -11.213 -11.288 -11.481 -11.623 -11.763 -11.402 -11.503 -11.626 -11.768 -11.908 -12.057 -11.498 -11.671 -11.843 -11.963 -12.074 -11.735 -11.877 -11.997 -12.096 -12.264 -12.286 -12.455 -12.646
0.3325 -11.242 -11.192 -11.267 -11.46 -11.602 -11.742 -11.381 -11.482 -11.605 -11.747 -11.887 -12.036 -11.477 -11.65 -11.822 -11.943 -12.053 -11.714 -11.856 -11.976 -12.075 -12.243 -12.265 -12.434 -12.625
0.3405 -11.214 -11.164 -11.239 -11.432 -11.574 -11.714 -11.353 -11.454 -11.577 -11.719 -11.859 -12.008 -11.449 -11.622 -11.794 -11.915 -12.025 -11.686 -11.828 -11.948 -12.047 -12.215 -12.237 -12.406 -12.597
0.3487 -11.184 -11.134 -11.209 -11.402 -11.544 -11.683 -11.323 -11.424 -11.547 -11.689 -11.829 -11.978 -11.419 -11.592 -11.764 -11.884 -11.995 -11.656 -11.798 -11.918 -12.017 -12.185 -12.207 -12.376 -12.567
0.3571 -11.154 -11.104 -11.179 -11.372 -11.514 -11.653 -11.293 -11.394 -11.517 -11.659 -11.799 -11.948 -11.389 -11.562 -11.734 -11.854 -11.965 -11.626 -11.768 -11.888 -11.987 -12.155 -12.177 -12.346 -12.537
0.3657 -11.123 -11.074 -11.149 -11.342 -11.484 -11.623 -11.263 -11.364 -11.487 -11.628 -11.769 -11.918 -11.359 -11.532 -11.704 -11.824 -11.935 -11.595 -11.738 -11.858 -11.957 -12.125 -12.147 -12.316 -12.507
0.3746 -11.093 -11.044 -11.119 -11.312 -11.454 -11.593 -11.232 -11.334 -11.457 -11.598 -11.739 -11.887 -11.329 -11.502 -11.674 -11.794 -11.905 -11.565 -11.708 -11.828 -11.927 -12.095 -12.117 -12.286 -12.476
0.3836 -11.063 -11.014 -11.089 -11.282 -11.424 -11.563 -11.202 -11.304 -11.426 -11.568 -11.709 -11.857 -11.299 -11.472 -11.643 -11.764 -11.875 -11.535 -11.678 -11.798 -11.897 -12.065 -12.087 -12.256 -12.446
0.3929 -11.033 -10.984 -11.059 -11.252 -11.394 -11.533 -11.172 -11.274 -11.396 -11.538 -11.679 -11.827 -11.269 -11.442 -11.613 -11.734 -11.845 -11.505 -11.648 -11.768 -11.867 -12.035 -12.057 -12.226 -12.416
0.4023 -11.003 -10.954 -11.029 -11.221 -11.364 -11.503 -11.142 -11.244 -11.366 -11.508 -11.649 -11.797 -11.239 -11.411 -11.583 -11.704 -11.815 -11.475 -11.618 -11.738 -11.837 -12.005 -12.027 -12.196 -12.386
