web/models/grb/onaxis/21/grb_0.0000_517.9475_0.2511886.dat
# %ECSV 1.0
# ---
# datatype:
# - {name: time, datatype: float64}
# - {name: swift_uvot_uvw2, datatype: float64}
# - {name: swift_uvot_uvm2, datatype: float64}
# - {name: swift_uvot_uvw1, datatype: float64}
# - {name: swift_uvot_U, datatype: float64}
# - {name: swift_uvot_B, datatype: float64}
# - {name: swift_uvot_V, datatype: float64}
# - {name: swift_uvot_W, datatype: float64}
# - {name: johnson_U, datatype: float64}
# - {name: johnson_B, datatype: float64}
# - {name: johnson_V, datatype: float64}
# - {name: johnson_R, datatype: float64}
# - {name: johnson_I, datatype: float64}
# - {name: sdss_u, datatype: float64}
# - {name: sdss_g, datatype: float64}
# - {name: sdss_r, datatype: float64}
# - {name: sdss_i, datatype: float64}
# - {name: sdss_z, datatype: float64}
# - {name: PS1_g, datatype: float64}
# - {name: PS1_r, datatype: float64}
# - {name: PS1_i, datatype: float64}
# - {name: PS1_z, datatype: float64}
# - {name: PS1_Y, datatype: float64}
# - {name: ukirt_J, datatype: float64}
# - {name: ukirt_H, datatype: float64}
# - {name: ukirt_K, datatype: float64}
# meta: !!omap
# - comment: [E = 0.22477106672309027, Eta0 = 8.02, GammaB = 12.0, dL = 0.012188, epsb = 6.760829753919819e-06, epse = 0.1, n = 0.25118864315095824,
#     p = 2.15, theta_obs = 0.0, xiN = 1.0, z = 0.0, type = grb, E_kiso = 517.9474679231213]
# schema: astropy-2.0
time swift_uvot_uvw2 swift_uvot_uvm2 swift_uvot_uvw1 swift_uvot_U swift_uvot_B swift_uvot_V swift_uvot_W johnson_U johnson_B johnson_V johnson_R johnson_I sdss_u sdss_g sdss_r sdss_i sdss_z PS1_g PS1_r PS1_i PS1_z PS1_Y ukirt_J ukirt_H ukirt_K
[from data line 157]
0.422 -13.518 -13.469 -13.544 -13.737 -13.879 -14.018 -13.658 -13.759 -13.882 -14.023 -14.164 -14.313 -13.754 -13.927 -14.099 -14.219 -14.33 -13.99 -14.133 -14.253 -14.352 -14.52 -14.542 -14.711 -14.902
0.4322 -13.48 -13.431 -13.506 -13.699 -13.841 -13.98 -13.619 -13.721 -13.844 -13.985 -14.126 -14.275 -13.716 -13.889 -14.061 -14.181 -14.292 -13.952 -14.095 -14.215 -14.314 -14.482 -14.504 -14.673 -14.864
0.4426 -13.442 -13.393 -13.468 -13.661 -13.803 -13.942 -13.581 -13.683 -13.806 -13.947 -14.088 -14.236 -13.678 -13.851 -14.023 -14.143 -14.254 -13.914 -14.057 -14.177 -14.276 -14.444 -14.466 -14.635 -14.825
0.4533 -13.404 -13.355 -13.43 -13.623 -13.765 -13.904 -13.543 -13.645 -13.768 -13.909 -14.05 -14.198 -13.64 -13.813 -13.985 -14.105 -14.216 -13.876 -14.019 -14.139 -14.238 -14.406 -14.428 -14.597 -14.787
0.4642 -13.366 -13.317 -13.392 -13.585 -13.727 -13.866 -13.505 -13.607 -13.73 -13.871 -14.012 -14.16 -13.602 -13.775 -13.946 -14.067 -14.178 -13.838 -13.981 -14.101 -14.2 -14.368 -14.39 -14.559 -14.749
0.4754 -13.328 -13.279 -13.354 -13.547 -13.689 -13.828 -13.467 -13.569 -13.691 -13.833 -13.974 -14.122 -13.564 -13.737 -13.908 -14.029 -14.14 -13.8 -13.943 -14.063 -14.162 -14.33 -14.352 -14.521 -14.711
0.4869 -13.29 -13.241 -13.316 -13.509 -13.651 -13.79 -13.429 -13.531 -13.653 -13.795 -13.936 -14.084 -13.526 -13.699 -13.87 -13.991 -14.102 -13.762 -13.905 -14.025 -14.124 -14.292 -14.314 -14.483 -14.673
0.4986 -13.252 -13.203 -13.278 -13.471 -13.613 -13.752 -13.391 -13.493 -13.615 -13.757 -13.898 -14.046 -13.488 -13.661 -13.832 -13.953 -14.064 -13.724 -13.867 -13.987 -14.086 -14.254 -14.276 -14.445 -14.635
0.5106 -13.214 -13.165 -13.24 -13.433 -13.575 -13.714 -13.353 -13.455 -13.577 -13.719 -13.86 -14.008 -13.45 -13.623 -13.794 -13.915 -14.026 -13.686 -13.829 -13.949 -14.048 -14.216 -14.238 -14.407 -14.597
0.523 -13.176 -13.127 -13.202 -13.395 -13.537 -13.676 -13.315 -13.417 -13.539 -13.681 -13.822 -13.97 -13.412 -13.585 -13.756 -13.877 -13.988 -13.648 -13.791 -13.911 -14.01 -14.178 -14.2 -14.369 -14.559
0.5356 -13.136 -13.087 -13.162 -13.355 -13.497 -13.636 -13.276 -13.377 -13.5 -13.641 -13.782 -13.931 -13.372 -13.545 -13.717 -13.837 -13.948 -13.608 -13.751 -13.871 -13.97 -14.138 -14.16 -14.329 -14.52
0.5485 -13.097 -13.047 -13.122 -13.315 -13.457 -13.597 -13.236 -13.337 -13.46 -13.602 -13.742 -13.891 -13.332 -13.505 -13.677 -13.797 -13.908 -13.569 -13.711 -13.831 -13.93 -14.098 -14.12 -14.289 -14.48
0.5617 -13.057 -13.007 -13.082 -13.275 -13.418 -13.557 -13.196 -13.298 -13.42 -13.562 -13.702 -13.851 -13.293 -13.465 -13.637 -13.758 -13.868 -13.529 -13.671 -13.791 -13.89 -14.059 -14.08 -14.25 -14.44
0.5753 -13.017 -12.968 -13.042 -13.235 -13.378 -13.517 -13.156 -13.258 -13.38 -13.522 -13.663 -13.811 -13.253 -13.425 -13.597 -13.718 -13.828 -13.489 -13.632 -13.751 -13.85 -14.019 -14.04 -14.21 -14.4
0.5891 -12.977 -12.928 -13.003 -13.196 -13.338 -13.477 -13.116 -13.218 -13.34 -13.482 -13.623 -13.771 -13.213 -13.385 -13.557 -13.678 -13.789 -13.449 -13.592 -13.712 -13.811 -13.979 -14.001 -14.17 -14.36
0.6034 -12.937 -12.888 -12.963 -13.156 -13.298 -13.437 -13.076 -13.178 -13.301 -13.442 -13.583 -13.731 -13.173 -13.346 -13.518 -13.638 -13.749 -13.409 -13.552 -13.672 -13.771 -13.939 -13.961 -14.13 -14.32
0.6179 -12.898 -12.848 -12.923 -13.116 -13.258 -13.397 -13.037 -13.138 -13.261 -13.403 -13.543 -13.692 -13.133 -13.306 -13.478 -13.598 -13.709 -13.37 -13.512 -13.632 -13.731 -13.899 -13.921 -14.09 -14.281
0.6328 -12.858 -12.808 -12.883 -13.076 -13.219 -13.358 -12.997 -13.098 -13.221 -13.363 -13.503 -13.652 -13.093 -13.266 -13.438 -13.559 -13.669 -13.33 -13.472 -13.592 -13.691 -13.859 -13.881 -14.051 -14.241
0.6481 -12.818 -12.768 -12.843 -13.036 -13.179 -13.318 -12.957 -13.059 -13.181 -13.323 -13.463 -13.612 -13.054 -13.226 -13.398 -13.519 -13.629 -13.29 -13.433 -13.552 -13.651 -13.82 -13.841 -14.011 -14.201
0.6637 -12.777 -12.727 -12.802 -12.995 -13.138 -13.277 -12.916 -13.018 -13.14 -13.282 -13.422 -13.571 -13.013 -13.185 -13.357 -13.478 -13.588 -13.249 -13.391 -13.511 -13.61 -13.779 -13.8 -13.97 -14.16
0.6797 -12.727 -12.678 -12.753 -12.946 -13.088 -13.227 -12.867 -12.968 -13.091 -13.232 -13.373 -13.522 -12.963 -13.136 -13.308 -13.428 -13.539 -13.199 -13.342 -13.462 -13.561 -13.729 -13.751 -13.92 -14.111
0.6961 -12.678 -12.629 -12.703 -12.896 -13.039 -13.178 -12.817 -12.919 -13.041 -13.183 -13.324 -13.472 -12.914 -13.086 -13.258 -13.379 -13.489 -13.15 -13.293 -13.412 -13.511 -13.68 -13.701 -13.871 -14.061
0.7129 -12.629 -12.579 -12.654 -12.847 -12.989 -13.128 -12.768 -12.869 -12.992 -13.134 -13.274 -13.423 -12.864 -13.037 -13.209 -13.329 -13.44 -13.101 -13.243 -13.363 -13.462 -13.63 -13.652 -13.821 -14.012
0.7301 -12.579 -12.53 -12.605 -12.798 -12.94 -13.079 -12.718 -12.82 -12.942 -13.084 -13.225 -13.373 -12.815 -12.987 -13.159 -13.28 -13.391 -13.051 -13.194 -13.314 -13.413 -13.581 -13.603 -13.772 -13.962
0.7477 -12.53 -12.48 -12.555 -12.748 -12.89 -13.03 -12.669 -12.77 -12.893 -13.035 -13.175 -13.324 -12.765 -12.938 -13.11 -13.231 -13.341 -13.002 -13.144 -13.264 -13.363 -13.531 -13.553 -13.722 -13.913
0.7658 -12.48 -12.431 -12.506 -12.699 -12.841 -12.98 -12.619 -12.721 -12.843 -12.985 -13.126 -13.274 -12.716 -12.889 -13.06 -13.181 -13.292 -12.952 -13.095 -13.215 -13.314 -13.482 -13.504 -13.673 -13.863
0.7842 -12.431 -12.381 -12.456 -12.649 -12.792 -12.931 -12.57 -12.672 -12.794 -12.936 -13.076 -13.225 -12.667 -12.839 -13.011 -13.132 -13.242 -12.903 -13.045 -13.165 -13.264 -13.433 -13.454 -13.624 -13.814
0.8032 -12.381 -12.332 -12.407 -12.6 -12.742 -12.881 -12.52 -12.622 -12.745 -12.886 -13.027 -13.176 -12.617 -12.79 -12.962 -13.082 -13.193 -12.853 -12.996 -13.116 -13.215 -13.383 -13.405 -13.574 -13.765
0.8225 -12.332 -12.283 -12.357 -12.55 -12.693 -12.832 -12.471 -12.573 -12.695 -12.837 -12.977 -13.126 -12.568 -12.74 -12.912 -13.033 -13.143 -12.804 -12.947 -13.066 -13.165 -13.334 -13.355 -13.525 -13.715
0.8424 -12.281 -12.231 -12.306 -12.499 -12.641 -12.78 -12.42 -12.521 -12.644 -12.786 -12.926 -13.075 -12.516 -12.689 -12.861 -12.981 -13.092 -12.753 -12.895 -13.015 -13.114 -13.282 -13.304 -13.473 -13.664
0.8627 -12.224 -12.174 -12.249 -12.442 -12.585 -12.724 -12.363 -12.465 -12.587 -12.729 -12.869 -13.018 -12.46 -12.632 -12.804 -12.925 -13.035 -12.696 -12.838 -12.958 -13.057 -13.226 -13.247 -13.417 -13.607
0.8835 -12.167 -12.118 -12.192 -12.385 -12.528 -12.667 -12.306 -12.408 -12.53 -12.672 -12.813 -12.961 -12.403 -12.575 -12.747 -12.868 -12.979 -12.639 -12.782 -12.902 -13.001 -13.169 -13.19 -13.36 -13.55
0.9048 -12.11 -12.061 -12.136 -12.329 -12.471 -12.61 -12.249 -12.351 -12.473 -12.615 -12.756 -12.904 -12.346 -12.519 -12.69 -12.811 -12.922 -12.582 -12.725 -12.845 -12.944 -13.112 -13.134 -13.303 -13.493
0.9266 -12.054 -12.004 -12.079 -12.272 -12.414 -12.553 -12.193 -12.294 -12.417 -12.559 -12.699 -12.848 -12.289 -12.462 -12.634 -12.754 -12.865 -12.526 -12.668 -12.788 -12.887 -13.055 -13.077 -13.246 -13.437
0.949 -11.997 -11.947 -12.022 -12.215 -12.358 -12.497 -12.136 -12.238 -12.36 -12.502 -12.642 -12.791 -12.233 -12.405 -12.577 -12.698 -12.808 -12.469 -12.611 -12.731 -12.83 -12.999 -13.02 -13.19 -13.38
0.9719 -11.94 -11.891 -11.965 -12.158 -12.301 -12.44 -12.079 -12.181 -12.303 -12.445 -12.586 -12.734 -12.176 -12.348 -12.52 -12.641 -12.752 -12.412 -12.555 -12.675 -12.774 -12.942 -12.964 -13.133 -13.323
0.9953 -11.883 -11.834 -11.909 -12.102 -12.244 -12.383 -12.022 -12.124 -12.247 -12.388 -12.529 -12.677 -12.119 -12.292 -12.463 -12.584 -12.695 -12.355 -12.498 -12.618 -12.717 -12.885 -12.907 -13.076 -13.266
1.0194 -11.827 -11.777 -11.852 -12.045 -12.187 -12.326 -11.966 -12.067 -12.19 -12.332 -12.472 -12.621 -12.062 -12.235 -12.407 -12.527 -12.638 -12.299 -12.441 -12.561 -12.66 -12.828 -12.85 -13.019 -13.21
1.0439 -11.77 -11.72 -11.795 -11.988 -12.131 -12.27 -11.909 -12.011 -12.133 -12.275 -12.415 -12.564 -12.006 -12.178 -12.35 -12.471 -12.581 -12.242 -12.384 -12.504 -12.603 -12.772 -12.793 -12.963 -13.153
1.0691 -11.714 -11.665 -11.74 -11.933 -12.075 -12.214 -11.853 -11.955 -12.077 -12.219 -12.36 -12.508 -11.95 -12.123 -12.294 -12.415 -12.526 -12.186 -12.329 -12.449 -12.548 -12.716 -12.738 -12.907 -13.097
1.0949 -11.66 -11.611 -11.686 -11.879 -12.021 -12.16 -11.799 -11.901 -12.023 -12.165 -12.306 -12.454 -11.896 -12.068 -12.24 -12.361 -12.472 -12.132 -12.275 -12.395 -12.494 -12.662 -12.684 -12.853 -13.043
1.1213 -11.606 -11.557 -11.632 -11.824 -11.967 -12.106 -11.745 -11.847 -11.969 -12.111 -12.252 -12.4 -11.842 -12.014 -12.186 -12.307 -12.418 -12.078 -12.221 -12.341 -12.44 -12.608 -12.63 -12.799 -12.989
1.1484 -11.552 -11.503 -11.577 -11.77 -11.913 -12.052 -11.691 -11.793 -11.915 -12.057 -12.198 -12.346 -11.788 -11.96 -12.132 -12.253 -12.364 -12.024 -12.167 -12.287 -12.386 -12.554 -12.576 -12.745 -12.935
1.1761 -11.498 -11.449 -11.523 -11.716 -11.859 -11.998 -11.637 -11.739 -11.861 -12.003 -12.144 -12.292 -11.734 -11.906 -12.078 -12.199 -12.31 -11.97 -12.113 -12.232 -12.331 -12.5 -12.521 -12.691 -12.881
1.2044 -11.444 -11.395 -11.469 -11.662 -11.805 -11.944 -11.583 -11.685 -11.807 -11.949 -12.09 -12.238 -11.68 -11.852 -12.024 -12.145 -12.255 -11.916 -12.059 -12.178 -12.277 -12.446 -12.467 -12.637 -12.827
1.2335 -11.39 -11.34 -11.415 -11.608 -11.751 -11.89 -11.529 -11.631 -11.753 -11.895 -12.035 -12.184 -11.626 -11.798 -11.97 -12.091 -12.201 -11.862 -12.005 -12.124 -12.223 -12.392 -12.413 -12.583 -12.773
1.2633 -11.336 -11.286 -11.361 -11.554 -11.697 -11.836 -11.475 -11.577 -11.699 -11.841 -11.981 -12.13 -11.572 -11.744 -11.916 -12.037 -12.147 -11.808 -11.951 -12.07 -12.169 -12.338 -12.359 -12.529 -12.719
1.2937 -11.282 -11.232 -11.307 -11.5 -11.643 -11.782 -11.421 -11.523 -11.645 -11.787 -11.927 -12.076 -11.518 -11.69 -11.862 -11.983 -12.093 -11.754 -11.896 -12.016 -12.115 -12.284 -12.305 -12.475 -12.665
1.3249 -11.228 -11.178 -11.253 -11.446 -11.589 -11.728 -11.367 -11.469 -11.591 -11.733 -11.873 -12.022 -11.464 -11.636 -11.808 -11.929 -12.039 -11.7 -11.842 -11.962 -12.061 -12.23 -12.251 -12.421 -12.611
1.3569 -11.176 -11.126 -11.201 -11.394 -11.536 -11.675 -11.315 -11.416 -11.539 -11.681 -11.821 -11.97 -11.411 -11.584 -11.756 -11.876 -11.987 -11.648 -11.79 -11.91 -12.009 -12.177 -12.199 -12.368 -12.559
1.3896 -11.125 -11.075 -11.15 -11.343 -11.486 -11.625 -11.264 -11.366 -11.488 -11.63 -11.77 -11.919 -11.36 -11.533 -11.705 -11.826 -11.936 -11.597 -11.739 -11.859 -11.958 -12.127 -12.148 -12.318 -12.508
1.4232 -11.074 -11.025 -11.099 -11.292 -11.435 -11.574 -11.213 -11.315 -11.437 -11.579 -11.72 -11.868 -11.31 -11.482 -11.654 -11.775 -11.885 -11.546 -11.689 -11.808 -11.907 -12.076 -12.097 -12.267 -12.457
1.4575 -11.023 -10.974 -11.049 -11.242 -11.384 -11.523 -11.162 -11.264 -11.386 -11.528 -11.669 -11.817 -11.259 -11.431 -11.603 -11.724 -11.835 -11.495 -11.638 -11.758 -11.857 -12.025 -12.047 -12.216 -12.406
1.4927 -10.972 -10.923 -10.998 -11.191 -11.333 -11.472 -11.111 -11.213 -11.336 -11.477 -11.618 -11.766 -11.208 -11.381 -11.553 -11.673 -11.784 -11.444 -11.587 -11.707 -11.806 -11.974 -11.996 -12.165 -12.356
1.5287 -10.922 -10.872 -10.947 -11.14 -11.282 -11.421 -11.061 -11.162 -11.285 -11.427 -11.567 -11.716 -11.157 -11.33 -11.502 -11.622 -11.733 -11.394 -11.536 -11.656 -11.755 -11.923 -11.945 -12.114 -12.305
1.5655 -10.871 -10.821 -10.896 -11.089 -11.232 -11.371 -11.01 -11.112 -11.234 -11.376 -11.516 -11.665 -11.107 -11.279 -11.451 -11.572 -11.682 -11.343 -11.485 -11.605 -11.704 -11.873 -11.894 -12.064 -12.254
1.6033 -10.82 -10.771 -10.845 -11.038 -11.181 -11.32 -10.959 -11.061 -11.183 -11.325 -11.466 -11.614 -11.056 -11.228 -11.4 -11.521 -11.631 -11.292 -11.435 -11.554 -11.653 -11.822 -11.843 -12.013 -12.203
1.642 -10.769 -10.72 -10.795 -10.988 -11.13 -11.269 -10.908 -11.01 -11.132 -11.274 -11.415 -11.563 -11.005 -11.178 -11.349 -11.47 -11.581 -11.241 -11.384 -11.504 -11.603 -11.771 -11.793 -11.962 -12.152
1.6816 -10.718 -10.669 -10.744 -10.937 -11.079 -11.218 -10.858 -10.959 -11.082 -11.223 -11.364 -11.513 -10.954 -11.127 -11.299 -11.419 -11.53 -11.19 -11.333 -11.453 -11.552 -11.72 -11.742 -11.911 -12.102
1.7222 -10.663 -10.614 -10.689 -10.882 -11.024 -11.163 -10.803 -10.904 -11.027 -11.169 -11.309 -11.458 -10.899 -11.072 -11.244 -11.364 -11.475 -11.136 -11.278 -11.398 -11.497 -11.665 -11.687 -11.856 -12.047
1.7637 -10.607 -10.557 -10.632 -10.825 -10.968 -11.107 -10.746 -10.848 -10.97 -11.112 -11.252 -11.401 -10.842 -11.015 -11.187 -11.308 -11.418 -11.079 -11.221 -11.341 -11.44 -11.608 -11.63 -11.8 -11.99
1.8062 -10.55 -10.501 -10.575 -10.768 -10.911 -11.05 -10.689 -10.791 -10.913 -11.055 -11.196 -11.344 -10.786 -10.958 -11.13 -11.251 -11.362 -11.022 -11.165 -11.284 -11.384 -11.552 -11.573 -11.743 -11.933
1.8498 -10.493 -10.444 -10.519 -10.712 -10.854 -10.993 -10.632 -10.734 -10.856 -10.998 -11.139 -11.287 -10.729 -10.902 -11.073 -11.194 -11.305 -10.965 -11.108 -11.228 -11.327 -11.495 -11.517 -11.686 -11.876
1.8944 -10.437 -10.387 -10.462 -10.655 -10.797 -10.937 -10.576 -10.677 -10.8 -10.942 -11.082 -11.231 -10.672 -10.845 -11.017 -11.137 -11.248 -10.909 -11.051 -11.171 -11.27 -11.438 -11.46 -11.629 -11.82
1.9401 -10.38 -10.33 -10.405 -10.598 -10.741 -10.88 -10.519 -10.621 -10.743 -10.885 -11.025 -11.174 -10.616 -10.788 -10.96 -11.081 -11.191 -10.852 -10.995 -11.114 -11.213 -11.382 -11.403 -11.573 -11.763
1.9869 -10.323 -10.274 -10.349 -10.542 -10.684 -10.823 -10.462 -10.564 -10.686 -10.828 -10.969 -11.117 -10.559 -10.731 -10.903 -11.024 -11.135 -10.795 -10.938 -11.058 -11.157 -11.325 -11.347 -11.516 -11.706
2.0349 -10.266 -10.217 -10.292 -10.485 -10.627 -10.766 -10.406 -10.507 -10.63 -10.772 -10.912 -11.061 -10.502 -10.675 -10.847 -10.967 -11.078 -10.739 -10.881 -11.001 -11.1 -11.268 -11.29 -11.459 -11.65
2.084 -10.21 -10.16 -10.235 -10.428 -10.571 -10.71 -10.349 -10.45 -10.573 -10.715 -10.855 -11.004 -10.445 -10.618 -10.79 -10.911 -11.021 -10.682 -10.824 -10.944 -11.043 -11.211 -11.233 -11.403 -11.593
2.1342 -10.153 -10.104 -10.178 -10.371 -10.514 -10.653 -10.292 -10.394 -10.516 -10.658 -10.799 -10.947 -10.389 -10.561 -10.733 -10.854 -10.965 -10.625 -10.768 -10.887 -10.986 -11.155 -11.176 -11.346 -11.536
2.1857 -10.095 -10.046 -10.121 -10.313 -10.456 -10.595 -10.234 -10.336 -10.458 -10.6 -10.741 -10.889 -10.331 -10.503 -10.675 -10.796 -10.907 -10.567 -10.71 -10.83 -10.929 -11.097 -11.119 -11.288 -11.478
2.2384 -10.037 -9.988 -10.062 -10.255 -10.398 -10.537 -10.176 -10.278 -10.4 -10.542 -10.683 -10.831 -10.273 -10.445 -10.617 -10.738 -10.849 -10.509 -10.652 -10.771 -10.87 -11.039 -11.06 -11.23 -11.42
2.2924 -9.979 -9.929 -10.004 -10.197 -10.34 -10.479 -10.118 -10.22 -10.342 -10.484 -10.624 -10.773 -10.215 -10.387 -10.559 -10.68 -10.79 -10.451 -10.594 -10.713 -10.812 -10.981 -11.002 -11.172 -11.362
2.3477 -9.921 -9.871 -9.946 -10.139 -10.282 -10.421 -10.06 -10.162 -10.284 -10.426 -10.566 -10.715 -10.157 -10.329 -10.501 -10.622 -10.732 -10.393 -10.535 -10.655 -10.754 -10.923 -10.944 -11.114 -11.304
2.4044 -9.863 -9.813 -9.888 -10.081 -10.223 -10.363 -10.002 -10.103 -10.226 -10.368 -10.508 -10.657 -10.098 -10.271 -10.443 -10.564 -10.674 -10.335 -10.477 -10.597 -10.696 -10.864 -10.886 -11.055 -11.246
2.4624 -9.805 -9.755 -9.83 -10.023 -10.165 -10.304 -9.944 -10.045 -10.168 -10.31 -10.45 -10.599 -10.04 -10.213 -10.385 -10.505 -10.616 -10.277 -10.419 -10.539 -10.638 -10.806 -10.828 -10.997 -11.188
2.5218 -9.746 -9.697 -9.772 -9.965 -10.107 -10.246 -9.886 -9.987 -10.11 -10.252 -10.392 -10.541 -9.982 -10.155 -10.327 -10.447 -10.558 -10.219 -10.361 -10.481 -10.58 -10.748 -10.77 -10.939 -11.13
2.5826 -9.688 -9.639 -9.714 -9.907 -10.049 -10.188 -9.827 -9.929 -10.052 -10.193 -10.334 -10.482 -9.924 -10.097 -10.269 -10.389 -10.5 -10.16 -10.303 -10.423 -10.522 -10.69 -10.712 -10.881 -11.071
2.6449 -9.63 -9.581 -9.656 -9.849 -9.991 -10.13 -9.769 -9.871 -9.993 -10.135 -10.276 -10.424 -9.866 -10.039 -10.21 -10.331 -10.442 -10.102 -10.245 -10.365 -10.464 -10.632 -10.654 -10.823 -11.013
