web/models/grb/onaxis/21/grb_0.0000_1000.0000_0.0000100.dat
# %ECSV 1.0
# ---
# datatype:
# - {name: time, datatype: float64}
# - {name: swift_uvot_uvw2, datatype: float64}
# - {name: swift_uvot_uvm2, datatype: float64}
# - {name: swift_uvot_uvw1, datatype: float64}
# - {name: swift_uvot_U, datatype: float64}
# - {name: swift_uvot_B, datatype: float64}
# - {name: swift_uvot_V, datatype: float64}
# - {name: swift_uvot_W, datatype: float64}
# - {name: johnson_U, datatype: float64}
# - {name: johnson_B, datatype: float64}
# - {name: johnson_V, datatype: float64}
# - {name: johnson_R, datatype: float64}
# - {name: johnson_I, datatype: float64}
# - {name: sdss_u, datatype: float64}
# - {name: sdss_g, datatype: float64}
# - {name: sdss_r, datatype: float64}
# - {name: sdss_i, datatype: float64}
# - {name: sdss_z, datatype: float64}
# - {name: PS1_g, datatype: float64}
# - {name: PS1_r, datatype: float64}
# - {name: PS1_i, datatype: float64}
# - {name: PS1_z, datatype: float64}
# - {name: PS1_Y, datatype: float64}
# - {name: ukirt_J, datatype: float64}
# - {name: ukirt_H, datatype: float64}
# - {name: ukirt_K, datatype: float64}
# meta: !!omap
# - comment: [E = 0.43396498804093575, Eta0 = 8.02, GammaB = 12.0, dL = 0.012188, epsb = 6.760829753919819e-06, epse = 0.1, n = 1e-05,
#     p = 2.15, theta_obs = 0.0, xiN = 1.0, z = 0.0, type = grb, E_kiso = 1000.0]
# schema: astropy-2.0
time swift_uvot_uvw2 swift_uvot_uvm2 swift_uvot_uvw1 swift_uvot_U swift_uvot_B swift_uvot_V swift_uvot_W johnson_U johnson_B johnson_V johnson_R johnson_I sdss_u sdss_g sdss_r sdss_i sdss_z PS1_g PS1_r PS1_i PS1_z PS1_Y ukirt_J ukirt_H ukirt_K
[from data line 350]
42.0014 -3.597 -3.548 -3.623 -3.816 -3.958 -4.097 -3.736 -3.838 -3.96 -4.102 -4.243 -4.391 -3.833 -4.006 -4.177 -4.298 -4.409 -4.069 -4.212 -4.332 -4.431 -4.599 -4.621 -4.79 -4.98
43.0146 -3.543 -3.494 -3.569 -3.762 -3.904 -4.043 -3.682 -3.784 -3.906 -4.048 -4.189 -4.337 -3.779 -3.951 -4.123 -4.244 -4.355 -4.015 -4.158 -4.278 -4.377 -4.545 -4.567 -4.736 -4.926
44.0523 -3.489 -3.44 -3.515 -3.707 -3.85 -3.989 -3.628 -3.73 -3.852 -3.994 -4.135 -4.283 -3.725 -3.897 -4.069 -4.19 -4.301 -3.961 -4.104 -4.224 -4.323 -4.491 -4.513 -4.682 -4.872
45.1149 -3.435 -3.386 -3.46 -3.653 -3.796 -3.935 -3.574 -3.676 -3.798 -3.94 -4.081 -4.229 -3.671 -3.843 -4.015 -4.136 -4.247 -3.907 -4.05 -4.17 -4.269 -4.437 -4.459 -4.628 -4.818
46.2033 -3.381 -3.332 -3.406 -3.599 -3.742 -3.881 -3.52 -3.622 -3.744 -3.886 -4.027 -4.175 -3.617 -3.789 -3.961 -4.082 -4.193 -3.853 -3.996 -4.115 -4.214 -4.383 -4.404 -4.574 -4.764
47.3178 -3.327 -3.278 -3.352 -3.545 -3.688 -3.827 -3.466 -3.568 -3.69 -3.832 -3.973 -4.121 -3.563 -3.735 -3.907 -4.028 -4.138 -3.799 -3.942 -4.061 -4.16 -4.329 -4.35 -4.52 -4.71
48.4593 -3.273 -3.223 -3.298 -3.491 -3.634 -3.773 -3.412 -3.514 -3.636 -3.778 -3.918 -4.067 -3.509 -3.681 -3.853 -3.974 -4.084 -3.745 -3.888 -4.007 -4.106 -4.275 -4.296 -4.466 -4.656
49.6283 -3.221 -3.172 -3.247 -3.439 -3.582 -3.721 -3.36 -3.462 -3.584 -3.726 -3.867 -4.015 -3.457 -3.629 -3.801 -3.922 -4.033 -3.693 -3.836 -3.956 -4.055 -4.223 -4.245 -4.414 -4.604
50.8255 -3.17 -3.121 -3.196 -3.389 -3.531 -3.67 -3.309 -3.411 -3.533 -3.675 -3.816 -3.964 -3.406 -3.579 -3.75 -3.871 -3.982 -3.642 -3.785 -3.905 -4.004 -4.172 -4.194 -4.363 -4.553
52.0515 -3.12 -3.07 -3.145 -3.338 -3.48 -3.619 -3.259 -3.36 -3.483 -3.625 -3.765 -3.914 -3.355 -3.528 -3.7 -3.82 -3.931 -3.592 -3.734 -3.854 -3.953 -4.121 -4.143 -4.312 -4.503
53.3072 -3.069 -3.019 -3.094 -3.287 -3.429 -3.569 -3.208 -3.309 -3.432 -3.574 -3.714 -3.863 -3.304 -3.477 -3.649 -3.77 -3.88 -3.541 -3.683 -3.803 -3.902 -4.07 -4.092 -4.261 -4.452
54.5931 -3.018 -2.968 -3.043 -3.236 -3.379 -3.518 -3.157 -3.259 -3.381 -3.523 -3.663 -3.812 -3.254 -3.426 -3.598 -3.719 -3.829 -3.49 -3.633 -3.752 -3.851 -4.02 -4.041 -4.211 -4.401
55.9101 -2.967 -2.918 -2.993 -3.185 -3.328 -3.467 -3.106 -3.208 -3.33 -3.472 -3.613 -3.761 -3.203 -3.375 -3.547 -3.668 -3.779 -3.439 -3.582 -3.702 -3.801 -3.969 -3.991 -4.16 -4.35
57.2588 -2.916 -2.867 -2.942 -3.135 -3.277 -3.416 -3.055 -3.157 -3.28 -3.421 -3.562 -3.71 -3.152 -3.325 -3.496 -3.617 -3.728 -3.388 -3.531 -3.651 -3.75 -3.918 -3.94 -4.109 -4.299
58.6401 -2.866 -2.816 -2.891 -3.084 -3.226 -3.365 -3.005 -3.106 -3.229 -3.371 -3.511 -3.66 -3.101 -3.274 -3.446 -3.566 -3.677 -3.338 -3.48 -3.6 -3.699 -3.867 -3.889 -4.058 -4.249
60.0546 -2.815 -2.765 -2.84 -3.033 -3.176 -3.315 -2.954 -3.055 -3.178 -3.32 -3.46 -3.609 -3.05 -3.223 -3.395 -3.516 -3.626 -3.287 -3.429 -3.549 -3.648 -3.816 -3.838 -4.008 -4.198
61.5034 -2.764 -2.715 -2.789 -2.982 -3.125 -3.264 -2.903 -3.005 -3.127 -3.269 -3.409 -3.558 -3.0 -3.172 -3.344 -3.465 -3.575 -3.236 -3.379 -3.498 -3.597 -3.766 -3.787 -3.957 -4.147
62.987 -2.708 -2.659 -2.734 -2.927 -3.069 -3.208 -2.847 -2.949 -3.071 -3.213 -3.354 -3.502 -2.944 -3.117 -3.288 -3.409 -3.52 -3.18 -3.323 -3.443 -3.542 -3.71 -3.732 -3.901 -4.091
64.5065 -2.652 -2.602 -2.677 -2.87 -3.012 -3.151 -2.791 -2.892 -3.015 -3.157 -3.297 -3.446 -2.887 -3.06 -3.232 -3.352 -3.463 -3.124 -3.266 -3.386 -3.485 -3.653 -3.675 -3.844 -4.035
66.0626 -2.595 -2.545 -2.62 -2.813 -2.956 -3.095 -2.734 -2.836 -2.958 -3.1 -3.24 -3.389 -2.831 -3.003 -3.175 -3.296 -3.406 -3.067 -3.209 -3.329 -3.428 -3.597 -3.618 -3.788 -3.978
67.6562 -2.538 -2.489 -2.564 -2.756 -2.899 -3.038 -2.677 -2.779 -2.901 -3.043 -3.184 -3.332 -2.774 -2.946 -3.118 -3.239 -3.35 -3.01 -3.153 -3.273 -3.372 -3.54 -3.562 -3.731 -3.921
69.2883 -2.481 -2.432 -2.507 -2.7 -2.842 -2.981 -2.62 -2.722 -2.845 -2.986 -3.127 -3.276 -2.717 -2.89 -3.062 -3.182 -3.293 -2.953 -3.096 -3.216 -3.315 -3.483 -3.505 -3.674 -3.865
70.9597 -2.425 -2.375 -2.45 -2.643 -2.785 -2.925 -2.564 -2.665 -2.788 -2.93 -3.07 -3.219 -2.66 -2.833 -3.005 -3.126 -3.236 -2.897 -3.039 -3.159 -3.258 -3.426 -3.448 -3.617 -3.808
72.6715 -2.368 -2.319 -2.393 -2.586 -2.729 -2.868 -2.507 -2.609 -2.731 -2.873 -3.014 -3.162 -2.604 -2.776 -2.948 -3.069 -3.179 -2.84 -2.983 -3.102 -3.201 -3.37 -3.391 -3.561 -3.751
74.4246 -2.311 -2.262 -2.337 -2.53 -2.672 -2.811 -2.45 -2.552 -2.674 -2.816 -2.957 -3.105 -2.547 -2.72 -2.891 -3.012 -3.123 -2.783 -2.926 -3.046 -3.145 -3.313 -3.335 -3.504 -3.694
76.2199 -2.255 -2.205 -2.28 -2.473 -2.615 -2.754 -2.394 -2.495 -2.618 -2.76 -2.9 -3.049 -2.49 -2.663 -2.835 -2.955 -3.066 -2.727 -2.869 -2.989 -3.088 -3.256 -3.278 -3.447 -3.638
78.0586 -2.198 -2.148 -2.223 -2.416 -2.559 -2.698 -2.337 -2.439 -2.561 -2.703 -2.843 -2.992 -2.434 -2.606 -2.778 -2.899 -3.009 -2.67 -2.812 -2.932 -3.031 -3.2 -3.221 -3.391 -3.581
79.9416 -2.14 -2.09 -2.165 -2.358 -2.501 -2.64 -2.279 -2.381 -2.503 -2.645 -2.785 -2.934 -2.375 -2.548 -2.72 -2.841 -2.951 -2.612 -2.754 -2.874 -2.973 -3.141 -3.163 -3.333 -3.523
81.87 -2.082 -2.032 -2.107 -2.3 -2.442 -2.582 -2.221 -2.322 -2.445 -2.587 -2.727 -2.876 -2.317 -2.49 -2.662 -2.782 -2.893 -2.554 -2.696 -2.816 -2.915 -3.083 -3.105 -3.274 -3.465
83.845 -2.024 -1.974 -2.049 -2.242 -2.384 -2.523 -2.163 -2.264 -2.387 -2.529 -2.669 -2.818 -2.259 -2.432 -2.604 -2.724 -2.835 -2.496 -2.638 -2.758 -2.857 -3.025 -3.047 -3.216 -3.407
85.8676 -1.965 -1.916 -1.991 -2.184 -2.326 -2.465 -2.105 -2.206 -2.329 -2.47 -2.611 -2.76 -2.201 -2.374 -2.546 -2.666 -2.777 -2.437 -2.58 -2.7 -2.799 -2.967 -2.989 -3.158 -3.349
87.939 -1.907 -1.858 -1.933 -2.126 -2.268 -2.407 -2.046 -2.148 -2.27 -2.412 -2.553 -2.701 -2.143 -2.316 -2.487 -2.608 -2.719 -2.379 -2.522 -2.642 -2.741 -2.909 -2.931 -3.1 -3.29
90.0604 -1.849 -1.8 -1.875 -2.068 -2.21 -2.349 -1.988 -2.09 -2.212 -2.354 -2.495 -2.643 -2.085 -2.258 -2.429 -2.55 -2.661 -2.321 -2.464 -2.584 -2.683 -2.851 -2.873 -3.042 -3.232
92.2329 -1.791 -1.742 -1.817 -2.009 -2.152 -2.291 -1.93 -2.032 -2.154 -2.296 -2.437 -2.585 -2.027 -2.199 -2.371 -2.492 -2.603 -2.263 -2.406 -2.526 -2.625 -2.793 -2.815 -2.984 -3.174
94.4579 -1.733 -1.684 -1.758 -1.951 -2.094 -2.233 -1.872 -1.974 -2.096 -2.238 -2.379 -2.527 -1.969 -2.141 -2.313 -2.434 -2.544 -2.205 -2.348 -2.467 -2.566 -2.735 -2.756 -2.926 -3.116
96.7365 -1.675 -1.625 -1.7 -1.893 -2.036 -2.175 -1.814 -1.916 -2.038 -2.18 -2.32 -2.469 -1.911 -2.083 -2.255 -2.376 -2.486 -2.147 -2.29 -2.409 -2.508 -2.677 -2.698 -2.868 -3.058
99.0701 -1.617 -1.567 -1.642 -1.835 -1.977 -2.116 -1.756 -1.857 -1.98 -2.122 -2.262 -2.411 -1.852 -2.025 -2.197 -2.317 -2.428 -2.089 -2.231 -2.351 -2.45 -2.618 -2.64 -2.809 -3.0
101.4599 -1.556 -1.507 -1.581 -1.774 -1.917 -2.056 -1.695 -1.797 -1.919 -2.061 -2.202 -2.35 -1.792 -1.964 -2.136 -2.257 -2.367 -2.028 -2.171 -2.29 -2.389 -2.558 -2.579 -2.749 -2.939
103.9075 -1.495 -1.446 -1.521 -1.714 -1.856 -1.995 -1.635 -1.736 -1.859 -2.001 -2.141 -2.29 -1.731 -1.904 -2.076 -2.196 -2.307 -1.968 -2.11 -2.23 -2.329 -2.497 -2.519 -2.688 -2.879
106.4141 -1.435 -1.386 -1.46 -1.653 -1.796 -1.935 -1.574 -1.676 -1.798 -1.94 -2.08 -2.229 -1.671 -1.843 -2.015 -2.136 -2.246 -1.907 -2.05 -2.169 -2.268 -2.437 -2.458 -2.628 -2.818
108.9811 -1.374 -1.325 -1.4 -1.593 -1.735 -1.874 -1.514 -1.615 -1.738 -1.879 -2.02 -2.169 -1.61 -1.783 -1.955 -2.075 -2.186 -1.847 -1.989 -2.109 -2.208 -2.376 -2.398 -2.567 -2.758
111.6101 -1.314 -1.264 -1.339 -1.532 -1.675 -1.814 -1.453 -1.555 -1.677 -1.819 -1.959 -2.108 -1.55 -1.722 -1.894 -2.015 -2.125 -1.786 -1.929 -2.048 -2.147 -2.316 -2.337 -2.507 -2.697
114.3025 -1.253 -1.204 -1.279 -1.472 -1.614 -1.753 -1.392 -1.494 -1.617 -1.758 -1.899 -2.048 -1.489 -1.662 -1.834 -1.954 -2.065 -1.725 -1.868 -1.988 -2.087 -2.255 -2.277 -2.446 -2.637
117.0598 -1.193 -1.143 -1.218 -1.411 -1.554 -1.693 -1.332 -1.434 -1.556 -1.698 -1.838 -1.987 -1.429 -1.601 -1.773 -1.894 -2.004 -1.665 -1.808 -1.927 -2.026 -2.195 -2.216 -2.386 -2.576
119.8836 -1.132 -1.083 -1.158 -1.351 -1.493 -1.632 -1.271 -1.373 -1.496 -1.637 -1.778 -1.926 -1.368 -1.541 -1.713 -1.833 -1.944 -1.604 -1.747 -1.867 -1.966 -2.134 -2.156 -2.325 -2.515
122.7756 -1.072 -1.022 -1.097 -1.29 -1.433 -1.572 -1.211 -1.313 -1.435 -1.577 -1.717 -1.866 -1.308 -1.48 -1.652 -1.773 -1.883 -1.544 -1.686 -1.806 -1.905 -2.074 -2.095 -2.265 -2.455
125.7373 -1.012 -0.962 -1.037 -1.23 -1.373 -1.512 -1.151 -1.253 -1.375 -1.517 -1.657 -1.806 -1.248 -1.42 -1.592 -1.713 -1.823 -1.484 -1.627 -1.746 -1.845 -2.014 -2.035 -2.205 -2.395
128.7705 -0.954 -0.904 -0.979 -1.172 -1.314 -1.453 -1.093 -1.194 -1.317 -1.459 -1.599 -1.748 -1.189 -1.362 -1.534 -1.654 -1.765 -1.426 -1.568 -1.688 -1.787 -1.955 -1.977 -2.146 -2.337
131.8769 -0.895 -0.846 -0.921 -1.114 -1.256 -1.395 -1.034 -1.136 -1.258 -1.4 -1.541 -1.689 -1.131 -1.304 -1.475 -1.596 -1.707 -1.367 -1.51 -1.63 -1.729 -1.897 -1.919 -2.088 -2.278
135.0582 -0.837 -0.788 -0.862 -1.055 -1.198 -1.337 -0.976 -1.078 -1.2 -1.342 -1.482 -1.631 -1.073 -1.245 -1.417 -1.538 -1.648 -1.309 -1.452 -1.571 -1.67 -1.839 -1.86 -2.03 -2.22
138.3162 -0.779 -0.729 -0.804 -0.997 -1.139 -1.279 -0.918 -1.019 -1.142 -1.284 -1.424 -1.573 -1.014 -1.187 -1.359 -1.479 -1.59 -1.251 -1.393 -1.513 -1.612 -1.78 -1.802 -1.971 -2.162
141.6528 -0.72 -0.671 -0.746 -0.939 -1.081 -1.22 -0.859 -0.961 -1.083 -1.225 -1.366 -1.514 -0.956 -1.129 -1.3 -1.421 -1.532 -1.192 -1.335 -1.455 -1.554 -1.722 -1.744 -1.913 -2.103
145.0699 -0.662 -0.613 -0.687 -0.88 -1.023 -1.162 -0.801 -0.903 -1.025 -1.167 -1.308 -1.456 -0.898 -1.07 -1.242 -1.363 -1.473 -1.134 -1.277 -1.396 -1.495 -1.664 -1.685 -1.855 -2.045
148.5695 -0.604 -0.554 -0.629 -0.822 -0.964 -1.104 -0.743 -0.844 -0.967 -1.109 -1.249 -1.398 -0.839 -1.012 -1.184 -1.305 -1.415 -1.076 -1.218 -1.338 -1.437 -1.605 -1.627 -1.796 -1.987
152.1534 -0.545 -0.496 -0.571 -0.764 -0.906 -1.045 -0.684 -0.786 -0.909 -1.05 -1.191 -1.339 -0.781 -0.954 -1.126 -1.246 -1.357 -1.017 -1.16 -1.28 -1.379 -1.547 -1.569 -1.738 -1.928
155.8238 -0.487 -0.438 -0.512 -0.705 -0.848 -0.987 -0.626 -0.728 -0.85 -0.992 -1.133 -1.281 -0.723 -0.895 -1.067 -1.188 -1.299 -0.959 -1.102 -1.221 -1.321 -1.489 -1.51 -1.68 -1.87
159.5828 -0.431 -0.381 -0.456 -0.649 -0.791 -0.93 -0.57 -0.671 -0.794 -0.936 -1.076 -1.225 -0.666 -0.839 -1.011 -1.131 -1.242 -0.903 -1.045 -1.165 -1.264 -1.432 -1.454 -1.623 -1.814
163.4324 -0.377 -0.327 -0.402 -0.595 -0.737 -0.877 -0.516 -0.617 -0.74 -0.882 -1.022 -1.171 -0.612 -0.785 -0.957 -1.078 -1.188 -0.849 -0.991 -1.111 -1.21 -1.378 -1.4 -1.569 -1.76
167.375 -0.323 -0.273 -0.348 -0.541 -0.684 -0.823 -0.462 -0.564 -0.686 -0.828 -0.968 -1.117 -0.559 -0.731 -0.903 -1.024 -1.134 -0.795 -0.937 -1.057 -1.156 -1.325 -1.346 -1.516 -1.706
171.4126 -0.269 -0.22 -0.294 -0.487 -0.63 -0.769 -0.408 -0.51 -0.632 -0.774 -0.915 -1.063 -0.505 -0.677 -0.849 -0.97 -1.08 -0.741 -0.884 -1.003 -1.102 -1.271 -1.292 -1.462 -1.652
175.5476 -0.215 -0.166 -0.241 -0.433 -0.576 -0.715 -0.354 -0.456 -0.578 -0.72 -0.861 -1.009 -0.451 -0.623 -0.795 -0.916 -1.027 -0.687 -0.83 -0.95 -1.049 -1.217 -1.239 -1.408 -1.598
179.7823 -0.161 -0.112 -0.187 -0.38 -0.522 -0.661 -0.3 -0.402 -0.524 -0.666 -0.807 -0.955 -0.397 -0.57 -0.741 -0.862 -0.973 -0.633 -0.776 -0.896 -0.995 -1.163 -1.185 -1.354 -1.544
184.1193 -0.107 -0.058 -0.133 -0.326 -0.468 -0.607 -0.247 -0.348 -0.471 -0.612 -0.753 -0.902 -0.343 -0.516 -0.688 -0.808 -0.919 -0.579 -0.722 -0.842 -0.941 -1.109 -1.131 -1.3 -1.491
188.5608 -0.054 -0.004 -0.079 -0.272 -0.414 -0.553 -0.193 -0.294 -0.417 -0.559 -0.699 -0.848 -0.289 -0.462 -0.634 -0.754 -0.865 -0.526 -0.668 -0.788 -0.887 -1.055 -1.077 -1.246 -1.437
193.1095 0.0 0.05 -0.025 -0.218 -0.361 -0.5 -0.139 -0.24 -0.363 -0.505 -0.645 -0.794 -0.235 -0.408 -0.58 -0.701 -0.811 -0.472 -0.614 -0.734 -0.833 -1.001 -1.023 -1.193 -1.383
197.7679 0.054 0.104 0.029 -0.164 -0.307 -0.446 -0.085 -0.187 -0.309 -0.451 -0.591 -0.74 -0.182 -0.354 -0.526 -0.647 -0.757 -0.418 -0.561 -0.68 -0.779 -0.948 -0.969 -1.139 -1.329
202.5387 0.108 0.158 0.083 -0.11 -0.253 -0.392 -0.031 -0.132 -0.255 -0.397 -0.537 -0.686 -0.127 -0.3 -0.472 -0.593 -0.703 -0.364 -0.506 -0.626 -0.725 -0.893 -0.915 -1.084 -1.275
207.4245 0.163 0.212 0.137 -0.056 -0.198 -0.337 0.024 -0.078 -0.2 -0.342 -0.483 -0.631 -0.073 -0.246 -0.417 -0.538 -0.649 -0.309 -0.452 -0.572 -0.671 -0.839 -0.861 -1.03 -1.22
212.4283 0.217 0.267 0.192 -0.001 -0.144 -0.283 0.078 -0.024 -0.146 -0.288 -0.428 -0.577 -0.019 -0.191 -0.363 -0.484 -0.594 -0.255 -0.397 -0.517 -0.616 -0.785 -0.806 -0.976 -1.166
217.5527 0.272 0.321 0.246 0.053 -0.089 -0.228 0.133 0.031 -0.092 -0.233 -0.374 -0.522 0.036 -0.137 -0.309 -0.429 -0.54 -0.2 -0.343 -0.463 -0.562 -0.73 -0.752 -0.921 -1.112
222.8008 0.326 0.376 0.301 0.108 -0.035 -0.174 0.187 0.085 -0.037 -0.179 -0.319 -0.468 0.09 -0.082 -0.254 -0.375 -0.485 -0.146 -0.289 -0.408 -0.507 -0.676 -0.697 -0.867 -1.057
228.1754 0.38 0.43 0.355 0.162 0.02 -0.119 0.241 0.14 0.017 -0.125 -0.265 -0.414 0.145 -0.028 -0.2 -0.32 -0.431 -0.092 -0.234 -0.354 -0.453 -0.621 -0.643 -0.812 -1.003
233.6797 0.435 0.484 0.41 0.217 0.074 -0.065 0.296 0.194 0.072 -0.07 -0.211 -0.359 0.199 0.027 -0.145 -0.266 -0.377 -0.037 -0.18 -0.299 -0.399 -0.567 -0.588 -0.758 -0.948
239.3168 0.489 0.539 0.464 0.271 0.129 -0.01 0.35 0.249 0.126 -0.016 -0.156 -0.305 0.254 0.081 -0.091 -0.211 -0.322 0.017 -0.125 -0.245 -0.344 -0.512 -0.534 -0.703 -0.894
245.0899 0.544 0.593 0.518 0.325 0.183 0.044 0.405 0.303 0.181 0.039 -0.102 -0.25 0.308 0.136 -0.036 -0.157 -0.268 0.072 -0.071 -0.191 -0.29 -0.458 -0.48 -0.649 -0.839
251.0022 0.598 0.648 0.573 0.38 0.238 0.098 0.459 0.358 0.235 0.093 -0.047 -0.196 0.363 0.19 0.018 -0.103 -0.213 0.126 -0.016 -0.136 -0.235 -0.403 -0.425 -0.594 -0.785
257.0572 0.651 0.7 0.625 0.432 0.29 0.151 0.512 0.41 0.288 0.146 0.005 -0.143 0.415 0.243 0.071 -0.05 -0.161 0.179 0.036 -0.084 -0.183 -0.351 -0.373 -0.542 -0.732
263.2582 0.702 0.752 0.677 0.484 0.342 0.203 0.563 0.462 0.339 0.197 0.057 -0.092 0.467 0.294 0.122 0.002 -0.109 0.23 0.088 -0.032 -0.131 -0.299 -0.321 -0.49 -0.681
269.6088 0.754 0.803 0.729 0.536 0.393 0.254 0.615 0.513 0.391 0.249 0.109 -0.04 0.518 0.346 0.174 0.053 -0.057 0.282 0.139 0.02 -0.079 -0.248 -0.269 -0.439 -0.629
276.1126 0.806 0.855 0.78 0.587 0.445 0.306 0.667 0.565 0.442 0.301 0.16 0.012 0.57 0.397 0.226 0.105 -0.006 0.334 0.191 0.071 -0.028 -0.196 -0.218 -0.387 -0.577
282.7734 0.857 0.907 0.832 0.639 0.497 0.357 0.718 0.617 0.494 0.352 0.212 0.063 0.622 0.449 0.277 0.156 0.046 0.385 0.243 0.123 0.024 -0.144 -0.166 -0.335 -0.526
289.5947 0.909 0.958 0.884 0.691 0.548 0.409 0.77 0.668 0.546 0.404 0.263 0.115 0.673 0.501 0.329 0.208 0.097 0.437 0.294 0.174 0.075 -0.093 -0.115 -0.284 -0.474
296.5807 0.961 1.01 0.935 0.742 0.6 0.461 0.821 0.72 0.597 0.455 0.315 0.166 0.725 0.552 0.38 0.26 0.149 0.488 0.346 0.226 0.127 -0.041 -0.063 -0.232 -0.423
303.7351 1.012 1.062 0.987 0.794 0.651 0.512 0.873 0.771 0.649 0.507 0.367 0.218 0.776 0.604 0.432 0.311 0.201 0.54 0.398 0.278 0.179 0.01 -0.011 -0.181 -0.371
311.0622 1.064 1.113 1.038 0.845 0.703 0.564 0.925 0.823 0.701 0.559 0.418 0.27 0.828 0.655 0.484 0.363 0.252 0.592 0.449 0.329 0.23 0.062 0.04 -0.129 -0.319
318.566 1.115 1.165 1.09 0.897 0.755 0.615 0.976 0.875 0.752 0.61 0.47 0.321 0.88 0.707 0.535 0.415 0.304 0.643 0.501 0.381 0.282 0.114 0.092 -0.077 -0.268
326.2508 1.165 1.215 1.14 0.947 0.804 0.665 1.026 0.924 0.802 0.66 0.52 0.371 0.929 0.757 0.585 0.464 0.354 0.693 0.551 0.431 0.332 0.163 0.142 -0.028 -0.218
334.121 1.215 1.264 1.189 0.996 0.854 0.715 1.075 0.974 0.851 0.709 0.569 0.42 0.979 0.806 0.634 0.514 0.403 0.742 0.6 0.48 0.381 0.213 0.191 0.022 -0.169
342.181 1.264 1.313 1.239 1.046 0.903 0.764 1.125 1.023 0.901 0.759 0.618 0.47 1.028 0.856 0.684 0.563 0.452 0.792 0.649 0.529 0.43 0.262 0.24 0.071 -0.119
