web/models/grb/offaxis/18/grb_0.2967_193.0698_0.0398107.dat
# %ECSV 1.0
# ---
# datatype:
# - {name: time, datatype: float64}
# - {name: swift_uvot_uvw2, datatype: float64}
# - {name: swift_uvot_uvm2, datatype: float64}
# - {name: swift_uvot_uvw1, datatype: float64}
# - {name: swift_uvot_U, datatype: float64}
# - {name: swift_uvot_B, datatype: float64}
# - {name: swift_uvot_V, datatype: float64}
# - {name: swift_uvot_W, datatype: float64}
# - {name: johnson_U, datatype: float64}
# - {name: johnson_B, datatype: float64}
# - {name: johnson_V, datatype: float64}
# - {name: johnson_R, datatype: float64}
# - {name: johnson_I, datatype: float64}
# - {name: sdss_u, datatype: float64}
# - {name: sdss_g, datatype: float64}
# - {name: sdss_r, datatype: float64}
# - {name: sdss_i, datatype: float64}
# - {name: sdss_z, datatype: float64}
# - {name: PS1_g, datatype: float64}
# - {name: PS1_r, datatype: float64}
# - {name: PS1_i, datatype: float64}
# - {name: PS1_z, datatype: float64}
# - {name: PS1_Y, datatype: float64}
# - {name: ukirt_J, datatype: float64}
# - {name: ukirt_H, datatype: float64}
# - {name: ukirt_K, datatype: float64}
# meta: !!omap
# - comment: [E = 0.08378552168254812, Eta0 = 8.02, GammaB = 12.0, dL = 0.012188, epsb = 6.760829753919819e-06, epse = 0.1, n = 0.03981071705534969,
#     p = 2.15, theta_obs = 0.29670597283903605, xiN = 1.0, z = 0.0, type = grb, E_kiso = 193.06977288832496]
# schema: astropy-2.0
time swift_uvot_uvw2 swift_uvot_uvm2 swift_uvot_uvw1 swift_uvot_U swift_uvot_B swift_uvot_V swift_uvot_W johnson_U johnson_B johnson_V johnson_R johnson_I sdss_u sdss_g sdss_r sdss_i sdss_z PS1_g PS1_r PS1_i PS1_z PS1_Y ukirt_J ukirt_H ukirt_K
[from data line 187]
0.8627 -4.002 -3.952 -4.027 -4.22 -4.363 -4.502 -4.141 -4.243 -4.365 -4.507 -4.647 -4.796 -4.238 -4.41 -4.582 -4.703 -4.813 -4.474 -4.617 -4.736 -4.835 -5.004 -5.025 -5.195 -5.385
0.8835 -4.016 -3.966 -4.041 -4.234 -4.376 -4.515 -4.155 -4.256 -4.379 -4.521 -4.661 -4.81 -4.251 -4.424 -4.596 -4.716 -4.827 -4.488 -4.63 -4.75 -4.849 -5.017 -5.039 -5.208 -5.399
0.9048 -4.032 -3.983 -4.058 -4.251 -4.393 -4.532 -4.171 -4.273 -4.395 -4.537 -4.678 -4.826 -4.268 -4.441 -4.612 -4.733 -4.844 -4.504 -4.647 -4.767 -4.866 -5.034 -5.056 -5.225 -5.415
0.9266 -4.049 -3.999 -4.074 -4.267 -4.41 -4.549 -4.188 -4.29 -4.412 -4.554 -4.694 -4.843 -4.285 -4.457 -4.629 -4.75 -4.86 -4.521 -4.663 -4.783 -4.882 -5.051 -5.072 -5.242 -5.432
0.949 -4.065 -4.016 -4.091 -4.284 -4.426 -4.565 -4.205 -4.306 -4.429 -4.57 -4.711 -4.86 -4.301 -4.474 -4.646 -4.766 -4.877 -4.537 -4.68 -4.8 -4.899 -5.067 -5.089 -5.258 -5.449
0.9719 -4.082 -4.033 -4.107 -4.3 -4.443 -4.582 -4.221 -4.323 -4.445 -4.587 -4.728 -4.876 -4.318 -4.49 -4.662 -4.783 -4.894 -4.554 -4.697 -4.817 -4.916 -5.084 -5.106 -5.275 -5.465
0.9953 -4.099 -4.049 -4.124 -4.317 -4.459 -4.599 -4.238 -4.339 -4.462 -4.604 -4.744 -4.893 -4.334 -4.507 -4.679 -4.8 -4.91 -4.571 -4.713 -4.833 -4.932 -5.1 -5.122 -5.291 -5.482
1.0194 -4.115 -4.066 -4.141 -4.334 -4.476 -4.615 -4.254 -4.356 -4.478 -4.62 -4.761 -4.909 -4.351 -4.524 -4.695 -4.816 -4.927 -4.587 -4.73 -4.85 -4.949 -5.117 -5.139 -5.308 -5.498
1.0439 -4.132 -4.082 -4.157 -4.35 -4.493 -4.632 -4.271 -4.373 -4.495 -4.637 -4.777 -4.926 -4.368 -4.54 -4.712 -4.833 -4.943 -4.604 -4.747 -4.866 -4.965 -5.134 -5.155 -5.325 -5.515
1.0691 -4.149 -4.099 -4.174 -4.367 -4.509 -4.648 -4.288 -4.389 -4.512 -4.654 -4.794 -4.943 -4.384 -4.557 -4.729 -4.849 -4.96 -4.621 -4.763 -4.883 -4.982 -5.15 -5.172 -5.341 -5.532
1.0949 -4.165 -4.116 -4.191 -4.384 -4.526 -4.665 -4.304 -4.406 -4.528 -4.67 -4.811 -4.959 -4.401 -4.573 -4.745 -4.866 -4.977 -4.637 -4.78 -4.9 -4.999 -5.167 -5.189 -5.358 -5.548
1.1213 -4.181 -4.131 -4.206 -4.399 -4.542 -4.681 -4.32 -4.422 -4.544 -4.686 -4.826 -4.975 -4.416 -4.589 -4.761 -4.882 -4.992 -4.653 -4.795 -4.915 -5.014 -5.182 -5.204 -5.374 -5.564
1.1484 -4.194 -4.145 -4.22 -4.412 -4.555 -4.694 -4.333 -4.435 -4.557 -4.699 -4.84 -4.988 -4.43 -4.602 -4.774 -4.895 -5.006 -4.666 -4.809 -4.929 -5.028 -5.196 -5.218 -5.387 -5.577
1.1761 -4.208 -4.158 -4.233 -4.426 -4.568 -4.707 -4.347 -4.448 -4.571 -4.713 -4.853 -5.002 -4.443 -4.616 -4.788 -4.908 -5.019 -4.68 -4.822 -4.942 -5.041 -5.209 -5.231 -5.4 -5.591
1.2044 -4.221 -4.171 -4.246 -4.439 -4.582 -4.721 -4.36 -4.462 -4.584 -4.726 -4.866 -5.015 -4.457 -4.629 -4.801 -4.922 -5.032 -4.693 -4.835 -4.955 -5.054 -5.223 -5.244 -5.414 -5.604
1.2335 -4.234 -4.185 -4.26 -4.453 -4.595 -4.734 -4.373 -4.475 -4.597 -4.739 -4.88 -5.028 -4.47 -4.643 -4.814 -4.935 -5.046 -4.706 -4.849 -4.969 -5.068 -5.236 -5.258 -5.427 -5.617
1.2633 -4.248 -4.198 -4.273 -4.466 -4.608 -4.748 -4.387 -4.488 -4.611 -4.753 -4.893 -5.042 -4.483 -4.656 -4.828 -4.948 -5.059 -4.72 -4.862 -4.982 -5.081 -5.249 -5.271 -5.44 -5.631
1.2937 -4.261 -4.212 -4.286 -4.479 -4.622 -4.761 -4.4 -4.502 -4.624 -4.766 -4.907 -5.055 -4.497 -4.669 -4.841 -4.962 -5.072 -4.733 -4.876 -4.995 -5.094 -5.263 -5.284 -5.454 -5.644
1.3249 -4.274 -4.225 -4.3 -4.493 -4.635 -4.774 -4.413 -4.515 -4.638 -4.779 -4.92 -5.068 -4.51 -4.683 -4.855 -4.975 -5.086 -4.746 -4.889 -5.009 -5.108 -5.276 -5.298 -5.467 -5.657
1.3569 -4.288 -4.238 -4.313 -4.506 -4.649 -4.788 -4.427 -4.528 -4.651 -4.793 -4.933 -5.082 -4.523 -4.696 -4.868 -4.989 -5.099 -4.76 -4.902 -5.022 -5.121 -5.289 -5.311 -5.481 -5.671
1.3896 -4.301 -4.252 -4.327 -4.519 -4.662 -4.801 -4.44 -4.542 -4.664 -4.806 -4.947 -5.095 -4.537 -4.709 -4.881 -5.002 -5.113 -4.773 -4.916 -5.036 -5.135 -5.303 -5.325 -5.494 -5.684
1.4232 -4.316 -4.266 -4.341 -4.534 -4.677 -4.816 -4.455 -4.556 -4.679 -4.821 -4.961 -5.11 -4.551 -4.724 -4.896 -5.017 -5.127 -4.788 -4.93 -5.05 -5.149 -5.317 -5.339 -5.509 -5.699
1.4575 -4.332 -4.282 -4.357 -4.55 -4.693 -4.832 -4.471 -4.573 -4.695 -4.837 -4.977 -5.126 -4.568 -4.74 -4.912 -5.033 -5.143 -4.804 -4.946 -5.066 -5.165 -5.334 -5.355 -5.525 -5.715
1.4927 -4.348 -4.298 -4.373 -4.566 -4.709 -4.848 -4.487 -4.589 -4.711 -4.853 -4.993 -5.142 -4.584 -4.756 -4.928 -5.049 -5.159 -4.82 -4.963 -5.082 -5.181 -5.35 -5.371 -5.541 -5.731
1.5287 -4.364 -4.315 -4.389 -4.582 -4.725 -4.864 -4.503 -4.605 -4.727 -4.869 -5.01 -5.158 -4.6 -4.772 -4.944 -5.065 -5.176 -4.836 -4.979 -5.098 -5.198 -5.366 -5.387 -5.557 -5.747
1.5655 -4.38 -4.331 -4.406 -4.598 -4.741 -4.88 -4.519 -4.621 -4.743 -4.885 -5.026 -5.174 -4.616 -4.788 -4.96 -5.081 -5.192 -4.852 -4.995 -5.115 -5.214 -5.382 -5.404 -5.573 -5.763
1.6033 -4.396 -4.347 -4.422 -4.615 -4.757 -4.896 -4.535 -4.637 -4.759 -4.901 -5.042 -5.19 -4.632 -4.805 -4.976 -5.097 -5.208 -4.868 -5.011 -5.131 -5.23 -5.398 -5.42 -5.589 -5.779
1.642 -4.412 -4.363 -4.438 -4.631 -4.773 -4.912 -4.551 -4.653 -4.776 -4.917 -5.058 -5.206 -4.648 -4.821 -4.992 -5.113 -5.224 -4.884 -5.027 -5.147 -5.246 -5.414 -5.436 -5.605 -5.795
1.6816 -4.428 -4.379 -4.454 -4.647 -4.789 -4.928 -4.568 -4.669 -4.792 -4.933 -5.074 -5.223 -4.664 -4.837 -5.009 -5.129 -5.24 -4.9 -5.043 -5.163 -5.262 -5.43 -5.452 -5.621 -5.812
1.7222 -4.445 -4.395 -4.47 -4.663 -4.805 -4.944 -4.584 -4.685 -4.808 -4.95 -5.09 -5.239 -4.68 -4.853 -5.025 -5.145 -5.256 -4.917 -5.059 -5.179 -5.278 -5.446 -5.468 -5.637 -5.828
1.7637 -4.461 -4.411 -4.486 -4.679 -4.821 -4.961 -4.6 -4.701 -4.824 -4.966 -5.106 -5.255 -4.696 -4.869 -5.041 -5.161 -5.272 -4.933 -5.075 -5.195 -5.294 -5.462 -5.484 -5.653 -5.844
1.8062 -4.475 -4.425 -4.5 -4.693 -4.835 -4.974 -4.614 -4.715 -4.838 -4.98 -5.12 -5.269 -4.71 -4.883 -5.055 -5.175 -5.286 -4.947 -5.089 -5.209 -5.308 -5.476 -5.498 -5.667 -5.858
1.8498 -4.487 -4.438 -4.513 -4.705 -4.848 -4.987 -4.626 -4.728 -4.85 -4.992 -5.133 -5.281 -4.723 -4.895 -5.067 -5.188 -5.299 -4.959 -5.102 -5.222 -5.321 -5.489 -5.511 -5.68 -5.87
1.8944 -4.5 -4.45 -4.525 -4.718 -4.86 -5.0 -4.639 -4.74 -4.863 -5.005 -5.145 -5.294 -4.735 -4.908 -5.08 -5.2 -5.311 -4.972 -5.114 -5.234 -5.333 -5.501 -5.523 -5.692 -5.883
1.9401 -4.512 -4.463 -4.538 -4.731 -4.873 -5.012 -4.651 -4.753 -4.875 -5.017 -5.158 -5.306 -4.748 -4.92 -5.092 -5.213 -5.324 -4.984 -5.127 -5.247 -5.346 -5.514 -5.536 -5.705 -5.895
1.9869 -4.525 -4.475 -4.55 -4.743 -4.885 -5.025 -4.664 -4.765 -4.888 -5.03 -5.17 -5.319 -4.76 -4.933 -5.105 -5.226 -5.336 -4.997 -5.139 -5.259 -5.358 -5.526 -5.548 -5.717 -5.908
2.0349 -4.537 -4.488 -4.563 -4.756 -4.898 -5.037 -4.676 -4.778 -4.9 -5.042 -5.183 -5.331 -4.773 -4.945 -5.117 -5.238 -5.349 -5.009 -5.152 -5.272 -5.371 -5.539 -5.561 -5.73 -5.92
2.084 -4.55 -4.5 -4.575 -4.768 -4.91 -5.05 -4.689 -4.79 -4.913 -5.055 -5.195 -5.344 -4.785 -4.958 -5.13 -5.251 -5.361 -5.022 -5.164 -5.284 -5.383 -5.551 -5.573 -5.742 -5.933
2.1342 -4.562 -4.513 -4.588 -4.781 -4.923 -5.062 -4.701 -4.803 -4.925 -5.067 -5.208 -5.356 -4.798 -4.971 -5.142 -5.263 -5.374 -5.034 -5.177 -5.297 -5.396 -5.564 -5.586 -5.755 -5.945
2.1857 -4.575 -4.525 -4.6 -4.793 -4.936 -5.075 -4.714 -4.815 -4.938 -5.08 -5.22 -5.369 -4.81 -4.983 -5.155 -5.276 -5.386 -5.047 -5.189 -5.309 -5.408 -5.576 -5.598 -5.767 -5.958
2.2384 -4.587 -4.538 -4.613 -4.806 -4.948 -5.087 -4.726 -4.828 -4.95 -5.092 -5.233 -5.381 -4.823 -4.996 -5.167 -5.288 -5.399 -5.059 -5.202 -5.322 -5.421 -5.589 -5.611 -5.78 -5.97
2.2924 -4.596 -4.546 -4.621 -4.814 -4.957 -5.096 -4.735 -4.837 -4.959 -5.101 -5.241 -5.39 -4.832 -5.004 -5.176 -5.297 -5.407 -5.068 -5.21 -5.33 -5.429 -5.598 -5.619 -5.789 -5.979
2.3477 -4.603 -4.554 -4.628 -4.821 -4.964 -5.103 -4.742 -4.844 -4.966 -5.108 -5.249 -5.397 -4.839 -5.011 -5.183 -5.304 -5.415 -5.075 -5.218 -5.337 -5.437 -5.605 -5.626 -5.796 -5.986
2.4044 -4.61 -4.561 -4.636 -4.829 -4.971 -5.11 -4.749 -4.851 -4.973 -5.115 -5.256 -5.404 -4.846 -5.019 -5.19 -5.311 -5.422 -5.082 -5.225 -5.345 -5.444 -5.612 -5.634 -5.803 -5.993
2.4624 -4.617 -4.568 -4.643 -4.836 -4.978 -5.117 -4.757 -4.858 -4.981 -5.123 -5.263 -5.412 -4.853 -5.026 -5.198 -5.318 -5.429 -5.09 -5.232 -5.352 -5.451 -5.619 -5.641 -5.81 -6.001
2.5218 -4.625 -4.575 -4.65 -4.843 -4.985 -5.125 -4.764 -4.865 -4.988 -5.13 -5.27 -5.419 -4.86 -5.033 -5.205 -5.326 -5.436 -5.097 -5.239 -5.359 -5.458 -5.626 -5.648 -5.817 -6.008
2.5826 -4.632 -4.582 -4.657 -4.85 -4.993 -5.132 -4.771 -4.873 -4.995 -5.137 -5.277 -5.426 -4.868 -5.04 -5.212 -5.333 -5.443 -5.104 -5.247 -5.366 -5.465 -5.634 -5.655 -5.825 -6.015
2.6449 -4.639 -4.59 -4.665 -4.857 -5.0 -5.139 -4.778 -4.88 -5.002 -5.144 -5.285 -5.433 -4.875 -5.047 -5.219 -5.34 -5.451 -5.111 -5.254 -5.374 -5.473 -5.641 -5.663 -5.832 -6.022
2.7087 -4.646 -4.597 -4.672 -4.865 -5.007 -5.146 -4.785 -4.887 -5.009 -5.151 -5.292 -5.44 -4.882 -5.055 -5.226 -5.347 -5.458 -5.118 -5.261 -5.381 -5.48 -5.648 -5.67 -5.839 -6.029
2.7741 -4.654 -4.604 -4.679 -4.872 -5.014 -5.153 -4.793 -4.894 -5.017 -5.159 -5.299 -5.448 -4.889 -5.062 -5.234 -5.354 -5.465 -5.126 -5.268 -5.388 -5.487 -5.655 -5.677 -5.846 -6.037
2.841 -4.661 -4.611 -4.686 -4.879 -5.022 -5.161 -4.8 -4.901 -5.024 -5.166 -5.306 -5.455 -4.896 -5.069 -5.241 -5.362 -5.472 -5.133 -5.275 -5.395 -5.494 -5.662 -5.684 -5.854 -6.044
2.9095 -4.672 -4.623 -4.698 -4.891 -5.033 -5.172 -4.812 -4.913 -5.036 -5.177 -5.318 -5.467 -4.908 -5.081 -5.253 -5.373 -5.484 -5.144 -5.287 -5.407 -5.506 -5.674 -5.696 -5.865 -6.056
2.9797 -4.685 -4.635 -4.71 -4.903 -5.045 -5.185 -4.824 -4.925 -5.048 -5.19 -5.33 -5.479 -4.92 -5.093 -5.265 -5.386 -5.496 -5.157 -5.299 -5.419 -5.518 -5.686 -5.708 -5.877 -6.068
3.0516 -4.697 -4.647 -4.722 -4.915 -5.058 -5.197 -4.836 -4.938 -5.06 -5.202 -5.342 -5.491 -4.933 -5.105 -5.277 -5.398 -5.508 -5.169 -5.312 -5.431 -5.53 -5.699 -5.72 -5.89 -6.08
3.1252 -4.709 -4.66 -4.735 -4.928 -5.07 -5.209 -4.848 -4.95 -5.072 -5.214 -5.355 -5.503 -4.945 -5.117 -5.289 -5.41 -5.521 -5.181 -5.324 -5.444 -5.543 -5.711 -5.733 -5.902 -6.092
3.2006 -4.721 -4.672 -4.747 -4.94 -5.082 -5.221 -4.86 -4.962 -5.085 -5.226 -5.367 -5.516 -4.957 -5.13 -5.302 -5.422 -5.533 -5.193 -5.336 -5.456 -5.555 -5.723 -5.745 -5.914 -6.105
3.2778 -4.734 -4.684 -4.759 -4.952 -5.094 -5.234 -4.873 -4.974 -5.097 -5.239 -5.379 -5.528 -4.969 -5.142 -5.314 -5.434 -5.545 -5.206 -5.348 -5.468 -5.567 -5.735 -5.757 -5.926 -6.117
3.3569 -4.746 -4.696 -4.771 -4.964 -5.107 -5.246 -4.885 -4.987 -5.109 -5.251 -5.391 -5.54 -4.982 -5.154 -5.326 -5.447 -5.557 -5.218 -5.361 -5.48 -5.579 -5.748 -5.769 -5.939 -6.129
3.4378 -4.758 -4.709 -4.784 -4.977 -5.119 -5.258 -4.897 -4.999 -5.121 -5.263 -5.404 -5.552 -4.994 -5.166 -5.338 -5.459 -5.57 -5.23 -5.373 -5.493 -5.592 -5.76 -5.782 -5.951 -6.141
3.5208 -4.77 -4.721 -4.796 -4.989 -5.131 -5.27 -4.909 -5.011 -5.134 -5.275 -5.416 -5.564 -5.006 -5.179 -5.351 -5.471 -5.582 -5.242 -5.385 -5.505 -5.604 -5.772 -5.794 -5.963 -6.154
3.6057 -4.783 -4.733 -4.808 -5.001 -5.143 -5.282 -4.922 -5.023 -5.146 -5.288 -5.428 -5.577 -5.018 -5.191 -5.363 -5.483 -5.594 -5.255 -5.397 -5.517 -5.616 -5.784 -5.806 -5.975 -6.166
3.6927 -4.79 -4.74 -4.815 -5.008 -5.15 -5.29 -4.929 -5.03 -5.153 -5.295 -5.435 -5.584 -5.025 -5.198 -5.37 -5.49 -5.601 -5.262 -5.404 -5.524 -5.623 -5.791 -5.813 -5.982 -6.173
3.7818 -4.797 -4.747 -4.822 -5.015 -5.158 -5.297 -4.936 -5.037 -5.16 -5.302 -5.442 -5.591 -5.032 -5.205 -5.377 -5.498 -5.608 -5.269 -5.411 -5.531 -5.63 -5.798 -5.82 -5.99 -6.18
3.873 -4.804 -4.754 -4.829 -5.022 -5.165 -5.304 -4.943 -5.045 -5.167 -5.309 -5.449 -5.598 -5.04 -5.212 -5.384 -5.505 -5.615 -5.276 -5.418 -5.538 -5.637 -5.806 -5.827 -5.997 -6.187
3.9664 -4.811 -4.762 -4.836 -5.029 -5.172 -5.311 -4.95 -5.052 -5.174 -5.316 -5.457 -5.605 -5.047 -5.219 -5.391 -5.512 -5.622 -5.283 -5.426 -5.545 -5.644 -5.813 -5.834 -6.004 -6.194
4.0621 -4.818 -4.769 -4.844 -5.036 -5.179 -5.318 -4.957 -5.059 -5.181 -5.323 -5.464 -5.612 -5.054 -5.226 -5.398 -5.519 -5.63 -5.29 -5.433 -5.553 -5.652 -5.82 -5.842 -6.011 -6.201
4.1601 -4.825 -4.776 -4.851 -5.044 -5.186 -5.325 -4.964 -5.066 -5.188 -5.33 -5.471 -5.619 -5.061 -5.234 -5.405 -5.526 -5.637 -5.297 -5.44 -5.56 -5.659 -5.827 -5.849 -6.018 -6.208
4.2604 -4.832 -4.783 -4.858 -5.051 -5.193 -5.332 -4.971 -5.073 -5.196 -5.337 -5.478 -5.626 -5.068 -5.241 -5.413 -5.533 -5.644 -5.304 -5.447 -5.567 -5.666 -5.834 -5.856 -6.025 -6.215
4.3632 -4.839 -4.79 -4.865 -5.058 -5.2 -5.339 -4.979 -5.08 -5.203 -5.345 -5.485 -5.634 -5.075 -5.248 -5.42 -5.54 -5.651 -5.312 -5.454 -5.574 -5.673 -5.841 -5.863 -6.032 -6.223
4.4685 -4.847 -4.797 -4.872 -5.065 -5.207 -5.347 -4.986 -5.087 -5.21 -5.352 -5.492 -5.641 -5.082 -5.255 -5.427 -5.547 -5.658 -5.319 -5.461 -5.581 -5.68 -5.848 -5.87 -6.039 -6.23
4.5763 -4.853 -4.804 -4.878 -5.071 -5.214 -5.353 -4.992 -5.094 -5.216 -5.358 -5.498 -5.647 -5.089 -5.261 -5.433 -5.554 -5.664 -5.325 -5.468 -5.587 -5.686 -5.855 -5.876 -6.046 -6.236
4.6867 -4.856 -4.806 -4.881 -5.074 -5.216 -5.355 -4.995 -5.096 -5.219 -5.361 -5.501 -5.65 -5.091 -5.264 -5.436 -5.556 -5.667 -5.328 -5.47 -5.59 -5.689 -5.857 -5.879 -6.048 -6.239
4.7997 -4.858 -4.809 -4.883 -5.076 -5.219 -5.358 -4.997 -5.099 -5.221 -5.363 -5.504 -5.652 -5.094 -5.266 -5.438 -5.559 -5.67 -5.33 -5.473 -5.592 -5.692 -5.86 -5.881 -6.051 -6.241
4.9155 -4.861 -4.811 -4.886 -5.079 -5.221 -5.361 -5.0 -5.101 -5.224 -5.366 -5.506 -5.655 -5.096 -5.269 -5.441 -5.561 -5.672 -5.333 -5.475 -5.595 -5.694 -5.862 -5.884 -6.053 -6.244
5.0341 -4.863 -4.814 -4.889 -5.082 -5.224 -5.363 -5.002 -5.104 -5.226 -5.368 -5.509 -5.657 -5.099 -5.271 -5.443 -5.564 -5.675 -5.335 -5.478 -5.598 -5.697 -5.865 -5.887 -6.056 -6.246
5.1555 -4.866 -4.816 -4.891 -5.084 -5.226 -5.366 -5.005 -5.106 -5.229 -5.371 -5.511 -5.66 -5.101 -5.274 -5.446 -5.567 -5.677 -5.338 -5.48 -5.6 -5.699 -5.867 -5.889 -6.058 -6.249
5.2799 -4.868 -4.819 -4.894 -5.087 -5.229 -5.368 -5.007 -5.109 -5.231 -5.373 -5.514 -5.662 -5.104 -5.277 -5.448 -5.569 -5.68 -5.34 -5.483 -5.603 -5.702 -5.87 -5.892 -6.061 -6.251
5.4072 -4.871 -4.821 -4.896 -5.089 -5.232 -5.371 -5.01 -5.112 -5.234 -5.376 -5.516 -5.665 -5.107 -5.279 -5.451 -5.572 -5.682 -5.343 -5.485 -5.605 -5.704 -5.873 -5.894 -6.064 -6.254
5.5377 -4.873 -4.824 -4.899 -5.092 -5.234 -5.373 -5.012 -5.114 -5.237 -5.378 -5.519 -5.667 -5.109 -5.282 -5.454 -5.574 -5.685 -5.345 -5.488 -5.608 -5.707 -5.875 -5.897 -6.066 -6.256
5.6713 -4.876 -4.826 -4.901 -5.094 -5.237 -5.376 -5.015 -5.117 -5.239 -5.381 -5.521 -5.67 -5.112 -5.284 -5.456 -5.577 -5.687 -5.348 -5.491 -5.61 -5.709 -5.878 -5.899 -6.069 -6.259
5.8081 -4.887 -4.838 -4.912 -5.105 -5.248 -5.387 -5.026 -5.128 -5.25 -5.392 -5.533 -5.681 -5.123 -5.295 -5.467 -5.588 -5.699 -5.359 -5.502 -5.622 -5.721 -5.889 -5.911 -6.08 -6.27
5.9482 -4.917 -4.868 -4.942 -5.135 -5.278 -5.417 -5.056 -5.158 -5.28 -5.422 -5.563 -5.711 -5.153 -5.325 -5.497 -5.618 -5.728 -5.389 -5.532 -5.651 -5.75 -5.919 -5.94 -6.11 -6.3
6.0917 -4.947 -4.898 -4.972 -5.165 -5.308 -5.447 -5.086 -5.188 -5.31 -5.452 -5.592 -5.741 -5.183 -5.355 -5.527 -5.648 -5.758 -5.419 -5.562 -5.681 -5.78 -5.949 -5.97 -6.14 -6.33
6.2386 -4.977 -4.927 -5.002 -5.195 -5.338 -5.477 -5.116 -5.218 -5.34 -5.482 -5.622 -5.771 -5.213 -5.385 -5.557 -5.678 -5.788 -5.449 -5.592 -5.711 -5.81 -5.979 -6.0 -6.17 -6.36
6.3891 -5.007 -4.957 -5.032 -5.225 -5.368 -5.507 -5.146 -5.248 -5.37 -5.512 -5.652 -5.801 -5.243 -5.415 -5.587 -5.708 -5.818 -5.479 -5.621 -5.741 -5.84 -6.009 -6.03 -6.2 -6.39
6.5433 -5.037 -4.987 -5.062 -5.255 -5.398 -5.537 -5.176 -5.278 -5.4 -5.542 -5.682 -5.831 -5.273 -5.445 -5.617 -5.738 -5.848 -5.509 -5.651 -5.771 -5.87 -6.039 -6.06 -6.23 -6.42
6.7011 -5.067 -5.017 -5.092 -5.285 -5.428 -5.567 -5.206 -5.308 -5.43 -5.572 -5.712 -5.861 -5.302 -5.475 -5.647 -5.768 -5.878 -5.539 -5.681 -5.801 -5.9 -6.068 -6.09 -6.26 -6.45
6.8627 -5.097 -5.047 -5.122 -5.315 -5.457 -5.597 -5.236 -5.337 -5.46 -5.602 -5.742 -5.891 -5.332 -5.505 -5.677 -5.798 -5.908 -5.569 -5.711 -5.831 -5.93 -6.098 -6.12 -6.289 -6.48
