web/models/grb/offaxis/18/grb_0.2967_268.2696_0.0000251.dat
# %ECSV 1.0
# ---
# datatype:
# - {name: time, datatype: float64}
# - {name: swift_uvot_uvw2, datatype: float64}
# - {name: swift_uvot_uvm2, datatype: float64}
# - {name: swift_uvot_uvw1, datatype: float64}
# - {name: swift_uvot_U, datatype: float64}
# - {name: swift_uvot_B, datatype: float64}
# - {name: swift_uvot_V, datatype: float64}
# - {name: swift_uvot_W, datatype: float64}
# - {name: johnson_U, datatype: float64}
# - {name: johnson_B, datatype: float64}
# - {name: johnson_V, datatype: float64}
# - {name: johnson_R, datatype: float64}
# - {name: johnson_I, datatype: float64}
# - {name: sdss_u, datatype: float64}
# - {name: sdss_g, datatype: float64}
# - {name: sdss_r, datatype: float64}
# - {name: sdss_i, datatype: float64}
# - {name: sdss_z, datatype: float64}
# - {name: PS1_g, datatype: float64}
# - {name: PS1_r, datatype: float64}
# - {name: PS1_i, datatype: float64}
# - {name: PS1_z, datatype: float64}
# - {name: PS1_Y, datatype: float64}
# - {name: ukirt_J, datatype: float64}
# - {name: ukirt_H, datatype: float64}
# - {name: ukirt_K, datatype: float64}
# meta: !!omap
# - comment: [E = 0.11641960487160355, Eta0 = 8.02, GammaB = 12.0, dL = 0.012188, epsb = 6.760829753919819e-06, epse = 0.1, n = 2.5118864315095822e-05,
#     p = 2.15, theta_obs = 0.29670597283903605, xiN = 1.0, z = 0.0, type = grb, E_kiso = 268.2695795279727]
# schema: astropy-2.0
time swift_uvot_uvw2 swift_uvot_uvm2 swift_uvot_uvw1 swift_uvot_U swift_uvot_B swift_uvot_V swift_uvot_W johnson_U johnson_B johnson_V johnson_R johnson_I sdss_u sdss_g sdss_r sdss_i sdss_z PS1_g PS1_r PS1_i PS1_z PS1_Y ukirt_J ukirt_H ukirt_K
[from data line 335]
29.3752 1.352 1.401 1.326 1.133 0.991 0.852 1.213 1.111 0.988 0.847 0.706 0.558 1.116 0.943 0.771 0.651 0.54 0.88 0.737 0.617 0.518 0.35 0.328 0.159 -0.031
30.0838 1.344 1.394 1.319 1.126 0.984 0.845 1.205 1.104 0.981 0.839 0.699 0.55 1.109 0.936 0.764 0.644 0.533 0.872 0.73 0.61 0.511 0.343 0.321 0.152 -0.039
30.8096 1.337 1.387 1.312 1.119 0.976 0.837 1.198 1.096 0.974 0.832 0.692 0.543 1.101 0.929 0.757 0.636 0.526 0.865 0.723 0.603 0.504 0.335 0.314 0.144 -0.046
31.5528 1.33 1.379 1.305 1.112 0.969 0.83 1.191 1.089 0.967 0.825 0.684 0.536 1.094 0.922 0.75 0.629 0.519 0.858 0.715 0.596 0.497 0.328 0.307 0.137 -0.053
32.3139 1.323 1.372 1.297 1.104 0.962 0.823 1.184 1.082 0.96 0.818 0.677 0.529 1.087 0.914 0.743 0.622 0.511 0.851 0.708 0.588 0.489 0.321 0.299 0.13 -0.06
33.0935 1.316 1.365 1.29 1.097 0.955 0.816 1.176 1.075 0.952 0.811 0.67 0.521 1.08 0.907 0.735 0.615 0.504 0.844 0.701 0.581 0.482 0.314 0.292 0.123 -0.068
33.8918 1.308 1.358 1.283 1.09 0.948 0.808 1.169 1.068 0.945 0.803 0.663 0.514 1.073 0.9 0.728 0.608 0.497 0.836 0.694 0.574 0.475 0.307 0.285 0.116 -0.075
34.7093 1.301 1.351 1.276 1.083 0.94 0.801 1.162 1.06 0.938 0.796 0.656 0.507 1.065 0.893 0.721 0.6 0.49 0.829 0.687 0.567 0.468 0.299 0.278 0.108 -0.082
35.5466 1.294 1.343 1.269 1.076 0.933 0.794 1.155 1.053 0.931 0.789 0.648 0.5 1.058 0.886 0.714 0.593 0.482 0.822 0.679 0.559 0.46 0.292 0.27 0.101 -0.089
36.4041 1.287 1.336 1.261 1.068 0.926 0.787 1.148 1.046 0.924 0.782 0.641 0.493 1.051 0.878 0.707 0.586 0.475 0.815 0.672 0.552 0.453 0.285 0.263 0.094 -0.096
37.2823 1.278 1.328 1.253 1.06 0.917 0.778 1.139 1.038 0.915 0.773 0.633 0.484 1.043 0.87 0.698 0.577 0.467 0.806 0.664 0.544 0.445 0.277 0.255 0.085 -0.105
38.1817 1.266 1.315 1.241 1.048 0.905 0.766 1.127 1.025 0.903 0.761 0.62 0.472 1.03 0.858 0.686 0.565 0.455 0.794 0.651 0.532 0.433 0.264 0.243 0.073 -0.117
39.1028 1.254 1.303 1.228 1.035 0.893 0.754 1.115 1.013 0.891 0.749 0.608 0.46 1.018 0.845 0.674 0.553 0.442 0.782 0.639 0.519 0.42 0.252 0.23 0.061 -0.129
40.046 1.242 1.291 1.216 1.023 0.881 0.742 1.102 1.001 0.878 0.736 0.596 0.447 1.006 0.833 0.661 0.541 0.43 0.769 0.627 0.507 0.408 0.24 0.218 0.049 -0.142
41.0121 1.229 1.279 1.204 1.011 0.868 0.729 1.09 0.989 0.866 0.724 0.584 0.435 0.994 0.821 0.649 0.528 0.418 0.757 0.615 0.495 0.396 0.228 0.206 0.036 -0.154
42.0014 1.217 1.266 1.192 0.999 0.856 0.717 1.078 0.976 0.854 0.712 0.571 0.423 0.981 0.809 0.637 0.516 0.406 0.745 0.602 0.483 0.384 0.215 0.194 0.024 -0.166
43.0146 1.205 1.254 1.179 0.986 0.844 0.705 1.066 0.964 0.842 0.7 0.559 0.411 0.969 0.796 0.625 0.504 0.393 0.733 0.59 0.47 0.371 0.203 0.181 0.012 -0.178
44.0523 1.193 1.242 1.167 0.974 0.832 0.693 1.053 0.952 0.829 0.687 0.547 0.398 0.957 0.784 0.612 0.492 0.381 0.72 0.578 0.458 0.359 0.191 0.169 -0.0 -0.191
45.1149 1.18 1.23 1.155 0.962 0.819 0.68 1.041 0.94 0.817 0.675 0.535 0.386 0.945 0.772 0.6 0.479 0.369 0.708 0.566 0.446 0.347 0.179 0.157 -0.012 -0.203
46.2033 1.168 1.217 1.143 0.95 0.807 0.668 1.029 0.927 0.805 0.663 0.522 0.374 0.932 0.76 0.588 0.467 0.357 0.696 0.553 0.434 0.335 0.166 0.145 -0.025 -0.215
47.3178 1.158 1.207 1.132 0.939 0.797 0.658 1.019 0.917 0.795 0.653 0.512 0.364 0.922 0.749 0.578 0.457 0.346 0.686 0.543 0.423 0.324 0.156 0.134 -0.035 -0.225
48.4593 1.151 1.2 1.125 0.932 0.79 0.651 1.012 0.91 0.787 0.646 0.505 0.357 0.915 0.742 0.571 0.45 0.339 0.679 0.536 0.416 0.317 0.149 0.127 -0.042 -0.232
49.6283 1.144 1.193 1.118 0.925 0.783 0.644 1.004 0.903 0.78 0.638 0.498 0.349 0.908 0.735 0.563 0.443 0.332 0.671 0.529 0.409 0.31 0.142 0.12 -0.049 -0.24
50.8255 1.136 1.186 1.111 0.918 0.776 0.637 0.997 0.896 0.773 0.631 0.491 0.342 0.901 0.728 0.556 0.436 0.325 0.664 0.522 0.402 0.303 0.135 0.113 -0.056 -0.247
52.0515 1.129 1.179 1.104 0.911 0.769 0.629 0.99 0.889 0.766 0.624 0.484 0.335 0.894 0.721 0.549 0.428 0.318 0.657 0.515 0.395 0.296 0.128 0.106 -0.063 -0.254
53.3072 1.122 1.172 1.097 0.904 0.761 0.622 0.983 0.881 0.759 0.617 0.477 0.328 0.886 0.714 0.542 0.421 0.311 0.65 0.508 0.388 0.289 0.12 0.099 -0.071 -0.261
54.5931 1.115 1.164 1.09 0.897 0.754 0.615 0.976 0.874 0.752 0.61 0.47 0.321 0.879 0.707 0.535 0.414 0.304 0.643 0.5 0.381 0.282 0.113 0.092 -0.078 -0.268
55.9101 1.108 1.157 1.083 0.89 0.747 0.608 0.969 0.867 0.745 0.603 0.462 0.314 0.872 0.7 0.528 0.407 0.296 0.636 0.493 0.373 0.274 0.106 0.084 -0.085 -0.275
57.2588 1.101 1.15 1.075 0.882 0.74 0.601 0.962 0.86 0.738 0.596 0.455 0.307 0.865 0.692 0.521 0.4 0.289 0.629 0.486 0.366 0.267 0.099 0.077 -0.092 -0.282
58.6401 1.094 1.143 1.068 0.875 0.733 0.594 0.955 0.853 0.73 0.589 0.448 0.3 0.858 0.685 0.514 0.393 0.282 0.622 0.479 0.359 0.26 0.092 0.07 -0.099 -0.289
60.0546 1.089 1.138 1.064 0.871 0.728 0.589 0.95 0.848 0.726 0.584 0.443 0.295 0.853 0.681 0.509 0.388 0.277 0.617 0.474 0.355 0.256 0.087 0.066 -0.104 -0.294
61.5034 1.086 1.136 1.061 0.868 0.726 0.587 0.947 0.846 0.723 0.581 0.441 0.292 0.851 0.678 0.506 0.386 0.275 0.614 0.472 0.352 0.253 0.085 0.063 -0.106 -0.297
62.987 1.084 1.133 1.058 0.866 0.723 0.584 0.945 0.843 0.721 0.579 0.438 0.29 0.848 0.676 0.504 0.383 0.272 0.612 0.469 0.349 0.25 0.082 0.06 -0.109 -0.299
64.5065 1.081 1.131 1.056 0.863 0.721 0.581 0.942 0.841 0.718 0.576 0.436 0.287 0.846 0.673 0.501 0.38 0.27 0.609 0.467 0.347 0.248 0.08 0.058 -0.111 -0.302
66.0626 1.079 1.128 1.053 0.86 0.718 0.579 0.94 0.838 0.716 0.574 0.433 0.285 0.843 0.67 0.499 0.378 0.267 0.607 0.464 0.344 0.245 0.077 0.055 -0.114 -0.304
67.6562 1.076 1.126 1.051 0.858 0.715 0.576 0.937 0.835 0.713 0.571 0.431 0.282 0.841 0.668 0.496 0.375 0.265 0.604 0.462 0.342 0.243 0.074 0.053 -0.117 -0.307
69.2883 1.074 1.123 1.048 0.855 0.713 0.574 0.935 0.833 0.71 0.569 0.428 0.28 0.838 0.665 0.494 0.373 0.262 0.602 0.459 0.339 0.24 0.072 0.05 -0.119 -0.309
70.9597 1.071 1.121 1.046 0.853 0.71 0.571 0.932 0.83 0.708 0.566 0.426 0.277 0.835 0.663 0.491 0.37 0.26 0.599 0.457 0.337 0.238 0.069 0.048 -0.122 -0.312
72.6715 1.069 1.118 1.043 0.85 0.708 0.569 0.929 0.828 0.705 0.564 0.423 0.274 0.833 0.66 0.488 0.368 0.257 0.597 0.454 0.334 0.235 0.067 0.045 -0.124 -0.315
74.4246 1.066 1.115 1.041 0.848 0.705 0.566 0.927 0.825 0.703 0.561 0.42 0.272 0.83 0.658 0.486 0.365 0.255 0.594 0.451 0.332 0.233 0.064 0.043 -0.127 -0.317
76.2199 1.045 1.094 1.02 0.827 0.684 0.545 0.906 0.804 0.682 0.54 0.399 0.251 0.809 0.637 0.465 0.344 0.233 0.573 0.43 0.31 0.211 0.043 0.022 -0.148 -0.338
78.0586 1.015 1.064 0.99 0.797 0.654 0.515 0.876 0.774 0.652 0.51 0.369 0.221 0.779 0.607 0.435 0.314 0.204 0.543 0.4 0.281 0.182 0.013 -0.008 -0.178 -0.368
79.9416 0.985 1.034 0.96 0.767 0.624 0.485 0.846 0.744 0.622 0.48 0.34 0.191 0.749 0.577 0.405 0.284 0.174 0.513 0.37 0.251 0.152 -0.017 -0.038 -0.208 -0.398
81.87 0.955 1.005 0.93 0.737 0.594 0.455 0.816 0.714 0.592 0.45 0.31 0.161 0.719 0.547 0.375 0.254 0.144 0.483 0.34 0.221 0.122 -0.047 -0.068 -0.238 -0.428
83.845 0.925 0.975 0.9 0.707 0.564 0.425 0.786 0.684 0.562 0.42 0.28 0.131 0.689 0.517 0.345 0.224 0.114 0.453 0.311 0.191 0.092 -0.077 -0.098 -0.268 -0.458
85.8676 0.895 0.945 0.87 0.677 0.534 0.395 0.756 0.654 0.532 0.39 0.25 0.101 0.659 0.487 0.315 0.194 0.084 0.423 0.281 0.161 0.062 -0.107 -0.128 -0.298 -0.488
87.939 0.865 0.915 0.84 0.647 0.504 0.365 0.726 0.625 0.502 0.36 0.22 0.071 0.63 0.457 0.285 0.164 0.054 0.393 0.251 0.131 0.032 -0.136 -0.158 -0.328 -0.518
90.0604 0.835 0.885 0.81 0.617 0.475 0.335 0.696 0.595 0.472 0.33 0.19 0.041 0.6 0.427 0.255 0.134 0.024 0.363 0.221 0.101 0.002 -0.166 -0.188 -0.357 -0.548
92.2329 0.805 0.855 0.78 0.587 0.445 0.305 0.666 0.565 0.442 0.3 0.16 0.011 0.57 0.397 0.225 0.105 -0.006 0.333 0.191 0.071 -0.028 -0.196 -0.218 -0.387 -0.578
94.4579 0.775 0.825 0.75 0.557 0.415 0.276 0.636 0.535 0.412 0.27 0.13 -0.019 0.54 0.367 0.195 0.075 -0.036 0.303 0.161 0.041 -0.058 -0.226 -0.248 -0.417 -0.608
96.7365 0.77 0.82 0.745 0.552 0.41 0.271 0.631 0.53 0.407 0.265 0.125 -0.024 0.535 0.362 0.19 0.07 -0.041 0.298 0.156 0.036 -0.063 -0.231 -0.253 -0.422 -0.613
99.0701 0.771 0.82 0.746 0.553 0.41 0.271 0.632 0.53 0.408 0.266 0.125 -0.023 0.535 0.363 0.191 0.07 -0.041 0.299 0.156 0.037 -0.063 -0.231 -0.252 -0.422 -0.612
101.4599 0.772 0.821 0.746 0.553 0.411 0.272 0.632 0.531 0.408 0.266 0.126 -0.023 0.536 0.363 0.191 0.071 -0.04 0.299 0.157 0.037 -0.062 -0.23 -0.252 -0.421 -0.612
103.9075 0.772 0.821 0.747 0.554 0.411 0.272 0.633 0.531 0.409 0.267 0.127 -0.022 0.536 0.364 0.192 0.071 -0.039 0.3 0.157 0.038 -0.061 -0.23 -0.251 -0.421 -0.611
106.4141 0.773 0.822 0.747 0.554 0.412 0.273 0.634 0.532 0.409 0.268 0.127 -0.022 0.537 0.364 0.192 0.072 -0.039 0.301 0.158 0.038 -0.061 -0.229 -0.251 -0.42 -0.611
108.9811 0.773 0.823 0.748 0.555 0.412 0.273 0.634 0.532 0.41 0.268 0.128 -0.021 0.537 0.365 0.193 0.072 -0.038 0.301 0.159 0.039 -0.06 -0.229 -0.25 -0.42 -0.61
111.6101 0.774 0.823 0.748 0.555 0.413 0.274 0.635 0.533 0.411 0.269 0.128 -0.02 0.538 0.365 0.194 0.073 -0.038 0.302 0.159 0.039 -0.06 -0.228 -0.25 -0.419 -0.609
114.3025 0.774 0.824 0.749 0.556 0.413 0.274 0.635 0.533 0.411 0.269 0.129 -0.02 0.539 0.366 0.194 0.073 -0.037 0.302 0.16 0.04 -0.059 -0.228 -0.249 -0.419 -0.609
117.0598 0.775 0.824 0.749 0.556 0.414 0.275 0.636 0.534 0.412 0.27 0.129 -0.019 0.539 0.366 0.195 0.074 -0.037 0.303 0.16 0.04 -0.059 -0.227 -0.249 -0.418 -0.608
119.8836 0.775 0.825 0.75 0.557 0.415 0.275 0.636 0.535 0.412 0.27 0.13 -0.019 0.54 0.367 0.195 0.074 -0.036 0.303 0.161 0.041 -0.058 -0.226 -0.248 -0.417 -0.608
122.7756 0.778 0.827 0.752 0.559 0.417 0.278 0.638 0.537 0.414 0.273 0.132 -0.017 0.542 0.369 0.197 0.077 -0.034 0.306 0.163 0.043 -0.056 -0.224 -0.246 -0.415 -0.606
125.7373 0.78 0.829 0.755 0.562 0.419 0.28 0.641 0.539 0.417 0.275 0.134 -0.014 0.544 0.372 0.2 0.079 -0.032 0.308 0.165 0.045 -0.054 -0.222 -0.244 -0.413 -0.603
128.7705 0.782 0.832 0.757 0.564 0.421 0.282 0.643 0.542 0.419 0.277 0.137 -0.012 0.547 0.374 0.202 0.081 -0.029 0.31 0.168 0.048 -0.051 -0.219 -0.241 -0.411 -0.601
131.8769 0.785 0.834 0.759 0.566 0.424 0.285 0.646 0.544 0.421 0.28 0.139 -0.009 0.549 0.376 0.204 0.084 -0.027 0.313 0.17 0.05 -0.049 -0.217 -0.239 -0.408 -0.599
135.0582 0.787 0.836 0.762 0.569 0.426 0.287 0.648 0.546 0.424 0.282 0.141 -0.007 0.551 0.379 0.207 0.086 -0.025 0.315 0.172 0.053 -0.047 -0.215 -0.236 -0.406 -0.596
138.3162 0.789 0.839 0.764 0.571 0.429 0.289 0.65 0.549 0.426 0.284 0.144 -0.005 0.554 0.381 0.209 0.088 -0.022 0.317 0.175 0.055 -0.044 -0.212 -0.234 -0.403 -0.594
141.6528 0.792 0.841 0.766 0.573 0.431 0.292 0.653 0.551 0.428 0.287 0.146 -0.002 0.556 0.383 0.211 0.091 -0.02 0.32 0.177 0.057 -0.042 -0.21 -0.232 -0.401 -0.591
145.0699 0.794 0.843 0.769 0.576 0.433 0.294 0.655 0.553 0.431 0.289 0.148 -0.0 0.558 0.386 0.214 0.093 -0.018 0.322 0.179 0.06 -0.039 -0.208 -0.229 -0.399 -0.589
148.5695 0.796 0.846 0.771 0.578 0.436 0.296 0.657 0.556 0.433 0.291 0.151 0.002 0.561 0.388 0.216 0.095 -0.015 0.324 0.182 0.062 -0.037 -0.205 -0.227 -0.396 -0.587
152.1534 0.798 0.848 0.773 0.58 0.437 0.298 0.659 0.557 0.435 0.293 0.153 0.004 0.563 0.39 0.218 0.097 -0.013 0.326 0.184 0.064 -0.035 -0.204 -0.225 -0.395 -0.585
155.8238 0.797 0.846 0.771 0.578 0.436 0.297 0.657 0.556 0.433 0.291 0.151 0.002 0.561 0.388 0.216 0.096 -0.015 0.324 0.182 0.062 -0.037 -0.205 -0.227 -0.396 -0.587
159.5828 0.795 0.844 0.769 0.576 0.434 0.295 0.656 0.554 0.432 0.29 0.149 0.001 0.559 0.386 0.215 0.094 -0.017 0.323 0.18 0.06 -0.039 -0.207 -0.229 -0.398 -0.588
163.4324 0.793 0.843 0.768 0.575 0.432 0.293 0.654 0.552 0.43 0.288 0.148 -0.001 0.557 0.385 0.213 0.092 -0.018 0.321 0.178 0.059 -0.04 -0.209 -0.23 -0.4 -0.59
167.375 0.791 0.841 0.766 0.573 0.431 0.291 0.652 0.551 0.428 0.286 0.146 -0.003 0.556 0.383 0.211 0.091 -0.02 0.319 0.177 0.057 -0.042 -0.21 -0.232 -0.401 -0.592
171.4126 0.79 0.839 0.764 0.571 0.429 0.29 0.651 0.549 0.426 0.285 0.144 -0.004 0.554 0.381 0.209 0.089 -0.022 0.318 0.175 0.055 -0.044 -0.212 -0.234 -0.403 -0.593
175.5476 0.788 0.837 0.763 0.57 0.427 0.288 0.649 0.547 0.425 0.283 0.142 -0.006 0.552 0.38 0.208 0.087 -0.024 0.316 0.173 0.053 -0.046 -0.214 -0.236 -0.405 -0.595
179.7823 0.786 0.836 0.761 0.568 0.425 0.286 0.647 0.545 0.423 0.281 0.141 -0.008 0.55 0.378 0.206 0.085 -0.025 0.314 0.172 0.052 -0.047 -0.216 -0.237 -0.407 -0.597
184.1193 0.784 0.834 0.759 0.566 0.424 0.285 0.645 0.544 0.421 0.279 0.139 -0.01 0.549 0.376 0.204 0.084 -0.027 0.312 0.17 0.05 -0.049 -0.217 -0.239 -0.408 -0.599
188.5608 0.783 0.832 0.757 0.564 0.422 0.283 0.644 0.542 0.42 0.278 0.137 -0.011 0.547 0.374 0.203 0.082 -0.029 0.311 0.168 0.048 -0.051 -0.219 -0.241 -0.41 -0.6
193.1095 0.791 0.841 0.766 0.573 0.43 0.291 0.652 0.55 0.428 0.286 0.146 -0.003 0.556 0.383 0.211 0.09 -0.02 0.319 0.177 0.057 -0.042 -0.211 -0.232 -0.402 -0.592
197.7679 0.831 0.88 0.805 0.612 0.47 0.331 0.691 0.59 0.467 0.325 0.185 0.036 0.595 0.422 0.25 0.13 0.019 0.358 0.216 0.096 -0.003 -0.171 -0.193 -0.362 -0.553
202.5387 0.87 0.919 0.844 0.652 0.509 0.37 0.731 0.629 0.507 0.365 0.224 0.076 0.634 0.462 0.29 0.169 0.058 0.398 0.255 0.135 0.036 -0.132 -0.154 -0.323 -0.513
207.4245 0.909 0.959 0.884 0.691 0.548 0.409 0.77 0.668 0.546 0.404 0.264 0.115 0.673 0.501 0.329 0.208 0.098 0.437 0.295 0.175 0.076 -0.093 -0.114 -0.284 -0.474
212.4283 0.948 0.998 0.923 0.73 0.588 0.449 0.809 0.708 0.585 0.443 0.303 0.154 0.713 0.54 0.368 0.248 0.137 0.476 0.334 0.214 0.115 -0.053 -0.075 -0.244 -0.435
217.5527 0.988 1.037 0.962 0.769 0.627 0.488 0.849 0.747 0.625 0.483 0.342 0.194 0.752 0.58 0.408 0.287 0.176 0.516 0.373 0.253 0.154 -0.014 -0.036 -0.205 -0.395
222.8008 1.027 1.077 1.002 0.809 0.666 0.527 0.888 0.786 0.664 0.522 0.382 0.233 0.791 0.619 0.447 0.326 0.216 0.555 0.413 0.293 0.194 0.025 0.004 -0.166 -0.356
228.1754 1.066 1.116 1.041 0.848 0.706 0.567 0.927 0.826 0.703 0.561 0.421 0.272 0.831 0.658 0.486 0.366 0.255 0.594 0.452 0.332 0.233 0.065 0.043 -0.126 -0.317
233.6797 1.106 1.155 1.08 0.887 0.745 0.606 0.967 0.865 0.743 0.601 0.46 0.312 0.87 0.697 0.526 0.405 0.294 0.634 0.491 0.371 0.272 0.104 0.082 -0.087 -0.277
239.3168 1.145 1.195 1.12 0.927 0.784 0.645 1.006 0.904 0.782 0.64 0.5 0.351 0.909 0.737 0.565 0.444 0.334 0.673 0.53 0.411 0.312 0.143 0.122 -0.048 -0.238
245.0899 1.194 1.243 1.168 0.975 0.833 0.694 1.054 0.953 0.83 0.689 0.548 0.399 0.958 0.785 0.613 0.493 0.382 0.722 0.579 0.459 0.36 0.192 0.17 0.001 -0.19
251.0022 1.256 1.306 1.231 1.038 0.895 0.756 1.117 1.016 0.893 0.751 0.611 0.462 1.021 0.848 0.676 0.555 0.445 0.784 0.642 0.522 0.423 0.255 0.233 0.063 -0.127
257.0572 1.319 1.368 1.294 1.101 0.958 0.819 1.18 1.078 0.956 0.814 0.673 0.525 1.083 0.911 0.739 0.618 0.507 0.847 0.704 0.584 0.485 0.317 0.295 0.126 -0.064
263.2582 1.382 1.431 1.356 1.163 1.021 0.882 1.243 1.141 1.018 0.877 0.736 0.588 1.146 0.973 0.801 0.681 0.57 0.91 0.767 0.647 0.548 0.38 0.358 0.189 -0.002
269.6088 1.444 1.494 1.419 1.226 1.084 0.944 1.305 1.204 1.081 0.939 0.799 0.65 1.209 1.036 0.864 0.743 0.633 0.972 0.83 0.71 0.611 0.443 0.421 0.252 0.061
276.1126 1.507 1.556 1.482 1.289 1.146 1.007 1.368 1.266 1.144 1.002 0.861 0.713 1.271 1.099 0.927 0.806 0.695 1.035 0.892 0.773 0.673 0.505 0.484 0.314 0.124
282.7734 1.57 1.619 1.544 1.351 1.209 1.07 1.431 1.329 1.206 1.065 0.924 0.776 1.334 1.161 0.989 0.869 0.758 1.098 0.955 0.835 0.736 0.568 0.546 0.377 0.187
289.5947 1.632 1.682 1.607 1.414 1.272 1.132 1.493 1.392 1.269 1.127 0.987 0.838 1.397 1.224 1.052 0.931 0.821 1.16 1.018 0.898 0.799 0.631 0.609 0.44 0.249
296.5807 1.695 1.744 1.67 1.477 1.334 1.195 1.556 1.454 1.332 1.19 1.049 0.901 1.459 1.287 1.115 0.994 0.883 1.223 1.08 0.961 0.862 0.693 0.672 0.502 0.312
303.7351 1.758 1.807 1.732 1.539 1.397 1.258 1.619 1.517 1.394 1.253 1.112 0.964 1.522 1.349 1.178 1.057 0.946 1.286 1.143 1.023 0.924 0.756 0.734 0.565 0.375
311.0622 1.825 1.875 1.8 1.607 1.464 1.325 1.686 1.584 1.462 1.32 1.18 1.031 1.589 1.417 1.245 1.124 1.014 1.353 1.211 1.091 0.992 0.823 0.802 0.632 0.442
