web/models/grb/offaxis/18/grb_0.2967_1.9307_0.0063096.dat
# %ECSV 1.0
# ---
# datatype:
# - {name: time, datatype: float64}
# - {name: swift_uvot_uvw2, datatype: float64}
# - {name: swift_uvot_uvm2, datatype: float64}
# - {name: swift_uvot_uvw1, datatype: float64}
# - {name: swift_uvot_U, datatype: float64}
# - {name: swift_uvot_B, datatype: float64}
# - {name: swift_uvot_V, datatype: float64}
# - {name: swift_uvot_W, datatype: float64}
# - {name: johnson_U, datatype: float64}
# - {name: johnson_B, datatype: float64}
# - {name: johnson_V, datatype: float64}
# - {name: johnson_R, datatype: float64}
# - {name: johnson_I, datatype: float64}
# - {name: sdss_u, datatype: float64}
# - {name: sdss_g, datatype: float64}
# - {name: sdss_r, datatype: float64}
# - {name: sdss_i, datatype: float64}
# - {name: sdss_z, datatype: float64}
# - {name: PS1_g, datatype: float64}
# - {name: PS1_r, datatype: float64}
# - {name: PS1_i, datatype: float64}
# - {name: PS1_z, datatype: float64}
# - {name: PS1_Y, datatype: float64}
# - {name: PS1_w, datatype: float64}
# - {name: ATLAS_c, datatype: float64}
# - {name: ATLAS_o, datatype: float64}
# - {name: ukirt_J, datatype: float64}
# - {name: ukirt_H, datatype: float64}
# - {name: ukirt_K, datatype: float64}
# - {name: Clear, datatype: float64}
# meta: !!omap
# - comment: [E = 0.0008378552168254813, Eta0 = 8.02, GammaB = 12.0, dL = 0.012188, epsb = 6.760829753919819e-06, epse = 0.1, n = 0.00630957344480193,
#     p = 2.15, theta_obs = 0.29670597283903605, xiN = 1.0, z = 0.0, type = grb, E_kiso = 1.9306977288832496]
# schema: astropy-2.0
time swift_uvot_uvw2 swift_uvot_uvm2 swift_uvot_uvw1 swift_uvot_U swift_uvot_B swift_uvot_V swift_uvot_W johnson_U johnson_B johnson_V johnson_R johnson_I sdss_u sdss_g sdss_r sdss_i sdss_z PS1_g PS1_r PS1_i PS1_z PS1_Y PS1_w ATLAS_c ATLAS_o ukirt_J ukirt_H ukirt_K Clear
[from data line 360]
53.3072 6.662 6.711 6.636 6.443 6.301 6.162 6.523 6.421 6.299 6.157 6.016 5.868 6.426 6.253 6.082 5.961 5.85 6.19 6.047 5.927 5.828 5.66 6.084 6.179 6.026 5.638 5.469 5.279 5.994
54.5931 6.704 6.754 6.679 6.486 6.344 6.204 6.565 6.464 6.341 6.199 6.059 5.91 6.469 6.296 6.124 6.004 5.893 6.232 6.09 5.97 5.871 5.703 6.127 6.222 6.069 5.681 5.512 5.321 6.036
55.9101 6.747 6.796 6.722 6.529 6.386 6.247 6.608 6.506 6.384 6.242 6.102 5.953 6.511 6.339 6.167 6.046 5.936 6.275 6.132 6.013 5.914 5.745 6.169 6.264 6.112 5.724 5.554 5.364 6.079
57.2588 6.79 6.839 6.764 6.571 6.429 6.29 6.651 6.549 6.426 6.285 6.144 5.996 6.554 6.381 6.21 6.089 5.978 6.318 6.175 6.055 5.956 5.788 6.212 6.307 6.154 5.766 5.597 5.407 6.122
58.6401 6.832 6.882 6.807 6.614 6.472 6.332 6.693 6.592 6.469 6.327 6.187 6.038 6.597 6.424 6.252 6.131 6.021 6.36 6.218 6.098 5.999 5.831 6.254 6.35 6.197 5.809 5.64 5.449 6.164
60.0546 6.875 6.924 6.85 6.657 6.514 6.375 6.736 6.634 6.512 6.37 6.229 6.081 6.639 6.467 6.295 6.174 6.063 6.403 6.26 6.141 6.041 5.873 6.297 6.392 6.239 5.852 5.682 5.492 6.207
61.5034 6.918 6.967 6.892 6.699 6.557 6.418 6.779 6.677 6.554 6.413 6.272 6.123 6.682 6.509 6.337 6.217 6.106 6.446 6.303 6.183 6.084 5.916 6.34 6.435 6.282 5.894 5.725 5.534 6.249
62.987 6.958 7.008 6.933 6.74 6.598 6.459 6.819 6.718 6.595 6.453 6.313 6.164 6.723 6.55 6.378 6.258 6.147 6.486 6.344 6.224 6.125 5.957 6.381 6.476 6.323 5.935 5.766 5.575 6.29
64.5065 6.999 7.049 6.974 6.781 6.638 6.499 6.86 6.758 6.636 6.494 6.354 6.205 6.763 6.591 6.419 6.298 6.188 6.527 6.385 6.265 6.166 5.997 6.421 6.516 6.364 5.976 5.806 5.616 6.331
66.0626 7.04 7.089 7.015 6.822 6.679 6.54 6.901 6.799 6.677 6.535 6.394 6.246 6.804 6.632 6.46 6.339 6.228 6.568 6.425 6.305 6.206 6.038 6.462 6.557 6.404 6.016 5.847 5.657 6.372
67.6562 7.081 7.13 7.055 6.862 6.72 6.581 6.942 6.84 6.717 6.576 6.435 6.287 6.845 6.672 6.501 6.38 6.269 6.609 6.466 6.346 6.247 6.079 6.503 6.598 6.445 6.057 5.888 5.698 6.413
69.2883 7.121 7.171 7.096 6.903 6.761 6.622 6.982 6.881 6.758 6.616 6.476 6.327 6.886 6.713 6.541 6.421 6.31 6.649 6.507 6.387 6.288 6.12 6.544 6.639 6.486 6.098 5.929 5.738 6.453
70.9597 7.162 7.212 7.137 6.944 6.801 6.662 7.023 6.921 6.799 6.657 6.517 6.368 6.926 6.754 6.582 6.461 6.351 6.69 6.548 6.428 6.329 6.16 6.584 6.679 6.527 6.139 5.969 5.779 6.494
72.6715 7.203 7.252 7.177 6.985 6.842 6.703 7.064 6.962 6.84 6.698 6.557 6.409 6.967 6.795 6.623 6.502 6.391 6.731 6.588 6.468 6.369 6.201 6.625 6.72 6.567 6.179 6.01 5.82 6.535
74.4246 7.244 7.293 7.218 7.025 6.883 6.744 7.105 7.003 6.88 6.739 6.598 6.45 7.008 6.835 6.664 6.543 6.432 6.772 6.629 6.509 6.41 6.242 6.666 6.761 6.608 6.22 6.051 5.861 6.576
76.2199 7.284 7.334 7.259 7.066 6.924 6.785 7.145 7.044 6.921 6.779 6.639 6.49 7.049 6.876 6.704 6.584 6.473 6.812 6.67 6.55 6.451 6.283 6.707 6.802 6.649 6.261 6.092 5.901 6.616
78.0586 7.325 7.374 7.299 7.106 6.964 6.825 7.186 7.084 6.962 6.82 6.679 6.531 7.089 6.916 6.745 6.624 6.513 6.853 6.71 6.59 6.491 6.323 6.747 6.842 6.689 6.301 6.132 5.942 6.657
79.9416 7.361 7.41 7.336 7.143 7.0 6.861 7.222 7.12 6.998 6.856 6.716 6.567 7.125 6.953 6.781 6.66 6.55 6.889 6.746 6.627 6.528 6.359 6.783 6.878 6.726 6.338 6.168 5.978 6.693
81.87 7.397 7.447 7.372 7.179 7.037 6.897 7.258 7.157 7.034 6.892 6.752 6.603 7.162 6.989 6.817 6.697 6.586 6.925 6.783 6.663 6.564 6.396 6.819 6.915 6.762 6.374 6.205 6.014 6.729
83.845 7.434 7.483 7.408 7.215 7.073 6.934 7.295 7.193 7.07 6.929 6.788 6.64 7.198 7.025 6.854 6.733 6.622 6.962 6.819 6.699 6.6 6.432 6.856 6.951 6.798 6.41 6.241 6.051 6.766
85.8676 7.47 7.519 7.445 7.252 7.109 6.97 7.331 7.229 7.107 6.965 6.824 6.676 7.234 7.062 6.89 6.769 6.659 6.998 6.855 6.736 6.637 6.468 6.892 6.987 6.835 6.447 6.277 6.087 6.802
87.939 7.506 7.556 7.481 7.288 7.146 7.006 7.367 7.266 7.143 7.001 6.861 6.712 7.271 7.098 6.926 6.805 6.695 7.034 6.892 6.772 6.673 6.505 6.928 7.024 6.871 6.483 6.314 6.123 6.838
90.0604 7.543 7.592 7.517 7.324 7.182 7.043 7.404 7.302 7.179 7.038 6.897 6.749 7.307 7.134 6.962 6.842 6.731 7.071 6.928 6.808 6.709 6.541 6.965 7.06 6.907 6.519 6.35 6.16 6.875
92.2329 7.579 7.628 7.554 7.361 7.218 7.079 7.44 7.338 7.216 7.074 6.933 6.785 7.343 7.171 6.999 6.878 6.767 7.107 6.964 6.845 6.745 6.577 7.001 7.096 6.943 6.556 6.386 6.196 6.911
94.4579 7.615 7.665 7.59 7.397 7.255 7.115 7.476 7.375 7.252 7.11 6.97 6.821 7.38 7.207 7.035 6.914 6.804 7.143 7.001 6.881 6.782 6.614 7.037 7.133 6.98 6.592 6.423 6.232 6.947
96.7365 7.652 7.701 7.626 7.433 7.291 7.152 7.513 7.411 7.288 7.147 7.006 6.858 7.416 7.243 7.071 6.951 6.84 7.18 7.037 6.917 6.818 6.65 7.074 7.169 7.016 6.628 6.459 6.268 6.983
99.0701 7.688 7.737 7.662 7.469 7.327 7.188 7.548 7.447 7.324 7.182 7.042 6.893 7.452 7.279 7.107 6.987 6.876 7.215 7.073 6.953 6.854 6.686 7.11 7.205 7.052 6.664 6.495 6.304 7.019
101.4599 7.722 7.772 7.697 7.504 7.361 7.222 7.583 7.481 7.359 7.217 7.077 6.928 7.486 7.314 7.142 7.021 6.911 7.25 7.108 6.988 6.889 6.72 7.144 7.24 7.087 6.699 6.529 6.339 7.054
103.9075 7.757 7.806 7.731 7.539 7.396 7.257 7.618 7.516 7.394 7.252 7.111 6.963 7.521 7.349 7.177 7.056 6.945 7.285 7.142 7.022 6.923 6.755 7.179 7.274 7.121 6.733 6.564 6.374 7.089
106.4141 7.792 7.841 7.766 7.573 7.431 7.292 7.652 7.551 7.428 7.287 7.146 6.997 7.556 7.383 7.211 7.091 6.98 7.319 7.177 7.057 6.958 6.79 7.214 7.309 7.156 6.768 6.599 6.408 7.123
108.9811 7.826 7.876 7.801 7.608 7.465 7.326 7.687 7.585 7.463 7.321 7.181 7.032 7.591 7.418 7.246 7.125 7.015 7.354 7.212 7.092 6.993 6.824 7.248 7.344 7.191 6.803 6.633 6.443 7.158
111.6101 7.861 7.91 7.835 7.643 7.5 7.361 7.722 7.62 7.498 7.356 7.215 7.067 7.625 7.453 7.281 7.16 7.049 7.389 7.246 7.126 7.027 6.859 7.283 7.378 7.225 6.837 6.668 6.478 7.193
114.3025 7.896 7.945 7.87 7.677 7.535 7.396 7.756 7.655 7.532 7.391 7.25 7.101 7.66 7.487 7.315 7.195 7.084 7.424 7.281 7.161 7.062 6.894 7.318 7.413 7.26 6.872 6.703 6.512 7.227
117.0598 7.93 7.98 7.905 7.712 7.569 7.43 7.791 7.689 7.567 7.425 7.285 7.136 7.695 7.522 7.35 7.229 7.119 7.458 7.316 7.196 7.097 6.929 7.352 7.448 7.295 6.907 6.737 6.547 7.262
119.8836 7.965 8.014 7.94 7.747 7.604 7.465 7.826 7.724 7.602 7.46 7.319 7.171 7.729 7.557 7.385 7.264 7.153 7.493 7.35 7.23 7.131 6.963 7.387 7.482 7.329 6.941 6.772 6.582 7.297
122.7756 8.0 8.049 7.974 7.781 7.639 7.5 7.86 7.759 7.636 7.495 7.354 7.205 7.764 7.591 7.419 7.299 7.188 7.528 7.385 7.265 7.166 6.998 7.422 7.517 7.364 6.976 6.807 6.616 7.331
125.7373 8.033 8.083 8.008 7.815 7.673 7.534 7.894 7.793 7.67 7.528 7.388 7.239 7.798 7.625 7.453 7.333 7.222 7.561 7.419 7.299 7.2 7.032 7.456 7.551 7.398 7.01 6.841 6.65 7.365
128.7705 8.066 8.115 8.041 7.848 7.705 7.566 7.927 7.825 7.703 7.561 7.42 7.272 7.83 7.658 7.486 7.365 7.254 7.594 7.451 7.332 7.232 7.064 7.488 7.583 7.43 7.043 6.873 6.683 7.398
131.8769 8.098 8.148 8.073 7.88 7.738 7.599 7.959 7.858 7.735 7.593 7.453 7.304 7.863 7.69 7.518 7.398 7.287 7.626 7.484 7.364 7.265 7.097 7.521 7.616 7.463 7.075 6.906 6.715 7.43
135.0582 8.131 8.18 8.106 7.913 7.77 7.631 7.992 7.89 7.768 7.626 7.485 7.337 7.895 7.723 7.551 7.43 7.32 7.659 7.516 7.397 7.298 7.129 7.553 7.648 7.496 7.108 6.938 6.748 7.463
138.3162 8.164 8.213 8.138 7.945 7.803 7.664 8.024 7.923 7.8 7.659 7.518 7.369 7.928 7.755 7.583 7.463 7.352 7.691 7.549 7.429 7.33 7.162 7.586 7.681 7.528 7.14 6.971 6.78 7.495
141.6528 8.196 8.246 8.171 7.978 7.835 7.696 8.057 7.955 7.833 7.691 7.551 7.402 7.96 7.788 7.616 7.495 7.385 7.724 7.581 7.462 7.363 7.194 7.618 7.713 7.561 7.173 7.003 6.813 7.528
145.0699 8.229 8.278 8.203 8.01 7.868 7.729 8.09 7.988 7.865 7.724 7.583 7.435 7.993 7.82 7.648 7.528 7.417 7.757 7.614 7.494 7.395 7.227 7.651 7.746 7.593 7.205 7.036 6.845 7.56
148.5695 8.261 8.311 8.236 8.043 7.9 7.761 8.122 8.02 7.898 7.756 7.616 7.467 8.025 7.853 7.681 7.56 7.45 7.789 7.647 7.527 7.428 7.259 7.683 7.778 7.626 7.238 7.068 6.878 7.593
152.1534 8.294 8.343 8.268 8.075 7.933 7.794 8.155 8.053 7.93 7.789 7.648 7.5 8.058 7.885 7.714 7.593 7.482 7.822 7.679 7.559 7.46 7.292 7.716 7.811 7.658 7.27 7.101 6.911 7.626
155.8238 8.326 8.376 8.301 8.108 7.965 7.826 8.187 8.085 7.963 7.821 7.681 7.532 8.09 7.918 7.746 7.625 7.515 7.854 7.712 7.592 7.493 7.324 7.748 7.844 7.691 7.303 7.133 6.943 7.658
159.5828 8.363 8.412 8.337 8.144 8.002 7.863 8.224 8.122 8.0 7.858 7.717 7.569 8.127 7.954 7.783 7.662 7.551 7.891 7.748 7.628 7.529 7.361 7.785 7.88 7.727 7.339 7.17 6.98 7.695
163.4324 8.403 8.452 8.377 8.184 8.042 7.903 8.264 8.162 8.04 7.898 7.757 7.609 8.167 7.994 7.823 7.702 7.591 7.931 7.788 7.668 7.569 7.401 7.825 7.92 7.767 7.379 7.21 7.02 7.735
167.375 8.443 8.492 8.417 8.224 8.082 7.943 8.304 8.202 8.08 7.938 7.797 7.649 8.207 8.034 7.863 7.742 7.631 7.971 7.828 7.708 7.609 7.441 7.865 7.96 7.807 7.419 7.25 7.06 7.775
171.4126 8.483 8.532 8.457 8.264 8.122 7.983 8.344 8.242 8.12 7.978 7.837 7.689 8.247 8.075 7.903 7.782 7.671 8.011 7.868 7.748 7.649 7.481 7.905 8.0 7.847 7.459 7.29 7.1 7.815
175.5476 8.523 8.572 8.497 8.305 8.162 8.023 8.384 8.282 8.16 8.018 7.877 7.729 8.287 8.115 7.943 7.822 7.711 8.051 7.908 7.788 7.689 7.521 7.945 8.04 7.887 7.499 7.33 7.14 7.855
179.7823 8.563 8.612 8.538 8.345 8.202 8.063 8.424 8.322 8.2 8.058 7.917 7.769 8.327 8.155 7.983 7.862 7.751 8.091 7.948 7.828 7.729 7.561 7.985 8.08 7.927 7.539 7.37 7.18 7.895
184.1193 8.603 8.652 8.578 8.385 8.242 8.103 8.464 8.362 8.24 8.098 7.957 7.809 8.367 8.195 8.023 7.902 7.791 8.131 7.988 7.869 7.769 7.601 8.025 8.12 7.967 7.58 7.41 7.22 7.935
188.5608 8.643 8.692 8.618 8.425 8.282 8.143 8.504 8.402 8.28 8.138 7.997 7.849 8.407 8.235 8.063 7.942 7.832 8.171 8.028 7.909 7.81 7.641 8.065 8.16 8.008 7.62 7.45 7.26 7.975
193.1095 8.683 8.732 8.658 8.465 8.322 8.183 8.544 8.442 8.32 8.178 8.038 7.889 8.447 8.275 8.103 7.982 7.872 8.211 8.068 7.949 7.85 7.681 8.105 8.2 8.048 7.66 7.49 7.3 8.015
197.7679 8.723 8.773 8.698 8.505 8.362 8.223 8.584 8.482 8.36 8.218 8.078 7.929 8.487 8.315 8.143 8.022 7.912 8.251 8.108 7.989 7.89 7.721 8.145 8.24 8.088 7.7 7.53 7.34 8.055
202.5387 8.782 8.831 8.756 8.563 8.421 8.282 8.643 8.541 8.418 8.277 8.136 7.988 8.546 8.373 8.201 8.081 7.97 8.31 8.167 8.047 7.948 7.78 8.204 8.299 8.146 7.758 7.589 7.398 8.113
207.4245 8.849 8.899 8.824 8.631 8.488 8.349 8.71 8.608 8.486 8.344 8.204 8.055 8.613 8.441 8.269 8.148 8.038 8.377 8.235 8.115 8.016 7.847 8.271 8.366 8.214 7.826 7.656 7.466 8.181
212.4283 8.917 8.966 8.891 8.698 8.556 8.417 8.778 8.676 8.554 8.412 8.271 8.123 8.681 8.508 8.337 8.216 8.105 8.445 8.302 8.182 8.083 7.915 8.339 8.434 8.281 7.893 7.724 7.534 8.249
217.5527 8.984 9.034 8.959 8.766 8.623 8.484 8.845 8.743 8.621 8.479 8.339 8.19 8.749 8.576 8.404 8.283 8.173 8.512 8.37 8.25 8.151 7.982 8.406 8.502 8.349 7.961 7.791 7.601 8.316
222.8008 9.052 9.101 9.026 8.833 8.691 8.552 8.913 8.811 8.689 8.547 8.406 8.258 8.816 8.643 8.472 8.351 8.24 8.58 8.437 8.317 8.218 8.05 8.474 8.569 8.416 8.028 7.859 7.669 8.384
228.1754 9.119 9.169 9.094 8.901 8.759 8.619 8.98 8.879 8.756 8.614 8.474 8.325 8.884 8.711 8.539 8.418 8.308 8.647 8.505 8.385 8.286 8.118 8.541 8.637 8.484 8.096 7.927 7.736 8.451
233.6797 9.187 9.236 9.161 8.969 8.826 8.687 9.048 8.946 8.824 8.682 8.541 8.393 8.951 8.779 8.607 8.486 8.375 8.715 8.572 8.452 8.353 8.185 8.609 8.704 8.551 8.163 7.994 7.804 8.519
239.3168 9.254 9.304 9.229 9.036 8.894 8.755 9.115 9.014 8.891 8.749 8.609 8.46 9.019 8.846 8.674 8.554 8.443 8.782 8.64 8.52 8.421 8.253 8.677 8.772 8.619 8.231 8.062 7.871 8.586
245.0899 9.322 9.371 9.297 9.104 8.961 8.822 9.183 9.081 8.959 8.817 8.676 8.528 9.086 8.914 8.742 8.621 8.51 8.85 8.707 8.588 8.488 8.32 8.744 8.839 8.686 8.299 8.129 7.939 8.654
251.0022 9.389 9.439 9.364 9.171 9.029 8.89 9.25 9.149 9.026 8.884 8.744 8.595 9.154 8.981 8.809 8.689 8.578 8.917 8.775 8.655 8.556 8.388 8.812 8.907 8.754 8.366 8.197 8.006 8.721
257.0572 9.485 9.534 9.459 9.266 9.124 8.985 9.345 9.244 9.121 8.979 8.839 8.69 9.249 9.076 8.904 8.784 8.673 9.012 8.87 8.75 8.651 8.483 8.907 9.002 8.849 8.461 8.292 8.101 8.816
263.2582 9.586 9.635 9.56 9.368 9.225 9.086 9.447 9.345 9.223 9.081 8.94 8.792 9.35 9.178 9.006 8.885 8.774 9.114 8.971 8.851 8.752 8.584 9.008 9.103 8.95 8.562 8.393 8.203 8.918
269.6088 9.687 9.737 9.662 9.469 9.326 9.187 9.548 9.446 9.324 9.182 9.042 8.893 9.451 9.279 9.107 8.986 8.876 9.215 9.073 8.953 8.854 8.685 9.109 9.205 9.052 8.664 8.494 8.304 9.019
276.1126 9.789 9.838 9.763 9.57 9.428 9.289 9.649 9.548 9.425 9.283 9.143 8.994 9.553 9.38 9.208 9.088 8.977 9.316 9.174 9.054 8.955 8.787 9.211 9.306 9.153 8.765 8.596 8.405 9.12
282.7734 9.89 9.939 9.864 9.672 9.529 9.39 9.751 9.649 9.527 9.385 9.244 9.096 9.654 9.482 9.31 9.189 9.078 9.418 9.275 9.155 9.056 8.888 9.312 9.407 9.254 8.866 8.697 8.507 9.222
289.5947 9.991 10.041 9.966 9.773 9.63 9.491 9.852 9.75 9.628 9.486 9.346 9.197 9.755 9.583 9.411 9.29 9.18 9.519 9.377 9.257 9.158 8.989 9.413 9.509 9.356 8.968 8.798 8.608 9.323
296.5807 10.093 10.142 10.067 9.874 9.732 9.593 9.953 9.852 9.729 9.587 9.447 9.298 9.857 9.684 9.512 9.392 9.281 9.62 9.478 9.358 9.259 9.091 9.515 9.61 9.457 9.069 8.9 8.709 9.424
303.7351 10.194 10.243 10.168 9.976 9.833 9.694 10.055 9.953 9.831 9.689 9.548 9.4 9.958 9.786 9.614 9.493 9.382 9.722 9.579 9.459 9.36 9.192 9.616 9.711 9.558 9.17 9.001 8.811 9.526
311.0622 10.295 10.345 10.27 10.077 9.934 9.795 10.156 10.054 9.932 9.79 9.65 9.501 10.059 9.887 9.715 9.594 9.484 9.823 9.681 9.561 9.462 9.293 9.717 9.813 9.66 9.272 9.102 8.912 9.627
318.566 10.397 10.446 10.371 10.178 10.036 9.897 10.257 10.156 10.033 9.891 9.751 9.602 10.161 9.988 9.816 9.696 9.585 9.924 9.782 9.662 9.563 9.395 9.819 9.914 9.761 9.373 9.204 9.013 9.728
326.2508 10.558 10.607 10.532 10.34 10.197 10.058 10.419 10.317 10.195 10.053 9.912 9.764 10.322 10.15 9.978 9.857 9.746 10.086 9.943 9.823 9.724 9.556 9.98 10.075 9.922 9.534 9.365 9.175 9.89
334.121 10.722 10.771 10.696 10.504 10.361 10.222 10.583 10.481 10.359 10.217 10.076 9.928 10.486 10.314 10.142 10.021 9.91 10.25 10.107 9.987 9.888 9.72 10.144 10.239 10.086 9.698 9.529 9.339 10.054
342.181 10.886 10.935 10.86 10.668 10.525 10.386 10.747 10.645 10.523 10.381 10.24 10.092 10.65 10.478 10.306 10.185 10.074 10.414 10.271 10.151 10.052 9.884 10.308 10.403 10.25 9.862 9.693 9.503 10.218
350.4355 11.05 11.099 11.024 10.832 10.689 10.55 10.911 10.809 10.687 10.545 10.404 10.256 10.814 10.642 10.47 10.349 10.238 10.578 10.435 10.315 10.216 10.048 10.472 10.567 10.414 10.026 9.857 9.667 10.382
358.8891 11.214 11.263 11.188 10.996 10.853 10.714 11.075 10.973 10.851 10.709 10.568 10.42 10.978 10.806 10.634 10.513 10.402 10.742 10.599 10.479 10.38 10.212 10.636 10.731 10.578 10.19 10.021 9.831 10.546
367.5467 11.378 11.427 11.352 11.16 11.017 10.878 11.239 11.137 11.015 10.873 10.732 10.584 11.142 10.97 10.798 10.677 10.566 10.906 10.763 10.643 10.544 10.376 10.8 10.895 10.742 10.354 10.185 9.995 10.71
376.4131 11.542 11.591 11.516 11.324 11.181 11.042 11.403 11.301 11.179 11.037 10.896 10.748 11.306 11.134 10.962 10.841 10.73 11.07 10.927 10.807 10.708 10.54 10.964 11.059 10.906 10.518 10.349 10.159 10.874
385.4933 11.706 11.755 11.68 11.488 11.345 11.206 11.567 11.465 11.343 11.201 11.06 10.912 11.47 11.298 11.126 11.005 10.894 11.234 11.091 10.971 10.872 10.704 11.128 11.223 11.07 10.682 10.513 10.323 11.038
394.7926 11.87 11.919 11.844 11.652 11.509 11.37 11.731 11.629 11.507 11.365 11.224 11.076 11.634 11.462 11.29 11.169 11.058 11.398 11.255 11.135 11.036 10.868 11.292 11.387 11.234 10.846 10.677 10.487 11.202
404.3163 12.049 12.098 12.024 11.831 11.688 11.549 11.91 11.808 11.686 11.544 11.403 11.255 11.813 11.641 11.469 11.348 11.237 11.577 11.434 11.314 11.215 11.047 11.471 11.566 11.413 11.025 10.856 10.666 11.381
