web/models/grb/offaxis/18/grb_0.2967_26.8270_6.3095734.dat
# %ECSV 1.0
# ---
# datatype:
# - {name: time, datatype: float64}
# - {name: swift_uvot_uvw2, datatype: float64}
# - {name: swift_uvot_uvm2, datatype: float64}
# - {name: swift_uvot_uvw1, datatype: float64}
# - {name: swift_uvot_U, datatype: float64}
# - {name: swift_uvot_B, datatype: float64}
# - {name: swift_uvot_V, datatype: float64}
# - {name: swift_uvot_W, datatype: float64}
# - {name: johnson_U, datatype: float64}
# - {name: johnson_B, datatype: float64}
# - {name: johnson_V, datatype: float64}
# - {name: johnson_R, datatype: float64}
# - {name: johnson_I, datatype: float64}
# - {name: sdss_u, datatype: float64}
# - {name: sdss_g, datatype: float64}
# - {name: sdss_r, datatype: float64}
# - {name: sdss_i, datatype: float64}
# - {name: sdss_z, datatype: float64}
# - {name: PS1_g, datatype: float64}
# - {name: PS1_r, datatype: float64}
# - {name: PS1_i, datatype: float64}
# - {name: PS1_z, datatype: float64}
# - {name: PS1_Y, datatype: float64}
# - {name: PS1_w, datatype: float64}
# - {name: ATLAS_c, datatype: float64}
# - {name: ATLAS_o, datatype: float64}
# - {name: ukirt_J, datatype: float64}
# - {name: ukirt_H, datatype: float64}
# - {name: ukirt_K, datatype: float64}
# - {name: Clear, datatype: float64}
# meta: !!omap
# - comment: [E = 0.011641960487160343, Eta0 = 8.02, GammaB = 12.0, dL = 0.012188, epsb = 6.760829753919819e-06, epse = 0.1, n = 6.30957344480193,
#     p = 2.15, theta_obs = 0.29670597283903605, xiN = 1.0, z = 0.0, type = grb, E_kiso = 26.826957952797247]
# schema: astropy-2.0
time swift_uvot_uvw2 swift_uvot_uvm2 swift_uvot_uvw1 swift_uvot_U swift_uvot_B swift_uvot_V swift_uvot_W johnson_U johnson_B johnson_V johnson_R johnson_I sdss_u sdss_g sdss_r sdss_i sdss_z PS1_g PS1_r PS1_i PS1_z PS1_Y PS1_w ATLAS_c ATLAS_o ukirt_J ukirt_H ukirt_K Clear
[from data line 470]
733.7123 29.876 29.925 29.85 29.657 29.515 29.376 29.737 29.635 29.512 29.371 29.23 29.082 29.64 29.467 29.296 29.175 29.064 29.404 29.261 29.141 29.042 28.874 29.298 29.393 29.24 28.852 28.683 28.493 29.208
751.4117 30.189 30.239 30.164 29.971 29.828 29.689 30.05 29.948 29.826 29.684 29.544 29.395 29.953 29.781 29.609 29.488 29.378 29.717 29.575 29.455 29.356 29.187 29.611 29.707 29.554 29.166 28.996 28.806 29.521
769.5381 30.503 30.552 30.477 30.284 30.142 30.003 30.364 30.262 30.14 29.998 29.857 29.709 30.267 30.094 29.923 29.802 29.691 30.031 29.888 29.768 29.669 29.501 29.925 30.02 29.867 29.479 29.31 29.12 29.835
788.1018 30.816 30.866 30.791 30.598 30.456 30.316 30.677 30.576 30.453 30.311 30.171 30.022 30.581 30.408 30.236 30.116 30.005 30.344 30.202 30.082 29.983 29.815 30.238 30.334 30.181 29.793 29.624 29.433 30.148
807.1133 31.13 31.179 31.105 30.912 30.769 30.63 30.991 30.889 30.767 30.625 30.484 30.336 30.894 30.722 30.55 30.429 30.318 30.658 30.515 30.395 30.296 30.128 30.552 30.647 30.494 30.106 29.937 29.747 30.462
826.5834 31.443 31.493 31.418 31.225 31.083 30.944 31.304 31.203 31.08 30.938 30.798 30.649 31.208 31.035 30.863 30.743 30.632 30.971 30.829 30.709 30.61 30.442 30.866 30.961 30.808 30.42 30.251 30.06 30.775
846.5232 31.757 31.806 31.732 31.539 31.396 31.257 31.618 31.516 31.394 31.252 31.112 30.963 31.521 31.349 31.177 31.056 30.946 31.285 31.142 31.023 30.924 30.755 31.179 31.274 31.122 30.734 30.564 30.374 31.089
866.944 32.071 32.12 32.045 31.852 31.71 31.571 31.932 31.83 31.707 31.566 31.425 31.277 31.835 31.662 31.49 31.37 31.259 31.599 31.456 31.336 31.237 31.069 31.493 31.588 31.435 31.047 30.878 30.688 31.402
887.8575 32.384 32.434 32.359 32.166 32.023 31.884 32.245 32.143 32.021 31.879 31.739 31.59 32.148 31.976 31.804 31.683 31.573 31.912 31.77 31.65 31.551 31.382 31.806 31.901 31.749 31.361 31.191 31.001 31.716
909.2754 32.698 32.747 32.672 32.479 32.337 32.198 32.559 32.457 32.335 32.193 32.052 31.904 32.462 32.289 32.118 31.997 31.886 32.226 32.083 31.963 31.864 31.696 32.12 32.215 32.062 31.674 31.505 31.315 32.03
931.21 33.011 33.061 32.986 32.793 32.651 32.511 32.872 32.771 32.648 32.506 32.366 32.217 32.776 32.603 32.431 32.31 32.2 32.539 32.397 32.277 32.178 32.01 32.433 32.529 32.376 31.988 31.819 31.628 32.343
953.6737 33.325 33.374 33.299 33.107 32.964 32.825 33.186 33.084 32.962 32.82 32.679 32.531 33.089 32.917 32.745 32.624 32.513 32.853 32.71 32.59 32.491 32.323 32.747 32.842 32.689 32.301 32.132 31.942 32.657
976.6793 33.638 33.688 33.613 33.42 33.278 33.139 33.499 33.398 33.275 33.133 32.993 32.844 33.403 33.23 33.058 32.938 32.827 33.166 33.024 32.904 32.805 32.637 33.061 33.156 33.003 32.615 32.446 32.255 32.97
1000.2399 33.952 34.001 33.927 33.734 33.591 33.452 33.813 33.711 33.589 33.447 33.306 33.158 33.716 33.544 33.372 33.251 33.141 33.48 33.337 33.218 33.119 32.95 33.374 33.469 33.317 32.929 32.759 32.569 33.284
1024.3688 34.266 34.315 34.24 34.047 33.905 33.766 34.127 34.025 33.902 33.761 33.62 33.471 34.03 33.857 33.685 33.565 33.454 33.794 33.651 33.531 33.432 33.264 33.688 33.783 33.63 33.242 33.073 32.882 33.597
1049.0798 34.579 34.629 34.554 34.361 34.218 34.079 34.44 34.338 34.216 34.074 33.934 33.785 34.343 34.171 33.999 33.878 33.768 34.107 33.965 33.845 33.746 33.577 34.001 34.096 33.944 33.556 33.386 33.196 33.911
1074.3869 34.893 34.942 34.867 34.674 34.532 34.393 34.754 34.652 34.53 34.388 34.247 34.099 34.657 34.484 34.313 34.192 34.081 34.421 34.278 34.158 34.059 33.891 34.315 34.41 34.257 33.869 33.7 33.51 34.225
1100.3045 35.206 35.256 35.181 34.988 34.846 34.706 35.067 34.966 34.843 34.701 34.561 34.412 34.971 34.798 34.626 34.505 34.395 34.734 34.592 34.472 34.373 34.205 34.628 34.724 34.571 34.183 34.014 33.823 34.538
1126.8473 35.52 35.569 35.494 35.301 35.159 35.02 35.381 35.279 35.157 35.015 34.874 34.726 35.284 35.112 34.94 34.819 34.708 35.048 34.905 34.785 34.686 34.518 34.942 35.037 34.884 34.496 34.327 34.137 34.852
1154.0304 35.833 35.883 35.808 35.615 35.473 35.334 35.694 35.593 35.47 35.328 35.188 35.039 35.598 35.425 35.253 35.133 35.022 35.361 35.219 35.099 35.0 34.832 35.256 35.351 35.198 34.81 34.641 34.45 35.165
1181.8693 36.147 36.196 36.122 35.929 35.786 35.647 36.008 35.906 35.784 35.642 35.501 35.353 35.911 35.739 35.567 35.446 35.336 35.675 35.532 35.413 35.314 35.145 35.569 35.664 35.512 35.124 34.954 34.764 35.479
1210.3797 36.461 36.51 36.435 36.242 36.1 35.961 36.321 36.22 36.097 35.956 35.815 35.666 36.225 36.052 35.88 35.76 35.649 35.989 35.846 35.726 35.627 35.459 35.883 35.978 35.825 35.437 35.268 35.077 35.792
1239.5778 36.774 36.824 36.749 36.556 36.413 36.274 36.635 36.533 36.411 36.269 36.129 35.98 36.538 36.366 36.194 36.073 35.963 36.302 36.16 36.04 35.941 35.772 36.196 36.291 36.139 35.751 35.581 35.391 36.106
1269.4803 37.088 37.137 37.062 36.869 36.727 36.588 36.949 36.847 36.725 36.583 36.442 36.294 36.852 36.679 36.508 36.387 36.276 36.616 36.473 36.353 36.254 36.086 36.51 36.605 36.452 36.064 35.895 35.705 36.42
1300.1042 37.401 37.451 37.376 37.183 37.04 36.901 37.262 37.161 37.038 36.896 36.756 36.607 37.166 36.993 36.821 36.7 36.59 36.929 36.787 36.667 36.568 36.4 36.823 36.919 36.766 36.378 36.208 36.018 36.733
1331.4668 37.715 37.764 37.689 37.496 37.354 37.215 37.576 37.474 37.352 37.21 37.069 36.921 37.479 37.307 37.135 37.014 36.903 37.243 37.1 36.98 36.881 36.713 37.137 37.232 37.079 36.691 36.522 36.332 37.047
1363.586 38.028 38.078 38.003 37.81 37.668 37.529 37.889 37.788 37.665 37.523 37.383 37.234 37.793 37.62 37.448 37.328 37.217 37.556 37.414 37.294 37.195 37.027 37.451 37.546 37.393 37.005 36.836 36.645 37.36
1396.48 38.342 38.391 38.317 38.124 37.981 37.842 38.203 38.101 37.979 37.837 37.696 37.548 38.106 37.934 37.762 37.641 37.53 37.87 37.727 37.608 37.508 37.34 37.764 37.859 37.706 37.319 37.149 36.959 37.674
1430.1675 38.656 38.705 38.63 38.437 38.295 38.156 38.516 38.415 38.292 38.15 38.01 37.861 38.42 38.247 38.075 37.955 37.844 38.183 38.041 37.921 37.822 37.654 38.078 38.173 38.02 37.632 37.463 37.272 37.987
1464.6676 38.969 39.019 38.944 38.751 38.608 38.469 38.83 38.728 38.606 38.464 38.324 38.175 38.733 38.561 38.389 38.268 38.158 38.497 38.354 38.235 38.136 37.967 38.391 38.486 38.334 37.946 37.776 37.586 38.301
1500.0 39.283 39.332 39.257 39.064 38.922 38.783 39.144 39.042 38.919 38.778 38.637 38.489 39.047 38.874 38.703 38.582 38.471 38.811 38.668 38.548 38.449 38.281 38.705 38.8 38.647 38.259 38.09 37.9 38.615
