web/models/grb/offaxis/18/grb_0.2967_13.8950_0.0002512.dat
# %ECSV 1.0
# ---
# datatype:
# - {name: time, datatype: float64}
# - {name: swift_uvot_uvw2, datatype: float64}
# - {name: swift_uvot_uvm2, datatype: float64}
# - {name: swift_uvot_uvw1, datatype: float64}
# - {name: swift_uvot_U, datatype: float64}
# - {name: swift_uvot_B, datatype: float64}
# - {name: swift_uvot_V, datatype: float64}
# - {name: swift_uvot_W, datatype: float64}
# - {name: johnson_U, datatype: float64}
# - {name: johnson_B, datatype: float64}
# - {name: johnson_V, datatype: float64}
# - {name: johnson_R, datatype: float64}
# - {name: johnson_I, datatype: float64}
# - {name: sdss_u, datatype: float64}
# - {name: sdss_g, datatype: float64}
# - {name: sdss_r, datatype: float64}
# - {name: sdss_i, datatype: float64}
# - {name: sdss_z, datatype: float64}
# - {name: PS1_g, datatype: float64}
# - {name: PS1_r, datatype: float64}
# - {name: PS1_i, datatype: float64}
# - {name: PS1_z, datatype: float64}
# - {name: PS1_Y, datatype: float64}
# - {name: ukirt_J, datatype: float64}
# - {name: ukirt_H, datatype: float64}
# - {name: ukirt_K, datatype: float64}
# meta: !!omap
# - comment: [E = 0.006029923955985727, Eta0 = 8.02, GammaB = 12.0, dL = 0.012188, epsb = 6.760829753919819e-06, epse = 0.1, n = 0.00025118864315095795,
#     p = 2.15, theta_obs = 0.29670597283903605, xiN = 1.0, z = 0.0, type = grb, E_kiso = 13.894954943731374]
# schema: astropy-2.0
time swift_uvot_uvw2 swift_uvot_uvm2 swift_uvot_uvw1 swift_uvot_U swift_uvot_B swift_uvot_V swift_uvot_W johnson_U johnson_B johnson_V johnson_R johnson_I sdss_u sdss_g sdss_r sdss_i sdss_z PS1_g PS1_r PS1_i PS1_z PS1_Y ukirt_J ukirt_H ukirt_K
[from data line 105]
0.1222 6.793 6.842 6.767 6.574 6.432 6.293 6.653 6.552 6.429 6.288 6.147 5.998 6.557 6.384 6.212 6.092 5.981 6.321 6.178 6.058 5.959 5.791 5.769 5.6 5.409
0.1251 6.715 6.764 6.69 6.497 6.354 6.215 6.576 6.474 6.352 6.21 6.07 5.921 6.479 6.307 6.135 6.014 5.904 6.243 6.1 5.981 5.882 5.713 5.692 5.522 5.332
0.1281 6.638 6.687 6.612 6.419 6.277 6.138 6.498 6.397 6.274 6.132 5.992 5.843 6.402 6.229 6.057 5.937 5.826 6.165 6.023 5.903 5.804 5.636 5.614 5.445 5.254
0.1312 6.56 6.609 6.535 6.342 6.199 6.06 6.421 6.319 6.197 6.055 5.914 5.766 6.324 6.152 5.98 5.859 5.748 6.088 5.945 5.826 5.727 5.558 5.537 5.367 5.177
0.1344 6.482 6.532 6.457 6.264 6.122 5.983 6.343 6.242 6.119 5.977 5.837 5.688 6.247 6.074 5.902 5.782 5.671 6.01 5.868 5.748 5.649 5.481 5.459 5.29 5.099
0.1376 6.405 6.454 6.38 6.187 6.044 5.905 6.266 6.164 6.042 5.9 5.759 5.611 6.169 5.997 5.825 5.704 5.593 5.933 5.79 5.67 5.571 5.403 5.381 5.212 5.022
0.141 6.327 6.377 6.302 6.109 5.967 5.827 6.188 6.087 5.964 5.822 5.682 5.533 6.092 5.919 5.747 5.627 5.516 5.855 5.713 5.593 5.494 5.326 5.304 5.135 4.944
0.1444 6.25 6.299 6.224 6.031 5.889 5.75 6.111 6.009 5.887 5.745 5.604 5.456 6.014 5.842 5.67 5.549 5.438 5.778 5.635 5.515 5.416 5.248 5.226 5.057 4.867
0.1478 6.172 6.222 6.147 5.954 5.812 5.672 6.033 5.932 5.809 5.667 5.527 5.378 5.937 5.764 5.592 5.471 5.361 5.7 5.558 5.438 5.339 5.171 5.149 4.98 4.789
0.1514 6.101 6.15 6.075 5.882 5.74 5.601 5.962 5.86 5.738 5.596 5.455 5.307 5.865 5.692 5.521 5.4 5.289 5.629 5.486 5.366 5.267 5.099 5.077 4.908 4.718
0.1551 6.034 6.083 6.009 5.816 5.673 5.534 5.895 5.793 5.671 5.529 5.388 5.24 5.798 5.626 5.454 5.333 5.222 5.562 5.419 5.3 5.2 5.032 5.011 4.841 4.651
0.1588 5.967 6.017 5.942 5.749 5.606 5.467 5.828 5.726 5.604 5.462 5.322 5.173 5.731 5.559 5.387 5.266 5.156 5.495 5.353 5.233 5.134 4.965 4.944 4.774 4.584
0.1626 5.9 5.95 5.875 5.682 5.54 5.4 5.761 5.66 5.537 5.395 5.255 5.106 5.665 5.492 5.32 5.2 5.089 5.428 5.286 5.166 5.067 4.899 4.877 4.708 4.517
0.1666 5.834 5.883 5.808 5.615 5.473 5.334 5.694 5.593 5.47 5.329 5.188 5.039 5.598 5.425 5.253 5.133 5.022 5.362 5.219 5.099 5.0 4.832 4.81 4.641 4.45
0.1706 5.767 5.816 5.741 5.548 5.406 5.267 5.628 5.526 5.404 5.262 5.121 4.973 5.531 5.358 5.187 5.066 4.955 5.295 5.152 5.032 4.933 4.765 4.743 4.574 4.384
0.1747 5.7 5.749 5.675 5.482 5.339 5.2 5.561 5.459 5.337 5.195 5.054 4.906 5.464 5.292 5.12 4.999 4.888 5.228 5.085 4.966 4.866 4.698 4.677 4.507 4.317
0.1789 5.633 5.683 5.608 5.415 5.272 5.133 5.494 5.392 5.27 5.128 4.988 4.839 5.397 5.225 5.053 4.932 4.822 5.161 5.019 4.899 4.8 4.631 4.61 4.44 4.25
0.1832 5.566 5.616 5.541 5.348 5.206 5.066 5.427 5.326 5.203 5.061 4.921 4.772 5.331 5.158 4.986 4.866 4.755 5.094 4.952 4.832 4.733 4.565 4.543 4.374 4.183
0.1876 5.5 5.549 5.474 5.281 5.139 5.0 5.36 5.259 5.136 4.995 4.854 4.705 5.264 5.091 4.919 4.799 4.688 5.028 4.885 4.765 4.666 4.498 4.476 4.307 4.116
0.1922 5.448 5.498 5.423 5.23 5.087 4.948 5.309 5.207 5.085 4.943 4.803 4.654 5.212 5.04 4.868 4.747 4.637 4.976 4.834 4.714 4.615 4.446 4.425 4.255 4.065
0.1968 5.403 5.453 5.378 5.185 5.043 4.903 5.264 5.163 5.04 4.898 4.758 4.609 5.168 4.995 4.823 4.703 4.592 4.931 4.789 4.669 4.57 4.402 4.38 4.211 4.02
0.2015 5.359 5.408 5.333 5.14 4.998 4.859 5.219 5.118 4.995 4.854 4.713 4.564 5.123 4.95 4.778 4.658 4.547 4.887 4.744 4.624 4.525 4.357 4.335 4.166 3.975
0.2064 5.314 5.363 5.288 5.095 4.953 4.814 5.175 5.073 4.951 4.809 4.668 4.52 5.078 4.905 4.734 4.613 4.502 4.842 4.699 4.579 4.48 4.312 4.29 4.121 3.931
0.2114 5.269 5.318 5.244 5.051 4.908 4.769 5.13 5.028 4.906 4.764 4.623 4.475 5.033 4.861 4.689 4.568 4.457 4.797 4.654 4.535 4.436 4.267 4.246 4.076 3.886
0.2165 5.224 5.274 5.199 5.006 4.863 4.724 5.085 4.983 4.861 4.719 4.579 4.43 4.988 4.816 4.644 4.523 4.413 4.752 4.61 4.49 4.391 4.222 4.201 4.031 3.841
0.2217 5.179 5.229 5.154 4.961 4.819 4.679 5.04 4.939 4.816 4.674 4.534 4.385 4.944 4.771 4.599 4.479 4.368 4.707 4.565 4.445 4.346 4.178 4.156 3.987 3.796
0.2271 5.135 5.184 5.109 4.916 4.774 4.635 4.995 4.894 4.771 4.63 4.489 4.34 4.899 4.726 4.554 4.434 4.323 4.663 4.52 4.4 4.301 4.133 4.111 3.942 3.751
0.2325 5.09 5.139 5.064 4.871 4.729 4.59 4.951 4.849 4.727 4.585 4.444 4.296 4.854 4.681 4.51 4.389 4.278 4.618 4.475 4.355 4.256 4.088 4.066 3.897 3.707
0.2381 5.045 5.094 5.02 4.827 4.684 4.545 4.906 4.804 4.682 4.54 4.399 4.251 4.809 4.637 4.465 4.344 4.234 4.573 4.43 4.311 4.212 4.043 4.022 3.852 3.662
0.2439 5.006 5.056 4.981 4.788 4.646 4.506 4.867 4.766 4.643 4.501 4.361 4.212 4.771 4.598 4.426 4.305 4.195 4.534 4.392 4.272 4.173 4.005 3.983 3.814 3.623
0.2498 4.969 5.018 4.943 4.75 4.608 4.469 4.83 4.728 4.606 4.464 4.323 4.175 4.733 4.56 4.389 4.268 4.157 4.497 4.354 4.234 4.135 3.967 3.945 3.776 3.586
0.2558 4.931 4.981 4.906 4.713 4.57 4.431 4.792 4.69 4.568 4.426 4.286 4.137 4.695 4.523 4.351 4.23 4.12 4.459 4.317 4.197 4.098 3.929 3.908 3.738 3.548
0.262 4.894 4.943 4.868 4.675 4.533 4.394 4.755 4.653 4.53 4.389 4.248 4.1 4.658 4.485 4.313 4.193 4.082 4.422 4.279 4.159 4.06 3.892 3.87 3.701 3.511
0.2683 4.856 4.906 4.831 4.638 4.495 4.356 4.717 4.615 4.493 4.351 4.211 4.062 4.62 4.448 4.276 4.155 4.045 4.384 4.241 4.122 4.023 3.854 3.833 3.663 3.473
0.2748 4.819 4.868 4.793 4.6 4.458 4.319 4.679 4.578 4.455 4.313 4.173 4.024 4.583 4.41 4.238 4.118 4.007 4.346 4.204 4.084 3.985 3.817 3.795 3.626 3.435
0.2814 4.781 4.83 4.756 4.563 4.42 4.281 4.642 4.54 4.418 4.276 4.135 3.987 4.545 4.373 4.201 4.08 3.97 4.309 4.166 4.047 3.948 3.779 3.758 3.588 3.398
0.2882 4.743 4.793 4.718 4.525 4.383 4.244 4.604 4.503 4.38 4.238 4.098 3.949 4.508 4.335 4.163 4.043 3.932 4.271 4.129 4.009 3.91 3.742 3.72 3.551 3.36
0.2951 4.706 4.755 4.68 4.488 4.345 4.206 4.567 4.465 4.343 4.201 4.06 3.912 4.47 4.298 4.126 4.005 3.894 4.234 4.091 3.971 3.872 3.704 3.682 3.513 3.323
0.3022 4.668 4.718 4.643 4.45 4.308 4.168 4.529 4.428 4.305 4.163 4.023 3.874 4.433 4.26 4.088 3.967 3.857 4.196 4.054 3.934 3.835 3.667 3.645 3.476 3.285
0.3095 4.642 4.692 4.617 4.424 4.281 4.142 4.503 4.401 4.279 4.137 3.997 3.848 4.406 4.234 4.062 3.941 3.831 4.17 4.027 3.908 3.809 3.64 3.619 3.449 3.259
0.317 4.616 4.665 4.591 4.398 4.255 4.116 4.477 4.375 4.253 4.111 3.97 3.822 4.38 4.208 4.036 3.915 3.804 4.144 4.001 3.882 3.782 3.614 3.593 3.423 3.233
0.3247 4.59 4.639 4.564 4.372 4.229 4.09 4.451 4.349 4.227 4.085 3.944 3.796 4.354 4.182 4.01 3.889 3.778 4.118 3.975 3.855 3.756 3.588 3.566 3.397 3.207
0.3325 4.564 4.613 4.538 4.345 4.203 4.064 4.425 4.323 4.201 4.059 3.918 3.77 4.328 4.155 3.984 3.863 3.752 4.092 3.949 3.829 3.73 3.562 3.54 3.371 3.181
0.3405 4.538 4.587 4.512 4.319 4.177 4.038 4.399 4.297 4.174 4.033 3.892 3.744 4.302 4.129 3.958 3.837 3.726 4.066 3.923 3.803 3.704 3.536 3.514 3.345 3.155
0.3487 4.512 4.561 4.486 4.293 4.151 4.012 4.372 4.271 4.148 4.007 3.866 3.717 4.276 4.103 3.931 3.811 3.7 4.04 3.897 3.777 3.678 3.51 3.488 3.319 3.128
0.3571 4.485 4.535 4.46 4.267 4.125 3.986 4.346 4.245 4.122 3.98 3.84 3.691 4.25 4.077 3.905 3.785 3.674 4.013 3.871 3.751 3.652 3.484 3.462 3.293 3.102
0.3657 4.459 4.509 4.434 4.241 4.099 3.959 4.32 4.219 4.096 3.954 3.814 3.665 4.224 4.051 3.879 3.759 3.648 3.987 3.845 3.725 3.626 3.458 3.436 3.267 3.076
0.3746 4.433 4.483 4.408 4.215 4.072 3.933 4.294 4.193 4.07 3.928 3.788 3.639 4.198 4.025 3.853 3.732 3.622 3.961 3.819 3.699 3.6 3.432 3.41 3.24 3.05
0.3836 4.407 4.457 4.382 4.189 4.047 3.907 4.268 4.167 4.044 3.902 3.762 3.613 4.172 3.999 3.827 3.706 3.596 3.935 3.793 3.673 3.574 3.406 3.384 3.215 3.024
0.3929 4.382 4.432 4.357 4.164 4.021 3.882 4.243 4.141 4.019 3.877 3.737 3.588 4.146 3.974 3.802 3.681 3.571 3.91 3.768 3.648 3.549 3.38 3.359 3.189 2.999
0.4023 4.357 4.407 4.332 4.139 3.996 3.857 4.218 4.116 3.994 3.852 3.712 3.563 4.121 3.949 3.777 3.656 3.546 3.885 3.743 3.623 3.524 3.355 3.334 3.164 2.974
0.412 4.332 4.381 4.307 4.114 3.971 3.832 4.193 4.091 3.969 3.827 3.687 3.538 4.096 3.924 3.752 3.631 3.521 3.86 3.717 3.598 3.499 3.33 3.309 3.139 2.949
0.422 4.307 4.356 4.282 4.089 3.946 3.807 4.168 4.066 3.944 3.802 3.661 3.513 4.071 3.899 3.727 3.606 3.495 3.835 3.692 3.573 3.473 3.305 3.284 3.114 2.924
0.4322 4.282 4.331 4.256 4.064 3.921 3.782 4.143 4.041 3.919 3.777 3.636 3.488 4.046 3.874 3.702 3.581 3.47 3.81 3.667 3.547 3.448 3.28 3.258 3.089 2.899
0.4426 4.257 4.306 4.231 4.038 3.896 3.757 4.118 4.016 3.894 3.752 3.611 3.463 4.021 3.848 3.677 3.556 3.445 3.785 3.642 3.522 3.423 3.255 3.233 3.064 2.874
0.4533 4.232 4.281 4.206 4.013 3.871 3.732 4.093 3.991 3.869 3.727 3.586 3.438 3.996 3.823 3.652 3.531 3.42 3.76 3.617 3.497 3.398 3.23 3.208 3.039 2.849
0.4642 4.207 4.256 4.181 3.988 3.846 3.707 4.068 3.966 3.843 3.702 3.561 3.413 3.971 3.798 3.626 3.506 3.395 3.735 3.592 3.472 3.373 3.205 3.183 3.014 2.824
0.4754 4.182 4.231 4.156 3.963 3.821 3.682 4.042 3.941 3.818 3.676 3.536 3.387 3.946 3.773 3.601 3.481 3.37 3.709 3.567 3.447 3.348 3.18 3.158 2.989 2.798
0.4869 4.157 4.206 4.131 3.938 3.796 3.657 4.017 3.916 3.793 3.651 3.511 3.362 3.921 3.748 3.576 3.456 3.345 3.684 3.542 3.422 3.323 3.155 3.133 2.964 2.773
0.4986 4.132 4.181 4.106 3.913 3.771 3.632 3.993 3.891 3.768 3.627 3.486 3.337 3.896 3.723 3.551 3.431 3.32 3.66 3.517 3.397 3.298 3.13 3.108 2.939 2.748
0.5106 4.107 4.156 4.081 3.888 3.746 3.607 3.968 3.866 3.744 3.602 3.461 3.313 3.871 3.698 3.527 3.406 3.295 3.635 3.492 3.372 3.273 3.105 3.083 2.914 2.724
0.523 4.082 4.131 4.056 3.863 3.721 3.582 3.943 3.841 3.719 3.577 3.436 3.288 3.846 3.673 3.502 3.381 3.27 3.61 3.467 3.347 3.248 3.08 3.058 2.889 2.699
0.5356 4.057 4.106 4.031 3.838 3.696 3.557 3.918 3.816 3.694 3.552 3.411 3.263 3.821 3.649 3.477 3.356 3.245 3.585 3.442 3.322 3.223 3.055 3.033 2.864 2.674
0.5485 4.032 4.081 4.007 3.814 3.671 3.532 3.893 3.791 3.669 3.527 3.386 3.238 3.796 3.624 3.452 3.331 3.22 3.56 3.417 3.297 3.198 3.03 3.008 2.839 2.649
0.5617 4.007 4.056 3.982 3.789 3.646 3.507 3.868 3.766 3.644 3.502 3.361 3.213 3.771 3.599 3.427 3.306 3.196 3.535 3.392 3.273 3.174 3.005 2.984 2.814 2.624
0.5753 3.982 4.032 3.957 3.764 3.621 3.482 3.843 3.741 3.619 3.477 3.337 3.188 3.746 3.574 3.402 3.281 3.171 3.51 3.367 3.248 3.149 2.98 2.959 2.789 2.599
0.5891 3.957 4.007 3.932 3.739 3.596 3.457 3.818 3.716 3.594 3.452 3.312 3.163 3.721 3.549 3.377 3.256 3.146 3.485 3.343 3.223 3.124 2.955 2.934 2.764 2.574
0.6034 3.932 3.982 3.907 3.714 3.572 3.432 3.793 3.692 3.569 3.427 3.287 3.138 3.697 3.524 3.352 3.231 3.121 3.46 3.318 3.198 3.099 2.931 2.909 2.74 2.549
0.6179 3.909 3.959 3.884 3.691 3.549 3.409 3.77 3.669 3.546 3.404 3.264 3.115 3.674 3.501 3.329 3.208 3.098 3.437 3.295 3.175 3.076 2.908 2.886 2.717 2.526
0.6328 3.889 3.938 3.864 3.671 3.528 3.389 3.75 3.648 3.526 3.384 3.244 3.095 3.653 3.481 3.309 3.188 3.078 3.417 3.274 3.155 3.056 2.887 2.866 2.696 2.506
0.6481 3.869 3.918 3.843 3.65 3.508 3.369 3.73 3.628 3.506 3.364 3.223 3.075 3.633 3.46 3.289 3.168 3.057 3.397 3.254 3.134 3.035 2.867 2.845 2.676 2.486
0.6637 3.849 3.898 3.823 3.63 3.488 3.349 3.709 3.608 3.485 3.343 3.203 3.054 3.613 3.44 3.268 3.148 3.037 3.376 3.234 3.114 3.015 2.847 2.825 2.656 2.465
0.6797 3.828 3.878 3.803 3.61 3.467 3.328 3.689 3.587 3.465 3.323 3.183 3.034 3.593 3.42 3.248 3.127 3.017 3.356 3.214 3.094 2.995 2.827 2.805 2.635 2.445
0.6961 3.808 3.857 3.783 3.59 3.447 3.308 3.669 3.567 3.445 3.303 3.162 3.014 3.572 3.4 3.228 3.107 2.996 3.336 3.193 3.074 2.975 2.806 2.785 2.615 2.425
0.7129 3.788 3.837 3.762 3.569 3.427 3.288 3.649 3.547 3.425 3.283 3.142 2.994 3.552 3.379 3.208 3.087 2.976 3.316 3.173 3.053 2.954 2.786 2.764 2.595 2.405
0.7301 3.767 3.817 3.742 3.549 3.407 3.268 3.628 3.527 3.404 3.262 3.122 2.973 3.532 3.359 3.187 3.067 2.956 3.295 3.153 3.033 2.934 2.766 2.744 2.575 2.384
0.7477 3.747 3.797 3.722 3.529 3.386 3.247 3.608 3.506 3.384 3.242 3.102 2.953 3.511 3.339 3.167 3.046 2.936 3.275 3.133 3.013 2.914 2.745 2.724 2.554 2.364
0.7658 3.727 3.776 3.702 3.509 3.366 3.227 3.588 3.486 3.364 3.222 3.081 2.933 3.491 3.319 3.147 3.026 2.915 3.255 3.112 2.992 2.893 2.725 2.703 2.534 2.344
0.7842 3.709 3.759 3.684 3.491 3.348 3.209 3.57 3.468 3.346 3.204 3.064 2.915 3.473 3.301 3.129 3.008 2.898 3.237 3.094 2.975 2.876 2.707 2.686 2.516 2.326
0.8032 3.693 3.743 3.668 3.475 3.332 3.193 3.554 3.452 3.33 3.188 3.048 2.899 3.458 3.285 3.113 2.992 2.882 3.221 3.079 2.959 2.86 2.691 2.67 2.5 2.31
0.8225 3.677 3.727 3.652 3.459 3.317 3.177 3.538 3.437 3.314 3.172 3.032 2.883 3.442 3.269 3.097 2.977 2.866 3.205 3.063 2.943 2.844 2.676 2.654 2.485 2.294
0.8424 3.661 3.711 3.636 3.443 3.301 3.162 3.522 3.421 3.298 3.156 3.016 2.867 3.426 3.253 3.081 2.961 2.85 3.189 3.047 2.927 2.828 2.66 2.638 2.469 2.278
0.8627 3.646 3.695 3.62 3.427 3.285 3.146 3.507 3.405 3.282 3.141 3.0 2.851 3.41 3.237 3.065 2.945 2.834 3.174 3.031 2.911 2.812 2.644 2.622 2.453 2.262
0.8835 3.63 3.679 3.604 3.411 3.269 3.13 3.491 3.389 3.267 3.125 2.984 2.836 3.394 3.221 3.05 2.929 2.818 3.158 3.015 2.895 2.796 2.628 2.606 2.437 2.247
0.9048 3.614 3.663 3.588 3.395 3.253 3.114 3.475 3.373 3.251 3.109 2.968 2.82 3.378 3.206 3.034 2.913 2.802 3.142 2.999 2.879 2.78 2.612 2.59 2.421 2.231
0.9266 3.598 3.647 3.573 3.38 3.237 3.098 3.459 3.357 3.235 3.093 2.952 2.804 3.362 3.19 3.018 2.897 2.786 3.126 2.983 2.864 2.764 2.596 2.575 2.405 2.215
0.949 3.582 3.632 3.557 3.364 3.221 3.082 3.443 3.341 3.219 3.077 2.937 2.788 3.346 3.174 3.002 2.881 2.771 3.11 2.967 2.848 2.749 2.58 2.559 2.389 2.199
0.9719 3.566 3.616 3.541 3.348 3.205 3.066 3.427 3.325 3.203 3.061 2.921 2.772 3.33 3.158 2.986 2.865 2.755 3.094 2.952 2.832 2.733 2.564 2.543 2.373 2.183
0.9953 3.551 3.601 3.526 3.333 3.191 3.052 3.412 3.311 3.188 3.046 2.906 2.757 3.316 3.143 2.971 2.851 2.74 3.079 2.937 2.817 2.718 2.55 2.528 2.359 2.168
1.0194 3.537 3.587 3.512 3.319 3.176 3.037 3.398 3.296 3.174 3.032 2.892 2.743 3.301 3.129 2.957 2.836 2.726 3.065 2.922 2.803 2.704 2.535 2.514 2.344 2.154
1.0439 3.523 3.572 3.497 3.304 3.162 3.023 3.384 3.282 3.16 3.018 2.877 2.729 3.287 3.114 2.943 2.822 2.711 3.051 2.908 2.788 2.689 2.521 2.499 2.33 2.14
1.0691 3.508 3.558 3.483 3.29 3.148 3.008 3.369 3.268 3.145 3.003 2.863 2.714 3.273 3.1 2.928 2.808 2.697 3.036 2.894 2.774 2.675 2.507 2.485 2.316 2.125
1.0949 3.494 3.543 3.469 3.276 3.133 2.994 3.355 3.253 3.131 2.989 2.849 2.7 3.258 3.086 2.914 2.793 2.683 3.022 2.879 2.76 2.661 2.492 2.471 2.301 2.111
1.1213 3.48 3.529 3.454 3.261 3.119 2.98 3.341 3.239 3.117 2.975 2.834 2.686 3.244 3.071 2.9 2.779 2.668 3.008 2.865 2.745 2.646 2.478 2.456 2.287 2.097
1.1484 3.465 3.515 3.44 3.247 3.105 2.965 3.326 3.225 3.102 2.96 2.82 2.671 3.23 3.057 2.885 2.765 2.654 2.993 2.851 2.731 2.632 2.464 2.442 2.273 2.082
1.1761 3.451 3.5 3.426 3.233 3.09 2.951 3.312 3.21 3.088 2.946 2.805 2.657 3.215 3.043 2.871 2.75 2.64 2.979 2.836 2.717 2.618 2.449 2.428 2.258 2.068
1.2044 3.437 3.486 3.411 3.218 3.076 2.937 3.298 3.196 3.074 2.932 2.791 2.643 3.201 3.028 2.857 2.736 2.625 2.965 2.822 2.702 2.603 2.435 2.413 2.244 2.054
1.2335 3.422 3.472 3.397 3.204 3.062 2.922 3.283 3.182 3.059 2.917 2.777 2.628 3.187 3.014 2.842 2.722 2.611 2.95 2.808 2.688 2.589 2.421 2.399 2.23 2.039
1.2633 3.41 3.46 3.385 3.192 3.049 2.91 3.271 3.169 3.047 2.905 2.765 2.616 3.174 3.002 2.83 2.709 2.599 2.938 2.796 2.676 2.577 2.408 2.387 2.217 2.027
1.2937 3.398 3.448 3.373 3.18 3.038 2.899 3.259 3.158 3.035 2.893 2.753 2.604 3.163 2.99 2.818 2.698 2.587 2.926 2.784 2.664 2.565 2.397 2.375 2.206 2.015
1.3249 3.387 3.436 3.361 3.168 3.026 2.887 3.248 3.146 3.024 2.882 2.741 2.593 3.151 2.978 2.807 2.686 2.575 2.915 2.772 2.652 2.553 2.385 2.363 2.194 2.004
1.3569 3.375 3.424 3.35 3.157 3.014 2.875 3.236 3.134 3.012 2.87 2.729 2.581 3.139 2.967 2.795 2.674 2.564 2.903 2.76 2.641 2.542 2.373 2.352 2.182 1.992
