web/models/grb/offaxis/18/grb_0.2967_2.6827_0.6309573.dat
# %ECSV 1.0
# ---
# datatype:
# - {name: time, datatype: float64}
# - {name: swift_uvot_uvw2, datatype: float64}
# - {name: swift_uvot_uvm2, datatype: float64}
# - {name: swift_uvot_uvw1, datatype: float64}
# - {name: swift_uvot_U, datatype: float64}
# - {name: swift_uvot_B, datatype: float64}
# - {name: swift_uvot_V, datatype: float64}
# - {name: swift_uvot_W, datatype: float64}
# - {name: johnson_U, datatype: float64}
# - {name: johnson_B, datatype: float64}
# - {name: johnson_V, datatype: float64}
# - {name: johnson_R, datatype: float64}
# - {name: johnson_I, datatype: float64}
# - {name: sdss_u, datatype: float64}
# - {name: sdss_g, datatype: float64}
# - {name: sdss_r, datatype: float64}
# - {name: sdss_i, datatype: float64}
# - {name: sdss_z, datatype: float64}
# - {name: PS1_g, datatype: float64}
# - {name: PS1_r, datatype: float64}
# - {name: PS1_i, datatype: float64}
# - {name: PS1_z, datatype: float64}
# - {name: PS1_Y, datatype: float64}
# - {name: ukirt_J, datatype: float64}
# - {name: ukirt_H, datatype: float64}
# - {name: ukirt_K, datatype: float64}
# meta: !!omap
# - comment: [E = 0.0011641960487160344, Eta0 = 8.02, GammaB = 12.0, dL = 0.012188, epsb = 6.760829753919819e-06, epse = 0.1, n = 0.630957344480193,
#     p = 2.15, theta_obs = 0.29670597283903605, xiN = 1.0, z = 0.0, type = grb, E_kiso = 2.6826957952797246]
# schema: astropy-2.0
time swift_uvot_uvw2 swift_uvot_uvm2 swift_uvot_uvw1 swift_uvot_U swift_uvot_B swift_uvot_V swift_uvot_W johnson_U johnson_B johnson_V johnson_R johnson_I sdss_u sdss_g sdss_r sdss_i sdss_z PS1_g PS1_r PS1_i PS1_z PS1_Y ukirt_J ukirt_H ukirt_K
0.01 0.16 0.21 0.135 -0.058 -0.2 -0.34 0.021 -0.08 -0.203 -0.345 -0.485 -0.634 -0.075 -0.248 -0.42 -0.54 -0.651 -0.312 -0.454 -0.574 -0.673 -0.841 -0.863 -1.032 -1.223
0.0102 0.118 0.167 0.092 -0.1 -0.243 -0.382 -0.021 -0.123 -0.245 -0.387 -0.528 -0.676 -0.118 -0.29 -0.462 -0.583 -0.694 -0.354 -0.497 -0.617 -0.716 -0.884 -0.906 -1.075 -1.265
0.0105 0.08 0.13 0.055 -0.138 -0.28 -0.42 -0.059 -0.16 -0.283 -0.425 -0.565 -0.714 -0.155 -0.328 -0.5 -0.621 -0.731 -0.392 -0.534 -0.654 -0.753 -0.921 -0.943 -1.112 -1.303
0.0107 0.043 0.092 0.017 -0.176 -0.318 -0.457 -0.096 -0.198 -0.32 -0.462 -0.603 -0.751 -0.193 -0.366 -0.537 -0.658 -0.769 -0.429 -0.572 -0.692 -0.791 -0.959 -0.981 -1.15 -1.34
0.011 0.005 0.055 -0.02 -0.213 -0.356 -0.495 -0.134 -0.236 -0.358 -0.5 -0.64 -0.789 -0.23 -0.403 -0.575 -0.696 -0.806 -0.467 -0.609 -0.729 -0.828 -0.997 -1.018 -1.188 -1.378
0.0113 -0.032 0.017 -0.058 -0.251 -0.393 -0.532 -0.171 -0.273 -0.395 -0.537 -0.678 -0.826 -0.268 -0.441 -0.612 -0.733 -0.844 -0.504 -0.647 -0.767 -0.866 -1.034 -1.056 -1.225 -1.415
0.0115 -0.07 -0.02 -0.095 -0.288 -0.431 -0.57 -0.209 -0.311 -0.433 -0.575 -0.715 -0.864 -0.306 -0.478 -0.65 -0.771 -0.881 -0.542 -0.684 -0.804 -0.903 -1.072 -1.093 -1.263 -1.453
0.0118 -0.107 -0.058 -0.133 -0.326 -0.468 -0.607 -0.247 -0.348 -0.471 -0.612 -0.753 -0.902 -0.343 -0.516 -0.688 -0.808 -0.919 -0.579 -0.722 -0.842 -0.941 -1.109 -1.131 -1.3 -1.491
0.0121 -0.145 -0.096 -0.17 -0.363 -0.506 -0.645 -0.284 -0.386 -0.508 -0.65 -0.79 -0.939 -0.381 -0.553 -0.725 -0.846 -0.956 -0.617 -0.76 -0.879 -0.978 -1.147 -1.168 -1.338 -1.528
0.0124 -0.183 -0.133 -0.208 -0.401 -0.543 -0.682 -0.322 -0.423 -0.546 -0.688 -0.828 -0.977 -0.418 -0.591 -0.763 -0.883 -0.994 -0.655 -0.797 -0.917 -1.016 -1.184 -1.206 -1.375 -1.566
0.0127 -0.22 -0.171 -0.245 -0.438 -0.581 -0.72 -0.359 -0.461 -0.583 -0.725 -0.866 -1.014 -0.456 -0.628 -0.8 -0.921 -1.032 -0.692 -0.835 -0.955 -1.054 -1.222 -1.244 -1.413 -1.603
0.013 -0.252 -0.203 -0.278 -0.471 -0.613 -0.752 -0.391 -0.493 -0.616 -0.757 -0.898 -1.046 -0.488 -0.661 -0.832 -0.953 -1.064 -0.724 -0.867 -0.987 -1.086 -1.254 -1.276 -1.445 -1.635
0.0133 -0.278 -0.229 -0.304 -0.497 -0.639 -0.778 -0.418 -0.519 -0.642 -0.783 -0.924 -1.073 -0.514 -0.687 -0.859 -0.979 -1.09 -0.75 -0.893 -1.013 -1.112 -1.28 -1.302 -1.471 -1.662
0.0136 -0.305 -0.255 -0.33 -0.523 -0.665 -0.804 -0.444 -0.545 -0.668 -0.81 -0.95 -1.099 -0.54 -0.713 -0.885 -1.005 -1.116 -0.777 -0.919 -1.039 -1.138 -1.306 -1.328 -1.497 -1.688
0.014 -0.331 -0.281 -0.356 -0.549 -0.691 -0.831 -0.47 -0.571 -0.694 -0.836 -0.976 -1.125 -0.566 -0.739 -0.911 -1.031 -1.142 -0.803 -0.945 -1.065 -1.164 -1.332 -1.354 -1.523 -1.714
0.0143 -0.357 -0.307 -0.382 -0.575 -0.718 -0.857 -0.496 -0.597 -0.72 -0.862 -1.002 -1.151 -0.592 -0.765 -0.937 -1.058 -1.168 -0.829 -0.971 -1.091 -1.19 -1.358 -1.38 -1.549 -1.74
0.0146 -0.383 -0.333 -0.408 -0.601 -0.744 -0.883 -0.522 -0.624 -0.746 -0.888 -1.028 -1.177 -0.619 -0.791 -0.963 -1.084 -1.194 -0.855 -0.997 -1.117 -1.216 -1.385 -1.406 -1.576 -1.766
0.015 -0.409 -0.359 -0.434 -0.627 -0.77 -0.909 -0.548 -0.65 -0.772 -0.914 -1.054 -1.203 -0.645 -0.817 -0.989 -1.11 -1.22 -0.881 -1.024 -1.143 -1.242 -1.411 -1.432 -1.602 -1.792
0.0154 -0.435 -0.386 -0.46 -0.653 -0.796 -0.935 -0.574 -0.676 -0.798 -0.94 -1.081 -1.229 -0.671 -0.843 -1.015 -1.136 -1.247 -0.907 -1.05 -1.169 -1.269 -1.437 -1.458 -1.628 -1.818
0.0157 -0.461 -0.412 -0.487 -0.679 -0.822 -0.961 -0.6 -0.702 -0.824 -0.966 -1.107 -1.255 -0.697 -0.869 -1.041 -1.162 -1.273 -0.933 -1.076 -1.196 -1.295 -1.463 -1.485 -1.654 -1.844
0.0161 -0.487 -0.438 -0.513 -0.706 -0.848 -0.987 -0.626 -0.728 -0.85 -0.992 -1.133 -1.281 -0.723 -0.896 -1.067 -1.188 -1.299 -0.959 -1.102 -1.222 -1.321 -1.489 -1.511 -1.68 -1.87
0.0165 -0.513 -0.463 -0.538 -0.731 -0.873 -1.013 -0.652 -0.753 -0.876 -1.018 -1.158 -1.307 -0.748 -0.921 -1.093 -1.214 -1.324 -0.985 -1.127 -1.247 -1.346 -1.514 -1.536 -1.705 -1.896
0.0169 -0.538 -0.488 -0.563 -0.756 -0.899 -1.038 -0.677 -0.779 -0.901 -1.043 -1.183 -1.332 -0.774 -0.946 -1.118 -1.239 -1.349 -1.01 -1.152 -1.272 -1.371 -1.54 -1.561 -1.731 -1.921
0.0173 -0.563 -0.513 -0.588 -0.781 -0.924 -1.063 -0.702 -0.804 -0.926 -1.068 -1.208 -1.357 -0.799 -0.971 -1.143 -1.264 -1.374 -1.035 -1.177 -1.297 -1.396 -1.565 -1.586 -1.756 -1.946
0.0177 -0.588 -0.539 -0.613 -0.806 -0.949 -1.088 -0.727 -0.829 -0.951 -1.093 -1.233 -1.382 -0.824 -0.996 -1.168 -1.289 -1.399 -1.06 -1.203 -1.322 -1.421 -1.59 -1.611 -1.781 -1.971
0.0181 -0.613 -0.564 -0.638 -0.831 -0.974 -1.113 -0.752 -0.854 -0.976 -1.118 -1.259 -1.407 -0.849 -1.021 -1.193 -1.314 -1.425 -1.085 -1.228 -1.347 -1.447 -1.615 -1.636 -1.806 -1.996
0.0186 -0.638 -0.589 -0.664 -0.856 -0.999 -1.138 -0.777 -0.879 -1.001 -1.143 -1.284 -1.432 -0.874 -1.046 -1.218 -1.339 -1.45 -1.11 -1.253 -1.373 -1.472 -1.64 -1.662 -1.831 -2.021
0.019 -0.663 -0.614 -0.689 -0.882 -1.024 -1.163 -0.802 -0.904 -1.026 -1.168 -1.309 -1.457 -0.899 -1.072 -1.243 -1.364 -1.475 -1.135 -1.278 -1.398 -1.497 -1.665 -1.687 -1.856 -2.046
0.0195 -0.688 -0.639 -0.714 -0.907 -1.049 -1.188 -0.827 -0.929 -1.051 -1.193 -1.334 -1.482 -0.924 -1.097 -1.268 -1.389 -1.5 -1.16 -1.303 -1.423 -1.522 -1.69 -1.712 -1.881 -2.071
0.02 -0.713 -0.664 -0.739 -0.932 -1.074 -1.213 -0.852 -0.954 -1.077 -1.218 -1.359 -1.507 -0.949 -1.122 -1.294 -1.414 -1.525 -1.185 -1.328 -1.448 -1.547 -1.715 -1.737 -1.906 -2.096
0.0204 -0.738 -0.689 -0.764 -0.957 -1.099 -1.238 -0.878 -0.979 -1.102 -1.244 -1.384 -1.533 -0.974 -1.147 -1.319 -1.439 -1.55 -1.211 -1.353 -1.473 -1.572 -1.74 -1.762 -1.931 -2.122
0.0209 -0.763 -0.714 -0.789 -0.982 -1.124 -1.263 -0.903 -1.004 -1.127 -1.268 -1.409 -1.558 -0.999 -1.172 -1.344 -1.464 -1.575 -1.235 -1.378 -1.498 -1.597 -1.765 -1.787 -1.956 -2.147
0.0214 -0.788 -0.739 -0.814 -1.007 -1.149 -1.288 -0.927 -1.029 -1.152 -1.293 -1.434 -1.582 -1.024 -1.197 -1.368 -1.489 -1.6 -1.26 -1.403 -1.523 -1.622 -1.79 -1.812 -1.981 -2.171
0.022 -0.813 -0.764 -0.839 -1.032 -1.174 -1.313 -0.952 -1.054 -1.176 -1.318 -1.459 -1.607 -1.049 -1.222 -1.393 -1.514 -1.625 -1.285 -1.428 -1.548 -1.647 -1.815 -1.837 -2.006 -2.196
0.0225 -0.838 -0.789 -0.864 -1.057 -1.199 -1.338 -0.977 -1.079 -1.201 -1.343 -1.484 -1.632 -1.074 -1.246 -1.418 -1.539 -1.65 -1.31 -1.453 -1.573 -1.672 -1.84 -1.862 -2.031 -2.221
0.023 -0.863 -0.814 -0.888 -1.081 -1.224 -1.363 -1.002 -1.104 -1.226 -1.368 -1.509 -1.657 -1.099 -1.271 -1.443 -1.564 -1.675 -1.335 -1.478 -1.598 -1.697 -1.865 -1.887 -2.056 -2.246
0.0236 -0.888 -0.839 -0.913 -1.106 -1.249 -1.388 -1.027 -1.129 -1.251 -1.393 -1.534 -1.682 -1.124 -1.296 -1.468 -1.589 -1.699 -1.36 -1.503 -1.622 -1.721 -1.89 -1.911 -2.081 -2.271
0.0242 -0.913 -0.863 -0.938 -1.131 -1.274 -1.413 -1.052 -1.154 -1.276 -1.418 -1.558 -1.707 -1.149 -1.321 -1.493 -1.614 -1.724 -1.385 -1.528 -1.647 -1.746 -1.915 -1.936 -2.106 -2.296
0.0247 -0.938 -0.888 -0.963 -1.156 -1.299 -1.438 -1.077 -1.179 -1.301 -1.443 -1.583 -1.732 -1.174 -1.346 -1.518 -1.639 -1.749 -1.41 -1.552 -1.672 -1.771 -1.94 -1.961 -2.131 -2.321
0.0253 -0.963 -0.913 -0.988 -1.181 -1.323 -1.463 -1.102 -1.203 -1.326 -1.468 -1.608 -1.757 -1.198 -1.371 -1.543 -1.664 -1.774 -1.435 -1.577 -1.697 -1.796 -1.964 -1.986 -2.155 -2.346
0.0259 -0.988 -0.938 -1.013 -1.206 -1.348 -1.488 -1.127 -1.228 -1.351 -1.493 -1.633 -1.782 -1.223 -1.396 -1.568 -1.688 -1.799 -1.46 -1.602 -1.722 -1.821 -1.989 -2.011 -2.18 -2.371
0.0266 -1.008 -0.959 -1.034 -1.227 -1.369 -1.508 -1.147 -1.249 -1.372 -1.513 -1.654 -1.803 -1.244 -1.417 -1.589 -1.709 -1.82 -1.48 -1.623 -1.743 -1.842 -2.01 -2.032 -2.201 -2.392
0.0272 -1.029 -0.979 -1.054 -1.247 -1.389 -1.529 -1.168 -1.269 -1.392 -1.534 -1.674 -1.823 -1.264 -1.437 -1.609 -1.73 -1.84 -1.501 -1.643 -1.763 -1.862 -2.03 -2.052 -2.221 -2.412
0.0279 -1.049 -0.999 -1.074 -1.267 -1.41 -1.549 -1.188 -1.29 -1.412 -1.554 -1.694 -1.843 -1.285 -1.457 -1.629 -1.75 -1.86 -1.521 -1.664 -1.783 -1.882 -2.051 -2.072 -2.242 -2.432
0.0285 -1.069 -1.02 -1.095 -1.288 -1.43 -1.569 -1.208 -1.31 -1.432 -1.574 -1.715 -1.863 -1.305 -1.477 -1.649 -1.77 -1.881 -1.541 -1.684 -1.804 -1.903 -2.071 -2.093 -2.262 -2.452
0.0292 -1.089 -1.04 -1.115 -1.308 -1.45 -1.589 -1.229 -1.33 -1.453 -1.595 -1.735 -1.884 -1.325 -1.498 -1.67 -1.79 -1.901 -1.562 -1.704 -1.824 -1.923 -2.091 -2.113 -2.282 -2.473
0.0299 -1.11 -1.06 -1.135 -1.328 -1.471 -1.61 -1.249 -1.35 -1.473 -1.615 -1.755 -1.904 -1.345 -1.518 -1.69 -1.811 -1.921 -1.582 -1.724 -1.844 -1.943 -2.111 -2.133 -2.302 -2.493
0.0307 -1.13 -1.081 -1.155 -1.348 -1.491 -1.63 -1.269 -1.371 -1.493 -1.635 -1.776 -1.924 -1.366 -1.538 -1.71 -1.831 -1.941 -1.602 -1.745 -1.864 -1.963 -2.132 -2.153 -2.323 -2.513
0.0314 -1.15 -1.101 -1.176 -1.369 -1.511 -1.65 -1.289 -1.391 -1.513 -1.655 -1.796 -1.944 -1.386 -1.559 -1.73 -1.851 -1.962 -1.622 -1.765 -1.885 -1.984 -2.152 -2.174 -2.343 -2.533
0.0322 -1.171 -1.121 -1.196 -1.389 -1.531 -1.67 -1.31 -1.411 -1.534 -1.676 -1.816 -1.965 -1.406 -1.579 -1.751 -1.871 -1.982 -1.643 -1.785 -1.905 -2.004 -2.172 -2.194 -2.363 -2.554
0.0329 -1.191 -1.141 -1.216 -1.409 -1.551 -1.691 -1.33 -1.431 -1.554 -1.696 -1.836 -1.985 -1.426 -1.599 -1.771 -1.891 -2.002 -1.663 -1.805 -1.925 -2.024 -2.192 -2.214 -2.383 -2.574
0.0337 -1.207 -1.157 -1.232 -1.425 -1.567 -1.706 -1.346 -1.447 -1.57 -1.712 -1.852 -2.001 -1.442 -1.615 -1.787 -1.907 -2.018 -1.679 -1.821 -1.941 -2.04 -2.208 -2.23 -2.399 -2.59
0.0345 -1.222 -1.173 -1.248 -1.441 -1.583 -1.722 -1.361 -1.463 -1.586 -1.727 -1.868 -2.016 -1.458 -1.631 -1.803 -1.923 -2.034 -1.694 -1.837 -1.957 -2.056 -2.224 -2.246 -2.415 -2.606
0.0354 -1.238 -1.189 -1.264 -1.457 -1.599 -1.738 -1.377 -1.479 -1.601 -1.743 -1.884 -2.032 -1.474 -1.647 -1.818 -1.939 -2.05 -1.71 -1.853 -1.973 -2.072 -2.24 -2.262 -2.431 -2.621
0.0362 -1.254 -1.205 -1.28 -1.473 -1.615 -1.754 -1.393 -1.495 -1.617 -1.759 -1.9 -2.048 -1.49 -1.662 -1.834 -1.955 -2.066 -1.726 -1.869 -1.989 -2.088 -2.256 -2.278 -2.447 -2.637
0.0371 -1.27 -1.221 -1.295 -1.488 -1.631 -1.77 -1.409 -1.511 -1.633 -1.775 -1.916 -2.064 -1.506 -1.678 -1.85 -1.971 -2.082 -1.742 -1.885 -2.004 -2.103 -2.272 -2.293 -2.463 -2.653
0.038 -1.286 -1.236 -1.311 -1.504 -1.647 -1.786 -1.425 -1.527 -1.649 -1.791 -1.931 -2.08 -1.522 -1.694 -1.866 -1.987 -2.097 -1.758 -1.901 -2.02 -2.119 -2.288 -2.309 -2.479 -2.669
0.0389 -1.302 -1.252 -1.327 -1.52 -1.663 -1.802 -1.441 -1.543 -1.665 -1.807 -1.947 -2.096 -1.537 -1.71 -1.882 -2.003 -2.113 -1.774 -1.916 -2.036 -2.135 -2.304 -2.325 -2.495 -2.685
0.0398 -1.318 -1.268 -1.343 -1.536 -1.678 -1.818 -1.457 -1.558 -1.681 -1.823 -1.963 -2.112 -1.553 -1.726 -1.898 -2.019 -2.129 -1.79 -1.932 -2.052 -2.151 -2.319 -2.341 -2.51 -2.701
0.0408 -1.334 -1.284 -1.359 -1.552 -1.694 -1.833 -1.473 -1.574 -1.697 -1.839 -1.979 -2.128 -1.569 -1.742 -1.914 -2.034 -2.145 -1.806 -1.948 -2.068 -2.167 -2.335 -2.357 -2.526 -2.717
0.0418 -1.349 -1.3 -1.375 -1.568 -1.71 -1.849 -1.488 -1.59 -1.712 -1.854 -1.995 -2.143 -1.585 -1.757 -1.929 -2.05 -2.161 -1.821 -1.964 -2.084 -2.183 -2.351 -2.373 -2.542 -2.732
0.0428 -1.363 -1.314 -1.389 -1.582 -1.724 -1.863 -1.503 -1.604 -1.727 -1.869 -2.009 -2.158 -1.599 -1.772 -1.944 -2.064 -2.175 -1.836 -1.978 -2.098 -2.197 -2.365 -2.387 -2.556 -2.747
0.0438 -1.378 -1.328 -1.403 -1.596 -1.739 -1.878 -1.517 -1.619 -1.741 -1.883 -2.023 -2.172 -1.614 -1.786 -1.958 -2.079 -2.189 -1.85 -1.992 -2.112 -2.211 -2.38 -2.401 -2.571 -2.761
0.0449 -1.392 -1.343 -1.418 -1.611 -1.753 -1.892 -1.531 -1.633 -1.755 -1.897 -2.038 -2.186 -1.628 -1.8 -1.972 -2.093 -2.204 -1.864 -2.007 -2.127 -2.226 -2.394 -2.416 -2.585 -2.775
0.046 -1.407 -1.357 -1.432 -1.625 -1.767 -1.906 -1.546 -1.647 -1.77 -1.912 -2.052 -2.201 -1.642 -1.815 -1.987 -2.107 -2.218 -1.879 -2.021 -2.141 -2.24 -2.408 -2.43 -2.599 -2.79
0.0471 -1.421 -1.371 -1.446 -1.639 -1.782 -1.921 -1.56 -1.662 -1.784 -1.926 -2.066 -2.215 -1.657 -1.829 -2.001 -2.122 -2.232 -1.893 -2.035 -2.155 -2.254 -2.423 -2.444 -2.614 -2.804
0.0482 -1.435 -1.386 -1.461 -1.654 -1.796 -1.935 -1.574 -1.676 -1.798 -1.94 -2.081 -2.229 -1.671 -1.843 -2.015 -2.136 -2.247 -1.907 -2.05 -2.17 -2.269 -2.437 -2.459 -2.628 -2.818
0.0494 -1.45 -1.4 -1.475 -1.668 -1.81 -1.949 -1.589 -1.69 -1.813 -1.955 -2.095 -2.244 -1.685 -1.858 -2.03 -2.15 -2.261 -1.922 -2.064 -2.184 -2.283 -2.451 -2.473 -2.642 -2.833
0.0506 -1.464 -1.414 -1.489 -1.682 -1.825 -1.964 -1.603 -1.705 -1.827 -1.969 -2.109 -2.258 -1.7 -1.872 -2.044 -2.165 -2.275 -1.936 -2.078 -2.198 -2.297 -2.466 -2.487 -2.657 -2.847
0.0518 -1.478 -1.429 -1.504 -1.697 -1.839 -1.978 -1.617 -1.719 -1.841 -1.983 -2.124 -2.272 -1.714 -1.886 -2.058 -2.179 -2.29 -1.95 -2.093 -2.213 -2.312 -2.48 -2.502 -2.671 -2.861
0.053 -1.492 -1.442 -1.517 -1.71 -1.852 -1.992 -1.631 -1.732 -1.855 -1.997 -2.137 -2.286 -1.727 -1.9 -2.072 -2.193 -2.303 -1.964 -2.106 -2.226 -2.325 -2.493 -2.515 -2.684 -2.875
0.0543 -1.503 -1.454 -1.529 -1.722 -1.864 -2.003 -1.643 -1.744 -1.867 -2.008 -2.149 -2.298 -1.739 -1.912 -2.084 -2.204 -2.315 -1.975 -2.118 -2.238 -2.337 -2.505 -2.527 -2.696 -2.887
0.0556 -1.515 -1.466 -1.541 -1.734 -1.876 -2.015 -1.654 -1.756 -1.878 -2.02 -2.161 -2.309 -1.751 -1.923 -2.095 -2.216 -2.327 -1.987 -2.13 -2.25 -2.349 -2.517 -2.539 -2.708 -2.898
0.057 -1.527 -1.477 -1.552 -1.745 -1.888 -2.027 -1.666 -1.768 -1.89 -2.032 -2.172 -2.321 -1.763 -1.935 -2.107 -2.228 -2.338 -1.999 -2.142 -2.261 -2.36 -2.529 -2.55 -2.72 -2.91
0.0584 -1.539 -1.489 -1.564 -1.757 -1.899 -2.039 -1.678 -1.779 -1.902 -2.044 -2.184 -2.333 -1.774 -1.947 -2.119 -2.239 -2.35 -2.011 -2.153 -2.273 -2.372 -2.54 -2.562 -2.731 -2.922
0.0598 -1.55 -1.501 -1.576 -1.769 -1.911 -2.05 -1.689 -1.791 -1.914 -2.055 -2.196 -2.344 -1.786 -1.959 -2.131 -2.251 -2.362 -2.022 -2.165 -2.285 -2.384 -2.552 -2.574 -2.743 -2.933
0.0612 -1.562 -1.513 -1.588 -1.78 -1.923 -2.062 -1.701 -1.803 -1.925 -2.067 -2.208 -2.356 -1.798 -1.97 -2.142 -2.263 -2.374 -2.034 -2.177 -2.297 -2.396 -2.564 -2.586 -2.755 -2.945
0.0627 -1.574 -1.524 -1.599 -1.792 -1.935 -2.074 -1.713 -1.815 -1.937 -2.079 -2.219 -2.368 -1.81 -1.982 -2.154 -2.275 -2.385 -2.046 -2.188 -2.308 -2.407 -2.576 -2.597 -2.767 -2.957
0.0642 -1.586 -1.536 -1.611 -1.804 -1.946 -2.085 -1.725 -1.826 -1.949 -2.091 -2.231 -2.38 -1.821 -1.994 -2.166 -2.286 -2.397 -2.058 -2.2 -2.32 -2.419 -2.587 -2.609 -2.778 -2.969
0.0657 -1.597 -1.548 -1.623 -1.816 -1.958 -2.097 -1.736 -1.838 -1.96 -2.102 -2.243 -2.391 -1.833 -2.006 -2.177 -2.298 -2.409 -2.069 -2.212 -2.332 -2.431 -2.599 -2.621 -2.79 -2.98
0.0673 -1.61 -1.56 -1.635 -1.828 -1.97 -2.11 -1.749 -1.85 -1.973 -2.115 -2.255 -2.404 -1.845 -2.018 -2.19 -2.311 -2.421 -2.082 -2.224 -2.344 -2.443 -2.611 -2.633 -2.802 -2.993
0.0689 -1.623 -1.573 -1.648 -1.841 -1.984 -2.123 -1.762 -1.863 -1.986 -2.128 -2.268 -2.417 -1.858 -2.031 -2.203 -2.324 -2.434 -2.095 -2.237 -2.357 -2.456 -2.624 -2.646 -2.816 -3.006
0.0706 -1.636 -1.586 -1.661 -1.854 -1.997 -2.136 -1.775 -1.877 -1.999 -2.141 -2.281 -2.43 -1.872 -2.044 -2.216 -2.337 -2.447 -2.108 -2.25 -2.37 -2.469 -2.638 -2.659 -2.829 -3.019
0.0723 -1.649 -1.599 -1.674 -1.867 -2.01 -2.149 -1.788 -1.89 -2.012 -2.154 -2.294 -2.443 -1.885 -2.057 -2.229 -2.35 -2.46 -2.121 -2.263 -2.383 -2.482 -2.651 -2.672 -2.842 -3.032
0.0741 -1.662 -1.612 -1.687 -1.88 -2.023 -2.162 -1.801 -1.903 -2.025 -2.167 -2.307 -2.456 -1.898 -2.07 -2.242 -2.363 -2.473 -2.134 -2.277 -2.396 -2.495 -2.664 -2.685 -2.855 -3.045
0.0758 -1.675 -1.626 -1.7 -1.893 -2.036 -2.175 -1.814 -1.916 -2.038 -2.18 -2.321 -2.469 -1.911 -2.083 -2.255 -2.376 -2.486 -2.147 -2.29 -2.409 -2.508 -2.677 -2.698 -2.868 -3.058
0.0777 -1.688 -1.639 -1.713 -1.906 -2.049 -2.188 -1.827 -1.929 -2.051 -2.193 -2.334 -2.482 -1.924 -2.096 -2.268 -2.389 -2.5 -2.16 -2.303 -2.423 -2.522 -2.69 -2.712 -2.881 -3.071
0.0795 -1.701 -1.652 -1.727 -1.92 -2.062 -2.201 -1.84 -1.942 -2.064 -2.206 -2.347 -2.495 -1.937 -2.109 -2.281 -2.402 -2.513 -2.173 -2.316 -2.436 -2.535 -2.703 -2.725 -2.894 -3.084
0.0815 -1.714 -1.665 -1.74 -1.933 -2.075 -2.214 -1.853 -1.955 -2.077 -2.219 -2.36 -2.508 -1.95 -2.123 -2.294 -2.415 -2.526 -2.186 -2.329 -2.449 -2.548 -2.716 -2.738 -2.907 -3.097
