web/models/grb/offaxis/18/grb_0.2967_0.2683_0.0063096.dat
# %ECSV 1.0
# ---
# datatype:
# - {name: time, datatype: float64}
# - {name: swift_uvot_uvw2, datatype: float64}
# - {name: swift_uvot_uvm2, datatype: float64}
# - {name: swift_uvot_uvw1, datatype: float64}
# - {name: swift_uvot_U, datatype: float64}
# - {name: swift_uvot_B, datatype: float64}
# - {name: swift_uvot_V, datatype: float64}
# - {name: swift_uvot_W, datatype: float64}
# - {name: johnson_U, datatype: float64}
# - {name: johnson_B, datatype: float64}
# - {name: johnson_V, datatype: float64}
# - {name: johnson_R, datatype: float64}
# - {name: johnson_I, datatype: float64}
# - {name: sdss_u, datatype: float64}
# - {name: sdss_g, datatype: float64}
# - {name: sdss_r, datatype: float64}
# - {name: sdss_i, datatype: float64}
# - {name: sdss_z, datatype: float64}
# - {name: PS1_g, datatype: float64}
# - {name: PS1_r, datatype: float64}
# - {name: PS1_i, datatype: float64}
# - {name: PS1_z, datatype: float64}
# - {name: PS1_Y, datatype: float64}
# - {name: PS1_w, datatype: float64}
# - {name: ATLAS_c, datatype: float64}
# - {name: ATLAS_o, datatype: float64}
# - {name: ukirt_J, datatype: float64}
# - {name: ukirt_H, datatype: float64}
# - {name: ukirt_K, datatype: float64}
# - {name: Clear, datatype: float64}
# meta: !!omap
# - comment: [E = 0.00011641960487160349, Eta0 = 8.02, GammaB = 12.0, dL = 0.012188, epsb = 6.760829753919819e-06, epse = 0.1, n = 0.00630957344480193,
#     p = 2.15, theta_obs = 0.29670597283903605, xiN = 1.0, z = 0.0, type = grb, E_kiso = 0.2682695795279726]
# schema: astropy-2.0
time swift_uvot_uvw2 swift_uvot_uvm2 swift_uvot_uvw1 swift_uvot_U swift_uvot_B swift_uvot_V swift_uvot_W johnson_U johnson_B johnson_V johnson_R johnson_I sdss_u sdss_g sdss_r sdss_i sdss_z PS1_g PS1_r PS1_i PS1_z PS1_Y PS1_w ATLAS_c ATLAS_o ukirt_J ukirt_H ukirt_K Clear
[from data line 360]
53.3072 9.886 9.935 9.86 9.667 9.525 9.386 9.747 9.645 9.523 9.381 9.24 9.092 9.65 9.478 9.306 9.185 9.074 9.414 9.271 9.151 9.052 8.884 9.308 9.403 9.25 8.862 8.693 8.503 9.218
54.5931 9.921 9.97 9.895 9.702 9.56 9.421 9.781 9.68 9.557 9.415 9.275 9.126 9.685 9.512 9.34 9.22 9.109 9.448 9.306 9.186 9.087 8.919 9.343 9.438 9.285 8.897 8.728 8.537 9.252
55.9101 9.955 10.005 9.93 9.737 9.594 9.455 9.816 9.714 9.592 9.45 9.31 9.161 9.719 9.547 9.375 9.254 9.144 9.483 9.341 9.221 9.122 8.953 9.377 9.472 9.32 8.932 8.762 8.572 9.287
57.2588 9.99 10.039 9.964 9.772 9.629 9.49 9.851 9.749 9.627 9.485 9.344 9.196 9.754 9.582 9.41 9.289 9.178 9.518 9.375 9.255 9.156 8.988 9.412 9.507 9.354 8.966 8.797 8.607 9.322
58.6401 10.025 10.074 9.999 9.806 9.664 9.525 9.885 9.784 9.661 9.519 9.379 9.23 9.789 9.616 9.444 9.324 9.213 9.552 9.41 9.29 9.191 9.023 9.447 9.542 9.389 9.001 8.832 8.641 9.356
60.0546 10.059 10.109 10.034 9.841 9.698 9.559 9.92 9.818 9.696 9.554 9.414 9.265 9.823 9.651 9.479 9.358 9.248 9.587 9.445 9.325 9.226 9.057 9.481 9.577 9.424 9.036 8.866 8.676 9.391
61.5034 10.094 10.143 10.068 9.876 9.733 9.594 9.955 9.853 9.731 9.589 9.448 9.3 9.858 9.686 9.514 9.393 9.282 9.622 9.479 9.359 9.26 9.092 9.516 9.611 9.458 9.07 8.901 8.711 9.426
62.987 10.129 10.178 10.103 9.91 9.768 9.629 9.989 9.888 9.765 9.624 9.483 9.334 9.893 9.72 9.548 9.428 9.317 9.657 9.514 9.394 9.295 9.127 9.551 9.646 9.493 9.105 8.936 8.745 9.46
64.5065 10.163 10.213 10.138 9.945 9.802 9.663 10.024 9.922 9.8 9.658 9.518 9.369 9.928 9.755 9.583 9.462 9.352 9.691 9.549 9.429 9.33 9.161 9.585 9.681 9.528 9.14 8.97 8.78 9.495
66.0626 10.196 10.245 10.17 9.977 9.835 9.696 10.057 9.955 9.833 9.691 9.55 9.402 9.96 9.787 9.616 9.495 9.384 9.724 9.581 9.461 9.362 9.194 9.618 9.713 9.56 9.172 9.003 8.813 9.528
67.6562 10.228 10.278 10.203 10.01 9.868 9.728 10.089 9.988 9.865 9.723 9.583 9.434 9.993 9.82 9.648 9.527 9.417 9.756 9.614 9.494 9.395 9.227 9.65 9.746 9.593 9.205 9.036 8.845 9.56
69.2883 10.261 10.31 10.235 10.042 9.9 9.761 10.122 10.02 9.898 9.756 9.615 9.467 10.025 9.853 9.681 9.56 9.449 9.789 9.646 9.526 9.427 9.259 9.683 9.778 9.625 9.237 9.068 8.878 9.593
70.9597 10.293 10.343 10.268 10.075 9.933 9.793 10.154 10.053 9.93 9.788 9.648 9.499 10.058 9.885 9.713 9.593 9.482 9.821 9.679 9.559 9.46 9.292 9.715 9.811 9.658 9.27 9.101 8.91 9.625
72.6715 10.326 10.375 10.301 10.108 9.965 9.826 10.187 10.085 9.963 9.821 9.68 9.532 10.09 9.918 9.746 9.625 9.514 9.854 9.711 9.591 9.492 9.324 9.748 9.843 9.69 9.302 9.133 8.943 9.658
74.4246 10.358 10.408 10.333 10.14 9.998 9.859 10.219 10.118 9.995 9.853 9.713 9.564 10.123 9.95 9.778 9.658 9.547 9.886 9.744 9.624 9.525 9.357 9.781 9.876 9.723 9.335 9.166 8.975 9.69
76.2199 10.391 10.44 10.366 10.173 10.03 9.891 10.252 10.15 10.028 9.886 9.745 9.597 10.155 9.983 9.811 9.69 9.579 9.919 9.776 9.657 9.557 9.389 9.813 9.908 9.755 9.368 9.198 9.008 9.723
78.0586 10.423 10.473 10.398 10.205 10.063 9.924 10.284 10.183 10.06 9.918 9.778 9.629 10.188 10.015 9.843 9.723 9.612 9.951 9.809 9.689 9.59 9.422 9.846 9.941 9.788 9.4 9.231 9.04 9.755
79.9416 10.456 10.505 10.431 10.238 10.095 9.956 10.317 10.215 10.093 9.951 9.81 9.662 10.22 10.048 9.876 9.755 9.645 9.984 9.841 9.722 9.623 9.454 9.878 9.973 9.821 9.433 9.263 9.073 9.788
81.87 10.49 10.539 10.464 10.271 10.129 9.99 10.35 10.249 10.126 9.984 9.844 9.695 10.254 10.081 9.909 9.789 9.678 10.017 9.875 9.755 9.656 9.488 9.912 10.007 9.854 9.466 9.297 9.106 9.821
83.845 10.53 10.579 10.504 10.311 10.169 10.03 10.39 10.289 10.166 10.025 9.884 9.735 10.294 10.121 9.949 9.829 9.718 10.058 9.915 9.795 9.696 9.528 9.952 10.047 9.894 9.506 9.337 9.146 9.861
85.8676 10.57 10.619 10.544 10.351 10.209 10.07 10.431 10.329 10.206 10.065 9.924 9.776 10.334 10.161 9.989 9.869 9.758 10.098 9.955 9.835 9.736 9.568 9.992 10.087 9.934 9.546 9.377 9.186 9.901
87.939 10.61 10.659 10.584 10.391 10.249 10.11 10.471 10.369 10.246 10.105 9.964 9.816 10.374 10.201 10.03 9.909 9.798 10.138 9.995 9.875 9.776 9.608 10.032 10.127 9.974 9.586 9.417 9.227 9.942
90.0604 10.65 10.699 10.624 10.431 10.289 10.15 10.511 10.409 10.287 10.145 10.004 9.856 10.414 10.241 10.07 9.949 9.838 10.178 10.035 9.915 9.816 9.648 10.072 10.167 10.014 9.626 9.457 9.267 9.982
92.2329 10.69 10.739 10.664 10.471 10.329 10.19 10.551 10.449 10.327 10.185 10.044 9.896 10.454 10.281 10.11 9.989 9.878 10.218 10.075 9.955 9.856 9.688 10.112 10.207 10.054 9.666 9.497 9.307 10.022
94.4579 10.73 10.779 10.704 10.511 10.369 10.23 10.591 10.489 10.367 10.225 10.084 9.936 10.494 10.321 10.15 10.029 9.918 10.258 10.115 9.995 9.896 9.728 10.152 10.247 10.094 9.706 9.537 9.347 10.062
96.7365 10.77 10.819 10.744 10.551 10.409 10.27 10.631 10.529 10.407 10.265 10.124 9.976 10.534 10.362 10.19 10.069 9.958 10.298 10.155 10.035 9.936 9.768 10.192 10.287 10.134 9.746 9.577 9.387 10.102
99.0701 10.81 10.859 10.784 10.592 10.449 10.31 10.671 10.569 10.447 10.305 10.164 10.016 10.574 10.402 10.23 10.109 9.998 10.338 10.195 10.075 9.976 9.808 10.232 10.327 10.174 9.786 9.617 9.427 10.142
101.4599 10.85 10.899 10.825 10.632 10.489 10.35 10.711 10.609 10.487 10.345 10.204 10.056 10.614 10.442 10.27 10.149 10.038 10.378 10.235 10.115 10.016 9.848 10.272 10.367 10.214 9.826 9.657 9.467 10.182
103.9075 10.897 10.947 10.872 10.679 10.537 10.398 10.758 10.657 10.534 10.392 10.252 10.103 10.662 10.489 10.317 10.197 10.086 10.425 10.283 10.163 10.064 9.896 10.32 10.415 10.262 9.874 9.705 9.514 10.229
106.4141 10.965 11.014 10.94 10.747 10.604 10.465 10.826 10.724 10.602 10.46 10.319 10.171 10.729 10.557 10.385 10.264 10.153 10.493 10.35 10.23 10.131 9.963 10.387 10.482 10.329 9.942 9.772 9.582 10.297
108.9811 11.032 11.082 11.007 10.814 10.672 10.533 10.893 10.792 10.669 10.527 10.387 10.238 10.797 10.624 10.452 10.332 10.221 10.56 10.418 10.298 10.199 10.031 10.455 10.55 10.397 10.009 9.84 9.649 10.364
111.6101 11.1 11.149 11.075 10.882 10.739 10.6 10.961 10.859 10.737 10.595 10.455 10.306 10.864 10.692 10.52 10.399 10.289 10.628 10.485 10.366 10.267 10.098 10.522 10.617 10.465 10.077 9.907 9.717 10.432
114.3025 11.168 11.217 11.142 10.949 10.807 10.668 11.028 10.927 10.804 10.663 10.522 10.373 10.932 10.759 10.587 10.467 10.356 10.696 10.553 10.433 10.334 10.166 10.59 10.685 10.532 10.144 9.975 9.784 10.499
117.0598 11.235 11.285 11.21 11.017 10.874 10.735 11.096 10.994 10.872 10.73 10.59 10.441 10.999 10.827 10.655 10.534 10.424 10.763 10.621 10.501 10.402 10.233 10.657 10.752 10.6 10.212 10.042 9.852 10.567
119.8836 11.303 11.352 11.277 11.084 10.942 10.803 11.164 11.062 10.939 10.798 10.657 10.509 11.067 10.894 10.723 10.602 10.491 10.831 10.688 10.568 10.469 10.301 10.725 10.82 10.667 10.279 10.11 9.92 10.635
122.7756 11.37 11.42 11.345 11.152 11.009 10.87 11.231 11.129 11.007 10.865 10.725 10.576 11.134 10.962 10.79 10.669 10.559 10.898 10.756 10.636 10.537 10.368 10.792 10.888 10.735 10.347 10.177 9.987 10.702
125.7373 11.438 11.487 11.412 11.219 11.077 10.938 11.299 11.197 11.075 10.933 10.792 10.644 11.202 11.029 10.858 10.737 10.626 10.966 10.823 10.703 10.604 10.436 10.86 10.955 10.802 10.414 10.245 10.055 10.77
128.7705 11.505 11.555 11.48 11.287 11.145 11.005 11.366 11.265 11.142 11.0 10.86 10.711 11.27 11.097 10.925 10.804 10.694 11.033 10.891 10.771 10.672 10.504 10.927 11.023 10.87 10.482 10.313 10.122 10.837
131.8769 11.587 11.636 11.561 11.368 11.226 11.087 11.448 11.346 11.224 11.082 10.941 10.793 11.351 11.179 11.007 10.886 10.775 11.115 10.972 10.852 10.753 10.585 11.009 11.104 10.951 10.563 10.394 10.204 10.919
135.0582 11.688 11.738 11.663 11.47 11.327 11.188 11.549 11.447 11.325 11.183 11.043 10.894 11.452 11.28 11.108 10.987 10.877 11.216 11.074 10.954 10.855 10.686 11.11 11.205 11.053 10.665 10.495 10.305 11.02
138.3162 11.789 11.839 11.764 11.571 11.429 11.29 11.65 11.549 11.426 11.284 11.144 10.995 11.554 11.381 11.209 11.089 10.978 11.317 11.175 11.055 10.956 10.788 11.212 11.307 11.154 10.766 10.597 10.406 11.121
141.6528 11.891 11.94 11.865 11.672 11.53 11.391 11.752 11.65 11.528 11.386 11.245 11.097 11.655 11.483 11.311 11.19 11.079 11.419 11.276 11.156 11.057 10.889 11.313 11.408 11.255 10.867 10.698 10.508 11.223
145.0699 11.992 12.042 11.967 11.774 11.631 11.492 11.853 11.751 11.629 11.487 11.347 11.198 11.756 11.584 11.412 11.291 11.181 11.52 11.378 11.258 11.159 10.99 11.414 11.509 11.357 10.969 10.799 10.609 11.324
148.5695 12.093 12.143 12.068 11.875 11.733 11.594 11.954 11.853 11.73 11.588 11.448 11.299 11.858 11.685 11.513 11.393 11.282 11.621 11.479 11.359 11.26 11.092 11.516 11.611 11.458 11.07 10.901 10.71 11.425
152.1534 12.195 12.244 12.169 11.976 11.834 11.695 12.056 11.954 11.832 11.69 11.549 11.401 11.959 11.787 11.615 11.494 11.383 11.723 11.58 11.46 11.361 11.193 11.617 11.712 11.559 11.171 11.002 10.812 11.527
155.8238 12.296 12.346 12.271 12.078 11.935 11.796 12.157 12.055 11.933 11.791 11.651 11.502 12.06 11.888 11.716 11.595 11.485 11.824 11.682 11.562 11.463 11.294 11.718 11.813 11.661 11.273 11.103 10.913 11.628
159.5828 12.397 12.447 12.372 12.179 12.037 11.898 12.258 12.157 12.034 11.892 11.752 11.603 12.162 11.989 11.817 11.697 11.586 11.925 11.783 11.663 11.564 11.396 11.82 11.915 11.762 11.374 11.205 11.014 11.729
163.4324 12.499 12.548 12.473 12.28 12.138 11.999 12.36 12.258 12.136 11.994 11.853 11.705 12.263 12.09 11.919 11.798 11.687 12.027 11.884 11.764 11.665 11.497 11.921 12.016 11.863 11.475 11.306 11.116 11.831
167.375 12.635 12.684 12.61 12.417 12.274 12.135 12.496 12.394 12.272 12.13 11.989 11.841 12.399 12.227 12.055 11.934 11.824 12.163 12.02 11.901 11.802 11.633 12.057 12.152 12.0 11.612 11.442 11.252 11.967
171.4126 12.799 12.848 12.774 12.581 12.438 12.299 12.66 12.558 12.436 12.294 12.153 12.005 12.563 12.391 12.219 12.098 11.988 12.327 12.184 12.065 11.966 11.797 12.221 12.316 12.164 11.776 11.606 11.416 12.131
175.5476 12.963 13.012 12.938 12.745 12.602 12.463 12.824 12.722 12.6 12.458 12.318 12.169 12.727 12.555 12.383 12.262 12.152 12.491 12.348 12.229 12.13 11.961 12.385 12.48 12.328 11.94 11.77 11.58 12.295
179.7823 13.127 13.176 13.102 12.909 12.766 12.627 12.988 12.886 12.764 12.622 12.482 12.333 12.891 12.719 12.547 12.426 12.316 12.655 12.512 12.393 12.294 12.125 12.549 12.644 12.492 12.104 11.934 11.744 12.459
184.1193 13.291 13.34 13.266 13.073 12.93 12.791 13.152 13.05 12.928 12.786 12.646 12.497 13.055 12.883 12.711 12.59 12.48 12.819 12.676 12.557 12.458 12.289 12.713 12.808 12.656 12.268 12.098 11.908 12.623
188.5608 13.455 13.504 13.43 13.237 13.094 12.955 13.316 13.214 13.092 12.95 12.81 12.661 13.219 13.047 12.875 12.754 12.644 12.983 12.84 12.721 12.622 12.453 12.877 12.972 12.82 12.432 12.262 12.072 12.787
193.1095 13.619 13.668 13.594 13.401 13.258 13.119 13.48 13.378 13.256 13.114 12.974 12.825 13.383 13.211 13.039 12.918 12.808 13.147 13.004 12.885 12.786 12.617 13.041 13.136 12.984 12.596 12.426 12.236 12.951
197.7679 13.783 13.833 13.758 13.565 13.422 13.283 13.644 13.542 13.42 13.278 13.138 12.989 13.547 13.375 13.203 13.082 12.972 13.311 13.168 13.049 12.95 12.781 13.205 13.3 13.148 12.76 12.59 12.4 13.115
202.5387 13.947 13.997 13.922 13.729 13.586 13.447 13.808 13.706 13.584 13.442 13.302 13.153 13.711 13.539 13.367 13.246 13.136 13.475 13.332 13.213 13.114 12.945 13.369 13.464 13.312 12.924 12.754 12.564 13.279
207.4245 14.111 14.161 14.086 13.893 13.75 13.611 13.972 13.87 13.748 13.606 13.466 13.317 13.875 13.703 13.531 13.41 13.3 13.639 13.496 13.377 13.278 13.109 13.533 13.628 13.476 13.088 12.918 12.728 13.443
212.4283 14.38 14.429 14.354 14.161 14.019 13.88 14.241 14.139 14.017 13.875 13.734 13.586 14.144 13.971 13.8 13.679 13.568 13.908 13.765 13.645 13.546 13.378 13.802 13.897 13.744 13.356 13.187 12.997 13.712
217.5527 14.693 14.743 14.668 14.475 14.333 14.193 14.554 14.453 14.33 14.188 14.048 13.899 14.458 14.285 14.113 13.992 13.882 14.221 14.079 13.959 13.86 13.692 14.115 14.211 14.058 13.67 13.501 13.31 14.025
222.8008 15.007 15.056 14.981 14.789 14.646 14.507 14.868 14.766 14.644 14.502 14.361 14.213 14.771 14.599 14.427 14.306 14.195 14.535 14.392 14.272 14.173 14.005 14.429 14.524 14.371 13.983 13.814 13.624 14.339
228.1754 15.32 15.37 15.295 15.102 14.96 14.821 15.181 15.08 14.957 14.815 14.675 14.526 15.085 14.912 14.74 14.62 14.509 14.848 14.706 14.586 14.487 14.319 14.743 14.838 14.685 14.297 14.128 13.937 14.652
233.6797 15.634 15.683 15.609 15.416 15.273 15.134 15.495 15.393 15.271 15.129 14.988 14.84 15.398 15.226 15.054 14.933 14.823 15.162 15.019 14.9 14.801 14.632 15.056 15.151 14.999 14.611 14.441 14.251 14.966
239.3168 15.948 15.997 15.922 15.729 15.587 15.448 15.808 15.707 15.584 15.443 15.302 15.153 15.712 15.539 15.367 15.247 15.136 15.476 15.333 15.213 15.114 14.946 15.37 15.465 15.312 14.924 14.755 14.564 15.279
245.0899 16.261 16.311 16.236 16.043 15.9 15.761 16.122 16.02 15.898 15.756 15.616 15.467 16.025 15.853 15.681 15.56 15.45 15.789 15.647 15.527 15.428 15.259 15.683 15.778 15.626 15.238 15.068 14.878 15.593
251.0022 16.575 16.624 16.549 16.356 16.214 16.075 16.436 16.334 16.212 16.07 15.929 15.781 16.339 16.166 15.995 15.874 15.763 16.103 15.96 15.84 15.741 15.573 15.997 16.092 15.939 15.551 15.382 15.192 15.907
257.0572 16.888 16.938 16.863 16.67 16.528 16.388 16.749 16.648 16.525 16.383 16.243 16.094 16.653 16.48 16.308 16.187 16.077 16.416 16.274 16.154 16.055 15.887 16.31 16.406 16.253 15.865 15.696 15.505 16.22
263.2582 17.202 17.251 17.176 16.983 16.841 16.702 17.063 16.961 16.839 16.697 16.556 16.408 16.966 16.794 16.622 16.501 16.39 16.73 16.587 16.467 16.368 16.2 16.624 16.719 16.566 16.178 16.009 15.819 16.534
269.6088 17.515 17.565 17.49 17.297 17.155 17.016 17.376 17.275 17.152 17.01 16.87 16.721 17.28 17.107 16.935 16.815 16.704 17.043 16.901 16.781 16.682 16.514 16.938 17.033 16.88 16.492 16.323 16.132 16.847
276.1126 17.829 17.878 17.804 17.611 17.468 17.329 17.69 17.588 17.466 17.324 17.183 17.035 17.593 17.421 17.249 17.128 17.017 17.357 17.214 17.095 16.996 16.827 17.251 17.346 17.193 16.806 16.636 16.446 17.161
282.7734 18.143 18.192 18.117 17.924 17.782 17.643 18.003 17.902 17.779 17.637 17.497 17.348 17.907 17.734 17.562 17.442 17.331 17.67 17.528 17.408 17.309 17.141 17.565 17.66 17.507 17.119 16.95 16.759 17.474
289.5947 18.456 18.506 18.431 18.238 18.095 17.956 18.317 18.215 18.093 17.951 17.811 17.662 18.22 18.048 17.876 17.755 17.645 17.984 17.841 17.722 17.623 17.454 17.878 17.973 17.821 17.433 17.263 17.073 17.788
296.5807 18.77 18.819 18.744 18.551 18.409 18.27 18.631 18.529 18.407 18.265 18.124 17.976 18.534 18.361 18.19 18.069 17.958 18.298 18.155 18.035 17.936 17.768 18.192 18.287 18.134 17.746 17.577 17.387 18.102
303.7351 19.083 19.133 19.058 18.865 18.722 18.583 18.944 18.842 18.72 18.578 18.438 18.289 18.848 18.675 18.503 18.382 18.272 18.611 18.469 18.349 18.25 18.082 18.505 18.601 18.448 18.06 17.89 17.7 18.415
311.0622 19.397 19.446 19.371 19.178 19.036 18.897 19.258 19.156 19.034 18.892 18.751 18.603 19.161 18.989 18.817 18.696 18.585 18.925 18.782 18.662 18.563 18.395 18.819 18.914 18.761 18.373 18.204 18.014 18.729
318.566 19.71 19.76 19.685 19.492 19.35 19.21 19.571 19.47 19.347 19.205 19.065 18.916 19.475 19.302 19.13 19.01 18.899 19.238 19.096 18.976 18.877 18.709 19.132 19.228 19.075 18.687 18.518 18.327 19.042
326.2508 20.024 20.073 19.999 19.806 19.663 19.524 19.885 19.783 19.661 19.519 19.378 19.23 19.788 19.616 19.444 19.323 19.212 19.552 19.409 19.29 19.19 19.022 19.446 19.541 19.388 19.001 18.831 18.641 19.356
334.121 20.338 20.387 20.312 20.119 19.977 19.838 20.198 20.097 19.974 19.832 19.692 19.543 20.102 19.929 19.757 19.637 19.526 19.865 19.723 19.603 19.504 19.336 19.76 19.855 19.702 19.314 19.145 18.954 19.669
342.181 20.651 20.701 20.626 20.433 20.29 20.151 20.512 20.41 20.288 20.146 20.006 19.857 20.415 20.243 20.071 19.95 19.84 20.179 20.036 19.917 19.818 19.649 20.073 20.168 20.016 19.628 19.458 19.268 19.983
