web/models/grb/offaxis/18/grb_0.2967_719.6857_0.0001000.dat
# %ECSV 1.0
# ---
# datatype:
# - {name: time, datatype: float64}
# - {name: swift_uvot_uvw2, datatype: float64}
# - {name: swift_uvot_uvm2, datatype: float64}
# - {name: swift_uvot_uvw1, datatype: float64}
# - {name: swift_uvot_U, datatype: float64}
# - {name: swift_uvot_B, datatype: float64}
# - {name: swift_uvot_V, datatype: float64}
# - {name: swift_uvot_W, datatype: float64}
# - {name: johnson_U, datatype: float64}
# - {name: johnson_B, datatype: float64}
# - {name: johnson_V, datatype: float64}
# - {name: johnson_R, datatype: float64}
# - {name: johnson_I, datatype: float64}
# - {name: sdss_u, datatype: float64}
# - {name: sdss_g, datatype: float64}
# - {name: sdss_r, datatype: float64}
# - {name: sdss_i, datatype: float64}
# - {name: sdss_z, datatype: float64}
# - {name: PS1_g, datatype: float64}
# - {name: PS1_r, datatype: float64}
# - {name: PS1_i, datatype: float64}
# - {name: PS1_z, datatype: float64}
# - {name: PS1_Y, datatype: float64}
# - {name: PS1_w, datatype: float64}
# - {name: ATLAS_c, datatype: float64}
# - {name: ATLAS_o, datatype: float64}
# - {name: ukirt_J, datatype: float64}
# - {name: ukirt_H, datatype: float64}
# - {name: ukirt_K, datatype: float64}
# - {name: Clear, datatype: float64}
# meta: !!omap
# - comment: [E = 0.31231838447717747, Eta0 = 8.02, GammaB = 12.0, dL = 0.012188, epsb = 6.760829753919819e-06, epse = 0.1, n = 0.0001,
#     p = 2.15, theta_obs = 0.29670597283903605, xiN = 1.0, z = 0.0, type = grb, E_kiso = 719.6856730011514]
# schema: astropy-2.0
time swift_uvot_uvw2 swift_uvot_uvm2 swift_uvot_uvw1 swift_uvot_U swift_uvot_B swift_uvot_V swift_uvot_W johnson_U johnson_B johnson_V johnson_R johnson_I sdss_u sdss_g sdss_r sdss_i sdss_z PS1_g PS1_r PS1_i PS1_z PS1_Y PS1_w ATLAS_c ATLAS_o ukirt_J ukirt_H ukirt_K Clear
[from data line 206]
1.3569 1.361 1.41 1.335 1.142 1.0 0.861 1.222 1.12 0.998 0.856 0.715 0.567 1.125 0.953 0.781 0.66 0.549 0.889 0.746 0.626 0.527 0.359 0.783 0.878 0.725 0.337 0.168 -0.022 0.693
1.3896 1.323 1.373 1.298 1.105 0.963 0.823 1.184 1.083 0.96 0.818 0.678 0.529 1.088 0.915 0.743 0.622 0.512 0.851 0.709 0.589 0.49 0.322 0.745 0.841 0.688 0.3 0.131 -0.06 0.655
1.4232 1.286 1.335 1.26 1.067 0.925 0.786 1.147 1.045 0.923 0.781 0.64 0.492 1.05 0.877 0.706 0.585 0.474 0.814 0.671 0.551 0.452 0.284 0.708 0.803 0.65 0.262 0.093 -0.097 0.618
1.4575 1.248 1.298 1.223 1.03 0.887 0.748 1.109 1.007 0.885 0.743 0.603 0.454 1.012 0.84 0.668 0.547 0.437 0.776 0.634 0.514 0.415 0.246 0.67 0.765 0.613 0.225 0.055 -0.135 0.58
1.4927 1.211 1.26 1.185 0.992 0.85 0.711 1.072 0.97 0.847 0.706 0.565 0.417 0.975 0.802 0.63 0.51 0.399 0.739 0.596 0.476 0.377 0.209 0.633 0.728 0.575 0.187 0.018 -0.172 0.543
1.5287 1.173 1.223 1.148 0.955 0.812 0.673 1.034 0.932 0.81 0.668 0.528 0.379 0.937 0.765 0.593 0.472 0.362 0.701 0.558 0.439 0.34 0.171 0.595 0.69 0.538 0.15 -0.02 -0.21 0.505
1.5655 1.146 1.195 1.12 0.928 0.785 0.646 1.007 0.905 0.783 0.641 0.5 0.352 0.91 0.738 0.566 0.445 0.334 0.674 0.531 0.411 0.312 0.144 0.568 0.663 0.51 0.122 -0.047 -0.237 0.478
1.6033 1.12 1.169 1.094 0.901 0.759 0.62 0.981 0.879 0.757 0.615 0.474 0.326 0.884 0.712 0.54 0.419 0.308 0.648 0.505 0.385 0.286 0.118 0.542 0.637 0.484 0.096 -0.073 -0.263 0.452
1.642 1.094 1.143 1.068 0.875 0.733 0.594 0.955 0.853 0.731 0.589 0.448 0.3 0.858 0.685 0.514 0.393 0.282 0.622 0.479 0.359 0.26 0.092 0.516 0.611 0.458 0.07 -0.099 -0.289 0.426
1.6816 1.068 1.117 1.042 0.849 0.707 0.568 0.929 0.827 0.704 0.563 0.422 0.273 0.832 0.659 0.487 0.367 0.256 0.596 0.453 0.333 0.234 0.066 0.49 0.585 0.432 0.044 -0.125 -0.316 0.399
1.7222 1.041 1.091 1.016 0.823 0.681 0.542 0.902 0.801 0.678 0.536 0.396 0.247 0.806 0.633 0.461 0.341 0.23 0.569 0.427 0.307 0.208 0.04 0.464 0.559 0.406 0.018 -0.151 -0.342 0.373
1.7637 1.015 1.065 0.99 0.797 0.655 0.516 0.876 0.775 0.652 0.51 0.37 0.221 0.78 0.607 0.435 0.315 0.204 0.543 0.401 0.281 0.182 0.014 0.438 0.533 0.38 -0.008 -0.177 -0.368 0.347
1.8062 0.989 1.039 0.964 0.771 0.629 0.489 0.85 0.749 0.626 0.484 0.344 0.195 0.754 0.581 0.409 0.288 0.178 0.517 0.375 0.255 0.156 -0.012 0.411 0.507 0.354 -0.034 -0.203 -0.394 0.321
1.8498 0.963 1.013 0.938 0.745 0.602 0.463 0.824 0.722 0.6 0.458 0.318 0.169 0.727 0.555 0.383 0.262 0.152 0.491 0.349 0.229 0.13 -0.039 0.385 0.481 0.328 -0.06 -0.23 -0.42 0.295
1.8944 0.937 0.987 0.912 0.719 0.576 0.437 0.798 0.696 0.574 0.432 0.292 0.143 0.701 0.529 0.357 0.236 0.126 0.465 0.322 0.203 0.104 -0.065 0.359 0.454 0.302 -0.086 -0.256 -0.446 0.269
1.9401 0.911 0.96 0.886 0.693 0.55 0.411 0.772 0.67 0.548 0.406 0.266 0.117 0.675 0.503 0.331 0.21 0.1 0.439 0.296 0.177 0.078 -0.091 0.333 0.428 0.276 -0.112 -0.282 -0.472 0.243
1.9869 0.886 0.935 0.861 0.668 0.525 0.386 0.747 0.645 0.523 0.381 0.24 0.092 0.65 0.478 0.306 0.185 0.074 0.414 0.271 0.152 0.052 -0.116 0.308 0.403 0.25 -0.137 -0.307 -0.497 0.218
2.0349 0.861 0.91 0.835 0.643 0.5 0.361 0.722 0.62 0.498 0.356 0.215 0.067 0.625 0.453 0.281 0.16 0.049 0.389 0.246 0.126 0.027 -0.141 0.283 0.378 0.225 -0.163 -0.332 -0.522 0.193
2.084 0.836 0.885 0.81 0.617 0.475 0.336 0.697 0.595 0.473 0.331 0.19 0.042 0.6 0.427 0.256 0.135 0.024 0.364 0.221 0.101 0.002 -0.166 0.258 0.353 0.2 -0.188 -0.357 -0.547 0.168
2.1342 0.811 0.86 0.785 0.592 0.45 0.311 0.672 0.57 0.448 0.306 0.165 0.017 0.575 0.402 0.231 0.11 -0.001 0.339 0.196 0.076 -0.023 -0.191 0.233 0.328 0.175 -0.213 -0.382 -0.572 0.143
2.1857 0.786 0.835 0.76 0.567 0.425 0.286 0.647 0.545 0.422 0.281 0.14 -0.008 0.55 0.377 0.205 0.085 -0.026 0.314 0.171 0.051 -0.048 -0.216 0.208 0.303 0.15 -0.238 -0.407 -0.597 0.118
2.2384 0.761 0.81 0.735 0.542 0.4 0.261 0.621 0.52 0.397 0.256 0.115 -0.034 0.525 0.352 0.18 0.06 -0.051 0.288 0.146 0.026 -0.073 -0.241 0.183 0.278 0.125 -0.263 -0.432 -0.623 0.092
2.2924 0.735 0.785 0.71 0.517 0.375 0.236 0.596 0.495 0.372 0.23 0.09 -0.059 0.5 0.327 0.155 0.035 -0.076 0.263 0.121 0.001 -0.098 -0.266 0.158 0.253 0.1 -0.288 -0.457 -0.648 0.067
2.3477 0.71 0.76 0.685 0.492 0.35 0.21 0.571 0.47 0.347 0.205 0.065 -0.084 0.475 0.302 0.13 0.01 -0.101 0.238 0.096 -0.024 -0.123 -0.291 0.133 0.228 0.075 -0.313 -0.482 -0.673 0.042
2.4044 0.685 0.735 0.66 0.467 0.325 0.185 0.546 0.445 0.322 0.18 0.04 -0.109 0.45 0.277 0.105 -0.016 -0.126 0.213 0.071 -0.049 -0.148 -0.316 0.107 0.203 0.05 -0.338 -0.507 -0.698 0.017
2.4624 0.66 0.71 0.635 0.442 0.299 0.16 0.521 0.42 0.297 0.155 0.015 -0.134 0.425 0.252 0.08 -0.041 -0.151 0.188 0.046 -0.074 -0.173 -0.341 0.082 0.178 0.025 -0.363 -0.533 -0.723 -0.008
2.5218 0.635 0.685 0.61 0.417 0.275 0.135 0.496 0.395 0.272 0.13 -0.01 -0.159 0.4 0.227 0.055 -0.066 -0.176 0.163 0.021 -0.099 -0.198 -0.366 0.057 0.153 -0.0 -0.388 -0.557 -0.748 -0.033
2.5826 0.61 0.66 0.585 0.392 0.25 0.111 0.471 0.37 0.247 0.105 -0.035 -0.184 0.375 0.202 0.03 -0.09 -0.201 0.138 -0.004 -0.124 -0.223 -0.391 0.033 0.128 -0.025 -0.413 -0.582 -0.773 -0.058
2.6449 0.586 0.635 0.56 0.367 0.225 0.086 0.446 0.345 0.222 0.08 -0.06 -0.209 0.35 0.177 0.005 -0.115 -0.226 0.113 -0.029 -0.149 -0.248 -0.416 0.008 0.103 -0.05 -0.438 -0.607 -0.798 -0.083
2.7087 0.561 0.61 0.535 0.342 0.2 0.061 0.422 0.32 0.197 0.056 -0.085 -0.233 0.325 0.152 -0.02 -0.14 -0.251 0.089 -0.054 -0.174 -0.273 -0.441 -0.017 0.078 -0.075 -0.463 -0.632 -0.823 -0.108
2.7741 0.536 0.585 0.51 0.317 0.175 0.036 0.397 0.295 0.173 0.031 -0.11 -0.258 0.3 0.127 -0.044 -0.165 -0.276 0.064 -0.079 -0.199 -0.298 -0.466 -0.042 0.053 -0.1 -0.488 -0.657 -0.847 -0.132
2.841 0.511 0.56 0.485 0.292 0.15 0.011 0.372 0.27 0.148 0.006 -0.135 -0.283 0.275 0.102 -0.069 -0.19 -0.301 0.039 -0.104 -0.224 -0.323 -0.491 -0.067 0.028 -0.125 -0.513 -0.682 -0.872 -0.157
2.9095 0.486 0.535 0.46 0.267 0.125 -0.014 0.347 0.245 0.123 -0.019 -0.16 -0.308 0.25 0.078 -0.094 -0.215 -0.326 0.014 -0.129 -0.249 -0.348 -0.516 -0.092 0.003 -0.15 -0.538 -0.707 -0.897 -0.182
2.9797 0.461 0.51 0.436 0.243 0.1 -0.039 0.322 0.22 0.098 -0.044 -0.185 -0.333 0.225 0.053 -0.119 -0.24 -0.351 -0.011 -0.154 -0.274 -0.373 -0.541 -0.117 -0.022 -0.175 -0.562 -0.732 -0.922 -0.207
3.0516 0.436 0.485 0.411 0.218 0.075 -0.064 0.297 0.195 0.073 -0.069 -0.209 -0.358 0.2 0.028 -0.144 -0.265 -0.375 -0.036 -0.179 -0.298 -0.397 -0.566 -0.142 -0.047 -0.199 -0.587 -0.757 -0.947 -0.232
3.1252 0.413 0.462 0.387 0.194 0.052 -0.087 0.274 0.172 0.05 -0.092 -0.233 -0.381 0.177 0.004 -0.167 -0.288 -0.399 -0.059 -0.202 -0.322 -0.421 -0.589 -0.165 -0.07 -0.223 -0.611 -0.78 -0.97 -0.255
3.2006 0.392 0.442 0.367 0.174 0.032 -0.107 0.253 0.152 0.029 -0.113 -0.253 -0.402 0.157 -0.016 -0.188 -0.308 -0.419 -0.08 -0.222 -0.342 -0.441 -0.609 -0.185 -0.09 -0.243 -0.631 -0.8 -0.991 -0.276
3.2778 0.372 0.422 0.347 0.154 0.011 -0.128 0.233 0.131 0.009 -0.133 -0.273 -0.422 0.136 -0.036 -0.208 -0.329 -0.439 -0.1 -0.242 -0.362 -0.461 -0.63 -0.206 -0.111 -0.263 -0.651 -0.821 -1.011 -0.296
3.3569 0.352 0.401 0.326 0.134 -0.009 -0.148 0.213 0.111 -0.011 -0.153 -0.294 -0.442 0.116 -0.056 -0.228 -0.349 -0.46 -0.12 -0.263 -0.383 -0.482 -0.65 -0.226 -0.131 -0.284 -0.672 -0.841 -1.031 -0.316
3.4378 0.332 0.381 0.306 0.113 -0.029 -0.168 0.193 0.091 -0.032 -0.173 -0.314 -0.462 0.096 -0.077 -0.249 -0.369 -0.48 -0.14 -0.283 -0.403 -0.502 -0.67 -0.246 -0.151 -0.304 -0.692 -0.861 -1.051 -0.336
3.5208 0.311 0.361 0.286 0.093 -0.049 -0.189 0.172 0.071 -0.052 -0.194 -0.334 -0.483 0.076 -0.097 -0.269 -0.389 -0.5 -0.161 -0.303 -0.423 -0.522 -0.69 -0.267 -0.171 -0.324 -0.712 -0.881 -1.072 -0.357
3.6057 0.291 0.341 0.266 0.073 -0.07 -0.209 0.152 0.05 -0.072 -0.214 -0.354 -0.503 0.055 -0.117 -0.289 -0.41 -0.52 -0.181 -0.324 -0.443 -0.542 -0.711 -0.287 -0.192 -0.344 -0.732 -0.902 -1.092 -0.377
3.6927 0.271 0.32 0.245 0.052 -0.09 -0.229 0.132 0.03 -0.092 -0.234 -0.375 -0.523 0.035 -0.137 -0.309 -0.43 -0.541 -0.201 -0.344 -0.464 -0.563 -0.731 -0.307 -0.212 -0.365 -0.753 -0.922 -1.112 -0.397
3.7818 0.251 0.3 0.225 0.032 -0.11 -0.249 0.111 0.01 -0.113 -0.254 -0.395 -0.544 0.015 -0.158 -0.33 -0.45 -0.561 -0.221 -0.364 -0.484 -0.583 -0.751 -0.327 -0.232 -0.385 -0.773 -0.942 -1.133 -0.418
3.873 0.23 0.28 0.205 0.012 -0.13 -0.27 0.091 -0.01 -0.133 -0.275 -0.415 -0.564 -0.005 -0.178 -0.35 -0.471 -0.581 -0.242 -0.384 -0.504 -0.603 -0.771 -0.348 -0.252 -0.405 -0.793 -0.962 -1.153 -0.438
3.9664 0.212 0.262 0.187 -0.006 -0.149 -0.288 0.073 -0.029 -0.151 -0.293 -0.433 -0.582 -0.024 -0.196 -0.368 -0.489 -0.599 -0.26 -0.402 -0.522 -0.621 -0.79 -0.366 -0.271 -0.423 -0.811 -0.981 -1.171 -0.456
4.0621 0.196 0.246 0.171 -0.022 -0.165 -0.304 0.057 -0.044 -0.167 -0.309 -0.449 -0.598 -0.039 -0.212 -0.384 -0.505 -0.615 -0.276 -0.418 -0.538 -0.637 -0.805 -0.382 -0.286 -0.439 -0.827 -0.997 -1.187 -0.472
4.1601 0.18 0.23 0.155 -0.038 -0.18 -0.32 0.041 -0.06 -0.183 -0.325 -0.465 -0.614 -0.055 -0.228 -0.4 -0.52 -0.631 -0.292 -0.434 -0.554 -0.653 -0.821 -0.398 -0.302 -0.455 -0.843 -1.012 -1.203 -0.488
4.2604 0.164 0.214 0.139 -0.054 -0.196 -0.335 0.025 -0.076 -0.199 -0.341 -0.481 -0.63 -0.071 -0.244 -0.416 -0.536 -0.647 -0.308 -0.45 -0.57 -0.669 -0.837 -0.413 -0.318 -0.471 -0.859 -1.028 -1.219 -0.504
4.3632 0.149 0.198 0.123 -0.07 -0.212 -0.351 0.01 -0.092 -0.215 -0.356 -0.497 -0.645 -0.087 -0.26 -0.432 -0.552 -0.663 -0.323 -0.466 -0.586 -0.685 -0.853 -0.429 -0.334 -0.487 -0.875 -1.044 -1.234 -0.519
4.4685 0.133 0.182 0.107 -0.086 -0.228 -0.367 -0.006 -0.108 -0.23 -0.372 -0.513 -0.661 -0.103 -0.276 -0.447 -0.568 -0.679 -0.339 -0.482 -0.602 -0.701 -0.869 -0.445 -0.35 -0.503 -0.891 -1.06 -1.25 -0.535
4.5763 0.117 0.166 0.091 -0.101 -0.244 -0.383 -0.022 -0.124 -0.246 -0.388 -0.529 -0.677 -0.119 -0.291 -0.463 -0.584 -0.695 -0.355 -0.498 -0.618 -0.717 -0.885 -0.461 -0.366 -0.519 -0.907 -1.076 -1.266 -0.551
4.6867 0.101 0.15 0.076 -0.117 -0.26 -0.399 -0.038 -0.14 -0.262 -0.404 -0.545 -0.693 -0.135 -0.307 -0.479 -0.6 -0.71 -0.371 -0.514 -0.633 -0.732 -0.901 -0.477 -0.382 -0.534 -0.922 -1.092 -1.282 -0.567
4.7997 0.085 0.135 0.06 -0.133 -0.276 -0.415 -0.054 -0.156 -0.278 -0.42 -0.56 -0.709 -0.151 -0.323 -0.495 -0.616 -0.726 -0.387 -0.53 -0.649 -0.748 -0.917 -0.493 -0.398 -0.55 -0.938 -1.108 -1.298 -0.583
4.9155 0.069 0.119 0.044 -0.149 -0.292 -0.431 -0.07 -0.172 -0.294 -0.436 -0.576 -0.725 -0.166 -0.339 -0.511 -0.632 -0.742 -0.403 -0.545 -0.665 -0.764 -0.933 -0.509 -0.413 -0.566 -0.954 -1.124 -1.314 -0.599
5.0341 0.054 0.104 0.029 -0.164 -0.306 -0.446 -0.085 -0.186 -0.309 -0.451 -0.591 -0.74 -0.181 -0.354 -0.526 -0.647 -0.757 -0.418 -0.56 -0.68 -0.779 -0.947 -0.524 -0.428 -0.581 -0.969 -1.138 -1.329 -0.614
5.1555 0.04 0.089 0.015 -0.178 -0.321 -0.46 -0.099 -0.201 -0.323 -0.465 -0.606 -0.754 -0.196 -0.368 -0.54 -0.661 -0.772 -0.432 -0.575 -0.694 -0.793 -0.962 -0.538 -0.443 -0.596 -0.983 -1.153 -1.343 -0.628
5.2799 0.026 0.075 0.0 -0.193 -0.335 -0.474 -0.113 -0.215 -0.338 -0.479 -0.62 -0.768 -0.21 -0.383 -0.555 -0.675 -0.786 -0.446 -0.589 -0.709 -0.808 -0.976 -0.552 -0.457 -0.61 -0.998 -1.167 -1.357 -0.642
5.4072 0.011 0.061 -0.014 -0.207 -0.349 -0.489 -0.128 -0.229 -0.352 -0.494 -0.634 -0.783 -0.224 -0.397 -0.569 -0.69 -0.8 -0.461 -0.603 -0.723 -0.822 -0.99 -0.567 -0.471 -0.624 -1.012 -1.181 -1.372 -0.657
5.5377 -0.003 0.046 -0.028 -0.221 -0.364 -0.503 -0.142 -0.244 -0.366 -0.508 -0.649 -0.797 -0.239 -0.411 -0.583 -0.704 -0.815 -0.475 -0.618 -0.737 -0.837 -1.005 -0.581 -0.486 -0.639 -1.026 -1.196 -1.386 -0.671
5.6713 -0.017 0.032 -0.043 -0.236 -0.378 -0.517 -0.156 -0.258 -0.381 -0.522 -0.663 -0.811 -0.253 -0.426 -0.598 -0.718 -0.829 -0.489 -0.632 -0.752 -0.851 -1.019 -0.595 -0.5 -0.653 -1.041 -1.21 -1.401 -0.686
5.8081 -0.032 0.018 -0.057 -0.25 -0.392 -0.532 -0.171 -0.272 -0.395 -0.537 -0.677 -0.826 -0.267 -0.44 -0.612 -0.733 -0.843 -0.504 -0.646 -0.766 -0.865 -1.033 -0.61 -0.514 -0.667 -1.055 -1.224 -1.415 -0.7
5.9482 -0.046 0.003 -0.071 -0.264 -0.407 -0.546 -0.185 -0.287 -0.409 -0.551 -0.692 -0.84 -0.282 -0.454 -0.626 -0.747 -0.858 -0.518 -0.661 -0.781 -0.88 -1.048 -0.624 -0.529 -0.682 -1.07 -1.239 -1.429 -0.714
6.0917 -0.06 -0.011 -0.086 -0.279 -0.421 -0.56 -0.199 -0.301 -0.424 -0.565 -0.706 -0.855 -0.296 -0.469 -0.641 -0.761 -0.872 -0.532 -0.675 -0.795 -0.894 -1.062 -0.638 -0.543 -0.696 -1.084 -1.253 -1.444 -0.729
6.2386 -0.075 -0.025 -0.1 -0.293 -0.436 -0.575 -0.214 -0.315 -0.438 -0.58 -0.72 -0.869 -0.31 -0.483 -0.655 -0.776 -0.886 -0.547 -0.689 -0.809 -0.908 -1.076 -0.653 -0.557 -0.71 -1.098 -1.268 -1.458 -0.743
6.3891 -0.087 -0.038 -0.112 -0.305 -0.448 -0.587 -0.226 -0.328 -0.45 -0.592 -0.733 -0.881 -0.323 -0.495 -0.667 -0.788 -0.899 -0.559 -0.702 -0.822 -0.921 -1.089 -0.665 -0.57 -0.723 -1.111 -1.28 -1.47 -0.755
6.5433 -0.099 -0.049 -0.124 -0.317 -0.46 -0.599 -0.238 -0.34 -0.462 -0.604 -0.744 -0.893 -0.335 -0.507 -0.679 -0.8 -0.91 -0.571 -0.713 -0.833 -0.932 -1.101 -0.677 -0.582 -0.734 -1.122 -1.292 -1.482 -0.767
6.7011 -0.111 -0.061 -0.136 -0.329 -0.471 -0.61 -0.25 -0.351 -0.474 -0.616 -0.756 -0.905 -0.346 -0.519 -0.691 -0.811 -0.922 -0.583 -0.725 -0.845 -0.944 -1.112 -0.688 -0.593 -0.746 -1.134 -1.303 -1.494 -0.779
6.8627 -0.122 -0.073 -0.148 -0.341 -0.483 -0.622 -0.261 -0.363 -0.485 -0.627 -0.768 -0.916 -0.358 -0.531 -0.702 -0.823 -0.934 -0.594 -0.737 -0.857 -0.956 -1.124 -0.7 -0.605 -0.758 -1.146 -1.315 -1.505 -0.79
7.0283 -0.134 -0.085 -0.159 -0.352 -0.495 -0.634 -0.273 -0.375 -0.497 -0.639 -0.78 -0.928 -0.37 -0.542 -0.714 -0.835 -0.946 -0.606 -0.749 -0.868 -0.967 -1.136 -0.712 -0.617 -0.77 -1.157 -1.327 -1.517 -0.802
7.1978 -0.146 -0.096 -0.171 -0.364 -0.507 -0.646 -0.285 -0.387 -0.509 -0.651 -0.791 -0.94 -0.381 -0.554 -0.726 -0.847 -0.957 -0.618 -0.76 -0.88 -0.979 -1.148 -0.724 -0.628 -0.781 -1.169 -1.339 -1.529 -0.814
7.3715 -0.158 -0.108 -0.183 -0.376 -0.518 -0.657 -0.297 -0.398 -0.521 -0.663 -0.803 -0.952 -0.393 -0.566 -0.738 -0.858 -0.969 -0.63 -0.772 -0.892 -0.991 -1.159 -0.735 -0.64 -0.793 -1.181 -1.35 -1.541 -0.826
7.5493 -0.169 -0.12 -0.195 -0.388 -0.53 -0.669 -0.308 -0.41 -0.532 -0.674 -0.815 -0.963 -0.405 -0.578 -0.749 -0.87 -0.981 -0.641 -0.784 -0.904 -1.003 -1.171 -0.747 -0.652 -0.805 -1.193 -1.362 -1.552 -0.837
7.7314 -0.181 -0.132 -0.206 -0.399 -0.542 -0.681 -0.32 -0.422 -0.544 -0.686 -0.826 -0.975 -0.417 -0.589 -0.761 -0.882 -0.992 -0.653 -0.796 -0.915 -1.014 -1.183 -0.759 -0.664 -0.816 -1.204 -1.374 -1.564 -0.849
7.9179 -0.193 -0.143 -0.218 -0.411 -0.553 -0.693 -0.332 -0.433 -0.556 -0.698 -0.838 -0.987 -0.428 -0.601 -0.773 -0.894 -1.004 -0.665 -0.807 -0.927 -1.026 -1.194 -0.771 -0.675 -0.828 -1.216 -1.385 -1.576 -0.861
8.1089 -0.206 -0.156 -0.231 -0.424 -0.566 -0.706 -0.345 -0.446 -0.569 -0.711 -0.851 -1.0 -0.441 -0.614 -0.786 -0.906 -1.017 -0.678 -0.82 -0.94 -1.039 -1.207 -0.784 -0.688 -0.841 -1.229 -1.398 -1.589 -0.874
8.3045 -0.219 -0.169 -0.244 -0.437 -0.579 -0.719 -0.358 -0.459 -0.582 -0.724 -0.864 -1.013 -0.454 -0.627 -0.799 -0.92 -1.03 -0.691 -0.833 -0.953 -1.052 -1.22 -0.797 -0.701 -0.854 -1.242 -1.411 -1.602 -0.887
8.5049 -0.232 -0.182 -0.257 -0.45 -0.593 -0.732 -0.371 -0.473 -0.595 -0.737 -0.877 -1.026 -0.468 -0.64 -0.812 -0.933 -1.043 -0.704 -0.846 -0.966 -1.065 -1.234 -0.81 -0.714 -0.867 -1.255 -1.425 -1.615 -0.9
8.71 -0.245 -0.195 -0.27 -0.463 -0.606 -0.745 -0.384 -0.486 -0.608 -0.75 -0.89 -1.039 -0.481 -0.653 -0.825 -0.946 -1.056 -0.717 -0.859 -0.979 -1.078 -1.247 -0.823 -0.728 -0.88 -1.268 -1.438 -1.628 -0.913
8.9201 -0.258 -0.208 -0.283 -0.476 -0.619 -0.758 -0.397 -0.499 -0.621 -0.763 -0.903 -1.052 -0.494 -0.666 -0.838 -0.959 -1.069 -0.73 -0.873 -0.992 -1.091 -1.26 -0.836 -0.741 -0.893 -1.281 -1.451 -1.641 -0.926
9.1353 -0.271 -0.222 -0.296 -0.489 -0.632 -0.771 -0.41 -0.512 -0.634 -0.776 -0.917 -1.065 -0.507 -0.679 -0.851 -0.972 -1.082 -0.743 -0.886 -1.005 -1.104 -1.273 -0.849 -0.754 -0.906 -1.294 -1.464 -1.654 -0.939
