web/models/kne.last_good/kappa_1_10/20/villar_0.0275_0.2963_10.0000.dat
# %ECSV 1.0
# ---
# datatype:
# - {name: time, datatype: float64}
# - {name: swift_uvot_uvw2, datatype: float64}
# - {name: swift_uvot_uvm2, datatype: float64}
# - {name: swift_uvot_uvw1, datatype: float64}
# - {name: swift_uvot_U, datatype: float64}
# - {name: swift_uvot_B, datatype: float64}
# - {name: swift_uvot_V, datatype: float64}
# - {name: swift_uvot_W, datatype: float64}
# - {name: johnson_U, datatype: float64}
# - {name: johnson_B, datatype: float64}
# - {name: johnson_V, datatype: float64}
# - {name: johnson_R, datatype: float64}
# - {name: johnson_I, datatype: float64}
# - {name: sdss_u, datatype: float64}
# - {name: sdss_g, datatype: float64}
# - {name: sdss_r, datatype: float64}
# - {name: sdss_i, datatype: float64}
# - {name: sdss_z, datatype: float64}
# - {name: PS1_g, datatype: float64}
# - {name: PS1_r, datatype: float64}
# - {name: PS1_i, datatype: float64}
# - {name: PS1_z, datatype: float64}
# - {name: PS1_Y, datatype: float64}
# - {name: PS1_w, datatype: float64}
# - {name: ATLAS_c, datatype: float64}
# - {name: ATLAS_o, datatype: float64}
# - {name: ukirt_J, datatype: float64}
# - {name: ukirt_H, datatype: float64}
# - {name: ukirt_K, datatype: float64}
# - {name: Clear, datatype: float64}
# meta: !!omap
# - comment: [kappa = 10.0, type = villar, mass = 0.027507471329904786, velocity = 0.29633333333333334, theta_obs = 0.0]
# schema: astropy-2.0
time swift_uvot_uvw2 swift_uvot_uvm2 swift_uvot_uvw1 swift_uvot_U swift_uvot_B swift_uvot_V swift_uvot_W johnson_U johnson_B johnson_V johnson_R johnson_I sdss_u sdss_g sdss_r sdss_i sdss_z PS1_g PS1_r PS1_i PS1_z PS1_Y PS1_w ATLAS_c ATLAS_o ukirt_J ukirt_H ukirt_K Clear
[from data line 148]
0.082253 -10.475 -10.824 -11.234 -11.881 -12.09 -12.132 -11.525 -11.926 -12.089 -12.128 -12.033 -11.839 -11.92 -12.115 -12.093 -11.974 -11.809 -12.133 -12.101 -11.982 -11.861 -11.795 -12.065 -12.117 -12.042 -11.383 -10.97 -10.449 -12.059
0.084741 -10.469 -10.822 -11.241 -11.901 -12.118 -12.166 -11.544 -11.948 -12.117 -12.163 -12.072 -11.882 -11.941 -12.145 -12.131 -12.015 -11.853 -12.164 -12.138 -12.022 -11.904 -11.839 -12.101 -12.151 -12.081 -11.43 -11.019 -10.5 -12.095
0.087304 -10.463 -10.819 -11.247 -11.921 -12.146 -12.2 -11.562 -11.969 -12.145 -12.197 -12.111 -11.925 -11.962 -12.176 -12.168 -12.056 -11.896 -12.195 -12.175 -12.063 -11.946 -11.882 -12.137 -12.184 -12.12 -11.477 -11.068 -10.55 -12.13
0.089944 -10.456 -10.815 -11.253 -11.94 -12.173 -12.234 -11.58 -11.99 -12.173 -12.231 -12.149 -11.967 -11.982 -12.205 -12.205 -12.096 -11.939 -12.226 -12.212 -12.104 -11.989 -11.926 -12.173 -12.217 -12.158 -11.524 -11.117 -10.601 -12.165
0.092665 -10.449 -10.811 -11.258 -11.958 -12.201 -12.268 -11.598 -12.01 -12.2 -12.265 -12.188 -12.01 -12.002 -12.235 -12.241 -12.136 -11.982 -12.257 -12.249 -12.144 -12.031 -11.969 -12.209 -12.249 -12.196 -11.57 -11.165 -10.651 -12.2
0.095467 -10.441 -10.806 -11.263 -11.977 -12.228 -12.301 -11.616 -12.029 -12.227 -12.298 -12.226 -12.052 -12.021 -12.264 -12.278 -12.176 -12.025 -12.287 -12.285 -12.184 -12.073 -12.012 -12.245 -12.282 -12.234 -11.617 -11.214 -10.701 -12.235
0.098355 -10.432 -10.8 -11.267 -11.994 -12.254 -12.334 -11.633 -12.049 -12.254 -12.332 -12.264 -12.094 -12.04 -12.293 -12.314 -12.216 -12.067 -12.317 -12.321 -12.224 -12.115 -12.055 -12.28 -12.314 -12.272 -11.663 -11.262 -10.751 -12.269
0.101329 -10.423 -10.794 -11.27 -12.012 -12.28 -12.367 -11.65 -12.068 -12.28 -12.365 -12.302 -12.136 -12.058 -12.322 -12.35 -12.256 -12.11 -12.346 -12.357 -12.264 -12.157 -12.098 -12.315 -12.346 -12.31 -11.71 -11.311 -10.801 -12.303
0.104394 -10.413 -10.787 -11.273 -12.028 -12.306 -12.4 -11.667 -12.086 -12.306 -12.397 -12.34 -12.178 -12.076 -12.35 -12.385 -12.296 -12.152 -12.375 -12.393 -12.303 -12.199 -12.141 -12.35 -12.377 -12.347 -11.756 -11.359 -10.851 -12.337
0.107551 -10.402 -10.779 -11.275 -12.045 -12.331 -12.432 -11.683 -12.104 -12.331 -12.43 -12.377 -12.219 -12.094 -12.378 -12.421 -12.335 -12.194 -12.404 -12.428 -12.343 -12.241 -12.184 -12.384 -12.408 -12.384 -11.802 -11.407 -10.901 -12.371
0.110804 -10.391 -10.77 -11.277 -12.06 -12.356 -12.464 -11.699 -12.121 -12.356 -12.462 -12.414 -12.261 -12.111 -12.405 -12.456 -12.374 -12.236 -12.433 -12.463 -12.382 -12.282 -12.226 -12.419 -12.439 -12.421 -11.848 -11.456 -10.951 -12.404
0.114155 -10.379 -10.76 -11.278 -12.076 -12.381 -12.496 -11.715 -12.138 -12.381 -12.494 -12.451 -12.302 -12.127 -12.432 -12.491 -12.413 -12.278 -12.461 -12.498 -12.421 -12.323 -12.269 -12.453 -12.47 -12.457 -11.894 -11.504 -11.001 -12.437
0.117608 -10.367 -10.75 -11.278 -12.09 -12.405 -12.527 -11.73 -12.154 -12.405 -12.525 -12.488 -12.343 -12.143 -12.459 -12.525 -12.452 -12.32 -12.489 -12.533 -12.459 -12.364 -12.311 -12.486 -12.5 -12.494 -11.94 -11.552 -11.051 -12.47
0.121165 -10.354 -10.739 -11.278 -12.104 -12.429 -12.558 -11.745 -12.17 -12.429 -12.556 -12.524 -12.384 -12.158 -12.486 -12.56 -12.49 -12.361 -12.516 -12.567 -12.498 -12.405 -12.353 -12.52 -12.53 -12.53 -11.985 -11.6 -11.1 -12.503
0.124829 -10.34 -10.727 -11.277 -12.118 -12.452 -12.589 -11.76 -12.186 -12.452 -12.587 -12.561 -12.425 -12.173 -12.512 -12.594 -12.529 -12.403 -12.543 -12.601 -12.536 -12.446 -12.395 -12.553 -12.56 -12.566 -12.031 -11.647 -11.15 -12.535
0.128605 -10.326 -10.715 -11.276 -12.131 -12.475 -12.619 -11.774 -12.2 -12.476 -12.618 -12.597 -12.465 -12.188 -12.537 -12.627 -12.567 -12.444 -12.57 -12.635 -12.574 -12.487 -12.437 -12.586 -12.589 -12.602 -12.076 -11.695 -11.2 -12.568
0.132494 -10.311 -10.701 -11.274 -12.144 -12.497 -12.649 -11.788 -12.215 -12.498 -12.648 -12.632 -12.505 -12.202 -12.562 -12.661 -12.604 -12.485 -12.596 -12.669 -12.612 -12.527 -12.479 -12.619 -12.618 -12.637 -12.122 -11.743 -11.249 -12.599
0.136502 -10.295 -10.687 -11.271 -12.156 -12.519 -12.679 -11.802 -12.229 -12.52 -12.678 -12.668 -12.546 -12.215 -12.587 -12.694 -12.642 -12.525 -12.622 -12.702 -12.65 -12.567 -12.52 -12.651 -12.647 -12.672 -12.167 -11.79 -11.299 -12.631
0.14063 -10.279 -10.672 -11.267 -12.167 -12.541 -12.708 -11.816 -12.242 -12.542 -12.707 -12.703 -12.585 -12.228 -12.612 -12.727 -12.679 -12.566 -12.648 -12.735 -12.687 -12.607 -12.561 -12.683 -12.675 -12.707 -12.212 -11.838 -11.348 -12.662
0.144883 -10.262 -10.656 -11.263 -12.178 -12.562 -12.737 -11.829 -12.255 -12.563 -12.737 -12.738 -12.625 -12.24 -12.636 -12.76 -12.716 -12.606 -12.673 -12.768 -12.724 -12.647 -12.603 -12.715 -12.703 -12.741 -12.257 -11.885 -11.397 -12.693
0.149265 -10.245 -10.639 -11.259 -12.189 -12.583 -12.766 -11.841 -12.267 -12.584 -12.765 -12.773 -12.665 -12.252 -12.66 -12.792 -12.753 -12.647 -12.698 -12.8 -12.761 -12.686 -12.644 -12.747 -12.731 -12.776 -12.302 -11.932 -11.446 -12.724
0.15378 -10.227 -10.621 -11.253 -12.198 -12.603 -12.794 -11.854 -12.278 -12.605 -12.794 -12.807 -12.704 -12.263 -12.683 -12.824 -12.79 -12.687 -12.722 -12.832 -12.798 -12.726 -12.684 -12.778 -12.758 -12.81 -12.346 -11.979 -11.496 -12.755
0.15843 -10.208 -10.603 -11.247 -12.208 -12.623 -12.822 -11.866 -12.289 -12.625 -12.822 -12.841 -12.743 -12.273 -12.706 -12.856 -12.826 -12.726 -12.746 -12.864 -12.834 -12.765 -12.725 -12.809 -12.785 -12.844 -12.391 -12.026 -11.545 -12.785
0.163222 -10.188 -10.583 -11.24 -12.216 -12.642 -12.849 -11.877 -12.3 -12.644 -12.85 -12.875 -12.782 -12.283 -12.728 -12.887 -12.862 -12.766 -12.77 -12.895 -12.871 -12.804 -12.765 -12.84 -12.811 -12.877 -12.435 -12.073 -11.594 -12.815
0.168159 -10.168 -10.563 -11.233 -12.224 -12.661 -12.877 -11.889 -12.31 -12.663 -12.877 -12.909 -12.821 -12.292 -12.75 -12.918 -12.898 -12.805 -12.793 -12.926 -12.907 -12.843 -12.806 -12.87 -12.837 -12.91 -12.479 -12.12 -11.642 -12.844
0.173245 -10.148 -10.542 -11.224 -12.231 -12.68 -12.903 -11.9 -12.319 -12.682 -12.904 -12.942 -12.859 -12.301 -12.771 -12.949 -12.934 -12.844 -12.816 -12.957 -12.942 -12.881 -12.846 -12.9 -12.863 -12.943 -12.524 -12.167 -11.691 -12.874
0.178484 -10.127 -10.519 -11.215 -12.238 -12.697 -12.93 -11.91 -12.328 -12.7 -12.931 -12.975 -12.897 -12.309 -12.792 -12.979 -12.969 -12.883 -12.838 -12.988 -12.978 -12.919 -12.886 -12.93 -12.888 -12.976 -12.568 -12.214 -11.74 -12.903
0.183882 -10.105 -10.496 -11.206 -12.244 -12.715 -12.956 -11.921 -12.336 -12.717 -12.957 -13.008 -12.935 -12.317 -12.813 -13.009 -13.004 -12.922 -12.86 -13.018 -13.013 -12.958 -12.925 -12.96 -12.913 -13.008 -12.611 -12.26 -11.789 -12.931
0.189444 -10.082 -10.472 -11.195 -12.25 -12.732 -12.981 -11.93 -12.343 -12.734 -12.983 -13.04 -12.973 -12.324 -12.833 -13.039 -13.039 -12.96 -12.882 -13.047 -13.048 -12.995 -12.965 -12.989 -12.938 -13.04 -12.655 -12.307 -11.837 -12.96
0.195173 -10.059 -10.447 -11.184 -12.254 -12.748 -13.007 -11.94 -12.35 -12.751 -13.009 -13.072 -13.011 -12.33 -12.853 -13.068 -13.074 -12.999 -12.903 -13.077 -13.082 -13.033 -13.004 -13.018 -12.962 -13.072 -12.698 -12.353 -11.886 -12.988
0.201076 -10.035 -10.421 -11.172 -12.258 -12.764 -13.031 -11.949 -12.356 -12.767 -13.034 -13.104 -13.048 -12.335 -12.872 -13.097 -13.108 -13.037 -12.923 -13.106 -13.117 -13.07 -13.043 -13.046 -12.986 -13.103 -12.742 -12.399 -11.934 -13.015
0.207158 -10.011 -10.394 -11.159 -12.262 -12.779 -13.056 -11.958 -12.362 -12.783 -13.058 -13.135 -13.085 -12.34 -12.891 -13.126 -13.142 -13.075 -12.943 -13.135 -13.151 -13.108 -13.082 -13.074 -13.009 -13.134 -12.785 -12.445 -11.983 -13.043
0.213423 -9.986 -10.366 -11.146 -12.265 -12.794 -13.08 -11.966 -12.367 -12.797 -13.082 -13.166 -13.122 -12.344 -12.909 -13.154 -13.176 -13.112 -12.963 -13.163 -13.185 -13.144 -13.121 -13.102 -13.032 -13.165 -12.828 -12.491 -12.031 -13.07
0.219878 -9.961 -10.337 -11.131 -12.267 -12.808 -13.103 -11.974 -12.371 -12.812 -13.106 -13.197 -13.159 -12.348 -12.927 -13.182 -13.209 -13.149 -12.982 -13.191 -13.218 -13.181 -13.16 -13.129 -13.055 -13.195 -12.871 -12.537 -12.079 -13.097
0.226528 -9.935 -10.306 -11.116 -12.268 -12.822 -13.126 -11.981 -12.374 -12.826 -13.13 -13.228 -13.195 -12.351 -12.944 -13.21 -13.242 -13.186 -13.001 -13.219 -13.251 -13.217 -13.198 -13.156 -13.077 -13.225 -12.914 -12.582 -12.127 -13.123
0.233379 -9.909 -10.275 -11.101 -12.268 -12.835 -13.149 -11.988 -12.377 -12.839 -13.152 -13.258 -13.231 -12.353 -12.96 -13.237 -13.275 -13.223 -13.019 -13.246 -13.284 -13.254 -13.236 -13.183 -13.098 -13.255 -12.956 -12.628 -12.175 -13.149
0.240437 -9.882 -10.243 -11.084 -12.268 -12.847 -13.171 -11.995 -12.379 -12.852 -13.175 -13.288 -13.267 -12.354 -12.977 -13.263 -13.307 -13.26 -13.037 -13.273 -13.317 -13.289 -13.274 -13.209 -13.119 -13.284 -12.998 -12.673 -12.223 -13.175
0.247709 -9.854 -10.21 -11.066 -12.267 -12.859 -13.193 -12.001 -12.38 -12.864 -13.197 -13.317 -13.302 -12.355 -12.992 -13.29 -13.339 -13.296 -13.054 -13.299 -13.349 -13.325 -13.311 -13.235 -13.14 -13.313 -13.041 -12.719 -12.271 -13.2
0.255201 -9.826 -10.175 -11.048 -12.266 -12.87 -13.214 -12.007 -12.381 -12.875 -13.218 -13.346 -13.337 -12.355 -13.007 -13.316 -13.371 -13.332 -13.071 -13.325 -13.381 -13.36 -13.349 -13.261 -13.16 -13.342 -13.083 -12.764 -12.318 -13.225
0.262919 -9.798 -10.139 -11.029 -12.263 -12.881 -13.235 -12.013 -12.381 -12.886 -13.239 -13.375 -13.372 -12.354 -13.022 -13.341 -13.402 -13.368 -13.087 -13.351 -13.412 -13.395 -13.386 -13.286 -13.18 -13.37 -13.124 -12.809 -12.366 -13.25
0.270871 -9.769 -10.103 -11.009 -12.26 -12.891 -13.255 -12.017 -12.38 -12.897 -13.26 -13.403 -13.407 -12.352 -13.036 -13.366 -13.433 -13.403 -13.102 -13.376 -13.444 -13.43 -13.423 -13.311 -13.199 -13.398 -13.166 -12.854 -12.413 -13.274
0.279064 -9.74 -10.065 -10.988 -12.256 -12.9 -13.275 -12.022 -12.378 -12.906 -13.28 -13.431 -13.441 -12.35 -13.049 -13.391 -13.464 -13.438 -13.117 -13.401 -13.474 -13.465 -13.459 -13.335 -13.218 -13.425 -13.207 -12.898 -12.461 -13.298
0.287504 -9.71 -10.026 -10.966 -12.251 -12.909 -13.294 -12.026 -12.376 -12.915 -13.3 -13.459 -13.475 -12.346 -13.062 -13.415 -13.495 -13.473 -13.132 -13.425 -13.505 -13.499 -13.496 -13.359 -13.236 -13.452 -13.249 -12.943 -12.508 -13.321
0.296199 -9.68 -9.985 -10.943 -12.246 -12.917 -13.312 -12.029 -12.373 -12.924 -13.319 -13.486 -13.509 -12.342 -13.074 -13.439 -13.525 -13.508 -13.146 -13.449 -13.535 -13.533 -13.532 -13.383 -13.254 -13.479 -13.29 -12.987 -12.555 -13.344
0.305157 -9.65 -9.944 -10.92 -12.239 -12.925 -13.331 -12.033 -12.369 -12.931 -13.337 -13.512 -13.543 -12.337 -13.085 -13.462 -13.554 -13.542 -13.159 -13.473 -13.565 -13.566 -13.568 -13.406 -13.271 -13.505 -13.33 -13.032 -12.602 -13.367
0.314387 -9.62 -9.901 -10.895 -12.232 -12.931 -13.348 -12.035 -12.364 -12.939 -13.355 -13.539 -13.576 -12.332 -13.096 -13.485 -13.584 -13.576 -13.172 -13.496 -13.594 -13.6 -13.603 -13.429 -13.288 -13.531 -13.371 -13.076 -12.649 -13.389
0.323895 -9.589 -9.857 -10.87 -12.223 -12.937 -13.365 -12.037 -12.358 -12.945 -13.373 -13.565 -13.609 -12.325 -13.107 -13.507 -13.612 -13.61 -13.184 -13.518 -13.624 -13.633 -13.639 -13.451 -13.304 -13.556 -13.412 -13.12 -12.696 -13.411
0.333691 -9.558 -9.812 -10.844 -12.214 -12.943 -13.382 -12.039 -12.352 -12.951 -13.389 -13.59 -13.641 -12.318 -13.116 -13.529 -13.641 -13.643 -13.195 -13.54 -13.652 -13.665 -13.674 -13.473 -13.319 -13.581 -13.452 -13.164 -12.743 -13.433
0.343783 -9.526 -9.765 -10.816 -12.204 -12.947 -13.398 -12.04 -12.344 -12.956 -13.406 -13.615 -13.673 -12.309 -13.125 -13.55 -13.669 -13.676 -13.206 -13.562 -13.681 -13.697 -13.708 -13.494 -13.334 -13.606 -13.492 -13.207 -12.789 -13.454
0.354181 -9.495 -9.717 -10.788 -12.193 -12.951 -13.413 -12.04 -12.336 -12.96 -13.421 -13.64 -13.705 -12.3 -13.134 -13.571 -13.697 -13.709 -13.217 -13.583 -13.708 -13.729 -13.743 -13.515 -13.349 -13.63 -13.531 -13.251 -12.836 -13.474
0.364893 -9.464 -9.668 -10.759 -12.182 -12.954 -13.428 -12.041 -12.327 -12.963 -13.437 -13.664 -13.737 -12.29 -13.141 -13.592 -13.724 -13.741 -13.226 -13.603 -13.736 -13.761 -13.777 -13.536 -13.363 -13.654 -13.571 -13.294 -12.882 -13.495
0.375929 -9.432 -9.618 -10.729 -12.169 -12.957 -13.442 -12.04 -12.317 -12.966 -13.451 -13.688 -13.768 -12.279 -13.148 -13.611 -13.751 -13.773 -13.235 -13.623 -13.763 -13.792 -13.811 -13.556 -13.376 -13.677 -13.61 -13.337 -12.928 -13.514
0.387298 -9.401 -9.566 -10.698 -12.155 -12.958 -13.455 -12.039 -12.306 -12.968 -13.465 -13.711 -13.798 -12.267 -13.154 -13.631 -13.777 -13.805 -13.243 -13.643 -13.79 -13.823 -13.844 -13.575 -13.389 -13.7 -13.649 -13.38 -12.974 -13.534
0.399012 -9.37 -9.512 -10.665 -12.14 -12.959 -13.468 -12.038 -12.293 -12.969 -13.478 -13.734 -13.829 -12.254 -13.16 -13.649 -13.803 -13.836 -13.251 -13.662 -13.816 -13.854 -13.878 -13.594 -13.401 -13.722 -13.688 -13.423 -13.02 -13.553
0.41108 -9.339 -9.458 -10.632 -12.124 -12.959 -13.48 -12.035 -12.281 -12.97 -13.491 -13.756 -13.859 -12.24 -13.165 -13.668 -13.829 -13.867 -13.258 -13.68 -13.842 -13.884 -13.91 -13.613 -13.412 -13.744 -13.727 -13.466 -13.066 -13.571
0.423513 -9.308 -9.401 -10.598 -12.108 -12.958 -13.492 -12.033 -12.267 -12.97 -13.503 -13.778 -13.888 -12.225 -13.169 -13.685 -13.854 -13.898 -13.264 -13.698 -13.867 -13.914 -13.943 -13.631 -13.423 -13.765 -13.765 -13.508 -13.112 -13.589
0.436321 -9.277 -9.344 -10.563 -12.09 -12.957 -13.503 -12.029 -12.252 -12.968 -13.515 -13.799 -13.918 -12.209 -13.172 -13.702 -13.879 -13.928 -13.27 -13.715 -13.892 -13.943 -13.975 -13.648 -13.433 -13.785 -13.803 -13.55 -13.157 -13.606
0.449518 -9.247 -9.284 -10.526 -12.071 -12.954 -13.513 -12.026 -12.236 -12.966 -13.525 -13.82 -13.946 -12.191 -13.175 -13.719 -13.903 -13.958 -13.275 -13.732 -13.916 -13.972 -14.007 -13.665 -13.443 -13.806 -13.841 -13.592 -13.203 -13.623
0.463113 -9.217 -9.224 -10.489 -12.051 -12.951 -13.523 -12.021 -12.219 -12.964 -13.535 -13.84 -13.975 -12.173 -13.176 -13.734 -13.926 -13.987 -13.279 -13.748 -13.94 -14.0 -14.039 -13.682 -13.452 -13.825 -13.878 -13.634 -13.248 -13.64
0.47712 -9.187 -9.161 -10.451 -12.03 -12.947 -13.531 -12.016 -12.2 -12.96 -13.545 -13.86 -14.003 -12.154 -13.177 -13.75 -13.95 -14.016 -13.282 -13.764 -13.963 -14.028 -14.07 -13.698 -13.46 -13.844 -13.915 -13.676 -13.293 -13.656
0.49155 -9.158 -9.097 -10.411 -12.008 -12.942 -13.539 -12.01 -12.181 -12.955 -13.553 -13.879 -14.03 -12.134 -13.177 -13.764 -13.972 -14.045 -13.285 -13.779 -13.986 -14.056 -14.1 -13.713 -13.467 -13.863 -13.952 -13.717 -13.338 -13.671
0.506416 -9.13 -9.032 -10.37 -11.984 -12.936 -13.547 -12.004 -12.161 -12.95 -13.561 -13.898 -14.058 -12.112 -13.177 -13.778 -13.994 -14.073 -13.286 -13.793 -14.009 -14.083 -14.131 -13.728 -13.474 -13.881 -13.989 -13.758 -13.383 -13.686
0.521733 -9.103 -8.965 -10.329 -11.96 -12.929 -13.553 -11.997 -12.14 -12.943 -13.568 -13.916 -14.084 -12.089 -13.175 -13.791 -14.016 -14.101 -13.287 -13.807 -14.031 -14.11 -14.161 -13.742 -13.48 -13.898 -14.025 -13.799 -13.427 -13.701
0.537512 -9.076 -8.896 -10.286 -11.934 -12.921 -13.559 -11.989 -12.117 -12.936 -13.575 -13.933 -14.111 -12.066 -13.173 -13.804 -14.037 -14.128 -13.287 -13.82 -14.052 -14.137 -14.19 -13.756 -13.485 -13.915 -14.061 -13.84 -13.472 -13.715
0.553769 -9.05 -8.825 -10.242 -11.907 -12.912 -13.564 -11.981 -12.093 -12.928 -13.58 -13.95 -14.136 -12.041 -13.169 -13.816 -14.057 -14.155 -13.287 -13.832 -14.073 -14.163 -14.22 -13.769 -13.49 -13.931 -14.097 -13.88 -13.516 -13.728
0.570517 -9.025 -8.753 -10.196 -11.879 -12.902 -13.568 -11.972 -12.068 -12.918 -13.585 -13.967 -14.162 -12.014 -13.165 -13.827 -14.077 -14.181 -13.285 -13.843 -14.093 -14.188 -14.248 -13.781 -13.494 -13.947 -14.133 -13.921 -13.56 -13.741
