web/models/kne.last_good/kappa_1_10/20/villar_0.1443_0.2963_1.0000.dat
# %ECSV 1.0
# ---
# datatype:
# - {name: time, datatype: float64}
# - {name: swift_uvot_uvw2, datatype: float64}
# - {name: swift_uvot_uvm2, datatype: float64}
# - {name: swift_uvot_uvw1, datatype: float64}
# - {name: swift_uvot_U, datatype: float64}
# - {name: swift_uvot_B, datatype: float64}
# - {name: swift_uvot_V, datatype: float64}
# - {name: swift_uvot_W, datatype: float64}
# - {name: johnson_U, datatype: float64}
# - {name: johnson_B, datatype: float64}
# - {name: johnson_V, datatype: float64}
# - {name: johnson_R, datatype: float64}
# - {name: johnson_I, datatype: float64}
# - {name: sdss_u, datatype: float64}
# - {name: sdss_g, datatype: float64}
# - {name: sdss_r, datatype: float64}
# - {name: sdss_i, datatype: float64}
# - {name: sdss_z, datatype: float64}
# - {name: PS1_g, datatype: float64}
# - {name: PS1_r, datatype: float64}
# - {name: PS1_i, datatype: float64}
# - {name: PS1_z, datatype: float64}
# - {name: PS1_Y, datatype: float64}
# - {name: PS1_w, datatype: float64}
# - {name: ATLAS_c, datatype: float64}
# - {name: ATLAS_o, datatype: float64}
# - {name: ukirt_J, datatype: float64}
# - {name: ukirt_H, datatype: float64}
# - {name: ukirt_K, datatype: float64}
# - {name: Clear, datatype: float64}
# meta: !!omap
# - comment: [kappa = 1.0, type = villar, mass = 0.1442699905917794, velocity = 0.29633333333333334, theta_obs = 0.0]
# schema: astropy-2.0
time swift_uvot_uvw2 swift_uvot_uvm2 swift_uvot_uvw1 swift_uvot_U swift_uvot_B swift_uvot_V swift_uvot_W johnson_U johnson_B johnson_V johnson_R johnson_I sdss_u sdss_g sdss_r sdss_i sdss_z PS1_g PS1_r PS1_i PS1_z PS1_Y PS1_w ATLAS_c ATLAS_o ukirt_J ukirt_H ukirt_K Clear
[from data line 355]
39.244698 68.962 74.177 97.412 107.978 96.15 88.161 71.23 105.935 93.864 86.113 77.756 72.769 107.249 92.095 83.247 77.727 73.262 67.696 67.901 67.879 67.464 65.718 78.965 85.517 78.7 67.535 64.034 61.409 65.932
40.431627 73.728 78.944 102.179 112.745 100.916 92.928 75.997 110.702 98.631 90.879 82.523 77.536 112.016 96.861 88.014 82.494 78.028 72.463 72.668 72.646 72.231 70.485 83.732 90.283 83.467 72.302 68.801 66.175 70.699
41.654454 78.788 84.004 107.238 117.804 105.976 97.988 81.056 115.761 103.69 95.939 87.582 82.595 117.075 101.921 93.073 87.553 83.088 77.522 77.727 77.706 77.29 75.544 88.791 95.343 88.526 77.361 73.861 71.235 75.758
42.914265 84.158 89.374 112.608 123.175 111.346 103.358 86.426 121.131 109.06 101.309 92.952 87.965 122.445 107.291 98.443 92.923 88.458 82.892 83.097 83.076 82.66 80.914 94.161 100.713 93.896 82.731 79.231 76.605 81.128
44.212178 89.858 95.073 118.308 128.874 117.046 109.057 92.126 126.831 114.76 107.009 98.652 93.665 128.145 112.991 104.143 98.623 94.158 88.592 88.797 88.775 88.36 86.614 99.861 106.413 99.596 88.431 84.93 82.305 86.828
45.549345 95.907 101.123 124.358 134.924 123.095 115.107 98.176 132.881 120.81 113.058 104.702 99.715 134.195 119.04 110.193 104.673 100.207 94.642 94.847 94.825 94.41 92.664 105.911 112.462 105.646 94.481 90.98 88.354 92.878
46.926954 102.329 107.544 130.779 141.345 129.517 121.528 104.597 139.302 127.231 119.48 111.123 106.136 140.616 125.462 116.614 111.094 106.629 101.063 101.268 101.246 100.831 99.085 112.332 118.884 112.067 100.902 97.401 94.776 99.299
48.346227 109.144 114.36 137.595 148.161 136.332 128.344 111.413 146.118 134.047 126.295 117.939 112.952 147.432 132.277 123.429 117.91 113.444 107.879 108.083 108.062 107.647 105.901 119.148 125.699 118.882 107.718 104.217 101.591 106.115
49.808426 116.378 121.594 144.829 155.395 143.566 135.578 118.647 153.352 141.281 133.529 125.173 120.186 154.666 139.511 130.664 125.144 120.678 115.113 115.317 115.296 114.881 113.135 126.382 132.933 126.116 114.952 111.451 108.825 113.349
51.314848 124.057 129.272 152.507 163.073 151.245 143.256 126.325 161.03 148.959 141.208 132.851 127.864 162.344 147.19 138.342 132.822 128.356 122.791 122.996 122.974 122.559 120.813 134.06 140.611 133.795 122.63 119.129 116.503 121.027
52.86683 132.206 137.422 160.657 171.223 159.394 151.406 134.475 169.18 157.109 149.357 141.001 136.014 170.494 155.339 146.491 140.972 136.506 130.941 131.145 131.124 130.709 128.963 142.21 148.761 141.944 130.78 127.279 124.653 129.177
54.465752 140.856 146.072 169.307 179.873 168.044 160.056 143.125 177.83 165.759 158.007 149.651 144.664 179.144 163.989 155.142 149.622 145.156 139.591 139.796 139.774 139.359 137.613 150.86 157.411 150.595 139.43 135.929 133.303 137.827
56.113031 150.038 155.253 178.488 189.054 177.226 169.237 152.306 187.011 174.94 167.189 158.832 153.845 188.325 173.171 164.323 158.803 154.337 148.772 148.977 148.955 148.54 146.794 160.041 166.593 159.776 148.611 145.11 142.485 147.008
57.810132 159.783 164.998 188.233 198.799 186.971 178.982 162.051 196.756 184.685 176.934 168.577 163.59 198.07 182.916 174.068 168.548 164.082 158.517 158.722 158.7 158.285 156.539 169.786 176.338 169.521 158.356 154.855 152.23 156.753
59.55856 170.126 175.342 198.577 209.143 197.314 189.326 172.394 207.1 195.028 187.277 178.92 173.934 208.414 193.259 184.411 178.891 174.426 168.86 169.065 169.044 168.628 166.883 180.129 186.681 179.864 168.699 165.199 162.573 167.097
61.359868 181.105 186.32 209.555 220.121 208.293 200.304 183.373 218.078 206.007 198.256 189.899 184.912 219.392 204.238 195.39 189.87 185.404 179.839 180.044 180.022 179.607 177.861 191.108 197.659 190.843 179.678 176.177 173.551 178.075
63.215655 192.757 197.973 221.208 231.774 219.945 211.957 195.026 229.731 217.66 209.908 201.552 196.565 231.045 215.89 207.042 201.523 197.057 191.492 191.696 191.675 191.26 189.514 202.761 209.312 202.495 191.331 187.83 185.204 189.728
65.127569 205.125 210.341 233.576 244.142 232.313 224.325 207.394 242.099 230.028 222.276 213.92 208.933 243.413 228.258 219.411 213.891 209.425 203.86 204.065 204.043 203.628 201.882 215.129 221.68 214.864 203.699 200.198 197.572 202.096
67.097308 218.253 223.469 246.704 257.27 245.441 237.453 220.521 255.226 243.155 235.404 227.047 222.061 256.54 241.386 232.538 227.018 222.553 216.987 217.192 217.171 216.755 215.009 228.256 234.808 227.991 216.826 213.326 210.7 215.224
69.126621 232.187 237.402 260.637 271.203 259.375 251.386 234.455 269.16 257.089 249.338 240.981 235.994 270.474 255.32 246.472 240.952 236.486 230.921 231.126 231.104 230.689 228.943 242.19 248.742 241.925 230.76 227.259 224.634 229.157
71.217308 246.976 252.192 275.426 285.993 274.164 266.176 249.244 283.949 271.878 264.127 255.77 250.783 285.263 270.109 261.261 255.741 251.276 245.71 245.915 245.894 245.478 243.732 256.979 263.531 256.714 245.549 242.049 239.423 243.946
73.371227 262.673 267.889 291.124 301.69 289.861 281.873 264.942 299.647 287.576 279.824 271.468 266.481 300.961 285.806 276.959 271.439 266.973 261.408 261.612 261.591 261.176 259.43 272.677 279.228 272.411 261.247 257.746 255.12 259.644
75.59029 279.335 284.55 307.785 318.351 306.523 298.534 281.603 316.308 304.237 296.485 288.129 283.142 317.622 302.468 293.62 288.1 283.634 278.069 278.274 278.252 277.837 276.091 289.338 295.889 289.073 277.908 274.407 271.781 276.305
77.876467 297.019 302.234 325.469 336.035 324.207 316.219 299.287 333.992 321.921 314.17 305.813 300.826 335.306 320.152 311.304 305.784 301.319 295.753 295.958 295.936 295.521 293.775 307.022 313.574 306.757 295.592 292.092 289.466 293.989
80.231787 315.789 321.005 344.24 354.806 342.977 334.989 318.057 352.762 340.691 332.94 324.583 319.596 354.076 338.922 330.074 324.554 320.089 314.523 314.728 314.707 314.291 312.545 325.792 332.344 325.527 314.362 310.862 308.236 312.76
82.658343 335.712 340.927 364.162 374.728 362.9 354.911 337.98 372.685 360.614 352.863 344.506 339.519 373.999 358.845 349.997 344.477 340.012 334.446 334.651 334.629 334.214 332.468 345.715 352.267 345.45 334.285 330.784 328.159 332.682
85.158288 356.858 362.073 385.308 395.874 384.046 376.057 359.126 393.831 381.76 374.009 365.652 360.665 395.145 379.991 371.143 365.623 361.158 355.592 355.797 355.775 355.36 353.614 366.861 373.413 366.596 355.431 351.93 349.305 353.828
87.733843 379.302 384.518 407.753 418.319 406.49 398.502 381.571 416.276 404.205 396.453 388.097 383.11 417.59 402.435 393.587 388.068 383.602 378.037 378.241 378.22 377.805 376.059 389.306 395.857 389.04 377.876 374.375 371.749 376.273
90.387293 403.125 408.34 431.575 442.141 430.313 422.325 405.393 440.098 428.027 420.276 411.919 406.932 441.412 426.258 417.41 411.89 407.425 401.859 402.064 402.043 401.627 399.881 413.128 419.68 412.863 401.698 398.198 395.572 400.095
93.120995 428.41 433.626 456.861 467.427 455.598 447.61 430.679 465.384 453.313 445.561 437.205 432.218 466.698 451.543 442.696 437.176 432.71 427.145 427.349 427.328 426.913 425.167 438.414 444.965 438.148 426.984 423.483 420.857 425.381
95.937376 455.248 460.464 483.699 494.265 482.436 474.448 457.517 492.222 480.151 472.399 464.043 459.056 493.536 478.381 469.534 464.014 459.548 453.983 454.187 454.166 453.751 452.005 465.252 471.803 464.986 453.822 450.321 447.695 452.219
98.838937 483.734 488.95 512.185 522.751 510.922 502.934 486.003 520.708 508.637 500.885 492.529 487.542 522.022 506.867 498.02 492.5 488.034 482.469 482.673 482.652 482.237 480.491 493.738 500.289 493.472 482.308 478.807 476.181 480.705
101.828253 513.969 519.185 542.42 552.986 541.157 533.169 516.238 550.943 538.872 531.12 522.764 517.777 552.257 537.102 528.255 522.735 518.269 512.704 512.909 512.887 512.472 510.726 523.973 530.524 523.708 512.543 509.042 506.416 510.94
104.907979 546.061 551.277 574.512 585.078 573.249 565.261 548.33 583.035 570.963 563.212 554.856 549.869 584.349 569.194 560.346 554.827 550.361 544.796 545.0 544.979 544.563 542.818 556.065 562.616 555.799 544.634 541.134 538.508 543.032
108.080849 580.123 585.339 608.574 619.14 607.311 599.323 582.392 617.097 605.026 597.274 588.918 583.931 618.411 603.256 594.409 588.889 584.423 578.858 579.062 579.041 578.626 576.88 590.127 596.678 589.861 578.697 575.196 572.57 577.094
111.349681 616.277 621.493 644.728 655.294 643.465 635.477 618.545 653.25 641.179 633.428 625.071 620.085 654.565 639.41 630.562 625.042 620.577 615.011 615.216 615.195 614.779 613.034 626.28 632.832 626.015 614.85 611.35 608.724 613.248
114.717376 654.651 659.866 683.101 693.667 681.839 673.85 656.919 691.624 679.553 671.802 663.445 658.458 692.938 677.784 668.936 663.416 658.951 653.385 653.59 653.568 653.153 651.407 664.654 671.206 664.389 653.224 649.723 647.098 651.621
118.186925 695.381 700.596 723.831 734.397 722.569 714.58 697.649 732.354 720.283 712.532 704.175 699.188 733.668 718.514 709.666 704.146 699.681 694.115 694.32 694.298 693.883 692.137 705.384 711.936 705.119 693.954 690.453 687.828 692.351
121.761408 738.612 743.827 767.062 777.628 765.8 757.811 740.88 775.585 763.514 755.763 747.406 742.419 776.899 761.745 752.897 747.377 742.911 737.346 737.551 737.529 737.114 735.368 748.615 755.167 748.35 737.185 733.684 731.058 735.582
125.443999 784.497 789.713 nan nan nan nan 786.765 nan nan nan nan 788.849 nan nan nan nan 790.612 783.231 783.436 783.415 783.001 781.256 nan nan nan 783.071 779.57 776.944 781.468
129.237967 nan nan nan nan nan nan nan nan nan nan nan nan nan nan nan nan nan nan nan nan nan nan nan nan nan nan nan nan nan
133.146681 nan nan nan nan nan nan nan nan nan nan nan nan nan nan nan nan nan nan nan nan nan nan nan nan nan nan nan nan nan
137.173612 nan nan nan nan nan nan nan nan nan nan nan nan nan nan nan nan nan nan nan nan nan nan nan nan nan nan nan nan nan
141.322334 nan nan nan nan nan nan nan nan nan nan nan nan nan nan nan nan nan nan nan nan nan nan nan nan nan nan nan nan nan
145.596532 nan nan nan nan nan nan nan nan nan nan nan nan nan nan nan nan nan nan nan nan nan nan nan nan nan nan nan nan nan
150.0 nan nan nan nan nan nan nan nan nan nan nan nan nan nan nan nan nan nan nan nan nan nan nan nan nan nan nan nan nan
