web/models/kne.last_good/1/villar_0.0275_0.0457_10.0000.dat
# %ECSV 1.0
# ---
# datatype:
# - {name: time, datatype: float64}
# - {name: swift_uvot_uvw2, datatype: float64}
# - {name: swift_uvot_uvm2, datatype: float64}
# - {name: swift_uvot_uvw1, datatype: float64}
# - {name: swift_uvot_U, datatype: float64}
# - {name: swift_uvot_B, datatype: float64}
# - {name: swift_uvot_V, datatype: float64}
# - {name: swift_uvot_W, datatype: float64}
# - {name: johnson_U, datatype: float64}
# - {name: johnson_B, datatype: float64}
# - {name: johnson_V, datatype: float64}
# - {name: johnson_R, datatype: float64}
# - {name: johnson_I, datatype: float64}
# - {name: sdss_u, datatype: float64}
# - {name: sdss_g, datatype: float64}
# - {name: sdss_r, datatype: float64}
# - {name: sdss_i, datatype: float64}
# - {name: sdss_z, datatype: float64}
# - {name: PS1_g, datatype: float64}
# - {name: PS1_r, datatype: float64}
# - {name: PS1_i, datatype: float64}
# - {name: PS1_z, datatype: float64}
# - {name: PS1_Y, datatype: float64}
# - {name: PS1_w, datatype: float64}
# - {name: ATLAS_c, datatype: float64}
# - {name: ATLAS_o, datatype: float64}
# - {name: ukirt_J, datatype: float64}
# - {name: ukirt_H, datatype: float64}
# - {name: ukirt_K, datatype: float64}
# - {name: Clear, datatype: float64}
# meta: !!omap
# - comment: [kappa = 10.0, type = villar, mass = 0.027507471329904786, velocity = 0.04566666666666669, theta_obs = 0.0, tfloor = 2500.0]
# schema: astropy-2.0
time swift_uvot_uvw2 swift_uvot_uvm2 swift_uvot_uvw1 swift_uvot_U swift_uvot_B swift_uvot_V swift_uvot_W johnson_U johnson_B johnson_V johnson_R johnson_I sdss_u sdss_g sdss_r sdss_i sdss_z PS1_g PS1_r PS1_i PS1_z PS1_Y PS1_w ATLAS_c ATLAS_o ukirt_J ukirt_H ukirt_K Clear
[from data line 278]
3.957158 -8.776 -8.234 -9.804 -11.561 -12.669 -13.401 -11.747 -11.766 -12.688 -13.421 -13.855 -14.092 -11.705 -12.958 -13.692 -13.983 -14.117 -13.093 -13.711 -14.001 -14.12 -14.199 -13.652 -13.325 -13.832 -14.11 -13.921 -13.578 -13.62
4.07684 -8.648 -7.944 -9.588 -11.384 -12.541 -13.309 -11.625 -11.598 -12.561 -13.331 -13.796 -14.057 -11.534 -12.845 -13.619 -13.933 -14.084 -12.988 -13.64 -13.952 -14.085 -14.173 -13.584 -13.233 -13.771 -14.102 -13.926 -13.593 -13.554
4.200141 -8.529 -7.645 -9.367 -11.201 -12.407 -13.213 -11.501 -11.423 -12.429 -13.237 -13.734 -14.019 -11.355 -12.727 -13.543 -13.88 -14.049 -12.878 -13.564 -13.9 -14.047 -14.145 -13.512 -13.137 -13.707 -14.092 -13.929 -13.607 -13.486
4.327172 -8.421 -7.338 -9.141 -11.011 -12.267 -13.113 -11.373 -11.242 -12.292 -13.139 -13.668 -13.979 -11.17 -12.603 -13.463 -13.825 -14.011 -12.764 -13.486 -13.845 -14.007 -14.115 -13.437 -13.037 -13.64 -14.081 -13.932 -13.621 -13.415
4.458044 -8.321 -7.023 -8.909 -10.814 -12.123 -13.009 -11.241 -11.054 -12.15 -13.036 -13.599 -13.936 -10.978 -12.475 -13.378 -13.766 -13.971 -12.645 -13.403 -13.787 -13.965 -14.083 -13.359 -12.932 -13.569 -14.067 -13.933 -13.634 -13.341
4.592874 -8.231 -6.7 -8.673 -10.61 -11.972 -12.899 -11.107 -10.86 -12.001 -12.929 -13.527 -13.891 -10.779 -12.342 -13.29 -13.704 -13.929 -12.522 -13.317 -13.726 -13.919 -14.048 -13.277 -12.824 -13.494 -14.053 -13.933 -13.646 -13.265
4.731783 -8.15 -6.369 -8.432 -10.399 -11.816 -12.785 -10.969 -10.658 -11.847 -12.818 -13.452 -13.843 -10.573 -12.203 -13.198 -13.638 -13.884 -12.394 -13.227 -13.662 -13.871 -14.012 -13.192 -12.711 -13.417 -14.036 -13.933 -13.657 -13.187
4.874892 -8.076 -6.03 -8.186 -10.18 -11.653 -12.666 -10.827 -10.449 -11.688 -12.701 -13.372 -13.792 -10.359 -12.059 -13.102 -13.57 -13.836 -12.262 -13.132 -13.595 -13.821 -13.973 -13.104 -12.594 -13.335 -14.018 -13.931 -13.668 -13.106
5.02233 -8.009 -5.686 -7.935 -9.953 -11.485 -12.542 -10.682 -10.233 -11.522 -12.58 -13.289 -13.738 -10.138 -11.909 -13.001 -13.497 -13.785 -12.126 -13.034 -13.524 -13.767 -13.931 -13.012 -12.472 -13.25 -13.998 -13.927 -13.678 -13.022
5.174227 -7.948 -5.338 -7.679 -9.719 -11.31 -12.413 -10.533 -10.009 -11.35 -12.454 -13.203 -13.682 -9.908 -11.754 -12.895 -13.421 -13.731 -11.985 -12.932 -13.45 -13.71 -13.887 -12.917 -12.345 -13.161 -13.976 -13.923 -13.687 -12.936
5.330718 -7.892 -4.988 -7.419 -9.476 -11.128 -12.278 -10.38 -9.777 -11.172 -12.322 -13.112 -13.622 -9.671 -11.592 -12.786 -13.342 -13.675 -11.839 -12.825 -13.372 -13.651 -13.841 -12.818 -12.213 -13.068 -13.953 -13.917 -13.696 -12.848
5.491942 -7.84 -4.639 -7.155 -9.225 -10.94 -12.138 -10.224 -9.536 -10.987 -12.185 -13.018 -13.56 -9.425 -11.425 -12.671 -13.259 -13.615 -11.689 -12.713 -13.29 -13.588 -13.791 -12.715 -12.077 -12.972 -13.927 -13.91 -13.703 -12.757
5.658042 -7.792 -4.296 -6.886 -8.965 -10.745 -11.993 -10.064 -9.288 -10.796 -12.043 -12.92 -13.494 -9.17 -11.251 -12.551 -13.171 -13.552 -11.535 -12.598 -13.205 -13.522 -13.739 -12.608 -11.935 -12.871 -13.899 -13.902 -13.71 -12.663
5.829166 -7.747 -3.964 -6.613 -8.696 -10.543 -11.841 -9.9 -9.031 -10.598 -11.895 -12.817 -13.425 -8.907 -11.071 -12.427 -13.08 -13.486 -11.377 -12.477 -13.115 -13.452 -13.685 -12.497 -11.788 -12.765 -13.869 -13.892 -13.716 -12.568
6.005465 -7.704 -3.65 -6.336 -8.418 -10.334 -11.684 -9.732 -8.765 -10.393 -11.741 -12.71 -13.352 -8.634 -10.885 -12.297 -12.984 -13.416 -11.215 -12.352 -13.022 -13.379 -13.627 -12.382 -11.636 -12.656 -13.837 -13.88 -13.721 -12.47
6.187096 -7.663 -3.361 -6.055 -8.131 -10.117 -11.52 -9.56 -8.49 -10.18 -11.582 -12.599 -13.276 -8.353 -10.691 -12.162 -12.884 -13.343 -11.049 -12.223 -12.924 -13.303 -13.566 -12.263 -11.479 -12.542 -13.803 -13.867 -13.725 -12.37
6.37422 -7.623 -3.103 -5.769 -7.835 -9.892 -11.35 -9.384 -8.206 -9.961 -11.416 -12.483 -13.197 -8.061 -10.491 -12.022 -12.78 -13.267 -10.88 -12.088 -12.822 -13.223 -13.503 -12.14 -11.315 -12.423 -13.766 -13.853 -13.728 -12.268
6.567004 -7.584 -2.88 -5.48 -7.528 -9.66 -11.173 -9.204 -7.912 -9.734 -11.244 -12.363 -13.114 -7.76 -10.284 -11.876 -12.671 -13.187 -10.708 -11.949 -12.716 -13.139 -13.436 -12.012 -11.146 -12.3 -13.727 -13.837 -13.731 -12.164
6.765619 -7.546 -2.694 -5.186 -7.211 -9.419 -10.99 -9.02 -7.609 -9.499 -11.066 -12.238 -13.027 -7.449 -10.069 -11.725 -12.558 -13.103 -10.535 -11.804 -12.606 -13.051 -13.367 -11.88 -10.971 -12.172 -13.686 -13.82 -13.732 -12.059
6.97024 -7.508 -2.543 -4.888 -6.884 -9.17 -10.8 -8.832 -7.295 -9.256 -10.881 -12.108 -12.937 -7.127 -9.847 -11.567 -12.44 -13.015 -10.36 -11.655 -12.491 -12.96 -13.294 -11.743 -10.79 -12.039 -13.642 -13.8 -13.732 -11.951
7.181051 -7.471 -2.423 -4.585 -6.547 -8.913 -10.603 -8.64 -6.972 -9.006 -10.69 -11.974 -12.842 -6.795 -9.618 -11.404 -12.317 -12.923 -10.185 -11.502 -12.372 -12.864 -13.218 -11.601 -10.603 -11.901 -13.596 -13.779 -13.732 -11.843
7.398237 -7.433 -2.327 -4.278 -6.198 -8.647 -10.399 -8.444 -6.637 -8.747 -10.491 -11.834 -12.744 -6.452 -9.38 -11.234 -12.189 -12.827 -10.01 -11.343 -12.248 -12.765 -13.138 -11.455 -10.41 -11.758 -13.546 -13.757 -13.73 -11.733
7.621991 -7.396 -2.25 -3.966 -5.838 -8.372 -10.188 -8.245 -6.292 -8.479 -10.286 -11.689 -12.641 -6.097 -9.135 -11.058 -12.056 -12.727 -9.838 -11.18 -12.119 -12.661 -13.056 -11.303 -10.21 -11.61 -13.494 -13.732 -13.727 -11.623
7.852513 -7.358 -2.186 -3.649 -5.467 -8.088 -9.968 -8.042 -5.936 -8.203 -10.074 -11.539 -12.535 -5.731 -8.881 -10.876 -11.917 -12.623 -9.668 -11.012 -11.985 -12.553 -12.97 -11.147 -10.004 -11.456 -13.44 -13.706 -13.723 -11.512
8.090007 -7.321 -2.132 -3.326 -5.084 -7.795 -9.741 -7.836 -5.568 -7.919 -9.854 -11.384 -12.424 -5.354 -8.619 -10.686 -11.773 -12.514 -9.503 -10.84 -11.847 -12.441 -12.88 -10.986 -9.791 -11.297 -13.382 -13.678 -13.718 -11.401
8.334684 -7.28 -2.082 -3.047 -4.75 -7.537 -9.539 -7.655 -5.247 -7.668 -9.658 -11.243 -12.319 -5.024 -8.387 -10.516 -11.641 -12.412 -9.362 -10.686 -11.719 -12.335 -12.794 -10.839 -9.601 -11.153 -13.323 -13.643 -13.704 -11.299
8.586761 -7.225 -2.026 -2.992 -4.695 -7.482 -9.484 -7.599 -5.192 -7.613 -9.602 -11.187 -12.264 -4.969 -8.332 -10.461 -11.585 -12.356 -9.307 -10.63 -11.664 -12.28 -12.739 -10.784 -9.545 -11.097 -13.267 -13.588 -13.648 -11.244
8.846461 -7.169 -1.971 -2.936 -4.639 -7.426 -9.428 -7.544 -5.136 -7.557 -9.547 -11.131 -12.208 -4.913 -8.276 -10.405 -11.53 -12.301 -9.251 -10.575 -11.608 -12.224 -12.683 -10.728 -9.49 -11.042 -13.212 -13.532 -13.593 -11.188
9.114017 -7.113 -1.915 -2.881 -4.584 -7.37 -9.373 -7.488 -5.08 -7.501 -9.491 -11.076 -12.153 -4.858 -8.221 -10.349 -11.474 -12.245 -9.195 -10.519 -11.553 -12.168 -12.628 -10.672 -9.434 -10.986 -13.156 -13.476 -13.537 -11.133
9.389664 -7.057 -1.859 -2.825 -4.528 -7.315 -9.317 -7.432 -5.025 -7.446 -9.435 -11.02 -12.097 -4.802 -8.165 -10.294 -11.418 -12.189 -9.14 -10.463 -11.497 -12.113 -12.572 -10.617 -9.378 -10.93 -13.1 -13.421 -13.481 -11.077
9.673648 -7.002 -1.803 -2.769 -4.472 -7.259 -9.261 -7.376 -4.969 -7.39 -9.379 -10.964 -12.041 -4.746 -8.109 -10.238 -11.362 -12.133 -9.084 -10.407 -11.441 -12.057 -12.516 -10.561 -9.322 -10.874 -13.044 -13.365 -13.425 -11.021
9.966221 -6.946 -1.747 -2.713 -4.416 -7.203 -9.205 -7.32 -4.913 -7.334 -9.323 -10.908 -11.985 -4.69 -8.053 -10.182 -11.306 -12.077 -9.028 -10.351 -11.385 -12.001 -12.46 -10.505 -9.266 -10.818 -12.988 -13.309 -13.369 -10.965
10.267642 -6.89 -1.691 -2.657 -4.36 -7.147 -9.149 -7.264 -4.857 -7.278 -9.267 -10.852 -11.929 -4.634 -7.997 -10.126 -11.25 -12.021 -8.972 -10.295 -11.329 -11.945 -12.404 -10.449 -9.21 -10.762 -12.932 -13.253 -13.313 -10.909
10.57818 -6.833 -1.635 -2.601 -4.304 -7.091 -9.093 -7.208 -4.801 -7.222 -9.211 -10.796 -11.873 -4.578 -7.941 -10.07 -11.194 -11.965 -8.916 -10.239 -11.273 -11.889 -12.348 -10.393 -9.154 -10.706 -12.876 -13.197 -13.257 -10.853
10.89811 -6.777 -1.579 -2.545 -4.248 -7.034 -9.037 -7.152 -4.744 -7.165 -9.155 -10.74 -11.817 -4.522 -7.885 -10.013 -11.138 -11.909 -8.859 -10.183 -11.217 -11.832 -12.292 -10.336 -9.098 -10.65 -12.82 -13.14 -13.201 -10.797
11.227716 -6.721 -1.523 -2.489 -4.191 -6.978 -8.98 -7.096 -4.688 -7.109 -9.099 -10.684 -11.76 -4.465 -7.829 -9.957 -11.082 -11.853 -8.803 -10.127 -11.161 -11.776 -12.235 -10.28 -9.042 -10.594 -12.764 -13.084 -13.145 -10.74
11.56729 -6.665 -1.466 -2.432 -4.135 -6.922 -8.924 -7.04 -4.632 -7.053 -9.043 -10.627 -11.704 -4.409 -7.772 -9.901 -11.026 -11.797 -8.747 -10.07 -11.104 -11.72 -12.179 -10.224 -8.986 -10.538 -12.708 -13.028 -13.089 -10.684
11.917135 -6.609 -1.41 -2.376 -4.079 -6.866 -8.868 -6.983 -4.576 -6.997 -8.986 -10.571 -11.648 -4.353 -7.716 -9.845 -10.97 -11.74 -8.691 -10.014 -11.048 -11.664 -12.123 -10.168 -8.929 -10.482 -12.652 -12.972 -13.032 -10.628
12.277561 -6.552 -1.354 -2.32 -4.023 -6.81 -8.812 -6.927 -4.52 -6.941 -8.93 -10.515 -11.592 -4.297 -7.66 -9.789 -10.913 -11.684 -8.635 -9.958 -10.992 -11.608 -12.067 -10.112 -8.873 -10.425 -12.595 -12.916 -12.976 -10.572
12.648887 -6.496 -1.298 -2.264 -3.967 -6.753 -8.756 -6.871 -4.463 -6.884 -8.874 -10.459 -11.536 -4.241 -7.604 -9.732 -10.857 -11.628 -8.578 -9.902 -10.936 -11.551 -12.011 -10.055 -8.817 -10.369 -12.539 -12.859 -12.92 -10.516
13.031444 -6.44 -1.242 -2.208 -3.91 -6.697 -8.699 -6.815 -4.407 -6.828 -8.818 -10.403 -11.48 -4.185 -7.548 -9.676 -10.801 -11.572 -8.522 -9.846 -10.88 -11.495 -11.954 -9.999 -8.761 -10.313 -12.483 -12.803 -12.864 -10.459
13.425571 -6.384 -1.186 -2.152 -3.854 -6.641 -8.643 -6.759 -4.351 -6.772 -8.762 -10.347 -11.423 -4.128 -7.492 -9.62 -10.745 -11.516 -8.466 -9.79 -10.824 -11.439 -11.898 -9.943 -8.705 -10.257 -12.427 -12.747 -12.808 -10.403
13.831619 -6.328 -1.13 -2.096 -3.798 -6.585 -8.587 -6.703 -4.295 -6.716 -8.706 -10.291 -11.367 -4.072 -7.435 -9.564 -10.689 -11.46 -8.41 -9.734 -10.767 -11.383 -11.842 -9.887 -8.649 -10.201 -12.371 -12.691 -12.752 -10.347
14.249947 -6.272 -1.074 -2.04 -3.742 -6.529 -8.531 -6.647 -4.239 -6.66 -8.65 -10.235 -11.312 -4.017 -7.38 -9.508 -10.633 -11.404 -8.354 -9.678 -10.712 -11.327 -11.786 -9.831 -8.593 -10.145 -12.315 -12.635 -12.696 -10.291
14.680926 -6.216 -1.018 -1.984 -3.687 -6.473 -8.476 -6.591 -4.183 -6.604 -8.594 -10.179 -11.256 -3.961 -7.324 -9.452 -10.577 -11.348 -8.298 -9.622 -10.656 -11.271 -11.731 -9.776 -8.537 -10.089 -12.259 -12.579 -12.64 -10.236
15.124941 -6.161 -0.962 -1.928 -3.631 -6.418 -8.42 -6.535 -4.128 -6.549 -8.538 -10.123 -11.2 -3.905 -7.268 -9.397 -10.521 -11.292 -8.243 -9.566 -10.6 -11.216 -11.675 -9.72 -8.481 -10.033 -12.204 -12.524 -12.584 -10.18
15.582385 -6.105 -0.907 -1.872 -3.575 -6.362 -8.364 -6.48 -4.072 -6.493 -8.483 -10.068 -11.144 -3.849 -7.212 -9.341 -10.466 -11.237 -8.187 -9.511 -10.544 -11.16 -11.619 -9.664 -8.426 -9.978 -12.148 -12.468 -12.529 -10.124
16.053663 -6.05 -0.851 -1.817 -3.52 -6.307 -8.309 -6.424 -4.017 -6.438 -8.427 -10.012 -11.089 -3.794 -7.157 -9.286 -10.41 -11.181 -8.132 -9.455 -10.489 -11.105 -11.564 -9.609 -8.37 -9.922 -12.093 -12.413 -12.473 -10.069
16.539195 -5.994 -0.796 -1.762 -3.465 -6.251 -8.254 -6.369 -3.962 -6.382 -8.372 -9.957 -11.034 -3.739 -7.102 -9.231 -10.355 -11.126 -8.076 -9.4 -10.434 -11.05 -11.509 -9.554 -8.315 -9.867 -12.037 -12.358 -12.418 -10.014
17.039412 -5.939 -0.741 -1.707 -3.41 -6.196 -8.199 -6.314 -3.906 -6.327 -8.317 -9.902 -10.979 -3.684 -7.047 -9.175 -10.3 -11.071 -8.021 -9.345 -10.379 -10.994 -11.454 -9.499 -8.26 -9.812 -11.982 -12.302 -12.363 -9.959
17.554757 -5.884 -0.686 -1.652 -3.355 -6.142 -8.144 -6.259 -3.852 -6.273 -8.262 -9.847 -10.924 -3.629 -6.992 -9.121 -10.245 -11.016 -7.967 -9.29 -10.324 -10.94 -11.399 -9.444 -8.205 -9.757 -11.927 -12.248 -12.308 -9.904
18.085689 -5.83 -0.631 -1.597 -3.3 -6.087 -8.089 -6.205 -3.797 -6.218 -8.207 -9.792 -10.869 -3.574 -6.937 -9.066 -10.191 -10.961 -7.912 -9.235 -10.269 -10.885 -11.344 -9.389 -8.151 -9.703 -11.873 -12.193 -12.254 -9.849
18.632678 -5.775 -0.577 -1.543 -3.246 -6.032 -8.035 -6.15 -3.742 -6.163 -8.153 -9.738 -10.815 -3.52 -6.883 -9.012 -10.136 -10.907 -7.857 -9.181 -10.215 -10.83 -11.29 -9.335 -8.096 -9.648 -11.818 -12.139 -12.199 -9.795
19.196211 -5.721 -0.523 -1.489 -3.191 -5.978 -7.98 -6.096 -3.688 -6.109 -8.099 -9.684 -10.761 -3.466 -6.829 -8.957 -10.082 -10.853 -7.803 -9.127 -10.161 -10.776 -11.235 -9.28 -8.042 -9.594 -11.764 -12.084 -12.145 -9.74
19.776787 -5.667 -0.469 -1.435 -3.137 -5.924 -7.926 -6.042 -3.634 -6.055 -8.045 -9.63 -10.707 -3.412 -6.775 -8.903 -10.028 -10.799 -7.749 -9.073 -10.107 -10.722 -11.181 -9.226 -7.988 -9.54 -11.71 -12.03 -12.091 -9.686
20.374923 -5.613 -0.415 -1.381 -3.084 -5.871 -7.873 -5.988 -3.581 -6.002 -7.991 -9.576 -10.653 -3.358 -6.721 -8.85 -9.974 -10.745 -7.696 -9.019 -10.053 -10.669 -11.128 -9.173 -7.934 -9.486 -11.656 -11.977 -12.037 -9.633
20.991149 -5.56 -0.362 -1.327 -3.03 -5.817 -7.819 -5.935 -3.527 -5.948 -7.938 -9.522 -10.599 -3.304 -6.667 -8.796 -9.921 -10.692 -7.642 -8.966 -9.999 -10.615 -11.074 -9.119 -7.881 -9.433 -11.603 -11.923 -11.984 -9.579
21.626011 -5.507 -0.308 -1.274 -2.977 -5.764 -7.766 -5.882 -3.474 -5.895 -7.884 -9.469 -10.546 -3.251 -6.614 -8.743 -9.868 -10.638 -7.589 -8.912 -9.946 -10.562 -11.021 -9.066 -7.828 -9.38 -11.55 -11.87 -11.93 -9.526
22.280075 -5.454 -0.255 -1.221 -2.924 -5.711 -7.713 -5.829 -3.421 -5.842 -7.831 -9.416 -10.493 -3.198 -6.561 -8.69 -9.815 -10.585 -7.536 -8.859 -9.893 -10.509 -10.968 -9.013 -7.775 -9.327 -11.497 -11.817 -11.878 -9.473
22.953921 -5.401 -0.203 -1.169 -2.871 -5.658 -7.66 -5.776 -3.368 -5.789 -7.779 -9.364 -10.441 -3.146 -6.509 -8.637 -9.762 -10.533 -7.483 -8.807 -9.841 -10.456 -10.915 -8.96 -7.722 -9.274 -11.444 -11.764 -11.825 -9.42
23.648147 -5.349 -0.15 -1.116 -2.819 -5.606 -7.608 -5.724 -3.316 -5.737 -7.726 -9.311 -10.388 -3.093 -6.456 -8.585 -9.71 -10.48 -7.431 -8.754 -9.788 -10.404 -10.863 -8.908 -7.67 -9.222 -11.392 -11.712 -11.772 -9.368
24.363369 -5.297 -0.098 -1.064 -2.767 -5.554 -7.556 -5.671 -3.264 -5.685 -7.674 -9.259 -10.336 -3.041 -6.404 -8.533 -9.657 -10.428 -7.379 -8.702 -9.736 -10.352 -10.811 -8.856 -7.617 -9.169 -11.34 -11.66 -11.72 -9.316
25.100222 -5.245 -0.046 -1.012 -2.715 -5.502 -7.504 -5.62 -3.212 -5.633 -7.622 -9.207 -10.284 -2.989 -6.352 -8.481 -9.606 -10.376 -7.327 -8.65 -9.684 -10.3 -10.759 -8.804 -7.566 -9.118 -11.288 -11.608 -11.669 -9.264
25.859362 -5.193 0.005 -0.961 -2.663 -5.45 -7.452 -5.568 -3.16 -5.581 -7.571 -9.156 -10.233 -2.938 -6.301 -8.429 -9.554 -10.325 -7.275 -8.599 -9.633 -10.248 -10.708 -8.752 -7.514 -9.066 -11.236 -11.556 -11.617 -9.212
26.64146 -5.142 0.057 -0.909 -2.612 -5.399 -7.401 -5.517 -3.109 -5.53 -7.52 -9.104 -10.181 -2.886 -6.249 -8.378 -9.503 -10.274 -7.224 -8.547 -9.581 -10.197 -10.656 -8.701 -7.463 -9.015 -11.185 -11.505 -11.566 -9.161
27.447213 -5.091 0.108 -0.858 -2.561 -5.348 -7.35 -5.466 -3.058 -5.479 -7.469 -9.053 -10.13 -2.835 -6.198 -8.327 -9.452 -10.223 -7.173 -8.496 -9.53 -10.146 -10.605 -8.65 -7.412 -8.964 -11.134 -11.454 -11.515 -9.11
28.277335 -5.04 0.158 -0.807 -2.51 -5.297 -7.299 -5.415 -3.007 -5.428 -7.418 -9.003 -10.079 -2.784 -6.147 -8.276 -9.401 -10.172 -7.122 -8.446 -9.479 -10.095 -10.554 -8.599 -7.361 -8.913 -11.083 -11.403 -11.464 -9.059
29.132564 -4.989 0.209 -0.757 -2.46 -5.247 -7.249 -5.364 -2.957 -5.378 -7.367 -8.952 -10.029 -2.734 -6.097 -8.226 -9.35 -10.121 -7.072 -8.395 -9.429 -10.045 -10.504 -8.549 -7.31 -8.862 -11.032 -11.353 -11.413 -9.009
30.013659 -4.939 0.259 -0.707 -2.409 -5.196 -7.198 -5.314 -2.906 -5.327 -7.317 -8.902 -9.979 -2.684 -6.047 -8.175 -9.3 -10.071 -7.021 -8.345 -9.379 -9.994 -10.454 -8.498 -7.26 -8.812 -10.982 -11.302 -11.363 -8.958
30.921401 -4.889 0.309 -0.657 -2.359 -5.146 -7.148 -5.264 -2.856 -5.277 -7.267 -8.852 -9.928 -2.633 -5.997 -8.125 -9.25 -10.021 -6.971 -8.295 -9.329 -9.944 -10.403 -8.448 -7.21 -8.762 -10.932 -11.252 -11.313 -8.908
