web/models/grb/offaxis/4/grb_0.2967_268.2696_0.0000158.dat
# %ECSV 1.0
# ---
# datatype:
# - {name: time, datatype: float64}
# - {name: swift_uvot_uvw2, datatype: float64}
# - {name: swift_uvot_uvm2, datatype: float64}
# - {name: swift_uvot_uvw1, datatype: float64}
# - {name: swift_uvot_U, datatype: float64}
# - {name: swift_uvot_B, datatype: float64}
# - {name: swift_uvot_V, datatype: float64}
# - {name: swift_uvot_W, datatype: float64}
# - {name: johnson_U, datatype: float64}
# - {name: johnson_B, datatype: float64}
# - {name: johnson_V, datatype: float64}
# - {name: johnson_R, datatype: float64}
# - {name: johnson_I, datatype: float64}
# - {name: sdss_u, datatype: float64}
# - {name: sdss_g, datatype: float64}
# - {name: sdss_r, datatype: float64}
# - {name: sdss_i, datatype: float64}
# - {name: sdss_z, datatype: float64}
# - {name: PS1_g, datatype: float64}
# - {name: PS1_r, datatype: float64}
# - {name: PS1_i, datatype: float64}
# - {name: PS1_z, datatype: float64}
# - {name: PS1_Y, datatype: float64}
# - {name: PS1_w, datatype: float64}
# - {name: ATLAS_c, datatype: float64}
# - {name: ATLAS_o, datatype: float64}
# - {name: ukirt_J, datatype: float64}
# - {name: ukirt_H, datatype: float64}
# - {name: ukirt_K, datatype: float64}
# - {name: Clear, datatype: float64}
# meta: !!omap
# - comment: [E = 0.11641960487160355, Eta0 = 8.02, GammaB = 12.0, dL = 0.012188, epsb = 6.760829753919819e-06, epse = 0.1, n = 1.584893192461114e-05,
#     p = 2.15, theta_obs = 0.29670597283903605, xiN = 1.0, z = 0.0, type = grb, E_kiso = 268.2695795279727]
# schema: astropy-2.0
time swift_uvot_uvw2 swift_uvot_uvm2 swift_uvot_uvw1 swift_uvot_U swift_uvot_B swift_uvot_V swift_uvot_W johnson_U johnson_B johnson_V johnson_R johnson_I sdss_u sdss_g sdss_r sdss_i sdss_z PS1_g PS1_r PS1_i PS1_z PS1_Y PS1_w ATLAS_c ATLAS_o ukirt_J ukirt_H ukirt_K Clear
[from data line 121]
0.1789 13.729 13.778 13.704 13.511 13.368 13.229 13.59 13.488 13.366 13.224 13.083 12.935 13.493 13.321 13.149 13.028 12.917 13.257 13.114 12.994 12.895 12.727 13.151 13.246 13.093 12.705 12.536 12.346 13.061
0.1832 13.585 13.634 13.559 13.366 13.224 13.085 13.446 13.344 13.221 13.08 12.939 12.791 13.349 13.176 13.004 12.884 12.773 13.113 12.97 12.85 12.751 12.583 13.007 13.102 12.949 12.561 12.392 12.202 12.917
0.1876 13.44 13.49 13.415 13.222 13.08 12.94 13.301 13.2 13.077 12.935 12.795 12.646 13.205 13.032 12.86 12.74 12.629 12.968 12.826 12.706 12.607 12.439 12.862 12.958 12.805 12.417 12.248 12.057 12.772
0.1922 13.296 13.346 13.271 13.078 12.935 12.796 13.157 13.055 12.933 12.791 12.651 12.502 13.06 12.888 12.716 12.595 12.485 12.824 12.681 12.562 12.463 12.294 12.718 12.813 12.661 12.273 12.103 11.913 12.628
0.1968 13.197 13.247 13.172 12.979 12.836 12.697 13.058 12.956 12.834 12.692 12.552 12.403 12.961 12.789 12.617 12.496 12.386 12.725 12.583 12.463 12.364 12.195 12.619 12.715 12.562 12.174 12.004 11.814 12.529
0.2015 13.141 13.19 13.115 12.922 12.78 12.641 13.002 12.9 12.778 12.636 12.495 12.347 12.905 12.733 12.561 12.44 12.329 12.669 12.526 12.406 12.307 12.139 12.563 12.658 12.505 12.117 11.948 11.758 12.473
0.2064 13.084 13.134 13.059 12.866 12.724 12.585 12.945 12.844 12.721 12.579 12.439 12.29 12.849 12.676 12.504 12.384 12.273 12.612 12.47 12.35 12.251 12.083 12.507 12.602 12.449 12.061 11.892 11.701 12.416
0.2114 13.028 13.078 13.003 12.81 12.667 12.528 12.889 12.787 12.665 12.523 12.383 12.234 12.792 12.62 12.448 12.327 12.217 12.556 12.413 12.294 12.195 12.026 12.45 12.545 12.393 12.005 11.835 11.645 12.36
0.2165 12.972 13.021 12.946 12.753 12.611 12.472 12.833 12.731 12.609 12.467 12.326 12.178 12.736 12.563 12.392 12.271 12.16 12.5 12.357 12.237 12.138 11.97 12.394 12.489 12.336 11.948 11.779 11.589 12.304
0.2217 12.915 12.965 12.89 12.697 12.555 12.415 12.776 12.675 12.552 12.41 12.27 12.121 12.68 12.507 12.335 12.215 12.104 12.443 12.301 12.181 12.082 11.914 12.337 12.433 12.28 11.892 11.723 11.532 12.247
0.2271 12.859 12.908 12.834 12.641 12.498 12.359 12.72 12.618 12.496 12.354 12.213 12.065 12.623 12.451 12.279 12.158 12.047 12.387 12.244 12.125 12.026 11.857 12.281 12.376 12.223 11.836 11.666 11.476 12.191
0.2325 12.803 12.852 12.777 12.584 12.442 12.303 12.664 12.562 12.439 12.298 12.157 12.009 12.567 12.394 12.222 12.102 11.991 12.331 12.188 12.068 11.969 11.801 12.225 12.32 12.167 11.779 11.61 11.419 12.134
0.2381 12.746 12.796 12.721 12.528 12.385 12.246 12.607 12.505 12.383 12.241 12.101 11.952 12.511 12.338 12.166 12.045 11.935 12.274 12.132 12.012 11.913 11.744 12.168 12.264 12.111 11.723 11.553 11.363 12.078
0.2439 12.69 12.739 12.664 12.472 12.329 12.19 12.551 12.449 12.327 12.185 12.044 11.896 12.454 12.282 12.11 11.989 11.878 12.218 12.075 11.955 11.856 11.688 12.112 12.207 12.054 11.666 11.497 11.307 12.022
0.2498 12.615 12.665 12.59 12.397 12.255 12.116 12.476 12.375 12.252 12.11 11.97 11.821 12.38 12.207 12.035 11.915 11.804 12.143 12.001 11.881 11.782 11.614 12.038 12.133 11.98 11.592 11.423 11.232 11.947
0.2558 12.532 12.581 12.506 12.313 12.171 12.032 12.393 12.291 12.169 12.027 11.886 11.738 12.296 12.123 11.952 11.831 11.72 12.06 11.917 11.797 11.698 11.53 11.954 12.049 11.896 11.508 11.339 11.149 11.864
0.262 12.448 12.497 12.423 12.23 12.087 11.948 12.309 12.207 12.085 11.943 11.802 11.654 12.212 12.04 11.868 11.747 11.636 11.976 11.833 11.713 11.614 11.446 11.87 11.965 11.812 11.424 11.255 11.065 11.78
0.2683 12.364 12.414 12.339 12.146 12.003 11.864 12.225 12.123 12.001 11.859 11.719 11.57 12.128 11.956 11.784 11.663 11.553 11.892 11.75 11.63 11.531 11.362 11.786 11.881 11.729 11.341 11.171 10.981 11.696
0.2748 12.28 12.33 12.255 12.062 11.92 11.781 12.141 12.04 11.917 11.775 11.635 11.486 12.045 11.872 11.7 11.58 11.469 11.808 11.666 11.546 11.447 11.279 11.703 11.798 11.645 11.257 11.088 10.897 11.612
0.2814 12.197 12.246 12.171 11.978 11.836 11.697 12.058 11.956 11.834 11.692 11.551 11.403 11.961 11.788 11.617 11.496 11.385 11.725 11.582 11.462 11.363 11.195 11.619 11.714 11.561 11.173 11.004 10.814 11.529
0.2882 12.113 12.162 12.088 11.895 11.752 11.613 11.974 11.872 11.75 11.608 11.467 11.319 11.877 11.705 11.533 11.412 11.301 11.641 11.498 11.378 11.279 11.111 11.535 11.63 11.477 11.089 10.92 10.73 11.445
0.2951 12.029 12.079 12.004 11.811 11.668 11.529 11.89 11.788 11.666 11.524 11.384 11.235 11.793 11.621 11.449 11.328 11.218 11.557 11.415 11.295 11.196 11.027 11.451 11.546 11.394 11.006 10.836 10.646 11.361
0.3022 11.945 11.995 11.92 11.727 11.585 11.446 11.806 11.705 11.582 11.44 11.3 11.151 11.71 11.537 11.365 11.245 11.134 11.473 11.331 11.211 11.112 10.944 11.368 11.463 11.31 10.922 10.753 10.562 11.277
0.3095 11.862 11.911 11.836 11.643 11.501 11.362 11.723 11.621 11.499 11.357 11.216 11.068 11.626 11.453 11.282 11.161 11.05 11.39 11.247 11.127 11.028 10.86 11.284 11.379 11.226 10.838 10.669 10.479 11.194
0.317 11.592 11.641 11.567 11.374 11.231 11.092 11.453 11.351 11.229 11.087 10.946 10.798 11.356 11.184 11.012 10.891 10.78 11.12 10.977 10.857 10.758 10.59 11.014 11.109 10.956 10.568 10.399 10.209 10.924
0.3247 11.276 11.326 11.251 11.058 10.916 10.777 11.137 11.036 10.913 10.771 10.631 10.482 11.041 10.868 10.696 10.576 10.465 10.804 10.662 10.542 10.443 10.275 10.699 10.794 10.641 10.253 10.084 9.893 10.608
0.3325 10.961 11.01 10.936 10.743 10.6 10.461 10.822 10.72 10.598 10.456 10.315 10.167 10.725 10.553 10.381 10.26 10.149 10.489 10.346 10.227 10.127 9.959 10.383 10.478 10.325 9.938 9.768 9.578 10.293
0.3405 10.645 10.695 10.62 10.427 10.285 10.146 10.506 10.405 10.282 10.14 10.0 9.851 10.41 10.237 10.065 9.945 9.834 10.173 10.031 9.911 9.812 9.644 10.068 10.163 10.01 9.622 9.453 9.262 9.977
0.3487 10.33 10.379 10.305 10.112 9.969 9.83 10.191 10.089 9.967 9.825 9.684 9.536 10.094 9.922 9.75 9.629 9.519 9.858 9.715 9.596 9.497 9.328 9.752 9.847 9.695 9.307 9.137 8.947 9.662
0.3571 10.015 10.064 9.989 9.796 9.654 9.515 9.875 9.774 9.651 9.509 9.369 9.22 9.779 9.606 9.434 9.314 9.203 9.542 9.4 9.28 9.181 9.013 9.437 9.532 9.379 8.991 8.822 8.631 9.346
0.3657 9.699 9.748 9.674 9.481 9.338 9.199 9.56 9.458 9.336 9.194 9.054 8.905 9.463 9.291 9.119 8.998 8.888 9.227 9.084 8.965 8.866 8.697 9.121 9.216 9.064 8.676 8.506 8.316 9.031
0.3746 9.384 9.433 9.358 9.165 9.023 8.884 9.244 9.143 9.02 8.879 8.738 8.589 9.148 8.975 8.803 8.683 8.572 8.912 8.769 8.649 8.55 8.382 8.806 8.901 8.748 8.36 8.191 8.0 8.715
0.3836 9.068 9.118 9.043 8.85 8.707 8.568 8.929 8.827 8.705 8.563 8.423 8.274 8.832 8.66 8.488 8.367 8.257 8.596 8.453 8.334 8.235 8.066 8.49 8.585 8.433 8.045 7.875 7.685 8.4
0.3929 8.753 8.802 8.727 8.534 8.392 8.253 8.614 8.512 8.389 8.248 8.107 7.959 8.517 8.344 8.172 8.052 7.941 8.281 8.138 8.018 7.919 7.751 8.175 8.27 8.117 7.729 7.56 7.369 8.084
0.4023 8.606 8.656 8.581 8.388 8.245 8.106 8.467 8.365 8.243 8.101 7.961 7.812 8.37 8.198 8.026 7.905 7.795 8.134 7.991 7.872 7.773 7.604 8.028 8.123 7.971 7.583 7.413 7.223 7.938
0.412 8.469 8.519 8.444 8.251 8.108 7.969 8.33 8.228 8.106 7.964 7.824 7.675 8.234 8.061 7.889 7.768 7.658 7.997 7.855 7.735 7.636 7.468 7.891 7.987 7.834 7.446 7.276 7.086 7.801
0.422 8.332 8.382 8.307 8.114 7.972 7.833 8.193 8.092 7.969 7.827 7.687 7.538 8.097 7.924 7.752 7.632 7.521 7.86 7.718 7.598 7.499 7.331 7.755 7.85 7.697 7.309 7.14 6.949 7.664
0.4322 8.196 8.245 8.17 7.977 7.835 7.696 8.056 7.955 7.832 7.691 7.55 7.401 7.96 7.787 7.615 7.495 7.384 7.724 7.581 7.461 7.362 7.194 7.618 7.713 7.56 7.172 7.003 6.812 7.527
0.4426 8.059 8.108 8.033 7.84 7.698 7.559 7.92 7.818 7.696 7.554 7.413 7.265 7.823 7.65 7.479 7.358 7.247 7.587 7.444 7.324 7.225 7.057 7.481 7.576 7.423 7.035 6.866 6.676 7.391
0.4533 7.922 7.971 7.896 7.704 7.561 7.422 7.783 7.681 7.559 7.417 7.276 7.128 7.686 7.514 7.342 7.221 7.11 7.45 7.307 7.187 7.088 6.92 7.344 7.439 7.286 6.898 6.729 6.539 7.254
0.4642 7.785 7.834 7.76 7.567 7.424 7.285 7.646 7.544 7.422 7.28 7.14 6.991 7.549 7.377 7.205 7.084 6.974 7.313 7.17 7.051 6.952 6.783 7.207 7.302 7.15 6.762 6.592 6.402 7.117
0.4754 7.648 7.698 7.623 7.43 7.287 7.148 7.509 7.407 7.285 7.143 7.003 6.854 7.412 7.24 7.068 6.947 6.837 7.176 7.034 6.914 6.815 6.646 7.07 7.166 7.013 6.625 6.455 6.265 6.98
0.4869 7.511 7.561 7.486 7.293 7.151 7.011 7.372 7.271 7.148 7.006 6.866 6.717 7.276 7.103 6.931 6.811 6.7 7.039 6.897 6.777 6.678 6.51 6.933 7.029 6.876 6.488 6.319 6.128 6.843
0.4986 7.38 7.429 7.354 7.161 7.019 6.88 7.24 7.139 7.016 6.875 6.734 6.585 7.144 6.971 6.799 6.679 6.568 6.908 6.765 6.645 6.546 6.378 6.802 6.897 6.744 6.356 6.187 5.996 6.711
0.5106 7.299 7.349 7.274 7.081 6.939 6.799 7.16 7.059 6.936 6.794 6.654 6.505 7.064 6.891 6.719 6.598 6.488 6.827 6.685 6.565 6.466 6.298 6.721 6.817 6.664 6.276 6.107 5.916 6.631
0.523 7.219 7.269 7.194 7.001 6.858 6.719 7.08 6.978 6.856 6.714 6.574 6.425 6.983 6.811 6.639 6.518 6.408 6.747 6.604 6.485 6.386 6.217 6.641 6.736 6.584 6.196 6.026 5.836 6.551
0.5356 7.139 7.188 7.113 6.921 6.778 6.639 7.0 6.898 6.776 6.634 6.493 6.345 6.903 6.731 6.559 6.438 6.327 6.667 6.524 6.404 6.305 6.137 6.561 6.656 6.503 6.115 5.946 5.756 6.471
0.5485 7.059 7.108 7.033 6.84 6.698 6.559 6.92 6.818 6.695 6.554 6.413 6.265 6.823 6.65 6.479 6.358 6.247 6.587 6.444 6.324 6.225 6.057 6.481 6.576 6.423 6.035 5.866 5.676 6.391
0.5617 6.978 7.028 6.953 6.76 6.618 6.479 6.839 6.738 6.615 6.473 6.333 6.184 6.743 6.57 6.398 6.278 6.167 6.506 6.364 6.244 6.145 5.977 6.401 6.496 6.343 5.955 5.786 5.595 6.31
0.5753 6.898 6.948 6.873 6.68 6.537 6.398 6.759 6.657 6.535 6.393 6.253 6.104 6.662 6.49 6.318 6.197 6.087 6.426 6.284 6.164 6.065 5.896 6.32 6.416 6.263 5.875 5.705 5.515 6.23
0.5891 6.818 6.867 6.793 6.6 6.457 6.318 6.679 6.577 6.455 6.313 6.172 6.024 6.582 6.41 6.238 6.117 6.007 6.346 6.203 6.084 5.985 5.816 6.24 6.335 6.183 5.795 5.625 5.435 6.15
0.6034 6.738 6.787 6.712 6.519 6.377 6.238 6.599 6.497 6.375 6.233 6.092 5.944 6.502 6.329 6.158 6.037 5.926 6.266 6.123 6.003 5.904 5.736 6.16 6.255 6.102 5.714 5.545 5.355 6.07
0.6179 6.658 6.707 6.632 6.439 6.297 6.158 6.518 6.417 6.294 6.152 6.012 5.863 6.422 6.249 6.077 5.957 5.846 6.185 6.043 5.923 5.824 5.656 6.08 6.175 6.022 5.634 5.465 5.274 5.989
0.6328 6.583 6.633 6.558 6.365 6.222 6.083 6.444 6.342 6.22 6.078 5.938 5.789 6.347 6.175 6.003 5.882 5.772 6.111 5.968 5.849 5.75 5.581 6.005 6.1 5.948 5.56 5.39 5.2 5.915
0.6481 6.528 6.577 6.502 6.309 6.167 6.028 6.389 6.287 6.165 6.023 5.882 5.734 6.292 6.119 5.948 5.827 5.716 6.056 5.913 5.793 5.694 5.526 5.95 6.045 5.892 5.504 5.335 5.145 5.86
0.6637 6.472 6.522 6.447 6.254 6.112 5.972 6.333 6.232 6.109 5.967 5.827 5.678 6.237 6.064 5.892 5.772 5.661 6.0 5.858 5.738 5.639 5.471 5.895 5.99 5.837 5.449 5.28 5.089 5.804
0.6797 6.417 6.466 6.392 6.199 6.056 5.917 6.278 6.176 6.054 5.912 5.772 5.623 6.181 6.009 5.837 5.716 5.606 5.945 5.802 5.683 5.584 5.415 5.839 5.934 5.782 5.394 5.224 5.034 5.749
0.6961 6.362 6.411 6.336 6.143 6.001 5.862 6.223 6.121 5.999 5.857 5.716 5.568 6.126 5.953 5.782 5.661 5.55 5.89 5.747 5.627 5.528 5.36 5.784 5.879 5.726 5.338 5.169 4.979 5.694
0.7129 6.306 6.356 6.281 6.088 5.946 5.806 6.167 6.066 5.943 5.801 5.661 5.512 6.071 5.898 5.726 5.606 5.495 5.834 5.692 5.572 5.473 5.305 5.728 5.824 5.671 5.283 5.114 4.923 5.638
0.7301 6.251 6.3 6.226 6.033 5.89 5.751 6.112 6.01 5.888 5.746 5.605 5.457 6.015 5.843 5.671 5.55 5.44 5.779 5.636 5.517 5.418 5.249 5.673 5.768 5.616 5.228 5.058 4.868 5.583
0.7477 6.196 6.245 6.17 5.977 5.835 5.696 6.057 5.955 5.832 5.691 5.55 5.402 5.96 5.787 5.616 5.495 5.384 5.724 5.581 5.461 5.362 5.194 5.618 5.713 5.56 5.172 5.003 4.813 5.528
0.7658 6.14 6.19 6.115 5.922 5.78 5.64 6.001 5.9 5.777 5.635 5.495 5.346 5.905 5.732 5.56 5.439 5.329 5.668 5.526 5.406 5.307 5.139 5.562 5.658 5.505 5.117 4.948 4.757 5.472
0.7842 6.085 6.134 6.06 5.867 5.724 5.585 5.946 5.844 5.722 5.58 5.439 5.291 5.849 5.677 5.505 5.384 5.273 5.613 5.47 5.351 5.251 5.083 5.507 5.602 5.449 5.062 4.892 4.702 5.417
0.8032 6.021 6.071 5.996 5.803 5.661 5.521 5.882 5.781 5.658 5.516 5.376 5.227 5.786 5.613 5.441 5.32 5.21 5.549 5.407 5.287 5.188 5.02 5.443 5.539 5.386 4.998 4.829 4.638 5.353
0.8225 5.944 5.993 5.918 5.725 5.583 5.444 5.805 5.703 5.581 5.439 5.298 5.15 5.708 5.535 5.364 5.243 5.132 5.472 5.329 5.209 5.11 4.942 5.366 5.461 5.308 4.92 4.751 4.561 5.276
0.8424 5.866 5.916 5.841 5.648 5.505 5.366 5.727 5.625 5.503 5.361 5.221 5.072 5.631 5.458 5.286 5.165 5.055 5.394 5.252 5.132 5.033 4.864 5.288 5.384 5.231 4.843 4.673 4.483 5.198
0.8627 5.789 5.838 5.763 5.57 5.428 5.289 5.65 5.548 5.426 5.284 5.143 4.995 5.553 5.38 5.209 5.088 4.977 5.317 5.174 5.054 4.955 4.787 5.211 5.306 5.153 4.765 4.596 4.406 5.121
0.8835 5.711 5.761 5.686 5.493 5.35 5.211 5.572 5.47 5.348 5.206 5.066 4.917 5.475 5.303 5.131 5.01 4.9 5.239 5.097 4.977 4.878 4.709 5.133 5.228 5.076 4.688 4.518 4.328 5.043
0.9048 5.634 5.683 5.608 5.415 5.273 5.134 5.495 5.393 5.27 5.129 4.988 4.84 5.398 5.225 5.053 4.933 4.822 5.162 5.019 4.899 4.8 4.632 5.056 5.151 4.998 4.61 4.441 4.251 4.966
0.9266 5.556 5.606 5.531 5.338 5.195 5.056 5.417 5.315 5.193 5.051 4.911 4.762 5.32 5.148 4.976 4.855 4.745 5.084 4.941 4.822 4.723 4.554 4.978 5.073 4.921 4.533 4.363 4.173 4.888
0.949 5.479 5.528 5.453 5.26 5.118 4.979 5.339 5.238 5.115 4.974 4.833 4.684 5.243 5.07 4.898 4.778 4.667 5.007 4.864 4.744 4.645 4.477 4.901 4.996 4.843 4.455 4.286 4.095 4.81
0.9719 5.401 5.45 5.376 5.183 5.04 4.901 5.262 5.16 5.038 4.896 4.756 4.607 5.165 4.993 4.821 4.7 4.59 4.929 4.786 4.667 4.568 4.399 4.823 4.918 4.766 4.378 4.208 4.018 4.733
0.9953 5.324 5.373 5.298 5.105 4.963 4.824 5.184 5.083 4.96 4.818 4.678 4.529 5.088 4.915 4.743 4.623 4.512 4.851 4.709 4.589 4.49 4.322 4.746 4.841 4.688 4.3 4.131 3.94 4.655
1.0194 5.252 5.301 5.226 5.033 4.891 4.752 5.112 5.011 4.888 4.746 4.606 4.457 5.016 4.843 4.671 4.551 4.44 4.779 4.637 4.517 4.418 4.25 4.674 4.769 4.616 4.228 4.059 3.868 4.583
1.0439 5.185 5.234 5.159 4.966 4.824 4.685 5.046 4.944 4.822 4.68 4.539 4.391 4.949 4.776 4.605 4.484 4.373 4.713 4.57 4.45 4.351 4.183 4.607 4.702 4.549 4.161 3.992 3.802 4.517
1.0691 5.118 5.167 5.093 4.9 4.757 4.618 4.979 4.877 4.755 4.613 4.472 4.324 4.882 4.71 4.538 4.417 4.306 4.646 4.503 4.383 4.284 4.116 4.54 4.635 4.482 4.094 3.925 3.735 4.45
1.0949 5.051 5.101 5.026 4.833 4.69 4.551 4.912 4.81 4.688 4.546 4.406 4.257 4.815 4.643 4.471 4.35 4.24 4.579 4.437 4.317 4.218 4.049 4.473 4.568 4.416 4.028 3.858 3.668 4.383
1.1213 4.984 5.034 4.959 4.766 4.624 4.484 4.845 4.744 4.621 4.479 4.339 4.19 4.749 4.576 4.404 4.283 4.173 4.512 4.37 4.25 4.151 3.983 4.406 4.502 4.349 3.961 3.792 3.601 4.316
1.1484 4.918 4.967 4.892 4.699 4.557 4.418 4.778 4.677 4.554 4.412 4.272 4.123 4.682 4.509 4.337 4.217 4.106 4.445 4.303 4.183 4.084 3.916 4.34 4.435 4.282 3.894 3.725 3.534 4.249
1.1761 4.851 4.9 4.825 4.632 4.49 4.351 4.712 4.61 4.488 4.346 4.205 4.057 4.615 4.442 4.271 4.15 4.039 4.379 4.236 4.116 4.017 3.849 4.273 4.368 4.215 3.827 3.658 3.468 4.183
1.2044 4.784 4.833 4.759 4.566 4.423 4.284 4.645 4.543 4.421 4.279 4.138 3.99 4.548 4.376 4.204 4.083 3.972 4.312 4.169 4.049 3.95 3.782 4.206 4.301 4.148 3.76 3.591 3.401 4.116
1.2335 4.717 4.767 4.692 4.499 4.356 4.217 4.578 4.476 4.354 4.212 4.072 3.923 4.481 4.309 4.137 4.016 3.906 4.245 4.103 3.983 3.884 3.715 4.139 4.234 4.082 3.694 3.524 3.334 4.049
1.2633 4.65 4.7 4.625 4.432 4.29 4.15 4.511 4.41 4.287 4.145 4.005 3.856 4.415 4.242 4.07 3.949 3.839 4.178 4.036 3.916 3.817 3.649 4.072 4.168 4.015 3.627 3.458 3.267 3.982
1.2937 4.598 4.648 4.573 4.38 4.237 4.098 4.459 4.357 4.235 4.093 3.953 3.804 4.362 4.19 4.018 3.897 3.787 4.126 3.983 3.864 3.765 3.596 4.02 4.115 3.963 3.575 3.405 3.215 3.93
