web/models/grb/offaxis/4/grb_0.2967_1.0000_0.0100000.dat
# %ECSV 1.0
# ---
# datatype:
# - {name: time, datatype: float64}
# - {name: swift_uvot_uvw2, datatype: float64}
# - {name: swift_uvot_uvm2, datatype: float64}
# - {name: swift_uvot_uvw1, datatype: float64}
# - {name: swift_uvot_U, datatype: float64}
# - {name: swift_uvot_B, datatype: float64}
# - {name: swift_uvot_V, datatype: float64}
# - {name: swift_uvot_W, datatype: float64}
# - {name: johnson_U, datatype: float64}
# - {name: johnson_B, datatype: float64}
# - {name: johnson_V, datatype: float64}
# - {name: johnson_R, datatype: float64}
# - {name: johnson_I, datatype: float64}
# - {name: sdss_u, datatype: float64}
# - {name: sdss_g, datatype: float64}
# - {name: sdss_r, datatype: float64}
# - {name: sdss_i, datatype: float64}
# - {name: sdss_z, datatype: float64}
# - {name: PS1_g, datatype: float64}
# - {name: PS1_r, datatype: float64}
# - {name: PS1_i, datatype: float64}
# - {name: PS1_z, datatype: float64}
# - {name: PS1_Y, datatype: float64}
# - {name: ukirt_J, datatype: float64}
# - {name: ukirt_H, datatype: float64}
# - {name: ukirt_K, datatype: float64}
# meta: !!omap
# - comment: [E = 0.00043396498804093575, Eta0 = 8.02, GammaB = 12.0, dL = 0.012188, epsb = 6.760829753919819e-06, epse = 0.1, n = 0.01,
#     p = 2.15, theta_obs = 0.29670597283903605, xiN = 1.0, z = 0.0, type = grb, E_kiso = 1.0]
# schema: astropy-2.0
time swift_uvot_uvw2 swift_uvot_uvm2 swift_uvot_uvw1 swift_uvot_U swift_uvot_B swift_uvot_V swift_uvot_W johnson_U johnson_B johnson_V johnson_R johnson_I sdss_u sdss_g sdss_r sdss_i sdss_z PS1_g PS1_r PS1_i PS1_z PS1_Y ukirt_J ukirt_H ukirt_K
[from data line 104]
0.1193 3.268 3.318 3.243 3.05 2.908 2.768 3.129 3.028 2.905 2.763 2.623 2.474 3.033 2.86 2.688 2.567 2.457 2.796 2.654 2.534 2.435 2.267 2.245 2.076 1.885
0.1222 3.254 3.303 3.229 3.036 2.893 2.754 3.115 3.013 2.891 2.749 2.608 2.46 3.018 2.846 2.674 2.553 2.442 2.782 2.639 2.52 2.421 2.252 2.231 2.061 1.871
0.1251 3.24 3.289 3.214 3.021 2.879 2.74 3.101 2.999 2.876 2.735 2.594 2.446 3.004 2.831 2.659 2.539 2.428 2.768 2.625 2.505 2.406 2.238 2.216 2.047 1.857
0.1281 3.225 3.275 3.2 3.007 2.865 2.725 3.086 2.985 2.862 2.72 2.58 2.431 2.99 2.817 2.645 2.524 2.414 2.753 2.611 2.491 2.392 2.224 2.202 2.033 1.842
0.1312 3.211 3.26 3.186 2.993 2.85 2.711 3.072 2.97 2.848 2.706 2.565 2.417 2.975 2.803 2.631 2.51 2.399 2.739 2.596 2.477 2.377 2.209 2.188 2.018 1.828
0.1344 3.197 3.246 3.171 2.978 2.836 2.697 3.058 2.956 2.833 2.692 2.551 2.403 2.961 2.788 2.616 2.496 2.385 2.725 2.582 2.462 2.363 2.195 2.173 2.004 1.814
0.1376 3.182 3.232 3.157 2.964 2.822 2.682 3.043 2.942 2.819 2.677 2.537 2.388 2.947 2.774 2.602 2.481 2.371 2.71 2.568 2.448 2.349 2.181 2.159 1.99 1.799
0.141 3.168 3.217 3.143 2.95 2.807 2.668 3.029 2.927 2.805 2.663 2.522 2.374 2.932 2.76 2.588 2.467 2.356 2.696 2.553 2.433 2.334 2.166 2.145 1.975 1.785
0.1444 3.154 3.203 3.128 2.935 2.793 2.654 3.015 2.913 2.79 2.649 2.508 2.36 2.918 2.745 2.573 2.453 2.342 2.682 2.539 2.419 2.32 2.152 2.13 1.961 1.77
0.1478 3.139 3.189 3.114 2.921 2.778 2.639 3.0 2.899 2.776 2.634 2.494 2.345 2.904 2.731 2.559 2.438 2.328 2.667 2.525 2.405 2.306 2.138 2.116 1.946 1.756
0.1514 3.125 3.175 3.1 2.907 2.765 2.625 2.986 2.885 2.762 2.62 2.48 2.331 2.89 2.717 2.545 2.425 2.314 2.653 2.511 2.391 2.292 2.124 2.102 1.933 1.742
0.1551 3.114 3.163 3.088 2.895 2.753 2.614 2.975 2.873 2.75 2.609 2.468 2.32 2.878 2.705 2.533 2.413 2.302 2.642 2.499 2.379 2.28 2.112 2.09 1.921 1.73
0.1588 3.102 3.151 3.076 2.884 2.741 2.602 2.963 2.861 2.739 2.597 2.456 2.308 2.866 2.694 2.522 2.401 2.29 2.63 2.487 2.367 2.268 2.1 2.078 1.909 1.719
0.1626 3.09 3.14 3.065 2.872 2.729 2.59 2.951 2.849 2.727 2.585 2.445 2.296 2.854 2.682 2.51 2.389 2.279 2.618 2.476 2.356 2.257 2.088 2.067 1.897 1.707
0.1666 3.078 3.128 3.053 2.86 2.718 2.579 2.939 2.838 2.715 2.573 2.433 2.284 2.843 2.67 2.498 2.378 2.267 2.606 2.464 2.344 2.245 2.077 2.055 1.886 1.695
0.1706 3.067 3.116 3.041 2.848 2.706 2.567 2.928 2.826 2.703 2.562 2.421 2.273 2.831 2.658 2.487 2.366 2.255 2.595 2.452 2.332 2.233 2.065 2.043 1.874 1.684
0.1747 3.055 3.104 3.03 2.837 2.694 2.555 2.916 2.814 2.692 2.55 2.409 2.261 2.819 2.647 2.475 2.354 2.243 2.583 2.44 2.32 2.221 2.053 2.031 1.862 1.672
0.1789 3.043 3.093 3.018 2.825 2.682 2.543 2.904 2.802 2.68 2.538 2.398 2.249 2.807 2.635 2.463 2.342 2.232 2.571 2.429 2.309 2.21 2.041 2.02 1.85 1.66
0.1832 3.031 3.081 3.006 2.813 2.671 2.532 2.892 2.791 2.668 2.526 2.386 2.237 2.796 2.623 2.451 2.331 2.22 2.559 2.417 2.297 2.198 2.03 2.008 1.839 1.648
0.1876 3.02 3.069 2.994 2.801 2.659 2.52 2.881 2.779 2.657 2.515 2.374 2.226 2.784 2.611 2.44 2.319 2.208 2.548 2.405 2.285 2.186 2.018 1.996 1.827 1.637
0.1922 3.008 3.057 2.982 2.789 2.647 2.508 2.869 2.767 2.644 2.503 2.362 2.213 2.772 2.599 2.427 2.307 2.196 2.536 2.393 2.273 2.174 2.006 1.984 1.815 1.624
0.1968 2.995 3.044 2.969 2.776 2.634 2.495 2.855 2.754 2.631 2.489 2.349 2.2 2.759 2.586 2.414 2.294 2.183 2.522 2.38 2.26 2.161 1.993 1.971 1.802 1.611
0.2015 2.981 3.031 2.956 2.763 2.621 2.482 2.842 2.741 2.618 2.476 2.336 2.187 2.746 2.573 2.401 2.281 2.17 2.509 2.367 2.247 2.148 1.98 1.958 1.789 1.598
0.2064 2.968 3.018 2.943 2.75 2.608 2.468 2.829 2.728 2.605 2.463 2.323 2.174 2.733 2.56 2.388 2.268 2.157 2.496 2.354 2.234 2.135 1.967 1.945 1.776 1.585
0.2114 2.955 3.005 2.93 2.737 2.595 2.455 2.816 2.715 2.592 2.45 2.31 2.161 2.72 2.547 2.375 2.254 2.144 2.483 2.341 2.221 2.122 1.954 1.932 1.763 1.572
0.2165 2.942 2.992 2.917 2.724 2.581 2.442 2.803 2.702 2.579 2.437 2.297 2.148 2.707 2.534 2.362 2.241 2.131 2.47 2.328 2.208 2.109 1.941 1.919 1.749 1.559
0.2217 2.929 2.979 2.904 2.711 2.568 2.429 2.79 2.688 2.566 2.424 2.284 2.135 2.693 2.521 2.349 2.228 2.118 2.457 2.315 2.195 2.096 1.927 1.906 1.736 1.546
0.2271 2.916 2.966 2.891 2.698 2.555 2.416 2.777 2.675 2.553 2.411 2.271 2.122 2.68 2.508 2.336 2.215 2.105 2.444 2.301 2.182 2.083 1.914 1.893 1.723 1.533
0.2325 2.903 2.952 2.878 2.685 2.542 2.403 2.764 2.662 2.54 2.398 2.258 2.109 2.667 2.495 2.323 2.202 2.092 2.431 2.288 2.169 2.07 1.901 1.88 1.71 1.52
0.2381 2.89 2.939 2.865 2.672 2.529 2.39 2.751 2.649 2.527 2.385 2.244 2.096 2.654 2.482 2.31 2.189 2.078 2.418 2.275 2.156 2.057 1.888 1.867 1.697 1.507
0.2439 2.875 2.925 2.85 2.657 2.515 2.375 2.736 2.635 2.512 2.37 2.23 2.081 2.64 2.467 2.295 2.174 2.064 2.403 2.261 2.141 2.042 1.874 1.852 1.683 1.492
0.2498 2.859 2.908 2.833 2.64 2.498 2.359 2.72 2.618 2.496 2.354 2.213 2.065 2.623 2.45 2.279 2.158 2.047 2.387 2.244 2.124 2.025 1.857 1.835 1.666 1.476
0.2558 2.842 2.892 2.817 2.624 2.481 2.342 2.703 2.601 2.479 2.337 2.197 2.048 2.606 2.434 2.262 2.141 2.031 2.37 2.227 2.108 2.009 1.84 1.819 1.649 1.459
0.262 2.825 2.875 2.8 2.607 2.465 2.326 2.686 2.585 2.462 2.32 2.18 2.031 2.59 2.417 2.245 2.125 2.014 2.353 2.211 2.091 1.992 1.824 1.802 1.633 1.442
0.2683 2.809 2.858 2.783 2.59 2.448 2.309 2.67 2.568 2.446 2.304 2.163 2.015 2.573 2.401 2.229 2.108 1.997 2.337 2.194 2.074 1.975 1.807 1.785 1.616 1.426
0.2748 2.792 2.842 2.767 2.574 2.431 2.292 2.653 2.551 2.429 2.287 2.147 1.998 2.557 2.384 2.212 2.091 1.981 2.32 2.178 2.058 1.959 1.79 1.769 1.599 1.409
0.2814 2.776 2.825 2.75 2.557 2.415 2.276 2.637 2.535 2.412 2.271 2.13 1.982 2.54 2.367 2.195 2.075 1.964 2.304 2.161 2.041 1.942 1.774 1.752 1.583 1.392
0.2882 2.759 2.808 2.734 2.541 2.398 2.259 2.62 2.518 2.396 2.254 2.113 1.965 2.523 2.351 2.179 2.058 1.948 2.287 2.144 2.025 1.926 1.757 1.736 1.566 1.376
0.2951 2.742 2.792 2.717 2.524 2.382 2.242 2.603 2.502 2.379 2.237 2.097 1.948 2.507 2.334 2.162 2.042 1.931 2.27 2.128 2.008 1.909 1.741 1.719 1.55 1.359
0.3022 2.726 2.775 2.7 2.507 2.365 2.226 2.587 2.485 2.363 2.221 2.08 1.932 2.49 2.317 2.146 2.025 1.914 2.254 2.111 1.991 1.892 1.724 1.702 1.533 1.343
0.3095 2.711 2.76 2.686 2.493 2.35 2.211 2.572 2.47 2.348 2.206 2.066 1.917 2.475 2.303 2.131 2.01 1.9 2.239 2.096 1.977 1.878 1.709 1.688 1.518 1.328
0.317 2.698 2.747 2.672 2.479 2.337 2.198 2.559 2.457 2.334 2.193 2.052 1.904 2.462 2.289 2.118 1.997 1.886 2.226 2.083 1.963 1.864 1.696 1.674 1.505 1.315
0.3247 2.684 2.734 2.659 2.466 2.324 2.184 2.545 2.444 2.321 2.179 2.039 1.89 2.449 2.276 2.104 1.983 1.873 2.212 2.07 1.95 1.851 1.683 1.661 1.492 1.301
0.3325 2.671 2.72 2.646 2.453 2.31 2.171 2.532 2.43 2.308 2.166 2.025 1.877 2.435 2.263 2.091 1.97 1.859 2.199 2.056 1.936 1.837 1.669 1.647 1.478 1.288
0.3405 2.658 2.707 2.632 2.439 2.297 2.158 2.518 2.417 2.294 2.153 2.012 1.863 2.422 2.249 2.077 1.957 1.846 2.185 2.043 1.923 1.824 1.656 1.634 1.465 1.274
0.3487 2.644 2.694 2.619 2.426 2.283 2.144 2.505 2.403 2.281 2.139 1.999 1.85 2.408 2.236 2.064 1.943 1.833 2.172 2.03 1.91 1.811 1.642 1.621 1.451 1.261
0.3571 2.631 2.68 2.605 2.412 2.27 2.131 2.492 2.39 2.268 2.126 1.985 1.837 2.395 2.223 2.051 1.93 1.819 2.159 2.016 1.896 1.797 1.629 1.607 1.438 1.248
0.3657 2.617 2.667 2.592 2.399 2.257 2.118 2.478 2.377 2.254 2.112 1.972 1.823 2.382 2.209 2.037 1.917 1.806 2.145 2.003 1.883 1.784 1.616 1.594 1.425 1.234
0.3746 2.604 2.653 2.579 2.386 2.243 2.104 2.465 2.363 2.241 2.099 1.959 1.81 2.368 2.196 2.024 1.903 1.793 2.132 1.989 1.87 1.771 1.602 1.581 1.411 1.221
0.3836 2.591 2.64 2.565 2.372 2.23 2.091 2.452 2.35 2.228 2.086 1.945 1.797 2.355 2.182 2.011 1.89 1.779 2.119 1.976 1.856 1.757 1.589 1.567 1.398 1.208
0.3929 2.575 2.625 2.55 2.357 2.215 2.075 2.436 2.335 2.212 2.07 1.93 1.781 2.34 2.167 1.995 1.874 1.764 2.103 1.961 1.841 1.742 1.574 1.552 1.383 1.192
0.4023 2.559 2.609 2.534 2.341 2.198 2.059 2.42 2.318 2.196 2.054 1.914 1.765 2.323 2.151 1.979 1.858 1.748 2.087 1.945 1.825 1.726 1.557 1.536 1.366 1.176
0.412 2.543 2.593 2.518 2.325 2.182 2.043 2.404 2.302 2.18 2.038 1.898 1.749 2.307 2.135 1.963 1.842 1.732 2.071 1.928 1.809 1.71 1.541 1.52 1.35 1.16
0.422 2.527 2.576 2.502 2.309 2.166 2.027 2.388 2.286 2.164 2.022 1.881 1.733 2.291 2.119 1.947 1.826 1.716 2.055 1.912 1.793 1.694 1.525 1.504 1.334 1.144
0.4322 2.511 2.56 2.486 2.293 2.15 2.011 2.372 2.27 2.148 2.006 1.865 1.717 2.275 2.103 1.931 1.81 1.699 2.039 1.896 1.776 1.677 1.509 1.487 1.318 1.128
0.4426 2.495 2.544 2.469 2.276 2.134 1.995 2.356 2.254 2.132 1.99 1.849 1.701 2.259 2.087 1.915 1.794 1.683 2.023 1.88 1.76 1.661 1.493 1.471 1.302 1.112
0.4533 2.479 2.528 2.453 2.26 2.118 1.979 2.34 2.238 2.116 1.974 1.833 1.685 2.243 2.07 1.899 1.778 1.667 2.007 1.864 1.744 1.645 1.477 1.455 1.286 1.096
0.4642 2.463 2.512 2.437 2.244 2.102 1.963 2.324 2.222 2.099 1.958 1.817 1.669 2.227 2.054 1.882 1.762 1.651 1.991 1.848 1.728 1.629 1.461 1.439 1.27 1.079
0.4754 2.447 2.496 2.421 2.228 2.086 1.947 2.307 2.206 2.083 1.941 1.801 1.652 2.211 2.038 1.866 1.746 1.635 1.974 1.832 1.712 1.613 1.445 1.423 1.254 1.063
0.4869 2.43 2.48 2.405 2.212 2.07 1.931 2.291 2.19 2.067 1.925 1.785 1.636 2.195 2.022 1.85 1.73 1.619 1.958 1.816 1.696 1.597 1.429 1.407 1.238 1.047
0.4986 2.417 2.467 2.392 2.199 2.057 1.918 2.278 2.177 2.054 1.912 1.772 1.623 2.182 2.009 1.837 1.717 1.606 1.945 1.803 1.683 1.584 1.416 1.394 1.225 1.034
0.5106 2.405 2.454 2.38 2.187 2.044 1.905 2.266 2.164 2.042 1.9 1.759 1.611 2.169 1.997 1.825 1.704 1.593 1.933 1.79 1.67 1.571 1.403 1.381 1.212 1.022
0.523 2.392 2.442 2.367 2.174 2.032 1.893 2.253 2.152 2.029 1.887 1.747 1.598 2.157 1.984 1.812 1.692 1.581 1.92 1.778 1.658 1.559 1.391 1.369 1.2 1.009
0.5356 2.38 2.429 2.354 2.162 2.019 1.88 2.241 2.139 2.017 1.875 1.734 1.586 2.144 1.972 1.8 1.679 1.568 1.908 1.765 1.645 1.546 1.378 1.356 1.187 0.997
0.5485 2.367 2.417 2.342 2.149 2.007 1.867 2.228 2.127 2.004 1.862 1.722 1.573 2.132 1.959 1.787 1.667 1.556 1.895 1.753 1.633 1.534 1.366 1.344 1.175 0.984
0.5617 2.355 2.404 2.329 2.137 1.994 1.855 2.216 2.114 1.992 1.85 1.709 1.561 2.119 1.947 1.775 1.654 1.543 1.883 1.74 1.62 1.521 1.353 1.331 1.162 0.972
0.5753 2.342 2.392 2.317 2.124 1.982 1.842 2.203 2.102 1.979 1.837 1.697 1.548 2.107 1.934 1.762 1.642 1.531 1.87 1.728 1.608 1.509 1.341 1.319 1.15 0.959
0.5891 2.33 2.379 2.304 2.111 1.969 1.83 2.191 2.089 1.967 1.825 1.684 1.536 2.094 1.922 1.75 1.629 1.518 1.858 1.715 1.595 1.496 1.328 1.306 1.137 0.947
0.6034 2.317 2.367 2.292 2.099 1.957 1.817 2.178 2.077 1.954 1.812 1.672 1.523 2.082 1.909 1.737 1.616 1.506 1.845 1.703 1.583 1.484 1.316 1.294 1.125 0.934
0.6179 2.305 2.354 2.28 2.087 1.944 1.805 2.166 2.064 1.942 1.8 1.659 1.511 2.069 1.897 1.725 1.604 1.493 1.833 1.69 1.57 1.471 1.303 1.281 1.112 0.922
0.6328 2.298 2.347 2.272 2.079 1.937 1.798 2.159 2.057 1.935 1.793 1.652 1.504 2.062 1.889 1.718 1.597 1.486 1.826 1.683 1.563 1.464 1.296 1.274 1.105 0.915
0.6481 2.29 2.34 2.265 2.072 1.93 1.791 2.151 2.05 1.927 1.785 1.645 1.496 2.055 1.882 1.71 1.59 1.479 1.818 1.676 1.556 1.457 1.289 1.267 1.098 0.907
0.6637 2.283 2.333 2.258 2.065 1.922 1.783 2.144 2.043 1.92 1.778 1.638 1.489 2.048 1.875 1.703 1.582 1.472 1.811 1.669 1.549 1.45 1.282 1.26 1.09 0.9
0.6797 2.276 2.325 2.251 2.058 1.915 1.776 2.137 2.035 1.913 1.771 1.631 1.482 2.04 1.868 1.696 1.575 1.465 1.804 1.661 1.542 1.443 1.274 1.253 1.083 0.893
0.6961 2.269 2.318 2.243 2.05 1.908 1.769 2.13 2.028 1.906 1.764 1.623 1.475 2.033 1.861 1.689 1.568 1.457 1.797 1.654 1.534 1.435 1.267 1.245 1.076 0.886
0.7129 2.262 2.311 2.236 2.043 1.901 1.762 2.123 2.021 1.898 1.757 1.616 1.468 2.026 1.853 1.681 1.561 1.45 1.79 1.647 1.527 1.428 1.26 1.238 1.069 0.879
0.7301 2.254 2.304 2.229 2.036 1.894 1.755 2.115 2.014 1.891 1.749 1.609 1.46 2.019 1.846 1.674 1.554 1.443 1.782 1.64 1.52 1.421 1.253 1.231 1.062 0.871
0.7477 2.247 2.297 2.222 2.029 1.886 1.747 2.108 2.006 1.884 1.742 1.602 1.453 2.011 1.839 1.667 1.546 1.436 1.775 1.633 1.513 1.414 1.245 1.224 1.054 0.864
0.7658 2.24 2.289 2.215 2.022 1.879 1.74 2.101 1.999 1.877 1.735 1.594 1.446 2.004 1.832 1.66 1.539 1.429 1.768 1.625 1.506 1.407 1.238 1.217 1.047 0.857
0.7842 2.232 2.281 2.207 2.014 1.871 1.732 2.093 1.991 1.869 1.727 1.586 1.438 1.996 1.824 1.652 1.531 1.42 1.76 1.617 1.498 1.398 1.23 1.209 1.039 0.849
0.8032 2.22 2.269 2.194 2.001 1.859 1.72 2.081 1.979 1.857 1.715 1.574 1.426 1.984 1.811 1.64 1.519 1.408 1.748 1.605 1.485 1.386 1.218 1.196 1.027 0.837
0.8225 2.207 2.257 2.182 1.989 1.847 1.708 2.068 1.967 1.844 1.702 1.562 1.413 1.972 1.799 1.627 1.507 1.396 1.735 1.593 1.473 1.374 1.206 1.184 1.015 0.824
0.8424 2.195 2.245 2.17 1.977 1.834 1.695 2.056 1.954 1.832 1.69 1.55 1.401 1.959 1.787 1.615 1.494 1.384 1.723 1.581 1.461 1.362 1.193 1.172 1.002 0.812
0.8627 2.183 2.232 2.158 1.965 1.822 1.683 2.044 1.942 1.82 1.678 1.537 1.389 1.947 1.775 1.603 1.482 1.371 1.711 1.568 1.449 1.349 1.181 1.16 0.99 0.8
0.8835 2.171 2.22 2.145 1.952 1.81 1.671 2.032 1.93 1.808 1.666 1.525 1.377 1.935 1.762 1.591 1.47 1.359 1.699 1.556 1.436 1.337 1.169 1.147 0.978 0.788
0.9048 2.158 2.208 2.133 1.94 1.798 1.659 2.019 1.918 1.795 1.653 1.513 1.364 1.923 1.75 1.578 1.458 1.347 1.686 1.544 1.424 1.325 1.157 1.135 0.966 0.775
0.9266 2.146 2.196 2.121 1.928 1.785 1.646 2.007 1.905 1.783 1.641 1.501 1.352 1.911 1.738 1.566 1.445 1.335 1.674 1.532 1.412 1.313 1.144 1.123 0.953 0.763
0.949 2.134 2.183 2.109 1.916 1.773 1.634 1.995 1.893 1.771 1.629 1.488 1.34 1.898 1.726 1.554 1.433 1.322 1.662 1.519 1.4 1.301 1.132 1.111 0.941 0.751
0.9719 2.122 2.171 2.096 1.903 1.761 1.622 1.983 1.881 1.759 1.617 1.476 1.328 1.886 1.713 1.542 1.421 1.31 1.65 1.507 1.387 1.288 1.12 1.098 0.929 0.739
0.9953 2.111 2.16 2.086 1.893 1.75 1.611 1.972 1.87 1.748 1.606 1.466 1.317 1.875 1.703 1.531 1.41 1.3 1.639 1.496 1.377 1.278 1.109 1.088 0.918 0.728
1.0194 2.104 2.153 2.079 1.886 1.743 1.604 1.965 1.863 1.741 1.599 1.458 1.31 1.868 1.696 1.524 1.403 1.292 1.632 1.489 1.369 1.27 1.102 1.08 0.911 0.721
1.0439 2.097 2.146 2.071 1.878 1.736 1.597 1.958 1.856 1.734 1.592 1.451 1.303 1.861 1.688 1.517 1.396 1.285 1.625 1.482 1.362 1.263 1.095 1.073 0.904 0.714
1.0691 2.09 2.139 2.064 1.871 1.729 1.59 1.951 1.849 1.727 1.585 1.444 1.296 1.854 1.681 1.51 1.389 1.278 1.618 1.475 1.355 1.256 1.088 1.066 0.897 0.707
1.0949 2.083 2.132 2.057 1.864 1.722 1.583 1.943 1.842 1.719 1.578 1.437 1.288 1.847 1.674 1.502 1.382 1.271 1.611 1.468 1.348 1.249 1.081 1.059 0.89 0.699
1.1213 2.075 2.125 2.05 1.857 1.715 1.576 1.936 1.835 1.712 1.57 1.43 1.281 1.84 1.667 1.495 1.375 1.264 1.603 1.461 1.341 1.242 1.074 1.052 0.883 0.692
1.1484 2.068 2.118 2.043 1.85 1.708 1.568 1.929 1.828 1.705 1.563 1.423 1.274 1.833 1.66 1.488 1.367 1.257 1.596 1.454 1.334 1.235 1.067 1.045 0.876 0.685
1.1761 2.061 2.111 2.036 1.843 1.7 1.561 1.922 1.82 1.698 1.556 1.416 1.267 1.825 1.653 1.481 1.36 1.25 1.589 1.447 1.327 1.228 1.059 1.038 0.868 0.678
1.2044 2.054 2.104 2.029 1.836 1.693 1.554 1.915 1.813 1.691 1.549 1.409 1.26 1.818 1.646 1.474 1.353 1.243 1.582 1.439 1.32 1.221 1.052 1.031 0.861 0.671
1.2335 2.047 2.096 2.022 1.829 1.686 1.547 1.908 1.806 1.684 1.542 1.401 1.253 1.811 1.639 1.467 1.346 1.235 1.575 1.432 1.312 1.213 1.045 1.023 0.854 0.664
1.2633 2.042 2.091 2.016 1.824 1.681 1.542 1.903 1.801 1.679 1.537 1.396 1.248 1.806 1.634 1.462 1.341 1.23 1.57 1.427 1.307 1.208 1.04 1.018 0.849 0.659
1.2937 2.039 2.089 2.014 1.821 1.679 1.539 1.9 1.799 1.676 1.534 1.394 1.245 1.804 1.631 1.459 1.338 1.228 1.567 1.425 1.305 1.206 1.038 1.016 0.847 0.656
1.3249 2.037 2.086 2.011 1.818 1.676 1.537 1.898 1.796 1.674 1.532 1.391 1.243 1.801 1.628 1.457 1.336 1.225 1.565 1.422 1.302 1.203 1.035 1.013 0.844 0.654
1.3569 2.034 2.084 2.009 1.816 1.673 1.534 1.895 1.793 1.671 1.529 1.389 1.24 1.799 1.626 1.454 1.333 1.223 1.562 1.42 1.3 1.201 1.032 1.011 0.841 0.651
