web/models/grb/offaxis/4/grb_0.2967_3.7276_0.0010000.dat
# %ECSV 1.0
# ---
# datatype:
# - {name: time, datatype: float64}
# - {name: swift_uvot_uvw2, datatype: float64}
# - {name: swift_uvot_uvm2, datatype: float64}
# - {name: swift_uvot_uvw1, datatype: float64}
# - {name: swift_uvot_U, datatype: float64}
# - {name: swift_uvot_B, datatype: float64}
# - {name: swift_uvot_V, datatype: float64}
# - {name: swift_uvot_W, datatype: float64}
# - {name: johnson_U, datatype: float64}
# - {name: johnson_B, datatype: float64}
# - {name: johnson_V, datatype: float64}
# - {name: johnson_R, datatype: float64}
# - {name: johnson_I, datatype: float64}
# - {name: sdss_u, datatype: float64}
# - {name: sdss_g, datatype: float64}
# - {name: sdss_r, datatype: float64}
# - {name: sdss_i, datatype: float64}
# - {name: sdss_z, datatype: float64}
# - {name: PS1_g, datatype: float64}
# - {name: PS1_r, datatype: float64}
# - {name: PS1_i, datatype: float64}
# - {name: PS1_z, datatype: float64}
# - {name: PS1_Y, datatype: float64}
# - {name: PS1_w, datatype: float64}
# - {name: ATLAS_c, datatype: float64}
# - {name: ATLAS_o, datatype: float64}
# - {name: ukirt_J, datatype: float64}
# - {name: ukirt_H, datatype: float64}
# - {name: ukirt_K, datatype: float64}
# - {name: Clear, datatype: float64}
# meta: !!omap
# - comment: [E = 0.0016176451642579408, Eta0 = 8.02, GammaB = 12.0, dL = 0.012188, epsb = 6.760829753919819e-06, epse = 0.1, n = 0.001,
#     p = 2.15, theta_obs = 0.29670597283903605, xiN = 1.0, z = 0.0, type = grb, E_kiso = 3.7275937203149416]
# schema: astropy-2.0
time swift_uvot_uvw2 swift_uvot_uvm2 swift_uvot_uvw1 swift_uvot_U swift_uvot_B swift_uvot_V swift_uvot_W johnson_U johnson_B johnson_V johnson_R johnson_I sdss_u sdss_g sdss_r sdss_i sdss_z PS1_g PS1_r PS1_i PS1_z PS1_Y PS1_w ATLAS_c ATLAS_o ukirt_J ukirt_H ukirt_K Clear
[from data line 175]
0.6481 3.543 3.592 3.517 3.324 3.182 3.043 3.403 3.302 3.179 3.037 2.897 2.748 3.307 3.134 2.962 2.842 2.731 3.07 2.928 2.808 2.709 2.541 2.965 3.06 2.907 2.519 2.35 2.159 2.874
0.6637 3.529 3.579 3.504 3.311 3.169 3.03 3.39 3.289 3.166 3.024 2.884 2.735 3.294 3.121 2.949 2.829 2.718 3.057 2.915 2.795 2.696 2.528 2.952 3.047 2.894 2.506 2.337 2.146 2.861
0.6797 3.516 3.566 3.491 3.298 3.156 3.016 3.377 3.276 3.153 3.011 2.871 2.722 3.281 3.108 2.936 2.816 2.705 3.044 2.902 2.782 2.683 2.515 2.939 3.034 2.881 2.493 2.324 2.133 2.848
0.6961 3.503 3.553 3.478 3.285 3.143 3.003 3.364 3.263 3.14 2.998 2.858 2.709 3.268 3.095 2.923 2.802 2.692 3.031 2.889 2.769 2.67 2.502 2.925 3.021 2.868 2.48 2.311 2.12 2.835
0.7129 3.49 3.54 3.465 3.272 3.129 2.99 3.351 3.25 3.127 2.985 2.845 2.696 3.255 3.082 2.91 2.789 2.679 3.018 2.876 2.756 2.657 2.489 2.912 3.008 2.855 2.467 2.297 2.107 2.822
0.7301 3.477 3.527 3.452 3.259 3.116 2.977 3.338 3.236 3.114 2.972 2.832 2.683 3.241 3.069 2.897 2.776 2.666 3.005 2.863 2.743 2.644 2.475 2.899 2.994 2.842 2.454 2.284 2.094 2.809
0.7477 3.464 3.514 3.439 3.246 3.103 2.964 3.325 3.223 3.101 2.959 2.819 2.67 3.228 3.056 2.884 2.763 2.653 2.992 2.849 2.73 2.631 2.462 2.886 2.981 2.829 2.441 2.271 2.081 2.796
0.7658 3.451 3.5 3.426 3.233 3.09 2.951 3.312 3.21 3.088 2.946 2.806 2.657 3.215 3.043 2.871 2.75 2.64 2.979 2.836 2.717 2.618 2.449 2.873 2.968 2.816 2.428 2.258 2.068 2.783
0.7842 3.438 3.487 3.413 3.22 3.077 2.938 3.299 3.197 3.075 2.933 2.792 2.644 3.202 3.03 2.858 2.737 2.626 2.966 2.823 2.704 2.605 2.436 2.86 2.955 2.803 2.415 2.245 2.055 2.77
0.8032 3.425 3.474 3.4 3.207 3.064 2.925 3.286 3.184 3.062 2.92 2.779 2.631 3.189 3.017 2.845 2.724 2.613 2.953 2.81 2.69 2.591 2.423 2.847 2.942 2.789 2.401 2.232 2.042 2.757
0.8225 3.409 3.458 3.383 3.19 3.048 2.909 3.27 3.168 3.046 2.904 2.763 2.615 3.173 3.001 2.829 2.708 2.597 2.937 2.794 2.674 2.575 2.407 2.831 2.926 2.773 2.385 2.216 2.026 2.741
0.8424 3.392 3.442 3.367 3.174 3.031 2.892 3.253 3.151 3.029 2.887 2.747 2.598 3.156 2.984 2.812 2.691 2.581 2.92 2.778 2.658 2.559 2.39 2.814 2.91 2.757 2.369 2.199 2.009 2.724
0.8627 3.376 3.425 3.35 3.157 3.015 2.876 3.237 3.135 3.012 2.871 2.73 2.581 3.14 2.967 2.795 2.675 2.564 2.904 2.761 2.641 2.542 2.374 2.798 2.893 2.74 2.352 2.183 1.992 2.707
0.8835 3.359 3.408 3.334 3.141 2.998 2.859 3.22 3.118 2.996 2.854 2.713 2.565 3.123 2.951 2.779 2.658 2.547 2.887 2.744 2.625 2.526 2.357 2.781 2.876 2.723 2.336 2.166 1.976 2.691
0.9048 3.342 3.392 3.317 3.124 2.982 2.842 3.203 3.102 2.979 2.837 2.697 2.548 3.107 2.934 2.762 2.642 2.531 2.87 2.728 2.608 2.509 2.341 2.764 2.86 2.707 2.319 2.15 1.959 2.674
0.9266 3.326 3.375 3.3 3.107 2.965 2.826 3.187 3.085 2.963 2.821 2.68 2.532 3.09 2.917 2.746 2.625 2.514 2.854 2.711 2.591 2.492 2.324 2.748 2.843 2.69 2.302 2.133 1.943 2.658
0.949 3.309 3.359 3.284 3.091 2.948 2.809 3.17 3.068 2.946 2.804 2.664 2.515 3.073 2.901 2.729 2.608 2.498 2.837 2.694 2.575 2.476 2.307 2.731 2.826 2.674 2.286 2.116 1.926 2.641
0.9719 3.292 3.342 3.267 3.074 2.932 2.793 3.153 3.052 2.929 2.787 2.647 2.498 3.057 2.884 2.712 2.592 2.481 2.82 2.678 2.558 2.459 2.291 2.715 2.81 2.657 2.269 2.1 1.909 2.624
0.9953 3.276 3.325 3.25 3.058 2.915 2.776 3.137 3.035 2.913 2.771 2.63 2.482 3.04 2.868 2.696 2.575 2.464 2.804 2.661 2.541 2.442 2.274 2.698 2.793 2.64 2.252 2.083 1.893 2.608
1.0194 3.259 3.309 3.234 3.041 2.898 2.759 3.12 3.019 2.896 2.754 2.614 2.465 3.024 2.851 2.679 2.558 2.448 2.787 2.645 2.525 2.426 2.258 2.681 2.777 2.624 2.236 2.066 1.876 2.591
1.0439 3.246 3.295 3.22 3.028 2.885 2.746 3.107 3.005 2.883 2.741 2.6 2.452 3.01 2.838 2.666 2.545 2.434 2.774 2.631 2.511 2.412 2.244 2.668 2.763 2.61 2.222 2.053 1.863 2.578
1.0691 3.232 3.282 3.207 3.014 2.872 2.733 3.093 2.992 2.869 2.727 2.587 2.438 2.997 2.824 2.652 2.532 2.421 2.76 2.618 2.498 2.399 2.231 2.655 2.75 2.597 2.209 2.04 1.849 2.564
1.0949 3.219 3.269 3.194 3.001 2.858 2.719 3.08 2.978 2.856 2.714 2.574 2.425 2.983 2.811 2.639 2.518 2.408 2.747 2.604 2.485 2.386 2.217 2.641 2.736 2.584 2.196 2.026 1.836 2.551
1.1213 3.206 3.255 3.18 2.987 2.845 2.706 3.067 2.965 2.843 2.701 2.56 2.412 2.97 2.797 2.626 2.505 2.394 2.734 2.591 2.471 2.372 2.204 2.628 2.723 2.57 2.182 2.013 1.823 2.538
1.1484 3.192 3.242 3.167 2.974 2.832 2.692 3.053 2.952 2.829 2.687 2.547 2.398 2.957 2.784 2.612 2.492 2.381 2.72 2.578 2.458 2.359 2.191 2.614 2.71 2.557 2.169 2.0 1.809 2.524
1.1761 3.179 3.228 3.154 2.961 2.818 2.679 3.04 2.938 2.816 2.674 2.533 2.385 2.943 2.771 2.599 2.478 2.368 2.707 2.564 2.445 2.346 2.177 2.601 2.696 2.544 2.156 1.986 1.796 2.511
1.2044 3.166 3.215 3.14 2.947 2.805 2.666 3.027 2.925 2.802 2.661 2.52 2.372 2.93 2.757 2.585 2.465 2.354 2.694 2.551 2.431 2.332 2.164 2.588 2.683 2.53 2.142 1.973 1.783 2.497
1.2335 3.152 3.202 3.127 2.934 2.791 2.652 3.013 2.911 2.789 2.647 2.507 2.358 2.917 2.744 2.572 2.451 2.341 2.68 2.538 2.418 2.319 2.151 2.574 2.67 2.517 2.129 1.959 1.769 2.484
1.2633 3.139 3.188 3.113 2.921 2.778 2.639 3.0 2.898 2.776 2.634 2.493 2.345 2.903 2.731 2.559 2.438 2.327 2.667 2.524 2.404 2.305 2.137 2.561 2.656 2.503 2.115 1.946 1.756 2.471
1.2937 3.125 3.175 3.1 2.907 2.764 2.625 2.986 2.884 2.762 2.62 2.48 2.331 2.889 2.717 2.545 2.424 2.314 2.653 2.511 2.391 2.292 2.123 2.547 2.642 2.49 2.102 1.932 1.742 2.457
1.3249 3.109 3.158 3.084 2.891 2.748 2.609 2.97 2.868 2.746 2.604 2.464 2.315 2.873 2.701 2.529 2.408 2.298 2.637 2.494 2.375 2.276 2.107 2.531 2.626 2.474 2.086 1.916 1.726 2.441
1.3569 3.093 3.142 3.068 2.875 2.732 2.593 2.954 2.852 2.73 2.588 2.447 2.299 2.857 2.685 2.513 2.392 2.281 2.621 2.478 2.358 2.259 2.091 2.515 2.61 2.457 2.069 1.9 1.71 2.425
1.3896 3.077 3.126 3.051 2.858 2.716 2.577 2.938 2.836 2.714 2.572 2.431 2.283 2.841 2.669 2.497 2.376 2.265 2.605 2.462 2.342 2.243 2.075 2.499 2.594 2.441 2.053 1.884 1.694 2.409
1.4232 3.061 3.11 3.035 2.842 2.7 2.561 2.922 2.82 2.698 2.556 2.415 2.267 2.825 2.652 2.481 2.36 2.249 2.589 2.446 2.326 2.227 2.059 2.483 2.578 2.425 2.037 1.868 1.678 2.393
1.4575 3.045 3.094 3.019 2.826 2.684 2.545 2.906 2.804 2.681 2.54 2.399 2.251 2.809 2.636 2.464 2.344 2.233 2.573 2.43 2.31 2.211 2.043 2.467 2.562 2.409 2.021 1.852 1.662 2.377
1.4927 3.029 3.078 3.003 2.81 2.668 2.529 2.889 2.788 2.665 2.523 2.383 2.234 2.793 2.62 2.448 2.328 2.217 2.556 2.414 2.294 2.195 2.027 2.451 2.546 2.393 2.005 1.836 1.645 2.36
1.5287 3.012 3.062 2.987 2.794 2.652 2.513 2.873 2.772 2.649 2.507 2.367 2.218 2.777 2.604 2.432 2.312 2.201 2.54 2.398 2.278 2.179 2.011 2.435 2.53 2.377 1.989 1.82 1.629 2.344
1.5655 2.996 3.046 2.971 2.778 2.636 2.496 2.857 2.756 2.633 2.491 2.351 2.202 2.761 2.588 2.416 2.295 2.185 2.524 2.382 2.262 2.163 1.995 2.418 2.514 2.361 1.973 1.804 1.613 2.328
1.6033 2.98 3.03 2.955 2.762 2.619 2.48 2.841 2.739 2.617 2.475 2.335 2.186 2.745 2.572 2.4 2.279 2.169 2.508 2.366 2.246 2.147 1.978 2.402 2.498 2.345 1.957 1.787 1.597 2.312
1.642 2.965 3.015 2.94 2.747 2.604 2.465 2.826 2.724 2.602 2.46 2.32 2.171 2.729 2.557 2.385 2.264 2.154 2.493 2.351 2.231 2.132 1.963 2.387 2.482 2.33 1.942 1.772 1.582 2.297
1.6816 2.953 3.002 2.927 2.734 2.592 2.453 2.814 2.712 2.589 2.448 2.307 2.159 2.717 2.544 2.372 2.252 2.141 2.481 2.338 2.218 2.119 1.951 2.375 2.47 2.317 1.929 1.76 1.569 2.284
1.7222 2.94 2.99 2.915 2.722 2.579 2.44 2.801 2.699 2.577 2.435 2.295 2.146 2.704 2.532 2.36 2.239 2.129 2.468 2.325 2.206 2.107 1.938 2.362 2.457 2.305 1.917 1.747 1.557 2.272
1.7637 2.928 2.977 2.902 2.709 2.567 2.428 2.788 2.687 2.564 2.423 2.282 2.133 2.692 2.519 2.347 2.227 2.116 2.456 2.313 2.193 2.094 1.926 2.35 2.445 2.292 1.904 1.735 1.544 2.259
1.8062 2.915 2.965 2.89 2.697 2.554 2.415 2.776 2.674 2.552 2.41 2.27 2.121 2.679 2.507 2.335 2.214 2.104 2.443 2.3 2.181 2.082 1.913 2.337 2.432 2.28 1.892 1.722 1.532 2.247
1.8498 2.903 2.952 2.877 2.684 2.542 2.403 2.763 2.662 2.539 2.397 2.257 2.108 2.667 2.494 2.322 2.202 2.091 2.43 2.288 2.168 2.069 1.901 2.325 2.42 2.267 1.879 1.71 1.519 2.234
1.8944 2.89 2.939 2.865 2.672 2.529 2.39 2.751 2.649 2.527 2.385 2.244 2.096 2.654 2.482 2.31 2.189 2.079 2.418 2.275 2.156 2.057 1.888 2.312 2.407 2.255 1.867 1.697 1.507 2.222
1.9401 2.878 2.927 2.852 2.659 2.517 2.378 2.738 2.637 2.514 2.372 2.232 2.083 2.642 2.469 2.297 2.177 2.066 2.405 2.263 2.143 2.044 1.876 2.3 2.395 2.242 1.854 1.685 1.494 2.209
1.9869 2.865 2.914 2.84 2.647 2.504 2.365 2.726 2.624 2.502 2.36 2.219 2.071 2.629 2.457 2.285 2.164 2.054 2.393 2.25 2.131 2.032 1.863 2.287 2.382 2.23 1.842 1.672 1.482 2.197
2.0349 2.852 2.902 2.827 2.634 2.492 2.353 2.713 2.612 2.489 2.347 2.207 2.058 2.617 2.444 2.272 2.152 2.041 2.38 2.238 2.118 2.019 1.851 2.275 2.37 2.217 1.829 1.66 1.469 2.184
2.084 2.842 2.892 2.817 2.624 2.481 2.342 2.703 2.601 2.479 2.337 2.197 2.048 2.606 2.434 2.262 2.141 2.031 2.37 2.228 2.108 2.009 1.84 2.264 2.359 2.207 1.819 1.649 1.459 2.174
2.1342 2.835 2.884 2.81 2.617 2.474 2.335 2.696 2.594 2.472 2.33 2.189 2.041 2.599 2.427 2.255 2.134 2.023 2.363 2.22 2.101 2.002 1.833 2.257 2.352 2.199 1.812 1.642 1.452 2.167
2.1857 2.828 2.877 2.802 2.609 2.467 2.328 2.689 2.587 2.465 2.323 2.182 2.034 2.592 2.419 2.248 2.127 2.016 2.356 2.213 2.093 1.994 1.826 2.25 2.345 2.192 1.804 1.635 1.445 2.16
2.2384 2.821 2.87 2.795 2.602 2.46 2.321 2.681 2.58 2.457 2.316 2.175 2.026 2.585 2.412 2.24 2.12 2.009 2.348 2.206 2.086 1.987 1.819 2.243 2.338 2.185 1.797 1.628 1.437 2.152
2.2924 2.813 2.863 2.788 2.595 2.453 2.313 2.674 2.573 2.45 2.308 2.168 2.019 2.578 2.405 2.233 2.112 2.002 2.341 2.199 2.079 1.98 1.812 2.235 2.331 2.178 1.79 1.621 1.43 2.145
2.3477 2.806 2.856 2.781 2.588 2.445 2.306 2.667 2.565 2.443 2.301 2.161 2.012 2.57 2.398 2.226 2.105 1.995 2.334 2.192 2.072 1.973 1.804 2.228 2.323 2.171 1.783 1.613 1.423 2.138
2.4044 2.799 2.848 2.774 2.581 2.438 2.299 2.66 2.558 2.436 2.294 2.153 2.005 2.563 2.391 2.219 2.098 1.987 2.327 2.184 2.064 1.965 1.797 2.221 2.316 2.163 1.775 1.606 1.416 2.131
2.4624 2.792 2.841 2.766 2.573 2.431 2.292 2.653 2.551 2.429 2.287 2.146 1.998 2.556 2.383 2.212 2.091 1.98 2.32 2.177 2.057 1.958 1.79 2.214 2.309 2.156 1.768 1.599 1.409 2.124
2.5218 2.784 2.834 2.759 2.566 2.424 2.285 2.645 2.544 2.421 2.279 2.139 1.99 2.549 2.376 2.204 2.084 1.973 2.312 2.17 2.05 1.951 1.783 2.207 2.302 2.149 1.761 1.592 1.401 2.116
2.5826 2.777 2.827 2.752 2.559 2.417 2.277 2.638 2.537 2.414 2.272 2.132 1.983 2.542 2.369 2.197 2.076 1.966 2.305 2.163 2.043 1.944 1.776 2.199 2.295 2.142 1.754 1.585 1.394 2.109
2.6449 2.767 2.817 2.742 2.549 2.406 2.267 2.628 2.526 2.404 2.262 2.122 1.973 2.532 2.359 2.187 2.066 1.956 2.295 2.153 2.033 1.934 1.765 2.189 2.285 2.132 1.744 1.574 1.384 2.099
2.7087 2.755 2.804 2.73 2.537 2.394 2.255 2.616 2.514 2.392 2.25 2.109 1.961 2.519 2.347 2.175 2.054 1.943 2.283 2.14 2.021 1.922 1.753 2.177 2.272 2.119 1.732 1.562 1.372 2.087
2.7741 2.743 2.792 2.717 2.524 2.382 2.243 2.604 2.502 2.38 2.238 2.097 1.949 2.507 2.334 2.163 2.042 1.931 2.271 2.128 2.008 1.909 1.741 2.165 2.26 2.107 1.719 1.55 1.36 2.075
2.841 2.73 2.78 2.705 2.512 2.37 2.231 2.591 2.49 2.367 2.225 2.085 1.936 2.495 2.322 2.15 2.03 1.919 2.258 2.116 1.996 1.897 1.729 2.153 2.248 2.095 1.707 1.538 1.347 2.062
2.9095 2.718 2.768 2.693 2.5 2.357 2.218 2.579 2.477 2.355 2.213 2.073 1.924 2.483 2.31 2.138 2.017 1.907 2.246 2.104 1.984 1.885 1.716 2.14 2.236 2.083 1.695 1.525 1.335 2.05
2.9797 2.706 2.755 2.681 2.488 2.345 2.206 2.567 2.465 2.343 2.201 2.06 1.912 2.47 2.298 2.126 2.005 1.894 2.234 2.091 1.972 1.873 1.704 2.128 2.223 2.07 1.683 1.513 1.323 2.038
3.0516 2.694 2.743 2.668 2.475 2.333 2.194 2.555 2.453 2.331 2.189 2.048 1.9 2.458 2.285 2.114 1.993 1.882 2.222 2.079 1.959 1.86 1.692 2.116 2.211 2.058 1.67 1.501 1.311 2.026
3.1252 2.681 2.731 2.656 2.463 2.321 2.182 2.542 2.441 2.318 2.176 2.036 1.887 2.446 2.273 2.101 1.981 1.87 2.209 2.067 1.947 1.848 1.68 2.104 2.199 2.046 1.658 1.489 1.298 2.013
3.2006 2.669 2.719 2.644 2.451 2.308 2.169 2.53 2.428 2.306 2.164 2.024 1.875 2.434 2.261 2.089 1.968 1.858 2.197 2.055 1.935 1.836 1.667 2.091 2.187 2.034 1.646 1.476 1.286 2.001
3.2778 2.657 2.706 2.632 2.439 2.296 2.157 2.518 2.416 2.294 2.152 2.011 1.863 2.421 2.249 2.077 1.956 1.846 2.185 2.042 1.923 1.824 1.655 2.079 2.174 2.022 1.634 1.464 1.274 1.989
3.3569 2.648 2.698 2.623 2.43 2.288 2.148 2.509 2.408 2.285 2.143 2.003 1.854 2.413 2.24 2.068 1.948 1.837 2.176 2.034 1.914 1.815 1.647 2.07 2.166 2.013 1.625 1.456 1.265 1.98
3.4378 2.641 2.691 2.616 2.423 2.28 2.141 2.502 2.4 2.278 2.136 1.996 1.847 2.406 2.233 2.061 1.94 1.83 2.169 2.027 1.907 1.808 1.64 2.063 2.159 2.006 1.618 1.448 1.258 1.973
3.5208 2.634 2.684 2.609 2.416 2.273 2.134 2.495 2.393 2.271 2.129 1.989 1.84 2.398 2.226 2.054 1.933 1.823 2.162 2.02 1.9 1.801 1.632 2.056 2.151 1.999 1.611 1.441 1.251 1.966
3.6057 2.627 2.676 2.602 2.409 2.266 2.127 2.488 2.386 2.264 2.122 1.981 1.833 2.391 2.219 2.047 1.926 1.816 2.155 2.012 1.893 1.794 1.625 2.049 2.144 1.992 1.604 1.434 1.244 1.959
3.6927 2.62 2.669 2.594 2.402 2.259 2.12 2.481 2.379 2.257 2.115 1.974 1.826 2.384 2.212 2.04 1.919 1.808 2.148 2.005 1.885 1.786 1.618 2.042 2.137 1.984 1.596 1.427 1.237 1.952
3.7818 2.613 2.662 2.587 2.394 2.252 2.113 2.474 2.372 2.25 2.108 1.967 1.819 2.377 2.204 2.033 1.912 1.801 2.141 1.998 1.878 1.779 1.611 2.035 2.13 1.977 1.589 1.42 1.23 1.945
3.873 2.606 2.655 2.58 2.387 2.245 2.106 2.467 2.365 2.242 2.101 1.96 1.812 2.37 2.197 2.025 1.905 1.794 2.134 1.991 1.871 1.772 1.604 2.028 2.123 1.97 1.582 1.413 1.223 1.938
3.9664 2.599 2.648 2.573 2.38 2.238 2.099 2.459 2.358 2.235 2.093 1.953 1.804 2.363 2.19 2.018 1.898 1.787 2.126 1.984 1.864 1.765 1.597 2.021 2.116 1.963 1.575 1.406 1.215 1.93
4.0621 2.591 2.641 2.566 2.373 2.231 2.091 2.452 2.351 2.228 2.086 1.946 1.797 2.356 2.183 2.011 1.891 1.78 2.119 1.977 1.857 1.758 1.59 2.013 2.109 1.956 1.568 1.399 1.208 1.923
4.1601 2.584 2.634 2.559 2.366 2.223 2.084 2.445 2.344 2.221 2.079 1.939 1.79 2.349 2.176 2.004 1.883 1.773 2.112 1.97 1.85 1.751 1.583 2.006 2.102 1.949 1.561 1.391 1.201 1.916
4.2604 2.581 2.63 2.556 2.363 2.22 2.081 2.442 2.34 2.218 2.076 1.935 1.787 2.345 2.173 2.001 1.88 1.77 2.109 1.966 1.847 1.748 1.579 2.003 2.098 1.946 1.558 1.388 1.198 1.913
4.3632 2.578 2.628 2.553 2.36 2.218 2.079 2.439 2.338 2.215 2.073 1.933 1.784 2.343 2.17 1.998 1.878 1.767 2.106 1.964 1.844 1.745 1.577 2.001 2.096 1.943 1.555 1.386 1.195 1.91
4.4685 2.576 2.625 2.551 2.358 2.215 2.076 2.437 2.335 2.213 2.071 1.93 1.782 2.34 2.168 1.996 1.875 1.764 2.104 1.961 1.841 1.742 1.574 1.998 2.093 1.94 1.552 1.383 1.193 1.908
4.5763 2.573 2.623 2.548 2.355 2.213 2.073 2.434 2.333 2.21 2.068 1.928 1.779 2.338 2.165 1.993 1.873 1.762 2.101 1.959 1.839 1.74 1.572 1.995 2.091 1.938 1.55 1.381 1.19 1.905
4.6867 2.571 2.62 2.545 2.352 2.21 2.071 2.432 2.33 2.208 2.066 1.925 1.777 2.335 2.163 1.991 1.87 1.759 2.099 1.956 1.836 1.737 1.569 1.993 2.088 1.935 1.547 1.378 1.188 1.903
4.7997 2.568 2.618 2.543 2.35 2.207 2.068 2.429 2.328 2.205 2.063 1.923 1.774 2.333 2.16 1.988 1.867 1.757 2.096 1.954 1.834 1.735 1.567 1.99 2.086 1.933 1.545 1.376 1.185 1.9
4.9155 2.566 2.615 2.54 2.347 2.205 2.066 2.427 2.325 2.203 2.061 1.92 1.772 2.33 2.157 1.986 1.865 1.754 2.094 1.951 1.831 1.732 1.564 1.988 2.083 1.93 1.542 1.373 1.183 1.898
5.0341 2.563 2.613 2.538 2.345 2.202 2.063 2.424 2.322 2.2 2.058 1.918 1.769 2.327 2.155 1.983 1.862 1.752 2.091 1.949 1.829 1.73 1.561 1.985 2.08 1.928 1.54 1.37 1.18 1.895
5.1555 2.561 2.61 2.535 2.342 2.2 2.061 2.422 2.32 2.197 2.056 1.915 1.767 2.325 2.152 1.98 1.86 1.749 2.089 1.946 1.826 1.727 1.559 1.983 2.078 1.925 1.537 1.368 1.177 1.892
5.2799 2.558 2.608 2.533 2.34 2.197 2.058 2.419 2.317 2.195 2.053 1.913 1.764 2.322 2.15 1.978 1.857 1.747 2.086 1.943 1.824 1.725 1.556 1.98 2.075 1.923 1.535 1.365 1.175 1.89
