web/models/grb/offaxis/4/grb_0.2967_0.1931_0.1000000.dat
# %ECSV 1.0
# ---
# datatype:
# - {name: time, datatype: float64}
# - {name: swift_uvot_uvw2, datatype: float64}
# - {name: swift_uvot_uvm2, datatype: float64}
# - {name: swift_uvot_uvw1, datatype: float64}
# - {name: swift_uvot_U, datatype: float64}
# - {name: swift_uvot_B, datatype: float64}
# - {name: swift_uvot_V, datatype: float64}
# - {name: swift_uvot_W, datatype: float64}
# - {name: johnson_U, datatype: float64}
# - {name: johnson_B, datatype: float64}
# - {name: johnson_V, datatype: float64}
# - {name: johnson_R, datatype: float64}
# - {name: johnson_I, datatype: float64}
# - {name: sdss_u, datatype: float64}
# - {name: sdss_g, datatype: float64}
# - {name: sdss_r, datatype: float64}
# - {name: sdss_i, datatype: float64}
# - {name: sdss_z, datatype: float64}
# - {name: PS1_g, datatype: float64}
# - {name: PS1_r, datatype: float64}
# - {name: PS1_i, datatype: float64}
# - {name: PS1_z, datatype: float64}
# - {name: PS1_Y, datatype: float64}
# - {name: ukirt_J, datatype: float64}
# - {name: ukirt_H, datatype: float64}
# - {name: ukirt_K, datatype: float64}
# meta: !!omap
# - comment: [E = 8.378552168254816e-05, Eta0 = 8.02, GammaB = 12.0, dL = 0.012188, epsb = 6.760829753919819e-06, epse = 0.1, n = 0.1,
#     p = 2.15, theta_obs = 0.29670597283903605, xiN = 1.0, z = 0.0, type = grb, E_kiso = 0.19306977288832505]
# schema: astropy-2.0
time swift_uvot_uvw2 swift_uvot_uvm2 swift_uvot_uvw1 swift_uvot_U swift_uvot_B swift_uvot_V swift_uvot_W johnson_U johnson_B johnson_V johnson_R johnson_I sdss_u sdss_g sdss_r sdss_i sdss_z PS1_g PS1_r PS1_i PS1_z PS1_Y ukirt_J ukirt_H ukirt_K
[from data line 104]
0.1193 2.309 2.358 2.283 2.09 1.948 1.809 2.169 2.068 1.945 1.804 1.663 1.514 2.073 1.9 1.728 1.608 1.497 1.837 1.694 1.574 1.475 1.307 1.285 1.116 0.925
0.1222 2.292 2.342 2.267 2.074 1.932 1.793 2.153 2.052 1.929 1.787 1.647 1.498 2.057 1.884 1.712 1.592 1.481 1.82 1.678 1.558 1.459 1.291 1.269 1.1 0.909
0.1251 2.276 2.326 2.251 2.058 1.916 1.776 2.137 2.036 1.913 1.771 1.631 1.482 2.041 1.868 1.696 1.576 1.465 1.804 1.662 1.542 1.443 1.275 1.253 1.084 0.893
0.1281 2.26 2.31 2.235 2.042 1.9 1.76 2.121 2.02 1.897 1.755 1.615 1.466 2.025 1.852 1.68 1.559 1.449 1.788 1.646 1.526 1.427 1.259 1.237 1.068 0.877
0.1312 2.244 2.294 2.219 2.026 1.884 1.745 2.105 2.004 1.881 1.739 1.599 1.45 2.009 1.836 1.664 1.544 1.433 1.772 1.63 1.51 1.411 1.243 1.221 1.052 0.861
0.1344 2.232 2.281 2.207 2.014 1.871 1.732 2.093 1.991 1.869 1.727 1.586 1.438 1.996 1.824 1.652 1.531 1.42 1.76 1.617 1.497 1.398 1.23 1.208 1.039 0.849
0.1376 2.219 2.269 2.194 2.001 1.859 1.72 2.08 1.979 1.856 1.714 1.574 1.425 1.984 1.811 1.639 1.519 1.408 1.747 1.605 1.485 1.386 1.218 1.196 1.027 0.836
0.141 2.207 2.256 2.181 1.989 1.846 1.707 2.068 1.966 1.844 1.702 1.561 1.413 1.971 1.799 1.627 1.506 1.395 1.735 1.592 1.472 1.373 1.205 1.183 1.014 0.824
0.1444 2.194 2.244 2.169 1.976 1.834 1.694 2.055 1.954 1.831 1.689 1.549 1.4 1.959 1.786 1.614 1.494 1.383 1.722 1.58 1.46 1.361 1.193 1.171 1.002 0.811
0.1478 2.182 2.231 2.156 1.964 1.821 1.682 2.043 1.941 1.819 1.677 1.536 1.388 1.946 1.774 1.602 1.481 1.37 1.71 1.567 1.447 1.348 1.18 1.158 0.989 0.799
0.1514 2.169 2.219 2.144 1.951 1.809 1.669 2.03 1.929 1.806 1.664 1.524 1.375 1.934 1.761 1.589 1.469 1.358 1.697 1.555 1.435 1.336 1.168 1.146 0.977 0.786
0.1551 2.157 2.206 2.131 1.938 1.796 1.657 2.018 1.916 1.794 1.652 1.511 1.363 1.921 1.749 1.577 1.456 1.345 1.685 1.542 1.422 1.323 1.155 1.133 0.964 0.774
0.1588 2.144 2.194 2.119 1.926 1.784 1.644 2.005 1.904 1.781 1.639 1.499 1.35 1.909 1.736 1.564 1.443 1.333 1.672 1.53 1.41 1.311 1.143 1.121 0.952 0.761
0.1626 2.132 2.181 2.106 1.913 1.771 1.632 1.993 1.891 1.769 1.627 1.486 1.338 1.896 1.723 1.552 1.431 1.32 1.66 1.517 1.397 1.298 1.13 1.108 0.939 0.749
0.1666 2.12 2.17 2.095 1.902 1.76 1.621 1.981 1.88 1.757 1.615 1.475 1.326 1.885 1.712 1.54 1.42 1.309 1.648 1.506 1.386 1.287 1.119 1.097 0.928 0.737
0.1706 2.113 2.163 2.088 1.895 1.752 1.613 1.974 1.872 1.75 1.608 1.468 1.319 1.878 1.705 1.533 1.412 1.302 1.641 1.499 1.379 1.28 1.111 1.09 0.92 0.73
0.1747 2.106 2.155 2.081 1.888 1.745 1.606 1.967 1.865 1.743 1.601 1.46 1.312 1.87 1.698 1.526 1.405 1.295 1.634 1.491 1.372 1.273 1.104 1.083 0.913 0.723
0.1789 2.099 2.148 2.073 1.88 1.738 1.599 1.96 1.858 1.736 1.594 1.453 1.305 1.863 1.69 1.519 1.398 1.287 1.627 1.484 1.364 1.265 1.097 1.075 0.906 0.716
0.1832 2.092 2.141 2.066 1.873 1.731 1.592 1.952 1.851 1.728 1.587 1.446 1.297 1.856 1.683 1.511 1.391 1.28 1.62 1.477 1.357 1.258 1.09 1.068 0.899 0.708
0.1876 2.084 2.134 2.059 1.866 1.724 1.584 1.945 1.844 1.721 1.579 1.439 1.29 1.849 1.676 1.504 1.384 1.273 1.612 1.47 1.35 1.251 1.083 1.061 0.892 0.701
0.1922 2.077 2.127 2.052 1.859 1.716 1.577 1.938 1.836 1.714 1.572 1.432 1.283 1.841 1.669 1.497 1.376 1.266 1.605 1.463 1.343 1.244 1.075 1.054 0.884 0.694
0.1968 2.07 2.119 2.045 1.852 1.709 1.57 1.931 1.829 1.707 1.565 1.424 1.276 1.834 1.662 1.49 1.369 1.258 1.598 1.455 1.335 1.236 1.068 1.047 0.877 0.687
0.2015 2.063 2.112 2.037 1.844 1.702 1.563 1.924 1.822 1.7 1.558 1.417 1.269 1.827 1.654 1.483 1.362 1.251 1.591 1.448 1.328 1.229 1.061 1.039 0.87 0.68
0.2064 2.056 2.105 2.03 1.837 1.695 1.556 1.916 1.815 1.692 1.55 1.41 1.261 1.82 1.647 1.475 1.355 1.244 1.583 1.441 1.321 1.222 1.054 1.032 0.863 0.672
0.2114 2.046 2.096 2.021 1.828 1.686 1.547 1.907 1.806 1.683 1.541 1.401 1.252 1.811 1.638 1.466 1.346 1.235 1.574 1.432 1.312 1.213 1.045 1.023 0.854 0.663
0.2165 2.034 2.084 2.009 1.816 1.673 1.534 1.895 1.793 1.671 1.529 1.389 1.24 1.799 1.626 1.454 1.333 1.223 1.562 1.42 1.3 1.201 1.032 1.011 0.841 0.651
0.2217 2.022 2.071 1.997 1.804 1.661 1.522 1.883 1.781 1.659 1.517 1.376 1.228 1.786 1.614 1.442 1.321 1.21 1.55 1.407 1.288 1.189 1.02 0.999 0.829 0.639
0.2271 2.01 2.059 1.984 1.791 1.649 1.51 1.871 1.769 1.647 1.505 1.364 1.216 1.774 1.601 1.43 1.309 1.198 1.538 1.395 1.275 1.176 1.008 0.986 0.817 0.627
0.2325 1.997 2.047 1.972 1.779 1.637 1.498 1.858 1.757 1.634 1.492 1.352 1.203 1.762 1.589 1.417 1.297 1.186 1.525 1.383 1.263 1.164 0.996 0.974 0.805 0.614
0.2381 1.985 2.035 1.96 1.767 1.624 1.485 1.846 1.744 1.622 1.48 1.34 1.191 1.75 1.577 1.405 1.284 1.174 1.513 1.371 1.251 1.152 0.984 0.962 0.792 0.602
0.2439 1.973 2.022 1.948 1.755 1.612 1.473 1.834 1.732 1.61 1.468 1.327 1.179 1.737 1.565 1.393 1.272 1.162 1.501 1.358 1.239 1.14 0.971 0.95 0.78 0.59
0.2498 1.961 2.01 1.935 1.742 1.6 1.461 1.822 1.72 1.598 1.456 1.315 1.167 1.725 1.552 1.381 1.26 1.149 1.489 1.346 1.226 1.127 0.959 0.937 0.768 0.578
0.2558 1.948 1.998 1.923 1.73 1.588 1.449 1.809 1.708 1.585 1.443 1.303 1.154 1.713 1.54 1.368 1.248 1.137 1.476 1.334 1.214 1.115 0.947 0.925 0.756 0.565
0.262 1.936 1.986 1.911 1.718 1.575 1.436 1.797 1.696 1.573 1.431 1.291 1.142 1.701 1.528 1.356 1.235 1.125 1.464 1.322 1.202 1.103 0.935 0.913 0.743 0.553
0.2683 1.927 1.976 1.901 1.708 1.566 1.427 1.788 1.686 1.563 1.422 1.281 1.132 1.691 1.518 1.346 1.226 1.115 1.455 1.312 1.192 1.093 0.925 0.903 0.734 0.543
0.2748 1.919 1.969 1.894 1.701 1.559 1.42 1.78 1.679 1.556 1.414 1.274 1.125 1.684 1.511 1.339 1.219 1.108 1.447 1.305 1.185 1.086 0.918 0.896 0.727 0.536
0.2814 1.912 1.962 1.887 1.694 1.552 1.412 1.773 1.672 1.549 1.407 1.267 1.118 1.677 1.504 1.332 1.212 1.101 1.44 1.298 1.178 1.079 0.911 0.889 0.72 0.529
0.2882 1.905 1.955 1.88 1.687 1.544 1.405 1.766 1.664 1.542 1.4 1.26 1.111 1.67 1.497 1.325 1.204 1.094 1.433 1.291 1.171 1.072 0.903 0.882 0.712 0.522
0.2951 1.898 1.948 1.873 1.68 1.537 1.398 1.759 1.657 1.535 1.393 1.253 1.104 1.662 1.49 1.318 1.197 1.087 1.426 1.283 1.164 1.065 0.896 0.875 0.705 0.515
0.3022 1.891 1.94 1.866 1.673 1.53 1.391 1.752 1.65 1.528 1.386 1.245 1.097 1.655 1.483 1.311 1.19 1.079 1.419 1.276 1.157 1.058 0.889 0.868 0.698 0.508
0.3095 1.884 1.933 1.858 1.665 1.523 1.384 1.745 1.643 1.521 1.379 1.238 1.09 1.648 1.476 1.304 1.183 1.072 1.412 1.269 1.149 1.05 0.882 0.86 0.691 0.501
0.317 1.877 1.926 1.851 1.658 1.516 1.377 1.738 1.636 1.514 1.372 1.231 1.083 1.641 1.468 1.297 1.176 1.065 1.405 1.262 1.142 1.043 0.875 0.853 0.684 0.494
0.3247 1.87 1.919 1.844 1.651 1.509 1.37 1.731 1.629 1.506 1.365 1.224 1.076 1.634 1.461 1.289 1.169 1.058 1.398 1.255 1.135 1.036 0.868 0.846 0.677 0.486
0.3325 1.862 1.912 1.837 1.644 1.502 1.363 1.723 1.622 1.499 1.357 1.217 1.068 1.627 1.454 1.282 1.162 1.051 1.39 1.248 1.128 1.029 0.861 0.839 0.67 0.479
0.3405 1.858 1.908 1.833 1.64 1.498 1.358 1.719 1.618 1.495 1.353 1.213 1.064 1.623 1.45 1.278 1.157 1.047 1.386 1.244 1.124 1.025 0.857 0.835 0.666 0.475
0.3487 1.856 1.905 1.83 1.637 1.495 1.356 1.717 1.615 1.493 1.351 1.21 1.062 1.62 1.447 1.276 1.155 1.044 1.384 1.241 1.121 1.022 0.854 0.832 0.663 0.473
0.3571 1.853 1.903 1.828 1.635 1.492 1.353 1.714 1.612 1.49 1.348 1.208 1.059 1.618 1.445 1.273 1.152 1.042 1.381 1.239 1.119 1.02 0.851 0.83 0.66 0.47
0.3657 1.851 1.9 1.825 1.632 1.49 1.351 1.712 1.61 1.488 1.346 1.205 1.057 1.615 1.442 1.271 1.15 1.039 1.379 1.236 1.116 1.017 0.849 0.827 0.658 0.468
0.3746 1.848 1.898 1.823 1.63 1.487 1.348 1.709 1.607 1.485 1.343 1.203 1.054 1.612 1.44 1.268 1.147 1.037 1.376 1.234 1.114 1.015 0.846 0.825 0.655 0.465
0.3836 1.846 1.895 1.82 1.627 1.485 1.346 1.706 1.605 1.482 1.341 1.2 1.051 1.61 1.437 1.265 1.145 1.034 1.374 1.231 1.111 1.012 0.844 0.822 0.653 0.462
0.3929 1.843 1.892 1.818 1.625 1.482 1.343 1.704 1.602 1.48 1.338 1.197 1.049 1.607 1.435 1.263 1.142 1.032 1.371 1.228 1.109 1.01 0.841 0.82 0.65 0.46
0.4023 1.84 1.89 1.815 1.622 1.48 1.341 1.701 1.6 1.477 1.335 1.195 1.046 1.605 1.432 1.26 1.14 1.029 1.368 1.226 1.106 1.007 0.839 0.817 0.648 0.457
0.412 1.838 1.887 1.813 1.62 1.477 1.338 1.699 1.597 1.475 1.333 1.192 1.044 1.602 1.43 1.258 1.137 1.026 1.366 1.223 1.103 1.004 0.836 0.814 0.645 0.455
0.422 1.835 1.885 1.81 1.617 1.475 1.335 1.696 1.595 1.472 1.33 1.19 1.041 1.6 1.427 1.255 1.135 1.024 1.363 1.221 1.101 1.002 0.834 0.812 0.643 0.452
0.4322 1.811 1.861 1.786 1.593 1.45 1.311 1.672 1.57 1.448 1.306 1.166 1.017 1.575 1.403 1.231 1.11 1.0 1.339 1.197 1.077 0.978 0.809 0.788 0.618 0.428
0.4426 1.781 1.831 1.756 1.563 1.42 1.281 1.642 1.54 1.418 1.276 1.136 0.987 1.545 1.373 1.201 1.08 0.97 1.309 1.167 1.047 0.948 0.779 0.758 0.588 0.398
0.4533 1.751 1.801 1.726 1.533 1.39 1.251 1.612 1.51 1.388 1.246 1.106 0.957 1.516 1.343 1.171 1.05 0.94 1.279 1.137 1.017 0.918 0.749 0.728 0.558 0.368
0.4642 1.721 1.771 1.696 1.503 1.361 1.221 1.582 1.481 1.358 1.216 1.076 0.927 1.486 1.313 1.141 1.02 0.91 1.249 1.107 0.987 0.888 0.72 0.698 0.529 0.338
0.4754 1.691 1.741 1.666 1.473 1.331 1.191 1.552 1.451 1.328 1.186 1.046 0.897 1.456 1.283 1.111 0.99 0.88 1.219 1.077 0.957 0.858 0.69 0.668 0.499 0.308
0.4869 1.661 1.711 1.636 1.443 1.301 1.161 1.522 1.421 1.298 1.156 1.016 0.867 1.426 1.253 1.081 0.961 0.85 1.189 1.047 0.927 0.828 0.66 0.638 0.469 0.278
0.4986 1.631 1.681 1.606 1.413 1.271 1.132 1.492 1.391 1.268 1.126 0.986 0.837 1.396 1.223 1.051 0.931 0.82 1.159 1.017 0.897 0.798 0.63 0.608 0.439 0.248
0.5106 1.601 1.651 1.576 1.383 1.241 1.102 1.462 1.361 1.238 1.096 0.956 0.807 1.366 1.193 1.021 0.901 0.79 1.129 0.987 0.867 0.768 0.6 0.578 0.409 0.218
0.523 1.572 1.621 1.546 1.353 1.211 1.072 1.432 1.331 1.208 1.066 0.926 0.777 1.336 1.163 0.991 0.871 0.76 1.099 0.957 0.837 0.738 0.57 0.548 0.379 0.188
0.5356 1.542 1.591 1.516 1.323 1.181 1.042 1.402 1.301 1.178 1.037 0.896 0.747 1.306 1.133 0.961 0.841 0.73 1.07 0.927 0.807 0.708 0.54 0.518 0.349 0.158
0.5485 1.54 1.59 1.515 1.322 1.179 1.04 1.401 1.299 1.177 1.035 0.895 0.746 1.304 1.132 0.96 0.839 0.729 1.068 0.926 0.806 0.707 0.538 0.517 0.347 0.157
0.5617 1.541 1.59 1.515 1.322 1.18 1.041 1.402 1.3 1.178 1.036 0.895 0.747 1.305 1.132 0.961 0.84 0.729 1.069 0.926 0.806 0.707 0.539 0.517 0.348 0.158
0.5753 1.541 1.591 1.516 1.323 1.18 1.041 1.402 1.3 1.178 1.036 0.896 0.747 1.306 1.133 0.961 0.84 0.73 1.069 0.927 0.807 0.708 0.539 0.518 0.348 0.158
0.5891 1.542 1.591 1.516 1.323 1.181 1.042 1.403 1.301 1.179 1.037 0.896 0.748 1.306 1.133 0.962 0.841 0.73 1.07 0.927 0.807 0.708 0.54 0.518 0.349 0.159
0.6034 1.542 1.592 1.517 1.324 1.182 1.042 1.403 1.302 1.179 1.037 0.897 0.748 1.307 1.134 0.962 0.841 0.731 1.07 0.928 0.808 0.709 0.541 0.519 0.35 0.159
0.6179 1.543 1.592 1.517 1.324 1.182 1.043 1.404 1.302 1.18 1.038 0.897 0.749 1.307 1.135 0.963 0.842 0.731 1.071 0.928 0.808 0.709 0.541 0.519 0.35 0.16
0.6328 1.543 1.593 1.518 1.325 1.183 1.043 1.404 1.303 1.18 1.038 0.898 0.749 1.308 1.135 0.963 0.843 0.732 1.071 0.929 0.809 0.71 0.542 0.52 0.351 0.16
0.6481 1.544 1.593 1.519 1.326 1.183 1.044 1.405 1.303 1.181 1.039 0.898 0.75 1.308 1.136 0.964 0.843 0.732 1.072 0.929 0.809 0.71 0.542 0.52 0.351 0.161
0.6637 1.544 1.594 1.519 1.326 1.184 1.045 1.405 1.304 1.181 1.039 0.899 0.75 1.309 1.136 0.964 0.844 0.733 1.072 0.93 0.81 0.711 0.543 0.521 0.352 0.161
0.6797 1.545 1.595 1.52 1.327 1.184 1.045 1.406 1.304 1.182 1.04 0.9 0.751 1.309 1.137 0.965 0.844 0.734 1.073 0.931 0.811 0.712 0.543 0.522 0.352 0.162
0.6961 1.547 1.597 1.522 1.329 1.187 1.048 1.408 1.307 1.184 1.042 0.902 0.753 1.312 1.139 0.967 0.847 0.736 1.075 0.933 0.813 0.714 0.546 0.524 0.355 0.164
0.7129 1.55 1.599 1.524 1.331 1.189 1.05 1.411 1.309 1.187 1.045 0.904 0.756 1.314 1.142 0.97 0.849 0.738 1.078 0.935 0.815 0.716 0.548 0.526 0.357 0.167
0.7301 1.552 1.602 1.527 1.334 1.191 1.052 1.413 1.311 1.189 1.047 0.907 0.758 1.316 1.144 0.972 0.851 0.741 1.08 0.938 0.818 0.719 0.55 0.529 0.359 0.169
0.7477 1.555 1.604 1.529 1.336 1.194 1.055 1.415 1.314 1.191 1.049 0.909 0.76 1.319 1.146 0.974 0.854 0.743 1.082 0.94 0.82 0.721 0.553 0.531 0.362 0.171
0.7658 1.557 1.606 1.531 1.339 1.196 1.057 1.418 1.316 1.194 1.052 0.911 0.763 1.321 1.149 0.977 0.856 0.745 1.085 0.942 0.822 0.723 0.555 0.533 0.364 0.174
0.7842 1.559 1.609 1.534 1.341 1.198 1.059 1.42 1.318 1.196 1.054 0.914 0.765 1.323 1.151 0.979 0.858 0.748 1.087 0.945 0.825 0.726 0.557 0.536 0.366 0.176
0.8032 1.562 1.611 1.536 1.343 1.201 1.062 1.422 1.321 1.198 1.057 0.916 0.767 1.326 1.153 0.981 0.861 0.75 1.089 0.947 0.827 0.728 0.56 0.538 0.369 0.178
0.8225 1.564 1.613 1.538 1.346 1.203 1.064 1.425 1.323 1.201 1.059 0.918 0.77 1.328 1.156 0.984 0.863 0.752 1.092 0.949 0.829 0.73 0.562 0.54 0.371 0.181
0.8424 1.566 1.616 1.541 1.348 1.205 1.066 1.427 1.325 1.203 1.061 0.921 0.772 1.331 1.158 0.986 0.865 0.755 1.094 0.952 0.832 0.733 0.564 0.543 0.373 0.183
0.8627 1.568 1.617 1.542 1.349 1.207 1.068 1.429 1.327 1.205 1.063 0.922 0.774 1.332 1.159 0.988 0.867 0.756 1.096 0.953 0.833 0.734 0.566 0.544 0.375 0.185
0.8835 1.566 1.615 1.541 1.348 1.205 1.066 1.427 1.325 1.203 1.061 0.92 0.772 1.33 1.158 0.986 0.865 0.754 1.094 0.951 0.832 0.732 0.564 0.543 0.373 0.183
0.9048 1.564 1.614 1.539 1.346 1.203 1.064 1.425 1.323 1.201 1.059 0.919 0.77 1.329 1.156 0.984 0.863 0.753 1.092 0.95 0.83 0.731 0.563 0.541 0.371 0.181
0.9266 1.563 1.612 1.537 1.344 1.202 1.063 1.423 1.322 1.199 1.057 0.917 0.768 1.327 1.154 0.982 0.862 0.751 1.09 0.948 0.828 0.729 0.561 0.539 0.37 0.179
0.949 1.561 1.61 1.535 1.342 1.2 1.061 1.422 1.32 1.198 1.056 0.915 0.767 1.325 1.152 0.981 0.86 0.749 1.089 0.946 0.826 0.727 0.559 0.537 0.368 0.178
0.9719 1.559 1.609 1.534 1.341 1.198 1.059 1.42 1.318 1.196 1.054 0.914 0.765 1.323 1.151 0.979 0.858 0.748 1.087 0.944 0.825 0.726 0.557 0.536 0.366 0.176
0.9953 1.557 1.607 1.532 1.339 1.197 1.057 1.418 1.317 1.194 1.052 0.912 0.763 1.322 1.149 0.977 0.857 0.746 1.085 0.943 0.823 0.724 0.556 0.534 0.365 0.174
1.0194 1.556 1.605 1.53 1.337 1.195 1.056 1.417 1.315 1.192 1.051 0.91 0.762 1.32 1.147 0.975 0.855 0.744 1.084 0.941 0.821 0.722 0.554 0.532 0.363 0.173
1.0439 1.554 1.603 1.529 1.336 1.193 1.054 1.415 1.313 1.191 1.049 0.908 0.76 1.318 1.146 0.974 0.853 0.742 1.082 0.939 0.819 0.72 0.552 0.53 0.361 0.171
1.0691 1.552 1.602 1.527 1.334 1.191 1.052 1.413 1.311 1.189 1.047 0.907 0.758 1.316 1.144 0.972 0.851 0.741 1.08 0.938 0.818 0.719 0.55 0.529 0.359 0.169
1.0949 1.565 1.615 1.54 1.347 1.205 1.066 1.426 1.325 1.202 1.06 0.92 0.771 1.33 1.157 0.985 0.865 0.754 1.093 0.951 0.831 0.732 0.564 0.542 0.373 0.182
1.1213 1.605 1.654 1.579 1.386 1.244 1.105 1.466 1.364 1.242 1.1 0.959 0.811 1.369 1.196 1.025 0.904 0.793 1.133 0.99 0.87 0.771 0.603 0.581 0.412 0.222
1.1484 1.644 1.693 1.619 1.426 1.283 1.144 1.505 1.403 1.281 1.139 0.999 0.85 1.408 1.236 1.064 0.943 0.833 1.172 1.029 0.91 0.811 0.642 0.621 0.451 0.261
1.1761 1.683 1.733 1.658 1.465 1.323 1.183 1.544 1.443 1.32 1.178 1.038 0.889 1.448 1.275 1.103 0.983 0.872 1.211 1.069 0.949 0.85 0.682 0.66 0.491 0.3
1.2044 1.723 1.772 1.697 1.504 1.362 1.223 1.584 1.482 1.36 1.218 1.077 0.929 1.487 1.314 1.143 1.022 0.911 1.251 1.108 0.988 0.889 0.721 0.699 0.53 0.34
1.2335 1.762 1.811 1.737 1.544 1.401 1.262 1.623 1.521 1.399 1.257 1.116 0.968 1.526 1.354 1.182 1.061 0.951 1.29 1.147 1.028 0.929 0.76 0.739 0.569 0.379
1.2633 1.801 1.851 1.776 1.583 1.441 1.301 1.662 1.561 1.438 1.296 1.156 1.007 1.566 1.393 1.221 1.1 0.99 1.329 1.187 1.067 0.968 0.8 0.778 0.609 0.418
1.2937 1.841 1.89 1.815 1.622 1.48 1.341 1.702 1.6 1.477 1.336 1.195 1.047 1.605 1.432 1.261 1.14 1.029 1.369 1.226 1.106 1.007 0.839 0.817 0.648 0.458
1.3249 1.88 1.929 1.855 1.662 1.519 1.38 1.741 1.639 1.517 1.375 1.234 1.086 1.644 1.472 1.3 1.179 1.068 1.408 1.265 1.146 1.047 0.878 0.857 0.687 0.497
1.3569 1.919 1.969 1.894 1.701 1.559 1.419 1.78 1.679 1.556 1.414 1.274 1.125 1.684 1.511 1.339 1.218 1.108 1.447 1.305 1.185 1.086 0.918 0.896 0.727 0.536
