web/models/grb/offaxis/4/grb_0.2967_0.0720_0.3981072.dat
# %ECSV 1.0
# ---
# datatype:
# - {name: time, datatype: float64}
# - {name: swift_uvot_uvw2, datatype: float64}
# - {name: swift_uvot_uvm2, datatype: float64}
# - {name: swift_uvot_uvw1, datatype: float64}
# - {name: swift_uvot_U, datatype: float64}
# - {name: swift_uvot_B, datatype: float64}
# - {name: swift_uvot_V, datatype: float64}
# - {name: swift_uvot_W, datatype: float64}
# - {name: johnson_U, datatype: float64}
# - {name: johnson_B, datatype: float64}
# - {name: johnson_V, datatype: float64}
# - {name: johnson_R, datatype: float64}
# - {name: johnson_I, datatype: float64}
# - {name: sdss_u, datatype: float64}
# - {name: sdss_g, datatype: float64}
# - {name: sdss_r, datatype: float64}
# - {name: sdss_i, datatype: float64}
# - {name: sdss_z, datatype: float64}
# - {name: PS1_g, datatype: float64}
# - {name: PS1_r, datatype: float64}
# - {name: PS1_i, datatype: float64}
# - {name: PS1_z, datatype: float64}
# - {name: PS1_Y, datatype: float64}
# - {name: ukirt_J, datatype: float64}
# - {name: ukirt_H, datatype: float64}
# - {name: ukirt_K, datatype: float64}
# meta: !!omap
# - comment: [E = 3.1231838447717776e-05, Eta0 = 8.02, GammaB = 12.0, dL = 0.012188, epsb = 6.760829753919819e-06, epse = 0.1, n = 0.3981071705534969,
#     p = 2.15, theta_obs = 0.29670597283903605, xiN = 1.0, z = 0.0, type = grb, E_kiso = 0.07196856730011521]
# schema: astropy-2.0
time swift_uvot_uvw2 swift_uvot_uvm2 swift_uvot_uvw1 swift_uvot_U swift_uvot_B swift_uvot_V swift_uvot_W johnson_U johnson_B johnson_V johnson_R johnson_I sdss_u sdss_g sdss_r sdss_i sdss_z PS1_g PS1_r PS1_i PS1_z PS1_Y ukirt_J ukirt_H ukirt_K
[from data line 491]
1210.3797 59.098 59.148 59.073 58.88 58.738 58.599 58.959 58.858 58.735 58.593 58.453 58.304 58.863 58.69 58.518 58.398 58.287 58.626 58.484 58.364 58.265 58.097 58.075 57.906 57.715
1239.5778 59.412 59.461 59.387 59.194 59.051 58.912 59.273 59.171 59.049 58.907 58.767 58.618 59.176 59.004 58.832 58.711 58.601 58.94 58.797 58.678 58.579 58.41 58.389 58.219 58.029
1269.4803 59.726 59.775 59.7 59.507 59.365 59.226 59.587 59.485 59.362 59.221 59.08 58.932 59.49 59.317 59.145 59.025 58.914 59.254 59.111 58.991 58.892 58.724 58.702 58.533 58.342
1300.1042 60.039 60.089 60.014 59.821 59.678 59.539 59.9 59.798 59.676 59.534 59.394 59.245 59.803 59.631 59.459 59.338 59.228 59.567 59.425 59.305 59.206 59.037 59.016 58.846 58.656
1331.4668 60.353 60.402 60.327 60.134 59.992 59.853 60.214 60.112 59.99 59.848 59.707 59.559 60.117 59.944 59.773 59.652 59.541 59.881 59.738 59.618 59.519 59.351 59.329 59.16 58.97
1363.586 60.666 60.716 60.641 60.448 60.306 60.166 60.527 60.426 60.303 60.161 60.021 59.872 60.431 60.258 60.086 59.965 59.855 60.194 60.052 59.932 59.833 59.665 59.643 59.474 59.283
1396.48 60.98 61.029 60.954 60.762 60.619 60.48 60.841 60.739 60.617 60.475 60.334 60.186 60.744 60.572 60.4 60.279 60.168 60.508 60.365 60.245 60.146 59.978 59.956 59.787 59.597
1430.1675 61.293 61.343 61.268 61.075 60.933 60.794 61.154 61.053 60.93 60.788 60.648 60.499 61.058 60.885 60.713 60.593 60.482 60.821 60.679 60.559 60.46 60.292 60.27 60.101 59.91
1464.6676 61.607 61.656 61.582 61.389 61.246 61.107 61.468 61.366 61.244 61.102 60.961 60.813 61.371 61.199 61.027 60.906 60.796 61.135 60.992 60.873 60.774 60.605 60.584 60.414 60.224
1500.0 61.921 61.97 61.895 61.702 61.56 61.421 61.781 61.68 61.557 61.416 61.275 61.126 61.685 61.512 61.34 61.22 61.109 61.449 61.306 61.186 61.087 60.919 60.897 60.728 60.537
