web/models/grb/offaxis/4/grb_0.2967_0.3728_2.5118864.dat
# %ECSV 1.0
# ---
# datatype:
# - {name: time, datatype: float64}
# - {name: swift_uvot_uvw2, datatype: float64}
# - {name: swift_uvot_uvm2, datatype: float64}
# - {name: swift_uvot_uvw1, datatype: float64}
# - {name: swift_uvot_U, datatype: float64}
# - {name: swift_uvot_B, datatype: float64}
# - {name: swift_uvot_V, datatype: float64}
# - {name: swift_uvot_W, datatype: float64}
# - {name: johnson_U, datatype: float64}
# - {name: johnson_B, datatype: float64}
# - {name: johnson_V, datatype: float64}
# - {name: johnson_R, datatype: float64}
# - {name: johnson_I, datatype: float64}
# - {name: sdss_u, datatype: float64}
# - {name: sdss_g, datatype: float64}
# - {name: sdss_r, datatype: float64}
# - {name: sdss_i, datatype: float64}
# - {name: sdss_z, datatype: float64}
# - {name: PS1_g, datatype: float64}
# - {name: PS1_r, datatype: float64}
# - {name: PS1_i, datatype: float64}
# - {name: PS1_z, datatype: float64}
# - {name: PS1_Y, datatype: float64}
# - {name: PS1_w, datatype: float64}
# - {name: ATLAS_c, datatype: float64}
# - {name: ATLAS_o, datatype: float64}
# - {name: ukirt_J, datatype: float64}
# - {name: ukirt_H, datatype: float64}
# - {name: ukirt_K, datatype: float64}
# - {name: Clear, datatype: float64}
# meta: !!omap
# - comment: [E = 0.000161764516425794, Eta0 = 8.02, GammaB = 12.0, dL = 0.012188, epsb = 6.760829753919819e-06, epse = 0.1, n = 2.5118864315095824,
#     p = 2.15, theta_obs = 0.29670597283903605, xiN = 1.0, z = 0.0, type = grb, E_kiso = 0.372759372031494]
# schema: astropy-2.0
time swift_uvot_uvw2 swift_uvot_uvm2 swift_uvot_uvw1 swift_uvot_U swift_uvot_B swift_uvot_V swift_uvot_W johnson_U johnson_B johnson_V johnson_R johnson_I sdss_u sdss_g sdss_r sdss_i sdss_z PS1_g PS1_r PS1_i PS1_z PS1_Y PS1_w ATLAS_c ATLAS_o ukirt_J ukirt_H ukirt_K Clear
[from data line 407]
163.4324 30.264 30.313 30.238 30.045 29.903 29.764 30.124 30.023 29.9 29.758 29.618 29.469 30.028 29.855 29.683 29.563 29.452 29.791 29.649 29.529 29.43 29.262 29.686 29.781 29.628 29.24 29.071 28.88 29.595
167.375 30.577 30.627 30.552 30.359 30.216 30.077 30.438 30.336 30.214 30.072 29.932 29.783 30.341 30.169 29.997 29.876 29.766 30.105 29.962 29.843 29.744 29.575 29.999 30.094 29.942 29.554 29.384 29.194 29.909
171.4126 30.891 30.94 30.865 30.672 30.53 30.391 30.752 30.65 30.527 30.386 30.245 30.097 30.655 30.482 30.311 30.19 30.079 30.419 30.276 30.156 30.057 29.889 30.313 30.408 30.255 29.867 29.698 29.508 30.223
175.5476 31.204 31.254 31.179 30.986 30.843 30.704 31.065 30.963 30.841 30.699 30.559 30.41 30.969 30.796 30.624 30.503 30.393 30.732 30.59 30.47 30.371 30.202 30.626 30.722 30.569 30.181 30.011 29.821 30.536
179.7823 31.518 31.567 31.492 31.299 31.157 31.018 31.379 31.277 31.155 31.013 30.872 30.724 31.282 31.11 30.938 30.817 30.706 31.046 30.903 30.783 30.684 30.516 30.94 31.035 30.882 30.494 30.325 30.135 30.85
184.1193 31.831 31.881 31.806 31.613 31.471 31.331 31.692 31.591 31.468 31.326 31.186 31.037 31.596 31.423 31.251 31.131 31.02 31.359 31.217 31.097 30.998 30.83 31.253 31.349 31.196 30.808 30.639 30.448 31.163
188.5608 32.145 32.194 32.12 31.927 31.784 31.645 32.006 31.904 31.782 31.64 31.499 31.351 31.909 31.737 31.565 31.444 31.333 31.673 31.53 31.41 31.311 31.143 31.567 31.662 31.509 31.121 30.952 30.762 31.477
193.1095 32.458 32.508 32.433 32.24 32.098 31.959 32.319 32.218 32.095 31.953 31.813 31.664 32.223 32.05 31.878 31.758 31.647 31.986 31.844 31.724 31.625 31.457 31.881 31.976 31.823 31.435 31.266 31.075 31.79
197.7679 32.772 32.822 32.747 32.554 32.411 32.272 32.633 32.531 32.409 32.267 32.127 31.978 32.536 32.364 32.192 32.071 31.961 32.3 32.157 32.038 31.939 31.77 32.194 32.289 32.137 31.749 31.579 31.389 32.104
202.5387 33.086 33.135 33.06 32.867 32.725 32.586 32.947 32.845 32.722 32.581 32.44 32.292 32.85 32.677 32.505 32.385 32.274 32.614 32.471 32.351 32.252 32.084 32.508 32.603 32.45 32.062 31.893 31.703 32.418
207.4245 33.399 33.449 33.374 33.181 33.038 32.899 33.26 33.158 33.036 32.894 32.754 32.605 33.163 32.991 32.819 32.698 32.588 32.927 32.785 32.665 32.566 32.397 32.821 32.917 32.764 32.376 32.206 32.016 32.731
212.4283 33.713 33.762 33.687 33.494 33.352 33.213 33.574 33.472 33.35 33.208 33.067 32.919 33.477 33.304 33.133 33.012 32.901 33.241 33.098 32.978 32.879 32.711 33.135 33.23 33.077 32.689 32.52 32.33 33.045
217.5527 34.026 34.076 34.001 33.808 33.666 33.526 33.887 33.786 33.663 33.521 33.381 33.232 33.791 33.618 33.446 33.325 33.215 33.554 33.412 33.292 33.193 33.025 33.448 33.544 33.391 33.003 32.834 32.643 33.358
222.8008 34.34 34.389 34.315 34.122 33.979 33.84 34.201 34.099 33.977 33.835 33.694 33.546 34.104 33.932 33.76 33.639 33.528 33.868 33.725 33.605 33.506 33.338 33.762 33.857 33.704 33.316 33.147 32.957 33.672
228.1754 34.653 34.703 34.628 34.435 34.293 34.154 34.514 34.413 34.29 34.148 34.008 33.859 34.418 34.245 34.073 33.953 33.842 34.181 34.039 33.919 33.82 33.652 34.076 34.171 34.018 33.63 33.461 33.27 33.985
233.6797 34.967 35.016 34.942 34.749 34.606 34.467 34.828 34.726 34.604 34.462 34.322 34.173 34.731 34.559 34.387 34.266 34.156 34.495 34.352 34.233 34.134 33.965 34.389 34.484 34.332 33.944 33.774 33.584 34.299
239.3168 35.281 35.33 35.255 35.062 34.92 34.781 35.142 35.04 34.917 34.776 34.635 34.487 35.045 34.872 34.7 34.58 34.469 34.809 34.666 34.546 34.447 34.279 34.703 34.798 34.645 34.257 34.088 33.897 34.612
245.0899 35.594 35.644 35.569 35.376 35.233 35.094 35.455 35.353 35.231 35.089 34.949 34.8 35.358 35.186 35.014 34.893 34.783 35.122 34.98 34.86 34.761 34.592 35.016 35.111 34.959 34.571 34.401 34.211 34.926
251.0022 35.908 35.957 35.882 35.689 35.547 35.408 35.769 35.667 35.545 35.403 35.262 35.114 35.672 35.499 35.328 35.207 35.096 35.436 35.293 35.173 35.074 34.906 35.33 35.425 35.272 34.884 34.715 34.525 35.24
257.0572 36.221 36.271 36.196 36.003 35.861 35.721 36.082 35.981 35.858 35.716 35.576 35.427 35.986 35.813 35.641 35.52 35.41 35.749 35.607 35.487 35.388 35.22 35.643 35.739 35.586 35.198 35.029 34.838 35.553
263.2582 36.535 36.584 36.509 36.317 36.174 36.035 36.396 36.294 36.172 36.03 35.889 35.741 36.299 36.127 35.955 35.834 35.723 36.063 35.92 35.8 35.701 35.533 35.957 36.052 35.899 35.511 35.342 35.152 35.867
269.6088 36.848 36.898 36.823 36.63 36.488 36.349 36.709 36.608 36.485 36.343 36.203 36.054 36.613 36.44 36.268 36.148 36.037 36.376 36.234 36.114 36.015 35.847 36.271 36.366 36.213 35.825 35.656 35.465 36.18
276.1126 37.162 37.211 37.137 36.944 36.801 36.662 37.023 36.921 36.799 36.657 36.516 36.368 36.926 36.754 36.582 36.461 36.351 36.69 36.547 36.428 36.329 36.16 36.584 36.679 36.527 36.139 35.969 35.779 36.494
282.7734 37.476 37.525 37.45 37.257 37.115 36.976 37.336 37.235 37.112 36.971 36.83 36.681 37.24 37.067 36.895 36.775 36.664 37.004 36.861 36.741 36.642 36.474 36.898 36.993 36.84 36.452 36.283 36.092 36.807
289.5947 37.789 37.839 37.764 37.571 37.428 37.289 37.65 37.548 37.426 37.284 37.144 36.995 37.553 37.381 37.209 37.088 36.978 37.317 37.175 37.055 36.956 36.787 37.211 37.306 37.154 36.766 36.596 36.406 37.121
296.5807 38.103 38.152 38.077 37.884 37.742 37.603 37.964 37.862 37.74 37.598 37.457 37.309 37.867 37.694 37.523 37.402 37.291 37.631 37.488 37.368 37.269 37.101 37.525 37.62 37.467 37.079 36.91 36.72 37.435
303.7351 38.416 38.466 38.391 38.198 38.056 37.916 38.277 38.176 38.053 37.911 37.771 37.622 38.181 38.008 37.836 37.715 37.605 37.944 37.802 37.682 37.583 37.415 37.838 37.934 37.781 37.393 37.224 37.033 37.748
311.0622 38.73 38.779 38.704 38.511 38.369 38.23 38.591 38.489 38.367 38.225 38.084 37.936 38.494 38.322 38.15 38.029 37.918 38.258 38.115 37.995 37.896 37.728 38.152 38.247 38.094 37.706 37.537 37.347 38.062
318.566 39.043 39.093 39.018 38.825 38.683 38.544 38.904 38.803 38.68 38.538 38.398 38.249 38.808 38.635 38.463 38.343 38.232 38.571 38.429 38.309 38.21 38.042 38.466 38.561 38.408 38.02 37.851 37.66 38.375
326.2508 39.357 39.406 39.332 39.139 38.996 38.857 39.218 39.116 38.994 38.852 38.711 38.563 39.121 38.949 38.777 38.656 38.546 38.885 38.742 38.623 38.524 38.355 38.779 38.874 38.722 38.334 38.164 37.974 38.689
334.121 39.671 39.72 39.645 39.452 39.31 39.171 39.531 39.43 39.307 39.166 39.025 38.876 39.435 39.262 39.09 38.97 38.859 39.199 39.056 38.936 38.837 38.669 39.093 39.188 39.035 38.647 38.478 38.287 39.002
342.181 39.984 40.034 39.959 39.766 39.623 39.484 39.845 39.743 39.621 39.479 39.339 39.19 39.748 39.576 39.404 39.283 39.173 39.512 39.37 39.25 39.151 38.982 39.406 39.501 39.349 38.961 38.791 38.601 39.316
350.4355 40.298 40.347 40.272 40.079 39.937 39.798 40.159 40.057 39.935 39.793 39.652 39.504 40.062 39.889 39.718 39.597 39.486 39.826 39.683 39.563 39.464 39.296 39.72 39.815 39.662 39.274 39.105 38.915 39.63
358.8891 40.611 40.661 40.586 40.393 40.25 40.111 40.472 40.371 40.248 40.106 39.966 39.817 40.376 40.203 40.031 39.91 39.8 40.139 39.997 39.877 39.778 39.61 40.033 40.129 39.976 39.588 39.418 39.228 39.943
367.5467 40.925 40.974 40.899 40.706 40.564 40.425 40.786 40.684 40.562 40.42 40.279 40.131 40.689 40.517 40.345 40.224 40.113 40.453 40.31 40.19 40.091 39.923 40.347 40.442 40.289 39.901 39.732 39.542 40.257
376.4131 41.238 41.288 41.213 41.02 40.878 40.738 41.099 40.998 40.875 40.733 40.593 40.444 41.003 40.83 40.658 40.538 40.427 40.766 40.624 40.504 40.405 40.237 40.661 40.756 40.603 40.215 40.046 39.855 40.57
385.4933 41.552 41.601 41.527 41.334 41.191 41.052 41.413 41.311 41.189 41.047 40.906 40.758 41.316 41.144 40.972 40.851 40.74 41.08 40.937 40.818 40.718 40.55 40.974 41.069 40.916 40.529 40.359 40.169 40.884
394.7926 41.866 41.915 41.84 41.647 41.505 41.366 41.726 41.625 41.502 41.36 41.22 41.071 41.63 41.457 41.285 41.165 41.054 41.393 41.251 41.131 41.032 40.864 41.288 41.383 41.23 40.842 40.673 40.482 41.197
404.3163 42.179 42.229 42.154 41.961 41.818 41.679 42.04 41.938 41.816 41.674 41.534 41.385 41.943 41.771 41.599 41.478 41.368 41.707 41.564 41.445 41.346 41.177 41.601 41.696 41.544 41.156 40.986 40.796 41.511
414.0697 42.493 42.542 42.467 42.274 42.132 41.993 42.354 42.252 42.129 41.988 41.847 41.699 42.257 42.084 41.913 41.792 41.681 42.021 41.878 41.758 41.659 41.491 41.915 42.01 41.857 41.469 41.3 41.11 41.825
424.0583 42.806 42.856 42.781 42.588 42.445 42.306 42.667 42.565 42.443 42.301 42.161 42.012 42.571 42.398 42.226 42.105 41.995 42.334 42.192 42.072 41.973 41.804 42.228 42.324 42.171 41.783 41.613 41.423 42.138
434.2879 43.12 43.169 43.094 42.901 42.759 42.62 42.981 42.879 42.757 42.615 42.474 42.326 42.884 42.711 42.54 42.419 42.308 42.648 42.505 42.385 42.286 42.118 42.542 42.637 42.484 42.096 41.927 41.737 42.452
444.7643 43.433 43.483 43.408 43.215 43.073 42.933 43.294 43.193 43.07 42.928 42.788 42.639 43.198 43.025 42.853 42.733 42.622 42.961 42.819 42.699 42.6 42.432 42.855 42.951 42.798 42.41 42.241 42.05 42.765
455.4934 43.747 43.796 43.722 43.529 43.386 43.247 43.608 43.506 43.384 43.242 43.101 42.953 43.511 43.339 43.167 43.046 42.935 43.275 43.132 43.012 42.913 42.745 43.169 43.264 43.111 42.723 42.554 42.364 43.079
466.4814 44.06 44.11 44.035 43.842 43.7 43.561 43.921 43.82 43.697 43.555 43.415 43.266 43.825 43.652 43.48 43.36 43.249 43.588 43.446 43.326 43.227 43.059 43.483 43.578 43.425 43.037 42.868 42.677 43.392
477.7344 44.374 44.424 44.349 44.156 44.013 43.874 44.235 44.133 44.011 43.869 43.729 43.58 44.138 43.966 43.794 43.673 43.563 43.902 43.759 43.64 43.541 43.372 43.796 43.891 43.739 43.351 43.181 42.991 43.706
489.2588 44.688 44.737 44.662 44.469 44.327 44.188 44.549 44.447 44.324 44.183 44.042 43.894 44.452 44.279 44.107 43.987 43.876 44.216 44.073 43.953 43.854 43.686 44.11 44.205 44.052 43.664 43.495 43.305 44.02
501.0613 45.001 45.051 44.976 44.783 44.64 44.501 44.862 44.76 44.638 44.496 44.356 44.207 44.765 44.593 44.421 44.3 44.19 44.529 44.387 44.267 44.168 43.999 44.423 44.519 44.366 43.978 43.808 43.618 44.333
513.1485 45.315 45.364 45.289 45.096 44.954 44.815 45.176 45.074 44.952 44.81 44.669 44.521 45.079 44.906 44.735 44.614 44.503 44.843 44.7 44.58 44.481 44.313 44.737 44.832 44.679 44.291 44.122 43.932 44.647
525.5272 45.628 45.678 45.603 45.41 45.268 45.128 45.489 45.388 45.265 45.123 44.983 44.834 45.393 45.22 45.048 44.927 44.817 45.156 45.014 44.894 44.795 44.627 45.05 45.146 44.993 44.605 44.436 44.245 44.96
538.2046 45.942 45.991 45.916 45.724 45.581 45.442 45.803 45.701 45.579 45.437 45.296 45.148 45.706 45.534 45.362 45.241 45.13 45.47 45.327 45.207 45.108 44.94 45.364 45.459 45.306 44.918 44.749 44.559 45.274
551.1878 46.255 46.305 46.23 46.037 45.895 45.756 46.116 46.015 45.892 45.75 45.61 45.461 46.02 45.847 45.675 45.555 45.444 45.783 45.641 45.521 45.422 45.254 45.678 45.773 45.62 45.232 45.063 44.872 45.587
564.4842 46.569 46.618 46.544 46.351 46.208 46.069 46.43 46.328 46.206 46.064 45.924 45.775 46.333 46.161 45.989 45.868 45.758 46.097 45.954 45.835 45.736 45.567 45.991 46.086 45.934 45.546 45.376 45.186 45.901
578.1013 46.883 46.932 46.857 46.664 46.522 46.383 46.744 46.642 46.519 46.378 46.237 46.089 46.647 46.474 46.302 46.182 46.071 46.411 46.268 46.148 46.049 45.881 46.305 46.4 46.247 45.859 45.69 45.499 46.214
592.0469 47.196 47.246 47.171 46.978 46.835 46.696 47.057 46.955 46.833 46.691 46.551 46.402 46.96 46.788 46.616 46.495 46.385 46.724 46.582 46.462 46.363 46.194 46.618 46.713 46.561 46.173 46.003 45.813 46.528
606.329 47.51 47.559 47.484 47.291 47.149 47.01 47.371 47.269 47.147 47.005 46.864 46.716 47.274 47.101 46.93 46.809 46.698 47.038 46.895 46.775 46.676 46.508 46.932 47.027 46.874 46.486 46.317 46.127 46.842
620.9555 47.823 47.873 47.798 47.605 47.463 47.323 47.684 47.583 47.46 47.318 47.178 47.029 47.588 47.415 47.243 47.122 47.012 47.351 47.209 47.089 46.99 46.822 47.245 47.341 47.188 46.8 46.631 46.44 47.155
635.9349 48.137 48.186 48.111 47.919 47.776 47.637 47.998 47.896 47.774 47.632 47.491 47.343 47.901 47.729 47.557 47.436 47.325 47.665 47.522 47.402 47.303 47.135 47.559 47.654 47.501 47.113 46.944 46.754 47.469
651.2757 48.45 48.5 48.425 48.232 48.09 47.951 48.311 48.21 48.087 47.945 47.805 47.656 48.215 48.042 47.87 47.75 47.639 47.978 47.836 47.716 47.617 47.449 47.873 47.968 47.815 47.427 47.258 47.067 47.782
666.9865 48.764 48.813 48.739 48.546 48.403 48.264 48.625 48.523 48.401 48.259 48.118 47.97 48.528 48.356 48.184 48.063 47.953 48.292 48.149 48.03 47.931 47.762 48.186 48.281 48.129 47.741 47.571 47.381 48.096
683.0763 49.078 49.127 49.052 48.859 48.717 48.578 48.938 48.837 48.714 48.573 48.432 48.283 48.842 48.669 48.497 48.377 48.266 48.606 48.463 48.343 48.244 48.076 48.5 48.595 48.442 48.054 47.885 47.694 48.409
699.5543 49.391 49.441 49.366 49.173 49.03 48.891 49.252 49.15 49.028 48.886 48.746 48.597 49.155 48.983 48.811 48.69 48.58 48.919 48.777 48.657 48.558 48.389 48.813 48.908 48.756 48.368 48.198 48.008 48.723
716.4297 49.705 49.754 49.679 49.486 49.344 49.205 49.566 49.464 49.342 49.2 49.059 48.911 49.469 49.296 49.125 49.004 48.893 49.233 49.09 48.97 48.871 48.703 49.127 49.222 49.069 48.681 48.512 48.322 49.037
733.7123 50.018 50.068 49.993 49.8 49.658 49.518 49.879 49.778 49.655 49.513 49.373 49.224 49.783 49.61 49.438 49.317 49.207 49.546 49.404 49.284 49.185 49.017 49.44 49.536 49.383 48.995 48.826 48.635 49.35
751.4117 50.332 50.381 50.306 50.113 49.971 49.832 50.193 50.091 49.969 49.827 49.686 49.538 50.096 49.924 49.752 49.631 49.52 49.86 49.717 49.597 49.498 49.33 49.754 49.849 49.696 49.308 49.139 48.949 49.664
769.5381 50.645 50.695 50.62 50.427 50.285 50.146 50.506 50.405 50.282 50.14 50.0 49.851 50.41 50.237 50.065 49.945 49.834 50.173 50.031 49.911 49.812 49.644 50.068 50.163 50.01 49.622 49.453 49.262 49.977
788.1018 50.959 51.008 50.934 50.741 50.598 50.459 50.82 50.718 50.596 50.454 50.313 50.165 50.723 50.551 50.379 50.258 50.147 50.487 50.344 50.225 50.126 49.957 50.381 50.476 50.323 49.936 49.766 49.576 50.291
807.1133 51.273 51.322 51.247 51.054 50.912 50.773 51.133 51.032 50.909 50.767 50.627 50.478 51.037 50.864 50.692 50.572 50.461 50.8 50.658 50.538 50.439 50.271 50.695 50.79 50.637 50.249 50.08 49.889 50.604
826.5834 51.586 51.636 51.561 51.368 51.225 51.086 51.447 51.345 51.223 51.081 50.941 50.792 51.35 51.178 51.006 50.885 50.775 51.114 50.971 50.852 50.753 50.584 51.008 51.103 50.951 50.563 50.393 50.203 50.918
846.5232 51.9 51.949 51.874 51.681 51.539 51.4 51.761 51.659 51.537 51.395 51.254 51.106 51.664 51.491 51.32 51.199 51.088 51.428 51.285 51.165 51.066 50.898 51.322 51.417 51.264 50.876 50.707 50.517 51.232
866.944 52.213 52.263 52.188 51.995 51.852 51.713 52.074 51.973 51.85 51.708 51.568 51.419 51.978 51.805 51.633 51.512 51.402 51.741 51.599 51.479 51.38 51.212 51.635 51.731 51.578 51.19 51.02 50.83 51.545
887.8575 52.527 52.576 52.501 52.308 52.166 52.027 52.388 52.286 52.164 52.022 51.881 51.733 52.291 52.119 51.947 51.826 51.715 52.055 51.912 51.792 51.693 51.525 51.949 52.044 51.891 51.503 51.334 51.144 51.859
909.2754 52.84 52.89 52.815 52.622 52.48 52.34 52.701 52.6 52.477 52.335 52.195 52.046 52.605 52.432 52.26 52.14 52.029 52.368 52.226 52.106 52.007 51.839 52.262 52.358 52.205 51.817 51.648 51.457 52.172
931.21 53.154 53.203 53.129 52.936 52.793 52.654 53.015 52.913 52.791 52.649 52.508 52.36 52.918 52.746 52.574 52.453 52.342 52.682 52.539 52.42 52.32 52.152 52.576 52.671 52.518 52.131 51.961 51.771 52.486
953.6737 53.468 53.517 53.442 53.249 53.107 52.968 53.328 53.227 53.104 52.962 52.822 52.673 53.232 53.059 52.887 52.767 52.656 52.995 52.853 52.733 52.634 52.466 52.89 52.985 52.832 52.444 52.275 52.084 52.799
976.6793 53.781 53.831 53.756 53.563 53.42 53.281 53.642 53.54 53.418 53.276 53.136 52.987 53.545 53.373 53.201 53.08 52.97 53.309 53.166 53.047 52.948 52.779 53.203 53.298 53.146 52.758 52.588 52.398 53.113
