web/models/grb/offaxis/4/grb_0.2967_0.0518_0.1584893.dat
# %ECSV 1.0
# ---
# datatype:
# - {name: time, datatype: float64}
# - {name: swift_uvot_uvw2, datatype: float64}
# - {name: swift_uvot_uvm2, datatype: float64}
# - {name: swift_uvot_uvw1, datatype: float64}
# - {name: swift_uvot_U, datatype: float64}
# - {name: swift_uvot_B, datatype: float64}
# - {name: swift_uvot_V, datatype: float64}
# - {name: swift_uvot_W, datatype: float64}
# - {name: johnson_U, datatype: float64}
# - {name: johnson_B, datatype: float64}
# - {name: johnson_V, datatype: float64}
# - {name: johnson_R, datatype: float64}
# - {name: johnson_I, datatype: float64}
# - {name: sdss_u, datatype: float64}
# - {name: sdss_g, datatype: float64}
# - {name: sdss_r, datatype: float64}
# - {name: sdss_i, datatype: float64}
# - {name: sdss_z, datatype: float64}
# - {name: PS1_g, datatype: float64}
# - {name: PS1_r, datatype: float64}
# - {name: PS1_i, datatype: float64}
# - {name: PS1_z, datatype: float64}
# - {name: PS1_Y, datatype: float64}
# - {name: PS1_w, datatype: float64}
# - {name: ATLAS_c, datatype: float64}
# - {name: ATLAS_o, datatype: float64}
# - {name: ukirt_J, datatype: float64}
# - {name: ukirt_H, datatype: float64}
# - {name: ukirt_K, datatype: float64}
# - {name: Clear, datatype: float64}
# meta: !!omap
# - comment: [E = 2.247710667230903e-05, Eta0 = 8.02, GammaB = 12.0, dL = 0.012188, epsb = 6.760829753919819e-06, epse = 0.1, n = 0.15848931924611143,
#     p = 2.15, theta_obs = 0.29670597283903605, xiN = 1.0, z = 0.0, type = grb, E_kiso = 0.05179474679231213]
# schema: astropy-2.0
time swift_uvot_uvw2 swift_uvot_uvm2 swift_uvot_uvw1 swift_uvot_U swift_uvot_B swift_uvot_V swift_uvot_W johnson_U johnson_B johnson_V johnson_R johnson_I sdss_u sdss_g sdss_r sdss_i sdss_z PS1_g PS1_r PS1_i PS1_z PS1_Y PS1_w ATLAS_c ATLAS_o ukirt_J ukirt_H ukirt_K Clear
0.01 4.582 4.631 4.557 4.364 4.221 4.082 4.443 4.341 4.219 4.077 3.936 3.788 4.346 4.174 4.002 3.881 3.771 4.11 3.967 3.848 3.749 3.58 4.004 4.099 3.947 3.559 3.389 3.199 3.914
0.0102 4.557 4.607 4.532 4.339 4.196 4.057 4.418 4.316 4.194 4.052 3.912 3.763 4.321 4.149 3.977 3.856 3.746 4.085 3.942 3.823 3.724 3.555 3.979 4.074 3.922 3.534 3.364 3.174 3.889
0.0105 4.532 4.582 4.507 4.314 4.171 4.032 4.393 4.291 4.169 4.027 3.887 3.738 4.296 4.124 3.952 3.831 3.721 4.06 3.918 3.798 3.699 3.53 3.954 4.049 3.897 3.509 3.339 3.149 3.864
0.0107 4.507 4.557 4.482 4.289 4.146 4.007 4.368 4.267 4.144 4.002 3.862 3.713 4.272 4.099 3.927 3.806 3.696 4.035 3.893 3.773 3.674 3.506 3.929 4.025 3.872 3.484 3.314 3.124 3.839
0.011 4.482 4.532 4.457 4.264 4.122 3.982 4.343 4.242 4.119 3.977 3.837 3.688 4.247 4.074 3.902 3.781 3.671 4.01 3.868 3.748 3.649 3.481 3.904 4.0 3.847 3.459 3.29 3.099 3.814
0.0113 4.461 4.51 4.436 4.243 4.1 3.961 4.322 4.22 4.098 3.956 3.815 3.667 4.225 4.053 3.881 3.76 3.65 3.989 3.846 3.727 3.628 3.459 3.883 3.978 3.826 3.438 3.268 3.078 3.793
0.0115 4.441 4.49 4.415 4.222 4.08 3.941 4.302 4.2 4.078 3.936 3.795 3.647 4.205 4.032 3.861 3.74 3.629 3.969 3.826 3.706 3.607 3.439 3.863 3.958 3.805 3.417 3.248 3.058 3.773
0.0118 4.42 4.47 4.395 4.202 4.06 3.921 4.281 4.18 4.057 3.915 3.775 3.626 4.185 4.012 3.84 3.72 3.609 3.948 3.806 3.686 3.587 3.419 3.843 3.938 3.785 3.397 3.228 3.037 3.752
0.0121 4.4 4.45 4.375 4.182 4.039 3.9 4.261 4.159 4.037 3.895 3.755 3.606 4.164 3.992 3.82 3.699 3.589 3.928 3.786 3.666 3.567 3.398 3.822 3.918 3.765 3.377 3.207 3.017 3.732
0.0124 4.38 4.429 4.355 4.162 4.019 3.88 4.241 4.139 4.017 3.875 3.734 3.586 4.144 3.972 3.8 3.679 3.568 3.908 3.765 3.646 3.546 3.378 3.802 3.897 3.744 3.357 3.187 2.997 3.712
0.0127 4.36 4.409 4.334 4.141 3.999 3.86 4.221 4.119 3.997 3.855 3.714 3.566 4.124 3.951 3.78 3.659 3.548 3.888 3.745 3.625 3.526 3.358 3.782 3.877 3.724 3.336 3.167 2.977 3.692
0.013 4.339 4.389 4.314 4.121 3.979 3.84 4.2 4.099 3.976 3.834 3.694 3.545 4.104 3.931 3.759 3.639 3.528 3.867 3.725 3.605 3.506 3.338 3.762 3.857 3.704 3.316 3.147 2.956 3.671
0.0133 4.319 4.369 4.294 4.101 3.958 3.819 4.18 4.078 3.956 3.814 3.674 3.525 4.083 3.911 3.739 3.618 3.508 3.847 3.705 3.585 3.486 3.317 3.741 3.836 3.684 3.296 3.126 2.936 3.651
0.0136 4.299 4.348 4.273 4.081 3.938 3.799 4.16 4.058 3.936 3.794 3.653 3.505 4.063 3.891 3.719 3.598 3.487 3.827 3.684 3.564 3.465 3.297 3.721 3.816 3.663 3.275 3.106 2.916 3.631
0.014 4.279 4.328 4.253 4.06 3.918 3.779 4.14 4.038 3.915 3.774 3.633 3.485 4.043 3.87 3.698 3.578 3.467 3.807 3.664 3.544 3.445 3.277 3.701 3.796 3.643 3.255 3.086 2.896 3.611
0.0143 4.262 4.312 4.237 4.044 3.902 3.762 4.123 4.022 3.899 3.757 3.617 3.468 4.027 3.854 3.682 3.562 3.451 3.79 3.648 3.528 3.429 3.261 3.684 3.78 3.627 3.239 3.07 2.879 3.594
0.0146 4.246 4.296 4.221 4.028 3.886 3.747 4.107 4.006 3.883 3.741 3.601 3.452 4.011 3.838 3.666 3.546 3.435 3.774 3.632 3.512 3.413 3.245 3.669 3.764 3.611 3.223 3.054 2.863 3.578
0.015 4.231 4.28 4.205 4.012 3.87 3.731 4.092 3.99 3.867 3.726 3.585 3.437 3.995 3.822 3.65 3.53 3.419 3.759 3.616 3.496 3.397 3.229 3.653 3.748 3.595 3.207 3.038 2.847 3.562
0.0154 4.215 4.264 4.189 3.996 3.854 3.715 4.076 3.974 3.852 3.71 3.569 3.421 3.979 3.806 3.635 3.514 3.403 3.743 3.6 3.48 3.381 3.213 3.637 3.732 3.579 3.191 3.022 2.832 3.547
0.0157 4.199 4.248 4.173 3.98 3.838 3.699 4.06 3.958 3.836 3.694 3.553 3.405 3.963 3.791 3.619 3.498 3.387 3.727 3.584 3.464 3.365 3.197 3.621 3.716 3.563 3.175 3.006 2.816 3.531
0.0161 4.183 4.232 4.158 3.965 3.822 3.683 4.044 3.942 3.82 3.678 3.537 3.389 3.947 3.775 3.603 3.482 3.371 3.711 3.568 3.449 3.35 3.181 3.605 3.7 3.547 3.16 2.99 2.8 3.515
0.0165 4.167 4.217 4.142 3.949 3.806 3.667 4.028 3.926 3.804 3.662 3.522 3.373 3.931 3.759 3.587 3.466 3.356 3.695 3.552 3.433 3.334 3.165 3.589 3.684 3.532 3.144 2.974 2.784 3.499
0.0169 4.151 4.201 4.126 3.933 3.79 3.651 4.012 3.91 3.788 3.646 3.506 3.357 3.916 3.743 3.571 3.45 3.34 3.679 3.537 3.417 3.318 3.149 3.573 3.669 3.516 3.128 2.958 2.768 3.483
0.0173 4.135 4.185 4.11 3.917 3.775 3.635 3.996 3.895 3.772 3.63 3.49 3.341 3.9 3.727 3.555 3.435 3.324 3.663 3.521 3.401 3.302 3.134 3.557 3.653 3.5 3.112 2.943 2.752 3.467
0.0177 4.12 4.169 4.094 3.901 3.759 3.62 3.98 3.879 3.756 3.615 3.474 3.325 3.884 3.711 3.539 3.419 3.308 3.648 3.505 3.385 3.286 3.118 3.542 3.637 3.484 3.096 2.927 2.736 3.451
0.0181 4.105 4.155 4.08 3.887 3.744 3.605 3.966 3.864 3.742 3.6 3.46 3.311 3.869 3.697 3.525 3.404 3.294 3.633 3.491 3.371 3.272 3.103 3.527 3.623 3.47 3.082 2.912 2.722 3.437
0.0186 4.091 4.14 4.065 3.873 3.73 3.591 3.952 3.85 3.728 3.586 3.445 3.297 3.855 3.683 3.511 3.39 3.279 3.619 3.476 3.356 3.257 3.089 3.513 3.608 3.455 3.067 2.898 2.708 3.423
0.019 4.077 4.126 4.051 3.858 3.716 3.577 3.937 3.836 3.713 3.571 3.431 3.282 3.841 3.668 3.496 3.376 3.265 3.604 3.462 3.342 3.243 3.075 3.499 3.594 3.441 3.053 2.884 2.693 3.408
0.0195 4.062 4.112 4.037 3.844 3.701 3.562 3.923 3.821 3.699 3.557 3.417 3.268 3.826 3.654 3.482 3.361 3.251 3.59 3.448 3.328 3.229 3.06 3.484 3.58 3.427 3.039 2.869 2.679 3.394
0.02 4.048 4.097 4.022 3.829 3.687 3.548 3.909 3.807 3.685 3.543 3.402 3.254 3.812 3.64 3.468 3.347 3.236 3.576 3.433 3.313 3.214 3.046 3.47 3.565 3.412 3.024 2.855 2.665 3.38
0.0204 4.034 4.083 4.008 3.815 3.673 3.534 3.894 3.793 3.67 3.528 3.388 3.239 3.798 3.625 3.453 3.333 3.222 3.561 3.419 3.299 3.2 3.032 3.456 3.551 3.398 3.01 2.841 2.65 3.365
0.0209 4.019 4.069 3.994 3.801 3.658 3.519 3.88 3.778 3.656 3.514 3.374 3.225 3.783 3.611 3.439 3.318 3.208 3.547 3.405 3.285 3.186 3.017 3.441 3.536 3.384 2.996 2.826 2.636 3.351
0.0214 4.005 4.054 3.979 3.786 3.644 3.505 3.866 3.764 3.642 3.5 3.359 3.211 3.769 3.597 3.425 3.304 3.193 3.533 3.39 3.27 3.171 3.003 3.427 3.522 3.369 2.981 2.812 2.622 3.337
0.022 3.99 4.04 3.965 3.772 3.63 3.491 3.851 3.75 3.627 3.485 3.345 3.196 3.755 3.582 3.41 3.29 3.179 3.518 3.376 3.256 3.157 2.989 3.413 3.508 3.355 2.967 2.798 2.607 3.322
0.0225 3.977 4.026 3.951 3.758 3.616 3.477 3.838 3.736 3.614 3.472 3.331 3.183 3.741 3.568 3.397 3.276 3.165 3.505 3.362 3.242 3.143 2.975 3.399 3.494 3.341 2.953 2.784 2.594 3.309
0.023 3.965 4.014 3.94 3.747 3.604 3.465 3.826 3.724 3.602 3.46 3.319 3.171 3.729 3.557 3.385 3.264 3.153 3.493 3.35 3.231 3.131 2.963 3.387 3.482 3.329 2.942 2.772 2.582 3.297
0.0236 3.953 4.003 3.928 3.735 3.592 3.453 3.814 3.712 3.59 3.448 3.308 3.159 3.717 3.545 3.373 3.252 3.142 3.481 3.339 3.219 3.12 2.951 3.375 3.471 3.318 2.93 2.76 2.57 3.285
0.0242 3.941 3.991 3.916 3.723 3.581 3.442 3.802 3.701 3.578 3.436 3.296 3.147 3.706 3.533 3.361 3.241 3.13 3.469 3.327 3.207 3.108 2.94 3.364 3.459 3.306 2.918 2.749 2.558 3.273
0.0247 3.93 3.979 3.904 3.711 3.569 3.43 3.791 3.689 3.567 3.425 3.284 3.136 3.694 3.521 3.35 3.229 3.118 3.458 3.315 3.195 3.096 2.928 3.352 3.447 3.294 2.906 2.737 2.547 3.262
0.0253 3.918 3.967 3.893 3.7 3.557 3.418 3.779 3.677 3.555 3.413 3.272 3.124 3.682 3.51 3.338 3.217 3.107 3.446 3.303 3.184 3.085 2.916 3.34 3.435 3.283 2.895 2.725 2.535 3.25
0.0259 3.906 3.956 3.881 3.688 3.546 3.406 3.767 3.666 3.543 3.401 3.261 3.112 3.671 3.498 3.326 3.205 3.095 3.434 3.292 3.172 3.073 2.905 3.328 3.424 3.271 2.883 2.714 2.523 3.238
0.0266 3.895 3.944 3.869 3.676 3.534 3.395 3.755 3.654 3.531 3.389 3.249 3.1 3.659 3.486 3.314 3.194 3.083 3.422 3.28 3.16 3.061 2.893 3.317 3.412 3.259 2.871 2.702 2.511 3.226
0.0272 3.883 3.932 3.857 3.664 3.522 3.383 3.744 3.642 3.52 3.378 3.237 3.089 3.647 3.475 3.303 3.182 3.071 3.411 3.268 3.148 3.049 2.881 3.305 3.4 3.247 2.859 2.69 2.5 3.215
0.0279 3.871 3.921 3.846 3.653 3.51 3.371 3.732 3.63 3.508 3.366 3.226 3.077 3.635 3.463 3.291 3.17 3.06 3.399 3.256 3.137 3.038 2.869 3.293 3.388 3.236 2.848 2.678 2.488 3.203
0.0285 3.859 3.908 3.833 3.641 3.498 3.359 3.72 3.618 3.496 3.354 3.213 3.065 3.623 3.451 3.279 3.158 3.047 3.387 3.244 3.124 3.025 2.857 3.281 3.376 3.223 2.835 2.666 2.476 3.191
0.0292 3.846 3.895 3.82 3.627 3.485 3.346 3.707 3.605 3.483 3.341 3.2 3.052 3.61 3.438 3.266 3.145 3.034 3.374 3.231 3.111 3.012 2.844 3.268 3.363 3.21 2.822 2.653 2.463 3.178
0.0299 3.833 3.882 3.807 3.614 3.472 3.333 3.694 3.592 3.47 3.328 3.187 3.039 3.597 3.424 3.253 3.132 3.021 3.361 3.218 3.098 2.999 2.831 3.255 3.35 3.197 2.809 2.64 2.45 3.165
0.0307 3.82 3.869 3.794 3.601 3.459 3.32 3.681 3.579 3.456 3.315 3.174 3.026 3.584 3.411 3.24 3.119 3.008 3.348 3.205 3.085 2.986 2.818 3.242 3.337 3.184 2.796 2.627 2.437 3.152
0.0314 3.807 3.856 3.781 3.588 3.446 3.307 3.668 3.566 3.443 3.302 3.161 3.013 3.571 3.398 3.226 3.106 2.995 3.335 3.192 3.072 2.973 2.805 3.229 3.324 3.171 2.783 2.614 2.423 3.138
0.0322 3.794 3.843 3.768 3.575 3.433 3.294 3.654 3.553 3.43 3.288 3.148 2.999 3.558 3.385 3.213 3.093 2.982 3.321 3.179 3.059 2.96 2.792 3.216 3.311 3.158 2.77 2.601 2.41 3.125
0.0329 3.78 3.83 3.755 3.562 3.42 3.281 3.641 3.54 3.417 3.275 3.135 2.986 3.545 3.372 3.2 3.08 2.969 3.308 3.166 3.046 2.947 2.779 3.203 3.298 3.145 2.757 2.588 2.397 3.112
0.0337 3.767 3.817 3.742 3.549 3.407 3.268 3.628 3.527 3.404 3.262 3.122 2.973 3.532 3.359 3.187 3.067 2.956 3.295 3.153 3.033 2.934 2.766 3.19 3.285 3.132 2.744 2.575 2.384 3.099
0.0345 3.754 3.804 3.729 3.536 3.394 3.254 3.615 3.514 3.391 3.249 3.109 2.96 3.519 3.346 3.174 3.053 2.943 3.282 3.14 3.02 2.921 2.753 3.176 3.272 3.119 2.731 2.562 2.371 3.086
0.0354 3.741 3.791 3.716 3.523 3.38 3.241 3.602 3.501 3.378 3.236 3.096 2.947 3.506 3.333 3.161 3.04 2.93 3.269 3.127 3.007 2.908 2.74 3.163 3.259 3.106 2.718 2.548 2.358 3.073
0.0362 3.726 3.776 3.701 3.508 3.366 3.227 3.587 3.486 3.363 3.221 3.081 2.932 3.491 3.318 3.146 3.026 2.915 3.254 3.112 2.992 2.893 2.725 3.149 3.244 3.091 2.703 2.534 2.343 3.058
0.0371 3.71 3.759 3.684 3.491 3.349 3.21 3.571 3.469 3.347 3.205 3.064 2.916 3.474 3.302 3.13 3.009 2.898 3.238 3.095 2.975 2.876 2.708 3.132 3.227 3.074 2.686 2.517 2.327 3.042
0.038 3.693 3.743 3.668 3.475 3.332 3.193 3.554 3.452 3.33 3.188 3.048 2.899 3.458 3.285 3.113 2.992 2.882 3.221 3.079 2.959 2.86 2.691 3.115 3.211 3.058 2.67 2.5 2.31 3.025
0.0389 3.677 3.726 3.651 3.458 3.316 3.177 3.538 3.436 3.313 3.172 3.031 2.883 3.441 3.268 3.096 2.976 2.865 3.205 3.062 2.942 2.843 2.675 3.099 3.194 3.041 2.653 2.484 2.293 3.008
0.0398 3.66 3.709 3.635 3.442 3.299 3.16 3.521 3.419 3.297 3.155 3.014 2.866 3.424 3.252 3.08 2.959 2.849 3.188 3.045 2.926 2.827 2.658 3.082 3.177 3.025 2.637 2.467 2.277 2.992
0.0408 3.643 3.693 3.618 3.425 3.283 3.143 3.504 3.403 3.28 3.138 2.998 2.849 3.408 3.235 3.063 2.943 2.832 3.171 3.029 2.909 2.81 2.642 3.065 3.161 3.008 2.62 2.451 2.26 2.975
0.0418 3.627 3.676 3.601 3.408 3.266 3.127 3.488 3.386 3.264 3.122 2.981 2.833 3.391 3.218 3.047 2.926 2.815 3.155 3.012 2.892 2.793 2.625 3.049 3.144 2.991 2.603 2.434 2.244 2.959
0.0428 3.61 3.66 3.585 3.392 3.249 3.11 3.471 3.369 3.247 3.105 2.965 2.816 3.374 3.202 3.03 2.909 2.799 3.138 2.996 2.876 2.777 2.608 3.032 3.127 2.975 2.587 2.417 2.227 2.942
0.0438 3.594 3.643 3.568 3.375 3.233 3.094 3.454 3.353 3.23 3.088 2.948 2.799 3.358 3.185 3.013 2.893 2.782 3.121 2.979 2.859 2.76 2.592 3.016 3.111 2.958 2.57 2.401 2.21 2.925
0.0449 3.577 3.626 3.551 3.359 3.216 3.077 3.438 3.336 3.214 3.072 2.931 2.783 3.341 3.169 2.997 2.876 2.765 3.105 2.962 2.842 2.743 2.575 2.999 3.094 2.941 2.553 2.384 2.194 2.909
0.046 3.562 3.612 3.537 3.344 3.202 3.062 3.423 3.322 3.199 3.057 2.917 2.768 3.327 3.154 2.982 2.861 2.751 3.09 2.948 2.828 2.729 2.561 2.984 3.08 2.927 2.539 2.37 2.179 2.894
0.0471 3.549 3.598 3.524 3.331 3.188 3.049 3.41 3.308 3.186 3.044 2.903 2.755 3.313 3.141 2.969 2.848 2.737 3.077 2.934 2.815 2.715 2.547 2.971 3.066 2.913 2.526 2.356 2.166 2.881
0.0482 3.536 3.585 3.51 3.317 3.175 3.036 3.396 3.295 3.172 3.031 2.89 2.741 3.3 3.127 2.955 2.835 2.724 3.064 2.921 2.801 2.702 2.534 2.958 3.053 2.9 2.512 2.343 2.152 2.867
0.0494 3.522 3.572 3.497 3.304 3.161 3.022 3.383 3.281 3.159 3.017 2.877 2.728 3.286 3.114 2.942 2.821 2.711 3.05 2.908 2.788 2.689 2.52 2.944 3.04 2.887 2.499 2.329 2.139 2.854
0.0506 3.509 3.558 3.483 3.29 3.148 3.009 3.37 3.268 3.146 3.004 2.863 2.715 3.273 3.101 2.929 2.808 2.697 3.037 2.894 2.774 2.675 2.507 2.931 3.026 2.873 2.485 2.316 2.126 2.841
0.0518 3.495 3.545 3.47 3.277 3.135 2.996 3.356 3.255 3.132 2.99 2.85 2.701 3.26 3.087 2.915 2.795 2.684 3.023 2.881 2.761 2.662 2.494 2.918 3.013 2.86 2.472 2.303 2.112 2.827
0.053 3.482 3.532 3.457 3.264 3.121 2.982 3.343 3.241 3.119 2.977 2.837 2.688 3.246 3.074 2.902 2.781 2.671 3.01 2.867 2.748 2.649 2.48 2.904 2.999 2.847 2.459 2.289 2.099 2.814
0.0543 3.469 3.518 3.443 3.25 3.108 2.969 3.33 3.228 3.106 2.964 2.823 2.675 3.233 3.06 2.889 2.768 2.657 2.997 2.854 2.734 2.635 2.467 2.891 2.986 2.833 2.445 2.276 2.086 2.801
0.0556 3.455 3.505 3.43 3.237 3.095 2.955 3.316 3.215 3.092 2.95 2.81 2.661 3.22 3.047 2.875 2.754 2.644 2.983 2.841 2.721 2.622 2.454 2.877 2.973 2.82 2.432 2.263 2.072 2.787
0.057 3.442 3.491 3.417 3.224 3.081 2.942 3.303 3.201 3.079 2.937 2.796 2.648 3.206 3.034 2.862 2.741 2.63 2.97 2.827 2.708 2.608 2.44 2.864 2.959 2.806 2.419 2.249 2.059 2.774
0.0584 3.426 3.476 3.401 3.208 3.066 2.927 3.287 3.186 3.063 2.921 2.781 2.632 3.191 3.018 2.846 2.726 2.615 2.954 2.812 2.692 2.593 2.425 2.849 2.944 2.791 2.403 2.234 2.043 2.758
0.0598 3.41 3.46 3.385 3.192 3.05 2.91 3.271 3.17 3.047 2.905 2.765 2.616 3.175 3.002 2.83 2.71 2.599 2.938 2.796 2.676 2.577 2.409 2.832 2.928 2.775 2.387 2.218 2.027 2.742
0.0612 3.394 3.444 3.369 3.176 3.034 2.894 3.255 3.154 3.031 2.889 2.749 2.6 3.159 2.986 2.814 2.693 2.583 2.922 2.78 2.66 2.561 2.393 2.816 2.912 2.759 2.371 2.202 2.011 2.726
0.0627 3.378 3.428 3.353 3.16 3.017 2.878 3.239 3.137 3.015 2.873 2.733 2.584 3.142 2.97 2.798 2.677 2.567 2.906 2.764 2.644 2.545 2.376 2.8 2.895 2.743 2.355 2.185 1.995 2.71
0.0642 3.362 3.412 3.337 3.144 3.001 2.862 3.223 3.121 2.999 2.857 2.717 2.568 3.126 2.954 2.782 2.661 2.551 2.89 2.747 2.628 2.529 2.36 2.784 2.879 2.727 2.339 2.169 1.979 2.694
0.0657 3.346 3.395 3.321 3.128 2.985 2.846 3.207 3.105 2.983 2.841 2.7 2.552 3.11 2.938 2.766 2.645 2.534 2.874 2.731 2.612 2.513 2.344 2.768 2.863 2.711 2.323 2.153 1.963 2.678
0.0673 3.33 3.379 3.304 3.112 2.969 2.83 3.191 3.089 2.967 2.825 2.684 2.536 3.094 2.922 2.75 2.629 2.518 2.858 2.715 2.595 2.496 2.328 2.752 2.847 2.694 2.306 2.137 1.947 2.662
0.0689 3.314 3.363 3.288 3.095 2.953 2.814 3.175 3.073 2.951 2.809 2.668 2.52 3.078 2.905 2.734 2.613 2.502 2.842 2.699 2.579 2.48 2.312 2.736 2.831 2.678 2.29 2.121 1.931 2.646
0.0706 3.298 3.347 3.272 3.079 2.937 2.798 3.159 3.057 2.935 2.793 2.652 2.504 3.062 2.889 2.718 2.597 2.486 2.826 2.683 2.563 2.464 2.296 2.72 2.815 2.662 2.274 2.105 1.915 2.63
0.0723 3.282 3.331 3.256 3.063 2.921 2.782 3.142 3.041 2.918 2.777 2.636 2.487 3.046 2.873 2.701 2.581 2.47 2.81 2.667 2.547 2.448 2.28 2.704 2.799 2.646 2.258 2.089 1.898 2.613
0.0741 3.269 3.318 3.243 3.05 2.908 2.769 3.13 3.028 2.906 2.764 2.623 2.475 3.033 2.86 2.689 2.568 2.457 2.797 2.654 2.534 2.435 2.267 2.691 2.786 2.633 2.245 2.076 1.886 2.601
0.0758 3.256 3.306 3.231 3.038 2.895 2.756 3.117 3.015 2.893 2.751 2.611 2.462 3.021 2.848 2.676 2.555 2.445 2.784 2.642 2.522 2.423 2.255 2.678 2.774 2.621 2.233 2.063 1.873 2.588
0.0777 3.244 3.293 3.218 3.025 2.883 2.744 3.105 3.003 2.881 2.739 2.598 2.45 3.008 2.835 2.664 2.543 2.432 2.772 2.629 2.509 2.41 2.242 2.666 2.761 2.608 2.22 2.051 1.861 2.576
0.0795 3.231 3.281 3.206 3.013 2.87 2.731 3.092 2.99 2.868 2.726 2.586 2.437 2.995 2.823 2.651 2.53 2.42 2.759 2.617 2.497 2.398 2.229 2.653 2.749 2.596 2.208 2.038 1.848 2.563
0.0815 3.219 3.268 3.193 3.0 2.858 2.719 3.08 2.978 2.856 2.714 2.573 2.425 2.983 2.81 2.639 2.518 2.407 2.747 2.604 2.484 2.385 2.217 2.641 2.736 2.583 2.195 2.026 1.836 2.551
0.0834 3.206 3.256 3.181 2.988 2.845 2.706 3.067 2.965 2.843 2.701 2.561 2.412 2.97 2.798 2.626 2.505 2.395 2.734 2.592 2.472 2.373 2.204 2.628 2.723 2.571 2.183 2.013 1.823 2.538
