web/models/linear/9/-12_735_0_012.dat
# %ECSV 1.0
# ---
# datatype:
# - {name: time, datatype: float64}
# - {name: sdss_u, datatype: float64}
# - {name: sdss_g, datatype: float64}
# - {name: sdss_r, datatype: float64}
# - {name: sdss_i, datatype: float64}
# - {name: sdss_z, datatype: float64}
# - {name: Clear, datatype: float64}
# - {name: johnson_B, datatype: float64}
# - {name: johnson_V, datatype: float64}
# - {name: johnson_R, datatype: float64}
# - {name: johnson_I, datatype: float64}
# - {name: ukirt_J, datatype: float64}
# - {name: ukirt_H, datatype: float64}
# - {name: ukirt_K, datatype: float64}
# meta: !!omap
# - comment: [M=-12.73469387755102, dM=0.011964301412374053]
# schema: astropy-2.0
time sdss_u sdss_g sdss_r sdss_i sdss_z Clear johnson_B johnson_V johnson_R johnson_I ukirt_J ukirt_H ukirt_K
[from data line 117]
8.819095477386934 -12.629179561075059 -12.629179561075059 -12.629179561075059 -12.629179561075059 -12.629179561075059 -12.629179561075059 -12.629179561075059 -12.629179561075059 -12.629179561075059 -12.629179561075059 -12.629179561075059 -12.629179561075059 -12.629179561075059
8.894472361809044 -12.628277729310307 -12.628277729310307 -12.628277729310307 -12.628277729310307 -12.628277729310307 -12.628277729310307 -12.628277729310307 -12.628277729310307 -12.628277729310307 -12.628277729310307 -12.628277729310307 -12.628277729310307 -12.628277729310307
8.969849246231155 -12.627375897545555 -12.627375897545555 -12.627375897545555 -12.627375897545555 -12.627375897545555 -12.627375897545555 -12.627375897545555 -12.627375897545555 -12.627375897545555 -12.627375897545555 -12.627375897545555 -12.627375897545555 -12.627375897545555
9.045226130653266 -12.626474065780803 -12.626474065780803 -12.626474065780803 -12.626474065780803 -12.626474065780803 -12.626474065780803 -12.626474065780803 -12.626474065780803 -12.626474065780803 -12.626474065780803 -12.626474065780803 -12.626474065780803 -12.626474065780803
9.120603015075377 -12.625572234016051 -12.625572234016051 -12.625572234016051 -12.625572234016051 -12.625572234016051 -12.625572234016051 -12.625572234016051 -12.625572234016051 -12.625572234016051 -12.625572234016051 -12.625572234016051 -12.625572234016051 -12.625572234016051
9.195979899497488 -12.624670402251299 -12.624670402251299 -12.624670402251299 -12.624670402251299 -12.624670402251299 -12.624670402251299 -12.624670402251299 -12.624670402251299 -12.624670402251299 -12.624670402251299 -12.624670402251299 -12.624670402251299 -12.624670402251299
9.271356783919597 -12.623768570486547 -12.623768570486547 -12.623768570486547 -12.623768570486547 -12.623768570486547 -12.623768570486547 -12.623768570486547 -12.623768570486547 -12.623768570486547 -12.623768570486547 -12.623768570486547 -12.623768570486547 -12.623768570486547
9.346733668341708 -12.622866738721795 -12.622866738721795 -12.622866738721795 -12.622866738721795 -12.622866738721795 -12.622866738721795 -12.622866738721795 -12.622866738721795 -12.622866738721795 -12.622866738721795 -12.622866738721795 -12.622866738721795 -12.622866738721795
9.422110552763819 -12.621964906957043 -12.621964906957043 -12.621964906957043 -12.621964906957043 -12.621964906957043 -12.621964906957043 -12.621964906957043 -12.621964906957043 -12.621964906957043 -12.621964906957043 -12.621964906957043 -12.621964906957043 -12.621964906957043
9.497487437185928 -12.621063075192293 -12.621063075192293 -12.621063075192293 -12.621063075192293 -12.621063075192293 -12.621063075192293 -12.621063075192293 -12.621063075192293 -12.621063075192293 -12.621063075192293 -12.621063075192293 -12.621063075192293 -12.621063075192293
9.572864321608039 -12.62016124342754 -12.62016124342754 -12.62016124342754 -12.62016124342754 -12.62016124342754 -12.62016124342754 -12.62016124342754 -12.62016124342754 -12.62016124342754 -12.62016124342754 -12.62016124342754 -12.62016124342754 -12.62016124342754
9.64824120603015 -12.619259411662789 -12.619259411662789 -12.619259411662789 -12.619259411662789 -12.619259411662789 -12.619259411662789 -12.619259411662789 -12.619259411662789 -12.619259411662789 -12.619259411662789 -12.619259411662789 -12.619259411662789 -12.619259411662789
9.72361809045226 -12.618357579898037 -12.618357579898037 -12.618357579898037 -12.618357579898037 -12.618357579898037 -12.618357579898037 -12.618357579898037 -12.618357579898037 -12.618357579898037 -12.618357579898037 -12.618357579898037 -12.618357579898037 -12.618357579898037
9.798994974874372 -12.617455748133285 -12.617455748133285 -12.617455748133285 -12.617455748133285 -12.617455748133285 -12.617455748133285 -12.617455748133285 -12.617455748133285 -12.617455748133285 -12.617455748133285 -12.617455748133285 -12.617455748133285 -12.617455748133285
9.874371859296481 -12.616553916368533 -12.616553916368533 -12.616553916368533 -12.616553916368533 -12.616553916368533 -12.616553916368533 -12.616553916368533 -12.616553916368533 -12.616553916368533 -12.616553916368533 -12.616553916368533 -12.616553916368533 -12.616553916368533
9.949748743718592 -12.61565208460378 -12.61565208460378 -12.61565208460378 -12.61565208460378 -12.61565208460378 -12.61565208460378 -12.61565208460378 -12.61565208460378 -12.61565208460378 -12.61565208460378 -12.61565208460378 -12.61565208460378 -12.61565208460378
10.025125628140703 -12.614750252839029 -12.614750252839029 -12.614750252839029 -12.614750252839029 -12.614750252839029 -12.614750252839029 -12.614750252839029 -12.614750252839029 -12.614750252839029 -12.614750252839029 -12.614750252839029 -12.614750252839029 -12.614750252839029
10.100502512562812 -12.613848421074277 -12.613848421074277 -12.613848421074277 -12.613848421074277 -12.613848421074277 -12.613848421074277 -12.613848421074277 -12.613848421074277 -12.613848421074277 -12.613848421074277 -12.613848421074277 -12.613848421074277 -12.613848421074277
10.175879396984923 -12.612946589309525 -12.612946589309525 -12.612946589309525 -12.612946589309525 -12.612946589309525 -12.612946589309525 -12.612946589309525 -12.612946589309525 -12.612946589309525 -12.612946589309525 -12.612946589309525 -12.612946589309525 -12.612946589309525
10.251256281407034 -12.612044757544774 -12.612044757544774 -12.612044757544774 -12.612044757544774 -12.612044757544774 -12.612044757544774 -12.612044757544774 -12.612044757544774 -12.612044757544774 -12.612044757544774 -12.612044757544774 -12.612044757544774 -12.612044757544774
10.326633165829145 -12.611142925780022 -12.611142925780022 -12.611142925780022 -12.611142925780022 -12.611142925780022 -12.611142925780022 -12.611142925780022 -12.611142925780022 -12.611142925780022 -12.611142925780022 -12.611142925780022 -12.611142925780022 -12.611142925780022
10.402010050251256 -12.61024109401527 -12.61024109401527 -12.61024109401527 -12.61024109401527 -12.61024109401527 -12.61024109401527 -12.61024109401527 -12.61024109401527 -12.61024109401527 -12.61024109401527 -12.61024109401527 -12.61024109401527 -12.61024109401527
10.477386934673365 -12.609339262250518 -12.609339262250518 -12.609339262250518 -12.609339262250518 -12.609339262250518 -12.609339262250518 -12.609339262250518 -12.609339262250518 -12.609339262250518 -12.609339262250518 -12.609339262250518 -12.609339262250518 -12.609339262250518
10.552763819095476 -12.608437430485766 -12.608437430485766 -12.608437430485766 -12.608437430485766 -12.608437430485766 -12.608437430485766 -12.608437430485766 -12.608437430485766 -12.608437430485766 -12.608437430485766 -12.608437430485766 -12.608437430485766 -12.608437430485766
10.628140703517587 -12.607535598721014 -12.607535598721014 -12.607535598721014 -12.607535598721014 -12.607535598721014 -12.607535598721014 -12.607535598721014 -12.607535598721014 -12.607535598721014 -12.607535598721014 -12.607535598721014 -12.607535598721014 -12.607535598721014
10.703517587939697 -12.606633766956262 -12.606633766956262 -12.606633766956262 -12.606633766956262 -12.606633766956262 -12.606633766956262 -12.606633766956262 -12.606633766956262 -12.606633766956262 -12.606633766956262 -12.606633766956262 -12.606633766956262 -12.606633766956262
10.778894472361808 -12.60573193519151 -12.60573193519151 -12.60573193519151 -12.60573193519151 -12.60573193519151 -12.60573193519151 -12.60573193519151 -12.60573193519151 -12.60573193519151 -12.60573193519151 -12.60573193519151 -12.60573193519151 -12.60573193519151
10.854271356783919 -12.604830103426758 -12.604830103426758 -12.604830103426758 -12.604830103426758 -12.604830103426758 -12.604830103426758 -12.604830103426758 -12.604830103426758 -12.604830103426758 -12.604830103426758 -12.604830103426758 -12.604830103426758 -12.604830103426758
10.92964824120603 -12.603928271662008 -12.603928271662008 -12.603928271662008 -12.603928271662008 -12.603928271662008 -12.603928271662008 -12.603928271662008 -12.603928271662008 -12.603928271662008 -12.603928271662008 -12.603928271662008 -12.603928271662008 -12.603928271662008
11.00502512562814 -12.603026439897256 -12.603026439897256 -12.603026439897256 -12.603026439897256 -12.603026439897256 -12.603026439897256 -12.603026439897256 -12.603026439897256 -12.603026439897256 -12.603026439897256 -12.603026439897256 -12.603026439897256 -12.603026439897256
11.08040201005025 -12.602124608132504 -12.602124608132504 -12.602124608132504 -12.602124608132504 -12.602124608132504 -12.602124608132504 -12.602124608132504 -12.602124608132504 -12.602124608132504 -12.602124608132504 -12.602124608132504 -12.602124608132504 -12.602124608132504
11.15577889447236 -12.601222776367752 -12.601222776367752 -12.601222776367752 -12.601222776367752 -12.601222776367752 -12.601222776367752 -12.601222776367752 -12.601222776367752 -12.601222776367752 -12.601222776367752 -12.601222776367752 -12.601222776367752 -12.601222776367752
11.231155778894472 -12.600320944603 -12.600320944603 -12.600320944603 -12.600320944603 -12.600320944603 -12.600320944603 -12.600320944603 -12.600320944603 -12.600320944603 -12.600320944603 -12.600320944603 -12.600320944603 -12.600320944603
11.306532663316581 -12.599419112838248 -12.599419112838248 -12.599419112838248 -12.599419112838248 -12.599419112838248 -12.599419112838248 -12.599419112838248 -12.599419112838248 -12.599419112838248 -12.599419112838248 -12.599419112838248 -12.599419112838248 -12.599419112838248
11.381909547738692 -12.598517281073496 -12.598517281073496 -12.598517281073496 -12.598517281073496 -12.598517281073496 -12.598517281073496 -12.598517281073496 -12.598517281073496 -12.598517281073496 -12.598517281073496 -12.598517281073496 -12.598517281073496 -12.598517281073496
11.457286432160803 -12.597615449308744 -12.597615449308744 -12.597615449308744 -12.597615449308744 -12.597615449308744 -12.597615449308744 -12.597615449308744 -12.597615449308744 -12.597615449308744 -12.597615449308744 -12.597615449308744 -12.597615449308744 -12.597615449308744
11.532663316582914 -12.596713617543992 -12.596713617543992 -12.596713617543992 -12.596713617543992 -12.596713617543992 -12.596713617543992 -12.596713617543992 -12.596713617543992 -12.596713617543992 -12.596713617543992 -12.596713617543992 -12.596713617543992 -12.596713617543992
11.608040201005025 -12.595811785779242 -12.595811785779242 -12.595811785779242 -12.595811785779242 -12.595811785779242 -12.595811785779242 -12.595811785779242 -12.595811785779242 -12.595811785779242 -12.595811785779242 -12.595811785779242 -12.595811785779242 -12.595811785779242
11.683417085427134 -12.59490995401449 -12.59490995401449 -12.59490995401449 -12.59490995401449 -12.59490995401449 -12.59490995401449 -12.59490995401449 -12.59490995401449 -12.59490995401449 -12.59490995401449 -12.59490995401449 -12.59490995401449 -12.59490995401449
11.758793969849245 -12.594008122249738 -12.594008122249738 -12.594008122249738 -12.594008122249738 -12.594008122249738 -12.594008122249738 -12.594008122249738 -12.594008122249738 -12.594008122249738 -12.594008122249738 -12.594008122249738 -12.594008122249738 -12.594008122249738
11.834170854271356 -12.593106290484986 -12.593106290484986 -12.593106290484986 -12.593106290484986 -12.593106290484986 -12.593106290484986 -12.593106290484986 -12.593106290484986 -12.593106290484986 -12.593106290484986 -12.593106290484986 -12.593106290484986 -12.593106290484986
11.909547738693465 -12.592204458720234 -12.592204458720234 -12.592204458720234 -12.592204458720234 -12.592204458720234 -12.592204458720234 -12.592204458720234 -12.592204458720234 -12.592204458720234 -12.592204458720234 -12.592204458720234 -12.592204458720234 -12.592204458720234
11.984924623115576 -12.591302626955482 -12.591302626955482 -12.591302626955482 -12.591302626955482 -12.591302626955482 -12.591302626955482 -12.591302626955482 -12.591302626955482 -12.591302626955482 -12.591302626955482 -12.591302626955482 -12.591302626955482 -12.591302626955482
12.060301507537687 -12.59040079519073 -12.59040079519073 -12.59040079519073 -12.59040079519073 -12.59040079519073 -12.59040079519073 -12.59040079519073 -12.59040079519073 -12.59040079519073 -12.59040079519073 -12.59040079519073 -12.59040079519073 -12.59040079519073
12.135678391959798 -12.589498963425978 -12.589498963425978 -12.589498963425978 -12.589498963425978 -12.589498963425978 -12.589498963425978 -12.589498963425978 -12.589498963425978 -12.589498963425978 -12.589498963425978 -12.589498963425978 -12.589498963425978 -12.589498963425978
12.21105527638191 -12.588597131661226 -12.588597131661226 -12.588597131661226 -12.588597131661226 -12.588597131661226 -12.588597131661226 -12.588597131661226 -12.588597131661226 -12.588597131661226 -12.588597131661226 -12.588597131661226 -12.588597131661226 -12.588597131661226
12.286432160804019 -12.587695299896474 -12.587695299896474 -12.587695299896474 -12.587695299896474 -12.587695299896474 -12.587695299896474 -12.587695299896474 -12.587695299896474 -12.587695299896474 -12.587695299896474 -12.587695299896474 -12.587695299896474 -12.587695299896474
12.36180904522613 -12.586793468131724 -12.586793468131724 -12.586793468131724 -12.586793468131724 -12.586793468131724 -12.586793468131724 -12.586793468131724 -12.586793468131724 -12.586793468131724 -12.586793468131724 -12.586793468131724 -12.586793468131724 -12.586793468131724
12.43718592964824 -12.585891636366972 -12.585891636366972 -12.585891636366972 -12.585891636366972 -12.585891636366972 -12.585891636366972 -12.585891636366972 -12.585891636366972 -12.585891636366972 -12.585891636366972 -12.585891636366972 -12.585891636366972 -12.585891636366972
12.51256281407035 -12.58498980460222 -12.58498980460222 -12.58498980460222 -12.58498980460222 -12.58498980460222 -12.58498980460222 -12.58498980460222 -12.58498980460222 -12.58498980460222 -12.58498980460222 -12.58498980460222 -12.58498980460222 -12.58498980460222
12.58793969849246 -12.584087972837468 -12.584087972837468 -12.584087972837468 -12.584087972837468 -12.584087972837468 -12.584087972837468 -12.584087972837468 -12.584087972837468 -12.584087972837468 -12.584087972837468 -12.584087972837468 -12.584087972837468 -12.584087972837468
12.663316582914572 -12.583186141072716 -12.583186141072716 -12.583186141072716 -12.583186141072716 -12.583186141072716 -12.583186141072716 -12.583186141072716 -12.583186141072716 -12.583186141072716 -12.583186141072716 -12.583186141072716 -12.583186141072716 -12.583186141072716
12.738693467336683 -12.582284309307964 -12.582284309307964 -12.582284309307964 -12.582284309307964 -12.582284309307964 -12.582284309307964 -12.582284309307964 -12.582284309307964 -12.582284309307964 -12.582284309307964 -12.582284309307964 -12.582284309307964 -12.582284309307964
12.814070351758794 -12.581382477543212 -12.581382477543212 -12.581382477543212 -12.581382477543212 -12.581382477543212 -12.581382477543212 -12.581382477543212 -12.581382477543212 -12.581382477543212 -12.581382477543212 -12.581382477543212 -12.581382477543212 -12.581382477543212
12.889447236180903 -12.58048064577846 -12.58048064577846 -12.58048064577846 -12.58048064577846 -12.58048064577846 -12.58048064577846 -12.58048064577846 -12.58048064577846 -12.58048064577846 -12.58048064577846 -12.58048064577846 -12.58048064577846 -12.58048064577846
12.964824120603014 -12.579578814013708 -12.579578814013708 -12.579578814013708 -12.579578814013708 -12.579578814013708 -12.579578814013708 -12.579578814013708 -12.579578814013708 -12.579578814013708 -12.579578814013708 -12.579578814013708 -12.579578814013708 -12.579578814013708
13.040201005025125 -12.578676982248957 -12.578676982248957 -12.578676982248957 -12.578676982248957 -12.578676982248957 -12.578676982248957 -12.578676982248957 -12.578676982248957 -12.578676982248957 -12.578676982248957 -12.578676982248957 -12.578676982248957 -12.578676982248957
