web/models/linear/9/-12_735_0_010.dat
# %ECSV 1.0
# ---
# datatype:
# - {name: time, datatype: float64}
# - {name: sdss_u, datatype: float64}
# - {name: sdss_g, datatype: float64}
# - {name: sdss_r, datatype: float64}
# - {name: sdss_i, datatype: float64}
# - {name: sdss_z, datatype: float64}
# - {name: Clear, datatype: float64}
# - {name: johnson_B, datatype: float64}
# - {name: johnson_V, datatype: float64}
# - {name: johnson_R, datatype: float64}
# - {name: johnson_I, datatype: float64}
# - {name: ukirt_J, datatype: float64}
# - {name: ukirt_H, datatype: float64}
# - {name: ukirt_K, datatype: float64}
# meta: !!omap
# - comment: [M=-12.73469387755102, dM=0.010245175126239792]
# schema: astropy-2.0
time sdss_u sdss_g sdss_r sdss_i sdss_z Clear johnson_B johnson_V johnson_R johnson_I ukirt_J ukirt_H ukirt_K
[from data line 117]
8.819095477386934 -12.644340699930162 -12.644340699930162 -12.644340699930162 -12.644340699930162 -12.644340699930162 -12.644340699930162 -12.644340699930162 -12.644340699930162 -12.644340699930162 -12.644340699930162 -12.644340699930162 -12.644340699930162 -12.644340699930162
8.894472361809044 -12.643568450548788 -12.643568450548788 -12.643568450548788 -12.643568450548788 -12.643568450548788 -12.643568450548788 -12.643568450548788 -12.643568450548788 -12.643568450548788 -12.643568450548788 -12.643568450548788 -12.643568450548788 -12.643568450548788
8.969849246231155 -12.642796201167412 -12.642796201167412 -12.642796201167412 -12.642796201167412 -12.642796201167412 -12.642796201167412 -12.642796201167412 -12.642796201167412 -12.642796201167412 -12.642796201167412 -12.642796201167412 -12.642796201167412 -12.642796201167412
9.045226130653266 -12.642023951786037 -12.642023951786037 -12.642023951786037 -12.642023951786037 -12.642023951786037 -12.642023951786037 -12.642023951786037 -12.642023951786037 -12.642023951786037 -12.642023951786037 -12.642023951786037 -12.642023951786037 -12.642023951786037
9.120603015075377 -12.641251702404663 -12.641251702404663 -12.641251702404663 -12.641251702404663 -12.641251702404663 -12.641251702404663 -12.641251702404663 -12.641251702404663 -12.641251702404663 -12.641251702404663 -12.641251702404663 -12.641251702404663 -12.641251702404663
9.195979899497488 -12.640479453023287 -12.640479453023287 -12.640479453023287 -12.640479453023287 -12.640479453023287 -12.640479453023287 -12.640479453023287 -12.640479453023287 -12.640479453023287 -12.640479453023287 -12.640479453023287 -12.640479453023287 -12.640479453023287
9.271356783919597 -12.639707203641914 -12.639707203641914 -12.639707203641914 -12.639707203641914 -12.639707203641914 -12.639707203641914 -12.639707203641914 -12.639707203641914 -12.639707203641914 -12.639707203641914 -12.639707203641914 -12.639707203641914 -12.639707203641914
9.346733668341708 -12.638934954260538 -12.638934954260538 -12.638934954260538 -12.638934954260538 -12.638934954260538 -12.638934954260538 -12.638934954260538 -12.638934954260538 -12.638934954260538 -12.638934954260538 -12.638934954260538 -12.638934954260538 -12.638934954260538
9.422110552763819 -12.638162704879162 -12.638162704879162 -12.638162704879162 -12.638162704879162 -12.638162704879162 -12.638162704879162 -12.638162704879162 -12.638162704879162 -12.638162704879162 -12.638162704879162 -12.638162704879162 -12.638162704879162 -12.638162704879162
9.497487437185928 -12.637390455497789 -12.637390455497789 -12.637390455497789 -12.637390455497789 -12.637390455497789 -12.637390455497789 -12.637390455497789 -12.637390455497789 -12.637390455497789 -12.637390455497789 -12.637390455497789 -12.637390455497789 -12.637390455497789
9.572864321608039 -12.636618206116413 -12.636618206116413 -12.636618206116413 -12.636618206116413 -12.636618206116413 -12.636618206116413 -12.636618206116413 -12.636618206116413 -12.636618206116413 -12.636618206116413 -12.636618206116413 -12.636618206116413 -12.636618206116413
9.64824120603015 -12.635845956735038 -12.635845956735038 -12.635845956735038 -12.635845956735038 -12.635845956735038 -12.635845956735038 -12.635845956735038 -12.635845956735038 -12.635845956735038 -12.635845956735038 -12.635845956735038 -12.635845956735038 -12.635845956735038
9.72361809045226 -12.635073707353664 -12.635073707353664 -12.635073707353664 -12.635073707353664 -12.635073707353664 -12.635073707353664 -12.635073707353664 -12.635073707353664 -12.635073707353664 -12.635073707353664 -12.635073707353664 -12.635073707353664 -12.635073707353664
9.798994974874372 -12.634301457972288 -12.634301457972288 -12.634301457972288 -12.634301457972288 -12.634301457972288 -12.634301457972288 -12.634301457972288 -12.634301457972288 -12.634301457972288 -12.634301457972288 -12.634301457972288 -12.634301457972288 -12.634301457972288
9.874371859296481 -12.633529208590915 -12.633529208590915 -12.633529208590915 -12.633529208590915 -12.633529208590915 -12.633529208590915 -12.633529208590915 -12.633529208590915 -12.633529208590915 -12.633529208590915 -12.633529208590915 -12.633529208590915 -12.633529208590915
9.949748743718592 -12.632756959209539 -12.632756959209539 -12.632756959209539 -12.632756959209539 -12.632756959209539 -12.632756959209539 -12.632756959209539 -12.632756959209539 -12.632756959209539 -12.632756959209539 -12.632756959209539 -12.632756959209539 -12.632756959209539
10.025125628140703 -12.631984709828163 -12.631984709828163 -12.631984709828163 -12.631984709828163 -12.631984709828163 -12.631984709828163 -12.631984709828163 -12.631984709828163 -12.631984709828163 -12.631984709828163 -12.631984709828163 -12.631984709828163 -12.631984709828163
10.100502512562812 -12.63121246044679 -12.63121246044679 -12.63121246044679 -12.63121246044679 -12.63121246044679 -12.63121246044679 -12.63121246044679 -12.63121246044679 -12.63121246044679 -12.63121246044679 -12.63121246044679 -12.63121246044679 -12.63121246044679
10.175879396984923 -12.630440211065414 -12.630440211065414 -12.630440211065414 -12.630440211065414 -12.630440211065414 -12.630440211065414 -12.630440211065414 -12.630440211065414 -12.630440211065414 -12.630440211065414 -12.630440211065414 -12.630440211065414 -12.630440211065414
10.251256281407034 -12.62966796168404 -12.62966796168404 -12.62966796168404 -12.62966796168404 -12.62966796168404 -12.62966796168404 -12.62966796168404 -12.62966796168404 -12.62966796168404 -12.62966796168404 -12.62966796168404 -12.62966796168404 -12.62966796168404
10.326633165829145 -12.628895712302665 -12.628895712302665 -12.628895712302665 -12.628895712302665 -12.628895712302665 -12.628895712302665 -12.628895712302665 -12.628895712302665 -12.628895712302665 -12.628895712302665 -12.628895712302665 -12.628895712302665 -12.628895712302665
10.402010050251256 -12.62812346292129 -12.62812346292129 -12.62812346292129 -12.62812346292129 -12.62812346292129 -12.62812346292129 -12.62812346292129 -12.62812346292129 -12.62812346292129 -12.62812346292129 -12.62812346292129 -12.62812346292129 -12.62812346292129
10.477386934673365 -12.627351213539916 -12.627351213539916 -12.627351213539916 -12.627351213539916 -12.627351213539916 -12.627351213539916 -12.627351213539916 -12.627351213539916 -12.627351213539916 -12.627351213539916 -12.627351213539916 -12.627351213539916 -12.627351213539916
10.552763819095476 -12.62657896415854 -12.62657896415854 -12.62657896415854 -12.62657896415854 -12.62657896415854 -12.62657896415854 -12.62657896415854 -12.62657896415854 -12.62657896415854 -12.62657896415854 -12.62657896415854 -12.62657896415854 -12.62657896415854
10.628140703517587 -12.625806714777164 -12.625806714777164 -12.625806714777164 -12.625806714777164 -12.625806714777164 -12.625806714777164 -12.625806714777164 -12.625806714777164 -12.625806714777164 -12.625806714777164 -12.625806714777164 -12.625806714777164 -12.625806714777164
10.703517587939697 -12.62503446539579 -12.62503446539579 -12.62503446539579 -12.62503446539579 -12.62503446539579 -12.62503446539579 -12.62503446539579 -12.62503446539579 -12.62503446539579 -12.62503446539579 -12.62503446539579 -12.62503446539579 -12.62503446539579
10.778894472361808 -12.624262216014415 -12.624262216014415 -12.624262216014415 -12.624262216014415 -12.624262216014415 -12.624262216014415 -12.624262216014415 -12.624262216014415 -12.624262216014415 -12.624262216014415 -12.624262216014415 -12.624262216014415 -12.624262216014415
10.854271356783919 -12.623489966633041 -12.623489966633041 -12.623489966633041 -12.623489966633041 -12.623489966633041 -12.623489966633041 -12.623489966633041 -12.623489966633041 -12.623489966633041 -12.623489966633041 -12.623489966633041 -12.623489966633041 -12.623489966633041
10.92964824120603 -12.622717717251666 -12.622717717251666 -12.622717717251666 -12.622717717251666 -12.622717717251666 -12.622717717251666 -12.622717717251666 -12.622717717251666 -12.622717717251666 -12.622717717251666 -12.622717717251666 -12.622717717251666 -12.622717717251666
11.00502512562814 -12.62194546787029 -12.62194546787029 -12.62194546787029 -12.62194546787029 -12.62194546787029 -12.62194546787029 -12.62194546787029 -12.62194546787029 -12.62194546787029 -12.62194546787029 -12.62194546787029 -12.62194546787029 -12.62194546787029
11.08040201005025 -12.621173218488916 -12.621173218488916 -12.621173218488916 -12.621173218488916 -12.621173218488916 -12.621173218488916 -12.621173218488916 -12.621173218488916 -12.621173218488916 -12.621173218488916 -12.621173218488916 -12.621173218488916 -12.621173218488916
11.15577889447236 -12.620400969107541 -12.620400969107541 -12.620400969107541 -12.620400969107541 -12.620400969107541 -12.620400969107541 -12.620400969107541 -12.620400969107541 -12.620400969107541 -12.620400969107541 -12.620400969107541 -12.620400969107541 -12.620400969107541
11.231155778894472 -12.619628719726167 -12.619628719726167 -12.619628719726167 -12.619628719726167 -12.619628719726167 -12.619628719726167 -12.619628719726167 -12.619628719726167 -12.619628719726167 -12.619628719726167 -12.619628719726167 -12.619628719726167 -12.619628719726167
11.306532663316581 -12.618856470344792 -12.618856470344792 -12.618856470344792 -12.618856470344792 -12.618856470344792 -12.618856470344792 -12.618856470344792 -12.618856470344792 -12.618856470344792 -12.618856470344792 -12.618856470344792 -12.618856470344792 -12.618856470344792
11.381909547738692 -12.618084220963416 -12.618084220963416 -12.618084220963416 -12.618084220963416 -12.618084220963416 -12.618084220963416 -12.618084220963416 -12.618084220963416 -12.618084220963416 -12.618084220963416 -12.618084220963416 -12.618084220963416 -12.618084220963416
11.457286432160803 -12.617311971582042 -12.617311971582042 -12.617311971582042 -12.617311971582042 -12.617311971582042 -12.617311971582042 -12.617311971582042 -12.617311971582042 -12.617311971582042 -12.617311971582042 -12.617311971582042 -12.617311971582042 -12.617311971582042
11.532663316582914 -12.616539722200667 -12.616539722200667 -12.616539722200667 -12.616539722200667 -12.616539722200667 -12.616539722200667 -12.616539722200667 -12.616539722200667 -12.616539722200667 -12.616539722200667 -12.616539722200667 -12.616539722200667 -12.616539722200667
11.608040201005025 -12.615767472819291 -12.615767472819291 -12.615767472819291 -12.615767472819291 -12.615767472819291 -12.615767472819291 -12.615767472819291 -12.615767472819291 -12.615767472819291 -12.615767472819291 -12.615767472819291 -12.615767472819291 -12.615767472819291
11.683417085427134 -12.614995223437917 -12.614995223437917 -12.614995223437917 -12.614995223437917 -12.614995223437917 -12.614995223437917 -12.614995223437917 -12.614995223437917 -12.614995223437917 -12.614995223437917 -12.614995223437917 -12.614995223437917 -12.614995223437917
11.758793969849245 -12.614222974056542 -12.614222974056542 -12.614222974056542 -12.614222974056542 -12.614222974056542 -12.614222974056542 -12.614222974056542 -12.614222974056542 -12.614222974056542 -12.614222974056542 -12.614222974056542 -12.614222974056542 -12.614222974056542
11.834170854271356 -12.613450724675168 -12.613450724675168 -12.613450724675168 -12.613450724675168 -12.613450724675168 -12.613450724675168 -12.613450724675168 -12.613450724675168 -12.613450724675168 -12.613450724675168 -12.613450724675168 -12.613450724675168 -12.613450724675168
11.909547738693465 -12.612678475293793 -12.612678475293793 -12.612678475293793 -12.612678475293793 -12.612678475293793 -12.612678475293793 -12.612678475293793 -12.612678475293793 -12.612678475293793 -12.612678475293793 -12.612678475293793 -12.612678475293793 -12.612678475293793
11.984924623115576 -12.611906225912417 -12.611906225912417 -12.611906225912417 -12.611906225912417 -12.611906225912417 -12.611906225912417 -12.611906225912417 -12.611906225912417 -12.611906225912417 -12.611906225912417 -12.611906225912417 -12.611906225912417 -12.611906225912417
12.060301507537687 -12.611133976531043 -12.611133976531043 -12.611133976531043 -12.611133976531043 -12.611133976531043 -12.611133976531043 -12.611133976531043 -12.611133976531043 -12.611133976531043 -12.611133976531043 -12.611133976531043 -12.611133976531043 -12.611133976531043
12.135678391959798 -12.610361727149668 -12.610361727149668 -12.610361727149668 -12.610361727149668 -12.610361727149668 -12.610361727149668 -12.610361727149668 -12.610361727149668 -12.610361727149668 -12.610361727149668 -12.610361727149668 -12.610361727149668 -12.610361727149668
12.21105527638191 -12.609589477768294 -12.609589477768294 -12.609589477768294 -12.609589477768294 -12.609589477768294 -12.609589477768294 -12.609589477768294 -12.609589477768294 -12.609589477768294 -12.609589477768294 -12.609589477768294 -12.609589477768294 -12.609589477768294
12.286432160804019 -12.608817228386918 -12.608817228386918 -12.608817228386918 -12.608817228386918 -12.608817228386918 -12.608817228386918 -12.608817228386918 -12.608817228386918 -12.608817228386918 -12.608817228386918 -12.608817228386918 -12.608817228386918 -12.608817228386918
12.36180904522613 -12.608044979005543 -12.608044979005543 -12.608044979005543 -12.608044979005543 -12.608044979005543 -12.608044979005543 -12.608044979005543 -12.608044979005543 -12.608044979005543 -12.608044979005543 -12.608044979005543 -12.608044979005543 -12.608044979005543
12.43718592964824 -12.60727272962417 -12.60727272962417 -12.60727272962417 -12.60727272962417 -12.60727272962417 -12.60727272962417 -12.60727272962417 -12.60727272962417 -12.60727272962417 -12.60727272962417 -12.60727272962417 -12.60727272962417 -12.60727272962417
12.51256281407035 -12.606500480242794 -12.606500480242794 -12.606500480242794 -12.606500480242794 -12.606500480242794 -12.606500480242794 -12.606500480242794 -12.606500480242794 -12.606500480242794 -12.606500480242794 -12.606500480242794 -12.606500480242794 -12.606500480242794
12.58793969849246 -12.60572823086142 -12.60572823086142 -12.60572823086142 -12.60572823086142 -12.60572823086142 -12.60572823086142 -12.60572823086142 -12.60572823086142 -12.60572823086142 -12.60572823086142 -12.60572823086142 -12.60572823086142 -12.60572823086142
12.663316582914572 -12.604955981480044 -12.604955981480044 -12.604955981480044 -12.604955981480044 -12.604955981480044 -12.604955981480044 -12.604955981480044 -12.604955981480044 -12.604955981480044 -12.604955981480044 -12.604955981480044 -12.604955981480044 -12.604955981480044
12.738693467336683 -12.604183732098669 -12.604183732098669 -12.604183732098669 -12.604183732098669 -12.604183732098669 -12.604183732098669 -12.604183732098669 -12.604183732098669 -12.604183732098669 -12.604183732098669 -12.604183732098669 -12.604183732098669 -12.604183732098669
12.814070351758794 -12.603411482717295 -12.603411482717295 -12.603411482717295 -12.603411482717295 -12.603411482717295 -12.603411482717295 -12.603411482717295 -12.603411482717295 -12.603411482717295 -12.603411482717295 -12.603411482717295 -12.603411482717295 -12.603411482717295
12.889447236180903 -12.60263923333592 -12.60263923333592 -12.60263923333592 -12.60263923333592 -12.60263923333592 -12.60263923333592 -12.60263923333592 -12.60263923333592 -12.60263923333592 -12.60263923333592 -12.60263923333592 -12.60263923333592 -12.60263923333592
12.964824120603014 -12.601866983954544 -12.601866983954544 -12.601866983954544 -12.601866983954544 -12.601866983954544 -12.601866983954544 -12.601866983954544 -12.601866983954544 -12.601866983954544 -12.601866983954544 -12.601866983954544 -12.601866983954544 -12.601866983954544
