web/models/linear/9/-12_735_0_009.dat
# %ECSV 1.0
# ---
# datatype:
# - {name: time, datatype: float64}
# - {name: swift_uvot_uvw2, datatype: float64}
# - {name: swift_uvot_uvm2, datatype: float64}
# - {name: swift_uvot_uvw1, datatype: float64}
# - {name: swift_uvot_U, datatype: float64}
# - {name: swift_uvot_B, datatype: float64}
# - {name: swift_uvot_V, datatype: float64}
# - {name: swift_uvot_W, datatype: float64}
# - {name: johnson_U, datatype: float64}
# - {name: johnson_B, datatype: float64}
# - {name: johnson_V, datatype: float64}
# - {name: johnson_R, datatype: float64}
# - {name: johnson_I, datatype: float64}
# - {name: sdss_u, datatype: float64}
# - {name: sdss_g, datatype: float64}
# - {name: sdss_r, datatype: float64}
# - {name: sdss_i, datatype: float64}
# - {name: sdss_z, datatype: float64}
# - {name: PS1_g, datatype: float64}
# - {name: PS1_r, datatype: float64}
# - {name: PS1_i, datatype: float64}
# - {name: PS1_z, datatype: float64}
# - {name: PS1_Y, datatype: float64}
# - {name: PS1_w, datatype: float64}
# - {name: ATLAS_c, datatype: float64}
# - {name: ATLAS_o, datatype: float64}
# - {name: ukirt_J, datatype: float64}
# - {name: ukirt_H, datatype: float64}
# - {name: ukirt_K, datatype: float64}
# - {name: Clear, datatype: float64}
# meta: !!omap
# - comment: [M=-12.73469387755102, dM=0.008773066621237415]
# schema: astropy-2.0
time swift_uvot_uvw2 swift_uvot_uvm2 swift_uvot_uvw1 swift_uvot_U swift_uvot_B swift_uvot_V swift_uvot_W johnson_U johnson_B johnson_V johnson_R johnson_I sdss_u sdss_g sdss_r sdss_i sdss_z PS1_g PS1_r PS1_i PS1_z PS1_Y PS1_w ATLAS_c ATLAS_o ukirt_J ukirt_H ukirt_K Clear
0.0 -12.73469387755102 -12.73469387755102 -12.73469387755102 -12.73469387755102 -12.73469387755102 -12.73469387755102 -12.73469387755102 -12.73469387755102 -12.73469387755102 -12.73469387755102 -12.73469387755102 -12.73469387755102 -12.73469387755102 -12.73469387755102 -12.73469387755102 -12.73469387755102 -12.73469387755102 -12.73469387755102 -12.73469387755102 -12.73469387755102 -12.73469387755102 -12.73469387755102 -12.73469387755102 -12.73469387755102 -12.73469387755102 -12.73469387755102 -12.73469387755102 -12.73469387755102 -12.73469387755102
0.07537688442211055 -12.734032591122284 -12.734032591122284 -12.734032591122284 -12.734032591122284 -12.734032591122284 -12.734032591122284 -12.734032591122284 -12.734032591122284 -12.734032591122284 -12.734032591122284 -12.734032591122284 -12.734032591122284 -12.734032591122284 -12.734032591122284 -12.734032591122284 -12.734032591122284 -12.734032591122284 -12.734032591122284 -12.734032591122284 -12.734032591122284 -12.734032591122284 -12.734032591122284 -12.734032591122284 -12.734032591122284 -12.734032591122284 -12.734032591122284 -12.734032591122284 -12.734032591122284 -12.734032591122284
0.1507537688442211 -12.733371304693547 -12.733371304693547 -12.733371304693547 -12.733371304693547 -12.733371304693547 -12.733371304693547 -12.733371304693547 -12.733371304693547 -12.733371304693547 -12.733371304693547 -12.733371304693547 -12.733371304693547 -12.733371304693547 -12.733371304693547 -12.733371304693547 -12.733371304693547 -12.733371304693547 -12.733371304693547 -12.733371304693547 -12.733371304693547 -12.733371304693547 -12.733371304693547 -12.733371304693547 -12.733371304693547 -12.733371304693547 -12.733371304693547 -12.733371304693547 -12.733371304693547 -12.733371304693547
0.22613065326633164 -12.732710018264811 -12.732710018264811 -12.732710018264811 -12.732710018264811 -12.732710018264811 -12.732710018264811 -12.732710018264811 -12.732710018264811 -12.732710018264811 -12.732710018264811 -12.732710018264811 -12.732710018264811 -12.732710018264811 -12.732710018264811 -12.732710018264811 -12.732710018264811 -12.732710018264811 -12.732710018264811 -12.732710018264811 -12.732710018264811 -12.732710018264811 -12.732710018264811 -12.732710018264811 -12.732710018264811 -12.732710018264811 -12.732710018264811 -12.732710018264811 -12.732710018264811 -12.732710018264811
0.3015075376884422 -12.732048731836075 -12.732048731836075 -12.732048731836075 -12.732048731836075 -12.732048731836075 -12.732048731836075 -12.732048731836075 -12.732048731836075 -12.732048731836075 -12.732048731836075 -12.732048731836075 -12.732048731836075 -12.732048731836075 -12.732048731836075 -12.732048731836075 -12.732048731836075 -12.732048731836075 -12.732048731836075 -12.732048731836075 -12.732048731836075 -12.732048731836075 -12.732048731836075 -12.732048731836075 -12.732048731836075 -12.732048731836075 -12.732048731836075 -12.732048731836075 -12.732048731836075 -12.732048731836075
0.37688442211055273 -12.731387445407337 -12.731387445407337 -12.731387445407337 -12.731387445407337 -12.731387445407337 -12.731387445407337 -12.731387445407337 -12.731387445407337 -12.731387445407337 -12.731387445407337 -12.731387445407337 -12.731387445407337 -12.731387445407337 -12.731387445407337 -12.731387445407337 -12.731387445407337 -12.731387445407337 -12.731387445407337 -12.731387445407337 -12.731387445407337 -12.731387445407337 -12.731387445407337 -12.731387445407337 -12.731387445407337 -12.731387445407337 -12.731387445407337 -12.731387445407337 -12.731387445407337 -12.731387445407337
0.4522613065326633 -12.730726158978602 -12.730726158978602 -12.730726158978602 -12.730726158978602 -12.730726158978602 -12.730726158978602 -12.730726158978602 -12.730726158978602 -12.730726158978602 -12.730726158978602 -12.730726158978602 -12.730726158978602 -12.730726158978602 -12.730726158978602 -12.730726158978602 -12.730726158978602 -12.730726158978602 -12.730726158978602 -12.730726158978602 -12.730726158978602 -12.730726158978602 -12.730726158978602 -12.730726158978602 -12.730726158978602 -12.730726158978602 -12.730726158978602 -12.730726158978602 -12.730726158978602 -12.730726158978602
0.5276381909547738 -12.730064872549866 -12.730064872549866 -12.730064872549866 -12.730064872549866 -12.730064872549866 -12.730064872549866 -12.730064872549866 -12.730064872549866 -12.730064872549866 -12.730064872549866 -12.730064872549866 -12.730064872549866 -12.730064872549866 -12.730064872549866 -12.730064872549866 -12.730064872549866 -12.730064872549866 -12.730064872549866 -12.730064872549866 -12.730064872549866 -12.730064872549866 -12.730064872549866 -12.730064872549866 -12.730064872549866 -12.730064872549866 -12.730064872549866 -12.730064872549866 -12.730064872549866 -12.730064872549866
0.6030150753768844 -12.729403586121128 -12.729403586121128 -12.729403586121128 -12.729403586121128 -12.729403586121128 -12.729403586121128 -12.729403586121128 -12.729403586121128 -12.729403586121128 -12.729403586121128 -12.729403586121128 -12.729403586121128 -12.729403586121128 -12.729403586121128 -12.729403586121128 -12.729403586121128 -12.729403586121128 -12.729403586121128 -12.729403586121128 -12.729403586121128 -12.729403586121128 -12.729403586121128 -12.729403586121128 -12.729403586121128 -12.729403586121128 -12.729403586121128 -12.729403586121128 -12.729403586121128 -12.729403586121128
0.6783919597989949 -12.728742299692392 -12.728742299692392 -12.728742299692392 -12.728742299692392 -12.728742299692392 -12.728742299692392 -12.728742299692392 -12.728742299692392 -12.728742299692392 -12.728742299692392 -12.728742299692392 -12.728742299692392 -12.728742299692392 -12.728742299692392 -12.728742299692392 -12.728742299692392 -12.728742299692392 -12.728742299692392 -12.728742299692392 -12.728742299692392 -12.728742299692392 -12.728742299692392 -12.728742299692392 -12.728742299692392 -12.728742299692392 -12.728742299692392 -12.728742299692392 -12.728742299692392 -12.728742299692392
0.7537688442211055 -12.728081013263655 -12.728081013263655 -12.728081013263655 -12.728081013263655 -12.728081013263655 -12.728081013263655 -12.728081013263655 -12.728081013263655 -12.728081013263655 -12.728081013263655 -12.728081013263655 -12.728081013263655 -12.728081013263655 -12.728081013263655 -12.728081013263655 -12.728081013263655 -12.728081013263655 -12.728081013263655 -12.728081013263655 -12.728081013263655 -12.728081013263655 -12.728081013263655 -12.728081013263655 -12.728081013263655 -12.728081013263655 -12.728081013263655 -12.728081013263655 -12.728081013263655 -12.728081013263655
0.829145728643216 -12.727419726834919 -12.727419726834919 -12.727419726834919 -12.727419726834919 -12.727419726834919 -12.727419726834919 -12.727419726834919 -12.727419726834919 -12.727419726834919 -12.727419726834919 -12.727419726834919 -12.727419726834919 -12.727419726834919 -12.727419726834919 -12.727419726834919 -12.727419726834919 -12.727419726834919 -12.727419726834919 -12.727419726834919 -12.727419726834919 -12.727419726834919 -12.727419726834919 -12.727419726834919 -12.727419726834919 -12.727419726834919 -12.727419726834919 -12.727419726834919 -12.727419726834919 -12.727419726834919
0.9045226130653266 -12.726758440406183 -12.726758440406183 -12.726758440406183 -12.726758440406183 -12.726758440406183 -12.726758440406183 -12.726758440406183 -12.726758440406183 -12.726758440406183 -12.726758440406183 -12.726758440406183 -12.726758440406183 -12.726758440406183 -12.726758440406183 -12.726758440406183 -12.726758440406183 -12.726758440406183 -12.726758440406183 -12.726758440406183 -12.726758440406183 -12.726758440406183 -12.726758440406183 -12.726758440406183 -12.726758440406183 -12.726758440406183 -12.726758440406183 -12.726758440406183 -12.726758440406183 -12.726758440406183
0.9798994974874371 -12.726097153977445 -12.726097153977445 -12.726097153977445 -12.726097153977445 -12.726097153977445 -12.726097153977445 -12.726097153977445 -12.726097153977445 -12.726097153977445 -12.726097153977445 -12.726097153977445 -12.726097153977445 -12.726097153977445 -12.726097153977445 -12.726097153977445 -12.726097153977445 -12.726097153977445 -12.726097153977445 -12.726097153977445 -12.726097153977445 -12.726097153977445 -12.726097153977445 -12.726097153977445 -12.726097153977445 -12.726097153977445 -12.726097153977445 -12.726097153977445 -12.726097153977445 -12.726097153977445
1.0552763819095476 -12.72543586754871 -12.72543586754871 -12.72543586754871 -12.72543586754871 -12.72543586754871 -12.72543586754871 -12.72543586754871 -12.72543586754871 -12.72543586754871 -12.72543586754871 -12.72543586754871 -12.72543586754871 -12.72543586754871 -12.72543586754871 -12.72543586754871 -12.72543586754871 -12.72543586754871 -12.72543586754871 -12.72543586754871 -12.72543586754871 -12.72543586754871 -12.72543586754871 -12.72543586754871 -12.72543586754871 -12.72543586754871 -12.72543586754871 -12.72543586754871 -12.72543586754871 -12.72543586754871
1.1306532663316582 -12.724774581119974 -12.724774581119974 -12.724774581119974 -12.724774581119974 -12.724774581119974 -12.724774581119974 -12.724774581119974 -12.724774581119974 -12.724774581119974 -12.724774581119974 -12.724774581119974 -12.724774581119974 -12.724774581119974 -12.724774581119974 -12.724774581119974 -12.724774581119974 -12.724774581119974 -12.724774581119974 -12.724774581119974 -12.724774581119974 -12.724774581119974 -12.724774581119974 -12.724774581119974 -12.724774581119974 -12.724774581119974 -12.724774581119974 -12.724774581119974 -12.724774581119974 -12.724774581119974
1.2060301507537687 -12.724113294691236 -12.724113294691236 -12.724113294691236 -12.724113294691236 -12.724113294691236 -12.724113294691236 -12.724113294691236 -12.724113294691236 -12.724113294691236 -12.724113294691236 -12.724113294691236 -12.724113294691236 -12.724113294691236 -12.724113294691236 -12.724113294691236 -12.724113294691236 -12.724113294691236 -12.724113294691236 -12.724113294691236 -12.724113294691236 -12.724113294691236 -12.724113294691236 -12.724113294691236 -12.724113294691236 -12.724113294691236 -12.724113294691236 -12.724113294691236 -12.724113294691236 -12.724113294691236
1.2814070351758793 -12.7234520082625 -12.7234520082625 -12.7234520082625 -12.7234520082625 -12.7234520082625 -12.7234520082625 -12.7234520082625 -12.7234520082625 -12.7234520082625 -12.7234520082625 -12.7234520082625 -12.7234520082625 -12.7234520082625 -12.7234520082625 -12.7234520082625 -12.7234520082625 -12.7234520082625 -12.7234520082625 -12.7234520082625 -12.7234520082625 -12.7234520082625 -12.7234520082625 -12.7234520082625 -12.7234520082625 -12.7234520082625 -12.7234520082625 -12.7234520082625 -12.7234520082625 -12.7234520082625
1.3567839195979898 -12.722790721833764 -12.722790721833764 -12.722790721833764 -12.722790721833764 -12.722790721833764 -12.722790721833764 -12.722790721833764 -12.722790721833764 -12.722790721833764 -12.722790721833764 -12.722790721833764 -12.722790721833764 -12.722790721833764 -12.722790721833764 -12.722790721833764 -12.722790721833764 -12.722790721833764 -12.722790721833764 -12.722790721833764 -12.722790721833764 -12.722790721833764 -12.722790721833764 -12.722790721833764 -12.722790721833764 -12.722790721833764 -12.722790721833764 -12.722790721833764 -12.722790721833764 -12.722790721833764
1.4321608040201004 -12.722129435405026 -12.722129435405026 -12.722129435405026 -12.722129435405026 -12.722129435405026 -12.722129435405026 -12.722129435405026 -12.722129435405026 -12.722129435405026 -12.722129435405026 -12.722129435405026 -12.722129435405026 -12.722129435405026 -12.722129435405026 -12.722129435405026 -12.722129435405026 -12.722129435405026 -12.722129435405026 -12.722129435405026 -12.722129435405026 -12.722129435405026 -12.722129435405026 -12.722129435405026 -12.722129435405026 -12.722129435405026 -12.722129435405026 -12.722129435405026 -12.722129435405026 -12.722129435405026
1.507537688442211 -12.72146814897629 -12.72146814897629 -12.72146814897629 -12.72146814897629 -12.72146814897629 -12.72146814897629 -12.72146814897629 -12.72146814897629 -12.72146814897629 -12.72146814897629 -12.72146814897629 -12.72146814897629 -12.72146814897629 -12.72146814897629 -12.72146814897629 -12.72146814897629 -12.72146814897629 -12.72146814897629 -12.72146814897629 -12.72146814897629 -12.72146814897629 -12.72146814897629 -12.72146814897629 -12.72146814897629 -12.72146814897629 -12.72146814897629 -12.72146814897629 -12.72146814897629 -12.72146814897629
1.5829145728643215 -12.720806862547555 -12.720806862547555 -12.720806862547555 -12.720806862547555 -12.720806862547555 -12.720806862547555 -12.720806862547555 -12.720806862547555 -12.720806862547555 -12.720806862547555 -12.720806862547555 -12.720806862547555 -12.720806862547555 -12.720806862547555 -12.720806862547555 -12.720806862547555 -12.720806862547555 -12.720806862547555 -12.720806862547555 -12.720806862547555 -12.720806862547555 -12.720806862547555 -12.720806862547555 -12.720806862547555 -12.720806862547555 -12.720806862547555 -12.720806862547555 -12.720806862547555 -12.720806862547555
1.658291457286432 -12.720145576118817 -12.720145576118817 -12.720145576118817 -12.720145576118817 -12.720145576118817 -12.720145576118817 -12.720145576118817 -12.720145576118817 -12.720145576118817 -12.720145576118817 -12.720145576118817 -12.720145576118817 -12.720145576118817 -12.720145576118817 -12.720145576118817 -12.720145576118817 -12.720145576118817 -12.720145576118817 -12.720145576118817 -12.720145576118817 -12.720145576118817 -12.720145576118817 -12.720145576118817 -12.720145576118817 -12.720145576118817 -12.720145576118817 -12.720145576118817 -12.720145576118817 -12.720145576118817
1.7336683417085426 -12.719484289690081 -12.719484289690081 -12.719484289690081 -12.719484289690081 -12.719484289690081 -12.719484289690081 -12.719484289690081 -12.719484289690081 -12.719484289690081 -12.719484289690081 -12.719484289690081 -12.719484289690081 -12.719484289690081 -12.719484289690081 -12.719484289690081 -12.719484289690081 -12.719484289690081 -12.719484289690081 -12.719484289690081 -12.719484289690081 -12.719484289690081 -12.719484289690081 -12.719484289690081 -12.719484289690081 -12.719484289690081 -12.719484289690081 -12.719484289690081 -12.719484289690081 -12.719484289690081
1.809045226130653 -12.718823003261345 -12.718823003261345 -12.718823003261345 -12.718823003261345 -12.718823003261345 -12.718823003261345 -12.718823003261345 -12.718823003261345 -12.718823003261345 -12.718823003261345 -12.718823003261345 -12.718823003261345 -12.718823003261345 -12.718823003261345 -12.718823003261345 -12.718823003261345 -12.718823003261345 -12.718823003261345 -12.718823003261345 -12.718823003261345 -12.718823003261345 -12.718823003261345 -12.718823003261345 -12.718823003261345 -12.718823003261345 -12.718823003261345 -12.718823003261345 -12.718823003261345 -12.718823003261345
1.8844221105527637 -12.718161716832608 -12.718161716832608 -12.718161716832608 -12.718161716832608 -12.718161716832608 -12.718161716832608 -12.718161716832608 -12.718161716832608 -12.718161716832608 -12.718161716832608 -12.718161716832608 -12.718161716832608 -12.718161716832608 -12.718161716832608 -12.718161716832608 -12.718161716832608 -12.718161716832608 -12.718161716832608 -12.718161716832608 -12.718161716832608 -12.718161716832608 -12.718161716832608 -12.718161716832608 -12.718161716832608 -12.718161716832608 -12.718161716832608 -12.718161716832608 -12.718161716832608 -12.718161716832608
