web/models/kne.last_good/kappa_0.5_3.0.v2/29/villar_0.0224_0.3590_3.0000.dat
# %ECSV 1.0
# ---
# datatype:
# - {name: time, datatype: float64}
# - {name: swift_uvot_uvw2, datatype: float64}
# - {name: swift_uvot_uvm2, datatype: float64}
# - {name: swift_uvot_uvw1, datatype: float64}
# - {name: swift_uvot_U, datatype: float64}
# - {name: swift_uvot_B, datatype: float64}
# - {name: swift_uvot_V, datatype: float64}
# - {name: swift_uvot_W, datatype: float64}
# - {name: johnson_U, datatype: float64}
# - {name: johnson_B, datatype: float64}
# - {name: johnson_V, datatype: float64}
# - {name: johnson_R, datatype: float64}
# - {name: johnson_I, datatype: float64}
# - {name: sdss_u, datatype: float64}
# - {name: sdss_g, datatype: float64}
# - {name: sdss_r, datatype: float64}
# - {name: sdss_i, datatype: float64}
# - {name: sdss_z, datatype: float64}
# - {name: PS1_g, datatype: float64}
# - {name: PS1_r, datatype: float64}
# - {name: PS1_i, datatype: float64}
# - {name: PS1_z, datatype: float64}
# - {name: PS1_Y, datatype: float64}
# - {name: PS1_w, datatype: float64}
# - {name: ATLAS_c, datatype: float64}
# - {name: ATLAS_o, datatype: float64}
# - {name: ukirt_J, datatype: float64}
# - {name: ukirt_H, datatype: float64}
# - {name: ukirt_K, datatype: float64}
# - {name: Clear, datatype: float64}
# meta: !!omap
# - comment: [kappa = 3.0, type = villar, mass = 0.022360679775100388, velocity = 0.359, theta_obs = 0.0, tfloor = 2500.0]
# schema: astropy-2.0
time swift_uvot_uvw2 swift_uvot_uvm2 swift_uvot_uvw1 swift_uvot_U swift_uvot_B swift_uvot_V swift_uvot_W johnson_U johnson_B johnson_V johnson_R johnson_I sdss_u sdss_g sdss_r sdss_i sdss_z PS1_g PS1_r PS1_i PS1_z PS1_Y PS1_w ATLAS_c ATLAS_o ukirt_J ukirt_H ukirt_K Clear
[from data line 69]
0.007814 -17.031 -14.949 -14.468 -13.773 -13.293 -12.814 -14.33 -13.699 -13.289 -12.802 -12.345 -11.829 -13.711 -13.14 -12.544 -12.13 -11.753 -14.335 -14.037 -13.963 -14.276 -15.19 -12.64 -12.909 -12.378 -11.019 -10.439 -9.779 -12.747
0.00805 -17.022 -14.973 -14.503 -13.809 -13.329 -12.851 -14.365 -13.736 -13.326 -12.839 -12.382 -11.866 -13.747 -13.176 -12.581 -12.168 -11.79 -14.336 -14.035 -13.957 -14.266 -15.177 -12.677 -12.945 -12.415 -11.057 -10.476 -9.816 -12.784
0.008294 -17.013 -14.998 -14.538 -13.845 -13.366 -12.888 -14.4 -13.772 -13.362 -12.876 -12.419 -11.904 -13.783 -13.213 -12.618 -12.205 -11.827 -14.337 -14.033 -13.952 -14.256 -15.163 -12.713 -12.982 -12.451 -11.094 -10.514 -9.854 -12.821
0.008545 -17.004 -15.022 -14.573 -13.881 -13.402 -12.924 -14.435 -13.808 -13.398 -12.912 -12.456 -11.941 -13.819 -13.249 -12.655 -12.242 -11.864 -14.339 -14.032 -13.947 -14.246 -15.15 -12.75 -13.019 -12.488 -11.131 -10.551 -9.892 -12.857
0.008803 -16.996 -15.047 -14.608 -13.917 -13.438 -12.961 -14.469 -13.843 -13.435 -12.949 -12.493 -11.978 -13.855 -13.285 -12.692 -12.279 -11.901 -14.342 -14.031 -13.942 -14.237 -15.136 -12.787 -13.055 -12.525 -11.169 -10.589 -9.929 -12.894
0.009069 -16.988 -15.072 -14.643 -13.953 -13.475 -12.997 -14.504 -13.879 -13.471 -12.986 -12.529 -12.015 -13.891 -13.322 -12.729 -12.316 -11.938 -14.345 -14.031 -13.938 -14.228 -15.123 -12.823 -13.092 -12.562 -11.206 -10.626 -9.967 -12.93
0.009344 -16.98 -15.098 -14.677 -13.989 -13.511 -13.034 -14.539 -13.915 -13.507 -13.022 -12.566 -12.052 -13.927 -13.358 -12.765 -12.352 -11.976 -14.348 -14.031 -13.934 -14.219 -15.11 -12.86 -13.128 -12.599 -11.243 -10.664 -10.004 -12.967
0.009626 -16.973 -15.124 -14.712 -14.024 -13.547 -13.07 -14.573 -13.951 -13.543 -13.059 -12.603 -12.089 -13.963 -13.394 -12.802 -12.389 -12.013 -14.353 -14.032 -13.931 -14.211 -15.097 -12.896 -13.164 -12.636 -11.281 -10.701 -10.042 -13.003
0.009917 -16.966 -15.15 -14.747 -14.06 -13.583 -13.107 -14.608 -13.987 -13.579 -13.095 -12.64 -12.126 -13.998 -13.431 -12.839 -12.426 -12.05 -14.357 -14.034 -13.928 -14.203 -15.084 -12.933 -13.201 -12.672 -11.318 -10.739 -10.08 -13.04
0.010217 -16.959 -15.176 -14.781 -14.096 -13.619 -13.143 -14.642 -14.022 -13.615 -13.132 -12.676 -12.163 -14.034 -13.467 -12.875 -12.463 -12.087 -14.363 -14.036 -13.925 -14.195 -15.071 -12.969 -13.237 -12.709 -11.355 -10.776 -10.117 -13.076
0.010526 -16.952 -15.202 -14.816 -14.131 -13.655 -13.18 -14.677 -14.058 -13.651 -13.168 -12.713 -12.2 -14.07 -13.503 -12.912 -12.5 -12.124 -14.369 -14.038 -13.923 -14.187 -15.058 -13.006 -13.273 -12.746 -11.392 -10.813 -10.155 -13.112
0.010845 -16.946 -15.229 -14.85 -14.167 -13.691 -13.216 -14.711 -14.093 -13.687 -13.204 -12.75 -12.237 -14.105 -13.539 -12.948 -12.537 -12.161 -14.375 -14.041 -13.922 -14.18 -15.045 -13.042 -13.31 -12.782 -11.43 -10.851 -10.192 -13.149
0.011173 -16.94 -15.256 -14.884 -14.202 -13.727 -13.252 -14.745 -14.129 -13.723 -13.241 -12.786 -12.274 -14.141 -13.575 -12.985 -12.573 -12.198 -14.382 -14.044 -13.921 -14.173 -15.033 -13.079 -13.346 -12.819 -11.467 -10.888 -10.23 -13.185
0.011511 -16.934 -15.283 -14.918 -14.237 -13.763 -13.289 -14.779 -14.164 -13.759 -13.277 -12.823 -12.311 -14.176 -13.611 -13.021 -12.61 -12.234 -14.39 -14.049 -13.92 -14.166 -15.021 -13.115 -13.382 -12.855 -11.504 -10.926 -10.267 -13.221
0.011859 -16.929 -15.31 -14.952 -14.273 -13.799 -13.325 -14.813 -14.2 -13.795 -13.313 -12.86 -12.347 -14.211 -13.647 -13.058 -12.647 -12.271 -14.398 -14.053 -13.92 -14.16 -15.008 -13.151 -13.418 -12.892 -11.541 -10.963 -10.305 -13.257
0.012217 -16.924 -15.337 -14.986 -14.308 -13.834 -13.361 -14.847 -14.235 -13.831 -13.35 -12.896 -12.384 -14.247 -13.683 -13.094 -12.684 -12.308 -14.407 -14.059 -13.921 -14.154 -14.996 -13.188 -13.454 -12.928 -11.578 -11.0 -10.342 -13.293
0.012587 -16.92 -15.365 -15.02 -14.343 -13.87 -13.397 -14.88 -14.27 -13.866 -13.386 -12.933 -12.421 -14.282 -13.719 -13.13 -12.72 -12.345 -14.417 -14.064 -13.922 -14.149 -14.984 -13.224 -13.49 -12.965 -11.616 -11.038 -10.38 -13.329
0.012968 -16.915 -15.392 -15.054 -14.378 -13.906 -13.433 -14.914 -14.305 -13.902 -13.422 -12.969 -12.458 -14.317 -13.754 -13.167 -12.757 -12.382 -14.427 -14.071 -13.923 -14.144 -14.973 -13.26 -13.526 -13.001 -11.653 -11.075 -10.417 -13.365
0.01336 -16.911 -15.42 -15.087 -14.413 -13.941 -13.469 -14.947 -14.34 -13.938 -13.458 -13.005 -12.495 -14.352 -13.79 -13.203 -12.793 -12.419 -14.437 -14.078 -13.925 -14.139 -14.961 -13.296 -13.562 -13.038 -11.69 -11.112 -10.455 -13.401
0.013764 -16.908 -15.448 -15.121 -14.448 -13.977 -13.505 -14.981 -14.375 -13.973 -13.494 -13.042 -12.531 -14.387 -13.826 -13.239 -12.83 -12.455 -14.449 -14.086 -13.928 -14.135 -14.95 -13.332 -13.598 -13.074 -11.727 -11.149 -10.492 -13.437
0.01418 -16.905 -15.476 -15.154 -14.482 -14.012 -13.541 -15.014 -14.41 -14.008 -13.53 -13.078 -12.568 -14.422 -13.861 -13.275 -12.866 -12.492 -14.46 -14.094 -13.931 -14.131 -14.939 -13.368 -13.634 -13.11 -11.764 -11.187 -10.529 -13.473
0.014609 -16.902 -15.504 -15.188 -14.517 -14.048 -13.577 -15.047 -14.445 -14.044 -13.566 -13.114 -12.604 -14.457 -13.897 -13.312 -12.903 -12.529 -14.473 -14.103 -13.935 -14.127 -14.928 -13.404 -13.67 -13.147 -11.801 -11.224 -10.567 -13.509
0.015051 -16.899 -15.532 -15.221 -14.552 -14.083 -13.613 -15.08 -14.48 -14.079 -13.602 -13.151 -12.641 -14.491 -13.932 -13.348 -12.939 -12.565 -14.486 -14.112 -13.94 -14.125 -14.917 -13.44 -13.705 -13.183 -11.838 -11.261 -10.604 -13.545
0.015506 -16.897 -15.56 -15.254 -14.586 -14.118 -13.649 -15.113 -14.514 -14.114 -13.637 -13.187 -12.678 -14.526 -13.968 -13.384 -12.975 -12.602 -14.499 -14.122 -13.944 -14.122 -14.907 -13.476 -13.741 -13.219 -11.875 -11.298 -10.641 -13.58
0.015975 -16.895 -15.588 -15.287 -14.621 -14.153 -13.685 -15.145 -14.549 -14.15 -13.673 -13.223 -12.714 -14.561 -14.003 -13.42 -13.012 -12.639 -14.513 -14.132 -13.95 -14.12 -14.896 -13.511 -13.777 -13.255 -11.912 -11.335 -10.679 -13.616
0.016458 -16.894 -15.616 -15.319 -14.655 -14.188 -13.72 -15.178 -14.583 -14.185 -13.709 -13.259 -12.751 -14.595 -14.038 -13.456 -13.048 -12.675 -14.528 -14.144 -13.956 -14.118 -14.886 -13.547 -13.812 -13.291 -11.949 -11.373 -10.716 -13.652
0.016956 -16.893 -15.645 -15.352 -14.689 -14.223 -13.756 -15.21 -14.618 -14.22 -13.744 -13.295 -12.787 -14.629 -14.074 -13.491 -13.084 -12.712 -14.543 -14.155 -13.963 -14.117 -14.876 -13.583 -13.848 -13.327 -11.986 -11.41 -10.753 -13.687
0.017469 -16.892 -15.673 -15.384 -14.723 -14.258 -13.791 -15.243 -14.652 -14.255 -13.78 -13.331 -12.823 -14.664 -14.109 -13.527 -13.12 -12.748 -14.558 -14.168 -13.97 -14.117 -14.867 -13.619 -13.883 -13.363 -12.023 -11.447 -10.791 -13.722
0.017997 -16.892 -15.701 -15.417 -14.758 -14.293 -13.827 -15.275 -14.686 -14.289 -13.815 -13.367 -12.86 -14.698 -14.144 -13.563 -13.157 -12.784 -14.574 -14.181 -13.978 -14.117 -14.857 -13.654 -13.918 -13.399 -12.059 -11.484 -10.828 -13.758
0.018541 -16.892 -15.729 -15.449 -14.791 -14.328 -13.862 -15.307 -14.72 -14.324 -13.851 -13.403 -12.896 -14.732 -14.179 -13.599 -13.193 -12.821 -14.591 -14.194 -13.986 -14.117 -14.848 -13.69 -13.954 -13.435 -12.096 -11.521 -10.865 -13.793
0.019102 -16.893 -15.758 -15.481 -14.825 -14.363 -13.898 -15.338 -14.754 -14.359 -13.886 -13.438 -12.932 -14.766 -14.214 -13.634 -13.229 -12.857 -14.608 -14.208 -13.996 -14.118 -14.839 -13.725 -13.989 -13.471 -12.133 -11.558 -10.902 -13.828
0.01968 -16.894 -15.786 -15.513 -14.859 -14.397 -13.933 -15.37 -14.788 -14.393 -13.921 -13.474 -12.968 -14.8 -14.248 -13.67 -13.265 -12.893 -14.626 -14.223 -14.005 -14.12 -14.831 -13.76 -14.024 -13.506 -12.17 -11.595 -10.94 -13.863
0.020275 -16.895 -15.814 -15.544 -14.893 -14.432 -13.968 -15.401 -14.822 -14.428 -13.957 -13.51 -13.005 -14.833 -14.283 -13.705 -13.301 -12.93 -14.644 -14.238 -14.015 -14.122 -14.823 -13.796 -14.059 -13.542 -12.206 -11.632 -10.977 -13.899
0.020888 -16.897 -15.842 -15.576 -14.926 -14.466 -14.003 -15.433 -14.856 -14.462 -13.992 -13.546 -13.041 -14.867 -14.318 -13.741 -13.336 -12.966 -14.662 -14.253 -14.026 -14.124 -14.815 -13.831 -14.094 -13.577 -12.243 -11.669 -11.014 -13.934
0.02152 -16.899 -15.87 -15.607 -14.959 -14.5 -14.038 -15.464 -14.889 -14.497 -14.027 -13.581 -13.077 -14.901 -14.352 -13.776 -13.372 -13.002 -14.681 -14.269 -14.038 -14.128 -14.807 -13.866 -14.129 -13.613 -12.28 -11.706 -11.051 -13.969
0.022171 -16.901 -15.898 -15.638 -14.993 -14.535 -14.073 -15.495 -14.923 -14.531 -14.062 -13.617 -13.113 -14.934 -14.387 -13.812 -13.408 -13.038 -14.701 -14.286 -14.05 -14.131 -14.8 -13.901 -14.163 -13.649 -12.316 -11.743 -11.088 -14.003
0.022841 -16.904 -15.926 -15.669 -15.026 -14.569 -14.108 -15.525 -14.956 -14.565 -14.097 -13.652 -13.149 -14.967 -14.421 -13.847 -13.444 -13.074 -14.721 -14.303 -14.062 -14.135 -14.793 -13.936 -14.198 -13.684 -12.353 -11.779 -11.125 -14.038
0.023532 -16.907 -15.953 -15.7 -15.059 -14.603 -14.143 -15.556 -14.989 -14.599 -14.131 -13.688 -13.185 -15.0 -14.455 -13.882 -13.479 -13.11 -14.741 -14.321 -14.075 -14.14 -14.786 -13.971 -14.233 -13.719 -12.389 -11.816 -11.162 -14.073
0.024244 -16.91 -15.981 -15.73 -15.092 -14.637 -14.178 -15.586 -15.022 -14.633 -14.166 -13.723 -13.221 -15.033 -14.49 -13.917 -13.515 -13.146 -14.761 -14.339 -14.089 -14.146 -14.78 -14.006 -14.267 -13.755 -12.426 -11.853 -11.2 -14.107
0.024977 -16.913 -16.008 -15.761 -15.124 -14.67 -14.212 -15.616 -15.055 -14.667 -14.201 -13.758 -13.256 -15.066 -14.524 -13.952 -13.551 -13.182 -14.782 -14.358 -14.103 -14.152 -14.774 -14.04 -14.302 -13.79 -12.462 -11.89 -11.237 -14.142
0.025733 -16.917 -16.036 -15.791 -15.157 -14.704 -14.247 -15.646 -15.088 -14.7 -14.235 -13.793 -13.292 -15.099 -14.558 -13.987 -13.586 -13.218 -14.804 -14.377 -14.118 -14.158 -14.768 -14.075 -14.336 -13.825 -12.499 -11.927 -11.274 -14.176
0.026511 -16.922 -16.063 -15.821 -15.189 -14.738 -14.281 -15.676 -15.12 -14.734 -14.27 -13.828 -13.328 -15.132 -14.592 -14.022 -13.621 -13.254 -14.826 -14.396 -14.133 -14.165 -14.763 -14.11 -14.37 -13.86 -12.535 -11.963 -11.311 -14.211
0.027313 -16.926 -16.09 -15.85 -15.222 -14.771 -14.316 -15.705 -15.153 -14.767 -14.304 -13.863 -13.363 -15.164 -14.625 -14.057 -13.657 -13.289 -14.848 -14.416 -14.149 -14.173 -14.759 -14.144 -14.404 -13.895 -12.571 -12.0 -11.347 -14.245
0.028139 -16.931 -16.117 -15.88 -15.254 -14.804 -14.35 -15.735 -15.185 -14.801 -14.339 -13.898 -13.399 -15.196 -14.659 -14.091 -13.692 -13.325 -14.87 -14.437 -14.165 -14.181 -14.754 -14.179 -14.438 -13.93 -12.608 -12.036 -11.384 -14.279
0.02899 -16.936 -16.143 -15.909 -15.286 -14.838 -14.384 -15.764 -15.217 -14.834 -14.373 -13.933 -13.435 -15.229 -14.692 -14.126 -13.727 -13.361 -14.893 -14.458 -14.182 -14.19 -14.75 -14.213 -14.472 -13.965 -12.644 -12.073 -11.421 -14.313
0.029867 -16.942 -16.17 -15.938 -15.318 -14.871 -14.418 -15.792 -15.249 -14.867 -14.407 -13.968 -13.47 -15.261 -14.726 -14.16 -13.762 -13.396 -14.916 -14.479 -14.2 -14.199 -14.747 -14.247 -14.506 -13.999 -12.68 -12.11 -11.458 -14.347
0.03077 -16.947 -16.196 -15.967 -15.349 -14.904 -14.452 -15.821 -15.281 -14.9 -14.441 -14.003 -13.505 -15.292 -14.759 -14.195 -13.797 -13.432 -14.939 -14.5 -14.217 -14.209 -14.744 -14.281 -14.54 -14.034 -12.716 -12.146 -11.495 -14.381
0.031701 -16.953 -16.222 -15.995 -15.381 -14.937 -14.486 -15.849 -15.313 -14.933 -14.475 -14.037 -13.541 -15.324 -14.792 -14.229 -13.832 -13.467 -14.962 -14.522 -14.236 -14.22 -14.741 -14.315 -14.573 -14.069 -12.752 -12.183 -11.532 -14.414
0.032659 -16.959 -16.248 -16.024 -15.412 -14.969 -14.52 -15.877 -15.344 -14.965 -14.508 -14.072 -13.576 -15.356 -14.825 -14.263 -13.867 -13.502 -14.986 -14.544 -14.255 -14.231 -14.739 -14.349 -14.607 -14.103 -12.788 -12.219 -11.569 -14.448
0.033647 -16.965 -16.274 -16.052 -15.443 -15.002 -14.553 -15.905 -15.376 -14.998 -14.542 -14.106 -13.611 -15.387 -14.858 -14.298 -13.902 -13.538 -15.01 -14.567 -14.274 -14.243 -14.737 -14.383 -14.64 -14.137 -12.824 -12.255 -11.605 -14.481
0.034665 -16.972 -16.299 -16.079 -15.474 -15.034 -14.587 -15.932 -15.407 -15.03 -14.576 -14.14 -13.646 -15.418 -14.891 -14.332 -13.936 -13.573 -15.034 -14.59 -14.293 -14.255 -14.736 -14.416 -14.673 -14.172 -12.86 -12.292 -11.642 -14.515
0.035713 -16.978 -16.324 -16.107 -15.505 -15.066 -14.62 -15.959 -15.438 -15.062 -14.609 -14.175 -13.681 -15.449 -14.923 -14.365 -13.971 -13.608 -15.059 -14.613 -14.314 -14.267 -14.735 -14.45 -14.707 -14.206 -12.896 -12.328 -11.679 -14.548
0.036793 -16.985 -16.349 -16.134 -15.535 -15.098 -14.654 -15.986 -15.469 -15.095 -14.642 -14.209 -13.716 -15.48 -14.956 -14.399 -14.006 -13.643 -15.083 -14.637 -14.334 -14.281 -14.735 -14.483 -14.739 -14.24 -12.932 -12.364 -11.715 -14.581
0.037906 -16.992 -16.374 -16.161 -15.566 -15.13 -14.687 -16.012 -15.499 -15.126 -14.675 -14.243 -13.751 -15.51 -14.988 -14.433 -14.04 -13.678 -15.108 -14.661 -14.355 -14.295 -14.735 -14.517 -14.772 -14.274 -12.968 -12.401 -11.752 -14.614
0.039052 -16.999 -16.398 -16.187 -15.596 -15.162 -14.72 -16.039 -15.529 -15.158 -14.708 -14.277 -13.785 -15.541 -15.02 -14.467 -14.074 -13.713 -15.133 -14.685 -14.376 -14.309 -14.735 -14.55 -14.805 -14.308 -13.003 -12.437 -11.788 -14.647
0.040234 -17.005 -16.422 -16.213 -15.625 -15.194 -14.753 -16.064 -15.56 -15.19 -14.741 -14.31 -13.82 -15.571 -15.052 -14.5 -14.109 -13.747 -15.158 -14.709 -14.398 -14.324 -14.736 -14.583 -14.838 -14.341 -13.039 -12.473 -11.825 -14.679
0.04145 -17.013 -16.446 -16.239 -15.655 -15.225 -14.785 -16.09 -15.59 -15.221 -14.774 -14.344 -13.855 -15.601 -15.084 -14.533 -14.143 -13.782 -15.183 -14.733 -14.42 -14.339 -14.738 -14.616 -14.87 -14.375 -13.075 -12.509 -11.861 -14.712
0.042704 -17.02 -16.469 -16.264 -15.685 -15.256 -14.818 -16.115 -15.619 -15.252 -14.807 -14.378 -13.889 -15.63 -15.116 -14.567 -14.177 -13.817 -15.208 -14.758 -14.442 -14.355 -14.74 -14.648 -14.902 -14.408 -13.11 -12.545 -11.898 -14.744
0.043996 -17.027 -16.492 -16.29 -15.714 -15.287 -14.85 -16.14 -15.649 -15.283 -14.839 -14.411 -13.924 -15.66 -15.147 -14.6 -14.211 -13.851 -15.234 -14.783 -14.465 -14.371 -14.743 -14.681 -14.934 -14.442 -13.145 -12.581 -11.934 -14.776
0.045326 -17.034 -16.514 -16.314 -15.743 -15.318 -14.883 -16.164 -15.678 -15.314 -14.871 -14.444 -13.958 -15.689 -15.179 -14.633 -14.244 -13.886 -15.259 -14.808 -14.488 -14.388 -14.746 -14.713 -14.966 -14.475 -13.181 -12.617 -11.971 -14.808
0.046697 -17.041 -16.537 -16.339 -15.771 -15.349 -14.915 -16.188 -15.707 -15.345 -14.903 -14.478 -13.992 -15.718 -15.21 -14.665 -14.278 -13.92 -15.285 -14.834 -14.511 -14.405 -14.75 -14.746 -14.998 -14.508 -13.216 -12.653 -12.007 -14.84
0.048109 -17.048 -16.558 -16.363 -15.8 -15.379 -14.947 -16.212 -15.736 -15.375 -14.935 -14.511 -14.026 -15.747 -15.241 -14.698 -14.312 -13.954 -15.31 -14.859 -14.535 -14.423 -14.754 -14.778 -15.029 -14.541 -13.251 -12.688 -12.043 -14.872
0.049564 -17.055 -16.58 -16.386 -15.828 -15.409 -14.979 -16.235 -15.764 -15.405 -14.967 -14.544 -14.06 -15.775 -15.271 -14.73 -14.345 -13.988 -15.336 -14.885 -14.558 -14.441 -14.759 -14.81 -15.061 -14.574 -13.286 -12.724 -12.079 -14.904
0.051063 -17.061 -16.601 -16.409 -15.856 -15.439 -15.01 -16.258 -15.792 -15.435 -14.999 -14.576 -14.094 -15.803 -15.302 -14.763 -14.378 -14.022 -15.361 -14.91 -14.582 -14.46 -14.764 -14.842 -15.092 -14.607 -13.322 -12.76 -12.116 -14.935
0.052608 -17.068 -16.621 -16.432 -15.883 -15.469 -15.042 -16.28 -15.82 -15.465 -15.03 -14.609 -14.128 -15.831 -15.332 -14.795 -14.412 -14.056 -15.387 -14.936 -14.607 -14.479 -14.77 -14.873 -15.123 -14.639 -13.357 -12.795 -12.152 -14.966
0.054199 -17.074 -16.641 -16.454 -15.911 -15.498 -15.073 -16.302 -15.848 -15.495 -15.062 -14.642 -14.161 -15.859 -15.362 -14.827 -14.445 -14.09 -15.413 -14.962 -14.631 -14.498 -14.776 -14.905 -15.154 -14.672 -13.391 -12.831 -12.188 -14.997
