web/models/kne.last_good/kappa_0.5_3.0.v2/29/villar_0.0098_0.2180_3.0000.dat
# %ECSV 1.0
# ---
# datatype:
# - {name: time, datatype: float64}
# - {name: swift_uvot_uvw2, datatype: float64}
# - {name: swift_uvot_uvm2, datatype: float64}
# - {name: swift_uvot_uvw1, datatype: float64}
# - {name: swift_uvot_U, datatype: float64}
# - {name: swift_uvot_B, datatype: float64}
# - {name: swift_uvot_V, datatype: float64}
# - {name: swift_uvot_W, datatype: float64}
# - {name: johnson_U, datatype: float64}
# - {name: johnson_B, datatype: float64}
# - {name: johnson_V, datatype: float64}
# - {name: johnson_R, datatype: float64}
# - {name: johnson_I, datatype: float64}
# - {name: sdss_u, datatype: float64}
# - {name: sdss_g, datatype: float64}
# - {name: sdss_r, datatype: float64}
# - {name: sdss_i, datatype: float64}
# - {name: sdss_z, datatype: float64}
# - {name: PS1_g, datatype: float64}
# - {name: PS1_r, datatype: float64}
# - {name: PS1_i, datatype: float64}
# - {name: PS1_z, datatype: float64}
# - {name: PS1_Y, datatype: float64}
# - {name: PS1_w, datatype: float64}
# - {name: ATLAS_c, datatype: float64}
# - {name: ATLAS_o, datatype: float64}
# - {name: ukirt_J, datatype: float64}
# - {name: ukirt_H, datatype: float64}
# - {name: ukirt_K, datatype: float64}
# - {name: Clear, datatype: float64}
# meta: !!omap
# - comment: [kappa = 3.0, type = villar, mass = 0.009763877790252312, velocity = 0.21800000000000003, theta_obs = 0.0, tfloor = 2500.0]
# schema: astropy-2.0
time swift_uvot_uvw2 swift_uvot_uvm2 swift_uvot_uvw1 swift_uvot_U swift_uvot_B swift_uvot_V swift_uvot_W johnson_U johnson_B johnson_V johnson_R johnson_I sdss_u sdss_g sdss_r sdss_i sdss_z PS1_g PS1_r PS1_i PS1_z PS1_Y PS1_w ATLAS_c ATLAS_o ukirt_J ukirt_H ukirt_K Clear
[from data line 138]
0.061059 -16.128 -15.722 -15.54 -15.007 -14.6 -14.178 -15.388 -14.946 -14.596 -14.167 -13.75 -13.272 -14.956 -14.465 -13.934 -13.554 -13.201 -14.507 -14.057 -13.724 -13.58 -13.832 -14.011 -14.258 -13.78 -12.505 -11.945 -11.303 -14.102
0.062906 -16.134 -15.741 -15.561 -15.034 -14.629 -14.209 -15.408 -14.972 -14.625 -14.198 -13.782 -13.305 -14.983 -14.495 -13.966 -13.587 -13.235 -14.533 -14.084 -13.749 -13.601 -13.84 -14.042 -14.289 -13.812 -12.54 -11.981 -11.34 -14.133
0.064808 -16.14 -15.759 -15.582 -15.06 -14.658 -14.24 -15.429 -14.999 -14.654 -14.229 -13.814 -13.339 -15.01 -14.524 -13.997 -13.619 -13.268 -14.558 -14.11 -13.774 -13.622 -13.849 -14.073 -14.319 -13.844 -12.574 -12.016 -11.376 -14.163
0.066769 -16.146 -15.777 -15.602 -15.086 -14.686 -14.27 -15.449 -15.025 -14.682 -14.259 -13.846 -13.372 -15.036 -14.553 -14.029 -13.652 -13.302 -14.584 -14.137 -13.8 -13.643 -13.858 -14.104 -14.349 -13.875 -12.609 -12.052 -11.411 -14.193
0.068788 -16.151 -15.794 -15.622 -15.111 -14.714 -14.3 -15.468 -15.051 -14.711 -14.289 -13.877 -13.405 -15.062 -14.582 -14.06 -13.684 -13.335 -14.61 -14.163 -13.826 -13.665 -13.868 -14.134 -14.379 -13.907 -12.643 -12.087 -11.447 -14.223
0.070868 -16.156 -15.811 -15.641 -15.136 -14.742 -14.331 -15.487 -15.077 -14.738 -14.32 -13.909 -13.438 -15.088 -14.611 -14.091 -13.716 -13.368 -14.635 -14.19 -13.852 -13.687 -13.878 -14.164 -14.408 -13.939 -12.678 -12.122 -11.483 -14.253
0.073012 -16.16 -15.827 -15.659 -15.161 -14.77 -14.36 -15.505 -15.102 -14.766 -14.349 -13.94 -13.47 -15.113 -14.639 -14.122 -13.748 -13.401 -14.661 -14.216 -13.877 -13.709 -13.889 -14.195 -14.438 -13.97 -12.712 -12.157 -11.519 -14.282
0.07522 -16.164 -15.842 -15.677 -15.186 -14.797 -14.39 -15.523 -15.127 -14.793 -14.379 -13.971 -13.503 -15.138 -14.667 -14.152 -13.78 -13.434 -14.686 -14.243 -13.904 -13.732 -13.9 -14.224 -14.467 -14.001 -12.747 -12.192 -11.555 -14.312
0.077495 -16.167 -15.857 -15.694 -15.21 -14.824 -14.419 -15.54 -15.152 -14.82 -14.408 -14.002 -13.535 -15.162 -14.695 -14.183 -13.812 -13.466 -14.711 -14.269 -13.93 -13.754 -13.912 -14.254 -14.495 -14.032 -12.781 -12.227 -11.59 -14.341
0.079839 -16.17 -15.871 -15.711 -15.233 -14.851 -14.448 -15.556 -15.176 -14.847 -14.437 -14.033 -13.568 -15.186 -14.722 -14.213 -13.844 -13.499 -14.736 -14.296 -13.956 -13.777 -13.924 -14.284 -14.524 -14.062 -12.815 -12.262 -11.626 -14.37
0.082253 -16.173 -15.884 -15.727 -15.256 -14.877 -14.477 -15.572 -15.2 -14.874 -14.466 -14.064 -13.6 -15.21 -14.75 -14.243 -13.875 -13.531 -14.761 -14.322 -13.982 -13.8 -13.937 -14.313 -14.552 -14.093 -12.849 -12.297 -11.662 -14.398
0.084741 -16.175 -15.897 -15.743 -15.279 -14.903 -14.506 -15.587 -15.223 -14.9 -14.495 -14.094 -13.632 -15.233 -14.776 -14.273 -13.906 -13.564 -14.785 -14.348 -14.008 -13.824 -13.95 -14.342 -14.58 -14.123 -12.883 -12.332 -11.697 -14.426
0.087304 -16.176 -15.909 -15.757 -15.301 -14.929 -14.534 -15.602 -15.246 -14.925 -14.523 -14.124 -13.664 -15.256 -14.803 -14.302 -13.937 -13.596 -14.81 -14.374 -14.035 -13.847 -13.963 -14.37 -14.608 -14.153 -12.916 -12.366 -11.732 -14.454
0.089944 -16.177 -15.92 -15.772 -15.323 -14.955 -14.562 -15.616 -15.268 -14.951 -14.551 -14.154 -13.696 -15.278 -14.829 -14.331 -13.968 -13.628 -14.834 -14.4 -14.061 -13.871 -13.977 -14.399 -14.635 -14.183 -12.95 -12.401 -11.768 -14.482
0.092665 -16.177 -15.93 -15.785 -15.345 -14.98 -14.59 -15.629 -15.29 -14.976 -14.579 -14.184 -13.727 -15.3 -14.855 -14.36 -13.999 -13.659 -14.858 -14.426 -14.087 -13.895 -13.992 -14.427 -14.662 -14.213 -12.983 -12.435 -11.803 -14.509
0.095467 -16.176 -15.94 -15.798 -15.366 -15.004 -14.618 -15.642 -15.312 -15.0 -14.607 -14.214 -13.758 -15.322 -14.881 -14.389 -14.029 -13.691 -14.882 -14.452 -14.113 -13.919 -14.006 -14.455 -14.689 -14.242 -13.017 -12.47 -11.838 -14.537
0.098355 -16.175 -15.949 -15.81 -15.386 -15.028 -14.645 -15.654 -15.333 -15.025 -14.634 -14.243 -13.789 -15.343 -14.906 -14.417 -14.059 -13.722 -14.905 -14.478 -14.14 -13.943 -14.021 -14.482 -14.716 -14.271 -13.05 -12.504 -11.873 -14.563
0.101329 -16.172 -15.956 -15.821 -15.406 -15.052 -14.672 -15.665 -15.353 -15.048 -14.661 -14.272 -13.82 -15.363 -14.931 -14.446 -14.089 -13.754 -14.928 -14.504 -14.166 -13.967 -14.037 -14.51 -14.742 -14.3 -13.083 -12.538 -11.908 -14.59
0.104394 -16.169 -15.963 -15.831 -15.425 -15.076 -14.698 -15.675 -15.373 -15.072 -14.687 -14.301 -13.851 -15.383 -14.955 -14.474 -14.119 -13.785 -14.951 -14.529 -14.192 -13.991 -14.053 -14.537 -14.768 -14.329 -13.116 -12.572 -11.943 -14.616
0.107551 -16.165 -15.969 -15.84 -15.444 -15.099 -14.724 -15.685 -15.393 -15.095 -14.714 -14.329 -13.882 -15.402 -14.979 -14.501 -14.148 -13.816 -14.974 -14.554 -14.218 -14.016 -14.069 -14.563 -14.793 -14.357 -13.149 -12.606 -11.978 -14.642
0.110804 -16.16 -15.974 -15.849 -15.462 -15.121 -14.75 -15.694 -15.412 -15.117 -14.74 -14.357 -13.912 -15.421 -15.003 -14.529 -14.178 -13.846 -14.996 -14.579 -14.244 -14.04 -14.085 -14.59 -14.818 -14.385 -13.182 -12.64 -12.013 -14.667
0.114155 -16.154 -15.978 -15.857 -15.479 -15.143 -14.776 -15.701 -15.43 -15.139 -14.765 -14.385 -13.942 -15.439 -15.026 -14.556 -14.207 -13.877 -15.018 -14.604 -14.27 -14.064 -14.102 -14.616 -14.843 -14.413 -13.214 -12.674 -12.047 -14.693
0.117608 -16.147 -15.981 -15.863 -15.496 -15.165 -14.801 -15.709 -15.448 -15.161 -14.79 -14.413 -13.972 -15.457 -15.049 -14.582 -14.235 -13.907 -15.04 -14.629 -14.295 -14.089 -14.119 -14.642 -14.867 -14.44 -13.246 -12.707 -12.082 -14.717
0.121165 -16.139 -15.983 -15.869 -15.513 -15.186 -14.826 -15.715 -15.465 -15.182 -14.815 -14.44 -14.002 -15.474 -15.071 -14.609 -14.264 -13.937 -15.061 -14.653 -14.321 -14.113 -14.137 -14.667 -14.891 -14.467 -13.279 -12.741 -12.117 -14.742
0.124829 -16.13 -15.983 -15.874 -15.528 -15.207 -14.85 -15.72 -15.481 -15.203 -14.84 -14.467 -14.031 -15.491 -15.093 -14.635 -14.292 -13.967 -15.082 -14.677 -14.346 -14.138 -14.154 -14.692 -14.915 -14.494 -13.311 -12.774 -12.151 -14.766
0.128605 -16.12 -15.983 -15.878 -15.543 -15.227 -14.874 -15.725 -15.497 -15.223 -14.864 -14.494 -14.06 -15.506 -15.115 -14.661 -14.32 -13.996 -15.103 -14.701 -14.372 -14.162 -14.172 -14.716 -14.938 -14.521 -13.343 -12.807 -12.185 -14.789
0.132494 -16.109 -15.981 -15.881 -15.557 -15.246 -14.898 -15.728 -15.512 -15.242 -14.887 -14.52 -14.089 -15.521 -15.135 -14.686 -14.348 -14.025 -15.123 -14.725 -14.397 -14.187 -14.19 -14.741 -14.96 -14.547 -13.374 -12.84 -12.219 -14.813
0.136502 -16.096 -15.978 -15.883 -15.571 -15.265 -14.921 -15.73 -15.527 -15.261 -14.911 -14.546 -14.118 -15.536 -15.156 -14.711 -14.375 -14.055 -15.142 -14.748 -14.422 -14.211 -14.208 -14.764 -14.982 -14.573 -13.406 -12.873 -12.254 -14.835
0.14063 -16.082 -15.974 -15.883 -15.584 -15.284 -14.944 -15.732 -15.54 -15.28 -14.933 -14.572 -14.146 -15.549 -15.176 -14.736 -14.402 -14.083 -15.161 -14.771 -14.446 -14.235 -14.227 -14.788 -15.004 -14.599 -13.437 -12.906 -12.287 -14.858
0.144883 -16.067 -15.969 -15.883 -15.596 -15.301 -14.966 -15.732 -15.553 -15.298 -14.956 -14.597 -14.174 -15.562 -15.195 -14.76 -14.429 -14.112 -15.18 -14.793 -14.471 -14.259 -14.245 -14.811 -15.025 -14.624 -13.468 -12.939 -12.321 -14.879
0.149265 -16.05 -15.962 -15.881 -15.607 -15.319 -14.988 -15.732 -15.566 -15.315 -14.977 -14.622 -14.202 -15.574 -15.214 -14.784 -14.455 -14.14 -15.198 -14.816 -14.495 -14.283 -14.264 -14.833 -15.046 -14.648 -13.499 -12.971 -12.355 -14.901
0.15378 -16.031 -15.953 -15.878 -15.617 -15.335 -15.009 -15.73 -15.577 -15.332 -14.999 -14.647 -14.23 -15.585 -15.232 -14.807 -14.481 -14.168 -15.216 -14.838 -14.519 -14.307 -14.283 -14.855 -15.066 -14.673 -13.53 -13.003 -12.389 -14.922
0.15843 -16.012 -15.943 -15.874 -15.627 -15.351 -15.03 -15.727 -15.587 -15.347 -15.02 -14.671 -14.257 -15.596 -15.25 -14.83 -14.507 -14.196 -15.233 -14.859 -14.543 -14.331 -14.302 -14.877 -15.086 -14.697 -13.561 -13.036 -12.422 -14.942
0.163222 -15.99 -15.932 -15.868 -15.635 -15.366 -15.05 -15.724 -15.597 -15.363 -15.04 -14.695 -14.284 -15.605 -15.266 -14.852 -14.532 -14.223 -15.25 -14.881 -14.567 -14.355 -14.321 -14.898 -15.105 -14.72 -13.591 -13.068 -12.456 -14.962
0.168159 -15.967 -15.919 -15.861 -15.643 -15.381 -15.07 -15.719 -15.606 -15.377 -15.06 -14.718 -14.31 -15.614 -15.283 -14.874 -14.557 -14.25 -15.266 -14.901 -14.59 -14.378 -14.34 -14.919 -15.124 -14.744 -13.621 -13.099 -12.489 -14.981
0.173245 -15.942 -15.905 -15.853 -15.649 -15.395 -15.089 -15.712 -15.614 -15.391 -15.079 -14.741 -14.337 -15.622 -15.298 -14.896 -14.582 -14.277 -15.282 -14.922 -14.613 -14.401 -14.359 -14.939 -15.142 -14.766 -13.651 -13.131 -12.522 -15.0
0.178484 -15.916 -15.888 -15.843 -15.655 -15.408 -15.107 -15.705 -15.621 -15.404 -15.098 -14.764 -14.363 -15.629 -15.313 -14.917 -14.606 -14.303 -15.296 -14.942 -14.635 -14.424 -14.378 -14.958 -15.159 -14.789 -13.681 -13.163 -12.555 -15.018
0.183882 -15.887 -15.87 -15.832 -15.66 -15.42 -15.125 -15.696 -15.627 -15.416 -15.116 -14.786 -14.388 -15.634 -15.327 -14.937 -14.63 -14.33 -15.311 -14.961 -14.658 -14.447 -14.398 -14.977 -15.176 -14.81 -13.71 -13.194 -12.588 -15.036
0.189444 -15.857 -15.851 -15.819 -15.663 -15.432 -15.143 -15.686 -15.632 -15.428 -15.133 -14.807 -14.413 -15.639 -15.341 -14.957 -14.653 -14.355 -15.324 -14.98 -14.68 -14.47 -14.417 -14.996 -15.192 -14.832 -13.74 -13.225 -12.621 -15.053
0.195173 -15.825 -15.829 -15.805 -15.666 -15.442 -15.16 -15.675 -15.636 -15.439 -15.15 -14.828 -14.438 -15.643 -15.354 -14.977 -14.676 -14.381 -15.337 -14.999 -14.701 -14.492 -14.436 -15.014 -15.207 -14.852 -13.769 -13.256 -12.653 -15.069
0.201076 -15.791 -15.805 -15.789 -15.667 -15.452 -15.176 -15.663 -15.638 -15.448 -15.166 -14.849 -14.463 -15.645 -15.366 -14.996 -14.698 -14.406 -15.349 -15.017 -14.722 -14.514 -14.455 -15.031 -15.222 -14.873 -13.797 -13.287 -12.686 -15.085
0.207158 -15.754 -15.78 -15.771 -15.667 -15.461 -15.191 -15.649 -15.64 -15.457 -15.182 -14.869 -14.487 -15.647 -15.377 -15.014 -14.72 -14.43 -15.36 -15.034 -14.743 -14.536 -14.474 -15.047 -15.236 -14.892 -13.826 -13.317 -12.718 -15.1
0.213423 -15.716 -15.752 -15.752 -15.666 -15.469 -15.206 -15.633 -15.64 -15.465 -15.197 -14.888 -14.51 -15.647 -15.387 -15.032 -14.742 -14.454 -15.371 -15.051 -14.763 -14.558 -14.493 -15.063 -15.249 -14.911 -13.854 -13.348 -12.75 -15.115
0.219878 -15.675 -15.722 -15.73 -15.664 -15.476 -15.22 -15.617 -15.64 -15.472 -15.211 -14.907 -14.533 -15.646 -15.396 -15.049 -14.763 -14.478 -15.38 -15.067 -14.783 -14.579 -14.512 -15.079 -15.262 -14.93 -13.882 -13.378 -12.782 -15.128
0.226528 -15.632 -15.69 -15.707 -15.66 -15.482 -15.233 -15.599 -15.638 -15.478 -15.224 -14.926 -14.556 -15.644 -15.405 -15.065 -14.783 -14.502 -15.389 -15.083 -14.803 -14.6 -14.53 -15.093 -15.273 -14.948 -13.909 -13.408 -12.814 -15.141
0.233379 -15.586 -15.656 -15.682 -15.655 -15.487 -15.245 -15.579 -15.634 -15.483 -15.237 -14.943 -14.578 -15.64 -15.412 -15.081 -14.803 -14.525 -15.397 -15.098 -14.822 -14.62 -14.549 -15.107 -15.284 -14.965 -13.937 -13.437 -12.845 -15.154
0.240437 -15.538 -15.619 -15.655 -15.648 -15.49 -15.257 -15.558 -15.63 -15.487 -15.248 -14.96 -14.6 -15.635 -15.419 -15.096 -14.822 -14.547 -15.404 -15.112 -14.84 -14.64 -14.567 -15.12 -15.294 -14.982 -13.964 -13.467 -12.877 -15.165
0.247709 -15.487 -15.58 -15.626 -15.64 -15.493 -15.268 -15.536 -15.623 -15.49 -15.259 -14.977 -14.622 -15.629 -15.424 -15.11 -14.841 -14.569 -15.41 -15.126 -14.858 -14.66 -14.585 -15.133 -15.303 -14.998 -13.99 -13.496 -12.908 -15.176
0.255201 -15.434 -15.538 -15.595 -15.631 -15.495 -15.278 -15.512 -15.616 -15.491 -15.269 -14.993 -14.642 -15.621 -15.429 -15.124 -14.859 -14.591 -15.416 -15.139 -14.875 -14.679 -14.603 -15.144 -15.311 -15.014 -14.017 -13.525 -12.939 -15.185
0.262919 -15.378 -15.494 -15.561 -15.62 -15.495 -15.287 -15.486 -15.607 -15.492 -15.278 -15.008 -14.663 -15.612 -15.432 -15.137 -14.877 -14.612 -15.42 -15.151 -14.892 -14.698 -14.621 -15.155 -15.318 -15.028 -14.043 -13.553 -12.97 -15.194
0.270871 -15.319 -15.447 -15.526 -15.607 -15.494 -15.295 -15.459 -15.596 -15.491 -15.287 -15.022 -14.682 -15.601 -15.434 -15.149 -14.894 -14.632 -15.423 -15.162 -14.908 -14.717 -14.638 -15.165 -15.325 -15.042 -14.068 -13.582 -13.0 -15.202
0.279064 -15.257 -15.397 -15.488 -15.593 -15.492 -15.302 -15.43 -15.584 -15.489 -15.294 -15.036 -14.701 -15.588 -15.435 -15.16 -14.91 -14.652 -15.425 -15.173 -14.924 -14.735 -14.655 -15.174 -15.33 -15.055 -14.093 -13.61 -13.031 -15.21
0.287504 -15.193 -15.344 -15.447 -15.577 -15.489 -15.308 -15.399 -15.57 -15.486 -15.3 -15.048 -14.72 -15.574 -15.435 -15.17 -14.926 -14.671 -15.425 -15.183 -14.939 -14.752 -14.672 -15.182 -15.334 -15.068 -14.118 -13.637 -13.061 -15.216
0.296199 -15.125 -15.288 -15.404 -15.559 -15.484 -15.313 -15.367 -15.554 -15.481 -15.305 -15.06 -14.738 -15.558 -15.434 -15.179 -14.941 -14.69 -15.425 -15.191 -14.953 -14.769 -14.688 -15.189 -15.337 -15.079 -14.143 -13.665 -13.091 -15.221
0.305157 -15.054 -15.229 -15.359 -15.539 -15.478 -15.317 -15.333 -15.537 -15.475 -15.309 -15.072 -14.755 -15.54 -15.431 -15.188 -14.955 -14.709 -15.423 -15.2 -14.967 -14.785 -14.704 -15.195 -15.339 -15.09 -14.167 -13.692 -13.121 -15.225
0.314387 -14.98 -15.168 -15.311 -15.517 -15.47 -15.32 -15.298 -15.518 -15.467 -15.312 -15.082 -14.772 -15.52 -15.427 -15.195 -14.968 -14.726 -15.421 -15.207 -14.98 -14.801 -14.72 -15.201 -15.34 -15.1 -14.19 -13.719 -13.15 -15.228
0.323895 -14.903 -15.102 -15.26 -15.493 -15.461 -15.322 -15.26 -15.496 -15.458 -15.314 -15.091 -14.788 -15.498 -15.422 -15.202 -14.981 -14.743 -15.416 -15.213 -14.992 -14.816 -14.735 -15.205 -15.339 -15.109 -14.214 -13.746 -13.18 -15.23
0.333691 -14.822 -15.034 -15.207 -15.467 -15.45 -15.322 -15.221 -15.473 -15.447 -15.315 -15.1 -14.803 -15.475 -15.415 -15.207 -14.993 -14.759 -15.411 -15.218 -15.003 -14.831 -14.75 -15.208 -15.337 -15.117 -14.236 -13.772 -13.209 -15.231
0.343783 -14.737 -14.962 -15.15 -15.439 -15.438 -15.321 -15.181 -15.448 -15.435 -15.314 -15.107 -14.818 -15.449 -15.406 -15.212 -15.004 -14.775 -15.404 -15.222 -15.014 -14.845 -14.764 -15.21 -15.334 -15.124 -14.259 -13.798 -13.238 -15.231
0.354181 -14.649 -14.886 -15.091 -15.409 -15.423 -15.319 -15.138 -15.42 -15.421 -15.312 -15.114 -14.832 -15.421 -15.396 -15.215 -15.014 -14.79 -15.395 -15.225 -15.023 -14.858 -14.778 -15.211 -15.33 -15.13 -14.28 -13.823 -13.266 -15.23
0.364893 -14.558 -14.806 -15.029 -15.376 -15.407 -15.316 -15.093 -15.39 -15.405 -15.309 -15.12 -14.845 -15.391 -15.385 -15.217 -15.023 -14.804 -15.385 -15.227 -15.032 -14.87 -14.791 -15.211 -15.324 -15.135 -14.302 -13.848 -13.294 -15.228
0.375929 -14.462 -14.723 -14.963 -15.341 -15.39 -15.311 -15.047 -15.358 -15.387 -15.305 -15.124 -14.857 -15.358 -15.372 -15.218 -15.031 -14.818 -15.374 -15.227 -15.04 -14.882 -14.804 -15.209 -15.317 -15.139 -14.322 -13.873 -13.322 -15.224
0.387298 -14.363 -14.636 -14.895 -15.304 -15.37 -15.305 -14.999 -15.324 -15.368 -15.299 -15.127 -14.869 -15.323 -15.357 -15.218 -15.038 -14.83 -15.36 -15.227 -15.047 -14.893 -14.816 -15.207 -15.308 -15.142 -14.343 -13.897 -13.35 -15.219
0.399012 -14.26 -14.544 -14.822 -15.263 -15.348 -15.297 -14.949 -15.287 -15.346 -15.291 -15.13 -14.88 -15.285 -15.34 -15.216 -15.044 -14.842 -15.346 -15.225 -15.053 -14.903 -14.827 -15.203 -15.298 -15.143 -14.362 -13.921 -13.377 -15.212
0.41108 -14.153 -14.449 -14.747 -15.221 -15.325 -15.288 -14.897 -15.248 -15.323 -15.282 -15.131 -14.889 -15.245 -15.321 -15.214 -15.05 -14.853 -15.329 -15.222 -15.058 -14.913 -14.838 -15.197 -15.286 -15.144 -14.382 -13.945 -13.405 -15.205
0.423513 -14.041 -14.349 -14.668 -15.175 -15.299 -15.277 -14.843 -15.206 -15.297 -15.271 -15.131 -14.898 -15.202 -15.301 -15.209 -15.054 -14.863 -15.31 -15.218 -15.062 -14.921 -14.848 -15.19 -15.273 -15.143 -14.4 -13.968 -13.431 -15.196
