web/models/kne.last_good/kappa_0.5_3.0.v2/29/villar_0.0953_0.1397_3.0000.dat
# %ECSV 1.0
# ---
# datatype:
# - {name: time, datatype: float64}
# - {name: swift_uvot_uvw2, datatype: float64}
# - {name: swift_uvot_uvm2, datatype: float64}
# - {name: swift_uvot_uvw1, datatype: float64}
# - {name: swift_uvot_U, datatype: float64}
# - {name: swift_uvot_B, datatype: float64}
# - {name: swift_uvot_V, datatype: float64}
# - {name: swift_uvot_W, datatype: float64}
# - {name: johnson_U, datatype: float64}
# - {name: johnson_B, datatype: float64}
# - {name: johnson_V, datatype: float64}
# - {name: johnson_R, datatype: float64}
# - {name: johnson_I, datatype: float64}
# - {name: sdss_u, datatype: float64}
# - {name: sdss_g, datatype: float64}
# - {name: sdss_r, datatype: float64}
# - {name: sdss_i, datatype: float64}
# - {name: sdss_z, datatype: float64}
# - {name: PS1_g, datatype: float64}
# - {name: PS1_r, datatype: float64}
# - {name: PS1_i, datatype: float64}
# - {name: PS1_z, datatype: float64}
# - {name: PS1_Y, datatype: float64}
# - {name: PS1_w, datatype: float64}
# - {name: ATLAS_c, datatype: float64}
# - {name: ATLAS_o, datatype: float64}
# - {name: ukirt_J, datatype: float64}
# - {name: ukirt_H, datatype: float64}
# - {name: ukirt_K, datatype: float64}
# - {name: Clear, datatype: float64}
# meta: !!omap
# - comment: [kappa = 3.0, type = villar, mass = 0.09533330950298248, velocity = 0.13966666666666672, theta_obs = 0.0, tfloor = 2500.0]
# schema: astropy-2.0
time swift_uvot_uvw2 swift_uvot_uvm2 swift_uvot_uvw1 swift_uvot_U swift_uvot_B swift_uvot_V swift_uvot_W johnson_U johnson_B johnson_V johnson_R johnson_I sdss_u sdss_g sdss_r sdss_i sdss_z PS1_g PS1_r PS1_i PS1_z PS1_Y PS1_w ATLAS_c ATLAS_o ukirt_J ukirt_H ukirt_K Clear
[from data line 343]
27.447213 -6.288 -1.09 -2.055 -3.758 -6.545 -8.547 -6.663 -4.255 -6.676 -8.666 -10.251 -11.327 -4.032 -7.395 -9.524 -10.649 -11.42 -8.37 -9.694 -10.727 -11.343 -11.802 -9.847 -8.609 -10.161 -12.331 -12.651 -12.712 -10.307
28.277335 -6.238 -1.039 -2.005 -3.708 -6.495 -8.497 -6.612 -4.205 -6.626 -8.615 -10.2 -11.277 -3.982 -7.345 -9.474 -10.598 -11.369 -8.32 -9.643 -10.677 -11.293 -11.752 -9.797 -8.558 -10.11 -12.28 -12.601 -12.661 -10.257
29.132564 -6.187 -0.989 -1.955 -3.657 -6.444 -8.446 -6.562 -4.154 -6.575 -8.565 -10.15 -11.227 -3.932 -7.295 -9.423 -10.548 -11.319 -8.269 -9.593 -10.627 -11.242 -11.701 -9.746 -8.508 -10.06 -12.23 -12.55 -12.611 -10.206
30.013659 -6.137 -0.938 -1.904 -3.607 -6.394 -8.396 -6.511 -4.104 -6.525 -8.514 -10.099 -11.176 -3.881 -7.244 -9.373 -10.497 -11.268 -8.219 -9.542 -10.576 -11.192 -11.651 -9.696 -8.457 -10.01 -12.18 -12.5 -12.56 -10.156
30.921401 -6.086 -0.888 -1.854 -3.556 -6.343 -8.345 -6.461 -4.053 -6.474 -8.464 -10.049 -11.125 -3.83 -7.194 -9.322 -10.447 -11.218 -8.168 -9.492 -10.526 -11.141 -11.6 -9.645 -8.407 -9.959 -12.129 -12.449 -12.51 -10.105
31.856598 -6.035 -0.837 -1.803 -3.506 -6.293 -8.295 -6.41 -4.003 -6.424 -8.413 -9.998 -11.075 -3.78 -7.143 -9.272 -10.396 -11.167 -8.118 -9.441 -10.475 -11.091 -11.55 -9.595 -8.356 -9.908 -12.078 -12.399 -12.459 -10.055
32.820079 -5.985 -0.786 -1.752 -3.455 -6.242 -8.244 -6.36 -3.952 -6.373 -8.362 -9.947 -11.024 -3.729 -7.092 -9.221 -10.346 -11.116 -8.067 -9.39 -10.424 -11.04 -11.499 -9.544 -8.306 -9.858 -12.028 -12.348 -12.409 -10.004
33.8127 -5.934 -0.736 -1.701 -3.404 -6.191 -8.193 -6.309 -3.901 -6.322 -8.312 -9.897 -10.973 -3.678 -7.041 -9.17 -10.295 -11.066 -8.016 -9.34 -10.373 -10.989 -11.448 -9.493 -8.255 -9.807 -11.977 -12.297 -12.358 -9.953
34.835342 -5.883 -0.685 -1.651 -3.353 -6.14 -8.142 -6.258 -3.85 -6.271 -8.261 -9.846 -10.923 -3.628 -6.991 -9.119 -10.244 -11.015 -7.965 -9.289 -10.323 -10.938 -11.398 -9.442 -8.204 -9.756 -11.926 -12.246 -12.307 -9.902
35.888913 -5.832 -0.634 -1.6 -3.303 -6.089 -8.092 -6.207 -3.799 -6.22 -8.21 -9.795 -10.872 -3.577 -6.94 -9.068 -10.193 -10.964 -7.914 -9.238 -10.272 -10.887 -11.347 -9.392 -8.153 -9.705 -11.875 -12.195 -12.256 -9.852
36.974349 -5.781 -0.583 -1.549 -3.252 -6.038 -8.041 -6.156 -3.748 -6.169 -8.159 -9.744 -10.821 -3.526 -6.889 -9.018 -10.142 -10.913 -7.863 -9.187 -10.221 -10.836 -11.296 -9.341 -8.102 -9.654 -11.824 -12.145 -12.205 -9.801
38.092613 -5.73 -0.532 -1.498 -3.201 -5.987 -7.99 -6.105 -3.697 -6.118 -8.108 -9.693 -10.77 -3.475 -6.838 -8.966 -10.091 -10.862 -7.812 -9.136 -10.17 -10.785 -11.245 -9.29 -8.051 -9.603 -11.773 -12.093 -12.154 -9.75
39.244698 -5.679 -0.481 -1.447 -3.149 -5.936 -7.938 -6.054 -3.646 -6.067 -8.057 -9.642 -10.719 -3.424 -6.787 -8.915 -10.04 -10.811 -7.761 -9.085 -10.119 -10.734 -11.194 -9.238 -8.0 -9.552 -11.722 -12.042 -12.103 -9.698
40.431627 -5.628 -0.43 -1.395 -3.098 -5.885 -7.887 -6.003 -3.595 -6.016 -8.006 -9.591 -10.667 -3.372 -6.735 -8.864 -9.989 -10.76 -7.71 -9.034 -10.067 -10.683 -11.142 -9.187 -7.949 -9.501 -11.671 -11.991 -12.052 -9.647
41.654454 -5.577 -0.378 -1.344 -3.047 -5.834 -7.836 -5.952 -3.544 -5.965 -7.954 -9.539 -10.616 -3.321 -6.684 -8.813 -9.938 -10.708 -7.659 -8.982 -10.016 -10.632 -11.091 -9.136 -7.898 -9.45 -11.62 -11.94 -12.001 -9.596
42.914265 -5.525 -0.327 -1.293 -2.996 -5.783 -7.785 -5.9 -3.493 -5.914 -7.903 -9.488 -10.565 -3.27 -6.633 -8.762 -9.886 -10.657 -7.608 -8.931 -9.965 -10.581 -11.04 -9.085 -7.846 -9.398 -11.568 -11.889 -11.949 -9.545
44.212178 -5.474 -0.276 -1.241 -2.944 -5.731 -7.733 -5.849 -3.441 -5.862 -7.852 -9.437 -10.513 -3.218 -6.581 -8.71 -9.835 -10.606 -7.556 -8.88 -9.913 -10.529 -10.988 -9.033 -7.795 -9.347 -11.517 -11.837 -11.898 -9.493
45.549345 -5.423 -0.224 -1.19 -2.893 -5.68 -7.682 -5.797 -3.39 -5.811 -7.8 -9.385 -10.462 -3.167 -6.53 -8.659 -9.783 -10.554 -7.505 -8.828 -9.862 -10.478 -10.937 -8.982 -7.743 -9.295 -11.465 -11.786 -11.846 -9.442
46.926954 -5.371 -0.173 -1.138 -2.841 -5.628 -7.63 -5.746 -3.338 -5.759 -7.749 -9.333 -10.41 -3.115 -6.478 -8.607 -9.732 -10.503 -7.453 -8.777 -9.81 -10.426 -10.885 -8.93 -7.692 -9.244 -11.414 -11.734 -11.795 -9.39
48.346227 -5.319 -0.121 -1.087 -2.79 -5.576 -7.579 -5.694 -3.286 -5.707 -7.697 -9.282 -10.359 -3.064 -6.427 -8.555 -9.68 -10.451 -7.401 -8.725 -9.759 -10.374 -10.834 -8.879 -7.64 -9.192 -11.362 -11.682 -11.743 -9.339
49.808426 -5.268 -0.069 -1.035 -2.738 -5.525 -7.527 -5.642 -3.235 -5.656 -7.645 -9.23 -10.307 -3.012 -6.375 -8.504 -9.628 -10.399 -7.35 -8.673 -9.707 -10.323 -10.782 -8.827 -7.588 -9.14 -11.31 -11.631 -11.691 -9.287
51.314848 -5.216 -0.017 -0.983 -2.686 -5.473 -7.475 -5.591 -3.183 -5.604 -7.593 -9.178 -10.255 -2.96 -6.323 -8.452 -9.577 -10.347 -7.298 -8.621 -9.655 -10.271 -10.73 -8.775 -7.537 -9.089 -11.259 -11.579 -11.64 -9.235
52.86683 -5.164 0.034 -0.931 -2.634 -5.421 -7.423 -5.539 -3.131 -5.552 -7.542 -9.126 -10.203 -2.908 -6.271 -8.4 -9.525 -10.296 -7.246 -8.569 -9.603 -10.219 -10.678 -8.723 -7.485 -9.037 -11.207 -11.527 -11.588 -9.183
54.465752 -5.112 0.086 -0.879 -2.582 -5.369 -7.371 -5.487 -3.079 -5.5 -7.49 -9.075 -10.151 -2.856 -6.219 -8.348 -9.473 -10.244 -7.194 -8.518 -9.551 -10.167 -10.626 -8.671 -7.433 -8.985 -11.155 -11.475 -11.536 -9.131
56.113031 -5.06 0.138 -0.827 -2.53 -5.317 -7.319 -5.435 -3.027 -5.448 -7.438 -9.023 -10.099 -2.804 -6.167 -8.296 -9.421 -10.192 -7.142 -8.466 -9.499 -10.115 -10.574 -8.619 -7.381 -8.933 -11.103 -11.423 -11.484 -9.079
57.810132 -5.008 0.191 -0.775 -2.478 -5.265 -7.267 -5.383 -2.975 -5.396 -7.386 -8.97 -10.047 -2.752 -6.115 -8.244 -9.369 -10.14 -7.09 -8.413 -9.447 -10.063 -10.522 -8.567 -7.329 -8.881 -11.051 -11.371 -11.432 -9.027
59.55856 -4.956 0.243 -0.723 -2.426 -5.213 -7.215 -5.331 -2.923 -5.344 -7.333 -8.918 -9.995 -2.7 -6.063 -8.192 -9.317 -10.087 -7.038 -8.361 -9.395 -10.011 -10.47 -8.515 -7.277 -8.829 -10.999 -11.319 -11.379 -8.975
61.359868 -4.904 0.295 -0.671 -2.374 -5.161 -7.163 -5.278 -2.871 -5.292 -7.281 -8.866 -9.943 -2.648 -6.011 -8.14 -9.264 -10.035 -6.986 -8.309 -9.343 -9.959 -10.418 -8.463 -7.224 -8.776 -10.946 -11.267 -11.327 -8.923
63.215655 -4.851 0.347 -0.619 -2.321 -5.108 -7.11 -5.226 -2.818 -5.239 -7.229 -8.814 -9.891 -2.596 -5.959 -8.087 -9.212 -9.983 -6.933 -8.257 -9.291 -9.906 -10.366 -8.41 -7.172 -8.724 -10.894 -11.214 -11.275 -8.87
65.127569 -4.799 0.4 -0.566 -2.269 -5.056 -7.058 -5.174 -2.766 -5.187 -7.176 -8.761 -9.838 -2.543 -5.906 -8.035 -9.16 -9.93 -6.881 -8.204 -9.238 -9.854 -10.313 -8.358 -7.12 -8.672 -10.842 -11.162 -11.223 -8.818
67.097308 -4.746 0.452 -0.514 -2.217 -5.003 -7.006 -5.121 -2.713 -5.134 -7.124 -8.709 -9.786 -2.491 -5.854 -7.983 -9.107 -9.878 -6.828 -8.152 -9.186 -9.801 -10.261 -8.306 -7.067 -8.619 -10.789 -11.11 -11.17 -8.766
69.126621 -4.694 0.505 -0.461 -2.164 -4.951 -6.953 -5.069 -2.661 -5.082 -7.071 -8.656 -9.733 -2.438 -5.801 -7.93 -9.055 -9.825 -6.776 -8.099 -9.133 -9.749 -10.208 -8.253 -7.015 -8.567 -10.737 -11.057 -11.118 -8.713
71.217308 -4.641 0.557 -0.409 -2.111 -4.898 -6.9 -5.016 -2.608 -5.029 -7.019 -8.604 -9.681 -2.386 -5.749 -7.877 -9.002 -9.773 -6.723 -8.047 -9.081 -9.696 -10.156 -8.2 -6.962 -8.514 -10.684 -11.004 -11.065 -8.66
73.371227 -4.589 0.61 -0.356 -2.059 -4.846 -6.848 -4.963 -2.556 -4.977 -6.966 -8.551 -9.628 -2.333 -5.696 -7.825 -8.949 -9.72 -6.671 -7.994 -9.028 -9.644 -10.103 -8.148 -6.909 -8.461 -10.631 -10.952 -11.012 -8.608
75.59029 -4.536 0.663 -0.303 -2.006 -4.793 -6.795 -4.911 -2.503 -4.924 -6.913 -8.498 -9.575 -2.28 -5.643 -7.772 -8.897 -9.667 -6.618 -7.941 -8.975 -9.591 -10.05 -8.095 -6.857 -8.409 -10.579 -10.899 -10.96 -8.555
77.876467 -4.483 0.715 -0.25 -1.953 -4.74 -6.742 -4.858 -2.45 -4.871 -6.861 -8.445 -9.522 -2.227 -5.59 -7.719 -8.844 -9.615 -6.565 -7.889 -8.922 -9.538 -9.997 -8.042 -6.804 -8.356 -10.526 -10.846 -10.907 -8.502
80.231787 -4.43 0.768 -0.198 -1.9 -4.687 -6.689 -4.805 -2.397 -4.818 -6.808 -8.393 -9.469 -2.174 -5.537 -7.666 -8.791 -9.562 -6.512 -7.836 -8.87 -9.485 -9.944 -7.989 -6.751 -8.303 -10.473 -10.793 -10.854 -8.449
82.658343 -4.377 0.821 -0.145 -1.847 -4.634 -6.636 -4.752 -2.344 -4.765 -6.755 -8.34 -9.416 -2.121 -5.485 -7.613 -8.738 -9.509 -6.459 -7.783 -8.817 -9.432 -9.891 -7.936 -6.698 -8.25 -10.42 -10.74 -10.801 -8.396
85.158288 -4.324 0.874 -0.092 -1.794 -4.581 -6.583 -4.699 -2.291 -4.712 -6.702 -8.287 -9.363 -2.068 -5.431 -7.56 -8.685 -9.456 -6.406 -7.73 -8.764 -9.379 -9.838 -7.883 -6.645 -8.197 -10.367 -10.687 -10.748 -8.343
87.733843 -4.271 0.927 -0.038 -1.741 -4.528 -6.53 -4.646 -2.238 -4.659 -6.649 -8.233 -9.31 -2.015 -5.378 -7.507 -8.632 -9.403 -6.353 -7.677 -8.71 -9.326 -9.785 -7.83 -6.592 -8.144 -10.314 -10.634 -10.695 -8.29
90.387293 -4.218 0.981 0.015 -1.688 -4.475 -6.477 -4.593 -2.185 -4.606 -6.595 -8.18 -9.257 -1.962 -5.325 -7.454 -8.579 -9.349 -6.3 -7.623 -8.657 -9.273 -9.732 -7.777 -6.539 -8.091 -10.261 -10.581 -10.642 -8.237
93.120995 -4.165 1.034 0.068 -1.635 -4.422 -6.424 -4.539 -2.132 -4.553 -6.542 -8.127 -9.204 -1.909 -5.272 -7.401 -8.525 -9.296 -6.247 -7.57 -8.604 -9.22 -9.679 -7.724 -6.485 -8.037 -10.207 -10.528 -10.588 -8.184
95.937376 -4.111 1.087 0.121 -1.582 -4.368 -6.37 -4.486 -2.078 -4.499 -6.489 -8.074 -9.151 -1.856 -5.219 -7.347 -8.472 -9.243 -6.193 -7.517 -8.551 -9.166 -9.626 -7.67 -6.432 -7.984 -10.154 -10.474 -10.535 -8.131
98.838937 -4.058 1.141 0.175 -1.528 -4.315 -6.317 -4.433 -2.025 -4.446 -6.436 -8.02 -9.097 -1.802 -5.165 -7.294 -8.419 -9.19 -6.14 -7.463 -8.497 -9.113 -9.572 -7.617 -6.379 -7.931 -10.101 -10.421 -10.482 -8.077
101.828253 -4.004 1.194 0.228 -1.475 -4.261 -6.264 -4.379 -1.972 -4.392 -6.382 -7.967 -9.044 -1.749 -5.112 -7.241 -8.365 -9.136 -6.086 -7.41 -8.444 -9.06 -9.519 -7.564 -6.325 -7.877 -10.047 -10.368 -10.428 -8.024
104.907979 -3.951 1.248 0.282 -1.421 -4.208 -6.21 -4.326 -1.918 -4.339 -6.329 -7.913 -8.99 -1.695 -5.058 -7.187 -8.312 -9.083 -6.033 -7.356 -8.39 -9.006 -9.465 -7.51 -6.272 -7.824 -9.994 -10.314 -10.375 -7.97
108.080849 -3.897 1.301 0.335 -1.368 -4.154 -6.157 -4.272 -1.864 -4.285 -6.275 -7.86 -8.937 -1.642 -5.005 -7.133 -8.258 -9.029 -5.979 -7.303 -8.337 -8.952 -9.412 -7.456 -6.218 -7.77 -9.94 -10.26 -10.321 -7.917
111.349681 -3.844 1.355 0.389 -1.314 -4.101 -6.103 -4.218 -1.811 -4.232 -6.221 -7.806 -8.883 -1.588 -4.951 -7.08 -8.204 -8.975 -5.926 -7.249 -8.283 -8.899 -9.358 -7.403 -6.164 -7.716 -9.887 -10.207 -10.267 -7.863
114.717376 -3.79 1.409 0.443 -1.26 -4.047 -6.049 -4.165 -1.757 -4.178 -6.168 -7.752 -8.829 -1.534 -4.897 -7.026 -8.151 -8.922 -5.872 -7.195 -8.229 -8.845 -9.304 -7.349 -6.111 -7.663 -9.833 -10.153 -10.214 -7.809
118.186925 -3.736 1.462 0.496 -1.206 -3.993 -5.995 -4.111 -1.703 -4.124 -6.114 -7.699 -8.775 -1.481 -4.844 -6.972 -8.097 -8.868 -5.818 -7.142 -8.176 -8.791 -9.25 -7.295 -6.057 -7.609 -9.779 -10.099 -10.16 -7.755
121.761408 -3.682 1.516 0.55 -1.153 -3.939 -5.942 -4.057 -1.649 -4.07 -6.06 -7.645 -8.722 -1.427 -4.79 -6.918 -8.043 -8.814 -5.764 -7.088 -8.122 -8.737 -9.197 -7.241 -6.003 -7.555 -9.725 -10.045 -10.106 -7.702
125.443999 -3.628 1.57 0.604 -1.099 -3.885 -5.888 -4.003 -1.595 -4.016 -6.006 -7.591 -8.668 -1.373 -4.736 -6.865 -7.989 -8.76 -5.71 -7.034 -8.068 -8.683 -9.143 -7.188 -5.949 -7.501 -9.671 -9.991 -10.052 -7.648
129.237967 -3.574 1.624 0.658 -1.045 -3.831 -5.834 -3.949 -1.541 -3.962 -5.952 -7.537 -8.614 -1.319 -4.682 -6.811 -7.935 -8.706 -5.656 -6.98 -8.014 -8.629 -9.089 -7.134 -5.895 -7.447 -9.617 -9.938 -9.998 -7.594
133.146681 -3.52 1.678 0.712 -0.991 -3.777 -5.78 -3.895 -1.487 -3.908 -5.898 -7.483 -8.56 -1.265 -4.628 -6.756 -7.881 -8.652 -5.602 -6.926 -7.96 -8.575 -9.035 -7.079 -5.841 -7.393 -9.563 -9.883 -9.944 -7.54
137.173612 -3.466 1.732 0.766 -0.936 -3.723 -5.725 -3.841 -1.433 -3.854 -5.844 -7.429 -8.506 -1.211 -4.574 -6.702 -7.827 -8.598 -5.548 -6.872 -7.906 -8.521 -8.981 -7.025 -5.787 -7.339 -9.509 -9.829 -9.89 -7.485
141.322334 -3.412 1.786 0.821 -0.882 -3.669 -5.671 -3.787 -1.379 -3.8 -5.79 -7.375 -8.451 -1.156 -4.519 -6.648 -7.773 -8.544 -5.494 -6.818 -7.851 -8.467 -8.926 -6.971 -5.733 -7.285 -9.455 -9.775 -9.836 -7.431
145.596532 -3.358 1.841 0.875 -0.828 -3.615 -5.617 -3.733 -1.325 -3.746 -5.735 -7.32 -8.397 -1.102 -4.465 -6.594 -7.719 -8.489 -5.44 -6.763 -7.797 -8.413 -8.872 -6.917 -5.679 -7.231 -9.401 -9.721 -9.781 -7.377
150.0 -3.303 1.895 0.929 -0.774 -3.561 -5.563 -3.678 -1.271 -3.692 -5.681 -7.266 -8.343 -1.048 -4.411 -6.54 -7.664 -8.435 -5.386 -6.709 -7.743 -8.359 -8.818 -6.863 -5.624 -7.176 -9.346 -9.667 -9.727 -7.323
