web/models/kne.last_good/kappa_0.5_3.0.v2/29/villar_0.0120_0.4687_3.0000.dat
# %ECSV 1.0
# ---
# datatype:
# - {name: time, datatype: float64}
# - {name: swift_uvot_uvw2, datatype: float64}
# - {name: swift_uvot_uvm2, datatype: float64}
# - {name: swift_uvot_uvw1, datatype: float64}
# - {name: swift_uvot_U, datatype: float64}
# - {name: swift_uvot_B, datatype: float64}
# - {name: swift_uvot_V, datatype: float64}
# - {name: swift_uvot_W, datatype: float64}
# - {name: johnson_U, datatype: float64}
# - {name: johnson_B, datatype: float64}
# - {name: johnson_V, datatype: float64}
# - {name: johnson_R, datatype: float64}
# - {name: johnson_I, datatype: float64}
# - {name: sdss_u, datatype: float64}
# - {name: sdss_g, datatype: float64}
# - {name: sdss_r, datatype: float64}
# - {name: sdss_i, datatype: float64}
# - {name: sdss_z, datatype: float64}
# - {name: PS1_g, datatype: float64}
# - {name: PS1_r, datatype: float64}
# - {name: PS1_i, datatype: float64}
# - {name: PS1_z, datatype: float64}
# - {name: PS1_Y, datatype: float64}
# - {name: PS1_w, datatype: float64}
# - {name: ATLAS_c, datatype: float64}
# - {name: ATLAS_o, datatype: float64}
# - {name: ukirt_J, datatype: float64}
# - {name: ukirt_H, datatype: float64}
# - {name: ukirt_K, datatype: float64}
# - {name: Clear, datatype: float64}
# meta: !!omap
# - comment: [kappa = 3.0, type = villar, mass = 0.012011244339858356, velocity = 0.4686666666666667, theta_obs = 0.0, tfloor = 2500.0]
# schema: astropy-2.0
time swift_uvot_uvw2 swift_uvot_uvm2 swift_uvot_uvw1 swift_uvot_U swift_uvot_B swift_uvot_V swift_uvot_W johnson_U johnson_B johnson_V johnson_R johnson_I sdss_u sdss_g sdss_r sdss_i sdss_z PS1_g PS1_r PS1_i PS1_z PS1_Y PS1_w ATLAS_c ATLAS_o ukirt_J ukirt_H ukirt_K Clear
[from data line 273]
3.409434 -6.309 -1.111 -2.077 -3.78 -6.567 -8.569 -6.684 -4.277 -6.698 -8.687 -10.272 -11.349 -4.054 -7.417 -9.546 -10.67 -11.441 -8.392 -9.715 -10.749 -11.365 -11.824 -9.869 -8.63 -10.182 -12.352 -12.673 -12.733 -10.329
3.51255 -6.241 -1.042 -2.008 -3.711 -6.498 -8.5 -6.616 -4.208 -6.629 -8.618 -10.203 -11.28 -3.985 -7.348 -9.477 -10.602 -11.372 -8.323 -9.646 -10.68 -11.296 -11.755 -9.8 -8.562 -10.114 -12.284 -12.604 -12.665 -10.26
3.618785 -6.172 -0.973 -1.939 -3.642 -6.429 -8.431 -6.547 -4.139 -6.56 -8.55 -10.134 -11.211 -3.916 -7.279 -9.408 -10.533 -11.304 -8.254 -9.577 -10.611 -11.227 -11.686 -9.731 -8.493 -10.045 -12.215 -12.535 -12.596 -10.191
3.728232 -6.103 -0.904 -1.87 -3.573 -6.36 -8.362 -6.478 -4.07 -6.491 -8.48 -10.065 -11.142 -3.847 -7.21 -9.339 -10.464 -11.234 -8.185 -9.508 -10.542 -11.158 -11.617 -9.662 -8.424 -9.976 -12.146 -12.466 -12.526 -10.122
3.84099 -6.033 -0.835 -1.801 -3.504 -6.29 -8.293 -6.408 -4.0 -6.421 -8.411 -9.996 -11.073 -3.778 -7.141 -9.269 -10.394 -11.165 -8.115 -9.439 -10.473 -11.088 -11.548 -9.593 -8.354 -9.906 -12.076 -12.396 -12.457 -10.053
3.957158 -5.964 -0.765 -1.731 -3.434 -6.221 -8.223 -6.338 -3.931 -6.352 -8.341 -9.926 -11.003 -3.708 -7.071 -9.2 -10.324 -11.095 -8.046 -9.369 -10.403 -11.019 -11.478 -9.523 -8.284 -9.837 -12.007 -12.327 -12.387 -9.983
4.07684 -5.894 -0.695 -1.661 -3.364 -6.151 -8.153 -6.269 -3.861 -6.282 -8.271 -9.856 -10.933 -3.638 -7.001 -9.13 -10.255 -11.025 -7.976 -9.299 -10.333 -10.949 -11.408 -9.453 -8.215 -9.767 -11.937 -12.257 -12.318 -9.913
4.200141 -5.824 -0.625 -1.591 -3.294 -6.081 -8.083 -6.198 -3.791 -6.212 -8.201 -9.786 -10.863 -3.568 -6.931 -9.06 -10.184 -10.955 -7.906 -9.229 -10.263 -10.879 -11.338 -9.383 -8.144 -9.696 -11.866 -12.187 -12.247 -9.843
4.327172 -5.753 -0.555 -1.521 -3.224 -6.01 -8.012 -6.128 -3.72 -6.141 -8.131 -9.716 -10.793 -3.498 -6.861 -8.989 -10.114 -10.885 -7.835 -9.159 -10.193 -10.808 -11.268 -9.312 -8.074 -9.626 -11.796 -12.116 -12.177 -9.773
4.458044 -5.683 -0.484 -1.45 -3.153 -5.94 -7.942 -6.057 -3.65 -6.071 -8.06 -9.645 -10.722 -3.427 -6.79 -8.919 -10.043 -10.814 -7.765 -9.088 -10.122 -10.738 -11.197 -9.242 -8.003 -9.555 -11.726 -12.046 -12.106 -9.702
4.592874 -5.612 -0.413 -1.379 -3.082 -5.869 -7.871 -5.987 -3.579 -6.0 -7.989 -9.574 -10.651 -3.356 -6.719 -8.848 -9.973 -10.743 -7.694 -9.017 -10.051 -10.667 -11.126 -9.171 -7.933 -9.485 -11.655 -11.975 -12.036 -9.631
4.731783 -5.541 -0.342 -1.308 -3.011 -5.798 -7.8 -5.916 -3.508 -5.929 -7.918 -9.503 -10.58 -3.285 -6.648 -8.777 -9.902 -10.672 -7.623 -8.946 -9.98 -10.596 -11.055 -9.1 -7.862 -9.414 -11.584 -11.904 -11.964 -9.56
4.874892 -5.469 -0.271 -1.237 -2.94 -5.727 -7.729 -5.844 -3.437 -5.858 -7.847 -9.432 -10.509 -3.214 -6.577 -8.706 -9.83 -10.601 -7.552 -8.875 -9.909 -10.525 -10.984 -9.029 -7.79 -9.342 -11.512 -11.833 -11.893 -9.489
5.02233 -5.398 -0.199 -1.165 -2.868 -5.655 -7.657 -5.773 -3.365 -5.786 -7.776 -9.36 -10.437 -3.142 -6.505 -8.634 -9.759 -10.53 -7.48 -8.803 -9.837 -10.453 -10.912 -8.957 -7.719 -9.271 -11.441 -11.761 -11.822 -9.417
5.174227 -5.326 -0.128 -1.094 -2.796 -5.583 -7.585 -5.701 -3.293 -5.714 -7.704 -9.289 -10.366 -3.071 -6.434 -8.562 -9.687 -10.458 -7.408 -8.732 -9.766 -10.381 -10.841 -8.885 -7.647 -9.199 -11.369 -11.689 -11.75 -9.346
5.330718 -5.254 -0.056 -1.022 -2.725 -5.511 -7.514 -5.629 -3.221 -5.642 -7.632 -9.217 -10.294 -2.999 -6.362 -8.49 -9.615 -10.386 -7.336 -8.66 -9.694 -10.309 -10.769 -8.813 -7.575 -9.127 -11.297 -11.617 -11.678 -9.274
5.491942 -5.182 0.016 -0.95 -2.652 -5.439 -7.441 -5.557 -3.149 -5.57 -7.56 -9.145 -10.222 -2.927 -6.29 -8.418 -9.543 -10.314 -7.264 -8.588 -9.622 -10.237 -10.696 -8.741 -7.503 -9.055 -11.225 -11.545 -11.606 -9.201
5.658042 -5.11 0.089 -0.877 -2.58 -5.367 -7.369 -5.485 -3.077 -5.498 -7.488 -9.072 -10.149 -2.854 -6.217 -8.346 -9.471 -10.242 -7.192 -8.515 -9.549 -10.165 -10.624 -8.669 -7.431 -8.983 -11.153 -11.473 -11.534 -9.129
5.829166 -5.037 0.161 -0.805 -2.508 -5.294 -7.297 -5.412 -3.004 -5.425 -7.415 -9.0 -10.077 -2.782 -6.145 -8.273 -9.398 -10.169 -7.119 -8.443 -9.477 -10.092 -10.552 -8.596 -7.358 -8.91 -11.08 -11.4 -11.461 -9.057
6.005465 -4.965 0.234 -0.732 -2.435 -5.222 -7.224 -5.339 -2.932 -5.353 -7.342 -8.927 -10.004 -2.709 -6.072 -8.201 -9.325 -10.096 -7.047 -8.37 -9.404 -10.02 -10.479 -8.524 -7.285 -8.837 -11.007 -11.328 -11.388 -8.984
6.187096 -4.892 0.307 -0.659 -2.362 -5.149 -7.151 -5.266 -2.859 -5.28 -7.269 -8.854 -9.931 -2.636 -5.999 -8.128 -9.252 -10.023 -6.974 -8.297 -9.331 -9.947 -10.406 -8.451 -7.212 -8.764 -10.935 -11.255 -11.315 -8.911
6.37422 -4.819 0.38 -0.586 -2.289 -5.076 -7.078 -5.193 -2.786 -5.207 -7.196 -8.781 -9.858 -2.563 -5.926 -8.055 -9.179 -9.95 -6.901 -8.224 -9.258 -9.874 -10.333 -8.378 -7.139 -8.691 -10.861 -11.182 -11.242 -8.838
6.567004 -4.745 0.453 -0.513 -2.216 -5.002 -7.004 -5.12 -2.712 -5.133 -7.123 -8.708 -9.785 -2.49 -5.853 -7.981 -9.106 -9.877 -6.827 -8.151 -9.185 -9.8 -10.26 -8.304 -7.066 -8.618 -10.788 -11.108 -11.169 -8.765
6.765619 -4.672 0.527 -0.439 -2.142 -4.929 -6.931 -5.047 -2.639 -5.06 -7.049 -8.634 -9.711 -2.416 -5.779 -7.908 -9.033 -9.803 -6.754 -8.077 -9.111 -9.727 -10.186 -8.231 -6.993 -8.545 -10.715 -11.035 -11.095 -8.691
6.97024 -4.598 0.6 -0.366 -2.068 -4.855 -6.857 -4.973 -2.565 -4.986 -6.976 -8.561 -9.637 -2.342 -5.706 -7.834 -8.959 -9.73 -6.68 -8.004 -9.038 -9.653 -10.112 -8.157 -6.919 -8.471 -10.641 -10.961 -11.022 -8.617
7.181051 -4.524 0.674 -0.292 -1.995 -4.781 -6.783 -4.899 -2.491 -4.912 -6.902 -8.487 -9.564 -2.269 -5.632 -7.76 -8.885 -9.656 -6.606 -7.93 -8.964 -9.579 -10.039 -8.083 -6.845 -8.397 -10.567 -10.887 -10.948 -8.544
7.398237 -4.45 0.748 -0.218 -1.921 -4.707 -6.709 -4.825 -2.417 -4.838 -6.828 -8.413 -9.49 -2.195 -5.558 -7.686 -8.811 -9.582 -6.532 -7.856 -8.89 -9.505 -9.965 -8.009 -6.771 -8.323 -10.493 -10.813 -10.874 -8.47
7.621991 -4.376 0.822 -0.143 -1.846 -4.633 -6.635 -4.751 -2.343 -4.764 -6.754 -8.339 -9.415 -2.12 -5.483 -7.612 -8.737 -9.508 -6.458 -7.782 -8.815 -9.431 -9.89 -7.935 -6.697 -8.249 -10.419 -10.739 -10.8 -8.395
7.852513 -4.302 0.897 -0.069 -1.772 -4.559 -6.561 -4.677 -2.269 -4.69 -6.679 -8.264 -9.341 -2.046 -5.409 -7.538 -8.663 -9.433 -6.384 -7.707 -8.741 -9.357 -9.816 -7.861 -6.623 -8.175 -10.345 -10.665 -10.725 -8.321
8.090007 -4.227 0.971 0.005 -1.697 -4.484 -6.486 -4.602 -2.194 -4.615 -6.605 -8.19 -9.267 -1.972 -5.335 -7.463 -8.588 -9.359 -6.309 -7.633 -8.667 -9.282 -9.742 -7.786 -6.548 -8.1 -10.27 -10.59 -10.651 -8.246
8.334684 -4.153 1.046 0.08 -1.623 -4.41 -6.412 -4.527 -2.12 -4.541 -6.53 -8.115 -9.192 -1.897 -5.26 -7.389 -8.513 -9.284 -6.235 -7.558 -8.592 -9.208 -9.667 -7.712 -6.473 -8.025 -10.195 -10.516 -10.576 -8.172
8.586761 -4.078 1.121 0.155 -1.548 -4.335 -6.337 -4.452 -2.045 -4.466 -6.455 -8.04 -9.117 -1.822 -5.185 -7.314 -8.439 -9.209 -6.16 -7.483 -8.517 -9.133 -9.592 -7.637 -6.398 -7.951 -10.121 -10.441 -10.501 -8.097
8.846461 -4.003 1.196 0.23 -1.473 -4.26 -6.262 -4.377 -1.97 -4.391 -6.38 -7.965 -9.042 -1.747 -5.11 -7.239 -8.364 -9.134 -6.085 -7.408 -8.442 -9.058 -9.517 -7.562 -6.323 -7.876 -10.046 -10.366 -10.426 -8.022
9.114017 -3.928 1.271 0.305 -1.398 -4.185 -6.187 -4.302 -1.895 -4.316 -6.305 -7.89 -8.967 -1.672 -5.035 -7.164 -8.288 -9.059 -6.01 -7.333 -8.367 -8.983 -9.442 -7.487 -6.248 -7.8 -9.97 -10.291 -10.351 -7.947
9.389664 -3.852 1.346 0.38 -1.323 -4.109 -6.111 -4.227 -1.819 -4.24 -6.23 -7.815 -8.892 -1.597 -4.96 -7.088 -8.213 -8.984 -5.934 -7.258 -8.292 -8.907 -9.367 -7.411 -6.173 -7.725 -9.895 -10.215 -10.276 -7.872
9.673648 -3.777 1.422 0.456 -1.247 -4.034 -6.036 -4.152 -1.744 -4.165 -6.154 -7.739 -8.816 -1.521 -4.884 -7.013 -8.138 -8.908 -5.859 -7.182 -8.216 -8.832 -9.291 -7.336 -6.098 -7.65 -9.82 -10.14 -10.201 -7.796
9.966221 -3.701 1.497 0.531 -1.171 -3.958 -5.96 -4.076 -1.668 -4.089 -6.079 -7.664 -8.741 -1.446 -4.809 -6.937 -8.062 -8.833 -5.783 -7.107 -8.141 -8.756 -9.216 -7.26 -6.022 -7.574 -9.744 -10.064 -10.125 -7.72
10.267642 -3.625 1.573 0.607 -1.096 -3.883 -5.885 -4.0 -1.593 -4.014 -6.003 -7.588 -8.665 -1.37 -4.733 -6.862 -7.986 -8.757 -5.708 -7.031 -8.065 -8.681 -9.14 -7.185 -5.946 -7.498 -9.668 -9.989 -10.049 -7.645
10.57818 -3.55 1.649 0.683 -1.02 -3.807 -5.809 -3.924 -1.517 -3.938 -5.927 -7.512 -8.589 -1.294 -4.657 -6.786 -7.91 -8.681 -5.632 -6.955 -7.989 -8.605 -9.064 -7.109 -5.87 -7.422 -9.592 -9.913 -9.973 -7.569
10.89811 -3.474 1.725 0.759 -0.944 -3.731 -5.733 -3.848 -1.441 -3.862 -5.851 -7.436 -8.513 -1.218 -4.581 -6.71 -7.834 -8.605 -5.556 -6.879 -7.913 -8.529 -8.988 -7.033 -5.794 -7.346 -9.516 -9.837 -9.897 -7.493
11.227716 -3.397 1.801 0.835 -0.868 -3.655 -5.657 -3.772 -1.365 -3.786 -5.775 -7.36 -8.437 -1.142 -4.505 -6.634 -7.758 -8.529 -5.48 -6.803 -7.837 -8.453 -8.912 -6.957 -5.718 -7.27 -9.44 -9.761 -9.821 -7.417
11.56729 -3.321 1.877 0.911 -0.791 -3.578 -5.58 -3.696 -1.288 -3.709 -5.699 -7.284 -8.361 -1.066 -4.429 -6.557 -7.682 -8.453 -5.403 -6.727 -7.761 -8.376 -8.835 -6.88 -5.642 -7.194 -9.364 -9.684 -9.745 -7.34
11.917135 -3.245 1.954 0.988 -0.715 -3.502 -5.504 -3.62 -1.212 -3.633 -5.622 -7.207 -8.284 -0.989 -4.352 -6.481 -7.606 -8.376 -5.327 -6.65 -7.684 -8.3 -8.759 -6.804 -5.566 -7.118 -9.288 -9.608 -9.668 -7.264
12.277561 -3.168 2.03 1.064 -0.638 -3.425 -5.427 -3.543 -1.135 -3.556 -5.546 -7.131 -8.208 -0.913 -4.276 -6.404 -7.529 -8.3 -5.25 -6.574 -7.608 -8.223 -8.683 -6.727 -5.489 -7.041 -9.211 -9.531 -9.592 -7.187
12.648887 -3.092 2.107 1.141 -0.562 -3.349 -5.351 -3.466 -1.059 -3.48 -5.469 -7.054 -8.131 -0.836 -4.199 -6.328 -7.452 -8.223 -5.174 -6.497 -7.531 -8.147 -8.606 -6.651 -5.412 -6.964 -9.134 -9.455 -9.515 -7.111
13.031444 -3.015 2.184 1.218 -0.485 -3.272 -5.274 -3.39 -0.982 -3.403 -5.392 -6.977 -8.054 -0.759 -4.122 -6.251 -7.376 -8.146 -5.097 -6.42 -7.454 -8.07 -8.529 -6.574 -5.336 -6.888 -9.058 -9.378 -9.438 -7.034
13.425571 -2.938 2.261 1.295 -0.408 -3.195 -5.197 -3.313 -0.905 -3.326 -5.315 -6.9 -7.977 -0.682 -4.045 -6.174 -7.299 -8.069 -5.02 -6.343 -7.377 -7.993 -8.452 -6.497 -5.259 -6.811 -8.981 -9.301 -9.362 -6.957
13.831619 -2.861 2.338 1.372 -0.331 -3.118 -5.12 -3.236 -0.828 -3.249 -5.238 -6.823 -7.9 -0.605 -3.968 -6.097 -7.222 -7.992 -4.943 -6.266 -7.3 -7.916 -8.375 -6.42 -5.182 -6.734 -8.904 -9.224 -9.285 -6.88
14.249947 -2.784 2.415 1.449 -0.254 -3.041 -5.043 -3.158 -0.751 -3.172 -5.161 -6.746 -7.823 -0.528 -3.891 -6.02 -7.144 -7.915 -4.866 -6.189 -7.223 -7.839 -8.298 -6.343 -5.104 -6.656 -8.826 -9.147 -9.207 -6.803
14.680926 -2.706 2.492 1.526 -0.177 -2.963 -4.966 -3.081 -0.673 -3.094 -5.084 -6.669 -7.746 -0.451 -3.814 -5.943 -7.067 -7.838 -4.788 -6.112 -7.146 -7.761 -8.221 -6.266 -5.027 -6.579 -8.749 -9.069 -9.13 -6.726
15.124941 -2.629 2.569 1.604 -0.099 -2.886 -4.888 -3.004 -0.596 -3.017 -5.007 -6.591 -7.668 -0.373 -3.736 -5.865 -6.99 -7.761 -4.711 -6.034 -7.068 -7.684 -8.143 -6.188 -4.95 -6.502 -8.672 -8.992 -9.053 -6.648
15.582385 -2.551 2.647 1.681 -0.022 -2.809 -4.811 -2.926 -0.519 -2.94 -4.929 -6.514 -7.591 -0.296 -3.659 -5.788 -6.912 -7.683 -4.634 -5.957 -6.991 -7.607 -8.066 -6.111 -4.872 -6.424 -8.594 -8.915 -8.975 -6.571
16.053663 -2.474 2.725 1.759 0.056 -2.731 -4.733 -2.849 -0.441 -2.862 -4.852 -6.436 -7.513 -0.218 -3.581 -5.71 -6.835 -7.606 -4.556 -5.879 -6.913 -7.529 -7.988 -6.033 -4.795 -6.347 -8.517 -8.837 -8.898 -6.493
16.539195 -2.396 2.802 1.836 0.134 -2.653 -4.655 -2.771 -0.363 -2.784 -4.774 -6.359 -7.436 -0.141 -3.504 -5.632 -6.757 -7.528 -4.478 -5.802 -6.836 -7.451 -7.91 -5.955 -4.717 -6.269 -8.439 -8.759 -8.82 -6.415
17.039412 -2.318 2.88 1.914 0.211 -2.575 -4.578 -2.693 -0.285 -2.706 -4.696 -6.281 -7.358 -0.063 -3.426 -5.554 -6.679 -7.45 -4.4 -5.724 -6.758 -7.373 -7.833 -5.877 -4.639 -6.191 -8.361 -8.681 -8.742 -6.338
17.554757 -2.24 2.958 1.992 0.289 -2.497 -4.5 -2.615 -0.207 -2.628 -4.618 -6.203 -7.28 0.015 -3.348 -5.477 -6.601 -7.372 -4.322 -5.646 -6.68 -7.296 -7.755 -5.8 -4.561 -6.113 -8.283 -8.604 -8.664 -6.26
18.085689 -2.162 3.036 2.07 0.367 -2.419 -4.422 -2.537 -0.129 -2.55 -4.54 -6.125 -7.202 0.093 -3.27 -5.399 -6.523 -7.294 -4.244 -5.568 -6.602 -7.217 -7.677 -5.722 -4.483 -6.035 -8.205 -8.525 -8.586 -6.182
18.632678 -2.084 3.114 2.148 0.446 -2.341 -4.343 -2.459 -0.051 -2.472 -4.462 -6.047 -7.124 0.171 -3.192 -5.32 -6.445 -7.216 -4.166 -5.49 -6.524 -7.139 -7.599 -5.643 -4.405 -5.957 -8.127 -8.447 -8.508 -6.103
19.196211 -2.006 3.192 2.227 0.524 -2.263 -4.265 -2.381 0.027 -2.394 -4.384 -5.968 -7.045 0.25 -3.113 -5.242 -6.367 -7.138 -4.088 -5.412 -6.445 -7.061 -7.52 -5.565 -4.327 -5.879 -8.049 -8.369 -8.43 -6.025
19.776787 -1.928 3.271 2.305 0.602 -2.185 -4.187 -2.302 0.105 -2.316 -4.305 -5.89 -6.967 0.328 -3.035 -5.164 -6.288 -7.059 -4.01 -5.333 -6.367 -6.983 -7.442 -5.487 -4.248 -5.8 -7.971 -8.291 -8.351 -5.947
20.374923 -1.849 3.349 2.383 0.681 -2.106 -4.108 -2.224 0.184 -2.237 -4.227 -5.812 -6.889 0.406 -2.957 -5.085 -6.21 -6.981 -3.931 -5.255 -6.289 -6.904 -7.364 -5.408 -4.17 -5.722 -7.892 -8.212 -8.273 -5.868
20.991149 -1.771 3.428 2.462 0.759 -2.028 -4.03 -2.145 0.262 -2.159 -4.148 -5.733 -6.81 0.485 -2.878 -5.007 -6.132 -6.902 -3.853 -5.176 -6.21 -6.826 -7.285 -5.33 -4.091 -5.644 -7.814 -8.134 -8.194 -5.79
21.626011 -1.692 3.506 2.541 0.838 -1.949 -3.951 -2.067 0.341 -2.08 -4.07 -5.655 -6.731 0.564 -2.799 -4.928 -6.053 -6.824 -3.774 -5.098 -6.131 -6.747 -7.206 -5.251 -4.013 -5.565 -7.735 -8.055 -8.116 -5.711
22.280075 -1.613 3.585 2.619 0.916 -1.87 -3.873 -1.988 0.42 -2.001 -3.991 -5.576 -6.653 0.642 -2.721 -4.85 -5.974 -6.745 -3.695 -5.019 -6.053 -6.668 -7.128 -5.173 -3.934 -5.486 -7.656 -7.977 -8.037 -5.633
22.953921 -1.535 3.664 2.698 0.995 -1.792 -3.794 -1.909 0.498 -1.923 -3.912 -5.497 -6.574 0.721 -2.642 -4.771 -5.895 -6.666 -3.617 -4.94 -5.974 -6.59 -7.049 -5.094 -3.855 -5.407 -7.577 -7.898 -7.958 -5.554
23.648147 -1.456 3.743 2.777 1.074 -1.713 -3.715 -1.83 0.577 -1.844 -3.833 -5.418 -6.495 0.8 -2.563 -4.692 -5.816 -6.587 -3.538 -4.861 -5.895 -6.511 -6.97 -5.015 -3.776 -5.328 -7.499 -7.819 -7.879 -5.475
24.363369 -1.377 3.822 2.856 1.153 -1.634 -3.636 -1.751 0.656 -1.765 -3.754 -5.339 -6.416 0.879 -2.484 -4.613 -5.738 -6.508 -3.459 -4.782 -5.816 -6.432 -6.891 -4.936 -3.697 -5.25 -7.42 -7.74 -7.8 -5.396
25.100222 -1.298 3.901 2.935 1.232 -1.555 -3.557 -1.672 0.735 -1.686 -3.675 -5.26 -6.337 0.958 -2.405 -4.534 -5.658 -6.429 -3.38 -4.703 -5.737 -6.353 -6.812 -4.857 -3.618 -5.17 -7.34 -7.661 -7.721 -5.317
25.859362 -1.218 3.98 3.014 1.311 -1.476 -3.478 -1.593 0.814 -1.607 -3.596 -5.181 -6.258 1.037 -2.326 -4.455 -5.579 -6.35 -3.301 -4.624 -5.658 -6.274 -6.733 -4.778 -3.539 -5.091 -7.261 -7.582 -7.642 -5.238
26.64146 -1.139 4.059 3.093 1.391 -1.396 -3.398 -1.514 0.894 -1.527 -3.517 -5.102 -6.179 1.116 -2.247 -4.375 -5.5 -6.271 -3.221 -4.545 -5.579 -6.194 -6.654 -4.698 -3.46 -5.012 -7.182 -7.502 -7.563 -5.159
27.447213 -1.06 4.139 3.173 1.47 -1.317 -3.319 -1.435 0.973 -1.448 -3.438 -5.022 -6.099 1.196 -2.167 -4.296 -5.421 -6.192 -3.142 -4.465 -5.499 -6.115 -6.574 -4.619 -3.381 -4.933 -7.103 -7.423 -7.484 -5.079
28.277335 -0.981 4.218 3.252 1.549 -1.238 -3.24 -1.355 1.052 -1.369 -3.358 -4.943 -6.02 1.275 -2.088 -4.217 -5.341 -6.112 -3.063 -4.386 -5.42 -6.036 -6.495 -4.54 -3.301 -4.853 -7.023 -7.344 -7.404 -5.0
29.132564 -0.901 4.297 3.332 1.629 -1.158 -3.16 -1.276 1.132 -1.289 -3.279 -4.864 -5.94 1.355 -2.008 -4.137 -5.262 -6.033 -2.983 -4.307 -5.34 -5.956 -6.415 -4.46 -3.222 -4.774 -6.944 -7.264 -7.325 -4.92
30.013659 -0.821 4.377 3.411 1.708 -1.079 -3.081 -1.196 1.211 -1.21 -3.199 -4.784 -5.861 1.434 -1.929 -4.058 -5.182 -5.953 -2.904 -4.227 -5.261 -5.877 -6.336 -4.381 -3.142 -4.694 -6.864 -7.185 -7.245 -4.841
30.921401 -0.742 4.457 3.491 1.788 -0.999 -3.001 -1.117 1.291 -1.13 -3.12 -4.704 -5.781 1.514 -1.849 -3.978 -5.103 -5.874 -2.824 -4.147 -5.181 -5.797 -6.256 -4.301 -3.063 -4.615 -6.785 -7.105 -7.166 -4.761
