web/models/kne.last_good/kappa_1_10/11/villar_0.0052_0.4530_10.0000.dat
# %ECSV 1.0
# ---
# datatype:
# - {name: time, datatype: float64}
# - {name: swift_uvot_uvw2, datatype: float64}
# - {name: swift_uvot_uvm2, datatype: float64}
# - {name: swift_uvot_uvw1, datatype: float64}
# - {name: swift_uvot_U, datatype: float64}
# - {name: swift_uvot_B, datatype: float64}
# - {name: swift_uvot_V, datatype: float64}
# - {name: swift_uvot_W, datatype: float64}
# - {name: johnson_U, datatype: float64}
# - {name: johnson_B, datatype: float64}
# - {name: johnson_V, datatype: float64}
# - {name: johnson_R, datatype: float64}
# - {name: johnson_I, datatype: float64}
# - {name: sdss_u, datatype: float64}
# - {name: sdss_g, datatype: float64}
# - {name: sdss_r, datatype: float64}
# - {name: sdss_i, datatype: float64}
# - {name: sdss_z, datatype: float64}
# - {name: PS1_g, datatype: float64}
# - {name: PS1_r, datatype: float64}
# - {name: PS1_i, datatype: float64}
# - {name: PS1_z, datatype: float64}
# - {name: PS1_Y, datatype: float64}
# - {name: PS1_w, datatype: float64}
# - {name: ATLAS_c, datatype: float64}
# - {name: ATLAS_o, datatype: float64}
# - {name: ukirt_J, datatype: float64}
# - {name: ukirt_H, datatype: float64}
# - {name: ukirt_K, datatype: float64}
# - {name: Clear, datatype: float64}
# meta: !!omap
# - comment: [kappa = 10.0, type = villar, mass = 0.005244756555828381, velocity = 0.453, theta_obs = 0.0]
# schema: astropy-2.0
time swift_uvot_uvw2 swift_uvot_uvm2 swift_uvot_uvw1 swift_uvot_U swift_uvot_B swift_uvot_V swift_uvot_W johnson_U johnson_B johnson_V johnson_R johnson_I sdss_u sdss_g sdss_r sdss_i sdss_z PS1_g PS1_r PS1_i PS1_z PS1_Y PS1_w ATLAS_c ATLAS_o ukirt_J ukirt_H ukirt_K Clear
[from data line 287]
5.174227 -2.422 0.438 -2.007 -4.064 -5.72 -6.873 -4.973 -4.365 -5.764 -6.917 -7.709 -8.221 -4.259 -6.185 -7.381 -7.94 -8.274 -6.427 -7.419 -7.968 -8.248 -8.434 -7.414 -6.808 -7.665 -8.553 -8.519 -8.298 -7.433
5.330718 -2.074 0.786 -1.658 -3.716 -5.372 -6.525 -4.625 -4.017 -5.416 -6.568 -7.361 -7.873 -3.911 -5.837 -7.033 -7.591 -7.925 -6.079 -7.07 -7.62 -7.9 -8.086 -7.066 -6.46 -7.317 -8.205 -8.171 -7.95 -7.085
5.491942 -1.704 1.156 -1.289 -3.346 -5.002 -6.155 -4.255 -3.647 -5.046 -6.199 -6.991 -7.503 -3.541 -5.467 -6.663 -7.221 -7.555 -5.709 -6.701 -7.25 -7.53 -7.716 -6.696 -6.09 -6.947 -7.835 -7.801 -7.58 -6.715
5.658042 -1.312 1.548 -0.896 -2.953 -4.609 -5.762 -3.862 -3.255 -4.653 -5.806 -6.599 -7.11 -3.149 -5.075 -6.271 -6.829 -7.163 -5.317 -6.308 -6.858 -7.137 -7.324 -6.303 -5.697 -6.555 -7.443 -7.408 -7.188 -6.323
5.829166 -0.895 1.965 -0.48 -2.537 -4.193 -5.346 -3.446 -2.838 -4.237 -5.389 -6.182 -6.694 -2.732 -4.658 -5.854 -6.412 -6.746 -4.9 -5.892 -6.441 -6.721 -6.907 -5.887 -5.281 -6.138 -7.026 -6.992 -6.771 -5.906
6.005465 -0.453 2.407 -0.037 -2.095 -3.751 -4.903 -3.004 -2.396 -3.794 -4.947 -5.74 -6.251 -2.29 -4.216 -5.412 -5.97 -6.304 -4.458 -5.449 -5.999 -6.279 -6.465 -5.445 -4.838 -5.696 -6.584 -6.549 -6.329 -5.464
6.187096 0.017 2.877 0.432 -1.625 -3.281 -4.434 -2.534 -1.927 -3.325 -4.478 -5.271 -5.782 -1.82 -3.746 -4.943 -5.501 -5.835 -3.989 -4.98 -5.529 -5.809 -5.996 -4.975 -4.369 -5.226 -6.115 -6.08 -5.859 -4.994
6.37422 0.515 3.375 0.93 -1.127 -2.783 -3.936 -2.036 -1.428 -2.827 -3.98 -4.772 -5.284 -1.322 -3.248 -4.444 -5.002 -5.337 -3.49 -4.482 -5.031 -5.311 -5.497 -4.477 -3.871 -4.728 -5.616 -5.582 -5.361 -4.496
6.567004 1.044 3.904 1.459 -0.598 -2.254 -3.407 -1.507 -0.9 -2.298 -3.451 -4.244 -4.755 -0.793 -2.719 -3.916 -4.474 -4.808 -2.962 -3.953 -4.502 -4.782 -4.969 -3.948 -3.342 -4.199 -5.088 -5.053 -4.832 -3.967
6.765619 1.605 4.465 2.02 -0.037 -1.693 -2.846 -0.946 -0.338 -1.737 -2.89 -3.682 -4.194 -0.232 -2.158 -3.354 -3.912 -4.247 -2.4 -3.392 -3.941 -4.221 -4.407 -3.387 -2.781 -3.638 -4.526 -4.492 -4.271 -3.406
6.97024 2.201 5.06 2.616 0.559 -1.097 -2.25 -0.35 0.257 -1.141 -2.294 -3.087 -3.598 0.364 -1.562 -2.759 -3.317 -3.651 -1.805 -2.796 -3.345 -3.625 -3.812 -2.791 -2.185 -3.042 -3.931 -3.896 -3.675 -2.811
7.181051 2.833 5.693 3.248 1.191 -0.465 -1.618 0.282 0.89 -0.509 -1.662 -2.454 -2.966 0.996 -0.93 -2.126 -2.684 -3.019 -1.172 -2.164 -2.713 -2.993 -3.179 -2.159 -1.553 -2.41 -3.298 -3.264 -3.043 -2.178
7.398237 3.504 6.364 3.919 1.862 0.206 -0.947 0.953 1.561 0.162 -0.99 -1.783 -2.295 1.667 -0.259 -1.455 -2.013 -2.347 -0.501 -1.493 -2.042 -2.322 -2.508 -1.488 -0.882 -1.739 -2.627 -2.593 -2.372 -1.507
7.621991 4.216 7.076 4.632 2.574 0.918 -0.234 1.665 2.273 0.875 -0.278 -1.071 -1.582 2.379 0.453 -0.743 -1.301 -1.635 0.211 -0.78 -1.33 -1.61 -1.796 -0.776 -0.169 -1.027 -1.915 -1.88 -1.66 -0.795
7.852513 4.972 7.832 5.388 3.33 1.674 0.522 2.422 3.029 1.631 0.478 -0.315 -0.826 3.135 1.209 0.013 -0.545 -0.879 0.967 -0.024 -0.574 -0.853 -1.04 -0.019 0.587 -0.271 -1.159 -1.124 -0.904 -0.039
8.090007 5.775 8.635 6.19 4.133 2.477 1.324 3.224 3.832 2.433 1.28 0.488 -0.024 3.938 2.012 0.816 0.258 -0.077 1.77 0.778 0.229 -0.051 -0.237 0.783 1.389 0.532 -0.356 -0.322 -0.101 0.764
8.334684 6.627 9.487 7.042 4.985 3.329 2.176 4.076 4.683 3.285 2.132 1.339 0.828 4.79 2.864 1.667 1.109 0.775 2.622 1.63 1.081 0.801 0.614 1.635 2.241 1.384 0.495 0.53 0.751 1.616
8.586761 7.531 10.391 7.946 5.889 4.233 3.08 4.98 5.588 4.189 3.036 2.244 1.732 5.694 3.768 2.572 2.013 1.679 3.526 2.534 1.985 1.705 1.518 2.539 3.145 2.288 1.399 1.434 1.655 2.52
8.846461 8.49 11.35 8.906 6.848 5.192 4.04 5.939 6.547 5.149 3.996 3.203 2.692 6.653 4.727 3.531 2.973 2.639 4.485 3.494 2.944 2.664 2.478 3.498 4.105 3.247 2.359 2.394 2.614 3.479
9.114017 9.509 12.369 9.924 7.867 6.211 5.058 6.958 7.566 6.167 5.014 4.222 3.71 7.672 5.746 4.55 3.992 3.657 5.504 4.512 3.963 3.683 3.497 4.517 5.123 4.266 3.378 3.412 3.633 4.498
9.389664 10.59 13.45 11.005 8.948 7.292 6.139 8.039 8.647 7.248 6.095 5.303 4.791 8.753 6.827 5.631 5.073 4.738 6.585 5.593 5.044 4.764 4.578 5.598 6.204 5.347 4.459 4.493 4.714 5.579
9.673648 11.737 14.597 12.153 10.095 8.439 7.287 9.186 9.794 8.396 7.243 6.45 5.939 9.9 7.974 6.778 6.22 5.886 7.732 6.741 6.191 5.911 5.725 6.745 7.352 6.494 5.606 5.641 5.861 6.726
9.966221 12.955 15.815 13.371 11.313 9.657 8.504 10.404 11.012 9.613 8.461 7.668 7.156 11.118 9.192 7.996 7.438 7.104 8.95 7.959 7.409 7.129 6.943 7.963 8.569 7.712 6.824 6.858 7.079 7.944
10.267642 14.248 17.108 14.663 12.606 10.95 9.797 11.697 12.305 10.906 9.753 8.961 8.449 12.411 10.485 9.289 8.731 8.396 10.243 9.251 8.702 8.422 8.236 9.256 9.862 9.005 8.117 8.151 8.372 9.237
10.57818 15.62 18.48 16.035 13.978 12.322 11.169 13.069 13.677 12.278 11.125 10.333 9.821 13.783 11.857 10.661 10.103 9.768 11.615 10.623 10.074 9.794 9.608 10.628 11.234 10.377 9.489 9.523 9.744 10.609
10.89811 17.076 19.936 17.492 15.434 13.778 12.625 14.525 15.133 13.734 12.582 11.789 11.277 15.239 13.313 12.117 11.559 11.225 13.071 12.08 11.53 11.25 11.064 12.084 12.69 11.833 10.945 10.979 11.2 12.065
11.227716 18.622 21.482 19.037 16.98 15.324 14.171 16.071 16.679 15.28 14.127 13.335 12.823 16.785 14.859 13.663 13.105 12.77 14.617 13.625 13.076 12.796 12.61 13.63 14.236 13.379 12.491 12.525 12.746 13.611
11.56729 20.262 23.122 20.678 18.621 16.965 15.812 17.712 18.319 16.921 15.768 14.975 14.464 18.425 16.499 15.303 14.745 14.411 16.257 15.266 14.716 14.437 14.25 15.271 15.877 15.019 14.131 14.166 14.386 15.251
11.917135 22.004 24.864 22.419 20.362 18.706 17.553 19.453 20.061 18.662 17.509 16.717 16.205 20.167 18.241 17.045 16.487 16.152 17.999 17.007 16.458 16.178 15.992 17.012 17.618 16.761 15.873 15.907 16.128 16.993
12.277561 23.852 26.712 24.267 22.21 20.554 19.401 21.301 21.909 20.51 19.358 18.565 18.053 22.015 20.089 18.893 18.335 18.001 19.847 18.855 18.306 18.026 17.84 18.86 19.466 18.609 17.721 17.755 17.976 18.841
12.648887 25.814 28.674 26.229 24.172 22.516 21.363 23.263 23.871 22.472 21.319 20.527 20.015 23.977 22.051 20.855 20.297 19.962 21.809 20.817 20.268 19.988 19.802 20.822 21.428 20.571 19.683 19.717 19.938 20.803
13.031444 27.896 30.756 28.311 26.254 24.598 23.445 25.345 25.953 24.554 23.402 22.609 22.097 26.059 24.133 22.937 22.379 22.045 23.891 22.899 22.35 22.07 21.884 22.904 23.51 22.653 21.765 21.799 22.02 22.885
13.425571 30.106 32.966 30.522 28.464 26.808 25.656 27.555 28.163 26.764 25.612 24.819 24.307 28.269 26.343 25.147 24.589 24.255 26.101 25.11 24.56 24.28 24.094 25.114 25.72 24.863 23.975 24.009 24.23 25.095
13.831619 32.452 35.312 32.867 30.81 29.154 28.001 29.901 30.509 29.11 27.957 27.165 26.653 30.615 28.689 27.493 26.935 26.601 28.447 27.455 26.906 26.626 26.44 27.46 28.066 27.209 26.321 26.355 26.576 27.441
14.249947 34.942 37.802 35.357 33.3 31.644 30.491 32.391 32.999 31.6 30.447 29.655 29.143 33.105 31.179 29.983 29.425 29.09 30.937 29.945 29.396 29.116 28.93 29.95 30.556 29.699 28.811 28.845 29.066 29.931
14.680926 37.584 40.444 38.0 35.943 34.287 33.134 35.034 35.641 34.243 33.09 32.297 31.786 35.748 33.821 32.625 32.067 31.733 33.579 32.588 32.039 31.759 31.572 32.593 33.199 32.341 31.453 31.488 31.708 32.573
15.124941 40.389 43.249 40.805 38.748 37.092 35.939 37.839 38.446 37.048 35.895 35.102 34.591 38.553 36.626 35.43 34.872 34.538 36.384 35.393 34.844 34.564 34.377 35.398 36.004 35.146 34.258 34.293 34.513 35.378
15.582385 43.367 46.227 43.782 41.725 40.069 38.916 40.816 41.424 40.025 38.872 38.08 37.568 41.53 39.604 38.408 37.849 37.515 39.362 38.37 37.821 37.541 37.354 38.375 38.981 38.124 37.235 37.27 37.491 38.356
16.053663 46.527 49.387 46.942 44.885 43.229 42.076 43.976 44.584 43.185 42.032 41.24 40.728 44.69 42.764 41.568 41.009 40.675 42.522 41.53 40.981 40.701 40.515 41.535 42.141 41.284 40.396 40.43 40.651 41.516
16.539195 49.881 52.741 50.296 48.239 46.583 45.43 47.33 47.938 46.539 45.386 44.594 44.082 48.044 46.118 44.922 44.364 44.029 45.876 44.884 44.335 44.055 43.869 44.889 45.495 44.638 43.75 43.784 44.005 44.87
17.039412 53.441 56.301 53.856 51.799 50.143 48.99 50.89 51.498 50.099 48.946 48.154 47.642 51.604 49.678 48.482 47.924 47.589 49.436 48.444 47.895 47.615 47.429 48.449 49.055 48.198 47.31 47.344 47.565 48.43
17.554757 57.219 60.079 57.635 55.578 53.922 52.769 54.669 55.276 53.878 52.725 51.932 51.421 55.383 53.456 52.26 51.702 51.368 53.214 52.223 51.674 51.394 51.207 52.228 52.834 51.976 51.088 51.123 51.343 52.208
18.085689 61.23 64.09 61.646 59.588 57.932 56.779 58.679 59.287 57.888 56.736 55.943 55.431 59.393 57.467 56.271 55.713 55.379 57.225 56.234 55.684 55.404 55.218 56.238 56.844 55.987 55.099 55.133 55.354 56.219
18.632678 65.487 68.347 65.902 63.845 62.189 61.036 62.936 63.544 62.145 60.993 60.2 59.688 63.65 61.724 60.528 59.97 59.636 61.482 60.49 59.941 59.661 59.475 60.495 61.101 60.244 59.356 59.39 59.611 60.476
19.196211 70.005 72.865 70.421 68.363 66.707 65.555 67.454 68.062 66.664 65.511 64.718 64.207 68.168 66.242 65.046 64.488 64.154 66.0 65.009 64.459 64.179 63.993 65.013 65.62 64.762 63.874 63.909 64.129 64.994
19.776787 74.801 77.661 75.216 73.159 71.503 70.35 72.25 72.858 71.459 70.307 69.514 69.002 72.964 71.038 69.842 69.284 68.95 70.796 69.804 69.255 68.975 68.789 69.809 70.415 69.558 68.67 68.704 68.925 69.79
20.374923 79.891 82.751 80.307 78.249 76.593 75.441 77.34 77.948 76.55 75.397 74.604 74.093 78.054 76.128 74.932 74.374 74.04 75.886 74.895 74.345 74.065 73.879 74.899 75.506 74.648 73.76 73.795 74.015 74.88
20.991149 85.294 88.154 85.709 83.652 81.996 80.843 82.743 83.351 81.952 80.8 80.007 79.495 83.457 81.531 80.335 79.777 79.443 81.289 80.297 79.748 79.468 79.282 80.302 80.908 80.051 79.163 79.197 79.418 80.283
21.626011 91.028 93.888 91.444 89.387 87.731 86.578 88.478 89.085 87.687 86.534 85.741 85.23 89.192 87.265 86.069 85.511 85.177 87.023 86.032 85.483 85.203 85.016 86.037 86.643 85.786 84.897 84.932 85.153 86.017
22.280075 97.115 99.975 97.531 95.473 93.817 92.664 94.564 95.172 93.773 92.621 91.828 91.316 95.278 93.352 92.156 91.598 91.264 93.11 92.119 91.569 91.289 91.103 92.123 92.729 91.872 90.984 91.018 91.239 92.104
22.953921 103.575 106.435 103.991 101.934 100.278 99.125 101.025 101.632 100.234 99.081 98.288 97.777 101.739 99.812 98.616 98.058 97.724 99.57 98.579 98.03 97.75 97.563 98.584 99.19 98.333 97.444 97.479 97.7 98.564
23.648147 110.433 113.292 110.848 108.791 107.135 105.982 107.882 108.489 107.091 105.938 105.145 104.634 108.596 106.67 105.473 104.915 104.581 106.427 105.436 104.887 104.607 104.42 105.441 106.047 105.19 104.301 104.336 104.557 105.421
24.363369 117.711 120.571 118.126 116.069 114.413 113.26 115.16 115.768 114.369 113.216 112.424 111.912 115.874 113.948 112.752 112.193 111.859 113.706 112.714 112.165 111.885 111.698 112.719 113.325 112.468 111.579 111.614 111.835 112.7
25.100222 125.436 128.296 125.851 123.794 122.138 120.985 122.885 123.493 122.094 120.941 120.149 119.637 123.599 121.673 120.477 119.918 119.584 121.431 120.439 119.89 119.61 119.423 120.444 121.05 120.193 119.304 119.339 119.56 120.425
25.859362 133.635 136.495 134.05 131.993 130.337 129.184 131.084 131.692 130.293 129.141 128.348 127.836 131.798 129.872 128.676 128.118 127.784 129.63 128.638 128.089 127.809 127.623 128.643 129.249 128.392 127.504 127.538 127.759 128.624
26.64146 142.338 145.198 142.753 140.696 139.04 137.887 139.787 140.395 138.996 137.843 137.051 136.539 140.501 138.575 137.379 136.821 136.486 138.333 137.341 136.792 136.512 136.326 137.346 137.952 137.095 136.207 136.241 136.462 137.327
27.447213 151.575 154.435 151.99 149.933 148.277 147.124 149.024 149.632 148.233 147.081 146.288 145.776 149.738 147.812 146.616 146.058 145.724 147.57 146.578 146.029 145.749 145.563 146.583 147.189 146.332 145.444 145.478 145.699 146.564
28.277335 161.379 164.239 161.795 159.738 158.082 156.929 158.829 159.436 158.038 156.885 156.092 155.581 159.542 157.616 156.42 155.862 155.528 157.374 156.383 155.833 155.554 155.367 156.388 156.994 156.136 155.248 155.283 155.503 156.368
29.132564 171.786 174.646 172.201 170.144 168.488 167.335 169.235 169.843 168.444 167.291 166.499 165.987 169.949 168.023 166.827 166.269 165.934 167.781 166.789 166.24 165.96 165.774 166.794 167.4 166.543 165.655 165.689 165.91 166.775
30.013659 182.831 185.691 183.247 181.189 179.533 178.381 180.28 180.888 179.49 178.337 177.544 177.032 180.994 179.068 177.872 177.314 176.98 178.826 177.835 177.285 177.005 176.819 177.839 178.446 177.588 176.7 176.735 176.955 177.82
30.921401 194.555 197.415 194.97 192.913 191.257 190.104 192.004 192.612 191.213 190.06 189.268 188.756 192.718 190.792 189.596 189.038 188.703 190.55 189.558 189.009 188.729 188.543 189.563 190.169 189.312 188.424 188.458 188.679 189.544
31.856598 206.998 209.858 207.414 205.356 203.7 202.548 204.448 205.055 203.657 202.504 201.711 201.2 205.161 203.235 202.039 201.481 201.147 202.993 202.002 201.452 201.173 200.986 202.006 202.613 201.755 200.867 200.902 201.122 201.987
32.820079 220.206 223.066 220.621 218.564 216.908 215.755 217.655 218.263 216.864 215.711 214.919 214.407 218.369 216.443 215.247 214.689 214.355 216.201 215.209 214.66 214.38 214.194 215.214 215.82 214.963 214.075 214.109 214.33 215.195
33.8127 234.224 237.084 234.64 232.583 230.927 229.774 231.674 232.281 230.883 229.73 228.937 228.426 232.388 230.461 229.265 228.707 228.373 230.219 229.228 228.679 228.399 228.212 229.233 229.839 228.981 228.093 228.128 228.348 229.213
34.835342 249.104 251.964 249.519 247.462 245.806 244.653 246.553 247.161 245.762 244.609 243.817 243.305 247.267 245.341 244.145 243.587 243.252 245.099 244.107 243.558 243.278 243.092 244.112 244.718 243.861 242.973 243.007 243.228 244.093
35.888913 264.897 267.757 265.312 263.255 261.599 260.446 262.346 262.954 261.555 260.402 259.61 259.098 263.06 261.134 259.938 259.38 259.045 260.892 259.9 259.351 259.071 258.885 259.905 260.511 259.654 258.766 258.8 259.021 259.886
36.974349 281.659 284.519 282.075 280.018 278.362 277.209 279.109 279.716 278.318 277.165 276.372 275.861 279.823 277.896 276.7 276.142 275.808 277.654 276.663 276.114 275.834 275.647 276.668 277.274 276.416 275.528 275.563 275.783 276.648
38.092613 299.451 302.311 299.867 297.81 296.154 295.001 296.901 297.508 296.11 294.957 294.164 293.653 297.615 295.688 294.492 293.934 293.6 295.446 294.455 293.906 293.626 293.439 294.46 295.066 294.209 293.32 293.355 293.576 294.44
39.244698 318.336 321.196 318.751 316.694 315.038 313.885 315.785 316.393 314.994 313.842 313.049 312.537 316.499 314.573 313.377 312.819 312.485 314.331 313.339 312.79 312.51 312.324 313.344 313.95 313.093 312.205 312.239 312.46 313.325
40.431627 338.38 341.24 338.795 336.738 335.082 333.929 335.829 336.437 335.038 333.886 333.093 332.581 336.543 334.617 333.421 332.863 332.529 334.375 333.383 332.834 332.554 332.368 333.388 333.994 333.137 332.249 332.283 332.504 333.369
41.654454 359.655 362.515 360.07 358.013 356.357 355.204 357.104 357.712 356.313 355.16 354.368 353.856 357.818 355.892 354.696 354.138 353.804 355.65 354.658 354.109 353.829 353.643 354.663 355.269 354.412 353.524 353.558 353.779 354.644
42.914265 382.236 385.096 382.652 380.594 378.938 377.785 379.685 380.293 378.894 377.742 376.949 376.437 380.399 378.473 377.277 376.719 376.385 378.231 377.24 376.69 376.41 376.224 377.244 377.85 376.993 376.105 376.139 376.36 377.225
44.212178 406.204 409.064 406.619 404.562 402.906 401.753 403.653 404.261 402.862 401.709 400.917 400.405 404.367 402.441 401.245 400.687 400.352 402.199 401.207 400.658 400.378 400.192 401.212 401.818 400.961 400.073 400.107 400.328 401.193
45.549345 431.643 434.503 432.059 430.001 428.345 427.193 429.093 429.7 428.302 427.149 426.356 425.845 429.806 427.88 426.684 426.126 425.792 427.638 426.647 426.097 425.818 425.631 426.651 427.258 426.4 425.512 425.547 425.767 426.632
