web/models/linear/86/-19_714_0_424.dat
# %ECSV 1.0
# ---
# datatype:
# - {name: time, datatype: float64}
# - {name: swift_uvot_uvw2, datatype: float64}
# - {name: swift_uvot_uvm2, datatype: float64}
# - {name: swift_uvot_uvw1, datatype: float64}
# - {name: swift_uvot_U, datatype: float64}
# - {name: swift_uvot_B, datatype: float64}
# - {name: swift_uvot_V, datatype: float64}
# - {name: swift_uvot_W, datatype: float64}
# - {name: johnson_U, datatype: float64}
# - {name: johnson_B, datatype: float64}
# - {name: johnson_V, datatype: float64}
# - {name: johnson_R, datatype: float64}
# - {name: johnson_I, datatype: float64}
# - {name: sdss_u, datatype: float64}
# - {name: sdss_g, datatype: float64}
# - {name: sdss_r, datatype: float64}
# - {name: sdss_i, datatype: float64}
# - {name: sdss_z, datatype: float64}
# - {name: PS1_g, datatype: float64}
# - {name: PS1_r, datatype: float64}
# - {name: PS1_i, datatype: float64}
# - {name: PS1_z, datatype: float64}
# - {name: PS1_Y, datatype: float64}
# - {name: PS1_w, datatype: float64}
# - {name: ATLAS_c, datatype: float64}
# - {name: ATLAS_o, datatype: float64}
# - {name: ukirt_J, datatype: float64}
# - {name: ukirt_H, datatype: float64}
# - {name: ukirt_K, datatype: float64}
# - {name: Clear, datatype: float64}
# meta: !!omap
# - comment: [M=-19.714285714285715, dM=0.42398491465793026]
# schema: astropy-2.0
time swift_uvot_uvw2 swift_uvot_uvm2 swift_uvot_uvw1 swift_uvot_U swift_uvot_B swift_uvot_V swift_uvot_W johnson_U johnson_B johnson_V johnson_R johnson_I sdss_u sdss_g sdss_r sdss_i sdss_z PS1_g PS1_r PS1_i PS1_z PS1_Y PS1_w ATLAS_c ATLAS_o ukirt_J ukirt_H ukirt_K Clear
[from data line 110]
8.29145728643216 -16.198832904307903 -16.198832904307903 -16.198832904307903 -16.198832904307903 -16.198832904307903 -16.198832904307903 -16.198832904307903 -16.198832904307903 -16.198832904307903 -16.198832904307903 -16.198832904307903 -16.198832904307903 -16.198832904307903 -16.198832904307903 -16.198832904307903 -16.198832904307903 -16.198832904307903 -16.198832904307903 -16.198832904307903 -16.198832904307903 -16.198832904307903 -16.198832904307903 -16.198832904307903 -16.198832904307903 -16.198832904307903 -16.198832904307903 -16.198832904307903 -16.198832904307903 -16.198832904307903
8.36683417085427 -16.16687424239901 -16.16687424239901 -16.16687424239901 -16.16687424239901 -16.16687424239901 -16.16687424239901 -16.16687424239901 -16.16687424239901 -16.16687424239901 -16.16687424239901 -16.16687424239901 -16.16687424239901 -16.16687424239901 -16.16687424239901 -16.16687424239901 -16.16687424239901 -16.16687424239901 -16.16687424239901 -16.16687424239901 -16.16687424239901 -16.16687424239901 -16.16687424239901 -16.16687424239901 -16.16687424239901 -16.16687424239901 -16.16687424239901 -16.16687424239901 -16.16687424239901 -16.16687424239901
8.442211055276381 -16.134915580490123 -16.134915580490123 -16.134915580490123 -16.134915580490123 -16.134915580490123 -16.134915580490123 -16.134915580490123 -16.134915580490123 -16.134915580490123 -16.134915580490123 -16.134915580490123 -16.134915580490123 -16.134915580490123 -16.134915580490123 -16.134915580490123 -16.134915580490123 -16.134915580490123 -16.134915580490123 -16.134915580490123 -16.134915580490123 -16.134915580490123 -16.134915580490123 -16.134915580490123 -16.134915580490123 -16.134915580490123 -16.134915580490123 -16.134915580490123 -16.134915580490123 -16.134915580490123
8.517587939698492 -16.102956918581235 -16.102956918581235 -16.102956918581235 -16.102956918581235 -16.102956918581235 -16.102956918581235 -16.102956918581235 -16.102956918581235 -16.102956918581235 -16.102956918581235 -16.102956918581235 -16.102956918581235 -16.102956918581235 -16.102956918581235 -16.102956918581235 -16.102956918581235 -16.102956918581235 -16.102956918581235 -16.102956918581235 -16.102956918581235 -16.102956918581235 -16.102956918581235 -16.102956918581235 -16.102956918581235 -16.102956918581235 -16.102956918581235 -16.102956918581235 -16.102956918581235 -16.102956918581235
8.592964824120603 -16.070998256672343 -16.070998256672343 -16.070998256672343 -16.070998256672343 -16.070998256672343 -16.070998256672343 -16.070998256672343 -16.070998256672343 -16.070998256672343 -16.070998256672343 -16.070998256672343 -16.070998256672343 -16.070998256672343 -16.070998256672343 -16.070998256672343 -16.070998256672343 -16.070998256672343 -16.070998256672343 -16.070998256672343 -16.070998256672343 -16.070998256672343 -16.070998256672343 -16.070998256672343 -16.070998256672343 -16.070998256672343 -16.070998256672343 -16.070998256672343 -16.070998256672343 -16.070998256672343
8.668341708542712 -16.039039594763455 -16.039039594763455 -16.039039594763455 -16.039039594763455 -16.039039594763455 -16.039039594763455 -16.039039594763455 -16.039039594763455 -16.039039594763455 -16.039039594763455 -16.039039594763455 -16.039039594763455 -16.039039594763455 -16.039039594763455 -16.039039594763455 -16.039039594763455 -16.039039594763455 -16.039039594763455 -16.039039594763455 -16.039039594763455 -16.039039594763455 -16.039039594763455 -16.039039594763455 -16.039039594763455 -16.039039594763455 -16.039039594763455 -16.039039594763455 -16.039039594763455 -16.039039594763455
8.743718592964823 -16.007080932854567 -16.007080932854567 -16.007080932854567 -16.007080932854567 -16.007080932854567 -16.007080932854567 -16.007080932854567 -16.007080932854567 -16.007080932854567 -16.007080932854567 -16.007080932854567 -16.007080932854567 -16.007080932854567 -16.007080932854567 -16.007080932854567 -16.007080932854567 -16.007080932854567 -16.007080932854567 -16.007080932854567 -16.007080932854567 -16.007080932854567 -16.007080932854567 -16.007080932854567 -16.007080932854567 -16.007080932854567 -16.007080932854567 -16.007080932854567 -16.007080932854567 -16.007080932854567
8.819095477386934 -15.975122270945677 -15.975122270945677 -15.975122270945677 -15.975122270945677 -15.975122270945677 -15.975122270945677 -15.975122270945677 -15.975122270945677 -15.975122270945677 -15.975122270945677 -15.975122270945677 -15.975122270945677 -15.975122270945677 -15.975122270945677 -15.975122270945677 -15.975122270945677 -15.975122270945677 -15.975122270945677 -15.975122270945677 -15.975122270945677 -15.975122270945677 -15.975122270945677 -15.975122270945677 -15.975122270945677 -15.975122270945677 -15.975122270945677 -15.975122270945677 -15.975122270945677 -15.975122270945677
8.894472361809044 -15.94316360903679 -15.94316360903679 -15.94316360903679 -15.94316360903679 -15.94316360903679 -15.94316360903679 -15.94316360903679 -15.94316360903679 -15.94316360903679 -15.94316360903679 -15.94316360903679 -15.94316360903679 -15.94316360903679 -15.94316360903679 -15.94316360903679 -15.94316360903679 -15.94316360903679 -15.94316360903679 -15.94316360903679 -15.94316360903679 -15.94316360903679 -15.94316360903679 -15.94316360903679 -15.94316360903679 -15.94316360903679 -15.94316360903679 -15.94316360903679 -15.94316360903679 -15.94316360903679
8.969849246231155 -15.9112049471279 -15.9112049471279 -15.9112049471279 -15.9112049471279 -15.9112049471279 -15.9112049471279 -15.9112049471279 -15.9112049471279 -15.9112049471279 -15.9112049471279 -15.9112049471279 -15.9112049471279 -15.9112049471279 -15.9112049471279 -15.9112049471279 -15.9112049471279 -15.9112049471279 -15.9112049471279 -15.9112049471279 -15.9112049471279 -15.9112049471279 -15.9112049471279 -15.9112049471279 -15.9112049471279 -15.9112049471279 -15.9112049471279 -15.9112049471279 -15.9112049471279 -15.9112049471279
9.045226130653266 -15.87924628521901 -15.87924628521901 -15.87924628521901 -15.87924628521901 -15.87924628521901 -15.87924628521901 -15.87924628521901 -15.87924628521901 -15.87924628521901 -15.87924628521901 -15.87924628521901 -15.87924628521901 -15.87924628521901 -15.87924628521901 -15.87924628521901 -15.87924628521901 -15.87924628521901 -15.87924628521901 -15.87924628521901 -15.87924628521901 -15.87924628521901 -15.87924628521901 -15.87924628521901 -15.87924628521901 -15.87924628521901 -15.87924628521901 -15.87924628521901 -15.87924628521901 -15.87924628521901
9.120603015075377 -15.84728762331012 -15.84728762331012 -15.84728762331012 -15.84728762331012 -15.84728762331012 -15.84728762331012 -15.84728762331012 -15.84728762331012 -15.84728762331012 -15.84728762331012 -15.84728762331012 -15.84728762331012 -15.84728762331012 -15.84728762331012 -15.84728762331012 -15.84728762331012 -15.84728762331012 -15.84728762331012 -15.84728762331012 -15.84728762331012 -15.84728762331012 -15.84728762331012 -15.84728762331012 -15.84728762331012 -15.84728762331012 -15.84728762331012 -15.84728762331012 -15.84728762331012 -15.84728762331012
9.195979899497488 -15.815328961401232 -15.815328961401232 -15.815328961401232 -15.815328961401232 -15.815328961401232 -15.815328961401232 -15.815328961401232 -15.815328961401232 -15.815328961401232 -15.815328961401232 -15.815328961401232 -15.815328961401232 -15.815328961401232 -15.815328961401232 -15.815328961401232 -15.815328961401232 -15.815328961401232 -15.815328961401232 -15.815328961401232 -15.815328961401232 -15.815328961401232 -15.815328961401232 -15.815328961401232 -15.815328961401232 -15.815328961401232 -15.815328961401232 -15.815328961401232 -15.815328961401232 -15.815328961401232
9.271356783919597 -15.783370299492342 -15.783370299492342 -15.783370299492342 -15.783370299492342 -15.783370299492342 -15.783370299492342 -15.783370299492342 -15.783370299492342 -15.783370299492342 -15.783370299492342 -15.783370299492342 -15.783370299492342 -15.783370299492342 -15.783370299492342 -15.783370299492342 -15.783370299492342 -15.783370299492342 -15.783370299492342 -15.783370299492342 -15.783370299492342 -15.783370299492342 -15.783370299492342 -15.783370299492342 -15.783370299492342 -15.783370299492342 -15.783370299492342 -15.783370299492342 -15.783370299492342 -15.783370299492342
9.346733668341708 -15.751411637583452 -15.751411637583452 -15.751411637583452 -15.751411637583452 -15.751411637583452 -15.751411637583452 -15.751411637583452 -15.751411637583452 -15.751411637583452 -15.751411637583452 -15.751411637583452 -15.751411637583452 -15.751411637583452 -15.751411637583452 -15.751411637583452 -15.751411637583452 -15.751411637583452 -15.751411637583452 -15.751411637583452 -15.751411637583452 -15.751411637583452 -15.751411637583452 -15.751411637583452 -15.751411637583452 -15.751411637583452 -15.751411637583452 -15.751411637583452 -15.751411637583452 -15.751411637583452
9.422110552763819 -15.719452975674564 -15.719452975674564 -15.719452975674564 -15.719452975674564 -15.719452975674564 -15.719452975674564 -15.719452975674564 -15.719452975674564 -15.719452975674564 -15.719452975674564 -15.719452975674564 -15.719452975674564 -15.719452975674564 -15.719452975674564 -15.719452975674564 -15.719452975674564 -15.719452975674564 -15.719452975674564 -15.719452975674564 -15.719452975674564 -15.719452975674564 -15.719452975674564 -15.719452975674564 -15.719452975674564 -15.719452975674564 -15.719452975674564 -15.719452975674564 -15.719452975674564 -15.719452975674564
9.497487437185928 -15.687494313765676 -15.687494313765676 -15.687494313765676 -15.687494313765676 -15.687494313765676 -15.687494313765676 -15.687494313765676 -15.687494313765676 -15.687494313765676 -15.687494313765676 -15.687494313765676 -15.687494313765676 -15.687494313765676 -15.687494313765676 -15.687494313765676 -15.687494313765676 -15.687494313765676 -15.687494313765676 -15.687494313765676 -15.687494313765676 -15.687494313765676 -15.687494313765676 -15.687494313765676 -15.687494313765676 -15.687494313765676 -15.687494313765676 -15.687494313765676 -15.687494313765676 -15.687494313765676
9.572864321608039 -15.655535651856786 -15.655535651856786 -15.655535651856786 -15.655535651856786 -15.655535651856786 -15.655535651856786 -15.655535651856786 -15.655535651856786 -15.655535651856786 -15.655535651856786 -15.655535651856786 -15.655535651856786 -15.655535651856786 -15.655535651856786 -15.655535651856786 -15.655535651856786 -15.655535651856786 -15.655535651856786 -15.655535651856786 -15.655535651856786 -15.655535651856786 -15.655535651856786 -15.655535651856786 -15.655535651856786 -15.655535651856786 -15.655535651856786 -15.655535651856786 -15.655535651856786 -15.655535651856786
9.64824120603015 -15.623576989947896 -15.623576989947896 -15.623576989947896 -15.623576989947896 -15.623576989947896 -15.623576989947896 -15.623576989947896 -15.623576989947896 -15.623576989947896 -15.623576989947896 -15.623576989947896 -15.623576989947896 -15.623576989947896 -15.623576989947896 -15.623576989947896 -15.623576989947896 -15.623576989947896 -15.623576989947896 -15.623576989947896 -15.623576989947896 -15.623576989947896 -15.623576989947896 -15.623576989947896 -15.623576989947896 -15.623576989947896 -15.623576989947896 -15.623576989947896 -15.623576989947896 -15.623576989947896
9.72361809045226 -15.591618328039008 -15.591618328039008 -15.591618328039008 -15.591618328039008 -15.591618328039008 -15.591618328039008 -15.591618328039008 -15.591618328039008 -15.591618328039008 -15.591618328039008 -15.591618328039008 -15.591618328039008 -15.591618328039008 -15.591618328039008 -15.591618328039008 -15.591618328039008 -15.591618328039008 -15.591618328039008 -15.591618328039008 -15.591618328039008 -15.591618328039008 -15.591618328039008 -15.591618328039008 -15.591618328039008 -15.591618328039008 -15.591618328039008 -15.591618328039008 -15.591618328039008 -15.591618328039008
9.798994974874372 -15.559659666130116 -15.559659666130116 -15.559659666130116 -15.559659666130116 -15.559659666130116 -15.559659666130116 -15.559659666130116 -15.559659666130116 -15.559659666130116 -15.559659666130116 -15.559659666130116 -15.559659666130116 -15.559659666130116 -15.559659666130116 -15.559659666130116 -15.559659666130116 -15.559659666130116 -15.559659666130116 -15.559659666130116 -15.559659666130116 -15.559659666130116 -15.559659666130116 -15.559659666130116 -15.559659666130116 -15.559659666130116 -15.559659666130116 -15.559659666130116 -15.559659666130116 -15.559659666130116
9.874371859296481 -15.527701004221228 -15.527701004221228 -15.527701004221228 -15.527701004221228 -15.527701004221228 -15.527701004221228 -15.527701004221228 -15.527701004221228 -15.527701004221228 -15.527701004221228 -15.527701004221228 -15.527701004221228 -15.527701004221228 -15.527701004221228 -15.527701004221228 -15.527701004221228 -15.527701004221228 -15.527701004221228 -15.527701004221228 -15.527701004221228 -15.527701004221228 -15.527701004221228 -15.527701004221228 -15.527701004221228 -15.527701004221228 -15.527701004221228 -15.527701004221228 -15.527701004221228 -15.527701004221228
9.949748743718592 -15.49574234231234 -15.49574234231234 -15.49574234231234 -15.49574234231234 -15.49574234231234 -15.49574234231234 -15.49574234231234 -15.49574234231234 -15.49574234231234 -15.49574234231234 -15.49574234231234 -15.49574234231234 -15.49574234231234 -15.49574234231234 -15.49574234231234 -15.49574234231234 -15.49574234231234 -15.49574234231234 -15.49574234231234 -15.49574234231234 -15.49574234231234 -15.49574234231234 -15.49574234231234 -15.49574234231234 -15.49574234231234 -15.49574234231234 -15.49574234231234 -15.49574234231234 -15.49574234231234
10.025125628140703 -15.463783680403449 -15.463783680403449 -15.463783680403449 -15.463783680403449 -15.463783680403449 -15.463783680403449 -15.463783680403449 -15.463783680403449 -15.463783680403449 -15.463783680403449 -15.463783680403449 -15.463783680403449 -15.463783680403449 -15.463783680403449 -15.463783680403449 -15.463783680403449 -15.463783680403449 -15.463783680403449 -15.463783680403449 -15.463783680403449 -15.463783680403449 -15.463783680403449 -15.463783680403449 -15.463783680403449 -15.463783680403449 -15.463783680403449 -15.463783680403449 -15.463783680403449 -15.463783680403449
10.100502512562812 -15.43182501849456 -15.43182501849456 -15.43182501849456 -15.43182501849456 -15.43182501849456 -15.43182501849456 -15.43182501849456 -15.43182501849456 -15.43182501849456 -15.43182501849456 -15.43182501849456 -15.43182501849456 -15.43182501849456 -15.43182501849456 -15.43182501849456 -15.43182501849456 -15.43182501849456 -15.43182501849456 -15.43182501849456 -15.43182501849456 -15.43182501849456 -15.43182501849456 -15.43182501849456 -15.43182501849456 -15.43182501849456 -15.43182501849456 -15.43182501849456 -15.43182501849456 -15.43182501849456
10.175879396984923 -15.399866356585672 -15.399866356585672 -15.399866356585672 -15.399866356585672 -15.399866356585672 -15.399866356585672 -15.399866356585672 -15.399866356585672 -15.399866356585672 -15.399866356585672 -15.399866356585672 -15.399866356585672 -15.399866356585672 -15.399866356585672 -15.399866356585672 -15.399866356585672 -15.399866356585672 -15.399866356585672 -15.399866356585672 -15.399866356585672 -15.399866356585672 -15.399866356585672 -15.399866356585672 -15.399866356585672 -15.399866356585672 -15.399866356585672 -15.399866356585672 -15.399866356585672 -15.399866356585672
