web/models/kne.last_good/kappa_1_10/18/villar_0.0043_0.1867_1.0000.dat
# %ECSV 1.0
# ---
# datatype:
# - {name: time, datatype: float64}
# - {name: swift_uvot_uvw2, datatype: float64}
# - {name: swift_uvot_uvm2, datatype: float64}
# - {name: swift_uvot_uvw1, datatype: float64}
# - {name: swift_uvot_U, datatype: float64}
# - {name: swift_uvot_B, datatype: float64}
# - {name: swift_uvot_V, datatype: float64}
# - {name: swift_uvot_W, datatype: float64}
# - {name: johnson_U, datatype: float64}
# - {name: johnson_B, datatype: float64}
# - {name: johnson_V, datatype: float64}
# - {name: johnson_R, datatype: float64}
# - {name: johnson_I, datatype: float64}
# - {name: sdss_u, datatype: float64}
# - {name: sdss_g, datatype: float64}
# - {name: sdss_r, datatype: float64}
# - {name: sdss_i, datatype: float64}
# - {name: sdss_z, datatype: float64}
# - {name: PS1_g, datatype: float64}
# - {name: PS1_r, datatype: float64}
# - {name: PS1_i, datatype: float64}
# - {name: PS1_z, datatype: float64}
# - {name: PS1_Y, datatype: float64}
# - {name: PS1_w, datatype: float64}
# - {name: ATLAS_c, datatype: float64}
# - {name: ATLAS_o, datatype: float64}
# - {name: ukirt_J, datatype: float64}
# - {name: ukirt_H, datatype: float64}
# - {name: ukirt_K, datatype: float64}
# - {name: Clear, datatype: float64}
# meta: !!omap
# - comment: [kappa = 1.0, type = villar, mass = 0.004263435211354371, velocity = 0.1866666666666667, theta_obs = 0.0]
# schema: astropy-2.0
time swift_uvot_uvw2 swift_uvot_uvm2 swift_uvot_uvw1 swift_uvot_U swift_uvot_B swift_uvot_V swift_uvot_W johnson_U johnson_B johnson_V johnson_R johnson_I sdss_u sdss_g sdss_r sdss_i sdss_z PS1_g PS1_r PS1_i PS1_z PS1_Y PS1_w ATLAS_c ATLAS_o ukirt_J ukirt_H ukirt_K Clear
[from data line 78]
0.010217 -9.457 -9.427 -9.38 -9.188 -8.939 -8.638 -9.241 -9.154 -8.936 -8.628 -8.293 -7.891 -9.162 -8.844 -8.447 -8.135 -7.832 -8.827 -8.472 -8.165 -7.953 -7.907 -8.488 -8.69 -8.318 -7.209 -6.69 -6.082 -8.548
0.010526 -9.491 -9.464 -9.42 -9.233 -8.987 -8.687 -9.282 -9.199 -8.983 -8.677 -8.344 -7.943 -9.207 -8.893 -8.497 -8.186 -7.884 -8.876 -8.521 -8.215 -8.004 -7.957 -8.538 -8.738 -8.369 -7.262 -6.744 -6.136 -8.597
0.010845 -9.525 -9.502 -9.459 -9.278 -9.034 -8.736 -9.322 -9.244 -9.031 -8.727 -8.394 -7.995 -9.252 -8.94 -8.547 -8.237 -7.936 -8.923 -8.571 -8.266 -8.055 -8.007 -8.588 -8.787 -8.419 -7.315 -6.797 -6.19 -8.647
0.011173 -9.558 -9.539 -9.499 -9.323 -9.081 -8.785 -9.362 -9.29 -9.078 -8.776 -8.445 -8.046 -9.297 -8.988 -8.597 -8.288 -7.988 -8.971 -8.621 -8.316 -8.106 -8.056 -8.637 -8.836 -8.469 -7.368 -6.851 -6.244 -8.696
0.011511 -9.591 -9.576 -9.538 -9.367 -9.128 -8.834 -9.402 -9.334 -9.125 -8.825 -8.495 -8.098 -9.342 -9.036 -8.647 -8.339 -8.039 -9.019 -8.67 -8.367 -8.156 -8.106 -8.686 -8.884 -8.52 -7.421 -6.904 -6.298 -8.744
0.011859 -9.624 -9.612 -9.577 -9.411 -9.175 -8.883 -9.442 -9.379 -9.172 -8.874 -8.545 -8.149 -9.387 -9.084 -8.696 -8.39 -8.091 -9.066 -8.719 -8.417 -8.207 -8.155 -8.735 -8.933 -8.57 -7.473 -6.958 -6.352 -8.793
0.012217 -9.657 -9.648 -9.615 -9.455 -9.222 -8.932 -9.482 -9.424 -9.218 -8.922 -8.596 -8.201 -9.431 -9.131 -8.746 -8.441 -8.142 -9.114 -8.769 -8.468 -8.258 -8.204 -8.785 -8.981 -8.62 -7.526 -7.011 -6.406 -8.842
0.012587 -9.689 -9.684 -9.653 -9.499 -9.269 -8.981 -9.521 -9.468 -9.265 -8.971 -8.646 -8.252 -9.475 -9.178 -8.795 -8.491 -8.194 -9.161 -8.818 -8.518 -8.308 -8.254 -8.833 -9.029 -8.67 -7.579 -7.064 -6.46 -8.89
0.012968 -9.721 -9.719 -9.691 -9.543 -9.315 -9.029 -9.56 -9.512 -9.311 -9.02 -8.696 -8.303 -9.52 -9.225 -8.845 -8.542 -8.245 -9.208 -8.867 -8.568 -8.358 -8.303 -8.882 -9.077 -8.72 -7.631 -7.118 -6.514 -8.939
0.01336 -9.753 -9.755 -9.729 -9.587 -9.361 -9.077 -9.599 -9.556 -9.358 -9.068 -8.745 -8.354 -9.563 -9.272 -8.894 -8.592 -8.297 -9.255 -8.916 -8.618 -8.409 -8.352 -8.931 -9.125 -8.769 -7.684 -7.171 -6.568 -8.987
0.013764 -9.784 -9.79 -9.767 -9.63 -9.407 -9.126 -9.637 -9.6 -9.404 -9.116 -8.795 -8.405 -9.607 -9.319 -8.943 -8.643 -8.348 -9.302 -8.965 -8.668 -8.459 -8.401 -8.98 -9.173 -8.819 -7.736 -7.224 -6.621 -9.035
0.01418 -9.815 -9.824 -9.804 -9.673 -9.453 -9.174 -9.676 -9.643 -9.45 -9.164 -8.845 -8.456 -9.651 -9.366 -8.992 -8.693 -8.399 -9.349 -9.013 -8.718 -8.509 -8.45 -9.028 -9.221 -8.868 -7.789 -7.277 -6.675 -9.083
0.014609 -9.846 -9.859 -9.841 -9.716 -9.499 -9.222 -9.714 -9.687 -9.496 -9.212 -8.894 -8.507 -9.694 -9.412 -9.041 -8.743 -8.45 -9.396 -9.062 -8.767 -8.559 -8.499 -9.077 -9.268 -8.918 -7.841 -7.33 -6.729 -9.131
0.015051 -9.876 -9.893 -9.877 -9.759 -9.545 -9.27 -9.752 -9.73 -9.541 -9.26 -8.944 -8.558 -9.737 -9.459 -9.09 -8.793 -8.501 -9.442 -9.111 -8.817 -8.609 -8.548 -9.125 -9.316 -8.967 -7.893 -7.383 -6.782 -9.179
0.015506 -9.906 -9.926 -9.914 -9.801 -9.59 -9.317 -9.79 -9.773 -9.587 -9.308 -8.993 -8.609 -9.78 -9.505 -9.139 -8.843 -8.552 -9.489 -9.159 -8.867 -8.659 -8.597 -9.173 -9.363 -9.016 -7.946 -7.436 -6.836 -9.226
0.015975 -9.936 -9.96 -9.95 -9.843 -9.636 -9.365 -9.827 -9.816 -9.632 -9.356 -9.042 -8.659 -9.823 -9.551 -9.188 -8.893 -8.603 -9.535 -9.207 -8.916 -8.709 -8.646 -9.221 -9.41 -9.066 -7.998 -7.489 -6.889 -9.274
0.016458 -9.966 -9.993 -9.986 -9.886 -9.681 -9.413 -9.865 -9.859 -9.677 -9.403 -9.091 -8.71 -9.866 -9.597 -9.236 -8.943 -8.654 -9.581 -9.256 -8.966 -8.759 -8.695 -9.269 -9.457 -9.115 -8.05 -7.542 -6.943 -9.321
0.016956 -9.995 -10.026 -10.022 -9.928 -9.726 -9.46 -9.902 -9.901 -9.722 -9.451 -9.14 -8.76 -9.908 -9.643 -9.285 -8.993 -8.704 -9.627 -9.304 -9.015 -8.809 -8.744 -9.317 -9.504 -9.164 -8.102 -7.595 -6.996 -9.369
0.017469 -10.023 -10.058 -10.057 -9.969 -9.771 -9.507 -9.938 -9.944 -9.767 -9.498 -9.189 -8.811 -9.95 -9.689 -9.333 -9.042 -8.755 -9.673 -9.352 -9.064 -8.858 -8.793 -9.365 -9.551 -9.212 -8.154 -7.647 -7.049 -9.416
0.017997 -10.052 -10.09 -10.092 -10.011 -9.816 -9.555 -9.975 -9.986 -9.812 -9.545 -9.238 -8.861 -9.992 -9.734 -9.381 -9.092 -8.805 -9.718 -9.4 -9.113 -8.908 -8.841 -9.412 -9.597 -9.261 -8.206 -7.7 -7.103 -9.463
0.018541 -10.08 -10.122 -10.127 -10.052 -9.86 -9.602 -10.011 -10.028 -9.857 -9.592 -9.287 -8.911 -10.034 -9.78 -9.429 -9.141 -8.856 -9.764 -9.448 -9.162 -8.957 -8.89 -9.46 -9.644 -9.31 -8.258 -7.753 -7.156 -9.51
0.019102 -10.107 -10.154 -10.161 -10.093 -9.905 -9.648 -10.048 -10.069 -9.901 -9.639 -9.336 -8.961 -10.076 -9.825 -9.477 -9.191 -8.906 -9.809 -9.495 -9.211 -9.007 -8.939 -9.507 -9.69 -9.358 -8.309 -7.805 -7.209 -9.557
0.01968 -10.134 -10.185 -10.196 -10.134 -9.949 -9.695 -10.084 -10.111 -9.946 -9.686 -9.384 -9.012 -10.117 -9.87 -9.525 -9.24 -8.957 -9.855 -9.543 -9.26 -9.056 -8.987 -9.554 -9.737 -9.407 -8.361 -7.858 -7.263 -9.603
0.020275 -10.161 -10.216 -10.23 -10.175 -9.993 -9.742 -10.119 -10.152 -9.99 -9.733 -9.433 -9.062 -10.159 -9.915 -9.573 -9.289 -9.007 -9.9 -9.591 -9.309 -9.106 -9.036 -9.602 -9.783 -9.455 -8.413 -7.91 -7.316 -9.65
0.020888 -10.188 -10.246 -10.263 -10.216 -10.037 -9.788 -10.155 -10.193 -10.034 -9.779 -9.481 -9.111 -10.2 -9.96 -9.621 -9.338 -9.057 -9.945 -9.638 -9.358 -9.155 -9.084 -9.649 -9.829 -9.503 -8.465 -7.963 -7.369 -9.696
0.02152 -10.214 -10.276 -10.297 -10.256 -10.081 -9.835 -10.19 -10.234 -10.078 -9.826 -9.529 -9.161 -10.24 -10.005 -9.668 -9.387 -9.107 -9.99 -9.685 -9.407 -9.204 -9.133 -9.696 -9.874 -9.551 -8.516 -8.015 -7.422 -9.743
0.022171 -10.24 -10.306 -10.33 -10.296 -10.125 -9.881 -10.225 -10.275 -10.121 -9.872 -9.577 -9.211 -10.281 -10.049 -9.716 -9.436 -9.157 -10.034 -9.732 -9.455 -9.253 -9.181 -9.742 -9.92 -9.6 -8.568 -8.067 -7.475 -9.789
0.022841 -10.266 -10.336 -10.363 -10.336 -10.168 -9.927 -10.26 -10.315 -10.165 -9.918 -9.625 -9.261 -10.321 -10.094 -9.763 -9.485 -9.207 -10.079 -9.78 -9.504 -9.302 -9.23 -9.789 -9.966 -9.647 -8.619 -8.12 -7.528 -9.835
0.023532 -10.291 -10.365 -10.395 -10.376 -10.211 -9.973 -10.294 -10.356 -10.208 -9.964 -9.673 -9.31 -10.362 -10.138 -9.81 -9.534 -9.257 -10.123 -9.826 -9.552 -9.351 -9.278 -9.836 -10.011 -9.695 -8.67 -8.172 -7.581 -9.881
0.024244 -10.316 -10.394 -10.427 -10.415 -10.255 -10.019 -10.329 -10.396 -10.251 -10.01 -9.721 -9.36 -10.402 -10.182 -9.857 -9.583 -9.306 -10.168 -9.873 -9.6 -9.4 -9.326 -9.882 -10.057 -9.743 -8.722 -8.224 -7.634 -9.927
0.024977 -10.34 -10.422 -10.459 -10.454 -10.298 -10.065 -10.363 -10.436 -10.294 -10.056 -9.769 -9.409 -10.442 -10.226 -9.904 -9.631 -9.356 -10.212 -9.92 -9.649 -9.449 -9.375 -9.928 -10.102 -9.791 -8.773 -8.276 -7.687 -9.972
0.025733 -10.364 -10.45 -10.491 -10.493 -10.34 -10.111 -10.397 -10.476 -10.337 -10.102 -9.816 -9.459 -10.481 -10.27 -9.951 -9.68 -9.406 -10.256 -9.967 -9.697 -9.498 -9.423 -9.974 -10.147 -9.838 -8.824 -8.328 -7.739 -10.018
0.026511 -10.387 -10.478 -10.522 -10.532 -10.383 -10.156 -10.43 -10.515 -10.38 -10.147 -9.864 -9.508 -10.521 -10.313 -9.998 -9.728 -9.455 -10.3 -10.013 -9.745 -9.546 -9.471 -10.021 -10.192 -9.885 -8.875 -8.38 -7.792 -10.063
0.027313 -10.411 -10.505 -10.553 -10.571 -10.425 -10.201 -10.464 -10.554 -10.422 -10.193 -9.911 -9.557 -10.56 -10.357 -10.045 -9.776 -9.505 -10.343 -10.06 -9.793 -9.595 -9.519 -10.066 -10.236 -9.933 -8.927 -8.432 -7.845 -10.109
0.028139 -10.434 -10.532 -10.584 -10.609 -10.468 -10.247 -10.497 -10.593 -10.464 -10.238 -9.959 -9.606 -10.599 -10.4 -10.091 -9.824 -9.554 -10.387 -10.106 -9.841 -9.644 -9.567 -10.112 -10.281 -9.98 -8.978 -8.484 -7.898 -10.154
0.02899 -10.456 -10.559 -10.614 -10.647 -10.51 -10.292 -10.53 -10.632 -10.507 -10.283 -10.006 -9.655 -10.637 -10.443 -10.137 -9.872 -9.603 -10.43 -10.152 -9.888 -9.692 -9.615 -10.158 -10.325 -10.027 -9.028 -8.536 -7.95 -10.199
0.029867 -10.478 -10.585 -10.644 -10.685 -10.552 -10.337 -10.563 -10.671 -10.548 -10.328 -10.053 -9.704 -10.676 -10.486 -10.184 -9.92 -9.652 -10.473 -10.198 -9.936 -9.74 -9.663 -10.204 -10.37 -10.074 -9.079 -8.588 -8.003 -10.244
0.03077 -10.5 -10.611 -10.674 -10.723 -10.594 -10.382 -10.595 -10.709 -10.59 -10.373 -10.1 -9.753 -10.714 -10.529 -10.23 -9.968 -9.701 -10.516 -10.244 -9.984 -9.789 -9.711 -10.249 -10.414 -10.121 -9.13 -8.64 -8.056 -10.289
0.031701 -10.521 -10.636 -10.703 -10.76 -10.635 -10.426 -10.627 -10.747 -10.632 -10.418 -10.147 -9.801 -10.752 -10.572 -10.276 -10.016 -9.75 -10.559 -10.29 -10.031 -9.837 -9.758 -10.294 -10.458 -10.167 -9.181 -8.692 -8.108 -10.333
0.032659 -10.542 -10.661 -10.732 -10.798 -10.676 -10.471 -10.659 -10.785 -10.673 -10.462 -10.193 -9.85 -10.79 -10.614 -10.322 -10.064 -9.799 -10.602 -10.336 -10.078 -9.885 -9.806 -10.339 -10.502 -10.214 -9.232 -8.743 -8.161 -10.378
0.033647 -10.562 -10.686 -10.761 -10.834 -10.718 -10.515 -10.691 -10.823 -10.714 -10.507 -10.24 -9.899 -10.827 -10.656 -10.368 -10.111 -9.848 -10.645 -10.381 -10.126 -9.933 -9.854 -10.384 -10.545 -10.26 -9.282 -8.795 -8.213 -10.422
0.034665 -10.582 -10.71 -10.789 -10.871 -10.759 -10.559 -10.722 -10.86 -10.755 -10.551 -10.287 -9.947 -10.865 -10.699 -10.413 -10.159 -9.897 -10.687 -10.427 -10.173 -9.981 -9.902 -10.429 -10.589 -10.307 -9.333 -8.847 -8.265 -10.466
0.035713 -10.602 -10.734 -10.817 -10.908 -10.799 -10.603 -10.754 -10.897 -10.796 -10.595 -10.333 -9.995 -10.902 -10.741 -10.459 -10.206 -9.946 -10.729 -10.472 -10.22 -10.029 -9.949 -10.474 -10.632 -10.353 -9.384 -8.898 -8.318 -10.51
0.036793 -10.621 -10.757 -10.845 -10.944 -10.84 -10.647 -10.785 -10.934 -10.837 -10.639 -10.379 -10.044 -10.939 -10.782 -10.504 -10.253 -9.994 -10.771 -10.517 -10.267 -10.077 -9.997 -10.519 -10.676 -10.399 -9.434 -8.95 -8.37 -10.554
0.037906 -10.64 -10.78 -10.872 -10.98 -10.881 -10.691 -10.815 -10.971 -10.877 -10.683 -10.425 -10.092 -10.975 -10.824 -10.549 -10.3 -10.043 -10.813 -10.562 -10.314 -10.125 -10.044 -10.563 -10.719 -10.445 -9.484 -9.001 -8.422 -10.598
0.039052 -10.658 -10.803 -10.899 -11.015 -10.921 -10.735 -10.846 -11.008 -10.918 -10.727 -10.471 -10.14 -11.012 -10.865 -10.594 -10.347 -10.091 -10.855 -10.607 -10.361 -10.172 -10.091 -10.608 -10.762 -10.491 -9.535 -9.052 -8.475 -10.642
0.040234 -10.676 -10.825 -10.926 -11.051 -10.961 -10.778 -10.876 -11.044 -10.958 -10.77 -10.517 -10.188 -11.048 -10.906 -10.639 -10.394 -10.139 -10.896 -10.652 -10.407 -10.22 -10.139 -10.652 -10.804 -10.537 -9.585 -9.104 -8.527 -10.685
0.04145 -10.693 -10.846 -10.952 -11.086 -11.001 -10.821 -10.906 -11.08 -10.997 -10.814 -10.563 -10.236 -11.084 -10.947 -10.684 -10.441 -10.187 -10.938 -10.697 -10.454 -10.267 -10.186 -10.696 -10.847 -10.582 -9.635 -9.155 -8.579 -10.729
0.042704 -10.71 -10.868 -10.978 -11.121 -11.04 -10.865 -10.936 -11.115 -11.037 -10.857 -10.609 -10.284 -11.119 -10.988 -10.729 -10.488 -10.236 -10.979 -10.741 -10.5 -10.315 -10.233 -10.74 -10.889 -10.628 -9.685 -9.206 -8.631 -10.772
0.043996 -10.726 -10.889 -11.004 -11.155 -11.08 -10.908 -10.965 -11.151 -11.076 -10.9 -10.654 -10.331 -11.154 -11.029 -10.774 -10.534 -10.284 -11.02 -10.786 -10.547 -10.362 -10.28 -10.784 -10.932 -10.673 -9.735 -9.257 -8.683 -10.815
0.045326 -10.742 -10.909 -11.029 -11.19 -11.119 -10.95 -10.994 -11.186 -11.116 -10.943 -10.7 -10.379 -11.189 -11.069 -10.818 -10.581 -10.331 -11.061 -10.83 -10.593 -10.409 -10.327 -10.827 -10.974 -10.718 -9.785 -9.308 -8.735 -10.858
0.046697 -10.758 -10.929 -11.054 -11.224 -11.158 -10.993 -11.023 -11.221 -11.155 -10.985 -10.745 -10.426 -11.224 -11.11 -10.862 -10.627 -10.379 -11.101 -10.874 -10.639 -10.456 -10.374 -10.871 -11.016 -10.764 -9.835 -9.36 -8.787 -10.901
0.048109 -10.773 -10.948 -11.078 -11.257 -11.196 -11.036 -11.052 -11.256 -11.193 -11.028 -10.79 -10.474 -11.259 -11.15 -10.906 -10.673 -10.427 -11.142 -10.918 -10.685 -10.503 -10.421 -10.914 -11.057 -10.809 -9.885 -9.411 -8.839 -10.943
0.049564 -10.788 -10.967 -11.102 -11.291 -11.235 -11.078 -11.08 -11.29 -11.232 -11.07 -10.835 -10.521 -11.293 -11.189 -10.95 -10.719 -10.475 -11.182 -10.962 -10.731 -10.55 -10.468 -10.957 -11.099 -10.853 -9.935 -9.461 -8.891 -10.985
0.051063 -10.802 -10.986 -11.125 -11.324 -11.273 -11.12 -11.109 -11.324 -11.27 -11.112 -10.88 -10.568 -11.327 -11.229 -10.994 -10.765 -10.522 -11.222 -11.005 -10.777 -10.597 -10.515 -11.0 -11.14 -10.898 -9.985 -9.512 -8.943 -11.028
0.052608 -10.815 -11.004 -11.149 -11.357 -11.311 -11.162 -11.136 -11.358 -11.308 -11.154 -10.925 -10.615 -11.36 -11.269 -11.038 -10.811 -10.57 -11.262 -11.049 -10.822 -10.644 -10.562 -11.043 -11.182 -10.943 -10.034 -9.563 -8.995 -11.07
0.054199 -10.828 -11.021 -11.172 -11.389 -11.349 -11.204 -11.164 -11.391 -11.346 -11.196 -10.969 -10.662 -11.394 -11.308 -11.081 -10.857 -10.617 -11.302 -11.092 -10.868 -10.691 -10.608 -11.086 -11.223 -10.987 -10.084 -9.614 -9.047 -11.112
0.055838 -10.841 -11.039 -11.194 -11.422 -11.387 -11.245 -11.191 -11.424 -11.384 -11.238 -11.014 -10.709 -11.427 -11.347 -11.125 -10.902 -10.664 -11.341 -11.136 -10.913 -10.737 -10.655 -11.128 -11.263 -11.031 -10.133 -9.665 -9.098 -11.153
0.057527 -10.853 -11.055 -11.216 -11.454 -11.424 -11.287 -11.218 -11.457 -11.421 -11.279 -11.058 -10.756 -11.459 -11.385 -11.168 -10.948 -10.711 -11.38 -11.179 -10.959 -10.784 -10.701 -11.171 -11.304 -11.075 -10.183 -9.715 -9.15 -11.195
0.059267 -10.865 -11.071 -11.237 -11.485 -11.461 -11.328 -11.245 -11.49 -11.458 -11.321 -11.102 -10.803 -11.492 -11.424 -11.211 -10.993 -10.758 -11.419 -11.221 -11.004 -10.83 -10.748 -11.213 -11.344 -11.119 -10.232 -9.766 -9.202 -11.236
0.061059 -10.876 -11.087 -11.259 -11.516 -11.498 -11.369 -11.272 -11.522 -11.495 -11.362 -11.146 -10.849 -11.524 -11.462 -11.254 -11.038 -10.805 -11.458 -11.264 -11.049 -10.876 -10.794 -11.255 -11.385 -11.163 -10.281 -9.816 -9.253 -11.278
0.062906 -10.886 -11.102 -11.279 -11.547 -11.535 -11.41 -11.298 -11.554 -11.532 -11.403 -11.19 -10.895 -11.556 -11.5 -11.297 -11.084 -10.852 -11.497 -11.307 -11.094 -10.922 -10.84 -11.297 -11.425 -11.207 -10.33 -9.867 -9.305 -11.319
0.064808 -10.896 -11.116 -11.299 -11.578 -11.571 -11.45 -11.324 -11.586 -11.568 -11.443 -11.234 -10.942 -11.587 -11.538 -11.339 -11.128 -10.898 -11.535 -11.349 -11.139 -10.968 -10.886 -11.338 -11.464 -11.25 -10.379 -9.917 -9.356 -11.36
0.066769 -10.906 -11.13 -11.319 -11.608 -11.607 -11.491 -11.35 -11.617 -11.604 -11.484 -11.277 -10.988 -11.618 -11.576 -11.381 -11.173 -10.945 -11.573 -11.391 -11.183 -11.014 -10.932 -11.38 -11.504 -11.294 -10.428 -9.968 -9.408 -11.4
0.068788 -10.915 -11.143 -11.339 -11.638 -11.643 -11.531 -11.375 -11.648 -11.64 -11.524 -11.32 -11.034 -11.649 -11.613 -11.424 -11.218 -10.991 -11.611 -11.433 -11.228 -11.06 -10.978 -11.421 -11.543 -11.337 -10.477 -10.018 -9.459 -11.441
0.070868 -10.923 -11.156 -11.357 -11.668 -11.678 -11.571 -11.4 -11.678 -11.676 -11.564 -11.364 -11.08 -11.679 -11.65 -11.466 -11.262 -11.038 -11.649 -11.475 -11.272 -11.106 -11.024 -11.462 -11.582 -11.38 -10.526 -10.068 -9.51 -11.481
0.073012 -10.931 -11.169 -11.376 -11.697 -11.714 -11.611 -11.425 -11.709 -11.711 -11.604 -11.407 -11.126 -11.709 -11.687 -11.507 -11.307 -11.084 -11.686 -11.517 -11.316 -11.151 -11.07 -11.503 -11.621 -11.423 -10.575 -10.118 -9.561 -11.521
0.07522 -10.938 -11.18 -11.394 -11.726 -11.749 -11.65 -11.449 -11.739 -11.746 -11.644 -11.45 -11.171 -11.739 -11.724 -11.549 -11.351 -11.13 -11.723 -11.559 -11.36 -11.196 -11.116 -11.544 -11.66 -11.465 -10.624 -10.168 -9.613 -11.561
0.077495 -10.944 -11.191 -11.411 -11.754 -11.783 -11.69 -11.473 -11.768 -11.781 -11.683 -11.492 -11.217 -11.768 -11.76 -11.59 -11.395 -11.176 -11.76 -11.6 -11.404 -11.242 -11.161 -11.584 -11.699 -11.508 -10.672 -10.218 -9.664 -11.601
0.079839 -10.95 -11.202 -11.428 -11.783 -11.818 -11.729 -11.497 -11.797 -11.815 -11.722 -11.535 -11.262 -11.797 -11.796 -11.632 -11.439 -11.221 -11.797 -11.641 -11.448 -11.287 -11.207 -11.625 -11.737 -11.55 -10.721 -10.268 -9.715 -11.64
