web/models/kne.last_good/kappa_1_10/18/villar_0.0148_0.0613_10.0000.dat
# %ECSV 1.0
# ---
# datatype:
# - {name: time, datatype: float64}
# - {name: swift_uvot_uvw2, datatype: float64}
# - {name: swift_uvot_uvm2, datatype: float64}
# - {name: swift_uvot_uvw1, datatype: float64}
# - {name: swift_uvot_U, datatype: float64}
# - {name: swift_uvot_B, datatype: float64}
# - {name: swift_uvot_V, datatype: float64}
# - {name: swift_uvot_W, datatype: float64}
# - {name: johnson_U, datatype: float64}
# - {name: johnson_B, datatype: float64}
# - {name: johnson_V, datatype: float64}
# - {name: johnson_R, datatype: float64}
# - {name: johnson_I, datatype: float64}
# - {name: sdss_u, datatype: float64}
# - {name: sdss_g, datatype: float64}
# - {name: sdss_r, datatype: float64}
# - {name: sdss_i, datatype: float64}
# - {name: sdss_z, datatype: float64}
# - {name: PS1_g, datatype: float64}
# - {name: PS1_r, datatype: float64}
# - {name: PS1_i, datatype: float64}
# - {name: PS1_z, datatype: float64}
# - {name: PS1_Y, datatype: float64}
# - {name: PS1_w, datatype: float64}
# - {name: ATLAS_c, datatype: float64}
# - {name: ATLAS_o, datatype: float64}
# - {name: ukirt_J, datatype: float64}
# - {name: ukirt_H, datatype: float64}
# - {name: ukirt_K, datatype: float64}
# - {name: Clear, datatype: float64}
# meta: !!omap
# - comment: [kappa = 10.0, type = villar, mass = 0.014775890654408853, velocity = 0.06133333333333335, theta_obs = 0.0]
# schema: astropy-2.0
time swift_uvot_uvw2 swift_uvot_uvm2 swift_uvot_uvw1 swift_uvot_U swift_uvot_B swift_uvot_V swift_uvot_W johnson_U johnson_B johnson_V johnson_R johnson_I sdss_u sdss_g sdss_r sdss_i sdss_z PS1_g PS1_r PS1_i PS1_z PS1_Y PS1_w ATLAS_c ATLAS_o ukirt_J ukirt_H ukirt_K Clear
[from data line 154]
0.098355 -10.221 -10.368 -10.467 -10.588 -10.496 -10.312 -10.416 -10.581 -10.493 -10.304 -10.05 -9.72 -10.585 -10.441 -10.172 -9.926 -9.671 -10.431 -10.185 -9.94 -9.752 -9.671 -10.185 -10.338 -10.069 -9.116 -8.634 -8.057 -10.219
0.101329 -10.238 -10.389 -10.493 -10.623 -10.535 -10.355 -10.445 -10.616 -10.532 -10.347 -10.095 -9.767 -10.62 -10.482 -10.217 -9.973 -9.719 -10.472 -10.229 -9.986 -9.799 -9.718 -10.229 -10.381 -10.115 -9.166 -8.685 -8.109 -10.262
0.104394 -10.254 -10.41 -10.518 -10.657 -10.575 -10.398 -10.474 -10.652 -10.572 -10.39 -10.141 -9.815 -10.655 -10.522 -10.261 -10.019 -9.767 -10.513 -10.274 -10.032 -9.846 -9.765 -10.273 -10.423 -10.16 -9.216 -8.736 -8.161 -10.305
0.107551 -10.27 -10.43 -10.543 -10.692 -10.614 -10.44 -10.503 -10.687 -10.611 -10.433 -10.186 -9.862 -10.69 -10.563 -10.306 -10.066 -9.814 -10.554 -10.318 -10.078 -9.893 -9.812 -10.316 -10.465 -10.205 -9.265 -8.787 -8.213 -10.348
0.110804 -10.285 -10.45 -10.568 -10.726 -10.653 -10.483 -10.532 -10.722 -10.65 -10.475 -10.231 -9.91 -10.725 -10.603 -10.35 -10.112 -9.862 -10.594 -10.362 -10.124 -9.94 -9.858 -10.36 -10.507 -10.25 -9.315 -8.838 -8.264 -10.39
0.114155 -10.301 -10.47 -10.593 -10.759 -10.691 -10.525 -10.561 -10.756 -10.688 -10.518 -10.276 -9.957 -10.76 -10.643 -10.394 -10.158 -9.91 -10.635 -10.406 -10.17 -9.987 -9.905 -10.403 -10.548 -10.295 -9.365 -8.889 -8.316 -10.433
0.117608 -10.315 -10.489 -10.617 -10.793 -10.73 -10.568 -10.589 -10.791 -10.727 -10.56 -10.321 -10.004 -10.794 -10.683 -10.438 -10.204 -9.957 -10.675 -10.45 -10.216 -10.034 -9.952 -10.446 -10.59 -10.34 -9.415 -8.94 -8.368 -10.475
0.121165 -10.329 -10.508 -10.64 -10.826 -10.768 -10.61 -10.617 -10.825 -10.765 -10.602 -10.366 -10.051 -10.828 -10.722 -10.482 -10.25 -10.005 -10.715 -10.493 -10.262 -10.081 -9.999 -10.489 -10.631 -10.384 -9.464 -8.99 -8.42 -10.517
0.124829 -10.343 -10.526 -10.664 -10.859 -10.806 -10.652 -10.645 -10.859 -10.803 -10.644 -10.411 -10.098 -10.861 -10.762 -10.525 -10.296 -10.052 -10.755 -10.537 -10.307 -10.127 -10.045 -10.532 -10.672 -10.429 -9.514 -9.041 -8.472 -10.56
0.128605 -10.356 -10.544 -10.687 -10.892 -10.844 -10.694 -10.673 -10.892 -10.841 -10.686 -10.455 -10.145 -10.895 -10.801 -10.569 -10.342 -10.099 -10.794 -10.58 -10.353 -10.174 -10.092 -10.574 -10.713 -10.473 -9.563 -9.092 -8.523 -10.601
0.132494 -10.369 -10.561 -10.709 -10.924 -10.882 -10.735 -10.7 -10.925 -10.879 -10.728 -10.5 -10.192 -10.928 -10.84 -10.612 -10.387 -10.147 -10.834 -10.623 -10.398 -10.221 -10.138 -10.617 -10.754 -10.518 -9.613 -9.143 -8.575 -10.643
0.136502 -10.382 -10.578 -10.731 -10.956 -10.919 -10.777 -10.727 -10.958 -10.916 -10.769 -10.544 -10.239 -10.961 -10.879 -10.656 -10.433 -10.194 -10.873 -10.666 -10.444 -10.267 -10.185 -10.659 -10.795 -10.562 -9.662 -9.193 -8.627 -10.685
0.14063 -10.393 -10.594 -10.753 -10.988 -10.957 -10.818 -10.754 -10.991 -10.954 -10.811 -10.588 -10.286 -10.993 -10.918 -10.699 -10.478 -10.241 -10.912 -10.709 -10.489 -10.313 -10.231 -10.702 -10.836 -10.606 -9.712 -9.244 -8.678 -10.726
0.144883 -10.405 -10.61 -10.775 -11.019 -10.994 -10.859 -10.781 -11.024 -10.991 -10.852 -10.632 -10.332 -11.026 -10.956 -10.742 -10.523 -10.288 -10.951 -10.752 -10.534 -10.36 -10.277 -10.744 -10.876 -10.65 -9.761 -9.294 -8.73 -10.768
0.149265 -10.416 -10.625 -10.796 -11.051 -11.03 -10.9 -10.807 -11.056 -11.028 -10.893 -10.676 -10.379 -11.058 -10.994 -10.785 -10.568 -10.334 -10.99 -10.795 -10.579 -10.406 -10.324 -10.786 -10.916 -10.693 -9.81 -9.345 -8.781 -10.809
0.15378 -10.426 -10.64 -10.816 -11.081 -11.067 -10.941 -10.833 -11.088 -11.064 -10.934 -10.72 -10.425 -11.089 -11.032 -10.827 -10.613 -10.381 -11.029 -10.837 -10.624 -10.452 -10.37 -10.827 -10.956 -10.737 -9.859 -9.395 -8.833 -10.85
0.15843 -10.436 -10.655 -10.836 -11.112 -11.103 -10.981 -10.859 -11.119 -11.101 -10.974 -10.764 -10.471 -11.121 -11.07 -10.87 -10.658 -10.428 -11.067 -10.88 -10.668 -10.498 -10.416 -10.869 -10.996 -10.781 -9.908 -9.446 -8.884 -10.891
0.163222 -10.446 -10.669 -10.856 -11.142 -11.139 -11.022 -10.885 -11.151 -11.137 -11.015 -10.807 -10.517 -11.152 -11.108 -10.912 -10.703 -10.474 -11.105 -10.922 -10.713 -10.544 -10.462 -10.911 -11.035 -10.824 -9.957 -9.496 -8.936 -10.931
0.168159 -10.455 -10.682 -10.876 -11.172 -11.175 -11.062 -10.91 -11.182 -11.173 -11.055 -10.851 -10.563 -11.183 -11.145 -10.954 -10.748 -10.521 -11.143 -10.964 -10.758 -10.589 -10.508 -10.952 -11.075 -10.867 -10.006 -9.546 -8.987 -10.972
0.173245 -10.463 -10.695 -10.895 -11.202 -11.211 -11.102 -10.935 -11.212 -11.208 -11.095 -10.894 -10.609 -11.213 -11.182 -10.996 -10.792 -10.567 -11.181 -11.006 -10.802 -10.635 -10.554 -10.993 -11.114 -10.91 -10.055 -9.596 -9.038 -11.012
0.178484 -10.471 -10.708 -10.913 -11.231 -11.246 -11.142 -10.96 -11.243 -11.244 -11.135 -10.937 -10.655 -11.243 -11.219 -11.038 -10.837 -10.613 -11.218 -11.048 -10.846 -10.681 -10.6 -11.034 -11.153 -10.953 -10.104 -9.646 -9.089 -11.052
0.183882 -10.478 -10.72 -10.931 -11.26 -11.281 -11.182 -10.985 -11.273 -11.279 -11.175 -10.98 -10.701 -11.273 -11.256 -11.08 -10.881 -10.659 -11.255 -11.089 -10.89 -10.726 -10.645 -11.075 -11.192 -10.996 -10.152 -9.697 -9.141 -11.092
0.189444 -10.485 -10.731 -10.949 -11.289 -11.316 -11.221 -11.009 -11.303 -11.314 -11.215 -11.023 -10.746 -11.303 -11.292 -11.121 -10.925 -10.705 -11.292 -11.131 -10.934 -10.772 -10.691 -11.116 -11.23 -11.038 -10.201 -9.747 -9.192 -11.132
0.195173 -10.492 -10.742 -10.966 -11.317 -11.351 -11.26 -11.033 -11.332 -11.348 -11.254 -11.065 -10.792 -11.332 -11.329 -11.163 -10.969 -10.751 -11.329 -11.172 -10.978 -10.817 -10.736 -11.156 -11.269 -11.081 -10.25 -9.797 -9.243 -11.172
0.201076 -10.498 -10.752 -10.983 -11.345 -11.385 -11.3 -11.057 -11.361 -11.383 -11.293 -11.108 -10.837 -11.361 -11.365 -11.204 -11.013 -10.797 -11.366 -11.213 -11.022 -10.862 -10.782 -11.196 -11.307 -11.123 -10.298 -9.847 -9.294 -11.211
0.207158 -10.503 -10.762 -11.0 -11.373 -11.419 -11.338 -11.081 -11.39 -11.417 -11.332 -11.15 -10.883 -11.39 -11.4 -11.245 -11.057 -10.843 -11.402 -11.254 -11.066 -10.907 -10.827 -11.236 -11.345 -11.165 -10.346 -9.896 -9.345 -11.25
0.213423 -10.508 -10.771 -11.016 -11.4 -11.453 -11.377 -11.104 -11.418 -11.451 -11.371 -11.192 -10.928 -11.418 -11.436 -11.286 -11.1 -10.888 -11.438 -11.295 -11.109 -10.952 -10.873 -11.276 -11.383 -11.207 -10.395 -9.946 -9.396 -11.29
0.219878 -10.512 -10.78 -11.031 -11.427 -11.486 -11.416 -11.127 -11.447 -11.484 -11.41 -11.235 -10.973 -11.446 -11.471 -11.327 -11.144 -10.934 -11.474 -11.335 -11.153 -10.997 -10.918 -11.316 -11.42 -11.249 -10.443 -9.996 -9.447 -11.328
0.226528 -10.516 -10.788 -11.046 -11.454 -11.52 -11.454 -11.15 -11.474 -11.518 -11.448 -11.276 -11.018 -11.473 -11.506 -11.367 -11.187 -10.979 -11.51 -11.376 -11.196 -11.041 -10.963 -11.356 -11.458 -11.291 -10.491 -10.046 -9.498 -11.367
0.233379 -10.519 -10.795 -11.061 -11.48 -11.553 -11.492 -11.172 -11.502 -11.551 -11.486 -11.318 -11.062 -11.5 -11.541 -11.407 -11.23 -11.024 -11.545 -11.416 -11.239 -11.086 -11.008 -11.395 -11.495 -11.332 -10.539 -10.095 -9.549 -11.406
0.240437 -10.521 -10.802 -11.075 -11.506 -11.585 -11.53 -11.194 -11.529 -11.583 -11.524 -11.36 -11.107 -11.527 -11.576 -11.448 -11.273 -11.069 -11.58 -11.456 -11.282 -11.131 -11.053 -11.434 -11.532 -11.374 -10.587 -10.145 -9.6 -11.444
0.247709 -10.523 -10.809 -11.088 -11.532 -11.618 -11.567 -11.216 -11.555 -11.616 -11.562 -11.401 -11.152 -11.554 -11.61 -11.487 -11.316 -11.114 -11.615 -11.496 -11.324 -11.175 -11.098 -11.473 -11.568 -11.415 -10.635 -10.194 -9.651 -11.482
0.255201 -10.525 -10.815 -11.101 -11.557 -11.65 -11.605 -11.238 -11.582 -11.648 -11.599 -11.442 -11.196 -11.58 -11.644 -11.527 -11.359 -11.159 -11.65 -11.536 -11.367 -11.219 -11.143 -11.512 -11.605 -11.456 -10.683 -10.244 -9.701 -11.52
0.262919 -10.526 -10.82 -11.114 -11.581 -11.682 -11.642 -11.259 -11.608 -11.68 -11.637 -11.483 -11.24 -11.605 -11.678 -11.567 -11.401 -11.204 -11.685 -11.575 -11.41 -11.263 -11.187 -11.551 -11.641 -11.496 -10.731 -10.293 -9.752 -11.558
0.270871 -10.526 -10.824 -11.126 -11.606 -11.713 -11.679 -11.28 -11.633 -11.711 -11.674 -11.524 -11.284 -11.631 -11.711 -11.606 -11.444 -11.248 -11.719 -11.614 -11.452 -11.307 -11.232 -11.589 -11.677 -11.537 -10.778 -10.342 -9.803 -11.595
0.279064 -10.526 -10.828 -11.138 -11.63 -11.744 -11.716 -11.301 -11.659 -11.743 -11.71 -11.565 -11.328 -11.656 -11.744 -11.645 -11.486 -11.293 -11.753 -11.654 -11.494 -11.351 -11.276 -11.628 -11.713 -11.577 -10.826 -10.392 -9.853 -11.633
0.287504 -10.525 -10.831 -11.149 -11.653 -11.775 -11.752 -11.322 -11.683 -11.774 -11.747 -11.605 -11.372 -11.68 -11.777 -11.684 -11.528 -11.337 -11.786 -11.692 -11.536 -11.395 -11.321 -11.666 -11.748 -11.618 -10.873 -10.441 -9.904 -11.67
0.296199 -10.523 -10.834 -11.159 -11.676 -11.806 -11.788 -11.342 -11.708 -11.804 -11.783 -11.646 -11.416 -11.704 -11.81 -11.723 -11.57 -11.381 -11.82 -11.731 -11.578 -11.438 -11.365 -11.703 -11.784 -11.658 -10.921 -10.49 -9.954 -11.707
0.305157 -10.521 -10.836 -11.169 -11.699 -11.836 -11.824 -11.362 -11.732 -11.835 -11.819 -11.686 -11.459 -11.728 -11.842 -11.761 -11.612 -11.425 -11.853 -11.77 -11.62 -11.482 -11.409 -11.741 -11.819 -11.698 -10.968 -10.539 -10.005 -11.744
0.314387 -10.518 -10.837 -11.179 -11.721 -11.866 -11.86 -11.381 -11.756 -11.865 -11.855 -11.726 -11.503 -11.751 -11.874 -11.8 -11.653 -11.469 -11.885 -11.808 -11.661 -11.525 -11.453 -11.778 -11.853 -11.737 -11.015 -10.588 -10.055 -11.78
0.323895 -10.515 -10.838 -11.188 -11.743 -11.896 -11.895 -11.401 -11.779 -11.894 -11.891 -11.765 -11.546 -11.774 -11.906 -11.838 -11.695 -11.513 -11.918 -11.846 -11.702 -11.568 -11.497 -11.816 -11.888 -11.777 -11.062 -10.637 -10.105 -11.816
0.333691 -10.511 -10.838 -11.196 -11.765 -11.925 -11.931 -11.42 -11.802 -11.924 -11.926 -11.805 -11.589 -11.797 -11.937 -11.876 -11.736 -11.556 -11.95 -11.884 -11.744 -11.611 -11.541 -11.852 -11.922 -11.816 -11.109 -10.686 -10.156 -11.852
0.343783 -10.506 -10.837 -11.204 -11.786 -11.954 -11.966 -11.439 -11.824 -11.953 -11.961 -11.844 -11.632 -11.819 -11.968 -11.913 -11.777 -11.6 -11.982 -11.921 -11.785 -11.654 -11.584 -11.889 -11.956 -11.855 -11.156 -10.734 -10.206 -11.888
0.354181 -10.501 -10.836 -11.212 -11.806 -11.983 -12.0 -11.457 -11.846 -11.981 -11.996 -11.883 -11.675 -11.841 -11.999 -11.951 -11.818 -11.643 -12.014 -11.959 -11.825 -11.697 -11.628 -11.926 -11.99 -11.894 -11.203 -10.783 -10.256 -11.924
0.364893 -10.495 -10.834 -11.218 -11.826 -12.011 -12.035 -11.475 -11.867 -12.01 -12.03 -11.922 -11.718 -11.862 -12.029 -11.988 -11.858 -11.686 -12.045 -11.996 -11.866 -11.74 -11.671 -11.962 -12.023 -11.933 -11.25 -10.832 -10.306 -11.959
0.375929 -10.489 -10.831 -11.224 -11.846 -12.039 -12.069 -11.493 -11.888 -12.038 -12.065 -11.961 -11.76 -11.882 -12.06 -12.025 -11.899 -11.729 -12.076 -12.033 -11.907 -11.782 -11.714 -11.998 -12.056 -11.971 -11.296 -10.88 -10.356 -11.994
0.387298 -10.482 -10.828 -11.23 -11.865 -12.066 -12.103 -11.51 -11.909 -12.065 -12.099 -12.0 -11.803 -11.903 -12.089 -12.062 -11.939 -11.772 -12.107 -12.069 -11.947 -11.824 -11.758 -12.034 -12.089 -12.009 -11.343 -10.928 -10.406 -12.029
0.399012 -10.474 -10.823 -11.235 -11.884 -12.093 -12.136 -11.528 -11.929 -12.092 -12.132 -12.038 -11.845 -11.922 -12.119 -12.098 -11.979 -11.815 -12.137 -12.106 -11.987 -11.866 -11.801 -12.069 -12.121 -12.047 -11.389 -10.977 -10.456 -12.064
0.41108 -10.465 -10.818 -11.239 -11.902 -12.12 -12.169 -11.544 -11.949 -12.119 -12.166 -12.076 -11.887 -11.942 -12.148 -12.134 -12.019 -11.858 -12.167 -12.142 -12.027 -11.908 -11.844 -12.105 -12.154 -12.085 -11.435 -11.025 -10.506 -12.098
0.423513 -10.456 -10.813 -11.243 -11.919 -12.146 -12.202 -11.561 -11.968 -12.146 -12.199 -12.114 -11.929 -11.961 -12.177 -12.17 -12.059 -11.9 -12.197 -12.178 -12.067 -11.95 -11.886 -12.14 -12.186 -12.123 -11.482 -11.073 -10.556 -12.132
0.436321 -10.446 -10.806 -11.246 -11.937 -12.172 -12.235 -11.577 -11.987 -12.172 -12.232 -12.151 -11.97 -11.979 -12.205 -12.206 -12.098 -11.942 -12.226 -12.214 -12.106 -11.992 -11.929 -12.174 -12.217 -12.16 -11.528 -11.121 -10.606 -12.166
0.449518 -10.436 -10.799 -11.249 -11.953 -12.198 -12.267 -11.593 -12.005 -12.198 -12.264 -12.189 -12.012 -11.997 -12.233 -12.241 -12.138 -11.984 -12.255 -12.249 -12.145 -12.033 -11.971 -12.209 -12.248 -12.197 -11.574 -11.169 -10.655 -12.2
0.463113 -10.425 -10.791 -11.251 -11.969 -12.223 -12.299 -11.608 -12.023 -12.223 -12.296 -12.226 -12.053 -12.014 -12.261 -12.277 -12.177 -12.026 -12.284 -12.284 -12.184 -12.074 -12.014 -12.243 -12.279 -12.234 -11.619 -11.217 -10.705 -12.233
0.47712 -10.413 -10.782 -11.252 -11.985 -12.248 -12.331 -11.624 -12.04 -12.248 -12.328 -12.263 -12.094 -12.031 -12.288 -12.312 -12.216 -12.068 -12.312 -12.319 -12.223 -12.116 -12.056 -12.277 -12.31 -12.27 -11.665 -11.265 -10.754 -12.266
0.49155 -10.4 -10.772 -11.253 -12.0 -12.272 -12.362 -11.638 -12.057 -12.272 -12.36 -12.299 -12.135 -12.047 -12.315 -12.346 -12.254 -12.109 -12.34 -12.354 -12.262 -12.156 -12.098 -12.311 -12.34 -12.307 -11.711 -11.313 -10.804 -12.299
0.506416 -10.387 -10.762 -11.253 -12.015 -12.296 -12.394 -11.653 -12.073 -12.296 -12.391 -12.336 -12.176 -12.063 -12.342 -12.38 -12.293 -12.151 -12.367 -12.388 -12.3 -12.197 -12.14 -12.344 -12.37 -12.343 -11.756 -11.36 -10.853 -12.332
0.521733 -10.373 -10.75 -11.252 -12.029 -12.32 -12.424 -11.667 -12.089 -12.32 -12.422 -12.372 -12.216 -12.078 -12.368 -12.414 -12.331 -12.192 -12.395 -12.422 -12.338 -12.238 -12.181 -12.378 -12.4 -12.379 -11.801 -11.408 -10.902 -12.364
0.537512 -10.358 -10.738 -11.251 -12.042 -12.343 -12.455 -11.681 -12.104 -12.343 -12.453 -12.408 -12.257 -12.093 -12.393 -12.448 -12.369 -12.233 -12.421 -12.456 -12.376 -12.278 -12.223 -12.411 -12.429 -12.414 -11.847 -11.455 -10.952 -12.396
0.553769 -10.343 -10.725 -11.249 -12.055 -12.365 -12.485 -11.694 -12.118 -12.366 -12.483 -12.443 -12.297 -12.107 -12.419 -12.482 -12.406 -12.273 -12.448 -12.489 -12.414 -12.318 -12.264 -12.443 -12.458 -12.45 -11.892 -11.503 -11.001 -12.427
0.570517 -10.327 -10.711 -11.246 -12.067 -12.388 -12.514 -11.707 -12.132 -12.388 -12.513 -12.479 -12.337 -12.121 -12.444 -12.515 -12.444 -12.314 -12.474 -12.523 -12.452 -12.358 -12.305 -12.475 -12.487 -12.485 -11.936 -11.55 -11.05 -12.459
0.587772 -10.31 -10.696 -11.243 -12.079 -12.409 -12.544 -11.72 -12.146 -12.41 -12.542 -12.514 -12.376 -12.134 -12.468 -12.548 -12.481 -12.354 -12.499 -12.555 -12.489 -12.398 -12.347 -12.507 -12.515 -12.519 -11.981 -11.597 -11.099 -12.49
0.605549 -10.292 -10.68 -11.238 -12.09 -12.431 -12.573 -11.732 -12.158 -12.431 -12.571 -12.549 -12.416 -12.146 -12.492 -12.58 -12.518 -12.394 -12.525 -12.588 -12.526 -12.437 -12.387 -12.539 -12.543 -12.554 -12.026 -11.644 -11.148 -12.521
0.623863 -10.274 -10.664 -11.233 -12.1 -12.451 -12.601 -11.744 -12.171 -12.452 -12.6 -12.583 -12.455 -12.158 -12.516 -12.612 -12.555 -12.434 -12.549 -12.62 -12.563 -12.477 -12.428 -12.57 -12.571 -12.588 -12.07 -11.691 -11.197 -12.551
0.642731 -10.255 -10.646 -11.228 -12.11 -12.472 -12.629 -11.756 -12.182 -12.472 -12.629 -12.617 -12.494 -12.169 -12.539 -12.644 -12.591 -12.474 -12.574 -12.652 -12.599 -12.516 -12.468 -12.602 -12.598 -12.622 -12.115 -11.738 -11.245 -12.581
0.66217 -10.235 -10.627 -11.221 -12.119 -12.491 -12.657 -11.767 -12.193 -12.492 -12.657 -12.651 -12.533 -12.179 -12.562 -12.676 -12.627 -12.514 -12.598 -12.684 -12.635 -12.555 -12.509 -12.632 -12.624 -12.655 -12.159 -11.784 -11.294 -12.611
0.682197 -10.214 -10.608 -11.214 -12.128 -12.51 -12.685 -11.778 -12.204 -12.512 -12.684 -12.685 -12.572 -12.189 -12.584 -12.707 -12.663 -12.553 -12.621 -12.715 -12.671 -12.593 -12.549 -12.663 -12.651 -12.688 -12.203 -11.831 -11.343 -12.641
