web/models/kne.last_good/kappa_0.5_3.0.v2/17/villar_0.5000_0.2493_0.5000.dat
# %ECSV 1.0
# ---
# datatype:
# - {name: time, datatype: float64}
# - {name: swift_uvot_uvw2, datatype: float64}
# - {name: swift_uvot_uvm2, datatype: float64}
# - {name: swift_uvot_uvw1, datatype: float64}
# - {name: swift_uvot_U, datatype: float64}
# - {name: swift_uvot_B, datatype: float64}
# - {name: swift_uvot_V, datatype: float64}
# - {name: swift_uvot_W, datatype: float64}
# - {name: johnson_U, datatype: float64}
# - {name: johnson_B, datatype: float64}
# - {name: johnson_V, datatype: float64}
# - {name: johnson_R, datatype: float64}
# - {name: johnson_I, datatype: float64}
# - {name: sdss_u, datatype: float64}
# - {name: sdss_g, datatype: float64}
# - {name: sdss_r, datatype: float64}
# - {name: sdss_i, datatype: float64}
# - {name: sdss_z, datatype: float64}
# - {name: PS1_g, datatype: float64}
# - {name: PS1_r, datatype: float64}
# - {name: PS1_i, datatype: float64}
# - {name: PS1_z, datatype: float64}
# - {name: PS1_Y, datatype: float64}
# - {name: PS1_w, datatype: float64}
# - {name: ATLAS_c, datatype: float64}
# - {name: ATLAS_o, datatype: float64}
# - {name: ukirt_J, datatype: float64}
# - {name: ukirt_H, datatype: float64}
# - {name: ukirt_K, datatype: float64}
# - {name: Clear, datatype: float64}
# meta: !!omap
# - comment: [kappa = 0.5, type = villar, mass = 0.5000000000045836, velocity = 0.24933333333333335, theta_obs = 0.0, tfloor = 2500.0]
# schema: astropy-2.0
time swift_uvot_uvw2 swift_uvot_uvm2 swift_uvot_uvw1 swift_uvot_U swift_uvot_B swift_uvot_V swift_uvot_W johnson_U johnson_B johnson_V johnson_R johnson_I sdss_u sdss_g sdss_r sdss_i sdss_z PS1_g PS1_r PS1_i PS1_z PS1_Y PS1_w ATLAS_c ATLAS_o ukirt_J ukirt_H ukirt_K Clear
[from data line 203]
0.423513 -19.136 -18.981 -18.868 -18.513 -18.187 -17.828 -18.713 -18.465 -18.183 -17.817 -17.443 -17.004 -18.475 -18.073 -17.611 -17.266 -16.94 -18.062 -17.655 -17.323 -17.115 -17.137 -17.669 -17.893 -17.47 -16.282 -15.744 -15.12 -17.744
0.436321 -19.136 -18.99 -18.881 -18.535 -18.214 -17.857 -18.727 -18.488 -18.21 -17.847 -17.475 -17.039 -18.497 -18.1 -17.642 -17.299 -16.974 -18.089 -17.684 -17.354 -17.145 -17.161 -17.699 -17.922 -17.502 -16.318 -15.782 -15.159 -17.773
0.449518 -19.136 -18.998 -18.893 -18.557 -18.24 -17.887 -18.739 -18.511 -18.236 -17.877 -17.507 -17.073 -18.52 -18.128 -17.673 -17.332 -17.008 -18.116 -17.714 -17.384 -17.175 -17.185 -17.729 -17.951 -17.533 -16.355 -15.819 -15.197 -17.802
0.463113 -19.136 -19.006 -18.904 -18.578 -18.266 -17.916 -18.751 -18.533 -18.262 -17.906 -17.538 -17.107 -18.542 -18.155 -17.704 -17.365 -17.043 -18.142 -17.743 -17.415 -17.205 -17.21 -17.759 -17.979 -17.565 -16.391 -15.857 -15.236 -17.831
0.47712 -19.135 -19.013 -18.916 -18.6 -18.292 -17.946 -18.763 -18.555 -18.288 -17.935 -17.57 -17.141 -18.564 -18.182 -17.735 -17.398 -17.077 -18.169 -17.773 -17.446 -17.235 -17.235 -17.789 -18.008 -17.597 -16.428 -15.894 -15.274 -17.86
0.49155 -19.133 -19.02 -18.926 -18.62 -18.317 -17.975 -18.775 -18.577 -18.314 -17.965 -17.602 -17.175 -18.586 -18.209 -17.766 -17.431 -17.111 -18.195 -17.802 -17.477 -17.266 -17.26 -17.819 -18.036 -17.628 -16.464 -15.932 -15.313 -17.889
0.506416 -19.131 -19.026 -18.937 -18.641 -18.343 -18.004 -18.786 -18.598 -18.339 -17.994 -17.634 -17.209 -18.607 -18.235 -17.797 -17.464 -17.146 -18.221 -17.831 -17.508 -17.296 -17.286 -17.849 -18.064 -17.66 -16.501 -15.97 -15.352 -17.918
0.521733 -19.128 -19.032 -18.946 -18.661 -18.368 -18.033 -18.796 -18.619 -18.364 -18.023 -17.665 -17.243 -18.628 -18.262 -17.827 -17.497 -17.18 -18.247 -17.861 -17.539 -17.327 -17.312 -17.878 -18.093 -17.691 -16.537 -16.007 -15.39 -17.947
0.537512 -19.125 -19.037 -18.956 -18.681 -18.393 -18.062 -18.807 -18.64 -18.389 -18.052 -17.697 -17.277 -18.649 -18.288 -17.858 -17.529 -17.214 -18.273 -17.89 -17.57 -17.358 -17.339 -17.908 -18.121 -17.723 -16.574 -16.045 -15.429 -17.975
0.553769 -19.121 -19.041 -18.964 -18.701 -18.418 -18.091 -18.817 -18.661 -18.414 -18.081 -17.728 -17.31 -18.669 -18.315 -17.888 -17.562 -17.249 -18.299 -17.92 -17.601 -17.389 -17.365 -17.937 -18.148 -17.754 -16.61 -16.083 -15.468 -18.004
0.570517 -19.117 -19.045 -18.973 -18.721 -18.443 -18.12 -18.826 -18.681 -18.439 -18.11 -17.76 -17.344 -18.69 -18.341 -17.919 -17.595 -17.283 -18.325 -17.949 -17.632 -17.42 -17.392 -17.967 -18.176 -17.786 -16.647 -16.121 -15.507 -18.032
0.587772 -19.112 -19.048 -18.981 -18.74 -18.468 -18.148 -18.835 -18.701 -18.464 -18.138 -17.791 -17.378 -18.71 -18.367 -17.949 -17.628 -17.318 -18.35 -17.978 -17.663 -17.451 -17.42 -17.996 -18.204 -17.817 -16.684 -16.159 -15.547 -18.061
0.605549 -19.106 -19.051 -18.988 -18.759 -18.492 -18.177 -18.844 -18.721 -18.488 -18.167 -17.823 -17.413 -18.73 -18.392 -17.98 -17.66 -17.352 -18.376 -18.008 -17.694 -17.482 -17.448 -18.025 -18.232 -17.848 -16.721 -16.198 -15.586 -18.089
0.623863 -19.1 -19.053 -18.995 -18.778 -18.516 -18.205 -18.853 -18.741 -18.513 -18.196 -17.854 -17.447 -18.749 -18.418 -18.01 -17.693 -17.386 -18.402 -18.037 -17.726 -17.514 -17.476 -18.054 -18.259 -17.879 -16.758 -16.236 -15.625 -18.117
0.642731 -19.094 -19.054 -19.002 -18.796 -18.541 -18.234 -18.861 -18.76 -18.537 -18.224 -17.886 -17.481 -18.769 -18.444 -18.041 -17.726 -17.421 -18.427 -18.067 -17.757 -17.546 -17.504 -18.084 -18.287 -17.911 -16.795 -16.274 -15.665 -18.145
0.66217 -19.087 -19.056 -19.008 -18.815 -18.565 -18.262 -18.869 -18.78 -18.561 -18.253 -17.917 -17.515 -18.788 -18.469 -18.071 -17.759 -17.455 -18.453 -18.096 -17.789 -17.578 -17.533 -18.113 -18.314 -17.942 -16.832 -16.313 -15.705 -18.173
0.682197 -19.079 -19.056 -19.014 -18.833 -18.589 -18.291 -18.877 -18.799 -18.585 -18.281 -17.949 -17.549 -18.807 -18.495 -18.101 -17.791 -17.49 -18.478 -18.125 -17.82 -17.61 -17.562 -18.142 -18.342 -17.973 -16.869 -16.351 -15.745 -18.201
0.70283 -19.072 -19.057 -19.019 -18.851 -18.612 -18.319 -18.884 -18.818 -18.609 -18.309 -17.98 -17.583 -18.826 -18.52 -18.132 -17.824 -17.525 -18.503 -18.155 -17.852 -17.642 -17.591 -18.171 -18.369 -18.005 -16.906 -16.39 -15.785 -18.23
0.724086 -19.063 -19.056 -19.025 -18.868 -18.636 -18.347 -18.892 -18.837 -18.633 -18.338 -18.012 -17.618 -18.844 -18.546 -18.162 -17.857 -17.56 -18.529 -18.185 -17.884 -17.674 -17.621 -18.2 -18.396 -18.036 -16.944 -16.429 -15.825 -18.258
0.745986 -19.055 -19.056 -19.03 -18.886 -18.66 -18.376 -18.899 -18.855 -18.656 -18.366 -18.044 -17.652 -18.863 -18.571 -18.192 -17.89 -17.595 -18.554 -18.214 -17.916 -17.707 -17.651 -18.23 -18.424 -18.067 -16.982 -16.468 -15.865 -18.286
0.768548 -19.046 -19.055 -19.034 -18.903 -18.684 -18.404 -18.906 -18.874 -18.68 -18.395 -18.075 -17.687 -18.881 -18.596 -18.223 -17.923 -17.63 -18.58 -18.244 -17.948 -17.74 -17.682 -18.259 -18.451 -18.099 -17.019 -16.508 -15.906 -18.314
0.791792 -19.036 -19.053 -19.039 -18.921 -18.708 -18.433 -18.913 -18.892 -18.704 -18.423 -18.107 -17.722 -18.899 -18.622 -18.254 -17.957 -17.665 -18.605 -18.274 -17.981 -17.773 -17.713 -18.288 -18.479 -18.131 -17.057 -16.547 -15.946 -18.342
0.815739 -19.027 -19.052 -19.043 -18.938 -18.731 -18.461 -18.92 -18.911 -18.728 -18.452 -18.139 -17.756 -18.918 -18.647 -18.284 -17.99 -17.7 -18.631 -18.304 -18.013 -17.806 -17.744 -18.318 -18.506 -18.162 -17.095 -16.587 -15.987 -18.371
0.840411 -19.017 -19.05 -19.047 -18.955 -18.755 -18.49 -18.927 -18.929 -18.751 -18.481 -18.171 -17.792 -18.936 -18.672 -18.315 -18.024 -17.735 -18.656 -18.334 -18.046 -17.84 -17.776 -18.347 -18.534 -18.194 -17.134 -16.627 -16.028 -18.399
0.865828 -19.007 -19.048 -19.051 -18.973 -18.779 -18.519 -18.934 -18.948 -18.775 -18.51 -18.203 -17.827 -18.954 -18.698 -18.346 -18.057 -17.771 -18.682 -18.365 -18.079 -17.873 -17.808 -18.377 -18.561 -18.226 -17.172 -16.667 -16.07 -18.427
0.892015 -18.997 -19.046 -19.055 -18.99 -18.803 -18.548 -18.942 -18.966 -18.799 -18.539 -18.236 -17.862 -18.972 -18.724 -18.377 -18.091 -17.807 -18.708 -18.395 -18.112 -17.907 -17.84 -18.407 -18.589 -18.258 -17.211 -16.707 -16.111 -18.456
0.918993 -18.987 -19.043 -19.059 -19.007 -18.827 -18.577 -18.949 -18.984 -18.823 -18.568 -18.268 -17.898 -18.991 -18.749 -18.408 -18.125 -17.843 -18.734 -18.426 -18.145 -17.942 -17.873 -18.437 -18.617 -18.291 -17.25 -16.748 -16.153 -18.485
0.946787 -18.977 -19.041 -19.062 -19.025 -18.851 -18.606 -18.957 -19.003 -18.847 -18.597 -18.301 -17.934 -19.009 -18.775 -18.44 -18.159 -17.879 -18.76 -18.457 -18.179 -17.976 -17.906 -18.467 -18.645 -18.323 -17.289 -16.788 -16.195 -18.514
0.975422 -18.967 -19.039 -19.067 -19.042 -18.875 -18.635 -18.964 -19.022 -18.872 -18.626 -18.334 -17.97 -19.028 -18.801 -18.471 -18.194 -17.916 -18.786 -18.488 -18.212 -18.011 -17.939 -18.497 -18.674 -18.356 -17.329 -16.829 -16.238 -18.543
1.004923 -18.958 -19.036 -19.071 -19.06 -18.9 -18.665 -18.973 -19.041 -18.896 -18.656 -18.367 -18.006 -19.047 -18.828 -18.503 -18.229 -17.953 -18.813 -18.519 -18.247 -18.047 -17.974 -18.528 -18.702 -18.389 -17.368 -16.871 -16.281 -18.573
1.035317 -18.948 -19.034 -19.075 -19.078 -18.925 -18.695 -18.981 -19.06 -18.921 -18.686 -18.401 -18.043 -19.065 -18.854 -18.535 -18.264 -17.99 -18.84 -18.551 -18.281 -18.082 -18.008 -18.559 -18.731 -18.422 -17.409 -16.913 -16.324 -18.603
1.066629 -18.939 -19.033 -19.08 -19.096 -18.95 -18.725 -18.99 -19.079 -18.946 -18.717 -18.435 -18.08 -19.085 -18.881 -18.568 -18.299 -18.027 -18.867 -18.583 -18.316 -18.118 -18.043 -18.59 -18.76 -18.456 -17.449 -16.955 -16.367 -18.633
1.098888 -18.931 -19.031 -19.085 -19.115 -18.975 -18.756 -19.0 -19.099 -18.972 -18.747 -18.469 -18.117 -19.104 -18.908 -18.601 -18.335 -18.065 -18.895 -18.616 -18.351 -18.155 -18.079 -18.622 -18.79 -18.49 -17.49 -16.997 -16.411 -18.663
1.132124 -18.923 -19.03 -19.09 -19.134 -19.001 -18.787 -19.01 -19.119 -18.998 -18.778 -18.504 -18.155 -19.124 -18.936 -18.634 -18.371 -18.103 -18.923 -18.649 -18.387 -18.192 -18.115 -18.654 -18.82 -18.524 -17.531 -17.04 -16.455 -18.694
1.166364 -18.915 -19.03 -19.096 -19.153 -19.027 -18.818 -19.02 -19.14 -19.024 -18.81 -18.539 -18.193 -19.145 -18.964 -18.668 -18.408 -18.142 -18.952 -18.682 -18.423 -18.229 -18.151 -18.686 -18.85 -18.559 -17.573 -17.083 -16.499 -18.726
1.20164 -18.908 -19.03 -19.103 -19.173 -19.054 -18.85 -19.032 -19.161 -19.051 -18.842 -18.574 -18.232 -19.166 -18.993 -18.702 -18.445 -18.181 -18.981 -18.716 -18.46 -18.267 -18.189 -18.719 -18.881 -18.594 -17.615 -17.127 -16.544 -18.758
1.237983 -18.903 -19.031 -19.111 -19.193 -19.082 -18.883 -19.044 -19.183 -19.078 -18.874 -18.61 -18.271 -19.187 -19.022 -18.737 -18.482 -18.221 -19.01 -18.75 -18.497 -18.305 -18.226 -18.753 -18.912 -18.63 -17.657 -17.171 -16.59 -18.79
1.275425 -18.898 -19.032 -19.119 -19.215 -19.109 -18.916 -19.057 -19.205 -19.106 -18.907 -18.647 -18.31 -19.209 -19.051 -18.772 -18.52 -18.261 -19.04 -18.785 -18.534 -18.344 -18.265 -18.787 -18.944 -18.667 -17.7 -17.215 -16.635 -18.823
1.313999 -18.894 -19.035 -19.128 -19.237 -19.138 -18.949 -19.071 -19.228 -19.135 -18.941 -18.684 -18.351 -19.232 -19.082 -18.808 -18.559 -18.301 -19.071 -18.821 -18.572 -18.383 -18.304 -18.821 -18.977 -18.703 -17.743 -17.26 -16.682 -18.857
1.35374 -18.891 -19.039 -19.138 -19.259 -19.167 -18.983 -19.087 -19.252 -19.164 -18.975 -18.721 -18.391 -19.256 -19.113 -18.844 -18.598 -18.342 -19.103 -18.857 -18.611 -18.424 -18.344 -18.857 -19.01 -18.741 -17.787 -17.306 -16.728 -18.891
1.394683 -18.89 -19.044 -19.149 -19.283 -19.197 -19.018 -19.103 -19.277 -19.194 -19.01 -18.76 -18.433 -19.28 -19.144 -18.881 -18.638 -18.384 -19.135 -18.894 -18.651 -18.464 -18.384 -18.893 -19.044 -18.779 -17.832 -17.352 -16.776 -18.926
1.436864 -18.891 -19.05 -19.162 -19.307 -19.228 -19.054 -19.121 -19.302 -19.225 -19.046 -18.799 -18.475 -19.306 -19.177 -18.919 -18.678 -18.427 -19.168 -18.931 -18.691 -18.506 -18.425 -18.929 -19.079 -18.818 -17.877 -17.398 -16.824 -18.962
1.480321 -18.893 -19.057 -19.175 -19.333 -19.26 -19.09 -19.14 -19.329 -19.257 -19.083 -18.839 -18.517 -19.332 -19.21 -18.957 -18.719 -18.47 -19.202 -18.969 -18.732 -18.548 -18.467 -18.967 -19.114 -18.858 -17.923 -17.445 -16.872 -18.998
1.525092 -18.896 -19.067 -19.191 -19.36 -19.293 -19.128 -19.16 -19.357 -19.29 -19.12 -18.879 -18.561 -19.36 -19.245 -18.997 -18.761 -18.513 -19.237 -19.009 -18.774 -18.591 -18.51 -19.005 -19.151 -18.898 -17.969 -17.493 -16.921 -19.036
1.571218 -18.902 -19.078 -19.207 -19.388 -19.327 -19.166 -19.182 -19.386 -19.324 -19.159 -18.921 -18.605 -19.389 -19.28 -19.037 -18.804 -18.558 -19.273 -19.049 -18.816 -18.635 -18.554 -19.045 -19.188 -18.939 -18.016 -17.542 -16.97 -19.074
1.618738 -18.91 -19.09 -19.226 -19.417 -19.362 -19.205 -19.205 -19.416 -19.359 -19.198 -18.963 -18.65 -19.419 -19.317 -19.078 -18.848 -18.603 -19.31 -19.09 -18.86 -18.679 -18.598 -19.085 -19.227 -18.982 -18.064 -17.591 -17.021 -19.114
1.667696 -18.92 -19.105 -19.246 -19.447 -19.398 -19.246 -19.231 -19.448 -19.395 -19.238 -19.007 -18.696 -19.45 -19.354 -19.121 -18.892 -18.65 -19.348 -19.132 -18.904 -18.725 -18.643 -19.126 -19.266 -19.025 -18.113 -17.641 -17.072 -19.154
1.718134 -18.932 -19.122 -19.269 -19.48 -19.436 -19.287 -19.258 -19.481 -19.433 -19.28 -19.051 -18.742 -19.483 -19.393 -19.164 -18.938 -18.697 -19.387 -19.175 -18.949 -18.771 -18.69 -19.169 -19.307 -19.069 -18.162 -17.691 -17.123 -19.196
1.770098 -18.947 -19.142 -19.293 -19.513 -19.474 -19.33 -19.287 -19.515 -19.472 -19.323 -19.096 -18.79 -19.518 -19.433 -19.208 -18.984 -18.745 -19.428 -19.219 -18.995 -18.818 -18.737 -19.212 -19.349 -19.114 -18.212 -17.743 -17.175 -19.239
1.823633 -18.965 -19.163 -19.32 -19.549 -19.515 -19.374 -19.318 -19.552 -19.512 -19.367 -19.143 -18.839 -19.554 -19.475 -19.254 -19.032 -18.794 -19.47 -19.265 -19.043 -18.867 -18.786 -19.257 -19.392 -19.16 -18.263 -17.795 -17.229 -19.283
1.878788 -18.986 -19.188 -19.349 -19.586 -19.557 -19.419 -19.351 -19.59 -19.554 -19.412 -19.19 -18.888 -19.592 -19.518 -19.3 -19.08 -18.844 -19.513 -19.311 -19.091 -18.916 -18.835 -19.303 -19.436 -19.208 -18.315 -17.848 -17.282 -19.328
1.93561 -19.01 -19.215 -19.38 -19.625 -19.6 -19.466 -19.387 -19.63 -19.597 -19.459 -19.239 -18.939 -19.632 -19.563 -19.348 -19.13 -18.895 -19.558 -19.359 -19.141 -18.967 -18.886 -19.35 -19.482 -19.257 -18.368 -17.902 -17.337 -19.375
1.994152 -19.036 -19.245 -19.414 -19.667 -19.645 -19.514 -19.424 -19.672 -19.642 -19.507 -19.289 -18.991 -19.673 -19.609 -19.398 -19.181 -18.947 -19.604 -19.408 -19.192 -19.018 -18.937 -19.399 -19.53 -19.307 -18.422 -17.956 -17.392 -19.423
2.054463 -19.067 -19.278 -19.451 -19.71 -19.692 -19.563 -19.465 -19.715 -19.689 -19.556 -19.341 -19.044 -19.717 -19.656 -19.449 -19.233 -19.0 -19.652 -19.459 -19.244 -19.071 -18.99 -19.449 -19.579 -19.358 -18.477 -18.012 -17.449 -19.473
2.116599 -19.101 -19.315 -19.49 -19.755 -19.741 -19.614 -19.507 -19.761 -19.738 -19.607 -19.394 -19.098 -19.763 -19.706 -19.501 -19.287 -19.055 -19.702 -19.511 -19.297 -19.125 -19.045 -19.501 -19.63 -19.411 -18.532 -18.069 -17.506 -19.524
2.180614 -19.138 -19.354 -19.533 -19.803 -19.791 -19.667 -19.553 -19.81 -19.788 -19.66 -19.448 -19.154 -19.811 -19.757 -19.554 -19.342 -19.11 -19.754 -19.565 -19.352 -19.181 -19.1 -19.554 -19.682 -19.465 -18.589 -18.126 -17.564 -19.577
2.246566 -19.179 -19.398 -19.579 -19.853 -19.844 -19.722 -19.601 -19.86 -19.841 -19.715 -19.504 -19.211 -19.862 -19.811 -19.61 -19.398 -19.167 -19.807 -19.62 -19.408 -19.238 -19.157 -19.609 -19.736 -19.52 -18.647 -18.185 -17.623 -19.631
2.314511 -19.225 -19.444 -19.628 -19.906 -19.898 -19.778 -19.652 -19.913 -19.896 -19.771 -19.561 -19.269 -19.915 -19.866 -19.666 -19.456 -19.226 -19.863 -19.677 -19.466 -19.296 -19.215 -19.666 -19.792 -19.578 -18.707 -18.244 -17.683 -19.688
2.384512 -19.274 -19.495 -19.68 -19.961 -19.955 -19.836 -19.706 -19.969 -19.953 -19.829 -19.62 -19.329 -19.97 -19.923 -19.725 -19.515 -19.285 -19.92 -19.735 -19.525 -19.355 -19.275 -19.724 -19.85 -19.636 -18.767 -18.305 -17.744 -19.746
2.45663 -19.328 -19.55 -19.736 -20.019 -20.014 -19.896 -19.763 -20.027 -20.012 -19.889 -19.68 -19.39 -20.028 -19.982 -19.785 -19.576 -19.346 -19.98 -19.795 -19.586 -19.416 -19.336 -19.784 -19.909 -19.697 -18.829 -18.367 -17.806 -19.806
2.530929 -19.386 -19.609 -19.795 -20.08 -20.076 -19.958 -19.823 -20.088 -20.073 -19.951 -19.743 -19.452 -20.089 -20.044 -19.847 -19.638 -19.409 -20.041 -19.858 -19.648 -19.479 -19.398 -19.846 -19.971 -19.759 -18.891 -18.43 -17.869 -19.868
2.607475 -19.449 -19.671 -19.858 -20.143 -20.139 -20.021 -19.886 -20.151 -20.137 -20.014 -19.806 -19.516 -20.152 -20.108 -19.911 -19.702 -19.473 -20.105 -19.921 -19.712 -19.543 -19.462 -19.91 -20.035 -19.823 -18.956 -18.494 -17.934 -19.931
2.686337 -19.516 -19.739 -19.925 -20.209 -20.205 -20.087 -19.953 -20.218 -20.203 -20.08 -19.872 -19.582 -20.219 -20.174 -19.977 -19.768 -19.539 -20.171 -19.987 -19.778 -19.608 -19.528 -19.976 -20.101 -19.889 -19.021 -18.56 -17.999 -19.997
2.767583 -19.589 -19.81 -19.996 -20.279 -20.274 -20.155 -20.023 -20.287 -20.271 -20.148 -19.94 -19.649 -20.288 -20.242 -20.045 -19.835 -19.606 -20.239 -20.055 -19.845 -19.676 -19.595 -20.044 -20.169 -19.956 -19.088 -18.626 -18.066 -20.065
2.851287 -19.666 -19.886 -20.071 -20.351 -20.345 -20.225 -20.096 -20.359 -20.342 -20.218 -20.009 -19.718 -20.36 -20.313 -20.115 -19.904 -19.675 -20.31 -20.125 -19.915 -19.745 -19.664 -20.114 -20.239 -20.026 -19.156 -18.694 -18.133 -20.135
2.937522 -19.748 -19.967 -20.15 -20.427 -20.419 -20.298 -20.173 -20.434 -20.416 -20.291 -20.081 -19.788 -20.436 -20.386 -20.186 -19.975 -19.745 -20.383 -20.197 -19.986 -19.815 -19.734 -20.186 -20.312 -20.097 -19.226 -18.763 -18.202 -20.208
3.026365 -19.835 -20.052 -20.233 -20.506 -20.495 -20.372 -20.254 -20.513 -20.493 -20.365 -20.154 -19.861 -20.514 -20.462 -20.26 -20.048 -19.817 -20.458 -20.27 -20.058 -19.888 -19.807 -20.26 -20.387 -20.171 -19.297 -18.834 -18.272 -20.282
