web/models/kne/41/mosfit_kn_0.268580_0.4687_10.0000.dat
# %ECSV 1.0
# ---
# datatype:
# - {name: time, datatype: float64}
# - {name: PS1_g, datatype: float64}
# - {name: PS1_i, datatype: float64}
# - {name: PS1_r, datatype: float64}
# - {name: PS1_w, datatype: float64}
# - {name: PS1_y, datatype: float64}
# - {name: PS1_z, datatype: float64}
# - {name: swift_uvot_B, datatype: float64}
# - {name: swift_uvot_U, datatype: float64}
# - {name: swift_uvot_uvm2, datatype: float64}
# - {name: swift_uvot_uvw1, datatype: float64}
# - {name: swift_uvot_uvw2, datatype: float64}
# - {name: swift_uvot_V, datatype: float64}
# - {name: johnson_B, datatype: float64}
# - {name: johnson_I, datatype: float64}
# - {name: johnson_R, datatype: float64}
# - {name: johnson_U, datatype: float64}
# - {name: johnson_V, datatype: float64}
# - {name: sdss_g, datatype: float64}
# - {name: sdss_i, datatype: float64}
# - {name: sdss_r, datatype: float64}
# - {name: sdss_u, datatype: float64}
# - {name: sdss_z, datatype: float64}
# - {name: ATLAS_c, datatype: float64}
# - {name: ATLAS_o, datatype: float64}
# - {name: ukirt_H, datatype: float64}
# - {name: ukirt_J, datatype: float64}
# - {name: ukirt_K, datatype: float64}
# - {name: Clear, datatype: float64}
# meta: !!omap
# - comment: [kappa = 10.0, type = rprocess, mass = 0.2685795883840597, velocity = 0.4686666666666667, theta_obs = 0.0, tfloor = 1000.0]
# schema: astropy-2.0
time PS1_g PS1_i PS1_r PS1_w PS1_y PS1_z swift_uvot_B swift_uvot_U swift_uvot_uvm2 swift_uvot_uvw1 swift_uvot_uvw2 swift_uvot_V johnson_B johnson_I johnson_R johnson_U johnson_V sdss_g sdss_i sdss_r sdss_u sdss_z ATLAS_c ATLAS_o ukirt_H ukirt_J ukirt_K Clear
[from data line 397]
23.927855711422843 0.24124660412038423 -8.002035757308938 -4.778695986305106 -6.519675390792852 -11.247990033967223 -9.948311280131836 3.5245133245091234 9.617914522897166 22.858088290395756 6.362026030476127 8.738546891483963 -1.687545335005727 2.4708132253943442 -9.461441399388974 -6.627551530160443 8.684687764092772 -2.5143186858663187 0.9972557635327561 -7.926365413866829 -4.577508222139954 10.143611300252449 -10.457317589986008 -2.8950384333176338 -7.02389906074897 -15.745257331773598 -13.799889071568073 -16.95737736107542 -8.584981060837329
23.987975951903806 0.37461371446383396 -7.9128627695038745 -4.672069132204779 -6.428668615355093 -11.17802789573128 -9.870196958791642 3.6756463930243024 9.808085650623166 23.093705276793134 6.49885738707928 8.884501996815356 -1.5619413406598184 2.6117855558520335 -9.378751268846656 -6.53511708634919 8.868202400741144 -2.3972852026987796 1.1345539242636349 -7.836794720670781 -4.469016383990141 10.332131431419409 -10.383545939311123 -2.781772257388848 -6.932958576027843 -15.706515643878763 -13.747024196712905 -16.928876389918162 -8.509093959994285
24.04809619238477 0.47907034472194354 -7.84338888747353 -4.588782685521817 -6.357756454726644 -11.12375840291671 -9.80947285035537 3.7941658342080133 9.957517888582004 23.27904547046411 6.606006126159549 8.998909560123934 -1.4636258318403008 2.722236253680577 -9.314412324460754 -6.463099547258271 9.012353933077193 -2.3057863708859268 1.242120394622166 -7.7670071765766835 -4.3842508970328 10.48025163379986 -10.326271561652263 -2.693234501849542 -6.862100538647802 -15.676964423204392 -13.70629282803108 -16.907433159983484 -8.450166031734163
24.10821643286573 0.5673826071708277 -7.784913680728636 -4.518528996026188 -6.298063693997253 -11.078249483111886 -9.75845763798132 3.8944722125818645 10.084197940813961 23.436306696256207 6.696580015258018 9.095699832354956 -1.3805487011192887 2.815642828317944 -9.260319037072275 -6.40248126019235 9.134521907263398 -2.228545903997518 1.333083751002473 -7.70826525111497 -4.312733811648712 10.6058090085053 -10.27820717539095 -2.618504783047957 -6.802455098446689 -15.65254139123288 -13.672333736109701 -16.889926677257098 -8.400705794091223
24.168336673346694 0.6548992862587788 -7.7269747195901495 -4.448916064636705 -6.238925998488387 -11.03316259367304 -9.707911322471112 3.9938785846926175 10.209755883381568 23.592139758895737 6.78630769314946 9.191612536019967 -1.2982192686016816 2.9081931796770593 -9.20672597993055 -6.3424417626592104 9.255599604394352 -2.1520229714521983 1.423227278697805 -7.650062624549303 -4.2418667496664675 10.730250706417301 -10.230593786394397 -2.5444572678256883 -6.743365369498324 -15.628360221700564 -13.638699030056001 -16.872602984483592 -8.351721704412434
24.228456913827653 0.7687449778014255 -7.651080346982955 -4.358045864775715 -6.161505400988485 -10.973756552246012 -9.64149882664298 4.1229797151555205 10.372422540072197 23.793594826815333 6.902945717894298 9.316219228959369 -1.1910259607019682 3.0284738346825395 -9.136410863488866 -6.263886918667379 9.412506859461594 -2.0523099621345127 1.5404417245438395 -7.573831017254307 -4.1493848969135705 10.89148021809402 -10.167955847480652 -2.4479006606148346 -6.666007866614994 -15.595782858288608 -13.59399129454191 -16.848825965137962 -8.287343797742874
24.288577154308616 0.904866181090842 -7.559992328509946 -4.249191973487658 -6.068623452690272 -10.902230376894977 -9.561656687121385 4.277202608032277 10.566489315767491 24.03360544680805 7.042316189285618 9.465092206880602 -1.0627936725463385 3.1721962921919338 -9.051947567335922 -6.169692389677384 9.599723784373502 -1.9329974208038945 1.680557701741101 -7.482344409788162 -4.038615059346196 11.083834486901818 -10.092609102703811 -2.3323044231253043 -6.573203054510621 -15.556098033112985 -13.539911865081196 -16.819585752021165 -8.209959459355982
24.34869739478958 1.042118338503375 -7.468125203803506 -4.1394250870093785 -5.97496687645382 -10.830074301983252 -9.481117415361666 4.432697293903666 10.76215536765556 24.275485490000893 7.182773730047618 9.615177046481392 -0.9334869194766718 3.317071407641428 -8.966761673467946 -6.074749545100915 9.788469193349528 -1.8127278796645083 1.8218329552641421 -7.390077319254864 -3.926913420014486 11.277766688183117 -10.016618465426603 -2.2157480323089196 -6.479626718388847 -15.516038865405012 -13.485344979549383 -16.790055008031995 -8.131944609371633
24.40881763527054 1.1541904864385621 -7.393418229371953 -4.049985050644995 -5.898800389692838 -10.771592533044352 -9.415732134110968 4.559787888591157 10.922330819245172 24.473643086947877 7.297433500228436 9.737800322557316 -0.8279524027948008 3.435391235888399 -8.897558862399581 -5.997551616064379 9.94293390771088 -1.714669558119952 1.9372150896124474 -7.3150423706707635 -3.835877671831902 11.436508618218397 -9.954991699293814 -2.1207222921009183 -6.403528184424694 -15.483987226253483 -13.44134880649994 -16.76667294395125 -8.06867309509638
24.468937875751504 1.2461180964798224 -7.332439778052038 -3.9768058739429613 -5.836622306477146 -10.724051336925253 -9.362471691945355 4.664154741267205 11.054109656602016 24.636838167908056 7.39146980748691 9.838457899358058 -0.7414373357949992 3.532474505661756 -8.841141863731245 -5.934538013995774 10.069973697765676 -1.6343714591977385 2.031882806535741 -7.253793164556601 -3.7613748690110604 11.56709591312513 -9.904853735616168 -2.0429192386877837 -6.341407682939426 -15.45834113630265 -13.405808927765984 -16.748208821967584 -8.017187508365033
24.529058116232463 1.3376696872454907 -7.271711903453557 -3.9039289727243265 -5.774707911952959 -10.676704529581116 -9.309427797375331 4.768094799255803 11.185357883700604 24.79933637759159 7.48509078231546 9.938695676891026 -0.6552741481066285 3.6291436170109885 -8.78495911694926 -5.87180841797115 10.19649406225361 -1.5544220860299671 2.126162019976423 -7.192796448089194 -3.687178003694438 11.697153644863079 -9.8549280796707 -1.965439581771733 -6.279551807413295 -15.432803621425087 -13.370417512861914 -16.72982508588889 -7.965932790509154
24.589178356713425 1.4486166783494525 -7.1977532807891365 -3.8153945004816237 -5.699336212997412 -10.618800862845195 -9.244686305543741 4.893907414067184 11.343949742339419 24.995377686926577 7.598481012534748 10.060055115041845 -0.5507903934307316 3.746208997254921 -8.716457469356495 -5.79548076545611 10.349401927978093 -1.4574238828712691 2.2403803207308037 -7.11851629372287 -3.5970573643768766 11.8543118979545 -9.793939555201057 -1.8713848841847636 -6.204251875888609 -15.401074822939883 -13.326863815762875 -16.706681975435252 -7.9033664656643765
24.649298597194388 1.588401078485031 -7.104124489825949 -3.703581848239317 -5.603960350692834 -10.54520258712218 -9.162553480533084 5.052240933672349 11.543200975821204 25.241284178454585 7.741253859821011 10.212816029255208 -0.4190668746413209 3.893593731061738 -8.629642427994757 -5.698946087997439 10.54154426356903 -1.3350854159944856 2.384243971726523 -7.024487937212687 -3.4832620912309586 12.051766491910367 -9.716506811154328 -1.7526884455959468 -6.108967935239651 -15.360144272669572 -13.271177347319563 -16.67646673093127 -7.823990669928147
24.70941883767535 1.729486551470849 -7.009601057455814 -3.5907194465520043 -5.507692442717591 -10.470882063954043 -9.079620992772615 5.212037878167174 11.744291985598245 25.4893579362208 7.885287361102407 10.366973886153993 -0.2861086793211001 4.042307925726224 -8.541997561873568 -5.601547433489185 10.735445574992973 -1.2116446092856112 2.5294414074518734 -6.92956329019518 -3.368395921983929 12.251036279223158 -9.638334894097724 -1.632886646397882 -6.012795425051287 -15.318785314016804 -13.214932242002726 -16.6459192971277 -7.743887197109025
24.769539078156313 1.8536365512372122 -6.926619123101148 -3.4915271858766594 -5.423182932911619 -10.405759274645341 -9.00688201516541 5.352730841173327 11.921508571522068 25.708046380129318 8.011989009697942 10.502666713352117 -0.16914074693487965 4.1731708396119735 -8.46510134836458 -5.516070143039731 10.906290123764862 -1.1031330028879058 2.657224308352024 -6.84622819017525 -3.2674289899235553 12.42663523326934 -9.569820986383828 -1.5275629469867624 -5.928372494571832 -15.282810678966033 -13.165795759369876 -16.619505215193012 -7.673689076386001
24.829659318637272 1.9491873545196725 -6.86313380012729 -3.4154184612891925 -5.358517291822391 -10.356182100791802 -8.951371442504534 5.461166224368669 12.058400449459779 25.87719691131388 8.109492152503428 10.607198375715075 -0.0791816632299039 4.273929539860109 -8.406358730545495 -5.450671467204658 11.038208970770008 -1.0197873967657831 2.7556029706719443 -6.782468813925053 -3.189936049747306 12.562262313367771 -9.517611685227152 -1.4466810665793695 -5.863775741743744 -15.255939949622835 -13.128673284724071 -16.600082052341772 -7.620183086765433
24.889779559118235 2.044182347693795 -6.80002202701484 -3.339757364164324 -5.294240057305917 -10.306897505399455 -8.896186130338002 5.568972014408037 12.194508328483753 26.045343018237443 8.206398311729117 10.711114796372915 0.010255366170290586 4.374084902321528 -8.347964937454979 -5.385683368789949 11.169363488801814 -0.936949577055388 2.8534081927995203 -6.719085437671399 -3.1128969463710376 12.697108359111482 -9.465717910722287 -1.3662761264852818 -5.799568264876527 -15.229235430183717 -13.09177524134135 -16.580783542351455 -7.567012980956154
24.949899799599198 2.147540543954971 -6.731201364871211 -3.2573452368316858 -5.224165971867407 -10.25305298231741 -8.835948482572125 5.68620688121558 12.342409652814208 26.227908764489424 8.311793374830216 10.82412779715401 0.10759505326652456 4.483012990200571 -8.284257531356786 -5.314859471543472 11.31188940754005 -0.846784686560029 2.9598088088626184 -6.64997156804926 -3.028990251464929 12.843638022479986 -9.409055987920567 -1.2787276273324721 -5.729571162808167 -15.199853765038146 -13.051351400456122 -16.559425285837875 -7.508982924648535
25.01002004008016 2.172500057908522 -6.7093287552907555 -3.2342579772529056 -5.202181788756892 -10.232518803816006 -8.814842838968886 5.71240663447301 12.37135073236793 26.2599460363971 8.336933264442479 10.84994977092213 0.13201675077932432 4.508469317506819 -8.262842061712707 -5.292809294987706 11.340349553116187 -0.8230055843894288 2.985040159222976 -6.628072803177751 -3.0057693177564815 12.872456262542755 -9.38827045099087 -1.255181407510264 -5.707593932120059 -15.1815061817315 -13.032016886241811 -16.54179486220467 -7.488075832518231
25.07014028056112 2.189287452274833 -6.692541360924444 -3.2174705828866124 -5.185394394390581 -10.215731409449713 -8.798055444602575 5.729194028839321 12.38813812673424 26.27673343076341 8.35372065880879 10.866737165288441 0.1488041451456176 4.52525671187313 -8.246054667346396 -5.276021900621395 11.35713694748248 -0.8062181900231178 3.001827553589287 -6.611285408811458 -2.9889819233901704 12.889243656909066 -9.371483056624577 -1.238394013143953 -5.690806537753748 -15.164718787365207 -13.015229491875518 -16.52500746783838 -7.471288438151937
25.130260521042082 2.20542949238828 -6.676399320811015 -3.2013285427731653 -5.169252354277152 -10.199589369336266 -8.781913404489146 5.74533606895275 12.40428016684767 26.292875470876847 8.369862698922237 10.882879205401888 0.1649461852590647 4.541398751986559 -8.229912627232949 -5.259879860507966 11.373278987595928 -0.7900761499096884 3.0179695937027162 -6.595143368698011 -2.9728398832767233 12.905385697022496 -9.35534101651113 -1.2222519730305237 -5.6746644976403005 -15.14857674725176 -12.99908745176207 -16.50886542772493 -7.45514639803849
25.190380761523045 2.215418242175886 -6.666410571023409 -3.191339792985559 -5.159263604489546 -10.18960061954866 -8.77192465470154 5.755324818740356 12.414268916635276 26.302864220664453 8.379851448709843 10.892867955189494 0.17493493504667082 4.551387501774165 -8.21992387744536 -5.24989111072036 11.383267737383534 -0.7800874001220823 3.0279583434903223 -6.585154618910405 -2.962851133489117 12.915374446810102 -9.345352266723523 -1.2122632232429176 -5.664675747852694 -15.138587997464153 -12.989098701974465 -16.498876677937325 -7.445157648250884
25.250501002004007 2.225304551826195 -6.6565242613731 -3.1814534833352504 -5.149377294839237 -10.179714309898351 -8.76203834505123 5.765211128390665 12.424155226285585 26.312750530314762 8.389737758360152 10.902754264839785 0.1848212446969796 4.561273811424474 -8.210037567795052 -5.240004801070051 11.393154047033843 -0.7702010904717735 3.037844653140631 -6.575268309260096 -2.9529648238388084 12.92526075646041 -9.335465957073215 -1.2023769135926088 -5.6547894382023856 -15.128701687813845 -12.979212392324156 -16.488990368287016 -7.435271338600575
25.31062124248497 2.2350039005167943 -6.646824912682483 -3.171754134644633 -5.13967794614862 -10.170014961207734 -8.752338996360614 5.774910477081282 12.433854574976202 26.322449879005372 8.399437107050751 10.912453613530403 0.19452059338759678 4.570973160115091 -8.200338219104435 -5.230305452379434 11.40285339572446 -0.7605017417811564 3.0475440018312483 -6.565568960569497 -2.943265475148209 12.934960105151028 -9.325766608382615 -1.1926775649019916 -5.645090089511786 -15.119002339123227 -12.969513043633539 -16.479291019596417 -7.425571989909958
25.37074148296593 2.250882094586437 -6.63094671861284 -3.155875940575008 -5.123799752078995 -10.154136767138109 -8.73646080229097 5.790788671150925 12.449732769045827 26.338328073075004 8.415315301120394 10.928331807600046 0.21039878745722188 4.5868513541847165 -8.184460025034792 -5.214427258309809 11.418731589794085 -0.7446235477115313 3.0634221959008734 -6.549690766499854 -2.927387281078566 12.950838299220653 -9.309888414312972 -1.1767993708323665 -5.629211895442143 -15.103124145053602 -12.953634849563914 -16.463412825526774 -7.409693795840333
25.430861723446892 2.2677841015872247 -6.614044711612053 -3.138973933574203 -5.106897745078189 -10.137234760137321 -8.719558795290183 5.807690678151713 12.466634776046632 26.355230080075803 8.432217308121182 10.945233814600833 0.22730079445800935 4.603753361185522 -8.167558018034004 -5.197525251309004 11.435633596794872 -0.727721540710726 3.0803242029016786 -6.532788759499066 -2.9104852740777787 12.967740306221458 -9.292986407312185 -1.1598973638315613 -5.612309888441356 -15.086222138052797 -12.936732842563108 -16.446510818525987 -7.392791788839546
25.490981963927855 2.2847353171192175 -6.597093496080078 -3.1220227180422278 -5.089946529546214 -10.120283544605329 -8.702607579758208 5.824641893683688 12.483585991578607 26.372181295607778 8.449168523653157 10.962185030132808 0.2442520099900022 4.620704576717497 -8.150606802502029 -5.1805740357770285 11.452584812326865 -0.7107703251787509 3.0972754184336537 -6.5158375439670735 -2.8935340585458036 12.984691521753433 -9.276035191780192 -1.1429461482995862 -5.595358672909363 -15.069270922520822 -12.919781627031133 -16.429559602993994 -7.375840573307553
25.551102204408817 2.2969211814368506 -6.584907631762427 -3.109836853724577 -5.077760665228563 -10.108097680287695 -8.690421715440557 5.836827758001339 12.495771855896258 26.38436715992543 8.461354387970808 10.974370894450459 0.25643787430763537 4.632890441035148 -8.138420938184378 -5.168388171459378 11.464770676644498 -0.6985844608611 3.1094612827513046 -6.50365167964944 -2.8813481942281527 12.996877386071084 -9.263849327462559 -1.1307602839819353 -5.58317280859173 -15.057085058203171 -12.907595762713482 -16.41737373867636 -7.36365470898992
