web/models/kne/41/mosfit_kn_0.001230_0.0927_0.5000.dat
# %ECSV 1.0
# ---
# datatype:
# - {name: time, datatype: float64}
# - {name: PS1_g, datatype: float64}
# - {name: PS1_i, datatype: float64}
# - {name: PS1_r, datatype: float64}
# - {name: PS1_w, datatype: float64}
# - {name: PS1_y, datatype: float64}
# - {name: PS1_z, datatype: float64}
# - {name: swift_uvot_B, datatype: float64}
# - {name: swift_uvot_U, datatype: float64}
# - {name: swift_uvot_uvm2, datatype: float64}
# - {name: swift_uvot_uvw1, datatype: float64}
# - {name: swift_uvot_uvw2, datatype: float64}
# - {name: swift_uvot_V, datatype: float64}
# - {name: johnson_B, datatype: float64}
# - {name: johnson_I, datatype: float64}
# - {name: johnson_R, datatype: float64}
# - {name: johnson_U, datatype: float64}
# - {name: johnson_V, datatype: float64}
# - {name: sdss_g, datatype: float64}
# - {name: sdss_i, datatype: float64}
# - {name: sdss_r, datatype: float64}
# - {name: sdss_u, datatype: float64}
# - {name: sdss_z, datatype: float64}
# - {name: ATLAS_c, datatype: float64}
# - {name: ATLAS_o, datatype: float64}
# - {name: ukirt_H, datatype: float64}
# - {name: ukirt_J, datatype: float64}
# - {name: ukirt_K, datatype: float64}
# - {name: Clear, datatype: float64}
# meta: !!omap
# - comment: [kappa = 0.5, type = rprocess, mass = 0.0012301715156502338, velocity = 0.09266666666666673, theta_obs = 0.0, tfloor = 1000.0]
# schema: astropy-2.0
time PS1_g PS1_i PS1_r PS1_w PS1_y PS1_z swift_uvot_B swift_uvot_U swift_uvot_uvm2 swift_uvot_uvw1 swift_uvot_uvw2 swift_uvot_V johnson_B johnson_I johnson_R johnson_U johnson_V sdss_g sdss_i sdss_r sdss_u sdss_z ATLAS_c ATLAS_o ukirt_H ukirt_J ukirt_K Clear
[from data line 57]
3.4869739478957915 1.412867568782854 -4.743620552794834 -2.3501867551837563 -3.3758222229605472 -7.079836423817785 -6.161941979257914 3.858848112762229 8.130796009563248 19.071510538527182 7.264151761535711 9.288226853795237 -0.1394031628626394 3.2382649697698223 -5.9029309002718575 -3.5892813561196073 7.493904043328133 -0.6149940582527489 1.9808808014240142 -4.688389594749616 -2.231290635898091 8.728185422748709 -6.485237049386061 -0.7908287172343087 -3.878611383065582 -10.11531003654589 -8.833859457360214 -10.84885323738593 -4.75584343269583
3.5470941883767533 1.7237847413069929 -4.544470352934322 -2.106297625217426 -3.1687745680903134 -6.929468233529832 -5.991317437176935 4.214415032632805 8.582665227549224 19.65681034965058 7.596104048000498 9.634201065795637 0.15065461828261487 3.573198745151252 -5.71951753959291 -3.374844636988546 7.930739796035738 -0.34104838035279283 2.3019544713781848 -4.48807230906846 -1.9833456421084783 9.17640467809056 -6.323613106924988 -0.5287901167393905 -3.6716407435655007 -10.042383087758376 -8.725633370126696 -10.801186565927823 -4.583916493586884
3.6072144288577155 2.034731726999155 -4.345017482354763 -1.862246952808615 -2.9616884743955474 -6.778681610497355 -5.820297828699186 4.569939688645438 9.034415792753574 20.24019909606746 7.9271337457847935 9.979869214726854 0.4408951047631568 3.9078256271113925 -5.535805275808229 -3.1605555511117105 8.367407307597759 -0.06718693656374095 2.62302664866791 -4.287462178123036 -1.7352022510422138 9.624508516342818 -6.161677035815778 -0.2667538983819817 -3.464617418650189 -9.968973752923523 -8.616967281010764 -10.753033389527554 -4.412062638226306
3.6673346693386772 2.3457157641850834 -4.145268168964353 -1.6180357303598036 -2.7545578091698175 -6.627486502407063 -5.648891786100787 4.925431205896168 9.48606429119705 20.821777842204487 8.257288068943787 10.32525739898341 0.7313175294595516 4.24215898803801 -5.35180109980634 -2.9464129326474557 8.803920017495155 0.20658972319081562 2.944105204255365 -4.0865654741458 -1.4868626022314402 10.07250973885272 -5.999438171256486 -0.004711214637627137 -3.257539005712413 -9.895094361494452 -8.50787269398477 -10.704405413876701 -4.240274838575395
3.727454909819639 2.6568723611304534 -3.945140938839824 -1.3735609909798896 -2.547286826301125 -6.475822998363316 -5.477030634020892 5.2810434452752455 9.937807274534727 21.401872763013433 8.586747234058976 10.67053092585638 1.0220421958808743 4.576348889227116 -5.167430114897328 -2.732322908957248 9.240465878357494 0.4803958331395488 3.2653299708395878 -3.8853003480083537 -1.238223300546153 10.520599977030702 -5.836831979122419 0.2574567093567204 -3.0503130987960247 -9.820716035944306 -8.398306826536304 -10.655282576158099 -4.068469699334187
3.787575150300601 2.9678485093734785 -3.744885833557703 -1.1291139171746423 -2.3401218714805516 -6.323894302335784 -5.304937326274857 5.63637907452386 10.3891541518224 21.979940480085652 8.91517593538806 11.015317197888447 1.3127299644650379 4.910024518938322 -4.982926681979559 -2.518542639243571 9.676567356471935 0.7539102549209022 3.5863380463125516 -3.683918065350902 -0.9895809717652249 10.968289083707834 -5.6740724360321515 0.5194490960584197 -2.8431889566201107 -9.745964025250442 -8.28843060119137 -10.605763387000112 -3.8968558865806813
3.847695390781563 3.2789588049725005 -3.544298717214076 -0.884446237013421 -2.1328420983528495 -6.17154272098837 -5.132435020997335 5.991794032457588 10.840552570321176 22.556619776015104 9.242939605660414 11.359975548384963 1.6036703116991078 5.243526797578589 -4.798101343375541 -2.304848561874409 10.112655987010875 1.0274077022437236 3.9074534944272266 -3.4822135270028554 -0.740684709767212 11.416018298649373 -5.51099161513239 0.7815381444788372 -2.6359483967939035 -9.670751656833206 -8.17812516812756 -10.555783195832989 -3.7252433960841813
3.9078156312625247 3.5901467132658205 -3.3434272239687957 -0.6396090704118507 -1.9254865989966596 -6.018810345733865 -4.959568324664545 6.347225509908609 11.29192813563174 23.13188759215308 9.570011645363934 11.704456583881907 1.894803747008129 5.57680082925669 -4.61299950771081 -2.0912838502974767 10.548657714719088 1.3008321310865536 4.228618438248901 -3.280234620883249 -0.491587443674657 11.863710917472066 -5.34763309826678 1.043677267790617 -2.428632828581989 -9.595109253792094 -8.06742633426312 -10.5053673570284 -3.553664208200491
3.967935871743487 3.9014032097552054 -3.1422862926481443 -0.39461487758378766 -1.7180612916986249 -5.865713148687384 -4.78635298050591 6.702664306290228 11.74327295336898 23.705802430709706 9.896414197832897 12.048762156419933 2.1861157614434097 5.909842345441497 -4.427636026978244 -1.877857112778394 10.984563057086543 1.5741702200141663 4.549823866929934 -3.0779963821504808 -0.2423028505547542 12.311356408961416 -5.184012855420725 1.3058605404725832 -2.2212502226286013 -9.519051617402601 -7.956349530642706 -10.454529228572207 -3.382122039758464
4.028056112224449 4.212729616490467 -2.9408834363331593 -0.14946748606021742 -1.5105649445093405 -5.7122610547686925 -4.612798104731066 7.058112896112715 12.194593412482089 24.27843817440652 10.222179025716702 12.39290462953695 2.477601852070374 6.242658039514911 -4.242018780135331 -1.6645692004441173 11.420376501012537 1.8474181801024538 4.871071392092414 -2.875506385513109 0.007164174584062266 12.758958578860806 -5.020140497793815 1.5680907891381146 -2.01380115541534 -9.442589811027185 -7.844905373357383 -10.40327924630654 -3.21061457515027
4.0881763527054105 4.524129070825822 -2.7392245611413557 0.09583100406070244 -1.3029951369466453 -5.558462571360359 -4.4389113123266455 7.413575801822842 12.645898208554502 24.849868924957118 10.547338606438927 12.736897604896061 2.769259480318744 6.575256467891069 -4.056154104798707 -1.451419367239233 11.85610489268554 2.1205741316811126 5.192364470089412 -2.6727705918256994 0.2568105104837848 13.2065236736943 -4.856024174758939 1.83037227736639 -1.8062847936073823 -9.365733882879448 -7.733103256333232 -10.351627020954213 -3.0391385496341705
4.148296593186372 4.835605023750524 -2.5373150064759997 0.341278992552585 -1.0953493016614324 -5.404325622335104 -4.2646996374395485 7.76905789824112 13.097196248229697 25.42016634470829 10.871924614775779 13.080754356005123 3.061086646524333 6.907646447119969 -3.8700477701439437 -1.2384063699504757 12.291755400391676 2.3936367526886775 5.513706857968916 -2.469794393110245 0.5066335636831809 13.654058292095055 -4.691671453617801 2.0927094251061362 -1.5986999570354676 -9.288493361965704 -7.620952002963362 -10.299581721056741 -2.867690633229678
4.208416833667335 5.14716065202661 -2.3351599632479925 0.586874890361635 -0.8876251268147684 -5.249857887761067 -4.090169906262808 8.124563748132008 13.54849583681382 25.989398645075536 11.195967361816912 13.42448725489255 3.353081324777018 7.239836426843965 -3.6837053691630848 -1.0255289080425924 12.727334721203334 2.666604743728132 5.8351020097789075 -2.2665830325255065 0.7566307722783883 14.101568570279834 -4.527089675904055 2.3551063124125804 -1.3910455404809419 -9.210877463805199 -7.508460134420785 -10.24715223238937 -2.696267768615783
4.268537074148297 5.458798609120343 -2.132764660721378 0.8326169053825438 -0.6798207220633046 -5.0950669594245745 -3.9153289060561924 8.480097320114897 13.999804341045667 26.557630194302927 11.519495584353852 13.768107561255945 3.6452412171957134 7.5718342245749035 -3.4971324948652436 -0.8127858182135064 13.162848748514147 2.9394765962352336 6.1565528214574705 -2.0631417918449735 1.0067993882064563 14.549059839660163 -4.362286118772509 2.6175664735701965 -1.1833206972683463 -9.132895187908792 -7.395635995025918 -10.194347233997918 -2.524867307472096
4.328657314629258 5.770521655182961 -1.9301339536952078 1.078503538927631 -0.47193417274964844 -4.939960018693412 -3.740183025103221 8.835662698369145 14.451129088448624 27.124922678290762 11.842537139018408 14.1116261646097 3.9375643377910903 7.903647692218009 -3.3103343573529207 -0.6001756425281826 13.598303436073216 3.2122511408548275 6.478062279904577 -1.859475576589329 1.2571369815583466 14.99653751170925 -4.197267653034338 2.8800934435699688 -0.9755244096184157 -9.054555135076699 -7.282487507737157 -10.141175058831918 -2.353486628624619
4.38877755511022 6.08233200080468 -1.7272727845373304 1.3245330442100567 -0.26396399117880165 -4.784544210171813 -3.5647386638127365 9.191263341285516 14.902476455072495 27.691334022595154 12.165118360555454 14.455052912833445 4.230048383893094 8.235284019771939 -3.1233162163042314 -0.3876971108328966 14.033703909976463 3.4849269553587296 6.799632788881649 -1.6555893799621657 1.5076408903152227 15.444006165934105 -4.032041134795232 3.1426902025015124 -0.767655954314943 -8.975865732338713 -7.169022467914504 -10.087643867630119 -2.182123516968968
4.448897795591182 6.394512855036414 -1.5239943607634032 1.5709307605024136 -0.055713231757454906 -4.6286738685314255 -3.388832949800502 9.547219691056402 15.354248461556548 28.257408939089718 12.487553889124658 14.798704072248153 4.522956416077732 8.56704731936437 -2.935904642313832 -0.1751498222067951 14.46943780723937 3.757751384549908 7.121555737464593 -1.4512956277345523 1.7585392729446703 15.891862897977127 -3.866452661671218 3.40560011027506 -0.5595191300438529 -8.89674570590289 -7.055130369446124 -10.033692861199198 -2.0106105989007794
4.509018036072144 6.7062672416060565 -1.320847626618722 1.8170499699617437 0.1522634964343439 -4.4727892128727476 -3.2129522543623423 9.902633638649501 15.805325442893423 28.821807719690756 12.80904560480078 15.14171608329162 4.815532342788333 8.898099883596121 -2.7486117399948915 0.03690200308245939 14.904421997978446 4.030016537590931 7.4430115436195265 -1.2471456761150712 2.009173988955588 16.33899564920915 -3.7009648054933386 3.6681421017377858 -0.3516688046983063 -8.81745699916827 -6.941153830553207 -9.979524917026835 -1.8394157673783873
4.569138276553106 7.018313022704703 -1.117349137881174 2.0634673299554507 0.3604655069410434 -4.316508133753896 -3.0366718037106466 10.258315940354954 16.256721339730653 29.385827302407026 13.130353949733937 15.484879152150054 5.108449738162856 9.229205153735563 -2.560987595363758 0.24896693766269995 15.339635783205424 4.302354711381169 7.764738604649093 -1.0426540068635681 2.260130291975866 16.786408639703083 -3.535174891540276 3.9309313619240527 -0.1436063540210597 -8.737779492279765 -6.826799259997623 -9.924972478425234 -1.6681161114633092
4.629258517034068 7.330484863415663 -0.913616974846434 2.310046481063761 0.5687775671254336 -4.159927501752225 -2.860097605256229 10.614081014071324 16.708205934432723 29.94922324256485 13.451329175230562 15.828018738420418 5.4015489241246035 9.560192840401683 -2.37314278383253 0.46092821778737947 15.774855895654525 4.574617070898504 8.086566938710185 -0.8379392421775123 2.5112687910496057 17.233872163646176 -3.369184283262765 4.193827199305531 0.0645526890366277 -8.657773643535974 -6.712143510625095 -9.870083540133832 -1.496808256547304
4.68937875751503 7.642757110828402 -0.7096738300641903 2.5567640053718854 0.7771816324407155 -4.003068145117652 -2.6832514481052883 10.969900844646315 17.15974561223751 30.51199228595109 13.7719646541235 16.17111257769627 5.694802182184044 9.89104028470853 -2.185098966533775 0.6727682070837091 16.21004919896859 4.846778591508445 8.408470216146657 -0.6330241984497498 2.7625648953408444 17.68135160572804 -3.2030143202232253 4.456808412553297 0.2727900120114235 -8.57745521986743 -6.597204528180603 -9.814871722318175 -1.325506669515022
4.749498997995992 7.955126468759275 -0.5055269495326797 2.803614676861663 0.9856751916083439 -3.845938511088196 -2.506141441080292 11.325772626742772 17.611338128007183 31.074167879222923 14.092275984584113 16.514162551502768 5.988203045328297 10.221748372741764 -1.996863388380997 0.8844852192512918 16.645212941876498 5.1188342020780935 8.730445087342904 -0.42791617753826117 3.014012522947098 18.128843540947983 -3.036673329604387 4.7198728764457165 0.481102897063046 -8.496832611590664 -6.481990605616071 -9.759344943824287 -1.1542127193842333
4.809619238476953 8.267593372385456 -0.301180833337078 3.0505964141106467 1.1942583111982863 -3.688544785132617 -2.328773223556091 11.681697753226342 18.06298637795093 31.63578782737704 14.412281844105426 16.85717436911307 6.2817487150060165 10.552321849296021 -1.8084407137371903 1.0960803207658707 17.080349402435687 5.390782302817867 9.052492027403929 -0.22261972245742 3.265608807276692 18.576349715934004 -2.8701672720665172 4.9830216074414935 0.6894912647244311 -8.415912767371745 -6.366508214205664 -9.703509983073724 -0.9829256254130847
4.869739478957916 8.580158225910335 -0.09663980917370196 3.2977072353624237 1.4029310224704261 -3.5308929449390014 -2.1511522396671623 12.03767757065905 18.514693105348456 32.19688785427534 14.732000150764488 17.200153478872227 6.575436503414724 10.882765346440305 -1.6198354250503675 1.3075546638402955 17.515460769077016 5.662621435047444 9.37461146759004 -0.017139201783393787 3.517351001594431 19.023871794389677 -2.7035018996137694 5.246255548894432 0.8979550556917282 -8.334702402320191 -6.2507635952531775 -9.647373406974056 -0.8116446609402139
4.929859719438878 8.8928218522158 0.10809226544660433 3.544945614703394 1.611693635328777 -3.3729885260935966 -1.9732834769489749 12.39371388596555 18.96646154090435 32.757502480823575 15.051448544549757 17.543105572675636 6.8692642521855936 11.213083856627325 -1.4310515466668603 1.5189097921577919 17.95054975518101 5.9343506692273555 9.696804258099796 0.188521489389899 3.7692368410710486 19.47141198759967 -2.5366825089707845 5.509575958521733 1.1064945384324965 -8.253207864941954 -6.134762582030751 -9.590941469429149 -0.6403688880362424
4.98997995991984 9.176774421761298 0.29494560856202057 3.7700163865998704 1.8020925750958838 -3.228244439963248 -1.81056847511611 12.716680998325785 19.375625096220695 33.264220400249876 15.341207628295255 17.854224134774906 7.136291114632082 11.512743681359595 -1.25856769785993 1.7114650688650699 18.344623916968946 6.181268779463347 9.989314523075752 0.3762015606750069 3.9985050460962945 19.87673062639553 -2.3839960871381116 5.749092956342512 1.2966804317327174 -8.177231817878726 -6.027742522389035 -9.537520498351915 -0.48380146866547236
5.050100200400801 9.200366286569484 0.3185374733702062 3.7936082514080383 1.8256844399040517 -3.2046525751550625 -1.7869766103079243 12.74027286313397 19.399216961028884 33.28781226505806 15.36479949310344 17.877815999583092 7.159882979440268 11.53633554616778 -1.2349758330517444 1.7350569336732555 18.36821578177713 6.204860644271515 10.01290638788392 0.3997934254831925 4.02209691090448 19.9003224912037 -2.360404222329926 5.77268482115068 1.320272296540903 -8.153639953070558 -6.004150657580867 -9.51392863354373 -0.4602096038572867
5.110220440881763 9.223698606846398 0.34186979364712045 3.8169405716849525 1.8490167601809837 -3.1813202548781483 -1.76364429003101 12.763605183410885 19.4225492813058 33.31114458533498 15.388131813380355 17.901148319860006 7.183215299717182 11.559667866444695 -1.2116435127748302 1.7583892539501698 18.391548102054045 6.2281929645484295 10.036238708160852 0.42312574576010675 4.045429231181394 19.92365481148063 -2.3370719020530117 5.796017141427612 1.3436046168178173 -8.130307632793643 -5.980818337303953 -9.490596313266815 -0.4368772835803725
5.170340681362725 9.246777495363592 0.3649486821643144 3.8400194602021465 1.87209564869816 -3.1582413663609543 -1.7405654015138161 12.786684071928079 19.44562816982299 33.33422347385216 15.411210701897549 17.9242272083772 7.206294188234376 11.582746754961889 -1.1885646242576362 1.781468142467346 18.41462699057124 6.2512718530656235 10.059317596678028 0.4462046342773007 4.068508119698588 19.946733699997807 -2.3139930135358178 5.819096029944788 1.3666835053350113 -8.10722874427645 -5.957739448786759 -9.467517424749621 -0.4137983950631785
