web/models/kne/41/mosfit_kn_0.177477_0.0300_3.6500.dat
# %ECSV 1.0
# ---
# datatype:
# - {name: time, datatype: float64}
# - {name: PS1_g, datatype: float64}
# - {name: PS1_i, datatype: float64}
# - {name: PS1_r, datatype: float64}
# - {name: PS1_w, datatype: float64}
# - {name: PS1_y, datatype: float64}
# - {name: PS1_z, datatype: float64}
# - {name: swift_uvot_B, datatype: float64}
# - {name: swift_uvot_U, datatype: float64}
# - {name: swift_uvot_uvm2, datatype: float64}
# - {name: swift_uvot_uvw1, datatype: float64}
# - {name: swift_uvot_uvw2, datatype: float64}
# - {name: swift_uvot_V, datatype: float64}
# - {name: johnson_B, datatype: float64}
# - {name: johnson_I, datatype: float64}
# - {name: johnson_R, datatype: float64}
# - {name: johnson_U, datatype: float64}
# - {name: johnson_V, datatype: float64}
# - {name: sdss_g, datatype: float64}
# - {name: sdss_i, datatype: float64}
# - {name: sdss_r, datatype: float64}
# - {name: sdss_u, datatype: float64}
# - {name: sdss_z, datatype: float64}
# - {name: ATLAS_c, datatype: float64}
# - {name: ATLAS_o, datatype: float64}
# - {name: ukirt_H, datatype: float64}
# - {name: ukirt_J, datatype: float64}
# - {name: ukirt_K, datatype: float64}
# - {name: Clear, datatype: float64}
# meta: !!omap
# - comment: [kappa = 3.65, type = rprocess, mass = 0.1774768329891343, velocity = 0.030000000000000023, theta_obs = 0.0, tfloor = 1000.0]
# schema: astropy-2.0
time PS1_g PS1_i PS1_r PS1_w PS1_y PS1_z swift_uvot_B swift_uvot_U swift_uvot_uvm2 swift_uvot_uvw1 swift_uvot_uvw2 swift_uvot_V johnson_B johnson_I johnson_R johnson_U johnson_V sdss_g sdss_i sdss_r sdss_u sdss_z ATLAS_c ATLAS_o ukirt_H ukirt_J ukirt_K Clear
[from data line 394]
23.74749498997996 -9.639904833240927 -12.749145928952146 -11.583769225297349 -11.74441156120718 -13.768510899116553 -13.387729858750834 -8.37968190140159 -6.663532531286354 -0.075970880952279 -4.923002734297839 -2.9862429697569257 -10.562347532880178 -8.572711314519616 -13.49942990679364 -12.17277343499702 -6.91215830905173 -10.713815538994725 -9.348661772799218 -12.727409451919893 -11.552660498392733 -5.951001330992334 -13.504662444990316 -10.602363208395396 -12.20909534615215 -14.773832747865217 -14.42024729179307 -14.857224080775103 -12.2615360954374
23.80761523046092 -9.622101907067222 -12.739111812508863 -11.570600652220797 -11.732915399137003 -13.761762584479431 -13.379666150712684 -8.35898527372444 -6.6364991810598895 -0.03600964020878106 -4.899873180269054 -2.963567255957734 -10.546357795793579 -8.552757288330927 -13.490379238148027 -12.160890337553393 -6.886099626885358 -10.698385190475966 -9.330160167168824 -12.717288501357498 -11.539333607813322 -5.924352559680717 -13.497032783435667 -10.587404445020638 -12.197913358198047 -14.771954871711706 -14.416145771181322 -14.856862771823296 -12.251950542025511
23.867735470941884 -9.602150276172612 -12.727639809365847 -11.555707282638057 -11.71985201373042 -13.753877741015277 -13.370345114291613 -8.335874089184625 -6.606470497390546 0.008120176653283018 -4.874133599254229 -2.9383215196902976 -10.52838369864012 -8.530458661134851 -13.479981079208045 -12.147402117984278 -6.857134618792379 -10.681023093248657 -9.309445853805514 -12.705721711394862 -11.52426701272427 -5.894742771999848 -13.488186026356992 -10.570559692723158 -12.18519049400074 -14.76938865211476 -14.411151213993952 -14.855952990004491 -12.240974698400375
23.927855711422843 -9.581789867317099 -12.715889469807262 -11.540482821277909 -11.706490533768878 -13.74577050629318 -13.360779119230699 -8.312304363589764 -6.5758758028772135 0.05302263888313963 -4.847923841749715 -2.9126115119370897 -10.51002958559889 -8.507716140749388 -13.469321544638426 -12.133606621566788 -6.827619782163971 -10.6632919223785 -9.288310948895333 -12.69387511885327 -11.508866210111801 -5.864572490816098 -13.47910216100594 -10.553356603803206 -12.172172225949716 -14.76668458057215 -14.405980132348278 -14.854932020190697 -12.229735130951322
23.987975951903806 -9.561511809029035 -12.7041881709002 -11.525320717757985 -11.693189042830792 -13.73769897985591 -13.351254002244914 -8.288828245647466 -6.5454008315589185 0.09773970748408534 -4.821846568011079 -2.887030290381659 -10.491748403382754 -8.485066181251785 -13.458707272648748 -12.119870160071955 -6.7982203132630055 -10.645632804460872 -9.26726130969298 -12.682077931416256 -11.493527995931085 -5.834519365986903 -13.470057864172027 -10.536226298035718 -12.159210081674825 -14.763998033497373 -14.4008348038008 -14.853923245994237 -12.218549600421866
24.04809619238477 -9.541087310907166 -12.69238341653491 -11.51003769202589 -11.679780803082043 -13.729542951666165 -13.341636623770086 -8.26518849791497 -6.514726084310016 0.1427175369777851 -4.795621263398129 -2.8613016811284484 -10.473329125181358 -8.462258899168344 -13.44799543672399 -12.10602214074629 -6.7686262824483485 -10.627840250330445 -9.24606128236384 -12.670176800144812 -11.47806752299795 -5.804267652641997 -13.460924274465569 -10.518967984345267 -12.146140352419348 -14.761256698621455 -14.39562104627427 -14.852869279083725 -12.207270189932249
24.10821643286573 -9.520576040025688 -12.68051499416016 -11.494681553774786 -11.666309339193148 -13.721333799178144 -13.33196172773814 -8.241452192562868 -6.483934843926331 0.18783972037734475 -4.769321105216147 -2.8354976265557172 -10.45482677755719 -8.439359472976275 -13.43722330806693 -12.09210709112859 -6.73891848074857 -10.609967860414622 -9.224772321921257 -12.65821173482955 -11.462533005244389 -5.773899650587655 -13.451735026614866 -10.501634052327482 -12.13300576770827 -14.758479488149177 -14.39036346336948 -14.85178515110899 -12.195935535195428
24.168336673346694 -9.500945759211383 -12.669228221442967 -11.480027746861783 -11.653479535487588 -13.713580281243978 -13.322792780705246 -8.218707469481672 -6.454378503457487 0.23122068984569655 -4.744128351449302 -2.810781904292664 -10.437134257276572 -8.417424718206949 -13.426995282245226 -12.078846587020362 -6.710407891383873 -10.592884956933391 -9.204391209167557 -12.646831659181661 -11.447706563326356 -5.744751010004876 -13.443035442173734 -10.485073593403289 -12.12049877788214 -14.75597236951305 -14.385460626511966 -14.85091360541096 -12.185170688206206
24.228456913827653 -9.479110887088353 -12.656465635399705 -11.463603902602753 -11.6390441291564 -13.704660368808135 -13.312333305281427 -8.193484890180287 -6.421748188444472 0.278872036705093 -4.716273843297554 -2.783443917737219 -10.41740463945888 -8.393085168774736 -13.415384391602842 -12.06394011749077 -6.678914491267129 -10.573819852527444 -9.181739836601164 -12.633967612683428 -11.431094521834293 -5.7125630288290274 -13.433086922707034 -10.466579494463808 -12.106411724817008 -14.75275998978956 -14.379641879271235 -14.849480916828737 -12.17298300235397
24.288577154308616 -9.459642883637613 -12.645275640103222 -11.449073080293672 -11.626332289738404 -13.69697734559752 -13.30324505401057 -8.170924659265559 -6.3924277251431505 0.32188830487027875 -4.6913391378257785 -2.758978471693666 -10.399855975786913 -8.371332762697342 -13.405245687781246 -12.05079598133483 -6.650631245808462 -10.556879024202013 -9.16152673953162 -12.622685032829395 -11.416391539992414 -5.683645287880434 -13.424465435206603 -10.450162330638317 -12.094015338774753 -14.750287412757107 -14.374789861630182 -14.848633358545607 -12.162324269153437
24.34869739478958 -9.439144534074764 -12.63339284167543 -11.433713118259199 -11.612870159169812 -13.688745249406047 -13.293549972194239 -8.147206868435834 -6.3616729885949574 0.366887015044008 -4.665177261441826 -2.7333028590428508 -10.381353610880836 -8.348457869950327 -13.39445748003315 -12.0368814368599 -6.620955860818338 -10.53901080121962 -9.140252836026797 -12.61070586773279 -11.400851953872788 -5.653308801266679 -13.415256699192781 -10.43284180049108 -12.080879105014315 -14.747480857039964 -14.369505568678418 -14.84751923517164 -12.15100115940455
24.40881763527054 -9.417836852117603 -12.620964528503844 -11.417701049719238 -11.598819011126178 -13.680080202636695 -13.283376654242236 -8.122579964413951 -6.329792527834712 0.4134366152292275 -4.638060282845267 -2.7066846959976085 -10.36210130945894 -8.324701952790953 -13.383157735274349 -12.022361383347182 -6.590187634850732 -10.520413685367467 -9.118145768346828 -12.598178229843437 -11.3846542866807 -5.621858447239045 -13.405585205918786 -10.414811992830426 -12.067161265846238 -14.744410288808588 -14.363880038241879 -14.846194150218002 -12.139156871227872
24.468937875751504 -9.402614925057033 -12.612589942549572 -11.406562764334804 -11.58919633063432 -13.674608201489793 -13.27674121034958 -8.104797585066567 -6.306415769398885 0.44811786927931596 -4.618377554389106 -2.6873849676946935 -10.348463200338973 -8.307592816666908 -13.375653765344719 -12.012375289388466 -6.567668463844349 -10.50728195161257 -9.102307335894704 -12.58972704457479 -11.373372547947973 -5.5988127097614 -13.399337151626742 -10.402119704277233 -12.057793847258083 -14.74325441627959 -14.360752966495836 -14.846385158838478 -12.131237633150267
24.529058116232463 -9.375714680797476 -12.596419697463634 -11.386061577158202 -11.571076143015073 -13.662987330850651 -13.26329660060285 -8.07388358495131 -6.266733822574704 0.5055009175998011 -4.584520224873501 -2.654124822394482 -10.324042764448944 -8.277736578900935 -13.3608483598045 -11.993682464462598 -6.529330186618687 -10.483656999125815 -9.07444090765324 -12.573436757606355 -11.352645989615908 -5.5596483374921135 -13.386500305879938 -10.379186803020346 -12.040070581954847 -14.738400435524564 -14.35280842166886 -14.843643266046891 -12.115789621387112
24.589178356713425 -9.35787638098553 -12.586288838631763 -11.372819666867375 -11.559549027419624 -13.656125022006282 -13.255123844617316 -8.053161086560198 -6.239712200455987 0.5452272651203467 -4.56170939497504 -2.63174064751983 -10.307984162749008 -8.25777596673936 -13.351698294557448 -11.98174165764658 -6.503273586852771 -10.468171290432709 -9.055908514914002 -12.563219665626146 -11.339241760294705 -5.532997633017267 -13.37876464824948 -10.364200771964658 -12.028826270567166 -14.736401374667732 -14.348588158722462 -14.843162448927101 -12.10618407618389
24.649298597194388 -9.33560438142976 -12.573194502345082 -11.356020724965195 -11.544796877065071 -13.64692348203917 -13.24436140549027 -8.027453535454338 -6.206502808917076 0.5935538078506548 -4.533543183768138 -2.604079897447263 -10.287829639635728 -8.232977911971972 -13.339772297694374 -11.966494348243828 -6.471213143097671 -10.448700569486158 -9.032809939642412 -12.55002264038426 -11.322249064288972 -5.500228978717647 -13.368523271085078 -10.345327836733667 -12.014408369150011 -14.732993523937502 -14.342534071363831 -14.841563665009348 -12.093722355321255
24.70941883767535 -9.315020255081041 -12.56122065125112 -11.34057119017843 -11.531272415313882 -13.638602510133175 -13.234575561153665 -8.003645088062108 -6.175655180813742 0.6385730683165365 -4.507455598246146 -2.5784639169318733 -10.26923039926426 -8.210024985512842 -13.328895005953367 -11.95250283314276 -6.441443280171388 -10.430744467036417 -9.011450257935483 -12.537952442558389 -11.306617287423961 -5.469793920258308 -13.359226854060555 -10.327935312598271 -12.001195034510204 -14.730110777869157 -14.337167373992992 -14.840379340048917 -12.082349002934158
24.769539078156313 -9.296725641860704 -12.550769028753681 -11.326953522831964 -11.519412319212119 -13.631478874571155 -13.226117195270444 -7.982412503168393 -6.148009746654939 0.6791180342615961 -4.484170010776456 -2.5556056641657885 -10.25274237892295 -8.189573582255129 -13.319442603857869 -11.940215208011981 -6.4147794432882606 -10.414843630856153 -8.992449133340266 -12.527413053880938 -11.292833225343486 -5.442523518261808 -13.351214789100023 -10.312550139991519 -11.989616281619426 -14.727943036157335 -14.33273593068895 -14.839759673735118 -12.072450242094526
24.829659318637272 -9.274893415822802 -12.53795130649257 -11.310496738738891 -11.504980384753303 -13.6224869760402 -13.215590731380171 -7.957202309562375 -6.115427693265474 0.7265155461702628 -4.456627106078326 -2.528551227766108 -10.23298493522007 -8.165263492655942 -13.307773801082583 -11.92528943417961 -6.38332546409255 -10.395762680057066 -8.969804784260802 -12.51449444982267 -11.276184729781722 -5.4103716097232635 -13.341201864956673 -10.294064584033773 -11.975505304797931 -14.724649976434755 -14.326839745601186 -14.83824710743569 -12.060274861271214
24.889779559118235 -9.248525238136125 -12.52210067038435 -11.290400143684742 -11.4872526492106 -13.611101050062704 -13.202413746609505 -7.9268913886465695 -6.0765142473175615 0.7826999725422086 -4.4236307050096535 -2.496121015146414 -10.20903523693714 -8.13600578029924 -13.293264250387502 -11.90698223313267 -6.345727990295302 -10.372604436001696 -8.942488966666815 -12.498526103564735 -11.255863833644089 -5.3719588089506765 -13.328624822115387 -10.271604651044317 -11.958148804429012 -14.719916697907301 -14.319067566674713 -14.835592786249324 -12.045182964398329
24.949899799599198 -9.232532607281705 -12.51316911798174 -11.27861793456125 -11.477064652775582 -13.605167527263564 -13.19527739741817 -7.90825081665914 -6.0520973499713016 0.81870302921718 -4.403208913078078 -2.476077045123247 -10.194664929070829 -8.118074121408462 -13.28523341391832 -11.896403235834285 -6.322194472975717 -10.35876679043273 -8.92586006185594 -12.489515520468633 -11.24393066015882 -5.347877291431349 -13.32189172068956 -10.258238016879542 -11.948208097014419 -14.718451684091992 -14.315561301843276 -14.835524465398231 -12.036766401016479
25.01002004008016 -9.213830565105763 -12.502424027922103 -11.264660434352614 -11.464907324662974 -13.59780140923366 -13.186555482345668 -7.8865639805114816 -6.023900434346405 0.8599474939188108 -4.379535628320248 -2.452827267683325 -10.177789742608045 -8.09718790312385 -13.275503666024939 -11.883803416653002 -6.294992908733079 -10.342493110027212 -8.906440956696393 -12.478681368433513 -11.229802679133307 -5.320057602569115 -13.313624667519264 -10.24249720906834 -11.936327571974523 -14.716123102766169 -14.310931479956624 -14.834770704266107 -12.026607015098776
25.07014028056112 -9.187878328372392 -12.486833889386553 -11.244886751526497 -11.447483798851792 -13.58661250123495 -13.173600387467452 -7.856723318267146 -5.985580487329187 0.9152451815935132 -4.347140842222306 -2.4209803640522796 -10.15421450489064 -8.068392660744891 -13.261236328760717 -11.865800680983149 -6.257969010455799 -10.319703202431503 -8.879554812678023 -12.462975240591785 -11.20980640819571 -5.282227791853078 -13.301262643897456 -10.220404570462591 -11.919261579970275 -14.71149772962535 -14.303307678201909 -14.832197632972884 -12.01178813654348
25.130260521042082 -9.172550071402359 -12.47833029296551 -11.233627726392044 -11.437776229229062 -13.581008184675518 -13.166832475972416 -7.8388332016499005 -5.962104894977109 0.9498941418782154 -4.327588651517207 -2.4017867323619977 -10.140450511014986 -8.051192806646718 -13.25360429301978 -11.855709813848307 -6.235346917330961 -10.306457682051063 -8.863611407682406 -12.454395247617622 -11.19840042682867 -5.259074325667363 -13.29488578356301 -10.207620330149858 -11.909787683266924 -14.710218307342938 -14.300052457235848 -14.832270793622422 -12.00379775215385
25.190380761523045 -9.150897073279722 -12.465599184655911 -11.217294356138456 -11.42347537657498 -13.572067967285246 -13.15637066753819 -7.813830036437156 -5.929798785722991 0.9967970499177499 -4.300436587551797 -2.3751006288374685 -10.120840958104129 -8.027094096488078 -13.242012984476752 -11.840905713207263 -6.20415647017839 -10.287527418448581 -8.841154153703723 -12.441564261385931 -11.181874514566505 -5.227188513690351 -13.284935728843994 -10.189295539633125 -11.895790162551254 -14.706934460030926 -14.294184474566636 -14.830756256461777 -11.991743832320623
25.250501002004007 -9.121271894620993 -12.44753963573114 -11.194564979272048 -11.403388014942983 -13.55892373180442 -13.141253253864882 -7.779860212035184 -5.886360243667212 1.0591405523852133 -4.2637211845262435 -2.338984483963763 -10.09386218401713 -7.9943002350857775 -13.225431666854892 -11.82016236338547 -6.162163987966675 -10.26143173331995 -8.810486280934562 -12.423375231181097 -11.158894823655707 -5.184293436273322 -13.270482609394652 -10.163988840628253 -11.876092414707031 -14.701126775917409 -14.28502495558053 -14.827243976288907 -11.974572671685237
25.31062124248497 -9.106441332639879 -12.439352872408147 -11.183695593645275 -11.39403999027726 -13.55356109782571 -13.13475678049942 -7.762533004047053 -5.863592894016882 1.0927589483651596 -4.24483711964152 -2.320442180720551 -10.08055052942182 -7.977650338620229 -13.218094412928309 -11.810435678856674 -6.140227219944389 -10.248628647158673 -8.795056688949874 -12.415114084521228 -11.147881280503817 -5.161837576852726 -13.264368193666023 -10.151641065904027 -11.86696637378029 -14.699980651865513 -14.281952391854682 -14.827417353847208 -11.966901599340236
25.37074148296593 -9.084070483874296 -12.42612601236221 -11.166776505666292 -11.379219147303079 -13.54422180687152 -13.123856535968024 -7.7367249103990074 -5.830296352589368 1.1409794979360273 -4.216910373444129 -2.292982803665694 -10.060268631959588 -7.9527765758411775 -13.206037165200161 -11.795091511211748 -6.1080737101335565 -10.229048235793242 -8.771861310706193 -12.401784845015058 -11.13076334890886 -5.128968914285217 -13.253994329431755 -10.13268978387968 -11.852448884730133 -14.696447095048658 -14.275766249330156 -14.825700950251049 -11.954390873669247
