web/models/kne/41/mosfit_kn_0.500000_0.4060_3.6500.dat
# %ECSV 1.0
# ---
# datatype:
# - {name: time, datatype: float64}
# - {name: PS1_g, datatype: float64}
# - {name: PS1_i, datatype: float64}
# - {name: PS1_r, datatype: float64}
# - {name: PS1_w, datatype: float64}
# - {name: PS1_y, datatype: float64}
# - {name: PS1_z, datatype: float64}
# - {name: swift_uvot_B, datatype: float64}
# - {name: swift_uvot_U, datatype: float64}
# - {name: swift_uvot_uvm2, datatype: float64}
# - {name: swift_uvot_uvw1, datatype: float64}
# - {name: swift_uvot_uvw2, datatype: float64}
# - {name: swift_uvot_V, datatype: float64}
# - {name: johnson_B, datatype: float64}
# - {name: johnson_I, datatype: float64}
# - {name: johnson_R, datatype: float64}
# - {name: johnson_U, datatype: float64}
# - {name: johnson_V, datatype: float64}
# - {name: sdss_g, datatype: float64}
# - {name: sdss_i, datatype: float64}
# - {name: sdss_r, datatype: float64}
# - {name: sdss_u, datatype: float64}
# - {name: sdss_z, datatype: float64}
# - {name: ATLAS_c, datatype: float64}
# - {name: ATLAS_o, datatype: float64}
# - {name: ukirt_H, datatype: float64}
# - {name: ukirt_J, datatype: float64}
# - {name: ukirt_K, datatype: float64}
# - {name: Clear, datatype: float64}
# meta: !!omap
# - comment: [kappa = 3.65, type = rprocess, mass = 0.5000000000045836, velocity = 0.406, theta_obs = 0.0, tfloor = 1000.0]
# schema: astropy-2.0
time PS1_g PS1_i PS1_r PS1_w PS1_y PS1_z swift_uvot_B swift_uvot_U swift_uvot_uvm2 swift_uvot_uvw1 swift_uvot_uvw2 swift_uvot_V johnson_B johnson_I johnson_R johnson_U johnson_V sdss_g sdss_i sdss_r sdss_u sdss_z ATLAS_c ATLAS_o ukirt_H ukirt_J ukirt_K Clear
[from data line 395]
23.80761523046092 -12.581313455124672 -16.591351722015624 -15.062139014369436 -15.440330735110166 -17.995269756194148 -17.459643278979318 -10.979803971733155 -8.522883022918126 -0.49559201164681976 -7.369044388222559 -5.467308865053461 -13.705516691090509 -11.270850191627812 -17.457953975402642 -15.812510356017004 -8.884011841290064 -13.930455101658426 -12.208668765987767 -16.559530594326386 -15.010255894642803 -7.850473687564694 -17.62995975816315 -13.886958956580564 -15.929930399542389 -19.578707862668324 -18.960860983252434 -19.843925318086303 -16.19046272031591
23.867735470941884 -12.519328512051136 -16.55153772048603 -15.013367095791104 -15.397442700893578 -17.964996192044538 -17.42550598520454 -10.909288323989614 -8.433977466758389 -0.3728346571816692 -7.2973267610289305 -5.395865635347871 -13.648297690611415 -11.203052805308008 -17.42105779452527 -15.768030126367247 -8.797874775777832 -13.875269877702364 -12.144672005605877 -16.51946871179449 -14.960912721504833 -7.762457884915399 -17.597214868862174 -13.833732716555431 -15.887421253978236 -19.562965536253976 -18.938471007754387 -19.832796930139086 -16.153580032721795
23.927855711422843 -12.458656224578721 -16.512593459197138 -14.965644038523056 -15.355507501251768 -17.93540465013807 -17.39212573097138 -10.840250407703788 -8.346909562801113 -0.25266812575868425 -7.227205965064769 -5.32598269569791 -13.592287572386159 -11.136693151021845 -17.38497547824296 -15.724528203847179 -8.713520610423206 -13.82126370475685 -12.082027784256564 -16.48028157171602 -14.912627114031203 -7.676258158111082 -17.56520290156633 -13.78165732269057 -15.845848927232797 -19.547627318937653 -18.916612165072877 -19.82198630094096 -16.117541891028093
23.987975951903806 -12.39891927590028 -16.474266007970844 -14.91866666584901 -15.31425377910443 -17.90629555308641 -17.35928137948255 -10.77226534293673 -8.261151601687224 -0.13437136944288763 -7.158244644437239 -5.257225563910421 -13.537136205682884 -11.071360932910416 -17.349470345145114 -15.681724798427929 -8.630437179239163 -13.768097378644233 -12.020347517929899 -16.441714853177753 -14.865092822786767 -7.591352015258241 -17.533710362611235 -13.730403896686312 -15.804944723700558 -19.53257447852589 -18.895128752466217 -19.81140027133971 -16.082110032578143
24.04809619238477 -12.315643333533686 -16.420115496561056 -14.852749138296879 -15.2561552529966 -17.86468997428665 -17.312591077293682 -10.677760599687247 -8.142457134566818 0.028469636681440313 -7.062554161899506 -5.161764586717105 -13.460085433510162 -10.980487179374773 -17.299163003952682 -15.621508997995683 -8.515382116382934 -13.693763771969001 -11.934427435204658 -16.38723892825725 -14.798413508290178 -7.4738106586277375 -17.488864780717748 -13.658688933875922 -15.747309127201454 -19.510109752355987 -18.86390716452402 -19.795021028282115 -16.03194939724789
24.10821643286573 -12.227401814321386 -16.362612006429842 -14.782827563822654 -15.19452583628862 -17.820431283763583 -17.262962060872802 -10.577658586228164 -8.016811675955129 0.20055659791129177 -6.9613756278303285 -5.0607676915853474 -13.37839757098709 -10.88424476821157 -17.245720067381722 -15.55763421524005 -8.393578881871779 -13.614964463853594 -11.843394820836757 -16.329392119496315 -14.727682789313477 -7.349375148893422 -17.44118977734244 -13.582673296355363 -15.686152921658554 -19.48607488134337 -18.830619816976117 -19.777419529348435 -15.978719540872834
24.168336673346694 -12.157226867140665 -16.317231829748593 -14.72743072731408 -15.145847602242988 -17.785738882023434 -17.223934678475903 -10.49790901716528 -7.916446760934477 0.338271481135501 -6.880886189425084 -4.980379287033173 -13.313497103515719 -10.807629165344594 -17.203618750855256 -15.507137015798797 -8.296314343985173 -13.552409750058432 -11.770968037125034 -16.283735093860603 -14.67162939533809 -7.249981088027955 -17.403743955869473 -13.522378719577706 -15.637845181886085 -19.46771313713041 -18.804786628681303 -19.764255365810076 -15.93683328096379
24.228456913827653 -12.092701988516392 -16.275636083543237 -14.676572320326997 -15.101225648383672 -17.75402976144086 -17.18821437949698 -10.424524147438056 -7.823989146043715 0.4651795707404611 -6.806917563600567 -4.906467840421506 -13.253840358528326 -10.737158836963449 -17.165057860151595 -15.460827085316932 -8.206724713400721 -13.494934763164677 -11.704360443312485 -16.24188340314973 -14.620160772394186 -7.158417254298204 -17.369490480193583 -13.467005267345247 -15.593557120248107 -19.451119390482813 -18.78127737202213 -19.752474505593952 -15.89850527683529
24.288577154308616 -12.028985553660707 -16.234572012981356 -14.626357711073084 -15.05719405514153 -17.72273579665331 -17.152955431089776 -10.352049257060802 -7.732663649710947 0.5904554378585454 -6.7339593547080945 -4.833531833446013 -13.194924413380502 -10.66757876169007 -17.126994556438124 -15.415122579441693 -8.118233465616857 -13.43818606176171 -11.638586143218284 -16.200566549520907 -14.569340433846865 -7.067971012956349 -17.33568467682085 -13.412343359165035 -15.549847316623655 -19.434770953321202 -18.758091075697738 -19.740886838016852 -15.86070388881403
24.34869739478958 -11.966455695088953 -16.194294174055432 -14.577091379822775 -15.014022397212905 -17.69205807789861 -17.118380670311417 -10.280910553338042 -7.642999676460338 0.7133880978685321 -6.662434992535644 -4.761996032554862 -13.137101663166117 -10.59929866061671 -17.08966690237266 -15.370302650967275 -8.031354544148883 -13.382503710426333 -11.57403451486049 -16.160040467329306 -14.519476300344696 -6.979167192175133 -17.302541279661003 -13.35872103010896 -15.506984096717318 -19.418786709854633 -18.735384246762692 -19.72958496281748 -15.82366410111062
24.40881763527054 -11.884946522818911 -16.14124268133761 -14.512545176107121 -14.95730046986667 -17.651287808999996 -17.072623495758545 -10.188384295131893 -7.5267705191803636 0.8720458263899262 -6.569542311864307 -4.669040611171663 -13.061600074097168 -10.510449792511402 -17.040391869766093 -15.311466003643492 -7.918688489426835 -13.309756012117687 -11.489939354099956 -16.106671609410306 -14.45416157879162 -6.86403300550106 -17.25862028717099 -13.288622186836712 -15.450645782475512 -19.396824924896517 -18.704817120049437 -19.713619581991924 -15.774801018051097
24.468937875751504 -11.793368387410705 -16.081403443102555 -14.43988657104553 -14.893407437117112 -17.605150797313485 -17.020920577038208 -10.084509112468709 -7.396444513572593 1.0495358830999608 -6.465423546942901 -4.564788050242189 -12.976706120823913 -10.410704559654377 -16.984769168459206 -15.245205934766012 -7.792338301834977 -13.2279554651428 -11.395476564884657 -16.046478562565092 -14.380640567224372 -6.734921645262162 -17.208972738703938 -13.209794489694957 -15.387166571306352 -19.371687669968317 -18.67007191817473 -19.695180892521456 -15.719695226461283
24.529058116232463 -11.715034425700388 -16.030455878451253 -14.3778782522981 -14.8389953898179 -17.566030528277743 -16.976994322325698 -9.995556366587774 -7.284655610785151 1.2018881054561499 -6.376398113148465 -4.475592983923423 -12.904126192354266 -10.32533958391236 -16.937463823695975 -15.188744696802729 -7.683981673688855 -13.158063401573601 -11.314653127384275 -15.995225840548422 -14.317883652078187 -6.624175355271351 -17.166826332887677 -13.142482983677901 -15.333100005754847 -19.35070631028285 -18.640791507504577 -19.67998852052286 -15.67288413154877
24.589178356713425 -11.647731874572056 -15.986916157761826 -14.324741758042592 -14.792474386795504 -17.53275623511014 -16.939547441284564 -9.919034038383085 -7.188309142669986 1.3333309704356617 -6.299914248776872 -4.398921201382326 -12.841806279482839 -10.25194845478778 -16.897087336132312 -15.140440869390439 -7.590614664941732 -13.098089756576401 -11.245190192815624 -15.951421441399827 -14.26409427776747 -6.528729527416441 -17.130928569135957 -13.084759754936126 -15.286870277684148 -19.33318497984272 -18.6160627629949 -19.667496928863454 -15.632972366415476
24.649298597194388 -11.58112122977153 -15.943830193519144 -14.272155680646943 -14.74645950662465 -17.49983554669182 -16.90249371940327 -9.8432905964257 -7.0929315515751234 1.4633617248521498 -6.2243004736637175 -4.323084074355727 -12.780119194302497 -10.17932141828425 -16.857135568435694 -15.092656916594944 -7.498187926999204 -13.038738297479478 -11.176440551873856 -15.9080735484023 -14.21085882359474 -6.434239934288399 -17.095412804648955 -13.027646293262034 -15.241136144519825 -19.31587211629102 -18.591608901859953 -19.65516947867808 -15.593513220383084
24.70941883767535 -11.515802408672293 -15.901602041358256 -14.220603170864958 -14.701378040300028 -17.467587725542533 -16.866186944594705 -9.769002284624612 -6.999362925538257 1.590855591280513 -6.150226867546635 -4.248755099523404 -12.71962431204135 -10.1081080549041 -16.817986357447918 -15.045835256678892 -7.407516969347771 -12.980548425182226 -11.109021948996123 -15.86558839663926 -14.158665985453904 -6.3415394831008065 -17.060619840887927 -12.971662747929003 -15.196323032693542 -19.298956374422215 -18.56767834525284 -19.643153007281647 -15.55487879955015
24.769539078156313 -11.439660746592466 -15.852077380758445 -14.160330788943885 -14.648590579058531 -17.429570696868826 -16.823488446157935 -9.682515039191639 -6.890640620673967 1.7385751149137336 -6.06409310286951 -4.162282517363142 -12.649032565423799 -10.025185052481834 -16.772013986899907 -14.991037506873017 -7.302136454047982 -12.912629059481711 -11.030459536824733 -15.81576761083122 -14.097651894223109 -6.233813783949067 -17.019671539525785 -12.906298236900025 -15.143836230186363 -19.278627744451896 -18.53925686469781 -19.628478954313128 -15.509537946731164
24.829659318637272 -11.344944579782759 -15.79003356721298 -14.085095105045262 -14.582579730576981 -17.38165699847409 -16.76982441056383 -9.575090571068909 -6.755907536534043 1.9210176198841262 -5.957255332555729 -4.054963733208442 -12.5611133507912 -9.922164504222234 -16.714335186353992 -14.922553137505503 -7.171507844365543 -12.82801271458357 -10.932771481478252 -15.7533604890898 -14.021500523311321 -6.100298073200534 -16.968163493909305 -12.82483454455912 -15.078182039047192 -19.25244804736971 -18.50313344048841 -19.60925054352227 -15.452689626510292
24.889779559118235 -11.255463937362471 -15.731497364643392 -14.014065709339913 -14.520324522367805 -17.33650810353849 -16.719225434769562 -9.473564602171571 -6.628501873864856 2.093447233019316 -5.8564377497509135 -3.9536243771217836 -12.478054521218091 -9.824838799089658 -16.65993777686562 -14.857949738162237 -7.047992154286515 -12.74810501120731 -10.84047571242321 -15.694480387157999 -13.949598565696295 -5.974039480944473 -16.9196142433797 -12.747929168482521 -15.016252356274595 -19.227905309207 -18.469163090938423 -19.591301810154743 -15.399134411057105
24.949899799599198 -11.184454348568558 -15.685385474978109 -13.95790261991543 -14.471247041908661 -17.301170652763975 -16.679500188381482 -9.392857073300231 -6.526960896911955 2.231099535754219 -5.776406317252807 -3.873126368417473 -12.412200910583 -9.747531410829126 -16.61715918561762 -14.806979387929104 -6.949582905727418 -12.684803002091305 -10.767200812655275 -15.648091940420752 -13.892729689537688 -5.873417341153946 -16.881543677919524 -12.68705410179603 -14.967428352174448 -19.20916249862527 -18.442828085575265 -19.57787171821669 -15.357072355512837
25.01002004008016 -11.114209266591182 -15.639776508582539 -13.902348731531049 -14.422726836770074 -17.266225590330393 -16.64021108675488 -9.313010443277793 -6.426490222520584 2.3672014960442285 -5.69732049884367 -3.793537835173083 -12.347048085389122 -9.67106729080854 -16.574851337501652 -14.756583372134344 -6.852212761503413 -12.6221892346493 -10.694713984832678 -15.602209450937252 -13.836474169262036 -5.773852335890872 -16.84389669201769 -12.626851450537337 -14.919151730262534 -19.190650797960732 -18.416798068646596 -19.56462319495326 -15.315507367723722
25.07014028056112 -11.04535509714525 -15.595092811351474 -13.847908754331364 -14.375209139089602 -17.23200677011212 -16.60172808783022 -9.23473095289075 -6.327967345148444 2.5005849164499567 -5.619875049350309 -3.7155595065113753 -12.28318076161764 -9.596123850112871 -16.533409098645315 -14.707222820653964 -6.7567335067027585 -12.56082678742201 -10.623660221264881 -15.557257527726236 -13.78134268103679 -5.676214677507545 -16.807029434917453 -12.56786368905125 -14.871866176938848 -19.172567242240635 -18.391332677559973 -19.55170934779934 -15.274826410486924
25.130260521042082 -10.977092231787982 -15.55079609295932 -13.793938910123309 -14.328123901276477 -17.198088893520858 -16.563579902621495 -9.157117371023784 -6.2302725609288245 2.6327504357792515 -5.543173050016925 -3.6382903545428067 -12.219853691752355 -9.521835185192437 -16.49232909910425 -14.658308090478258 -6.6620583185102795 -12.49999694256818 -10.55321614945436 -15.51269497835392 -13.726684111146668 -5.579394432933782 -16.77048789782935 -12.50939719551944 -14.825004583515877 -19.15466033931011 -18.36610091097759 -19.538934273267024 -15.23453275096955
25.190380761523045 -10.886014281149166 -15.491112302901211 -13.721584982801662 -14.264819425202653 -17.15200432827423 -16.51195064710203 -9.05378302307729 -6.100619631784383 2.8074146475384305 -5.4411585201421175 -3.535474499893606 -12.13522803745538 -9.422881954928219 -16.436863002203623 -14.592604119139231 -6.536363511044058 -12.418662901722024 -10.459280655564438 -15.45266316345435 -13.653423403712797 -5.450882383661835 -16.720970135809647 -12.431171837367945 -14.761983456014729 -19.129567195223004 -18.331404579192156 -19.520572185632275 -15.180143746274464
25.250501002004007 -10.794193123206384 -15.430911268914151 -13.64862386598034 -14.201008043774035 -17.105504425286995 -16.459862458001524 -8.949608731686258 -5.969921922942536 2.98328350199849 -5.338455538877831 -3.431897533619551 -12.049890520277941 -9.323149719802156 -16.380914571480833 -14.526373014388938 -6.40965552982146 -12.336664120167951 -10.364581060426996 -15.392111832048485 -13.579543738120083 -5.321328491122426 -16.671016539782837 -12.352318425674778 -14.6984467353181 -19.10423023879941 -18.296386195832817 -19.502024572774413 -15.125333575556787
25.31062124248497 -10.722709095629774 -15.384404971283718 -13.592038891987865 -14.151675358007534 -17.0698238732351 -16.419764953914076 -8.868360621061015 -5.867711217820393 3.121059971595927 -5.2584689275047225 -3.3511731169303647 -11.983517511864676 -9.245431362084101 -16.337770752180145 -14.475127134799372 -6.310598712499804 -12.272945134598865 -10.290823044617312 -15.345328992855212 -13.522229470957132 -5.220017670705417 -16.63261083075378 -12.291093930062562 -14.64932360743079 -19.08528128767157 -18.26978320741471 -19.488445638336614 -15.083126440422525
25.37074148296593 -10.647354867564456 -15.33527749381241 -13.53232964312216 -14.099604165421571 -17.03206608230051 -16.377366903856725 -8.78274847645611 -5.7600778849493395 3.2659271304695077 -5.174274376087418 -3.266158867716434 -11.913519887952912 -9.163545239748977 -16.29217693253085 -14.421045670962826 -6.206279199034494 -12.205750089718277 -10.21308091768212 -15.295911310183392 -13.461750957970509 -5.113325833442115 -16.59199451240987 -12.22652722435063 -14.597465597558568 -19.06510521919024 -18.24156438896896 -19.47391460018064 -15.038551482866183
