web/models/kne/41/mosfit_kn_0.005245_0.3120_0.5000.dat
# %ECSV 1.0
# ---
# datatype:
# - {name: time, datatype: float64}
# - {name: PS1_g, datatype: float64}
# - {name: PS1_i, datatype: float64}
# - {name: PS1_r, datatype: float64}
# - {name: PS1_w, datatype: float64}
# - {name: PS1_y, datatype: float64}
# - {name: PS1_z, datatype: float64}
# - {name: swift_uvot_B, datatype: float64}
# - {name: swift_uvot_U, datatype: float64}
# - {name: swift_uvot_uvm2, datatype: float64}
# - {name: swift_uvot_uvw1, datatype: float64}
# - {name: swift_uvot_uvw2, datatype: float64}
# - {name: swift_uvot_V, datatype: float64}
# - {name: johnson_B, datatype: float64}
# - {name: johnson_I, datatype: float64}
# - {name: johnson_R, datatype: float64}
# - {name: johnson_U, datatype: float64}
# - {name: johnson_V, datatype: float64}
# - {name: sdss_g, datatype: float64}
# - {name: sdss_i, datatype: float64}
# - {name: sdss_r, datatype: float64}
# - {name: sdss_u, datatype: float64}
# - {name: sdss_z, datatype: float64}
# - {name: ATLAS_c, datatype: float64}
# - {name: ATLAS_o, datatype: float64}
# - {name: ukirt_H, datatype: float64}
# - {name: ukirt_J, datatype: float64}
# - {name: ukirt_K, datatype: float64}
# - {name: Clear, datatype: float64}
# meta: !!omap
# - comment: [kappa = 0.5, type = rprocess, mass = 0.005244756555828381, velocity = 0.312, theta_obs = 0.0, tfloor = 1000.0]
# schema: astropy-2.0
time PS1_g PS1_i PS1_r PS1_w PS1_y PS1_z swift_uvot_B swift_uvot_U swift_uvot_uvm2 swift_uvot_uvw1 swift_uvot_uvw2 swift_uvot_V johnson_B johnson_I johnson_R johnson_U johnson_V sdss_g sdss_i sdss_r sdss_u sdss_z ATLAS_c ATLAS_o ukirt_H ukirt_J ukirt_K Clear
[from data line 412]
24.829659318637272 13.090563911627058 4.208735098427763 7.6838058764656125 5.715882064961626 0.6855450499025117 2.103221014749632 16.630470488191527 23.289414586086448 37.17800989011562 19.254997118161004 21.768013624640655 11.050080604497843 15.426533171225337 2.655221792005812 5.625254558730812 22.2584134068347 10.095058269329089 13.903104012941494 4.289991050540767 7.912294535962037 23.790520116261273 1.5297934027276483 9.662882446208254 5.210469921598477 -4.263442328012984 -2.1139530325232934 -5.623731008486155 3.4299880212002876
24.889779559118235 13.100635045399862 4.218806232200585 7.693877010238417 5.725953198734448 0.6956161836753161 2.1132921485224543 16.64054162196435 23.299485719859263 37.188081023888444 19.26506825193382 21.77808475841347 11.060151738270648 15.43660430499816 2.665292925778634 5.635325692503634 22.268484540607517 10.105129403101893 13.913175146714316 4.300062184313571 7.922365669734859 23.80059125003409 1.5398645365004526 9.672953579981076 5.220541055371282 -4.25337119424018 -2.103881898750489 -5.613659874713351 3.440059154973092
24.949899799599198 13.110688648747502 4.228859835548224 7.703930613586056 5.73600680208207 0.7056697870229556 2.123345751870094 16.65059522531199 23.3095393232069 37.19813462723607 19.27512185528146 21.78813836176111 11.070205341618287 15.446657908345799 2.6753465291262737 5.645379295851273 22.27853814395515 10.115183006449532 13.923228750061938 4.310115787661211 7.932419273082498 23.810644853381724 1.5499181398480921 9.683007183328698 5.230594658718921 -4.2433175908925405 -2.0938282954028495 -5.603606271365711 3.4501127583207314
25.01002004008016 13.120724758350057 4.23889594515078 7.713966723188612 5.746042911684626 0.7157058966255114 2.1333818614726496 16.660631334914545 23.319575432809458 37.20817073683863 19.285157964884014 21.798174471363666 11.080241451220843 15.456694017948355 2.6853826387288295 5.655415405453829 22.288574253557705 10.125219116052088 13.933264859664494 4.3201518972637665 7.942455382685054 23.820680962984284 1.559954249450648 9.693043292931254 5.240630768321477 -4.233281481289985 -2.0837921858002937 -5.5935701617631555 3.4601488679232872
25.07014028056112 13.130743437470116 4.248914624270821 7.723985402308671 5.756061590804684 0.7257245757455699 2.1434005405926904 16.670650014034585 23.329594111929506 37.218189415958676 19.295176644004062 21.808193150483714 11.090260130340901 15.466712697068395 2.6954013178488703 5.66543408457387 22.298592932677764 10.135237795172147 13.943283538784552 4.330170576383825 7.952474061805095 23.83069964210433 1.5699729285707065 9.703061972051312 5.2506494474415355 -4.223262802169926 -2.073773506680235 -5.583551482643097 3.4701675470433457
25.130260521042082 13.140744715755108 4.258915902555831 7.733986680593663 5.7660628690896765 0.7357258540305622 2.1534018188777004 16.680651292319595 23.339595390214505 37.22819069424368 19.305177922289065 21.818194428768717 11.100261408625894 15.476713975353405 2.7054025961338803 5.67543536285888 22.308594210962756 10.14523907345714 13.953284817069544 4.340171854668817 7.962475340090105 23.84070092038933 1.5799742068556988 9.713063250336305 5.260650725726528 -4.213261523884934 -2.063772228395243 -5.573550204358105 3.480168825328338
25.190380761523045 13.150728644162548 4.268899830963271 7.743970609001121 5.776046797497134 0.7457097824380199 2.1633857472851403 16.690635220727035 23.349579318621956 37.23817462265113 19.315161850696516 21.828178357176167 11.110245337033351 15.486697903760845 2.7153865245413202 5.68541929126632 22.318578139370203 10.155223001864597 13.963268745477002 4.350155783076257 7.972459268497545 23.85068484879678 1.5899581352631387 9.723047178743762 5.270634654133968 -4.203277595477476 -2.0537882999877852 -5.563566275950647 3.4901527537357957
25.250501002004007 13.160696289517944 4.2788674763186485 7.753938254356498 5.786014442852512 0.7556774277933975 2.173353392640518 16.70060286608243 23.359546963977344 37.24814226800651 19.32512949605189 21.83814600253154 11.120212982388729 15.496665549116223 2.7253541698967156 5.695386936621698 22.32854578472559 10.165190647219974 13.97323639083238 4.360123428431653 7.98242691385294 23.86065249415216 1.599925780618534 9.73301482409914 5.280602299489363 -4.1933099501220985 -2.0438206546324076 -5.553598630595269 3.5001203990911733
25.31062124248497 13.17064463967963 4.288815826480334 7.763886604518184 5.795962793014198 0.7656257779550835 2.183301742802204 16.710551216244117 23.36949531413903 37.258090618168204 19.335077846213576 21.848094352693227 11.130161332550415 15.506613899277909 2.7353025200584016 5.7053352867833835 22.338494134887277 10.17513899738166 13.983184740994066 4.3700717785933385 7.992375264014626 23.870600844313856 1.60987413078022 9.742963174260826 5.290550649651049 -4.183361599960413 -2.0338723044707216 -5.543650280433583 3.5100687492528593
25.37074148296593 13.180576784002245 4.29874797080295 7.7738187488407995 5.805894937336813 0.7755579222776987 2.193233887124819 16.720483360566732 23.379427458461635 37.268022762490816 19.345009990536195 21.858026497015846 11.14009347687303 15.516546043600524 2.745234664381017 5.715267431105999 22.348426279209892 10.185071141704276 13.993116885316681 4.380003922915954 8.002307408337241 23.88053298863646 1.6198062751028353 9.752895318583441 5.300482793973664 -4.173429455637797 -2.0239401601481064 -5.533718136110968 3.5200008935754745
25.430861723446892 13.19049176301462 4.308662949815343 7.783733727853175 5.815809916349206 0.7854729012900741 2.2031488661372123 16.730398339579107 23.38934243747402 37.2779377415032 19.354924969548577 21.86794147602823 11.150008455885406 15.526461022612917 2.755149643393392 5.725182410118392 22.358341258222275 10.194986120716651 14.003031864329074 4.389918901928329 8.012222387349617 23.890447967648846 1.6297212541152106 9.762810297595834 5.31039777298604 -4.163514476625422 -2.014025181135731 -5.523803157098593 3.52991587258785
25.490981963927855 13.200389610981897 4.31856079778262 7.793631575820452 5.825707764316483 0.7953707492573514 2.2130467141044896 16.740296187546384 23.399240285441294 37.287835589470475 19.364822817515854 21.877839323995506 11.159906303852683 15.536358870580194 2.7650474913606695 5.735080258085669 22.368239106189556 10.204883968683946 14.012929712296351 4.3998167498956064 8.022120235316894 23.90034581561612 1.639619102082488 9.772708145563112 5.320295620953317 -4.153616628658145 -2.0041273331684537 -5.5139053091313155 3.539813720555127
25.551102204408817 13.210270376601105 4.328441563401828 7.80351234143966 5.835588529935674 0.8052515148765593 2.2229274797236975 16.750176953165592 23.409121051060502 37.297716355089676 19.374703583135055 21.887720089614707 11.16978706947189 15.546239636199385 2.7749282569798774 5.744961023704859 22.378119871808753 10.214764734303136 14.022810477915542 4.409697515514814 8.032001000936102 23.910226581235328 1.6494998677016959 9.782588911182302 5.330176386572525 -4.143735863038937 -1.9942465675492458 -5.504024543512108 3.549694486174335
25.61122244488978 13.22013410760615 4.338305294406872 7.813376072444704 5.845452260940736 0.8151152458816036 2.2327912107287418 16.760040684170637 23.41898478206555 37.30758008609473 19.384567314140106 21.897583820619758 11.179650800476935 15.556103367204447 2.7847919879849217 5.754824754709921 22.387983602813804 10.22462846530818 14.032674208920604 4.419561246519859 8.041864731941146 23.920090312240376 1.65936359870674 9.792452642187364 5.340040117577569 -4.1338721320338925 -1.9843828365442016 -5.494160812507063 3.5595582171793794
25.67134268537074 13.229980847783906 4.348152034584629 7.823222812622479 5.855299001118492 0.8249619860593782 2.2426379509064986 16.769887424348394 23.428831522243314 37.31742682627249 19.394414054317874 21.907430560797515 11.18949754065471 15.565950107382204 2.7946387281626786 5.764671494887678 22.39783034299156 10.234475205485955 14.04252094909836 4.4294079866976155 8.051711472118903 23.92993705241814 1.669210338884497 9.80229938236512 5.349886857755326 -4.124025391856118 -1.974536096366427 -5.4843140723293065 3.5694049573571363
25.7314629258517 13.239810636913969 4.357981823714692 7.8330526017525415 5.865128790248555 0.8347917751894407 2.252467740036561 16.779717213478456 23.438661311373377 37.32725661540255 19.404243843447933 21.917260349927584 11.199327329784772 15.575779896512266 2.804468517292741 5.774501284017741 22.407660132121627 10.244304994616018 14.052350738228423 4.439237775827696 8.061541261248966 23.939766841548202 1.6790401280145772 9.812129171495183 5.3597166468853885 -4.114195602726055 -1.9647063072363644 -5.474484283199226 3.5792347464872165
25.791583166332664 13.249623523905143 4.367794710705866 7.8428654887437155 5.874941677239729 0.8446046621806147 2.262280627027735 16.78953010046963 23.44847419836455 37.337069502393724 19.41405673043911 21.927073236918762 11.209140216775946 15.58559278350344 2.814281404283915 5.784314171008915 22.417473019112798 10.254117881607192 14.062163625219597 4.449050662818852 8.07135414824014 23.949579728539376 1.6888530150057335 9.821942058486357 5.3695295338765625 -4.104382715734881 -1.9548934202451904 -5.46467139620807 3.5890476334783905
25.851703406813627 13.259419542206103 4.377590729006826 7.852661507044676 5.884737695540689 0.8544006804815751 2.2720766453286956 16.79932611877059 23.45827021666551 37.346865520694685 19.42385274874006 21.93686925521971 11.218936235076889 15.5953888018044 2.8240774225848755 5.794110189309875 22.427269037413758 10.263913899908152 14.071959643520557 4.458846681119812 8.0811501665411 23.959375746840337 1.698649033306694 9.831738076787317 5.379325552177523 -4.094586697433921 -1.94509740194423 -5.4548753779071095 3.598843651779333
25.91182364729459 13.269198750275493 4.387369937076215 7.862440715114065 5.894516903610079 0.8641798885509466 2.281855853398085 16.80910532683998 23.4680494247349 37.356644728764074 19.43363195680945 21.9466484632891 11.228715443146278 15.60516800987379 2.8338566306542647 5.8038893973792645 22.437048245483147 10.273693107977541 14.081738851589947 4.468625889189202 8.09092937461049 23.969154954909726 1.7084282413760832 9.841517284856707 5.389104760246912 -4.084807489364532 -1.9353181938748407 -5.44509616983772 3.6086228598487224
25.97194388777555 13.278961184585878 4.397132371386601 7.87220314942445 5.904279337920464 0.8739423228613497 2.29161828770847 16.818867761150365 23.477811859045286 37.366407163074456 19.443394391119842 21.956410897599486 11.238477877456681 15.614930444184175 2.84361906496465 5.81365183168965 22.446810679793536 10.283455542287927 14.091501285900332 4.478388323499587 8.100691808920875 23.97891738922011 1.7181906756864684 9.851279719167092 5.3988671945572975 -4.075045055054146 -1.9255557595644555 -5.435333735527335 3.6183852941591255
26.03206412825651 13.288706892246367 4.40687807904709 7.881948857084939 5.914025045580953 0.8836880305218386 2.301363995368959 16.828613468810854 23.487557566705775 37.37615287073495 19.453140098780334 21.966156605259975 11.24822358511717 15.624676151844664 2.853364772625139 5.823397539350139 22.45655638745402 10.293201249948416 14.101246993560821 4.488134031160076 8.110437516581364 23.9886630968806 1.7279363833469574 9.861025426827581 5.4086129022177865 -4.065299347393657 -1.9158100519039665 -5.425588027866846 3.6281310018196145
26.092184368737474 13.298435914173297 4.416607100974019 7.891677879011851 5.923754067507883 0.8934170524487506 2.311093017295889 16.838342490737784 23.497286588632697 37.385881892661864 19.462869120707254 21.975885627186905 11.257952607044082 15.634405173771594 2.8630937945520687 5.833126561277068 22.46628540938095 10.302930271875328 14.110976015487733 4.497863053087006 8.120166538508293 23.998392118807523 1.7376654052738871 9.87075444875451 5.418341924144716 -4.0555703254667455 -1.9060810299770545 -5.415859005939916 3.6378600237465264
26.152304609218437 13.308148295440496 4.426319482241219 7.901390260279069 5.933466448775082 0.9031294337159501 2.3208053985630883 16.848054872004983 23.506998969899904 37.39559427392908 19.472581501974453 21.985598008454105 11.267664988311282 15.644117555038793 2.8728061758192682 5.842838942544268 22.47599779064815 10.312642653142545 14.12068839675495 4.507575434354205 8.129878919775493 24.00810450007473 1.7473777865410867 9.88046683002171 5.428054305411916 -4.045857944199528 -1.8963686487098372 -5.406146624672717 3.647572405013726
26.2124248496994 13.317844082614911 4.436015269415634 7.911086047453484 5.943162235949497 0.9128252208903653 2.3305011857375035 16.8577506591794 23.516694757074312 37.40529006110349 19.48227728914887 21.99529379562852 11.277360775485697 15.653813342213208 2.8825019629936834 5.852534729718683 22.485693577822566 10.32233844031696 14.130384183929365 4.51727122152862 8.139574706949908 24.017800287249138 1.7570735737155019 9.890162617196125 5.437750092586331 -4.036162157025113 -1.8866728615354398 -5.396450837498302 3.657268192188141
26.27254509018036 13.327523318680132 4.445694505480855 7.920765283518705 5.952841472014718 0.922504456955604 2.3401804218027245 16.86742989524462 23.52637399313954 37.41496929716871 19.491956525214096 22.00497303169374 11.287040011550936 15.66349257827843 2.8921811990589044 5.862213965783904 22.49537281388779 10.332017676382181 14.140063419994586 4.526950457593841 8.149253943015129 24.027479523314366 1.7667528097807228 9.899841853261346 5.447429328651552 -4.026482920959892 -1.876993625470201 -5.386771601433081 3.66694742825338
26.33266533066132 13.337186046892509 4.455357233693231 7.930428011731063 5.962504200227077 0.9321671851679625 2.3498431500151007 16.877092623456996 23.536036721351905 37.42463202538108 19.50161925342646 22.01463575990611 11.296702739763294 15.673155306490788 2.9018439272712806 5.8718766939962626 22.505035542100156 10.34168040459454 14.149726148206945 4.5366131858062175 8.158916671227505 24.03714225152673 1.776415537993099 9.909504581473705 5.457092056863928 -4.0168201927475335 -1.8673308972578426 -5.377108873220704 3.6766101564657383
26.392785571142284 13.346832306851368 4.465003493652091 7.940074271689923 5.972150460185954 0.9418134451268223 2.3594894099739605 16.886738883415855 23.54568298131077 37.43427828533995 19.511265513385325 22.024282019864977 11.306348999722154 15.682801566449665 2.9114901872301404 5.88152295395514 22.514681802059023 10.351326664553417 14.159372408165822 4.546259445765077 8.168562931186365 24.046788511485595 1.7860617979519589 9.919150841432582 5.466738316822788 -4.007173932788674 -1.8576846372989828 -5.367462613261845 3.686256416424598
26.452905811623246 13.356462142907688 4.474633329708411 7.949704107746243 5.981780296242256 0.9514432811831419 2.36911924603028 16.896368719472175 23.55531281736709 37.443908121396255 19.520895349441645 22.033911855921286 11.315978835778473 15.692431402505985 2.92112002328646 5.891152790011442 22.524311638115336 10.360956500609719 14.169002244222124 4.555889281821397 8.178192767242685 24.056418347541914 1.7956916340082785 9.928780677488884 5.4763681528791075 -3.997544096732354 -1.8480548012426632 -5.357832777205525 3.6958862524809177
26.51302605210421 13.366075605392833 4.484246792193556 7.959317570231406 5.991393758727419 0.9610567436683048 2.3787327085154253 16.90598218195732 23.56492627985224 37.45352158388141 19.530508811926797 22.04352531840644 11.325592298263636 15.70204486499113 2.930733485771605 5.900766252496605 22.53392510060049 10.370569963094882 14.178615706707287 4.565502744306542 8.18780622972783 24.066031810027066 1.8053050964934236 9.938394139974047 5.485981615364253 -3.987930634247191 -1.8384413387575003 -5.34821931472038 3.7054997149660807
