web/models/kne/41/mosfit_kn_0.330399_0.3120_3.6500.dat
# %ECSV 1.0
# ---
# datatype:
# - {name: time, datatype: float64}
# - {name: PS1_g, datatype: float64}
# - {name: PS1_i, datatype: float64}
# - {name: PS1_r, datatype: float64}
# - {name: PS1_w, datatype: float64}
# - {name: PS1_y, datatype: float64}
# - {name: PS1_z, datatype: float64}
# - {name: swift_uvot_B, datatype: float64}
# - {name: swift_uvot_U, datatype: float64}
# - {name: swift_uvot_uvm2, datatype: float64}
# - {name: swift_uvot_uvw1, datatype: float64}
# - {name: swift_uvot_uvw2, datatype: float64}
# - {name: swift_uvot_V, datatype: float64}
# - {name: johnson_B, datatype: float64}
# - {name: johnson_I, datatype: float64}
# - {name: johnson_R, datatype: float64}
# - {name: johnson_U, datatype: float64}
# - {name: johnson_V, datatype: float64}
# - {name: sdss_g, datatype: float64}
# - {name: sdss_i, datatype: float64}
# - {name: sdss_r, datatype: float64}
# - {name: sdss_u, datatype: float64}
# - {name: sdss_z, datatype: float64}
# - {name: ATLAS_c, datatype: float64}
# - {name: ATLAS_o, datatype: float64}
# - {name: ukirt_H, datatype: float64}
# - {name: ukirt_J, datatype: float64}
# - {name: ukirt_K, datatype: float64}
# - {name: Clear, datatype: float64}
# meta: !!omap
# - comment: [kappa = 3.65, type = rprocess, mass = 0.33039895931513485, velocity = 0.312, theta_obs = 0.0, tfloor = 1000.0]
# schema: astropy-2.0
time PS1_g PS1_i PS1_r PS1_w PS1_y PS1_z swift_uvot_B swift_uvot_U swift_uvot_uvm2 swift_uvot_uvw1 swift_uvot_uvw2 swift_uvot_V johnson_B johnson_I johnson_R johnson_U johnson_V sdss_g sdss_i sdss_r sdss_u sdss_z ATLAS_c ATLAS_o ukirt_H ukirt_J ukirt_K Clear
[from data line 57]
3.4869739478957915 -16.139554073624947 -17.360288400597437 -16.949738506396752 -16.85702113929164 -17.6080630361486 -17.53179996325846 -15.549894283307275 -15.355510758847313 -12.142010950953836 -13.699758196204748 -11.911525311095893 -16.57477747079569 -15.61112554687233 -17.883985882087867 -17.27587974600076 -15.35764738499622 -16.624519298266286 -16.015936995142148 -17.359156856040734 -16.945944519291736 -14.521070563260619 -17.556599482891695 -16.484416107461843 -17.15111057471809 -17.51211612632854 -17.65923586441831 -17.25947579547014 -16.976833041045456
3.5470941883767533 -16.219290919669866 -17.425498526283842 -17.020659625764214 -16.927471974061774 -17.667625604511947 -17.593554859147584 -15.63451381848359 -15.451794193907027 -12.266076319532932 -13.805818145416264 -12.024077824978331 -16.650357345222783 -15.695071813544782 -17.947565285628812 -17.34512851253805 -15.451916493918809 -16.699557816733336 -16.09694749055098 -17.424519048912206 -17.016989542582586 -14.61615119497976 -17.61774828223624 -16.560026943910024 -17.219239884328008 -17.563961159978373 -17.714575309057956 -17.30900482910824 -17.044857900499792
3.6072144288577155 -16.299632939394364 -17.490897299898247 -17.091930818030328 -16.99828790753413 -17.727220837664923 -17.655402356701906 -15.719874094601948 -15.549154922354624 -12.392050189795295 -13.91337223214581 -12.138450243988611 -16.726415765896558 -15.779744278074762 -18.011288653337935 -17.41468439981488 -15.547202383541514 -16.775062828630137 -16.178599518385308 -17.49007410439127 -17.088386842156815 -14.712269602765993 -17.6789739180216 -16.636135132323027 -17.28764677214544 -17.615630916664774 -17.76983352337341 -17.358296425953196 -17.1131903621775
3.6673346693386772 -16.380536085428226 -17.556463118002128 -17.163521443914025 -17.06944145592768 -17.786836371534722 -17.7173264568715 -15.805923169001954 -15.647523261097138 -12.519823079593916 -14.022345991681195 -12.254570215953219 -16.802914479955692 -15.86509240608001 -18.07513707622529 -17.48451974259358 -15.643438231047206 -16.85099718965963 -16.260847054776786 -17.555800171247427 -17.160105479242134 -14.809357529803933 -17.7402614569057 -16.7127038519169 -17.35630552197943 -17.66712604468928 -17.825005261640037 -17.407355144384248 -17.181807719610767
3.727454909819639 -16.461954110615995 -17.62217261084677 -17.235398933376302 -17.140903118032078 -17.84645822404789 -17.779309487876702 -15.892606773425648 -15.746826863084937 -12.64928192829711 -14.132661324795652 -12.372361077944717 -16.87981318564634 -15.951063335213224 -18.139089920031417 -17.554604971753715 -15.74055461645867 -16.92732170704115 -16.343641839464684 -17.621673627851262 -17.232112586431114 -14.907344108029577 -17.80159430392448 -16.789694161714444 -17.425188538287717 -17.718445748967216 -17.8800837572215 -17.456184148453225 -17.25068527896907
3.787575150300601 -16.54385503302617 -17.688011520763496 -17.30754185757446 -17.21265430026394 -17.90607950859485 -17.84134165834706 -15.979886651458195 -15.847013543028652 -12.780343650013734 -14.244263252239087 -12.491771266614084 -16.957084389734877 -16.037619959510096 -18.203135078948602 -17.624921049199155 -15.838501570356815 -17.004009792966933 -16.426950330426155 -17.687680018875405 -17.304386485654604 -15.006178215191479 -17.862963524482307 -16.86707989138375 -17.49427835358004 -17.76959355226452 -17.935067820414456 -17.504790083485894 -17.319808365526477
3.847695390781563 -16.626190028354664 -17.753954211936627 -17.379915270783357 -17.28466292729575 -17.965684055720903 -17.90340308440186 -16.067705893713715 -15.948008081600289 -12.912891542389428 -14.357069228184418 -12.612718510466546 -17.03468535764267 -16.124706744496912 -18.267249671812202 -17.695436019265475 -15.937206857612349 -17.08101980151033 -16.510721665780466 -17.75379345431178 -17.376891943031527 -15.10578617131804 -17.924350310239365 -16.94481952203347 -17.563544991254023 -17.820566522528033 -17.989948527852953 -17.553173985116036 -17.38914967566057
3.9078156312625247 -16.708924825442022 -17.819984390180927 -17.45249562119545 -17.356908081248275 -18.025262997825866 -17.96548197795568 -16.156023910092713 -16.04975577512901 -13.046839345328344 -14.471020236122989 -12.735146052605767 -17.11258643462224 -16.212284217179466 -18.33141956883167 -17.76612870362157 -16.036618039532417 -17.158322961066364 -16.594919994895836 -17.81999744062869 -17.44960516719976 -15.206114391311445 -17.985743726201147 -17.022884576832045 -17.632968844406207 -17.871366220416785 -18.044722722207283 -17.601340535782356 -17.45869216451048
3.967935871743487 -16.7920133955381 -17.886077768796493 -17.52524989553306 -17.429359343937225 -18.084800905255562 -18.02755943765563 -16.24478711594514 -16.152185906229057 -13.182077431219032 -14.586037795631395 -12.858975181098899 -17.190747327882853 -16.30030005331369 -18.395623058378014 -17.83696886354558 -16.13666719834611 -17.235879980062055 -16.679497381080655 -17.886267453140565 -17.52249288165933 -15.307093615176175 -18.047125871038183 -17.101235826294943 -17.702521521477532 -17.921989561243837 -18.099381734581126 -17.64929034429748 -17.528409847972934
4.028056112224449 -16.87542077886592 -17.952217139085658 -17.598153731610733 -17.501994746088112 -18.144287859701507 -18.08962268385102 -16.33395435190754 -16.255243397926566 -13.318519401202561 -14.702061262093622 -12.984146419056714 -17.269137690744742 -16.38871415252885 -18.459845053204226 -17.907934435063126 -16.237301507283146 -17.313661352814723 -16.764417307677117 -17.95258608727007 -17.595530499322916 -15.408669904362142 -18.10848479342214 -17.17984394422338 -17.772182491534636 -17.97243680869389 -18.15392122514295 -17.697026716019938 -17.598284493787038
4.0881763527054105 -16.959106154209334 -18.01838121703815 -17.671178000630086 -17.57478745640297 -18.20371052988552 -18.151655270672364 -16.423478023723554 -16.358865307483494 -13.45606743223453 -14.819020075280473 -13.110588789606975 -17.34772186619716 -16.477480033204962 -18.52406657982722 -17.978998762907132 -16.338460533434873 -17.39163230905765 -16.849637241504798 -18.018931845177306 -17.668688659208378 -15.510781628047319 -18.169804940739507 -17.258674189378986 -17.84192675617918 -18.022705682703123 -18.20833391825669 -17.744550670260924 -17.66829324140538
4.148296593186372 -17.043034346793657 -18.084552248332404 -17.74429794172235 -17.647714849484153 -18.263058271579435 -18.21364376898302 -16.51331691257588 -16.462996774895835 -13.594635764157509 -14.936852628917663 -13.238240717275097 -17.42646926229763 -16.56655747206051 -18.588271949740307 -18.05013929637194 -16.440091639244862 -17.469763051266792 -16.935120482585138 -18.085286781315002 -17.741942391417833 -15.613375077845717 -18.231073682604553 -17.337696826934916 -17.91173324996704 -18.07279541384483 -18.262614582877355 -17.79186438132578 -17.73841704341116
4.208416833667335 -17.127169972195873 -18.15071215702737 -17.81748852537021 -17.720753901432076 -18.322320048671088 -18.27557438827469 -16.60342964985218 -16.567582884352596 -13.734138686936056 -15.055496649333122 -13.367039343815946 -17.505349078199128 -16.65590606695194 -18.6524451307844 -18.121333178335234 -16.54214212528161 -17.548023551779522 -17.020830132395428 -18.151632630309127 -17.815266464905744 -15.716396500990282 -18.292278014660575 -17.416881830377875 -17.981580580948116 -18.122704714600616 -18.316757528337018 -17.838969464881146 -17.808636382052523
4.268537074148297 -17.211476256917546 -18.216841776974633 -17.89072352490738 -17.7938802578001 -18.381483820586375 -18.337432303838632 -16.693773401826697 -16.672567016473163 -13.874488085922131 -15.174887214639092 -13.496918275599924 -17.584329246580552 -16.74548393839157 -18.716569023465023 -18.192556361667346 -16.64455764125834 -17.626382508863006 -17.106727878440466 -18.21795003416481 -17.888634456163697 -15.819790489528884 -18.353403902058538 -17.496197813224796 -18.051446177186836 -18.17243137768253 -18.3707561071418 -17.885866639650626 -17.87893039866054
4.328657314629258 -17.29591622796253 -18.282921645762453 -17.96397646607362 -17.86706917196744 -18.440537182581664 -18.39920235662305 -16.784305191588224 -16.777892486851567 -14.015595838359069 -15.294958688827727 -13.627809698122636 -17.663377509502435 -16.83524903394194 -18.780626210609565 -18.263784514018077 -16.74728376972156 -17.704808408352633 -17.192775218441056 -18.284219340351076 -17.962019701978562 -15.92350158579432 -18.414436963002903 -17.575613107398738 -18.121307161174354 -18.221972707347312 -18.42460324081925 -17.93255609622738 -17.949277766620693
4.38877755511022 -17.380459525768845 -18.348936513901002 -18.037226036126324 -17.94030090983343 -18.499470993862506 -18.460873021886943 -16.874989475465345 -16.88351197804474 -14.157387739277997 -15.415656039793042 -13.759657066033885 -17.742467553800918 -16.92516660948446 -18.844603213020783 -18.33499817390778 -16.85027513165978 -17.783275581666512 -17.2789404748743 -18.350425134743933 -18.035400724896125 -16.027483511154603 -18.475366345219566 -17.655101947492966 -18.191145334670313 -18.27132795601752 -18.47829439581192 -17.97903957665619 -18.019661741036295
4.448897795591182 -17.465056324106296 -18.41485812254028 -18.110435403918004 -18.013540069237806 -18.55826553840851 -18.52242126257437 -16.965769128039955 -16.989351382108993 -14.299750037828364 -15.536891456484945 -13.89236634198156 -17.821555540312996 -17.01518057992294 -18.908474240778183 -18.40616304313623 -16.953460486622635 -17.861741032109816 -17.365171939422623 -18.416538928124915 -18.108740490765634 -16.131663793055573 -18.53616993333432 -17.734620804428314 -18.260928127832035 -18.320489060752415 -18.531816248613566 -18.025312482933288 -18.09005083565367
4.509018036072144 -17.549711225006597 -18.480694040673065 -18.183610835011805 -18.08679424353583 -18.616929800953894 -18.583855499268367 -17.05664763144509 -17.095412196463986 -14.442680848616195 -15.658667457768107 -14.025944540708068 -17.900646605019183 -17.10529468285952 -18.97224727965621 -18.477285860446965 -17.05684156673921 -17.9402101019523 -17.45147396114941 -18.482568251212967 -18.182045198360033 -16.236043933199085 -18.596856320218098 -17.81417547045992 -18.330662619198765 -18.369466997603055 -18.58517888924597 -18.071386357524016 -18.16045366589556
4.569138276553106 -17.634376780696126 -18.54641731466943 -18.256717242840814 -18.160029517689704 -18.67544490438144 -18.64515372025087 -17.147570635694535 -17.20162394993066 -14.586071925666037 -15.780899564110182 -14.160300215828364 -17.97969903719305 -17.19545552099332 -19.035897707744304 -18.548333908646157 -17.16035063697416 -18.018641855451897 -17.537797306055847 -18.548485932405914 -18.255279578082018 -16.34055504272892 -18.65740435782035 -17.893724405919684 -18.400317716681123 -18.41825385670347 -18.63836945958507 -18.11725654639593 -18.230839959537857
4.629258517034068 -17.71901728103451 -18.612008615585687 -18.32972878420703 -18.233221062867813 -18.73379799081997 -18.70630055706581 -17.23849691515052 -17.307932603596026 -14.729839334686567 -15.903522413781559 -14.295362697086528 -18.05868169255283 -17.285622626648824 -19.099408064089715 -18.619283235953727 -17.263935824627882 -18.0970057670755 -17.62410483872582 -18.614272467982325 -18.32841764001346 -16.44514432697937 -18.71779936812109 -17.97323663091559 -18.469870774203248 -18.466845545633156 -18.691379916413755 -18.162921551409156 -18.301187833706525
4.68937875751503 -17.803613333014 -18.677459285681337 -18.40263249815555 -18.30635684552524 -18.79198469728614 -18.767289979364232 -17.32940344566374 -17.414306872144696 -14.87393286266482 -16.026497644417876 -14.431091247960776 -18.13757810299669 -17.375773486466887 -19.162770931746806 -18.690122138049016 -17.36756721568546 -18.175285787808267 -17.710376235758645 -18.679919084039316 -18.40144632046048 -16.549781258423764 -18.778035780463238 -18.052695911869172 -18.539310966392524 -18.51524350435239 -18.744209090648773 -18.20838451734337 -18.371487298724745
4.749498997995992 -17.888132807369583 -18.742752129413827 -18.47540526195859 -18.379414496392812 -18.849993688436673 -18.828108383271207 -17.420253101531753 -17.52069797079404 -15.018276412532913 -16.149765252133044 -14.567420027285078 -18.216360345532305 -17.465871632042717 -19.22597080461725 -18.760829181153166 -17.471198008783475 -18.25345453478215 -17.796578070784825 -18.74540842656728 -18.47434237220538 -16.654418211117967 -18.83810060886521 -18.132074360987396 -18.60861803376947 -18.56344428574427 -18.79684998277117 -18.253644326072514 -18.441718599206194
4.809619238476953 -17.97254506907727 -18.807870825509116 -18.548025081658306 -18.45237263211855 -18.90781423459142 -18.88874287751433 -17.511010477520756 -17.627059324423975 -15.162797164209415 -16.273267388538457 -14.704284964545312 -18.29500184535971 -17.55588226833931 -19.288992972135752 -18.83138396919823 -17.574783537320553 -18.33148593660304 -17.88267846657808 -18.81072402298832 -18.547083687579207 -16.759009737619266 -18.89798154734864 -18.21134536527712 -18.67777269542799 -18.611444659048498 -18.849295986329224 -18.298699958308116 -18.511862810244804
4.869739478957916 -18.056836927251823 -18.872810498302535 -18.62048375224708 -18.52522363703237 -18.965444754179348 -18.94919060757971 -17.60165960350084 -17.73336863492121 -15.307458315446944 -16.39697533145995 -14.841654592220358 -18.373491709969773 -17.645789784468885 -19.351833508104203 -18.901779232874826 -17.678302560184164 -18.409369400536445 -17.96866351543274 -18.875860908247706 -18.61966199126666 -16.86353413805996 -18.957676085503294 -18.29049811297306 -18.74676835021594 -18.659247426960924 -18.901547938763148 -18.343555493577824 -18.5819138462778
4.929859719438878 -18.14097689598496 -18.937554057405084 -18.692758501722793 -18.597945092292445 -19.022873721693934 -19.009437902272754 -17.692164232919236 -17.839578398630227 -15.452185701796907 -16.52082927546891 -14.979461458915594 -18.451802603599738 -17.735558509661352 -19.414476922690344 -18.9719937664501 -17.781709517642874 -18.487078068852135 -18.054500483061258 -18.940801841232382 -18.692054408348184 -16.967945086267715 -19.017171126756338 -18.369505072587167 -18.815584889828205 -18.706848480928993 -18.953598393673303 -18.38820900910944 -18.651851650556992
4.98997995991984 -18.22494263622481 -19.00209037052141 -18.76483376753141 -18.67052171811336 -19.080094334919266 -19.069476292475844 -17.78249833217811 -17.945653891123623 -15.596924115108596 -16.64478457974763 -15.117654817157312 -18.529915415878968 -17.825162844772397 -19.47691332827101 -19.04201321300991 -17.884971182470697 -18.56459319496389 -18.140166061403917 -19.005535572172576 -18.76424529889297 -17.07220876378882 -19.076458645366703 -18.448346966453624 -18.884208811691536 -18.754246752645415 -19.00544370705232 -18.432661117420054 -18.721662786856275
5.050100200400801 -18.308714016080643 -19.06640967499097 -18.83669569299098 -18.742939841740274 -19.137100818492563 -19.1292984704819 -17.872638365592863 -18.05156355112178 -15.741623052048851 -16.768800126690433 -15.256187420387043 -18.607813022109465 -17.91457964041369 -19.539134107389124 -19.111824814809275 -17.988057380972606 -18.641897979631615 -18.2256392231111 -19.070052230123604 -18.836220738964435 -17.176294457264998 -19.135531738322182 -18.527006462370395 -18.95262814109822 -18.801441720417117 -19.05708099907656 -18.47691283349629 -18.791335255769628
