web/models/kne/12/Metzger_0.006880_0.321724_0.100000.dat
# %ECSV 0.9
# ---
# datatype:
# - {name: time, datatype: float64}
# - {name: sdss_u, datatype: float64}
# - {name: sdss_g, datatype: float64}
# - {name: sdss_r, datatype: float64}
# - {name: sdss_i, datatype: float64}
# - {name: sdss_z, datatype: float64}
# - {name: PS1_y, datatype: float64}
# - {name: ukirt_J, datatype: float64}
# - {name: ukirt_H, datatype: float64}
# - {name: ukirt_K, datatype: float64}
# - {name: johnson_U, datatype: float64}
# - {name: johnson_B, datatype: float64}
# - {name: johnson_V, datatype: float64}
# - {name: johnson_R, datatype: float64}
# - {name: johnson_I, datatype: float64}
# - {name: Clear, datatype: float64}
# meta: !!omap
# - comment: [vej = 0.3217241379310345, mej = 0.006880363458522626, Ye = 0.1, redshift = 0.0]
# schema: astropy-2.0
time sdss_u sdss_g sdss_r sdss_i sdss_z PS1_y ukirt_J ukirt_H ukirt_K johnson_U johnson_B johnson_V johnson_R johnson_I Clear
[from data line 2082]
104.200000 nan 563.449832 432.951656 349.743996 298.818192 266.876824 201.940683 143.847304 105.377000 nan 620.862001 487.764918 417.053277 293.681366 427.722183
104.250000 nan 563.715632 433.158515 349.913214 298.964338 267.008482 202.042826 143.922937 105.434982 nan 621.153707 487.996545 417.252949 293.825184 427.926679
104.300000 nan 563.981426 433.365370 350.082429 299.110482 267.140138 202.144967 143.998568 105.492964 nan 621.445406 488.228168 417.452616 293.968999 428.131169
104.350000 nan 564.247214 433.572220 350.251640 299.256623 267.271790 202.247105 144.074198 105.550944 nan 621.737098 488.459785 417.652279 294.112810 428.335656
104.400000 nan 564.512996 433.779066 350.420848 299.402761 267.403440 202.349242 144.149827 105.608924 nan 622.028784 488.691397 417.851938 294.256619 428.540138
104.450000 nan 564.778772 433.985907 350.590052 299.548895 267.535088 202.451377 144.225454 105.666902 nan 622.320464 488.923004 418.051592 294.400425 428.744615
104.500000 nan 565.044543 434.192744 350.759253 299.695027 267.666732 202.553510 144.301081 105.724880 nan 622.612137 489.154607 418.251242 294.544228 428.949088
104.550000 nan 565.310308 434.399577 350.928450 299.841156 267.798374 202.655641 144.376705 105.782857 nan 622.903804 489.386204 418.450888 294.688028 429.153557
104.600000 nan 565.576067 434.606405 351.097643 299.987282 267.930014 202.757770 144.452329 105.840833 nan 623.195464 489.617796 418.650530 294.831825 429.358022
104.650000 nan 565.841820 434.813228 351.266833 300.133405 268.061650 202.859898 144.527951 105.898808 nan 623.487118 489.849383 418.850168 294.975620 429.562482
104.700000 nan 566.107567 435.020048 351.436020 300.279524 268.193285 202.962023 144.603572 105.956782 nan 623.778766 490.080965 419.049801 295.119411 429.766937
104.750000 nan 566.373309 435.226862 351.605203 300.425641 268.324916 203.064146 144.679191 106.014756 nan 624.070407 490.312543 419.249430 295.263199 429.971389
104.800000 nan 566.639045 435.433673 351.774382 300.571755 268.456545 203.166268 144.754809 106.072728 nan 624.362041 490.544115 419.449054 295.406985 430.175836
104.850000 nan 566.904774 435.640479 351.943558 300.717866 268.588171 203.268387 144.830426 106.130699 nan 624.653669 490.775682 419.648675 295.550767 430.380279
104.900000 nan 567.170499 435.847281 352.112730 300.863974 268.719795 203.370504 144.906042 106.188670 nan 624.945291 491.007244 419.848291 295.694547 430.584717
104.950000 nan 567.436217 436.054078 352.281899 301.010079 268.851416 203.472620 144.981656 106.246640 nan 625.236907 491.238801 420.047903 295.838323 430.789151
105.000000 nan 567.701930 436.260871 352.451065 301.156181 268.983034 203.574733 145.057269 106.304608 nan 625.528516 491.470353 420.247511 295.982097 430.993580
105.050000 nan 567.967636 436.467659 352.620227 301.302280 269.114650 203.676845 145.132880 106.362576 nan 625.820118 491.701901 420.447114 296.125868 431.198006
105.100000 nan 568.233337 436.674443 352.789385 301.448376 269.246263 203.778955 145.208491 106.420543 nan 626.111714 491.933443 420.646713 296.269636 431.402427
105.150000 nan 568.499032 436.881223 352.958540 301.594469 269.377873 203.881063 145.284100 106.478509 nan 626.403304 492.164980 420.846309 296.413401 431.606843
105.200000 nan 568.764722 437.087998 353.127691 301.740559 269.509481 203.983168 145.359707 106.536475 nan 626.694888 492.396512 421.045899 296.557163 431.811256
105.250000 nan 569.030406 437.294769 353.296839 301.886646 269.641086 204.085272 145.435314 106.594439 nan 626.986465 492.628040 421.245486 296.700922 432.015663
105.300000 nan 569.296083 437.501535 353.465983 302.032730 269.772689 204.187374 145.510919 106.652402 nan 627.278035 492.859562 421.445068 296.844678 432.220067
105.350000 nan 569.561756 437.708297 353.635124 302.178811 269.904289 204.289474 145.586522 106.710365 nan 627.569600 493.091080 421.644647 296.988432 432.424466
105.400000 nan 569.827422 437.915055 353.804261 302.324890 270.035886 204.391573 145.662125 106.768327 nan 627.861158 493.322592 421.844220 297.132182 432.628861
105.450000 nan 570.093082 438.121808 353.973395 302.470965 270.167481 204.493669 145.737726 106.826287 nan 628.152709 493.554099 422.043790 297.275930 432.833252
105.500000 nan 570.358737 438.328557 354.142525 302.617037 270.299073 204.595763 145.813326 106.884247 nan 628.444254 493.785602 422.243356 297.419674 433.037638
105.550000 nan 570.624386 438.535302 354.311652 302.763107 270.430662 204.697855 145.888924 106.942206 nan 628.735793 494.017099 422.442917 297.563416 433.242020
105.600000 nan 570.890030 438.742042 354.480775 302.909173 270.562249 204.799946 145.964521 107.000164 nan 629.027326 494.248592 422.642474 297.707155 433.446398
105.650000 nan 571.155667 438.948778 354.649895 303.055237 270.693833 204.902034 146.040117 107.058121 nan 629.318852 494.480080 422.842027 297.850891 433.650771
105.700000 nan 571.421299 439.155509 354.819012 303.201297 270.825415 205.004121 146.115712 107.116078 nan 629.610372 494.711562 423.041576 297.994624 433.855140
105.750000 nan 571.686925 439.362236 354.988124 303.347355 270.956994 205.106206 146.191305 107.174033 nan 629.901885 494.943040 423.241120 298.138354 434.059505
105.800000 nan 571.952546 439.568959 355.157234 303.493409 271.088570 205.208288 146.266897 107.231987 nan 630.193392 495.174513 423.440661 298.282082 434.263865
105.850000 nan 572.218160 439.775677 355.326340 303.639461 271.220144 205.310369 146.342488 107.289941 nan 630.484893 495.405981 423.640197 298.425806 434.468221
105.900000 nan 572.483769 439.982391 355.495442 303.785510 271.351715 205.412448 146.418077 107.347894 nan 630.776387 495.637444 423.839729 298.569527 434.672573
105.950000 nan 572.749372 440.189101 355.664541 303.931555 271.483284 205.514525 146.493665 107.405845 nan 631.067876 495.868902 424.039257 298.713246 434.876921
106.000000 nan 573.014970 440.395806 355.833636 304.077598 271.614850 205.616600 146.569252 107.463796 nan 631.359357 496.100355 424.238780 298.856962 435.081264
106.050000 nan 573.280562 440.602507 356.002728 304.223638 271.746413 205.718673 146.644838 107.521746 nan 631.650833 496.331803 424.438300 299.000675 435.285603
106.100000 nan 573.546148 440.809204 356.171817 304.369675 271.877974 205.820745 146.720422 107.579696 nan 631.942302 496.563246 424.637815 299.144385 435.489937
106.150000 nan 573.811728 441.015896 356.340902 304.515709 272.009532 205.922814 146.796005 107.637644 nan 632.233765 496.794685 424.837326 299.288092 435.694268
106.200000 nan 574.077303 441.222584 356.509984 304.661740 272.141088 206.024881 146.871586 107.695591 nan 632.525221 497.026118 425.036833 299.431796 435.898594
106.250000 nan 574.342871 441.429268 356.679062 304.807769 272.272641 206.126947 146.947167 107.753538 nan 632.816672 497.257547 425.236335 299.575497 436.102916
106.300000 nan 574.608435 441.635947 356.848136 304.953794 272.404191 206.229010 147.022746 107.811483 nan 633.108115 497.488970 425.435834 299.719196 436.307233
106.350000 nan 574.873992 441.842622 357.017207 305.099816 272.535739 206.331072 147.098323 107.869428 nan 633.399553 497.720389 425.635328 299.862891 436.511546
106.400000 nan 575.139544 442.049292 357.186275 305.245836 272.667284 206.433132 147.173900 107.927372 nan 633.690984 497.951803 425.834819 300.006584 436.715855
106.450000 nan 575.405090 442.255959 357.355339 305.391852 272.798827 206.535190 147.249475 107.985315 nan 633.982409 498.183212 426.034305 300.150274 436.920160
106.500000 nan 575.670631 442.462621 357.524400 305.537866 272.930367 206.637246 147.325049 108.043257 nan 634.273828 498.414616 426.233787 300.293961 437.124460
106.550000 nan 575.936165 442.669278 357.693458 305.683876 273.061905 206.739300 147.400621 108.101198 nan 634.565241 498.646015 426.433264 300.437645 437.328756
106.600000 nan 576.201694 442.875931 357.862512 305.829884 273.193439 206.841352 147.476192 108.159138 nan 634.856647 498.877409 426.632738 300.581326 437.533048
106.650000 nan 576.467218 443.082580 358.031562 305.975889 273.324972 206.943402 147.551762 108.217078 nan 635.148047 499.108798 426.832207 300.725004 437.737336
106.700000 nan 576.732735 443.289225 358.200609 306.121891 273.456501 207.045451 147.627331 108.275016 nan 635.439440 499.340183 427.031673 300.868680 437.941619
106.750000 nan 576.998248 443.495865 358.369653 306.267890 273.588029 207.147497 147.702898 108.332954 nan 635.730828 499.571562 427.231134 301.012353 438.145898
106.800000 nan 577.263754 443.702501 358.538693 306.413886 273.719553 207.249542 147.778465 108.390891 nan 636.022209 499.802937 427.430591 301.156022 438.350173
106.850000 nan 577.529255 443.909133 358.707729 306.559879 273.851075 207.351584 147.854029 108.448827 nan 636.313584 500.034307 427.630043 301.299689 438.554444
106.900000 nan 577.794750 444.115761 358.876763 306.705869 273.982595 207.453625 147.929593 108.506762 nan 636.604952 500.265672 427.829492 301.443353 438.758710
106.950000 nan 578.060239 444.322384 359.045792 306.851856 274.114111 207.555664 148.005155 108.564696 nan 636.896315 500.497032 428.028937 301.587015 438.962972
107.000000 nan 578.325723 444.529003 359.214819 306.997841 274.245626 207.657701 148.080716 108.622629 nan 637.187671 500.728387 428.228377 301.730673 439.167230
107.050000 nan 578.591201 444.735617 359.383842 307.143822 274.377137 207.759736 148.156276 108.680561 nan 637.479021 500.959737 428.427813 301.874328 439.371483
107.100000 nan 578.856673 444.942227 359.552861 307.289801 274.508646 207.861769 148.231834 108.738493 nan 637.770364 501.191083 428.627246 302.017981 439.575733
107.150000 nan 579.122140 445.148833 359.721877 307.435777 274.640153 207.963800 148.307391 108.796423 nan 638.061702 501.422423 428.826674 302.161631 439.779978
107.200000 nan 579.387601 445.355435 359.890890 307.581750 274.771657 208.065830 148.382947 108.854353 nan 638.353033 501.653759 429.026098 302.305278 439.984219
107.250000 nan 579.653057 445.562032 360.059899 307.727719 274.903158 208.167857 148.458501 108.912282 nan 638.644358 501.885090 429.225517 302.448922 440.188455
107.300000 nan 579.918507 445.768625 360.228905 307.873687 275.034657 208.269883 148.534055 108.970210 nan 638.935676 502.116416 429.424933 302.592563 440.392688
107.350000 nan 580.183951 445.975214 360.397907 308.019651 275.166154 208.371907 148.609607 109.028137 nan 639.226989 502.347737 429.624345 302.736202 440.596916
107.400000 nan 580.449390 446.181799 360.566906 308.165612 275.297647 208.473928 148.685157 109.086063 nan 639.518295 502.579053 429.823752 302.879837 440.801140
107.450000 nan 580.714823 446.388379 360.735902 308.311570 275.429138 208.575948 148.760707 109.143988 nan 639.809595 502.810365 430.023155 303.023470 441.005360
107.500000 nan 580.980250 446.594955 360.904894 308.457526 275.560627 208.677966 148.836255 109.201913 nan 640.100889 503.041672 430.222555 303.167100 441.209575
107.550000 nan 581.245672 446.801526 361.073883 308.603478 275.692113 208.779983 148.911802 109.259836 nan 640.392177 503.272973 430.421950 303.310727 441.413786
107.600000 nan 581.511088 447.008094 361.242868 308.749428 275.823597 208.881997 148.987347 109.317759 nan 640.683458 503.504270 430.621341 303.454352 441.617993
107.650000 nan 581.776499 447.214657 361.411850 308.895375 275.955077 208.984009 149.062891 109.375681 nan 640.974733 503.735562 430.820728 303.597973 441.822196
107.700000 nan 582.041904 447.421216 361.580828 309.041319 276.086556 209.086020 149.138434 109.433602 nan 641.266002 503.966850 431.020110 303.741592 442.026395
107.750000 nan 582.307303 447.627771 361.749803 309.187260 276.218032 209.188029 149.213976 109.491522 nan 641.557265 504.198132 431.219489 303.885207 442.230589
107.800000 nan 582.572697 447.834321 361.918775 309.333198 276.349505 209.290035 149.289517 109.549441 nan 641.848522 504.429410 431.418864 304.028820 442.434780
107.850000 nan 582.838085 448.040867 362.087743 309.479133 276.480976 209.392040 149.365056 109.607359 nan 642.139772 504.660683 431.618234 304.172430 442.638966
107.900000 nan 583.103467 448.247409 362.256708 309.625066 276.612444 209.494043 149.440594 109.665277 nan 642.431016 504.891951 431.817601 304.316038 442.843147
107.950000 nan 583.368844 448.453946 362.425669 309.770995 276.743910 209.596045 149.516130 109.723194 nan 642.722254 505.123214 432.016963 304.459642 443.047325
108.000000 nan 583.634216 448.660480 362.594628 309.916922 276.875373 209.698044 149.591666 109.781109 nan 643.013486 505.354472 432.216321 304.603244 443.251499
108.050000 nan 583.899581 448.867009 362.763582 310.062846 277.006833 209.800041 149.667200 109.839024 nan 643.304712 505.585726 432.415675 304.746843 443.455668
108.100000 nan 584.164942 449.073534 362.932533 310.208766 277.138291 209.902037 149.742732 109.896938 nan 643.595932 505.816975 432.615025 304.890439 443.659833
108.150000 nan 584.430296 449.280054 363.101481 310.354685 277.269747 210.004030 149.818264 109.954851 nan 643.887145 506.048219 432.814371 305.034032 443.863994
108.200000 nan 584.695645 449.486571 363.270426 310.500600 277.401200 210.106022 149.893794 110.012763 nan 644.178352 506.279458 433.013713 305.177622 444.068150
108.250000 nan 584.960989 449.693083 363.439367 310.646512 277.532650 210.208012 149.969323 110.070675 nan 644.469553 506.510692 433.213051 305.321210 444.272303
108.300000 nan 585.226327 449.899591 363.608305 310.792421 277.664098 210.310000 150.044851 110.128585 nan 644.760748 506.741922 433.412385 305.464795 444.476451
108.350000 nan 585.491659 450.106094 363.777239 310.938328 277.795543 210.411986 150.120377 110.186495 nan 645.051937 506.973147 433.611714 305.608377 444.680595
108.400000 nan 585.756986 450.312594 363.946170 311.084232 277.926986 210.513971 150.195903 110.244403 nan 645.343120 507.204367 433.811040 305.751956 444.884735
108.450000 nan 586.022307 450.519089 364.115098 311.230133 278.058426 210.615953 150.271427 110.302311 nan 645.634296 507.435582 434.010362 305.895532 445.088871
108.500000 nan 586.287623 450.725580 364.284022 311.376031 278.189864 210.717934 150.346949 110.360218 nan 645.925467 507.666792 434.209679 306.039106 445.293003
108.550000 nan 586.552933 450.932067 364.452943 311.521926 278.321299 210.819912 150.422471 110.418124 nan 646.216631 507.897998 434.408993 306.182677 445.497130
108.600000 nan 586.818238 451.138549 364.621860 311.667818 278.452732 210.921889 150.497991 110.476030 nan 646.507789 508.129199 434.608302 306.326244 445.701253
108.650000 nan 587.083537 451.345028 364.790774 311.813708 278.584162 211.023864 150.573510 110.533934 nan 646.798941 508.360395 434.807607 306.469810 445.905372
108.700000 nan 587.348830 451.551502 364.959685 311.959594 278.715590 211.125837 150.649027 110.591838 nan 647.090087 508.591586 435.006909 306.613372 446.109487
108.750000 nan 587.614118 451.757972 365.128592 312.105478 278.847015 211.227809 150.724543 110.649740 nan 647.381226 508.822773 435.206206 306.756931 446.313598
108.800000 nan 587.879400 451.964437 365.297496 312.251359 278.978437 211.329778 150.800059 110.707642 nan 647.672360 509.053955 435.405499 306.900488 446.517705
108.850000 nan 588.144677 452.170899 365.466397 312.397237 279.109857 211.431746 150.875572 110.765543 nan 647.963487 509.285132 435.604788 307.044042 446.721807
108.900000 nan 588.409949 452.377356 365.635294 312.543112 279.241275 211.533711 150.951085 110.823443 nan 648.254609 509.516304 435.804073 307.187593 446.925905
108.950000 nan 588.675215 452.583809 365.804188 312.688985 279.372690 211.635675 151.026596 110.881342 nan 648.545724 509.747471 436.003354 307.331142 447.129999
109.000000 nan 588.940475 452.790258 365.973079 312.834854 279.504102 211.737637 151.102106 110.939240 nan 648.836833 509.978634 436.202631 307.474687 447.334090
109.050000 nan 589.205730 452.996703 366.141966 312.980721 279.635512 211.839597 151.177615 110.997138 nan 649.127936 510.209792 436.401904 307.618230 447.538175
