web/models/kne/12/Metzger_0.325712_0.483793_0.100000.dat
# %ECSV 0.9
# ---
# datatype:
# - {name: time, datatype: float64}
# - {name: sdss_u, datatype: float64}
# - {name: sdss_g, datatype: float64}
# - {name: sdss_r, datatype: float64}
# - {name: sdss_i, datatype: float64}
# - {name: sdss_z, datatype: float64}
# - {name: PS1_y, datatype: float64}
# - {name: ukirt_J, datatype: float64}
# - {name: ukirt_H, datatype: float64}
# - {name: ukirt_K, datatype: float64}
# - {name: johnson_U, datatype: float64}
# - {name: johnson_B, datatype: float64}
# - {name: johnson_V, datatype: float64}
# - {name: johnson_R, datatype: float64}
# - {name: johnson_I, datatype: float64}
# - {name: Clear, datatype: float64}
# meta: !!omap
# - comment: [vej = 0.48379310344827586, mej = 0.3257122869999151, Ye = 0.1, redshift = 0.0]
# schema: astropy-2.0
time sdss_u sdss_g sdss_r sdss_i sdss_z PS1_y ukirt_J ukirt_H ukirt_K johnson_U johnson_B johnson_V johnson_R johnson_I Clear
[from data line 2327]
116.450000 380.372342 274.614918 207.664304 165.039536 138.988624 122.668513 89.554537 60.043328 40.602990 367.693631 304.096622 235.773462 199.515350 136.362889 204.983643
116.500000 380.542878 274.741198 207.762484 165.119772 139.057861 122.730842 89.602796 60.078949 40.630197 367.858867 304.235252 235.883450 199.610104 136.431016 205.080696
116.550000 380.713409 274.867474 207.860662 165.200006 139.127096 122.793171 89.651054 60.114569 40.657403 368.024099 304.373877 235.993435 199.704855 136.499141 205.177747
116.600000 380.883936 274.993747 207.958838 165.280238 139.196330 122.855498 89.699311 60.150189 40.684608 368.189326 304.512500 236.103418 199.799605 136.567265 205.274796
116.650000 381.054459 275.120016 208.057011 165.360469 139.265563 122.917824 89.747567 60.185808 40.711813 368.354550 304.651118 236.213398 199.894352 136.635387 205.371842
116.700000 381.224977 275.246283 208.155182 165.440697 139.334794 122.980148 89.795823 60.221426 40.739018 368.519769 304.789734 236.323376 199.989097 136.703507 205.468887
116.750000 381.395491 275.372547 208.253351 165.520924 139.404023 123.042471 89.844077 60.257044 40.766223 368.684984 304.928346 236.433351 200.083839 136.771626 205.565929
116.800000 381.566001 275.498807 208.351518 165.601149 139.473251 123.104793 89.892330 60.292661 40.793427 368.850195 305.066954 236.543323 200.178580 136.839744 205.662968
116.850000 381.736506 275.625065 208.449682 165.681372 139.542477 123.167113 89.940582 60.328278 40.820631 369.015402 305.205559 236.653292 200.273318 136.907860 205.760006
116.900000 381.907007 275.751319 208.547844 165.761593 139.611702 123.229432 89.988834 60.363894 40.847834 369.180604 305.344161 236.763259 200.368054 136.975975 205.857041
116.950000 382.077504 275.877571 208.646003 165.841813 139.680925 123.291750 90.037084 60.399509 40.875037 369.345803 305.482759 236.873224 200.462788 137.044088 205.954073
117.000000 382.247997 276.003819 208.744160 165.922030 139.750147 123.354066 90.085333 60.435124 40.902239 369.510997 305.621354 236.983185 200.557519 137.112200 206.051104
117.050000 382.418485 276.130064 208.842315 166.002246 139.819367 123.416381 90.133582 60.470738 40.929442 369.676187 305.759946 237.093144 200.652249 137.180310 206.148132
117.100000 382.588969 276.256306 208.940468 166.082460 139.888585 123.478695 90.181829 60.506352 40.956644 369.841373 305.898534 237.203101 200.746976 137.248419 206.245158
117.150000 382.759449 276.382545 209.038618 166.162672 139.957803 123.541007 90.230076 60.541964 40.983845 370.006555 306.037118 237.313054 200.841701 137.316526 206.342182
117.200000 382.929924 276.508781 209.136766 166.242882 140.027018 123.603318 90.278322 60.577577 41.011046 370.171733 306.175699 237.423006 200.936423 137.384632 206.439203
117.250000 383.100395 276.635014 209.234911 166.323091 140.096232 123.665628 90.326566 60.613189 41.038247 370.336906 306.314277 237.532954 201.031144 137.452736 206.536222
117.300000 383.270862 276.761244 209.333055 166.403298 140.165445 123.727936 90.374810 60.648800 41.065447 370.502075 306.452851 237.642900 201.125862 137.520839 206.633239
117.350000 383.441325 276.887470 209.431196 166.483502 140.234656 123.790243 90.423053 60.684410 41.092647 370.667241 306.591422 237.752843 201.220578 137.588940 206.730253
117.400000 383.611783 277.013694 209.529334 166.563705 140.303865 123.852549 90.471295 60.720020 41.119847 370.832402 306.729990 237.862784 201.315292 137.657040 206.827265
117.450000 383.782237 277.139914 209.627471 166.643907 140.373074 123.914853 90.519536 60.755630 41.147046 370.997559 306.868554 237.972722 201.410003 137.725138 206.924275
117.500000 383.952686 277.266132 209.725605 166.724106 140.442280 123.977156 90.567776 60.791238 41.174245 371.162712 307.007114 238.082657 201.504713 137.793235 207.021283
117.550000 384.123132 277.392346 209.823737 166.804304 140.511485 124.039458 90.616015 60.826846 41.201444 371.327860 307.145672 238.192590 201.599420 137.861330 207.118289
117.600000 384.293573 277.518558 209.921866 166.884499 140.580688 124.101759 90.664253 60.862454 41.228642 371.493005 307.284226 238.302520 201.694125 137.929424 207.215292
117.650000 384.464010 277.644766 210.019993 166.964693 140.649890 124.164058 90.712490 60.898061 41.255839 371.658145 307.422776 238.412447 201.788828 137.997516 207.312293
117.700000 384.634443 277.770971 210.118118 167.044885 140.719091 124.226355 90.760726 60.933667 41.283037 371.823282 307.561323 238.522372 201.883528 138.065607 207.409291
117.750000 384.804871 277.897173 210.216241 167.125076 140.788290 124.288652 90.808961 60.969273 41.310234 371.988414 307.699867 238.632294 201.978227 138.133696 207.506287
117.800000 384.975295 278.023372 210.314361 167.205264 140.857487 124.350947 90.857196 61.004878 41.337430 372.153542 307.838407 238.742214 202.072923 138.201784 207.603281
117.850000 385.145715 278.149568 210.412479 167.285451 140.926683 124.413241 90.905429 61.040483 41.364627 372.318666 307.976944 238.852131 202.167617 138.269871 207.700273
117.900000 385.316130 278.275761 210.510594 167.365636 140.995877 124.475533 90.953661 61.076086 41.391823 372.483786 308.115478 238.962045 202.262308 138.337955 207.797263
117.950000 385.486542 278.401951 210.608708 167.445819 141.065070 124.537824 91.001893 61.111690 41.419018 372.648902 308.254008 239.071957 202.356998 138.406039 207.894250
118.000000 385.656949 278.528138 210.706819 167.526000 141.134262 124.600114 91.050123 61.147293 41.446213 372.814014 308.392534 239.181866 202.451685 138.474121 207.991235
118.050000 385.827352 278.654322 210.804928 167.606180 141.203452 124.662402 91.098353 61.182895 41.473408 372.979121 308.531058 239.291773 202.546370 138.542201 208.088218
118.100000 385.997750 278.780502 210.903034 167.686357 141.272640 124.724690 91.146582 61.218496 41.500603 373.144225 308.669578 239.401677 202.641053 138.610280 208.185198
118.150000 386.168145 278.906680 211.001138 167.766533 141.341827 124.786975 91.194809 61.254097 41.527797 373.309324 308.808094 239.511578 202.735734 138.678358 208.282176
118.200000 386.338535 279.032855 211.099240 167.846707 141.411012 124.849260 91.243036 61.289697 41.554990 373.474419 308.946607 239.621477 202.830413 138.746434 208.379152
118.250000 386.508920 279.159026 211.197340 167.926879 141.480196 124.911543 91.291262 61.325297 41.582184 373.639510 309.085117 239.731373 202.925089 138.814508 208.476126
118.300000 386.679302 279.285195 211.295437 168.007050 141.549378 124.973825 91.339487 61.360896 41.609376 373.804597 309.223624 239.841266 203.019763 138.882582 208.573098
118.350000 386.849679 279.411360 211.393532 168.087219 141.618559 125.036105 91.387711 61.396495 41.636569 373.969680 309.362127 239.951157 203.114435 138.950653 208.670067
118.400000 387.020052 279.537523 211.491625 168.167385 141.687738 125.098385 91.435934 61.432093 41.663761 374.134759 309.500626 240.061045 203.209105 139.018723 208.767034
118.450000 387.190421 279.663682 211.589716 168.247550 141.756916 125.160663 91.484156 61.467690 41.690953 374.299834 309.639123 240.170931 203.303772 139.086792 208.863998
118.500000 387.360786 279.789839 211.687804 168.327714 141.826092 125.222939 91.532377 61.503287 41.718144 374.464905 309.777615 240.280814 203.398438 139.154859 208.960961
118.550000 387.531146 279.915992 211.785890 168.407875 141.895267 125.285214 91.580597 61.538883 41.745336 374.629971 309.916105 240.390695 203.493101 139.222925 209.057921
118.600000 387.701503 280.042142 211.883973 168.488035 141.964441 125.347488 91.628817 61.574479 41.772526 374.795034 310.054591 240.500572 203.587762 139.290989 209.154879
118.650000 387.871855 280.168289 211.982055 168.568193 142.033612 125.409761 91.677035 61.610074 41.799717 374.960092 310.193074 240.610448 203.682421 139.359052 209.251834
118.700000 388.042202 280.294434 212.080134 168.648349 142.102783 125.472032 91.725252 61.645668 41.826906 375.125146 310.331553 240.720320 203.777077 139.427113 209.348788
118.750000 388.212546 280.420575 212.178211 168.728503 142.171951 125.534302 91.773469 61.681262 41.854096 375.290197 310.470029 240.830190 203.871732 139.495173 209.445739
118.800000 388.382885 280.546713 212.276285 168.808655 142.241119 125.596571 91.821684 61.716855 41.881285 375.455243 310.608502 240.940058 203.966384 139.563231 209.542688
118.850000 388.553220 280.672848 212.374357 168.888806 142.310285 125.658838 91.869899 61.752447 41.908474 375.620285 310.746971 241.049923 204.061034 139.631288 209.639635
118.900000 388.723551 280.798980 212.472427 168.968955 142.379449 125.721105 91.918112 61.788039 41.935663 375.785323 310.885437 241.159785 204.155682 139.699344 209.736579
118.950000 388.893878 280.925109 212.570495 169.049102 142.448612 125.783369 91.966325 61.823631 41.962851 375.950357 311.023900 241.269645 204.250328 139.767398 209.833521
119.000000 389.064200 281.051235 212.668560 169.129247 142.517773 125.845633 92.014537 61.859221 41.990038 376.115387 311.162359 241.379502 204.344971 139.835450 209.930461
119.050000 389.234518 281.177358 212.766624 169.209391 142.586933 125.907895 92.062748 61.894812 42.017226 376.280413 311.300815 241.489357 204.439613 139.903501 210.027399
119.100000 389.404832 281.303478 212.864684 169.289532 142.656091 125.970156 92.110958 61.930401 42.044413 376.445434 311.439268 241.599208 204.534252 139.971551 210.124334
119.150000 389.575142 281.429595 212.962743 169.369672 142.725248 126.032415 92.159167 61.965990 42.071599 376.610452 311.577717 241.709058 204.628889 140.039599 210.221268
119.200000 389.745448 281.555709 213.060799 169.449810 142.794403 126.094673 92.207375 62.001579 42.098786 376.775466 311.716163 241.818905 204.723524 140.107645 210.318199
119.250000 389.915749 281.681820 213.158854 169.529947 142.863557 126.156930 92.255582 62.037166 42.125972 376.940475 311.854605 241.928749 204.818156 140.175691 210.415127
119.300000 390.086046 281.807928 213.256905 169.610081 142.932709 126.219186 92.303788 62.072754 42.153157 377.105481 311.993045 242.038590 204.912787 140.243734 210.512054
119.350000 390.256339 281.934033 213.354955 169.690214 143.001860 126.281440 92.351993 62.108340 42.180342 377.270482 312.131480 242.148430 205.007415 140.311776 210.608978
119.400000 390.426628 282.060135 213.453002 169.770345 143.071010 126.343693 92.400197 62.143926 42.207527 377.435480 312.269913 242.258266 205.102041 140.379817 210.705900
119.450000 390.596913 282.186234 213.551047 169.850474 143.140158 126.405945 92.448401 62.179512 42.234711 377.600473 312.408342 242.368100 205.196665 140.447857 210.802820
119.500000 390.767193 282.312330 213.649090 169.930602 143.209304 126.468195 92.496603 62.215096 42.261895 377.765462 312.546768 242.477931 205.291287 140.515894 210.899738
119.550000 390.937470 282.438423 213.747130 170.010727 143.278449 126.530444 92.544805 62.250681 42.289079 377.930448 312.685190 242.587760 205.385906 140.583931 210.996653
119.600000 391.107742 282.564513 213.845169 170.090851 143.347592 126.592692 92.593005 62.286264 42.316262 378.095429 312.823610 242.697586 205.480524 140.651966 211.093566
119.650000 391.278010 282.690599 213.943205 170.170973 143.416734 126.654938 92.641205 62.321847 42.343445 378.260406 312.962025 242.807410 205.575139 140.719999 211.190477
119.700000 391.448273 282.816683 214.041238 170.251094 143.485875 126.717184 92.689404 62.357430 42.370628 378.425379 313.100438 242.917231 205.669752 140.788031 211.287386
119.750000 391.618533 282.942764 214.139270 170.331212 143.555013 126.779427 92.737602 62.393012 42.397810 378.590348 313.238847 243.027049 205.764363 140.856062 211.384292
119.800000 391.788788 283.068842 214.237299 170.411329 143.624151 126.841670 92.785798 62.428593 42.424992 378.755313 313.377253 243.136865 205.858972 140.924091 211.481196
119.850000 391.959039 283.194917 214.335326 170.491444 143.693287 126.903911 92.833994 62.464174 42.452173 378.920274 313.515655 243.246678 205.953579 140.992119 211.578098
119.900000 392.129286 283.320989 214.433351 170.571557 143.762421 126.966151 92.882189 62.499754 42.479354 379.085231 313.654054 243.356489 206.048183 141.060145 211.674998
119.950000 392.299529 283.447058 214.531373 170.651668 143.831554 127.028390 92.930383 62.535333 42.506535 379.250184 313.792450 243.466297 206.142785 141.128170 211.771896
120.000000 392.469768 283.573123 214.629394 170.731778 143.900686 127.090627 92.978577 62.570912 42.533715 379.415133 313.930843 243.576103 206.237385 141.196193 211.868791
120.050000 392.640002 283.699186 214.727411 170.811886 143.969816 127.152863 93.026769 62.606490 42.560895 379.580078 314.069232 243.685906 206.331983 141.264215 211.965684
120.100000 392.810233 283.825246 214.825427 170.891992 144.038945 127.215098 93.074960 62.642068 42.588075 379.745019 314.207618 243.795706 206.426579 141.332235 212.062575
120.150000 392.980459 283.951303 214.923441 170.972096 144.108072 127.277331 93.123151 62.677645 42.615254 379.909956 314.346000 243.905504 206.521173 141.400254 212.159464
120.200000 393.150681 284.077357 215.021452 171.052199 144.177197 127.339564 93.171340 62.713222 42.642433 380.074889 314.484380 244.015300 206.615764 141.468271 212.256350
120.250000 393.320899 284.203408 215.119461 171.132300 144.246321 127.401794 93.219529 62.748798 42.669612 380.239818 314.622755 244.125093 206.710354 141.536288 212.353235
120.300000 393.491113 284.329456 215.217468 171.212399 144.315444 127.464024 93.267716 62.784373 42.696790 380.404743 314.761128 244.234883 206.804941 141.604302 212.450117
120.350000 393.661322 284.455501 215.315472 171.292496 144.384565 127.526252 93.315903 62.819948 42.723968 380.569663 314.899497 244.344671 206.899526 141.672315 212.546996
120.400000 393.831528 284.581543 215.413474 171.372591 144.453685 127.588479 93.364089 62.855522 42.751145 380.734580 315.037863 244.454456 206.994109 141.740327 212.643874
120.450000 394.001729 284.707582 215.511474 171.452685 144.522803 127.650705 93.412273 62.891096 42.778322 380.899493 315.176226 244.564238 207.088690 141.808337 212.740749
120.500000 394.171926 284.833618 215.609472 171.532777 144.591920 127.712929 93.460457 62.926669 42.805499 381.064402 315.314585 244.674018 207.183268 141.876346 212.837623
120.550000 394.342119 284.959651 215.707468 171.612867 144.661035 127.775152 93.508640 62.962241 42.832675 381.229306 315.452941 244.783796 207.277845 141.944353 212.934494
120.600000 394.512308 285.085681 215.805461 171.692956 144.730149 127.837374 93.556822 62.997813 42.859851 381.394207 315.591294 244.893571 207.372419 142.012359 213.031362
120.650000 394.682492 285.211708 215.903452 171.773042 144.799261 127.899595 93.605004 63.033384 42.887026 381.559104 315.729644 245.003343 207.466991 142.080364 213.128229
120.700000 394.852673 285.337732 216.001441 171.853127 144.868372 127.961814 93.653184 63.068955 42.914202 381.723997 315.867990 245.113113 207.561561 142.148367 213.225093
120.750000 395.022849 285.463753 216.099427 171.933210 144.937481 128.024032 93.701363 63.104525 42.941376 381.888886 316.006333 245.222881 207.656129 142.216368 213.321956
120.800000 395.193021 285.589771 216.197412 172.013292 145.006589 128.086248 93.749541 63.140094 42.968551 382.053770 316.144672 245.332645 207.750695 142.284368 213.418816
120.850000 395.363190 285.715786 216.295394 172.093371 145.075696 128.148464 93.797719 63.175663 42.995725 382.218651 316.283009 245.442408 207.845258 142.352367 213.515673
120.900000 395.533354 285.841798 216.393374 172.173449 145.144800 128.210678 93.845896 63.211231 43.022899 382.383528 316.421342 245.552167 207.939820 142.420364 213.612529
120.950000 395.703514 285.967808 216.491351 172.253525 145.213904 128.272890 93.894071 63.246799 43.050072 382.548401 316.559671 245.661924 208.034379 142.488360 213.709382
121.000000 395.873669 286.093814 216.589327 172.333599 145.283006 128.335102 93.942246 63.282366 43.077245 382.713270 316.697998 245.771679 208.128936 142.556354 213.806233
