web/models/kne/12/Metzger_0.038208_0.062414_0.450000.dat
# %ECSV 0.9
# ---
# datatype:
# - {name: time, datatype: float64}
# - {name: sdss_u, datatype: float64}
# - {name: sdss_g, datatype: float64}
# - {name: sdss_r, datatype: float64}
# - {name: sdss_i, datatype: float64}
# - {name: sdss_z, datatype: float64}
# - {name: PS1_y, datatype: float64}
# - {name: ukirt_J, datatype: float64}
# - {name: ukirt_H, datatype: float64}
# - {name: ukirt_K, datatype: float64}
# - {name: johnson_U, datatype: float64}
# - {name: johnson_B, datatype: float64}
# - {name: johnson_V, datatype: float64}
# - {name: johnson_R, datatype: float64}
# - {name: johnson_I, datatype: float64}
# - {name: Clear, datatype: float64}
# meta: !!omap
# - comment: [vej = 0.06241379310344827, mej = 0.038208046189546235, Ye = 0.45, redshift = 0.0]
# schema: astropy-2.0
time sdss_u sdss_g sdss_r sdss_i sdss_z PS1_y ukirt_J ukirt_H ukirt_K johnson_U johnson_B johnson_V johnson_R johnson_I Clear
[from data line 2275]
113.850000 215.768270 153.657520 114.418510 89.490992 74.287439 64.779392 45.542318 28.495125 17.353310 208.316278 170.959401 130.882632 109.648899 72.756732 112.849326
113.900000 215.868381 153.731546 114.475975 89.537880 74.327844 64.815725 45.570359 28.515716 17.368942 208.413266 171.040707 130.947057 109.704344 72.796482 112.906126
113.950000 215.968492 153.805572 114.533439 89.584768 74.368248 64.852059 45.598399 28.536307 17.384574 208.510253 171.122011 131.011480 109.759788 72.836233 112.962926
114.000000 216.068600 153.879596 114.590902 89.631655 74.408653 64.888392 45.626439 28.556899 17.400206 208.607238 171.203315 131.075903 109.815232 72.875983 113.019725
114.050000 216.168708 153.953619 114.648365 89.678541 74.449057 64.924725 45.654479 28.577490 17.415838 208.704222 171.284617 131.140325 109.870675 72.915732 113.076524
114.100000 216.268813 154.027642 114.705827 89.725427 74.489460 64.961058 45.682519 28.598081 17.431470 208.801204 171.365918 131.204746 109.926117 72.955481 113.133321
114.150000 216.368918 154.101663 114.763288 89.772313 74.529864 64.997391 45.710559 28.618673 17.447102 208.898185 171.447218 131.269166 109.981559 72.995230 113.190118
114.200000 216.469020 154.175683 114.820748 89.819198 74.570266 65.033723 45.738598 28.639264 17.462734 208.995164 171.528517 131.333585 110.037000 73.034979 113.246914
114.250000 216.569121 154.249703 114.878208 89.866082 74.610669 65.070054 45.766638 28.659855 17.478367 209.092142 171.609814 131.398004 110.092440 73.074727 113.303710
114.300000 216.669221 154.323721 114.935667 89.912966 74.651071 65.106386 45.794677 28.680447 17.493999 209.189118 171.691110 131.462421 110.147880 73.114474 113.360505
114.350000 216.769319 154.397738 114.993125 89.959850 74.691473 65.142717 45.822716 28.701038 17.509632 209.286093 171.772406 131.526838 110.203319 73.154222 113.417299
114.400000 216.869415 154.471754 115.050583 90.006733 74.731874 65.179048 45.850755 28.721629 17.525264 209.383066 171.853700 131.591254 110.258757 73.193969 113.474092
114.450000 216.969510 154.545770 115.108040 90.053615 74.772275 65.215378 45.878794 28.742221 17.540897 209.480038 171.934992 131.655669 110.314195 73.233715 113.530885
114.500000 217.069603 154.619784 115.165496 90.100497 74.812675 65.251709 45.906833 28.762812 17.556530 209.577008 172.016284 131.720083 110.369632 73.273462 113.587677
114.550000 217.169695 154.693797 115.222951 90.147378 74.853075 65.288039 45.934871 28.783403 17.572163 209.673977 172.097575 131.784496 110.425068 73.313207 113.644469
114.600000 217.269786 154.767809 115.280406 90.194259 74.893475 65.324368 45.962909 28.803995 17.587796 209.770945 172.178864 131.848909 110.480504 73.352953 113.701259
114.650000 217.369874 154.841820 115.337860 90.241140 74.933875 65.360698 45.990948 28.824586 17.603429 209.867911 172.260152 131.913321 110.535939 73.392698 113.758049
114.700000 217.469962 154.915830 115.395314 90.288020 74.974274 65.397027 46.018986 28.845177 17.619063 209.964875 172.341439 131.977731 110.591373 73.432443 113.814839
114.750000 217.570047 154.989839 115.452766 90.334899 75.014672 65.433355 46.047024 28.865769 17.634696 210.061838 172.422725 132.042141 110.646807 73.472187 113.871627
114.800000 217.670131 155.063847 115.510218 90.381778 75.055070 65.469684 46.075062 28.886360 17.650330 210.158800 172.504009 132.106551 110.702240 73.511931 113.928415
114.850000 217.770214 155.137854 115.567669 90.428656 75.095468 65.506012 46.103099 28.906951 17.665963 210.255760 172.585293 132.170959 110.757672 73.551675 113.985202
114.900000 217.870295 155.211859 115.625120 90.475534 75.135866 65.542340 46.131137 28.927543 17.681597 210.352718 172.666575 132.235366 110.813104 73.591418 114.041989
114.950000 217.970375 155.285864 115.682570 90.522411 75.176263 65.578667 46.159174 28.948134 17.697230 210.449675 172.747856 132.299773 110.868535 73.631161 114.098774
115.000000 218.070453 155.359868 115.740019 90.569288 75.216660 65.614995 46.187212 28.968725 17.712864 210.546631 172.829136 132.364179 110.923965 73.670904 114.155560
115.050000 218.170530 155.433871 115.797467 90.616165 75.257056 65.651322 46.215249 28.989317 17.728498 210.643585 172.910415 132.428583 110.979395 73.710646 114.212344
115.100000 218.270605 155.507873 115.854915 90.663040 75.297452 65.687648 46.243286 29.009908 17.744132 210.740538 172.991693 132.492988 111.034824 73.750388 114.269128
115.150000 218.370678 155.581873 115.912362 90.709916 75.337847 65.723974 46.271322 29.030499 17.759766 210.837489 173.072969 132.557391 111.090252 73.790129 114.325911
115.200000 218.470750 155.655873 115.969808 90.756791 75.378243 65.760300 46.299359 29.051091 17.775401 210.934439 173.154245 132.621793 111.145680 73.829870 114.382693
115.250000 218.570820 155.729872 116.027253 90.803665 75.418637 65.796626 46.327396 29.071682 17.791035 211.031387 173.235519 132.686195 111.201107 73.869611 114.439475
115.300000 218.670889 155.803869 116.084698 90.850539 75.459032 65.832952 46.355432 29.092273 17.806669 211.128334 173.316792 132.750595 111.256533 73.909351 114.496255
115.350000 218.770957 155.877866 116.142142 90.897412 75.499426 65.869277 46.383468 29.112865 17.822304 211.225280 173.398064 132.814995 111.311958 73.949091 114.553036
115.400000 218.871023 155.951862 116.199586 90.944285 75.539819 65.905601 46.411504 29.133456 17.837938 211.322224 173.479334 132.879394 111.367383 73.988831 114.609815
115.450000 218.971087 156.025856 116.257029 90.991157 75.580213 65.941926 46.439540 29.154047 17.853573 211.419166 173.560604 132.943792 111.422808 74.028570 114.666594
115.500000 219.071150 156.099850 116.314471 91.038029 75.620606 65.978250 46.467576 29.174638 17.869208 211.516107 173.641872 133.008190 111.478231 74.068309 114.723372
115.550000 219.171211 156.173843 116.371912 91.084900 75.660998 66.014574 46.495612 29.195230 17.884843 211.613047 173.723139 133.072586 111.533654 74.108047 114.780150
115.600000 219.271271 156.247834 116.429352 91.131771 75.701390 66.050898 46.523647 29.215821 17.900477 211.709985 173.804405 133.136982 111.589076 74.147785 114.836926
115.650000 219.371329 156.321825 116.486792 91.178641 75.741782 66.087221 46.551682 29.236412 17.916112 211.806922 173.885670 133.201377 111.644498 74.187523 114.893702
115.700000 219.471386 156.395814 116.544231 91.225511 75.782173 66.123544 46.579718 29.257004 17.931748 211.903857 173.966934 133.265771 111.699919 74.227261 114.950478
115.750000 219.571441 156.469803 116.601670 91.272380 75.822564 66.159866 46.607753 29.277595 17.947383 212.000790 174.048196 133.330164 111.755339 74.266998 115.007253
115.800000 219.671495 156.543790 116.659108 91.319249 75.862955 66.196189 46.635788 29.298186 17.963018 212.097723 174.129458 133.394556 111.810759 74.306734 115.064027
115.850000 219.771547 156.617776 116.716545 91.366117 75.903345 66.232511 46.663822 29.318777 17.978653 212.194654 174.210718 133.458948 111.866178 74.346470 115.120800
115.900000 219.871598 156.691762 116.773981 91.412985 75.943735 66.268833 46.691857 29.339369 17.994289 212.291583 174.291977 133.523338 111.921596 74.386206 115.177572
115.950000 219.971647 156.765746 116.831417 91.459852 75.984125 66.305154 46.719892 29.359960 18.009924 212.388511 174.373235 133.587728 111.977013 74.425942 115.234344
116.000000 220.071695 156.839730 116.888852 91.506719 76.024514 66.341475 46.747926 29.380551 18.025560 212.485437 174.454492 133.652117 112.032430 74.465677 115.291116
116.050000 220.171741 156.913712 116.946286 91.553585 76.064902 66.377796 46.775960 29.401142 18.041196 212.582362 174.535747 133.716505 112.087847 74.505412 115.347886
116.100000 220.271786 156.987693 117.003720 91.600451 76.105291 66.414117 46.803994 29.421734 18.056832 212.679286 174.617002 133.780893 112.143262 74.545146 115.404656
116.150000 220.371829 157.061674 117.061152 91.647316 76.145679 66.450437 46.832028 29.442325 18.072468 212.776208 174.698255 133.845279 112.198677 74.584880 115.461425
116.200000 220.471871 157.135653 117.118585 91.694181 76.186066 66.486757 46.860062 29.462916 18.088104 212.873129 174.779507 133.909665 112.254091 74.624614 115.518193
116.250000 220.571911 157.209631 117.176016 91.741045 76.226453 66.523076 46.888095 29.483507 18.103740 212.970048 174.860758 133.974050 112.309505 74.664347 115.574961
116.300000 220.671949 157.283609 117.233447 91.787909 76.266840 66.559396 46.916129 29.504098 18.119376 213.066966 174.942008 134.038434 112.364918 74.704080 115.631728
116.350000 220.771987 157.357585 117.290877 91.834772 76.307227 66.595715 46.944162 29.524690 18.135012 213.163882 175.023257 134.102817 112.420330 74.743813 115.688495
116.400000 220.872022 157.431560 117.348306 91.881635 76.347613 66.632034 46.972195 29.545281 18.150649 213.260797 175.104504 134.167199 112.475742 74.783545 115.745260
116.450000 220.972056 157.505534 117.405735 91.928497 76.387998 66.668352 47.000228 29.565872 18.166285 213.357710 175.185751 134.231580 112.531153 74.823277 115.802025
116.500000 221.072089 157.579508 117.463163 91.975359 76.428384 66.704670 47.028261 29.586463 18.181922 213.454622 175.266996 134.295961 112.586563 74.863009 115.858790
116.550000 221.172120 157.653480 117.520590 92.022220 76.468768 66.740988 47.056294 29.607054 18.197558 213.551533 175.348240 134.360341 112.641973 74.902740 115.915553
116.600000 221.272150 157.727451 117.578016 92.069081 76.509153 66.777305 47.084326 29.627646 18.213195 213.648442 175.429483 134.424720 112.697382 74.942470 115.972316
116.650000 221.372178 157.801421 117.635442 92.115941 76.549537 66.813623 47.112359 29.648237 18.228832 213.745350 175.510725 134.489098 112.752790 74.982201 116.029079
116.700000 221.472204 157.875390 117.692867 92.162801 76.589921 66.849940 47.140391 29.668828 18.244469 213.842256 175.591965 134.553475 112.808198 75.021931 116.085840
116.750000 221.572229 157.949359 117.750292 92.209660 76.630304 66.886256 47.168423 29.689419 18.260106 213.939161 175.673205 134.617852 112.863605 75.061660 116.142601
116.800000 221.672253 158.023326 117.807716 92.256519 76.670687 66.922572 47.196455 29.710010 18.275743 214.036064 175.754443 134.682227 112.919011 75.101390 116.199361
116.850000 221.772275 158.097292 117.865139 92.303377 76.711070 66.958888 47.224487 29.730601 18.291380 214.132966 175.835680 134.746602 112.974417 75.141119 116.256121
116.900000 221.872296 158.171257 117.922561 92.350235 76.751452 66.995204 47.252519 29.751193 18.307017 214.229866 175.916916 134.810976 113.029822 75.180847 116.312880
116.950000 221.972315 158.245221 117.979983 92.397092 76.791834 67.031520 47.280550 29.771784 18.322654 214.326765 175.998151 134.875349 113.085226 75.220575 116.369638
117.000000 222.072332 158.319184 118.037403 92.443949 76.832216 67.067835 47.308582 29.792375 18.338292 214.423663 176.079385 134.939722 113.140630 75.260303 116.426395
117.050000 222.172349 158.393146 118.094824 92.490805 76.872597 67.104149 47.336613 29.812966 18.353929 214.520559 176.160618 135.004093 113.196033 75.300031 116.483152
117.100000 222.272363 158.467107 118.152243 92.537661 76.912977 67.140464 47.364644 29.833557 18.369567 214.617454 176.241849 135.068464 113.251435 75.339758 116.539908
117.150000 222.372376 158.541068 118.209662 92.584516 76.953358 67.176778 47.392675 29.854148 18.385204 214.714347 176.323079 135.132834 113.306837 75.379485 116.596663
117.200000 222.472388 158.615027 118.267080 92.631371 76.993738 67.213092 47.420706 29.874739 18.400842 214.811239 176.404309 135.197203 113.362238 75.419211 116.653418
117.250000 222.572398 158.688985 118.324498 92.678225 77.034117 67.249406 47.448737 29.895330 18.416480 214.908129 176.485537 135.261571 113.417638 75.458937 116.710172
117.300000 222.672407 158.762942 118.381914 92.725079 77.074497 67.285719 47.476767 29.915922 18.432118 215.005018 176.566764 135.325938 113.473038 75.498663 116.766925
117.350000 222.772414 158.836898 118.439330 92.771932 77.114875 67.322032 47.504798 29.936513 18.447756 215.101906 176.647989 135.390305 113.528437 75.538388 116.823678
117.400000 222.872419 158.910853 118.496746 92.818785 77.155254 67.358345 47.532828 29.957104 18.463394 215.198792 176.729214 135.454671 113.583835 75.578113 116.880430
117.450000 222.972424 158.984807 118.554161 92.865637 77.195632 67.394657 47.560858 29.977695 18.479032 215.295676 176.810437 135.519035 113.639233 75.617837 116.937181
117.500000 223.072426 159.058760 118.611574 92.912489 77.236010 67.430969 47.588888 29.998286 18.494670 215.392559 176.891660 135.583400 113.694630 75.657561 116.993932
117.550000 223.172427 159.132712 118.668988 92.959340 77.276387 67.467281 47.616918 30.018877 18.510309 215.489441 176.972881 135.647763 113.750026 75.697285 117.050682
117.600000 223.272427 159.206663 118.726400 93.006191 77.316764 67.503592 47.644947 30.039468 18.525947 215.586322 177.054101 135.712125 113.805422 75.737009 117.107431
117.650000 223.372425 159.280613 118.783812 93.053041 77.357141 67.539903 47.672977 30.060059 18.541586 215.683200 177.135320 135.776487 113.860817 75.776732 117.164180
117.700000 223.472422 159.354562 118.841223 93.099891 77.397517 67.576214 47.701006 30.080650 18.557224 215.780078 177.216538 135.840848 113.916212 75.816455 117.220928
117.750000 223.572417 159.428510 118.898634 93.146740 77.437893 67.612525 47.729035 30.101241 18.572863 215.876954 177.297754 135.905208 113.971605 75.856177 117.277675
117.800000 223.672411 159.502457 118.956044 93.193589 77.478268 67.648835 47.757064 30.121832 18.588502 215.973829 177.378970 135.969567 114.026999 75.895899 117.334421
117.850000 223.772403 159.576403 119.013453 93.240437 77.518643 67.685145 47.785093 30.142423 18.604141 216.070702 177.460184 136.033925 114.082391 75.935620 117.391167
117.900000 223.872394 159.650349 119.070861 93.287285 77.559018 67.721455 47.813122 30.163014 18.619779 216.167574 177.541397 136.098282 114.137783 75.975342 117.447912
117.950000 223.972383 159.724293 119.128269 93.334132 77.599392 67.757764 47.841151 30.183605 18.635418 216.264444 177.622609 136.162639 114.193174 76.015063 117.504657
118.000000 224.072371 159.798236 119.185676 93.380979 77.639766 67.794073 47.869179 30.204196 18.651058 216.361313 177.703820 136.226995 114.248565 76.054783 117.561401
118.050000 224.172357 159.872178 119.243082 93.427825 77.680140 67.830382 47.897208 30.224787 18.666697 216.458180 177.785030 136.291350 114.303954 76.094503 117.618144
118.100000 224.272342 159.946119 119.300488 93.474671 77.720513 67.866690 47.925236 30.245378 18.682336 216.555046 177.866239 136.355704 114.359344 76.134223 117.674886
118.150000 224.372326 160.020059 119.357893 93.521516 77.760886 67.902999 47.953264 30.265969 18.697975 216.651911 177.947447 136.420057 114.414732 76.173943 117.731628
118.200000 224.472307 160.093998 119.415297 93.568361 77.801258 67.939307 47.981292 30.286560 18.713615 216.748774 178.028653 136.484410 114.470120 76.213662 117.788369
118.250000 224.572288 160.167936 119.472701 93.615205 77.841630 67.975614 48.009319 30.307151 18.729254 216.845636 178.109858 136.548762 114.525507 76.253380 117.845109
118.300000 224.672267 160.241873 119.530104 93.662049 77.882002 68.011921 48.037347 30.327741 18.744894 216.942496 178.191062 136.613113 114.580894 76.293099 117.901849
118.350000 224.772244 160.315809 119.587506 93.708892 77.922373 68.048228 48.065374 30.348332 18.760533 217.039355 178.272265 136.677463 114.636280 76.332817 117.958588
118.400000 224.872220 160.389744 119.644907 93.755735 77.962744 68.084535 48.093402 30.368923 18.776173 217.136213 178.353467 136.741812 114.691665 76.372534 118.015326
118.450000 224.972195 160.463678 119.702308 93.802577 78.003115 68.120841 48.121429 30.389514 18.791813 217.233069 178.434668 136.806160 114.747050 76.412251 118.072064
118.500000 225.072168 160.537611 119.759708 93.849419 78.043485 68.157147 48.149456 30.410105 18.807453 217.329924 178.515868 136.870508 114.802434 76.451968 118.128801
