web/models/kne/12/Metzger_0.013086_0.305517_0.450000.dat
# %ECSV 0.9
# ---
# datatype:
# - {name: time, datatype: float64}
# - {name: sdss_u, datatype: float64}
# - {name: sdss_g, datatype: float64}
# - {name: sdss_r, datatype: float64}
# - {name: sdss_i, datatype: float64}
# - {name: sdss_z, datatype: float64}
# - {name: PS1_y, datatype: float64}
# - {name: ukirt_J, datatype: float64}
# - {name: ukirt_H, datatype: float64}
# - {name: ukirt_K, datatype: float64}
# - {name: johnson_U, datatype: float64}
# - {name: johnson_B, datatype: float64}
# - {name: johnson_V, datatype: float64}
# - {name: johnson_R, datatype: float64}
# - {name: johnson_I, datatype: float64}
# - {name: Clear, datatype: float64}
# meta: !!omap
# - comment: [vej = 0.30551724137931036, mej = 0.013086248836806117, Ye = 0.45, redshift = 0.0]
# schema: astropy-2.0
time sdss_u sdss_g sdss_r sdss_i sdss_z PS1_y ukirt_J ukirt_H ukirt_K johnson_U johnson_B johnson_V johnson_R johnson_I Clear
[from data line 1258]
63.000000 385.173122 278.780535 211.426650 168.544346 142.335578 125.916335 92.600418 62.907828 43.346727 372.418350 308.439484 239.705271 203.228519 139.693908 208.729815
63.050000 385.477362 279.005805 211.601782 168.687457 142.459064 126.027496 92.686471 62.971329 43.395214 372.713134 308.686792 239.901472 203.397536 139.815413 208.902935
63.100000 385.781591 279.231067 211.776907 168.830564 142.582546 126.138653 92.772521 63.034830 43.443700 373.007906 308.934090 240.097666 203.566547 139.936913 209.076050
63.150000 386.085808 279.456321 211.952026 168.973666 142.706023 126.249806 92.858569 63.098328 43.492185 373.302667 309.181378 240.293853 203.735553 140.058409 209.249158
63.200000 386.390012 279.681565 212.127139 169.116763 142.829496 126.360956 92.944615 63.161825 43.540670 373.597416 309.428657 240.490032 203.904552 140.179902 209.422259
63.250000 386.694205 279.906801 212.302245 169.259855 142.952965 126.472102 93.030658 63.225321 43.589153 373.892154 309.675927 240.686204 204.073544 140.301390 209.595355
63.300000 386.998386 280.132029 212.477344 169.402942 143.076430 126.583245 93.116698 63.288815 43.637636 374.186880 309.923187 240.882368 204.242531 140.422874 209.768444
63.350000 387.302555 280.357248 212.652438 169.546024 143.199891 126.694384 93.202736 63.352308 43.686118 374.481594 310.170437 241.078526 204.411512 140.544354 209.941527
63.400000 387.606711 280.582459 212.827525 169.689101 143.323348 126.805519 93.288772 63.415799 43.734600 374.776297 310.417678 241.274676 204.580487 140.665831 210.114604
63.450000 387.910856 280.807661 213.002606 169.832173 143.446801 126.916651 93.374805 63.479289 43.783080 375.070989 310.664909 241.470819 204.749455 140.787303 210.287674
63.500000 388.214989 281.032855 213.177680 169.975241 143.570250 127.027780 93.460836 63.542777 43.831560 375.365668 310.912131 241.666954 204.918418 140.908771 210.460738
63.550000 388.519110 281.258040 213.352748 170.118303 143.693694 127.138904 93.546864 63.606264 43.880038 375.660337 311.159344 241.863083 205.087375 141.030235 210.633796
63.600000 388.823219 281.483216 213.527810 170.261360 143.817135 127.250026 93.632889 63.669749 43.928516 375.954994 311.406547 242.059204 205.256325 141.151696 210.806848
63.650000 389.127317 281.708385 213.702866 170.404413 143.940571 127.361144 93.718913 63.733233 43.976993 376.249639 311.653741 242.255318 205.425269 141.273152 210.979894
63.700000 389.431402 281.933544 213.877915 170.547460 144.064004 127.472258 93.804934 63.796715 44.025469 376.544273 311.900925 242.451425 205.594208 141.394604 211.152933
63.750000 389.735476 282.158696 214.052958 170.690503 144.187432 127.583369 93.890952 63.860196 44.073945 376.838896 312.148100 242.647524 205.763140 141.516052 211.325966
63.800000 390.039537 282.383838 214.227994 170.833540 144.310856 127.694476 93.976968 63.923676 44.122419 377.133507 312.395266 242.843617 205.932067 141.637497 211.498993
63.850000 390.343587 282.608973 214.403025 170.976573 144.434277 127.805579 94.062981 63.987154 44.170893 377.428106 312.642422 243.039702 206.100987 141.758937 211.672014
63.900000 390.647625 282.834099 214.578049 171.119601 144.557693 127.916679 94.148993 64.050630 44.219366 377.722694 312.889568 243.235780 206.269901 141.880373 211.845028
63.950000 390.951651 283.059216 214.753067 171.262624 144.681105 128.027776 94.235001 64.114105 44.267838 378.017271 313.136706 243.431850 206.438809 142.001806 212.018037
64.000000 391.255665 283.284325 214.928078 171.405642 144.804513 128.138869 94.321007 64.177578 44.316310 378.311837 313.383834 243.627914 206.607712 142.123234 212.191039
64.050000 391.559668 283.509426 215.103083 171.548655 144.927917 128.249959 94.407011 64.241050 44.364780 378.606391 313.630952 243.823971 206.776608 142.244659 212.364035
64.100000 391.863659 283.734518 215.278082 171.691664 145.051317 128.361045 94.493012 64.304521 44.413250 378.900933 313.878062 244.020020 206.945498 142.366079 212.537025
64.150000 392.167638 283.959602 215.453075 171.834667 145.174713 128.472127 94.579011 64.367990 44.461718 379.195464 314.125161 244.216062 207.114383 142.487496 212.710008
64.200000 392.471605 284.184677 215.628062 171.977666 145.298105 128.583206 94.665008 64.431458 44.510186 379.489984 314.372252 244.412097 207.283261 142.608908 212.882986
64.250000 392.775560 284.409744 215.803042 172.120660 145.421493 128.694282 94.751002 64.494924 44.558653 379.784493 314.619333 244.608125 207.452133 142.730317 213.055957
64.300000 393.079504 284.634803 215.978016 172.263648 145.544876 128.805354 94.836993 64.558388 44.607120 380.078990 314.866405 244.804146 207.621000 142.851722 213.228922
64.350000 393.383436 284.859854 216.152984 172.406632 145.668256 128.916422 94.922982 64.621852 44.655585 380.373476 315.113468 245.000159 207.789860 142.973123 213.401882
64.400000 393.687356 285.084896 216.327945 172.549612 145.791632 129.027487 95.008969 64.685313 44.704050 380.667950 315.360521 245.196166 207.958714 143.094520 213.574834
64.450000 393.991265 285.309929 216.502901 172.692586 145.915004 129.138549 95.094953 64.748774 44.752514 380.962413 315.607565 245.392165 208.127563 143.215912 213.747781
64.500000 394.295161 285.534954 216.677850 172.835555 146.038372 129.249607 95.180935 64.812233 44.800977 381.256865 315.854600 245.588157 208.296405 143.337301 213.920722
64.550000 394.599047 285.759971 216.852793 172.978520 146.161735 129.360662 95.266914 64.875690 44.849439 381.551306 316.101626 245.784143 208.465242 143.458686 214.093657
64.600000 394.902920 285.984980 217.027730 173.121480 146.285095 129.471713 95.352891 64.939146 44.897900 381.845735 316.348642 245.980121 208.634073 143.580068 214.266585
64.650000 395.206782 286.209980 217.202660 173.264434 146.408451 129.582760 95.438866 65.002600 44.946361 382.140153 316.595649 246.176092 208.802897 143.701445 214.439507
64.700000 395.510632 286.434972 217.377585 173.407385 146.531802 129.693804 95.524838 65.066053 44.994820 382.434560 316.842647 246.372056 208.971716 143.822818 214.612424
64.750000 395.814471 286.659956 217.552503 173.550330 146.655150 129.804845 95.610808 65.129505 45.043279 382.728956 317.089635 246.568012 209.140529 143.944188 214.785334
64.800000 396.118297 286.884932 217.727415 173.693270 146.778494 129.915882 95.696775 65.192955 45.091737 383.023340 317.336615 246.763962 209.309336 144.065553 214.958238
64.850000 396.422113 287.109899 217.902321 173.836206 146.901834 130.026916 95.782740 65.256403 45.140194 383.317713 317.583585 246.959905 209.478137 144.186915 215.131136
64.900000 396.725916 287.334858 218.077220 173.979137 147.025169 130.137946 95.868703 65.319850 45.188651 383.612075 317.830546 247.155841 209.646932 144.308272 215.304028
64.950000 397.029709 287.559808 218.252114 174.122063 147.148501 130.248973 95.954663 65.383296 45.237106 383.906426 318.077497 247.351769 209.815722 144.429626 215.476913
65.000000 397.333489 287.784751 218.427001 174.264984 147.271829 130.359996 96.040621 65.446740 45.285561 384.200766 318.324440 247.547691 209.984505 144.550976 215.649793
65.050000 397.637258 288.009685 218.601883 174.407900 147.395153 130.471016 96.126576 65.510183 45.334015 384.495094 318.571373 247.743605 210.153282 144.672322 215.822667
65.100000 397.941015 288.234611 218.776758 174.550812 147.518473 130.582032 96.212529 65.573624 45.382468 384.789411 318.818298 247.939513 210.322054 144.793664 215.995535
65.150000 398.244761 288.459528 218.951627 174.693719 147.641789 130.693045 96.298479 65.637064 45.430920 385.083718 319.065213 248.135414 210.490820 144.915002 216.168396
65.200000 398.548495 288.684438 219.126490 174.836621 147.765101 130.804055 96.384427 65.700502 45.479372 385.378012 319.312118 248.331307 210.659579 145.036337 216.341252
65.250000 398.852218 288.909339 219.301346 174.979518 147.888409 130.915061 96.470373 65.763939 45.527822 385.672296 319.559015 248.527194 210.828333 145.157667 216.514101
65.300000 399.155929 289.134232 219.476197 175.122410 148.011713 131.026063 96.556317 65.827375 45.576272 385.966569 319.805903 248.723073 210.997082 145.278994 216.686945
65.350000 399.459629 289.359116 219.651041 175.265298 148.135013 131.137063 96.642257 65.890809 45.624721 386.260831 320.052781 248.918946 211.165824 145.400316 216.859782
65.400000 399.763317 289.583993 219.825880 175.408181 148.258309 131.248058 96.728196 65.954241 45.673169 386.555081 320.299650 249.114811 211.334560 145.521635 217.032613
65.450000 400.066994 289.808861 220.000712 175.551059 148.381601 131.359051 96.814132 66.017673 45.721617 386.849320 320.546511 249.310670 211.503291 145.642950 217.205439
65.500000 400.370660 290.033721 220.175538 175.693932 148.504889 131.470039 96.900066 66.081102 45.770063 387.143549 320.793362 249.506521 211.672015 145.764261 217.378258
65.550000 400.674313 290.258573 220.350358 175.836801 148.628173 131.581025 96.985997 66.144530 45.818509 387.437766 321.040204 249.702366 211.840734 145.885568 217.551072
65.600000 400.977956 290.483417 220.525172 175.979665 148.751454 131.692007 97.071926 66.207957 45.866954 387.731972 321.287037 249.898204 212.009447 146.006872 217.723879
65.650000 401.281587 290.708253 220.699980 176.122524 148.874730 131.802985 97.157853 66.271383 45.915398 388.026167 321.533861 250.094034 212.178154 146.128171 217.896680
65.700000 401.585206 290.933080 220.874782 176.265378 148.998002 131.913961 97.243777 66.334806 45.963841 388.320351 321.780675 250.289858 212.346856 146.249467 218.069476
65.750000 401.888814 291.157900 221.049578 176.408228 149.121271 132.024932 97.329699 66.398229 46.012283 388.614525 322.027481 250.485675 212.515551 146.370759 218.242265
65.800000 402.192411 291.382711 221.224368 176.551073 149.244535 132.135901 97.415618 66.461650 46.060725 388.908687 322.274278 250.681485 212.684241 146.492047 218.415049
65.850000 402.495996 291.607514 221.399151 176.693913 149.367796 132.246865 97.501536 66.525069 46.109166 389.202838 322.521066 250.877288 212.852925 146.613331 218.587826
65.900000 402.799570 291.832309 221.573929 176.836748 149.491053 132.357827 97.587450 66.588488 46.157605 389.496978 322.767844 251.073084 213.021603 146.734611 218.760597
65.950000 403.103133 292.057096 221.748700 176.979579 149.614306 132.468785 97.673363 66.651904 46.206045 389.791107 323.014614 251.268873 213.190276 146.855888 218.933363
66.000000 403.406684 292.281875 221.923466 177.122405 149.737555 132.579740 97.759273 66.715319 46.254483 390.085225 323.261374 251.464655 213.358942 146.977160 219.106123
66.050000 403.710224 292.506645 222.098225 177.265226 149.860800 132.690691 97.845180 66.778733 46.302920 390.379332 323.508126 251.660430 213.527603 147.098429 219.278876
66.100000 404.013752 292.731408 222.272979 177.408043 149.984041 132.801639 97.931085 66.842146 46.351357 390.673428 323.754869 251.856199 213.696258 147.219694 219.451624
66.150000 404.317269 292.956162 222.447726 177.550855 150.107278 132.912583 98.016988 66.905557 46.399793 390.967514 324.001602 252.051960 213.864907 147.340955 219.624366
66.200000 404.620775 293.180909 222.622468 177.693662 150.230511 133.023524 98.102889 66.968966 46.448228 391.261588 324.248327 252.247715 214.033551 147.462213 219.797101
66.250000 404.924270 293.405647 222.797203 177.836464 150.353741 133.134462 98.188787 67.032374 46.496662 391.555651 324.495042 252.443462 214.202188 147.583466 219.969831
66.300000 405.227753 293.630377 222.971932 177.979262 150.476966 133.245396 98.274683 67.095781 46.545095 391.849704 324.741749 252.639203 214.370820 147.704716 220.142555
66.350000 405.531225 293.855099 223.146656 178.122055 150.600188 133.356327 98.360576 67.159186 46.593528 392.143745 324.988447 252.834937 214.539446 147.825962 220.315273
66.400000 405.834685 294.079813 223.321373 178.264843 150.723406 133.467255 98.446467 67.222590 46.641959 392.437776 325.235135 253.030664 214.708067 147.947204 220.487985
66.450000 406.138135 294.304520 223.496085 178.407627 150.846619 133.578179 98.532356 67.285992 46.690390 392.731796 325.481815 253.226385 214.876682 148.068442 220.660691
66.500000 406.441573 294.529218 223.670790 178.550406 150.969829 133.689100 98.618242 67.349393 46.738820 393.025805 325.728486 253.422098 215.045291 148.189677 220.833392
66.550000 406.745000 294.753908 223.845489 178.693180 151.093035 133.800017 98.704127 67.412792 46.787250 393.319803 325.975148 253.617805 215.213894 148.310907 221.006086
66.600000 407.048416 294.978590 224.020183 178.835950 151.216238 133.910931 98.790008 67.476190 46.835678 393.613790 326.221801 253.813504 215.382491 148.432134 221.178774
66.650000 407.351820 295.203264 224.194870 178.978715 151.339436 134.021842 98.875888 67.539587 46.884106 393.907767 326.468445 254.009197 215.551083 148.553357 221.351457
66.700000 407.655213 295.427930 224.369552 179.121475 151.462631 134.132749 98.961765 67.602982 46.932532 394.201732 326.715080 254.204884 215.719669 148.674577 221.524134
66.750000 407.958595 295.652588 224.544227 179.264231 151.585821 134.243653 99.047639 67.666376 46.980958 394.495687 326.961707 254.400563 215.888249 148.795792 221.696804
66.800000 408.261966 295.877238 224.718897 179.406982 151.709008 134.354554 99.133511 67.729768 47.029384 394.789631 327.208324 254.596235 216.056824 148.917004 221.869469
66.850000 408.565326 296.101880 224.893561 179.549728 151.832191 134.465451 99.219381 67.793159 47.077808 395.083564 327.454933 254.791901 216.225393 149.038212 222.042128
66.900000 408.868674 296.326514 225.068218 179.692470 151.955370 134.576345 99.305249 67.856548 47.126231 395.377486 327.701533 254.987560 216.393956 149.159416 222.214782
66.950000 409.172011 296.551140 225.242870 179.835207 152.078545 134.687235 99.391114 67.919936 47.174654 395.671398 327.948123 255.183212 216.562514 149.280617 222.387429
67.000000 409.475338 296.775758 225.417516 179.977939 152.201716 134.798122 99.476977 67.983323 47.223076 395.965299 328.194705 255.378857 216.731066 149.401814 222.560071
67.050000 409.778653 297.000368 225.592156 180.120667 152.324884 134.909006 99.562838 68.046708 47.271497 396.259189 328.441279 255.574496 216.899612 149.523006 222.732706
67.100000 410.081956 297.224971 225.766790 180.263390 152.448048 135.019887 99.648696 68.110092 47.319917 396.553068 328.687843 255.770128 217.068152 149.644196 222.905336
67.150000 410.385249 297.449565 225.941418 180.406108 152.571207 135.130764 99.734552 68.173474 47.368337 396.846937 328.934398 255.965753 217.236687 149.765381 223.077960
67.200000 410.688531 297.674151 226.116040 180.548822 152.694363 135.241638 99.820406 68.236855 47.416755 397.140795 329.180945 256.161371 217.405216 149.886563 223.250578
67.250000 410.991801 297.898730 226.290656 180.691531 152.817516 135.352508 99.906257 68.300235 47.465173 397.434642 329.427483 256.356982 217.573740 150.007741 223.423190
67.300000 411.295061 298.123300 226.465267 180.834236 152.940664 135.463375 99.992106 68.363613 47.513590 397.728478 329.674012 256.552587 217.742258 150.128915 223.595797
67.350000 411.598309 298.347863 226.639871 180.976936 153.063808 135.574239 100.077953 68.426989 47.562006 398.022304 329.920532 256.748185 217.910770 150.250085 223.768398
67.400000 411.901547 298.572418 226.814469 181.119631 153.186949 135.685099 100.163797 68.490365 47.610422 398.316119 330.167044 256.943776 218.079276 150.371252 223.940992
67.450000 412.204773 298.796964 226.989062 181.262322 153.310086 135.795957 100.249639 68.553739 47.658836 398.609923 330.413547 257.139361 218.247777 150.492415 224.113581
67.500000 412.507988 299.021503 227.163649 181.405008 153.433219 135.906810 100.335479 68.617111 47.707250 398.903717 330.660041 257.334938 218.416273 150.613574 224.286165
67.550000 412.811192 299.246034 227.338230 181.547690 153.556348 136.017661 100.421316 68.680482 47.755663 399.197500 330.906526 257.530510 218.584762 150.734729 224.458742
