web/models/kne/12/Metzger_0.325712_0.030000_0.100000.dat
# %ECSV 0.9
# ---
# datatype:
# - {name: time, datatype: float64}
# - {name: sdss_u, datatype: float64}
# - {name: sdss_g, datatype: float64}
# - {name: sdss_r, datatype: float64}
# - {name: sdss_i, datatype: float64}
# - {name: sdss_z, datatype: float64}
# - {name: PS1_y, datatype: float64}
# - {name: ukirt_J, datatype: float64}
# - {name: ukirt_H, datatype: float64}
# - {name: ukirt_K, datatype: float64}
# - {name: johnson_U, datatype: float64}
# - {name: johnson_B, datatype: float64}
# - {name: johnson_V, datatype: float64}
# - {name: johnson_R, datatype: float64}
# - {name: johnson_I, datatype: float64}
# - {name: Clear, datatype: float64}
# meta: !!omap
# - comment: [vej = 0.03, mej = 0.3257122869999151, Ye = 0.1, redshift = 0.0]
# schema: astropy-2.0
time sdss_u sdss_g sdss_r sdss_i sdss_z PS1_y ukirt_J ukirt_H ukirt_K johnson_U johnson_B johnson_V johnson_R johnson_I Clear
[from data line 1918]
96.000000 66.105526 42.825467 28.240359 19.057373 13.504279 10.056651 3.165300 -2.793159 -6.552112 63.303537 49.291450 34.344361 26.477213 12.947774 27.660011
96.050000 66.154882 42.861793 28.268411 19.080142 13.523809 10.074148 3.178654 -2.783527 -6.544958 63.351333 49.331412 34.375890 26.504256 12.966977 27.687731
96.100000 66.204251 42.898128 28.296471 19.102917 13.543344 10.091649 3.192011 -2.773892 -6.537801 63.399141 49.371384 34.407427 26.531307 12.986185 27.715459
96.150000 66.253632 42.934472 28.324537 19.125697 13.562885 10.109155 3.205372 -2.764254 -6.530641 63.446961 49.411366 34.438972 26.558364 13.005399 27.743194
96.200000 66.303026 42.970825 28.352612 19.148484 13.582431 10.126666 3.218737 -2.754613 -6.523479 63.494792 49.451358 34.470526 26.585429 13.024618 27.770936
96.250000 66.352431 43.007188 28.380693 19.171277 13.601982 10.144182 3.232106 -2.744968 -6.516315 63.542636 49.491361 34.502087 26.612500 13.043842 27.798686
96.300000 66.401849 43.043560 28.408782 19.194077 13.621539 10.161703 3.245479 -2.735321 -6.509148 63.590492 49.531373 34.533657 26.639579 13.063072 27.826442
96.350000 66.451280 43.079941 28.436878 19.216882 13.641102 10.179228 3.258856 -2.725671 -6.501978 63.638360 49.571396 34.565235 26.666665 13.082307 27.854206
96.400000 66.500722 43.116332 28.464982 19.239693 13.660669 10.196759 3.272237 -2.716017 -6.494806 63.686239 49.611429 34.596821 26.693758 13.101547 27.881978
96.450000 66.550177 43.152731 28.493093 19.262511 13.680242 10.214294 3.285621 -2.706360 -6.487632 63.734131 49.651472 34.628415 26.720858 13.120793 27.909756
96.500000 66.599644 43.189141 28.521211 19.285335 13.699821 10.231835 3.299010 -2.696700 -6.480455 63.782034 49.691524 34.660017 26.747966 13.140043 27.937542
96.550000 66.649124 43.225559 28.549337 19.308165 13.719405 10.249380 3.312403 -2.687038 -6.473275 63.829950 49.731588 34.691628 26.775080 13.159299 27.965335
96.600000 66.698615 43.261986 28.577470 19.331000 13.738994 10.266930 3.325799 -2.677372 -6.466093 63.877877 49.771661 34.723246 26.802202 13.178561 27.993135
96.650000 66.748119 43.298423 28.605610 19.353842 13.758588 10.284485 3.339200 -2.667703 -6.458909 63.925816 49.811744 34.754873 26.829330 13.197828 28.020943
96.700000 66.797636 43.334869 28.633758 19.376691 13.778188 10.302045 3.352604 -2.658031 -6.451722 63.973767 49.851837 34.786508 26.856466 13.217099 28.048758
96.750000 66.847164 43.371324 28.661913 19.399545 13.797793 10.319610 3.366013 -2.648356 -6.444532 64.021730 49.891941 34.818151 26.883609 13.236377 28.076580
96.800000 66.896705 43.407789 28.690075 19.422405 13.817404 10.337180 3.379425 -2.638677 -6.437340 64.069705 49.932054 34.849802 26.910759 13.255659 28.104409
96.850000 66.946258 43.444263 28.718245 19.445272 13.837020 10.354754 3.392841 -2.628996 -6.430146 64.117692 49.972178 34.881461 26.937916 13.274947 28.132246
96.900000 66.995823 43.480746 28.746422 19.468144 13.856641 10.372334 3.406261 -2.619312 -6.422949 64.165690 50.012312 34.913128 26.965080 13.294240 28.160090
96.950000 67.045401 43.517238 28.774606 19.491023 13.876268 10.389918 3.419686 -2.609624 -6.415749 64.213701 50.052455 34.944804 26.992251 13.313538 28.187941
97.000000 67.094990 43.553740 28.802798 19.513908 13.895900 10.407508 3.433114 -2.599934 -6.408547 64.261723 50.092609 34.976487 27.019429 13.332842 28.215799
97.050000 67.144592 43.590250 28.830997 19.536799 13.915537 10.425102 3.446546 -2.590240 -6.401343 64.309758 50.132773 35.008179 27.046615 13.352151 28.243665
97.100000 67.194207 43.626770 28.859203 19.559696 13.935180 10.442701 3.459981 -2.580544 -6.394136 64.357804 50.172947 35.039879 27.073807 13.371465 28.271537
97.150000 67.243833 43.663299 28.887417 19.582599 13.954828 10.460305 3.473421 -2.570844 -6.386926 64.405862 50.213131 35.071587 27.101007 13.390785 28.299417
97.200000 67.293472 43.699838 28.915638 19.605508 13.974481 10.477914 3.486865 -2.561141 -6.379714 64.453932 50.253325 35.103303 27.128213 13.410109 28.327305
97.250000 67.343123 43.736385 28.943866 19.628423 13.994140 10.495527 3.500313 -2.551436 -6.372500 64.502014 50.293529 35.135027 27.155427 13.429439 28.355199
97.300000 67.392786 43.772942 28.972102 19.651345 14.013804 10.513146 3.513764 -2.541727 -6.365283 64.550107 50.333744 35.166760 27.182648 13.448775 28.383101
97.350000 67.442461 43.809508 29.000344 19.674272 14.033474 10.530769 3.527220 -2.532015 -6.358063 64.598213 50.373968 35.198500 27.209876 13.468115 28.411010
97.400000 67.492149 43.846084 29.028595 19.697206 14.053148 10.548397 3.540679 -2.522300 -6.350842 64.646330 50.414202 35.230249 27.237111 13.487461 28.438926
97.450000 67.541849 43.882668 29.056852 19.720145 14.072828 10.566031 3.554142 -2.512582 -6.343617 64.694460 50.454447 35.262005 27.264353 13.506812 28.466850
97.500000 67.591561 43.919262 29.085117 19.743091 14.092514 10.583669 3.567610 -2.502861 -6.336390 64.742601 50.494701 35.293770 27.291602 13.526168 28.494781
97.550000 66.766381 43.317586 28.625344 19.373942 13.778911 10.304949 3.359950 -2.646696 -6.437731 63.944186 49.830655 34.774367 26.849134 13.218173 28.040700
97.600000 66.815630 43.353836 28.653342 19.396668 13.798407 10.322416 3.373285 -2.637073 -6.430579 63.991878 49.870532 34.805832 26.876125 13.237343 28.068366
97.650000 66.864890 43.390095 28.681346 19.419401 13.817909 10.339889 3.386624 -2.627447 -6.423425 64.039581 49.910420 34.837305 26.903123 13.256519 28.096040
97.700000 66.914163 43.426363 28.709358 19.442140 13.837416 10.357366 3.399966 -2.617817 -6.416268 64.087297 49.950317 34.868787 26.930128 13.275700 28.123720
97.750000 66.963448 43.462641 28.737377 19.464885 13.856928 10.374848 3.413313 -2.608185 -6.409109 64.135024 49.990224 34.900276 26.957140 13.294885 28.151408
97.800000 67.012745 43.498927 28.765403 19.487636 13.876446 10.392335 3.426663 -2.598550 -6.401947 64.182763 50.030141 34.931773 26.984158 13.314077 28.179103
97.850000 67.062054 43.535223 28.793437 19.510393 13.895969 10.409827 3.440018 -2.588912 -6.394783 64.230513 50.070068 34.963279 27.011184 13.333273 28.206805
97.900000 67.111375 43.571527 28.821477 19.533156 13.915497 10.427324 3.453376 -2.579271 -6.387617 64.278276 50.110005 34.994792 27.038217 13.352475 28.234514
97.950000 67.160708 43.607841 28.849525 19.555925 13.935030 10.444825 3.466738 -2.569626 -6.380448 64.326050 50.149952 35.026313 27.065257 13.371681 28.262230
98.000000 67.210053 43.644164 28.877580 19.578700 13.954569 10.462331 3.480104 -2.559979 -6.373276 64.373835 50.189909 35.057843 27.092304 13.390893 28.289954
98.050000 67.259410 43.680496 28.905642 19.601481 13.974113 10.479843 3.493474 -2.550329 -6.366103 64.421633 50.229876 35.089380 27.119358 13.410110 28.317684
98.100000 67.308779 43.716837 28.933712 19.624268 13.993662 10.497358 3.506848 -2.540675 -6.358926 64.469442 50.269853 35.120926 27.146418 13.429333 28.345422
98.150000 67.358161 43.753188 28.961789 19.647061 14.013216 10.514879 3.520225 -2.531019 -6.351748 64.517263 50.309839 35.152479 27.173486 13.448560 28.373167
98.200000 67.407554 43.789547 28.989872 19.669860 14.032776 10.532404 3.533607 -2.521360 -6.344566 64.565095 50.349836 35.184041 27.200561 13.467793 28.400919
98.250000 67.456959 43.825915 29.017964 19.692665 14.052341 10.549935 3.546992 -2.511697 -6.337383 64.612940 50.389842 35.215610 27.227643 13.487031 28.428678
98.300000 67.506377 43.862293 29.046062 19.715476 14.071911 10.567470 3.560381 -2.502032 -6.330197 64.660795 50.429859 35.247187 27.254731 13.506274 28.456444
98.350000 67.555806 43.898679 29.074167 19.738293 14.091487 10.585010 3.573774 -2.492363 -6.323008 64.708663 50.469885 35.278773 27.281827 13.525522 28.484217
98.400000 67.605248 43.935075 29.102280 19.761116 14.111068 10.602554 3.587171 -2.482692 -6.315817 64.756542 50.509921 35.310366 27.308929 13.544776 28.511998
98.450000 67.654701 43.971480 29.130400 19.783945 14.130654 10.620104 3.600572 -2.473018 -6.308624 64.804433 50.549967 35.341967 27.336039 13.564034 28.539785
98.500000 67.704167 44.007893 29.158527 19.806780 14.150245 10.637658 3.613977 -2.463340 -6.301428 64.852336 50.590023 35.373577 27.363156 13.583298 28.567580
98.550000 67.753645 44.044316 29.186661 19.829621 14.169841 10.655217 3.627385 -2.453660 -6.294229 64.900250 50.630089 35.405194 27.390279 13.602567 28.595382
98.600000 67.803134 44.080748 29.214803 19.852468 14.189443 10.672781 3.640797 -2.443976 -6.287029 64.948176 50.670164 35.436819 27.417410 13.621841 28.623191
98.650000 67.852636 44.117189 29.242951 19.875321 14.209050 10.690349 3.654213 -2.434290 -6.279825 64.996114 50.710250 35.468453 27.444547 13.641121 28.651007
98.700000 67.902150 44.153639 29.271107 19.898180 14.228663 10.707923 3.667633 -2.424601 -6.272620 65.044063 50.750346 35.500094 27.471691 13.660405 28.678830
98.750000 67.951675 44.190098 29.299270 19.921045 14.248280 10.725501 3.681057 -2.414908 -6.265412 65.092024 50.790451 35.531743 27.498843 13.679695 28.706660
98.800000 68.001213 44.226566 29.327440 19.943916 14.267903 10.743084 3.694485 -2.405213 -6.258201 65.139997 50.830566 35.563400 27.526001 13.698990 28.734498
98.850000 68.050763 44.263044 29.355618 19.966793 14.287531 10.760672 3.707916 -2.395514 -6.250988 65.187981 50.870691 35.595065 27.553166 13.718290 28.762342
98.900000 68.100324 44.299530 29.383802 19.989676 14.307164 10.778264 3.721352 -2.385813 -6.243773 65.235977 50.910826 35.626738 27.580338 13.737595 28.790194
98.950000 68.149898 44.336025 29.411994 20.012564 14.326802 10.795861 3.734791 -2.376108 -6.236555 65.283984 50.950971 35.658419 27.607517 13.756905 28.818052
99.000000 68.199484 44.372529 29.440193 20.035459 14.346446 10.813463 3.748234 -2.366401 -6.229335 65.332004 50.991126 35.690108 27.634703 13.776221 28.845918
99.050000 68.249081 44.409043 29.468399 20.058360 14.366095 10.831070 3.761681 -2.356691 -6.222112 65.380034 51.031291 35.721805 27.661896 13.795541 28.873791
99.100000 68.298691 44.445565 29.496612 20.081267 14.385749 10.848682 3.775131 -2.346977 -6.214887 65.428077 51.071465 35.753510 27.689096 13.814867 28.901671
99.150000 68.348313 44.482096 29.524832 20.104179 14.405409 10.866298 3.788586 -2.337261 -6.207660 65.476131 51.111649 35.785223 27.716303 13.834198 28.929558
99.200000 68.397946 44.518637 29.553059 20.127098 14.425073 10.883919 3.802044 -2.327542 -6.200430 65.524197 51.151843 35.816944 27.743517 13.853534 28.957452
99.250000 68.447592 44.555186 29.581294 20.150023 14.444743 10.901545 3.815506 -2.317819 -6.193197 65.572274 51.192047 35.848672 27.770737 13.872876 28.985353
99.300000 68.497249 44.591745 29.609536 20.172953 14.464418 10.919176 3.828972 -2.308094 -6.185962 65.620363 51.232261 35.880409 27.797965 13.892222 29.013261
99.350000 68.546919 44.628312 29.637785 20.195890 14.484099 10.936811 3.842442 -2.298366 -6.178725 65.668463 51.272485 35.912154 27.825199 13.911574 29.041176
99.400000 68.596600 44.664889 29.666041 20.218832 14.503784 10.954452 3.855916 -2.288634 -6.171486 65.716575 51.312718 35.943906 27.852441 13.930930 29.069099
99.450000 68.646294 44.701474 29.694304 20.241780 14.523475 10.972096 3.869393 -2.278900 -6.164244 65.764699 51.352962 35.975667 27.879689 13.950292 29.097028
99.500000 68.695999 44.738069 29.722574 20.264735 14.543171 10.989746 3.882874 -2.269163 -6.156999 65.812835 51.393215 36.007435 27.906944 13.969659 29.124964
99.550000 68.745717 44.774672 29.750852 20.287695 14.562872 11.007401 3.896359 -2.259423 -6.149752 65.860982 51.433478 36.039211 27.934206 13.989031 29.152908
99.600000 68.795446 44.811285 29.779137 20.310661 14.582578 11.025060 3.909848 -2.249679 -6.142503 65.909140 51.473751 36.070995 27.961475 14.008409 29.180859
99.650000 68.845187 44.847907 29.807428 20.333633 14.602290 11.042724 3.923341 -2.239933 -6.135251 65.957310 51.514034 36.102787 27.988751 14.027791 29.208816
99.700000 68.894940 44.884537 29.835727 20.356612 14.622007 11.060392 3.936838 -2.230184 -6.127997 66.005492 51.554326 36.134588 28.016034 14.047179 29.236781
99.750000 68.944705 44.921177 29.864033 20.379596 14.641729 11.078066 3.950338 -2.220432 -6.120740 66.053685 51.594628 36.166395 28.043324 14.066571 29.264753
99.800000 68.994482 44.957825 29.892346 20.402586 14.661456 11.095744 3.963842 -2.210677 -6.113481 66.101890 51.634940 36.198211 28.070621 14.085969 29.292732
99.850000 69.044271 44.994483 29.920667 20.425581 14.681188 11.113427 3.977350 -2.200919 -6.106220 66.150107 51.675262 36.230035 28.097924 14.105372 29.320717
99.900000 69.094072 45.031149 29.948994 20.448583 14.700926 11.131115 3.990862 -2.191158 -6.098956 66.198335 51.715594 36.261867 28.125235 14.124780 29.348710
99.950000 69.143885 45.067825 29.977328 20.471591 14.720669 11.148807 4.004377 -2.181394 -6.091690 66.246574 51.755935 36.293706 28.152552 14.144193 29.376710
100.000000 69.193710 45.104509 30.005670 20.494605 14.740417 11.166504 4.017897 -2.171627 -6.084421 66.294825 51.796287 36.325554 28.179876 14.163612 29.404717
100.050000 69.243546 45.141202 30.034019 20.517624 14.760170 11.184206 4.031420 -2.161857 -6.077150 66.343088 51.836648 36.357409 28.207207 14.183035 29.432731
100.100000 69.293395 45.177905 30.062375 20.540650 14.779928 11.201913 4.044947 -2.152084 -6.069877 66.391362 51.877019 36.389272 28.234545 14.202464 29.460752
100.150000 69.343255 45.214616 30.090738 20.563681 14.799692 11.219624 4.058478 -2.142308 -6.062601 66.439648 51.917399 36.421143 28.261890 14.221897 29.488780
100.200000 69.393127 45.251337 30.119108 20.586719 14.819460 11.237340 4.072012 -2.132529 -6.055323 66.487945 51.957790 36.453023 28.289242 14.241336 29.516816
100.250000 69.443012 45.288066 30.147485 20.609762 14.839234 11.255061 4.085551 -2.122747 -6.048042 66.536254 51.998190 36.484909 28.316601 14.260780 29.544858
100.300000 69.492908 45.324804 30.175869 20.632811 14.859014 11.272787 4.099093 -2.112963 -6.040759 66.584575 52.038600 36.516804 28.343966 14.280229 29.572907
100.350000 69.542816 45.361551 30.204260 20.655866 14.878798 11.290517 4.112639 -2.103175 -6.033473 66.632907 52.079020 36.548707 28.371339 14.299683 29.600963
100.400000 69.592735 45.398307 30.232659 20.678927 14.898587 11.308252 4.126189 -2.093384 -6.026186 66.681250 52.119449 36.580617 28.398718 14.319142 29.629026
100.450000 69.642667 45.435073 30.261064 20.701994 14.918382 11.325992 4.139742 -2.083591 -6.018895 66.729605 52.159889 36.612536 28.426104 14.338607 29.657097
100.500000 69.692611 45.471847 30.289477 20.725067 14.938182 11.343736 4.153299 -2.073794 -6.011603 66.777972 52.200338 36.644462 28.453497 14.358076 29.685174
100.550000 69.742566 45.508630 30.317897 20.748146 14.957987 11.361485 4.166861 -2.063995 -6.004308 66.826350 52.240797 36.676396 28.480897 14.377551 29.713258
100.600000 69.792533 45.545421 30.346323 20.771230 14.977797 11.379239 4.180426 -2.054192 -5.997010 66.874739 52.281265 36.708338 28.508303 14.397030 29.741349
100.650000 69.842513 45.582222 30.374757 20.794321 14.997612 11.396998 4.193994 -2.044387 -5.989710 66.923140 52.321743 36.740288 28.535717 14.416515 29.769448
100.700000 69.892504 45.619032 30.403198 20.817417 15.017433 11.414761 4.207567 -2.034578 -5.982408 66.971553 52.362232 36.772246 28.563137 14.436005 29.797553
100.750000 69.942506 45.655851 30.431646 20.840519 15.037258 11.432529 4.221143 -2.024767 -5.975103 67.019977 52.402729 36.804211 28.590564 14.455500 29.825665
100.800000 69.992521 45.692678 30.460101 20.863628 15.057089 11.450302 4.234723 -2.014953 -5.967796 67.068412 52.443237 36.836185 28.617999 14.475000 29.853784
100.850000 70.042548 45.729515 30.488563 20.886742 15.076925 11.468079 4.248307 -2.005136 -5.960487 67.116859 52.483754 36.868166 28.645439 14.494505 29.881911
100.900000 70.092586 45.766360 30.517033 20.909862 15.096766 11.485861 4.261894 -1.995315 -5.953175 67.165318 52.524281 36.900155 28.672887 14.514015 29.910044
100.950000 70.142636 45.803215 30.545509 20.932987 15.116613 11.503648 4.275486 -1.985492 -5.945861 67.213788 52.564818 36.932152 28.700342 14.533530 29.938184
