web/models/kne/12/Metzger_0.024890_0.289310_0.100000.dat
# %ECSV 0.9
# ---
# datatype:
# - {name: time, datatype: float64}
# - {name: sdss_u, datatype: float64}
# - {name: sdss_g, datatype: float64}
# - {name: sdss_r, datatype: float64}
# - {name: sdss_i, datatype: float64}
# - {name: sdss_z, datatype: float64}
# - {name: PS1_y, datatype: float64}
# - {name: ukirt_J, datatype: float64}
# - {name: ukirt_H, datatype: float64}
# - {name: ukirt_K, datatype: float64}
# - {name: johnson_U, datatype: float64}
# - {name: johnson_B, datatype: float64}
# - {name: johnson_V, datatype: float64}
# - {name: johnson_R, datatype: float64}
# - {name: johnson_I, datatype: float64}
# - {name: Clear, datatype: float64}
# meta: !!omap
# - comment: [vej = 0.2893103448275862, mej = 0.024889660212162802, Ye = 0.1, redshift = 0.0]
# schema: astropy-2.0
time sdss_u sdss_g sdss_r sdss_i sdss_z PS1_y ukirt_J ukirt_H ukirt_K johnson_U johnson_B johnson_V johnson_R johnson_I Clear
[from data line 2472]
123.700000 613.063311 447.503412 342.583751 275.711103 234.797686 209.144027 157.016619 110.427843 79.617286 593.223212 493.673296 386.648350 329.804592 230.671599 338.380200
123.750000 613.307601 447.684423 342.724587 275.826281 234.897137 209.233602 157.086076 110.479230 79.656642 593.459924 493.871966 386.806068 329.940528 230.769463 338.519424
123.800000 613.551886 447.865431 342.865419 275.941457 234.996587 209.323176 157.155531 110.530615 79.695997 593.696632 494.070632 386.963784 330.076462 230.867325 338.658646
123.850000 613.796167 448.046436 343.006250 276.056631 235.096035 209.412749 157.224986 110.582001 79.735351 593.933336 494.269294 387.121496 330.212393 230.965186 338.797865
123.900000 614.040444 448.227438 343.147078 276.171803 235.195482 209.502320 157.294440 110.633385 79.774705 594.170035 494.467953 387.279206 330.348322 231.063045 338.937081
123.950000 614.284716 448.408436 343.287903 276.286973 235.294927 209.591890 157.363892 110.684769 79.814059 594.406730 494.666608 387.436913 330.484248 231.160903 339.076296
124.000000 614.528983 448.589432 343.428726 276.402141 235.394370 209.681458 157.433344 110.736152 79.853412 594.643421 494.865260 387.594618 330.620172 231.258758 339.215507
124.050000 614.773247 448.770424 343.569547 276.517307 235.493812 209.771025 157.502794 110.787534 79.892765 594.880107 495.063908 387.752319 330.756094 231.356613 339.354717
124.100000 615.017505 448.951412 343.710365 276.632472 235.593252 209.860590 157.572244 110.838916 79.932117 595.116789 495.262552 387.910018 330.892014 231.454466 339.493924
124.150000 615.261759 449.132398 343.851181 276.747634 235.692691 209.950154 157.641692 110.890297 79.971469 595.353467 495.461193 388.067714 331.027931 231.552317 339.633128
124.200000 615.506009 449.313380 343.991994 276.862795 235.792128 210.039716 157.711140 110.941678 80.010820 595.590140 495.659830 388.225407 331.163846 231.650166 339.772330
124.250000 615.750254 449.494359 344.132805 276.977953 235.891563 210.129278 157.780586 110.993058 80.050171 595.826810 495.858464 388.383097 331.299758 231.748014 339.911530
124.300000 615.994495 449.675335 344.273613 277.093110 235.990996 210.218837 157.850032 111.044437 80.089522 596.063474 496.057094 388.540785 331.435668 231.845861 340.050728
124.350000 616.238731 449.856307 344.414419 277.208265 236.090428 210.308396 157.919476 111.095815 80.128872 596.300135 496.255721 388.698470 331.571576 231.943706 340.189923
124.400000 616.482963 450.037277 344.555223 277.323417 236.189859 210.397952 157.988919 111.147193 80.168222 596.536791 496.454344 388.856152 331.707481 232.041549 340.329115
124.450000 616.727190 450.218243 344.696024 277.438568 236.289287 210.487508 158.058362 111.198570 80.207571 596.773443 496.652964 389.013831 331.843385 232.139390 340.468305
124.500000 616.971413 450.399206 344.836823 277.553717 236.388715 210.577062 158.127803 111.249946 80.246920 597.010090 496.851580 389.171508 331.979285 232.237230 340.607493
124.550000 617.215632 450.580166 344.977619 277.668864 236.488140 210.666614 158.197243 111.301322 80.286268 597.246733 497.050192 389.329182 332.115184 232.335069 340.746678
124.600000 617.459846 450.761122 345.118413 277.784009 236.587564 210.756165 158.266682 111.352697 80.325616 597.483372 497.248801 389.486853 332.251080 232.432906 340.885861
124.650000 617.704055 450.942075 345.259204 277.899152 236.686986 210.845715 158.336121 111.404071 80.364963 597.720007 497.447406 389.644521 332.386974 232.530741 341.025042
124.700000 617.948260 451.123025 345.399993 278.014294 236.786407 210.935263 158.405558 111.455445 80.404310 597.956637 497.646008 389.802187 332.522865 232.628575 341.164220
124.750000 618.192461 451.303972 345.540780 278.129433 236.885826 211.024810 158.474994 111.506818 80.443657 598.193263 497.844606 389.959850 332.658754 232.726407 341.303396
124.800000 618.436657 451.484916 345.681564 278.244570 236.985244 211.114356 158.544429 111.558190 80.483003 598.429884 498.043200 390.117510 332.794641 232.824237 341.442569
124.850000 618.680849 451.665856 345.822346 278.359706 237.084659 211.203900 158.613863 111.609562 80.522349 598.666502 498.241792 390.275167 332.930526 232.922066 341.581740
124.900000 618.925036 451.846794 345.963125 278.474839 237.184074 211.293442 158.683296 111.660933 80.561694 598.903115 498.440379 390.432822 333.066408 233.019894 341.720909
124.950000 619.169219 452.027728 346.103902 278.589971 237.283486 211.382984 158.752728 111.712303 80.601039 599.139724 498.638963 390.590473 333.202288 233.117720 341.860075
125.000000 619.413398 452.208659 346.244676 278.705101 237.382897 211.472523 158.822159 111.763673 80.640383 599.376328 498.837543 390.748123 333.338165 233.215544 341.999239
125.050000 619.657572 452.389586 346.385448 278.820228 237.482307 211.562062 158.891589 111.815042 80.679727 599.612928 499.036120 390.905769 333.474041 233.313366 342.138401
125.100000 619.901741 452.570511 346.526218 278.935354 237.581715 211.651599 158.961018 111.866410 80.719071 599.849524 499.234694 391.063413 333.609913 233.411188 342.277560
125.150000 620.145906 452.751432 346.666985 279.050478 237.681121 211.741134 159.030446 111.917778 80.758414 600.086116 499.433263 391.221053 333.745784 233.509007 342.416716
125.200000 620.390067 452.932350 346.807750 279.165600 237.780525 211.830668 159.099873 111.969145 80.797757 600.322703 499.631830 391.378691 333.881652 233.606825 342.555871
125.250000 620.634223 453.113265 346.948513 279.280721 237.879928 211.920201 159.169299 112.020511 80.837099 600.559287 499.830392 391.536327 334.017518 233.704641 342.695023
125.300000 620.878375 453.294177 347.089273 279.395839 237.979330 212.009732 159.238724 112.071877 80.876441 600.795865 500.028952 391.693960 334.153382 233.802456 342.834172
125.350000 621.122523 453.475085 347.230030 279.510955 238.078729 212.099262 159.308148 112.123241 80.915782 601.032440 500.227507 391.851589 334.289243 233.900269 342.973319
125.400000 621.366666 453.655991 347.370785 279.626070 238.178128 212.188791 159.377571 112.174606 80.955123 601.269010 500.426059 392.009217 334.425102 233.998081 343.112464
125.450000 621.610804 453.836893 347.511538 279.741182 238.277524 212.278318 159.446992 112.225969 80.994463 601.505576 500.624608 392.166841 334.560959 234.095891 343.251607
125.500000 621.854939 454.017792 347.652289 279.856293 238.376919 212.367843 159.516413 112.277332 81.033803 601.742138 500.823153 392.324463 334.696813 234.193700 343.390747
125.550000 622.099069 454.198687 347.793037 279.971401 238.476313 212.457368 159.585833 112.328695 81.073143 601.978696 501.021695 392.482082 334.832666 234.291506 343.529885
125.600000 622.343194 454.379580 347.933782 280.086508 238.575704 212.546890 159.655252 112.380056 81.112482 602.215249 501.220233 392.639698 334.968515 234.389312 343.669020
125.650000 622.587315 454.560469 348.074525 280.201613 238.675094 212.636412 159.724670 112.431417 81.151821 602.451798 501.418767 392.797312 335.104363 234.487116 343.808153
125.700000 622.831432 454.741356 348.215266 280.316716 238.774483 212.725932 159.794086 112.482777 81.191159 602.688343 501.617298 392.954922 335.240208 234.584918 343.947283
125.750000 623.075544 454.922239 348.356004 280.431817 238.873870 212.815451 159.863502 112.534137 81.230497 602.924883 501.815826 393.112530 335.376051 234.682719 344.086412
125.800000 623.319652 455.103119 348.496740 280.546917 238.973255 212.904968 159.932917 112.585496 81.269835 603.161419 502.014350 393.270136 335.511891 234.780518 344.225538
125.850000 623.563755 455.283995 348.637474 280.662014 239.072639 212.994484 160.002330 112.636854 81.309172 603.397951 502.212870 393.427738 335.647730 234.878315 344.364661
125.900000 623.807854 455.464869 348.778205 280.777109 239.172021 213.083998 160.071743 112.688212 81.348508 603.634479 502.411387 393.585338 335.783566 234.976111 344.503782
125.950000 624.051949 455.645739 348.918934 280.892203 239.271402 213.173511 160.141155 112.739569 81.387844 603.871003 502.609901 393.742936 335.919399 235.073906 344.642901
126.000000 624.296039 455.826607 349.059661 281.007294 239.370781 213.263023 160.210565 112.790925 81.427180 604.107522 502.808410 393.900530 336.055231 235.171698 344.782017
126.050000 624.540125 456.007471 349.200385 281.122384 239.470158 213.352533 160.279975 112.842281 81.466515 604.344037 503.006917 394.058122 336.191060 235.269490 344.921132
126.100000 624.784207 456.188332 349.341106 281.237472 239.569534 213.442042 160.349384 112.893636 81.505850 604.580548 503.205420 394.215711 336.326887 235.367279 345.060243
126.150000 625.028284 456.369189 349.481826 281.352558 239.668909 213.531549 160.418791 112.944990 81.545184 604.817054 503.403919 394.373297 336.462711 235.465068 345.199353
126.200000 625.272357 456.550044 349.622542 281.467642 239.768281 213.621055 160.488198 112.996343 81.584518 605.053557 503.602415 394.530881 336.598533 235.562854 345.338460
126.250000 625.516425 456.730895 349.763257 281.582724 239.867652 213.710560 160.557603 113.047696 81.623852 605.290055 503.800908 394.688462 336.734353 235.660639 345.477564
126.300000 625.760489 456.911744 349.903969 281.697804 239.967022 213.800063 160.627008 113.099049 81.663185 605.526549 503.999397 394.846040 336.870171 235.758423 345.616667
126.350000 626.004549 457.092589 350.044679 281.812883 240.066390 213.889565 160.696411 113.150400 81.702518 605.763038 504.197882 395.003616 337.005986 235.856205 345.755767
126.400000 626.248604 457.273431 350.185386 281.927959 240.165756 213.979065 160.765814 113.201751 81.741850 605.999524 504.396364 395.161188 337.141799 235.953985 345.894864
126.450000 626.492655 457.454269 350.326091 282.043034 240.265121 214.068564 160.835216 113.253102 81.781182 606.236005 504.594842 395.318758 337.277610 236.051764 346.033959
126.500000 626.736701 457.635105 350.466794 282.158107 240.364484 214.158062 160.904616 113.304451 81.820513 606.472482 504.793317 395.476326 337.413419 236.149541 346.173052
126.550000 626.980743 457.815938 350.607494 282.273177 240.463845 214.247558 160.974016 113.355800 81.859844 606.708955 504.991789 395.633891 337.549225 236.247317 346.312143
126.600000 627.224781 457.996767 350.748192 282.388246 240.563205 214.337053 161.043414 113.407148 81.899175 606.945423 505.190257 395.791453 337.685029 236.345091 346.451231
126.650000 627.468815 458.177593 350.888887 282.503313 240.662564 214.426546 161.112812 113.458496 81.938505 607.181888 505.388721 395.949012 337.820830 236.442863 346.590317
126.700000 627.712844 458.358416 351.029580 282.618379 240.761920 214.516038 161.182208 113.509843 81.977834 607.418348 505.587182 396.106569 337.956630 236.540635 346.729400
126.750000 627.956869 458.539236 351.170271 282.733442 240.861276 214.605529 161.251604 113.561189 82.017164 607.654804 505.785640 396.264122 338.092427 236.638404 346.868482
126.800000 628.200889 458.720053 351.310959 282.848503 240.960629 214.695018 161.320998 113.612535 82.056492 607.891256 505.984094 396.421674 338.228222 236.736172 347.007561
126.850000 628.444905 458.900867 351.451645 282.963563 241.059981 214.784506 161.390392 113.663880 82.095821 608.127703 506.182545 396.579222 338.364014 236.833938 347.146637
126.900000 628.688917 459.081677 351.592329 283.078620 241.159332 214.873992 161.459784 113.715224 82.135149 608.364146 506.380992 396.736768 338.499804 236.931703 347.285711
126.950000 628.932924 459.262485 351.733010 283.193676 241.258681 214.963478 161.529175 113.766568 82.174476 608.600586 506.579436 396.894311 338.635592 237.029467 347.424783
127.000000 629.176927 459.443289 351.873689 283.308730 241.358028 215.052961 161.598566 113.817911 82.213803 608.837021 506.777876 397.051852 338.771378 237.127228 347.563853
127.050000 629.420926 459.624090 352.014366 283.423782 241.457374 215.142444 161.667955 113.869253 82.253130 609.073451 506.976313 397.209389 338.907162 237.224989 347.702920
127.100000 629.664920 459.804888 352.155040 283.538832 241.556718 215.231924 161.737344 113.920595 82.292456 609.309878 507.174746 397.366924 339.042943 237.322747 347.841984
127.150000 629.908911 459.985683 352.295711 283.653881 241.656061 215.321404 161.806731 113.971936 82.331782 609.546300 507.373176 397.524457 339.178722 237.420504 347.981047
127.200000 630.152896 460.166475 352.436381 283.768927 241.755402 215.410882 161.876118 114.023277 82.371107 609.782718 507.571602 397.681987 339.314498 237.518260 348.120107
127.250000 630.396878 460.347263 352.577048 283.883972 241.854741 215.500359 161.945503 114.074616 82.410432 610.019132 507.770025 397.839514 339.450273 237.616014 348.259165
127.300000 630.640855 460.528049 352.717713 283.999014 241.954079 215.589834 162.014888 114.125955 82.449756 610.255542 507.968444 397.997038 339.586045 237.713766 348.398221
127.350000 630.884827 460.708831 352.858375 284.114055 242.053415 215.679308 162.084271 114.177294 82.489081 610.491948 508.166860 398.154560 339.721815 237.811517 348.537274
127.400000 631.128796 460.889610 352.999035 284.229094 242.152750 215.768781 162.153653 114.228632 82.528404 610.728349 508.365273 398.312079 339.857582 237.909267 348.676325
127.450000 631.372760 461.070387 353.139693 284.344131 242.252083 215.858252 162.223035 114.279969 82.567727 610.964747 508.563682 398.469595 339.993347 238.007015 348.815373
127.500000 631.616720 461.251160 353.280348 284.459166 242.351415 215.947722 162.292415 114.331305 82.607050 611.201140 508.762087 398.627109 340.129110 238.104761 348.954419
127.550000 631.860675 461.431930 353.421001 284.574199 242.450745 216.037191 162.361795 114.382641 82.646372 611.437529 508.960490 398.784620 340.264871 238.202506 349.093463
127.600000 632.104626 461.612696 353.561651 284.689231 242.550073 216.126658 162.431173 114.433976 82.685694 611.673914 509.158888 398.942128 340.400630 238.300249 349.232505
127.650000 632.348573 461.793460 353.702300 284.804260 242.649400 216.216123 162.500551 114.485310 82.725016 611.910294 509.357284 399.099634 340.536386 238.397991 349.371544
127.700000 632.592516 461.974221 353.842945 284.919288 242.748725 216.305588 162.569927 114.536644 82.764337 612.146671 509.555675 399.257137 340.672140 238.495731 349.510581
127.750000 632.836454 462.154978 353.983589 285.034314 242.848049 216.395051 162.639303 114.587977 82.803657 612.383043 509.754064 399.414637 340.807892 238.593470 349.649615
127.800000 633.080388 462.335732 354.124230 285.149338 242.947371 216.484512 162.708677 114.639310 82.842978 612.619411 509.952449 399.572135 340.943641 238.691207 349.788648
127.850000 633.324318 462.516484 354.264869 285.264360 243.046692 216.573972 162.778050 114.690642 82.882297 612.855775 510.150830 399.729629 341.079389 238.788942 349.927678
127.900000 633.568243 462.697232 354.405505 285.379381 243.146011 216.663431 162.847423 114.741973 82.921617 613.092135 510.349208 399.887122 341.215134 238.886676 350.066705
127.950000 633.812164 462.877977 354.546140 285.494399 243.245329 216.752889 162.916794 114.793303 82.960936 613.328491 510.547583 400.044611 341.350876 238.984409 350.205731
128.000000 634.056081 463.058719 354.686771 285.609415 243.344645 216.842345 162.986165 114.844633 83.000254 613.564842 510.745954 400.202098 341.486617 239.082140 350.344754
128.050000 634.299993 463.239458 354.827401 285.724430 243.443959 216.931799 163.055534 114.895963 83.039572 613.801189 510.944322 400.359583 341.622355 239.179869 350.483775
128.100000 634.543901 463.420193 354.968028 285.839443 243.543272 217.021253 163.124903 114.947291 83.078890 614.037533 511.142686 400.517064 341.758091 239.277597 350.622793
128.150000 634.787805 463.600926 355.108653 285.954454 243.642583 217.110705 163.194270 114.998619 83.118207 614.273872 511.341047 400.674543 341.893825 239.375324 350.761809
128.200000 635.031705 463.781656 355.249275 286.069463 243.741893 217.200155 163.263637 115.049946 83.157524 614.510207 511.539405 400.832020 342.029556 239.473049 350.900823
