web/models/kne/12/mosfit_kn_0.330399_0.2180_3.6500.dat
# %ECSV 1.0
# ---
# datatype:
# - {name: time, datatype: float64}
# - {name: PS1_g, datatype: float64}
# - {name: PS1_i, datatype: float64}
# - {name: PS1_r, datatype: float64}
# - {name: PS1_w, datatype: float64}
# - {name: PS1_y, datatype: float64}
# - {name: PS1_z, datatype: float64}
# - {name: swift_uvot_B, datatype: float64}
# - {name: swift_uvot_U, datatype: float64}
# - {name: swift_uvot_uvm2, datatype: float64}
# - {name: swift_uvot_uvw1, datatype: float64}
# - {name: swift_uvot_uvw2, datatype: float64}
# - {name: swift_uvot_V, datatype: float64}
# - {name: johnson_B, datatype: float64}
# - {name: johnson_I, datatype: float64}
# - {name: johnson_R, datatype: float64}
# - {name: johnson_U, datatype: float64}
# - {name: johnson_V, datatype: float64}
# - {name: sdss_g, datatype: float64}
# - {name: sdss_i, datatype: float64}
# - {name: sdss_r, datatype: float64}
# - {name: sdss_u, datatype: float64}
# - {name: sdss_z, datatype: float64}
# - {name: ATLAS_c, datatype: float64}
# - {name: ATLAS_o, datatype: float64}
# - {name: ukirt_H, datatype: float64}
# - {name: ukirt_J, datatype: float64}
# - {name: ukirt_K, datatype: float64}
# - {name: Clear, datatype: float64}
# meta: !!omap
# - comment: [kappa = 3.65, type = rprocess, mass = 0.33039895931513485, velocity = 0.21800000000000003, theta_obs = 0.0, tfloor = 1000.0]
# schema: astropy-2.0
time PS1_g PS1_i PS1_r PS1_w PS1_y PS1_z swift_uvot_B swift_uvot_U swift_uvot_uvm2 swift_uvot_uvw1 swift_uvot_uvw2 swift_uvot_V johnson_B johnson_I johnson_R johnson_U johnson_V sdss_g sdss_i sdss_r sdss_u sdss_z ATLAS_c ATLAS_o ukirt_H ukirt_J ukirt_K Clear
[from data line 85]
5.170340681362725 -13.586231444554144 -15.70295762259077 -14.936652326691604 -14.921284080241204 -16.308841668044494 -16.09240765144401 -12.687084218245747 -11.774076807474323 -6.903484196942869 -9.78899065076968 -7.814969521269489 -14.264958454174732 -12.799289479447648 -16.33081236931763 -15.375725958684356 -11.896227465710123 -14.35484638694504 -13.383642446058293 -15.692216468598357 -14.92268413896964 -11.005285655572656 -16.15760747231546 -14.204704873091032 -15.324215810507944 -16.712758329116216 -16.633165521424935 -16.61103618636783 -15.21118227373277
5.2304609218436875 -13.599597214184378 -15.720304992241552 -14.952406547513242 -14.937574835690643 -16.32781785135185 -16.110741357420366 -12.6990383089787 -11.782830505090534 -6.905102544845117 -9.797527074052397 -7.8233903830623355 -14.279353199407804 -12.811514213198002 -16.34863715560271 -15.392027230391633 -11.905499193506738 -14.369450662944752 -13.39665511587775 -15.709520293499253 -14.93838193182091 -11.01429661087833 -16.176134022105728 -14.2193684280479 -15.340858601874832 -16.734055008405925 -16.653407581536506 -16.6330390061986 -15.228310693502802
5.290581162324649 -13.613268218383272 -15.737756526309443 -14.968345309081137 -14.954024459608952 -16.34681620777723 -16.129129538763376 -12.711368632757367 -11.792121933821456 -6.907620756759221 -9.806622281094857 -7.832379634019237 -14.294000807771312 -12.824101894077792 -16.366542107266817 -15.408485804729654 -11.915282390287356 -14.384297487655784 -13.409990832439131 -15.726930476267249 -14.954267022749654 -11.023832046386275 -16.1947054179425 -14.234272327621547 -15.357641557632196 -16.755257433118068 -16.67360828121698 -16.654912197042574 -15.24555628816394
5.350701402805611 -13.627263116900643 -15.755326788098483 -14.984484826264683 -14.970648388314345 -16.365849582724756 -16.147585724638986 -12.724095347858963 -11.801974563278979 -6.911069359131974 -9.816298364694127 -7.841958867542601 -14.308918945170632 -12.837072341833341 -16.384541278883457 -15.42511727263528 -11.925600009003016 -14.399404269371805 -13.4236686218226 -15.74446162589922 -14.970355699261972 -11.03391520827886 -16.213334973320013 -14.249433793620536 -15.374579899937988 -16.77637594089999 -16.693779100971522 -16.676665324801757 -15.26293353541929
5.410821643286573 -13.641564109348874 -15.773006171195671 -15.000812225231765 -14.987434647703424 -16.384911683849595 -16.16610232103783 -12.737197790395236 -11.812361160255325 -6.915406177443837 -9.826526199141359 -7.852098166108593 -14.324091987343312 -12.85040539518221 -16.40262603070361 -15.441909830799585 -11.93642589722548 -14.414755777000712 -13.437669959730218 -15.762104047172052 -14.986634984582512 -11.044519430012816 -16.232015475483657 -14.264837603644942 -15.391662512637403 -16.79740890625959 -16.713916297152185 -16.698298176317255 -15.2804320976818
5.4709418837675345 -13.656172416862606 -15.79079756643722 -15.017329739213494 -15.00438550430145 -16.40400604946926 -16.18468261609655 -12.750676628639372 -11.82328106698419 -6.920627320179807 -9.837303679097484 -7.8627948604902755 -14.339521641865531 -12.864101784762049 -16.420799438907363 -15.458865889871298 -11.94775962817894 -14.4303537702174 -13.451995921812774 -15.779860613412797 -15.003107100666284 -11.055644196637555 -16.250750278772248 -14.28048543593425 -15.408891934924895 -16.81836073870739 -16.734023885997704 -16.719815418839158 -15.298054510815042
5.531062124248497 -13.671091036770857 -15.808704969283394 -15.034040974074898 -15.021504519149467 -16.423137050120573 -16.203330837289993 -12.764534542682188 -11.834736176421625 -6.926732665225582 -9.848631373199428 -7.8740490118141295 -14.355211215447376 -12.878164210546682 -16.43906560472531 -15.475989144087691 -11.95960323752293 -14.446201574707958 -13.466649419310759 -15.797735309867083 -15.019775650842515 -11.067291498290857 -16.269543645256572 -14.296380531559745 -15.426271932955054 -16.839236295116994 -16.75410650585521 -16.741222050307766 -15.315804469185288
5.591182364729459 -13.686321033268438 -15.826731031367611 -15.050947955283451 -15.038793766037717 -16.442307956160995 -16.22205001543982 -12.778772067771744 -11.846725761953731 -6.9337184317806715 -9.860507294798069 -7.8858581485617165 -14.371162230058172 -12.892593271283136 -16.45742735728102 -15.493281791878008 -11.971956217015684 -14.462300764921421 -13.481631377888021 -15.815730771453662 -15.036642648821044 -11.079460741123857 -16.288398669926742 -14.312524396710788 -15.443804828694958 -16.86003968290297 -16.774167886032334 -16.762522426431655 -15.333684309746829
5.651302605210421 -13.701858784576544 -15.844875243735252 -15.068048936456488 -15.056251768880902 -16.461519504434925 -16.240840400065064 -12.793384509027021 -11.859242639435834 -6.941571668358704 -9.872923032183767 -7.898213375967934 -14.387371911219546 -12.907384443583506 -16.475884549281503 -15.510742473784351 -11.984811798155814 -14.478648702147508 -13.496937901740349 -15.833846455755669 -15.053706313794386 -11.092144969328768 -16.30731574159265 -14.328914356210536 -15.461489518335796 -16.880773373677865 -16.79420971181859 -16.783719540908898 -15.351693147505934
5.7114228456913825 -13.717700926107916 -15.863137206318534 -15.08534233868792 -15.07387721261285 -16.480772482525623 -16.25970231399462 -12.808367478596871 -11.872280049882402 -6.950280131269085 -9.885870702243817 -7.911106370019713 -14.40383769945906 -12.922533504561592 -16.494437125583314 -15.528369981063072 -11.998163617325439 -14.495242957363653 -13.51256536522678 -15.852081930811295 -15.0709650336686 -11.105337640214987 -16.32629531621511 -14.345547949844342 -15.479325037109106 -16.90143981053472 -16.81423367582031 -16.804816335305063 -15.36983023306199
5.771543086172344 -13.733849546694277 -15.881520064933614 -15.102830891774381 -15.091672841655601 -16.50007044502031 -16.278639154076284 -12.823722716785284 -11.88583889512822 -6.959842665794034 -9.899350241856109 -7.9245367045308726 -14.4205619935262 -12.938042231860688 -16.513088348806637 -15.546167153659837 -12.01201272297417 -14.512085960810877 -13.528515765187468 -15.870440331373157 -15.088421531589074 -11.119039747241164 -16.345340831973445 -14.36242755258716 -15.497314305928622 -16.922043095997395 -16.83424363333854 -16.825817073863153 -15.388098478529226
5.831663326653306 -13.750315246645037 -15.900032535231272 -15.120524072244006 -15.10964775305002 -16.51942131339366 -16.29765915848255 -12.839461517887518 -11.899931995345128 -6.970275309907524 -9.913373682555484 -7.938516141007334 -14.437554942794907 -12.953921757714241 -16.531846698859997 -15.56414317464893 -12.026371698989202 -14.529187738938914 -13.544799870785234 -15.88893039419009 -15.106085318984235 -11.133264011727793 -16.364460426060354 -14.379563093074896 -15.515466336705579 -16.94258998627015 -16.85424687194473 -16.846728153240807 -15.40650653073568
5.891783567134269 -13.767080534371985 -15.918664711759547 -15.138408943888546 -15.127789946098034 -16.53881826955722 -16.316754293710076 -12.855563718483218 -11.914533097075015 -6.981538104625254 -9.927913740366403 -7.9530169526593255 -14.454801041167553 -12.970152410824593 -16.55070317316283 -15.582286126200444 -12.041215285067992 -14.546533168413516 -13.561399518860373 -15.90754213117986 -15.123943357805274 -11.14798468621549 -16.383646425681526 -14.396939512688718 -15.533769855750474 -16.96307803825904 -16.874238961427626 -16.867548458243956 -15.425043947855812
5.95190380761523 -13.784148875841815 -15.937420489266483 -15.156489235020274 -15.14610311145315 -16.558265366054155 -16.335928552680095 -12.8720326521447 -11.929645197690295 -6.993633157215203 -9.942972710850757 -7.9680411781630625 -14.472303892915878 -12.986737528000528 -16.569661710449346 -15.60059976920763 -12.056546541136612 -14.564125857954407 -13.578318138662997 -15.926279432769963 -15.141999376530553 -11.163204813216208 -16.40290283713309 -14.414560373466134 -15.552228653525813 -16.98351150352234 -16.894224064251997 -16.888282297206644 -15.443714469902101
6.012024048096192 -13.801518386955873 -15.956300176836358 -15.174764381443104 -15.164586900828319 -16.57776379448082 -16.355182781074316 -12.888865673571399 -11.945263896114593 -7.006552034563163 -9.958545506938847 -7.9835834639817485 -14.490062203684825 -13.003674591359275 -16.58872287657947 -15.619083818794188 -12.072361357103222 -14.58196461347743 -13.595553652690544 -15.945142584366181 -15.160252785097814 -11.178920147910052 -16.422230606144232 -14.432424469685667 -15.570842627268373 -17.003892809388056 -16.914204047263315 -16.908932470327734 -15.462518175908908
6.072144288577154 -13.81918554495865 -15.975302952824126 -15.19323248432924 -15.183239712053034 -16.597313825765703 -16.374516820712515 -12.906058316197495 -11.96138256067199 -7.020283178312446 -9.974624870542463 -7.999636303008838 -14.508073168191384 -13.020959299592846 -16.60788616854311 -15.637736728607809 -12.088653457484224 -14.600046759018051 -13.613102299571462 -15.964130735042215 -15.178701650813995 -11.195124245450483 -16.441629700131006 -14.450529128140417 -15.589610457240948 -17.024223765090426 -16.934180021526153 -16.929501252268896 -15.48145400314974
6.132264529058116 -13.837152400810382 -15.99443163401741 -15.211896057475318 -15.202064097906067 -16.616918578149864 -16.393933672695358 -12.92361237269117 -11.97800237422447 -7.034826316769929 -9.991211485794782 -8.016200194689386 -14.526339053833947 -13.038593479916688 -16.627154489952957 -15.656561099874057 -12.105424129319939 -14.618374590034867 -13.63096606323408 -15.983246693457467 -15.197348480835462 -11.211818349919387 -16.461103152296808 -14.468876619961204 -15.608534805522893 -17.044507900940197 -16.95415533098977 -16.94999229616968 -15.500524638025652
6.192384769539078 -13.855416250778916 -16.0136858504897 -15.23075379975948 -15.221059022610692 -16.636578627380985 -16.413433541107434 -12.94152432200421 -11.995117944260265 -7.050171812105151 -10.008299482957419 -8.033269078007116 -14.544857774197173 -13.056573756490696 -16.64652774688933 -15.675555938478684 -12.122668287209788 -14.636946133540254 -13.649142033655277 -16.00249006435069 -15.21619194419447 -11.22899722858218 -16.48065127593714 -14.487464979553817 -15.627614874487357 -17.064747126612044 -16.97413127978818 -16.97040791565493 -15.51972951470935
6.25250501002004 -13.87397172819444 -16.03306342981835 -15.24980226258915 -15.240221431656824 -16.656293101065156 -16.43301504176737 -12.9597876724504 -12.012720214879131 -7.066304837421529 -10.025879372854547 -8.050833280332345 -14.5636247986102 -13.074893844794516 -16.666004147103568 -15.694718224584136 -12.140377293406168 -14.65575701999837 -13.667624561392469 -16.02185864050485 -15.235228549421791 -11.246652038573917 -16.500272838746426 -14.506289864697308 -15.64684791555445 -17.084942411926725 -16.994108001013384 -16.990749639677404 -15.539066235137273
6.312625250501002 -13.89282299102625 -16.052568454742087 -15.269045560941912 -15.259555389873203 -16.676066043796496 -16.452682235417182 -12.978406616925177 -12.030813443062502 -7.083229733260857 -10.043955131715325 -8.06889667953524 -14.58264427714995 -13.093557921675 -16.6855877611956 -15.714052051720603 -12.158555397926609 -14.67481138788237 -13.686417811638432 -16.04135650563519 -15.254462415190595 -11.264787039331754 -16.51997189470915 -14.525355390474388 -15.666238012794729 -17.10509773628036 -17.014089504264884 -17.011021426187508 -15.558538831175852
6.372745490981964 -13.911967681692339 -16.072200662117364 -15.288482594865371 -15.279060056332643 -16.69589804496665 -16.472435375810797 -12.997378060057738 -12.049392852063114 -7.100937939652268 -10.062521703104412 -8.087454100792634 -14.601914400213538 -13.11256302775789 -16.705278575346682 -15.733556601229097 -12.177198098156207 -14.694107533356016 -13.70551924139141 -16.060983373781212 -15.273892413395416 -11.283397593679858 -16.539748797209377 -14.544659871305203 -15.685784525460225 -17.125214897319815 -17.034077038394955 -17.031225439573024 -15.57814689259164
6.432865731462925 -13.931398706161442 -16.091956620287355 -15.308108467729848 -15.298731019430054 -16.715787169586918 -16.49227193784247 -13.016693611085756 -12.068447108129217 -7.119411548547226 -10.081567492671013 -8.106493823288709 -14.621429022712721 -13.131901018859743 -16.725073596375026 -15.753227477268787 -12.196294537431928 -14.71363950240981 -13.724921431949237 -16.08073577326472 -15.293513596068209 -11.302472606055769 -16.559601197854104 -14.564197402965 -15.705483371219486 -17.14529408995991 -17.054069830443712 -17.051362522538827 -15.597886774641072
6.492985971943887 -13.951122849917468 -16.11184203585374 -15.327929318870979 -15.31857425360247 -16.735738679309105 -16.512197359209484 -13.036360442035512 -12.087984252247317 -7.138660509389026 -10.101100461368286 -8.126023790133598 -14.641194656944869 -13.151578988342369 -16.744978399997496 -15.773070665527442 -12.21585261774938 -14.733413746839437 -13.744631264743141 -16.100619422561575 -15.313332119116474 -11.322020051305852 -16.57953448056844 -14.58397441032595 -15.725340441752227 -17.165339936661002 -17.074072793650057 -17.07143710225354 -15.617764216424739
6.55310621242485 -13.97112803232508 -16.131850109776025 -15.3479362351875 -15.338581571257102 -16.75574793826737 -16.532206150415654 -13.056364596851406 -12.107986081847724 -7.158657172051213 -10.121102216267275 -8.146025491267736 -14.661200583247311 -13.171583342872232 -16.764986821538727 -15.793077982342478 -12.235854822722711 -14.753419827522317 -13.764636190562776 -16.120627464815556 -15.333338993690084 -11.342022065595732 -16.599543412726003 -14.603980540559292 -15.745348007470508 -17.185350887041416 -17.09408297514722 -17.091448567805664 -15.6377721474127
6.613226452905812 -13.991420387481508 -16.15198604953555 -15.368134795133805 -15.358758422117713 -16.77581977416425 -16.552303289071304 -13.07671253895742 -12.128459805504583 -7.179410400756086 -10.141579989043148 -8.166506175301723 -14.681452697362396 -13.191920481840679 -16.785103957072735 -15.813254877791653 -12.256308240642195 -14.773663590705473 -13.784942425733302 -16.140765117656812 -15.353539811628103 -11.362485798335413 -16.619632926758605 -14.62422162396761 -15.765511438679578 -17.205331226707102 -17.114104906967995 -17.111401039685155 -15.657915820729293
6.673346693386773 -14.011997925626254 -16.172249660211246 -15.38852408485571 -15.379104148516163 -16.79595472896226 -16.572489026085186 -13.097401639281394 -12.149401350181304 -7.20091292427439 -10.162529710607977 -8.187461757437479 -14.701949469244344 -13.212587902077505 -16.805329828005544 -15.833600688586024 -12.277209030977058 -14.79414360352333 -13.805547821125685 -16.161032166479856 -15.373933632700574 -11.383407289837706 -16.639803361617744 -14.644696262375998 -15.785830227121558 -17.225282551302318 -17.134139705675278 -17.131296434748982 -15.678194962444607
6.733466933867735 -14.03285034830489 -16.192635223499448 -15.409096551671055 -15.399611847259447 -16.816148963986173 -16.59275878048467 -13.118419968824295 -12.170795102494036 -7.223140962468622 -10.183935747325421 -8.20887655332433 -14.722681774788981 -13.233573994699327 -16.825659267734398 -15.854108500261834 -12.298542173962154 -14.814850989045015 -13.826441671660774 -16.18142284276562 -15.394512837198722 -11.404771216747704 -16.660050360670198 -14.665395665008027 -15.806297853628255 -17.245203708710527 -17.154184997705624 -17.151134419702117 -15.698603646781955
