web/models/kne/12/mosfit_kn_0.177477_0.2807_0.5000.dat
# %ECSV 1.0
# ---
# datatype:
# - {name: time, datatype: float64}
# - {name: PS1_g, datatype: float64}
# - {name: PS1_i, datatype: float64}
# - {name: PS1_r, datatype: float64}
# - {name: PS1_w, datatype: float64}
# - {name: PS1_y, datatype: float64}
# - {name: PS1_z, datatype: float64}
# - {name: swift_uvot_B, datatype: float64}
# - {name: swift_uvot_U, datatype: float64}
# - {name: swift_uvot_uvm2, datatype: float64}
# - {name: swift_uvot_uvw1, datatype: float64}
# - {name: swift_uvot_uvw2, datatype: float64}
# - {name: swift_uvot_V, datatype: float64}
# - {name: johnson_B, datatype: float64}
# - {name: johnson_I, datatype: float64}
# - {name: johnson_R, datatype: float64}
# - {name: johnson_U, datatype: float64}
# - {name: johnson_V, datatype: float64}
# - {name: sdss_g, datatype: float64}
# - {name: sdss_i, datatype: float64}
# - {name: sdss_r, datatype: float64}
# - {name: sdss_u, datatype: float64}
# - {name: sdss_z, datatype: float64}
# - {name: ATLAS_c, datatype: float64}
# - {name: ATLAS_o, datatype: float64}
# - {name: ukirt_H, datatype: float64}
# - {name: ukirt_J, datatype: float64}
# - {name: ukirt_K, datatype: float64}
# - {name: Clear, datatype: float64}
# meta: !!omap
# - comment: [kappa = 0.5, type = rprocess, mass = 0.1774768329891343, velocity = 0.2806666666666667, theta_obs = 0.0, tfloor = 1000.0]
# schema: astropy-2.0
time PS1_g PS1_i PS1_r PS1_w PS1_y PS1_z swift_uvot_B swift_uvot_U swift_uvot_uvm2 swift_uvot_uvw1 swift_uvot_uvw2 swift_uvot_V johnson_B johnson_I johnson_R johnson_U johnson_V sdss_g sdss_i sdss_r sdss_u sdss_z ATLAS_c ATLAS_o ukirt_H ukirt_J ukirt_K Clear
[from data line 344]
20.741482965931862 5.541899043017864 -3.3399297701814135 0.13514100785643635 -1.8327828036475502 -6.863119818706682 -5.445443853859544 9.08180561958235 15.740749717477271 29.629345021506442 11.70633224955182 14.219348756031472 3.5014157358886484 7.877868302616161 -4.893443076603364 -1.9234103098783641 14.70974853822553 2.5463934007199134 6.354439144332318 -3.258673818068427 0.3636296673528605 16.241855247652097 -6.018871465881546 2.114217577599078 -2.3381949470107166 -11.81210719662216 -9.662617901132469 -13.172395877095349 -4.118676847408906
20.801603206412825 5.547683531029115 -3.33414528217018 0.14092549586766978 -1.8269983156363168 -6.857335330695431 -5.439659365848311 9.087590107593584 15.746534205488505 29.63512950951767 11.712116737563054 14.225133244042706 3.5072002238998996 7.883652790627394 -4.887658588592131 -1.9176258218671307 14.715533026236763 2.552177888731147 6.360223632343551 -3.252889330057176 0.36941415536409394 16.24763973566333 -6.0130869778702944 2.1200020656103113 -2.3324104589994654 -11.806322708610926 -9.656833413121236 -13.166611389084098 -4.112892359397655
20.861723446893787 5.553448174918696 -3.3283806382805814 0.1466901397572684 -1.8212336717467181 -6.851570686805832 -5.433894721958712 9.093354751483183 15.752298849378104 29.64089415340727 11.717881381452653 14.230897887932304 3.5129648677894982 7.889417434516993 -4.881893944702532 -1.911861177977532 14.721297670126361 2.5579425326207454 6.36598827623315 -3.247124686167595 0.3751787992536926 16.25340437955293 -6.007322333980696 2.12576670949991 -2.3266458151098846 -11.800558064721328 -9.651068769231637 -13.1608467451945 -4.1071277155080566
20.92184368737475 5.55919310324704 -3.3226357099522374 0.1524350680855946 -1.8154887434183742 -6.845825758477506 -5.428149793630368 9.099099679811527 15.758043777706447 29.646639081735607 11.723626309780997 14.236642816260648 3.5187097961178244 7.895162362845337 -4.876149016374188 -1.9061162496491881 14.727042598454688 2.5636874609490716 6.371733204561494 -3.241379757839251 0.3809237275820365 16.259149307881273 -6.00157740565237 2.131511637828254 -2.3209008867815406 -11.794813136393001 -9.64532384090331 -13.155101816866173 -4.10138278717973
20.98196392785571 5.564918472571474 -3.3169103406278033 0.15816043741002872 -1.8097633740939578 -6.840100389153072 -5.422424424305934 9.104825049135961 15.763769147030864 29.65236445106004 11.72935167910543 14.242368185585082 3.5244351654422585 7.900887732169771 -4.870423647049754 -1.900390880324754 14.732767967779122 2.5694128302735058 6.37745857388591 -3.235654388514817 0.38664909690647065 16.26487467720569 -5.9958520363279355 2.1372370071526703 -2.3151755174571065 -11.789087767068567 -9.639598471578877 -13.149376447541739 -4.095657417855296
21.04208416833667 5.570624414297871 -3.311204398901406 0.16386637913642588 -1.8040574323675607 -6.834394447426675 -5.416718482579537 9.110530990862358 15.769475088757261 29.65807039278644 11.735057620831828 14.24807412731148 3.5301411071686557 7.90659367389615 -4.864717705323357 -1.8946849385983746 14.738473909505519 2.575118771999903 6.383164515612307 -3.22994844678842 0.3923550386328678 16.270580618932087 -5.990146094601538 2.1429429488790674 -2.3094695757307093 -11.78338182534217 -9.63389252985248 -13.143670505815342 -4.089951476128899
21.102204408817634 5.576311038426134 -3.3055177747731435 0.16955300326468858 -1.7983708082392802 -6.828707823298412 -5.411031858451274 9.11621761499062 15.775161712885541 29.6637570169147 11.74074424496009 14.253760751439742 3.5358277312969184 7.912280298024431 -4.859031081195094 -1.8889983144700941 14.744160533633782 2.5808053961281656 6.388851139740588 -3.224261822660157 0.3980416627611305 16.276267243060367 -5.984459470473276 2.148629573007348 -2.3037829516024466 -11.777695201213907 -9.628205905724217 -13.137983881687079 -4.084264852000636
21.162324649298597 5.581978488910178 -3.2998503242890997 0.17522045374875006 -1.7927033577552365 -6.8230403728143685 -5.40536440796723 9.121885065474665 15.780829163369585 29.669424467398752 11.746411695444134 14.259428201923786 3.541495181780962 7.917947748508475 -4.85336363071105 -1.8833308639860504 14.749827984117843 2.586472846612227 6.3945185902246315 -3.2185943721761134 0.4037091132451742 16.28193469354441 -5.978792019989232 2.1542970234913916 -2.298115501118403 -11.772027750729846 -9.622538455240155 -13.132316431203035 -4.078597401516593
21.22244488977956 5.58762733781494 -3.294201475384355 0.18086930265349466 -1.7870545088504919 -6.817391523909606 -5.399715559062486 9.127533914379427 15.78647801227433 29.675073316303507 11.752060544348897 14.265077050828548 3.5471440306857245 7.923596597413219 -4.847714781806288 -1.8776820150813058 14.755476833022588 2.5921216955169717 6.400167439129376 -3.212945523271351 0.4093579621499366 16.287583542449156 -5.97314317108447 2.1599458723961362 -2.2924666522136405 -11.766378901825101 -9.61688960633541 -13.126667582298273 -4.07294855261183
21.28256513026052 5.593256736189538 -3.2885720770097393 0.18649870102809274 -1.781425110475876 -6.811762125535008 -5.39408616068787 9.133163312754025 15.792107410648946 29.680702714678105 11.757689942723495 14.270706449203146 3.5527734290603226 7.929225995787835 -4.84208538343169 -1.87205261670669 14.761106231397186 2.5977510938915698 6.405796837503974 -3.207316124896753 0.41498736052453467 16.29321294082377 -5.9675137727098715 2.1655752707707343 -2.2868372538390425 -11.760749503450503 -9.611260207960813 -13.121038183923675 -4.067319154237232
21.34268537074148 5.598867361023423 -3.282961452175872 0.1921093258619777 -1.7758144856420088 -6.806151500701123 -5.388475535854003 9.138773937587892 15.797718035482813 29.68631333951198 11.763300567557362 14.276317074037014 3.5583840538942075 7.934836620621702 -4.836474758597823 -1.8664419918728228 14.76671685623107 2.6033617187254547 6.411407462337859 -3.201705500062868 0.42059798535840187 16.29882356565764 -5.9619031478759865 2.1711858956046193 -2.2812266290051575 -11.755138878616618 -9.605649583126928 -13.11542755908979 -4.061708529403347
21.402805611222444 5.604459343361317 -3.2773694698379607 0.1977013081998713 -1.7702225033040975 -6.8005595183632295 -5.382883553516091 9.144365919925804 15.803310017820724 29.69190532184989 11.768892549895273 14.281909056374925 3.563976036232101 7.940428602959614 -4.830882776259911 -1.8608500095349114 14.772308838568964 2.608953701063366 6.4169994446757705 -3.1961135177249744 0.42618996769631323 16.30441554799555 -5.956311165538093 2.1767778779425306 -2.275634646667264 -11.749546896278725 -9.600057600789034 -13.109835576751896 -4.056116547065454
21.462925851703407 5.610032785522083 -3.271796027677194 0.20327475036063802 -1.7646490611433485 -6.794986076202463 -5.3773101113553246 9.14993936208657 15.808883459981473 29.69747876401065 11.77446599205604 14.287482498535692 3.569549478392868 7.946002045120363 -4.825309334099145 -1.8552765673741625 14.777882280729731 2.614527143224115 6.4225728868365195 -3.1905400755642077 0.43176340985707995 16.3099889901563 -5.950737723377326 2.1823513201032796 -2.270061204506497 -11.743973454117958 -9.594484158628267 -13.10426213459113 -4.050543104904687
21.52304609218437 5.615587810648286 -3.2662410025509914 0.20882977548684067 -1.759094036017128 -6.78943105107626 -5.371755086229122 9.155494387212773 15.814438485107694 29.703033789136864 11.780021017182243 14.293037523661894 3.5751045035190705 7.951557070246583 -4.819754308972942 -1.849721542247942 14.783437305855934 2.6200821683503177 6.42812791196274 -3.184985050438005 0.4373184349832826 16.31554401528252 -5.9451826982511236 2.1879063452295 -2.2645061793802945 -11.738418428991755 -9.588929133502065 -13.098707109464927 -4.044988079778484
21.58316633266533 5.621124552990153 -3.260704260209124 0.21436651782872573 -1.7535572936752608 -6.783894308734393 -5.366218343887255 9.16103112955464 15.81997522744956 29.70857053147873 11.78555775952411 14.298574266003762 3.580641245860938 7.95709381258845 -4.814217566631075 -1.8441847999060748 14.788974048197801 2.6256189106922028 6.433664654304607 -3.1794483080961378 0.4428551773251499 16.321080757624387 -5.939645955909256 2.1934430875713673 -2.2589694370384272 -11.73288168664987 -9.583392391160197 -13.09317036712306 -4.039451337436617
21.64328657314629 5.626643117099306 -3.255185696099989 0.2198850819378606 -1.748038729566126 -6.77837574462524 -5.36069977977812 9.166549693663775 15.825493791558696 29.714089095587862 11.791076323633245 14.304092830112896 3.5861598099700904 7.962612376697585 -4.80869900252194 -1.8386662357969399 14.794492612306954 2.6311374748013376 6.439183218413742 -3.173929743986985 0.44837374143428477 16.32659932173352 -5.934127391800104 2.198961651680502 -2.2534508729292746 -11.727363122540735 -9.577873827051045 -13.087651803013907 -4.033932773327464
21.703406813627254 5.63214362268134 -3.249685190517937 0.2253855875199129 -1.7425382239840737 -6.772875239043188 -5.3551992741960674 9.172050199245827 15.830994297140748 29.71958960116992 11.796576829215297 14.309593335694949 3.591660315552125 7.968112882279637 -4.8031984969398875 -1.8331657302148876 14.799993117889006 2.63663798038339 6.444683723995794 -3.1684292384049506 0.45387424701633705 16.332099827315574 -5.928626886218069 2.2044621572625545 -2.24795036734724 -11.721862616958683 -9.572373321468993 -13.082151297431873 -4.02843226774543
21.763527054108216 5.637626206720796 -3.244202606478499 0.2308681715593508 -1.7370556399446357 -6.76739265500375 -5.3497166901566295 9.177532783285265 15.836476881180186 29.725072185209363 11.802059413254753 14.315075919734404 3.5971428995915806 7.973595466319075 -4.797715912900432 -1.8276831461754497 14.805475701928444 2.642120564422828 6.450166308035232 -3.162946654365495 0.4593568310557927 16.33758241135501 -5.923144302178613 2.2099447413019924 -2.2424677833077844 -11.716380032919245 -9.566890737429555 -13.076668713392417 -4.022949683705974
21.82364729458918 5.6430909821731845 -3.2387378310261106 0.23633294701173924 -1.7315908644922473 -6.7619278795513615 -5.344251914704241 9.182997558737672 15.841941656632574 29.730536960661752 11.807524188707141 14.320540695186793 3.602607675043969 7.979060241771464 -4.792251137448043 -1.8222183707230613 14.810940477380832 2.6475853398752163 6.455631083487621 -3.1574818789131065 0.46482160650818116 16.3430471868074 -5.917679526726225 2.215409516754381 -2.237003007855396 -11.710915257466857 -9.561425961977166 -13.071203937940028 -4.017484908253586
21.883767535070138 5.64853804648159 -3.2332907667177047 0.24178001132014515 -1.7261438001838414 -6.756480815242956 -5.338804850395835 9.18844462304606 15.84738872094098 29.735984024970147 11.81297125301553 14.325987759495181 3.608054739352375 7.98450730607987 -4.786804073139655 -1.8167713064146553 14.816387541689238 2.653032404183622 6.461078147796027 -3.1520348146047006 0.4702686708165693 16.348494251115806 -5.912232462417819 2.2208565810627867 -2.23155594354699 -11.70546819315845 -9.55597889766876 -13.065756873631623 -4.01203784394518
21.9438877755511 5.653967529677217 -3.22786128352206 0.24720949451578988 -1.7207143169881967 -6.751051332047311 -5.3333753672001905 9.193874106241704 15.852818204136625 29.741413508165795 11.818400736211174 14.331417242690826 3.6134842225480197 7.989936789275514 -4.7813745899440105 -1.8113418232190106 14.821817024884883 2.658461887379267 6.466507630991671 -3.1466053314090736 0.47569815401221405 16.35392373431145 -5.906802979222192 2.2262860642584315 -2.226126460351363 -11.700038709962806 -9.550549414473116 -13.060327390435996 -4.006608360749535
22.004008016032063 5.659379543938474 -3.222449269260803 0.2526215087770467 -1.7153023027269398 -6.745639317786054 -5.327963352938934 9.199286120502961 15.858230218397882 29.74682552242705 11.823812750472431 14.336829256952083 3.6188962368092765 7.995348803536771 -4.775962575682754 -1.8059298089577538 14.82722903914614 2.6638739016405237 6.471919645252928 -3.141193317147817 0.48111016827347086 16.359335748572708 -5.9013909649609175 2.2316980785196883 -2.2207144460901063 -11.69462669570155 -9.545137400211859 -13.054915376174721 -4.001196346488278
22.064128256513026 5.664774195534132 -3.2170546176651627 0.25801616037268715 -1.7099076511312994 -6.740244666190414 -5.322568701343293 9.204680772098602 15.863624869993522 29.7522201740227 11.82920740206809 14.342223908547723 3.624290888404917 8.000743455132412 -4.770567924087113 -1.8005351573621133 14.83262369074178 2.669268553236164 6.477314296848569 -3.1357986655521586 0.4865048198691291 16.364730400168348 -5.895996313365277 2.2370927301153287 -2.215319794494448 -11.689232044105909 -9.539742748616218 -13.04952072457908 -3.995801694892638
22.12424849699399 5.670151603746376 -3.211677209452901 0.2633935685849309 -1.7045302429190379 -6.73486725797817 -5.317191293131032 9.210058180310863 15.869002278205784 29.757597582234943 11.834584810280333 14.347601316759985 3.6296682966171607 8.006120863344673 -4.765190515874852 -1.7951577491498518 14.838001098954024 2.674645961448408 6.482691705060812 -3.130421257339915 0.49188222808137283 16.37010780838061 -5.890618905153033 2.2424701383275725 -2.2099423862822043 -11.683854635893665 -9.534365340403975 -13.044143316366837 -3.990424286680394
22.184368737474948 5.675511892665597 -3.2063169205336983 0.2687538575041515 -1.699169953999835 -6.729506969058949 -5.311831004211829 9.215418469230084 15.874362567124987 29.762957871154164 11.839945099199554 14.352961605679205 3.6350285855363813 8.011481152263876 -4.759830226955631 -1.789797460230649 14.843361387873244 2.6800062503676285 6.488051993980033 -3.1250609684206943 0.4972425170005934 16.375468097299812 -5.885258616233813 2.247830427246793 -2.2045820973629837 -11.678494346974444 -9.529005051484754 -13.038783027447616 -3.9850639977611735
22.24448897795591 5.680855155462723 -3.200973657736572 0.27409712030127764 -1.693826691202709 -6.724163706261823 -5.306487741414703 9.220761732027192 15.879705829922113 29.76830113395129 11.84528836199668 14.358304868476331 3.6403718483335075 8.016824415061002 -4.754486964158505 -1.7844541974335228 14.84870465067037 2.6853495131647547 6.493395256777159 -3.119717705623568 0.5025857797977196 16.38081136009694 -5.879915353436687 2.253173690043919 -2.1992388345658576 -11.673151084177318 -9.523661788687628 -13.03343976465049 -3.9797207349640473
22.304609218436873 5.686181499093124 -3.1956473141061537 0.27942346393169615 -1.6885003475722904 -6.718837362631405 -5.301161397784284 9.22608807565761 15.885032173552531 29.7736274775817 11.85061470562708 14.363631212106732 3.645698191963926 8.02215075869142 -4.749160620528104 -1.7791278538031043 14.854030994300789 2.690675856795173 6.498721600407578 -3.1143913619931496 0.5079121234281203 16.386137703727357 -5.874589009806268 2.2585000336743377 -2.193912490935457 -11.6678247405469 -9.51833544505721 -13.028113421020072 -3.974394391333629
22.364729458917836 5.691491043989956 -3.1903377692093216 0.2847330088285105 -1.6831908026754583 -6.71352781773459 -5.295851852887452 9.231397620554443 15.890341718449363 29.778937022478534 11.855924250523913 14.368940757003564 3.6510077368607403 8.027460303588253 -4.743851075631272 -1.7738183089062722 14.859340539197603 2.6959854016919875 6.50403114530441 -3.1090818170963352 0.5132216683249524 16.39144724862419 -5.869279464909454 2.26380957857117 -2.1886029460386247 -11.662515195650085 -9.513025900160395 -13.022803876123257 -3.9690848464368145
22.4248496993988 5.696783888898391 -3.185044924300886 0.290025853736946 -1.6778979577670228 -6.708234972826155 -5.290559007979017 9.236690465462878 15.895634563357799 29.78422986738696 11.861217095432348 14.374233601912 3.656300581769176 8.032753148496688 -4.738558230722837 -1.7685254639978367 14.864633384106039 2.701278246600423 6.5093239902128275 -3.1037889721878997 0.5185145132333879 16.396740093532625 -5.863986620001018 2.2691024234796053 -2.183310101130189 -11.65722235074165 -9.50773305525196 -13.017511031214822 -3.963792001528379
