web/models/kne/12/mosfit_kn_0.051209_0.1240_0.5000.dat
# %ECSV 1.0
# ---
# datatype:
# - {name: time, datatype: float64}
# - {name: PS1_g, datatype: float64}
# - {name: PS1_i, datatype: float64}
# - {name: PS1_r, datatype: float64}
# - {name: PS1_w, datatype: float64}
# - {name: PS1_y, datatype: float64}
# - {name: PS1_z, datatype: float64}
# - {name: swift_uvot_B, datatype: float64}
# - {name: swift_uvot_U, datatype: float64}
# - {name: swift_uvot_uvm2, datatype: float64}
# - {name: swift_uvot_uvw1, datatype: float64}
# - {name: swift_uvot_uvw2, datatype: float64}
# - {name: swift_uvot_V, datatype: float64}
# - {name: johnson_B, datatype: float64}
# - {name: johnson_I, datatype: float64}
# - {name: johnson_R, datatype: float64}
# - {name: johnson_U, datatype: float64}
# - {name: johnson_V, datatype: float64}
# - {name: sdss_g, datatype: float64}
# - {name: sdss_i, datatype: float64}
# - {name: sdss_r, datatype: float64}
# - {name: sdss_u, datatype: float64}
# - {name: sdss_z, datatype: float64}
# - {name: ATLAS_c, datatype: float64}
# - {name: ATLAS_o, datatype: float64}
# - {name: ukirt_H, datatype: float64}
# - {name: ukirt_J, datatype: float64}
# - {name: ukirt_K, datatype: float64}
# - {name: Clear, datatype: float64}
# meta: !!omap
# - comment: [kappa = 0.5, type = rprocess, mass = 0.051209162050732976, velocity = 0.12399999999999999, theta_obs = 0.0, tfloor = 1000.0]
# schema: astropy-2.0
time PS1_g PS1_i PS1_r PS1_w PS1_y PS1_z swift_uvot_B swift_uvot_U swift_uvot_uvm2 swift_uvot_uvw1 swift_uvot_uvw2 swift_uvot_V johnson_B johnson_I johnson_R johnson_U johnson_V sdss_g sdss_i sdss_r sdss_u sdss_z ATLAS_c ATLAS_o ukirt_H ukirt_J ukirt_K Clear
[from data line 432]
26.03206412825651 7.272599110485274 -1.6092297027140212 1.8658410753238286 -0.10208273618015795 -5.132419751239272 -3.7147437863921517 10.812505687049743 17.471449784944664 31.360045088973838 13.43703231701923 15.950048823498864 5.232115803356058 9.608568370083553 -3.162743009135972 -0.1927102424109719 16.44044860569292 4.277093468187306 8.08513921179971 -1.5279737506010171 2.0943297348202705 17.97255531511949 -4.288171398414136 3.84491764506647 -0.6074948795433066 -10.081407129154767 -7.931917833665077 -11.441695809627939 -2.3879767799414964
26.092184368737474 7.276561240419053 -1.6052675727802246 1.8698032052576075 -0.09812060624637908 -5.128457621305493 -3.710781656458355 10.81646781698354 17.475411914878443 31.36400721890762 13.44099444695301 15.954010953432661 5.236077933289837 9.61253050001735 -3.158780879202175 -0.18874811247717527 16.4444107356267 4.2810555981210845 8.089101341733489 -1.5240116206672383 2.0982918647540494 17.97651744505327 -4.284209268480357 3.848879775000249 -0.6035327496095277 -10.077444999220988 -7.927955703731298 -11.43773367969416 -2.3840146500077175
26.152304609218437 7.280514330259535 -1.6013144829397596 1.8737562950980902 -0.09416751640589638 -5.124504531465011 -3.70682856661789 10.820420906824005 17.479365004718925 31.367960308748092 13.444947536793475 15.957964043273126 5.24003102313032 9.616483589857815 -3.1548277893617103 -0.18479502263671033 16.448363825467183 4.285008687961567 8.093054431573972 -1.5200585308267556 2.1022449545945143 17.98047053489375 -4.280256178639874 3.8528328648407317 -0.599579659769045 -10.073491909380506 -7.924002613890815 -11.433780589853678 -2.380061560167235
26.2124248496994 7.284458422576066 -1.5973703906232117 1.8777003874146203 -0.09022342408936623 -5.1205604391484805 -3.7028844743013423 10.824364999140553 17.483309097035455 31.37190440106463 13.448891629110022 15.961908135589674 5.24397511544685 9.620427682174345 -3.1508836970451624 -0.18085093032018018 16.452307917783713 4.288952780278097 8.096998523890502 -1.5161144385102254 2.1061890469110622 17.98441462721028 -4.276312086323344 3.856776957157262 -0.5956355674525149 -10.069547817063976 -7.920058521574285 -11.429836497537147 -2.3761174678507047
26.27254509018036 7.288393562939479 -1.5934352502597982 1.881635527778034 -0.08628828372593489 -5.116625298785067 -3.6989493339379287 10.828300139503966 17.487244237398887 31.375839541428054 13.452826769473436 15.965843275953087 5.247910255810264 9.624362822537776 -3.1469485566817488 -0.17691578995674884 16.456243058147127 4.292887920641511 8.100933664253933 -1.5121792981468118 2.110124187274476 17.988349767573713 -4.27237694595993 3.860712097520693 -0.5917004270891013 -10.065612676700562 -7.916123381210872 -11.425901357173734 -2.372182327487291
26.33266533066132 7.292319796160953 -1.5895090170383241 1.885561760999508 -0.08236205050446088 -5.112699065563593 -3.6950231007164547 10.83222637272544 17.49117047062036 31.37976577464953 13.45675300269491 15.969769509174562 5.251836489031738 9.62828905575925 -3.1430223234602748 -0.17298955673527483 16.4601692913686 4.296814153862985 8.104859897475407 -1.5082530649253378 2.11405042049595 17.992276000795187 -4.268450712738456 3.8646383307421672 -0.5877741938676273 -10.061686443479088 -7.9121971479893975 -11.42197512395226 -2.368256094265817
26.392785571142284 7.2962371634381995 -1.5855916497610956 1.8894791282767542 -0.0784446832272323 -5.1087816982863465 -3.691105733439226 10.836143740002669 17.49508783789759 31.38368314192677 13.460670369972156 15.973686876451808 5.255753856308984 9.632206423036479 -3.139104956183046 -0.16907218945804625 16.464086658645847 4.300731521140231 8.108777264752636 -1.5043356976480915 2.117967787773196 17.996193368072415 -4.26453334546121 3.868555698019396 -0.583856826590381 -10.057769076201842 -7.908279780712151 -11.418057756675013 -2.3643387269885707
26.452905811623246 7.300145706298338 -1.5816831069009574 1.8933876711368924 -0.0745361403670941 -5.104873155426208 -3.687197190579088 10.840052282862807 17.498996380757728 31.387591684786894 13.464578912832277 15.977595419311928 5.259662399169122 9.636114965896617 -3.135196413322908 -0.16516364659790805 16.467995201505985 4.3046400640003695 8.112685807612774 -1.5004271547879533 2.1218763306333166 18.000101910932553 -4.260624802601072 3.872464240879534 -0.5799482837302605 -10.053860533341703 -7.904371237852013 -11.414149213814875 -2.3604301841284325
26.51302605210421 7.304045468213687 -1.5777833449855905 1.8972874330522416 -0.07063637845172721 -5.100973393510859 -3.683297428663721 10.843952044778174 17.502896142673094 31.39149144670225 13.468478674747644 15.981495181227295 5.263562161084471 9.640014727811984 -3.131296651407541 -0.16126388468254116 16.471894963421335 4.308539825915719 8.116585569528123 -1.4965273928726042 2.1257760925486835 18.004001672847902 -4.256725040685723 3.876364002794883 -0.5760485218148936 -10.049960771426354 -7.900471475936664 -11.410249451899526 -2.3565304222130834
26.573146292585168 7.307936492103089 -1.5738923210961886 1.9011784569416434 -0.06674535456232533 -5.097082369621457 -3.679406404774319 10.847843068667576 17.506787166562496 31.39538247059166 13.472369698637046 15.985386205116697 5.267453184973873 9.643905751701386 -3.127405627518139 -0.15737286079313928 16.475785987310736 4.3124308498051205 8.120476593417525 -1.4926363689832023 2.1296671164380854 18.007892696737304 -4.252834016796321 3.880255026684285 -0.5721574979254918 -10.046069747536952 -7.896580452047262 -11.406358428010124 -2.3526393983236815
26.63326653306613 7.311818819922973 -1.5700099932763045 1.9050607847615275 -0.06286302674245903 -5.093200041801573 -3.675524076954435 10.85172539648746 17.510669494382363 31.39926479841154 13.47625202645693 15.989268532936581 5.271335512793757 9.64778807952127 -3.123523299698255 -0.1534905329732552 16.47966831513062 4.3163131776250045 8.124358921237409 -1.4887540411633182 2.1335494442579694 18.01177502455719 -4.248951688976437 3.884137354504169 -0.5682751701056077 -10.042187419717068 -7.892698124227378 -11.40247610019024 -2.3487570705037975
26.693386773547093 7.315692491369248 -1.5661363218300473 1.9089344562078026 -0.05898935529618399 -5.089326370355298 -3.671650405508178 10.855599067933717 17.514543165828638 31.40313846985781 13.480125697903205 15.993142204382838 5.275209184240032 9.651661750967527 -3.119649628251998 -0.14961686152699794 16.483541986576896 4.32018684907128 8.128232592683684 -1.4848803697170432 2.1374231157042445 18.015648696003463 -4.245078017530162 3.888011025950444 -0.5644014986593326 -10.038313748270793 -7.888824452781103 -11.398602428743965 -2.3448833990575224
26.753507014028056 7.319557547021187 -1.5622712661780902 1.9127995118597596 -0.05512429964422694 -5.085461314703341 -3.6677853498562207 10.859464123585674 17.518408221480595 31.40700352550976 13.483990753555144 15.997007260034795 5.279074239891989 9.655526806619484 -3.115784572600041 -0.14575180587504089 16.487407042228853 4.324051904723237 8.132097648335641 -1.481015314065104 2.1412881713561838 18.01951375165542 -4.241212961878222 3.891876081602401 -0.5605364430073934 -10.034448692618836 -7.884959397129146 -11.394737373092026 -2.3410183434055654
26.81362725450902 7.323414030130753 -1.5584147830685424 1.9166559949693074 -0.051267816534679156 -5.081604831593793 -3.663928866746673 10.863320606695222 17.522264704590143 31.41086000861932 13.48784723666471 16.000863743144343 5.282930723001537 9.659383289729032 -3.111928089490493 -0.1418953227654931 16.4912635253384 4.327908387832784 8.135954131445189 -1.4771588309555383 2.1451446544657493 18.02337023476497 -4.237356478768657 3.895732564711949 -0.5566799598978278 -10.030592209509289 -7.881102914019598 -11.39088088998246 -2.3371618602960176
26.873747494989978 7.327261980731166 -1.5545668324681117 1.9205039455697381 -0.047419865934248406 -5.077756880993363 -3.660080916146242 10.867168557295653 17.526112655190573 31.414707959219744 13.491695187265123 16.004711693744774 5.286778673601968 9.663231240329463 -3.1080801388900623 -0.13804737216506235 16.49511147593883 4.331756338433215 8.13980208204562 -1.4733108803551076 2.1489926050661623 18.0272181853654 -4.233508528168226 3.8995805153123797 -0.5528320092974148 -10.026744258908858 -7.877254963419167 -11.38703293938203 -2.333313909695587
26.93386773547094 7.331101437942689 -1.5507273752565887 1.9243434027812611 -0.043580408722725394 -5.07391742378184 -3.656241458934719 10.871008014507176 17.529952112402096 31.418547416431263 13.495534644476646 16.008551150956297 5.290618130813491 9.667070697540986 -3.1042406816785393 -0.13420791495353934 16.498950933150354 4.335595795644738 8.143641539257143 -1.4694714231436024 2.1528320622776853 18.031057642576922 -4.229669070956721 3.9034199725239027 -0.5489925520858918 -10.022904801697335 -7.873415506207644 -11.383193482170524 -2.329474452484064
26.993987975951903 7.334932441566231 -1.5468963716330641 1.9281744064047857 -0.039749405099200885 -5.070086420158315 -3.6524104553111947 10.8748390181307 17.53378311602562 31.4223784200548 13.499365648100188 16.01238215457982 5.2944491344370155 9.67090170116451 -3.1004096780550148 -0.13037691133001483 16.50278193677388 4.339426799268263 8.147472542880667 -1.46564041952006 2.1566630659012276 18.034888646200447 -4.225838067333179 3.9072509761474272 -0.5451615484623495 -10.01907379807381 -7.86958450258412 -11.379362478546982 -2.3256434488605393
27.054108216432866 7.338755032677788 -1.543073780521489 1.931996997516361 -0.03592681398762565 -5.06626382904674 -3.6485878641996194 10.878661609242275 17.537605707137196 31.426201011166366 13.503188239211745 16.016204745691397 5.298271725548591 9.674724292276085 -3.0965870869434395 -0.1265543202184396 16.506604527885454 4.343249390379838 8.151295133992242 -1.4618178284085026 2.160485657012785 18.03871123731202 -4.222015476221621 3.9110735672590025 -0.5413389573507921 -10.015251206962235 -7.8657619114725446 -11.375539887435425 -2.321820857748964
27.11422845691383 7.342569250249866 -1.539259562949411 1.935811215088421 -0.032112596415547756 -5.06244961147468 -3.6447736466275416 10.882475826814353 17.541419924709274 31.430015228738444 13.507002456783823 16.020018963263475 5.302085943120651 9.678538509848163 -3.0927728693713616 -0.1227401026463617 16.510418745457514 4.347063607951916 8.15510935156432 -1.4580036108364247 2.164299874584863 18.0425254548841 -4.218201258649543 3.9148877848310804 -0.5375247397787142 -10.011436989390175 -7.861947693900484 -11.371725669863347 -2.318006640176904
27.174348697394787 7.346375132500054 -1.5354536806992414 1.9396170973386084 -0.02830671416537811 -5.058643729224492 -3.640967764377372 10.886281709064523 17.545225806959444 31.433821110988614 13.510808339033993 16.023824845513644 5.305891825370838 9.682344392098333 -3.088966987121192 -0.11893422039619206 16.5142246277077 4.3508694902020855 8.15891523381449 -1.4541977285862373 2.1681057568350326 18.04633133713427 -4.214395376399356 3.91869366708125 -0.5337188575285268 -10.007631107139987 -7.858141811650297 -11.36791978761316 -2.3142007579267165
27.23446893787575 7.3501727173115405 -1.5316560958877545 1.9434146821500953 -0.024509129353891268 -5.0548461444130055 -3.637170179565885 10.890079293876028 17.54902339177093 31.437618695800108 13.514605923845497 16.02762243032515 5.309689410182325 9.68614197690982 -3.0851694023096874 -0.11513663558470522 16.51802221251919 4.354667075013572 8.162712818625977 -1.4504001437747505 2.171903341646537 18.050128921945756 -4.210597791587869 3.922491251892737 -0.5299212727170399 -10.0038335223285 -7.85434422683881 -11.364122202801672 -2.3104031731152297
27.294589178356713 7.353962044320088 -1.5278667688791892 1.947204009158643 -0.02071980234532589 -5.051056817404458 -3.6333808525573197 10.893868620884575 17.552812718779478 31.441408022808655 13.518395250854045 16.031411757333696 5.313478737190873 9.689931303918385 -3.0813800753011398 -0.11134730857613984 16.521811539527736 4.35845640202212 8.166502145634524 -1.4466108167662028 2.175692668655085 18.053918248954304 -4.206808464579321 3.9262805789012845 -0.5261319457084923 -10.000044195319953 -7.850554899830263 -11.360332875793125 -2.306613846106682
27.354709418837675 7.357743151793681 -1.5240856614055964 1.9509851166322534 -0.016938694871733162 -5.047275709930847 -3.629599745083727 10.897649728358168 17.55659382625309 31.445189130282255 13.522176358327638 16.03519286480729 5.317259844664483 9.693712411391978 -3.077598967827547 -0.10756620110254711 16.525592647001346 4.36223750949573 8.170283253108135 -1.4428297092926101 2.1794737761286775 18.057699356427914 -4.203027357105729 3.930061686374895 -0.5223508382348996 -9.996263087846343 -7.846773792356652 -11.356551768319532 -2.3028327386330716
27.414829659318634 7.361516077262973 -1.5203127359363222 1.9547580421015276 -0.013165769402458949 -5.043502784461573 -3.6258268196144527 10.901422653827442 17.560366751722363 31.44896205575154 13.525949283796912 16.038965790276563 5.321032770133757 9.697485336861252 -3.073826042358273 -0.1037932756332729 16.52936557247062 4.366010434965005 8.174056178577409 -1.4390567838233181 2.1832467015979518 18.06147228189719 -4.199254431636437 3.933834611844169 -0.5185779127656076 -9.992490162377068 -7.843000866887378 -11.35277884285024 -2.2990598131637974
27.474949899799597 7.3652808572820305 -1.5165479559172645 1.9585228221205853 -0.009400989383401281 -5.0397380044425155 -3.622062039595395 10.905187433846518 17.56413153174142 31.452726835770594 13.529714063815987 16.04273057029564 5.324797550152815 9.70125011688031 -3.0700612623391974 -0.10002849561421523 16.533130352489678 4.369775214984062 8.177820958596467 -1.4352920038042605 2.187011481617027 18.065237061916246 -4.195489651617379 3.937599391863227 -0.5148131327465499 -9.98872538235801 -7.83923608686832 -11.349014062831182 -2.2952950331447397
27.53507014028056 7.3690375291644905 -1.5127912840347868 1.9622794940030452 -0.005644317500941298 -5.0359813325600555 -3.6183053677129173 10.908944105728978 17.56788820362388 31.456483507653058 13.533470735698447 16.0464872421781 5.328554222035275 9.705006788762788 -3.0663045904567374 -0.09627182373175525 16.536887024372138 4.373531886866522 8.181577630478927 -1.4315353319218005 2.190768153499487 18.068993733798706 -4.191732979734919 3.941356063745687 -0.51105646086409 -9.98496871047555 -7.83547941498586 -11.345257390948722 -2.2915383612622797
27.595190380761522 7.372786132323554 -1.509042680875723 1.9660280971621091 -0.0018957143418596445 -5.032232729400992 -3.6145567645538534 10.912692708888041 17.571636806782962 31.460232110812132 13.537219338857511 16.050235845337163 5.332302825194339 9.708755391921851 -3.0625559872976735 -0.09252322057267359 16.540635627531202 4.377280490025604 8.185326233638008 -1.4277867287627366 2.194516756658551 18.072742336957788 -4.187984376575855 3.9451046669047685 -0.5073078577050261 -9.981220107316469 -7.831730811826796 -11.341508787789659 -2.287789758103216
27.655310621242485 7.376526703221238 -1.5053021099780395 1.9697686680597926 0.0018448565558237817 -5.028492158503308 -3.61081619365617 10.916433279785725 17.575377377680645 31.46397268170981 13.540959909755195 16.053976416234846 5.336043396092022 9.712495962819535 -3.05881541639999 -0.08878264967499017 16.544376198428886 4.38102106092327 8.189066804535692 -1.4240461578650532 2.1982573275562345 18.07648290785547 -4.184243805678172 3.948845237802452 -0.5035672868073426 -9.977479536418803 -7.827990240929113 -11.337768216891975 -2.2840491872055324
