web/models/kne/12/mosfit_kn_0.041628_0.1553_0.5000.dat
# %ECSV 1.0
# ---
# datatype:
# - {name: time, datatype: float64}
# - {name: PS1_g, datatype: float64}
# - {name: PS1_i, datatype: float64}
# - {name: PS1_r, datatype: float64}
# - {name: PS1_w, datatype: float64}
# - {name: PS1_y, datatype: float64}
# - {name: PS1_z, datatype: float64}
# - {name: swift_uvot_B, datatype: float64}
# - {name: swift_uvot_U, datatype: float64}
# - {name: swift_uvot_uvm2, datatype: float64}
# - {name: swift_uvot_uvw1, datatype: float64}
# - {name: swift_uvot_uvw2, datatype: float64}
# - {name: swift_uvot_V, datatype: float64}
# - {name: johnson_B, datatype: float64}
# - {name: johnson_I, datatype: float64}
# - {name: johnson_R, datatype: float64}
# - {name: johnson_U, datatype: float64}
# - {name: johnson_V, datatype: float64}
# - {name: sdss_g, datatype: float64}
# - {name: sdss_i, datatype: float64}
# - {name: sdss_r, datatype: float64}
# - {name: sdss_u, datatype: float64}
# - {name: sdss_z, datatype: float64}
# - {name: ATLAS_c, datatype: float64}
# - {name: ATLAS_o, datatype: float64}
# - {name: ukirt_H, datatype: float64}
# - {name: ukirt_J, datatype: float64}
# - {name: ukirt_K, datatype: float64}
# - {name: Clear, datatype: float64}
# meta: !!omap
# - comment: [kappa = 0.5, type = rprocess, mass = 0.04162766037032262, velocity = 0.15533333333333332, theta_obs = 0.0, tfloor = 1000.0]
# schema: astropy-2.0
time PS1_g PS1_i PS1_r PS1_w PS1_y PS1_z swift_uvot_B swift_uvot_U swift_uvot_uvm2 swift_uvot_uvw1 swift_uvot_uvw2 swift_uvot_V johnson_B johnson_I johnson_R johnson_U johnson_V sdss_g sdss_i sdss_r sdss_u sdss_z ATLAS_c ATLAS_o ukirt_H ukirt_J ukirt_K Clear
[from data line 288]
17.374749498997996 7.067993706377731 -1.8138351068215641 1.6612356712162857 -0.30668814028770086 -5.337025155346815 -3.9193491904996947 10.607900282942218 17.26684438083712 31.155439684866298 13.232426912911688 15.74544341939134 5.0275103992485155 9.40396296597601 -3.367348413243497 -0.3973156465185148 16.23584320158538 4.072488064079763 7.880533807692167 -1.73257915470856 1.8897243307127276 17.767949911011947 -4.4927768025216785 3.6403122409589272 -0.8121002836508495 -10.28601253326231 -8.13652323777262 -11.646301213735482 -2.5925821840490393
17.43486973947896 7.074323835033152 -1.8075049781661434 1.6675657998717064 -0.30035801163228015 -5.330695026691394 -3.913019061844274 10.614230411597639 17.27317450949254 31.16176981352172 13.238757041567109 15.75177354804676 5.033840527903936 9.410293094631431 -3.3610182845880763 -0.3909855178630941 16.2421733302408 4.078818192735183 7.886863936347588 -1.7262490260531393 1.8960544593681483 17.774280039667367 -4.486446673866258 3.646642369614348 -0.8057701549954288 -10.27968240460689 -8.130193109117199 -11.639971085080061 -2.5862520553936186
17.494989979959918 7.080632485563836 -1.8011963276354415 1.6738744504024083 -0.2940493611015782 -5.32438637616071 -3.906710411313572 10.620539062128323 17.279483160023243 31.16807846405241 13.245065692097793 15.758082198577444 5.04014917843462 9.416601745162133 -3.354709634057392 -0.38467686733239215 16.2484819807715 4.085126843265885 7.89317258687829 -1.7199403755224552 1.9023631098988325 17.78058869019807 -4.480138023335574 3.65295102014505 -0.7994615044647446 -10.273373754076188 -8.123884458586497 -11.633662434549377 -2.5799434048629344
17.55511022044088 7.0869198165267555 -1.7949089966725396 1.6801617813653102 -0.2877620301386763 -5.3180990451977905 -3.90042308035067 10.626826393091243 17.285770490986145 31.174365795015323 13.251353023060712 15.764369529540364 5.04643650939754 9.422889076125035 -3.3484223030944724 -0.37838953636949024 16.254769311734403 4.091414174228787 7.899459917841192 -1.7136530445595355 1.9086504408617522 17.78687602116097 -4.473850692372654 3.659238351107952 -0.793174173501825 -10.267086423113286 -8.117597127623595 -11.627375103586457 -2.5736560739000147
17.615230460921843 7.09318598636095 -1.7886428268383447 1.686427951199505 -0.2814958603044815 -5.311832875363596 -3.8941569105164753 10.63309256292542 17.29203666082034 31.180631964849507 13.25761919289489 15.770635699374541 5.052702679231735 9.42915524595923 -3.3421561332602954 -0.37212336653529543 16.261035481568598 4.097680344062982 7.9057260876753865 -1.7073868747253407 1.9149166106959292 17.793142190995166 -4.467584522538459 3.6655045209421466 -0.7869080036676479 -10.26082025327909 -8.1113309577894 -11.621108933752263 -2.56738990406582
17.675350701402806 7.099431151164843 -1.782397662034434 1.692673116003398 -0.27525069550058845 -5.305587710559703 -3.8879117457125645 10.63933772772933 17.298281825624233 31.186877129653414 13.2638643576988 15.776880864178452 5.058947844035628 9.43540041076314 -3.3359109684563846 -0.36587820173138463 16.26728064637249 4.103925508866875 7.91197125247928 -1.7011417099214476 1.92116177549984 17.79938735579906 -4.461339357734566 3.6717496857460397 -0.7806628388637371 -10.254575088475198 -8.105085792985507 -11.61486376894837 -2.561144739261927
17.73547094188377 7.105655454323436 -1.7761733588758588 1.698897419161991 -0.26902639234199555 -5.29936340740111 -3.8816874425539893 10.645562030887906 17.304506128782826 31.193101432812004 13.270088660857393 15.783105167337045 5.065172147194221 9.441624713921716 -3.3296866652977917 -0.3596538985728095 16.273504949531084 4.110149812025468 7.9181955556378725 -1.6949174067628547 1.927386078658433 17.805611658957652 -4.455115054575973 3.6779739889046326 -0.7744385357051442 -10.248350785316605 -8.098861489826914 -11.608639465789777 -2.554920436103334
17.795591182364728 7.111859041930444 -1.7699697712688334 1.7051010067690164 -0.2628228047349701 -5.293159819794084 -3.875483854946964 10.651765618494931 17.31070971638985 31.199305020419022 13.2762922484644 15.789308754944052 5.071375734801246 9.447828301528741 -3.323483077690784 -0.35345031096578405 16.27970853713811 4.1163533996324935 7.924399143244898 -1.688713819155847 1.9335896662654406 17.811815246564677 -4.4489114669689656 3.684177576511658 -0.7682349480981365 -10.24214719770958 -8.092657902219889 -11.602435878182769 -2.5487168484963085
17.85571142284569 7.118042576383505 -1.763786236815772 1.71128454122206 -0.25663927028192646 -5.286976285341041 -3.8693003204939025 10.657949152947992 17.316893250842895 31.205488554872073 13.282475782917462 15.795492289397114 5.07755926925429 9.454011835981785 -3.3172995432377226 -0.3472667765127404 16.285892071591153 4.122536934085537 7.930582677697942 -1.6825302847027857 1.939773200718502 17.81799878101772 -4.442727932515904 3.6903611109647017 -0.7620514136450751 -10.235963663256536 -8.086474367766845 -11.596252343729708 -2.542533314043265
17.915831663326653 7.124205021759451 -1.7576237914398263 1.7174469865980235 -0.250476824905963 -5.280813839965095 -3.863137875117957 10.664111598323938 17.32305569621886 31.21165100024803 13.288638228293408 15.80165473477306 5.083721714630236 9.460174281357748 -3.311137097861777 -0.34110433113677696 16.2920545169671 4.128699379461501 7.936745123073905 -1.67636783932684 1.9459356460944477 17.824161226393684 -4.4365654871399585 3.696523556340665 -0.7558889682691294 -10.229801217880572 -8.080311922390882 -11.590089898353762 -2.536370868667319
17.975951903807616 7.130347243757846 -1.751481569441431 1.723589208596401 -0.24433460290758546 -5.2746716179667 -3.8569956531195615 10.670253820322333 17.329197918217236 31.217793222246417 13.294780450291803 15.807796956771455 5.089863936628631 9.466316503356143 -3.3049948758633816 -0.3349621091383994 16.298196738965494 4.134841601459878 7.942887345072283 -1.6702256173284447 1.952077868092843 17.830303448392062 -4.430423265141563 3.7026657783390426 -0.7497467462707341 -10.223658995882195 -8.074169700392504 -11.583947676355367 -2.530228646668924
18.036072144288575 7.136469370342464 -1.745359442856813 1.7297113351810367 -0.23821247632294984 -5.268549491382082 -3.8508735265349436 10.676375946906951 17.335320044801872 31.22391534883104 13.300902576876421 15.813919083356073 5.095986063213249 9.472438629940761 -3.2988727492787637 -0.3288399825537638 16.304318865550112 4.140963728044514 7.949009471656918 -1.6641034907438268 1.9581999946774609 17.836425574976698 -4.424301138556945 3.7087879049236783 -0.7436246196861163 -10.21753686929756 -8.068047573807869 -11.577825549770749 -2.524106520084306
18.096192384769537 7.14257152505164 -1.7392572881476376 1.7358134898901945 -0.23211032161377432 -5.262447336672906 -3.844771371825768 10.682478101616127 17.341422199511047 31.230017503540207 13.307004731585597 15.820021238065248 5.102088217922424 9.478540784649937 -3.292770594569588 -0.32273782784458827 16.310421020259287 4.1470658827536715 7.955111626366076 -1.6580013360346513 1.9643021493866364 17.842527729685873 -4.41819898384777 3.714890059632854 -0.7375224649769407 -10.211434714588401 -8.061945419098711 -11.571723395061573 -2.5180043653751305
18.1563126252505 7.148653842925405 -1.7331749702738897 1.7418958077639601 -0.2260280037400264 -5.256365018799141 -3.83868905395202 10.688560419489892 17.347504517384795 31.236099821413976 13.313087049459362 15.826103555939014 5.10817053579619 9.484623102523685 -3.2866882766958225 -0.31665550997084035 16.316503338133053 4.153148200627437 7.961193944239842 -1.6519190181608856 1.970384467260402 17.84861004755962 -4.412116665974004 3.7209723775066017 -0.7314401471031751 -10.205352396714636 -8.055863101224945 -11.565641077187808 -2.511922047501365
18.216432865731463 7.154716454082202 -1.7271123591170934 1.7479584189207564 -0.2199653925832301 -5.250302407642344 -3.832626442795224 10.694623030646671 17.35356712854159 31.24216243257077 13.319149660616159 15.832166167095792 5.114233146952986 9.490685713680481 -3.280625665539044 -0.31059289881404406 16.32256594928985 4.1592108117842335 7.967256555396638 -1.6458564070040893 1.9764470784171984 17.854672658716417 -4.406054054817208 3.727034988663398 -0.7253775359463788 -10.19928978555784 -8.049800490068149 -11.559578466031011 -2.5058594363445685
18.276553106212425 7.160759496145559 -1.7210693170537361 1.7540014609841137 -0.21392235051987285 -5.244259365578987 -3.8265834007318666 10.700666072710028 17.35961017060495 31.248205474634123 13.325192702679516 15.83820920915915 5.1202761890163435 9.496728755743838 -3.2745826234756867 -0.3045498567506868 16.328608991353207 4.165253853847591 7.973299597459995 -1.639813364940732 1.9824901204805379 17.860715700779775 -4.4000110127538505 3.7330780307267553 -0.7193344938830215 -10.193246743494482 -8.043757448004792 -11.553535423967654 -2.4998163942812113
18.336673346693384 7.166783105001517 -1.71504570819776 1.7600250698400721 -0.20789874166391442 -5.238235756723029 -3.8205597918758905 10.706689681566004 17.365633779460907 31.254229083490085 13.331216311535474 15.844232818015126 5.126299797872302 9.502752364599797 -3.2685590146197105 -0.29852624789472837 16.334632600209165 4.171277462703549 7.979323206315954 -1.6337897560847736 1.988513729336514 17.866739309635733 -4.393987403897892 3.7391016395827137 -0.7133108850270631 -10.187223134638524 -8.037733839148833 -11.547511815111696 -2.493792785425253
18.396793587174347 7.172787407024224 -1.7090414061750536 1.7660293718627784 -0.20189443964120812 -5.232231454700322 -3.814555489853184 10.71269398358871 17.371638081483614 31.260233385512795 13.33722061355818 15.850237120037832 5.132304099895008 9.508756666622503 -3.2625547125970042 -0.29252194587202207 16.34063690223187 4.1772817647262555 7.98532750833866 -1.6277854540620673 1.9945180313592203 17.87274361165844 -4.387983101875186 3.74510594160542 -0.7073065830043568 -10.181218832615818 -8.031729537126127 -11.54150751308899 -2.4877884834025465
18.45691382765531 7.1787725297667215 -1.7030562834325558 1.7720144946052763 -0.1959093168986925 -5.2262463319578245 -3.8085703671106863 10.718679106331209 17.37762320422613 31.266218508255296 13.343205736300678 15.85622224278033 5.138289222637506 9.514741789365019 -3.2565695898545064 -0.28653682312950646 16.34662202497437 4.183266887468753 7.9913126310811755 -1.6218003313195695 2.000503154101718 17.878728734400955 -4.381997979132688 3.7510910643479356 -0.7013214602618589 -10.17523370987332 -8.02574441438363 -11.535522390346491 -2.4818033606600487
18.517034068136272 7.184738601741323 -1.6970902114579545 1.7779805665798776 -0.18994324492410897 -5.220280259983223 -3.802604295136085 10.72464517830581 17.383589276200713 31.272184580229894 13.34917180827528 15.862188314754931 5.144255294612107 9.52070786133962 -3.250603517879905 -0.28057075115490515 16.35258809694897 4.189232959443355 7.997278703055759 -1.6158342593449682 2.0064692260763195 17.88469480637554 -4.376031907158087 3.757057136322519 -0.6953553882872576 -10.169267637898718 -8.019778342409028 -11.52955631837189 -2.4758372886854474
18.577154308617235 7.190685754337522 -1.6911430588617549 1.783927719176095 -0.1839960923278916 -5.214333107387024 -3.7966571425398854 10.73059233090201 17.38953642879693 31.2781317328261 13.35511896087148 15.86813546735113 5.150202447208307 9.52665501393582 -3.2446563652837055 -0.27462359855870555 16.35853524954517 4.195180112039572 8.003225855651976 -1.6098871067487686 2.012416378672519 17.890641958971756 -4.370084754561887 3.7630042889187365 -0.689408235691058 -10.163320485302501 -8.01383118981281 -11.52360916577569 -2.469890136089248
18.637274549098194 7.196614116690316 -1.6852146965089787 1.789856081528871 -0.17806772997511544 -5.20840474503423 -3.7907287801871092 10.736520693254786 17.395464791149706 31.284060095178877 13.361047323224255 15.874063829703907 5.156130809561101 9.532583376288596 -3.2387280029309293 -0.2686952362059294 16.364463611897964 4.201108474392348 8.009154218004753 -1.6039587443959746 2.0183447410252953 17.896570321324532 -4.364156392209093 3.7689326512715127 -0.6834798733382641 -10.157392122949725 -8.007902827460034 -11.517680803422897 -2.463961773736454
18.697394789579157 7.202523818118873 -1.679304995080404 1.7957657829574458 -0.17215802854654072 -5.202495043605673 -3.7848190787585345 10.74243039468336 17.40137449257828 31.289969796607448 13.36695702465283 15.879973531132482 5.162040510989658 9.53849307771717 -3.2328183015023546 -0.26278553477735467 16.37037331332652 4.207018175820923 8.015063919433327 -1.5980490429674177 2.02425444245387 17.902480022753107 -4.358246690780536 3.7748423527000874 -0.6775701719097071 -10.15148242152115 -8.001993126031477 -11.51177110199434 -2.458052072307897
18.75751503006012 7.208414976036632 -1.673413837162645 1.801656940875187 -0.16626687062879952 -5.196603885687914 -3.7789279208407756 10.74832155260112 17.407265650496022 31.2958609545252 13.37284818257059 15.88586468905024 5.167931668907417 9.54438423563493 -3.2269271435845956 -0.2568943768595957 16.37626447124428 4.212909333738664 8.020955077351068 -1.5921578850496587 2.030145600371629 17.908371180670848 -4.352355532862777 3.7807335106178286 -0.6716790139919482 -10.145591263603409 -7.996101968113718 -11.50587994407658 -2.452160914390138
18.817635270541082 7.214287712520022 -1.6675411006792729 1.807529677358577 -0.1603941341454096 -5.190731149204524 -3.7730551843574034 10.754194289084491 17.413138386979412 31.301733691008582 13.378720919053961 15.891737425533613 5.173804405390807 9.550256972118301 -3.2210544071012235 -0.25102164037622354 16.38213720772767 4.218782070222054 8.026827813834458 -1.5862851485662688 2.036018336855001 17.914243917154238 -4.346482796379387 3.7866062471012185 -0.6658062775085583 -10.139718527120019 -7.9902292316303285 -11.50000720759319 -2.446288177906748
18.877755511022045 7.220142150929458 -1.661686662269819 1.8133841157680308 -0.15453969573595572 -5.184876710795088 -3.7672007459479495 10.760048727493945 17.418992825388866 31.307588129418033 13.384575357463415 15.897591863943067 5.179658843800243 9.556111410527755 -3.2151999686917696 -0.24516720196676967 16.387991646137106 4.224636508631508 8.032682252243912 -1.5804307101568327 2.041872775264455 17.92009835556369 -4.340628357969951 3.7924606855106724 -0.6599518390991221 -10.133864088710565 -7.984374793220875 -11.494152769183755 -2.440433739497312
18.937875751503004 7.2259784131926 -1.6558504000066776 1.8192203780311722 -0.14870343347281434 -5.179040448531946 -3.761364483684808 10.765884989757087 17.424829087652007 31.313424391681178 13.390411619726557 15.903428126206208 5.185495106063384 9.561947672790897 -3.2093637064286282 -0.2393309397036283 16.393827908400247 4.230472770894649 8.038518514507054 -1.5745944478936913 2.0477090375275964 17.925934617826833 -4.33479209570681 3.7982969477738138 -0.6541155768359808 -10.128027826447424 -7.978538530957733 -11.488316506920613 -2.4345974772341705
18.997995991983966 7.231796620424529 -1.6500321927747486 1.8250385852630835 -0.1428852262408853 -5.173222241300017 -3.755546276452879 10.771703196989016 17.430647294883936 31.319242598913096 13.396229826958486 15.909246333438137 5.191313313295313 9.567765880022826 -3.203545499196699 -0.23351273247169924 16.399646115632176 4.2362909781265605 8.044336721738983 -1.5687762406617622 2.0535272447595254 17.931752825058762 -4.328973888474881 3.804115155005743 -0.6482973696040517 -10.122209619215512 -7.972720323725822 -11.482498299688684 -2.4287792700022415
