web/models/kne/12/mosfit_kn_0.500000_0.2650_3.6500.dat
# %ECSV 1.0
# ---
# datatype:
# - {name: time, datatype: float64}
# - {name: PS1_g, datatype: float64}
# - {name: PS1_i, datatype: float64}
# - {name: PS1_r, datatype: float64}
# - {name: PS1_w, datatype: float64}
# - {name: PS1_y, datatype: float64}
# - {name: PS1_z, datatype: float64}
# - {name: swift_uvot_B, datatype: float64}
# - {name: swift_uvot_U, datatype: float64}
# - {name: swift_uvot_uvm2, datatype: float64}
# - {name: swift_uvot_uvw1, datatype: float64}
# - {name: swift_uvot_uvw2, datatype: float64}
# - {name: swift_uvot_V, datatype: float64}
# - {name: johnson_B, datatype: float64}
# - {name: johnson_I, datatype: float64}
# - {name: johnson_R, datatype: float64}
# - {name: johnson_U, datatype: float64}
# - {name: johnson_V, datatype: float64}
# - {name: sdss_g, datatype: float64}
# - {name: sdss_i, datatype: float64}
# - {name: sdss_r, datatype: float64}
# - {name: sdss_u, datatype: float64}
# - {name: sdss_z, datatype: float64}
# - {name: ATLAS_c, datatype: float64}
# - {name: ATLAS_o, datatype: float64}
# - {name: ukirt_H, datatype: float64}
# - {name: ukirt_J, datatype: float64}
# - {name: ukirt_K, datatype: float64}
# - {name: Clear, datatype: float64}
# meta: !!omap
# - comment: [kappa = 3.65, type = rprocess, mass = 0.5000000000045836, velocity = 0.265, theta_obs = 0.0, tfloor = 1000.0]
# schema: astropy-2.0
time PS1_g PS1_i PS1_r PS1_w PS1_y PS1_z swift_uvot_B swift_uvot_U swift_uvot_uvm2 swift_uvot_uvw1 swift_uvot_uvw2 swift_uvot_V johnson_B johnson_I johnson_R johnson_U johnson_V sdss_g sdss_i sdss_r sdss_u sdss_z ATLAS_c ATLAS_o ukirt_H ukirt_J ukirt_K Clear
[from data line 141]
8.537074148296593 -23.784012535438386 -23.173961551979954 -23.461026743125313 -23.551262359746907 -22.755410394434232 -22.934387392510853 -23.777294304911553 -25.10621774070719 -25.85106795530589 -25.65142057116356 -25.788933142177978 -23.633672891305945 -23.785018170674594 -23.507931186302866 -23.6095073217932 -24.8231701931197 -23.63893439787329 -23.82071559385393 -23.190756752745507 -23.463276231133463 -24.072555138407896 -22.893591944971465 -23.68693532712438 -23.36492369940645 -21.76857421960516 -22.321269840132132 -21.244739022805557 -23.468829932782533
8.597194388777554 -23.836255384231926 -23.218858894867687 -23.508651852938183 -23.600653894532666 -22.797735425080088 -22.97769327644721 -23.831708434671903 -25.166959590011135 -25.930377901714618 -25.725531015776664 -25.874549428807367 -23.6833321869623 -23.839328247430934 -23.552112434612315 -23.656529543355813 -24.882629235569233 -23.688500619603815 -23.873594582109572 -23.23572216309188 -23.510890781336506 -24.132285858973805 -22.936664334248036 -23.737719544139484 -23.411549252702013 -21.807400995486642 -22.361719671122877 -21.282447555004907 -23.51785986351576
8.657314629258517 -23.888087549053463 -23.263491349520873 -23.555958303060756 -23.649699176159746 -22.83984524871368 -23.02076513546618 -23.8856662458453 -25.227115722109215 -26.008739421874324 -25.798826283974297 -25.959121629676293 -23.73263125170847 -23.893184803920335 -23.596042860830277 -23.703245625574418 -24.94152825600982 -23.737709004814565 -23.92604989034357 -23.280421344470525 -23.558186659172158 -24.191450301801325 -22.979507312553373 -23.788124654937484 -23.457877034796546 -21.846077532825397 -22.40198964939662 -21.32002570119299 -23.56655412113156
8.71743486973948 -23.93951539575813 -23.307862728184183 -23.60295086320404 -23.698403119418057 -22.881742801755802 -23.063606236353902 -23.939174969238525 -25.286695549638214 -26.086166680886652 -25.871317576222648 -26.04266356579457 -23.781575636889205 -23.946594989471123 -23.63972602248265 -23.749660089574977 -24.99987627253039 -23.78656503798561 -23.978088116272982 -23.324858133418527 -23.60516864463305 -24.250057621188166 -23.02212406033359 -23.83815637195994 -23.50391139488604 -21.884605678402057 -22.44208210363423 -21.357475000742344 -23.614917284693355
8.77755511022044 -23.99054624551704 -23.35197762384423 -23.6496351466557 -23.746771546944796 -22.923431742691314 -23.106220590289315 -23.992242839743742 -25.345709651900385 -26.16267556947204 -25.943017710827032 -26.125191063886128 -23.83017178226955 -23.999566957161814 -23.68316624183586 -23.795778287832754 -25.057683434182227 -23.835075091475378 -24.029716828131686 -23.36903714874012 -23.651842360362476 -24.308118107502956 -23.064518497452706 -23.88782133442156 -23.549657505865866 -21.92298791942743 -22.482000041499823 -21.394797606182397 -23.6629548422804
8.837675350701403 -24.041186964717074 -23.395840278241504 -23.696016375141866 -23.794809886136754 -22.964915417276437 -23.148611880997905 -24.044877604116454 -25.404168042372977 -26.238281264611988 -26.013938881402368 -26.206719273567266 -23.878425704045362 -24.05210837543422 -23.726367500954552 -23.841605191749775 -25.11495933731646 -23.883245116972077 -24.080943130470303 -23.412962656947354 -23.698213036950246 -24.365641493286567 -23.10669422015014 -23.93712575315215 -23.595120166836274 -21.961226480947055 -22.521746185687803 -21.43199542290297 -23.71067190113056
8.897795591182364 -24.091429799807198 -23.4394430449143 -23.742086865149545 -23.84251000806037 -23.006186244711184 -23.190772498669663 -24.097071584133165 -25.46206297563355 -26.312974383908102 -26.0840706105318 -26.287236507146638 -23.926329755804343 -24.10421152696719 -23.769322161248578 -23.88713309253567 -25.171696290997644 -23.931067438624748 -24.131759272147786 -23.456627010929836 -23.74427300349314 -24.42262012322459 -23.148643618536013 -23.986061761928177 -23.640291644884233 -21.99931397272454 -22.56131303480233 -21.469061160908517 -23.758060148926514
8.957915831663327 -24.14130872689368 -23.482812233286996 -23.78787577656606 -23.889902555769282 -23.047267871586516 -23.23272710199273 -24.148861112388122 -25.519437400691896 -26.38681601229042 -26.15346757010167 -26.36680848488219 -23.973915277888224 -24.155912600907005 -23.812055782042727 -23.932390491465345 -25.227935938650223 -23.978573273193838 -24.182199902831805 -23.500056591492697 -23.790051419545613 -24.479095957918133 -23.190391104399577 -24.0346617000794 -23.68520000150113 -22.03727050489856 -22.600722320559825 -21.50601383306977 -23.80514968934026
9.018036072144287 -24.190818232631592 -23.525942086398324 -23.833377442837058 -23.936981544872538 -23.08815448618393 -23.274469896224197 -24.20024084735503 -25.576286227054954 -26.45980051795688 -26.22212284172729 -26.445427820247968 -24.02117673113998 -24.207206215814118 -23.85456258150238 -23.977371671812186 -25.283673174694254 -24.02575705085267 -24.23225954170988 -23.543245644140764 -23.83554262936144 -24.53506393731681 -23.231930872646558 -24.082919884390428 -23.72983948023025 -22.075090286841213 -22.639968221434597 -21.54284769199682 -23.85193435643714
9.07815631262525 -24.23995936226584 -23.568832139644336 -23.8785919586819 -23.98374707713783 -23.128845126822508 -23.316000105355368 -24.25121237699032 -25.632612392200755 -26.53193360020611 -26.290039969012753 -26.523099665565212 -24.068114685115233 -24.258093903749266 -23.89684194738224 -24.022076576021735 -25.338910696413432 -24.072619295953764 -24.281939376099526 -23.58619371840657 -23.880746736038052 -24.590526849615184 -23.27326209707536 -24.13083694465385 -23.774209916975533 -22.112771773708403 -22.679049442806 -21.579561041594403 -23.898414017119
9.138276553106213 -24.288745489923702 -23.611492048352964 -23.9235303588716 -24.03021075963249 -23.169348175848423 -23.357326593592447 -24.301790262361955 -25.688433706888123 -26.603241512158412 -26.357241578218265 -26.599851790401793 -24.114741255728315 -24.308590141897927 -23.938903172220247 -24.066515908067824 -25.39366568593489 -24.119172053727006 -24.33125311253468 -23.628910504197247 -23.92567477853346 -24.645502046345893 -23.314393521763197 -24.17842541181976 -23.818321792312833 -22.150321701163694 -22.717973465861956 -21.616160123077442 -23.944599950136922
9.198396793587174 -24.33717675098947 -23.653920620755606 -23.968191940550057 -24.076371884612566 -23.209662011203847 -23.398447899069925 -24.351975123026943 -25.74375199924079 -26.67372856787623 -26.423729987649036 -26.675688008021496 -24.161056159323124 -24.358695499562465 -23.98074493571337 -24.110688830742266 -25.447939755716764 -24.16541499999896 -24.380201012668188 -23.671394822068272 -23.97032606167695 -24.699991222042215 -23.355323641201657 -24.225685050986936 -23.862174174862556 -22.187737951531098 -22.75673838358882 -21.652642693675062 -23.990491235965887
9.258517034068136 -24.385262011743496 -23.69612385702622 -24.012583764116382 -24.12223790666488 -23.249791661894577 -23.43936941750462 -24.401776756956963 -25.798579599573053 -26.743413560819786 -26.489520983991923 -26.750628077928273 -24.20706729706752 -24.408419705470465 -24.022372959650113 -24.154602146145045 -25.501744749260588 -24.211355978053227 -24.42879220151566 -23.713652698754792 -24.014707650477387 -24.754006356478175 -23.396057758787663 -24.272624061824768 -23.90577369151737 -22.225024315587603 -22.795348543550613 -21.68901217895028 -24.036095054675677
9.318637274549097 -24.433006237996118 -23.73810456411462 -24.056709432735897 -24.16781266232224 -23.289739213493164 -23.480093505845616 -24.45120085224292 -25.85292412896134 -26.812308870339766 -26.55462443497699 -26.82468481264428 -24.252778915591364 -24.457768389353877 -24.063789842206173 -24.198259258113126 -25.55508792086692 -24.256999186283 -24.477031842623553 -23.7556869611549 -24.058823153451776 -24.807554813707657 -23.436598161969737 -24.319246886175065 -23.949123609878953 -22.26218198061799 -22.833805532219866 -21.725269509432025 -24.08141500710645
9.37875751503006 -24.480416305733304 -23.77986714943777 -24.100574264449186 -24.21310179571858 -23.32950824336784 -23.520624054384598 -24.500255094793737 -25.906795475874116 -26.880430003781303 -26.619053155351402 -26.897874522648774 -24.298197059272823 -24.50674917613146 -24.104999752167526 -24.241665261485725 -25.607978735593885 -24.30235061824797 -24.524927036215516 -23.797502039469798 -24.102677893005122 -24.860646178469654 -23.476948661941996 -24.365559820103133 -23.992228873171904 -22.299213474405143 -22.872112347615055 -21.761416906311034 -24.126456494598152
9.438877755511022 -24.52749772304605 -23.82141490790593 -24.144182369002465 -24.258109692961796 -23.3691013068478 -23.560963896873748 -24.54894572548784 -25.960201870087882 -26.947790239385373 -26.682817923274094 -26.97021115019727 -24.34332649162859 -24.55536825041913 -24.146005771184058 -24.284824064828314 -25.660425041590706 -24.347414990742774 -24.57248349251648 -23.839101248983603 -24.146275983269163 -24.9132884083855 -23.517112021746218 -24.41156784571641 -24.035093253049578 -22.336120424540336 -22.910271031410137 -21.79745572888091 -24.171223678190064
9.498997995991983 -24.57425278447781 -23.862748463856054 -24.187534982654757 -24.302837742435557 -23.408518480984952 -23.601113315360358 -24.59727561142688 -26.0131477095017 -27.014397726515135 -26.745924761552686 -27.041703104613507 -24.388168951338038 -24.603628431329824 -24.18680836387364 -24.327736748452644 -25.71243094681168 -24.392194003072106 -24.619703661485044 -23.880485229322055 -24.189618665483117 -24.965485700676933 -23.5570884702749 -24.457272840696724 -24.07771772279437 -22.372902242653755 -22.948281287593577 -21.833385204362173 -24.21571775063823
9.559118236472946 -24.620692908927317 -23.90387608659646 -24.230641537001176 -24.34729591649088 -23.447766965005563 -23.641079913887353 -24.64525717115893 -26.065648206329364 -27.080275223377853 -26.8083933718885 -27.112374819378736 -24.432734776846374 -24.651542071677394 -24.227415495247826 -24.37041246910167 -25.76401111483663 -24.436697937970365 -24.66659924417339 -23.92166227881143 -24.232715373118427 -25.017252859350823 -23.59688551142389 -24.502685524502752 -24.12011125446602 -22.40956474132014 -22.98614955786343 -21.869210726666278 -24.259948430750775
9.619238476953907 -24.666819726775344 -23.944797885175486 -24.273502696459577 -24.391485019813146 -23.4868463735026 -23.680863491980926 -24.692892559208587 -26.11770692540354 -27.14542980097914 -26.870228844878206 -27.18223365243816 -24.47702508997419 -24.69911128239373 -24.26782712980381 -24.41285174954147 -25.815168842103652 -24.48092788152637 -24.71317201325201 -23.96263252034636 -24.27556677507985 -25.068593262773664 -23.636502896711242 -24.54780714720167 -24.16227427364351 -22.446106937852473 -23.023875121248487 -21.904931148799772 -24.303916345559653
9.67935871743487 -24.712640020258707 -23.98551830022102 -24.316123762106816 -24.43541071434206 -23.52576036252513 -23.720468001555677 -24.740189317536505 -26.169333519406806 -27.20987674354387 -26.931443982073393 -27.2512959900171 -24.521045872633202 -24.746343552499205 -24.30804748350604 -24.45505968368486 -25.865913368887476 -24.52488977123536 -24.759428963398022 -24.00340041600746 -24.318178175059515 -25.11951626104903 -23.67594450403807 -24.592643955631797 -24.2042117343626 -22.482531489636962 -23.061461084526584 -21.94054883302982 -24.347626949534096
9.739478957915832 -24.758159507527253 -24.02604090632437 -24.358509094858647 -24.47907768334396 -23.564511791899996 -23.759896571702228 -24.787153863937334 -26.220536350050274 -27.27362960049984 -26.992050004390844 -27.319576377194362 -24.564802110287022 -24.793245250520165 -24.34807992588117 -24.497040442337045 -25.916252677151494 -24.568588551320772 -24.805376007999147 -24.043969559975924 -24.360553936605278 -25.17002993797874 -23.715213394951995 -24.637201174470302 -24.245927678939516 -22.518840351554555 -23.098909808829475 -21.976065468489484 -24.391084732265007
9.799599198396793 -24.80338063626407 -24.0663665318438 -24.400660113619317 -24.522487544509666 -23.60310096089009 -23.799149700030924 -24.83378919178738 -26.27131991181379 -27.336696790398317 -27.052053356389685 -27.387083821487458 -24.608295700833917 -24.8398193282025 -24.38792513184132 -24.538795297649074 -25.966190970622513 -24.61202608526516 -24.851015744929406 -24.084340795297674 -24.40269548193646 -25.220138579910678 -23.75431001641619 -24.68148086218214 -24.28742327961732 -22.55503317187564 -23.13622123066592 -22.011480519208014 -24.434291144587057
9.859719438877756 -24.84831216389523 -24.106501363718813 -24.4425839502623 -24.565647883688797 -23.641533189659523 -23.838233034244976 -24.88010487657733 -26.321696088472564 -27.399096556643258 -27.11146973777618 -27.45383808334305 -24.6515345143093 -24.88607530852399 -24.427589041692574 -24.580331158647965 -26.01573967668361 -24.6552101985716 -24.896357162924367 -24.124520332445094 -24.44460994408887 -25.26985372901791 -23.793239935203374 -24.725491207314487 -24.328705295914332 -22.591114151591288 -23.173400058314844 -22.046797849108458 -24.477253570717075
9.919839679358716 -24.892955963412664 -24.146445778674046 -24.48428152566626 -24.60855980956472 -23.679808368853195 -23.877146647038057 -24.92610329673437 -26.37166865745785 -27.460836386945026 -27.17030478991248 -27.51984725533241 -24.69451991355576 -24.93201553180445 -24.467071891079996 -24.621648811124707 -26.064902300557932 -24.698142222584757 -24.94140227421786 -24.164508561652926 -24.486298246886182 -25.319178967042877 -23.832003177532357 -24.769233723659507 -24.369774421729105 -22.627082585436536 -23.21044585002827 -22.08201658485304 -24.519972966858372
9.97995991983968 -24.937320670415275 -24.186205922068194 -24.525759899977064 -24.65123083656735 -23.717931804274137 -23.91589616153288 -24.971793877527492 -26.421249284197845 -27.52193418856113 -27.228573984504525 -27.585130811592883 -24.73725967154155 -24.977649373821528 -24.506379586765192 -24.66275510056696 -26.11369006300275 -24.740829888188017 -24.986159938312102 -24.204311651044925 -24.527767451174842 -25.368125624785325 -23.87060528834546 -24.8127164999773 -24.410637358783678 -22.66294269273471 -23.24736331824173 -22.117140617434533 -24.562456658563097
10.040080160320642 -24.981408631635755 -24.22578261035195 -24.56702044619778 -24.693662553283602 -23.75590381326269 -23.95448208226199 -25.017179476330675 -26.470442254465976 -27.58239812429283 -27.286283668240152 -27.6496976658933 -24.77975560953538 -25.0229796552466 -24.54551280096376 -24.703651263684414 -26.16210696958354 -24.783274986150655 -25.030632643626785 -24.24393043087738 -24.569018932277356 -25.416697783763382 -23.909046724795626 -24.855941523214415 -24.451295251457115 -22.69869417266088 -23.284152436997783 -22.15216946907265 -24.60470608907933
10.100200400801603 -25.025224579226677 -24.265178707499917 -24.608066710833345 -24.7358588180116 -23.793726640095176 -23.992906886897565 -25.06226543109338 -26.519254620196424 -27.642240005436673 -27.343443653052226 -27.713560740734472 -24.822011813489617 -25.068011673998484 -24.584474220287202 -24.744340684086545 -26.210159732905407 -24.825481568735835 -25.07482529261866 -24.283367782072993 -24.61005623808985 -25.464902243386618 -23.94732990643778 -24.89891310374693 -24.491751373790382 -22.73433848258923 -23.320815017809515 -22.187104364546816 -24.64672496152822
