web/models/kne/12/mosfit_kn_0.218327_0.4843_10.0000.dat
# %ECSV 1.0
# ---
# datatype:
# - {name: time, datatype: float64}
# - {name: PS1_g, datatype: float64}
# - {name: PS1_i, datatype: float64}
# - {name: PS1_r, datatype: float64}
# - {name: PS1_w, datatype: float64}
# - {name: PS1_y, datatype: float64}
# - {name: PS1_z, datatype: float64}
# - {name: swift_uvot_B, datatype: float64}
# - {name: swift_uvot_U, datatype: float64}
# - {name: swift_uvot_uvm2, datatype: float64}
# - {name: swift_uvot_uvw1, datatype: float64}
# - {name: swift_uvot_uvw2, datatype: float64}
# - {name: swift_uvot_V, datatype: float64}
# - {name: johnson_B, datatype: float64}
# - {name: johnson_I, datatype: float64}
# - {name: johnson_R, datatype: float64}
# - {name: johnson_U, datatype: float64}
# - {name: johnson_V, datatype: float64}
# - {name: sdss_g, datatype: float64}
# - {name: sdss_i, datatype: float64}
# - {name: sdss_r, datatype: float64}
# - {name: sdss_u, datatype: float64}
# - {name: sdss_z, datatype: float64}
# - {name: ATLAS_c, datatype: float64}
# - {name: ATLAS_o, datatype: float64}
# - {name: ukirt_H, datatype: float64}
# - {name: ukirt_J, datatype: float64}
# - {name: ukirt_K, datatype: float64}
# - {name: Clear, datatype: float64}
# meta: !!omap
# - comment: [kappa = 10.0, type = rprocess, mass = 0.21832694463104688, velocity = 0.48433333333333334, theta_obs = 0.0, tfloor = 1000.0]
# schema: astropy-2.0
time PS1_g PS1_i PS1_r PS1_w PS1_y PS1_z swift_uvot_B swift_uvot_U swift_uvot_uvm2 swift_uvot_uvw1 swift_uvot_uvw2 swift_uvot_V johnson_B johnson_I johnson_R johnson_U johnson_V sdss_g sdss_i sdss_r sdss_u sdss_z ATLAS_c ATLAS_o ukirt_H ukirt_J ukirt_K Clear
[from data line 427]
25.7314629258517 2.97628935182642 -5.905539461372857 -2.4304686833350075 -4.398392494838994 -9.428729509898126 -8.011053545050988 6.516195928390908 13.175140026285828 27.063735330314994 9.140722558360377 11.653739064840028 0.9358060446972046 5.312258611424717 -7.459052767794808 -4.489020001069808 12.144138847034068 -0.019216290471530704 3.788829453140874 -5.824283509259871 -2.2019800238385834 13.676245556460653 -8.58448115707299 -0.451392113592366 -4.9038046382021605 -14.377716887813603 -12.228227592323913 -15.738005568286793 -6.68428653860035
25.791583166332664 2.9962970680961654 -5.88553174510313 -2.41046096706528 -4.3783847785692664 -9.40872179362838 -7.99104582878126 6.5362036446606355 13.195147742555555 27.083743046584733 9.160730274630122 11.673746781109774 0.95581376096695 5.332266327694445 -7.43904505152508 -4.469012284800081 12.164146563303813 0.000791425798196934 3.8088371694106016 -5.804275792990126 -2.181972307568838 13.696253272730381 -8.564473440803244 -0.43138439732263834 -4.883796921932415 -14.357709171543876 -12.208219876054185 -15.717997852017048 -6.664278822330605
25.851703406813627 3.016232273447166 -5.865596539752129 -2.3905257617142794 -4.358449573218266 -9.38878658827738 -7.97111062343026 6.556138850011654 13.215082947906556 27.103678251935733 9.180665479981123 11.693681986460774 0.9757489663179505 5.352201533045445 -7.419109846174062 -4.44907707944908 12.184081768654814 0.020726631149197396 3.828772374761602 -5.784340587639125 -2.1620371022178375 13.716188478081381 -8.544538235452244 -0.4114491919716379 -4.863861716581415 -14.337773966192875 -12.188284670703185 -15.698062646666047 -6.644343616979604
25.91182364729459 3.03596952650814 -5.845859286691137 -2.3707885086533054 -4.338712320157274 -9.369049335216406 -7.951373370369268 6.575876103072628 13.234820200967548 27.123415504996707 9.200402733042097 11.713419239521748 0.9954862193789246 5.371938786106437 -7.399372593113088 -4.429339826388088 12.203819021715788 0.04046388421017147 3.848509627822576 -5.764603334578151 -2.1422998491568634 13.735925731142373 -8.52480098239127 -0.39171193891064604 -4.844124463520441 -14.318036713131901 -12.16854741764221 -15.678325393605073 -6.62460636391863
25.97194388777555 3.04893919632514 -5.832889616874155 -2.3578188388363053 -4.325742650340292 -9.356079665399406 -7.938403700552286 6.588845772889628 13.24778987078453 27.136385174813707 9.213372402859097 11.726388909338748 1.0084558891959248 5.384908455923419 -7.386402923296088 -4.416370156571106 12.216788691532788 0.053433554027171565 3.861479297639576 -5.751633664761151 -2.1293301793398633 13.748895400959356 -8.51183131257427 -0.3787422690936637 -4.8311547937034405 -14.305067043314901 -12.15557774782521 -15.665355723788073 -6.61163669410163
26.03206412825651 3.0593280919259414 -5.822500721273354 -2.347429943235504 -4.3153537547394905 -9.345690769798605 -7.928014804951484 6.5992346684904115 13.258178766385331 27.146774070414498 9.22376129845988 11.736777804939532 1.0188447847967261 5.395297351524221 -7.376014027695304 -4.405981260970305 12.227177587133589 0.06382244962797293 3.8718681932403776 -5.74124476916035 -2.1189412837390798 13.759284296560157 -8.501442416973468 -0.36835337349286235 -4.820765898102639 -14.2946781477141 -12.14518885222441 -15.654966828187272 -6.601247798500829
26.092184368737474 3.0783730217872396 -5.803455791412038 -2.3283850133742057 -4.296308824878192 -9.326645839937306 -7.908969875090168 6.6182795983517275 13.27722369624663 27.165819000275807 9.242806228321196 11.755822734800848 1.0378897146580244 5.414342281385519 -7.356969097833988 -4.386936331109006 12.246222516994887 0.08286737948927117 3.890913123101676 -5.722199839299051 -2.0998963538777637 13.778329226421455 -8.48239748711217 -0.3493084436315641 -4.801720968241341 -14.275633217852802 -12.126143922363111 -15.635921898325973 -6.582202868639531
26.152304609218437 3.0985283234992345 -5.783300489700043 -2.308229711662193 -4.27615352316618 -9.306490538225312 -7.888814573378173 6.638434900063722 13.297378997958642 27.18597430198781 9.262961530033191 11.775978036512843 1.0580450163700192 5.4344975830975315 -7.3368137961219935 -4.366781029396994 12.266377818706882 0.1030226812012838 3.9110684248136884 -5.7020445375870565 -2.079741052165769 13.798484528133468 -8.462242185400175 -0.3291531419195515 -4.781565666529346 -14.255477916140789 -12.105988620651098 -15.615766596613978 -6.562047566927536
26.2124248496994 3.1186346073471327 -5.763194205852145 -2.288123427814295 -4.256047239318281 -9.286384254377413 -7.868708289530275 6.658541183911621 13.31748528180654 27.20608058583571 9.28306781388109 11.796084320360741 1.0781513002179175 5.45460386694543 -7.316707512274095 -4.3466747455490955 12.286484102554798 0.12312896504918205 3.9311747086615867 -5.681938253739158 -2.0596347683178706 13.818590811981366 -8.442135901552277 -0.3090468580716532 -4.761459382681448 -14.23537163229289 -12.0858823368032 -15.59566031276608 -6.5419412830796375
26.27254509018036 3.1386218774465746 -5.7432069357527205 -2.2681361577148706 -4.236059969218857 -9.266396984277971 -7.848721019430851 6.678528454011045 13.337472551905964 27.226067855935142 9.303055083980531 11.816071590460165 1.0981385703173594 5.474591137044854 -7.296720242174671 -4.326687475449671 12.306471372654222 0.1431162351486062 3.951161978761011 -5.661950983639716 -2.0396474982184465 13.83857808208079 -8.422148631452835 -0.2890595879722291 -4.741472112582006 -14.215384362193467 -12.065895066703776 -15.575673042666638 -6.521954012980196
26.33266533066132 3.1584614828106616 -5.723367330388616 -2.248296552350766 -4.216220363854752 -9.246557378913884 -7.828881414066746 6.69836805937515 13.35731215727007 27.245907461299236 9.322894689344619 11.83591119582427 1.1179781756814464 5.494430742408959 -7.276880636810566 -4.306847870085567 12.32631097801831 0.16295584051271098 3.9710015841251156 -5.642111378275629 -2.0198078928543417 13.858417687444895 -8.402309026088748 -0.2692199826081243 -4.721632507217919 -14.195544756829362 -12.046055461339689 -15.555833437302551 -6.502114407616109
26.392785571142284 3.1694991917446558 -5.7123296214546215 -2.2372588434167895 -4.205182654920776 -9.23551966997989 -7.817843705132752 6.709405768309144 13.368349866204046 27.256945170233223 9.333932398278613 11.846948904758264 1.1290158846154406 5.505468451342953 -7.265842927876572 -4.295810161151572 12.337348686952303 0.17399354944668735 3.982039293059092 -5.631073669341635 -2.0087701839203476 13.869455396378871 -8.391271317154754 -0.2581822736741479 -4.710594798283925 -14.184507047895385 -12.035017752405695 -15.544795728368557 -6.4910766986821145
26.452905811623246 3.181950485009679 -5.699878328189616 -2.224807550151766 -4.192731361655753 -9.223068376714867 -7.8053924118677465 6.721857061574149 13.380801159469069 27.269396463498246 9.346383691543636 11.859400198023287 1.141467177880464 5.517919744607958 -7.2533916346115666 -4.283358867886567 12.349799980217327 0.18644484271171072 3.9944905863241154 -5.618622376076612 -1.9963188906553242 13.881906689643895 -8.37882002388973 -0.24573098040912456 -4.698143505018901 -14.172055754630362 -12.022566459140672 -15.532344435103534 -6.478625405417091
26.51302605210421 3.2023554182176994 -5.679473394981596 -2.204402616943746 -4.172326428447732 -9.202663443506847 -7.784987478659726 6.74226199478217 13.40120609267709 27.289801396706256 9.366788624751639 11.87980513123129 1.1618721110884842 5.538324677815979 -7.232986701403546 -4.2629539346785466 12.370204913425347 0.206849775919731 4.014895519532136 -5.598217442868592 -1.9759139574473217 13.902311622851915 -8.35841509068171 -0.22532604720110427 -4.677738571810881 -14.151650821422342 -12.002161525932651 -15.511939501895514 -6.458220472209071
26.573146292585168 3.2227296129183003 -5.659099200280977 -2.184028422243145 -4.1519522337471315 -9.182289248806246 -7.7646132839591075 6.762636189482788 13.42158028737769 27.310175591406868 9.387162819452257 11.900179325931909 1.182246305789085 5.558698872516597 -7.212612506702928 -4.242579739977928 12.390579108125948 0.22722397062033187 4.0352697142327365 -5.577843248167991 -1.955539762746703 13.922685817552516 -8.33804089598111 -0.2049518525005034 -4.65736437711028 -14.131276626721741 -11.98178733123205 -15.491565307194913 -6.43784627750847
26.63326653306613 3.243065993439469 -5.638762819759808 -2.1636920417219585 -4.131615853225945 -9.161952868285077 -7.744276903437939 6.782972570003957 13.441916667898877 27.330511971928043 9.407499199973426 11.920515706453077 1.2025826863102538 5.579035253037766 -7.192276126181759 -4.222243359456759 12.410915488647134 0.24756035114151834 4.055606094753923 -5.557506867646822 -1.9352033822255343 13.943022198073702 -8.31770451545994 -0.18461547197931694 -4.6370279965891115 -14.110940246200554 -11.961450950710864 -15.471228926673744 -6.417509896987301
26.693386773547093 3.263246575791694 -5.618582237407583 -2.1435114593697513 -4.11143527087372 -9.141772285932852 -7.724096321085714 6.803153152356182 13.462097250251102 27.35069255428027 9.42767978232565 11.940696288805302 1.2227632686624788 5.599215835389991 -7.172095543829534 -4.202062777104534 12.431096070999342 0.2677409334937255 4.075786677106148 -5.537326285294597 -1.9150227998733094 13.963202780425927 -8.297523933107716 -0.16443488962709196 -4.6168474142368865 -14.090759663848347 -11.941270368358657 -15.451048344321519 -6.397329314635076
26.753507014028056 3.2817383257533628 -5.6000904874459145 -2.1250197094080647 -4.092943520912051 -9.123280535971166 -7.705604571124045 6.821644902317851 13.48058900021277 27.369184304241937 9.44617153228732 11.959188038766971 1.2412550186241653 5.61770758535166 -7.153603793867865 -4.183571027142865 12.449587820961028 0.2862326834554121 4.094278427067817 -5.518834535332928 -1.8965310499116406 13.981694530387596 -8.279032183146047 -0.14594313966542316 -4.598355664275218 -14.07226791388666 -11.92277861839697 -15.43255659435985 -6.37883756467339
26.81362725450902 3.2928914411928822 -5.588937372006395 -2.1138665939685453 -4.081790405472532 -9.112127420531646 -7.694451455684526 6.83279801775737 13.49174211565229 27.380337419681457 9.45732464772684 11.97034115420649 1.252408134063667 5.628860700791179 -7.142450678428346 -4.172417911703346 12.460740936400548 0.29738579889493155 4.105431542507336 -5.507681419893409 -1.885377934472121 13.992847645827116 -8.267879067706527 -0.1347900242259037 -4.587202548835698 -14.061114798447141 -11.91162550295745 -15.42140347892033 -6.367684449233888
26.873747494989978 3.307441740554271 -5.574387072645024 -2.099316294607174 -4.067240106111161 -9.097577121170275 -7.6799011563231545 6.847348317118741 13.506292415013661 27.39488771904283 9.47187494708821 11.984891453567862 1.2669584334250559 5.64341100015255 -7.127900379066975 -4.157867612341975 12.475291235761919 0.31193609825630264 4.119981841868707 -5.49313112053202 -1.87082763511075 14.007397945188487 -8.253328768345138 -0.1202397248645326 -4.572652249474309 -14.04656449908577 -11.89707520359608 -15.406853179558942 -6.353134149872499
26.93386773547094 3.3280804348046544 -5.553748378394623 -2.078677600356773 -4.04660141186076 -9.076938426919892 -7.659262462072753 6.867987011369142 13.526931109264062 27.415526413293232 9.492513641338611 12.005530147818263 1.2875971276754392 5.6640496944029515 -7.1072616848165735 -4.137228918091574 12.495929930012302 0.33257479250670374 4.140620536119108 -5.472492426281637 -1.850188940860349 14.028036639438888 -8.232690074094755 -0.0996010306141315 -4.552013555223926 -14.025925804835369 -11.876436509345679 -15.386214485308559 -6.332495455622116
26.993987975951903 3.348669885679776 -5.5331589275195014 -2.0580881494816694 -4.026011960985638 -9.05634897604477 -7.638673011197632 6.888576462244264 13.547520560139183 27.436115864168354 9.513103092213733 12.026119598693384 1.3081865785505606 5.684639145278073 -7.086672233941452 -4.116639467216452 12.516519380887424 0.3531642433818074 4.16120998699423 -5.451902975406515 -1.8295994899852275 14.04862609031401 -8.212100623219634 -0.07901157973901007 -4.531424104348805 -14.005336353960265 -11.855847058470575 -15.365625034433437 -6.311906004746994
27.054108216432866 3.3692245289558542 -5.512604284243423 -2.0375335062055733 -4.00545731770956 -9.035794332768692 -7.618118367921554 6.909131105520342 13.568075203415262 27.456670507444432 9.533657735489811 12.046674241969463 1.328741221826639 5.705193788554151 -7.066117590665374 -4.096084823940374 12.537074024163502 0.37371888665790354 4.181764630270308 -5.431348332130437 -1.8090448467091491 14.069180733590088 -8.191545979943555 -0.05845693646293171 -4.510869461072726 -13.98478171068417 -11.835292415194479 -15.345070391157359 -6.291351361470916
27.11422845691383 3.389601754785385 -5.492227058413892 -2.01715628037606 -3.985080091880029 -9.01541710693916 -7.597741142092023 6.929508331349873 13.588452429244775 27.477047733273952 9.554034961319342 12.067051467798994 1.34911844765617 5.725571014383682 -7.045740364835843 -4.075707598110843 12.557451249993033 0.3940961124874167 4.202141856099821 -5.410971106300906 -1.7886676208796182 14.0895579594196 -8.171168754114024 -0.03807971063341853 -4.490492235243195 -13.964404484854656 -11.814915189364966 -15.324693165327828 -6.270974135641385
27.174348697394787 3.4073951088858045 -5.4744337043134905 -1.9993629262756407 -3.9672867377796273 -8.997623752838741 -7.579947787991621 6.947301685450275 13.606245783345194 27.494841087374365 9.571828315419744 12.084844821899395 1.3669118017565893 5.743364368484084 -7.027947010735441 -4.057914244010441 12.575244604093452 0.4118894665878361 4.219935210200241 -5.3931777522004865 -1.7708742667792166 14.10735131352002 -8.153375400013605 -0.02028635653299915 -4.472698881142776 -13.946611130754237 -11.797121835264546 -15.306899811227408 -6.253180781540966
27.23446893787575 3.4189138328025948 -5.4629149803966826 -1.9878442023588327 -3.9557680138628193 -8.986105028921934 -7.568429064074813 6.958820409367083 13.617764507262002 27.506359811291173 9.583347039336552 12.096363545816203 1.3784305256733973 5.754883092400892 -7.016428286818633 -4.0463955200936335 12.58676332801026 0.42340819050464407 4.231453934117049 -5.381659028283696 -1.7593555428624086 14.118870037436828 -8.141856676096815 -0.008767632616191179 -4.461180157225986 -13.935092406837429 -11.785603111347738 -15.295381087310618 -6.2416620576241755
27.294589178356713 3.434548789927341 -5.4472800232719365 -1.9722092452341045 -3.940133056738091 -8.970470071797205 -7.552794106950067 6.974455366491829 13.63339946438673 27.521994768415908 9.598981996461298 12.11199850294095 1.3940654827981256 5.77051804952562 -7.000793329693887 -4.030760562968905 12.602398285134988 0.43904314762937235 4.247088891241777 -5.36602407115895 -1.7437205857376625 14.134504994561556 -8.126221718972069 0.006867324508537109 -4.44554520010124 -13.9194574497127 -11.76996815422301 -15.279746130185872 -6.226027100499429
27.354709418837675 3.4554414547283585 -5.426387358470919 -1.9513165804330868 -3.9192403919370555 -8.949577406996188 -7.531901442149049 6.995348031292846 13.654292129187766 27.542887433216936 9.619874661262315 12.132891167741967 1.4149581475991433 5.7914107143266556 -6.979900664892869 -4.00986789816787 12.623290949936006 0.4599358124304078 4.2679815560428125 -5.3451314063579325 -1.7228279209366448 14.155397659362592 -8.105329054171051 0.027759989309572575 -4.424652535300222 -13.898564784911683 -11.749075489421992 -15.258853465384854 -6.205134435698412
