web/models/kne/12/mosfit_kn_0.117276_0.2180_0.5000.dat
# %ECSV 1.0
# ---
# datatype:
# - {name: time, datatype: float64}
# - {name: PS1_g, datatype: float64}
# - {name: PS1_i, datatype: float64}
# - {name: PS1_r, datatype: float64}
# - {name: PS1_w, datatype: float64}
# - {name: PS1_y, datatype: float64}
# - {name: PS1_z, datatype: float64}
# - {name: swift_uvot_B, datatype: float64}
# - {name: swift_uvot_U, datatype: float64}
# - {name: swift_uvot_uvm2, datatype: float64}
# - {name: swift_uvot_uvw1, datatype: float64}
# - {name: swift_uvot_uvw2, datatype: float64}
# - {name: swift_uvot_V, datatype: float64}
# - {name: johnson_B, datatype: float64}
# - {name: johnson_I, datatype: float64}
# - {name: johnson_R, datatype: float64}
# - {name: johnson_U, datatype: float64}
# - {name: johnson_V, datatype: float64}
# - {name: sdss_g, datatype: float64}
# - {name: sdss_i, datatype: float64}
# - {name: sdss_r, datatype: float64}
# - {name: sdss_u, datatype: float64}
# - {name: sdss_z, datatype: float64}
# - {name: ATLAS_c, datatype: float64}
# - {name: ATLAS_o, datatype: float64}
# - {name: ukirt_H, datatype: float64}
# - {name: ukirt_J, datatype: float64}
# - {name: ukirt_K, datatype: float64}
# - {name: Clear, datatype: float64}
# meta: !!omap
# - comment: [kappa = 0.5, type = rprocess, mass = 0.11727632184323686, velocity = 0.21800000000000003, theta_obs = 0.0, tfloor = 1000.0]
# schema: astropy-2.0
time PS1_g PS1_i PS1_r PS1_w PS1_y PS1_z swift_uvot_B swift_uvot_U swift_uvot_uvm2 swift_uvot_uvw1 swift_uvot_uvw2 swift_uvot_V johnson_B johnson_I johnson_R johnson_U johnson_V sdss_g sdss_i sdss_r sdss_u sdss_z ATLAS_c ATLAS_o ukirt_H ukirt_J ukirt_K Clear
[from data line 433]
26.092184368737474 6.5503292064455465 -2.331499606753731 1.1435711712841012 -0.8243526402198675 -5.8546896552789995 -4.437013690431861 10.090235783010034 16.749179880904954 30.637775184934117 12.714762412979503 15.227778919459155 4.509845899316331 8.886298466043844 -3.8850129131756814 -0.9149801464506815 15.718178701653194 3.5548235641475783 7.362869307759983 -2.2502436546407445 1.3720598307805432 17.250285411079762 -5.010441302453863 3.122647741026743 -1.329764783583034 -10.803677033194495 -8.654187737704804 -12.163965713667666 -3.1102466839812237
26.152304609218437 6.554548949664785 -2.3272798635344927 1.1477909145033394 -0.8201328970006472 -5.850469912059761 -4.432793947212623 10.094455526229272 16.753399624124174 30.641994928153355 12.718982156198742 15.231998662678393 4.514065642535569 8.890518209263082 -3.8807931699564433 -0.9107604032314434 15.722398444872432 3.5590433073668164 7.367089050979221 -2.2460239114215064 1.3762795739997813 17.254505154299 -5.006221559234625 3.126867484245981 -1.3255450403637958 -10.799457289975257 -8.649967994485566 -12.159745970448428 -3.1060269407619856
26.2124248496994 6.558759186780403 -2.3230696264188744 1.1520011516189577 -0.8159226598850289 -5.846259674944143 -4.428583710097005 10.09866576334489 16.757609861239793 30.64620516526897 12.72319239331436 15.236208899794011 4.5182758796511875 8.894728446378682 -3.876582932840825 -0.9065501661158428 15.72660868198805 3.5632535444824347 7.371299288094839 -2.241813674305888 1.3804898111153996 17.25871539141462 -5.002011322119007 3.1310777213615992 -1.3213348032481775 -10.795247052859638 -8.645757757369948 -12.15553573333281 -3.1018167036463673
26.27254509018036 6.5629599641924585 -2.3188688490068188 1.1562019290310133 -0.8117218824729555 -5.8420588975320875 -4.424382932684949 10.102866540756946 16.761810638651866 30.650405942681022 12.727393170726415 15.240409677206067 4.522476657063243 8.898929223790756 -3.8723821554287694 -0.9023493887037695 15.730809459400106 3.5674543218944903 7.375500065506895 -2.2376128968938325 1.3846905885274552 17.262916168826692 -4.997810544706951 3.1352784987736726 -1.317134025836122 -10.791046275447583 -8.641556979957892 -12.151334955920754 -3.0976159262343117
26.33266533066132 6.567151329609295 -2.314677483589982 1.1603932944478679 -0.8075305170561187 -5.837867532115251 -4.4201915672681125 10.107057906173782 16.766002004068703 30.654597308097873 12.731584536143252 15.244601042622904 4.52666802248008 8.903120589207592 -3.8681907900119326 -0.8981580232869326 15.735000824816943 3.571645687311345 7.379691430923749 -2.2334215314769956 1.388881953944292 17.26710753424353 -4.993619179290114 3.1394698641905094 -1.312942660419285 -10.786854910030728 -8.637365614541038 -12.147143590503918 -3.093424560817475
26.392785571142284 6.57133332691787 -2.3104954862814076 1.1645752917564245 -0.8033485197475443 -5.833685534806676 -4.416009569959538 10.111239903482357 16.770184001377277 30.658779305406444 12.735766533451827 15.248783039931478 4.530850019788654 8.907302586516167 -3.864008792703358 -0.8939760259783582 15.739182822125517 3.5758276846199193 7.383873428232324 -2.2292395341684212 1.3930639512528664 17.271289531552103 -4.98943718198154 3.143651861499084 -1.3087606631107107 -10.782672912722171 -8.633183617232481 -12.142961593195343 -3.0892425635089005
26.452905811623246 6.575505999264397 -2.30632281393488 1.1687479641029697 -0.7991758474010169 -5.829512862460131 -4.411836897613011 10.115412575828884 16.774356673723805 30.66295197775297 12.739939205798354 15.252955712278006 4.5350226921351995 8.911475258862694 -3.8598361203568308 -0.8898033536318308 15.743355494472063 3.5800003569664467 7.388046100578851 -2.225066861821894 1.3972366235993938 17.27546220389863 -4.985264509635012 3.1478245338456112 -1.3045879907641833 -10.778500240375626 -8.629010944885936 -12.138788920848816 -3.0850698911623553
26.51302605210421 6.57966938892514 -2.3021594242741372 1.1729113537637126 -0.795012457740274 -5.825349472799406 -4.407673507952268 10.119575965489627 16.778520063384548 30.667115367413718 12.744102595459097 15.257119101938748 4.539186081795925 8.915638648523437 -3.855672730696088 -0.8856399639710879 15.747518884132788 3.5841637466271896 7.392209490239594 -2.220903472161151 1.4014000132601367 17.279625593559373 -4.981101119974269 3.151987923506354 -1.3004246011034404 -10.774336850714883 -8.624847555225193 -12.134625531188073 -3.08090650150163
26.573146292585168 6.583823541869691 -2.298005271329586 1.1770655067082458 -0.7908583047957229 -5.821195319854855 -4.403519355007717 10.123730118434178 16.7826742163291 30.67126952035827 12.748256748403648 15.2612732548833 4.543340234740476 8.919792801467988 -3.851518577751537 -0.8814858110265369 15.751673037077339 3.588317899571723 7.396363643184145 -2.2167493192166 1.4055541662046878 17.283779746503924 -4.976946967029718 3.156142076450905 -1.2962704481588894 -10.77018269777035 -8.62069340228066 -12.130471378243522 -3.076752348557079
26.63326653306613 6.587968502098569 -2.2938603111007083 1.1812104669371237 -0.786713344566845 -5.817050359625977 -4.399374394778839 10.127875078663056 16.78681917655796 30.67541448058714 12.752401708632526 15.265418215112177 4.5474851949693536 8.923937761696866 -3.847373617522659 -0.877340850797659 15.755817997306217 3.5924628598006008 7.400508603413005 -2.212604358987722 1.4096991264335657 17.287924706732802 -4.9728020068008405 3.1602870366797653 -1.2921254879300115 -10.766037737541472 -8.616548442051782 -12.126326418014644 -3.0726073883282012
26.693386773547093 6.592104310845919 -2.2897245023533586 1.1853462756844912 -0.7825775358194953 -5.8129145508786095 -4.395238586031489 10.132010887410406 16.790954985305326 30.679550289334497 12.756537517379876 15.269554023859527 4.551621003716721 8.928073570444216 -3.843237808775309 -0.8732050420503092 15.759953806053584 3.5965986685479683 7.404644412160373 -2.2084685502403723 1.4138349351809154 17.292060515480152 -4.968666198053491 3.164422845427133 -1.2879896791826617 -10.761901928794105 -8.612412633304414 -12.122190609267294 -3.0684715795808337
26.753507014028056 6.596231010570346 -2.2855978026289314 1.1894729754089184 -0.7784508360950682 -5.8087878511542 -4.391111886307062 10.136137587134833 16.795081685029754 30.68367698905892 12.760664217104303 15.273680723583954 4.5557477034411304 8.932200270168643 -3.839111109050882 -0.8690783423258821 15.764080505777994 3.6007253682723954 7.4087711118848 -2.204341850515945 1.4179616349053425 17.29618721520458 -4.964539498329064 3.16854954515156 -1.2838629794582346 -10.757775229069678 -8.608285933579987 -12.118063909542867 -3.0643448798564243
26.81362725450902 6.600348647190746 -2.2814801660085315 1.1935906120293183 -0.7743331994746683 -5.8046702145337825 -4.386994249686662 10.140255223755233 16.799199321650153 30.68779462567932 12.764781853724703 15.277798360204354 4.559865340061548 8.936317906789043 -3.834993472430482 -0.8649607057054822 15.768198142398411 3.6048430048927953 7.4128887485052 -2.2002242138955452 1.4220792715257424 17.30030485182498 -4.960421861708646 3.17266718177196 -1.2797453428378347 -10.753657592449278 -8.604168296959587 -12.11394627292245 -3.0602272432360067
26.873747494989978 6.604457262887564 -2.277371550311713 1.197699227726119 -0.7702245837778499 -5.800561598836982 -4.382885633989844 10.144363839452051 16.803307937346972 30.691903241376142 12.768890469421521 15.281906975901173 4.563973955758349 8.940426522485861 -3.8308848567336637 -0.8608520900086638 15.772306758095212 3.608951620589596 7.416997364202018 -2.196115598198727 1.4261878872225608 17.304413467521798 -4.956313246011845 3.1767757974687783 -1.2756367271410163 -10.749548976752477 -8.600059681262787 -12.109837657225649 -3.056118627539206
26.93386773547094 6.6085568989072385 -2.2732719142920566 1.2017988637457933 -0.7661249477581933 -5.7964619628173075 -4.378785997970187 10.148463475471708 16.80740757336663 30.696002877395795 12.772990105441178 15.286006611920829 4.568073591778023 8.944526158505518 -3.826785220714007 -0.8567524539890072 15.776406394114886 3.6130512566092703 7.421097000221675 -2.1920159621790525 1.4302875232422174 17.308513103541454 -4.952213609992171 3.180875433488435 -1.271537091121342 -10.745449340732803 -8.595960045243112 -12.105738021205974 -3.0520189915195317
26.993987975951903 6.612647594641796 -2.269181218557481 1.205889559480351 -0.7620342520236179 -5.79237126708275 -4.374695302235612 10.152554171206283 16.811498269101204 30.70009357313037 12.777080801175753 15.290097307655405 4.572164287512581 8.948616854240093 -3.8226945249794317 -0.8526617582544318 15.780497089849444 3.6171419523438457 7.42518769595625 -2.187925266444495 1.4343782189767929 17.31260379927603 -4.948122914257613 3.1849661292230103 -1.2674463953867843 -10.741358644998245 -8.591869349508555 -12.101647325471417 -3.047928295784974
27.054108216432866 6.616729392969987 -2.2650994202292907 1.2099713578085414 -0.7579524536954274 -5.788289468754559 -4.370613503907421 10.156635969534474 16.815580067429394 30.704175371458565 12.781162599503944 15.294179105983595 4.576246085840771 8.952698652568284 -3.8186127266512413 -0.8485799599262414 15.784578888177634 3.6212237506720184 7.429269494284441 -2.1838434681163044 1.4384600173049833 17.31668559760422 -4.944041115929423 3.1890479275512007 -1.2633645970585938 -10.737276846670055 -8.587787551180364 -12.097565527143226 -3.0438464974567836
27.11422845691383 6.62080233560431 -2.261026477594985 1.2140443004428647 -0.7538795110611218 -5.784216526120236 -4.366540561273116 10.160708912168797 16.8196530100637 30.708248314092874 12.785235542138267 15.298252048617918 4.5803190284750945 8.95677159520259 -3.814539784016918 -0.8445070172919358 15.788651830811958 3.6252966933063417 7.433342436918746 -2.179770525481981 1.4425329599393066 17.320758540238526 -4.9399681732950995 3.1931208701855063 -1.2592916544242705 -10.733203904035731 -8.58371460854604 -12.093492584508903 -3.0397735548224603
27.174348697394787 6.624866461827228 -2.2569623513720494 1.2181084266657827 -0.7498153848381861 -5.780152399897318 -4.36247643505018 10.164773038391715 16.823717136286636 30.712312440315802 12.789299668361185 15.302316174840836 4.5843831546980125 8.960835721425525 -3.810475657794 -0.840442891069 15.792715957034876 3.6293608195292597 7.437406563141682 -2.175706399259063 1.4465970861622246 17.32482266646146 -4.9359040470721816 3.197184996408442 -1.2552275282013525 -10.729139777812813 -8.579650482323123 -12.089428458285985 -3.0357094285995423
27.23446893787575 6.628921812198527 -2.25290700100075 1.222163777037082 -0.7457600344668869 -5.776097049526019 -4.358421084678881 10.168828388763014 16.827772486657935 30.716367790687105 12.793355018732484 15.306371525212136 4.588438505069312 8.964891071796824 -3.8064203074227008 -0.8363875406977008 15.796771307406175 3.633416169900559 7.441461913512981 -2.171651048887764 1.4506524365335238 17.32887801683276 -4.931848696700882 3.2012403467797412 -1.2511721778300533 -10.725084427441514 -8.575595131951824 -12.085373107914686 -3.031654078228243
27.294589178356713 6.632968428414188 -2.2488603847850896 1.2262103932527602 -0.7417134182512264 -5.772050433310341 -4.35437446846322 10.172875004978675 16.831819102873595 30.720414406902766 12.797401634948145 15.310418141427796 4.59248512128499 8.968937688012485 -3.8023736912070403 -0.8323409244820403 15.800817923621853 3.637462786116237 7.445508529728642 -2.1676044326721033 1.4546990527491843 17.33292463304842 -4.927802080485222 3.2052869629954017 -1.2471255616143928 -10.721037811225836 -8.571548515736145 -12.081326491699025 -3.027607462012565
27.354709418837675 6.637006350208736 -2.244822462990541 1.230248315047291 -0.7376754964566778 -5.76801251151581 -4.350336546668672 10.176912926773223 16.835857024668144 30.7244523286973 12.801439556742693 15.314456063222345 4.596523043079521 8.972975609807033 -3.7983357694124917 -0.8283030026874918 15.804855845416384 3.641500707910768 7.449546451523172 -2.163566510877555 1.4587369745437329 17.33696255484297 -4.923764158690673 3.2093248847899503 -1.2430876398198443 -10.716999889431305 -8.567510593941615 -12.077288569904477 -3.023569540218034
27.414829659318634 6.641035616471793 -2.240793196727484 1.2342775813103657 -0.7336462301936209 -5.763983245252735 -4.346307280405615 10.18094219303628 16.8398862909312 30.728481594960368 12.80546882300575 15.318485329485402 4.6005523093425955 8.97700487607009 -3.7943065031494347 -0.8242737364244348 15.808885111679459 3.6455299741738427 7.453575717786247 -2.159537244614498 1.4627662408067899 17.340991821106027 -4.919734892427616 3.2133541510530073 -1.2390583735567873 -10.71297062316823 -8.56348132767854 -12.07325930364142 -3.019540273954977
27.474949899799597 6.645056265627058 -2.236772547572219 1.2382982304656132 -0.7296255810383734 -5.759962596097488 -4.342286631250349 10.184962842191545 16.84390694008645 30.732502244115626 12.809489472161015 15.322505978640667 4.604572958497843 8.981025525225355 -3.7902858539941695 -0.8202530872691696 15.812905760834706 3.64955062332909 7.457596366941495 -2.1555165954592326 1.466786889962055 17.345012470261274 -4.915714243272351 3.2173748002082547 -1.235037724401522 -10.708949974012983 -8.559460678523292 -12.069238654486155 -3.015519624799712
27.53507014028056 6.649068335342161 -2.2327604778571164 1.2423103001807334 -0.7256135113232531 -5.755950526382367 -4.338274561535247 10.188974911906648 16.84791900980157 30.736514313830735 12.813501541876118 15.32651804835577 4.608585028212963 8.985037594940458 -3.786273784279067 -0.8162410175540671 15.816917830549826 3.6535626930442104 7.461608436656615 -2.15150452574413 1.4707989596771576 17.349024539976394 -4.911702173557249 3.221386869923375 -1.2310256546864196 -10.704937904297863 -8.555448608808172 -12.065226584771052 -3.0115075550845916
27.595190380761522 6.653071867843483 -2.2287569453557943 1.2463138326820555 -0.721609978821931 -5.751946993881063 -4.334271029033925 10.19297844440797 16.85192254230289 30.740517846332057 12.81750507437744 15.330521580857091 4.612588560714268 8.98904112744178 -3.782270251777745 -0.812237485052745 15.82092136305113 3.6575662255455326 7.465611969157937 -2.147500993242808 1.4748024921784797 17.353028072477716 -4.9076986410559265 3.225390402424697 -1.2270221221850974 -10.70093437179654 -8.55144507630685 -12.06122305226973 -3.007504022583287
27.655310621242485 6.657066899664326 -2.2247619135349517 1.2503088645028981 -0.7176149470010884 -5.747951962060203 -4.330275997213082 10.196973476228813 16.855917574123733 30.7445128781529 12.821500106198283 15.334516612677934 4.616583592535128 8.993036159262623 -3.7782752199569023 -0.8082424532319024 15.824916394871991 3.661561257366375 7.46960700097878 -2.1435059614219654 1.4787975239993223 17.35702310429856 -4.903703609235084 3.2293854342455397 -1.2230270903642548 -10.696939339975698 -8.547450044486007 -12.057228020448887 -3.003508990762427
27.715430861723444 6.66105346916396 -2.2207753440353173 1.2542954340025148 -0.713628377501454 -5.743965392560586 -4.326289427713448 10.200960045728447 16.859904143623368 30.748499447652538 12.825486675697917 15.338503182177568 4.620570162034745 8.997022728762257 -3.774288650457268 -0.804255883732268 15.828902964371608 3.665547826865992 7.473593570478414 -2.139519391922331 1.4827840934989567 17.361009673798193 -4.8997170397354495 3.233372003745174 -1.2190405208646204 -10.692952770476081 -8.54346347498639 -12.053241450949253 -2.99952242126281
