web/models/kne/12/mosfit_kn_0.002290_0.1240_3.6500.dat
# %ECSV 1.0
# ---
# datatype:
# - {name: time, datatype: float64}
# - {name: PS1_g, datatype: float64}
# - {name: PS1_i, datatype: float64}
# - {name: PS1_r, datatype: float64}
# - {name: PS1_w, datatype: float64}
# - {name: PS1_y, datatype: float64}
# - {name: PS1_z, datatype: float64}
# - {name: swift_uvot_B, datatype: float64}
# - {name: swift_uvot_U, datatype: float64}
# - {name: swift_uvot_uvm2, datatype: float64}
# - {name: swift_uvot_uvw1, datatype: float64}
# - {name: swift_uvot_uvw2, datatype: float64}
# - {name: swift_uvot_V, datatype: float64}
# - {name: johnson_B, datatype: float64}
# - {name: johnson_I, datatype: float64}
# - {name: johnson_R, datatype: float64}
# - {name: johnson_U, datatype: float64}
# - {name: johnson_V, datatype: float64}
# - {name: sdss_g, datatype: float64}
# - {name: sdss_i, datatype: float64}
# - {name: sdss_r, datatype: float64}
# - {name: sdss_u, datatype: float64}
# - {name: sdss_z, datatype: float64}
# - {name: ATLAS_c, datatype: float64}
# - {name: ATLAS_o, datatype: float64}
# - {name: ukirt_H, datatype: float64}
# - {name: ukirt_J, datatype: float64}
# - {name: ukirt_K, datatype: float64}
# - {name: Clear, datatype: float64}
# meta: !!omap
# - comment: [kappa = 3.65, type = rprocess, mass = 0.0022901433483143324, velocity = 0.12399999999999999, theta_obs = 0.0, tfloor = 1000.0]
# schema: astropy-2.0
time PS1_g PS1_i PS1_r PS1_w PS1_y PS1_z swift_uvot_B swift_uvot_U swift_uvot_uvm2 swift_uvot_uvw1 swift_uvot_uvw2 swift_uvot_V johnson_B johnson_I johnson_R johnson_U johnson_V sdss_g sdss_i sdss_r sdss_u sdss_z ATLAS_c ATLAS_o ukirt_H ukirt_J ukirt_K Clear
[from data line 441]
26.573146292585168 12.500259404141971 3.618430590942676 7.093501368980526 5.125577557476539 0.09524054241742519 1.5129165072645456 16.04016598070646 22.69911007860136 36.58770538263054 18.664692610675928 21.17770911715557 10.459776097012757 14.83622866374025 2.0649172845207433 5.034950051245725 21.66810889934962 9.504753761844002 13.312799505456407 3.6996865430556802 7.321990028476968 23.200215608776187 0.9394888952425617 9.072577938723168 4.620165414113391 -4.853746835498071 -2.70425754000838 -6.214035515971242 2.839683513715201
26.63326653306613 12.507502214649424 3.625673401450147 7.100744179487997 5.13282036798401 0.10248335292489585 1.5201593177720163 16.04740879121391 22.70635288910883 36.594948193138 18.67193542118338 21.184951927663032 10.46701890752021 14.843471474247721 2.072160095028196 5.042192861753196 21.675351709857082 9.511996572351473 13.320042315963878 3.706929353563133 7.329232838984421 23.207458419283657 0.9467317057500146 9.079820749230638 4.627408224620844 -4.8465040249906 -2.6970147295009093 -6.206792705463789 2.846926324222654
26.693386773547093 12.514737968097513 3.632909154898236 7.107979932936068 5.140056121432082 0.10971910637296745 1.5273950712201056 16.054644544662 22.713588642556914 36.60218394658609 18.67917117463147 21.192187681111122 10.474254660968299 14.85070722769581 2.0793958484762856 5.049428615201285 21.68258746330516 9.519232325799544 13.32727806941195 3.7141651070112225 7.33646859243251 23.21469417273174 0.953967459198104 9.08705650267871 4.634643978068933 -4.839268271542529 -2.6897789760528377 -6.1995569520156995 2.8541620776707433
26.753507014028056 12.52196666359092 3.640137850391625 7.115208628429475 5.147284816925488 0.11694780186637388 1.5346237667134943 16.06187324015539 22.72081733805031 36.609412642079484 18.68639987012486 21.19941637660452 10.481483356461705 14.8579359231892 2.0866245439696742 5.056657310694674 21.689816158798568 9.52646102129295 13.334506764905356 3.721393802504629 7.343697287925899 23.221922868225136 0.9611961546915104 9.094285198172116 4.6418726735623395 -4.832039576049122 -2.6825502805594312 -6.192328256522293 2.8613907731641497
26.81362725450902 12.529188303705752 3.6473594905064743 7.122430268544324 5.154506457040338 0.12416944198120561 1.5418454068283438 16.06909488027024 22.728038978165152 36.61663428219433 18.69362151023971 21.20663801671936 10.488704996576537 14.865157563304049 2.0938461840845237 5.063878950809523 21.697037798913406 9.5336826614078 13.341728405020206 3.7286154426194607 7.350918928040748 23.229144508339978 0.9684177948063422 9.101506838286966 4.649094313677171 -4.824817935934273 -2.6753286404445995 -6.185106616407461 2.8686124132789814
26.873747494989978 12.536402889839202 3.654574076639925 7.129644854677775 5.161721043173788 0.1313840281146561 1.5490599929617943 16.07630946640369 22.73525356429861 36.623848868327784 18.70083609637316 21.21385260285281 10.495919582709988 14.8723721494375 2.101060770217974 5.071093536942974 21.704252385046857 9.54089724754125 13.348942991153656 3.735830028752911 7.358133514174199 23.236359094473436 0.9756323809397927 9.108721424420416 4.656308899810622 -4.817603349800822 -2.6681140543111312 -6.177892030274011 2.875826999412432
26.93386773547094 12.543610421081635 3.6617816078823573 7.136852385920207 5.168928574416221 0.13859155935708856 1.5562675242042268 16.08351699764612 22.742461095541042 36.63105639957021 18.70804362761559 21.221060134095243 10.50312711395242 14.879579680679932 2.1082683014604067 5.078301068185406 21.711459916289293 9.548104778783683 13.356150522396089 3.7430375599953436 7.365341045416631 23.243566625715868 0.9828399121822251 9.115928955662849 4.663516431053054 -4.81039581855839 -2.660906523068699 -6.170684499031578 2.8830345306548644
26.993987975951903 12.550810899111937 3.668982085912642 7.144052863950492 5.176129052446505 0.1457920373873911 1.5634680022345115 16.090717475676424 22.749661573571338 36.638256877600504 18.715244105645883 21.228260612125535 10.510327591982723 14.886780158710216 2.115468779490709 5.085501546215691 21.718660394319585 9.555305256813968 13.363351000426373 3.750238038025646 7.372541523446934 23.250767103746153 0.9900403902125277 9.123129433693133 4.670716909083357 -4.803195340528105 -2.653706045038414 -6.163484021001276 2.890235008685167
27.054108216432866 12.558004323051861 3.676175509852584 7.151246287890434 5.183322476386447 0.15298546132731516 1.5706614261744534 16.09791089961635 22.75685499751127 36.64545030154044 18.722437529585818 21.23545403606547 10.517521015922647 14.893973582650158 2.1226622034306333 5.092694970155633 21.725853818259516 9.56249868075391 13.370544424366315 3.75743146196557 7.379734947386858 23.257960527686095 0.9972338141524517 9.130322857633075 4.677910333023281 -4.796001916588163 -2.646512621098472 -6.156290597061352 2.897428432625091
27.11422845691383 12.565190694724091 3.683361881524796 7.158432659562646 5.190508848058659 0.16017183299954496 1.5778477978466654 16.105097271288578 22.76404136918348 36.65263667321266 18.72962390125804 21.242640407737692 10.524707387594876 14.90115995432237 2.129848575102863 5.099881341827845 21.73304018993174 9.569685052426122 13.377730796038527 3.7646178336378 7.386921319059088 23.265146899358307 1.0044201858246815 9.137509229305287 4.6850967046955105 -4.788815544915951 -2.63932624942626 -6.149104225389122 2.9046148042973208
27.174348697394787 12.572370014042082 3.690541200842805 7.165611978880637 5.197688167376668 0.1673511523175364 1.5850271171646746 16.11227659060657 22.77122068850148 36.65981599253065 18.73680322057604 21.24981972705569 10.531886706912868 14.90833927364038 2.1370278944208545 5.107060661145854 21.74021950924973 9.576864371744113 13.384910115356519 3.7717971529557914 7.394100638377079 23.272326218676305 1.011599505142673 9.144688548623279 4.692276024013502 -4.78163622559796 -2.6321469301082687 -6.1419249060711305 2.911794123615312
27.23446893787575 12.579542280222658 3.69771346702338 7.172784245061212 5.204860433557226 0.17452341849811148 1.5921993833452497 16.119448856787145 22.778392954682054 36.66698825871123 18.743975486756607 21.25699199323626 10.539058973093443 14.915511539820937 2.1442001606014296 5.1142329273264115 21.747391775430305 9.584036637924688 13.392082381537094 3.7789694191363665 7.401272904557654 23.27949848485688 1.018771771323248 9.151860814803854 4.699448290194077 -4.7744639594173846 -2.6249746639276936 -6.134752639890555 2.9189663897958873
27.294589178356713 12.586707493534117 3.70487868033484 7.179949458372672 5.212025646868703 0.18168863180957118 1.5993645966567094 16.126614070098604 22.785558167993514 36.67415347202269 18.751140700068074 21.264157206547726 10.546224186404903 14.922676753132414 2.1513653739128893 5.121398140637889 21.754556988741776 9.591201851236148 13.399247594848553 3.786134632447826 7.408438117869114 23.28666369816834 1.0259369846347077 9.159026028115331 4.706613503505537 -4.767298746105925 -2.617809450616234 -6.127587426579096 2.926131603107347
27.354709418837675 12.593865654879242 3.7120368416799643 7.187107619717814 5.2191838082138275 0.18884679315469555 1.6065227580018338 16.13377223144373 22.79271632933865 36.68131163336782 18.7582988614132 21.27131536789285 10.553382347750027 14.929834914477539 2.1585235352580137 5.128556301983013 21.7617151500869 9.59836001258129 13.406405756193696 3.7932927937929506 7.415596279214238 23.293821859513475 1.033095145979832 9.166184189460456 4.713771664850661 -4.760140584760783 -2.610651289271092 -6.120429265233971 2.9332897644524714
27.414829659318634 12.601016766360225 3.7191879531609473 7.194258731198779 5.226334919694793 0.19599790463567857 1.6136738694828168 16.14092334292471 22.799867440819625 36.6884627448488 18.76544997289418 21.278466479373833 10.56053345923101 14.936986025958522 2.1656746467389967 5.135707413463996 21.768866261567872 9.605511124062255 13.41355686767466 3.8004439052739336 7.422747390695221 23.30097297099445 1.0402462574608151 9.173335300941421 4.720922776331644 -4.7529894732798175 -2.6035001777901265 -6.113278153752988 2.9404408759334544
27.474949899799597 12.608160827119317 3.7263320139200395 7.201402791957872 5.233478980453885 0.2031419653947708 1.620817930241909 16.148067403683804 22.807011501578714 36.69560680560789 18.772594033653274 21.285610540132918 10.567677519990102 14.944130086717614 2.172818707498089 5.142851474223089 21.776010322326965 9.612655184821348 13.420700928433753 3.807587966033026 7.4298914514543135 23.30811703175354 1.0473903182199074 9.180479361700513 4.728066837090736 -4.745845412520725 -2.5963561170310343 -6.106134092993896 2.9475849366925466
27.53507014028056 12.615297836233985 3.733469023034708 7.20853980107254 5.240615989568553 0.2102789745094391 1.6279549393565773 16.155204412798472 22.814148510693386 36.70274381472256 18.779731042767942 21.292747549247593 10.57481452910477 14.951267095832282 2.179955716612757 5.149988483337757 21.783147331441633 9.619792193936016 13.427837937548421 3.814724975147694 7.437028460568982 23.31525404086821 1.0545273273345757 9.187616370815181 4.735203846205405 -4.738708403406057 -2.589219107916366 -6.098997083879228 2.954721945807215
27.595190380761522 12.622427799111318 3.7405989859120403 7.21566976394989 5.247745952445904 0.21740893738678935 1.6350849022339098 16.162334375675805 22.821278473570725 36.709873777599896 18.78686100564528 21.299877512124933 10.58194449198212 14.958397058709615 2.1870856794900897 5.157118446215089 21.790277294318976 9.626922156813366 13.434967900425772 3.8218549380250266 7.444158423446314 23.32238400374555 1.0616572902119081 9.194746333692532 4.742333809082737 -4.731578440528707 -2.5820891450390158 -6.091867121001895 2.961851908684565
27.655310621242485 12.629550716247717 3.74772190304844 7.22279268108629 5.254868869582303 0.2245318545231889 1.6422078193703094 16.169457292812204 22.828401390707125 36.716996694736295 18.79398392278168 21.307000429261333 10.58906740911852 14.965519975846014 2.1942085966264893 5.164241363351489 21.797400211455376 9.634045073949766 13.442090817562171 3.828977855161426 7.451281340582714 23.32950692088195 1.0687802073483255 9.201869250828931 4.749456726219137 -4.724455523392307 -2.574966227902616 -6.084744203865496 2.9689748258209647
27.715430861723444 12.636666583386216 3.7548377701869384 7.2299085482247705 5.261984736720784 0.2316477216616697 1.649323686508808 16.176573159950703 22.835517257845616 36.72411256187478 18.801099789920173 21.314116296399824 10.596183276257001 14.972635842984513 2.201324463764988 5.1713572304899875 21.804516078593863 9.641160941088247 13.449206684700652 3.8360937222999247 7.458397207721212 23.336622788020442 1.0758960744868062 9.208985117967412 4.756572593357635 -4.717339656253826 -2.5678503607641354 -6.077628336726997 2.9760906929594455
27.775551102204407 12.643775401214867 3.7619465880155722 7.237017366053422 5.2690935545494355 0.23875653949032127 1.6564325043374417 16.183681977779337 22.842626075674257 36.731221379703435 18.808208607748814 21.321225114228465 10.603292094085653 14.979744660813147 2.2084332815936394 5.178466048318621 21.811624896422515 9.648269758916898 13.456315502529304 3.8432025401285763 7.465506025549864 23.343731605849083 1.0830048923154578 9.216093935796064 4.763681411186287 -4.710230838425175 -2.560741542935484 -6.070519518898346 2.983199510788097
27.83567134268537 12.65087717393902 3.769048360739742 7.244119138777574 5.276195327273587 0.24585831221447307 1.6635342770616113 16.190783750503506 22.849727848398416 36.73832315242759 18.815310380472976 21.328326886952627 10.610393866809805 14.986846433537316 2.215535054317791 5.185567821042791 21.818726669146667 9.65537153164105 13.463417275253455 3.850304312852728 7.472607798274016 23.350833378573242 1.0901066650396096 9.223195708520215 4.770783183910439 -4.703129065701023 -2.553639770211332 -6.063417746174194 2.990301283512249
27.895791583166332 12.657971902288843 3.7761430890895653 7.251213867127397 5.283290055623411 0.25295304056429657 1.6706290054114348 16.19787847885333 22.856822576748243 36.74541788077742 18.8224051088228 21.33542161530244 10.617488595159628 14.99394116188714 2.2226297826676147 5.192662549392597 21.82582139749649 9.662466259990873 13.470512003603279 3.8573990412025516 7.479702526623839 23.35792810692307 1.0972013933894331 9.230290436870039 4.777877912260262 -4.6960343373511995 -2.5465450418615085 -6.05632301782437 2.9973960118620724
27.955911823647295 12.665059586605008 3.7832307734057125 7.258301551443562 5.290377739939576 0.2600407248804615 1.677716689727582 16.204966163169477 22.863910261064397 36.75250556509358 18.829492793138957 21.34250929961861 10.624576279475793 15.001028846203287 2.2297174669837796 5.1997502337087615 21.832909081812655 9.669553944307038 13.477599687919444 3.8644867255187165 7.486790210940004 23.365015791239223 1.104289077705598 9.237378121186204 4.784965596576427 -4.6889466530350346 -2.5394573575453436 -6.049235333508205 3.0044836961782373
28.016032064128254 12.672140224399389 3.7903114112001113 7.265382189237943 5.297458377733957 0.26712136267484254 1.6847973275219807 16.212046800963876 22.870990898858786 36.75958620288796 18.836573430933345 21.34958993741299 10.631656917270174 15.008109483997686 2.2367981047781607 5.206830871503143 21.839989719607036 9.67663458210142 13.484680325713825 3.8715673633130976 7.493870848734385 23.37209642903361 1.111369715499979 9.244458758980585 4.792046234370808 -4.6818660152406535 -2.5323767197509626 -6.042154695713824 3.0115643339726184
28.076152304609217 12.679213820543858 3.7973850073445625 7.272455785382412 5.304531973878426 0.27419495881931155 1.691870923666432 16.219120397108327 22.878064495003247 36.76665979903243 18.843647027077804 21.356663533557455 10.638730513414643 15.015183080142137 2.243871700922612 5.213904467647612 21.847063315751505 9.683708178245888 13.491753921858294 3.8786409594575666 7.500944444878854 23.379170025178073 1.118443311644448 9.251532355125054 4.799119830515277 -4.6747924190961845 -2.5253031236064936 -6.035081099569355 3.0186379301170874
28.13627254509018 12.68628037492471 3.8044515617254326 7.279522339763265 5.311598528259278 0.2812615132001639 1.698937478047302 16.226186951489197 22.885131049384107 36.77372635341328 18.85071358145866 21.36373008793831 10.645797067795495 15.02224963452299 2.250938255303482 5.220971022028464 21.854129870132358 9.69077473262674 13.498820476239146 3.885707513838419 7.508010999259707 23.386236579558933 1.1255098660253005 9.258598909505906 4.8061863848961295 -4.667725864715332 -2.518236569225641 -6.028014545188503 3.0257044844979397
28.196392785571142 12.6933398892991 3.8115110760998228 7.286581854137655 5.318658042633686 0.288321027574554 1.7059969924216922 16.233246465863587 22.892190563758497 36.78078586778767 18.857773095833057 21.37078960231271 10.652856582169886 15.029309148897397 2.257997769677872 5.228030536402872 21.861189384506748 9.697834247001131 13.505879990613536 3.892767028212809 7.515070513634097 23.393296093933323 1.1325693803996906 9.265658423880296 4.81324589927052 -4.660666350340942 -2.511177054851251 -6.020955030814113 3.03276399887233
28.256513026052104 12.700392363906534 3.818563550707257 7.293634328745089 5.32571051724112 0.2953735021819881 1.7130494670291263 16.24029894047102 22.89924303836593 36.787838342395105 18.86482557044049 21.377842076920142 10.65990905677732 15.036361623504831 2.265050244285306 5.235083011010306 21.868241859114192 9.704886721608565 13.51293246522097 3.899819502820243 7.522122988241531 23.400348568540757 1.1396218550071247 9.272710898487748 4.820298373877954 -4.653613875733508 -2.504124580243817 -6.013902556206679 3.039816473479764
