web/models/kne/12/villar_0.0148_0.3590_1.0000.dat
# %ECSV 1.0
# ---
# datatype:
# - {name: time, datatype: float64}
# - {name: swift_uvot_uvw2, datatype: float64}
# - {name: swift_uvot_uvm2, datatype: float64}
# - {name: swift_uvot_uvw1, datatype: float64}
# - {name: swift_uvot_U, datatype: float64}
# - {name: swift_uvot_B, datatype: float64}
# - {name: swift_uvot_V, datatype: float64}
# - {name: swift_uvot_W, datatype: float64}
# - {name: johnson_U, datatype: float64}
# - {name: johnson_B, datatype: float64}
# - {name: johnson_V, datatype: float64}
# - {name: johnson_R, datatype: float64}
# - {name: johnson_I, datatype: float64}
# - {name: sdss_u, datatype: float64}
# - {name: sdss_g, datatype: float64}
# - {name: sdss_r, datatype: float64}
# - {name: sdss_i, datatype: float64}
# - {name: sdss_z, datatype: float64}
# - {name: PS1_g, datatype: float64}
# - {name: PS1_r, datatype: float64}
# - {name: PS1_i, datatype: float64}
# - {name: PS1_z, datatype: float64}
# - {name: PS1_Y, datatype: float64}
# - {name: PS1_w, datatype: float64}
# - {name: ATLAS_c, datatype: float64}
# - {name: ATLAS_o, datatype: float64}
# - {name: ukirt_J, datatype: float64}
# - {name: ukirt_H, datatype: float64}
# - {name: ukirt_K, datatype: float64}
# - {name: Clear, datatype: float64}
# meta: !!omap
# - comment: [kappa = 1.0, type = villar, mass = 0.014775890654408853, velocity = 0.359, theta_obs = 0.0]
# schema: astropy-2.0
time swift_uvot_uvw2 swift_uvot_uvm2 swift_uvot_uvw1 swift_uvot_U swift_uvot_B swift_uvot_V swift_uvot_W johnson_U johnson_B johnson_V johnson_R johnson_I sdss_u sdss_g sdss_r sdss_i sdss_z PS1_g PS1_r PS1_i PS1_z PS1_Y PS1_w ATLAS_c ATLAS_o ukirt_J ukirt_H ukirt_K Clear
[from data line 146]
0.077495 -11.818 -12.104 -12.386 -12.833 -12.921 -12.873 -12.517 -12.857 -12.919 -12.867 -12.707 -12.459 -12.855 -12.914 -12.793 -12.623 -12.422 -12.92 -12.802 -12.631 -12.482 -12.405 -12.779 -12.873 -12.721 -11.944 -11.503 -10.96 -12.788
0.079839 -11.82 -12.111 -12.4 -12.859 -12.954 -12.91 -12.539 -12.884 -12.952 -12.905 -12.749 -12.504 -12.882 -12.948 -12.833 -12.666 -12.467 -12.955 -12.842 -12.674 -12.527 -12.45 -12.818 -12.91 -12.762 -11.992 -11.553 -11.011 -12.826
0.082253 -11.821 -12.116 -12.413 -12.884 -12.986 -12.948 -12.561 -12.91 -12.984 -12.942 -12.79 -12.548 -12.908 -12.982 -12.873 -12.709 -12.512 -12.989 -12.882 -12.717 -12.571 -12.495 -12.857 -12.947 -12.803 -12.039 -11.602 -11.062 -12.864
0.084741 -11.822 -12.121 -12.425 -12.908 -13.018 -12.985 -12.582 -12.936 -13.016 -12.98 -12.831 -12.592 -12.934 -13.016 -12.913 -12.751 -12.556 -13.024 -12.921 -12.759 -12.615 -12.54 -12.896 -12.983 -12.844 -12.087 -11.652 -11.112 -12.902
0.087304 -11.822 -12.125 -12.437 -12.932 -13.049 -13.022 -12.603 -12.962 -13.047 -13.017 -12.872 -12.636 -12.959 -13.049 -12.952 -12.794 -12.601 -13.058 -12.96 -12.802 -12.659 -12.584 -12.934 -13.019 -12.885 -12.135 -11.701 -11.163 -12.939
0.089944 -11.821 -12.129 -12.449 -12.956 -13.08 -13.058 -12.624 -12.987 -13.079 -13.053 -12.913 -12.68 -12.983 -13.083 -12.991 -12.836 -12.645 -13.092 -12.999 -12.844 -12.703 -12.629 -12.972 -13.054 -12.925 -12.183 -11.75 -11.214 -12.976
0.092665 -11.82 -12.132 -12.459 -12.98 -13.111 -13.095 -12.644 -13.011 -13.109 -13.09 -12.953 -12.724 -13.008 -13.115 -13.03 -12.878 -12.69 -13.125 -13.038 -12.886 -12.747 -12.673 -13.01 -13.09 -12.965 -12.23 -11.8 -11.264 -13.014
0.095467 -11.818 -12.134 -12.47 -13.002 -13.141 -13.131 -12.665 -13.036 -13.14 -13.126 -12.993 -12.768 -13.032 -13.148 -13.069 -12.92 -12.734 -13.159 -13.077 -12.928 -12.79 -12.718 -13.048 -13.125 -13.005 -12.277 -11.849 -11.315 -13.05
0.098355 -11.816 -12.136 -12.479 -13.025 -13.172 -13.167 -12.684 -13.059 -13.17 -13.162 -13.033 -12.811 -13.055 -13.18 -13.107 -12.961 -12.778 -13.191 -13.115 -12.969 -12.834 -12.762 -13.086 -13.16 -13.045 -12.325 -11.898 -11.365 -13.087
0.101329 -11.813 -12.137 -12.489 -13.047 -13.201 -13.202 -12.704 -13.083 -13.2 -13.198 -13.073 -12.855 -13.078 -13.212 -13.145 -13.003 -12.822 -13.224 -13.153 -13.011 -12.877 -12.806 -13.123 -13.194 -13.085 -12.372 -11.947 -11.416 -13.123
0.104394 -11.809 -12.137 -12.497 -13.068 -13.231 -13.238 -12.723 -13.106 -13.229 -13.233 -13.113 -12.898 -13.101 -13.243 -13.183 -13.044 -12.865 -13.256 -13.191 -13.052 -12.92 -12.849 -13.16 -13.229 -13.124 -12.419 -11.996 -11.466 -13.159
0.107551 -11.804 -12.136 -12.505 -13.089 -13.26 -13.272 -12.742 -13.128 -13.258 -13.268 -13.152 -12.941 -13.123 -13.274 -13.221 -13.085 -12.909 -13.288 -13.229 -13.093 -12.963 -12.893 -13.197 -13.263 -13.163 -12.466 -12.044 -11.516 -13.195
0.110804 -11.799 -12.135 -12.512 -13.11 -13.288 -13.307 -12.76 -13.15 -13.287 -13.303 -13.191 -12.984 -13.145 -13.305 -13.258 -13.126 -12.952 -13.32 -13.266 -13.134 -13.006 -12.937 -13.233 -13.296 -13.202 -12.513 -12.093 -11.567 -13.231
0.114155 -11.793 -12.133 -12.519 -13.13 -13.316 -13.342 -12.779 -13.172 -13.315 -13.338 -13.23 -13.026 -13.166 -13.336 -13.296 -13.167 -12.995 -13.351 -13.304 -13.175 -13.048 -12.98 -13.269 -13.33 -13.241 -12.559 -12.142 -11.617 -13.266
0.117608 -11.787 -12.13 -12.525 -13.15 -13.344 -13.376 -12.796 -13.193 -13.343 -13.372 -13.269 -13.069 -13.186 -13.366 -13.333 -13.207 -13.038 -13.382 -13.34 -13.215 -13.091 -13.023 -13.305 -13.363 -13.279 -12.606 -12.19 -11.667 -13.301
0.121165 -11.78 -12.126 -12.531 -13.169 -13.372 -13.409 -12.814 -13.213 -13.371 -13.406 -13.308 -13.111 -13.207 -13.395 -13.369 -13.248 -13.081 -13.413 -13.377 -13.255 -13.133 -13.067 -13.341 -13.396 -13.317 -12.653 -12.239 -11.717 -13.336
0.124829 -11.772 -12.122 -12.536 -13.187 -13.399 -13.443 -12.831 -13.233 -13.398 -13.439 -13.346 -13.153 -13.226 -13.425 -13.406 -13.288 -13.124 -13.443 -13.413 -13.295 -13.175 -13.11 -13.377 -13.428 -13.355 -12.699 -12.287 -11.767 -13.371
0.128605 -11.763 -12.117 -12.54 -13.205 -13.425 -13.476 -12.847 -13.253 -13.425 -13.473 -13.384 -13.195 -13.245 -13.454 -13.442 -13.327 -13.166 -13.473 -13.449 -13.335 -13.217 -13.152 -13.412 -13.46 -13.393 -12.745 -12.335 -11.816 -13.405
0.132494 -11.753 -12.111 -12.543 -13.223 -13.452 -13.509 -12.864 -13.272 -13.451 -13.506 -13.421 -13.237 -13.264 -13.482 -13.478 -13.367 -13.209 -13.502 -13.485 -13.375 -13.259 -13.195 -13.447 -13.492 -13.43 -12.791 -12.383 -11.866 -13.439
0.136502 -11.743 -12.104 -12.546 -13.239 -13.477 -13.541 -12.88 -13.29 -13.477 -13.538 -13.459 -13.279 -13.282 -13.51 -13.513 -13.406 -13.251 -13.532 -13.521 -13.414 -13.3 -13.237 -13.481 -13.523 -13.467 -12.837 -12.431 -11.916 -13.473
0.14063 -11.732 -12.096 -12.548 -13.256 -13.503 -13.573 -12.895 -13.308 -13.502 -13.57 -13.496 -13.32 -13.3 -13.538 -13.548 -13.445 -13.293 -13.56 -13.556 -13.453 -13.341 -13.28 -13.516 -13.554 -13.504 -12.883 -12.479 -11.965 -13.506
0.144883 -11.72 -12.087 -12.55 -13.271 -13.527 -13.605 -12.91 -13.325 -13.527 -13.602 -13.533 -13.361 -13.316 -13.566 -13.583 -13.484 -13.334 -13.589 -13.591 -13.492 -13.383 -13.322 -13.55 -13.585 -13.541 -12.929 -12.527 -12.015 -13.539
0.149265 -11.707 -12.077 -12.55 -13.286 -13.552 -13.637 -12.925 -13.342 -13.552 -13.634 -13.57 -13.402 -13.333 -13.592 -13.618 -13.523 -13.376 -13.616 -13.625 -13.53 -13.423 -13.364 -13.583 -13.615 -13.577 -12.974 -12.574 -12.064 -13.572
0.15378 -11.694 -12.067 -12.55 -13.301 -13.576 -13.668 -12.939 -13.358 -13.576 -13.665 -13.606 -13.443 -13.349 -13.619 -13.652 -13.561 -13.417 -13.644 -13.66 -13.569 -13.464 -13.406 -13.617 -13.645 -13.613 -13.019 -12.622 -12.114 -13.604
0.15843 -11.68 -12.055 -12.549 -13.315 -13.599 -13.698 -12.953 -13.374 -13.599 -13.696 -13.642 -13.483 -13.364 -13.645 -13.686 -13.599 -13.458 -13.671 -13.694 -13.607 -13.504 -13.447 -13.65 -13.675 -13.649 -13.065 -12.669 -12.163 -13.637
0.163222 -11.664 -12.043 -12.548 -13.328 -13.622 -13.728 -12.967 -13.389 -13.622 -13.726 -13.678 -13.523 -13.378 -13.671 -13.72 -13.637 -13.499 -13.698 -13.727 -13.645 -13.545 -13.489 -13.682 -13.704 -13.684 -13.11 -12.717 -12.212 -13.668
0.168159 -11.649 -12.029 -12.545 -13.341 -13.644 -13.758 -12.98 -13.403 -13.645 -13.756 -13.713 -13.563 -13.392 -13.696 -13.753 -13.675 -13.539 -13.724 -13.761 -13.682 -13.585 -13.53 -13.715 -13.733 -13.719 -13.154 -12.764 -12.261 -13.7
0.173245 -11.632 -12.015 -12.542 -13.353 -13.666 -13.788 -12.992 -13.416 -13.667 -13.786 -13.748 -13.603 -13.405 -13.72 -13.786 -13.712 -13.58 -13.75 -13.793 -13.719 -13.624 -13.571 -13.747 -13.761 -13.754 -13.199 -12.811 -12.31 -13.731
0.178484 -11.614 -11.999 -12.538 -13.364 -13.687 -13.817 -13.004 -13.429 -13.688 -13.815 -13.783 -13.642 -13.418 -13.744 -13.818 -13.749 -13.62 -13.775 -13.826 -13.756 -13.664 -13.612 -13.779 -13.789 -13.789 -13.244 -12.858 -12.359 -13.762
0.183882 -11.595 -11.983 -12.533 -13.374 -13.708 -13.845 -13.016 -13.442 -13.709 -13.844 -13.817 -13.681 -13.429 -13.768 -13.85 -13.785 -13.66 -13.8 -13.858 -13.793 -13.703 -13.652 -13.81 -13.816 -13.823 -13.288 -12.905 -12.407 -13.792
0.189444 -11.576 -11.965 -12.527 -13.384 -13.728 -13.873 -13.027 -13.453 -13.729 -13.872 -13.852 -13.72 -13.441 -13.791 -13.882 -13.822 -13.699 -13.824 -13.89 -13.829 -13.742 -13.692 -13.841 -13.843 -13.856 -13.332 -12.951 -12.456 -13.822
0.195173 -11.555 -11.946 -12.52 -13.393 -13.748 -13.901 -13.038 -13.464 -13.749 -13.9 -13.885 -13.759 -13.451 -13.814 -13.913 -13.858 -13.738 -13.848 -13.921 -13.865 -13.781 -13.732 -13.871 -13.87 -13.89 -13.376 -12.998 -12.504 -13.852
0.201076 -11.534 -11.926 -12.513 -13.401 -13.767 -13.928 -13.048 -13.474 -13.768 -13.927 -13.919 -13.797 -13.461 -13.836 -13.944 -13.893 -13.778 -13.871 -13.952 -13.901 -13.819 -13.772 -13.901 -13.896 -13.923 -13.42 -13.044 -12.553 -13.881
0.207158 -11.512 -11.905 -12.504 -13.409 -13.785 -13.955 -13.057 -13.484 -13.787 -13.954 -13.952 -13.835 -13.469 -13.857 -13.975 -13.929 -13.816 -13.893 -13.983 -13.936 -13.857 -13.812 -13.931 -13.921 -13.955 -13.464 -13.09 -12.601 -13.91
0.213423 -11.488 -11.882 -12.494 -13.415 -13.803 -13.981 -13.066 -13.492 -13.804 -13.981 -13.984 -13.873 -13.477 -13.878 -14.005 -13.963 -13.855 -13.916 -14.013 -13.971 -13.895 -13.851 -13.96 -13.946 -13.988 -13.507 -13.136 -12.649 -13.938
0.219878 -11.464 -11.859 -12.484 -13.421 -13.82 -14.007 -13.075 -13.5 -13.822 -14.006 -14.016 -13.911 -13.485 -13.898 -14.035 -13.998 -13.893 -13.937 -14.043 -14.006 -13.932 -13.89 -13.989 -13.971 -14.019 -13.55 -13.182 -12.697 -13.966
0.226528 -11.439 -11.834 -12.472 -13.426 -13.836 -14.032 -13.083 -13.507 -13.838 -14.032 -14.048 -13.948 -13.491 -13.918 -14.064 -14.032 -13.931 -13.958 -14.072 -14.04 -13.97 -13.929 -14.018 -13.995 -14.051 -13.593 -13.228 -12.745 -13.994
0.233379 -11.413 -11.808 -12.46 -13.43 -13.852 -14.056 -13.09 -13.513 -13.854 -14.057 -14.079 -13.985 -13.496 -13.937 -14.092 -14.066 -13.968 -13.978 -14.1 -14.074 -14.006 -13.967 -14.046 -14.018 -14.082 -13.636 -13.273 -12.792 -14.021
0.240437 -11.385 -11.78 -12.446 -13.433 -13.867 -14.08 -13.097 -13.518 -13.869 -14.081 -14.11 -14.021 -13.501 -13.955 -14.121 -14.099 -14.005 -13.998 -14.129 -14.108 -14.043 -14.006 -14.073 -14.041 -14.112 -13.678 -13.318 -12.84 -14.047
0.247709 -11.357 -11.751 -12.431 -13.435 -13.881 -14.104 -13.103 -13.523 -13.884 -14.104 -14.141 -14.057 -13.505 -13.973 -14.148 -14.132 -14.042 -14.017 -14.156 -14.141 -14.079 -14.043 -14.1 -14.063 -14.142 -13.72 -13.363 -12.887 -14.073
0.255201 -11.327 -11.72 -12.415 -13.436 -13.895 -14.126 -13.108 -13.526 -13.897 -14.127 -14.171 -14.093 -13.507 -13.989 -14.175 -14.165 -14.079 -14.035 -14.184 -14.173 -14.115 -14.081 -14.126 -14.085 -14.172 -13.762 -13.408 -12.935 -14.099
0.262919 -11.297 -11.688 -12.398 -13.437 -13.907 -14.148 -13.113 -13.528 -13.91 -14.15 -14.2 -14.128 -13.509 -14.006 -14.202 -14.197 -14.115 -14.053 -14.21 -14.206 -14.15 -14.118 -14.152 -14.106 -14.201 -13.804 -13.453 -12.982 -14.124
0.270871 -11.265 -11.655 -12.379 -13.436 -13.919 -14.17 -13.117 -13.53 -13.922 -14.172 -14.229 -14.163 -13.51 -14.021 -14.228 -14.229 -14.15 -14.07 -14.236 -14.237 -14.185 -14.155 -14.178 -14.126 -14.229 -13.846 -13.497 -13.028 -14.148
0.279064 -11.232 -11.62 -12.36 -13.434 -13.93 -14.191 -13.12 -13.53 -13.933 -14.193 -14.258 -14.198 -13.51 -14.036 -14.253 -14.26 -14.186 -14.086 -14.262 -14.269 -14.22 -14.192 -14.202 -14.146 -14.257 -13.887 -13.542 -13.075 -14.172
0.287504 -11.198 -11.583 -12.339 -13.431 -13.94 -14.211 -13.123 -13.529 -13.943 -14.213 -14.286 -14.232 -13.508 -14.049 -14.278 -14.291 -14.221 -14.101 -14.287 -14.299 -14.254 -14.228 -14.227 -14.165 -14.285 -13.928 -13.586 -13.122 -14.196
0.296199 -11.163 -11.544 -12.316 -13.426 -13.949 -14.23 -13.125 -13.527 -13.953 -14.233 -14.313 -14.265 -13.505 -14.062 -14.302 -14.321 -14.255 -14.116 -14.311 -14.33 -14.288 -14.263 -14.25 -14.183 -14.312 -13.968 -13.629 -13.168 -14.219
0.305157 -11.127 -11.504 -12.293 -13.421 -13.957 -14.249 -13.126 -13.524 -13.961 -14.252 -14.34 -14.299 -13.502 -14.075 -14.326 -14.35 -14.289 -14.13 -14.335 -14.359 -14.321 -14.299 -14.273 -14.2 -14.338 -14.008 -13.673 -13.214 -14.241
0.314387 -11.089 -11.462 -12.268 -13.414 -13.964 -14.267 -13.126 -13.52 -13.969 -14.27 -14.366 -14.331 -13.497 -14.086 -14.349 -14.379 -14.323 -14.142 -14.358 -14.389 -14.354 -14.334 -14.295 -14.217 -14.363 -14.048 -13.716 -13.26 -14.262
0.323895 -11.051 -11.418 -12.241 -13.406 -13.971 -14.284 -13.125 -13.515 -13.975 -14.287 -14.391 -14.363 -13.49 -14.096 -14.371 -14.408 -14.356 -14.154 -14.38 -14.417 -14.386 -14.368 -14.317 -14.233 -14.388 -14.088 -13.759 -13.306 -14.283
0.333691 -11.011 -11.372 -12.213 -13.397 -13.976 -14.3 -13.124 -13.508 -13.98 -14.304 -14.416 -14.395 -13.483 -14.105 -14.392 -14.436 -14.388 -14.165 -14.401 -14.445 -14.418 -14.402 -14.338 -14.248 -14.413 -14.127 -13.802 -13.351 -14.303
0.343783 -10.97 -11.324 -12.183 -13.386 -13.98 -14.315 -13.121 -13.5 -13.985 -14.319 -14.44 -14.426 -13.474 -14.113 -14.413 -14.463 -14.42 -14.175 -14.422 -14.473 -14.449 -14.436 -14.358 -14.262 -14.436 -14.166 -13.844 -13.397 -14.323
0.354181 -10.927 -11.274 -12.151 -13.374 -13.982 -14.329 -13.118 -13.49 -13.988 -14.334 -14.464 -14.457 -13.463 -14.121 -14.432 -14.489 -14.452 -14.184 -14.442 -14.499 -14.48 -14.469 -14.377 -14.275 -14.459 -14.204 -13.886 -13.442 -14.341
0.364893 -10.883 -11.221 -12.118 -13.36 -13.984 -14.342 -13.113 -13.479 -13.99 -14.347 -14.486 -14.487 -13.452 -14.127 -14.451 -14.515 -14.483 -14.192 -14.461 -14.525 -14.51 -14.501 -14.396 -14.287 -14.481 -14.242 -13.928 -13.486 -14.359
0.375929 -10.838 -11.167 -12.083 -13.345 -13.984 -14.355 -13.108 -13.467 -13.99 -14.36 -14.508 -14.516 -13.438 -14.132 -14.469 -14.54 -14.513 -14.199 -14.479 -14.551 -14.54 -14.533 -14.414 -14.299 -14.503 -14.28 -13.969 -13.531 -14.376
0.387298 -10.792 -11.109 -12.046 -13.328 -13.983 -14.366 -13.101 -13.453 -13.99 -14.372 -14.529 -14.545 -13.423 -14.135 -14.486 -14.565 -14.543 -14.205 -14.497 -14.575 -14.568 -14.565 -14.431 -14.309 -14.523 -14.317 -14.01 -13.575 -14.393
0.399012 -10.745 -11.05 -12.007 -13.31 -13.981 -14.376 -13.093 -13.437 -13.988 -14.382 -14.55 -14.573 -13.406 -14.138 -14.503 -14.588 -14.572 -14.21 -14.513 -14.599 -14.597 -14.596 -14.447 -14.318 -14.543 -14.353 -14.051 -13.619 -14.408
0.41108 -10.696 -10.987 -11.967 -13.289 -13.977 -14.385 -13.084 -13.419 -13.984 -14.392 -14.569 -14.6 -13.388 -14.139 -14.518 -14.611 -14.6 -14.213 -14.528 -14.622 -14.624 -14.626 -14.462 -14.326 -14.562 -14.39 -14.091 -13.662 -14.423
0.423513 -10.646 -10.922 -11.924 -13.267 -13.972 -14.393 -13.074 -13.4 -13.979 -14.4 -14.587 -14.627 -13.367 -14.139 -14.532 -14.633 -14.628 -14.215 -14.543 -14.644 -14.651 -14.655 -14.476 -14.332 -14.579 -14.425 -14.131 -13.706 -14.436
0.436321 -10.594 -10.854 -11.878 -13.242 -13.965 -14.4 -13.063 -13.379 -13.973 -14.407 -14.605 -14.653 -13.345 -14.137 -14.545 -14.654 -14.655 -14.215 -14.556 -14.665 -14.677 -14.684 -14.489 -14.338 -14.596 -14.46 -14.171 -13.749 -14.449
0.449518 -10.542 -10.783 -11.831 -13.216 -13.957 -14.405 -13.05 -13.355 -13.965 -14.413 -14.621 -14.678 -13.321 -14.134 -14.557 -14.674 -14.681 -14.214 -14.568 -14.686 -14.702 -14.712 -14.501 -14.342 -14.612 -14.495 -14.21 -13.791 -14.46
0.463113 -10.488 -10.709 -11.781 -13.188 -13.946 -14.409 -13.035 -13.33 -13.955 -14.417 -14.636 -14.702 -13.294 -14.129 -14.567 -14.693 -14.706 -14.212 -14.579 -14.705 -14.726 -14.74 -14.511 -14.345 -14.626 -14.529 -14.248 -13.833 -14.47
0.47712 -10.433 -10.632 -11.729 -13.157 -13.934 -14.411 -13.019 -13.303 -13.943 -14.42 -14.651 -14.725 -13.266 -14.122 -14.577 -14.711 -14.73 -14.208 -14.588 -14.723 -14.75 -14.766 -14.521 -14.346 -14.64 -14.562 -14.286 -13.875 -14.48
0.49155 -10.377 -10.551 -11.674 -13.123 -13.92 -14.412 -13.002 -13.273 -13.93 -14.422 -14.664 -14.747 -13.235 -14.114 -14.585 -14.728 -14.754 -14.202 -14.597 -14.74 -14.772 -14.792 -14.529 -14.346 -14.652 -14.595 -14.324 -13.917 -14.488
0.506416 -10.32 -10.467 -11.616 -13.088 -13.904 -14.411 -12.983 -13.241 -13.914 -14.421 -14.675 -14.769 -13.201 -14.104 -14.591 -14.744 -14.776 -14.195 -14.604 -14.757 -14.794 -14.817 -14.536 -14.344 -14.663 -14.627 -14.361 -13.958 -14.495
0.521733 -10.262 -10.378 -11.555 -13.049 -13.886 -14.409 -12.962 -13.206 -13.897 -14.419 -14.686 -14.789 -13.165 -14.092 -14.596 -14.759 -14.798 -14.186 -14.609 -14.771 -14.814 -14.841 -14.542 -14.341 -14.673 -14.658 -14.397 -13.998 -14.5
0.537512 -10.203 -10.286 -11.492 -13.008 -13.866 -14.404 -12.939 -13.168 -13.877 -14.416 -14.695 -14.808 -13.126 -14.078 -14.6 -14.772 -14.818 -14.175 -14.613 -14.785 -14.833 -14.864 -14.546 -14.335 -14.681 -14.688 -14.433 -14.038 -14.504
