web/models/kne/12/villar_0.0416_0.0927_1.0000.dat
# %ECSV 1.0
# ---
# datatype:
# - {name: time, datatype: float64}
# - {name: swift_uvot_uvw2, datatype: float64}
# - {name: swift_uvot_uvm2, datatype: float64}
# - {name: swift_uvot_uvw1, datatype: float64}
# - {name: swift_uvot_U, datatype: float64}
# - {name: swift_uvot_B, datatype: float64}
# - {name: swift_uvot_V, datatype: float64}
# - {name: swift_uvot_W, datatype: float64}
# - {name: johnson_U, datatype: float64}
# - {name: johnson_B, datatype: float64}
# - {name: johnson_V, datatype: float64}
# - {name: johnson_R, datatype: float64}
# - {name: johnson_I, datatype: float64}
# - {name: sdss_u, datatype: float64}
# - {name: sdss_g, datatype: float64}
# - {name: sdss_r, datatype: float64}
# - {name: sdss_i, datatype: float64}
# - {name: sdss_z, datatype: float64}
# - {name: PS1_g, datatype: float64}
# - {name: PS1_r, datatype: float64}
# - {name: PS1_i, datatype: float64}
# - {name: PS1_z, datatype: float64}
# - {name: PS1_Y, datatype: float64}
# - {name: PS1_w, datatype: float64}
# - {name: ATLAS_c, datatype: float64}
# - {name: ATLAS_o, datatype: float64}
# - {name: ukirt_J, datatype: float64}
# - {name: ukirt_H, datatype: float64}
# - {name: ukirt_K, datatype: float64}
# - {name: Clear, datatype: float64}
# meta: !!omap
# - comment: [kappa = 1.0, type = villar, mass = 0.04162766037032262, velocity = 0.09266666666666673, theta_obs = 0.0]
# schema: astropy-2.0
time swift_uvot_uvw2 swift_uvot_uvm2 swift_uvot_uvw1 swift_uvot_U swift_uvot_B swift_uvot_V swift_uvot_W johnson_U johnson_B johnson_V johnson_R johnson_I sdss_u sdss_g sdss_r sdss_i sdss_z PS1_g PS1_r PS1_i PS1_z PS1_Y PS1_w ATLAS_c ATLAS_o ukirt_J ukirt_H ukirt_K Clear
[from data line 217]
0.642731 -13.119 -13.429 -13.752 -14.266 -14.393 -14.374 -13.932 -14.297 -14.392 -14.369 -14.23 -14.0 -14.294 -14.397 -14.308 -14.154 -13.965 -14.406 -14.316 -14.162 -14.022 -13.949 -14.289 -14.37 -14.243 -13.504 -13.072 -12.536 -14.293
0.66217 -13.114 -13.428 -13.759 -14.286 -14.422 -14.409 -13.95 -14.319 -14.42 -14.404 -14.269 -14.042 -14.315 -14.427 -14.345 -14.195 -14.008 -14.438 -14.354 -14.203 -14.065 -13.992 -14.325 -14.403 -14.281 -13.55 -13.121 -12.586 -14.328
0.682197 -13.107 -13.426 -13.766 -14.307 -14.45 -14.443 -13.967 -14.341 -14.449 -14.438 -14.308 -14.085 -14.337 -14.458 -14.382 -14.235 -14.051 -14.469 -14.391 -14.243 -14.107 -14.035 -14.361 -14.436 -14.32 -13.596 -13.169 -12.636 -14.363
0.70283 -13.1 -13.423 -13.772 -14.326 -14.478 -14.477 -13.984 -14.361 -14.476 -14.472 -14.346 -14.127 -14.357 -14.488 -14.419 -14.275 -14.093 -14.5 -14.427 -14.283 -14.149 -14.077 -14.397 -14.469 -14.358 -13.643 -13.217 -12.685 -14.398
0.724086 -13.092 -13.419 -13.777 -14.345 -14.505 -14.51 -14.0 -14.382 -14.504 -14.506 -14.384 -14.169 -14.377 -14.517 -14.455 -14.315 -14.136 -14.53 -14.463 -14.323 -14.191 -14.12 -14.432 -14.502 -14.396 -13.689 -13.265 -12.735 -14.432
0.745986 -13.084 -13.415 -13.782 -14.363 -14.532 -14.543 -14.016 -14.402 -14.53 -14.539 -14.422 -14.21 -14.397 -14.546 -14.491 -14.355 -14.178 -14.56 -14.499 -14.363 -14.232 -14.162 -14.467 -14.534 -14.433 -13.734 -13.312 -12.784 -14.466
0.768548 -13.074 -13.409 -13.785 -14.381 -14.558 -14.576 -14.032 -14.421 -14.557 -14.572 -14.46 -14.252 -14.415 -14.575 -14.527 -14.394 -14.22 -14.589 -14.535 -14.402 -14.274 -14.204 -14.502 -14.565 -14.47 -13.78 -13.36 -12.833 -14.5
0.791792 -13.063 -13.402 -13.788 -14.398 -14.584 -14.608 -14.046 -14.439 -14.583 -14.604 -14.497 -14.293 -14.434 -14.603 -14.562 -14.433 -14.262 -14.618 -14.57 -14.441 -14.315 -14.246 -14.536 -14.597 -14.507 -13.825 -13.407 -12.882 -14.533
0.815739 -13.051 -13.395 -13.79 -14.414 -14.609 -14.64 -14.061 -14.457 -14.608 -14.636 -14.534 -14.334 -14.451 -14.63 -14.597 -14.472 -14.303 -14.647 -14.605 -14.48 -14.355 -14.288 -14.57 -14.627 -14.544 -13.871 -13.455 -12.931 -14.566
0.840411 -13.039 -13.386 -13.791 -14.43 -14.634 -14.672 -14.075 -14.474 -14.633 -14.668 -14.57 -14.374 -14.468 -14.657 -14.632 -14.51 -14.344 -14.675 -14.64 -14.518 -14.396 -14.33 -14.604 -14.658 -14.58 -13.916 -13.502 -12.98 -14.599
0.865828 -13.025 -13.376 -13.791 -14.445 -14.658 -14.703 -14.088 -14.491 -14.657 -14.699 -14.606 -14.415 -14.484 -14.684 -14.666 -14.549 -14.385 -14.702 -14.674 -14.556 -14.436 -14.371 -14.637 -14.688 -14.616 -13.961 -13.549 -13.029 -14.631
0.892015 -13.01 -13.365 -13.79 -14.459 -14.681 -14.733 -14.101 -14.507 -14.68 -14.73 -14.642 -14.455 -14.499 -14.71 -14.7 -14.586 -14.426 -14.729 -14.707 -14.594 -14.476 -14.412 -14.67 -14.717 -14.651 -14.005 -13.596 -13.078 -14.663
0.918993 -12.994 -13.353 -13.789 -14.472 -14.704 -14.763 -14.113 -14.522 -14.703 -14.76 -14.678 -14.494 -14.514 -14.735 -14.733 -14.624 -14.466 -14.756 -14.741 -14.631 -14.516 -14.453 -14.702 -14.746 -14.686 -14.05 -13.643 -13.126 -14.694
0.946787 -12.977 -13.339 -13.786 -14.485 -14.726 -14.793 -14.125 -14.536 -14.726 -14.79 -14.713 -14.534 -14.528 -14.76 -14.766 -14.661 -14.506 -14.782 -14.774 -14.668 -14.555 -14.493 -14.734 -14.775 -14.721 -14.094 -13.689 -13.174 -14.725
0.975422 -12.959 -13.325 -13.782 -14.496 -14.748 -14.822 -14.136 -14.549 -14.747 -14.819 -14.747 -14.573 -14.541 -14.785 -14.798 -14.698 -14.546 -14.807 -14.806 -14.705 -14.595 -14.533 -14.765 -14.802 -14.755 -14.138 -13.735 -13.223 -14.755
1.004923 -12.94 -13.309 -13.777 -14.507 -14.769 -14.851 -14.146 -14.562 -14.768 -14.848 -14.781 -14.612 -14.553 -14.808 -14.83 -14.734 -14.585 -14.832 -14.838 -14.741 -14.633 -14.573 -14.796 -14.83 -14.789 -14.182 -13.782 -13.271 -14.785
1.035317 -12.919 -13.291 -13.771 -14.517 -14.789 -14.879 -14.156 -14.574 -14.789 -14.876 -14.815 -14.65 -14.564 -14.831 -14.862 -14.77 -14.625 -14.856 -14.87 -14.777 -14.672 -14.613 -14.827 -14.857 -14.822 -14.226 -13.828 -13.319 -14.815
1.066629 -12.897 -13.272 -13.764 -14.526 -14.808 -14.906 -14.165 -14.585 -14.808 -14.903 -14.848 -14.688 -14.575 -14.854 -14.893 -14.805 -14.663 -14.88 -14.901 -14.813 -14.71 -14.652 -14.857 -14.883 -14.855 -14.269 -13.873 -13.366 -14.844
1.098888 -12.874 -13.252 -13.756 -14.534 -14.827 -14.933 -14.173 -14.595 -14.827 -14.93 -14.881 -14.726 -14.584 -14.875 -14.923 -14.84 -14.702 -14.902 -14.931 -14.848 -14.748 -14.691 -14.886 -14.908 -14.888 -14.312 -13.919 -13.414 -14.872
1.132124 -12.85 -13.23 -13.746 -14.541 -14.845 -14.959 -14.18 -14.604 -14.845 -14.957 -14.914 -14.763 -14.593 -14.896 -14.953 -14.875 -14.74 -14.924 -14.961 -14.883 -14.785 -14.73 -14.915 -14.933 -14.92 -14.355 -13.964 -13.461 -14.9
1.166364 -12.824 -13.207 -13.735 -14.547 -14.862 -14.984 -14.187 -14.611 -14.862 -14.982 -14.945 -14.8 -14.6 -14.916 -14.983 -14.909 -14.777 -14.946 -14.99 -14.917 -14.822 -14.768 -14.944 -14.957 -14.951 -14.397 -14.009 -13.508 -14.928
1.20164 -12.796 -13.182 -13.723 -14.552 -14.878 -15.009 -14.193 -14.618 -14.879 -15.007 -14.977 -14.837 -14.606 -14.936 -15.011 -14.943 -14.814 -14.966 -15.019 -14.95 -14.858 -14.806 -14.971 -14.981 -14.982 -14.439 -14.054 -13.555 -14.954
1.237983 -12.767 -13.155 -13.709 -14.556 -14.893 -15.033 -14.198 -14.624 -14.894 -15.032 -15.007 -14.873 -14.612 -14.954 -15.039 -14.976 -14.851 -14.986 -15.047 -14.984 -14.894 -14.844 -14.999 -15.004 -15.012 -14.481 -14.099 -13.602 -14.981
1.275425 -12.737 -13.127 -13.694 -14.558 -14.908 -15.056 -14.202 -14.629 -14.909 -15.055 -15.037 -14.908 -14.616 -14.972 -15.067 -15.008 -14.888 -15.005 -15.075 -15.016 -14.93 -14.881 -15.025 -15.026 -15.042 -14.523 -14.143 -13.648 -15.006
1.313999 -12.705 -13.096 -13.678 -14.56 -14.921 -15.079 -14.206 -14.632 -14.922 -15.078 -15.067 -14.944 -14.618 -14.988 -15.094 -15.04 -14.923 -15.023 -15.101 -15.048 -14.965 -14.918 -15.051 -15.047 -15.071 -14.564 -14.187 -13.695 -15.031
1.35374 -12.671 -13.064 -13.659 -14.56 -14.933 -15.101 -14.208 -14.634 -14.934 -15.1 -15.096 -14.978 -14.62 -15.004 -15.12 -15.072 -14.959 -15.04 -15.127 -15.08 -15.0 -14.954 -15.076 -15.067 -15.099 -14.605 -14.23 -13.741 -15.055
1.394683 -12.635 -13.029 -13.639 -14.558 -14.945 -15.121 -14.209 -14.635 -14.946 -15.121 -15.124 -15.012 -14.62 -15.019 -15.145 -15.103 -14.993 -15.056 -15.153 -15.111 -15.034 -14.99 -15.1 -15.087 -15.127 -14.645 -14.274 -13.786 -15.078
1.436864 -12.598 -12.993 -13.618 -14.555 -14.955 -15.141 -14.209 -14.634 -14.956 -15.141 -15.151 -15.046 -14.619 -15.033 -15.169 -15.133 -15.028 -15.072 -15.177 -15.141 -15.067 -15.025 -15.124 -15.106 -15.154 -14.685 -14.317 -13.832 -15.101
1.480321 -12.559 -12.954 -13.594 -14.551 -14.963 -15.16 -14.208 -14.632 -14.965 -15.16 -15.178 -15.078 -14.616 -15.045 -15.193 -15.162 -15.061 -15.086 -15.201 -15.17 -15.1 -15.06 -15.147 -15.123 -15.18 -14.725 -14.36 -13.877 -15.122
1.525092 -12.518 -12.912 -13.569 -14.545 -14.971 -15.178 -14.206 -14.629 -14.973 -15.179 -15.204 -15.111 -14.612 -15.057 -15.216 -15.191 -15.094 -15.099 -15.224 -15.199 -15.132 -15.094 -15.169 -15.14 -15.206 -14.764 -14.402 -13.922 -15.143
1.571218 -12.474 -12.869 -13.542 -14.537 -14.977 -15.195 -14.203 -14.624 -14.979 -15.196 -15.229 -15.142 -14.606 -15.067 -15.237 -15.219 -15.127 -15.111 -15.246 -15.227 -15.164 -15.128 -15.19 -15.155 -15.23 -14.802 -14.444 -13.967 -15.163
1.618738 -12.429 -12.822 -13.512 -14.528 -14.982 -15.211 -14.198 -14.617 -14.985 -15.212 -15.253 -15.173 -14.598 -15.076 -15.258 -15.246 -15.159 -15.121 -15.267 -15.255 -15.195 -15.161 -15.21 -15.17 -15.254 -14.84 -14.485 -14.011 -15.182
1.667696 -12.381 -12.773 -13.48 -14.517 -14.986 -15.225 -14.192 -14.608 -14.988 -15.227 -15.276 -15.203 -14.589 -15.083 -15.278 -15.272 -15.19 -15.13 -15.286 -15.281 -15.225 -15.193 -15.229 -15.183 -15.277 -14.878 -14.526 -14.055 -15.2
1.718134 -12.332 -12.721 -13.446 -14.503 -14.987 -15.239 -14.185 -14.597 -14.99 -15.24 -15.298 -15.232 -14.578 -15.089 -15.297 -15.298 -15.22 -15.138 -15.305 -15.307 -15.255 -15.224 -15.246 -15.195 -15.298 -14.915 -14.567 -14.098 -15.217
1.770098 -12.279 -12.666 -13.41 -14.488 -14.988 -15.251 -14.176 -14.585 -14.991 -15.253 -15.32 -15.261 -14.564 -15.094 -15.314 -15.322 -15.249 -15.145 -15.323 -15.331 -15.283 -15.255 -15.263 -15.206 -15.319 -14.952 -14.607 -14.141 -15.233
1.823633 -12.225 -12.608 -13.371 -14.471 -14.986 -15.261 -14.166 -14.57 -14.989 -15.264 -15.34 -15.289 -14.549 -15.097 -15.331 -15.346 -15.278 -15.15 -15.339 -15.355 -15.311 -15.285 -15.279 -15.215 -15.339 -14.987 -14.647 -14.184 -15.248
1.878788 -12.168 -12.546 -13.329 -14.451 -14.983 -15.271 -14.154 -14.554 -14.986 -15.273 -15.359 -15.315 -14.531 -15.099 -15.346 -15.368 -15.306 -15.153 -15.355 -15.377 -15.338 -15.315 -15.293 -15.223 -15.357 -15.023 -14.686 -14.226 -15.261
1.93561 -12.108 -12.481 -13.284 -14.429 -14.977 -15.278 -14.14 -14.534 -14.981 -15.281 -15.376 -15.341 -14.511 -15.098 -15.36 -15.39 -15.332 -15.155 -15.369 -15.399 -15.364 -15.343 -15.306 -15.229 -15.374 -15.057 -14.725 -14.268 -15.273
1.994152 -12.045 -12.412 -13.237 -14.404 -14.97 -15.284 -14.124 -14.513 -14.975 -15.288 -15.393 -15.366 -14.489 -15.096 -15.372 -15.41 -15.358 -15.155 -15.381 -15.419 -15.389 -15.371 -15.318 -15.233 -15.39 -15.091 -14.763 -14.31 -15.284
2.054463 -11.98 -12.339 -13.186 -14.377 -14.961 -15.288 -14.106 -14.489 -14.965 -15.292 -15.408 -15.389 -14.463 -15.092 -15.383 -15.429 -15.383 -15.152 -15.392 -15.438 -15.412 -15.397 -15.328 -15.236 -15.404 -15.124 -14.8 -14.35 -15.294
2.116599 -11.912 -12.262 -13.132 -14.347 -14.949 -15.291 -14.087 -14.462 -14.954 -15.295 -15.422 -15.412 -14.435 -15.085 -15.392 -15.446 -15.407 -15.148 -15.401 -15.456 -15.435 -15.423 -15.337 -15.237 -15.417 -15.156 -14.837 -14.391 -15.301
2.180614 -11.841 -12.18 -13.074 -14.313 -14.935 -15.291 -14.065 -14.432 -14.94 -15.296 -15.434 -15.433 -14.404 -15.077 -15.399 -15.462 -15.429 -15.142 -15.409 -15.472 -15.456 -15.447 -15.344 -15.236 -15.429 -15.187 -14.873 -14.43 -15.308
2.246566 -11.767 -12.093 -13.012 -14.277 -14.918 -15.29 -14.041 -14.399 -14.924 -15.295 -15.444 -15.453 -14.37 -15.066 -15.405 -15.477 -15.45 -15.134 -15.415 -15.487 -15.477 -15.471 -15.349 -15.233 -15.439 -15.218 -14.908 -14.47 -15.312
2.314511 -11.689 -12.002 -12.947 -14.237 -14.898 -15.286 -14.014 -14.362 -14.905 -15.292 -15.453 -15.472 -14.332 -15.052 -15.409 -15.49 -15.47 -15.123 -15.419 -15.5 -15.495 -15.493 -15.353 -15.228 -15.447 -15.247 -14.942 -14.508 -15.315
2.384512 -11.609 -11.905 -12.877 -14.193 -14.876 -15.28 -13.985 -14.322 -14.883 -15.286 -15.46 -15.489 -14.291 -15.036 -15.41 -15.501 -15.488 -15.109 -15.421 -15.512 -15.513 -15.513 -15.354 -15.22 -15.453 -15.275 -14.976 -14.546 -15.315
2.45663 -11.525 -11.802 -12.803 -14.146 -14.85 -15.271 -13.953 -14.279 -14.858 -15.278 -15.465 -15.504 -14.246 -15.017 -15.41 -15.511 -15.505 -15.093 -15.42 -15.522 -15.528 -15.533 -15.354 -15.21 -15.457 -15.302 -15.008 -14.583 -15.314
2.530929 -11.438 -11.693 -12.724 -14.094 -14.821 -15.26 -13.918 -14.231 -14.829 -15.268 -15.468 -15.518 -14.197 -14.995 -15.407 -15.518 -15.52 -15.074 -15.418 -15.53 -15.542 -15.551 -15.351 -15.198 -15.459 -15.328 -15.04 -14.619 -15.31
2.607475 -11.348 -11.578 -12.64 -14.038 -14.789 -15.246 -13.88 -14.179 -14.797 -15.254 -15.469 -15.53 -14.144 -14.969 -15.401 -15.524 -15.534 -15.051 -15.413 -15.535 -15.555 -15.567 -15.345 -15.182 -15.459 -15.353 -15.071 -14.654 -15.305
2.686337 -11.255 -11.456 -12.551 -13.977 -14.753 -15.228 -13.838 -14.123 -14.762 -15.237 -15.467 -15.541 -14.086 -14.94 -15.393 -15.527 -15.546 -15.026 -15.405 -15.539 -15.565 -15.582 -15.338 -15.163 -15.456 -15.377 -15.101 -14.689 -15.296
2.767583 -11.159 -11.327 -12.456 -13.911 -14.712 -15.208 -13.793 -14.061 -14.722 -15.218 -15.462 -15.549 -14.023 -14.908 -15.382 -15.528 -15.555 -14.997 -15.395 -15.54 -15.573 -15.594 -15.327 -15.141 -15.451 -15.399 -15.129 -14.723 -15.285
2.851287 -11.06 -11.189 -12.355 -13.84 -14.668 -15.184 -13.745 -13.995 -14.678 -15.194 -15.455 -15.555 -13.954 -14.871 -15.368 -15.527 -15.563 -14.964 -15.381 -15.539 -15.58 -15.605 -15.314 -15.116 -15.443 -15.419 -15.156 -14.755 -15.272
2.937522 -10.958 -11.043 -12.247 -13.762 -14.619 -15.156 -13.692 -13.922 -14.63 -15.167 -15.445 -15.558 -13.88 -14.83 -15.351 -15.522 -15.568 -14.927 -15.364 -15.535 -15.583 -15.614 -15.297 -15.087 -15.432 -15.438 -15.182 -14.787 -15.255
3.026365 -10.854 -10.889 -12.133 -13.679 -14.564 -15.124 -13.635 -13.844 -14.576 -15.137 -15.432 -15.559 -13.8 -14.785 -15.33 -15.515 -15.571 -14.885 -15.344 -15.529 -15.585 -15.62 -15.277 -15.054 -15.418 -15.455 -15.207 -14.817 -15.235
3.117896 -10.747 -10.724 -12.011 -13.589 -14.505 -15.088 -13.574 -13.76 -14.518 -15.101 -15.416 -15.558 -13.713 -14.735 -15.306 -15.505 -15.571 -14.839 -15.32 -15.519 -15.584 -15.624 -15.254 -15.017 -15.4 -15.47 -15.229 -14.846 -15.212
3.212194 -10.639 -10.55 -11.882 -13.492 -14.439 -15.047 -13.508 -13.668 -14.453 -15.062 -15.396 -15.554 -13.619 -14.679 -15.277 -15.491 -15.569 -14.788 -15.292 -15.506 -15.579 -15.626 -15.227 -14.975 -15.379 -15.483 -15.251 -14.874 -15.185
3.309345 -10.529 -10.364 -11.745 -13.387 -14.368 -15.002 -13.436 -13.569 -14.383 -15.017 -15.372 -15.546 -13.518 -14.618 -15.244 -15.474 -15.563 -14.732 -15.26 -15.489 -15.572 -15.625 -15.195 -14.928 -15.354 -15.494 -15.27 -14.901 -15.155
3.409434 -10.419 -10.166 -11.598 -13.274 -14.29 -14.95 -13.359 -13.462 -14.306 -14.967 -15.344 -15.535 -13.409 -14.55 -15.206 -15.453 -15.554 -14.67 -15.223 -15.469 -15.561 -15.621 -15.16 -14.876 -15.324 -15.502 -15.288 -14.926 -15.12
3.51255 -10.308 -9.956 -11.443 -13.152 -14.204 -14.894 -13.276 -13.346 -14.222 -14.912 -15.311 -15.521 -13.29 -14.477 -15.164 -15.428 -15.542 -14.601 -15.181 -15.444 -15.547 -15.613 -15.119 -14.818 -15.29 -15.508 -15.304 -14.95 -15.08
3.618785 -10.198 -9.732 -11.277 -13.02 -14.111 -14.83 -13.187 -13.222 -14.13 -14.85 -15.274 -15.502 -13.163 -14.396 -15.115 -15.398 -15.526 -14.526 -15.133 -15.415 -15.529 -15.602 -15.074 -14.754 -15.251 -15.511 -15.318 -14.971 -15.036
3.728232 -10.088 -9.493 -11.101 -12.878 -14.01 -14.76 -13.091 -13.087 -14.03 -14.781 -15.231 -15.48 -13.025 -14.307 -15.061 -15.363 -15.506 -14.444 -15.08 -15.381 -15.507 -15.588 -15.023 -14.684 -15.207 -15.512 -15.329 -14.991 -14.987
3.84099 -9.981 -9.239 -10.913 -12.724 -13.899 -14.683 -12.987 -12.941 -13.921 -14.705 -15.183 -15.453 -12.875 -14.21 -15.0 -15.323 -15.481 -14.354 -15.02 -15.342 -15.48 -15.569 -14.966 -14.606 -15.157 -15.509 -15.338 -15.009 -14.933
3.957158 -9.875 -8.967 -10.714 -12.559 -13.779 -14.598 -12.876 -12.783 -13.803 -14.622 -15.128 -15.421 -12.714 -14.104 -14.933 -15.278 -15.451 -14.256 -14.954 -15.297 -15.448 -15.546 -14.903 -14.521 -15.101 -15.502 -15.344 -15.025 -14.873
4.07684 -9.773 -8.678 -10.501 -12.38 -13.648 -14.504 -12.756 -12.613 -13.674 -14.53 -15.067 -15.384 -12.54 -13.988 -14.858 -15.226 -15.417 -14.148 -14.88 -15.246 -15.411 -15.518 -14.833 -14.427 -15.038 -15.492 -15.347 -15.039 -14.806
4.200141 -9.673 -8.37 -10.275 -12.187 -13.506 -14.4 -12.627 -12.429 -13.533 -14.428 -14.998 -15.341 -12.352 -13.862 -14.774 -15.167 -15.376 -14.031 -14.798 -15.188 -15.368 -15.486 -14.756 -14.324 -14.967 -15.478 -15.347 -15.05 -14.733
4.327172 -9.577 -8.041 -10.034 -11.978 -13.351 -14.287 -12.489 -12.229 -13.381 -14.317 -14.922 -15.291 -12.148 -13.724 -14.682 -15.101 -15.33 -13.904 -14.708 -15.123 -15.319 -15.447 -14.67 -14.211 -14.889 -15.46 -15.344 -15.059 -14.652
4.458044 -9.484 -7.691 -9.778 -11.752 -13.182 -14.162 -12.339 -12.013 -13.214 -14.195 -14.837 -15.235 -11.927 -13.574 -14.58 -15.027 -15.277 -13.764 -14.608 -15.05 -15.263 -15.402 -14.576 -14.088 -14.802 -15.437 -15.337 -15.064 -14.564
4.592874 -9.394 -7.319 -9.506 -11.507 -12.998 -14.025 -12.178 -11.78 -13.034 -14.061 -14.743 -15.172 -11.688 -13.41 -14.467 -14.944 -15.216 -13.613 -14.497 -14.968 -15.199 -15.351 -14.472 -13.953 -14.705 -15.408 -15.325 -15.067 -14.467
