web/models/linear/4/-12_184_1_256.dat
# %ECSV 1.0
# ---
# datatype:
# - {name: time, datatype: float64}
# - {name: swift_uvot_uvw2, datatype: float64}
# - {name: swift_uvot_uvm2, datatype: float64}
# - {name: swift_uvot_uvw1, datatype: float64}
# - {name: swift_uvot_U, datatype: float64}
# - {name: swift_uvot_B, datatype: float64}
# - {name: swift_uvot_V, datatype: float64}
# - {name: swift_uvot_W, datatype: float64}
# - {name: johnson_U, datatype: float64}
# - {name: johnson_B, datatype: float64}
# - {name: johnson_V, datatype: float64}
# - {name: johnson_R, datatype: float64}
# - {name: johnson_I, datatype: float64}
# - {name: sdss_u, datatype: float64}
# - {name: sdss_g, datatype: float64}
# - {name: sdss_r, datatype: float64}
# - {name: sdss_i, datatype: float64}
# - {name: sdss_z, datatype: float64}
# - {name: PS1_g, datatype: float64}
# - {name: PS1_r, datatype: float64}
# - {name: PS1_i, datatype: float64}
# - {name: PS1_z, datatype: float64}
# - {name: PS1_Y, datatype: float64}
# - {name: PS1_w, datatype: float64}
# - {name: ATLAS_c, datatype: float64}
# - {name: ATLAS_o, datatype: float64}
# - {name: ukirt_J, datatype: float64}
# - {name: ukirt_H, datatype: float64}
# - {name: ukirt_K, datatype: float64}
# - {name: Clear, datatype: float64}
# meta: !!omap
# - comment: [M=-12.183673469387756, dM=1.2558163076585405]
# schema: astropy-2.0
time swift_uvot_uvw2 swift_uvot_uvm2 swift_uvot_uvw1 swift_uvot_U swift_uvot_B swift_uvot_V swift_uvot_W johnson_U johnson_B johnson_V johnson_R johnson_I sdss_u sdss_g sdss_r sdss_i sdss_z PS1_g PS1_r PS1_i PS1_z PS1_Y PS1_w ATLAS_c ATLAS_o ukirt_J ukirt_H ukirt_K Clear
0.0 -12.183673469387756 -12.183673469387756 -12.183673469387756 -12.183673469387756 -12.183673469387756 -12.183673469387756 -12.183673469387756 -12.183673469387756 -12.183673469387756 -12.183673469387756 -12.183673469387756 -12.183673469387756 -12.183673469387756 -12.183673469387756 -12.183673469387756 -12.183673469387756 -12.183673469387756 -12.183673469387756 -12.183673469387756 -12.183673469387756 -12.183673469387756 -12.183673469387756 -12.183673469387756 -12.183673469387756 -12.183673469387756 -12.183673469387756 -12.183673469387756 -12.183673469387756 -12.183673469387756
0.07537688442211055 -12.089013948709976 -12.089013948709976 -12.089013948709976 -12.089013948709976 -12.089013948709976 -12.089013948709976 -12.089013948709976 -12.089013948709976 -12.089013948709976 -12.089013948709976 -12.089013948709976 -12.089013948709976 -12.089013948709976 -12.089013948709976 -12.089013948709976 -12.089013948709976 -12.089013948709976 -12.089013948709976 -12.089013948709976 -12.089013948709976 -12.089013948709976 -12.089013948709976 -12.089013948709976 -12.089013948709976 -12.089013948709976 -12.089013948709976 -12.089013948709976 -12.089013948709976 -12.089013948709976
0.1507537688442211 -11.994354428032198 -11.994354428032198 -11.994354428032198 -11.994354428032198 -11.994354428032198 -11.994354428032198 -11.994354428032198 -11.994354428032198 -11.994354428032198 -11.994354428032198 -11.994354428032198 -11.994354428032198 -11.994354428032198 -11.994354428032198 -11.994354428032198 -11.994354428032198 -11.994354428032198 -11.994354428032198 -11.994354428032198 -11.994354428032198 -11.994354428032198 -11.994354428032198 -11.994354428032198 -11.994354428032198 -11.994354428032198 -11.994354428032198 -11.994354428032198 -11.994354428032198 -11.994354428032198
0.22613065326633164 -11.899694907354418 -11.899694907354418 -11.899694907354418 -11.899694907354418 -11.899694907354418 -11.899694907354418 -11.899694907354418 -11.899694907354418 -11.899694907354418 -11.899694907354418 -11.899694907354418 -11.899694907354418 -11.899694907354418 -11.899694907354418 -11.899694907354418 -11.899694907354418 -11.899694907354418 -11.899694907354418 -11.899694907354418 -11.899694907354418 -11.899694907354418 -11.899694907354418 -11.899694907354418 -11.899694907354418 -11.899694907354418 -11.899694907354418 -11.899694907354418 -11.899694907354418 -11.899694907354418
0.3015075376884422 -11.805035386676638 -11.805035386676638 -11.805035386676638 -11.805035386676638 -11.805035386676638 -11.805035386676638 -11.805035386676638 -11.805035386676638 -11.805035386676638 -11.805035386676638 -11.805035386676638 -11.805035386676638 -11.805035386676638 -11.805035386676638 -11.805035386676638 -11.805035386676638 -11.805035386676638 -11.805035386676638 -11.805035386676638 -11.805035386676638 -11.805035386676638 -11.805035386676638 -11.805035386676638 -11.805035386676638 -11.805035386676638 -11.805035386676638 -11.805035386676638 -11.805035386676638 -11.805035386676638
0.37688442211055273 -11.71037586599886 -11.71037586599886 -11.71037586599886 -11.71037586599886 -11.71037586599886 -11.71037586599886 -11.71037586599886 -11.71037586599886 -11.71037586599886 -11.71037586599886 -11.71037586599886 -11.71037586599886 -11.71037586599886 -11.71037586599886 -11.71037586599886 -11.71037586599886 -11.71037586599886 -11.71037586599886 -11.71037586599886 -11.71037586599886 -11.71037586599886 -11.71037586599886 -11.71037586599886 -11.71037586599886 -11.71037586599886 -11.71037586599886 -11.71037586599886 -11.71037586599886 -11.71037586599886
0.4522613065326633 -11.61571634532108 -11.61571634532108 -11.61571634532108 -11.61571634532108 -11.61571634532108 -11.61571634532108 -11.61571634532108 -11.61571634532108 -11.61571634532108 -11.61571634532108 -11.61571634532108 -11.61571634532108 -11.61571634532108 -11.61571634532108 -11.61571634532108 -11.61571634532108 -11.61571634532108 -11.61571634532108 -11.61571634532108 -11.61571634532108 -11.61571634532108 -11.61571634532108 -11.61571634532108 -11.61571634532108 -11.61571634532108 -11.61571634532108 -11.61571634532108 -11.61571634532108 -11.61571634532108
0.5276381909547738 -11.5210568246433 -11.5210568246433 -11.5210568246433 -11.5210568246433 -11.5210568246433 -11.5210568246433 -11.5210568246433 -11.5210568246433 -11.5210568246433 -11.5210568246433 -11.5210568246433 -11.5210568246433 -11.5210568246433 -11.5210568246433 -11.5210568246433 -11.5210568246433 -11.5210568246433 -11.5210568246433 -11.5210568246433 -11.5210568246433 -11.5210568246433 -11.5210568246433 -11.5210568246433 -11.5210568246433 -11.5210568246433 -11.5210568246433 -11.5210568246433 -11.5210568246433 -11.5210568246433
0.6030150753768844 -11.426397303965521 -11.426397303965521 -11.426397303965521 -11.426397303965521 -11.426397303965521 -11.426397303965521 -11.426397303965521 -11.426397303965521 -11.426397303965521 -11.426397303965521 -11.426397303965521 -11.426397303965521 -11.426397303965521 -11.426397303965521 -11.426397303965521 -11.426397303965521 -11.426397303965521 -11.426397303965521 -11.426397303965521 -11.426397303965521 -11.426397303965521 -11.426397303965521 -11.426397303965521 -11.426397303965521 -11.426397303965521 -11.426397303965521 -11.426397303965521 -11.426397303965521 -11.426397303965521
0.6783919597989949 -11.33173778328774 -11.33173778328774 -11.33173778328774 -11.33173778328774 -11.33173778328774 -11.33173778328774 -11.33173778328774 -11.33173778328774 -11.33173778328774 -11.33173778328774 -11.33173778328774 -11.33173778328774 -11.33173778328774 -11.33173778328774 -11.33173778328774 -11.33173778328774 -11.33173778328774 -11.33173778328774 -11.33173778328774 -11.33173778328774 -11.33173778328774 -11.33173778328774 -11.33173778328774 -11.33173778328774 -11.33173778328774 -11.33173778328774 -11.33173778328774 -11.33173778328774 -11.33173778328774
0.7537688442211055 -11.237078262609963 -11.237078262609963 -11.237078262609963 -11.237078262609963 -11.237078262609963 -11.237078262609963 -11.237078262609963 -11.237078262609963 -11.237078262609963 -11.237078262609963 -11.237078262609963 -11.237078262609963 -11.237078262609963 -11.237078262609963 -11.237078262609963 -11.237078262609963 -11.237078262609963 -11.237078262609963 -11.237078262609963 -11.237078262609963 -11.237078262609963 -11.237078262609963 -11.237078262609963 -11.237078262609963 -11.237078262609963 -11.237078262609963 -11.237078262609963 -11.237078262609963 -11.237078262609963
0.829145728643216 -11.142418741932183 -11.142418741932183 -11.142418741932183 -11.142418741932183 -11.142418741932183 -11.142418741932183 -11.142418741932183 -11.142418741932183 -11.142418741932183 -11.142418741932183 -11.142418741932183 -11.142418741932183 -11.142418741932183 -11.142418741932183 -11.142418741932183 -11.142418741932183 -11.142418741932183 -11.142418741932183 -11.142418741932183 -11.142418741932183 -11.142418741932183 -11.142418741932183 -11.142418741932183 -11.142418741932183 -11.142418741932183 -11.142418741932183 -11.142418741932183 -11.142418741932183 -11.142418741932183
0.9045226130653266 -11.047759221254402 -11.047759221254402 -11.047759221254402 -11.047759221254402 -11.047759221254402 -11.047759221254402 -11.047759221254402 -11.047759221254402 -11.047759221254402 -11.047759221254402 -11.047759221254402 -11.047759221254402 -11.047759221254402 -11.047759221254402 -11.047759221254402 -11.047759221254402 -11.047759221254402 -11.047759221254402 -11.047759221254402 -11.047759221254402 -11.047759221254402 -11.047759221254402 -11.047759221254402 -11.047759221254402 -11.047759221254402 -11.047759221254402 -11.047759221254402 -11.047759221254402 -11.047759221254402
0.9798994974874371 -10.953099700576624 -10.953099700576624 -10.953099700576624 -10.953099700576624 -10.953099700576624 -10.953099700576624 -10.953099700576624 -10.953099700576624 -10.953099700576624 -10.953099700576624 -10.953099700576624 -10.953099700576624 -10.953099700576624 -10.953099700576624 -10.953099700576624 -10.953099700576624 -10.953099700576624 -10.953099700576624 -10.953099700576624 -10.953099700576624 -10.953099700576624 -10.953099700576624 -10.953099700576624 -10.953099700576624 -10.953099700576624 -10.953099700576624 -10.953099700576624 -10.953099700576624 -10.953099700576624
1.0552763819095476 -10.858440179898844 -10.858440179898844 -10.858440179898844 -10.858440179898844 -10.858440179898844 -10.858440179898844 -10.858440179898844 -10.858440179898844 -10.858440179898844 -10.858440179898844 -10.858440179898844 -10.858440179898844 -10.858440179898844 -10.858440179898844 -10.858440179898844 -10.858440179898844 -10.858440179898844 -10.858440179898844 -10.858440179898844 -10.858440179898844 -10.858440179898844 -10.858440179898844 -10.858440179898844 -10.858440179898844 -10.858440179898844 -10.858440179898844 -10.858440179898844 -10.858440179898844 -10.858440179898844
1.1306532663316582 -10.763780659221064 -10.763780659221064 -10.763780659221064 -10.763780659221064 -10.763780659221064 -10.763780659221064 -10.763780659221064 -10.763780659221064 -10.763780659221064 -10.763780659221064 -10.763780659221064 -10.763780659221064 -10.763780659221064 -10.763780659221064 -10.763780659221064 -10.763780659221064 -10.763780659221064 -10.763780659221064 -10.763780659221064 -10.763780659221064 -10.763780659221064 -10.763780659221064 -10.763780659221064 -10.763780659221064 -10.763780659221064 -10.763780659221064 -10.763780659221064 -10.763780659221064 -10.763780659221064
1.2060301507537687 -10.669121138543286 -10.669121138543286 -10.669121138543286 -10.669121138543286 -10.669121138543286 -10.669121138543286 -10.669121138543286 -10.669121138543286 -10.669121138543286 -10.669121138543286 -10.669121138543286 -10.669121138543286 -10.669121138543286 -10.669121138543286 -10.669121138543286 -10.669121138543286 -10.669121138543286 -10.669121138543286 -10.669121138543286 -10.669121138543286 -10.669121138543286 -10.669121138543286 -10.669121138543286 -10.669121138543286 -10.669121138543286 -10.669121138543286 -10.669121138543286 -10.669121138543286 -10.669121138543286
1.2814070351758793 -10.574461617865506 -10.574461617865506 -10.574461617865506 -10.574461617865506 -10.574461617865506 -10.574461617865506 -10.574461617865506 -10.574461617865506 -10.574461617865506 -10.574461617865506 -10.574461617865506 -10.574461617865506 -10.574461617865506 -10.574461617865506 -10.574461617865506 -10.574461617865506 -10.574461617865506 -10.574461617865506 -10.574461617865506 -10.574461617865506 -10.574461617865506 -10.574461617865506 -10.574461617865506 -10.574461617865506 -10.574461617865506 -10.574461617865506 -10.574461617865506 -10.574461617865506 -10.574461617865506
1.3567839195979898 -10.479802097187726 -10.479802097187726 -10.479802097187726 -10.479802097187726 -10.479802097187726 -10.479802097187726 -10.479802097187726 -10.479802097187726 -10.479802097187726 -10.479802097187726 -10.479802097187726 -10.479802097187726 -10.479802097187726 -10.479802097187726 -10.479802097187726 -10.479802097187726 -10.479802097187726 -10.479802097187726 -10.479802097187726 -10.479802097187726 -10.479802097187726 -10.479802097187726 -10.479802097187726 -10.479802097187726 -10.479802097187726 -10.479802097187726 -10.479802097187726 -10.479802097187726 -10.479802097187726
1.4321608040201004 -10.385142576509947 -10.385142576509947 -10.385142576509947 -10.385142576509947 -10.385142576509947 -10.385142576509947 -10.385142576509947 -10.385142576509947 -10.385142576509947 -10.385142576509947 -10.385142576509947 -10.385142576509947 -10.385142576509947 -10.385142576509947 -10.385142576509947 -10.385142576509947 -10.385142576509947 -10.385142576509947 -10.385142576509947 -10.385142576509947 -10.385142576509947 -10.385142576509947 -10.385142576509947 -10.385142576509947 -10.385142576509947 -10.385142576509947 -10.385142576509947 -10.385142576509947 -10.385142576509947
1.507537688442211 -10.290483055832167 -10.290483055832167 -10.290483055832167 -10.290483055832167 -10.290483055832167 -10.290483055832167 -10.290483055832167 -10.290483055832167 -10.290483055832167 -10.290483055832167 -10.290483055832167 -10.290483055832167 -10.290483055832167 -10.290483055832167 -10.290483055832167 -10.290483055832167 -10.290483055832167 -10.290483055832167 -10.290483055832167 -10.290483055832167 -10.290483055832167 -10.290483055832167 -10.290483055832167 -10.290483055832167 -10.290483055832167 -10.290483055832167 -10.290483055832167 -10.290483055832167 -10.290483055832167
1.5829145728643215 -10.195823535154387 -10.195823535154387 -10.195823535154387 -10.195823535154387 -10.195823535154387 -10.195823535154387 -10.195823535154387 -10.195823535154387 -10.195823535154387 -10.195823535154387 -10.195823535154387 -10.195823535154387 -10.195823535154387 -10.195823535154387 -10.195823535154387 -10.195823535154387 -10.195823535154387 -10.195823535154387 -10.195823535154387 -10.195823535154387 -10.195823535154387 -10.195823535154387 -10.195823535154387 -10.195823535154387 -10.195823535154387 -10.195823535154387 -10.195823535154387 -10.195823535154387 -10.195823535154387
1.658291457286432 -10.101164014476609 -10.101164014476609 -10.101164014476609 -10.101164014476609 -10.101164014476609 -10.101164014476609 -10.101164014476609 -10.101164014476609 -10.101164014476609 -10.101164014476609 -10.101164014476609 -10.101164014476609 -10.101164014476609 -10.101164014476609 -10.101164014476609 -10.101164014476609 -10.101164014476609 -10.101164014476609 -10.101164014476609 -10.101164014476609 -10.101164014476609 -10.101164014476609 -10.101164014476609 -10.101164014476609 -10.101164014476609 -10.101164014476609 -10.101164014476609 -10.101164014476609 -10.101164014476609
1.7336683417085426 -10.006504493798829 -10.006504493798829 -10.006504493798829 -10.006504493798829 -10.006504493798829 -10.006504493798829 -10.006504493798829 -10.006504493798829 -10.006504493798829 -10.006504493798829 -10.006504493798829 -10.006504493798829 -10.006504493798829 -10.006504493798829 -10.006504493798829 -10.006504493798829 -10.006504493798829 -10.006504493798829 -10.006504493798829 -10.006504493798829 -10.006504493798829 -10.006504493798829 -10.006504493798829 -10.006504493798829 -10.006504493798829 -10.006504493798829 -10.006504493798829 -10.006504493798829 -10.006504493798829
1.809045226130653 -9.911844973121049 -9.911844973121049 -9.911844973121049 -9.911844973121049 -9.911844973121049 -9.911844973121049 -9.911844973121049 -9.911844973121049 -9.911844973121049 -9.911844973121049 -9.911844973121049 -9.911844973121049 -9.911844973121049 -9.911844973121049 -9.911844973121049 -9.911844973121049 -9.911844973121049 -9.911844973121049 -9.911844973121049 -9.911844973121049 -9.911844973121049 -9.911844973121049 -9.911844973121049 -9.911844973121049 -9.911844973121049 -9.911844973121049 -9.911844973121049 -9.911844973121049 -9.911844973121049
1.8844221105527637 -9.81718545244327 -9.81718545244327 -9.81718545244327 -9.81718545244327 -9.81718545244327 -9.81718545244327 -9.81718545244327 -9.81718545244327 -9.81718545244327 -9.81718545244327 -9.81718545244327 -9.81718545244327 -9.81718545244327 -9.81718545244327 -9.81718545244327 -9.81718545244327 -9.81718545244327 -9.81718545244327 -9.81718545244327 -9.81718545244327 -9.81718545244327 -9.81718545244327 -9.81718545244327 -9.81718545244327 -9.81718545244327 -9.81718545244327 -9.81718545244327 -9.81718545244327 -9.81718545244327
1.9597989949748742 -9.72252593176549 -9.72252593176549 -9.72252593176549 -9.72252593176549 -9.72252593176549 -9.72252593176549 -9.72252593176549 -9.72252593176549 -9.72252593176549 -9.72252593176549 -9.72252593176549 -9.72252593176549 -9.72252593176549 -9.72252593176549 -9.72252593176549 -9.72252593176549 -9.72252593176549 -9.72252593176549 -9.72252593176549 -9.72252593176549 -9.72252593176549 -9.72252593176549 -9.72252593176549 -9.72252593176549 -9.72252593176549 -9.72252593176549 -9.72252593176549 -9.72252593176549 -9.72252593176549
