web/models/linear/54/-16_776_0_266.dat
# %ECSV 1.0
# ---
# datatype:
# - {name: time, datatype: float64}
# - {name: sdss_u, datatype: float64}
# - {name: sdss_g, datatype: float64}
# - {name: sdss_r, datatype: float64}
# - {name: sdss_i, datatype: float64}
# - {name: sdss_z, datatype: float64}
# - {name: Clear, datatype: float64}
# - {name: johnson_B, datatype: float64}
# - {name: johnson_V, datatype: float64}
# - {name: johnson_R, datatype: float64}
# - {name: johnson_I, datatype: float64}
# - {name: ukirt_J, datatype: float64}
# - {name: ukirt_H, datatype: float64}
# - {name: ukirt_K, datatype: float64}
# meta: !!omap
# - comment: [M=-16.775510204081634, dM=0.26622358501432164]
# schema: astropy-2.0
time sdss_u sdss_g sdss_r sdss_i sdss_z Clear johnson_B johnson_V johnson_R johnson_I ukirt_J ukirt_H ukirt_K
0.0 -16.775510204081634 -16.775510204081634 -16.775510204081634 -16.775510204081634 -16.775510204081634 -16.775510204081634 -16.775510204081634 -16.775510204081634 -16.775510204081634 -16.775510204081634 -16.775510204081634 -16.775510204081634 -16.775510204081634
0.07537688442211055 -16.75544309968357 -16.75544309968357 -16.75544309968357 -16.75544309968357 -16.75544309968357 -16.75544309968357 -16.75544309968357 -16.75544309968357 -16.75544309968357 -16.75544309968357 -16.75544309968357 -16.75544309968357 -16.75544309968357
0.1507537688442211 -16.735375995285505 -16.735375995285505 -16.735375995285505 -16.735375995285505 -16.735375995285505 -16.735375995285505 -16.735375995285505 -16.735375995285505 -16.735375995285505 -16.735375995285505 -16.735375995285505 -16.735375995285505 -16.735375995285505
0.22613065326633164 -16.715308890887442 -16.715308890887442 -16.715308890887442 -16.715308890887442 -16.715308890887442 -16.715308890887442 -16.715308890887442 -16.715308890887442 -16.715308890887442 -16.715308890887442 -16.715308890887442 -16.715308890887442 -16.715308890887442
0.3015075376884422 -16.695241786489376 -16.695241786489376 -16.695241786489376 -16.695241786489376 -16.695241786489376 -16.695241786489376 -16.695241786489376 -16.695241786489376 -16.695241786489376 -16.695241786489376 -16.695241786489376 -16.695241786489376 -16.695241786489376
0.37688442211055273 -16.675174682091313 -16.675174682091313 -16.675174682091313 -16.675174682091313 -16.675174682091313 -16.675174682091313 -16.675174682091313 -16.675174682091313 -16.675174682091313 -16.675174682091313 -16.675174682091313 -16.675174682091313 -16.675174682091313
0.4522613065326633 -16.655107577693247 -16.655107577693247 -16.655107577693247 -16.655107577693247 -16.655107577693247 -16.655107577693247 -16.655107577693247 -16.655107577693247 -16.655107577693247 -16.655107577693247 -16.655107577693247 -16.655107577693247 -16.655107577693247
0.5276381909547738 -16.635040473295184 -16.635040473295184 -16.635040473295184 -16.635040473295184 -16.635040473295184 -16.635040473295184 -16.635040473295184 -16.635040473295184 -16.635040473295184 -16.635040473295184 -16.635040473295184 -16.635040473295184 -16.635040473295184
0.6030150753768844 -16.614973368897118 -16.614973368897118 -16.614973368897118 -16.614973368897118 -16.614973368897118 -16.614973368897118 -16.614973368897118 -16.614973368897118 -16.614973368897118 -16.614973368897118 -16.614973368897118 -16.614973368897118 -16.614973368897118
0.6783919597989949 -16.594906264499055 -16.594906264499055 -16.594906264499055 -16.594906264499055 -16.594906264499055 -16.594906264499055 -16.594906264499055 -16.594906264499055 -16.594906264499055 -16.594906264499055 -16.594906264499055 -16.594906264499055 -16.594906264499055
0.7537688442211055 -16.57483916010099 -16.57483916010099 -16.57483916010099 -16.57483916010099 -16.57483916010099 -16.57483916010099 -16.57483916010099 -16.57483916010099 -16.57483916010099 -16.57483916010099 -16.57483916010099 -16.57483916010099 -16.57483916010099
0.829145728643216 -16.554772055702927 -16.554772055702927 -16.554772055702927 -16.554772055702927 -16.554772055702927 -16.554772055702927 -16.554772055702927 -16.554772055702927 -16.554772055702927 -16.554772055702927 -16.554772055702927 -16.554772055702927 -16.554772055702927
0.9045226130653266 -16.53470495130486 -16.53470495130486 -16.53470495130486 -16.53470495130486 -16.53470495130486 -16.53470495130486 -16.53470495130486 -16.53470495130486 -16.53470495130486 -16.53470495130486 -16.53470495130486 -16.53470495130486 -16.53470495130486
0.9798994974874371 -16.514637846906798 -16.514637846906798 -16.514637846906798 -16.514637846906798 -16.514637846906798 -16.514637846906798 -16.514637846906798 -16.514637846906798 -16.514637846906798 -16.514637846906798 -16.514637846906798 -16.514637846906798 -16.514637846906798
1.0552763819095476 -16.49457074250873 -16.49457074250873 -16.49457074250873 -16.49457074250873 -16.49457074250873 -16.49457074250873 -16.49457074250873 -16.49457074250873 -16.49457074250873 -16.49457074250873 -16.49457074250873 -16.49457074250873 -16.49457074250873
1.1306532663316582 -16.47450363811067 -16.47450363811067 -16.47450363811067 -16.47450363811067 -16.47450363811067 -16.47450363811067 -16.47450363811067 -16.47450363811067 -16.47450363811067 -16.47450363811067 -16.47450363811067 -16.47450363811067 -16.47450363811067
1.2060301507537687 -16.454436533712602 -16.454436533712602 -16.454436533712602 -16.454436533712602 -16.454436533712602 -16.454436533712602 -16.454436533712602 -16.454436533712602 -16.454436533712602 -16.454436533712602 -16.454436533712602 -16.454436533712602 -16.454436533712602
1.2814070351758793 -16.43436942931454 -16.43436942931454 -16.43436942931454 -16.43436942931454 -16.43436942931454 -16.43436942931454 -16.43436942931454 -16.43436942931454 -16.43436942931454 -16.43436942931454 -16.43436942931454 -16.43436942931454 -16.43436942931454
1.3567839195979898 -16.414302324916473 -16.414302324916473 -16.414302324916473 -16.414302324916473 -16.414302324916473 -16.414302324916473 -16.414302324916473 -16.414302324916473 -16.414302324916473 -16.414302324916473 -16.414302324916473 -16.414302324916473 -16.414302324916473
1.4321608040201004 -16.39423522051841 -16.39423522051841 -16.39423522051841 -16.39423522051841 -16.39423522051841 -16.39423522051841 -16.39423522051841 -16.39423522051841 -16.39423522051841 -16.39423522051841 -16.39423522051841 -16.39423522051841 -16.39423522051841
1.507537688442211 -16.374168116120345 -16.374168116120345 -16.374168116120345 -16.374168116120345 -16.374168116120345 -16.374168116120345 -16.374168116120345 -16.374168116120345 -16.374168116120345 -16.374168116120345 -16.374168116120345 -16.374168116120345 -16.374168116120345
1.5829145728643215 -16.354101011722282 -16.354101011722282 -16.354101011722282 -16.354101011722282 -16.354101011722282 -16.354101011722282 -16.354101011722282 -16.354101011722282 -16.354101011722282 -16.354101011722282 -16.354101011722282 -16.354101011722282 -16.354101011722282
1.658291457286432 -16.334033907324216 -16.334033907324216 -16.334033907324216 -16.334033907324216 -16.334033907324216 -16.334033907324216 -16.334033907324216 -16.334033907324216 -16.334033907324216 -16.334033907324216 -16.334033907324216 -16.334033907324216 -16.334033907324216
1.7336683417085426 -16.313966802926153 -16.313966802926153 -16.313966802926153 -16.313966802926153 -16.313966802926153 -16.313966802926153 -16.313966802926153 -16.313966802926153 -16.313966802926153 -16.313966802926153 -16.313966802926153 -16.313966802926153 -16.313966802926153
1.809045226130653 -16.293899698528087 -16.293899698528087 -16.293899698528087 -16.293899698528087 -16.293899698528087 -16.293899698528087 -16.293899698528087 -16.293899698528087 -16.293899698528087 -16.293899698528087 -16.293899698528087 -16.293899698528087 -16.293899698528087
1.8844221105527637 -16.273832594130024 -16.273832594130024 -16.273832594130024 -16.273832594130024 -16.273832594130024 -16.273832594130024 -16.273832594130024 -16.273832594130024 -16.273832594130024 -16.273832594130024 -16.273832594130024 -16.273832594130024 -16.273832594130024
1.9597989949748742 -16.253765489731958 -16.253765489731958 -16.253765489731958 -16.253765489731958 -16.253765489731958 -16.253765489731958 -16.253765489731958 -16.253765489731958 -16.253765489731958 -16.253765489731958 -16.253765489731958 -16.253765489731958 -16.253765489731958
2.0351758793969847 -16.233698385333895 -16.233698385333895 -16.233698385333895 -16.233698385333895 -16.233698385333895 -16.233698385333895 -16.233698385333895 -16.233698385333895 -16.233698385333895 -16.233698385333895 -16.233698385333895 -16.233698385333895 -16.233698385333895
2.1105527638190953 -16.21363128093583 -16.21363128093583 -16.21363128093583 -16.21363128093583 -16.21363128093583 -16.21363128093583 -16.21363128093583 -16.21363128093583 -16.21363128093583 -16.21363128093583 -16.21363128093583 -16.21363128093583 -16.21363128093583
2.185929648241206 -16.193564176537766 -16.193564176537766 -16.193564176537766 -16.193564176537766 -16.193564176537766 -16.193564176537766 -16.193564176537766 -16.193564176537766 -16.193564176537766 -16.193564176537766 -16.193564176537766 -16.193564176537766 -16.193564176537766
2.2613065326633164 -16.1734970721397 -16.1734970721397 -16.1734970721397 -16.1734970721397 -16.1734970721397 -16.1734970721397 -16.1734970721397 -16.1734970721397 -16.1734970721397 -16.1734970721397 -16.1734970721397 -16.1734970721397 -16.1734970721397
2.336683417085427 -16.153429967741637 -16.153429967741637 -16.153429967741637 -16.153429967741637 -16.153429967741637 -16.153429967741637 -16.153429967741637 -16.153429967741637 -16.153429967741637 -16.153429967741637 -16.153429967741637 -16.153429967741637 -16.153429967741637
2.4120603015075375 -16.13336286334357 -16.13336286334357 -16.13336286334357 -16.13336286334357 -16.13336286334357 -16.13336286334357 -16.13336286334357 -16.13336286334357 -16.13336286334357 -16.13336286334357 -16.13336286334357 -16.13336286334357 -16.13336286334357
2.487437185929648 -16.113295758945508 -16.113295758945508 -16.113295758945508 -16.113295758945508 -16.113295758945508 -16.113295758945508 -16.113295758945508 -16.113295758945508 -16.113295758945508 -16.113295758945508 -16.113295758945508 -16.113295758945508 -16.113295758945508
2.5628140703517586 -16.093228654547442 -16.093228654547442 -16.093228654547442 -16.093228654547442 -16.093228654547442 -16.093228654547442 -16.093228654547442 -16.093228654547442 -16.093228654547442 -16.093228654547442 -16.093228654547442 -16.093228654547442 -16.093228654547442
2.638190954773869 -16.07316155014938 -16.07316155014938 -16.07316155014938 -16.07316155014938 -16.07316155014938 -16.07316155014938 -16.07316155014938 -16.07316155014938 -16.07316155014938 -16.07316155014938 -16.07316155014938 -16.07316155014938 -16.07316155014938
2.7135678391959797 -16.053094445751313 -16.053094445751313 -16.053094445751313 -16.053094445751313 -16.053094445751313 -16.053094445751313 -16.053094445751313 -16.053094445751313 -16.053094445751313 -16.053094445751313 -16.053094445751313 -16.053094445751313 -16.053094445751313
2.78894472361809 -16.03302734135325 -16.03302734135325 -16.03302734135325 -16.03302734135325 -16.03302734135325 -16.03302734135325 -16.03302734135325 -16.03302734135325 -16.03302734135325 -16.03302734135325 -16.03302734135325 -16.03302734135325 -16.03302734135325
2.8643216080402008 -16.012960236955184 -16.012960236955184 -16.012960236955184 -16.012960236955184 -16.012960236955184 -16.012960236955184 -16.012960236955184 -16.012960236955184 -16.012960236955184 -16.012960236955184 -16.012960236955184 -16.012960236955184 -16.012960236955184
2.9396984924623113 -15.992893132557121 -15.992893132557121 -15.992893132557121 -15.992893132557121 -15.992893132557121 -15.992893132557121 -15.992893132557121 -15.992893132557121 -15.992893132557121 -15.992893132557121 -15.992893132557121 -15.992893132557121 -15.992893132557121
3.015075376884422 -15.972826028159057 -15.972826028159057 -15.972826028159057 -15.972826028159057 -15.972826028159057 -15.972826028159057 -15.972826028159057 -15.972826028159057 -15.972826028159057 -15.972826028159057 -15.972826028159057 -15.972826028159057 -15.972826028159057
3.0904522613065324 -15.952758923760992 -15.952758923760992 -15.952758923760992 -15.952758923760992 -15.952758923760992 -15.952758923760992 -15.952758923760992 -15.952758923760992 -15.952758923760992 -15.952758923760992 -15.952758923760992 -15.952758923760992 -15.952758923760992
3.165829145728643 -15.932691819362928 -15.932691819362928 -15.932691819362928 -15.932691819362928 -15.932691819362928 -15.932691819362928 -15.932691819362928 -15.932691819362928 -15.932691819362928 -15.932691819362928 -15.932691819362928 -15.932691819362928 -15.932691819362928
3.2412060301507535 -15.912624714964863 -15.912624714964863 -15.912624714964863 -15.912624714964863 -15.912624714964863 -15.912624714964863 -15.912624714964863 -15.912624714964863 -15.912624714964863 -15.912624714964863 -15.912624714964863 -15.912624714964863 -15.912624714964863
3.316582914572864 -15.892557610566799 -15.892557610566799 -15.892557610566799 -15.892557610566799 -15.892557610566799 -15.892557610566799 -15.892557610566799 -15.892557610566799 -15.892557610566799 -15.892557610566799 -15.892557610566799 -15.892557610566799 -15.892557610566799
3.3919597989949746 -15.872490506168734 -15.872490506168734 -15.872490506168734 -15.872490506168734 -15.872490506168734 -15.872490506168734 -15.872490506168734 -15.872490506168734 -15.872490506168734 -15.872490506168734 -15.872490506168734 -15.872490506168734 -15.872490506168734
3.467336683417085 -15.85242340177067 -15.85242340177067 -15.85242340177067 -15.85242340177067 -15.85242340177067 -15.85242340177067 -15.85242340177067 -15.85242340177067 -15.85242340177067 -15.85242340177067 -15.85242340177067 -15.85242340177067 -15.85242340177067
3.5427135678391957 -15.832356297372606 -15.832356297372606 -15.832356297372606 -15.832356297372606 -15.832356297372606 -15.832356297372606 -15.832356297372606 -15.832356297372606 -15.832356297372606 -15.832356297372606 -15.832356297372606 -15.832356297372606 -15.832356297372606
3.618090452261306 -15.812289192974541 -15.812289192974541 -15.812289192974541 -15.812289192974541 -15.812289192974541 -15.812289192974541 -15.812289192974541 -15.812289192974541 -15.812289192974541 -15.812289192974541 -15.812289192974541 -15.812289192974541 -15.812289192974541
3.6934673366834168 -15.792222088576477 -15.792222088576477 -15.792222088576477 -15.792222088576477 -15.792222088576477 -15.792222088576477 -15.792222088576477 -15.792222088576477 -15.792222088576477 -15.792222088576477 -15.792222088576477 -15.792222088576477 -15.792222088576477
3.7688442211055273 -15.772154984178412 -15.772154984178412 -15.772154984178412 -15.772154984178412 -15.772154984178412 -15.772154984178412 -15.772154984178412 -15.772154984178412 -15.772154984178412 -15.772154984178412 -15.772154984178412 -15.772154984178412 -15.772154984178412
3.844221105527638 -15.752087879780348 -15.752087879780348 -15.752087879780348 -15.752087879780348 -15.752087879780348 -15.752087879780348 -15.752087879780348 -15.752087879780348 -15.752087879780348 -15.752087879780348 -15.752087879780348 -15.752087879780348 -15.752087879780348
3.9195979899497484 -15.732020775382283 -15.732020775382283 -15.732020775382283 -15.732020775382283 -15.732020775382283 -15.732020775382283 -15.732020775382283 -15.732020775382283 -15.732020775382283 -15.732020775382283 -15.732020775382283 -15.732020775382283 -15.732020775382283
3.994974874371859 -15.711953670984219 -15.711953670984219 -15.711953670984219 -15.711953670984219 -15.711953670984219 -15.711953670984219 -15.711953670984219 -15.711953670984219 -15.711953670984219 -15.711953670984219 -15.711953670984219 -15.711953670984219 -15.711953670984219
4.0703517587939695 -15.691886566586154 -15.691886566586154 -15.691886566586154 -15.691886566586154 -15.691886566586154 -15.691886566586154 -15.691886566586154 -15.691886566586154 -15.691886566586154 -15.691886566586154 -15.691886566586154 -15.691886566586154 -15.691886566586154
4.14572864321608 -15.67181946218809 -15.67181946218809 -15.67181946218809 -15.67181946218809 -15.67181946218809 -15.67181946218809 -15.67181946218809 -15.67181946218809 -15.67181946218809 -15.67181946218809 -15.67181946218809 -15.67181946218809 -15.67181946218809
4.221105527638191 -15.651752357790025 -15.651752357790025 -15.651752357790025 -15.651752357790025 -15.651752357790025 -15.651752357790025 -15.651752357790025 -15.651752357790025 -15.651752357790025 -15.651752357790025 -15.651752357790025 -15.651752357790025 -15.651752357790025
4.296482412060302 -15.63168525339196 -15.63168525339196 -15.63168525339196 -15.63168525339196 -15.63168525339196 -15.63168525339196 -15.63168525339196 -15.63168525339196 -15.63168525339196 -15.63168525339196 -15.63168525339196 -15.63168525339196 -15.63168525339196
