web/models/linear/77/-18_980_0_006.dat
# %ECSV 1.0
# ---
# datatype:
# - {name: time, datatype: float64}
# - {name: swift_uvot_uvw2, datatype: float64}
# - {name: swift_uvot_uvm2, datatype: float64}
# - {name: swift_uvot_uvw1, datatype: float64}
# - {name: swift_uvot_U, datatype: float64}
# - {name: swift_uvot_B, datatype: float64}
# - {name: swift_uvot_V, datatype: float64}
# - {name: swift_uvot_W, datatype: float64}
# - {name: johnson_U, datatype: float64}
# - {name: johnson_B, datatype: float64}
# - {name: johnson_V, datatype: float64}
# - {name: johnson_R, datatype: float64}
# - {name: johnson_I, datatype: float64}
# - {name: sdss_u, datatype: float64}
# - {name: sdss_g, datatype: float64}
# - {name: sdss_r, datatype: float64}
# - {name: sdss_i, datatype: float64}
# - {name: sdss_z, datatype: float64}
# - {name: PS1_g, datatype: float64}
# - {name: PS1_r, datatype: float64}
# - {name: PS1_i, datatype: float64}
# - {name: PS1_z, datatype: float64}
# - {name: PS1_Y, datatype: float64}
# - {name: PS1_w, datatype: float64}
# - {name: ATLAS_c, datatype: float64}
# - {name: ATLAS_o, datatype: float64}
# - {name: ukirt_J, datatype: float64}
# - {name: ukirt_H, datatype: float64}
# - {name: ukirt_K, datatype: float64}
# - {name: Clear, datatype: float64}
# meta: !!omap
# - comment: [M=-18.979591836734695, dM=0.006433028999174784]
# schema: astropy-2.0
time swift_uvot_uvw2 swift_uvot_uvm2 swift_uvot_uvw1 swift_uvot_U swift_uvot_B swift_uvot_V swift_uvot_W johnson_U johnson_B johnson_V johnson_R johnson_I sdss_u sdss_g sdss_r sdss_i sdss_z PS1_g PS1_r PS1_i PS1_z PS1_Y PS1_w ATLAS_c ATLAS_o ukirt_J ukirt_H ukirt_K Clear
[from data line 164]
12.36180904522613 -18.900067960664494 -18.900067960664494 -18.900067960664494 -18.900067960664494 -18.900067960664494 -18.900067960664494 -18.900067960664494 -18.900067960664494 -18.900067960664494 -18.900067960664494 -18.900067960664494 -18.900067960664494 -18.900067960664494 -18.900067960664494 -18.900067960664494 -18.900067960664494 -18.900067960664494 -18.900067960664494 -18.900067960664494 -18.900067960664494 -18.900067960664494 -18.900067960664494 -18.900067960664494 -18.900067960664494 -18.900067960664494 -18.900067960664494 -18.900067960664494 -18.900067960664494 -18.900067960664494
12.43718592964824 -18.89958305898114 -18.89958305898114 -18.89958305898114 -18.89958305898114 -18.89958305898114 -18.89958305898114 -18.89958305898114 -18.89958305898114 -18.89958305898114 -18.89958305898114 -18.89958305898114 -18.89958305898114 -18.89958305898114 -18.89958305898114 -18.89958305898114 -18.89958305898114 -18.89958305898114 -18.89958305898114 -18.89958305898114 -18.89958305898114 -18.89958305898114 -18.89958305898114 -18.89958305898114 -18.89958305898114 -18.89958305898114 -18.89958305898114 -18.89958305898114 -18.89958305898114 -18.89958305898114
12.51256281407035 -18.899098157297786 -18.899098157297786 -18.899098157297786 -18.899098157297786 -18.899098157297786 -18.899098157297786 -18.899098157297786 -18.899098157297786 -18.899098157297786 -18.899098157297786 -18.899098157297786 -18.899098157297786 -18.899098157297786 -18.899098157297786 -18.899098157297786 -18.899098157297786 -18.899098157297786 -18.899098157297786 -18.899098157297786 -18.899098157297786 -18.899098157297786 -18.899098157297786 -18.899098157297786 -18.899098157297786 -18.899098157297786 -18.899098157297786 -18.899098157297786 -18.899098157297786 -18.899098157297786
12.58793969849246 -18.89861325561443 -18.89861325561443 -18.89861325561443 -18.89861325561443 -18.89861325561443 -18.89861325561443 -18.89861325561443 -18.89861325561443 -18.89861325561443 -18.89861325561443 -18.89861325561443 -18.89861325561443 -18.89861325561443 -18.89861325561443 -18.89861325561443 -18.89861325561443 -18.89861325561443 -18.89861325561443 -18.89861325561443 -18.89861325561443 -18.89861325561443 -18.89861325561443 -18.89861325561443 -18.89861325561443 -18.89861325561443 -18.89861325561443 -18.89861325561443 -18.89861325561443 -18.89861325561443
12.663316582914572 -18.898128353931074 -18.898128353931074 -18.898128353931074 -18.898128353931074 -18.898128353931074 -18.898128353931074 -18.898128353931074 -18.898128353931074 -18.898128353931074 -18.898128353931074 -18.898128353931074 -18.898128353931074 -18.898128353931074 -18.898128353931074 -18.898128353931074 -18.898128353931074 -18.898128353931074 -18.898128353931074 -18.898128353931074 -18.898128353931074 -18.898128353931074 -18.898128353931074 -18.898128353931074 -18.898128353931074 -18.898128353931074 -18.898128353931074 -18.898128353931074 -18.898128353931074 -18.898128353931074
12.738693467336683 -18.89764345224772 -18.89764345224772 -18.89764345224772 -18.89764345224772 -18.89764345224772 -18.89764345224772 -18.89764345224772 -18.89764345224772 -18.89764345224772 -18.89764345224772 -18.89764345224772 -18.89764345224772 -18.89764345224772 -18.89764345224772 -18.89764345224772 -18.89764345224772 -18.89764345224772 -18.89764345224772 -18.89764345224772 -18.89764345224772 -18.89764345224772 -18.89764345224772 -18.89764345224772 -18.89764345224772 -18.89764345224772 -18.89764345224772 -18.89764345224772 -18.89764345224772 -18.89764345224772
12.814070351758794 -18.897158550564363 -18.897158550564363 -18.897158550564363 -18.897158550564363 -18.897158550564363 -18.897158550564363 -18.897158550564363 -18.897158550564363 -18.897158550564363 -18.897158550564363 -18.897158550564363 -18.897158550564363 -18.897158550564363 -18.897158550564363 -18.897158550564363 -18.897158550564363 -18.897158550564363 -18.897158550564363 -18.897158550564363 -18.897158550564363 -18.897158550564363 -18.897158550564363 -18.897158550564363 -18.897158550564363 -18.897158550564363 -18.897158550564363 -18.897158550564363 -18.897158550564363 -18.897158550564363
12.889447236180903 -18.89667364888101 -18.89667364888101 -18.89667364888101 -18.89667364888101 -18.89667364888101 -18.89667364888101 -18.89667364888101 -18.89667364888101 -18.89667364888101 -18.89667364888101 -18.89667364888101 -18.89667364888101 -18.89667364888101 -18.89667364888101 -18.89667364888101 -18.89667364888101 -18.89667364888101 -18.89667364888101 -18.89667364888101 -18.89667364888101 -18.89667364888101 -18.89667364888101 -18.89667364888101 -18.89667364888101 -18.89667364888101 -18.89667364888101 -18.89667364888101 -18.89667364888101 -18.89667364888101
12.964824120603014 -18.896188747197655 -18.896188747197655 -18.896188747197655 -18.896188747197655 -18.896188747197655 -18.896188747197655 -18.896188747197655 -18.896188747197655 -18.896188747197655 -18.896188747197655 -18.896188747197655 -18.896188747197655 -18.896188747197655 -18.896188747197655 -18.896188747197655 -18.896188747197655 -18.896188747197655 -18.896188747197655 -18.896188747197655 -18.896188747197655 -18.896188747197655 -18.896188747197655 -18.896188747197655 -18.896188747197655 -18.896188747197655 -18.896188747197655 -18.896188747197655 -18.896188747197655 -18.896188747197655
13.040201005025125 -18.8957038455143 -18.8957038455143 -18.8957038455143 -18.8957038455143 -18.8957038455143 -18.8957038455143 -18.8957038455143 -18.8957038455143 -18.8957038455143 -18.8957038455143 -18.8957038455143 -18.8957038455143 -18.8957038455143 -18.8957038455143 -18.8957038455143 -18.8957038455143 -18.8957038455143 -18.8957038455143 -18.8957038455143 -18.8957038455143 -18.8957038455143 -18.8957038455143 -18.8957038455143 -18.8957038455143 -18.8957038455143 -18.8957038455143 -18.8957038455143 -18.8957038455143 -18.8957038455143
13.115577889447234 -18.895218943830944 -18.895218943830944 -18.895218943830944 -18.895218943830944 -18.895218943830944 -18.895218943830944 -18.895218943830944 -18.895218943830944 -18.895218943830944 -18.895218943830944 -18.895218943830944 -18.895218943830944 -18.895218943830944 -18.895218943830944 -18.895218943830944 -18.895218943830944 -18.895218943830944 -18.895218943830944 -18.895218943830944 -18.895218943830944 -18.895218943830944 -18.895218943830944 -18.895218943830944 -18.895218943830944 -18.895218943830944 -18.895218943830944 -18.895218943830944 -18.895218943830944 -18.895218943830944
13.190954773869345 -18.89473404214759 -18.89473404214759 -18.89473404214759 -18.89473404214759 -18.89473404214759 -18.89473404214759 -18.89473404214759 -18.89473404214759 -18.89473404214759 -18.89473404214759 -18.89473404214759 -18.89473404214759 -18.89473404214759 -18.89473404214759 -18.89473404214759 -18.89473404214759 -18.89473404214759 -18.89473404214759 -18.89473404214759 -18.89473404214759 -18.89473404214759 -18.89473404214759 -18.89473404214759 -18.89473404214759 -18.89473404214759 -18.89473404214759 -18.89473404214759 -18.89473404214759 -18.89473404214759
13.266331658291456 -18.894249140464236 -18.894249140464236 -18.894249140464236 -18.894249140464236 -18.894249140464236 -18.894249140464236 -18.894249140464236 -18.894249140464236 -18.894249140464236 -18.894249140464236 -18.894249140464236 -18.894249140464236 -18.894249140464236 -18.894249140464236 -18.894249140464236 -18.894249140464236 -18.894249140464236 -18.894249140464236 -18.894249140464236 -18.894249140464236 -18.894249140464236 -18.894249140464236 -18.894249140464236 -18.894249140464236 -18.894249140464236 -18.894249140464236 -18.894249140464236 -18.894249140464236 -18.894249140464236
13.341708542713567 -18.893764238780882 -18.893764238780882 -18.893764238780882 -18.893764238780882 -18.893764238780882 -18.893764238780882 -18.893764238780882 -18.893764238780882 -18.893764238780882 -18.893764238780882 -18.893764238780882 -18.893764238780882 -18.893764238780882 -18.893764238780882 -18.893764238780882 -18.893764238780882 -18.893764238780882 -18.893764238780882 -18.893764238780882 -18.893764238780882 -18.893764238780882 -18.893764238780882 -18.893764238780882 -18.893764238780882 -18.893764238780882 -18.893764238780882 -18.893764238780882 -18.893764238780882 -18.893764238780882
13.417085427135678 -18.893279337097525 -18.893279337097525 -18.893279337097525 -18.893279337097525 -18.893279337097525 -18.893279337097525 -18.893279337097525 -18.893279337097525 -18.893279337097525 -18.893279337097525 -18.893279337097525 -18.893279337097525 -18.893279337097525 -18.893279337097525 -18.893279337097525 -18.893279337097525 -18.893279337097525 -18.893279337097525 -18.893279337097525 -18.893279337097525 -18.893279337097525 -18.893279337097525 -18.893279337097525 -18.893279337097525 -18.893279337097525 -18.893279337097525 -18.893279337097525 -18.893279337097525 -18.893279337097525
13.492462311557787 -18.89279443541417 -18.89279443541417 -18.89279443541417 -18.89279443541417 -18.89279443541417 -18.89279443541417 -18.89279443541417 -18.89279443541417 -18.89279443541417 -18.89279443541417 -18.89279443541417 -18.89279443541417 -18.89279443541417 -18.89279443541417 -18.89279443541417 -18.89279443541417 -18.89279443541417 -18.89279443541417 -18.89279443541417 -18.89279443541417 -18.89279443541417 -18.89279443541417 -18.89279443541417 -18.89279443541417 -18.89279443541417 -18.89279443541417 -18.89279443541417 -18.89279443541417 -18.89279443541417
13.567839195979898 -18.892309533730817 -18.892309533730817 -18.892309533730817 -18.892309533730817 -18.892309533730817 -18.892309533730817 -18.892309533730817 -18.892309533730817 -18.892309533730817 -18.892309533730817 -18.892309533730817 -18.892309533730817 -18.892309533730817 -18.892309533730817 -18.892309533730817 -18.892309533730817 -18.892309533730817 -18.892309533730817 -18.892309533730817 -18.892309533730817 -18.892309533730817 -18.892309533730817 -18.892309533730817 -18.892309533730817 -18.892309533730817 -18.892309533730817 -18.892309533730817 -18.892309533730817 -18.892309533730817
13.64321608040201 -18.89182463204746 -18.89182463204746 -18.89182463204746 -18.89182463204746 -18.89182463204746 -18.89182463204746 -18.89182463204746 -18.89182463204746 -18.89182463204746 -18.89182463204746 -18.89182463204746 -18.89182463204746 -18.89182463204746 -18.89182463204746 -18.89182463204746 -18.89182463204746 -18.89182463204746 -18.89182463204746 -18.89182463204746 -18.89182463204746 -18.89182463204746 -18.89182463204746 -18.89182463204746 -18.89182463204746 -18.89182463204746 -18.89182463204746 -18.89182463204746 -18.89182463204746 -18.89182463204746
13.718592964824118 -18.891339730364106 -18.891339730364106 -18.891339730364106 -18.891339730364106 -18.891339730364106 -18.891339730364106 -18.891339730364106 -18.891339730364106 -18.891339730364106 -18.891339730364106 -18.891339730364106 -18.891339730364106 -18.891339730364106 -18.891339730364106 -18.891339730364106 -18.891339730364106 -18.891339730364106 -18.891339730364106 -18.891339730364106 -18.891339730364106 -18.891339730364106 -18.891339730364106 -18.891339730364106 -18.891339730364106 -18.891339730364106 -18.891339730364106 -18.891339730364106 -18.891339730364106 -18.891339730364106
13.79396984924623 -18.89085482868075 -18.89085482868075 -18.89085482868075 -18.89085482868075 -18.89085482868075 -18.89085482868075 -18.89085482868075 -18.89085482868075 -18.89085482868075 -18.89085482868075 -18.89085482868075 -18.89085482868075 -18.89085482868075 -18.89085482868075 -18.89085482868075 -18.89085482868075 -18.89085482868075 -18.89085482868075 -18.89085482868075 -18.89085482868075 -18.89085482868075 -18.89085482868075 -18.89085482868075 -18.89085482868075 -18.89085482868075 -18.89085482868075 -18.89085482868075 -18.89085482868075 -18.89085482868075
13.86934673366834 -18.890369926997398 -18.890369926997398 -18.890369926997398 -18.890369926997398 -18.890369926997398 -18.890369926997398 -18.890369926997398 -18.890369926997398 -18.890369926997398 -18.890369926997398 -18.890369926997398 -18.890369926997398 -18.890369926997398 -18.890369926997398 -18.890369926997398 -18.890369926997398 -18.890369926997398 -18.890369926997398 -18.890369926997398 -18.890369926997398 -18.890369926997398 -18.890369926997398 -18.890369926997398 -18.890369926997398 -18.890369926997398 -18.890369926997398 -18.890369926997398 -18.890369926997398 -18.890369926997398
13.944723618090451 -18.88988502531404 -18.88988502531404 -18.88988502531404 -18.88988502531404 -18.88988502531404 -18.88988502531404 -18.88988502531404 -18.88988502531404 -18.88988502531404 -18.88988502531404 -18.88988502531404 -18.88988502531404 -18.88988502531404 -18.88988502531404 -18.88988502531404 -18.88988502531404 -18.88988502531404 -18.88988502531404 -18.88988502531404 -18.88988502531404 -18.88988502531404 -18.88988502531404 -18.88988502531404 -18.88988502531404 -18.88988502531404 -18.88988502531404 -18.88988502531404 -18.88988502531404 -18.88988502531404
14.020100502512562 -18.889400123630686 -18.889400123630686 -18.889400123630686 -18.889400123630686 -18.889400123630686 -18.889400123630686 -18.889400123630686 -18.889400123630686 -18.889400123630686 -18.889400123630686 -18.889400123630686 -18.889400123630686 -18.889400123630686 -18.889400123630686 -18.889400123630686 -18.889400123630686 -18.889400123630686 -18.889400123630686 -18.889400123630686 -18.889400123630686 -18.889400123630686 -18.889400123630686 -18.889400123630686 -18.889400123630686 -18.889400123630686 -18.889400123630686 -18.889400123630686 -18.889400123630686 -18.889400123630686
14.095477386934672 -18.888915221947332 -18.888915221947332 -18.888915221947332 -18.888915221947332 -18.888915221947332 -18.888915221947332 -18.888915221947332 -18.888915221947332 -18.888915221947332 -18.888915221947332 -18.888915221947332 -18.888915221947332 -18.888915221947332 -18.888915221947332 -18.888915221947332 -18.888915221947332 -18.888915221947332 -18.888915221947332 -18.888915221947332 -18.888915221947332 -18.888915221947332 -18.888915221947332 -18.888915221947332 -18.888915221947332 -18.888915221947332 -18.888915221947332 -18.888915221947332 -18.888915221947332 -18.888915221947332
14.170854271356783 -18.88843032026398 -18.88843032026398 -18.88843032026398 -18.88843032026398 -18.88843032026398 -18.88843032026398 -18.88843032026398 -18.88843032026398 -18.88843032026398 -18.88843032026398 -18.88843032026398 -18.88843032026398 -18.88843032026398 -18.88843032026398 -18.88843032026398 -18.88843032026398 -18.88843032026398 -18.88843032026398 -18.88843032026398 -18.88843032026398 -18.88843032026398 -18.88843032026398 -18.88843032026398 -18.88843032026398 -18.88843032026398 -18.88843032026398 -18.88843032026398 -18.88843032026398 -18.88843032026398
14.246231155778894 -18.88794541858062 -18.88794541858062 -18.88794541858062 -18.88794541858062 -18.88794541858062 -18.88794541858062 -18.88794541858062 -18.88794541858062 -18.88794541858062 -18.88794541858062 -18.88794541858062 -18.88794541858062 -18.88794541858062 -18.88794541858062 -18.88794541858062 -18.88794541858062 -18.88794541858062 -18.88794541858062 -18.88794541858062 -18.88794541858062 -18.88794541858062 -18.88794541858062 -18.88794541858062 -18.88794541858062 -18.88794541858062 -18.88794541858062 -18.88794541858062 -18.88794541858062 -18.88794541858062
