web/models/linear/77/-18_980_0_041.dat
# %ECSV 1.0
# ---
# datatype:
# - {name: time, datatype: float64}
# - {name: swift_uvot_uvw2, datatype: float64}
# - {name: swift_uvot_uvm2, datatype: float64}
# - {name: swift_uvot_uvw1, datatype: float64}
# - {name: swift_uvot_U, datatype: float64}
# - {name: swift_uvot_B, datatype: float64}
# - {name: swift_uvot_V, datatype: float64}
# - {name: swift_uvot_W, datatype: float64}
# - {name: johnson_U, datatype: float64}
# - {name: johnson_B, datatype: float64}
# - {name: johnson_V, datatype: float64}
# - {name: johnson_R, datatype: float64}
# - {name: johnson_I, datatype: float64}
# - {name: sdss_u, datatype: float64}
# - {name: sdss_g, datatype: float64}
# - {name: sdss_r, datatype: float64}
# - {name: sdss_i, datatype: float64}
# - {name: sdss_z, datatype: float64}
# - {name: PS1_g, datatype: float64}
# - {name: PS1_r, datatype: float64}
# - {name: PS1_i, datatype: float64}
# - {name: PS1_z, datatype: float64}
# - {name: PS1_Y, datatype: float64}
# - {name: PS1_w, datatype: float64}
# - {name: ATLAS_c, datatype: float64}
# - {name: ATLAS_o, datatype: float64}
# - {name: ukirt_J, datatype: float64}
# - {name: ukirt_H, datatype: float64}
# - {name: ukirt_K, datatype: float64}
# - {name: Clear, datatype: float64}
# meta: !!omap
# - comment: [M=-18.979591836734695, dM=0.04138386210422373]
# schema: astropy-2.0
time swift_uvot_uvw2 swift_uvot_uvm2 swift_uvot_uvw1 swift_uvot_U swift_uvot_B swift_uvot_V swift_uvot_W johnson_U johnson_B johnson_V johnson_R johnson_I sdss_u sdss_g sdss_r sdss_i sdss_z PS1_g PS1_r PS1_i PS1_z PS1_Y PS1_w ATLAS_c ATLAS_o ukirt_J ukirt_H ukirt_K Clear
[from data line 137]
10.326633165829145 -18.55223587379912 -18.55223587379912 -18.55223587379912 -18.55223587379912 -18.55223587379912 -18.55223587379912 -18.55223587379912 -18.55223587379912 -18.55223587379912 -18.55223587379912 -18.55223587379912 -18.55223587379912 -18.55223587379912 -18.55223587379912 -18.55223587379912 -18.55223587379912 -18.55223587379912 -18.55223587379912 -18.55223587379912 -18.55223587379912 -18.55223587379912 -18.55223587379912 -18.55223587379912 -18.55223587379912 -18.55223587379912 -18.55223587379912 -18.55223587379912 -18.55223587379912 -18.55223587379912
10.402010050251256 -18.549116487208348 -18.549116487208348 -18.549116487208348 -18.549116487208348 -18.549116487208348 -18.549116487208348 -18.549116487208348 -18.549116487208348 -18.549116487208348 -18.549116487208348 -18.549116487208348 -18.549116487208348 -18.549116487208348 -18.549116487208348 -18.549116487208348 -18.549116487208348 -18.549116487208348 -18.549116487208348 -18.549116487208348 -18.549116487208348 -18.549116487208348 -18.549116487208348 -18.549116487208348 -18.549116487208348 -18.549116487208348 -18.549116487208348 -18.549116487208348 -18.549116487208348 -18.549116487208348
10.477386934673365 -18.545997100617576 -18.545997100617576 -18.545997100617576 -18.545997100617576 -18.545997100617576 -18.545997100617576 -18.545997100617576 -18.545997100617576 -18.545997100617576 -18.545997100617576 -18.545997100617576 -18.545997100617576 -18.545997100617576 -18.545997100617576 -18.545997100617576 -18.545997100617576 -18.545997100617576 -18.545997100617576 -18.545997100617576 -18.545997100617576 -18.545997100617576 -18.545997100617576 -18.545997100617576 -18.545997100617576 -18.545997100617576 -18.545997100617576 -18.545997100617576 -18.545997100617576 -18.545997100617576
10.552763819095476 -18.542877714026808 -18.542877714026808 -18.542877714026808 -18.542877714026808 -18.542877714026808 -18.542877714026808 -18.542877714026808 -18.542877714026808 -18.542877714026808 -18.542877714026808 -18.542877714026808 -18.542877714026808 -18.542877714026808 -18.542877714026808 -18.542877714026808 -18.542877714026808 -18.542877714026808 -18.542877714026808 -18.542877714026808 -18.542877714026808 -18.542877714026808 -18.542877714026808 -18.542877714026808 -18.542877714026808 -18.542877714026808 -18.542877714026808 -18.542877714026808 -18.542877714026808 -18.542877714026808
10.628140703517587 -18.539758327436036 -18.539758327436036 -18.539758327436036 -18.539758327436036 -18.539758327436036 -18.539758327436036 -18.539758327436036 -18.539758327436036 -18.539758327436036 -18.539758327436036 -18.539758327436036 -18.539758327436036 -18.539758327436036 -18.539758327436036 -18.539758327436036 -18.539758327436036 -18.539758327436036 -18.539758327436036 -18.539758327436036 -18.539758327436036 -18.539758327436036 -18.539758327436036 -18.539758327436036 -18.539758327436036 -18.539758327436036 -18.539758327436036 -18.539758327436036 -18.539758327436036 -18.539758327436036
10.703517587939697 -18.536638940845265 -18.536638940845265 -18.536638940845265 -18.536638940845265 -18.536638940845265 -18.536638940845265 -18.536638940845265 -18.536638940845265 -18.536638940845265 -18.536638940845265 -18.536638940845265 -18.536638940845265 -18.536638940845265 -18.536638940845265 -18.536638940845265 -18.536638940845265 -18.536638940845265 -18.536638940845265 -18.536638940845265 -18.536638940845265 -18.536638940845265 -18.536638940845265 -18.536638940845265 -18.536638940845265 -18.536638940845265 -18.536638940845265 -18.536638940845265 -18.536638940845265 -18.536638940845265
10.778894472361808 -18.533519554254493 -18.533519554254493 -18.533519554254493 -18.533519554254493 -18.533519554254493 -18.533519554254493 -18.533519554254493 -18.533519554254493 -18.533519554254493 -18.533519554254493 -18.533519554254493 -18.533519554254493 -18.533519554254493 -18.533519554254493 -18.533519554254493 -18.533519554254493 -18.533519554254493 -18.533519554254493 -18.533519554254493 -18.533519554254493 -18.533519554254493 -18.533519554254493 -18.533519554254493 -18.533519554254493 -18.533519554254493 -18.533519554254493 -18.533519554254493 -18.533519554254493 -18.533519554254493
10.854271356783919 -18.530400167663725 -18.530400167663725 -18.530400167663725 -18.530400167663725 -18.530400167663725 -18.530400167663725 -18.530400167663725 -18.530400167663725 -18.530400167663725 -18.530400167663725 -18.530400167663725 -18.530400167663725 -18.530400167663725 -18.530400167663725 -18.530400167663725 -18.530400167663725 -18.530400167663725 -18.530400167663725 -18.530400167663725 -18.530400167663725 -18.530400167663725 -18.530400167663725 -18.530400167663725 -18.530400167663725 -18.530400167663725 -18.530400167663725 -18.530400167663725 -18.530400167663725 -18.530400167663725
10.92964824120603 -18.527280781072953 -18.527280781072953 -18.527280781072953 -18.527280781072953 -18.527280781072953 -18.527280781072953 -18.527280781072953 -18.527280781072953 -18.527280781072953 -18.527280781072953 -18.527280781072953 -18.527280781072953 -18.527280781072953 -18.527280781072953 -18.527280781072953 -18.527280781072953 -18.527280781072953 -18.527280781072953 -18.527280781072953 -18.527280781072953 -18.527280781072953 -18.527280781072953 -18.527280781072953 -18.527280781072953 -18.527280781072953 -18.527280781072953 -18.527280781072953 -18.527280781072953 -18.527280781072953
11.00502512562814 -18.52416139448218 -18.52416139448218 -18.52416139448218 -18.52416139448218 -18.52416139448218 -18.52416139448218 -18.52416139448218 -18.52416139448218 -18.52416139448218 -18.52416139448218 -18.52416139448218 -18.52416139448218 -18.52416139448218 -18.52416139448218 -18.52416139448218 -18.52416139448218 -18.52416139448218 -18.52416139448218 -18.52416139448218 -18.52416139448218 -18.52416139448218 -18.52416139448218 -18.52416139448218 -18.52416139448218 -18.52416139448218 -18.52416139448218 -18.52416139448218 -18.52416139448218 -18.52416139448218
11.08040201005025 -18.521042007891413 -18.521042007891413 -18.521042007891413 -18.521042007891413 -18.521042007891413 -18.521042007891413 -18.521042007891413 -18.521042007891413 -18.521042007891413 -18.521042007891413 -18.521042007891413 -18.521042007891413 -18.521042007891413 -18.521042007891413 -18.521042007891413 -18.521042007891413 -18.521042007891413 -18.521042007891413 -18.521042007891413 -18.521042007891413 -18.521042007891413 -18.521042007891413 -18.521042007891413 -18.521042007891413 -18.521042007891413 -18.521042007891413 -18.521042007891413 -18.521042007891413 -18.521042007891413
11.15577889447236 -18.51792262130064 -18.51792262130064 -18.51792262130064 -18.51792262130064 -18.51792262130064 -18.51792262130064 -18.51792262130064 -18.51792262130064 -18.51792262130064 -18.51792262130064 -18.51792262130064 -18.51792262130064 -18.51792262130064 -18.51792262130064 -18.51792262130064 -18.51792262130064 -18.51792262130064 -18.51792262130064 -18.51792262130064 -18.51792262130064 -18.51792262130064 -18.51792262130064 -18.51792262130064 -18.51792262130064 -18.51792262130064 -18.51792262130064 -18.51792262130064 -18.51792262130064 -18.51792262130064
11.231155778894472 -18.51480323470987 -18.51480323470987 -18.51480323470987 -18.51480323470987 -18.51480323470987 -18.51480323470987 -18.51480323470987 -18.51480323470987 -18.51480323470987 -18.51480323470987 -18.51480323470987 -18.51480323470987 -18.51480323470987 -18.51480323470987 -18.51480323470987 -18.51480323470987 -18.51480323470987 -18.51480323470987 -18.51480323470987 -18.51480323470987 -18.51480323470987 -18.51480323470987 -18.51480323470987 -18.51480323470987 -18.51480323470987 -18.51480323470987 -18.51480323470987 -18.51480323470987 -18.51480323470987
11.306532663316581 -18.5116838481191 -18.5116838481191 -18.5116838481191 -18.5116838481191 -18.5116838481191 -18.5116838481191 -18.5116838481191 -18.5116838481191 -18.5116838481191 -18.5116838481191 -18.5116838481191 -18.5116838481191 -18.5116838481191 -18.5116838481191 -18.5116838481191 -18.5116838481191 -18.5116838481191 -18.5116838481191 -18.5116838481191 -18.5116838481191 -18.5116838481191 -18.5116838481191 -18.5116838481191 -18.5116838481191 -18.5116838481191 -18.5116838481191 -18.5116838481191 -18.5116838481191 -18.5116838481191
11.381909547738692 -18.50856446152833 -18.50856446152833 -18.50856446152833 -18.50856446152833 -18.50856446152833 -18.50856446152833 -18.50856446152833 -18.50856446152833 -18.50856446152833 -18.50856446152833 -18.50856446152833 -18.50856446152833 -18.50856446152833 -18.50856446152833 -18.50856446152833 -18.50856446152833 -18.50856446152833 -18.50856446152833 -18.50856446152833 -18.50856446152833 -18.50856446152833 -18.50856446152833 -18.50856446152833 -18.50856446152833 -18.50856446152833 -18.50856446152833 -18.50856446152833 -18.50856446152833 -18.50856446152833
11.457286432160803 -18.50544507493756 -18.50544507493756 -18.50544507493756 -18.50544507493756 -18.50544507493756 -18.50544507493756 -18.50544507493756 -18.50544507493756 -18.50544507493756 -18.50544507493756 -18.50544507493756 -18.50544507493756 -18.50544507493756 -18.50544507493756 -18.50544507493756 -18.50544507493756 -18.50544507493756 -18.50544507493756 -18.50544507493756 -18.50544507493756 -18.50544507493756 -18.50544507493756 -18.50544507493756 -18.50544507493756 -18.50544507493756 -18.50544507493756 -18.50544507493756 -18.50544507493756 -18.50544507493756
11.532663316582914 -18.502325688346787 -18.502325688346787 -18.502325688346787 -18.502325688346787 -18.502325688346787 -18.502325688346787 -18.502325688346787 -18.502325688346787 -18.502325688346787 -18.502325688346787 -18.502325688346787 -18.502325688346787 -18.502325688346787 -18.502325688346787 -18.502325688346787 -18.502325688346787 -18.502325688346787 -18.502325688346787 -18.502325688346787 -18.502325688346787 -18.502325688346787 -18.502325688346787 -18.502325688346787 -18.502325688346787 -18.502325688346787 -18.502325688346787 -18.502325688346787 -18.502325688346787 -18.502325688346787
11.608040201005025 -18.49920630175602 -18.49920630175602 -18.49920630175602 -18.49920630175602 -18.49920630175602 -18.49920630175602 -18.49920630175602 -18.49920630175602 -18.49920630175602 -18.49920630175602 -18.49920630175602 -18.49920630175602 -18.49920630175602 -18.49920630175602 -18.49920630175602 -18.49920630175602 -18.49920630175602 -18.49920630175602 -18.49920630175602 -18.49920630175602 -18.49920630175602 -18.49920630175602 -18.49920630175602 -18.49920630175602 -18.49920630175602 -18.49920630175602 -18.49920630175602 -18.49920630175602 -18.49920630175602
11.683417085427134 -18.496086915165247 -18.496086915165247 -18.496086915165247 -18.496086915165247 -18.496086915165247 -18.496086915165247 -18.496086915165247 -18.496086915165247 -18.496086915165247 -18.496086915165247 -18.496086915165247 -18.496086915165247 -18.496086915165247 -18.496086915165247 -18.496086915165247 -18.496086915165247 -18.496086915165247 -18.496086915165247 -18.496086915165247 -18.496086915165247 -18.496086915165247 -18.496086915165247 -18.496086915165247 -18.496086915165247 -18.496086915165247 -18.496086915165247 -18.496086915165247 -18.496086915165247 -18.496086915165247
11.758793969849245 -18.492967528574475 -18.492967528574475 -18.492967528574475 -18.492967528574475 -18.492967528574475 -18.492967528574475 -18.492967528574475 -18.492967528574475 -18.492967528574475 -18.492967528574475 -18.492967528574475 -18.492967528574475 -18.492967528574475 -18.492967528574475 -18.492967528574475 -18.492967528574475 -18.492967528574475 -18.492967528574475 -18.492967528574475 -18.492967528574475 -18.492967528574475 -18.492967528574475 -18.492967528574475 -18.492967528574475 -18.492967528574475 -18.492967528574475 -18.492967528574475 -18.492967528574475 -18.492967528574475
11.834170854271356 -18.489848141983707 -18.489848141983707 -18.489848141983707 -18.489848141983707 -18.489848141983707 -18.489848141983707 -18.489848141983707 -18.489848141983707 -18.489848141983707 -18.489848141983707 -18.489848141983707 -18.489848141983707 -18.489848141983707 -18.489848141983707 -18.489848141983707 -18.489848141983707 -18.489848141983707 -18.489848141983707 -18.489848141983707 -18.489848141983707 -18.489848141983707 -18.489848141983707 -18.489848141983707 -18.489848141983707 -18.489848141983707 -18.489848141983707 -18.489848141983707 -18.489848141983707 -18.489848141983707
11.909547738693465 -18.486728755392935 -18.486728755392935 -18.486728755392935 -18.486728755392935 -18.486728755392935 -18.486728755392935 -18.486728755392935 -18.486728755392935 -18.486728755392935 -18.486728755392935 -18.486728755392935 -18.486728755392935 -18.486728755392935 -18.486728755392935 -18.486728755392935 -18.486728755392935 -18.486728755392935 -18.486728755392935 -18.486728755392935 -18.486728755392935 -18.486728755392935 -18.486728755392935 -18.486728755392935 -18.486728755392935 -18.486728755392935 -18.486728755392935 -18.486728755392935 -18.486728755392935 -18.486728755392935
11.984924623115576 -18.483609368802163 -18.483609368802163 -18.483609368802163 -18.483609368802163 -18.483609368802163 -18.483609368802163 -18.483609368802163 -18.483609368802163 -18.483609368802163 -18.483609368802163 -18.483609368802163 -18.483609368802163 -18.483609368802163 -18.483609368802163 -18.483609368802163 -18.483609368802163 -18.483609368802163 -18.483609368802163 -18.483609368802163 -18.483609368802163 -18.483609368802163 -18.483609368802163 -18.483609368802163 -18.483609368802163 -18.483609368802163 -18.483609368802163 -18.483609368802163 -18.483609368802163 -18.483609368802163
12.060301507537687 -18.480489982211395 -18.480489982211395 -18.480489982211395 -18.480489982211395 -18.480489982211395 -18.480489982211395 -18.480489982211395 -18.480489982211395 -18.480489982211395 -18.480489982211395 -18.480489982211395 -18.480489982211395 -18.480489982211395 -18.480489982211395 -18.480489982211395 -18.480489982211395 -18.480489982211395 -18.480489982211395 -18.480489982211395 -18.480489982211395 -18.480489982211395 -18.480489982211395 -18.480489982211395 -18.480489982211395 -18.480489982211395 -18.480489982211395 -18.480489982211395 -18.480489982211395 -18.480489982211395
12.135678391959798 -18.477370595620624 -18.477370595620624 -18.477370595620624 -18.477370595620624 -18.477370595620624 -18.477370595620624 -18.477370595620624 -18.477370595620624 -18.477370595620624 -18.477370595620624 -18.477370595620624 -18.477370595620624 -18.477370595620624 -18.477370595620624 -18.477370595620624 -18.477370595620624 -18.477370595620624 -18.477370595620624 -18.477370595620624 -18.477370595620624 -18.477370595620624 -18.477370595620624 -18.477370595620624 -18.477370595620624 -18.477370595620624 -18.477370595620624 -18.477370595620624 -18.477370595620624 -18.477370595620624
12.21105527638191 -18.474251209029852 -18.474251209029852 -18.474251209029852 -18.474251209029852 -18.474251209029852 -18.474251209029852 -18.474251209029852 -18.474251209029852 -18.474251209029852 -18.474251209029852 -18.474251209029852 -18.474251209029852 -18.474251209029852 -18.474251209029852 -18.474251209029852 -18.474251209029852 -18.474251209029852 -18.474251209029852 -18.474251209029852 -18.474251209029852 -18.474251209029852 -18.474251209029852 -18.474251209029852 -18.474251209029852 -18.474251209029852 -18.474251209029852 -18.474251209029852 -18.474251209029852 -18.474251209029852
