web/models/linear/87/-19_898_0_008.dat
# %ECSV 1.0
# ---
# datatype:
# - {name: time, datatype: float64}
# - {name: swift_uvot_uvw2, datatype: float64}
# - {name: swift_uvot_uvm2, datatype: float64}
# - {name: swift_uvot_uvw1, datatype: float64}
# - {name: swift_uvot_U, datatype: float64}
# - {name: swift_uvot_B, datatype: float64}
# - {name: swift_uvot_V, datatype: float64}
# - {name: swift_uvot_W, datatype: float64}
# - {name: johnson_U, datatype: float64}
# - {name: johnson_B, datatype: float64}
# - {name: johnson_V, datatype: float64}
# - {name: johnson_R, datatype: float64}
# - {name: johnson_I, datatype: float64}
# - {name: sdss_u, datatype: float64}
# - {name: sdss_g, datatype: float64}
# - {name: sdss_r, datatype: float64}
# - {name: sdss_i, datatype: float64}
# - {name: sdss_z, datatype: float64}
# - {name: PS1_g, datatype: float64}
# - {name: PS1_r, datatype: float64}
# - {name: PS1_i, datatype: float64}
# - {name: PS1_z, datatype: float64}
# - {name: PS1_Y, datatype: float64}
# - {name: PS1_w, datatype: float64}
# - {name: ATLAS_c, datatype: float64}
# - {name: ATLAS_o, datatype: float64}
# - {name: ukirt_J, datatype: float64}
# - {name: ukirt_H, datatype: float64}
# - {name: ukirt_K, datatype: float64}
# - {name: Clear, datatype: float64}
# meta: !!omap
# - comment: [M=-19.89795918367347, dM=0.007512482411700718]
# schema: astropy-2.0
time swift_uvot_uvw2 swift_uvot_uvm2 swift_uvot_uvw1 swift_uvot_U swift_uvot_B swift_uvot_V swift_uvot_W johnson_U johnson_B johnson_V johnson_R johnson_I sdss_u sdss_g sdss_r sdss_i sdss_z PS1_g PS1_r PS1_i PS1_z PS1_Y PS1_w ATLAS_c ATLAS_o ukirt_J ukirt_H ukirt_K Clear
[from data line 54]
4.0703517587939695 -19.867380737676097 -19.867380737676097 -19.867380737676097 -19.867380737676097 -19.867380737676097 -19.867380737676097 -19.867380737676097 -19.867380737676097 -19.867380737676097 -19.867380737676097 -19.867380737676097 -19.867380737676097 -19.867380737676097 -19.867380737676097 -19.867380737676097 -19.867380737676097 -19.867380737676097 -19.867380737676097 -19.867380737676097 -19.867380737676097 -19.867380737676097 -19.867380737676097 -19.867380737676097 -19.867380737676097 -19.867380737676097 -19.867380737676097 -19.867380737676097 -19.867380737676097 -19.867380737676097
4.14572864321608 -19.866814470157628 -19.866814470157628 -19.866814470157628 -19.866814470157628 -19.866814470157628 -19.866814470157628 -19.866814470157628 -19.866814470157628 -19.866814470157628 -19.866814470157628 -19.866814470157628 -19.866814470157628 -19.866814470157628 -19.866814470157628 -19.866814470157628 -19.866814470157628 -19.866814470157628 -19.866814470157628 -19.866814470157628 -19.866814470157628 -19.866814470157628 -19.866814470157628 -19.866814470157628 -19.866814470157628 -19.866814470157628 -19.866814470157628 -19.866814470157628 -19.866814470157628 -19.866814470157628
4.221105527638191 -19.866248202639156 -19.866248202639156 -19.866248202639156 -19.866248202639156 -19.866248202639156 -19.866248202639156 -19.866248202639156 -19.866248202639156 -19.866248202639156 -19.866248202639156 -19.866248202639156 -19.866248202639156 -19.866248202639156 -19.866248202639156 -19.866248202639156 -19.866248202639156 -19.866248202639156 -19.866248202639156 -19.866248202639156 -19.866248202639156 -19.866248202639156 -19.866248202639156 -19.866248202639156 -19.866248202639156 -19.866248202639156 -19.866248202639156 -19.866248202639156 -19.866248202639156 -19.866248202639156
4.296482412060302 -19.865681935120687 -19.865681935120687 -19.865681935120687 -19.865681935120687 -19.865681935120687 -19.865681935120687 -19.865681935120687 -19.865681935120687 -19.865681935120687 -19.865681935120687 -19.865681935120687 -19.865681935120687 -19.865681935120687 -19.865681935120687 -19.865681935120687 -19.865681935120687 -19.865681935120687 -19.865681935120687 -19.865681935120687 -19.865681935120687 -19.865681935120687 -19.865681935120687 -19.865681935120687 -19.865681935120687 -19.865681935120687 -19.865681935120687 -19.865681935120687 -19.865681935120687 -19.865681935120687
4.371859296482412 -19.86511566760222 -19.86511566760222 -19.86511566760222 -19.86511566760222 -19.86511566760222 -19.86511566760222 -19.86511566760222 -19.86511566760222 -19.86511566760222 -19.86511566760222 -19.86511566760222 -19.86511566760222 -19.86511566760222 -19.86511566760222 -19.86511566760222 -19.86511566760222 -19.86511566760222 -19.86511566760222 -19.86511566760222 -19.86511566760222 -19.86511566760222 -19.86511566760222 -19.86511566760222 -19.86511566760222 -19.86511566760222 -19.86511566760222 -19.86511566760222 -19.86511566760222 -19.86511566760222
4.447236180904522 -19.864549400083746 -19.864549400083746 -19.864549400083746 -19.864549400083746 -19.864549400083746 -19.864549400083746 -19.864549400083746 -19.864549400083746 -19.864549400083746 -19.864549400083746 -19.864549400083746 -19.864549400083746 -19.864549400083746 -19.864549400083746 -19.864549400083746 -19.864549400083746 -19.864549400083746 -19.864549400083746 -19.864549400083746 -19.864549400083746 -19.864549400083746 -19.864549400083746 -19.864549400083746 -19.864549400083746 -19.864549400083746 -19.864549400083746 -19.864549400083746 -19.864549400083746 -19.864549400083746
4.522613065326633 -19.863983132565277 -19.863983132565277 -19.863983132565277 -19.863983132565277 -19.863983132565277 -19.863983132565277 -19.863983132565277 -19.863983132565277 -19.863983132565277 -19.863983132565277 -19.863983132565277 -19.863983132565277 -19.863983132565277 -19.863983132565277 -19.863983132565277 -19.863983132565277 -19.863983132565277 -19.863983132565277 -19.863983132565277 -19.863983132565277 -19.863983132565277 -19.863983132565277 -19.863983132565277 -19.863983132565277 -19.863983132565277 -19.863983132565277 -19.863983132565277 -19.863983132565277 -19.863983132565277
4.597989949748744 -19.86341686504681 -19.86341686504681 -19.86341686504681 -19.86341686504681 -19.86341686504681 -19.86341686504681 -19.86341686504681 -19.86341686504681 -19.86341686504681 -19.86341686504681 -19.86341686504681 -19.86341686504681 -19.86341686504681 -19.86341686504681 -19.86341686504681 -19.86341686504681 -19.86341686504681 -19.86341686504681 -19.86341686504681 -19.86341686504681 -19.86341686504681 -19.86341686504681 -19.86341686504681 -19.86341686504681 -19.86341686504681 -19.86341686504681 -19.86341686504681 -19.86341686504681 -19.86341686504681
4.673366834170854 -19.862850597528336 -19.862850597528336 -19.862850597528336 -19.862850597528336 -19.862850597528336 -19.862850597528336 -19.862850597528336 -19.862850597528336 -19.862850597528336 -19.862850597528336 -19.862850597528336 -19.862850597528336 -19.862850597528336 -19.862850597528336 -19.862850597528336 -19.862850597528336 -19.862850597528336 -19.862850597528336 -19.862850597528336 -19.862850597528336 -19.862850597528336 -19.862850597528336 -19.862850597528336 -19.862850597528336 -19.862850597528336 -19.862850597528336 -19.862850597528336 -19.862850597528336 -19.862850597528336
4.748743718592964 -19.862284330009867 -19.862284330009867 -19.862284330009867 -19.862284330009867 -19.862284330009867 -19.862284330009867 -19.862284330009867 -19.862284330009867 -19.862284330009867 -19.862284330009867 -19.862284330009867 -19.862284330009867 -19.862284330009867 -19.862284330009867 -19.862284330009867 -19.862284330009867 -19.862284330009867 -19.862284330009867 -19.862284330009867 -19.862284330009867 -19.862284330009867 -19.862284330009867 -19.862284330009867 -19.862284330009867 -19.862284330009867 -19.862284330009867 -19.862284330009867 -19.862284330009867 -19.862284330009867
4.824120603015075 -19.8617180624914 -19.8617180624914 -19.8617180624914 -19.8617180624914 -19.8617180624914 -19.8617180624914 -19.8617180624914 -19.8617180624914 -19.8617180624914 -19.8617180624914 -19.8617180624914 -19.8617180624914 -19.8617180624914 -19.8617180624914 -19.8617180624914 -19.8617180624914 -19.8617180624914 -19.8617180624914 -19.8617180624914 -19.8617180624914 -19.8617180624914 -19.8617180624914 -19.8617180624914 -19.8617180624914 -19.8617180624914 -19.8617180624914 -19.8617180624914 -19.8617180624914 -19.8617180624914
4.899497487437186 -19.861151794972926 -19.861151794972926 -19.861151794972926 -19.861151794972926 -19.861151794972926 -19.861151794972926 -19.861151794972926 -19.861151794972926 -19.861151794972926 -19.861151794972926 -19.861151794972926 -19.861151794972926 -19.861151794972926 -19.861151794972926 -19.861151794972926 -19.861151794972926 -19.861151794972926 -19.861151794972926 -19.861151794972926 -19.861151794972926 -19.861151794972926 -19.861151794972926 -19.861151794972926 -19.861151794972926 -19.861151794972926 -19.861151794972926 -19.861151794972926 -19.861151794972926 -19.861151794972926
4.974874371859296 -19.860585527454457 -19.860585527454457 -19.860585527454457 -19.860585527454457 -19.860585527454457 -19.860585527454457 -19.860585527454457 -19.860585527454457 -19.860585527454457 -19.860585527454457 -19.860585527454457 -19.860585527454457 -19.860585527454457 -19.860585527454457 -19.860585527454457 -19.860585527454457 -19.860585527454457 -19.860585527454457 -19.860585527454457 -19.860585527454457 -19.860585527454457 -19.860585527454457 -19.860585527454457 -19.860585527454457 -19.860585527454457 -19.860585527454457 -19.860585527454457 -19.860585527454457 -19.860585527454457
5.050251256281406 -19.86001925993599 -19.86001925993599 -19.86001925993599 -19.86001925993599 -19.86001925993599 -19.86001925993599 -19.86001925993599 -19.86001925993599 -19.86001925993599 -19.86001925993599 -19.86001925993599 -19.86001925993599 -19.86001925993599 -19.86001925993599 -19.86001925993599 -19.86001925993599 -19.86001925993599 -19.86001925993599 -19.86001925993599 -19.86001925993599 -19.86001925993599 -19.86001925993599 -19.86001925993599 -19.86001925993599 -19.86001925993599 -19.86001925993599 -19.86001925993599 -19.86001925993599 -19.86001925993599
5.125628140703517 -19.859452992417516 -19.859452992417516 -19.859452992417516 -19.859452992417516 -19.859452992417516 -19.859452992417516 -19.859452992417516 -19.859452992417516 -19.859452992417516 -19.859452992417516 -19.859452992417516 -19.859452992417516 -19.859452992417516 -19.859452992417516 -19.859452992417516 -19.859452992417516 -19.859452992417516 -19.859452992417516 -19.859452992417516 -19.859452992417516 -19.859452992417516 -19.859452992417516 -19.859452992417516 -19.859452992417516 -19.859452992417516 -19.859452992417516 -19.859452992417516 -19.859452992417516 -19.859452992417516
5.201005025125628 -19.858886724899047 -19.858886724899047 -19.858886724899047 -19.858886724899047 -19.858886724899047 -19.858886724899047 -19.858886724899047 -19.858886724899047 -19.858886724899047 -19.858886724899047 -19.858886724899047 -19.858886724899047 -19.858886724899047 -19.858886724899047 -19.858886724899047 -19.858886724899047 -19.858886724899047 -19.858886724899047 -19.858886724899047 -19.858886724899047 -19.858886724899047 -19.858886724899047 -19.858886724899047 -19.858886724899047 -19.858886724899047 -19.858886724899047 -19.858886724899047 -19.858886724899047 -19.858886724899047
5.276381909547738 -19.85832045738058 -19.85832045738058 -19.85832045738058 -19.85832045738058 -19.85832045738058 -19.85832045738058 -19.85832045738058 -19.85832045738058 -19.85832045738058 -19.85832045738058 -19.85832045738058 -19.85832045738058 -19.85832045738058 -19.85832045738058 -19.85832045738058 -19.85832045738058 -19.85832045738058 -19.85832045738058 -19.85832045738058 -19.85832045738058 -19.85832045738058 -19.85832045738058 -19.85832045738058 -19.85832045738058 -19.85832045738058 -19.85832045738058 -19.85832045738058 -19.85832045738058 -19.85832045738058
5.351758793969848 -19.857754189862106 -19.857754189862106 -19.857754189862106 -19.857754189862106 -19.857754189862106 -19.857754189862106 -19.857754189862106 -19.857754189862106 -19.857754189862106 -19.857754189862106 -19.857754189862106 -19.857754189862106 -19.857754189862106 -19.857754189862106 -19.857754189862106 -19.857754189862106 -19.857754189862106 -19.857754189862106 -19.857754189862106 -19.857754189862106 -19.857754189862106 -19.857754189862106 -19.857754189862106 -19.857754189862106 -19.857754189862106 -19.857754189862106 -19.857754189862106 -19.857754189862106 -19.857754189862106
5.427135678391959 -19.857187922343638 -19.857187922343638 -19.857187922343638 -19.857187922343638 -19.857187922343638 -19.857187922343638 -19.857187922343638 -19.857187922343638 -19.857187922343638 -19.857187922343638 -19.857187922343638 -19.857187922343638 -19.857187922343638 -19.857187922343638 -19.857187922343638 -19.857187922343638 -19.857187922343638 -19.857187922343638 -19.857187922343638 -19.857187922343638 -19.857187922343638 -19.857187922343638 -19.857187922343638 -19.857187922343638 -19.857187922343638 -19.857187922343638 -19.857187922343638 -19.857187922343638 -19.857187922343638
5.50251256281407 -19.85662165482517 -19.85662165482517 -19.85662165482517 -19.85662165482517 -19.85662165482517 -19.85662165482517 -19.85662165482517 -19.85662165482517 -19.85662165482517 -19.85662165482517 -19.85662165482517 -19.85662165482517 -19.85662165482517 -19.85662165482517 -19.85662165482517 -19.85662165482517 -19.85662165482517 -19.85662165482517 -19.85662165482517 -19.85662165482517 -19.85662165482517 -19.85662165482517 -19.85662165482517 -19.85662165482517 -19.85662165482517 -19.85662165482517 -19.85662165482517 -19.85662165482517 -19.85662165482517
5.57788944723618 -19.8560553873067 -19.8560553873067 -19.8560553873067 -19.8560553873067 -19.8560553873067 -19.8560553873067 -19.8560553873067 -19.8560553873067 -19.8560553873067 -19.8560553873067 -19.8560553873067 -19.8560553873067 -19.8560553873067 -19.8560553873067 -19.8560553873067 -19.8560553873067 -19.8560553873067 -19.8560553873067 -19.8560553873067 -19.8560553873067 -19.8560553873067 -19.8560553873067 -19.8560553873067 -19.8560553873067 -19.8560553873067 -19.8560553873067 -19.8560553873067 -19.8560553873067 -19.8560553873067
5.6532663316582905 -19.855489119788228 -19.855489119788228 -19.855489119788228 -19.855489119788228 -19.855489119788228 -19.855489119788228 -19.855489119788228 -19.855489119788228 -19.855489119788228 -19.855489119788228 -19.855489119788228 -19.855489119788228 -19.855489119788228 -19.855489119788228 -19.855489119788228 -19.855489119788228 -19.855489119788228 -19.855489119788228 -19.855489119788228 -19.855489119788228 -19.855489119788228 -19.855489119788228 -19.855489119788228 -19.855489119788228 -19.855489119788228 -19.855489119788228 -19.855489119788228 -19.855489119788228 -19.855489119788228
5.7286432160804015 -19.85492285226976 -19.85492285226976 -19.85492285226976 -19.85492285226976 -19.85492285226976 -19.85492285226976 -19.85492285226976 -19.85492285226976 -19.85492285226976 -19.85492285226976 -19.85492285226976 -19.85492285226976 -19.85492285226976 -19.85492285226976 -19.85492285226976 -19.85492285226976 -19.85492285226976 -19.85492285226976 -19.85492285226976 -19.85492285226976 -19.85492285226976 -19.85492285226976 -19.85492285226976 -19.85492285226976 -19.85492285226976 -19.85492285226976 -19.85492285226976 -19.85492285226976 -19.85492285226976
5.8040201005025125 -19.85435658475129 -19.85435658475129 -19.85435658475129 -19.85435658475129 -19.85435658475129 -19.85435658475129 -19.85435658475129 -19.85435658475129 -19.85435658475129 -19.85435658475129 -19.85435658475129 -19.85435658475129 -19.85435658475129 -19.85435658475129 -19.85435658475129 -19.85435658475129 -19.85435658475129 -19.85435658475129 -19.85435658475129 -19.85435658475129 -19.85435658475129 -19.85435658475129 -19.85435658475129 -19.85435658475129 -19.85435658475129 -19.85435658475129 -19.85435658475129 -19.85435658475129 -19.85435658475129
5.879396984924623 -19.853790317232818 -19.853790317232818 -19.853790317232818 -19.853790317232818 -19.853790317232818 -19.853790317232818 -19.853790317232818 -19.853790317232818 -19.853790317232818 -19.853790317232818 -19.853790317232818 -19.853790317232818 -19.853790317232818 -19.853790317232818 -19.853790317232818 -19.853790317232818 -19.853790317232818 -19.853790317232818 -19.853790317232818 -19.853790317232818 -19.853790317232818 -19.853790317232818 -19.853790317232818 -19.853790317232818 -19.853790317232818 -19.853790317232818 -19.853790317232818 -19.853790317232818 -19.853790317232818
5.954773869346733 -19.85322404971435 -19.85322404971435 -19.85322404971435 -19.85322404971435 -19.85322404971435 -19.85322404971435 -19.85322404971435 -19.85322404971435 -19.85322404971435 -19.85322404971435 -19.85322404971435 -19.85322404971435 -19.85322404971435 -19.85322404971435 -19.85322404971435 -19.85322404971435 -19.85322404971435 -19.85322404971435 -19.85322404971435 -19.85322404971435 -19.85322404971435 -19.85322404971435 -19.85322404971435 -19.85322404971435 -19.85322404971435 -19.85322404971435 -19.85322404971435 -19.85322404971435 -19.85322404971435
6.030150753768844 -19.85265778219588 -19.85265778219588 -19.85265778219588 -19.85265778219588 -19.85265778219588 -19.85265778219588 -19.85265778219588 -19.85265778219588 -19.85265778219588 -19.85265778219588 -19.85265778219588 -19.85265778219588 -19.85265778219588 -19.85265778219588 -19.85265778219588 -19.85265778219588 -19.85265778219588 -19.85265778219588 -19.85265778219588 -19.85265778219588 -19.85265778219588 -19.85265778219588 -19.85265778219588 -19.85265778219588 -19.85265778219588 -19.85265778219588 -19.85265778219588 -19.85265778219588 -19.85265778219588
