web/models/linear/87/-19_898_0_003.dat
# %ECSV 1.0
# ---
# datatype:
# - {name: time, datatype: float64}
# - {name: swift_uvot_uvw2, datatype: float64}
# - {name: swift_uvot_uvm2, datatype: float64}
# - {name: swift_uvot_uvw1, datatype: float64}
# - {name: swift_uvot_U, datatype: float64}
# - {name: swift_uvot_B, datatype: float64}
# - {name: swift_uvot_V, datatype: float64}
# - {name: swift_uvot_W, datatype: float64}
# - {name: johnson_U, datatype: float64}
# - {name: johnson_B, datatype: float64}
# - {name: johnson_V, datatype: float64}
# - {name: johnson_R, datatype: float64}
# - {name: johnson_I, datatype: float64}
# - {name: sdss_u, datatype: float64}
# - {name: sdss_g, datatype: float64}
# - {name: sdss_r, datatype: float64}
# - {name: sdss_i, datatype: float64}
# - {name: sdss_z, datatype: float64}
# - {name: PS1_g, datatype: float64}
# - {name: PS1_r, datatype: float64}
# - {name: PS1_i, datatype: float64}
# - {name: PS1_z, datatype: float64}
# - {name: PS1_Y, datatype: float64}
# - {name: PS1_w, datatype: float64}
# - {name: ATLAS_c, datatype: float64}
# - {name: ATLAS_o, datatype: float64}
# - {name: ukirt_J, datatype: float64}
# - {name: ukirt_H, datatype: float64}
# - {name: ukirt_K, datatype: float64}
# - {name: Clear, datatype: float64}
# meta: !!omap
# - comment: [M=-19.89795918367347, dM=0.0034589451300033724]
# schema: astropy-2.0
time swift_uvot_uvw2 swift_uvot_uvm2 swift_uvot_uvw1 swift_uvot_U swift_uvot_B swift_uvot_V swift_uvot_W johnson_U johnson_B johnson_V johnson_R johnson_I sdss_u sdss_g sdss_r sdss_i sdss_z PS1_g PS1_r PS1_i PS1_z PS1_Y PS1_w ATLAS_c ATLAS_o ukirt_J ukirt_H ukirt_K Clear
[from data line 164]
12.36180904522613 -19.855200364478456 -19.855200364478456 -19.855200364478456 -19.855200364478456 -19.855200364478456 -19.855200364478456 -19.855200364478456 -19.855200364478456 -19.855200364478456 -19.855200364478456 -19.855200364478456 -19.855200364478456 -19.855200364478456 -19.855200364478456 -19.855200364478456 -19.855200364478456 -19.855200364478456 -19.855200364478456 -19.855200364478456 -19.855200364478456 -19.855200364478456 -19.855200364478456 -19.855200364478456 -19.855200364478456 -19.855200364478456 -19.855200364478456 -19.855200364478456 -19.855200364478456 -19.855200364478456
12.43718592964824 -19.854939639971168 -19.854939639971168 -19.854939639971168 -19.854939639971168 -19.854939639971168 -19.854939639971168 -19.854939639971168 -19.854939639971168 -19.854939639971168 -19.854939639971168 -19.854939639971168 -19.854939639971168 -19.854939639971168 -19.854939639971168 -19.854939639971168 -19.854939639971168 -19.854939639971168 -19.854939639971168 -19.854939639971168 -19.854939639971168 -19.854939639971168 -19.854939639971168 -19.854939639971168 -19.854939639971168 -19.854939639971168 -19.854939639971168 -19.854939639971168 -19.854939639971168 -19.854939639971168
12.51256281407035 -19.854678915463882 -19.854678915463882 -19.854678915463882 -19.854678915463882 -19.854678915463882 -19.854678915463882 -19.854678915463882 -19.854678915463882 -19.854678915463882 -19.854678915463882 -19.854678915463882 -19.854678915463882 -19.854678915463882 -19.854678915463882 -19.854678915463882 -19.854678915463882 -19.854678915463882 -19.854678915463882 -19.854678915463882 -19.854678915463882 -19.854678915463882 -19.854678915463882 -19.854678915463882 -19.854678915463882 -19.854678915463882 -19.854678915463882 -19.854678915463882 -19.854678915463882 -19.854678915463882
12.58793969849246 -19.854418190956594 -19.854418190956594 -19.854418190956594 -19.854418190956594 -19.854418190956594 -19.854418190956594 -19.854418190956594 -19.854418190956594 -19.854418190956594 -19.854418190956594 -19.854418190956594 -19.854418190956594 -19.854418190956594 -19.854418190956594 -19.854418190956594 -19.854418190956594 -19.854418190956594 -19.854418190956594 -19.854418190956594 -19.854418190956594 -19.854418190956594 -19.854418190956594 -19.854418190956594 -19.854418190956594 -19.854418190956594 -19.854418190956594 -19.854418190956594 -19.854418190956594 -19.854418190956594
12.663316582914572 -19.85415746644931 -19.85415746644931 -19.85415746644931 -19.85415746644931 -19.85415746644931 -19.85415746644931 -19.85415746644931 -19.85415746644931 -19.85415746644931 -19.85415746644931 -19.85415746644931 -19.85415746644931 -19.85415746644931 -19.85415746644931 -19.85415746644931 -19.85415746644931 -19.85415746644931 -19.85415746644931 -19.85415746644931 -19.85415746644931 -19.85415746644931 -19.85415746644931 -19.85415746644931 -19.85415746644931 -19.85415746644931 -19.85415746644931 -19.85415746644931 -19.85415746644931 -19.85415746644931
12.738693467336683 -19.85389674194202 -19.85389674194202 -19.85389674194202 -19.85389674194202 -19.85389674194202 -19.85389674194202 -19.85389674194202 -19.85389674194202 -19.85389674194202 -19.85389674194202 -19.85389674194202 -19.85389674194202 -19.85389674194202 -19.85389674194202 -19.85389674194202 -19.85389674194202 -19.85389674194202 -19.85389674194202 -19.85389674194202 -19.85389674194202 -19.85389674194202 -19.85389674194202 -19.85389674194202 -19.85389674194202 -19.85389674194202 -19.85389674194202 -19.85389674194202 -19.85389674194202 -19.85389674194202
12.814070351758794 -19.853636017434734 -19.853636017434734 -19.853636017434734 -19.853636017434734 -19.853636017434734 -19.853636017434734 -19.853636017434734 -19.853636017434734 -19.853636017434734 -19.853636017434734 -19.853636017434734 -19.853636017434734 -19.853636017434734 -19.853636017434734 -19.853636017434734 -19.853636017434734 -19.853636017434734 -19.853636017434734 -19.853636017434734 -19.853636017434734 -19.853636017434734 -19.853636017434734 -19.853636017434734 -19.853636017434734 -19.853636017434734 -19.853636017434734 -19.853636017434734 -19.853636017434734 -19.853636017434734
12.889447236180903 -19.85337529292745 -19.85337529292745 -19.85337529292745 -19.85337529292745 -19.85337529292745 -19.85337529292745 -19.85337529292745 -19.85337529292745 -19.85337529292745 -19.85337529292745 -19.85337529292745 -19.85337529292745 -19.85337529292745 -19.85337529292745 -19.85337529292745 -19.85337529292745 -19.85337529292745 -19.85337529292745 -19.85337529292745 -19.85337529292745 -19.85337529292745 -19.85337529292745 -19.85337529292745 -19.85337529292745 -19.85337529292745 -19.85337529292745 -19.85337529292745 -19.85337529292745 -19.85337529292745
12.964824120603014 -19.85311456842016 -19.85311456842016 -19.85311456842016 -19.85311456842016 -19.85311456842016 -19.85311456842016 -19.85311456842016 -19.85311456842016 -19.85311456842016 -19.85311456842016 -19.85311456842016 -19.85311456842016 -19.85311456842016 -19.85311456842016 -19.85311456842016 -19.85311456842016 -19.85311456842016 -19.85311456842016 -19.85311456842016 -19.85311456842016 -19.85311456842016 -19.85311456842016 -19.85311456842016 -19.85311456842016 -19.85311456842016 -19.85311456842016 -19.85311456842016 -19.85311456842016 -19.85311456842016
13.040201005025125 -19.852853843912875 -19.852853843912875 -19.852853843912875 -19.852853843912875 -19.852853843912875 -19.852853843912875 -19.852853843912875 -19.852853843912875 -19.852853843912875 -19.852853843912875 -19.852853843912875 -19.852853843912875 -19.852853843912875 -19.852853843912875 -19.852853843912875 -19.852853843912875 -19.852853843912875 -19.852853843912875 -19.852853843912875 -19.852853843912875 -19.852853843912875 -19.852853843912875 -19.852853843912875 -19.852853843912875 -19.852853843912875 -19.852853843912875 -19.852853843912875 -19.852853843912875 -19.852853843912875
13.115577889447234 -19.852593119405586 -19.852593119405586 -19.852593119405586 -19.852593119405586 -19.852593119405586 -19.852593119405586 -19.852593119405586 -19.852593119405586 -19.852593119405586 -19.852593119405586 -19.852593119405586 -19.852593119405586 -19.852593119405586 -19.852593119405586 -19.852593119405586 -19.852593119405586 -19.852593119405586 -19.852593119405586 -19.852593119405586 -19.852593119405586 -19.852593119405586 -19.852593119405586 -19.852593119405586 -19.852593119405586 -19.852593119405586 -19.852593119405586 -19.852593119405586 -19.852593119405586 -19.852593119405586
13.190954773869345 -19.8523323948983 -19.8523323948983 -19.8523323948983 -19.8523323948983 -19.8523323948983 -19.8523323948983 -19.8523323948983 -19.8523323948983 -19.8523323948983 -19.8523323948983 -19.8523323948983 -19.8523323948983 -19.8523323948983 -19.8523323948983 -19.8523323948983 -19.8523323948983 -19.8523323948983 -19.8523323948983 -19.8523323948983 -19.8523323948983 -19.8523323948983 -19.8523323948983 -19.8523323948983 -19.8523323948983 -19.8523323948983 -19.8523323948983 -19.8523323948983 -19.8523323948983 -19.8523323948983
13.266331658291456 -19.852071670391016 -19.852071670391016 -19.852071670391016 -19.852071670391016 -19.852071670391016 -19.852071670391016 -19.852071670391016 -19.852071670391016 -19.852071670391016 -19.852071670391016 -19.852071670391016 -19.852071670391016 -19.852071670391016 -19.852071670391016 -19.852071670391016 -19.852071670391016 -19.852071670391016 -19.852071670391016 -19.852071670391016 -19.852071670391016 -19.852071670391016 -19.852071670391016 -19.852071670391016 -19.852071670391016 -19.852071670391016 -19.852071670391016 -19.852071670391016 -19.852071670391016 -19.852071670391016
13.341708542713567 -19.851810945883727 -19.851810945883727 -19.851810945883727 -19.851810945883727 -19.851810945883727 -19.851810945883727 -19.851810945883727 -19.851810945883727 -19.851810945883727 -19.851810945883727 -19.851810945883727 -19.851810945883727 -19.851810945883727 -19.851810945883727 -19.851810945883727 -19.851810945883727 -19.851810945883727 -19.851810945883727 -19.851810945883727 -19.851810945883727 -19.851810945883727 -19.851810945883727 -19.851810945883727 -19.851810945883727 -19.851810945883727 -19.851810945883727 -19.851810945883727 -19.851810945883727 -19.851810945883727
13.417085427135678 -19.851550221376442 -19.851550221376442 -19.851550221376442 -19.851550221376442 -19.851550221376442 -19.851550221376442 -19.851550221376442 -19.851550221376442 -19.851550221376442 -19.851550221376442 -19.851550221376442 -19.851550221376442 -19.851550221376442 -19.851550221376442 -19.851550221376442 -19.851550221376442 -19.851550221376442 -19.851550221376442 -19.851550221376442 -19.851550221376442 -19.851550221376442 -19.851550221376442 -19.851550221376442 -19.851550221376442 -19.851550221376442 -19.851550221376442 -19.851550221376442 -19.851550221376442 -19.851550221376442
13.492462311557787 -19.851289496869153 -19.851289496869153 -19.851289496869153 -19.851289496869153 -19.851289496869153 -19.851289496869153 -19.851289496869153 -19.851289496869153 -19.851289496869153 -19.851289496869153 -19.851289496869153 -19.851289496869153 -19.851289496869153 -19.851289496869153 -19.851289496869153 -19.851289496869153 -19.851289496869153 -19.851289496869153 -19.851289496869153 -19.851289496869153 -19.851289496869153 -19.851289496869153 -19.851289496869153 -19.851289496869153 -19.851289496869153 -19.851289496869153 -19.851289496869153 -19.851289496869153 -19.851289496869153
13.567839195979898 -19.851028772361868 -19.851028772361868 -19.851028772361868 -19.851028772361868 -19.851028772361868 -19.851028772361868 -19.851028772361868 -19.851028772361868 -19.851028772361868 -19.851028772361868 -19.851028772361868 -19.851028772361868 -19.851028772361868 -19.851028772361868 -19.851028772361868 -19.851028772361868 -19.851028772361868 -19.851028772361868 -19.851028772361868 -19.851028772361868 -19.851028772361868 -19.851028772361868 -19.851028772361868 -19.851028772361868 -19.851028772361868 -19.851028772361868 -19.851028772361868 -19.851028772361868 -19.851028772361868
13.64321608040201 -19.85076804785458 -19.85076804785458 -19.85076804785458 -19.85076804785458 -19.85076804785458 -19.85076804785458 -19.85076804785458 -19.85076804785458 -19.85076804785458 -19.85076804785458 -19.85076804785458 -19.85076804785458 -19.85076804785458 -19.85076804785458 -19.85076804785458 -19.85076804785458 -19.85076804785458 -19.85076804785458 -19.85076804785458 -19.85076804785458 -19.85076804785458 -19.85076804785458 -19.85076804785458 -19.85076804785458 -19.85076804785458 -19.85076804785458 -19.85076804785458 -19.85076804785458 -19.85076804785458
13.718592964824118 -19.850507323347294 -19.850507323347294 -19.850507323347294 -19.850507323347294 -19.850507323347294 -19.850507323347294 -19.850507323347294 -19.850507323347294 -19.850507323347294 -19.850507323347294 -19.850507323347294 -19.850507323347294 -19.850507323347294 -19.850507323347294 -19.850507323347294 -19.850507323347294 -19.850507323347294 -19.850507323347294 -19.850507323347294 -19.850507323347294 -19.850507323347294 -19.850507323347294 -19.850507323347294 -19.850507323347294 -19.850507323347294 -19.850507323347294 -19.850507323347294 -19.850507323347294 -19.850507323347294
13.79396984924623 -19.85024659884001 -19.85024659884001 -19.85024659884001 -19.85024659884001 -19.85024659884001 -19.85024659884001 -19.85024659884001 -19.85024659884001 -19.85024659884001 -19.85024659884001 -19.85024659884001 -19.85024659884001 -19.85024659884001 -19.85024659884001 -19.85024659884001 -19.85024659884001 -19.85024659884001 -19.85024659884001 -19.85024659884001 -19.85024659884001 -19.85024659884001 -19.85024659884001 -19.85024659884001 -19.85024659884001 -19.85024659884001 -19.85024659884001 -19.85024659884001 -19.85024659884001 -19.85024659884001
13.86934673366834 -19.84998587433272 -19.84998587433272 -19.84998587433272 -19.84998587433272 -19.84998587433272 -19.84998587433272 -19.84998587433272 -19.84998587433272 -19.84998587433272 -19.84998587433272 -19.84998587433272 -19.84998587433272 -19.84998587433272 -19.84998587433272 -19.84998587433272 -19.84998587433272 -19.84998587433272 -19.84998587433272 -19.84998587433272 -19.84998587433272 -19.84998587433272 -19.84998587433272 -19.84998587433272 -19.84998587433272 -19.84998587433272 -19.84998587433272 -19.84998587433272 -19.84998587433272 -19.84998587433272
13.944723618090451 -19.849725149825435 -19.849725149825435 -19.849725149825435 -19.849725149825435 -19.849725149825435 -19.849725149825435 -19.849725149825435 -19.849725149825435 -19.849725149825435 -19.849725149825435 -19.849725149825435 -19.849725149825435 -19.849725149825435 -19.849725149825435 -19.849725149825435 -19.849725149825435 -19.849725149825435 -19.849725149825435 -19.849725149825435 -19.849725149825435 -19.849725149825435 -19.849725149825435 -19.849725149825435 -19.849725149825435 -19.849725149825435 -19.849725149825435 -19.849725149825435 -19.849725149825435 -19.849725149825435
14.020100502512562 -19.849464425318146 -19.849464425318146 -19.849464425318146 -19.849464425318146 -19.849464425318146 -19.849464425318146 -19.849464425318146 -19.849464425318146 -19.849464425318146 -19.849464425318146 -19.849464425318146 -19.849464425318146 -19.849464425318146 -19.849464425318146 -19.849464425318146 -19.849464425318146 -19.849464425318146 -19.849464425318146 -19.849464425318146 -19.849464425318146 -19.849464425318146 -19.849464425318146 -19.849464425318146 -19.849464425318146 -19.849464425318146 -19.849464425318146 -19.849464425318146 -19.849464425318146 -19.849464425318146
14.095477386934672 -19.84920370081086 -19.84920370081086 -19.84920370081086 -19.84920370081086 -19.84920370081086 -19.84920370081086 -19.84920370081086 -19.84920370081086 -19.84920370081086 -19.84920370081086 -19.84920370081086 -19.84920370081086 -19.84920370081086 -19.84920370081086 -19.84920370081086 -19.84920370081086 -19.84920370081086 -19.84920370081086 -19.84920370081086 -19.84920370081086 -19.84920370081086 -19.84920370081086 -19.84920370081086 -19.84920370081086 -19.84920370081086 -19.84920370081086 -19.84920370081086 -19.84920370081086 -19.84920370081086
14.170854271356783 -19.848942976303576 -19.848942976303576 -19.848942976303576 -19.848942976303576 -19.848942976303576 -19.848942976303576 -19.848942976303576 -19.848942976303576 -19.848942976303576 -19.848942976303576 -19.848942976303576 -19.848942976303576 -19.848942976303576 -19.848942976303576 -19.848942976303576 -19.848942976303576 -19.848942976303576 -19.848942976303576 -19.848942976303576 -19.848942976303576 -19.848942976303576 -19.848942976303576 -19.848942976303576 -19.848942976303576 -19.848942976303576 -19.848942976303576 -19.848942976303576 -19.848942976303576 -19.848942976303576
14.246231155778894 -19.848682251796287 -19.848682251796287 -19.848682251796287 -19.848682251796287 -19.848682251796287 -19.848682251796287 -19.848682251796287 -19.848682251796287 -19.848682251796287 -19.848682251796287 -19.848682251796287 -19.848682251796287 -19.848682251796287 -19.848682251796287 -19.848682251796287 -19.848682251796287 -19.848682251796287 -19.848682251796287 -19.848682251796287 -19.848682251796287 -19.848682251796287 -19.848682251796287 -19.848682251796287 -19.848682251796287 -19.848682251796287 -19.848682251796287 -19.848682251796287 -19.848682251796287 -19.848682251796287
