web/models/linear/87/-19_898_0_030.dat
# %ECSV 1.0
# ---
# datatype:
# - {name: time, datatype: float64}
# - {name: swift_uvot_uvw2, datatype: float64}
# - {name: swift_uvot_uvm2, datatype: float64}
# - {name: swift_uvot_uvw1, datatype: float64}
# - {name: swift_uvot_U, datatype: float64}
# - {name: swift_uvot_B, datatype: float64}
# - {name: swift_uvot_V, datatype: float64}
# - {name: swift_uvot_W, datatype: float64}
# - {name: johnson_U, datatype: float64}
# - {name: johnson_B, datatype: float64}
# - {name: johnson_V, datatype: float64}
# - {name: johnson_R, datatype: float64}
# - {name: johnson_I, datatype: float64}
# - {name: sdss_u, datatype: float64}
# - {name: sdss_g, datatype: float64}
# - {name: sdss_r, datatype: float64}
# - {name: sdss_i, datatype: float64}
# - {name: sdss_z, datatype: float64}
# - {name: PS1_g, datatype: float64}
# - {name: PS1_r, datatype: float64}
# - {name: PS1_i, datatype: float64}
# - {name: PS1_z, datatype: float64}
# - {name: PS1_Y, datatype: float64}
# - {name: PS1_w, datatype: float64}
# - {name: ATLAS_c, datatype: float64}
# - {name: ATLAS_o, datatype: float64}
# - {name: ukirt_J, datatype: float64}
# - {name: ukirt_H, datatype: float64}
# - {name: ukirt_K, datatype: float64}
# - {name: Clear, datatype: float64}
# meta: !!omap
# - comment: [M=-19.89795918367347, dM=0.030345556064724315]
# schema: astropy-2.0
time swift_uvot_uvw2 swift_uvot_uvm2 swift_uvot_uvw1 swift_uvot_U swift_uvot_B swift_uvot_V swift_uvot_W johnson_U johnson_B johnson_V johnson_R johnson_I sdss_u sdss_g sdss_r sdss_i sdss_z PS1_g PS1_r PS1_i PS1_z PS1_Y PS1_w ATLAS_c ATLAS_o ukirt_J ukirt_H ukirt_K Clear
[from data line 110]
8.29145728643216 -19.64635030172978 -19.64635030172978 -19.64635030172978 -19.64635030172978 -19.64635030172978 -19.64635030172978 -19.64635030172978 -19.64635030172978 -19.64635030172978 -19.64635030172978 -19.64635030172978 -19.64635030172978 -19.64635030172978 -19.64635030172978 -19.64635030172978 -19.64635030172978 -19.64635030172978 -19.64635030172978 -19.64635030172978 -19.64635030172978 -19.64635030172978 -19.64635030172978 -19.64635030172978 -19.64635030172978 -19.64635030172978 -19.64635030172978 -19.64635030172978 -19.64635030172978 -19.64635030172978
8.36683417085427 -19.644062948257563 -19.644062948257563 -19.644062948257563 -19.644062948257563 -19.644062948257563 -19.644062948257563 -19.644062948257563 -19.644062948257563 -19.644062948257563 -19.644062948257563 -19.644062948257563 -19.644062948257563 -19.644062948257563 -19.644062948257563 -19.644062948257563 -19.644062948257563 -19.644062948257563 -19.644062948257563 -19.644062948257563 -19.644062948257563 -19.644062948257563 -19.644062948257563 -19.644062948257563 -19.644062948257563 -19.644062948257563 -19.644062948257563 -19.644062948257563 -19.644062948257563 -19.644062948257563
8.442211055276381 -19.641775594785347 -19.641775594785347 -19.641775594785347 -19.641775594785347 -19.641775594785347 -19.641775594785347 -19.641775594785347 -19.641775594785347 -19.641775594785347 -19.641775594785347 -19.641775594785347 -19.641775594785347 -19.641775594785347 -19.641775594785347 -19.641775594785347 -19.641775594785347 -19.641775594785347 -19.641775594785347 -19.641775594785347 -19.641775594785347 -19.641775594785347 -19.641775594785347 -19.641775594785347 -19.641775594785347 -19.641775594785347 -19.641775594785347 -19.641775594785347 -19.641775594785347 -19.641775594785347
8.517587939698492 -19.63948824131313 -19.63948824131313 -19.63948824131313 -19.63948824131313 -19.63948824131313 -19.63948824131313 -19.63948824131313 -19.63948824131313 -19.63948824131313 -19.63948824131313 -19.63948824131313 -19.63948824131313 -19.63948824131313 -19.63948824131313 -19.63948824131313 -19.63948824131313 -19.63948824131313 -19.63948824131313 -19.63948824131313 -19.63948824131313 -19.63948824131313 -19.63948824131313 -19.63948824131313 -19.63948824131313 -19.63948824131313 -19.63948824131313 -19.63948824131313 -19.63948824131313 -19.63948824131313
8.592964824120603 -19.637200887840915 -19.637200887840915 -19.637200887840915 -19.637200887840915 -19.637200887840915 -19.637200887840915 -19.637200887840915 -19.637200887840915 -19.637200887840915 -19.637200887840915 -19.637200887840915 -19.637200887840915 -19.637200887840915 -19.637200887840915 -19.637200887840915 -19.637200887840915 -19.637200887840915 -19.637200887840915 -19.637200887840915 -19.637200887840915 -19.637200887840915 -19.637200887840915 -19.637200887840915 -19.637200887840915 -19.637200887840915 -19.637200887840915 -19.637200887840915 -19.637200887840915 -19.637200887840915
8.668341708542712 -19.6349135343687 -19.6349135343687 -19.6349135343687 -19.6349135343687 -19.6349135343687 -19.6349135343687 -19.6349135343687 -19.6349135343687 -19.6349135343687 -19.6349135343687 -19.6349135343687 -19.6349135343687 -19.6349135343687 -19.6349135343687 -19.6349135343687 -19.6349135343687 -19.6349135343687 -19.6349135343687 -19.6349135343687 -19.6349135343687 -19.6349135343687 -19.6349135343687 -19.6349135343687 -19.6349135343687 -19.6349135343687 -19.6349135343687 -19.6349135343687 -19.6349135343687 -19.6349135343687
8.743718592964823 -19.632626180896484 -19.632626180896484 -19.632626180896484 -19.632626180896484 -19.632626180896484 -19.632626180896484 -19.632626180896484 -19.632626180896484 -19.632626180896484 -19.632626180896484 -19.632626180896484 -19.632626180896484 -19.632626180896484 -19.632626180896484 -19.632626180896484 -19.632626180896484 -19.632626180896484 -19.632626180896484 -19.632626180896484 -19.632626180896484 -19.632626180896484 -19.632626180896484 -19.632626180896484 -19.632626180896484 -19.632626180896484 -19.632626180896484 -19.632626180896484 -19.632626180896484 -19.632626180896484
8.819095477386934 -19.630338827424268 -19.630338827424268 -19.630338827424268 -19.630338827424268 -19.630338827424268 -19.630338827424268 -19.630338827424268 -19.630338827424268 -19.630338827424268 -19.630338827424268 -19.630338827424268 -19.630338827424268 -19.630338827424268 -19.630338827424268 -19.630338827424268 -19.630338827424268 -19.630338827424268 -19.630338827424268 -19.630338827424268 -19.630338827424268 -19.630338827424268 -19.630338827424268 -19.630338827424268 -19.630338827424268 -19.630338827424268 -19.630338827424268 -19.630338827424268 -19.630338827424268 -19.630338827424268
8.894472361809044 -19.628051473952056 -19.628051473952056 -19.628051473952056 -19.628051473952056 -19.628051473952056 -19.628051473952056 -19.628051473952056 -19.628051473952056 -19.628051473952056 -19.628051473952056 -19.628051473952056 -19.628051473952056 -19.628051473952056 -19.628051473952056 -19.628051473952056 -19.628051473952056 -19.628051473952056 -19.628051473952056 -19.628051473952056 -19.628051473952056 -19.628051473952056 -19.628051473952056 -19.628051473952056 -19.628051473952056 -19.628051473952056 -19.628051473952056 -19.628051473952056 -19.628051473952056 -19.628051473952056
8.969849246231155 -19.62576412047984 -19.62576412047984 -19.62576412047984 -19.62576412047984 -19.62576412047984 -19.62576412047984 -19.62576412047984 -19.62576412047984 -19.62576412047984 -19.62576412047984 -19.62576412047984 -19.62576412047984 -19.62576412047984 -19.62576412047984 -19.62576412047984 -19.62576412047984 -19.62576412047984 -19.62576412047984 -19.62576412047984 -19.62576412047984 -19.62576412047984 -19.62576412047984 -19.62576412047984 -19.62576412047984 -19.62576412047984 -19.62576412047984 -19.62576412047984 -19.62576412047984 -19.62576412047984
9.045226130653266 -19.623476767007624 -19.623476767007624 -19.623476767007624 -19.623476767007624 -19.623476767007624 -19.623476767007624 -19.623476767007624 -19.623476767007624 -19.623476767007624 -19.623476767007624 -19.623476767007624 -19.623476767007624 -19.623476767007624 -19.623476767007624 -19.623476767007624 -19.623476767007624 -19.623476767007624 -19.623476767007624 -19.623476767007624 -19.623476767007624 -19.623476767007624 -19.623476767007624 -19.623476767007624 -19.623476767007624 -19.623476767007624 -19.623476767007624 -19.623476767007624 -19.623476767007624 -19.623476767007624
9.120603015075377 -19.621189413535408 -19.621189413535408 -19.621189413535408 -19.621189413535408 -19.621189413535408 -19.621189413535408 -19.621189413535408 -19.621189413535408 -19.621189413535408 -19.621189413535408 -19.621189413535408 -19.621189413535408 -19.621189413535408 -19.621189413535408 -19.621189413535408 -19.621189413535408 -19.621189413535408 -19.621189413535408 -19.621189413535408 -19.621189413535408 -19.621189413535408 -19.621189413535408 -19.621189413535408 -19.621189413535408 -19.621189413535408 -19.621189413535408 -19.621189413535408 -19.621189413535408 -19.621189413535408
9.195979899497488 -19.618902060063192 -19.618902060063192 -19.618902060063192 -19.618902060063192 -19.618902060063192 -19.618902060063192 -19.618902060063192 -19.618902060063192 -19.618902060063192 -19.618902060063192 -19.618902060063192 -19.618902060063192 -19.618902060063192 -19.618902060063192 -19.618902060063192 -19.618902060063192 -19.618902060063192 -19.618902060063192 -19.618902060063192 -19.618902060063192 -19.618902060063192 -19.618902060063192 -19.618902060063192 -19.618902060063192 -19.618902060063192 -19.618902060063192 -19.618902060063192 -19.618902060063192 -19.618902060063192
9.271356783919597 -19.616614706590976 -19.616614706590976 -19.616614706590976 -19.616614706590976 -19.616614706590976 -19.616614706590976 -19.616614706590976 -19.616614706590976 -19.616614706590976 -19.616614706590976 -19.616614706590976 -19.616614706590976 -19.616614706590976 -19.616614706590976 -19.616614706590976 -19.616614706590976 -19.616614706590976 -19.616614706590976 -19.616614706590976 -19.616614706590976 -19.616614706590976 -19.616614706590976 -19.616614706590976 -19.616614706590976 -19.616614706590976 -19.616614706590976 -19.616614706590976 -19.616614706590976 -19.616614706590976
9.346733668341708 -19.61432735311876 -19.61432735311876 -19.61432735311876 -19.61432735311876 -19.61432735311876 -19.61432735311876 -19.61432735311876 -19.61432735311876 -19.61432735311876 -19.61432735311876 -19.61432735311876 -19.61432735311876 -19.61432735311876 -19.61432735311876 -19.61432735311876 -19.61432735311876 -19.61432735311876 -19.61432735311876 -19.61432735311876 -19.61432735311876 -19.61432735311876 -19.61432735311876 -19.61432735311876 -19.61432735311876 -19.61432735311876 -19.61432735311876 -19.61432735311876 -19.61432735311876 -19.61432735311876
9.422110552763819 -19.612039999646548 -19.612039999646548 -19.612039999646548 -19.612039999646548 -19.612039999646548 -19.612039999646548 -19.612039999646548 -19.612039999646548 -19.612039999646548 -19.612039999646548 -19.612039999646548 -19.612039999646548 -19.612039999646548 -19.612039999646548 -19.612039999646548 -19.612039999646548 -19.612039999646548 -19.612039999646548 -19.612039999646548 -19.612039999646548 -19.612039999646548 -19.612039999646548 -19.612039999646548 -19.612039999646548 -19.612039999646548 -19.612039999646548 -19.612039999646548 -19.612039999646548 -19.612039999646548
9.497487437185928 -19.609752646174332 -19.609752646174332 -19.609752646174332 -19.609752646174332 -19.609752646174332 -19.609752646174332 -19.609752646174332 -19.609752646174332 -19.609752646174332 -19.609752646174332 -19.609752646174332 -19.609752646174332 -19.609752646174332 -19.609752646174332 -19.609752646174332 -19.609752646174332 -19.609752646174332 -19.609752646174332 -19.609752646174332 -19.609752646174332 -19.609752646174332 -19.609752646174332 -19.609752646174332 -19.609752646174332 -19.609752646174332 -19.609752646174332 -19.609752646174332 -19.609752646174332 -19.609752646174332
9.572864321608039 -19.607465292702116 -19.607465292702116 -19.607465292702116 -19.607465292702116 -19.607465292702116 -19.607465292702116 -19.607465292702116 -19.607465292702116 -19.607465292702116 -19.607465292702116 -19.607465292702116 -19.607465292702116 -19.607465292702116 -19.607465292702116 -19.607465292702116 -19.607465292702116 -19.607465292702116 -19.607465292702116 -19.607465292702116 -19.607465292702116 -19.607465292702116 -19.607465292702116 -19.607465292702116 -19.607465292702116 -19.607465292702116 -19.607465292702116 -19.607465292702116 -19.607465292702116 -19.607465292702116
9.64824120603015 -19.6051779392299 -19.6051779392299 -19.6051779392299 -19.6051779392299 -19.6051779392299 -19.6051779392299 -19.6051779392299 -19.6051779392299 -19.6051779392299 -19.6051779392299 -19.6051779392299 -19.6051779392299 -19.6051779392299 -19.6051779392299 -19.6051779392299 -19.6051779392299 -19.6051779392299 -19.6051779392299 -19.6051779392299 -19.6051779392299 -19.6051779392299 -19.6051779392299 -19.6051779392299 -19.6051779392299 -19.6051779392299 -19.6051779392299 -19.6051779392299 -19.6051779392299 -19.6051779392299
9.72361809045226 -19.602890585757685 -19.602890585757685 -19.602890585757685 -19.602890585757685 -19.602890585757685 -19.602890585757685 -19.602890585757685 -19.602890585757685 -19.602890585757685 -19.602890585757685 -19.602890585757685 -19.602890585757685 -19.602890585757685 -19.602890585757685 -19.602890585757685 -19.602890585757685 -19.602890585757685 -19.602890585757685 -19.602890585757685 -19.602890585757685 -19.602890585757685 -19.602890585757685 -19.602890585757685 -19.602890585757685 -19.602890585757685 -19.602890585757685 -19.602890585757685 -19.602890585757685 -19.602890585757685
9.798994974874372 -19.60060323228547 -19.60060323228547 -19.60060323228547 -19.60060323228547 -19.60060323228547 -19.60060323228547 -19.60060323228547 -19.60060323228547 -19.60060323228547 -19.60060323228547 -19.60060323228547 -19.60060323228547 -19.60060323228547 -19.60060323228547 -19.60060323228547 -19.60060323228547 -19.60060323228547 -19.60060323228547 -19.60060323228547 -19.60060323228547 -19.60060323228547 -19.60060323228547 -19.60060323228547 -19.60060323228547 -19.60060323228547 -19.60060323228547 -19.60060323228547 -19.60060323228547 -19.60060323228547
9.874371859296481 -19.598315878813253 -19.598315878813253 -19.598315878813253 -19.598315878813253 -19.598315878813253 -19.598315878813253 -19.598315878813253 -19.598315878813253 -19.598315878813253 -19.598315878813253 -19.598315878813253 -19.598315878813253 -19.598315878813253 -19.598315878813253 -19.598315878813253 -19.598315878813253 -19.598315878813253 -19.598315878813253 -19.598315878813253 -19.598315878813253 -19.598315878813253 -19.598315878813253 -19.598315878813253 -19.598315878813253 -19.598315878813253 -19.598315878813253 -19.598315878813253 -19.598315878813253 -19.598315878813253
9.949748743718592 -19.596028525341037 -19.596028525341037 -19.596028525341037 -19.596028525341037 -19.596028525341037 -19.596028525341037 -19.596028525341037 -19.596028525341037 -19.596028525341037 -19.596028525341037 -19.596028525341037 -19.596028525341037 -19.596028525341037 -19.596028525341037 -19.596028525341037 -19.596028525341037 -19.596028525341037 -19.596028525341037 -19.596028525341037 -19.596028525341037 -19.596028525341037 -19.596028525341037 -19.596028525341037 -19.596028525341037 -19.596028525341037 -19.596028525341037 -19.596028525341037 -19.596028525341037 -19.596028525341037
10.025125628140703 -19.593741171868825 -19.593741171868825 -19.593741171868825 -19.593741171868825 -19.593741171868825 -19.593741171868825 -19.593741171868825 -19.593741171868825 -19.593741171868825 -19.593741171868825 -19.593741171868825 -19.593741171868825 -19.593741171868825 -19.593741171868825 -19.593741171868825 -19.593741171868825 -19.593741171868825 -19.593741171868825 -19.593741171868825 -19.593741171868825 -19.593741171868825 -19.593741171868825 -19.593741171868825 -19.593741171868825 -19.593741171868825 -19.593741171868825 -19.593741171868825 -19.593741171868825 -19.593741171868825
10.100502512562812 -19.59145381839661 -19.59145381839661 -19.59145381839661 -19.59145381839661 -19.59145381839661 -19.59145381839661 -19.59145381839661 -19.59145381839661 -19.59145381839661 -19.59145381839661 -19.59145381839661 -19.59145381839661 -19.59145381839661 -19.59145381839661 -19.59145381839661 -19.59145381839661 -19.59145381839661 -19.59145381839661 -19.59145381839661 -19.59145381839661 -19.59145381839661 -19.59145381839661 -19.59145381839661 -19.59145381839661 -19.59145381839661 -19.59145381839661 -19.59145381839661 -19.59145381839661 -19.59145381839661
10.175879396984923 -19.589166464924393 -19.589166464924393 -19.589166464924393 -19.589166464924393 -19.589166464924393 -19.589166464924393 -19.589166464924393 -19.589166464924393 -19.589166464924393 -19.589166464924393 -19.589166464924393 -19.589166464924393 -19.589166464924393 -19.589166464924393 -19.589166464924393 -19.589166464924393 -19.589166464924393 -19.589166464924393 -19.589166464924393 -19.589166464924393 -19.589166464924393 -19.589166464924393 -19.589166464924393 -19.589166464924393 -19.589166464924393 -19.589166464924393 -19.589166464924393 -19.589166464924393 -19.589166464924393
