web/models/linear/91/-20_265_0_012.dat
# %ECSV 1.0
# ---
# datatype:
# - {name: time, datatype: float64}
# - {name: swift_uvot_uvw2, datatype: float64}
# - {name: swift_uvot_uvm2, datatype: float64}
# - {name: swift_uvot_uvw1, datatype: float64}
# - {name: swift_uvot_U, datatype: float64}
# - {name: swift_uvot_B, datatype: float64}
# - {name: swift_uvot_V, datatype: float64}
# - {name: swift_uvot_W, datatype: float64}
# - {name: johnson_U, datatype: float64}
# - {name: johnson_B, datatype: float64}
# - {name: johnson_V, datatype: float64}
# - {name: johnson_R, datatype: float64}
# - {name: johnson_I, datatype: float64}
# - {name: sdss_u, datatype: float64}
# - {name: sdss_g, datatype: float64}
# - {name: sdss_r, datatype: float64}
# - {name: sdss_i, datatype: float64}
# - {name: sdss_z, datatype: float64}
# - {name: PS1_g, datatype: float64}
# - {name: PS1_r, datatype: float64}
# - {name: PS1_i, datatype: float64}
# - {name: PS1_z, datatype: float64}
# - {name: PS1_Y, datatype: float64}
# - {name: PS1_w, datatype: float64}
# - {name: ATLAS_c, datatype: float64}
# - {name: ATLAS_o, datatype: float64}
# - {name: ukirt_J, datatype: float64}
# - {name: ukirt_H, datatype: float64}
# - {name: ukirt_K, datatype: float64}
# - {name: Clear, datatype: float64}
# meta: !!omap
# - comment: [M=-20.26530612244898, dM=0.011964301412374053]
# schema: astropy-2.0
time swift_uvot_uvw2 swift_uvot_uvm2 swift_uvot_uvw1 swift_uvot_U swift_uvot_B swift_uvot_V swift_uvot_W johnson_U johnson_B johnson_V johnson_R johnson_I sdss_u sdss_g sdss_r sdss_i sdss_z PS1_g PS1_r PS1_i PS1_z PS1_Y PS1_w ATLAS_c ATLAS_o ukirt_J ukirt_H ukirt_K Clear
[from data line 164]
12.36180904522613 -20.117405713029683 -20.117405713029683 -20.117405713029683 -20.117405713029683 -20.117405713029683 -20.117405713029683 -20.117405713029683 -20.117405713029683 -20.117405713029683 -20.117405713029683 -20.117405713029683 -20.117405713029683 -20.117405713029683 -20.117405713029683 -20.117405713029683 -20.117405713029683 -20.117405713029683 -20.117405713029683 -20.117405713029683 -20.117405713029683 -20.117405713029683 -20.117405713029683 -20.117405713029683 -20.117405713029683 -20.117405713029683 -20.117405713029683 -20.117405713029683 -20.117405713029683 -20.117405713029683
12.43718592964824 -20.11650388126493 -20.11650388126493 -20.11650388126493 -20.11650388126493 -20.11650388126493 -20.11650388126493 -20.11650388126493 -20.11650388126493 -20.11650388126493 -20.11650388126493 -20.11650388126493 -20.11650388126493 -20.11650388126493 -20.11650388126493 -20.11650388126493 -20.11650388126493 -20.11650388126493 -20.11650388126493 -20.11650388126493 -20.11650388126493 -20.11650388126493 -20.11650388126493 -20.11650388126493 -20.11650388126493 -20.11650388126493 -20.11650388126493 -20.11650388126493 -20.11650388126493 -20.11650388126493
12.51256281407035 -20.11560204950018 -20.11560204950018 -20.11560204950018 -20.11560204950018 -20.11560204950018 -20.11560204950018 -20.11560204950018 -20.11560204950018 -20.11560204950018 -20.11560204950018 -20.11560204950018 -20.11560204950018 -20.11560204950018 -20.11560204950018 -20.11560204950018 -20.11560204950018 -20.11560204950018 -20.11560204950018 -20.11560204950018 -20.11560204950018 -20.11560204950018 -20.11560204950018 -20.11560204950018 -20.11560204950018 -20.11560204950018 -20.11560204950018 -20.11560204950018 -20.11560204950018 -20.11560204950018
12.58793969849246 -20.114700217735425 -20.114700217735425 -20.114700217735425 -20.114700217735425 -20.114700217735425 -20.114700217735425 -20.114700217735425 -20.114700217735425 -20.114700217735425 -20.114700217735425 -20.114700217735425 -20.114700217735425 -20.114700217735425 -20.114700217735425 -20.114700217735425 -20.114700217735425 -20.114700217735425 -20.114700217735425 -20.114700217735425 -20.114700217735425 -20.114700217735425 -20.114700217735425 -20.114700217735425 -20.114700217735425 -20.114700217735425 -20.114700217735425 -20.114700217735425 -20.114700217735425 -20.114700217735425
12.663316582914572 -20.113798385970675 -20.113798385970675 -20.113798385970675 -20.113798385970675 -20.113798385970675 -20.113798385970675 -20.113798385970675 -20.113798385970675 -20.113798385970675 -20.113798385970675 -20.113798385970675 -20.113798385970675 -20.113798385970675 -20.113798385970675 -20.113798385970675 -20.113798385970675 -20.113798385970675 -20.113798385970675 -20.113798385970675 -20.113798385970675 -20.113798385970675 -20.113798385970675 -20.113798385970675 -20.113798385970675 -20.113798385970675 -20.113798385970675 -20.113798385970675 -20.113798385970675 -20.113798385970675
12.738693467336683 -20.112896554205925 -20.112896554205925 -20.112896554205925 -20.112896554205925 -20.112896554205925 -20.112896554205925 -20.112896554205925 -20.112896554205925 -20.112896554205925 -20.112896554205925 -20.112896554205925 -20.112896554205925 -20.112896554205925 -20.112896554205925 -20.112896554205925 -20.112896554205925 -20.112896554205925 -20.112896554205925 -20.112896554205925 -20.112896554205925 -20.112896554205925 -20.112896554205925 -20.112896554205925 -20.112896554205925 -20.112896554205925 -20.112896554205925 -20.112896554205925 -20.112896554205925 -20.112896554205925
12.814070351758794 -20.11199472244117 -20.11199472244117 -20.11199472244117 -20.11199472244117 -20.11199472244117 -20.11199472244117 -20.11199472244117 -20.11199472244117 -20.11199472244117 -20.11199472244117 -20.11199472244117 -20.11199472244117 -20.11199472244117 -20.11199472244117 -20.11199472244117 -20.11199472244117 -20.11199472244117 -20.11199472244117 -20.11199472244117 -20.11199472244117 -20.11199472244117 -20.11199472244117 -20.11199472244117 -20.11199472244117 -20.11199472244117 -20.11199472244117 -20.11199472244117 -20.11199472244117 -20.11199472244117
12.889447236180903 -20.11109289067642 -20.11109289067642 -20.11109289067642 -20.11109289067642 -20.11109289067642 -20.11109289067642 -20.11109289067642 -20.11109289067642 -20.11109289067642 -20.11109289067642 -20.11109289067642 -20.11109289067642 -20.11109289067642 -20.11109289067642 -20.11109289067642 -20.11109289067642 -20.11109289067642 -20.11109289067642 -20.11109289067642 -20.11109289067642 -20.11109289067642 -20.11109289067642 -20.11109289067642 -20.11109289067642 -20.11109289067642 -20.11109289067642 -20.11109289067642 -20.11109289067642 -20.11109289067642
12.964824120603014 -20.110191058911667 -20.110191058911667 -20.110191058911667 -20.110191058911667 -20.110191058911667 -20.110191058911667 -20.110191058911667 -20.110191058911667 -20.110191058911667 -20.110191058911667 -20.110191058911667 -20.110191058911667 -20.110191058911667 -20.110191058911667 -20.110191058911667 -20.110191058911667 -20.110191058911667 -20.110191058911667 -20.110191058911667 -20.110191058911667 -20.110191058911667 -20.110191058911667 -20.110191058911667 -20.110191058911667 -20.110191058911667 -20.110191058911667 -20.110191058911667 -20.110191058911667 -20.110191058911667
13.040201005025125 -20.109289227146917 -20.109289227146917 -20.109289227146917 -20.109289227146917 -20.109289227146917 -20.109289227146917 -20.109289227146917 -20.109289227146917 -20.109289227146917 -20.109289227146917 -20.109289227146917 -20.109289227146917 -20.109289227146917 -20.109289227146917 -20.109289227146917 -20.109289227146917 -20.109289227146917 -20.109289227146917 -20.109289227146917 -20.109289227146917 -20.109289227146917 -20.109289227146917 -20.109289227146917 -20.109289227146917 -20.109289227146917 -20.109289227146917 -20.109289227146917 -20.109289227146917 -20.109289227146917
13.115577889447234 -20.108387395382163 -20.108387395382163 -20.108387395382163 -20.108387395382163 -20.108387395382163 -20.108387395382163 -20.108387395382163 -20.108387395382163 -20.108387395382163 -20.108387395382163 -20.108387395382163 -20.108387395382163 -20.108387395382163 -20.108387395382163 -20.108387395382163 -20.108387395382163 -20.108387395382163 -20.108387395382163 -20.108387395382163 -20.108387395382163 -20.108387395382163 -20.108387395382163 -20.108387395382163 -20.108387395382163 -20.108387395382163 -20.108387395382163 -20.108387395382163 -20.108387395382163 -20.108387395382163
13.190954773869345 -20.107485563617413 -20.107485563617413 -20.107485563617413 -20.107485563617413 -20.107485563617413 -20.107485563617413 -20.107485563617413 -20.107485563617413 -20.107485563617413 -20.107485563617413 -20.107485563617413 -20.107485563617413 -20.107485563617413 -20.107485563617413 -20.107485563617413 -20.107485563617413 -20.107485563617413 -20.107485563617413 -20.107485563617413 -20.107485563617413 -20.107485563617413 -20.107485563617413 -20.107485563617413 -20.107485563617413 -20.107485563617413 -20.107485563617413 -20.107485563617413 -20.107485563617413 -20.107485563617413
13.266331658291456 -20.10658373185266 -20.10658373185266 -20.10658373185266 -20.10658373185266 -20.10658373185266 -20.10658373185266 -20.10658373185266 -20.10658373185266 -20.10658373185266 -20.10658373185266 -20.10658373185266 -20.10658373185266 -20.10658373185266 -20.10658373185266 -20.10658373185266 -20.10658373185266 -20.10658373185266 -20.10658373185266 -20.10658373185266 -20.10658373185266 -20.10658373185266 -20.10658373185266 -20.10658373185266 -20.10658373185266 -20.10658373185266 -20.10658373185266 -20.10658373185266 -20.10658373185266 -20.10658373185266
13.341708542713567 -20.10568190008791 -20.10568190008791 -20.10568190008791 -20.10568190008791 -20.10568190008791 -20.10568190008791 -20.10568190008791 -20.10568190008791 -20.10568190008791 -20.10568190008791 -20.10568190008791 -20.10568190008791 -20.10568190008791 -20.10568190008791 -20.10568190008791 -20.10568190008791 -20.10568190008791 -20.10568190008791 -20.10568190008791 -20.10568190008791 -20.10568190008791 -20.10568190008791 -20.10568190008791 -20.10568190008791 -20.10568190008791 -20.10568190008791 -20.10568190008791 -20.10568190008791 -20.10568190008791
13.417085427135678 -20.10478006832316 -20.10478006832316 -20.10478006832316 -20.10478006832316 -20.10478006832316 -20.10478006832316 -20.10478006832316 -20.10478006832316 -20.10478006832316 -20.10478006832316 -20.10478006832316 -20.10478006832316 -20.10478006832316 -20.10478006832316 -20.10478006832316 -20.10478006832316 -20.10478006832316 -20.10478006832316 -20.10478006832316 -20.10478006832316 -20.10478006832316 -20.10478006832316 -20.10478006832316 -20.10478006832316 -20.10478006832316 -20.10478006832316 -20.10478006832316 -20.10478006832316 -20.10478006832316
13.492462311557787 -20.103878236558405 -20.103878236558405 -20.103878236558405 -20.103878236558405 -20.103878236558405 -20.103878236558405 -20.103878236558405 -20.103878236558405 -20.103878236558405 -20.103878236558405 -20.103878236558405 -20.103878236558405 -20.103878236558405 -20.103878236558405 -20.103878236558405 -20.103878236558405 -20.103878236558405 -20.103878236558405 -20.103878236558405 -20.103878236558405 -20.103878236558405 -20.103878236558405 -20.103878236558405 -20.103878236558405 -20.103878236558405 -20.103878236558405 -20.103878236558405 -20.103878236558405 -20.103878236558405
13.567839195979898 -20.102976404793655 -20.102976404793655 -20.102976404793655 -20.102976404793655 -20.102976404793655 -20.102976404793655 -20.102976404793655 -20.102976404793655 -20.102976404793655 -20.102976404793655 -20.102976404793655 -20.102976404793655 -20.102976404793655 -20.102976404793655 -20.102976404793655 -20.102976404793655 -20.102976404793655 -20.102976404793655 -20.102976404793655 -20.102976404793655 -20.102976404793655 -20.102976404793655 -20.102976404793655 -20.102976404793655 -20.102976404793655 -20.102976404793655 -20.102976404793655 -20.102976404793655 -20.102976404793655
13.64321608040201 -20.1020745730289 -20.1020745730289 -20.1020745730289 -20.1020745730289 -20.1020745730289 -20.1020745730289 -20.1020745730289 -20.1020745730289 -20.1020745730289 -20.1020745730289 -20.1020745730289 -20.1020745730289 -20.1020745730289 -20.1020745730289 -20.1020745730289 -20.1020745730289 -20.1020745730289 -20.1020745730289 -20.1020745730289 -20.1020745730289 -20.1020745730289 -20.1020745730289 -20.1020745730289 -20.1020745730289 -20.1020745730289 -20.1020745730289 -20.1020745730289 -20.1020745730289 -20.1020745730289
13.718592964824118 -20.10117274126415 -20.10117274126415 -20.10117274126415 -20.10117274126415 -20.10117274126415 -20.10117274126415 -20.10117274126415 -20.10117274126415 -20.10117274126415 -20.10117274126415 -20.10117274126415 -20.10117274126415 -20.10117274126415 -20.10117274126415 -20.10117274126415 -20.10117274126415 -20.10117274126415 -20.10117274126415 -20.10117274126415 -20.10117274126415 -20.10117274126415 -20.10117274126415 -20.10117274126415 -20.10117274126415 -20.10117274126415 -20.10117274126415 -20.10117274126415 -20.10117274126415 -20.10117274126415
13.79396984924623 -20.100270909499397 -20.100270909499397 -20.100270909499397 -20.100270909499397 -20.100270909499397 -20.100270909499397 -20.100270909499397 -20.100270909499397 -20.100270909499397 -20.100270909499397 -20.100270909499397 -20.100270909499397 -20.100270909499397 -20.100270909499397 -20.100270909499397 -20.100270909499397 -20.100270909499397 -20.100270909499397 -20.100270909499397 -20.100270909499397 -20.100270909499397 -20.100270909499397 -20.100270909499397 -20.100270909499397 -20.100270909499397 -20.100270909499397 -20.100270909499397 -20.100270909499397 -20.100270909499397
13.86934673366834 -20.099369077734647 -20.099369077734647 -20.099369077734647 -20.099369077734647 -20.099369077734647 -20.099369077734647 -20.099369077734647 -20.099369077734647 -20.099369077734647 -20.099369077734647 -20.099369077734647 -20.099369077734647 -20.099369077734647 -20.099369077734647 -20.099369077734647 -20.099369077734647 -20.099369077734647 -20.099369077734647 -20.099369077734647 -20.099369077734647 -20.099369077734647 -20.099369077734647 -20.099369077734647 -20.099369077734647 -20.099369077734647 -20.099369077734647 -20.099369077734647 -20.099369077734647 -20.099369077734647
13.944723618090451 -20.098467245969893 -20.098467245969893 -20.098467245969893 -20.098467245969893 -20.098467245969893 -20.098467245969893 -20.098467245969893 -20.098467245969893 -20.098467245969893 -20.098467245969893 -20.098467245969893 -20.098467245969893 -20.098467245969893 -20.098467245969893 -20.098467245969893 -20.098467245969893 -20.098467245969893 -20.098467245969893 -20.098467245969893 -20.098467245969893 -20.098467245969893 -20.098467245969893 -20.098467245969893 -20.098467245969893 -20.098467245969893 -20.098467245969893 -20.098467245969893 -20.098467245969893 -20.098467245969893
14.020100502512562 -20.097565414205143 -20.097565414205143 -20.097565414205143 -20.097565414205143 -20.097565414205143 -20.097565414205143 -20.097565414205143 -20.097565414205143 -20.097565414205143 -20.097565414205143 -20.097565414205143 -20.097565414205143 -20.097565414205143 -20.097565414205143 -20.097565414205143 -20.097565414205143 -20.097565414205143 -20.097565414205143 -20.097565414205143 -20.097565414205143 -20.097565414205143 -20.097565414205143 -20.097565414205143 -20.097565414205143 -20.097565414205143 -20.097565414205143 -20.097565414205143 -20.097565414205143 -20.097565414205143
14.095477386934672 -20.096663582440392 -20.096663582440392 -20.096663582440392 -20.096663582440392 -20.096663582440392 -20.096663582440392 -20.096663582440392 -20.096663582440392 -20.096663582440392 -20.096663582440392 -20.096663582440392 -20.096663582440392 -20.096663582440392 -20.096663582440392 -20.096663582440392 -20.096663582440392 -20.096663582440392 -20.096663582440392 -20.096663582440392 -20.096663582440392 -20.096663582440392 -20.096663582440392 -20.096663582440392 -20.096663582440392 -20.096663582440392 -20.096663582440392 -20.096663582440392 -20.096663582440392 -20.096663582440392
14.170854271356783 -20.09576175067564 -20.09576175067564 -20.09576175067564 -20.09576175067564 -20.09576175067564 -20.09576175067564 -20.09576175067564 -20.09576175067564 -20.09576175067564 -20.09576175067564 -20.09576175067564 -20.09576175067564 -20.09576175067564 -20.09576175067564 -20.09576175067564 -20.09576175067564 -20.09576175067564 -20.09576175067564 -20.09576175067564 -20.09576175067564 -20.09576175067564 -20.09576175067564 -20.09576175067564 -20.09576175067564 -20.09576175067564 -20.09576175067564 -20.09576175067564 -20.09576175067564 -20.09576175067564
14.246231155778894 -20.09485991891089 -20.09485991891089 -20.09485991891089 -20.09485991891089 -20.09485991891089 -20.09485991891089 -20.09485991891089 -20.09485991891089 -20.09485991891089 -20.09485991891089 -20.09485991891089 -20.09485991891089 -20.09485991891089 -20.09485991891089 -20.09485991891089 -20.09485991891089 -20.09485991891089 -20.09485991891089 -20.09485991891089 -20.09485991891089 -20.09485991891089 -20.09485991891089 -20.09485991891089 -20.09485991891089 -20.09485991891089 -20.09485991891089 -20.09485991891089 -20.09485991891089 -20.09485991891089
