web/models/linear/91/-20_265_0_006.dat
# %ECSV 1.0
# ---
# datatype:
# - {name: time, datatype: float64}
# - {name: swift_uvot_uvw2, datatype: float64}
# - {name: swift_uvot_uvm2, datatype: float64}
# - {name: swift_uvot_uvw1, datatype: float64}
# - {name: swift_uvot_U, datatype: float64}
# - {name: swift_uvot_B, datatype: float64}
# - {name: swift_uvot_V, datatype: float64}
# - {name: swift_uvot_W, datatype: float64}
# - {name: johnson_U, datatype: float64}
# - {name: johnson_B, datatype: float64}
# - {name: johnson_V, datatype: float64}
# - {name: johnson_R, datatype: float64}
# - {name: johnson_I, datatype: float64}
# - {name: sdss_u, datatype: float64}
# - {name: sdss_g, datatype: float64}
# - {name: sdss_r, datatype: float64}
# - {name: sdss_i, datatype: float64}
# - {name: sdss_z, datatype: float64}
# - {name: PS1_g, datatype: float64}
# - {name: PS1_r, datatype: float64}
# - {name: PS1_i, datatype: float64}
# - {name: PS1_z, datatype: float64}
# - {name: PS1_Y, datatype: float64}
# - {name: PS1_w, datatype: float64}
# - {name: ATLAS_c, datatype: float64}
# - {name: ATLAS_o, datatype: float64}
# - {name: ukirt_J, datatype: float64}
# - {name: ukirt_H, datatype: float64}
# - {name: ukirt_K, datatype: float64}
# - {name: Clear, datatype: float64}
# meta: !!omap
# - comment: [M=-20.26530612244898, dM=0.006433028999174784]
# schema: astropy-2.0
time swift_uvot_uvw2 swift_uvot_uvm2 swift_uvot_uvw1 swift_uvot_U swift_uvot_B swift_uvot_V swift_uvot_W johnson_U johnson_B johnson_V johnson_R johnson_I sdss_u sdss_g sdss_r sdss_i sdss_z PS1_g PS1_r PS1_i PS1_z PS1_Y PS1_w ATLAS_c ATLAS_o ukirt_J ukirt_H ukirt_K Clear
[from data line 110]
8.29145728643216 -20.211966937279943 -20.211966937279943 -20.211966937279943 -20.211966937279943 -20.211966937279943 -20.211966937279943 -20.211966937279943 -20.211966937279943 -20.211966937279943 -20.211966937279943 -20.211966937279943 -20.211966937279943 -20.211966937279943 -20.211966937279943 -20.211966937279943 -20.211966937279943 -20.211966937279943 -20.211966937279943 -20.211966937279943 -20.211966937279943 -20.211966937279943 -20.211966937279943 -20.211966937279943 -20.211966937279943 -20.211966937279943 -20.211966937279943 -20.211966937279943 -20.211966937279943 -20.211966937279943
8.36683417085427 -20.21148203559659 -20.21148203559659 -20.21148203559659 -20.21148203559659 -20.21148203559659 -20.21148203559659 -20.21148203559659 -20.21148203559659 -20.21148203559659 -20.21148203559659 -20.21148203559659 -20.21148203559659 -20.21148203559659 -20.21148203559659 -20.21148203559659 -20.21148203559659 -20.21148203559659 -20.21148203559659 -20.21148203559659 -20.21148203559659 -20.21148203559659 -20.21148203559659 -20.21148203559659 -20.21148203559659 -20.21148203559659 -20.21148203559659 -20.21148203559659 -20.21148203559659 -20.21148203559659
8.442211055276381 -20.21099713391323 -20.21099713391323 -20.21099713391323 -20.21099713391323 -20.21099713391323 -20.21099713391323 -20.21099713391323 -20.21099713391323 -20.21099713391323 -20.21099713391323 -20.21099713391323 -20.21099713391323 -20.21099713391323 -20.21099713391323 -20.21099713391323 -20.21099713391323 -20.21099713391323 -20.21099713391323 -20.21099713391323 -20.21099713391323 -20.21099713391323 -20.21099713391323 -20.21099713391323 -20.21099713391323 -20.21099713391323 -20.21099713391323 -20.21099713391323 -20.21099713391323 -20.21099713391323
8.517587939698492 -20.210512232229878 -20.210512232229878 -20.210512232229878 -20.210512232229878 -20.210512232229878 -20.210512232229878 -20.210512232229878 -20.210512232229878 -20.210512232229878 -20.210512232229878 -20.210512232229878 -20.210512232229878 -20.210512232229878 -20.210512232229878 -20.210512232229878 -20.210512232229878 -20.210512232229878 -20.210512232229878 -20.210512232229878 -20.210512232229878 -20.210512232229878 -20.210512232229878 -20.210512232229878 -20.210512232229878 -20.210512232229878 -20.210512232229878 -20.210512232229878 -20.210512232229878 -20.210512232229878
8.592964824120603 -20.210027330546524 -20.210027330546524 -20.210027330546524 -20.210027330546524 -20.210027330546524 -20.210027330546524 -20.210027330546524 -20.210027330546524 -20.210027330546524 -20.210027330546524 -20.210027330546524 -20.210027330546524 -20.210027330546524 -20.210027330546524 -20.210027330546524 -20.210027330546524 -20.210027330546524 -20.210027330546524 -20.210027330546524 -20.210027330546524 -20.210027330546524 -20.210027330546524 -20.210027330546524 -20.210027330546524 -20.210027330546524 -20.210027330546524 -20.210027330546524 -20.210027330546524 -20.210027330546524
8.668341708542712 -20.20954242886317 -20.20954242886317 -20.20954242886317 -20.20954242886317 -20.20954242886317 -20.20954242886317 -20.20954242886317 -20.20954242886317 -20.20954242886317 -20.20954242886317 -20.20954242886317 -20.20954242886317 -20.20954242886317 -20.20954242886317 -20.20954242886317 -20.20954242886317 -20.20954242886317 -20.20954242886317 -20.20954242886317 -20.20954242886317 -20.20954242886317 -20.20954242886317 -20.20954242886317 -20.20954242886317 -20.20954242886317 -20.20954242886317 -20.20954242886317 -20.20954242886317 -20.20954242886317
8.743718592964823 -20.209057527179812 -20.209057527179812 -20.209057527179812 -20.209057527179812 -20.209057527179812 -20.209057527179812 -20.209057527179812 -20.209057527179812 -20.209057527179812 -20.209057527179812 -20.209057527179812 -20.209057527179812 -20.209057527179812 -20.209057527179812 -20.209057527179812 -20.209057527179812 -20.209057527179812 -20.209057527179812 -20.209057527179812 -20.209057527179812 -20.209057527179812 -20.209057527179812 -20.209057527179812 -20.209057527179812 -20.209057527179812 -20.209057527179812 -20.209057527179812 -20.209057527179812 -20.209057527179812
8.819095477386934 -20.20857262549646 -20.20857262549646 -20.20857262549646 -20.20857262549646 -20.20857262549646 -20.20857262549646 -20.20857262549646 -20.20857262549646 -20.20857262549646 -20.20857262549646 -20.20857262549646 -20.20857262549646 -20.20857262549646 -20.20857262549646 -20.20857262549646 -20.20857262549646 -20.20857262549646 -20.20857262549646 -20.20857262549646 -20.20857262549646 -20.20857262549646 -20.20857262549646 -20.20857262549646 -20.20857262549646 -20.20857262549646 -20.20857262549646 -20.20857262549646 -20.20857262549646 -20.20857262549646
8.894472361809044 -20.208087723813104 -20.208087723813104 -20.208087723813104 -20.208087723813104 -20.208087723813104 -20.208087723813104 -20.208087723813104 -20.208087723813104 -20.208087723813104 -20.208087723813104 -20.208087723813104 -20.208087723813104 -20.208087723813104 -20.208087723813104 -20.208087723813104 -20.208087723813104 -20.208087723813104 -20.208087723813104 -20.208087723813104 -20.208087723813104 -20.208087723813104 -20.208087723813104 -20.208087723813104 -20.208087723813104 -20.208087723813104 -20.208087723813104 -20.208087723813104 -20.208087723813104 -20.208087723813104
8.969849246231155 -20.207602822129747 -20.207602822129747 -20.207602822129747 -20.207602822129747 -20.207602822129747 -20.207602822129747 -20.207602822129747 -20.207602822129747 -20.207602822129747 -20.207602822129747 -20.207602822129747 -20.207602822129747 -20.207602822129747 -20.207602822129747 -20.207602822129747 -20.207602822129747 -20.207602822129747 -20.207602822129747 -20.207602822129747 -20.207602822129747 -20.207602822129747 -20.207602822129747 -20.207602822129747 -20.207602822129747 -20.207602822129747 -20.207602822129747 -20.207602822129747 -20.207602822129747 -20.207602822129747
9.045226130653266 -20.207117920446393 -20.207117920446393 -20.207117920446393 -20.207117920446393 -20.207117920446393 -20.207117920446393 -20.207117920446393 -20.207117920446393 -20.207117920446393 -20.207117920446393 -20.207117920446393 -20.207117920446393 -20.207117920446393 -20.207117920446393 -20.207117920446393 -20.207117920446393 -20.207117920446393 -20.207117920446393 -20.207117920446393 -20.207117920446393 -20.207117920446393 -20.207117920446393 -20.207117920446393 -20.207117920446393 -20.207117920446393 -20.207117920446393 -20.207117920446393 -20.207117920446393 -20.207117920446393
9.120603015075377 -20.20663301876304 -20.20663301876304 -20.20663301876304 -20.20663301876304 -20.20663301876304 -20.20663301876304 -20.20663301876304 -20.20663301876304 -20.20663301876304 -20.20663301876304 -20.20663301876304 -20.20663301876304 -20.20663301876304 -20.20663301876304 -20.20663301876304 -20.20663301876304 -20.20663301876304 -20.20663301876304 -20.20663301876304 -20.20663301876304 -20.20663301876304 -20.20663301876304 -20.20663301876304 -20.20663301876304 -20.20663301876304 -20.20663301876304 -20.20663301876304 -20.20663301876304 -20.20663301876304
9.195979899497488 -20.206148117079685 -20.206148117079685 -20.206148117079685 -20.206148117079685 -20.206148117079685 -20.206148117079685 -20.206148117079685 -20.206148117079685 -20.206148117079685 -20.206148117079685 -20.206148117079685 -20.206148117079685 -20.206148117079685 -20.206148117079685 -20.206148117079685 -20.206148117079685 -20.206148117079685 -20.206148117079685 -20.206148117079685 -20.206148117079685 -20.206148117079685 -20.206148117079685 -20.206148117079685 -20.206148117079685 -20.206148117079685 -20.206148117079685 -20.206148117079685 -20.206148117079685 -20.206148117079685
9.271356783919597 -20.205663215396328 -20.205663215396328 -20.205663215396328 -20.205663215396328 -20.205663215396328 -20.205663215396328 -20.205663215396328 -20.205663215396328 -20.205663215396328 -20.205663215396328 -20.205663215396328 -20.205663215396328 -20.205663215396328 -20.205663215396328 -20.205663215396328 -20.205663215396328 -20.205663215396328 -20.205663215396328 -20.205663215396328 -20.205663215396328 -20.205663215396328 -20.205663215396328 -20.205663215396328 -20.205663215396328 -20.205663215396328 -20.205663215396328 -20.205663215396328 -20.205663215396328 -20.205663215396328
9.346733668341708 -20.205178313712974 -20.205178313712974 -20.205178313712974 -20.205178313712974 -20.205178313712974 -20.205178313712974 -20.205178313712974 -20.205178313712974 -20.205178313712974 -20.205178313712974 -20.205178313712974 -20.205178313712974 -20.205178313712974 -20.205178313712974 -20.205178313712974 -20.205178313712974 -20.205178313712974 -20.205178313712974 -20.205178313712974 -20.205178313712974 -20.205178313712974 -20.205178313712974 -20.205178313712974 -20.205178313712974 -20.205178313712974 -20.205178313712974 -20.205178313712974 -20.205178313712974 -20.205178313712974
9.422110552763819 -20.20469341202962 -20.20469341202962 -20.20469341202962 -20.20469341202962 -20.20469341202962 -20.20469341202962 -20.20469341202962 -20.20469341202962 -20.20469341202962 -20.20469341202962 -20.20469341202962 -20.20469341202962 -20.20469341202962 -20.20469341202962 -20.20469341202962 -20.20469341202962 -20.20469341202962 -20.20469341202962 -20.20469341202962 -20.20469341202962 -20.20469341202962 -20.20469341202962 -20.20469341202962 -20.20469341202962 -20.20469341202962 -20.20469341202962 -20.20469341202962 -20.20469341202962 -20.20469341202962
9.497487437185928 -20.204208510346266 -20.204208510346266 -20.204208510346266 -20.204208510346266 -20.204208510346266 -20.204208510346266 -20.204208510346266 -20.204208510346266 -20.204208510346266 -20.204208510346266 -20.204208510346266 -20.204208510346266 -20.204208510346266 -20.204208510346266 -20.204208510346266 -20.204208510346266 -20.204208510346266 -20.204208510346266 -20.204208510346266 -20.204208510346266 -20.204208510346266 -20.204208510346266 -20.204208510346266 -20.204208510346266 -20.204208510346266 -20.204208510346266 -20.204208510346266 -20.204208510346266 -20.204208510346266
9.572864321608039 -20.20372360866291 -20.20372360866291 -20.20372360866291 -20.20372360866291 -20.20372360866291 -20.20372360866291 -20.20372360866291 -20.20372360866291 -20.20372360866291 -20.20372360866291 -20.20372360866291 -20.20372360866291 -20.20372360866291 -20.20372360866291 -20.20372360866291 -20.20372360866291 -20.20372360866291 -20.20372360866291 -20.20372360866291 -20.20372360866291 -20.20372360866291 -20.20372360866291 -20.20372360866291 -20.20372360866291 -20.20372360866291 -20.20372360866291 -20.20372360866291 -20.20372360866291 -20.20372360866291
9.64824120603015 -20.203238706979555 -20.203238706979555 -20.203238706979555 -20.203238706979555 -20.203238706979555 -20.203238706979555 -20.203238706979555 -20.203238706979555 -20.203238706979555 -20.203238706979555 -20.203238706979555 -20.203238706979555 -20.203238706979555 -20.203238706979555 -20.203238706979555 -20.203238706979555 -20.203238706979555 -20.203238706979555 -20.203238706979555 -20.203238706979555 -20.203238706979555 -20.203238706979555 -20.203238706979555 -20.203238706979555 -20.203238706979555 -20.203238706979555 -20.203238706979555 -20.203238706979555 -20.203238706979555
9.72361809045226 -20.2027538052962 -20.2027538052962 -20.2027538052962 -20.2027538052962 -20.2027538052962 -20.2027538052962 -20.2027538052962 -20.2027538052962 -20.2027538052962 -20.2027538052962 -20.2027538052962 -20.2027538052962 -20.2027538052962 -20.2027538052962 -20.2027538052962 -20.2027538052962 -20.2027538052962 -20.2027538052962 -20.2027538052962 -20.2027538052962 -20.2027538052962 -20.2027538052962 -20.2027538052962 -20.2027538052962 -20.2027538052962 -20.2027538052962 -20.2027538052962 -20.2027538052962 -20.2027538052962
9.798994974874372 -20.202268903612843 -20.202268903612843 -20.202268903612843 -20.202268903612843 -20.202268903612843 -20.202268903612843 -20.202268903612843 -20.202268903612843 -20.202268903612843 -20.202268903612843 -20.202268903612843 -20.202268903612843 -20.202268903612843 -20.202268903612843 -20.202268903612843 -20.202268903612843 -20.202268903612843 -20.202268903612843 -20.202268903612843 -20.202268903612843 -20.202268903612843 -20.202268903612843 -20.202268903612843 -20.202268903612843 -20.202268903612843 -20.202268903612843 -20.202268903612843 -20.202268903612843 -20.202268903612843
9.874371859296481 -20.20178400192949 -20.20178400192949 -20.20178400192949 -20.20178400192949 -20.20178400192949 -20.20178400192949 -20.20178400192949 -20.20178400192949 -20.20178400192949 -20.20178400192949 -20.20178400192949 -20.20178400192949 -20.20178400192949 -20.20178400192949 -20.20178400192949 -20.20178400192949 -20.20178400192949 -20.20178400192949 -20.20178400192949 -20.20178400192949 -20.20178400192949 -20.20178400192949 -20.20178400192949 -20.20178400192949 -20.20178400192949 -20.20178400192949 -20.20178400192949 -20.20178400192949 -20.20178400192949
9.949748743718592 -20.201299100246136 -20.201299100246136 -20.201299100246136 -20.201299100246136 -20.201299100246136 -20.201299100246136 -20.201299100246136 -20.201299100246136 -20.201299100246136 -20.201299100246136 -20.201299100246136 -20.201299100246136 -20.201299100246136 -20.201299100246136 -20.201299100246136 -20.201299100246136 -20.201299100246136 -20.201299100246136 -20.201299100246136 -20.201299100246136 -20.201299100246136 -20.201299100246136 -20.201299100246136 -20.201299100246136 -20.201299100246136 -20.201299100246136 -20.201299100246136 -20.201299100246136 -20.201299100246136
10.025125628140703 -20.20081419856278 -20.20081419856278 -20.20081419856278 -20.20081419856278 -20.20081419856278 -20.20081419856278 -20.20081419856278 -20.20081419856278 -20.20081419856278 -20.20081419856278 -20.20081419856278 -20.20081419856278 -20.20081419856278 -20.20081419856278 -20.20081419856278 -20.20081419856278 -20.20081419856278 -20.20081419856278 -20.20081419856278 -20.20081419856278 -20.20081419856278 -20.20081419856278 -20.20081419856278 -20.20081419856278 -20.20081419856278 -20.20081419856278 -20.20081419856278 -20.20081419856278 -20.20081419856278
10.100502512562812 -20.200329296879424 -20.200329296879424 -20.200329296879424 -20.200329296879424 -20.200329296879424 -20.200329296879424 -20.200329296879424 -20.200329296879424 -20.200329296879424 -20.200329296879424 -20.200329296879424 -20.200329296879424 -20.200329296879424 -20.200329296879424 -20.200329296879424 -20.200329296879424 -20.200329296879424 -20.200329296879424 -20.200329296879424 -20.200329296879424 -20.200329296879424 -20.200329296879424 -20.200329296879424 -20.200329296879424 -20.200329296879424 -20.200329296879424 -20.200329296879424 -20.200329296879424 -20.200329296879424
10.175879396984923 -20.19984439519607 -20.19984439519607 -20.19984439519607 -20.19984439519607 -20.19984439519607 -20.19984439519607 -20.19984439519607 -20.19984439519607 -20.19984439519607 -20.19984439519607 -20.19984439519607 -20.19984439519607 -20.19984439519607 -20.19984439519607 -20.19984439519607 -20.19984439519607 -20.19984439519607 -20.19984439519607 -20.19984439519607 -20.19984439519607 -20.19984439519607 -20.19984439519607 -20.19984439519607 -20.19984439519607 -20.19984439519607 -20.19984439519607 -20.19984439519607 -20.19984439519607 -20.19984439519607
