web/models/linear/43/-15_857_0_035.dat
# %ECSV 1.0
# ---
# datatype:
# - {name: time, datatype: float64}
# - {name: swift_uvot_uvw2, datatype: float64}
# - {name: swift_uvot_uvm2, datatype: float64}
# - {name: swift_uvot_uvw1, datatype: float64}
# - {name: swift_uvot_U, datatype: float64}
# - {name: swift_uvot_B, datatype: float64}
# - {name: swift_uvot_V, datatype: float64}
# - {name: swift_uvot_W, datatype: float64}
# - {name: johnson_U, datatype: float64}
# - {name: johnson_B, datatype: float64}
# - {name: johnson_V, datatype: float64}
# - {name: johnson_R, datatype: float64}
# - {name: johnson_I, datatype: float64}
# - {name: sdss_u, datatype: float64}
# - {name: sdss_g, datatype: float64}
# - {name: sdss_r, datatype: float64}
# - {name: sdss_i, datatype: float64}
# - {name: sdss_z, datatype: float64}
# - {name: PS1_g, datatype: float64}
# - {name: PS1_r, datatype: float64}
# - {name: PS1_i, datatype: float64}
# - {name: PS1_z, datatype: float64}
# - {name: PS1_Y, datatype: float64}
# - {name: PS1_w, datatype: float64}
# - {name: ATLAS_c, datatype: float64}
# - {name: ATLAS_o, datatype: float64}
# - {name: ukirt_J, datatype: float64}
# - {name: ukirt_H, datatype: float64}
# - {name: ukirt_K, datatype: float64}
# - {name: Clear, datatype: float64}
# meta: !!omap
# - comment: [M=-15.857142857142858, dM=0.035437498608938814]
# schema: astropy-2.0
time swift_uvot_uvw2 swift_uvot_uvm2 swift_uvot_uvw1 swift_uvot_U swift_uvot_B swift_uvot_V swift_uvot_W johnson_U johnson_B johnson_V johnson_R johnson_I sdss_u sdss_g sdss_r sdss_i sdss_z PS1_g PS1_r PS1_i PS1_z PS1_Y PS1_w ATLAS_c ATLAS_o ukirt_J ukirt_H ukirt_K Clear
[from data line 28]
2.1105527638190953 -15.782350146510927 -15.782350146510927 -15.782350146510927 -15.782350146510927 -15.782350146510927 -15.782350146510927 -15.782350146510927 -15.782350146510927 -15.782350146510927 -15.782350146510927 -15.782350146510927 -15.782350146510927 -15.782350146510927 -15.782350146510927 -15.782350146510927 -15.782350146510927 -15.782350146510927 -15.782350146510927 -15.782350146510927 -15.782350146510927 -15.782350146510927 -15.782350146510927 -15.782350146510927 -15.782350146510927 -15.782350146510927 -15.782350146510927 -15.782350146510927 -15.782350146510927 -15.782350146510927
2.185929648241206 -15.779678978274072 -15.779678978274072 -15.779678978274072 -15.779678978274072 -15.779678978274072 -15.779678978274072 -15.779678978274072 -15.779678978274072 -15.779678978274072 -15.779678978274072 -15.779678978274072 -15.779678978274072 -15.779678978274072 -15.779678978274072 -15.779678978274072 -15.779678978274072 -15.779678978274072 -15.779678978274072 -15.779678978274072 -15.779678978274072 -15.779678978274072 -15.779678978274072 -15.779678978274072 -15.779678978274072 -15.779678978274072 -15.779678978274072 -15.779678978274072 -15.779678978274072 -15.779678978274072
2.2613065326633164 -15.777007810037217 -15.777007810037217 -15.777007810037217 -15.777007810037217 -15.777007810037217 -15.777007810037217 -15.777007810037217 -15.777007810037217 -15.777007810037217 -15.777007810037217 -15.777007810037217 -15.777007810037217 -15.777007810037217 -15.777007810037217 -15.777007810037217 -15.777007810037217 -15.777007810037217 -15.777007810037217 -15.777007810037217 -15.777007810037217 -15.777007810037217 -15.777007810037217 -15.777007810037217 -15.777007810037217 -15.777007810037217 -15.777007810037217 -15.777007810037217 -15.777007810037217 -15.777007810037217
2.336683417085427 -15.774336641800362 -15.774336641800362 -15.774336641800362 -15.774336641800362 -15.774336641800362 -15.774336641800362 -15.774336641800362 -15.774336641800362 -15.774336641800362 -15.774336641800362 -15.774336641800362 -15.774336641800362 -15.774336641800362 -15.774336641800362 -15.774336641800362 -15.774336641800362 -15.774336641800362 -15.774336641800362 -15.774336641800362 -15.774336641800362 -15.774336641800362 -15.774336641800362 -15.774336641800362 -15.774336641800362 -15.774336641800362 -15.774336641800362 -15.774336641800362 -15.774336641800362 -15.774336641800362
2.4120603015075375 -15.771665473563507 -15.771665473563507 -15.771665473563507 -15.771665473563507 -15.771665473563507 -15.771665473563507 -15.771665473563507 -15.771665473563507 -15.771665473563507 -15.771665473563507 -15.771665473563507 -15.771665473563507 -15.771665473563507 -15.771665473563507 -15.771665473563507 -15.771665473563507 -15.771665473563507 -15.771665473563507 -15.771665473563507 -15.771665473563507 -15.771665473563507 -15.771665473563507 -15.771665473563507 -15.771665473563507 -15.771665473563507 -15.771665473563507 -15.771665473563507 -15.771665473563507 -15.771665473563507
2.487437185929648 -15.768994305326654 -15.768994305326654 -15.768994305326654 -15.768994305326654 -15.768994305326654 -15.768994305326654 -15.768994305326654 -15.768994305326654 -15.768994305326654 -15.768994305326654 -15.768994305326654 -15.768994305326654 -15.768994305326654 -15.768994305326654 -15.768994305326654 -15.768994305326654 -15.768994305326654 -15.768994305326654 -15.768994305326654 -15.768994305326654 -15.768994305326654 -15.768994305326654 -15.768994305326654 -15.768994305326654 -15.768994305326654 -15.768994305326654 -15.768994305326654 -15.768994305326654 -15.768994305326654
2.5628140703517586 -15.766323137089799 -15.766323137089799 -15.766323137089799 -15.766323137089799 -15.766323137089799 -15.766323137089799 -15.766323137089799 -15.766323137089799 -15.766323137089799 -15.766323137089799 -15.766323137089799 -15.766323137089799 -15.766323137089799 -15.766323137089799 -15.766323137089799 -15.766323137089799 -15.766323137089799 -15.766323137089799 -15.766323137089799 -15.766323137089799 -15.766323137089799 -15.766323137089799 -15.766323137089799 -15.766323137089799 -15.766323137089799 -15.766323137089799 -15.766323137089799 -15.766323137089799 -15.766323137089799
2.638190954773869 -15.763651968852944 -15.763651968852944 -15.763651968852944 -15.763651968852944 -15.763651968852944 -15.763651968852944 -15.763651968852944 -15.763651968852944 -15.763651968852944 -15.763651968852944 -15.763651968852944 -15.763651968852944 -15.763651968852944 -15.763651968852944 -15.763651968852944 -15.763651968852944 -15.763651968852944 -15.763651968852944 -15.763651968852944 -15.763651968852944 -15.763651968852944 -15.763651968852944 -15.763651968852944 -15.763651968852944 -15.763651968852944 -15.763651968852944 -15.763651968852944 -15.763651968852944 -15.763651968852944
2.7135678391959797 -15.760980800616089 -15.760980800616089 -15.760980800616089 -15.760980800616089 -15.760980800616089 -15.760980800616089 -15.760980800616089 -15.760980800616089 -15.760980800616089 -15.760980800616089 -15.760980800616089 -15.760980800616089 -15.760980800616089 -15.760980800616089 -15.760980800616089 -15.760980800616089 -15.760980800616089 -15.760980800616089 -15.760980800616089 -15.760980800616089 -15.760980800616089 -15.760980800616089 -15.760980800616089 -15.760980800616089 -15.760980800616089 -15.760980800616089 -15.760980800616089 -15.760980800616089 -15.760980800616089
2.78894472361809 -15.758309632379234 -15.758309632379234 -15.758309632379234 -15.758309632379234 -15.758309632379234 -15.758309632379234 -15.758309632379234 -15.758309632379234 -15.758309632379234 -15.758309632379234 -15.758309632379234 -15.758309632379234 -15.758309632379234 -15.758309632379234 -15.758309632379234 -15.758309632379234 -15.758309632379234 -15.758309632379234 -15.758309632379234 -15.758309632379234 -15.758309632379234 -15.758309632379234 -15.758309632379234 -15.758309632379234 -15.758309632379234 -15.758309632379234 -15.758309632379234 -15.758309632379234 -15.758309632379234
2.8643216080402008 -15.755638464142379 -15.755638464142379 -15.755638464142379 -15.755638464142379 -15.755638464142379 -15.755638464142379 -15.755638464142379 -15.755638464142379 -15.755638464142379 -15.755638464142379 -15.755638464142379 -15.755638464142379 -15.755638464142379 -15.755638464142379 -15.755638464142379 -15.755638464142379 -15.755638464142379 -15.755638464142379 -15.755638464142379 -15.755638464142379 -15.755638464142379 -15.755638464142379 -15.755638464142379 -15.755638464142379 -15.755638464142379 -15.755638464142379 -15.755638464142379 -15.755638464142379 -15.755638464142379
2.9396984924623113 -15.752967295905526 -15.752967295905526 -15.752967295905526 -15.752967295905526 -15.752967295905526 -15.752967295905526 -15.752967295905526 -15.752967295905526 -15.752967295905526 -15.752967295905526 -15.752967295905526 -15.752967295905526 -15.752967295905526 -15.752967295905526 -15.752967295905526 -15.752967295905526 -15.752967295905526 -15.752967295905526 -15.752967295905526 -15.752967295905526 -15.752967295905526 -15.752967295905526 -15.752967295905526 -15.752967295905526 -15.752967295905526 -15.752967295905526 -15.752967295905526 -15.752967295905526 -15.752967295905526
3.015075376884422 -15.75029612766867 -15.75029612766867 -15.75029612766867 -15.75029612766867 -15.75029612766867 -15.75029612766867 -15.75029612766867 -15.75029612766867 -15.75029612766867 -15.75029612766867 -15.75029612766867 -15.75029612766867 -15.75029612766867 -15.75029612766867 -15.75029612766867 -15.75029612766867 -15.75029612766867 -15.75029612766867 -15.75029612766867 -15.75029612766867 -15.75029612766867 -15.75029612766867 -15.75029612766867 -15.75029612766867 -15.75029612766867 -15.75029612766867 -15.75029612766867 -15.75029612766867 -15.75029612766867
3.0904522613065324 -15.747624959431816 -15.747624959431816 -15.747624959431816 -15.747624959431816 -15.747624959431816 -15.747624959431816 -15.747624959431816 -15.747624959431816 -15.747624959431816 -15.747624959431816 -15.747624959431816 -15.747624959431816 -15.747624959431816 -15.747624959431816 -15.747624959431816 -15.747624959431816 -15.747624959431816 -15.747624959431816 -15.747624959431816 -15.747624959431816 -15.747624959431816 -15.747624959431816 -15.747624959431816 -15.747624959431816 -15.747624959431816 -15.747624959431816 -15.747624959431816 -15.747624959431816 -15.747624959431816
3.165829145728643 -15.74495379119496 -15.74495379119496 -15.74495379119496 -15.74495379119496 -15.74495379119496 -15.74495379119496 -15.74495379119496 -15.74495379119496 -15.74495379119496 -15.74495379119496 -15.74495379119496 -15.74495379119496 -15.74495379119496 -15.74495379119496 -15.74495379119496 -15.74495379119496 -15.74495379119496 -15.74495379119496 -15.74495379119496 -15.74495379119496 -15.74495379119496 -15.74495379119496 -15.74495379119496 -15.74495379119496 -15.74495379119496 -15.74495379119496 -15.74495379119496 -15.74495379119496 -15.74495379119496
3.2412060301507535 -15.742282622958106 -15.742282622958106 -15.742282622958106 -15.742282622958106 -15.742282622958106 -15.742282622958106 -15.742282622958106 -15.742282622958106 -15.742282622958106 -15.742282622958106 -15.742282622958106 -15.742282622958106 -15.742282622958106 -15.742282622958106 -15.742282622958106 -15.742282622958106 -15.742282622958106 -15.742282622958106 -15.742282622958106 -15.742282622958106 -15.742282622958106 -15.742282622958106 -15.742282622958106 -15.742282622958106 -15.742282622958106 -15.742282622958106 -15.742282622958106 -15.742282622958106 -15.742282622958106
3.316582914572864 -15.739611454721251 -15.739611454721251 -15.739611454721251 -15.739611454721251 -15.739611454721251 -15.739611454721251 -15.739611454721251 -15.739611454721251 -15.739611454721251 -15.739611454721251 -15.739611454721251 -15.739611454721251 -15.739611454721251 -15.739611454721251 -15.739611454721251 -15.739611454721251 -15.739611454721251 -15.739611454721251 -15.739611454721251 -15.739611454721251 -15.739611454721251 -15.739611454721251 -15.739611454721251 -15.739611454721251 -15.739611454721251 -15.739611454721251 -15.739611454721251 -15.739611454721251 -15.739611454721251
3.3919597989949746 -15.736940286484398 -15.736940286484398 -15.736940286484398 -15.736940286484398 -15.736940286484398 -15.736940286484398 -15.736940286484398 -15.736940286484398 -15.736940286484398 -15.736940286484398 -15.736940286484398 -15.736940286484398 -15.736940286484398 -15.736940286484398 -15.736940286484398 -15.736940286484398 -15.736940286484398 -15.736940286484398 -15.736940286484398 -15.736940286484398 -15.736940286484398 -15.736940286484398 -15.736940286484398 -15.736940286484398 -15.736940286484398 -15.736940286484398 -15.736940286484398 -15.736940286484398 -15.736940286484398
3.467336683417085 -15.734269118247543 -15.734269118247543 -15.734269118247543 -15.734269118247543 -15.734269118247543 -15.734269118247543 -15.734269118247543 -15.734269118247543 -15.734269118247543 -15.734269118247543 -15.734269118247543 -15.734269118247543 -15.734269118247543 -15.734269118247543 -15.734269118247543 -15.734269118247543 -15.734269118247543 -15.734269118247543 -15.734269118247543 -15.734269118247543 -15.734269118247543 -15.734269118247543 -15.734269118247543 -15.734269118247543 -15.734269118247543 -15.734269118247543 -15.734269118247543 -15.734269118247543 -15.734269118247543
3.5427135678391957 -15.731597950010688 -15.731597950010688 -15.731597950010688 -15.731597950010688 -15.731597950010688 -15.731597950010688 -15.731597950010688 -15.731597950010688 -15.731597950010688 -15.731597950010688 -15.731597950010688 -15.731597950010688 -15.731597950010688 -15.731597950010688 -15.731597950010688 -15.731597950010688 -15.731597950010688 -15.731597950010688 -15.731597950010688 -15.731597950010688 -15.731597950010688 -15.731597950010688 -15.731597950010688 -15.731597950010688 -15.731597950010688 -15.731597950010688 -15.731597950010688 -15.731597950010688 -15.731597950010688
3.618090452261306 -15.728926781773833 -15.728926781773833 -15.728926781773833 -15.728926781773833 -15.728926781773833 -15.728926781773833 -15.728926781773833 -15.728926781773833 -15.728926781773833 -15.728926781773833 -15.728926781773833 -15.728926781773833 -15.728926781773833 -15.728926781773833 -15.728926781773833 -15.728926781773833 -15.728926781773833 -15.728926781773833 -15.728926781773833 -15.728926781773833 -15.728926781773833 -15.728926781773833 -15.728926781773833 -15.728926781773833 -15.728926781773833 -15.728926781773833 -15.728926781773833 -15.728926781773833 -15.728926781773833
3.6934673366834168 -15.726255613536978 -15.726255613536978 -15.726255613536978 -15.726255613536978 -15.726255613536978 -15.726255613536978 -15.726255613536978 -15.726255613536978 -15.726255613536978 -15.726255613536978 -15.726255613536978 -15.726255613536978 -15.726255613536978 -15.726255613536978 -15.726255613536978 -15.726255613536978 -15.726255613536978 -15.726255613536978 -15.726255613536978 -15.726255613536978 -15.726255613536978 -15.726255613536978 -15.726255613536978 -15.726255613536978 -15.726255613536978 -15.726255613536978 -15.726255613536978 -15.726255613536978 -15.726255613536978
3.7688442211055273 -15.723584445300123 -15.723584445300123 -15.723584445300123 -15.723584445300123 -15.723584445300123 -15.723584445300123 -15.723584445300123 -15.723584445300123 -15.723584445300123 -15.723584445300123 -15.723584445300123 -15.723584445300123 -15.723584445300123 -15.723584445300123 -15.723584445300123 -15.723584445300123 -15.723584445300123 -15.723584445300123 -15.723584445300123 -15.723584445300123 -15.723584445300123 -15.723584445300123 -15.723584445300123 -15.723584445300123 -15.723584445300123 -15.723584445300123 -15.723584445300123 -15.723584445300123 -15.723584445300123
3.844221105527638 -15.72091327706327 -15.72091327706327 -15.72091327706327 -15.72091327706327 -15.72091327706327 -15.72091327706327 -15.72091327706327 -15.72091327706327 -15.72091327706327 -15.72091327706327 -15.72091327706327 -15.72091327706327 -15.72091327706327 -15.72091327706327 -15.72091327706327 -15.72091327706327 -15.72091327706327 -15.72091327706327 -15.72091327706327 -15.72091327706327 -15.72091327706327 -15.72091327706327 -15.72091327706327 -15.72091327706327 -15.72091327706327 -15.72091327706327 -15.72091327706327 -15.72091327706327 -15.72091327706327
3.9195979899497484 -15.718242108826415 -15.718242108826415 -15.718242108826415 -15.718242108826415 -15.718242108826415 -15.718242108826415 -15.718242108826415 -15.718242108826415 -15.718242108826415 -15.718242108826415 -15.718242108826415 -15.718242108826415 -15.718242108826415 -15.718242108826415 -15.718242108826415 -15.718242108826415 -15.718242108826415 -15.718242108826415 -15.718242108826415 -15.718242108826415 -15.718242108826415 -15.718242108826415 -15.718242108826415 -15.718242108826415 -15.718242108826415 -15.718242108826415 -15.718242108826415 -15.718242108826415 -15.718242108826415
3.994974874371859 -15.71557094058956 -15.71557094058956 -15.71557094058956 -15.71557094058956 -15.71557094058956 -15.71557094058956 -15.71557094058956 -15.71557094058956 -15.71557094058956 -15.71557094058956 -15.71557094058956 -15.71557094058956 -15.71557094058956 -15.71557094058956 -15.71557094058956 -15.71557094058956 -15.71557094058956 -15.71557094058956 -15.71557094058956 -15.71557094058956 -15.71557094058956 -15.71557094058956 -15.71557094058956 -15.71557094058956 -15.71557094058956 -15.71557094058956 -15.71557094058956 -15.71557094058956 -15.71557094058956
