web/models/linear/43/-15_857_0_022.dat
# %ECSV 1.0
# ---
# datatype:
# - {name: time, datatype: float64}
# - {name: sdss_u, datatype: float64}
# - {name: sdss_g, datatype: float64}
# - {name: sdss_r, datatype: float64}
# - {name: sdss_i, datatype: float64}
# - {name: sdss_z, datatype: float64}
# - {name: Clear, datatype: float64}
# - {name: johnson_B, datatype: float64}
# - {name: johnson_V, datatype: float64}
# - {name: johnson_R, datatype: float64}
# - {name: johnson_I, datatype: float64}
# - {name: ukirt_J, datatype: float64}
# - {name: ukirt_H, datatype: float64}
# - {name: ukirt_K, datatype: float64}
# meta: !!omap
# - comment: [M=-15.857142857142858, dM=0.022251494327866092]
# schema: astropy-2.0
time sdss_u sdss_g sdss_r sdss_i sdss_z Clear johnson_B johnson_V johnson_R johnson_I ukirt_J ukirt_H ukirt_K
[from data line 117]
8.819095477386934 -15.660904804150872 -15.660904804150872 -15.660904804150872 -15.660904804150872 -15.660904804150872 -15.660904804150872 -15.660904804150872 -15.660904804150872 -15.660904804150872 -15.660904804150872 -15.660904804150872 -15.660904804150872 -15.660904804150872
8.894472361809044 -15.659227555834702 -15.659227555834702 -15.659227555834702 -15.659227555834702 -15.659227555834702 -15.659227555834702 -15.659227555834702 -15.659227555834702 -15.659227555834702 -15.659227555834702 -15.659227555834702 -15.659227555834702 -15.659227555834702
8.969849246231155 -15.65755030751853 -15.65755030751853 -15.65755030751853 -15.65755030751853 -15.65755030751853 -15.65755030751853 -15.65755030751853 -15.65755030751853 -15.65755030751853 -15.65755030751853 -15.65755030751853 -15.65755030751853 -15.65755030751853
9.045226130653266 -15.65587305920236 -15.65587305920236 -15.65587305920236 -15.65587305920236 -15.65587305920236 -15.65587305920236 -15.65587305920236 -15.65587305920236 -15.65587305920236 -15.65587305920236 -15.65587305920236 -15.65587305920236 -15.65587305920236
9.120603015075377 -15.65419581088619 -15.65419581088619 -15.65419581088619 -15.65419581088619 -15.65419581088619 -15.65419581088619 -15.65419581088619 -15.65419581088619 -15.65419581088619 -15.65419581088619 -15.65419581088619 -15.65419581088619 -15.65419581088619
9.195979899497488 -15.65251856257002 -15.65251856257002 -15.65251856257002 -15.65251856257002 -15.65251856257002 -15.65251856257002 -15.65251856257002 -15.65251856257002 -15.65251856257002 -15.65251856257002 -15.65251856257002 -15.65251856257002 -15.65251856257002
9.271356783919597 -15.650841314253848 -15.650841314253848 -15.650841314253848 -15.650841314253848 -15.650841314253848 -15.650841314253848 -15.650841314253848 -15.650841314253848 -15.650841314253848 -15.650841314253848 -15.650841314253848 -15.650841314253848 -15.650841314253848
9.346733668341708 -15.649164065937677 -15.649164065937677 -15.649164065937677 -15.649164065937677 -15.649164065937677 -15.649164065937677 -15.649164065937677 -15.649164065937677 -15.649164065937677 -15.649164065937677 -15.649164065937677 -15.649164065937677 -15.649164065937677
9.422110552763819 -15.647486817621505 -15.647486817621505 -15.647486817621505 -15.647486817621505 -15.647486817621505 -15.647486817621505 -15.647486817621505 -15.647486817621505 -15.647486817621505 -15.647486817621505 -15.647486817621505 -15.647486817621505 -15.647486817621505
9.497487437185928 -15.645809569305335 -15.645809569305335 -15.645809569305335 -15.645809569305335 -15.645809569305335 -15.645809569305335 -15.645809569305335 -15.645809569305335 -15.645809569305335 -15.645809569305335 -15.645809569305335 -15.645809569305335 -15.645809569305335
9.572864321608039 -15.644132320989165 -15.644132320989165 -15.644132320989165 -15.644132320989165 -15.644132320989165 -15.644132320989165 -15.644132320989165 -15.644132320989165 -15.644132320989165 -15.644132320989165 -15.644132320989165 -15.644132320989165 -15.644132320989165
9.64824120603015 -15.642455072672995 -15.642455072672995 -15.642455072672995 -15.642455072672995 -15.642455072672995 -15.642455072672995 -15.642455072672995 -15.642455072672995 -15.642455072672995 -15.642455072672995 -15.642455072672995 -15.642455072672995 -15.642455072672995
9.72361809045226 -15.640777824356823 -15.640777824356823 -15.640777824356823 -15.640777824356823 -15.640777824356823 -15.640777824356823 -15.640777824356823 -15.640777824356823 -15.640777824356823 -15.640777824356823 -15.640777824356823 -15.640777824356823 -15.640777824356823
9.798994974874372 -15.639100576040653 -15.639100576040653 -15.639100576040653 -15.639100576040653 -15.639100576040653 -15.639100576040653 -15.639100576040653 -15.639100576040653 -15.639100576040653 -15.639100576040653 -15.639100576040653 -15.639100576040653 -15.639100576040653
9.874371859296481 -15.637423327724482 -15.637423327724482 -15.637423327724482 -15.637423327724482 -15.637423327724482 -15.637423327724482 -15.637423327724482 -15.637423327724482 -15.637423327724482 -15.637423327724482 -15.637423327724482 -15.637423327724482 -15.637423327724482
9.949748743718592 -15.63574607940831 -15.63574607940831 -15.63574607940831 -15.63574607940831 -15.63574607940831 -15.63574607940831 -15.63574607940831 -15.63574607940831 -15.63574607940831 -15.63574607940831 -15.63574607940831 -15.63574607940831 -15.63574607940831
10.025125628140703 -15.63406883109214 -15.63406883109214 -15.63406883109214 -15.63406883109214 -15.63406883109214 -15.63406883109214 -15.63406883109214 -15.63406883109214 -15.63406883109214 -15.63406883109214 -15.63406883109214 -15.63406883109214 -15.63406883109214
10.100502512562812 -15.63239158277597 -15.63239158277597 -15.63239158277597 -15.63239158277597 -15.63239158277597 -15.63239158277597 -15.63239158277597 -15.63239158277597 -15.63239158277597 -15.63239158277597 -15.63239158277597 -15.63239158277597 -15.63239158277597
10.175879396984923 -15.630714334459798 -15.630714334459798 -15.630714334459798 -15.630714334459798 -15.630714334459798 -15.630714334459798 -15.630714334459798 -15.630714334459798 -15.630714334459798 -15.630714334459798 -15.630714334459798 -15.630714334459798 -15.630714334459798
10.251256281407034 -15.629037086143628 -15.629037086143628 -15.629037086143628 -15.629037086143628 -15.629037086143628 -15.629037086143628 -15.629037086143628 -15.629037086143628 -15.629037086143628 -15.629037086143628 -15.629037086143628 -15.629037086143628 -15.629037086143628
10.326633165829145 -15.627359837827457 -15.627359837827457 -15.627359837827457 -15.627359837827457 -15.627359837827457 -15.627359837827457 -15.627359837827457 -15.627359837827457 -15.627359837827457 -15.627359837827457 -15.627359837827457 -15.627359837827457 -15.627359837827457
10.402010050251256 -15.625682589511285 -15.625682589511285 -15.625682589511285 -15.625682589511285 -15.625682589511285 -15.625682589511285 -15.625682589511285 -15.625682589511285 -15.625682589511285 -15.625682589511285 -15.625682589511285 -15.625682589511285 -15.625682589511285
10.477386934673365 -15.624005341195115 -15.624005341195115 -15.624005341195115 -15.624005341195115 -15.624005341195115 -15.624005341195115 -15.624005341195115 -15.624005341195115 -15.624005341195115 -15.624005341195115 -15.624005341195115 -15.624005341195115 -15.624005341195115
10.552763819095476 -15.622328092878945 -15.622328092878945 -15.622328092878945 -15.622328092878945 -15.622328092878945 -15.622328092878945 -15.622328092878945 -15.622328092878945 -15.622328092878945 -15.622328092878945 -15.622328092878945 -15.622328092878945 -15.622328092878945
10.628140703517587 -15.620650844562773 -15.620650844562773 -15.620650844562773 -15.620650844562773 -15.620650844562773 -15.620650844562773 -15.620650844562773 -15.620650844562773 -15.620650844562773 -15.620650844562773 -15.620650844562773 -15.620650844562773 -15.620650844562773
10.703517587939697 -15.618973596246603 -15.618973596246603 -15.618973596246603 -15.618973596246603 -15.618973596246603 -15.618973596246603 -15.618973596246603 -15.618973596246603 -15.618973596246603 -15.618973596246603 -15.618973596246603 -15.618973596246603 -15.618973596246603
10.778894472361808 -15.617296347930433 -15.617296347930433 -15.617296347930433 -15.617296347930433 -15.617296347930433 -15.617296347930433 -15.617296347930433 -15.617296347930433 -15.617296347930433 -15.617296347930433 -15.617296347930433 -15.617296347930433 -15.617296347930433
10.854271356783919 -15.61561909961426 -15.61561909961426 -15.61561909961426 -15.61561909961426 -15.61561909961426 -15.61561909961426 -15.61561909961426 -15.61561909961426 -15.61561909961426 -15.61561909961426 -15.61561909961426 -15.61561909961426 -15.61561909961426
10.92964824120603 -15.61394185129809 -15.61394185129809 -15.61394185129809 -15.61394185129809 -15.61394185129809 -15.61394185129809 -15.61394185129809 -15.61394185129809 -15.61394185129809 -15.61394185129809 -15.61394185129809 -15.61394185129809 -15.61394185129809
11.00502512562814 -15.61226460298192 -15.61226460298192 -15.61226460298192 -15.61226460298192 -15.61226460298192 -15.61226460298192 -15.61226460298192 -15.61226460298192 -15.61226460298192 -15.61226460298192 -15.61226460298192 -15.61226460298192 -15.61226460298192
11.08040201005025 -15.610587354665748 -15.610587354665748 -15.610587354665748 -15.610587354665748 -15.610587354665748 -15.610587354665748 -15.610587354665748 -15.610587354665748 -15.610587354665748 -15.610587354665748 -15.610587354665748 -15.610587354665748 -15.610587354665748
11.15577889447236 -15.608910106349578 -15.608910106349578 -15.608910106349578 -15.608910106349578 -15.608910106349578 -15.608910106349578 -15.608910106349578 -15.608910106349578 -15.608910106349578 -15.608910106349578 -15.608910106349578 -15.608910106349578 -15.608910106349578
11.231155778894472 -15.607232858033408 -15.607232858033408 -15.607232858033408 -15.607232858033408 -15.607232858033408 -15.607232858033408 -15.607232858033408 -15.607232858033408 -15.607232858033408 -15.607232858033408 -15.607232858033408 -15.607232858033408 -15.607232858033408
11.306532663316581 -15.605555609717236 -15.605555609717236 -15.605555609717236 -15.605555609717236 -15.605555609717236 -15.605555609717236 -15.605555609717236 -15.605555609717236 -15.605555609717236 -15.605555609717236 -15.605555609717236 -15.605555609717236 -15.605555609717236
11.381909547738692 -15.603878361401065 -15.603878361401065 -15.603878361401065 -15.603878361401065 -15.603878361401065 -15.603878361401065 -15.603878361401065 -15.603878361401065 -15.603878361401065 -15.603878361401065 -15.603878361401065 -15.603878361401065 -15.603878361401065
11.457286432160803 -15.602201113084895 -15.602201113084895 -15.602201113084895 -15.602201113084895 -15.602201113084895 -15.602201113084895 -15.602201113084895 -15.602201113084895 -15.602201113084895 -15.602201113084895 -15.602201113084895 -15.602201113084895 -15.602201113084895
11.532663316582914 -15.600523864768723 -15.600523864768723 -15.600523864768723 -15.600523864768723 -15.600523864768723 -15.600523864768723 -15.600523864768723 -15.600523864768723 -15.600523864768723 -15.600523864768723 -15.600523864768723 -15.600523864768723 -15.600523864768723
11.608040201005025 -15.598846616452553 -15.598846616452553 -15.598846616452553 -15.598846616452553 -15.598846616452553 -15.598846616452553 -15.598846616452553 -15.598846616452553 -15.598846616452553 -15.598846616452553 -15.598846616452553 -15.598846616452553 -15.598846616452553
11.683417085427134 -15.597169368136383 -15.597169368136383 -15.597169368136383 -15.597169368136383 -15.597169368136383 -15.597169368136383 -15.597169368136383 -15.597169368136383 -15.597169368136383 -15.597169368136383 -15.597169368136383 -15.597169368136383 -15.597169368136383
11.758793969849245 -15.59549211982021 -15.59549211982021 -15.59549211982021 -15.59549211982021 -15.59549211982021 -15.59549211982021 -15.59549211982021 -15.59549211982021 -15.59549211982021 -15.59549211982021 -15.59549211982021 -15.59549211982021 -15.59549211982021
11.834170854271356 -15.59381487150404 -15.59381487150404 -15.59381487150404 -15.59381487150404 -15.59381487150404 -15.59381487150404 -15.59381487150404 -15.59381487150404 -15.59381487150404 -15.59381487150404 -15.59381487150404 -15.59381487150404 -15.59381487150404
11.909547738693465 -15.59213762318787 -15.59213762318787 -15.59213762318787 -15.59213762318787 -15.59213762318787 -15.59213762318787 -15.59213762318787 -15.59213762318787 -15.59213762318787 -15.59213762318787 -15.59213762318787 -15.59213762318787 -15.59213762318787
11.984924623115576 -15.590460374871698 -15.590460374871698 -15.590460374871698 -15.590460374871698 -15.590460374871698 -15.590460374871698 -15.590460374871698 -15.590460374871698 -15.590460374871698 -15.590460374871698 -15.590460374871698 -15.590460374871698 -15.590460374871698
12.060301507537687 -15.588783126555528 -15.588783126555528 -15.588783126555528 -15.588783126555528 -15.588783126555528 -15.588783126555528 -15.588783126555528 -15.588783126555528 -15.588783126555528 -15.588783126555528 -15.588783126555528 -15.588783126555528 -15.588783126555528
12.135678391959798 -15.587105878239358 -15.587105878239358 -15.587105878239358 -15.587105878239358 -15.587105878239358 -15.587105878239358 -15.587105878239358 -15.587105878239358 -15.587105878239358 -15.587105878239358 -15.587105878239358 -15.587105878239358 -15.587105878239358
12.21105527638191 -15.585428629923186 -15.585428629923186 -15.585428629923186 -15.585428629923186 -15.585428629923186 -15.585428629923186 -15.585428629923186 -15.585428629923186 -15.585428629923186 -15.585428629923186 -15.585428629923186 -15.585428629923186 -15.585428629923186
12.286432160804019 -15.583751381607016 -15.583751381607016 -15.583751381607016 -15.583751381607016 -15.583751381607016 -15.583751381607016 -15.583751381607016 -15.583751381607016 -15.583751381607016 -15.583751381607016 -15.583751381607016 -15.583751381607016 -15.583751381607016
12.36180904522613 -15.582074133290845 -15.582074133290845 -15.582074133290845 -15.582074133290845 -15.582074133290845 -15.582074133290845 -15.582074133290845 -15.582074133290845 -15.582074133290845 -15.582074133290845 -15.582074133290845 -15.582074133290845 -15.582074133290845
12.43718592964824 -15.580396884974673 -15.580396884974673 -15.580396884974673 -15.580396884974673 -15.580396884974673 -15.580396884974673 -15.580396884974673 -15.580396884974673 -15.580396884974673 -15.580396884974673 -15.580396884974673 -15.580396884974673 -15.580396884974673
12.51256281407035 -15.578719636658503 -15.578719636658503 -15.578719636658503 -15.578719636658503 -15.578719636658503 -15.578719636658503 -15.578719636658503 -15.578719636658503 -15.578719636658503 -15.578719636658503 -15.578719636658503 -15.578719636658503 -15.578719636658503
12.58793969849246 -15.577042388342333 -15.577042388342333 -15.577042388342333 -15.577042388342333 -15.577042388342333 -15.577042388342333 -15.577042388342333 -15.577042388342333 -15.577042388342333 -15.577042388342333 -15.577042388342333 -15.577042388342333 -15.577042388342333
12.663316582914572 -15.575365140026161 -15.575365140026161 -15.575365140026161 -15.575365140026161 -15.575365140026161 -15.575365140026161 -15.575365140026161 -15.575365140026161 -15.575365140026161 -15.575365140026161 -15.575365140026161 -15.575365140026161 -15.575365140026161
12.738693467336683 -15.57368789170999 -15.57368789170999 -15.57368789170999 -15.57368789170999 -15.57368789170999 -15.57368789170999 -15.57368789170999 -15.57368789170999 -15.57368789170999 -15.57368789170999 -15.57368789170999 -15.57368789170999 -15.57368789170999
12.814070351758794 -15.57201064339382 -15.57201064339382 -15.57201064339382 -15.57201064339382 -15.57201064339382 -15.57201064339382 -15.57201064339382 -15.57201064339382 -15.57201064339382 -15.57201064339382 -15.57201064339382 -15.57201064339382 -15.57201064339382
12.889447236180903 -15.570333395077649 -15.570333395077649 -15.570333395077649 -15.570333395077649 -15.570333395077649 -15.570333395077649 -15.570333395077649 -15.570333395077649 -15.570333395077649 -15.570333395077649 -15.570333395077649 -15.570333395077649 -15.570333395077649
12.964824120603014 -15.568656146761478 -15.568656146761478 -15.568656146761478 -15.568656146761478 -15.568656146761478 -15.568656146761478 -15.568656146761478 -15.568656146761478 -15.568656146761478 -15.568656146761478 -15.568656146761478 -15.568656146761478 -15.568656146761478
13.040201005025125 -15.566978898445308 -15.566978898445308 -15.566978898445308 -15.566978898445308 -15.566978898445308 -15.566978898445308 -15.566978898445308 -15.566978898445308 -15.566978898445308 -15.566978898445308 -15.566978898445308 -15.566978898445308 -15.566978898445308
