web/models/linear/43/-15_857_0_026.dat
# %ECSV 1.0
# ---
# datatype:
# - {name: time, datatype: float64}
# - {name: sdss_u, datatype: float64}
# - {name: sdss_g, datatype: float64}
# - {name: sdss_r, datatype: float64}
# - {name: sdss_i, datatype: float64}
# - {name: sdss_z, datatype: float64}
# - {name: Clear, datatype: float64}
# - {name: johnson_B, datatype: float64}
# - {name: johnson_V, datatype: float64}
# - {name: johnson_R, datatype: float64}
# - {name: johnson_I, datatype: float64}
# - {name: ukirt_J, datatype: float64}
# - {name: ukirt_H, datatype: float64}
# - {name: ukirt_K, datatype: float64}
# meta: !!omap
# - comment: [M=-15.857142857142858, dM=0.025985264452188205]
# schema: astropy-2.0
time sdss_u sdss_g sdss_r sdss_i sdss_z Clear johnson_B johnson_V johnson_R johnson_I ukirt_J ukirt_H ukirt_K
[from data line 175]
13.190954773869345 -15.514372408967008 -15.514372408967008 -15.514372408967008 -15.514372408967008 -15.514372408967008 -15.514372408967008 -15.514372408967008 -15.514372408967008 -15.514372408967008 -15.514372408967008 -15.514372408967008 -15.514372408967008 -15.514372408967008
13.266331658291456 -15.512413720691718 -15.512413720691718 -15.512413720691718 -15.512413720691718 -15.512413720691718 -15.512413720691718 -15.512413720691718 -15.512413720691718 -15.512413720691718 -15.512413720691718 -15.512413720691718 -15.512413720691718 -15.512413720691718
13.341708542713567 -15.510455032416427 -15.510455032416427 -15.510455032416427 -15.510455032416427 -15.510455032416427 -15.510455032416427 -15.510455032416427 -15.510455032416427 -15.510455032416427 -15.510455032416427 -15.510455032416427 -15.510455032416427 -15.510455032416427
13.417085427135678 -15.508496344141136 -15.508496344141136 -15.508496344141136 -15.508496344141136 -15.508496344141136 -15.508496344141136 -15.508496344141136 -15.508496344141136 -15.508496344141136 -15.508496344141136 -15.508496344141136 -15.508496344141136 -15.508496344141136
13.492462311557787 -15.506537655865847 -15.506537655865847 -15.506537655865847 -15.506537655865847 -15.506537655865847 -15.506537655865847 -15.506537655865847 -15.506537655865847 -15.506537655865847 -15.506537655865847 -15.506537655865847 -15.506537655865847 -15.506537655865847
13.567839195979898 -15.504578967590556 -15.504578967590556 -15.504578967590556 -15.504578967590556 -15.504578967590556 -15.504578967590556 -15.504578967590556 -15.504578967590556 -15.504578967590556 -15.504578967590556 -15.504578967590556 -15.504578967590556 -15.504578967590556
13.64321608040201 -15.502620279315265 -15.502620279315265 -15.502620279315265 -15.502620279315265 -15.502620279315265 -15.502620279315265 -15.502620279315265 -15.502620279315265 -15.502620279315265 -15.502620279315265 -15.502620279315265 -15.502620279315265 -15.502620279315265
13.718592964824118 -15.500661591039975 -15.500661591039975 -15.500661591039975 -15.500661591039975 -15.500661591039975 -15.500661591039975 -15.500661591039975 -15.500661591039975 -15.500661591039975 -15.500661591039975 -15.500661591039975 -15.500661591039975 -15.500661591039975
13.79396984924623 -15.498702902764684 -15.498702902764684 -15.498702902764684 -15.498702902764684 -15.498702902764684 -15.498702902764684 -15.498702902764684 -15.498702902764684 -15.498702902764684 -15.498702902764684 -15.498702902764684 -15.498702902764684 -15.498702902764684
13.86934673366834 -15.496744214489393 -15.496744214489393 -15.496744214489393 -15.496744214489393 -15.496744214489393 -15.496744214489393 -15.496744214489393 -15.496744214489393 -15.496744214489393 -15.496744214489393 -15.496744214489393 -15.496744214489393 -15.496744214489393
13.944723618090451 -15.494785526214102 -15.494785526214102 -15.494785526214102 -15.494785526214102 -15.494785526214102 -15.494785526214102 -15.494785526214102 -15.494785526214102 -15.494785526214102 -15.494785526214102 -15.494785526214102 -15.494785526214102 -15.494785526214102
14.020100502512562 -15.492826837938813 -15.492826837938813 -15.492826837938813 -15.492826837938813 -15.492826837938813 -15.492826837938813 -15.492826837938813 -15.492826837938813 -15.492826837938813 -15.492826837938813 -15.492826837938813 -15.492826837938813 -15.492826837938813
14.095477386934672 -15.490868149663521 -15.490868149663521 -15.490868149663521 -15.490868149663521 -15.490868149663521 -15.490868149663521 -15.490868149663521 -15.490868149663521 -15.490868149663521 -15.490868149663521 -15.490868149663521 -15.490868149663521 -15.490868149663521
14.170854271356783 -15.48890946138823 -15.48890946138823 -15.48890946138823 -15.48890946138823 -15.48890946138823 -15.48890946138823 -15.48890946138823 -15.48890946138823 -15.48890946138823 -15.48890946138823 -15.48890946138823 -15.48890946138823 -15.48890946138823
14.246231155778894 -15.486950773112941 -15.486950773112941 -15.486950773112941 -15.486950773112941 -15.486950773112941 -15.486950773112941 -15.486950773112941 -15.486950773112941 -15.486950773112941 -15.486950773112941 -15.486950773112941 -15.486950773112941 -15.486950773112941
14.321608040201003 -15.48499208483765 -15.48499208483765 -15.48499208483765 -15.48499208483765 -15.48499208483765 -15.48499208483765 -15.48499208483765 -15.48499208483765 -15.48499208483765 -15.48499208483765 -15.48499208483765 -15.48499208483765 -15.48499208483765
14.396984924623114 -15.483033396562359 -15.483033396562359 -15.483033396562359 -15.483033396562359 -15.483033396562359 -15.483033396562359 -15.483033396562359 -15.483033396562359 -15.483033396562359 -15.483033396562359 -15.483033396562359 -15.483033396562359 -15.483033396562359
14.472361809045225 -15.48107470828707 -15.48107470828707 -15.48107470828707 -15.48107470828707 -15.48107470828707 -15.48107470828707 -15.48107470828707 -15.48107470828707 -15.48107470828707 -15.48107470828707 -15.48107470828707 -15.48107470828707 -15.48107470828707
14.547738693467336 -15.479116020011778 -15.479116020011778 -15.479116020011778 -15.479116020011778 -15.479116020011778 -15.479116020011778 -15.479116020011778 -15.479116020011778 -15.479116020011778 -15.479116020011778 -15.479116020011778 -15.479116020011778 -15.479116020011778
14.623115577889447 -15.477157331736487 -15.477157331736487 -15.477157331736487 -15.477157331736487 -15.477157331736487 -15.477157331736487 -15.477157331736487 -15.477157331736487 -15.477157331736487 -15.477157331736487 -15.477157331736487 -15.477157331736487 -15.477157331736487
14.698492462311556 -15.475198643461196 -15.475198643461196 -15.475198643461196 -15.475198643461196 -15.475198643461196 -15.475198643461196 -15.475198643461196 -15.475198643461196 -15.475198643461196 -15.475198643461196 -15.475198643461196 -15.475198643461196 -15.475198643461196
14.773869346733667 -15.473239955185907 -15.473239955185907 -15.473239955185907 -15.473239955185907 -15.473239955185907 -15.473239955185907 -15.473239955185907 -15.473239955185907 -15.473239955185907 -15.473239955185907 -15.473239955185907 -15.473239955185907 -15.473239955185907
14.849246231155778 -15.471281266910616 -15.471281266910616 -15.471281266910616 -15.471281266910616 -15.471281266910616 -15.471281266910616 -15.471281266910616 -15.471281266910616 -15.471281266910616 -15.471281266910616 -15.471281266910616 -15.471281266910616 -15.471281266910616
14.924623115577887 -15.469322578635325 -15.469322578635325 -15.469322578635325 -15.469322578635325 -15.469322578635325 -15.469322578635325 -15.469322578635325 -15.469322578635325 -15.469322578635325 -15.469322578635325 -15.469322578635325 -15.469322578635325 -15.469322578635325
15.0 -15.467363890360035 -15.467363890360035 -15.467363890360035 -15.467363890360035 -15.467363890360035 -15.467363890360035 -15.467363890360035 -15.467363890360035 -15.467363890360035 -15.467363890360035 -15.467363890360035 -15.467363890360035 -15.467363890360035
