web/models/linear/41/-15_673_0_010.dat
# %ECSV 1.0
# ---
# datatype:
# - {name: time, datatype: float64}
# - {name: swift_uvot_uvw2, datatype: float64}
# - {name: swift_uvot_uvm2, datatype: float64}
# - {name: swift_uvot_uvw1, datatype: float64}
# - {name: swift_uvot_U, datatype: float64}
# - {name: swift_uvot_B, datatype: float64}
# - {name: swift_uvot_V, datatype: float64}
# - {name: swift_uvot_W, datatype: float64}
# - {name: johnson_U, datatype: float64}
# - {name: johnson_B, datatype: float64}
# - {name: johnson_V, datatype: float64}
# - {name: johnson_R, datatype: float64}
# - {name: johnson_I, datatype: float64}
# - {name: sdss_u, datatype: float64}
# - {name: sdss_g, datatype: float64}
# - {name: sdss_r, datatype: float64}
# - {name: sdss_i, datatype: float64}
# - {name: sdss_z, datatype: float64}
# - {name: PS1_g, datatype: float64}
# - {name: PS1_r, datatype: float64}
# - {name: PS1_i, datatype: float64}
# - {name: PS1_z, datatype: float64}
# - {name: PS1_Y, datatype: float64}
# - {name: PS1_w, datatype: float64}
# - {name: ATLAS_c, datatype: float64}
# - {name: ATLAS_o, datatype: float64}
# - {name: ukirt_J, datatype: float64}
# - {name: ukirt_H, datatype: float64}
# - {name: ukirt_K, datatype: float64}
# - {name: Clear, datatype: float64}
# meta: !!omap
# - comment: [M=-15.673469387755102, dM=0.010245175126239792]
# schema: astropy-2.0
time swift_uvot_uvw2 swift_uvot_uvm2 swift_uvot_uvw1 swift_uvot_U swift_uvot_B swift_uvot_V swift_uvot_W johnson_U johnson_B johnson_V johnson_R johnson_I sdss_u sdss_g sdss_r sdss_i sdss_z PS1_g PS1_r PS1_i PS1_z PS1_Y PS1_w ATLAS_c ATLAS_o ukirt_J ukirt_H ukirt_K Clear
[from data line 81]
6.105527638190955 -15.610917187863738 -15.610917187863738 -15.610917187863738 -15.610917187863738 -15.610917187863738 -15.610917187863738 -15.610917187863738 -15.610917187863738 -15.610917187863738 -15.610917187863738 -15.610917187863738 -15.610917187863738 -15.610917187863738 -15.610917187863738 -15.610917187863738 -15.610917187863738 -15.610917187863738 -15.610917187863738 -15.610917187863738 -15.610917187863738 -15.610917187863738 -15.610917187863738 -15.610917187863738 -15.610917187863738 -15.610917187863738 -15.610917187863738 -15.610917187863738 -15.610917187863738 -15.610917187863738
6.180904522613065 -15.610144938482364 -15.610144938482364 -15.610144938482364 -15.610144938482364 -15.610144938482364 -15.610144938482364 -15.610144938482364 -15.610144938482364 -15.610144938482364 -15.610144938482364 -15.610144938482364 -15.610144938482364 -15.610144938482364 -15.610144938482364 -15.610144938482364 -15.610144938482364 -15.610144938482364 -15.610144938482364 -15.610144938482364 -15.610144938482364 -15.610144938482364 -15.610144938482364 -15.610144938482364 -15.610144938482364 -15.610144938482364 -15.610144938482364 -15.610144938482364 -15.610144938482364 -15.610144938482364
6.256281407035175 -15.609372689100988 -15.609372689100988 -15.609372689100988 -15.609372689100988 -15.609372689100988 -15.609372689100988 -15.609372689100988 -15.609372689100988 -15.609372689100988 -15.609372689100988 -15.609372689100988 -15.609372689100988 -15.609372689100988 -15.609372689100988 -15.609372689100988 -15.609372689100988 -15.609372689100988 -15.609372689100988 -15.609372689100988 -15.609372689100988 -15.609372689100988 -15.609372689100988 -15.609372689100988 -15.609372689100988 -15.609372689100988 -15.609372689100988 -15.609372689100988 -15.609372689100988 -15.609372689100988
6.331658291457286 -15.608600439719613 -15.608600439719613 -15.608600439719613 -15.608600439719613 -15.608600439719613 -15.608600439719613 -15.608600439719613 -15.608600439719613 -15.608600439719613 -15.608600439719613 -15.608600439719613 -15.608600439719613 -15.608600439719613 -15.608600439719613 -15.608600439719613 -15.608600439719613 -15.608600439719613 -15.608600439719613 -15.608600439719613 -15.608600439719613 -15.608600439719613 -15.608600439719613 -15.608600439719613 -15.608600439719613 -15.608600439719613 -15.608600439719613 -15.608600439719613 -15.608600439719613 -15.608600439719613
6.407035175879397 -15.607828190338239 -15.607828190338239 -15.607828190338239 -15.607828190338239 -15.607828190338239 -15.607828190338239 -15.607828190338239 -15.607828190338239 -15.607828190338239 -15.607828190338239 -15.607828190338239 -15.607828190338239 -15.607828190338239 -15.607828190338239 -15.607828190338239 -15.607828190338239 -15.607828190338239 -15.607828190338239 -15.607828190338239 -15.607828190338239 -15.607828190338239 -15.607828190338239 -15.607828190338239 -15.607828190338239 -15.607828190338239 -15.607828190338239 -15.607828190338239 -15.607828190338239 -15.607828190338239
6.482412060301507 -15.607055940956863 -15.607055940956863 -15.607055940956863 -15.607055940956863 -15.607055940956863 -15.607055940956863 -15.607055940956863 -15.607055940956863 -15.607055940956863 -15.607055940956863 -15.607055940956863 -15.607055940956863 -15.607055940956863 -15.607055940956863 -15.607055940956863 -15.607055940956863 -15.607055940956863 -15.607055940956863 -15.607055940956863 -15.607055940956863 -15.607055940956863 -15.607055940956863 -15.607055940956863 -15.607055940956863 -15.607055940956863 -15.607055940956863 -15.607055940956863 -15.607055940956863 -15.607055940956863
6.557788944723617 -15.60628369157549 -15.60628369157549 -15.60628369157549 -15.60628369157549 -15.60628369157549 -15.60628369157549 -15.60628369157549 -15.60628369157549 -15.60628369157549 -15.60628369157549 -15.60628369157549 -15.60628369157549 -15.60628369157549 -15.60628369157549 -15.60628369157549 -15.60628369157549 -15.60628369157549 -15.60628369157549 -15.60628369157549 -15.60628369157549 -15.60628369157549 -15.60628369157549 -15.60628369157549 -15.60628369157549 -15.60628369157549 -15.60628369157549 -15.60628369157549 -15.60628369157549 -15.60628369157549
6.633165829145728 -15.605511442194114 -15.605511442194114 -15.605511442194114 -15.605511442194114 -15.605511442194114 -15.605511442194114 -15.605511442194114 -15.605511442194114 -15.605511442194114 -15.605511442194114 -15.605511442194114 -15.605511442194114 -15.605511442194114 -15.605511442194114 -15.605511442194114 -15.605511442194114 -15.605511442194114 -15.605511442194114 -15.605511442194114 -15.605511442194114 -15.605511442194114 -15.605511442194114 -15.605511442194114 -15.605511442194114 -15.605511442194114 -15.605511442194114 -15.605511442194114 -15.605511442194114 -15.605511442194114
6.708542713567839 -15.604739192812739 -15.604739192812739 -15.604739192812739 -15.604739192812739 -15.604739192812739 -15.604739192812739 -15.604739192812739 -15.604739192812739 -15.604739192812739 -15.604739192812739 -15.604739192812739 -15.604739192812739 -15.604739192812739 -15.604739192812739 -15.604739192812739 -15.604739192812739 -15.604739192812739 -15.604739192812739 -15.604739192812739 -15.604739192812739 -15.604739192812739 -15.604739192812739 -15.604739192812739 -15.604739192812739 -15.604739192812739 -15.604739192812739 -15.604739192812739 -15.604739192812739 -15.604739192812739
6.783919597989949 -15.603966943431365 -15.603966943431365 -15.603966943431365 -15.603966943431365 -15.603966943431365 -15.603966943431365 -15.603966943431365 -15.603966943431365 -15.603966943431365 -15.603966943431365 -15.603966943431365 -15.603966943431365 -15.603966943431365 -15.603966943431365 -15.603966943431365 -15.603966943431365 -15.603966943431365 -15.603966943431365 -15.603966943431365 -15.603966943431365 -15.603966943431365 -15.603966943431365 -15.603966943431365 -15.603966943431365 -15.603966943431365 -15.603966943431365 -15.603966943431365 -15.603966943431365 -15.603966943431365
6.859296482412059 -15.60319469404999 -15.60319469404999 -15.60319469404999 -15.60319469404999 -15.60319469404999 -15.60319469404999 -15.60319469404999 -15.60319469404999 -15.60319469404999 -15.60319469404999 -15.60319469404999 -15.60319469404999 -15.60319469404999 -15.60319469404999 -15.60319469404999 -15.60319469404999 -15.60319469404999 -15.60319469404999 -15.60319469404999 -15.60319469404999 -15.60319469404999 -15.60319469404999 -15.60319469404999 -15.60319469404999 -15.60319469404999 -15.60319469404999 -15.60319469404999 -15.60319469404999 -15.60319469404999
6.93467336683417 -15.602422444668615 -15.602422444668615 -15.602422444668615 -15.602422444668615 -15.602422444668615 -15.602422444668615 -15.602422444668615 -15.602422444668615 -15.602422444668615 -15.602422444668615 -15.602422444668615 -15.602422444668615 -15.602422444668615 -15.602422444668615 -15.602422444668615 -15.602422444668615 -15.602422444668615 -15.602422444668615 -15.602422444668615 -15.602422444668615 -15.602422444668615 -15.602422444668615 -15.602422444668615 -15.602422444668615 -15.602422444668615 -15.602422444668615 -15.602422444668615 -15.602422444668615 -15.602422444668615
7.010050251256281 -15.60165019528724 -15.60165019528724 -15.60165019528724 -15.60165019528724 -15.60165019528724 -15.60165019528724 -15.60165019528724 -15.60165019528724 -15.60165019528724 -15.60165019528724 -15.60165019528724 -15.60165019528724 -15.60165019528724 -15.60165019528724 -15.60165019528724 -15.60165019528724 -15.60165019528724 -15.60165019528724 -15.60165019528724 -15.60165019528724 -15.60165019528724 -15.60165019528724 -15.60165019528724 -15.60165019528724 -15.60165019528724 -15.60165019528724 -15.60165019528724 -15.60165019528724 -15.60165019528724
7.085427135678391 -15.600877945905864 -15.600877945905864 -15.600877945905864 -15.600877945905864 -15.600877945905864 -15.600877945905864 -15.600877945905864 -15.600877945905864 -15.600877945905864 -15.600877945905864 -15.600877945905864 -15.600877945905864 -15.600877945905864 -15.600877945905864 -15.600877945905864 -15.600877945905864 -15.600877945905864 -15.600877945905864 -15.600877945905864 -15.600877945905864 -15.600877945905864 -15.600877945905864 -15.600877945905864 -15.600877945905864 -15.600877945905864 -15.600877945905864 -15.600877945905864 -15.600877945905864 -15.600877945905864
7.160804020100501 -15.60010569652449 -15.60010569652449 -15.60010569652449 -15.60010569652449 -15.60010569652449 -15.60010569652449 -15.60010569652449 -15.60010569652449 -15.60010569652449 -15.60010569652449 -15.60010569652449 -15.60010569652449 -15.60010569652449 -15.60010569652449 -15.60010569652449 -15.60010569652449 -15.60010569652449 -15.60010569652449 -15.60010569652449 -15.60010569652449 -15.60010569652449 -15.60010569652449 -15.60010569652449 -15.60010569652449 -15.60010569652449 -15.60010569652449 -15.60010569652449 -15.60010569652449 -15.60010569652449
7.236180904522612 -15.599333447143115 -15.599333447143115 -15.599333447143115 -15.599333447143115 -15.599333447143115 -15.599333447143115 -15.599333447143115 -15.599333447143115 -15.599333447143115 -15.599333447143115 -15.599333447143115 -15.599333447143115 -15.599333447143115 -15.599333447143115 -15.599333447143115 -15.599333447143115 -15.599333447143115 -15.599333447143115 -15.599333447143115 -15.599333447143115 -15.599333447143115 -15.599333447143115 -15.599333447143115 -15.599333447143115 -15.599333447143115 -15.599333447143115 -15.599333447143115 -15.599333447143115 -15.599333447143115
7.311557788944723 -15.59856119776174 -15.59856119776174 -15.59856119776174 -15.59856119776174 -15.59856119776174 -15.59856119776174 -15.59856119776174 -15.59856119776174 -15.59856119776174 -15.59856119776174 -15.59856119776174 -15.59856119776174 -15.59856119776174 -15.59856119776174 -15.59856119776174 -15.59856119776174 -15.59856119776174 -15.59856119776174 -15.59856119776174 -15.59856119776174 -15.59856119776174 -15.59856119776174 -15.59856119776174 -15.59856119776174 -15.59856119776174 -15.59856119776174 -15.59856119776174 -15.59856119776174 -15.59856119776174
7.3869346733668335 -15.597788948380366 -15.597788948380366 -15.597788948380366 -15.597788948380366 -15.597788948380366 -15.597788948380366 -15.597788948380366 -15.597788948380366 -15.597788948380366 -15.597788948380366 -15.597788948380366 -15.597788948380366 -15.597788948380366 -15.597788948380366 -15.597788948380366 -15.597788948380366 -15.597788948380366 -15.597788948380366 -15.597788948380366 -15.597788948380366 -15.597788948380366 -15.597788948380366 -15.597788948380366 -15.597788948380366 -15.597788948380366 -15.597788948380366 -15.597788948380366 -15.597788948380366 -15.597788948380366
7.462311557788944 -15.59701669899899 -15.59701669899899 -15.59701669899899 -15.59701669899899 -15.59701669899899 -15.59701669899899 -15.59701669899899 -15.59701669899899 -15.59701669899899 -15.59701669899899 -15.59701669899899 -15.59701669899899 -15.59701669899899 -15.59701669899899 -15.59701669899899 -15.59701669899899 -15.59701669899899 -15.59701669899899 -15.59701669899899 -15.59701669899899 -15.59701669899899 -15.59701669899899 -15.59701669899899 -15.59701669899899 -15.59701669899899 -15.59701669899899 -15.59701669899899 -15.59701669899899 -15.59701669899899
7.537688442211055 -15.596244449617616 -15.596244449617616 -15.596244449617616 -15.596244449617616 -15.596244449617616 -15.596244449617616 -15.596244449617616 -15.596244449617616 -15.596244449617616 -15.596244449617616 -15.596244449617616 -15.596244449617616 -15.596244449617616 -15.596244449617616 -15.596244449617616 -15.596244449617616 -15.596244449617616 -15.596244449617616 -15.596244449617616 -15.596244449617616 -15.596244449617616 -15.596244449617616 -15.596244449617616 -15.596244449617616 -15.596244449617616 -15.596244449617616 -15.596244449617616 -15.596244449617616 -15.596244449617616
7.613065326633166 -15.595472200236241 -15.595472200236241 -15.595472200236241 -15.595472200236241 -15.595472200236241 -15.595472200236241 -15.595472200236241 -15.595472200236241 -15.595472200236241 -15.595472200236241 -15.595472200236241 -15.595472200236241 -15.595472200236241 -15.595472200236241 -15.595472200236241 -15.595472200236241 -15.595472200236241 -15.595472200236241 -15.595472200236241 -15.595472200236241 -15.595472200236241 -15.595472200236241 -15.595472200236241 -15.595472200236241 -15.595472200236241 -15.595472200236241 -15.595472200236241 -15.595472200236241 -15.595472200236241
7.688442211055276 -15.594699950854865 -15.594699950854865 -15.594699950854865 -15.594699950854865 -15.594699950854865 -15.594699950854865 -15.594699950854865 -15.594699950854865 -15.594699950854865 -15.594699950854865 -15.594699950854865 -15.594699950854865 -15.594699950854865 -15.594699950854865 -15.594699950854865 -15.594699950854865 -15.594699950854865 -15.594699950854865 -15.594699950854865 -15.594699950854865 -15.594699950854865 -15.594699950854865 -15.594699950854865 -15.594699950854865 -15.594699950854865 -15.594699950854865 -15.594699950854865 -15.594699950854865 -15.594699950854865
7.763819095477386 -15.593927701473492 -15.593927701473492 -15.593927701473492 -15.593927701473492 -15.593927701473492 -15.593927701473492 -15.593927701473492 -15.593927701473492 -15.593927701473492 -15.593927701473492 -15.593927701473492 -15.593927701473492 -15.593927701473492 -15.593927701473492 -15.593927701473492 -15.593927701473492 -15.593927701473492 -15.593927701473492 -15.593927701473492 -15.593927701473492 -15.593927701473492 -15.593927701473492 -15.593927701473492 -15.593927701473492 -15.593927701473492 -15.593927701473492 -15.593927701473492 -15.593927701473492 -15.593927701473492
7.839195979899497 -15.593155452092116 -15.593155452092116 -15.593155452092116 -15.593155452092116 -15.593155452092116 -15.593155452092116 -15.593155452092116 -15.593155452092116 -15.593155452092116 -15.593155452092116 -15.593155452092116 -15.593155452092116 -15.593155452092116 -15.593155452092116 -15.593155452092116 -15.593155452092116 -15.593155452092116 -15.593155452092116 -15.593155452092116 -15.593155452092116 -15.593155452092116 -15.593155452092116 -15.593155452092116 -15.593155452092116 -15.593155452092116 -15.593155452092116 -15.593155452092116 -15.593155452092116 -15.593155452092116
7.914572864321608 -15.592383202710742 -15.592383202710742 -15.592383202710742 -15.592383202710742 -15.592383202710742 -15.592383202710742 -15.592383202710742 -15.592383202710742 -15.592383202710742 -15.592383202710742 -15.592383202710742 -15.592383202710742 -15.592383202710742 -15.592383202710742 -15.592383202710742 -15.592383202710742 -15.592383202710742 -15.592383202710742 -15.592383202710742 -15.592383202710742 -15.592383202710742 -15.592383202710742 -15.592383202710742 -15.592383202710742 -15.592383202710742 -15.592383202710742 -15.592383202710742 -15.592383202710742 -15.592383202710742
7.989949748743718 -15.591610953329367 -15.591610953329367 -15.591610953329367 -15.591610953329367 -15.591610953329367 -15.591610953329367 -15.591610953329367 -15.591610953329367 -15.591610953329367 -15.591610953329367 -15.591610953329367 -15.591610953329367 -15.591610953329367 -15.591610953329367 -15.591610953329367 -15.591610953329367 -15.591610953329367 -15.591610953329367 -15.591610953329367 -15.591610953329367 -15.591610953329367 -15.591610953329367 -15.591610953329367 -15.591610953329367 -15.591610953329367 -15.591610953329367 -15.591610953329367 -15.591610953329367 -15.591610953329367
