web/models/linear/41/-15_673_0_003.dat
# %ECSV 1.0
# ---
# datatype:
# - {name: time, datatype: float64}
# - {name: sdss_u, datatype: float64}
# - {name: sdss_g, datatype: float64}
# - {name: sdss_r, datatype: float64}
# - {name: sdss_i, datatype: float64}
# - {name: sdss_z, datatype: float64}
# - {name: Clear, datatype: float64}
# - {name: johnson_B, datatype: float64}
# - {name: johnson_V, datatype: float64}
# - {name: johnson_R, datatype: float64}
# - {name: johnson_I, datatype: float64}
# - {name: ukirt_J, datatype: float64}
# - {name: ukirt_H, datatype: float64}
# - {name: ukirt_K, datatype: float64}
# meta: !!omap
# - comment: [M=-15.673469387755102, dM=0.0034589451300033724]
# schema: astropy-2.0
time sdss_u sdss_g sdss_r sdss_i sdss_z Clear johnson_B johnson_V johnson_R johnson_I ukirt_J ukirt_H ukirt_K
0.0 -15.673469387755102 -15.673469387755102 -15.673469387755102 -15.673469387755102 -15.673469387755102 -15.673469387755102 -15.673469387755102 -15.673469387755102 -15.673469387755102 -15.673469387755102 -15.673469387755102 -15.673469387755102 -15.673469387755102
0.07537688442211055 -15.673208663247815 -15.673208663247815 -15.673208663247815 -15.673208663247815 -15.673208663247815 -15.673208663247815 -15.673208663247815 -15.673208663247815 -15.673208663247815 -15.673208663247815 -15.673208663247815 -15.673208663247815 -15.673208663247815
0.1507537688442211 -15.672947938740528 -15.672947938740528 -15.672947938740528 -15.672947938740528 -15.672947938740528 -15.672947938740528 -15.672947938740528 -15.672947938740528 -15.672947938740528 -15.672947938740528 -15.672947938740528 -15.672947938740528 -15.672947938740528
0.22613065326633164 -15.67268721423324 -15.67268721423324 -15.67268721423324 -15.67268721423324 -15.67268721423324 -15.67268721423324 -15.67268721423324 -15.67268721423324 -15.67268721423324 -15.67268721423324 -15.67268721423324 -15.67268721423324 -15.67268721423324
0.3015075376884422 -15.672426489725956 -15.672426489725956 -15.672426489725956 -15.672426489725956 -15.672426489725956 -15.672426489725956 -15.672426489725956 -15.672426489725956 -15.672426489725956 -15.672426489725956 -15.672426489725956 -15.672426489725956 -15.672426489725956
0.37688442211055273 -15.672165765218669 -15.672165765218669 -15.672165765218669 -15.672165765218669 -15.672165765218669 -15.672165765218669 -15.672165765218669 -15.672165765218669 -15.672165765218669 -15.672165765218669 -15.672165765218669 -15.672165765218669 -15.672165765218669
0.4522613065326633 -15.671905040711382 -15.671905040711382 -15.671905040711382 -15.671905040711382 -15.671905040711382 -15.671905040711382 -15.671905040711382 -15.671905040711382 -15.671905040711382 -15.671905040711382 -15.671905040711382 -15.671905040711382 -15.671905040711382
0.5276381909547738 -15.671644316204095 -15.671644316204095 -15.671644316204095 -15.671644316204095 -15.671644316204095 -15.671644316204095 -15.671644316204095 -15.671644316204095 -15.671644316204095 -15.671644316204095 -15.671644316204095 -15.671644316204095 -15.671644316204095
0.6030150753768844 -15.671383591696808 -15.671383591696808 -15.671383591696808 -15.671383591696808 -15.671383591696808 -15.671383591696808 -15.671383591696808 -15.671383591696808 -15.671383591696808 -15.671383591696808 -15.671383591696808 -15.671383591696808 -15.671383591696808
0.6783919597989949 -15.67112286718952 -15.67112286718952 -15.67112286718952 -15.67112286718952 -15.67112286718952 -15.67112286718952 -15.67112286718952 -15.67112286718952 -15.67112286718952 -15.67112286718952 -15.67112286718952 -15.67112286718952 -15.67112286718952
0.7537688442211055 -15.670862142682235 -15.670862142682235 -15.670862142682235 -15.670862142682235 -15.670862142682235 -15.670862142682235 -15.670862142682235 -15.670862142682235 -15.670862142682235 -15.670862142682235 -15.670862142682235 -15.670862142682235 -15.670862142682235
0.829145728643216 -15.670601418174948 -15.670601418174948 -15.670601418174948 -15.670601418174948 -15.670601418174948 -15.670601418174948 -15.670601418174948 -15.670601418174948 -15.670601418174948 -15.670601418174948 -15.670601418174948 -15.670601418174948 -15.670601418174948
0.9045226130653266 -15.670340693667661 -15.670340693667661 -15.670340693667661 -15.670340693667661 -15.670340693667661 -15.670340693667661 -15.670340693667661 -15.670340693667661 -15.670340693667661 -15.670340693667661 -15.670340693667661 -15.670340693667661 -15.670340693667661
0.9798994974874371 -15.670079969160374 -15.670079969160374 -15.670079969160374 -15.670079969160374 -15.670079969160374 -15.670079969160374 -15.670079969160374 -15.670079969160374 -15.670079969160374 -15.670079969160374 -15.670079969160374 -15.670079969160374 -15.670079969160374
1.0552763819095476 -15.669819244653088 -15.669819244653088 -15.669819244653088 -15.669819244653088 -15.669819244653088 -15.669819244653088 -15.669819244653088 -15.669819244653088 -15.669819244653088 -15.669819244653088 -15.669819244653088 -15.669819244653088 -15.669819244653088
1.1306532663316582 -15.6695585201458 -15.6695585201458 -15.6695585201458 -15.6695585201458 -15.6695585201458 -15.6695585201458 -15.6695585201458 -15.6695585201458 -15.6695585201458 -15.6695585201458 -15.6695585201458 -15.6695585201458 -15.6695585201458
1.2060301507537687 -15.669297795638515 -15.669297795638515 -15.669297795638515 -15.669297795638515 -15.669297795638515 -15.669297795638515 -15.669297795638515 -15.669297795638515 -15.669297795638515 -15.669297795638515 -15.669297795638515 -15.669297795638515 -15.669297795638515
1.2814070351758793 -15.669037071131228 -15.669037071131228 -15.669037071131228 -15.669037071131228 -15.669037071131228 -15.669037071131228 -15.669037071131228 -15.669037071131228 -15.669037071131228 -15.669037071131228 -15.669037071131228 -15.669037071131228 -15.669037071131228
1.3567839195979898 -15.668776346623941 -15.668776346623941 -15.668776346623941 -15.668776346623941 -15.668776346623941 -15.668776346623941 -15.668776346623941 -15.668776346623941 -15.668776346623941 -15.668776346623941 -15.668776346623941 -15.668776346623941 -15.668776346623941
1.4321608040201004 -15.668515622116654 -15.668515622116654 -15.668515622116654 -15.668515622116654 -15.668515622116654 -15.668515622116654 -15.668515622116654 -15.668515622116654 -15.668515622116654 -15.668515622116654 -15.668515622116654 -15.668515622116654 -15.668515622116654
1.507537688442211 -15.668254897609367 -15.668254897609367 -15.668254897609367 -15.668254897609367 -15.668254897609367 -15.668254897609367 -15.668254897609367 -15.668254897609367 -15.668254897609367 -15.668254897609367 -15.668254897609367 -15.668254897609367 -15.668254897609367
1.5829145728643215 -15.66799417310208 -15.66799417310208 -15.66799417310208 -15.66799417310208 -15.66799417310208 -15.66799417310208 -15.66799417310208 -15.66799417310208 -15.66799417310208 -15.66799417310208 -15.66799417310208 -15.66799417310208 -15.66799417310208
1.658291457286432 -15.667733448594795 -15.667733448594795 -15.667733448594795 -15.667733448594795 -15.667733448594795 -15.667733448594795 -15.667733448594795 -15.667733448594795 -15.667733448594795 -15.667733448594795 -15.667733448594795 -15.667733448594795 -15.667733448594795
1.7336683417085426 -15.667472724087508 -15.667472724087508 -15.667472724087508 -15.667472724087508 -15.667472724087508 -15.667472724087508 -15.667472724087508 -15.667472724087508 -15.667472724087508 -15.667472724087508 -15.667472724087508 -15.667472724087508 -15.667472724087508
1.809045226130653 -15.667211999580221 -15.667211999580221 -15.667211999580221 -15.667211999580221 -15.667211999580221 -15.667211999580221 -15.667211999580221 -15.667211999580221 -15.667211999580221 -15.667211999580221 -15.667211999580221 -15.667211999580221 -15.667211999580221
1.8844221105527637 -15.666951275072934 -15.666951275072934 -15.666951275072934 -15.666951275072934 -15.666951275072934 -15.666951275072934 -15.666951275072934 -15.666951275072934 -15.666951275072934 -15.666951275072934 -15.666951275072934 -15.666951275072934 -15.666951275072934
1.9597989949748742 -15.666690550565647 -15.666690550565647 -15.666690550565647 -15.666690550565647 -15.666690550565647 -15.666690550565647 -15.666690550565647 -15.666690550565647 -15.666690550565647 -15.666690550565647 -15.666690550565647 -15.666690550565647 -15.666690550565647
2.0351758793969847 -15.66642982605836 -15.66642982605836 -15.66642982605836 -15.66642982605836 -15.66642982605836 -15.66642982605836 -15.66642982605836 -15.66642982605836 -15.66642982605836 -15.66642982605836 -15.66642982605836 -15.66642982605836 -15.66642982605836
2.1105527638190953 -15.666169101551075 -15.666169101551075 -15.666169101551075 -15.666169101551075 -15.666169101551075 -15.666169101551075 -15.666169101551075 -15.666169101551075 -15.666169101551075 -15.666169101551075 -15.666169101551075 -15.666169101551075 -15.666169101551075
2.185929648241206 -15.665908377043788 -15.665908377043788 -15.665908377043788 -15.665908377043788 -15.665908377043788 -15.665908377043788 -15.665908377043788 -15.665908377043788 -15.665908377043788 -15.665908377043788 -15.665908377043788 -15.665908377043788 -15.665908377043788
2.2613065326633164 -15.665647652536501 -15.665647652536501 -15.665647652536501 -15.665647652536501 -15.665647652536501 -15.665647652536501 -15.665647652536501 -15.665647652536501 -15.665647652536501 -15.665647652536501 -15.665647652536501 -15.665647652536501 -15.665647652536501
2.336683417085427 -15.665386928029214 -15.665386928029214 -15.665386928029214 -15.665386928029214 -15.665386928029214 -15.665386928029214 -15.665386928029214 -15.665386928029214 -15.665386928029214 -15.665386928029214 -15.665386928029214 -15.665386928029214 -15.665386928029214
2.4120603015075375 -15.665126203521927 -15.665126203521927 -15.665126203521927 -15.665126203521927 -15.665126203521927 -15.665126203521927 -15.665126203521927 -15.665126203521927 -15.665126203521927 -15.665126203521927 -15.665126203521927 -15.665126203521927 -15.665126203521927
2.487437185929648 -15.66486547901464 -15.66486547901464 -15.66486547901464 -15.66486547901464 -15.66486547901464 -15.66486547901464 -15.66486547901464 -15.66486547901464 -15.66486547901464 -15.66486547901464 -15.66486547901464 -15.66486547901464 -15.66486547901464
2.5628140703517586 -15.664604754507355 -15.664604754507355 -15.664604754507355 -15.664604754507355 -15.664604754507355 -15.664604754507355 -15.664604754507355 -15.664604754507355 -15.664604754507355 -15.664604754507355 -15.664604754507355 -15.664604754507355 -15.664604754507355
2.638190954773869 -15.664344030000068 -15.664344030000068 -15.664344030000068 -15.664344030000068 -15.664344030000068 -15.664344030000068 -15.664344030000068 -15.664344030000068 -15.664344030000068 -15.664344030000068 -15.664344030000068 -15.664344030000068 -15.664344030000068
2.7135678391959797 -15.664083305492781 -15.664083305492781 -15.664083305492781 -15.664083305492781 -15.664083305492781 -15.664083305492781 -15.664083305492781 -15.664083305492781 -15.664083305492781 -15.664083305492781 -15.664083305492781 -15.664083305492781 -15.664083305492781
2.78894472361809 -15.663822580985494 -15.663822580985494 -15.663822580985494 -15.663822580985494 -15.663822580985494 -15.663822580985494 -15.663822580985494 -15.663822580985494 -15.663822580985494 -15.663822580985494 -15.663822580985494 -15.663822580985494 -15.663822580985494
2.8643216080402008 -15.663561856478207 -15.663561856478207 -15.663561856478207 -15.663561856478207 -15.663561856478207 -15.663561856478207 -15.663561856478207 -15.663561856478207 -15.663561856478207 -15.663561856478207 -15.663561856478207 -15.663561856478207 -15.663561856478207
2.9396984924623113 -15.66330113197092 -15.66330113197092 -15.66330113197092 -15.66330113197092 -15.66330113197092 -15.66330113197092 -15.66330113197092 -15.66330113197092 -15.66330113197092 -15.66330113197092 -15.66330113197092 -15.66330113197092 -15.66330113197092
3.015075376884422 -15.663040407463635 -15.663040407463635 -15.663040407463635 -15.663040407463635 -15.663040407463635 -15.663040407463635 -15.663040407463635 -15.663040407463635 -15.663040407463635 -15.663040407463635 -15.663040407463635 -15.663040407463635 -15.663040407463635
3.0904522613065324 -15.662779682956348 -15.662779682956348 -15.662779682956348 -15.662779682956348 -15.662779682956348 -15.662779682956348 -15.662779682956348 -15.662779682956348 -15.662779682956348 -15.662779682956348 -15.662779682956348 -15.662779682956348 -15.662779682956348
3.165829145728643 -15.662518958449061 -15.662518958449061 -15.662518958449061 -15.662518958449061 -15.662518958449061 -15.662518958449061 -15.662518958449061 -15.662518958449061 -15.662518958449061 -15.662518958449061 -15.662518958449061 -15.662518958449061 -15.662518958449061
3.2412060301507535 -15.662258233941774 -15.662258233941774 -15.662258233941774 -15.662258233941774 -15.662258233941774 -15.662258233941774 -15.662258233941774 -15.662258233941774 -15.662258233941774 -15.662258233941774 -15.662258233941774 -15.662258233941774 -15.662258233941774
3.316582914572864 -15.661997509434487 -15.661997509434487 -15.661997509434487 -15.661997509434487 -15.661997509434487 -15.661997509434487 -15.661997509434487 -15.661997509434487 -15.661997509434487 -15.661997509434487 -15.661997509434487 -15.661997509434487 -15.661997509434487
3.3919597989949746 -15.6617367849272 -15.6617367849272 -15.6617367849272 -15.6617367849272 -15.6617367849272 -15.6617367849272 -15.6617367849272 -15.6617367849272 -15.6617367849272 -15.6617367849272 -15.6617367849272 -15.6617367849272 -15.6617367849272
3.467336683417085 -15.661476060419915 -15.661476060419915 -15.661476060419915 -15.661476060419915 -15.661476060419915 -15.661476060419915 -15.661476060419915 -15.661476060419915 -15.661476060419915 -15.661476060419915 -15.661476060419915 -15.661476060419915 -15.661476060419915
3.5427135678391957 -15.661215335912628 -15.661215335912628 -15.661215335912628 -15.661215335912628 -15.661215335912628 -15.661215335912628 -15.661215335912628 -15.661215335912628 -15.661215335912628 -15.661215335912628 -15.661215335912628 -15.661215335912628 -15.661215335912628
3.618090452261306 -15.66095461140534 -15.66095461140534 -15.66095461140534 -15.66095461140534 -15.66095461140534 -15.66095461140534 -15.66095461140534 -15.66095461140534 -15.66095461140534 -15.66095461140534 -15.66095461140534 -15.66095461140534 -15.66095461140534
3.6934673366834168 -15.660693886898054 -15.660693886898054 -15.660693886898054 -15.660693886898054 -15.660693886898054 -15.660693886898054 -15.660693886898054 -15.660693886898054 -15.660693886898054 -15.660693886898054 -15.660693886898054 -15.660693886898054 -15.660693886898054
3.7688442211055273 -15.660433162390767 -15.660433162390767 -15.660433162390767 -15.660433162390767 -15.660433162390767 -15.660433162390767 -15.660433162390767 -15.660433162390767 -15.660433162390767 -15.660433162390767 -15.660433162390767 -15.660433162390767 -15.660433162390767
3.844221105527638 -15.66017243788348 -15.66017243788348 -15.66017243788348 -15.66017243788348 -15.66017243788348 -15.66017243788348 -15.66017243788348 -15.66017243788348 -15.66017243788348 -15.66017243788348 -15.66017243788348 -15.66017243788348 -15.66017243788348
3.9195979899497484 -15.659911713376195 -15.659911713376195 -15.659911713376195 -15.659911713376195 -15.659911713376195 -15.659911713376195 -15.659911713376195 -15.659911713376195 -15.659911713376195 -15.659911713376195 -15.659911713376195 -15.659911713376195 -15.659911713376195
3.994974874371859 -15.659650988868908 -15.659650988868908 -15.659650988868908 -15.659650988868908 -15.659650988868908 -15.659650988868908 -15.659650988868908 -15.659650988868908 -15.659650988868908 -15.659650988868908 -15.659650988868908 -15.659650988868908 -15.659650988868908
4.0703517587939695 -15.65939026436162 -15.65939026436162 -15.65939026436162 -15.65939026436162 -15.65939026436162 -15.65939026436162 -15.65939026436162 -15.65939026436162 -15.65939026436162 -15.65939026436162 -15.65939026436162 -15.65939026436162 -15.65939026436162
4.14572864321608 -15.659129539854334 -15.659129539854334 -15.659129539854334 -15.659129539854334 -15.659129539854334 -15.659129539854334 -15.659129539854334 -15.659129539854334 -15.659129539854334 -15.659129539854334 -15.659129539854334 -15.659129539854334 -15.659129539854334
4.221105527638191 -15.658868815347047 -15.658868815347047 -15.658868815347047 -15.658868815347047 -15.658868815347047 -15.658868815347047 -15.658868815347047 -15.658868815347047 -15.658868815347047 -15.658868815347047 -15.658868815347047 -15.658868815347047 -15.658868815347047
4.296482412060302 -15.65860809083976 -15.65860809083976 -15.65860809083976 -15.65860809083976 -15.65860809083976 -15.65860809083976 -15.65860809083976 -15.65860809083976 -15.65860809083976 -15.65860809083976 -15.65860809083976 -15.65860809083976 -15.65860809083976
