web/models/linear/41/-15_673_0_012.dat
# %ECSV 1.0
# ---
# datatype:
# - {name: time, datatype: float64}
# - {name: swift_uvot_uvw2, datatype: float64}
# - {name: swift_uvot_uvm2, datatype: float64}
# - {name: swift_uvot_uvw1, datatype: float64}
# - {name: swift_uvot_U, datatype: float64}
# - {name: swift_uvot_B, datatype: float64}
# - {name: swift_uvot_V, datatype: float64}
# - {name: swift_uvot_W, datatype: float64}
# - {name: johnson_U, datatype: float64}
# - {name: johnson_B, datatype: float64}
# - {name: johnson_V, datatype: float64}
# - {name: johnson_R, datatype: float64}
# - {name: johnson_I, datatype: float64}
# - {name: sdss_u, datatype: float64}
# - {name: sdss_g, datatype: float64}
# - {name: sdss_r, datatype: float64}
# - {name: sdss_i, datatype: float64}
# - {name: sdss_z, datatype: float64}
# - {name: PS1_g, datatype: float64}
# - {name: PS1_r, datatype: float64}
# - {name: PS1_i, datatype: float64}
# - {name: PS1_z, datatype: float64}
# - {name: PS1_Y, datatype: float64}
# - {name: PS1_w, datatype: float64}
# - {name: ATLAS_c, datatype: float64}
# - {name: ATLAS_o, datatype: float64}
# - {name: ukirt_J, datatype: float64}
# - {name: ukirt_H, datatype: float64}
# - {name: ukirt_K, datatype: float64}
# - {name: Clear, datatype: float64}
# meta: !!omap
# - comment: [M=-15.673469387755102, dM=0.011964301412374053]
# schema: astropy-2.0
time swift_uvot_uvw2 swift_uvot_uvm2 swift_uvot_uvw1 swift_uvot_U swift_uvot_B swift_uvot_V swift_uvot_W johnson_U johnson_B johnson_V johnson_R johnson_I sdss_u sdss_g sdss_r sdss_i sdss_z PS1_g PS1_r PS1_i PS1_z PS1_Y PS1_w ATLAS_c ATLAS_o ukirt_J ukirt_H ukirt_K Clear
[from data line 82]
6.180904522613065 -15.599519183045453 -15.599519183045453 -15.599519183045453 -15.599519183045453 -15.599519183045453 -15.599519183045453 -15.599519183045453 -15.599519183045453 -15.599519183045453 -15.599519183045453 -15.599519183045453 -15.599519183045453 -15.599519183045453 -15.599519183045453 -15.599519183045453 -15.599519183045453 -15.599519183045453 -15.599519183045453 -15.599519183045453 -15.599519183045453 -15.599519183045453 -15.599519183045453 -15.599519183045453 -15.599519183045453 -15.599519183045453 -15.599519183045453 -15.599519183045453 -15.599519183045453 -15.599519183045453
6.256281407035175 -15.598617351280701 -15.598617351280701 -15.598617351280701 -15.598617351280701 -15.598617351280701 -15.598617351280701 -15.598617351280701 -15.598617351280701 -15.598617351280701 -15.598617351280701 -15.598617351280701 -15.598617351280701 -15.598617351280701 -15.598617351280701 -15.598617351280701 -15.598617351280701 -15.598617351280701 -15.598617351280701 -15.598617351280701 -15.598617351280701 -15.598617351280701 -15.598617351280701 -15.598617351280701 -15.598617351280701 -15.598617351280701 -15.598617351280701 -15.598617351280701 -15.598617351280701 -15.598617351280701
6.331658291457286 -15.59771551951595 -15.59771551951595 -15.59771551951595 -15.59771551951595 -15.59771551951595 -15.59771551951595 -15.59771551951595 -15.59771551951595 -15.59771551951595 -15.59771551951595 -15.59771551951595 -15.59771551951595 -15.59771551951595 -15.59771551951595 -15.59771551951595 -15.59771551951595 -15.59771551951595 -15.59771551951595 -15.59771551951595 -15.59771551951595 -15.59771551951595 -15.59771551951595 -15.59771551951595 -15.59771551951595 -15.59771551951595 -15.59771551951595 -15.59771551951595 -15.59771551951595 -15.59771551951595
6.407035175879397 -15.596813687751197 -15.596813687751197 -15.596813687751197 -15.596813687751197 -15.596813687751197 -15.596813687751197 -15.596813687751197 -15.596813687751197 -15.596813687751197 -15.596813687751197 -15.596813687751197 -15.596813687751197 -15.596813687751197 -15.596813687751197 -15.596813687751197 -15.596813687751197 -15.596813687751197 -15.596813687751197 -15.596813687751197 -15.596813687751197 -15.596813687751197 -15.596813687751197 -15.596813687751197 -15.596813687751197 -15.596813687751197 -15.596813687751197 -15.596813687751197 -15.596813687751197 -15.596813687751197
6.482412060301507 -15.595911855986445 -15.595911855986445 -15.595911855986445 -15.595911855986445 -15.595911855986445 -15.595911855986445 -15.595911855986445 -15.595911855986445 -15.595911855986445 -15.595911855986445 -15.595911855986445 -15.595911855986445 -15.595911855986445 -15.595911855986445 -15.595911855986445 -15.595911855986445 -15.595911855986445 -15.595911855986445 -15.595911855986445 -15.595911855986445 -15.595911855986445 -15.595911855986445 -15.595911855986445 -15.595911855986445 -15.595911855986445 -15.595911855986445 -15.595911855986445 -15.595911855986445 -15.595911855986445
6.557788944723617 -15.595010024221693 -15.595010024221693 -15.595010024221693 -15.595010024221693 -15.595010024221693 -15.595010024221693 -15.595010024221693 -15.595010024221693 -15.595010024221693 -15.595010024221693 -15.595010024221693 -15.595010024221693 -15.595010024221693 -15.595010024221693 -15.595010024221693 -15.595010024221693 -15.595010024221693 -15.595010024221693 -15.595010024221693 -15.595010024221693 -15.595010024221693 -15.595010024221693 -15.595010024221693 -15.595010024221693 -15.595010024221693 -15.595010024221693 -15.595010024221693 -15.595010024221693 -15.595010024221693
6.633165829145728 -15.594108192456941 -15.594108192456941 -15.594108192456941 -15.594108192456941 -15.594108192456941 -15.594108192456941 -15.594108192456941 -15.594108192456941 -15.594108192456941 -15.594108192456941 -15.594108192456941 -15.594108192456941 -15.594108192456941 -15.594108192456941 -15.594108192456941 -15.594108192456941 -15.594108192456941 -15.594108192456941 -15.594108192456941 -15.594108192456941 -15.594108192456941 -15.594108192456941 -15.594108192456941 -15.594108192456941 -15.594108192456941 -15.594108192456941 -15.594108192456941 -15.594108192456941 -15.594108192456941
6.708542713567839 -15.593206360692191 -15.593206360692191 -15.593206360692191 -15.593206360692191 -15.593206360692191 -15.593206360692191 -15.593206360692191 -15.593206360692191 -15.593206360692191 -15.593206360692191 -15.593206360692191 -15.593206360692191 -15.593206360692191 -15.593206360692191 -15.593206360692191 -15.593206360692191 -15.593206360692191 -15.593206360692191 -15.593206360692191 -15.593206360692191 -15.593206360692191 -15.593206360692191 -15.593206360692191 -15.593206360692191 -15.593206360692191 -15.593206360692191 -15.593206360692191 -15.593206360692191 -15.593206360692191
6.783919597989949 -15.59230452892744 -15.59230452892744 -15.59230452892744 -15.59230452892744 -15.59230452892744 -15.59230452892744 -15.59230452892744 -15.59230452892744 -15.59230452892744 -15.59230452892744 -15.59230452892744 -15.59230452892744 -15.59230452892744 -15.59230452892744 -15.59230452892744 -15.59230452892744 -15.59230452892744 -15.59230452892744 -15.59230452892744 -15.59230452892744 -15.59230452892744 -15.59230452892744 -15.59230452892744 -15.59230452892744 -15.59230452892744 -15.59230452892744 -15.59230452892744 -15.59230452892744 -15.59230452892744
6.859296482412059 -15.591402697162687 -15.591402697162687 -15.591402697162687 -15.591402697162687 -15.591402697162687 -15.591402697162687 -15.591402697162687 -15.591402697162687 -15.591402697162687 -15.591402697162687 -15.591402697162687 -15.591402697162687 -15.591402697162687 -15.591402697162687 -15.591402697162687 -15.591402697162687 -15.591402697162687 -15.591402697162687 -15.591402697162687 -15.591402697162687 -15.591402697162687 -15.591402697162687 -15.591402697162687 -15.591402697162687 -15.591402697162687 -15.591402697162687 -15.591402697162687 -15.591402697162687 -15.591402697162687
6.93467336683417 -15.590500865397935 -15.590500865397935 -15.590500865397935 -15.590500865397935 -15.590500865397935 -15.590500865397935 -15.590500865397935 -15.590500865397935 -15.590500865397935 -15.590500865397935 -15.590500865397935 -15.590500865397935 -15.590500865397935 -15.590500865397935 -15.590500865397935 -15.590500865397935 -15.590500865397935 -15.590500865397935 -15.590500865397935 -15.590500865397935 -15.590500865397935 -15.590500865397935 -15.590500865397935 -15.590500865397935 -15.590500865397935 -15.590500865397935 -15.590500865397935 -15.590500865397935 -15.590500865397935
7.010050251256281 -15.589599033633183 -15.589599033633183 -15.589599033633183 -15.589599033633183 -15.589599033633183 -15.589599033633183 -15.589599033633183 -15.589599033633183 -15.589599033633183 -15.589599033633183 -15.589599033633183 -15.589599033633183 -15.589599033633183 -15.589599033633183 -15.589599033633183 -15.589599033633183 -15.589599033633183 -15.589599033633183 -15.589599033633183 -15.589599033633183 -15.589599033633183 -15.589599033633183 -15.589599033633183 -15.589599033633183 -15.589599033633183 -15.589599033633183 -15.589599033633183 -15.589599033633183 -15.589599033633183
7.085427135678391 -15.588697201868431 -15.588697201868431 -15.588697201868431 -15.588697201868431 -15.588697201868431 -15.588697201868431 -15.588697201868431 -15.588697201868431 -15.588697201868431 -15.588697201868431 -15.588697201868431 -15.588697201868431 -15.588697201868431 -15.588697201868431 -15.588697201868431 -15.588697201868431 -15.588697201868431 -15.588697201868431 -15.588697201868431 -15.588697201868431 -15.588697201868431 -15.588697201868431 -15.588697201868431 -15.588697201868431 -15.588697201868431 -15.588697201868431 -15.588697201868431 -15.588697201868431 -15.588697201868431
7.160804020100501 -15.587795370103679 -15.587795370103679 -15.587795370103679 -15.587795370103679 -15.587795370103679 -15.587795370103679 -15.587795370103679 -15.587795370103679 -15.587795370103679 -15.587795370103679 -15.587795370103679 -15.587795370103679 -15.587795370103679 -15.587795370103679 -15.587795370103679 -15.587795370103679 -15.587795370103679 -15.587795370103679 -15.587795370103679 -15.587795370103679 -15.587795370103679 -15.587795370103679 -15.587795370103679 -15.587795370103679 -15.587795370103679 -15.587795370103679 -15.587795370103679 -15.587795370103679 -15.587795370103679
7.236180904522612 -15.586893538338927 -15.586893538338927 -15.586893538338927 -15.586893538338927 -15.586893538338927 -15.586893538338927 -15.586893538338927 -15.586893538338927 -15.586893538338927 -15.586893538338927 -15.586893538338927 -15.586893538338927 -15.586893538338927 -15.586893538338927 -15.586893538338927 -15.586893538338927 -15.586893538338927 -15.586893538338927 -15.586893538338927 -15.586893538338927 -15.586893538338927 -15.586893538338927 -15.586893538338927 -15.586893538338927 -15.586893538338927 -15.586893538338927 -15.586893538338927 -15.586893538338927 -15.586893538338927
7.311557788944723 -15.585991706574175 -15.585991706574175 -15.585991706574175 -15.585991706574175 -15.585991706574175 -15.585991706574175 -15.585991706574175 -15.585991706574175 -15.585991706574175 -15.585991706574175 -15.585991706574175 -15.585991706574175 -15.585991706574175 -15.585991706574175 -15.585991706574175 -15.585991706574175 -15.585991706574175 -15.585991706574175 -15.585991706574175 -15.585991706574175 -15.585991706574175 -15.585991706574175 -15.585991706574175 -15.585991706574175 -15.585991706574175 -15.585991706574175 -15.585991706574175 -15.585991706574175 -15.585991706574175
7.3869346733668335 -15.585089874809425 -15.585089874809425 -15.585089874809425 -15.585089874809425 -15.585089874809425 -15.585089874809425 -15.585089874809425 -15.585089874809425 -15.585089874809425 -15.585089874809425 -15.585089874809425 -15.585089874809425 -15.585089874809425 -15.585089874809425 -15.585089874809425 -15.585089874809425 -15.585089874809425 -15.585089874809425 -15.585089874809425 -15.585089874809425 -15.585089874809425 -15.585089874809425 -15.585089874809425 -15.585089874809425 -15.585089874809425 -15.585089874809425 -15.585089874809425 -15.585089874809425 -15.585089874809425
7.462311557788944 -15.584188043044673 -15.584188043044673 -15.584188043044673 -15.584188043044673 -15.584188043044673 -15.584188043044673 -15.584188043044673 -15.584188043044673 -15.584188043044673 -15.584188043044673 -15.584188043044673 -15.584188043044673 -15.584188043044673 -15.584188043044673 -15.584188043044673 -15.584188043044673 -15.584188043044673 -15.584188043044673 -15.584188043044673 -15.584188043044673 -15.584188043044673 -15.584188043044673 -15.584188043044673 -15.584188043044673 -15.584188043044673 -15.584188043044673 -15.584188043044673 -15.584188043044673 -15.584188043044673
7.537688442211055 -15.58328621127992 -15.58328621127992 -15.58328621127992 -15.58328621127992 -15.58328621127992 -15.58328621127992 -15.58328621127992 -15.58328621127992 -15.58328621127992 -15.58328621127992 -15.58328621127992 -15.58328621127992 -15.58328621127992 -15.58328621127992 -15.58328621127992 -15.58328621127992 -15.58328621127992 -15.58328621127992 -15.58328621127992 -15.58328621127992 -15.58328621127992 -15.58328621127992 -15.58328621127992 -15.58328621127992 -15.58328621127992 -15.58328621127992 -15.58328621127992 -15.58328621127992 -15.58328621127992
7.613065326633166 -15.582384379515169 -15.582384379515169 -15.582384379515169 -15.582384379515169 -15.582384379515169 -15.582384379515169 -15.582384379515169 -15.582384379515169 -15.582384379515169 -15.582384379515169 -15.582384379515169 -15.582384379515169 -15.582384379515169 -15.582384379515169 -15.582384379515169 -15.582384379515169 -15.582384379515169 -15.582384379515169 -15.582384379515169 -15.582384379515169 -15.582384379515169 -15.582384379515169 -15.582384379515169 -15.582384379515169 -15.582384379515169 -15.582384379515169 -15.582384379515169 -15.582384379515169 -15.582384379515169
7.688442211055276 -15.581482547750417 -15.581482547750417 -15.581482547750417 -15.581482547750417 -15.581482547750417 -15.581482547750417 -15.581482547750417 -15.581482547750417 -15.581482547750417 -15.581482547750417 -15.581482547750417 -15.581482547750417 -15.581482547750417 -15.581482547750417 -15.581482547750417 -15.581482547750417 -15.581482547750417 -15.581482547750417 -15.581482547750417 -15.581482547750417 -15.581482547750417 -15.581482547750417 -15.581482547750417 -15.581482547750417 -15.581482547750417 -15.581482547750417 -15.581482547750417 -15.581482547750417 -15.581482547750417
7.763819095477386 -15.580580715985665 -15.580580715985665 -15.580580715985665 -15.580580715985665 -15.580580715985665 -15.580580715985665 -15.580580715985665 -15.580580715985665 -15.580580715985665 -15.580580715985665 -15.580580715985665 -15.580580715985665 -15.580580715985665 -15.580580715985665 -15.580580715985665 -15.580580715985665 -15.580580715985665 -15.580580715985665 -15.580580715985665 -15.580580715985665 -15.580580715985665 -15.580580715985665 -15.580580715985665 -15.580580715985665 -15.580580715985665 -15.580580715985665 -15.580580715985665 -15.580580715985665 -15.580580715985665
7.839195979899497 -15.579678884220913 -15.579678884220913 -15.579678884220913 -15.579678884220913 -15.579678884220913 -15.579678884220913 -15.579678884220913 -15.579678884220913 -15.579678884220913 -15.579678884220913 -15.579678884220913 -15.579678884220913 -15.579678884220913 -15.579678884220913 -15.579678884220913 -15.579678884220913 -15.579678884220913 -15.579678884220913 -15.579678884220913 -15.579678884220913 -15.579678884220913 -15.579678884220913 -15.579678884220913 -15.579678884220913 -15.579678884220913 -15.579678884220913 -15.579678884220913 -15.579678884220913 -15.579678884220913
7.914572864321608 -15.57877705245616 -15.57877705245616 -15.57877705245616 -15.57877705245616 -15.57877705245616 -15.57877705245616 -15.57877705245616 -15.57877705245616 -15.57877705245616 -15.57877705245616 -15.57877705245616 -15.57877705245616 -15.57877705245616 -15.57877705245616 -15.57877705245616 -15.57877705245616 -15.57877705245616 -15.57877705245616 -15.57877705245616 -15.57877705245616 -15.57877705245616 -15.57877705245616 -15.57877705245616 -15.57877705245616 -15.57877705245616 -15.57877705245616 -15.57877705245616 -15.57877705245616 -15.57877705245616
7.989949748743718 -15.577875220691409 -15.577875220691409 -15.577875220691409 -15.577875220691409 -15.577875220691409 -15.577875220691409 -15.577875220691409 -15.577875220691409 -15.577875220691409 -15.577875220691409 -15.577875220691409 -15.577875220691409 -15.577875220691409 -15.577875220691409 -15.577875220691409 -15.577875220691409 -15.577875220691409 -15.577875220691409 -15.577875220691409 -15.577875220691409 -15.577875220691409 -15.577875220691409 -15.577875220691409 -15.577875220691409 -15.577875220691409 -15.577875220691409 -15.577875220691409 -15.577875220691409 -15.577875220691409
