web/models/linear/93/-20_449_0_009.dat
# %ECSV 1.0
# ---
# datatype:
# - {name: time, datatype: float64}
# - {name: sdss_u, datatype: float64}
# - {name: sdss_g, datatype: float64}
# - {name: sdss_r, datatype: float64}
# - {name: sdss_i, datatype: float64}
# - {name: sdss_z, datatype: float64}
# - {name: Clear, datatype: float64}
# - {name: johnson_B, datatype: float64}
# - {name: johnson_V, datatype: float64}
# - {name: johnson_R, datatype: float64}
# - {name: johnson_I, datatype: float64}
# - {name: ukirt_J, datatype: float64}
# - {name: ukirt_H, datatype: float64}
# - {name: ukirt_K, datatype: float64}
# meta: !!omap
# - comment: [M=-20.448979591836736, dM=0.008773066621237415]
# schema: astropy-2.0
time sdss_u sdss_g sdss_r sdss_i sdss_z Clear johnson_B johnson_V johnson_R johnson_I ukirt_J ukirt_H ukirt_K
0.0 -20.448979591836736 -20.448979591836736 -20.448979591836736 -20.448979591836736 -20.448979591836736 -20.448979591836736 -20.448979591836736 -20.448979591836736 -20.448979591836736 -20.448979591836736 -20.448979591836736 -20.448979591836736 -20.448979591836736
0.07537688442211055 -20.448318305407998 -20.448318305407998 -20.448318305407998 -20.448318305407998 -20.448318305407998 -20.448318305407998 -20.448318305407998 -20.448318305407998 -20.448318305407998 -20.448318305407998 -20.448318305407998 -20.448318305407998 -20.448318305407998
0.1507537688442211 -20.447657018979264 -20.447657018979264 -20.447657018979264 -20.447657018979264 -20.447657018979264 -20.447657018979264 -20.447657018979264 -20.447657018979264 -20.447657018979264 -20.447657018979264 -20.447657018979264 -20.447657018979264 -20.447657018979264
0.22613065326633164 -20.446995732550526 -20.446995732550526 -20.446995732550526 -20.446995732550526 -20.446995732550526 -20.446995732550526 -20.446995732550526 -20.446995732550526 -20.446995732550526 -20.446995732550526 -20.446995732550526 -20.446995732550526 -20.446995732550526
0.3015075376884422 -20.44633444612179 -20.44633444612179 -20.44633444612179 -20.44633444612179 -20.44633444612179 -20.44633444612179 -20.44633444612179 -20.44633444612179 -20.44633444612179 -20.44633444612179 -20.44633444612179 -20.44633444612179 -20.44633444612179
0.37688442211055273 -20.445673159693055 -20.445673159693055 -20.445673159693055 -20.445673159693055 -20.445673159693055 -20.445673159693055 -20.445673159693055 -20.445673159693055 -20.445673159693055 -20.445673159693055 -20.445673159693055 -20.445673159693055 -20.445673159693055
0.4522613065326633 -20.445011873264317 -20.445011873264317 -20.445011873264317 -20.445011873264317 -20.445011873264317 -20.445011873264317 -20.445011873264317 -20.445011873264317 -20.445011873264317 -20.445011873264317 -20.445011873264317 -20.445011873264317 -20.445011873264317
0.5276381909547738 -20.44435058683558 -20.44435058683558 -20.44435058683558 -20.44435058683558 -20.44435058683558 -20.44435058683558 -20.44435058683558 -20.44435058683558 -20.44435058683558 -20.44435058683558 -20.44435058683558 -20.44435058683558 -20.44435058683558
0.6030150753768844 -20.443689300406845 -20.443689300406845 -20.443689300406845 -20.443689300406845 -20.443689300406845 -20.443689300406845 -20.443689300406845 -20.443689300406845 -20.443689300406845 -20.443689300406845 -20.443689300406845 -20.443689300406845 -20.443689300406845
0.6783919597989949 -20.443028013978108 -20.443028013978108 -20.443028013978108 -20.443028013978108 -20.443028013978108 -20.443028013978108 -20.443028013978108 -20.443028013978108 -20.443028013978108 -20.443028013978108 -20.443028013978108 -20.443028013978108 -20.443028013978108
0.7537688442211055 -20.44236672754937 -20.44236672754937 -20.44236672754937 -20.44236672754937 -20.44236672754937 -20.44236672754937 -20.44236672754937 -20.44236672754937 -20.44236672754937 -20.44236672754937 -20.44236672754937 -20.44236672754937 -20.44236672754937
0.829145728643216 -20.441705441120636 -20.441705441120636 -20.441705441120636 -20.441705441120636 -20.441705441120636 -20.441705441120636 -20.441705441120636 -20.441705441120636 -20.441705441120636 -20.441705441120636 -20.441705441120636 -20.441705441120636 -20.441705441120636
0.9045226130653266 -20.441044154691898 -20.441044154691898 -20.441044154691898 -20.441044154691898 -20.441044154691898 -20.441044154691898 -20.441044154691898 -20.441044154691898 -20.441044154691898 -20.441044154691898 -20.441044154691898 -20.441044154691898 -20.441044154691898
0.9798994974874371 -20.44038286826316 -20.44038286826316 -20.44038286826316 -20.44038286826316 -20.44038286826316 -20.44038286826316 -20.44038286826316 -20.44038286826316 -20.44038286826316 -20.44038286826316 -20.44038286826316 -20.44038286826316 -20.44038286826316
1.0552763819095476 -20.439721581834426 -20.439721581834426 -20.439721581834426 -20.439721581834426 -20.439721581834426 -20.439721581834426 -20.439721581834426 -20.439721581834426 -20.439721581834426 -20.439721581834426 -20.439721581834426 -20.439721581834426 -20.439721581834426
1.1306532663316582 -20.43906029540569 -20.43906029540569 -20.43906029540569 -20.43906029540569 -20.43906029540569 -20.43906029540569 -20.43906029540569 -20.43906029540569 -20.43906029540569 -20.43906029540569 -20.43906029540569 -20.43906029540569 -20.43906029540569
1.2060301507537687 -20.43839900897695 -20.43839900897695 -20.43839900897695 -20.43839900897695 -20.43839900897695 -20.43839900897695 -20.43839900897695 -20.43839900897695 -20.43839900897695 -20.43839900897695 -20.43839900897695 -20.43839900897695 -20.43839900897695
1.2814070351758793 -20.437737722548217 -20.437737722548217 -20.437737722548217 -20.437737722548217 -20.437737722548217 -20.437737722548217 -20.437737722548217 -20.437737722548217 -20.437737722548217 -20.437737722548217 -20.437737722548217 -20.437737722548217 -20.437737722548217
1.3567839195979898 -20.43707643611948 -20.43707643611948 -20.43707643611948 -20.43707643611948 -20.43707643611948 -20.43707643611948 -20.43707643611948 -20.43707643611948 -20.43707643611948 -20.43707643611948 -20.43707643611948 -20.43707643611948 -20.43707643611948
1.4321608040201004 -20.436415149690742 -20.436415149690742 -20.436415149690742 -20.436415149690742 -20.436415149690742 -20.436415149690742 -20.436415149690742 -20.436415149690742 -20.436415149690742 -20.436415149690742 -20.436415149690742 -20.436415149690742 -20.436415149690742
1.507537688442211 -20.435753863262004 -20.435753863262004 -20.435753863262004 -20.435753863262004 -20.435753863262004 -20.435753863262004 -20.435753863262004 -20.435753863262004 -20.435753863262004 -20.435753863262004 -20.435753863262004 -20.435753863262004 -20.435753863262004
1.5829145728643215 -20.43509257683327 -20.43509257683327 -20.43509257683327 -20.43509257683327 -20.43509257683327 -20.43509257683327 -20.43509257683327 -20.43509257683327 -20.43509257683327 -20.43509257683327 -20.43509257683327 -20.43509257683327 -20.43509257683327
1.658291457286432 -20.434431290404532 -20.434431290404532 -20.434431290404532 -20.434431290404532 -20.434431290404532 -20.434431290404532 -20.434431290404532 -20.434431290404532 -20.434431290404532 -20.434431290404532 -20.434431290404532 -20.434431290404532 -20.434431290404532
1.7336683417085426 -20.433770003975795 -20.433770003975795 -20.433770003975795 -20.433770003975795 -20.433770003975795 -20.433770003975795 -20.433770003975795 -20.433770003975795 -20.433770003975795 -20.433770003975795 -20.433770003975795 -20.433770003975795 -20.433770003975795
1.809045226130653 -20.43310871754706 -20.43310871754706 -20.43310871754706 -20.43310871754706 -20.43310871754706 -20.43310871754706 -20.43310871754706 -20.43310871754706 -20.43310871754706 -20.43310871754706 -20.43310871754706 -20.43310871754706 -20.43310871754706
1.8844221105527637 -20.432447431118323 -20.432447431118323 -20.432447431118323 -20.432447431118323 -20.432447431118323 -20.432447431118323 -20.432447431118323 -20.432447431118323 -20.432447431118323 -20.432447431118323 -20.432447431118323 -20.432447431118323 -20.432447431118323
1.9597989949748742 -20.431786144689585 -20.431786144689585 -20.431786144689585 -20.431786144689585 -20.431786144689585 -20.431786144689585 -20.431786144689585 -20.431786144689585 -20.431786144689585 -20.431786144689585 -20.431786144689585 -20.431786144689585 -20.431786144689585
2.0351758793969847 -20.43112485826085 -20.43112485826085 -20.43112485826085 -20.43112485826085 -20.43112485826085 -20.43112485826085 -20.43112485826085 -20.43112485826085 -20.43112485826085 -20.43112485826085 -20.43112485826085 -20.43112485826085 -20.43112485826085
2.1105527638190953 -20.430463571832114 -20.430463571832114 -20.430463571832114 -20.430463571832114 -20.430463571832114 -20.430463571832114 -20.430463571832114 -20.430463571832114 -20.430463571832114 -20.430463571832114 -20.430463571832114 -20.430463571832114 -20.430463571832114
2.185929648241206 -20.429802285403376 -20.429802285403376 -20.429802285403376 -20.429802285403376 -20.429802285403376 -20.429802285403376 -20.429802285403376 -20.429802285403376 -20.429802285403376 -20.429802285403376 -20.429802285403376 -20.429802285403376 -20.429802285403376
2.2613065326633164 -20.429140998974642 -20.429140998974642 -20.429140998974642 -20.429140998974642 -20.429140998974642 -20.429140998974642 -20.429140998974642 -20.429140998974642 -20.429140998974642 -20.429140998974642 -20.429140998974642 -20.429140998974642 -20.429140998974642
2.336683417085427 -20.428479712545904 -20.428479712545904 -20.428479712545904 -20.428479712545904 -20.428479712545904 -20.428479712545904 -20.428479712545904 -20.428479712545904 -20.428479712545904 -20.428479712545904 -20.428479712545904 -20.428479712545904 -20.428479712545904
2.4120603015075375 -20.427818426117167 -20.427818426117167 -20.427818426117167 -20.427818426117167 -20.427818426117167 -20.427818426117167 -20.427818426117167 -20.427818426117167 -20.427818426117167 -20.427818426117167 -20.427818426117167 -20.427818426117167 -20.427818426117167
2.487437185929648 -20.427157139688433 -20.427157139688433 -20.427157139688433 -20.427157139688433 -20.427157139688433 -20.427157139688433 -20.427157139688433 -20.427157139688433 -20.427157139688433 -20.427157139688433 -20.427157139688433 -20.427157139688433 -20.427157139688433
2.5628140703517586 -20.426495853259695 -20.426495853259695 -20.426495853259695 -20.426495853259695 -20.426495853259695 -20.426495853259695 -20.426495853259695 -20.426495853259695 -20.426495853259695 -20.426495853259695 -20.426495853259695 -20.426495853259695 -20.426495853259695
2.638190954773869 -20.425834566830957 -20.425834566830957 -20.425834566830957 -20.425834566830957 -20.425834566830957 -20.425834566830957 -20.425834566830957 -20.425834566830957 -20.425834566830957 -20.425834566830957 -20.425834566830957 -20.425834566830957 -20.425834566830957
2.7135678391959797 -20.425173280402223 -20.425173280402223 -20.425173280402223 -20.425173280402223 -20.425173280402223 -20.425173280402223 -20.425173280402223 -20.425173280402223 -20.425173280402223 -20.425173280402223 -20.425173280402223 -20.425173280402223 -20.425173280402223
2.78894472361809 -20.424511993973486 -20.424511993973486 -20.424511993973486 -20.424511993973486 -20.424511993973486 -20.424511993973486 -20.424511993973486 -20.424511993973486 -20.424511993973486 -20.424511993973486 -20.424511993973486 -20.424511993973486 -20.424511993973486
2.8643216080402008 -20.423850707544748 -20.423850707544748 -20.423850707544748 -20.423850707544748 -20.423850707544748 -20.423850707544748 -20.423850707544748 -20.423850707544748 -20.423850707544748 -20.423850707544748 -20.423850707544748 -20.423850707544748 -20.423850707544748
2.9396984924623113 -20.423189421116014 -20.423189421116014 -20.423189421116014 -20.423189421116014 -20.423189421116014 -20.423189421116014 -20.423189421116014 -20.423189421116014 -20.423189421116014 -20.423189421116014 -20.423189421116014 -20.423189421116014 -20.423189421116014
3.015075376884422 -20.422528134687276 -20.422528134687276 -20.422528134687276 -20.422528134687276 -20.422528134687276 -20.422528134687276 -20.422528134687276 -20.422528134687276 -20.422528134687276 -20.422528134687276 -20.422528134687276 -20.422528134687276 -20.422528134687276
3.0904522613065324 -20.42186684825854 -20.42186684825854 -20.42186684825854 -20.42186684825854 -20.42186684825854 -20.42186684825854 -20.42186684825854 -20.42186684825854 -20.42186684825854 -20.42186684825854 -20.42186684825854 -20.42186684825854 -20.42186684825854
3.165829145728643 -20.421205561829805 -20.421205561829805 -20.421205561829805 -20.421205561829805 -20.421205561829805 -20.421205561829805 -20.421205561829805 -20.421205561829805 -20.421205561829805 -20.421205561829805 -20.421205561829805 -20.421205561829805 -20.421205561829805
3.2412060301507535 -20.420544275401067 -20.420544275401067 -20.420544275401067 -20.420544275401067 -20.420544275401067 -20.420544275401067 -20.420544275401067 -20.420544275401067 -20.420544275401067 -20.420544275401067 -20.420544275401067 -20.420544275401067 -20.420544275401067
3.316582914572864 -20.41988298897233 -20.41988298897233 -20.41988298897233 -20.41988298897233 -20.41988298897233 -20.41988298897233 -20.41988298897233 -20.41988298897233 -20.41988298897233 -20.41988298897233 -20.41988298897233 -20.41988298897233 -20.41988298897233
3.3919597989949746 -20.419221702543595 -20.419221702543595 -20.419221702543595 -20.419221702543595 -20.419221702543595 -20.419221702543595 -20.419221702543595 -20.419221702543595 -20.419221702543595 -20.419221702543595 -20.419221702543595 -20.419221702543595 -20.419221702543595
3.467336683417085 -20.418560416114858 -20.418560416114858 -20.418560416114858 -20.418560416114858 -20.418560416114858 -20.418560416114858 -20.418560416114858 -20.418560416114858 -20.418560416114858 -20.418560416114858 -20.418560416114858 -20.418560416114858 -20.418560416114858
3.5427135678391957 -20.41789912968612 -20.41789912968612 -20.41789912968612 -20.41789912968612 -20.41789912968612 -20.41789912968612 -20.41789912968612 -20.41789912968612 -20.41789912968612 -20.41789912968612 -20.41789912968612 -20.41789912968612 -20.41789912968612
3.618090452261306 -20.417237843257386 -20.417237843257386 -20.417237843257386 -20.417237843257386 -20.417237843257386 -20.417237843257386 -20.417237843257386 -20.417237843257386 -20.417237843257386 -20.417237843257386 -20.417237843257386 -20.417237843257386 -20.417237843257386
3.6934673366834168 -20.416576556828648 -20.416576556828648 -20.416576556828648 -20.416576556828648 -20.416576556828648 -20.416576556828648 -20.416576556828648 -20.416576556828648 -20.416576556828648 -20.416576556828648 -20.416576556828648 -20.416576556828648 -20.416576556828648
3.7688442211055273 -20.41591527039991 -20.41591527039991 -20.41591527039991 -20.41591527039991 -20.41591527039991 -20.41591527039991 -20.41591527039991 -20.41591527039991 -20.41591527039991 -20.41591527039991 -20.41591527039991 -20.41591527039991 -20.41591527039991
3.844221105527638 -20.415253983971176 -20.415253983971176 -20.415253983971176 -20.415253983971176 -20.415253983971176 -20.415253983971176 -20.415253983971176 -20.415253983971176 -20.415253983971176 -20.415253983971176 -20.415253983971176 -20.415253983971176 -20.415253983971176
3.9195979899497484 -20.41459269754244 -20.41459269754244 -20.41459269754244 -20.41459269754244 -20.41459269754244 -20.41459269754244 -20.41459269754244 -20.41459269754244 -20.41459269754244 -20.41459269754244 -20.41459269754244 -20.41459269754244 -20.41459269754244
3.994974874371859 -20.4139314111137 -20.4139314111137 -20.4139314111137 -20.4139314111137 -20.4139314111137 -20.4139314111137 -20.4139314111137 -20.4139314111137 -20.4139314111137 -20.4139314111137 -20.4139314111137 -20.4139314111137 -20.4139314111137
4.0703517587939695 -20.413270124684963 -20.413270124684963 -20.413270124684963 -20.413270124684963 -20.413270124684963 -20.413270124684963 -20.413270124684963 -20.413270124684963 -20.413270124684963 -20.413270124684963 -20.413270124684963 -20.413270124684963 -20.413270124684963
4.14572864321608 -20.41260883825623 -20.41260883825623 -20.41260883825623 -20.41260883825623 -20.41260883825623 -20.41260883825623 -20.41260883825623 -20.41260883825623 -20.41260883825623 -20.41260883825623 -20.41260883825623 -20.41260883825623 -20.41260883825623
4.221105527638191 -20.41194755182749 -20.41194755182749 -20.41194755182749 -20.41194755182749 -20.41194755182749 -20.41194755182749 -20.41194755182749 -20.41194755182749 -20.41194755182749 -20.41194755182749 -20.41194755182749 -20.41194755182749 -20.41194755182749
4.296482412060302 -20.411286265398754 -20.411286265398754 -20.411286265398754 -20.411286265398754 -20.411286265398754 -20.411286265398754 -20.411286265398754 -20.411286265398754 -20.411286265398754 -20.411286265398754 -20.411286265398754 -20.411286265398754 -20.411286265398754
