web/models/kne.last_good/kappa_0.5_3.0.v1/31/villar_0.4064_0.4373_0.5000.dat
# %ECSV 1.0
# ---
# datatype:
# - {name: time, datatype: float64}
# - {name: swift_uvot_uvw2, datatype: float64}
# - {name: swift_uvot_uvm2, datatype: float64}
# - {name: swift_uvot_uvw1, datatype: float64}
# - {name: swift_uvot_U, datatype: float64}
# - {name: swift_uvot_B, datatype: float64}
# - {name: swift_uvot_V, datatype: float64}
# - {name: swift_uvot_W, datatype: float64}
# - {name: johnson_U, datatype: float64}
# - {name: johnson_B, datatype: float64}
# - {name: johnson_V, datatype: float64}
# - {name: johnson_R, datatype: float64}
# - {name: johnson_I, datatype: float64}
# - {name: sdss_u, datatype: float64}
# - {name: sdss_g, datatype: float64}
# - {name: sdss_r, datatype: float64}
# - {name: sdss_i, datatype: float64}
# - {name: sdss_z, datatype: float64}
# - {name: PS1_g, datatype: float64}
# - {name: PS1_r, datatype: float64}
# - {name: PS1_i, datatype: float64}
# - {name: PS1_z, datatype: float64}
# - {name: PS1_Y, datatype: float64}
# - {name: PS1_w, datatype: float64}
# - {name: ATLAS_c, datatype: float64}
# - {name: ATLAS_o, datatype: float64}
# - {name: ukirt_J, datatype: float64}
# - {name: ukirt_H, datatype: float64}
# - {name: ukirt_K, datatype: float64}
# - {name: Clear, datatype: float64}
# meta: !!omap
# - comment: [kappa = 0.5, type = villar, mass = 0.4064473885499596, velocity = 0.43733333333333335, theta_obs = 0.0]
# schema: astropy-2.0
time swift_uvot_uvw2 swift_uvot_uvm2 swift_uvot_uvw1 swift_uvot_U swift_uvot_B swift_uvot_V swift_uvot_W johnson_U johnson_B johnson_V johnson_R johnson_I sdss_u sdss_g sdss_r sdss_i sdss_z PS1_g PS1_r PS1_i PS1_z PS1_Y PS1_w ATLAS_c ATLAS_o ukirt_J ukirt_H ukirt_K Clear
[from data line 143]
0.070868 -14.504 -14.581 -14.614 -14.6 -14.438 -14.202 -14.515 -14.581 -14.435 -14.193 -13.904 -13.542 -14.586 -14.366 -14.04 -13.765 -13.488 -14.351 -14.056 -13.783 -13.582 -13.509 -14.065 -14.24 -13.926 -12.903 -12.405 -11.815 -14.11
0.073012 -14.527 -14.608 -14.645 -14.638 -14.481 -14.247 -14.548 -14.62 -14.477 -14.239 -13.951 -13.591 -14.625 -14.409 -14.086 -13.813 -13.538 -14.394 -14.102 -13.83 -13.631 -13.556 -14.111 -14.284 -13.972 -12.954 -12.457 -11.867 -14.155
0.07522 -14.55 -14.635 -14.675 -14.676 -14.523 -14.292 -14.581 -14.658 -14.519 -14.284 -13.998 -13.639 -14.664 -14.452 -14.133 -13.861 -13.587 -14.438 -14.148 -13.878 -13.679 -13.604 -14.156 -14.328 -14.019 -13.005 -12.509 -11.92 -14.2
0.077495 -14.572 -14.661 -14.705 -14.714 -14.564 -14.337 -14.613 -14.697 -14.561 -14.328 -14.045 -13.688 -14.702 -14.495 -14.179 -13.908 -13.635 -14.481 -14.194 -13.925 -13.727 -13.651 -14.201 -14.373 -14.066 -13.055 -12.56 -11.972 -14.244
0.079839 -14.594 -14.687 -14.735 -14.752 -14.606 -14.382 -14.645 -14.735 -14.603 -14.373 -14.091 -13.737 -14.741 -14.537 -14.225 -13.956 -13.684 -14.524 -14.24 -13.973 -13.775 -13.699 -14.247 -14.417 -14.113 -13.106 -12.612 -12.024 -14.289
0.082253 -14.615 -14.713 -14.764 -14.789 -14.648 -14.426 -14.677 -14.773 -14.644 -14.418 -14.138 -13.785 -14.779 -14.58 -14.27 -14.004 -13.733 -14.566 -14.285 -14.02 -13.823 -13.746 -14.292 -14.461 -14.159 -13.157 -12.663 -12.077 -14.333
0.084741 -14.636 -14.738 -14.793 -14.827 -14.689 -14.471 -14.709 -14.811 -14.685 -14.462 -14.185 -13.834 -14.816 -14.622 -14.316 -14.051 -13.782 -14.609 -14.331 -14.067 -13.871 -13.794 -14.337 -14.504 -14.206 -13.207 -12.715 -12.129 -14.378
0.087304 -14.656 -14.763 -14.822 -14.863 -14.73 -14.515 -14.741 -14.849 -14.727 -14.506 -14.231 -13.882 -14.854 -14.664 -14.362 -14.098 -13.83 -14.652 -14.376 -14.114 -13.918 -13.841 -14.382 -14.548 -14.252 -13.257 -12.766 -12.181 -14.422
0.089944 -14.677 -14.787 -14.851 -14.9 -14.771 -14.559 -14.772 -14.886 -14.768 -14.551 -14.277 -13.93 -14.891 -14.707 -14.407 -14.146 -13.879 -14.694 -14.422 -14.161 -13.966 -13.888 -14.426 -14.591 -14.298 -13.308 -12.817 -12.233 -14.466
0.092665 -14.696 -14.812 -14.879 -14.937 -14.812 -14.603 -14.803 -14.924 -14.808 -14.595 -14.324 -13.978 -14.929 -14.748 -14.453 -14.193 -13.927 -14.736 -14.467 -14.208 -14.014 -13.935 -14.471 -14.635 -14.344 -13.358 -12.869 -12.285 -14.51
0.095467 -14.716 -14.835 -14.907 -14.973 -14.852 -14.647 -14.834 -14.961 -14.849 -14.638 -14.37 -14.027 -14.965 -14.79 -14.498 -14.24 -13.976 -14.778 -14.512 -14.255 -14.062 -13.983 -14.516 -14.678 -14.39 -13.408 -12.92 -12.337 -14.554
0.098355 -14.735 -14.859 -14.934 -15.009 -14.893 -14.691 -14.865 -14.997 -14.889 -14.682 -14.416 -14.075 -15.002 -14.832 -14.543 -14.287 -14.024 -14.82 -14.557 -14.302 -14.109 -14.03 -14.56 -14.721 -14.436 -13.459 -12.971 -12.389 -14.598
0.101329 -14.753 -14.882 -14.962 -15.045 -14.933 -14.734 -14.895 -15.034 -14.93 -14.726 -14.462 -14.123 -15.039 -14.873 -14.588 -14.334 -14.072 -14.862 -14.602 -14.348 -14.157 -14.077 -14.604 -14.764 -14.482 -13.509 -13.022 -12.442 -14.641
0.104394 -14.771 -14.904 -14.988 -15.08 -14.973 -14.778 -14.925 -15.07 -14.97 -14.769 -14.508 -14.17 -15.075 -14.914 -14.633 -14.381 -14.121 -14.903 -14.646 -14.395 -14.204 -14.124 -14.648 -14.806 -14.528 -13.559 -13.074 -12.494 -14.685
0.107551 -14.789 -14.926 -15.015 -15.116 -15.013 -14.821 -14.955 -15.106 -15.01 -14.813 -14.553 -14.218 -15.111 -14.955 -14.678 -14.427 -14.169 -14.944 -14.691 -14.441 -14.251 -14.171 -14.692 -14.849 -14.573 -13.609 -13.125 -12.545 -14.728
0.110804 -14.806 -14.948 -15.041 -15.151 -15.053 -14.864 -14.985 -15.142 -15.049 -14.856 -14.599 -14.266 -15.146 -14.996 -14.723 -14.474 -14.217 -14.986 -14.735 -14.487 -14.298 -14.218 -14.736 -14.891 -14.619 -13.659 -13.176 -12.597 -14.771
0.114155 -14.823 -14.969 -15.067 -15.185 -15.092 -14.907 -15.014 -15.178 -15.089 -14.899 -14.644 -14.313 -15.182 -15.037 -14.767 -14.52 -14.264 -15.027 -14.78 -14.534 -14.346 -14.265 -14.78 -14.934 -14.664 -13.709 -13.227 -12.649 -14.814
0.117608 -14.839 -14.99 -15.092 -15.22 -15.131 -14.95 -15.044 -15.213 -15.128 -14.942 -14.69 -14.361 -15.217 -15.077 -14.811 -14.567 -14.312 -15.067 -14.824 -14.58 -14.393 -14.312 -14.824 -14.976 -14.709 -13.759 -13.278 -12.701 -14.857
0.121165 -14.855 -15.01 -15.117 -15.254 -15.17 -14.992 -15.073 -15.248 -15.167 -14.984 -14.735 -14.408 -15.252 -15.118 -14.856 -14.613 -14.36 -15.108 -14.868 -14.626 -14.44 -14.358 -14.867 -15.018 -14.754 -13.808 -13.329 -12.753 -14.9
0.124829 -14.871 -15.03 -15.142 -15.288 -15.209 -15.035 -15.101 -15.283 -15.206 -15.027 -14.78 -14.456 -15.287 -15.158 -14.9 -14.659 -14.408 -15.149 -14.912 -14.672 -14.487 -14.405 -14.91 -15.06 -14.799 -13.858 -13.379 -12.805 -14.942
0.128605 -14.886 -15.05 -15.167 -15.322 -15.248 -15.077 -15.13 -15.318 -15.245 -15.069 -14.825 -14.503 -15.321 -15.198 -14.944 -14.705 -14.455 -15.189 -14.956 -14.718 -14.533 -14.452 -14.954 -15.101 -14.844 -13.908 -13.43 -12.856 -14.985
0.132494 -14.901 -15.069 -15.191 -15.355 -15.286 -15.119 -15.158 -15.352 -15.283 -15.112 -14.87 -14.55 -15.355 -15.237 -14.988 -14.751 -14.503 -15.229 -14.999 -14.763 -14.58 -14.498 -14.997 -15.143 -14.889 -13.957 -13.481 -12.908 -15.027
0.136502 -14.915 -15.087 -15.214 -15.388 -15.324 -15.161 -15.186 -15.386 -15.321 -15.154 -14.914 -14.597 -15.389 -15.277 -15.031 -14.797 -14.55 -15.269 -15.043 -14.809 -14.627 -14.545 -15.039 -15.184 -14.933 -14.007 -13.532 -12.96 -15.069
0.14063 -14.928 -15.106 -15.237 -15.421 -15.362 -15.203 -15.214 -15.42 -15.359 -15.196 -14.959 -14.644 -15.423 -15.316 -15.075 -14.843 -14.597 -15.309 -15.086 -14.855 -14.673 -14.591 -15.082 -15.225 -14.977 -14.056 -13.582 -13.011 -15.111
0.144883 -14.941 -15.123 -15.26 -15.454 -15.4 -15.245 -15.241 -15.453 -15.397 -15.237 -15.003 -14.691 -15.456 -15.355 -15.118 -14.888 -14.644 -15.348 -15.13 -14.9 -14.72 -14.638 -15.125 -15.266 -15.022 -14.106 -13.633 -13.063 -15.153
0.149265 -14.954 -15.14 -15.283 -15.486 -15.438 -15.287 -15.268 -15.486 -15.435 -15.279 -15.048 -14.737 -15.489 -15.394 -15.162 -14.934 -14.691 -15.388 -15.173 -14.945 -14.766 -14.684 -15.167 -15.307 -15.066 -14.155 -13.683 -13.115 -15.194
0.15378 -14.966 -15.157 -15.305 -15.518 -15.475 -15.328 -15.295 -15.519 -15.472 -15.32 -15.092 -14.784 -15.522 -15.433 -15.205 -14.979 -14.738 -15.427 -15.216 -14.99 -14.812 -14.73 -15.209 -15.347 -15.11 -14.204 -13.734 -13.166 -15.236
0.15843 -14.978 -15.173 -15.326 -15.55 -15.512 -15.369 -15.322 -15.552 -15.509 -15.362 -15.136 -14.831 -15.554 -15.472 -15.248 -15.024 -14.785 -15.466 -15.259 -15.035 -14.859 -14.776 -15.252 -15.387 -15.154 -14.253 -13.784 -13.217 -15.277
0.163222 -14.989 -15.189 -15.348 -15.581 -15.549 -15.41 -15.348 -15.584 -15.546 -15.403 -15.18 -14.877 -15.586 -15.51 -15.291 -15.07 -14.832 -15.505 -15.301 -15.08 -14.905 -14.822 -15.293 -15.428 -15.198 -14.303 -13.835 -13.269 -15.318
0.168159 -15.0 -15.204 -15.368 -15.612 -15.586 -15.451 -15.374 -15.616 -15.583 -15.444 -15.224 -14.923 -15.618 -15.548 -15.333 -15.114 -14.879 -15.543 -15.344 -15.125 -14.951 -14.869 -15.335 -15.468 -15.241 -14.352 -13.885 -13.32 -15.359
0.173245 -15.01 -15.219 -15.389 -15.643 -15.622 -15.491 -15.4 -15.648 -15.619 -15.484 -15.267 -14.969 -15.65 -15.586 -15.376 -15.159 -14.925 -15.581 -15.386 -15.17 -14.997 -14.914 -15.377 -15.507 -15.285 -14.4 -13.935 -13.372 -15.4
0.178484 -15.019 -15.233 -15.409 -15.673 -15.658 -15.532 -15.425 -15.679 -15.655 -15.525 -15.311 -15.015 -15.681 -15.623 -15.418 -15.204 -14.972 -15.62 -15.428 -15.214 -15.042 -14.96 -15.418 -15.547 -15.328 -14.449 -13.985 -13.423 -15.441
0.183882 -15.029 -15.247 -15.428 -15.703 -15.694 -15.572 -15.451 -15.71 -15.691 -15.565 -15.354 -15.061 -15.712 -15.661 -15.46 -15.249 -15.018 -15.658 -15.47 -15.259 -15.088 -15.006 -15.46 -15.586 -15.371 -14.498 -14.036 -13.474 -15.481
0.189444 -15.037 -15.26 -15.447 -15.733 -15.73 -15.612 -15.476 -15.741 -15.727 -15.605 -15.397 -15.107 -15.742 -15.698 -15.502 -15.293 -15.064 -15.695 -15.512 -15.303 -15.134 -15.052 -15.501 -15.625 -15.414 -14.547 -14.086 -13.525 -15.521
0.195173 -15.045 -15.273 -15.466 -15.762 -15.765 -15.652 -15.5 -15.772 -15.762 -15.645 -15.44 -15.153 -15.773 -15.735 -15.544 -15.337 -15.11 -15.733 -15.554 -15.347 -15.179 -15.097 -15.542 -15.664 -15.457 -14.596 -14.136 -13.576 -15.562
0.201076 -15.053 -15.285 -15.484 -15.791 -15.8 -15.691 -15.525 -15.802 -15.797 -15.685 -15.483 -15.199 -15.803 -15.772 -15.586 -15.382 -15.156 -15.77 -15.595 -15.391 -15.224 -15.143 -15.582 -15.703 -15.499 -14.644 -14.186 -13.627 -15.601
0.207158 -15.059 -15.296 -15.502 -15.82 -15.835 -15.731 -15.549 -15.831 -15.832 -15.724 -15.526 -15.244 -15.832 -15.808 -15.627 -15.426 -15.202 -15.807 -15.637 -15.435 -15.27 -15.188 -15.623 -15.742 -15.542 -14.693 -14.235 -13.678 -15.641
0.213423 -15.066 -15.307 -15.519 -15.848 -15.869 -15.77 -15.573 -15.861 -15.867 -15.763 -15.568 -15.289 -15.861 -15.844 -15.668 -15.469 -15.248 -15.844 -15.678 -15.479 -15.315 -15.234 -15.663 -15.78 -15.584 -14.741 -14.285 -13.729 -15.681
0.219878 -15.072 -15.317 -15.536 -15.876 -15.904 -15.809 -15.596 -15.89 -15.901 -15.803 -15.611 -15.335 -15.89 -15.88 -15.709 -15.513 -15.293 -15.88 -15.719 -15.522 -15.36 -15.279 -15.703 -15.818 -15.626 -14.789 -14.335 -13.78 -15.72
0.226528 -15.077 -15.327 -15.552 -15.904 -15.938 -15.848 -15.62 -15.919 -15.935 -15.841 -15.653 -15.38 -15.919 -15.916 -15.75 -15.557 -15.339 -15.916 -15.76 -15.566 -15.405 -15.324 -15.743 -15.856 -15.668 -14.837 -14.385 -13.831 -15.759
0.233379 -15.081 -15.336 -15.568 -15.931 -15.971 -15.886 -15.642 -15.947 -15.969 -15.88 -15.695 -15.425 -15.947 -15.951 -15.791 -15.6 -15.384 -15.952 -15.8 -15.609 -15.449 -15.369 -15.783 -15.894 -15.71 -14.886 -14.434 -13.882 -15.798
0.240437 -15.085 -15.345 -15.583 -15.958 -16.005 -15.925 -15.665 -15.975 -16.002 -15.918 -15.737 -15.469 -15.975 -15.986 -15.831 -15.643 -15.43 -15.988 -15.841 -15.652 -15.494 -15.414 -15.823 -15.931 -15.752 -14.934 -14.484 -13.933 -15.837
0.247709 -15.089 -15.353 -15.598 -15.984 -16.038 -15.963 -15.687 -16.003 -16.036 -15.957 -15.779 -15.514 -16.002 -16.021 -15.872 -15.687 -15.475 -16.024 -15.881 -15.695 -15.538 -15.459 -15.862 -15.968 -15.793 -14.982 -14.533 -13.983 -15.875
0.255201 -15.091 -15.36 -15.612 -16.01 -16.071 -16.001 -15.709 -16.03 -16.068 -15.995 -15.82 -15.559 -16.029 -16.056 -15.912 -15.729 -15.52 -16.059 -15.921 -15.738 -15.583 -15.504 -15.901 -16.005 -15.835 -15.029 -14.583 -14.034 -15.913
0.262919 -15.094 -15.367 -15.626 -16.036 -16.103 -16.038 -15.731 -16.057 -16.101 -16.032 -15.861 -15.603 -16.055 -16.09 -15.952 -15.772 -15.564 -16.094 -15.961 -15.781 -15.627 -15.549 -15.94 -16.042 -15.876 -15.077 -14.632 -14.085 -15.952
0.270871 -15.095 -15.373 -15.639 -16.061 -16.135 -16.076 -15.753 -16.083 -16.133 -16.07 -15.902 -15.647 -16.082 -16.124 -15.991 -15.815 -15.609 -16.128 -16.0 -15.823 -15.671 -15.593 -15.979 -16.078 -15.917 -15.125 -14.681 -14.135 -15.989
0.279064 -15.096 -15.378 -15.652 -16.086 -16.167 -16.113 -15.774 -16.109 -16.165 -16.107 -15.943 -15.691 -16.107 -16.158 -16.031 -15.857 -15.654 -16.163 -16.04 -15.866 -15.715 -15.637 -16.018 -16.114 -15.957 -15.172 -14.73 -14.186 -16.027
0.287504 -15.096 -15.383 -15.664 -16.111 -16.199 -16.149 -15.794 -16.135 -16.197 -16.144 -15.984 -15.735 -16.133 -16.191 -16.07 -15.9 -15.698 -16.197 -16.079 -15.908 -15.759 -15.682 -16.056 -16.15 -15.998 -15.22 -14.779 -14.236 -16.064
0.296199 -15.096 -15.387 -15.676 -16.134 -16.23 -16.186 -15.815 -16.16 -16.228 -16.181 -16.025 -15.779 -16.158 -16.224 -16.109 -15.942 -15.742 -16.231 -16.118 -15.95 -15.802 -15.726 -16.094 -16.186 -16.038 -15.267 -14.828 -14.287 -16.102
0.305157 -15.095 -15.39 -15.687 -16.158 -16.261 -16.222 -15.835 -16.185 -16.259 -16.217 -16.065 -15.823 -16.182 -16.257 -16.148 -15.984 -15.786 -16.264 -16.156 -15.992 -15.846 -15.77 -16.132 -16.221 -16.078 -15.314 -14.877 -14.337 -16.139
0.314387 -15.093 -15.393 -15.697 -16.181 -16.291 -16.258 -15.855 -16.209 -16.289 -16.253 -16.105 -15.866 -16.206 -16.289 -16.187 -16.025 -15.83 -16.297 -16.195 -16.033 -15.889 -15.814 -16.169 -16.256 -16.118 -15.362 -14.926 -14.387 -16.175
0.323895 -15.09 -15.394 -15.707 -16.204 -16.321 -16.294 -15.874 -16.233 -16.319 -16.289 -16.145 -15.91 -16.23 -16.322 -16.225 -16.067 -15.874 -16.33 -16.233 -16.075 -15.932 -15.858 -16.207 -16.291 -16.158 -15.409 -14.975 -14.437 -16.212
0.333691 -15.087 -15.396 -15.716 -16.226 -16.351 -16.33 -15.893 -16.256 -16.349 -16.325 -16.185 -15.953 -16.253 -16.353 -16.263 -16.108 -15.918 -16.363 -16.271 -16.116 -15.975 -15.901 -16.244 -16.326 -16.197 -15.456 -15.024 -14.487 -16.248
0.343783 -15.083 -15.396 -15.725 -16.247 -16.38 -16.365 -15.912 -16.279 -16.379 -16.36 -16.224 -15.996 -16.276 -16.385 -16.301 -16.149 -15.961 -16.395 -16.309 -16.157 -16.018 -15.945 -16.281 -16.36 -16.236 -15.502 -15.072 -14.537 -16.284
0.354181 -15.079 -15.396 -15.733 -16.268 -16.409 -16.4 -15.93 -16.302 -16.408 -16.395 -16.263 -16.039 -16.298 -16.416 -16.338 -16.19 -16.005 -16.427 -16.346 -16.198 -16.061 -15.988 -16.317 -16.394 -16.275 -15.549 -15.121 -14.587 -16.32
0.364893 -15.073 -15.395 -15.74 -16.289 -16.438 -16.434 -15.948 -16.324 -16.436 -16.43 -16.302 -16.081 -16.32 -16.447 -16.376 -16.231 -16.048 -16.458 -16.384 -16.239 -16.103 -16.032 -16.354 -16.427 -16.314 -15.596 -15.169 -14.637 -16.355
0.375929 -15.067 -15.393 -15.747 -16.309 -16.466 -16.469 -15.965 -16.345 -16.465 -16.464 -16.341 -16.124 -16.341 -16.477 -16.413 -16.271 -16.091 -16.49 -16.421 -16.279 -16.146 -16.075 -16.39 -16.461 -16.352 -15.642 -15.217 -14.687 -16.39
0.387298 -15.06 -15.39 -15.753 -16.329 -16.494 -16.503 -15.983 -16.366 -16.492 -16.498 -16.38 -16.166 -16.362 -16.507 -16.449 -16.311 -16.133 -16.52 -16.457 -16.319 -16.188 -16.118 -16.426 -16.493 -16.391 -15.688 -15.266 -14.737 -16.425
0.399012 -15.053 -15.386 -15.758 -16.348 -16.521 -16.536 -15.999 -16.387 -16.52 -16.532 -16.418 -16.208 -16.382 -16.537 -16.486 -16.352 -16.176 -16.551 -16.494 -16.359 -16.23 -16.16 -16.461 -16.526 -16.429 -15.734 -15.314 -14.786 -16.46
0.41108 -15.044 -15.382 -15.763 -16.366 -16.548 -16.57 -16.016 -16.407 -16.547 -16.565 -16.456 -16.25 -16.401 -16.566 -16.522 -16.391 -16.218 -16.581 -16.53 -16.399 -16.272 -16.203 -16.496 -16.558 -16.466 -15.78 -15.362 -14.836 -16.494
0.423513 -15.035 -15.377 -15.767 -16.384 -16.575 -16.603 -16.032 -16.426 -16.573 -16.599 -16.494 -16.291 -16.421 -16.595 -16.558 -16.431 -16.261 -16.611 -16.566 -16.439 -16.313 -16.246 -16.531 -16.59 -16.504 -15.826 -15.409 -14.885 -16.528
0.436321 -15.025 -15.37 -15.77 -16.402 -16.601 -16.635 -16.047 -16.445 -16.6 -16.631 -16.531 -16.333 -16.439 -16.623 -16.594 -16.47 -16.303 -16.64 -16.601 -16.478 -16.355 -16.288 -16.566 -16.622 -16.541 -15.872 -15.457 -14.935 -16.562
0.449518 -15.015 -15.363 -15.773 -16.418 -16.626 -16.668 -16.063 -16.464 -16.625 -16.664 -16.568 -16.374 -16.457 -16.651 -16.629 -16.509 -16.344 -16.669 -16.637 -16.517 -16.396 -16.33 -16.6 -16.653 -16.578 -15.918 -15.505 -14.984 -16.595
0.463113 -15.003 -15.355 -15.775 -16.435 -16.651 -16.699 -16.077 -16.481 -16.651 -16.696 -16.605 -16.415 -16.474 -16.679 -16.664 -16.548 -16.386 -16.698 -16.672 -16.556 -16.437 -16.372 -16.634 -16.684 -16.614 -15.963 -15.552 -15.033 -16.628
0.47712 -14.99 -15.347 -15.776 -16.45 -16.676 -16.731 -16.092 -16.499 -16.675 -16.728 -16.642 -16.456 -16.491 -16.706 -16.699 -16.587 -16.427 -16.726 -16.706 -16.594 -16.478 -16.414 -16.668 -16.714 -16.651 -16.009 -15.6 -15.082 -16.661
0.49155 -14.977 -15.337 -15.776 -16.465 -16.7 -16.762 -16.106 -16.515 -16.7 -16.759 -16.678 -16.497 -16.507 -16.733 -16.733 -16.625 -16.469 -16.753 -16.741 -16.633 -16.518 -16.455 -16.701 -16.744 -16.687 -16.054 -15.647 -15.131 -16.693
