web/models/kne.last_good/kappa_0.5_3.0.v1/31/villar_0.1775_0.4217_0.5000.dat
# %ECSV 1.0
# ---
# datatype:
# - {name: time, datatype: float64}
# - {name: swift_uvot_uvw2, datatype: float64}
# - {name: swift_uvot_uvm2, datatype: float64}
# - {name: swift_uvot_uvw1, datatype: float64}
# - {name: swift_uvot_U, datatype: float64}
# - {name: swift_uvot_B, datatype: float64}
# - {name: swift_uvot_V, datatype: float64}
# - {name: swift_uvot_W, datatype: float64}
# - {name: johnson_U, datatype: float64}
# - {name: johnson_B, datatype: float64}
# - {name: johnson_V, datatype: float64}
# - {name: johnson_R, datatype: float64}
# - {name: johnson_I, datatype: float64}
# - {name: sdss_u, datatype: float64}
# - {name: sdss_g, datatype: float64}
# - {name: sdss_r, datatype: float64}
# - {name: sdss_i, datatype: float64}
# - {name: sdss_z, datatype: float64}
# - {name: PS1_g, datatype: float64}
# - {name: PS1_r, datatype: float64}
# - {name: PS1_i, datatype: float64}
# - {name: PS1_z, datatype: float64}
# - {name: PS1_Y, datatype: float64}
# - {name: PS1_w, datatype: float64}
# - {name: ATLAS_c, datatype: float64}
# - {name: ATLAS_o, datatype: float64}
# - {name: ukirt_J, datatype: float64}
# - {name: ukirt_H, datatype: float64}
# - {name: ukirt_K, datatype: float64}
# - {name: Clear, datatype: float64}
# meta: !!omap
# - comment: [kappa = 0.5, type = villar, mass = 0.1774768329891343, velocity = 0.4216666666666667, theta_obs = 0.0]
# schema: astropy-2.0
time swift_uvot_uvw2 swift_uvot_uvm2 swift_uvot_uvw1 swift_uvot_U swift_uvot_B swift_uvot_V swift_uvot_W johnson_U johnson_B johnson_V johnson_R johnson_I sdss_u sdss_g sdss_r sdss_i sdss_z PS1_g PS1_r PS1_i PS1_z PS1_Y PS1_w ATLAS_c ATLAS_o ukirt_J ukirt_H ukirt_K Clear
[from data line 143]
0.070868 -14.017 -14.134 -14.203 -14.264 -14.141 -13.933 -14.128 -14.251 -14.137 -13.925 -13.655 -13.31 -14.256 -14.078 -13.784 -13.524 -13.259 -14.066 -13.798 -13.539 -13.346 -13.267 -13.802 -13.965 -13.675 -12.691 -12.202 -11.619 -13.84
0.073012 -14.037 -14.158 -14.231 -14.3 -14.181 -13.977 -14.159 -14.288 -14.178 -13.969 -13.701 -13.359 -14.293 -14.12 -13.829 -13.572 -13.308 -14.108 -13.843 -13.586 -13.393 -13.314 -13.846 -14.008 -13.721 -12.741 -12.253 -11.671 -13.884
0.07522 -14.056 -14.181 -14.259 -14.337 -14.222 -14.021 -14.19 -14.325 -14.219 -14.013 -13.747 -13.407 -14.33 -14.161 -13.874 -13.619 -13.356 -14.15 -13.888 -13.633 -13.441 -13.362 -13.891 -14.051 -13.767 -12.792 -12.305 -11.723 -13.928
0.077495 -14.075 -14.205 -14.286 -14.373 -14.262 -14.065 -14.221 -14.362 -14.259 -14.057 -13.793 -13.455 -14.367 -14.203 -13.919 -13.666 -13.405 -14.192 -13.933 -13.68 -13.489 -13.409 -13.935 -14.094 -13.813 -12.842 -12.356 -11.775 -13.972
0.079839 -14.093 -14.227 -14.313 -14.408 -14.303 -14.108 -14.251 -14.399 -14.299 -14.1 -13.839 -13.503 -14.403 -14.244 -13.964 -13.713 -13.453 -14.233 -13.978 -13.727 -13.536 -13.456 -13.979 -14.137 -13.859 -12.892 -12.407 -11.827 -14.015
0.082253 -14.111 -14.25 -14.34 -14.444 -14.343 -14.152 -14.282 -14.435 -14.339 -14.144 -13.885 -13.551 -14.439 -14.285 -14.009 -13.759 -13.501 -14.275 -14.022 -13.773 -13.584 -13.503 -14.024 -14.18 -13.905 -12.942 -12.458 -11.879 -14.059
0.084741 -14.128 -14.271 -14.366 -14.479 -14.382 -14.195 -14.311 -14.471 -14.379 -14.187 -13.931 -13.598 -14.475 -14.326 -14.054 -13.806 -13.549 -14.316 -14.067 -13.82 -13.631 -13.55 -14.068 -14.222 -13.95 -12.992 -12.51 -11.931 -14.102
0.087304 -14.146 -14.293 -14.392 -14.514 -14.422 -14.238 -14.341 -14.507 -14.419 -14.23 -13.976 -13.646 -14.511 -14.367 -14.099 -13.853 -13.597 -14.357 -14.111 -13.866 -13.678 -13.597 -14.111 -14.265 -13.996 -13.042 -12.561 -11.983 -14.145
0.089944 -14.162 -14.314 -14.418 -14.549 -14.461 -14.281 -14.37 -14.542 -14.458 -14.273 -14.022 -13.694 -14.546 -14.408 -14.143 -13.899 -13.645 -14.398 -14.156 -13.912 -13.725 -13.644 -14.155 -14.307 -14.041 -13.092 -12.612 -12.035 -14.188
0.092665 -14.178 -14.335 -14.443 -14.583 -14.501 -14.324 -14.4 -14.577 -14.498 -14.316 -14.067 -13.741 -14.581 -14.448 -14.188 -13.946 -13.693 -14.439 -14.2 -13.958 -13.773 -13.691 -14.199 -14.349 -14.086 -13.142 -12.663 -12.087 -14.231
0.095467 -14.194 -14.355 -14.468 -14.617 -14.54 -14.367 -14.429 -14.612 -14.537 -14.359 -14.112 -13.789 -14.616 -14.489 -14.232 -13.992 -13.741 -14.48 -14.244 -14.005 -13.82 -13.738 -14.242 -14.391 -14.131 -13.192 -12.714 -12.139 -14.274
0.098355 -14.209 -14.375 -14.493 -14.651 -14.578 -14.409 -14.457 -14.647 -14.575 -14.401 -14.157 -13.836 -14.65 -14.529 -14.276 -14.038 -13.788 -14.52 -14.288 -14.05 -13.866 -13.785 -14.286 -14.433 -14.176 -13.242 -12.764 -12.191 -14.316
0.101329 -14.224 -14.394 -14.517 -14.685 -14.617 -14.451 -14.486 -14.682 -14.614 -14.444 -14.202 -13.883 -14.685 -14.569 -14.32 -14.084 -13.836 -14.56 -14.332 -14.096 -13.913 -13.831 -14.329 -14.474 -14.221 -13.291 -12.815 -12.243 -14.359
0.104394 -14.239 -14.413 -14.541 -14.718 -14.655 -14.494 -14.514 -14.716 -14.652 -14.486 -14.247 -13.93 -14.719 -14.608 -14.364 -14.13 -13.884 -14.601 -14.375 -14.142 -13.96 -13.878 -14.372 -14.516 -14.266 -13.341 -12.866 -12.295 -14.401
0.107551 -14.253 -14.431 -14.564 -14.751 -14.694 -14.536 -14.542 -14.75 -14.691 -14.528 -14.292 -13.977 -14.753 -14.648 -14.408 -14.176 -13.931 -14.64 -14.419 -14.188 -14.007 -13.925 -14.415 -14.557 -14.31 -13.391 -12.917 -12.346 -14.443
0.110804 -14.266 -14.449 -14.588 -14.784 -14.732 -14.577 -14.57 -14.783 -14.729 -14.57 -14.337 -14.024 -14.786 -14.687 -14.451 -14.222 -13.978 -14.68 -14.462 -14.233 -14.053 -13.971 -14.457 -14.598 -14.355 -13.44 -12.968 -12.398 -14.485
0.114155 -14.279 -14.467 -14.61 -14.816 -14.769 -14.619 -14.597 -14.817 -14.766 -14.612 -14.381 -14.071 -14.819 -14.726 -14.495 -14.267 -14.025 -14.72 -14.506 -14.279 -14.1 -14.018 -14.5 -14.639 -14.399 -13.49 -13.018 -12.45 -14.527
0.117608 -14.292 -14.484 -14.633 -14.848 -14.807 -14.661 -14.624 -14.85 -14.804 -14.653 -14.425 -14.118 -14.852 -14.765 -14.538 -14.313 -14.072 -14.759 -14.549 -14.324 -14.146 -14.064 -14.542 -14.68 -14.443 -13.539 -13.069 -12.501 -14.569
0.121165 -14.304 -14.5 -14.655 -14.88 -14.844 -14.702 -14.651 -14.883 -14.841 -14.695 -14.47 -14.165 -14.885 -14.804 -14.581 -14.358 -14.119 -14.798 -14.592 -14.369 -14.193 -14.11 -14.585 -14.72 -14.487 -13.588 -13.119 -12.553 -14.61
0.124829 -14.315 -14.516 -14.676 -14.912 -14.881 -14.743 -14.678 -14.915 -14.878 -14.736 -14.514 -14.211 -14.917 -14.842 -14.624 -14.403 -14.166 -14.837 -14.635 -14.414 -14.239 -14.157 -14.627 -14.76 -14.531 -13.637 -13.17 -12.604 -14.651
0.128605 -14.326 -14.532 -14.697 -14.943 -14.918 -14.784 -14.704 -14.947 -14.915 -14.777 -14.558 -14.258 -14.949 -14.881 -14.667 -14.449 -14.213 -14.876 -14.677 -14.459 -14.285 -14.203 -14.669 -14.801 -14.575 -13.687 -13.22 -12.656 -14.692
0.132494 -14.337 -14.547 -14.718 -14.974 -14.954 -14.825 -14.73 -14.979 -14.952 -14.818 -14.601 -14.304 -14.981 -14.919 -14.709 -14.494 -14.26 -14.914 -14.72 -14.504 -14.331 -14.249 -14.71 -14.841 -14.618 -13.736 -13.271 -12.707 -14.733
0.136502 -14.347 -14.561 -14.738 -15.005 -14.991 -14.865 -14.756 -15.011 -14.988 -14.858 -14.645 -14.35 -15.013 -14.956 -14.752 -14.538 -14.306 -14.953 -14.762 -14.549 -14.377 -14.295 -14.752 -14.88 -14.662 -13.785 -13.321 -12.759 -14.774
0.14063 -14.356 -14.575 -14.758 -15.035 -15.027 -14.906 -14.781 -15.042 -15.024 -14.899 -14.688 -14.396 -15.044 -14.994 -14.794 -14.583 -14.353 -14.991 -14.804 -14.593 -14.423 -14.341 -14.793 -14.92 -14.705 -13.834 -13.371 -12.81 -14.815
0.144883 -14.365 -14.589 -14.777 -15.065 -15.063 -14.946 -14.807 -15.073 -15.06 -14.939 -14.732 -14.442 -15.075 -15.031 -14.836 -14.628 -14.399 -15.029 -14.846 -14.638 -14.468 -14.387 -14.835 -14.959 -14.748 -13.882 -13.421 -12.861 -14.855
0.149265 -14.374 -14.602 -14.796 -15.095 -15.098 -14.986 -14.832 -15.104 -15.096 -14.979 -14.775 -14.488 -15.105 -15.068 -14.878 -14.672 -14.445 -15.066 -14.888 -14.682 -14.514 -14.433 -14.876 -14.998 -14.791 -13.931 -13.471 -12.912 -14.896
0.15378 -14.381 -14.614 -14.815 -15.124 -15.134 -15.026 -14.857 -15.134 -15.131 -15.019 -14.818 -14.534 -15.135 -15.105 -14.92 -14.717 -14.492 -15.104 -14.93 -14.726 -14.56 -14.478 -14.917 -15.037 -14.834 -13.98 -13.522 -12.964 -14.936
0.15843 -14.389 -14.626 -14.833 -15.153 -15.169 -15.065 -14.881 -15.164 -15.166 -15.059 -14.861 -14.579 -15.165 -15.142 -14.962 -14.761 -14.538 -15.141 -14.971 -14.77 -14.605 -14.524 -14.958 -15.076 -14.877 -14.028 -13.572 -13.015 -14.976
0.163222 -14.396 -14.638 -14.85 -15.181 -15.203 -15.105 -14.905 -15.194 -15.201 -15.098 -14.904 -14.625 -15.194 -15.178 -15.003 -14.805 -14.583 -15.178 -15.013 -14.814 -14.65 -14.569 -14.998 -15.115 -14.919 -14.077 -13.621 -13.066 -15.015
0.168159 -14.402 -14.648 -14.868 -15.21 -15.238 -15.144 -14.929 -15.223 -15.235 -15.137 -14.946 -14.67 -15.224 -15.215 -15.044 -14.849 -14.629 -15.215 -15.054 -14.858 -14.695 -14.615 -15.038 -15.153 -14.962 -14.125 -13.671 -13.117 -15.055
0.173245 -14.407 -14.658 -14.884 -15.238 -15.272 -15.183 -14.953 -15.252 -15.27 -15.176 -14.989 -14.716 -15.252 -15.25 -15.086 -14.892 -14.675 -15.251 -15.095 -14.902 -14.74 -14.66 -15.079 -15.191 -15.004 -14.174 -13.721 -13.168 -15.094
0.178484 -14.412 -14.668 -14.9 -15.265 -15.306 -15.222 -14.976 -15.281 -15.304 -15.215 -15.031 -14.761 -15.281 -15.286 -15.126 -14.936 -14.72 -15.287 -15.136 -14.945 -14.785 -14.705 -15.119 -15.229 -15.046 -14.222 -13.771 -13.219 -15.133
0.183882 -14.417 -14.677 -14.916 -15.292 -15.34 -15.26 -14.999 -15.309 -15.337 -15.254 -15.073 -14.806 -15.309 -15.321 -15.167 -14.98 -14.766 -15.323 -15.176 -14.988 -14.83 -14.751 -15.158 -15.266 -15.088 -14.27 -13.821 -13.27 -15.172
0.189444 -14.421 -14.685 -14.931 -15.319 -15.373 -15.298 -15.022 -15.337 -15.371 -15.292 -15.115 -14.851 -15.337 -15.357 -15.208 -15.023 -14.811 -15.359 -15.217 -15.032 -14.875 -14.796 -15.198 -15.304 -15.129 -14.318 -13.87 -13.321 -15.211
0.195173 -14.424 -14.693 -14.946 -15.345 -15.406 -15.337 -15.044 -15.365 -15.404 -15.331 -15.156 -14.895 -15.364 -15.391 -15.248 -15.066 -14.856 -15.394 -15.257 -15.075 -14.919 -14.84 -15.237 -15.341 -15.171 -14.366 -13.92 -13.371 -15.25
0.201076 -14.427 -14.7 -14.96 -15.371 -15.439 -15.374 -15.066 -15.392 -15.437 -15.368 -15.198 -14.94 -15.391 -15.426 -15.288 -15.109 -14.901 -15.43 -15.297 -15.118 -14.964 -14.885 -15.277 -15.378 -15.212 -14.414 -13.969 -13.422 -15.288
0.207158 -14.429 -14.707 -14.974 -15.397 -15.471 -15.412 -15.088 -15.419 -15.469 -15.406 -15.239 -14.984 -15.417 -15.46 -15.328 -15.152 -14.946 -15.465 -15.337 -15.16 -15.008 -14.93 -15.316 -15.415 -15.253 -14.462 -14.019 -13.473 -15.326
0.213423 -14.43 -14.713 -14.987 -15.422 -15.503 -15.449 -15.109 -15.445 -15.501 -15.444 -15.28 -15.029 -15.443 -15.494 -15.368 -15.194 -14.991 -15.499 -15.376 -15.203 -15.052 -14.975 -15.354 -15.451 -15.294 -14.51 -14.068 -13.523 -15.364
0.219878 -14.431 -14.718 -15.0 -15.447 -15.535 -15.486 -15.13 -15.471 -15.533 -15.481 -15.321 -15.073 -15.469 -15.528 -15.407 -15.237 -15.035 -15.534 -15.416 -15.245 -15.096 -15.019 -15.393 -15.487 -15.335 -14.557 -14.117 -13.574 -15.401
0.226528 -14.431 -14.722 -15.012 -15.471 -15.567 -15.523 -15.151 -15.497 -15.565 -15.518 -15.362 -15.117 -15.494 -15.561 -15.446 -15.279 -15.08 -15.568 -15.455 -15.287 -15.14 -15.064 -15.431 -15.523 -15.375 -14.605 -14.166 -13.624 -15.439
0.233379 -14.431 -14.726 -15.023 -15.495 -15.598 -15.56 -15.172 -15.522 -15.596 -15.554 -15.403 -15.161 -15.519 -15.594 -15.485 -15.321 -15.124 -15.601 -15.494 -15.329 -15.184 -15.108 -15.469 -15.559 -15.416 -14.652 -14.215 -13.675 -15.476
0.240437 -14.43 -14.729 -15.034 -15.518 -15.629 -15.596 -15.192 -15.546 -15.627 -15.591 -15.443 -15.204 -15.544 -15.627 -15.524 -15.363 -15.168 -15.635 -15.533 -15.371 -15.227 -15.152 -15.507 -15.594 -15.456 -14.7 -14.264 -13.725 -15.513
0.247709 -14.428 -14.732 -15.045 -15.541 -15.659 -15.632 -15.212 -15.571 -15.657 -15.627 -15.483 -15.248 -15.568 -15.659 -15.563 -15.405 -15.212 -15.668 -15.571 -15.413 -15.271 -15.196 -15.545 -15.629 -15.496 -14.747 -14.313 -13.775 -15.55
0.255201 -14.425 -14.734 -15.054 -15.564 -15.689 -15.668 -15.231 -15.595 -15.687 -15.663 -15.523 -15.291 -15.591 -15.692 -15.601 -15.446 -15.256 -15.701 -15.609 -15.454 -15.314 -15.24 -15.582 -15.664 -15.535 -14.794 -14.362 -13.826 -15.586
0.262919 -14.422 -14.735 -15.063 -15.586 -15.719 -15.703 -15.25 -15.618 -15.717 -15.699 -15.563 -15.334 -15.614 -15.723 -15.639 -15.488 -15.3 -15.734 -15.647 -15.496 -15.357 -15.283 -15.619 -15.698 -15.575 -14.841 -14.411 -13.876 -15.622
0.270871 -14.418 -14.735 -15.072 -15.607 -15.748 -15.739 -15.269 -15.641 -15.747 -15.734 -15.602 -15.377 -15.637 -15.755 -15.677 -15.529 -15.343 -15.766 -15.685 -15.537 -15.4 -15.327 -15.656 -15.733 -15.614 -14.888 -14.459 -13.926 -15.658
0.279064 -14.413 -14.735 -15.08 -15.629 -15.777 -15.774 -15.287 -15.663 -15.776 -15.769 -15.641 -15.42 -15.659 -15.786 -15.715 -15.57 -15.387 -15.798 -15.723 -15.578 -15.442 -15.371 -15.693 -15.766 -15.653 -14.934 -14.508 -13.976 -15.694
0.287504 -14.408 -14.733 -15.087 -15.649 -15.806 -15.808 -15.305 -15.685 -15.804 -15.804 -15.68 -15.463 -15.681 -15.817 -15.752 -15.61 -15.43 -15.829 -15.76 -15.618 -15.485 -15.414 -15.729 -15.8 -15.692 -14.981 -14.556 -14.026 -15.73
0.296199 -14.402 -14.731 -15.094 -15.669 -15.834 -15.842 -15.323 -15.707 -15.832 -15.838 -15.719 -15.505 -15.702 -15.847 -15.789 -15.651 -15.473 -15.86 -15.797 -15.659 -15.527 -15.457 -15.765 -15.833 -15.73 -15.028 -14.605 -14.076 -15.765
0.305157 -14.395 -14.728 -15.1 -15.689 -15.862 -15.876 -15.34 -15.728 -15.86 -15.872 -15.758 -15.548 -15.723 -15.877 -15.826 -15.691 -15.516 -15.891 -15.834 -15.699 -15.57 -15.5 -15.801 -15.866 -15.768 -15.074 -14.653 -14.125 -15.8
0.314387 -14.387 -14.725 -15.105 -15.708 -15.889 -15.91 -15.357 -15.748 -15.888 -15.906 -15.796 -15.59 -15.743 -15.907 -15.862 -15.731 -15.558 -15.922 -15.87 -15.739 -15.612 -15.543 -15.837 -15.899 -15.806 -15.12 -14.701 -14.175 -15.834
0.323895 -14.379 -14.72 -15.11 -15.726 -15.916 -15.943 -15.374 -15.768 -15.915 -15.939 -15.834 -15.632 -15.762 -15.936 -15.899 -15.771 -15.601 -15.952 -15.906 -15.779 -15.653 -15.586 -15.872 -15.931 -15.844 -15.166 -14.749 -14.225 -15.869
0.333691 -14.37 -14.715 -15.114 -15.744 -15.942 -15.976 -15.39 -15.788 -15.941 -15.972 -15.872 -15.673 -15.781 -15.965 -15.934 -15.811 -15.643 -15.981 -15.942 -15.818 -15.695 -15.628 -15.907 -15.963 -15.882 -15.212 -14.797 -14.274 -15.903
0.343783 -14.36 -14.708 -15.117 -15.761 -15.968 -16.009 -15.406 -15.806 -15.967 -16.005 -15.909 -15.715 -15.8 -15.993 -15.97 -15.85 -15.685 -16.011 -15.978 -15.858 -15.736 -15.67 -15.942 -15.995 -15.919 -15.258 -14.845 -14.324 -15.936
0.354181 -14.349 -14.701 -15.12 -15.778 -15.994 -16.041 -15.421 -15.825 -15.993 -16.038 -15.946 -15.756 -15.818 -16.021 -16.005 -15.889 -15.727 -16.04 -16.013 -15.897 -15.778 -15.713 -15.976 -16.026 -15.956 -15.304 -14.893 -14.373 -15.97
0.364893 -14.337 -14.693 -15.121 -15.794 -16.019 -16.073 -15.436 -15.842 -16.018 -16.07 -15.983 -15.797 -15.835 -16.048 -16.04 -15.928 -15.768 -16.068 -16.048 -15.936 -15.819 -15.755 -16.01 -16.057 -15.992 -15.349 -14.94 -14.422 -16.003
0.375929 -14.325 -14.684 -15.122 -15.809 -16.044 -16.105 -15.45 -15.859 -16.043 -16.101 -16.02 -15.838 -15.852 -16.076 -16.075 -15.967 -15.81 -16.096 -16.083 -15.974 -15.859 -15.796 -16.044 -16.087 -16.029 -15.394 -14.988 -14.472 -16.035
0.387298 -14.311 -14.674 -15.123 -15.824 -16.068 -16.136 -15.464 -15.876 -16.067 -16.133 -16.056 -15.878 -15.868 -16.102 -16.109 -16.005 -15.851 -16.124 -16.117 -16.012 -15.9 -15.838 -16.077 -16.117 -16.065 -15.44 -15.035 -14.521 -16.068
0.399012 -14.297 -14.663 -15.122 -15.839 -16.091 -16.166 -15.478 -15.892 -16.091 -16.164 -16.092 -15.919 -15.883 -16.128 -16.143 -16.043 -15.892 -16.151 -16.151 -16.051 -15.94 -15.879 -16.11 -16.147 -16.1 -15.485 -15.082 -14.57 -16.1
0.41108 -14.282 -14.651 -15.121 -15.852 -16.114 -16.197 -15.491 -15.907 -16.114 -16.194 -16.128 -15.959 -15.898 -16.154 -16.177 -16.081 -15.933 -16.178 -16.185 -16.088 -15.98 -15.921 -16.143 -16.176 -16.136 -15.53 -15.129 -14.618 -16.132
0.423513 -14.266 -14.638 -15.118 -15.865 -16.137 -16.227 -15.503 -15.921 -16.137 -16.224 -16.163 -15.999 -15.912 -16.179 -16.21 -16.118 -15.973 -16.204 -16.218 -16.126 -16.02 -15.962 -16.175 -16.205 -16.171 -15.574 -15.176 -14.667 -16.163
0.436321 -14.249 -14.624 -15.115 -15.877 -16.159 -16.256 -15.515 -15.935 -16.159 -16.254 -16.198 -16.038 -15.925 -16.204 -16.243 -16.155 -16.013 -16.23 -16.251 -16.163 -16.06 -16.002 -16.207 -16.233 -16.205 -15.619 -15.223 -14.716 -16.194
0.449518 -14.231 -14.609 -15.111 -15.888 -16.18 -16.285 -15.527 -15.948 -16.18 -16.283 -16.233 -16.078 -15.938 -16.228 -16.276 -16.192 -16.053 -16.255 -16.283 -16.2 -16.099 -16.043 -16.239 -16.261 -16.24 -15.663 -15.27 -14.764 -16.225
0.463113 -14.212 -14.592 -15.106 -15.899 -16.201 -16.314 -15.538 -15.961 -16.201 -16.312 -16.267 -16.117 -15.95 -16.252 -16.308 -16.229 -16.093 -16.28 -16.315 -16.236 -16.138 -16.083 -16.27 -16.288 -16.274 -15.707 -15.316 -14.813 -16.255
0.47712 -14.192 -14.575 -15.1 -15.909 -16.221 -16.342 -15.549 -15.973 -16.222 -16.34 -16.301 -16.155 -15.961 -16.275 -16.339 -16.265 -16.132 -16.304 -16.347 -16.272 -16.177 -16.123 -16.301 -16.315 -16.307 -15.751 -15.362 -14.861 -16.285
0.49155 -14.171 -14.556 -15.094 -15.918 -16.241 -16.369 -15.559 -15.984 -16.241 -16.368 -16.335 -16.194 -15.972 -16.297 -16.371 -16.301 -16.171 -16.328 -16.378 -16.308 -16.215 -16.163 -16.331 -16.342 -16.341 -15.795 -15.409 -14.909 -16.314
