web/models/kne.last_good/kappa_0.5_3.0.v1/31/villar_0.0416_0.2807_3.0000.dat
# %ECSV 1.0
# ---
# datatype:
# - {name: time, datatype: float64}
# - {name: swift_uvot_uvw2, datatype: float64}
# - {name: swift_uvot_uvm2, datatype: float64}
# - {name: swift_uvot_uvw1, datatype: float64}
# - {name: swift_uvot_U, datatype: float64}
# - {name: swift_uvot_B, datatype: float64}
# - {name: swift_uvot_V, datatype: float64}
# - {name: swift_uvot_W, datatype: float64}
# - {name: johnson_U, datatype: float64}
# - {name: johnson_B, datatype: float64}
# - {name: johnson_V, datatype: float64}
# - {name: johnson_R, datatype: float64}
# - {name: johnson_I, datatype: float64}
# - {name: sdss_u, datatype: float64}
# - {name: sdss_g, datatype: float64}
# - {name: sdss_r, datatype: float64}
# - {name: sdss_i, datatype: float64}
# - {name: sdss_z, datatype: float64}
# - {name: PS1_g, datatype: float64}
# - {name: PS1_r, datatype: float64}
# - {name: PS1_i, datatype: float64}
# - {name: PS1_z, datatype: float64}
# - {name: PS1_Y, datatype: float64}
# - {name: PS1_w, datatype: float64}
# - {name: ATLAS_c, datatype: float64}
# - {name: ATLAS_o, datatype: float64}
# - {name: ukirt_J, datatype: float64}
# - {name: ukirt_H, datatype: float64}
# - {name: ukirt_K, datatype: float64}
# - {name: Clear, datatype: float64}
# meta: !!omap
# - comment: [kappa = 3.0, type = villar, mass = 0.04162766037032262, velocity = 0.2806666666666667, theta_obs = 0.0]
# schema: astropy-2.0
time swift_uvot_uvw2 swift_uvot_uvm2 swift_uvot_uvw1 swift_uvot_U swift_uvot_B swift_uvot_V swift_uvot_W johnson_U johnson_B johnson_V johnson_R johnson_I sdss_u sdss_g sdss_r sdss_i sdss_z PS1_g PS1_r PS1_i PS1_z PS1_Y PS1_w ATLAS_c ATLAS_o ukirt_J ukirt_H ukirt_K Clear
[from data line 359]
44.212178 98.074 103.29 110.812 112.599 106.773 102.644 100.285 111.603 106.151 102.135 98.266 95.775 112.193 104.837 100.35 97.711 95.724 96.807 96.957 96.517 95.564 94.21 98.817 101.844 98.515 93.084 91.71 90.795 94.999
45.549345 104.694 109.909 117.432 119.219 113.393 109.263 106.904 118.223 112.771 108.755 104.885 102.395 118.812 111.457 106.969 104.33 102.344 103.427 103.576 103.136 102.184 100.83 105.436 108.464 105.135 99.703 98.329 97.415 101.619
46.926954 111.719 116.935 124.457 126.245 120.419 116.289 113.93 125.248 119.797 115.781 111.911 109.421 125.838 118.483 113.995 111.356 109.37 110.453 110.602 110.162 109.21 107.855 112.462 115.49 112.161 106.729 105.355 104.441 108.645
48.346227 119.177 124.392 131.915 133.702 127.876 123.746 121.387 132.706 127.254 123.238 119.369 116.878 133.296 125.94 121.453 118.813 116.827 117.91 118.06 117.62 116.667 115.313 119.919 122.947 119.618 114.186 112.812 111.898 116.102
49.808426 127.092 132.308 139.83 141.617 135.791 131.661 129.303 140.621 135.169 131.153 127.284 124.793 141.211 133.855 129.368 126.728 124.742 125.825 125.975 125.535 124.582 123.228 127.835 130.862 127.533 122.102 120.728 119.813 124.017
51.314848 135.493 140.709 148.231 150.018 144.192 140.063 137.704 149.022 143.571 139.554 135.685 133.195 149.612 142.257 137.769 135.13 133.143 134.227 134.376 133.936 132.983 131.629 136.236 139.264 135.935 130.503 129.129 128.214 132.418
52.86683 144.41 149.626 157.148 158.936 153.11 148.98 146.621 157.939 152.488 148.472 144.602 142.112 158.529 151.174 146.686 144.047 142.061 143.144 143.293 142.853 141.901 140.546 145.153 148.181 144.852 139.42 138.046 137.132 141.335
54.465752 153.875 159.091 166.613 168.4 162.574 158.445 156.086 167.404 161.952 157.936 154.067 151.576 167.994 160.638 156.151 153.512 151.525 152.608 152.758 152.318 151.365 150.011 154.618 157.645 154.316 148.885 147.511 146.596 150.8
56.113031 163.921 169.137 176.659 178.446 172.62 168.49 166.131 177.45 171.998 167.982 164.113 161.622 178.04 170.684 166.197 163.557 161.571 162.654 162.804 162.364 161.411 160.057 164.664 167.691 164.362 158.93 157.556 156.642 160.846
57.810132 174.584 179.799 187.322 189.109 183.283 179.153 176.794 188.113 182.661 178.645 174.775 172.285 188.702 181.347 176.859 174.22 172.234 173.317 173.466 173.026 172.074 170.72 175.326 178.354 175.025 169.593 168.219 167.305 171.509
59.55856 185.901 191.117 198.639 200.426 194.6 190.47 188.111 199.43 193.978 189.962 186.093 183.602 200.02 192.664 188.177 185.537 183.551 184.634 184.784 184.344 183.391 182.037 186.644 189.671 186.342 180.911 179.537 178.622 182.826
61.359868 197.913 203.129 210.651 212.438 206.612 202.483 200.124 211.442 205.991 201.975 198.105 195.615 212.032 204.677 200.189 197.55 195.563 196.647 196.796 196.356 195.403 194.049 198.656 201.684 198.355 192.923 191.549 190.634 194.838
63.215655 210.663 215.879 223.401 225.188 219.362 215.233 212.874 224.192 218.741 214.724 210.855 208.365 224.782 217.426 212.939 210.3 208.313 209.396 209.546 209.106 208.153 206.799 211.406 214.434 211.104 205.673 204.299 203.384 207.588
65.127569 224.196 229.412 236.934 238.721 232.895 228.765 226.407 237.725 232.273 228.257 224.388 221.897 238.315 230.959 226.472 223.832 221.846 222.929 223.079 222.639 221.686 220.332 224.939 227.966 224.637 219.206 217.832 216.917 221.121
67.097308 238.56 243.775 251.298 253.085 247.259 243.129 240.77 252.089 246.637 242.621 238.752 236.261 252.679 245.323 240.836 238.196 236.21 237.293 237.443 237.003 236.05 234.696 239.302 242.33 239.001 233.569 232.195 231.281 235.485
69.126621 253.806 259.021 266.544 268.331 262.505 258.375 256.016 267.335 261.883 257.867 253.997 251.507 267.924 260.569 256.081 253.442 251.456 252.539 252.688 252.248 251.296 249.942 254.548 257.576 254.247 248.815 247.441 246.527 250.731
71.217308 269.987 275.203 282.725 284.513 278.687 274.557 272.198 283.516 278.065 274.049 270.179 267.689 284.106 276.751 272.263 269.624 267.638 268.721 268.87 268.43 267.478 266.123 270.73 273.758 270.429 264.997 263.623 262.709 266.913
73.371227 287.163 292.379 299.901 301.688 295.862 291.732 289.373 300.692 295.24 291.224 287.355 284.864 301.282 293.926 289.439 286.799 284.813 285.896 286.046 285.606 284.653 283.299 287.906 290.933 287.604 282.173 280.799 279.884 284.088
75.59029 305.393 310.609 318.131 319.918 314.092 309.963 307.604 318.922 313.47 309.454 305.585 303.095 319.512 312.156 307.669 305.03 303.043 304.126 304.276 303.836 302.883 301.529 306.136 309.163 305.834 300.403 299.029 298.114 302.318
77.876467 324.743 329.958 337.481 339.268 333.442 329.312 326.953 338.272 332.82 328.804 324.934 322.444 338.861 331.506 327.018 324.379 322.393 323.476 323.626 323.186 322.233 320.879 325.485 328.513 325.184 319.752 318.378 317.464 321.668
80.231787 345.28 350.496 358.018 359.805 353.979 349.85 347.491 358.809 353.358 349.342 345.472 342.982 359.399 352.044 347.556 344.917 342.931 344.014 344.163 343.723 342.77 341.416 346.023 349.051 345.722 340.29 338.916 338.002 342.205
82.658343 367.079 372.295 379.817 381.604 375.778 371.649 369.29 380.608 375.156 371.14 367.271 364.78 381.198 373.842 369.355 366.716 364.729 365.812 365.962 365.522 364.569 363.215 367.822 370.849 367.52 362.089 360.715 359.8 364.004
85.158288 390.216 395.432 402.954 404.741 398.915 394.786 392.427 403.745 398.294 394.278 390.408 387.918 404.335 396.98 392.492 389.853 387.867 388.95 389.099 388.659 387.707 386.352 390.959 393.987 390.658 385.226 383.852 382.938 387.141
87.733843 414.774 419.99 427.512 429.299 423.473 419.344 416.985 428.303 422.852 418.836 414.966 412.476 428.893 421.538 417.05 414.411 412.425 413.508 413.657 413.217 412.264 410.91 415.517 418.545 415.216 409.784 408.41 407.495 411.699
90.387293 440.84 446.056 453.578 455.365 449.539 445.41 443.051 454.369 448.918 444.901 441.032 438.542 454.959 447.603 443.116 440.477 438.49 439.573 439.723 439.283 438.33 436.976 441.583 444.611 441.281 435.85 434.476 433.561 437.765
93.120995 468.507 473.722 481.245 483.032 477.206 473.076 470.717 482.036 476.584 472.568 468.699 466.208 482.625 475.27 470.782 468.143 466.157 467.24 467.39 466.95 465.997 464.643 469.249 472.277 468.948 463.516 462.142 461.228 465.432
95.937376 497.872 503.088 510.61 512.397 506.571 502.441 500.082 511.401 505.949 501.933 498.064 495.573 511.991 504.635 500.148 497.508 495.522 496.605 496.755 496.315 495.362 494.008 498.615 501.642 498.313 492.882 491.508 490.593 494.797
98.838937 529.04 534.256 541.778 543.565 537.739 533.61 531.251 542.569 537.118 533.102 529.232 526.742 543.159 535.804 531.316 528.677 526.691 527.774 527.923 527.483 526.531 525.176 529.783 532.811 529.482 524.05 522.676 521.762 525.965
101.828253 562.123 567.338 574.861 576.648 570.822 566.692 564.333 575.652 570.2 566.184 562.314 559.824 576.241 568.886 564.398 561.759 559.773 560.856 561.005 560.565 559.613 558.259 562.865 565.893 562.564 557.132 555.758 554.844 559.048
104.907979 597.236 602.452 609.974 611.761 605.935 601.806 599.447 610.765 605.313 601.297 597.428 594.938 611.355 603.999 599.512 596.873 594.886 595.969 596.119 595.679 594.726 593.372 597.979 601.007 597.677 592.246 590.872 589.957 594.161
108.080849 634.506 639.721 647.244 649.031 643.205 639.075 636.716 648.035 642.583 638.567 634.698 632.207 648.625 641.269 636.782 634.142 632.156 633.239 633.389 632.949 631.996 630.642 635.249 638.276 634.947 629.515 628.141 627.227 631.431
111.349681 674.064 679.28 686.802 688.589 682.763 678.633 676.275 687.593 682.141 678.125 674.256 671.765 688.183 680.827 676.34 673.7 671.714 672.797 672.947 672.507 671.554 670.2 674.807 677.834 674.505 669.074 667.7 666.785 670.989
114.717376 716.051 721.267 728.789 730.576 724.75 720.621 718.262 729.58 724.129 720.112 716.243 713.753 730.17 722.814 718.327 715.688 713.701 714.784 714.934 714.494 713.541 712.187 716.794 719.822 716.492 711.061 709.687 708.772 712.976
118.186925 760.617 765.832 773.355 775.142 769.316 765.186 762.827 774.146 768.694 764.678 760.808 758.318 774.735 767.38 762.892 760.253 758.267 759.35 759.499 759.059 758.107 756.753 761.359 764.387 761.058 755.626 754.252 753.338 757.542
121.761408 nan nan nan nan nan nan nan nan nan nan nan nan nan nan nan nan nan nan nan nan nan nan nan nan nan nan nan nan nan
125.443999 nan nan nan nan nan nan nan nan nan nan nan nan nan nan nan nan nan nan nan nan nan nan nan nan nan nan nan nan nan
129.237967 nan nan nan nan nan nan nan nan nan nan nan nan nan nan nan nan nan nan nan nan nan nan nan nan nan nan nan nan nan
133.146681 nan nan nan nan nan nan nan nan nan nan nan nan nan nan nan nan nan nan nan nan nan nan nan nan nan nan nan nan nan
137.173612 nan nan nan nan nan nan nan nan nan nan nan nan nan nan nan nan nan nan nan nan nan nan nan nan nan nan nan nan nan
141.322334 nan nan nan nan nan nan nan nan nan nan nan nan nan nan nan nan nan nan nan nan nan nan nan nan nan nan nan nan nan
145.596532 nan nan nan nan nan nan nan nan nan nan nan nan nan nan nan nan nan nan nan nan nan nan nan nan nan nan nan nan nan
150.0 nan nan nan nan nan nan nan nan nan nan nan nan nan nan nan nan nan nan nan nan nan nan nan nan nan nan nan nan nan
