web/models/kne.last_good/kappa_0.5_3.0.v1/31/villar_0.0035_0.5000_0.5000.dat
# %ECSV 1.0
# ---
# datatype:
# - {name: time, datatype: float64}
# - {name: swift_uvot_uvw2, datatype: float64}
# - {name: swift_uvot_uvm2, datatype: float64}
# - {name: swift_uvot_uvw1, datatype: float64}
# - {name: swift_uvot_U, datatype: float64}
# - {name: swift_uvot_B, datatype: float64}
# - {name: swift_uvot_V, datatype: float64}
# - {name: swift_uvot_W, datatype: float64}
# - {name: johnson_U, datatype: float64}
# - {name: johnson_B, datatype: float64}
# - {name: johnson_V, datatype: float64}
# - {name: johnson_R, datatype: float64}
# - {name: johnson_I, datatype: float64}
# - {name: sdss_u, datatype: float64}
# - {name: sdss_g, datatype: float64}
# - {name: sdss_r, datatype: float64}
# - {name: sdss_i, datatype: float64}
# - {name: sdss_z, datatype: float64}
# - {name: PS1_g, datatype: float64}
# - {name: PS1_r, datatype: float64}
# - {name: PS1_i, datatype: float64}
# - {name: PS1_z, datatype: float64}
# - {name: PS1_Y, datatype: float64}
# - {name: PS1_w, datatype: float64}
# - {name: ATLAS_c, datatype: float64}
# - {name: ATLAS_o, datatype: float64}
# - {name: ukirt_J, datatype: float64}
# - {name: ukirt_H, datatype: float64}
# - {name: ukirt_K, datatype: float64}
# - {name: Clear, datatype: float64}
# meta: !!omap
# - comment: [kappa = 0.5, type = villar, mass = 0.003465724215782086, velocity = 0.5, theta_obs = 0.0]
# schema: astropy-2.0
time swift_uvot_uvw2 swift_uvot_uvm2 swift_uvot_uvw1 swift_uvot_U swift_uvot_B swift_uvot_V swift_uvot_W johnson_U johnson_B johnson_V johnson_R johnson_I sdss_u sdss_g sdss_r sdss_i sdss_z PS1_g PS1_r PS1_i PS1_z PS1_Y PS1_w ATLAS_c ATLAS_o ukirt_J ukirt_H ukirt_K Clear
[from data line 289]
5.491942 207.848 213.064 236.299 246.865 235.036 227.048 210.117 244.822 232.751 224.999 216.643 211.656 246.136 230.981 222.134 216.614 212.148 206.583 206.787 206.766 206.351 204.605 217.852 224.403 217.586 206.422 202.921 200.295 204.819
5.658042 220.962 226.177 249.412 259.978 248.15 240.161 223.23 257.935 245.864 238.113 229.756 224.769 259.249 244.095 235.247 229.727 225.261 219.696 219.901 219.879 219.464 217.718 230.965 237.516 230.7 219.535 216.034 213.408 217.932
5.829166 234.88 240.096 263.33 273.897 262.068 254.08 237.148 271.853 259.782 252.031 243.674 238.687 273.167 258.013 249.165 243.645 239.18 233.614 233.819 233.798 233.382 231.636 244.883 251.435 244.618 233.453 229.953 227.327 231.851
6.005465 249.653 254.869 278.104 288.67 276.841 268.853 251.921 286.626 274.555 266.804 258.447 253.461 287.94 272.786 263.938 258.418 253.953 248.387 248.592 248.571 248.155 246.409 259.656 266.208 259.391 248.226 244.726 242.1 246.624
6.187096 265.333 270.549 293.784 304.35 292.521 284.533 267.602 302.307 290.235 282.484 274.128 269.141 303.621 288.466 279.618 274.099 269.633 264.068 264.272 264.251 263.836 262.09 275.337 281.888 275.071 263.906 260.406 257.78 262.304
6.37422 281.976 287.192 310.427 320.993 309.164 301.176 284.245 318.95 306.878 299.127 290.771 285.784 320.264 305.109 296.261 290.742 286.276 280.711 280.915 280.894 280.478 278.733 291.98 298.531 291.714 280.549 277.049 274.423 278.947
6.567004 299.641 304.857 328.092 338.658 326.829 318.841 301.909 336.614 324.543 316.792 308.435 303.449 337.929 322.774 313.926 308.406 303.941 298.375 298.58 298.559 298.143 296.397 309.644 316.196 309.379 298.214 294.714 292.088 296.612
6.765619 318.391 323.606 346.841 357.407 345.579 337.59 320.659 355.364 343.293 335.542 327.185 322.198 356.678 341.524 332.676 327.156 322.69 317.125 317.33 317.308 316.893 315.147 328.394 334.946 328.129 316.964 313.463 310.837 315.361
6.97024 338.291 343.507 366.742 377.308 365.479 357.491 340.56 375.265 363.194 355.442 347.086 342.099 376.579 361.424 352.577 347.057 342.591 337.026 337.231 337.209 336.794 335.048 348.295 354.846 348.03 336.865 333.364 330.738 335.262
7.181051 359.414 364.63 387.865 398.431 386.602 378.614 361.683 396.388 384.317 376.565 368.209 363.222 397.702 382.547 373.7 368.18 363.714 358.149 358.353 358.332 357.917 356.171 369.418 375.969 369.152 357.988 354.487 351.861 356.385
7.398237 381.834 387.05 410.285 420.851 409.022 401.034 384.103 418.808 406.737 398.985 390.629 385.642 420.122 404.967 396.119 390.6 386.134 380.569 380.773 380.752 380.337 378.591 391.838 398.389 391.572 380.408 376.907 374.281 378.805
7.621991 405.631 410.846 434.081 444.647 432.819 424.83 407.899 442.604 430.533 422.782 414.425 409.438 443.918 428.764 419.916 414.396 409.931 404.365 404.57 404.548 404.133 402.387 415.634 422.186 415.369 404.204 400.703 398.078 402.601
7.852513 430.888 436.104 459.339 469.905 458.076 450.088 433.157 467.862 455.791 448.039 439.683 434.696 469.176 454.021 445.174 439.654 435.188 429.623 429.828 429.806 429.391 427.645 440.892 447.443 440.627 429.462 425.961 423.335 427.859
8.090007 457.697 462.913 486.148 496.714 484.885 476.897 459.965 494.671 482.599 474.848 466.491 461.505 495.985 480.83 471.982 466.462 461.997 456.431 456.636 456.615 456.199 454.454 467.7 474.252 467.435 456.27 452.77 450.144 454.668
8.334684 486.152 491.367 514.602 525.168 513.34 505.352 488.42 523.125 511.054 503.303 494.946 489.959 524.439 509.285 500.437 494.917 490.452 484.886 485.091 485.069 484.654 482.908 496.155 502.707 495.89 484.725 481.225 478.599 483.122
8.586761 516.354 521.569 544.804 555.37 543.542 535.554 518.622 553.327 541.256 533.505 525.148 520.161 554.641 539.487 530.639 525.119 520.654 515.088 515.293 515.271 514.856 513.11 526.357 532.909 526.092 514.927 511.427 508.801 513.324
8.846461 548.41 553.626 576.861 587.427 575.598 567.61 550.679 585.384 573.313 565.561 557.205 552.218 586.698 571.543 562.696 557.176 552.71 547.145 547.349 547.328 546.913 545.167 558.414 564.965 558.148 546.984 543.483 540.857 545.381
9.114017 582.435 587.651 610.886 621.452 609.623 601.635 584.704 619.409 607.337 599.586 591.23 586.243 620.723 605.568 596.72 591.201 586.735 581.17 581.374 581.353 580.937 579.192 592.439 598.99 592.173 581.008 577.508 574.882 579.406
9.389664 618.549 623.765 647.0 657.566 645.737 637.749 620.818 655.523 643.452 635.7 627.344 622.357 656.837 641.682 632.834 627.315 622.849 617.284 617.488 617.467 617.052 615.306 628.553 635.104 628.287 617.123 613.622 610.996 615.52
9.673648 656.881 662.097 685.331 695.897 684.069 676.081 659.149 693.854 681.783 674.032 665.675 660.688 695.168 680.014 671.166 665.646 661.181 655.615 655.82 655.799 655.383 653.637 666.884 673.436 666.619 655.454 651.954 649.328 653.851
9.966221 697.566 702.782 726.017 736.583 724.754 716.766 699.835 734.54 722.468 714.717 706.361 701.374 735.854 720.699 711.851 706.332 701.866 696.301 696.505 696.484 696.069 694.323 707.57 714.121 707.304 696.14 692.639 690.013 694.537
10.267642 740.75 745.965 769.2 779.766 767.938 759.949 743.018 777.723 765.652 757.901 749.544 744.557 779.037 763.883 755.035 749.515 745.05 739.484 739.689 739.667 739.252 737.506 750.753 757.305 750.488 739.323 735.822 733.197 737.72
10.57818 786.585 791.801 nan nan nan nan 788.853 nan nan nan nan 794.13 nan nan nan nan nan 785.319 785.524 785.503 785.089 783.344 nan nan nan 785.104 781.658 779.032 783.556
10.89811 786.585 791.801 nan nan nan nan 788.853 nan nan nan nan 794.13 nan nan nan nan nan 785.319 785.524 785.503 785.089 783.344 nan nan nan 785.104 781.658 779.032 783.556
11.227716 786.585 791.801 nan nan nan nan 788.853 nan nan nan nan 794.13 nan nan nan nan nan 785.319 785.524 785.503 785.089 783.344 nan nan nan 785.104 781.658 779.032 783.556
11.56729 786.585 791.801 nan nan nan nan 788.853 nan nan nan nan 794.13 nan nan nan nan nan 785.319 785.524 785.503 785.089 783.344 nan nan nan 785.104 781.658 779.032 783.556
11.917135 786.585 791.801 nan nan nan nan 788.853 nan nan nan nan 794.13 nan nan nan nan nan 785.319 785.524 785.503 785.089 783.344 nan nan nan 785.104 781.658 779.032 783.556
12.277561 786.585 791.801 nan nan nan nan 788.853 nan nan nan nan 794.13 nan nan nan nan nan 785.319 785.524 785.503 785.089 783.344 nan nan nan 785.104 781.658 779.032 783.556
12.648887 786.585 791.801 nan nan nan nan 788.853 nan nan nan nan 794.13 nan nan nan nan nan 785.319 785.524 785.503 785.089 783.344 nan nan nan 785.104 781.658 779.032 783.556
13.031444 786.585 791.801 nan nan nan nan 788.853 nan nan nan nan 794.13 nan nan nan nan nan 785.319 785.524 785.503 785.089 783.344 nan nan nan 785.104 781.658 779.032 783.556
13.425571 786.585 791.801 nan nan nan nan 788.853 nan nan nan nan 794.13 nan nan nan nan nan 785.319 785.524 785.503 785.089 783.344 nan nan nan 785.104 781.658 779.032 783.556
13.831619 786.585 791.801 nan nan nan nan 788.853 nan nan nan nan 794.13 nan nan nan nan nan 785.319 785.524 785.503 785.089 783.344 nan nan nan 785.104 781.658 779.032 783.556
14.249947 786.585 791.801 nan nan nan nan 788.853 nan nan nan nan 794.13 nan nan nan nan nan 785.319 785.524 785.503 785.089 783.344 nan nan nan 785.104 781.658 779.032 783.556
14.680926 786.585 791.801 nan nan nan nan 788.853 nan nan nan nan 794.13 nan nan nan nan nan 785.319 785.524 785.503 785.089 783.344 nan nan nan 785.104 781.658 779.032 783.556
15.124941 786.585 791.801 nan nan nan nan 788.853 nan nan nan nan 794.13 nan nan nan nan nan 785.319 785.524 785.503 785.089 783.344 nan nan nan 785.104 781.658 779.032 783.556
15.582385 786.585 791.801 nan nan nan nan 788.853 nan nan nan nan 794.13 nan nan nan nan nan 785.319 785.524 785.503 785.089 783.344 nan nan nan 785.104 781.658 779.032 783.556
16.053663 786.585 791.801 nan nan nan nan 788.853 nan nan nan nan 794.13 nan nan nan nan nan 785.319 785.524 785.503 785.089 783.344 nan nan nan 785.104 781.658 779.032 783.556
16.539195 786.585 791.801 nan nan nan nan 788.853 nan nan nan nan 794.13 nan nan nan nan nan 785.319 785.524 785.503 785.089 783.344 nan nan nan 785.104 781.658 779.032 783.556
17.039412 786.585 791.801 nan nan nan nan 788.853 nan nan nan nan 794.13 nan nan nan nan nan 785.319 785.524 785.503 785.089 783.344 nan nan nan 785.104 781.658 779.032 783.556
17.554757 786.585 791.801 nan nan nan nan 788.853 nan nan nan nan 794.13 nan nan nan nan nan 785.319 785.524 785.503 785.089 783.344 nan nan nan 785.104 781.658 779.032 783.556
18.085689 786.585 791.801 nan nan nan nan 788.853 nan nan nan nan 794.13 nan nan nan nan nan 785.319 785.524 785.503 785.089 783.344 nan nan nan 785.104 781.658 779.032 783.556
18.632678 786.585 791.801 nan nan nan nan 788.853 nan nan nan nan 794.13 nan nan nan nan nan 785.319 785.524 785.503 785.089 783.344 nan nan nan 785.104 781.658 779.032 783.556
19.196211 786.585 791.801 nan nan nan nan 788.853 nan nan nan nan 794.13 nan nan nan nan nan 785.319 785.524 785.503 785.089 783.344 nan nan nan 785.104 781.658 779.032 783.556
19.776787 786.585 791.801 nan nan nan nan 788.853 nan nan nan nan 794.13 nan nan nan nan nan 785.319 785.524 785.503 785.089 783.344 nan nan nan 785.104 781.658 779.032 783.556
20.374923 786.585 791.801 nan nan nan nan 788.853 nan nan nan nan 794.13 nan nan nan nan nan 785.319 785.524 785.503 785.089 783.344 nan nan nan 785.104 781.658 779.032 783.556
20.991149 786.585 791.801 nan nan nan nan 788.853 nan nan nan nan 794.13 nan nan nan nan nan 785.319 785.524 785.503 785.089 783.344 nan nan nan 785.104 781.658 779.032 783.556
21.626011 786.585 791.801 nan nan nan nan 788.853 nan nan nan nan 794.13 nan nan nan nan nan 785.319 785.524 785.503 785.089 783.344 nan nan nan 785.104 781.658 779.032 783.556
22.280075 786.585 791.801 nan nan nan nan 788.853 nan nan nan nan 794.13 nan nan nan nan nan 785.319 785.524 785.503 785.089 783.344 nan nan nan 785.104 781.658 779.032 783.556
22.953921 786.585 791.801 nan nan nan nan 788.853 nan nan nan nan 794.13 nan nan nan nan nan 785.319 785.524 785.503 785.089 783.344 nan nan nan 785.104 781.658 779.032 783.556
23.648147 786.585 791.801 nan nan nan nan 788.853 nan nan nan nan 794.13 nan nan nan nan nan 785.319 785.524 785.503 785.089 783.344 nan nan nan 785.104 781.658 779.032 783.556
24.363369 786.585 791.801 nan nan nan nan 788.853 nan nan nan nan 794.13 nan nan nan nan nan 785.319 785.524 785.503 785.089 783.344 nan nan nan 785.104 781.658 779.032 783.556
25.100222 786.585 791.801 nan nan nan nan 788.853 nan nan nan nan 794.13 nan nan nan nan nan 785.319 785.524 785.503 785.089 783.344 nan nan nan 785.104 781.658 779.032 783.556
25.859362 786.585 791.801 nan nan nan nan 788.853 nan nan nan nan 794.13 nan nan nan nan nan 785.319 785.524 785.503 785.089 783.344 nan nan nan 785.104 781.658 779.032 783.556
26.64146 786.585 791.801 nan nan nan nan 788.853 nan nan nan nan 794.13 nan nan nan nan nan 785.319 785.524 785.503 785.089 783.344 nan nan nan 785.104 781.658 779.032 783.556
27.447213 786.585 791.801 nan nan nan nan 788.853 nan nan nan nan 794.13 nan nan nan nan nan 785.319 785.524 785.503 785.089 783.344 nan nan nan 785.104 781.658 779.032 783.556
28.277335 786.585 791.801 nan nan nan nan 788.853 nan nan nan nan 794.13 nan nan nan nan nan 785.319 785.524 785.503 785.089 783.344 nan nan nan 785.104 781.658 779.032 783.556
29.132564 786.585 791.801 nan nan nan nan 788.853 nan nan nan nan 794.13 nan nan nan nan nan 785.319 785.524 785.503 785.089 783.344 nan nan nan 785.104 781.658 779.032 783.556
30.013659 786.585 791.801 nan nan nan nan 788.853 nan nan nan nan 794.13 nan nan nan nan nan 785.319 785.524 785.503 785.089 783.344 nan nan nan 785.104 781.658 779.032 783.556
30.921401 786.585 791.801 nan nan nan nan 788.853 nan nan nan nan 794.13 nan nan nan nan nan 785.319 785.524 785.503 785.089 783.344 nan nan nan 785.104 781.658 779.032 783.556
31.856598 786.585 791.801 nan nan nan nan 788.853 nan nan nan nan 794.13 nan nan nan nan nan 785.319 785.524 785.503 785.089 783.344 nan nan nan 785.104 781.658 779.032 783.556
32.820079 786.585 791.801 nan nan nan nan 788.853 nan nan nan nan 794.13 nan nan nan nan nan 785.319 785.524 785.503 785.089 783.344 nan nan nan 785.104 781.658 779.032 783.556
33.8127 786.585 791.801 nan nan nan nan 788.853 nan nan nan nan 794.13 nan nan nan nan nan 785.319 785.524 785.503 785.089 783.344 nan nan nan 785.104 781.658 779.032 783.556
34.835342 786.585 791.801 nan nan nan nan 788.853 nan nan nan nan 794.13 nan nan nan nan nan 785.319 785.524 785.503 785.089 783.344 nan nan nan 785.104 781.658 779.032 783.556
35.888913 786.585 791.801 nan nan nan nan 788.853 nan nan nan nan 794.13 nan nan nan nan nan 785.319 785.524 785.503 785.089 783.344 nan nan nan 785.104 781.658 779.032 783.556
36.974349 786.585 791.801 nan nan nan nan 788.853 nan nan nan nan 794.13 nan nan nan nan nan 785.319 785.524 785.503 785.089 783.344 nan nan nan 785.104 781.658 779.032 783.556
38.092613 786.585 791.801 nan nan nan nan 788.853 nan nan nan nan 794.13 nan nan nan nan nan 785.319 785.524 785.503 785.089 783.344 nan nan nan 785.104 781.658 779.032 783.556
39.244698 786.585 791.801 nan nan nan nan 788.853 nan nan nan nan 794.13 nan nan nan nan nan 785.319 785.524 785.503 785.089 783.344 nan nan nan 785.104 781.658 779.032 783.556
40.431627 786.585 791.801 nan nan nan nan 788.853 nan nan nan nan 794.13 nan nan nan nan nan 785.319 785.524 785.503 785.089 783.344 nan nan nan 785.104 781.658 779.032 783.556
41.654454 786.585 791.801 nan nan nan nan 788.853 nan nan nan nan 794.13 nan nan nan nan nan 785.319 785.524 785.503 785.089 783.344 nan nan nan 785.104 781.658 779.032 783.556
42.914265 786.585 791.801 nan nan nan nan 788.853 nan nan nan nan 794.13 nan nan nan nan nan 785.319 785.524 785.503 785.089 783.344 nan nan nan 785.104 781.658 779.032 783.556
44.212178 786.585 791.801 nan nan nan nan 788.853 nan nan nan nan 794.13 nan nan nan nan nan 785.319 785.524 785.503 785.089 783.344 nan nan nan 785.104 781.658 779.032 783.556
45.549345 786.585 791.801 nan nan nan nan 788.853 nan nan nan nan 794.13 nan nan nan nan nan 785.319 785.524 785.503 785.089 783.344 nan nan nan 785.104 781.658 779.032 783.556
46.926954 786.585 791.801 nan nan nan nan 788.853 nan nan nan nan 794.13 nan nan nan nan nan 785.319 785.524 785.503 785.089 783.344 nan nan nan 785.104 781.658 779.032 783.556
48.346227 786.585 791.801 nan nan nan nan 788.853 nan nan nan nan 794.13 nan nan nan nan nan 785.319 785.524 785.503 785.089 783.344 nan nan nan 785.104 781.658 779.032 783.556
49.808426 786.585 791.801 nan nan nan nan 788.853 nan nan nan nan 794.13 nan nan nan nan nan 785.319 785.524 785.503 785.089 783.344 nan nan nan 785.104 781.658 779.032 783.556
51.314848 786.585 791.801 nan nan nan nan 788.853 nan nan nan nan 794.13 nan nan nan nan nan 785.319 785.524 785.503 785.089 783.344 nan nan nan 785.104 781.658 779.032 783.556
52.86683 786.585 791.801 nan nan nan nan 788.853 nan nan nan nan 794.13 nan nan nan nan nan 785.319 785.524 785.503 785.089 783.344 nan nan nan 785.104 781.658 779.032 783.556
54.465752 786.585 791.801 nan nan nan nan 788.853 nan nan nan nan 794.13 nan nan nan nan nan 785.319 785.524 785.503 785.089 783.344 nan nan nan 785.104 781.658 779.032 783.556
56.113031 786.585 791.801 nan nan nan nan 788.853 nan nan nan nan 794.13 nan nan nan nan nan 785.319 785.524 785.503 785.089 783.344 nan nan nan 785.104 781.658 779.032 783.556
57.810132 786.585 791.801 nan nan nan nan 788.853 nan nan nan nan 794.13 nan nan nan nan nan 785.319 785.524 785.503 785.089 783.344 nan nan nan 785.104 781.658 779.032 783.556
59.55856 786.585 791.801 nan nan nan nan 788.853 nan nan nan nan 794.13 nan nan nan nan nan 785.319 785.524 785.503 785.089 783.344 nan nan nan 785.104 781.658 779.032 783.556
