web/models/kne.last_good/kappa_0.5_3.0.v1/31/villar_0.0275_0.3277_0.5000.dat
# %ECSV 1.0
# ---
# datatype:
# - {name: time, datatype: float64}
# - {name: swift_uvot_uvw2, datatype: float64}
# - {name: swift_uvot_uvm2, datatype: float64}
# - {name: swift_uvot_uvw1, datatype: float64}
# - {name: swift_uvot_U, datatype: float64}
# - {name: swift_uvot_B, datatype: float64}
# - {name: swift_uvot_V, datatype: float64}
# - {name: swift_uvot_W, datatype: float64}
# - {name: johnson_U, datatype: float64}
# - {name: johnson_B, datatype: float64}
# - {name: johnson_V, datatype: float64}
# - {name: johnson_R, datatype: float64}
# - {name: johnson_I, datatype: float64}
# - {name: sdss_u, datatype: float64}
# - {name: sdss_g, datatype: float64}
# - {name: sdss_r, datatype: float64}
# - {name: sdss_i, datatype: float64}
# - {name: sdss_z, datatype: float64}
# - {name: PS1_g, datatype: float64}
# - {name: PS1_r, datatype: float64}
# - {name: PS1_i, datatype: float64}
# - {name: PS1_z, datatype: float64}
# - {name: PS1_Y, datatype: float64}
# - {name: PS1_w, datatype: float64}
# - {name: ATLAS_c, datatype: float64}
# - {name: ATLAS_o, datatype: float64}
# - {name: ukirt_J, datatype: float64}
# - {name: ukirt_H, datatype: float64}
# - {name: ukirt_K, datatype: float64}
# - {name: Clear, datatype: float64}
# meta: !!omap
# - comment: [kappa = 0.5, type = villar, mass = 0.027507471329904786, velocity = 0.32766666666666666, theta_obs = 0.0]
# schema: astropy-2.0
time swift_uvot_uvw2 swift_uvot_uvm2 swift_uvot_uvw1 swift_uvot_U swift_uvot_B swift_uvot_V swift_uvot_W johnson_U johnson_B johnson_V johnson_R johnson_I sdss_u sdss_g sdss_r sdss_i sdss_z PS1_g PS1_r PS1_i PS1_z PS1_Y PS1_w ATLAS_c ATLAS_o ukirt_J ukirt_H ukirt_K Clear
[from data line 145]
0.07522 -12.792 -12.982 -13.129 -13.342 -13.298 -13.15 -13.119 -13.343 -13.295 -13.143 -12.914 -12.606 -13.345 -13.256 -13.027 -12.801 -12.56 -13.25 -13.038 -12.813 -12.635 -12.552 -13.032 -13.17 -12.932 -12.026 -11.556 -10.988 -13.058
0.077495 -12.804 -12.999 -13.152 -13.374 -13.336 -13.192 -13.146 -13.376 -13.333 -13.185 -12.959 -12.653 -13.378 -13.295 -13.071 -12.847 -12.608 -13.289 -13.081 -12.858 -12.681 -12.599 -13.074 -13.211 -12.976 -12.075 -11.606 -11.039 -13.1
0.079839 -12.816 -13.016 -13.173 -13.406 -13.373 -13.233 -13.173 -13.409 -13.37 -13.226 -13.003 -12.7 -13.411 -13.334 -13.114 -12.892 -12.655 -13.328 -13.124 -12.903 -12.727 -12.645 -13.117 -13.251 -13.021 -12.125 -11.657 -11.091 -13.142
0.082253 -12.828 -13.032 -13.195 -13.437 -13.41 -13.274 -13.2 -13.441 -13.407 -13.267 -13.047 -12.746 -13.443 -13.372 -13.157 -12.938 -12.701 -13.367 -13.167 -12.948 -12.774 -12.691 -13.159 -13.291 -13.064 -12.174 -11.707 -11.142 -13.183
0.084741 -12.839 -13.047 -13.216 -13.468 -13.447 -13.315 -13.226 -13.473 -13.444 -13.308 -13.091 -12.793 -13.475 -13.41 -13.199 -12.983 -12.748 -13.406 -13.21 -12.993 -12.82 -12.738 -13.201 -13.332 -13.108 -12.223 -11.758 -11.194 -13.224
0.087304 -12.849 -13.062 -13.237 -13.499 -13.483 -13.356 -13.252 -13.505 -13.481 -13.349 -13.135 -12.839 -13.507 -13.448 -13.242 -13.028 -12.795 -13.444 -13.252 -13.038 -12.866 -12.784 -13.243 -13.371 -13.152 -12.272 -11.808 -11.245 -13.265
0.089944 -12.859 -13.076 -13.257 -13.53 -13.52 -13.397 -13.278 -13.537 -13.517 -13.39 -13.178 -12.885 -13.538 -13.486 -13.284 -13.073 -12.842 -13.483 -13.295 -13.083 -12.912 -12.83 -13.284 -13.411 -13.195 -12.321 -11.858 -11.297 -13.306
0.092665 -12.868 -13.09 -13.276 -13.56 -13.556 -13.437 -13.304 -13.568 -13.553 -13.43 -13.222 -12.931 -13.569 -13.524 -13.327 -13.117 -12.888 -13.521 -13.337 -13.127 -12.958 -12.876 -13.326 -13.451 -13.238 -12.37 -11.909 -11.348 -13.346
0.095467 -12.877 -13.104 -13.296 -13.59 -13.591 -13.477 -13.329 -13.599 -13.589 -13.47 -13.265 -12.977 -13.6 -13.561 -13.369 -13.162 -12.934 -13.558 -13.379 -13.172 -13.003 -12.922 -13.367 -13.49 -13.282 -12.419 -11.959 -11.399 -13.387
0.098355 -12.885 -13.116 -13.314 -13.619 -13.627 -13.517 -13.354 -13.629 -13.624 -13.51 -13.308 -13.023 -13.63 -13.598 -13.411 -13.206 -12.981 -13.596 -13.421 -13.216 -13.049 -12.967 -13.408 -13.529 -13.324 -12.468 -12.009 -11.451 -13.427
0.101329 -12.893 -13.129 -13.333 -13.649 -13.662 -13.557 -13.378 -13.66 -13.659 -13.55 -13.351 -13.069 -13.66 -13.635 -13.453 -13.251 -13.027 -13.633 -13.462 -13.26 -13.094 -13.013 -13.449 -13.568 -13.367 -12.517 -12.059 -11.502 -13.467
0.104394 -12.9 -13.14 -13.351 -13.677 -13.697 -13.596 -13.403 -13.69 -13.694 -13.59 -13.394 -13.114 -13.69 -13.671 -13.494 -13.295 -13.073 -13.671 -13.504 -13.304 -13.14 -13.059 -13.489 -13.607 -13.41 -12.565 -12.109 -11.553 -13.507
0.107551 -12.906 -13.151 -13.368 -13.706 -13.732 -13.636 -13.427 -13.719 -13.729 -13.629 -13.437 -13.16 -13.719 -13.708 -13.535 -13.339 -13.118 -13.707 -13.545 -13.348 -13.185 -13.104 -13.53 -13.645 -13.452 -12.614 -12.159 -11.604 -13.547
0.110804 -12.912 -13.162 -13.385 -13.734 -13.766 -13.675 -13.451 -13.748 -13.763 -13.668 -13.479 -13.205 -13.748 -13.744 -13.577 -13.382 -13.164 -13.744 -13.586 -13.392 -13.23 -13.15 -13.57 -13.683 -13.495 -12.662 -12.209 -11.655 -13.586
0.114155 -12.918 -13.171 -13.401 -13.761 -13.8 -13.714 -13.474 -13.777 -13.798 -13.707 -13.521 -13.25 -13.777 -13.779 -13.618 -13.426 -13.21 -13.78 -13.627 -13.435 -13.275 -13.195 -13.61 -13.721 -13.537 -12.71 -12.259 -11.706 -13.625
0.117608 -12.922 -13.181 -13.417 -13.789 -13.834 -13.752 -13.497 -13.805 -13.831 -13.746 -13.563 -13.295 -13.805 -13.815 -13.658 -13.47 -13.255 -13.816 -13.668 -13.479 -13.32 -13.24 -13.65 -13.759 -13.578 -12.759 -12.308 -11.757 -13.664
0.121165 -12.926 -13.189 -13.433 -13.816 -13.867 -13.791 -13.52 -13.833 -13.865 -13.784 -13.605 -13.34 -13.833 -13.85 -13.699 -13.513 -13.301 -13.852 -13.708 -13.522 -13.364 -13.285 -13.69 -13.796 -13.62 -12.807 -12.358 -11.808 -13.703
0.124829 -12.93 -13.197 -13.447 -13.842 -13.9 -13.829 -13.542 -13.861 -13.898 -13.823 -13.647 -13.385 -13.86 -13.885 -13.739 -13.556 -13.346 -13.888 -13.748 -13.565 -13.409 -13.33 -13.729 -13.834 -13.662 -12.855 -12.407 -11.859 -13.742
0.128605 -12.933 -13.204 -13.462 -13.868 -13.933 -13.867 -13.564 -13.888 -13.931 -13.861 -13.689 -13.429 -13.887 -13.919 -13.779 -13.599 -13.391 -13.923 -13.788 -13.608 -13.453 -13.375 -13.768 -13.871 -13.703 -12.903 -12.457 -11.909 -13.78
0.132494 -12.935 -13.211 -13.475 -13.894 -13.966 -13.904 -13.586 -13.915 -13.963 -13.898 -13.73 -13.474 -13.914 -13.954 -13.819 -13.642 -13.436 -13.958 -13.828 -13.651 -13.498 -13.42 -13.807 -13.907 -13.744 -12.95 -12.506 -11.96 -13.818
0.136502 -12.936 -13.217 -13.489 -13.919 -13.998 -13.942 -13.608 -13.942 -13.996 -13.936 -13.771 -13.518 -13.94 -13.988 -13.859 -13.685 -13.48 -13.993 -13.868 -13.693 -13.542 -13.464 -13.846 -13.944 -13.785 -12.998 -12.556 -12.01 -13.856
0.14063 -12.937 -13.222 -13.501 -13.944 -14.029 -13.979 -13.629 -13.968 -14.027 -13.973 -13.812 -13.562 -13.966 -14.021 -13.899 -13.727 -13.525 -14.027 -13.907 -13.735 -13.586 -13.509 -13.885 -13.98 -13.826 -13.046 -12.605 -12.061 -13.893
0.144883 -12.937 -13.227 -13.513 -13.968 -14.061 -14.016 -13.649 -13.993 -14.059 -14.01 -13.853 -13.606 -13.991 -14.055 -13.938 -13.769 -13.569 -14.061 -13.946 -13.778 -13.63 -13.553 -13.923 -14.016 -13.866 -13.093 -12.654 -12.111 -13.931
0.149265 -12.937 -13.231 -13.525 -13.992 -14.092 -14.052 -13.67 -14.018 -14.09 -14.047 -13.893 -13.65 -14.016 -14.088 -13.977 -13.811 -13.614 -14.095 -13.985 -13.82 -13.673 -13.597 -13.961 -14.051 -13.906 -13.14 -12.703 -12.162 -13.968
0.15378 -12.935 -13.234 -13.536 -14.015 -14.123 -14.088 -13.69 -14.043 -14.121 -14.083 -13.934 -13.694 -14.04 -14.12 -14.016 -13.853 -13.658 -14.128 -14.024 -13.861 -13.717 -13.641 -13.999 -14.087 -13.946 -13.188 -12.752 -12.212 -14.005
0.15843 -12.933 -13.236 -13.546 -14.038 -14.153 -14.124 -13.709 -14.067 -14.151 -14.119 -13.974 -13.737 -14.064 -14.153 -14.054 -13.895 -13.702 -14.161 -14.062 -13.903 -13.76 -13.685 -14.036 -14.122 -13.986 -13.235 -12.801 -12.262 -14.042
0.163222 -12.931 -13.238 -13.555 -14.06 -14.183 -14.16 -13.729 -14.091 -14.181 -14.155 -14.013 -13.78 -14.088 -14.185 -14.092 -13.936 -13.745 -14.194 -14.1 -13.944 -13.803 -13.729 -14.074 -14.156 -14.026 -13.282 -12.849 -12.312 -14.078
0.168159 -12.927 -13.238 -13.564 -14.082 -14.213 -14.195 -13.748 -14.114 -14.211 -14.19 -14.053 -13.823 -14.11 -14.216 -14.13 -13.977 -13.789 -14.226 -14.138 -13.985 -13.846 -13.772 -14.111 -14.191 -14.065 -13.329 -12.898 -12.363 -14.114
0.173245 -12.923 -13.238 -13.573 -14.104 -14.242 -14.23 -13.766 -14.137 -14.24 -14.225 -14.092 -13.866 -14.133 -14.248 -14.168 -14.018 -13.832 -14.258 -14.176 -14.026 -13.889 -13.816 -14.147 -14.225 -14.104 -13.375 -12.947 -12.413 -14.15
0.178484 -12.918 -13.237 -13.58 -14.124 -14.27 -14.265 -13.784 -14.159 -14.269 -14.26 -14.131 -13.909 -14.155 -14.279 -14.205 -14.059 -13.875 -14.29 -14.213 -14.067 -13.931 -13.859 -14.184 -14.258 -14.143 -13.422 -12.995 -12.462 -14.185
0.183882 -12.912 -13.236 -13.587 -14.145 -14.299 -14.299 -13.802 -14.181 -14.297 -14.295 -14.17 -13.952 -14.176 -14.309 -14.242 -14.1 -13.918 -14.321 -14.25 -14.108 -13.974 -13.902 -14.22 -14.292 -14.182 -13.468 -13.043 -12.512 -14.22
0.189444 -12.905 -13.233 -13.593 -14.164 -14.327 -14.333 -13.819 -14.202 -14.325 -14.329 -14.209 -13.994 -14.197 -14.339 -14.279 -14.14 -13.961 -14.352 -14.287 -14.148 -14.016 -13.945 -14.256 -14.325 -14.22 -13.515 -13.091 -12.562 -14.255
0.195173 -12.898 -13.23 -13.599 -14.184 -14.354 -14.367 -13.836 -14.222 -14.353 -14.363 -14.247 -14.036 -14.217 -14.369 -14.316 -14.18 -14.004 -14.383 -14.324 -14.188 -14.058 -13.988 -14.291 -14.357 -14.258 -13.561 -13.139 -12.612 -14.29
0.201076 -12.889 -13.225 -13.603 -14.202 -14.381 -14.4 -13.852 -14.242 -14.38 -14.396 -14.285 -14.078 -14.237 -14.398 -14.352 -14.22 -14.046 -14.413 -14.36 -14.228 -14.1 -14.031 -14.326 -14.389 -14.296 -13.607 -13.187 -12.661 -14.324
0.207158 -12.88 -13.22 -13.607 -14.22 -14.407 -14.433 -13.868 -14.262 -14.406 -14.429 -14.323 -14.119 -14.256 -14.427 -14.388 -14.259 -14.088 -14.443 -14.396 -14.267 -14.141 -14.073 -14.361 -14.421 -14.333 -13.653 -13.235 -12.71 -14.358
0.213423 -12.87 -13.214 -13.611 -14.237 -14.433 -14.466 -13.884 -14.28 -14.432 -14.462 -14.36 -14.161 -14.274 -14.455 -14.423 -14.299 -14.13 -14.472 -14.431 -14.306 -14.182 -14.115 -14.396 -14.453 -14.37 -13.698 -13.283 -12.76 -14.392
0.219878 -12.859 -13.206 -13.613 -14.254 -14.459 -14.498 -13.898 -14.299 -14.458 -14.494 -14.397 -14.202 -14.292 -14.483 -14.458 -14.338 -14.172 -14.501 -14.466 -14.345 -14.224 -14.157 -14.43 -14.484 -14.407 -13.744 -13.33 -12.809 -14.425
0.226528 -12.847 -13.198 -13.614 -14.27 -14.484 -14.53 -13.913 -14.316 -14.483 -14.526 -14.434 -14.243 -14.309 -14.51 -14.493 -14.376 -14.213 -14.529 -14.501 -14.384 -14.264 -14.199 -14.464 -14.515 -14.443 -13.789 -13.378 -12.858 -14.458
0.233379 -12.833 -13.189 -13.615 -14.285 -14.508 -14.561 -13.927 -14.333 -14.507 -14.558 -14.47 -14.283 -14.326 -14.537 -14.528 -14.415 -14.255 -14.557 -14.535 -14.422 -14.305 -14.241 -14.497 -14.545 -14.479 -13.834 -13.425 -12.907 -14.49
0.240437 -12.819 -13.178 -13.615 -14.299 -14.532 -14.592 -13.94 -14.349 -14.531 -14.589 -14.506 -14.324 -14.341 -14.564 -14.562 -14.453 -14.295 -14.584 -14.569 -14.46 -14.345 -14.282 -14.531 -14.574 -14.515 -13.879 -13.472 -12.956 -14.523
0.247709 -12.804 -13.167 -13.614 -14.313 -14.555 -14.622 -13.953 -14.365 -14.555 -14.619 -14.542 -14.364 -14.356 -14.589 -14.595 -14.49 -14.336 -14.611 -14.603 -14.498 -14.385 -14.323 -14.563 -14.604 -14.551 -13.924 -13.519 -13.005 -14.554
0.255201 -12.788 -13.154 -13.611 -14.326 -14.578 -14.652 -13.965 -14.379 -14.577 -14.649 -14.578 -14.403 -14.371 -14.615 -14.629 -14.528 -14.376 -14.637 -14.636 -14.535 -14.425 -14.364 -14.596 -14.633 -14.586 -13.969 -13.566 -13.053 -14.586
0.262919 -12.771 -13.14 -13.608 -14.339 -14.6 -14.682 -13.977 -14.393 -14.6 -14.679 -14.612 -14.443 -14.384 -14.639 -14.662 -14.565 -14.417 -14.663 -14.669 -14.573 -14.464 -14.405 -14.627 -14.661 -14.62 -14.013 -13.613 -13.102 -14.617
0.270871 -12.753 -13.125 -13.604 -14.35 -14.621 -14.711 -13.988 -14.406 -14.621 -14.708 -14.647 -14.482 -14.397 -14.664 -14.694 -14.602 -14.456 -14.688 -14.702 -14.609 -14.504 -14.445 -14.659 -14.689 -14.654 -14.057 -13.659 -13.15 -14.647
0.279064 -12.733 -13.108 -13.599 -14.361 -14.642 -14.739 -13.999 -14.419 -14.642 -14.737 -14.681 -14.521 -14.409 -14.687 -14.726 -14.638 -14.496 -14.713 -14.734 -14.646 -14.542 -14.485 -14.69 -14.716 -14.688 -14.101 -13.705 -13.198 -14.677
0.287504 -12.713 -13.09 -13.593 -14.37 -14.662 -14.767 -14.009 -14.43 -14.662 -14.765 -14.715 -14.559 -14.42 -14.71 -14.757 -14.674 -14.535 -14.737 -14.765 -14.682 -14.581 -14.525 -14.72 -14.743 -14.722 -14.145 -13.751 -13.246 -14.707
0.296199 -12.691 -13.071 -13.586 -14.379 -14.681 -14.794 -14.018 -14.441 -14.682 -14.792 -14.748 -14.598 -14.43 -14.732 -14.788 -14.709 -14.574 -14.76 -14.796 -14.717 -14.619 -14.564 -14.75 -14.769 -14.755 -14.188 -13.797 -13.294 -14.736
0.305157 -12.668 -13.051 -13.577 -14.387 -14.7 -14.821 -14.027 -14.451 -14.7 -14.819 -14.781 -14.635 -14.439 -14.754 -14.819 -14.745 -14.612 -14.783 -14.826 -14.752 -14.657 -14.603 -14.78 -14.794 -14.787 -14.231 -13.843 -13.342 -14.764
0.314387 -12.644 -13.029 -13.568 -14.394 -14.718 -14.847 -14.034 -14.46 -14.718 -14.845 -14.813 -14.673 -14.448 -14.775 -14.849 -14.779 -14.65 -14.805 -14.856 -14.787 -14.694 -14.642 -14.809 -14.819 -14.819 -14.274 -13.888 -13.389 -14.792
0.323895 -12.618 -13.005 -13.557 -14.4 -14.735 -14.873 -14.042 -14.467 -14.735 -14.871 -14.845 -14.71 -14.455 -14.795 -14.878 -14.813 -14.688 -14.827 -14.886 -14.821 -14.731 -14.681 -14.837 -14.844 -14.851 -14.317 -13.934 -13.437 -14.82
0.333691 -12.591 -12.98 -13.545 -14.404 -14.751 -14.897 -14.048 -14.474 -14.752 -14.896 -14.877 -14.747 -14.461 -14.814 -14.907 -14.847 -14.725 -14.847 -14.915 -14.855 -14.768 -14.719 -14.865 -14.867 -14.881 -14.359 -13.979 -13.484 -14.847
0.343783 -12.562 -12.953 -13.531 -14.408 -14.766 -14.922 -14.053 -14.48 -14.767 -14.921 -14.908 -14.783 -14.467 -14.833 -14.935 -14.881 -14.762 -14.867 -14.943 -14.888 -14.804 -14.757 -14.893 -14.89 -14.912 -14.401 -14.023 -13.531 -14.873
0.354181 -12.533 -12.925 -13.516 -14.411 -14.781 -14.945 -14.058 -14.485 -14.782 -14.944 -14.938 -14.818 -14.471 -14.85 -14.963 -14.913 -14.799 -14.886 -14.97 -14.921 -14.84 -14.794 -14.919 -14.912 -14.942 -14.443 -14.068 -13.577 -14.899
0.364893 -12.501 -12.895 -13.5 -14.412 -14.794 -14.968 -14.062 -14.488 -14.795 -14.967 -14.967 -14.854 -14.474 -14.867 -14.99 -14.946 -14.835 -14.904 -14.997 -14.953 -14.875 -14.831 -14.945 -14.934 -14.971 -14.485 -14.112 -13.624 -14.924
0.375929 -12.468 -12.863 -13.482 -14.412 -14.807 -14.99 -14.065 -14.491 -14.808 -14.989 -14.996 -14.889 -14.475 -14.883 -15.016 -14.977 -14.87 -14.922 -15.024 -14.985 -14.91 -14.867 -14.971 -14.954 -15.0 -14.526 -14.156 -13.67 -14.948
0.387298 -12.434 -12.829 -13.463 -14.411 -14.818 -15.011 -14.067 -14.492 -14.82 -15.011 -15.025 -14.923 -14.476 -14.898 -15.041 -15.008 -14.905 -14.938 -15.049 -15.016 -14.945 -14.903 -14.995 -14.974 -15.028 -14.566 -14.2 -13.716 -14.972
0.399012 -12.398 -12.792 -13.442 -14.409 -14.828 -15.031 -14.068 -14.491 -14.83 -15.031 -15.053 -14.957 -14.475 -14.912 -15.066 -15.039 -14.94 -14.954 -15.074 -15.047 -14.978 -14.939 -15.019 -14.993 -15.055 -14.607 -14.243 -13.762 -14.995
0.41108 -12.36 -12.754 -13.419 -14.405 -14.838 -15.05 -14.068 -14.49 -14.84 -15.051 -15.08 -14.99 -14.473 -14.925 -15.09 -15.069 -14.974 -14.968 -15.098 -15.077 -15.012 -14.974 -15.043 -15.011 -15.081 -14.646 -14.286 -13.808 -15.017
0.423513 -12.32 -12.714 -13.395 -14.399 -14.846 -15.068 -14.067 -14.487 -14.848 -15.069 -15.106 -15.022 -14.469 -14.937 -15.113 -15.098 -15.008 -14.982 -15.121 -15.106 -15.044 -15.009 -15.065 -15.028 -15.107 -14.686 -14.329 -13.853 -15.038
0.436321 -12.279 -12.671 -13.368 -14.392 -14.853 -15.086 -14.065 -14.482 -14.855 -15.087 -15.131 -15.054 -14.464 -14.948 -15.136 -15.126 -15.04 -14.994 -15.144 -15.135 -15.076 -15.043 -15.086 -15.044 -15.132 -14.725 -14.371 -13.898 -15.059
0.449518 -12.235 -12.626 -13.34 -14.384 -14.858 -15.102 -14.062 -14.476 -14.861 -15.104 -15.156 -15.086 -14.457 -14.958 -15.157 -15.154 -15.073 -15.005 -15.165 -15.162 -15.108 -15.076 -15.107 -15.059 -15.157 -14.764 -14.413 -13.943 -15.079
0.463113 -12.19 -12.579 -13.31 -14.374 -14.862 -15.118 -14.057 -14.468 -14.865 -15.119 -15.18 -15.117 -14.448 -14.966 -15.177 -15.181 -15.104 -15.015 -15.186 -15.189 -15.139 -15.109 -15.127 -15.073 -15.18 -14.802 -14.455 -13.987 -15.097
0.47712 -12.142 -12.528 -13.277 -14.362 -14.865 -15.132 -14.051 -14.459 -14.868 -15.134 -15.203 -15.147 -14.438 -14.973 -15.197 -15.207 -15.135 -15.024 -15.206 -15.216 -15.169 -15.142 -15.146 -15.086 -15.202 -14.839 -14.496 -14.031 -15.115
0.49155 -12.093 -12.475 -13.243 -14.348 -14.866 -15.145 -14.044 -14.448 -14.87 -15.147 -15.225 -15.176 -14.426 -14.979 -15.215 -15.232 -15.165 -15.032 -15.224 -15.241 -15.198 -15.173 -15.163 -15.098 -15.224 -14.877 -14.537 -14.075 -15.132
0.506416 -12.041 -12.419 -13.206 -14.332 -14.866 -15.156 -14.036 -14.435 -14.87 -15.159 -15.246 -15.204 -14.412 -14.983 -15.233 -15.256 -15.195 -15.038 -15.242 -15.265 -15.227 -15.204 -15.18 -15.108 -15.244 -14.913 -14.577 -14.118 -15.148
0.521733 -11.988 -12.36 -13.166 -14.314 -14.864 -15.167 -14.026 -14.419 -14.868 -15.17 -15.266 -15.232 -14.396 -14.986 -15.249 -15.28 -15.223 -15.042 -15.258 -15.289 -15.254 -15.234 -15.196 -15.117 -15.264 -14.949 -14.617 -14.161 -15.162
