web/models/kne.last_good/kappa_0.5_3.0.v1/31/villar_0.0224_0.0613_3.0000.dat
# %ECSV 1.0
# ---
# datatype:
# - {name: time, datatype: float64}
# - {name: swift_uvot_uvw2, datatype: float64}
# - {name: swift_uvot_uvm2, datatype: float64}
# - {name: swift_uvot_uvw1, datatype: float64}
# - {name: swift_uvot_U, datatype: float64}
# - {name: swift_uvot_B, datatype: float64}
# - {name: swift_uvot_V, datatype: float64}
# - {name: swift_uvot_W, datatype: float64}
# - {name: johnson_U, datatype: float64}
# - {name: johnson_B, datatype: float64}
# - {name: johnson_V, datatype: float64}
# - {name: johnson_R, datatype: float64}
# - {name: johnson_I, datatype: float64}
# - {name: sdss_u, datatype: float64}
# - {name: sdss_g, datatype: float64}
# - {name: sdss_r, datatype: float64}
# - {name: sdss_i, datatype: float64}
# - {name: sdss_z, datatype: float64}
# - {name: PS1_g, datatype: float64}
# - {name: PS1_r, datatype: float64}
# - {name: PS1_i, datatype: float64}
# - {name: PS1_z, datatype: float64}
# - {name: PS1_Y, datatype: float64}
# - {name: PS1_w, datatype: float64}
# - {name: ATLAS_c, datatype: float64}
# - {name: ATLAS_o, datatype: float64}
# - {name: ukirt_J, datatype: float64}
# - {name: ukirt_H, datatype: float64}
# - {name: ukirt_K, datatype: float64}
# - {name: Clear, datatype: float64}
# meta: !!omap
# - comment: [kappa = 3.0, type = villar, mass = 0.022360679775100388, velocity = 0.06133333333333335, theta_obs = 0.0]
# schema: astropy-2.0
time swift_uvot_uvw2 swift_uvot_uvm2 swift_uvot_uvw1 swift_uvot_U swift_uvot_B swift_uvot_V swift_uvot_W johnson_U johnson_B johnson_V johnson_R johnson_I sdss_u sdss_g sdss_r sdss_i sdss_z PS1_g PS1_r PS1_i PS1_z PS1_Y PS1_w ATLAS_c ATLAS_o ukirt_J ukirt_H ukirt_K Clear
[from data line 152]
0.092665 -11.099 -11.148 -11.157 -11.093 -10.906 -10.651 -11.044 -11.069 -10.903 -10.642 -10.339 -9.966 -11.076 -10.827 -10.48 -10.195 -9.911 -10.811 -10.498 -10.215 -10.011 -9.942 -10.51 -10.693 -10.362 -9.315 -8.811 -8.215 -10.559
0.095467 -11.124 -11.177 -11.19 -11.132 -10.949 -10.697 -11.078 -11.109 -10.946 -10.688 -10.387 -10.015 -11.116 -10.871 -10.527 -10.243 -9.96 -10.855 -10.545 -10.263 -10.059 -9.99 -10.556 -10.738 -10.409 -9.366 -8.863 -8.268 -10.605
0.098355 -11.149 -11.206 -11.222 -11.172 -10.992 -10.742 -11.112 -11.149 -10.988 -10.733 -10.434 -10.064 -11.155 -10.915 -10.574 -10.291 -10.009 -10.899 -10.591 -10.311 -10.108 -10.038 -10.602 -10.783 -10.457 -9.417 -8.914 -8.32 -10.65
0.101329 -11.173 -11.234 -11.253 -11.211 -11.035 -10.788 -11.146 -11.189 -11.031 -10.779 -10.482 -10.113 -11.195 -10.958 -10.621 -10.34 -10.059 -10.943 -10.638 -10.359 -10.156 -10.085 -10.648 -10.828 -10.504 -9.468 -8.966 -8.373 -10.696
0.104394 -11.197 -11.262 -11.285 -11.25 -11.077 -10.833 -11.18 -11.228 -11.074 -10.824 -10.529 -10.162 -11.234 -11.002 -10.667 -10.388 -10.108 -10.987 -10.684 -10.407 -10.204 -10.133 -10.694 -10.872 -10.551 -9.518 -9.018 -8.425 -10.741
0.107551 -11.22 -11.29 -11.316 -11.288 -11.12 -10.878 -11.213 -11.268 -11.116 -10.869 -10.576 -10.211 -11.274 -11.045 -10.714 -10.436 -10.157 -11.03 -10.73 -10.454 -10.253 -10.18 -10.74 -10.917 -10.598 -9.569 -9.07 -8.478 -10.786
0.110804 -11.244 -11.317 -11.347 -11.327 -11.162 -10.923 -11.246 -11.307 -11.158 -10.915 -10.623 -10.26 -11.313 -11.088 -10.76 -10.484 -10.206 -11.074 -10.776 -10.502 -10.301 -10.228 -10.786 -10.961 -10.645 -9.62 -9.121 -8.53 -10.831
0.114155 -11.266 -11.344 -11.377 -11.365 -11.204 -10.968 -11.279 -11.346 -11.201 -10.96 -10.67 -10.309 -11.351 -11.131 -10.806 -10.531 -10.255 -11.117 -10.822 -10.549 -10.349 -10.275 -10.831 -11.006 -10.692 -9.67 -9.173 -8.582 -10.876
0.117608 -11.289 -11.371 -11.408 -11.403 -11.246 -11.013 -11.311 -11.384 -11.242 -11.004 -10.717 -10.357 -11.39 -11.174 -10.852 -10.579 -10.304 -11.16 -10.868 -10.597 -10.397 -10.323 -10.877 -11.05 -10.739 -9.721 -9.224 -8.635 -10.921
0.121165 -11.311 -11.397 -11.438 -11.441 -11.288 -11.058 -11.344 -11.423 -11.284 -11.049 -10.764 -10.406 -11.428 -11.217 -10.898 -10.627 -10.353 -11.203 -10.914 -10.644 -10.445 -10.37 -10.922 -11.094 -10.785 -9.772 -9.276 -8.687 -10.965
0.124829 -11.333 -11.423 -11.468 -11.478 -11.329 -11.103 -11.376 -11.461 -11.326 -11.094 -10.811 -10.454 -11.467 -11.26 -10.944 -10.675 -10.402 -11.246 -10.96 -10.691 -10.493 -10.417 -10.967 -11.138 -10.832 -9.822 -9.327 -8.739 -11.01
0.128605 -11.354 -11.449 -11.497 -11.516 -11.371 -11.147 -11.408 -11.499 -11.367 -11.138 -10.857 -10.503 -11.505 -11.302 -10.99 -10.722 -10.451 -11.289 -11.005 -10.739 -10.541 -10.465 -11.012 -11.182 -10.878 -9.873 -9.379 -8.791 -11.054
0.132494 -11.375 -11.474 -11.526 -11.553 -11.412 -11.191 -11.44 -11.537 -11.409 -11.183 -10.904 -10.551 -11.542 -11.345 -11.036 -10.769 -10.499 -11.331 -11.051 -10.786 -10.589 -10.512 -11.057 -11.226 -10.925 -9.923 -9.43 -8.843 -11.099
0.136502 -11.396 -11.499 -11.555 -11.59 -11.453 -11.236 -11.471 -11.575 -11.45 -11.227 -10.95 -10.6 -11.58 -11.387 -11.082 -10.817 -10.548 -11.374 -11.096 -10.833 -10.637 -10.559 -11.102 -11.269 -10.971 -9.974 -9.481 -8.896 -11.143
0.14063 -11.416 -11.523 -11.584 -11.627 -11.494 -11.28 -11.503 -11.612 -11.491 -11.271 -10.996 -10.648 -11.617 -11.429 -11.127 -10.864 -10.596 -11.416 -11.141 -10.88 -10.684 -10.607 -11.147 -11.313 -11.017 -10.024 -9.533 -8.948 -11.187
0.144883 -11.436 -11.548 -11.612 -11.663 -11.535 -11.324 -11.534 -11.65 -11.532 -11.315 -11.043 -10.696 -11.655 -11.471 -11.172 -10.911 -10.645 -11.458 -11.187 -10.926 -10.732 -10.654 -11.191 -11.356 -11.063 -10.074 -9.584 -9.0 -11.231
0.149265 -11.455 -11.571 -11.64 -11.699 -11.576 -11.368 -11.565 -11.687 -11.572 -11.359 -11.089 -10.744 -11.691 -11.512 -11.218 -10.958 -10.693 -11.5 -11.232 -10.973 -10.779 -10.701 -11.236 -11.399 -11.109 -10.124 -9.635 -9.052 -11.275
0.15378 -11.474 -11.595 -11.667 -11.736 -11.616 -11.411 -11.595 -11.723 -11.613 -11.403 -11.135 -10.792 -11.728 -11.554 -11.263 -11.005 -10.741 -11.542 -11.277 -11.02 -10.827 -10.748 -11.28 -11.442 -11.155 -10.174 -9.686 -9.104 -11.318
0.15843 -11.493 -11.618 -11.694 -11.771 -11.656 -11.455 -11.626 -11.76 -11.653 -11.447 -11.181 -10.84 -11.765 -11.595 -11.308 -11.052 -10.79 -11.584 -11.321 -11.067 -10.874 -10.795 -11.324 -11.485 -11.201 -10.225 -9.737 -9.156 -11.362
0.163222 -11.511 -11.64 -11.721 -11.807 -11.696 -11.498 -11.656 -11.796 -11.693 -11.49 -11.226 -10.888 -11.801 -11.637 -11.353 -11.099 -10.838 -11.625 -11.366 -11.113 -10.922 -10.842 -11.369 -11.528 -11.247 -10.275 -9.789 -9.208 -11.405
0.168159 -11.529 -11.662 -11.748 -11.842 -11.736 -11.542 -11.686 -11.832 -11.733 -11.533 -11.272 -10.936 -11.837 -11.678 -11.398 -11.146 -10.886 -11.667 -11.411 -11.16 -10.969 -10.889 -11.413 -11.57 -11.292 -10.325 -9.84 -9.26 -11.449
0.173245 -11.546 -11.684 -11.774 -11.877 -11.776 -11.585 -11.716 -11.868 -11.773 -11.577 -11.318 -10.983 -11.873 -11.719 -11.442 -11.192 -10.934 -11.708 -11.455 -11.206 -11.016 -10.936 -11.456 -11.613 -11.338 -10.375 -9.891 -9.312 -11.492
0.178484 -11.563 -11.706 -11.8 -11.912 -11.815 -11.628 -11.745 -11.904 -11.812 -11.62 -11.363 -11.031 -11.908 -11.759 -11.487 -11.239 -10.982 -11.749 -11.499 -11.252 -11.063 -10.983 -11.5 -11.655 -11.383 -10.424 -9.942 -9.364 -11.535
0.183882 -11.579 -11.727 -11.826 -11.947 -11.855 -11.671 -11.774 -11.939 -11.851 -11.662 -11.409 -11.078 -11.943 -11.8 -11.531 -11.285 -11.029 -11.79 -11.544 -11.298 -11.11 -11.029 -11.544 -11.697 -11.428 -10.474 -9.993 -9.415 -11.578
0.189444 -11.595 -11.747 -11.851 -11.981 -11.894 -11.713 -11.803 -11.975 -11.891 -11.705 -11.454 -11.126 -11.978 -11.84 -11.575 -11.331 -11.077 -11.83 -11.588 -11.344 -11.157 -11.076 -11.587 -11.739 -11.473 -10.524 -10.043 -9.467 -11.62
0.195173 -11.611 -11.767 -11.876 -12.015 -11.933 -11.756 -11.832 -12.009 -11.929 -11.748 -11.499 -11.173 -12.013 -11.88 -11.62 -11.377 -11.125 -11.871 -11.632 -11.39 -11.204 -11.123 -11.631 -11.781 -11.518 -10.574 -10.094 -9.519 -11.663
0.201076 -11.626 -11.787 -11.9 -12.049 -11.971 -11.798 -11.86 -12.044 -11.968 -11.79 -11.544 -11.22 -12.048 -11.92 -11.664 -11.424 -11.172 -11.911 -11.676 -11.436 -11.251 -11.169 -11.674 -11.823 -11.563 -10.623 -10.145 -9.571 -11.705
0.207158 -11.641 -11.806 -11.924 -12.082 -12.01 -11.84 -11.889 -12.078 -12.007 -11.833 -11.589 -11.267 -12.082 -11.96 -11.707 -11.469 -11.22 -11.951 -11.719 -11.482 -11.298 -11.216 -11.717 -11.864 -11.608 -10.673 -10.196 -9.622 -11.748
0.213423 -11.655 -11.825 -11.948 -12.116 -12.048 -11.882 -11.917 -12.113 -12.045 -11.875 -11.633 -11.314 -12.116 -12.0 -11.751 -11.515 -11.267 -11.991 -11.763 -11.527 -11.344 -11.263 -11.76 -11.905 -11.652 -10.722 -10.246 -9.674 -11.79
0.219878 -11.669 -11.843 -11.972 -12.149 -12.086 -11.924 -11.944 -12.146 -12.083 -11.917 -11.678 -11.361 -12.15 -12.039 -11.795 -11.561 -11.314 -12.031 -11.806 -11.573 -11.391 -11.309 -11.803 -11.946 -11.697 -10.772 -10.297 -9.726 -11.832
0.226528 -11.682 -11.861 -11.995 -12.181 -12.124 -11.966 -11.972 -12.18 -12.121 -11.958 -11.723 -11.408 -12.183 -12.078 -11.838 -11.607 -11.362 -12.071 -11.85 -11.618 -11.437 -11.355 -11.845 -11.987 -11.741 -10.821 -10.348 -9.777 -11.874
0.233379 -11.695 -11.879 -12.017 -12.214 -12.162 -12.008 -11.999 -12.213 -12.159 -12.0 -11.767 -11.455 -12.216 -12.117 -11.882 -11.652 -11.409 -12.11 -11.893 -11.664 -11.484 -11.402 -11.888 -12.028 -11.785 -10.871 -10.398 -9.829 -11.915
0.240437 -11.708 -11.896 -12.039 -12.246 -12.199 -12.049 -12.026 -12.246 -12.196 -12.042 -11.811 -11.502 -12.249 -12.156 -11.925 -11.698 -11.456 -12.15 -11.936 -11.709 -11.53 -11.448 -11.93 -12.069 -11.829 -10.92 -10.449 -9.88 -11.957
0.247709 -11.72 -11.912 -12.061 -12.278 -12.236 -12.09 -12.053 -12.279 -12.233 -12.083 -11.855 -11.548 -12.282 -12.195 -11.968 -11.743 -11.503 -12.189 -11.979 -11.754 -11.576 -11.494 -11.972 -12.109 -11.873 -10.969 -10.499 -9.932 -11.998
0.255201 -11.731 -11.928 -12.083 -12.309 -12.273 -12.131 -12.079 -12.312 -12.27 -12.124 -11.899 -11.595 -12.314 -12.233 -12.011 -11.788 -11.549 -12.228 -12.021 -11.799 -11.623 -11.54 -12.014 -12.15 -11.917 -11.018 -10.549 -9.983 -12.04
0.262919 -11.742 -11.944 -12.104 -12.34 -12.31 -12.172 -12.106 -12.344 -12.307 -12.165 -11.943 -11.641 -12.346 -12.271 -12.053 -11.833 -11.596 -12.266 -12.064 -11.844 -11.669 -11.586 -12.056 -12.19 -11.961 -11.067 -10.6 -10.034 -12.081
0.270871 -11.752 -11.959 -12.124 -12.371 -12.347 -12.213 -12.132 -12.376 -12.344 -12.206 -11.987 -11.687 -12.378 -12.309 -12.096 -11.878 -11.643 -12.305 -12.106 -11.889 -11.714 -11.632 -12.098 -12.229 -12.004 -11.116 -10.65 -10.086 -12.122
0.279064 -11.762 -11.973 -12.145 -12.402 -12.383 -12.253 -12.157 -12.407 -12.38 -12.246 -12.03 -11.733 -12.409 -12.347 -12.138 -11.923 -11.689 -12.343 -12.149 -11.933 -11.76 -11.678 -12.139 -12.269 -12.048 -11.165 -10.7 -10.137 -12.162
0.287504 -11.772 -11.987 -12.164 -12.432 -12.419 -12.294 -12.183 -12.438 -12.416 -12.287 -12.074 -11.779 -12.44 -12.385 -12.181 -11.967 -11.736 -12.381 -12.191 -11.978 -11.806 -11.724 -12.181 -12.309 -12.091 -11.214 -10.75 -10.188 -12.203
0.296199 -11.781 -12.001 -12.184 -12.462 -12.455 -12.334 -12.208 -12.469 -12.452 -12.327 -12.117 -11.825 -12.471 -12.422 -12.223 -12.012 -11.782 -12.419 -12.233 -12.022 -11.852 -11.77 -12.222 -12.348 -12.134 -11.263 -10.801 -10.239 -12.243
0.305157 -11.789 -12.013 -12.203 -12.492 -12.49 -12.374 -12.233 -12.5 -12.487 -12.367 -12.16 -11.871 -12.501 -12.459 -12.265 -12.056 -11.828 -12.456 -12.275 -12.066 -11.897 -11.816 -12.263 -12.387 -12.177 -11.311 -10.851 -10.291 -12.283
0.314387 -11.797 -12.026 -12.221 -12.521 -12.525 -12.414 -12.257 -12.53 -12.523 -12.407 -12.203 -11.917 -12.531 -12.496 -12.306 -12.101 -11.874 -12.494 -12.316 -12.11 -11.943 -11.861 -12.304 -12.426 -12.22 -11.36 -10.901 -10.342 -12.323
0.323895 -11.804 -12.038 -12.239 -12.55 -12.56 -12.453 -12.282 -12.56 -12.558 -12.446 -12.246 -11.962 -12.561 -12.532 -12.348 -12.145 -11.92 -12.531 -12.358 -12.154 -11.988 -11.907 -12.344 -12.465 -12.262 -11.409 -10.951 -10.393 -12.363
0.333691 -11.811 -12.049 -12.257 -12.578 -12.595 -12.493 -12.306 -12.59 -12.593 -12.486 -12.289 -12.008 -12.591 -12.569 -12.389 -12.189 -11.966 -12.568 -12.399 -12.198 -12.033 -11.952 -12.385 -12.503 -12.305 -11.457 -11.0 -10.444 -12.403
0.343783 -11.817 -12.06 -12.274 -12.607 -12.63 -12.532 -12.33 -12.619 -12.627 -12.525 -12.331 -12.053 -12.62 -12.605 -12.431 -12.233 -12.012 -12.604 -12.44 -12.242 -12.078 -11.997 -12.425 -12.541 -12.347 -11.505 -11.05 -10.495 -12.442
0.354181 -11.823 -12.07 -12.291 -12.635 -12.664 -12.571 -12.353 -12.648 -12.661 -12.564 -12.373 -12.098 -12.649 -12.641 -12.472 -12.276 -12.057 -12.641 -12.481 -12.286 -12.123 -12.043 -12.465 -12.579 -12.389 -11.554 -11.1 -10.546 -12.482
0.364893 -11.828 -12.08 -12.307 -12.662 -12.698 -12.609 -12.376 -12.677 -12.695 -12.603 -12.416 -12.143 -12.677 -12.676 -12.512 -12.32 -12.103 -12.677 -12.522 -12.329 -12.168 -12.088 -12.505 -12.617 -12.431 -11.602 -11.15 -10.597 -12.521
0.375929 -11.832 -12.089 -12.322 -12.689 -12.731 -12.648 -12.399 -12.705 -12.729 -12.642 -12.458 -12.188 -12.705 -12.712 -12.553 -12.363 -12.148 -12.713 -12.562 -12.372 -12.213 -12.133 -12.545 -12.655 -12.473 -11.65 -11.199 -10.647 -12.56
0.387298 -11.836 -12.097 -12.338 -12.716 -12.765 -12.686 -12.422 -12.733 -12.762 -12.68 -12.499 -12.233 -12.733 -12.747 -12.594 -12.406 -12.193 -12.749 -12.603 -12.415 -12.257 -12.178 -12.585 -12.692 -12.514 -11.698 -11.249 -10.698 -12.598
0.399012 -11.84 -12.105 -12.352 -12.742 -12.798 -12.724 -12.444 -12.761 -12.795 -12.718 -12.541 -12.278 -12.76 -12.782 -12.634 -12.45 -12.238 -12.784 -12.643 -12.458 -12.302 -12.223 -12.624 -12.729 -12.556 -11.746 -11.298 -10.749 -12.637
0.41108 -11.842 -12.112 -12.367 -12.768 -12.831 -12.762 -12.466 -12.788 -12.828 -12.756 -12.583 -12.322 -12.787 -12.816 -12.674 -12.493 -12.283 -12.819 -12.683 -12.501 -12.346 -12.267 -12.663 -12.766 -12.597 -11.794 -11.348 -10.8 -12.675
0.423513 -11.844 -12.119 -12.38 -12.794 -12.863 -12.8 -12.488 -12.815 -12.861 -12.794 -12.624 -12.367 -12.814 -12.85 -12.714 -12.535 -12.328 -12.854 -12.723 -12.544 -12.39 -12.312 -12.702 -12.803 -12.638 -11.842 -11.397 -10.85 -12.713
0.436321 -11.846 -12.125 -12.394 -12.819 -12.895 -12.837 -12.509 -12.841 -12.893 -12.831 -12.665 -12.411 -12.84 -12.884 -12.754 -12.578 -12.373 -12.889 -12.762 -12.586 -12.434 -12.357 -12.741 -12.839 -12.679 -11.889 -11.446 -10.901 -12.751
0.449518 -11.847 -12.13 -12.406 -12.844 -12.927 -12.874 -12.53 -12.867 -12.925 -12.868 -12.706 -12.455 -12.866 -12.918 -12.793 -12.62 -12.417 -12.923 -12.802 -12.629 -12.478 -12.401 -12.779 -12.876 -12.72 -11.937 -11.495 -10.951 -12.789
0.463113 -11.847 -12.135 -12.418 -12.868 -12.958 -12.911 -12.551 -12.893 -12.956 -12.905 -12.747 -12.499 -12.891 -12.952 -12.832 -12.663 -12.462 -12.957 -12.841 -12.671 -12.522 -12.445 -12.818 -12.912 -12.76 -11.984 -11.545 -11.002 -12.826
0.47712 -11.847 -12.139 -12.43 -12.892 -12.99 -12.948 -12.572 -12.918 -12.988 -12.942 -12.787 -12.543 -12.916 -12.985 -12.871 -12.705 -12.506 -12.991 -12.88 -12.713 -12.566 -12.49 -12.856 -12.947 -12.801 -12.032 -11.594 -11.052 -12.863
0.49155 -11.845 -12.142 -12.441 -12.916 -13.02 -12.984 -12.592 -12.943 -13.019 -12.979 -12.828 -12.586 -12.94 -13.017 -12.91 -12.747 -12.55 -13.025 -12.919 -12.755 -12.609 -12.534 -12.894 -12.983 -12.841 -12.079 -11.643 -11.102 -12.9
0.506416 -11.844 -12.145 -12.451 -12.939 -13.051 -13.02 -12.612 -12.967 -13.049 -13.015 -12.868 -12.63 -12.965 -13.05 -12.949 -12.788 -12.594 -13.058 -12.957 -12.796 -12.653 -12.578 -12.931 -13.018 -12.881 -12.126 -11.691 -11.153 -12.937
0.521733 -11.841 -12.147 -12.461 -12.962 -13.081 -13.056 -12.631 -12.991 -13.079 -13.051 -12.908 -12.673 -12.988 -13.082 -12.987 -12.83 -12.638 -13.091 -12.995 -12.838 -12.696 -12.622 -12.969 -13.052 -12.92 -12.173 -11.74 -11.203 -12.974
0.537512 -11.838 -12.148 -12.471 -12.984 -13.111 -13.091 -12.65 -13.015 -13.109 -13.086 -12.947 -12.717 -13.011 -13.114 -13.025 -12.871 -12.682 -13.124 -13.034 -12.879 -12.739 -12.665 -13.006 -13.087 -12.96 -12.22 -11.789 -11.253 -13.01
0.553769 -11.835 -12.148 -12.479 -13.005 -13.14 -13.127 -12.669 -13.038 -13.139 -13.122 -12.987 -12.76 -13.034 -13.146 -13.063 -12.912 -12.725 -13.156 -13.071 -12.92 -12.782 -12.709 -13.043 -13.121 -12.999 -12.267 -11.838 -11.303 -13.046
0.570517 -11.83 -12.148 -12.488 -13.027 -13.169 -13.162 -12.687 -13.06 -13.168 -13.157 -13.026 -12.802 -13.056 -13.177 -13.101 -12.953 -12.769 -13.188 -13.109 -12.961 -12.825 -12.752 -13.08 -13.155 -13.038 -12.314 -11.886 -11.353 -13.082
0.587772 -11.825 -12.147 -12.495 -13.047 -13.198 -13.196 -12.705 -13.083 -13.197 -13.192 -13.065 -12.845 -13.078 -13.208 -13.138 -12.994 -12.812 -13.22 -13.146 -13.002 -12.867 -12.796 -13.116 -13.189 -13.077 -12.361 -11.935 -11.403 -13.117
0.605549 -11.819 -12.145 -12.502 -13.068 -13.226 -13.231 -12.723 -13.104 -13.225 -13.226 -13.104 -12.888 -13.1 -13.238 -13.175 -13.035 -12.855 -13.251 -13.183 -13.043 -12.91 -12.839 -13.152 -13.222 -13.115 -12.407 -11.983 -11.453 -13.152
0.623863 -11.813 -12.143 -12.508 -13.087 -13.254 -13.265 -12.741 -13.125 -13.253 -13.26 -13.143 -12.93 -13.12 -13.268 -13.212 -13.075 -12.898 -13.282 -13.22 -13.083 -12.952 -12.882 -13.188 -13.255 -13.154 -12.453 -12.031 -11.503 -13.187
0.642731 -11.805 -12.14 -12.514 -13.107 -13.282 -13.299 -12.758 -13.146 -13.281 -13.294 -13.181 -12.972 -13.141 -13.298 -13.249 -13.115 -12.94 -13.312 -13.257 -13.123 -12.994 -12.925 -13.224 -13.288 -13.192 -12.5 -12.079 -11.552 -13.222
0.66217 -11.797 -12.135 -12.519 -13.125 -13.309 -13.332 -12.774 -13.166 -13.308 -13.328 -13.219 -13.014 -13.161 -13.327 -13.285 -13.155 -12.983 -13.343 -13.293 -13.163 -13.036 -12.968 -13.259 -13.32 -13.23 -12.546 -12.127 -11.602 -13.256
