web/models/kne.last_good/kappa_0.5_3.0.v1/31/villar_0.0028_0.0300_0.5000.dat
# %ECSV 1.0
# ---
# datatype:
# - {name: time, datatype: float64}
# - {name: swift_uvot_uvw2, datatype: float64}
# - {name: swift_uvot_uvm2, datatype: float64}
# - {name: swift_uvot_uvw1, datatype: float64}
# - {name: swift_uvot_U, datatype: float64}
# - {name: swift_uvot_B, datatype: float64}
# - {name: swift_uvot_V, datatype: float64}
# - {name: swift_uvot_W, datatype: float64}
# - {name: johnson_U, datatype: float64}
# - {name: johnson_B, datatype: float64}
# - {name: johnson_V, datatype: float64}
# - {name: johnson_R, datatype: float64}
# - {name: johnson_I, datatype: float64}
# - {name: sdss_u, datatype: float64}
# - {name: sdss_g, datatype: float64}
# - {name: sdss_r, datatype: float64}
# - {name: sdss_i, datatype: float64}
# - {name: sdss_z, datatype: float64}
# - {name: PS1_g, datatype: float64}
# - {name: PS1_r, datatype: float64}
# - {name: PS1_i, datatype: float64}
# - {name: PS1_z, datatype: float64}
# - {name: PS1_Y, datatype: float64}
# - {name: PS1_w, datatype: float64}
# - {name: ATLAS_c, datatype: float64}
# - {name: ATLAS_o, datatype: float64}
# - {name: ukirt_J, datatype: float64}
# - {name: ukirt_H, datatype: float64}
# - {name: ukirt_K, datatype: float64}
# - {name: Clear, datatype: float64}
# meta: !!omap
# - comment: [kappa = 0.5, type = villar, mass = 0.0028172691138521437, velocity = 0.030000000000000027, theta_obs = 0.0]
# schema: astropy-2.0
time swift_uvot_uvw2 swift_uvot_uvm2 swift_uvot_uvw1 swift_uvot_U swift_uvot_B swift_uvot_V swift_uvot_W johnson_U johnson_B johnson_V johnson_R johnson_I sdss_u sdss_g sdss_r sdss_i sdss_z PS1_g PS1_r PS1_i PS1_z PS1_Y PS1_w ATLAS_c ATLAS_o ukirt_J ukirt_H ukirt_K Clear
[from data line 78]
0.010217 -7.559 -7.255 -7.091 -6.602 -6.214 -5.807 -6.937 -6.543 -6.21 -5.796 -5.389 -4.921 -6.554 -6.084 -5.57 -5.198 -4.852 -6.098 -5.654 -5.313 -5.135 -5.286 -5.642 -5.884 -5.419 -4.165 -3.611 -2.974 -5.729
0.010526 -7.603 -7.303 -7.14 -6.653 -6.266 -5.86 -6.985 -6.594 -6.262 -5.849 -5.443 -4.975 -6.605 -6.136 -5.623 -5.252 -4.906 -6.149 -5.706 -5.365 -5.186 -5.334 -5.695 -5.936 -5.472 -4.22 -3.666 -3.029 -5.781
0.010845 -7.648 -7.351 -7.189 -6.703 -6.318 -5.913 -7.034 -6.645 -6.314 -5.902 -5.496 -5.029 -6.656 -6.188 -5.676 -5.305 -4.96 -6.201 -5.758 -5.417 -5.237 -5.382 -5.748 -5.989 -5.525 -4.274 -3.72 -3.083 -5.834
0.011173 -7.692 -7.398 -7.237 -6.754 -6.37 -5.965 -7.082 -6.696 -6.366 -5.954 -5.549 -5.082 -6.707 -6.24 -5.729 -5.359 -5.013 -6.252 -5.81 -5.469 -5.288 -5.43 -5.8 -6.041 -5.578 -4.328 -3.775 -3.138 -5.886
0.011511 -7.736 -7.446 -7.285 -6.805 -6.421 -6.018 -7.13 -6.747 -6.418 -6.007 -5.602 -5.136 -6.758 -6.292 -5.782 -5.412 -5.067 -6.304 -5.862 -5.521 -5.339 -5.478 -5.853 -6.094 -5.631 -4.382 -3.83 -3.193 -5.939
0.011859 -7.781 -7.493 -7.334 -6.855 -6.473 -6.07 -7.179 -6.798 -6.469 -6.059 -5.655 -5.19 -6.808 -6.344 -5.835 -5.466 -5.121 -6.355 -5.914 -5.572 -5.39 -5.525 -5.905 -6.146 -5.684 -4.437 -3.884 -3.248 -5.991
0.012217 -7.824 -7.54 -7.382 -6.906 -6.525 -6.123 -7.227 -6.849 -6.521 -6.112 -5.708 -5.243 -6.859 -6.396 -5.888 -5.519 -5.174 -6.406 -5.965 -5.624 -5.441 -5.573 -5.958 -6.198 -5.737 -4.491 -3.938 -3.302 -6.043
0.012587 -7.868 -7.587 -7.43 -6.956 -6.576 -6.175 -7.274 -6.899 -6.572 -6.164 -5.761 -5.297 -6.909 -6.448 -5.94 -5.572 -5.228 -6.457 -6.017 -5.676 -5.492 -5.621 -6.01 -6.25 -5.79 -4.545 -3.993 -3.357 -6.096
0.012968 -7.912 -7.634 -7.477 -7.007 -6.627 -6.227 -7.322 -6.95 -6.624 -6.216 -5.814 -5.35 -6.96 -6.5 -5.993 -5.625 -5.281 -6.508 -6.069 -5.727 -5.542 -5.668 -6.063 -6.302 -5.843 -4.599 -4.047 -3.412 -6.148
0.01336 -7.955 -7.681 -7.525 -7.057 -6.679 -6.28 -7.37 -7.0 -6.675 -6.269 -5.867 -5.403 -7.01 -6.551 -6.045 -5.678 -5.335 -6.559 -6.12 -5.779 -5.593 -5.716 -6.115 -6.354 -5.896 -4.653 -4.101 -3.466 -6.2
0.013764 -7.999 -7.727 -7.573 -7.107 -6.73 -6.332 -7.417 -7.05 -6.726 -6.321 -5.919 -5.457 -7.061 -6.603 -6.098 -5.731 -5.388 -6.61 -6.172 -5.83 -5.644 -5.764 -6.167 -6.406 -5.948 -4.707 -4.156 -3.521 -6.252
0.01418 -8.042 -7.774 -7.62 -7.157 -6.781 -6.384 -7.465 -7.1 -6.777 -6.373 -5.972 -5.51 -7.111 -6.654 -6.15 -5.784 -5.442 -6.661 -6.223 -5.882 -5.694 -5.811 -6.22 -6.458 -6.001 -4.761 -4.21 -3.575 -6.304
0.014609 -8.085 -7.82 -7.667 -7.207 -6.832 -6.436 -7.512 -7.151 -6.828 -6.425 -6.025 -5.563 -7.161 -6.706 -6.203 -5.837 -5.495 -6.711 -6.274 -5.933 -5.745 -5.859 -6.272 -6.51 -6.054 -4.814 -4.264 -3.63 -6.356
0.015051 -8.128 -7.866 -7.714 -7.256 -6.883 -6.488 -7.559 -7.201 -6.879 -6.477 -6.077 -5.616 -7.211 -6.757 -6.255 -5.89 -5.548 -6.762 -6.326 -5.985 -5.796 -5.906 -6.324 -6.561 -6.106 -4.868 -4.318 -3.684 -6.408
0.015506 -8.17 -7.912 -7.761 -7.306 -6.934 -6.539 -7.606 -7.25 -6.93 -6.529 -6.13 -5.669 -7.261 -6.808 -6.307 -5.943 -5.601 -6.813 -6.377 -6.036 -5.846 -5.954 -6.376 -6.613 -6.159 -4.922 -4.372 -3.738 -6.459
0.015975 -8.213 -7.958 -7.808 -7.356 -6.985 -6.591 -7.653 -7.3 -6.981 -6.58 -6.182 -5.723 -7.31 -6.859 -6.36 -5.995 -5.655 -6.863 -6.428 -6.088 -5.897 -6.001 -6.428 -6.665 -6.211 -4.976 -4.426 -3.793 -6.511
0.016458 -8.255 -8.004 -7.855 -7.405 -7.036 -6.643 -7.699 -7.35 -7.032 -6.632 -6.235 -5.776 -7.36 -6.91 -6.412 -6.048 -5.708 -6.914 -6.479 -6.139 -5.947 -6.048 -6.479 -6.716 -6.263 -5.03 -4.48 -3.847 -6.563
0.016956 -8.298 -8.049 -7.902 -7.455 -7.087 -6.695 -7.746 -7.4 -7.083 -6.684 -6.287 -5.829 -7.41 -6.961 -6.464 -6.101 -5.761 -6.964 -6.53 -6.19 -5.998 -6.096 -6.531 -6.768 -6.316 -5.083 -4.534 -3.901 -6.614
0.017469 -8.34 -8.095 -7.948 -7.504 -7.137 -6.746 -7.793 -7.449 -7.133 -6.735 -6.339 -5.881 -7.459 -7.012 -6.516 -6.153 -5.814 -7.014 -6.582 -6.241 -6.048 -6.143 -6.583 -6.819 -6.368 -5.137 -4.588 -3.956 -6.666
0.017997 -8.382 -8.14 -7.995 -7.553 -7.188 -6.798 -7.839 -7.499 -7.184 -6.787 -6.392 -5.934 -7.509 -7.063 -6.568 -6.206 -5.867 -7.065 -6.633 -6.293 -6.099 -6.191 -6.635 -6.87 -6.42 -5.19 -4.642 -4.01 -6.717
0.018541 -8.424 -8.185 -8.041 -7.602 -7.238 -6.849 -7.885 -7.548 -7.234 -6.839 -6.444 -5.987 -7.558 -7.114 -6.62 -6.258 -5.92 -7.115 -6.684 -6.344 -6.149 -6.238 -6.686 -6.921 -6.472 -5.244 -4.696 -4.064 -6.768
0.019102 -8.465 -8.23 -8.087 -7.652 -7.289 -6.901 -7.931 -7.597 -7.285 -6.89 -6.496 -6.04 -7.607 -7.165 -6.672 -6.311 -5.972 -7.165 -6.734 -6.395 -6.199 -6.285 -6.738 -6.973 -6.524 -5.297 -4.75 -4.118 -6.82
0.01968 -8.507 -8.275 -8.133 -7.7 -7.339 -6.952 -7.977 -7.647 -7.335 -6.941 -6.548 -6.093 -7.657 -7.215 -6.723 -6.363 -6.025 -7.215 -6.785 -6.446 -6.25 -6.333 -6.789 -7.024 -6.576 -5.351 -4.804 -4.172 -6.871
0.020275 -8.548 -8.32 -8.179 -7.749 -7.389 -7.003 -8.023 -7.696 -7.385 -6.993 -6.6 -6.145 -7.706 -7.266 -6.775 -6.416 -6.078 -7.265 -6.836 -6.497 -6.3 -6.38 -6.841 -7.075 -6.628 -5.404 -4.858 -4.226 -6.922
0.020888 -8.589 -8.365 -8.225 -7.798 -7.439 -7.055 -8.069 -7.745 -7.435 -7.044 -6.652 -6.198 -7.755 -7.317 -6.827 -6.468 -6.131 -7.315 -6.887 -6.548 -6.35 -6.427 -6.892 -7.126 -6.68 -5.458 -4.911 -4.28 -6.973
0.02152 -8.63 -8.409 -8.27 -7.847 -7.489 -7.106 -8.114 -7.794 -7.486 -7.095 -6.704 -6.251 -7.804 -7.367 -6.879 -6.52 -6.184 -7.365 -6.938 -6.599 -6.401 -6.475 -6.943 -7.177 -6.732 -5.511 -4.965 -4.334 -7.024
0.022171 -8.671 -8.453 -8.316 -7.895 -7.539 -7.157 -8.16 -7.842 -7.536 -7.146 -6.756 -6.303 -7.852 -7.417 -6.93 -6.572 -6.236 -7.415 -6.988 -6.65 -6.451 -6.522 -6.995 -7.227 -6.784 -5.564 -5.019 -4.388 -7.075
0.022841 -8.712 -8.497 -8.361 -7.944 -7.589 -7.208 -8.205 -7.891 -7.585 -7.197 -6.808 -6.356 -7.901 -7.468 -6.982 -6.625 -6.289 -7.465 -7.039 -6.701 -6.501 -6.569 -7.046 -7.278 -6.836 -5.618 -5.072 -4.442 -7.126
0.023532 -8.753 -8.541 -8.406 -7.992 -7.639 -7.259 -8.25 -7.94 -7.635 -7.248 -6.859 -6.408 -7.95 -7.518 -7.033 -6.677 -6.341 -7.514 -7.09 -6.751 -6.551 -6.617 -7.097 -7.329 -6.887 -5.671 -5.126 -4.496 -7.177
0.024244 -8.793 -8.585 -8.451 -8.041 -7.689 -7.31 -8.295 -7.988 -7.685 -7.299 -6.911 -6.46 -7.998 -7.568 -7.084 -6.729 -6.394 -7.564 -7.14 -6.802 -6.602 -6.664 -7.148 -7.38 -6.939 -5.724 -5.18 -4.55 -7.228
0.024977 -8.833 -8.629 -8.496 -8.089 -7.739 -7.361 -8.34 -8.037 -7.735 -7.35 -6.963 -6.513 -8.047 -7.618 -7.136 -6.781 -6.446 -7.613 -7.191 -6.853 -6.652 -6.711 -7.199 -7.43 -6.991 -5.777 -5.233 -4.604 -7.278
0.025733 -8.873 -8.672 -8.541 -8.137 -7.788 -7.411 -8.385 -8.085 -7.784 -7.401 -7.014 -6.565 -8.095 -7.668 -7.187 -6.833 -6.499 -7.663 -7.241 -6.904 -6.702 -6.759 -7.25 -7.481 -7.042 -5.83 -5.287 -4.658 -7.329
0.026511 -8.913 -8.716 -8.586 -8.185 -7.838 -7.462 -8.43 -8.133 -7.834 -7.451 -7.066 -6.617 -8.143 -7.718 -7.238 -6.885 -6.551 -7.712 -7.291 -6.954 -6.752 -6.806 -7.301 -7.531 -7.094 -5.884 -5.34 -4.712 -7.379
0.027313 -8.953 -8.759 -8.63 -8.233 -7.887 -7.513 -8.474 -8.182 -7.883 -7.502 -7.117 -6.67 -8.191 -7.768 -7.29 -6.936 -6.603 -7.762 -7.342 -7.005 -6.802 -6.853 -7.352 -7.581 -7.145 -5.937 -5.394 -4.766 -7.43
0.028139 -8.993 -8.802 -8.674 -8.28 -7.937 -7.563 -8.519 -8.23 -7.933 -7.553 -7.169 -6.722 -8.239 -7.818 -7.341 -6.988 -6.656 -7.811 -7.392 -7.056 -6.852 -6.901 -7.402 -7.632 -7.196 -5.99 -5.447 -4.819 -7.48
0.02899 -9.032 -8.845 -8.719 -8.328 -7.986 -7.614 -8.563 -8.278 -7.982 -7.603 -7.22 -6.774 -8.287 -7.867 -7.392 -7.04 -6.708 -7.86 -7.442 -7.106 -6.902 -6.948 -7.453 -7.682 -7.248 -6.043 -5.501 -4.873 -7.531
0.029867 -9.071 -8.888 -8.763 -8.376 -8.035 -7.664 -8.607 -8.325 -8.031 -7.654 -7.271 -6.826 -8.335 -7.917 -7.443 -7.092 -6.76 -7.91 -7.493 -7.157 -6.952 -6.995 -7.504 -7.732 -7.299 -6.096 -5.554 -4.927 -7.581
0.03077 -9.11 -8.93 -8.807 -8.423 -8.084 -7.715 -8.651 -8.373 -8.08 -7.704 -7.323 -6.878 -8.383 -7.966 -7.494 -7.143 -6.812 -7.959 -7.543 -7.207 -7.002 -7.043 -7.554 -7.782 -7.35 -6.149 -5.607 -4.981 -7.631
0.031701 -9.149 -8.973 -8.85 -8.471 -8.133 -7.765 -8.695 -8.421 -8.129 -7.754 -7.374 -6.93 -8.43 -8.016 -7.544 -7.195 -6.865 -8.008 -7.593 -7.258 -7.053 -7.09 -7.605 -7.832 -7.401 -6.201 -5.661 -5.034 -7.681
0.032659 -9.188 -9.015 -8.894 -8.518 -8.182 -7.815 -8.739 -8.468 -8.178 -7.805 -7.425 -6.982 -8.478 -8.065 -7.595 -7.246 -6.917 -8.057 -7.643 -7.308 -7.102 -7.137 -7.655 -7.882 -7.452 -6.254 -5.714 -5.088 -7.732
0.033647 -9.227 -9.057 -8.937 -8.565 -8.231 -7.865 -8.782 -8.516 -8.227 -7.855 -7.476 -7.034 -8.525 -8.115 -7.646 -7.298 -6.969 -8.106 -7.693 -7.359 -7.152 -7.185 -7.706 -7.932 -7.504 -6.307 -5.767 -5.142 -7.782
0.034665 -9.265 -9.099 -8.981 -8.612 -8.28 -7.915 -8.826 -8.563 -8.276 -7.905 -7.527 -7.086 -8.573 -8.164 -7.697 -7.349 -7.021 -8.154 -7.743 -7.409 -7.202 -7.232 -7.756 -7.982 -7.554 -6.36 -5.82 -5.195 -7.832
0.035713 -9.303 -9.14 -9.024 -8.659 -8.329 -7.965 -8.869 -8.61 -8.325 -7.955 -7.578 -7.138 -8.62 -8.213 -7.747 -7.401 -7.073 -8.203 -7.793 -7.46 -7.252 -7.279 -7.806 -8.031 -7.605 -6.413 -5.874 -5.249 -7.881
0.036793 -9.341 -9.182 -9.067 -8.706 -8.377 -8.015 -8.912 -8.658 -8.373 -8.005 -7.629 -7.189 -8.667 -8.262 -7.798 -7.452 -7.124 -8.252 -7.842 -7.51 -7.302 -7.327 -7.856 -8.081 -7.656 -6.465 -5.927 -5.302 -7.931
0.037906 -9.379 -9.223 -9.11 -8.753 -8.426 -8.065 -8.955 -8.705 -8.422 -8.055 -7.68 -7.241 -8.714 -8.311 -7.848 -7.503 -7.176 -8.301 -7.892 -7.56 -7.352 -7.374 -7.907 -8.131 -7.707 -6.518 -5.98 -5.356 -7.981
0.039052 -9.417 -9.264 -9.152 -8.799 -8.474 -8.115 -8.998 -8.752 -8.47 -8.105 -7.731 -7.293 -8.761 -8.36 -7.899 -7.555 -7.228 -8.349 -7.942 -7.61 -7.402 -7.421 -7.957 -8.18 -7.758 -6.571 -6.033 -5.409 -8.031
0.040234 -9.454 -9.305 -9.195 -8.846 -8.523 -8.165 -9.041 -8.798 -8.519 -8.155 -7.781 -7.344 -8.808 -8.409 -7.949 -7.606 -7.28 -8.398 -7.992 -7.66 -7.452 -7.469 -8.007 -8.23 -7.808 -6.623 -6.086 -5.463 -8.08
0.04145 -9.491 -9.346 -9.237 -8.892 -8.571 -8.215 -9.083 -8.845 -8.567 -8.204 -7.832 -7.396 -8.855 -8.458 -8.0 -7.657 -7.332 -8.446 -8.041 -7.711 -7.502 -7.516 -8.056 -8.279 -7.859 -6.676 -6.139 -5.516 -8.13
0.042704 -9.528 -9.387 -9.28 -8.939 -8.619 -8.264 -9.126 -8.892 -8.615 -8.254 -7.883 -7.448 -8.901 -8.506 -8.05 -7.708 -7.383 -8.494 -8.091 -7.761 -7.551 -7.563 -8.106 -8.328 -7.91 -6.728 -6.192 -5.57 -8.179
0.043996 -9.565 -9.427 -9.322 -8.985 -8.667 -8.314 -9.168 -8.938 -8.663 -8.303 -7.933 -7.499 -8.948 -8.555 -8.1 -7.759 -7.435 -8.543 -8.14 -7.811 -7.601 -7.611 -8.156 -8.378 -7.96 -6.781 -6.245 -5.623 -8.229
0.045326 -9.602 -9.467 -9.363 -9.031 -8.715 -8.363 -9.21 -8.985 -8.711 -8.353 -7.984 -7.55 -8.994 -8.603 -8.15 -7.81 -7.486 -8.591 -8.19 -7.861 -7.651 -7.658 -8.206 -8.427 -8.011 -6.833 -6.298 -5.676 -8.278
0.046697 -9.638 -9.508 -9.405 -9.077 -8.763 -8.413 -9.252 -9.031 -8.759 -8.402 -8.034 -7.602 -9.04 -8.652 -8.2 -7.861 -7.538 -8.639 -8.239 -7.911 -7.701 -7.706 -8.255 -8.476 -8.061 -6.886 -6.351 -5.73 -8.327
0.048109 -9.675 -9.547 -9.447 -9.123 -8.811 -8.462 -9.294 -9.077 -8.807 -8.452 -8.085 -7.653 -9.086 -8.7 -8.25 -7.912 -7.589 -8.687 -8.289 -7.961 -7.75 -7.753 -8.305 -8.525 -8.111 -6.938 -6.404 -5.783 -8.377
0.049564 -9.711 -9.587 -9.488 -9.168 -8.859 -8.511 -9.335 -9.123 -8.855 -8.501 -8.135 -7.704 -9.132 -8.748 -8.3 -7.963 -7.641 -8.735 -8.338 -8.011 -7.8 -7.8 -8.354 -8.574 -8.162 -6.991 -6.457 -5.836 -8.426
0.051063 -9.747 -9.626 -9.529 -9.214 -8.906 -8.561 -9.377 -9.169 -8.902 -8.55 -8.185 -7.756 -9.178 -8.796 -8.35 -8.013 -7.692 -8.783 -8.387 -8.061 -7.85 -7.848 -8.404 -8.622 -8.212 -7.043 -6.51 -5.89 -8.475
0.052608 -9.782 -9.666 -9.57 -9.259 -8.954 -8.61 -9.418 -9.215 -8.95 -8.599 -8.235 -7.807 -9.224 -8.845 -8.4 -8.064 -7.744 -8.831 -8.436 -8.11 -7.899 -7.895 -8.453 -8.671 -8.262 -7.095 -6.562 -5.943 -8.524
0.054199 -9.818 -9.705 -9.611 -9.305 -9.001 -8.659 -9.459 -9.261 -8.997 -8.648 -8.285 -7.858 -9.27 -8.892 -8.45 -8.115 -7.795 -8.878 -8.486 -8.16 -7.949 -7.943 -8.503 -8.72 -8.312 -7.147 -6.615 -5.996 -8.573
0.055838 -9.853 -9.744 -9.652 -9.35 -9.049 -8.708 -9.5 -9.306 -9.045 -8.697 -8.336 -7.909 -9.315 -8.94 -8.499 -8.165 -7.846 -8.926 -8.535 -8.21 -7.998 -7.99 -8.552 -8.768 -8.362 -7.2 -6.668 -6.049 -8.621
0.057527 -9.888 -9.782 -9.692 -9.395 -9.096 -8.756 -9.541 -9.352 -9.092 -8.746 -8.386 -7.96 -9.361 -8.988 -8.549 -8.216 -7.897 -8.974 -8.584 -8.26 -8.048 -8.038 -8.601 -8.817 -8.412 -7.252 -6.721 -6.102 -8.67
0.059267 -9.923 -9.821 -9.732 -9.44 -9.143 -8.805 -9.582 -9.397 -9.139 -8.795 -8.436 -8.011 -9.406 -9.036 -8.598 -8.266 -7.948 -9.021 -8.633 -8.309 -8.097 -8.085 -8.65 -8.865 -8.462 -7.304 -6.773 -6.156 -8.719
0.061059 -9.957 -9.859 -9.772 -9.485 -9.19 -8.854 -9.622 -9.442 -9.186 -8.844 -8.485 -8.062 -9.451 -9.083 -8.648 -8.317 -8.0 -9.069 -8.681 -8.359 -8.147 -8.132 -8.699 -8.914 -8.512 -7.356 -6.826 -6.209 -8.767
0.062906 -9.991 -9.897 -9.812 -9.529 -9.237 -8.903 -9.663 -9.487 -9.233 -8.892 -8.535 -8.113 -9.496 -9.131 -8.697 -8.367 -8.051 -9.116 -8.73 -8.408 -8.196 -8.18 -8.748 -8.962 -8.561 -7.408 -6.879 -6.262 -8.816
0.064808 -10.025 -9.935 -9.852 -9.574 -9.284 -8.951 -9.703 -9.532 -9.28 -8.941 -8.585 -8.164 -9.541 -9.178 -8.746 -8.417 -8.102 -9.163 -8.779 -8.458 -8.246 -8.227 -8.797 -9.01 -8.611 -7.46 -6.931 -6.315 -8.864
0.066769 -10.059 -9.972 -9.892 -9.618 -9.33 -9.0 -9.743 -9.577 -9.327 -8.989 -8.635 -8.215 -9.586 -9.226 -8.796 -8.467 -8.152 -9.21 -8.828 -8.507 -8.295 -8.275 -8.845 -9.058 -8.661 -7.512 -6.984 -6.368 -8.912
0.068788 -10.093 -10.009 -9.931 -9.663 -9.377 -9.048 -9.782 -9.622 -9.373 -9.038 -8.684 -8.265 -9.63 -9.273 -8.845 -8.517 -8.203 -9.257 -8.876 -8.557 -8.344 -8.322 -8.894 -9.106 -8.71 -7.564 -7.036 -6.421 -8.961
0.070868 -10.126 -10.046 -9.97 -9.707 -9.424 -9.096 -9.822 -9.666 -9.42 -9.086 -8.734 -8.316 -9.675 -9.32 -8.894 -8.568 -8.254 -9.304 -8.925 -8.606 -8.394 -8.369 -8.943 -9.154 -8.76 -7.616 -7.089 -6.474 -9.009
0.073012 -10.159 -10.083 -10.009 -9.751 -9.47 -9.144 -9.861 -9.711 -9.466 -9.134 -8.783 -8.366 -9.719 -9.367 -8.943 -8.618 -8.305 -9.351 -8.973 -8.655 -8.443 -8.417 -8.991 -9.202 -8.809 -7.668 -7.141 -6.527 -9.057
0.07522 -10.192 -10.12 -10.047 -9.794 -9.516 -9.193 -9.901 -9.755 -9.512 -9.183 -8.833 -8.417 -9.763 -9.414 -8.992 -8.668 -8.356 -9.398 -9.022 -8.705 -8.492 -8.464 -9.039 -9.249 -8.858 -7.719 -7.193 -6.58 -9.105
0.077495 -10.225 -10.156 -10.086 -9.838 -9.562 -9.241 -9.94 -9.799 -9.559 -9.231 -8.882 -8.467 -9.807 -9.461 -9.041 -8.717 -8.406 -9.444 -9.07 -8.754 -8.541 -8.512 -9.088 -9.297 -8.908 -7.771 -7.246 -6.632 -9.153
0.079839 -10.257 -10.192 -10.124 -9.882 -9.608 -9.288 -9.979 -9.843 -9.605 -9.279 -8.931 -8.518 -9.851 -9.507 -9.089 -8.767 -8.457 -9.491 -9.118 -8.803 -8.591 -8.559 -9.136 -9.344 -8.957 -7.823 -7.298 -6.685 -9.2
0.082253 -10.289 -10.228 -10.162 -9.925 -9.654 -9.336 -10.017 -9.887 -9.651 -9.326 -8.98 -8.568 -9.895 -9.554 -9.138 -8.817 -8.507 -9.537 -9.167 -8.852 -8.64 -8.606 -9.184 -9.392 -9.006 -7.875 -7.35 -6.738 -9.248
0.084741 -10.321 -10.264 -10.2 -9.968 -9.7 -9.384 -10.056 -9.93 -9.696 -9.374 -9.029 -8.619 -9.939 -9.6 -9.187 -8.867 -8.558 -9.584 -9.215 -8.901 -8.689 -8.654 -9.232 -9.439 -9.055 -7.926 -7.403 -6.791 -9.296
0.087304 -10.352 -10.299 -10.238 -10.011 -9.746 -9.432 -10.094 -9.974 -9.742 -9.422 -9.078 -8.669 -9.982 -9.647 -9.235 -8.916 -8.608 -9.63 -9.263 -8.95 -8.738 -8.701 -9.28 -9.486 -9.104 -7.978 -7.455 -6.844 -9.343
0.089944 -10.383 -10.334 -10.275 -10.054 -9.791 -9.479 -10.132 -10.017 -9.788 -9.469 -9.127 -8.719 -10.025 -9.693 -9.284 -8.966 -8.659 -9.676 -9.311 -8.999 -8.787 -8.749 -9.328 -9.533 -9.153 -8.029 -7.507 -6.896 -9.39
0.092665 -10.414 -10.369 -10.312 -10.097 -9.837 -9.527 -10.17 -10.06 -9.833 -9.517 -9.176 -8.769 -10.069 -9.739 -9.332 -9.015 -8.709 -9.722 -9.358 -9.048 -8.836 -8.796 -9.376 -9.58 -9.201 -8.081 -7.559 -6.949 -9.438
