web/models/linear/59/-17_327_0_009.dat
# %ECSV 1.0
# ---
# datatype:
# - {name: time, datatype: float64}
# - {name: sdss_u, datatype: float64}
# - {name: sdss_g, datatype: float64}
# - {name: sdss_r, datatype: float64}
# - {name: sdss_i, datatype: float64}
# - {name: sdss_z, datatype: float64}
# - {name: Clear, datatype: float64}
# - {name: johnson_B, datatype: float64}
# - {name: johnson_V, datatype: float64}
# - {name: johnson_R, datatype: float64}
# - {name: johnson_I, datatype: float64}
# - {name: ukirt_J, datatype: float64}
# - {name: ukirt_H, datatype: float64}
# - {name: ukirt_K, datatype: float64}
# meta: !!omap
# - comment: [M=-17.3265306122449, dM=0.008773066621237415]
# schema: astropy-2.0
time sdss_u sdss_g sdss_r sdss_i sdss_z Clear johnson_B johnson_V johnson_R johnson_I ukirt_J ukirt_H ukirt_K
[from data line 59]
4.447236180904522 -17.287514712949445 -17.287514712949445 -17.287514712949445 -17.287514712949445 -17.287514712949445 -17.287514712949445 -17.287514712949445 -17.287514712949445 -17.287514712949445 -17.287514712949445 -17.287514712949445 -17.287514712949445 -17.287514712949445
4.522613065326633 -17.286853426520707 -17.286853426520707 -17.286853426520707 -17.286853426520707 -17.286853426520707 -17.286853426520707 -17.286853426520707 -17.286853426520707 -17.286853426520707 -17.286853426520707 -17.286853426520707 -17.286853426520707 -17.286853426520707
4.597989949748744 -17.286192140091973 -17.286192140091973 -17.286192140091973 -17.286192140091973 -17.286192140091973 -17.286192140091973 -17.286192140091973 -17.286192140091973 -17.286192140091973 -17.286192140091973 -17.286192140091973 -17.286192140091973 -17.286192140091973
4.673366834170854 -17.285530853663236 -17.285530853663236 -17.285530853663236 -17.285530853663236 -17.285530853663236 -17.285530853663236 -17.285530853663236 -17.285530853663236 -17.285530853663236 -17.285530853663236 -17.285530853663236 -17.285530853663236 -17.285530853663236
4.748743718592964 -17.284869567234498 -17.284869567234498 -17.284869567234498 -17.284869567234498 -17.284869567234498 -17.284869567234498 -17.284869567234498 -17.284869567234498 -17.284869567234498 -17.284869567234498 -17.284869567234498 -17.284869567234498 -17.284869567234498
4.824120603015075 -17.284208280805764 -17.284208280805764 -17.284208280805764 -17.284208280805764 -17.284208280805764 -17.284208280805764 -17.284208280805764 -17.284208280805764 -17.284208280805764 -17.284208280805764 -17.284208280805764 -17.284208280805764 -17.284208280805764
4.899497487437186 -17.283546994377026 -17.283546994377026 -17.283546994377026 -17.283546994377026 -17.283546994377026 -17.283546994377026 -17.283546994377026 -17.283546994377026 -17.283546994377026 -17.283546994377026 -17.283546994377026 -17.283546994377026 -17.283546994377026
4.974874371859296 -17.28288570794829 -17.28288570794829 -17.28288570794829 -17.28288570794829 -17.28288570794829 -17.28288570794829 -17.28288570794829 -17.28288570794829 -17.28288570794829 -17.28288570794829 -17.28288570794829 -17.28288570794829 -17.28288570794829
5.050251256281406 -17.282224421519555 -17.282224421519555 -17.282224421519555 -17.282224421519555 -17.282224421519555 -17.282224421519555 -17.282224421519555 -17.282224421519555 -17.282224421519555 -17.282224421519555 -17.282224421519555 -17.282224421519555 -17.282224421519555
5.125628140703517 -17.281563135090817 -17.281563135090817 -17.281563135090817 -17.281563135090817 -17.281563135090817 -17.281563135090817 -17.281563135090817 -17.281563135090817 -17.281563135090817 -17.281563135090817 -17.281563135090817 -17.281563135090817 -17.281563135090817
5.201005025125628 -17.28090184866208 -17.28090184866208 -17.28090184866208 -17.28090184866208 -17.28090184866208 -17.28090184866208 -17.28090184866208 -17.28090184866208 -17.28090184866208 -17.28090184866208 -17.28090184866208 -17.28090184866208 -17.28090184866208
5.276381909547738 -17.280240562233345 -17.280240562233345 -17.280240562233345 -17.280240562233345 -17.280240562233345 -17.280240562233345 -17.280240562233345 -17.280240562233345 -17.280240562233345 -17.280240562233345 -17.280240562233345 -17.280240562233345 -17.280240562233345
5.351758793969848 -17.279579275804608 -17.279579275804608 -17.279579275804608 -17.279579275804608 -17.279579275804608 -17.279579275804608 -17.279579275804608 -17.279579275804608 -17.279579275804608 -17.279579275804608 -17.279579275804608 -17.279579275804608 -17.279579275804608
5.427135678391959 -17.27891798937587 -17.27891798937587 -17.27891798937587 -17.27891798937587 -17.27891798937587 -17.27891798937587 -17.27891798937587 -17.27891798937587 -17.27891798937587 -17.27891798937587 -17.27891798937587 -17.27891798937587 -17.27891798937587
5.50251256281407 -17.278256702947136 -17.278256702947136 -17.278256702947136 -17.278256702947136 -17.278256702947136 -17.278256702947136 -17.278256702947136 -17.278256702947136 -17.278256702947136 -17.278256702947136 -17.278256702947136 -17.278256702947136 -17.278256702947136
5.57788944723618 -17.2775954165184 -17.2775954165184 -17.2775954165184 -17.2775954165184 -17.2775954165184 -17.2775954165184 -17.2775954165184 -17.2775954165184 -17.2775954165184 -17.2775954165184 -17.2775954165184 -17.2775954165184 -17.2775954165184
5.6532663316582905 -17.27693413008966 -17.27693413008966 -17.27693413008966 -17.27693413008966 -17.27693413008966 -17.27693413008966 -17.27693413008966 -17.27693413008966 -17.27693413008966 -17.27693413008966 -17.27693413008966 -17.27693413008966 -17.27693413008966
5.7286432160804015 -17.276272843660927 -17.276272843660927 -17.276272843660927 -17.276272843660927 -17.276272843660927 -17.276272843660927 -17.276272843660927 -17.276272843660927 -17.276272843660927 -17.276272843660927 -17.276272843660927 -17.276272843660927 -17.276272843660927
5.8040201005025125 -17.27561155723219 -17.27561155723219 -17.27561155723219 -17.27561155723219 -17.27561155723219 -17.27561155723219 -17.27561155723219 -17.27561155723219 -17.27561155723219 -17.27561155723219 -17.27561155723219 -17.27561155723219 -17.27561155723219
5.879396984924623 -17.27495027080345 -17.27495027080345 -17.27495027080345 -17.27495027080345 -17.27495027080345 -17.27495027080345 -17.27495027080345 -17.27495027080345 -17.27495027080345 -17.27495027080345 -17.27495027080345 -17.27495027080345 -17.27495027080345
5.954773869346733 -17.274288984374717 -17.274288984374717 -17.274288984374717 -17.274288984374717 -17.274288984374717 -17.274288984374717 -17.274288984374717 -17.274288984374717 -17.274288984374717 -17.274288984374717 -17.274288984374717 -17.274288984374717 -17.274288984374717
6.030150753768844 -17.27362769794598 -17.27362769794598 -17.27362769794598 -17.27362769794598 -17.27362769794598 -17.27362769794598 -17.27362769794598 -17.27362769794598 -17.27362769794598 -17.27362769794598 -17.27362769794598 -17.27362769794598 -17.27362769794598
6.105527638190955 -17.272966411517242 -17.272966411517242 -17.272966411517242 -17.272966411517242 -17.272966411517242 -17.272966411517242 -17.272966411517242 -17.272966411517242 -17.272966411517242 -17.272966411517242 -17.272966411517242 -17.272966411517242 -17.272966411517242
6.180904522613065 -17.272305125088508 -17.272305125088508 -17.272305125088508 -17.272305125088508 -17.272305125088508 -17.272305125088508 -17.272305125088508 -17.272305125088508 -17.272305125088508 -17.272305125088508 -17.272305125088508 -17.272305125088508 -17.272305125088508
6.256281407035175 -17.27164383865977 -17.27164383865977 -17.27164383865977 -17.27164383865977 -17.27164383865977 -17.27164383865977 -17.27164383865977 -17.27164383865977 -17.27164383865977 -17.27164383865977 -17.27164383865977 -17.27164383865977 -17.27164383865977
6.331658291457286 -17.270982552231033 -17.270982552231033 -17.270982552231033 -17.270982552231033 -17.270982552231033 -17.270982552231033 -17.270982552231033 -17.270982552231033 -17.270982552231033 -17.270982552231033 -17.270982552231033 -17.270982552231033 -17.270982552231033
6.407035175879397 -17.2703212658023 -17.2703212658023 -17.2703212658023 -17.2703212658023 -17.2703212658023 -17.2703212658023 -17.2703212658023 -17.2703212658023 -17.2703212658023 -17.2703212658023 -17.2703212658023 -17.2703212658023 -17.2703212658023
6.482412060301507 -17.26965997937356 -17.26965997937356 -17.26965997937356 -17.26965997937356 -17.26965997937356 -17.26965997937356 -17.26965997937356 -17.26965997937356 -17.26965997937356 -17.26965997937356 -17.26965997937356 -17.26965997937356 -17.26965997937356
6.557788944723617 -17.268998692944823 -17.268998692944823 -17.268998692944823 -17.268998692944823 -17.268998692944823 -17.268998692944823 -17.268998692944823 -17.268998692944823 -17.268998692944823 -17.268998692944823 -17.268998692944823 -17.268998692944823 -17.268998692944823
6.633165829145728 -17.26833740651609 -17.26833740651609 -17.26833740651609 -17.26833740651609 -17.26833740651609 -17.26833740651609 -17.26833740651609 -17.26833740651609 -17.26833740651609 -17.26833740651609 -17.26833740651609 -17.26833740651609 -17.26833740651609
6.708542713567839 -17.26767612008735 -17.26767612008735 -17.26767612008735 -17.26767612008735 -17.26767612008735 -17.26767612008735 -17.26767612008735 -17.26767612008735 -17.26767612008735 -17.26767612008735 -17.26767612008735 -17.26767612008735 -17.26767612008735
6.783919597989949 -17.267014833658614 -17.267014833658614 -17.267014833658614 -17.267014833658614 -17.267014833658614 -17.267014833658614 -17.267014833658614 -17.267014833658614 -17.267014833658614 -17.267014833658614 -17.267014833658614 -17.267014833658614 -17.267014833658614
6.859296482412059 -17.266353547229876 -17.266353547229876 -17.266353547229876 -17.266353547229876 -17.266353547229876 -17.266353547229876 -17.266353547229876 -17.266353547229876 -17.266353547229876 -17.266353547229876 -17.266353547229876 -17.266353547229876 -17.266353547229876
6.93467336683417 -17.265692260801142 -17.265692260801142 -17.265692260801142 -17.265692260801142 -17.265692260801142 -17.265692260801142 -17.265692260801142 -17.265692260801142 -17.265692260801142 -17.265692260801142 -17.265692260801142 -17.265692260801142 -17.265692260801142
7.010050251256281 -17.265030974372404 -17.265030974372404 -17.265030974372404 -17.265030974372404 -17.265030974372404 -17.265030974372404 -17.265030974372404 -17.265030974372404 -17.265030974372404 -17.265030974372404 -17.265030974372404 -17.265030974372404 -17.265030974372404
7.085427135678391 -17.264369687943667 -17.264369687943667 -17.264369687943667 -17.264369687943667 -17.264369687943667 -17.264369687943667 -17.264369687943667 -17.264369687943667 -17.264369687943667 -17.264369687943667 -17.264369687943667 -17.264369687943667 -17.264369687943667
7.160804020100501 -17.263708401514933 -17.263708401514933 -17.263708401514933 -17.263708401514933 -17.263708401514933 -17.263708401514933 -17.263708401514933 -17.263708401514933 -17.263708401514933 -17.263708401514933 -17.263708401514933 -17.263708401514933 -17.263708401514933
7.236180904522612 -17.263047115086195 -17.263047115086195 -17.263047115086195 -17.263047115086195 -17.263047115086195 -17.263047115086195 -17.263047115086195 -17.263047115086195 -17.263047115086195 -17.263047115086195 -17.263047115086195 -17.263047115086195 -17.263047115086195
7.311557788944723 -17.262385828657457 -17.262385828657457 -17.262385828657457 -17.262385828657457 -17.262385828657457 -17.262385828657457 -17.262385828657457 -17.262385828657457 -17.262385828657457 -17.262385828657457 -17.262385828657457 -17.262385828657457 -17.262385828657457
7.3869346733668335 -17.261724542228723 -17.261724542228723 -17.261724542228723 -17.261724542228723 -17.261724542228723 -17.261724542228723 -17.261724542228723 -17.261724542228723 -17.261724542228723 -17.261724542228723 -17.261724542228723 -17.261724542228723 -17.261724542228723
7.462311557788944 -17.261063255799986 -17.261063255799986 -17.261063255799986 -17.261063255799986 -17.261063255799986 -17.261063255799986 -17.261063255799986 -17.261063255799986 -17.261063255799986 -17.261063255799986 -17.261063255799986 -17.261063255799986 -17.261063255799986
7.537688442211055 -17.260401969371248 -17.260401969371248 -17.260401969371248 -17.260401969371248 -17.260401969371248 -17.260401969371248 -17.260401969371248 -17.260401969371248 -17.260401969371248 -17.260401969371248 -17.260401969371248 -17.260401969371248 -17.260401969371248
7.613065326633166 -17.259740682942514 -17.259740682942514 -17.259740682942514 -17.259740682942514 -17.259740682942514 -17.259740682942514 -17.259740682942514 -17.259740682942514 -17.259740682942514 -17.259740682942514 -17.259740682942514 -17.259740682942514 -17.259740682942514
7.688442211055276 -17.259079396513776 -17.259079396513776 -17.259079396513776 -17.259079396513776 -17.259079396513776 -17.259079396513776 -17.259079396513776 -17.259079396513776 -17.259079396513776 -17.259079396513776 -17.259079396513776 -17.259079396513776 -17.259079396513776
7.763819095477386 -17.25841811008504 -17.25841811008504 -17.25841811008504 -17.25841811008504 -17.25841811008504 -17.25841811008504 -17.25841811008504 -17.25841811008504 -17.25841811008504 -17.25841811008504 -17.25841811008504 -17.25841811008504 -17.25841811008504
7.839195979899497 -17.257756823656305 -17.257756823656305 -17.257756823656305 -17.257756823656305 -17.257756823656305 -17.257756823656305 -17.257756823656305 -17.257756823656305 -17.257756823656305 -17.257756823656305 -17.257756823656305 -17.257756823656305 -17.257756823656305
7.914572864321608 -17.257095537227567 -17.257095537227567 -17.257095537227567 -17.257095537227567 -17.257095537227567 -17.257095537227567 -17.257095537227567 -17.257095537227567 -17.257095537227567 -17.257095537227567 -17.257095537227567 -17.257095537227567 -17.257095537227567
7.989949748743718 -17.25643425079883 -17.25643425079883 -17.25643425079883 -17.25643425079883 -17.25643425079883 -17.25643425079883 -17.25643425079883 -17.25643425079883 -17.25643425079883 -17.25643425079883 -17.25643425079883 -17.25643425079883 -17.25643425079883
8.065326633165828 -17.255772964370095 -17.255772964370095 -17.255772964370095 -17.255772964370095 -17.255772964370095 -17.255772964370095 -17.255772964370095 -17.255772964370095 -17.255772964370095 -17.255772964370095 -17.255772964370095 -17.255772964370095 -17.255772964370095
8.140703517587939 -17.255111677941358 -17.255111677941358 -17.255111677941358 -17.255111677941358 -17.255111677941358 -17.255111677941358 -17.255111677941358 -17.255111677941358 -17.255111677941358 -17.255111677941358 -17.255111677941358 -17.255111677941358 -17.255111677941358
8.21608040201005 -17.25445039151262 -17.25445039151262 -17.25445039151262 -17.25445039151262 -17.25445039151262 -17.25445039151262 -17.25445039151262 -17.25445039151262 -17.25445039151262 -17.25445039151262 -17.25445039151262 -17.25445039151262 -17.25445039151262
8.29145728643216 -17.253789105083886 -17.253789105083886 -17.253789105083886 -17.253789105083886 -17.253789105083886 -17.253789105083886 -17.253789105083886 -17.253789105083886 -17.253789105083886 -17.253789105083886 -17.253789105083886 -17.253789105083886 -17.253789105083886
8.36683417085427 -17.253127818655148 -17.253127818655148 -17.253127818655148 -17.253127818655148 -17.253127818655148 -17.253127818655148 -17.253127818655148 -17.253127818655148 -17.253127818655148 -17.253127818655148 -17.253127818655148 -17.253127818655148 -17.253127818655148
8.442211055276381 -17.25246653222641 -17.25246653222641 -17.25246653222641 -17.25246653222641 -17.25246653222641 -17.25246653222641 -17.25246653222641 -17.25246653222641 -17.25246653222641 -17.25246653222641 -17.25246653222641 -17.25246653222641 -17.25246653222641
8.517587939698492 -17.251805245797676 -17.251805245797676 -17.251805245797676 -17.251805245797676 -17.251805245797676 -17.251805245797676 -17.251805245797676 -17.251805245797676 -17.251805245797676 -17.251805245797676 -17.251805245797676 -17.251805245797676 -17.251805245797676
8.592964824120603 -17.25114395936894 -17.25114395936894 -17.25114395936894 -17.25114395936894 -17.25114395936894 -17.25114395936894 -17.25114395936894 -17.25114395936894 -17.25114395936894 -17.25114395936894 -17.25114395936894 -17.25114395936894 -17.25114395936894
8.668341708542712 -17.2504826729402 -17.2504826729402 -17.2504826729402 -17.2504826729402 -17.2504826729402 -17.2504826729402 -17.2504826729402 -17.2504826729402 -17.2504826729402 -17.2504826729402 -17.2504826729402 -17.2504826729402 -17.2504826729402
8.743718592964823 -17.249821386511467 -17.249821386511467 -17.249821386511467 -17.249821386511467 -17.249821386511467 -17.249821386511467 -17.249821386511467 -17.249821386511467 -17.249821386511467 -17.249821386511467 -17.249821386511467 -17.249821386511467 -17.249821386511467
