web/models/grb/onaxis/11/grb_0.0000_0.1389_0.0006310.dat
# %ECSV 1.0
# ---
# datatype:
# - {name: time, datatype: float64}
# - {name: swift_uvot_uvw2, datatype: float64}
# - {name: swift_uvot_uvm2, datatype: float64}
# - {name: swift_uvot_uvw1, datatype: float64}
# - {name: swift_uvot_U, datatype: float64}
# - {name: swift_uvot_B, datatype: float64}
# - {name: swift_uvot_V, datatype: float64}
# - {name: swift_uvot_W, datatype: float64}
# - {name: johnson_U, datatype: float64}
# - {name: johnson_B, datatype: float64}
# - {name: johnson_V, datatype: float64}
# - {name: johnson_R, datatype: float64}
# - {name: johnson_I, datatype: float64}
# - {name: sdss_u, datatype: float64}
# - {name: sdss_g, datatype: float64}
# - {name: sdss_r, datatype: float64}
# - {name: sdss_i, datatype: float64}
# - {name: sdss_z, datatype: float64}
# - {name: PS1_g, datatype: float64}
# - {name: PS1_r, datatype: float64}
# - {name: PS1_i, datatype: float64}
# - {name: PS1_z, datatype: float64}
# - {name: PS1_Y, datatype: float64}
# - {name: PS1_w, datatype: float64}
# - {name: ATLAS_c, datatype: float64}
# - {name: ATLAS_o, datatype: float64}
# - {name: ukirt_J, datatype: float64}
# - {name: ukirt_H, datatype: float64}
# - {name: ukirt_K, datatype: float64}
# - {name: Clear, datatype: float64}
# meta: !!omap
# - comment: [E = 6.029923955985727e-05, Eta0 = 8.02, GammaB = 12.0, dL = 0.012188, epsb = 6.760829753919819e-06, epse = 0.1, n = 0.000630957344480193,
#     p = 2.15, theta_obs = 0.0, xiN = 1.0, z = 0.0, type = grb, E_kiso = 0.13894954943731375]
# schema: astropy-2.0
time swift_uvot_uvw2 swift_uvot_uvm2 swift_uvot_uvw1 swift_uvot_U swift_uvot_B swift_uvot_V swift_uvot_W johnson_U johnson_B johnson_V johnson_R johnson_I sdss_u sdss_g sdss_r sdss_i sdss_z PS1_g PS1_r PS1_i PS1_z PS1_Y PS1_w ATLAS_c ATLAS_o ukirt_J ukirt_H ukirt_K Clear
[from data line 338]
31.5528 11.021 11.07 10.995 10.803 10.66 10.521 10.882 10.78 10.658 10.516 10.375 10.227 10.785 10.613 10.441 10.32 10.209 10.549 10.406 10.286 10.187 10.019 10.443 10.538 10.385 9.997 9.828 9.638 10.353
32.3139 11.063 11.112 11.037 10.845 10.702 10.563 10.924 10.822 10.7 10.558 10.417 10.269 10.827 10.655 10.483 10.362 10.251 10.591 10.448 10.328 10.229 10.061 10.485 10.58 10.427 10.039 9.87 9.68 10.395
33.0935 11.105 11.154 11.079 10.886 10.744 10.605 10.966 10.864 10.742 10.6 10.459 10.311 10.869 10.697 10.525 10.404 10.293 10.633 10.49 10.37 10.271 10.103 10.527 10.622 10.469 10.081 9.912 9.722 10.437
33.8918 11.147 11.196 11.121 10.928 10.786 10.647 11.008 10.906 10.784 10.642 10.501 10.353 10.911 10.739 10.567 10.446 10.335 10.675 10.532 10.412 10.313 10.145 10.569 10.664 10.511 10.123 9.954 9.764 10.479
34.7093 11.187 11.237 11.162 10.969 10.827 10.688 11.048 10.947 10.824 10.682 10.542 10.393 10.952 10.779 10.607 10.487 10.376 10.715 10.573 10.453 10.354 10.186 10.61 10.705 10.552 10.164 9.995 9.804 10.519
35.5466 11.225 11.274 11.199 11.006 10.864 10.725 11.085 10.984 10.861 10.72 10.579 10.43 10.989 10.816 10.644 10.524 10.413 10.752 10.61 10.49 10.391 10.223 10.647 10.742 10.589 10.201 10.032 9.841 10.556
36.4041 11.262 11.311 11.236 11.043 10.901 10.762 11.123 11.021 10.898 10.757 10.616 10.468 11.026 10.853 10.681 10.561 10.45 10.79 10.647 10.527 10.428 10.26 10.684 10.779 10.626 10.238 10.069 9.879 10.594
37.2823 11.299 11.348 11.273 11.08 10.938 10.799 11.16 11.058 10.936 10.794 10.653 10.505 11.063 10.89 10.719 10.598 10.487 10.827 10.684 10.564 10.465 10.297 10.721 10.816 10.663 10.275 10.106 9.916 10.631
38.1817 11.336 11.385 11.31 11.117 10.975 10.836 11.197 11.095 10.973 10.831 10.69 10.542 11.1 10.928 10.756 10.635 10.524 10.864 10.721 10.601 10.502 10.334 10.758 10.853 10.7 10.312 10.143 9.953 10.668
39.1028 11.373 11.422 11.347 11.155 11.012 10.873 11.234 11.132 11.01 10.868 10.727 10.579 11.137 10.965 10.793 10.672 10.561 10.901 10.758 10.638 10.539 10.371 10.795 10.89 10.737 10.349 10.18 9.99 10.705
40.046 11.41 11.459 11.385 11.192 11.049 10.91 11.271 11.169 11.047 10.905 10.764 10.616 11.174 11.002 10.83 10.709 10.598 10.938 10.795 10.676 10.576 10.408 10.832 10.927 10.774 10.387 10.217 10.027 10.742
41.0121 11.447 11.496 11.422 11.229 11.086 10.947 11.308 11.206 11.084 10.942 10.802 10.653 11.211 11.039 10.867 10.746 10.636 10.975 10.832 10.713 10.614 10.445 10.869 10.964 10.812 10.424 10.254 10.064 10.779
42.0014 11.484 11.534 11.459 11.266 11.123 10.984 11.345 11.243 11.121 10.979 10.839 10.69 11.248 11.076 10.904 10.783 10.673 11.012 10.87 10.75 10.651 10.482 10.906 11.001 10.849 10.461 10.291 10.101 10.816
43.0146 11.521 11.571 11.496 11.303 11.16 11.021 11.382 11.28 11.158 11.016 10.876 10.727 11.286 11.113 10.941 10.82 10.71 11.049 10.907 10.787 10.688 10.519 10.943 11.039 10.886 10.498 10.328 10.138 10.853
44.0523 11.558 11.607 11.532 11.339 11.197 11.058 11.419 11.317 11.195 11.053 10.912 10.764 11.322 11.15 10.978 10.857 10.746 11.086 10.943 10.823 10.724 10.556 10.98 11.075 10.922 10.534 10.365 10.175 10.89
45.1149 11.594 11.643 11.568 11.375 11.233 11.094 11.455 11.353 11.231 11.089 10.948 10.8 11.358 11.185 11.014 10.893 10.782 11.122 10.979 10.859 10.76 10.592 11.016 11.111 10.958 10.57 10.401 10.211 10.926
46.2033 11.63 11.679 11.604 11.411 11.269 11.13 11.491 11.389 11.266 11.125 10.984 10.836 11.394 11.221 11.05 10.929 10.818 11.158 11.015 10.895 10.796 10.628 11.052 11.147 10.994 10.606 10.437 10.247 10.962
47.3178 11.666 11.715 11.64 11.447 11.305 11.166 11.527 11.425 11.302 11.161 11.02 10.871 11.43 11.257 11.085 10.965 10.854 11.194 11.051 10.931 10.832 10.664 11.088 11.183 11.03 10.642 10.473 10.282 10.997
48.4593 11.702 11.751 11.676 11.483 11.341 11.202 11.562 11.461 11.338 11.196 11.056 10.907 11.466 11.293 11.121 11.001 10.89 11.229 11.087 10.967 10.868 10.7 11.124 11.219 11.066 10.678 10.509 10.318 11.033
49.6283 11.737 11.787 11.712 11.519 11.377 11.238 11.598 11.497 11.374 11.232 11.092 10.943 11.502 11.329 11.157 11.037 10.926 11.265 11.123 11.003 10.904 10.736 11.16 11.255 11.102 10.714 10.545 10.354 11.069
50.8255 11.773 11.823 11.748 11.555 11.413 11.273 11.634 11.533 11.41 11.268 11.128 10.979 11.538 11.365 11.193 11.073 10.962 11.301 11.159 11.039 10.94 10.772 11.195 11.291 11.138 10.75 10.581 10.39 11.105
52.0515 11.809 11.859 11.784 11.591 11.449 11.309 11.67 11.569 11.446 11.304 11.164 11.015 11.574 11.401 11.229 11.108 10.998 11.337 11.195 11.075 10.976 10.808 11.231 11.327 11.174 10.786 10.617 10.426 11.141
53.3072 11.845 11.895 11.82 11.627 11.484 11.345 11.706 11.604 11.482 11.34 11.2 11.051 11.609 11.437 11.265 11.144 11.034 11.373 11.231 11.111 11.012 10.843 11.267 11.363 11.21 10.822 10.652 10.462 11.177
54.5931 11.881 11.931 11.856 11.663 11.52 11.381 11.742 11.64 11.518 11.376 11.236 11.087 11.645 11.473 11.301 11.18 11.07 11.409 11.267 11.147 11.048 10.879 11.303 11.398 11.246 10.858 10.688 10.498 11.213
55.9101 11.917 11.967 11.892 11.699 11.557 11.418 11.778 11.677 11.554 11.412 11.272 11.123 11.682 11.509 11.337 11.217 11.106 11.445 11.303 11.183 11.084 10.916 11.34 11.435 11.282 10.894 10.725 10.534 11.249
57.2588 11.954 12.003 11.929 11.736 11.593 11.454 11.815 11.713 11.591 11.449 11.308 11.16 11.718 11.546 11.374 11.253 11.143 11.482 11.339 11.22 11.121 10.952 11.376 11.471 11.319 10.931 10.761 10.571 11.286
58.6401 11.991 12.04 11.965 11.772 11.63 11.491 11.851 11.75 11.627 11.486 11.345 11.196 11.755 11.582 11.41 11.29 11.179 11.519 11.376 11.256 11.157 10.989 11.413 11.508 11.355 10.967 10.798 10.607 11.322
60.0546 12.027 12.077 12.002 11.809 11.666 11.527 11.888 11.786 11.664 11.522 11.382 11.233 11.791 11.619 11.447 11.326 11.216 11.555 11.413 11.293 11.194 11.025 11.449 11.544 11.392 11.004 10.834 10.644 11.359
61.5034 12.064 12.113 12.038 11.845 11.703 11.564 11.925 11.823 11.701 11.559 11.418 11.27 11.828 11.655 11.484 11.363 11.252 11.592 11.449 11.329 11.23 11.062 11.486 11.581 11.428 11.04 10.871 10.681 11.396
62.987 12.1 12.15 12.075 11.882 11.74 11.6 11.961 11.86 11.737 11.595 11.455 11.306 11.865 11.692 11.52 11.399 11.289 11.628 11.486 11.366 11.267 11.099 11.522 11.618 11.465 11.077 10.908 10.717 11.432
64.5065 12.137 12.186 12.112 11.919 11.776 11.637 11.998 11.896 11.774 11.632 11.491 11.343 11.901 11.729 11.557 11.436 11.325 11.665 11.522 11.402 11.303 11.135 11.559 11.654 11.501 11.113 10.944 10.754 11.469
66.0626 12.173 12.223 12.148 11.955 11.813 11.674 12.034 11.933 11.81 11.668 11.528 11.379 11.938 11.765 11.593 11.473 11.362 11.701 11.559 11.439 11.34 11.172 11.596 11.691 11.538 11.15 10.981 10.79 11.505
67.6562 12.21 12.26 12.185 11.992 11.849 11.71 12.071 11.969 11.847 11.705 11.565 11.416 11.974 11.802 11.63 11.509 11.399 11.738 11.595 11.476 11.377 11.208 11.632 11.727 11.575 11.187 11.017 10.827 11.542
69.2883 12.247 12.296 12.221 12.028 11.886 11.747 12.108 12.006 11.883 11.742 11.601 11.453 12.011 11.838 11.667 11.546 11.435 11.775 11.632 11.512 11.413 11.245 11.669 11.764 11.611 11.223 11.054 10.864 11.579
70.9597 12.281 12.331 12.256 12.063 11.921 11.782 12.142 12.041 11.918 11.776 11.636 11.487 12.046 11.873 11.701 11.581 11.47 11.809 11.667 11.547 11.448 11.28 11.704 11.799 11.646 11.258 11.089 10.898 11.613
72.6715 12.315 12.365 12.29 12.097 11.955 11.816 12.176 12.075 11.952 11.81 11.67 11.521 12.08 11.907 11.735 11.615 11.504 11.843 11.701 11.581 11.482 11.314 11.738 11.833 11.68 11.292 11.123 10.932 11.647
74.4246 12.349 12.399 12.324 12.131 11.989 11.85 12.21 12.109 11.986 11.844 11.704 11.555 12.114 11.941 11.769 11.649 11.538 11.877 11.735 11.615 11.516 11.348 11.772 11.867 11.714 11.326 11.157 10.966 11.681
76.2199 12.384 12.433 12.358 12.165 12.023 11.884 12.244 12.143 12.02 11.878 11.738 11.589 12.148 11.975 11.803 11.683 11.572 11.911 11.769 11.649 11.55 11.382 11.806 11.901 11.748 11.36 11.191 11.0 11.715
78.0586 12.418 12.467 12.392 12.199 12.057 11.918 12.278 12.177 12.054 11.912 11.772 11.623 12.182 12.009 11.837 11.717 11.606 11.945 11.803 11.683 11.584 11.416 11.84 11.935 11.782 11.394 11.225 11.034 11.749
79.9416 12.452 12.501 12.426 12.233 12.091 11.952 12.312 12.211 12.088 11.947 11.806 11.657 12.216 12.043 11.871 11.751 11.64 11.979 11.837 11.717 11.618 11.45 11.874 11.969 11.816 11.428 11.259 11.068 11.783
81.87 12.486 12.535 12.46 12.267 12.125 11.986 12.346 12.245 12.122 11.981 11.84 11.691 12.25 12.077 11.905 11.785 11.674 12.014 11.871 11.751 11.652 11.484 11.908 12.003 11.85 11.462 11.293 11.102 11.817
83.845 12.52 12.569 12.494 12.301 12.159 12.02 12.381 12.279 12.156 12.015 11.874 11.725 12.284 12.111 11.939 11.819 11.708 12.048 11.905 11.785 11.686 11.518 11.942 12.037 11.884 11.496 11.327 11.136 11.851
85.8676 12.554 12.603 12.528 12.335 12.193 12.054 12.415 12.313 12.19 12.049 11.908 11.76 12.318 12.145 11.973 11.853 11.742 12.082 11.939 11.819 11.72 11.552 11.976 12.071 11.918 11.53 11.361 11.17 11.885
87.939 12.588 12.637 12.562 12.369 12.227 12.088 12.449 12.347 12.224 12.083 11.942 11.794 12.352 12.179 12.007 11.887 11.776 12.116 11.973 11.853 11.754 11.586 12.01 12.105 11.952 11.564 11.395 11.205 11.92
90.0604 12.619 12.668 12.594 12.401 12.258 12.119 12.48 12.378 12.256 12.114 11.974 11.825 12.383 12.211 12.039 11.918 11.808 12.147 12.004 11.885 11.786 11.617 12.041 12.136 11.984 11.596 11.426 11.236 11.951
92.2329 12.65 12.699 12.625 12.432 12.289 12.15 12.511 12.409 12.287 12.145 12.004 11.856 12.414 12.242 12.07 11.949 11.838 12.178 12.035 11.915 11.816 11.648 12.072 12.167 12.014 11.627 11.457 11.267 11.982
94.4579 12.681 12.73 12.655 12.462 12.32 12.181 12.542 12.44 12.318 12.176 12.035 11.887 12.445 12.273 12.101 11.98 11.869 12.209 12.066 11.946 11.847 11.679 12.103 12.198 12.045 11.657 11.488 11.298 12.013
96.7365 12.712 12.761 12.686 12.493 12.351 12.212 12.573 12.471 12.349 12.207 12.066 11.918 12.476 12.303 12.132 12.011 11.9 12.24 12.097 11.977 11.878 11.71 12.134 12.229 12.076 11.688 11.519 11.329 12.044
99.0701 12.743 12.792 12.717 12.524 12.382 12.243 12.604 12.502 12.38 12.238 12.097 11.949 12.507 12.334 12.163 12.042 11.931 12.271 12.128 12.008 11.909 11.741 12.165 12.26 12.107 11.719 11.55 11.36 12.075
101.4599 12.774 12.823 12.748 12.555 12.413 12.274 12.635 12.533 12.41 12.269 12.128 11.979 12.538 12.365 12.193 12.073 11.962 12.302 12.159 12.039 11.94 11.772 12.196 12.291 12.138 11.75 11.581 11.39 12.105
103.9075 12.805 12.854 12.779 12.586 12.444 12.305 12.665 12.564 12.441 12.299 12.159 12.01 12.569 12.396 12.224 12.104 11.993 12.332 12.19 12.07 11.971 11.803 12.227 12.322 12.169 11.781 11.612 11.421 12.136
106.4141 12.835 12.885 12.81 12.617 12.475 12.336 12.696 12.595 12.472 12.33 12.19 12.041 12.6 12.427 12.255 12.135 12.024 12.363 12.221 12.101 12.002 11.834 12.258 12.353 12.2 11.812 11.643 11.452 12.167
108.9811 12.866 12.916 12.841 12.648 12.506 12.366 12.727 12.626 12.503 12.361 12.221 12.072 12.631 12.458 12.286 12.165 12.055 12.394 12.252 12.132 12.033 11.865 12.288 12.384 12.231 11.843 11.674 11.483 12.198
111.6101 12.897 12.947 12.872 12.679 12.536 12.397 12.758 12.656 12.534 12.392 12.252 12.103 12.662 12.489 12.317 12.196 12.086 12.425 12.283 12.163 12.064 11.896 12.319 12.415 12.262 11.874 11.704 11.514 12.229
114.3025 12.928 12.978 12.903 12.71 12.568 12.428 12.789 12.688 12.565 12.423 12.283 12.134 12.693 12.52 12.348 12.227 12.117 12.456 12.314 12.194 12.095 11.927 12.35 12.446 12.293 11.905 11.736 11.545 12.26
117.0598 12.959 13.009 12.934 12.741 12.599 12.46 12.82 12.719 12.596 12.454 12.314 12.165 12.724 12.551 12.379 12.259 12.148 12.487 12.345 12.225 12.126 11.958 12.382 12.477 12.324 11.936 11.767 11.576 12.291
119.8836 12.991 13.04 12.965 12.772 12.63 12.491 12.851 12.75 12.627 12.485 12.345 12.196 12.755 12.582 12.41 12.29 12.179 12.518 12.376 12.256 12.157 11.989 12.413 12.508 12.355 11.967 11.798 11.607 12.322
122.7756 13.022 13.071 12.996 12.803 12.661 12.522 12.883 12.781 12.658 12.517 12.376 12.228 12.786 12.613 12.441 12.321 12.21 12.55 12.407 12.287 12.188 12.02 12.444 12.539 12.386 11.998 11.829 11.638 12.353
125.7373 13.053 13.102 13.027 12.834 12.692 12.553 12.914 12.812 12.69 12.548 12.407 12.259 12.817 12.644 12.473 12.352 12.241 12.581 12.438 12.318 12.219 12.051 12.475 12.57 12.417 12.029 11.86 11.67 12.385
128.7705 13.084 13.133 13.058 12.865 12.723 12.584 12.945 12.843 12.721 12.579 12.438 12.29 12.848 12.675 12.504 12.383 12.272 12.612 12.469 12.349 12.25 12.082 12.506 12.601 12.448 12.06 11.891 11.701 12.416
131.8769 13.115 13.164 13.089 12.897 12.754 12.615 12.976 12.874 12.752 12.61 12.469 12.321 12.879 12.707 12.535 12.414 12.303 12.643 12.5 12.38 12.281 12.113 12.537 12.632 12.479 12.091 11.922 11.732 12.447
135.0582 13.146 13.195 13.121 12.928 12.785 12.646 13.007 12.905 12.783 12.641 12.5 12.352 12.91 12.738 12.566 12.445 12.334 12.674 12.531 12.412 12.312 12.144 12.568 12.663 12.51 12.123 11.953 11.763 12.478
138.3162 13.177 13.226 13.152 12.959 12.816 12.677 13.038 12.936 12.814 12.672 12.532 12.383 12.941 12.769 12.597 12.476 12.366 12.705 12.562 12.443 12.344 12.175 12.599 12.694 12.542 12.154 11.984 11.794 12.509
141.6528 13.21 13.259 13.185 12.992 12.849 12.71 13.071 12.969 12.847 12.705 12.564 12.416 12.974 12.802 12.63 12.509 12.398 12.738 12.595 12.475 12.376 12.208 12.632 12.727 12.574 12.186 12.017 11.827 12.542
145.0699 13.255 13.305 13.23 13.037 12.894 12.755 13.116 13.014 12.892 12.75 12.61 12.461 13.019 12.847 12.675 12.554 12.444 12.783 12.64 12.521 12.422 12.253 12.677 12.772 12.62 12.232 12.062 11.872 12.587
148.5695 13.3 13.35 13.275 13.082 12.939 12.8 13.161 13.059 12.937 12.795 12.655 12.506 13.065 12.892 12.72 12.599 12.489 12.828 12.686 12.566 12.467 12.298 12.722 12.818 12.665 12.277 12.107 11.917 12.632
152.1534 13.345 13.395 13.32 13.127 12.985 12.845 13.206 13.105 12.982 12.84 12.7 12.551 13.11 12.937 12.765 12.645 12.534 12.873 12.731 12.611 12.512 12.344 12.767 12.863 12.71 12.322 12.153 11.962 12.677
155.8238 13.391 13.44 13.365 13.172 13.03 12.891 13.251 13.15 13.027 12.885 12.745 12.596 13.155 12.982 12.81 12.69 12.579 12.918 12.776 12.656 12.557 12.389 12.813 12.908 12.755 12.367 12.198 12.007 12.722
159.5828 13.436 13.485 13.41 13.217 13.075 12.936 13.297 13.195 13.072 12.931 12.79 12.642 13.2 13.027 12.856 12.735 12.624 12.964 12.821 12.701 12.602 12.434 12.858 12.953 12.8 12.412 12.243 12.053 12.768
163.4324 13.481 13.53 13.455 13.262 13.12 12.981 13.342 13.24 13.118 12.976 12.835 12.687 13.245 13.073 12.901 12.78 12.669 13.009 12.866 12.746 12.647 12.479 12.903 12.998 12.845 12.457 12.288 12.098 12.813
167.375 13.526 13.575 13.501 13.308 13.165 13.026 13.387 13.285 13.163 13.021 12.88 12.732 13.29 13.118 12.946 12.825 12.714 13.054 12.911 12.792 12.692 12.524 12.948 13.043 12.89 12.503 12.333 12.143 12.858
171.4126 13.571 13.621 13.546 13.353 13.21 13.071 13.432 13.33 13.208 13.066 12.926 12.777 13.335 13.163 12.991 12.87 12.76 13.099 12.956 12.837 12.738 12.569 12.993 13.088 12.936 12.548 12.378 12.188 12.903
175.5476 13.616 13.666 13.591 13.398 13.255 13.116 13.477 13.376 13.253 13.111 12.971 12.822 13.381 13.208 13.036 12.915 12.805 13.144 13.002 12.882 12.783 12.615 13.038 13.134 12.981 12.593 12.423 12.233 12.948
179.7823 13.669 13.718 13.643 13.45 13.308 13.169 13.529 13.428 13.305 13.163 13.023 12.874 13.433 13.26 13.088 12.968 12.857 13.196 13.054 12.934 12.835 12.667 13.091 13.186 13.033 12.645 12.476 12.285 13.0
184.1193 13.74 13.789 13.714 13.522 13.379 13.24 13.601 13.499 13.377 13.235 13.094 12.946 13.504 13.332 13.16 13.039 12.928 13.268 13.125 13.005 12.906 12.738 13.162 13.257 13.104 12.716 12.547 12.357 13.072
188.5608 13.811 13.861 13.786 13.593 13.451 13.311 13.672 13.571 13.448 13.306 13.166 13.017 13.576 13.403 13.231 13.11 13.0 13.339 13.197 13.077 12.978 12.81 13.233 13.329 13.176 12.788 12.619 12.428 13.143
