web/models/grb/onaxis/11/grb_0.0000_719.6857_0.0000040.dat
# %ECSV 1.0
# ---
# datatype:
# - {name: time, datatype: float64}
# - {name: swift_uvot_uvw2, datatype: float64}
# - {name: swift_uvot_uvm2, datatype: float64}
# - {name: swift_uvot_uvw1, datatype: float64}
# - {name: swift_uvot_U, datatype: float64}
# - {name: swift_uvot_B, datatype: float64}
# - {name: swift_uvot_V, datatype: float64}
# - {name: swift_uvot_W, datatype: float64}
# - {name: johnson_U, datatype: float64}
# - {name: johnson_B, datatype: float64}
# - {name: johnson_V, datatype: float64}
# - {name: johnson_R, datatype: float64}
# - {name: johnson_I, datatype: float64}
# - {name: sdss_u, datatype: float64}
# - {name: sdss_g, datatype: float64}
# - {name: sdss_r, datatype: float64}
# - {name: sdss_i, datatype: float64}
# - {name: sdss_z, datatype: float64}
# - {name: PS1_g, datatype: float64}
# - {name: PS1_r, datatype: float64}
# - {name: PS1_i, datatype: float64}
# - {name: PS1_z, datatype: float64}
# - {name: PS1_Y, datatype: float64}
# - {name: PS1_w, datatype: float64}
# - {name: ATLAS_c, datatype: float64}
# - {name: ATLAS_o, datatype: float64}
# - {name: ukirt_J, datatype: float64}
# - {name: ukirt_H, datatype: float64}
# - {name: ukirt_K, datatype: float64}
# - {name: Clear, datatype: float64}
# meta: !!omap
# - comment: [E = 0.31231838447717747, Eta0 = 8.02, GammaB = 12.0, dL = 0.012188, epsb = 6.760829753919819e-06, epse = 0.1, n = 3.981071705534969e-06,
#     p = 2.15, theta_obs = 0.0, xiN = 1.0, z = 0.0, type = grb, E_kiso = 719.6856730011514]
# schema: astropy-2.0
time swift_uvot_uvw2 swift_uvot_uvm2 swift_uvot_uvw1 swift_uvot_U swift_uvot_B swift_uvot_V swift_uvot_W johnson_U johnson_B johnson_V johnson_R johnson_I sdss_u sdss_g sdss_r sdss_i sdss_z PS1_g PS1_r PS1_i PS1_z PS1_Y PS1_w ATLAS_c ATLAS_o ukirt_J ukirt_H ukirt_K Clear
[from data line 148]
0.3405 -5.05 -5.001 -5.075 -5.268 -5.411 -5.55 -5.189 -5.291 -5.413 -5.555 -5.695 -5.844 -5.286 -5.458 -5.63 -5.751 -5.861 -5.522 -5.665 -5.784 -5.883 -6.052 -5.628 -5.533 -5.685 -6.073 -6.243 -6.433 -5.718
0.3487 -5.063 -5.013 -5.088 -5.281 -5.423 -5.563 -5.202 -5.303 -5.426 -5.568 -5.708 -5.857 -5.298 -5.471 -5.643 -5.763 -5.874 -5.535 -5.677 -5.797 -5.896 -6.064 -5.641 -5.545 -5.698 -6.086 -6.255 -6.446 -5.731
0.3571 -5.075 -5.026 -5.101 -5.294 -5.436 -5.575 -5.214 -5.316 -5.438 -5.58 -5.721 -5.869 -5.311 -5.484 -5.655 -5.776 -5.887 -5.547 -5.69 -5.81 -5.909 -6.077 -5.653 -5.558 -5.711 -6.099 -6.268 -6.458 -5.743
0.3657 -5.088 -5.039 -5.113 -5.306 -5.449 -5.588 -5.227 -5.329 -5.451 -5.593 -5.733 -5.882 -5.324 -5.496 -5.668 -5.789 -5.899 -5.56 -5.703 -5.822 -5.921 -6.09 -5.666 -5.571 -5.723 -6.111 -6.281 -6.471 -5.756
0.3746 -5.101 -5.051 -5.126 -5.319 -5.461 -5.601 -5.24 -5.341 -5.464 -5.606 -5.746 -5.895 -5.336 -5.509 -5.681 -5.801 -5.912 -5.573 -5.715 -5.835 -5.934 -6.102 -5.679 -5.583 -5.736 -6.124 -6.293 -6.484 -5.769
0.3836 -5.113 -5.064 -5.139 -5.332 -5.474 -5.613 -5.252 -5.354 -5.476 -5.618 -5.759 -5.907 -5.349 -5.522 -5.693 -5.814 -5.925 -5.585 -5.728 -5.848 -5.947 -6.115 -5.691 -5.596 -5.749 -6.137 -6.306 -6.496 -5.781
0.3929 -5.126 -5.077 -5.151 -5.344 -5.487 -5.626 -5.265 -5.367 -5.489 -5.631 -5.771 -5.92 -5.362 -5.534 -5.706 -5.827 -5.937 -5.598 -5.741 -5.86 -5.959 -6.128 -5.704 -5.609 -5.761 -6.149 -6.319 -6.509 -5.794
0.4023 -5.139 -5.089 -5.164 -5.357 -5.499 -5.639 -5.278 -5.379 -5.502 -5.644 -5.784 -5.933 -5.374 -5.547 -5.719 -5.839 -5.95 -5.611 -5.753 -5.873 -5.972 -6.14 -5.716 -5.621 -5.774 -6.162 -6.331 -6.522 -5.807
0.412 -5.151 -5.102 -5.177 -5.37 -5.512 -5.651 -5.29 -5.392 -5.514 -5.656 -5.797 -5.945 -5.387 -5.56 -5.731 -5.852 -5.963 -5.623 -5.766 -5.886 -5.985 -6.153 -5.729 -5.634 -5.787 -6.175 -6.344 -6.534 -5.819
0.422 -5.164 -5.115 -5.189 -5.382 -5.525 -5.664 -5.303 -5.405 -5.527 -5.669 -5.809 -5.958 -5.4 -5.572 -5.744 -5.865 -5.975 -5.636 -5.779 -5.898 -5.997 -6.166 -5.742 -5.647 -5.799 -6.187 -6.357 -6.547 -5.832
0.4322 -5.175 -5.125 -5.2 -5.393 -5.536 -5.675 -5.314 -5.416 -5.538 -5.68 -5.82 -5.969 -5.411 -5.583 -5.755 -5.876 -5.986 -5.647 -5.79 -5.909 -6.008 -6.177 -5.753 -5.658 -5.81 -6.198 -6.368 -6.558 -5.843
0.4426 -5.183 -5.134 -5.209 -5.402 -5.544 -5.683 -5.322 -5.424 -5.547 -5.688 -5.829 -5.978 -5.419 -5.592 -5.764 -5.884 -5.995 -5.655 -5.798 -5.918 -6.017 -6.185 -5.761 -5.666 -5.819 -6.207 -6.376 -6.567 -5.852
0.4533 -5.192 -5.142 -5.217 -5.41 -5.553 -5.692 -5.331 -5.433 -5.555 -5.697 -5.837 -5.986 -5.428 -5.6 -5.772 -5.893 -6.003 -5.664 -5.806 -5.926 -6.025 -6.194 -5.77 -5.675 -5.827 -6.215 -6.385 -6.575 -5.86
0.4642 -5.2 -5.151 -5.226 -5.419 -5.561 -5.7 -5.339 -5.441 -5.564 -5.705 -5.846 -5.994 -5.436 -5.609 -5.78 -5.901 -6.012 -5.672 -5.815 -5.935 -6.034 -6.202 -5.778 -5.683 -5.836 -6.224 -6.393 -6.583 -5.868
0.4754 -5.209 -5.159 -5.234 -5.427 -5.57 -5.709 -5.348 -5.45 -5.572 -5.714 -5.854 -6.003 -5.445 -5.617 -5.789 -5.91 -6.02 -5.681 -5.823 -5.943 -6.042 -6.211 -5.787 -5.692 -5.844 -6.232 -6.402 -6.592 -5.877
0.4869 -5.217 -5.168 -5.243 -5.436 -5.578 -5.717 -5.356 -5.458 -5.58 -5.722 -5.863 -6.011 -5.453 -5.626 -5.797 -5.918 -6.029 -5.689 -5.832 -5.952 -6.051 -6.219 -5.795 -5.7 -5.853 -6.241 -6.41 -6.6 -5.885
0.4986 -5.226 -5.176 -5.251 -5.444 -5.587 -5.726 -5.365 -5.466 -5.589 -5.731 -5.871 -6.02 -5.461 -5.634 -5.806 -5.927 -6.037 -5.698 -5.84 -5.96 -6.059 -6.227 -5.804 -5.708 -5.861 -6.249 -6.419 -6.609 -5.894
0.5106 -5.234 -5.185 -5.26 -5.453 -5.595 -5.734 -5.373 -5.475 -5.597 -5.739 -5.88 -6.028 -5.47 -5.643 -5.814 -5.935 -6.046 -5.706 -5.849 -5.969 -6.068 -6.236 -5.812 -5.717 -5.87 -6.258 -6.427 -6.617 -5.902
0.523 -5.243 -5.193 -5.268 -5.461 -5.603 -5.743 -5.382 -5.483 -5.606 -5.748 -5.888 -6.037 -5.478 -5.651 -5.823 -5.944 -6.054 -5.715 -5.857 -5.977 -6.076 -6.244 -5.821 -5.725 -5.878 -6.266 -6.435 -6.626 -5.911
0.5356 -5.251 -5.202 -5.277 -5.469 -5.612 -5.751 -5.39 -5.492 -5.614 -5.756 -5.897 -6.045 -5.487 -5.659 -5.831 -5.952 -6.063 -5.723 -5.866 -5.986 -6.085 -6.253 -5.829 -5.734 -5.887 -6.275 -6.444 -6.634 -5.919
0.5485 -5.257 -5.208 -5.283 -5.476 -5.618 -5.757 -5.396 -5.498 -5.62 -5.762 -5.903 -6.051 -5.493 -5.666 -5.837 -5.958 -6.069 -5.729 -5.872 -5.992 -6.091 -6.259 -5.835 -5.74 -5.893 -6.281 -6.45 -6.64 -5.925
0.5617 -5.261 -5.212 -5.287 -5.48 -5.622 -5.761 -5.4 -5.502 -5.625 -5.766 -5.907 -6.056 -5.497 -5.67 -5.842 -5.962 -6.073 -5.733 -5.876 -5.996 -6.095 -6.263 -5.839 -5.744 -5.897 -6.285 -6.454 -6.645 -5.93
0.5753 -5.266 -5.216 -5.291 -5.484 -5.626 -5.765 -5.405 -5.506 -5.629 -5.771 -5.911 -6.06 -5.501 -5.674 -5.846 -5.966 -6.077 -5.738 -5.88 -6.0 -6.099 -6.267 -5.843 -5.748 -5.901 -6.289 -6.458 -6.649 -5.934
0.5891 -5.27 -5.22 -5.295 -5.488 -5.63 -5.77 -5.409 -5.51 -5.633 -5.775 -5.915 -6.064 -5.505 -5.678 -5.85 -5.971 -6.081 -5.742 -5.884 -6.004 -6.103 -6.271 -5.848 -5.752 -5.905 -6.293 -6.462 -6.653 -5.938
0.6034 -5.274 -5.224 -5.299 -5.492 -5.635 -5.774 -5.413 -5.515 -5.637 -5.779 -5.919 -6.068 -5.51 -5.682 -5.854 -5.975 -6.085 -5.746 -5.888 -6.008 -6.107 -6.276 -5.852 -5.757 -5.909 -6.297 -6.467 -6.657 -5.942
0.6179 -5.278 -5.229 -5.303 -5.496 -5.639 -5.778 -5.417 -5.519 -5.641 -5.783 -5.924 -6.072 -5.514 -5.686 -5.858 -5.979 -6.089 -5.75 -5.893 -6.012 -6.111 -6.28 -5.856 -5.761 -5.913 -6.301 -6.471 -6.661 -5.946
0.6328 -5.282 -5.233 -5.308 -5.5 -5.643 -5.782 -5.421 -5.523 -5.645 -5.787 -5.928 -6.076 -5.518 -5.69 -5.862 -5.983 -6.094 -5.754 -5.897 -6.017 -6.116 -6.284 -5.86 -5.765 -5.918 -6.306 -6.475 -6.665 -5.95
0.6481 -5.286 -5.237 -5.312 -5.505 -5.647 -5.786 -5.425 -5.527 -5.649 -5.791 -5.932 -6.08 -5.522 -5.695 -5.866 -5.987 -6.098 -5.758 -5.901 -6.021 -6.12 -6.288 -5.864 -5.769 -5.922 -6.31 -6.479 -6.669 -5.954
0.6637 -5.29 -5.241 -5.316 -5.509 -5.651 -5.79 -5.43 -5.531 -5.654 -5.795 -5.936 -6.085 -5.526 -5.699 -5.871 -5.991 -6.102 -5.762 -5.905 -6.025 -6.124 -6.292 -5.868 -5.773 -5.926 -6.314 -6.483 -6.674 -5.959
0.6797 -5.295 -5.245 -5.32 -5.513 -5.655 -5.794 -5.434 -5.535 -5.658 -5.8 -5.94 -6.089 -5.53 -5.703 -5.875 -5.995 -6.106 -5.767 -5.909 -6.029 -6.128 -6.296 -5.872 -5.777 -5.93 -6.318 -6.487 -6.678 -5.963
0.6961 -5.291 -5.241 -5.316 -5.509 -5.652 -5.791 -5.43 -5.532 -5.654 -5.796 -5.936 -6.085 -5.527 -5.699 -5.871 -5.992 -6.102 -5.763 -5.905 -6.025 -6.124 -6.293 -5.869 -5.774 -5.926 -6.314 -6.484 -6.674 -5.959
0.7129 -5.283 -5.234 -5.309 -5.502 -5.644 -5.783 -5.423 -5.524 -5.647 -5.788 -5.929 -6.078 -5.519 -5.692 -5.864 -5.984 -6.095 -5.755 -5.898 -6.018 -6.117 -6.285 -5.861 -5.766 -5.919 -6.307 -6.476 -6.667 -5.952
0.7301 -5.276 -5.227 -5.301 -5.494 -5.637 -5.776 -5.415 -5.517 -5.639 -5.781 -5.922 -6.07 -5.512 -5.684 -5.856 -5.977 -6.088 -5.748 -5.891 -6.01 -6.11 -6.278 -5.854 -5.759 -5.912 -6.299 -6.469 -6.659 -5.944
0.7477 -5.269 -5.219 -5.294 -5.487 -5.629 -5.769 -5.408 -5.509 -5.632 -5.774 -5.914 -6.063 -5.504 -5.677 -5.849 -5.969 -6.08 -5.741 -5.883 -6.003 -6.102 -6.27 -5.847 -5.751 -5.904 -6.292 -6.461 -6.652 -5.937
0.7658 -5.261 -5.212 -5.287 -5.48 -5.622 -5.761 -5.4 -5.502 -5.624 -5.766 -5.907 -6.055 -5.497 -5.67 -5.841 -5.962 -6.073 -5.733 -5.876 -5.996 -6.095 -6.263 -5.839 -5.744 -5.897 -6.285 -6.454 -6.644 -5.929
0.7842 -5.254 -5.204 -5.279 -5.472 -5.615 -5.754 -5.393 -5.495 -5.617 -5.759 -5.899 -6.048 -5.49 -5.662 -5.834 -5.955 -6.065 -5.726 -5.868 -5.988 -6.087 -6.256 -5.832 -5.737 -5.889 -6.277 -6.447 -6.637 -5.922
0.8032 -5.246 -5.197 -5.272 -5.465 -5.607 -5.746 -5.386 -5.487 -5.61 -5.752 -5.892 -6.041 -5.482 -5.655 -5.827 -5.947 -6.058 -5.719 -5.861 -5.981 -6.08 -6.248 -5.824 -5.729 -5.882 -6.27 -6.439 -6.63 -5.915
0.8225 -5.239 -5.19 -5.264 -5.457 -5.6 -5.739 -5.378 -5.48 -5.602 -5.744 -5.885 -6.033 -5.475 -5.647 -5.819 -5.94 -6.051 -5.711 -5.854 -5.974 -6.073 -6.241 -5.817 -5.722 -5.875 -6.263 -6.432 -6.622 -5.907
0.8424 -5.232 -5.182 -5.257 -5.45 -5.592 -5.732 -5.371 -5.472 -5.595 -5.737 -5.877 -6.026 -5.467 -5.64 -5.812 -5.933 -6.043 -5.704 -5.846 -5.966 -6.065 -6.233 -5.81 -5.714 -5.867 -6.255 -6.424 -6.615 -5.9
0.8627 -5.224 -5.175 -5.25 -5.443 -5.585 -5.724 -5.363 -5.465 -5.587 -5.729 -5.87 -6.018 -5.46 -5.633 -5.804 -5.925 -6.036 -5.696 -5.839 -5.959 -6.058 -6.226 -5.802 -5.707 -5.86 -6.248 -6.417 -6.607 -5.892
0.8835 -5.213 -5.164 -5.238 -5.431 -5.574 -5.713 -5.352 -5.454 -5.576 -5.718 -5.859 -6.007 -5.449 -5.621 -5.793 -5.914 -6.025 -5.685 -5.828 -5.947 -6.047 -6.215 -5.791 -5.696 -5.849 -6.236 -6.406 -6.596 -5.881
0.9048 -5.201 -5.152 -5.226 -5.419 -5.562 -5.701 -5.34 -5.442 -5.564 -5.706 -5.846 -5.995 -5.437 -5.609 -5.781 -5.902 -6.012 -5.673 -5.816 -5.935 -6.034 -6.203 -5.779 -5.684 -5.836 -6.224 -6.394 -6.584 -5.869
0.9266 -5.189 -5.139 -5.214 -5.407 -5.55 -5.689 -5.328 -5.43 -5.552 -5.694 -5.834 -5.983 -5.425 -5.597 -5.769 -5.89 -6.0 -5.661 -5.804 -5.923 -6.022 -6.191 -5.767 -5.672 -5.824 -6.212 -6.382 -6.572 -5.857
0.949 -5.177 -5.127 -5.202 -5.395 -5.538 -5.677 -5.316 -5.418 -5.54 -5.682 -5.822 -5.971 -5.413 -5.585 -5.757 -5.878 -5.988 -5.649 -5.791 -5.911 -6.01 -6.179 -5.755 -5.66 -5.812 -6.2 -6.37 -6.56 -5.845
0.9719 -5.165 -5.115 -5.19 -5.383 -5.526 -5.665 -5.304 -5.405 -5.528 -5.67 -5.81 -5.959 -5.4 -5.573 -5.745 -5.866 -5.976 -5.637 -5.779 -5.899 -5.998 -6.166 -5.743 -5.647 -5.8 -6.188 -6.358 -6.548 -5.833
0.9953 -5.153 -5.103 -5.178 -5.371 -5.513 -5.653 -5.292 -5.393 -5.516 -5.658 -5.798 -5.947 -5.388 -5.561 -5.733 -5.854 -5.964 -5.625 -5.767 -5.887 -5.986 -6.154 -5.731 -5.635 -5.788 -6.176 -6.345 -6.536 -5.821
1.0194 -5.141 -5.091 -5.166 -5.359 -5.501 -5.641 -5.28 -5.381 -5.504 -5.646 -5.786 -5.935 -5.376 -5.549 -5.721 -5.841 -5.952 -5.613 -5.755 -5.875 -5.974 -6.142 -5.718 -5.623 -5.776 -6.164 -6.333 -6.524 -5.809
1.0439 -5.129 -5.079 -5.154 -5.347 -5.489 -5.628 -5.268 -5.369 -5.492 -5.634 -5.774 -5.923 -5.364 -5.537 -5.709 -5.829 -5.94 -5.601 -5.743 -5.863 -5.962 -6.13 -5.706 -5.611 -5.764 -6.152 -6.321 -6.512 -5.797
1.0691 -5.116 -5.067 -5.142 -5.335 -5.477 -5.616 -5.256 -5.357 -5.48 -5.622 -5.762 -5.911 -5.352 -5.525 -5.697 -5.817 -5.928 -5.589 -5.731 -5.851 -5.95 -6.118 -5.694 -5.599 -5.752 -6.14 -6.309 -6.5 -5.785
1.0949 -5.104 -5.055 -5.13 -5.323 -5.465 -5.604 -5.243 -5.345 -5.468 -5.609 -5.75 -5.898 -5.34 -5.513 -5.685 -5.805 -5.916 -5.576 -5.719 -5.839 -5.938 -6.106 -5.682 -5.587 -5.74 -6.128 -6.297 -6.488 -5.773
1.1213 -5.102 -5.052 -5.127 -5.32 -5.463 -5.602 -5.241 -5.343 -5.465 -5.607 -5.747 -5.896 -5.338 -5.51 -5.682 -5.803 -5.913 -5.574 -5.717 -5.836 -5.935 -6.104 -5.68 -5.585 -5.737 -6.125 -6.295 -6.485 -5.77
1.1484 -5.1 -5.05 -5.125 -5.318 -5.46 -5.6 -5.239 -5.34 -5.463 -5.605 -5.745 -5.894 -5.335 -5.508 -5.68 -5.801 -5.911 -5.572 -5.714 -5.834 -5.933 -6.101 -5.678 -5.582 -5.735 -6.123 -6.292 -6.483 -5.768
1.1761 -5.098 -5.048 -5.123 -5.316 -5.458 -5.597 -5.237 -5.338 -5.461 -5.603 -5.743 -5.892 -5.333 -5.506 -5.678 -5.798 -5.909 -5.57 -5.712 -5.832 -5.931 -6.099 -5.675 -5.58 -5.733 -6.121 -6.29 -6.481 -5.766
1.2044 -5.095 -5.046 -5.121 -5.314 -5.456 -5.595 -5.234 -5.336 -5.458 -5.6 -5.741 -5.889 -5.331 -5.504 -5.675 -5.796 -5.907 -5.567 -5.71 -5.83 -5.929 -6.097 -5.673 -5.578 -5.731 -6.119 -6.288 -6.478 -5.763
1.2335 -5.093 -5.044 -5.119 -5.311 -5.454 -5.593 -5.232 -5.334 -5.456 -5.598 -5.739 -5.887 -5.329 -5.501 -5.673 -5.794 -5.905 -5.565 -5.708 -5.828 -5.927 -6.095 -5.671 -5.576 -5.729 -6.117 -6.286 -6.476 -5.761
1.2633 -5.091 -5.041 -5.116 -5.309 -5.452 -5.591 -5.23 -5.332 -5.454 -5.596 -5.736 -5.885 -5.327 -5.499 -5.671 -5.792 -5.902 -5.563 -5.706 -5.825 -5.924 -6.093 -5.669 -5.574 -5.726 -6.114 -6.284 -6.474 -5.759
1.2937 -5.089 -5.039 -5.114 -5.307 -5.45 -5.589 -5.228 -5.329 -5.452 -5.594 -5.734 -5.883 -5.324 -5.497 -5.669 -5.79 -5.9 -5.561 -5.703 -5.823 -5.922 -6.09 -5.667 -5.571 -5.724 -6.112 -6.281 -6.472 -5.757
1.3249 -5.087 -5.037 -5.112 -5.305 -5.447 -5.586 -5.226 -5.327 -5.45 -5.592 -5.732 -5.881 -5.322 -5.495 -5.667 -5.787 -5.898 -5.559 -5.701 -5.821 -5.92 -6.088 -5.664 -5.569 -5.722 -6.11 -6.279 -6.47 -5.755
1.3569 -5.084 -5.035 -5.11 -5.303 -5.445 -5.584 -5.223 -5.325 -5.448 -5.589 -5.73 -5.878 -5.32 -5.493 -5.664 -5.785 -5.896 -5.556 -5.699 -5.819 -5.918 -6.086 -5.662 -5.567 -5.72 -6.108 -6.277 -6.467 -5.752
1.3896 -5.084 -5.035 -5.11 -5.303 -5.445 -5.584 -5.223 -5.325 -5.447 -5.589 -5.73 -5.878 -5.32 -5.493 -5.664 -5.785 -5.896 -5.556 -5.699 -5.819 -5.918 -6.086 -5.662 -5.567 -5.72 -6.108 -6.277 -6.467 -5.752
1.4232 -5.101 -5.052 -5.126 -5.319 -5.462 -5.601 -5.24 -5.342 -5.464 -5.606 -5.747 -5.895 -5.337 -5.509 -5.681 -5.802 -5.913 -5.573 -5.716 -5.836 -5.935 -6.103 -5.679 -5.584 -5.737 -6.125 -6.294 -6.484 -5.769
1.4575 -5.118 -5.068 -5.143 -5.336 -5.479 -5.618 -5.257 -5.359 -5.481 -5.623 -5.763 -5.912 -5.354 -5.526 -5.698 -5.819 -5.929 -5.59 -5.733 -5.852 -5.951 -6.12 -5.696 -5.601 -5.753 -6.141 -6.311 -6.501 -5.786
1.4927 -5.135 -5.085 -5.16 -5.353 -5.495 -5.635 -5.274 -5.375 -5.498 -5.64 -5.78 -5.929 -5.37 -5.543 -5.715 -5.836 -5.946 -5.607 -5.749 -5.869 -5.968 -6.136 -5.713 -5.617 -5.77 -6.158 -6.327 -6.518 -5.803
1.5287 -5.152 -5.102 -5.177 -5.37 -5.512 -5.651 -5.291 -5.392 -5.515 -5.657 -5.797 -5.946 -5.387 -5.56 -5.732 -5.852 -5.963 -5.624 -5.766 -5.886 -5.985 -6.153 -5.729 -5.634 -5.787 -6.175 -6.344 -6.535 -5.82
1.5655 -5.168 -5.119 -5.194 -5.387 -5.529 -5.668 -5.307 -5.409 -5.531 -5.673 -5.814 -5.962 -5.404 -5.577 -5.748 -5.869 -5.98 -5.64 -5.783 -5.903 -6.002 -6.17 -5.746 -5.651 -5.804 -6.192 -6.361 -6.551 -5.836
1.6033 -5.185 -5.136 -5.211 -5.403 -5.546 -5.685 -5.324 -5.426 -5.548 -5.69 -5.831 -5.979 -5.421 -5.593 -5.765 -5.886 -5.997 -5.657 -5.8 -5.92 -6.019 -6.187 -5.763 -5.668 -5.821 -6.209 -6.378 -6.568 -5.853
1.642 -5.202 -5.152 -5.227 -5.42 -5.563 -5.702 -5.341 -5.443 -5.565 -5.707 -5.847 -5.996 -5.438 -5.61 -5.782 -5.903 -6.013 -5.674 -5.817 -5.936 -6.035 -6.204 -5.78 -5.685 -5.837 -6.225 -6.395 -6.585 -5.87
1.6816 -5.219 -5.169 -5.244 -5.437 -5.58 -5.719 -5.358 -5.459 -5.582 -5.724 -5.864 -6.013 -5.454 -5.627 -5.799 -5.92 -6.03 -5.691 -5.833 -5.953 -6.052 -6.22 -5.797 -5.701 -5.854 -6.242 -6.411 -6.602 -5.887
1.7222 -5.236 -5.186 -5.261 -5.454 -5.596 -5.735 -5.375 -5.476 -5.599 -5.741 -5.881 -6.03 -5.471 -5.644 -5.816 -5.936 -6.047 -5.708 -5.85 -5.97 -6.069 -6.237 -5.813 -5.718 -5.871 -6.259 -6.428 -6.619 -5.904
1.7637 -5.253 -5.204 -5.279 -5.472 -5.614 -5.753 -5.392 -5.494 -5.617 -5.758 -5.899 -6.047 -5.489 -5.662 -5.834 -5.954 -6.065 -5.725 -5.868 -5.988 -6.087 -6.255 -5.831 -5.736 -5.889 -6.277 -6.446 -6.636 -5.921
1.8062 -5.274 -5.225 -5.3 -5.493 -5.635 -5.774 -5.413 -5.515 -5.637 -5.779 -5.92 -6.068 -5.51 -5.682 -5.854 -5.975 -6.086 -5.746 -5.889 -6.009 -6.108 -6.276 -5.852 -5.757 -5.91 -6.298 -6.467 -6.657 -5.942
1.8498 -5.295 -5.246 -5.32 -5.513 -5.656 -5.795 -5.434 -5.536 -5.658 -5.8 -5.941 -6.089 -5.531 -5.703 -5.875 -5.996 -6.106 -5.767 -5.91 -6.029 -6.128 -6.297 -5.873 -5.778 -5.93 -6.318 -6.488 -6.678 -5.963
1.8944 -5.316 -5.266 -5.341 -5.534 -5.677 -5.816 -5.455 -5.557 -5.679 -5.821 -5.961 -6.11 -5.552 -5.724 -5.896 -6.017 -6.127 -5.788 -5.93 -6.05 -6.149 -6.318 -5.894 -5.799 -5.951 -6.339 -6.509 -6.699 -5.984
1.9401 -5.337 -5.287 -5.362 -5.555 -5.697 -5.837 -5.476 -5.577 -5.7 -5.842 -5.982 -6.131 -5.572 -5.745 -5.917 -6.037 -6.148 -5.809 -5.951 -6.071 -6.17 -6.338 -5.915 -5.819 -5.972 -6.36 -6.529 -6.72 -6.005
1.9869 -5.357 -5.308 -5.383 -5.576 -5.718 -5.857 -5.497 -5.598 -5.721 -5.863 -6.003 -6.152 -5.593 -5.766 -5.938 -6.058 -6.169 -5.83 -5.972 -6.092 -6.191 -6.359 -5.935 -5.84 -5.993 -6.381 -6.55 -6.741 -6.026
2.0349 -5.378 -5.329 -5.404 -5.597 -5.739 -5.878 -5.517 -5.619 -5.741 -5.883 -6.024 -6.172 -5.614 -5.787 -5.958 -6.079 -6.19 -5.85 -5.993 -6.113 -6.212 -6.38 -5.956 -5.861 -6.014 -6.402 -6.571 -6.761 -6.046
