web/models/grb/onaxis/11/grb_0.0000_0.1389_0.0630957.dat
# %ECSV 1.0
# ---
# datatype:
# - {name: time, datatype: float64}
# - {name: swift_uvot_uvw2, datatype: float64}
# - {name: swift_uvot_uvm2, datatype: float64}
# - {name: swift_uvot_uvw1, datatype: float64}
# - {name: swift_uvot_U, datatype: float64}
# - {name: swift_uvot_B, datatype: float64}
# - {name: swift_uvot_V, datatype: float64}
# - {name: swift_uvot_W, datatype: float64}
# - {name: johnson_U, datatype: float64}
# - {name: johnson_B, datatype: float64}
# - {name: johnson_V, datatype: float64}
# - {name: johnson_R, datatype: float64}
# - {name: johnson_I, datatype: float64}
# - {name: sdss_u, datatype: float64}
# - {name: sdss_g, datatype: float64}
# - {name: sdss_r, datatype: float64}
# - {name: sdss_i, datatype: float64}
# - {name: sdss_z, datatype: float64}
# - {name: PS1_g, datatype: float64}
# - {name: PS1_r, datatype: float64}
# - {name: PS1_i, datatype: float64}
# - {name: PS1_z, datatype: float64}
# - {name: PS1_Y, datatype: float64}
# - {name: PS1_w, datatype: float64}
# - {name: ATLAS_c, datatype: float64}
# - {name: ATLAS_o, datatype: float64}
# - {name: ukirt_J, datatype: float64}
# - {name: ukirt_H, datatype: float64}
# - {name: ukirt_K, datatype: float64}
# - {name: Clear, datatype: float64}
# meta: !!omap
# - comment: [E = 6.029923955985727e-05, Eta0 = 8.02, GammaB = 12.0, dL = 0.012188, epsb = 6.760829753919819e-06, epse = 0.1, n = 0.0630957344480193,
#     p = 2.15, theta_obs = 0.0, xiN = 1.0, z = 0.0, type = grb, E_kiso = 0.13894954943731375]
# schema: astropy-2.0
time swift_uvot_uvw2 swift_uvot_uvm2 swift_uvot_uvw1 swift_uvot_U swift_uvot_B swift_uvot_V swift_uvot_W johnson_U johnson_B johnson_V johnson_R johnson_I sdss_u sdss_g sdss_r sdss_i sdss_z PS1_g PS1_r PS1_i PS1_z PS1_Y PS1_w ATLAS_c ATLAS_o ukirt_J ukirt_H ukirt_K Clear
0.01 -4.299 -4.249 -4.324 -4.517 -4.659 -4.799 -4.438 -4.539 -4.662 -4.804 -4.944 -5.093 -4.534 -4.707 -4.879 -5.0 -5.11 -4.771 -4.913 -5.033 -5.132 -5.3 -4.877 -4.781 -4.934 -5.322 -5.491 -5.682 -4.967
0.0102 -4.284 -4.235 -4.31 -4.503 -4.645 -4.784 -4.423 -4.525 -4.647 -4.789 -4.93 -5.078 -4.52 -4.693 -4.864 -4.985 -5.096 -4.756 -4.899 -5.019 -5.118 -5.286 -4.862 -4.767 -4.92 -5.308 -5.477 -5.667 -4.952
0.0105 -4.277 -4.228 -4.303 -4.496 -4.638 -4.777 -4.416 -4.518 -4.64 -4.782 -4.923 -5.071 -4.513 -4.686 -4.857 -4.978 -5.089 -4.749 -4.892 -5.012 -5.111 -5.279 -4.855 -4.76 -4.913 -5.301 -5.47 -5.66 -4.945
0.0107 -4.274 -4.224 -4.299 -4.492 -4.635 -4.774 -4.413 -4.515 -4.637 -4.779 -4.919 -5.068 -4.51 -4.682 -4.854 -4.975 -5.085 -4.746 -4.888 -5.008 -5.107 -5.276 -4.852 -4.757 -4.909 -5.297 -5.467 -5.657 -4.942
0.011 -4.27 -4.221 -4.296 -4.489 -4.631 -4.77 -4.41 -4.511 -4.634 -4.775 -4.916 -5.065 -4.506 -4.679 -4.851 -4.971 -5.082 -4.742 -4.885 -5.005 -5.104 -5.272 -4.848 -4.753 -4.906 -5.294 -5.463 -5.654 -4.939
0.0113 -4.267 -4.218 -4.292 -4.485 -4.628 -4.767 -4.406 -4.508 -4.63 -4.772 -4.913 -5.061 -4.503 -4.675 -4.847 -4.968 -5.079 -4.739 -4.882 -5.001 -5.1 -5.269 -4.845 -4.75 -4.903 -5.29 -5.46 -5.65 -4.935
0.0115 -4.264 -4.214 -4.289 -4.482 -4.624 -4.764 -4.403 -4.504 -4.627 -4.769 -4.909 -5.058 -4.499 -4.672 -4.844 -4.964 -5.075 -4.736 -4.878 -4.998 -5.097 -5.265 -4.842 -4.746 -4.899 -5.287 -5.456 -5.647 -4.932
0.0118 -4.26 -4.211 -4.286 -4.479 -4.621 -4.76 -4.399 -4.501 -4.623 -4.765 -4.906 -5.054 -4.496 -4.669 -4.84 -4.961 -5.072 -4.732 -4.875 -4.995 -5.094 -5.262 -4.838 -4.743 -4.896 -5.284 -5.453 -5.643 -4.928
0.0121 -4.257 -4.207 -4.282 -4.475 -4.618 -4.757 -4.396 -4.498 -4.62 -4.762 -4.902 -5.051 -4.493 -4.665 -4.837 -4.958 -5.068 -4.729 -4.871 -4.991 -5.09 -5.259 -4.835 -4.74 -4.892 -5.28 -5.45 -5.64 -4.925
0.0124 -4.253 -4.204 -4.279 -4.472 -4.614 -4.753 -4.393 -4.494 -4.617 -4.759 -4.899 -5.048 -4.489 -4.662 -4.834 -4.954 -5.065 -4.726 -4.868 -4.988 -5.087 -5.255 -4.831 -4.736 -4.889 -5.277 -5.446 -5.637 -4.922
0.0127 -4.25 -4.201 -4.275 -4.468 -4.611 -4.75 -4.389 -4.491 -4.613 -4.755 -4.896 -5.044 -4.486 -4.658 -4.83 -4.951 -5.062 -4.722 -4.865 -4.985 -5.084 -5.252 -4.828 -4.733 -4.886 -5.274 -5.443 -5.633 -4.918
0.013 -4.247 -4.197 -4.272 -4.465 -4.607 -4.747 -4.386 -4.487 -4.61 -4.752 -4.892 -5.041 -4.482 -4.655 -4.827 -4.948 -5.058 -4.719 -4.861 -4.981 -5.08 -5.248 -4.825 -4.729 -4.882 -5.27 -5.439 -5.63 -4.915
0.0133 -4.246 -4.197 -4.272 -4.465 -4.607 -4.746 -4.385 -4.487 -4.609 -4.751 -4.892 -5.04 -4.482 -4.655 -4.826 -4.947 -5.058 -4.718 -4.861 -4.981 -5.08 -5.248 -4.824 -4.729 -4.882 -5.27 -5.439 -5.629 -4.914
0.0136 -4.247 -4.197 -4.272 -4.465 -4.607 -4.746 -4.386 -4.487 -4.61 -4.752 -4.892 -5.041 -4.482 -4.655 -4.827 -4.947 -5.058 -4.719 -4.861 -4.981 -5.08 -5.248 -4.824 -4.729 -4.882 -5.27 -5.439 -5.63 -4.915
0.014 -4.247 -4.197 -4.272 -4.465 -4.608 -4.747 -4.386 -4.488 -4.61 -4.752 -4.892 -5.041 -4.483 -4.655 -4.827 -4.948 -5.058 -4.719 -4.861 -4.981 -5.08 -5.249 -4.825 -4.729 -4.882 -5.27 -5.44 -5.63 -4.915
0.0143 -4.247 -4.198 -4.272 -4.465 -4.608 -4.747 -4.386 -4.488 -4.61 -4.752 -4.893 -5.041 -4.483 -4.655 -4.827 -4.948 -5.059 -4.719 -4.862 -4.982 -5.081 -5.249 -4.825 -4.73 -4.883 -5.271 -5.44 -5.63 -4.915
0.0146 -4.247 -4.198 -4.273 -4.466 -4.608 -4.747 -4.386 -4.488 -4.611 -4.752 -4.893 -5.041 -4.483 -4.656 -4.828 -4.948 -5.059 -4.719 -4.862 -4.982 -5.081 -5.249 -4.825 -4.73 -4.883 -5.271 -5.44 -5.63 -4.915
0.015 -4.248 -4.198 -4.273 -4.466 -4.608 -4.748 -4.387 -4.488 -4.611 -4.753 -4.893 -5.042 -4.483 -4.656 -4.828 -4.948 -5.059 -4.72 -4.862 -4.982 -5.081 -5.249 -4.826 -4.73 -4.883 -5.271 -5.44 -5.631 -4.916
0.0154 -4.248 -4.198 -4.273 -4.466 -4.609 -4.748 -4.387 -4.489 -4.611 -4.753 -4.893 -5.042 -4.484 -4.656 -4.828 -4.949 -5.059 -4.72 -4.863 -4.982 -5.081 -5.25 -4.826 -4.731 -4.883 -5.271 -5.441 -5.631 -4.916
0.0157 -4.248 -4.199 -4.274 -4.467 -4.609 -4.748 -4.387 -4.489 -4.611 -4.753 -4.894 -5.042 -4.484 -4.657 -4.828 -4.949 -5.06 -4.72 -4.863 -4.983 -5.082 -5.25 -4.826 -4.731 -4.884 -5.272 -5.441 -5.631 -4.916
0.0161 -4.249 -4.199 -4.274 -4.467 -4.609 -4.748 -4.388 -4.489 -4.612 -4.754 -4.894 -5.043 -4.484 -4.657 -4.829 -4.949 -5.06 -4.721 -4.863 -4.983 -5.082 -5.25 -4.826 -4.731 -4.884 -5.272 -5.441 -5.632 -4.917
0.0165 -4.249 -4.199 -4.274 -4.467 -4.61 -4.749 -4.388 -4.49 -4.612 -4.754 -4.894 -5.043 -4.484 -4.657 -4.829 -4.95 -5.06 -4.721 -4.863 -4.983 -5.082 -5.251 -4.827 -4.731 -4.884 -5.272 -5.442 -5.632 -4.917
0.0169 -4.237 -4.188 -4.263 -4.456 -4.598 -4.737 -4.376 -4.478 -4.601 -4.742 -4.883 -5.031 -4.473 -4.646 -4.817 -4.938 -5.049 -4.709 -4.852 -4.972 -5.071 -5.239 -4.815 -4.72 -4.873 -5.261 -5.43 -5.62 -4.905
0.0173 -4.225 -4.176 -4.251 -4.444 -4.586 -4.725 -4.364 -4.466 -4.588 -4.73 -4.871 -5.019 -4.461 -4.634 -4.805 -4.926 -5.037 -4.697 -4.84 -4.96 -5.059 -5.227 -4.803 -4.708 -4.861 -5.249 -5.418 -5.608 -4.893
0.0177 -4.213 -4.164 -4.239 -4.432 -4.574 -4.713 -4.352 -4.454 -4.576 -4.718 -4.859 -5.007 -4.449 -4.621 -4.793 -4.914 -5.025 -4.685 -4.828 -4.948 -5.047 -5.215 -4.791 -4.696 -4.849 -5.237 -5.406 -5.596 -4.881
0.0181 -4.201 -4.152 -4.226 -4.419 -4.562 -4.701 -4.34 -4.442 -4.564 -4.706 -4.847 -4.995 -4.437 -4.609 -4.781 -4.902 -5.013 -4.673 -4.816 -4.936 -5.035 -5.203 -4.779 -4.684 -4.837 -5.225 -5.394 -5.584 -4.869
0.0186 -4.189 -4.14 -4.214 -4.407 -4.55 -4.689 -4.328 -4.43 -4.552 -4.694 -4.835 -4.983 -4.425 -4.597 -4.769 -4.89 -5.0 -4.661 -4.804 -4.923 -5.022 -5.191 -4.767 -4.672 -4.824 -5.212 -5.382 -5.572 -4.857
0.019 -4.177 -4.127 -4.202 -4.395 -4.538 -4.677 -4.316 -4.418 -4.54 -4.682 -4.822 -4.971 -4.413 -4.585 -4.757 -4.878 -4.988 -4.649 -4.792 -4.911 -5.01 -5.179 -4.755 -4.66 -4.812 -5.2 -5.37 -5.56 -4.845
0.0195 -4.165 -4.115 -4.19 -4.383 -4.526 -4.665 -4.304 -4.406 -4.528 -4.67 -4.81 -4.959 -4.401 -4.573 -4.745 -4.866 -4.976 -4.637 -4.779 -4.899 -4.998 -5.167 -4.743 -4.648 -4.8 -5.188 -5.358 -5.548 -4.833
0.02 -4.153 -4.103 -4.178 -4.371 -4.514 -4.653 -4.292 -4.394 -4.516 -4.658 -4.798 -4.947 -4.388 -4.561 -4.733 -4.854 -4.964 -4.625 -4.767 -4.887 -4.986 -5.154 -4.731 -4.635 -4.788 -5.176 -5.346 -5.536 -4.821
0.0204 -4.141 -4.091 -4.166 -4.359 -4.501 -4.641 -4.28 -4.381 -4.504 -4.646 -4.786 -4.935 -4.376 -4.549 -4.721 -4.842 -4.952 -4.613 -4.755 -4.875 -4.974 -5.142 -4.719 -4.623 -4.776 -5.164 -5.333 -5.524 -4.809
0.0209 -4.128 -4.079 -4.153 -4.346 -4.489 -4.628 -4.267 -4.369 -4.491 -4.633 -4.773 -4.922 -4.364 -4.536 -4.708 -4.829 -4.939 -4.6 -4.743 -4.862 -4.961 -5.13 -4.706 -4.611 -4.763 -5.151 -5.321 -5.511 -4.796
0.0214 -4.109 -4.06 -4.134 -4.327 -4.47 -4.609 -4.248 -4.35 -4.472 -4.614 -4.755 -4.903 -4.345 -4.517 -4.689 -4.81 -4.921 -4.581 -4.724 -4.843 -4.943 -5.111 -4.687 -4.592 -4.745 -5.132 -5.302 -5.492 -4.777
0.022 -4.09 -4.041 -4.116 -4.308 -4.451 -4.59 -4.229 -4.331 -4.453 -4.595 -4.736 -4.884 -4.326 -4.498 -4.67 -4.791 -4.902 -4.562 -4.705 -4.825 -4.924 -5.092 -4.668 -4.573 -4.726 -5.114 -5.283 -5.473 -4.758
0.0225 -4.071 -4.022 -4.097 -4.29 -4.432 -4.571 -4.21 -4.312 -4.434 -4.576 -4.717 -4.865 -4.307 -4.48 -4.651 -4.772 -4.883 -4.543 -4.686 -4.806 -4.905 -5.073 -4.649 -4.554 -4.707 -5.095 -5.264 -5.454 -4.739
0.023 -4.052 -4.003 -4.078 -4.271 -4.413 -4.552 -4.191 -4.293 -4.415 -4.557 -4.698 -4.846 -4.288 -4.461 -4.632 -4.753 -4.864 -4.524 -4.667 -4.787 -4.886 -5.054 -4.63 -4.535 -4.688 -5.076 -5.245 -5.435 -4.72
0.0236 -4.033 -3.984 -4.059 -4.252 -4.394 -4.533 -4.172 -4.274 -4.397 -4.538 -4.679 -4.827 -4.269 -4.442 -4.614 -4.734 -4.845 -4.505 -4.648 -4.768 -4.867 -5.035 -4.611 -4.516 -4.669 -5.057 -5.226 -5.416 -4.701
0.0242 -4.014 -3.965 -4.04 -4.233 -4.375 -4.514 -4.154 -4.255 -4.378 -4.519 -4.66 -4.809 -4.25 -4.423 -4.595 -4.715 -4.826 -4.486 -4.629 -4.749 -4.848 -5.016 -4.592 -4.497 -4.65 -5.038 -5.207 -5.398 -4.683
0.0247 -3.996 -3.946 -4.021 -4.214 -4.356 -4.495 -4.135 -4.236 -4.359 -4.501 -4.641 -4.79 -4.231 -4.404 -4.576 -4.696 -4.807 -4.468 -4.61 -4.73 -4.829 -4.997 -4.573 -4.478 -4.631 -5.019 -5.188 -5.379 -4.664
0.0253 -3.977 -3.927 -4.002 -4.195 -4.337 -4.477 -4.116 -4.217 -4.34 -4.482 -4.622 -4.771 -4.212 -4.385 -4.557 -4.677 -4.788 -4.449 -4.591 -4.711 -4.81 -4.978 -4.554 -4.459 -4.612 -5.0 -5.169 -5.36 -4.645
0.0259 -3.958 -3.908 -3.983 -4.176 -4.318 -4.458 -4.097 -4.198 -4.321 -4.463 -4.603 -4.752 -4.193 -4.366 -4.538 -4.659 -4.769 -4.43 -4.572 -4.692 -4.791 -4.959 -4.536 -4.44 -4.593 -4.981 -5.15 -5.341 -4.626
0.0266 -3.938 -3.889 -3.964 -4.157 -4.299 -4.438 -4.077 -4.179 -4.301 -4.443 -4.584 -4.732 -4.174 -4.347 -4.518 -4.639 -4.75 -4.41 -4.553 -4.673 -4.772 -4.94 -4.516 -4.421 -4.574 -4.962 -5.131 -5.321 -4.606
0.0272 -3.917 -3.868 -3.943 -4.136 -4.278 -4.417 -4.056 -4.158 -4.281 -4.422 -4.563 -4.711 -4.153 -4.326 -4.498 -4.618 -4.729 -4.389 -4.532 -4.652 -4.751 -4.919 -4.495 -4.4 -4.553 -4.941 -5.11 -5.301 -4.586
0.0279 -3.896 -3.847 -3.922 -4.115 -4.257 -4.396 -4.036 -4.137 -4.26 -4.402 -4.542 -4.691 -4.132 -4.305 -4.477 -4.597 -4.708 -4.369 -4.511 -4.631 -4.73 -4.898 -4.474 -4.379 -4.532 -4.92 -5.089 -5.28 -4.565
0.0285 -3.876 -3.826 -3.901 -4.094 -4.236 -4.375 -4.015 -4.116 -4.239 -4.381 -4.521 -4.67 -4.111 -4.284 -4.456 -4.576 -4.687 -4.348 -4.49 -4.61 -4.709 -4.877 -4.453 -4.358 -4.511 -4.899 -5.068 -5.259 -4.544
0.0292 -3.855 -3.805 -3.88 -4.073 -4.215 -4.355 -3.994 -4.095 -4.218 -4.36 -4.5 -4.649 -4.09 -4.263 -4.435 -4.556 -4.666 -4.327 -4.469 -4.589 -4.688 -4.856 -4.433 -4.337 -4.49 -4.878 -5.047 -5.238 -4.523
0.0299 -3.834 -3.784 -3.859 -4.052 -4.195 -4.334 -3.973 -4.075 -4.197 -4.339 -4.479 -4.628 -4.069 -4.242 -4.414 -4.535 -4.645 -4.306 -4.448 -4.568 -4.667 -4.835 -4.412 -4.316 -4.469 -4.857 -5.027 -5.217 -4.502
0.0307 -3.813 -3.763 -3.838 -4.031 -4.174 -4.313 -3.952 -4.054 -4.176 -4.318 -4.458 -4.607 -4.049 -4.221 -4.393 -4.514 -4.624 -4.285 -4.427 -4.547 -4.646 -4.815 -4.391 -4.296 -4.448 -4.836 -5.006 -5.196 -4.481
0.0314 -3.792 -3.743 -3.817 -4.01 -4.153 -4.292 -3.931 -4.033 -4.155 -4.297 -4.437 -4.586 -4.028 -4.2 -4.372 -4.493 -4.603 -4.264 -4.407 -4.526 -4.625 -4.794 -4.37 -4.275 -4.427 -4.815 -4.985 -5.175 -4.46
0.0322 -3.771 -3.722 -3.796 -3.989 -4.132 -4.271 -3.91 -4.012 -4.134 -4.276 -4.417 -4.565 -4.007 -4.179 -4.351 -4.472 -4.583 -4.243 -4.386 -4.505 -4.605 -4.773 -4.349 -4.254 -4.407 -4.794 -4.964 -5.154 -4.439
0.0329 -3.75 -3.701 -3.776 -3.968 -4.111 -4.25 -3.889 -3.991 -4.113 -4.255 -4.396 -4.544 -3.986 -4.158 -4.33 -4.451 -4.562 -4.222 -4.365 -4.485 -4.584 -4.752 -4.328 -4.233 -4.386 -4.774 -4.943 -5.133 -4.418
0.0337 -3.726 -3.676 -3.751 -3.944 -4.087 -4.226 -3.865 -3.967 -4.089 -4.231 -4.371 -4.52 -3.961 -4.134 -4.306 -4.427 -4.537 -4.198 -4.34 -4.46 -4.559 -4.727 -4.304 -4.208 -4.361 -4.749 -4.919 -5.109 -4.394
0.0345 -3.696 -3.646 -3.721 -3.914 -4.056 -4.196 -3.835 -3.936 -4.059 -4.201 -4.341 -4.49 -3.931 -4.104 -4.276 -4.397 -4.507 -4.168 -4.31 -4.43 -4.529 -4.697 -4.274 -4.178 -4.331 -4.719 -4.888 -5.079 -4.364
0.0354 -3.666 -3.616 -3.691 -3.884 -4.026 -4.165 -3.805 -3.906 -4.029 -4.171 -4.311 -4.46 -3.901 -4.074 -4.246 -4.366 -4.477 -4.138 -4.28 -4.4 -4.499 -4.667 -4.243 -4.148 -4.301 -4.689 -4.858 -5.049 -4.334
0.0362 -3.636 -3.586 -3.661 -3.854 -3.996 -4.135 -3.775 -3.876 -3.999 -4.141 -4.281 -4.43 -3.871 -4.044 -4.216 -4.336 -4.447 -4.108 -4.25 -4.37 -4.469 -4.637 -4.213 -4.118 -4.271 -4.659 -4.828 -5.019 -4.304
0.0371 -3.605 -3.556 -3.631 -3.824 -3.966 -4.105 -3.745 -3.846 -3.969 -4.11 -4.251 -4.4 -3.841 -4.014 -4.186 -4.306 -4.417 -4.078 -4.22 -4.34 -4.439 -4.607 -4.183 -4.088 -4.241 -4.629 -4.798 -4.989 -4.274
0.038 -3.575 -3.526 -3.601 -3.794 -3.936 -4.075 -3.714 -3.816 -3.939 -4.08 -4.221 -4.369 -3.811 -3.984 -4.156 -4.276 -4.387 -4.047 -4.19 -4.31 -4.409 -4.577 -4.153 -4.058 -4.211 -4.599 -4.768 -4.958 -4.243
0.0389 -3.545 -3.496 -3.571 -3.764 -3.906 -4.045 -3.684 -3.786 -3.908 -4.05 -4.191 -4.339 -3.781 -3.954 -4.125 -4.246 -4.357 -4.017 -4.16 -4.28 -4.379 -4.547 -4.123 -4.028 -4.181 -4.569 -4.738 -4.928 -4.213
0.0398 -3.515 -3.466 -3.541 -3.734 -3.876 -4.015 -3.654 -3.756 -3.878 -4.02 -4.161 -4.309 -3.751 -3.924 -4.095 -4.216 -4.327 -3.987 -4.13 -4.25 -4.349 -4.517 -4.093 -3.998 -4.151 -4.539 -4.708 -4.898 -4.183
0.0408 -3.485 -3.436 -3.511 -3.703 -3.846 -3.985 -3.624 -3.726 -3.848 -3.99 -4.131 -4.279 -3.721 -3.893 -4.065 -4.186 -4.297 -3.957 -4.1 -4.22 -4.319 -4.487 -4.063 -3.968 -4.121 -4.509 -4.678 -4.868 -4.153
0.0418 -3.455 -3.406 -3.48 -3.673 -3.816 -3.955 -3.594 -3.696 -3.818 -3.96 -4.101 -4.249 -3.691 -3.863 -4.035 -4.156 -4.267 -3.927 -4.07 -4.19 -4.289 -4.457 -4.033 -3.938 -4.091 -4.479 -4.648 -4.838 -4.123
0.0428 -3.421 -3.371 -3.446 -3.639 -3.782 -3.921 -3.56 -3.662 -3.784 -3.926 -4.066 -4.215 -3.657 -3.829 -4.001 -4.122 -4.232 -3.893 -4.035 -4.155 -4.254 -4.423 -3.999 -3.904 -4.056 -4.444 -4.614 -4.804 -4.089
0.0438 -3.383 -3.333 -3.408 -3.601 -3.744 -3.883 -3.522 -3.624 -3.746 -3.888 -4.028 -4.177 -3.619 -3.791 -3.963 -4.084 -4.194 -3.855 -3.997 -4.117 -4.216 -4.385 -3.961 -3.866 -4.018 -4.406 -4.576 -4.766 -4.051
0.0449 -3.345 -3.295 -3.37 -3.563 -3.706 -3.845 -3.484 -3.586 -3.708 -3.85 -3.99 -4.139 -3.581 -3.753 -3.925 -4.046 -4.156 -3.817 -3.959 -4.079 -4.178 -4.347 -3.923 -3.827 -3.98 -4.368 -4.538 -4.728 -4.013
0.046 -3.307 -3.257 -3.332 -3.525 -3.668 -3.807 -3.446 -3.548 -3.67 -3.812 -3.952 -4.101 -3.542 -3.715 -3.887 -4.008 -4.118 -3.779 -3.921 -4.041 -4.14 -4.309 -3.885 -3.789 -3.942 -4.33 -4.5 -4.69 -3.975
0.0471 -3.269 -3.219 -3.294 -3.487 -3.63 -3.769 -3.408 -3.51 -3.632 -3.774 -3.914 -4.063 -3.504 -3.677 -3.849 -3.97 -4.08 -3.741 -3.883 -4.003 -4.102 -4.27 -3.847 -3.751 -3.904 -4.292 -4.462 -4.652 -3.937
0.0482 -3.231 -3.181 -3.256 -3.449 -3.592 -3.731 -3.37 -3.471 -3.594 -3.736 -3.876 -4.025 -3.466 -3.639 -3.811 -3.932 -4.042 -3.703 -3.845 -3.965 -4.064 -4.232 -3.809 -3.713 -3.866 -4.254 -4.424 -4.614 -3.899
0.0494 -3.193 -3.143 -3.218 -3.411 -3.553 -3.693 -3.332 -3.433 -3.556 -3.698 -3.838 -3.987 -3.428 -3.601 -3.773 -3.894 -4.004 -3.665 -3.807 -3.927 -4.026 -4.194 -3.771 -3.675 -3.828 -4.216 -4.385 -4.576 -3.861
0.0506 -3.155 -3.105 -3.18 -3.373 -3.515 -3.655 -3.294 -3.395 -3.518 -3.66 -3.8 -3.949 -3.39 -3.563 -3.735 -3.856 -3.966 -3.627 -3.769 -3.889 -3.988 -4.156 -3.733 -3.637 -3.79 -4.178 -4.347 -4.538 -3.823
0.0518 -3.117 -3.067 -3.142 -3.335 -3.477 -3.617 -3.256 -3.357 -3.48 -3.622 -3.762 -3.911 -3.352 -3.525 -3.697 -3.818 -3.928 -3.589 -3.731 -3.851 -3.95 -4.118 -3.695 -3.599 -3.752 -4.14 -4.309 -4.5 -3.785
0.053 -3.079 -3.029 -3.104 -3.297 -3.439 -3.579 -3.218 -3.319 -3.442 -3.584 -3.724 -3.873 -3.314 -3.487 -3.659 -3.779 -3.89 -3.551 -3.693 -3.813 -3.912 -4.08 -3.657 -3.561 -3.714 -4.102 -4.271 -4.462 -3.747
0.0543 -3.039 -2.99 -3.065 -3.258 -3.4 -3.539 -3.179 -3.28 -3.403 -3.544 -3.685 -3.834 -3.275 -3.448 -3.62 -3.74 -3.851 -3.511 -3.654 -3.774 -3.873 -4.041 -3.617 -3.522 -3.675 -4.063 -4.232 -4.423 -3.708
0.0556 -3.0 -2.95 -3.025 -3.218 -3.36 -3.5 -3.139 -3.24 -3.363 -3.505 -3.645 -3.794 -3.235 -3.408 -3.58 -3.7 -3.811 -3.472 -3.614 -3.734 -3.833 -4.001 -3.578 -3.482 -3.635 -4.023 -4.192 -4.383 -3.668
0.057 -2.96 -2.91 -2.985 -3.178 -3.321 -3.46 -3.099 -3.201 -3.323 -3.465 -3.605 -3.754 -3.196 -3.368 -3.54 -3.661 -3.771 -3.432 -3.574 -3.694 -3.793 -3.962 -3.538 -3.443 -3.595 -3.983 -4.153 -4.343 -3.628
0.0584 -2.92 -2.871 -2.945 -3.138 -3.281 -3.42 -3.059 -3.161 -3.283 -3.425 -3.566 -3.714 -3.156 -3.328 -3.5 -3.621 -3.731 -3.392 -3.535 -3.654 -3.753 -3.922 -3.498 -3.403 -3.555 -3.943 -4.113 -4.303 -3.588
0.0598 -2.88 -2.831 -2.906 -3.099 -3.241 -3.38 -3.019 -3.121 -3.243 -3.385 -3.526 -3.674 -3.116 -3.288 -3.46 -3.581 -3.692 -3.352 -3.495 -3.615 -3.714 -3.882 -3.458 -3.363 -3.516 -3.904 -4.073 -4.263 -3.548
0.0612 -2.84 -2.791 -2.866 -3.059 -3.201 -3.34 -2.979 -3.081 -3.204 -3.345 -3.486 -3.634 -3.076 -3.249 -3.421 -3.541 -3.652 -3.312 -3.455 -3.575 -3.674 -3.842 -3.418 -3.323 -3.476 -3.864 -4.033 -4.223 -3.508
