web/models/grb/onaxis/11/grb_0.0000_0.3728_0.0398107.dat
# %ECSV 1.0
# ---
# datatype:
# - {name: time, datatype: float64}
# - {name: swift_uvot_uvw2, datatype: float64}
# - {name: swift_uvot_uvm2, datatype: float64}
# - {name: swift_uvot_uvw1, datatype: float64}
# - {name: swift_uvot_U, datatype: float64}
# - {name: swift_uvot_B, datatype: float64}
# - {name: swift_uvot_V, datatype: float64}
# - {name: swift_uvot_W, datatype: float64}
# - {name: johnson_U, datatype: float64}
# - {name: johnson_B, datatype: float64}
# - {name: johnson_V, datatype: float64}
# - {name: johnson_R, datatype: float64}
# - {name: johnson_I, datatype: float64}
# - {name: sdss_u, datatype: float64}
# - {name: sdss_g, datatype: float64}
# - {name: sdss_r, datatype: float64}
# - {name: sdss_i, datatype: float64}
# - {name: sdss_z, datatype: float64}
# - {name: PS1_g, datatype: float64}
# - {name: PS1_r, datatype: float64}
# - {name: PS1_i, datatype: float64}
# - {name: PS1_z, datatype: float64}
# - {name: PS1_Y, datatype: float64}
# - {name: ukirt_J, datatype: float64}
# - {name: ukirt_H, datatype: float64}
# - {name: ukirt_K, datatype: float64}
# meta: !!omap
# - comment: [E = 0.000161764516425794, Eta0 = 8.02, GammaB = 12.0, dL = 0.012188, epsb = 6.760829753919819e-06, epse = 0.1, n = 0.03981071705534969,
#     p = 2.15, theta_obs = 0.0, xiN = 1.0, z = 0.0, type = grb, E_kiso = 0.372759372031494]
# schema: astropy-2.0
time swift_uvot_uvw2 swift_uvot_uvm2 swift_uvot_uvw1 swift_uvot_U swift_uvot_B swift_uvot_V swift_uvot_W johnson_U johnson_B johnson_V johnson_R johnson_I sdss_u sdss_g sdss_r sdss_i sdss_z PS1_g PS1_r PS1_i PS1_z PS1_Y ukirt_J ukirt_H ukirt_K
[from data line 284]
8.71 6.006 6.055 5.98 5.787 5.645 5.506 5.867 5.765 5.643 5.501 5.36 5.212 5.77 5.597 5.426 5.305 5.194 5.534 5.391 5.271 5.172 5.004 4.982 4.813 4.623
8.9201 6.044 6.094 6.019 5.826 5.683 5.544 5.905 5.803 5.681 5.539 5.399 5.25 5.808 5.636 5.464 5.343 5.233 5.572 5.43 5.31 5.211 5.042 5.021 4.851 4.661
9.1353 6.083 6.132 6.057 5.864 5.722 5.583 5.944 5.842 5.719 5.578 5.437 5.289 5.847 5.674 5.503 5.382 5.271 5.611 5.468 5.348 5.249 5.081 5.059 4.89 4.7
9.3557 6.121 6.171 6.096 5.903 5.76 5.621 5.982 5.88 5.758 5.616 5.476 5.327 5.885 5.713 5.541 5.42 5.31 5.649 5.506 5.387 5.288 5.119 5.098 4.928 4.738
9.5814 6.161 6.21 6.135 5.942 5.8 5.661 6.021 5.92 5.797 5.655 5.515 5.366 5.925 5.752 5.58 5.46 5.349 5.688 5.546 5.426 5.327 5.159 5.137 4.968 4.777
9.8125 6.203 6.252 6.177 5.984 5.842 5.703 6.063 5.962 5.839 5.697 5.557 5.408 5.967 5.794 5.622 5.502 5.391 5.73 5.588 5.468 5.369 5.201 5.179 5.01 4.819
10.0492 6.244 6.294 6.219 6.026 5.884 5.745 6.105 6.004 5.881 5.739 5.599 5.45 6.009 5.836 5.664 5.544 5.433 5.772 5.63 5.51 5.411 5.243 5.221 5.052 4.861
10.2917 6.286 6.336 6.261 6.068 5.926 5.787 6.147 6.046 5.923 5.781 5.641 5.492 6.051 5.878 5.706 5.586 5.475 5.814 5.672 5.552 5.453 5.285 5.263 5.094 4.903
10.5399 6.328 6.378 6.303 6.11 5.968 5.829 6.189 6.088 5.965 5.823 5.683 5.534 6.093 5.92 5.748 5.628 5.517 5.856 5.714 5.594 5.495 5.327 5.305 5.136 4.945
10.7942 6.37 6.42 6.345 6.152 6.01 5.871 6.231 6.13 6.007 5.865 5.725 5.576 6.135 5.962 5.79 5.67 5.559 5.898 5.756 5.636 5.537 5.369 5.347 5.178 4.987
11.0546 6.412 6.462 6.387 6.194 6.052 5.912 6.273 6.172 6.049 5.907 5.767 5.618 6.177 6.004 5.832 5.712 5.601 5.94 5.798 5.678 5.579 5.411 5.389 5.22 5.029
11.3212 6.454 6.504 6.429 6.236 6.094 5.954 6.315 6.214 6.091 5.949 5.809 5.66 6.219 6.046 5.874 5.754 5.643 5.982 5.84 5.72 5.621 5.453 5.431 5.262 5.071
11.5943 6.496 6.546 6.471 6.278 6.136 5.996 6.357 6.256 6.133 5.991 5.851 5.702 6.261 6.088 5.916 5.795 5.685 6.024 5.882 5.762 5.663 5.495 5.473 5.304 5.113
11.874 6.538 6.588 6.513 6.32 6.178 6.038 6.399 6.298 6.175 6.033 5.893 5.744 6.303 6.13 5.958 5.837 5.727 6.066 5.924 5.804 5.705 5.537 5.515 5.346 5.155
12.1605 6.578 6.628 6.553 6.36 6.217 6.078 6.439 6.337 6.215 6.073 5.933 5.784 6.342 6.17 5.998 5.877 5.767 6.106 5.964 5.844 5.745 5.576 5.555 5.385 5.195
12.4538 6.615 6.665 6.59 6.397 6.255 6.115 6.476 6.375 6.252 6.11 5.97 5.821 6.38 6.207 6.035 5.914 5.804 6.143 6.001 5.881 5.782 5.614 5.592 5.423 5.232
12.7542 6.652 6.702 6.627 6.434 6.292 6.152 6.513 6.412 6.289 6.147 6.007 5.858 6.417 6.244 6.072 5.952 5.841 6.18 6.038 5.918 5.819 5.651 5.629 5.46 5.269
13.0619 6.689 6.739 6.664 6.471 6.329 6.19 6.55 6.449 6.326 6.184 6.044 5.895 6.454 6.281 6.109 5.989 5.878 6.217 6.075 5.955 5.856 5.688 5.666 5.497 5.306
13.377 6.727 6.776 6.701 6.508 6.366 6.227 6.587 6.486 6.363 6.221 6.081 5.932 6.491 6.318 6.146 6.026 5.915 6.254 6.112 5.992 5.893 5.725 5.703 5.534 5.343
13.6997 6.764 6.813 6.738 6.545 6.403 6.264 6.625 6.523 6.4 6.259 6.118 5.97 6.528 6.355 6.183 6.063 5.952 6.292 6.149 6.029 5.93 5.762 5.74 5.571 5.38
14.0302 6.801 6.85 6.775 6.582 6.44 6.301 6.662 6.56 6.438 6.296 6.155 6.007 6.565 6.392 6.221 6.1 5.989 6.329 6.186 6.066 5.967 5.799 5.777 5.608 5.418
14.3686 6.838 6.887 6.812 6.619 6.477 6.338 6.699 6.597 6.475 6.333 6.192 6.044 6.602 6.429 6.258 6.137 6.026 6.366 6.223 6.103 6.004 5.836 5.814 5.645 5.455
14.7153 6.875 6.924 6.849 6.656 6.514 6.375 6.736 6.634 6.512 6.37 6.229 6.081 6.639 6.467 6.295 6.174 6.063 6.403 6.26 6.14 6.041 5.873 5.851 5.682 5.492
15.0702 6.912 6.961 6.887 6.694 6.551 6.412 6.773 6.671 6.549 6.407 6.266 6.118 6.676 6.504 6.332 6.211 6.1 6.44 6.297 6.177 6.078 5.91 5.888 5.719 5.529
15.4338 6.948 6.998 6.923 6.73 6.588 6.448 6.809 6.708 6.585 6.443 6.303 6.154 6.713 6.54 6.368 6.248 6.137 6.476 6.334 6.214 6.115 5.947 5.925 5.756 5.565
15.8061 6.984 7.034 6.959 6.766 6.624 6.484 6.845 6.744 6.621 6.479 6.339 6.19 6.749 6.576 6.404 6.283 6.173 6.512 6.37 6.25 6.151 5.983 5.961 5.792 5.601
16.1874 7.02 7.07 6.995 6.802 6.659 6.52 6.881 6.779 6.657 6.515 6.375 6.226 6.784 6.612 6.44 6.319 6.209 6.548 6.406 6.286 6.187 6.018 5.997 5.827 5.637
16.5779 7.056 7.106 7.031 6.838 6.695 6.556 6.917 6.815 6.693 6.551 6.411 6.262 6.82 6.648 6.476 6.355 6.245 6.584 6.442 6.322 6.223 6.054 6.033 5.863 5.673
16.9778 7.092 7.141 7.067 6.874 6.731 6.592 6.953 6.851 6.729 6.587 6.447 6.298 6.856 6.684 6.512 6.391 6.281 6.62 6.477 6.358 6.259 6.09 6.069 5.899 5.709
17.3873 7.128 7.177 7.103 6.91 6.767 6.628 6.989 6.887 6.765 6.623 6.482 6.334 6.892 6.72 6.548 6.427 6.316 6.656 6.513 6.394 6.295 6.126 6.105 5.935 5.745
17.8068 7.164 7.213 7.138 6.946 6.803 6.664 7.025 6.923 6.801 6.659 6.518 6.37 6.928 6.756 6.584 6.463 6.352 6.692 6.549 6.429 6.33 6.162 6.14 5.971 5.781
18.2363 7.2 7.249 7.174 6.981 6.839 6.7 7.061 6.959 6.837 6.695 6.554 6.406 6.964 6.792 6.62 6.499 6.388 6.728 6.585 6.465 6.366 6.198 6.176 6.007 5.817
18.6762 7.236 7.285 7.21 7.017 6.875 6.736 7.097 6.995 6.873 6.731 6.59 6.442 7.0 6.827 6.656 6.535 6.424 6.764 6.621 6.501 6.402 6.234 6.212 6.043 5.853
19.1268 7.272 7.321 7.246 7.053 6.911 6.772 7.133 7.031 6.908 6.767 6.626 6.478 7.036 6.863 6.692 6.571 6.46 6.8 6.657 6.537 6.438 6.27 6.248 6.079 5.889
19.5882 7.308 7.358 7.283 7.09 6.947 6.808 7.169 7.067 6.945 6.803 6.663 6.514 7.072 6.9 6.728 6.607 6.497 6.836 6.693 6.574 6.475 6.306 6.285 6.115 5.925
20.0607 7.345 7.394 7.319 7.126 6.984 6.845 7.206 7.104 6.981 6.84 6.699 6.551 7.109 6.936 6.765 6.644 6.533 6.873 6.73 6.61 6.511 6.343 6.321 6.152 5.962
20.5446 7.381 7.431 7.356 7.163 7.02 6.881 7.242 7.14 7.018 6.876 6.736 6.587 7.146 6.973 6.801 6.68 6.57 6.909 6.767 6.647 6.548 6.379 6.358 6.188 5.998
21.0402 7.418 7.467 7.392 7.199 7.057 6.918 7.279 7.177 7.055 6.913 6.772 6.624 7.182 7.01 6.838 6.717 6.606 6.946 6.803 6.683 6.584 6.416 6.394 6.225 6.035
21.5478 7.454 7.504 7.429 7.236 7.094 6.954 7.315 7.214 7.091 6.949 6.809 6.66 7.219 7.046 6.874 6.754 6.643 6.982 6.84 6.72 6.621 6.453 6.431 6.262 6.071
22.0676 7.491 7.54 7.466 7.273 7.13 6.991 7.352 7.25 7.128 6.986 6.845 6.697 7.255 7.083 6.911 6.79 6.679 7.019 6.876 6.757 6.658 6.489 6.468 6.298 6.108
22.5999 7.528 7.577 7.502 7.309 7.167 7.028 7.388 7.287 7.164 7.023 6.882 6.733 7.292 7.119 6.947 6.827 6.716 7.056 6.913 6.793 6.694 6.526 6.504 6.335 6.144
23.1451 7.564 7.614 7.539 7.346 7.203 7.064 7.425 7.323 7.201 7.059 6.919 6.77 7.328 7.156 6.984 6.863 6.753 7.092 6.95 6.83 6.731 6.562 6.541 6.371 6.181
23.7034 7.601 7.65 7.575 7.382 7.24 7.101 7.462 7.36 7.238 7.096 6.955 6.807 7.365 7.192 7.021 6.9 6.789 7.129 6.986 6.866 6.767 6.599 6.577 6.408 6.218
24.2752 7.637 7.687 7.612 7.419 7.277 7.137 7.498 7.397 7.274 7.132 6.992 6.843 7.402 7.229 7.057 6.936 6.826 7.165 7.023 6.903 6.804 6.636 6.614 6.445 6.254
24.8608 7.672 7.721 7.646 7.453 7.311 7.172 7.533 7.431 7.309 7.167 7.026 6.878 7.436 7.263 7.092 6.971 6.86 7.2 7.057 6.937 6.838 6.67 6.648 6.479 6.289
25.4606 7.706 7.755 7.68 7.487 7.345 7.206 7.567 7.465 7.343 7.201 7.06 6.912 7.47 7.297 7.126 7.005 6.894 7.234 7.091 6.971 6.872 6.704 6.682 6.513 6.323
26.0748 7.74 7.789 7.714 7.521 7.379 7.24 7.601 7.499 7.377 7.235 7.094 6.946 7.504 7.331 7.16 7.039 6.928 7.268 7.125 7.005 6.906 6.738 6.716 6.547 6.357
26.7038 7.774 7.823 7.748 7.555 7.413 7.274 7.635 7.533 7.411 7.269 7.128 6.98 7.538 7.365 7.194 7.073 6.962 7.302 7.159 7.039 6.94 6.772 6.75 6.581 6.391
27.3479 7.808 7.857 7.782 7.589 7.447 7.308 7.669 7.567 7.445 7.303 7.162 7.014 7.572 7.399 7.228 7.107 6.996 7.336 7.193 7.073 6.974 6.806 6.784 6.615 6.425
28.0077 7.842 7.891 7.816 7.623 7.481 7.342 7.703 7.601 7.479 7.337 7.196 7.048 7.606 7.433 7.262 7.141 7.03 7.37 7.227 7.107 7.008 6.84 6.818 6.649 6.459
28.6833 7.876 7.925 7.85 7.657 7.515 7.376 7.737 7.635 7.513 7.371 7.23 7.082 7.64 7.468 7.296 7.175 7.064 7.404 7.261 7.141 7.042 6.874 6.852 6.683 6.493
29.3752 7.91 7.959 7.884 7.691 7.549 7.41 7.771 7.669 7.547 7.405 7.264 7.116 7.674 7.502 7.33 7.209 7.098 7.438 7.295 7.175 7.076 6.908 6.886 6.717 6.527
30.0838 7.944 7.993 7.918 7.725 7.583 7.444 7.805 7.703 7.581 7.439 7.298 7.15 7.708 7.536 7.364 7.243 7.132 7.472 7.329 7.209 7.11 6.942 6.92 6.751 6.561
30.8096 7.978 8.027 7.952 7.759 7.617 7.478 7.839 7.737 7.615 7.473 7.332 7.184 7.742 7.57 7.398 7.277 7.166 7.506 7.363 7.243 7.144 6.976 6.954 6.785 6.595
31.5528 8.009 8.058 7.983 7.79 7.648 7.509 7.87 7.768 7.646 7.504 7.363 7.215 7.773 7.6 7.429 7.308 7.197 7.537 7.394 7.274 7.175 7.007 6.985 6.816 6.626
32.3139 8.04 8.089 8.014 7.821 7.679 7.54 7.901 7.799 7.677 7.535 7.394 7.246 7.804 7.631 7.46 7.339 7.228 7.568 7.425 7.305 7.206 7.038 7.016 6.847 6.657
33.0935 8.071 8.12 8.045 7.852 7.71 7.571 7.932 7.83 7.707 7.566 7.425 7.276 7.835 7.662 7.49 7.37 7.259 7.599 7.456 7.336 7.237 7.069 7.047 6.878 6.687
33.8918 8.102 8.151 8.076 7.883 7.741 7.602 7.962 7.861 7.738 7.596 7.456 7.307 7.866 7.693 7.521 7.401 7.29 7.629 7.487 7.367 7.268 7.1 7.078 6.909 6.718
34.7093 8.132 8.182 8.107 7.914 7.772 7.633 7.993 7.892 7.769 7.627 7.487 7.338 7.897 7.724 7.552 7.432 7.321 7.66 7.518 7.398 7.299 7.131 7.109 6.94 6.749
35.5466 8.163 8.213 8.138 7.945 7.803 7.663 8.024 7.923 7.8 7.658 7.518 7.369 7.928 7.755 7.583 7.462 7.352 7.691 7.549 7.429 7.33 7.162 7.14 6.971 6.78
36.4041 8.194 8.244 8.169 7.976 7.833 7.694 8.055 7.953 7.831 7.689 7.549 7.4 7.959 7.786 7.614 7.493 7.383 7.722 7.58 7.46 7.361 7.193 7.171 7.001 6.811
37.2823 8.225 8.275 8.2 8.007 7.864 7.725 8.086 7.984 7.862 7.72 7.58 7.431 7.989 7.817 7.645 7.524 7.414 7.753 7.611 7.491 7.392 7.223 7.202 7.032 6.842
38.1817 8.256 8.306 8.231 8.038 7.895 7.756 8.117 8.015 7.893 7.751 7.611 7.462 8.02 7.848 7.676 7.555 7.445 7.784 7.641 7.522 7.423 7.254 7.233 7.063 6.873
39.1028 8.287 8.336 8.262 8.069 7.926 7.787 8.148 8.046 7.924 7.782 7.641 7.493 8.051 7.879 7.707 7.586 7.476 7.815 7.672 7.553 7.454 7.285 7.264 7.094 6.904
40.046 8.318 8.368 8.293 8.1 7.957 7.818 8.179 8.077 7.955 7.813 7.673 7.524 8.082 7.91 7.738 7.617 7.507 7.846 7.703 7.584 7.485 7.316 7.295 7.125 6.935
41.0121 8.349 8.399 8.324 8.131 7.988 7.849 8.21 8.108 7.986 7.844 7.704 7.555 8.113 7.941 7.769 7.648 7.538 7.877 7.735 7.615 7.516 7.347 7.326 7.156 6.966
42.0014 8.38 8.43 8.355 8.162 8.02 7.88 8.241 8.14 8.017 7.875 7.735 7.586 8.145 7.972 7.8 7.679 7.569 7.908 7.766 7.646 7.547 7.379 7.357 7.188 6.997
43.0146 8.411 8.461 8.386 8.193 8.051 7.911 8.272 8.171 8.048 7.906 7.766 7.617 8.176 8.003 7.831 7.711 7.6 7.939 7.797 7.677 7.578 7.41 7.388 7.219 7.028
44.0523 8.442 8.492 8.417 8.224 8.082 7.943 8.303 8.202 8.079 7.937 7.797 7.648 8.207 8.034 7.862 7.742 7.631 7.97 7.828 7.708 7.609 7.441 7.419 7.25 7.059
45.1149 8.474 8.523 8.448 8.255 8.113 7.974 8.334 8.233 8.11 7.969 7.828 7.679 8.238 8.065 7.893 7.773 7.662 8.001 7.859 7.739 7.64 7.472 7.45 7.281 7.09
46.2033 8.505 8.554 8.479 8.286 8.144 8.005 8.366 8.264 8.141 8.0 7.859 7.711 8.269 8.096 7.924 7.804 7.693 8.033 7.89 7.77 7.671 7.503 7.481 7.312 7.122
47.3178 8.536 8.585 8.51 8.317 8.175 8.036 8.397 8.295 8.173 8.031 7.89 7.742 8.3 8.127 7.956 7.835 7.724 8.064 7.921 7.801 7.702 7.534 7.512 7.343 7.153
48.4593 8.567 8.616 8.541 8.348 8.206 8.067 8.428 8.326 8.204 8.062 7.921 7.773 8.331 8.159 7.987 7.866 7.755 8.095 7.952 7.832 7.733 7.565 7.543 7.374 7.184
49.6283 8.602 8.651 8.577 8.384 8.241 8.102 8.463 8.361 8.239 8.097 7.956 7.808 8.366 8.194 8.022 7.901 7.79 8.13 7.987 7.867 7.768 7.6 7.578 7.409 7.219
50.8255 8.647 8.697 8.622 8.429 8.286 8.147 8.508 8.406 8.284 8.142 8.002 7.853 8.411 8.239 8.067 7.946 7.836 8.175 8.032 7.913 7.814 7.645 7.624 7.454 7.264
52.0515 8.692 8.742 8.667 8.474 8.331 8.192 8.553 8.451 8.329 8.187 8.047 7.898 8.457 8.284 8.112 7.991 7.881 8.22 8.078 7.958 7.859 7.69 7.669 7.499 7.309
53.3072 8.737 8.787 8.712 8.519 8.377 8.237 8.598 8.497 8.374 8.232 8.092 7.943 8.502 8.329 8.157 8.037 7.926 8.265 8.123 8.003 7.904 7.736 7.714 7.545 7.354
54.5931 8.783 8.832 8.757 8.564 8.422 8.283 8.643 8.542 8.419 8.277 8.137 7.988 8.547 8.374 8.202 8.082 7.971 8.31 8.168 8.048 7.949 7.781 7.759 7.59 7.399
55.9101 8.828 8.877 8.802 8.609 8.467 8.328 8.689 8.587 8.464 8.323 8.182 8.034 8.592 8.419 8.248 8.127 8.016 8.356 8.213 8.093 7.994 7.826 7.804 7.635 7.445
57.2588 8.873 8.922 8.847 8.654 8.512 8.373 8.734 8.632 8.51 8.368 8.227 8.079 8.637 8.465 8.293 8.172 8.061 8.401 8.258 8.138 8.039 7.871 7.849 7.68 7.49
58.6401 8.918 8.967 8.893 8.7 8.557 8.418 8.779 8.677 8.555 8.413 8.272 8.124 8.682 8.51 8.338 8.217 8.106 8.446 8.303 8.184 8.084 7.916 7.895 7.725 7.535
60.0546 8.963 9.013 8.938 8.745 8.602 8.463 8.824 8.722 8.6 8.458 8.318 8.169 8.727 8.555 8.383 8.262 8.152 8.491 8.348 8.229 8.13 7.961 7.94 7.77 7.58
61.5034 9.008 9.058 8.983 8.79 8.647 8.508 8.869 8.768 8.645 8.503 8.363 8.214 8.773 8.6 8.428 8.307 8.197 8.536 8.394 8.274 8.175 8.007 7.985 7.815 7.625
62.987 9.065 9.114 9.039 8.846 8.704 8.565 8.926 8.824 8.702 8.56 8.419 8.271 8.829 8.656 8.485 8.364 8.253 8.593 8.45 8.33 8.231 8.063 8.041 7.872 7.682
64.5065 9.136 9.186 9.111 8.918 8.775 8.636 8.997 8.895 8.773 8.631 8.491 8.342 8.9 8.728 8.556 8.435 8.325 8.664 8.521 8.402 8.303 8.134 8.113 7.943 7.753
66.0626 9.207 9.257 9.182 8.989 8.847 8.708 9.068 8.967 8.844 8.702 8.562 8.413 8.972 8.799 8.627 8.507 8.396 8.735 8.593 8.473 8.374 8.206 8.184 8.015 7.824
67.6562 9.279 9.328 9.253 9.061 8.918 8.779 9.14 9.038 8.916 8.774 8.633 8.485 9.043 8.871 8.699 8.578 8.467 8.807 8.664 8.544 8.445 8.277 8.255 8.086 7.896
69.2883 9.35 9.4 9.325 9.132 8.989 8.85 9.211 9.11 8.987 8.845 8.705 8.556 9.115 8.942 8.77 8.649 8.539 8.878 8.736 8.616 8.517 8.349 8.327 8.157 7.967
70.9597 9.422 9.471 9.396 9.203 9.061 8.922 9.283 9.181 9.058 8.917 8.776 8.628 9.186 9.013 8.841 8.721 8.61 8.95 8.807 8.687 8.588 8.42 8.398 8.229 8.039
72.6715 9.493 9.542 9.468 9.275 9.132 8.993 9.354 9.252 9.13 8.988 8.848 8.699 9.257 9.085 8.913 8.792 8.682 9.021 8.878 8.759 8.66 8.491 8.47 8.3 8.11
74.4246 9.564 9.614 9.539 9.346 9.204 9.065 9.425 9.324 9.201 9.059 8.919 8.77 9.329 9.156 8.984 8.864 8.753 9.092 8.95 8.83 8.731 8.563 8.541 8.372 8.181
76.2199 9.636 9.685 9.61 9.417 9.275 9.136 9.497 9.395 9.273 9.131 8.99 8.842 9.4 9.228 9.056 8.935 8.824 9.164 9.021 8.901 8.802 8.634 8.612 8.443 8.253
78.0586 9.707 9.757 9.682 9.489 9.346 9.207 9.568 9.466 9.344 9.202 9.062 8.913 9.471 9.299 9.127 9.006 8.896 9.235 9.093 8.973 8.874 8.705 8.684 8.514 8.324
79.9416 9.798 9.848 9.773 9.58 9.437 9.298 9.659 9.557 9.435 9.293 9.153 9.004 9.562 9.39 9.218 9.097 8.987 9.326 9.184 9.064 8.965 8.796 8.775 8.605 8.415
81.87 9.904 9.953 9.878 9.685 9.543 9.404 9.765 9.663 9.541 9.399 9.258 9.11 9.668 9.495 9.324 9.203 9.092 9.432 9.289 9.169 9.07 8.902 8.88 8.711 8.521
83.845 10.009 10.059 9.984 9.791 9.649 9.509 9.87 9.769 9.646 9.504 9.364 9.215 9.774 9.601 9.429 9.309 9.198 9.537 9.395 9.275 9.176 9.008 8.986 8.817 8.626
85.8676 10.115 10.164 10.09 9.897 9.754 9.615 9.976 9.874 9.752 9.61 9.469 9.321 9.879 9.707 9.535 9.414 9.303 9.643 9.5 9.381 9.281 9.113 9.092 8.922 8.732
87.939 10.221 10.27 10.195 10.002 9.86 9.721 10.081 9.98 9.857 9.715 9.575 9.426 9.985 9.812 9.64 9.52 9.409 9.748 9.606 9.486 9.387 9.219 9.197 9.028 8.837
90.0604 10.326 10.376 10.301 10.108 9.965 9.826 10.187 10.085 9.963 9.821 9.681 9.532 10.09 9.918 9.746 9.625 9.515 9.854 9.712 9.592 9.493 9.324 9.303 9.133 8.943
92.2329 10.432 10.481 10.406 10.213 10.071 9.932 10.293 10.191 10.069 9.927 9.786 9.638 10.196 10.023 9.852 9.731 9.62 9.96 9.817 9.697 9.598 9.43 9.408 9.239 9.049
94.4579 10.537 10.587 10.512 10.319 10.177 10.037 10.398 10.297 10.174 10.032 9.892 9.743 10.302 10.129 9.957 9.836 9.726 10.065 9.923 9.803 9.704 9.536 9.514 9.345 9.154
96.7365 10.643 10.692 10.617 10.425 10.282 10.143 10.504 10.402 10.28 10.138 9.997 9.849 10.407 10.235 10.063 9.942 9.831 10.171 10.028 9.908 9.809 9.641 9.619 9.45 9.26
