web/models/grb/offaxis/25/grb_0.2967_0.1389_0.0000040.dat
# %ECSV 1.0
# ---
# datatype:
# - {name: time, datatype: float64}
# - {name: swift_uvot_uvw2, datatype: float64}
# - {name: swift_uvot_uvm2, datatype: float64}
# - {name: swift_uvot_uvw1, datatype: float64}
# - {name: swift_uvot_U, datatype: float64}
# - {name: swift_uvot_B, datatype: float64}
# - {name: swift_uvot_V, datatype: float64}
# - {name: swift_uvot_W, datatype: float64}
# - {name: johnson_U, datatype: float64}
# - {name: johnson_B, datatype: float64}
# - {name: johnson_V, datatype: float64}
# - {name: johnson_R, datatype: float64}
# - {name: johnson_I, datatype: float64}
# - {name: sdss_u, datatype: float64}
# - {name: sdss_g, datatype: float64}
# - {name: sdss_r, datatype: float64}
# - {name: sdss_i, datatype: float64}
# - {name: sdss_z, datatype: float64}
# - {name: PS1_g, datatype: float64}
# - {name: PS1_r, datatype: float64}
# - {name: PS1_i, datatype: float64}
# - {name: PS1_z, datatype: float64}
# - {name: PS1_Y, datatype: float64}
# - {name: PS1_w, datatype: float64}
# - {name: ATLAS_c, datatype: float64}
# - {name: ATLAS_o, datatype: float64}
# - {name: ukirt_J, datatype: float64}
# - {name: ukirt_H, datatype: float64}
# - {name: ukirt_K, datatype: float64}
# - {name: Clear, datatype: float64}
# meta: !!omap
# - comment: [E = 6.029923955985727e-05, Eta0 = 8.02, GammaB = 12.0, dL = 0.012188, epsb = 6.760829753919819e-06, epse = 0.1, n = 3.981071705534969e-06,
#     p = 2.15, theta_obs = 0.29670597283903605, xiN = 1.0, z = 0.0, type = grb, E_kiso = 0.13894954943731375]
# schema: astropy-2.0
time swift_uvot_uvw2 swift_uvot_uvm2 swift_uvot_uvw1 swift_uvot_U swift_uvot_B swift_uvot_V swift_uvot_W johnson_U johnson_B johnson_V johnson_R johnson_I sdss_u sdss_g sdss_r sdss_i sdss_z PS1_g PS1_r PS1_i PS1_z PS1_Y PS1_w ATLAS_c ATLAS_o ukirt_J ukirt_H ukirt_K Clear
[from data line 86]
0.0777 16.095 16.144 16.07 15.877 15.734 15.595 15.956 15.854 15.732 15.59 15.449 15.301 15.859 15.687 15.515 15.394 15.283 15.623 15.48 15.36 15.261 15.093 15.517 15.612 15.459 15.071 14.902 14.712 15.427
0.0795 16.015 16.064 15.989 15.796 15.654 15.515 15.876 15.774 15.652 15.51 15.369 15.221 15.779 15.606 15.435 15.314 15.203 15.543 15.4 15.28 15.181 15.013 15.437 15.532 15.379 14.991 14.822 14.632 15.347
0.0815 15.952 16.002 15.927 15.734 15.591 15.452 15.813 15.711 15.589 15.447 15.307 15.158 15.716 15.544 15.372 15.251 15.141 15.48 15.338 15.218 15.119 14.95 15.374 15.469 15.317 14.929 14.759 14.569 15.284
0.0834 15.897 15.946 15.871 15.678 15.536 15.397 15.758 15.656 15.534 15.392 15.251 15.103 15.661 15.489 15.317 15.196 15.085 15.425 15.282 15.162 15.063 14.895 15.319 15.414 15.261 14.873 14.704 14.514 15.229
0.0854 15.841 15.891 15.816 15.623 15.481 15.342 15.702 15.601 15.478 15.336 15.196 15.047 15.606 15.433 15.261 15.141 15.03 15.369 15.227 15.107 15.008 14.84 15.264 15.359 15.206 14.818 14.649 14.458 15.173
0.0875 15.786 15.836 15.761 15.568 15.425 15.286 15.647 15.545 15.423 15.281 15.141 14.992 15.55 15.378 15.206 15.085 14.975 15.314 15.171 15.052 14.953 14.784 15.208 15.303 15.151 14.763 14.593 14.403 15.118
0.0896 15.731 15.78 15.705 15.512 15.37 15.231 15.592 15.49 15.368 15.226 15.085 14.937 15.495 15.322 15.151 15.03 14.919 15.259 15.116 14.996 14.897 14.729 15.153 15.248 15.095 14.707 14.538 14.348 15.063
0.0918 15.675 15.725 15.65 15.457 15.315 15.176 15.536 15.435 15.312 15.17 15.03 14.881 15.44 15.267 15.095 14.975 14.864 15.203 15.061 14.941 14.842 14.674 15.098 15.193 15.04 14.652 14.483 14.292 15.007
0.094 15.62 15.67 15.595 15.402 15.259 15.12 15.481 15.379 15.257 15.115 14.975 14.826 15.384 15.212 15.04 14.919 14.809 15.148 15.005 14.886 14.787 14.618 15.042 15.137 14.985 14.597 14.427 14.237 14.952
0.0963 15.565 15.614 15.539 15.346 15.204 15.065 15.426 15.324 15.202 15.06 14.919 14.771 15.329 15.156 14.985 14.864 14.753 15.093 14.95 14.83 14.731 14.563 14.987 15.082 14.929 14.541 14.372 14.182 14.897
0.0986 15.509 15.559 15.484 15.291 15.149 15.009 15.37 15.269 15.146 15.004 14.864 14.715 15.274 15.101 14.929 14.809 14.698 15.037 14.895 14.775 14.676 14.508 14.931 15.027 14.874 14.486 14.317 14.126 14.841
0.101 15.454 15.503 15.429 15.236 15.093 14.954 15.315 15.213 15.091 14.949 14.809 14.66 15.218 15.046 14.874 14.753 14.643 14.982 14.839 14.72 14.621 14.452 14.876 14.971 14.819 14.431 14.261 14.071 14.786
0.1034 15.38 15.429 15.354 15.161 15.019 14.88 15.241 15.139 15.017 14.875 14.734 14.586 15.144 14.971 14.8 14.679 14.568 14.908 14.765 14.645 14.546 14.378 14.802 14.897 14.744 14.356 14.187 13.997 14.712
0.1059 15.302 15.352 15.277 15.084 14.941 14.802 15.163 15.061 14.939 14.797 14.657 14.508 15.067 14.894 14.722 14.601 14.491 14.83 14.688 14.568 14.469 14.3 14.724 14.82 14.667 14.279 14.109 13.919 14.634
0.1084 15.225 15.274 15.199 15.006 14.864 14.725 15.086 14.984 14.862 14.72 14.579 14.431 14.989 14.816 14.645 14.524 14.413 14.753 14.61 14.49 14.391 14.223 14.647 14.742 14.589 14.201 14.032 13.842 14.557
0.1111 15.147 15.197 15.122 14.929 14.786 14.647 15.008 14.906 14.784 14.642 14.502 14.353 14.911 14.739 14.567 14.446 14.336 14.675 14.533 14.413 14.314 14.145 14.569 14.664 14.512 14.124 13.954 13.764 14.479
0.1137 15.07 15.119 15.044 14.851 14.709 14.57 14.931 14.829 14.706 14.565 14.424 14.276 14.834 14.661 14.489 14.369 14.258 14.598 14.455 14.335 14.236 14.068 14.492 14.587 14.434 14.046 13.877 13.687 14.402
0.1165 14.992 15.042 14.967 14.774 14.631 14.492 14.853 14.751 14.629 14.487 14.347 14.198 14.756 14.584 14.412 14.291 14.181 14.52 14.377 14.258 14.159 13.99 14.414 14.509 14.357 13.969 13.799 13.609 14.324
0.1193 14.915 14.964 14.889 14.696 14.554 14.415 14.775 14.674 14.551 14.41 14.269 14.12 14.679 14.506 14.334 14.214 14.103 14.443 14.3 14.18 14.081 13.913 14.337 14.432 14.279 13.891 13.722 13.531 14.246
0.1222 14.837 14.886 14.812 14.619 14.476 14.337 14.698 14.596 14.474 14.332 14.192 14.043 14.601 14.429 14.257 14.136 14.026 14.365 14.222 14.103 14.004 13.835 14.259 14.354 14.202 13.814 13.644 13.454 14.169
0.1251 14.759 14.809 14.734 14.541 14.399 14.26 14.62 14.519 14.396 14.254 14.114 13.965 14.524 14.351 14.179 14.059 13.948 14.287 14.145 14.025 13.926 13.758 14.182 14.277 14.124 13.736 13.567 13.376 14.091
0.1281 14.682 14.731 14.657 14.464 14.321 14.182 14.543 14.441 14.319 14.177 14.036 13.888 14.446 14.274 14.102 13.981 13.87 14.21 14.067 13.948 13.848 13.68 14.104 14.199 14.046 13.659 13.489 13.299 14.014
0.1312 14.615 14.665 14.59 14.397 14.254 14.115 14.476 14.374 14.252 14.11 13.97 13.821 14.379 14.207 14.035 13.914 13.804 14.143 14.001 13.881 13.782 13.613 14.037 14.132 13.98 13.592 13.422 13.232 13.947
0.1344 14.548 14.598 14.523 14.33 14.188 14.048 14.409 14.308 14.185 14.043 13.903 13.754 14.313 14.14 13.968 13.847 13.737 14.076 13.934 13.814 13.715 13.547 13.97 14.066 13.913 13.525 13.356 13.165 13.88
0.1376 14.482 14.531 14.456 14.263 14.121 13.982 14.342 14.241 14.118 13.976 13.836 13.687 14.246 14.073 13.901 13.781 13.67 14.009 13.867 13.747 13.648 13.48 13.904 13.999 13.846 13.458 13.289 13.098 13.813
0.141 14.415 14.464 14.389 14.196 14.054 13.915 14.276 14.174 14.052 13.91 13.769 13.621 14.179 14.006 13.835 13.714 13.603 13.943 13.8 13.68 13.581 13.413 13.837 13.932 13.779 13.391 13.222 13.032 13.747
0.1444 14.348 14.397 14.323 14.13 13.987 13.848 14.209 14.107 13.985 13.843 13.702 13.554 14.112 13.94 13.768 13.647 13.536 13.876 13.733 13.613 13.514 13.346 13.77 13.865 13.712 13.324 13.155 12.965 13.68
0.1478 14.281 14.331 14.256 14.063 13.92 13.781 14.142 14.04 13.918 13.776 13.636 13.487 14.045 13.873 13.701 13.58 13.47 13.809 13.667 13.547 13.448 13.279 13.703 13.798 13.646 13.258 13.088 12.898 13.613
0.1514 14.214 14.264 14.189 13.996 13.854 13.714 14.075 13.974 13.851 13.709 13.569 13.42 13.979 13.806 13.634 13.513 13.403 13.742 13.6 13.48 13.381 13.213 13.636 13.732 13.579 13.191 13.022 12.831 13.546
0.1551 14.148 14.197 14.122 13.929 13.787 13.648 14.008 13.907 13.784 13.642 13.502 13.353 13.912 13.739 13.567 13.447 13.336 13.675 13.533 13.413 13.314 13.146 13.57 13.665 13.512 13.124 12.955 12.764 13.479
0.1588 14.081 14.13 14.055 13.862 13.72 13.581 13.942 13.84 13.718 13.576 13.435 13.287 13.845 13.672 13.501 13.38 13.269 13.609 13.466 13.346 13.247 13.079 13.503 13.598 13.445 13.057 12.888 12.698 13.413
0.1626 14.017 14.066 13.992 13.799 13.656 13.517 13.878 13.776 13.654 13.512 13.371 13.223 13.781 13.609 13.437 13.316 13.206 13.545 13.402 13.283 13.184 13.015 13.439 13.534 13.382 12.994 12.824 12.634 13.349
0.1666 13.972 14.022 13.947 13.754 13.611 13.472 13.833 13.731 13.609 13.467 13.327 13.178 13.736 13.564 13.392 13.271 13.161 13.5 13.358 13.238 13.139 12.97 13.394 13.49 13.337 12.949 12.779 12.589 13.304
0.1706 13.927 13.977 13.902 13.709 13.567 13.428 13.788 13.687 13.564 13.422 13.282 13.133 13.692 13.519 13.347 13.227 13.116 13.455 13.313 13.193 13.094 12.926 13.35 13.445 13.292 12.904 12.735 12.544 13.259
0.1747 13.883 13.932 13.857 13.664 13.522 13.383 13.744 13.642 13.519 13.378 13.237 13.089 13.647 13.474 13.302 13.182 13.071 13.411 13.268 13.148 13.049 12.881 13.305 13.4 13.247 12.859 12.69 12.499 13.214
0.1789 13.838 13.887 13.812 13.619 13.477 13.338 13.699 13.597 13.475 13.333 13.192 13.044 13.602 13.43 13.258 13.137 13.026 13.366 13.223 13.103 13.004 12.836 13.26 13.355 13.202 12.814 12.645 12.455 13.17
0.1832 13.793 13.842 13.768 13.575 13.432 13.293 13.654 13.552 13.43 13.288 13.147 12.999 13.557 13.385 13.213 13.092 12.982 13.321 13.178 13.059 12.96 12.791 13.215 13.31 13.158 12.77 12.6 12.41 13.125
0.1876 13.748 13.798 13.723 13.53 13.387 13.248 13.609 13.507 13.385 13.243 13.103 12.954 13.513 13.34 13.168 13.047 12.937 13.276 13.134 13.014 12.915 12.746 13.17 13.266 13.113 12.725 12.555 12.365 13.08
0.1922 13.703 13.753 13.678 13.485 13.343 13.204 13.564 13.463 13.34 13.198 13.058 12.909 13.468 13.295 13.123 13.003 12.892 13.231 13.089 12.969 12.87 12.702 13.126 13.221 13.068 12.68 12.511 12.32 13.035
0.1968 13.659 13.708 13.633 13.44 13.298 13.159 13.52 13.418 13.295 13.154 13.013 12.865 13.423 13.25 13.078 12.958 12.847 13.187 13.044 12.924 12.825 12.657 13.081 13.176 13.023 12.635 12.466 12.276 12.991
0.2015 13.614 13.663 13.588 13.395 13.253 13.114 13.475 13.373 13.251 13.109 12.968 12.82 13.378 13.206 13.034 12.913 12.802 13.142 12.999 12.879 12.78 12.612 13.036 13.131 12.978 12.59 12.421 12.231 12.946
0.2064 13.571 13.621 13.546 13.353 13.21 13.071 13.432 13.33 13.208 13.066 12.926 12.777 13.335 13.163 12.991 12.87 12.76 13.099 12.956 12.837 12.738 12.569 12.993 13.088 12.936 12.548 12.378 12.188 12.903
0.2114 13.534 13.583 13.508 13.315 13.173 13.034 13.394 13.293 13.17 13.028 12.888 12.739 13.298 13.125 12.953 12.833 12.722 13.061 12.919 12.799 12.7 12.532 12.956 13.051 12.898 12.51 12.341 12.15 12.865
0.2165 13.496 13.545 13.471 13.278 13.135 12.996 13.357 13.255 13.133 12.991 12.85 12.702 13.26 13.088 12.916 12.795 12.684 13.024 12.881 12.762 12.663 12.494 12.918 13.013 12.86 12.473 12.303 12.113 12.828
0.2217 13.458 13.508 13.433 13.24 13.098 12.959 13.319 13.218 13.095 12.953 12.813 12.664 13.223 13.05 12.878 12.758 12.647 12.986 12.844 12.724 12.625 12.457 12.881 12.976 12.823 12.435 12.266 12.075 12.79
0.2271 13.421 13.47 13.395 13.203 13.06 12.921 13.282 13.18 13.058 12.916 12.775 12.627 13.185 13.013 12.841 12.72 12.609 12.949 12.806 12.686 12.587 12.419 12.843 12.938 12.785 12.397 12.228 12.038 12.753
0.2325 13.383 13.433 13.358 13.165 13.023 12.883 13.244 13.143 13.02 12.878 12.738 12.589 13.148 12.975 12.803 12.682 12.572 12.911 12.769 12.649 12.55 12.382 12.805 12.901 12.748 12.36 12.191 12.0 12.715
0.2381 13.346 13.395 13.32 13.127 12.985 12.846 13.207 13.105 12.983 12.841 12.7 12.552 13.11 12.937 12.766 12.645 12.534 12.874 12.731 12.611 12.512 12.344 12.768 12.863 12.71 12.322 12.153 11.963 12.678
0.2439 13.308 13.358 13.283 13.09 12.947 12.808 13.169 13.067 12.945 12.803 12.663 12.514 13.073 12.9 12.728 12.607 12.497 12.836 12.694 12.574 12.475 12.306 12.73 12.826 12.673 12.285 12.115 11.925 12.64
0.2498 13.271 13.32 13.245 13.052 12.91 12.771 13.132 13.03 12.907 12.766 12.625 12.477 13.035 12.862 12.691 12.57 12.459 12.799 12.656 12.536 12.437 12.269 12.693 12.788 12.635 12.247 12.078 11.888 12.603
0.2558 13.233 13.283 13.208 13.015 12.872 12.733 13.094 12.992 12.87 12.728 12.588 12.439 12.997 12.825 12.653 12.532 12.422 12.761 12.618 12.499 12.4 12.231 12.655 12.75 12.598 12.21 12.04 11.85 12.565
0.262 13.2 13.25 13.175 12.982 12.84 12.701 13.061 12.96 12.837 12.695 12.555 12.406 12.965 12.792 12.62 12.5 12.389 12.728 12.586 12.466 12.367 12.199 12.623 12.718 12.565 12.177 12.008 11.817 12.532
0.2683 13.174 13.224 13.149 12.956 12.814 12.674 13.035 12.934 12.811 12.669 12.529 12.38 12.939 12.766 12.594 12.473 12.363 12.702 12.56 12.44 12.341 12.173 12.596 12.692 12.539 12.151 11.982 11.791 12.506
0.2748 13.148 13.198 13.123 12.93 12.787 12.648 13.009 12.907 12.785 12.643 12.503 12.354 12.913 12.74 12.568 12.447 12.337 12.676 12.534 12.414 12.315 12.146 12.57 12.666 12.513 12.125 11.955 11.765 12.48
0.2814 13.122 13.172 13.097 12.904 12.761 12.622 12.983 12.881 12.759 12.617 12.477 12.328 12.886 12.714 12.542 12.421 12.311 12.65 12.508 12.388 12.289 12.12 12.544 12.639 12.487 12.099 11.929 11.739 12.454
0.2882 13.096 13.145 13.071 12.878 12.735 12.596 12.957 12.855 12.733 12.591 12.451 12.302 12.86 12.688 12.516 12.395 12.285 12.624 12.481 12.362 12.263 12.094 12.518 12.613 12.461 12.073 11.903 11.713 12.428
0.2951 13.07 13.119 13.045 12.852 12.709 12.57 12.931 12.829 12.707 12.565 12.424 12.276 12.834 12.662 12.49 12.369 12.258 12.598 12.455 12.335 12.236 12.068 12.492 12.587 12.434 12.046 11.877 11.687 12.402
0.3022 13.044 13.093 13.018 12.825 12.683 12.544 12.905 12.803 12.681 12.539 12.398 12.25 12.808 12.636 12.464 12.343 12.232 12.572 12.429 12.309 12.21 12.042 12.466 12.561 12.408 12.02 11.851 11.661 12.376
0.3095 13.018 13.067 12.992 12.799 12.657 12.518 12.879 12.777 12.655 12.513 12.372 12.224 12.782 12.609 12.438 12.317 12.206 12.546 12.403 12.283 12.184 12.016 12.44 12.535 12.382 11.994 11.825 11.635 12.35
0.317 12.992 13.041 12.966 12.773 12.631 12.492 12.853 12.751 12.628 12.487 12.346 12.198 12.756 12.583 12.411 12.291 12.18 12.52 12.377 12.257 12.158 11.99 12.414 12.509 12.356 11.968 11.799 11.609 12.324
0.3247 12.966 13.015 12.94 12.747 12.605 12.466 12.826 12.725 12.602 12.46 12.32 12.171 12.73 12.557 12.385 12.265 12.154 12.493 12.351 12.231 12.132 11.964 12.388 12.483 12.33 11.942 11.773 11.582 12.297
0.3325 12.94 12.989 12.915 12.722 12.579 12.44 12.801 12.699 12.577 12.435 12.294 12.146 12.704 12.532 12.36 12.239 12.129 12.468 12.325 12.206 12.107 11.938 12.362 12.457 12.305 11.917 11.747 11.557 12.272
0.3405 12.915 12.964 12.89 12.697 12.554 12.415 12.776 12.674 12.552 12.41 12.269 12.121 12.679 12.507 12.335 12.214 12.103 12.443 12.3 12.18 12.081 11.913 12.337 12.432 12.279 11.891 11.722 11.532 12.247
0.3487 12.89 12.939 12.864 12.671 12.529 12.39 12.751 12.649 12.527 12.385 12.244 12.096 12.654 12.482 12.31 12.189 12.078 12.418 12.275 12.155 12.056 11.888 12.312 12.407 12.254 11.866 11.697 11.507 12.222
0.3571 12.865 12.914 12.839 12.646 12.504 12.365 12.726 12.624 12.502 12.36 12.219 12.071 12.629 12.456 12.285 12.164 12.053 12.393 12.25 12.13 12.031 11.863 12.287 12.382 12.229 11.841 11.672 11.482 12.197
0.3657 12.84 12.889 12.814 12.621 12.479 12.34 12.701 12.599 12.477 12.335 12.194 12.046 12.604 12.431 12.26 12.139 12.028 12.368 12.225 12.105 12.006 11.838 12.262 12.357 12.204 11.816 11.647 11.457 12.172
0.3746 12.815 12.864 12.789 12.596 12.454 12.315 12.676 12.574 12.451 12.31 12.169 12.02 12.579 12.406 12.234 12.114 12.003 12.343 12.2 12.08 11.981 11.813 12.237 12.332 12.179 11.791 11.622 11.431 12.146
0.3836 12.79 12.839 12.764 12.571 12.429 12.29 12.65 12.549 12.426 12.284 12.144 11.995 12.554 12.381 12.209 12.089 11.978 12.317 12.175 12.055 11.956 11.788 12.212 12.307 12.154 11.766 11.597 11.406 12.121
0.3929 12.764 12.814 12.739 12.546 12.404 12.265 12.625 12.524 12.401 12.259 12.119 11.97 12.529 12.356 12.184 12.064 11.953 12.292 12.15 12.03 11.931 11.763 12.187 12.282 12.129 11.741 11.572 11.381 12.096
0.4023 12.739 12.789 12.714 12.521 12.379 12.239 12.6 12.499 12.376 12.234 12.094 11.945 12.504 12.331 12.159 12.039 11.928 12.267 12.125 12.005 11.906 11.738 12.161 12.257 12.104 11.716 11.547 11.356 12.071
0.412 12.714 12.764 12.689 12.496 12.353 12.214 12.575 12.474 12.351 12.209 12.069 11.92 12.479 12.306 12.134 12.013 11.903 12.242 12.1 11.98 11.881 11.713 12.136 12.232 12.079 11.691 11.521 11.331 12.046
0.422 12.689 12.739 12.664 12.471 12.329 12.189 12.55 12.449 12.326 12.184 12.044 11.895 12.454 12.281 12.109 11.988 11.878 12.217 12.075 11.955 11.856 11.688 12.111 12.207 12.054 11.666 11.497 11.306 12.021
0.4322 12.664 12.714 12.639 12.446 12.304 12.164 12.525 12.424 12.301 12.159 12.019 11.87 12.429 12.256 12.084 11.964 11.853 12.192 12.05 11.93 11.831 11.663 12.087 12.182 12.029 11.641 11.472 11.281 11.996
0.4426 12.639 12.689 12.614 12.421 12.279 12.14 12.5 12.399 12.276 12.134 11.994 11.845 12.404 12.231 12.059 11.939 11.828 12.167 12.025 11.905 11.806 11.638 12.062 12.157 12.004 11.616 11.447 11.256 11.971
0.4533 12.615 12.664 12.589 12.396 12.254 12.115 12.475 12.374 12.251 12.11 11.969 11.82 12.379 12.206 12.034 11.914 11.803 12.143 12.0 11.88 11.781 11.613 12.037 12.132 11.979 11.591 11.422 11.231 11.946
0.4642 12.59 12.639 12.564 12.371 12.229 12.09 12.451 12.349 12.226 12.085 11.944 11.796 12.354 12.181 12.01 11.889 11.778 12.118 11.975 11.855 11.756 11.588 12.012 12.107 11.954 11.566 11.397 11.207 11.922
