web/models/grb/offaxis/25/grb_0.2967_517.9475_0.0002512.dat
# %ECSV 1.0
# ---
# datatype:
# - {name: time, datatype: float64}
# - {name: swift_uvot_uvw2, datatype: float64}
# - {name: swift_uvot_uvm2, datatype: float64}
# - {name: swift_uvot_uvw1, datatype: float64}
# - {name: swift_uvot_U, datatype: float64}
# - {name: swift_uvot_B, datatype: float64}
# - {name: swift_uvot_V, datatype: float64}
# - {name: swift_uvot_W, datatype: float64}
# - {name: johnson_U, datatype: float64}
# - {name: johnson_B, datatype: float64}
# - {name: johnson_V, datatype: float64}
# - {name: johnson_R, datatype: float64}
# - {name: johnson_I, datatype: float64}
# - {name: sdss_u, datatype: float64}
# - {name: sdss_g, datatype: float64}
# - {name: sdss_r, datatype: float64}
# - {name: sdss_i, datatype: float64}
# - {name: sdss_z, datatype: float64}
# - {name: PS1_g, datatype: float64}
# - {name: PS1_r, datatype: float64}
# - {name: PS1_i, datatype: float64}
# - {name: PS1_z, datatype: float64}
# - {name: PS1_Y, datatype: float64}
# - {name: PS1_w, datatype: float64}
# - {name: ATLAS_c, datatype: float64}
# - {name: ATLAS_o, datatype: float64}
# - {name: ukirt_J, datatype: float64}
# - {name: ukirt_H, datatype: float64}
# - {name: ukirt_K, datatype: float64}
# - {name: Clear, datatype: float64}
# meta: !!omap
# - comment: [E = 0.22477106672309027, Eta0 = 8.02, GammaB = 12.0, dL = 0.012188, epsb = 6.760829753919819e-06, epse = 0.1, n = 0.00025118864315095795,
#     p = 2.15, theta_obs = 0.29670597283903605, xiN = 1.0, z = 0.0, type = grb, E_kiso = 517.9474679231213]
# schema: astropy-2.0
time swift_uvot_uvw2 swift_uvot_uvm2 swift_uvot_uvw1 swift_uvot_U swift_uvot_B swift_uvot_V swift_uvot_W johnson_U johnson_B johnson_V johnson_R johnson_I sdss_u sdss_g sdss_r sdss_i sdss_z PS1_g PS1_r PS1_i PS1_z PS1_Y PS1_w ATLAS_c ATLAS_o ukirt_J ukirt_H ukirt_K Clear
[from data line 111]
0.141 9.083 9.133 9.058 8.865 8.722 8.583 8.944 8.842 8.72 8.578 8.438 8.289 8.847 8.675 8.503 8.382 8.272 8.611 8.468 8.349 8.25 8.081 8.505 8.6 8.448 8.06 7.89 7.7 8.415
0.1444 8.999 9.049 8.974 8.781 8.639 8.499 8.86 8.759 8.636 8.494 8.354 8.205 8.764 8.591 8.419 8.298 8.188 8.527 8.385 8.265 8.166 7.998 8.421 8.517 8.364 7.976 7.807 7.616 8.331
0.1478 8.916 8.965 8.89 8.697 8.555 8.416 8.777 8.675 8.552 8.411 8.27 8.121 8.68 8.507 8.335 8.215 8.104 8.444 8.301 8.181 8.082 7.914 8.338 8.433 8.28 7.892 7.723 7.532 8.247
0.1514 8.832 8.881 8.806 8.613 8.471 8.332 8.693 8.591 8.469 8.327 8.186 8.038 8.596 8.424 8.252 8.131 8.02 8.36 8.217 8.097 7.998 7.83 8.254 8.349 8.196 7.808 7.639 7.449 8.164
0.1551 8.692 8.741 8.667 8.474 8.331 8.192 8.553 8.451 8.329 8.187 8.046 7.898 8.456 8.284 8.112 7.991 7.881 8.22 8.077 7.958 7.859 7.69 8.114 8.209 8.057 7.669 7.499 7.309 8.024
0.1588 8.377 8.426 8.351 8.158 8.016 7.877 8.237 8.136 8.013 7.871 7.731 7.582 8.141 7.968 7.796 7.676 7.565 7.904 7.762 7.642 7.543 7.375 7.799 7.894 7.741 7.353 7.184 6.993 7.708
0.1626 8.061 8.11 8.036 7.843 7.7 7.561 7.922 7.82 7.698 7.556 7.416 7.267 7.825 7.653 7.481 7.36 7.25 7.589 7.446 7.327 7.228 7.059 7.483 7.578 7.426 7.038 6.868 6.678 7.393
0.1666 7.746 7.795 7.72 7.527 7.385 7.246 7.606 7.505 7.382 7.241 7.1 6.951 7.51 7.337 7.165 7.045 6.934 7.274 7.131 7.011 6.912 6.744 7.168 7.263 7.11 6.722 6.553 6.362 7.077
0.1706 7.43 7.48 7.405 7.212 7.069 6.93 7.291 7.189 7.067 6.925 6.785 6.636 7.194 7.022 6.85 6.729 6.619 6.958 6.815 6.696 6.597 6.428 6.852 6.947 6.795 6.407 6.237 6.047 6.762
0.1747 7.115 7.164 7.089 6.896 6.754 6.615 6.976 6.874 6.751 6.61 6.469 6.321 6.879 6.706 6.534 6.414 6.303 6.643 6.5 6.38 6.281 6.113 6.537 6.632 6.479 6.091 5.922 5.731 6.446
0.1789 6.799 6.849 6.774 6.581 6.438 6.299 6.66 6.558 6.436 6.294 6.154 6.005 6.563 6.391 6.219 6.098 5.988 6.327 6.185 6.065 5.966 5.797 6.221 6.316 6.164 5.776 5.606 5.416 6.131
0.1832 6.484 6.533 6.458 6.265 6.123 5.984 6.345 6.243 6.12 5.979 5.838 5.69 6.248 6.075 5.904 5.783 5.672 6.012 5.869 5.749 5.65 5.482 5.906 6.001 5.848 5.46 5.291 5.101 5.816
0.1876 6.168 6.218 6.143 5.95 5.807 5.668 6.029 5.927 5.805 5.663 5.523 5.374 5.932 5.76 5.588 5.467 5.357 5.696 5.554 5.434 5.335 5.166 5.59 5.685 5.533 5.145 4.975 4.785 5.5
0.1922 5.853 5.902 5.827 5.634 5.492 5.353 5.714 5.612 5.49 5.348 5.207 5.059 5.617 5.444 5.273 5.152 5.041 5.381 5.238 5.118 5.019 4.851 5.275 5.37 5.217 4.829 4.66 4.47 5.185
0.1968 5.606 5.655 5.581 5.388 5.245 5.106 5.467 5.365 5.243 5.101 4.96 4.812 5.37 5.198 5.026 4.905 4.795 5.134 4.991 4.872 4.773 4.604 5.028 5.123 4.971 4.583 4.413 4.223 4.938
0.2015 5.469 5.519 5.444 5.251 5.108 4.969 5.33 5.228 5.106 4.964 4.824 4.675 5.233 5.061 4.889 4.768 4.658 4.997 4.855 4.735 4.636 4.467 4.891 4.986 4.834 4.446 4.276 4.086 4.801
0.2064 5.332 5.382 5.307 5.114 4.972 4.832 5.193 5.092 4.969 4.827 4.687 4.538 5.097 4.924 4.752 4.631 4.521 4.86 4.718 4.598 4.499 4.331 4.754 4.85 4.697 4.309 4.14 3.949 4.664
0.2114 5.195 5.245 5.17 4.977 4.835 4.696 5.056 4.955 4.832 4.69 4.55 4.401 4.96 4.787 4.615 4.495 4.384 4.723 4.581 4.461 4.362 4.194 4.618 4.713 4.56 4.172 4.003 3.812 4.527
0.2165 5.059 5.108 5.033 4.84 4.698 4.559 4.92 4.818 4.695 4.554 4.413 4.265 4.823 4.65 4.479 4.358 4.247 4.587 4.444 4.324 4.225 4.057 4.481 4.576 4.423 4.035 3.866 3.676 4.391
0.2217 4.922 4.971 4.896 4.703 4.561 4.422 4.783 4.681 4.559 4.417 4.276 4.128 4.686 4.514 4.342 4.221 4.11 4.45 4.307 4.187 4.088 3.92 4.344 4.439 4.286 3.898 3.729 3.539 4.254
0.2271 4.785 4.834 4.76 4.567 4.424 4.285 4.646 4.544 4.422 4.28 4.139 3.991 4.549 4.377 4.205 4.084 3.973 4.313 4.17 4.051 3.952 3.783 4.207 4.302 4.149 3.762 3.592 3.402 4.117
0.2325 4.648 4.698 4.623 4.43 4.287 4.148 4.509 4.407 4.285 4.143 4.003 3.854 4.412 4.24 4.068 3.947 3.837 4.176 4.034 3.914 3.815 3.646 4.07 4.165 4.013 3.625 3.455 3.265 3.98
0.2381 4.511 4.561 4.486 4.293 4.151 4.011 4.372 4.271 4.148 4.006 3.866 3.717 4.276 4.103 3.931 3.81 3.7 4.039 3.897 3.777 3.678 3.51 3.933 4.029 3.876 3.488 3.319 3.128 3.843
0.2439 4.374 4.424 4.349 4.156 4.014 3.875 4.235 4.134 4.011 3.869 3.729 3.58 4.139 3.966 3.794 3.674 3.563 3.902 3.76 3.64 3.541 3.373 3.797 3.892 3.739 3.351 3.182 2.991 3.706
0.2498 4.268 4.317 4.242 4.049 3.907 3.768 4.128 4.027 3.904 3.762 3.622 3.473 4.032 3.859 3.687 3.567 3.456 3.795 3.653 3.533 3.434 3.266 3.69 3.785 3.632 3.244 3.075 2.884 3.599
0.2558 4.187 4.237 4.162 3.969 3.827 3.687 4.048 3.947 3.824 3.682 3.542 3.393 3.952 3.779 3.607 3.486 3.376 3.715 3.573 3.453 3.354 3.186 3.609 3.705 3.552 3.164 2.995 2.804 3.519
0.262 4.107 4.157 4.082 3.889 3.746 3.607 3.968 3.866 3.744 3.602 3.462 3.313 3.871 3.699 3.527 3.406 3.296 3.635 3.492 3.373 3.274 3.105 3.529 3.624 3.472 3.084 2.914 2.724 3.439
0.2683 4.027 4.076 4.001 3.808 3.666 3.527 3.888 3.786 3.664 3.522 3.381 3.233 3.791 3.619 3.447 3.326 3.215 3.555 3.412 3.292 3.193 3.025 3.449 3.544 3.391 3.003 2.834 2.644 3.359
0.2748 3.947 3.996 3.921 3.728 3.586 3.447 3.808 3.706 3.583 3.442 3.301 3.153 3.711 3.538 3.366 3.246 3.135 3.475 3.332 3.212 3.113 2.945 3.369 3.464 3.311 2.923 2.754 2.564 3.279
0.2814 3.866 3.916 3.841 3.648 3.506 3.367 3.727 3.626 3.503 3.361 3.221 3.072 3.631 3.458 3.286 3.166 3.055 3.394 3.252 3.132 3.033 2.865 3.289 3.384 3.231 2.843 2.674 2.483 3.198
0.2882 3.786 3.836 3.761 3.568 3.425 3.286 3.647 3.545 3.423 3.281 3.141 2.992 3.55 3.378 3.206 3.085 2.975 3.314 3.172 3.052 2.953 2.784 3.208 3.303 3.151 2.763 2.593 2.403 3.118
0.2951 3.706 3.755 3.681 3.488 3.345 3.206 3.567 3.465 3.343 3.201 3.06 2.912 3.47 3.298 3.126 3.005 2.894 3.234 3.091 2.972 2.872 2.704 3.128 3.223 3.07 2.683 2.513 2.323 3.038
0.3022 3.626 3.675 3.6 3.407 3.265 3.126 3.487 3.385 3.263 3.121 2.98 2.832 3.39 3.217 3.046 2.925 2.814 3.154 3.011 2.891 2.792 2.624 3.048 3.143 2.99 2.602 2.433 2.243 2.958
0.3095 3.545 3.595 3.52 3.327 3.185 3.046 3.406 3.305 3.182 3.04 2.9 2.751 3.31 3.137 2.965 2.845 2.734 3.073 2.931 2.811 2.712 2.544 2.968 3.063 2.91 2.522 2.353 2.162 2.877
0.317 3.482 3.531 3.457 3.264 3.121 2.982 3.343 3.241 3.119 2.977 2.836 2.688 3.246 3.074 2.902 2.781 2.67 3.01 2.867 2.748 2.649 2.48 2.904 2.999 2.847 2.459 2.289 2.099 2.814
0.3247 3.427 3.476 3.401 3.208 3.066 2.927 3.288 3.186 3.063 2.922 2.781 2.633 3.191 3.018 2.846 2.726 2.615 2.955 2.812 2.692 2.593 2.425 2.849 2.944 2.791 2.403 2.234 2.044 2.759
0.3325 3.371 3.421 3.346 3.153 3.011 2.871 3.232 3.131 3.008 2.866 2.726 2.577 3.136 2.963 2.791 2.67 2.56 2.899 2.757 2.637 2.538 2.37 2.793 2.889 2.736 2.348 2.179 1.988 2.703
0.3405 3.316 3.365 3.291 3.098 2.955 2.816 3.177 3.075 2.953 2.811 2.67 2.522 3.08 2.908 2.736 2.615 2.504 2.844 2.701 2.581 2.482 2.314 2.738 2.833 2.68 2.292 2.123 1.933 2.648
0.3487 3.261 3.31 3.235 3.042 2.9 2.761 3.122 3.02 2.897 2.756 2.615 2.466 3.025 2.852 2.68 2.56 2.449 2.789 2.646 2.526 2.427 2.259 2.683 2.778 2.625 2.237 2.068 1.877 2.592
0.3571 3.205 3.255 3.18 2.987 2.844 2.705 3.066 2.965 2.842 2.7 2.56 2.411 2.97 2.797 2.625 2.504 2.394 2.733 2.591 2.471 2.372 2.204 2.627 2.723 2.57 2.182 2.012 1.822 2.537
0.3657 3.15 3.199 3.124 2.932 2.789 2.65 3.011 2.909 2.787 2.645 2.504 2.356 2.914 2.742 2.57 2.449 2.338 2.678 2.535 2.415 2.316 2.148 2.572 2.667 2.514 2.126 1.957 1.767 2.482
0.3746 3.095 3.144 3.069 2.876 2.734 2.595 2.955 2.854 2.731 2.59 2.449 2.3 2.859 2.686 2.514 2.394 2.283 2.623 2.48 2.36 2.261 2.093 2.517 2.612 2.459 2.071 1.902 1.711 2.426
0.3836 3.039 3.089 3.014 2.821 2.678 2.539 2.9 2.798 2.676 2.534 2.394 2.245 2.803 2.631 2.459 2.338 2.228 2.567 2.425 2.305 2.206 2.037 2.461 2.557 2.404 2.016 1.846 1.656 2.371
0.3929 2.984 3.033 2.958 2.766 2.623 2.484 2.845 2.743 2.621 2.479 2.338 2.19 2.748 2.576 2.404 2.283 2.172 2.512 2.369 2.249 2.15 1.982 2.406 2.501 2.348 1.96 1.791 1.601 2.316
0.4023 2.91 2.96 2.885 2.692 2.55 2.411 2.771 2.67 2.547 2.405 2.265 2.116 2.675 2.502 2.33 2.21 2.099 2.438 2.296 2.176 2.077 1.909 2.333 2.428 2.275 1.887 1.718 1.527 2.242
0.412 2.833 2.882 2.808 2.615 2.472 2.333 2.694 2.592 2.47 2.328 2.187 2.039 2.597 2.425 2.253 2.132 2.021 2.361 2.218 2.098 1.999 1.831 2.255 2.35 2.197 1.809 1.64 1.45 2.165
0.422 2.755 2.805 2.73 2.537 2.395 2.255 2.616 2.515 2.392 2.25 2.11 1.961 2.52 2.347 2.175 2.055 1.944 2.283 2.141 2.021 1.922 1.754 2.177 2.273 2.12 1.732 1.563 1.372 2.087
0.4322 2.678 2.727 2.652 2.459 2.317 2.178 2.539 2.437 2.315 2.173 2.032 1.884 2.442 2.27 2.098 1.977 1.866 2.206 2.063 1.943 1.844 1.676 2.1 2.195 2.042 1.654 1.485 1.295 2.01
0.4426 2.6 2.65 2.575 2.382 2.24 2.1 2.461 2.36 2.237 2.095 1.955 1.806 2.365 2.192 2.02 1.899 1.789 2.128 1.986 1.866 1.767 1.599 2.022 2.118 1.965 1.577 1.408 1.217 1.932
0.4533 2.523 2.572 2.497 2.304 2.162 2.023 2.384 2.282 2.16 2.018 1.877 1.729 2.287 2.114 1.943 1.822 1.711 2.051 1.908 1.788 1.689 1.521 1.945 2.04 1.887 1.499 1.33 1.14 1.855
0.4642 2.445 2.495 2.42 2.227 2.084 1.945 2.306 2.205 2.082 1.94 1.8 1.651 2.21 2.037 1.865 1.744 1.634 1.973 1.831 1.711 1.612 1.444 1.867 1.963 1.81 1.422 1.252 1.062 1.777
0.4754 2.368 2.417 2.342 2.149 2.007 1.868 2.229 2.127 2.005 1.863 1.722 1.574 2.132 1.959 1.788 1.667 1.556 1.896 1.753 1.633 1.534 1.366 1.79 1.885 1.732 1.344 1.175 0.985 1.7
0.4869 2.29 2.34 2.265 2.072 1.929 1.79 2.151 2.049 1.927 1.785 1.645 1.496 2.054 1.882 1.71 1.589 1.479 1.818 1.676 1.556 1.457 1.288 1.712 1.807 1.655 1.267 1.097 0.907 1.622
0.4986 2.213 2.262 2.187 1.994 1.852 1.713 2.074 1.972 1.849 1.708 1.567 1.419 1.977 1.804 1.633 1.512 1.401 1.741 1.598 1.478 1.379 1.211 1.635 1.73 1.577 1.189 1.02 0.83 1.545
0.5106 2.145 2.195 2.12 1.927 1.785 1.646 2.006 1.905 1.782 1.64 1.5 1.351 1.91 1.737 1.565 1.445 1.334 1.673 1.531 1.411 1.312 1.144 1.568 1.663 1.51 1.122 0.953 0.762 1.477
0.523 2.079 2.128 2.053 1.86 1.718 1.579 1.94 1.838 1.715 1.574 1.433 1.284 1.843 1.67 1.498 1.378 1.267 1.607 1.464 1.344 1.245 1.077 1.501 1.596 1.443 1.055 0.886 0.695 1.41
0.5356 2.012 2.061 1.986 1.793 1.651 1.512 1.873 1.771 1.649 1.507 1.366 1.218 1.776 1.603 1.432 1.311 1.2 1.54 1.397 1.277 1.178 1.01 1.434 1.529 1.376 0.988 0.819 0.629 1.344
0.5485 1.945 1.994 1.92 1.727 1.584 1.445 1.806 1.704 1.582 1.44 1.299 1.151 1.709 1.537 1.365 1.244 1.134 1.473 1.33 1.211 1.112 0.943 1.367 1.462 1.31 0.922 0.752 0.562 1.277
0.5617 1.878 1.928 1.853 1.66 1.517 1.378 1.739 1.637 1.515 1.373 1.233 1.084 1.642 1.47 1.298 1.177 1.067 1.406 1.264 1.144 1.045 0.876 1.3 1.396 1.243 0.855 0.685 0.495 1.21
0.5753 1.811 1.861 1.786 1.593 1.451 1.312 1.672 1.571 1.448 1.306 1.166 1.017 1.576 1.403 1.231 1.111 1.0 1.339 1.197 1.077 0.978 0.81 1.234 1.329 1.176 0.788 0.619 0.428 1.143
0.5891 1.745 1.794 1.719 1.526 1.384 1.245 1.606 1.504 1.381 1.24 1.099 0.951 1.509 1.336 1.164 1.044 0.933 1.273 1.13 1.01 0.911 0.743 1.167 1.262 1.109 0.721 0.552 0.361 1.076
0.6034 1.678 1.727 1.652 1.459 1.317 1.178 1.539 1.437 1.315 1.173 1.032 0.884 1.442 1.27 1.098 0.977 0.866 1.206 1.063 0.943 0.844 0.676 1.1 1.195 1.042 0.654 0.485 0.295 1.01
0.6179 1.611 1.66 1.586 1.393 1.25 1.111 1.472 1.37 1.248 1.106 0.965 0.817 1.375 1.203 1.031 0.91 0.8 1.139 0.996 0.877 0.778 0.609 1.033 1.128 0.976 0.588 0.418 0.228 0.943
0.6328 1.546 1.596 1.521 1.328 1.186 1.047 1.407 1.306 1.183 1.041 0.901 0.752 1.311 1.138 0.966 0.846 0.735 1.074 0.932 0.812 0.713 0.545 0.969 1.064 0.911 0.523 0.354 0.163 0.878
0.6481 1.502 1.551 1.476 1.283 1.141 1.002 1.363 1.261 1.138 0.997 0.856 0.708 1.266 1.093 0.921 0.801 0.69 1.03 0.887 0.767 0.668 0.5 0.924 1.019 0.866 0.478 0.309 0.119 0.833
0.6637 1.457 1.506 1.431 1.238 1.096 0.957 1.318 1.216 1.094 0.952 0.811 0.663 1.221 1.049 0.877 0.756 0.645 0.985 0.842 0.722 0.623 0.455 0.879 0.974 0.821 0.433 0.264 0.074 0.789
0.6797 1.412 1.461 1.387 1.194 1.051 0.912 1.273 1.171 1.049 0.907 0.766 0.618 1.176 1.004 0.832 0.711 0.601 0.94 0.797 0.678 0.579 0.41 0.834 0.929 0.777 0.389 0.219 0.029 0.744
0.6961 1.367 1.417 1.342 1.149 1.006 0.867 1.228 1.126 1.004 0.862 0.722 0.573 1.132 0.959 0.787 0.666 0.556 0.895 0.753 0.633 0.534 0.365 0.789 0.885 0.732 0.344 0.174 -0.016 0.699
0.7129 1.322 1.372 1.297 1.104 0.962 0.823 1.183 1.082 0.959 0.817 0.677 0.528 1.087 0.914 0.742 0.622 0.511 0.85 0.708 0.588 0.489 0.321 0.745 0.84 0.687 0.299 0.13 -0.061 0.654
0.7301 1.278 1.327 1.252 1.059 0.917 0.778 1.139 1.037 0.914 0.773 0.632 0.484 1.042 0.869 0.697 0.577 0.466 0.806 0.663 0.543 0.444 0.276 0.7 0.795 0.642 0.254 0.085 -0.105 0.61
0.7477 1.233 1.282 1.207 1.014 0.872 0.733 1.094 0.992 0.87 0.728 0.587 0.439 0.997 0.825 0.653 0.532 0.421 0.761 0.618 0.498 0.399 0.231 0.655 0.75 0.597 0.209 0.04 -0.15 0.565
0.7658 1.188 1.237 1.163 0.97 0.827 0.688 1.049 0.947 0.825 0.683 0.543 0.394 0.952 0.78 0.608 0.487 0.377 0.716 0.573 0.454 0.355 0.186 0.61 0.705 0.553 0.165 -0.005 -0.195 0.52
0.7842 1.143 1.193 1.118 0.925 0.782 0.643 1.004 0.903 0.78 0.638 0.498 0.349 0.908 0.735 0.563 0.442 0.332 0.671 0.529 0.409 0.31 0.142 0.565 0.661 0.508 0.12 -0.05 -0.24 0.475
0.8032 1.1 1.15 1.075 0.882 0.739 0.6 0.961 0.859 0.737 0.595 0.455 0.306 0.865 0.692 0.52 0.399 0.289 0.628 0.486 0.366 0.267 0.098 0.522 0.618 0.465 0.077 -0.093 -0.283 0.432
0.8225 1.063 1.112 1.037 0.844 0.702 0.563 0.924 0.822 0.699 0.558 0.417 0.269 0.827 0.654 0.483 0.362 0.251 0.591 0.448 0.328 0.229 0.061 0.485 0.58 0.427 0.039 -0.13 -0.32 0.395
0.8424 1.025 1.075 1.0 0.807 0.664 0.525 0.886 0.784 0.662 0.52 0.38 0.231 0.789 0.617 0.445 0.324 0.214 0.553 0.41 0.291 0.192 0.023 0.447 0.542 0.39 0.002 -0.168 -0.358 0.357
0.8627 0.988 1.037 0.962 0.769 0.627 0.488 0.848 0.747 0.624 0.483 0.342 0.193 0.752 0.579 0.407 0.287 0.176 0.516 0.373 0.253 0.154 -0.014 0.41 0.505 0.352 -0.036 -0.205 -0.396 0.319
0.8835 0.95 0.999 0.925 0.732 0.589 0.45 0.811 0.709 0.587 0.445 0.304 0.156 0.714 0.542 0.37 0.249 0.139 0.478 0.335 0.216 0.117 -0.052 0.372 0.467 0.315 -0.073 -0.243 -0.433 0.282
0.9048 0.912 0.962 0.887 0.694 0.552 0.413 0.773 0.672 0.549 0.407 0.267 0.118 0.677 0.504 0.332 0.212 0.101 0.44 0.298 0.178 0.079 -0.089 0.335 0.43 0.277 -0.111 -0.28 -0.471 0.244
0.9266 0.875 0.924 0.85 0.657 0.514 0.375 0.736 0.634 0.512 0.37 0.229 0.081 0.639 0.467 0.295 0.174 0.063 0.403 0.26 0.14 0.041 -0.127 0.297 0.392 0.239 -0.149 -0.318 -0.508 0.207
0.949 0.837 0.887 0.812 0.619 0.477 0.337 0.698 0.597 0.474 0.332 0.192 0.043 0.602 0.429 0.257 0.137 0.026 0.365 0.223 0.103 0.004 -0.164 0.259 0.355 0.202 -0.186 -0.355 -0.546 0.169
0.9719 0.8 0.849 0.774 0.581 0.439 0.3 0.661 0.559 0.437 0.295 0.154 0.006 0.564 0.392 0.22 0.099 -0.012 0.328 0.185 0.065 -0.034 -0.202 0.222 0.317 0.164 -0.224 -0.393 -0.583 0.132
0.9953 0.762 0.812 0.737 0.544 0.401 0.262 0.623 0.522 0.399 0.257 0.117 -0.032 0.527 0.354 0.182 0.061 -0.049 0.29 0.148 0.028 -0.071 -0.239 0.184 0.28 0.127 -0.261 -0.431 -0.621 0.094
1.0194 0.729 0.779 0.704 0.511 0.368 0.229 0.59 0.488 0.366 0.224 0.084 -0.065 0.493 0.321 0.149 0.028 -0.082 0.257 0.115 -0.005 -0.104 -0.273 0.151 0.246 0.094 -0.294 -0.464 -0.654 0.061
1.0439 0.703 0.752 0.678 0.485 0.342 0.203 0.564 0.462 0.34 0.198 0.057 -0.091 0.467 0.295 0.123 0.002 -0.108 0.231 0.088 -0.031 -0.13 -0.299 0.125 0.22 0.068 -0.32 -0.49 -0.68 0.035
1.0691 0.677 0.726 0.652 0.459 0.316 0.177 0.538 0.436 0.314 0.172 0.031 -0.117 0.441 0.269 0.097 -0.024 -0.135 0.205 0.062 -0.058 -0.157 -0.325 0.099 0.194 0.041 -0.347 -0.516 -0.706 0.009
1.0949 0.651 0.7 0.625 0.432 0.29 0.151 0.512 0.41 0.288 0.146 0.005 -0.143 0.415 0.243 0.071 -0.05 -0.161 0.179 0.036 -0.084 -0.183 -0.351 0.073 0.168 0.015 -0.373 -0.542 -0.732 -0.017
1.1213 0.625 0.674 0.599 0.406 0.264 0.125 0.486 0.384 0.262 0.12 -0.021 -0.169 0.389 0.216 0.045 -0.076 -0.187 0.153 0.01 -0.11 -0.209 -0.377 0.047 0.142 -0.011 -0.399 -0.568 -0.758 -0.043
1.1484 0.599 0.648 0.573 0.38 0.238 0.099 0.46 0.358 0.235 0.094 -0.047 -0.195 0.363 0.19 0.018 -0.102 -0.213 0.127 -0.016 -0.136 -0.235 -0.403 0.021 0.116 -0.037 -0.425 -0.594 -0.784 -0.069
