web/models/grb/offaxis/25/grb_0.2967_100.0000_0.1000000.dat
# %ECSV 1.0
# ---
# datatype:
# - {name: time, datatype: float64}
# - {name: swift_uvot_uvw2, datatype: float64}
# - {name: swift_uvot_uvm2, datatype: float64}
# - {name: swift_uvot_uvw1, datatype: float64}
# - {name: swift_uvot_U, datatype: float64}
# - {name: swift_uvot_B, datatype: float64}
# - {name: swift_uvot_V, datatype: float64}
# - {name: swift_uvot_W, datatype: float64}
# - {name: johnson_U, datatype: float64}
# - {name: johnson_B, datatype: float64}
# - {name: johnson_V, datatype: float64}
# - {name: johnson_R, datatype: float64}
# - {name: johnson_I, datatype: float64}
# - {name: sdss_u, datatype: float64}
# - {name: sdss_g, datatype: float64}
# - {name: sdss_r, datatype: float64}
# - {name: sdss_i, datatype: float64}
# - {name: sdss_z, datatype: float64}
# - {name: PS1_g, datatype: float64}
# - {name: PS1_r, datatype: float64}
# - {name: PS1_i, datatype: float64}
# - {name: PS1_z, datatype: float64}
# - {name: PS1_Y, datatype: float64}
# - {name: ukirt_J, datatype: float64}
# - {name: ukirt_H, datatype: float64}
# - {name: ukirt_K, datatype: float64}
# meta: !!omap
# - comment: [E = 0.043396498804093575, Eta0 = 8.02, GammaB = 12.0, dL = 0.012188, epsb = 6.760829753919819e-06, epse = 0.1, n = 0.1,
#     p = 2.15, theta_obs = 0.29670597283903605, xiN = 1.0, z = 0.0, type = grb, E_kiso = 100.0]
# schema: astropy-2.0
time swift_uvot_uvw2 swift_uvot_uvm2 swift_uvot_uvw1 swift_uvot_U swift_uvot_B swift_uvot_V swift_uvot_W johnson_U johnson_B johnson_V johnson_R johnson_I sdss_u sdss_g sdss_r sdss_i sdss_z PS1_g PS1_r PS1_i PS1_z PS1_Y ukirt_J ukirt_H ukirt_K
[from data line 460]
578.1013 5.13 5.179 5.104 4.912 4.769 4.63 4.991 4.889 4.767 4.625 4.484 4.336 4.894 4.722 4.55 4.429 4.318 4.658 4.515 4.395 4.296 4.128 4.106 3.937 3.747
592.0469 5.294 5.343 5.269 5.076 4.933 4.794 5.155 5.053 4.931 4.789 4.648 4.5 5.058 4.886 4.714 4.593 4.482 4.822 4.679 4.559 4.46 4.292 4.27 4.101 3.911
606.329 5.539 5.588 5.513 5.32 5.178 5.039 5.4 5.298 5.176 5.034 4.893 4.745 5.303 5.13 4.959 4.838 4.727 5.067 4.924 4.804 4.705 4.537 4.515 4.346 4.156
620.9555 5.852 5.902 5.827 5.634 5.492 5.352 5.713 5.612 5.489 5.347 5.207 5.058 5.617 5.444 5.272 5.152 5.041 5.38 5.238 5.118 5.019 4.851 4.829 4.66 4.469
635.9349 6.166 6.215 6.141 5.948 5.805 5.666 6.027 5.925 5.803 5.661 5.52 5.372 5.93 5.758 5.586 5.465 5.354 5.694 5.551 5.431 5.332 5.164 5.142 4.973 4.783
651.2757 6.479 6.529 6.454 6.261 6.119 5.98 6.34 6.239 6.116 5.974 5.834 5.685 6.244 6.071 5.899 5.779 5.668 6.007 5.865 5.745 5.646 5.478 5.456 5.287 5.096
666.9865 6.793 6.842 6.768 6.575 6.432 6.293 6.654 6.552 6.43 6.288 6.148 5.999 6.557 6.385 6.213 6.092 5.982 6.321 6.178 6.059 5.96 5.791 5.77 5.6 5.41
683.0763 7.107 7.156 7.081 6.888 6.746 6.607 6.968 6.866 6.743 6.602 6.461 6.313 6.871 6.698 6.526 6.406 6.295 6.635 6.492 6.372 6.273 6.105 6.083 5.914 5.724
699.5543 7.42 7.47 7.395 7.202 7.059 6.92 7.281 7.179 7.057 6.915 6.775 6.626 7.184 7.012 6.84 6.719 6.609 6.948 6.806 6.686 6.587 6.418 6.397 6.227 6.037
716.4297 7.734 7.783 7.708 7.515 7.373 7.234 7.595 7.493 7.371 7.229 7.088 6.94 7.498 7.325 7.154 7.033 6.922 7.262 7.119 6.999 6.9 6.732 6.71 6.541 6.351
733.7123 8.047 8.097 8.022 7.829 7.687 7.547 7.908 7.807 7.684 7.542 7.402 7.253 7.812 7.639 7.467 7.346 7.236 7.575 7.433 7.313 7.214 7.046 7.024 6.855 6.664
751.4117 8.361 8.41 8.335 8.143 8.0 7.861 8.222 8.12 7.998 7.856 7.715 7.567 8.125 7.953 7.781 7.66 7.549 7.889 7.746 7.626 7.527 7.359 7.337 7.168 6.978
769.5381 8.674 8.724 8.649 8.456 8.314 8.175 8.535 8.434 8.311 8.169 8.029 7.88 8.439 8.266 8.094 7.974 7.863 8.202 8.06 7.94 7.841 7.673 7.651 7.482 7.291
788.1018 8.988 9.037 8.963 8.77 8.627 8.488 8.849 8.747 8.625 8.483 8.342 8.194 8.752 8.58 8.408 8.287 8.177 8.516 8.373 8.254 8.155 7.986 7.965 7.795 7.605
807.1133 9.302 9.351 9.276 9.083 8.941 8.802 9.163 9.061 8.938 8.797 8.656 8.507 9.066 8.893 8.721 8.601 8.49 8.83 8.687 8.567 8.468 8.3 8.278 8.109 7.918
826.5834 9.615 9.665 9.59 9.397 9.254 9.115 9.476 9.374 9.252 9.11 8.97 8.821 9.379 9.207 9.035 8.914 8.804 9.143 9.001 8.881 8.782 8.613 8.592 8.422 8.232
846.5232 9.929 9.978 9.903 9.71 9.568 9.429 9.79 9.688 9.566 9.424 9.283 9.135 9.693 9.52 9.349 9.228 9.117 9.457 9.314 9.194 9.095 8.927 8.905 8.736 8.546
866.944 10.242 10.292 10.217 10.024 9.882 9.742 10.103 10.002 9.879 9.737 9.597 9.448 10.007 9.834 9.662 9.541 9.431 9.77 9.628 9.508 9.409 9.241 9.219 9.05 8.859
887.8575 10.556 10.605 10.53 10.337 10.195 10.056 10.417 10.315 10.193 10.051 9.91 9.762 10.32 10.148 9.976 9.855 9.744 10.084 9.941 9.821 9.722 9.554 9.532 9.363 9.173
909.2754 10.869 10.919 10.844 10.651 10.509 10.37 10.73 10.629 10.506 10.364 10.224 10.075 10.634 10.461 10.289 10.169 10.058 10.397 10.255 10.135 10.036 9.868 9.846 9.677 9.486
931.21 11.183 11.232 11.158 10.965 10.822 10.683 11.044 10.942 10.82 10.678 10.537 10.389 10.947 10.775 10.603 10.482 10.372 10.711 10.568 10.449 10.35 10.181 10.16 9.99 9.8
953.6737 11.497 11.546 11.471 11.278 11.136 10.997 11.357 11.256 11.133 10.992 10.851 10.702 11.261 11.088 10.916 10.796 10.685 11.025 10.882 10.762 10.663 10.495 10.473 10.304 10.113
976.6793 11.81 11.86 11.785 11.592 11.449 11.31 11.671 11.569 11.447 11.305 11.165 11.016 11.574 11.402 11.23 11.109 10.999 11.338 11.196 11.076 10.977 10.808 10.787 10.617 10.427
1000.2399 12.124 12.173 12.098 11.905 11.763 11.624 11.985 11.883 11.761 11.619 11.478 11.33 11.888 11.715 11.544 11.423 11.312 11.652 11.509 11.389 11.29 11.122 11.1 10.931 10.741
1024.3688 12.437 12.487 12.412 12.219 12.076 11.937 12.298 12.197 12.074 11.932 11.792 11.643 12.202 12.029 11.857 11.736 11.626 11.965 11.823 11.703 11.604 11.436 11.414 11.244 11.054
1049.0798 12.751 12.8 12.725 12.532 12.39 12.251 12.612 12.51 12.388 12.246 12.105 11.957 12.515 12.343 12.171 12.05 11.939 12.279 12.136 12.016 11.917 11.749 11.727 11.558 11.368
1074.3869 13.064 13.114 13.039 12.846 12.704 12.565 12.925 12.824 12.701 12.559 12.419 12.27 12.829 12.656 12.484 12.364 12.253 12.592 12.45 12.33 12.231 12.063 12.041 11.872 11.681
1100.3045 13.378 13.427 13.353 13.16 13.017 12.878 13.239 13.137 13.015 12.873 12.732 12.584 13.142 12.97 12.798 12.677 12.566 12.906 12.763 12.644 12.544 12.376 12.355 12.185 11.995
1126.8473 13.692 13.741 13.666 13.473 13.331 13.192 13.552 13.451 13.328 13.186 13.046 12.897 13.456 13.283 13.111 12.991 12.88 13.219 13.077 12.957 12.858 12.69 12.668 12.499 12.308
1154.0304 14.005 14.055 13.98 13.787 13.644 13.505 13.866 13.764 13.642 13.5 13.36 13.211 13.769 13.597 13.425 13.304 13.194 13.533 13.39 13.271 13.172 13.003 12.982 12.812 12.622
1181.8693 14.319 14.368 14.293 14.1 13.958 13.819 14.18 14.078 13.955 13.814 13.673 13.525 14.083 13.91 13.739 13.618 13.507 13.847 13.704 13.584 13.485 13.317 13.295 13.126 12.936
1210.3797 14.632 14.682 14.607 14.414 14.271 14.132 14.493 14.391 14.269 14.127 13.987 13.838 14.397 14.224 14.052 13.931 13.821 14.16 14.018 13.898 13.799 13.63 13.609 13.439 13.249
1239.5778 14.946 14.995 14.92 14.727 14.585 14.446 14.807 14.705 14.583 14.441 14.3 14.152 14.71 14.538 14.366 14.245 14.134 14.474 14.331 14.211 14.112 13.944 13.922 13.753 13.563
1269.4803 15.259 15.309 15.234 15.041 14.899 14.759 15.12 15.019 14.896 14.754 14.614 14.465 15.024 14.851 14.679 14.559 14.448 14.787 14.645 14.525 14.426 14.258 14.236 14.067 13.876
1300.1042 15.573 15.622 15.548 15.355 15.212 15.073 15.434 15.332 15.21 15.068 14.927 14.779 15.337 15.165 14.993 14.872 14.761 15.101 14.958 14.838 14.739 14.571 14.549 14.38 14.19
1331.4668 15.886 15.936 15.861 15.668 15.526 15.387 15.747 15.646 15.523 15.381 15.241 15.092 15.651 15.478 15.306 15.186 15.075 15.414 15.272 15.152 15.053 14.885 14.863 14.694 14.503
1363.586 16.2 16.25 16.175 15.982 15.839 15.7 16.061 15.959 15.837 15.695 15.555 15.406 15.964 15.792 15.62 15.499 15.389 15.728 15.585 15.466 15.367 15.198 15.177 15.007 14.817
1396.48 16.514 16.563 16.488 16.295 16.153 16.014 16.375 16.273 16.15 16.009 15.868 15.72 16.278 16.105 15.933 15.813 15.702 16.042 15.899 15.779 15.68 15.512 15.49 15.321 15.131
1430.1675 16.827 16.877 16.802 16.609 16.466 16.327 16.688 16.586 16.464 16.322 16.182 16.033 16.591 16.419 16.247 16.126 16.016 16.355 16.213 16.093 15.994 15.825 15.804 15.634 15.444
1464.6676 17.141 17.19 17.115 16.922 16.78 16.641 17.002 16.9 16.778 16.636 16.495 16.347 16.905 16.732 16.561 16.44 16.329 16.669 16.526 16.406 16.307 16.139 16.117 15.948 15.758
1500.0 17.454 17.504 17.429 17.236 17.094 16.954 17.315 17.214 17.091 16.949 16.809 16.66 17.219 17.046 16.874 16.753 16.643 16.982 16.84 16.72 16.621 16.453 16.431 16.262 16.071
