web/models/kne.last_good/kappa_1_10/36/villar_0.0010_0.0770_1.0000.dat
# %ECSV 1.0
# ---
# datatype:
# - {name: time, datatype: float64}
# - {name: swift_uvot_uvw2, datatype: float64}
# - {name: swift_uvot_uvm2, datatype: float64}
# - {name: swift_uvot_uvw1, datatype: float64}
# - {name: swift_uvot_U, datatype: float64}
# - {name: swift_uvot_B, datatype: float64}
# - {name: swift_uvot_V, datatype: float64}
# - {name: swift_uvot_W, datatype: float64}
# - {name: johnson_U, datatype: float64}
# - {name: johnson_B, datatype: float64}
# - {name: johnson_V, datatype: float64}
# - {name: johnson_R, datatype: float64}
# - {name: johnson_I, datatype: float64}
# - {name: sdss_u, datatype: float64}
# - {name: sdss_g, datatype: float64}
# - {name: sdss_r, datatype: float64}
# - {name: sdss_i, datatype: float64}
# - {name: sdss_z, datatype: float64}
# - {name: PS1_g, datatype: float64}
# - {name: PS1_r, datatype: float64}
# - {name: PS1_i, datatype: float64}
# - {name: PS1_z, datatype: float64}
# - {name: PS1_Y, datatype: float64}
# - {name: PS1_w, datatype: float64}
# - {name: ATLAS_c, datatype: float64}
# - {name: ATLAS_o, datatype: float64}
# - {name: ukirt_J, datatype: float64}
# - {name: ukirt_H, datatype: float64}
# - {name: ukirt_K, datatype: float64}
# - {name: Clear, datatype: float64}
# meta: !!omap
# - comment: [kappa = 1.0, type = villar, mass = 0.001, velocity = 0.07700000000000001, theta_obs = 0.0]
# schema: astropy-2.0
time swift_uvot_uvw2 swift_uvot_uvm2 swift_uvot_uvw1 swift_uvot_U swift_uvot_B swift_uvot_V swift_uvot_W johnson_U johnson_B johnson_V johnson_R johnson_I sdss_u sdss_g sdss_r sdss_i sdss_z PS1_g PS1_r PS1_i PS1_z PS1_Y PS1_w ATLAS_c ATLAS_o ukirt_J ukirt_H ukirt_K Clear
[from data line 298]
7.181051 93.277 98.493 121.728 132.294 120.465 112.477 95.546 130.251 118.18 110.428 102.072 97.085 131.565 116.41 107.563 102.043 97.577 92.012 92.216 92.195 91.78 90.034 103.281 109.832 103.015 91.851 88.35 85.724 90.248
7.398237 99.26 104.476 127.711 138.277 126.448 118.46 101.529 136.234 124.163 116.411 108.055 103.068 137.548 122.393 113.546 108.026 103.56 97.995 98.199 98.178 97.763 96.017 109.264 115.815 108.998 97.834 94.333 91.707 96.231
7.621991 105.611 110.826 134.061 144.627 132.799 124.81 107.879 142.584 130.513 122.762 114.405 109.418 143.898 128.744 119.896 114.376 109.91 104.345 104.55 104.528 104.113 102.367 115.614 122.166 115.349 104.184 100.683 98.058 102.581
7.852513 112.351 117.567 140.801 151.368 139.539 131.551 114.619 149.324 137.253 129.502 121.145 116.158 150.638 135.484 126.636 121.116 116.651 111.085 111.29 111.269 110.853 109.107 122.354 128.906 122.089 110.924 107.424 104.798 109.322
8.090007 119.505 124.721 147.956 158.522 146.693 138.705 121.774 156.479 144.407 136.656 128.3 123.313 157.793 142.638 133.79 128.271 123.805 118.24 118.444 118.423 118.007 116.262 129.509 136.06 129.243 118.078 114.578 111.952 116.476
8.334684 127.099 132.314 155.549 166.115 154.287 146.298 129.367 164.072 152.001 144.25 135.893 130.906 165.386 150.232 141.384 135.864 131.398 125.833 126.038 126.016 125.601 123.855 137.102 143.653 136.837 125.672 122.171 119.545 124.069
8.586761 135.158 140.374 163.609 174.175 162.346 154.358 137.427 172.132 160.061 152.309 143.953 138.966 173.446 158.291 149.444 143.924 139.458 133.893 134.097 134.076 133.661 131.915 145.162 151.713 144.896 133.732 130.231 127.605 132.129
8.846461 143.713 148.929 172.163 182.73 170.901 162.913 145.981 180.686 168.615 160.864 152.507 147.52 182.0 166.846 157.998 152.478 148.013 142.447 142.652 142.631 142.215 140.469 153.716 160.268 153.451 142.286 138.786 136.16 140.683
9.114017 152.793 158.008 181.243 191.809 179.981 171.993 155.061 189.766 177.695 169.944 161.587 156.6 191.08 175.926 167.078 161.558 157.093 151.527 151.732 151.71 151.295 149.549 162.796 169.348 162.531 151.366 147.866 145.24 149.763
9.389664 162.43 167.646 190.881 201.447 189.618 181.63 164.699 199.404 187.333 179.581 171.225 166.238 200.718 185.563 176.715 171.196 166.73 161.165 161.369 161.348 160.933 159.187 172.434 178.985 172.168 161.004 157.503 154.877 159.401
9.673648 172.659 177.875 201.11 211.676 199.847 191.859 174.928 209.633 197.562 189.81 181.454 176.467 210.947 195.792 186.945 181.425 176.959 171.394 171.599 171.577 171.162 169.416 182.663 189.214 182.398 171.233 167.732 165.106 169.63
9.966221 183.517 188.732 211.967 222.533 210.705 202.717 185.785 220.49 208.419 200.668 192.311 187.324 221.804 206.65 197.802 192.282 187.817 182.251 182.456 182.434 182.019 180.273 193.52 200.072 193.255 182.09 178.589 175.964 180.487
10.267642 195.041 200.256 223.491 234.057 222.229 214.24 197.309 232.014 219.943 212.192 203.835 198.848 233.328 218.174 209.326 203.806 199.341 193.775 193.98 193.958 193.543 191.797 205.044 211.596 204.779 193.614 190.113 187.488 192.011
10.57818 207.272 212.488 235.723 246.289 234.46 226.472 209.541 244.246 232.175 224.423 216.067 211.08 245.56 230.405 221.558 216.038 211.572 206.007 206.212 206.19 205.775 204.029 217.276 223.827 217.011 205.846 202.345 199.719 204.243
10.89811 220.255 225.471 248.706 259.272 247.443 239.455 222.523 257.228 245.157 237.406 229.049 224.063 258.543 243.388 234.54 229.02 224.555 218.989 219.194 219.173 218.757 217.012 230.258 236.81 229.993 218.828 215.328 212.702 217.226
11.227716 234.035 239.251 262.485 273.051 261.223 253.235 236.303 271.008 258.937 251.186 242.829 237.842 272.322 257.168 248.32 242.8 238.335 232.769 232.974 232.953 232.537 230.791 244.038 250.59 243.773 232.608 229.108 226.482 231.005
11.56729 248.661 253.876 277.111 287.677 275.849 267.861 250.929 285.634 273.563 265.812 257.455 252.468 286.948 271.794 262.946 257.426 252.961 247.395 247.6 247.578 247.163 245.417 258.664 265.216 258.399 247.234 243.734 241.108 245.631
11.917135 264.185 269.401 292.635 303.202 291.373 283.385 266.453 301.158 289.087 281.336 272.979 267.992 302.472 287.318 278.47 272.95 268.485 262.919 263.124 263.103 262.687 260.941 274.188 280.74 273.923 262.758 259.258 256.632 261.155
12.277561 280.662 285.878 309.113 319.679 307.85 299.862 282.931 317.636 305.564 297.813 289.457 284.47 318.95 303.795 294.947 289.428 284.962 279.397 279.601 279.58 279.165 277.419 290.666 297.217 290.4 279.236 275.735 273.109 277.633
12.648887 298.151 303.367 326.602 337.168 325.339 317.351 300.42 335.125 323.054 315.302 306.946 301.959 336.439 321.284 312.436 306.917 302.451 296.886 297.09 297.069 296.654 294.908 308.155 314.706 307.889 296.725 293.224 290.598 295.122
13.031444 316.714 321.93 345.165 355.731 343.902 335.914 318.983 353.688 341.616 333.865 325.509 320.522 355.002 339.847 330.999 325.48 321.014 315.449 315.653 315.632 315.217 313.471 326.718 333.269 326.452 315.287 311.787 309.161 313.685
13.425571 336.417 341.633 364.867 375.434 363.605 355.617 338.685 373.39 361.319 353.568 345.211 340.224 374.704 359.55 350.702 345.182 340.717 335.151 335.356 335.335 334.919 333.173 346.42 352.972 346.155 334.99 331.49 328.864 333.387
13.831619 357.329 362.545 385.78 396.346 384.517 376.529 359.598 394.303 382.232 374.48 366.124 361.137 395.617 380.462 371.615 366.095 361.629 356.064 356.269 356.247 355.832 354.086 367.333 373.884 367.068 355.903 352.402 349.776 354.3
14.249947 379.526 384.742 407.977 418.543 406.714 398.726 381.795 416.5 404.428 396.677 388.321 383.334 417.814 402.659 393.811 388.292 383.826 378.261 378.465 378.444 378.028 376.283 389.53 396.081 389.264 378.099 374.599 371.973 376.497
14.680926 403.086 408.301 431.536 442.102 430.274 422.285 405.354 440.059 427.988 420.237 411.88 406.893 441.373 426.219 417.371 411.851 407.386 401.82 402.025 402.003 401.588 399.842 413.089 419.641 412.824 401.659 398.158 395.533 400.056
15.124941 428.092 433.308 456.543 467.109 455.28 447.292 430.36 465.065 452.994 445.243 436.886 431.9 466.38 451.225 442.377 436.857 432.392 426.826 427.031 427.01 426.594 424.848 438.095 444.647 437.83 426.665 423.165 420.539 425.063
15.582385 454.634 459.849 483.084 493.65 481.822 473.833 456.902 491.607 479.536 471.785 463.428 458.441 492.921 477.767 468.919 463.399 458.934 453.368 453.573 453.551 453.136 451.39 464.637 471.189 464.372 453.207 449.706 447.081 451.604
16.053663 482.805 488.021 511.256 521.822 509.993 502.005 485.074 519.779 507.708 499.956 491.6 486.613 521.093 505.938 497.09 491.571 487.105 481.54 481.744 481.723 481.308 479.562 492.809 499.36 492.543 481.379 477.878 475.252 479.776
16.539195 512.707 517.922 541.157 551.723 539.895 531.906 514.975 549.68 537.609 529.857 521.501 516.514 550.994 535.84 526.992 521.472 517.006 511.441 511.646 511.624 511.209 509.463 522.71 529.261 522.445 511.28 507.779 505.153 509.677
17.039412 544.444 549.66 572.894 583.461 571.632 563.644 546.712 581.417 569.346 561.595 553.238 548.251 582.731 567.577 558.729 553.209 548.744 543.178 543.383 543.362 542.946 541.2 554.447 560.999 554.182 543.017 539.517 536.891 541.414
17.554757 578.13 583.346 606.581 617.147 605.318 597.33 580.398 615.103 603.032 595.281 586.924 581.938 616.417 601.263 592.415 586.895 582.43 576.864 577.069 577.048 576.632 574.886 588.133 594.685 587.868 576.703 573.203 570.577 575.101
18.085689 613.885 619.1 642.335 652.901 641.073 633.084 616.153 650.858 638.787 631.036 622.679 617.692 652.172 637.018 628.17 622.65 618.184 612.619 612.824 612.802 612.387 610.641 623.888 630.439 623.623 612.458 608.957 606.331 610.855
18.632678 651.835 657.05 680.285 690.851 679.023 671.034 654.103 688.808 676.737 668.986 660.629 655.642 690.122 674.968 666.12 660.6 656.134 650.569 650.774 650.752 650.337 648.591 661.838 668.389 661.573 650.408 646.907 644.281 648.805
19.196211 692.115 697.331 720.565 731.131 719.303 711.315 694.383 729.088 717.017 709.266 700.909 695.922 730.402 715.248 706.4 700.88 696.415 690.849 691.054 691.033 690.617 688.871 702.118 708.67 701.853 690.688 687.188 684.562 689.085
19.776787 734.868 740.084 763.319 773.885 762.056 754.068 737.137 771.842 759.771 752.019 743.663 738.676 773.156 758.001 749.154 743.634 739.168 733.603 733.808 733.786 733.371 731.625 744.872 751.423 744.607 733.442 729.941 727.315 731.839
20.374923 780.247 785.463 nan nan nan nan 782.516 nan nan nan 789.484 784.061 nan nan nan 792.905 784.543 778.982 779.186 779.165 778.75 777.004 795.064 nan nan 778.821 775.32 772.694 777.218
20.991149 nan nan nan nan nan nan nan nan nan nan nan nan nan nan nan nan nan nan nan nan nan nan nan nan nan nan nan nan nan
21.626011 nan nan nan nan nan nan nan nan nan nan nan nan nan nan nan nan nan nan nan nan nan nan nan nan nan nan nan nan nan
22.280075 nan nan nan nan nan nan nan nan nan nan nan nan nan nan nan nan nan nan nan nan nan nan nan nan nan nan nan nan nan
22.953921 nan nan nan nan nan nan nan nan nan nan nan nan nan nan nan nan nan nan nan nan nan nan nan nan nan nan nan nan nan
23.648147 nan nan nan nan nan nan nan nan nan nan nan nan nan nan nan nan nan nan nan nan nan nan nan nan nan nan nan nan nan
24.363369 nan nan nan nan nan nan nan nan nan nan nan nan nan nan nan nan nan nan nan nan nan nan nan nan nan nan nan nan nan
25.100222 nan nan nan nan nan nan nan nan nan nan nan nan nan nan nan nan nan nan nan nan nan nan nan nan nan nan nan nan nan
25.859362 nan nan nan nan nan nan nan nan nan nan nan nan nan nan nan nan nan nan nan nan nan nan nan nan nan nan nan nan nan
26.64146 nan nan nan nan nan nan nan nan nan nan nan nan nan nan nan nan nan nan nan nan nan nan nan nan nan nan nan nan nan
27.447213 nan nan nan nan nan nan nan nan nan nan nan nan nan nan nan nan nan nan nan nan nan nan nan nan nan nan nan nan nan
28.277335 nan nan nan nan nan nan nan nan nan nan nan nan nan nan nan nan nan nan nan nan nan nan nan nan nan nan nan nan nan
29.132564 nan nan nan nan nan nan nan nan nan nan nan nan nan nan nan nan nan nan nan nan nan nan nan nan nan nan nan nan nan
30.013659 nan nan nan nan nan nan nan nan nan nan nan nan nan nan nan nan nan nan nan nan nan nan nan nan nan nan nan nan nan
30.921401 nan nan nan nan nan nan nan nan nan nan nan nan nan nan nan nan nan nan nan nan nan nan nan nan nan nan nan nan nan
31.856598 nan nan nan nan nan nan nan nan nan nan nan nan nan nan nan nan nan nan nan nan nan nan nan nan nan nan nan nan nan
32.820079 nan nan nan nan nan nan nan nan nan nan nan nan nan nan nan nan nan nan nan nan nan nan nan nan nan nan nan nan nan
33.8127 nan nan nan nan nan nan nan nan nan nan nan nan nan nan nan nan nan nan nan nan nan nan nan nan nan nan nan nan nan
34.835342 nan nan nan nan nan nan nan nan nan nan nan nan nan nan nan nan nan nan nan nan nan nan nan nan nan nan nan nan nan
35.888913 nan nan nan nan nan nan nan nan nan nan nan nan nan nan nan nan nan nan nan nan nan nan nan nan nan nan nan nan nan
36.974349 nan nan nan nan nan nan nan nan nan nan nan nan nan nan nan nan nan nan nan nan nan nan nan nan nan nan nan nan nan
38.092613 nan nan nan nan nan nan nan nan nan nan nan nan nan nan nan nan nan nan nan nan nan nan nan nan nan nan nan nan nan
39.244698 nan nan nan nan nan nan nan nan nan nan nan nan nan nan nan nan nan nan nan nan nan nan nan nan nan nan nan nan nan
40.431627 nan nan nan nan nan nan nan nan nan nan nan nan nan nan nan nan nan nan nan nan nan nan nan nan nan nan nan nan nan
41.654454 nan nan nan nan nan nan nan nan nan nan nan nan nan nan nan nan nan nan nan nan nan nan nan nan nan nan nan nan nan
42.914265 nan nan nan nan nan nan nan nan nan nan nan nan nan nan nan nan nan nan nan nan nan nan nan nan nan nan nan nan nan
44.212178 nan nan nan nan nan nan nan nan nan nan nan nan nan nan nan nan nan nan nan nan nan nan nan nan nan nan nan nan nan
45.549345 nan nan nan nan nan nan nan nan nan nan nan nan nan nan nan nan nan nan nan nan nan nan nan nan nan nan nan nan nan
46.926954 nan nan nan nan nan nan nan nan nan nan nan nan nan nan nan nan nan nan nan nan nan nan nan nan nan nan nan nan nan
48.346227 nan nan nan nan nan nan nan nan nan nan nan nan nan nan nan nan nan nan nan nan nan nan nan nan nan nan nan nan nan
49.808426 nan nan nan nan nan nan nan nan nan nan nan nan nan nan nan nan nan nan nan nan nan nan nan nan nan nan nan nan nan
51.314848 nan nan nan nan nan nan nan nan nan nan nan nan nan nan nan nan nan nan nan nan nan nan nan nan nan nan nan nan nan
52.86683 nan nan nan nan nan nan nan nan nan nan nan nan nan nan nan nan nan nan nan nan nan nan nan nan nan nan nan nan nan
54.465752 nan nan nan nan nan nan nan nan nan nan nan nan nan nan nan nan nan nan nan nan nan nan nan nan nan nan nan nan nan
56.113031 nan nan nan nan nan nan nan nan nan nan nan nan nan nan nan nan nan nan nan nan nan nan nan nan nan nan nan nan nan
57.810132 nan nan nan nan nan nan nan nan nan nan nan nan nan nan nan nan nan nan nan nan nan nan nan nan nan nan nan nan nan
59.55856 nan nan nan nan nan nan nan nan nan nan nan nan nan nan nan nan nan nan nan nan nan nan nan nan nan nan nan nan nan
61.359868 nan nan nan nan nan nan nan nan nan nan nan nan nan nan nan nan nan nan nan nan nan nan nan nan nan nan nan nan nan
63.215655 nan nan nan nan nan nan nan nan nan nan nan nan nan nan nan nan nan nan nan nan nan nan nan nan nan nan nan nan nan
65.127569 nan nan nan nan nan nan nan nan nan nan nan nan nan nan nan nan nan nan nan nan nan nan nan nan nan nan nan nan nan
67.097308 nan nan nan nan nan nan nan nan nan nan nan nan nan nan nan nan nan nan nan nan nan nan nan nan nan nan nan nan nan
69.126621 nan nan nan nan nan nan nan nan nan nan nan nan nan nan nan nan nan nan nan nan nan nan nan nan nan nan nan nan nan
71.217308 nan nan nan nan nan nan nan nan nan nan nan nan nan nan nan nan nan nan nan nan nan nan nan nan nan nan nan nan nan
73.371227 nan nan nan nan nan nan nan nan nan nan nan nan nan nan nan nan nan nan nan nan nan nan nan nan nan nan nan nan nan
75.59029 nan nan nan nan nan nan nan nan nan nan nan nan nan nan nan nan nan nan nan nan nan nan nan nan nan nan nan nan nan
77.876467 nan nan nan nan nan nan nan nan nan nan nan nan nan nan nan nan nan nan nan nan nan nan nan nan nan nan nan nan nan
80.231787 nan nan nan nan nan nan nan nan nan nan nan nan nan nan nan nan nan nan nan nan nan nan nan nan nan nan nan nan nan
82.658343 nan nan nan nan nan nan nan nan nan nan nan nan nan nan nan nan nan nan nan nan nan nan nan nan nan nan nan nan nan
85.158288 nan nan nan nan nan nan nan nan nan nan nan nan nan nan nan nan nan nan nan nan nan nan nan nan nan nan nan nan nan
87.733843 nan nan nan nan nan nan nan nan nan nan nan nan nan nan nan nan nan nan nan nan nan nan nan nan nan nan nan nan nan
90.387293 nan nan nan nan nan nan nan nan nan nan nan nan nan nan nan nan nan nan nan nan nan nan nan nan nan nan nan nan nan
93.120995 nan nan nan nan nan nan nan nan nan nan nan nan nan nan nan nan nan nan nan nan nan nan nan nan nan nan nan nan nan
95.937376 nan nan nan nan nan nan nan nan nan nan nan nan nan nan nan nan nan nan nan nan nan nan nan nan nan nan nan nan nan
98.838937 nan nan nan nan nan nan nan nan nan nan nan nan nan nan nan nan nan nan nan nan nan nan nan nan nan nan nan nan nan
101.828253 nan nan nan nan nan nan nan nan nan nan nan nan nan nan nan nan nan nan nan nan nan nan nan nan nan nan nan nan nan
104.907979 nan nan nan nan nan nan nan nan nan nan nan nan nan nan nan nan nan nan nan nan nan nan nan nan nan nan nan nan nan
108.080849 nan nan nan nan nan nan nan nan nan nan nan nan nan nan nan nan nan nan nan nan nan nan nan nan nan nan nan nan nan
111.349681 nan nan nan nan nan nan nan nan nan nan nan nan nan nan nan nan nan nan nan nan nan nan nan nan nan nan nan nan nan
114.717376 nan nan nan nan nan nan nan nan nan nan nan nan nan nan nan nan nan nan nan nan nan nan nan nan nan nan nan nan nan
