web/models/kne.last_good/kappa_1_10/36/villar_0.0065_0.0927_10.0000.dat
# %ECSV 1.0
# ---
# datatype:
# - {name: time, datatype: float64}
# - {name: swift_uvot_uvw2, datatype: float64}
# - {name: swift_uvot_uvm2, datatype: float64}
# - {name: swift_uvot_uvw1, datatype: float64}
# - {name: swift_uvot_U, datatype: float64}
# - {name: swift_uvot_B, datatype: float64}
# - {name: swift_uvot_V, datatype: float64}
# - {name: swift_uvot_W, datatype: float64}
# - {name: johnson_U, datatype: float64}
# - {name: johnson_B, datatype: float64}
# - {name: johnson_V, datatype: float64}
# - {name: johnson_R, datatype: float64}
# - {name: johnson_I, datatype: float64}
# - {name: sdss_u, datatype: float64}
# - {name: sdss_g, datatype: float64}
# - {name: sdss_r, datatype: float64}
# - {name: sdss_i, datatype: float64}
# - {name: sdss_z, datatype: float64}
# - {name: PS1_g, datatype: float64}
# - {name: PS1_r, datatype: float64}
# - {name: PS1_i, datatype: float64}
# - {name: PS1_z, datatype: float64}
# - {name: PS1_Y, datatype: float64}
# - {name: PS1_w, datatype: float64}
# - {name: ATLAS_c, datatype: float64}
# - {name: ATLAS_o, datatype: float64}
# - {name: ukirt_J, datatype: float64}
# - {name: ukirt_H, datatype: float64}
# - {name: ukirt_K, datatype: float64}
# - {name: Clear, datatype: float64}
# meta: !!omap
# - comment: [kappa = 10.0, type = villar, mass = 0.006451950121499907, velocity = 0.09266666666666673, theta_obs = 0.0]
# schema: astropy-2.0
time swift_uvot_uvw2 swift_uvot_uvm2 swift_uvot_uvw1 swift_uvot_U swift_uvot_B swift_uvot_V swift_uvot_W johnson_U johnson_B johnson_V johnson_R johnson_I sdss_u sdss_g sdss_r sdss_i sdss_z PS1_g PS1_r PS1_i PS1_z PS1_Y PS1_w ATLAS_c ATLAS_o ukirt_J ukirt_H ukirt_K Clear
[from data line 221]
0.724086 -8.646 -8.889 -9.935 -11.318 -12.057 -12.504 -11.151 -11.457 -12.065 -12.512 -12.719 -12.775 -11.423 -12.234 -12.656 -12.772 -12.778 -12.314 -12.667 -12.784 -12.8 -12.81 -12.599 -12.441 -12.71 -12.592 -12.306 -11.887 -12.559
0.745986 -8.611 -8.837 -9.903 -11.304 -12.059 -12.518 -11.149 -11.446 -12.067 -12.526 -12.743 -12.806 -11.41 -12.24 -12.675 -12.799 -12.81 -12.322 -12.686 -12.81 -12.83 -12.843 -12.619 -12.454 -12.733 -12.63 -12.349 -11.933 -12.578
0.768548 -8.575 -8.783 -9.87 -11.289 -12.059 -12.53 -11.146 -11.434 -12.068 -12.539 -12.765 -12.836 -11.397 -12.245 -12.693 -12.824 -12.841 -12.33 -12.705 -12.836 -12.86 -12.876 -12.637 -12.466 -12.755 -12.669 -12.391 -11.979 -12.596
0.791792 -8.539 -8.727 -9.835 -11.273 -12.059 -12.542 -11.142 -11.42 -12.068 -12.552 -12.787 -12.866 -11.383 -12.25 -12.711 -12.849 -12.871 -12.336 -12.723 -12.862 -12.89 -12.908 -12.655 -12.477 -12.776 -12.707 -12.434 -12.024 -12.614
0.815739 -8.503 -8.67 -9.8 -11.255 -12.057 -12.553 -11.138 -11.406 -12.067 -12.563 -12.808 -12.895 -11.367 -12.253 -12.728 -12.874 -12.901 -12.342 -12.74 -12.886 -12.919 -12.94 -12.673 -12.487 -12.797 -12.745 -12.475 -12.069 -12.631
0.840411 -8.467 -8.611 -9.763 -11.237 -12.055 -12.564 -11.134 -11.39 -12.065 -12.574 -12.829 -12.923 -11.35 -12.256 -12.745 -12.898 -12.931 -12.347 -12.757 -12.911 -12.948 -12.972 -12.69 -12.496 -12.817 -12.782 -12.517 -12.114 -12.648
0.865828 -8.431 -8.55 -9.725 -11.217 -12.052 -12.573 -11.128 -11.373 -12.063 -12.584 -12.849 -12.952 -11.332 -12.257 -12.76 -12.922 -12.96 -12.351 -12.773 -12.934 -12.977 -13.003 -12.706 -12.505 -12.836 -12.82 -12.559 -12.159 -12.664
0.892015 -8.395 -8.487 -9.685 -11.196 -12.048 -12.582 -11.122 -11.355 -12.059 -12.593 -12.869 -12.979 -11.313 -12.258 -12.775 -12.945 -12.989 -12.354 -12.788 -12.958 -13.005 -13.034 -12.721 -12.513 -12.855 -12.857 -12.6 -12.204 -12.679
0.918993 -8.359 -8.422 -9.644 -11.173 -12.042 -12.59 -11.115 -11.335 -12.054 -12.602 -12.888 -13.007 -11.292 -12.258 -12.79 -12.967 -13.017 -12.356 -12.803 -12.98 -13.032 -13.065 -12.736 -12.52 -12.874 -12.893 -12.641 -12.248 -12.694
0.946787 -8.323 -8.356 -9.602 -11.149 -12.036 -12.597 -11.107 -11.315 -12.048 -12.609 -12.906 -13.033 -11.27 -12.257 -12.803 -12.989 -13.045 -12.357 -12.817 -13.002 -13.059 -13.095 -12.75 -12.526 -12.891 -12.929 -12.681 -12.292 -12.708
0.975422 -8.288 -8.287 -9.558 -11.124 -12.028 -12.603 -11.098 -11.293 -12.041 -12.616 -12.923 -13.06 -11.247 -12.255 -12.816 -13.01 -13.072 -12.358 -12.83 -13.024 -13.085 -13.124 -12.764 -12.532 -12.908 -12.965 -12.722 -12.336 -12.722
1.004923 -8.253 -8.217 -9.513 -11.097 -12.02 -12.608 -11.088 -11.269 -12.033 -12.622 -12.94 -13.085 -11.222 -12.252 -12.828 -13.03 -13.099 -12.357 -12.842 -13.044 -13.111 -13.153 -12.776 -12.536 -12.924 -13.0 -12.762 -12.38 -12.735
1.035317 -8.218 -8.144 -9.467 -11.069 -12.01 -12.612 -11.078 -11.244 -12.023 -12.626 -12.956 -13.11 -11.196 -12.247 -12.839 -13.05 -13.125 -12.355 -12.854 -13.064 -13.136 -13.181 -12.788 -12.54 -12.939 -13.036 -12.802 -12.424 -12.747
1.066629 -8.184 -8.069 -9.418 -11.039 -11.999 -12.615 -11.067 -11.218 -12.013 -12.63 -12.971 -13.135 -11.168 -12.242 -12.85 -13.069 -13.15 -12.353 -12.864 -13.084 -13.161 -13.209 -12.8 -12.542 -12.954 -13.07 -12.841 -12.467 -12.758
1.098888 -8.151 -7.992 -9.369 -11.008 -11.986 -12.617 -11.054 -11.19 -12.001 -12.633 -12.986 -13.159 -11.139 -12.235 -12.859 -13.088 -13.175 -12.349 -12.874 -13.102 -13.185 -13.237 -12.81 -12.544 -12.968 -13.104 -12.881 -12.51 -12.769
1.132124 -8.118 -7.913 -9.317 -10.975 -11.972 -12.619 -11.041 -11.16 -11.988 -12.635 -13.0 -13.182 -11.108 -12.227 -12.867 -13.105 -13.2 -12.344 -12.883 -13.12 -13.208 -13.264 -12.82 -12.545 -12.981 -13.138 -12.919 -12.553 -12.779
1.166364 -8.086 -7.831 -9.264 -10.941 -11.957 -12.619 -11.027 -11.129 -11.973 -12.635 -13.013 -13.204 -11.075 -12.218 -12.875 -13.122 -13.223 -12.338 -12.891 -13.137 -13.231 -13.29 -12.828 -12.544 -12.993 -13.172 -12.958 -12.596 -12.788
1.20164 -8.054 -7.747 -9.21 -10.904 -11.941 -12.617 -11.011 -11.096 -11.957 -12.635 -13.025 -13.226 -11.041 -12.208 -12.881 -13.138 -13.246 -12.33 -12.898 -13.154 -13.253 -13.315 -12.836 -12.543 -13.004 -13.204 -12.996 -12.638 -12.797
1.237983 -8.024 -7.66 -9.153 -10.866 -11.923 -12.615 -10.995 -11.061 -11.94 -12.633 -13.036 -13.247 -11.005 -12.196 -12.887 -13.153 -13.269 -12.322 -12.904 -13.169 -13.274 -13.341 -12.843 -12.54 -13.015 -13.237 -13.034 -12.68 -12.804
1.275425 -7.995 -7.571 -9.095 -10.826 -11.903 -12.612 -10.978 -11.025 -11.922 -12.631 -13.046 -13.268 -10.967 -12.183 -12.891 -13.167 -13.29 -12.312 -12.909 -13.184 -13.294 -13.365 -12.849 -12.536 -13.024 -13.269 -13.071 -12.722 -12.811
1.313999 -7.966 -7.479 -9.035 -10.784 -11.882 -12.607 -10.959 -10.987 -11.901 -12.626 -13.055 -13.287 -10.927 -12.169 -12.895 -13.181 -13.311 -12.301 -12.913 -13.198 -13.314 -13.389 -12.854 -12.531 -13.032 -13.3 -13.108 -12.764 -12.817
1.35374 -7.939 -7.384 -8.973 -10.74 -11.86 -12.601 -10.939 -10.946 -11.879 -12.621 -13.063 -13.306 -10.885 -12.153 -12.897 -13.193 -13.331 -12.288 -12.915 -13.211 -13.333 -13.412 -12.858 -12.524 -13.04 -13.331 -13.145 -12.805 -12.822
1.394683 -7.914 -7.286 -8.909 -10.694 -11.836 -12.593 -10.918 -10.904 -11.856 -12.615 -13.071 -13.324 -10.841 -12.135 -12.898 -13.205 -13.35 -12.274 -12.917 -13.222 -13.351 -13.434 -12.861 -12.517 -13.046 -13.361 -13.181 -12.846 -12.825
1.436864 -7.889 -7.186 -8.843 -10.645 -11.809 -12.584 -10.895 -10.86 -11.831 -12.606 -13.077 -13.341 -10.795 -12.116 -12.898 -13.215 -13.369 -12.259 -12.917 -13.233 -13.369 -13.455 -12.863 -12.508 -13.052 -13.391 -13.217 -12.886 -12.828
1.480321 -7.866 -7.082 -8.775 -10.595 -11.782 -12.574 -10.872 -10.813 -11.804 -12.597 -13.082 -13.358 -10.747 -12.096 -12.896 -13.225 -13.386 -12.242 -12.916 -13.243 -13.385 -13.476 -12.863 -12.497 -13.056 -13.42 -13.252 -12.926 -12.83
1.525092 -7.844 -6.975 -8.705 -10.542 -11.752 -12.562 -10.847 -10.765 -11.775 -12.586 -13.085 -13.373 -10.696 -12.073 -12.893 -13.233 -13.403 -12.223 -12.914 -13.252 -13.4 -13.496 -12.863 -12.485 -13.059 -13.449 -13.287 -12.966 -12.831
1.571218 -7.823 -6.865 -8.632 -10.487 -11.72 -12.549 -10.82 -10.713 -11.744 -12.573 -13.088 -13.388 -10.643 -12.049 -12.889 -13.24 -13.419 -12.203 -12.911 -13.26 -13.415 -13.515 -12.861 -12.472 -13.06 -13.476 -13.321 -13.006 -12.831
1.618738 -7.804 -6.752 -8.557 -10.429 -11.687 -12.534 -10.792 -10.66 -11.711 -12.559 -13.089 -13.401 -10.588 -12.023 -12.883 -13.246 -13.433 -12.181 -12.906 -13.266 -13.428 -13.533 -12.858 -12.457 -13.061 -13.503 -13.355 -13.045 -12.83
1.667696 -7.786 -6.635 -8.48 -10.368 -11.651 -12.517 -10.762 -10.604 -11.677 -12.543 -13.09 -13.413 -10.53 -11.995 -12.876 -13.251 -13.447 -12.158 -12.899 -13.271 -13.441 -13.551 -12.853 -12.44 -13.06 -13.53 -13.388 -13.083 -12.827
1.718134 -7.769 -6.515 -8.401 -10.305 -11.613 -12.498 -10.731 -10.545 -11.64 -12.526 -13.088 -13.425 -10.469 -11.965 -12.867 -13.254 -13.46 -12.132 -12.891 -13.275 -13.452 -13.567 -12.848 -12.422 -13.058 -13.555 -13.421 -13.121 -12.824
1.770098 -7.754 -6.391 -8.319 -10.239 -11.572 -12.478 -10.698 -10.483 -11.6 -12.506 -13.085 -13.435 -10.405 -11.933 -12.857 -13.257 -13.471 -12.105 -12.882 -13.278 -13.462 -13.582 -12.84 -12.402 -13.054 -13.58 -13.453 -13.159 -12.819
1.823633 -7.74 -6.263 -8.234 -10.17 -11.53 -12.455 -10.663 -10.419 -11.559 -12.485 -13.081 -13.444 -10.339 -11.898 -12.845 -13.257 -13.482 -12.075 -12.87 -13.279 -13.471 -13.597 -12.832 -12.379 -13.049 -13.604 -13.484 -13.196 -12.812
1.878788 -7.727 -6.131 -8.147 -10.098 -11.484 -12.43 -10.626 -10.352 -11.515 -12.462 -13.075 -13.451 -10.269 -11.862 -12.831 -13.257 -13.491 -12.044 -12.857 -13.279 -13.479 -13.61 -12.821 -12.355 -13.042 -13.627 -13.515 -13.233 -12.805
1.93561 -7.716 -5.996 -8.057 -10.022 -11.436 -12.404 -10.588 -10.281 -11.468 -12.436 -13.068 -13.458 -10.196 -11.823 -12.815 -13.254 -13.498 -12.01 -12.843 -13.277 -13.485 -13.622 -12.809 -12.329 -13.033 -13.65 -13.545 -13.269 -12.795
1.994152 -7.705 -5.856 -7.964 -9.943 -11.386 -12.375 -10.547 -10.207 -11.419 -12.408 -13.059 -13.463 -10.12 -11.781 -12.797 -13.25 -13.505 -11.974 -12.826 -13.274 -13.49 -13.632 -12.795 -12.301 -13.023 -13.671 -13.574 -13.305 -12.785
2.054463 -7.696 -5.713 -7.868 -9.861 -11.332 -12.343 -10.504 -10.129 -11.366 -12.378 -13.048 -13.466 -10.04 -11.737 -12.778 -13.245 -13.51 -11.936 -12.807 -13.269 -13.494 -13.642 -12.78 -12.27 -13.011 -13.691 -13.603 -13.34 -12.773
2.116599 -7.687 -5.565 -7.768 -9.774 -11.275 -12.309 -10.459 -10.048 -11.311 -12.346 -13.035 -13.468 -9.956 -11.69 -12.756 -13.237 -13.513 -11.895 -12.786 -13.262 -13.496 -13.65 -12.762 -12.238 -12.997 -13.711 -13.631 -13.375 -12.759
2.180614 -7.68 -5.413 -7.666 -9.684 -11.216 -12.273 -10.412 -9.963 -11.253 -12.311 -13.02 -13.469 -9.868 -11.64 -12.731 -13.228 -13.515 -11.852 -12.763 -13.254 -13.496 -13.657 -12.743 -12.202 -12.981 -13.729 -13.658 -13.408 -12.743
2.246566 -7.673 -5.258 -7.56 -9.59 -11.152 -12.234 -10.362 -9.874 -11.191 -12.273 -13.003 -13.468 -9.777 -11.587 -12.705 -13.217 -13.516 -11.806 -12.738 -13.243 -13.495 -13.662 -12.721 -12.164 -12.963 -13.746 -13.684 -13.442 -12.726
2.314511 -7.666 -5.098 -7.45 -9.491 -11.086 -12.191 -10.31 -9.781 -11.126 -12.232 -12.984 -13.465 -9.681 -11.531 -12.675 -13.203 -13.514 -11.758 -12.71 -13.23 -13.492 -13.665 -12.697 -12.123 -12.942 -13.761 -13.709 -13.474 -12.707
2.384512 -7.66 -4.934 -7.337 -9.387 -11.015 -12.146 -10.254 -9.684 -11.057 -12.189 -12.962 -13.46 -9.58 -11.471 -12.643 -13.188 -13.511 -11.706 -12.68 -13.216 -13.487 -13.667 -12.671 -12.08 -12.919 -13.776 -13.733 -13.506 -12.686
2.45663 -7.656 -4.796 -7.24 -9.297 -10.953 -12.106 -10.206 -9.599 -10.997 -12.15 -12.943 -13.454 -9.492 -11.419 -12.615 -13.173 -13.507 -11.661 -12.652 -13.201 -13.481 -13.668 -12.647 -12.041 -12.899 -13.787 -13.752 -13.532 -12.667
2.530929 -7.655 -4.795 -7.239 -9.297 -10.953 -12.105 -10.206 -9.598 -10.997 -12.149 -12.942 -13.454 -9.492 -11.418 -12.614 -13.172 -13.506 -11.66 -12.651 -13.201 -13.481 -13.667 -12.647 -12.041 -12.898 -13.786 -13.752 -13.531 -12.666
2.607475 -7.653 -4.793 -7.238 -9.295 -10.951 -12.104 -10.204 -9.596 -10.995 -12.148 -12.94 -13.452 -9.49 -11.416 -12.612 -13.17 -13.505 -11.658 -12.65 -13.199 -13.479 -13.665 -12.645 -12.039 -12.896 -13.784 -13.75 -13.529 -12.664
2.686337 -7.65 -4.79 -7.235 -9.292 -10.948 -12.101 -10.201 -9.593 -10.992 -12.145 -12.937 -13.449 -9.487 -11.413 -12.609 -13.168 -13.502 -11.655 -12.647 -13.196 -13.476 -13.663 -12.642 -12.036 -12.893 -13.782 -13.747 -13.526 -12.661
2.767583 -7.646 -4.786 -7.231 -9.288 -10.944 -12.097 -10.197 -9.59 -10.988 -12.141 -12.934 -13.445 -9.483 -11.409 -12.606 -13.164 -13.498 -11.652 -12.643 -13.192 -13.472 -13.659 -12.638 -12.032 -12.889 -13.778 -13.743 -13.522 -12.657
2.851287 -7.641 -4.781 -7.226 -9.283 -10.939 -12.092 -10.192 -9.584 -10.983 -12.136 -12.928 -13.44 -9.478 -11.404 -12.6 -13.159 -13.493 -11.646 -12.638 -13.187 -13.467 -13.654 -12.633 -12.027 -12.884 -13.773 -13.738 -13.517 -12.652
2.937522 -7.635 -4.775 -7.22 -9.277 -10.933 -12.086 -10.186 -9.578 -10.977 -12.129 -12.922 -13.434 -9.472 -11.398 -12.594 -13.152 -13.486 -11.64 -12.632 -13.181 -13.461 -13.647 -12.627 -12.021 -12.878 -13.766 -13.732 -13.511 -12.646
3.026365 -7.627 -4.767 -7.212 -9.269 -10.925 -12.078 -10.178 -9.57 -10.969 -12.122 -12.914 -13.426 -9.464 -11.39 -12.586 -13.145 -13.479 -11.632 -12.624 -13.173 -13.453 -13.639 -12.619 -12.013 -12.87 -13.759 -13.724 -13.503 -12.638
3.117896 -7.618 -4.758 -7.203 -9.26 -10.916 -12.069 -10.169 -9.561 -10.96 -12.113 -12.905 -13.417 -9.455 -11.381 -12.577 -13.135 -13.47 -11.623 -12.615 -13.164 -13.444 -13.63 -12.61 -12.004 -12.861 -13.749 -13.715 -13.494 -12.629
3.212194 -7.608 -4.748 -7.192 -9.25 -10.906 -12.058 -10.159 -9.551 -10.949 -12.102 -12.895 -13.406 -9.445 -11.371 -12.567 -13.125 -13.459 -11.613 -12.604 -13.154 -13.434 -13.62 -12.6 -11.993 -12.851 -13.739 -13.704 -13.484 -12.619
3.309345 -7.596 -4.736 -7.18 -9.238 -10.894 -12.046 -10.146 -9.539 -10.937 -12.09 -12.883 -13.394 -9.433 -11.359 -12.555 -13.113 -13.447 -11.601 -12.592 -13.142 -13.421 -13.608 -12.588 -11.981 -12.839 -13.727 -13.692 -13.472 -12.607
3.409434 -7.582 -4.722 -7.167 -9.224 -10.88 -12.033 -10.133 -9.525 -10.924 -12.076 -12.869 -13.381 -9.419 -11.345 -12.541 -13.099 -13.433 -11.587 -12.579 -13.128 -13.408 -13.594 -12.574 -11.968 -12.825 -13.713 -13.679 -13.458 -12.593
3.51255 -7.567 -4.707 -7.151 -9.208 -10.865 -12.017 -10.117 -9.51 -10.908 -12.061 -12.854 -13.365 -9.404 -11.33 -12.526 -13.084 -13.418 -11.572 -12.563 -13.113 -13.392 -13.579 -12.558 -11.952 -12.81 -13.698 -13.663 -13.443 -12.578
3.618785 -7.549 -4.69 -7.134 -9.191 -10.847 -12.0 -10.1 -9.493 -10.891 -12.044 -12.837 -13.348 -9.386 -11.312 -12.509 -13.067 -13.401 -11.555 -12.546 -13.095 -13.375 -13.562 -12.541 -11.935 -12.792 -13.681 -13.646 -13.425 -12.561
3.728232 -7.53 -4.67 -7.115 -9.172 -10.828 -11.981 -10.081 -9.474 -10.872 -12.025 -12.818 -13.329 -9.367 -11.293 -12.49 -13.048 -13.382 -11.535 -12.527 -13.076 -13.356 -13.543 -12.522 -11.916 -12.773 -13.662 -13.627 -13.406 -12.541
3.84099 -7.509 -4.649 -7.094 -9.151 -10.807 -11.96 -10.06 -9.452 -10.851 -12.004 -12.796 -13.308 -9.346 -11.272 -12.468 -13.027 -13.361 -11.514 -12.506 -13.055 -13.335 -13.522 -12.501 -11.895 -12.752 -13.641 -13.606 -13.385 -12.52
3.957158 -7.486 -4.626 -7.071 -9.128 -10.784 -11.937 -10.037 -9.429 -10.828 -11.981 -12.773 -13.285 -9.323 -11.249 -12.445 -13.003 -13.337 -11.491 -12.483 -13.032 -13.312 -13.498 -12.478 -11.872 -12.729 -13.617 -13.583 -13.362 -12.497
4.07684 -7.461 -4.601 -7.045 -9.103 -10.759 -11.911 -10.011 -9.404 -10.802 -11.955 -12.748 -13.259 -9.298 -11.224 -12.42 -12.978 -13.312 -11.466 -12.457 -13.007 -13.286 -13.473 -12.453 -11.846 -12.704 -13.592 -13.557 -13.337 -12.472
4.200141 -7.433 -4.573 -7.017 -9.075 -10.731 -11.884 -9.984 -9.376 -10.775 -11.927 -12.72 -13.232 -9.27 -11.196 -12.392 -12.95 -13.284 -11.438 -12.429 -12.979 -13.259 -13.445 -12.425 -11.819 -12.676 -13.564 -13.53 -13.309 -12.444
4.327172 -7.403 -4.543 -6.987 -9.044 -10.701 -11.853 -9.953 -9.346 -10.744 -11.897 -12.69 -13.201 -9.24 -11.166 -12.362 -12.92 -13.254 -11.408 -12.399 -12.949 -13.228 -13.415 -12.394 -11.788 -12.646 -13.534 -13.499 -13.279 -12.414
4.458044 -7.37 -4.51 -6.954 -9.012 -10.668 -11.82 -9.921 -9.313 -10.711 -11.864 -12.657 -13.168 -9.207 -11.133 -12.329 -12.887 -13.221 -11.375 -12.366 -12.916 -13.196 -13.382 -12.362 -11.755 -12.613 -13.501 -13.466 -13.246 -12.381
4.592874 -7.334 -4.474 -6.919 -8.976 -10.632 -11.785 -9.885 -9.277 -10.676 -11.828 -12.621 -13.133 -9.171 -11.097 -12.293 -12.851 -13.185 -11.339 -12.331 -12.88 -13.16 -13.346 -12.326 -11.72 -12.577 -13.465 -13.431 -13.21 -12.345
4.731783 -7.295 -4.436 -6.88 -8.937 -10.593 -11.746 -9.846 -9.239 -10.637 -11.79 -12.583 -13.094 -9.132 -11.058 -12.255 -12.813 -13.147 -11.301 -12.292 -12.841 -13.121 -13.308 -12.287 -11.681 -12.538 -13.427 -13.392 -13.171 -12.307
4.874892 -7.254 -4.394 -6.838 -8.896 -10.552 -11.704 -9.805 -9.197 -10.595 -11.748 -12.541 -13.052 -9.091 -11.017 -12.213 -12.771 -13.105 -11.259 -12.25 -12.8 -13.08 -13.266 -12.246 -11.639 -12.497 -13.385 -13.35 -13.13 -12.265
5.02233 -7.209 -4.349 -6.793 -8.851 -10.507 -11.659 -9.76 -9.152 -10.55 -11.703 -12.496 -13.007 -9.046 -10.972 -12.168 -12.726 -13.06 -11.214 -12.205 -12.755 -13.035 -13.221 -12.201 -11.594 -12.452 -13.34 -13.305 -13.085 -12.22
5.174227 -7.16 -4.3 -6.745 -8.802 -10.458 -11.611 -9.711 -9.103 -10.502 -11.655 -12.447 -12.959 -8.997 -10.923 -12.119 -12.678 -13.012 -11.165 -12.157 -12.706 -12.986 -13.173 -12.152 -11.546 -12.403 -13.292 -13.257 -13.036 -12.171
5.330718 -7.108 -4.248 -6.693 -8.75 -10.406 -11.559 -9.659 -9.051 -10.45 -11.603 -12.395 -12.907 -8.945 -10.871 -12.067 -12.626 -12.96 -11.113 -12.105 -12.654 -12.934 -13.12 -12.1 -11.494 -12.351 -13.239 -13.205 -12.984 -12.119
