web/models/kne.last_good/kappa_1_10/36/villar_0.1775_0.5000_10.0000.dat
# %ECSV 1.0
# ---
# datatype:
# - {name: time, datatype: float64}
# - {name: swift_uvot_uvw2, datatype: float64}
# - {name: swift_uvot_uvm2, datatype: float64}
# - {name: swift_uvot_uvw1, datatype: float64}
# - {name: swift_uvot_U, datatype: float64}
# - {name: swift_uvot_B, datatype: float64}
# - {name: swift_uvot_V, datatype: float64}
# - {name: swift_uvot_W, datatype: float64}
# - {name: johnson_U, datatype: float64}
# - {name: johnson_B, datatype: float64}
# - {name: johnson_V, datatype: float64}
# - {name: johnson_R, datatype: float64}
# - {name: johnson_I, datatype: float64}
# - {name: sdss_u, datatype: float64}
# - {name: sdss_g, datatype: float64}
# - {name: sdss_r, datatype: float64}
# - {name: sdss_i, datatype: float64}
# - {name: sdss_z, datatype: float64}
# - {name: PS1_g, datatype: float64}
# - {name: PS1_r, datatype: float64}
# - {name: PS1_i, datatype: float64}
# - {name: PS1_z, datatype: float64}
# - {name: PS1_Y, datatype: float64}
# - {name: PS1_w, datatype: float64}
# - {name: ATLAS_c, datatype: float64}
# - {name: ATLAS_o, datatype: float64}
# - {name: ukirt_J, datatype: float64}
# - {name: ukirt_H, datatype: float64}
# - {name: ukirt_K, datatype: float64}
# - {name: Clear, datatype: float64}
# meta: !!omap
# - comment: [kappa = 10.0, type = villar, mass = 0.1774768329891343, velocity = 0.5, theta_obs = 0.0]
# schema: astropy-2.0
time swift_uvot_uvw2 swift_uvot_uvm2 swift_uvot_uvw1 swift_uvot_U swift_uvot_B swift_uvot_V swift_uvot_W johnson_U johnson_B johnson_V johnson_R johnson_I sdss_u sdss_g sdss_r sdss_i sdss_z PS1_g PS1_r PS1_i PS1_z PS1_Y PS1_w ATLAS_c ATLAS_o ukirt_J ukirt_H ukirt_K Clear
[from data line 77]
0.009917 -10.832 -10.877 -10.884 -10.815 -10.626 -10.369 -10.77 -10.791 -10.622 -10.359 -10.055 -9.681 -10.797 -10.546 -10.197 -9.91 -9.626 -10.53 -10.215 -9.931 -9.726 -9.659 -10.227 -10.411 -10.078 -9.029 -8.524 -7.928 -10.277
0.010217 -10.862 -10.911 -10.921 -10.857 -10.671 -10.417 -10.808 -10.834 -10.668 -10.408 -10.105 -9.732 -10.84 -10.592 -10.246 -9.961 -9.677 -10.576 -10.264 -9.981 -9.777 -9.708 -10.276 -10.458 -10.128 -9.081 -8.577 -7.982 -10.325
0.010526 -10.891 -10.944 -10.957 -10.9 -10.717 -10.464 -10.846 -10.877 -10.713 -10.455 -10.155 -9.783 -10.883 -10.638 -10.295 -10.011 -9.728 -10.623 -10.313 -10.031 -9.827 -9.758 -10.324 -10.505 -10.177 -9.134 -8.631 -8.036 -10.372
0.010845 -10.92 -10.977 -10.992 -10.942 -10.762 -10.512 -10.883 -10.919 -10.758 -10.503 -10.204 -9.834 -10.926 -10.685 -10.344 -10.061 -9.779 -10.669 -10.361 -10.081 -9.877 -9.807 -10.372 -10.553 -10.226 -9.186 -8.684 -8.09 -10.42
0.011173 -10.949 -11.009 -11.028 -10.984 -10.807 -10.56 -10.92 -10.962 -10.804 -10.551 -10.253 -9.884 -10.968 -10.731 -10.392 -10.111 -9.83 -10.715 -10.41 -10.13 -9.928 -9.857 -10.42 -10.6 -10.276 -9.238 -8.737 -8.144 -10.467
0.011511 -10.977 -11.041 -11.063 -11.025 -10.852 -10.607 -10.957 -11.004 -10.849 -10.598 -10.302 -9.935 -11.01 -10.776 -10.441 -10.161 -9.881 -10.761 -10.458 -10.18 -9.978 -9.906 -10.468 -10.646 -10.325 -9.291 -8.79 -8.197 -10.515
0.011859 -11.005 -11.073 -11.098 -11.067 -10.897 -10.654 -10.994 -11.046 -10.893 -10.646 -10.351 -9.986 -11.052 -10.822 -10.489 -10.211 -9.932 -10.807 -10.506 -10.229 -10.028 -9.956 -10.516 -10.693 -10.373 -9.343 -8.843 -8.251 -10.562
0.012217 -11.033 -11.104 -11.132 -11.108 -10.941 -10.702 -11.03 -11.088 -10.938 -10.693 -10.4 -10.036 -11.094 -10.867 -10.538 -10.26 -9.982 -10.853 -10.554 -10.279 -10.077 -10.005 -10.563 -10.74 -10.422 -9.395 -8.896 -8.305 -10.609
0.012587 -11.06 -11.135 -11.166 -11.149 -10.986 -10.749 -11.066 -11.129 -10.982 -10.74 -10.449 -10.087 -11.135 -10.913 -10.586 -10.31 -10.033 -10.898 -10.602 -10.328 -10.127 -10.054 -10.611 -10.786 -10.471 -9.447 -8.949 -8.358 -10.656
0.012968 -11.087 -11.166 -11.2 -11.19 -11.03 -10.795 -11.102 -11.171 -11.027 -10.787 -10.498 -10.137 -11.177 -10.958 -10.634 -10.359 -10.084 -10.943 -10.65 -10.377 -10.177 -10.103 -10.658 -10.833 -10.52 -9.499 -9.002 -8.412 -10.703
0.01336 -11.113 -11.196 -11.234 -11.23 -11.074 -10.842 -11.138 -11.212 -11.071 -10.833 -10.546 -10.187 -11.218 -11.003 -10.682 -10.409 -10.134 -10.989 -10.697 -10.426 -10.227 -10.152 -10.706 -10.879 -10.568 -9.551 -9.055 -8.465 -10.75
0.013764 -11.139 -11.226 -11.267 -11.271 -11.118 -10.889 -11.173 -11.253 -11.115 -10.88 -10.595 -10.237 -11.258 -11.048 -10.729 -10.458 -10.184 -11.034 -10.745 -10.475 -10.276 -10.201 -10.753 -10.925 -10.616 -9.603 -9.107 -8.519 -10.796
0.01418 -11.165 -11.255 -11.3 -11.311 -11.162 -10.935 -11.208 -11.294 -11.158 -10.927 -10.643 -10.287 -11.299 -11.092 -10.777 -10.507 -10.235 -11.078 -10.792 -10.524 -10.326 -10.25 -10.8 -10.971 -10.665 -9.655 -9.16 -8.572 -10.842
0.014609 -11.19 -11.284 -11.332 -11.351 -11.205 -10.981 -11.243 -11.334 -11.202 -10.973 -10.691 -10.337 -11.339 -11.137 -10.825 -10.556 -10.285 -11.123 -10.84 -10.573 -10.375 -10.299 -10.847 -11.016 -10.713 -9.707 -9.213 -8.625 -10.889
0.015051 -11.215 -11.313 -11.365 -11.39 -11.249 -11.028 -11.278 -11.374 -11.245 -11.019 -10.74 -10.387 -11.38 -11.181 -10.872 -10.605 -10.335 -11.168 -10.887 -10.621 -10.424 -10.348 -10.893 -11.062 -10.761 -9.758 -9.265 -8.679 -10.935
0.015506 -11.239 -11.341 -11.397 -11.43 -11.292 -11.074 -11.312 -11.414 -11.289 -11.065 -10.788 -10.437 -11.42 -11.225 -10.919 -10.654 -10.385 -11.212 -10.934 -10.67 -10.474 -10.397 -10.94 -11.107 -10.809 -9.81 -9.318 -8.732 -10.981
0.015975 -11.263 -11.369 -11.428 -11.469 -11.335 -11.12 -11.347 -11.454 -11.332 -11.111 -10.835 -10.486 -11.459 -11.269 -10.966 -10.703 -10.435 -11.256 -10.981 -10.718 -10.523 -10.445 -10.986 -11.153 -10.856 -9.862 -9.37 -8.785 -11.027
0.016458 -11.287 -11.397 -11.46 -11.508 -11.378 -11.165 -11.381 -11.494 -11.374 -11.157 -10.883 -10.536 -11.499 -11.313 -11.013 -10.751 -10.484 -11.3 -11.028 -10.767 -10.572 -10.494 -11.033 -11.198 -10.904 -9.913 -9.423 -8.838 -11.072
0.016956 -11.31 -11.424 -11.491 -11.546 -11.42 -11.211 -11.414 -11.533 -11.417 -11.202 -10.931 -10.585 -11.538 -11.357 -11.06 -10.8 -10.534 -11.344 -11.074 -10.815 -10.621 -10.542 -11.079 -11.243 -10.952 -9.964 -9.475 -8.891 -11.118
0.017469 -11.333 -11.451 -11.521 -11.585 -11.463 -11.256 -11.448 -11.572 -11.459 -11.248 -10.978 -10.635 -11.577 -11.4 -11.107 -10.848 -10.584 -11.388 -11.121 -10.863 -10.67 -10.591 -11.125 -11.287 -10.999 -10.016 -9.527 -8.944 -11.163
0.017997 -11.355 -11.478 -11.552 -11.623 -11.505 -11.302 -11.481 -11.611 -11.502 -11.293 -11.026 -10.684 -11.616 -11.444 -11.154 -10.897 -10.633 -11.432 -11.167 -10.911 -10.719 -10.639 -11.171 -11.332 -11.046 -10.067 -9.579 -8.997 -11.209
0.018541 -11.377 -11.504 -11.582 -11.661 -11.547 -11.347 -11.514 -11.65 -11.544 -11.338 -11.073 -10.733 -11.654 -11.487 -11.2 -10.945 -10.683 -11.475 -11.214 -10.959 -10.767 -10.688 -11.217 -11.377 -11.093 -10.118 -9.632 -9.05 -11.254
0.019102 -11.399 -11.529 -11.611 -11.699 -11.589 -11.392 -11.547 -11.688 -11.586 -11.383 -11.12 -10.782 -11.693 -11.53 -11.247 -10.993 -10.732 -11.518 -11.26 -11.007 -10.816 -10.736 -11.262 -11.421 -11.141 -10.169 -9.684 -9.103 -11.299
0.01968 -11.42 -11.555 -11.641 -11.736 -11.631 -11.437 -11.579 -11.727 -11.627 -11.428 -11.168 -10.831 -11.731 -11.572 -11.293 -11.041 -10.781 -11.561 -11.306 -11.055 -10.865 -10.784 -11.308 -11.465 -11.187 -10.221 -9.736 -9.156 -11.344
0.020275 -11.441 -11.58 -11.67 -11.773 -11.672 -11.481 -11.611 -11.764 -11.669 -11.473 -11.214 -10.88 -11.769 -11.615 -11.339 -11.089 -10.831 -11.604 -11.352 -11.103 -10.913 -10.833 -11.353 -11.509 -11.234 -10.272 -9.788 -9.209 -11.388
0.020888 -11.461 -11.604 -11.698 -11.81 -11.713 -11.526 -11.643 -11.802 -11.71 -11.518 -11.261 -10.929 -11.806 -11.657 -11.385 -11.137 -10.88 -11.647 -11.398 -11.15 -10.961 -10.881 -11.398 -11.553 -11.281 -10.323 -9.84 -9.262 -11.433
0.02152 -11.481 -11.628 -11.727 -11.847 -11.755 -11.57 -11.675 -11.84 -11.751 -11.562 -11.308 -10.978 -11.844 -11.7 -11.431 -11.184 -10.929 -11.69 -11.443 -11.198 -11.01 -10.929 -11.443 -11.597 -11.328 -10.373 -9.892 -9.314 -11.477
0.022171 -11.501 -11.652 -11.755 -11.884 -11.796 -11.614 -11.707 -11.877 -11.792 -11.606 -11.355 -11.026 -11.881 -11.742 -11.476 -11.232 -10.978 -11.732 -11.489 -11.245 -11.058 -10.977 -11.488 -11.64 -11.374 -10.424 -9.943 -9.367 -11.522
0.022841 -11.52 -11.675 -11.782 -11.92 -11.836 -11.659 -11.738 -11.914 -11.833 -11.651 -11.401 -11.075 -11.918 -11.784 -11.522 -11.279 -11.026 -11.774 -11.534 -11.292 -11.106 -11.025 -11.533 -11.684 -11.42 -10.475 -9.995 -9.42 -11.566
0.023532 -11.539 -11.698 -11.81 -11.956 -11.877 -11.702 -11.769 -11.951 -11.874 -11.695 -11.447 -11.123 -11.954 -11.825 -11.567 -11.327 -11.075 -11.816 -11.58 -11.339 -11.154 -11.073 -11.578 -11.727 -11.467 -10.526 -10.047 -9.472 -11.61
0.024244 -11.557 -11.72 -11.837 -11.991 -11.917 -11.746 -11.8 -11.987 -11.914 -11.738 -11.494 -11.172 -11.991 -11.867 -11.613 -11.374 -11.124 -11.858 -11.625 -11.386 -11.202 -11.12 -11.623 -11.77 -11.513 -10.576 -10.099 -9.525 -11.654
0.024977 -11.575 -11.742 -11.863 -12.027 -11.957 -11.79 -11.83 -12.023 -11.954 -11.782 -11.54 -11.22 -12.027 -11.908 -11.658 -11.421 -11.172 -11.9 -11.67 -11.433 -11.25 -11.168 -11.667 -11.813 -11.559 -10.627 -10.15 -9.577 -11.697
0.025733 -11.592 -11.764 -11.89 -12.062 -11.997 -11.833 -11.86 -12.059 -11.994 -11.826 -11.586 -11.268 -12.063 -11.949 -11.703 -11.468 -11.221 -11.941 -11.715 -11.48 -11.298 -11.216 -11.711 -11.856 -11.604 -10.677 -10.202 -9.63 -11.741
0.026511 -11.609 -11.785 -11.915 -12.097 -12.037 -11.877 -11.89 -12.095 -12.034 -11.869 -11.632 -11.316 -12.098 -11.99 -11.748 -11.515 -11.269 -11.983 -11.759 -11.527 -11.345 -11.263 -11.755 -11.898 -11.65 -10.728 -10.253 -9.682 -11.784
0.027313 -11.625 -11.806 -11.941 -12.131 -12.076 -11.92 -11.92 -12.131 -12.073 -11.912 -11.677 -11.364 -12.133 -12.031 -11.793 -11.562 -11.317 -12.024 -11.804 -11.574 -11.393 -11.311 -11.799 -11.941 -11.696 -10.778 -10.305 -9.735 -11.828
0.028139 -11.641 -11.826 -11.966 -12.166 -12.116 -11.963 -11.95 -12.166 -12.113 -11.955 -11.723 -11.412 -12.169 -12.072 -11.837 -11.609 -11.366 -12.065 -11.848 -11.62 -11.441 -11.358 -11.843 -11.983 -11.741 -10.828 -10.356 -9.787 -11.871
0.02899 -11.657 -11.846 -11.991 -12.2 -12.155 -12.006 -11.979 -12.201 -12.152 -11.998 -11.769 -11.459 -12.203 -12.112 -11.882 -11.655 -11.414 -12.106 -11.893 -11.666 -11.488 -11.406 -11.887 -12.025 -11.787 -10.879 -10.408 -9.839 -11.914
0.029867 -11.672 -11.865 -12.015 -12.234 -12.194 -12.048 -12.008 -12.235 -12.191 -12.041 -11.814 -11.507 -12.238 -12.152 -11.926 -11.702 -11.462 -12.146 -11.937 -11.713 -11.535 -11.453 -11.93 -12.067 -11.832 -10.929 -10.459 -9.892 -11.956
0.03077 -11.687 -11.884 -12.039 -12.267 -12.232 -12.091 -12.037 -12.27 -12.229 -12.083 -11.859 -11.555 -12.272 -12.192 -11.97 -11.748 -11.51 -12.187 -11.981 -11.759 -11.583 -11.5 -11.974 -12.109 -11.877 -10.979 -10.51 -9.944 -11.999
0.031701 -11.701 -11.903 -12.063 -12.3 -12.271 -12.133 -12.066 -12.304 -12.268 -12.126 -11.904 -11.602 -12.306 -12.232 -12.014 -11.794 -11.557 -12.227 -12.025 -11.805 -11.63 -11.548 -12.017 -12.15 -11.922 -11.029 -10.561 -9.996 -12.041
0.032659 -11.714 -11.921 -12.086 -12.333 -12.309 -12.175 -12.094 -12.338 -12.306 -12.168 -11.949 -11.649 -12.34 -12.272 -12.058 -11.84 -11.605 -12.267 -12.069 -11.851 -11.677 -11.595 -12.06 -12.192 -11.966 -11.079 -10.613 -10.048 -12.084
0.033647 -11.728 -11.938 -12.109 -12.366 -12.347 -12.217 -12.122 -12.371 -12.344 -12.21 -11.994 -11.697 -12.373 -12.311 -12.102 -11.886 -11.653 -12.307 -12.112 -11.897 -11.724 -11.642 -12.103 -12.233 -12.011 -11.129 -10.664 -10.1 -12.126
0.034665 -11.74 -11.955 -12.132 -12.398 -12.385 -12.259 -12.15 -12.405 -12.382 -12.252 -12.039 -11.744 -12.406 -12.35 -12.146 -11.932 -11.7 -12.346 -12.156 -11.942 -11.771 -11.689 -12.146 -12.274 -12.056 -11.178 -10.715 -10.152 -12.168
0.035713 -11.753 -11.972 -12.154 -12.43 -12.422 -12.301 -12.177 -12.438 -12.419 -12.294 -12.083 -11.791 -12.439 -12.389 -12.189 -11.978 -11.747 -12.386 -12.199 -11.988 -11.817 -11.736 -12.188 -12.315 -12.1 -11.228 -10.766 -10.204 -12.21
0.036793 -11.765 -11.988 -12.176 -12.462 -12.459 -12.342 -12.205 -12.47 -12.457 -12.335 -12.128 -11.838 -12.472 -12.428 -12.232 -12.024 -11.795 -12.425 -12.242 -12.034 -11.864 -11.782 -12.231 -12.356 -12.144 -11.278 -10.817 -10.256 -12.252
0.037906 -11.776 -12.004 -12.197 -12.494 -12.496 -12.383 -12.232 -12.503 -12.494 -12.377 -12.172 -11.885 -12.504 -12.466 -12.276 -12.069 -11.842 -12.464 -12.285 -12.079 -11.911 -11.829 -12.273 -12.396 -12.188 -11.327 -10.867 -10.308 -12.293
0.039052 -11.787 -12.019 -12.218 -12.525 -12.533 -12.425 -12.258 -12.535 -12.531 -12.418 -12.216 -11.931 -12.536 -12.505 -12.319 -12.114 -11.889 -12.503 -12.328 -12.124 -11.957 -11.876 -12.315 -12.436 -12.232 -11.377 -10.918 -10.36 -12.334
0.040234 -11.797 -12.033 -12.238 -12.556 -12.57 -12.465 -12.285 -12.567 -12.567 -12.459 -12.26 -11.978 -12.568 -12.543 -12.361 -12.16 -11.936 -12.542 -12.371 -12.169 -12.004 -11.922 -12.357 -12.476 -12.276 -11.426 -10.969 -10.412 -12.376
0.04145 -11.807 -12.047 -12.259 -12.586 -12.606 -12.506 -12.311 -12.598 -12.604 -12.5 -12.304 -12.025 -12.599 -12.581 -12.404 -12.205 -11.983 -12.58 -12.414 -12.214 -12.05 -11.969 -12.399 -12.516 -12.32 -11.476 -11.02 -10.464 -12.417
0.042704 -11.816 -12.061 -12.278 -12.616 -12.642 -12.547 -12.337 -12.63 -12.64 -12.54 -12.348 -12.071 -12.63 -12.618 -12.447 -12.25 -12.03 -12.618 -12.456 -12.259 -12.096 -12.015 -12.441 -12.556 -12.363 -11.525 -11.07 -10.515 -12.458
0.043996 -11.825 -12.074 -12.298 -12.646 -12.678 -12.587 -12.363 -12.661 -12.676 -12.581 -12.391 -12.117 -12.661 -12.656 -12.489 -12.295 -12.076 -12.656 -12.498 -12.304 -12.142 -12.062 -12.482 -12.596 -12.407 -11.574 -11.121 -10.567 -12.498
0.045326 -11.833 -12.087 -12.316 -12.676 -12.714 -12.627 -12.389 -12.691 -12.711 -12.621 -12.435 -12.163 -12.691 -12.693 -12.531 -12.339 -12.123 -12.694 -12.54 -12.349 -12.188 -12.108 -12.524 -12.635 -12.45 -11.623 -11.171 -10.619 -12.539
0.046697 -11.841 -12.099 -12.335 -12.705 -12.749 -12.667 -12.414 -12.722 -12.747 -12.661 -12.478 -12.209 -12.721 -12.73 -12.573 -12.384 -12.169 -12.732 -12.582 -12.393 -12.234 -12.154 -12.565 -12.674 -12.493 -11.672 -11.222 -10.67 -12.579
0.048109 -11.849 -12.111 -12.353 -12.734 -12.784 -12.707 -12.439 -12.752 -12.782 -12.701 -12.521 -12.255 -12.751 -12.767 -12.615 -12.429 -12.216 -12.769 -12.624 -12.437 -12.28 -12.2 -12.606 -12.713 -12.536 -11.721 -11.272 -10.722 -12.619
0.049564 -11.855 -12.122 -12.37 -12.763 -12.819 -12.747 -12.464 -12.781 -12.817 -12.74 -12.564 -12.301 -12.78 -12.803 -12.657 -12.473 -12.262 -12.806 -12.666 -12.482 -12.325 -12.246 -12.647 -12.752 -12.579 -11.77 -11.323 -10.774 -12.659
0.051063 -11.862 -12.132 -12.388 -12.791 -12.854 -12.786 -12.488 -12.811 -12.852 -12.78 -12.607 -12.347 -12.81 -12.84 -12.698 -12.517 -12.308 -12.843 -12.707 -12.526 -12.371 -12.292 -12.687 -12.79 -12.621 -11.819 -11.373 -10.825 -12.699
0.052608 -11.867 -12.142 -12.404 -12.819 -12.888 -12.825 -12.512 -12.84 -12.886 -12.819 -12.65 -12.393 -12.838 -12.876 -12.74 -12.561 -12.354 -12.88 -12.748 -12.57 -12.416 -12.338 -12.728 -12.828 -12.664 -11.868 -11.423 -10.876 -12.739
0.054199 -11.873 -12.152 -12.421 -12.846 -12.922 -12.864 -12.536 -12.868 -12.92 -12.858 -12.692 -12.438 -12.867 -12.912 -12.781 -12.605 -12.4 -12.916 -12.789 -12.614 -12.462 -12.384 -12.768 -12.867 -12.706 -11.917 -11.473 -10.928 -12.778
0.055838 -11.877 -12.161 -12.436 -12.873 -12.956 -12.903 -12.56 -12.897 -12.954 -12.897 -12.735 -12.483 -12.895 -12.947 -12.822 -12.649 -12.446 -12.952 -12.83 -12.657 -12.507 -12.43 -12.808 -12.904 -12.748 -11.965 -11.524 -10.979 -12.817
0.057527 -11.882 -12.169 -12.452 -12.9 -12.99 -12.941 -12.583 -12.925 -12.988 -12.936 -12.777 -12.529 -12.923 -12.982 -12.863 -12.692 -12.491 -12.988 -12.871 -12.701 -12.552 -12.475 -12.848 -12.942 -12.79 -12.014 -11.574 -11.031 -12.857
0.059267 -11.885 -12.177 -12.467 -12.927 -13.023 -12.98 -12.607 -12.952 -13.021 -12.974 -12.819 -12.574 -12.95 -13.018 -12.903 -12.736 -12.537 -13.024 -12.912 -12.744 -12.597 -12.521 -12.888 -12.98 -12.832 -12.062 -11.624 -11.082 -12.895
0.061059 -11.888 -12.184 -12.481 -12.953 -13.056 -13.018 -12.63 -12.98 -13.054 -13.013 -12.861 -12.619 -12.977 -13.052 -12.944 -12.779 -12.582 -13.06 -12.952 -12.788 -12.642 -12.566 -12.927 -13.017 -12.874 -12.111 -11.674 -11.133 -12.934
0.062906 -11.891 -12.191 -12.495 -12.979 -13.089 -13.056 -12.652 -13.007 -13.087 -13.051 -12.902 -12.664 -13.004 -13.087 -12.984 -12.823 -12.628 -13.095 -12.992 -12.831 -12.687 -12.611 -12.967 -13.054 -12.915 -12.159 -11.723 -11.184 -12.973
0.064808 -11.893 -12.197 -12.508 -13.004 -13.121 -13.094 -12.675 -13.033 -13.119 -13.088 -12.944 -12.708 -13.03 -13.121 -13.024 -12.866 -12.673 -13.13 -13.032 -12.874 -12.731 -12.656 -13.006 -13.091 -12.957 -12.207 -11.773 -11.235 -13.011
0.066769 -11.894 -12.202 -12.522 -13.029 -13.153 -13.131 -12.697 -13.06 -13.151 -13.126 -12.985 -12.753 -13.056 -13.155 -13.064 -12.908 -12.718 -13.165 -13.072 -12.917 -12.776 -12.702 -13.045 -13.127 -12.998 -12.255 -11.823 -11.286 -13.049
0.068788 -11.895 -12.207 -12.534 -13.054 -13.185 -13.168 -12.719 -13.086 -13.183 -13.163 -13.027 -12.797 -13.082 -13.189 -13.104 -12.951 -12.763 -13.199 -13.112 -12.959 -12.82 -12.747 -13.084 -13.163 -13.039 -12.303 -11.873 -11.337 -13.087
0.070868 -11.896 -12.211 -12.546 -13.078 -13.216 -13.205 -12.74 -13.111 -13.215 -13.2 -13.068 -12.842 -13.107 -13.223 -13.143 -12.994 -12.808 -13.233 -13.151 -13.002 -12.864 -12.791 -13.122 -13.2 -13.079 -12.351 -11.922 -11.388 -13.125
