web/models/kne/8/Metzger_0.013086_0.094828_0.100000.dat
# %ECSV 0.9
# ---
# datatype:
# - {name: time, datatype: float64}
# - {name: sdss_u, datatype: float64}
# - {name: sdss_g, datatype: float64}
# - {name: sdss_r, datatype: float64}
# - {name: sdss_i, datatype: float64}
# - {name: sdss_z, datatype: float64}
# - {name: PS1_y, datatype: float64}
# - {name: ukirt_J, datatype: float64}
# - {name: ukirt_H, datatype: float64}
# - {name: ukirt_K, datatype: float64}
# - {name: johnson_U, datatype: float64}
# - {name: johnson_B, datatype: float64}
# - {name: johnson_V, datatype: float64}
# - {name: johnson_R, datatype: float64}
# - {name: johnson_I, datatype: float64}
# - {name: Clear, datatype: float64}
# meta: !!omap
# - comment: [vej = 0.09482758620689655, mej = 0.013086248836806117, Ye = 0.1, redshift = 0.0]
# schema: astropy-2.0
time sdss_u sdss_g sdss_r sdss_i sdss_z PS1_y ukirt_J ukirt_H ukirt_K johnson_U johnson_B johnson_V johnson_R johnson_I Clear
[from data line 1485]
74.350000 235.613352 168.385567 125.897714 98.895412 82.420139 72.113461 51.249492 32.741047 20.626332 227.548592 187.115383 143.727073 120.731916 80.761053 124.198223
74.400000 235.778641 168.507818 125.992639 98.972886 82.486917 72.173522 51.295870 32.775134 20.652237 227.708727 187.249644 143.833481 120.823509 80.826752 124.292052
74.450000 235.943925 168.630065 126.087561 99.050359 82.553694 72.233582 51.342247 32.809221 20.678141 227.868858 187.383900 143.939886 120.915099 80.892449 124.385878
74.500000 236.109204 168.752309 126.182481 99.127829 82.620469 72.293641 51.388623 32.843307 20.704045 228.028983 187.518153 144.046288 121.006687 80.958144 124.479703
74.550000 236.274478 168.874549 126.277399 99.205298 82.687243 72.353698 51.434998 32.877393 20.729949 228.189103 187.652402 144.152687 121.098273 81.023838 124.573524
74.600000 236.439746 168.996785 126.372314 99.282765 82.754015 72.413754 51.481372 32.911479 20.755854 228.349219 187.786646 144.259083 121.189856 81.089531 124.667343
74.650000 236.605009 169.119018 126.467226 99.360230 82.820785 72.473809 51.527746 32.945565 20.781758 228.509329 187.920887 144.365476 121.281437 81.155222 124.761160
74.700000 236.770268 169.241247 126.562136 99.437693 82.887554 72.533862 51.574119 32.979650 20.807662 228.669435 188.055124 144.471866 121.373015 81.220911 124.854974
74.750000 236.935521 169.363473 126.657043 99.515154 82.954322 72.593914 51.620491 33.013735 20.833566 228.829535 188.189356 144.578253 121.464591 81.286599 124.948785
74.800000 237.100769 169.485695 126.751948 99.592613 83.021088 72.653965 51.666862 33.047820 20.859470 228.989631 188.323585 144.684637 121.556164 81.352286 125.042594
74.850000 237.266012 169.607913 126.846850 99.670070 83.087853 72.714015 51.713233 33.081904 20.885374 229.149721 188.457810 144.791018 121.647735 81.417971 125.136400
74.900000 237.431249 169.730128 126.941749 99.747525 83.154615 72.774063 51.759602 33.115988 20.911278 229.309807 188.592030 144.897396 121.739303 81.483655 125.230204
74.950000 237.596482 169.852339 127.036646 99.824978 83.221377 72.834110 51.805971 33.150071 20.937182 229.469888 188.726247 145.003771 121.830870 81.549337 125.324006
75.000000 237.761709 169.974547 127.131540 99.902430 83.288137 72.894156 51.852340 33.184155 20.963086 229.629964 188.860460 145.110143 121.922433 81.615017 125.417805
75.050000 237.926932 170.096752 127.226432 99.979879 83.354895 72.954200 51.898707 33.218238 20.988990 229.790035 188.994668 145.216512 122.013994 81.680696 125.511601
75.100000 238.092149 170.218952 127.321322 100.057327 83.421652 73.014243 51.945074 33.252320 21.014894 229.950101 189.128873 145.322878 122.105553 81.746374 125.605395
75.150000 238.257361 170.341150 127.416208 100.134773 83.488407 73.074285 51.991440 33.286402 21.040798 230.110162 189.263074 145.429242 122.197109 81.812050 125.699186
75.200000 238.422568 170.463343 127.511093 100.212216 83.555161 73.134326 52.037805 33.320484 21.066702 230.270218 189.397271 145.535602 122.288663 81.877725 125.792975
75.250000 238.587770 170.585534 127.605974 100.289658 83.621914 73.194365 52.084169 33.354566 21.092605 230.430269 189.531464 145.641959 122.380215 81.943398 125.886762
75.300000 238.752967 170.707720 127.700853 100.367098 83.688664 73.254403 52.130532 33.388647 21.118509 230.590315 189.665652 145.748314 122.471764 82.009070 125.980545
75.350000 238.918158 170.829903 127.795730 100.444536 83.755414 73.314440 52.176895 33.422728 21.144413 230.750357 189.799837 145.854665 122.563311 82.074740 126.074327
75.400000 239.083345 170.952083 127.890604 100.521972 83.822161 73.374475 52.223257 33.456809 21.170317 230.910393 189.934018 145.961014 122.654855 82.140409 126.168106
75.450000 239.248527 171.074259 127.985476 100.599407 83.888908 73.434510 52.269618 33.490889 21.196220 231.070425 190.068195 146.067359 122.746397 82.206076 126.261882
75.500000 239.413703 171.196432 128.080345 100.676839 83.955652 73.494543 52.315979 33.524969 21.222124 231.230452 190.202368 146.173702 122.837936 82.271742 126.355656
75.550000 239.578875 171.318601 128.175211 100.754270 84.022396 73.554574 52.362338 33.559049 21.248027 231.390474 190.336537 146.280041 122.929473 82.337407 126.449427
75.600000 239.744041 171.440766 128.270075 100.831698 84.089137 73.614605 52.408697 33.593128 21.273931 231.550491 190.470703 146.386378 123.021008 82.403069 126.543196
75.650000 239.909203 171.562928 128.364937 100.909125 84.155878 73.674634 52.455055 33.627207 21.299835 231.710503 190.604864 146.492712 123.112540 82.468731 126.636963
75.700000 240.074359 171.685087 128.459796 100.986550 84.222616 73.734662 52.501413 33.661285 21.325738 231.870510 190.739021 146.599043 123.204070 82.534391 126.730727
75.750000 240.239510 171.807242 128.554652 101.063973 84.289353 73.794689 52.547769 33.695364 21.351641 232.030513 190.873174 146.705371 123.295597 82.600049 126.824488
75.800000 240.404656 171.929393 128.649506 101.141394 84.356089 73.854714 52.594125 33.729442 21.377545 232.190510 191.007324 146.811696 123.387122 82.665706 126.918247
75.850000 240.569798 172.051541 128.744357 101.218813 84.422823 73.914738 52.640480 33.763519 21.403448 232.350503 191.141469 146.918018 123.478645 82.731362 127.012004
75.900000 240.734934 172.173686 128.839206 101.296230 84.489556 73.974761 52.686834 33.797597 21.429352 232.510491 191.275611 147.024337 123.570165 82.797016 127.105758
75.950000 240.900065 172.295827 128.934053 101.373645 84.556287 74.034783 52.733188 33.831674 21.455255 232.670474 191.409749 147.130653 123.661683 82.862669 127.199510
76.000000 241.065191 172.417965 129.028897 101.451059 84.623017 74.094803 52.779541 33.865750 21.481158 232.830452 191.543883 147.236966 123.753199 82.928320 127.293259
76.050000 241.230312 172.540099 129.123738 101.528471 84.689745 74.154822 52.825893 33.899827 21.507061 232.990426 191.678012 147.343277 123.844712 82.993970 127.387006
76.100000 241.395428 172.662230 129.218577 101.605880 84.756472 74.214840 52.872244 33.933903 21.532965 233.150394 191.812138 147.449584 123.936223 83.059618 127.480750
76.150000 241.560539 172.784357 129.313413 101.683288 84.823197 74.274857 52.918594 33.967978 21.558868 233.310358 191.946260 147.555889 124.027731 83.125265 127.574492
76.200000 241.725646 172.906481 129.408247 101.760694 84.889921 74.334872 52.964944 34.002054 21.584771 233.470317 192.080379 147.662191 124.119237 83.190910 127.668231
76.250000 241.890747 173.028601 129.503079 101.838098 84.956643 74.394886 53.011293 34.036129 21.610674 233.630271 192.214493 147.768489 124.210741 83.256554 127.761968
76.300000 242.055843 173.150718 129.597907 101.915501 85.023364 74.454899 53.057641 34.070203 21.636577 233.790220 192.348603 147.874785 124.302242 83.322197 127.855702
76.350000 242.220934 173.272831 129.692734 101.992901 85.090083 74.514910 53.103988 34.104278 21.662480 233.950165 192.482710 147.981078 124.393741 83.387838 127.949434
76.400000 242.386020 173.394941 129.787558 102.070299 85.156801 74.574921 53.150335 34.138352 21.688383 234.110105 192.616813 148.087368 124.485237 83.453477 128.043164
76.450000 242.551101 173.517047 129.882379 102.147696 85.223517 74.634930 53.196681 34.172425 21.714286 234.270040 192.750911 148.193656 124.576731 83.519115 128.136891
76.500000 242.716177 173.639150 129.977198 102.225091 85.290232 74.694938 53.243026 34.206499 21.740189 234.429970 192.885006 148.299940 124.668223 83.584752 128.230616
76.550000 242.881249 173.761250 130.072015 102.302484 85.356945 74.754944 53.289370 34.240572 21.766092 234.589895 193.019097 148.406221 124.759713 83.650387 128.324338
76.600000 243.046315 173.883346 130.166829 102.379875 85.423657 74.814950 53.335714 34.274644 21.791994 234.749816 193.153184 148.512500 124.851200 83.716021 128.418058
76.650000 243.211376 174.005439 130.261640 102.457264 85.490368 74.874954 53.382056 34.308717 21.817897 234.909731 193.287268 148.618776 124.942684 83.781653 128.511775
76.700000 243.376433 174.127528 130.356449 102.534651 85.557076 74.934957 53.428398 34.342789 21.843800 235.069642 193.421347 148.725049 125.034167 83.847284 128.605490
76.750000 243.541484 174.249614 130.451256 102.612037 85.623784 74.994958 53.474740 34.376861 21.869703 235.229549 193.555423 148.831318 125.125647 83.912914 128.699202
76.800000 243.706531 174.371696 130.546060 102.689421 85.690490 75.054959 53.521080 34.410932 21.895605 235.389450 193.689494 148.937586 125.217124 83.978542 128.792912
76.850000 243.871572 174.493775 130.640862 102.766802 85.757194 75.114958 53.567420 34.445003 21.921508 235.549347 193.823562 149.043850 125.308600 84.044168 128.886620
76.900000 244.036609 174.615851 130.735661 102.844182 85.823897 75.174956 53.613759 34.479074 21.947410 235.709239 193.957626 149.150111 125.400073 84.109793 128.980325
76.950000 244.201641 174.737923 130.830458 102.921560 85.890599 75.234952 53.660097 34.513144 21.973313 235.869126 194.091687 149.256369 125.491543 84.175417 129.074028
77.000000 244.366667 174.859991 130.925252 102.998937 85.957299 75.294948 53.706434 34.547214 21.999215 236.029009 194.225743 149.362625 125.583011 84.241039 129.167728
77.050000 244.531689 174.982057 131.020044 103.076311 86.023997 75.354942 53.752771 34.581284 22.025118 236.188887 194.359795 149.468878 125.674477 84.306660 129.261426
77.100000 244.696706 175.104119 131.114833 103.153684 86.090694 75.414935 53.799107 34.615353 22.051020 236.348760 194.493844 149.575128 125.765941 84.372280 129.355122
77.150000 244.861718 175.226177 131.209620 103.231054 86.157390 75.474927 53.845442 34.649423 22.076923 236.508628 194.627889 149.681375 125.857402 84.437897 129.448815
77.200000 245.026725 175.348232 131.304405 103.308423 86.224084 75.534917 53.891777 34.683491 22.102825 236.668492 194.761930 149.787619 125.948861 84.503514 129.542506
77.250000 245.191728 175.470284 131.399187 103.385790 86.290777 75.594906 53.938110 34.717560 22.128727 236.828350 194.895967 149.893860 126.040318 84.569129 129.636194
77.300000 245.356725 175.592332 131.493966 103.463155 86.357468 75.654894 53.984443 34.751628 22.154629 236.988205 195.030001 150.000099 126.131772 84.634743 129.729880
77.350000 245.521717 175.714377 131.588743 103.540519 86.424158 75.714881 54.030775 34.785696 22.180531 237.148054 195.164030 150.106334 126.223224 84.700355 129.823563
77.400000 245.686705 175.836418 131.683518 103.617880 86.490846 75.774867 54.077107 34.819763 22.206434 237.307899 195.298056 150.212567 126.314673 84.765966 129.917244
77.450000 245.851688 175.958456 131.778290 103.695240 86.557533 75.834851 54.123437 34.853830 22.232336 237.467739 195.432078 150.318797 126.406121 84.831575 130.010923
77.500000 246.016665 176.080491 131.873060 103.772598 86.624218 75.894834 54.169767 34.887897 22.258238 237.627574 195.566096 150.425024 126.497566 84.897183 130.104599
77.550000 246.181638 176.202523 131.967828 103.849954 86.690902 75.954816 54.216096 34.921963 22.284140 237.787405 195.700111 150.531249 126.589008 84.962790 130.198273
77.600000 246.346606 176.324550 132.062593 103.927308 86.757584 76.014797 54.262425 34.956030 22.310042 237.947231 195.834121 150.637470 126.680449 85.028395 130.291944
77.650000 246.511569 176.446575 132.157355 104.004660 86.824265 76.074776 54.308752 34.990095 22.335944 238.107052 195.968128 150.743689 126.771887 85.093999 130.385613
77.700000 246.676528 176.568596 132.252115 104.082011 86.890945 76.134754 54.355079 35.024161 22.361846 238.266868 196.102131 150.849905 126.863322 85.159601 130.479280
77.750000 246.841481 176.690614 132.346873 104.159360 86.957623 76.194731 54.401405 35.058226 22.387747 238.426680 196.236130 150.956118 126.954756 85.225202 130.572944
77.800000 247.006430 176.812629 132.441628 104.236706 87.024300 76.254707 54.447731 35.092291 22.413649 238.586488 196.370126 151.062328 127.046187 85.290801 130.666606
77.850000 247.171374 176.934640 132.536381 104.314052 87.090975 76.314682 54.494056 35.126355 22.439551 238.746290 196.504117 151.168535 127.137615 85.356399 130.760266
77.900000 247.336313 177.056647 132.631131 104.391395 87.157648 76.374655 54.540379 35.160420 22.465453 238.906088 196.638105 151.274740 127.229042 85.421996 130.853923
77.950000 247.501247 177.178652 132.725879 104.468736 87.224321 76.434627 54.586703 35.194483 22.491354 239.065881 196.772090 151.380941 127.320466 85.487591 130.947578
78.000000 247.666176 177.300653 132.820625 104.546076 87.290991 76.494598 54.633025 35.228547 22.517256 239.225670 196.906070 151.487140 127.411888 85.553185 131.041230
78.050000 247.831100 177.422650 132.915368 104.623414 87.357661 76.554567 54.679347 35.262610 22.543157 239.385454 197.040046 151.593336 127.503307 85.618777 131.134880
78.100000 247.996020 177.544645 133.010109 104.700750 87.424329 76.614536 54.725667 35.296673 22.569059 239.545233 197.174019 151.699530 127.594725 85.684368 131.228528
78.150000 248.160935 177.666636 133.104847 104.778084 87.490995 76.674503 54.771988 35.330736 22.594960 239.705008 197.307988 151.805720 127.686140 85.749958 131.322173
78.200000 248.325845 177.788623 133.199583 104.855416 87.557660 76.734469 54.818307 35.364798 22.620862 239.864778 197.441954 151.911908 127.777552 85.815546 131.415816
78.250000 248.490750 177.910608 133.294316 104.932747 87.624324 76.794434 54.864626 35.398860 22.646763 240.024543 197.575915 152.018093 127.868963 85.881133 131.509456
78.300000 248.655650 178.032589 133.389048 105.010075 87.690986 76.854397 54.910943 35.432921 22.672664 240.184304 197.709873 152.124275 127.960371 85.946718 131.603095
78.350000 248.820546 178.154566 133.483776 105.087402 87.757647 76.914360 54.957261 35.466983 22.698566 240.344060 197.843827 152.230454 128.051776 86.012302 131.696730
78.400000 248.985437 178.276541 133.578503 105.164727 87.824306 76.974321 55.003577 35.501043 22.724467 240.503811 197.977778 152.336631 128.143180 86.077885 131.790364
78.450000 249.150323 178.398512 133.673226 105.242051 87.890964 77.034281 55.049893 35.535104 22.750368 240.663558 198.111724 152.442804 128.234581 86.143466 131.883995
78.500000 249.315204 178.520479 133.767948 105.319372 87.957620 77.094240 55.096208 35.569164 22.776269 240.823301 198.245667 152.548975 128.325980 86.209045 131.977624
78.550000 249.480080 178.642444 133.862667 105.396692 88.024275 77.154197 55.142522 35.603224 22.802170 240.983038 198.379606 152.655144 128.417377 86.274624 132.071250
78.600000 249.644952 178.764405 133.957384 105.474010 88.090928 77.214153 55.188835 35.637284 22.828071 241.142771 198.513542 152.761309 128.508771 86.340201 132.164874
78.650000 249.809819 178.886362 134.052098 105.551326 88.157581 77.274109 55.235148 35.671343 22.853972 241.302500 198.647473 152.867472 128.600163 86.405776 132.258496
78.700000 249.974681 179.008317 134.146810 105.628640 88.224231 77.334062 55.281460 35.705402 22.879873 241.462224 198.781401 152.973631 128.691553 86.471350 132.352115
78.750000 250.139538 179.130268 134.241520 105.705953 88.290880 77.394015 55.327771 35.739461 22.905774 241.621943 198.915326 153.079788 128.782941 86.536923 132.445732
78.800000 250.304391 179.252215 134.336227 105.783264 88.357528 77.453967 55.374081 35.773519 22.931675 241.781658 199.049246 153.185943 128.874326 86.602495 132.539346
78.850000 250.469239 179.374160 134.430932 105.860573 88.424174 77.513917 55.420391 35.807577 22.957576 241.941368 199.183163 153.292094 128.965709 86.668064 132.632959
78.900000 250.634082 179.496101 134.525634 105.937880 88.490819 77.573866 55.466700 35.841635 22.983476 242.101073 199.317076 153.398243 129.057090 86.733633 132.726569
78.950000 250.798920 179.618039 134.620334 106.015185 88.557463 77.633814 55.513008 35.875692 23.009377 242.260774 199.450986 153.504389 129.148468 86.799200 132.820176
79.000000 250.963753 179.739974 134.715032 106.092489 88.624105 77.693761 55.559316 35.909749 23.035278 242.420470 199.584891 153.610532 129.239844 86.864766 132.913781
