web/models/kne/8/Metzger_0.058653_0.467586_0.100000.dat
# %ECSV 0.9
# ---
# datatype:
# - {name: time, datatype: float64}
# - {name: sdss_u, datatype: float64}
# - {name: sdss_g, datatype: float64}
# - {name: sdss_r, datatype: float64}
# - {name: sdss_i, datatype: float64}
# - {name: sdss_z, datatype: float64}
# - {name: PS1_y, datatype: float64}
# - {name: ukirt_J, datatype: float64}
# - {name: ukirt_H, datatype: float64}
# - {name: ukirt_K, datatype: float64}
# - {name: johnson_U, datatype: float64}
# - {name: johnson_B, datatype: float64}
# - {name: johnson_V, datatype: float64}
# - {name: johnson_R, datatype: float64}
# - {name: johnson_I, datatype: float64}
# - {name: Clear, datatype: float64}
# meta: !!omap
# - comment: [vej = 0.4675862068965517, mej = 0.058653062403363466, Ye = 0.1, redshift = 0.0]
# schema: astropy-2.0
time sdss_u sdss_g sdss_r sdss_i sdss_z PS1_y ukirt_J ukirt_H ukirt_K johnson_U johnson_B johnson_V johnson_R johnson_I Clear
[from data line 2104]
105.300000 542.772082 395.175264 301.660500 242.071273 205.622159 182.772051 136.355774 94.896648 67.501404 525.083075 436.332460 340.932506 290.272132 201.946738 297.914385
105.350000 543.028376 395.365141 301.808209 242.192052 205.726432 182.865958 136.428565 94.950472 67.542601 525.331415 436.540872 341.097936 290.414698 202.049345 298.060402
105.400000 543.284663 395.555014 301.955914 242.312829 205.830703 182.959863 136.501355 95.004296 67.583797 525.579749 436.749277 341.263360 290.557261 202.151949 298.206416
105.450000 543.540943 395.744882 302.103616 242.433602 205.934971 183.053766 136.574143 95.058119 67.624993 525.828077 436.957678 341.428781 290.699821 202.254551 298.352427
105.500000 543.797217 395.934745 302.251314 242.554373 206.039237 183.147667 136.646929 95.111941 67.666188 526.076398 437.166073 341.594198 290.842378 202.357151 298.498434
105.550000 544.053485 396.124603 302.399009 242.675141 206.143501 183.241566 136.719714 95.165761 67.707382 526.324713 437.374463 341.759611 290.984931 202.459749 298.644438
105.600000 544.309746 396.314456 302.546700 242.795906 206.247762 183.335463 136.792498 95.219581 67.748576 526.573021 437.582848 341.925020 291.127480 202.562344 298.790437
105.650000 544.566000 396.504305 302.694387 242.916669 206.352020 183.429357 136.865280 95.273400 67.789769 526.821324 437.791228 342.090424 291.270026 202.664936 298.936434
105.700000 544.822248 396.694149 302.842071 243.037428 206.456277 183.523250 136.938060 95.327218 67.830962 527.069619 437.999602 342.255825 291.412569 202.767527 299.082427
105.750000 545.078489 396.883989 302.989751 243.158185 206.560531 183.617140 137.010839 95.381034 67.872153 527.317909 438.207971 342.421221 291.555108 202.870115 299.228416
105.800000 545.334724 397.073823 303.137428 243.278938 206.664782 183.711029 137.083616 95.434850 67.913344 527.566192 438.416335 342.586614 291.697643 202.972701 299.374402
105.850000 545.590952 397.263653 303.285101 243.399689 206.769032 183.804915 137.156392 95.488665 67.954535 527.814469 438.624694 342.752002 291.840176 203.075284 299.520384
105.900000 545.847173 397.453478 303.432771 243.520437 206.873278 183.898799 137.229166 95.542478 67.995725 528.062740 438.833047 342.917386 291.982705 203.177865 299.666363
105.950000 546.103389 397.643299 303.580437 243.641183 206.977523 183.992681 137.301939 95.596291 68.036914 528.311004 439.041396 343.082767 292.125230 203.280444 299.812338
106.000000 546.359597 397.833115 303.728099 243.761925 207.081765 184.086561 137.374710 95.650103 68.078102 528.559262 439.249739 343.248143 292.267752 203.383020 299.958310
106.050000 546.615799 398.022926 303.875758 243.882665 207.186004 184.180439 137.447480 95.703913 68.119290 528.807514 439.458076 343.413515 292.410271 203.485594 300.104278
106.100000 546.871995 398.212732 304.023414 244.003401 207.290242 184.274315 137.520248 95.757723 68.160477 529.055759 439.666409 343.578883 292.552786 203.588166 300.250243
106.150000 547.128184 398.402534 304.171065 244.124135 207.394477 184.368188 137.593014 95.811531 68.201663 529.303998 439.874736 343.744247 292.695297 203.690735 300.396204
106.200000 547.384366 398.592331 304.318714 244.244866 207.498709 184.462060 137.665779 95.865339 68.242849 529.552231 440.083058 343.909607 292.837806 203.793302 300.542162
106.250000 547.640542 398.782123 304.466358 244.365595 207.602939 184.555929 137.738543 95.919146 68.284034 529.800457 440.291375 344.074963 292.980311 203.895867 300.688116
106.300000 547.896712 398.971910 304.613999 244.486320 207.707167 184.649797 137.811305 95.972951 68.325218 530.048678 440.499687 344.240315 293.122812 203.998429 300.834067
106.350000 548.152875 399.161693 304.761637 244.607043 207.811392 184.743662 137.884066 96.026756 68.366402 530.296892 440.707994 344.405663 293.265310 204.100989 300.980014
106.400000 548.409031 399.351471 304.909271 244.727763 207.915615 184.837525 137.956825 96.080559 68.407585 530.545099 440.916295 344.571007 293.407805 204.203547 301.125958
106.450000 548.665181 399.541245 305.056901 244.848480 208.019836 184.931386 138.029582 96.134362 68.448768 530.793301 441.124591 344.736347 293.550296 204.306102 301.271898
106.500000 548.921325 399.731014 305.204528 244.969194 208.124054 185.025245 138.102338 96.188163 68.489949 531.041496 441.332882 344.901683 293.692784 204.408655 301.417834
106.550000 549.177462 399.920778 305.352152 245.089905 208.228270 185.119102 138.175092 96.241964 68.531130 531.289685 441.541168 345.067015 293.835268 204.511206 301.563768
106.600000 549.433593 400.110537 305.499772 245.210614 208.332484 185.212957 138.247845 96.295764 68.572311 531.537867 441.749449 345.232343 293.977750 204.613754 301.709697
106.650000 549.689717 400.300292 305.647388 245.331319 208.436695 185.306809 138.320597 96.349562 68.613491 531.786044 441.957724 345.397666 294.120227 204.716300 301.855623
106.700000 549.945835 400.490042 305.795001 245.452022 208.540904 185.400660 138.393347 96.403360 68.654670 532.034214 442.165995 345.562986 294.262701 204.818844 302.001546
106.750000 550.201946 400.679787 305.942610 245.572723 208.645110 185.494509 138.466095 96.457156 68.695848 532.282378 442.374260 345.728302 294.405172 204.921386 302.147465
106.800000 550.458051 400.869528 306.090216 245.693420 208.749315 185.588355 138.538842 96.510952 68.737026 532.530535 442.582520 345.893614 294.547640 205.023925 302.293381
106.850000 550.714149 401.059264 306.237818 245.814114 208.853516 185.682199 138.611587 96.564746 68.778203 532.778687 442.790774 346.058922 294.690104 205.126462 302.439293
106.900000 550.970241 401.248996 306.385416 245.934806 208.957716 185.776042 138.684331 96.618540 68.819380 533.026832 442.999024 346.224225 294.832565 205.228996 302.585202
106.950000 551.226326 401.438722 306.533012 246.055495 209.061913 185.869882 138.757074 96.672332 68.860555 533.274971 443.207269 346.389525 294.975022 205.331528 302.731107
107.000000 551.482405 401.628445 306.680603 246.176181 209.166107 185.963720 138.829814 96.726124 68.901730 533.523104 443.415508 346.554821 295.117476 205.434058 302.877009
107.050000 551.738478 401.818162 306.828191 246.296865 209.270300 186.057556 138.902554 96.779914 68.942905 533.771230 443.623742 346.720113 295.259926 205.536586 303.022908
107.100000 551.994544 402.007875 306.975776 246.417545 209.374490 186.151390 138.975292 96.833704 68.984079 534.019351 443.831971 346.885401 295.402374 205.639111 303.168802
107.150000 552.250604 402.197583 307.123357 246.538223 209.478677 186.245222 139.048028 96.887493 69.025252 534.267465 444.040195 347.050684 295.544817 205.741634 303.314694
107.200000 552.506657 402.387287 307.270935 246.658898 209.582863 186.339052 139.120763 96.941280 69.066424 534.515573 444.248414 347.215964 295.687258 205.844155 303.460582
107.250000 552.762704 402.576986 307.418509 246.779570 209.687046 186.432880 139.193496 96.995067 69.107596 534.763674 444.456628 347.381240 295.829695 205.946673 303.606466
107.300000 553.018745 402.766680 307.566079 246.900239 209.791226 186.526706 139.266228 97.048852 69.148767 535.011770 444.664836 347.546512 295.972129 206.049189 303.752347
107.350000 553.274779 402.956370 307.713646 247.020906 209.895404 186.620529 139.338958 97.102637 69.189938 535.259859 444.873040 347.711780 296.114559 206.151703 303.898225
107.400000 553.530807 403.146055 307.861210 247.141570 209.999580 186.714351 139.411687 97.156420 69.231108 535.507942 445.081238 347.877044 296.256986 206.254215 304.044099
107.450000 553.786828 403.335735 308.008770 247.262231 210.103754 186.808171 139.484414 97.210203 69.272277 535.756019 445.289431 348.042304 296.399410 206.356724 304.189970
107.500000 554.042843 403.525411 308.156326 247.382889 210.207925 186.901988 139.557140 97.263985 69.313446 536.004090 445.497619 348.207560 296.541830 206.459231 304.335837
107.550000 554.298851 403.715082 308.303879 247.503545 210.312094 186.995804 139.629864 97.317765 69.354614 536.252155 445.705802 348.372812 296.684247 206.561735 304.481701
107.600000 554.554853 403.904748 308.451429 247.624197 210.416261 187.089617 139.702587 97.371545 69.395781 536.500213 445.913980 348.538060 296.826660 206.664237 304.627561
107.650000 554.810849 404.094410 308.598975 247.744847 210.520425 187.183428 139.775309 97.425323 69.436947 536.748265 446.122153 348.703304 296.969070 206.766738 304.773418
107.700000 555.066839 404.284068 308.746518 247.865495 210.624587 187.277238 139.848028 97.479101 69.478113 536.996311 446.330320 348.868544 297.111477 206.869235 304.919271
107.750000 555.322822 404.473720 308.894057 247.986139 210.728746 187.371045 139.920747 97.532878 69.519279 537.244351 446.538483 349.033780 297.253881 206.971731 305.065121
107.800000 555.578798 404.663369 309.041592 248.106781 210.832904 187.464850 139.993464 97.586653 69.560443 537.492385 446.746640 349.199013 297.396281 207.074224 305.210968
107.850000 555.834769 404.853012 309.189125 248.227420 210.937059 187.558653 140.066179 97.640428 69.601607 537.740413 446.954792 349.364241 297.538678 207.176715 305.356811
107.900000 556.090732 405.042651 309.336653 248.348056 211.041211 187.652454 140.138893 97.694202 69.642771 537.988434 447.162940 349.529465 297.681071 207.279203 305.502651
107.950000 556.346690 405.232285 309.484178 248.468689 211.145361 187.746253 140.211605 97.747974 69.683933 538.236449 447.371082 349.694686 297.823461 207.381690 305.648487
108.000000 556.602641 405.421915 309.631700 248.589320 211.249509 187.840050 140.284316 97.801746 69.725095 538.484459 447.579219 349.859902 297.965848 207.484174 305.794320
108.050000 556.858586 405.611540 309.779218 248.709947 211.353655 187.933845 140.357025 97.855517 69.766257 538.732462 447.787351 350.025115 298.108231 207.586655 305.940149
108.100000 557.114525 405.801161 309.926733 248.830573 211.457798 188.027638 140.429733 97.909287 69.807417 538.980459 447.995478 350.190323 298.250612 207.689135 306.085975
108.150000 557.370457 405.990777 310.074244 248.951195 211.561939 188.121429 140.502440 97.963055 69.848578 539.228449 448.203600 350.355528 298.392988 207.791612 306.231798
108.200000 557.626383 406.180388 310.221752 249.071814 211.666078 188.215217 140.575145 98.016823 69.889737 539.476434 448.411716 350.520728 298.535362 207.894087 306.377617
108.250000 557.882302 406.369995 310.369257 249.192431 211.770214 188.309004 140.647848 98.070590 69.930896 539.724413 448.619828 350.685925 298.677732 207.996560 306.523432
108.300000 558.138215 406.559597 310.516758 249.313045 211.874348 188.402789 140.720550 98.124356 69.972054 539.972385 448.827935 350.851118 298.820099 208.099030 306.669245
108.350000 558.394122 406.749195 310.664255 249.433657 211.978480 188.496571 140.793251 98.178120 70.013211 540.220351 449.036036 351.016307 298.962462 208.201498 306.815054
108.400000 558.650023 406.938788 310.811749 249.554265 212.082609 188.590352 140.865950 98.231884 70.054368 540.468311 449.244133 351.181492 299.104822 208.303964 306.960859
108.450000 558.905917 407.128376 310.959240 249.674871 212.186736 188.684131 140.938647 98.285647 70.095524 540.716266 449.452224 351.346673 299.247179 208.406428 307.106661
108.500000 559.161805 407.317960 311.106727 249.795474 212.290861 188.777907 141.011343 98.339409 70.136680 540.964214 449.660311 351.511850 299.389533 208.508889 307.252460
108.550000 559.417687 407.507540 311.254210 249.916074 212.394984 188.871682 141.084038 98.393170 70.177835 541.212155 449.868392 351.677023 299.531883 208.611348 307.398255
108.600000 559.673562 407.697115 311.401690 250.036672 212.499104 188.965454 141.156731 98.446930 70.218989 541.460091 450.076469 351.842193 299.674230 208.713805 307.544047
108.650000 559.929431 407.886685 311.549167 250.157267 212.603222 189.059224 141.229422 98.500689 70.260142 541.708021 450.284540 352.007358 299.816573 208.816259 307.689835
108.700000 560.185294 408.076251 311.696641 250.277859 212.707337 189.152993 141.302112 98.554447 70.301295 541.955945 450.492606 352.172520 299.958914 208.918712 307.835620
108.750000 560.441150 408.265812 311.844110 250.398448 212.811451 189.246759 141.374801 98.608204 70.342448 542.203862 450.700667 352.337677 300.101251 209.021162 307.981402
108.800000 560.697001 408.455369 311.991577 250.519035 212.915562 189.340524 141.447488 98.661960 70.383599 542.451774 450.908724 352.502831 300.243584 209.123609 308.127180
108.850000 560.952844 408.644921 312.139040 250.639619 213.019670 189.434286 141.520174 98.715715 70.424750 542.699679 451.116775 352.667981 300.385915 209.226055 308.272955
108.900000 561.208682 408.834468 312.286499 250.760200 213.123777 189.528046 141.592858 98.769469 70.465901 542.947578 451.324821 352.833127 300.528242 209.328498 308.418726
108.950000 561.464513 409.024012 312.433956 250.880779 213.227881 189.621804 141.665541 98.823222 70.507050 543.195472 451.532862 352.998269 300.670565 209.430939 308.564494
109.000000 561.720339 409.213550 312.581408 251.001354 213.331982 189.715561 141.738222 98.876974 70.548199 543.443359 451.740898 353.163407 300.812886 209.533378 308.710259
109.050000 561.976157 409.403084 312.728858 251.121927 213.436082 189.809315 141.810902 98.930725 70.589348 543.691240 451.948929 353.328541 300.955203 209.635814 308.856020
109.100000 562.231970 409.592614 312.876303 251.242498 213.540179 189.903067 141.883580 98.984475 70.630495 543.939115 452.156955 353.493671 301.097517 209.738249 309.001778
109.150000 562.487776 409.782139 313.023746 251.363065 213.644274 189.996817 141.956257 99.038224 70.671643 544.186984 452.364977 353.658798 301.239827 209.840681 309.147533
109.200000 562.743576 409.971659 313.171185 251.483630 213.748367 190.090565 142.028933 99.091972 70.712789 544.434847 452.572993 353.823920 301.382135 209.943110 309.293284
109.250000 562.999370 410.161175 313.318620 251.604192 213.852457 190.184311 142.101606 99.145719 70.753935 544.682704 452.781004 353.989039 301.524439 210.045538 309.439032
109.300000 563.255158 410.350686 313.466053 251.724752 213.956545 190.278056 142.174279 99.199466 70.795080 544.930555 452.989010 354.154154 301.666739 210.147963 309.584776
109.350000 563.510939 410.540193 313.613481 251.845308 214.060631 190.371798 142.246950 99.253211 70.836225 545.178400 453.197011 354.319265 301.809037 210.250386 309.730517
109.400000 563.766714 410.729696 313.760907 251.965862 214.164714 190.465538 142.319619 99.306955 70.877368 545.426239 453.405007 354.484372 301.951331 210.352807 309.876255
109.450000 564.022483 410.919193 313.908329 252.086414 214.268795 190.559276 142.392287 99.360699 70.918512 545.674072 453.612998 354.649475 302.093622 210.455226 310.021989
109.500000 564.278246 411.108687 314.055747 252.206962 214.372874 190.653012 142.464954 99.414441 70.959654 545.921899 453.820984 354.814574 302.235910 210.557642 310.167720
109.550000 564.534002 411.298176 314.203162 252.327508 214.476951 190.746746 142.537619 99.468182 71.000796 546.169720 454.028966 354.979670 302.378194 210.660056 310.313448
109.600000 564.789752 411.487660 314.350574 252.448051 214.581025 190.840478 142.610283 99.521923 71.041937 546.417534 454.236942 355.144761 302.520475 210.762468 310.459172
109.650000 565.045496 411.677140 314.497982 252.568592 214.685097 190.934208 142.682945 99.575662 71.083078 546.665343 454.444913 355.309849 302.662753 210.864877 310.604893
109.700000 565.301234 411.866615 314.645387 252.689130 214.789167 191.027936 142.755606 99.629401 71.124218 546.913146 454.652879 355.474933 302.805027 210.967285 310.750611
109.750000 565.556966 412.056086 314.792789 252.809665 214.893235 191.121662 142.828265 99.683138 71.165358 547.160943 454.860840 355.640013 302.947299 211.069690 310.896325
