web/models/kne/8/Metzger_0.111556_0.467586_0.450000.dat
# %ECSV 0.9
# ---
# datatype:
# - {name: time, datatype: float64}
# - {name: sdss_u, datatype: float64}
# - {name: sdss_g, datatype: float64}
# - {name: sdss_r, datatype: float64}
# - {name: sdss_i, datatype: float64}
# - {name: sdss_z, datatype: float64}
# - {name: PS1_y, datatype: float64}
# - {name: ukirt_J, datatype: float64}
# - {name: ukirt_H, datatype: float64}
# - {name: ukirt_K, datatype: float64}
# - {name: johnson_U, datatype: float64}
# - {name: johnson_B, datatype: float64}
# - {name: johnson_V, datatype: float64}
# - {name: johnson_R, datatype: float64}
# - {name: johnson_I, datatype: float64}
# - {name: Clear, datatype: float64}
# meta: !!omap
# - comment: [vej = 0.4675862068965517, mej = 0.11155639876849505, Ye = 0.45, redshift = 0.0]
# schema: astropy-2.0
time sdss_u sdss_g sdss_r sdss_i sdss_z PS1_y ukirt_J ukirt_H ukirt_K johnson_U johnson_B johnson_V johnson_R johnson_I Clear
[from data line 2019]
101.050000 441.119785 319.782488 242.940094 193.998215 164.075290 145.323582 107.256186 73.295891 50.893359 426.575373 353.611834 275.205999 233.584869 161.058680 239.862686
101.100000 441.337607 319.943813 243.065547 194.100760 164.163794 145.403269 107.317909 73.341481 50.928206 426.786430 353.788924 275.346526 233.705948 161.145767 239.986701
101.150000 441.555424 320.105133 243.190998 194.203303 164.252296 145.482953 107.379631 73.387070 50.963054 426.997482 353.966010 275.487050 233.827024 161.232852 240.110713
101.200000 441.773236 320.266450 243.316446 194.305844 164.340797 145.562636 107.441353 73.432658 50.997900 427.208528 354.143092 275.627570 233.948098 161.319935 240.234722
101.250000 441.991043 320.427763 243.441891 194.408383 164.429296 145.642318 107.503073 73.478245 51.032747 427.419570 354.320171 275.768088 234.069169 161.407016 240.358728
101.300000 442.208845 320.589073 243.567333 194.510920 164.517792 145.721998 107.564792 73.523832 51.067593 427.630607 354.497244 275.908603 234.190237 161.494096 240.482732
101.350000 442.426641 320.750379 243.692772 194.613454 164.606287 145.801676 107.626510 73.569418 51.102438 427.841638 354.674314 276.049114 234.311303 161.581173 240.606733
101.400000 442.644432 320.911681 243.818209 194.715987 164.694781 145.881353 107.688226 73.615003 51.137283 428.052665 354.851380 276.189622 234.432366 161.668249 240.730731
101.450000 442.862219 321.072979 243.943643 194.818517 164.783272 145.961028 107.749942 73.660588 51.172128 428.263687 355.028442 276.330127 234.553426 161.755324 240.854727
101.500000 443.080000 321.234274 244.069075 194.921045 164.871762 146.040702 107.811657 73.706172 51.206972 428.474704 355.205499 276.470629 234.674484 161.842396 240.978720
101.550000 443.297776 321.395565 244.194503 195.023571 164.960250 146.120374 107.873370 73.751755 51.241816 428.685716 355.382553 276.611128 234.795539 161.929467 241.102710
101.600000 443.515547 321.556853 244.319929 195.126094 165.048736 146.200045 107.935083 73.797338 51.276660 428.896723 355.559602 276.751624 234.916592 162.016536 241.226697
101.650000 443.733312 321.718137 244.445352 195.228616 165.137220 146.279714 107.996794 73.842920 51.311503 429.107724 355.736648 276.892116 235.037642 162.103603 241.350682
101.700000 443.951073 321.879417 244.570772 195.331135 165.225703 146.359381 108.058504 73.888501 51.346346 429.318722 355.913689 277.032606 235.158689 162.190669 241.474664
101.750000 444.168828 322.040693 244.696190 195.433652 165.314183 146.439047 108.120213 73.934082 51.381188 429.529714 356.090726 277.173092 235.279734 162.277732 241.598643
101.800000 444.386579 322.201966 244.821605 195.536168 165.402662 146.518711 108.181921 73.979662 51.416030 429.740701 356.267759 277.313575 235.400776 162.364794 241.722620
101.850000 444.604324 322.363235 244.947017 195.638681 165.491139 146.598374 108.243628 74.025241 51.450871 429.951683 356.444789 277.454055 235.521815 162.451855 241.846594
101.900000 444.822064 322.524501 245.072426 195.741191 165.579615 146.678035 108.305334 74.070820 51.485712 430.162660 356.621814 277.594532 235.642852 162.538913 241.970565
101.950000 445.039799 322.685763 245.197833 195.843700 165.668088 146.757695 108.367039 74.116398 51.520553 430.373632 356.798835 277.735006 235.763886 162.625970 242.094533
102.000000 445.257529 322.847021 245.323237 195.946207 165.756560 146.837353 108.428742 74.161975 51.555393 430.584600 356.975852 277.875476 235.884918 162.713025 242.218499
102.050000 445.475254 323.008276 245.448638 196.048711 165.845030 146.917010 108.490445 74.207552 51.590233 430.795562 357.152864 278.015944 236.005947 162.800078 242.342462
102.100000 445.692973 323.169526 245.574036 196.151213 165.933498 146.996665 108.552146 74.253128 51.625073 431.006520 357.329873 278.156408 236.126973 162.887130 242.466423
102.150000 445.910688 323.330774 245.699432 196.253713 166.021965 147.076318 108.613847 74.298703 51.659912 431.217472 357.506878 278.296870 236.247997 162.974180 242.590380
102.200000 446.128397 323.492017 245.824825 196.356211 166.110430 147.155970 108.675546 74.344277 51.694751 431.428420 357.683879 278.437328 236.369018 163.061228 242.714336
102.250000 446.346102 323.653257 245.950215 196.458707 166.198893 147.235620 108.737244 74.389851 51.729589 431.639363 357.860875 278.577783 236.490037 163.148274 242.838288
102.300000 446.563801 323.814494 246.075603 196.561201 166.287354 147.315269 108.798941 74.435424 51.764427 431.850301 358.037868 278.718235 236.611052 163.235319 242.962238
102.350000 446.781495 323.975726 246.200987 196.663692 166.375813 147.394916 108.860638 74.480997 51.799264 432.061234 358.214856 278.858684 236.732066 163.322361 243.086185
102.400000 446.999185 324.136955 246.326370 196.766182 166.464271 147.474562 108.922332 74.526569 51.834101 432.272162 358.391841 278.999130 236.853076 163.409403 243.210129
102.450000 447.216869 324.298181 246.451749 196.868669 166.552727 147.554206 108.984026 74.572140 51.868938 432.483085 358.568821 279.139573 236.974084 163.496442 243.334071
102.500000 447.434548 324.459403 246.577126 196.971154 166.641181 147.633849 109.045719 74.617710 51.903774 432.694003 358.745798 279.280012 237.095090 163.583480 243.458010
102.550000 447.652222 324.620621 246.702500 197.073637 166.729633 147.713490 109.107411 74.663280 51.938610 432.904916 358.922770 279.420449 237.216093 163.670515 243.581946
102.600000 447.869891 324.781835 246.827871 197.176118 166.818083 147.793130 109.169101 74.708849 51.973446 433.115825 359.099739 279.560882 237.337093 163.757550 243.705879
102.650000 448.087554 324.943046 246.953239 197.278597 166.906532 147.872768 109.230791 74.754418 52.008281 433.326728 359.276703 279.701312 237.458091 163.844582 243.829810
102.700000 448.305213 325.104253 247.078605 197.381074 166.994979 147.952404 109.292479 74.799986 52.043116 433.537627 359.453663 279.841740 237.579086 163.931613 243.953739
102.750000 448.522867 325.265457 247.203968 197.483548 167.083424 148.032039 109.354167 74.845553 52.077950 433.748521 359.630620 279.982164 237.700078 164.018642 244.077664
102.800000 448.740515 325.426657 247.329329 197.586021 167.171868 148.111672 109.415853 74.891119 52.112784 433.959409 359.807572 280.122585 237.821068 164.105669 244.201587
102.850000 448.958159 325.587854 247.454686 197.688491 167.260309 148.191304 109.477538 74.936685 52.147617 434.170293 359.984520 280.263003 237.942055 164.192694 244.325508
102.900000 449.175798 325.749046 247.580041 197.790959 167.348749 148.270934 109.539222 74.982250 52.182450 434.381173 360.161465 280.403417 238.063040 164.279718 244.449425
102.950000 449.393431 325.910236 247.705394 197.893425 167.437188 148.350563 109.600905 75.027814 52.217283 434.592047 360.338405 280.543829 238.184022 164.366740 244.573340
103.000000 449.611059 326.071421 247.830743 197.995889 167.525624 148.430190 109.662587 75.073378 52.252115 434.802916 360.515341 280.684238 238.305002 164.453761 244.697252
103.050000 449.828683 326.232603 247.956090 198.098351 167.614059 148.509816 109.724268 75.118941 52.286947 435.013781 360.692273 280.824644 238.425979 164.540779 244.821162
103.100000 450.046301 326.393782 248.081434 198.200811 167.702491 148.589440 109.785948 75.164504 52.321779 435.224640 360.869202 280.965046 238.546953 164.627796 244.945069
103.150000 450.263915 326.554956 248.206776 198.303268 167.790923 148.669063 109.847626 75.210065 52.356610 435.435495 361.046126 281.105446 238.667925 164.714811 245.068973
103.200000 450.481523 326.716128 248.332115 198.405724 167.879352 148.748684 109.909304 75.255626 52.391441 435.646345 361.223046 281.245842 238.788894 164.801825 245.192875
103.250000 450.699126 326.877295 248.457451 198.508177 167.967780 148.828303 109.970980 75.301187 52.426271 435.857190 361.399962 281.386235 238.909861 164.888837 245.316774
103.300000 450.916724 327.038459 248.582784 198.610628 168.056205 148.907921 110.032656 75.346747 52.461101 436.068030 361.576875 281.526625 239.030825 164.975847 245.440670
103.350000 451.134318 327.199620 248.708115 198.713078 168.144630 148.987538 110.094330 75.392306 52.495930 436.278866 361.753783 281.667013 239.151786 165.062855 245.564564
103.400000 451.351906 327.360776 248.833443 198.815525 168.233052 149.067153 110.156004 75.437864 52.530760 436.489696 361.930687 281.807397 239.272745 165.149861 245.688455
103.450000 451.569489 327.521930 248.958769 198.917970 168.321472 149.146766 110.217676 75.483422 52.565588 436.700522 362.107588 281.947778 239.393701 165.236866 245.812343
103.500000 451.787067 327.683079 249.084091 199.020412 168.409891 149.226378 110.279347 75.528979 52.600417 436.911343 362.284484 282.088156 239.514655 165.323869 245.936229
103.550000 452.004640 327.844225 249.209411 199.122853 168.498308 149.305988 110.341017 75.574535 52.635244 437.122159 362.461376 282.228531 239.635606 165.410871 246.060112
103.600000 452.222209 328.005368 249.334729 199.225292 168.586724 149.385597 110.402686 75.620091 52.670072 437.332970 362.638264 282.368903 239.756555 165.497871 246.183993
103.650000 452.439772 328.166507 249.460043 199.327728 168.675137 149.465204 110.464354 75.665646 52.704899 437.543776 362.815149 282.509271 239.877501 165.584869 246.307870
103.700000 452.657330 328.327642 249.585355 199.430163 168.763549 149.544810 110.526021 75.711200 52.739726 437.754578 362.992029 282.649637 239.998444 165.671865 246.431746
103.750000 452.874883 328.488774 249.710665 199.532595 168.851959 149.624414 110.587686 75.756754 52.774552 437.965374 363.168906 282.790000 240.119385 165.758859 246.555618
103.800000 453.092431 328.649902 249.835971 199.635025 168.940368 149.704017 110.649351 75.802307 52.809378 438.176166 363.345778 282.930359 240.240324 165.845852 246.679488
103.850000 453.309974 328.811026 249.961275 199.737454 169.028774 149.783618 110.711015 75.847859 52.844204 438.386953 363.522647 283.070716 240.361259 165.932843 246.803355
103.900000 453.527513 328.972147 250.086577 199.839880 169.117179 149.863218 110.772677 75.893411 52.879029 438.597735 363.699511 283.211070 240.482193 166.019833 246.927220
103.950000 453.745046 329.133265 250.211875 199.942304 169.205582 149.942816 110.834339 75.938962 52.913853 438.808513 363.876372 283.351420 240.603123 166.106821 247.051082
104.000000 453.962574 329.294379 250.337171 200.044725 169.293984 150.022413 110.895999 75.984513 52.948678 439.019285 364.053228 283.491768 240.724051 166.193807 247.174941
104.050000 454.180097 329.455489 250.462465 200.147145 169.382383 150.102008 110.957659 76.030062 52.983502 439.230053 364.230081 283.632112 240.844977 166.280791 247.298798
104.100000 454.397616 329.616596 250.587755 200.249563 169.470781 150.181601 111.019317 76.075611 53.018325 439.440816 364.406930 283.772453 240.965900 166.367774 247.422652
104.150000 454.615129 329.777699 250.713043 200.351978 169.559177 150.261194 111.080974 76.121160 53.053148 439.651574 364.583774 283.912792 241.086820 166.454755 247.546503
104.200000 454.832637 329.938799 250.838329 200.454392 169.647572 150.340784 111.142630 76.166707 53.087971 439.862328 364.760615 284.053127 241.207738 166.541734 247.670352
104.250000 455.050141 330.099895 250.963611 200.556803 169.735965 150.420373 111.204285 76.212254 53.122793 440.073076 364.937452 284.193459 241.328653 166.628711 247.794199
104.300000 455.267639 330.260987 251.088891 200.659213 169.824356 150.499961 111.265939 76.257801 53.157615 440.283820 365.114285 284.333788 241.449566 166.715687 247.918042
104.350000 455.485133 330.422076 251.214169 200.761620 169.912745 150.579547 111.327592 76.303347 53.192437 440.494559 365.291114 284.474115 241.570476 166.802661 248.041883
104.400000 455.702621 330.583162 251.339443 200.864025 170.001132 150.659131 111.389244 76.348892 53.227258 440.705293 365.467939 284.614438 241.691384 166.889634 248.165722
104.450000 455.920105 330.744244 251.464715 200.966428 170.089518 150.738714 111.450895 76.394436 53.262079 440.916023 365.644760 284.754758 241.812289 166.976604 248.289557
104.500000 456.137583 330.905322 251.589985 201.068829 170.177902 150.818296 111.512544 76.439980 53.296899 441.126747 365.821577 284.895075 241.933192 167.063573 248.413390
104.550000 456.355057 331.066397 251.715251 201.171228 170.266284 150.897876 111.574193 76.485523 53.331719 441.337467 365.998390 285.035389 242.054092 167.150541 248.537221
104.600000 456.572526 331.227468 251.840515 201.273625 170.354665 150.977454 111.635841 76.531065 53.366539 441.548182 366.175199 285.175700 242.174989 167.237506 248.661049
104.650000 456.789989 331.388536 251.965777 201.376020 170.443044 151.057031 111.697487 76.576607 53.401358 441.758892 366.352005 285.316008 242.295884 167.324470 248.784874
104.700000 457.007448 331.549600 252.091036 201.478412 170.531421 151.136606 111.759133 76.622148 53.436177 441.969598 366.528806 285.456313 242.416777 167.411433 248.908697
104.750000 457.224902 331.710660 252.216292 201.580803 170.619796 151.216180 111.820777 76.667688 53.470995 442.180299 366.705603 285.596615 242.537667 167.498393 249.032517
104.800000 457.442351 331.871718 252.341545 201.683191 170.708170 151.295753 111.882421 76.713228 53.505813 442.390995 366.882397 285.736914 242.658554 167.585352 249.156334
104.850000 457.659795 332.032771 252.466796 201.785578 170.796542 151.375324 111.944063 76.758767 53.540631 442.601686 367.059187 285.877210 242.779439 167.672309 249.280149
104.900000 457.877234 332.193821 252.592044 201.887962 170.884912 151.454893 112.005704 76.804306 53.575448 442.812372 367.235972 286.017503 242.900321 167.759265 249.403961
104.950000 458.094668 332.354868 252.717290 201.990344 170.973280 151.534461 112.067344 76.849843 53.610265 443.023054 367.412754 286.157793 243.021201 167.846218 249.527771
105.000000 458.312098 332.515911 252.842533 202.092725 171.061647 151.614027 112.128983 76.895380 53.645081 443.233731 367.589532 286.298080 243.142078 167.933171 249.651578
105.050000 458.529522 332.676950 252.967773 202.195103 171.150012 151.693592 112.190621 76.940917 53.679897 443.444403 367.766306 286.438364 243.262953 168.020121 249.775383
105.100000 458.746941 332.837986 253.093011 202.297479 171.238376 151.773156 112.252258 76.986453 53.714713 443.655071 367.943076 286.578645 243.383825 168.107070 249.899185
105.150000 458.964356 332.999019 253.218246 202.399853 171.326737 151.852718 112.313894 77.031988 53.749528 443.865733 368.119842 286.718923 243.504695 168.194017 250.022984
105.200000 459.181765 333.160048 253.343478 202.502225 171.415097 151.932278 112.375529 77.077522 53.784343 444.076391 368.296604 286.859198 243.625562 168.280962 250.146780
105.250000 459.399170 333.321073 253.468708 202.604595 171.503455 152.011837 112.437163 77.123056 53.819157 444.287045 368.473363 286.999470 243.746427 168.367906 250.270575
105.300000 459.616570 333.482095 253.593935 202.706963 171.591812 152.091394 112.498796 77.168589 53.853971 444.497693 368.650117 287.139739 243.867289 168.454848 250.394366
105.350000 459.833965 333.643113 253.719160 202.809329 171.680166 152.170950 112.560427 77.214122 53.888785 444.708337 368.826868 287.280005 243.988148 168.541788 250.518155
105.400000 460.051355 333.804128 253.844382 202.911692 171.768519 152.250504 112.622058 77.259653 53.923598 444.918976 369.003614 287.420267 244.109005 168.628727 250.641941
105.450000 460.268740 333.965140 253.969601 203.014054 171.856871 152.330057 112.683688 77.305185 53.958411 445.129610 369.180357 287.560527 244.229860 168.715664 250.765725
105.500000 460.486120 334.126148 254.094818 203.116414 171.945220 152.409609 112.745316 77.350715 53.993223 445.340240 369.357096 287.700784 244.350712 168.802599 250.889506
105.550000 460.703495 334.287152 254.220032 203.218771 172.033568 152.489159 112.806944 77.396245 54.028036 445.550865 369.533831 287.841038 244.471562 168.889533 251.013285
