web/models/kne/8/Metzger_0.010562_0.256897_0.450000.dat
# %ECSV 0.9
# ---
# datatype:
# - {name: time, datatype: float64}
# - {name: sdss_u, datatype: float64}
# - {name: sdss_g, datatype: float64}
# - {name: sdss_r, datatype: float64}
# - {name: sdss_i, datatype: float64}
# - {name: sdss_z, datatype: float64}
# - {name: PS1_y, datatype: float64}
# - {name: ukirt_J, datatype: float64}
# - {name: ukirt_H, datatype: float64}
# - {name: ukirt_K, datatype: float64}
# - {name: johnson_U, datatype: float64}
# - {name: johnson_B, datatype: float64}
# - {name: johnson_V, datatype: float64}
# - {name: johnson_R, datatype: float64}
# - {name: johnson_I, datatype: float64}
# - {name: Clear, datatype: float64}
# meta: !!omap
# - comment: [vej = 0.25689655172413794, mej = 0.010562026262441078, Ye = 0.45, redshift = 0.0]
# schema: astropy-2.0
time sdss_u sdss_g sdss_r sdss_i sdss_z PS1_y ukirt_J ukirt_H ukirt_K johnson_U johnson_B johnson_V johnson_R johnson_I Clear
[from data line 2457]
122.950000 715.559852 523.615759 401.944574 324.374027 276.903437 247.131919 186.615994 132.492784 96.665812 692.560228 577.148285 453.048538 387.122619 272.115411 397.069140
123.000000 715.844171 523.826467 402.108544 324.508151 277.019266 247.236260 186.696930 132.552699 96.711732 692.835732 577.379534 453.232148 387.280890 272.229393 397.231237
123.050000 716.128485 524.037171 402.272512 324.642272 277.135093 247.340599 186.777866 132.612614 96.757651 693.111231 577.610779 453.415756 387.439159 272.343374 397.393330
123.100000 716.412795 524.247871 402.436478 324.776392 277.250919 247.444936 186.858800 132.672528 96.803570 693.386726 577.842020 453.599360 387.597425 272.457353 397.555421
123.150000 716.697099 524.458568 402.600441 324.910509 277.366743 247.549272 186.939733 132.732441 96.849488 693.662216 578.073258 453.782962 387.755689 272.571330 397.717510
123.200000 716.981398 524.669261 402.764401 325.044624 277.482565 247.653606 187.020665 132.792354 96.895406 693.937701 578.304491 453.966560 387.913950 272.685306 397.879595
123.250000 717.265693 524.879951 402.928358 325.178737 277.598385 247.757938 187.101596 132.852266 96.941323 694.213181 578.535721 454.150155 388.072209 272.799279 398.041678
123.300000 717.549982 525.090637 403.092313 325.312848 277.714204 247.862269 187.182526 132.912177 96.987240 694.488656 578.766946 454.333747 388.230464 272.913251 398.203758
123.350000 717.834267 525.301319 403.256265 325.446957 277.830020 247.966599 187.263454 132.972087 97.033156 694.764127 578.998168 454.517337 388.388718 273.027221 398.365836
123.400000 718.118547 525.511998 403.420214 325.581063 277.945835 248.070926 187.344382 133.031996 97.079072 695.039593 579.229385 454.700923 388.546968 273.141189 398.527911
123.450000 718.402822 525.722674 403.584160 325.715168 278.061648 248.175253 187.425308 133.091905 97.124987 695.315054 579.460599 454.884506 388.705216 273.255156 398.689983
123.500000 718.687091 525.933345 403.748104 325.849270 278.177460 248.279577 187.506233 133.151813 97.170902 695.590511 579.691808 455.068086 388.863462 273.369121 398.852053
123.550000 718.971356 526.144014 403.912045 325.983370 278.293269 248.383900 187.587157 133.211720 97.216816 695.865962 579.923014 455.251663 389.021705 273.483084 399.014120
123.600000 719.255616 526.354678 404.075984 326.117468 278.409077 248.488221 187.668079 133.271626 97.262730 696.141409 580.154216 455.435236 389.179945 273.597045 399.176184
123.650000 719.539871 526.565339 404.239919 326.251564 278.524882 248.592541 187.749001 133.331532 97.308643 696.416852 580.385414 455.618807 389.338183 273.711005 399.338246
123.700000 719.824122 526.775997 404.403853 326.385658 278.640686 248.696859 187.829921 133.391437 97.354556 696.692289 580.616608 455.802375 389.496418 273.824962 399.500305
123.750000 720.108367 526.986651 404.567783 326.519750 278.756489 248.801176 187.910840 133.451341 97.400468 696.967722 580.847798 455.985940 389.654651 273.938918 399.662361
123.800000 720.392607 527.197301 404.731711 326.653839 278.872289 248.905491 187.991759 133.511244 97.446380 697.243150 581.078984 456.169501 389.812881 274.052872 399.824415
123.850000 720.676843 527.407948 404.895636 326.787927 278.988088 249.009805 188.072675 133.571147 97.492291 697.518573 581.310166 456.353060 389.971108 274.166825 399.986466
123.900000 720.961073 527.618592 405.059558 326.922012 279.103885 249.114116 188.153591 133.631048 97.538201 697.793991 581.541344 456.536616 390.129333 274.280775 400.148514
123.950000 721.245299 527.829232 405.223478 327.056095 279.219680 249.218427 188.234506 133.690949 97.584111 698.069405 581.772519 456.720168 390.287555 274.394724 400.310560
124.000000 721.529520 528.039868 405.387395 327.190176 279.335473 249.322735 188.315419 133.750850 97.630021 698.344814 582.003689 456.903717 390.445775 274.508671 400.472603
124.050000 721.813736 528.250501 405.551309 327.324255 279.451264 249.427043 188.396332 133.810749 97.675930 698.620218 582.234856 457.087264 390.603992 274.622617 400.634644
124.100000 722.097947 528.461130 405.715220 327.458331 279.567054 249.531348 188.477243 133.870648 97.721839 698.895618 582.466018 457.270807 390.762207 274.736560 400.796682
124.150000 722.382153 528.671756 405.879129 327.592406 279.682842 249.635652 188.558153 133.930546 97.767747 699.171012 582.697177 457.454348 390.920418 274.850502 400.958717
124.200000 722.666354 528.882378 406.043036 327.726478 279.798628 249.739954 188.639062 133.990443 97.813655 699.446402 582.928332 457.637885 391.078628 274.964442 401.120749
124.250000 722.950550 529.092996 406.206939 327.860549 279.914412 249.844255 188.719969 134.050339 97.859562 699.721788 583.159483 457.821419 391.236835 275.078381 401.282779
124.300000 723.234742 529.303611 406.370840 327.994617 280.030195 249.948554 188.800876 134.110235 97.905468 699.997168 583.390629 458.004950 391.395039 275.192317 401.444806
124.350000 723.518928 529.514223 406.534738 328.128683 280.145975 250.052852 188.881781 134.170130 97.951374 700.272544 583.621772 458.188479 391.553241 275.306252 401.606831
124.400000 723.803110 529.724831 406.698634 328.262747 280.261754 250.157148 188.962686 134.230024 97.997280 700.547915 583.852912 458.372004 391.711440 275.420185 401.768853
124.450000 724.087287 529.935435 406.862527 328.396808 280.377531 250.261443 189.043589 134.289917 98.043185 700.823282 584.084047 458.555526 391.869636 275.534116 401.930872
124.500000 724.371459 530.146036 407.026417 328.530868 280.493307 250.365736 189.124491 134.349810 98.089090 701.098644 584.315178 458.739045 392.027830 275.648046 402.092889
124.550000 724.655626 530.356634 407.190304 328.664926 280.609080 250.470027 189.205391 134.409702 98.134994 701.374001 584.546305 458.922561 392.186022 275.761974 402.254903
124.600000 724.939788 530.567228 407.354189 328.798981 280.724852 250.574317 189.286291 134.469593 98.180897 701.649353 584.777429 459.106074 392.344210 275.875900 402.416915
124.650000 725.223945 530.777818 407.518071 328.933034 280.840622 250.678605 189.367190 134.529483 98.226800 701.924701 585.008549 459.289584 392.502397 275.989824 402.578923
124.700000 725.508097 530.988405 407.681951 329.067086 280.956390 250.782891 189.448087 134.589372 98.272703 702.200044 585.239664 459.473091 392.660581 276.103747 402.740930
124.750000 725.792245 531.198988 407.845828 329.201135 281.072157 250.887176 189.528983 134.649261 98.318605 702.475382 585.470776 459.656595 392.818762 276.217667 402.902933
124.800000 726.076388 531.409568 408.009702 329.335182 281.187921 250.991460 189.609878 134.709149 98.364506 702.750715 585.701884 459.840096 392.976940 276.331587 403.064934
124.850000 726.360526 531.620145 408.173574 329.469226 281.303684 251.095742 189.690772 134.769036 98.410407 703.026044 585.932988 460.023594 393.135116 276.445504 403.226932
124.900000 726.644659 531.830717 408.337443 329.603269 281.419445 251.200022 189.771665 134.828923 98.456308 703.301368 586.164088 460.207089 393.293290 276.559419 403.388928
124.950000 726.928787 532.041287 408.501309 329.737310 281.535205 251.304301 189.852557 134.888809 98.502208 703.576688 586.395185 460.390581 393.451461 276.673333 403.550921
125.000000 727.212910 532.251853 408.665172 329.871348 281.650962 251.408578 189.933447 134.948694 98.548107 703.852002 586.626277 460.574070 393.609629 276.787245 403.712911
125.050000 727.497029 532.462415 408.829033 330.005385 281.766718 251.512854 190.014337 135.008578 98.594006 704.127312 586.857365 460.757556 393.767795 276.901156 403.874899
125.100000 727.781142 532.672974 408.992892 330.139419 281.882472 251.617128 190.095225 135.068461 98.639905 704.402618 587.088450 460.941039 393.925958 277.015064 404.036884
125.150000 728.065251 532.883529 409.156747 330.273451 281.998224 251.721400 190.176112 135.128344 98.685803 704.677919 587.319531 461.124518 394.084119 277.128971 404.198867
125.200000 728.349355 533.094081 409.320600 330.407481 282.113974 251.825671 190.256998 135.188226 98.731700 704.953215 587.550608 461.307995 394.242277 277.242876 404.360847
125.250000 728.633454 533.304629 409.484451 330.541509 282.229723 251.929940 190.337883 135.248107 98.777597 705.228506 587.781681 461.491469 394.400433 277.356779 404.522824
125.300000 728.917548 533.515174 409.648298 330.675535 282.345470 252.034208 190.418766 135.307987 98.823494 705.503793 588.012750 461.674940 394.558586 277.470681 404.684799
125.350000 729.201638 533.725715 409.812143 330.809559 282.461215 252.138474 190.499649 135.367867 98.869390 705.779075 588.243815 461.858408 394.716737 277.584581 404.846771
125.400000 729.485722 533.936253 409.975986 330.943580 282.576958 252.242739 190.580530 135.427746 98.915285 706.054352 588.474877 462.041873 394.874885 277.698479 405.008740
125.450000 729.769802 534.146787 410.139825 331.077600 282.692700 252.347002 190.661410 135.487624 98.961180 706.329624 588.705934 462.225335 395.033030 277.812375 405.170707
125.500000 730.053877 534.357318 410.303662 331.211617 282.808439 252.451263 190.742289 135.547502 99.007075 706.604892 588.936988 462.408793 395.191173 277.926270 405.332672
125.550000 730.337947 534.567845 410.467497 331.345633 282.924177 252.555523 190.823167 135.607378 99.052969 706.880156 589.168038 462.592249 395.349313 278.040163 405.494633
125.600000 730.622012 534.778369 410.631329 331.479646 283.039914 252.659782 190.904044 135.667254 99.098862 707.155414 589.399084 462.775702 395.507451 278.154054 405.656592
125.650000 730.906073 534.988889 410.795158 331.613657 283.155648 252.764039 190.984920 135.727129 99.144755 707.430668 589.630126 462.959152 395.665587 278.267944 405.818549
125.700000 731.190129 535.199406 410.958984 331.747666 283.271381 252.868294 191.065794 135.787003 99.190648 707.705918 589.861164 463.142599 395.823719 278.381831 405.980503
125.750000 731.474179 535.409920 411.122808 331.881673 283.387112 252.972548 191.146668 135.846877 99.236539 707.981162 590.092198 463.326043 395.981850 278.495717 406.142454
125.800000 731.758225 535.620430 411.286629 332.015678 283.502841 253.076800 191.227540 135.906750 99.282431 708.256402 590.323229 463.509483 396.139977 278.609601 406.304402
125.850000 732.042267 535.830936 411.450448 332.149681 283.618568 253.181050 191.308411 135.966622 99.328322 708.531638 590.554255 463.692921 396.298102 278.723484 406.466348
125.900000 732.326303 536.041439 411.614264 332.283681 283.734294 253.285299 191.389281 136.026493 99.374212 708.806869 590.785278 463.876356 396.456225 278.837365 406.628292
125.950000 732.610335 536.251938 411.778077 332.417680 283.850018 253.389547 191.470150 136.086364 99.420102 709.082095 591.016297 464.059788 396.614345 278.951244 406.790233
126.000000 732.894361 536.462434 411.941888 332.551676 283.965740 253.493793 191.551018 136.146234 99.465992 709.357316 591.247312 464.243217 396.772463 279.065121 406.952171
126.050000 733.178384 536.672927 412.105696 332.685671 284.081460 253.598037 191.631884 136.206103 99.511881 709.632533 591.478324 464.426643 396.930578 279.178997 407.114107
126.100000 733.462401 536.883416 412.269502 332.819663 284.197179 253.702280 191.712750 136.265971 99.557769 709.907745 591.709331 464.610066 397.088690 279.292871 407.276040
126.150000 733.746413 537.093902 412.433304 332.953653 284.312895 253.806521 191.793614 136.325839 99.603657 710.182953 591.940335 464.793486 397.246800 279.406743 407.437970
126.200000 734.030421 537.304384 412.597105 333.087641 284.428610 253.910761 191.874477 136.385705 99.649544 710.458156 592.171334 464.976903 397.404908 279.520613 407.599898
126.250000 734.314424 537.514862 412.760902 333.221627 284.544324 254.014999 191.955340 136.445571 99.695431 710.733354 592.402330 465.160317 397.563013 279.634482 407.761823
126.300000 734.598422 537.725337 412.924697 333.355611 284.660035 254.119236 192.036200 136.505437 99.741318 711.008547 592.633322 465.343728 397.721115 279.748349 407.923746
126.350000 734.882415 537.935809 413.088490 333.489593 284.775745 254.223471 192.117060 136.565301 99.787204 711.283736 592.864311 465.527136 397.879215 279.862214 408.085666
126.400000 735.166403 538.146277 413.252279 333.623573 284.891453 254.327704 192.197919 136.625165 99.833089 711.558921 593.095295 465.710541 398.037313 279.976077 408.247583
126.450000 735.450387 538.356742 413.416066 333.757550 285.007159 254.431936 192.278776 136.685028 99.878974 711.834101 593.326276 465.893943 398.195408 280.089939 408.409498
126.500000 735.734366 538.567204 413.579851 333.891526 285.122864 254.536167 192.359633 136.744890 99.924858 712.109276 593.557253 466.077342 398.353500 280.203799 408.571411
126.550000 736.018340 538.777661 413.743633 334.025499 285.238567 254.640395 192.440488 136.804752 99.970742 712.384446 593.788226 466.260738 398.511590 280.317658 408.733320
126.600000 736.302309 538.988116 413.907412 334.159471 285.354268 254.744623 192.521342 136.864613 100.016626 712.659612 594.019195 466.444132 398.669677 280.431514 408.895227
126.650000 736.586274 539.198567 414.071188 334.293440 285.469967 254.848848 192.602195 136.924473 100.062509 712.934773 594.250160 466.627522 398.827762 280.545369 409.057132
126.700000 736.870234 539.409014 414.234962 334.427407 285.585664 254.953073 192.683047 136.984332 100.108391 713.209930 594.481121 466.810909 398.985844 280.659222 409.219034
126.750000 737.154189 539.619458 414.398734 334.561372 285.701360 255.057295 192.763898 137.044191 100.154273 713.485082 594.712079 466.994293 399.143924 280.773074 409.380933
126.800000 737.438139 539.829899 414.562503 334.695336 285.817054 255.161516 192.844748 137.104048 100.200154 713.760230 594.943033 467.177675 399.302001 280.886924 409.542830
126.850000 737.722085 540.040336 414.726269 334.829297 285.932746 255.265736 192.925596 137.163905 100.246035 714.035372 595.173983 467.361053 399.460076 281.000772 409.704724
126.900000 738.006026 540.250770 414.890032 334.963256 286.048437 255.369954 193.006444 137.223762 100.291916 714.310511 595.404929 467.544428 399.618148 281.114618 409.866616
126.950000 738.289962 540.461200 415.053793 335.097212 286.164126 255.474171 193.087290 137.283617 100.337796 714.585644 595.635872 467.727801 399.776218 281.228462 410.028505
127.000000 738.573893 540.671627 415.217552 335.231167 286.279813 255.578386 193.168135 137.343472 100.383675 714.860773 595.866810 467.911170 399.934285 281.342305 410.190392
127.050000 inf 540.882051 415.381307 335.365120 286.395498 255.682599 193.248979 137.403326 100.429554 715.135898 596.097745 468.094537 400.092350 281.456146 410.352276
127.100000 nan 541.092470 415.545061 335.499071 286.511181 255.786811 193.329822 137.463179 100.475433 715.411018 596.328676 468.277900 400.250412 281.569986 410.514157
127.150000 nan 541.302887 415.708811 335.633019 286.626863 255.891021 193.410664 137.523032 100.521310 715.686133 596.559603 468.461261 400.408472 281.683824 410.676036
127.200000 nan 541.513300 415.872559 335.766966 286.742543 255.995230 193.491505 137.582884 100.567188 715.961244 596.790527 468.644619 400.566529 281.797660 410.837912
127.250000 nan 541.723710 416.036304 335.900910 286.858221 256.099437 193.572344 137.642735 100.613065 716.236350 597.021446 468.827973 400.724584 281.911494 410.999786
127.300000 nan 541.934116 416.200047 336.034852 286.973898 256.203643 193.653183 137.702585 100.658941 716.511451 597.252362 469.011325 400.882637 282.025327 411.161657
127.350000 nan 542.144519 416.363787 336.168793 287.089573 256.307847 193.734020 137.762435 100.704817 716.786548 597.483274 469.194674 401.040686 282.139158 411.323526
127.400000 nan 542.354918 416.527525 336.302731 287.205246 256.412050 193.814856 137.822283 100.750693 717.061640 597.714182 469.378020 401.198734 282.252987 411.485391
127.450000 nan 542.565314 416.691260 336.436667 287.320917 256.516251 193.895691 137.882131 100.796568 717.336728 597.945087 469.561363 401.356778 282.366814 411.647255
