web/models/kne/8/Metzger_0.020089_0.337931_0.100000.dat
# %ECSV 0.9
# ---
# datatype:
# - {name: time, datatype: float64}
# - {name: sdss_u, datatype: float64}
# - {name: sdss_g, datatype: float64}
# - {name: sdss_r, datatype: float64}
# - {name: sdss_i, datatype: float64}
# - {name: sdss_z, datatype: float64}
# - {name: PS1_y, datatype: float64}
# - {name: ukirt_J, datatype: float64}
# - {name: ukirt_H, datatype: float64}
# - {name: ukirt_K, datatype: float64}
# - {name: johnson_U, datatype: float64}
# - {name: johnson_B, datatype: float64}
# - {name: johnson_V, datatype: float64}
# - {name: johnson_R, datatype: float64}
# - {name: johnson_I, datatype: float64}
# - {name: Clear, datatype: float64}
# meta: !!omap
# - comment: [vej = 0.33793103448275863, mej = 0.02008866315339448, Ye = 0.1, redshift = 0.0]
# schema: astropy-2.0
time sdss_u sdss_g sdss_r sdss_i sdss_z PS1_y ukirt_J ukirt_H ukirt_K johnson_U johnson_B johnson_V johnson_R johnson_I Clear
[from data line 2278]
114.000000 651.872997 476.255013 364.949398 293.998536 250.585417 223.361964 168.036716 118.575691 85.852795 630.828436 525.231656 411.697517 351.391491 246.206989 360.489714
114.050000 652.153530 476.462893 365.111151 294.130831 250.699656 223.464863 168.116517 118.634745 85.898035 631.100268 525.459810 411.878654 351.547619 246.319405 360.649617
114.100000 652.434056 476.670770 365.272900 294.263123 250.813893 223.567761 168.196316 118.693798 85.943275 631.372095 525.687960 412.059787 351.703744 246.431819 360.809517
114.150000 652.714577 476.878642 365.434647 294.395413 250.928128 223.670657 168.276115 118.752850 85.988515 631.643916 525.916105 412.240917 351.859866 246.544231 360.969413
114.200000 652.995093 477.086509 365.596390 294.527700 251.042360 223.773551 168.355911 118.811901 86.033753 631.915732 526.144246 412.422043 352.015984 246.656640 361.129307
114.250000 653.275602 477.294373 365.758130 294.659985 251.156590 223.876444 168.435707 118.870951 86.078991 632.187542 526.372381 412.603165 352.172100 246.769048 361.289197
114.300000 653.556106 477.502232 365.919867 294.792267 251.270818 223.979334 168.515501 118.930000 86.124229 632.459346 526.600512 412.784284 352.328212 246.881454 361.449084
114.350000 653.836604 477.710088 366.081601 294.924547 251.385045 224.082223 168.595294 118.989049 86.169466 632.731145 526.828639 412.965399 352.484322 246.993857 361.608968
114.400000 654.117096 477.917939 366.243332 295.056824 251.499269 224.185109 168.675085 119.048096 86.214702 633.002939 527.056761 413.146510 352.640428 247.106259 361.768849
114.450000 654.397582 478.125786 366.405059 295.189099 251.613490 224.287994 168.754875 119.107143 86.259938 633.274726 527.284878 413.327618 352.796532 247.218658 361.928727
114.500000 654.678063 478.333628 366.566784 295.321371 251.727710 224.390877 168.834664 119.166189 86.305173 633.546508 527.512991 413.508722 352.952632 247.331056 362.088601
114.550000 654.958537 478.541467 366.728505 295.453640 251.841928 224.493758 168.914451 119.225234 86.350408 633.818285 527.741099 413.689823 353.108729 247.443451 362.248473
114.600000 655.239006 478.749301 366.890223 295.585907 251.956143 224.596637 168.994237 119.284277 86.395641 634.090056 527.969202 413.870920 353.264824 247.555844 362.408341
114.650000 655.519470 478.957131 367.051938 295.718172 252.070356 224.699514 169.074021 119.343320 86.440875 634.361821 528.197301 414.052014 353.420915 247.668235 362.568206
114.700000 655.799927 479.164957 367.213649 295.850434 252.184568 224.802390 169.153804 119.402363 86.486107 634.633581 528.425395 414.233104 353.577003 247.780624 362.728068
114.750000 656.080379 479.372779 367.375358 295.982694 252.298777 224.905263 169.233586 119.461404 86.531340 634.905335 528.653485 414.414190 353.733088 247.893011 362.887927
114.800000 656.360825 479.580597 367.537063 296.114951 252.412984 225.008135 169.313367 119.520444 86.576571 635.177084 528.881570 414.595273 353.889170 248.005396 363.047783
114.850000 656.641265 479.788410 367.698766 296.247205 252.527189 225.111005 169.393146 119.579483 86.621802 635.448827 529.109650 414.776352 354.045250 248.117779 363.207636
114.900000 656.921699 479.996219 367.860465 296.379457 252.641392 225.213873 169.472924 119.638522 86.667032 635.720565 529.337726 414.957428 354.201326 248.230160 363.367486
114.950000 657.202128 480.204025 368.022161 296.511707 252.755592 225.316739 169.552700 119.697559 86.712262 635.992296 529.565797 415.138500 354.357399 248.342538 363.527332
115.000000 657.482551 480.411826 368.183853 296.643954 252.869791 225.419603 169.632475 119.756596 86.757491 636.264023 529.793863 415.319568 354.513469 248.454915 363.687176
115.050000 657.762968 480.619622 368.345543 296.776199 252.983987 225.522466 169.712249 119.815632 86.802720 636.535744 530.021925 415.500633 354.669536 248.567289 363.847016
115.100000 658.043380 480.827415 368.507230 296.908441 253.098182 225.625326 169.792021 119.874667 86.847947 636.807459 530.249983 415.681694 354.825600 248.679662 364.006853
115.150000 658.323785 481.035204 368.668913 297.040680 253.212374 225.728185 169.871792 119.933701 86.893175 637.079169 530.478035 415.862752 354.981661 248.792032 364.166687
115.200000 658.604185 481.242988 368.830593 297.172917 253.326564 225.831042 169.951562 119.992734 86.938401 637.350873 530.706083 416.043806 355.137719 248.904401 364.326518
115.250000 658.884580 481.450768 368.992270 297.305152 253.440752 225.933897 170.031330 120.051766 86.983628 637.622572 530.934127 416.224857 355.293774 249.016767 364.486346
115.300000 659.164968 481.658545 369.153944 297.437384 253.554938 226.036750 170.111097 120.110797 87.028853 637.894265 531.162166 416.405904 355.449826 249.129131 364.646171
115.350000 659.445351 481.866317 369.315615 297.569614 253.669122 226.139601 170.190863 120.169828 87.074078 638.165953 531.390200 416.586948 355.605875 249.241493 364.805993
115.400000 659.725728 482.074084 369.477283 297.701841 253.783304 226.242451 170.270627 120.228857 87.119302 638.437635 531.618230 416.767988 355.761921 249.353853 364.965812
115.450000 660.006100 482.281848 369.638947 297.834065 253.897483 226.345298 170.350390 120.287886 87.164526 638.709311 531.846256 416.949024 355.917963 249.466212 365.125627
115.500000 660.286465 482.489608 369.800609 297.966287 254.011661 226.448144 170.430151 120.346913 87.209749 638.980982 532.074276 417.130057 356.074003 249.578568 365.285440
115.550000 660.566825 482.697363 369.962267 298.098507 254.125836 226.550988 170.509911 120.405940 87.254972 639.252648 532.302292 417.311087 356.230040 249.690921 365.445249
115.600000 660.847179 482.905115 370.123922 298.230724 254.240010 226.653830 170.589670 120.464966 87.300194 639.524308 532.530304 417.492112 356.386074 249.803273 365.605055
115.650000 661.127528 483.112862 370.285574 298.362939 254.354181 226.756670 170.669428 120.523991 87.345415 639.795962 532.758311 417.673135 356.542105 249.915623 365.764859
115.700000 661.407871 483.320605 370.447223 298.495151 254.468350 226.859508 170.749184 120.583015 87.390636 640.067611 532.986313 417.854153 356.698133 250.027971 365.924659
115.750000 661.688208 483.528344 370.608869 298.627361 254.582517 226.962345 170.828939 120.642038 87.435856 640.339255 533.214311 418.035169 356.854158 250.140317 366.084456
115.800000 661.968540 483.736079 370.770512 298.759568 254.696682 227.065179 170.908692 120.701061 87.481075 640.610893 533.442304 418.216180 357.010180 250.252660 366.244250
115.850000 662.248865 483.943809 370.932151 298.891773 254.810845 227.168012 170.988444 120.760082 87.526294 640.882525 533.670293 418.397188 357.166199 250.365002 366.404041
115.900000 662.529186 484.151536 371.093788 299.023975 254.925006 227.270843 171.068195 120.819103 87.571513 641.154152 533.898277 418.578193 357.322215 250.477342 366.563829
115.950000 662.809500 484.359259 371.255421 299.156175 255.039165 227.373672 171.147945 120.878122 87.616730 641.425774 534.126257 418.759194 357.478227 250.589679 366.723613
116.000000 663.089809 484.566977 371.417051 299.288372 255.153322 227.476500 171.227693 120.937141 87.661948 641.697390 534.354232 418.940191 357.634237 250.702015 366.883395
116.050000 663.370112 484.774691 371.578678 299.420567 255.267476 227.579325 171.307439 120.996159 87.707164 641.969000 534.582203 419.121185 357.790244 250.814348 367.043174
116.100000 663.650409 484.982401 371.740302 299.552759 255.381629 227.682149 171.387185 121.055176 87.752380 642.240606 534.810169 419.302176 357.946248 250.926679 367.202949
116.150000 663.930701 485.190108 371.901923 299.684949 255.495779 227.784970 171.466929 121.114192 87.797596 642.512205 535.038130 419.483163 358.102249 251.039009 367.362722
116.200000 664.210987 485.397810 372.063541 299.817136 255.609927 227.887790 171.546672 121.173207 87.842810 642.783799 535.266087 419.664146 358.258247 251.151336 367.522491
116.250000 664.491268 485.605507 372.225156 299.949321 255.724074 227.990608 171.626413 121.232221 87.888025 643.055388 535.494040 419.845126 358.414242 251.263661 367.682258
116.300000 664.771542 485.813201 372.386768 300.081504 255.838218 228.093425 171.706153 121.291235 87.933238 643.326971 535.721988 420.026103 358.570234 251.375985 367.842021
116.350000 665.051811 486.020891 372.548376 300.213684 255.952360 228.196239 171.785892 121.350247 87.978451 643.598549 535.949931 420.207075 358.726223 251.488306 368.001781
116.400000 665.332075 486.228577 372.709981 300.345861 256.066500 228.299052 171.865629 121.409259 88.023664 643.870121 536.177870 420.388045 358.882209 251.600625 368.161538
116.450000 665.612333 486.436258 372.871584 300.478036 256.180638 228.401862 171.945365 121.468270 88.068875 644.141688 536.405804 420.569011 359.038192 251.712942 368.321293
116.500000 665.892585 486.643936 373.033183 300.610209 256.294774 228.504671 172.025100 121.527280 88.114087 644.413249 536.633734 420.749973 359.194173 251.825257 368.481044
116.550000 666.172831 486.851609 373.194779 300.742379 256.408908 228.607479 172.104833 121.586288 88.159297 644.684805 536.861659 420.930932 359.350150 251.937570 368.640792
116.600000 666.453072 487.059278 373.356372 300.874547 256.523039 228.710284 172.184565 121.645297 88.204507 644.956355 537.089580 421.111887 359.506124 252.049881 368.800537
116.650000 666.733308 487.266943 373.517962 301.006712 256.637169 228.813087 172.264296 121.704304 88.249717 645.227900 537.317496 421.292839 359.662095 252.162190 368.960279
116.700000 667.013537 487.474605 373.679549 301.138875 256.751297 228.915889 172.344026 121.763310 88.294926 645.499440 537.545408 421.473787 359.818063 252.274497 369.120017
116.750000 667.293761 487.682262 373.841133 301.271035 256.865422 229.018689 172.423754 121.822315 88.340134 645.770974 537.773315 421.654732 359.974029 252.386802 369.279753
116.800000 667.573980 487.889915 374.002713 301.403193 256.979546 229.121487 172.503480 121.881320 88.385342 646.042502 538.001218 421.835673 360.129991 252.499105 369.439486
116.850000 667.854192 488.097564 374.164291 301.535349 257.093667 229.224283 172.583206 121.940324 88.430549 646.314025 538.229116 422.016611 360.285950 252.611406 369.599216
116.900000 668.134399 488.305208 374.325866 301.667502 257.207786 229.327077 172.662930 121.999326 88.475755 646.585543 538.457010 422.197545 360.441907 252.723705 369.758942
116.950000 668.414601 488.512849 374.487437 301.799652 257.321904 229.429870 172.742653 122.058328 88.520961 646.857056 538.684899 422.378476 360.597860 252.836002 369.918666
117.000000 668.694797 488.720486 374.649005 301.931800 257.436019 229.532660 172.822374 122.117329 88.566167 647.128562 538.912784 422.559403 360.753811 252.948296 370.078387
117.050000 668.974987 488.928119 374.810571 302.063946 257.550132 229.635449 172.902094 122.176329 88.611371 647.400064 539.140664 422.740327 360.909758 253.060589 370.238104
117.100000 669.255172 489.135747 374.972133 302.196089 257.664243 229.738236 172.981813 122.235328 88.656576 647.671560 539.368540 422.921248 361.065703 253.172880 370.397819
117.150000 669.535351 489.343372 375.133692 302.328230 257.778352 229.841021 173.061530 122.294327 88.701779 647.943051 539.596411 423.102165 361.221644 253.285169 370.557530
117.200000 669.815524 489.550992 375.295248 302.460368 257.892459 229.943805 173.141247 122.353324 88.746982 648.214536 539.824278 423.283078 361.377583 253.397455 370.717239
117.250000 670.095692 489.758609 375.456801 302.592504 258.006564 230.046586 173.220961 122.412321 88.792184 648.486016 540.052140 423.463988 361.533519 253.509740 370.876944
117.300000 670.375855 489.966221 375.618351 302.724637 258.120667 230.149366 173.300675 122.471317 88.837386 648.757490 540.279998 423.644894 361.689452 253.622023 371.036647
117.350000 670.656011 490.173830 375.779898 302.856768 258.234768 230.252144 173.380387 122.530311 88.882588 649.028959 540.507851 423.825797 361.845381 253.734304 371.196346
117.400000 670.936162 490.381434 375.941442 302.988897 258.348866 230.354920 173.460098 122.589305 88.927788 649.300423 540.735700 424.006697 362.001308 253.846582 371.356043
117.450000 671.216308 490.589034 376.102983 303.121023 258.462963 230.457695 173.539807 122.648298 88.972988 649.571881 540.963545 424.187593 362.157232 253.958859 371.515736
117.500000 671.496448 490.796631 376.264520 303.253147 258.577058 230.560467 173.619515 122.707290 89.018188 649.843334 541.191385 424.368485 362.313153 254.071133 371.675426
117.550000 671.776582 491.004223 376.426055 303.385268 258.691150 230.663238 173.699222 122.766282 89.063387 650.114781 541.419220 424.549374 362.469071 254.183406 371.835114
117.600000 672.056711 491.211811 376.587586 303.517387 258.805241 230.766007 173.778928 122.825272 89.108585 650.386223 541.647051 424.730260 362.624986 254.295677 371.994798
117.650000 672.336834 491.419395 376.749115 303.649503 258.919329 230.868774 173.858632 122.884262 89.153782 650.657660 541.874878 424.911142 362.780899 254.407945 372.154479
117.700000 672.616952 491.626975 376.910641 303.781617 259.033416 230.971539 173.938335 122.943250 89.198980 650.929091 542.102700 425.092021 362.936808 254.520212 372.314158
117.750000 672.897064 491.834551 377.072163 303.913729 259.147500 231.074303 174.018037 123.002238 89.244176 651.200517 542.330517 425.272896 363.092714 254.632477 372.473833
117.800000 673.177171 492.042123 377.233682 304.045838 259.261583 231.177065 174.097737 123.061225 89.289372 651.471937 542.558330 425.453768 363.248618 254.744739 372.633505
117.850000 673.457272 492.249691 377.395199 304.177944 259.375663 231.279824 174.177436 123.120211 89.334567 651.743352 542.786139 425.634636 363.404518 254.857000 372.793174
117.900000 673.737367 492.457255 377.556712 304.310049 259.489741 231.382582 174.257134 123.179196 89.379762 652.014762 543.013943 425.815501 363.560416 254.969258 372.952841
117.950000 674.017457 492.664815 377.718222 304.442151 259.603817 231.485339 174.336830 123.238180 89.424956 652.286166 543.241743 425.996362 363.716310 255.081515 373.112504
118.000000 674.297541 492.872371 377.879729 304.574250 259.717892 231.588093 174.416525 123.297164 89.470150 652.557565 543.469539 426.177220 363.872202 255.193769 373.272164
118.050000 674.577620 493.079923 378.041234 304.706347 259.831964 231.690846 174.496219 123.356146 89.515343 652.828959 543.697330 426.358075 364.028091 255.306022 373.431821
118.100000 674.857693 493.287471 378.202735 304.838442 259.946034 231.793597 174.575911 123.415128 89.560535 653.100347 543.925116 426.538926 364.183977 255.418273 373.591476
118.150000 675.137761 493.495015 378.364233 304.970534 260.060102 231.896346 174.655602 123.474109 89.605727 653.371730 544.152898 426.719773 364.339860 255.530521 373.751127
118.200000 675.417823 493.702555 378.525728 305.102623 260.174168 231.999093 174.735292 123.533089 89.650919 653.643108 544.380676 426.900617 364.495740 255.642768 373.910775
118.250000 675.697880 493.910091 378.687220 305.234711 260.288232 232.101839 174.814980 123.592068 89.696109 653.914480 544.608449 427.081458 364.651617 255.755012 374.070420
118.300000 675.977931 494.117623 378.848709 305.366796 260.402294 232.204582 174.894668 123.651046 89.741299 654.185847 544.836218 427.262295 364.807491 255.867255 374.230063
118.350000 676.257976 494.325151 379.010195 305.498878 260.516354 232.307324 174.974353 123.710023 89.786489 654.457209 545.063982 427.443129 364.963362 255.979495 374.389702
118.400000 676.538016 494.532675 379.171678 305.630958 260.630412 232.410064 175.054038 123.768999 89.831678 654.728565 545.291742 427.623960 365.119230 256.091734 374.549338
118.450000 676.818051 494.740195 379.333158 305.763036 260.744468 232.512803 175.133721 123.827975 89.876866 654.999916 545.519498 427.804786 365.275096 256.203971 374.708971
