web/models/kne/8/Metzger_0.010562_0.175862_0.100000.dat
# %ECSV 0.9
# ---
# datatype:
# - {name: time, datatype: float64}
# - {name: sdss_u, datatype: float64}
# - {name: sdss_g, datatype: float64}
# - {name: sdss_r, datatype: float64}
# - {name: sdss_i, datatype: float64}
# - {name: sdss_z, datatype: float64}
# - {name: PS1_y, datatype: float64}
# - {name: ukirt_J, datatype: float64}
# - {name: ukirt_H, datatype: float64}
# - {name: ukirt_K, datatype: float64}
# - {name: johnson_U, datatype: float64}
# - {name: johnson_B, datatype: float64}
# - {name: johnson_V, datatype: float64}
# - {name: johnson_R, datatype: float64}
# - {name: johnson_I, datatype: float64}
# - {name: Clear, datatype: float64}
# meta: !!omap
# - comment: [vej = 0.17586206896551723, mej = 0.010562026262441078, Ye = 0.1, redshift = 0.0]
# schema: astropy-2.0
time sdss_u sdss_g sdss_r sdss_i sdss_z PS1_y ukirt_J ukirt_H ukirt_K johnson_U johnson_B johnson_V johnson_R johnson_I Clear
[from data line 303]
15.250000 58.886896 37.814722 24.631417 16.343653 11.339277 8.236241 2.046858 -3.281104 -6.620275 56.349303 43.664584 30.146350 23.039216 10.838164 24.107293
15.300000 59.162202 38.017136 24.787551 16.470232 11.447740 8.333327 2.120770 -3.228008 -6.581038 56.615880 43.887338 30.321932 23.189707 10.944799 24.261571
15.350000 59.437416 38.219488 24.943642 16.596780 11.556179 8.430395 2.194672 -3.174913 -6.541796 56.882369 44.110023 30.497463 23.340156 11.051410 24.415807
15.400000 59.712537 38.421777 25.099688 16.723296 11.664594 8.527443 2.268563 -3.121820 -6.502550 57.148768 44.332636 30.672942 23.490564 11.157998 24.569999
15.450000 59.987565 38.624002 25.255691 16.849779 11.772985 8.624470 2.342445 -3.068729 -6.463301 57.415078 44.555177 30.848368 23.640930 11.264562 24.724147
15.500000 60.262498 38.826163 25.411648 16.976230 11.881350 8.721478 2.416315 -3.015640 -6.424048 57.681296 44.777645 31.023741 23.791253 11.371101 24.878252
15.550000 60.537337 39.028260 25.567561 17.102648 11.989689 8.818464 2.490174 -2.962553 -6.384792 57.947424 45.000041 31.199061 23.941533 11.477616 25.032312
15.600000 60.812080 39.230292 25.723427 17.229033 12.098003 8.915430 2.564022 -2.909469 -6.345532 58.213460 45.222363 31.374328 24.091770 11.584105 25.186327
15.650000 61.086727 39.432258 25.879248 17.355384 12.206291 9.012374 2.637858 -2.856388 -6.306270 58.479404 45.444612 31.549540 24.241963 11.690570 25.340296
15.700000 61.361278 39.634158 26.035022 17.481700 12.314552 9.109297 2.711683 -2.803311 -6.267005 58.745254 45.666785 31.724697 24.392112 11.797008 25.494220
15.750000 61.635731 39.835992 26.190749 17.607983 12.422787 9.206197 2.785495 -2.750236 -6.227738 59.011011 45.888884 31.899799 24.542217 11.903421 25.648098
15.800000 61.910087 40.037759 26.346429 17.734231 12.530994 9.303076 2.859294 -2.697165 -6.188468 59.276674 46.110907 32.074846 24.692277 12.009807 25.801930
15.850000 62.184344 40.239459 26.502061 17.860443 12.639174 9.399932 2.933081 -2.644098 -6.149196 59.542243 46.332854 32.249837 24.842291 12.116167 25.955714
15.900000 62.458503 40.441091 26.657646 17.986621 12.747327 9.496765 3.006856 -2.591035 -6.109922 59.807717 46.554725 32.424771 24.992260 12.222500 26.109452
15.950000 62.732563 40.642655 26.813182 18.112762 12.855451 9.593575 3.080617 -2.537976 -6.070647 60.073095 46.776520 32.599650 25.142183 12.328806 26.263142
16.000000 63.006523 40.844150 26.968670 18.238868 12.963548 9.690361 3.154364 -2.484922 -6.031370 60.338377 46.998237 32.774471 25.292060 12.435084 26.416784
16.050000 63.280383 41.045577 27.124108 18.364938 13.071616 9.787125 3.228098 -2.431872 -5.992092 60.603563 47.219877 32.949235 25.441891 12.541335 26.570378
16.100000 63.554142 41.246935 27.279498 18.490971 13.179655 9.883864 3.301819 -2.378828 -5.952813 60.868653 47.441439 33.123941 25.591675 12.647558 26.723924
16.150000 63.827801 41.448224 27.434838 18.616967 13.287666 9.980580 3.375525 -2.325788 -5.913533 61.133645 47.662923 33.298590 25.741412 12.753753 26.877421
16.200000 64.101359 41.649443 27.590129 18.742927 13.395647 10.077271 3.449217 -2.272753 -5.874252 61.398540 47.884328 33.473181 25.891102 12.859920 27.030870
16.250000 64.374815 41.850592 27.745369 18.868849 13.503600 10.173938 3.522895 -2.219724 -5.834970 61.663338 48.105655 33.647713 26.040744 12.966058 27.184269
16.300000 64.648169 42.051671 27.900559 18.994734 13.611522 10.270580 3.596558 -2.166700 -5.795688 61.928037 48.326902 33.822187 26.190338 13.072167 27.337619
16.350000 64.921421 42.252679 28.055699 19.120582 13.719415 10.367198 3.670207 -2.113682 -5.756406 62.192638 48.548071 33.996602 26.339885 13.178248 27.490919
16.400000 65.194571 42.453616 28.210789 19.246392 13.827278 10.463791 3.743841 -2.060670 -5.717123 62.457140 48.769159 34.170957 26.489383 13.284299 27.644170
16.450000 65.467619 42.654483 28.365827 19.372163 13.935111 10.560358 3.817459 -2.007663 -5.677841 62.721544 48.990168 34.345254 26.638833 13.390321 27.797370
16.500000 65.740563 42.855278 28.520815 19.497897 14.042914 10.656900 3.891063 -1.954663 -5.638558 62.985848 49.211097 34.519491 26.788234 13.496313 27.950520
16.550000 66.013404 43.056003 28.675751 19.623592 14.150686 10.753417 3.964651 -1.901669 -5.599276 63.250053 49.431946 34.693668 26.937587 13.602276 28.103620
16.600000 66.286142 43.256655 28.830636 19.749249 14.258428 10.849908 4.038223 -1.848682 -5.559994 63.514159 49.652714 34.867786 27.086891 13.708210 28.256670
16.650000 66.558776 43.457236 28.985470 19.874867 14.366139 10.946374 4.111780 -1.795701 -5.520713 63.778165 49.873402 35.041843 27.236146 13.814113 28.409668
16.700000 66.831307 43.657745 29.140252 20.000447 14.473819 11.042813 4.185321 -1.742727 -5.481432 64.042071 50.094009 35.215841 27.385351 13.919986 28.562616
16.750000 67.103734 43.858182 29.294981 20.125987 14.581468 11.139226 4.258846 -1.689760 -5.442152 64.305877 50.314535 35.389778 27.534507 14.025829 28.715512
16.800000 67.376056 44.058546 29.449659 20.251488 14.689086 11.235614 4.332355 -1.636800 -5.402873 64.569582 50.534980 35.563654 27.683614 14.131642 28.868358
16.850000 67.648275 44.258839 29.604285 20.376951 14.796673 11.331975 4.405848 -1.583846 -5.363595 64.833188 50.755344 35.737470 27.832671 14.237424 29.021152
16.900000 67.920389 44.459058 29.758859 20.502374 14.904228 11.428309 4.479325 -1.530900 -5.324318 65.096692 50.975626 35.911225 27.981678 14.343175 29.173895
16.950000 68.192399 44.659206 29.913380 20.627757 15.011752 11.524617 4.552785 -1.477962 -5.285043 65.360097 51.195827 36.084920 28.130635 14.448896 29.326586
17.000000 68.464304 44.859280 30.067849 20.753101 15.119244 11.620898 4.626229 -1.425030 -5.245769 65.623400 51.415946 36.258553 28.279543 14.554586 29.479226
17.050000 68.736105 45.059282 30.222265 20.878405 15.226704 11.717153 4.699656 -1.372106 -5.206496 65.886603 51.635984 36.432126 28.428400 14.660245 29.631814
17.100000 69.007801 45.259211 30.376629 21.003670 15.334133 11.813381 4.773066 -1.319190 -5.167225 66.149705 51.855940 36.605637 28.577207 14.765874 29.784350
17.150000 69.279392 45.459068 30.530940 21.128895 15.441530 11.909582 4.846460 -1.266282 -5.127955 66.412706 52.075814 36.779087 28.725964 14.871471 29.936834
17.200000 69.550879 45.658851 30.685199 21.254080 15.548895 12.005756 4.919837 -1.213381 -5.088687 66.675606 52.295607 36.952476 28.874671 14.977037 30.089267
17.250000 69.822261 45.858561 30.839404 21.379225 15.656227 12.101902 4.993196 -1.160488 -5.049421 66.938405 52.515317 37.125804 29.023327 15.082571 30.241647
17.300000 70.093538 46.058199 30.993557 21.504330 15.763528 12.198022 5.066539 -1.107603 -5.010157 67.201104 52.734946 37.299070 29.171933 15.188075 30.393976
17.350000 70.364710 46.257763 31.147657 21.629395 15.870797 12.294115 5.139865 -1.054727 -4.970895 67.463701 52.954493 37.472275 29.320489 15.293547 30.546252
17.400000 70.635778 46.457254 31.301703 21.754420 15.978033 12.390180 5.213173 -1.001858 -4.931635 67.726197 53.173958 37.645419 29.468994 15.398987 30.698476
17.450000 70.906741 46.656672 31.455697 21.879405 16.085237 12.486218 5.286464 -0.948998 -4.892378 67.988592 53.393341 37.818501 29.617448 15.504396 30.850648
17.500000 71.177599 46.856017 31.609638 22.004350 16.192409 12.582228 5.359738 -0.896146 -4.853122 68.250887 53.612642 37.991521 29.765852 15.609774 31.002768
17.550000 71.448353 47.055289 31.763526 22.129254 16.299548 12.678211 5.432995 -0.843302 -4.813869 68.513080 53.831861 38.164481 29.914205 15.715120 31.154835
17.600000 71.719001 47.254488 31.917361 22.254119 16.406655 12.774167 5.506234 -0.790466 -4.774619 68.775173 54.050999 38.337378 30.062508 15.820435 31.306850
17.650000 71.989546 47.453614 32.071142 22.378943 16.513730 12.870095 5.579455 -0.737640 -4.735371 69.037165 54.270054 38.510215 30.210760 15.925717 31.458813
17.700000 72.259986 47.652667 32.224871 22.503726 16.620772 12.965996 5.652659 -0.684821 -4.696125 69.299056 54.489028 38.682990 30.358962 16.030968 31.610724
17.750000 72.530321 47.851647 32.378547 22.628470 16.727782 13.061869 5.725845 -0.632012 -4.656883 69.560847 54.707920 38.855703 30.507113 16.136188 31.762583
17.800000 72.800552 48.050554 32.532169 22.753173 16.834759 13.157714 5.799014 -0.579211 -4.617642 69.822537 54.926730 39.028355 30.655213 16.241376 31.914389
17.850000 73.070679 48.249388 32.685739 22.877836 16.941703 13.253532 5.872165 -0.526419 -4.578405 70.084126 55.145459 39.200946 30.803263 16.346532 32.066143
17.900000 73.340702 48.448149 32.839256 23.002458 17.048616 13.349322 5.945299 -0.473635 -4.539171 70.345616 55.364106 39.373476 30.951262 16.451656 32.217845
17.950000 73.610621 48.646838 32.992719 23.127040 17.155495 13.445084 6.018414 -0.420861 -4.499939 70.607005 55.582672 39.545944 31.099211 16.556748 32.369495
18.000000 73.880436 48.845453 33.146130 23.251582 17.262342 13.540819 6.091512 -0.368095 -4.460710 70.868294 55.801156 39.718351 31.247109 16.661809 32.521093
18.050000 74.150147 49.043997 33.299488 23.376084 17.369157 13.636526 6.164592 -0.315338 -4.421485 71.129483 56.019559 39.890697 31.394957 16.766838 32.672638
18.100000 74.419755 49.242467 33.452793 23.500545 17.475939 13.732205 6.237654 -0.262590 -4.382262 71.390572 56.237881 40.062981 31.542754 16.871835 32.824132
18.150000 74.689260 49.440866 33.606046 23.624967 17.582688 13.827857 6.310699 -0.209851 -4.343043 71.651561 56.456122 40.235205 31.690501 16.976801 32.975574
18.200000 74.958661 49.639191 33.759245 23.749348 17.689405 13.923481 6.383725 -0.157122 -4.303826 71.912451 56.674282 40.407368 31.838198 17.081735 33.126963
18.250000 75.227959 49.837445 33.912392 23.873688 17.796089 14.019077 6.456734 -0.104401 -4.264613 72.173242 56.892361 40.579470 31.985844 17.186637 33.278301
18.300000 75.497154 50.035627 34.065487 23.997989 17.902741 14.114646 6.529724 -0.051689 -4.225403 72.433933 57.110359 40.751511 32.133441 17.291507 33.429587
18.350000 75.766247 50.233736 34.218529 24.122250 18.009361 14.210187 6.602697 0.001013 -4.186197 72.694525 57.328277 40.923491 32.280987 17.396346 33.580821
18.400000 76.035237 50.431774 34.371518 24.246470 18.115948 14.305700 6.675652 0.053707 -4.146994 72.955019 57.546114 41.095411 32.428483 17.501153 33.732004
18.450000 76.304125 50.629740 34.524455 24.370651 18.222503 14.401186 6.748589 0.106391 -4.107794 73.215413 57.763871 41.267270 32.575928 17.605928 33.883135
18.500000 76.572910 50.827634 34.677340 24.494792 18.329025 14.496644 6.821508 0.159066 -4.068598 73.475710 57.981548 41.439068 32.723324 17.710672 34.034215
18.550000 76.841594 51.025457 34.830172 24.618893 18.435515 14.592074 6.894409 0.211731 -4.029405 73.735908 58.199145 41.610807 32.870671 17.815384 34.185243
18.600000 77.110176 51.223208 34.982953 24.742954 18.541972 14.687477 6.967293 0.264388 -3.990215 73.996008 58.416662 41.782485 33.017967 17.920064 34.336219
18.650000 77.378656 51.420888 35.135681 24.866975 18.648398 14.782853 7.040158 0.317035 -3.951030 74.256010 58.634099 41.954103 33.165214 18.024714 34.487145
18.700000 77.647036 51.618497 35.288358 24.990956 18.754791 14.878201 7.113005 0.369672 -3.911847 74.515914 58.851457 42.125661 33.312411 18.129331 34.638019
18.750000 77.915314 51.816035 35.440982 25.114898 18.861152 14.973521 7.185835 0.422301 -3.872669 74.775721 59.068735 42.297160 33.459558 18.233918 34.788842
18.800000 78.183492 52.013503 35.593555 25.238800 18.967481 15.068814 7.258646 0.474920 -3.833494 75.035431 59.285935 42.468598 33.606656 18.338472 34.939614
18.850000 78.451569 52.210899 35.746076 25.362663 19.073778 15.164080 7.331440 0.527530 -3.794322 75.295044 59.503055 42.639977 33.753705 18.442996 35.090336
18.900000 78.719545 52.408225 35.898546 25.486487 19.180043 15.259318 7.404216 0.580130 -3.755154 75.554561 59.720097 42.811296 33.900705 18.547488 35.241006
18.950000 78.987422 52.605481 36.050965 25.610271 19.286276 15.354529 7.476974 0.632721 -3.715990 75.813980 59.937060 42.982557 34.047655 18.651950 35.391626
19.000000 79.255199 52.802667 36.203332 25.734015 19.392477 15.449712 7.549714 0.685303 -3.676830 76.073304 60.153944 43.153758 34.194557 18.756380 35.542196
19.050000 79.522876 52.999783 36.355648 25.857721 19.498646 15.544869 7.622436 0.737875 -3.637674 76.332532 60.370751 43.324899 34.341410 18.860779 35.692715
19.100000 79.790455 53.196830 36.507912 25.981388 19.604783 15.639998 7.695141 0.790438 -3.598521 76.591664 60.587479 43.495982 34.488214 18.965146 35.843184
19.150000 80.057934 53.393806 36.660126 26.105015 19.710889 15.735100 7.767828 0.842992 -3.559372 76.850700 60.804130 43.667007 34.634969 19.069483 35.993602
19.200000 80.325315 53.590713 36.812289 26.228604 19.816963 15.830175 7.840497 0.895536 -3.520227 77.109642 61.020703 43.837972 34.781676 19.173789 36.143971
19.250000 80.592597 53.787551 36.964402 26.352153 19.923006 15.925224 7.913148 0.948071 -3.481086 77.368488 61.237199 44.008879 34.928334 19.278064 36.294289
19.300000 80.859781 53.984320 37.116464 26.475664 20.029017 16.020245 7.985781 1.000596 -3.441948 77.627240 61.453618 44.179728 35.074944 19.382309 36.444558
19.350000 81.126867 54.181021 37.268475 26.599137 20.134996 16.115239 8.058397 1.053112 -3.402815 77.885897 61.669960 44.350519 35.221506 19.486523 36.594777
19.400000 81.393856 54.377652 37.420437 26.722571 20.240945 16.210206 8.130996 1.105619 -3.363685 78.144461 61.886225 44.521252 35.368020 19.590706 36.744947
19.450000 81.660747 54.574215 37.572348 26.845966 20.346862 16.305147 8.203576 1.158116 -3.324559 78.402930 62.102413 44.691927 35.514486 19.694858 36.895067
19.500000 81.927542 54.770710 37.724209 26.969323 20.452747 16.400061 8.276139 1.210604 -3.285437 78.661307 62.318526 44.862544 35.660904 19.798980 37.045138
19.550000 82.194240 54.967137 37.876021 27.092642 20.558602 16.494948 8.348685 1.263083 -3.246320 78.919589 62.534562 45.033104 35.807275 19.903072 37.195160
19.600000 82.460841 55.163496 38.027782 27.215923 20.664426 16.589809 8.421213 1.315552 -3.207206 79.177779 62.750523 45.203606 35.953598 20.007133 37.345133
19.650000 82.727347 55.359788 38.179494 27.339166 20.770218 16.684643 8.493723 1.368011 -3.168095 79.435877 62.966408 45.374052 36.099874 20.111164 37.495057
19.700000 82.993757 55.556012 38.331157 27.462370 20.875980 16.779451 8.566216 1.420462 -3.128989 79.693882 63.182218 45.544440 36.246102 20.215165 37.644933
19.750000 83.260071 55.752169 38.482771 27.585538 20.981711 16.874232 8.638692 1.472903 -3.089887 79.951795 63.397953 45.714772 36.392284 20.319136 37.794759
19.800000 83.526290 55.948259 38.634335 27.708667 21.087412 16.968987 8.711150 1.525335 -3.050789 80.209616 63.613613 45.885047 36.538419 20.423077 37.944538
19.850000 83.792415 56.144282 38.785851 27.831759 21.193081 17.063716 8.783592 1.577757 -3.011695 80.467346 63.829198 46.055266 36.684507 20.526988 38.094268
19.900000 84.058445 56.340239 38.937317 27.954813 21.298721 17.158419 8.856015 1.630171 -2.972605 80.724985 64.044709 46.225428 36.830548 20.630870 38.243951
19.950000 84.324381 56.536130 39.088735 28.077830 21.404329 17.253095 8.928422 1.682574 -2.933519 80.982533 64.260146 46.395534 36.976543 20.734721 38.393585
20.000000 84.590223 56.731954 39.240105 28.200810 21.509908 17.347746 9.000811 1.734969 -2.894436 81.239990 64.475509 46.565585 37.122491 20.838543 38.543172
20.050000 84.855972 56.927713 39.391426 28.323752 21.615456 17.442371 9.073183 1.787355 -2.855358 81.497358 64.690799 46.735580 37.268393 20.942335 38.692711
20.100000 85.121628 57.123406 39.542699 28.446658 21.720974 17.536970 9.145539 1.839731 -2.816284 81.754635 64.906015 46.905519 37.414250 21.046098 38.842202
20.150000 85.387191 57.319033 39.693925 28.569527 21.826462 17.631543 9.217877 1.892098 -2.777214 82.011823 65.121159 47.075403 37.560060 21.149832 38.991646
20.200000 85.652661 57.514596 39.845102 28.692359 21.931921 17.726090 9.290198 1.944455 -2.738147 82.268922 65.336229 47.245232 37.705825 21.253536 39.141044
