web/models/kne/8/Metzger_0.090038_0.127241_0.450000.dat
# %ECSV 0.9
# ---
# datatype:
# - {name: time, datatype: float64}
# - {name: sdss_u, datatype: float64}
# - {name: sdss_g, datatype: float64}
# - {name: sdss_r, datatype: float64}
# - {name: sdss_i, datatype: float64}
# - {name: sdss_z, datatype: float64}
# - {name: PS1_y, datatype: float64}
# - {name: ukirt_J, datatype: float64}
# - {name: ukirt_H, datatype: float64}
# - {name: ukirt_K, datatype: float64}
# - {name: johnson_U, datatype: float64}
# - {name: johnson_B, datatype: float64}
# - {name: johnson_V, datatype: float64}
# - {name: johnson_R, datatype: float64}
# - {name: johnson_I, datatype: float64}
# - {name: Clear, datatype: float64}
# meta: !!omap
# - comment: [vej = 0.12724137931034482, mej = 0.09003814830589497, Ye = 0.45, redshift = 0.0]
# schema: astropy-2.0
time sdss_u sdss_g sdss_r sdss_i sdss_z PS1_y ukirt_J ukirt_H ukirt_K johnson_U johnson_B johnson_V johnson_R johnson_I Clear
[from data line 898]
45.000000 90.854776 61.105140 42.412447 30.606267 23.445310 18.987957 10.039687 2.233734 -2.755276 87.278050 69.376490 50.242549 40.148395 22.726494 41.667350
45.050000 90.975318 61.193947 42.481106 30.662059 23.493215 19.030909 10.072548 2.257533 -2.737510 87.394793 69.474154 50.319674 40.214596 22.773602 41.735201
45.100000 91.095855 61.282751 42.549763 30.717849 23.541118 19.073860 10.105411 2.281334 -2.719743 87.511529 69.571813 50.396797 40.280796 22.820710 41.803049
45.150000 91.216385 61.371551 42.618417 30.773637 23.589021 19.116810 10.138273 2.305135 -2.701975 87.628260 69.669467 50.473917 40.346994 22.867816 41.870895
45.200000 91.336909 61.460348 42.687069 30.829424 23.636923 19.159760 10.171135 2.328937 -2.684206 87.744985 69.767117 50.551034 40.413189 22.914922 41.938739
45.250000 91.457428 61.549140 42.755718 30.885210 23.684824 19.202710 10.203998 2.352740 -2.666435 87.861704 69.864763 50.628148 40.479382 22.962027 42.006581
45.300000 91.577940 61.637929 42.824365 30.940994 23.732724 19.245659 10.236861 2.376543 -2.648663 87.978417 69.962404 50.705259 40.545573 23.009131 42.074420
45.350000 91.698446 61.726713 42.893010 30.996777 23.780623 19.288607 10.269723 2.400348 -2.630890 88.095124 70.060041 50.782367 40.611761 23.056235 42.142257
45.400000 91.818946 61.815494 42.961652 31.052558 23.828521 19.331555 10.302587 2.424153 -2.613115 88.211826 70.157674 50.859472 40.677948 23.103337 42.210091
45.450000 91.939440 61.904272 43.030292 31.108338 23.876419 19.374502 10.335450 2.447959 -2.595340 88.328522 70.255302 50.936574 40.744132 23.150439 42.277924
45.500000 92.059929 61.993045 43.098930 31.164116 23.924315 19.417448 10.368313 2.471765 -2.577563 88.445212 70.352925 51.013673 40.810314 23.197540 42.345753
45.550000 92.180411 62.081815 43.167565 31.219893 23.972211 19.460395 10.401177 2.495573 -2.559785 88.561897 70.450544 51.090770 40.876494 23.244639 42.413581
45.600000 92.300887 62.170581 43.236198 31.275669 24.020105 19.503340 10.434040 2.519381 -2.542006 88.678576 70.548159 51.167863 40.942672 23.291738 42.481406
45.650000 92.421357 62.259343 43.304829 31.331443 24.067999 19.546285 10.466904 2.543190 -2.524225 88.795249 70.645770 51.244953 41.008847 23.338837 42.549230
45.700000 92.541821 62.348101 43.373457 31.387215 24.115892 19.589229 10.499768 2.567000 -2.506444 88.911916 70.743376 51.322040 41.075021 23.385934 42.617050
45.750000 92.662279 62.436856 43.442082 31.442986 24.163784 19.632173 10.532632 2.590811 -2.488661 89.028578 70.840977 51.399125 41.141192 23.433031 42.684869
45.800000 92.782732 62.525607 43.510706 31.498756 24.211675 19.675116 10.565496 2.614622 -2.470877 89.145234 70.938575 51.476206 41.207361 23.480126 42.752685
45.850000 92.903178 62.614354 43.579327 31.554524 24.259565 19.718059 10.598361 2.638434 -2.453092 89.261884 71.036168 51.553285 41.273528 23.527221 42.820499
45.900000 93.023618 62.703097 43.647946 31.610291 24.307454 19.761001 10.631225 2.662247 -2.435305 89.378529 71.133756 51.630360 41.339692 23.574315 42.888310
45.950000 93.144053 62.791837 43.716562 31.666056 24.355342 19.803943 10.664090 2.686061 -2.417518 89.495168 71.231341 51.707433 41.405855 23.621408 42.956120
46.000000 93.264481 62.880573 43.785176 31.721820 24.403230 19.846884 10.696954 2.709875 -2.399729 89.611801 71.328921 51.784503 41.472015 23.668500 43.023927
46.050000 93.384904 62.969305 43.853788 31.777582 24.451116 19.889824 10.729819 2.733690 -2.381939 89.728429 71.426496 51.861570 41.538173 23.715592 43.091732
46.100000 93.505321 63.058034 43.922398 31.833343 24.499002 19.932764 10.762684 2.757506 -2.364148 89.845051 71.524067 51.938634 41.604329 23.762682 43.159534
46.150000 93.625732 63.146759 43.991005 31.889103 24.546886 19.975704 10.795550 2.781323 -2.346356 89.961668 71.621635 52.015695 41.670483 23.809772 43.227334
46.200000 93.746137 63.235480 44.059610 31.944861 24.594770 20.018642 10.828415 2.805141 -2.328562 90.078279 71.719197 52.092753 41.736635 23.856861 43.295132
46.250000 93.866536 63.324197 44.128212 32.000618 24.642653 20.061581 10.861280 2.828959 -2.310768 90.194884 71.816756 52.169808 41.802784 23.903949 43.362928
46.300000 93.986929 63.412911 44.196812 32.056373 24.690535 20.104518 10.894146 2.852778 -2.292972 90.311484 71.914310 52.246861 41.868932 23.951036 43.430722
46.350000 94.107317 63.501621 44.265410 32.112127 24.738416 20.147456 10.927012 2.876597 -2.275175 90.428078 72.011860 52.323910 41.935077 23.998123 43.498513
46.400000 94.227698 63.590328 44.334006 32.167879 24.786297 20.190392 10.959878 2.900418 -2.257377 90.544666 72.109405 52.400957 42.001220 24.045208 43.566302
46.450000 94.348074 63.679031 44.402599 32.223630 24.834176 20.233328 10.992744 2.924239 -2.239578 90.661249 72.206946 52.478000 42.067361 24.092293 43.634088
46.500000 94.468444 63.767730 44.471190 32.279379 24.882054 20.276264 11.025610 2.948061 -2.221777 90.777826 72.304483 52.555041 42.133500 24.139377 43.701873
46.550000 94.588808 63.856425 44.539779 32.335127 24.929932 20.319198 11.058476 2.971884 -2.203976 90.894398 72.402016 52.632079 42.199637 24.186460 43.769655
46.600000 94.709167 63.945117 44.608365 32.390874 24.977808 20.362133 11.091342 2.995707 -2.186173 91.010965 72.499545 52.709114 42.265771 24.233542 43.837435
46.650000 94.829519 64.033805 44.676949 32.446619 25.025684 20.405067 11.124209 3.019531 -2.168369 91.127525 72.597069 52.786147 42.331904 24.280623 43.905213
46.700000 94.949866 64.122489 44.745531 32.502363 25.073559 20.448000 11.157075 3.043356 -2.150564 91.244081 72.694589 52.863176 42.398034 24.327704 43.972988
46.750000 95.070207 64.211170 44.814111 32.558106 25.121433 20.490933 11.189942 3.067182 -2.132758 91.360630 72.792105 52.940203 42.464162 24.374783 44.040762
46.800000 95.190543 64.299847 44.882688 32.613846 25.169306 20.533865 11.222809 3.091008 -2.114951 91.477175 72.889616 53.017226 42.530289 24.421862 44.108533
46.850000 95.310872 64.388521 44.951263 32.669586 25.217178 20.576796 11.255676 3.114835 -2.097143 91.593713 72.987124 53.094247 42.596413 24.468940 44.176302
46.900000 95.431196 64.477191 45.019835 32.725324 25.265050 20.619727 11.288543 3.138663 -2.079333 91.710247 73.084627 53.171265 42.662534 24.516017 44.244068
46.950000 95.551514 64.565857 45.088406 32.781061 25.312920 20.662658 11.321410 3.162492 -2.061523 91.826774 73.182126 53.248280 42.728654 24.563094 44.311833
47.000000 95.671826 64.654520 45.156974 32.836796 25.360790 20.705587 11.354277 3.186321 -2.043711 91.943297 73.279620 53.325293 42.794772 24.610169 44.379595
47.050000 95.792133 64.743179 45.225540 32.892530 25.408658 20.748517 11.387145 3.210151 -2.025898 92.059813 73.377111 53.402302 42.860887 24.657244 44.447355
47.100000 95.912434 64.831835 45.294104 32.948262 25.456526 20.791446 11.420012 3.233981 -2.008084 92.176325 73.474597 53.479309 42.927001 24.704318 44.515112
47.150000 96.032729 64.920487 45.362665 33.003994 25.504393 20.834374 11.452880 3.257813 -1.990269 92.292831 73.572079 53.556313 42.993112 24.751391 44.582868
47.200000 96.153019 65.009135 45.431224 33.059723 25.552259 20.877301 11.485747 3.281645 -1.972453 92.409331 73.669557 53.633314 43.059222 24.798463 44.650621
47.250000 96.273303 65.097780 45.499781 33.115451 25.600124 20.920228 11.518615 3.305478 -1.954636 92.525826 73.767031 53.710312 43.125329 24.845534 44.718373
47.300000 96.393581 65.186421 45.568335 33.171178 25.647988 20.963155 11.551483 3.329311 -1.936818 92.642316 73.864501 53.787307 43.191434 24.892605 44.786121
47.350000 96.513853 65.275058 45.636888 33.226904 25.695851 21.006081 11.584351 3.353145 -1.918998 92.758800 73.961966 53.864300 43.257537 24.939674 44.853868
47.400000 96.634120 65.363692 45.705438 33.282628 25.743714 21.049006 11.617219 3.376980 -1.901178 92.875279 74.059428 53.941290 43.323638 24.986743 44.921613
47.450000 96.754381 65.452323 45.773986 33.338350 25.791575 21.091931 11.650088 3.400816 -1.883356 92.991752 74.156885 54.018277 43.389737 25.033811 44.989355
47.500000 96.874637 65.540950 45.842531 33.394072 25.839436 21.134856 11.682956 3.424652 -1.865533 93.108220 74.254338 54.095261 43.455833 25.080878 45.057095
47.550000 96.994887 65.629573 45.911075 33.449792 25.887296 21.177779 11.715825 3.448489 -1.847709 93.224683 74.351787 54.172242 43.521928 25.127945 45.124833
47.600000 97.115131 65.718193 45.979616 33.505510 25.935155 21.220702 11.748693 3.472327 -1.829884 93.341140 74.449232 54.249221 43.588021 25.175010 45.192569
47.650000 97.235370 65.806809 46.048155 33.561227 25.983013 21.263625 11.781562 3.496165 -1.812058 93.457592 74.546672 54.326197 43.654111 25.222075 45.260303
47.700000 97.355603 65.895422 46.116691 33.616943 26.030870 21.306547 11.814430 3.520004 -1.794231 93.574039 74.644109 54.403170 43.720200 25.269139 45.328034
47.750000 97.475831 65.984031 46.185226 33.672657 26.078726 21.349469 11.847299 3.543844 -1.776403 93.690480 74.741541 54.480140 43.786286 25.316202 45.395763
47.800000 97.596053 66.072637 46.253758 33.728370 26.126582 21.392390 11.880168 3.567684 -1.758574 93.806916 74.838970 54.557108 43.852370 25.363264 45.463491
47.850000 97.716269 66.161239 46.322288 33.784081 26.174436 21.435310 11.913037 3.591525 -1.740744 93.923346 74.936394 54.634073 43.918453 25.410325 45.531215
47.900000 97.836480 66.249838 46.390816 33.839792 26.222290 21.478230 11.945906 3.615367 -1.722912 94.039772 75.033814 54.711035 43.984533 25.457386 45.598938
47.950000 97.956685 66.338433 46.459341 33.895500 26.270143 21.521149 11.978776 3.639209 -1.705080 94.156192 75.131230 54.787994 44.050611 25.504445 45.666659
48.000000 98.076885 66.427024 46.527865 33.951208 26.317994 21.564068 12.011645 3.663053 -1.687247 94.272606 75.228642 54.864950 44.116687 25.551504 45.734377
48.050000 98.197079 66.515612 46.596386 34.006914 26.365845 21.606986 12.044514 3.686896 -1.669412 94.389015 75.326050 54.941904 44.182761 25.598562 45.802094
48.100000 98.317268 66.604197 46.664905 34.062618 26.413696 21.649904 12.077384 3.710741 -1.651576 94.505419 75.423454 55.018855 44.248833 25.645620 45.869808
48.150000 98.437451 66.692778 46.733422 34.118321 26.461545 21.692821 12.110254 3.734586 -1.633740 94.621818 75.520853 55.095803 44.314903 25.692676 45.937520
48.200000 98.557628 66.781356 46.801936 34.174023 26.509393 21.735737 12.143123 3.758432 -1.615902 94.738212 75.618249 55.172749 44.380971 25.739732 46.005230
48.250000 98.677800 66.869930 46.870449 34.229724 26.557241 21.778653 12.175993 3.782278 -1.598063 94.854600 75.715641 55.249691 44.447037 25.786786 46.072937
48.300000 98.797967 66.958500 46.938959 34.285423 26.605087 21.821568 12.208863 3.806125 -1.580223 94.970983 75.813029 55.326632 44.513101 25.833840 46.140643
48.350000 98.918128 67.047067 47.007467 34.341120 26.652933 21.864483 12.241733 3.829973 -1.562383 95.087360 75.910412 55.403569 44.579163 25.880893 46.208346
48.400000 99.038283 67.135631 47.075972 34.396817 26.700778 21.907397 12.274603 3.853821 -1.544541 95.203733 76.007792 55.480503 44.645222 25.927946 46.276047
48.450000 99.158434 67.224191 47.144476 34.452512 26.748622 21.950311 12.307473 3.877671 -1.526698 95.320100 76.105167 55.557435 44.711280 25.974997 46.343747
48.500000 99.278578 67.312748 47.212977 34.508205 26.796465 21.993224 12.340343 3.901520 -1.508854 95.436462 76.202539 55.634364 44.777336 26.022048 46.411444
48.550000 99.398717 67.401301 47.281477 34.563897 26.844307 22.036137 12.373213 3.925371 -1.491009 95.552819 76.299906 55.711291 44.843389 26.069098 46.479138
48.600000 99.518851 67.489851 47.349974 34.619588 26.892149 22.079049 12.406084 3.949222 -1.473163 95.669170 76.397270 55.788214 44.909441 26.116147 46.546831
48.650000 99.638979 67.578398 47.418468 34.675278 26.939989 22.121960 12.438954 3.973073 -1.455316 95.785517 76.494629 55.865135 44.975491 26.163195 46.614522
48.700000 99.759102 67.666941 47.486961 34.730966 26.987829 22.164871 12.471824 3.996926 -1.437468 95.901858 76.591985 55.942054 45.041538 26.210242 46.682210
48.750000 99.879220 67.755480 47.555452 34.786652 27.035668 22.207782 12.504695 4.020779 -1.419619 96.018194 76.689336 56.018969 45.107584 26.257289 46.749897
48.800000 99.999332 67.844016 47.623940 34.842338 27.083506 22.250691 12.537566 4.044632 -1.401769 96.134524 76.786684 56.095882 45.173627 26.304335 46.817581
48.850000 100.119438 67.932549 47.692426 34.898022 27.131343 22.293601 12.570436 4.068487 -1.383917 96.250850 76.884027 56.172792 45.239669 26.351379 46.885263
48.900000 100.239539 68.021078 47.760910 34.953704 27.179179 22.336509 12.603307 4.092342 -1.366065 96.367170 76.981367 56.249699 45.305708 26.398424 46.952943
48.950000 100.359635 68.109604 47.829392 35.009386 27.227014 22.379417 12.636178 4.116197 -1.348212 96.483486 77.078702 56.326604 45.371746 26.445467 47.020621
49.000000 100.479725 68.198126 47.897871 35.065066 27.274849 22.422325 12.669049 4.140053 -1.330358 96.599796 77.176034 56.403506 45.437781 26.492509 47.088297
49.050000 100.599810 68.286645 47.966349 35.120744 27.322682 22.465232 12.701920 4.163910 -1.312503 96.716101 77.273362 56.480406 45.503815 26.539551 47.155970
49.100000 100.719890 68.375161 48.034824 35.176421 27.370515 22.508138 12.734791 4.187767 -1.294647 96.832400 77.370685 56.557302 45.569847 26.586592 47.223642
49.150000 100.839964 68.463673 48.103298 35.232097 27.418347 22.551044 12.767662 4.211626 -1.276789 96.948695 77.468005 56.634196 45.635876 26.633632 47.291311
49.200000 100.960033 68.552182 48.171769 35.287772 27.466178 22.593949 12.800533 4.235484 -1.258931 97.064985 77.565321 56.711088 45.701904 26.680671 47.358979
49.250000 101.080097 68.640687 48.240238 35.343445 27.514008 22.636854 12.833404 4.259344 -1.241072 97.181269 77.662633 56.787977 45.767929 26.727709 47.426644
49.300000 101.200155 68.729189 48.308704 35.399117 27.561837 22.679758 12.866276 4.283203 -1.223212 97.297548 77.759941 56.864863 45.833953 26.774747 47.494307
49.350000 101.320208 68.817688 48.377169 35.454787 27.609666 22.722662 12.899147 4.307064 -1.205351 97.413823 77.857245 56.941746 45.899974 26.821784 47.561968
49.400000 101.440255 68.906183 48.445631 35.510456 27.657493 22.765565 12.932019 4.330925 -1.187489 97.530092 77.954545 57.018627 45.965994 26.868820 47.629627
49.450000 101.560298 68.994675 48.514092 35.566124 27.705320 22.808468 12.964890 4.354787 -1.169625 97.646356 78.051841 57.095505 46.032011 26.915855 47.697284
49.500000 101.680334 69.083164 48.582550 35.621791 27.753146 22.851370 12.997762 4.378649 -1.151761 97.762615 78.149133 57.172380 46.098027 26.962889 47.764939
49.550000 101.800366 69.171649 48.651006 35.677456 27.800971 22.894271 13.030633 4.402512 -1.133896 97.878869 78.246421 57.249253 46.164040 27.009922 47.832592
49.600000 101.920392 69.260131 48.719460 35.733119 27.848795 22.937172 13.063505 4.426376 -1.116030 97.995117 78.343706 57.326123 46.230052 27.056955 47.900242
49.650000 102.040413 69.348609 48.787912 35.788782 27.896618 22.980072 13.096377 4.450240 -1.098163 98.111361 78.440986 57.402990 46.296062 27.103987 47.967891
49.700000 102.160429 69.437084 48.856361 35.844443 27.944440 23.022972 13.129248 4.474105 -1.080295 98.227600 78.538263 57.479855 46.362069 27.151018 48.035537
49.750000 102.280439 69.525556 48.924809 35.900102 27.992262 23.065871 13.162120 4.497970 -1.062426 98.343834 78.635536 57.556717 46.428075 27.198048 48.103182
49.800000 102.400445 69.614024 48.993255 35.955761 28.040082 23.108770 13.194992 4.521837 -1.044556 98.460062 78.732805 57.633577 46.494079 27.245078 48.170824
49.850000 102.520445 69.702489 49.061698 36.011418 28.087902 23.151668 13.227864 4.545703 -1.026685 98.576286 78.830070 57.710434 46.560081 27.292106 48.238464
49.900000 102.640439 69.790951 49.130139 36.067073 28.135721 23.194565 13.260736 4.569570 -1.008813 98.692504 78.927331 57.787288 46.626080 27.339134 48.306103
49.950000 102.760429 69.879410 49.198578 36.122728 28.183539 23.237462 13.293608 4.593438 -0.990940 98.808718 79.024588 57.864140 46.692078 27.386161 48.373739
