web/models/kne/8/Metzger_0.016214_0.483793_0.450000.dat
# %ECSV 0.9
# ---
# datatype:
# - {name: time, datatype: float64}
# - {name: sdss_u, datatype: float64}
# - {name: sdss_g, datatype: float64}
# - {name: sdss_r, datatype: float64}
# - {name: sdss_i, datatype: float64}
# - {name: sdss_z, datatype: float64}
# - {name: PS1_y, datatype: float64}
# - {name: ukirt_J, datatype: float64}
# - {name: ukirt_H, datatype: float64}
# - {name: ukirt_K, datatype: float64}
# - {name: johnson_U, datatype: float64}
# - {name: johnson_B, datatype: float64}
# - {name: johnson_V, datatype: float64}
# - {name: johnson_R, datatype: float64}
# - {name: johnson_I, datatype: float64}
# - {name: Clear, datatype: float64}
# meta: !!omap
# - comment: [vej = 0.48379310344827586, mej = 0.016213736300560038, Ye = 0.45, redshift = 0.0]
# schema: astropy-2.0
time sdss_u sdss_g sdss_r sdss_i sdss_z PS1_y ukirt_J ukirt_H ukirt_K johnson_U johnson_B johnson_V johnson_R johnson_I Clear
[from data line 2476]
123.900000 nan 668.891154 514.823633 416.564063 356.412336 318.677154 241.938395 173.244090 127.715704 nan 736.662537 579.541260 496.051047 350.344164 508.648824
123.950000 nan 669.154881 515.028914 416.732019 356.557414 318.807865 242.039838 173.319245 127.773357 nan 736.951953 579.771102 496.249201 350.486933 508.851761
124.000000 nan 669.418604 515.234192 416.899972 356.702489 318.938573 242.141279 173.394399 127.831009 nan 737.241364 580.000940 496.447352 350.629699 509.054695
124.050000 nan 669.682322 515.439465 417.067922 356.847562 319.069279 242.242719 173.469552 127.888661 nan 737.530769 580.230773 496.645498 350.772462 509.257624
124.100000 nan 669.946035 515.644735 417.235869 356.992633 319.199983 242.344157 173.544704 127.946311 nan 737.820169 580.460602 496.843641 350.915223 509.460550
124.150000 nan 670.209743 515.850002 417.403814 357.137700 319.330685 242.445593 173.619855 128.003961 nan inf 580.690427 497.041781 351.057982 509.663473
124.200000 nan 670.473446 516.055265 417.571755 357.282766 319.461385 242.547028 173.695004 128.061610 nan nan 580.920248 497.239917 351.200738 509.866392
124.250000 nan 670.737145 516.260524 417.739693 357.427829 319.592082 242.648461 173.770152 128.119258 nan nan 581.150064 497.438050 351.343492 510.069307
124.300000 nan 671.000838 516.465779 417.907628 357.572889 319.722777 242.749892 173.845300 128.176905 nan nan 581.379876 497.636178 351.486243 510.272218
124.350000 nan 671.264527 516.671030 418.075561 357.717947 319.853470 242.851322 173.920446 128.234552 nan nan 581.609685 497.834304 351.628991 510.475126
124.400000 nan 671.528211 516.876278 418.243490 357.863002 319.984160 242.952750 173.995591 128.292197 nan nan 581.839489 498.032426 351.771737 510.678030
124.450000 nan 671.791890 517.081522 418.411416 358.008055 320.114849 243.054176 174.070735 128.349842 nan nan 582.069288 498.230544 351.914481 510.880930
124.500000 nan 672.055564 517.286763 418.579340 358.153105 320.245535 243.155601 174.145877 128.407486 nan nan 582.299084 498.428658 352.057222 511.083827
124.550000 nan 672.319233 517.491999 418.747260 358.298153 320.376218 243.257024 174.221019 128.465130 nan nan 582.528875 498.626769 352.199961 511.286720
124.600000 nan 672.582898 517.697232 418.915177 358.443198 320.506900 243.358446 174.296159 128.522772 nan nan 582.758662 498.824877 352.342697 511.489609
124.650000 nan 672.846557 517.902462 419.083092 358.588241 320.637579 243.459865 174.371298 128.580414 nan nan 582.988446 499.022981 352.485431 511.692495
124.700000 nan 673.110212 518.107687 419.251003 358.733281 320.768257 243.561283 174.446436 128.638055 nan nan 583.218224 499.221081 352.628163 511.895377
124.750000 nan 673.373862 518.312909 419.418912 358.878318 320.898931 243.662700 174.521573 128.695695 nan nan 583.447999 499.419178 352.770891 512.098256
124.800000 nan 673.637507 518.518128 419.586817 359.023354 321.029604 243.764115 174.596709 128.753334 nan nan 583.677770 499.617271 352.913618 512.301130
124.850000 nan 673.901147 518.723342 419.754720 359.168386 321.160275 243.865528 174.671844 128.810972 nan nan 583.907536 499.815361 353.056342 512.504002
124.900000 nan 674.164782 518.928553 419.922620 359.313416 321.290943 243.966939 174.746977 128.868610 nan nan 584.137298 500.013447 353.199063 512.706869
124.950000 nan 674.428413 519.133760 420.090516 359.458444 321.421609 244.068349 174.822110 128.926247 nan nan 584.367056 500.211530 353.341782 512.909733
125.000000 nan 674.692039 519.338964 420.258410 359.603469 321.552272 244.169757 174.897241 128.983883 nan nan 584.596810 500.409609 353.484499 513.112593
125.050000 nan 674.955660 519.544163 420.426301 359.748492 321.682934 244.271164 174.972371 129.041518 nan nan 584.826559 500.607684 353.627213 513.315450
125.100000 nan 675.219276 519.749360 420.594189 359.893512 321.813593 244.372569 175.047500 129.099153 nan nan 585.056305 500.805756 353.769924 513.518303
125.150000 nan 675.482887 519.954552 420.762074 360.038529 321.944250 244.473972 175.122628 129.156787 nan nan 585.286046 501.003825 353.912634 513.721152
125.200000 nan 675.746493 520.159741 420.929956 360.183544 322.074905 244.575373 175.197754 129.214420 nan nan 585.515783 501.201890 354.055340 513.923998
125.250000 nan 676.010095 520.364926 421.097835 360.328557 322.205558 244.676773 175.272880 129.272052 nan nan 585.745516 501.399951 354.198044 514.126840
125.300000 nan 676.273692 520.570107 421.265711 360.473567 322.336208 244.778171 175.348004 129.329683 nan nan 585.975245 501.598009 354.340746 514.329678
125.350000 nan 676.537284 520.775285 421.433584 360.618574 322.466856 244.879568 175.423128 129.387313 nan nan 586.204970 501.796063 354.483446 514.532513
125.400000 nan 676.800871 520.980459 421.601454 360.763580 322.597502 244.980963 175.498250 129.444943 nan nan 586.434691 501.994114 354.626142 514.735344
125.450000 nan 677.064453 521.185629 421.769321 360.908582 322.728146 245.082356 175.573371 129.502572 nan nan 586.664407 502.192161 354.768837 514.938172
125.500000 nan 677.328031 521.390796 421.937185 361.053582 322.858788 245.183748 175.648491 129.560200 nan nan 586.894119 502.390205 354.911529 515.140996
125.550000 nan 677.591604 521.595959 422.105047 361.198580 322.989427 245.285138 175.723609 129.617828 nan nan 587.123827 502.588245 355.054218 515.343816
125.600000 nan 677.855172 521.801119 422.272905 361.343575 323.120064 245.386526 175.798727 129.675454 nan nan 587.353531 502.786282 355.196905 515.546633
125.650000 nan 678.118735 522.006274 422.440761 361.488567 323.250699 245.487913 175.873843 129.733080 nan nan 587.583231 502.984315 355.339590 515.749446
125.700000 nan 678.382293 522.211426 422.608613 361.633558 323.381332 245.589298 175.948959 129.790705 nan nan 587.812927 503.182345 355.482272 515.952255
125.750000 nan 678.645847 522.416575 422.776463 361.778545 323.511962 245.690681 176.024073 129.848329 nan nan 588.042618 503.380371 355.624952 516.155061
125.800000 nan 678.909395 522.621720 422.944309 361.923530 323.642590 245.792063 176.099186 129.905952 nan nan 588.272306 503.578393 355.767629 516.357864
125.850000 nan 679.172939 522.826861 423.112153 362.068513 323.773216 245.893443 176.174298 129.963575 nan nan 588.501989 503.776412 355.910304 516.560662
125.900000 nan 679.436479 523.031998 423.279994 362.213493 323.903840 245.994822 176.249409 130.021197 nan nan 588.731668 503.974428 356.052976 516.763457
125.950000 nan 679.700013 523.237132 423.447832 362.358471 324.034462 246.096199 176.324518 130.078818 nan nan 588.961343 504.172440 356.195646 516.966249
126.000000 nan 679.963543 523.442262 423.615667 362.503446 324.165081 246.197574 176.399627 130.136438 nan nan 589.191014 504.370448 356.338314 517.169036
126.050000 nan 680.227067 523.647389 423.783499 362.648419 324.295699 246.298947 176.474734 130.194057 nan nan 589.420681 504.568453 356.480979 517.371821
126.100000 nan 680.490587 523.852511 423.951328 362.793389 324.426314 246.400319 176.549840 130.251676 nan nan 589.650344 504.766455 356.623642 517.574601
126.150000 nan 680.754103 524.057631 424.119154 362.938357 324.556926 246.501690 176.624946 130.309294 nan nan 589.880002 504.964453 356.766302 517.777378
126.200000 nan 681.017613 524.262746 424.286977 363.083322 324.687537 246.603058 176.700050 130.366911 nan nan 590.109657 505.162447 356.908960 517.980152
126.250000 nan 681.281119 524.467858 424.454797 363.228285 324.818145 246.704425 176.775152 130.424527 nan nan 590.339307 505.360438 357.051615 518.182921
126.300000 nan 681.544620 524.672966 424.622615 363.373245 324.948752 246.805791 176.850254 130.482143 nan nan 590.568953 505.558426 357.194268 518.385688
126.350000 nan 681.808116 524.878071 424.790429 363.518203 325.079356 246.907155 176.925355 130.539757 nan nan 590.798595 505.756410 357.336918 518.588450
126.400000 nan 682.071608 525.083172 424.958241 363.663158 325.209957 247.008517 177.000454 130.597371 nan nan 591.028233 505.954390 357.479566 518.791209
126.450000 nan 682.335094 525.288269 425.126049 363.808111 325.340557 247.109877 177.075553 130.654984 nan nan 591.257867 506.152367 357.622212 518.993965
126.500000 nan 682.598576 525.493363 425.293855 363.953061 325.471154 247.211236 177.150650 130.712597 nan nan 591.487497 506.350341 357.764855 519.196717
126.550000 nan 682.862054 525.698453 425.461658 364.098009 325.601750 247.312593 177.225746 130.770208 nan nan 591.717122 506.548311 357.907496 519.399465
126.600000 nan 683.125526 525.903540 425.629458 364.242955 325.732343 247.413949 177.300841 130.827819 nan nan 591.946744 506.746277 358.050134 519.602210
126.650000 nan 683.388994 526.108623 425.797255 364.387898 325.862934 247.515303 177.375935 130.885429 nan nan 592.176361 506.944240 358.192770 519.804951
126.700000 nan 683.652457 526.313702 425.965049 364.532838 325.993522 247.616655 177.451028 130.943038 nan nan 592.405975 507.142200 358.335404 520.007688
126.750000 nan 683.915915 526.518777 426.132840 364.677776 326.124109 247.718006 177.526119 131.000646 nan nan 592.635584 507.340156 358.478035 520.210422
126.800000 nan 684.179368 526.723849 426.300628 364.822712 326.254693 247.819355 177.601210 131.058254 nan nan 592.865189 507.538108 358.620663 520.413153
126.850000 nan 684.442817 526.928918 426.468414 364.967645 326.385275 247.920703 177.676299 131.115861 nan nan 593.094790 507.736057 358.763290 520.615879
126.900000 nan 684.706261 527.133982 426.636196 365.112576 326.515855 248.022048 177.751388 131.173467 nan nan 593.324387 507.934003 358.905913 520.818603
126.950000 nan 684.969700 527.339044 426.803976 365.257504 326.646433 248.123393 177.826475 131.231072 nan nan 593.553980 508.131945 359.048535 521.021322
127.000000 nan 685.233135 527.544101 426.971752 365.402430 326.777008 248.224735 177.901561 131.288676 nan nan 593.783569 508.329884 359.191154 521.224038
127.050000 nan 685.496564 527.749155 427.139526 365.547353 326.907582 248.326076 177.976646 131.346280 nan nan 594.013154 508.527819 359.333770 521.426751
127.100000 nan 685.759989 527.954205 427.307297 365.692274 327.038153 248.427416 178.051729 131.403883 nan nan 594.242734 508.725750 359.476384 521.629460
127.150000 nan 686.023410 528.159252 427.475065 365.837192 327.168722 248.528753 178.126812 131.461485 nan nan 594.472311 508.923679 359.618996 521.832165
127.200000 nan 686.286825 528.364295 427.642830 365.982108 327.299288 248.630089 178.201894 131.519086 nan nan 594.701884 509.121603 359.761606 522.034867
127.250000 nan 686.550236 528.569335 427.810592 366.127022 327.429853 248.731424 178.276974 131.576687 nan nan 594.931452 509.319525 359.904212 522.237565
127.300000 nan 686.813642 528.774370 427.978352 366.271933 327.560416 248.832757 178.352053 131.634287 nan nan 595.161016 509.517442 360.046817 522.440260
127.350000 nan 687.077043 528.979403 428.146108 366.416841 327.690976 248.934088 178.427132 131.691886 nan nan 595.390577 509.715357 360.189419 522.642951
127.400000 nan 687.340440 529.184431 428.313862 366.561747 327.821534 249.035418 178.502209 131.749484 nan nan 595.620133 509.913268 360.332019 522.845639
127.450000 nan 687.603832 529.389456 428.481612 366.706651 327.952090 249.136746 178.577285 131.807081 nan nan 595.849685 510.111175 360.474616 523.048323
127.500000 nan 687.867219 529.594478 428.649360 366.851552 328.082643 249.238072 178.652360 131.864678 nan nan 596.079233 510.309079 360.617211 523.251003
127.550000 nan 688.130602 529.799496 428.817105 366.996451 328.213195 249.339397 178.727433 131.922274 nan nan 596.308777 510.506979 360.759803 523.453680
127.600000 nan 688.393980 530.004510 428.984847 367.141347 328.343744 249.440720 178.802506 131.979869 nan nan 596.538317 510.704876 360.902393 523.656354
127.650000 nan 688.657353 530.209521 429.152586 367.286241 328.474292 249.542041 178.877577 132.037463 nan nan 596.767853 510.902770 361.044981 523.859023
127.700000 nan 688.920721 530.414528 429.320322 367.431132 328.604837 249.643361 178.952648 132.095057 nan nan 596.997385 511.100660 361.187566 524.061690
127.750000 nan 689.184085 530.619531 429.488056 367.576021 328.735380 249.744680 179.027717 132.152649 nan nan 597.226912 511.298547 361.330149 524.264352
127.800000 nan 689.447444 530.824531 429.655786 367.720908 328.865920 249.845996 179.102785 132.210241 nan nan 597.456436 511.496430 361.472730 524.467012
127.850000 nan 689.710798 531.029527 429.823514 367.865792 328.996459 249.947311 179.177852 132.267832 nan nan 597.685956 511.694310 361.615308 524.669667
127.900000 nan 689.974148 531.234520 429.991238 368.010674 329.126995 250.048625 179.252918 132.325423 nan nan 597.915471 511.892186 361.757883 524.872319
127.950000 nan 690.237493 531.439509 430.158960 368.155553 329.257529 250.149937 179.327983 132.383012 nan nan 598.144983 512.090059 361.900457 525.074968
128.000000 nan 690.500833 531.644495 430.326679 368.300430 329.388061 250.251247 179.403047 132.440601 nan nan 598.374491 512.287928 362.043028 525.277613
128.050000 nan 690.764169 531.849477 430.494395 368.445304 329.518591 250.352556 179.478109 132.498189 nan nan 598.603994 512.485794 362.185596 525.480255
128.100000 nan 691.027500 532.054455 430.662109 368.590176 329.649119 250.453863 179.553171 132.555776 nan nan 598.833493 512.683657 362.328162 525.682893
128.150000 nan 691.290826 532.259430 430.829819 368.735045 329.779644 250.555168 179.628231 132.613363 nan nan 599.062989 512.881516 362.470726 525.885527
128.200000 nan 691.554148 532.464402 430.997526 368.879912 329.910168 250.656472 179.703291 132.670949 nan nan 599.292480 513.079372 362.613287 526.088158
128.250000 nan 691.817464 532.669369 431.165231 369.024777 330.040689 250.757774 179.778349 132.728534 nan nan 599.521968 513.277224 362.755846 526.290785
128.300000 nan 692.080777 532.874333 431.332933 369.169639 330.171208 250.859075 179.853406 132.786118 nan nan 599.751451 513.475073 362.898403 526.493409
128.350000 nan 692.344084 533.079294 431.500632 369.314499 330.301725 250.960374 179.928462 132.843701 nan nan 599.980930 513.672918 363.040957 526.696030
128.400000 nan 692.607387 533.284251 431.668328 369.459356 330.432240 251.061671 180.003517 132.901284 nan nan 600.210405 513.870760 363.183509 526.898646
128.450000 nan 692.870685 533.489204 431.836021 369.604211 330.562752 251.162967 180.078570 132.958865 nan nan 600.439876 514.068598 363.326058 527.101260
128.500000 nan 693.133979 533.694154 432.003711 369.749064 330.693263 251.264261 180.153623 133.016446 nan nan 600.669344 514.266433 363.468605 527.303870
128.550000 nan 693.397267 533.899101 432.171399 369.893914 330.823771 251.365554 180.228675 133.074027 nan nan 600.898807 514.464265 363.611150 527.506476
128.600000 nan 693.660552 534.104043 432.339083 370.038761 330.954277 251.466845 180.303725 133.131606 nan nan 601.128266 514.662093 363.753692 527.709079
128.650000 nan 693.923831 534.308983 432.506765 370.183606 331.084781 251.568134 180.378774 133.189185 nan nan 601.357721 514.859918 363.896232 527.911678
128.700000 nan 694.187106 534.513918 432.674444 370.328449 331.215283 251.669422 180.453822 133.246763 nan nan 601.587172 515.057739 364.038769 528.114274
128.750000 nan 694.450376 534.718850 432.842120 370.473290 331.345783 251.770708 180.528870 133.304340 nan nan 601.816619 515.255557 364.181304 528.316866
128.800000 nan 694.713642 534.923779 433.009793 370.618127 331.476280 251.871993 180.603916 133.361916 nan nan 602.046062 515.453372 364.323837 528.519454
128.850000 nan 694.976903 535.128704 433.177464 370.762963 331.606776 251.973276 180.678960 133.419492 nan nan 602.275501 515.651183 364.466367 528.722040
128.900000 nan 695.240159 535.333625 433.345131 370.907796 331.737269 252.074557 180.754004 133.477067 nan nan 602.504936 515.848991 364.608895 528.924621
128.950000 nan 695.503410 535.538543 433.512796 371.052627 331.867760 252.175837 180.829047 133.534641 nan nan 602.734367 516.046795 364.751421 529.127200
