web/models/kne/8/Metzger_0.138217_0.418966_0.450000.dat
# %ECSV 0.9
# ---
# datatype:
# - {name: time, datatype: float64}
# - {name: sdss_u, datatype: float64}
# - {name: sdss_g, datatype: float64}
# - {name: sdss_r, datatype: float64}
# - {name: sdss_i, datatype: float64}
# - {name: sdss_z, datatype: float64}
# - {name: PS1_y, datatype: float64}
# - {name: ukirt_J, datatype: float64}
# - {name: ukirt_H, datatype: float64}
# - {name: ukirt_K, datatype: float64}
# - {name: johnson_U, datatype: float64}
# - {name: johnson_B, datatype: float64}
# - {name: johnson_V, datatype: float64}
# - {name: johnson_R, datatype: float64}
# - {name: johnson_I, datatype: float64}
# - {name: Clear, datatype: float64}
# meta: !!omap
# - comment: [vej = 0.4189655172413793, mej = 0.13821730389118514, Ye = 0.45, redshift = 0.0]
# schema: astropy-2.0
time sdss_u sdss_g sdss_r sdss_i sdss_z PS1_y ukirt_J ukirt_H ukirt_K johnson_U johnson_B johnson_V johnson_R johnson_I Clear
[from data line 1089]
54.550000 207.437226 146.821189 108.531184 84.209722 69.377644 60.102881 41.341033 24.720679 13.863053 200.164228 163.705963 124.596514 103.877301 67.884437 107.000063
54.600000 207.638218 146.969791 108.646523 84.303818 69.458720 60.175781 41.397275 24.761961 13.894374 200.358946 163.869185 124.725830 103.988583 67.964199 107.114068
54.650000 207.839200 147.118386 108.761857 84.397911 69.539793 60.248677 41.453516 24.803241 13.925695 200.553655 164.032399 124.855141 104.099861 68.043957 107.228068
54.700000 208.040172 147.266973 108.877185 84.492000 69.620863 60.321571 41.509756 24.844521 13.957015 200.748353 164.195604 124.984446 104.211134 68.123713 107.342062
54.750000 208.241133 147.415554 108.992509 84.586084 69.701929 60.394463 41.565993 24.885801 13.988335 200.943042 164.358802 125.113745 104.322402 68.203465 107.456052
54.800000 208.442085 147.564127 109.107827 84.680165 69.782993 60.467352 41.622229 24.927079 14.019655 201.137721 164.521992 125.243038 104.433665 68.283215 107.570036
54.850000 208.643026 147.712694 109.223140 84.774242 69.864053 60.540238 41.678463 24.968357 14.050975 201.332390 164.685173 125.372324 104.544923 68.362961 107.684016
54.900000 208.843957 147.861253 109.338448 84.868315 69.945111 60.613121 41.734696 25.009634 14.082294 201.527050 164.848347 125.501605 104.656176 68.442705 107.797990
54.950000 209.044877 148.009805 109.453751 84.962384 70.026165 60.686002 41.790927 25.050910 14.113614 201.721699 165.011513 125.630880 104.767424 68.522445 107.911959
55.000000 209.245788 148.158350 109.569049 85.056450 70.107216 60.758880 41.847156 25.092186 14.144933 201.916339 165.174671 125.760149 104.878667 68.602182 108.025924
55.050000 209.446688 148.306888 109.684341 85.150511 70.188264 60.831756 41.903384 25.133461 14.176252 202.110969 165.337821 125.889412 104.989906 68.681917 108.139883
55.100000 209.647578 148.455419 109.799629 85.244569 70.269309 60.904629 41.959610 25.174735 14.207571 202.305589 165.500963 126.018669 105.101139 68.761648 108.253837
55.150000 209.848458 148.603942 109.914911 85.338622 70.350351 60.977499 42.015834 25.216008 14.238890 202.500199 165.664097 126.147920 105.212368 68.841376 108.367786
55.200000 210.049328 148.752459 110.030189 85.432672 70.431389 61.050367 42.072057 25.257280 14.270209 202.694799 165.827223 126.277166 105.323592 68.921101 108.481730
55.250000 210.250188 148.900969 110.145461 85.526718 70.512425 61.123232 42.128278 25.298552 14.301527 202.889390 165.990341 126.406405 105.434811 69.000824 108.595669
55.300000 210.451037 149.049471 110.260728 85.620760 70.593458 61.196095 42.184498 25.339823 14.332845 203.083971 166.153451 126.535638 105.546025 69.080543 108.709603
55.350000 210.651877 149.197967 110.375990 85.714799 70.674487 61.268955 42.240716 25.381093 14.364163 203.278543 166.316554 126.664866 105.657234 69.160259 108.823532
55.400000 210.852706 149.346455 110.491247 85.808833 70.755513 61.341812 42.296932 25.422363 14.395481 203.473104 166.479648 126.794088 105.768439 69.239972 108.937456
55.450000 211.053526 149.494937 110.606499 85.902864 70.836537 61.414667 42.353147 25.463632 14.426799 203.667656 166.642735 126.923303 105.879638 69.319683 109.051375
55.500000 211.254335 149.643411 110.721745 85.996891 70.917557 61.487519 42.409360 25.504900 14.458117 203.862198 166.805814 127.052513 105.990833 69.399390 109.165290
55.550000 211.455134 149.791879 110.836987 86.090914 70.998574 61.560369 42.465571 25.546167 14.489434 204.056731 166.968885 127.181717 106.102023 69.479094 109.279199
55.600000 211.655923 149.940340 110.952224 86.184933 71.079588 61.633216 42.521781 25.587433 14.520751 204.251254 167.131948 127.310915 106.213208 69.558795 109.393103
55.650000 211.856703 150.088793 111.067455 86.278948 71.160599 61.706060 42.577989 25.628699 14.552068 204.445767 167.295003 127.440107 106.324389 69.638494 109.507002
55.700000 212.057472 150.237240 111.182682 86.372960 71.241607 61.778902 42.634195 25.669964 14.583385 204.640270 167.458051 127.569294 106.435564 69.718189 109.620896
55.750000 212.258231 150.385679 111.297904 86.466967 71.322612 61.851741 42.690400 25.711228 14.614702 204.834764 167.621090 127.698474 106.546735 69.797881 109.734785
55.800000 212.458980 150.534112 111.413120 86.560971 71.403614 61.924578 42.746604 25.752492 14.646018 205.029248 167.784122 127.827649 106.657901 69.877570 109.848669
55.850000 212.659720 150.682538 111.528332 86.654971 71.484613 61.997412 42.802805 25.793754 14.677335 205.223723 167.947146 127.956818 106.769062 69.957257 109.962549
55.900000 212.860449 150.830957 111.643538 86.748968 71.565609 62.070244 42.859005 25.835016 14.708651 205.418188 168.110163 128.085981 106.880218 70.036940 110.076423
55.950000 213.061168 150.979368 111.758739 86.842960 71.646601 62.143073 42.915204 25.876277 14.739967 205.612644 168.273171 128.215138 106.991370 70.116621 110.190293
56.000000 213.261878 151.127773 111.873936 86.936949 71.727591 62.215899 42.971400 25.917538 14.771283 205.807090 168.436172 128.344289 107.102516 70.196298 110.304157
56.050000 213.462577 151.276171 111.989127 87.030934 71.808578 62.288723 43.027596 25.958797 14.802598 206.001526 168.599165 128.473435 107.213658 70.275972 110.418017
56.100000 213.663267 151.424563 112.104314 87.124915 71.889561 62.361544 43.083789 26.000056 14.833914 206.195953 168.762150 128.602575 107.324796 70.355644 110.531871
56.150000 213.863946 151.572947 112.219495 87.218892 71.970542 62.434363 43.139981 26.041315 14.865229 206.390370 168.925128 128.731709 107.435928 70.435313 110.645721
56.200000 214.064616 151.721324 112.334672 87.312866 72.051519 62.507179 43.196172 26.082572 14.896544 206.584778 169.088098 128.860837 107.547056 70.514978 110.759566
56.250000 214.265276 151.869695 112.449843 87.406836 72.132494 62.579992 43.252360 26.123829 14.927859 206.779176 169.251060 128.989959 107.658179 70.594641 110.873406
56.300000 214.465926 152.018058 112.565010 87.500802 72.213465 62.652803 43.308548 26.165085 14.959174 206.973565 169.414014 129.119076 107.769297 70.674301 110.987241
56.350000 214.666567 152.166415 112.680171 87.594764 72.294434 62.725612 43.364733 26.206340 14.990488 207.167944 169.576961 129.248187 107.880410 70.753957 111.101071
56.400000 214.867197 152.314765 112.795328 87.688723 72.375399 62.798418 43.420917 26.247594 15.021803 207.362314 169.739900 129.377292 107.991519 70.833611 111.214896
56.450000 215.067818 152.463108 112.910479 87.782678 72.456362 62.871221 43.477100 26.288848 15.053117 207.556674 169.902831 129.506391 108.102623 70.913262 111.328716
56.500000 215.268428 152.611444 113.025626 87.876629 72.537321 62.944022 43.533280 26.330101 15.084431 207.751025 170.065755 129.635485 108.213722 70.992910 111.442532
56.550000 215.469029 152.759773 113.140768 87.970576 72.618278 63.016820 43.589459 26.371353 15.115744 207.945367 170.228671 129.764573 108.324817 71.072555 111.556342
56.600000 215.669621 152.908096 113.255904 88.064520 72.699231 63.089616 43.645637 26.412604 15.147058 208.139699 170.391579 129.893655 108.435907 71.152197 111.670148
56.650000 215.870202 153.056412 113.371036 88.158460 72.780182 63.162409 43.701813 26.453855 15.178371 208.334021 170.554480 130.022732 108.546992 71.231836 111.783949
56.700000 216.070774 153.204721 113.486163 88.252396 72.861129 63.235200 43.757987 26.495105 15.209685 208.528334 170.717373 130.151802 108.658073 71.311473 111.897745
56.750000 216.271336 153.353023 113.601285 88.346328 72.942073 63.307988 43.814160 26.536354 15.240998 208.722638 170.880259 130.280867 108.769148 71.391106 112.011536
56.800000 216.471888 153.501318 113.716402 88.440257 73.023015 63.380773 43.870331 26.577602 15.272310 208.916932 171.043136 130.409927 108.880219 71.470736 112.125323
56.850000 216.672430 153.649607 113.831514 88.534182 73.103953 63.453556 43.926501 26.618850 15.303623 209.111218 171.206007 130.538980 108.991286 71.550364 112.239104
56.900000 216.872963 153.797888 113.946622 88.628103 73.184889 63.526337 43.982669 26.660097 15.334936 209.305493 171.368869 130.668028 109.102348 71.629989 112.352881
56.950000 217.073486 153.946163 114.061724 88.722021 73.265821 63.599115 44.038835 26.701343 15.366248 209.499759 171.531724 130.797071 109.213405 71.709610 112.466653
57.000000 217.273999 154.094432 114.176821 88.815934 73.346751 63.671891 44.095000 26.742589 15.397560 209.694016 171.694572 130.926107 109.324457 71.789229 112.580420
57.050000 217.474503 154.242693 114.291914 88.909845 73.427678 63.744664 44.151164 26.783833 15.428872 209.888264 171.857412 131.055138 109.435505 71.868845 112.694182
57.100000 217.674997 154.390948 114.407002 89.003751 73.508601 63.817434 44.207325 26.825077 15.460184 210.082502 172.020244 131.184163 109.546548 71.948458 112.807939
57.150000 217.875481 154.539196 114.522085 89.097654 73.589522 63.890202 44.263485 26.866320 15.491495 210.276731 172.183069 131.313183 109.657586 72.028068 112.921692
57.200000 218.075956 154.687437 114.637162 89.191553 73.670439 63.962967 44.319644 26.907563 15.522806 210.470951 172.345886 131.442197 109.768620 72.107675 113.035440
57.250000 218.276421 154.835672 114.752235 89.285448 73.751354 64.035730 44.375801 26.948804 15.554117 210.665161 172.508696 131.571205 109.879649 72.187280 113.149183
57.300000 218.476877 154.983900 114.867304 89.379340 73.832266 64.108491 44.431956 26.990045 15.585428 210.859363 172.671498 131.700208 109.990673 72.266881 113.262921
57.350000 218.677322 155.132121 114.982367 89.473228 73.913175 64.181249 44.488110 27.031285 15.616739 211.053555 172.834293 131.829205 110.101693 72.346480 113.376654
57.400000 218.877759 155.280335 115.097426 89.567112 73.994081 64.254004 44.544262 27.072525 15.648050 211.247737 172.997080 131.958196 110.212709 72.426075 113.490383
57.450000 219.078185 155.428543 115.212479 89.660993 74.074983 64.326757 44.600413 27.113764 15.679360 211.441911 173.159860 132.087182 110.323719 72.505668 113.604107
57.500000 219.278602 155.576744 115.327528 89.754870 74.155883 64.399508 44.656562 27.155002 15.710670 211.636075 173.322632 132.216162 110.434725 72.585258 113.717826
57.550000 219.479010 155.724939 115.442572 89.848743 74.236780 64.472256 44.712709 27.196239 15.741980 211.830230 173.485397 132.345136 110.545727 72.664845 113.831540
57.600000 219.679408 155.873127 115.557611 89.942613 74.317674 64.545001 44.768855 27.237475 15.773290 212.024375 173.648154 132.474105 110.656723 72.744429 113.945250
57.650000 219.879796 156.021308 115.672645 90.036479 74.398566 64.617744 44.824999 27.278711 15.804599 212.218512 173.810904 132.603069 110.767715 72.824011 114.058955
57.700000 220.080175 156.169482 115.787675 90.130341 74.479454 64.690484 44.881142 27.319946 15.835909 212.412639 173.973647 132.732027 110.878703 72.903589 114.172655
57.750000 220.280545 156.317650 115.902700 90.224200 74.560339 64.763222 44.937283 27.361180 15.867218 212.606758 174.136382 132.860979 110.989686 72.983165 114.286350
57.800000 220.480904 156.465811 116.017719 90.318055 74.641221 64.835958 44.993423 27.402413 15.898527 212.800867 174.299109 132.989925 111.100664 73.062737 114.400041
57.850000 220.681255 156.613966 116.132735 90.411907 74.722101 64.908691 45.049561 27.443646 15.929836 212.994967 174.461829 133.118866 111.211638 73.142307 114.513727
57.900000 220.881596 156.762114 116.247745 90.505754 74.802977 64.981422 45.105698 27.484878 15.961144 213.189057 174.624542 133.247802 111.322607 73.221874 114.627408
57.950000 221.081927 156.910255 116.362750 90.599599 74.883851 65.054150 45.161833 27.526109 15.992452 213.383139 174.787247 133.376732 111.433572 73.301438 114.741084
58.000000 221.282249 157.058390 116.477751 90.693439 74.964721 65.126875 45.217966 27.567340 16.023761 213.577211 174.949945 133.505656 111.544532 73.381000 114.854756
58.050000 221.482562 157.206518 116.592747 90.787276 75.045589 65.199599 45.274098 27.608570 16.055068 213.771275 175.112635 133.634575 111.655488 73.460558 114.968423
58.100000 221.682865 157.354640 116.707738 90.881109 75.126454 65.272319 45.330228 27.649799 16.086376 213.965329 175.275318 133.763488 111.766439 73.540114 115.082085
58.150000 221.883158 157.502755 116.822724 90.974939 75.207316 65.345037 45.386357 27.691027 16.117684 214.159374 175.437994 133.892396 111.877385 73.619667 115.195743
58.200000 222.083443 157.650863 116.937706 91.068765 75.288175 65.417753 45.442484 27.732254 16.148991 214.353411 175.600662 134.021298 111.988327 73.699217 115.309396
58.250000 222.283717 157.798965 117.052683 91.162588 75.369031 65.490467 45.498610 27.773481 16.180298 214.547438 175.763323 134.150195 112.099265 73.778764 115.423044
58.300000 222.483983 157.947060 117.167655 91.256406 75.449884 65.563177 45.554734 27.814707 16.211605 214.741456 175.925977 134.279086 112.210197 73.858308 115.536688
58.350000 222.684239 158.095149 117.282622 91.350222 75.530735 65.635886 45.610856 27.855932 16.242912 214.935465 176.088623 134.407972 112.321126 73.937850 115.650327
58.400000 222.884486 158.243231 117.397585 91.444033 75.611582 65.708592 45.666977 27.897157 16.274218 215.129465 176.251262 134.536852 112.432049 74.017389 115.763961
58.450000 223.084723 158.391307 117.512543 91.537841 75.692427 65.781295 45.723096 27.938381 16.305525 215.323456 176.413894 134.665727 112.542969 74.096924 115.877590
58.500000 223.284951 158.539376 117.627496 91.631646 75.773268 65.853996 45.779214 27.979604 16.336831 215.517437 176.576518 134.794596 112.653883 74.176458 115.991215
58.550000 223.485169 158.687439 117.742444 91.725447 75.854107 65.926695 45.835330 28.020826 16.368137 215.711410 176.739135 134.923460 112.764794 74.255988 116.104835
58.600000 223.685379 158.835495 117.857388 91.819244 75.934943 65.999391 45.891445 28.062048 16.399442 215.905374 176.901745 135.052318 112.875699 74.335515 116.218451
58.650000 223.885579 158.983544 117.972327 91.913038 76.015776 66.072085 45.947558 28.103268 16.430748 216.099329 177.064348 135.181171 112.986601 74.415040 116.332062
58.700000 224.085769 159.131588 118.087261 92.006828 76.096606 66.144776 46.003670 28.144488 16.462053 216.293275 177.226943 135.310018 113.097497 74.494562 116.445668
58.750000 224.285951 159.279624 118.202191 92.100615 76.177433 66.217465 46.059780 28.185708 16.493358 216.487212 177.389531 135.438860 113.208390 74.574081 116.559270
58.800000 224.486123 159.427654 118.317116 92.194398 76.258258 66.290152 46.115889 28.226926 16.524663 216.681140 177.552111 135.567696 113.319277 74.653597 116.672867
58.850000 224.686286 159.575678 118.432036 92.288177 76.339079 66.362836 46.171996 28.268144 16.555968 216.875059 177.714685 135.696527 113.430161 74.733110 116.786459
58.900000 224.886439 159.723695 118.546951 92.381953 76.419898 66.435517 46.228101 28.309361 16.587272 217.068970 177.877251 135.825353 113.541039 74.812621 116.900047
58.950000 225.086584 159.871706 118.661862 92.475726 76.500714 66.508196 46.284205 28.350578 16.618576 217.262871 178.039810 135.954173 113.651914 74.892129 117.013630
59.000000 225.286719 160.019710 118.776768 92.569494 76.581526 66.580873 46.340308 28.391793 16.649881 217.456763 178.202361 136.082988 113.762784 74.971634 117.127209
59.050000 225.486845 160.167708 118.891669 92.663260 76.662337 66.653547 46.396409 28.433008 16.681184 217.650647 178.364906 136.211797 113.873649 75.051136 117.240783
59.100000 225.686961 160.315700 119.006566 92.757021 76.743144 66.726219 46.452508 28.474222 16.712488 217.844521 178.527443 136.340601 113.984510 75.130636 117.354352
59.150000 225.887069 160.463685 119.121458 92.850780 76.823948 66.798889 46.508606 28.515436 16.743791 218.038387 178.689973 136.469399 114.095366 75.210132 117.467917
59.200000 226.087167 160.611663 119.236346 92.944534 76.904750 66.871556 46.564702 28.556648 16.775094 218.232244 178.852496 136.598192 114.206218 75.289626 117.581477
