web/models/kne/8/Metzger_0.005553_0.354138_0.450000.dat
# %ECSV 0.9
# ---
# datatype:
# - {name: time, datatype: float64}
# - {name: sdss_u, datatype: float64}
# - {name: sdss_g, datatype: float64}
# - {name: sdss_r, datatype: float64}
# - {name: sdss_i, datatype: float64}
# - {name: sdss_z, datatype: float64}
# - {name: PS1_y, datatype: float64}
# - {name: ukirt_J, datatype: float64}
# - {name: ukirt_H, datatype: float64}
# - {name: ukirt_K, datatype: float64}
# - {name: johnson_U, datatype: float64}
# - {name: johnson_B, datatype: float64}
# - {name: johnson_V, datatype: float64}
# - {name: johnson_R, datatype: float64}
# - {name: johnson_I, datatype: float64}
# - {name: Clear, datatype: float64}
# meta: !!omap
# - comment: [vej = 0.35413793103448277, mej = 0.00555320171962985, Ye = 0.45, redshift = 0.0]
# schema: astropy-2.0
time sdss_u sdss_g sdss_r sdss_i sdss_z PS1_y ukirt_J ukirt_H ukirt_K johnson_U johnson_B johnson_V johnson_R johnson_I Clear
[from data line 873]
43.750000 367.636494 265.892311 201.489734 160.492200 135.438684 119.744931 87.906915 59.541752 40.864450 355.438372 294.254100 228.528150 193.651505 132.913636 198.911271
43.800000 368.052323 266.200173 201.729046 160.687735 135.607387 119.896784 88.024440 59.628445 40.930615 355.841271 294.592091 228.796268 193.882458 133.079630 199.147834
43.850000 368.468125 266.508015 201.968345 160.883260 135.776081 120.048628 88.141960 59.715135 40.996779 356.244145 294.930060 229.064370 194.113398 133.245615 199.384383
43.900000 368.883900 266.815839 202.207628 161.078773 135.944765 120.200463 88.259474 59.801822 41.062941 356.646993 295.268008 229.332456 194.344323 133.411591 199.620918
43.950000 369.299648 267.123643 202.446898 161.274274 136.113440 120.352291 88.376982 59.888505 41.129101 357.049815 295.605934 229.600525 194.575235 133.577557 199.857439
44.000000 369.715369 267.431428 202.686153 161.469765 136.282105 120.504111 88.494484 59.975185 41.195258 357.452611 295.943839 229.868578 194.806134 133.743515 200.093946
44.050000 370.131064 267.739194 202.925394 161.665245 136.450762 120.655922 88.611981 60.061861 41.261414 357.855381 296.281723 230.136615 195.037018 133.909463 200.330438
44.100000 370.546732 268.046940 203.164621 161.860713 136.619409 120.807726 88.729473 60.148533 41.327567 358.258125 296.619586 230.404635 195.267889 134.075403 200.566917
44.150000 370.962374 268.354668 203.403834 162.056170 136.788047 120.959521 88.846958 60.235202 41.393719 358.660844 296.957428 230.672639 195.498746 134.241333 200.803381
44.200000 371.377988 268.662377 203.643032 162.251616 136.956675 121.111308 88.964438 60.321868 41.459868 359.063537 297.295248 230.940627 195.729590 134.407255 201.039832
44.250000 371.793577 268.970067 203.882216 162.447051 137.125294 121.263088 89.081912 60.408530 41.526016 359.466204 297.633047 231.208599 195.960420 134.573167 201.276268
44.300000 372.209138 269.277737 204.121386 162.642475 137.293904 121.414859 89.199381 60.495189 41.592161 359.868846 297.970826 231.476554 196.191237 134.739070 201.512690
44.350000 372.624674 269.585389 204.360542 162.837888 137.462505 121.566622 89.316844 60.581844 41.658305 360.271462 298.308583 231.744494 196.422040 134.904964 201.749099
44.400000 373.040182 269.893022 204.599683 163.033289 137.631097 121.718377 89.434302 60.668496 41.724446 360.674052 298.646319 232.012417 196.652829 135.070850 201.985494
44.450000 373.455665 270.200636 204.838811 163.228680 137.799679 121.870124 89.551753 60.755144 41.790585 361.076617 298.984034 232.280324 196.883605 135.236726 202.221874
44.500000 373.871121 270.508231 205.077924 163.424060 137.968253 122.021863 89.669200 60.841789 41.856722 361.479157 299.321728 232.548215 197.114367 135.402593 202.458241
44.550000 374.286550 270.815807 205.317024 163.619428 138.136817 122.173595 89.786640 60.928430 41.922858 361.881671 299.659402 232.816090 197.345116 135.568451 202.694594
44.600000 374.701953 271.123365 205.556109 163.814786 138.305372 122.325318 89.904075 61.015068 41.988991 362.284160 299.997054 233.083949 197.575852 135.734301 202.930933
44.650000 375.117330 271.430904 205.795181 164.010132 138.473918 122.477033 90.021505 61.101702 42.055122 362.686623 300.334686 233.351792 197.806574 135.900141 203.167258
44.700000 375.532681 271.738424 206.034238 164.205468 138.642454 122.628740 90.138928 61.188333 42.121251 363.089061 300.672296 233.619619 198.037282 136.065972 203.403570
44.750000 375.948006 272.045925 206.273281 164.400792 138.810982 122.780440 90.256347 61.274961 42.187378 363.491474 301.009886 233.887429 198.267977 136.231795 203.639867
44.800000 376.363304 272.353407 206.512311 164.596106 138.979501 122.932131 90.373759 61.361585 42.253503 363.893861 301.347455 234.155224 198.498659 136.397609 203.876151
44.850000 376.778577 272.660871 206.751326 164.791409 139.148010 123.083814 90.491166 61.448206 42.319626 364.296223 301.685004 234.423003 198.729327 136.563413 204.112421
44.900000 377.193823 272.968317 206.990328 164.986701 139.316511 123.235490 90.608568 61.534823 42.385748 364.698561 302.022531 234.690766 198.959982 136.729209 204.348677
44.950000 377.609043 273.275743 207.229315 165.181982 139.485002 123.387158 90.725964 61.621437 42.451867 365.100872 302.360038 234.958514 199.190624 136.894996 204.584920
45.000000 378.024238 273.583151 207.468289 165.377252 139.653484 123.538817 90.843355 61.708047 42.517984 365.503159 302.697525 235.226245 199.421252 137.060774 204.821149
45.050000 378.439406 273.890541 207.707249 165.572511 139.821957 123.690469 90.960740 61.794654 42.584099 365.905421 303.034990 235.493960 199.651867 137.226543 205.057364
45.100000 378.854548 274.197912 207.946195 165.767759 139.990422 123.842113 91.078119 61.881257 42.650212 366.307658 303.372436 235.761660 199.882469 137.392304 205.293566
45.150000 379.269665 274.505264 208.185127 165.962996 140.158877 123.993749 91.195493 61.967857 42.716323 366.709869 303.709860 236.029344 200.113058 137.558055 205.529754
45.200000 379.684756 274.812598 208.424045 166.158223 140.327323 124.145378 91.312861 62.054454 42.782431 367.112056 304.047264 236.297012 200.343633 137.723798 205.765928
45.250000 380.099821 275.119913 208.662950 166.353439 140.495760 124.296998 91.430224 62.141047 42.848538 367.514218 304.384648 236.564664 200.574195 137.889532 206.002088
45.300000 380.514860 275.427210 208.901841 166.548644 140.664188 124.448611 91.547581 62.227637 42.914643 367.916355 304.722011 236.832301 200.804744 138.055257 206.238236
45.350000 380.929873 275.734489 209.140718 166.743838 140.832608 124.600215 91.664933 62.314224 42.980746 368.318467 305.059353 237.099922 201.035279 138.220973 206.474369
45.400000 381.344861 276.041749 209.379581 166.939021 141.001018 124.751812 91.782280 62.400807 43.046847 368.720554 305.396675 237.367527 201.265802 138.386681 206.710489
45.450000 381.759823 276.348991 209.618430 167.134194 141.169419 124.903402 91.899621 62.487387 43.112946 369.122617 305.733977 237.635117 201.496311 138.552380 206.946595
45.500000 382.174759 276.656215 209.857266 167.329356 141.337812 125.054983 92.016956 62.573963 43.179043 369.524654 306.071258 237.902691 201.726807 138.718070 207.182688
45.550000 382.589670 276.963420 210.096088 167.524507 141.506195 125.206556 92.134286 62.660536 43.245138 369.926667 306.408519 238.170249 201.957291 138.883751 207.418768
45.600000 383.004555 277.270607 210.334897 167.719648 141.674570 125.358122 92.251611 62.747105 43.311231 370.328656 306.745760 238.437791 202.187760 139.049424 207.654834
45.650000 383.419415 277.577776 210.573692 167.914778 141.842935 125.509680 92.368930 62.833671 43.377322 370.730619 307.082980 238.705319 202.418217 139.215088 207.890886
45.700000 383.834249 277.884926 210.812473 168.109897 142.011292 125.661231 92.486243 62.920234 43.443410 371.132559 307.420181 238.972830 202.648661 139.380743 208.126925
45.750000 384.249058 278.192058 211.051241 168.305005 142.179640 125.812773 92.603551 63.006793 43.509497 371.534473 307.757361 239.240326 202.879092 139.546389 208.362951
45.800000 384.663842 278.499173 211.289995 168.500103 142.347979 125.964308 92.720854 63.093349 43.575582 371.936363 308.094520 239.507807 203.109510 139.712027 208.598963
45.850000 385.078600 278.806269 211.528735 168.695190 142.516309 126.115835 92.838151 63.179902 43.641665 372.338228 308.431660 239.775272 203.339914 139.877656 208.834962
45.900000 385.493333 279.113346 211.767462 168.890266 142.684631 126.267354 92.955443 63.266451 43.707746 372.740069 308.768780 240.042721 203.570306 140.043277 209.070947
45.950000 385.908040 279.420406 212.006175 169.085332 142.852943 126.418866 93.072730 63.352997 43.773825 373.141886 309.105879 240.310155 203.800685 140.208889 209.306919
46.000000 386.322722 279.727448 212.244875 169.280388 143.021247 126.570370 93.190011 63.439540 43.839902 373.543678 309.442958 240.577574 204.031051 140.374492 209.542878
46.050000 386.737379 280.034471 212.483562 169.475432 143.189542 126.721866 93.307286 63.526079 43.905976 373.945446 309.780018 240.844977 204.261404 140.540086 209.778824
46.100000 387.152011 280.341477 212.722235 169.670466 143.357828 126.873355 93.424556 63.612615 43.972049 374.347190 310.117057 241.112365 204.491744 140.705672 210.014756
46.150000 387.566618 280.648465 212.960894 169.865490 143.526106 127.024836 93.541821 63.699147 44.038120 374.748909 310.454076 241.379737 204.722071 140.871250 210.250675
46.200000 387.981199 280.955434 213.199540 170.060503 143.694374 127.176309 93.659081 63.785676 44.104189 375.150604 310.791075 241.647094 204.952385 141.036819 210.486580
46.250000 388.395756 281.262386 213.438173 170.255505 143.862634 127.327775 93.776335 63.872202 44.170256 375.552274 311.128055 241.914436 205.182686 141.202379 210.722473
46.300000 388.810287 281.569320 213.676792 170.450497 144.030885 127.479233 93.893583 63.958724 44.236321 375.953921 311.465014 242.181763 205.412974 141.367930 210.958352
46.350000 389.224793 281.876235 213.915398 170.645479 144.199127 127.630683 94.010827 64.045243 44.302384 376.355543 311.801954 242.449074 205.643250 141.533473 211.194218
46.400000 389.639275 282.183133 214.153990 170.840450 144.367361 127.782126 94.128065 64.131759 44.368445 376.757142 312.138873 242.716370 205.873513 141.699008 211.430070
46.450000 390.053731 282.490014 214.392569 171.035410 144.535586 127.933561 94.245297 64.218272 44.434504 377.158716 312.475773 242.983650 206.103763 141.864534 211.665910
46.500000 390.468163 282.796876 214.631135 171.230360 144.703802 128.084988 94.362525 64.304781 44.500561 377.560266 312.812653 243.250916 206.334000 142.030051 211.901737
46.550000 390.882570 283.103720 214.869687 171.425300 144.872010 128.236408 94.479746 64.391287 44.566616 377.961792 313.149513 243.518166 206.564224 142.195560 212.137550
46.600000 391.296952 283.410547 215.108226 171.620229 145.040208 128.387821 94.596963 64.477789 44.632669 378.363294 313.486354 243.785401 206.794436 142.361061 212.373350
46.650000 391.711309 283.717356 215.346752 171.815148 145.208398 128.539226 94.714174 64.564288 44.698720 378.764772 313.823175 244.052621 207.024635 142.526553 212.609137
46.700000 392.125641 284.024147 215.585265 172.010056 145.376580 128.690623 94.831380 64.650784 44.764769 379.166226 314.159976 244.319826 207.254821 142.692036 212.844911
46.750000 392.539949 284.330921 215.823764 172.204954 145.544753 128.842012 94.948581 64.737276 44.830816 379.567657 314.496757 244.587016 207.484995 142.857511 213.080672
46.800000 392.954232 284.637677 216.062250 172.399841 145.712917 128.993395 95.065776 64.823766 44.896861 379.969063 314.833519 244.854190 207.715155 143.022977 213.316420
46.850000 393.368490 284.944415 216.300723 172.594719 145.881073 129.144769 95.182966 64.910251 44.962904 380.370446 315.170261 245.121350 207.945304 143.188435 213.552155
46.900000 393.782723 285.251135 216.539183 172.789585 146.049219 129.296136 95.300151 64.996734 45.028945 380.771805 315.506984 245.388494 208.175439 143.353885 213.787877
46.950000 394.196933 285.557838 216.777629 172.984442 146.217358 129.447496 95.417330 65.083213 45.094985 381.173140 315.843687 245.655624 208.405562 143.519326 214.023586
47.000000 394.611117 285.864524 217.016063 173.179288 146.385488 129.598848 95.534504 65.169689 45.161022 381.574451 316.180371 245.922738 208.635672 143.684759 214.259281
47.050000 395.025277 286.171192 217.254483 173.374124 146.553609 129.750192 95.651673 65.256162 45.227057 381.975739 316.517035 246.189837 208.865770 143.850183 214.494964
47.100000 395.439412 286.477842 217.492890 173.568949 146.721721 129.901529 95.768836 65.342631 45.293090 382.377003 316.853679 246.456922 209.095855 144.015599 214.730634
47.150000 395.853523 286.784475 217.731284 173.763764 146.889825 130.052859 95.885995 65.429097 45.359122 382.778243 317.190304 246.723991 209.325928 144.181007 214.966291
47.200000 396.267610 287.091090 217.969665 173.958569 147.057921 130.204181 96.003148 65.515560 45.425151 383.179460 317.526910 246.991046 209.555988 144.346406 215.201935
47.250000 396.681672 287.397688 218.208033 174.153364 147.226008 130.355496 96.120295 65.602020 45.491178 383.580653 317.863496 247.258085 209.786035 144.511797 215.437567
47.300000 397.095710 287.704268 218.446388 174.348149 147.394086 130.506803 96.237438 65.688476 45.557204 383.981823 318.200063 247.525110 210.016070 144.677179 215.673185
47.350000 397.509724 288.010831 218.684729 174.542923 147.562156 130.658103 96.354575 65.774929 45.623227 384.382969 318.536611 247.792120 210.246092 144.842553 215.908791
47.400000 397.923713 288.317377 218.923058 174.737687 147.730217 130.809395 96.471707 65.861379 45.689249 384.784092 318.873139 248.059115 210.476102 145.007919 216.144383
47.450000 398.337678 288.623905 219.161374 174.932441 147.898270 130.960680 96.588834 65.947825 45.755268 385.185191 319.209648 248.326095 210.706100 145.173277 216.379963
47.500000 398.751619 288.930416 219.399677 175.127184 148.066315 131.111957 96.705955 66.034268 45.821286 385.586267 319.546138 248.593060 210.936085 145.338626 216.615530
47.550000 399.165535 289.236909 219.637967 175.321918 148.234351 131.263228 96.823072 66.120708 45.887301 385.987320 319.882608 248.860011 211.166057 145.503967 216.851084
47.600000 399.579427 289.543385 219.876243 175.516641 148.402378 131.414490 96.940183 66.207145 45.953315 386.388349 320.219059 249.126947 211.396017 145.669299 217.086626
47.650000 399.993296 289.849844 220.114507 175.711354 148.570397 131.565746 97.057289 66.293578 46.019327 386.789355 320.555491 249.393868 211.625965 145.834623 217.322155
47.700000 400.407140 290.156286 220.352758 175.906057 148.738408 131.716993 97.174389 66.380008 46.085336 387.190338 320.891904 249.660774 211.855901 145.999939 217.557671
47.750000 400.820960 290.462710 220.590996 176.100750 148.906410 131.868234 97.291485 66.466435 46.151344 387.591297 321.228298 249.927665 212.085824 146.165247 217.793174
47.800000 401.234756 290.769118 220.829222 176.295432 149.074403 132.019467 97.408575 66.552859 46.217350 387.992234 321.564673 250.194542 212.315734 146.330547 218.028664
47.850000 401.648528 291.075508 221.067434 176.490105 149.242389 132.170693 97.525660 66.639279 46.283354 388.393147 321.901028 250.461404 212.545633 146.495838 218.264142
47.900000 402.062277 291.381881 221.305634 176.684767 149.410366 132.321911 97.642740 66.725696 46.349356 388.794036 322.237365 250.728252 212.775519 146.661121 218.499607
47.950000 402.476001 291.688236 221.543820 176.879420 149.578334 132.473123 97.759815 66.812110 46.415356 389.194903 322.573682 250.995085 213.005392 146.826396 218.735060
48.000000 402.889701 291.994575 221.781994 177.074062 149.746294 132.624326 97.876884 66.898521 46.481354 389.595747 322.909981 251.261903 213.235254 146.991662 218.970500
48.050000 403.303378 292.300897 222.020155 177.268694 149.914246 132.775523 97.993949 66.984928 46.547350 389.996568 323.246260 251.528707 213.465103 147.156921 219.205927
48.100000 403.717030 292.607201 222.258303 177.463316 150.082189 132.926712 98.111008 67.071333 46.613344 390.397365 323.582521 251.795496 213.694940 147.322171 219.441342
48.150000 404.130659 292.913489 222.496439 177.657929 150.250124 133.077894 98.228062 67.157734 46.679336 390.798140 323.918762 252.062270 213.924764 147.487413 219.676744
48.200000 404.544264 293.219759 222.734562 177.852531 150.418051 133.229069 98.345111 67.244131 46.745327 391.198892 324.254985 252.329030 214.154577 147.652646 219.912133
48.250000 404.957846 293.526012 222.972672 178.047123 150.585969 133.380236 98.462155 67.330526 46.811315 391.599620 324.591189 252.595776 214.384377 147.817872 220.147510
48.300000 405.371403 293.832249 223.210769 178.241705 150.753879 133.531396 98.579193 67.416917 46.877301 392.000326 324.927374 252.862506 214.614165 147.983090 220.382874
