web/models/kne/8/mosfit_kn_0.406447_0.1240_3.6500.dat
# %ECSV 1.0
# ---
# datatype:
# - {name: time, datatype: float64}
# - {name: PS1_g, datatype: float64}
# - {name: PS1_i, datatype: float64}
# - {name: PS1_r, datatype: float64}
# - {name: PS1_w, datatype: float64}
# - {name: PS1_y, datatype: float64}
# - {name: PS1_z, datatype: float64}
# - {name: swift_uvot_B, datatype: float64}
# - {name: swift_uvot_U, datatype: float64}
# - {name: swift_uvot_uvm2, datatype: float64}
# - {name: swift_uvot_uvw1, datatype: float64}
# - {name: swift_uvot_uvw2, datatype: float64}
# - {name: swift_uvot_V, datatype: float64}
# - {name: johnson_B, datatype: float64}
# - {name: johnson_I, datatype: float64}
# - {name: johnson_R, datatype: float64}
# - {name: johnson_U, datatype: float64}
# - {name: johnson_V, datatype: float64}
# - {name: sdss_g, datatype: float64}
# - {name: sdss_i, datatype: float64}
# - {name: sdss_r, datatype: float64}
# - {name: sdss_u, datatype: float64}
# - {name: sdss_z, datatype: float64}
# - {name: ATLAS_c, datatype: float64}
# - {name: ATLAS_o, datatype: float64}
# - {name: ukirt_H, datatype: float64}
# - {name: ukirt_J, datatype: float64}
# - {name: ukirt_K, datatype: float64}
# - {name: Clear, datatype: float64}
# meta: !!omap
# - comment: [kappa = 3.65, type = rprocess, mass = 0.4064473885499596, velocity = 0.12399999999999999, theta_obs = 0.0, tfloor = 1000.0]
# schema: astropy-2.0
time PS1_g PS1_i PS1_r PS1_w PS1_y PS1_z swift_uvot_B swift_uvot_U swift_uvot_uvm2 swift_uvot_uvw1 swift_uvot_uvw2 swift_uvot_V johnson_B johnson_I johnson_R johnson_U johnson_V sdss_g sdss_i sdss_r sdss_u sdss_z ATLAS_c ATLAS_o ukirt_H ukirt_J ukirt_K Clear
[from data line 225]
13.587174348697394 -10.897678255450227 -14.210450315074095 -12.962924763672401 -13.168665682293614 -15.3160989600517 -14.900730862982723 -9.561336052598516 -7.678884731057671 -0.755445610007242 -6.048405179271992 -4.122968690182031 -11.867180232204372 -9.774404254742691 -14.98661750558589 -13.586205092254879 -7.953001078200323 -12.033719600461106 -10.588109325566375 -14.186436998596381 -12.92754661516284 -6.976183615575806 -15.029185166695349 -11.935356507114179 -13.640915054937715 -16.449741590478567 -16.037550737253028 -16.573180532893034 -13.736447867232346
13.647294589178356 -10.86737362429984 -14.193403192096952 -12.940524703921525 -13.149293250061032 -15.304686053629144 -14.887056217784167 -9.526051431804714 -7.632746474688954 -0.6876347964930245 -6.009968490540203 -4.085219504378038 -11.839909444811749 -9.740467198159365 -14.97126477391631 -13.566081148334767 -7.908520442183804 -12.007460779863768 -10.55660948439007 -14.1692414540635 -12.904859711241912 -6.930668491232552 -15.01627188315208 -11.910001592906436 -13.621989667245735 -16.446737968321102 -16.030705195319825 -16.572807878404948 -13.72041781362034
13.707414829659317 -10.852734192478213 -14.18679967977507 -12.9306764567424 -13.141285367846933 -15.301498463852727 -14.88249718559361 -9.508392160353349 -7.608507096456805 -0.6502712124299697 -5.990427372711107 -4.066091607258752 -11.82710710842149 -9.723627268740941 -14.965688795758318 -13.557615152337743 -7.885285677221987 -11.995273653906134 -10.541245499967822 -14.162547972134778 -12.8948370779489 -6.9068058295115975 -15.012174991644613 -11.898365309236674 -13.614250171946036 -16.4486505288108 -16.030287595290087 -16.5763164807395 -13.714438373955087
13.76753507014028 -10.813937877735391 -14.16404891176958 -12.901446614784433 -13.115741907225509 -15.285570141955223 -14.863829320506916 -9.463563205454559 -7.550536577247495 -0.5661233336328158 -5.94190518470997 -4.018386427875139 -11.791974827184728 -9.680440029575625 -14.94499084720075 -13.53115117667673 -7.829320794983563 -11.961373886529783 -10.501002255835736 -14.139617548090122 -12.865257865375241 -6.849585289053639 -14.994431360016609 -11.865572040132513 -13.589236820111612 -16.442912423868577 -16.019893613365177 -16.57376817286943 -13.692950765699479
13.827655310621243 -10.775079156203997 -14.141238355783674 -12.87215564205587 -13.090153390881305 -15.269585496376656 -14.845103165766531 -9.418667089318486 -7.492492906308659 -0.48193559499900385 -5.893400060467968 -3.970687437618355 -11.756775227453204 -9.637193516393022 -14.924234925485653 -13.504634376606816 -7.773282699179777 -11.927412482328188 -10.460696110750174 -14.116627292658155 -12.835615908322744 -6.792288775705977 -14.976631541911054 -11.832726076006299 -13.564170857672249 -16.437128415185494 -16.009448752494375 -16.571178379858328 -13.67142620739024
13.887775551102203 -10.761302154498011 -14.135164219651095 -12.86297091005947 -13.082751245688762 -15.26678851787036 -14.840989769530601 -9.401990900764165 -7.469504730993517 -0.4464120569533696 -5.875021428817266 -3.952691746180242 -11.744752595364531 -9.621311819352968 -14.919147505589098 -13.496783996827865 -7.751257034958751 -11.91598611394891 -10.446224277575045 -14.11046689892423 -12.82626215696176 -6.769658184899168 -14.972963466357534 -11.821838193096106 -13.557016841031722 -16.439230675745456 -16.009312388567345 -16.57481519285207 -13.665977332740873
13.947895791583166 -10.73218191525692 -14.11882589030327 -12.841470812059903 -13.064216904059158 -15.255889385580037 -14.827905447707579 -9.368057936044416 -7.425095878394359 -0.381221576565987 -5.838305761773732 -3.91660570316516 -11.71854072171013 -9.588701088728392 -14.9044472529011 -13.477502085447927 -7.708445160990706 -11.890766456374847 -10.415950925760757 -14.09398542987848 -12.804480803214506 -6.725841218384261 -14.960619089876293 -11.79751648102302 -13.538890421151208 -16.436465605927136 -16.002830490169107 -16.574598481890238 -13.650687950332827
14.008016032064127 -10.683250693806539 -14.089235115221221 -12.80406939431737 -13.031321372451252 -15.23453149090681 -14.803239314685204 -9.311840041235879 -7.35302214186504 -0.2777485691406971 -5.777976627648815 -3.857215201700995 -11.674003594902224 -9.534493087912445 -14.877336841027244 -13.443466534709316 -7.638787410169982 -11.847737299789623 -10.365274611806132 -14.06417805447937 -12.766651941793334 -6.654659582713336 -14.937074933706445 -11.755856383172425 -13.506603151941654 -16.427425856008565 -15.988161762738322 -16.569419331891503 -13.622711290605984
14.06813627254509 -10.662588254313405 -14.078514833125926 -12.78933382775941 -13.018910661183245 -15.228044695119838 -14.79505104367787 -9.287429719621933 -7.320458771460263 -0.2290655174304339 -5.75149891052007 -3.8312132859313617 -11.655596910023906 -9.511120290546579 -14.867892443403765 -13.430465686146473 -7.60746581388829 -11.83010891749971 -10.343714947278215 -14.053346420629342 -12.751695766755802 -6.622553181862365 -14.929464531782273 -11.738936604228236 -13.494500963221903 -16.427276180963354 -15.9851161220403 -16.57125640891969 -13.612833326955176
14.128256513026052 -10.64185562720036 -14.067732836974809 -12.77453303124755 -13.006442488478314 -15.221500662882246 -14.786803517239235 -9.262944600327991 -7.287812164203089 -0.18030010239080507 -5.724975614684986 -3.8051615563786565 -11.637119875638177 -9.4876765168835 -14.858387980700194 -13.417404121062468 -7.576061916282228 -11.81241296969329 -10.322084234458035 -14.042452973975745 -12.73667357828991 -6.590362836021839 -14.921796118684068 -11.721953122415716 -13.482338773101237 -16.427077951802907 -15.982017882580877 -16.57304809538285 -13.602902872942657
14.188376753507013 -10.598582442931477 -14.041871515424038 -12.741639293926141 -12.977644291756594 -15.203057114009582 -14.765377789164198 -9.213101818886031 -7.2236846145857925 -0.08800270859396431 -5.671640234933868 -3.752639996057073 -11.597788581941206 -9.439662981050287 -14.834763467488951 -13.38756104626362 -7.514108607562299 -11.774453551423177 -10.277239327830383 -14.016396625008927 -12.703391011937022 -6.527031037527493 -14.901385547630923 -11.685248189039541 -13.45406930574363 -16.41974630755788 -15.969607953184308 -16.569201981290234 -13.578551987456766
14.248496993987976 -10.566978912788993 -14.023792684219547 -12.71809783475538 -12.957296152759952 -15.190741862438983 -14.750744933786084 -9.176392376194446 -7.175876289845817 -0.018344432695214685 -5.6322820891743675 -3.713903869585667 -11.569242544837845 -9.404380623587233 -14.818423262693276 -13.366395623463465 -7.467988891413217 -11.746977615659462 -10.244414759052756 -13.998166299053718 -12.679546272860538 -6.479838522149137 -14.887542807711682 -11.65875347438817 -13.434126043147412 -16.41606911623876 -15.961982897736036 -16.56823526683874 -13.56166421150693
14.308617234468937 -10.545304959704751 -14.012335869538806 -12.702514212979317 -12.944131877851763 -15.183640144254031 -14.741891711820259 -9.15085948704488 -7.141956993697338 0.03206322045347054 -5.6047850719499515 -3.6868707975807733 -11.549875823414421 -9.379929421099543 -14.808280564020848 -13.352610692313444 -7.4353451118895215 -11.728421903973858 -10.221818265724902 -13.986595035177753 -12.66373281290143 -6.44638311468535 -14.879287395213314 -11.640942932507965 -13.421264290968153 -16.415496919368536 -15.958426414853957 -16.569712461650564 -13.55111745504976
14.3687374749499 -10.51827315207932 -13.997282639087256 -12.682622602706743 -12.927084318761874 -15.173693963625006 -14.729891318679353 -9.119301594539017 -7.100564860539862 0.09276650164805123 -5.57096441791705 -3.6535874635580288 -11.525546250263893 -9.349643651777967 -14.79476875056265 -13.334831960414714 -7.3954482579840715 -11.705046022221628 -10.19370474605239 -13.971407620926186 -12.643570943584379 -6.405533406018353 -14.86798888540191 -11.618444950974709 -13.40456778197236 -16.413210272105122 -15.95263891750939 -16.56983046734593 -13.537142403609774
14.428857715430862 -10.475668557843356 -13.971801979914016 -12.650225056167681 -12.898766658834528 -15.155516177740118 -14.70877554379026 -9.07022326847991 -7.037424248789375 0.18347608662242454 -5.518725559236266 -3.602104174666344 -11.486799460474401 -9.302391298879375 -14.77149301533186 -13.305462551119593 -7.334444974259792 -11.66766795264511 -10.149553560383495 -13.945735133935724 -12.610785557389352 -6.343165535376674 -14.847878381751407 -11.582329816782746 -13.376745228931668 -16.405990202738 -15.940410357387762 -16.566051593859733 -13.513224001193223
14.488977955911823 -10.450905213830044 -13.958234845247635 -12.63213530524812 -12.883353449651693 -15.14672523940293 -14.698062764811688 -9.041224974323764 -6.999229147202222 0.2396729844332386 -5.487707520144216 -3.5715720603782795 -11.46455520381431 -9.27459160723187 -14.75936842091927 -13.289357589725565 -7.29764718394269 -11.64632203536648 -10.123778854909506 -13.932042572547605 -12.592441275625 -6.305473983925172 -14.837824090199483 -11.561814663549672 -13.361651493352262 -16.4043688900338 -15.935511880225732 -16.566682553590987 -13.50069159185935
14.549098196392785 -10.418363188157862 -13.93945107580496 -12.607793876699454 -12.862310700125779 -15.133812039500114 -14.682786994540056 -9.003476532885461 -6.950176766526681 0.31082078119357437 -5.4475271957956295 -3.5319799789761173 -11.435105177358668 -9.238321159092195 -14.742358247622047 -13.267460434460798 -7.2503117149282055 -11.617979629035718 -10.089993877742263 -13.913104671900207 -12.567786046041274 -6.257038559517838 -14.823358797609583 -11.534498515677196 -13.340996774257086 -16.400271444019744 -15.927384720915718 -16.565355253304133 -13.483193625164844
14.609218436873746 -10.38880895948731 -13.922650317125402 -12.585841224769556 -12.843425283174401 -15.122454510079493 -14.669238504048945 -8.969093792679097 -6.905313055991211 0.3761408219882485 -5.410938987103506 -3.49592821318048 -11.40841366397095 -9.205313509261742 -14.727202496961233 -13.247778772271054 -7.207039389607807 -11.592318505005215 -10.05928731715203 -13.896161036118766 -12.545541501550801 -6.212744964539372 -14.810562882539227 -11.50979397321521 -13.322466610358852 -16.397091221928314 -15.920466505423594 -16.564745304282567 -13.467598787867772
14.669338677354709 -10.35948188227767 -13.905986663202548 -12.564061944995153 -12.8247005416309 -15.111196972059133 -14.655804590907344 -8.934970090375717 -6.8607799307798345 0.44096158813269515 -5.374671389545718 -3.4601847622802704 -11.381925796563348 -9.172559985554404 -14.712173129253483 -13.228259426731938 -7.164086290832962 -11.566857240721527 -10.028815897611967 -13.879355512166835 -12.523471430763387 -6.168776242616563 -14.797877457943969 -11.485287520642178 -13.3040904281326 -16.393958351372305 -15.913619595139537 -16.564166868383264 -13.452145830889481
14.729458917835672 -10.318495556969864 -13.881508293210523 -12.532914725046904 -12.797548524715321 -15.093767936201168 -14.635537132059468 -8.887727633379889 -6.799964141986283 0.5281878356378096 -5.32470225802923 -3.4108860295386054 -11.34463573655583 -9.127110864848142 -14.68982653640354 -13.200065698944005 -7.105330044069788 -11.530910680793037 -9.986337597667063 -13.854692199562866 -12.49194370382968 -6.108693699624812 -14.778587560032772 -11.450593048443292 -13.277386592546883 -16.387128162242043 -15.901944181414471 -16.560670063845336 -13.42926550796319
14.789579158316633 -10.287029056879824 -13.863383124340292 -12.509399831784211 -12.777273414031391 -15.081341473871639 -14.620815643482334 -8.851202378249436 -6.752466203334375 0.5969999165670865 -5.286029074337915 -3.372743880975747 -11.31615242290571 -9.092040881397722 -14.673425317278578 -13.178943919384675 -7.059496448310895 -11.50351747989493 -9.953665141256494 -13.836417563736738 -12.468120109759582 -6.061786294171743 -14.764657631751916 -11.424217828752248 -13.257468618564445 -16.38327366877174 -15.894170913314216 -16.55951236426009 -13.412448130084105
14.849699398797595 -10.268668272825092 -13.854012760169372 -12.496397396892203 -12.76645968869401 -15.075812141355343 -14.61373920252111 -8.829431259352162 -6.723299305880932 0.6405146952674707 -5.262838323073495 -3.349905502442357 -11.299799907135927 -9.071253433168355 -14.66521723633176 -13.167557264229128 -7.031451053731825 -11.487901751251107 -9.934491601367306 -13.826946477086448 -12.454909052008478 -6.033016312540198 -14.758115371487346 -11.409291135403645 -13.246893026394897 -16.38352391958797 -15.891778896435635 -16.56158134580625 -13.403967232533915
14.909819639278556 -10.243289029346911 -13.83993267091494 -12.47775246007377 -12.750571764453653 -15.06656036896075 -14.602542408473429 -8.799764368659623 -6.684335649034452 0.6974933322740613 -5.231418722520065 -3.3189224562413986 -11.27694233881111 -9.042826241496233 -14.652598533679868 -13.150946597853352 -6.993896837671773 -11.465972674091043 -9.90809078557147 -13.812739800077072 -12.436001237742325 -5.9945503284906465 -14.747590810631888 -11.388231488510243 -13.231301519120713 -16.38153948046703 -15.886471958573622 -16.56188430526498 -13.391014325131803
14.969939879759519 -10.186025509219423 -13.804499378304218 -12.433499587906862 -12.711665085945683 -15.040458344979584 -14.572680622610381 -8.734212181027338 -6.600816347433334 0.8157628865458628 -5.162578525827719 -3.250905602695869 -11.224543475479056 -8.979679981540606 -14.619990655269596 -13.110635222936075 -6.913100428741885 -11.415375566599993 -9.84885324720505 -13.777061938810515 -12.391238336514636 -5.911988874902185 -14.719030557128097 -11.33932494397735 -13.192958568988296 -16.3694892703198 -15.867997278838999 -16.554258487331094 -13.35778797645597
15.03006012024048 -10.151186181669143 -13.784057644896492 -12.407240989161323 -12.688946467809377 -15.026172857302083 -14.555914088584814 -8.693902799771138 -6.548653189085112 0.8908048820534171 -5.120170644457129 -3.2090260973420146 -11.19290728565246 -8.940965163862987 -14.601413779708807 -13.086984257388938 -6.8627329748089245 -11.384933379295353 -9.812711777687309 -13.756458908396283 -12.364641816570678 -5.860454818081227 -14.703124410225517 -11.310005449904992 -13.170605360539493 -16.364479310767784 -15.85874640290342 -16.552170177426554 -13.338822728321489
15.090180360721442 -10.145632516340797 -13.783205909597704 -12.404489576156514 -12.687353534392507 -15.027331960754058 -14.556262700594989 -8.686562144576683 -6.537440666896632 0.9094822421460487 -5.112156599283608 -3.2011820656366505 -11.188398795946004 -8.934146599380565 -14.601171309681177 -13.08508583709645 -6.852106872218677 -11.380815806292171 -9.806732823457711 -13.755554497665354 -12.361779780597715 -5.84944729767523 -14.70375434862449 -11.306255842975954 -13.169130673735463 -16.36866896232005 -15.861550413865046 -16.557314599695246 -13.338456770266198
15.150300601202405 -10.115778181752724 -13.766074235621328 -12.382217634212509 -12.66822215269988 -15.015642142967742 -14.542379240235928 -8.65187104590299 -6.492271218191732 0.9748333324077914 -5.075672638941846 -3.1651518183934466 -11.161370328787907 -8.900871507587421 -14.585688811628572 -13.0651254096989 -6.808524142538587 -11.354847523793106 -9.775727631217421 -13.738280294111753 -12.33920785600839 -5.804831449163199 -14.690632959700114 -11.281286455598867 -13.150316583726251 -16.36518268306007 -15.85431321172301 -16.55641331483499 -13.322648362357814
