web/models/kne/8/mosfit_kn_0.001230_0.0300_3.6500.dat
# %ECSV 1.0
# ---
# datatype:
# - {name: time, datatype: float64}
# - {name: PS1_g, datatype: float64}
# - {name: PS1_i, datatype: float64}
# - {name: PS1_r, datatype: float64}
# - {name: PS1_w, datatype: float64}
# - {name: PS1_y, datatype: float64}
# - {name: PS1_z, datatype: float64}
# - {name: swift_uvot_B, datatype: float64}
# - {name: swift_uvot_U, datatype: float64}
# - {name: swift_uvot_uvm2, datatype: float64}
# - {name: swift_uvot_uvw1, datatype: float64}
# - {name: swift_uvot_uvw2, datatype: float64}
# - {name: swift_uvot_V, datatype: float64}
# - {name: johnson_B, datatype: float64}
# - {name: johnson_I, datatype: float64}
# - {name: johnson_R, datatype: float64}
# - {name: johnson_U, datatype: float64}
# - {name: johnson_V, datatype: float64}
# - {name: sdss_g, datatype: float64}
# - {name: sdss_i, datatype: float64}
# - {name: sdss_r, datatype: float64}
# - {name: sdss_u, datatype: float64}
# - {name: sdss_z, datatype: float64}
# - {name: ATLAS_c, datatype: float64}
# - {name: ATLAS_o, datatype: float64}
# - {name: ukirt_H, datatype: float64}
# - {name: ukirt_J, datatype: float64}
# - {name: ukirt_K, datatype: float64}
# - {name: Clear, datatype: float64}
# meta: !!omap
# - comment: [kappa = 3.65, type = rprocess, mass = 0.0012301715156502338, velocity = 0.030000000000000023, theta_obs = 0.0, tfloor =
#       1000.0]
# schema: astropy-2.0
time PS1_g PS1_i PS1_r PS1_w PS1_y PS1_z swift_uvot_B swift_uvot_U swift_uvot_uvm2 swift_uvot_uvw1 swift_uvot_uvw2 swift_uvot_V johnson_B johnson_I johnson_R johnson_U johnson_V sdss_g sdss_i sdss_r sdss_u sdss_z ATLAS_c ATLAS_o ukirt_H ukirt_J ukirt_K Clear
[from data line 349]
21.04208416833667 10.91728535152706 2.0354565383277823 5.510527316365614 3.5426035048616455 -1.4877335101974865 -0.07005754535034825 14.457191928091547 21.116136025986457 35.00473133001563 17.081718558061016 19.594735064540668 8.876802044397845 13.253254611125357 0.48194323190583166 3.4519759986308314 20.085134846734718 7.921779709229091 11.729825452841496 2.1167124904407686 5.739015975862056 21.617241556161282 -0.6434851573723499 7.489603886108274 3.037191361498479 -6.4367208881129825 -4.287231592623291 -7.797009568586153 1.2567094611002894
21.102204408817634 10.922521659532638 2.0406928463333607 5.5157636243712105 3.547839812867224 -1.482497202191908 -0.06482123734476986 14.462428236097125 21.121372333992046 35.009967638021216 17.086954866066595 19.599971372546246 8.882038352403423 13.258490919130935 0.48717953991141005 3.4572123066364098 20.090371154740296 7.9270160172346875 11.735061760847092 2.121948798446347 5.744252283867635 21.62247786416687 -0.6382488493667715 7.494840194113852 3.0424276695040575 -6.431484580107386 -4.281995284617695 -7.791773260580575 1.2619457691058678
21.162324649298597 10.927742238827562 2.0459134256282674 5.520984203666117 3.5530603921621307 -1.4772766228969836 -0.05960065804986314 14.46764881539205 21.126592913286963 35.01518821731613 17.09217544536152 19.60519195184116 8.887258931698348 13.263711498425842 0.49240011920633453 3.4624328859313165 20.09559173403521 7.932236596529594 11.740282340141999 2.1271693777412715 5.749472863162559 21.627698443461778 -0.633028270071847 7.500060773408759 3.047648248798982 -6.42626400081248 -4.276774705322788 -7.7865526812856505 1.2671663484007922
21.22244488977956 10.932947946487612 2.051119133288335 5.526189911326167 3.5582660998221805 -1.4720709152369338 -0.05439495038979558 14.4728545230521 21.13179862094701 35.02039392497618 17.09738115302157 19.610397659501213 8.892464639358398 13.268917206085892 0.4976058268663843 3.4676385935913663 20.10079744169526 7.937442304189644 11.745488047802048 2.1323750854013213 5.754678570822609 21.632904151121835 -0.6278225624117972 7.505266481068809 3.052853956459032 -6.42105829315243 -4.2715689976627385 -7.781346973625601 1.272372056060842
21.28256513026052 10.938137143931765 2.0563083307324703 5.53137910877032 3.5634552972663336 -1.4668817177927806 -0.04920575294566021 14.478043720496235 21.136987818391155 35.025583122420336 17.102570350465722 19.615586856945367 8.89765383680255 13.274106403530045 0.5027950243105197 3.4728277910355194 20.105986639139413 7.942631501633797 11.750677245246202 2.1375642828454744 5.759867768266762 21.63809334856598 -0.6226333649676441 7.510455678512962 3.058043153903185 -6.415869095708277 -4.266379800218585 -7.7761577761814475 1.2775612535049952
21.34268537074148 10.943311002165377 2.0614821889660995 5.5365529670039315 3.568629155499945 -1.4617078595591693 -0.04403189471203106 14.483217578729864 21.142161676624774 35.03075698065395 17.107744208699334 19.620760715178985 8.902827695036162 13.279280261763674 0.5079688825441488 3.4780016492691486 20.111160497373024 7.9478053598674085 11.755851103479813 2.142738141079086 5.765041626500373 21.6432672067996 -0.6174595067340327 7.515629536746573 3.0632170121367963 -6.410695237474665 -4.261205941984974 -7.770983917947836 1.2827351117386065
21.402805611222444 10.948469593095922 2.0666407798966446 5.541711557934477 3.57378774643049 -1.456549268628624 -0.0388733037814859 14.488376169660409 21.147320267555322 35.03591557158449 17.11290279962988 19.62591930610953 8.907986285966707 13.284438852694219 0.513127473474694 3.4831602401996937 20.11631908830357 7.952963950797954 11.761009694410358 2.147896732009631 5.770200217430919 21.648425797730148 -0.6123009158034876 7.520788127677118 3.0683756030673415 -6.40553664654412 -4.256047351054429 -7.765825327017291 1.2878937026691517
21.462925851703407 10.95361300345214 2.0717841902528633 5.546854968290695 3.578931156786709 -1.4514058582724054 -0.03372989342526722 14.493519580016628 21.15246367791154 35.041058981940715 17.118046209986097 19.63106271646574 8.913129696322926 13.289582263050438 0.5182708838309127 3.4883036505558946 20.12146249865979 7.958107361154172 11.766153104766577 2.1530401423658496 5.775343627787137 21.653569208086367 -0.6071575054472689 7.525931538033337 3.07351901342356 -6.4003932361879015 -4.25090394069821 -7.760681916661072 1.2930371130253704
21.52304609218437 10.958741325473138 2.0769125122738608 5.551983290311693 3.5840594788077063 -1.446277536251408 -0.028601571404269777 14.498647902037625 21.157591999932535 35.04618730396171 17.123174532007095 19.63619103848674 8.918258018343924 13.294710585071417 0.5233992058519101 3.493431972576892 20.126590820680786 7.96323568317517 11.771281426787574 2.158168464386847 5.780471949808135 21.65869753010736 -0.6020291834262714 7.531059860054334 3.0786473354445576 -6.395264914166904 -4.245775618677213 -7.755553594640075 1.2981654350463678
21.58316633266533 10.96385465135235 2.082025838153072 5.557096616190922 3.5891728046869353 -1.441164210372179 -0.02348824552505846 14.503761227916836 21.162705325811757 35.05130062984093 17.128287857886306 19.641304364365958 8.923371344223135 13.299823910950646 0.5285125317311214 3.498545298456121 20.131704146560004 7.968349009054399 11.776394752666803 2.1632817902660584 5.785585275687346 21.663810855986583 -0.5969158575470601 7.5361731859335634 3.083760661323769 -6.390151588287675 -4.240662292797984 -7.750440268760864 1.3032787609255791
21.64328657314629 10.968953074622387 2.08712426142311 5.56219503946096 3.5942712279569733 -1.436065787102141 -0.018389822255020505 14.508859651186874 21.167803749081795 35.056399053110965 17.133386281156344 19.646402787635996 8.928469767493173 13.304922334220684 0.5336109550011594 3.503643721726159 20.136802569830046 7.973447432324437 11.781493175936841 2.1683802135360963 5.790683698957384 21.66890927925662 -0.5918174342770222 7.541271609203601 3.088859084593807 -6.385053165017637 -4.235563869527946 -7.745341845490826 1.308377184195617
21.703406813627254 10.97403668926507 2.0922078760657747 5.5672786541036245 3.599354842599638 -1.4309821724594762 -0.013306207612355792 14.513943265829539 21.17288736372446 35.061482667753644 17.138469895799027 19.651486402278667 8.933553382135855 13.310005948863349 0.5386945696438241 3.508727336368824 20.141886184472718 7.978531046967102 11.786576790579506 2.173463828178779 5.7957673136000665 21.673992893899285 -0.5867338196343397 7.546355223846266 3.0939426992364893 -6.379969550374972 -4.230480254885281 -7.740258230848143 1.3134607988382996
21.763527054108216 10.979105582557676 2.0972767693583982 5.57234754739623 3.6044237358922615 -1.4259132791668705 -0.008237314319732292 14.519012159122163 21.177956257017073 35.066551561046246 17.143538789091632 19.656555295571284 8.938622275428461 13.315074842155973 0.5437634629364476 3.5137962296614473 20.146955077765334 7.983599940259707 11.791645683872112 2.1785327214713845 5.800836206892672 21.6790617871919 -0.581664926341734 7.55142411713889 3.099011592529095 -6.3749006570823665 -4.225411361592675 -7.735189337555537 1.3185296921309053
21.82364729458918 10.984159847504014 2.1023310343047186 5.577401812342568 3.609478000838582 -1.4208590142205324 -0.0031830493734119614 14.5240664240685 21.18301052196341 35.071605825992584 17.14859305403797 19.661609560517615 8.943676540374799 13.320129107102293 0.5488177278827857 3.5188504946077677 20.15200934271166 7.988654205206045 11.79669994881845 2.1835869864177226 5.80589047183901 21.684116052138236 -0.5766106613953959 7.55647838208521 3.104065857475433 -6.369846392136028 -4.220357096646337 -7.730135072609199 1.3235839570772434
21.883767535070138 10.989199580679418 2.107370767480141 5.582441545517991 3.6145177340140044 -1.4158192810451276 0.0018566838020106502 14.529106157243906 21.18805025513882 35.076645559168 17.153632787213375 19.666649293693027 8.948716273550204 13.325168840277716 0.5538574610581906 3.5238902277831903 20.157049075887073 7.993693938381468 11.801739681993872 2.1886267195931275 5.810930205014415 21.689155785313645 -0.571570928219991 7.5615181152606326 3.109105590650838 -6.364806658960606 -4.215317363470932 -7.7250953394337945 1.3286236902526483
21.9438877755511 10.994224875646985 2.112396062447708 5.587466840485558 3.619543028981571 -1.410793986077561 0.006881978769577302 14.534131452211472 21.193075550106393 35.08167085413557 17.158658082180942 19.671674588660593 8.95374156851777 13.330194135245282 0.5588827560257572 3.528915522750757 20.16207437085464 7.998719233349035 11.80676497696144 2.193652014560694 5.815955499981982 21.69418108028122 -0.5665456332524244 7.566543410228199 3.1141308856184047 -6.359781363993039 -4.210292068503348 -7.720070044466228 1.333648985220215
22.004008016032063 10.99923582580809 2.117407012608812 5.592477790646662 3.624553979142675 -1.405783035916457 0.011892928930681279 14.539142402372576 21.198086500267486 35.08668180429667 17.163669032342046 19.676685538821697 8.958752518678875 13.335205085406386 0.5638937061868612 3.533926472911861 20.167085321015747 8.003730183510138 11.811775927122543 2.198662964721798 5.820966450143086 21.699192030442312 -0.5615346830913204 7.571554360389303 3.1191418357795087 -6.354770413831935 -4.205281118342244 -7.715059094305124 1.3386599353813189
22.064128256513026 11.004232525267685 2.122403712068408 5.597474490106258 3.6295506786022713 -1.4007863364568607 0.016889628390277522 14.544139101832172 21.203083199727082 35.09167850375626 17.168665731801642 19.681682238281294 8.96374921813847 13.340201784865982 0.5688904056464574 3.538923172371457 20.172082020475344 8.008726882969734 11.81677262658214 2.2036596641813944 5.825963149602682 21.70418872990192 -0.5565379836317241 7.576551059848899 3.124138535239105 -6.349773714372339 -4.200284418882648 -7.710062394845528 1.3436566348409151
22.12424849699399 11.009215061907582 2.127386248708305 5.602457026746137 3.6345332152421683 -1.3958037998169637 0.02187216503017453 14.54912163847207 21.208065736366983 35.09666104039615 17.17364826844154 19.68666477492119 8.968731754778368 13.34518432150588 0.5738729422863544 3.543905709011354 20.17706455711523 8.013709419609613 11.821755163222019 2.2086422008212914 5.830945686242579 21.70917126654181 -0.5515554469918271 7.581533596488779 3.129121071879002 -6.34479117773246 -4.195301882242768 -7.705079858205631 1.3486391714808121
22.184368737474948 11.014183522323684 2.1323547091244066 5.607425487162256 3.63950167565827 -1.3908353394008621 0.02684062544627608 14.554090098888171 21.21303419678309 35.101629500812265 17.17861672885764 19.691633235337292 8.97370021519447 13.350152781921981 0.578841402702456 3.5488741694274557 20.18203301753134 8.018677880025733 11.826723623638138 2.213610661237393 5.835914146658681 21.714139726957917 -0.5465869865757256 7.586502056904898 3.1340895322951035 -6.33982271731634 -4.190333421826649 -7.700111397789529 1.3536076318969137
22.24448897795591 11.019137993709034 2.1373091805097566 5.612379958547589 3.64445614704362 -1.3858808680155121 0.03179509683162607 14.559044570273521 21.21798866816843 35.106583972197605 17.18357120024299 19.696587706722642 8.97865468657982 13.355107253307331 0.583795874087806 3.5538286408128057 20.18698748891668 8.023632351411065 11.83167809502347 2.218565132622743 5.840868618044031 21.719094198343257 -0.5416325151903756 7.59145652829023 3.1390440036804534 -6.334868245931008 -4.185378950441317 -7.695156926404179 1.3585621032822637
22.304609218436873 11.024078566681386 2.1422497534821083 5.61732053151994 3.6493967200159716 -1.3809402950431604 0.0367356698039778 14.563985143245873 21.222929241140783 35.111524545169964 17.188511773215343 19.701528279694994 8.983595259552171 13.360047826279683 0.5887364470601577 3.5587692137851574 20.191928061889044 8.028572924383434 11.83661866799584 2.2235057055950946 5.845809191016382 21.72403477131561 -0.5366919422180239 7.5963971012626 3.143984576652805 -6.329927672958639 -4.180438377468965 -7.690216353431827 1.3635026762546154
22.364729458917836 11.029005330128605 2.1471765169293278 5.622247294967178 3.654323483463191 -1.3760135315959232 0.04166243325119723 14.568911906693092 21.227856004588013 35.11645130861719 17.193438536662562 19.706455043142224 8.988522022999408 13.364974589726902 0.5936632105073771 3.563695977232377 20.19685482533626 8.033499687830654 11.841545431443059 2.228432469042314 5.850735954463602 21.72896153476284 -0.5317651787707867 7.601323864709819 3.1489113401000246 -6.325000909511419 -4.175511614021728 -7.685289589984608 1.3684294397018526
22.4248496993988 11.033918372351703 2.152089559152426 5.627160337190258 3.6592365256862713 -1.371100489372843 0.0465754754742953 14.57382494891619 21.2327690468111 35.121364350840274 17.19835157888566 19.711368085365304 8.993435065222489 13.369887631949982 0.5985762527304752 3.568609019455457 20.20176786755935 8.038412730053734 11.84645847366614 2.233345511265412 5.8556489966867 21.733874576985926 -0.5268521365477064 7.6062369069328994 3.1538243823231227 -6.320087867288339 -4.170598571798648 -7.68037654776151 1.373342481924933
22.484969939879758 11.038817779846912 2.156988966647617 5.632059744685467 3.6641359331814805 -1.3662010818776338 0.05147488296948666 14.578724356411382 21.237668454306302 35.12626375833548 17.20325098638085 19.716267492860513 8.998334472717698 13.374787039445192 0.6034756602256666 3.5735084269506663 20.20666727505456 8.043312137548943 11.851357881161348 2.2382449187606213 5.860548404181909 21.738773984481128 -0.5219527290524972 7.611136314428109 3.158723789818332 -6.31518845979313 -4.1656991643034385 -7.675477140266301 1.378241889420142
22.54509018036072 11.04370363624355 2.161874823044272 5.636945601082122 3.669021789578135 -1.361315225480979 0.05636073936614139 14.583610212808036 21.242554310702957 35.13114961473213 17.208136842777506 19.721153349257158 9.003220329114352 13.379672895841846 0.6083615166223213 3.578394283347321 20.211553131451204 8.048197993945598 11.856243737558003 2.2431307751572582 5.865434260578546 21.743659840877783 -0.5170668726558603 7.616022170824763 3.1636096462149688 -6.310302603396475 -4.160813307906784 -7.670591283869664 1.383127745816779
22.605210420841683 11.048576022445449 2.1667472092461537 5.6418179872840035 3.673894175780017 -1.3564428392790973 0.06123312556802318 14.588482599009936 21.24742669690484 35.13602200093402 17.213009228979406 19.72602573545905 9.008092715316234 13.384545282043728 0.6132339028242209 3.583266669549203 20.216425517653096 8.05307038014748 11.861116123759885 2.248003161359158 5.8703066467804454 21.748532227079664 -0.5121944864539607 7.620894557026645 3.1684820324168683 -6.305430217194593 -4.155940921704902 -7.665718897667764 1.3880001320186786
22.665330661322646 11.053435020449118 2.1716062072498232 5.646676985287673 3.6787531737836865 -1.3515838412754277 0.0660921235716927 14.593341597013588 21.252285694908508 35.14088099893769 17.217868226983075 19.73088473346272 9.012951713319904 13.389404280047398 0.6180929008278904 3.5881256675528723 20.221284515656766 8.05792937815115 11.865975121763555 2.2528621593628273 5.875165644784115 21.753391225083334 -0.5073354884502912 7.625753555030315 3.173341030420538 -6.300571219190924 -4.151081923701232 -7.660859899664095 1.392859130022348
22.725450901803605 11.058280715217155 2.1764519020178774 5.651522680055727 3.6835988685517407 -1.3467381465073736 0.07093781833974688 14.598187291781642 21.257131389676562 35.14572669370573 17.22271392175111 19.735730428230763 9.017797408087958 13.394249974815452 0.6229385955959268 3.5929713623209265 20.226130210424813 8.062775072919203 11.870820816531609 2.2577078541308637 5.880011339552151 21.758236919851388 -0.5024897936822548 7.630599249798369 3.1781867251885743 -6.29572552442287 -4.146236228933178 -7.656014204896058 1.3977048247903845
