web/models/kne/8/mosfit_kn_0.406447_0.0300_10.0000.dat
# %ECSV 1.0
# ---
# datatype:
# - {name: time, datatype: float64}
# - {name: PS1_g, datatype: float64}
# - {name: PS1_i, datatype: float64}
# - {name: PS1_r, datatype: float64}
# - {name: PS1_w, datatype: float64}
# - {name: PS1_y, datatype: float64}
# - {name: PS1_z, datatype: float64}
# - {name: swift_uvot_B, datatype: float64}
# - {name: swift_uvot_U, datatype: float64}
# - {name: swift_uvot_uvm2, datatype: float64}
# - {name: swift_uvot_uvw1, datatype: float64}
# - {name: swift_uvot_uvw2, datatype: float64}
# - {name: swift_uvot_V, datatype: float64}
# - {name: johnson_B, datatype: float64}
# - {name: johnson_I, datatype: float64}
# - {name: johnson_R, datatype: float64}
# - {name: johnson_U, datatype: float64}
# - {name: johnson_V, datatype: float64}
# - {name: sdss_g, datatype: float64}
# - {name: sdss_i, datatype: float64}
# - {name: sdss_r, datatype: float64}
# - {name: sdss_u, datatype: float64}
# - {name: sdss_z, datatype: float64}
# - {name: ATLAS_c, datatype: float64}
# - {name: ATLAS_o, datatype: float64}
# - {name: ukirt_H, datatype: float64}
# - {name: ukirt_J, datatype: float64}
# - {name: ukirt_K, datatype: float64}
# - {name: Clear, datatype: float64}
# meta: !!omap
# - comment: [kappa = 10.0, type = rprocess, mass = 0.4064473885499596, velocity = 0.030000000000000023, theta_obs = 0.0, tfloor = 1000.0]
# schema: astropy-2.0
time PS1_g PS1_i PS1_r PS1_w PS1_y PS1_z swift_uvot_B swift_uvot_U swift_uvot_uvm2 swift_uvot_uvw1 swift_uvot_uvw2 swift_uvot_V johnson_B johnson_I johnson_R johnson_U johnson_V sdss_g sdss_i sdss_r sdss_u sdss_z ATLAS_c ATLAS_o ukirt_H ukirt_J ukirt_K Clear
[from data line 462]
27.83567134268537 2.6816823175403037 -4.541399904801047 -1.722355011536738 -3.1073200250493294 -7.343075935856138 -6.230898630301098 5.5549575443608115 10.752094082123769 22.912093768488337 8.699916709612605 10.882509107760715 0.934049998904711 4.725059733823343 -5.8525294601810804 -3.2577683381957927 9.968027937662363 0.2921882598601957 3.3462883707025703 -4.475340143561066 -1.5629750646217033 11.314095244065498 -6.644413937466638 0.005962035606792426 -3.610589250561844 -11.122102636187401 -9.502298616517402 -12.098743007067315 -4.830199188596982
27.895791583166332 2.707274771440513 -4.525477644276066 -1.7025877866367622 -3.0908795518079657 -7.331370897111071 -6.217423144086389 5.584433028494446 10.790017029700447 22.96058693322958 8.726711621343899 10.910971077893446 0.9579038300379202 4.7525162573722 -5.837999503345933 -3.2408393251088734 10.004576823287444 0.31440716918542466 3.372752463275379 -4.459323118597318 -1.542824167911352 11.351688211510318 -6.63180103606809 0.02722469070853606 -3.5941535926827584 -11.11717890293116 -9.494295139034799 -12.09604070553574 -4.816941804771453
27.955911823647295 2.729975462706893 -4.511520004125327 -1.6851540370773677 -3.076454502615338 -7.321226070309024 -6.205677489990951 5.61064454777619 10.823866951980161 23.003987280012684 8.750495229890944 10.936265076678492 0.9790330111890518 4.776900609847626 -5.825300907595717 -3.225973937550706 10.037183783078827 0.33405621938012575 3.396241147789194 -4.44527985672357 -1.5250433007908626 11.385239596134706 -6.620835961613523 0.04601003822404692 -3.579732945899199 -11.113165732014865 -9.48749736065796 -12.094036198952248 -4.80539574898323
28.016032064128254 2.752606074698001 -4.497606542961243 -1.6677749663982588 -3.0620760719329 -7.311114054141417 -6.1939692721159645 5.636775669803677 10.857614652107124 23.047251125171886 8.77420154229167 10.961480286431492 1.0000971636833953 4.8012083004454595 -5.812642977804475 -3.2111577621060876 10.069691596818291 0.35364277356041884 3.419657346607714 -4.431281081513969 -1.507317923267717 11.418689457722682 -6.609906669398047 0.06473627405704008 -3.5653589513641926 -11.109167693856941 -9.480722834973017 -12.092041077040799 -4.793888809027216
28.076152304609217 2.7780214894623967 -4.481794090321198 -1.6481449729611342 -3.045752616328379 -7.299489252663189 -6.180585933096836 5.666047400264053 10.895277861340862 23.09539059023505 8.800797347542915 10.989741754441692 1.0237873946200857 4.82846937155038 -5.798213890087577 -3.1943535710717024 10.105988224995002 0.3757031166679272 3.445938093589813 -4.415374708027606 -1.487306181507897 11.456024347527993 -6.59738216935402 0.08584983447333272 -3.549040437580313 -11.104278714704614 -9.472775081671701 -12.089358777189625 -4.780729820851519
28.13627254509018 2.8082845805534795 -4.462678423924054 -1.6245980907599034 -3.0260453538408605 -7.285234631748327 -6.164289769408313 5.700787147612204 10.939759920264152 23.15202480038514 8.832424620195951 11.023307083826111 1.0520484321244503 4.8608725395075645 -5.780704406127831 -3.1740902190798197 10.14888299049695 0.40206931492696074 3.477205579484064 -4.396150097727958 -1.4633158249321454 11.50012499775766 -6.582083974366899 0.11111824376776269 -3.529338985031316 -11.09784398368335 -9.46278943501058 -12.085485933808593 -4.764697527714308
28.196392785571142 2.838246798227324 -4.443763890993466 -1.601292315329701 -3.0065461997624965 -7.271137529208929 -6.148169204201874 5.73518609470704 10.983815296442803 23.20811408262094 8.863732419999817 11.056540355357797 1.0800271363975498 4.892953123266018 -5.7633820319375415 -3.1540420349743608 10.191364296487702 0.42816715207633993 3.508163087693088 -4.377127683189297 -1.4395701957046825 11.543802073641487 -6.566953510076008 0.1361294638195254 -3.509845667927891 -11.091497576205176 -9.452923680445638 -12.081678811908263 -4.748842106966311
28.256513026052104 2.8610068199376393 -4.429748225393233 -1.5838011658940587 -2.9920689831441294 -7.260934822643108 -6.1363647750415495 5.761457921973347 11.017731191882039 23.25154825430064 8.887552987048668 11.081888297776686 1.1012176271146565 4.917388046376004 -5.7506268211025455 -3.1391317280258173 10.224033607695205 0.44786681313686816 3.5317108087389393 -4.363026690089296 -1.4217306530885665 11.57741832439573 -6.555933505290028 0.15497001353706352 -3.495373127991943 -11.08743016698529 -9.446070530009221 -12.079621497781526 -4.737250102087405
28.316633266533064 2.8837231308271605 -4.415758870714956 -1.5663434454098102 -2.9776200342293357 -7.25075076276779 -6.124582064601416 5.787679127441664 11.051582050867133 23.294892586896257 8.91132378428443 11.107186368218379 1.1223679160956543 4.941774335171104 -5.737895628340289 -3.1242518492575515 10.256639753275383 0.4675273858262077 3.5552131778323393 -4.348952232331875 -1.4039250180164409 11.610969943418006 -6.544934318618143 0.1737740315419245 -3.4809288970766517 -11.083369671869681 -9.439229712996598 -12.077567294534111 -4.725681643611761
28.376753507014026 2.9063471033416555 -4.401828945113717 -1.5489584341456286 -2.9632332757961954 -7.240611705078166 -6.11285027076768 5.813794853078588 11.085299447696926 23.338061857246228 8.934994355973647 11.13238136264561 1.1434321538307899 4.966060409226923 -5.725219333636381 -3.109437077306308 10.289116524432831 0.4871056845272672 3.578620170818887 -4.334937578932134 -1.3861931914977177 11.644389037436973 -6.5339837499058895 0.19249985062408825 -3.466546889777362 -11.079331557529509 -9.432421639244842 -12.075528100521813 -4.714165524957288
28.43687374749499 2.9346626018129385 -4.38402122292981 -1.5269751029655865 -2.9448747828151056 -7.227385588124822 -6.097698993666469 5.846330644265362 11.127023799887468 23.39120221464254 8.964569599360122 11.163802912597852 1.1698630357176463 4.996382650971963 -5.708927055511675 -3.090563001698208 10.329340626848225 0.5117381834351977 3.6078819431405407 -4.3170275257953605 -1.3637904109076615 11.685752599391304 -6.519777549171533 0.21610315843101802 -3.448194207839972 -11.073479770741377 -9.42322187004965 -12.07209250075829 -4.6992778828381
28.49699398797595 2.96495498300521 -4.364864218725675 -1.5033934116184255 -2.9251357367364683 -7.213083710948531 -6.081356791334898 5.881095501372692 11.171527275807733 23.447794396117313 8.996190785257951 11.197385277766895 1.1981588385531226 5.028799124819955 -5.691376347264373 -3.0702796376725 10.372253281241946 0.538125263651781 3.6391769986106937 -4.297762165495715 -1.3397638812624457 11.729873428077493 -6.504437914337249 0.2414009335637779 -3.428461403143803 -11.066993413842637 -9.413187374012411 -12.068166948320885 -4.683218596867125
28.557114228456914 2.992273005957351 -4.34772846141934 -1.48221197750388 -2.9074692143314884 -7.200387401752586 -6.066794632705488 5.912503290606485 11.211841248761285 23.499154167908515 9.024718329510222 11.227710263870453 1.2236517149593304 5.058057176225997 -5.67570970245007 -3.052117243699162 10.411111725273805 0.5618701552651852 3.6674117671817186 -4.280527404960317 -1.318175382030482 11.769837226602746 -6.490793451128738 0.2641509850317725 -3.4108006639676525 -11.061444334790663 -9.404393681718213 -12.064959759597896 -4.6689183155056035
28.617234468937873 3.0149739670352815 -4.333732379016233 -1.4647574400643215 -2.8930204781577196 -7.190186542813493 -6.054998525785429 5.9387006940206435 11.24565344994993 23.542403307621708 9.048449130522975 11.252980822847377 1.2447927532873913 5.082414971412149 -5.6629698030792595 -3.037245991656701 10.443678926193137 0.5815148353123003 3.6908963783458226 -4.266446743556127 -1.3003726142777872 11.803349848920597 -6.479782600140691 0.28294610472412884 -3.3963569302846253 -11.057354185623927 -9.39752956581925 -12.062871911718245 -4.657348489802278
28.677354709418836 3.037677579419231 -4.319731139905247 -1.447298941933699 -2.8785677261610942 -7.179979354242878 -6.043196435954972 5.96489981247509 11.279465955213865 23.58564436587075 9.07217844093097 11.278252308454203 1.265937263941079 5.106773369028922 -5.650224597155243 -3.022372143586794 10.476246180917357 0.6011615798859207 3.7143833402418203 -4.252361004646037 -1.2825657766348542 11.836862664505325 -6.468766197057203 0.30174439789707463 -3.3819092337597567 -11.053256407367476 -9.390658502432386 -12.060776046689357 -4.645774823673321
28.7374749498998 3.0608277759011315 -4.305422534083316 -1.4294779744817276 -2.8638014159385605 -7.169525411649698 -6.031121962644992 5.991601505628673 11.31390362922648 23.62965564579081 9.096366818370694 11.304010452357872 1.2875037959764122 5.131603214999508 -5.6371923345286765 -3.0071793312302413 10.509418059704377 0.6212045029975879 3.7383293408761986 -4.237966603491099 -1.2643906832068552 11.87099565173078 -6.457490652321791 0.3209261850165923 -3.3671481162228645 -11.049010079481894 -9.38359440477999 -12.05856384958137 -4.633934684533916
28.79759519038076 3.0910117884635824 -4.286321967007325 -1.4059747511163856 -2.844128553655292 -7.155256768647913 -6.014821727636264 6.0262376240213635 11.358238380772523 23.685983271813637 9.127846680135754 11.337462250786935 1.3157031307140408 5.163890477570089 -5.6196920451422825 -2.9869737198211626 10.552165175186595 0.6474912268867807 3.7695108298033553 -4.218758567239558 -1.2404432388927233 11.9149481704752 -6.442192878417536 0.34613469558577137 -3.3474818444202725 -11.042523704242305 -9.373575624673494 -12.054627646194332 -4.617931406463143
28.857715430861724 3.1213352821666795 -4.267122951649451 -1.382357106855796 -2.8243567558340743 -7.14090743136369 -5.998433095267579 6.0610298152521205 11.402766376367843 23.74253941890539 9.159464610879535 11.371064037386645 1.3440351966549955 5.196322450987495 -5.602099575520017 -2.9666693237082535 10.595098662244585 0.6739006050856691 3.800835368924602 -4.199451774765777 -1.2163793906321807 11.959092191521385 -6.426811490286859 0.37146329646459364 -3.3277167533873886 -11.035986184538247 -9.363492437009596 -12.050650040936935 -4.601844408329008
28.917835671342683 3.146442125006317 -4.251472103862444 -1.3629506069494823 -2.808220313601275 -7.1293787851314505 -5.98517087093434 6.089935211279557 11.439948365314034 23.78993838979539 9.18566687353966 11.398956236051557 1.367449760355732 5.223219525174155 -5.587814588939405 -2.9500818380654197 10.630924507687343 0.6956784922114625 3.8267930194135324 -4.183709385577359 -1.19659334403881 11.995947536752176 -6.414406285128376 0.39232363438193474 -3.3115860853315304 -11.031098294277866 -9.355590524211353 -12.047938357147013 -4.588841390146801
28.977955911823646 3.1691965173406267 -4.2374195625508015 -1.3454421468832045 -2.7937219414075365 -7.1191195998795465 -5.9733162500968895 6.116185278359446 11.473815747670102 23.833202139991084 9.209425379099248 11.424272833253731 1.3886472160770567 5.247619740342341 -5.57501919623543 -2.9351697550639537 10.663543265855935 0.7153678860726156 3.8503302851225207 -4.169572661290388 -1.1787353921932109 12.029514114907958 -6.403341019424236 0.4111695775227986 -3.2970930869783643 -11.02695071231892 -9.34866918064907 -12.045793612920138 -4.577227581220278
29.03807615230461 3.1918745111772395 -4.223415771069536 -1.3279936163591266 -2.779274720658389 -7.108897027619783 -5.961503201550453 6.142347903557742 11.50757225226867 23.876319667563784 9.233100545654551 11.44950393003105 1.4097735792420238 5.271936772063604 -5.562268767504 -2.9203114368999055 10.696054505321555 0.7349891525503718 3.873788588488125 -4.155485009461266 -1.1609382757575837 12.062970568504223 -6.392315472290839 0.4299509552739522 -3.2826512809663733 -11.022820768795645 -9.34177417855455 -12.043660323902506 -4.565656748437412
29.09819639278557 3.216884416086465 -4.2078210276161165 -1.3086601056828862 -2.7631997793393204 -7.097406403259328 -5.948286116929538 6.171140171282489 11.544607941032474 23.923509830401056 9.259188578392692 11.47728394393608 1.4330997154081324 5.298723966795503 -5.548034685565578 -2.903791750734926 10.731737869399367 0.7566795618169333 3.8996453711216184 -4.139799304641105 -1.1412261720927042 12.099680345605837 -6.379953897754955 0.45073073216045145 -3.266582283062167 -11.01794371117247 -9.33389574487167 -12.04095067975725 -4.552705016061136
29.158316633266534 3.247076731160199 -4.188694445016985 -1.2851396120824354 -2.743510286858637 -7.08310330418227 -5.931953727634536 6.20577802742022 11.588935519837325 23.979763881211003 9.29064242541667 11.51073055970636 1.4613136149452075 5.331002813228235 -5.530507614441254 -2.88358150163224 10.774475131774029 0.7829682303954246 3.9308329142523135 -4.120565897445498 -1.11726040860745 12.143624569537721 -6.364627982189592 0.47595046225579196 -3.246899864870212 -11.011414264046094 -9.323838588041012 -12.036968883231863 -4.53668774612753
29.218436873747493 3.277421962443654 -4.169460348157035 -1.2614939013669257 -2.7237125643774007 -7.068712340675241 -5.915524969704382 6.240587138411095 11.633475355325675 24.036270270644334 9.32224829579571 11.544341888302064 1.4896728913055555 5.363440600637471 -5.512879930912905 -2.8632630149795384 10.817417129366856 0.8093913931377041 3.9621773306168073 -4.101224628318505 -1.093167269736277 12.187779140874628 -6.349210897847843 0.5013017604960979 -3.227109343461514 -11.004829562677203 -9.31371152787454 -12.032942574785109 -4.520578924069962
29.278557114228455 3.300854950237788 -4.154929390180282 -1.2434286770830028 -2.708731188401785 -7.058061506689963 -5.903241365119278 6.2675965720583 11.668281759046248 24.08065768159211 9.34668691168346 11.5703904904519 1.5115151852760775 5.388548272818806 -5.499636245561997 -2.8478659533853383 10.850942654698954 0.8296803531219357 3.9864107548119954 -4.086607871597039 -1.0747433357321334 12.222276633720597 -6.337738600975271 0.5207330229330154 -3.2121338082767714 -11.000433472198877 -9.30647724144215 -12.030596428005465 -4.508554187925444
29.338677354709418 3.32363649789027 -4.140838791889365 -1.2258878167344278 -2.694201834224579 -7.047758940296873 -5.891344633659497 6.293869821956219 11.7021678706136 24.123892179532536 9.37044650284605 11.595724673554578 1.5327441116334726 5.4129632249139945 -5.4868026064645035 -2.8329320935081563 10.883577640202969 0.8493909270679925 4.009973680327246 -4.072433565404747 -1.056852066908256 12.255860948216544 -6.326634604349515 0.5396071498333654 -3.1976102182834687 -10.996237779490217 -9.299510544033927 -12.028402249068096 -4.496912363758696
29.39879759519038 3.3463199658323894 -4.126811794963583 -1.2084244432895197 -2.6797387835168607 -7.03750486003921 -5.879502604975535 6.320031197346133 11.73591266046472 24.166942947811616 9.394100472666072 11.620949711372802 1.553881464592208 5.437272076034439 -5.474027787847798 -2.818067442539072 10.91607565887444 0.869014134368842 4.033435348443515 -4.0583232481614395 -1.0390394750284315 12.289304930164704 -6.3155828182822304 0.5583981284664574 -3.1831529701927685 -10.992066775764789 -9.29257942477898 -12.026224991942234 -4.485326365178217
29.458917835671343 3.372670140093632 -4.11028487536127 -1.1879982057589267 -2.6627181941369393 -7.025259292425119 -5.865454923619886 6.350328125516186 11.77481606204056 24.216400251670326 9.421547547965226 11.650182895711577 1.5784775441957308 5.465464853159073 -5.4589220727060725 -2.8005926957702814 10.953563504078055 0.8918897848144194 4.060668520070667 -4.041701844906083 -1.0182167076327886 12.327866725964132 -6.302432683477086 0.580330468264858 -3.1661390402960343 -10.986724724210022 -9.284105104338545 -12.0231456270713 -4.471571798311196
