web/models/kne/8/mosfit_kn_0.001230_0.2963_3.6500.dat
# %ECSV 1.0
# ---
# datatype:
# - {name: time, datatype: float64}
# - {name: PS1_g, datatype: float64}
# - {name: PS1_i, datatype: float64}
# - {name: PS1_r, datatype: float64}
# - {name: PS1_w, datatype: float64}
# - {name: PS1_y, datatype: float64}
# - {name: PS1_z, datatype: float64}
# - {name: swift_uvot_B, datatype: float64}
# - {name: swift_uvot_U, datatype: float64}
# - {name: swift_uvot_uvm2, datatype: float64}
# - {name: swift_uvot_uvw1, datatype: float64}
# - {name: swift_uvot_uvw2, datatype: float64}
# - {name: swift_uvot_V, datatype: float64}
# - {name: johnson_B, datatype: float64}
# - {name: johnson_I, datatype: float64}
# - {name: johnson_R, datatype: float64}
# - {name: johnson_U, datatype: float64}
# - {name: johnson_V, datatype: float64}
# - {name: sdss_g, datatype: float64}
# - {name: sdss_i, datatype: float64}
# - {name: sdss_r, datatype: float64}
# - {name: sdss_u, datatype: float64}
# - {name: sdss_z, datatype: float64}
# - {name: ATLAS_c, datatype: float64}
# - {name: ATLAS_o, datatype: float64}
# - {name: ukirt_H, datatype: float64}
# - {name: ukirt_J, datatype: float64}
# - {name: ukirt_K, datatype: float64}
# - {name: Clear, datatype: float64}
# meta: !!omap
# - comment: [kappa = 3.65, type = rprocess, mass = 0.0012301715156502338, velocity = 0.29633333333333334, theta_obs = 0.0, tfloor = 1000.0]
# schema: astropy-2.0
time PS1_g PS1_i PS1_r PS1_w PS1_y PS1_z swift_uvot_B swift_uvot_U swift_uvot_uvm2 swift_uvot_uvw1 swift_uvot_uvw2 swift_uvot_V johnson_B johnson_I johnson_R johnson_U johnson_V sdss_g sdss_i sdss_r sdss_u sdss_z ATLAS_c ATLAS_o ukirt_H ukirt_J ukirt_K Clear
[from data line 266]
16.052104208416832 14.93548370963369 6.053654896434413 9.528725674472263 7.560801862968276 2.530464847909144 3.9481408127562823 18.475390286198177 25.134334384093098 39.02292968812227 21.099916916167647 23.6129334226473 12.895000402504476 17.271452969231987 4.500141590012462 7.470174356737462 24.10333320484135 11.939978067335739 15.748023810948144 6.134910848547399 9.757214333968687 25.635439914267923 3.3747132007342806 11.507802244214904 7.05538971960511 -2.4185225300063333 -0.2690332345166434 -3.7788112104795224 5.27490781920692
16.112224448897795 14.952352673524736 6.0705238603254585 9.54559463836329 7.577670826859322 2.54733381180019 3.965009776647328 18.492259250089223 25.151203347984136 39.03979865201331 21.116785880058693 23.629802386538344 12.911869366395521 17.288321933123033 4.517010553903508 7.487043320628508 24.12020216873239 11.956847031226767 15.76489277483919 6.151779812438445 9.774083297859733 25.652308878158962 3.3915821646253264 11.52467120810595 7.072258683496155 -2.4016535661153053 -0.2521642706256154 -3.7619422465884766 5.291776783097966
16.172344689378757 14.969169985397013 6.0873411721977355 9.562411950235568 7.594488138731599 2.564151123672467 3.981827088519605 18.5090765619615 25.16802065985641 39.056615963885584 21.13360319193097 23.64661969841062 12.928686678267798 17.30513924499531 4.533827865775785 7.503860632500785 24.13701948060467 11.973664343099044 15.781710086711449 6.168597124310722 9.79090060973201 25.669126190031236 3.4083994764976033 11.541488519978227 7.089075995368432 -2.3848362542430284 -0.23534695875333844 -3.7451249347161997 5.308594094970243
16.23246492985972 14.985935925285307 6.10410711208603 9.57917789012388 7.6112540786198934 2.5809170635607614 3.9985930284078997 18.525842501849795 25.184786599744715 39.073381903773885 21.150369131819264 23.663385638298916 12.945452618156093 17.321905184883605 4.55059380566408 7.520626572389079 24.153785420492966 11.990430282987356 15.798476026599761 6.1853630641990165 9.807666549620304 25.68589212991954 3.425165416385898 11.558254459866522 7.105841935256727 -2.368070314354716 -0.218581018865026 -3.728358994827905 5.325360034858537
16.29258517034068 15.002650768697006 6.120821955497728 9.59589273353556 7.627968922031592 2.5976319069724596 4.015307871819598 18.542557345261493 25.201501443156403 39.09009674718558 21.167083975230963 23.680100481710614 12.962167461567791 17.338620028295303 4.567308649075778 7.537341415800777 24.170500263904653 12.007145126399037 15.815190870011442 6.202077907610715 9.824381393032002 25.70260697333123 3.441880259797596 11.574969303278202 7.122556778668425 -2.3513554709430355 -0.20186617545334562 -3.711644151416207 5.342074878270235
16.352705410821642 15.019314792385767 6.137485979186472 9.612556757224322 7.6446329457203355 2.6142959306612212 4.031971895508342 18.559221368950254 25.218165466845157 39.10676077087434 21.183747998919717 23.69676450539937 12.978831485256553 17.355284051984047 4.583972672764539 7.554005439489521 24.187164287593415 12.023809150087798 15.831854893700203 6.218741931299476 9.841045416720764 25.719270997019983 3.458544283486358 11.591633326966964 7.139220802357187 -2.334691447254274 -0.185202151764584 -3.694980127727445 5.358738901958997
16.412825651302605 15.03592826037714 6.154099447177845 9.629170225215695 7.661246413711709 2.6309093986525944 4.048585363499715 18.57583483694161 25.23477893483653 39.123374238865715 21.200361466911087 23.713377973390738 12.995444953247926 17.37189751997542 4.600586140755895 7.5706189074808945 24.203777755584788 12.040422618079171 15.848468361691577 6.2353553992908495 9.857658884712137 25.735884465011356 3.475157751477731 11.608246794958337 7.15583427034856 -2.3180779792629007 -0.1685886837732108 -3.678366659736072 5.37535236995037
16.472945891783567 15.052491443082339 6.170662629883044 9.645733407920893 7.677809596416907 2.6474725813577926 4.065148546204913 18.592398019646826 25.25134211754173 39.13993742157091 21.216924649616285 23.729941156095936 13.012008135953124 17.388460702680618 4.617149323461111 7.587182090186093 24.220340938289986 12.05698580078437 15.865031544396775 6.251918581996048 9.874222067417335 25.752447647716554 3.491720934182929 11.624809977663535 7.172397453053758 -2.3015147965577025 -0.1520255010680126 -3.661803477030874 5.391915552655568
16.53306613226453 15.06900461531071 6.187175802111433 9.662246580149283 7.694322768645296 2.663985753586182 4.081661718433303 18.608911191875197 25.267855289770118 39.15645059379929 21.233437821844678 23.74645432832433 13.028521308181514 17.404973874909007 4.6336624956894825 7.603695262414482 24.236854110518365 12.073498973012759 15.881544716625164 6.2684317542244194 9.890735239645707 25.768960819944944 3.5082341064113187 11.641323149891925 7.18891062528213 -2.285001624329313 -0.13551232883962305 -3.645290304802502 5.408428724883958
16.59318637274549 15.085468042727825 6.203639229528548 9.67871000756638 7.710786196062394 2.6804491810032793 4.0981251458504175 18.625374619292312 25.284318717187226 39.17291402121639 21.249901249261782 23.762917755741423 13.04498473559861 17.421437302326122 4.6501259231065974 7.620158689831579 24.253317537935473 12.089962400429856 15.898008144042262 6.284895181641534 9.907198667062822 25.78542424736205 3.524697533828416 11.657786577309022 7.205374052699245 -2.268538196912216 -0.11904890142252589 -3.628826877385387 5.424892152301055
16.65330661322645 15.101881992557011 6.220053179357716 9.695123957395566 7.7272001458915796 2.6968631308324653 4.114539095679586 18.64178856912148 25.3007326670164 39.18932797104557 21.266315199090958 23.77933170557061 13.061398685427797 17.43785125215529 4.666539872935766 7.636572639660765 24.26973148776466 12.106376350259042 15.914422093871448 6.30130913147072 9.92361261689199 25.801838197191227 3.541111483657602 11.674200527138208 7.221788002528431 -2.25212424708303 -0.10263495159333991 -3.612412927556201 5.441306102130241
16.713426853707414 15.118246721400173 6.236417908200895 9.711488686238745 7.7435648747347585 2.7132278596756265 4.130903824522765 18.65815329796466 25.31709739585957 39.20569269988875 21.28267992793413 23.79569643441378 13.077763414270958 17.45421598099847 4.682904601778945 7.652937368503944 24.28609621660783 12.122741079102221 15.930786822714627 6.317673860313882 9.93997734573517 25.818202926034395 3.557476212500763 11.690565255981387 7.238152731371592 -2.235759518239851 -0.0862702227501786 -3.59604819871304 5.457670830973402
16.773547094188377 15.13456249349197 6.2527336802926925 9.727804458330525 7.759880646826538 2.7295436317674238 4.147219596614562 18.674469070056457 25.33341316795137 39.22200847198054 21.298995700025916 23.812012206505567 13.094079186362755 17.47053175309025 4.699220373870742 7.669253140595724 24.302411988699617 12.139056851194 15.947102594806406 6.333989632405679 9.956293117826966 25.834518698126196 3.5737919845925603 11.706881028073166 7.254468503463389 -2.2194437461480714 -0.06995445065838135 -3.5797324266212427 5.4739866030652
16.83366733466934 15.150829567471558 6.26900075427228 9.744071532310112 7.776147720806126 2.7458107057470116 4.16348667059415 18.690736144036045 25.349680241930955 39.23827554596013 21.315262774005515 23.82827928048516 13.110346260342343 17.486798827069855 4.71548744785033 7.685520214575312 24.318679062679205 12.155323925173589 15.963369668785994 6.350256706385267 9.972560191806554 25.85078577210578 3.590059058572148 11.723148102052754 7.270735577442977 -2.2031766721684836 -0.05368737667879353 -3.563465352641655 5.490253677044787
16.8937875751503 15.167048206119667 6.285219392920389 9.760290170958221 7.792366359454235 2.7620293443951205 4.179705309242259 18.706954782684154 25.365898880579067 39.25449418460824 21.331481412653623 23.844497919133275 13.126564898990452 17.503017465717964 4.731706086498439 7.701738853223438 24.334897701327314 12.171542563821697 15.979588307434103 6.3664753450333755 9.988778830454663 25.867004410753893 3.606277697220257 11.739366740700863 7.286954216091086 -2.1869580335203747 -0.03746873803068462 -3.547246713993546 5.506472315692896
16.95390781563126 15.183218664708242 6.301389851508965 9.776460629546797 7.808536818042828 2.7781998029836963 4.1958757678308345 18.72312524127273 25.382069339167643 39.27066464319682 21.3476518712422 23.86066837772185 13.142735357579028 17.51918792430654 4.747876545087014 7.717909311812014 24.351068159915897 12.187713022410273 15.995758766022679 6.382645803621951 10.004949289043239 25.88317486934247 3.622448155808833 11.755537199289456 7.303124674679662 -2.170787574931799 -0.021298279442108825 -3.53107625540497 5.522642774281472
17.014028056112224 15.19934119660629 6.3175123834070135 9.792583161444846 7.824659349940859 2.7943223348817448 4.211998299728883 18.739247773170778 25.39819187106569 39.286787175094865 21.363774403140237 23.87679090961989 13.158857889477076 17.53531045620457 4.763999076985063 7.734031843710045 24.36719069181394 12.203835554308322 16.011881297920727 6.39876833552 10.021071820941287 25.899297401240517 3.6385706877068813 11.771659731187487 7.31924720657771 -2.1546650430337504 -0.005175747544060361 -3.5149537235069217 5.538765306179521
17.074148296593187 15.215416054024047 6.333587240824752 9.808658018862602 7.840734207358615 2.810397192299501 4.228073157146621 18.755322630588516 25.414266728483437 39.302862032512614 21.379849260557993 23.892865767037645 13.174932746894832 17.551385313622326 4.780073934402819 7.750106701127801 24.383265549231695 12.219910411726078 16.027956155338483 6.414843192937756 10.037146678359044 25.915372258658262 3.6546455451246374 11.787734588605243 7.335322063995466 -2.1385901856159943 0.01089910987369569 -3.4988788660891657 5.554840163597277
17.13426853707415 15.231443492458716 6.349614679259439 9.82468545729727 7.856761645793284 2.82642463073417 4.244100595581308 18.771350069023203 25.430294166918117 39.31888947094729 21.395876698992673 23.908893205472324 13.190960185329502 17.567412752057013 4.796101372837488 7.766134139562488 24.399292987666364 12.235937850160747 16.043983593773152 6.430870631372425 10.053174116793713 25.931399697092942 3.6706729835593066 11.803762027039912 7.351349502430136 -2.122562747181325 0.02692654830836494 -3.4828514276544964 5.570867602031946
17.19438877755511 15.24742375961976 6.365594946420465 9.840665724458315 7.872741912954329 2.8424048978952143 4.260080862742335 18.78733033618423 25.44627443407915 39.33486973810833 21.41185696615371 23.92487347263336 13.206940452490546 17.58339301921804 4.812081639998515 7.782114406723514 24.415273254827408 12.251918117321791 16.059963860934197 6.446850898533469 10.069154383954757 25.947379964253976 3.686653250720351 11.819742294200957 7.36732976959118 -2.106582480020281 0.04290681546940922 -3.466871160493452 5.58684786919299
17.25450901803607 15.263357100703168 6.38152828750389 9.856599065541722 7.888675254037736 2.8583382389786216 4.27601420382576 18.803263677267655 25.462207775162568 39.35080307919174 21.427790307237125 23.940806813716765 13.222873793573953 17.599326360301465 4.82801498108194 7.798047747806922 24.431206595910815 12.267851458405199 16.075897202017604 6.462784239616877 10.085087725038164 25.963313305337394 3.702586591803758 11.835675635284364 7.383263110674587 -2.0906491389368735 0.05884015655281649 -3.450937819410045 5.602781210276397
17.314629258517034 15.279243768383388 6.397414955184093 9.872485733221943 7.904561921717956 2.874224906658842 4.2919008715059626 18.819150344947875 25.478094442842778 39.36668974687196 21.443676974917334 23.956693481396986 13.238760461254174 17.615213027981667 4.84390164876216 7.813934415487142 24.447093263591036 12.283738126085419 16.091783869697824 6.478670907297097 10.100974392718385 25.979199973017604 3.7184732594839787 11.851562302964584 7.399149778354808 -2.074762471256653 0.074726824233037 -3.4350511517298243 5.618667877956618
17.374749498997996 15.295084006786226 6.413255193586949 9.888325971624798 7.920402160120812 2.8900651450616976 4.307741109908818 18.834990583350713 25.493934681245634 39.38252998527481 21.459517213320193 23.972533719799845 13.25460069965703 17.631053266384523 4.859741887164998 7.829774653889998 24.46293350199388 12.299578364488275 16.10762410810068 6.494511145699953 10.116814631121223 25.99504021142046 3.734313497886834 11.86740254136744 7.4149900167576455 -2.0589222328537975 0.09056706263589254 -3.419210913326969 5.6345081163594735
17.43486973947896 15.31087805753014 6.4290492443308445 9.904120022368694 7.936196210864708 2.9058591958055935 4.323535160652714 18.85078463409461 25.50972873198953 39.3983240360187 21.475311264064086 23.988327770543737 13.270394750400925 17.64684731712842 4.875535937908894 7.8455687046338936 24.47872755273778 12.31537241523217 16.123418158844576 6.5103051964438485 10.132608681865118 26.010834262164355 3.75010754863073 11.883196592111336 7.430784067501559 -2.0431281821099017 0.10636111337978837 -3.403416862583073 5.650302167103369
17.494989979959918 15.32662616229441 6.444797349095133 9.919868127132982 7.951944315628996 2.921607300569864 4.339283265417002 18.866532738858897 25.52547683675381 39.41407214078299 21.491059368828367 24.00407587530802 13.286142855165195 17.662595421892707 4.891284042673182 7.861316809398182 24.494475657502065 12.331120519996459 16.139166263608864 6.526053301208119 10.148356786629407 26.026582366928636 3.7658556533950005 11.898944696875624 7.4465321722658295 -2.0273800773456134 0.12210921814405884 -3.3876687578188025 5.66605027186764
17.55511022044088 15.342328561428271 6.460499748228976 9.935570526266826 7.967646714762839 2.937309699703725 4.354985664550846 18.88223513799274 25.54117923588766 39.429774539916835 21.50676176796222 24.019778274441872 13.301845254299057 17.67829782102655 4.9069864418070255 7.877019208532025 24.510178056635908 12.346822919130302 16.154868662742707 6.54175570034198 10.16405918576325 26.042284766062487 3.7815580525288617 11.914647096009467 7.462234571399691 -2.01167767821177 0.13781161727792002 -3.3719663586849413 5.681752671001501
17.615230460921843 15.357985496471294 6.476156683272016 9.951227461309866 7.98330364980588 2.9529666347467654 4.370642599593886 18.89789207303578 25.5568361709307 39.445431474959875 21.52241870300526 24.035435209484902 13.317502189342097 17.69395475606959 4.922643376850066 7.892676143575065 24.52583499167895 12.362479854173342 16.170525597785748 6.557412635385003 10.17971612080629 26.057941701105527 3.797214987571884 11.930304031052508 7.477891506442713 -1.99602074316873 0.15346855232096024 -3.356309423641919 5.697409606044541
17.675350701402806 15.373597204466645 6.491768391267367 9.9668391693052 7.998915357801213 2.9685783427420986 4.386254307589237 18.91350378103113 25.57244787892604 39.461043182955216 21.538030411000594 24.051046917480246 13.33311389733743 17.709566464064924 4.938255084845417 7.908287851570399 24.541446699674292 12.378091562168676 16.18613730578108 6.573024343380354 10.195327828801641 26.073553409100867 3.812826695567235 11.945915739047841 7.493503214438064 -1.9804090351733967 0.16908026031629353 -3.340697715646568 5.7130213140398745
17.73547094188377 15.389163917774091 6.507335104574814 9.982405882612664 8.014482071108677 2.9841450560495453 4.4018210208966835 18.92907049433858 25.588014592233492 39.47660989626267 21.553597124308048 24.0666136307877 13.348680610644877 17.72513317737239 4.953821798152863 7.923854564877863 24.557013412981746 12.39365827547614 16.201704019088545 6.5885910566878 10.210894542109088 26.089120122408318 3.828393408874682 11.961482452355305 7.509069927745511 -1.9648423218659323 0.18464697362374016 -3.325131002339121 5.728588027347321
