web/models/kne/8/mosfit_kn_0.001513_0.3590_10.0000.dat
# %ECSV 1.0
# ---
# datatype:
# - {name: time, datatype: float64}
# - {name: PS1_g, datatype: float64}
# - {name: PS1_i, datatype: float64}
# - {name: PS1_r, datatype: float64}
# - {name: PS1_w, datatype: float64}
# - {name: PS1_y, datatype: float64}
# - {name: PS1_z, datatype: float64}
# - {name: swift_uvot_B, datatype: float64}
# - {name: swift_uvot_U, datatype: float64}
# - {name: swift_uvot_uvm2, datatype: float64}
# - {name: swift_uvot_uvw1, datatype: float64}
# - {name: swift_uvot_uvw2, datatype: float64}
# - {name: swift_uvot_V, datatype: float64}
# - {name: johnson_B, datatype: float64}
# - {name: johnson_I, datatype: float64}
# - {name: johnson_R, datatype: float64}
# - {name: johnson_U, datatype: float64}
# - {name: johnson_V, datatype: float64}
# - {name: sdss_g, datatype: float64}
# - {name: sdss_i, datatype: float64}
# - {name: sdss_r, datatype: float64}
# - {name: sdss_u, datatype: float64}
# - {name: sdss_z, datatype: float64}
# - {name: ATLAS_c, datatype: float64}
# - {name: ATLAS_o, datatype: float64}
# - {name: ukirt_H, datatype: float64}
# - {name: ukirt_J, datatype: float64}
# - {name: ukirt_K, datatype: float64}
# - {name: Clear, datatype: float64}
# meta: !!omap
# - comment: [kappa = 10.0, type = rprocess, mass = 0.001513321957917195, velocity = 0.359, theta_obs = 0.0, tfloor = 1000.0]
# schema: astropy-2.0
time PS1_g PS1_i PS1_r PS1_w PS1_y PS1_z swift_uvot_B swift_uvot_U swift_uvot_uvm2 swift_uvot_uvw1 swift_uvot_uvw2 swift_uvot_V johnson_B johnson_I johnson_R johnson_U johnson_V sdss_g sdss_i sdss_r sdss_u sdss_z ATLAS_c ATLAS_o ukirt_H ukirt_J ukirt_K Clear
[from data line 177]
10.701402805611222 13.5862611052859 4.704432292086622 8.179503070124472 6.211579258620485 1.1812422435613534 2.5989182084084916 17.126167681850387 23.785111779745307 37.67370708377448 19.750694311819856 22.263710818299508 11.545777798156685 15.922230364884197 3.1509189856646715 6.120951752389671 22.754110600493554 10.590755462987948 14.398801206600353 4.7856882441996085 8.407991729620896 24.286217309920126 2.02549059638649 10.158579639867114 5.706167115257319 -3.767745134354125 -1.618255838864434 -5.1280338148273135 3.9256852148591292
10.761523046092185 13.610416646628991 4.728587833429714 8.203658611467564 6.235734799963577 1.2053977849044628 2.6230737497515833 17.150323223193478 23.8092673210884 37.69786262511757 19.77484985316296 22.28786635964261 11.569933339499794 15.946385906227288 3.175074527007763 6.145107293732763 22.778266141836646 10.61491100433104 14.422956747943445 4.809843785542718 8.432147270963988 24.310372851263224 2.0496461377295994 10.182735181210205 5.730322656600411 -3.7435895930110332 -1.5941002975213423 -5.103878273484204 3.9498407562022386
10.821643286573146 13.634475447372587 4.75264663417331 8.22771741221116 6.259793600707173 1.2294565856480588 2.6471325504951793 17.174382023937074 23.833326121831995 37.72192142586117 19.798908653906555 22.311925160386195 11.59399214024339 15.970444706970884 3.199133327751359 6.169166094476359 22.802324942580242 10.638969805074636 14.447015548687041 4.833902586286296 8.456206071707584 24.33443165200682 2.0737049384731776 10.206793981953801 5.754381457344007 -3.719530792267437 -1.5700414967777463 -5.079819472740626 3.9738995569458346
10.881763527054108 13.658437880155923 4.7766090669566275 8.251679844994477 6.283756033490491 1.2534190184313765 2.671094983278497 17.198344456720392 23.857288554615312 37.7458838586445 19.82287108668987 22.33588759316952 11.617954573026708 15.994407139754202 3.223095760534677 6.1931285272596766 22.82628737536357 10.662932237857953 14.470977981470359 4.8578650190696315 8.48016850449092 24.358394084790138 2.097667371256513 10.230756414737119 5.778343890127342 -3.6955683594841195 -1.5460790639944286 -5.05585703995729 3.9978619897291523
10.941883767535069 13.682304439965751 4.800475626766474 8.275546404804324 6.307622593300337 1.2772855782412051 2.6949615430883433 17.22221101653024 23.881155114425148 37.76975041845433 19.846737646499708 22.35975415297936 11.641821132836537 16.01827369956405 3.2469623203445233 6.216995087069523 22.85015393517341 10.6867987976678 14.494844541280205 4.88173157887946 8.504035064300748 24.382260644599974 2.1215339310663417 10.254622974546965 5.802210449937171 -3.671701799674273 -1.5222125041845822 -5.031990480147462 4.021728549538981
11.002004008016032 13.706075676366947 4.824246863167669 8.29931764120552 6.331393829701533 1.3010568146424184 2.718732779489539 17.245982252931434 23.904926350826354 37.793521654855525 19.87050888290091 22.383525389380562 11.66559236923775 16.042044935965244 3.2707335567457188 6.2407663234707185 22.873925171574605 10.710570034068995 14.5186157776814 4.905502815280656 8.527806300701943 24.40603188100118 2.145305167467537 10.27839421094816 5.825981686338366 -3.6479305632730776 -1.4984412677833867 -5.008219243746266 4.045499785940194
11.062124248496994 13.72975214712806 4.847923333928783 8.322994111966615 6.355070300462646 1.3247332854035143 2.7424092502506525 17.269658723692547 23.92860282158746 37.817198125616635 19.894185353662017 22.40720186014167 11.689268839998846 16.065721406726357 3.2944100275068324 6.264442794231832 22.897601642335715 10.734246504830091 14.542292248442497 4.929179286041769 8.551482771463057 24.429708351762287 2.168981638228651 10.302070681709274 5.84965815709948 -3.6242540925119817 -1.4747647970222908 -4.984542772985153 4.06917625670129
11.122244488977955 13.753334434264897 4.871505621065619 8.346576399103451 6.378652587599465 1.3483155725403506 2.765991537387489 17.293241010829384 23.952185108724294 37.84078041275347 19.917767640798854 22.430784147278505 11.712851127135682 16.089303693863194 3.3179923146436687 6.2880250813686684 22.921183929472544 10.757828791966928 14.565874535579333 4.952761573178606 8.575065058599893 24.45329063889912 2.192563925365487 10.325652968846093 5.873240444236316 -3.6006718053751454 -1.4511825098854545 -4.960960485848316 4.092758543838126
11.182364729458918 13.776823127295117 4.89499431409584 8.370065092133672 6.402141280629703 1.371804265570571 2.789480230417709 17.316729703859604 23.975673801754517 37.864269105783684 19.941256333829074 22.454272840308725 11.736339820165902 16.112792386893414 3.341481007673889 6.311513774398889 22.94467262250277 10.781317484997148 14.589363228609571 4.976250266208826 8.598553751630114 24.476779331929343 2.2160526183957074 10.349141661876331 5.8967291372665365 -3.577183112344925 -1.4276938168552342 -4.937471792818096 4.116247236868347
11.242484969939879 13.800218809872433 4.918389996673138 8.393460774710988 6.425536963207001 1.3951999481478872 2.8128759129950076 17.340125386436902 23.999069484331823 37.88766478836099 19.96465201640638 22.47766852288603 11.759735502743219 16.136188069470712 3.3648766902511875 6.334909456976187 22.96806830508008 10.804713167574464 14.61275891118687 4.999645948786142 8.621949434207412 24.50017501450665 2.2394483009730237 10.37253734445363 5.920124819843853 -3.553787429767609 -1.404298134277918 -4.91407611024078 4.139642919445663
11.302605210420841 13.823522067164102 4.941693253964807 8.416764032002657 6.448840220498671 1.4185032054395563 2.8361791702866768 17.36342864372859 24.0223727416235 37.91096804565267 19.987955273698052 22.500971780177704 11.783038760034888 16.15949132676238 3.3881799475428744 6.358212714267856 22.99137156237175 10.828016424866133 14.636062168478539 5.022949206077811 8.645252691499099 24.523478271798318 2.262751558264693 10.395840601745299 5.943428077135522 -3.5304841724759397 -1.3809948769862488 -4.890772852949111 4.162946176737332
11.362725450901802 13.846733474036341 4.964904660837064 8.439975438874896 6.472051627370909 1.4417146123117952 2.8593905771589334 17.38664005060083 24.04558414849574 37.93417945252491 20.011166680570287 22.52418318704994 11.806250166907127 16.18270273363462 3.4113913544151133 6.381424121140095 23.01458296924399 10.851227831738372 14.659273575350777 5.04616061295005 8.668464098371338 24.546689678670568 2.2859629651369318 10.419052008617538 5.966639484007761 -3.507272765603701 -1.35778347011401 -4.867561446076872 4.186157583609571
11.422845691382765 13.869853617185672 4.988024803986395 8.463095582024245 6.495171770520258 1.464834755461144 2.8825107203082645 17.40976019375016 24.06870429164508 37.95729959567425 20.034286823719636 22.54730333019928 11.829370310056476 16.20582287678397 3.4345114975644444 6.404544264289444 23.03770311239333 10.874347974887721 14.682393718500126 5.069280756099381 8.691584241520669 24.569809821819906 2.309083108286263 10.442172151766886 5.989759627157092 -3.484152622454352 -1.334663326964661 -4.844441302927541 4.20927772675892
11.482965931863728 13.892883068269821 5.011054255070544 8.486125033108376 6.518201221604389 1.4878642065452752 2.9055401713924134 17.43278964483431 24.091733742729218 37.98032904675839 20.057316274803778 22.57033278128343 11.852399761140607 16.22885232786812 3.4575409486485933 6.427573715373593 23.06073256347747 10.897377425971852 14.705423169584257 5.09231020718353 8.714613692604818 24.592839272904044 2.3321125593704117 10.465201602851018 6.012789078241241 -3.461123171370221 -1.31163387588053 -4.821411851843392 4.232307177843051
11.543086172344688 13.915822403281428 5.033993590082133 8.509064368119983 6.541140556615996 1.5108035415568821 2.9284795064040026 17.455728979845897 24.114673077740818 38.00326838177 20.080255609815378 22.59327211629503 11.875339096152214 16.251791662879707 3.4804802836601825 6.450513050385182 23.083671898489076 10.920316760983459 14.728362504595864 5.115249542195137 8.737553027616425 24.615778607915644 2.3550518943820187 10.488140937862624 6.035728413252848 -3.438183836358614 -1.288694540868923 -4.798472516831785 4.255246512854658
11.603206412825651 13.938672179731046 5.056843366531769 8.531914144569601 6.563990333065632 1.5336533180065004 2.9513292828536386 17.478578756295533 24.137522854190443 38.026118158219624 20.103105386265003 22.616121892744655 11.898188872601832 16.274641439329343 3.5033300601098185 6.473362826834818 23.106521674938705 10.943166537433095 14.7512122810455 5.138099318644755 8.760402804066043 24.63862838436527 2.377901670831637 10.51099071431226 6.058578189702466 -3.4153340599089956 -1.2658447644193047 -4.7756227403821665 4.278096289304276
11.663326653306612 13.961432977927064 5.079604164727769 8.554674942765619 6.586751131261632 1.556414116202518 2.9740900810496385 17.501339554491533 24.160283652386454 38.048878956415635 20.125866184461014 22.638882690940665 11.92094967079785 16.297402237525343 3.5260908583058184 6.496123625030818 23.12928247313471 10.965927335629095 14.7739730792415 5.160860116840773 8.78316360226206 24.66138918256128 2.4006624690276546 10.53375151250826 6.081338987898484 -3.392573261712978 -1.243083966223287 -4.752861942186149 4.300857087500294
11.723446893787575 13.984105350971845 5.102276537772568 8.5773473158104 6.609423504306413 1.5790864892472989 2.996762454094437 17.524011927536332 24.182956025431245 38.07155132946041 20.148538557505802 22.661555063985453 11.94362204384263 16.320074610570142 3.548763231350617 6.518795998075617 23.151954846179493 10.988599708673876 14.796645452286281 5.183532489885554 8.805835975306842 24.68406155560607 2.4233348420724354 10.556423885553041 6.1040113609432645 -3.369900888668197 -1.2204115931785062 -4.730189569141368 4.323529460545075
11.783567134268537 14.006689861465063 5.1248610482657675 8.599931826303617 6.632008014799631 1.6016709997405165 3.0193469645876547 17.54659643802955 24.205540535924463 38.09413583995363 20.17112306799901 22.68413957447866 11.966206554335848 16.342659121063342 3.5713477418438346 6.541380508568817 23.17453935667271 11.011184219167093 14.819229962779499 5.206117000378772 8.82842048580006 24.70664606609929 2.445919352565653 10.579008396046259 6.126595871436482 -3.3473163781749795 -1.1978270826852886 -4.70760505864815 4.346113971038292
11.843687374749498 14.02918705679495 5.147358243595672 8.622429021633504 6.654505210129518 1.6241681950704034 3.0418441599175416 17.569093633359437 24.228037731254346 38.11663303528352 20.1936202633289 22.70663676980855 11.988703749665735 16.36515631639323 3.5938449371737216 6.5638777038987035 23.197036552002597 11.03368141449698 14.841727158109386 5.2286141957086585 8.850917681129946 24.729143261429172 2.46841654789554 10.601505591376146 6.149093066766369 -3.3248191828450926 -1.1753298873554017 -4.6851078633182635 4.368611166368179
11.90380761523046 14.051597501612214 5.169768688412937 8.644839466450787 6.6769156549468 1.646578639887668 3.0642546047348063 17.5915040781767 24.250448176071615 38.139043480100796 20.21603070814617 22.729047214625822 12.011114194483 16.38756676121051 3.616255381990986 6.586288148715986 23.21944699681987 11.056091859314263 14.864137602926668 5.251024640525923 8.87332812594721 24.75155370624644 2.4908269927128046 10.623916036193428 6.171503511583634 -3.30240873802781 -1.1529194425381193 -4.662697418500999 4.391021611185444
11.963927855711422 14.073921735288408 5.192092922089113 8.667163700126963 6.6992398886229765 1.6689028735638622 3.0865788384109827 17.613828311852878 24.272772409747798 38.16136771377697 20.238354941822355 22.751371448302006 12.033438428159194 16.409890994886688 3.6385796156671626 6.608612382392162 23.241771230496056 11.07841609299044 14.886461836602844 5.273348874202117 8.895652359623387 24.773877939922624 2.513151226388999 10.646240269869605 6.193827745259828 -3.280084504351634 -1.1305952088619429 -4.640373184824805 4.413345844861638
12.024048096192384 14.096160308070242 5.214331494870965 8.689402272908815 6.721478461404828 1.6911414463457142 3.1088174111928346 17.63606688463473 24.29501098252965 38.18360628655882 20.260593514604206 22.773610021083858 12.055677000941046 16.43212956766854 3.6608181884490145 6.630850955174014 23.2640098032779 11.100654665772291 14.908700409384696 5.2955874469839515 8.91789093240524 24.796116512704476 2.535389799170833 10.668478842651457 6.216066318041662 -3.257845931569782 -1.108356636080091 -4.6181346120429705 4.43558441764349
12.084168336673347 14.118313757830894 5.236484944631616 8.711555722669448 6.74363191116548 1.7132948961063477 3.130970860953486 17.65822033439538 24.31716443229029 38.205759736319465 20.28274696436485 22.795763470844502 12.07783045070168 16.45428301742919 3.6829716382096658 6.6530044049346655 23.28616325303854 11.122808115532925 14.93085385914533 5.317740896744603 8.94004438216589 24.818269962465116 2.557543248931484 10.69063229241209 6.238219767802313 -3.2356924818091484 -1.0862031863194574 -4.595981162282319 4.4577378674041235
12.144288577154308 14.140382624911592 5.258553811712314 8.733624589750146 6.7657007782461775 1.7353637631870455 3.1530397280341838 17.68028920147608 24.33923329937099 38.22782860340016 20.30481583144555 22.8178323379252 12.099899317782377 16.47635188450989 3.7050405052903637 6.675073272015363 23.30823212011925 11.144876982613622 14.952922726226046 5.339809763825301 8.962113249246588 24.840338829545814 2.579612116012182 10.712701159492806 6.260288634883011 -3.2136236147284505 -1.0641343192387596 -4.573912295201621 4.479806734484821
12.20440881763527 14.162367437829886 5.2805386246306085 8.75560940266844 6.787685591164472 1.7573485761053398 3.175024540952478 17.702274014394373 24.361218112289286 38.24981341631847 20.326800644363843 22.839817150843494 12.121884130700671 16.498336697428183 3.727025318208658 6.697058084933658 23.33021693303754 11.166861795531934 14.97490753914434 5.361794576743595 8.984098062164882 24.862323642464112 2.6015969289304763 10.7346859724111 6.282273447801305 -3.1916388018101562 -1.0421495063204653 -4.551927482283327 4.501791547403116
12.264529058116231 14.184268733483627 5.30243992028435 8.777510698322182 6.809586886818213 1.779249871759081 3.196925836606219 17.724175310048114 24.383119407943028 38.2717147119722 20.348701940017584 22.861718446497235 12.143785426354412 16.520237993081924 3.748926613862399 6.718959380587399 23.352118228691282 11.188763091185658 14.996808834798063 5.383695872397336 9.005999357818624 24.884224938117853 2.6234982245842176 10.756587268064841 6.304174743455047 -3.169737506156415 -1.020248210666724 -4.530026186629586 4.523692843056857
12.324649298597194 14.206087036220119 5.324258223020841 8.799329001058673 6.831405189554687 1.8010681744955725 3.2187441393427108 17.745993612784606 24.40493771067952 38.29353301470869 20.370520242754075 22.883536749233716 12.165603729090904 16.542056295818416 3.7707449165988907 6.740777683323873 23.373936531427766 11.21058139392215 15.018627137534555 5.405514175133828 9.027817660555115 24.906043240854345 2.645316527320709 10.778405570801315 6.325993046191538 -3.1479192034199235 -0.9984299079302327 -4.508207883893094 4.545511145793348
12.384769539078157 14.227822878508771 5.345994065309494 8.821064843347326 6.8531410318433394 1.8228040167842252 3.2404799816313634 17.76772945507326 24.42667355296817 38.31526885699734 20.39225608504272 22.905272591522372 12.187339571379557 16.56379213810705 3.7924807588875433 6.762513525612525 23.39567237371642 11.232317236210802 15.040362979823207 5.42725001742248 9.049553502843768 24.927779083142994 2.6670523696093618 10.800141413089968 6.347728888480191 -3.126183361131271 -0.97669406564158 -4.486472041604442 4.567246988082001
