web/models/kne/8/mosfit_kn_0.117276_0.2807_3.6500.dat
# %ECSV 1.0
# ---
# datatype:
# - {name: time, datatype: float64}
# - {name: PS1_g, datatype: float64}
# - {name: PS1_i, datatype: float64}
# - {name: PS1_r, datatype: float64}
# - {name: PS1_w, datatype: float64}
# - {name: PS1_y, datatype: float64}
# - {name: PS1_z, datatype: float64}
# - {name: swift_uvot_B, datatype: float64}
# - {name: swift_uvot_U, datatype: float64}
# - {name: swift_uvot_uvm2, datatype: float64}
# - {name: swift_uvot_uvw1, datatype: float64}
# - {name: swift_uvot_uvw2, datatype: float64}
# - {name: swift_uvot_V, datatype: float64}
# - {name: johnson_B, datatype: float64}
# - {name: johnson_I, datatype: float64}
# - {name: johnson_R, datatype: float64}
# - {name: johnson_U, datatype: float64}
# - {name: johnson_V, datatype: float64}
# - {name: sdss_g, datatype: float64}
# - {name: sdss_i, datatype: float64}
# - {name: sdss_r, datatype: float64}
# - {name: sdss_u, datatype: float64}
# - {name: sdss_z, datatype: float64}
# - {name: ATLAS_c, datatype: float64}
# - {name: ATLAS_o, datatype: float64}
# - {name: ukirt_H, datatype: float64}
# - {name: ukirt_J, datatype: float64}
# - {name: ukirt_K, datatype: float64}
# - {name: Clear, datatype: float64}
# meta: !!omap
# - comment: [kappa = 3.65, type = rprocess, mass = 0.11727632184323686, velocity = 0.2806666666666667, theta_obs = 0.0, tfloor = 1000.0]
# schema: astropy-2.0
time PS1_g PS1_i PS1_r PS1_w PS1_y PS1_z swift_uvot_B swift_uvot_U swift_uvot_uvm2 swift_uvot_uvw1 swift_uvot_uvw2 swift_uvot_V johnson_B johnson_I johnson_R johnson_U johnson_V sdss_g sdss_i sdss_r sdss_u sdss_z ATLAS_c ATLAS_o ukirt_H ukirt_J ukirt_K Clear
[from data line 316]
19.05811623246493 5.937078176310209 -2.9447506368890686 0.5303201411487635 -1.4376036703552053 -6.467940685414337 -5.050264720567199 9.476984752874696 16.135928850769616 30.024524154798787 12.101511382844166 14.614527889323817 3.8965948691809933 8.273047435908506 -4.498263943311019 -1.5282311765860193 15.104927671517856 2.9415725340122405 6.749618277624663 -2.8634946847760823 0.7588088006452054 16.637034380944442 -5.623692332589201 2.509396710891423 -1.9430158137183717 -11.416928063329832 -9.267438767840142 -12.777216743803004 -3.7234977141165615
19.118236472945892 5.946657570637228 -2.935171242562049 0.539899535475783 -1.4280242760282036 -6.458361291087318 -5.04068532624018 9.486564147201715 16.145508245096618 30.034103549125795 12.111090777171185 14.624107283650837 3.906174263508013 8.282626830235525 -4.488684548984 -1.5186517822589998 15.114507065844876 2.95115192833926 6.759197671951664 -2.853915290449063 0.7683881949722249 16.646613775271444 -5.614112938262181 2.5189761052184245 -1.9334364193913522 -11.407348669002813 -9.257859373513122 -12.767637349475985 -3.713918319789542
19.178356713426854 5.95617652385112 -2.925652289348175 0.5494184886896747 -1.4185053228143119 -6.448842337873426 -5.031166373026306 9.49608310041559 16.15502719831051 30.043622502339677 12.120609730385059 14.63362623686471 3.9156932167219045 8.2921457834494 -4.479165595770126 -1.5091328290451258 15.124026019058768 2.9606708815531517 6.768716625165556 -2.844396337235171 0.7779071481860989 16.656132728485336 -5.6045939850482895 2.5284950584323163 -1.9239174661774605 -11.397829715788921 -9.24834042029923 -12.758118396262093 -3.7043993665756503
19.238476953907814 5.965634844661611 -2.916193968537666 0.5588768095001839 -1.4090470020038026 -6.439384017062917 -5.021708052215796 9.505541421226098 16.16448551912102 30.053080823150186 12.130068051195568 14.64308455767522 3.9251515375324137 8.301604104259908 -4.4697072749596165 -1.4996745082346166 15.133484339869277 2.970129202363661 6.778174945976065 -2.8349380164246796 0.7873654689966081 16.665591049295845 -5.595135664237798 2.5379533792428255 -1.914459145366969 -11.388371394978412 -9.238882099488722 -12.748660075451584 -3.694941045765141
19.298597194388776 5.97503208922161 -2.906796723977667 0.568274054060165 -1.3996497574438216 -6.429986772502936 -5.012310807655798 9.514938665786097 16.173882763681 30.062478067710177 12.139465295755567 14.652481802235219 3.934548782092395 8.311001348819907 -4.460310030399618 -1.4902772636746178 15.142881584429258 2.979526446923642 6.787572190536046 -2.825540771864681 0.7967627135566069 16.674988293855826 -5.585738419677799 2.5473506238028065 -1.9050619008069702 -11.378974150418431 -9.22948485492874 -12.739262830891603 -3.68554380120516
19.35871743486974 5.984368790961057 -2.8974600222382207 0.5776107557996291 -1.3903130557043575 -6.4206500707634895 -5.002974105916351 9.524275367525544 16.183219465420464 30.071814769449634 12.148801997495013 14.661818503974665 3.943885483831841 8.320338050559354 -4.450973328660171 -1.4809405619351714 15.152218286168704 2.988863148663106 6.7969088922755105 -2.8162040701252344 0.8060994152960532 16.68432499559529 -5.576401717938353 2.5566873255422706 -1.895725199067524 -11.369637448678967 -9.220148153189276 -12.729926129152156 -3.6762070994657137
19.4188376753507 5.993645148238134 -2.8881836649611436 0.5868871130766884 -1.3810366984272804 -6.411373713486412 -4.993697748639274 9.53355172480262 16.19249582269754 30.0810911267267 12.15807835477209 14.671094861251742 3.953161841108918 8.32961440783643 -4.441696971383094 -1.4716642046580943 15.161494643445781 2.9981395059401654 6.80618524955257 -2.8069277128481573 0.8153757725731303 16.69360135287235 -5.567125360661276 2.56596368281933 -1.8864488417904468 -11.360361091401908 -9.210871795912217 -12.72064977187508 -3.6669307421886366
19.478957915831664 6.002862512842189 -2.8789663003571064 0.5961044776807434 -1.3718193338232432 -6.402156348882357 -4.984480384035237 9.542769089406658 16.20171318730158 30.09030849133075 12.167295719376128 14.68031222585578 3.962379205712973 8.338831772440468 -4.432479606779057 -1.4624468400540571 15.170712008049836 3.0073568705442204 6.815402614156625 -2.7977103482441024 0.8245931371771675 16.702818717476404 -5.557907996057221 2.575181047423385 -1.8772314771863918 -11.351143726797853 -9.201654431308162 -12.711432407271024 -3.6577133775845816
19.539078156312623 6.012020734273396 -2.8698080789258817 0.6052626991119503 -1.3626611123920185 -6.3929981274511505 -4.975322162604012 9.551927310837883 16.210871408732803 30.099466712761963 12.176453940807352 14.689470447287004 3.97153742714418 8.347989993871693 -4.423321385347832 -1.4532886186228324 15.179870229481043 3.0165150919754273 6.824560835587832 -2.7885521268128954 0.8337513586083922 16.71197693890763 -5.548749774626014 2.5843392688546096 -1.868073255755185 -11.341985505366646 -9.192496209876955 -12.702274185839817 -3.6485551561533747
19.599198396793586 6.021120000267999 -2.8607088129312785 0.6143619651065535 -1.353561846397433 -6.383898861456547 -4.966222896609427 9.561026576832486 16.21997067472739 30.108565978756566 12.185553206801956 14.698569713281607 3.9806366931387833 8.357089259866278 -4.414222119353229 -1.444189352628247 15.188969495475646 3.0256143579700305 6.833660101582435 -2.7794528608182922 0.8428506246029954 16.721076204902214 -5.539650508631411 2.593438534849195 -1.8589739897605817 -11.332886239372042 -9.183396943882352 -12.693174919845214 -3.6394558901587715
19.65931863727455 6.030160418738131 -2.8516683944611465 0.6234023835766855 -1.344521427927301 -6.374858442986415 -4.957182478139277 9.570066995302618 16.22901109319752 30.117606397226698 12.194593625272088 14.70761013175174 3.9896771116089154 8.36612967833641 -4.405181700883097 -1.435148934158115 15.198009913945778 3.0346547764401626 6.842700520052567 -2.77041244234816 0.8518910430731275 16.730116623372346 -5.530610090161279 2.602478953319327 -1.8499335712904497 -11.32384582090191 -9.17435652541222 -12.684134501375082 -3.6304154716886394
19.71943887775551 6.039142057444469 -2.8426867557548086 0.6323840222830235 -1.3355397892209453 -6.365876804280077 -4.948200839432939 9.579048634008956 16.237992731903876 30.126588035933036 12.203575263978426 14.716591770458077 3.9986587503152533 8.375111317042766 -4.396200062176759 -1.4261672954517592 15.206991552652116 3.0436364151465005 6.851682158758923 -2.7614308036418223 0.8608726817794654 16.739098262078702 -5.521628451454941 2.611460592025683 -1.8409519325841117 -11.314864182195572 -9.165374886705882 -12.675152862668744 -3.6214338329823015
19.779559118236474 6.0480661985259765 -2.833762614673301 0.6413081633645312 -1.3266156481394553 -6.3569526631985696 -4.939276698351431 9.587972775090464 16.246916872985366 30.135512177014544 12.212499405059933 14.725515911539585 4.007582891396761 8.384035458124256 -4.387275921095251 -1.4172431543702693 15.215915693733624 3.0525605562280083 6.860606299840413 -2.7525066625603145 0.8697968228609732 16.748022403160192 -5.512704310373433 2.620384733107173 -1.832027791502604 -11.305940041114065 -9.156450745624374 -12.666228721587236 -3.6125096919007937
19.839679358717433 6.056933069035839 -2.824895744163438 0.6501750338743939 -1.3177487776295926 -6.348085792688707 -4.930409827841569 9.596839645600326 16.25578374349523 30.144379047524406 12.221366275569796 14.734382782049448 4.016449761906624 8.392902328634118 -4.378409050585389 -1.4083762838604066 15.224782564243487 3.061427426737871 6.869473170350275 -2.743639792050452 0.8786636933708358 16.756889273670055 -5.50383743986357 2.6292516036170355 -1.8231609209927413 -11.297073170604202 -9.147583875114512 -12.657361851077374 -3.603642821390931
19.899799599198396 6.065743021958596 -2.816085791240681 0.6589849867971509 -1.3089388247068179 -6.33927583976595 -4.921599874918812 9.605649598523083 16.264593696418004 30.153189000447174 12.230176228492553 14.743192734972205 4.025259714829381 8.401712281556893 -4.369599097662632 -1.3995663309376318 15.233592517166244 3.0702373796606457 6.87828312327305 -2.734829839127695 0.8874736462935928 16.76569922659283 -5.495027486940813 2.6380615565398102 -1.8143509680699843 -11.288263217681427 -9.138773922191755 -12.648551898154617 -3.594832868468174
19.95991983967936 6.074496088838561 -2.807332724360716 0.6677380536771338 -1.3001857578268528 -6.330522772885967 -4.9128468080388465 9.614402665403048 16.27334676329797 30.161942067327136 12.238929295372518 14.75194580185217 4.034012781709364 8.410465348436858 -4.360846030782667 -1.3908132640576667 15.242345584046227 3.078990446540611 6.887036190153015 -2.7260767722477297 0.896226713173558 16.774452293472795 -5.486274420060848 2.6468146234197754 -1.8055979011900192 -11.279510150801462 -9.130020855311772 -12.639798831274652 -3.586079801588191
20.02004008016032 6.083192259794767 -2.7986365534045277 0.6764342246333221 -1.2914895868706644 -6.321826601929779 -4.904150637082658 9.623098836359237 16.282042934254157 30.170638238283328 12.247625466328707 14.760641972808358 4.042708952665552 8.419161519393047 -4.352149859826478 -1.3821170931014783 15.251041755002415 3.087686617496799 6.895732361109204 -2.7173806012915236 0.9049228841297463 16.783148464428983 -5.477578249104642 2.6555107943759637 -1.796901730233813 -11.270813979845274 -9.121324684355583 -12.631102660318446 -3.577383630632003
20.080160320641284 6.091832784023783 -2.7899960291754944 0.6850747488623554 -1.2828490626416311 -6.313186077700763 -4.895510112853625 9.63173936058827 16.29068345848319 30.179278762512357 12.25626599055774 14.769282497037391 4.0513494768945675 8.42780204362208 -4.343509335597445 -1.373476568872445 15.25968227923143 3.0963271417258325 6.904372885338237 -2.708740077062508 0.9135634083587796 16.791788988658016 -5.468937724875627 2.664151318604997 -1.7882612060047975 -11.26217345561624 -9.11268416012655 -12.62246213608943 -3.5687431064029873
20.140280561122243 6.100418385347606 -2.7814104278516716 0.6936603501861605 -1.274263461317826 -6.30460047637694 -4.886924511529802 9.640324961912093 16.299269059806996 30.187864363836173 12.264851591881563 14.777868098361214 4.05993507821839 8.436387644945903 -4.334923734273622 -1.36489096754864 15.268267880555253 3.1049127430496375 6.912958486662042 -2.7001544757386853 0.9221490096826024 16.80037458998182 -5.460352123551804 2.672736919928802 -1.7796756046809747 -11.253587854292435 -9.104098558802745 -12.613876534765607 -3.5601575050791645
20.200400801603205 6.108949028120119 -2.7728797850791587 0.7021909929586734 -1.2657328185452954 -6.296069833604427 -4.878393868757289 9.648855604684606 16.307799702579526 30.196395006608693 12.273382234654076 14.786398741133727 4.068465720990903 8.444918287718416 -4.326393091501109 -1.3563603247761093 15.276798523327766 3.1134433858221504 6.921489129434573 -2.6916238329661724 0.9306796524551153 16.808905232754352 -5.451821480779291 2.6812675627013327 -1.7711449619084618 -11.245057211519923 -9.095567916030232 -12.605345891993094 -3.5516268623066516
20.260521042084168 6.117424881221432 -2.7644039319778457 0.7106668460599863 -1.2572569654440002 -6.2875939805031145 -4.869918015655976 9.657331457785919 16.31627555568082 30.20487085971 12.281858087755388 14.79487459423504 4.076941574092216 8.45339414081971 -4.317917238399796 -1.3478844716748142 15.28527437642908 3.1219192389234633 6.929964982535868 -2.6831479798648594 0.9391555055564282 16.817381085855647 -5.443345627677978 2.689743415802628 -1.7626691088071489 -11.23658135841861 -9.08709206292892 -12.596870038891781 -3.5431510092053387
20.32064128256513 6.125846621989588 -2.7559821912096893 0.7190885868281605 -1.248835224675826 -6.27917223973494 -4.86149627488782 9.665753198554075 16.324697296448996 30.213292600478166 12.290279828523545 14.803296335003196 4.08536331486039 8.461815881587885 -4.30949549763164 -1.33946273090664 15.293696117197253 3.1303409796916375 6.938386723304042 -2.674726239096703 0.9475772463245846 16.82580282662382 -5.4349238869098215 2.698165156570802 -1.7542473680389925 -11.228159617650435 -9.078670322160745 -12.588448298123625 -3.5347292684371645
20.38076152304609 6.1342143351131995 -2.7476144780860956 0.7274562999517542 -1.2404675115522323 -6.270804526611347 -4.853128561764226 9.674120911677669 16.33306500957259 30.221660313601756 12.298647541647139 14.81166404812679 4.093731027983984 8.470183594711479 -4.301127784508046 -1.3310950177830463 15.302063830320847 3.1387086928152312 6.946754436427636 -2.6663585259730915 0.9559449594481784 16.834170539747415 -5.42655617378621 2.7065328696943958 -1.745879654915381 -11.219791904526842 -9.070302609037151 -12.580080585000013 -3.5263615553135708
20.440881763527052 6.142529121455116 -2.7392996917441614 0.7357710862936706 -1.232152725210316 -6.26248974026943 -4.844813775422292 9.682435698019603 16.341379795914506 30.229975099943683 12.306962327989073 14.819978834468724 4.1020458143259 8.478498381053413 -4.292812998166112 -1.3227802314411121 15.310378616662764 3.1470234791571476 6.955069222769552 -2.658043739631175 0.9642597457901125 16.84248532608933 -5.418241387444294 2.714847656036312 -1.7375648685734646 -11.211477118184925 -9.061987822695235 -12.571765798658097 -3.5180467689716544
20.501002004008015 6.150791361831338 -2.731037451367939 0.7440333266698929 -1.223890484834076 -6.254227499893208 -4.83655153504607 9.690697938395825 16.349642036290746 30.238237340319916 12.315224568365295 14.828241074844946 4.110308054702123 8.486760621429635 -4.28455075778989 -1.3145179910648899 15.318640857038986 3.15528571953337 6.963331463145792 -2.649781499254953 0.9725219861663348 16.85074756646557 -5.409979147068071 2.723109896412552 -1.7293026281972423 -11.203214877808703 -9.053725582319013 -12.563503558281875 -3.509784528595432
20.561122244488978 6.159001521250573 -2.7228272919487218 0.752243486089128 -1.2156803254148585 -6.246017340473973 -4.828341375626852 9.698908097815043 16.357852195709963 30.24644749973914 12.32343472778453 14.836451234264182 4.118518214121358 8.494970780848853 -4.276340598370672 -1.3063078316456724 15.326851016458221 3.163495878952605 6.9715416225650095 -2.6415713398357177 0.98073214558557 16.85895772588479 -5.401768987648836 2.7313200558317696 -1.7210924687780071 -11.195004718389468 -9.045515422899777 -12.55529339886264 -3.501574369176197
20.62124248496994 6.167159660801058 -2.714669152398219 0.7604016256396307 -1.207522185864356 -6.23785920092347 -4.82018323607635 9.707066237365545 16.366010335260466 30.254605639289633 12.331592867335015 14.844609373814666 4.1266763536718605 8.503128920399355 -4.26818245882017 -1.2981496920951698 15.335009156008724 3.1716540185031077 6.979699762115512 -2.633413200285215 0.9888902851360548 16.86711586543529 -5.393610848098334 2.739478195382272 -1.7129343292275223 -11.186846578838965 -9.037357283349275 -12.547135259312137 -3.4934162296256943
20.6813627254509 6.175266078685944 -2.7065627345133336 0.7685080435245162 -1.1994157679794704 -6.229752783038602 -4.812076818191464 9.71517265525043 16.37411675314535 30.26271205717452 12.3396992852199 14.852715791699552 4.134782771556728 8.51123533828424 -4.260076040935284 -1.2900432742102843 15.343115573893591 3.179760436387993 6.987806180000398 -2.6253067824003473 0.9969967030209403 16.875222283320177 -5.385504430213466 2.7475846132671577 -1.7048279113426368 -11.17874016095408 -9.02925086546439 -12.53902884142727 -3.4853098117408265
