web/models/kne/8/mosfit_kn_0.002817_0.2493_10.0000.dat
# %ECSV 1.0
# ---
# datatype:
# - {name: time, datatype: float64}
# - {name: PS1_g, datatype: float64}
# - {name: PS1_i, datatype: float64}
# - {name: PS1_r, datatype: float64}
# - {name: PS1_w, datatype: float64}
# - {name: PS1_y, datatype: float64}
# - {name: PS1_z, datatype: float64}
# - {name: swift_uvot_B, datatype: float64}
# - {name: swift_uvot_U, datatype: float64}
# - {name: swift_uvot_uvm2, datatype: float64}
# - {name: swift_uvot_uvw1, datatype: float64}
# - {name: swift_uvot_uvw2, datatype: float64}
# - {name: swift_uvot_V, datatype: float64}
# - {name: johnson_B, datatype: float64}
# - {name: johnson_I, datatype: float64}
# - {name: johnson_R, datatype: float64}
# - {name: johnson_U, datatype: float64}
# - {name: johnson_V, datatype: float64}
# - {name: sdss_g, datatype: float64}
# - {name: sdss_i, datatype: float64}
# - {name: sdss_r, datatype: float64}
# - {name: sdss_u, datatype: float64}
# - {name: sdss_z, datatype: float64}
# - {name: ATLAS_c, datatype: float64}
# - {name: ATLAS_o, datatype: float64}
# - {name: ukirt_H, datatype: float64}
# - {name: ukirt_J, datatype: float64}
# - {name: ukirt_K, datatype: float64}
# - {name: Clear, datatype: float64}
# meta: !!omap
# - comment: [kappa = 10.0, type = rprocess, mass = 0.0028172691138521437, velocity = 0.24933333333333338, theta_obs = 0.0, tfloor = 1000.0]
# schema: astropy-2.0
time PS1_g PS1_i PS1_r PS1_w PS1_y PS1_z swift_uvot_B swift_uvot_U swift_uvot_uvm2 swift_uvot_uvw1 swift_uvot_uvw2 swift_uvot_V johnson_B johnson_I johnson_R johnson_U johnson_V sdss_g sdss_i sdss_r sdss_u sdss_z ATLAS_c ATLAS_o ukirt_H ukirt_J ukirt_K Clear
[from data line 383]
23.086172344689377 13.83390183870647 4.952073025507193 8.427143803545043 6.4592199920410565 1.4288829769819245 2.8465589418290627 17.373808415270958 24.032752513165878 37.92134781719505 19.998335045240427 22.51135155172008 11.793418531577256 16.169871098304768 3.3985597190852426 6.368592485810242 23.00175133391413 10.83839619640852 14.646441940020924 5.0333289776201795 8.655632463041467 24.533858043340704 2.273131329807061 10.406220373287685 5.95380784867789 -3.520104400933554 -1.370615105443863 -4.880393081406742 4.1733259482797
23.14629258517034 13.844827819902985 4.962999006703708 8.438069784741558 6.470145973237571 1.4398089581784568 2.857484923025577 17.384734396467472 24.043678494362393 37.93227379839156 20.00926102643695 22.522277532916593 11.804344512773788 16.180797079501282 3.409485700281757 6.379518467006757 23.012677315110643 10.849322177605034 14.657367921217439 5.044254958816694 8.666558444237982 24.54478402453722 2.2840573110035756 10.4171463544842 5.964733829874405 -3.5091784197370393 -1.3596891242473483 -4.869467100210228 4.184251929476233
23.206412825651302 13.855732776134904 4.973903962935626 8.448974740973476 6.48105092946949 1.4507139144103753 2.868389879257496 17.39563935269939 24.05458345059431 37.94317875462348 20.020165982668868 22.53318248914852 11.815249469005707 16.1917020357332 3.4203906565136757 6.390423423238675 23.023582271342562 10.860227133836952 14.668272877449358 5.055159915048613 8.6774634004699 24.555688980769137 2.294962267235512 10.428051310716118 5.975638786106323 -3.4982734635051207 -1.3487841680154298 -4.858562143978292 4.195156885708151
23.266533066132265 13.866616768551374 4.984787955352097 8.459858733389929 6.491934921885942 1.461597906826828 2.8792738716739663 17.40652334511586 24.065467443010775 37.95406274703995 20.03104997508532 22.544066481564972 11.82613346142216 16.202586028149653 3.431274648930146 6.401307415655128 23.034466263759022 10.871111126253405 14.67915686986581 5.066043907465083 8.68834739288637 24.5665729731856 2.3058462596519647 10.43893530313257 5.986522778522794 -3.487389471088668 -1.337900175598977 -4.847678151561839 4.206040878124604
23.326653306613224 13.87747986149689 4.9956510482976135 8.470721826335446 6.502798014831477 1.4724609997723448 2.890136964619483 17.417386438061378 24.076330535956288 37.96492583998547 20.041913068030848 22.5549295745105 11.836996554367676 16.213449121095188 3.442137741875663 6.412170508600663 23.04532935670455 10.88197421919894 14.690019962811345 5.0769070004106 8.699210485831887 24.577436066131114 2.3167093525974813 10.449798396078105 5.99738587146831 -3.4765263781431335 -1.3270370826534603 -4.836815058616322 4.216903971070121
23.386773547094187 13.888322115519358 5.006493302320081 8.48156408035793 6.513640268853944 1.4833032537948299 2.9009792186419503 17.428228692083845 24.087172789978766 37.97576809400794 20.052755322053326 22.565771828532977 11.847838808390161 16.224291375117655 3.45297999589813 6.42301276262313 23.056171610727013 10.892816473221407 14.700862216833812 5.087749254433085 8.710052739854355 24.58827832015359 2.3275516066199664 10.460640650100572 6.008228125490778 -3.465684124120666 -1.3161948286309753 -4.825972804593837 4.227746225092606
23.44689378757515 13.899143594732486 5.017314781533209 8.492385559571058 6.524461748067072 1.4941247330079577 2.911800697855078 17.439050171296973 24.097994269191894 37.98658957322107 20.063576801266453 22.576593307746094 11.85866028760329 16.235112854330783 3.463801475111258 6.433834241836258 23.06699308994014 10.903637952434535 14.71168369604694 5.098570733646195 8.720874219067483 24.59909979936672 2.3383730858330765 10.4714621293137 6.0190496047039055 -3.4548626449075384 -1.3053733494178474 -4.815151325380727 4.238567704305716
23.507014028056112 13.909944363950828 5.028115550751551 8.503186328789383 6.535262517285414 1.504925502226282 2.92260146707342 17.449850940515315 24.10879503841023 37.99739034243941 20.074377570484785 22.587394076964436 11.869461056821613 16.245913623549125 3.4746022443296 6.4446350110546 23.077793859158483 10.914438721652859 14.722484465265282 5.109371502864537 8.731674988285825 24.609900568585054 2.3491738550514185 10.482262898532042 6.0298503739222475 -3.444061875689214 -1.2945725801995231 -4.804350556162385 4.249368473524058
23.567134268537075 13.920724482578493 5.0388956693791975 8.513966447417047 6.546042635913061 1.5157056208539466 2.933381585701067 17.46063105914298 24.119575157037882 38.00817046106706 20.08515768911244 22.59817419559209 11.880241175449278 16.256693742176772 3.4853823629572647 6.455415129682247 23.08857397778614 10.925218840280523 14.733264583892929 5.120151621492202 8.74245510691349 24.620680687212708 2.359953973679083 10.493043017159689 6.040630492549912 -3.4332817570615495 -1.2837924615718586 -4.79357043753472 4.260148592151722
23.627254509018034 13.931484015381841 5.049655202182564 8.524725980220396 6.556802168716409 1.5264651536572948 2.944141118504433 17.471390591946328 24.13033468984124 38.01892999387041 20.095917221915798 22.60893372839544 11.891000708252626 16.267453274980138 3.496141895760613 6.466174662485595 23.09933351058949 10.935978373083872 14.744024116696277 5.13091115429555 8.753214639716838 24.631440220016067 2.3707135064824314 10.503802549963037 6.05139002535326 -3.422522224258201 -1.2730329287685103 -4.782810904731372 4.270908124955071
23.687374749498996 13.942223024436231 5.060394211236954 8.535464989274786 6.567541177770817 1.537204162711685 2.9548801275588232 17.482129601000718 24.14107369889563 38.0296690029248 20.106656230970188 22.61967273744984 11.901739717307017 16.278192284034528 3.506880904815003 6.476913671540003 23.11007251964388 10.946717382138262 14.754763125750667 5.14165016334994 8.763953648771228 24.642179229070457 2.3814525155368216 10.514541559017427 6.062129034407651 -3.411783215203811 -1.26229391971412 -4.772071895676982 4.281647134009461
23.74749498997996 13.952941570572186 5.071112757372909 8.54618353541074 6.578259723906754 1.54792270884764 2.965598673694778 17.492848147136673 24.151792245031587 38.04038754906076 20.117374777106132 22.630391283585784 11.912458263442971 16.288910830170465 3.517599450950958 6.48763221767594 23.120791065779834 10.957435928274217 14.765481671886622 5.152368709485895 8.774672194907183 24.652897775206412 2.3921710616727765 10.525260105153382 6.0728475805436055 -3.401064669067856 -1.2515753735781652 -4.761353349541027 4.292365680145416
23.80761523046092 13.963639717174203 5.081810903974926 8.556881682012758 6.588957870508789 1.5586208554496572 2.9762968202967954 17.50354629373869 24.162490391633604 38.051085695662785 20.12807292370816 22.64108943018781 11.923156410044989 16.2996089767725 3.5282975975529753 6.498330364277975 23.131489212381858 10.968134074876252 14.776179818488657 5.163066856087912 8.7853703415092 24.66359592180843 2.4028692082747938 10.535958251755417 6.083545727145623 -3.390366522465821 -1.2408772269761479 -4.75065520293901 4.303063826747433
23.867735470941884 13.97431752430748 5.092488711108203 8.567559489146035 6.599635677642048 1.5692986625829342 2.9869746274300724 17.514224100871967 24.17316819876688 38.06176350279605 20.138750730841437 22.65176723732109 11.933834217178266 16.310286783905777 3.5389754046862523 6.509008171411252 23.142167019515128 10.978811882009511 14.786857625621916 5.173744663221189 8.796048148642477 24.674273728941706 2.4135470154080707 10.546636058888677 6.0942235342789 -3.379688715332562 -1.230199419842871 -4.739977395805733 4.31374163388071
23.927855711422843 13.984975056214353 5.103146243015075 8.578217021052907 6.610293209548921 1.5799561944898066 2.997632159336945 17.52488163277884 24.183825730673753 38.07242103470292 20.14940826274831 22.66242476922796 11.944491749085138 16.32094431581265 3.5496329365931247 6.5196657033181245 23.152824551422 10.989469413916384 14.797515157528789 5.184402195128062 8.80670568054935 24.68493126084858 2.424204547314943 10.557293590795549 6.104881066185772 -3.3690311834256894 -1.2195418879359985 -4.72931986389886 4.324399165787582
23.987975951903806 13.995612372720103 5.113783559520826 8.588854337558676 6.620930526054689 1.5905935109955571 3.0082694758426953 17.53551894928459 24.19446304717951 38.083058351208685 20.16004557925406 22.67306208573371 11.955129065590889 16.3315816323184 3.5602702530988752 6.530303019823875 23.163461867927758 11.000106730422152 14.808152474034557 5.195039511633812 8.8173429970551 24.695568577354337 2.4348418638206937 10.567930907301317 6.115518382691523 -3.358393866919921 -1.2089045714302302 -4.71868254739311 4.335036482293333
24.04809619238477 14.006229532928103 5.1244007197288255 8.599471497766658 6.631547686262689 1.6012106712035568 3.018886636050695 17.54613610949259 24.205080207387503 38.09367551141667 20.17066273946206 22.68367924594171 11.965746225798888 16.3421987925264 3.570887413306875 6.540920180031875 23.174079028135758 11.010723890630134 14.818769634242557 5.205656671841812 8.8279601572631 24.70618573756233 2.4454590240286933 10.578548067509317 6.126135542899522 -3.3477767067119393 -1.1982874112222484 -4.70806538718511 4.345653642501333
24.10821643286573 14.01682660247415 5.1349977892748555 8.610068567312705 6.642144755808719 1.6118077407496045 3.029483705596725 17.55673317903862 24.21567727693354 38.10427258096272 20.1812598090081 22.694276315487752 11.976343295344936 16.35279586207243 3.5814844828529226 6.551517249577905 23.1846760976818 11.021320960176181 14.829366703788587 5.21625374138786 8.838557226809147 24.716782807108366 2.456056093574741 10.589145137055347 6.13673261244557 -3.3371796371658915 -1.1876903416762006 -4.697468317639062 4.35625071204738
24.168336673346694 14.027403639374523 5.145574826175245 8.620645604213077 6.652721792709091 1.6223847776499767 3.040060742497115 17.56731021593901 24.22625431383392 38.114849617863094 20.191836845908472 22.704853352388124 11.986920332245308 16.363372898972802 3.592061519753295 6.562094286478277 23.19525313458217 11.031897997076554 14.839943740688959 5.226830778288232 8.84913426370952 24.727359844008745 2.4666331304751132 10.599722173955719 6.147309649345942 -3.3266026002655193 -1.1771133047758284 -4.68689128073869 4.3668277489477525
24.228456913827653 14.037960704976875 5.15613189177758 8.63120266981543 6.663278858311443 1.632941843252329 3.0506178080994673 17.577867281541362 24.236811379436276 38.12540668346545 20.20239391151082 22.715410417990473 11.99747739784766 16.373929964575154 3.602618585355647 6.572651352080629 23.205810200184523 11.042455062678906 14.850500806291311 5.237387843890584 8.859691329311872 24.7379169096111 2.4771901960774656 10.610279239558071 6.157866714948295 -3.316045534663167 -1.166556239173476 -4.676334215136338 4.377384814550105
24.288577154308616 14.048497861610478 5.166669048411201 8.64173982644905 6.673816014945064 1.6434789998859323 3.0611549647330705 17.588404438174965 24.24734853606988 38.13594384009906 20.212931068144435 22.725947574624087 12.008014554481264 16.384467121208775 3.6131557419892504 6.58318850871425 23.216347356818133 11.052992219312527 14.861037962924932 5.247925000524187 8.870228485945475 24.748454066244705 2.487727352711069 10.620816396191692 6.168403871581898 -3.305508378029546 -1.1560190825398728 -4.665797058502735 4.387921971183708
24.34869739478958 14.059015167041071 5.177186353841794 8.652257131879626 6.684333320375657 1.6539963053165252 3.0716722701636634 17.59892174360556 24.257865841500468 38.14646114552965 20.223448373575028 22.73646488005468 12.018531859911857 16.39498442663937 3.6236730474198433 6.593705814144843 23.22686466224873 11.06350952474312 14.871555268355525 5.25844230595478 8.880745791376068 24.758971371675294 2.4982446581416617 10.631333701622285 6.178921177012491 -3.294991072598953 -1.14550177710928 -4.655279753072142 4.398439276614301
24.40881763527054 14.069512683801282 5.1876838706020045 8.662754648639837 6.69483083713585 1.6644938220767358 3.082169786923874 17.60941926036577 24.26836335826068 38.15695866228985 20.23394589033524 22.746962396814883 12.029029376672067 16.40548194339958 3.634170564180054 6.604203330905036 23.23736217900893 11.074007041503313 14.882052785115718 5.268939822714991 8.891243308136279 24.769468888435505 2.5087421749018723 10.641831218382478 6.189418693772701 -3.2844935558387602 -1.1350042603490693 -4.644782236311931 4.408936793374512
24.468937875751504 14.07999047077979 5.198161657580513 8.673232435618345 6.705308624114359 1.6749716090552447 3.092647573902383 17.619897047344278 24.27884114523919 38.16743644926836 20.244423677313737 22.75744018379339 12.039507163650576 16.41595973037807 3.644648351158563 6.614681117883545 23.24783996598744 11.084484828481822 14.892530572094227 5.2794176096935 8.901721095114787 24.779946675414017 2.519219961880381 10.652309005360987 6.19989648075121 -3.2740157688602514 -1.1245264733705604 -4.634304449333422 4.4194145803530205
24.529058116232463 14.090448590032825 5.208619776833547 8.683690554871397 6.715766743367411 1.6854297283082964 3.103105693155417 17.63035516659731 24.289299264492232 38.1778945685214 20.25488179656679 22.767898303046433 12.049965282903628 16.42641784963112 3.6551064704115968 6.6251392371365965 23.258298085240483 11.094942947734873 14.902988691347279 5.289875728946534 8.912179214367821 24.790404794667058 2.529678081133415 10.662767124614039 6.210354600004244 -3.2635576496071996 -1.1140683541175087 -4.623846330080388 4.429872699606072
24.589178356713425 14.100887101845299 5.219058288646021 8.694129066683853 6.726205255179867 1.6958682401207525 3.1135442049678907 17.640793678409786 24.299737776304696 38.18833308033387 20.26532030837925 22.7783368148589 12.060403794716084 16.436856361443578 3.6655449822240707 6.635577748949053 23.268736597052946 11.10538145954733 14.913427203159735 5.300314240759008 8.922617726180295 24.80084330647952 2.540116592945889 10.673205636426495 6.220793111816718 -3.2531191377947435 -1.1036298423050526 -4.613407818267914 4.440311211418528
24.649298597194388 14.111306064209455 5.2294772510101595 8.70454802904801 6.736624217544023 1.7062872024849085 3.123963167332029 17.651212640773924 24.310156738668844 38.19875204269802 20.275739270743404 22.788755777223056 12.07082275708024 16.447275323807734 3.675963944588209 6.645996711313209 23.27915555941709 11.115800421911485 14.92384616552389 5.3107332031231635 8.933036688544433 24.81126226884367 2.550535555310045 10.68362459879065 6.231212074180874 -3.2427001754305875 -1.0932108799408966 -4.602988855903758 4.450730173782684
24.70941883767535 14.12170553787142 5.239876724672126 8.714947502709975 6.747023691205989 1.7166866761468746 3.134362640993995 17.66161211443589 24.32055621233081 38.20915151635999 20.286138744405367 22.79915525088502 12.081222230742206 16.4576747974697 3.686363418250175 6.656396184975175 23.28955503307907 11.126199895573452 14.934245639185857 5.32113267678513 8.9434361622064 24.821661742505636 2.560935028972011 10.694024072452617 6.24161154784284 -3.2323007017686214 -1.0828114062789305 -4.592589382241792 4.4611296474446505
24.769539078156313 14.132085579245164 5.2502567660458865 8.725327544083719 6.75740373257975 1.7270667175206178 3.144742682367756 17.67199215580965 24.330936253704564 38.21953155773374 20.29651878577912 22.809535292258772 12.09160227211595 16.46805483884346 3.696743459623936 6.666776226348936 23.29993507445281 11.136579936947195 14.9446256805596 5.331512718158873 8.95381620358016 24.83204178387939 2.5713150703457544 10.704404113826378 6.251991589216583 -3.2219206603948782 -1.0724313649051873 -4.582209340868049 4.471509688818394
