web/models/kne/8/mosfit_kn_0.014776_0.1553_0.5000.dat
# %ECSV 1.0
# ---
# datatype:
# - {name: time, datatype: float64}
# - {name: PS1_g, datatype: float64}
# - {name: PS1_i, datatype: float64}
# - {name: PS1_r, datatype: float64}
# - {name: PS1_w, datatype: float64}
# - {name: PS1_y, datatype: float64}
# - {name: PS1_z, datatype: float64}
# - {name: swift_uvot_B, datatype: float64}
# - {name: swift_uvot_U, datatype: float64}
# - {name: swift_uvot_uvm2, datatype: float64}
# - {name: swift_uvot_uvw1, datatype: float64}
# - {name: swift_uvot_uvw2, datatype: float64}
# - {name: swift_uvot_V, datatype: float64}
# - {name: johnson_B, datatype: float64}
# - {name: johnson_I, datatype: float64}
# - {name: johnson_R, datatype: float64}
# - {name: johnson_U, datatype: float64}
# - {name: johnson_V, datatype: float64}
# - {name: sdss_g, datatype: float64}
# - {name: sdss_i, datatype: float64}
# - {name: sdss_r, datatype: float64}
# - {name: sdss_u, datatype: float64}
# - {name: sdss_z, datatype: float64}
# - {name: ATLAS_c, datatype: float64}
# - {name: ATLAS_o, datatype: float64}
# - {name: ukirt_H, datatype: float64}
# - {name: ukirt_J, datatype: float64}
# - {name: ukirt_K, datatype: float64}
# - {name: Clear, datatype: float64}
# meta: !!omap
# - comment: [kappa = 0.5, type = rprocess, mass = 0.014775890654408853, velocity = 0.15533333333333332, theta_obs = 0.0, tfloor = 1000.0]
# schema: astropy-2.0
time PS1_g PS1_i PS1_r PS1_w PS1_y PS1_z swift_uvot_B swift_uvot_U swift_uvot_uvm2 swift_uvot_uvw1 swift_uvot_uvw2 swift_uvot_V johnson_B johnson_I johnson_R johnson_U johnson_V sdss_g sdss_i sdss_r sdss_u sdss_z ATLAS_c ATLAS_o ukirt_H ukirt_J ukirt_K Clear
[from data line 348]
20.98196392785571 8.945241707004072 0.06341289380479509 3.538483671842645 1.5705598603386584 -3.4597771547204736 -2.0421011898733354 12.48514828356856 19.14409238146348 33.032687685492654 15.10967491353803 17.62269142001768 6.904758399874857 11.28121096660237 -1.4901004126171555 1.4799323541078444 18.11309120221172 5.949736064706122 9.757781808318526 0.1446688459177814 3.766972331339069 19.645197911638306 -2.615528801895337 5.5175602415852865 1.065147716975492 -8.408764532635951 -6.2592752371462606 -9.76905321310914 -0.7153341834226978
21.04208416833667 8.95094861300917 0.06911979980989358 3.5441905778477256 1.5762667663437568 -3.454070248715375 -2.036394283868237 12.490855189573658 19.14979928746858 33.03839459149774 15.115381819543128 17.62839832602278 6.9104653058799554 11.286917872607468 -1.484393506612057 1.485639260112943 18.11879810821682 5.955442970711203 9.763488714323625 0.15037575192287989 3.7726792373441675 19.650904817643404 -2.6098218958902386 5.523267147590385 1.0708546229805904 -8.40305762663087 -6.25356833114118 -9.763346307104042 -0.7096272774175993
21.102204408817634 8.956640260382898 0.07481144718360255 3.5498822252214524 1.5819584137174658 -3.4483786013416484 -2.030702636494528 12.496546836947367 19.155490934842287 33.04408623887146 15.121073466916837 17.634089973396488 6.916156953253682 11.292609519981177 -1.478701859238348 1.4913309074866519 18.124489755590545 5.961134618084929 9.769180361697334 0.15606739929660662 3.7783708847178765 19.656596465017113 -2.604130248516512 5.528958794964094 1.0765462703542994 -8.397365979257144 -6.247876683767453 -9.757654659730315 -0.7039356300438726
21.162324649298597 8.962316737950644 0.08048792475136679 3.555558702789199 1.58763489128523 -3.442702123773902 -2.0250261589267637 12.502223314515131 19.16116741241005 33.049762716439226 15.126749944484601 17.639766450964252 6.921833430821429 11.298285997548941 -1.4730253816705838 1.497007385054416 18.130166233158292 5.966811095652694 9.774856839265098 0.1617438768643531 3.7840473622856408 19.662272942584877 -2.5984537709487654 5.534635272531858 1.0822227479220636 -8.39168950168938 -6.242200206199707 -9.751978182162569 -0.6982591524761261
21.22244488977956 8.967979907733437 0.08615109453414149 3.5612218725719913 1.5932980610680048 -3.4370389539911095 -2.019362989143989 12.507886484297924 19.166830582192826 33.055425886222004 15.132413114267393 17.645429620747045 6.927496600604221 11.303949167331716 -1.4673622118877914 1.5026705548371908 18.135829402941084 5.972474265435468 9.780520009047873 0.16740704664714556 3.7897105320684332 19.667936112367652 -2.592790601165973 5.540298442314633 1.087885917704856 -8.386026331906605 -6.236537036416914 -9.746315012379776 -0.6925959826933337
21.28256513026052 8.973625061553445 0.09179624835416789 3.5668670263920177 1.5989432148880312 -3.431393800171083 -2.0137178353239626 12.513531638117932 19.172475736012853 33.06107104004202 15.138058268087402 17.651074774567054 6.9331417544242475 11.309594321151742 -1.4617170580677827 1.5083157086572172 18.14147455676111 5.978119419255495 9.7861651628679 0.1730522004671542 3.795355685888442 19.67358126618768 -2.5871454473459643 5.545943596134659 1.0935310715248647 -8.380381178086578 -6.230891882596888 -9.740669858559768 -0.686950828873325
21.34268537074148 8.97925621033222 0.09742739713294313 3.572498175170793 1.6045743636668064 -3.4257626513923256 -2.0080866865451874 12.519162786896707 19.178106884791628 33.0667021888208 15.143689416866177 17.65670592334583 6.938772903203005 11.315225469930517 -1.4560859092890075 1.5139468574359924 18.147105705539868 5.98375056803427 9.791796311646674 0.17868334924592943 3.800986834667217 19.679212414966454 -2.581514298567189 5.5515747449134345 1.09916222030364 -8.374750029307803 -6.2252607338181125 -9.735038709780993 -0.6813196800945498
21.402805611222444 8.984872807863002 0.10304399466372516 3.578114772701557 1.6101909611975707 -3.4201460538615436 -2.0024700890144054 12.52477938442749 19.183723482322392 33.07231878635157 15.14930601439696 17.66232252087661 6.944389500733787 11.320842067461282 -1.4504693117582255 1.5195634549667567 18.15272230307065 5.989367165565034 9.797412909177439 0.18429994677671147 3.806603432197999 19.684829012497218 -2.575897701036407 5.557191342444199 1.104778817834422 -8.369133431777039 -6.219644136287348 -9.72942211225021 -0.6757030825637678
21.462925851703407 8.990474760328837 0.10864594712954201 3.583716725167392 1.6157929136634053 -3.414544101395709 -1.9968681365485885 12.530381336893306 19.189325434788227 33.077920738817404 15.154907966862794 17.667924473342445 6.949991453199622 11.326444019927116 -1.4448673592923909 1.5251654074325913 18.158324255536485 5.994969118030869 9.803014861643273 0.18990189924254608 3.8122053846638337 19.690430964963053 -2.5702957485705724 5.562793294910033 1.1103807703002566 -8.363531479311204 -6.214042183821514 -9.723820159784376 -0.6701011300979332
21.52304609218437 8.99606210415934 0.11423329096006185 3.5893040689979117 1.6213802574939251 -3.408956757565189 -1.9912807927180687 12.535968680723826 19.194912778618747 33.08350808264792 15.160495310693296 17.673511817172948 6.9555787970301415 11.332031363757636 -1.4392800154618888 1.5307527512631112 18.163911599367005 6.000556461861389 9.808602205473793 0.19548924307304816 3.817792728494336 19.696018308793573 -2.5647084047400703 5.568380638740553 1.1159681141307587 -8.357944135480684 -6.208454839990994 -9.718232815953874 -0.6645137862674133
21.58316633266533 9.00163491035542 0.11980609715612545 3.5948768751939753 1.6269530636899887 -3.4033839513691255 -1.985707986522005 12.54154148691989 19.20048558481481 33.08908088884399 15.16606811688936 17.67908462336901 6.961151603226205 11.3376041699537 -1.4337072092658252 1.5363255574591748 18.169484405563068 6.006129268057452 9.814175011669857 0.20106204926912952 3.8233655346903994 19.701591114989636 -2.559135598543989 5.573953444936617 1.12154092032684 -8.35237132928462 -6.20288203379493 -9.712660009757792 -0.6589409800713497
21.64328657314629 9.007193261501563 0.12536444830228533 3.6004352263401174 1.6325114148361486 -3.3978256002229834 -1.9801496353758452 12.54709983806605 19.206043935960963 33.09463923999014 15.17162646803552 17.68464297451517 6.966709954372347 11.34316252109986 -1.4281488581196653 1.5418839086053346 18.17504275670921 6.011687619203594 9.819733362815999 0.20662040041527163 3.8289238858365593 19.707149466135796 -2.553577247397847 5.579511796082777 1.1270992714729822 -8.346812978138479 -6.197323682648788 -9.70710165861165 -0.6533826289252076
21.703406813627254 9.012737244450744 0.13090843125146634 3.605979209289316 1.6380553977853296 -3.3922816172738024 -1.9746056524266642 12.55264382101523 19.21158791891014 33.10018322293932 15.1771704509847 17.690186957464352 6.972253937321528 11.34870650404904 -1.4226048751704843 1.5474278915545157 18.18058673965839 6.017231602152793 9.825277345765198 0.21216438336445265 3.8344678687857403 19.712693449084977 -2.548033264448666 5.585055779031958 1.1326432544221632 -8.34126899518928 -6.191779699699607 -9.70155767566247 -0.6478386459760266
21.763527054108216 9.018266941860471 0.13643812866119376 3.6115089066990436 1.643585095195057 -3.386751919864057 -1.9690759550169368 12.558173518424958 19.21711761631988 33.10571292034905 15.182700148394428 17.69571665487408 6.977783634731273 11.354236201458768 -1.4170751777607569 1.552957588964243 18.186116437068137 6.022761299562521 9.830807043174925 0.21769408077418007 3.8399975661954677 19.718223146494704 -2.5425035670389384 5.590585476441685 1.1381729518318906 -8.335739297779552 -6.186250002289862 -9.696027978252742 -0.6423089485662814
21.82364729458918 9.023782439903965 0.14195362670468725 3.6170244047425193 1.6491005932385328 -3.3812364218205815 -1.9635604569734433 12.563689016468452 19.22263311436336 33.111228418392535 15.188215646437921 17.701232152917573 6.983299132774749 11.359751699502262 -1.4115596797172634 1.5584730870077188 18.191631935111612 6.028276797605996 9.8363225412184 0.22320957881767356 3.845513064238961 19.72373864453818 -2.536988068995445 5.596100974485161 1.143688449875384 -8.330223799736077 -6.180734504246386 -9.690512480209248 -0.6367934505228057
21.883767535070138 9.029283828398462 0.14745501519916715 3.622525793237017 1.6546019817330304 -3.375735033326084 -1.9580590684789634 12.569190404962931 19.228134502857852 33.11672980688703 15.193717034932419 17.70673354141207 6.988800521269247 11.365253087996741 -1.4060582912227657 1.5639744755022165 18.19713332360611 6.033778186100494 9.841823929712898 0.22871096731217122 3.851014452733459 19.729240033032678 -2.5314866805009473 5.6016023629796585 1.1491898383698818 -8.324722411241579 -6.1752331157518885 -9.68501109171475 -0.631292062028308
21.9438877755511 9.034771187224457 0.15294237402518007 3.628013152063012 1.6600893405590256 -3.3702476745000887 -1.9525717096529505 12.574677763788944 19.233621861683858 33.12221716571303 15.199204393758414 17.712220900238066 6.994287880095242 11.370740446822737 -1.4005709323967706 1.5694618343282116 18.202620682432105 6.039265544926489 9.847311288538894 0.23419832613816638 3.856501811559454 19.734727391858673 -2.525999321674952 5.607089721805654 1.154677197195877 -8.319235052415584 -6.169745756925893 -9.679523732888756 -0.6258047032023129
22.004008016032063 9.040244602206062 0.158415789006785 3.633486567044617 1.6655627555406483 -3.3647742595184837 -1.9470982946713455 12.58015117877055 19.23909527666546 33.12769058069463 15.20467780874002 17.71769431521967 6.999761295076847 11.37621386180436 -1.3950975174151656 1.5749352493098343 18.20809409741371 6.044738959908094 9.852784703520499 0.2396717411197713 3.861975226541059 19.740200806840296 -2.520525906693347 5.612563136787276 1.1601506121774818 -8.313761637433979 -6.164272341944288 -9.67405031790715 -0.6203312882207079
22.064128256513026 9.045704162238621 0.16387534903932632 3.638946127077176 1.6710223155731896 -3.3593146994859246 -1.9416387346388042 12.58561073880309 19.24455483669801 33.13315014072718 15.21013736877256 17.723153875252212 7.005220855109406 11.3816734218369 -1.3896379573826243 1.5803948093423756 18.21355365744627 6.050198519940653 9.858244263553058 0.2451313011523304 3.8674347865736003 19.745660366872837 -2.515066346660788 5.618022696819818 1.1656101722100232 -8.30830207740142 -6.158812781911729 -9.668590757874592 -0.6148717281881488
22.12424849699399 9.051149945123775 0.16932113192449805 3.64439190996233 1.6764680984583613 -3.3538689166007707 -1.9361929517536325 12.591056521688262 19.250000619583176 33.13859592361235 15.215583151657732 17.728599658137384 7.01066663799456 11.387119204722072 -1.3841921744974526 1.5858405922275474 18.218999440331423 6.055644302825807 9.86369004643823 0.25057708403748435 3.872880569458772 19.75110614975801 -2.509620563775634 5.623468479704989 1.171055955095195 -8.302856294516266 -6.153366999026575 -9.663144974989438 -0.6094259453029949
22.184368737474948 9.05658203643025 0.1747532232309723 3.649824001268822 1.6819001897648356 -3.3484368252942964 -1.9307608604471582 12.596488612994737 19.255432710889657 33.14402801491883 15.221015242964206 17.734031749443858 7.016098729301034 11.392551296028547 -1.3787600831909783 1.5912726835340216 18.224431531637897 6.061076394132299 9.869122137744704 0.2560091753439586 3.8783126607652463 19.756538241064483 -2.50418847246916 5.628900571011464 1.1764880464016692 -8.297424203209774 -6.147934907720083 -9.657712883682963 -0.6039938539965206
22.24448897795591 9.06200051712867 0.18017170392937487 3.6552424819672247 1.6873186704632381 -3.343018344595876 -1.9253423797487557 12.60190709369314 19.26085119158806 33.14944649561724 15.226433723662627 17.73945023014228 7.0215172099994545 11.39796977672695 -1.3733416024925758 1.5966911642324242 18.229850012336318 6.066494874830702 9.874540618443106 0.26142765604237894 3.8837311414636666 19.761956721762886 -2.4987699917707396 5.634319051709866 1.1819065271000895 -8.292005722511371 -6.142516427021681 -9.652294402984543 -0.5985753732981003
22.304609218436873 9.067405470982326 0.1855766577830309 3.6606474358208807 1.6927236243168942 -3.33761339074222 -1.9199374258950996 12.607312047546795 19.266256145441716 33.15485144947089 15.231838677516265 17.744855183995917 7.0269221638531105 11.403374730580605 -1.3679366486389197 1.6020961180860802 18.235254966189974 6.071899828684358 9.879945572296762 0.26683260989603497 3.8891360953173226 19.76736167561654 -2.4933650379170835 5.639724005563522 1.1873114809537455 -8.286600768657715 -6.137111473168025 -9.646889449130887 -0.5931704194444443
22.364729458917836 9.072796979397442 0.19096816619816437 3.666038944236014 1.6981151327320276 -3.3322218823271044 -1.9145459174799662 12.612703555961929 19.27164765385684 33.16024295788602 15.237230185931399 17.75024669241105 7.032313672268226 11.408766238995739 -1.3625451402237863 1.6074876265012137 18.24064647460509 6.077291337099491 9.885337080711896 0.2722241183111507 3.8945276037324383 19.772753184031675 -2.487973529501968 5.645115513978656 1.1927029893688612 -8.281209260242582 -6.131719964752891 -9.641497940715771 -0.5877789110293286
22.4248496993988 9.078175124628203 0.19634631142892545 3.6714170894667753 1.7034932779627887 -3.3268437370963433 -1.909167772249205 12.61808170119269 19.27702579908761 33.165621103116784 15.24260833116216 17.75562483764181 7.037691817498987 11.4141443842265 -1.3571669949930252 1.6128657717319748 18.246024619835868 6.082669482330252 9.890715225942657 0.27760226354191175 3.8999057489631994 19.778131329262436 -2.4825953842712067 5.650493659209417 1.1980811345996223 -8.27583111501182 -6.12634181952213 -9.63611979548501 -0.5824007657985675
22.484969939879758 9.083539987889555 0.20171117469027777 3.67678195272811 1.708858141224141 -3.321478873834991 -1.9038029089878528 12.623446564454042 19.282390662348952 33.17098596637813 15.247973194423512 17.760989700903163 7.04305668076034 11.419509247487852 -1.3518021317316729 1.618230634993327 18.251389483097203 6.088034345591587 9.896080089204009 0.2829671268032641 3.9052706122245517 19.78349619252379 -2.4772305210098544 5.655858522470769 1.2034459978609746 -8.270466251750486 -6.120976956260796 -9.630754932223658 -0.5770359025372152
22.54509018036072 9.088891650684463 0.20706283748518572 3.6821336155230178 1.7142098040190312 -3.316127211040083 -1.8984512461929448 12.62879822724895 19.28774232514386 33.176337629173034 15.25332485721842 17.76634136369807 7.048408343555248 11.424860910282742 -1.346450468936765 1.6235822977882173 18.25674114589211 6.093386008386495 9.9014317519989 0.28831878959817203 3.9106222750194597 19.78884785531868 -2.4718788582149465 5.661210185265659 1.2087976606558826 -8.265114588955578 -6.115625293465888 -9.62540326942875 -0.5716842397423072
22.605210420841683 9.094230190526265 0.2124013773269695 3.6874721553648193 1.7195483438608328 -3.3107886711982815 -1.893112706351161 12.634136767090752 19.293080864985654 33.181676169014835 15.258663397060221 17.771679903539873 7.053746883397049 11.430199450124544 -1.3411119290949634 1.6289208376300188 18.262079685733912 6.098724548228296 9.9067702918407 0.2936573294399736 3.9159608148612612 19.79418639516048 -2.466540318373145 5.666548725107461 1.2141362004976841 -8.259776049113777 -6.110286753624086 -9.620064729586948 -0.5663456999005057
