web/models/kne/8/villar_0.5000_0.0300_10.0000.dat
# %ECSV 1.0
# ---
# datatype:
# - {name: time, datatype: float64}
# - {name: swift_uvot_uvw2, datatype: float64}
# - {name: swift_uvot_uvm2, datatype: float64}
# - {name: swift_uvot_uvw1, datatype: float64}
# - {name: swift_uvot_U, datatype: float64}
# - {name: swift_uvot_B, datatype: float64}
# - {name: swift_uvot_V, datatype: float64}
# - {name: swift_uvot_W, datatype: float64}
# - {name: johnson_U, datatype: float64}
# - {name: johnson_B, datatype: float64}
# - {name: johnson_V, datatype: float64}
# - {name: johnson_R, datatype: float64}
# - {name: johnson_I, datatype: float64}
# - {name: sdss_u, datatype: float64}
# - {name: sdss_g, datatype: float64}
# - {name: sdss_r, datatype: float64}
# - {name: sdss_i, datatype: float64}
# - {name: sdss_z, datatype: float64}
# - {name: PS1_g, datatype: float64}
# - {name: PS1_r, datatype: float64}
# - {name: PS1_i, datatype: float64}
# - {name: PS1_z, datatype: float64}
# - {name: PS1_Y, datatype: float64}
# - {name: PS1_w, datatype: float64}
# - {name: ATLAS_c, datatype: float64}
# - {name: ATLAS_o, datatype: float64}
# - {name: ukirt_J, datatype: float64}
# - {name: ukirt_H, datatype: float64}
# - {name: ukirt_K, datatype: float64}
# - {name: Clear, datatype: float64}
# meta: !!omap
# - comment: [kappa = 10.0, type = villar, mass = 0.5000000000045836, velocity = 0.030000000000000027, theta_obs = 0.0]
# schema: astropy-2.0
time swift_uvot_uvw2 swift_uvot_uvm2 swift_uvot_uvw1 swift_uvot_U swift_uvot_B swift_uvot_V swift_uvot_W johnson_U johnson_B johnson_V johnson_R johnson_I sdss_u sdss_g sdss_r sdss_i sdss_z PS1_g PS1_r PS1_i PS1_z PS1_Y PS1_w ATLAS_c ATLAS_o ukirt_J ukirt_H ukirt_K Clear
[from data line 289]
5.491942 -13.016 -13.411 -14.043 -14.988 -15.393 -15.584 -14.644 -15.069 -15.395 -15.584 -15.597 -15.495 -15.053 -15.473 -15.614 -15.58 -15.477 -15.513 -15.622 -15.588 -15.516 -15.475 -15.569 -15.548 -15.6 -15.137 -14.77 -14.286 -15.545
5.658042 -12.985 -13.38 -14.026 -14.989 -15.406 -15.607 -14.648 -15.072 -15.408 -15.607 -15.627 -15.53 -15.055 -15.49 -15.641 -15.613 -15.513 -15.531 -15.649 -15.621 -15.552 -15.512 -15.595 -15.569 -15.629 -15.178 -14.814 -14.333 -15.57
5.829166 -12.953 -13.348 -14.008 -14.989 -15.419 -15.629 -14.652 -15.074 -15.421 -15.629 -15.656 -15.565 -15.057 -15.505 -15.667 -15.644 -15.549 -15.548 -15.676 -15.653 -15.587 -15.549 -15.62 -15.59 -15.658 -15.22 -14.859 -14.379 -15.595
6.005465 -12.92 -13.314 -13.99 -14.988 -15.431 -15.65 -14.655 -15.075 -15.433 -15.651 -15.685 -15.599 -15.057 -15.521 -15.693 -15.676 -15.584 -15.565 -15.701 -15.684 -15.621 -15.585 -15.645 -15.61 -15.686 -15.261 -14.903 -14.426 -15.619
6.187096 -12.886 -13.279 -13.97 -14.987 -15.442 -15.671 -14.657 -15.076 -15.444 -15.672 -15.713 -15.634 -15.057 -15.535 -15.719 -15.707 -15.619 -15.581 -15.727 -15.715 -15.656 -15.621 -15.67 -15.63 -15.714 -15.302 -14.947 -14.472 -15.643
6.37422 -12.851 -13.243 -13.949 -14.984 -15.452 -15.691 -14.659 -15.075 -15.455 -15.692 -15.741 -15.668 -15.056 -15.55 -15.744 -15.737 -15.654 -15.596 -15.752 -15.746 -15.69 -15.657 -15.694 -15.649 -15.742 -15.342 -14.991 -14.519 -15.666
6.567004 -12.815 -13.205 -13.927 -14.981 -15.462 -15.711 -14.661 -15.074 -15.464 -15.712 -15.769 -15.702 -15.054 -15.563 -15.768 -15.768 -15.689 -15.611 -15.776 -15.776 -15.724 -15.693 -15.718 -15.667 -15.769 -15.383 -15.034 -14.565 -15.689
6.765619 -12.779 -13.167 -13.905 -14.976 -15.471 -15.73 -14.662 -15.072 -15.474 -15.732 -15.796 -15.735 -15.052 -15.576 -15.792 -15.798 -15.723 -15.626 -15.8 -15.806 -15.757 -15.729 -15.741 -15.685 -15.795 -15.423 -15.078 -14.611 -15.711
6.97024 -12.742 -13.126 -13.881 -14.971 -15.479 -15.749 -14.662 -15.069 -15.482 -15.751 -15.822 -15.768 -15.048 -15.588 -15.815 -15.827 -15.757 -15.639 -15.824 -15.836 -15.79 -15.764 -15.764 -15.703 -15.822 -15.463 -15.121 -14.657 -15.733
7.181051 -12.703 -13.085 -13.856 -14.964 -15.486 -15.767 -14.662 -15.065 -15.49 -15.769 -15.849 -15.801 -15.043 -15.599 -15.838 -15.856 -15.79 -15.653 -15.847 -15.865 -15.823 -15.799 -15.786 -15.719 -15.847 -15.503 -15.164 -14.702 -15.755
7.398237 -12.665 -13.042 -13.83 -14.957 -15.493 -15.784 -14.662 -15.06 -15.497 -15.787 -15.874 -15.833 -15.038 -15.61 -15.861 -15.885 -15.824 -15.665 -15.87 -15.894 -15.856 -15.833 -15.808 -15.736 -15.873 -15.543 -15.207 -14.748 -15.776
7.621991 -12.625 -12.998 -13.803 -14.949 -15.499 -15.801 -14.661 -15.055 -15.503 -15.804 -15.9 -15.865 -15.031 -15.62 -15.883 -15.913 -15.856 -15.677 -15.892 -15.923 -15.888 -15.868 -15.83 -15.751 -15.897 -15.582 -15.25 -14.794 -15.796
7.852513 -12.584 -12.952 -13.775 -14.94 -15.504 -15.817 -14.659 -15.048 -15.508 -15.82 -15.925 -15.897 -15.024 -15.629 -15.904 -15.941 -15.889 -15.688 -15.913 -15.951 -15.92 -15.902 -15.85 -15.766 -15.922 -15.621 -15.292 -14.839 -15.816
8.090007 -12.543 -12.905 -13.745 -14.93 -15.509 -15.833 -14.657 -15.041 -15.513 -15.836 -15.949 -15.928 -15.016 -15.638 -15.925 -15.969 -15.921 -15.698 -15.934 -15.978 -15.951 -15.935 -15.871 -15.781 -15.946 -15.66 -15.335 -14.884 -15.836
8.334684 -12.502 -12.856 -13.715 -14.919 -15.512 -15.847 -14.654 -15.032 -15.517 -15.852 -15.973 -15.959 -15.006 -15.646 -15.945 -15.996 -15.953 -15.708 -15.955 -16.005 -15.982 -15.969 -15.891 -15.795 -15.969 -15.699 -15.377 -14.929 -15.855
8.586761 -12.459 -12.806 -13.684 -14.907 -15.515 -15.862 -14.65 -15.023 -15.52 -15.866 -15.996 -15.99 -14.996 -15.653 -15.965 -16.022 -15.985 -15.717 -15.975 -16.032 -16.013 -16.002 -15.91 -15.808 -15.992 -15.737 -15.419 -14.974 -15.874
8.846461 -12.416 -12.754 -13.651 -14.893 -15.517 -15.875 -14.646 -15.012 -15.523 -15.88 -16.019 -16.02 -14.984 -15.66 -15.984 -16.048 -16.016 -15.725 -15.994 -16.058 -16.043 -16.034 -15.929 -15.82 -16.014 -15.775 -15.461 -15.019 -15.892
9.114017 -12.373 -12.701 -13.617 -14.879 -15.518 -15.889 -14.642 -15.001 -15.524 -15.894 -16.042 -16.05 -14.972 -15.665 -16.003 -16.074 -16.047 -15.733 -16.013 -16.084 -16.073 -16.067 -15.947 -15.832 -16.036 -15.813 -15.503 -15.064 -15.91
9.389664 -12.329 -12.646 -13.583 -14.864 -15.519 -15.901 -14.637 -14.988 -15.525 -15.907 -16.064 -16.079 -14.959 -15.67 -16.021 -16.099 -16.077 -15.74 -16.031 -16.11 -16.103 -16.099 -15.965 -15.843 -16.058 -15.851 -15.544 -15.109 -15.927
9.673648 -12.284 -12.59 -13.547 -14.847 -15.518 -15.913 -14.631 -14.975 -15.525 -15.919 -16.085 -16.108 -14.944 -15.674 -16.039 -16.124 -16.107 -15.746 -16.049 -16.134 -16.132 -16.131 -15.983 -15.854 -16.079 -15.888 -15.586 -15.153 -15.944
9.966221 -12.239 -12.532 -13.509 -14.83 -15.517 -15.924 -14.624 -14.96 -15.524 -15.93 -16.106 -16.137 -14.929 -15.678 -16.055 -16.148 -16.137 -15.752 -16.066 -16.159 -16.161 -16.162 -15.999 -15.864 -16.099 -15.925 -15.627 -15.198 -15.96
10.267642 -12.194 -12.473 -13.471 -14.811 -15.514 -15.934 -14.617 -14.944 -15.522 -15.941 -16.127 -16.165 -14.912 -15.68 -16.072 -16.172 -16.166 -15.756 -16.082 -16.183 -16.189 -16.193 -16.016 -15.873 -16.119 -15.962 -15.668 -15.242 -15.976
10.57818 -12.149 -12.412 -13.432 -14.792 -15.511 -15.943 -14.61 -14.928 -15.519 -15.951 -16.146 -16.193 -14.894 -15.682 -16.087 -16.195 -16.195 -15.76 -16.098 -16.206 -16.217 -16.224 -16.031 -15.882 -16.138 -15.999 -15.709 -15.286 -15.991
10.89811 -12.103 -12.349 -13.391 -14.771 -15.507 -15.952 -14.601 -14.91 -15.515 -15.96 -16.166 -16.22 -14.875 -15.683 -16.103 -16.218 -16.223 -15.763 -16.114 -16.229 -16.245 -16.254 -16.046 -15.89 -16.157 -16.035 -15.749 -15.33 -16.006
11.227716 -12.057 -12.285 -13.349 -14.749 -15.502 -15.96 -14.593 -14.891 -15.511 -15.969 -16.185 -16.247 -14.855 -15.683 -16.117 -16.24 -16.251 -15.766 -16.128 -16.252 -16.272 -16.284 -16.061 -15.897 -16.175 -16.071 -15.789 -15.373 -16.02
11.56729 -12.011 -12.219 -13.306 -14.726 -15.496 -15.968 -14.583 -14.871 -15.505 -15.977 -16.203 -16.274 -14.834 -15.682 -16.131 -16.262 -16.279 -15.767 -16.142 -16.274 -16.298 -16.314 -16.075 -15.903 -16.192 -16.107 -15.83 -15.417 -16.034
11.917135 -11.965 -12.151 -13.262 -14.701 -15.489 -15.974 -14.573 -14.849 -15.499 -15.984 -16.22 -16.3 -14.812 -15.681 -16.144 -16.283 -16.306 -15.768 -16.156 -16.295 -16.325 -16.343 -16.088 -15.909 -16.209 -16.142 -15.869 -15.46 -16.047
12.277561 -11.92 -12.081 -13.216 -14.676 -15.482 -15.98 -14.562 -14.827 -15.491 -15.99 -16.237 -16.326 -14.788 -15.678 -16.156 -16.304 -16.332 -15.768 -16.168 -16.316 -16.35 -16.372 -16.101 -15.914 -16.226 -16.178 -15.909 -15.504 -16.059
12.648887 -11.874 -12.01 -13.169 -14.649 -15.473 -15.985 -14.55 -14.803 -15.483 -15.996 -16.254 -16.351 -14.763 -15.675 -16.168 -16.324 -16.359 -15.767 -16.181 -16.337 -16.376 -16.4 -16.113 -15.918 -16.241 -16.213 -15.949 -15.547 -16.071
13.031444 -11.829 -11.937 -13.121 -14.621 -15.463 -15.989 -14.538 -14.778 -15.474 -16.0 -16.27 -16.376 -14.737 -15.67 -16.179 -16.344 -16.384 -15.765 -16.192 -16.356 -16.401 -16.428 -16.125 -15.921 -16.257 -16.247 -15.988 -15.59 -16.083
13.425571 -11.784 -11.862 -13.072 -14.592 -15.452 -15.993 -14.525 -14.752 -15.463 -16.004 -16.285 -16.4 -14.71 -15.665 -16.189 -16.363 -16.41 -15.762 -16.203 -16.376 -16.425 -16.456 -16.136 -15.924 -16.271 -16.281 -16.027 -15.633 -16.093
13.831619 -11.74 -11.785 -13.021 -14.561 -15.44 -15.995 -14.511 -14.725 -15.452 -16.007 -16.299 -16.424 -14.681 -15.659 -16.199 -16.381 -16.435 -15.758 -16.212 -16.394 -16.449 -16.483 -16.146 -15.925 -16.285 -16.315 -16.066 -15.675 -16.104
14.249947 -11.696 -11.707 -12.969 -14.529 -15.427 -15.997 -14.497 -14.696 -15.439 -16.01 -16.313 -16.447 -14.651 -15.652 -16.208 -16.399 -16.459 -15.754 -16.222 -16.413 -16.472 -16.51 -16.155 -15.926 -16.298 -16.349 -16.104 -15.718 -16.113
14.680926 -11.653 -11.626 -12.916 -14.495 -15.413 -15.998 -14.482 -14.666 -15.426 -16.011 -16.327 -16.469 -14.62 -15.643 -16.216 -16.416 -16.483 -15.748 -16.23 -16.43 -16.495 -16.536 -16.164 -15.926 -16.311 -16.382 -16.142 -15.76 -16.122
15.124941 -11.611 -11.544 -12.861 -14.461 -15.398 -15.997 -14.466 -14.635 -15.411 -16.012 -16.339 -16.492 -14.587 -15.634 -16.223 -16.433 -16.506 -15.742 -16.238 -16.447 -16.517 -16.562 -16.172 -15.925 -16.323 -16.415 -16.181 -15.802 -16.131
15.582385 -11.569 -11.459 -12.805 -14.424 -15.381 -15.996 -14.449 -14.602 -15.395 -16.011 -16.351 -16.513 -14.553 -15.624 -16.23 -16.448 -16.529 -15.734 -16.245 -16.463 -16.539 -16.588 -16.18 -15.924 -16.334 -16.448 -16.218 -15.844 -16.138
16.053663 -11.529 -11.372 -12.748 -14.386 -15.364 -15.994 -14.432 -14.568 -15.378 -16.01 -16.362 -16.534 -14.517 -15.612 -16.235 -16.464 -16.551 -15.726 -16.251 -16.479 -16.56 -16.612 -16.187 -15.921 -16.344 -16.48 -16.256 -15.885 -16.146
16.539195 -11.49 -11.284 -12.689 -14.347 -15.345 -15.991 -14.413 -14.532 -15.36 -16.007 -16.373 -16.555 -14.48 -15.6 -16.24 -16.478 -16.573 -15.716 -16.256 -16.493 -16.581 -16.637 -16.193 -15.917 -16.354 -16.512 -16.293 -15.927 -16.152
17.039412 -11.452 -11.193 -12.629 -14.306 -15.325 -15.987 -14.394 -14.495 -15.341 -16.004 -16.382 -16.575 -14.441 -15.586 -16.244 -16.492 -16.594 -15.706 -16.26 -16.508 -16.601 -16.661 -16.198 -15.913 -16.363 -16.543 -16.33 -15.968 -16.158
17.554757 -11.415 -11.1 -12.567 -14.264 -15.303 -15.982 -14.374 -14.456 -15.32 -16.0 -16.391 -16.594 -14.401 -15.571 -16.247 -16.505 -16.615 -15.694 -16.264 -16.521 -16.621 -16.684 -16.202 -15.907 -16.371 -16.574 -16.366 -16.009 -16.163
18.085689 -11.38 -11.004 -12.503 -14.22 -15.281 -15.976 -14.353 -14.416 -15.298 -15.994 -16.399 -16.613 -14.359 -15.555 -16.249 -16.517 -16.634 -15.681 -16.267 -16.534 -16.639 -16.707 -16.206 -15.901 -16.378 -16.605 -16.403 -16.05 -16.167
18.632678 -11.346 -10.907 -12.439 -14.174 -15.257 -15.969 -14.331 -14.374 -15.275 -15.988 -16.406 -16.631 -14.316 -15.538 -16.251 -16.529 -16.654 -15.668 -16.268 -16.546 -16.658 -16.729 -16.209 -15.893 -16.384 -16.635 -16.439 -16.091 -16.171
19.196211 -11.314 -10.807 -12.372 -14.127 -15.231 -15.961 -14.309 -14.331 -15.25 -15.98 -16.413 -16.648 -14.271 -15.52 -16.251 -16.54 -16.672 -15.652 -16.269 -16.557 -16.675 -16.751 -16.21 -15.884 -16.39 -16.664 -16.474 -16.131 -16.173
19.776787 -11.283 -10.704 -12.304 -14.077 -15.204 -15.951 -14.285 -14.285 -15.224 -15.972 -16.418 -16.665 -14.223 -15.5 -16.25 -16.55 -16.69 -15.636 -16.269 -16.567 -16.692 -16.772 -16.211 -15.875 -16.395 -16.694 -16.51 -16.171 -16.176
20.374923 -11.254 -10.599 -12.235 -14.026 -15.176 -15.94 -14.26 -14.238 -15.197 -15.962 -16.423 -16.681 -14.175 -15.479 -16.248 -16.559 -16.707 -15.619 -16.267 -16.577 -16.708 -16.792 -16.212 -15.864 -16.398 -16.722 -16.545 -16.211 -16.177
20.991149 -11.227 -10.492 -12.163 -13.973 -15.146 -15.928 -14.234 -14.189 -15.168 -15.951 -16.427 -16.696 -14.124 -15.456 -16.245 -16.567 -16.724 -15.6 -16.265 -16.585 -16.723 -16.812 -16.211 -15.851 -16.401 -16.751 -16.579 -16.25 -16.177
21.626011 -11.202 -10.382 -12.09 -13.918 -15.115 -15.915 -14.207 -14.138 -15.137 -15.938 -16.429 -16.71 -14.071 -15.432 -16.241 -16.574 -16.74 -15.58 -16.261 -16.593 -16.738 -16.831 -16.209 -15.838 -16.403 -16.778 -16.613 -16.29 -16.177
22.280075 -11.178 -10.269 -12.015 -13.861 -15.082 -15.9 -14.178 -14.085 -15.105 -15.924 -16.431 -16.724 -14.016 -15.406 -16.236 -16.58 -16.754 -15.558 -16.257 -16.6 -16.751 -16.849 -16.206 -15.823 -16.404 -16.806 -16.647 -16.329 -16.175
22.953921 -11.156 -10.153 -11.939 -13.801 -15.047 -15.884 -14.149 -14.03 -15.071 -15.909 -16.431 -16.737 -13.959 -15.379 -16.229 -16.586 -16.769 -15.535 -16.251 -16.605 -16.764 -16.867 -16.202 -15.807 -16.403 -16.832 -16.68 -16.367 -16.173
23.648147 -11.136 -10.034 -11.86 -13.74 -15.01 -15.867 -14.118 -13.973 -15.035 -15.893 -16.431 -16.749 -13.9 -15.35 -16.221 -16.59 -16.782 -15.511 -16.244 -16.61 -16.776 -16.884 -16.197 -15.79 -16.402 -16.858 -16.713 -16.405 -16.17
24.363369 -11.117 -9.913 -11.779 -13.676 -14.971 -15.847 -14.086 -13.914 -14.998 -15.875 -16.429 -16.76 -13.839 -15.32 -16.212 -16.593 -16.794 -15.485 -16.236 -16.614 -16.787 -16.9 -16.191 -15.771 -16.399 -16.884 -16.746 -16.443 -16.166
25.100222 -11.1 -9.788 -11.697 -13.61 -14.931 -15.827 -14.053 -13.852 -14.958 -15.855 -16.426 -16.77 -13.775 -15.287 -16.202 -16.595 -16.805 -15.457 -16.226 -16.616 -16.797 -16.915 -16.183 -15.751 -16.395 -16.908 -16.778 -16.481 -16.16
25.859362 -11.085 -9.661 -11.612 -13.541 -14.888 -15.804 -14.018 -13.788 -14.917 -15.834 -16.422 -16.779 -13.708 -15.253 -16.19 -16.596 -16.816 -15.428 -16.215 -16.618 -16.806 -16.929 -16.175 -15.729 -16.39 -16.932 -16.809 -16.518 -16.154
26.64146 -11.072 -9.53 -11.525 -13.469 -14.844 -15.78 -13.982 -13.721 -14.873 -15.811 -16.417 -16.787 -13.639 -15.217 -16.176 -16.596 -16.825 -15.397 -16.202 -16.618 -16.814 -16.942 -16.165 -15.705 -16.384 -16.956 -16.84 -16.555 -16.147
27.447213 -11.059 -9.396 -11.436 -13.395 -14.797 -15.754 -13.944 -13.652 -14.828 -15.786 -16.41 -16.794 -13.568 -15.179 -16.161 -16.594 -16.834 -15.364 -16.188 -16.617 -16.821 -16.955 -16.153 -15.68 -16.376 -16.978 -16.87 -16.592 -16.138
28.277335 -11.049 -9.259 -11.345 -13.318 -14.748 -15.727 -13.904 -13.579 -14.78 -15.76 -16.402 -16.799 -13.493 -15.139 -16.144 -16.591 -16.841 -15.33 -16.172 -16.614 -16.827 -16.966 -16.14 -15.653 -16.366 -17.0 -16.9 -16.628 -16.128
29.132564 -11.039 -9.118 -11.251 -13.238 -14.696 -15.697 -13.863 -13.504 -14.73 -15.731 -16.392 -16.804 -13.416 -15.096 -16.126 -16.586 -16.847 -15.293 -16.155 -16.61 -16.831 -16.977 -16.126 -15.624 -16.356 -17.021 -16.929 -16.663 -16.117
30.013659 -11.031 -8.974 -11.155 -13.155 -14.642 -15.665 -13.82 -13.426 -14.677 -15.701 -16.381 -16.807 -13.335 -15.052 -16.106 -16.58 -16.852 -15.254 -16.136 -16.605 -16.835 -16.986 -16.11 -15.593 -16.343 -17.041 -16.958 -16.698 -16.105
30.921401 -11.024 -8.827 -11.056 -13.068 -14.585 -15.631 -13.775 -13.345 -14.621 -15.668 -16.368 -16.809 -13.251 -15.004 -16.084 -16.573 -16.855 -15.214 -16.115 -16.598 -16.837 -16.994 -16.093 -15.56 -16.329 -17.06 -16.985 -16.733 -16.091
31.856598 -11.017 -8.676 -10.954 -12.978 -14.525 -15.595 -13.728 -13.26 -14.563 -15.633 -16.353 -16.81 -13.164 -14.955 -16.059 -16.564 -16.857 -15.171 -16.092 -16.59 -16.837 -17.001 -16.073 -15.525 -16.313 -17.079 -17.012 -16.767 -16.076
32.820079 -11.012 -8.523 -10.849 -12.884 -14.463 -15.556 -13.679 -13.172 -14.502 -15.596 -16.336 -16.809 -13.073 -14.902 -16.033 -16.553 -16.858 -15.125 -16.067 -16.58 -16.836 -17.006 -16.052 -15.487 -16.295 -17.096 -17.039 -16.8 -16.059
33.8127 -11.007 -8.366 -10.742 -12.787 -14.397 -15.515 -13.628 -13.08 -14.438 -15.556 -16.318 -16.806 -12.978 -14.847 -16.005 -16.54 -16.857 -15.078 -16.04 -16.568 -16.834 -17.01 -16.029 -15.447 -16.276 -17.112 -17.064 -16.833 -16.041
34.835342 -11.003 -8.206 -10.631 -12.685 -14.328 -15.471 -13.574 -12.984 -14.371 -15.514 -16.298 -16.802 -12.879 -14.789 -15.974 -16.525 -16.854 -15.027 -16.011 -16.554 -16.83 -17.013 -16.004 -15.405 -16.254 -17.127 -17.089 -16.865 -16.021
35.888913 -11.002 -8.143 -10.587 -12.644 -14.3 -15.453 -13.553 -12.946 -14.344 -15.497 -16.29 -16.801 -12.839 -14.765 -15.962 -16.52 -16.854 -15.008 -15.999 -16.548 -16.828 -17.015 -15.994 -15.388 -16.245 -17.134 -17.099 -16.878 -16.014
36.974349 -11.003 -8.143 -10.588 -12.645 -14.301 -15.454 -13.554 -12.946 -14.345 -15.498 -16.29 -16.802 -12.84 -14.766 -15.962 -16.52 -16.855 -15.008 -16.0 -16.549 -16.829 -17.015 -15.995 -15.389 -16.246 -17.134 -17.1 -16.879 -16.014
38.092613 -11.003 -8.143 -10.588 -12.645 -14.301 -15.454 -13.554 -12.946 -14.345 -15.498 -16.29 -16.802 -12.84 -14.766 -15.962 -16.52 -16.855 -15.008 -16.0 -16.549 -16.829 -17.015 -15.995 -15.389 -16.246 -17.134 -17.1 -16.879 -16.014
