web/models/kne/20/Metzger_0.111556_0.435172_0.450000.dat
# %ECSV 0.9
# ---
# datatype:
# - {name: time, datatype: float64}
# - {name: sdss_u, datatype: float64}
# - {name: sdss_g, datatype: float64}
# - {name: sdss_r, datatype: float64}
# - {name: sdss_i, datatype: float64}
# - {name: sdss_z, datatype: float64}
# - {name: PS1_y, datatype: float64}
# - {name: ukirt_J, datatype: float64}
# - {name: ukirt_H, datatype: float64}
# - {name: ukirt_K, datatype: float64}
# - {name: johnson_U, datatype: float64}
# - {name: johnson_B, datatype: float64}
# - {name: johnson_V, datatype: float64}
# - {name: johnson_R, datatype: float64}
# - {name: johnson_I, datatype: float64}
# - {name: Clear, datatype: float64}
# meta: !!omap
# - comment: [vej = 0.43517241379310345, mej = 0.11155639876849505, Ye = 0.45, redshift = 0.0]
# schema: astropy-2.0
time sdss_u sdss_g sdss_r sdss_i sdss_z PS1_y ukirt_J ukirt_H ukirt_K johnson_U johnson_B johnson_V johnson_R johnson_I Clear
[from data line 2666]
133.400000 558.210304 406.536115 310.432597 249.190134 211.727685 188.241209 140.528585 97.905099 69.734627 540.033029 448.831122 350.792456 298.728538 207.949969 306.582650
133.450000 558.417318 406.689488 310.551913 249.287700 211.811920 188.317073 140.587394 97.948590 69.767918 540.233620 448.999464 350.926083 298.843701 208.032858 306.700600
133.500000 558.624329 406.842859 310.671227 249.385265 211.896154 188.392935 140.646202 97.992080 69.801210 540.434207 449.167804 351.059709 298.958862 208.115747 306.818548
133.550000 558.831337 406.996227 310.790539 249.482829 211.980387 188.468796 140.705009 98.035569 69.834501 540.634791 449.336140 351.193332 299.074022 208.198633 306.936495
133.600000 559.038341 407.149593 310.909850 249.580390 212.064618 188.544655 140.763815 98.079058 69.867791 540.835372 449.504474 351.326954 299.189179 208.281519 307.054439
133.650000 559.245342 407.302957 311.029158 249.677951 212.148848 188.620514 140.822621 98.122547 69.901082 541.035950 449.672805 351.460573 299.304335 208.364404 307.172382
133.700000 559.452339 407.456317 311.148465 249.775510 212.233077 188.696372 140.881425 98.166034 69.934372 541.236524 449.841134 351.594190 299.419489 208.447287 307.290323
133.750000 559.659333 407.609676 311.267770 249.873067 212.317305 188.772229 140.940229 98.209522 69.967662 541.437095 450.009459 351.727805 299.534641 208.530169 307.408262
133.800000 559.866324 407.763032 311.387073 249.970623 212.401531 188.848084 140.999032 98.253009 70.000951 541.637663 450.177782 351.861418 299.649791 208.613050 307.526199
133.850000 560.073311 407.916385 311.506374 250.068178 212.485756 188.923939 141.057835 98.296495 70.034240 541.838227 450.346102 351.995028 299.764940 208.695929 307.644135
133.900000 560.280294 408.069736 311.625673 250.165731 212.569980 188.999792 141.116636 98.339981 70.067529 542.038788 450.514420 352.128637 299.880087 208.778808 307.762068
133.950000 560.487274 408.223085 311.744971 250.263283 212.654203 189.075644 141.175437 98.383467 70.100818 542.239346 450.682735 352.262243 299.995232 208.861685 307.880000
134.000000 560.694251 408.376431 311.864267 250.360833 212.738425 189.151496 141.234237 98.426952 70.134106 542.439900 450.851046 352.395848 300.110375 208.944561 307.997930
134.050000 560.901224 408.529774 311.983560 250.458382 212.822645 189.227346 141.293037 98.470436 70.167394 542.640451 451.019356 352.529450 300.225516 209.027436 308.115858
134.100000 561.108194 408.683116 312.102852 250.555929 212.906864 189.303195 141.351835 98.513920 70.200682 542.840999 451.187662 352.663050 300.340656 209.110310 308.233784
134.150000 561.315160 408.836454 312.222142 250.653475 212.991082 189.379043 141.410633 98.557404 70.233969 543.041544 451.355966 352.796648 300.455794 209.193182 308.351708
134.200000 561.522123 408.989790 312.341430 250.751019 213.075299 189.454890 141.469430 98.600887 70.267256 543.242085 451.524267 352.930244 300.570930 209.276053 308.469631
134.250000 561.729083 409.143124 312.460717 250.848562 213.159514 189.530736 141.528226 98.644370 70.300543 543.442623 451.692565 353.063838 300.686064 209.358923 308.587551
134.300000 561.936039 409.296455 312.580001 250.946103 213.243728 189.606581 141.587022 98.687852 70.333829 543.643157 451.860861 353.197430 300.801197 209.441792 308.705470
134.350000 562.142992 409.449784 312.699284 251.043643 213.327941 189.682424 141.645816 98.731333 70.367115 543.843688 452.029154 353.331019 300.916328 209.524660 308.823387
134.400000 562.349941 409.603111 312.818564 251.141182 213.412153 189.758267 141.704610 98.774814 70.400401 544.044216 452.197444 353.464607 301.031457 209.607526 308.941303
134.450000 562.556887 409.756435 312.937843 251.238719 213.496363 189.834109 141.763404 98.818295 70.433686 544.244741 452.365731 353.598192 301.146584 209.690391 309.059216
134.500000 562.763829 409.909756 313.057120 251.336254 213.580573 189.909949 141.822196 98.861775 70.466971 544.445262 452.534016 353.731775 301.261709 209.773255 309.177128
134.550000 562.970768 410.063075 313.176396 251.433788 213.664781 189.985789 141.880988 98.905254 70.500256 544.645780 452.702298 353.865356 301.376833 209.856118 309.295037
134.600000 563.177704 410.216391 313.295669 251.531321 213.748988 190.061627 141.939779 98.948733 70.533541 544.846295 452.870577 353.998935 301.491955 209.938980 309.412945
134.650000 563.384636 410.369706 313.414940 251.628852 213.833193 190.137464 141.998569 98.992212 70.566825 545.046806 453.038853 354.132512 301.607075 210.021840 309.530851
134.700000 563.591565 410.523017 313.534210 251.726382 213.917398 190.213301 142.057358 99.035690 70.600109 545.247314 453.207127 354.266087 301.722194 210.104700 309.648756
134.750000 563.798490 410.676326 313.653478 251.823910 214.001601 190.289136 142.116147 99.079168 70.633392 545.447819 453.375398 354.399660 301.837310 210.187558 309.766658
134.800000 564.005412 410.829633 313.772744 251.921437 214.085803 190.364970 142.174934 99.122645 70.666676 545.648320 453.543666 354.533231 301.952425 210.270415 309.884559
134.850000 564.212331 410.982937 313.892008 252.018962 214.170004 190.440803 142.233722 99.166122 70.699959 545.848819 453.711932 354.666799 302.067538 210.353270 310.002458
134.900000 564.419246 411.136239 314.011270 252.116486 214.254203 190.516635 142.292508 99.209598 70.733241 546.049314 453.880195 354.800366 302.182649 210.436125 310.120355
134.950000 564.626158 411.289538 314.130531 252.214009 214.338402 190.592466 142.351293 99.253073 70.766524 546.249805 454.048455 354.933930 302.297759 210.518978 310.238250
135.000000 564.833066 411.442835 314.249789 252.311530 214.422599 190.668296 142.410078 99.296549 70.799806 546.450294 454.216713 355.067492 302.412867 210.601830 310.356143
135.050000 565.039971 411.596130 314.369046 252.409049 214.506795 190.744125 142.468862 99.340023 70.833087 546.650779 454.384967 355.201053 302.527973 210.684681 310.474035
135.100000 565.246872 411.749422 314.488301 252.506567 214.590990 190.819952 142.527645 99.383497 70.866369 546.851260 454.553219 355.334611 302.643077 210.767531 310.591925
135.150000 565.453771 411.902711 314.607554 252.604084 214.675183 190.895779 142.586428 99.426971 70.899650 547.051739 454.721469 355.468167 302.758179 210.850379 310.709813
135.200000 565.660665 412.055999 314.726806 252.701599 214.759375 190.971604 142.645210 99.470444 70.932931 547.252214 454.889715 355.601721 302.873280 210.933227 310.827699
135.250000 565.867557 412.209283 314.846055 252.799113 214.843566 191.047429 142.703991 99.513917 70.966211 547.452686 455.057959 355.735272 302.988379 211.016073 310.945583
135.300000 566.074445 412.362566 314.965303 252.896625 214.927756 191.123252 142.762771 99.557389 70.999491 547.653155 455.226200 355.868822 303.103476 211.098918 311.063465
135.350000 566.281329 412.515845 315.084548 252.994136 215.011945 191.199075 142.821550 99.600861 71.032771 547.853620 455.394439 356.002370 303.218571 211.181762 311.181346
135.400000 566.488210 412.669123 315.203792 253.091646 215.096132 191.274896 142.880329 99.644332 71.066051 548.054082 455.562675 356.135915 303.333665 211.264604 311.299225
135.450000 566.695088 412.822398 315.323034 253.189153 215.180318 191.350716 142.939107 99.687803 71.099330 548.254541 455.730908 356.269459 303.448757 211.347446 311.417102
135.500000 566.901963 412.975670 315.442275 253.286660 215.264503 191.426536 142.997884 99.731273 71.132609 548.454997 455.899138 356.403000 303.563847 211.430286 311.534977
135.550000 567.108834 413.128940 315.561513 253.384165 215.348687 191.502354 143.056660 99.774743 71.165888 548.655449 456.067366 356.536539 303.678936 211.513125 311.652851
135.600000 567.315701 413.282208 315.680750 253.481669 215.432870 191.578171 143.115436 99.818212 71.199166 548.855898 456.235591 356.670077 303.794022 211.595963 311.770723
135.650000 567.522566 413.435473 315.799984 253.579171 215.517051 191.653987 143.174211 99.861681 71.232444 549.056344 456.403813 356.803612 303.909107 211.678799 311.888592
135.700000 567.729427 413.588736 315.919217 253.676672 215.601231 191.729802 143.232985 99.905149 71.265722 549.256786 456.572033 356.937145 304.024190 211.761635 312.006460
135.750000 567.936284 413.741996 316.038448 253.774171 215.685410 191.805616 143.291758 99.948617 71.298999 549.457225 456.740250 357.070676 304.139271 211.844469 312.124327
135.800000 568.143138 413.895254 316.157678 253.871669 215.769588 191.881428 143.350531 99.992085 71.332276 549.657661 456.908464 357.204205 304.254351 211.927302 312.242191
135.850000 568.349989 414.048510 316.276905 253.969165 215.853765 191.957240 143.409303 100.035551 71.365553 549.858094 457.076675 357.337731 304.369429 212.010134 312.360054
135.900000 568.556836 414.201763 316.396131 254.066660 215.937940 192.033051 143.468074 100.079018 71.398830 550.058523 457.244884 357.471256 304.484505 212.092965 312.477915
135.950000 568.763680 414.355014 316.515355 254.164153 216.022114 192.108861 143.526844 100.122484 71.432106 550.258950 457.413090 357.604779 304.599579 212.175794 312.595774
136.000000 568.970521 414.508262 316.634577 254.261646 216.106287 192.184669 143.585614 100.165949 71.465382 550.459372 457.581294 357.738299 304.714652 212.258623 312.713631
136.050000 569.177358 414.661508 316.753797 254.359136 216.190459 192.260477 143.644383 100.209414 71.498657 550.659792 457.749495 357.871818 304.829723 212.341450 312.831486
136.100000 569.384192 414.814751 316.873015 254.456625 216.274629 192.336283 143.703151 100.252878 71.531933 550.860209 457.917693 358.005334 304.944792 212.424276 312.949340
136.150000 569.591023 414.967992 316.992232 254.554113 216.358799 192.412089 143.761918 100.296342 71.565208 551.060622 458.085888 358.138849 305.059859 212.507101 313.067192
136.200000 569.797850 415.121230 317.111446 254.651599 216.442967 192.487893 143.820684 100.339806 71.598482 551.261032 458.254081 358.272361 305.174925 212.589924 313.185042
136.250000 570.004674 415.274467 317.230659 254.749084 216.527134 192.563696 143.879450 100.383269 71.631757 551.461438 458.422271 358.405871 305.289989 212.672747 313.302890
136.300000 570.211494 415.427700 317.349870 254.846568 216.611299 192.639499 143.938215 100.426731 71.665031 551.661842 458.590458 358.539379 305.405051 212.755568 313.420737
136.350000 570.418311 415.580932 317.469080 254.944050 216.695464 192.715300 143.996980 100.470193 71.698304 551.862242 458.758643 358.672885 305.520111 212.838388 313.538581
136.400000 570.625125 415.734160 317.588287 255.041530 216.779627 192.791100 144.055743 100.513655 71.731578 552.062639 458.926825 358.806389 305.635170 212.921207 313.656424
136.450000 570.831936 415.887387 317.707493 255.139009 216.863789 192.866899 144.114506 100.557116 71.764851 552.263032 459.095004 358.939891 305.750227 213.004025 313.774265
136.500000 571.038743 416.040611 317.826696 255.236487 216.947950 192.942697 144.173268 100.600576 71.798124 552.463423 459.263181 359.073391 305.865282 213.086842 313.892104
136.550000 571.245546 416.193833 317.945898 255.333963 217.032110 193.018494 144.232029 100.644036 71.831396 552.663810 459.431355 359.206889 305.980335 213.169657 314.009942
136.600000 571.452347 416.347052 318.065098 255.431438 217.116268 193.094290 144.290790 100.687496 71.864668 552.864194 459.599526 359.340385 306.095387 213.252471 314.127778
136.650000 571.659144 416.500269 318.184297 255.528912 217.200426 193.170085 144.349549 100.730955 71.897940 553.064575 459.767695 359.473878 306.210437 213.335284 314.245612
136.700000 571.865937 416.653483 318.303493 255.626384 217.284582 193.245879 144.408308 100.774413 71.931212 553.264952 459.935861 359.607370 306.325485 213.418096 314.363444
136.750000 572.072727 416.806695 318.422688 255.723854 217.368737 193.321672 144.467067 100.817871 71.964483 553.465327 460.104024 359.740859 306.440531 213.500907 314.481274
136.800000 572.279514 416.959905 318.541881 255.821323 217.452890 193.397463 144.525824 100.861329 71.997754 553.665698 460.272185 359.874347 306.555576 213.583716 314.599103
136.850000 572.486298 417.113112 318.661072 255.918791 217.537043 193.473254 144.584581 100.904786 72.031025 553.866065 460.440343 360.007832 306.670619 213.666525 314.716929
136.900000 572.693078 417.266316 318.780261 256.016257 217.621194 193.549044 144.643337 100.948243 72.064295 554.066430 460.608498 360.141316 306.785660 213.749332 314.834754
136.950000 572.899855 417.419519 318.899449 256.113722 217.705344 193.624832 144.702092 100.991699 72.097565 554.266791 460.776650 360.274797 306.900700 213.832138 314.952577
137.000000 573.106629 417.572719 319.018635 256.211185 217.789493 193.700620 144.760847 101.035155 72.130835 554.467149 460.944800 360.408276 307.015737 213.914943 315.070399
137.050000 573.313399 417.725916 319.137818 256.308647 217.873641 193.776406 144.819600 101.078610 72.164104 554.667504 461.112948 360.541753 307.130773 213.997747 315.188218
137.100000 573.520166 417.879112 319.257000 256.406108 217.957787 193.852192 144.878353 101.122064 72.197373 554.867856 461.281092 360.675228 307.245808 214.080549 315.306036
137.150000 573.726929 418.032304 319.376181 256.503567 218.041933 193.927976 144.937106 101.165519 72.230642 555.068204 461.449234 360.808702 307.360840 214.163350 315.423852
137.200000 573.933690 418.185495 319.495359 256.601025 218.126077 194.003759 144.995857 101.208972 72.263911 555.268549 461.617374 360.942173 307.475871 214.246150 315.541667
137.250000 574.140447 418.338683 319.614536 256.698481 218.210220 194.079542 145.054608 101.252426 72.297179 555.468891 461.785510 361.075642 307.590900 214.328949 315.659479
137.300000 574.347200 418.491868 319.733711 256.795936 218.294362 194.155323 145.113358 101.295878 72.330447 555.669230 461.953644 361.209108 307.705927 214.411747 315.777290
137.350000 574.553950 418.645051 319.852884 256.893389 218.378502 194.231103 145.172107 101.339331 72.363714 555.869566 462.121776 361.342573 307.820953 214.494544 315.895099
137.400000 574.760697 418.798232 319.972055 256.990841 218.462642 194.306882 145.230855 101.382783 72.396982 556.069898 462.289904 361.476036 307.935977 214.577339 316.012906
137.450000 574.967441 418.951411 320.091224 257.088292 218.546780 194.382660 145.289603 101.426234 72.430249 556.270227 462.458030 361.609497 308.050999 214.660134 316.130711
137.500000 575.174181 419.104587 320.210392 257.185741 218.630917 194.458437 145.348350 101.469685 72.463515 556.470553 462.626154 361.742956 308.166019 214.742927 316.248515
137.550000 575.380918 419.257760 320.329558 257.283188 218.715053 194.534213 145.407096 101.513135 72.496782 556.670876 462.794274 361.876412 308.281038 214.825719 316.366317
137.600000 575.587652 419.410931 320.448722 257.380635 218.799187 194.609988 145.465842 101.556585 72.530048 556.871195 462.962392 362.009867 308.396055 214.908510 316.484117
137.650000 575.794382 419.564100 320.567884 257.478080 218.883321 194.685762 145.524587 101.600034 72.563314 557.071512 463.130508 362.143319 308.511070 214.991299 316.601915
137.700000 576.001109 419.717267 320.687045 257.575523 218.967453 194.761535 145.583331 101.643483 72.596579 557.271825 463.298621 362.276770 308.626084 215.074088 316.719712
137.750000 576.207833 419.870431 320.806203 257.672965 219.051584 194.837307 145.642074 101.686932 72.629844 557.472135 463.466731 362.410218 308.741096 215.156875 316.837506
137.800000 576.414553 420.023592 320.925360 257.770406 219.135714 194.913078 145.700816 101.730380 72.663109 557.672441 463.634838 362.543665 308.856106 215.239661 316.955299
137.850000 576.621270 420.176752 321.044515 257.867845 219.219842 194.988848 145.759558 101.773827 72.696374 557.872745 463.802943 362.677109 308.971114 215.322446 317.073090
