web/models/kne/20/Metzger_0.024890_0.321724_0.450000.dat
# %ECSV 0.9
# ---
# datatype:
# - {name: time, datatype: float64}
# - {name: sdss_u, datatype: float64}
# - {name: sdss_g, datatype: float64}
# - {name: sdss_r, datatype: float64}
# - {name: sdss_i, datatype: float64}
# - {name: sdss_z, datatype: float64}
# - {name: PS1_y, datatype: float64}
# - {name: ukirt_J, datatype: float64}
# - {name: ukirt_H, datatype: float64}
# - {name: ukirt_K, datatype: float64}
# - {name: johnson_U, datatype: float64}
# - {name: johnson_B, datatype: float64}
# - {name: johnson_V, datatype: float64}
# - {name: johnson_R, datatype: float64}
# - {name: johnson_I, datatype: float64}
# - {name: Clear, datatype: float64}
# meta: !!omap
# - comment: [vej = 0.3217241379310345, mej = 0.024889660212162802, Ye = 0.45, redshift = 0.0]
# schema: astropy-2.0
time sdss_u sdss_g sdss_r sdss_i sdss_z PS1_y ukirt_J ukirt_H ukirt_K johnson_U johnson_B johnson_V johnson_R johnson_I Clear
[from data line 2926]
146.400000 nan 561.726690 431.445346 348.376160 297.535232 265.647167 200.819606 142.823754 104.418382 nan 619.043558 486.167491 415.573410 292.406975 426.224571
146.450000 nan 561.916452 431.593029 348.496971 297.639571 265.741162 200.892530 142.877751 104.459779 nan 619.251814 486.332856 415.715962 292.509651 426.370566
146.500000 nan 562.106211 431.740710 348.617780 297.743909 265.835156 200.965453 142.931749 104.501175 nan 619.460067 486.498220 415.858511 292.612326 426.516559
146.550000 nan 562.295968 431.888389 348.738587 297.848246 265.929149 201.038375 142.985745 104.542571 nan 619.668318 486.663580 416.001059 292.715000 426.662550
146.600000 nan 562.485721 432.036066 348.859392 297.952581 266.023141 201.111297 143.039741 104.583967 nan 619.876565 486.828939 416.143604 292.817673 426.808540
146.650000 nan 562.675472 432.183741 348.980196 298.056915 266.117131 201.184217 143.093737 104.625362 nan 620.084810 486.994295 416.286148 292.920344 426.954527
146.700000 nan 562.865221 432.331413 349.100999 298.161247 266.211121 201.257137 143.147732 104.666757 nan 620.293051 487.159649 416.428690 293.023013 427.100512
146.750000 nan 563.054967 432.479084 349.221799 298.265578 266.305109 201.330055 143.201726 104.708152 nan 620.501290 487.325001 416.571230 293.125682 427.246495
146.800000 nan 563.244710 432.626753 349.342599 298.369908 266.399096 201.402973 143.255720 104.749546 nan 620.709526 487.490350 416.713768 293.228349 427.392476
146.850000 nan 563.434450 432.774420 349.463396 298.474236 266.493081 201.475890 143.309713 104.790940 nan 620.917758 487.655697 416.856304 293.331015 427.538456
146.900000 nan 563.624188 432.922084 349.584192 298.578563 266.587066 201.548806 143.363705 104.832333 nan 621.125988 487.821042 416.998838 293.433679 427.684433
146.950000 nan 563.813923 433.069747 349.704986 298.682888 266.681049 201.621721 143.417697 104.873726 nan 621.334215 487.986384 417.141370 293.536342 427.830408
147.000000 nan 564.003656 433.217408 349.825779 298.787213 266.775032 201.694635 143.471689 104.915118 nan 621.542439 488.151724 417.283900 293.639004 427.976381
147.050000 nan 564.193385 433.365067 349.946570 298.891536 266.869013 201.767549 143.525680 104.956511 nan 621.750660 488.317062 417.426428 293.741664 428.122353
147.100000 nan 564.383113 433.512723 350.067360 298.995857 266.962992 201.840461 143.579670 104.997902 nan 621.958878 488.482398 417.568955 293.844324 428.268322
147.150000 nan 564.572837 433.660378 350.188148 299.100177 267.056971 201.913373 143.633659 105.039294 nan 622.167093 488.647731 417.711479 293.946981 428.414289
147.200000 nan 564.762559 433.808031 350.308934 299.204496 267.150948 201.986283 143.687648 105.080685 nan 622.375305 488.813062 417.854001 294.049638 428.560255
147.250000 nan 564.952278 433.955681 350.429719 299.308814 267.244925 202.059193 143.741637 105.122075 nan 622.583514 488.978391 417.996522 294.152293 428.706218
147.300000 nan 565.141995 434.103330 350.550502 299.413130 267.338900 202.132102 143.795625 105.163466 nan 622.791720 489.143718 418.139041 294.254947 428.852179
147.350000 nan 565.331709 434.250976 350.671283 299.517445 267.432873 202.205011 143.849612 105.204855 nan 622.999924 489.309042 418.281557 294.357599 428.998139
147.400000 nan 565.521420 434.398621 350.792063 299.621758 267.526846 202.277918 143.903599 105.246245 nan 623.208124 489.474364 418.424072 294.460251 429.144096
147.450000 nan 565.711128 434.546264 350.912841 299.726070 267.620817 202.350824 143.957585 105.287634 nan 623.416322 489.639684 418.566585 294.562900 429.290051
147.500000 nan 565.900834 434.693904 351.033618 299.830381 267.714788 202.423730 144.011570 105.329022 nan 623.624516 489.805001 418.709096 294.665549 429.436005
147.550000 nan 566.090538 434.841543 351.154393 299.934690 267.808757 202.496634 144.065555 105.370411 nan 623.832708 489.970316 418.851604 294.768196 429.581956
147.600000 nan 566.280238 434.989179 351.275167 300.038998 267.902725 202.569538 144.119540 105.411799 nan 624.040897 490.135629 418.994111 294.870842 429.727906
147.650000 nan 566.469936 435.136814 351.395939 300.143305 267.996691 202.642441 144.173524 105.453186 nan 624.249082 490.300940 419.136617 294.973487 429.873853
147.700000 nan 566.659632 435.284447 351.516709 300.247611 268.090657 202.715343 144.227507 105.494573 nan 624.457265 490.466248 419.279120 295.076130 430.019799
147.750000 nan 566.849325 435.432077 351.637478 300.351915 268.184621 202.788244 144.281489 105.535960 nan 624.665445 490.631554 419.421621 295.178772 430.165742
147.800000 nan 567.039015 435.579706 351.758245 300.456217 268.278584 202.861145 144.335471 105.577346 nan 624.873622 490.796858 419.564120 295.281412 430.311684
147.850000 nan 567.228702 435.727332 351.879010 300.560519 268.372546 202.934044 144.389453 105.618732 nan 625.081796 490.962159 419.706618 295.384052 430.457623
147.900000 nan 567.418387 435.874957 351.999774 300.664819 268.466507 203.006943 144.443434 105.660118 nan 625.289967 491.127458 419.849113 295.486690 430.603561
147.950000 nan 567.608069 436.022579 352.120537 300.769117 268.560466 203.079840 144.497414 105.701503 nan 625.498136 491.292755 419.991607 295.589326 430.749496
148.000000 nan 567.797749 436.170200 352.241298 300.873415 268.654425 203.152737 144.551394 105.742887 nan 625.706301 491.458050 420.134098 295.691962 430.895430
148.050000 nan 567.987426 436.317819 352.362057 300.977711 268.748382 203.225633 144.605373 105.784272 nan 625.914464 491.623343 420.276588 295.794596 431.041362
148.100000 nan 568.177100 436.465435 352.482814 301.082005 268.842338 203.298528 144.659352 105.825656 nan 626.122623 491.788633 420.419076 295.897228 431.187291
148.150000 nan 568.366772 436.613050 352.603570 301.186298 268.936293 203.371423 144.713330 105.867039 nan 626.330780 491.953921 420.561562 295.999860 431.333219
148.200000 nan 568.556441 436.760662 352.724325 301.290590 269.030246 203.444316 144.767307 105.908422 nan 626.538933 492.119206 420.704046 296.102490 431.479145
148.250000 nan 568.746107 436.908273 352.845078 301.394881 269.124199 203.517209 144.821284 105.949805 nan 626.747084 492.284490 420.846528 296.205119 431.625069
148.300000 nan 568.935771 437.055882 352.965829 301.499170 269.218150 203.590100 144.875260 105.991188 nan 626.955232 492.449771 420.989008 296.307746 431.770991
148.350000 nan 569.125432 437.203488 353.086578 301.603458 269.312100 203.662991 144.929236 106.032570 nan 627.163377 492.615050 421.131486 296.410372 431.916910
148.400000 nan 569.315091 437.351093 353.207326 301.707745 269.406049 203.735881 144.983211 106.073951 nan 627.371519 492.780326 421.273962 296.512997 432.062828
148.450000 nan 569.504747 437.498695 353.328073 301.812030 269.499997 203.808770 145.037185 106.115333 nan 627.579658 492.945601 421.416437 296.615621 432.208744
148.500000 nan 569.694400 437.646296 353.448818 301.916314 269.593943 203.881658 145.091159 106.156713 nan 627.787795 493.110873 421.558909 296.718243 432.354658
148.550000 nan 569.884050 437.793895 353.569561 302.020597 269.687889 203.954546 145.145133 106.198094 nan 627.995928 493.276143 421.701380 296.820864 432.500570
148.600000 nan 570.073698 437.941491 353.690303 302.124878 269.781833 204.027432 145.199105 106.239474 nan 628.204058 493.441410 421.843848 296.923483 432.646480
148.650000 nan 570.263344 438.089086 353.811043 302.229158 269.875776 204.100318 145.253078 106.280854 nan 628.412186 493.606675 421.986315 297.026102 432.792388
148.700000 nan 570.452987 438.236679 353.931782 302.333436 269.969718 204.173202 145.307049 106.322233 nan 628.620311 493.771939 422.128780 297.128719 432.938294
148.750000 nan 570.642627 438.384269 354.052519 302.437713 270.063658 204.246086 145.361020 106.363612 nan 628.828433 493.937199 422.271243 297.231334 433.084199
148.800000 nan 570.832264 438.531858 354.173254 302.541989 270.157598 204.318969 145.414991 106.404990 nan 629.036551 494.102458 422.413704 297.333948 433.230101
148.850000 nan 571.021899 438.679445 354.293988 302.646264 270.251536 204.391852 145.468961 106.446368 nan 629.244667 494.267714 422.556163 297.436562 433.376001
148.900000 nan 571.211532 438.827030 354.414720 302.750537 270.345473 204.464733 145.522930 106.487746 nan 629.452780 494.432968 422.698620 297.539173 433.521899
148.950000 nan 571.401161 438.974612 354.535451 302.854809 270.439409 204.537613 145.576899 106.529124 nan 629.660891 494.598220 422.841075 297.641784 433.667796
149.000000 nan 571.590788 439.122193 354.656180 302.959080 270.533344 204.610493 145.630867 106.570500 nan 629.868998 494.763470 422.983528 297.744393 433.813690
149.050000 nan 571.780413 439.269772 354.776907 303.063349 270.627278 204.683372 145.684835 106.611877 nan 630.077102 494.928717 423.125980 297.847001 433.959582
149.100000 nan 571.970035 439.417349 354.897633 303.167617 270.721210 204.756250 145.738802 106.653253 nan 630.285204 495.093962 423.268429 297.949607 434.105473
149.150000 nan 572.159654 439.564924 355.018357 303.271883 270.815141 204.829127 145.792768 106.694629 nan 630.493303 495.259205 423.410877 298.052212 434.251361
149.200000 nan 572.349271 439.712497 355.139080 303.376149 270.909071 204.902003 145.846734 106.736004 nan 630.701398 495.424446 423.553323 298.154816 434.397248
149.250000 nan 572.538885 439.860067 355.259801 303.480413 271.003000 204.974878 145.900699 106.777380 nan 630.909491 495.589684 423.695767 298.257419 434.543132
149.300000 nan 572.728496 440.007636 355.380521 303.584675 271.096928 205.047752 145.954664 106.818754 nan 631.117581 495.754920 423.838209 298.360020 434.689015
149.350000 nan 572.918105 440.155203 355.501239 303.688936 271.190854 205.120626 146.008628 106.860128 nan 631.325668 495.920154 423.980649 298.462620 434.834896
149.400000 nan 573.107711 440.302768 355.621955 303.793196 271.284780 205.193499 146.062592 106.901502 nan 631.533753 496.085386 424.123087 298.565219 434.980774
149.450000 nan 573.297315 440.450331 355.742670 303.897455 271.378704 205.266371 146.116554 106.942876 nan 631.741834 496.250615 424.265523 298.667816 435.126651
149.500000 nan 573.486916 440.597892 355.863384 304.001712 271.472627 205.339242 146.170517 106.984249 nan 631.949912 496.415842 424.407958 298.770412 435.272526
149.550000 nan 573.676514 440.745451 355.984095 304.105968 271.566549 205.412112 146.224479 107.025622 nan 632.157988 496.581067 424.550390 298.873007 435.418399
149.600000 nan 573.866110 440.893008 356.104806 304.210223 271.660469 205.484981 146.278440 107.066994 nan 632.366061 496.746290 424.692821 298.975600 435.564270
149.650000 nan 574.055703 441.040563 356.225514 304.314476 271.754389 205.557849 146.332401 107.108366 nan 632.574130 496.911510 424.835249 299.078192 435.710139
149.700000 nan 574.245294 441.188116 356.346221 304.418728 271.848307 205.630717 146.386361 107.149737 nan 632.782197 497.076728 424.977676 299.180783 435.856006
149.750000 nan 574.434882 441.335668 356.466927 304.522979 271.942224 205.703584 146.440320 107.191109 nan 632.990262 497.241944 425.120101 299.283373 436.001871
149.800000 nan 574.624467 441.483217 356.587631 304.627228 272.036140 205.776449 146.494279 107.232479 nan 633.198323 497.407158 425.262524 299.385961 436.147734
149.850000 nan 574.814050 441.630764 356.708333 304.731476 272.130055 205.849314 146.548238 107.273850 nan 633.406381 497.572370 425.404945 299.488548 436.293595
149.900000 nan 575.003630 441.778309 356.829034 304.835723 272.223969 205.922179 146.602195 107.315220 nan 633.614437 497.737579 425.547364 299.591134 436.439455
149.950000 nan 575.193208 441.925852 356.949733 304.939968 272.317881 205.995042 146.656153 107.356589 nan 633.822489 497.902786 425.689781 299.693718 436.585312
150.000000 nan 575.382786 442.073396 357.070432 305.044214 272.411794 206.067905 146.710110 107.397959 nan 634.030542 498.067993 425.832199 299.796303 436.731169
