web/models/kne/20/Metzger_0.020089_0.305517_0.100000.dat
# %ECSV 0.9
# ---
# datatype:
# - {name: time, datatype: float64}
# - {name: sdss_u, datatype: float64}
# - {name: sdss_g, datatype: float64}
# - {name: sdss_r, datatype: float64}
# - {name: sdss_i, datatype: float64}
# - {name: sdss_z, datatype: float64}
# - {name: PS1_y, datatype: float64}
# - {name: ukirt_J, datatype: float64}
# - {name: ukirt_H, datatype: float64}
# - {name: ukirt_K, datatype: float64}
# - {name: johnson_U, datatype: float64}
# - {name: johnson_B, datatype: float64}
# - {name: johnson_V, datatype: float64}
# - {name: johnson_R, datatype: float64}
# - {name: johnson_I, datatype: float64}
# - {name: Clear, datatype: float64}
# meta: !!omap
# - comment: [vej = 0.30551724137931036, mej = 0.02008866315339448, Ye = 0.1, redshift = 0.0]
# schema: astropy-2.0
time sdss_u sdss_g sdss_r sdss_i sdss_z PS1_y ukirt_J ukirt_H ukirt_K johnson_U johnson_B johnson_V johnson_R johnson_I Clear
[from data line 985]
49.350000 266.213359 190.661322 142.888338 112.510833 93.966762 82.360894 58.850336 37.964765 24.267364 257.151764 211.714062 162.938627 137.078035 92.098834 140.976867
49.400000 266.492023 190.867495 143.048485 112.641587 94.079500 82.462318 58.928712 38.022439 24.311256 257.421748 211.940464 163.118115 137.232569 92.209753 141.135168
49.450000 266.770669 191.073654 143.208621 112.772333 94.192231 82.563736 59.007083 38.080112 24.355146 257.691713 212.166850 163.297591 137.387094 92.320666 141.293458
49.500000 267.049295 191.279799 143.368748 112.903071 94.304956 82.665148 59.085452 38.137782 24.399036 257.961659 212.393222 163.477056 137.541609 92.431572 141.451739
49.550000 267.327902 191.485931 143.528865 113.033801 94.417674 82.766555 59.163816 38.195449 24.442923 258.231587 212.619578 163.656509 137.696114 92.542472 141.610010
49.600000 267.606490 191.692049 143.688971 113.164524 94.530386 82.867956 59.242176 38.253115 24.486810 258.501497 212.845919 163.835951 137.850609 92.653366 141.768271
49.650000 267.885059 191.898154 143.849068 113.295238 94.643091 82.969352 59.320532 38.310778 24.530696 258.771389 213.072246 164.015381 138.005095 92.764253 141.926523
49.700000 268.163609 192.104245 144.009154 113.425945 94.755790 83.070742 59.398885 38.368438 24.574580 259.041262 213.298557 164.194800 138.159572 92.875134 142.084764
49.750000 268.442141 192.310323 144.169231 113.556644 94.868482 83.172126 59.477234 38.426097 24.618463 259.311117 213.524853 164.374207 138.314038 92.986008 142.242995
49.800000 268.720653 192.516387 144.329297 113.687335 94.981168 83.273505 59.555579 38.483753 24.662344 259.580954 213.751135 164.553603 138.468496 93.096877 142.401217
49.850000 268.999147 192.722438 144.489354 113.818019 95.093848 83.374878 59.633920 38.541407 24.706224 259.850772 213.977401 164.732987 138.622943 93.207739 142.559429
49.900000 269.277622 192.928476 144.649400 113.948695 95.206521 83.476246 59.712257 38.599058 24.750104 260.120572 214.203653 164.912360 138.777382 93.318595 142.717631
49.950000 269.556078 193.134500 144.809437 114.079363 95.319188 83.577608 59.790590 38.656708 24.793981 260.390355 214.429889 165.091722 138.931810 93.429444 142.875823
50.000000 269.834515 193.340511 144.969464 114.210023 95.431848 83.678965 59.868920 38.714355 24.837858 260.660119 214.656111 165.271072 139.086229 93.540288 143.034005
50.050000 270.112933 193.546508 145.129481 114.340676 95.544502 83.780316 59.947245 38.771999 24.881733 260.929865 214.882318 165.450411 139.240639 93.651125 143.192178
50.100000 270.391333 193.752493 145.289488 114.471320 95.657150 83.881661 60.025567 38.829642 24.925607 261.199593 215.108510 165.629739 139.395039 93.761956 143.350341
50.150000 270.669715 193.958463 145.449485 114.601958 95.769791 83.983001 60.103885 38.887282 24.969480 261.469303 215.334688 165.809055 139.549430 93.872780 143.508494
50.200000 270.948077 194.164421 145.609472 114.732587 95.882426 84.084336 60.182200 38.944920 25.013352 261.738995 215.560850 165.988360 139.703811 93.983599 143.666637
50.250000 271.226421 194.370366 145.769449 114.863209 95.995055 84.185665 60.260510 39.002555 25.057222 262.008669 215.786998 166.167654 139.858183 94.094411 143.824771
50.300000 271.504747 194.576297 145.929417 114.993823 96.107677 84.286988 60.338817 39.060189 25.101091 262.278326 216.013132 166.346937 140.012546 94.205217 143.982895
50.350000 271.783054 194.782215 146.089375 115.124430 96.220293 84.388306 60.417120 39.117820 25.144959 262.547964 216.239250 166.526208 140.166899 94.316017 144.141010
50.400000 272.061342 194.988120 146.249323 115.255029 96.332903 84.489619 60.495419 39.175449 25.188825 262.817584 216.465354 166.705468 140.321242 94.426810 144.299114
50.450000 272.339612 195.194012 146.409261 115.385620 96.445506 84.590926 60.573714 39.233075 25.232691 263.087187 216.691443 166.884717 140.475577 94.537598 144.457209
50.500000 272.617864 195.399890 146.569190 115.516204 96.558103 84.692228 60.652006 39.290700 25.276555 263.356772 216.917518 167.063955 140.629902 94.648379 144.615295
50.550000 272.896097 195.605756 146.729108 115.646780 96.670694 84.793524 60.730294 39.348322 25.320418 263.626339 217.143578 167.243182 140.784217 94.759155 144.773371
50.600000 273.174312 195.811608 146.889017 115.777348 96.783279 84.894815 60.808578 39.405941 25.364279 263.895889 217.369624 167.422397 140.938524 94.869924 144.931437
50.650000 273.452508 196.017448 147.048917 115.907909 96.895857 84.996100 60.886858 39.463559 25.408140 264.165420 217.595655 167.601601 141.092821 94.980687 145.089494
50.700000 273.730687 196.223274 147.208806 116.038463 97.008429 85.097380 60.965135 39.521174 25.451999 264.434934 217.821671 167.780795 141.247109 95.091444 145.247541
50.750000 274.008847 196.429088 147.368686 116.169009 97.120995 85.198654 61.043407 39.578788 25.495857 264.704431 218.047673 167.959977 141.401387 95.202194 145.405579
50.800000 274.286988 196.634888 147.528557 116.299547 97.233555 85.299924 61.121677 39.636398 25.539713 264.973909 218.273661 168.139148 141.555657 95.312939 145.563607
50.850000 274.565112 196.840675 147.688417 116.430078 97.346108 85.401187 61.199942 39.694007 25.583569 265.243371 218.499634 168.318308 141.709917 95.423678 145.721626
50.900000 274.843217 197.046450 147.848268 116.560601 97.458655 85.502446 61.278204 39.751614 25.627423 265.512814 218.725593 168.497457 141.864168 95.534410 145.879635
50.950000 275.121304 197.252211 148.008110 116.691117 97.571196 85.603699 61.356462 39.809218 25.671276 265.782240 218.951537 168.676595 142.018409 95.645137 146.037634
51.000000 275.399373 197.457960 148.167942 116.821626 97.683731 85.704946 61.434716 39.866820 25.715128 266.051649 219.177467 168.855723 142.172642 95.755857 146.195625
51.050000 275.677424 197.663696 148.327764 116.952127 97.796260 85.806189 61.512966 39.924420 25.758978 266.321040 219.403383 169.034839 142.326865 95.866572 146.353605
51.100000 275.955457 197.869419 148.487577 117.082620 97.908783 85.907425 61.591213 39.982017 25.802828 266.590414 219.629284 169.213944 142.481079 95.977280 146.511577
51.150000 276.233472 198.075129 148.647380 117.213106 98.021299 86.008657 61.669457 40.039613 25.846676 266.859770 219.855171 169.393038 142.635284 96.087982 146.669539
51.200000 276.511469 198.280826 148.807174 117.343585 98.133809 86.109883 61.747696 40.097206 25.890523 267.129109 220.081044 169.572122 142.789480 96.198679 146.827491
51.250000 276.789447 198.486510 148.966958 117.474056 98.246313 86.211104 61.825932 40.154797 25.934368 267.398431 220.306902 169.751194 142.943667 96.309369 146.985434
51.300000 277.067408 198.692182 149.126732 117.604520 98.358811 86.312320 61.904164 40.212385 25.978213 267.667735 220.532747 169.930256 143.097844 96.420054 147.143368
51.350000 277.345351 198.897841 149.286498 117.734976 98.471303 86.413530 61.982392 40.269972 26.022056 267.937022 220.758577 170.109306 143.252013 96.530732 147.301293
51.400000 277.623277 199.103487 149.446253 117.865425 98.583789 86.514735 62.060617 40.327556 26.065898 268.206291 220.984393 170.288346 143.406172 96.641404 147.459208
51.450000 277.901184 199.309120 149.606000 117.995867 98.696269 86.615935 62.138838 40.385139 26.109739 268.475544 221.210195 170.467375 143.560323 96.752071 147.617113
51.500000 278.179073 199.514741 149.765736 118.126301 98.808742 86.717129 62.217056 40.442719 26.153578 268.744779 221.435982 170.646394 143.714464 96.862731 147.775010
51.550000 278.456945 199.720349 149.925464 118.256728 98.921210 86.818318 62.295270 40.500296 26.197417 269.013997 221.661756 170.825401 143.868597 96.973386 147.932897
51.600000 278.734799 199.925945 150.085182 118.387148 99.033671 86.919502 62.373480 40.557872 26.241254 269.283198 221.887516 171.004398 144.022720 97.084034 148.090775
51.650000 279.012635 200.131527 150.244890 118.517560 99.146127 87.020681 62.451687 40.615445 26.285090 269.552382 222.113261 171.183384 144.176834 97.194677 148.248643
51.700000 279.290453 200.337098 150.404589 118.647965 99.258576 87.121854 62.529890 40.673017 26.328925 269.821548 222.338992 171.362359 144.330940 97.305314 148.406503
51.750000 279.568254 200.542655 150.564279 118.778363 99.371019 87.223022 62.608089 40.730586 26.372758 270.090698 222.564710 171.541323 144.485036 97.415945 148.564353
51.800000 279.846037 200.748200 150.723960 118.908753 99.483457 87.324185 62.686285 40.788153 26.416591 270.359831 222.790413 171.720277 144.639124 97.526570 148.722194
51.850000 280.123803 200.953733 150.883631 119.039136 99.595888 87.425343 62.764477 40.845718 26.460422 270.628946 223.016103 171.899220 144.793202 97.637189 148.880026
51.900000 280.401551 201.159253 151.043293 119.169512 99.708313 87.526495 62.842665 40.903280 26.504252 270.898045 223.241778 172.078153 144.947272 97.747802 149.037848
51.950000 280.679281 201.364760 151.202945 119.299881 99.820732 87.627642 62.920850 40.960841 26.548080 271.167126 223.467440 172.257075 145.101333 97.858409 149.195662
52.000000 280.956994 201.570255 151.362589 119.430242 99.933146 87.728784 62.999031 41.018399 26.591908 271.436191 223.693087 172.435986 145.255384 97.969011 149.353466
52.050000 281.234689 201.775737 151.522223 119.560596 100.045553 87.829921 63.077209 41.075955 26.635734 271.705239 223.918721 172.614886 145.409427 98.079606 149.511261
52.100000 281.512367 201.981207 151.681847 119.690943 100.157954 87.931053 63.155383 41.133509 26.679560 271.974269 224.144341 172.793776 145.563461 98.190196 149.669047
52.150000 281.790027 202.186665 151.841463 119.821283 100.270350 88.032179 63.233554 41.191061 26.723383 272.243283 224.369947 172.972656 145.717486 98.300780 149.826824
52.200000 282.067670 202.392110 152.001069 119.951615 100.382739 88.133301 63.311721 41.248611 26.767206 272.512281 224.595540 173.151524 145.871503 98.411358 149.984591
52.250000 282.345296 202.597543 152.160666 120.081940 100.495123 88.234417 63.389884 41.306158 26.811028 272.781261 224.821118 173.330383 146.025510 98.521930 150.142350
52.300000 282.622904 202.802963 152.320254 120.212259 100.607500 88.335528 63.468044 41.363704 26.854848 273.050225 225.046683 173.509230 146.179509 98.632497 150.300099
52.350000 282.900495 203.008371 152.479833 120.342570 100.719872 88.436634 63.546200 41.421247 26.898668 273.319172 225.272234 173.688067 146.333499 98.743058 150.457840
52.400000 283.178068 203.213767 152.639402 120.472873 100.832238 88.537735 63.624353 41.478788 26.942486 273.588102 225.497771 173.866894 146.487480 98.853612 150.615571
52.450000 283.455624 203.419151 152.798962 120.603170 100.944597 88.638830 63.702502 41.536327 26.986302 273.857015 225.723295 174.045710 146.641452 98.964162 150.773294
52.500000 283.733163 203.624522 152.958514 120.733460 101.056951 88.739921 63.780648 41.593864 27.030118 274.125912 225.948805 174.224516 146.795416 99.074705 150.931007
52.550000 284.010685 203.829880 153.118056 120.863742 101.169299 88.841006 63.858790 41.651399 27.073933 274.394792 226.174301 174.403311 146.949371 99.185243 151.088712
52.600000 284.288190 204.035227 153.277589 120.994017 101.281642 88.942086 63.936928 41.708932 27.117746 274.663656 226.399784 174.582096 147.103317 99.295774 151.246407
52.650000 284.565677 204.240561 153.437112 121.124286 101.393978 89.043161 64.015063 41.766462 27.161558 274.932503 226.625253 174.760871 147.257254 99.406300 151.404094
52.700000 284.843147 204.445884 153.596627 121.254547 101.506308 89.144231 64.093195 41.823991 27.205369 275.201333 226.850708 174.939635 147.411183 99.516821 151.561771
52.750000 285.120600 204.651193 153.756133 121.384801 101.618633 89.245296 64.171323 41.881517 27.249179 275.470147 227.076150 175.118388 147.565103 99.627335 151.719440
52.800000 285.398036 204.856491 153.915630 121.515048 101.730952 89.346356 64.249447 41.939041 27.292987 275.738945 227.301578 175.297132 147.719014 99.737844 151.877099
52.850000 285.675455 205.061777 154.075117 121.645288 101.843264 89.447411 64.327568 41.996563 27.336795 276.007726 227.526993 175.475865 147.872917 99.848347 152.034750
52.900000 285.952857 205.267050 154.234596 121.775521 101.955572 89.548461 64.405686 42.054083 27.380601 276.276490 227.752394 175.654587 148.026811 99.958845 152.192392
52.950000 286.230242 205.472312 154.394065 121.905747 102.067873 89.649506 64.483800 42.111601 27.424406 276.545238 227.977782 175.833299 148.180696 100.069337 152.350025
53.000000 286.507610 205.677561 154.553526 122.035965 102.180168 89.750545 64.561910 42.169117 27.468210 276.813970 228.203156 176.012001 148.334573 100.179823 152.507649
53.050000 286.784961 205.882798 154.712977 122.166177 102.292458 89.851580 64.640017 42.226631 27.512013 277.082685 228.428517 176.190693 148.488441 100.290303 152.665264
53.100000 287.062295 206.088023 154.872420 122.296382 102.404742 89.952610 64.718121 42.284142 27.555814 277.351384 228.653865 176.369375 148.642301 100.400778 152.822870
53.150000 287.339612 206.293236 155.031854 122.426580 102.517020 90.053634 64.796221 42.341652 27.599615 277.620067 228.879199 176.548046 148.796152 100.511247 152.980468
53.200000 287.616913 206.498437 155.191278 122.556771 102.629292 90.154654 64.874317 42.399159 27.643414 277.888733 229.104519 176.726707 148.949994 100.621711 153.138056
53.250000 287.894196 206.703626 155.350694 122.686955 102.741559 90.255668 64.952410 42.456665 27.687212 278.157383 229.329827 176.905357 149.103828 100.732168 153.295636
53.300000 288.171463 206.908803 155.510101 122.817132 102.853820 90.356678 65.030500 42.514168 27.731009 278.426017 229.555121 177.083998 149.257653 100.842621 153.453207
53.350000 288.448712 207.113968 155.669499 122.947302 102.966075 90.457683 65.108586 42.571669 27.774805 278.694634 229.780401 177.262628 149.411470 100.953067 153.610769
53.400000 288.725945 207.319122 155.828888 123.077465 103.078324 90.558682 65.186669 42.629168 27.818600 278.963236 230.005669 177.441248 149.565279 101.063508 153.768323
53.450000 289.003162 207.524263 155.988268 123.207621 103.190568 90.659677 65.264748 42.686666 27.862393 279.231821 230.230923 177.619858 149.719078 101.173944 153.925868
53.500000 289.280361 207.729392 156.147639 123.337770 103.302805 90.760666 65.342824 42.744161 27.906185 279.500390 230.456164 177.798458 149.872870 101.284373 154.083404
53.550000 289.557544 207.934509 156.307002 123.467913 103.415038 90.861651 65.420896 42.801654 27.949977 279.768943 230.681391 177.977048 150.026652 101.394797 154.240931
53.600000 289.834710 208.139615 156.466355 123.598048 103.527264 90.962631 65.498965 42.859144 27.993767 280.037480 230.906606 178.155627 150.180427 101.505216 154.398450
53.650000 290.111860 208.344709 156.625700 123.728177 103.639485 91.063606 65.577031 42.916633 28.037555 280.306001 231.131807 178.334197 150.334193 101.615629 154.555959
53.700000 290.388993 208.549790 156.785036 123.858298 103.751700 91.164576 65.655093 42.974120 28.081343 280.574506 231.356995 178.512756 150.487950 101.726036 154.713461
53.750000 290.666109 208.754860 156.944363 123.988413 103.863909 91.265541 65.733152 43.031605 28.125130 280.842994 231.582170 178.691306 150.641699 101.836438 154.870953
53.800000 290.943209 208.959919 157.103682 124.118521 103.976113 91.366501 65.811207 43.089087 28.168915 281.111467 231.807332 178.869845 150.795440 101.946835 155.028437
53.850000 291.220292 209.164965 157.262992 124.248622 104.088311 91.467456 65.889259 43.146568 28.212699 281.379924 232.032480 179.048374 150.949172 102.057225 155.185912
53.900000 291.497359 209.370000 157.422292 124.378717 104.200504 91.568406 65.967307 43.204046 28.256482 281.648365 232.257616 179.226893 151.102896 102.167611 155.343379
53.950000 291.774409 209.575022 157.581585 124.508804 104.312690 91.669351 66.045352 43.261523 28.300264 281.916790 232.482738 179.405403 151.256611 102.277990 155.500837
54.000000 292.051443 209.780034 157.740868 124.638885 104.424872 91.770291 66.123394 43.318997 28.344045 282.185199 232.707848 179.583902 151.410318 102.388365 155.658286
