web/models/kne/20/Metzger_0.138217_0.175862_0.100000.dat
# %ECSV 0.9
# ---
# datatype:
# - {name: time, datatype: float64}
# - {name: sdss_u, datatype: float64}
# - {name: sdss_g, datatype: float64}
# - {name: sdss_r, datatype: float64}
# - {name: sdss_i, datatype: float64}
# - {name: sdss_z, datatype: float64}
# - {name: PS1_y, datatype: float64}
# - {name: ukirt_J, datatype: float64}
# - {name: ukirt_H, datatype: float64}
# - {name: ukirt_K, datatype: float64}
# - {name: johnson_U, datatype: float64}
# - {name: johnson_B, datatype: float64}
# - {name: johnson_V, datatype: float64}
# - {name: johnson_R, datatype: float64}
# - {name: johnson_I, datatype: float64}
# - {name: Clear, datatype: float64}
# meta: !!omap
# - comment: [vej = 0.17586206896551723, mej = 0.13821730389118514, Ye = 0.1, redshift = 0.0]
# schema: astropy-2.0
time sdss_u sdss_g sdss_r sdss_i sdss_z PS1_y ukirt_J ukirt_H ukirt_K johnson_U johnson_B johnson_V johnson_R johnson_I Clear
[from data line 1207]
60.450000 130.043963 89.832387 64.497330 48.449187 38.688160 32.597981 20.323470 9.529941 2.551807 125.214413 101.023194 75.118701 61.423261 37.706869 63.485815
60.500000 130.177239 89.930801 64.573609 48.511330 38.741639 32.646019 20.360425 9.556940 2.572178 125.343514 101.131336 75.204281 61.496841 37.759474 63.561207
60.550000 130.310504 90.029207 64.649883 48.573470 38.795115 32.694055 20.397377 9.583938 2.592547 125.472605 101.239470 75.289856 61.570416 37.812076 63.636593
60.600000 130.443759 90.127606 64.726151 48.635605 38.848588 32.742087 20.434327 9.610934 2.612917 125.601686 101.347596 75.375424 61.643986 37.864674 63.711974
60.650000 130.577004 90.225998 64.802414 48.697736 38.902057 32.790117 20.471276 9.637930 2.633286 125.730757 101.455714 75.460986 61.717550 37.917269 63.787349
60.700000 130.710239 90.324382 64.878672 48.759864 38.955523 32.838144 20.508223 9.664925 2.653654 125.859819 101.563823 75.546542 61.791110 37.969860 63.862719
60.750000 130.843463 90.422759 64.954924 48.821987 39.008986 32.886168 20.545167 9.691918 2.674022 125.988870 101.671925 75.632092 61.864664 38.022449 63.938084
60.800000 130.976677 90.521129 65.031171 48.884106 39.062445 32.934189 20.582110 9.718911 2.694390 126.117911 101.780018 75.717635 61.938214 38.075034 64.013444
60.850000 131.109881 90.619491 65.107413 48.946220 39.115901 32.982207 20.619051 9.745902 2.714757 126.246943 101.888103 75.803173 62.011758 38.127615 64.088799
60.900000 131.243074 90.717847 65.183649 49.008331 39.169353 33.030222 20.655990 9.772892 2.735124 126.375964 101.996180 75.888704 62.085297 38.180194 64.164148
60.950000 131.376257 90.816195 65.259880 49.070438 39.222803 33.078235 20.692927 9.799882 2.755490 126.504975 102.104249 75.974229 62.158830 38.232769 64.239492
61.000000 131.509429 90.914535 65.336106 49.132540 39.276248 33.126244 20.729862 9.826870 2.775856 126.633977 102.212309 76.059747 62.232359 38.285341 64.314830
61.050000 131.642591 91.012868 65.412326 49.194638 39.329691 33.174250 20.766795 9.853857 2.796221 126.762968 102.320362 76.145260 62.305883 38.337909 64.390163
61.100000 131.775743 91.111194 65.488541 49.256732 39.383129 33.222254 20.803726 9.880843 2.816586 126.891949 102.428406 76.230766 62.379401 38.390475 64.465491
61.150000 131.908884 91.209513 65.564750 49.318822 39.436565 33.270255 20.840656 9.907828 2.836950 127.020920 102.536442 76.316266 62.452914 38.443037 64.540814
61.200000 132.042015 91.307824 65.640954 49.380908 39.489997 33.318252 20.877583 9.934812 2.857313 127.149881 102.644469 76.401760 62.526422 38.495595 64.616131
61.250000 132.175135 91.406127 65.717152 49.442989 39.543426 33.366247 20.914508 9.961795 2.877677 127.278832 102.752489 76.487248 62.599925 38.548150 64.691443
61.300000 132.308245 91.504424 65.793345 49.505067 39.596851 33.414239 20.951431 9.988777 2.898039 127.407773 102.860500 76.572729 62.673422 38.600702 64.766749
61.350000 132.441344 91.602713 65.869533 49.567140 39.650273 33.462228 20.988353 10.015758 2.918401 127.536704 102.968503 76.658204 62.746915 38.653250 64.842050
61.400000 132.574433 91.700994 65.945715 49.629209 39.703691 33.510214 21.025272 10.042737 2.938763 127.665624 103.076498 76.743673 62.820402 38.705796 64.917346
61.450000 132.707511 91.799268 66.021891 49.691273 39.757106 33.558196 21.062189 10.069716 2.959124 127.794535 103.184484 76.829135 62.893884 38.758337 64.992636
61.500000 132.840579 91.897535 66.098062 49.753334 39.810517 33.606176 21.099105 10.096693 2.979485 127.923435 103.292462 76.914591 62.967360 38.810876 65.067921
61.550000 132.973636 91.995794 66.174228 49.815390 39.863925 33.654153 21.136018 10.123669 2.999845 128.052325 103.400432 77.000041 63.040832 38.863411 65.143200
61.600000 133.106683 92.094046 66.250388 49.877442 39.917330 33.702127 21.172929 10.150644 3.020204 128.181205 103.508393 77.085485 63.114298 38.915942 65.218475
61.650000 133.239719 92.192290 66.326543 49.939490 39.970731 33.750098 21.209839 10.177618 3.040563 128.310075 103.616346 77.170922 63.187759 38.968470 65.293743
61.700000 133.372744 92.290527 66.402692 50.001533 40.024128 33.798066 21.246746 10.204591 3.060922 128.438934 103.724291 77.256353 63.261214 39.020995 65.369006
61.750000 133.505759 92.388756 66.478836 50.063572 40.077522 33.846031 21.283651 10.231563 3.081280 128.567784 103.832227 77.341777 63.334665 39.073516 65.444264
61.800000 133.638764 92.486978 66.554974 50.125607 40.130913 33.893993 21.320555 10.258533 3.101637 128.696623 103.940155 77.427195 63.408110 39.126034 65.519517
61.850000 133.771757 92.585192 66.631106 50.187638 40.184300 33.941952 21.357456 10.285503 3.121994 128.825452 104.048075 77.512607 63.481549 39.178549 65.594763
61.900000 133.904740 92.683399 66.707233 50.249664 40.237684 33.989908 21.394355 10.312471 3.142350 128.954270 104.155986 77.598012 63.554984 39.231060 65.670005
61.950000 134.037713 92.781598 66.783355 50.311686 40.291064 34.037861 21.431252 10.339438 3.162706 129.083079 104.263889 77.683411 63.628413 39.283567 65.745241
62.000000 134.170675 92.879790 66.859471 50.373704 40.344440 34.085811 21.468147 10.366404 3.183061 129.211877 104.371784 77.768804 63.701837 39.336072 65.820471
62.050000 134.303626 92.977974 66.935581 50.435718 40.397813 34.133757 21.505040 10.393369 3.203416 129.340664 104.479670 77.854190 63.775255 39.388572 65.895696
62.100000 134.436566 93.076151 67.011686 50.497727 40.451183 34.181701 21.541931 10.420332 3.223770 129.469442 104.587547 77.939570 63.848669 39.441070 65.970916
62.150000 134.569496 93.174320 67.087785 50.559732 40.504549 34.229642 21.578820 10.447295 3.244123 129.598209 104.695417 78.024944 63.922076 39.493563 66.046130
62.200000 134.702415 93.272481 67.163879 50.621732 40.557911 34.277580 21.615707 10.474256 3.264476 129.726966 104.803277 78.110311 63.995479 39.546054 66.121338
62.250000 134.835324 93.370635 67.239967 50.683729 40.611270 34.325514 21.652592 10.501216 3.284828 129.855713 104.911130 78.195671 64.068876 39.598541 66.196541
62.300000 134.968222 93.468782 67.316049 50.745721 40.664625 34.373446 21.689475 10.528175 3.305180 129.984449 105.018974 78.281026 64.142268 39.651024 66.271739
62.350000 135.101109 93.566920 67.392126 50.807708 40.717977 34.421374 21.726356 10.555133 3.325531 130.113175 105.126809 78.366374 64.215655 39.703504 66.346931
62.400000 135.233985 93.665052 67.468197 50.869691 40.771325 34.469300 21.763234 10.582090 3.345881 130.241891 105.234636 78.451715 64.289036 39.755981 66.422117
62.450000 135.366851 93.763175 67.544263 50.931670 40.824670 34.517222 21.800111 10.609045 3.366231 130.370596 105.342455 78.537050 64.362411 39.808454 66.497298
62.500000 135.499706 93.861291 67.620323 50.993645 40.878011 34.565141 21.836985 10.635999 3.386581 130.499291 105.450265 78.622378 64.435782 39.860923 66.572474
62.550000 135.632550 93.959400 67.696377 51.055615 40.931348 34.613057 21.873858 10.662952 3.406929 130.627975 105.558067 78.707700 64.509147 39.913389 66.647644
62.600000 135.765383 94.057501 67.772426 51.117581 40.984682 34.660970 21.910728 10.689904 3.427277 130.756650 105.665860 78.793016 64.582506 39.965852 66.722808
62.650000 135.898206 94.155594 67.848469 51.179543 41.038012 34.708880 21.947596 10.716855 3.447625 130.885313 105.773644 78.878325 64.655861 40.018311 66.797967
62.700000 136.031018 94.253679 67.924507 51.241500 41.091339 34.756787 21.984462 10.743804 3.467972 131.013967 105.881420 78.963627 64.729209 40.070766 66.873120
62.750000 136.163819 94.351757 68.000539 51.303453 41.144662 34.804691 22.021326 10.770752 3.488318 131.142610 105.989188 79.048924 64.802553 40.123218 66.948267
62.800000 136.296610 94.449827 68.076565 51.365401 41.197982 34.852592 22.058188 10.797699 3.508664 131.271243 106.096947 79.134213 64.875891 40.175667 67.023410
62.850000 136.429389 94.547890 68.152586 51.427345 41.251298 34.900489 22.095048 10.824645 3.529009 131.399865 106.204698 79.219496 64.949224 40.228112 67.098546
62.900000 136.562158 94.645945 68.228600 51.489285 41.304610 34.948384 22.131905 10.851589 3.549353 131.528477 106.312440 79.304773 65.022551 40.280553 67.173677
62.950000 136.694916 94.743992 68.304610 51.551220 41.357919 34.996275 22.168761 10.878533 3.569697 131.657078 106.420173 79.390043 65.095872 40.332991 67.248802
63.000000 136.827663 94.842032 68.380613 51.613151 41.411224 35.044163 22.205614 10.905475 3.590040 131.785669 106.527898 79.475307 65.169189 40.385425 67.323922
63.050000 136.960399 94.940064 68.456611 51.675077 41.464525 35.092048 22.242466 10.932416 3.610383 131.914249 106.635615 79.560564 65.242500 40.437856 67.399036
63.100000 137.093125 95.038088 68.532603 51.736999 41.517823 35.139930 22.279315 10.959355 3.630725 132.042819 106.743322 79.645814 65.315805 40.490283 67.474145
63.150000 137.225840 95.136105 68.608590 51.798917 41.571117 35.187809 22.316162 10.986294 3.651066 132.171379 106.851022 79.731058 65.389105 40.542707 67.549248
63.200000 137.358544 95.234114 68.684571 51.860830 41.624408 35.235685 22.353006 11.013231 3.671407 132.299928 106.958712 79.816296 65.462400 40.595127 67.624345
63.250000 137.491236 95.332115 68.760546 51.922739 41.677695 35.283557 22.389849 11.040167 3.691746 132.428467 107.066395 79.901527 65.535689 40.647544 67.699437
63.300000 137.623919 95.430108 68.836515 51.984643 41.730978 35.331427 22.426690 11.067101 3.712086 132.556995 107.174068 79.986751 65.608973 40.699957 67.774523
63.350000 137.756590 95.528094 68.912479 52.046543 41.784258 35.379293 22.463528 11.094035 3.732424 132.685512 107.281733 80.071969 65.682251 40.752366 67.849603
63.400000 137.889250 95.626072 68.988437 52.108439 41.837534 35.427156 22.500364 11.120967 3.752762 132.814020 107.389389 80.157181 65.755524 40.804772 67.924678
63.450000 138.021900 95.724043 69.064389 52.170330 41.890806 35.475016 22.537198 11.147898 3.773100 132.942516 107.497037 80.242385 65.828791 40.857174 67.999747
63.500000 138.154539 95.822005 69.140336 52.232216 41.944075 35.522872 22.574030 11.174828 3.793437 133.071002 107.604676 80.327584 65.902053 40.909573 68.074811
63.550000 138.287166 95.919960 69.216277 52.294098 41.997340 35.570726 22.610860 11.201756 3.813773 133.199478 107.712307 80.412775 65.975309 40.961968 68.149869
63.600000 138.419783 96.017907 69.292212 52.355976 42.050602 35.618576 22.647688 11.228683 3.834108 133.327943 107.819929 80.497960 66.048560 41.014360 68.224921
63.650000 138.552389 96.115847 69.368141 52.417850 42.103859 35.666424 22.684513 11.255609 3.854443 133.456398 107.927542 80.583139 66.121805 41.066748 68.299967
63.700000 138.684984 96.213779 69.444065 52.479718 42.157113 35.714268 22.721337 11.282533 3.874777 133.584842 108.035147 80.668311 66.195045 41.119132 68.375008
63.750000 138.817568 96.311703 69.519983 52.541583 42.210364 35.762109 22.758158 11.309457 3.895110 133.713276 108.142743 80.753476 66.268279 41.171513 68.450044
63.800000 138.950142 96.409619 69.595895 52.603443 42.263610 35.809946 22.794977 11.336379 3.915443 133.841699 108.250330 80.838635 66.341508 41.223890 68.525073
63.850000 139.082704 96.507527 69.671801 52.665298 42.316853 35.857781 22.831793 11.363299 3.935775 133.970111 108.357909 80.923787 66.414731 41.276264 68.600097
63.900000 139.215255 96.605428 69.747702 52.727149 42.370093 35.905612 22.868608 11.390219 3.956106 134.098513 108.465479 81.008933 66.487949 41.328634 68.675115
63.950000 139.347796 96.703321 69.823597 52.788995 42.423328 35.953440 22.905420 11.417137 3.976437 134.226904 108.573041 81.094072 66.561162 41.381000 68.750128
64.000000 139.480325 96.801206 69.899486 52.850837 42.476560 36.001265 22.942230 11.444054 3.996767 134.355285 108.680593 81.179204 66.634368 41.433363 68.825135
64.050000 139.612844 96.899083 69.975370 52.912675 42.529789 36.049087 22.979038 11.470970 4.017096 134.483655 108.788138 81.264330 66.707570 41.485722 68.900136
64.100000 139.745352 96.996953 70.051247 52.974508 42.583013 36.096905 23.015844 11.497884 4.037425 134.612015 108.895673 81.349449 66.780765 41.538078 68.975132
64.150000 139.877848 97.094815 70.127119 53.036337 42.636234 36.144720 23.052648 11.524797 4.057753 134.740364 109.003200 81.434561 66.853956 41.590430 69.050122
64.200000 140.010334 97.192669 70.202985 53.098161 42.689451 36.192533 23.089449 11.551709 4.078080 134.868703 109.110718 81.519667 66.927140 41.642778 69.125106
64.250000 140.142809 97.290515 70.278845 53.159980 42.742665 36.240341 23.126248 11.578619 4.098406 134.997031 109.218228 81.604766 67.000319 41.695123 69.200084
64.300000 140.275272 97.388353 70.354700 53.221795 42.795874 36.288147 23.163045 11.605528 4.118732 135.125348 109.325728 81.689859 67.073493 41.747464 69.275057
64.350000 140.407725 97.486184 70.430549 53.283606 42.849080 36.335950 23.199840 11.632436 4.139057 135.253655 109.433221 81.774945 67.146661 41.799801 69.350024
64.400000 140.540167 97.584007 70.506391 53.345412 42.902283 36.383749 23.236632 11.659343 4.159382 135.381951 109.540704 81.860024 67.219824 41.852135 69.424985
64.450000 140.672598 97.681822 70.582229 53.407214 42.955481 36.431545 23.273423 11.686248 4.179705 135.510237 109.648179 81.945097 67.292981 41.904465 69.499941
64.500000 140.805018 97.779629 70.658060 53.469011 43.008676 36.479338 23.310211 11.713152 4.200028 135.638512 109.755645 82.030163 67.366132 41.956792 69.574891
64.550000 140.937427 97.877428 70.733885 53.530803 43.061867 36.527127 23.346997 11.740054 4.220351 135.766776 109.863102 82.115223 67.439278 42.009114 69.649835
64.600000 141.069825 97.975220 70.809705 53.592591 43.115055 36.574913 23.383780 11.766955 4.240672 135.895030 109.970551 82.200275 67.512418 42.061434 69.724773
64.650000 141.202212 98.073004 70.885519 53.654375 43.168239 36.622696 23.420562 11.793855 4.260993 136.023273 110.077991 82.285322 67.585553 42.113749 69.799706
64.700000 141.334588 98.170780 70.961327 53.716154 43.221418 36.670476 23.457341 11.820754 4.281313 136.151506 110.185422 82.370361 67.658682 42.166061 69.874633
64.750000 141.466953 98.268548 71.037130 53.777928 43.274595 36.718253 23.494118 11.847651 4.301632 136.279728 110.292844 82.455394 67.731806 42.218369 69.949555
64.800000 141.599307 98.366308 71.112926 53.839698 43.327767 36.766026 23.530893 11.874547 4.321951 136.407939 110.400258 82.540420 67.804924 42.270674 70.024470
64.850000 141.731650 98.464060 71.188717 53.901463 43.380936 36.813796 23.567665 11.901442 4.342269 136.536140 110.507663 82.625440 67.878037 42.322975 70.099380
64.900000 141.863981 98.561805 71.264502 53.963224 43.434101 36.861563 23.604435 11.928335 4.362586 136.664330 110.615060 82.710452 67.951144 42.375272 70.174284
64.950000 141.996302 98.659542 71.340281 54.024981 43.487262 36.909327 23.641203 11.955227 4.382903 136.792509 110.722447 82.795459 68.024245 42.427566 70.249182
65.000000 142.128612 98.757271 71.416054 54.086732 43.540420 36.957087 23.677969 11.982118 4.403219 136.920678 110.829826 82.880458 68.097341 42.479856 70.324075
65.050000 142.260911 98.854992 71.491821 54.148480 43.593574 37.004844 23.714733 12.009007 4.423534 137.048836 110.937197 82.965451 68.170431 42.532142 70.398962
65.100000 142.393199 98.952705 71.567583 54.210222 43.646724 37.052598 23.751494 12.035895 4.443848 137.176984 111.044558 83.050437 68.243516 42.584425 70.473843
65.150000 142.525476 99.050410 71.643338 54.271961 43.699870 37.100349 23.788253 12.062782 4.464161 137.305121 111.151911 83.135417 68.316595 42.636703 70.548718
65.200000 142.657742 99.148108 71.719088 54.333694 43.753012 37.148096 23.825010 12.089667 4.484474 137.433247 111.259255 83.220389 68.389668 42.688979 70.623588
65.250000 142.789997 99.245798 71.794832 54.395423 43.806151 37.195840 23.861764 12.116551 4.504786 137.561363 111.366590 83.305355 68.462736 42.741250 70.698452
65.300000 142.922240 99.343480 71.870571 54.457148 43.859286 37.243581 23.898517 12.143433 4.525098 137.689468 111.473917 83.390315 68.535798 42.793518 70.773310
