web/models/kne/20/Metzger_0.010562_0.402759_0.100000.dat
# %ECSV 0.9
# ---
# datatype:
# - {name: time, datatype: float64}
# - {name: sdss_u, datatype: float64}
# - {name: sdss_g, datatype: float64}
# - {name: sdss_r, datatype: float64}
# - {name: sdss_i, datatype: float64}
# - {name: sdss_z, datatype: float64}
# - {name: PS1_y, datatype: float64}
# - {name: ukirt_J, datatype: float64}
# - {name: ukirt_H, datatype: float64}
# - {name: ukirt_K, datatype: float64}
# - {name: johnson_U, datatype: float64}
# - {name: johnson_B, datatype: float64}
# - {name: johnson_V, datatype: float64}
# - {name: johnson_R, datatype: float64}
# - {name: johnson_I, datatype: float64}
# - {name: Clear, datatype: float64}
# meta: !!omap
# - comment: [vej = 0.4027586206896552, mej = 0.010562026262441078, Ye = 0.1, redshift = 0.0]
# schema: astropy-2.0
time sdss_u sdss_g sdss_r sdss_i sdss_z PS1_y ukirt_J ukirt_H ukirt_K johnson_U johnson_B johnson_V johnson_R johnson_I Clear
[from data line 596]
29.900000 224.225324 159.636920 118.824828 92.892705 77.073389 67.178647 47.153835 29.399107 17.786217 216.476632 177.630203 135.949995 113.863385 75.480521 117.192550
29.950000 224.616652 159.926308 119.049494 93.076038 77.231387 67.320735 47.263513 29.479674 17.847402 216.855752 177.948038 136.201858 114.080158 75.635962 117.414620
30.000000 225.007928 160.215659 119.274133 93.259350 77.389367 67.462808 47.373180 29.560235 17.908585 217.234823 178.265831 136.453691 114.296905 75.791385 117.636663
30.050000 225.399152 160.504973 119.498744 93.442640 77.547330 67.604865 47.482837 29.640790 17.969763 217.613843 178.583584 136.705491 114.513625 75.946791 117.858679
30.100000 225.790324 160.794251 119.723327 93.625909 77.705276 67.746908 47.592483 29.721338 18.030938 217.992813 178.901296 136.957261 114.730320 76.102180 118.080668
30.150000 226.181445 161.083492 119.947884 93.809156 77.863203 67.888935 47.702118 29.801881 18.092110 218.371734 179.218967 137.208999 114.946988 76.257552 118.302630
30.200000 226.572514 161.372696 120.172413 93.992383 78.021114 68.030947 47.811744 29.882416 18.153278 218.750605 179.536597 137.460707 115.163631 76.412907 118.524565
30.250000 226.963533 161.661864 120.396916 94.175588 78.179006 68.172943 47.921358 29.962946 18.214443 219.129427 179.854187 137.712383 115.380247 76.568244 118.746474
30.300000 227.354500 161.950995 120.621391 94.358773 78.336882 68.314925 48.030962 30.043470 18.275605 219.508199 180.171736 137.964028 115.596838 76.723565 118.968356
30.350000 227.745416 162.240090 120.845839 94.541936 78.494740 68.456892 48.140556 30.123987 18.336763 219.886922 180.489245 138.215642 115.813403 76.878868 119.190211
30.400000 228.136281 162.529150 121.070260 94.725078 78.652581 68.598843 48.250140 30.204498 18.397917 220.265596 180.806714 138.467226 116.029942 77.034155 119.412040
30.450000 228.527096 162.818172 121.294655 94.908200 78.810404 68.740780 48.359713 30.285003 18.459069 220.644221 181.124142 138.718779 116.246455 77.189424 119.633842
30.500000 228.917860 163.107159 121.519023 95.091300 78.968210 68.882701 48.469276 30.365501 18.520216 221.022797 181.441530 138.970301 116.462943 77.344677 119.855618
30.550000 229.308574 163.396110 121.743364 95.274380 79.125999 69.024608 48.578828 30.445994 18.581361 221.401325 181.758879 139.221792 116.679405 77.499913 120.077368
30.600000 229.699237 163.685026 121.967678 95.457439 79.283771 69.166500 48.688370 30.526480 18.642502 221.779804 182.076187 139.473254 116.895842 77.655132 120.299091
30.650000 230.089851 163.973905 122.191966 95.640477 79.441526 69.308376 48.797902 30.606960 18.703639 222.158234 182.393456 139.724684 117.112253 77.810335 120.520789
30.700000 230.480414 164.262749 122.416228 95.823495 79.599264 69.450239 48.907424 30.687434 18.764774 222.536617 182.710685 139.976085 117.328639 77.965521 120.742460
30.750000 230.870927 164.551557 122.640463 96.006492 79.756984 69.592086 49.016936 30.767902 18.825905 222.914951 183.027875 140.227455 117.544999 78.120690 120.964105
30.800000 231.261391 164.840330 122.864672 96.189469 79.914688 69.733918 49.126437 30.848364 18.887032 223.293237 183.345025 140.478795 117.761335 78.275842 121.185724
30.850000 231.651805 165.129068 123.088854 96.372425 80.072375 69.875736 49.235928 30.928820 18.948156 223.671475 183.662136 140.730105 117.977645 78.430978 121.407317
30.900000 232.042169 165.417770 123.313010 96.555361 80.230045 70.017540 49.345409 31.009270 19.009277 224.049665 183.979208 140.981385 118.193930 78.586097 121.628885
30.950000 232.432484 165.706437 123.537140 96.738276 80.387698 70.159328 49.454880 31.089714 19.070395 224.427808 184.296240 141.232635 118.410190 78.741200 121.850426
31.000000 232.822750 165.995069 123.761244 96.921171 80.545334 70.301102 49.564341 31.170151 19.131509 224.805903 184.613234 141.483855 118.626425 78.896287 122.071942
31.050000 233.212967 166.283666 123.985322 97.104046 80.702954 70.442862 49.673792 31.250583 19.192619 225.183951 184.930188 141.735046 118.842635 79.051357 122.293432
31.100000 233.603135 166.572229 124.209374 97.286900 80.860557 70.584607 49.783233 31.331009 19.253727 225.561951 185.247104 141.986206 119.058820 79.206411 122.514897
31.150000 233.993253 166.860756 124.433401 97.469734 81.018143 70.726337 49.892663 31.411428 19.314831 225.939904 185.563981 142.237337 119.274981 79.361448 122.736336
31.200000 234.383324 167.149249 124.657401 97.652548 81.175712 70.868053 50.002084 31.491842 19.375932 226.317811 185.880819 142.488439 119.491116 79.516469 122.957750
31.250000 234.773345 167.437707 124.881376 97.835343 81.333265 71.009755 50.111495 31.572250 19.437029 226.695670 186.197619 142.739511 119.707228 79.671474 123.179138
31.300000 235.163318 167.726130 125.105325 98.018117 81.490802 71.151442 50.220896 31.652651 19.498123 227.073482 186.514381 142.990553 119.923314 79.826462 123.400501
31.350000 235.553243 168.014519 125.329248 98.200871 81.648321 71.293115 50.330287 31.733047 19.559214 227.451248 186.831104 143.241567 120.139376 79.981435 123.621839
31.400000 235.943119 168.302874 125.553146 98.383605 81.805825 71.434773 50.439668 31.813437 19.620302 227.828967 187.147789 143.492551 120.355414 80.136391 123.843151
31.450000 236.332948 168.591195 125.777018 98.566319 81.963312 71.576417 50.549039 31.893821 19.681386 228.206640 187.464435 143.743506 120.571427 80.291331 124.064439
31.500000 236.722728 168.879481 126.000865 98.749014 82.120782 71.718047 50.658400 31.974199 19.742467 228.584266 187.781044 143.994431 120.787415 80.446256 124.285701
31.550000 237.112460 169.167733 126.224687 98.931688 82.278236 71.859663 50.767751 32.054571 19.803545 228.961846 188.097615 144.245328 121.003380 80.601164 124.506938
31.600000 237.502145 169.455951 126.448483 99.114343 82.435674 72.001265 50.877093 32.134937 19.864619 229.339380 188.414148 144.496196 121.219320 80.756056 124.728151
31.650000 237.891782 169.744135 126.672254 99.296979 82.593096 72.142852 50.986425 32.215298 19.925690 229.716868 188.730643 144.747035 121.435236 80.910932 124.949338
31.700000 238.281372 170.032286 126.896000 99.479594 82.750501 72.284426 51.095747 32.295652 19.986758 230.094311 189.047100 144.997845 121.651128 81.065793 125.170501
31.750000 238.670914 170.320402 127.119720 99.662190 82.907890 72.425985 51.205059 32.376001 20.047823 230.471707 189.363520 145.248626 121.866996 81.220637 125.391639
31.800000 239.060409 170.608485 127.343416 99.844767 83.065263 72.567530 51.314362 32.456343 20.108884 230.849058 189.679903 145.499379 122.082840 81.375466 125.612752
31.850000 239.449857 170.896535 127.567087 100.027324 83.222620 72.709062 51.423655 32.536680 20.169942 231.226363 189.996248 145.750103 122.298660 81.530279 125.833841
31.900000 239.839258 171.184551 127.790733 100.209862 83.379961 72.850579 51.532938 32.617012 20.230997 231.603623 190.312556 146.000798 122.514456 81.685076 126.054905
31.950000 240.228612 171.472533 128.014354 100.392380 83.537285 72.992082 51.642212 32.697337 20.292049 231.980838 190.628827 146.251465 122.730228 81.839857 126.275944
32.000000 240.617919 171.760482 128.237950 100.574879 83.694594 73.133572 51.751476 32.777657 20.353097 232.358007 190.945060 146.502104 122.945976 81.994623 126.496959
32.050000 241.007179 172.048398 128.461521 100.757358 83.851887 73.275048 51.860730 32.857970 20.414142 232.735131 191.261257 146.752715 123.161701 82.149373 126.717950
32.100000 241.396393 172.336281 128.685068 100.939819 84.009164 73.416509 51.969975 32.938278 20.475184 233.112211 191.577416 147.003297 123.377402 82.304108 126.938916
32.150000 241.785561 172.624130 128.908590 101.122260 84.166425 73.557957 52.079210 33.018581 20.536223 233.489245 191.893539 147.253851 123.593080 82.458827 127.159858
32.200000 242.174682 172.911947 129.132087 101.304682 84.323670 73.699391 52.188436 33.098877 20.597259 233.866235 192.209625 147.504376 123.808734 82.613530 127.380776
32.250000 242.563757 173.199730 129.355560 101.487085 84.480899 73.840812 52.297652 33.179168 20.658291 234.243180 192.525675 147.754874 124.024364 82.768218 127.601669
32.300000 242.952785 173.487481 129.579009 101.669468 84.638112 73.982219 52.406859 33.259453 20.719320 234.620081 192.841688 148.005344 124.239972 82.922891 127.822539
32.350000 243.341768 173.775199 129.802433 101.851833 84.795310 74.123612 52.516056 33.339732 20.780346 234.996938 193.157664 148.255786 124.455555 83.077548 128.043384
32.400000 243.730705 174.062885 130.025833 102.034179 84.952492 74.264991 52.625244 33.420006 20.841369 235.373750 193.473604 148.506200 124.671116 83.232190 128.264206
32.450000 244.119597 174.350537 130.249209 102.216506 85.109659 74.406357 52.734422 33.500274 20.902388 235.750517 193.789508 148.756586 124.886653 83.386816 128.485003
32.500000 244.508442 174.638158 130.472560 102.398814 85.266809 74.547709 52.843591 33.580536 20.963405 236.127241 194.105376 149.006945 125.102167 83.541428 128.705777
32.550000 244.897242 174.925745 130.695888 102.581103 85.423945 74.689048 52.952750 33.660793 21.024418 236.503921 194.421207 149.257276 125.317658 83.696023 128.926527
32.600000 245.285997 175.213301 130.919191 102.763373 85.581064 74.830373 53.061900 33.741044 21.085428 236.880557 194.737003 149.507579 125.533126 83.850604 129.147253
32.650000 245.674706 175.500824 131.142470 102.945625 85.738168 74.971684 53.171041 33.821289 21.146435 237.257149 195.052763 149.757855 125.748571 84.005170 129.367956
32.700000 246.063371 175.788315 131.365725 103.127858 85.895257 75.112983 53.280173 33.901529 21.207438 237.633698 195.368487 150.008104 125.963993 84.159720 129.588634
32.750000 246.451990 176.075774 131.588956 103.310072 86.052330 75.254267 53.389295 33.981763 21.268439 238.010203 195.684175 150.258325 126.179392 84.314255 129.809290
32.800000 246.840564 176.363200 131.812164 103.492267 86.209388 75.395539 53.498408 34.061992 21.329436 238.386665 195.999827 150.508519 126.394768 84.468775 130.029921
32.850000 247.229093 176.650595 132.035348 103.674444 86.366430 75.536797 53.607511 34.142215 21.390431 238.763083 196.315444 150.758685 126.610121 84.623280 130.250529
32.900000 247.617578 176.937958 132.258507 103.856603 86.523457 75.678041 53.716605 34.222432 21.451422 239.139459 196.631025 151.008825 126.825452 84.777770 130.471114
32.950000 248.006018 177.225289 132.481644 104.038743 86.680469 75.819273 53.825691 34.302644 21.512410 239.515791 196.946571 151.258937 127.040759 84.932245 130.691676
33.000000 248.394413 177.512588 132.704756 104.220864 86.837465 75.960491 53.934766 34.382850 21.573395 239.892080 197.262082 151.509022 127.256045 85.086706 130.912214
33.050000 248.782764 177.799856 132.927845 104.402967 86.994447 76.101696 54.043833 34.463051 21.634376 240.268326 197.577557 151.759081 127.471307 85.241151 131.132729
33.100000 249.171071 178.087092 133.150911 104.585052 87.151413 76.242887 54.152891 34.543246 21.695355 240.644529 197.892998 152.009112 127.686547 85.395581 131.353220
33.150000 249.559333 178.374296 133.373953 104.767119 87.308363 76.384066 54.261939 34.623436 21.756331 241.020690 198.208403 152.259117 127.901765 85.549997 131.573689
33.200000 249.947552 178.661469 133.596971 104.949167 87.465299 76.525231 54.370978 34.703620 21.817303 241.396808 198.523773 152.509094 128.116960 85.704397 131.794135
33.250000 250.335726 178.948611 133.819967 105.131197 87.622220 76.666383 54.480008 34.783798 21.878272 241.772884 198.839109 152.759045 128.332133 85.858783 132.014557
33.300000 250.723857 179.235722 134.042939 105.313209 87.779125 76.807522 54.589029 34.863971 21.939238 242.148917 199.154409 153.008970 128.547284 86.013154 132.234956
33.350000 251.111943 179.522801 134.265887 105.495202 87.936016 76.948648 54.698041 34.944139 22.000202 242.524908 199.469675 153.258868 128.762412 86.167511 132.455333
33.400000 251.499986 179.809849 134.488813 105.677178 88.092892 77.089761 54.807044 35.024301 22.061162 242.900857 199.784906 153.508739 128.977518 86.321852 132.675687
33.450000 251.887986 180.096866 134.711715 105.859135 88.249752 77.230861 54.916038 35.104458 22.122119 243.276764 200.100103 153.758584 129.192602 86.476180 132.896018
33.500000 252.275942 180.383852 134.934595 106.041075 88.406598 77.371948 55.025023 35.184609 22.183072 243.652628 200.415265 154.008402 129.407663 86.630492 133.116326
33.550000 252.663855 180.670807 135.157451 106.222996 88.563429 77.513022 55.133999 35.264755 22.244023 244.028451 200.730393 154.258194 129.622703 86.784790 133.336611
33.600000 253.051724 180.957731 135.380285 106.404900 88.720245 77.654084 55.242966 35.344895 22.304971 244.404232 201.045486 154.507960 129.837721 86.939073 133.556874
33.650000 253.439550 181.244624 135.603095 106.586785 88.877046 77.795132 55.351924 35.425030 22.365916 244.779972 201.360545 154.757699 130.052717 87.093342 133.777114
33.700000 253.827333 181.531487 135.825883 106.768653 89.033832 77.936167 55.460873 35.505160 22.426857 245.155670 201.675571 155.007413 130.267690 87.247597 133.997332
33.750000 254.215073 181.818319 136.048647 106.950503 89.190604 78.077190 55.569813 35.585284 22.487796 245.531326 201.990562 155.257100 130.482642 87.401837 134.217527
33.800000 254.602771 182.105121 136.271389 107.132335 89.347360 78.218200 55.678744 35.665403 22.548731 245.906941 202.305519 155.506761 130.697572 87.556062 134.437699
33.850000 254.990425 182.391892 136.494109 107.314149 89.504103 78.359197 55.787666 35.745516 22.609664 246.282515 202.620442 155.756396 130.912481 87.710273 134.657850
33.900000 255.378037 182.678632 136.716805 107.495946 89.660830 78.500181 55.896580 35.825624 22.670593 246.658047 202.935331 156.006006 131.127368 87.864470 134.877978
33.950000 255.765607 182.965343 136.939479 107.677725 89.817543 78.641152 56.005485 35.905727 22.731520 247.033539 203.250186 156.255589 131.342233 88.018653 135.098083
34.000000 256.153134 183.252023 137.162131 107.859487 89.974241 78.782111 56.114380 35.985824 22.792443 247.408989 203.565008 156.505147 131.557076 88.172821 135.318167
34.050000 256.540618 183.538672 137.384760 108.041231 90.130925 78.923057 56.223267 36.065916 22.853363 247.784399 203.879796 156.754679 131.771898 88.326975 135.538228
34.100000 256.928061 183.825292 137.607366 108.222957 90.287594 79.063991 56.332146 36.146003 22.914281 248.159767 204.194551 157.004185 131.986698 88.481115 135.758267
34.150000 257.315461 184.111882 137.829950 108.404666 90.444249 79.204912 56.441015 36.226084 22.975195 248.535095 204.509272 157.253666 132.201477 88.635240 135.978284
34.200000 257.702819 184.398441 138.052512 108.586357 90.600889 79.345820 56.549876 36.306160 23.036106 248.910383 204.823960 157.503121 132.416235 88.789351 136.198279
34.250000 258.090135 184.684971 138.275052 108.768031 90.757515 79.486716 56.658728 36.386231 23.097014 249.285630 205.138615 157.752551 132.630971 88.943449 136.418252
34.300000 258.477409 184.971471 138.497569 108.949688 90.914127 79.627599 56.767571 36.466297 23.157920 249.660836 205.453236 158.001955 132.845685 89.097532 136.638203
34.350000 258.864642 185.257941 138.720064 109.131327 91.070724 79.768470 56.876406 36.546357 23.218822 250.036002 205.767825 158.251333 133.060379 89.251601 136.858132
34.400000 259.251833 185.544381 138.942537 109.312949 91.227306 79.909328 56.985232 36.626412 23.279721 250.411128 206.082380 158.500687 133.275051 89.405656 137.078039
34.450000 259.638982 185.830791 139.164988 109.494554 91.383875 80.050174 57.094049 36.706462 23.340618 250.786214 206.396902 158.750015 133.489702 89.559697 137.297924
34.500000 260.026090 186.117172 139.387417 109.676141 91.540429 80.191008 57.202858 36.786506 23.401511 251.161260 206.711391 158.999318 133.704332 89.713724 137.517788
34.550000 260.413156 186.403524 139.609823 109.857711 91.696969 80.331829 57.311658 36.866545 23.462401 251.536266 207.025848 159.248596 133.918941 89.867737 137.737630
