web/models/kne/20/Metzger_0.325712_0.159655_0.450000.dat
# %ECSV 0.9
# ---
# datatype:
# - {name: time, datatype: float64}
# - {name: sdss_u, datatype: float64}
# - {name: sdss_g, datatype: float64}
# - {name: sdss_r, datatype: float64}
# - {name: sdss_i, datatype: float64}
# - {name: sdss_z, datatype: float64}
# - {name: PS1_y, datatype: float64}
# - {name: ukirt_J, datatype: float64}
# - {name: ukirt_H, datatype: float64}
# - {name: ukirt_K, datatype: float64}
# - {name: johnson_U, datatype: float64}
# - {name: johnson_B, datatype: float64}
# - {name: johnson_V, datatype: float64}
# - {name: johnson_R, datatype: float64}
# - {name: johnson_I, datatype: float64}
# - {name: Clear, datatype: float64}
# meta: !!omap
# - comment: [vej = 0.1596551724137931, mej = 0.3257122869999151, Ye = 0.45, redshift = 0.0]
# schema: astropy-2.0
time sdss_u sdss_g sdss_r sdss_i sdss_z PS1_y ukirt_J ukirt_H ukirt_K johnson_U johnson_B johnson_V johnson_R johnson_I Clear
[from data line 993]
49.750000 77.014971 50.653209 34.111503 23.678990 17.360010 13.431412 5.560272 -1.278218 -5.623093 73.843946 57.979156 41.037711 32.109756 16.726190 33.452678
49.800000 77.113460 50.725714 34.167511 23.724463 17.399025 13.466372 5.586972 -1.258939 -5.608754 73.939323 58.058912 41.100652 32.163752 16.764553 33.508025
49.850000 77.211941 50.798214 34.223516 23.769934 17.438039 13.501331 5.613670 -1.239659 -5.594415 74.034693 58.138662 41.163589 32.217746 16.802915 33.563368
49.900000 77.310415 50.870710 34.279518 23.815402 17.477051 13.536289 5.640368 -1.220380 -5.580074 74.130056 58.218407 41.226521 32.271736 16.841276 33.618708
49.950000 77.408882 50.943200 34.335516 23.860868 17.516061 13.571245 5.667066 -1.201100 -5.565734 74.225412 58.298147 41.289450 32.325723 16.879634 33.674045
50.000000 77.507341 51.015686 34.391511 23.906332 17.555070 13.606200 5.693763 -1.181820 -5.551392 74.320761 58.377881 41.352375 32.379708 16.917992 33.729379
50.050000 77.605793 51.088168 34.447503 23.951794 17.594077 13.641154 5.720459 -1.162540 -5.537050 74.416103 58.457610 41.415296 32.433689 16.956347 33.784710
50.100000 77.704239 51.160644 34.503492 23.997253 17.633083 13.676106 5.747155 -1.143260 -5.522707 74.511439 58.537333 41.478214 32.487667 16.994701 33.840037
50.150000 77.802677 51.233116 34.559478 24.042710 17.672087 13.711057 5.773851 -1.123980 -5.508364 74.606767 58.617051 41.541127 32.541642 17.033053 33.895362
50.200000 77.901108 51.305583 34.615460 24.088165 17.711089 13.746007 5.800546 -1.104699 -5.494019 74.702089 58.696763 41.604037 32.595614 17.071404 33.950683
50.250000 77.999531 51.378045 34.671439 24.133618 17.750089 13.780956 5.827240 -1.085418 -5.479675 74.797404 58.776470 41.666942 32.649583 17.109753 34.006001
50.300000 78.097948 51.450503 34.727415 24.179068 17.789088 13.815903 5.853934 -1.066137 -5.465329 74.892712 58.856172 41.729844 32.703549 17.148101 34.061316
50.350000 78.196358 51.522956 34.783388 24.224516 17.828085 13.850849 5.880628 -1.046856 -5.450983 74.988014 58.935868 41.792743 32.757512 17.186447 34.116628
50.400000 78.294760 51.595404 34.839357 24.269962 17.867081 13.885794 5.907321 -1.027575 -5.436637 75.083308 59.015559 41.855637 32.811472 17.224791 34.171936
50.450000 78.393156 51.667848 34.895324 24.315406 17.906075 13.920738 5.934013 -1.008293 -5.422290 75.178596 59.095245 41.918527 32.865430 17.263134 34.227242
50.500000 78.491545 51.740287 34.951287 24.360848 17.945068 13.955680 5.960705 -0.989012 -5.407942 75.273877 59.174925 41.981414 32.919384 17.301476 34.282544
50.550000 78.589926 51.812721 35.007247 24.406287 17.984058 13.990621 5.987397 -0.969730 -5.393593 75.369151 59.254600 42.044297 32.973335 17.339816 34.337844
50.600000 78.688301 51.885151 35.063204 24.451724 18.023048 14.025561 6.014088 -0.950448 -5.379244 75.464419 59.334270 42.107176 33.027283 17.378154 34.393140
50.650000 78.786668 51.957576 35.119158 24.497159 18.062035 14.060500 6.040779 -0.931166 -5.364894 75.559680 59.413934 42.170052 33.081228 17.416491 34.448433
50.700000 78.885029 52.029996 35.175109 24.542592 18.101021 14.095437 6.067469 -0.911883 -5.350544 75.654934 59.493593 42.232923 33.135171 17.454826 34.503723
50.750000 78.983383 52.102412 35.231057 24.588023 18.140006 14.130374 6.094158 -0.892600 -5.336193 75.750182 59.573247 42.295791 33.189110 17.493160 34.559011
50.800000 79.081730 52.174823 35.287001 24.633451 18.178988 14.165309 6.120847 -0.873318 -5.321841 75.845423 59.652896 42.358656 33.243047 17.531492 34.614295
50.850000 79.180070 52.247230 35.342943 24.678878 18.217970 14.200242 6.147536 -0.854035 -5.307489 75.940657 59.732539 42.421516 33.296980 17.569822 34.669576
50.900000 79.278403 52.319632 35.398881 24.724302 18.256949 14.235175 6.174224 -0.834752 -5.293136 76.035885 59.812178 42.484373 33.350911 17.608152 34.724854
50.950000 79.376729 52.392029 35.454816 24.769724 18.295928 14.270106 6.200912 -0.815468 -5.278782 76.131107 59.891811 42.547226 33.404839 17.646479 34.780129
51.000000 79.475048 52.464423 35.510749 24.815144 18.334904 14.305036 6.227599 -0.796185 -5.264428 76.226321 59.971439 42.610075 33.458763 17.684805 34.835401
51.050000 79.573361 52.536811 35.566678 24.860562 18.373879 14.339965 6.254286 -0.776901 -5.250073 76.321529 60.051061 42.672921 33.512685 17.723130 34.890670
51.100000 79.671667 52.609195 35.622604 24.905978 18.412853 14.374893 6.280972 -0.757617 -5.235718 76.416731 60.130679 42.735763 33.566605 17.761453 34.945936
51.150000 79.769965 52.681574 35.678527 24.951391 18.451824 14.409820 6.307658 -0.738333 -5.221362 76.511926 60.210291 42.798601 33.620521 17.799775 35.001199
51.200000 79.868258 52.753949 35.734447 24.996803 18.490795 14.444745 6.334343 -0.719049 -5.207005 76.607114 60.289899 42.861436 33.674434 17.838095 35.056459
51.250000 79.966543 52.826320 35.790364 25.042212 18.529764 14.479669 6.361028 -0.699764 -5.192648 76.702296 60.369501 42.924267 33.728345 17.876413 35.111716
51.300000 80.064822 52.898686 35.846278 25.087619 18.568731 14.514592 6.387713 -0.680480 -5.178290 76.797472 60.449098 42.987095 33.782252 17.914730 35.166970
51.350000 80.163093 52.971047 35.902188 25.133024 18.607697 14.549514 6.414396 -0.661195 -5.163932 76.892641 60.528690 43.049919 33.836157 17.953046 35.222221
51.400000 80.261359 53.043405 35.958096 25.178427 18.646661 14.584435 6.441080 -0.641910 -5.149572 76.987804 60.608277 43.112739 33.890059 17.991360 35.277469
51.450000 80.359617 53.115757 36.014001 25.223828 18.685623 14.619354 6.467763 -0.622625 -5.135213 77.082960 60.687858 43.175555 33.943958 18.029673 35.332714
51.500000 80.457869 53.188105 36.069903 25.269227 18.724585 14.654272 6.494446 -0.603339 -5.120852 77.178110 60.767435 43.238368 33.997854 18.067984 35.387956
51.550000 80.556114 53.260449 36.125802 25.314624 18.763544 14.689190 6.521128 -0.584054 -5.106491 77.273253 60.847007 43.301178 34.051748 18.106294 35.443195
51.600000 80.654352 53.332789 36.181698 25.360019 18.802502 14.724106 6.547809 -0.564768 -5.092130 77.368390 60.926574 43.363984 34.105638 18.144602 35.498432
51.650000 80.752584 53.405124 36.237591 25.405411 18.841459 14.759020 6.574491 -0.545482 -5.077767 77.463521 61.006135 43.426786 34.159526 18.182909 35.553665
51.700000 80.850810 53.477454 36.293481 25.450802 18.880414 14.793934 6.601171 -0.526196 -5.063405 77.558645 61.085692 43.489585 34.213411 18.221215 35.608896
51.750000 80.949028 53.549781 36.349368 25.496190 18.919368 14.828846 6.627852 -0.506909 -5.049041 77.653763 61.165244 43.552380 34.267294 18.259519 35.664123
51.800000 81.047240 53.622103 36.405252 25.541577 18.958320 14.863758 6.654532 -0.487623 -5.034677 77.748875 61.244790 43.615171 34.321173 18.297821 35.719348
51.850000 81.145446 53.694420 36.461133 25.586961 18.997270 14.898668 6.681211 -0.468336 -5.020312 77.843980 61.324332 43.677959 34.375050 18.336122 35.774570
51.900000 81.243645 53.766733 36.517011 25.632344 19.036219 14.933577 6.707890 -0.449049 -5.005947 77.939079 61.403869 43.740744 34.428924 18.374422 35.829789
51.950000 81.341837 53.839042 36.572886 25.677724 19.075167 14.968485 6.734569 -0.429762 -4.991581 78.034172 61.483400 43.803525 34.482795 18.412720 35.885005
52.000000 81.440023 53.911347 36.628759 25.723102 19.114113 15.003392 6.761247 -0.410475 -4.977215 78.129259 61.562927 43.866302 34.536664 18.451017 35.940218
52.050000 81.538202 53.983647 36.684628 25.768479 19.153058 15.038297 6.787925 -0.391187 -4.962848 78.224339 61.642449 43.929076 34.590529 18.489312 35.995429
52.100000 81.636375 54.055943 36.740494 25.813853 19.192001 15.073202 6.814602 -0.371899 -4.948480 78.319413 61.721966 43.991847 34.644392 18.527606 36.050636
52.150000 81.734541 54.128234 36.796358 25.859225 19.230943 15.108105 6.841279 -0.352612 -4.934111 78.414481 61.801478 44.054614 34.698252 18.565899 36.105841
52.200000 81.832701 54.200522 36.852219 25.904595 19.269883 15.143007 6.867955 -0.333323 -4.919743 78.509543 61.880985 44.117377 34.752110 18.604190 36.161043
52.250000 81.930855 54.272805 36.908077 25.949964 19.308822 15.177909 6.894631 -0.314035 -4.905373 78.604598 61.960488 44.180138 34.805965 18.642480 36.216242
52.300000 82.029002 54.345084 36.963931 25.995330 19.347759 15.212809 6.921307 -0.294747 -4.891003 78.699647 62.039985 44.242894 34.859817 18.680768 36.271438
52.350000 82.127142 54.417358 37.019783 26.040694 19.386695 15.247707 6.947982 -0.275458 -4.876632 78.794690 62.119478 44.305647 34.913666 18.719055 36.326631
52.400000 82.225276 54.489629 37.075633 26.086056 19.425629 15.282605 6.974656 -0.256169 -4.862261 78.889727 62.198966 44.368397 34.967513 18.757341 36.381822
52.450000 82.323404 54.561895 37.131479 26.131417 19.464562 15.317502 7.001331 -0.236880 -4.847889 78.984758 62.278449 44.431143 35.021357 18.795625 36.437010
52.500000 82.421526 54.634157 37.187322 26.176775 19.503494 15.352397 7.028004 -0.217591 -4.833516 79.079783 62.357927 44.493886 35.075198 18.833907 36.492195
52.550000 82.519641 54.706414 37.243163 26.222131 19.542424 15.387292 7.054678 -0.198301 -4.819143 79.174802 62.437400 44.556626 35.129037 18.872189 36.547377
52.600000 82.617749 54.778668 37.299001 26.267486 19.581352 15.422185 7.081351 -0.179012 -4.804769 79.269814 62.516869 44.619362 35.182873 18.910469 36.602556
52.650000 82.715852 54.850917 37.354836 26.312838 19.620280 15.457077 7.108024 -0.159722 -4.790395 79.364821 62.596332 44.682094 35.236706 18.948747 36.657733
52.700000 82.813948 54.923162 37.410668 26.358189 19.659205 15.491969 7.134696 -0.140432 -4.776020 79.459821 62.675791 44.744823 35.290537 18.987025 36.712907
52.750000 82.912038 54.995403 37.466497 26.403537 19.698130 15.526859 7.161367 -0.121142 -4.761644 79.554815 62.755245 44.807549 35.344365 19.025301 36.768078
52.800000 83.010121 55.067640 37.522324 26.448884 19.737053 15.561748 7.188039 -0.101851 -4.747268 79.649804 62.834695 44.870272 35.398190 19.063575 36.823246
52.850000 83.108198 55.139872 37.578148 26.494228 19.775974 15.596636 7.214710 -0.082561 -4.732891 79.744786 62.914139 44.932991 35.452013 19.101848 36.878412
52.900000 83.206269 55.212101 37.633968 26.539571 19.814894 15.631522 7.241380 -0.063270 -4.718514 79.839762 62.993579 44.995707 35.505833 19.140120 36.933574
52.950000 83.304334 55.284325 37.689787 26.584912 19.853813 15.666408 7.268050 -0.043979 -4.704136 79.934732 63.073015 45.058419 35.559650 19.178390 36.988734
53.000000 83.402392 55.356546 37.745602 26.630250 19.892730 15.701293 7.294720 -0.024688 -4.689757 80.029697 63.152445 45.121128 35.613465 19.216659 37.043892
53.050000 83.500445 55.428762 37.801414 26.675587 19.931646 15.736176 7.321389 -0.005396 -4.675378 80.124655 63.231871 45.183834 35.667277 19.254927 37.099046
53.100000 83.598491 55.500974 37.857224 26.720922 19.970561 15.771059 7.348058 0.013895 -4.660998 80.219608 63.311292 45.246536 35.721087 19.293194 37.154198
53.150000 83.696530 55.573182 37.913031 26.766255 20.009474 15.805940 7.374727 0.033187 -4.646618 80.314554 63.390709 45.309235 35.774894 19.331459 37.209348
53.200000 83.794564 55.645385 37.968835 26.811586 20.048386 15.840821 7.401395 0.052479 -4.632237 80.409495 63.470120 45.371931 35.828698 19.369722 37.264494
53.250000 83.892592 55.717585 38.024637 26.856916 20.087296 15.875700 7.428063 0.071771 -4.617856 80.504429 63.549528 45.434623 35.882500 19.407985 37.319638
53.300000 83.990613 55.789781 38.080436 26.902243 20.126205 15.910578 7.454730 0.091063 -4.603473 80.599358 63.628930 45.497312 35.936299 19.446246 37.374779
53.350000 84.088628 55.861973 38.136232 26.947568 20.165113 15.945455 7.481397 0.110356 -4.589091 80.694281 63.708328 45.559998 35.990096 19.484505 37.429917
53.400000 84.186638 55.934160 38.192025 26.992892 20.204019 15.980332 7.508063 0.129649 -4.574707 80.789198 63.787721 45.622681 36.043890 19.522764 37.485053
53.450000 84.284641 56.006344 38.247816 27.038213 20.242924 16.015207 7.534730 0.148942 -4.560323 80.884109 63.867110 45.685360 36.097681 19.561021 37.540186
53.500000 84.382638 56.078523 38.303604 27.083533 20.281827 16.050081 7.561395 0.168235 -4.545939 80.979014 63.946494 45.748036 36.151470 19.599276 37.595317
53.550000 84.480628 56.150699 38.359389 27.128851 20.320729 16.084954 7.588061 0.187528 -4.531554 81.073914 64.025873 45.810709 36.205257 19.637531 37.650444
53.600000 84.578613 56.222870 38.415171 27.174167 20.359630 16.119826 7.614726 0.206822 -4.517168 81.168807 64.105248 45.873378 36.259040 19.675784 37.705569
53.650000 84.676592 56.295038 38.470951 27.219481 20.398529 16.154697 7.641390 0.226115 -4.502782 81.263695 64.184618 45.936045 36.312822 19.714036 37.760692
53.700000 84.774565 56.367201 38.526728 27.264794 20.437427 16.189567 7.668054 0.245409 -4.488395 81.358577 64.263984 45.998708 36.366601 19.752286 37.815812
53.750000 84.872532 56.439361 38.582502 27.310104 20.476324 16.224435 7.694718 0.264704 -4.474008 81.453454 64.343345 46.061367 36.420377 19.790536 37.870929
53.800000 84.970492 56.511516 38.638274 27.355413 20.515219 16.259303 7.721382 0.283998 -4.459620 81.548324 64.422702 46.124024 36.474150 19.828783 37.926043
53.850000 85.068447 56.583668 38.694043 27.400719 20.554113 16.294170 7.748045 0.303292 -4.445231 81.643189 64.502054 46.186677 36.527922 19.867030 37.981155
53.900000 85.166396 56.655816 38.749809 27.446024 20.593006 16.329036 7.774707 0.322587 -4.430842 81.738048 64.581401 46.249327 36.581690 19.905275 38.036265
53.950000 85.264338 56.727959 38.805573 27.491327 20.631897 16.363901 7.801369 0.341882 -4.416452 81.832901 64.660745 46.311974 36.635457 19.943519 38.091371
54.000000 85.362275 56.800099 38.861334 27.536628 20.670787 16.398764 7.828031 0.361177 -4.402062 81.927749 64.740083 46.374618 36.689220 19.981762 38.146475
54.050000 85.460206 56.872235 38.917092 27.581928 20.709676 16.433627 7.854693 0.380473 -4.387671 82.022591 64.819417 46.437259 36.742982 20.020004 38.201577
54.100000 85.558131 56.944367 38.972848 27.627225 20.748563 16.468489 7.881354 0.399768 -4.373279 82.117427 64.898747 46.499896 36.796740 20.058244 38.256676
54.150000 85.656050 57.016495 39.028601 27.672521 20.787449 16.503349 7.908015 0.419064 -4.358887 82.212258 64.978072 46.562530 36.850496 20.096483 38.311772
54.200000 85.753963 57.088619 39.084352 27.717815 20.826334 16.538209 7.934675 0.438360 -4.344495 82.307082 65.057393 46.625161 36.904250 20.134720 38.366866
54.250000 85.851870 57.160739 39.140100 27.763107 20.865217 16.573068 7.961335 0.457656 -4.330101 82.401902 65.136709 46.687789 36.958002 20.172957 38.421957
54.300000 85.949772 57.232856 39.195845 27.808397 20.904099 16.607925 7.987995 0.476952 -4.315707 82.496715 65.216021 46.750414 37.011750 20.211192 38.477046
54.350000 86.047667 57.304968 39.251587 27.853686 20.942980 16.642782 8.014654 0.496249 -4.301313 82.591523 65.295328 46.813036 37.065497 20.249426 38.532132
54.400000 86.145557 57.377077 39.307328 27.898973 20.981859 16.677638 8.041313 0.515545 -4.286918 82.686326 65.374631 46.875654 37.119241 20.287658 38.587215
54.450000 86.243441 57.449181 39.363065 27.944257 21.020737 16.712492 8.067972 0.534842 -4.272523 82.781122 65.453929 46.938269 37.172982 20.325890 38.642296
54.500000 86.341319 57.521282 39.418800 27.989540 21.059614 16.747346 8.094630 0.554139 -4.258126 82.875914 65.533223 47.000882 37.226721 20.364120 38.697375
54.550000 86.439191 57.593379 39.474532 28.034822 21.098489 16.782199 8.121288 0.573437 -4.243730 82.970699 65.612513 47.063491 37.280458 20.402348 38.752451
54.600000 86.537057 57.665473 39.530262 28.080101 21.137364 16.817051 8.147945 0.592734 -4.229332 83.065479 65.691799 47.126097 37.334192 20.440576 38.807524
54.650000 86.634918 57.737562 39.585989 28.125379 21.176236 16.851901 8.174602 0.612032 -4.214935 83.160254 65.771080 47.188700 37.387924 20.478802 38.862595
54.700000 86.732773 57.809648 39.641713 28.170655 21.215108 16.886751 8.201259 0.631330 -4.200536 83.255023 65.850356 47.251299 37.441653 20.517028 38.917663
