web/models/kne/20/Metzger_0.325712_0.046207_0.100000.dat
# %ECSV 0.9
# ---
# datatype:
# - {name: time, datatype: float64}
# - {name: sdss_u, datatype: float64}
# - {name: sdss_g, datatype: float64}
# - {name: sdss_r, datatype: float64}
# - {name: sdss_i, datatype: float64}
# - {name: sdss_z, datatype: float64}
# - {name: PS1_y, datatype: float64}
# - {name: ukirt_J, datatype: float64}
# - {name: ukirt_H, datatype: float64}
# - {name: ukirt_K, datatype: float64}
# - {name: johnson_U, datatype: float64}
# - {name: johnson_B, datatype: float64}
# - {name: johnson_V, datatype: float64}
# - {name: johnson_R, datatype: float64}
# - {name: johnson_I, datatype: float64}
# - {name: Clear, datatype: float64}
# meta: !!omap
# - comment: [vej = 0.046206896551724136, mej = 0.3257122869999151, Ye = 0.1, redshift = 0.0]
# schema: astropy-2.0
time sdss_u sdss_g sdss_r sdss_i sdss_z PS1_y ukirt_J ukirt_H ukirt_K johnson_U johnson_B johnson_V johnson_R johnson_I Clear
[from data line 2814]
140.800000 128.252810 88.659320 63.716690 47.919160 38.311744 32.318032 20.240034 9.623009 2.762392 123.497276 99.677647 74.173155 60.690477 37.345961 62.720916
140.850000 128.314062 88.704564 63.751770 47.947749 38.336355 32.340144 20.257056 9.635460 2.771799 123.556611 99.727358 74.212506 60.724318 37.370169 62.755588
140.900000 128.375312 88.749806 63.786849 47.976337 38.360964 32.362255 20.274078 9.647911 2.781206 123.615944 99.777068 74.251855 60.758157 37.394378 62.790259
140.950000 128.436560 88.795047 63.821927 48.004925 38.385574 32.384366 20.291100 9.660361 2.790613 123.675276 99.826776 74.291204 60.791996 37.418585 62.824929
141.000000 128.497807 88.840287 63.857004 48.033512 38.410182 32.406477 20.308121 9.672812 2.800020 123.734605 99.876482 74.330552 60.825833 37.442792 62.859599
141.050000 128.559052 88.885526 63.892080 48.062098 38.434791 32.428587 20.325142 9.685262 2.809427 123.793933 99.926187 74.369898 60.859670 37.466999 62.894267
141.100000 128.620295 88.930763 63.927155 48.090683 38.459398 32.450697 20.342163 9.697712 2.818834 123.853260 99.975891 74.409244 60.893506 37.491205 62.928935
141.150000 128.681536 88.975999 63.962229 48.119268 38.484005 32.472806 20.359183 9.710162 2.828241 123.912584 100.025593 74.448588 60.927341 37.515411 62.963602
141.200000 128.742775 89.021234 63.997303 48.147852 38.508612 32.494914 20.376204 9.722612 2.837647 123.971907 100.075294 74.487932 60.961175 37.539615 62.998267
141.250000 128.804013 89.066467 64.032375 48.176435 38.533217 32.517022 20.393223 9.735061 2.847054 124.031228 100.124994 74.527274 60.995009 37.563820 63.032932
141.300000 128.865248 89.111699 64.067447 48.205018 38.557823 32.539130 20.410243 9.747511 2.856461 124.090547 100.174692 74.566615 61.028841 37.588023 63.067596
141.350000 128.926482 89.156930 64.102517 48.233600 38.582427 32.561237 20.427262 9.759960 2.865867 124.149865 100.224389 74.605955 61.062673 37.612227 63.102259
141.400000 128.987714 89.202160 64.137587 48.262181 38.607031 32.583343 20.444281 9.772409 2.875274 124.209181 100.274084 74.645294 61.096503 37.636429 63.136921
141.450000 129.048945 89.247388 64.172655 48.290761 38.631635 32.605449 20.461299 9.784857 2.884680 124.268495 100.323777 74.684632 61.130333 37.660631 63.171582
141.500000 129.110173 89.292615 64.207723 48.319341 38.656238 32.627555 20.478317 9.797306 2.894086 124.327807 100.373470 74.723969 61.164161 37.684833 63.206242
141.550000 129.171399 89.337841 64.242789 48.347920 38.680840 32.649660 20.495335 9.809755 2.903493 124.387117 100.423160 74.763305 61.197989 37.709033 63.240901
141.600000 129.232624 89.383065 64.277855 48.376498 38.705442 32.671764 20.512352 9.822203 2.912899 124.446426 100.472850 74.802639 61.231816 37.733234 63.275560
141.650000 129.293847 89.428288 64.312920 48.405075 38.730043 32.693868 20.529369 9.834651 2.922305 124.505732 100.522538 74.841973 61.265642 37.757433 63.310217
141.700000 129.355067 89.473510 64.347984 48.433652 38.754643 32.715971 20.546386 9.847099 2.931711 124.565037 100.572224 74.881305 61.299467 37.781632 63.344873
141.750000 129.416286 89.518730 64.383046 48.462228 38.779243 32.738074 20.563402 9.859546 2.941117 124.624340 100.621909 74.920636 61.333291 37.805831 63.379529
141.800000 129.477503 89.563949 64.418108 48.490803 38.803842 32.760177 20.580418 9.871994 2.950522 124.683641 100.671592 74.959966 61.367114 37.830029 63.414183
141.850000 129.538718 89.609167 64.453169 48.519377 38.828441 32.782278 20.597434 9.884441 2.959928 124.742941 100.721274 74.999295 61.400936 37.854226 63.448836
141.900000 129.599931 89.654383 64.488228 48.547950 38.853039 32.804380 20.614449 9.896888 2.969334 124.802238 100.770954 75.038623 61.434757 37.878422 63.483489
141.950000 129.661142 89.699598 64.523287 48.576523 38.877636 32.826480 20.631464 9.909335 2.978739 124.861534 100.820633 75.077950 61.468578 37.902618 63.518140
142.000000 129.722352 89.744811 64.558345 48.605095 38.902232 32.848580 20.648478 9.921782 2.988145 124.920828 100.870310 75.117275 61.502397 37.926814 63.552790
142.050000 129.783559 89.790024 64.593402 48.633666 38.926828 32.870680 20.665492 9.934228 2.997550 124.980119 100.919985 75.156599 61.536215 37.951008 63.587440
142.100000 129.844764 89.835234 64.628457 48.662237 38.951424 32.892779 20.682506 9.946675 3.006955 125.039409 100.969660 75.195922 61.570032 37.975202 63.622088
142.150000 129.905967 89.880444 64.663512 48.690807 38.976018 32.914877 20.699520 9.959121 3.016360 125.098697 101.019332 75.235244 61.603849 37.999396 63.656735
142.200000 129.967169 89.925652 64.698566 48.719375 39.000612 32.936975 20.716533 9.971566 3.025765 125.157983 101.069003 75.274565 61.637664 38.023589 63.691382
142.250000 130.028368 89.970858 64.733618 48.747943 39.025206 32.959073 20.733545 9.984012 3.035170 125.217268 101.118672 75.313884 61.671478 38.047781 63.726027
142.300000 130.089565 90.016063 64.768670 48.776511 39.049799 32.981170 20.750557 9.996457 3.044575 125.276550 101.168340 75.353203 61.705292 38.071972 63.760671
142.350000 130.150761 90.061267 64.803720 48.805077 39.074391 33.003266 20.767569 10.008903 3.053980 125.335830 101.218007 75.392520 61.739104 38.096163 63.795315
142.400000 130.211954 90.106469 64.838770 48.833643 39.098982 33.025361 20.784581 10.021348 3.063384 125.395109 101.267671 75.431836 61.772915 38.120353 63.829957
142.450000 130.273145 90.151670 64.873818 48.862207 39.123573 33.047456 20.801592 10.033792 3.072789 125.454385 101.317334 75.471150 61.806726 38.144543 63.864598
142.500000 130.334335 90.196869 64.908865 48.890771 39.148163 33.069551 20.818603 10.046237 3.082193 125.513659 101.366996 75.510464 61.840535 38.168732 63.899238
142.550000 130.395522 90.242067 64.943911 48.919334 39.172752 33.091645 20.835613 10.058681 3.091598 125.572932 101.416656 75.549776 61.874343 38.192920 63.933877
142.600000 130.456707 90.287264 64.978957 48.947897 39.197341 33.113738 20.852623 10.071125 3.101002 125.632202 101.466314 75.589087 61.908150 38.217108 63.968515
142.650000 130.517890 90.332459 65.014001 48.976458 39.221929 33.135831 20.869632 10.083569 3.110406 125.691471 101.515970 75.628397 61.941957 38.241294 64.003152
142.700000 130.579071 90.377653 65.049044 49.005019 39.246516 33.157923 20.886641 10.096013 3.119810 125.750738 101.565625 75.667705 61.975762 38.265481 64.037788
142.750000 130.640250 90.422845 65.084086 49.033579 39.271103 33.180014 20.903650 10.108456 3.129214 125.810002 101.615279 75.707012 62.009566 38.289666 64.072423
142.800000 130.701427 90.468035 65.119127 49.062138 39.295689 33.202105 20.920658 10.120899 3.138617 125.869265 101.664930 75.746318 62.043369 38.313851 64.107057
142.850000 130.762602 90.513224 65.154166 49.090696 39.320274 33.224196 20.937666 10.133342 3.148021 125.928525 101.714580 75.785623 62.077171 38.338035 64.141689
142.900000 130.823775 90.558412 65.189205 49.119253 39.344859 33.246285 20.954674 10.145785 3.157424 125.987784 101.764229 75.824927 62.110972 38.362219 64.176321
142.950000 130.884945 90.603598 65.224243 49.147809 39.369443 33.268374 20.971681 10.158227 3.166828 126.047040 101.813876 75.864229 62.144772 38.386402 64.210951
143.000000 130.946114 90.648783 65.259279 49.176365 39.394026 33.290463 20.988688 10.170670 3.176231 126.106295 101.863521 75.903530 62.178571 38.410584 64.245581
143.050000 131.007280 90.693966 65.294314 49.204920 39.418608 33.312551 21.005694 10.183112 3.185634 126.165547 101.913164 75.942830 62.212369 38.434765 64.280209
143.100000 131.068445 90.739148 65.329348 49.233474 39.443190 33.334638 21.022700 10.195553 3.195037 126.224797 101.962806 75.982128 62.246166 38.458946 64.314836
143.150000 131.129607 90.784328 65.364382 49.262026 39.467771 33.356725 21.039705 10.207995 3.204440 126.284046 102.012446 76.021425 62.279961 38.483126 64.349462
143.200000 131.190767 90.829507 65.399414 49.290579 39.492351 33.378811 21.056710 10.220436 3.213842 126.343292 102.062084 76.060721 62.313756 38.507305 64.384087
143.250000 131.251924 90.874684 65.434444 49.319130 39.516931 33.400896 21.073714 10.232877 3.223245 126.402536 102.111721 76.100015 62.347550 38.531484 64.418711
143.300000 131.313080 90.919859 65.469474 49.347680 39.541509 33.422981 21.090719 10.245318 3.232647 126.461778 102.161356 76.139309 62.381342 38.555662 64.453334
143.350000 131.374234 90.965033 65.504503 49.376229 39.566088 33.445065 21.107722 10.257758 3.242050 126.521018 102.210989 76.178601 62.415133 38.579839 64.487956
143.400000 131.435385 91.010206 65.539530 49.404778 39.590665 33.467149 21.124725 10.270198 3.251452 126.580256 102.260620 76.217891 62.448924 38.604016 64.522576
143.450000 131.496534 91.055377 65.574556 49.433326 39.615242 33.489231 21.141728 10.282638 3.260854 126.639492 102.310250 76.257181 62.482713 38.628191 64.557196
143.500000 131.557681 91.100546 65.609581 49.461872 39.639817 33.511314 21.158731 10.295078 3.270256 126.698725 102.359878 76.296468 62.516501 38.652366 64.591814
143.550000 131.618826 91.145714 65.644605 49.490418 39.664393 33.533395 21.175733 10.307518 3.279658 126.757957 102.409504 76.335755 62.550288 38.676541 64.626431
143.600000 131.679968 91.190880 65.679628 49.518963 39.688967 33.555476 21.192734 10.319957 3.289059 126.817186 102.459129 76.375040 62.584074 38.700714 64.661047
143.650000 131.741109 91.236045 65.714650 49.547507 39.713541 33.577557 21.209735 10.332396 3.298461 126.876413 102.508752 76.414324 62.617858 38.724887 64.695662
143.700000 131.802247 91.281208 65.749670 49.576050 39.738114 33.599636 21.226736 10.344834 3.307862 126.935639 102.558373 76.453607 62.651642 38.749059 64.730275
143.750000 130.361935 90.223260 64.934487 48.915903 39.172994 33.094193 20.842860 10.070149 3.105875 125.541115 101.393724 75.536409 61.866064 38.193532 63.924830
143.800000 130.422475 90.267979 64.969162 48.944163 39.197322 33.116052 20.859689 10.082460 3.115179 125.599760 101.442858 75.575304 61.899513 38.217464 63.959101
143.850000 130.483012 90.312697 65.003836 48.972422 39.221650 33.137911 20.876518 10.094772 3.124482 125.658403 101.491990 75.614199 61.932962 38.241395 63.993372
143.900000 130.543548 90.357413 65.038508 49.000681 39.245977 33.159769 20.893347 10.107083 3.133785 125.717044 101.541121 75.653092 61.966410 38.265324 64.027642
143.950000 130.604081 90.402128 65.073180 49.028938 39.270303 33.181626 20.910175 10.119393 3.143089 125.775683 101.590250 75.691984 61.999856 38.289254 64.061910
144.000000 130.664612 90.446841 65.107850 49.057195 39.294628 33.203482 20.927002 10.131704 3.152392 125.834320 101.639377 75.730874 62.033302 38.313182 64.096178
144.050000 130.725140 90.491552 65.142519 49.085450 39.318953 33.225338 20.943829 10.144014 3.161694 125.892954 101.688502 75.769763 62.066746 38.337110 64.130444
144.100000 130.785667 90.536262 65.177186 49.113705 39.343276 33.247194 20.960656 10.156324 3.170997 125.951587 101.737625 75.808651 62.100189 38.361037 64.164709
144.150000 130.846191 90.580970 65.211853 49.141958 39.367599 33.269048 20.977482 10.168633 3.180300 126.010217 101.786747 75.847537 62.133631 38.384963 64.198972
144.200000 130.906713 90.625677 65.246518 49.170211 39.391922 33.290902 20.994307 10.180943 3.189602 126.068845 101.835867 75.886422 62.167072 38.408888 64.233235
144.250000 130.967232 90.670381 65.281182 49.198463 39.416243 33.312755 21.011132 10.193252 3.198904 126.127470 101.884985 75.925305 62.200512 38.432813 64.267496
144.300000 131.027749 90.715085 65.315845 49.226714 39.440564 33.334608 21.027957 10.205560 3.208206 126.186094 101.934101 75.964187 62.233950 38.456737 64.301756
144.350000 131.088264 90.759786 65.350507 49.254964 39.464884 33.356460 21.044781 10.217869 3.217508 126.244715 101.983216 76.003068 62.267387 38.480660 64.336015
144.400000 131.148777 90.804486 65.385167 49.283213 39.489203 33.378311 21.061605 10.230177 3.226810 126.303334 102.032328 76.041947 62.300824 38.504583 64.370273
144.450000 131.209287 90.849185 65.419827 49.311461 39.513521 33.400161 21.078428 10.242485 3.236111 126.361951 102.081439 76.080825 62.334259 38.528504 64.404530
144.500000 131.269795 90.893882 65.454485 49.339708 39.537839 33.422011 21.095251 10.254793 3.245413 126.420566 102.130548 76.119702 62.367692 38.552425 64.438785
144.550000 131.330301 90.938577 65.489141 49.367954 39.562155 33.443860 21.112074 10.267100 3.254714 126.479178 102.179655 76.158577 62.401125 38.576345 64.473039
144.600000 131.390805 90.983270 65.523797 49.396199 39.586471 33.465709 21.128895 10.279407 3.264015 126.537788 102.228761 76.197450 62.434556 38.600264 64.507292
144.650000 131.451306 91.027962 65.558451 49.424443 39.610786 33.487556 21.145717 10.291714 3.273316 126.596396 102.277864 76.236323 62.467987 38.624183 64.541544
144.700000 131.511804 91.072652 65.593104 49.452686 39.635101 33.509403 21.162538 10.304020 3.282617 126.655002 102.326965 76.275194 62.501416 38.648101 64.575794
144.750000 131.572301 91.117340 65.627756 49.480929 39.659414 33.531250 21.179358 10.316326 3.291917 126.713605 102.376065 76.314063 62.534844 38.672018 64.610044
144.800000 131.632795 91.162027 65.662407 49.509170 39.683727 33.553095 21.196178 10.328632 3.301218 126.772206 102.425163 76.352931 62.568270 38.695934 64.644292
144.850000 131.693286 91.206712 65.697056 49.537410 39.708039 33.574940 21.212997 10.340938 3.310518 126.830805 102.474259 76.391797 62.601696 38.719849 64.678539
144.900000 131.753776 91.251395 65.731704 49.565649 39.732350 33.596784 21.229816 10.353243 3.319818 126.889402 102.523353 76.430663 62.635120 38.743764 64.712784
144.950000 131.814263 91.296077 65.766351 49.593888 39.756660 33.618628 21.246634 10.365548 3.329118 126.947996 102.572445 76.469526 62.668543 38.767677 64.747028
145.000000 131.874747 91.340757 65.800996 49.622125 39.780969 33.640471 21.263452 10.377853 3.338418 127.006588 102.621536 76.508388 62.701965 38.791590 64.781271
145.050000 131.935229 91.385435 65.835640 49.650361 39.805278 33.662313 21.280270 10.390157 3.347717 127.065177 102.670624 76.547249 62.735386 38.815502 64.815513
145.100000 131.995709 91.430112 65.870283 49.678596 39.829586 33.684154 21.297087 10.402461 3.357017 127.123765 102.719710 76.586108 62.768805 38.839414 64.849754
145.150000 132.056186 91.474787 65.904925 49.706831 39.853893 33.705995 21.313903 10.414765 3.366316 127.182350 102.768795 76.624966 62.802223 38.863324 64.883993
145.200000 132.116661 91.519460 65.939565 49.735064 39.878199 33.727834 21.330719 10.427068 3.375615 127.240932 102.817878 76.663823 62.835640 38.887234 64.918231
145.250000 132.177134 91.564131 65.974204 49.763296 39.902504 33.749674 21.347534 10.439371 3.384914 127.299513 102.866958 76.702677 62.869056 38.911142 64.952468
145.300000 132.237604 91.608801 66.008842 49.791528 39.926809 33.771512 21.364349 10.451674 3.394212 127.358091 102.916037 76.741531 62.902470 38.935051 64.986703
145.350000 132.298071 91.653469 66.043479 49.819758 39.951112 33.793350 21.381163 10.463976 3.403511 127.416666 102.965114 76.780383 62.935883 38.958958 65.020937
145.400000 132.358537 91.698135 66.078114 49.847987 39.975415 33.815187 21.397977 10.476279 3.412809 127.475239 103.014189 76.819233 62.969295 38.982864 65.055170
145.450000 132.418999 91.742799 66.112748 49.876215 39.999717 33.837023 21.414791 10.488580 3.422107 127.533810 103.063262 76.858082 63.002706 39.006770 65.089402
145.500000 132.479460 91.787462 66.147380 49.904442 40.024018 33.858858 21.431603 10.500882 3.431405 127.592379 103.112333 76.896930 63.036115 39.030674 65.123632
145.550000 132.539917 91.832123 66.182012 49.932668 40.048318 33.880693 21.448416 10.513183 3.440703 127.650945 103.161402 76.935775 63.069524 39.054578 65.157861
145.600000 132.600373 91.876782 66.216642 49.960894 40.072617 33.902527 21.465227 10.525484 3.450000 127.709509 103.210469 76.974620 63.102931 39.078481 65.192089
