web/models/kne/20/mosfit_kn_0.012011_0.3747_10.0000.dat
# %ECSV 1.0
# ---
# datatype:
# - {name: time, datatype: float64}
# - {name: PS1_g, datatype: float64}
# - {name: PS1_i, datatype: float64}
# - {name: PS1_r, datatype: float64}
# - {name: PS1_w, datatype: float64}
# - {name: PS1_y, datatype: float64}
# - {name: PS1_z, datatype: float64}
# - {name: swift_uvot_B, datatype: float64}
# - {name: swift_uvot_U, datatype: float64}
# - {name: swift_uvot_uvm2, datatype: float64}
# - {name: swift_uvot_uvw1, datatype: float64}
# - {name: swift_uvot_uvw2, datatype: float64}
# - {name: swift_uvot_V, datatype: float64}
# - {name: johnson_B, datatype: float64}
# - {name: johnson_I, datatype: float64}
# - {name: johnson_R, datatype: float64}
# - {name: johnson_U, datatype: float64}
# - {name: johnson_V, datatype: float64}
# - {name: sdss_g, datatype: float64}
# - {name: sdss_i, datatype: float64}
# - {name: sdss_r, datatype: float64}
# - {name: sdss_u, datatype: float64}
# - {name: sdss_z, datatype: float64}
# - {name: ATLAS_c, datatype: float64}
# - {name: ATLAS_o, datatype: float64}
# - {name: ukirt_H, datatype: float64}
# - {name: ukirt_J, datatype: float64}
# - {name: ukirt_K, datatype: float64}
# - {name: Clear, datatype: float64}
# meta: !!omap
# - comment: [kappa = 10.0, type = rprocess, mass = 0.012011244339858356, velocity = 0.3746666666666667, theta_obs = 0.0, tfloor = 1000.0]
# schema: astropy-2.0
time PS1_g PS1_i PS1_r PS1_w PS1_y PS1_z swift_uvot_B swift_uvot_U swift_uvot_uvm2 swift_uvot_uvw1 swift_uvot_uvw2 swift_uvot_V johnson_B johnson_I johnson_R johnson_U johnson_V sdss_g sdss_i sdss_r sdss_u sdss_z ATLAS_c ATLAS_o ukirt_H ukirt_J ukirt_K Clear
[from data line 29]
1.8036072144288577 -7.783111088385244 -11.470542930247092 -10.071682192406914 -10.366902518038987 -12.736001948459013 -12.256331244422967 -6.305073967377065 -4.11487493909247 3.4109948061709057 -2.723883194381766 -0.8146334033694056 -8.836933214586146 -6.558235258891813 -12.294976253794598 -10.761365863799412 -4.435759043987428 -9.033525258308151 -7.439700551333939 -11.442332980843712 -10.027791343757482 -3.429041943870228 -12.406816436359254 -8.962906607336336 -10.849901129127524 -14.109515464422484 -13.587684247631325 -14.308304143875892 -11.031052811383848
1.8637274549098195 -7.614991284843029 -11.381428645403862 -9.950645574375674 -10.265710427973485 -12.680729634150651 -12.187402863090728 -6.106833978236664 -3.8514649851249594 3.7987160978947694 -2.516177802538557 -0.6093620357935268 -8.686232508537081 -6.3689846836984145 -12.216138412621504 -10.654888347738673 -4.182201377204741 -8.889552355916218 -7.264428678741197 -11.352333781230506 -9.904853315481237 -3.1690062049120904 -12.342670624404484 -8.8253230874089 -10.75052732419742 -14.105381111953522 -13.560164407501796 -14.320311875398842 -10.950669898173615
1.9238476953907815 -7.445122070733365 -11.2902990419032 -9.827700045095895 -10.162856269048692 -12.623372342066421 -12.116404269271008 -5.906868160501385 -3.586452238309139 4.186651352645591 -2.3082700807587915 -0.40350398294361467 -8.533603984791675 -6.178164134148915 -12.135283664448384 -10.546647982735575 -3.927008734914541 -8.743766551848731 -7.087426570138824 -11.260322514593604 -9.779976514123714 -2.9072985867302137 -12.276486209281288 -8.686073842321083 -10.649349621404554 -14.099169096566369 -13.530560617071162 -14.33027049974651 -10.868716693185014
1.9839679358717435 -7.273456223352692 -11.197170827895562 -9.702837472467198 -10.05833522204794 -12.563971716506526 -12.043367215085805 -5.705107988393784 -3.319715868836237 4.5750196400437 -2.0999898149332448 -0.19688340247327885 -8.379017933586052 -5.985711004659841 -12.052436296208093 -10.43664769639036 -3.6700701267369173 -8.596143399951897 -6.908641516694001 -11.16631528381598 -9.653151843357328 -2.6438039071716624 -12.208298559050057 -8.545130378182648 -10.54637375500647 -14.09095546116651 -13.498933633399533 -14.338266361506927 -10.785200934954755
2.0440881763527052 -7.099953829070067 -11.10206123692068 -9.576052940591513 -9.952145338016791 -12.502567249258743 -11.968322336243489 -5.501494551522007 -3.0511500661503277 4.9640124626333 -1.891189008209348 0.010652421204767837 -8.222450066609259 -5.791571991437511 -11.967620350840484 -10.324892881536815 -3.4112886875778625 -8.44666366558245 -6.728028717380905 -11.070328791866935 -9.52437348764212 -2.37842149180981 -12.138141657869532 -8.402469532375338 -10.441607324738449 -14.080810447409691 -13.465340068025744 -14.344378898157151 -10.70013206117764
2.1042084168336674 -6.9243964186394 -11.004863713759931 -9.447195576588872 -9.844154645172818 -12.439098435102114 -11.891190586628912 -5.295769014463093 -2.7804034222441487 5.354148204126134 -1.681528030306509 0.21944666420962067 -8.063708886806637 -5.595501128973325 -11.880743413364574 -10.211254173051724 -3.1503287622713683 -8.295146369258573 -6.545359830184729 -10.972255340544503 -9.3934881499505 -2.1108070384716093 -12.065943413708649 -8.257911916921561 -10.334928018628187 -14.068740967135367 -13.42975641659084 -14.348635916831432 -10.613404977974632
2.164328657314629 -6.746872024396087 -10.905673982153914 -9.316358865005512 -9.734449155013625 -12.373662400626628 -11.812068585593263 -5.088018871459151 -2.5075570628266597 5.745351326345848 -1.4710293227462574 0.4294815421985523 -7.902886597343504 -5.3975865393123925 -11.791901747595432 -10.095826976640556 -2.8872741975954352 -8.141685107278105 -6.3607224582996125 -10.872190676680376 -9.260589467649112 -1.8410443904264895 -11.991801017477588 -8.111544119439458 -10.22642898664424 -14.054843965912125 -13.392280123154306 -14.351133849654277 -10.525104958966605
2.224448897795591 -6.567275509126276 -10.804455024112478 -9.183479107413497 -9.622974704106344 -12.306249685830242 -11.730935737457493 -4.878114996495731 -2.2324252040221637 6.137904078657194 -1.2595035716869059 0.6409500243401003 -7.739894935580971 -5.197707512076274 -11.701066913851196 -9.978561636853229 -2.6219494646419617 -7.986198875764978 -6.174005543352017 -10.77009713084264 -9.125612261593261 -1.5689527581388063 -11.915698362812872 -7.963283904535654 -10.116063651617875 -14.03914994304685 -13.352923815743141 -14.351915461627376 -10.435193931059867
2.284569138276553 -6.385458249659504 -10.70113775013434 -9.0484559071764 -9.509644763510217 -12.236823860289405 -11.64774235535912 -4.665880099987279 -1.9547641152606585 6.532161221926242 -1.046721760298332 0.8540852062480977 -7.574604174363942 -4.995697229463939 -11.608180031306851 -9.859374733556702 -2.354122526336433 -7.828566792299029 -5.985053492555217 -10.665904837489641 -8.988454233744747 -1.2942936600085986 -11.837591164465255 -7.8130107563834805 -10.003752584544099 -14.021670638556676 -13.311677600255647 -14.351007434886094 -10.343605207280735
2.344689378757515 -6.201367190693858 -10.595714805029939 -8.911264257576033 -9.394439910396581 -12.165395772180947 -11.562491856945591 -4.451245340968476 -1.6744664537846885 6.928288644405851 -0.8325711443522184 1.0690042437271399 -7.406972682608573 -4.791493459971669 -11.51323956373463 -9.738252020068902 -2.083693515366367 -7.668753230023612 -5.79380934749592 -10.55960604597443 -8.849089292852419 -1.0169635498873397 -11.757486217041588 -7.660686697423245 -9.88948246222975 -14.002443278396902 -13.268567035625443 -14.348455037907557 -10.250330382710953
2.4048096192384767 -6.014973187067589 -10.488192730780916 -8.77189708236724 -9.277356545076287 -12.091985938606804 -11.475199018252873 -4.2341695375404695 -1.39146075388318 7.326400698971065 -0.6169721964184478 1.2857910673957886 -7.236980439961649 -4.585060614892388 -11.416256602974066 -9.615195496970383 -1.8105971999130621 -7.506743464040235 -5.600240967235273 -10.451207017225492 -8.707509496338943 -0.7368942883547547 -11.675401126181768 -7.506293961430313 -9.773255262313079 -13.98150849552749 -13.223623951010913 -14.344304968344444 -10.155374431479718
2.464929859719439 -5.8260895822680325 -10.378469995033228 -8.630219268455317 -9.15827779058997 -12.016528289802029 -11.385783245954162 -4.014434600081468 -1.105457115421302 7.72690080989937 -0.3996751021431417 1.5047010855788803 -7.064459940152255 -4.376193295763681 -11.317140853579641 -9.490089842002202 -1.5345561577420708 -7.342380668998396 -5.404154199116764 -10.340605392477933 -8.56357740006187 -0.45380103649513615 -11.591261531818962 -7.3496777492710486 -9.65495980597181 -13.958853670343794 -13.176811671831315 -14.338561368847598 -10.05864333969516
2.5250501002004007 -5.6347887911868 -10.266617726993026 -8.486303247326958 -9.037270375967434 -11.939092108362868 -11.294314460872652 -3.7921150360015785 -0.8165303767048291 8.129701292829306 -0.18072512166035848 1.72569335998508 -6.889484650118079 -4.1649672515105465 -11.215963180148478 -9.363009666704738 -1.2556468700544987 -7.1757404649895635 -5.205621822761106 -10.227872438774703 -8.41736549138977 -0.16776042460531215 -11.505137965997978 -7.190907501874424 -9.53466728954277 -13.93454430617602 -13.128197830249258 -14.331288208538203 -9.960202701147765
2.5851703406813624 -5.440940975587374 -10.152569202491808 -8.340057601196733 -8.91425609641491 -11.859636764899228 -11.200741262410165 -3.5670578981553644 -0.5244738810494629 8.53508848408756 0.04005389570137341 1.9489499260164114 -6.711938936919204 -3.95123990167463 -11.112665277657651 -9.233879556942092 -0.9736724631434978 -7.00671628954266 -5.004508505725411 -10.112940859350044 -8.268780525402715 0.1214301022090325 -11.41698403619845 -7.02987692999443 -9.412304318121976 -13.908579245471627 -13.0777636117328 -14.322496664400644 -9.859991644133892
2.6452905811623246 -5.2444470683124855 -10.036276890152678 -8.191414788236973 -8.78917797081261 -11.778135886785801 -11.105028481006407 -3.3391453897199517 -0.22912561650340257 8.943286027510183 0.2627989835220572 2.174614056304446 -6.531735328280573 -3.7349026421540406 -11.007206555858026 -9.102646039456712 -0.6884793070028582 -6.835228938950732 -4.800710741045755 -9.995762684975986 -8.11775339167065 0.41392895265961016 -11.326768950888386 -6.866506155494552 -9.287818289271215 -13.880964231353373 -13.025500471689034 -14.31220248863056 -9.757967626182484
2.7054108216432864 -5.045231282217024 -9.917707580945159 -8.040325213142676 -8.661994894042557 -11.69457359868808 -11.007152973598284 -3.1082863921283552 0.06964239343968637 9.354469933767234 0.4876173305042646 2.402799368711556 -6.348807628993421 -3.5158726245089373 -10.89955960150266 -8.969272086325734 -0.39994673235772316 -6.661219875217516 -4.594149120375679 -9.876304374241531 -7.96423313104448 0.7098608729689637 -11.234473462776577 -6.700735189119715 -9.161172137908427 -13.851709800576407 -12.971407272930849 -14.300424417310767 -9.65410173637741
2.7655310621242486 -4.843255201537957 -9.796852060885612 -7.8867686783856605 -8.532691612025936 -11.608952255346043 -10.9071121579335 -2.8744323300578065 0.37190444055703176 9.768743507153875 0.7145715950306024 2.6335746993047207 -6.163124187902629 -3.294107851577785 -10.789719232849599 -8.833747464968049 -0.10800611087108825 -6.484663912423724 -4.384782830137226 -9.754556534456409 -7.808198542682323 1.009297425787441 -11.140098066538595 -6.532536087598224 -9.032354342112683 -13.820835944638839 -12.915496351307619 -14.287187829185529 -9.548387297748864
2.8256513026052104 -4.63842737312584 -9.67366419626563 -7.730681579247616 -8.401214651737092 -11.521244325275823 -10.804870662191615 -2.6374751921697124 0.6778079546138651 10.186305253692161 0.9437798682365011 2.8670653432808604 -5.974603445750575 -3.069509539670485 -10.67764558061689 -8.696022432167442 0.18748221643593477 -6.305488044769267 -4.172516557328336 -9.630472682458944 -7.649584488654586 1.3123827710649039 -11.043611695599438 -6.361834776719721 -8.901315062967896 -13.788343850818341 -12.85775617567335 -14.27250287752704 -9.440784329009855
2.885771543086172 -4.430585209162263 -9.548048722559823 -7.571942335346886 -8.267459720762211 -11.43138275334179 -10.700349618362104 -2.3972270725603826 0.9875990419217298 10.60748136314444 1.1754349430498938 3.103473114177874 -5.783096923505664 -2.8419027606826615 -10.563252708212858 -8.555994727313518 0.4867536900299353 -6.12355528902954 -3.957181856310843 -9.503956971785925 -7.488267108582427 1.6193590213895703 -10.944941491404716 -6.1884955482219794 -8.767953538630415 -13.754210359459014 -12.79814393730623 -14.256360287447619 -9.331208804990645
2.9458917835671343 -4.219776096105647 -9.420051300168275 -7.410598124406302 -8.131470683573454 -11.339411411865363 -10.593593355861568 -2.15373718634667 1.3012284279776412 11.0322087246754 1.4094973046799102 3.342763926979725 -5.588652279531392 -2.6113393959730797 -10.446586229747645 -8.413715518903608 0.7897571259148674 -5.938917095096252 -3.7388265562892364 -9.37505524525763 -7.324293420541981 1.9301752856139132 -10.84413300339417 -6.012563906908053 -8.632316658873052 -13.718476651958438 -12.736702475830535 -14.238800097184948 -9.21970480765209
3.006012024048096 -4.005943070054094 -9.289646274327641 -7.246611506654794 -7.9932169748956206 -11.24531722499869 -10.484583350951606 -1.9069373659549804 1.6187921867012813 11.460615178782053 1.6460399971062327 3.5850180776985288 -5.391219366979663 -2.3777591131165505 -10.327624970898956 -8.269159020749417 1.0965824144027603 -5.751531115047254 -3.5173911362202226 -9.243741675214725 -7.157624781918592 2.2449248741951244 -10.741171344249771 -5.833994932443982 -8.494376927239493 -13.681149427595328 -12.673429881720553 -14.219835106822385 -9.1062518076974
3.066132264529058 -3.788948682113169 -9.156752750122337 -7.079879660568835 -7.852610770623016 -11.149042881208757 -10.373252294654431 -1.6566689280711444 1.9404984525641924 11.892973942635209 1.8852214614106448 3.8304033568016007 -5.190672412549085 -2.141015358757685 -10.206296027200754 -8.122240323038021 1.4074281715324655 -5.561282754206364 -3.2927333007389237 -9.109934928267123 -6.988156315875802 2.563812308238944 -10.635994798009758 -5.652674081719429 -8.35404953364133 -13.642208513183308 -12.608289446212789 -14.199456869724257 -8.990779762064314
3.12625250501002 -3.5687490137677713 -9.021352346844882 -6.9103747827044515 -7.7096299817094405 -11.050580093039937 -10.259587416646028 -1.4028789335060943 2.2664234202648714 12.329385111357386 2.127096494503569 4.078982065726283 -4.986972994084902 -1.9010626679958558 -10.082584795254618 -7.97294265193645 1.7223649808736918 -5.3681413503325865 -3.064807123725295 -8.973616532517141 -6.815859127077726 2.8869112071056158 -10.528594058140506 -5.468567391810737 -8.211315155916328 -13.601661810230821 -12.541282119248772 -14.177678242608545 -8.87327535493812
3.186372745490982 -3.3452065077336357 -8.883362633292542 -6.737993139688392 -7.564186102484527 -10.949869414569342 -10.143519455462222 -1.1454090483917512 2.596773956022478 12.770118122056214 2.3718195985018125 4.330918799573823 -4.779994735560867 -1.657755261308566 -9.956416739396047 -7.821180691467558 2.041590173744303 -5.171992289694935 -2.83347035838041 -8.834703655367129 -6.640627384814373 3.214424860026188 -10.418905633588533 -5.2815600011913055 -8.066088024118496 -13.559486409876074 -12.472368753534917 -14.154487868932682 -8.753667947015114
3.2464929859719436 -3.1183395717526885 -8.742806149940918 -6.562756489665897 -7.416300301402465 -10.846934151185437 -10.025071028161037 -0.8842770956675239 2.9315374310524156 13.21515732954374 2.619375339260746 4.586204135817887 -4.5697572885816955 -1.4111153183733587 -9.827815287461139 -7.666982657193782 2.365088125061614 -4.972860849529838 -2.5987413839397355 -8.693218996692522 -6.46248241994142 3.546338731289236 -10.306954231055148 -5.091671372686264 -7.9183918053271185 -13.51570739281829 -12.401574079939282 -14.129911109105018 -8.631981369654458
3.306613226452906 -2.888006239135681 -8.599596280004498 -6.384556866020148 -7.2658803730159605 -10.741710764324743 -9.904168688874506 -0.6193201864749398 3.2709256590866076 13.664777867133072 2.869920111584126 4.845004999541494 -4.356129788081032 -1.1609930282020857 -9.696701824655715 -7.510259715800463 2.6930608946839274 -4.7706285977235625 -2.360473555777194 -8.549075557596932 -6.281314104978257 3.8828610032043365 -10.19267243840737 -4.898782595627207 -7.768136822933798 -13.470298157541281 -12.328855096332683 -14.103933046400153 -8.508141740766995
3.3667334669338675 -2.654146098088077 -8.453701102320146 -6.203351814092901 -7.112891342385055 -10.634178697149572 -9.780786774896555 -0.35046762329474673 3.615035457714537 14.119105735928038 3.1235211291133074 5.107396958480127 -4.139057686929129 -0.907326524295428 -9.563048751456044 -7.3509823567284664 3.025598946076069 -4.565250313603941 -2.1186042490152523 -8.402241335731215 -6.097078700007206 4.224085718986643 -10.0760387394633 -4.702844941922244 -7.615290476362571 -13.423256796824832 -12.254201858033527 -14.076557523986642 -8.382124460513118
