web/models/kne/20/mosfit_kn_0.077496_0.3903_10.0000.dat
# %ECSV 1.0
# ---
# datatype:
# - {name: time, datatype: float64}
# - {name: PS1_g, datatype: float64}
# - {name: PS1_i, datatype: float64}
# - {name: PS1_r, datatype: float64}
# - {name: PS1_w, datatype: float64}
# - {name: PS1_y, datatype: float64}
# - {name: PS1_z, datatype: float64}
# - {name: swift_uvot_B, datatype: float64}
# - {name: swift_uvot_U, datatype: float64}
# - {name: swift_uvot_uvm2, datatype: float64}
# - {name: swift_uvot_uvw1, datatype: float64}
# - {name: swift_uvot_uvw2, datatype: float64}
# - {name: swift_uvot_V, datatype: float64}
# - {name: johnson_B, datatype: float64}
# - {name: johnson_I, datatype: float64}
# - {name: johnson_R, datatype: float64}
# - {name: johnson_U, datatype: float64}
# - {name: johnson_V, datatype: float64}
# - {name: sdss_g, datatype: float64}
# - {name: sdss_i, datatype: float64}
# - {name: sdss_r, datatype: float64}
# - {name: sdss_u, datatype: float64}
# - {name: sdss_z, datatype: float64}
# - {name: ATLAS_c, datatype: float64}
# - {name: ATLAS_o, datatype: float64}
# - {name: ukirt_H, datatype: float64}
# - {name: ukirt_J, datatype: float64}
# - {name: ukirt_K, datatype: float64}
# - {name: Clear, datatype: float64}
# meta: !!omap
# - comment: [kappa = 10.0, type = rprocess, mass = 0.07749594937791414, velocity = 0.3903333333333333, theta_obs = 0.0, tfloor = 1000.0]
# schema: astropy-2.0
time PS1_g PS1_i PS1_r PS1_w PS1_y PS1_z swift_uvot_B swift_uvot_U swift_uvot_uvm2 swift_uvot_uvw1 swift_uvot_uvw2 swift_uvot_V johnson_B johnson_I johnson_R johnson_U johnson_V sdss_g sdss_i sdss_r sdss_u sdss_z ATLAS_c ATLAS_o ukirt_H ukirt_J ukirt_K Clear
[from data line 435]
26.2124248496994 8.175208732497463 -0.7066200807018141 2.768450697336018 0.8005268858320491 -4.229810129227083 -2.8121341643799447 11.71511530906195 18.37405940695687 32.26265471098604 14.33964193903142 16.85265844551107 6.134725425368248 10.51117799209576 -2.2601333871237648 0.7098993796012352 17.34305822770511 5.179703090199495 8.987748833811917 -0.6253641285888278 2.99693935683246 18.875164937131697 -3.3855617764019463 4.747527267078677 0.2951147424688827 -9.178797507142578 -7.0293082116528876 -10.53908618761575 -1.485367157929307
26.27254509018036 8.18275196636229 -0.6990768468369879 2.775993931200862 0.8080701196968754 -4.222266895362239 -2.8045909305151184 11.722658542926776 18.381602640821697 32.27019794485087 14.347185172896246 16.860201679375898 6.142268659233092 10.518721225960586 -2.2525901532589385 0.7174426134660614 17.350601461569955 5.187246324064339 8.995292067676743 -0.6178208947240016 3.004482590697286 18.882708170996523 -3.37801854253712 4.7550705009435035 0.30265797633370894 -9.171254273277734 -7.0217649777880435 -10.531542953750924 -1.4778239240644808
26.33266533066132 8.190261050785974 -0.6915677624133032 2.7835030156245466 0.8155792041205601 -4.214757810938572 -2.7970818460914337 11.730167627350461 18.38911172524538 32.27770702927455 14.354694257319931 16.867710763799582 6.149777743656759 10.526230310384271 -2.245081068835254 0.7249516978897461 17.358110545993622 5.194755408488024 9.002801152100428 -0.6103118103003169 3.0119916751209708 18.890217255420207 -3.3705094581134354 4.762579585367188 0.31016706075739364 -9.16374518885405 -7.014255893364359 -10.524033869327239 -1.4703148396407961
26.392785571142284 8.197736161361373 -0.6840926518379042 2.790978126199928 0.823054314695959 -4.207282700363173 -2.7896067355160348 11.73764273792586 18.39658683582078 32.285182139849944 14.36216936789533 16.87518587437498 6.157252854232158 10.53370542095967 -2.237605958259855 0.7324268084651451 17.36558565656902 5.202230519063405 9.01027626267581 -0.6028366997249179 3.0194667856963697 18.897692365995606 -3.3630343475380364 4.770054695942587 0.3176421713327926 -9.156270078278668 -7.006780782788978 -10.51655875875184 -1.4628397290653972
26.452905811623246 8.205177831109616 -0.6766509820896616 2.7984197959481882 0.8304959844442017 -4.1998410306149125 -2.782165065767792 11.745084407674103 18.404028505569023 32.2926238095982 14.369611037643573 16.882627544123224 6.1646945239804 10.541147090707913 -2.230164288511612 0.7398684782133877 17.37302732631728 5.209672188811665 9.01771793242407 -0.5953950299766753 3.0269084554446124 18.90513403574385 -3.3555926777897938 4.77749636569083 0.3250838410810353 -9.148828408530408 -6.999339113040717 -10.509117089003597 -1.4553980593171545
26.51302605210421 8.212586499417114 -0.6692423137821635 2.8058284642556863 0.8379046527516998 -4.1924323623074145 -2.774756397460294 11.7524930759816 18.41143717387652 32.300032477905695 14.37701970595107 16.890036212430722 6.172103192287916 10.54855575901541 -2.222755620204114 0.7472771465208858 17.38043599462478 5.217080857119163 9.025126600731568 -0.5879863616691772 3.0343171237521105 18.912542704051347 -3.3481840094822957 4.784905033998328 0.33249250938853336 -9.14141974022291 -6.991930444733219 -10.501708420696099 -1.4479893910096564
26.573146292585168 8.219962486570491 -0.6618663266287861 2.813204451409046 0.8452806399050594 -4.185056375154055 -2.7673804103069166 11.759869063134978 18.41881316102988 32.30740846505906 14.384395693104448 16.8974121995841 6.179479179441276 10.555931746168788 -2.2153796330507367 0.7546531336742455 17.38781198177814 5.224456844272523 9.032502587884927 -0.5806103745157998 3.041693110905488 18.919918691204707 -3.3408080223289183 4.7922810211516875 0.33986849654191076 -9.13404375306955 -6.9845544575798595 -10.494332433542722 -1.440613403856279
26.63326653306613 8.227306354734107 -0.6545224584651699 2.82054831957268 0.8526245080686934 -4.177712506990421 -2.7600365421433004 11.767212931298594 18.426157029193515 32.314752333222685 14.391739561268064 16.904756067747716 6.18682304760491 10.563275614332404 -2.2080357648871205 0.7619970018378794 17.395155849941773 5.231800712436157 9.039846456048561 -0.5732665063521836 3.049036979069104 18.92726255936834 -3.333464154165302 4.7996248893153215 0.34721236470552697 -9.126699884905916 -6.9772105894162255 -10.486988565379106 -1.4332695356926628
26.693386773547093 8.23461856388466 -0.6472102493146359 2.827860528723214 0.8599367172192274 -4.170400297839887 -2.7527243329927664 11.774525140449146 18.43346923834405 32.322064542373234 14.399051770418616 16.912068276898268 6.194135256755444 10.570587823482938 -2.2007235557365687 0.7693092109884134 17.402468059092307 5.239112921586691 9.047158665199095 -0.5659542972016318 3.056349188219656 18.934574768518875 -3.3261519450147503 4.8069370984658555 0.3545245738560787 -9.119387675755382 -6.9698983802656915 -10.479676356228554 -1.425957326542111
26.753507014028056 8.241899514284992 -0.6399292989142857 2.8351414791235463 0.8672176676195775 -4.1631193474395545 -2.7454433825924163 11.781806090849479 18.4407501887444 32.32934549277356 14.406332720818948 16.9193492272986 6.201416207155776 10.577868773883289 -2.1934426053362364 0.7765901613887636 17.40974900949264 5.246393871987023 9.054439615599428 -0.5586733468012994 3.0636301386199882 18.941855718919225 -3.318870994614418 4.814218048866206 0.3618055242564111 -9.11210672535505 -6.962617429865359 -10.472395405828221 -1.4186763761417787
26.81362725450902 8.249149549513284 -0.6326792636859935 2.8423915143518563 0.8744677028478698 -4.155869312211262 -2.738193347364124 11.78905612607777 18.44800022397269 32.336595528001865 14.41358275604724 16.926599262526892 6.208666242384068 10.58511880911158 -2.186192570107944 0.7838401966170558 17.41699904472093 5.253643907215333 9.061689650827738 -0.5514233115730072 3.0708801738482805 18.949105754147517 -3.3116209593861257 4.821468084094498 0.36905555948470337 -9.10485669012674 -6.955367394637067 -10.465145370599929 -1.4114263409134864
26.873747494989978 8.256369035149334 -0.6254597780499616 2.8496109999878882 0.8816871884839017 -4.1486498265752125 -2.730973861728092 11.796275611713803 18.455219709608723 32.343815013637894 14.420802241683273 16.933818748162924 6.215885728020118 10.592338294747613 -2.178973084471912 0.7910596822530878 17.42421853035698 5.260863392851365 9.06890913646377 -0.5442038259369575 3.0780996594843124 18.95632523978355 -3.304401473750076 4.82868756973053 0.3762750451207353 -9.097637204490708 -6.948147909001017 -10.45792588496388 -1.4042068552774367
26.93386773547094 8.263558188056237 -0.6182706251430581 2.8568001528947917 0.8888763413908052 -4.141460673668309 -2.7237847088211886 11.803464764620706 18.462408862515627 32.3510041665448 14.427991394590176 16.941007901069828 6.2230748809270215 10.599527447654516 -2.1717839315650087 0.7982488351599912 17.431407683263885 5.268052545758269 9.076098289370673 -0.537014673030054 3.085288812391216 18.963514392690453 -3.2972123208431725 4.835876722637433 0.3834641980276565 -9.090448051583804 -6.940958756094114 -10.450736732056976 -1.3970177023705332
26.993987975951903 8.270717578896178 -0.6111112343030989 2.863959543734733 0.8960357322307466 -4.134301282828368 -2.7166253179812294 11.810624155460665 18.46956825335557 32.35816355738475 14.435150785430135 16.948167291909787 6.230234271766963 10.606686838494475 -2.1646245407250495 0.8054082259999327 17.438567074103826 5.27521193659821 9.083257680210615 -0.5298552821901126 3.092448203231175 18.970673783530394 -3.290052930003231 4.843036113477375 0.39062358886759796 -9.083288660743863 -6.933799365254172 -10.443577341217035 -1.3898583115305918
27.054108216432866 8.277847682020738 -0.6039811311785392 2.8710896468593106 0.903165835355324 -4.12717117970379 -2.7094952148566698 11.817754258585225 18.476698356480146 32.365293660509316 14.442280888554695 16.955297395034346 6.23736437489154 10.613816941619035 -2.15749443760049 0.8125383291245101 17.445697177228404 5.282342039722788 9.090387783335192 -0.5227251790655529 3.0995783063557347 18.97780388665497 -3.2829228268786714 4.850166216601952 0.3977536919921576 -9.076158557619285 -6.926669262129595 -10.436447238092457 -1.3827282084060144
27.11422845691383 8.284948821620688 -0.5968799915785894 2.8781907864592426 0.9102669749552739 -4.120070040103858 -2.70239407525672 11.824855398185175 18.483799496080096 32.37239480010927 14.449382028154645 16.962398534634296 6.2444655144914725 10.620918081218985 -2.15039329800054 0.8196394687244599 17.452798316828336 5.289443179322737 9.097488922935142 -0.5156240394656031 3.1066794459556846 18.98490502625492 -3.2758216872787216 4.857267356201902 0.40485483159210744 -9.069057418019353 -6.919568122529663 -10.429346098492525 -1.3756270688060823
27.174348697394787 8.2920214314667 -0.5898073817325766 2.8852633963052554 0.9173395848012866 -4.112997430257845 -2.695321465410707 11.831928008031188 18.49087210592611 32.379467409955275 14.456454638000658 16.96947114448031 6.251538124337485 10.627990691064998 -2.1433206881545273 0.8267120785704727 17.45987092667435 5.2965157891687324 9.104561532781155 -0.5085514296195903 3.1137520558016973 18.991977636100934 -3.268749077432709 4.864339966047915 0.4119274414381202 -9.06198480817334 -6.91249551268365 -10.422273488646512 -1.3685544589600696
27.23446893787575 8.299066034635896 -0.5827627785633993 2.8923079994744505 0.924384187970464 -4.10595282708865 -2.68827686224153 11.838972611200365 18.497916709095286 32.38651201312447 14.463499241169853 16.976515747649504 6.25858272750668 10.635035294234175 -2.13627608498535 0.83375668173965 17.466915529843543 5.3035603923379275 9.111606135950332 -0.5015068264503952 3.1207966589708924 18.99902223927011 -3.2617044742635137 4.871384569217092 0.4189720446073153 -9.054940205004145 -6.905450909514455 -10.415228885477317 -1.3615098557908745
27.294589178356713 8.30608257481499 -0.5757462383842871 2.899324539653545 0.9314007281495584 -4.098936286909556 -2.6812603220624176 11.845989151379477 18.50493324927438 32.39352855330356 14.470515781348947 16.9835322878286 6.265599267685775 10.642051834413287 -2.1292595448062377 0.8407732219187622 17.473932070022638 5.310576932517022 9.118622676129426 -0.49449028627130076 3.127813199149987 19.006038779449206 -3.2546879340844193 4.8784011093961865 0.4259885847864098 -9.047923664825051 -6.8984343693353605 -10.408212345298223 -1.35449331561178
27.354709418837675 8.313071633415383 -0.5687571797838942 2.906313598253938 0.9383897867499691 -4.091947228309163 -2.6742712634620247 11.85297820997987 18.51192230787479 32.400517611903965 14.47750483994934 16.99052134642899 6.272588326286168 10.64904089301368 -2.122270486205845 0.8477622805191551 17.48092112862303 5.317565991117433 9.125611734729837 -0.48750122767090787 3.13480225775038 19.013027838049616 -3.2476988754840264 4.885390167996597 0.43297764338680267 -9.040934606224658 -6.891445310734968 -10.40122328669783 -1.347504257011387
27.414829659318634 8.3200334832107 -0.561795329988577 2.913275448049273 0.9453516365452863 -4.084985378513846 -2.6673094136667075 11.859940059775187 18.518884157670108 32.40747946169928 14.484466689744657 16.99748319622431 6.279550176081485 10.656002742808997 -2.1153086364105276 0.8547241303144724 17.487882978418348 5.32452784091275 9.132573584525154 -0.48053937787559065 3.141764107545697 19.019989687844934 -3.240737025688709 4.892352017791914 0.4399394931821199 -9.033972756429323 -6.884483460939633 -10.394261436902513 -1.3405424072160699
27.474949899799597 8.326968619970181 -0.5548601932290964 2.9202105848087356 0.9522867733047491 -4.078050241754365 -2.660374276907227 11.866875196534668 18.52581929442957 32.414414598458755 14.491401826504138 17.00441833298379 6.2864853128409655 10.662937879568478 -2.108373499651047 0.8616592670739351 17.49481811517783 5.331462977672213 9.139508721284617 -0.4736042411161101 3.1486992443051776 19.026924824604396 -3.2338018889292286 4.899287154551377 0.44687462994160043 -9.02703761966986 -6.87754832418017 -10.387326300143032 -1.3336072704565893
27.53507014028056 8.33387732308303 -0.5479514901162474 2.9271192879215846 0.9591954764175981 -4.071141538641516 -2.653465573794378 11.873783899647517 18.53272799754242 32.4213233015716 14.498310529616987 17.011327036096638 6.293394015953814 10.66984658268131 -2.101464796538198 0.8685679701867841 17.501726818290678 5.338371680785062 9.146417424397466 -0.46669553800326113 3.1556079474180265 19.033833527717245 -3.2268931858163796 4.906195857664226 0.4537833330544494 -9.020128916557011 -6.870639621067321 -10.380417597030183 -1.3266985673437404
27.595190380761522 8.340760173310926 -0.5410686398883513 2.9340021381494807 0.966078326645512 -4.06425868841362 -2.646582723566482 11.880666749875413 18.539610847770334 32.42820615179951 14.505193379844883 17.018209886324534 6.300276866181711 10.676729432909223 -2.094581946310302 0.875450820414698 17.508609668518574 5.3452545310129755 9.15330027462538 -0.459812687775365 3.1624907976459227 19.04071637794516 -3.2200103355884835 4.91307870789214 0.46066618328234554 -9.013246066329115 -6.863756770839425 -10.373534746802287 -1.3198157171158442
27.655310621242485 8.347617427405307 -0.5342113857939701 2.940859392243862 0.9729355807398754 -4.057401434319239 -2.6397254694721006 11.887524003969794 18.546468101864697 32.43506340589388 14.512050633939264 17.025067140418916 6.307134120276092 10.683586687003586 -2.0877246922159207 0.8823080745090615 17.515466922612955 5.352111785107339 9.160157528719743 -0.4529554336809838 3.169348051740304 19.047573632039523 -3.2131530814941023 4.9199359619865035 0.46752343737672675 -9.006388812234734 -6.8568995167450435 -10.366677492707906 -1.312958463021463
27.715430861723444 8.354449243502184 -0.5273795696971106 2.947691208340739 0.9797673968367526 -4.050569618222362 -2.632893653375241 11.894355820066654 18.553299917961574 32.44189522199075 14.518882450036124 17.031898956515775 6.313965936372969 10.690418503100464 -2.0808928761190613 0.8891398906059387 17.522298738709832 5.358943601204216 9.16698934481662 -0.44612361758410657 3.1761798678371633 19.0544054481364 -3.206321265397225 4.926767778083381 0.47435525347360397 -8.999556996137857 -6.850067700648166 -10.359845676611029 -1.3061266469245858
27.775551102204407 8.361256093791916 -0.5205727194073617 2.954498058630488 0.9865742471265015 -4.0437627679326305 -2.6260868030854922 11.901162670356403 18.560106768251323 32.4487020722805 14.525689300325872 17.038705806805524 6.3207727866627 10.697225353390213 -2.0740860258293123 0.8959467408956876 17.52910558899958 5.365750451493965 9.17379619510637 -0.4393167672943754 3.1829867181269123 19.06121229842615 -3.199514415107494 4.93357462837313 0.4811621037633351 -8.992750145848108 -6.843260850358417 -10.353038826321297 -1.2993197966348546
27.83567134268537 8.368038239512785 -0.51379057368651 2.9612802043513398 0.9933563928473532 -4.036980622211761 -2.6193046573646406 11.907944816077254 18.566888913972175 32.45548421800135 14.532471446046742 17.045487952526393 6.32755493238357 10.704007499111064 -2.0673038801084607 0.9027288866165393 17.535887734720433 5.372532597214817 9.180578340827221 -0.432534621573506 3.1897688638477817 19.067994444147 -3.1927322693866245 4.940356774093981 0.48794424948420456 -8.985968000127256 -6.836478704637566 -10.346256680600428 -1.2925376509139852
27.895791583166332 8.37479602742384 -0.5070327857754364 2.9680379922624134 1.0001141807584268 -4.030222834300687 -2.612546869453567 11.914702603988328 18.57364670188325 32.46224200591242 14.539229233957798 17.05224574043745 6.334312720294643 10.710765287022138 -2.060546092197387 0.9094866745276129 17.542645522631506 5.37929038512589 9.187336128738295 -0.4257768336624501 3.1965266517588375 19.074752232058074 -3.1859744814755686 4.947114562005055 0.4947020373952604 -8.979210212216183 -6.829720916726492 -10.339498892689372 -1.2857798630029116
