web/models/kne/20/mosfit_kn_0.018177_0.2963_10.0000.dat
# %ECSV 1.0
# ---
# datatype:
# - {name: time, datatype: float64}
# - {name: PS1_g, datatype: float64}
# - {name: PS1_i, datatype: float64}
# - {name: PS1_r, datatype: float64}
# - {name: PS1_w, datatype: float64}
# - {name: PS1_y, datatype: float64}
# - {name: PS1_z, datatype: float64}
# - {name: swift_uvot_B, datatype: float64}
# - {name: swift_uvot_U, datatype: float64}
# - {name: swift_uvot_uvm2, datatype: float64}
# - {name: swift_uvot_uvw1, datatype: float64}
# - {name: swift_uvot_uvw2, datatype: float64}
# - {name: swift_uvot_V, datatype: float64}
# - {name: johnson_B, datatype: float64}
# - {name: johnson_I, datatype: float64}
# - {name: johnson_R, datatype: float64}
# - {name: johnson_U, datatype: float64}
# - {name: johnson_V, datatype: float64}
# - {name: sdss_g, datatype: float64}
# - {name: sdss_i, datatype: float64}
# - {name: sdss_r, datatype: float64}
# - {name: sdss_u, datatype: float64}
# - {name: sdss_z, datatype: float64}
# - {name: ATLAS_c, datatype: float64}
# - {name: ATLAS_o, datatype: float64}
# - {name: ukirt_H, datatype: float64}
# - {name: ukirt_J, datatype: float64}
# - {name: ukirt_K, datatype: float64}
# - {name: Clear, datatype: float64}
# meta: !!omap
# - comment: [kappa = 10.0, type = rprocess, mass = 0.018176879801416274, velocity = 0.29633333333333334, theta_obs = 0.0, tfloor = 1000.0]
# schema: astropy-2.0
time PS1_g PS1_i PS1_r PS1_w PS1_y PS1_z swift_uvot_B swift_uvot_U swift_uvot_uvm2 swift_uvot_uvw1 swift_uvot_uvw2 swift_uvot_V johnson_B johnson_I johnson_R johnson_U johnson_V sdss_g sdss_i sdss_r sdss_u sdss_z ATLAS_c ATLAS_o ukirt_H ukirt_J ukirt_K Clear
[from data line 438]
26.392785571142284 10.376862383618342 1.4950335704190643 4.970104348456896 3.0021805369529275 -2.0281564781062045 -0.6104805132590663 13.916768960182829 20.57571305807774 34.46430836210692 16.5412955901523 19.05431209663195 8.336379076489127 12.712831643216639 -0.05847973600288636 2.9115530307221134 19.544711878826 7.381356741320391 11.189402484932796 1.5762895225320506 5.198593007953338 21.076818588252564 -1.183908125281068 6.949180918199556 2.496768393589761 -6.9771438560217005 -4.827654560532009 -8.337432536494871 0.7162864931915713
26.452905811623246 10.384053933295654 1.5022251200963765 4.977295898134226 3.00937208663024 -2.0209649284288744 -0.603288963581754 13.923960509860141 20.58290460775506 34.471499911784235 16.54848713982961 19.061503646309262 8.343570626166457 12.720023192893951 -0.05128818632557408 2.9187445803994256 19.55190342850331 7.388548290997703 11.196594034610108 1.5834810722093628 5.2057845576306505 21.084010137929887 -1.1767165756037556 6.956372467876868 2.5039599432670734 -6.9699523063443705 -4.820463010854679 -8.330240986817559 0.7234780428689014
26.51302605210421 10.39123772627189 1.509408913072594 4.984479691110444 3.0165558796064573 -2.013781135452657 -0.5961051706055365 13.931144302836358 20.59008840073128 34.47868370476046 16.555670932805846 19.068687439285487 8.350754419142675 12.727206985870168 -0.04410439334935656 2.925928373375643 19.559087221479537 7.395732083973921 11.203777827586325 1.5906648651855981 5.212968350606886 21.091193930906105 -1.1695327826275204 6.963556260853085 2.5111437362433087 -6.962768513368153 -4.813279217878462 -8.323057193841324 0.7306618358451189
26.573146292585168 10.398413778374014 1.5165849651747187 4.9916557432125686 3.023731931708582 -2.0066050833505322 -0.5889291185034118 13.938320354938483 20.597264452833404 34.485859756862574 16.562846984907953 19.07586349138761 8.3579304712448 12.734383037972293 -0.03692834124723188 2.933104425477768 19.56626327358166 7.402908136076046 11.21095387968845 1.5978409172877228 5.220144402708993 21.09836998300823 -1.1623567305253957 6.97073231295521 2.5183197883454334 -6.955592461266028 -4.806103165776337 -8.3158811417392 0.7378378879472436
26.63326653306613 10.40558211671458 1.523753303515285 4.998824081553135 3.0309002700491483 -1.999436745009966 -0.5817607801628455 13.94548869327905 20.60443279117397 34.493028095203144 16.57001532324852 19.08303182972818 8.365098809585366 12.74155137631286 -0.029760002906665584 2.940272763818334 19.573431611922228 7.410076474416612 11.218122218029016 1.605009255628289 5.227312741049559 21.105538321348796 -1.1551883921848294 6.977900651295776 2.5254881266859996 -6.948424122925462 -4.798934827435771 -8.308712803398633 0.7450062262878099
26.693386773547093 10.412742783467248 1.5309139702679708 5.005984748305803 3.0380609368018163 -1.992276078257298 -0.5746001134101597 13.952649360031735 20.611593457926645 34.50018876195582 16.577175990001205 19.09019249648085 8.372259476338034 12.748712043065527 -0.0225993361539798 2.947433430571002 19.580592278674896 7.41723714116928 11.225282884781684 1.6121699223809571 5.234473407802245 21.11269898810147 -1.1480277254321614 6.985061318048444 2.5326487934386677 -6.941263456172794 -4.791774160683103 -8.301552136645965 0.7521668930404779
26.753507014028056 10.419895799074332 1.538066985875055 5.013137763912887 3.0452139524089006 -1.9851230626502137 -0.5674470978030755 13.95980237563882 20.618746473533733 34.50734177756291 16.58432900560829 19.09734551208793 8.379412491945118 12.755865058672612 -0.015446320546895542 2.9545864461780864 19.58774529428198 7.424390156776364 11.232435900388769 1.6193229379880414 5.241626423409329 21.11985200370856 -1.140874709825077 6.992214333655529 2.539801809045752 -6.93411044056571 -4.784621145076018 -8.29439912103888 0.7593199086475622
26.81362725450902 10.427041191981044 1.5452123787817662 5.020283156819598 3.0523593453156117 -1.9779776697435025 -0.5603017048963643 13.96694776854553 20.62589186644044 34.514487170469614 16.591474398515 19.104490904994652 8.386557884851829 12.76301045157934 -0.008300927640184419 2.9617318390848153 19.59489068718869 7.431535549683075 11.23958129329548 1.6264683308947525 5.24877181631604 21.126997396615266 -1.133729316918366 6.99935972656224 2.546947201952463 -6.926965047658999 -4.777475752169307 -8.28725372813217 0.7664653015542733
26.873747494989978 10.434179003017139 1.5523501898178615 5.027420967855711 3.059497156351725 -1.9708398587073894 -0.553163893860269 13.974085579581626 20.633029677476546 34.52162498150572 16.598612209551096 19.111628716030754 8.393695695887942 12.770148262615436 -0.0011631166040890761 2.9688696501209106 19.602028498224797 7.438673360719188 11.246719104331593 1.6336061419308656 5.2559096273521355 21.134135207651372 -1.1265915058822529 7.006497537598353 2.5540850129885584 -6.9198272366228855 -4.770337941133194 -8.280115917096056 0.7736031125903864
26.93386773547094 10.441309247752066 1.559480434552789 5.034551212590621 3.0666274010866346 -1.9637096139724797 -0.5460336491253415 13.981215824316553 20.640159922211467 34.52875522624064 16.605742454286023 19.118758960765664 8.400825940622852 12.777278507350346 0.005967128130838439 2.9759998948558204 19.609158742959714 7.445803605454098 11.253849349066503 1.6407363866657754 5.263039872087063 21.141265452386293 -1.1194612611473431 7.013627782333263 2.561215257723486 -6.912696991887976 -4.763207696398284 -8.272985672361147 0.7807333573252961
26.993987975951903 10.448431951151989 1.5666031379526935 5.041673915990543 3.0737501044865567 -1.9565869105725575 -0.5389109457254371 13.988338527716458 20.64728262561138 34.535877929640556 16.612865157685945 19.125881664165586 8.407948644022774 12.784401210750268 0.013089831530742835 2.9831225982557426 19.616281446359636 7.45292630885402 11.260972052466425 1.6478590900656975 5.270162575486985 21.148388155786204 -1.112338557747421 7.020750485733185 2.568337961123408 -6.9055742884880535 -4.756084992998362 -8.265862968961224 0.7878560607252183
27.054108216432866 10.455547129718159 1.5737183165188817 5.0487890945567315 3.080865283052745 -1.9494717320063693 -0.5317957671592488 13.995453706282646 20.654397804177567 34.54299310820674 16.619980336252116 19.132996842731767 8.415063822588962 12.791516389316456 0.020205010096931098 2.990237776821931 19.623396624925817 7.460041487420209 11.268087231032613 1.654974268631868 5.277277754053156 21.155503334352392 -1.1052233791812505 7.027865664299373 2.5754531396895786 -6.898459109921865 -4.748969814432174 -8.258747790395054 0.7949712392913888
27.11422845691383 10.46265481168259 1.5808259984833128 5.055896776521145 3.0879729650171583 -1.942364050041956 -0.5246880851948177 14.002561388247077 20.66150548614199 34.550100790171165 16.627088018216547 19.1401045246962 8.422171504553376 12.798624071280887 0.02731269206136222 2.997345458786362 19.630504306890238 7.467149169384622 11.275194912997026 1.6620819505962992 5.284385436017587 21.162611016316816 -1.0981156972168193 7.0349733462637865 2.5825608216540097 -6.891351427957452 -4.741862132467761 -8.251640108430623 0.8020789212558199
27.174348697394787 10.469755022037841 1.5879262088385637 5.062996986876396 3.0950731753724092 -1.935263839686705 -0.5175878748395668 14.009661598602328 20.668605696497238 34.55720100052641 16.634188228571798 19.14720473505145 8.429271714908626 12.805724281636138 0.0344129024166131 3.004445669141613 19.63760451724549 7.474249379739873 11.282295123352277 1.66918216095155 5.291485646372838 21.169711226672064 -1.0910154868615685 7.042073556619037 2.5896610320092606 -6.884251217602201 -4.73476192211251 -8.244539898075372 0.8091791316110708
27.23446893787575 10.476847779241236 1.595018966041959 5.070089744079809 3.102165932575822 -1.928171082483292 -0.5104951176361716 14.016754355805723 20.675698453700644 34.564293757729814 16.641280985775193 19.15429749225485 8.43636447211204 12.812817038839533 0.041505659620008295 3.011538426345008 19.644697274448895 7.481342136943286 11.28938788055569 1.676274918154963 5.298578403576233 21.17680398387547 -1.0839227296581555 7.04916631382245 2.5967537892126558 -6.877158460398788 -4.727669164909097 -8.237447140871959 0.8162718888144838
27.294589178356713 10.483933116971063 1.6021043037717853 5.077175081809617 3.1092512703056308 -1.9210857447534835 -0.5034097799063453 14.02383969353555 20.68278379143046 34.57137909545963 16.64836632350502 19.161382829984664 8.443449809841848 12.81990237656936 0.04859099734983463 3.0186237640748166 19.65178261217871 7.488427474673094 11.296473218285499 1.6833602558847716 5.305663741306059 21.183889321605285 -1.076837391928347 7.056251651552259 2.603839126942482 -6.8700731226689795 -4.720583827179288 -8.23036180314215 0.8233572265442923
27.354709418837675 10.491011063762645 1.609182250563368 5.084253028601218 3.116329217097231 -1.914007797961883 -0.4963318331147626 14.030917640327132 20.689861738222053 34.57845704225122 16.655444270296602 19.16846077677626 8.450527756633448 12.826980323360942 0.05566894414141732 3.025701710866417 19.658860558970304 7.495505421464695 11.3035511650771 1.690438202676372 5.312741688097642 21.19096726839688 -1.0697594451367465 7.063329598343859 2.610917073734065 -6.862995175877379 -4.713505880387688 -8.22328385635055 0.8304351733358928
27.414829659318634 10.498081639921395 1.6162528267221 5.09132360475995 3.123399793255963 -1.906937221803151 -0.4892612569560306 14.037988216485864 20.696932314380785 34.585527618409955 16.662514846455334 19.175531352934993 8.45759833279218 12.834050899519674 0.06273952030014929 3.032772287025149 19.665931135129043 7.502575997623427 11.310621741235831 1.697508778835104 5.319812264256374 21.19803784455561 -1.0626888689780145 7.070400174502591 2.6179876498928145 -6.855924599718647 -4.706435304228956 -8.216213280191818 0.8375057494946248
27.474949899799597 10.50514485989499 1.6233160466956953 5.098386824733545 3.1304630132295586 -1.8998740018295557 -0.48219803698243524 14.04505143645946 20.70399553435438 34.592590838383565 16.669578066428947 19.182594572908588 8.464661552765776 12.84111411949327 0.06980274027374467 3.0398355069987444 19.672994355102638 7.509639217597022 11.317684961209427 1.7045719988086994 5.326875484229987 21.205101064529206 -1.0556256490044191 7.077463394476187 2.62505086986641 -6.848861379745052 -4.69937208425536 -8.209150060218223 0.8445689694682201
27.53507014028056 10.512200738985129 1.6303719257858518 5.105442703823702 3.137518892319715 -1.892818122739417 -0.47514215789227876 14.052107315549616 20.711051413444537 34.59964671747371 16.676633945519086 19.189650451998737 8.471717431855915 12.848169998583426 0.07685861936390115 3.046891386088901 19.680050234192784 7.516695096687179 11.324740840299583 1.711627877898838 5.333931363320126 21.212156943619362 -1.0485697699142804 7.084519273566343 2.6321067489565486 -6.841805500654895 -4.692316205165204 -8.202094181128084 0.8516248485583588
27.595190380761522 10.519249302551188 1.6374204893518929 5.112491267389743 3.144567455885756 -1.885769559173358 -0.46809359432623765 14.059155879115657 20.718099977010578 34.606695281039755 16.683682509085145 19.196699015564786 8.478765995421973 12.855218562149467 0.08390718292994226 3.053939949654942 19.687098797758836 7.52374366025322 11.331789403865624 1.718676441464897 5.340979926886185 21.219205507185404 -1.0415212063482215 7.091567837132384 2.6391553125226075 -6.834756937088854 -4.685267641599163 -8.195045617562025 0.8586734121244177
27.655310621242485 10.526290572119699 1.6444617589204213 5.119532536958271 3.1516087254542846 -1.8787282896048474 -0.4610523247577092 14.066197148684186 20.725141246579106 34.61373655060828 16.690723778653656 19.203740285133307 8.485807264990484 12.862259831717996 0.09094845249847072 3.0609812192234704 19.694140067327353 7.530784929821748 11.338830673434153 1.7257177110334077 5.348021196454695 21.226246776753925 -1.0344799367797108 7.098609106700913 2.646196582091118 -6.827715667520326 -4.678226372030634 -8.188004347993514 0.8657146816929284
27.715430861723444 10.533324565877589 1.6514957526783114 5.126566530716143 3.158642719212157 -1.8716942958469573 -0.45401833099981914 14.073231142442076 20.732175240336986 34.62077054436616 16.697757772411546 19.21077427889119 8.492841258748374 12.869293825475868 0.09798244625636077 3.0680152129813427 19.701174061085236 7.5378189235796205 11.345864667192025 1.7327517047912977 5.355055190212585 21.23328077051181 -1.0274459430218208 7.105643100458785 2.6532305758490082 -6.820681673762453 -4.671192378272762 -8.180970354235624 0.8727486754508185
27.775551102204407 10.540351310531548 1.6585224973322532 5.133593275370103 3.1656694638661165 -1.8646675511929978 -0.4469915863458773 14.080257887096035 20.73920198499095 34.627797289020116 16.704784517065505 19.217801023545146 8.499868003402334 12.876320570129828 0.10500919091032035 3.0750419576353023 19.708200805739196 7.54484566823358 11.352891411845984 1.7397784494452573 5.362081934866545 21.240307515165775 -1.0204191983678612 7.112669845112745 2.660257320502968 -6.813654929108494 -4.664165633618802 -8.173943609581665 0.879775420104778
27.83567134268537 10.547370834672147 1.66554202147287 5.140612799510702 3.1726889880067155 -1.8576480270523987 -0.43997206220526053 14.087277411236634 20.746221509131544 34.63481681316072 16.711804041206104 19.224820547685756 8.506887527542933 12.883340094270444 0.11202871505091938 3.082061481775919 19.715220329879795 7.551865192374179 11.359910935986584 1.7467979735858563 5.369101459007144 21.24732703930637 -1.0133996742272622 7.119689369253344 2.667276844643567 -6.806635404967895 -4.657146109478203 -8.166924085441066 0.8867949442453771
27.895791583166332 10.554383148090754 1.6725543348914762 5.147625112929326 3.1797013014253395 -1.8506357136337925 -0.43295974878665433 14.09428972465524 20.75323382255016 34.64182912657933 16.71881635462471 19.231832861104362 8.513899840961539 12.89035240768905 0.11904102846952558 3.0890737951945253 19.722232643298412 7.558877505792803 11.366923249405207 1.7538102870044625 5.37611377242575 21.254339352724976 -1.006387360808656 7.126701682671968 2.674289158062173 -6.799623091549271 -4.650133796059579 -8.15991177202246 0.8938072576639833
27.955911823647295 10.561388269169214 1.6795594559699367 5.1546302340077865 3.1867064225038 -1.843630592555332 -0.4259546277081938 14.101294845733701 20.76023894362862 34.648834247657796 16.72582147570317 19.238837982182822 8.52090496204 12.897357528767511 0.1260461495479861 3.096078916272986 19.72923776437687 7.565882626871264 11.373928370483668 1.760815408082923 5.383118893504211 21.261344473803447 -0.9993822397301955 7.133706803750428 2.6812942791406336 -6.79261797047081 -4.643128674981119 -8.152906650943999 0.9008123787424438
28.016032064128254 10.568386208414022 1.686557395214745 5.161628173252577 3.1937043617485905 -1.8366326533105237 -0.4189566884633855 14.10829278497851 20.76723688287342 34.65583218690259 16.73281941494798 19.245835921427624 8.527902901284808 12.90435546801232 0.1330440887927944 3.103076855517794 19.73623570362167 7.572880566116054 11.380926309728459 1.7678133473277313 5.390116832749019 21.268342413048245 -0.9923843004853872 7.140704742995219 2.688292218385442 -6.78562003122602 -4.636130735736328 -8.14590871169919 0.9078103179872521
