web/models/kne/20/mosfit_kn_0.009764_0.2650_10.0000.dat
# %ECSV 1.0
# ---
# datatype:
# - {name: time, datatype: float64}
# - {name: PS1_g, datatype: float64}
# - {name: PS1_i, datatype: float64}
# - {name: PS1_r, datatype: float64}
# - {name: PS1_w, datatype: float64}
# - {name: PS1_y, datatype: float64}
# - {name: PS1_z, datatype: float64}
# - {name: swift_uvot_B, datatype: float64}
# - {name: swift_uvot_U, datatype: float64}
# - {name: swift_uvot_uvm2, datatype: float64}
# - {name: swift_uvot_uvw1, datatype: float64}
# - {name: swift_uvot_uvw2, datatype: float64}
# - {name: swift_uvot_V, datatype: float64}
# - {name: johnson_B, datatype: float64}
# - {name: johnson_I, datatype: float64}
# - {name: johnson_R, datatype: float64}
# - {name: johnson_U, datatype: float64}
# - {name: johnson_V, datatype: float64}
# - {name: sdss_g, datatype: float64}
# - {name: sdss_i, datatype: float64}
# - {name: sdss_r, datatype: float64}
# - {name: sdss_u, datatype: float64}
# - {name: sdss_z, datatype: float64}
# - {name: ATLAS_c, datatype: float64}
# - {name: ATLAS_o, datatype: float64}
# - {name: ukirt_H, datatype: float64}
# - {name: ukirt_J, datatype: float64}
# - {name: ukirt_K, datatype: float64}
# - {name: Clear, datatype: float64}
# meta: !!omap
# - comment: [kappa = 10.0, type = rprocess, mass = 0.009763877790252312, velocity = 0.265, theta_obs = 0.0, tfloor = 1000.0]
# schema: astropy-2.0
time PS1_g PS1_i PS1_r PS1_w PS1_y PS1_z swift_uvot_B swift_uvot_U swift_uvot_uvm2 swift_uvot_uvw1 swift_uvot_uvw2 swift_uvot_V johnson_B johnson_I johnson_R johnson_U johnson_V sdss_g sdss_i sdss_r sdss_u sdss_z ATLAS_c ATLAS_o ukirt_H ukirt_J ukirt_K Clear
[from data line 57]
3.4869739478957915 -4.2052551378808545 -9.285196782305896 -7.3242039905260015 -8.008296362054033 -11.152213240738398 -10.427872181505915 -2.1866901192383024 1.1663894535210597 10.735577527332008 1.389989551606377 3.315804478215473 -5.550323411164986 -2.6255732445407394 -10.295276122183694 -8.299690828962778 0.6703482125517791 -5.886392886066127 -3.7352708565798842 -9.241515549754471 -7.241709304495689 1.7994311079949554 -10.66978740849203 -5.947404943298444 -8.508616302840082 -13.449596768620287 -12.505162853765677 -13.943530227693868 -9.06099531920777
3.5470941883767533 -4.015192453701566 -9.168775861465477 -7.1781230458344325 -7.884676150002701 -11.0678212391708 -10.330341954639302 -1.96758531444032 1.4478209662612331 11.116293252155721 1.6010586331983494 3.5313230025697853 -5.374852478846386 -2.4178751327311905 -10.188918561868913 -8.170463831103866 0.9423448772488353 -5.719567776613556 -3.53849771270923 -9.12428938592834 -7.093304965104714 2.0783513935063347 -10.577521227167637 -5.788299570738644 -8.385328772338738 -13.415164237786017 -12.447890654169916 -13.92523426570994 -8.959088488141322
3.6072144288577155 -3.8224868760961606 -9.050309856516616 -7.02976658881731 -7.759115461513044 -10.981657964428475 -10.230917018446153 -1.745567037695529 1.732753374813907 11.500453138422607 1.8143636571889314 3.7494671275329563 -5.196787785010007 -2.207512536671747 -10.08062035557159 -8.039275017254976 1.2177400319885723 -5.5503514648475845 -3.339027029602839 -9.005013519778 -6.942579920996561 2.360768896700751 -10.483447560471824 -5.626904908685244 -8.26006945476598 -13.379455448255209 -12.389119191411682 -13.905836231667992 -8.855524027754633
3.6673346693386772 -3.6270320206889295 -8.929733588847206 -6.879053495692897 -7.631544723662103 -10.893675493599364 -10.129542098831958 -1.5205132744076544 2.0213450425163693 11.88825900861955 2.0300242833162057 3.97036480765301 -5.016031154775729 -1.994372868178868 -9.97032223316052 -7.906056945122633 1.4966850457657332 -5.37865435748827 -3.1367488820361444 -8.883622456133526 -6.789451444170513 2.6468394501172376 -10.387515350441259 -5.463131686450868 -8.132770838589547 -13.342449905559837 -12.328815760763481 -13.885324363161152 -8.750245719230865
3.727454909819639 -3.428770141398072 -8.807014393601484 -6.725941667392217 -7.5019286265493434 -10.803851403586666 -10.026190280423268 -1.2923569895872788 2.3136857810632883 12.279822401376702 2.2481058962170413 4.194088935217422 -4.832529812294067 -1.7783961940694264 -9.857995260941454 -7.770777740496507 1.7792647361981895 -5.204430584907127 -2.9316034620380194 -8.760083396806628 -6.63387631889746 2.936650867916608 -10.289700826572492 -5.296932581770406 -8.003399537655014 -13.304141761032911 -12.266967273698109 -13.863698038057597 -8.643226986314989
3.787575150300601 -3.2277215030568307 -8.682172085837774 -6.570451766465482 -7.3702867391593685 -10.712204623263322 -9.920880564754242 -1.0611192670435543 2.6097556136362954 12.675112121844446 2.4685885548100654 4.420625125484708 -4.646304004636506 -1.5596066572283755 -9.743659484596733 -7.63346238572191 2.065457381236875 -5.027704300958253 -2.723611309161189 -8.634416306505521 -6.47587491950004 3.2301820026869166 -10.19002431829728 -5.128327470573009 -7.871976919181609 -13.264549134431858 -12.203592559687271 -13.840974964799935 -8.534488560675015
3.847695390781563 -3.0237499634768916 -8.555120335777406 -6.412478108826836 -7.236528087224734 -10.618669820545126 -9.813538672057156 -0.826644873452117 2.9097536744458985 13.074382028435348 2.691620908155628 4.650131574559367 -4.457227341372463 -1.3378603900605628 -9.627235749437048 -7.494021652782544 2.3554537989861823 -4.848359447024319 -2.512631987237981 -8.506534467628892 -6.315339609909678 3.5276291156346673 -10.088416652117544 -4.957201255639774 -7.738413907409445 -13.22364025348003 -12.138644860786021 -13.81713409091052 -8.423955817687165
3.9078156312625247 -2.8168536088347373 -8.425863381218193 -6.2520231516095315 -7.100656274171673 -10.523253202603478 -9.704169677852459 -0.5889300960515442 3.2136904831031643 13.477640873250284 2.9172055514958655 4.882617019816987 -4.265299149357536 -1.1131580435315984 -9.508729468349586 -7.352464231170502 2.649261786989665 -4.6664004319806525 -2.298663278367119 -8.376442210013106 -6.152272321998122 3.82900128029636 -9.984884857194274 -4.783554534242409 -7.602715831189251 -13.181425112742795 -12.072132795918334 -13.792186477623305 -8.311635691016459
3.967935871743487 -2.6070433452244046 -8.294413931632825 -6.08909957344018 -6.962683711052762 -10.425967532761788 -9.592785998840263 -0.3479857934659691 3.5215582481438723 13.884874742206335 3.14533109353814 5.118075535437519 -4.070530782322746 -0.8855140860384874 -9.38815392141348 -7.208807984155777 2.9468713637019017 -4.4818431924379505 -2.0817161921980443 -8.244152387187302 -5.986685368892637 4.134289363794146 -9.879443007425515 -4.607398822615494 -7.46489679403469 -13.13791725343554 -12.004069908512525 -13.76614573920042 -8.197542603442916
4.028056112224449 -2.3942359801807456 -8.160720728477564 -5.923643990736505 -6.822556364167731 -10.3267747261404 -9.479343779416087 -0.10371676675480329 3.833480973394572 14.296240570466182 3.3760869691843536 5.356604699968145 -3.872845296648671 -0.654842088201381 -9.265462609480146 -7.063002214190964 3.248400348068088 -4.294619418379317 -1.8617049081002968 -8.109613568074874 -5.818513979779656 4.443615001585677 -9.772051242274546 -4.428664482205207 -7.324904480038512 -13.093100051859066 -11.934430138373616 -13.739002031871069 -8.081633762436127
4.0881763527054105 -2.178376936808135 -8.024751662654381 -5.75561598855149 -6.680240263835433 -10.22565170805338 -9.36381586395818 0.14393981166011544 4.149542266590984 14.711843193296051 3.609531167109026 5.598269846043845 -3.67219252450423 -0.4210865392030921 -9.140626891969028 -6.915017084930384 3.553927326598163 -4.104686567558795 -1.6385730972477752 -7.9727935812067585 -5.647716659888342 4.757059713104841 -9.66268577151169 -4.247306487873974 -7.182706573124378 -13.046965453225672 -11.863198944073899 -13.710751985395076 -7.963883672686958
4.148296593186372 -1.9594476615956857 -7.886498844778931 -5.585004119479784 -6.535726658209082 -10.122594458233571 -9.246196273140885 0.395006040438809 4.469774922451215 15.13172260606012 3.845682707449392 5.843096045116983 -3.4685560806901465 -0.18423068702859197 -9.013640716013686 -6.764848905402155 3.8634815670886336 -3.912034462608333 -1.412301542991301 -7.833684608347085 -5.474281288571916 5.074654554931257 -9.551343139607607 -4.063310762860901 -7.038295921738982 -12.999516351769882 -11.790376439057988 -13.681400533882806 -7.844288499528087
4.208416833667335 -1.7373274258594762 -7.745884901320927 -5.411714354481365 -6.388934865217859 -10.017543717249193 -9.12641787789628 0.6496192130987921 4.794354999319808 15.556102939381976 4.084669338876292 6.091220608470419 -3.261823595192131 0.0558515337392646 -8.884433128315258 -6.612419873935285 4.177231200392367 -3.7165615991285046 -1.182765893924298 -7.692209009070634 -5.298112011350575 5.396572740945231 -9.43796136842261 -3.8765752527418584 -6.891593447870044 -12.950722969864666 -11.715919775729036 -13.650927278087169 -7.7227826730668525
4.268537074148297 -1.5120547039368404 -7.602940258612989 -5.235781087278806 -6.23989599360085 -9.91052557962739 -9.004508181048614 0.9077369257572243 5.123234777060954 15.984922065500037 4.326448560634688 6.342604837472972 -3.0520321888765816 0.2991155242957039 -8.753033801270409 -6.457767652437341 4.495127332018878 -3.5183090804883017 -0.9500056948249913 -7.548397495597108 -5.119243203846953 5.722765346345984 -9.322569165978116 -3.687134835196453 -6.742631770401779 -12.900605439750555 -11.63985219345278 -13.619350180729855 -7.599396570224375
4.328657314629258 -1.2835562587744676 -7.45761941635763 -5.05714844607132 -6.088562533802193 -9.801505806218085 -8.88042788307935 1.1694427366739013 5.456523215742504 16.418319239976316 4.571096876264598 6.597332858543968 -2.839114051309502 0.545636223414135 -8.619401496264107 -6.300848891308058 4.8172729349465975 -3.317218163311499 -0.7139455394857386 -7.402204483241004 -4.9376177171062885 6.053338916329629 -9.205131309655012 -3.494928211250148 -6.591364899041814 -12.84914825528064 -11.562150032915229 -13.586659597167577 -7.474093099870149
4.38877755511022 -1.0517505745211686 -7.309871080610275 -4.875753788635713 -5.934881120367006 -9.690445430125507 -8.754132493775675 1.4348294757572944 5.794340745478426 16.856448472418087 4.8186991131158585 6.855497477544606 -2.622993542754071 0.7954972224860197 -8.483489554398968 -6.141614359060353 5.1437820293721686 -3.113222887072628 -0.4745015358675708 -7.253578578397324 -4.753171529751636 6.3884113426012945 -9.085607689075541 -3.299886947389581 -6.437740951785322 -12.796332947678371 -11.48278587710516 -13.552843491900253 -7.346830218104046
4.448897795591182 -0.8166915963662369 -7.159735788483346 -4.691643773499692 -5.778893310397635 -9.577378250864736 -8.625658195109125 1.7038370653609014 6.136617286659867 17.29922209602131 5.069196411202075 7.117042105185224 -2.4037223718437 1.0486372279444784 -8.345337010936326 -5.9801127077739595 5.474583937829632 -2.906378484800009 -0.23172923507045695 -7.102560682432593 -4.565951512564439 6.727911388859535 -8.964035415815488 -3.102058983544005 -6.281802909589942 -12.742183572471555 -11.401788622553608 -13.517922477942077 -7.21764713557608
4.509018036072144 -0.5782509300341054 -7.007130150918854 -4.504717764306836 -5.62051268241202 -9.462239615832182 -8.494932121394587 1.9766110962198347 6.483538792255388 17.7468787075969 5.322723008323642 7.382110515356551 -2.1811808124257164 1.3051897130422814 -8.204867217479308 -5.81626087164332 5.809856077404223 -2.6965773968199587 0.014503439516833083 -6.949067171090384 -4.37585511755465 7.072021898461411 -8.84034735189747 -2.901335500385027 -6.123465781413735 -12.686666228102846 -11.319110758105387 -13.481872413811134 -7.0864735363377385
4.569138276553106 -0.3364318321393611 -6.852060055241971 -4.314981361667964 -5.459745049093385 -9.345035631000886 -8.361959848160971 2.253148556632202 6.835106062053171 18.199422294572148 5.579273712769375 7.650701373137135 -1.9553729304405756 1.5651473953382717 -8.062086834668449 -5.650070867944621 6.149596368326396 -2.4838298334025106 0.26419304514154973 -6.793104146649913 -4.182887588891937 7.420741901644288 -8.714551437248268 -2.6977207641180456 -5.962736753887032 -12.629788374901343 -11.234759535730666 -13.44470091745986 -6.953318031755558
4.629258517034068 -0.09120197618068815 -6.694507125847178 -4.122411376544992 -5.296571176031435 -9.225753058294686 -8.226725552278893 2.5334865253216323 7.191369733126116 18.656920979721033 5.8388810724460605 7.922852273339625 -1.726269349626073 1.828540950928584 -7.916979862159766 -5.481528999233139 6.493850983653633 -2.268114347218863 0.5173727309903065 -6.634653339609375 -3.9870249783544054 7.774119851262746 -8.586635197738737 -2.491188407387188 -5.799597943192776 -12.571545962596796 -11.14872713035499 -13.406406641810749 -6.818167794329337
4.68937875751503 0.1574650781087783 -6.534456893161842 -3.9269893184948756 -5.1309758608141465 -9.104381679458253 -8.089216789283107 2.8176553848263355 7.552372012476969 19.11943301230719 6.101571530942103 8.198594144553276 -1.4938462510822716 2.095394722447455 -7.769533929840239 -5.310625788488744 6.842657881426327 -2.0494148790970863 0.7740695603303926 -6.473700415874095 -3.7882481224161957 8.13219579054758 -8.456589440163267 -2.2817170642689355 -5.634035465813714 -12.511936562925266 -11.061007978296969 -13.36698939475214 -6.681013433928218
4.749498997995992 0.4096334452898631 -6.371869186416141 -3.728666220581367 -4.962917467538315 -8.980890779015649 -7.949398433517345 3.1057279741906365 7.918207936977062 19.587083878742217 6.3674111575897285 8.477999072421266 -1.2580443647038144 2.365773124515385 -7.619712678155671 -5.137324690026948 7.196106137228647 -1.8276819339368775 1.0343493339517806 -6.3102052281922205 -3.5865069364386315 8.495062150660075 -8.324383376999638 -2.069252990970014 -5.466008977574113 -12.45094558403501 -10.971580563361679 -13.32643953641904 -6.541823024431164
4.809619238476953 0.6653127297658301 -6.206740806946982 -3.527437088007197 -4.792392423710048 -8.85527893739253 -7.80726784750291 3.3977155791773486 8.288895759577919 20.059902973098286 6.636408894222452 8.761079134924255 -1.0188557535872647 2.6396824324294204 -7.467514229880719 -4.961628332534514 7.554210400945028 -1.602914764187788 1.298221731716076 -6.144164789500373 -3.3817959855376323 8.86273511273684 -8.190017301190124 -1.8537891837554632 -5.295516159557696 -12.388575483547564 -10.880445994754167 -13.284760463033843 -6.400597110373827
4.869739478957916 0.9245098848978195 -6.039070298177336 -3.323299022402555 -4.619398905276704 -8.727546060930216 -7.662823888241181 3.693626448883415 8.664449850935743 20.53791575715135 6.9085712264837085 9.047843398175278 -0.7762750208282413 2.9171261147560084 -7.312938316995733 -4.783541162229981 7.916981530587773 -1.3751150855356695 1.5656936797896037 -5.97557787193983 -3.1741119887516334 9.235226964831647 -8.053492971111726 -1.6353208485022641 -5.122556408600296 -12.324829366112178 -10.787606336375253 -13.241955984447776 -6.257337689976339
4.929859719438878 1.187364165616458 -5.868766133574592 -3.1161422345693346 -4.443842600868511 -8.597620391745373 -7.515986030768929 3.9936180627824216 9.045070566069935 21.02138136654928 7.184042938017345 9.33844579097181 -0.5301721554365394 3.198248270991147 -7.155900657233537 -4.602972890204023 8.284610392266607 -1.1441670229231857 1.836908198424414 -5.804352766630387 -2.963343143720625 9.612734515372434 -7.91473651504198 -1.4137296976407754 -4.947036617712488 -12.259668193477394 -10.693008091458312 -13.197997423146093 -6.111968072289695
4.98997995991984 1.4538213939645495 -5.695868298719855 -2.906013111692758 -4.2657642793088435 -8.465534646236765 -7.366789530411602 4.297629610872019 9.430686041781922 21.510218181078347 7.462766903315767 9.632828081748205 -0.28059938650819377 3.482987233019901 -6.9964396215006905 -4.41997178063404 8.657024238705826 -0.9101270337841758 2.1118092540140765 -5.630529905767592 -2.7495362439725213 9.995184383297548 -7.77378454398395 -1.1890632943118362 -4.768998703972169 -12.193114074206227 -10.596678609546649 -13.152903058803316 -5.964526544510971
5.050100200400801 1.7239260446226723 -5.520349620670899 -2.692878329914432 -4.085135710188279 -8.331268106064531 -7.215210454899346 4.6057115535428474 9.821363058797825 22.004519060121087 7.744789323747039 9.931040086756543 -0.02751604734336584 3.7713862425747773 -6.834530932680486 -4.234515393433818 9.034284513334708 -0.6729638951140313 2.3904422881254206 -5.454082257829178 -2.5326571680621868 10.382640732166486 -7.630617281230716 -0.9612845510226364 -4.588415563205999 -12.12515767245703 -10.498603797932338 -13.106666916208363 -5.814992662262846
5.110220440881763 1.9977230300379745 -5.3421825687285285 -2.476704174603732 -3.9019283124496695 -8.194799711042453 -7.061224510160606 4.917914808045961 10.217168907228391 22.504377863777368 8.030156990291548 10.233131982945874 0.22911892086697275 4.063488944493244 -6.670149976338787 -4.046581002297274 9.416453091795532 -0.43264616936843336 2.6728531603467154 -5.274982444060576 -2.31267141309349 10.775168183299595 -7.485214684057393 -0.7303559784177871 -4.405259707293254 -12.055789348148876 -10.39876924468574 -13.059282722254595 -5.6633457131906795
