web/models/kne/20/villar_0.0224_0.1240_1.0000.dat
# %ECSV 1.0
# ---
# datatype:
# - {name: time, datatype: float64}
# - {name: swift_uvot_uvw2, datatype: float64}
# - {name: swift_uvot_uvm2, datatype: float64}
# - {name: swift_uvot_uvw1, datatype: float64}
# - {name: swift_uvot_U, datatype: float64}
# - {name: swift_uvot_B, datatype: float64}
# - {name: swift_uvot_V, datatype: float64}
# - {name: swift_uvot_W, datatype: float64}
# - {name: johnson_U, datatype: float64}
# - {name: johnson_B, datatype: float64}
# - {name: johnson_V, datatype: float64}
# - {name: johnson_R, datatype: float64}
# - {name: johnson_I, datatype: float64}
# - {name: sdss_u, datatype: float64}
# - {name: sdss_g, datatype: float64}
# - {name: sdss_r, datatype: float64}
# - {name: sdss_i, datatype: float64}
# - {name: sdss_z, datatype: float64}
# - {name: PS1_g, datatype: float64}
# - {name: PS1_r, datatype: float64}
# - {name: PS1_i, datatype: float64}
# - {name: PS1_z, datatype: float64}
# - {name: PS1_Y, datatype: float64}
# - {name: PS1_w, datatype: float64}
# - {name: ATLAS_c, datatype: float64}
# - {name: ATLAS_o, datatype: float64}
# - {name: ukirt_J, datatype: float64}
# - {name: ukirt_H, datatype: float64}
# - {name: ukirt_K, datatype: float64}
# - {name: Clear, datatype: float64}
# meta: !!omap
# - comment: [kappa = 1.0, type = villar, mass = 0.022360679775100388, velocity = 0.124, theta_obs = 0.0]
# schema: astropy-2.0
time swift_uvot_uvw2 swift_uvot_uvm2 swift_uvot_uvw1 swift_uvot_U swift_uvot_B swift_uvot_V swift_uvot_W johnson_U johnson_B johnson_V johnson_R johnson_I sdss_u sdss_g sdss_r sdss_i sdss_z PS1_g PS1_r PS1_i PS1_z PS1_Y PS1_w ATLAS_c ATLAS_o ukirt_J ukirt_H ukirt_K Clear
[from data line 216]
0.623863 -12.286 -12.664 -13.166 -13.943 -14.235 -14.34 -13.582 -14.003 -14.235 -14.338 -14.288 -14.132 -13.993 -14.283 -14.33 -14.247 -14.108 -14.31 -14.338 -14.254 -14.154 -14.097 -14.293 -14.316 -14.294 -13.717 -13.324 -12.819 -14.279
0.642731 -12.264 -12.644 -13.158 -13.952 -14.254 -14.367 -13.591 -14.014 -14.254 -14.365 -14.321 -14.17 -14.003 -14.305 -14.361 -14.282 -14.146 -14.333 -14.368 -14.29 -14.192 -14.137 -14.323 -14.341 -14.327 -13.761 -13.37 -12.866 -14.308
0.66217 -12.24 -12.623 -13.149 -13.959 -14.272 -14.393 -13.599 -14.023 -14.272 -14.391 -14.353 -14.208 -14.012 -14.326 -14.391 -14.317 -14.184 -14.355 -14.399 -14.324 -14.229 -14.175 -14.352 -14.367 -14.359 -13.804 -13.415 -12.914 -14.336
0.682197 -12.215 -12.6 -13.139 -13.965 -14.289 -14.419 -13.606 -14.031 -14.29 -14.417 -14.385 -14.245 -14.019 -14.346 -14.421 -14.351 -14.222 -14.377 -14.428 -14.359 -14.266 -14.214 -14.381 -14.391 -14.391 -13.846 -13.46 -12.961 -14.364
0.70283 -12.188 -12.576 -13.127 -13.971 -14.306 -14.444 -13.613 -14.038 -14.307 -14.443 -14.417 -14.282 -14.026 -14.366 -14.45 -14.385 -14.26 -14.398 -14.457 -14.393 -14.303 -14.252 -14.409 -14.415 -14.422 -13.889 -13.506 -13.008 -14.391
0.724086 -12.16 -12.55 -13.115 -13.975 -14.322 -14.468 -13.618 -14.045 -14.323 -14.467 -14.448 -14.318 -14.032 -14.385 -14.478 -14.419 -14.297 -14.418 -14.486 -14.426 -14.339 -14.29 -14.436 -14.438 -14.453 -13.931 -13.55 -13.055 -14.418
0.745986 -12.131 -12.522 -13.1 -13.978 -14.337 -14.492 -13.623 -14.05 -14.338 -14.491 -14.478 -14.354 -14.037 -14.403 -14.506 -14.452 -14.333 -14.437 -14.514 -14.459 -14.375 -14.328 -14.463 -14.461 -14.483 -13.973 -13.595 -13.102 -14.444
0.768548 -12.1 -12.493 -13.085 -13.98 -14.35 -14.515 -13.628 -14.054 -14.352 -14.514 -14.508 -14.389 -14.04 -14.42 -14.533 -14.484 -14.37 -14.456 -14.541 -14.492 -14.411 -14.365 -14.49 -14.482 -14.512 -14.014 -13.639 -13.149 -14.469
0.791792 -12.068 -12.461 -13.067 -13.981 -14.363 -14.537 -13.631 -14.057 -14.365 -14.537 -14.538 -14.424 -14.042 -14.437 -14.56 -14.516 -14.405 -14.474 -14.567 -14.524 -14.446 -14.401 -14.515 -14.503 -14.541 -14.055 -13.683 -13.195 -14.493
0.815739 -12.034 -12.428 -13.049 -13.98 -14.375 -14.559 -13.633 -14.058 -14.377 -14.559 -14.566 -14.459 -14.043 -14.452 -14.585 -14.547 -14.441 -14.491 -14.593 -14.555 -14.48 -14.438 -14.54 -14.523 -14.569 -14.096 -13.727 -13.241 -14.517
0.840411 -11.998 -12.393 -13.028 -13.978 -14.386 -14.579 -13.634 -14.059 -14.388 -14.579 -14.594 -14.493 -14.043 -14.467 -14.61 -14.578 -14.475 -14.507 -14.618 -14.586 -14.514 -14.473 -14.564 -14.543 -14.597 -14.137 -13.77 -13.287 -14.541
0.865828 -11.961 -12.356 -13.006 -13.975 -14.396 -14.599 -13.635 -14.058 -14.398 -14.599 -14.621 -14.526 -14.041 -14.48 -14.635 -14.608 -14.51 -14.521 -14.643 -14.616 -14.548 -14.509 -14.588 -14.561 -14.624 -14.177 -13.813 -13.333 -14.563
0.892015 -11.921 -12.316 -12.982 -13.97 -14.404 -14.618 -13.634 -14.055 -14.406 -14.618 -14.648 -14.559 -14.038 -14.492 -14.658 -14.637 -14.543 -14.535 -14.666 -14.645 -14.581 -14.543 -14.611 -14.579 -14.65 -14.216 -13.856 -13.378 -14.585
0.918993 -11.88 -12.274 -12.957 -13.964 -14.412 -14.635 -13.632 -14.051 -14.414 -14.636 -14.674 -14.591 -14.033 -14.503 -14.681 -14.666 -14.576 -14.548 -14.689 -14.674 -14.613 -14.578 -14.632 -14.595 -14.675 -14.255 -13.899 -13.423 -14.606
0.946787 -11.837 -12.23 -12.929 -13.956 -14.418 -14.652 -13.629 -14.046 -14.42 -14.653 -14.699 -14.623 -14.027 -14.514 -14.702 -14.694 -14.609 -14.56 -14.711 -14.702 -14.645 -14.611 -14.653 -14.61 -14.7 -14.294 -13.941 -13.468 -14.625
0.975422 -11.793 -12.183 -12.899 -13.946 -14.422 -14.668 -13.625 -14.039 -14.425 -14.669 -14.723 -14.653 -14.019 -14.522 -14.723 -14.721 -14.64 -14.57 -14.732 -14.73 -14.676 -14.644 -14.673 -14.625 -14.723 -14.332 -13.982 -13.512 -14.645
1.004923 -11.746 -12.134 -12.868 -13.935 -14.426 -14.682 -13.619 -14.03 -14.429 -14.684 -14.746 -14.684 -14.01 -14.53 -14.743 -14.747 -14.671 -14.579 -14.752 -14.756 -14.706 -14.677 -14.692 -14.638 -14.746 -14.37 -14.024 -13.556 -14.663
1.035317 -11.696 -12.082 -12.834 -13.921 -14.427 -14.696 -13.612 -14.019 -14.431 -14.698 -14.768 -14.713 -13.998 -14.536 -14.762 -14.773 -14.702 -14.587 -14.77 -14.782 -14.735 -14.709 -14.71 -14.65 -14.768 -14.407 -14.065 -13.6 -14.68
1.066629 -11.645 -12.027 -12.797 -13.906 -14.428 -14.708 -13.604 -14.007 -14.431 -14.71 -14.79 -14.742 -13.985 -14.54 -14.779 -14.797 -14.731 -14.594 -14.788 -14.806 -14.764 -14.74 -14.727 -14.661 -14.788 -14.444 -14.105 -13.643 -14.696
1.098888 -11.592 -11.969 -12.759 -13.889 -14.426 -14.718 -13.594 -13.992 -14.43 -14.721 -14.81 -14.769 -13.969 -14.544 -14.796 -14.821 -14.76 -14.599 -14.805 -14.83 -14.792 -14.77 -14.743 -14.67 -14.808 -14.48 -14.145 -13.686 -14.711
1.132124 -11.536 -11.907 -12.717 -13.869 -14.423 -14.728 -13.583 -13.975 -14.427 -14.731 -14.829 -14.796 -13.952 -14.545 -14.811 -14.844 -14.788 -14.602 -14.82 -14.853 -14.819 -14.8 -14.758 -14.678 -14.827 -14.515 -14.184 -13.729 -14.724
1.166364 -11.478 -11.842 -12.673 -13.847 -14.418 -14.736 -13.569 -13.956 -14.422 -14.739 -14.847 -14.822 -13.932 -14.545 -14.825 -14.865 -14.815 -14.604 -14.834 -14.875 -14.845 -14.828 -14.771 -14.684 -14.844 -14.55 -14.223 -13.771 -14.737
1.20164 -11.417 -11.774 -12.626 -13.823 -14.411 -14.742 -13.555 -13.935 -14.416 -14.746 -14.864 -14.847 -13.91 -14.543 -14.838 -14.885 -14.841 -14.604 -14.847 -14.895 -14.87 -14.856 -14.783 -14.689 -14.86 -14.584 -14.261 -13.813 -14.748
1.237983 -11.354 -11.702 -12.576 -13.796 -14.402 -14.746 -13.538 -13.911 -14.407 -14.751 -14.879 -14.871 -13.885 -14.539 -14.849 -14.905 -14.866 -14.603 -14.858 -14.915 -14.895 -14.883 -14.794 -14.693 -14.875 -14.617 -14.299 -13.854 -14.758
1.275425 -11.288 -11.625 -12.523 -13.766 -14.39 -14.749 -13.519 -13.885 -14.396 -14.754 -14.894 -14.894 -13.857 -14.533 -14.858 -14.923 -14.89 -14.599 -14.868 -14.933 -14.918 -14.909 -14.803 -14.694 -14.889 -14.65 -14.336 -13.894 -14.766
1.313999 -11.219 -11.545 -12.466 -13.734 -14.377 -14.75 -13.499 -13.856 -14.383 -14.756 -14.906 -14.916 -13.827 -14.525 -14.866 -14.939 -14.913 -14.593 -14.876 -14.949 -14.94 -14.934 -14.811 -14.694 -14.901 -14.682 -14.372 -13.935 -14.773
1.35374 -11.148 -11.46 -12.406 -13.698 -14.361 -14.749 -13.476 -13.824 -14.367 -14.755 -14.917 -14.937 -13.794 -14.515 -14.873 -14.954 -14.935 -14.586 -14.883 -14.965 -14.96 -14.958 -14.817 -14.691 -14.911 -14.713 -14.408 -13.974 -14.778
1.394683 -11.074 -11.37 -12.343 -13.659 -14.342 -14.746 -13.451 -13.788 -14.349 -14.753 -14.927 -14.956 -13.757 -14.502 -14.877 -14.968 -14.955 -14.576 -14.887 -14.979 -14.98 -14.981 -14.821 -14.687 -14.92 -14.742 -14.443 -14.013 -14.782
1.436864 -10.997 -11.275 -12.275 -13.617 -14.321 -14.741 -13.423 -13.75 -14.328 -14.748 -14.935 -14.974 -13.717 -14.487 -14.879 -14.98 -14.974 -14.563 -14.89 -14.991 -14.998 -15.002 -14.823 -14.68 -14.927 -14.771 -14.477 -14.051 -14.784
1.480321 -10.918 -11.174 -12.203 -13.571 -14.296 -14.733 -13.393 -13.707 -14.304 -14.741 -14.94 -14.99 -13.674 -14.469 -14.88 -14.991 -14.992 -14.548 -14.891 -15.002 -15.014 -15.022 -14.824 -14.671 -14.932 -14.799 -14.511 -14.089 -14.784
1.525092 -10.835 -11.068 -12.126 -13.521 -14.269 -14.723 -13.36 -13.661 -14.277 -14.732 -14.944 -15.005 -13.626 -14.448 -14.878 -14.999 -15.008 -14.53 -14.889 -15.011 -15.029 -15.041 -14.822 -14.66 -14.935 -14.826 -14.543 -14.126 -14.781
1.571218 -10.75 -10.956 -12.045 -13.466 -14.238 -14.71 -13.325 -13.611 -14.247 -14.719 -14.946 -15.018 -13.575 -14.424 -14.874 -15.006 -15.023 -14.509 -14.885 -15.018 -15.042 -15.058 -14.818 -14.646 -14.936 -14.852 -14.574 -14.162 -14.777
1.618738 -10.663 -10.838 -11.959 -13.408 -14.204 -14.695 -13.286 -13.557 -14.213 -14.704 -14.946 -15.029 -13.519 -14.397 -14.867 -15.01 -15.035 -14.485 -14.879 -15.022 -15.054 -15.074 -14.812 -14.629 -14.934 -14.876 -14.605 -14.197 -14.77
1.667696 -10.572 -10.712 -11.868 -13.345 -14.166 -14.676 -13.244 -13.498 -14.176 -14.686 -14.943 -15.039 -13.458 -14.367 -14.858 -15.013 -15.046 -14.458 -14.87 -15.025 -15.063 -15.088 -14.803 -14.609 -14.931 -14.899 -14.634 -14.232 -14.761
1.718134 -10.48 -10.579 -11.771 -13.276 -14.123 -14.654 -13.198 -13.435 -14.134 -14.665 -14.938 -15.046 -13.393 -14.332 -14.846 -15.013 -15.055 -14.427 -14.858 -15.025 -15.071 -15.1 -14.791 -14.585 -14.924 -14.92 -14.662 -14.265 -14.749
1.770098 -10.385 -10.439 -11.668 -13.202 -14.077 -14.628 -13.149 -13.366 -14.088 -14.64 -14.929 -15.051 -13.322 -14.294 -14.83 -15.01 -15.062 -14.393 -14.844 -15.023 -15.076 -15.11 -14.777 -14.559 -14.915 -14.94 -14.689 -14.298 -14.735
1.823633 -10.287 -10.29 -11.559 -13.123 -14.026 -14.599 -13.095 -13.291 -14.038 -14.612 -14.918 -15.054 -13.246 -14.252 -14.812 -15.005 -15.067 -14.354 -14.826 -15.019 -15.08 -15.118 -14.759 -14.528 -14.903 -14.959 -14.715 -14.329 -14.717
1.878788 -10.189 -10.132 -11.443 -13.037 -13.969 -14.566 -13.038 -13.211 -13.983 -14.58 -14.904 -15.054 -13.163 -14.204 -14.79 -14.997 -15.069 -14.311 -14.804 -15.011 -15.08 -15.124 -14.738 -14.494 -14.888 -14.975 -14.739 -14.36 -14.697
1.93561 -10.089 -9.964 -11.32 -12.945 -13.908 -14.528 -12.976 -13.124 -13.922 -14.543 -14.887 -15.052 -13.074 -14.152 -14.764 -14.985 -15.068 -14.264 -14.779 -15.0 -15.078 -15.128 -14.714 -14.455 -14.869 -14.99 -14.762 -14.389 -14.673
1.994152 -9.988 -9.787 -11.189 -12.845 -13.841 -14.486 -12.909 -13.03 -13.856 -14.502 -14.866 -15.047 -12.978 -14.095 -14.734 -14.971 -15.065 -14.211 -14.75 -14.986 -15.073 -15.129 -14.686 -14.412 -14.847 -15.003 -14.783 -14.417 -14.645
2.054463 -9.886 -9.598 -11.05 -12.738 -13.767 -14.439 -12.838 -12.929 -13.784 -14.456 -14.841 -15.039 -12.874 -14.032 -14.7 -14.953 -15.059 -14.154 -14.716 -14.968 -15.065 -15.127 -14.654 -14.364 -14.821 -15.013 -14.803 -14.443 -14.614
2.116599 -9.785 -9.398 -10.903 -12.623 -13.688 -14.386 -12.76 -12.82 -13.705 -14.404 -14.812 -15.027 -12.763 -13.963 -14.661 -14.931 -15.049 -14.09 -14.678 -14.947 -15.054 -15.122 -14.617 -14.31 -14.79 -15.021 -14.82 -14.469 -14.579
2.180614 -9.684 -9.185 -10.746 -12.498 -13.6 -14.328 -12.677 -12.702 -13.619 -14.347 -14.778 -15.012 -12.642 -13.888 -14.617 -14.905 -15.036 -14.02 -14.635 -14.922 -15.039 -15.114 -14.576 -14.251 -14.755 -15.027 -14.836 -14.492 -14.539
2.246566 -9.584 -8.958 -10.58 -12.365 -13.506 -14.263 -12.588 -12.575 -13.526 -14.284 -14.74 -14.993 -12.512 -13.805 -14.567 -14.874 -15.019 -13.944 -14.586 -14.892 -15.02 -15.103 -14.53 -14.186 -14.716 -15.03 -14.85 -14.514 -14.495
2.314511 -9.485 -8.718 -10.404 -12.22 -13.403 -14.192 -12.492 -12.438 -13.425 -14.214 -14.696 -14.97 -12.372 -13.715 -14.512 -14.838 -14.999 -13.861 -14.532 -14.857 -14.997 -15.088 -14.479 -14.115 -14.67 -15.03 -14.861 -14.534 -14.446
2.384512 -9.389 -8.462 -10.216 -12.065 -13.291 -14.113 -12.389 -12.29 -13.314 -14.138 -14.647 -14.943 -12.221 -13.617 -14.45 -14.798 -14.973 -13.77 -14.472 -14.817 -14.97 -15.069 -14.421 -14.036 -14.62 -15.027 -14.87 -14.552 -14.391
2.45663 -9.296 -8.189 -10.017 -11.898 -13.169 -14.027 -12.278 -12.131 -13.194 -14.053 -14.592 -14.91 -12.058 -13.51 -14.382 -14.751 -14.943 -13.671 -14.405 -14.771 -14.938 -15.045 -14.358 -13.95 -14.563 -15.02 -14.876 -14.568 -14.331
2.530929 -9.205 -7.9 -9.805 -11.717 -13.037 -13.932 -12.159 -11.959 -13.064 -13.96 -14.53 -14.873 -11.882 -13.393 -14.306 -14.699 -14.908 -13.562 -14.33 -14.72 -14.9 -15.017 -14.287 -13.855 -14.499 -15.01 -14.879 -14.582 -14.264
2.607475 -9.117 -7.591 -9.581 -11.523 -12.893 -13.827 -12.03 -11.774 -12.923 -13.858 -14.461 -14.829 -11.692 -13.266 -14.222 -14.639 -14.868 -13.445 -14.247 -14.661 -14.857 -14.984 -14.21 -13.752 -14.428 -14.996 -14.879 -14.594 -14.191
2.686337 -9.032 -7.264 -9.342 -11.313 -12.737 -13.713 -11.893 -11.573 -12.769 -13.746 -14.384 -14.78 -11.487 -13.127 -14.129 -14.573 -14.821 -13.317 -14.156 -14.596 -14.807 -14.946 -14.124 -13.639 -14.349 -14.978 -14.876 -14.603 -14.111
2.767583 -8.949 -6.916 -9.088 -11.086 -12.568 -13.587 -11.744 -11.357 -12.603 -13.623 -14.299 -14.723 -11.266 -12.976 -14.026 -14.498 -14.767 -13.178 -14.056 -14.523 -14.751 -14.901 -14.03 -13.515 -14.262 -14.954 -14.869 -14.609 -14.024
2.851287 -8.868 -6.548 -8.818 -10.841 -12.384 -13.45 -11.585 -11.122 -12.422 -13.488 -14.205 -14.66 -11.026 -12.812 -13.913 -14.415 -14.707 -13.027 -13.945 -14.441 -14.687 -14.85 -13.926 -13.38 -14.165 -14.926 -14.858 -14.612 -13.928
2.937522 -8.789 -6.16 -8.532 -10.576 -12.184 -13.299 -11.414 -10.869 -12.225 -13.341 -14.101 -14.588 -10.767 -12.633 -13.788 -14.322 -14.638 -12.863 -13.823 -14.35 -14.615 -14.791 -13.812 -13.232 -14.059 -14.892 -14.843 -14.611 -13.824
3.026365 -8.71 -5.754 -8.228 -10.29 -11.966 -13.134 -11.229 -10.595 -12.011 -13.179 -13.986 -14.508 -10.486 -12.438 -13.651 -14.219 -14.561 -12.685 -13.69 -14.249 -14.535 -14.725 -13.688 -13.071 -13.941 -14.852 -14.824 -14.608 -13.71
3.117896 -8.632 -5.334 -7.904 -9.979 -11.729 -12.954 -11.03 -10.297 -11.778 -13.002 -13.859 -14.418 -10.182 -12.225 -13.5 -14.105 -14.475 -12.493 -13.543 -14.136 -14.444 -14.651 -13.551 -12.894 -13.811 -14.805 -14.799 -14.6 -13.587
3.212194 -8.552 -4.906 -7.561 -9.643 -11.472 -12.756 -10.816 -9.974 -11.525 -12.809 -13.718 -14.317 -9.852 -11.994 -13.334 -13.978 -14.378 -12.285 -13.381 -14.012 -14.343 -14.567 -13.401 -12.702 -13.668 -14.751 -14.768 -14.588 -13.452
3.309345 -8.469 -4.481 -7.195 -9.278 -11.191 -12.539 -10.586 -9.624 -11.25 -12.597 -13.564 -14.205 -9.494 -11.741 -13.152 -13.838 -14.269 -12.06 -13.204 -13.873 -14.23 -14.472 -13.236 -12.491 -13.51 -14.689 -14.731 -14.571 -13.307
3.409434 -8.384 -4.075 -6.807 -8.881 -10.884 -12.301 -10.337 -9.243 -10.949 -12.364 -13.394 -14.08 -9.104 -11.465 -12.951 -13.682 -14.148 -11.817 -13.009 -13.721 -14.104 -14.366 -13.056 -12.261 -13.336 -14.617 -14.687 -14.549 -13.149
3.51255 -8.294 -3.704 -6.394 -8.45 -10.55 -12.04 -10.069 -8.829 -10.622 -12.109 -13.206 -13.941 -8.679 -11.164 -12.73 -13.51 -14.013 -11.556 -12.795 -13.551 -13.964 -14.248 -12.858 -12.01 -13.144 -14.536 -14.636 -14.522 -12.978
3.618785 -8.198 -3.383 -5.953 -7.98 -10.185 -11.754 -9.78 -8.377 -10.264 -11.829 -12.999 -13.787 -8.217 -10.834 -12.487 -13.319 -13.862 -11.277 -12.561 -13.364 -13.809 -14.116 -12.641 -11.734 -12.933 -14.444 -14.577 -14.488 -12.793
3.728232 -8.096 -3.116 -5.484 -7.467 -9.785 -11.439 -9.467 -7.884 -9.873 -11.522 -12.771 -13.615 -7.712 -10.473 -12.219 -13.107 -13.695 -10.98 -12.304 -13.157 -13.635 -13.969 -12.403 -11.433 -12.701 -14.34 -14.508 -14.448 -12.594
3.84099 -7.986 -2.898 -4.982 -6.907 -9.347 -11.092 -9.13 -7.345 -9.446 -11.184 -12.52 -13.425 -7.16 -10.077 -11.923 -12.873 -13.508 -10.665 -12.022 -12.928 -13.442 -13.805 -12.141 -11.102 -12.444 -14.222 -14.429 -14.4 -12.38
3.957158 -7.868 -2.716 -4.446 -6.295 -8.867 -10.71 -8.767 -6.755 -8.978 -10.812 -12.242 -13.213 -6.556 -9.643 -11.597 -12.613 -13.3 -10.336 -11.714 -12.674 -13.228 -13.623 -11.853 -10.739 -12.161 -14.089 -14.339 -14.343 -12.149
4.07684 -7.739 -2.553 -3.87 -5.624 -8.34 -10.289 -8.375 -6.109 -8.464 -10.402 -11.935 -12.977 -5.894 -9.165 -11.236 -12.325 -13.068 -9.996 -11.377 -12.393 -12.989 -13.419 -11.537 -10.34 -11.849 -13.938 -14.235 -14.277 -11.903
4.200141 -7.599 -2.396 -3.25 -4.888 -7.76 -9.824 -7.953 -5.399 -7.899 -9.95 -11.597 -12.715 -5.167 -8.64 -10.837 -12.005 -12.809 -9.651 -11.009 -12.083 -12.724 -13.193 -11.188 -9.9 -11.503 -13.769 -14.118 -14.201 -11.641
4.327172 -7.447 -2.236 -2.581 -4.077 -7.12 -9.31 -7.501 -4.617 -7.278 -9.45 -11.221 -12.424 -4.366 -8.06 -10.395 -11.649 -12.521 -9.308 -10.609 -11.739 -12.429 -12.942 -10.803 -9.416 -11.121 -13.579 -13.984 -14.113 -11.363
4.458044 -7.28 -2.066 -1.856 -3.184 -6.414 -8.74 -7.019 -3.756 -6.594 -8.898 -10.806 -12.099 -3.482 -7.42 -9.905 -11.253 -12.199 -8.972 -10.176 -11.358 -12.1 -12.662 -10.377 -8.881 -10.697 -13.364 -13.832 -14.011 -11.069
4.592874 -7.098 -1.883 -1.069 -2.198 -5.633 -8.107 -6.51 -2.804 -5.838 -8.285 -10.345 -11.737 -2.506 -6.712 -9.36 -10.811 -11.839 -8.651 -9.713 -10.937 -11.734 -12.351 -9.906 -8.29 -10.227 -13.122 -13.66 -13.894 -10.761
