web/models/kne/20/villar_0.5000_0.1240_1.0000.dat
# %ECSV 1.0
# ---
# datatype:
# - {name: time, datatype: float64}
# - {name: swift_uvot_uvw2, datatype: float64}
# - {name: swift_uvot_uvm2, datatype: float64}
# - {name: swift_uvot_uvw1, datatype: float64}
# - {name: swift_uvot_U, datatype: float64}
# - {name: swift_uvot_B, datatype: float64}
# - {name: swift_uvot_V, datatype: float64}
# - {name: swift_uvot_W, datatype: float64}
# - {name: johnson_U, datatype: float64}
# - {name: johnson_B, datatype: float64}
# - {name: johnson_V, datatype: float64}
# - {name: johnson_R, datatype: float64}
# - {name: johnson_I, datatype: float64}
# - {name: sdss_u, datatype: float64}
# - {name: sdss_g, datatype: float64}
# - {name: sdss_r, datatype: float64}
# - {name: sdss_i, datatype: float64}
# - {name: sdss_z, datatype: float64}
# - {name: PS1_g, datatype: float64}
# - {name: PS1_r, datatype: float64}
# - {name: PS1_i, datatype: float64}
# - {name: PS1_z, datatype: float64}
# - {name: PS1_Y, datatype: float64}
# - {name: PS1_w, datatype: float64}
# - {name: ATLAS_c, datatype: float64}
# - {name: ATLAS_o, datatype: float64}
# - {name: ukirt_J, datatype: float64}
# - {name: ukirt_H, datatype: float64}
# - {name: ukirt_K, datatype: float64}
# - {name: Clear, datatype: float64}
# meta: !!omap
# - comment: [kappa = 1.0, type = villar, mass = 0.5000000000045836, velocity = 0.124, theta_obs = 0.0]
# schema: astropy-2.0
time swift_uvot_uvw2 swift_uvot_uvm2 swift_uvot_uvw1 swift_uvot_U swift_uvot_B swift_uvot_V swift_uvot_W johnson_U johnson_B johnson_V johnson_R johnson_I sdss_u sdss_g sdss_r sdss_i sdss_z PS1_g PS1_r PS1_i PS1_z PS1_Y PS1_w ATLAS_c ATLAS_o ukirt_J ukirt_H ukirt_K Clear
0.001 nan nan nan nan nan nan nan nan nan nan nan nan nan nan nan nan nan nan nan nan nan nan nan nan nan nan nan nan nan
0.00103 -5.325 -5.073 -4.924 -4.473 -4.103 -3.71 -4.768 -4.418 -4.099 -3.699 -3.302 -2.843 -4.428 -3.978 -3.479 -3.115 -2.775 -3.981 -3.547 -3.206 -3.015 -3.117 -3.547 -3.783 -3.331 -2.096 -1.547 -0.914 -3.63
0.001061 -5.779 -5.467 -5.301 -4.805 -4.414 -4.005 -5.146 -4.746 -4.41 -3.994 -3.586 -3.116 -4.756 -4.283 -3.767 -3.394 -3.047 -4.299 -3.854 -3.513 -3.338 -3.498 -3.84 -4.082 -3.615 -2.359 -1.804 -1.166 -3.927
0.001094 -6.048 -5.702 -5.528 -5.01 -4.61 -4.193 -5.375 -4.95 -4.606 -4.182 -3.769 -3.294 -4.96 -4.477 -3.952 -3.574 -3.224 -4.501 -4.051 -3.711 -3.546 -3.74 -4.027 -4.272 -3.798 -2.531 -1.974 -1.333 -4.116
0.001127 -6.245 -5.877 -5.698 -5.167 -4.76 -4.339 -5.545 -5.105 -4.757 -4.328 -3.911 -3.434 -5.116 -4.626 -4.096 -3.716 -3.363 -4.656 -4.204 -3.865 -3.708 -3.924 -4.172 -4.419 -3.941 -2.667 -2.108 -1.466 -4.263
0.001161 -6.404 -6.021 -5.838 -5.298 -4.887 -4.463 -5.686 -5.235 -4.883 -4.452 -4.032 -3.553 -5.246 -4.751 -4.217 -3.836 -3.482 -4.786 -4.333 -3.994 -3.843 -4.076 -4.295 -4.543 -4.062 -2.784 -2.224 -1.581 -4.387
0.001196 -6.54 -6.145 -5.959 -5.412 -4.999 -4.572 -5.807 -5.349 -4.995 -4.561 -4.14 -3.659 -5.36 -4.862 -4.326 -3.943 -3.588 -4.901 -4.446 -4.109 -3.961 -4.207 -4.404 -4.653 -4.17 -2.888 -2.327 -1.684 -4.496
0.001232 -6.661 -6.256 -6.068 -5.516 -5.1 -4.672 -5.917 -5.453 -5.096 -4.66 -4.238 -3.756 -5.464 -4.963 -4.424 -4.04 -3.685 -5.004 -4.549 -4.212 -4.069 -4.324 -4.503 -4.753 -4.268 -2.984 -2.422 -1.778 -4.596
0.001269 -6.769 -6.357 -6.168 -5.612 -5.194 -4.764 -6.017 -5.548 -5.19 -4.753 -4.33 -3.847 -5.559 -5.056 -4.516 -4.131 -3.775 -5.1 -4.644 -4.308 -4.168 -4.43 -4.596 -4.846 -4.36 -3.074 -2.512 -1.867 -4.689
0.001308 -6.87 -6.451 -6.261 -5.702 -5.282 -4.851 -6.11 -5.638 -5.279 -4.84 -4.416 -3.933 -5.649 -5.145 -4.603 -4.218 -3.861 -5.19 -4.734 -4.398 -4.26 -4.529 -4.683 -4.934 -4.447 -3.159 -2.596 -1.951 -4.776
0.001347 -6.964 -6.54 -6.349 -5.787 -5.367 -4.935 -6.198 -5.723 -5.363 -4.923 -4.499 -4.015 -5.734 -5.228 -4.686 -4.3 -3.943 -5.276 -4.819 -4.484 -4.348 -4.622 -4.766 -5.017 -4.529 -3.24 -2.677 -2.032 -4.86
0.001388 -7.052 -6.625 -6.432 -5.868 -5.447 -5.015 -6.282 -5.804 -5.443 -5.003 -4.578 -4.093 -5.815 -5.309 -4.766 -4.379 -4.022 -5.357 -4.901 -4.566 -4.431 -4.71 -4.846 -5.097 -4.609 -3.318 -2.755 -2.11 -4.94
0.00143 -7.137 -6.706 -6.512 -5.947 -5.525 -5.092 -6.362 -5.883 -5.521 -5.08 -4.655 -4.17 -5.894 -5.386 -4.843 -4.456 -4.098 -5.436 -4.979 -4.645 -4.511 -4.793 -4.923 -5.175 -4.686 -3.394 -2.831 -2.186 -5.017
0.001473 -7.217 -6.783 -6.59 -6.023 -5.6 -5.167 -6.439 -5.959 -5.596 -5.155 -4.73 -4.244 -5.97 -5.461 -4.917 -4.53 -4.172 -5.512 -5.055 -4.721 -4.588 -4.873 -4.998 -5.25 -4.76 -3.468 -2.905 -2.259 -5.092
0.001518 -7.295 -6.859 -6.665 -6.097 -5.674 -5.24 -6.514 -6.032 -5.67 -5.228 -4.802 -4.316 -6.043 -5.535 -4.99 -4.603 -4.244 -5.586 -5.129 -4.795 -4.663 -4.95 -5.071 -5.323 -4.833 -3.54 -2.977 -2.331 -5.165
0.001564 -7.37 -6.932 -6.738 -6.169 -5.745 -5.311 -6.587 -6.104 -5.741 -5.299 -4.873 -4.387 -6.115 -5.606 -5.061 -4.673 -4.315 -5.658 -5.201 -4.867 -4.736 -5.025 -5.142 -5.394 -4.904 -3.611 -3.047 -2.401 -5.236
0.001611 -7.442 -7.003 -6.809 -6.239 -5.815 -5.381 -6.658 -6.174 -5.811 -5.369 -4.943 -4.457 -6.185 -5.676 -5.131 -4.743 -4.385 -5.729 -5.271 -4.937 -4.807 -5.097 -5.212 -5.464 -4.974 -3.68 -3.116 -2.47 -5.306
0.00166 -7.513 -7.073 -6.878 -6.308 -5.884 -5.449 -6.728 -6.243 -5.88 -5.438 -5.011 -4.525 -6.254 -5.745 -5.199 -4.811 -4.453 -5.798 -5.34 -5.007 -4.877 -5.168 -5.28 -5.533 -5.042 -3.748 -3.185 -2.539 -5.375
0.00171 -7.582 -7.141 -6.946 -6.376 -5.951 -5.517 -6.796 -6.311 -5.948 -5.505 -5.079 -4.592 -6.322 -5.812 -5.267 -4.879 -4.52 -5.865 -5.408 -5.074 -4.945 -5.237 -5.347 -5.6 -5.109 -3.816 -3.252 -2.606 -5.442
0.001761 -7.649 -7.208 -7.013 -6.442 -6.018 -5.583 -6.863 -6.378 -6.014 -5.572 -5.145 -4.659 -6.389 -5.879 -5.333 -4.945 -4.587 -5.932 -5.474 -5.141 -5.012 -5.304 -5.414 -5.666 -5.176 -3.882 -3.318 -2.672 -5.508
0.001815 -7.715 -7.274 -7.079 -6.508 -6.084 -5.649 -6.929 -6.443 -6.08 -5.637 -5.211 -4.724 -6.454 -5.944 -5.399 -5.011 -4.652 -5.998 -5.54 -5.207 -5.077 -5.37 -5.479 -5.732 -5.241 -3.947 -3.383 -2.737 -5.574
0.00187 -7.78 -7.339 -7.143 -6.573 -6.148 -5.713 -6.993 -6.508 -6.144 -5.702 -5.275 -4.789 -6.519 -6.009 -5.463 -5.075 -4.717 -6.062 -5.605 -5.271 -5.142 -5.435 -5.544 -5.797 -5.306 -4.012 -3.448 -2.802 -5.639
0.001926 -7.844 -7.402 -7.207 -6.637 -6.212 -5.777 -7.057 -6.572 -6.208 -5.766 -5.339 -4.853 -6.583 -6.073 -5.527 -5.139 -4.781 -6.126 -5.669 -5.335 -5.206 -5.499 -5.608 -5.861 -5.37 -4.076 -3.512 -2.866 -5.703
0.001984 -7.906 -7.465 -7.27 -6.7 -6.276 -5.841 -7.12 -6.635 -6.272 -5.829 -5.403 -4.916 -6.646 -6.136 -5.591 -5.203 -4.844 -6.19 -5.732 -5.399 -5.269 -5.561 -5.672 -5.924 -5.433 -4.14 -3.576 -2.93 -5.766
0.002044 -7.968 -7.528 -7.333 -6.762 -6.338 -5.903 -7.183 -6.698 -6.334 -5.892 -5.466 -4.979 -6.709 -6.199 -5.654 -5.266 -4.907 -6.252 -5.794 -5.461 -5.331 -5.623 -5.734 -5.987 -5.496 -4.203 -3.639 -2.993 -5.829
0.002106 -8.029 -7.589 -7.394 -6.824 -6.4 -5.966 -7.244 -6.76 -6.397 -5.954 -5.528 -5.042 -6.771 -6.261 -5.716 -5.328 -4.97 -6.314 -5.856 -5.523 -5.393 -5.684 -5.797 -6.049 -5.558 -4.265 -3.701 -3.055 -5.891
0.00217 -8.089 -7.65 -7.455 -6.886 -6.462 -6.027 -7.305 -6.821 -6.458 -6.016 -5.59 -5.103 -6.832 -6.323 -5.778 -5.39 -5.031 -6.375 -5.918 -5.584 -5.454 -5.744 -5.858 -6.111 -5.62 -4.327 -3.763 -3.117 -5.953
0.002236 -8.148 -7.71 -7.516 -6.947 -6.523 -6.089 -7.365 -6.882 -6.519 -6.077 -5.651 -5.165 -6.893 -6.384 -5.839 -5.451 -5.093 -6.436 -5.979 -5.645 -5.514 -5.803 -5.919 -6.172 -5.682 -4.389 -3.825 -3.179 -6.014
0.002303 -8.207 -7.77 -7.575 -7.007 -6.584 -6.149 -7.425 -6.942 -6.58 -6.138 -5.712 -5.226 -6.953 -6.445 -5.9 -5.512 -5.154 -6.496 -6.039 -5.705 -5.574 -5.862 -5.98 -6.233 -5.742 -4.45 -3.886 -3.24 -6.075
0.002373 -8.265 -7.829 -7.635 -7.067 -6.644 -6.21 -7.485 -7.002 -6.64 -6.198 -5.772 -5.287 -7.013 -6.505 -5.96 -5.573 -5.215 -6.556 -6.099 -5.765 -5.633 -5.92 -6.041 -6.293 -5.803 -4.511 -3.947 -3.301 -6.135
0.002445 -8.322 -7.887 -7.694 -7.126 -6.703 -6.27 -7.543 -7.062 -6.7 -6.258 -5.833 -5.347 -7.073 -6.565 -6.02 -5.633 -5.275 -6.616 -6.158 -5.824 -5.692 -5.978 -6.101 -6.353 -5.863 -4.571 -4.007 -3.362 -6.195
0.002519 -8.379 -7.946 -7.752 -7.185 -6.763 -6.329 -7.602 -7.121 -6.759 -6.318 -5.892 -5.407 -7.132 -6.624 -6.08 -5.693 -5.335 -6.675 -6.217 -5.883 -5.751 -6.035 -6.16 -6.412 -5.923 -4.631 -4.068 -3.422 -6.255
0.002595 -8.435 -8.003 -7.81 -7.244 -6.822 -6.389 -7.66 -7.18 -6.818 -6.377 -5.952 -5.467 -7.191 -6.683 -6.139 -5.752 -5.395 -6.733 -6.276 -5.942 -5.809 -6.091 -6.22 -6.472 -5.982 -4.691 -4.128 -3.482 -6.314
0.002673 -8.491 -8.061 -7.868 -7.302 -6.881 -6.448 -7.717 -7.238 -6.877 -6.436 -6.011 -5.526 -7.249 -6.742 -6.199 -5.812 -5.454 -6.792 -6.335 -6.0 -5.866 -6.148 -6.279 -6.531 -6.042 -4.751 -4.187 -3.542 -6.373
0.002754 -8.546 -8.118 -7.925 -7.361 -6.939 -6.506 -7.774 -7.296 -6.935 -6.495 -6.07 -5.585 -7.307 -6.801 -6.257 -5.871 -5.513 -6.85 -6.393 -6.058 -5.924 -6.203 -6.338 -6.589 -6.1 -4.81 -4.247 -3.601 -6.431
0.002837 -8.601 -8.174 -7.982 -7.418 -6.997 -6.565 -7.831 -7.354 -6.993 -6.554 -6.129 -5.644 -7.365 -6.859 -6.316 -5.929 -5.572 -6.907 -6.45 -6.116 -5.981 -6.258 -6.396 -6.648 -6.159 -4.869 -4.306 -3.661 -6.49
0.002923 -8.656 -8.23 -8.038 -7.476 -7.055 -6.623 -7.888 -7.412 -7.051 -6.612 -6.187 -5.702 -7.423 -6.917 -6.374 -5.988 -5.631 -6.965 -6.508 -6.173 -6.037 -6.313 -6.454 -6.706 -6.217 -4.928 -4.365 -3.72 -6.548
0.003012 -8.71 -8.286 -8.095 -7.533 -7.113 -6.681 -7.944 -7.469 -7.109 -6.67 -6.245 -5.761 -7.48 -6.974 -6.432 -6.046 -5.689 -7.022 -6.565 -6.23 -6.094 -6.368 -6.512 -6.764 -6.276 -4.986 -4.423 -3.778 -6.606
0.003103 -8.763 -8.342 -8.151 -7.59 -7.17 -6.739 -8.0 -7.526 -7.166 -6.727 -6.303 -5.819 -7.537 -7.032 -6.49 -6.104 -5.747 -7.079 -6.622 -6.287 -6.15 -6.422 -6.57 -6.821 -6.334 -5.045 -4.482 -3.837 -6.663
0.003196 -8.817 -8.397 -8.206 -7.646 -7.227 -6.796 -8.055 -7.583 -7.223 -6.785 -6.361 -5.877 -7.594 -7.089 -6.548 -6.162 -5.805 -7.135 -6.679 -6.343 -6.205 -6.476 -6.627 -6.879 -6.391 -5.103 -4.54 -3.895 -6.721
0.003293 -8.869 -8.452 -8.262 -7.703 -7.284 -6.853 -8.111 -7.639 -7.28 -6.842 -6.418 -5.935 -7.65 -7.146 -6.605 -6.22 -5.863 -7.192 -6.735 -6.4 -6.261 -6.529 -6.685 -6.936 -6.449 -5.161 -4.598 -3.954 -6.778
0.003393 -8.922 -8.507 -8.317 -7.759 -7.341 -6.91 -8.166 -7.696 -7.337 -6.899 -6.476 -5.992 -7.706 -7.203 -6.662 -6.277 -5.921 -7.248 -6.792 -6.456 -6.316 -6.582 -6.742 -6.993 -6.506 -5.219 -4.656 -4.012 -6.835
0.003495 -8.974 -8.561 -8.372 -7.815 -7.397 -6.967 -8.221 -7.752 -7.393 -6.956 -6.533 -6.05 -7.763 -7.26 -6.719 -6.334 -5.978 -7.304 -6.848 -6.512 -6.371 -6.635 -6.799 -7.049 -6.563 -5.276 -4.714 -4.07 -6.892
0.003601 -9.026 -8.615 -8.426 -7.871 -7.453 -7.024 -8.275 -7.807 -7.45 -7.013 -6.59 -6.107 -7.818 -7.316 -6.776 -6.391 -6.035 -7.359 -6.904 -6.567 -6.426 -6.688 -6.855 -7.106 -6.62 -5.334 -4.772 -4.128 -6.949
0.00371 -9.078 -8.669 -8.481 -7.926 -7.51 -7.08 -8.329 -7.863 -7.506 -7.069 -6.646 -6.164 -7.874 -7.372 -6.833 -6.448 -6.092 -7.415 -6.959 -6.623 -6.481 -6.74 -6.912 -7.162 -6.677 -5.391 -4.829 -4.185 -7.005
0.003822 -9.13 -8.723 -8.535 -7.982 -7.565 -7.137 -8.383 -7.919 -7.562 -7.125 -6.703 -6.221 -7.929 -7.428 -6.889 -6.505 -6.149 -7.47 -7.015 -6.678 -6.535 -6.792 -6.968 -7.219 -6.733 -5.449 -4.887 -4.243 -7.061
0.003938 -9.181 -8.776 -8.589 -8.037 -7.621 -7.193 -8.437 -7.974 -7.617 -7.182 -6.76 -6.277 -7.985 -7.484 -6.946 -6.562 -6.206 -7.525 -7.07 -6.733 -6.59 -6.844 -7.025 -7.275 -6.79 -5.506 -4.944 -4.3 -7.117
0.004057 -9.232 -8.83 -8.642 -8.092 -7.677 -7.249 -8.491 -8.029 -7.673 -7.238 -6.816 -6.334 -8.04 -7.54 -7.002 -6.618 -6.263 -7.58 -7.125 -6.788 -6.644 -6.896 -7.081 -7.331 -6.846 -5.563 -5.001 -4.357 -7.173
0.00418 -9.282 -8.883 -8.696 -8.147 -7.732 -7.305 -8.544 -8.084 -7.728 -7.294 -6.872 -6.391 -8.095 -7.595 -7.058 -6.675 -6.319 -7.635 -7.18 -6.843 -6.698 -6.947 -7.137 -7.386 -6.902 -5.619 -5.058 -4.414 -7.229
0.004306 -9.333 -8.935 -8.749 -8.201 -7.787 -7.36 -8.598 -8.139 -7.784 -7.349 -6.928 -6.447 -8.149 -7.651 -7.114 -6.731 -6.376 -7.69 -7.235 -6.898 -6.751 -6.998 -7.192 -7.442 -6.958 -5.676 -5.115 -4.471 -7.285
0.004436 -9.383 -8.988 -8.802 -8.256 -7.843 -7.416 -8.651 -8.193 -7.839 -7.405 -6.984 -6.503 -8.204 -7.706 -7.17 -6.787 -6.432 -7.744 -7.29 -6.952 -6.805 -7.049 -7.248 -7.497 -7.014 -5.733 -5.172 -4.528 -7.34
0.00457 -9.433 -9.04 -8.855 -8.31 -7.897 -7.471 -8.704 -8.248 -7.894 -7.46 -7.04 -6.559 -8.258 -7.761 -7.225 -6.843 -6.488 -7.799 -7.344 -7.007 -6.858 -7.1 -7.303 -7.553 -7.07 -5.789 -5.228 -4.585 -7.396
0.004709 -9.482 -9.093 -8.908 -8.364 -7.952 -7.527 -8.756 -8.302 -7.948 -7.516 -7.095 -6.615 -8.313 -7.816 -7.281 -6.899 -6.544 -7.853 -7.399 -7.061 -6.912 -7.151 -7.359 -7.608 -7.126 -5.845 -5.285 -4.642 -7.451
0.004851 -9.532 -9.145 -8.961 -8.418 -8.007 -7.582 -8.809 -8.356 -8.003 -7.571 -7.151 -6.671 -8.367 -7.871 -7.336 -6.954 -6.6 -7.907 -7.453 -7.115 -6.965 -7.201 -7.414 -7.663 -7.181 -5.902 -5.341 -4.698 -7.506
0.004998 -9.581 -9.197 -9.013 -8.472 -8.062 -7.637 -8.861 -8.41 -8.058 -7.626 -7.206 -6.727 -8.421 -7.926 -7.392 -7.01 -6.656 -7.961 -7.507 -7.169 -7.018 -7.252 -7.469 -7.718 -7.237 -5.958 -5.398 -4.755 -7.561
0.005149 -9.63 -9.248 -9.065 -8.526 -8.116 -7.692 -8.913 -8.464 -8.112 -7.681 -7.262 -6.783 -8.475 -7.98 -7.447 -7.065 -6.712 -8.015 -7.561 -7.223 -7.071 -7.302 -7.524 -7.773 -7.292 -6.014 -5.454 -4.811 -7.616
0.005305 -9.679 -9.3 -9.118 -8.58 -8.17 -7.747 -8.965 -8.518 -8.166 -7.736 -7.317 -6.838 -8.528 -8.035 -7.502 -7.121 -6.767 -8.068 -7.615 -7.277 -7.124 -7.352 -7.579 -7.827 -7.347 -6.07 -5.51 -4.867 -7.671
0.005465 -9.727 -9.351 -9.169 -8.633 -8.224 -7.802 -9.017 -8.571 -8.221 -7.79 -7.372 -6.894 -8.582 -8.089 -7.557 -7.176 -6.823 -8.122 -7.669 -7.33 -7.176 -7.402 -7.634 -7.882 -7.402 -6.126 -5.566 -4.924 -7.725
0.00563 -9.776 -9.402 -9.221 -8.687 -8.279 -7.856 -9.069 -8.625 -8.275 -7.845 -7.427 -6.949 -8.636 -8.143 -7.612 -7.231 -6.878 -8.175 -7.723 -7.384 -7.229 -7.452 -7.689 -7.936 -7.457 -6.181 -5.622 -4.98 -7.78
0.005801 -9.824 -9.453 -9.273 -8.74 -8.332 -7.911 -9.12 -8.678 -8.329 -7.9 -7.482 -7.004 -8.689 -8.198 -7.667 -7.286 -6.933 -8.229 -7.776 -7.437 -7.281 -7.501 -7.743 -7.991 -7.512 -6.237 -5.678 -5.036 -7.834
0.005976 -9.872 -9.504 -9.324 -8.793 -8.386 -7.965 -9.172 -8.731 -8.383 -7.954 -7.537 -7.059 -8.742 -8.252 -7.721 -7.341 -6.989 -8.282 -7.83 -7.491 -7.334 -7.551 -7.798 -8.045 -7.567 -6.293 -5.734 -5.092 -7.889
0.006157 -9.92 -9.555 -9.376 -8.846 -8.44 -8.019 -9.223 -8.784 -8.436 -8.008 -7.592 -7.114 -8.795 -8.306 -7.776 -7.396 -7.044 -8.335 -7.883 -7.544 -7.386 -7.6 -7.852 -8.099 -7.622 -6.348 -5.789 -5.148 -7.943
0.006343 -9.968 -9.605 -9.427 -8.899 -8.494 -8.074 -9.274 -8.837 -8.49 -8.063 -7.646 -7.169 -8.848 -8.359 -7.83 -7.451 -7.099 -8.388 -7.937 -7.597 -7.438 -7.649 -7.906 -8.153 -7.676 -6.404 -5.845 -5.204 -7.997
0.006535 -10.015 -9.656 -9.478 -8.951 -8.547 -8.128 -9.325 -8.89 -8.543 -8.117 -7.701 -7.224 -8.901 -8.413 -7.885 -7.506 -7.154 -8.441 -7.99 -7.65 -7.49 -7.699 -7.961 -8.207 -7.731 -6.459 -5.901 -5.259 -8.051
0.006732 -10.063 -9.706 -9.529 -9.004 -8.601 -8.182 -9.376 -8.943 -8.597 -8.171 -7.755 -7.279 -8.954 -8.467 -7.939 -7.56 -7.209 -8.494 -8.043 -7.703 -7.542 -7.748 -8.015 -8.261 -7.785 -6.514 -5.956 -5.315 -8.105
0.006936 -10.11 -9.756 -9.58 -9.057 -8.654 -8.236 -9.426 -8.996 -8.65 -8.225 -7.81 -7.334 -9.006 -8.52 -7.993 -7.615 -7.264 -8.547 -8.096 -7.756 -7.594 -7.797 -8.069 -8.315 -7.839 -6.57 -6.012 -5.371 -8.159
0.007146 -10.157 -9.806 -9.63 -9.109 -8.707 -8.29 -9.477 -9.048 -8.703 -8.278 -7.864 -7.389 -9.059 -8.574 -8.047 -7.669 -7.318 -8.599 -8.149 -7.809 -7.646 -7.845 -8.123 -8.369 -7.894 -6.625 -6.067 -5.426 -8.212
0.007362 -10.204 -9.856 -9.681 -9.161 -8.76 -8.343 -9.527 -9.101 -8.757 -8.332 -7.918 -7.443 -9.111 -8.627 -8.101 -7.724 -7.373 -8.652 -8.202 -7.862 -7.698 -7.894 -8.177 -8.422 -7.948 -6.68 -6.122 -5.482 -8.266
0.007585 -10.25 -9.905 -9.731 -9.214 -8.813 -8.397 -9.578 -9.153 -8.81 -8.386 -7.972 -7.498 -9.164 -8.68 -8.155 -7.778 -7.428 -8.704 -8.255 -7.915 -7.75 -7.943 -8.23 -8.476 -8.002 -6.735 -6.178 -5.537 -8.32
0.007814 -10.297 -9.955 -9.781 -9.266 -8.866 -8.451 -9.628 -9.205 -8.862 -8.44 -8.026 -7.552 -9.216 -8.733 -8.209 -7.832 -7.482 -8.757 -8.308 -7.967 -7.801 -7.991 -8.284 -8.529 -8.056 -6.79 -6.233 -5.593 -8.373
0.00805 -10.343 -10.004 -9.831 -9.318 -8.919 -8.504 -9.678 -9.257 -8.915 -8.493 -8.08 -7.607 -9.268 -8.786 -8.263 -7.887 -7.537 -8.809 -8.36 -8.02 -7.853 -8.04 -8.338 -8.583 -8.11 -6.845 -6.288 -5.648 -8.427
0.008294 -10.389 -10.053 -9.881 -9.37 -8.972 -8.558 -9.727 -9.309 -8.968 -8.547 -8.134 -7.661 -9.32 -8.839 -8.317 -7.941 -7.591 -8.861 -8.413 -8.072 -7.904 -8.088 -8.391 -8.636 -8.164 -6.9 -6.343 -5.703 -8.48
0.008545 -10.435 -10.102 -9.931 -9.421 -9.025 -8.611 -9.777 -9.361 -9.021 -8.6 -8.188 -7.715 -9.372 -8.892 -8.37 -7.995 -7.646 -8.913 -8.465 -8.125 -7.956 -8.137 -8.445 -8.689 -8.218 -6.954 -6.398 -5.758 -8.533
0.008803 -10.481 -10.151 -9.981 -9.473 -9.077 -8.664 -9.827 -9.413 -9.073 -8.653 -8.242 -7.77 -9.424 -8.945 -8.424 -8.049 -7.7 -8.965 -8.518 -8.177 -8.007 -8.185 -8.498 -8.742 -8.271 -7.009 -6.453 -5.814 -8.586
0.009069 -10.527 -10.2 -10.03 -9.525 -9.13 -8.717 -9.876 -9.465 -9.126 -8.706 -8.296 -7.824 -9.476 -8.998 -8.478 -8.103 -7.754 -9.017 -8.57 -8.229 -8.058 -8.233 -8.551 -8.795 -8.325 -7.064 -6.508 -5.869 -8.64
0.009344 -10.572 -10.249 -10.08 -9.576 -9.182 -8.771 -9.926 -9.517 -9.178 -8.76 -8.349 -7.878 -9.527 -9.051 -8.531 -8.157 -7.808 -9.069 -8.622 -8.282 -8.11 -8.281 -8.605 -8.848 -8.379 -7.118 -6.563 -5.924 -8.693
