web/models/kne/20/villar_0.5000_0.0457_1.0000.dat
# %ECSV 1.0
# ---
# datatype:
# - {name: time, datatype: float64}
# - {name: swift_uvot_uvw2, datatype: float64}
# - {name: swift_uvot_uvm2, datatype: float64}
# - {name: swift_uvot_uvw1, datatype: float64}
# - {name: swift_uvot_U, datatype: float64}
# - {name: swift_uvot_B, datatype: float64}
# - {name: swift_uvot_V, datatype: float64}
# - {name: swift_uvot_W, datatype: float64}
# - {name: johnson_U, datatype: float64}
# - {name: johnson_B, datatype: float64}
# - {name: johnson_V, datatype: float64}
# - {name: johnson_R, datatype: float64}
# - {name: johnson_I, datatype: float64}
# - {name: sdss_u, datatype: float64}
# - {name: sdss_g, datatype: float64}
# - {name: sdss_r, datatype: float64}
# - {name: sdss_i, datatype: float64}
# - {name: sdss_z, datatype: float64}
# - {name: PS1_g, datatype: float64}
# - {name: PS1_r, datatype: float64}
# - {name: PS1_i, datatype: float64}
# - {name: PS1_z, datatype: float64}
# - {name: PS1_Y, datatype: float64}
# - {name: PS1_w, datatype: float64}
# - {name: ATLAS_c, datatype: float64}
# - {name: ATLAS_o, datatype: float64}
# - {name: ukirt_J, datatype: float64}
# - {name: ukirt_H, datatype: float64}
# - {name: ukirt_K, datatype: float64}
# - {name: Clear, datatype: float64}
# meta: !!omap
# - comment: [kappa = 1.0, type = villar, mass = 0.5000000000045836, velocity = 0.04566666666666669, theta_obs = 0.0]
# schema: astropy-2.0
time swift_uvot_uvw2 swift_uvot_uvm2 swift_uvot_uvw1 swift_uvot_U swift_uvot_B swift_uvot_V swift_uvot_W johnson_U johnson_B johnson_V johnson_R johnson_I sdss_u sdss_g sdss_r sdss_i sdss_z PS1_g PS1_r PS1_i PS1_z PS1_Y PS1_w ATLAS_c ATLAS_o ukirt_J ukirt_H ukirt_K Clear
[from data line 354]
38.092613 -9.017 -3.801 -1.721 -2.388 -6.259 -9.046 -7.825 -3.066 -6.524 -9.271 -11.656 -13.257 -2.716 -7.494 -10.487 -12.157 -13.359 -10.397 -11.097 -12.346 -13.248 -13.989 -11.198 -9.325 -11.519 -14.893 -15.581 -15.937 -12.464
39.244698 -8.775 -3.559 -0.69 -1.044 -5.191 -8.172 -7.279 -1.767 -5.498 -8.43 -11.023 -12.753 -1.384 -6.525 -9.733 -11.541 -12.853 -10.102 -10.577 -11.788 -12.745 -13.569 -10.553 -8.517 -10.872 -14.545 -15.329 -15.762 -12.118
40.431627 -8.507 -3.291 0.446 0.456 -3.998 -7.193 -6.75 -0.318 -4.355 -7.49 -10.315 -12.187 0.103 -5.442 -8.887 -10.848 -12.283 -9.803 -10.066 -11.183 -12.187 -13.106 -9.832 -7.615 -10.148 -14.151 -15.042 -15.562 -11.761
41.654454 -8.21 -2.995 1.702 2.136 -2.661 -6.093 -6.251 1.307 -3.078 -6.437 -9.523 -11.552 1.77 -4.228 -7.936 -10.068 -11.64 -9.49 -9.575 -10.538 -11.572 -12.601 -9.024 -6.604 -9.337 -13.703 -14.714 -15.332 -11.393
42.914265 -7.881 -2.665 3.096 4.023 -1.158 -4.853 -5.781 3.132 -1.648 -5.255 -8.633 -10.836 3.642 -2.863 -6.864 -9.186 -10.913 -9.152 -9.108 -9.866 -10.901 -12.054 -8.116 -5.469 -8.425 -13.193 -14.34 -15.068 -11.008
44.212178 -7.513 -2.297 4.65 6.151 0.537 -3.451 -5.327 5.189 -0.04 -3.923 -7.631 -10.028 5.753 -1.324 -5.652 -8.188 -10.089 -8.78 -8.655 -9.19 -10.179 -11.47 -7.092 -4.189 -7.396 -12.611 -13.911 -14.764 -10.601
45.549345 -7.101 -1.885 6.39 8.559 2.455 -1.861 -4.869 7.518 1.772 -2.419 -6.501 -9.114 8.142 0.419 -4.277 -7.052 -9.151 -8.367 -8.197 -8.53 -9.424 -10.855 -5.933 -2.741 -6.232 -11.946 -13.418 -14.413 -10.163
46.926954 -6.638 -1.423 8.346 11.295 4.633 -0.051 -4.384 10.162 3.822 -0.715 -5.222 -8.076 10.855 2.399 -2.711 -5.758 -8.082 -7.904 -7.712 -7.896 -8.656 -10.216 -4.617 -1.097 -4.91 -11.182 -12.852 -14.008 -9.684
48.346227 -6.116 -0.9 10.558 14.416 7.118 2.018 -3.852 13.178 6.15 1.22 -3.77 -6.896 13.948 4.658 -0.921 -4.277 -6.859 -7.381 -7.181 -7.275 -7.899 -9.556 -3.116 0.779 -3.403 -10.302 -12.198 -13.537 -9.153
49.808426 -5.522 -0.307 13.074 17.993 9.964 4.391 -3.255 16.632 8.805 3.426 -2.115 -5.55 17.491 7.246 1.132 -2.577 -5.456 -6.788 -6.584 -6.633 -7.153 -8.868 -1.397 2.928 -1.678 -9.286 -11.441 -12.99 -8.555
51.314848 -4.846 0.37 15.952 22.111 13.239 7.125 -2.578 20.604 11.848 5.95 -0.224 -4.01 21.565 10.224 3.497 -0.616 -3.841 -6.111 -5.907 -5.937 -6.395 -8.135 0.581 5.4 0.305 -8.108 -10.561 -12.352 -7.876
52.86683 -4.07 1.146 19.266 26.875 17.026 10.289 -1.802 25.196 15.351 8.847 1.946 -2.241 26.275 13.667 6.235 1.656 -1.974 -5.336 -5.131 -5.154 -5.583 -7.33 2.868 8.26 2.597 -6.737 -9.536 -11.604 -7.1
54.465752 -3.175 2.041 23.107 32.415 21.427 13.97 -0.907 30.53 19.406 12.189 4.447 -0.202 31.744 17.668 9.42 4.299 0.191 -4.441 -4.236 -4.258 -4.676 -6.422 5.527 11.586 5.259 -5.133 -8.335 -10.726 -6.205
56.113031 -2.374 2.842 26.077 36.643 24.814 16.826 -0.105 34.6 22.529 14.777 6.421 1.434 35.914 20.759 11.912 6.392 1.926 -3.639 -3.434 -3.456 -3.871 -5.617 7.63 14.181 7.365 -3.8 -7.301 -9.927 -5.403
57.810132 -1.94 3.275 26.51 37.076 25.248 17.259 0.328 35.033 22.962 15.211 6.854 1.867 36.347 21.193 12.345 6.825 2.36 -3.206 -3.001 -3.023 -3.438 -5.184 8.063 14.615 7.798 -3.367 -6.868 -9.493 -4.97
59.55856 -1.48 3.735 26.97 37.536 25.708 17.719 0.788 35.493 23.422 15.671 7.314 2.327 36.807 21.653 12.805 7.285 2.819 -2.746 -2.541 -2.563 -2.978 -4.724 8.523 15.075 8.258 -2.907 -6.408 -9.033 -4.51
61.359868 -0.992 4.223 27.458 38.024 26.196 18.208 1.276 35.981 23.91 16.159 7.802 2.815 37.295 22.141 13.293 7.773 3.308 -2.258 -2.053 -2.075 -2.49 -4.236 9.011 15.563 8.746 -2.419 -5.92 -8.545 -4.022
63.215655 -0.474 4.742 27.976 38.543 26.714 18.726 1.794 36.499 24.428 16.677 8.32 3.333 37.813 22.659 13.811 8.291 3.826 -1.74 -1.535 -1.556 -1.972 -3.718 9.529 16.081 9.264 -1.901 -5.401 -8.027 -3.504
65.127569 0.076 5.292 28.526 39.093 27.264 19.276 2.344 37.049 24.978 17.227 8.87 3.883 38.363 23.209 14.361 8.841 4.376 -1.19 -0.985 -1.006 -1.422 -3.168 10.079 16.631 9.814 -1.351 -4.851 -7.477 -2.954
67.097308 0.66 5.875 29.11 39.676 27.848 19.859 2.928 37.633 25.562 17.811 9.454 4.467 38.947 23.793 14.945 9.425 4.959 -0.606 -0.401 -0.423 -0.838 -2.584 10.663 17.215 10.398 -0.767 -4.268 -6.894 -2.37
69.126621 1.279 6.495 29.73 40.296 28.467 20.479 3.548 38.253 26.181 18.43 10.074 5.087 39.567 24.412 15.564 10.045 5.579 0.014 0.218 0.197 -0.218 -1.964 11.283 17.834 11.017 -0.147 -3.648 -6.274 -1.75
71.217308 1.937 7.152 30.387 40.953 29.125 21.137 4.205 38.91 26.839 19.088 10.731 5.744 40.224 25.07 16.222 10.702 6.237 0.671 0.876 0.854 0.439 -1.307 11.94 18.492 11.675 0.51 -2.991 -5.616 -1.093
73.371227 2.635 7.85 31.085 41.651 29.823 21.835 4.903 39.608 27.537 19.786 11.429 6.442 40.922 25.768 16.92 11.4 6.935 1.369 1.574 1.552 1.137 -0.609 12.638 19.19 12.373 1.208 -2.293 -4.918 -0.395
75.59029 3.376 8.591 31.826 42.392 30.564 22.575 5.644 40.349 28.278 20.527 12.17 7.183 41.663 26.509 17.661 12.141 7.675 2.11 2.315 2.293 1.878 0.132 13.379 19.931 13.114 1.949 -1.552 -4.177 0.346
77.876467 4.162 9.378 32.613 43.179 31.35 23.362 6.43 41.135 29.064 21.313 12.956 7.97 42.449 27.295 18.447 12.927 8.462 2.896 3.101 3.08 2.664 0.918 14.165 20.717 13.9 2.735 -0.765 -3.391 1.133
80.231787 4.997 10.212 33.447 44.013 32.185 24.196 7.265 41.97 29.899 22.148 13.791 8.804 43.284 28.13 19.282 13.762 9.296 3.731 3.936 3.914 3.499 1.753 15.0 21.552 14.735 3.57 0.069 -2.557 1.967
82.658343 5.882 11.098 34.333 44.899 33.071 25.082 8.151 42.856 30.785 23.033 14.677 9.69 44.17 29.016 20.168 14.648 10.182 4.617 4.822 4.8 4.385 2.639 15.886 22.437 15.621 4.456 0.955 -1.671 2.853
85.158288 6.823 12.038 35.273 45.839 34.011 26.022 9.091 43.796 31.725 23.974 15.617 10.63 45.11 29.956 21.108 15.588 11.123 5.557 5.762 5.74 5.325 3.579 16.826 23.378 16.561 5.396 1.895 -0.73 3.793
87.733843 7.821 13.036 36.271 46.837 35.009 27.02 10.089 44.794 32.723 24.972 16.615 11.628 46.108 30.954 22.106 16.586 12.121 6.555 6.76 6.738 6.323 4.577 17.824 24.376 17.559 6.394 2.893 0.268 4.791
90.387293 8.88 14.096 37.331 47.897 36.068 28.08 11.148 45.854 33.782 26.031 17.674 12.688 47.168 32.013 23.165 17.645 13.18 7.614 7.819 7.798 7.382 5.637 18.883 25.435 18.618 7.453 3.953 1.327 5.851
93.120995 10.004 15.22 38.455 49.021 37.192 29.204 12.273 46.978 34.907 27.155 18.799 13.812 48.292 33.137 24.29 18.77 14.304 8.739 8.944 8.922 8.507 6.761 20.008 26.559 19.743 8.578 5.077 2.451 6.975
95.937376 11.198 16.413 39.648 50.214 38.386 30.397 13.466 48.171 36.1 28.349 19.992 15.005 49.485 34.331 25.483 19.963 15.498 9.932 10.137 10.115 9.7 7.954 21.201 27.753 20.936 9.771 6.27 3.645 8.168
98.838937 12.464 17.68 40.915 51.481 39.652 31.664 14.733 49.438 37.367 29.615 21.259 16.272 50.752 35.597 26.75 21.23 16.764 11.199 11.404 11.382 10.967 9.221 22.468 29.019 22.203 11.038 7.537 4.911 9.435
101.828253 13.809 19.024 42.259 52.825 40.997 33.009 16.077 50.782 38.711 30.96 22.603 17.616 52.096 36.942 28.094 22.574 18.109 12.543 12.748 12.726 12.311 10.565 23.812 30.364 23.547 12.382 8.882 6.256 10.779
104.907979 15.236 20.451 43.686 54.252 42.424 34.436 17.504 52.209 40.138 32.387 24.03 19.043 53.523 38.369 29.521 24.001 19.536 13.97 14.175 14.153 13.738 11.992 25.239 31.791 24.974 13.809 10.309 7.683 12.206
108.080849 16.75 21.966 45.201 55.767 43.938 35.95 19.019 53.724 41.653 33.901 25.545 20.558 55.038 39.883 31.036 25.516 21.05 15.485 15.69 15.668 15.253 13.507 26.754 33.305 26.489 15.324 11.823 9.197 13.721
111.349681 18.358 23.574 46.809 57.375 45.546 37.558 20.626 55.331 43.26 35.509 27.152 22.166 56.646 41.491 32.643 27.123 22.658 17.092 17.297 17.276 16.86 15.114 28.361 34.913 28.096 16.931 13.431 10.805 15.329
114.717376 20.064 25.28 48.515 59.081 47.252 39.264 22.333 57.038 44.967 37.215 28.859 23.872 58.352 43.197 34.35 28.83 24.364 18.799 19.003 18.982 18.567 16.821 30.068 36.619 29.802 18.638 15.137 12.511 17.035
118.186925 21.875 27.091 50.326 60.892 49.063 41.075 24.144 58.849 46.778 39.026 30.67 25.683 60.163 45.008 36.161 30.641 26.175 20.61 20.815 20.793 20.378 18.632 31.879 38.43 31.614 20.449 16.948 14.322 18.846
121.761408 23.798 29.013 52.248 62.814 50.986 42.997 26.066 60.771 48.7 40.949 32.592 27.605 62.085 46.931 38.083 32.563 28.098 22.532 22.737 22.715 22.3 20.554 33.801 40.353 33.536 22.371 18.87 16.245 20.768
125.443999 25.838 31.054 54.289 64.855 53.026 45.038 28.106 62.811 50.74 42.989 34.632 29.646 64.126 48.971 40.123 34.603 30.138 24.572 24.777 24.756 24.34 22.595 35.841 42.393 35.576 24.411 20.911 18.285 22.809
129.237967 28.004 33.219 56.454 67.02 55.192 47.203 30.272 64.977 52.906 45.155 36.798 31.811 66.291 51.137 42.289 36.769 32.303 26.738 26.943 26.921 26.506 24.76 38.007 44.559 37.742 26.577 23.076 20.451 24.974
133.146681 30.302 35.518 58.753 69.319 57.49 49.502 32.571 67.276 55.205 47.453 39.097 34.11 68.59 53.435 44.587 39.068 34.602 29.037 29.241 29.22 28.805 27.059 40.306 46.857 40.04 28.876 25.375 22.749 27.273
137.173612 32.742 37.958 61.192 71.759 59.93 51.942 35.01 69.715 57.644 49.893 41.536 36.549 71.029 55.875 47.027 41.507 37.042 31.476 31.681 31.66 31.244 29.498 42.745 49.297 42.48 31.315 27.815 25.189 29.713
141.322334 35.331 40.547 63.782 74.348 62.519 54.531 37.6 72.305 60.234 52.482 44.126 39.139 73.619 58.464 49.617 44.097 39.631 34.066 34.271 34.249 33.834 32.088 45.335 51.886 45.07 33.905 30.404 27.778 32.302
145.596532 38.08 43.296 66.531 77.097 65.268 57.28 40.348 75.053 62.982 55.231 46.874 41.888 76.368 61.213 52.365 46.845 42.38 36.814 37.019 36.998 36.582 34.836 48.083 54.635 47.818 36.653 33.153 30.527 35.051
150.0 40.997 46.213 69.448 80.014 68.185 60.197 43.266 77.971 65.9 58.148 49.792 44.805 79.285 64.13 55.283 49.763 45.297 39.732 39.936 39.915 39.5 37.754 51.001 57.552 50.735 39.571 36.07 33.444 37.968
