web/models/kne/20/villar_0.1775_0.3433_10.0000.dat
# %ECSV 1.0
# ---
# datatype:
# - {name: time, datatype: float64}
# - {name: swift_uvot_uvw2, datatype: float64}
# - {name: swift_uvot_uvm2, datatype: float64}
# - {name: swift_uvot_uvw1, datatype: float64}
# - {name: swift_uvot_U, datatype: float64}
# - {name: swift_uvot_B, datatype: float64}
# - {name: swift_uvot_V, datatype: float64}
# - {name: swift_uvot_W, datatype: float64}
# - {name: johnson_U, datatype: float64}
# - {name: johnson_B, datatype: float64}
# - {name: johnson_V, datatype: float64}
# - {name: johnson_R, datatype: float64}
# - {name: johnson_I, datatype: float64}
# - {name: sdss_u, datatype: float64}
# - {name: sdss_g, datatype: float64}
# - {name: sdss_r, datatype: float64}
# - {name: sdss_i, datatype: float64}
# - {name: sdss_z, datatype: float64}
# - {name: PS1_g, datatype: float64}
# - {name: PS1_r, datatype: float64}
# - {name: PS1_i, datatype: float64}
# - {name: PS1_z, datatype: float64}
# - {name: PS1_Y, datatype: float64}
# - {name: PS1_w, datatype: float64}
# - {name: ATLAS_c, datatype: float64}
# - {name: ATLAS_o, datatype: float64}
# - {name: ukirt_J, datatype: float64}
# - {name: ukirt_H, datatype: float64}
# - {name: ukirt_K, datatype: float64}
# - {name: Clear, datatype: float64}
# meta: !!omap
# - comment: [kappa = 10.0, type = villar, mass = 0.1774768329891343, velocity = 0.3433333333333334, theta_obs = 0.0]
# schema: astropy-2.0
time swift_uvot_uvw2 swift_uvot_uvm2 swift_uvot_uvw1 swift_uvot_U swift_uvot_B swift_uvot_V swift_uvot_W johnson_U johnson_B johnson_V johnson_R johnson_I sdss_u sdss_g sdss_r sdss_i sdss_z PS1_g PS1_r PS1_i PS1_z PS1_Y PS1_w ATLAS_c ATLAS_o ukirt_J ukirt_H ukirt_K Clear
[from data line 77]
0.009917 -10.566 -10.552 -10.517 -10.35 -10.114 -9.821 -10.382 -10.318 -10.11 -9.812 -9.483 -9.087 -10.326 -10.022 -9.634 -9.328 -9.028 -10.005 -9.657 -9.355 -9.145 -9.093 -9.674 -9.871 -9.508 -8.411 -7.895 -7.289 -9.731
0.010217 -10.599 -10.589 -10.556 -10.395 -10.161 -9.87 -10.422 -10.363 -10.157 -9.861 -9.534 -9.139 -10.371 -10.07 -9.684 -9.379 -9.08 -10.053 -9.707 -9.406 -9.196 -9.143 -9.723 -9.92 -9.558 -8.464 -7.948 -7.344 -9.78
0.010526 -10.632 -10.626 -10.595 -10.439 -10.208 -9.919 -10.462 -10.408 -10.204 -9.91 -9.584 -9.19 -10.415 -10.117 -9.734 -9.43 -9.132 -10.1 -9.757 -9.456 -9.246 -9.192 -9.772 -9.968 -9.608 -8.517 -8.002 -7.398 -9.829
0.010845 -10.665 -10.662 -10.633 -10.484 -10.255 -9.968 -10.502 -10.453 -10.251 -9.959 -9.634 -9.242 -10.46 -10.165 -9.784 -9.481 -9.184 -10.148 -9.806 -9.507 -9.297 -9.242 -9.822 -10.017 -9.658 -8.57 -8.056 -7.452 -9.878
0.011173 -10.697 -10.698 -10.672 -10.528 -10.302 -10.017 -10.541 -10.497 -10.298 -10.008 -9.685 -9.293 -10.504 -10.212 -9.834 -9.531 -9.235 -10.195 -9.855 -9.557 -9.348 -9.291 -9.871 -10.065 -9.709 -8.622 -8.109 -7.506 -9.927
0.011511 -10.73 -10.734 -10.71 -10.571 -10.348 -10.066 -10.58 -10.541 -10.344 -10.056 -9.735 -9.345 -10.549 -10.26 -9.883 -9.582 -9.287 -10.243 -9.905 -9.607 -9.398 -9.341 -9.92 -10.113 -9.759 -8.675 -8.162 -7.56 -9.975
0.011859 -10.761 -10.769 -10.748 -10.615 -10.395 -10.114 -10.619 -10.585 -10.391 -10.105 -9.785 -9.396 -10.593 -10.307 -9.933 -9.633 -9.338 -10.29 -9.954 -9.657 -9.449 -9.39 -9.969 -10.161 -9.808 -8.728 -8.216 -7.614 -10.023
0.012217 -10.793 -10.804 -10.785 -10.658 -10.441 -10.163 -10.658 -10.629 -10.437 -10.153 -9.835 -9.447 -10.636 -10.354 -9.982 -9.683 -9.39 -10.337 -10.003 -9.708 -9.499 -9.44 -10.017 -10.209 -9.858 -8.78 -8.269 -7.668 -10.072
0.012587 -10.824 -10.839 -10.823 -10.702 -10.487 -10.211 -10.697 -10.673 -10.483 -10.202 -9.884 -9.498 -10.68 -10.401 -10.031 -9.734 -9.441 -10.384 -10.052 -9.758 -9.55 -9.489 -10.066 -10.257 -9.908 -8.833 -8.322 -7.721 -10.12
0.012968 -10.855 -10.873 -10.86 -10.745 -10.533 -10.259 -10.735 -10.717 -10.529 -10.25 -9.934 -9.549 -10.724 -10.447 -10.08 -9.784 -9.492 -10.431 -10.1 -9.807 -9.6 -9.538 -10.115 -10.305 -9.957 -8.885 -8.376 -7.775 -10.168
0.01336 -10.885 -10.908 -10.897 -10.788 -10.579 -10.307 -10.773 -10.76 -10.575 -10.298 -9.984 -9.6 -10.767 -10.494 -10.129 -9.834 -9.543 -10.477 -10.149 -9.857 -9.65 -9.588 -10.163 -10.352 -10.007 -8.938 -8.429 -7.829 -10.216
0.013764 -10.916 -10.941 -10.933 -10.83 -10.624 -10.355 -10.811 -10.803 -10.621 -10.346 -10.033 -9.651 -10.81 -10.54 -10.178 -9.884 -9.595 -10.524 -10.198 -9.907 -9.7 -9.637 -10.211 -10.4 -10.056 -8.99 -8.482 -7.883 -10.264
0.01418 -10.945 -10.975 -10.97 -10.873 -10.67 -10.403 -10.849 -10.846 -10.666 -10.393 -10.082 -9.702 -10.853 -10.587 -10.227 -9.934 -9.645 -10.57 -10.246 -9.957 -9.75 -9.686 -10.259 -10.447 -10.106 -9.043 -8.535 -7.936 -10.311
0.014609 -10.975 -11.008 -11.006 -10.915 -10.715 -10.45 -10.886 -10.889 -10.712 -10.441 -10.132 -9.752 -10.896 -10.633 -10.275 -9.984 -9.696 -10.616 -10.295 -10.006 -9.8 -9.735 -10.308 -10.494 -10.155 -9.095 -8.588 -7.99 -10.359
0.015051 -11.004 -11.041 -11.041 -10.957 -10.76 -10.498 -10.923 -10.931 -10.757 -10.489 -10.181 -9.803 -10.938 -10.679 -10.324 -10.034 -9.747 -10.662 -10.343 -10.056 -9.85 -9.784 -10.355 -10.541 -10.204 -9.147 -8.641 -8.043 -10.406
0.015506 -11.033 -11.074 -11.077 -10.999 -10.805 -10.545 -10.96 -10.974 -10.802 -10.536 -10.23 -9.853 -10.98 -10.724 -10.372 -10.084 -9.798 -10.708 -10.391 -10.105 -9.9 -9.833 -10.403 -10.588 -10.253 -9.199 -8.694 -8.097 -10.454
0.015975 -11.061 -11.106 -11.112 -11.04 -10.85 -10.593 -10.997 -11.016 -10.847 -10.583 -10.279 -9.904 -11.023 -10.77 -10.421 -10.134 -9.849 -10.754 -10.439 -10.154 -9.95 -9.882 -10.451 -10.635 -10.302 -9.251 -8.746 -8.15 -10.501
0.016458 -11.089 -11.138 -11.147 -11.082 -10.895 -10.64 -11.034 -11.058 -10.891 -10.631 -10.328 -9.954 -11.065 -10.816 -10.469 -10.183 -9.899 -10.8 -10.487 -10.204 -9.999 -9.931 -10.499 -10.681 -10.35 -9.303 -8.799 -8.204 -10.548
0.016956 -11.117 -11.169 -11.181 -11.123 -10.939 -10.687 -11.07 -11.1 -10.936 -10.678 -10.377 -10.005 -11.106 -10.861 -10.517 -10.233 -9.95 -10.845 -10.535 -10.253 -10.049 -9.98 -10.546 -10.728 -10.399 -9.355 -8.852 -8.257 -10.595
0.017469 -11.144 -11.2 -11.216 -11.164 -10.984 -10.734 -11.106 -11.142 -10.98 -10.725 -10.425 -10.055 -11.148 -10.906 -10.565 -10.282 -10.0 -10.891 -10.583 -10.302 -10.099 -10.029 -10.594 -10.774 -10.448 -9.407 -8.905 -8.31 -10.642
0.017997 -11.171 -11.231 -11.25 -11.205 -11.028 -10.78 -11.142 -11.183 -11.025 -10.771 -10.474 -10.105 -11.189 -10.951 -10.613 -10.331 -10.05 -10.936 -10.63 -10.351 -10.148 -10.077 -10.641 -10.82 -10.496 -9.459 -8.957 -8.364 -10.688
0.018541 -11.198 -11.262 -11.283 -11.246 -11.072 -10.827 -11.178 -11.224 -11.069 -10.818 -10.522 -10.155 -11.23 -10.996 -10.661 -10.381 -10.101 -10.981 -10.678 -10.4 -10.197 -10.126 -10.688 -10.866 -10.544 -9.51 -9.01 -8.417 -10.735
0.019102 -11.225 -11.292 -11.317 -11.286 -11.116 -10.874 -11.213 -11.265 -11.113 -10.865 -10.571 -10.205 -11.271 -11.041 -10.709 -10.43 -10.151 -11.026 -10.725 -10.448 -10.247 -10.175 -10.735 -10.912 -10.593 -9.562 -9.062 -8.47 -10.781
0.01968 -11.25 -11.322 -11.35 -11.326 -11.16 -10.92 -11.248 -11.306 -11.156 -10.911 -10.619 -10.255 -11.312 -11.086 -10.756 -10.479 -10.201 -11.071 -10.773 -10.497 -10.296 -10.223 -10.782 -10.958 -10.641 -9.614 -9.115 -8.523 -10.828
0.020275 -11.276 -11.352 -11.383 -11.366 -11.203 -10.966 -11.283 -11.347 -11.2 -10.957 -10.667 -10.305 -11.353 -11.13 -10.804 -10.528 -10.251 -11.116 -10.82 -10.546 -10.345 -10.272 -10.829 -11.004 -10.689 -9.665 -9.167 -8.576 -10.874
0.020888 -11.301 -11.381 -11.416 -11.406 -11.247 -11.012 -11.318 -11.387 -11.243 -11.004 -10.715 -10.354 -11.393 -11.175 -10.851 -10.577 -10.301 -11.16 -10.867 -10.594 -10.394 -10.32 -10.875 -11.05 -10.737 -9.717 -9.219 -8.629 -10.92
0.02152 -11.326 -11.41 -11.448 -11.446 -11.29 -11.058 -11.352 -11.427 -11.287 -11.05 -10.763 -10.404 -11.433 -11.219 -10.898 -10.625 -10.351 -11.205 -10.914 -10.643 -10.443 -10.369 -10.922 -11.095 -10.785 -9.768 -9.272 -8.682 -10.966
0.022171 -11.351 -11.438 -11.48 -11.485 -11.333 -11.104 -11.387 -11.467 -11.33 -11.096 -10.811 -10.453 -11.473 -11.263 -10.945 -10.674 -10.401 -11.249 -10.961 -10.691 -10.492 -10.417 -10.968 -11.14 -10.832 -9.82 -9.324 -8.735 -11.012
0.022841 -11.375 -11.466 -11.512 -11.524 -11.376 -11.15 -11.421 -11.507 -11.373 -11.141 -10.859 -10.503 -11.513 -11.307 -10.992 -10.723 -10.45 -11.293 -11.008 -10.739 -10.541 -10.466 -11.015 -11.185 -10.88 -9.871 -9.376 -8.788 -11.057
0.023532 -11.399 -11.494 -11.543 -11.563 -11.419 -11.196 -11.455 -11.547 -11.415 -11.187 -10.906 -10.552 -11.552 -11.351 -11.039 -10.771 -10.5 -11.337 -11.054 -10.788 -10.59 -10.514 -11.061 -11.23 -10.927 -9.922 -9.428 -8.841 -11.103
0.024244 -11.422 -11.521 -11.574 -11.602 -11.461 -11.241 -11.488 -11.586 -11.458 -11.233 -10.954 -10.602 -11.591 -11.394 -11.086 -10.82 -10.549 -11.381 -11.101 -10.836 -10.639 -10.562 -11.107 -11.275 -10.975 -9.974 -9.481 -8.894 -11.148
0.024977 -11.445 -11.549 -11.605 -11.64 -11.504 -11.287 -11.521 -11.625 -11.5 -11.278 -11.001 -10.651 -11.63 -11.438 -11.132 -10.868 -10.599 -11.424 -11.147 -10.884 -10.688 -10.61 -11.153 -11.32 -11.022 -10.025 -9.533 -8.947 -11.194
0.025733 -11.468 -11.575 -11.635 -11.679 -11.546 -11.332 -11.555 -11.664 -11.543 -11.323 -11.048 -10.7 -11.669 -11.481 -11.179 -10.916 -10.648 -11.468 -11.193 -10.932 -10.736 -10.659 -11.199 -11.365 -11.069 -10.076 -9.585 -9.0 -11.239
0.026511 -11.49 -11.602 -11.666 -11.717 -11.588 -11.377 -11.587 -11.703 -11.585 -11.368 -11.096 -10.749 -11.708 -11.524 -11.225 -10.964 -10.698 -11.511 -11.24 -10.979 -10.785 -10.707 -11.244 -11.409 -11.116 -10.127 -9.637 -9.053 -11.284
0.027313 -11.512 -11.627 -11.695 -11.754 -11.63 -11.422 -11.62 -11.741 -11.627 -11.413 -11.143 -10.798 -11.746 -11.567 -11.272 -11.012 -10.747 -11.554 -11.286 -11.027 -10.833 -10.755 -11.29 -11.453 -11.163 -10.178 -9.689 -9.105 -11.329
0.028139 -11.533 -11.653 -11.725 -11.792 -11.672 -11.467 -11.653 -11.78 -11.668 -11.458 -11.19 -10.847 -11.784 -11.61 -11.318 -11.06 -10.796 -11.598 -11.332 -11.075 -10.882 -10.803 -11.335 -11.497 -11.21 -10.229 -9.741 -9.158 -11.374
0.02899 -11.554 -11.678 -11.754 -11.829 -11.713 -11.511 -11.685 -11.818 -11.71 -11.503 -11.237 -10.895 -11.822 -11.652 -11.364 -11.108 -10.845 -11.64 -11.378 -11.122 -10.93 -10.851 -11.381 -11.541 -11.257 -10.28 -9.792 -9.211 -11.418
0.029867 -11.575 -11.703 -11.783 -11.866 -11.755 -11.556 -11.717 -11.856 -11.751 -11.547 -11.283 -10.944 -11.86 -11.695 -11.41 -11.156 -10.894 -11.683 -11.423 -11.17 -10.978 -10.899 -11.426 -11.585 -11.304 -10.33 -9.844 -9.263 -11.463
0.03077 -11.595 -11.727 -11.812 -11.903 -11.796 -11.6 -11.748 -11.893 -11.793 -11.592 -11.33 -10.993 -11.898 -11.737 -11.456 -11.203 -10.943 -11.726 -11.469 -11.217 -11.026 -10.946 -11.471 -11.629 -11.35 -10.381 -9.896 -9.316 -11.507
0.031701 -11.615 -11.751 -11.84 -11.94 -11.837 -11.644 -11.78 -11.931 -11.834 -11.636 -11.377 -11.041 -11.935 -11.779 -11.501 -11.251 -10.992 -11.768 -11.514 -11.264 -11.074 -10.994 -11.516 -11.673 -11.396 -10.432 -9.948 -9.368 -11.551
0.032659 -11.634 -11.775 -11.868 -11.976 -11.878 -11.688 -11.811 -11.968 -11.874 -11.68 -11.423 -11.09 -11.972 -11.821 -11.547 -11.298 -11.04 -11.81 -11.56 -11.312 -11.122 -11.042 -11.561 -11.716 -11.443 -10.482 -9.999 -9.421 -11.596
0.033647 -11.653 -11.798 -11.895 -12.012 -11.918 -11.732 -11.842 -12.005 -11.915 -11.724 -11.469 -11.138 -12.009 -11.863 -11.592 -11.345 -11.089 -11.852 -11.605 -11.359 -11.17 -11.09 -11.605 -11.759 -11.489 -10.533 -10.051 -9.473 -11.64
0.034665 -11.672 -11.821 -11.923 -12.048 -11.959 -11.776 -11.873 -12.041 -11.955 -11.768 -11.516 -11.186 -12.045 -11.904 -11.638 -11.393 -11.138 -11.894 -11.65 -11.406 -11.218 -11.137 -11.65 -11.802 -11.535 -10.584 -10.102 -9.526 -11.683
0.035713 -11.69 -11.844 -11.949 -12.084 -11.999 -11.82 -11.904 -12.078 -11.996 -11.812 -11.562 -11.235 -12.081 -11.946 -11.683 -11.44 -11.186 -11.936 -11.695 -11.452 -11.266 -11.185 -11.694 -11.845 -11.581 -10.634 -10.154 -9.578 -11.727
0.036793 -11.708 -11.866 -11.976 -12.119 -12.039 -11.863 -11.934 -12.114 -12.036 -11.855 -11.608 -11.283 -12.118 -11.987 -11.728 -11.487 -11.235 -11.978 -11.74 -11.499 -11.314 -11.232 -11.739 -11.888 -11.627 -10.684 -10.205 -9.63 -11.771
0.037906 -11.725 -11.887 -12.002 -12.154 -12.079 -11.907 -11.964 -12.15 -12.075 -11.899 -11.653 -11.331 -12.153 -12.028 -11.773 -11.533 -11.283 -12.019 -11.785 -11.546 -11.361 -11.28 -11.783 -11.931 -11.672 -10.735 -10.257 -9.683 -11.814
0.039052 -11.742 -11.908 -12.028 -12.189 -12.118 -11.95 -11.994 -12.185 -12.115 -11.942 -11.699 -11.379 -12.189 -12.069 -11.818 -11.58 -11.331 -12.06 -11.829 -11.592 -11.409 -11.327 -11.827 -11.973 -11.718 -10.785 -10.308 -9.735 -11.857
0.040234 -11.758 -11.929 -12.054 -12.224 -12.158 -11.993 -12.023 -12.221 -12.155 -11.985 -11.745 -11.426 -12.224 -12.11 -11.862 -11.627 -11.379 -12.101 -11.874 -11.639 -11.456 -11.374 -11.871 -12.016 -11.763 -10.835 -10.359 -9.787 -11.9
0.04145 -11.774 -11.949 -12.079 -12.258 -12.197 -12.036 -12.053 -12.256 -12.194 -12.028 -11.79 -11.474 -12.259 -12.15 -11.907 -11.673 -11.427 -12.142 -11.918 -11.685 -11.504 -11.422 -11.914 -12.058 -11.809 -10.885 -10.411 -9.839 -11.943
0.042704 -11.79 -11.969 -12.104 -12.292 -12.236 -12.079 -12.082 -12.291 -12.233 -12.071 -11.836 -11.522 -12.294 -12.19 -11.951 -11.72 -11.475 -12.183 -11.962 -11.732 -11.551 -11.469 -11.958 -12.1 -11.854 -10.935 -10.462 -9.891 -11.986
0.043996 -11.805 -11.989 -12.128 -12.326 -12.275 -12.121 -12.111 -12.326 -12.272 -12.114 -11.881 -11.569 -12.328 -12.23 -11.995 -11.766 -11.523 -12.224 -12.007 -11.778 -11.598 -11.516 -12.001 -12.142 -11.899 -10.985 -10.513 -9.944 -12.029
0.045326 -11.819 -12.008 -12.152 -12.359 -12.313 -12.164 -12.139 -12.36 -12.31 -12.156 -11.926 -11.617 -12.363 -12.27 -12.039 -11.813 -11.571 -12.264 -12.05 -11.824 -11.645 -11.563 -12.045 -12.183 -11.944 -11.035 -10.564 -9.996 -12.071
0.046697 -11.834 -12.026 -12.176 -12.393 -12.352 -12.206 -12.168 -12.394 -12.349 -12.198 -11.971 -11.664 -12.397 -12.31 -12.083 -11.859 -11.618 -12.304 -12.094 -11.87 -11.692 -11.61 -12.088 -12.225 -11.989 -11.085 -10.615 -10.048 -12.114
0.048109 -11.847 -12.044 -12.199 -12.426 -12.39 -12.248 -12.196 -12.428 -12.387 -12.241 -12.016 -11.711 -12.43 -12.35 -12.127 -11.905 -11.666 -12.344 -12.138 -11.916 -11.739 -11.657 -12.131 -12.266 -12.034 -11.135 -10.666 -10.1 -12.156
0.049564 -11.861 -12.062 -12.222 -12.458 -12.428 -12.29 -12.224 -12.462 -12.425 -12.283 -12.061 -11.758 -12.464 -12.389 -12.171 -11.951 -11.713 -12.384 -12.182 -11.961 -11.786 -11.704 -12.174 -12.307 -12.078 -11.185 -10.717 -10.152 -12.198
0.051063 -11.873 -12.079 -12.244 -12.491 -12.466 -12.332 -12.251 -12.495 -12.463 -12.324 -12.105 -11.805 -12.497 -12.428 -12.214 -11.996 -11.761 -12.423 -12.225 -12.007 -11.833 -11.751 -12.216 -12.348 -12.123 -11.234 -10.768 -10.204 -12.24
0.052608 -11.886 -12.096 -12.267 -12.523 -12.503 -12.373 -12.279 -12.528 -12.5 -12.366 -12.15 -11.852 -12.53 -12.467 -12.258 -12.042 -11.808 -12.463 -12.268 -12.052 -11.879 -11.797 -12.259 -12.389 -12.167 -11.284 -10.819 -10.255 -12.282
0.054199 -11.898 -12.112 -12.288 -12.554 -12.54 -12.415 -12.306 -12.561 -12.538 -12.408 -12.194 -11.899 -12.562 -12.506 -12.301 -12.087 -11.855 -12.502 -12.311 -12.098 -11.926 -11.844 -12.301 -12.43 -12.211 -11.333 -10.87 -10.307 -12.324
0.055838 -11.909 -12.128 -12.31 -12.586 -12.577 -12.456 -12.333 -12.593 -12.575 -12.449 -12.238 -11.946 -12.595 -12.544 -12.344 -12.133 -11.902 -12.541 -12.354 -12.143 -11.972 -11.891 -12.343 -12.47 -12.255 -11.383 -10.92 -10.359 -12.365
0.057527 -11.92 -12.143 -12.331 -12.617 -12.614 -12.497 -12.36 -12.625 -12.612 -12.49 -12.282 -11.992 -12.627 -12.583 -12.387 -12.178 -11.949 -12.58 -12.397 -12.188 -12.019 -11.937 -12.386 -12.51 -12.299 -11.432 -10.971 -10.411 -12.406
0.059267 -11.93 -12.158 -12.351 -12.648 -12.651 -12.538 -12.386 -12.657 -12.648 -12.531 -12.326 -12.039 -12.658 -12.621 -12.43 -12.223 -11.996 -12.618 -12.44 -12.233 -12.065 -11.983 -12.428 -12.55 -12.343 -11.482 -11.022 -10.462 -12.447
0.061059 -11.94 -12.172 -12.372 -12.679 -12.687 -12.578 -12.412 -12.689 -12.685 -12.572 -12.37 -12.085 -12.69 -12.659 -12.472 -12.268 -12.043 -12.657 -12.482 -12.278 -12.111 -12.03 -12.469 -12.59 -12.386 -11.531 -11.072 -10.514 -12.488
0.062906 -11.95 -12.186 -12.391 -12.709 -12.723 -12.619 -12.438 -12.72 -12.721 -12.612 -12.414 -12.132 -12.721 -12.696 -12.515 -12.313 -12.09 -12.695 -12.525 -12.323 -12.157 -12.076 -12.511 -12.63 -12.43 -11.58 -11.123 -10.566 -12.529
0.064808 -11.959 -12.199 -12.411 -12.739 -12.759 -12.659 -12.464 -12.751 -12.757 -12.653 -12.457 -12.178 -12.752 -12.734 -12.557 -12.358 -12.136 -12.733 -12.567 -12.368 -12.203 -12.122 -12.552 -12.669 -12.473 -11.629 -11.173 -10.617 -12.57
0.066769 -11.967 -12.212 -12.43 -12.768 -12.795 -12.699 -12.489 -12.782 -12.792 -12.693 -12.501 -12.224 -12.782 -12.771 -12.599 -12.403 -12.183 -12.771 -12.609 -12.412 -12.249 -12.168 -12.594 -12.709 -12.516 -11.678 -11.224 -10.669 -12.61
0.068788 -11.975 -12.224 -12.448 -12.798 -12.83 -12.739 -12.514 -12.812 -12.828 -12.733 -12.544 -12.27 -12.812 -12.808 -12.641 -12.447 -12.229 -12.808 -12.651 -12.457 -12.295 -12.215 -12.635 -12.748 -12.559 -11.727 -11.274 -10.72 -12.651
0.070868 -11.982 -12.236 -12.466 -12.827 -12.865 -12.779 -12.539 -12.842 -12.863 -12.773 -12.587 -12.316 -12.842 -12.845 -12.683 -12.492 -12.275 -12.846 -12.692 -12.501 -12.341 -12.261 -12.676 -12.787 -12.602 -11.776 -11.324 -10.772 -12.691
0.073012 -11.989 -12.247 -12.484 -12.855 -12.9 -12.819 -12.564 -12.872 -12.898 -12.812 -12.63 -12.362 -12.872 -12.881 -12.725 -12.536 -12.322 -12.883 -12.734 -12.545 -12.386 -12.306 -12.716 -12.825 -12.645 -11.825 -11.375 -10.823 -12.731
