web/models/kne/56/mosfit_kn_0.022361_0.4373_10.0000.dat
# %ECSV 1.0
# ---
# datatype:
# - {name: time, datatype: float64}
# - {name: PS1_g, datatype: float64}
# - {name: PS1_i, datatype: float64}
# - {name: PS1_r, datatype: float64}
# - {name: PS1_w, datatype: float64}
# - {name: PS1_y, datatype: float64}
# - {name: PS1_z, datatype: float64}
# - {name: swift_uvot_B, datatype: float64}
# - {name: swift_uvot_U, datatype: float64}
# - {name: swift_uvot_uvm2, datatype: float64}
# - {name: swift_uvot_uvw1, datatype: float64}
# - {name: swift_uvot_uvw2, datatype: float64}
# - {name: swift_uvot_V, datatype: float64}
# - {name: johnson_B, datatype: float64}
# - {name: johnson_I, datatype: float64}
# - {name: johnson_R, datatype: float64}
# - {name: johnson_U, datatype: float64}
# - {name: johnson_V, datatype: float64}
# - {name: sdss_g, datatype: float64}
# - {name: sdss_i, datatype: float64}
# - {name: sdss_r, datatype: float64}
# - {name: sdss_u, datatype: float64}
# - {name: sdss_z, datatype: float64}
# - {name: ATLAS_c, datatype: float64}
# - {name: ATLAS_o, datatype: float64}
# - {name: ukirt_H, datatype: float64}
# - {name: ukirt_J, datatype: float64}
# - {name: ukirt_K, datatype: float64}
# - {name: Clear, datatype: float64}
# meta: !!omap
# - comment: [kappa = 10.0, type = rprocess, mass = 0.022360679775100388, velocity = 0.4373333333333333, theta_obs = 0.0, tfloor = 1000.0]
# schema: astropy-2.0
time PS1_g PS1_i PS1_r PS1_w PS1_y PS1_z swift_uvot_B swift_uvot_U swift_uvot_uvm2 swift_uvot_uvw1 swift_uvot_uvw2 swift_uvot_V johnson_B johnson_I johnson_R johnson_U johnson_V sdss_g sdss_i sdss_r sdss_u sdss_z ATLAS_c ATLAS_o ukirt_H ukirt_J ukirt_K Clear
[from data line 262]
15.811623246492985 9.277547150507104 0.3957183373078266 3.8707891153456586 1.9028653038416898 -3.127471711217442 -1.709795746370304 12.817453727071591 19.476397824966504 33.36499312899567 15.44198035704106 17.954996863520712 7.237063843377888 11.613516410105401 -1.157794969114124 1.812237797610876 18.44539664571475 6.282041508209136 10.09008725182154 0.4769742894208129 4.0992777748421005 19.977503355141337 -2.2832233583923056 5.8498656850883 1.3974531604785234 -8.076459089132937 -5.926969793643247 -9.436747769606109 -0.38302873991966635
15.871743486973948 9.289476121111502 0.4076473079122067 3.8827180859500565 1.91479427444607 -3.1155427406130443 -1.6978667757659238 12.829382697675971 19.48832679557089 33.37692209960007 15.453909327645459 17.96692583412511 7.248992813982286 11.625445380709781 -1.1458659985097261 1.824166768215256 18.45732561631915 6.2939704788135336 10.102016222425938 0.4889032600252108 4.1112067454464984 19.989432325745717 -2.2712943877879077 5.861794655692698 1.4093821310829213 -8.06453011852854 -5.915040823038849 -9.424818799001711 -0.37109976931526845
15.931863727454909 9.301360368223452 0.41953155502417516 3.894602333062007 1.9266785215580384 -3.1036584935010936 -1.6859825286539554 12.84126694478794 19.50021104268285 33.38880634671203 15.46579357475741 17.97881008123706 7.260877061094237 11.63732962782175 -1.1339817513977755 1.8360510153272245 18.4692098634311 6.305854725925502 10.113900469537906 0.5007875071371615 4.123090992558449 20.001316572857686 -2.259410140675957 5.8736789028046665 1.421266378194872 -8.052645871416589 -5.903156575926898 -9.41293455188976 -0.35921552220331776
15.991983967935871 9.313201059164449 0.43137224596517143 3.9064430240030035 1.938519212499017 -3.0918178025600973 -1.674141837712959 12.853107635728936 19.51205173362385 33.40064703765302 15.477634265698406 17.990650772178057 7.272717752035233 11.649170318762746 -1.1221410604567792 1.8478917062682207 18.481050554372096 6.3176954168664805 10.125741160478885 0.5126281980781577 4.134931683499445 20.013157263798664 -2.2475694497349608 5.885519593745645 1.4331070691358683 -8.040805180475592 -5.891315884985902 -9.401093860948764 -0.3473748312623215
16.052104208416832 9.324999217286667 0.4431704040873896 3.9182411821252394 1.9503173706212529 -3.0800196444378614 -1.662343679590741 12.864905793851154 19.523849891746075 33.41244519577525 15.489432423820624 18.002448930300275 7.284515910157469 11.660968476884964 -1.110342902334561 1.859689864390439 18.492848712494332 6.3294935749887165 10.137539318601121 0.5244263562003759 4.146729841621664 20.0249554219209 -2.235771291612725 5.897317751867881 1.4449052272580865 -8.029007022353357 -5.879517726863666 -9.389295702826528 -0.33557667314008555
16.112224448897795 9.33675553582992 0.45492672263064193 3.929997500668474 1.9620736891645052 -3.068263325894627 -1.6505873610474886 12.876662112394406 19.535606210289316 33.42420151431849 15.501188742363876 18.014205248843528 7.296272228700704 11.672724795428216 -1.0985865837913087 1.8714461829336912 18.504605031037567 6.341249893531951 10.149295637144355 0.5361826747436282 4.158486160164916 20.036711740464135 -2.2240149730694903 5.9090740704111155 1.4566615458013388 -8.017250703810122 -5.8677614083204315 -9.377539384283294 -0.323820354596851
16.172344689378757 9.348471244440262 0.4666424312409845 3.9417132092788343 1.9737893977748477 -3.0565476172842665 -1.638871652437146 12.888377821004749 19.54732191889967 33.43591722292884 15.512904450974219 18.02592095745387 7.307987937311064 11.684440504038559 -1.0868708751809661 1.8831618915440338 18.516320739647927 6.352965602142311 10.161011345754716 0.5478983833539708 4.1702018687752584 20.048427449074495 -2.2122992644591477 5.920789779021476 1.4683772544116813 -8.005534995199762 -5.856045699710071 -9.365823675672951 -0.31210464598650844
16.23246492985972 9.360147122625904 0.4783183094266086 3.9533890874644584 1.9854652759604718 -3.0448717390986424 -1.627195774251522 12.900053699190373 19.558997797085294 33.447593101114464 15.524580329159843 18.037596835639494 7.319663815496688 11.696116382224183 -1.075194996995342 1.894837769729658 18.52799661783355 6.364641480327935 10.17268722394034 0.5595742615396126 4.1818777469608825 20.06010332726012 -2.200623386273506 5.9324656572071 1.4800531325973232 -7.993859117014138 -5.844369821524447 -9.35414779748731 -0.3004287678008666
16.29258517034068 9.371784104632237 0.4899552914329597 3.9650260694708095 1.997102257966823 -3.0332347570922913 -1.6155587922451708 12.911690681196724 19.570634779091645 33.459230083120815 15.536217311166194 18.049233817645845 7.3313007975030215 11.707753364230534 -1.063558014988991 1.906474751736009 18.539633599839902 6.3762784623342865 10.184324205946691 0.571211243545946 4.193514728967234 20.07174030926647 -2.1889864042671725 5.944102639213451 1.4916901146036565 -7.982222135007787 -5.832732839518096 -9.342510815480976 -0.28879178579453324
16.352705410821642 9.383382973771806 0.5015541605725282 3.9766249386103603 2.0087011271063737 -3.0216358879527405 -1.6039599231056023 12.923289550336293 19.582233648231202 33.470828952260376 15.547816180305762 18.060832686785414 7.34289966664259 11.719352233370085 -1.0519591458494224 1.9180736208755598 18.551232468979453 6.387877331473837 10.195923075086242 0.5828101126855145 4.205113598106802 20.08333917840602 -2.177387535127604 5.955701508353002 1.503288983743225 -7.9706232658682366 -5.821133970378545 -9.330911946341407 -0.2771929166549647
16.412825651302605 9.394944560779876 0.5131157475805992 3.9881865256184312 2.0202627141144625 -3.0100743009446695 -1.5923983360975313 12.934851137344364 19.593795235239277 33.482390539268444 15.559377767313833 18.072394273793485 7.354461253650661 11.730913820378174 -1.0403975588413514 1.9296352078836485 18.562794055987524 6.399438918481908 10.207484662094313 0.5943716996935855 4.216675185114873 20.09490076541411 -2.165825948119533 5.967263095361091 1.514850570751296 -7.959061678860166 -5.809572383370474 -9.319350359333336 -0.26563132964689373
16.472945891783567 9.406469635094385 0.5246408218951082 3.9997115999329402 2.0317877884289715 -2.9985492266301605 -1.5808732617830223 12.946376211658873 19.605320309553782 33.493915613582956 15.570902841628342 18.083919348107994 7.36598632796517 11.742438894692683 -1.0288724845268424 1.9411602821981575 18.574319130302033 6.410963992796417 10.219009736408822 0.6058967740080945 4.228200259429382 20.10642583972862 -2.154300873805024 5.9787881696756 1.526375645065805 -7.947536604545657 -5.798047309055965 -9.307825285018827 -0.25410625533238473
16.53306613226453 9.417958764930994 0.5361299517317164 4.0112007297695484 2.043276918265562 -2.9870600967935523 -1.5693841319464141 12.95786534149548 19.616809439390394 33.50540474341957 15.58239197146495 18.095408477944602 7.377475457801778 11.75392802452929 -1.0173833546902342 1.952649412034748 18.58580826013864 6.4224531226330255 10.23049886624543 0.6173859038447027 4.23968938926599 20.11791496956521 -2.142811743968416 5.99027729951219 1.5378647749024132 -7.936047474709048 -5.786558179219357 -9.29633615518222 -0.24261712549577652
16.59318637274549 9.429412979406955 0.5475841662076597 4.0226549442455095 2.054731132741523 -2.9756058823175913 -1.5579299174704708 12.969319555971442 19.628263653866345 33.51685895789553 15.593846185940912 18.106862692420563 7.388929672277739 11.765382239005234 -1.0059291402142732 1.964103626510709 18.597262474614602 6.4339073371089865 10.241953080721391 0.6288401183206638 4.251143603741951 20.12936918404117 -2.1313575294924547 6.001731513988151 1.5493189893783743 -7.924593260233087 -5.775103964743396 -9.284881940706258 -0.23116291101981545
16.65330661322645 9.440832750621553 0.5590039374222755 4.0340747154601075 2.0661509039561388 -2.9641861111029932 -1.546510146255855 12.98073932718604 19.639683425080953 33.52827872911012 15.60526595715551 18.11828246363516 7.400349443492337 11.77680201021985 -0.9945093689996751 1.9755233977253248 18.6086822458292 6.445327108323585 10.253372851935989 0.6402598895352618 4.2625633749565495 20.140788955255786 -2.1199377582778567 6.013151285202767 1.5607387605929723 -7.913173489018489 -5.763684193528798 -9.27346216949166 -0.21974313980521742
16.713426853707414 9.452218870898434 0.5703900576991572 4.045460835736989 2.0775370242330204 -2.9527999908261116 -1.5351240259789733 12.992125447462922 19.651069545357835 33.539664849387016 15.616652077432391 18.129668583912043 7.411735563769219 11.788188130496732 -0.9831232487227934 1.9869095180022065 18.620068366106082 6.456713228600466 10.264758972212888 0.6516460098121435 4.273949495233431 20.152175075532668 -2.108551638000975 6.0245374054796486 1.572124880869854 -7.901787368741608 -5.752298073251916 -9.262076049214778 -0.20835701952833574
16.773547094188377 9.46357197047373 0.5817431572744347 4.0568139353122845 2.088890123808298 -2.9414468912508163 -1.5237709264036958 13.003478547038199 19.66242264493312 33.55101794896229 15.628005177007669 18.14102168348732 7.423088663344514 11.799541230072009 -0.9717701491475159 1.998262617577484 18.631421465681377 6.4680663281757615 10.276112071788166 0.6629991093874388 4.285302594808709 20.163528175107945 -2.0971985384256797 6.035890505054926 1.5834779804451493 -7.890434269166312 -5.740944973676621 -9.250722949639483 -0.19700391995304045
16.83366733466934 9.474892629066147 0.59306381586687 4.06813459390472 2.1002107824007332 -2.930126232658381 -1.5124502678112606 13.014799205630634 19.673743303525555 33.56233860755473 15.639325835600104 18.152342342079756 7.434409321936932 11.810861888664444 -0.9604494905550807 2.009583276169919 18.642742124273813 6.479386986768197 10.287432730380601 0.6743197679798563 4.296623253401144 20.17484883370038 -2.0858778798332622 6.047211163647361 1.5947986390375668 -7.879113610573877 -5.729624315084186 -9.239402291047066 -0.18568326136062296
16.8937875751503 9.486181517841636 0.6043527046423591 4.079423482680209 2.1114996711762224 -2.9188373438829096 -1.5011613790357714 13.026088094406123 19.685032192301044 33.57362749633022 15.650614724375593 18.163631230855245 7.445698210712421 11.822150777439933 -0.9491606017795915 2.0208721649454082 18.654031013049284 6.490675875543686 10.29872161915609 0.6856086567553454 4.307912142176633 20.18613772247587 -2.074588991057773 6.0585000524228505 1.606087527813056 -7.867824721798388 -5.7183354263086965 -9.228113402271577 -0.1743943725851338
16.95390781563126 9.497439057367902 0.6156102441686251 4.090681022206475 2.1227572107024884 -2.907579804356626 -1.4899038395095054 13.03734563393239 19.69628973182731 33.58488503585648 15.66187226390186 18.17488877038151 7.456955750238705 11.8334083169662 -0.9379030622533255 2.032129704471674 18.665288552575568 6.501933415069952 10.309979158682356 0.6968661962816114 4.319169681702899 20.197395262002136 -2.063331451531507 6.0697575919491165 1.617345067339322 -7.856567182272122 -5.7070778867824306 -9.21685586274531 -0.16313683305886784
17.014028056112224 9.508665960048308 0.6268371468490308 4.101907924886863 2.1339841133828763 -2.896352901676238 -1.4786769368290997 13.048572536612795 19.707516634507705 33.59611193853688 15.673099166582265 18.186115673061916 7.468182652919093 11.844635219646587 -0.9266761595729198 2.043356607152062 18.676515455255956 6.51316031775034 10.321206061362744 0.7080930989620171 4.330396584383305 20.20862216468253 -2.0521045488511014 6.080984494629504 1.6285719700197276 -7.845340279591734 -5.695850984102043 -9.205628960064905 -0.15190993037846212
17.074148296593187 9.519862733829196 0.638033920629919 4.113104698667751 2.1451808871637645 -2.8851561278953497 -1.4674801630482115 13.059769310393683 19.718713408288593 33.60730871231777 15.684295940363153 18.197312446842805 7.479379426699981 11.855831993427476 -0.9154793857920316 2.0545533809329504 18.687712229036844 6.524357091531228 10.332402835143633 0.7192898727429053 4.341593358164193 20.21981893846342 -2.040907775070213 6.092181268410393 1.6397687438006159 -7.834143505810846 -5.684654210321154 -9.194432186284017 -0.14071315659757389
17.13426853707415 9.531029830343254 0.6492010171439766 4.124271795181826 2.15634798367784 -2.873989031381292 -1.456313066534154 13.070936406907741 19.72988050480265 33.61847580883183 15.69546303687721 18.208479543356862 7.4905465232140385 11.866999089941551 -0.904312289277974 2.0657204774470257 18.6988793255509 6.535524188045303 10.343569931657708 0.7304569692569629 4.352760454678251 20.230986034977477 -2.0297406785561556 6.103348364924468 1.6509358403146734 -7.82297640929677 -5.673487113807097 -9.183265089769959 -0.12954606008351632
17.19438877755511 9.542167946668414 0.6603391334691366 4.1354099115069864 2.167486100003 -2.8628509150561143 -1.445174950208994 13.082074523232901 19.74101862112782 33.629613925156995 15.70660115320237 18.219617659682022 7.501684639539216 11.878137206266711 -0.893174172952814 2.0768585937721857 18.71001744187608 6.5466623043704635 10.354708047982868 0.741595085582123 4.363898571003411 20.242124151302647 -2.018602562230978 6.114486481249628 1.6620739566398335 -7.81183829297161 -5.662348997481919 -9.172126973444781 -0.11840794375833852
17.25450901803607 9.553277345650297 0.67144853245102 4.14651931048887 2.1785954989848832 -2.8517415160742488 -1.4340655512271105 13.093183922214784 19.752128020109705 33.640723324138875 15.717710552184254 18.230727058663906 7.512794038521082 11.889246605248594 -0.8820647739709306 2.087967992754069 18.721126840857963 6.557771703352347 10.365817446964751 0.7527044845640063 4.375007969985294 20.25323355028453 -2.007493163249112 6.125595880231511 1.6731833556217168 -7.800728893989727 -5.651239598500036 -9.161017574462916 -0.10729854477647294
17.314629258517034 9.564358619909097 0.6825298067098196 4.157600584747652 2.189676773243683 -2.840660241815449 -1.422984276968311 13.104265196473584 19.763209294368494 33.651804598397675 15.728791826443054 18.241808332922705 7.523875312779881 11.900327879507394 -0.8709834997121311 2.0990492670128686 18.732208115116745 6.568852977611129 10.37689872122355 0.7637857588228059 4.3860892442440935 20.26431482454332 -1.9964118889903126 6.136677154490311 1.6842646298805164 -7.789647619730945 -5.640158324241254 -9.149936300204116 -0.09621727051767337
17.374749498997996 9.575412164776083 0.6935833515768053 4.168654129614655 2.2007303181106685 -2.8296066969484635 -1.4119307321013252 13.11531874134057 19.77426283923549 33.662858143264664 15.73984537131004 18.25286187778969 7.534928857646867 11.91138142437438 -0.8599299548451453 2.1101028118798544 18.743261659983748 6.579906522478132 10.387952266090537 0.7748393036897916 4.397142789111079 20.275368369410316 -1.985358344123327 6.147730699357297 1.6953181747475021 -7.778594074863942 -5.62910477937425 -9.13888275533713 -0.08516372565068764
17.43486973947896 9.586438412325258 0.7046095991259804 4.1796803771638125 2.211756565659826 -2.8185804493992883 -1.40090448455215 13.126344988889745 19.78528908678466 33.67388439081383 15.750871618859215 18.263888125338866 7.545955105196042 11.922407671923537 -0.8489037072959702 2.1211290594290118 18.754287907532905 6.5909327700272895 10.398978513639694 0.7858655512389667 4.408169036660254 20.286394616959484 -1.9743320965741518 6.158756946906454 1.7063444222966773 -7.767567827314784 -5.618078531825093 -9.127856507787955 -0.0741374781015125
