web/models/kne/56/mosfit_kn_0.001862_0.3903_3.6500.dat
# %ECSV 1.0
# ---
# datatype:
# - {name: time, datatype: float64}
# - {name: PS1_g, datatype: float64}
# - {name: PS1_i, datatype: float64}
# - {name: PS1_r, datatype: float64}
# - {name: PS1_w, datatype: float64}
# - {name: PS1_y, datatype: float64}
# - {name: PS1_z, datatype: float64}
# - {name: swift_uvot_B, datatype: float64}
# - {name: swift_uvot_U, datatype: float64}
# - {name: swift_uvot_uvm2, datatype: float64}
# - {name: swift_uvot_uvw1, datatype: float64}
# - {name: swift_uvot_uvw2, datatype: float64}
# - {name: swift_uvot_V, datatype: float64}
# - {name: johnson_B, datatype: float64}
# - {name: johnson_I, datatype: float64}
# - {name: johnson_R, datatype: float64}
# - {name: johnson_U, datatype: float64}
# - {name: johnson_V, datatype: float64}
# - {name: sdss_g, datatype: float64}
# - {name: sdss_i, datatype: float64}
# - {name: sdss_r, datatype: float64}
# - {name: sdss_u, datatype: float64}
# - {name: sdss_z, datatype: float64}
# - {name: ATLAS_c, datatype: float64}
# - {name: ATLAS_o, datatype: float64}
# - {name: ukirt_H, datatype: float64}
# - {name: ukirt_J, datatype: float64}
# - {name: ukirt_K, datatype: float64}
# - {name: Clear, datatype: float64}
# meta: !!omap
# - comment: [kappa = 3.65, type = rprocess, mass = 0.001861645566637777, velocity = 0.3903333333333333, theta_obs = 0.0, tfloor = 1000.0]
# schema: astropy-2.0
time PS1_g PS1_i PS1_r PS1_w PS1_y PS1_z swift_uvot_B swift_uvot_U swift_uvot_uvm2 swift_uvot_uvw1 swift_uvot_uvw2 swift_uvot_V johnson_B johnson_I johnson_R johnson_U johnson_V sdss_g sdss_i sdss_r sdss_u sdss_z ATLAS_c ATLAS_o ukirt_H ukirt_J ukirt_K Clear
[from data line 88]
5.350701402805611 10.905042905255975 2.0232140920566977 5.4982848700945475 3.530361058590561 -1.4999759564685533 -0.08229999162143287 14.444949481820462 21.103893579715383 34.99248888374456 17.069476111789932 19.582492618269583 8.864559598126778 13.241012164854272 0.46970078563474704 3.4397335523597468 20.07289240046363 7.9095372629580245 11.717583006570429 2.104470044169684 5.726773529590972 21.60499910989021 -0.6557276036434345 7.477361439837189 3.0249489152273945 -6.448963334384049 -4.299474038894358 -7.809252014857238 1.2444670148292047
5.410821643286573 10.940276711671473 2.0584478984721954 5.5335186765100275 3.5655948650060587 -1.4647421500530733 -0.047066185205935085 14.48018328823596 21.139127386130873 35.027722690160054 17.10470991820543 19.61772642468508 8.899793404542258 13.27624597126977 0.5049345920502448 3.4749673587752445 20.108126206879128 7.9447710693735045 11.752816812985927 2.1397038505851818 5.762007336006469 21.6402329163057 -0.6204937972279367 7.512595246252687 3.0601827216428923 -6.413729527968569 -4.264240232478878 -7.77401820844174 1.2797008212447025
5.4709418837675345 10.975308979561849 2.0934801663625713 5.568550944400403 3.600627132896417 -1.4297098821626975 -0.01203391731555925 14.515215556126336 21.174159654021246 35.06275495805042 17.139742186095805 19.652758692575457 8.934825672432634 13.311278239160146 0.5399668599406207 3.5099996266656204 20.143158474769496 7.97980333726388 11.787849080876285 2.1747361184755576 5.797039603896845 21.67526518419607 -0.5854615293375609 7.547627514143045 3.095214989533268 -6.3786972600781935 -4.229207964588502 -7.738985940551364 1.3147330891350784
5.531062124248497 11.010142982105329 2.1283141689060336 5.6033849469438834 3.635461135439897 -1.3948758796192173 0.02280008522790311 14.550049558669798 21.20899365656472 35.09758896059389 17.174576188639268 19.687592695118926 8.969659674976114 13.346112241703608 0.574800862484083 3.5448336292090827 20.177992477312976 8.01463733980736 11.822683083419765 2.2095701210190377 5.831873606440308 21.710099186739544 -0.5506275267940808 7.582461516686525 3.1300489920767482 -6.343863257534713 -4.194373962045022 -7.704151938007884 1.3495670916785585
5.591182364729459 11.04478319029182 2.162954377092543 5.638025155130375 3.6701013436264063 -1.3602356714327257 0.05744029341441248 14.584689766856307 21.243633864751217 35.1322291687804 17.209216396825777 19.72223290330543 9.004299883162606 13.380752449890117 0.6094410706705924 3.579473837395592 20.21263268549948 8.049277547993851 11.857323291606274 2.2442103292055293 5.866513814626817 21.744739394926043 -0.5159873186075892 7.617101724873034 3.16468920026324 -6.309223049348222 -4.15973375385853 -7.669511729821393 1.38420729986505
5.651302605210421 11.07923449052711 2.1974056773278328 5.672476455365665 3.704552643861696 -1.325784371197436 0.09189159364970223 14.619141067091597 21.278085164986507 35.16668046901569 17.243667697061067 19.75668420354072 9.038751183397896 13.415203750125407 0.6438923709058821 3.613925137630882 20.24708398573477 8.083728848229159 11.891774591841564 2.278661629440819 5.900965114862107 21.779190695161333 -0.4815360183722994 7.651553025108324 3.1991405004985296 -6.274771749112932 -4.125282453623241 -7.635060429586103 1.4186586001003398
5.7114228456913825 11.113501617997006 2.2316728047977286 5.706743582835561 3.738819771331574 -1.2915172437275402 0.12615872111959803 14.653408194561493 21.312352292456403 35.20094759648558 17.277934824530963 19.790951331010607 9.073018310867791 13.449470877595285 0.6781594983757779 3.64819226510076 20.281351113204654 8.117995975699037 11.926041719311442 2.312928756910715 5.9352322423320025 21.81345782263123 -0.4472688909024036 7.685820152578202 3.2334076279684254 -6.240504621643036 -4.091015326153345 -7.600793302116207 1.4529257275702356
5.771543086172344 11.147589176643837 2.26576036344456 5.74083114148241 3.7729073299784233 -1.257429685080691 0.16024627976642947 14.687495753208324 21.346439851103245 35.235035155132415 17.312022383177794 19.825038889657453 9.10710586951464 13.483558436242134 0.7122470570226094 3.682279823747609 20.315438671851496 8.152083534345886 11.960129277958291 2.3470163155575463 5.969319800978834 21.84754538127807 -0.4131813322555544 7.719907711225051 3.267495186615257 -6.206417062996187 -4.056927767506496 -7.566705743469358 1.4870132862170848
5.831663326653306 11.181501435887888 2.2996726226885933 5.774743400726443 3.8068195892224566 -1.2235174258366577 0.19415853901046276 14.721408012452358 21.38035211034728 35.26894741437645 17.345934642421827 19.858951148901486 9.141018128758674 13.517470695486168 0.7461593162666427 3.7161920829916424 20.34935093109553 8.18599579358992 11.994041537202325 2.3809285748015974 6.003232060222867 21.881457640522104 -0.37926907301152113 7.753819970469085 3.301407445859308 -6.172504803752154 -4.023015508262462 -7.532793484225325 1.5209255454611181
5.891783567134269 11.215242387255984 2.3334135740567064 5.808484352094538 3.840560540590552 -1.1897764744685624 0.22789949037857582 14.75514896382047 21.414093061715384 35.30268836574455 17.37967559378994 19.89269210026958 9.174759080126769 13.551211646854263 0.7799002676347557 3.7499330343597377 20.38309188246363 8.219736744958015 12.02778248857042 2.4146695261696927 6.03697301159098 21.91519859189021 -0.34552812164342583 7.78756092183718 3.335148397227403 -6.138763852384058 -3.989274556894367 -7.499052532857229 1.5546664968292134
5.95190380761523 11.248815723940702 2.3669869107414243 5.842057688779274 3.8741338772752876 -1.1562031377838267 0.2614728270632938 14.788722300505189 21.44766639840011 35.33626170242928 17.41324893047466 19.92626543695431 9.208332416811487 13.584784983538999 0.8134736043194737 3.7835063710444734 20.416665219148356 8.25331008164275 12.061355825255156 2.4482428628544106 6.070546348275698 21.948771928574935 -0.3119547849587079 7.821134258521916 3.368721733912121 -6.105190515699323 -3.9557012202096313 -7.465479196172511 1.5882398335139314
6.012024048096192 11.282224949030883 2.4003961358315884 5.875466913869438 3.9075431023654517 -1.1227939126936626 0.29488205215345786 14.82213152559537 21.481075623490273 35.36967092751946 17.44665815556484 19.95967466204448 9.241741641901669 13.618194208629163 0.8468828294096555 3.8169155961346375 20.45007444423853 8.286719306732914 12.09476505034532 2.4816520879445925 6.10395557336588 21.9821811536651 -0.278545559868526 7.85454348361208 3.402130959002303 -6.071781290609159 -3.9222919951194672 -7.4320699710823295 1.6216490586041132
6.072144288577154 11.31547323221465 2.4336444190153728 5.908715197053205 3.940791385549236 -1.089545629509896 0.32813033533724223 14.855379808779137 21.51432390667405 35.402919210703224 17.479906438748607 19.99292294522826 9.274989925085436 13.651442491812947 0.8801311125934221 3.850163879318422 20.483322727422305 8.319967589916681 12.128013333529104 2.514900371128359 6.137203856549647 22.015429436848876 -0.24529727668475942 7.887791766795864 3.4353792421860696 -6.038533007425392 -3.8890437119357006 -7.398821687898563 1.6548973417878798
6.132264529058116 11.348563546968684 2.4667347337694068 5.941805511807239 3.9738817003032523 -1.056455314755862 0.36122065009127624 14.888470123533171 21.547414221428085 35.43600952545726 17.51299675350264 20.026013259982292 9.30808023983947 13.684532806566981 0.9132214273474561 3.883254194072456 20.51641304217633 8.353057904670715 12.16110364828312 2.547990685882393 6.170294171303681 22.04851975160291 -0.2122069619307254 7.92088208154988 3.4684695569401036 -6.005442692671358 -3.8559533971816666 -7.365731373144529 1.6879876565419139
6.192384769539078 11.381498655938902 2.4996698427396247 5.9747406207774745 4.006816809273488 -1.0235202057856263 0.39415575906149414 14.921405232503389 21.58034933039831 35.46894463442748 17.54593186247286 20.058948368952517 9.341015348809705 13.717467915537199 0.946156536317674 3.9161893030426738 20.54934815114656 8.38599301364095 12.194038757253356 2.580925794852611 6.203229280273899 22.081454860573135 -0.17927185296050752 7.953817190520116 3.5014046659103215 -5.972507583701122 -3.823018288211431 -7.332796264174311 1.7209227655121495
6.25250501002004 11.414281081373403 2.5324522681741257 6.007523046211958 4.039599234707989 -0.990737780351143 0.4269381844959952 14.95418765793789 21.613131755832804 35.501727059861985 17.57871428790736 20.09173079438701 9.373797774244188 13.7502503409717 0.9789389617521751 3.948971728477175 20.582130576581058 8.418775439075434 12.226821182687857 2.613708220287112 6.2360117057084 22.11423728600763 -0.14648942752600647 7.986599615954617 3.5341870913448226 -5.939725158266639 -3.7902358627769477 -7.30001383873981 1.7537051909466328
6.312625250501002 11.446940881835257 2.5651120686359796 6.040182846673829 4.072259035169843 -0.9580779798892891 0.4595979849578491 14.986847458399744 21.645791556294665 35.534386860323835 17.611374088369214 20.124390594848865 9.406457574706042 13.782910141433554 1.011598762214029 3.9816315289390287 20.614790377042915 8.451435239537306 12.259480983149711 2.646368020748966 6.268671506170254 22.14689708646949 -0.11382962706415256 8.019259416416471 3.5668468918066765 -5.907065357804767 -3.757576062315076 -7.267354038277956 1.7863649914084867
6.372745490981964 11.479407590535935 2.5975787773366577 6.07264955537449 4.104725743870521 -0.9256112711886111 0.4920646936585271 15.019314167100422 21.678258264995335 35.566853569024516 17.643840797069892 20.156857303549543 9.43892428340672 13.815376850134232 1.044065470914707 4.014098237639707 20.64725708574359 8.483901948237966 12.291947691850389 2.678834729449644 6.301138214870932 22.17936379517016 -0.08136291836347453 8.051726125117149 3.5993136005073545 -5.874598649104107 -3.7251093536144158 -7.234887329577278 1.8188317001091647
6.432865731462925 11.511739164264903 2.629910351065625 6.104981129103475 4.1370573175994885 -0.8932796974596258 0.5243962673874947 15.05164574082939 21.71058983872431 35.599185142753484 17.67617237079886 20.18918887727851 9.471255857135706 13.8477084238632 1.0763970446436746 4.046429811368674 20.679588659472557 8.516233521966951 12.324279265579356 2.7111663031786115 6.333469788599899 22.211695368899136 -0.04903134463450698 8.084057698846117 3.631645174236322 -5.842267075375122 -3.6927777798854304 -7.20255575584831 1.85116327383815
6.492985971943887 11.543930627201213 2.662101814001936 6.137172592039768 4.169248780535799 -0.8610882345233328 0.5565877303238054 15.0838372037657 21.742781301660614 35.63137660568979 17.70836383373517 20.22138034021482 9.503447320071999 13.87989988679951 1.1085885075799853 4.078621274304985 20.711780122408868 8.548424984903244 12.356470728515667 2.743357766114922 6.36566125153621 22.24388683183544 -0.01683988169819628 8.116249161782427 3.6638366371726327 -5.810075612438829 -3.6605863169491375 -7.170364292912 1.883354736774443
6.55310621242485 11.575981325796167 2.6941525125968724 6.169223290634722 4.201299479130736 -0.8290375359283786 0.5886384289187419 15.115887902360654 21.774832000255564 35.66342730428474 17.740414532330124 20.25343103880977 9.535498018666953 13.911950585394447 1.1406392061749395 4.1106719728999215 20.743830821003815 8.580475683498198 12.388521427110604 2.7754084647098765 6.397711950131164 22.27593753043039 0.015210816896757962 8.148299860377364 3.695887335767587 -5.778024913843875 -3.6285356183541833 -7.1383135943170455 1.9154054353693972
6.613226452905812 11.607891856460757 2.7260630432614796 6.201133821299312 4.233210009795343 -0.7971270052637891 0.6205489595833491 15.147798433025244 21.806742530920154 35.695337834949335 17.772325062994714 20.285341569474365 9.567408549331542 13.943861116059054 1.172549736839529 4.142582503564529 20.775741351668415 8.612386214162806 12.420431957775211 2.807318995374466 6.429622480795754 22.30784806109498 0.04712134756134745 8.180210391041971 3.7277978664321765 -5.746114383179285 -3.5966250876895938 -7.106403063652456 1.9473159660339867
6.673346693386773 11.639663468009616 2.7578346548103383 6.23290543284817 4.264981621344184 -0.7653553937149304 0.6523205711322078 15.179570044574103 21.838514142469016 35.72710944649818 17.804096674543572 20.317113181023213 9.599180160880401 13.975632727607913 1.2043213483883877 4.17435411511337 20.807512963217263 8.644157825711646 12.452203569324052 2.8390906069233246 6.461394092344612 22.339619672643842 0.0788929591102061 8.211982002590812 3.759569477981035 -5.7143427716304265 -3.564853476140735 -7.074631452103597 1.9790875775828454
6.733466933867735 11.671297462884205 2.7894686496849275 6.2645394277227595 4.296615616218791 -0.7337213988403413 0.6839545660067969 15.211204039448692 21.870148137343605 35.758743441372786 17.83573066941816 20.348747175897813 9.63081415575499 14.007266722482502 1.2359553432629768 4.205988109987977 20.83914695809186 8.675791820586236 12.483837564198659 2.8707246017979138 6.493028087219201 22.37125366751843 0.11052695398479528 8.243615997465419 3.7912034728556243 -5.682708776755837 -3.533219481266146 -7.042997457229008 2.0107215724574345
6.793587174348697 11.702795133205957 2.8209663200066615 6.296037098044511 4.328113286540525 -0.7022237285185895 0.7154522363285309 15.242701709770426 21.901645807665346 35.79024111169453 17.867228339739913 20.380244846219558 9.662311826076742 14.038764392804236 1.2674530135847109 4.237485780309711 20.870644628413604 8.707289490907987 12.515335234520393 2.9022222721196655 6.524525757540953 22.402751337840172 0.14202462430654705 8.275113667787153 3.822701143177376 -5.6512111064340855 -3.501721810944394 -7.011499786907256 2.0422192427791863
6.853707414829659 11.734157792155404 2.852328978956109 6.327399756993959 4.359475945489972 -0.6708610695691419 0.7468148952779785 15.274064368719873 21.933008466614794 35.821603770643975 17.89859099868936 20.411607505169005 9.69367448502619 14.070127051753683 1.2988156725341584 4.268848439259158 20.902007287363052 8.738652149857435 12.54669789346984 2.933584931069113 6.555888416490401 22.43411399678962 0.17338728325599462 8.3064763267366 3.8540638021268236 -5.619848447484638 -3.4703591519949466 -6.980137127957809 2.073581901728634
6.913827655310621 11.765386546267944 2.883557733068667 6.358628511106499 4.390704699602512 -0.6396323154566019 0.7780436493905363 15.305293122832431 21.96423722072734 35.852832524756515 17.9298197528019 20.442836259281545 9.72490323913873 14.101355805866223 1.3300444266467162 4.300077193371698 20.933236041475592 8.769880903969975 12.57792664758238 2.964813685181653 6.587117170602941 22.465342750902167 0.20461603736853462 8.33770508084914 3.8852925562393636 -5.588619693372098 -3.4391303978824066 -6.948908373845269 2.104810655841174
6.973947895791583 11.796482606859016 2.9146537936597383 6.389724571697588 4.421800760193602 -0.6085362548655127 0.8091397099816078 15.336389183423503 21.995333281318423 35.8839285853476 17.960915813392972 20.473932319872624 9.755999299729819 14.132451866457313 1.3611404872377877 4.331173253962787 20.96433210206667 8.800976964561064 12.60902270817347 2.9959097457727246 6.618213231194012 22.49643881149325 0.23571209795960613 8.36880114144023 3.916388616830435 -5.557523632781009 -3.4080343372913173 -6.917812313254197 2.135906716432263
