web/models/kne/56/mosfit_kn_0.001230_0.4217_3.6500.dat
# %ECSV 1.0
# ---
# datatype:
# - {name: time, datatype: float64}
# - {name: PS1_g, datatype: float64}
# - {name: PS1_i, datatype: float64}
# - {name: PS1_r, datatype: float64}
# - {name: PS1_w, datatype: float64}
# - {name: PS1_y, datatype: float64}
# - {name: PS1_z, datatype: float64}
# - {name: swift_uvot_B, datatype: float64}
# - {name: swift_uvot_U, datatype: float64}
# - {name: swift_uvot_uvm2, datatype: float64}
# - {name: swift_uvot_uvw1, datatype: float64}
# - {name: swift_uvot_uvw2, datatype: float64}
# - {name: swift_uvot_V, datatype: float64}
# - {name: johnson_B, datatype: float64}
# - {name: johnson_I, datatype: float64}
# - {name: johnson_R, datatype: float64}
# - {name: johnson_U, datatype: float64}
# - {name: johnson_V, datatype: float64}
# - {name: sdss_g, datatype: float64}
# - {name: sdss_i, datatype: float64}
# - {name: sdss_r, datatype: float64}
# - {name: sdss_u, datatype: float64}
# - {name: sdss_z, datatype: float64}
# - {name: ATLAS_c, datatype: float64}
# - {name: ATLAS_o, datatype: float64}
# - {name: ukirt_H, datatype: float64}
# - {name: ukirt_J, datatype: float64}
# - {name: ukirt_K, datatype: float64}
# - {name: Clear, datatype: float64}
# meta: !!omap
# - comment: [kappa = 3.65, type = rprocess, mass = 0.0012301715156502338, velocity = 0.4216666666666667, theta_obs = 0.0, tfloor = 1000.0]
# schema: astropy-2.0
time PS1_g PS1_i PS1_r PS1_w PS1_y PS1_z swift_uvot_B swift_uvot_U swift_uvot_uvm2 swift_uvot_uvw1 swift_uvot_uvw2 swift_uvot_V johnson_B johnson_I johnson_R johnson_U johnson_V sdss_g sdss_i sdss_r sdss_u sdss_z ATLAS_c ATLAS_o ukirt_H ukirt_J ukirt_K Clear
[from data line 267]
16.112224448897795 16.749151996616227 7.86732318341695 11.342393961454782 9.374470149950813 4.344133134891681 5.761809099738819 20.289058573180714 26.948002671075628 40.83659797510481 22.913585203150184 25.426601709629836 14.708668689487013 19.085121256214524 6.313809876994999 9.28384264372 25.917001491823882 13.753646354318258 17.56169209793068 7.948579135529936 11.570882620951224 27.449108201250453 5.188381487716818 13.321470531197441 8.869058006587647 -0.6048542430238142 1.544635052465876 -1.9651429234969853 7.088576106189457
16.172344689378757 16.76745590701728 7.885627093817984 11.360697871855834 9.392774060351847 4.362437045292733 5.7801130101398535 20.30736248358175 26.96630658147667 40.854901885505846 22.931889113551225 25.444905620030877 14.726972599888065 19.10342516661556 6.332113787396033 9.302146554121034 25.935305402224927 13.77195026471931 17.579996008331715 7.966883045930988 11.589186531352276 27.467412111651495 5.20668539811787 13.339774441598475 8.887361916988699 -0.5865503326227623 1.562938962866928 -1.9468390130959334 7.106880016590509
16.23246492985972 16.785698057472445 7.9038692442731495 11.378940022311 9.411016210807013 4.3806791957478985 5.798355160595019 20.32560463403692 26.984548731931834 40.87314403596101 22.95013126400639 25.463147770486042 14.74521475034323 19.121667317070724 6.350355937851199 9.3203887045762 25.953547552680092 13.790192415174475 17.59823815878688 7.985125196386154 11.607428681807441 27.48565426210666 5.224927548573035 13.358016592053641 8.905604067443864 -0.5683081821675968 1.5811811133220934 -1.928596862640768 7.125122167045674
16.29258517034068 16.803878844987246 7.922050031787968 11.397120809825818 9.429196998321832 4.398859983262717 5.816535948109838 20.343785421551743 27.002729519446653 40.89132482347583 22.968312051521213 25.481328558000865 14.763395537858049 19.139848104585543 6.368536725366018 9.338569492091018 25.9717283401949 13.808373202689294 17.6164189463017 8.003305983900972 11.625609469322242 27.50383504962148 5.243108336087854 13.37619737956846 8.923784854958665 -0.550127394652778 1.5993619008369122 -1.9104160751259491 7.143302954560493
16.352705410821642 16.821998666710574 7.940169853511296 11.415240631549128 9.44731682004516 4.416979804986028 5.834655769833166 20.36190524327506 27.02084934116997 40.90944464519915 22.98643187324453 25.499448379724182 14.781515359581359 19.15796792630887 6.386656547089346 9.356689313814346 25.989848161918232 13.826493024412622 17.634538768025028 8.021425805624283 11.64372929104557 27.521954871344796 5.261228157811164 13.394317201291788 8.941904676681993 -0.5320075729294678 1.6174817225602225 -1.8922962534026389 7.161422776283803
16.412825651302605 16.84005790392277 7.958229090723474 11.433299868761324 9.465376057257338 4.435039042198223 5.852715007045344 20.379964480487246 27.03890857838216 40.92750388241134 23.004491110456716 25.517507616936367 14.799574596793555 19.17602716352105 6.404715784301524 9.374748551026524 26.007907399130417 13.8445522616248 17.652598005237206 8.039485042836478 11.661788528257766 27.540014108556985 5.27928739502336 13.412376438503966 8.959963913894189 -0.513948335717272 1.6355409597724182 -1.8742370161904431 7.179482013495999
16.472945891783567 16.858056944432107 7.97622813123283 11.451298909270662 9.483375097766675 4.453038082707561 5.870714047554699 20.397963520996583 27.056907618891508 40.945502922920674 23.022490150966064 25.535506657445715 14.817573637302893 19.194026204030404 6.422714824810879 9.39274759153588 26.025906439639755 13.862551302134138 17.670597045746543 8.057484083345816 11.679787568767104 27.558013149066333 5.297286435532698 13.430375479013303 8.977962954403527 -0.4959492952079343 1.653540000281756 -1.8562379756811054 7.197481054005337
16.53306613226453 16.87599617661288 7.994167363413602 11.469238141451434 9.501314329947448 4.470977314888334 5.888653279735472 20.415902753177356 27.07484685107228 40.963442155101454 23.040429383146837 25.553445889626477 14.835512869483665 19.211965436211177 6.440654056991652 9.410686823716635 26.043845671820527 13.88049053431491 17.688536277927316 8.075423315526589 11.697726800947876 27.575952381247106 5.31522566771347 13.448314711194076 8.9959021865843 -0.47801006302716176 1.6714792324625285 -1.8382987435003328 7.215420286186109
16.59318637274549 16.893875977495085 8.012047164295808 11.48711794233364 9.519194130829653 4.488857115770539 5.9065330806176775 20.43378255405956 27.092726651954486 40.98132195598365 23.058309184029042 25.571325690508694 14.85339267036587 19.229845237093382 6.458533857873857 9.428566624598858 26.061725472702733 13.898370335197116 17.70641607880952 8.093303116408794 11.715606601830082 27.59383218212931 5.333105468595676 13.466194512076282 9.013781987466505 -0.4601302621449561 1.6893590333447341 -1.8204189426181272 7.233300087068315
16.65330661322645 16.9116967264506 8.029867913251305 11.504938691289155 9.537014879785168 4.506677864726054 5.924353829573175 20.451603303015077 27.11054740090999 40.99914270493917 23.076129932984546 25.589146439464198 14.871213419321386 19.24766598604888 6.4763546068293545 9.446387373554355 26.079546221658248 13.916191084152631 17.724236827765036 8.11112386536431 11.733427350785579 27.611652931084816 5.350926217551191 13.484015261031796 9.03160273642202 -0.44230951318944123 1.707179782300249 -1.8025981936626123 7.25112083602383
16.713426853707414 16.929458788106047 8.047629974906751 11.522700752944601 9.554776941440615 4.5244399263815005 5.942115891228621 20.469365364670523 27.128309462565436 41.01690476659461 23.093891994639993 25.606908501119644 14.888975480976832 19.265428047704326 6.494116668484801 9.464149435209801 26.097308283313694 13.933953145808077 17.741998889420483 8.128885927019756 11.751189412441025 27.629414992740262 5.368688279206637 13.501777322687243 9.049364798077466 -0.42454745153399487 1.7249418439556954 -1.784836132007166 7.268882897679276
16.773547094188377 16.947162536921923 8.065333723722645 11.540404501760495 9.572480690256508 4.5421436751973765 5.959819640044515 20.48706911348641 27.14601321138133 41.034608515410504 23.11159574345588 25.62461224993553 14.906679229792708 19.28313179652022 6.511820417300695 9.481853184025695 26.115012032129577 13.951656894623971 17.759702638236377 8.146589675835632 11.76889316125692 27.647118741556156 5.386392028022513 13.519481071503137 9.067068546893342 -0.4068437027181011 1.7426455927715891 -1.76713238319129 7.286586646495152
16.83366733466934 16.964808335861825 8.082979522662548 11.558050300700398 9.590126489196411 4.559789474137279 5.977465438984417 20.504714912426312 27.163659010321233 41.05225431435041 23.129241542395782 25.642258048875433 14.92432502873261 19.300777595460122 6.529466216240597 9.499498982965598 26.13265783106948 13.969302693563874 17.77734843717628 8.164235474775534 11.786538960196822 27.66476454049606 5.404037826962416 13.53712687044304 9.084714345833245 -0.3891979037781985 1.7602913917114917 -1.7494865842513874 7.304232445435055
16.8937875751503 16.98239655262567 8.100567739426392 11.575638517464224 9.607714705960237 4.577377690901123 5.995053655748261 20.522303129190156 27.181247227085066 41.06984253111424 23.146829759159626 25.659846265639278 14.941913245496455 19.318365812223966 6.547054433004441 9.517087199729442 26.150246047833317 13.9868909103277 17.794936653940105 8.181823691539378 11.804127176960666 27.682352757259892 5.42162604372626 13.554715087206866 9.102302562597089 -0.37160968701437214 1.7778796084753181 -1.7318983674875432 7.321820662198899
16.95390781563126 16.999927544073312 8.118098730874035 11.593169508911885 9.625245697407898 4.594908682348766 6.012584647195904 20.5398341206378 27.19877821853271 41.08737352256189 23.16436075060727 25.67737725708692 14.959444236944098 19.33589680367161 6.564585424452084 9.534618191177085 26.16777703928097 14.00442190177536 17.812467645387766 8.199354682987021 11.821658168408309 27.699883748707535 5.439157035173903 13.572246078654526 9.119833554044732 -0.35407869556671145 1.7954105999229788 -1.7143673760399003 7.339351653646542
17.014028056112224 17.017401665735168 8.13557285253589 11.610643630573723 9.642719819069754 4.612382804010622 6.03005876885776 20.557308242299655 27.216252340194565 41.10484764422374 23.181834872269125 25.694851378748776 14.976918358605953 19.353370925333465 6.58205954611394 9.55209231283894 26.185251160942816 14.021896023437199 17.829941767049604 8.216828804648877 11.839132290070165 27.71735787036939 5.456631156835758 13.589720200316364 9.137307675706587 -0.3366045739048735 1.8128847215848167 -1.6968932543780446 7.356825775308398
17.074148296593187 17.034819269753925 8.152990456554647 11.62806123459248 9.660137423088493 4.629800408029379 6.047476372876517 20.5747258463184 27.233669944213325 41.12226524824249 23.19925247628787 25.712268982767522 14.99433596262471 19.370788529352204 6.599477150132697 9.56950991685768 26.202668764961572 14.039313627455956 17.84735937106836 8.234246408667634 11.856549894088921 27.73477547438815 5.474048760854515 13.607137804335121 9.154725279725344 -0.3191869698861167 1.8303023256035735 -1.6794756503592878 7.3742433793271545
17.13426853707415 17.052180711638503 8.170351898439225 11.645422676477057 9.677498864973089 4.647161849913957 6.064837814761095 20.59208728820299 27.2510313860979 41.13962669012708 23.21661391817246 25.72963042465211 15.011697404509288 19.3881499712368 6.616838592017275 9.586871358742275 26.22003020684616 14.056675069340551 17.864720812952957 8.251607850552212 11.8739113359735 27.752136916272725 5.491410202739093 13.624499246219717 9.172086721609922 -0.30182552800152096 1.8476637674881515 -1.6621142084747098 7.3916048212117325
17.19438877755511 17.069486334355233 8.187657521155938 11.662728299193788 9.694804487689801 4.664467472630687 6.082143437477807 20.60939291091971 27.268337008814623 41.15693231284379 23.23391954088918 25.74693604736883 15.029003027226018 19.405455593953512 6.634144214733987 9.604176981458988 26.237335829562873 14.073980692057264 17.88202643566967 8.268913473268942 11.891216958690212 27.76944253898945 5.508715825455823 13.641804868936429 9.189392344326635 -0.28451990528480864 1.8649693902048816 -1.6448085857579797 7.4089104439284625
17.25450901803607 17.086736478494675 8.204907665295398 11.67997844333323 9.712054631829243 4.681717616770129 6.099393581617267 20.626643055059155 27.285587152954072 41.174182456983246 23.251169685028632 25.764186191508283 15.04625317136546 19.422705738092972 6.651394358873447 9.62142712559843 26.254585973702323 14.091230836196706 17.89927657980911 8.286163617408384 11.908467102829672 27.786692683128898 5.525965969595266 13.659055013075871 9.206642488466095 -0.26726976114536627 1.882219534344324 -1.6275584416185374 7.426160588067905
17.314629258517034 17.1039314915952 8.222102678395906 11.697173456433756 9.72924964492977 4.698912629870655 6.116588594717776 20.64383806815968 27.30278216605459 41.19137747008377 23.26836469812915 25.781381204608802 15.063448184465987 19.43990075119348 6.668589371973973 9.638622138698956 26.27178098680285 14.108425849297232 17.916471592909637 8.30335863050891 11.925662115930198 27.803887696229417 5.543160982695792 13.676250026176398 9.22383750156662 -0.2500747480448402 1.89941454744485 -1.6103634285180113 7.443355601168431
17.374749498997996 17.1210717099283 8.239242896729024 11.714313674766856 9.74638986326287 4.716052848203756 6.133728813050894 20.660978286492778 27.319922384387702 41.20851768841687 23.28550491646226 25.79852142294191 15.080588402799087 19.4570409695266 6.685729590307074 9.655762357032074 26.28892120513595 14.125566067630333 17.933611811242738 8.32049884884201 11.942802334263298 27.821027914562528 5.560301201028892 13.693390244509498 9.240977719899721 -0.23293452971173978 1.9165547657779505 -1.5932232101849109 7.460495819501531
17.43486973947896 17.13815746690173 8.256328653702454 11.731399431740304 9.763475620236317 4.733138605177203 6.150814570024323 20.678064043466218 27.33700814136114 41.22560344539031 23.302590673435688 25.81560717991534 15.097674159772517 19.474126726500028 6.702815347280503 9.672848114005504 26.306006962109386 14.14265182460378 17.950697568216185 8.33758460581544 11.959888091236728 27.838113671535964 5.577386958002322 13.710476001482945 9.25806347687315 -0.2158487727382925 1.9336405227513978 -1.5761374532114814 7.477581576474961
17.494989979959918 17.1551890952526 8.273360282053321 11.748431060091171 9.780507248587185 4.750170233528053 6.167846198375191 20.695095671817086 27.354039769711996 41.24263507374118 23.319622301786556 25.832638808266207 15.114705788123384 19.491158354850896 6.719846975631371 9.689879742356371 26.323038590460257 14.159683452954647 17.967729196567053 8.354616234166308 11.976919719587595 27.85514529988682 5.594418586353189 13.727507629833813 9.275095105224018 -0.19881714438742493 1.9506721511022653 -1.5591058248606138 7.4946132048258285
17.55511022044088 17.172166923625927 8.29033811042665 11.765408888464481 9.797485076960513 4.767148061901381 6.184824026748519 20.712073500190414 27.371017598085324 41.2596129021145 23.336600130159884 25.849616636639535 15.131683616496712 19.508136183224224 6.736824804004699 9.7068575707297 26.340016418833574 14.176661281327958 17.984707024940363 8.371594062539636 11.993897547960923 27.87212312826015 5.611396414726517 13.744485458207123 9.292072933597346 -0.18183931601411474 1.9676499794755755 -1.5421279964872858 7.511591033199156
17.615230460921843 17.189091281106936 8.307262467907659 11.782333245945491 9.814409434441504 4.78407241938239 6.2017483842295285 20.728997857671416 27.387941955566333 41.27653725959551 23.353524487640886 25.866540994120538 15.148607973977722 19.525060540705216 6.753749161485708 9.723781928210691 26.356940776314584 14.193585638808967 18.001631382421373 8.388518420020645 12.010821905441933 27.88904748574116 5.628320772207527 13.761409815688133 9.308997291078356 -0.16491495853310512 1.9845743369565851 -1.5252036390062762 7.528515390680166
17.675350701402806 17.205962490282438 8.324133677083143 11.799204455120993 9.831280643617006 4.800943628557892 6.218619593405013 20.745869066846915 27.404813164741828 41.293408468771 23.370395696816384 25.883412203296036 15.165479183153224 19.541931749880717 6.7706203706611925 9.740653137386193 26.37381198549008 14.210456847984469 18.018502591596874 8.405389629196147 12.027693114617417 27.905918694916654 5.645191981383029 13.778281024863634 9.32586850025384 -0.14804374935760323 2.001445546132087 -1.5083324298307743 7.545386599855668
17.73547094188377 17.222780868755443 8.340952055556166 11.816022833593998 9.848099022090029 4.817762007030897 6.235437971878035 20.76268744531993 27.421631543214843 41.31022684724402 23.3872140752894 25.90023058176905 15.182297561626228 19.55875012835374 6.787438749134215 9.757471515859216 26.390630363963098 14.227275226457474 18.035320970069897 8.422208007669152 12.04451149309044 27.92273707338967 5.662010359856033 13.795099403336657 9.342686878726862 -0.1312253708845985 2.0182639246050917 -1.4915140513577696 7.562204978328673
17.795591182364728 17.23954673676591 8.357717923566614 11.832788701604464 9.864864890100478 4.834527875041363 6.252203839888484 20.779453313330386 27.4383974112253 41.326992715254484 23.403979943299856 25.916996449779507 15.199063429636695 19.57551599636419 6.804204617144664 9.774237383869664 26.407396231973557 14.24404109446794 18.052086838080346 8.438973875679618 12.061277361100906 27.939502941400125 5.6787762278665 13.811865271347106 9.359452746737329 -0.11445950287413198 2.0350297926155583 -1.474748183347303 7.578970846339139
