web/models/kne/56/mosfit_kn_0.005245_0.0457_0.5000.dat
# %ECSV 1.0
# ---
# datatype:
# - {name: time, datatype: float64}
# - {name: PS1_g, datatype: float64}
# - {name: PS1_i, datatype: float64}
# - {name: PS1_r, datatype: float64}
# - {name: PS1_w, datatype: float64}
# - {name: PS1_y, datatype: float64}
# - {name: PS1_z, datatype: float64}
# - {name: swift_uvot_B, datatype: float64}
# - {name: swift_uvot_U, datatype: float64}
# - {name: swift_uvot_uvm2, datatype: float64}
# - {name: swift_uvot_uvw1, datatype: float64}
# - {name: swift_uvot_uvw2, datatype: float64}
# - {name: swift_uvot_V, datatype: float64}
# - {name: johnson_B, datatype: float64}
# - {name: johnson_I, datatype: float64}
# - {name: johnson_R, datatype: float64}
# - {name: johnson_U, datatype: float64}
# - {name: johnson_V, datatype: float64}
# - {name: sdss_g, datatype: float64}
# - {name: sdss_i, datatype: float64}
# - {name: sdss_r, datatype: float64}
# - {name: sdss_u, datatype: float64}
# - {name: sdss_z, datatype: float64}
# - {name: ATLAS_c, datatype: float64}
# - {name: ATLAS_o, datatype: float64}
# - {name: ukirt_H, datatype: float64}
# - {name: ukirt_J, datatype: float64}
# - {name: ukirt_K, datatype: float64}
# - {name: Clear, datatype: float64}
# meta: !!omap
# - comment: [kappa = 0.5, type = rprocess, mass = 0.005244756555828381, velocity = 0.04566666666666669, theta_obs = 0.0, tfloor = 1000.0]
# schema: astropy-2.0
time PS1_g PS1_i PS1_r PS1_w PS1_y PS1_z swift_uvot_B swift_uvot_U swift_uvot_uvm2 swift_uvot_uvw1 swift_uvot_uvw2 swift_uvot_V johnson_B johnson_I johnson_R johnson_U johnson_V sdss_g sdss_i sdss_r sdss_u sdss_z ATLAS_c ATLAS_o ukirt_H ukirt_J ukirt_K Clear
[from data line 56]
3.4268537074148293 -10.859920750902035 -12.445391229705542 -11.890779993741791 -11.818505867979265 -12.836745280182136 -12.704550579843072 -10.146258789060411 -9.659424543440167 -5.758550352572203 -7.80292237598502 -5.89285568989315 -11.397248178246404 -10.225935980809119 -13.01066525113977 -12.260518970446618 -9.711340453296977 -11.461695551576037 -10.704264412001976 -12.440398700383604 -11.883448409192372 -8.853664878456708 -12.74507749941062 -11.311657776215487 -12.164624782619402 -12.938719232805925 -12.996173775935327 -12.745586378028404 -12.0028806690574
3.4869739478957915 -10.735328660788301 -12.376175076358393 -11.799589969870894 -11.731811786212809 -12.78961063933643 -12.648781297652771 -10.002601630996228 -9.4713921109763 -5.467764286440924 -7.592236073594236 -5.6700115033060285 -11.287788243885341 -10.08534706869073 -12.94786420000004 -12.176225655481911 -9.530743611316492 -11.354659894917257 -10.574796184194923 -12.370589672002748 -11.79164910032311 -8.669741738701529 -12.691782091214154 -11.203839669587765 -12.084837569775129 -12.922320216400019 -12.965839881277306 -12.738453180131353 -11.926577408444299
3.5470941883767533 -10.61047240595368 -12.306545096920765 -11.708021750958686 -11.6450754864473 -12.74207176516951 -12.592595513366458 -9.858669061845148 -9.283200440468189 -5.17749573297911 -7.383576208253118 -5.450697397719452 -11.177929426757231 -9.944547135461232 -12.884657924593885 -12.091610362408495 -9.349938469313319 -11.247270393212235 -10.445073493465014 -12.300366818029627 -11.699454183652325 -8.485586688003046 -12.638086164395776 -11.095854404215544 -12.00474615363138 -12.905609833434786 -12.935149197212963 -12.731044639333343 -11.85035110704824
3.6072144288577155 -10.48547740903178 -12.236587303135238 -11.61617819285393 -11.558387145394136 -12.694196557109745 -12.536068301772154 -9.714600763904297 -9.095017707860826 -4.887976462259103 -7.17712154776267 -5.235011424764803 -11.067788385974346 -9.80367377314565 -12.821127257833488 -12.006770983348495 -9.169089182282281 -11.139641918128634 -10.315225164219903 -12.229816640515363 -11.606967108629256 -8.301366496587104 -12.584062823879076 -10.987813407060365 -11.92444414253151 -12.888630581296583 -12.904155597765941 -12.723396045094669 -11.774280610681434
3.6673346693386772 -10.360441564059784 -12.166369743246879 -11.52414039751628 -11.471815340747487 -12.646038660046877 -12.479259057853547 -9.57050578410228 -8.906974063208626 -4.599382536229071 -6.972999492144414 -5.022994419901131 -10.957457028693504 -9.662834280485399 -12.757336131603171 -11.921784664277883 -8.988323175699719 -11.03186488573831 -10.185351671396425 -12.159007577650147 -11.514269511366848 -8.117210717203118 -12.529769868980019 -10.879803118923501 -11.84400511115399 -12.871415562401685 -12.872901385607507 -12.715534706379115 -11.698424716729239
3.727454909819639 -10.235461467702134 -12.09595977819042 -11.431988535047974 -11.385427237150907 -12.597651192665094 -12.422226610255382 -9.42649183488576 -8.719198104054957 -4.311887402932995 -6.771326386925072 -4.814673527931163 -10.847026275815399 -9.522134474224625 -12.693347821951832 -11.836727519780592 -8.807766410994173 -10.92402863556172 -10.055552159379904 -12.088007375268965 -11.421442132220054 -7.93324748300682 -12.475264510882553 -10.771908542162567 -11.763501596496582 -12.853997293051743 -12.84142833079981 -12.70748727671016 -11.622840717477612
3.787575150300601 -10.110628273519087 -12.025421337418667 -11.339798535344592 -11.299285498490601 -12.549084587377948 -12.36502683010455 -9.282660648323724 -8.531811099839395 -4.025653544110901 -6.572201611300663 -4.610057273874379 -10.73658227612886 -9.381674132493746 -12.629222374824948 -11.751671512186796 -8.627537791470996 -10.816217714816998 -9.925920171637674 -12.016880327071373 -11.328561487863062 -7.749597821682368 -12.420601049452689 -10.664209557155573 -11.683002102367972 -12.836406381137147 -12.809775967712119 -12.699278684751627 -11.54758161951019
3.847695390781563 -9.985996151101446 -11.954794084331386 -11.247616971922323 -11.213424552022584 -12.500370128003926 -12.307694445843449 -9.139072654277467 -8.34488306739889 -3.7407691830838656 -6.375662489360536 -4.409090895639562 -10.626177656587192 -9.241512370966664 -12.564997049729858 -11.666660776923738 -8.447706636657035 -10.708483671668157 -9.796511161162371 -11.94566632307156 -11.235674609527884 -7.566332438498851 -12.365813199721334 -10.556752835294194 -11.602548341019006 -12.818661274863013 -12.777968521984471 -12.690923767938498 -11.47267463198224
3.9078156312625247 -9.861620972398892 -11.88411890807119 -11.155491803461342 -11.127880060842816 -12.451540142852728 -12.250265312838824 -8.99579024430593 -8.158486600517154 -3.457326284418836 -6.1817423869811705 -4.211717194278894 -10.515866660731163 -9.101710127931696 -12.500710267827603 -11.581740672010483 -8.268344758940788 -10.600879582216665 -9.667382340123467 -11.874406483517372 -11.1428299415328 -7.383524605082492 -12.31093575827245 -10.44958644579662 -11.522183193758249 -12.800781039499538 -12.746031051103584 -12.682437808140355 -11.398148078191568
3.967935871743487 -9.737532716875226 -11.81341968297545 -11.063450392838607 -11.042668171185177 -12.402613586386071 -12.192760487959635 -8.852846865524093 -7.972658437301838 -3.1753652345058496 -5.990431725241052 -4.0178378180252885 -10.40567998455564 -8.962299879752823 -12.436384490048546 -11.49693706802718 -8.089489252436667 -10.493435368599469 -9.538564255324165 -11.803124816125159 -11.05005523067037 -7.201212339963092 -12.255989127628002 -10.342735294288126 -11.441930802668505 -12.7827763806407 -12.713977994422672 -12.673829209142367 -11.324012595503543
4.028056112224449 -9.613762577302545 -11.742721135141121 -10.97152105815626 -10.957806058266222 -12.353610171833278 -12.135201828237552 -8.710277351806923 -7.787437188451687 -2.8949293495237454 -5.801718173999841 -3.8273549439479946 -10.295649429755873 -8.823315402302349 -12.372042993871563 -11.412276689032367 -7.911179003703907 -10.386182006629115 -9.410088709550166 -11.731846182708807 -10.957379193535477 -7.019435498690569 -12.20099448490112 -10.236225325376012 -11.361816139411065 -12.76465852614338 -12.68182443746676 -12.665106789572798 -11.250279838118615
4.0881763527054105 -9.490329619970268 -11.672040011293827 -10.87972243775683 -10.873301923602341 -12.30454338908972 -12.077604278303635 -8.568102977499265 -7.602844752107636 -2.616038177714109 -5.615568359701086 -3.6401533172276532 -10.185795724435042 -8.684777136259697 -12.30770158438012 -11.327777102097045 -7.733436693555486 -10.279139587055893 -9.281975020856397 -11.660587418652462 -10.864820816192893 -6.838217477230906 -12.145966289411483 -10.130071666085172 -11.281855384670294 -12.746434892193948 -12.649580573205482 -12.656276256497064 -11.17695343202703
4.148296593186372 -9.367237072549148 -11.601382595031744 -10.788060510071222 -10.789152302340224 -12.255418545571466 -12.019973700509272 -8.42632728148087 -7.418881127080077 -2.33868021033411 -5.431923891381825 -3.456096853830427 -10.076125095173662 -8.546688127369396 -12.243366266972437 -11.243443938903692 -7.556263763431012 -10.172313974793548 -9.154226199062077 -11.589354835270065 -10.77238634861395 -6.657560083599101 -12.090910181824057 -10.024275373094618 -11.202053265459426 -12.728107912126914 -12.617250170065029 -12.647339279847499 -11.104026591511857
4.208416833667335 -9.244486734337816 -11.530754208410006 -10.696540058516035 -10.705352918881967 -12.206240268332103 -11.962315163762156 -8.284952203217266 -7.235544476024813 -2.0628417636002387 -5.250722515214754 -3.2750502418809755 -9.966642394634253 -8.409049844935751 -12.17904216424084 -11.159281702221524 -7.379659838293328 -10.065709689058549 -9.026843789780852 -11.518153774919249 -10.680080835314758 -6.477463275154012 -12.035831039783513 -9.918836271629452 -11.122413445165122 -12.709679712678914 -12.58483653067257 -12.63829731238628 -11.031491963192988
4.268537074148297 -9.122073947078722 -11.460155870474171 -10.605160654766443 -10.621894936606768 -12.15700985883668 -11.90463002205787 -8.14397244312434 -7.052824111977589 -1.7884969546084966 -5.071891753888238 -3.096872707331538 -9.857346497669585 -8.271856670667791 -12.11473037979011 -11.07528999462642 -7.203615931975175 -9.959325397486792 -8.89982269421786 -11.446985250986632 -10.587904071547367 -6.297918247501979 -11.980730141922447 -9.813748499661923 -11.04293490037156 -12.691150479982587 -12.552340396628006 -12.629150266796321 -10.959338246460977
4.328657314629258 -8.999987392451914 -11.389584145098866 -10.513916486350947 -10.538764835574987 -12.107725167721206 -11.84691577687623 -8.003375229105504 -6.870700206865461 -1.5156073475308345 -4.895349388934278 -2.921418593466075 -9.748230099167927 -8.135095684733237 -12.050427855442038 -10.99146336890944 -7.02811416111593 -9.853153727446864 -8.773150960804195 -11.375845795081023 -10.495850426549005 -6.11890713848668 -11.925605036969031 -9.709000347669257 -10.963611778964761 -12.672518393258725 -12.519759853703414 -12.619896471086081 -10.887550099444265
4.38877755511022 -8.878211419984225 -11.319032666141098 -10.422798204379262 -10.45594616783438 -12.058381792637078 -11.789167403153922 -7.863142921675897 -6.689147027290296 -1.244126627464353 -4.721007308512704 -2.748541192968602 -9.63928182941234 -7.998749225582017 -11.986128801370175 -10.90779307445403 -6.853130877226327 -9.747183345209327 -8.646812183315511 -11.304728990983612 -10.403910700716796 -5.940406209142317 -11.870450833086643 -9.60457633834368 -10.884435078748762 -12.6537803692654 -12.487091281064318 -12.610533277845713 -10.81610973144695
4.448897795591182 -8.756705790649928 -11.248478698264854 -10.331776746410029 -10.373404548048821 -12.008962470889593 -11.73136561728926 -7.723230283607157 -6.50810468479305 -0.9739604571716347 -4.5487451042471605 -2.5780665132453637 -9.530467685070622 -7.862772701602964 -11.921812094155843 -10.824251896084213 -6.678609288957908 -9.641380800222324 -8.520764635565499 -11.233611960100749 -10.312055833677451 -5.762357988166027 -11.815248817581452 -9.500439316150917 -10.805378088284918 -12.634925567921902 -12.45432098281359 -12.601051834884823 -10.744983434685835
4.509018036072144 -8.63549795667085 -11.17794428859387 -10.240876996165333 -10.291156094019609 -11.959485310566293 -11.673530233476672 -7.583668009860683 -6.327607786932905 -0.7051495094215126 -4.378533489619496 -2.4099153821757677 -9.421815566073601 -7.7271957093892 -11.857498614824575 -10.74086323632119 -6.504584133393749 -9.535773216868611 -8.3950363259504 -11.162516857318554 -10.220311075042012 -5.584798100632007 -11.760018222658886 -9.396612103253368 -10.726462726817871 -12.615964934535311 -12.421463238616964 -12.591460896215574 -10.674183033486422
4.569138276553106 -8.514541008278833 -11.107402121504286 -10.150064394884772 -10.209162021031073 -11.909929517404603 -11.615638008143954 -7.444403361266413 -6.147587386519344 -0.4375876210844636 -4.210244953201698 -2.243915607036303 -9.313285151812451 -7.591966376536167 -11.793162969162918 -10.657594768003158 -6.330989757272551 -9.430321007698533 -8.269578672856142 -11.09141619640969 -10.128641810536543 -5.407660030258725 -11.7047365161765 -9.29305178771168 -10.647657413539129 -12.596885675206869 -12.388501689371088 -12.581750116329056 -10.603671215788513
4.629258517034068 -8.39381092638309 -11.036839954040527 -10.059322560170916 -10.127400827309199 -11.860286220766394 -11.557678862439591 -7.305409263182866 -5.968006557330625 -0.17121481121787507 -4.043784225420026 -2.079931101475253 -9.204856969439803 -7.457057940042468 -11.728793908246857 -10.574431249938964 -6.1577914924153205 -9.325005012133241 -8.144366681702593 -11.020297648099806 -10.037031714535765 -5.2309087608139215 -11.649393953296325 -9.189735809000226 -10.56894699624209 -12.577682416352117 -12.355429449236278 -12.571915181983664 -10.533426378271447
4.68937875751503 -8.273288046371103 -10.966248339148521 -9.968638499145825 -10.04585448816993 -11.81054878092846 -11.499645166028838 -7.1666635182168035 -5.788834553180653 0.09401960128170916 -3.879063395280262 -1.9178369116479064 -9.096515434126442 -7.322448428134297 -11.664382813101064 -10.491360643996057 -5.984960620813446 -9.219809896319083 -8.019379851191069 -10.949151694399593 -9.945467864427435 -5.05451531383633 -11.593983175341513 -9.086645531066413 -10.490319414988214 -12.55835123744413 -12.322241442450606 -12.561952986227992 -10.463430196094805
4.749498997995992 -8.152948183315498 -10.895614735077341 -9.877995519717508 -9.964501886434647 -11.760708138527782 -11.441526593653144 -7.028138845386024 -5.610034426471255 0.35817456442859896 -3.7159904809552198 -1.7575076750684668 -8.988240709340644 -7.1881109427456416 -11.599918171403207 -10.408367477102047 -5.812462374881122 -9.114716198482318 -7.8945930316711355 -10.877965705031656 -9.853933600455438 -4.878444537746862 -11.538494221691344 -8.983758401087787 -10.411759327494767 -12.53888682634411 -12.288930735403428 -12.551859340536298 -10.393661731597295
4.809619238476953 -8.032769884361812 -10.824928317767348 -9.787379026695024 -9.883324153020414 -11.71075660469631 -11.383314321851632 -6.889811022244202 -5.4315731393042554 0.6213029881400063 -3.5544790170140135 -1.59882682474738 -8.880015365386804 -7.054021601666282 -11.535390087265462 -10.325438267174214 -5.640265740279997 -9.009706834993219 -7.769983895378925 -10.80672877700696 -9.762414364623915 -4.702665084274766 -11.482918598533054 -8.881054350394209 -10.333253316778777 -12.519284781744718 -12.255491516546558 -12.541630820098016 -10.324102206425199
4.869739478957916 -7.912733472695894 -10.754179348880584 -9.696775761876193 -9.802303938700394 -11.660687358218187 -11.325000475270581 -6.751657814274746 -5.253420227702694 0.8834536804122068 -3.3944468356276576 -1.4416851238749504 -8.771823509783314 -6.92015848994242 -11.470789687225562 -10.242560807411333 -5.468342163804067 -8.90476624757312 -7.6455319514836795 -10.735431099204806 -9.670896936410784 -4.527148095338429 -11.427248740558742 -8.77851494216582 -10.254789202166226 -12.499541295237007 -12.221918694042413 -12.531264502928588 -10.254734335969058
4.929859719438878 -7.792818289960426 -10.683357344225222 -9.606171601461586 -9.721423372228966 -11.61049299777746 -11.266576526181495 -6.6136558789651465 -5.075543950758643 1.1446768045661821 -3.2358126090781343 -1.2859770127388468 -8.663648257015197 -6.786498642301261 -11.406107402723713 -10.159722106296904 -5.296661821501473 -8.799877932372054 -7.521215705501785 -10.664062110606505 -9.579367213747805 -4.351863404786762 -11.371476459234966 -8.67612093702764 -10.176354060581332 -12.479652265162178 -12.188206753271194 -12.52075725779864 -10.185540497806382
4.98997995991984 -7.673007560219354 -10.612454309588788 -9.515555449697235 -9.640667616030854 -11.560168089736447 -11.208036116965285 -6.47578623095277 -4.897918074741252 1.4050143527813193 -3.0785020488233523 -1.1316064723839179 -8.555476206789276 -6.653023363126568 -11.341336001169157 -10.076912022264192 -5.125200198936152 -8.695028808234236 -7.397017669146564 -10.592613754371936 -9.48781413784534 -4.176786238913905 -11.315595676730865 -8.573856572040572 -10.09793771377316 -12.459614833056312 -12.154351754309756 -12.51010696813015 -10.116505892928842
5.050100200400801 -7.553282350433328 -10.541460726285443 -9.42491441011386 -9.560020421526456 -11.509706000453068 -11.149371554879473 -6.338027458319725 -4.720513442015424 1.6645120399487974 -2.9224402868539197 -0.9784792992040212 -8.447291892977155 -6.5197116197691365 -11.27646682345847 -9.994118752890692 -4.9539299173090185 -8.590203799610093 -7.272918139246176 -10.521076440926258 -9.39622482692478 -4.001888894943093 -11.259599029226841 -8.471704238910629 -10.019528397740682 -12.439425458678047 -12.120348839941355 -12.499310992071562 -10.047614575568407
