web/models/kne/56/mosfit_kn_0.062996_0.0613_0.5000.dat
# %ECSV 1.0
# ---
# datatype:
# - {name: time, datatype: float64}
# - {name: PS1_g, datatype: float64}
# - {name: PS1_i, datatype: float64}
# - {name: PS1_r, datatype: float64}
# - {name: PS1_w, datatype: float64}
# - {name: PS1_y, datatype: float64}
# - {name: PS1_z, datatype: float64}
# - {name: swift_uvot_B, datatype: float64}
# - {name: swift_uvot_U, datatype: float64}
# - {name: swift_uvot_uvm2, datatype: float64}
# - {name: swift_uvot_uvw1, datatype: float64}
# - {name: swift_uvot_uvw2, datatype: float64}
# - {name: swift_uvot_V, datatype: float64}
# - {name: johnson_B, datatype: float64}
# - {name: johnson_I, datatype: float64}
# - {name: johnson_R, datatype: float64}
# - {name: johnson_U, datatype: float64}
# - {name: johnson_V, datatype: float64}
# - {name: sdss_g, datatype: float64}
# - {name: sdss_i, datatype: float64}
# - {name: sdss_r, datatype: float64}
# - {name: sdss_u, datatype: float64}
# - {name: sdss_z, datatype: float64}
# - {name: ATLAS_c, datatype: float64}
# - {name: ATLAS_o, datatype: float64}
# - {name: ukirt_H, datatype: float64}
# - {name: ukirt_J, datatype: float64}
# - {name: ukirt_K, datatype: float64}
# - {name: Clear, datatype: float64}
# meta: !!omap
# - comment: [kappa = 0.5, type = rprocess, mass = 0.06299605249512866, velocity = 0.061333333333333344, theta_obs = 0.0, tfloor = 1000.0]
# schema: astropy-2.0
time PS1_g PS1_i PS1_r PS1_w PS1_y PS1_z swift_uvot_B swift_uvot_U swift_uvot_uvm2 swift_uvot_uvw1 swift_uvot_uvw2 swift_uvot_V johnson_B johnson_I johnson_R johnson_U johnson_V sdss_g sdss_i sdss_r sdss_u sdss_z ATLAS_c ATLAS_o ukirt_H ukirt_J ukirt_K Clear
[from data line 429]
25.851703406813627 6.694201480105768 -2.187627333093527 1.2874434449443228 -0.6804803665596637 -5.710817381618778 -4.2931414167716575 10.234108056670255 16.893052154565158 30.78164745859434 12.858634686639725 15.371651193119376 4.653718172976553 9.030170739704047 -3.74114063951546 -0.7711078727904777 15.862050975313416 3.6986958378078 7.506741581420204 -2.106371380980523 1.5159321044407648 17.394157684739984 -4.866569028793641 3.2665200146869644 -1.1858925099228124 -10.659804759534273 -8.510315464044583 -12.020093440007445 -2.966374410321002
25.91182364729459 6.698185949770021 -2.183642863429256 1.291427914608576 -0.6764958968953927 -5.706832911954525 -4.2891569471073865 10.238092526334508 16.89703662422943 30.7856319282586 12.862619156303978 15.37563566278363 4.657702642640806 9.034155209368318 -3.7371561698512066 -0.7671234031262066 15.866035444977669 3.702680307472053 7.510726051084475 -2.1023869113162696 1.519916574105018 17.398142154404255 -4.862584559129388 3.2705044843512354 -1.1819080402585591 -10.65582028987002 -8.50633099438033 -12.016108970343192 -2.962389940656749
25.97194388777555 6.7021590042568135 -2.1796698089424638 1.2954009690953683 -0.6725228424086005 -5.7028598574677325 -4.285183892620594 10.2420655808213 16.90100967871622 30.78960498274539 12.86659221079077 15.379608717270422 4.661675697127598 9.03812826385511 -3.7331831153644144 -0.7631503486394144 15.870008499464461 3.7066533619588453 7.5146991055712675 -2.0984138568294775 1.5238896285918102 17.402115208891047 -4.858611504642596 3.2744775388380276 -1.177934985771767 -10.651847235383228 -8.502357939893537 -12.0121359158564 -2.9584168861699567
26.03206412825651 6.706120709929859 -2.175708103269418 1.2993626747684317 -0.6685611367355548 -5.698898151794669 -4.281222186947549 10.246027286494346 16.904971384389267 30.793566688418434 12.870553916463816 15.383570422943468 4.6656374028006615 9.042089969528156 -3.7292214096913687 -0.7591886429663688 15.873970205137525 3.7106150676319087 7.518660811244313 -2.094452151156432 1.5278513342648559 17.406076914564093 -4.85464979896955 3.2784392445110733 -1.1739732800987213 -10.647885529710164 -8.498396234220474 -12.008174210183354 -2.954455180496911
26.092184368737474 6.71007113919778 -2.1717576740015154 1.3033131040363344 -0.6646107074676522 -5.694947722526766 -4.277271757679646 10.249977715762249 16.90892181365717 30.797517117686336 12.874504345731719 15.38752085221137 4.669587832068564 9.046040398796059 -3.725270980423466 -0.7552382136984661 15.877920634405427 3.7145654968998114 7.522611240512216 -2.0905017218885114 1.5318017635327585 17.410027343831995 -4.85069936970163 3.282389673778976 -1.1700228508308008 -10.643935100442262 -8.494445804952571 -12.004223780915433 -2.9505047512289906
26.152304609218437 6.714010361745988 -2.1678184514532894 1.3072523265845426 -0.6606714849194262 -5.691008499978558 -4.27333253513142 10.253916938310475 16.912861036205395 30.801456340234555 12.878443568279945 15.391460074759596 4.673527054616772 9.049979621344285 -3.72133175787524 -0.7512989911502401 15.881859856953636 3.7185047194480196 7.526550463060424 -2.086562499340303 1.5357409860809845 17.41396656638022 -4.846760147153422 3.286328896327202 -1.1660836282825926 -10.639995877894053 -8.490506582404363 -12.000284558367225 -2.9465655286807824
26.2124248496994 6.717938437480662 -2.1638903757186156 1.3111804023192164 -0.6567434091847701 -5.687080424243884 -4.269404459396746 10.257845014045149 16.91678911194005 30.805384415969232 12.882371644014619 15.39538815049427 4.677455130351446 9.053907697078959 -3.7174036821405663 -0.7473709154155841 15.88578793268831 3.7224327951826934 7.530478538795098 -2.0826344236056293 1.5396690618156583 17.417894642114877 -4.842832071418748 3.290256972061858 -1.1621555525479188 -10.63606780215938 -8.486578506669689 -11.996356482632551 -2.9426374529461086
26.27254509018036 6.721855432723167 -2.159973380476128 1.315097397561722 -0.6528264139422646 -5.683163429001379 -4.265487464154258 10.261762009287636 16.920706107182557 30.809301411211724 12.886288639257106 15.399305145736758 4.681372125593952 9.057824692321446 -3.7134866868980785 -0.7434539201730785 15.889704927930815 3.726349790425199 7.534395534037603 -2.078717428363124 1.543586057058146 17.421811637357383 -4.838915076176242 3.2941739673043635 -1.158238557305431 -10.632150806916874 -8.482661511427183 -11.992439487390046 -2.938720457703603
26.33266533066132 6.725761412868305 -2.156067400330972 1.31900337770686 -0.6489204337971266 -5.679257448856241 -4.261581484009103 10.265667989432792 16.924612087327695 30.813207391356872 12.890194619402262 15.403211125881914 4.68527810573909 9.061730672466584 -3.7095807067529227 -0.7395479400279406 15.893610908075953 3.730255770570337 7.538301514182741 -2.074811448217986 1.5474920372033019 17.42571761750252 -4.835009096031104 3.2980799474495015 -1.1543325771602753 -10.628244826771736 -8.478755531282046 -11.988533507244908 -2.934814477558465
26.392785571142284 6.729656442189302 -2.1521723710099927 1.322898407027857 -0.6450254044761294 -5.675362419535244 -4.257686454688123 10.269563018753772 16.928507116648692 30.817102420677873 12.89408964872326 15.40710615520291 4.689173135060087 9.065625701787582 -3.7056856774319256 -0.7356529107069434 15.89750593739695 3.734150799891334 7.542196543503739 -2.0709164188969886 1.551387066524299 17.429612646823518 -4.831114066710107 3.3019749767704987 -1.150437547839278 -10.624349797450739 -8.474860501961048 -11.98463847792391 -2.930919448237468
26.452905811623246 6.733540574088188 -2.148288239111089 1.326782538926743 -0.6411412725772259 -5.671478287636358 -4.25380232278922 10.273447150652675 16.932391248547596 30.82098655257676 12.897973780622145 15.410990287101797 4.693057266958973 9.069509833686485 -3.7018015455330398 -0.7317687788080398 15.901390069295836 3.73803493179022 7.546080675402624 -2.067032286998103 1.5552711984231848 17.43349677872242 -4.827229934811221 3.3058591086694022 -1.1465534159403923 -10.620465665551853 -8.470976370062163 -11.980754346025025 -2.927035316338582
26.51302605210421 6.737413880089207 -2.144414933110088 1.3306558449277617 -0.6372679665762249 -5.667604981635339 -4.249929016788219 10.277320456653676 16.936264554548597 30.824859858577764 12.901847086623146 15.414863593102798 4.6969305729599915 9.073383139687486 -3.6979282395320388 -0.7278954728070388 15.905263375296855 3.7419082377912387 7.549953981403643 -2.063158980997084 1.5591445044241858 17.437370084723423 -4.8233566288102026 3.3097324146704032 -1.1426801099393735 -10.616592359550834 -8.467103064061144 -11.976881040024006 -2.9231620103375633
26.573146292585168 6.741276426524934 -2.1405523866743437 1.3345183913635061 -0.6334054201404804 -5.663742435199595 -4.246066470352474 10.28118300308942 16.94012710098434 30.82872240501351 12.90570963305889 15.418726139538542 4.700793119395736 9.07724568612323 -3.6940656930962943 -0.7240329263712943 15.909125921732599 3.745770784226983 7.553816527839388 -2.0592964345613574 1.5630070508599303 17.441232631159167 -4.819494082374458 3.3135949611061477 -1.1388175635036468 -10.61272981311509 -8.4632405176254 -11.973018493588262 -2.919299463901819
26.63326653306613 6.7451282735404305 -2.1367005396588645 1.3383702383789853 -0.6295535731250013 -5.6598905881841155 -4.242214623336995 10.285034850104918 16.94397894799982 30.832574252028994 12.909561480074387 15.422577986554039 4.704644966411215 9.08109753313871 -3.6902138460807974 -0.7201810793558152 15.912977768748078 3.7496226312424623 7.557668374854867 -2.0554445875458605 1.5668588978754272 17.445084478174646 -4.815642235358979 3.317446808121627 -1.13496571648815 -10.60887796609961 -8.45938867060992 -11.969166646572782 -2.9154476168863397
26.693386773547093 6.748969475953803 -2.132859337245474 1.342211440792358 -0.6257123707116286 -5.656049385770743 -4.238373420923605 10.28887605251829 16.947820150413193 30.83641545444237 12.91340268248776 15.426419188967412 4.708486168824588 9.0849387355521 -3.6863726436674247 -0.7163398769424247 15.916818971161451 3.753463833655835 7.5615095772682395 -2.0516033851324877 1.5707001002888 17.44892568058802 -4.811801032945606 3.3212880105349996 -1.1311245140747772 -10.605036763686238 -8.455547468196547 -11.96532544415941 -2.911606414472967
26.753507014028056 6.752800101886791 -2.129028711312486 1.3460420667253459 -0.6218817447786229 -5.652218759837755 -4.234542794990617 10.292706678451278 16.9516507763462 30.84024608037537 12.917233308420748 15.4302498149004 4.712316794757576 9.088769361485088 -3.682542017734437 -0.7125092510094369 15.920649597094439 3.7572944595888407 7.565340203201245 -2.0477727591995 1.5745307262217878 17.452756306521024 -4.807970407012618 3.325118636468005 -1.1272938881417893 -10.60120613775325 -8.45171684226356 -11.961494818226422 -2.907775788539979
26.81362725450902 6.756620208964659 -2.1252086042346185 1.3498621738032135 -0.618061637700773 -5.648398652759887 -4.230722687912749 10.296526785529146 16.95547088342405 30.844066187453226 12.921053415498616 15.434069921978267 4.716136901835443 9.092589468562938 -3.678721910656569 -0.708689143931587 15.924469704172306 3.7611145666666905 7.569160310279095 -2.0439526521216322 1.5783508332996554 17.456576413598874 -4.804150299934751 3.328938743545855 -1.1234737810639217 -10.597386030675382 -8.447896735185692 -11.957674711148554 -2.9039556814621115
26.873747494989978 6.760429856624093 -2.1213989565751845 1.3536718214626653 -0.6142519900413212 -5.644589005100453 -4.226913040253315 10.30033643318858 16.9592805310835 30.84787583511267 12.92486306315805 15.437879569637701 4.719946549494877 9.09639911622239 -3.674912262997135 -0.7048794962721352 15.92827935183174 3.7649242143261423 7.572969957938547 -2.040143004462198 1.5821604809590895 17.460386061258326 -4.800340652275317 3.332748391205307 -1.1196641334044877 -10.59357638301593 -8.444087087526258 -11.95386506348912 -2.9001460338026774
26.93386773547094 6.764229098894514 -2.117599714304781 1.357471063733069 -0.6104527477709176 -5.640789762830032 -4.223113797982911 10.304135675458983 16.963079773353904 30.85167507738308 12.928662305428471 15.441678811908123 4.723745791765299 9.100198358492793 -3.6711130207267137 -0.7010802540017316 15.932078594102162 3.768723456596546 7.57676920020895 -2.036343762191777 1.5859597232295108 17.46418530352873 -4.796541410004895 3.3365476334757105 -1.1158648911340663 -10.589777140745527 -8.440287845255837 -11.950065821218699 -2.896346791532256
26.993987975951903 6.768018002568947 -2.11381081063033 1.3612599674075199 -0.6066638440964667 -5.637000859155599 -4.2193248943084605 10.307924579133434 16.966868677028355 30.85546398105752 12.932451209102904 15.445467715582556 4.727534695439732 9.103987262167244 -3.6673241170522806 -0.6972913503272806 15.935867497776613 3.772512360270997 7.580558103883401 -2.0325548585173436 1.589748626903944 17.46797420720318 -4.792752506330462 3.3403365371501614 -1.112075987459633 -10.585988237071076 -8.436498941581386 -11.946276917544266 -2.892557887857823
27.054108216432866 6.771796628124296 -2.1100321850749815 1.3650385929628506 -0.6028852185411182 -5.63322223360025 -4.215546268753112 10.311703204688783 16.970647302583703 30.859242606612863 12.936229834658253 15.449246341137904 4.73131332099508 9.107765887722593 -3.663545491496932 -0.6935127247719322 15.939646123331944 3.7762909858263276 7.584336729438732 -2.028776232961995 1.5935272524592925 17.47175283275853 -4.788973880775114 3.34411516270551 -1.1082973619042846 -10.582209611515745 -8.432720316026055 -11.942498291988917 -2.8887792623024744
27.11422845691383 6.775565029549924 -2.1062637836493536 1.3688069943884784 -0.5991168171155081 -5.629453832174622 -4.211777867327484 10.31547160611441 16.974415704009314 30.863011008038487 12.93999823608388 15.453014742563532 4.735081722420708 9.11153428914822 -3.6597770900713043 -0.6897443233463043 15.943414524757571 3.7800593872519554 7.58810513086436 -2.0250078315363673 1.5972956538849203 17.47552123418414 -4.785205479349486 3.34788356413112 -1.1045289604786568 -10.578441210090118 -8.428951914600427 -11.93872989056329 -2.8850108608768466
27.174348697394787 6.77932326357519 -2.102505549624105 1.3725652284137446 -0.5953585830902419 -5.625695598149356 -4.208019633302236 10.31922984013966 16.97817393803458 30.866769242063757 12.943756470109147 15.456772976588798 4.738839956445974 9.11529252317347 -3.656018856046056 -0.6859860893210559 15.947172758782838 3.7838176212772217 7.591863364889626 -2.021249597511101 1.6010538879101865 17.479279468209405 -4.78144724532422 3.351641798156386 -1.1007707264533906 -10.574682976064851 -8.42519368057516 -11.934971656538023 -2.8812526268515803
27.23446893787575 6.783071391789921 -2.0987574214093563 1.3763133566284935 -0.591610454875493 -5.621947469934607 -4.204271505087487 10.322977968354408 16.98192206624933 30.870517370278495 12.947504598323878 15.46052110480353 4.742588084660723 9.119040651388218 -3.652270727831307 -0.682237961106307 15.950920886997586 3.7875657494919706 7.595611493104375 -2.01750146929637 1.6048020161249177 17.483027596424154 -4.7776991171094885 3.355389926371135 -1.0970225982386594 -10.570934847850102 -8.421445552360412 -11.931223528323292 -2.8775044986368314
27.294589178356713 6.786809466219399 -2.0950193469798783 1.3800514310579715 -0.5878723804460151 -5.618209395505147 -4.200533430658009 10.326716042783886 16.985660140678807 30.874255444707973 12.951242672753356 15.464259179233007 4.7463261590901835 9.122778725817696 -3.648532653401829 -0.678499886676829 15.954658961427047 3.7913038239214485 7.599349567533853 -2.013763394866892 1.6085400905543956 17.486765670853632 -4.7739610426800105 3.359128000800613 -1.0932845238091815 -10.567196773420624 -8.417707477930934 -11.927485453893814 -2.8737664242073713
27.354709418837675 6.790537544273612 -2.0912912689256657 1.383779509112184 -0.5841443023918025 -5.614481317450917 -4.196805352603796 10.330444120838099 16.98938821873302 30.87798352276219 12.954970750807568 15.46798725728722 4.750054237144414 9.126506803871909 -3.6448045753476164 -0.6747718086226164 15.958387039481277 3.795031901975661 7.6030776455880655 -2.0100353168126617 1.6122681686086082 17.490493748907845 -4.77023296462578 3.3628560788548256 -1.089556445754969 -10.563468695366412 -8.413979399876721 -11.923757375839584 -2.870038346153141
27.414829659318634 6.794255676487904 -2.0875731367113737 1.3874976413264761 -0.5804261701775104 -5.610763185236625 -4.193087220389504 10.33416225305239 16.99310635094731 30.881701654976478 12.95868888302186 15.471705389501512 4.753772369358706 9.1302249360862 -3.6410864431333243 -0.6710536764083244 15.962105171695569 3.798750034189953 7.606795777802358 -2.0063171845983696 1.6159863008229003 17.494211881122137 -4.766514832411488 3.3665742110691177 -1.0858383135406768 -10.55975056315212 -8.41026126766243 -11.920039243625292 -2.866320213938849
27.474949899799597 6.7979639259724145 -2.0838648872268806 1.3912058908109692 -0.5767179206930173 -5.6070549357521315 -4.189378970905011 10.337870502536884 16.996814600431804 30.885409904460982 12.962397132506371 15.475413638986005 4.757480618843199 9.133933185570694 -3.637378193648831 -0.6673454269238313 15.965813421180062 3.8024582836744463 7.610504027286851 -2.0026089351138765 1.6196945503074112 17.49792013060663 -4.762806582926995 3.370282460553611 -1.082130064056166 -10.556042313667627 -8.406553018177936 -11.916330994140798 -2.8626119644543557
