web/models/grb/onaxis/10/grb_0.0000_71.9686_0.0025119.dat
# %ECSV 1.0
# ---
# datatype:
# - {name: time, datatype: float64}
# - {name: swift_uvot_uvw2, datatype: float64}
# - {name: swift_uvot_uvm2, datatype: float64}
# - {name: swift_uvot_uvw1, datatype: float64}
# - {name: swift_uvot_U, datatype: float64}
# - {name: swift_uvot_B, datatype: float64}
# - {name: swift_uvot_V, datatype: float64}
# - {name: swift_uvot_W, datatype: float64}
# - {name: johnson_U, datatype: float64}
# - {name: johnson_B, datatype: float64}
# - {name: johnson_V, datatype: float64}
# - {name: johnson_R, datatype: float64}
# - {name: johnson_I, datatype: float64}
# - {name: sdss_u, datatype: float64}
# - {name: sdss_g, datatype: float64}
# - {name: sdss_r, datatype: float64}
# - {name: sdss_i, datatype: float64}
# - {name: sdss_z, datatype: float64}
# - {name: PS1_g, datatype: float64}
# - {name: PS1_r, datatype: float64}
# - {name: PS1_i, datatype: float64}
# - {name: PS1_z, datatype: float64}
# - {name: PS1_Y, datatype: float64}
# - {name: PS1_w, datatype: float64}
# - {name: ATLAS_c, datatype: float64}
# - {name: ATLAS_o, datatype: float64}
# - {name: ukirt_J, datatype: float64}
# - {name: ukirt_H, datatype: float64}
# - {name: ukirt_K, datatype: float64}
# - {name: Clear, datatype: float64}
# meta: !!omap
# - comment: [E = 0.031231838447717777, Eta0 = 8.02, GammaB = 12.0, dL = 0.012188, epsb = 6.760829753919819e-06, epse = 0.1, n = 0.0025118864315095794,
#     p = 2.15, theta_obs = 0.0, xiN = 1.0, z = 0.0, type = grb, E_kiso = 71.96856730011521]
# schema: astropy-2.0
time swift_uvot_uvw2 swift_uvot_uvm2 swift_uvot_uvw1 swift_uvot_U swift_uvot_B swift_uvot_V swift_uvot_W johnson_U johnson_B johnson_V johnson_R johnson_I sdss_u sdss_g sdss_r sdss_i sdss_z PS1_g PS1_r PS1_i PS1_z PS1_Y PS1_w ATLAS_c ATLAS_o ukirt_J ukirt_H ukirt_K Clear
[from data line 233]
2.5826 -5.623 -5.574 -5.648 -5.841 -5.984 -6.123 -5.762 -5.864 -5.986 -6.128 -6.269 -6.417 -5.859 -6.031 -6.203 -6.324 -6.434 -6.095 -6.238 -6.357 -6.456 -6.625 -6.201 -6.106 -6.258 -6.646 -6.816 -7.006 -6.291
2.6449 -5.569 -5.52 -5.594 -5.787 -5.93 -6.069 -5.708 -5.81 -5.932 -6.074 -6.214 -6.363 -5.805 -5.977 -6.149 -6.27 -6.38 -6.041 -6.184 -6.303 -6.402 -6.571 -6.147 -6.052 -6.204 -6.592 -6.762 -6.952 -6.237
2.7087 -5.515 -5.465 -5.54 -5.733 -5.876 -6.015 -5.654 -5.756 -5.878 -6.02 -6.16 -6.309 -5.751 -5.923 -6.095 -6.216 -6.326 -5.987 -6.13 -6.249 -6.348 -6.517 -6.093 -5.998 -6.15 -6.538 -6.708 -6.898 -6.183
2.7741 -5.461 -5.411 -5.486 -5.679 -5.822 -5.961 -5.6 -5.702 -5.824 -5.966 -6.106 -6.255 -5.697 -5.869 -6.041 -6.162 -6.272 -5.933 -6.075 -6.195 -6.294 -6.463 -6.039 -5.944 -6.096 -6.484 -6.654 -6.844 -6.129
2.841 -5.407 -5.357 -5.432 -5.625 -5.768 -5.907 -5.546 -5.648 -5.77 -5.912 -6.052 -6.201 -5.643 -5.815 -5.987 -6.108 -6.218 -5.879 -6.021 -6.141 -6.24 -6.409 -5.985 -5.89 -6.042 -6.43 -6.6 -6.79 -6.075
2.9095 -5.353 -5.303 -5.378 -5.571 -5.714 -5.853 -5.492 -5.594 -5.716 -5.858 -5.998 -6.147 -5.588 -5.761 -5.933 -6.054 -6.164 -5.825 -5.967 -6.087 -6.186 -6.355 -5.931 -5.835 -5.988 -6.376 -6.546 -6.736 -6.021
2.9797 -5.299 -5.249 -5.324 -5.517 -5.66 -5.799 -5.438 -5.539 -5.662 -5.804 -5.944 -6.093 -5.534 -5.707 -5.879 -6.0 -6.11 -5.771 -5.913 -6.033 -6.132 -6.3 -5.877 -5.781 -5.934 -6.322 -6.491 -6.682 -5.967
3.0516 -5.245 -5.195 -5.27 -5.463 -5.605 -5.745 -5.384 -5.485 -5.608 -5.75 -5.89 -6.039 -5.48 -5.653 -5.825 -5.946 -6.056 -5.717 -5.859 -5.979 -6.078 -6.246 -5.823 -5.727 -5.88 -6.268 -6.437 -6.628 -5.913
3.1252 -5.191 -5.141 -5.216 -5.409 -5.551 -5.691 -5.33 -5.431 -5.554 -5.696 -5.836 -5.985 -5.426 -5.599 -5.771 -5.891 -6.002 -5.663 -5.805 -5.925 -6.024 -6.192 -5.769 -5.673 -5.826 -6.214 -6.383 -6.574 -5.859
3.2006 -5.137 -5.087 -5.162 -5.355 -5.497 -5.636 -5.276 -5.377 -5.5 -5.642 -5.782 -5.931 -5.372 -5.545 -5.717 -5.837 -5.948 -5.609 -5.751 -5.871 -5.97 -6.138 -5.714 -5.619 -5.772 -6.16 -6.329 -6.52 -5.805
3.2778 -5.085 -5.036 -5.11 -5.303 -5.446 -5.585 -5.224 -5.326 -5.448 -5.59 -5.731 -5.879 -5.321 -5.493 -5.665 -5.786 -5.896 -5.557 -5.7 -5.819 -5.918 -6.087 -5.663 -5.568 -5.72 -6.108 -6.278 -6.468 -5.753
3.3569 -5.034 -4.985 -5.06 -5.253 -5.395 -5.534 -5.173 -5.275 -5.397 -5.539 -5.68 -5.828 -5.27 -5.443 -5.614 -5.735 -5.846 -5.506 -5.649 -5.769 -5.868 -6.036 -5.612 -5.517 -5.67 -6.058 -6.227 -6.417 -5.702
3.4378 -4.983 -4.934 -5.009 -5.202 -5.344 -5.483 -5.123 -5.224 -5.347 -5.488 -5.629 -5.778 -5.219 -5.392 -5.564 -5.684 -5.795 -5.455 -5.598 -5.718 -5.817 -5.985 -5.561 -5.466 -5.619 -6.007 -6.176 -6.367 -5.652
3.5208 -4.933 -4.883 -4.958 -5.151 -5.293 -5.433 -5.072 -5.173 -5.296 -5.438 -5.578 -5.727 -5.168 -5.341 -5.513 -5.633 -5.744 -5.405 -5.547 -5.667 -5.766 -5.934 -5.511 -5.415 -5.568 -5.956 -6.125 -6.316 -5.601
3.6057 -4.882 -4.832 -4.907 -5.1 -5.243 -5.382 -5.021 -5.123 -5.245 -5.387 -5.527 -5.676 -5.118 -5.29 -5.462 -5.583 -5.693 -5.354 -5.496 -5.616 -5.715 -5.884 -5.46 -5.365 -5.517 -5.905 -6.075 -6.265 -5.55
3.6927 -4.831 -4.782 -4.856 -5.049 -5.192 -5.331 -4.97 -5.072 -5.194 -5.336 -5.477 -5.625 -5.067 -5.239 -5.411 -5.532 -5.643 -5.303 -5.446 -5.565 -5.665 -5.833 -5.409 -5.314 -5.467 -5.854 -6.024 -6.214 -5.499
3.7818 -4.78 -4.731 -4.806 -4.999 -5.141 -5.28 -4.919 -5.021 -5.143 -5.285 -5.426 -5.574 -5.016 -5.189 -5.36 -5.481 -5.592 -5.252 -5.395 -5.515 -5.614 -5.782 -5.358 -5.263 -5.416 -5.804 -5.973 -6.163 -5.448
3.873 -4.729 -4.68 -4.755 -4.948 -5.09 -5.229 -4.869 -4.97 -5.093 -5.235 -5.375 -5.524 -4.965 -5.138 -5.31 -5.43 -5.541 -5.202 -5.344 -5.464 -5.563 -5.731 -5.307 -5.212 -5.365 -5.753 -5.922 -6.113 -5.398
3.9664 -4.679 -4.629 -4.704 -4.897 -5.039 -5.179 -4.818 -4.919 -5.042 -5.184 -5.324 -5.473 -4.914 -5.087 -5.259 -5.38 -5.49 -5.151 -5.293 -5.413 -5.512 -5.68 -5.257 -5.161 -5.314 -5.702 -5.871 -6.062 -5.347
4.0621 -4.628 -4.578 -4.653 -4.846 -4.989 -5.128 -4.767 -4.869 -4.991 -5.133 -5.273 -5.422 -4.864 -5.036 -5.208 -5.329 -5.439 -5.1 -5.242 -5.362 -5.461 -5.63 -5.206 -5.111 -5.263 -5.651 -5.821 -6.011 -5.296
4.1601 -4.572 -4.522 -4.597 -4.79 -4.932 -5.072 -4.711 -4.812 -4.935 -5.077 -5.217 -5.366 -4.807 -4.98 -5.152 -5.273 -5.383 -5.044 -5.186 -5.306 -5.405 -5.573 -5.15 -5.054 -5.207 -5.595 -5.764 -5.955 -5.24
4.2604 -4.515 -4.466 -4.54 -4.733 -4.876 -5.015 -4.654 -4.756 -4.878 -5.02 -5.161 -5.309 -4.751 -4.923 -5.095 -5.216 -5.326 -4.987 -5.13 -5.249 -5.348 -5.517 -5.093 -4.998 -5.15 -5.538 -5.708 -5.898 -5.183
4.3632 -4.458 -4.409 -4.484 -4.677 -4.819 -4.958 -4.597 -4.699 -4.821 -4.963 -5.104 -5.252 -4.694 -4.867 -5.038 -5.159 -5.27 -4.93 -5.073 -5.193 -5.292 -5.46 -5.036 -4.941 -5.094 -5.482 -5.651 -5.841 -5.126
4.4685 -4.402 -4.352 -4.427 -4.62 -4.762 -4.901 -4.541 -4.642 -4.765 -4.907 -5.047 -5.196 -4.637 -4.81 -4.982 -5.102 -5.213 -4.874 -5.016 -5.136 -5.235 -5.403 -4.979 -4.884 -5.037 -5.425 -5.594 -5.785 -5.07
4.5763 -4.345 -4.295 -4.37 -4.563 -4.706 -4.845 -4.484 -4.586 -4.708 -4.85 -4.99 -5.139 -4.581 -4.753 -4.925 -5.046 -5.156 -4.817 -4.959 -5.079 -5.178 -5.347 -4.923 -4.828 -4.98 -5.368 -5.538 -5.728 -5.013
4.6867 -4.288 -4.239 -4.314 -4.507 -4.649 -4.788 -4.427 -4.529 -4.651 -4.793 -4.934 -5.082 -4.524 -4.696 -4.868 -4.989 -5.1 -4.76 -4.903 -5.023 -5.122 -5.29 -4.866 -4.771 -4.924 -5.312 -5.481 -5.671 -4.956
4.7997 -4.231 -4.182 -4.257 -4.45 -4.592 -4.731 -4.371 -4.472 -4.595 -4.736 -4.877 -5.026 -4.467 -4.64 -4.812 -4.932 -5.043 -4.703 -4.846 -4.966 -5.065 -5.233 -4.809 -4.714 -4.867 -5.255 -5.424 -5.615 -4.9
4.9155 -4.175 -4.125 -4.2 -4.393 -4.535 -4.675 -4.314 -4.415 -4.538 -4.68 -4.82 -4.969 -4.41 -4.583 -4.755 -4.876 -4.986 -4.647 -4.789 -4.909 -5.008 -5.176 -4.753 -4.657 -4.81 -5.198 -5.367 -5.558 -4.843
5.0341 -4.118 -4.069 -4.143 -4.336 -4.479 -4.618 -4.257 -4.359 -4.481 -4.623 -4.764 -4.912 -4.354 -4.526 -4.698 -4.819 -4.929 -4.59 -4.733 -4.852 -4.951 -5.12 -4.696 -4.601 -4.753 -5.141 -5.311 -5.501 -4.786
5.1555 -4.061 -4.012 -4.087 -4.28 -4.422 -4.561 -4.2 -4.302 -4.424 -4.566 -4.707 -4.855 -4.297 -4.47 -4.641 -4.762 -4.873 -4.533 -4.676 -4.796 -4.895 -5.063 -4.639 -4.544 -4.697 -5.085 -5.254 -5.444 -4.729
5.2799 -4.003 -3.954 -4.029 -4.221 -4.364 -4.503 -4.142 -4.244 -4.366 -4.508 -4.649 -4.797 -4.239 -4.411 -4.583 -4.704 -4.815 -4.475 -4.618 -4.738 -4.837 -5.005 -4.581 -4.486 -4.639 -5.027 -5.196 -5.386 -4.671
5.4072 -3.945 -3.896 -3.97 -4.163 -4.306 -4.445 -4.084 -4.186 -4.308 -4.45 -4.591 -4.739 -4.181 -4.353 -4.525 -4.646 -4.756 -4.417 -4.56 -4.679 -4.778 -4.947 -4.523 -4.428 -4.58 -4.968 -5.138 -5.328 -4.613
5.5377 -3.887 -3.837 -3.912 -4.105 -4.248 -4.387 -4.026 -4.128 -4.25 -4.392 -4.532 -4.681 -4.123 -4.295 -4.467 -4.588 -4.698 -4.359 -4.502 -4.621 -4.72 -4.889 -4.465 -4.37 -4.522 -4.91 -5.08 -5.27 -4.555
5.6713 -3.829 -3.779 -3.854 -4.047 -4.19 -4.329 -3.968 -4.07 -4.192 -4.334 -4.474 -4.623 -4.064 -4.237 -4.409 -4.53 -4.64 -4.301 -4.443 -4.563 -4.662 -4.831 -4.407 -4.311 -4.464 -4.852 -5.022 -5.212 -4.497
5.8081 -3.771 -3.721 -3.796 -3.989 -4.131 -4.271 -3.91 -4.011 -4.134 -4.276 -4.416 -4.565 -4.006 -4.179 -4.351 -4.472 -4.582 -4.243 -4.385 -4.505 -4.604 -4.772 -4.349 -4.253 -4.406 -4.794 -4.963 -5.154 -4.439
5.9482 -3.713 -3.663 -3.738 -3.931 -4.073 -4.212 -3.852 -3.953 -4.076 -4.218 -4.358 -4.507 -3.948 -4.121 -4.293 -4.413 -4.524 -4.185 -4.327 -4.447 -4.546 -4.714 -4.29 -4.195 -4.348 -4.736 -4.905 -5.096 -4.381
6.0917 -3.654 -3.605 -3.68 -3.873 -4.015 -4.154 -3.794 -3.895 -4.018 -4.16 -4.3 -4.449 -3.89 -4.063 -4.235 -4.355 -4.466 -4.127 -4.269 -4.389 -4.488 -4.656 -4.232 -4.137 -4.29 -4.678 -4.847 -5.038 -4.323
6.2386 -3.596 -3.547 -3.622 -3.815 -3.957 -4.096 -3.735 -3.837 -3.96 -4.101 -4.242 -4.39 -3.832 -4.005 -4.176 -4.297 -4.408 -4.068 -4.211 -4.331 -4.43 -4.598 -4.174 -4.079 -4.232 -4.62 -4.789 -4.979 -4.264
6.3891 -3.538 -3.489 -3.564 -3.757 -3.899 -4.038 -3.677 -3.779 -3.901 -4.043 -4.184 -4.332 -3.774 -3.947 -4.118 -4.239 -4.35 -4.01 -4.153 -4.273 -4.372 -4.54 -4.116 -4.021 -4.174 -4.562 -4.731 -4.921 -4.206
6.5433 -3.48 -3.43 -3.505 -3.698 -3.84 -3.98 -3.619 -3.72 -3.843 -3.985 -4.125 -4.274 -3.715 -3.888 -4.06 -4.181 -4.291 -3.952 -4.094 -4.214 -4.313 -4.481 -4.058 -3.962 -4.115 -4.503 -4.672 -4.863 -4.148
6.7011 -3.419 -3.37 -3.445 -3.638 -3.78 -3.919 -3.558 -3.66 -3.782 -3.924 -4.065 -4.213 -3.655 -3.827 -3.999 -4.12 -4.231 -3.891 -4.034 -4.154 -4.253 -4.421 -3.997 -3.902 -4.055 -4.443 -4.612 -4.802 -4.087
6.8627 -3.359 -3.309 -3.384 -3.577 -3.719 -3.859 -3.498 -3.599 -3.722 -3.864 -4.004 -4.153 -3.594 -3.767 -3.939 -4.059 -4.17 -3.831 -3.973 -4.093 -4.192 -4.36 -3.937 -3.841 -3.994 -4.382 -4.551 -4.742 -4.027
7.0283 -3.298 -3.249 -3.324 -3.516 -3.659 -3.798 -3.437 -3.539 -3.661 -3.803 -3.944 -4.092 -3.534 -3.706 -3.878 -3.999 -4.11 -3.77 -3.913 -4.033 -4.132 -4.3 -3.876 -3.781 -3.934 -4.322 -4.491 -4.681 -3.966
7.1978 -3.238 -3.188 -3.263 -3.456 -3.598 -3.738 -3.377 -3.478 -3.601 -3.743 -3.883 -4.032 -3.473 -3.646 -3.818 -3.938 -4.049 -3.71 -3.852 -3.972 -4.071 -4.239 -3.815 -3.72 -3.873 -4.261 -4.43 -4.621 -3.906
7.3715 -3.177 -3.128 -3.202 -3.395 -3.538 -3.677 -3.316 -3.418 -3.54 -3.682 -3.823 -3.971 -3.413 -3.585 -3.757 -3.878 -3.989 -3.649 -3.792 -3.912 -4.011 -4.179 -3.755 -3.66 -3.813 -4.201 -4.37 -4.56 -3.845
7.5493 -3.117 -3.067 -3.142 -3.335 -3.477 -3.616 -3.256 -3.357 -3.48 -3.622 -3.762 -3.911 -3.352 -3.525 -3.697 -3.817 -3.928 -3.589 -3.731 -3.851 -3.95 -4.118 -3.694 -3.599 -3.752 -4.14 -4.309 -4.5 -3.785
7.7314 -3.056 -3.007 -3.081 -3.274 -3.417 -3.556 -3.195 -3.297 -3.419 -3.561 -3.702 -3.85 -3.292 -3.464 -3.636 -3.757 -3.868 -3.528 -3.671 -3.79 -3.89 -4.058 -3.634 -3.539 -3.692 -4.079 -4.249 -4.439 -3.724
7.9179 -2.996 -2.946 -3.021 -3.214 -3.356 -3.495 -3.135 -3.236 -3.359 -3.501 -3.641 -3.79 -3.231 -3.404 -3.576 -3.696 -3.807 -3.468 -3.61 -3.73 -3.829 -3.997 -3.573 -3.478 -3.631 -4.019 -4.188 -4.379 -3.664
8.1089 -2.935 -2.886 -2.96 -3.153 -3.296 -3.435 -3.074 -3.176 -3.298 -3.44 -3.581 -3.729 -3.171 -3.343 -3.515 -3.636 -3.747 -3.407 -3.55 -3.669 -3.768 -3.937 -3.513 -3.418 -3.57 -3.958 -4.128 -4.318 -3.603
8.3045 -2.875 -2.826 -2.901 -3.094 -3.236 -3.375 -3.014 -3.116 -3.238 -3.38 -3.521 -3.669 -3.111 -3.284 -3.455 -3.576 -3.687 -3.347 -3.49 -3.61 -3.709 -3.877 -3.453 -3.358 -3.511 -3.899 -4.068 -4.258 -3.543
8.5049 -2.817 -2.767 -2.842 -3.035 -3.178 -3.317 -2.956 -3.058 -3.18 -3.322 -3.462 -3.611 -3.053 -3.225 -3.397 -3.518 -3.628 -3.289 -3.432 -3.551 -3.65 -3.819 -3.395 -3.3 -3.452 -3.84 -4.01 -4.2 -3.485
8.71 -2.759 -2.709 -2.784 -2.977 -3.119 -3.258 -2.898 -2.999 -3.122 -3.264 -3.404 -3.553 -2.994 -3.167 -3.339 -3.459 -3.57 -3.231 -3.373 -3.493 -3.592 -3.76 -3.336 -3.241 -3.394 -3.782 -3.951 -4.142 -3.427
8.9201 -2.7 -2.651 -2.726 -2.919 -3.061 -3.2 -2.839 -2.941 -3.063 -3.205 -3.346 -3.494 -2.936 -3.109 -3.28 -3.401 -3.512 -3.172 -3.315 -3.435 -3.534 -3.702 -3.278 -3.183 -3.336 -3.724 -3.893 -4.083 -3.368
9.1353 -2.642 -2.593 -2.667 -2.86 -3.003 -3.142 -2.781 -2.883 -3.005 -3.147 -3.287 -3.436 -2.878 -3.05 -3.222 -3.343 -3.453 -3.114 -3.257 -3.376 -3.475 -3.644 -3.22 -3.125 -3.277 -3.665 -3.835 -4.025 -3.31
9.3557 -2.584 -2.534 -2.609 -2.802 -2.944 -3.084 -2.723 -2.824 -2.947 -3.089 -3.229 -3.378 -2.819 -2.992 -3.164 -3.284 -3.395 -3.056 -3.198 -3.318 -3.417 -3.585 -3.162 -3.066 -3.219 -3.607 -3.776 -3.967 -3.252
9.5814 -2.525 -2.476 -2.551 -2.744 -2.886 -3.025 -2.664 -2.766 -2.889 -3.03 -3.171 -3.319 -2.761 -2.934 -3.105 -3.226 -3.337 -2.997 -3.14 -3.26 -3.359 -3.527 -3.103 -3.008 -3.161 -3.549 -3.718 -3.908 -3.193
9.8125 -2.467 -2.418 -2.492 -2.685 -2.828 -2.967 -2.606 -2.708 -2.83 -2.972 -3.113 -3.261 -2.703 -2.875 -3.047 -3.168 -3.278 -2.939 -3.082 -3.201 -3.3 -3.469 -3.045 -2.95 -3.102 -3.49 -3.66 -3.85 -3.135
10.0492 -2.409 -2.359 -2.434 -2.627 -2.769 -2.909 -2.548 -2.649 -2.772 -2.914 -3.054 -3.203 -2.644 -2.817 -2.989 -3.11 -3.22 -2.881 -3.023 -3.143 -3.242 -3.41 -2.987 -2.891 -3.044 -3.432 -3.601 -3.792 -3.077
10.2917 -2.35 -2.301 -2.376 -2.569 -2.711 -2.85 -2.489 -2.591 -2.714 -2.855 -2.996 -3.144 -2.586 -2.759 -2.931 -3.051 -3.162 -2.822 -2.965 -3.085 -3.184 -3.352 -2.928 -2.833 -2.986 -3.374 -3.543 -3.733 -3.019
10.5399 -2.294 -2.245 -2.32 -2.513 -2.655 -2.794 -2.433 -2.535 -2.657 -2.799 -2.94 -3.088 -2.53 -2.702 -2.874 -2.995 -3.106 -2.766 -2.909 -3.029 -3.128 -3.296 -2.872 -2.777 -2.93 -3.318 -3.487 -3.677 -2.962
10.7942 -2.24 -2.191 -2.266 -2.459 -2.601 -2.74 -2.379 -2.481 -2.604 -2.745 -2.886 -3.034 -2.476 -2.649 -2.82 -2.941 -3.052 -2.712 -2.855 -2.975 -3.074 -3.242 -2.818 -2.723 -2.876 -3.264 -3.433 -3.623 -2.908
11.0546 -2.187 -2.137 -2.212 -2.405 -2.547 -2.686 -2.326 -2.427 -2.55 -2.692 -2.832 -2.981 -2.422 -2.595 -2.767 -2.887 -2.998 -2.659 -2.801 -2.921 -3.02 -3.188 -2.764 -2.669 -2.822 -3.21 -3.379 -3.57 -2.855
11.3212 -2.133 -2.083 -2.158 -2.351 -2.493 -2.633 -2.272 -2.373 -2.496 -2.638 -2.778 -2.927 -2.368 -2.541 -2.713 -2.833 -2.944 -2.605 -2.747 -2.867 -2.966 -3.134 -2.711 -2.615 -2.768 -3.156 -3.325 -3.516 -2.801
11.5943 -2.079 -2.029 -2.104 -2.297 -2.44 -2.579 -2.218 -2.32 -2.442 -2.584 -2.724 -2.873 -2.315 -2.487 -2.659 -2.78 -2.89 -2.551 -2.693 -2.813 -2.912 -3.081 -2.657 -2.561 -2.714 -3.102 -3.272 -3.462 -2.747
11.874 -2.025 -1.976 -2.05 -2.243 -2.386 -2.525 -2.164 -2.266 -2.388 -2.53 -2.67 -2.819 -2.261 -2.433 -2.605 -2.726 -2.836 -2.497 -2.64 -2.759 -2.858 -3.027 -2.603 -2.508 -2.66 -3.048 -3.218 -3.408 -2.693
12.1605 -1.971 -1.922 -1.997 -2.189 -2.332 -2.471 -2.11 -2.212 -2.334 -2.476 -2.617 -2.765 -2.207 -2.379 -2.551 -2.672 -2.783 -2.443 -2.586 -2.706 -2.805 -2.973 -2.549 -2.454 -2.607 -2.995 -3.164 -3.354 -2.639
12.4538 -1.917 -1.868 -1.943 -2.136 -2.278 -2.417 -2.056 -2.158 -2.28 -2.422 -2.563 -2.711 -2.153 -2.326 -2.497 -2.618 -2.729 -2.389 -2.532 -2.652 -2.751 -2.919 -2.495 -2.4 -2.553 -2.941 -3.11 -3.3 -2.585
12.7542 -1.863 -1.814 -1.889 -2.082 -2.224 -2.363 -2.003 -2.104 -2.227 -2.368 -2.509 -2.658 -2.099 -2.272 -2.444 -2.564 -2.675 -2.335 -2.478 -2.598 -2.697 -2.865 -2.441 -2.346 -2.499 -2.887 -3.056 -3.247 -2.532
13.0619 -1.81 -1.76 -1.835 -2.028 -2.17 -2.309 -1.949 -2.05 -2.173 -2.315 -2.455 -2.604 -2.045 -2.218 -2.39 -2.51 -2.621 -2.282 -2.424 -2.544 -2.643 -2.811 -2.387 -2.292 -2.445 -2.833 -3.002 -3.193 -2.478
13.377 -1.755 -1.706 -1.781 -1.974 -2.116 -2.255 -1.894 -1.996 -2.119 -2.26 -2.401 -2.549 -1.991 -2.164 -2.336 -2.456 -2.567 -2.227 -2.37 -2.49 -2.589 -2.757 -2.333 -2.238 -2.391 -2.779 -2.948 -3.138 -2.423
13.6997 -1.701 -1.651 -1.726 -1.919 -2.062 -2.201 -1.84 -1.942 -2.064 -2.206 -2.346 -2.495 -1.937 -2.109 -2.281 -2.402 -2.512 -2.173 -2.316 -2.435 -2.534 -2.703 -2.279 -2.184 -2.336 -2.724 -2.894 -3.084 -2.369
14.0302 -1.646 -1.597 -1.672 -1.865 -2.007 -2.146 -1.786 -1.887 -2.01 -2.152 -2.292 -2.441 -1.882 -2.055 -2.227 -2.347 -2.458 -2.119 -2.261 -2.381 -2.48 -2.648 -2.224 -2.129 -2.282 -2.67 -2.839 -3.03 -2.315
14.3686 -1.592 -1.543 -1.617 -1.81 -1.953 -2.092 -1.731 -1.833 -1.955 -2.097 -2.238 -2.386 -1.828 -2.0 -2.172 -2.293 -2.404 -2.064 -2.207 -2.326 -2.425 -2.594 -2.17 -2.075 -2.227 -2.615 -2.785 -2.975 -2.26
14.7153 -1.538 -1.488 -1.563 -1.756 -1.898 -2.037 -1.677 -1.778 -1.901 -2.043 -2.183 -2.332 -1.773 -1.946 -2.118 -2.238 -2.349 -2.01 -2.152 -2.272 -2.371 -2.539 -2.115 -2.02 -2.173 -2.561 -2.73 -2.921 -2.206
15.0702 -1.483 -1.434 -1.509 -1.701 -1.844 -1.983 -1.622 -1.724 -1.846 -1.988 -2.129 -2.277 -1.719 -1.891 -2.063 -2.184 -2.295 -1.955 -2.098 -2.218 -2.317 -2.485 -2.061 -1.966 -2.119 -2.507 -2.676 -2.866 -2.151
15.4338 -1.429 -1.379 -1.454 -1.647 -1.789 -1.929 -1.568 -1.669 -1.792 -1.934 -2.074 -2.223 -1.664 -1.837 -2.009 -2.13 -2.24 -1.901 -2.043 -2.163 -2.262 -2.43 -2.007 -1.911 -2.064 -2.452 -2.621 -2.812 -2.097
