web/models/grb/onaxis/10/grb_0.0000_7.1969_0.0000063.dat
# %ECSV 1.0
# ---
# datatype:
# - {name: time, datatype: float64}
# - {name: swift_uvot_uvw2, datatype: float64}
# - {name: swift_uvot_uvm2, datatype: float64}
# - {name: swift_uvot_uvw1, datatype: float64}
# - {name: swift_uvot_U, datatype: float64}
# - {name: swift_uvot_B, datatype: float64}
# - {name: swift_uvot_V, datatype: float64}
# - {name: swift_uvot_W, datatype: float64}
# - {name: johnson_U, datatype: float64}
# - {name: johnson_B, datatype: float64}
# - {name: johnson_V, datatype: float64}
# - {name: johnson_R, datatype: float64}
# - {name: johnson_I, datatype: float64}
# - {name: sdss_u, datatype: float64}
# - {name: sdss_g, datatype: float64}
# - {name: sdss_r, datatype: float64}
# - {name: sdss_i, datatype: float64}
# - {name: sdss_z, datatype: float64}
# - {name: PS1_g, datatype: float64}
# - {name: PS1_r, datatype: float64}
# - {name: PS1_i, datatype: float64}
# - {name: PS1_z, datatype: float64}
# - {name: PS1_Y, datatype: float64}
# - {name: ukirt_J, datatype: float64}
# - {name: ukirt_H, datatype: float64}
# - {name: ukirt_K, datatype: float64}
# meta: !!omap
# - comment: [E = 0.0031231838447717776, Eta0 = 8.02, GammaB = 12.0, dL = 0.012188, epsb = 6.760829753919819e-06, epse = 0.1, n = 6.30957344480193e-06,
#     p = 2.15, theta_obs = 0.0, xiN = 1.0, z = 0.0, type = grb, E_kiso = 7.196856730011521]
# schema: astropy-2.0
time swift_uvot_uvw2 swift_uvot_uvm2 swift_uvot_uvw1 swift_uvot_U swift_uvot_B swift_uvot_V swift_uvot_W johnson_U johnson_B johnson_V johnson_R johnson_I sdss_u sdss_g sdss_r sdss_i sdss_z PS1_g PS1_r PS1_i PS1_z PS1_Y ukirt_J ukirt_H ukirt_K
[from data line 474]
807.1133 11.296 11.345 11.271 11.078 10.935 10.796 11.157 11.055 10.933 10.791 10.65 10.502 11.06 10.888 10.716 10.595 10.484 10.824 10.681 10.561 10.462 10.294 10.272 10.103 9.913
826.5834 11.332 11.381 11.306 11.113 10.971 10.832 11.193 11.091 10.969 10.827 10.686 10.538 11.096 10.924 10.752 10.631 10.52 10.86 10.717 10.597 10.498 10.33 10.308 10.139 9.949
846.5232 11.368 11.417 11.342 11.149 11.007 10.868 11.229 11.127 11.005 10.863 10.722 10.574 11.132 10.959 10.788 10.667 10.556 10.896 10.753 10.633 10.534 10.366 10.344 10.175 9.985
866.944 11.404 11.453 11.378 11.185 11.043 10.904 11.265 11.163 11.041 10.899 10.758 10.61 11.168 10.995 10.824 10.703 10.592 10.932 10.789 10.669 10.57 10.402 10.38 10.211 10.021
887.8575 11.44 11.489 11.414 11.221 11.079 10.94 11.301 11.199 11.076 10.935 10.794 10.646 11.204 11.031 10.859 10.739 10.628 10.968 10.825 10.705 10.606 10.438 10.416 10.247 10.056
909.2754 11.476 11.525 11.45 11.257 11.115 10.976 11.336 11.235 11.112 10.97 10.83 10.681 11.24 11.067 10.895 10.775 10.664 11.003 10.861 10.741 10.642 10.474 10.452 10.283 10.092
931.21 11.511 11.561 11.486 11.293 11.151 11.012 11.372 11.271 11.148 11.006 10.866 10.717 11.276 11.103 10.931 10.811 10.7 11.039 10.897 10.777 10.678 10.51 10.488 10.319 10.128
953.6737 11.547 11.597 11.522 11.329 11.187 11.047 11.408 11.307 11.184 11.042 10.902 10.753 11.312 11.139 10.967 10.847 10.736 11.075 10.933 10.813 10.714 10.546 10.524 10.355 10.164
976.6793 11.584 11.633 11.559 11.366 11.223 11.084 11.445 11.343 11.221 11.079 10.938 10.79 11.348 11.176 11.004 10.883 10.772 11.112 10.969 10.849 10.75 10.582 10.56 10.391 10.201
1000.2399 11.621 11.67 11.595 11.402 11.26 11.121 11.481 11.38 11.257 11.115 10.975 10.826 11.385 11.212 11.04 10.92 10.809 11.148 11.006 10.886 10.787 10.619 10.597 10.428 10.237
1024.3688 11.657 11.707 11.632 11.439 11.296 11.157 11.518 11.416 11.294 11.152 11.012 10.863 11.421 11.249 11.077 10.956 10.846 11.185 11.042 10.923 10.824 10.655 10.634 10.464 10.274
1049.0798 11.694 11.743 11.668 11.475 11.333 11.194 11.555 11.453 11.331 11.189 11.048 10.9 11.458 11.285 11.114 10.993 10.882 11.222 11.079 10.959 10.86 10.692 10.67 10.501 10.311
1074.3869 11.73 11.78 11.705 11.512 11.369 11.23 11.591 11.49 11.367 11.225 11.085 10.936 11.495 11.322 11.15 11.029 10.919 11.258 11.116 10.996 10.897 10.729 10.707 10.537 10.347
1100.3045 11.767 11.816 11.741 11.548 11.406 11.267 11.628 11.526 11.404 11.262 11.121 10.973 11.531 11.359 11.187 11.066 10.955 11.295 11.152 11.032 10.933 10.765 10.743 10.574 10.384
1126.8473 11.803 11.853 11.778 11.585 11.443 11.304 11.664 11.563 11.44 11.298 11.158 11.009 11.568 11.395 11.223 11.103 10.992 11.331 11.189 11.069 10.97 10.802 10.78 10.611 10.42
1154.0304 11.84 11.889 11.815 11.622 11.479 11.34 11.701 11.599 11.477 11.335 11.194 11.046 11.604 11.432 11.26 11.139 11.029 11.368 11.225 11.106 11.007 10.838 10.817 10.647 10.457
1181.8693 11.877 11.926 11.851 11.658 11.516 11.377 11.738 11.636 11.513 11.372 11.231 11.082 11.641 11.468 11.296 11.176 11.065 11.405 11.262 11.142 11.043 10.875 10.853 10.684 10.493
1210.3797 11.913 11.962 11.888 11.695 11.552 11.413 11.774 11.672 11.55 11.408 11.267 11.119 11.677 11.505 11.333 11.212 11.101 11.441 11.298 11.178 11.079 10.911 10.889 10.72 10.53
1239.5778 11.947 11.996 11.922 11.729 11.586 11.447 11.808 11.706 11.584 11.442 11.301 11.153 11.711 11.539 11.367 11.246 11.135 11.475 11.332 11.212 11.113 10.945 10.923 10.754 10.564
1269.4803 11.981 12.03 11.956 11.763 11.62 11.481 11.842 11.74 11.618 11.476 11.335 11.187 11.745 11.573 11.401 11.28 11.169 11.509 11.366 11.247 11.147 10.979 10.958 10.788 10.598
1300.1042 12.015 12.064 11.99 11.797 11.654 11.515 11.876 11.774 11.652 11.51 11.369 11.221 11.779 11.607 11.435 11.314 11.203 11.543 11.4 11.281 11.182 11.013 10.992 10.822 10.632
1331.4668 12.049 12.098 12.024 11.831 11.688 11.549 11.91 11.808 11.686 11.544 11.403 11.255 11.813 11.641 11.469 11.348 11.238 11.577 11.434 11.315 11.216 11.047 11.026 10.856 10.666
1363.586 12.083 12.132 12.058 11.865 11.722 11.583 11.944 11.842 11.72 11.578 11.437 11.289 11.847 11.675 11.503 11.382 11.272 11.611 11.468 11.349 11.25 11.081 11.06 10.89 10.7
1396.48 12.117 12.166 12.092 11.899 11.756 11.617 11.978 11.876 11.754 11.612 11.471 11.323 11.881 11.709 11.537 11.416 11.306 11.645 11.502 11.383 11.284 11.115 11.094 10.924 10.734
1430.1675 12.151 12.2 12.126 11.933 11.79 11.651 12.012 11.91 11.788 11.646 11.506 11.357 11.915 11.743 11.571 11.45 11.34 11.679 11.536 11.417 11.318 11.149 11.128 10.958 10.768
1464.6676 12.185 12.235 12.16 11.967 11.824 11.685 12.046 11.944 11.822 11.68 11.54 11.391 11.949 11.777 11.605 11.484 11.374 11.713 11.57 11.451 11.352 11.183 11.162 10.992 10.802
1500.0 12.219 12.269 12.194 12.001 11.858 11.719 12.08 11.978 11.856 11.714 11.574 11.425 11.983 11.811 11.639 11.518 11.408 11.747 11.604 11.485 11.386 11.217 11.196 11.026 10.836
