web/models/grb/onaxis/10/grb_0.0000_517.9475_0.0100000.dat
# %ECSV 1.0
# ---
# datatype:
# - {name: time, datatype: float64}
# - {name: swift_uvot_uvw2, datatype: float64}
# - {name: swift_uvot_uvm2, datatype: float64}
# - {name: swift_uvot_uvw1, datatype: float64}
# - {name: swift_uvot_U, datatype: float64}
# - {name: swift_uvot_B, datatype: float64}
# - {name: swift_uvot_V, datatype: float64}
# - {name: swift_uvot_W, datatype: float64}
# - {name: johnson_U, datatype: float64}
# - {name: johnson_B, datatype: float64}
# - {name: johnson_V, datatype: float64}
# - {name: johnson_R, datatype: float64}
# - {name: johnson_I, datatype: float64}
# - {name: sdss_u, datatype: float64}
# - {name: sdss_g, datatype: float64}
# - {name: sdss_r, datatype: float64}
# - {name: sdss_i, datatype: float64}
# - {name: sdss_z, datatype: float64}
# - {name: PS1_g, datatype: float64}
# - {name: PS1_r, datatype: float64}
# - {name: PS1_i, datatype: float64}
# - {name: PS1_z, datatype: float64}
# - {name: PS1_Y, datatype: float64}
# - {name: PS1_w, datatype: float64}
# - {name: ATLAS_c, datatype: float64}
# - {name: ATLAS_o, datatype: float64}
# - {name: ukirt_J, datatype: float64}
# - {name: ukirt_H, datatype: float64}
# - {name: ukirt_K, datatype: float64}
# - {name: Clear, datatype: float64}
# meta: !!omap
# - comment: [E = 0.22477106672309027, Eta0 = 8.02, GammaB = 12.0, dL = 0.012188, epsb = 6.760829753919819e-06, epse = 0.1, n = 0.01,
#     p = 2.15, theta_obs = 0.0, xiN = 1.0, z = 0.0, type = grb, E_kiso = 517.9474679231213]
# schema: astropy-2.0
time swift_uvot_uvw2 swift_uvot_uvm2 swift_uvot_uvw1 swift_uvot_U swift_uvot_B swift_uvot_V swift_uvot_W johnson_U johnson_B johnson_V johnson_R johnson_I sdss_u sdss_g sdss_r sdss_i sdss_z PS1_g PS1_r PS1_i PS1_z PS1_Y PS1_w ATLAS_c ATLAS_o ukirt_J ukirt_H ukirt_K Clear
[from data line 68]
0.0506 -11.597 -11.548 -11.623 -11.816 -11.958 -12.097 -11.736 -11.838 -11.96 -12.102 -12.243 -12.391 -11.833 -12.006 -12.177 -12.298 -12.409 -12.069 -12.212 -12.332 -12.431 -12.599 -12.175 -12.08 -12.233 -12.621 -12.79 -12.98 -12.265
0.0518 -11.59 -11.54 -11.615 -11.808 -11.951 -12.09 -11.729 -11.831 -11.953 -12.095 -12.235 -12.384 -11.826 -11.998 -12.17 -12.291 -12.401 -12.062 -12.205 -12.324 -12.423 -12.592 -12.168 -12.073 -12.225 -12.613 -12.783 -12.973 -12.258
0.053 -11.583 -11.533 -11.608 -11.801 -11.943 -12.082 -11.722 -11.823 -11.946 -12.088 -12.228 -12.377 -11.818 -11.991 -12.163 -12.283 -12.394 -12.055 -12.197 -12.317 -12.416 -12.584 -12.16 -12.065 -12.218 -12.606 -12.775 -12.966 -12.251
0.0543 -11.575 -11.526 -11.601 -11.793 -11.936 -12.075 -11.714 -11.816 -11.938 -12.08 -12.221 -12.369 -11.811 -11.983 -12.155 -12.276 -12.387 -12.047 -12.19 -12.31 -12.409 -12.577 -12.153 -12.058 -12.211 -12.599 -12.768 -12.958 -12.243
0.0556 -11.568 -11.518 -11.593 -11.786 -11.928 -12.068 -11.707 -11.808 -11.931 -12.073 -12.213 -12.362 -11.803 -11.976 -12.148 -12.269 -12.379 -12.04 -12.182 -12.302 -12.401 -12.569 -12.146 -12.05 -12.203 -12.591 -12.76 -12.951 -12.236
0.057 -11.56 -11.511 -11.586 -11.779 -11.921 -12.06 -11.699 -11.801 -11.924 -12.065 -12.206 -12.354 -11.796 -11.969 -12.14 -12.261 -12.372 -12.032 -12.175 -12.295 -12.394 -12.562 -12.138 -12.043 -12.196 -12.584 -12.753 -12.943 -12.228
0.0584 -11.549 -11.499 -11.574 -11.767 -11.909 -12.049 -11.688 -11.789 -11.912 -12.054 -12.194 -12.343 -11.784 -11.957 -12.129 -12.25 -12.36 -12.021 -12.163 -12.283 -12.382 -12.55 -12.127 -12.031 -12.184 -12.572 -12.741 -12.932 -12.217
0.0598 -11.537 -11.487 -11.562 -11.755 -11.897 -12.037 -11.676 -11.777 -11.9 -12.042 -12.182 -12.331 -11.772 -11.945 -12.117 -12.237 -12.348 -12.009 -12.151 -12.271 -12.37 -12.538 -12.115 -12.019 -12.172 -12.56 -12.729 -12.92 -12.205
0.0612 -11.525 -11.475 -11.55 -11.743 -11.885 -12.024 -11.664 -11.765 -11.888 -12.03 -12.17 -12.319 -11.76 -11.933 -12.105 -12.225 -12.336 -11.997 -12.139 -12.259 -12.358 -12.526 -12.102 -12.007 -12.16 -12.548 -12.717 -12.908 -12.193
0.0627 -11.512 -11.463 -11.538 -11.731 -11.873 -12.012 -11.652 -11.753 -11.876 -12.018 -12.158 -12.307 -11.748 -11.921 -12.093 -12.213 -12.324 -11.985 -12.127 -12.247 -12.346 -12.514 -12.09 -11.995 -12.148 -12.536 -12.705 -12.896 -12.181
0.0642 -11.5 -11.451 -11.526 -11.719 -11.861 -12.0 -11.64 -11.741 -11.864 -12.005 -12.146 -12.295 -11.736 -11.909 -12.081 -12.201 -12.312 -11.972 -12.115 -12.235 -12.334 -12.502 -12.078 -11.983 -12.136 -12.524 -12.693 -12.884 -12.169
0.0657 -11.488 -11.439 -11.514 -11.707 -11.849 -11.988 -11.627 -11.729 -11.852 -11.993 -12.134 -12.282 -11.724 -11.897 -12.068 -12.189 -12.3 -11.96 -12.103 -12.223 -12.322 -12.49 -12.066 -11.971 -12.124 -12.512 -12.681 -12.871 -12.156
0.0673 -11.476 -11.427 -11.502 -11.695 -11.837 -11.976 -11.615 -11.717 -11.839 -11.981 -12.122 -12.27 -11.712 -11.885 -12.056 -12.177 -12.288 -11.948 -12.091 -12.211 -12.31 -12.478 -12.054 -11.959 -12.112 -12.5 -12.669 -12.859 -12.144
0.0689 -11.464 -11.415 -11.49 -11.683 -11.825 -11.964 -11.603 -11.705 -11.827 -11.969 -12.11 -12.258 -11.7 -11.873 -12.044 -12.165 -12.276 -11.936 -12.079 -12.199 -12.298 -12.466 -12.042 -11.947 -12.1 -12.488 -12.657 -12.847 -12.132
0.0706 -11.452 -11.403 -11.478 -11.67 -11.813 -11.952 -11.591 -11.693 -11.815 -11.957 -12.098 -12.246 -11.688 -11.86 -12.032 -12.153 -12.264 -11.924 -12.067 -12.187 -12.286 -12.454 -12.03 -11.935 -12.088 -12.476 -12.645 -12.835 -12.12
0.0723 -11.441 -11.391 -11.466 -11.659 -11.801 -11.94 -11.58 -11.681 -11.804 -11.946 -12.086 -12.235 -11.676 -11.849 -12.021 -12.141 -12.252 -11.913 -12.055 -12.175 -12.274 -12.442 -12.018 -11.923 -12.076 -12.464 -12.633 -12.824 -12.109
0.0741 -11.438 -11.389 -11.464 -11.657 -11.799 -11.938 -11.577 -11.679 -11.802 -11.943 -12.084 -12.232 -11.674 -11.847 -12.018 -12.139 -12.25 -11.91 -12.053 -12.173 -12.272 -12.44 -12.016 -11.921 -12.074 -12.462 -12.631 -12.821 -12.106
0.0758 -11.436 -11.387 -11.462 -11.654 -11.797 -11.936 -11.575 -11.677 -11.799 -11.941 -12.082 -12.23 -11.672 -11.844 -12.016 -12.137 -12.248 -11.908 -12.051 -12.171 -12.27 -12.438 -12.014 -11.919 -12.072 -12.46 -12.629 -12.819 -12.104
0.0777 -11.434 -11.385 -11.459 -11.652 -11.795 -11.934 -11.573 -11.675 -11.797 -11.939 -12.079 -12.228 -11.67 -11.842 -12.014 -12.135 -12.245 -11.906 -12.049 -12.168 -12.267 -12.436 -12.012 -11.917 -12.069 -12.457 -12.627 -12.817 -12.102
0.0795 -11.432 -11.382 -11.457 -11.65 -11.793 -11.932 -11.571 -11.672 -11.795 -11.937 -12.077 -12.226 -11.667 -11.84 -12.012 -12.133 -12.243 -11.904 -12.046 -12.166 -12.265 -12.433 -12.01 -11.914 -12.067 -12.455 -12.625 -12.815 -12.1
0.0815 -11.43 -11.38 -11.455 -11.648 -11.79 -11.929 -11.569 -11.67 -11.793 -11.935 -12.075 -12.224 -11.665 -11.838 -12.01 -12.13 -12.241 -11.902 -12.044 -12.164 -12.263 -12.431 -12.007 -11.912 -12.065 -12.453 -12.622 -12.813 -12.098
0.0834 -11.427 -11.378 -11.453 -11.646 -11.788 -11.927 -11.566 -11.668 -11.791 -11.932 -12.073 -12.221 -11.663 -11.836 -12.008 -12.128 -12.239 -11.899 -12.042 -12.162 -12.261 -12.429 -12.005 -11.91 -12.063 -12.451 -12.62 -12.81 -12.095
0.0854 -11.425 -11.376 -11.451 -11.644 -11.786 -11.925 -11.564 -11.666 -11.788 -11.93 -12.071 -12.219 -11.661 -11.833 -12.005 -12.126 -12.237 -11.897 -12.04 -12.16 -12.259 -12.427 -12.003 -11.908 -12.061 -12.449 -12.618 -12.808 -12.093
0.0875 -11.423 -11.374 -11.448 -11.641 -11.784 -11.923 -11.562 -11.664 -11.786 -11.928 -12.069 -12.217 -11.659 -11.831 -12.003 -12.124 -12.234 -11.895 -12.038 -12.157 -12.256 -12.425 -12.001 -11.906 -12.058 -12.446 -12.616 -12.806 -12.091
0.0896 -11.421 -11.371 -11.446 -11.639 -11.782 -11.921 -11.56 -11.662 -11.784 -11.926 -12.066 -12.215 -11.656 -11.829 -12.001 -12.122 -12.232 -11.893 -12.035 -12.155 -12.254 -12.423 -11.999 -11.903 -12.056 -12.444 -12.614 -12.804 -12.089
0.0918 -11.422 -11.373 -11.448 -11.641 -11.783 -11.922 -11.561 -11.663 -11.785 -11.927 -12.068 -12.216 -11.658 -11.83 -12.002 -12.123 -12.234 -11.894 -12.037 -12.157 -12.256 -12.424 -12.0 -11.905 -12.058 -12.446 -12.615 -12.805 -12.09
0.094 -11.439 -11.39 -11.464 -11.657 -11.8 -11.939 -11.578 -11.68 -11.802 -11.944 -12.085 -12.233 -11.675 -11.847 -12.019 -12.14 -12.25 -11.911 -12.054 -12.173 -12.272 -12.441 -12.017 -11.922 -12.074 -12.462 -12.632 -12.822 -12.107
0.0963 -11.456 -11.406 -11.481 -11.674 -11.817 -11.956 -11.595 -11.697 -11.819 -11.961 -12.101 -12.25 -11.692 -11.864 -12.036 -12.157 -12.267 -11.928 -12.07 -12.19 -12.289 -12.458 -12.034 -11.939 -12.091 -12.479 -12.649 -12.839 -12.124
0.0986 -11.473 -11.423 -11.498 -11.691 -11.833 -11.973 -11.612 -11.713 -11.836 -11.978 -12.118 -12.267 -11.708 -11.881 -12.053 -12.173 -12.284 -11.945 -12.087 -12.207 -12.306 -12.474 -12.051 -11.955 -12.108 -12.496 -12.665 -12.856 -12.141
0.101 -11.489 -11.44 -11.515 -11.708 -11.85 -11.989 -11.629 -11.73 -11.853 -11.994 -12.135 -12.284 -11.725 -11.898 -12.07 -12.19 -12.301 -11.961 -12.104 -12.224 -12.323 -12.491 -12.067 -11.972 -12.125 -12.513 -12.682 -12.873 -12.158
0.1034 -11.506 -11.457 -11.532 -11.725 -11.867 -12.006 -11.645 -11.747 -11.869 -12.011 -12.152 -12.3 -11.742 -11.915 -12.086 -12.207 -12.318 -11.978 -12.121 -12.241 -12.34 -12.508 -12.084 -11.989 -12.142 -12.53 -12.699 -12.889 -12.174
0.1059 -11.523 -11.474 -11.548 -11.741 -11.884 -12.023 -11.662 -11.764 -11.886 -12.028 -12.169 -12.317 -11.759 -11.931 -12.103 -12.224 -12.335 -11.995 -12.138 -12.257 -12.356 -12.525 -12.101 -12.006 -12.159 -12.546 -12.716 -12.906 -12.191
0.1084 -11.54 -11.49 -11.565 -11.758 -11.901 -12.04 -11.679 -11.781 -11.903 -12.045 -12.185 -12.334 -11.776 -11.948 -12.12 -12.241 -12.351 -12.012 -12.154 -12.274 -12.373 -12.542 -12.118 -12.023 -12.175 -12.563 -12.733 -12.923 -12.208
0.1111 -11.557 -11.507 -11.582 -11.775 -11.917 -12.057 -11.696 -11.797 -11.92 -12.062 -12.202 -12.351 -11.792 -11.965 -12.137 -12.257 -12.368 -12.029 -12.171 -12.291 -12.39 -12.558 -12.135 -12.039 -12.192 -12.58 -12.749 -12.94 -12.225
0.1137 -11.573 -11.524 -11.599 -11.792 -11.934 -12.073 -11.713 -11.814 -11.937 -12.078 -12.219 -12.368 -11.809 -11.982 -12.154 -12.274 -12.385 -12.045 -12.188 -12.308 -12.407 -12.575 -12.151 -12.056 -12.209 -12.597 -12.766 -12.957 -12.242
0.1165 -11.592 -11.542 -11.617 -11.81 -11.952 -12.091 -11.731 -11.832 -11.955 -12.097 -12.237 -12.386 -11.827 -12.0 -12.172 -12.292 -12.403 -12.064 -12.206 -12.326 -12.425 -12.593 -12.169 -12.074 -12.227 -12.615 -12.784 -12.975 -12.26
0.1193 -11.612 -11.563 -11.638 -11.831 -11.973 -12.112 -11.751 -11.853 -11.976 -12.117 -12.258 -12.407 -11.848 -12.021 -12.193 -12.313 -12.424 -12.084 -12.227 -12.347 -12.446 -12.614 -12.19 -12.095 -12.248 -12.636 -12.805 -12.996 -12.281
0.1222 -11.633 -11.584 -11.659 -11.852 -11.994 -12.133 -11.772 -11.874 -11.996 -12.138 -12.279 -12.427 -11.869 -12.042 -12.213 -12.334 -12.445 -12.105 -12.248 -12.368 -12.467 -12.635 -12.211 -12.116 -12.269 -12.657 -12.826 -13.016 -12.301
0.1251 -11.654 -11.605 -11.679 -11.872 -12.015 -12.154 -11.793 -11.895 -12.017 -12.159 -12.3 -12.448 -11.89 -12.062 -12.234 -12.355 -12.466 -12.126 -12.269 -12.389 -12.488 -12.656 -12.232 -12.137 -12.29 -12.677 -12.847 -13.037 -12.322
0.1281 -11.675 -11.625 -11.7 -11.893 -12.036 -12.175 -11.814 -11.916 -12.038 -12.18 -12.32 -12.469 -11.911 -12.083 -12.255 -12.376 -12.486 -12.147 -12.289 -12.409 -12.508 -12.677 -12.253 -12.158 -12.31 -12.698 -12.868 -13.058 -12.343
0.1312 -11.696 -11.646 -11.721 -11.914 -12.056 -12.196 -11.835 -11.936 -12.059 -12.201 -12.341 -12.49 -11.931 -12.104 -12.276 -12.397 -12.507 -12.168 -12.31 -12.43 -12.529 -12.697 -12.274 -12.178 -12.331 -12.719 -12.888 -13.079 -12.364
0.1344 -11.717 -11.667 -11.742 -11.935 -12.077 -12.216 -11.856 -11.957 -12.08 -12.222 -12.362 -12.511 -11.952 -12.125 -12.297 -12.417 -12.528 -12.189 -12.331 -12.451 -12.55 -12.718 -12.294 -12.199 -12.352 -12.74 -12.909 -13.1 -12.385
0.1376 -11.737 -11.688 -11.763 -11.956 -12.098 -12.237 -11.876 -11.978 -12.101 -12.242 -12.383 -12.531 -11.973 -12.146 -12.317 -12.438 -12.549 -12.209 -12.352 -12.472 -12.571 -12.739 -12.315 -12.22 -12.373 -12.761 -12.93 -13.12 -12.405
0.141 -11.758 -11.709 -11.784 -11.977 -12.119 -12.258 -11.897 -11.999 -12.121 -12.263 -12.404 -12.552 -11.994 -12.166 -12.338 -12.459 -12.57 -12.23 -12.373 -12.493 -12.592 -12.76 -12.336 -12.241 -12.394 -12.782 -12.951 -13.141 -12.426
0.1444 -11.779 -11.73 -11.804 -11.997 -12.14 -12.279 -11.918 -12.02 -12.142 -12.284 -12.425 -12.573 -12.015 -12.187 -12.359 -12.48 -12.59 -12.251 -12.394 -12.513 -12.612 -12.781 -12.357 -12.262 -12.414 -12.802 -12.972 -13.162 -12.447
0.1478 -11.79 -11.741 -11.816 -12.009 -12.151 -12.29 -11.929 -12.031 -12.153 -12.295 -12.436 -12.584 -12.026 -12.199 -12.37 -12.491 -12.602 -12.262 -12.405 -12.525 -12.624 -12.792 -12.368 -12.273 -12.426 -12.814 -12.983 -13.173 -12.458
0.1514 -11.791 -11.741 -11.816 -12.009 -12.152 -12.291 -11.93 -12.032 -12.154 -12.296 -12.436 -12.585 -12.027 -12.199 -12.371 -12.492 -12.602 -12.263 -12.406 -12.525 -12.624 -12.793 -12.369 -12.274 -12.426 -12.814 -12.984 -13.174 -12.459
0.1551 -11.792 -11.742 -11.817 -12.01 -12.152 -12.292 -11.931 -12.032 -12.155 -12.297 -12.437 -12.586 -12.027 -12.2 -12.372 -12.492 -12.603 -12.264 -12.406 -12.526 -12.625 -12.793 -12.369 -12.274 -12.427 -12.815 -12.984 -13.175 -12.46
0.1588 -11.792 -11.743 -11.818 -12.011 -12.153 -12.292 -11.931 -12.033 -12.155 -12.297 -12.438 -12.586 -12.028 -12.201 -12.372 -12.493 -12.604 -12.264 -12.407 -12.527 -12.626 -12.794 -12.37 -12.275 -12.428 -12.816 -12.985 -13.175 -12.46
0.1626 -11.793 -11.744 -11.818 -12.011 -12.154 -12.293 -11.932 -12.034 -12.156 -12.298 -12.439 -12.587 -12.029 -12.201 -12.373 -12.494 -12.604 -12.265 -12.408 -12.527 -12.626 -12.795 -12.371 -12.276 -12.428 -12.816 -12.986 -13.176 -12.461
0.1666 -11.794 -11.744 -11.819 -12.012 -12.154 -12.294 -11.933 -12.034 -12.157 -12.299 -12.439 -12.588 -12.029 -12.202 -12.374 -12.495 -12.605 -12.266 -12.408 -12.528 -12.627 -12.795 -12.372 -12.276 -12.429 -12.817 -12.986 -13.177 -12.462
0.1706 -11.794 -11.745 -11.82 -12.013 -12.155 -12.294 -11.933 -12.035 -12.158 -12.299 -12.44 -12.588 -12.03 -12.203 -12.375 -12.495 -12.606 -12.266 -12.409 -12.529 -12.628 -12.796 -12.372 -12.277 -12.43 -12.818 -12.987 -13.178 -12.463
0.1747 -11.795 -11.746 -11.82 -12.013 -12.156 -12.295 -11.934 -12.036 -12.158 -12.3 -12.441 -12.589 -12.031 -12.203 -12.375 -12.496 -12.607 -12.267 -12.41 -12.53 -12.629 -12.797 -12.373 -12.278 -12.431 -12.819 -12.988 -13.178 -12.463
0.1789 -11.796 -11.746 -11.821 -12.014 -12.157 -12.296 -11.935 -12.037 -12.159 -12.301 -12.441 -12.59 -12.031 -12.204 -12.376 -12.497 -12.607 -12.268 -12.41 -12.53 -12.629 -12.798 -12.374 -12.278 -12.431 -12.819 -12.989 -13.179 -12.464
0.1832 -11.796 -11.747 -11.822 -12.015 -12.157 -12.296 -11.936 -12.037 -12.16 -12.302 -12.442 -12.591 -12.032 -12.205 -12.377 -12.497 -12.608 -12.269 -12.411 -12.531 -12.63 -12.798 -12.374 -12.279 -12.432 -12.82 -12.989 -13.18 -12.465
0.1876 -11.795 -11.746 -11.821 -12.014 -12.156 -12.295 -11.934 -12.036 -12.159 -12.3 -12.441 -12.589 -12.031 -12.204 -12.375 -12.496 -12.607 -12.267 -12.41 -12.53 -12.629 -12.797 -12.373 -12.278 -12.431 -12.819 -12.988 -13.178 -12.463
0.1922 -11.793 -11.744 -11.819 -12.011 -12.154 -12.293 -11.932 -12.034 -12.156 -12.298 -12.439 -12.587 -12.029 -12.201 -12.373 -12.494 -12.605 -12.265 -12.408 -12.528 -12.627 -12.795 -12.371 -12.276 -12.429 -12.817 -12.986 -13.176 -12.461
0.1968 -11.791 -11.741 -11.816 -12.009 -12.152 -12.291 -11.93 -12.032 -12.154 -12.296 -12.436 -12.585 -12.027 -12.199 -12.371 -12.492 -12.602 -12.263 -12.405 -12.525 -12.624 -12.793 -12.369 -12.274 -12.426 -12.814 -12.984 -13.174 -12.459
0.2015 -11.789 -11.739 -11.814 -12.007 -12.149 -12.289 -11.928 -12.029 -12.152 -12.294 -12.434 -12.583 -12.024 -12.197 -12.369 -12.489 -12.6 -12.261 -12.403 -12.523 -12.622 -12.79 -12.367 -12.271 -12.424 -12.812 -12.981 -13.172 -12.457
0.2064 -11.786 -11.737 -11.812 -12.005 -12.147 -12.286 -11.925 -12.027 -12.15 -12.291 -12.432 -12.58 -12.022 -12.195 -12.367 -12.487 -12.598 -12.258 -12.401 -12.521 -12.62 -12.788 -12.364 -12.269 -12.422 -12.81 -12.979 -13.169 -12.454
0.2114 -11.784 -11.735 -11.81 -12.002 -12.145 -12.284 -11.923 -12.025 -12.147 -12.289 -12.43 -12.578 -12.02 -12.192 -12.364 -12.485 -12.596 -12.256 -12.399 -12.519 -12.618 -12.786 -12.362 -12.267 -12.42 -12.808 -12.977 -13.167 -12.452
0.2165 -11.782 -11.732 -11.807 -12.0 -12.143 -12.282 -11.921 -12.023 -12.145 -12.287 -12.427 -12.576 -12.018 -12.19 -12.362 -12.483 -12.593 -12.254 -12.397 -12.516 -12.615 -12.784 -12.36 -12.265 -12.417 -12.805 -12.975 -13.165 -12.45
0.2217 -11.78 -11.73 -11.805 -11.998 -12.14 -12.28 -11.919 -12.02 -12.143 -12.285 -12.425 -12.574 -12.015 -12.188 -12.36 -12.48 -12.591 -12.252 -12.394 -12.514 -12.613 -12.781 -12.358 -12.262 -12.415 -12.803 -12.972 -13.163 -12.448
0.2271 -11.777 -11.728 -11.803 -11.996 -12.138 -12.277 -11.916 -12.018 -12.141 -12.282 -12.423 -12.571 -12.013 -12.186 -12.358 -12.478 -12.589 -12.249 -12.392 -12.512 -12.611 -12.779 -12.355 -12.26 -12.413 -12.801 -12.97 -13.161 -12.446
0.2325 -11.775 -11.726 -11.801 -11.994 -12.136 -12.275 -11.914 -12.016 -12.138 -12.28 -12.421 -12.569 -12.011 -12.183 -12.355 -12.476 -12.587 -12.247 -12.39 -12.51 -12.609 -12.777 -12.353 -12.258 -12.411 -12.799 -12.968 -13.158 -12.443
0.2381 -11.764 -11.714 -11.789 -11.982 -12.124 -12.264 -11.903 -12.004 -12.127 -12.269 -12.409 -12.558 -11.999 -12.172 -12.344 -12.465 -12.575 -12.236 -12.378 -12.498 -12.597 -12.765 -12.342 -12.246 -12.399 -12.787 -12.956 -13.147 -12.432
0.2439 -11.749 -11.7 -11.775 -11.968 -12.11 -12.249 -11.888 -11.99 -12.112 -12.254 -12.395 -12.543 -11.985 -12.158 -12.329 -12.45 -12.561 -12.221 -12.364 -12.484 -12.583 -12.751 -12.327 -12.232 -12.385 -12.773 -12.942 -13.132 -12.417
