web/models/grb/onaxis/10/grb_0.0000_1.9307_0.1000000.dat
# %ECSV 1.0
# ---
# datatype:
# - {name: time, datatype: float64}
# - {name: swift_uvot_uvw2, datatype: float64}
# - {name: swift_uvot_uvm2, datatype: float64}
# - {name: swift_uvot_uvw1, datatype: float64}
# - {name: swift_uvot_U, datatype: float64}
# - {name: swift_uvot_B, datatype: float64}
# - {name: swift_uvot_V, datatype: float64}
# - {name: swift_uvot_W, datatype: float64}
# - {name: johnson_U, datatype: float64}
# - {name: johnson_B, datatype: float64}
# - {name: johnson_V, datatype: float64}
# - {name: johnson_R, datatype: float64}
# - {name: johnson_I, datatype: float64}
# - {name: sdss_u, datatype: float64}
# - {name: sdss_g, datatype: float64}
# - {name: sdss_r, datatype: float64}
# - {name: sdss_i, datatype: float64}
# - {name: sdss_z, datatype: float64}
# - {name: PS1_g, datatype: float64}
# - {name: PS1_r, datatype: float64}
# - {name: PS1_i, datatype: float64}
# - {name: PS1_z, datatype: float64}
# - {name: PS1_Y, datatype: float64}
# - {name: ukirt_J, datatype: float64}
# - {name: ukirt_H, datatype: float64}
# - {name: ukirt_K, datatype: float64}
# meta: !!omap
# - comment: [E = 0.0008378552168254813, Eta0 = 8.02, GammaB = 12.0, dL = 0.012188, epsb = 6.760829753919819e-06, epse = 0.1, n = 0.1,
#     p = 2.15, theta_obs = 0.0, xiN = 1.0, z = 0.0, type = grb, E_kiso = 1.9306977288832496]
# schema: astropy-2.0
time swift_uvot_uvw2 swift_uvot_uvm2 swift_uvot_uvw1 swift_uvot_U swift_uvot_B swift_uvot_V swift_uvot_W johnson_U johnson_B johnson_V johnson_R johnson_I sdss_u sdss_g sdss_r sdss_i sdss_z PS1_g PS1_r PS1_i PS1_z PS1_Y ukirt_J ukirt_H ukirt_K
0.01 -7.643 -7.594 -7.668 -7.861 -8.004 -8.143 -7.782 -7.884 -8.006 -8.148 -8.288 -8.437 -7.879 -8.051 -8.223 -8.344 -8.454 -8.115 -8.258 -8.377 -8.476 -8.645 -8.666 -8.836 -9.026
0.0102 -7.664 -7.614 -7.689 -7.882 -8.025 -8.164 -7.803 -7.905 -8.027 -8.169 -8.309 -8.458 -7.899 -8.072 -8.244 -8.365 -8.475 -8.136 -8.278 -8.398 -8.497 -8.666 -8.687 -8.857 -9.047
0.0105 -7.685 -7.635 -7.71 -7.903 -8.045 -8.184 -7.824 -7.925 -8.048 -8.19 -8.33 -8.479 -7.92 -8.093 -8.265 -8.385 -8.496 -8.157 -8.299 -8.419 -8.518 -8.686 -8.708 -8.877 -9.068
0.0107 -7.688 -7.638 -7.713 -7.906 -8.049 -8.188 -7.827 -7.929 -8.051 -8.193 -8.333 -8.482 -7.924 -8.096 -8.268 -8.389 -8.499 -8.16 -8.302 -8.422 -8.521 -8.69 -8.711 -8.881 -9.071
0.011 -7.689 -7.639 -7.714 -7.907 -8.049 -8.188 -7.828 -7.929 -8.052 -8.194 -8.334 -8.483 -7.924 -8.097 -8.269 -8.389 -8.5 -8.161 -8.303 -8.423 -8.522 -8.69 -8.712 -8.881 -9.072
0.0113 -7.689 -7.64 -7.715 -7.908 -8.05 -8.189 -7.828 -7.93 -8.052 -8.194 -8.335 -8.483 -7.925 -8.098 -8.269 -8.39 -8.501 -8.161 -8.304 -8.424 -8.523 -8.691 -8.713 -8.882 -9.072
0.0115 -7.69 -7.64 -7.715 -7.908 -8.051 -8.19 -7.829 -7.931 -8.053 -8.195 -8.335 -8.484 -7.926 -8.098 -8.27 -8.391 -8.501 -8.162 -8.305 -8.424 -8.523 -8.692 -8.713 -8.883 -9.073
0.0118 -7.691 -7.641 -7.716 -7.909 -8.051 -8.19 -7.83 -7.931 -8.054 -8.196 -8.336 -8.485 -7.926 -8.099 -8.271 -8.391 -8.502 -8.163 -8.305 -8.425 -8.524 -8.692 -8.714 -8.883 -9.074
0.0121 -7.691 -7.642 -7.717 -7.91 -8.052 -8.191 -7.83 -7.932 -8.054 -8.196 -8.337 -8.485 -7.927 -8.1 -8.271 -8.392 -8.503 -8.163 -8.306 -8.426 -8.525 -8.693 -8.715 -8.884 -9.074
0.0124 -7.692 -7.643 -7.717 -7.91 -8.053 -8.192 -7.831 -7.933 -8.055 -8.197 -8.338 -8.486 -7.928 -8.1 -8.272 -8.393 -8.503 -8.164 -8.307 -8.426 -8.525 -8.694 -8.715 -8.885 -9.075
0.0127 -7.693 -7.643 -7.718 -7.911 -8.053 -8.193 -7.832 -7.933 -8.056 -8.198 -8.338 -8.487 -7.928 -8.101 -8.273 -8.394 -8.504 -8.165 -8.307 -8.427 -8.526 -8.694 -8.716 -8.885 -9.076
0.013 -7.693 -7.644 -7.719 -7.912 -8.054 -8.193 -7.832 -7.934 -8.057 -8.198 -8.339 -8.487 -7.929 -8.102 -8.274 -8.394 -8.505 -8.165 -8.308 -8.428 -8.527 -8.695 -8.717 -8.886 -9.076
0.0133 -7.694 -7.645 -7.719 -7.912 -8.055 -8.194 -7.833 -7.935 -8.057 -8.199 -8.34 -8.488 -7.93 -8.102 -8.274 -8.395 -8.506 -8.166 -8.309 -8.428 -8.527 -8.696 -8.717 -8.887 -9.077
0.0136 -7.692 -7.642 -7.717 -7.91 -8.053 -8.192 -7.831 -7.933 -8.055 -8.197 -8.337 -8.486 -7.927 -8.1 -8.272 -8.393 -8.503 -8.164 -8.306 -8.426 -8.525 -8.694 -8.715 -8.885 -9.075
0.014 -7.69 -7.64 -7.715 -7.908 -8.05 -8.189 -7.829 -7.93 -8.053 -8.195 -8.335 -8.484 -7.925 -8.098 -8.27 -8.39 -8.501 -8.162 -8.304 -8.424 -8.523 -8.691 -8.713 -8.882 -9.073
0.0143 -7.687 -7.638 -7.713 -7.906 -8.048 -8.187 -7.826 -7.928 -8.05 -8.192 -8.333 -8.481 -7.923 -8.096 -8.267 -8.388 -8.499 -8.159 -8.302 -8.422 -8.521 -8.689 -8.711 -8.88 -9.07
0.0146 -7.685 -7.636 -7.71 -7.903 -8.046 -8.185 -7.824 -7.926 -8.048 -8.19 -8.331 -8.479 -7.921 -8.093 -8.265 -8.386 -8.497 -8.157 -8.3 -8.419 -8.519 -8.687 -8.708 -8.878 -9.068
0.015 -7.683 -7.633 -7.708 -7.901 -8.044 -8.183 -7.822 -7.924 -8.046 -8.188 -8.328 -8.477 -7.919 -8.091 -8.263 -8.384 -8.494 -8.155 -8.297 -8.417 -8.516 -8.685 -8.706 -8.876 -9.066
0.0154 -7.681 -7.631 -7.706 -7.899 -8.041 -8.18 -7.82 -7.921 -8.044 -8.186 -8.326 -8.475 -7.916 -8.089 -8.261 -8.381 -8.492 -8.153 -8.295 -8.415 -8.514 -8.682 -8.704 -8.873 -9.064
0.0157 -7.678 -7.629 -7.704 -7.897 -8.039 -8.178 -7.817 -7.919 -8.041 -8.183 -8.324 -8.472 -7.914 -8.087 -8.258 -8.379 -8.49 -8.15 -8.293 -8.413 -8.512 -8.68 -8.702 -8.871 -9.061
0.0161 -7.676 -7.627 -7.701 -7.894 -8.037 -8.176 -7.815 -7.917 -8.039 -8.181 -8.322 -8.47 -7.912 -8.084 -8.256 -8.377 -8.488 -8.148 -8.291 -8.411 -8.51 -8.678 -8.7 -8.869 -9.059
0.0165 -7.674 -7.624 -7.699 -7.892 -8.035 -8.174 -7.813 -7.915 -8.037 -8.179 -8.319 -8.468 -7.91 -8.082 -8.254 -8.375 -8.485 -8.146 -8.288 -8.408 -8.507 -8.676 -8.697 -8.867 -9.057
0.0169 -7.67 -7.62 -7.695 -7.888 -8.03 -8.17 -7.809 -7.91 -8.033 -8.175 -8.315 -8.464 -7.905 -8.078 -8.25 -8.37 -8.481 -8.142 -8.284 -8.404 -8.503 -8.671 -8.693 -8.862 -9.053
0.0173 -7.655 -7.606 -7.681 -7.874 -8.016 -8.155 -7.794 -7.896 -8.018 -8.16 -8.301 -8.449 -7.891 -8.064 -8.235 -8.356 -8.467 -8.127 -8.27 -8.39 -8.489 -8.657 -8.679 -8.848 -9.038
0.0177 -7.641 -7.591 -7.666 -7.859 -8.002 -8.141 -7.78 -7.882 -8.004 -8.146 -8.286 -8.435 -7.877 -8.049 -8.221 -8.342 -8.452 -8.113 -8.256 -8.375 -8.474 -8.643 -8.664 -8.834 -9.024
0.0181 -7.627 -7.577 -7.652 -7.845 -7.987 -8.126 -7.766 -7.867 -7.99 -8.132 -8.272 -8.421 -7.862 -8.035 -8.207 -8.327 -8.438 -8.099 -8.241 -8.361 -8.46 -8.628 -8.65 -8.819 -9.01
0.0186 -7.612 -7.563 -7.638 -7.831 -7.973 -8.112 -7.751 -7.853 -7.975 -8.117 -8.258 -8.406 -7.848 -8.02 -8.192 -8.313 -8.424 -8.084 -8.227 -8.347 -8.446 -8.614 -8.636 -8.805 -8.995
0.019 -7.598 -7.548 -7.623 -7.816 -7.959 -8.098 -7.737 -7.839 -7.961 -8.103 -8.243 -8.392 -7.834 -8.006 -8.178 -8.299 -8.409 -8.07 -8.212 -8.332 -8.431 -8.6 -8.621 -8.791 -8.981
0.0195 -7.583 -7.534 -7.609 -7.802 -7.944 -8.083 -7.723 -7.824 -7.947 -8.088 -8.229 -8.378 -7.819 -7.992 -8.164 -8.284 -8.395 -8.056 -8.198 -8.318 -8.417 -8.585 -8.607 -8.776 -8.967
0.02 -7.569 -7.52 -7.594 -7.787 -7.93 -8.069 -7.708 -7.81 -7.932 -8.074 -8.215 -8.363 -7.805 -7.977 -8.149 -8.27 -8.381 -8.041 -8.184 -8.304 -8.403 -8.571 -8.593 -8.762 -8.952
0.0204 -7.555 -7.505 -7.58 -7.773 -7.915 -8.055 -7.694 -7.795 -7.918 -8.06 -8.2 -8.349 -7.79 -7.963 -8.135 -8.256 -8.366 -8.027 -8.169 -8.289 -8.388 -8.556 -8.578 -8.747 -8.938
0.0209 -7.54 -7.491 -7.566 -7.759 -7.901 -8.04 -7.679 -7.781 -7.904 -8.045 -8.186 -8.334 -7.776 -7.949 -8.12 -8.241 -8.352 -8.012 -8.155 -8.275 -8.374 -8.542 -8.564 -8.733 -8.923
0.0214 -7.529 -7.48 -7.555 -7.748 -7.89 -8.029 -7.668 -7.77 -7.892 -8.034 -8.175 -8.323 -7.765 -7.938 -8.109 -8.23 -8.341 -8.001 -8.144 -8.264 -8.363 -8.531 -8.553 -8.722 -8.912
0.022 -7.526 -7.476 -7.551 -7.744 -7.887 -8.026 -7.665 -7.767 -7.889 -8.031 -8.171 -8.32 -7.762 -7.934 -8.106 -8.227 -8.337 -7.998 -8.141 -8.26 -8.359 -8.528 -8.549 -8.719 -8.909
0.0225 -7.523 -7.473 -7.548 -7.741 -7.883 -8.022 -7.662 -7.763 -7.886 -8.028 -8.168 -8.317 -7.758 -7.931 -8.103 -8.223 -8.334 -7.995 -8.137 -8.257 -8.356 -8.524 -8.546 -8.715 -8.906
0.023 -7.519 -7.47 -7.545 -7.737 -7.88 -8.019 -7.658 -7.76 -7.882 -8.024 -8.165 -8.313 -7.755 -7.927 -8.099 -8.22 -8.331 -7.991 -8.134 -8.254 -8.353 -8.521 -8.543 -8.712 -8.902
0.0236 -7.516 -7.466 -7.541 -7.734 -7.877 -8.016 -7.655 -7.756 -7.879 -8.021 -8.161 -8.31 -7.751 -7.924 -8.096 -8.217 -8.327 -7.988 -8.13 -8.25 -8.349 -8.517 -8.539 -8.709 -8.899
0.0242 -7.512 -7.463 -7.538 -7.731 -7.873 -8.012 -7.651 -7.753 -7.876 -8.017 -8.158 -8.306 -7.748 -7.921 -8.092 -8.213 -8.324 -7.984 -8.127 -8.247 -8.346 -8.514 -8.536 -8.705 -8.895
0.0247 -7.509 -7.46 -7.534 -7.727 -7.87 -8.009 -7.648 -7.75 -7.872 -8.014 -8.154 -8.303 -7.745 -7.917 -8.089 -8.21 -8.32 -7.981 -8.124 -8.243 -8.342 -8.511 -8.532 -8.702 -8.892
0.0253 -7.506 -7.456 -7.531 -7.724 -7.866 -8.005 -7.645 -7.746 -7.869 -8.011 -8.151 -8.3 -7.741 -7.914 -8.086 -8.206 -8.317 -7.978 -8.12 -8.24 -8.339 -8.507 -8.529 -8.698 -8.889
0.0259 -7.502 -7.453 -7.528 -7.721 -7.863 -8.002 -7.641 -7.743 -7.865 -8.007 -8.148 -8.296 -7.738 -7.91 -8.082 -8.203 -8.314 -7.974 -8.117 -8.237 -8.336 -8.504 -8.526 -8.695 -8.885
0.0266 -7.499 -7.449 -7.524 -7.717 -7.86 -7.999 -7.638 -7.74 -7.862 -8.004 -8.144 -8.293 -7.734 -7.907 -8.079 -8.2 -8.31 -7.971 -8.113 -8.233 -8.332 -8.501 -8.522 -8.692 -8.882
0.0272 -7.497 -7.448 -7.522 -7.715 -7.858 -7.997 -7.636 -7.738 -7.86 -8.002 -8.143 -8.291 -7.733 -7.905 -8.077 -8.198 -8.309 -7.969 -8.112 -8.231 -8.33 -8.499 -8.52 -8.69 -8.88
0.0279 -7.497 -7.448 -7.523 -7.716 -7.858 -7.997 -7.636 -7.738 -7.86 -8.002 -8.143 -8.291 -7.733 -7.906 -8.077 -8.198 -8.309 -7.969 -8.112 -8.232 -8.331 -8.499 -8.521 -8.69 -8.88
0.0285 -7.498 -7.448 -7.523 -7.716 -7.858 -7.997 -7.637 -7.738 -7.861 -8.003 -8.143 -8.292 -7.733 -7.906 -8.078 -8.198 -8.309 -7.97 -8.112 -8.232 -8.331 -8.499 -8.521 -8.69 -8.881
0.0292 -7.498 -7.448 -7.523 -7.716 -7.859 -7.998 -7.637 -7.739 -7.861 -8.003 -8.143 -8.292 -7.734 -7.906 -8.078 -8.199 -8.309 -7.97 -8.112 -8.232 -8.331 -8.5 -8.521 -8.691 -8.881
0.0299 -7.498 -7.449 -7.524 -7.717 -7.859 -7.998 -7.637 -7.739 -7.861 -8.003 -8.144 -8.292 -7.734 -7.906 -8.078 -8.199 -8.31 -7.97 -8.113 -8.233 -8.332 -8.5 -8.522 -8.691 -8.881
0.0307 -7.498 -7.449 -7.524 -7.717 -7.859 -7.998 -7.638 -7.739 -7.862 -8.003 -8.144 -8.293 -7.734 -7.907 -8.079 -8.199 -8.31 -7.97 -8.113 -8.233 -8.332 -8.5 -8.522 -8.691 -8.882
0.0314 -7.499 -7.449 -7.524 -7.717 -7.859 -7.999 -7.638 -7.739 -7.862 -8.004 -8.144 -8.293 -7.734 -7.907 -8.079 -8.2 -8.31 -7.971 -8.113 -8.233 -8.332 -8.5 -8.522 -8.691 -8.882
0.0322 -7.499 -7.45 -7.524 -7.717 -7.86 -7.999 -7.638 -7.74 -7.862 -8.004 -8.145 -8.293 -7.735 -7.907 -8.079 -8.2 -8.31 -7.971 -8.114 -8.233 -8.332 -8.501 -8.522 -8.692 -8.882
0.0329 -7.499 -7.45 -7.525 -7.718 -7.86 -7.999 -7.638 -7.74 -7.862 -8.004 -8.145 -8.293 -7.735 -7.908 -8.079 -8.2 -8.311 -7.971 -8.114 -8.234 -8.333 -8.501 -8.523 -8.692 -8.882
0.0337 -7.5 -7.45 -7.525 -7.718 -7.86 -7.999 -7.639 -7.74 -7.863 -8.005 -8.145 -8.294 -7.735 -7.908 -8.08 -8.2 -8.311 -7.972 -8.114 -8.234 -8.333 -8.501 -8.523 -8.692 -8.883
0.0345 -7.493 -7.443 -7.518 -7.711 -7.853 -7.992 -7.632 -7.733 -7.856 -7.998 -8.138 -8.287 -7.728 -7.901 -8.073 -8.193 -8.304 -7.965 -8.107 -8.227 -8.326 -8.494 -8.516 -8.685 -8.876
0.0354 -7.48 -7.431 -7.506 -7.699 -7.841 -7.98 -7.62 -7.721 -7.844 -7.986 -8.126 -8.275 -7.716 -7.889 -8.061 -8.181 -8.292 -7.953 -8.095 -8.215 -8.314 -8.482 -8.504 -8.673 -8.864
0.0362 -7.468 -7.419 -7.494 -7.687 -7.829 -7.968 -7.607 -7.709 -7.832 -7.973 -8.114 -8.263 -7.704 -7.877 -8.049 -8.169 -8.28 -7.94 -8.083 -8.203 -8.302 -8.47 -8.492 -8.661 -8.852
0.0371 -7.456 -7.407 -7.482 -7.675 -7.817 -7.956 -7.595 -7.697 -7.819 -7.961 -8.102 -8.25 -7.692 -7.865 -8.036 -8.157 -8.268 -7.928 -8.071 -8.191 -8.29 -8.458 -8.48 -8.649 -8.839
0.038 -7.444 -7.395 -7.47 -7.663 -7.805 -7.944 -7.583 -7.685 -7.807 -7.949 -8.09 -8.238 -7.68 -7.853 -8.024 -8.145 -8.256 -7.916 -8.059 -8.179 -8.278 -8.446 -8.468 -8.637 -8.827
0.0389 -7.432 -7.383 -7.458 -7.651 -7.793 -7.932 -7.571 -7.673 -7.795 -7.937 -8.078 -8.226 -7.668 -7.84 -8.012 -8.133 -8.244 -7.904 -8.047 -8.167 -8.266 -8.434 -8.456 -8.625 -8.815
0.0398 -7.42 -7.371 -7.445 -7.638 -7.781 -7.92 -7.559 -7.661 -7.783 -7.925 -8.066 -8.214 -7.656 -7.828 -8.0 -8.121 -8.232 -7.892 -8.035 -8.155 -8.254 -8.422 -8.444 -8.613 -8.803
0.0408 -7.408 -7.359 -7.433 -7.626 -7.769 -7.908 -7.547 -7.649 -7.771 -7.913 -8.054 -8.202 -7.644 -7.816 -7.988 -8.109 -8.219 -7.88 -8.023 -8.142 -8.241 -8.41 -8.431 -8.601 -8.791
0.0418 -7.396 -7.346 -7.421 -7.614 -7.757 -7.896 -7.535 -7.637 -7.759 -7.901 -8.041 -8.19 -7.632 -7.804 -7.976 -8.097 -8.207 -7.868 -8.011 -8.13 -8.229 -8.398 -8.419 -8.589 -8.779
0.0428 -7.384 -7.334 -7.409 -7.602 -7.745 -7.884 -7.523 -7.625 -7.747 -7.889 -8.029 -8.178 -7.62 -7.792 -7.964 -8.085 -8.195 -7.856 -7.998 -8.118 -8.217 -8.386 -8.407 -8.577 -8.767
0.0438 -7.367 -7.317 -7.392 -7.585 -7.728 -7.867 -7.506 -7.607 -7.73 -7.872 -8.012 -8.161 -7.602 -7.775 -7.947 -8.068 -8.178 -7.839 -7.981 -8.101 -8.2 -8.368 -8.39 -8.56 -8.75
0.0449 -7.348 -7.298 -7.373 -7.566 -7.709 -7.848 -7.487 -7.589 -7.711 -7.853 -7.993 -8.142 -7.584 -7.756 -7.928 -8.049 -8.159 -7.82 -7.962 -8.082 -8.181 -8.35 -8.371 -8.541 -8.731
0.046 -7.329 -7.279 -7.354 -7.547 -7.69 -7.829 -7.468 -7.57 -7.692 -7.834 -7.974 -8.123 -7.565 -7.737 -7.909 -8.03 -8.14 -7.801 -7.944 -8.063 -8.162 -8.331 -8.352 -8.522 -8.712
0.0471 -7.31 -7.261 -7.335 -7.528 -7.671 -7.81 -7.449 -7.551 -7.673 -7.815 -7.956 -8.104 -7.546 -7.718 -7.89 -8.011 -8.121 -7.782 -7.925 -8.044 -8.143 -8.312 -8.333 -8.503 -8.693
0.0482 -7.291 -7.242 -7.316 -7.509 -7.652 -7.791 -7.43 -7.532 -7.654 -7.796 -7.937 -8.085 -7.527 -7.699 -7.871 -7.992 -8.103 -7.763 -7.906 -8.026 -8.125 -8.293 -8.314 -8.484 -8.674
0.0494 -7.272 -7.223 -7.298 -7.49 -7.633 -7.772 -7.411 -7.513 -7.635 -7.777 -7.918 -8.066 -7.508 -7.68 -7.852 -7.973 -8.084 -7.744 -7.887 -8.007 -8.106 -8.274 -8.296 -8.465 -8.655
0.0506 -7.253 -7.204 -7.279 -7.472 -7.614 -7.753 -7.392 -7.494 -7.616 -7.758 -7.899 -8.047 -7.489 -7.662 -7.833 -7.954 -8.065 -7.725 -7.868 -7.988 -8.087 -8.255 -8.277 -8.446 -8.636
0.0518 -7.234 -7.185 -7.26 -7.453 -7.595 -7.734 -7.373 -7.475 -7.597 -7.739 -7.88 -8.028 -7.47 -7.643 -7.814 -7.935 -8.046 -7.706 -7.849 -7.969 -8.068 -8.236 -8.258 -8.427 -8.617
0.053 -7.215 -7.166 -7.241 -7.434 -7.576 -7.715 -7.354 -7.456 -7.579 -7.72 -7.861 -8.009 -7.451 -7.624 -7.796 -7.916 -8.027 -7.687 -7.83 -7.95 -8.049 -8.217 -8.239 -8.408 -8.598
0.0543 -7.196 -7.147 -7.222 -7.415 -7.557 -7.696 -7.336 -7.437 -7.56 -7.702 -7.842 -7.991 -7.432 -7.605 -7.777 -7.897 -8.008 -7.669 -7.811 -7.931 -8.03 -8.198 -8.22 -8.389 -8.58
0.0556 -7.176 -7.126 -7.201 -7.394 -7.537 -7.676 -7.315 -7.417 -7.539 -7.681 -7.821 -7.97 -7.412 -7.584 -7.756 -7.877 -7.987 -7.648 -7.79 -7.91 -8.009 -8.178 -8.199 -8.369 -8.559
0.057 -7.155 -7.105 -7.18 -7.373 -7.516 -7.655 -7.294 -7.396 -7.518 -7.66 -7.8 -7.949 -7.391 -7.563 -7.735 -7.856 -7.966 -7.627 -7.77 -7.889 -7.988 -8.157 -8.178 -8.348 -8.538
0.0584 -7.134 -7.085 -7.159 -7.352 -7.495 -7.634 -7.273 -7.375 -7.497 -7.639 -7.78 -7.928 -7.37 -7.542 -7.714 -7.835 -7.945 -7.606 -7.749 -7.868 -7.967 -8.136 -8.157 -8.327 -8.517
0.0598 -7.113 -7.064 -7.138 -7.331 -7.474 -7.613 -7.252 -7.354 -7.476 -7.618 -7.759 -7.907 -7.349 -7.521 -7.693 -7.814 -7.925 -7.585 -7.728 -7.848 -7.947 -8.115 -8.137 -8.306 -8.496
0.0612 -7.092 -7.043 -7.118 -7.311 -7.453 -7.592 -7.231 -7.333 -7.455 -7.597 -7.738 -7.886 -7.328 -7.5 -7.672 -7.793 -7.904 -7.564 -7.707 -7.827 -7.926 -8.094 -8.116 -8.285 -8.475
0.0627 -7.071 -7.022 -7.097 -7.29 -7.432 -7.571 -7.21 -7.312 -7.434 -7.576 -7.717 -7.865 -7.307 -7.48 -7.651 -7.772 -7.883 -7.543 -7.686 -7.806 -7.905 -8.073 -8.095 -8.264 -8.454
0.0642 -7.05 -7.001 -7.076 -7.269 -7.411 -7.55 -7.189 -7.291 -7.414 -7.555 -7.696 -7.844 -7.286 -7.459 -7.63 -7.751 -7.862 -7.522 -7.665 -7.785 -7.884 -8.052 -8.074 -8.243 -8.433
0.0657 -7.029 -6.98 -7.055 -7.248 -7.39 -7.529 -7.169 -7.27 -7.393 -7.534 -7.675 -7.824 -7.265 -7.438 -7.61 -7.73 -7.841 -7.501 -7.644 -7.764 -7.863 -8.031 -8.053 -8.222 -8.413
0.0673 -7.009 -6.959 -7.034 -7.227 -7.369 -7.508 -7.148 -7.249 -7.372 -7.514 -7.654 -7.803 -7.244 -7.417 -7.589 -7.709 -7.82 -7.481 -7.623 -7.743 -7.842 -8.01 -8.032 -8.201 -8.392
0.0689 -6.987 -6.938 -7.013 -7.206 -7.348 -7.487 -7.127 -7.228 -7.351 -7.493 -7.633 -7.782 -7.223 -7.396 -7.568 -7.688 -7.799 -7.46 -7.602 -7.722 -7.821 -7.989 -8.011 -8.18 -8.371
0.0706 -6.957 -6.908 -6.983 -7.176 -7.318 -7.457 -7.096 -7.198 -7.321 -7.462 -7.603 -7.751 -7.193 -7.366 -7.538 -7.658 -7.769 -7.429 -7.572 -7.692 -7.791 -7.959 -7.981 -8.15 -8.341
0.0723 -6.927 -6.878 -6.953 -7.146 -7.288 -7.427 -7.066 -7.168 -7.29 -7.432 -7.573 -7.721 -7.163 -7.336 -7.507 -7.628 -7.739 -7.399 -7.542 -7.662 -7.761 -7.929 -7.951 -8.12 -8.31
0.0741 -6.897 -6.848 -6.923 -7.116 -7.258 -7.397 -7.036 -7.138 -7.26 -7.402 -7.543 -7.691 -7.133 -7.306 -7.477 -7.598 -7.709 -7.369 -7.512 -7.632 -7.731 -7.899 -7.921 -8.09 -8.28
0.0758 -6.867 -6.818 -6.893 -7.086 -7.228 -7.367 -7.006 -7.108 -7.23 -7.372 -7.513 -7.661 -7.103 -7.275 -7.447 -7.568 -7.679 -7.339 -7.482 -7.602 -7.701 -7.869 -7.891 -8.06 -8.25
0.0777 -6.837 -6.788 -6.862 -7.055 -7.198 -7.337 -6.976 -7.078 -7.2 -7.342 -7.483 -7.631 -7.073 -7.245 -7.417 -7.538 -7.649 -7.309 -7.452 -7.572 -7.671 -7.839 -7.861 -8.03 -8.22
0.0795 -6.807 -6.758 -6.832 -7.025 -7.168 -7.307 -6.946 -7.048 -7.17 -7.312 -7.453 -7.601 -7.043 -7.215 -7.387 -7.508 -7.618 -7.279 -7.422 -7.541 -7.64 -7.809 -7.83 -8.0 -8.19
0.0815 -6.777 -6.727 -6.802 -6.995 -7.138 -7.277 -6.916 -7.018 -7.14 -7.282 -7.422 -7.571 -7.013 -7.185 -7.357 -7.478 -7.588 -7.249 -7.392 -7.511 -7.61 -7.779 -7.8 -7.97 -8.16
