web/models/grb/onaxis/4/grb_0.0000_1.9307_0.0000158.dat
# %ECSV 1.0
# ---
# datatype:
# - {name: time, datatype: float64}
# - {name: swift_uvot_uvw2, datatype: float64}
# - {name: swift_uvot_uvm2, datatype: float64}
# - {name: swift_uvot_uvw1, datatype: float64}
# - {name: swift_uvot_U, datatype: float64}
# - {name: swift_uvot_B, datatype: float64}
# - {name: swift_uvot_V, datatype: float64}
# - {name: swift_uvot_W, datatype: float64}
# - {name: johnson_U, datatype: float64}
# - {name: johnson_B, datatype: float64}
# - {name: johnson_V, datatype: float64}
# - {name: johnson_R, datatype: float64}
# - {name: johnson_I, datatype: float64}
# - {name: sdss_u, datatype: float64}
# - {name: sdss_g, datatype: float64}
# - {name: sdss_r, datatype: float64}
# - {name: sdss_i, datatype: float64}
# - {name: sdss_z, datatype: float64}
# - {name: PS1_g, datatype: float64}
# - {name: PS1_r, datatype: float64}
# - {name: PS1_i, datatype: float64}
# - {name: PS1_z, datatype: float64}
# - {name: PS1_Y, datatype: float64}
# - {name: PS1_w, datatype: float64}
# - {name: ATLAS_c, datatype: float64}
# - {name: ATLAS_o, datatype: float64}
# - {name: ukirt_J, datatype: float64}
# - {name: ukirt_H, datatype: float64}
# - {name: ukirt_K, datatype: float64}
# - {name: Clear, datatype: float64}
# meta: !!omap
# - comment: [E = 0.0008378552168254813, Eta0 = 8.02, GammaB = 12.0, dL = 0.012188, epsb = 6.760829753919819e-06, epse = 0.1, n = 1.584893192461114e-05,
#     p = 2.15, theta_obs = 0.0, xiN = 1.0, z = 0.0, type = grb, E_kiso = 1.9306977288832496]
# schema: astropy-2.0
time swift_uvot_uvw2 swift_uvot_uvm2 swift_uvot_uvw1 swift_uvot_U swift_uvot_B swift_uvot_V swift_uvot_W johnson_U johnson_B johnson_V johnson_R johnson_I sdss_u sdss_g sdss_r sdss_i sdss_z PS1_g PS1_r PS1_i PS1_z PS1_Y PS1_w ATLAS_c ATLAS_o ukirt_J ukirt_H ukirt_K Clear
0.01 -0.07 -0.021 -0.096 -0.289 -0.431 -0.57 -0.209 -0.311 -0.433 -0.575 -0.716 -0.864 -0.306 -0.478 -0.65 -0.771 -0.882 -0.542 -0.685 -0.805 -0.904 -1.072 -0.648 -0.553 -0.706 -1.094 -1.263 -1.453 -0.738
0.0102 -0.029 0.021 -0.054 -0.247 -0.39 -0.529 -0.168 -0.27 -0.392 -0.534 -0.674 -0.823 -0.264 -0.437 -0.609 -0.73 -0.84 -0.501 -0.643 -0.763 -0.862 -1.031 -0.607 -0.511 -0.664 -1.052 -1.222 -1.412 -0.697
0.0105 0.013 0.062 -0.013 -0.206 -0.348 -0.487 -0.126 -0.228 -0.351 -0.492 -0.633 -0.781 -0.223 -0.396 -0.568 -0.688 -0.799 -0.459 -0.602 -0.722 -0.821 -0.989 -0.565 -0.47 -0.623 -1.011 -1.18 -1.37 -0.655
0.0107 0.054 0.103 0.029 -0.164 -0.307 -0.446 -0.085 -0.187 -0.309 -0.451 -0.592 -0.74 -0.182 -0.354 -0.526 -0.647 -0.757 -0.418 -0.561 -0.68 -0.779 -0.948 -0.524 -0.429 -0.581 -0.969 -1.139 -1.329 -0.614
0.011 0.095 0.145 0.07 -0.123 -0.265 -0.405 -0.044 -0.145 -0.268 -0.41 -0.55 -0.699 -0.14 -0.313 -0.485 -0.605 -0.716 -0.377 -0.519 -0.639 -0.738 -0.906 -0.482 -0.387 -0.54 -0.928 -1.097 -1.288 -0.573
0.0113 0.137 0.186 0.111 -0.082 -0.224 -0.363 -0.002 -0.104 -0.226 -0.368 -0.509 -0.657 -0.099 -0.272 -0.443 -0.564 -0.675 -0.335 -0.478 -0.598 -0.697 -0.865 -0.441 -0.346 -0.499 -0.887 -1.056 -1.246 -0.531
0.0115 0.178 0.228 0.153 -0.04 -0.183 -0.322 0.039 -0.063 -0.185 -0.327 -0.467 -0.616 -0.058 -0.23 -0.402 -0.523 -0.633 -0.294 -0.436 -0.556 -0.655 -0.824 -0.4 -0.305 -0.457 -0.845 -1.015 -1.205 -0.49
0.0118 0.22 0.269 0.194 0.001 -0.141 -0.28 0.08 -0.021 -0.144 -0.286 -0.426 -0.575 -0.016 -0.189 -0.361 -0.481 -0.592 -0.253 -0.395 -0.515 -0.614 -0.782 -0.358 -0.263 -0.416 -0.804 -0.973 -1.164 -0.449
0.0121 0.242 0.292 0.217 0.024 -0.118 -0.258 0.103 0.002 -0.121 -0.263 -0.403 -0.552 0.007 -0.166 -0.338 -0.459 -0.569 -0.23 -0.372 -0.492 -0.591 -0.759 -0.336 -0.24 -0.393 -0.781 -0.95 -1.141 -0.426
0.0124 0.261 0.31 0.235 0.042 -0.1 -0.239 0.122 0.02 -0.102 -0.244 -0.385 -0.533 0.025 -0.147 -0.319 -0.44 -0.551 -0.211 -0.354 -0.474 -0.573 -0.741 -0.317 -0.222 -0.375 -0.763 -0.932 -1.122 -0.407
0.0127 0.279 0.329 0.254 0.061 -0.081 -0.221 0.14 0.039 -0.084 -0.226 -0.366 -0.515 0.044 -0.129 -0.301 -0.422 -0.532 -0.193 -0.335 -0.455 -0.554 -0.722 -0.299 -0.203 -0.356 -0.744 -0.913 -1.104 -0.389
0.013 0.298 0.347 0.272 0.079 -0.063 -0.202 0.159 0.057 -0.065 -0.207 -0.348 -0.496 0.062 -0.11 -0.282 -0.403 -0.514 -0.174 -0.317 -0.437 -0.536 -0.704 -0.28 -0.185 -0.338 -0.726 -0.895 -1.085 -0.37
0.0133 0.316 0.366 0.291 0.098 -0.044 -0.184 0.177 0.076 -0.047 -0.189 -0.329 -0.478 0.081 -0.092 -0.264 -0.384 -0.495 -0.156 -0.298 -0.418 -0.517 -0.685 -0.262 -0.166 -0.319 -0.707 -0.876 -1.067 -0.352
0.0136 0.335 0.384 0.309 0.117 -0.026 -0.165 0.196 0.094 -0.028 -0.17 -0.311 -0.459 0.099 -0.073 -0.245 -0.366 -0.477 -0.137 -0.28 -0.4 -0.499 -0.667 -0.243 -0.148 -0.301 -0.689 -0.858 -1.048 -0.333
0.014 0.353 0.403 0.328 0.135 -0.007 -0.147 0.214 0.113 -0.01 -0.152 -0.292 -0.441 0.118 -0.055 -0.227 -0.347 -0.458 -0.119 -0.261 -0.381 -0.48 -0.648 -0.225 -0.129 -0.282 -0.67 -0.839 -1.03 -0.315
0.0143 0.372 0.421 0.346 0.154 0.011 -0.128 0.233 0.131 0.009 -0.133 -0.274 -0.422 0.136 -0.036 -0.208 -0.329 -0.44 -0.1 -0.243 -0.363 -0.462 -0.63 -0.206 -0.111 -0.264 -0.652 -0.821 -1.011 -0.296
0.0146 0.39 0.44 0.365 0.172 0.03 -0.109 0.251 0.15 0.027 -0.115 -0.255 -0.404 0.155 -0.018 -0.19 -0.31 -0.421 -0.082 -0.224 -0.344 -0.443 -0.611 -0.187 -0.092 -0.245 -0.633 -0.802 -0.993 -0.278
0.015 0.406 0.455 0.381 0.188 0.045 -0.094 0.267 0.165 0.043 -0.099 -0.24 -0.388 0.17 -0.002 -0.174 -0.295 -0.405 -0.066 -0.209 -0.328 -0.427 -0.596 -0.172 -0.077 -0.229 -0.617 -0.787 -0.977 -0.262
0.0154 0.406 0.455 0.38 0.187 0.045 -0.094 0.267 0.165 0.043 -0.099 -0.24 -0.388 0.17 -0.003 -0.174 -0.295 -0.406 -0.066 -0.209 -0.329 -0.428 -0.596 -0.172 -0.077 -0.23 -0.618 -0.787 -0.977 -0.262
0.0157 0.405 0.455 0.38 0.187 0.045 -0.094 0.266 0.165 0.042 -0.1 -0.24 -0.389 0.17 -0.003 -0.175 -0.295 -0.406 -0.067 -0.209 -0.329 -0.428 -0.596 -0.172 -0.077 -0.23 -0.618 -0.787 -0.978 -0.263
0.0161 0.405 0.455 0.38 0.187 0.044 -0.095 0.266 0.164 0.042 -0.1 -0.24 -0.389 0.169 -0.003 -0.175 -0.296 -0.406 -0.067 -0.209 -0.329 -0.428 -0.597 -0.173 -0.078 -0.23 -0.618 -0.788 -0.978 -0.263
0.0165 0.405 0.454 0.379 0.187 0.044 -0.095 0.266 0.164 0.042 -0.1 -0.241 -0.389 0.169 -0.003 -0.175 -0.296 -0.407 -0.067 -0.21 -0.33 -0.429 -0.597 -0.173 -0.078 -0.231 -0.619 -0.788 -0.978 -0.263
0.0169 0.405 0.454 0.379 0.186 0.044 -0.095 0.265 0.164 0.041 -0.1 -0.241 -0.39 0.169 -0.004 -0.176 -0.296 -0.407 -0.067 -0.21 -0.33 -0.429 -0.597 -0.173 -0.078 -0.231 -0.619 -0.788 -0.979 -0.264
0.0173 0.404 0.454 0.379 0.186 0.044 -0.096 0.265 0.164 0.041 -0.101 -0.241 -0.39 0.169 -0.004 -0.176 -0.297 -0.407 -0.068 -0.21 -0.33 -0.429 -0.597 -0.174 -0.078 -0.231 -0.619 -0.788 -0.979 -0.264
0.0177 0.404 0.453 0.379 0.186 0.043 -0.096 0.265 0.163 0.041 -0.101 -0.242 -0.39 0.168 -0.004 -0.176 -0.297 -0.407 -0.068 -0.211 -0.33 -0.429 -0.598 -0.174 -0.079 -0.231 -0.619 -0.789 -0.979 -0.264
0.0181 0.404 0.453 0.378 0.185 0.043 -0.096 0.265 0.163 0.041 -0.101 -0.242 -0.39 0.168 -0.005 -0.176 -0.297 -0.408 -0.068 -0.211 -0.331 -0.43 -0.598 -0.174 -0.079 -0.232 -0.62 -0.789 -0.979 -0.264
0.0186 0.403 0.453 0.378 0.185 0.043 -0.096 0.264 0.163 0.04 -0.102 -0.242 -0.391 0.168 -0.005 -0.177 -0.297 -0.408 -0.069 -0.211 -0.331 -0.43 -0.598 -0.174 -0.079 -0.232 -0.62 -0.789 -0.98 -0.265
0.019 0.399 0.449 0.374 0.181 0.038 -0.101 0.26 0.158 0.036 -0.106 -0.246 -0.395 0.163 -0.009 -0.181 -0.302 -0.412 -0.073 -0.215 -0.335 -0.434 -0.603 -0.179 -0.084 -0.236 -0.624 -0.794 -0.984 -0.269
0.0195 0.391 0.44 0.365 0.172 0.03 -0.109 0.252 0.15 0.028 -0.114 -0.255 -0.403 0.155 -0.018 -0.189 -0.31 -0.421 -0.081 -0.224 -0.344 -0.443 -0.611 -0.187 -0.092 -0.245 -0.633 -0.802 -0.992 -0.277
0.02 0.382 0.432 0.357 0.164 0.021 -0.118 0.243 0.142 0.019 -0.123 -0.263 -0.412 0.147 -0.026 -0.198 -0.319 -0.429 -0.09 -0.232 -0.352 -0.451 -0.619 -0.196 -0.1 -0.253 -0.641 -0.811 -1.001 -0.286
0.0204 0.374 0.423 0.348 0.155 0.013 -0.126 0.235 0.133 0.011 -0.131 -0.272 -0.42 0.138 -0.034 -0.206 -0.327 -0.438 -0.098 -0.241 -0.361 -0.46 -0.628 -0.204 -0.109 -0.262 -0.65 -0.819 -1.009 -0.294
0.0209 0.365 0.415 0.34 0.147 0.005 -0.135 0.226 0.125 0.002 -0.14 -0.28 -0.429 0.13 -0.043 -0.215 -0.335 -0.446 -0.107 -0.249 -0.369 -0.468 -0.636 -0.212 -0.117 -0.27 -0.658 -0.827 -1.018 -0.303
0.0214 0.357 0.406 0.332 0.139 -0.004 -0.143 0.218 0.116 -0.006 -0.148 -0.289 -0.437 0.121 -0.051 -0.223 -0.344 -0.455 -0.115 -0.258 -0.377 -0.477 -0.645 -0.221 -0.126 -0.279 -0.666 -0.836 -1.026 -0.311
0.022 0.349 0.398 0.323 0.13 -0.012 -0.151 0.209 0.108 -0.015 -0.157 -0.297 -0.446 0.113 -0.06 -0.232 -0.352 -0.463 -0.124 -0.266 -0.386 -0.485 -0.653 -0.229 -0.134 -0.287 -0.675 -0.844 -1.035 -0.32
0.0225 0.34 0.39 0.315 0.122 -0.021 -0.16 0.201 0.099 -0.023 -0.165 -0.305 -0.454 0.104 -0.068 -0.24 -0.361 -0.471 -0.132 -0.275 -0.394 -0.493 -0.662 -0.238 -0.143 -0.295 -0.683 -0.853 -1.043 -0.328
0.023 0.332 0.381 0.306 0.113 -0.029 -0.168 0.193 0.091 -0.032 -0.173 -0.314 -0.462 0.096 -0.077 -0.248 -0.369 -0.48 -0.14 -0.283 -0.403 -0.502 -0.67 -0.246 -0.151 -0.304 -0.692 -0.861 -1.051 -0.336
0.0236 0.323 0.373 0.298 0.105 -0.038 -0.177 0.184 0.082 -0.04 -0.182 -0.322 -0.471 0.088 -0.085 -0.257 -0.378 -0.488 -0.149 -0.291 -0.411 -0.51 -0.679 -0.255 -0.159 -0.312 -0.7 -0.87 -1.06 -0.345
0.0242 0.311 0.361 0.286 0.093 -0.05 -0.189 0.172 0.07 -0.052 -0.194 -0.334 -0.483 0.075 -0.097 -0.269 -0.39 -0.5 -0.161 -0.303 -0.423 -0.522 -0.691 -0.267 -0.172 -0.324 -0.712 -0.882 -1.072 -0.357
0.0247 0.298 0.348 0.273 0.08 -0.062 -0.202 0.159 0.058 -0.065 -0.207 -0.347 -0.496 0.063 -0.11 -0.282 -0.403 -0.513 -0.174 -0.316 -0.436 -0.535 -0.703 -0.28 -0.184 -0.337 -0.725 -0.894 -1.085 -0.37
0.0253 0.286 0.335 0.26 0.067 -0.075 -0.214 0.146 0.045 -0.078 -0.22 -0.36 -0.509 0.05 -0.123 -0.295 -0.415 -0.526 -0.187 -0.329 -0.449 -0.548 -0.716 -0.292 -0.197 -0.35 -0.738 -0.907 -1.098 -0.383
0.0259 0.273 0.322 0.247 0.054 -0.088 -0.227 0.134 0.032 -0.09 -0.232 -0.373 -0.521 0.037 -0.136 -0.307 -0.428 -0.539 -0.199 -0.342 -0.462 -0.561 -0.729 -0.305 -0.21 -0.363 -0.751 -0.92 -1.11 -0.395
0.0266 0.26 0.309 0.234 0.042 -0.101 -0.24 0.121 0.019 -0.103 -0.245 -0.386 -0.534 0.024 -0.148 -0.32 -0.441 -0.552 -0.212 -0.355 -0.475 -0.574 -0.742 -0.318 -0.223 -0.376 -0.764 -0.933 -1.123 -0.408
0.0272 0.247 0.297 0.222 0.029 -0.114 -0.253 0.108 0.006 -0.116 -0.258 -0.398 -0.547 0.011 -0.161 -0.333 -0.454 -0.564 -0.225 -0.368 -0.487 -0.586 -0.755 -0.331 -0.236 -0.388 -0.776 -0.946 -1.136 -0.421
0.0279 0.234 0.284 0.209 0.016 -0.126 -0.266 0.095 -0.006 -0.129 -0.271 -0.411 -0.56 -0.001 -0.174 -0.346 -0.467 -0.577 -0.238 -0.38 -0.5 -0.599 -0.767 -0.344 -0.248 -0.401 -0.789 -0.958 -1.149 -0.434
0.0285 0.221 0.271 0.196 0.003 -0.139 -0.278 0.082 -0.019 -0.142 -0.284 -0.424 -0.573 -0.014 -0.187 -0.359 -0.479 -0.59 -0.251 -0.393 -0.513 -0.612 -0.78 -0.356 -0.261 -0.414 -0.802 -0.971 -1.162 -0.447
0.0292 0.209 0.258 0.183 -0.01 -0.152 -0.291 0.07 -0.032 -0.155 -0.296 -0.437 -0.585 -0.027 -0.2 -0.371 -0.492 -0.603 -0.263 -0.406 -0.526 -0.625 -0.793 -0.369 -0.274 -0.427 -0.815 -0.984 -1.174 -0.459
0.0299 0.196 0.245 0.17 -0.022 -0.165 -0.304 0.057 -0.045 -0.167 -0.309 -0.45 -0.598 -0.04 -0.212 -0.384 -0.505 -0.616 -0.276 -0.419 -0.539 -0.638 -0.806 -0.382 -0.287 -0.44 -0.828 -0.997 -1.187 -0.472
0.0307 0.183 0.233 0.158 -0.035 -0.178 -0.317 0.044 -0.058 -0.18 -0.322 -0.462 -0.611 -0.053 -0.225 -0.397 -0.518 -0.628 -0.289 -0.431 -0.551 -0.65 -0.819 -0.395 -0.299 -0.452 -0.84 -1.01 -1.2 -0.485
0.0314 0.171 0.22 0.145 -0.048 -0.19 -0.329 0.031 -0.07 -0.193 -0.335 -0.475 -0.624 -0.065 -0.238 -0.41 -0.53 -0.641 -0.302 -0.444 -0.564 -0.663 -0.831 -0.407 -0.312 -0.465 -0.853 -1.022 -1.213 -0.498
0.0322 0.158 0.207 0.132 -0.06 -0.203 -0.342 0.019 -0.083 -0.205 -0.347 -0.488 -0.636 -0.078 -0.25 -0.422 -0.543 -0.654 -0.314 -0.457 -0.577 -0.676 -0.844 -0.42 -0.325 -0.478 -0.866 -1.035 -1.225 -0.51
0.0329 0.145 0.195 0.12 -0.073 -0.216 -0.355 0.006 -0.096 -0.218 -0.36 -0.5 -0.649 -0.091 -0.263 -0.435 -0.556 -0.666 -0.327 -0.469 -0.589 -0.688 -0.857 -0.433 -0.337 -0.49 -0.878 -1.048 -1.238 -0.523
0.0337 0.133 0.182 0.107 -0.086 -0.228 -0.367 -0.007 -0.108 -0.231 -0.373 -0.513 -0.662 -0.103 -0.276 -0.448 -0.568 -0.679 -0.34 -0.482 -0.602 -0.701 -0.869 -0.445 -0.35 -0.503 -0.891 -1.06 -1.251 -0.536
0.0345 0.12 0.169 0.094 -0.098 -0.241 -0.38 -0.019 -0.121 -0.243 -0.385 -0.526 -0.674 -0.116 -0.288 -0.46 -0.581 -0.692 -0.352 -0.495 -0.615 -0.714 -0.882 -0.458 -0.363 -0.516 -0.904 -1.073 -1.263 -0.548
0.0354 0.107 0.157 0.082 -0.111 -0.254 -0.393 -0.032 -0.134 -0.256 -0.398 -0.538 -0.687 -0.128 -0.301 -0.473 -0.594 -0.704 -0.365 -0.507 -0.627 -0.726 -0.895 -0.471 -0.375 -0.528 -0.916 -1.086 -1.276 -0.561
0.0362 0.095 0.144 0.069 -0.124 -0.266 -0.405 -0.045 -0.146 -0.269 -0.41 -0.551 -0.7 -0.141 -0.314 -0.486 -0.606 -0.717 -0.378 -0.52 -0.64 -0.739 -0.907 -0.483 -0.388 -0.541 -0.929 -1.098 -1.289 -0.574
0.0371 0.082 0.131 0.056 -0.136 -0.279 -0.418 -0.057 -0.159 -0.281 -0.423 -0.564 -0.712 -0.154 -0.326 -0.498 -0.619 -0.73 -0.39 -0.533 -0.653 -0.752 -0.92 -0.496 -0.401 -0.554 -0.942 -1.111 -1.301 -0.586
0.038 0.071 0.121 0.046 -0.147 -0.289 -0.429 -0.068 -0.169 -0.292 -0.434 -0.574 -0.723 -0.164 -0.337 -0.509 -0.629 -0.74 -0.401 -0.543 -0.663 -0.762 -0.93 -0.507 -0.411 -0.564 -0.952 -1.121 -1.312 -0.597
0.0389 0.063 0.112 0.038 -0.155 -0.298 -0.437 -0.076 -0.178 -0.3 -0.442 -0.583 -0.731 -0.173 -0.345 -0.517 -0.638 -0.749 -0.409 -0.552 -0.672 -0.771 -0.939 -0.515 -0.42 -0.573 -0.961 -1.13 -1.32 -0.605
0.0398 0.054 0.104 0.029 -0.164 -0.306 -0.445 -0.085 -0.186 -0.309 -0.451 -0.591 -0.74 -0.181 -0.354 -0.526 -0.646 -0.757 -0.418 -0.56 -0.68 -0.779 -0.947 -0.523 -0.428 -0.581 -0.969 -1.138 -1.329 -0.614
0.0408 0.046 0.095 0.021 -0.172 -0.315 -0.454 -0.093 -0.195 -0.317 -0.459 -0.6 -0.748 -0.19 -0.362 -0.534 -0.655 -0.766 -0.426 -0.569 -0.688 -0.787 -0.956 -0.532 -0.437 -0.589 -0.977 -1.147 -1.337 -0.622
0.0418 0.038 0.087 0.012 -0.181 -0.323 -0.462 -0.102 -0.203 -0.326 -0.468 -0.608 -0.757 -0.198 -0.371 -0.543 -0.663 -0.774 -0.435 -0.577 -0.697 -0.796 -0.964 -0.54 -0.445 -0.598 -0.986 -1.155 -1.346 -0.631
0.0428 0.029 0.078 0.004 -0.189 -0.332 -0.471 -0.11 -0.212 -0.334 -0.476 -0.616 -0.765 -0.207 -0.379 -0.551 -0.672 -0.782 -0.443 -0.586 -0.705 -0.804 -0.973 -0.549 -0.454 -0.606 -0.994 -1.164 -1.354 -0.639
0.0438 0.021 0.07 -0.005 -0.198 -0.34 -0.479 -0.119 -0.22 -0.343 -0.484 -0.625 -0.774 -0.215 -0.388 -0.56 -0.68 -0.791 -0.451 -0.594 -0.714 -0.813 -0.981 -0.557 -0.462 -0.615 -1.003 -1.172 -1.363 -0.648
0.0449 0.012 0.062 -0.013 -0.206 -0.349 -0.488 -0.127 -0.229 -0.351 -0.493 -0.633 -0.782 -0.224 -0.396 -0.568 -0.689 -0.799 -0.46 -0.602 -0.722 -0.821 -0.99 -0.566 -0.471 -0.623 -1.011 -1.181 -1.371 -0.656
0.046 0.004 0.053 -0.022 -0.215 -0.357 -0.496 -0.135 -0.237 -0.36 -0.501 -0.642 -0.79 -0.232 -0.405 -0.576 -0.697 -0.808 -0.468 -0.611 -0.731 -0.83 -0.998 -0.574 -0.479 -0.632 -1.02 -1.189 -1.379 -0.664
0.0471 -0.005 0.045 -0.03 -0.223 -0.366 -0.505 -0.144 -0.246 -0.368 -0.51 -0.65 -0.799 -0.241 -0.413 -0.585 -0.706 -0.816 -0.477 -0.619 -0.739 -0.838 -1.007 -0.583 -0.488 -0.64 -1.028 -1.198 -1.388 -0.673
0.0482 -0.01 0.039 -0.036 -0.229 -0.371 -0.51 -0.15 -0.251 -0.374 -0.515 -0.656 -0.805 -0.246 -0.419 -0.591 -0.711 -0.822 -0.482 -0.625 -0.745 -0.844 -1.012 -0.588 -0.493 -0.646 -1.034 -1.203 -1.394 -0.679
0.0494 -0.015 0.035 -0.04 -0.233 -0.375 -0.514 -0.154 -0.255 -0.378 -0.52 -0.66 -0.809 -0.25 -0.423 -0.595 -0.715 -0.826 -0.487 -0.629 -0.749 -0.848 -1.016 -0.592 -0.497 -0.65 -1.038 -1.207 -1.398 -0.683
0.0506 -0.019 0.031 -0.044 -0.237 -0.379 -0.519 -0.158 -0.259 -0.382 -0.524 -0.664 -0.813 -0.254 -0.427 -0.599 -0.72 -0.83 -0.491 -0.633 -0.753 -0.852 -1.02 -0.597 -0.501 -0.654 -1.042 -1.211 -1.402 -0.687
0.0518 -0.023 0.027 -0.048 -0.241 -0.384 -0.523 -0.162 -0.264 -0.386 -0.528 -0.668 -0.817 -0.259 -0.431 -0.603 -0.724 -0.834 -0.495 -0.637 -0.757 -0.856 -1.025 -0.601 -0.506 -0.658 -1.046 -1.216 -1.406 -0.691
0.053 -0.027 0.022 -0.052 -0.245 -0.388 -0.527 -0.166 -0.268 -0.39 -0.532 -0.673 -0.821 -0.263 -0.435 -0.607 -0.728 -0.838 -0.499 -0.642 -0.761 -0.86 -1.029 -0.605 -0.51 -0.662 -1.05 -1.22 -1.41 -0.695
0.0543 -0.031 0.018 -0.057 -0.25 -0.392 -0.531 -0.17 -0.272 -0.394 -0.536 -0.677 -0.825 -0.267 -0.439 -0.611 -0.732 -0.843 -0.503 -0.646 -0.766 -0.865 -1.033 -0.609 -0.514 -0.667 -1.055 -1.224 -1.414 -0.699
0.0556 -0.035 0.014 -0.061 -0.254 -0.396 -0.535 -0.174 -0.276 -0.398 -0.54 -0.681 -0.829 -0.271 -0.444 -0.615 -0.736 -0.847 -0.507 -0.65 -0.77 -0.869 -1.037 -0.613 -0.518 -0.671 -1.059 -1.228 -1.418 -0.703
0.057 -0.039 0.01 -0.065 -0.258 -0.4 -0.539 -0.179 -0.28 -0.403 -0.544 -0.685 -0.834 -0.275 -0.448 -0.62 -0.74 -0.851 -0.511 -0.654 -0.774 -0.873 -1.041 -0.617 -0.522 -0.675 -1.063 -1.232 -1.423 -0.708
0.0584 -0.044 0.006 -0.069 -0.262 -0.404 -0.543 -0.183 -0.284 -0.407 -0.549 -0.689 -0.838 -0.279 -0.452 -0.624 -0.744 -0.855 -0.516 -0.658 -0.778 -0.877 -1.045 -0.621 -0.526 -0.679 -1.067 -1.236 -1.427 -0.712
0.0598 -0.048 0.002 -0.073 -0.266 -0.409 -0.548 -0.187 -0.288 -0.411 -0.553 -0.693 -0.842 -0.283 -0.456 -0.628 -0.749 -0.859 -0.52 -0.662 -0.782 -0.881 -1.049 -0.626 -0.53 -0.683 -1.071 -1.241 -1.431 -0.716
0.0612 -0.043 0.007 -0.068 -0.261 -0.403 -0.543 -0.182 -0.283 -0.406 -0.548 -0.688 -0.837 -0.278 -0.451 -0.623 -0.743 -0.854 -0.515 -0.657 -0.777 -0.876 -1.044 -0.621 -0.525 -0.678 -1.066 -1.235 -1.426 -0.711
0.0627 -0.035 0.014 -0.061 -0.254 -0.396 -0.535 -0.174 -0.276 -0.398 -0.54 -0.681 -0.829 -0.271 -0.444 -0.615 -0.736 -0.847 -0.507 -0.65 -0.77 -0.869 -1.037 -0.613 -0.518 -0.671 -1.059 -1.228 -1.418 -0.703
0.0642 -0.028 0.022 -0.053 -0.246 -0.389 -0.528 -0.167 -0.269 -0.391 -0.533 -0.673 -0.822 -0.264 -0.436 -0.608 -0.729 -0.839 -0.5 -0.642 -0.762 -0.861 -1.03 -0.606 -0.511 -0.663 -1.051 -1.221 -1.411 -0.696
