web/models/grb/onaxis/4/grb_0.0000_10.0000_0.0000040.dat
# %ECSV 1.0
# ---
# datatype:
# - {name: time, datatype: float64}
# - {name: swift_uvot_uvw2, datatype: float64}
# - {name: swift_uvot_uvm2, datatype: float64}
# - {name: swift_uvot_uvw1, datatype: float64}
# - {name: swift_uvot_U, datatype: float64}
# - {name: swift_uvot_B, datatype: float64}
# - {name: swift_uvot_V, datatype: float64}
# - {name: swift_uvot_W, datatype: float64}
# - {name: johnson_U, datatype: float64}
# - {name: johnson_B, datatype: float64}
# - {name: johnson_V, datatype: float64}
# - {name: johnson_R, datatype: float64}
# - {name: johnson_I, datatype: float64}
# - {name: sdss_u, datatype: float64}
# - {name: sdss_g, datatype: float64}
# - {name: sdss_r, datatype: float64}
# - {name: sdss_i, datatype: float64}
# - {name: sdss_z, datatype: float64}
# - {name: PS1_g, datatype: float64}
# - {name: PS1_r, datatype: float64}
# - {name: PS1_i, datatype: float64}
# - {name: PS1_z, datatype: float64}
# - {name: PS1_Y, datatype: float64}
# - {name: ukirt_J, datatype: float64}
# - {name: ukirt_H, datatype: float64}
# - {name: ukirt_K, datatype: float64}
# meta: !!omap
# - comment: [E = 0.0043396498804093575, Eta0 = 8.02, GammaB = 12.0, dL = 0.012188, epsb = 6.760829753919819e-06, epse = 0.1, n = 3.981071705534969e-06,
#     p = 2.15, theta_obs = 0.0, xiN = 1.0, z = 0.0, type = grb, E_kiso = 10.0]
# schema: astropy-2.0
time swift_uvot_uvw2 swift_uvot_uvm2 swift_uvot_uvw1 swift_uvot_U swift_uvot_B swift_uvot_V swift_uvot_W johnson_U johnson_B johnson_V johnson_R johnson_I sdss_u sdss_g sdss_r sdss_i sdss_z PS1_g PS1_r PS1_i PS1_z PS1_Y ukirt_J ukirt_H ukirt_K
[from data line 372]
70.9597 6.305 6.355 6.28 6.087 5.944 5.805 6.166 6.064 5.942 5.8 5.66 5.511 6.069 5.897 5.725 5.604 5.494 5.833 5.691 5.571 5.472 5.303 5.282 5.112 4.922
72.6715 6.36 6.409 6.334 6.141 5.999 5.86 6.221 6.119 5.996 5.855 5.714 5.566 6.124 5.951 5.779 5.659 5.548 5.888 5.745 5.625 5.526 5.358 5.336 5.167 4.976
74.4246 6.413 6.463 6.388 6.195 6.053 5.914 6.274 6.173 6.05 5.908 5.768 5.619 6.178 6.005 5.833 5.713 5.602 5.941 5.799 5.679 5.58 5.412 5.39 5.221 5.03
76.2199 6.465 6.515 6.44 6.247 6.104 5.965 6.326 6.224 6.102 5.96 5.82 5.671 6.229 6.057 5.885 5.764 5.654 5.993 5.85 5.731 5.632 5.463 5.442 5.272 5.082
78.0586 6.517 6.566 6.491 6.298 6.156 6.017 6.378 6.276 6.154 6.012 5.871 5.723 6.281 6.108 5.937 5.816 5.705 6.045 5.902 5.782 5.683 5.515 5.493 5.324 5.134
79.9416 6.568 6.618 6.543 6.35 6.208 6.068 6.429 6.328 6.205 6.063 5.923 5.774 6.333 6.16 5.988 5.867 5.757 6.096 5.954 5.834 5.735 5.567 5.545 5.376 5.185
81.87 6.62 6.669 6.595 6.402 6.259 6.12 6.481 6.379 6.257 6.115 5.974 5.826 6.384 6.212 6.04 5.919 5.808 6.148 6.005 5.886 5.786 5.618 5.597 5.427 5.237
83.845 6.672 6.721 6.646 6.453 6.311 6.172 6.532 6.431 6.308 6.167 6.026 5.877 6.436 6.263 6.091 5.971 5.86 6.2 6.057 5.937 5.838 5.67 5.648 5.479 5.288
85.8676 6.723 6.773 6.698 6.505 6.362 6.223 6.584 6.482 6.36 6.218 6.078 5.929 6.487 6.315 6.143 6.022 5.912 6.251 6.109 5.989 5.89 5.721 5.7 5.53 5.34
87.939 6.775 6.824 6.749 6.556 6.414 6.275 6.636 6.534 6.412 6.27 6.129 5.981 6.539 6.367 6.195 6.074 5.963 6.303 6.16 6.04 5.941 5.773 5.751 5.582 5.392
90.0604 6.826 6.876 6.801 6.608 6.466 6.327 6.687 6.586 6.463 6.321 6.181 6.032 6.591 6.418 6.246 6.126 6.015 6.354 6.212 6.092 5.993 5.825 5.803 5.634 5.443
92.2329 6.878 6.928 6.853 6.66 6.517 6.378 6.739 6.637 6.515 6.373 6.233 6.084 6.642 6.47 6.298 6.177 6.067 6.406 6.263 6.144 6.045 5.876 5.855 5.685 5.495
94.4579 6.929 6.978 6.904 6.711 6.568 6.429 6.79 6.688 6.566 6.424 6.283 6.135 6.693 6.521 6.349 6.228 6.117 6.457 6.314 6.194 6.095 5.927 5.905 5.736 5.546
96.7365 6.978 7.028 6.953 6.76 6.618 6.478 6.839 6.738 6.615 6.473 6.333 6.184 6.743 6.57 6.398 6.277 6.167 6.506 6.364 6.244 6.145 5.977 5.955 5.786 5.595
99.0701 7.028 7.077 7.002 6.809 6.667 6.528 6.889 6.787 6.664 6.523 6.382 6.234 6.792 6.619 6.448 6.327 6.216 6.556 6.413 6.293 6.194 6.026 6.004 5.835 5.645
101.4599 7.077 7.126 7.052 6.859 6.716 6.577 6.938 6.836 6.714 6.572 6.432 6.283 6.841 6.669 6.497 6.376 6.266 6.605 6.462 6.343 6.244 6.075 6.054 5.884 5.694
103.9075 7.126 7.176 7.101 6.908 6.766 6.627 6.987 6.886 6.763 6.621 6.481 6.332 6.891 6.718 6.546 6.426 6.315 6.654 6.512 6.392 6.293 6.125 6.103 5.934 5.743
106.4141 7.176 7.225 7.15 6.957 6.815 6.676 7.037 6.935 6.813 6.671 6.53 6.382 6.94 6.767 6.596 6.475 6.364 6.704 6.561 6.441 6.342 6.174 6.152 5.983 5.793
108.9811 7.225 7.275 7.2 7.007 6.864 6.725 7.086 6.984 6.862 6.72 6.58 6.431 6.989 6.817 6.645 6.524 6.414 6.753 6.611 6.491 6.392 6.223 6.202 6.032 5.842
111.6101 7.275 7.324 7.249 7.056 6.914 6.775 7.135 7.034 6.911 6.769 6.629 6.48 7.039 6.866 6.694 6.574 6.463 6.802 6.66 6.54 6.441 6.273 6.251 6.082 5.891
114.3025 7.324 7.373 7.299 7.106 6.963 6.824 7.185 7.083 6.961 6.819 6.678 6.53 7.088 6.916 6.744 6.623 6.512 6.852 6.709 6.589 6.49 6.322 6.3 6.131 5.941
117.0598 7.373 7.423 7.348 7.155 7.013 6.873 7.234 7.133 7.01 6.868 6.728 6.579 7.138 6.965 6.793 6.672 6.562 6.901 6.759 6.639 6.54 6.372 6.35 6.181 5.99
119.8836 7.423 7.472 7.398 7.205 7.062 6.923 7.284 7.182 7.06 6.918 6.777 6.629 7.187 7.015 6.843 6.722 6.611 6.951 6.808 6.689 6.59 6.421 6.4 6.23 6.04
122.7756 7.473 7.522 7.448 7.255 7.112 6.973 7.334 7.232 7.11 6.968 6.827 6.679 7.237 7.065 6.893 6.772 6.661 7.001 6.858 6.739 6.64 6.471 6.45 6.28 6.09
125.7373 7.523 7.572 7.498 7.305 7.162 7.023 7.384 7.282 7.16 7.018 6.877 6.729 7.287 7.115 6.943 6.822 6.712 7.051 6.908 6.789 6.69 6.521 6.5 6.33 6.14
128.7705 7.573 7.622 7.548 7.355 7.212 7.073 7.434 7.332 7.21 7.068 6.927 6.779 7.337 7.165 6.993 6.872 6.762 7.101 6.958 6.839 6.74 6.571 6.55 6.38 6.19
131.8769 7.623 7.672 7.598 7.405 7.262 7.123 7.484 7.382 7.26 7.118 6.977 6.829 7.387 7.215 7.043 6.922 6.812 7.151 7.008 6.889 6.79 6.621 6.6 6.43 6.24
135.0582 7.673 7.722 7.648 7.455 7.312 7.173 7.534 7.432 7.31 7.168 7.027 6.879 7.437 7.265 7.093 6.972 6.862 7.201 7.058 6.939 6.84 6.671 6.65 6.48 6.29
138.3162 7.723 7.772 7.698 7.505 7.362 7.223 7.584 7.482 7.36 7.218 7.077 6.929 7.487 7.315 7.143 7.022 6.912 7.251 7.108 6.989 6.89 6.721 6.7 6.53 6.34
141.6528 7.773 7.822 7.748 7.555 7.412 7.273 7.634 7.532 7.41 7.268 7.128 6.979 7.537 7.365 7.193 7.072 6.962 7.301 7.158 7.039 6.94 6.771 6.75 6.58 6.39
145.0699 7.823 7.872 7.798 7.605 7.462 7.323 7.684 7.582 7.46 7.318 7.178 7.029 7.587 7.415 7.243 7.122 7.012 7.351 7.208 7.089 6.99 6.821 6.8 6.63 6.44
148.5695 7.873 7.922 7.848 7.655 7.512 7.373 7.734 7.632 7.51 7.368 7.228 7.079 7.637 7.465 7.293 7.172 7.062 7.401 7.258 7.139 7.04 6.871 6.85 6.68 6.49
152.1534 7.921 7.97 7.896 7.703 7.56 7.421 7.782 7.68 7.558 7.416 7.275 7.127 7.685 7.513 7.341 7.22 7.11 7.449 7.306 7.187 7.088 6.919 6.898 6.728 6.538
155.8238 7.968 8.017 7.942 7.749 7.607 7.468 7.829 7.727 7.605 7.463 7.322 7.174 7.732 7.559 7.388 7.267 7.156 7.496 7.353 7.233 7.134 6.966 6.944 6.775 6.585
159.5828 8.015 8.064 7.989 7.796 7.654 7.515 7.875 7.774 7.651 7.509 7.369 7.22 7.779 7.606 7.434 7.314 7.203 7.542 7.4 7.28 7.181 7.013 6.991 6.822 6.631
163.4324 8.061 8.111 8.036 7.843 7.701 7.561 7.922 7.821 7.698 7.556 7.416 7.267 7.826 7.653 7.481 7.36 7.25 7.589 7.447 7.327 7.228 7.06 7.038 6.869 6.678
167.375 8.108 8.158 8.083 7.89 7.747 7.608 7.969 7.867 7.745 7.603 7.463 7.314 7.872 7.7 7.528 7.407 7.297 7.636 7.493 7.374 7.275 7.106 7.085 6.915 6.725
171.4126 8.155 8.204 8.129 7.936 7.794 7.655 8.016 7.914 7.792 7.65 7.509 7.361 7.919 7.747 7.575 7.454 7.343 7.683 7.54 7.42 7.321 7.153 7.131 6.962 6.772
175.5476 8.202 8.251 8.176 7.983 7.841 7.702 8.063 7.961 7.838 7.697 7.556 7.408 7.966 7.793 7.621 7.501 7.39 7.73 7.587 7.467 7.368 7.2 7.178 7.009 6.818
179.7823 8.248 8.298 8.223 8.03 7.888 7.748 8.109 8.008 7.885 7.743 7.603 7.454 8.013 7.84 7.668 7.548 7.437 7.776 7.634 7.514 7.415 7.247 7.225 7.056 6.865
184.1193 8.295 8.345 8.27 8.077 7.934 7.795 8.156 8.054 7.932 7.79 7.65 7.501 8.059 7.887 7.715 7.594 7.484 7.823 7.681 7.561 7.462 7.293 7.272 7.102 6.912
188.5608 8.342 8.391 8.316 8.124 7.981 7.842 8.203 8.101 7.979 7.837 7.696 7.548 8.106 7.934 7.762 7.641 7.53 7.87 7.727 7.607 7.508 7.34 7.318 7.149 6.959
193.1095 8.388 8.437 8.363 8.17 8.027 7.888 8.249 8.147 8.025 7.883 7.743 7.594 8.152 7.98 7.808 7.687 7.577 7.916 7.773 7.654 7.555 7.386 7.365 7.195 7.005
197.7679 8.434 8.483 8.409 8.216 8.073 7.934 8.295 8.193 8.071 7.929 7.788 7.64 8.198 8.026 7.854 7.733 7.623 7.962 7.819 7.7 7.601 7.432 7.411 7.241 7.051
202.5387 8.48 8.529 8.455 8.262 8.119 7.98 8.341 8.239 8.117 7.975 7.834 7.686 8.244 8.072 7.9 7.779 7.668 8.008 7.865 7.745 7.646 7.478 7.457 7.287 7.097
207.4245 8.526 8.575 8.5 8.308 8.165 8.026 8.387 8.285 8.163 8.021 7.88 7.732 8.29 8.118 7.946 7.825 7.714 8.054 7.911 7.791 7.692 7.524 7.502 7.333 7.143
212.4283 8.572 8.621 8.546 8.353 8.211 8.072 8.433 8.331 8.209 8.067 7.926 7.778 8.336 8.164 7.992 7.871 7.76 8.1 7.957 7.837 7.738 7.57 7.548 7.379 7.189
217.5527 8.618 8.667 8.592 8.399 8.257 8.118 8.479 8.377 8.255 8.113 7.972 7.824 8.382 8.21 8.038 7.917 7.806 8.146 8.003 7.883 7.784 7.616 7.594 7.425 7.235
222.8008 8.664 8.713 8.638 8.445 8.303 8.164 8.525 8.423 8.301 8.159 8.018 7.87 8.428 8.255 8.084 7.963 7.852 8.192 8.049 7.929 7.83 7.662 7.64 7.471 7.281
228.1754 8.71 8.759 8.684 8.491 8.349 8.21 8.571 8.469 8.347 8.205 8.064 7.916 8.474 8.301 8.13 8.009 7.898 8.238 8.095 7.975 7.876 7.708 7.686 7.517 7.327
233.6797 8.756 8.805 8.73 8.537 8.395 8.256 8.617 8.515 8.392 8.251 8.11 7.962 8.52 8.347 8.176 8.055 7.944 8.284 8.141 8.021 7.922 7.754 7.732 7.563 7.373
239.3168 8.802 8.851 8.776 8.583 8.441 8.302 8.663 8.561 8.438 8.297 8.156 8.008 8.566 8.393 8.221 8.101 7.99 8.33 8.187 8.067 7.968 7.8 7.778 7.609 7.418
245.0899 8.845 8.894 8.819 8.626 8.484 8.345 8.706 8.604 8.481 8.34 8.199 8.051 8.609 8.436 8.264 8.144 8.033 8.373 8.23 8.11 8.011 7.843 7.821 7.652 7.462
251.0022 8.887 8.937 8.862 8.669 8.527 8.387 8.748 8.647 8.524 8.382 8.242 8.093 8.652 8.479 8.307 8.187 8.076 8.415 8.273 8.153 8.054 7.886 7.864 7.695 7.504
257.0572 8.93 8.98 8.905 8.712 8.569 8.43 8.791 8.689 8.567 8.425 8.285 8.136 8.694 8.522 8.35 8.229 8.119 8.458 8.316 8.196 8.097 7.928 7.907 7.737 7.547
263.2582 8.973 9.022 8.947 8.755 8.612 8.473 8.834 8.732 8.61 8.468 8.327 8.179 8.737 8.565 8.393 8.272 8.161 8.501 8.358 8.238 8.139 7.971 7.949 7.78 7.59
269.6088 9.016 9.065 8.99 8.797 8.655 8.516 8.877 8.775 8.652 8.511 8.37 8.222 8.78 8.607 8.436 8.315 8.204 8.544 8.401 8.281 8.182 8.014 7.992 7.823 7.633
276.1126 9.058 9.108 9.033 8.84 8.698 8.559 8.919 8.818 8.695 8.553 8.413 8.264 8.823 8.65 8.478 8.358 8.247 8.586 8.444 8.324 8.225 8.057 8.035 7.866 7.675
282.7734 9.101 9.151 9.076 8.883 8.74 8.601 8.962 8.86 8.738 8.596 8.456 8.307 8.865 8.693 8.521 8.4 8.29 8.629 8.487 8.367 8.268 8.099 8.078 7.908 7.718
289.5947 9.144 9.193 9.119 8.926 8.783 8.644 9.005 8.903 8.781 8.639 8.498 8.35 8.908 8.736 8.564 8.443 8.332 8.672 8.529 8.409 8.31 8.142 8.12 7.951 7.761
296.5807 9.187 9.236 9.161 8.968 8.826 8.687 9.048 8.946 8.824 8.682 8.541 8.393 8.951 8.778 8.607 8.486 8.375 8.715 8.572 8.452 8.353 8.185 8.163 7.994 7.804
303.7351 9.23 9.279 9.204 9.011 8.869 8.73 9.09 8.989 8.866 8.725 8.584 8.435 8.994 8.821 8.649 8.529 8.418 8.758 8.615 8.495 8.396 8.228 8.206 8.037 7.846
311.0622 9.274 9.324 9.249 9.056 8.914 8.775 9.135 9.034 8.911 8.769 8.629 8.48 9.039 8.866 8.694 8.574 8.463 8.802 8.66 8.54 8.441 8.273 8.251 8.082 7.891
318.566 9.319 9.369 9.294 9.101 8.959 8.819 9.18 9.079 8.956 8.814 8.674 8.525 9.084 8.911 8.739 8.618 8.508 8.847 8.705 8.585 8.486 8.318 8.296 8.127 7.936
326.2508 9.364 9.414 9.339 9.146 9.003 8.864 9.225 9.123 9.001 8.859 8.719 8.57 9.128 8.956 8.784 8.663 8.553 8.892 8.75 8.63 8.531 8.362 8.341 8.171 7.981
334.121 9.409 9.458 9.384 9.191 9.048 8.909 9.27 9.168 9.046 8.904 8.763 8.615 9.173 9.001 8.829 8.708 8.598 8.937 8.794 8.675 8.576 8.407 8.386 8.216 8.026
342.181 9.454 9.503 9.428 9.235 9.093 8.954 9.315 9.213 9.091 8.949 8.808 8.66 9.218 9.046 8.874 8.753 8.642 8.982 8.839 8.719 8.62 8.452 8.43 8.261 8.071
350.4355 9.499 9.548 9.473 9.28 9.138 8.999 9.36 9.258 9.136 8.994 8.853 8.705 9.263 9.09 8.919 8.798 8.687 9.027 8.884 8.764 8.665 8.497 8.475 8.306 8.116
358.8891 9.544 9.593 9.518 9.325 9.183 9.044 9.404 9.303 9.18 9.039 8.898 8.749 9.308 9.135 8.963 8.843 8.732 9.072 8.929 8.809 8.71 8.542 8.52 8.351 8.16
367.5467 9.588 9.638 9.563 9.37 9.228 9.089 9.449 9.348 9.225 9.083 8.943 8.794 9.353 9.18 9.008 8.888 8.777 9.116 8.974 8.854 8.755 8.587 8.565 8.396 8.205
376.4131 9.633 9.683 9.608 9.415 9.273 9.133 9.494 9.393 9.27 9.128 8.988 8.839 9.398 9.225 9.053 8.932 8.822 9.161 9.019 8.899 8.8 8.632 8.61 8.441 8.25
385.4933 9.677 9.727 9.652 9.459 9.317 9.177 9.538 9.437 9.314 9.172 9.032 8.883 9.442 9.269 9.097 8.977 8.866 9.205 9.063 8.943 8.844 8.676 8.654 8.485 8.294
394.7926 9.718 9.768 9.693 9.5 9.358 9.218 9.579 9.478 9.355 9.213 9.073 8.924 9.483 9.31 9.138 9.018 8.907 9.246 9.104 8.984 8.885 8.717 8.695 8.526 8.335
404.3163 9.759 9.809 9.734 9.541 9.399 9.259 9.62 9.519 9.396 9.254 9.114 8.965 9.524 9.351 9.179 9.059 8.948 9.287 9.145 9.025 8.926 8.758 8.736 8.567 8.376
414.0697 9.8 9.85 9.775 9.582 9.44 9.3 9.661 9.56 9.437 9.295 9.155 9.006 9.565 9.392 9.22 9.1 8.989 9.328 9.186 9.066 8.967 8.799 8.777 8.608 8.417
424.0583 9.841 9.891 9.816 9.623 9.481 9.341 9.702 9.601 9.478 9.336 9.196 9.047 9.606 9.433 9.261 9.141 9.03 9.369 9.227 9.107 9.008 8.84 8.818 8.649 8.458
434.2879 9.882 9.932 9.857 9.664 9.522 9.383 9.743 9.642 9.519 9.377 9.237 9.088 9.647 9.474 9.302 9.182 9.071 9.41 9.268 9.148 9.049 8.881 8.859 8.69 8.499
444.7643 9.923 9.973 9.898 9.705 9.563 9.424 9.784 9.683 9.56 9.418 9.278 9.129 9.688 9.515 9.343 9.223 9.112 9.451 9.309 9.189 9.09 8.922 8.9 8.731 8.54
455.4934 9.964 10.014 9.939 9.746 9.604 9.465 9.825 9.724 9.601 9.459 9.319 9.17 9.729 9.556 9.384 9.264 9.153 9.492 9.35 9.23 9.131 8.963 8.941 8.772 8.581
466.4814 10.005 10.055 9.98 9.787 9.645 9.506 9.866 9.765 9.642 9.5 9.36 9.211 9.77 9.597 9.425 9.305 9.194 9.533 9.391 9.271 9.172 9.004 8.982 8.813 8.622
477.7344 10.046 10.096 10.021 9.828 9.686 9.547 9.907 9.806 9.683 9.541 9.401 9.252 9.811 9.638 9.466 9.346 9.235 9.574 9.432 9.312 9.213 9.045 9.023 8.854 8.663
489.2588 10.087 10.136 10.061 9.868 9.726 9.587 9.947 9.846 9.723 9.581 9.441 9.292 9.851 9.678 9.506 9.386 9.275 9.614 9.472 9.352 9.253 9.085 9.063 8.894 8.703
501.0613 10.125 10.174 10.1 9.907 9.764 9.625 9.986 9.884 9.762 9.62 9.479 9.331 9.889 9.717 9.545 9.424 9.313 9.653 9.51 9.391 9.292 9.123 9.102 8.932 8.742
513.1485 10.163 10.213 10.138 9.945 9.803 9.664 10.024 9.923 9.8 9.658 9.518 9.369 9.928 9.755 9.583 9.463 9.352 9.691 9.549 9.429 9.33 9.162 9.14 8.971 8.78
525.5272 10.202 10.251 10.176 9.983 9.841 9.702 10.063 9.961 9.839 9.697 9.556 9.408 9.966 9.794 9.622 9.501 9.39 9.73 9.587 9.467 9.368 9.2 9.178 9.009 8.819
538.2046 10.24 10.29 10.215 10.022 9.88 9.74 10.101 10.0 9.877 9.735 9.595 9.446 10.005 9.832 9.66 9.539 9.429 9.768 9.626 9.506 9.407 9.239 9.217 9.048 8.857
551.1878 10.279 10.328 10.253 10.06 9.918 9.779 10.14 10.038 9.916 9.774 9.633 9.485 10.043 9.87 9.699 9.578 9.467 9.807 9.664 9.544 9.445 9.277 9.255 9.086 8.896
564.4842 10.317 10.367 10.292 10.099 9.956 9.817 10.178 10.076 9.954 9.812 9.672 9.523 10.081 9.909 9.737 9.616 9.506 9.845 9.703 9.583 9.484 9.315 9.294 9.124 8.934
578.1013 10.356 10.405 10.33 10.137 9.995 9.856 10.217 10.115 9.992 9.851 9.71 9.562 10.12 9.947 9.775 9.655 9.544 9.884 9.741 9.621 9.522 9.354 9.332 9.163 8.972
592.0469 10.394 10.443 10.369 10.176 10.033 9.894 10.255 10.153 10.031 9.889 9.749 9.6 10.158 9.986 9.814 9.693 9.583 9.922 9.779 9.66 9.561 9.392 9.371 9.201 9.011
606.329 10.432 10.482 10.407 10.214 10.072 9.933 10.293 10.192 10.069 9.927 9.787 9.638 10.197 10.024 9.852 9.732 9.621 9.96 9.818 9.698 9.599 9.431 9.409 9.24 9.049
620.9555 10.473 10.522 10.447 10.254 10.112 9.973 10.334 10.232 10.109 9.968 9.827 9.679 10.237 10.064 9.893 9.772 9.661 10.001 9.858 9.738 9.639 9.471 9.449 9.28 9.09
635.9349 10.515 10.564 10.489 10.296 10.154 10.015 10.376 10.274 10.151 10.01 9.869 9.721 10.279 10.106 9.934 9.814 9.703 10.043 9.9 9.78 9.681 9.513 9.491 9.322 9.132
651.2757 10.557 10.606 10.531 10.338 10.196 10.057 10.418 10.316 10.193 10.052 9.911 9.763 10.321 10.148 9.976 9.856 9.745 10.085 9.942 9.822 9.723 9.555 9.533 9.364 9.173
666.9865 10.599 10.648 10.573 10.38 10.238 10.099 10.459 10.358 10.235 10.094 9.953 9.804 10.363 10.19 10.018 9.898 9.787 10.127 9.984 9.864 9.765 9.597 9.575 9.406 9.215
683.0763 10.641 10.69 10.615 10.422 10.28 10.141 10.501 10.4 10.277 10.136 9.995 9.846 10.405 10.232 10.06 9.94 9.829 10.169 10.026 9.906 9.807 9.639 9.617 9.448 9.257
699.5543 10.683 10.732 10.657 10.464 10.322 10.183 10.543 10.442 10.319 10.177 10.037 9.888 10.447 10.274 10.102 9.982 9.871 10.21 10.068 9.948 9.849 9.681 9.659 9.49 9.299
716.4297 10.724 10.774 10.699 10.506 10.364 10.225 10.585 10.484 10.361 10.219 10.079 9.93 10.489 10.316 10.144 10.024 9.913 10.252 10.11 9.99 9.891 9.723 9.701 9.532 9.341
733.7123 10.766 10.816 10.741 10.548 10.406 10.267 10.627 10.526 10.403 10.261 10.121 9.972 10.531 10.358 10.186 10.066 9.955 10.294 10.152 10.032 9.933 9.765 9.743 9.574 9.383
751.4117 10.808 10.858 10.783 10.59 10.448 10.309 10.669 10.568 10.445 10.303 10.163 10.014 10.573 10.4 10.228 10.108 9.997 10.336 10.194 10.074 9.975 9.807 9.785 9.616 9.425
