web/models/grb/onaxis/4/grb_0.0000_0.7197_0.0001585.dat
# %ECSV 1.0
# ---
# datatype:
# - {name: time, datatype: float64}
# - {name: swift_uvot_uvw2, datatype: float64}
# - {name: swift_uvot_uvm2, datatype: float64}
# - {name: swift_uvot_uvw1, datatype: float64}
# - {name: swift_uvot_U, datatype: float64}
# - {name: swift_uvot_B, datatype: float64}
# - {name: swift_uvot_V, datatype: float64}
# - {name: swift_uvot_W, datatype: float64}
# - {name: johnson_U, datatype: float64}
# - {name: johnson_B, datatype: float64}
# - {name: johnson_V, datatype: float64}
# - {name: johnson_R, datatype: float64}
# - {name: johnson_I, datatype: float64}
# - {name: sdss_u, datatype: float64}
# - {name: sdss_g, datatype: float64}
# - {name: sdss_r, datatype: float64}
# - {name: sdss_i, datatype: float64}
# - {name: sdss_z, datatype: float64}
# - {name: PS1_g, datatype: float64}
# - {name: PS1_r, datatype: float64}
# - {name: PS1_i, datatype: float64}
# - {name: PS1_z, datatype: float64}
# - {name: PS1_Y, datatype: float64}
# - {name: ukirt_J, datatype: float64}
# - {name: ukirt_H, datatype: float64}
# - {name: ukirt_K, datatype: float64}
# meta: !!omap
# - comment: [E = 0.0003123183844771778, Eta0 = 8.02, GammaB = 12.0, dL = 0.012188, epsb = 6.760829753919819e-06, epse = 0.1, n = 0.00015848931924611142,
#     p = 2.15, theta_obs = 0.0, xiN = 1.0, z = 0.0, type = grb, E_kiso = 0.7196856730011522]
# schema: astropy-2.0
time swift_uvot_uvw2 swift_uvot_uvm2 swift_uvot_uvw1 swift_uvot_U swift_uvot_B swift_uvot_V swift_uvot_W johnson_U johnson_B johnson_V johnson_R johnson_I sdss_u sdss_g sdss_r sdss_i sdss_z PS1_g PS1_r PS1_i PS1_z PS1_Y ukirt_J ukirt_H ukirt_K
[from data line 282]
8.3045 5.921 5.97 5.895 5.702 5.56 5.421 5.782 5.68 5.558 5.416 5.275 5.127 5.685 5.512 5.341 5.22 5.109 5.449 5.306 5.186 5.087 4.919 4.897 4.728 4.538
8.5049 5.975 6.025 5.95 5.757 5.614 5.475 5.836 5.734 5.612 5.47 5.33 5.181 5.739 5.567 5.395 5.274 5.164 5.503 5.361 5.241 5.142 4.973 4.952 4.782 4.592
8.71 6.03 6.079 6.004 5.811 5.669 5.53 5.891 5.789 5.666 5.525 5.384 5.236 5.794 5.621 5.449 5.329 5.218 5.558 5.415 5.295 5.196 5.028 5.006 4.837 4.647
8.9201 6.084 6.134 6.059 5.866 5.723 5.584 5.945 5.843 5.721 5.579 5.439 5.29 5.848 5.676 5.504 5.383 5.273 5.612 5.469 5.35 5.251 5.082 5.061 4.891 4.701
9.1353 6.137 6.186 6.112 5.919 5.776 5.637 5.998 5.896 5.774 5.632 5.492 5.343 5.901 5.729 5.557 5.436 5.326 5.665 5.522 5.403 5.304 5.135 5.114 4.944 4.754
9.3557 6.189 6.238 6.163 5.97 5.828 5.689 6.05 5.948 5.825 5.684 5.543 5.395 5.953 5.78 5.609 5.488 5.377 5.717 5.574 5.454 5.355 5.187 5.165 4.996 4.806
9.5814 6.24 6.29 6.215 6.022 5.88 5.74 6.101 6.0 5.877 5.735 5.595 5.446 6.005 5.832 5.66 5.539 5.429 5.768 5.626 5.506 5.407 5.239 5.217 5.048 4.857
9.8125 6.292 6.341 6.266 6.074 5.931 5.792 6.153 6.051 5.929 5.787 5.646 5.498 6.056 5.884 5.712 5.591 5.48 5.82 5.677 5.557 5.458 5.29 5.268 5.099 4.909
10.0492 6.344 6.393 6.318 6.125 5.983 5.844 6.204 6.103 5.98 5.838 5.698 5.549 6.108 5.935 5.763 5.643 5.532 5.871 5.729 5.609 5.51 5.342 5.32 5.151 4.96
10.2917 6.395 6.445 6.37 6.177 6.034 5.895 6.256 6.154 6.032 5.89 5.75 5.601 6.159 5.987 5.815 5.694 5.584 5.923 5.781 5.661 5.562 5.393 5.372 5.202 5.012
10.5399 6.447 6.496 6.421 6.228 6.086 5.947 6.308 6.206 6.084 5.942 5.801 5.653 6.211 6.038 5.867 5.746 5.635 5.975 5.832 5.712 5.613 5.445 5.423 5.254 5.064
10.7942 6.498 6.548 6.473 6.28 6.138 5.998 6.359 6.258 6.135 5.993 5.853 5.704 6.263 6.09 5.918 5.798 5.687 6.026 5.884 5.764 5.665 5.497 5.475 5.306 5.115
11.0546 6.55 6.599 6.525 6.332 6.189 6.05 6.411 6.309 6.187 6.045 5.904 5.756 6.314 6.142 5.97 5.849 5.739 6.078 5.935 5.816 5.717 5.548 5.527 5.357 5.167
11.3212 6.602 6.651 6.576 6.383 6.241 6.102 6.463 6.361 6.238 6.097 5.956 5.808 6.366 6.193 6.021 5.901 5.79 6.13 5.987 5.867 5.768 5.6 5.578 5.409 5.219
11.5943 6.652 6.701 6.626 6.433 6.291 6.152 6.513 6.411 6.289 6.147 6.006 5.858 6.416 6.243 6.072 5.951 5.84 6.18 6.037 5.917 5.818 5.65 5.628 5.459 5.269
11.874 6.701 6.751 6.676 6.483 6.34 6.201 6.562 6.46 6.338 6.196 6.056 5.907 6.465 6.293 6.121 6.0 5.89 6.229 6.087 5.967 5.868 5.699 5.678 5.508 5.318
12.1605 6.751 6.8 6.725 6.532 6.39 6.251 6.611 6.51 6.387 6.245 6.105 5.956 6.515 6.342 6.17 6.05 5.939 6.278 6.136 6.016 5.917 5.749 5.727 5.558 5.367
12.4538 6.8 6.849 6.774 6.582 6.439 6.3 6.661 6.559 6.437 6.295 6.154 6.006 6.564 6.392 6.22 6.099 5.988 6.328 6.185 6.065 5.966 5.798 5.776 5.607 5.417
12.7542 6.849 6.899 6.824 6.631 6.488 6.349 6.71 6.609 6.486 6.344 6.204 6.055 6.614 6.441 6.269 6.148 6.038 6.377 6.235 6.115 6.016 5.848 5.826 5.656 5.466
13.0619 6.899 6.948 6.873 6.68 6.538 6.399 6.76 6.658 6.535 6.394 6.253 6.105 6.663 6.49 6.318 6.198 6.087 6.427 6.284 6.164 6.065 5.897 5.875 5.706 5.516
13.377 6.948 6.997 6.923 6.73 6.587 6.448 6.809 6.707 6.585 6.443 6.302 6.154 6.712 6.54 6.368 6.247 6.137 6.476 6.333 6.214 6.115 5.946 5.925 5.755 5.565
13.6997 6.997 7.047 6.972 6.779 6.637 6.497 6.858 6.757 6.634 6.492 6.352 6.203 6.762 6.589 6.417 6.297 6.186 6.525 6.383 6.263 6.164 5.996 5.974 5.805 5.614
14.0302 7.047 7.096 7.021 6.828 6.686 6.547 6.908 6.806 6.684 6.542 6.401 6.253 6.811 6.638 6.467 6.346 6.235 6.575 6.432 6.312 6.213 6.045 6.023 5.854 5.664
14.3686 7.096 7.146 7.071 6.878 6.735 6.596 6.957 6.855 6.733 6.591 6.451 6.302 6.86 6.688 6.516 6.395 6.285 6.624 6.482 6.362 6.263 6.094 6.073 5.903 5.713
14.7153 7.146 7.195 7.121 6.928 6.785 6.646 7.007 6.905 6.783 6.641 6.501 6.352 6.91 6.738 6.566 6.445 6.335 6.674 6.531 6.412 6.313 6.144 6.123 5.953 5.763
15.0702 7.196 7.245 7.171 6.978 6.835 6.696 7.057 6.955 6.833 6.691 6.551 6.402 6.96 6.788 6.616 6.495 6.385 6.724 6.581 6.462 6.363 6.194 6.173 6.003 5.813
15.4338 7.246 7.295 7.221 7.028 6.885 6.746 7.107 7.005 6.883 6.741 6.601 6.452 7.01 6.838 6.666 6.545 6.435 6.774 6.631 6.512 6.413 6.244 6.223 6.053 5.863
15.8061 7.296 7.345 7.271 7.078 6.935 6.796 7.157 7.055 6.933 6.791 6.651 6.502 7.06 6.888 6.716 6.595 6.485 6.824 6.681 6.562 6.463 6.294 6.273 6.103 5.913
16.1874 7.346 7.396 7.321 7.128 6.985 6.846 7.207 7.105 6.983 6.841 6.701 6.552 7.11 6.938 6.766 6.645 6.535 6.874 6.731 6.612 6.513 6.344 6.323 6.153 5.963
16.5779 7.396 7.446 7.371 7.178 7.035 6.896 7.257 7.155 7.033 6.891 6.751 6.602 7.16 6.988 6.816 6.695 6.585 6.924 6.781 6.662 6.563 6.394 6.373 6.203 6.013
16.9778 7.446 7.496 7.421 7.228 7.085 6.946 7.307 7.205 7.083 6.941 6.801 6.652 7.21 7.038 6.866 6.745 6.635 6.974 6.831 6.712 6.613 6.444 6.423 6.253 6.063
17.3873 7.496 7.546 7.471 7.278 7.135 6.996 7.357 7.255 7.133 6.991 6.851 6.702 7.26 7.088 6.916 6.795 6.685 7.024 6.881 6.762 6.663 6.494 6.473 6.303 6.113
17.8068 7.546 7.596 7.521 7.328 7.185 7.046 7.407 7.305 7.183 7.041 6.901 6.752 7.31 7.138 6.966 6.845 6.735 7.074 6.931 6.812 6.713 6.544 6.523 6.353 6.163
18.2363 7.596 7.646 7.571 7.378 7.235 7.096 7.457 7.355 7.233 7.091 6.951 6.802 7.36 7.188 7.016 6.895 6.785 7.124 6.981 6.862 6.763 6.594 6.573 6.403 6.213
18.6762 7.643 7.692 7.618 7.425 7.282 7.143 7.504 7.402 7.28 7.138 6.997 6.849 7.407 7.235 7.063 6.942 6.832 7.171 7.028 6.909 6.81 6.641 6.62 6.45 6.26
19.1268 7.69 7.739 7.664 7.471 7.329 7.19 7.551 7.449 7.327 7.185 7.044 6.896 7.454 7.281 7.11 6.989 6.878 7.218 7.075 6.955 6.856 6.688 6.666 6.497 6.307
19.5882 7.737 7.786 7.711 7.518 7.376 7.237 7.597 7.496 7.373 7.232 7.091 6.942 7.501 7.328 7.156 7.036 6.925 7.265 7.122 7.002 6.903 6.735 6.713 6.544 6.353
20.0607 7.783 7.833 7.758 7.565 7.423 7.283 7.644 7.543 7.42 7.278 7.138 6.989 7.548 7.375 7.203 7.082 6.972 7.311 7.169 7.049 6.95 6.782 6.76 6.591 6.4
20.5446 7.83 7.88 7.805 7.612 7.469 7.33 7.691 7.589 7.467 7.325 7.185 7.036 7.594 7.422 7.25 7.129 7.019 7.358 7.215 7.096 6.997 6.828 6.807 6.637 6.447
21.0402 7.877 7.926 7.851 7.658 7.516 7.377 7.738 7.636 7.514 7.372 7.231 7.083 7.641 7.469 7.297 7.176 7.065 7.405 7.262 7.142 7.043 6.875 6.853 6.684 6.494
21.5478 7.924 7.973 7.898 7.705 7.563 7.424 7.785 7.683 7.56 7.419 7.278 7.13 7.688 7.515 7.343 7.223 7.112 7.452 7.309 7.189 7.09 6.922 6.9 6.731 6.541
22.0676 7.97 8.02 7.945 7.752 7.61 7.47 7.831 7.73 7.607 7.465 7.325 7.176 7.735 7.562 7.39 7.27 7.159 7.498 7.356 7.236 7.137 6.969 6.947 6.778 6.587
22.5999 8.017 8.067 7.992 7.799 7.656 7.517 7.878 7.776 7.654 7.512 7.372 7.223 7.781 7.609 7.437 7.316 7.206 7.545 7.403 7.283 7.184 7.015 6.994 6.824 6.634
23.1451 8.064 8.113 8.038 7.845 7.703 7.564 7.925 7.823 7.701 7.559 7.418 7.27 7.828 7.656 7.484 7.363 7.252 7.592 7.449 7.329 7.23 7.062 7.04 6.871 6.681
23.7034 8.11 8.159 8.084 7.891 7.749 7.61 7.971 7.869 7.747 7.605 7.464 7.316 7.874 7.702 7.53 7.409 7.298 7.638 7.495 7.375 7.276 7.108 7.086 6.917 6.727
24.2752 8.156 8.205 8.13 7.937 7.795 7.656 8.017 7.915 7.793 7.651 7.51 7.362 7.92 7.747 7.576 7.455 7.344 7.684 7.541 7.421 7.322 7.154 7.132 6.963 6.773
24.8608 8.202 8.251 8.176 7.983 7.841 7.702 8.063 7.961 7.839 7.697 7.556 7.408 7.966 7.793 7.622 7.501 7.39 7.73 7.587 7.467 7.368 7.2 7.178 7.009 6.819
25.4606 8.248 8.297 8.222 8.029 7.887 7.748 8.109 8.007 7.884 7.743 7.602 7.454 8.012 7.839 7.668 7.547 7.436 7.776 7.633 7.513 7.414 7.246 7.224 7.055 6.865
26.0748 8.294 8.343 8.268 8.075 7.933 7.794 8.155 8.053 7.93 7.789 7.648 7.5 8.058 7.885 7.713 7.593 7.482 7.822 7.679 7.559 7.46 7.292 7.27 7.101 6.91
26.7038 8.34 8.389 8.314 8.121 7.979 7.84 8.2 8.099 7.976 7.835 7.694 7.545 8.104 7.931 7.759 7.639 7.528 7.868 7.725 7.605 7.506 7.338 7.316 7.147 6.956
27.3479 8.386 8.435 8.36 8.167 8.025 7.886 8.246 8.145 8.022 7.88 7.74 7.591 8.15 7.977 7.805 7.685 7.574 7.913 7.771 7.651 7.552 7.384 7.362 7.193 7.002
28.0077 8.431 8.481 8.406 8.213 8.071 7.932 8.292 8.191 8.068 7.926 7.786 7.637 8.196 8.023 7.851 7.731 7.62 7.959 7.817 7.697 7.598 7.43 7.408 7.239 7.048
28.6833 8.477 8.527 8.452 8.259 8.117 7.978 8.338 8.237 8.114 7.972 7.832 7.683 8.242 8.069 7.897 7.777 7.666 8.005 7.863 7.743 7.644 7.476 7.454 7.285 7.094
29.3752 8.523 8.572 8.497 8.304 8.162 8.023 8.384 8.282 8.159 8.018 7.877 7.729 8.287 8.114 7.942 7.822 7.711 8.051 7.908 7.788 7.689 7.521 7.499 7.33 7.14
30.0838 8.565 8.615 8.54 8.347 8.205 8.065 8.426 8.325 8.202 8.06 7.92 7.771 8.33 8.157 7.985 7.865 7.754 8.093 7.951 7.831 7.732 7.564 7.542 7.373 7.182
30.8096 8.608 8.658 8.583 8.39 8.247 8.108 8.469 8.367 8.245 8.103 7.963 7.814 8.372 8.2 8.028 7.907 7.797 8.136 7.994 7.874 7.775 7.606 7.585 7.415 7.225
31.5528 8.651 8.7 8.625 8.433 8.29 8.151 8.512 8.41 8.288 8.146 8.005 7.857 8.415 8.243 8.071 7.95 7.839 8.179 8.036 7.916 7.817 7.649 7.627 7.458 7.268
32.3139 8.694 8.743 8.668 8.475 8.333 8.194 8.555 8.453 8.33 8.189 8.048 7.9 8.458 8.285 8.114 7.993 7.882 8.222 8.079 7.959 7.86 7.692 7.67 7.501 7.311
33.0935 8.736 8.786 8.711 8.518 8.376 8.237 8.597 8.496 8.373 8.231 8.091 7.942 8.501 8.328 8.156 8.036 7.925 8.264 8.122 8.002 7.903 7.735 7.713 7.544 7.353
33.8918 8.779 8.829 8.754 8.561 8.418 8.279 8.64 8.538 8.416 8.274 8.134 7.985 8.543 8.371 8.199 8.078 7.968 8.307 8.165 8.045 7.946 7.777 7.756 7.586 7.396
34.7093 8.822 8.871 8.797 8.604 8.461 8.322 8.683 8.581 8.459 8.317 8.176 8.028 8.586 8.414 8.242 8.121 8.01 8.35 8.207 8.087 7.988 7.82 7.798 7.629 7.439
35.5466 8.865 8.914 8.839 8.646 8.504 8.365 8.726 8.624 8.502 8.36 8.219 8.071 8.629 8.456 8.285 8.164 8.053 8.393 8.25 8.13 8.031 7.863 7.841 7.672 7.482
36.4041 8.907 8.957 8.882 8.689 8.547 8.408 8.768 8.667 8.544 8.402 8.262 8.113 8.672 8.499 8.327 8.207 8.096 8.435 8.293 8.173 8.074 7.906 7.884 7.715 7.524
37.2823 8.951 9.0 8.926 8.733 8.59 8.451 8.812 8.71 8.588 8.446 8.305 8.157 8.715 8.543 8.371 8.25 8.14 8.479 8.336 8.217 8.118 7.949 7.928 7.758 7.568
38.1817 8.996 9.045 8.97 8.777 8.635 8.496 8.857 8.755 8.633 8.491 8.35 8.202 8.76 8.588 8.416 8.295 8.184 8.524 8.381 8.261 8.162 7.994 7.972 7.803 7.613
39.1028 9.041 9.09 9.015 8.822 8.68 8.541 8.902 8.8 8.678 8.536 8.395 8.247 8.805 8.632 8.461 8.34 8.229 8.569 8.426 8.306 8.207 8.039 8.017 7.848 7.658
40.046 9.086 9.135 9.06 8.867 8.725 8.586 8.946 8.845 8.722 8.581 8.44 8.291 8.85 8.677 8.505 8.385 8.274 8.614 8.471 8.351 8.252 8.084 8.062 7.893 7.702
41.0121 9.13 9.18 9.105 8.912 8.77 8.631 8.991 8.89 8.767 8.625 8.485 8.336 8.895 8.722 8.55 8.43 8.319 8.658 8.516 8.396 8.297 8.129 8.107 7.938 7.747
42.0014 9.175 9.225 9.15 8.957 8.815 8.675 9.036 8.935 8.812 8.67 8.53 8.381 8.94 8.767 8.595 8.474 8.364 8.703 8.561 8.441 8.342 8.174 8.152 7.983 7.792
43.0146 9.22 9.27 9.195 9.002 8.859 8.72 9.081 8.979 8.857 8.715 8.575 8.426 8.984 8.812 8.64 8.519 8.409 8.748 8.606 8.486 8.387 8.218 8.197 8.027 7.837
44.0523 9.265 9.314 9.24 9.047 8.904 8.765 9.126 9.024 8.902 8.76 8.619 8.471 9.029 8.857 8.685 8.564 8.454 8.793 8.65 8.531 8.432 8.263 8.242 8.072 7.882
45.1149 9.31 9.359 9.284 9.091 8.949 8.81 9.171 9.069 8.947 8.805 8.664 8.516 9.074 8.902 8.73 8.609 8.498 8.838 8.695 8.575 8.476 8.308 8.286 8.117 7.927
46.2033 9.355 9.404 9.329 9.136 8.994 8.855 9.216 9.114 8.992 8.85 8.709 8.561 9.119 8.946 8.775 8.654 8.543 8.883 8.74 8.62 8.521 8.353 8.331 8.162 7.972
47.3178 9.398 9.447 9.372 9.179 9.037 8.898 9.258 9.157 9.034 8.893 8.752 8.603 9.162 8.989 8.817 8.697 8.586 8.925 8.783 8.663 8.564 8.396 8.374 8.205 8.014
48.4593 9.439 9.488 9.413 9.22 9.078 8.939 9.299 9.198 9.075 8.934 8.793 8.644 9.203 9.03 8.858 8.738 8.627 8.967 8.824 8.704 8.605 8.437 8.415 8.246 8.055
49.6283 9.48 9.529 9.454 9.261 9.119 8.98 9.34 9.239 9.116 8.975 8.834 8.685 9.244 9.071 8.899 8.779 8.668 9.008 8.865 8.745 8.646 8.478 8.456 8.287 8.096
50.8255 9.521 9.57 9.495 9.302 9.16 9.021 9.381 9.28 9.157 9.016 8.875 8.726 9.285 9.112 8.94 8.82 8.709 9.049 8.906 8.786 8.687 8.519 8.497 8.328 8.137
52.0515 9.562 9.611 9.536 9.343 9.201 9.062 9.422 9.321 9.198 9.057 8.916 8.767 9.326 9.153 8.981 8.861 8.75 9.09 8.947 8.827 8.728 8.56 8.538 8.369 8.178
53.3072 9.603 9.652 9.577 9.384 9.242 9.103 9.464 9.362 9.239 9.098 8.957 8.808 9.367 9.194 9.022 8.902 8.791 9.131 8.988 8.868 8.769 8.601 8.579 8.41 8.219
54.5931 9.644 9.693 9.618 9.425 9.283 9.144 9.505 9.403 9.28 9.139 8.998 8.849 9.408 9.235 9.063 8.943 8.832 9.172 9.029 8.909 8.81 8.642 8.62 8.451 8.26
55.9101 9.685 9.734 9.659 9.466 9.324 9.185 9.546 9.444 9.321 9.18 9.039 8.891 9.449 9.276 9.104 8.984 8.873 9.213 9.07 8.95 8.851 8.683 8.661 8.492 8.301
57.2588 9.726 9.775 9.7 9.507 9.365 9.226 9.587 9.485 9.362 9.221 9.08 8.932 9.49 9.317 9.145 9.025 8.914 9.254 9.111 8.991 8.892 8.724 8.702 8.533 8.342
58.6401 9.767 9.816 9.741 9.548 9.406 9.267 9.628 9.526 9.403 9.262 9.121 8.973 9.531 9.358 9.186 9.066 8.955 9.295 9.152 9.032 8.933 8.765 8.743 8.574 8.384
60.0546 9.806 9.855 9.781 9.588 9.445 9.306 9.667 9.565 9.443 9.301 9.16 9.012 9.57 9.398 9.226 9.105 8.994 9.334 9.191 9.071 8.972 8.804 8.782 8.613 8.423
61.5034 9.844 9.894 9.819 9.626 9.484 9.344 9.705 9.604 9.481 9.339 9.199 9.05 9.609 9.436 9.264 9.144 9.033 9.372 9.23 9.11 9.011 8.843 8.821 8.652 8.461
62.987 9.883 9.932 9.857 9.664 9.522 9.383 9.744 9.642 9.52 9.378 9.237 9.089 9.647 9.474 9.303 9.182 9.071 9.411 9.268 9.148 9.049 8.881 8.859 8.69 8.5
64.5065 9.921 9.971 9.896 9.703 9.56 9.421 9.782 9.68 9.558 9.416 9.276 9.127 9.686 9.513 9.341 9.22 9.11 9.449 9.307 9.187 9.088 8.919 8.898 8.728 8.538
66.0626 9.96 10.009 9.934 9.741 9.599 9.46 9.821 9.719 9.596 9.455 9.314 9.166 9.724 9.551 9.38 9.259 9.148 9.488 9.345 9.225 9.126 8.958 8.936 8.767 8.577
67.6562 9.998 10.048 9.973 9.78 9.637 9.498 9.859 9.757 9.635 9.493 9.353 9.204 9.762 9.59 9.418 9.297 9.187 9.526 9.383 9.264 9.165 8.996 8.975 8.805 8.615
69.2883 10.037 10.086 10.011 9.818 9.676 9.537 9.897 9.796 9.673 9.531 9.391 9.242 9.801 9.628 9.456 9.336 9.225 9.564 9.422 9.302 9.203 9.035 9.013 8.844 8.653
70.9597 10.075 10.124 10.05 9.857 9.714 9.575 9.936 9.834 9.712 9.57 9.429 9.281 9.839 9.667 9.495 9.374 9.263 9.603 9.46 9.341 9.242 9.073 9.052 8.882 8.692
72.6715 10.113 10.163 10.088 9.895 9.753 9.614 9.974 9.873 9.75 9.608 9.468 9.319 9.878 9.705 9.533 9.413 9.302 9.641 9.499 9.379 9.28 9.112 9.09 8.921 8.73
74.4246 10.152 10.201 10.126 9.934 9.791 9.652 10.013 9.911 9.789 9.647 9.506 9.358 9.916 9.744 9.572 9.451 9.34 9.68 9.537 9.417 9.318 9.15 9.128 8.959 8.769
76.2199 10.193 10.243 10.168 9.975 9.832 9.693 10.054 9.952 9.83 9.688 9.548 9.399 9.957 9.785 9.613 9.492 9.382 9.721 9.579 9.459 9.36 9.191 9.17 9.0 8.81
78.0586 10.235 10.285 10.21 10.017 9.874 9.735 10.096 9.994 9.872 9.73 9.59 9.441 9.999 9.827 9.655 9.534 9.424 9.763 9.621 9.501 9.402 9.233 9.212 9.042 8.852
79.9416 10.277 10.327 10.252 10.059 9.916 9.777 10.138 10.036 9.914 9.772 9.632 9.483 10.041 9.869 9.697 9.576 9.466 9.805 9.662 9.543 9.444 9.275 9.254 9.084 8.894
81.87 10.319 10.369 10.294 10.101 9.958 9.819 10.18 10.078 9.956 9.814 9.674 9.525 10.083 9.911 9.739 9.618 9.508 9.847 9.704 9.585 9.486 9.317 9.296 9.126 8.936
83.845 10.361 10.41 10.336 10.143 10.0 9.861 10.222 10.12 9.998 9.856 9.716 9.567 10.125 9.953 9.781 9.66 9.55 9.889 9.746 9.627 9.528 9.359 9.338 9.168 8.978
85.8676 10.403 10.452 10.378 10.185 10.042 9.903 10.264 10.162 10.04 9.898 9.758 9.609 10.167 9.995 9.823 9.702 9.592 9.931 9.788 9.669 9.57 9.401 9.38 9.21 9.02
87.939 10.445 10.494 10.42 10.227 10.084 9.945 10.306 10.204 10.082 9.94 9.799 9.651 10.209 10.037 9.865 9.744 9.634 9.973 9.83 9.711 9.612 9.443 9.422 9.252 9.062
90.0604 10.487 10.536 10.462 10.269 10.126 9.987 10.348 10.246 10.124 9.982 9.841 9.693 10.251 10.079 9.907 9.786 9.675 10.015 9.872 9.753 9.654 9.485 9.464 9.294 9.104
