web/models/kne.last_good/kappa_0.5_3.0.v2/26/villar_0.0120_0.1553_3.0000.dat
# %ECSV 1.0
# ---
# datatype:
# - {name: time, datatype: float64}
# - {name: swift_uvot_uvw2, datatype: float64}
# - {name: swift_uvot_uvm2, datatype: float64}
# - {name: swift_uvot_uvw1, datatype: float64}
# - {name: swift_uvot_U, datatype: float64}
# - {name: swift_uvot_B, datatype: float64}
# - {name: swift_uvot_V, datatype: float64}
# - {name: swift_uvot_W, datatype: float64}
# - {name: johnson_U, datatype: float64}
# - {name: johnson_B, datatype: float64}
# - {name: johnson_V, datatype: float64}
# - {name: johnson_R, datatype: float64}
# - {name: johnson_I, datatype: float64}
# - {name: sdss_u, datatype: float64}
# - {name: sdss_g, datatype: float64}
# - {name: sdss_r, datatype: float64}
# - {name: sdss_i, datatype: float64}
# - {name: sdss_z, datatype: float64}
# - {name: PS1_g, datatype: float64}
# - {name: PS1_r, datatype: float64}
# - {name: PS1_i, datatype: float64}
# - {name: PS1_z, datatype: float64}
# - {name: PS1_Y, datatype: float64}
# - {name: PS1_w, datatype: float64}
# - {name: ATLAS_c, datatype: float64}
# - {name: ATLAS_o, datatype: float64}
# - {name: ukirt_J, datatype: float64}
# - {name: ukirt_H, datatype: float64}
# - {name: ukirt_K, datatype: float64}
# - {name: Clear, datatype: float64}
# meta: !!omap
# - comment: [kappa = 3.0, type = villar, mass = 0.012011244339858356, velocity = 0.15533333333333332, theta_obs = 0.0, tfloor = 2500.0]
# schema: astropy-2.0
time swift_uvot_uvw2 swift_uvot_uvm2 swift_uvot_uvw1 swift_uvot_U swift_uvot_B swift_uvot_V swift_uvot_W johnson_U johnson_B johnson_V johnson_R johnson_I sdss_u sdss_g sdss_r sdss_i sdss_z PS1_g PS1_r PS1_i PS1_z PS1_Y PS1_w ATLAS_c ATLAS_o ukirt_J ukirt_H ukirt_K Clear
[from data line 274]
3.51255 -7.106 -1.908 -2.874 -4.576 -7.363 -9.365 -7.481 -5.073 -7.494 -9.484 -11.069 -12.146 -4.851 -8.214 -10.342 -11.467 -12.238 -9.188 -10.512 -11.546 -12.161 -12.621 -10.665 -9.427 -10.979 -13.149 -13.469 -13.53 -11.125
3.618785 -7.049 -1.851 -2.817 -4.52 -7.307 -9.309 -7.424 -5.017 -7.438 -9.427 -11.012 -12.089 -4.794 -8.157 -10.286 -11.41 -12.181 -9.132 -10.455 -11.489 -12.105 -12.564 -10.609 -9.37 -10.922 -13.092 -13.413 -13.473 -11.069
3.728232 -6.993 -1.794 -2.76 -4.463 -7.25 -9.252 -7.368 -4.96 -7.381 -9.371 -10.955 -12.032 -4.737 -8.1 -10.229 -11.354 -12.125 -9.075 -10.398 -11.432 -12.048 -12.507 -10.552 -9.314 -10.866 -13.036 -13.356 -13.417 -11.012
3.84099 -6.937 -1.738 -2.704 -4.407 -7.194 -9.196 -7.311 -4.904 -7.325 -9.314 -10.899 -11.976 -4.681 -8.044 -10.173 -11.297 -12.068 -9.019 -10.342 -11.376 -11.992 -12.451 -10.496 -9.257 -10.809 -12.979 -13.3 -13.36 -10.956
3.957158 -6.88 -1.682 -2.648 -4.35 -7.137 -9.139 -7.255 -4.847 -7.268 -9.258 -10.843 -11.92 -4.625 -7.988 -10.116 -11.241 -12.012 -8.962 -10.286 -11.32 -11.935 -12.395 -10.439 -9.201 -10.753 -12.923 -13.243 -13.304 -10.899
4.07684 -6.824 -1.626 -2.591 -4.294 -7.081 -9.083 -7.199 -4.791 -7.212 -9.202 -10.787 -11.863 -4.568 -7.931 -10.06 -11.185 -11.956 -8.906 -10.23 -11.263 -11.879 -12.338 -10.383 -9.145 -10.697 -12.867 -13.187 -13.248 -10.843
4.200141 -6.768 -1.57 -2.535 -4.238 -7.025 -9.027 -7.143 -4.735 -7.156 -9.146 -10.731 -11.807 -4.512 -7.875 -10.004 -11.129 -11.9 -8.85 -10.174 -11.207 -11.823 -12.282 -10.327 -9.089 -10.641 -12.811 -13.131 -13.192 -10.787
4.327172 -6.712 -1.514 -2.48 -4.182 -6.969 -8.971 -7.087 -4.679 -7.1 -9.09 -10.675 -11.751 -4.456 -7.819 -9.948 -11.073 -11.844 -8.794 -10.118 -11.152 -11.767 -12.226 -10.271 -9.033 -10.585 -12.755 -13.075 -13.136 -10.731
4.458044 -6.656 -1.458 -2.424 -4.127 -6.913 -8.915 -7.031 -4.623 -7.044 -9.034 -10.619 -11.696 -4.401 -7.764 -9.892 -11.017 -11.788 -8.738 -10.062 -11.096 -11.711 -12.171 -10.215 -8.977 -10.529 -12.699 -13.019 -13.08 -10.676
4.592874 -6.601 -1.402 -2.368 -4.071 -6.858 -8.86 -6.975 -4.568 -6.989 -8.978 -10.563 -11.64 -4.345 -7.708 -9.837 -10.961 -11.732 -8.683 -10.006 -11.04 -11.656 -12.115 -10.16 -8.921 -10.473 -12.643 -12.964 -13.024 -10.62
4.731783 -6.545 -1.346 -2.312 -4.015 -6.802 -8.804 -6.92 -4.512 -6.933 -8.923 -10.507 -11.584 -4.289 -7.652 -9.781 -10.906 -11.677 -8.627 -9.95 -10.984 -11.6 -12.059 -10.104 -8.866 -10.418 -12.588 -12.908 -12.969 -10.564
4.874892 -6.489 -1.291 -2.257 -3.96 -6.746 -8.749 -6.864 -4.456 -6.877 -8.867 -10.452 -11.529 -4.234 -7.597 -9.726 -10.85 -11.621 -8.571 -9.895 -10.929 -11.544 -12.004 -10.049 -8.81 -10.362 -12.532 -12.853 -12.913 -10.509
5.02233 -6.434 -1.235 -2.201 -3.904 -6.691 -8.693 -6.809 -4.401 -6.822 -8.812 -10.396 -11.473 -4.178 -7.541 -9.67 -10.795 -11.566 -8.516 -9.839 -10.873 -11.489 -11.948 -9.993 -8.755 -10.307 -12.477 -12.797 -12.858 -10.453
5.174227 -6.378 -1.18 -2.146 -3.849 -6.636 -8.638 -6.753 -4.346 -6.767 -8.756 -10.341 -11.418 -4.123 -7.486 -9.615 -10.739 -11.51 -8.461 -9.784 -10.818 -11.434 -11.893 -9.938 -8.699 -10.251 -12.421 -12.742 -12.802 -10.398
5.330718 -6.323 -1.125 -2.091 -3.793 -6.58 -8.582 -6.698 -4.29 -6.711 -8.701 -10.286 -11.362 -4.067 -7.431 -9.559 -10.684 -11.455 -8.405 -9.729 -10.763 -11.378 -11.837 -9.882 -8.644 -10.196 -12.366 -12.686 -12.747 -10.342
5.491942 -6.268 -1.069 -2.035 -3.738 -6.525 -8.527 -6.643 -4.235 -6.656 -8.645 -10.23 -11.307 -4.012 -7.375 -9.504 -10.629 -11.399 -8.35 -9.673 -10.707 -11.323 -11.782 -9.827 -8.589 -10.141 -12.311 -12.631 -12.691 -10.287
5.658042 -6.212 -1.014 -1.98 -3.683 -6.47 -8.472 -6.587 -4.18 -6.601 -8.59 -10.175 -11.252 -3.957 -7.32 -9.449 -10.573 -11.344 -8.295 -9.618 -10.652 -11.268 -11.727 -9.772 -8.533 -10.085 -12.255 -12.576 -12.636 -10.232
5.829166 -6.157 -0.959 -1.925 -3.627 -6.414 -8.416 -6.532 -4.124 -6.545 -8.535 -10.12 -11.197 -3.902 -7.265 -9.393 -10.518 -11.289 -8.239 -9.563 -10.597 -11.212 -11.671 -9.716 -8.478 -10.03 -12.2 -12.52 -12.581 -10.176
6.005465 -6.102 -0.903 -1.869 -3.572 -6.359 -8.361 -6.477 -4.069 -6.49 -8.48 -10.064 -11.141 -3.846 -7.209 -9.338 -10.463 -11.234 -8.184 -9.507 -10.541 -11.157 -11.616 -9.661 -8.423 -9.975 -12.145 -12.465 -12.526 -10.121
6.187096 -6.047 -0.848 -1.814 -3.517 -6.304 -8.306 -6.421 -4.014 -6.435 -8.424 -10.009 -11.086 -3.791 -7.154 -9.283 -10.407 -11.178 -8.129 -9.452 -10.486 -11.102 -11.561 -9.606 -8.367 -9.919 -12.089 -12.41 -12.47 -10.066
6.37422 -5.991 -0.793 -1.759 -3.462 -6.248 -8.25 -6.366 -3.958 -6.379 -8.369 -9.954 -11.031 -3.736 -7.099 -9.227 -10.352 -11.123 -8.073 -9.397 -10.431 -11.046 -11.506 -9.55 -8.312 -9.864 -12.034 -12.354 -12.415 -10.011
6.567004 -5.936 -0.737 -1.703 -3.406 -6.193 -8.195 -6.311 -3.903 -6.324 -8.314 -9.898 -10.975 -3.68 -7.043 -9.172 -10.297 -11.068 -8.018 -9.341 -10.375 -10.991 -11.45 -9.495 -8.257 -9.809 -11.979 -12.299 -12.36 -9.955
6.765619 -5.881 -0.682 -1.648 -3.351 -6.138 -8.14 -6.255 -3.848 -6.269 -8.258 -9.843 -10.92 -3.625 -6.988 -9.117 -10.241 -11.012 -7.963 -9.286 -10.32 -10.936 -11.395 -9.44 -8.201 -9.753 -11.923 -12.244 -12.304 -9.9
6.97024 -5.825 -0.627 -1.593 -3.295 -6.082 -8.084 -6.2 -3.792 -6.213 -8.203 -9.788 -10.864 -3.569 -6.933 -9.061 -10.186 -10.957 -7.907 -9.231 -10.265 -10.88 -11.339 -9.384 -8.146 -9.698 -11.868 -12.188 -12.249 -9.844
7.181051 -5.77 -0.571 -1.537 -3.24 -6.027 -8.029 -6.144 -3.737 -6.158 -8.147 -9.732 -10.809 -3.514 -6.877 -9.006 -10.13 -10.901 -7.852 -9.175 -10.209 -10.825 -11.284 -9.329 -8.09 -9.642 -11.812 -12.133 -12.193 -9.789
7.398237 -5.714 -0.516 -1.481 -3.184 -5.971 -7.973 -6.089 -3.681 -6.102 -8.092 -9.677 -10.753 -3.458 -6.821 -8.95 -10.075 -10.846 -7.796 -9.12 -10.153 -10.769 -11.228 -9.273 -8.035 -9.587 -11.757 -12.077 -12.138 -9.733
7.621991 -5.658 -0.46 -1.426 -3.129 -5.915 -7.918 -6.033 -3.625 -6.046 -8.036 -9.621 -10.698 -3.403 -6.766 -8.895 -10.019 -10.79 -7.74 -9.064 -10.098 -10.714 -11.173 -9.218 -7.979 -9.531 -11.701 -12.022 -12.082 -9.678
7.852513 -5.603 -0.404 -1.37 -3.073 -5.86 -7.862 -5.977 -3.57 -5.991 -7.98 -9.565 -10.642 -3.347 -6.71 -8.839 -9.963 -10.734 -7.685 -9.008 -10.042 -10.658 -11.117 -9.162 -7.923 -9.475 -11.646 -11.966 -12.026 -9.622
8.090007 -5.547 -0.348 -1.314 -3.017 -5.804 -7.806 -5.922 -3.514 -5.935 -7.925 -9.509 -10.586 -3.291 -6.654 -8.783 -9.908 -10.679 -7.629 -8.952 -9.986 -10.602 -11.061 -9.106 -7.868 -9.42 -11.59 -11.91 -11.971 -9.566
8.334684 -5.491 -0.292 -1.258 -2.961 -5.748 -7.75 -5.866 -3.458 -5.879 -7.869 -9.453 -10.53 -3.235 -6.598 -8.727 -9.852 -10.623 -7.573 -8.896 -9.93 -10.546 -11.005 -9.05 -7.812 -9.364 -11.534 -11.854 -11.915 -9.51
8.586761 -5.435 -0.236 -1.202 -2.905 -5.692 -7.694 -5.81 -3.402 -5.823 -7.813 -9.397 -10.474 -3.179 -6.542 -8.671 -9.796 -10.567 -7.517 -8.84 -9.874 -10.49 -10.949 -8.994 -7.756 -9.308 -11.478 -11.798 -11.859 -9.454
8.846461 -5.379 -0.18 -1.146 -2.849 -5.636 -7.638 -5.754 -3.346 -5.767 -7.756 -9.341 -10.418 -3.123 -6.486 -8.615 -9.74 -10.51 -7.461 -8.784 -9.818 -10.434 -10.893 -8.938 -7.7 -9.252 -11.422 -11.742 -11.803 -9.398
9.114017 -5.323 -0.124 -1.09 -2.793 -5.58 -7.582 -5.697 -3.29 -5.711 -7.7 -9.285 -10.362 -3.067 -6.43 -8.559 -9.683 -10.454 -7.405 -8.728 -9.762 -10.378 -10.837 -8.882 -7.643 -9.195 -11.365 -11.686 -11.746 -9.342
9.389664 -5.266 -0.068 -1.034 -2.736 -5.523 -7.525 -5.641 -3.233 -5.654 -7.644 -9.229 -10.306 -3.011 -6.374 -8.502 -9.627 -10.398 -7.348 -8.672 -9.706 -10.321 -10.781 -8.825 -7.587 -9.139 -11.309 -11.629 -11.69 -9.285
9.673648 -5.21 -0.011 -0.977 -2.68 -5.467 -7.469 -5.585 -3.177 -5.598 -7.587 -9.172 -10.249 -2.954 -6.317 -8.446 -9.571 -10.341 -7.292 -8.615 -9.649 -10.265 -10.724 -8.769 -7.531 -9.083 -11.253 -11.573 -11.633 -9.229
9.966221 -5.153 0.045 -0.921 -2.623 -5.41 -7.412 -5.528 -3.12 -5.541 -7.531 -9.116 -10.193 -2.898 -6.261 -8.389 -9.514 -10.285 -7.235 -8.559 -9.593 -10.208 -10.667 -8.712 -7.474 -9.026 -11.196 -11.516 -11.577 -9.172
10.267642 -5.096 0.102 -0.864 -2.567 -5.354 -7.356 -5.471 -3.064 -5.485 -7.474 -9.059 -10.136 -2.841 -6.204 -8.333 -9.457 -10.228 -7.179 -8.502 -9.536 -10.152 -10.611 -8.656 -7.417 -8.969 -11.139 -11.46 -11.52 -9.116
10.57818 -5.04 0.159 -0.807 -2.51 -5.297 -7.299 -5.414 -3.007 -5.428 -7.417 -9.002 -10.079 -2.784 -6.147 -8.276 -9.4 -10.171 -7.122 -8.445 -9.479 -10.095 -10.554 -8.599 -7.36 -8.912 -11.083 -11.403 -11.463 -9.059
10.89811 -4.983 0.216 -0.75 -2.453 -5.24 -7.242 -5.358 -2.95 -5.371 -7.36 -8.945 -10.022 -2.727 -6.09 -8.219 -9.344 -10.114 -7.065 -8.388 -9.422 -10.038 -10.497 -8.542 -7.303 -8.856 -11.026 -11.346 -11.406 -9.002
11.227716 -4.926 0.273 -0.693 -2.396 -5.183 -7.185 -5.3 -2.893 -5.314 -7.303 -8.888 -9.965 -2.67 -6.033 -8.162 -9.286 -10.057 -7.008 -8.331 -9.365 -9.981 -10.44 -8.485 -7.246 -8.798 -10.969 -11.289 -11.349 -8.945
11.56729 -4.868 0.33 -0.636 -2.339 -5.126 -7.128 -5.243 -2.836 -5.257 -7.246 -8.831 -9.908 -2.613 -5.976 -8.105 -9.229 -10.0 -6.951 -8.274 -9.308 -9.924 -10.383 -8.428 -7.189 -8.741 -10.911 -11.232 -11.292 -8.888
11.917135 -4.811 0.387 -0.579 -2.281 -5.068 -7.07 -5.186 -2.778 -5.199 -7.189 -8.774 -9.851 -2.556 -5.919 -8.047 -9.172 -9.943 -6.893 -8.217 -9.251 -9.866 -10.325 -8.37 -7.132 -8.684 -10.854 -11.174 -11.235 -8.83
12.277561 -4.754 0.445 -0.521 -2.224 -5.011 -7.013 -5.128 -2.721 -5.142 -7.131 -8.716 -9.793 -2.498 -5.861 -7.99 -9.115 -9.885 -6.836 -8.159 -9.193 -9.809 -10.268 -8.313 -7.074 -8.627 -10.797 -11.117 -11.177 -8.773
12.648887 -4.696 0.502 -0.464 -2.166 -4.953 -6.955 -5.071 -2.663 -5.084 -7.074 -8.659 -9.735 -2.44 -5.804 -7.932 -9.057 -9.828 -6.778 -8.102 -9.136 -9.751 -10.21 -8.255 -7.017 -8.569 -10.739 -11.059 -11.12 -8.715
13.031444 -4.638 0.56 -0.406 -2.109 -4.895 -6.898 -5.013 -2.606 -5.027 -7.016 -8.601 -9.678 -2.383 -5.746 -7.875 -8.999 -9.77 -6.721 -8.044 -9.078 -9.694 -10.153 -8.198 -6.959 -8.511 -10.681 -11.002 -11.062 -8.658
13.425571 -4.581 0.618 -0.348 -2.051 -4.838 -6.84 -4.955 -2.548 -4.969 -6.958 -8.543 -9.62 -2.325 -5.688 -7.817 -8.941 -9.712 -6.663 -7.986 -9.02 -9.636 -10.095 -8.14 -6.901 -8.453 -10.623 -10.944 -11.004 -8.6
13.831619 -4.523 0.676 -0.29 -1.993 -4.78 -6.782 -4.897 -2.49 -4.911 -6.9 -8.485 -9.562 -2.267 -5.63 -7.759 -8.883 -9.654 -6.605 -7.928 -8.962 -9.578 -10.037 -8.082 -6.843 -8.396 -10.566 -10.886 -10.946 -8.542
14.249947 -4.465 0.734 -0.232 -1.935 -4.722 -6.724 -4.839 -2.432 -4.853 -6.842 -8.427 -9.504 -2.209 -5.572 -7.701 -8.825 -9.596 -6.547 -7.87 -8.904 -9.52 -9.979 -8.024 -6.785 -8.337 -10.507 -10.828 -10.888 -8.484
14.680926 -4.406 0.792 -0.174 -1.877 -4.663 -6.666 -4.781 -2.374 -4.795 -6.784 -8.369 -9.446 -2.151 -5.514 -7.643 -8.767 -9.538 -6.488 -7.812 -8.846 -9.462 -9.921 -7.966 -6.727 -8.279 -10.449 -10.77 -10.83 -8.426
15.124941 -4.348 0.85 -0.116 -1.818 -4.605 -6.607 -4.723 -2.315 -4.736 -6.726 -8.311 -9.387 -2.092 -5.456 -7.584 -8.709 -9.48 -6.43 -7.754 -8.788 -9.403 -9.862 -7.907 -6.669 -8.221 -10.391 -10.711 -10.772 -8.367
15.582385 -4.29 0.909 -0.057 -1.76 -4.547 -6.549 -4.664 -2.257 -4.678 -6.667 -8.252 -9.329 -2.034 -5.397 -7.526 -8.651 -9.421 -6.372 -7.695 -8.729 -9.345 -9.804 -7.849 -6.61 -8.163 -10.333 -10.653 -10.713 -8.309
16.053663 -4.231 0.967 0.001 -1.701 -4.488 -6.49 -4.606 -2.198 -4.619 -6.609 -8.194 -9.271 -1.976 -5.339 -7.467 -8.592 -9.363 -6.313 -7.637 -8.671 -9.286 -9.745 -7.79 -6.552 -8.104 -10.274 -10.594 -10.655 -8.25
16.539195 -4.172 1.026 0.06 -1.643 -4.43 -6.432 -4.547 -2.14 -4.561 -6.55 -8.135 -9.212 -1.917 -5.28 -7.409 -8.533 -9.304 -6.255 -7.578 -8.612 -9.228 -9.687 -7.732 -6.493 -8.045 -10.215 -10.536 -10.596 -8.192
17.039412 -4.114 1.085 0.119 -1.584 -4.371 -6.373 -4.489 -2.081 -4.502 -6.491 -8.076 -9.153 -1.858 -5.221 -7.35 -8.475 -9.245 -6.196 -7.519 -8.553 -9.169 -9.628 -7.673 -6.434 -7.987 -10.157 -10.477 -10.537 -8.133
17.554757 -4.055 1.144 0.178 -1.525 -4.312 -6.314 -4.43 -2.022 -4.443 -6.432 -8.017 -9.094 -1.799 -5.162 -7.291 -8.416 -9.186 -6.137 -7.46 -8.494 -9.11 -9.569 -7.614 -6.376 -7.928 -10.098 -10.418 -10.479 -8.074
18.085689 -3.996 1.203 0.237 -1.466 -4.253 -6.255 -4.371 -1.963 -4.384 -6.373 -7.958 -9.035 -1.74 -5.103 -7.232 -8.357 -9.127 -6.078 -7.401 -8.435 -9.051 -9.51 -7.555 -6.317 -7.869 -10.039 -10.359 -10.42 -8.015
18.632678 -3.937 1.262 0.296 -1.407 -4.194 -6.196 -4.311 -1.904 -4.325 -6.314 -7.899 -8.976 -1.681 -5.044 -7.173 -8.297 -9.068 -6.019 -7.342 -8.376 -8.992 -9.451 -7.496 -6.257 -7.81 -9.98 -10.3 -10.36 -7.956
19.196211 -3.877 1.321 0.355 -1.348 -4.135 -6.137 -4.252 -1.845 -4.266 -6.255 -7.84 -8.917 -1.622 -4.985 -7.114 -8.238 -9.009 -5.96 -7.283 -8.317 -8.933 -9.392 -7.437 -6.198 -7.75 -9.92 -10.241 -10.301 -7.897
19.776787 -3.818 1.38 0.414 -1.288 -4.075 -6.077 -4.193 -1.785 -4.206 -6.196 -7.781 -8.857 -1.562 -4.926 -7.054 -8.179 -8.95 -5.9 -7.224 -8.258 -8.873 -9.332 -7.377 -6.139 -7.691 -9.861 -10.181 -10.242 -7.837
20.374923 -3.759 1.44 0.474 -1.229 -4.016 -6.018 -4.133 -1.726 -4.147 -6.136 -7.721 -8.798 -1.503 -4.866 -6.995 -8.119 -8.89 -5.841 -7.164 -8.198 -8.814 -9.273 -7.318 -6.079 -7.631 -9.802 -10.122 -10.182 -7.778
20.991149 -3.699 1.499 0.534 -1.169 -3.956 -5.958 -4.074 -1.666 -4.087 -6.077 -7.662 -8.738 -1.443 -4.806 -6.935 -8.06 -8.831 -5.781 -7.105 -8.138 -8.754 -9.213 -7.258 -6.02 -7.572 -9.742 -10.062 -10.123 -7.718
21.626011 -3.639 1.559 0.593 -1.11 -3.896 -5.899 -4.014 -1.606 -4.027 -6.017 -7.602 -8.679 -1.384 -4.747 -6.876 -8.0 -8.771 -5.721 -7.045 -8.079 -8.694 -9.154 -7.199 -5.96 -7.512 -9.682 -10.003 -10.063 -7.659
22.280075 -3.58 1.619 0.653 -1.05 -3.837 -5.839 -3.954 -1.547 -3.968 -5.957 -7.542 -8.619 -1.324 -4.687 -6.816 -7.94 -8.711 -5.662 -6.985 -8.019 -8.635 -9.094 -7.139 -5.9 -7.452 -9.622 -9.943 -10.003 -7.599
22.953921 -3.52 1.679 0.713 -0.99 -3.777 -5.779 -3.894 -1.487 -3.908 -5.897 -7.482 -8.559 -1.264 -4.627 -6.756 -7.881 -8.651 -5.602 -6.925 -7.959 -8.575 -9.034 -7.079 -5.84 -7.393 -9.563 -9.883 -9.943 -7.539
23.648147 -3.46 1.739 0.773 -0.93 -3.717 -5.719 -3.834 -1.427 -3.848 -5.837 -7.422 -8.499 -1.204 -4.567 -6.696 -7.821 -8.591 -5.542 -6.865 -7.899 -8.515 -8.974 -7.019 -5.78 -7.333 -9.503 -9.823 -9.883 -7.479
24.363369 -3.4 1.799 0.833 -0.87 -3.657 -5.659 -3.774 -1.367 -3.788 -5.777 -7.362 -8.439 -1.144 -4.507 -6.636 -7.76 -8.531 -5.482 -6.805 -7.839 -8.455 -8.914 -6.959 -5.72 -7.272 -9.442 -9.763 -9.823 -7.419
25.100222 -3.339 1.859 0.893 -0.81 -3.596 -5.599 -3.714 -1.306 -3.727 -5.717 -7.302 -8.379 -1.084 -4.447 -6.576 -7.7 -8.471 -5.421 -6.745 -7.779 -8.394 -8.854 -6.899 -5.66 -7.212 -9.382 -9.703 -9.763 -7.359
25.859362 -3.279 1.919 0.954 -0.749 -3.536 -5.538 -3.654 -1.246 -3.667 -5.657 -7.242 -8.318 -1.023 -4.386 -6.515 -7.64 -8.411 -5.361 -6.685 -7.718 -8.334 -8.793 -6.838 -5.6 -7.152 -9.322 -9.642 -9.703 -7.298
26.64146 -3.219 1.98 1.014 -0.689 -3.476 -5.478 -3.593 -1.186 -3.607 -5.596 -7.181 -8.258 -0.963 -4.326 -6.455 -7.579 -8.35 -5.301 -6.624 -7.658 -8.274 -8.733 -6.778 -5.539 -7.091 -9.262 -9.582 -9.642 -7.238
27.447213 -3.158 2.04 1.074 -0.628 -3.415 -5.417 -3.533 -1.125 -3.546 -5.536 -7.121 -8.198 -0.903 -4.266 -6.394 -7.519 -8.29 -5.24 -6.564 -7.598 -8.213 -8.672 -6.717 -5.479 -7.031 -9.201 -9.521 -9.582 -7.177
28.277335 -3.098 2.101 1.135 -0.568 -3.355 -5.357 -3.472 -1.065 -3.486 -5.475 -7.06 -8.137 -0.842 -4.205 -6.334 -7.458 -8.229 -5.18 -6.503 -7.537 -8.153 -8.612 -6.657 -5.418 -6.97 -9.14 -9.461 -9.521 -7.117
29.132564 -3.037 2.162 1.196 -0.507 -3.294 -5.296 -3.412 -1.004 -3.425 -5.414 -6.999 -8.076 -0.781 -4.144 -6.273 -7.398 -8.168 -5.119 -6.442 -7.476 -8.092 -8.551 -6.596 -5.358 -6.91 -9.08 -9.4 -9.461 -7.056
30.013659 -2.976 2.222 1.257 -0.446 -3.233 -5.235 -3.351 -0.943 -3.364 -5.354 -6.939 -8.015 -0.72 -4.083 -6.212 -7.337 -8.108 -5.058 -6.382 -7.415 -8.031 -8.49 -6.535 -5.297 -6.849 -9.019 -9.339 -9.4 -6.995
30.921401 -2.915 2.283 1.317 -0.385 -3.172 -5.174 -3.29 -0.882 -3.303 -5.293 -6.878 -7.954 -0.659 -4.023 -6.151 -7.276 -8.047 -4.997 -6.321 -7.355 -7.97 -8.429 -6.474 -5.236 -6.788 -8.958 -9.278 -9.339 -6.934
