web/models/kne.last_good/kappa_0.5_3.0.v2/26/villar_0.0630_0.0613_3.0000.dat
# %ECSV 1.0
# ---
# datatype:
# - {name: time, datatype: float64}
# - {name: swift_uvot_uvw2, datatype: float64}
# - {name: swift_uvot_uvm2, datatype: float64}
# - {name: swift_uvot_uvw1, datatype: float64}
# - {name: swift_uvot_U, datatype: float64}
# - {name: swift_uvot_B, datatype: float64}
# - {name: swift_uvot_V, datatype: float64}
# - {name: swift_uvot_W, datatype: float64}
# - {name: johnson_U, datatype: float64}
# - {name: johnson_B, datatype: float64}
# - {name: johnson_V, datatype: float64}
# - {name: johnson_R, datatype: float64}
# - {name: johnson_I, datatype: float64}
# - {name: sdss_u, datatype: float64}
# - {name: sdss_g, datatype: float64}
# - {name: sdss_r, datatype: float64}
# - {name: sdss_i, datatype: float64}
# - {name: sdss_z, datatype: float64}
# - {name: PS1_g, datatype: float64}
# - {name: PS1_r, datatype: float64}
# - {name: PS1_i, datatype: float64}
# - {name: PS1_z, datatype: float64}
# - {name: PS1_Y, datatype: float64}
# - {name: PS1_w, datatype: float64}
# - {name: ATLAS_c, datatype: float64}
# - {name: ATLAS_o, datatype: float64}
# - {name: ukirt_J, datatype: float64}
# - {name: ukirt_H, datatype: float64}
# - {name: ukirt_K, datatype: float64}
# - {name: Clear, datatype: float64}
# meta: !!omap
# - comment: [kappa = 3.0, type = villar, mass = 0.06299605249512866, velocity = 0.06133333333333335, theta_obs = 0.0, tfloor = 2500.0]
# schema: astropy-2.0
time swift_uvot_uvw2 swift_uvot_uvm2 swift_uvot_uvw1 swift_uvot_U swift_uvot_B swift_uvot_V swift_uvot_W johnson_U johnson_B johnson_V johnson_R johnson_I sdss_u sdss_g sdss_r sdss_i sdss_z PS1_g PS1_r PS1_i PS1_z PS1_Y PS1_w ATLAS_c ATLAS_o ukirt_J ukirt_H ukirt_K Clear
[from data line 141]
0.066769 -16.067 -14.803 -14.508 -13.844 -13.378 -12.91 -14.366 -13.773 -13.374 -12.899 -12.449 -11.941 -13.784 -13.228 -12.646 -12.238 -11.866 -13.708 -13.322 -13.132 -13.291 -14.054 -12.737 -13.002 -12.481 -11.139 -10.563 -9.907 -12.842
0.068788 -16.066 -14.831 -14.541 -13.879 -13.413 -12.946 -14.399 -13.807 -13.409 -12.934 -12.485 -11.977 -13.819 -13.264 -12.682 -12.275 -11.902 -13.723 -13.334 -13.139 -13.29 -14.045 -12.773 -13.038 -12.517 -11.176 -10.601 -9.944 -12.877
0.070868 -16.066 -14.86 -14.573 -13.913 -13.448 -12.982 -14.431 -13.842 -13.444 -12.97 -12.521 -12.014 -13.853 -13.299 -12.718 -12.311 -11.939 -13.739 -13.347 -13.147 -13.29 -14.036 -12.809 -13.073 -12.553 -11.213 -10.638 -9.982 -12.913
0.073012 -16.066 -14.888 -14.605 -13.947 -13.483 -13.017 -14.463 -13.876 -13.479 -13.006 -12.557 -12.05 -13.887 -13.334 -12.753 -12.347 -11.975 -13.756 -13.36 -13.156 -13.291 -14.027 -12.844 -13.108 -12.589 -11.25 -10.675 -10.019 -12.948
0.07522 -16.066 -14.916 -14.638 -13.981 -13.518 -13.053 -14.495 -13.91 -13.514 -13.041 -12.593 -12.087 -13.922 -13.369 -12.789 -12.383 -12.012 -13.773 -13.374 -13.165 -13.292 -14.018 -12.88 -13.144 -12.625 -11.287 -10.712 -10.056 -12.983
0.077495 -16.067 -14.945 -14.67 -14.015 -13.553 -13.088 -14.527 -13.944 -13.549 -13.077 -12.629 -12.123 -13.956 -13.404 -12.825 -12.419 -12.048 -13.79 -13.389 -13.174 -13.293 -14.01 -12.915 -13.179 -12.661 -11.324 -10.749 -10.094 -13.019
0.079839 -16.069 -14.973 -14.701 -14.049 -13.587 -13.123 -14.559 -13.978 -13.584 -13.112 -12.665 -12.159 -13.99 -13.439 -12.861 -12.456 -12.084 -13.808 -13.404 -13.184 -13.295 -14.002 -12.951 -13.214 -12.697 -11.361 -10.786 -10.131 -13.054
0.082253 -16.07 -15.001 -14.733 -14.082 -13.622 -13.159 -14.59 -14.012 -13.618 -13.147 -12.701 -12.196 -14.023 -13.474 -12.896 -12.492 -12.121 -13.827 -13.419 -13.195 -13.298 -13.994 -12.986 -13.249 -12.733 -11.398 -10.823 -10.168 -13.089
0.084741 -16.072 -15.029 -14.765 -14.116 -13.656 -13.194 -14.622 -14.046 -13.653 -13.182 -12.737 -12.232 -14.057 -13.508 -12.932 -12.528 -12.157 -13.846 -13.435 -13.206 -13.301 -13.986 -13.022 -13.284 -12.768 -11.434 -10.86 -10.206 -13.124
0.087304 -16.075 -15.057 -14.796 -14.15 -13.691 -13.229 -14.653 -14.079 -13.687 -13.218 -12.772 -12.268 -14.091 -13.543 -12.967 -12.563 -12.193 -13.865 -13.452 -13.218 -13.304 -13.979 -13.057 -13.319 -12.804 -11.471 -10.897 -10.243 -13.159
0.089944 -16.078 -15.085 -14.827 -14.183 -13.725 -13.264 -14.684 -14.113 -13.721 -13.253 -12.808 -12.304 -14.124 -13.577 -13.003 -12.599 -12.229 -13.885 -13.469 -13.231 -13.309 -13.972 -13.092 -13.354 -12.84 -11.508 -10.934 -10.28 -13.194
0.092665 -16.081 -15.113 -14.858 -14.216 -13.759 -13.299 -14.715 -14.146 -13.756 -13.288 -12.843 -12.34 -14.158 -13.612 -13.038 -12.635 -12.266 -13.905 -13.487 -13.244 -13.313 -13.966 -13.127 -13.389 -12.875 -11.545 -10.971 -10.317 -13.229
0.095467 -16.084 -15.141 -14.889 -14.249 -13.794 -13.334 -14.745 -14.179 -13.79 -13.323 -12.879 -12.376 -14.191 -13.646 -13.073 -12.671 -12.302 -13.926 -13.505 -13.257 -13.319 -13.96 -13.162 -13.424 -12.911 -11.581 -11.008 -10.355 -13.264
0.098355 -16.088 -15.169 -14.92 -14.282 -13.828 -13.369 -14.776 -14.212 -13.824 -13.357 -12.914 -12.412 -14.224 -13.681 -13.108 -12.707 -12.338 -13.947 -13.523 -13.271 -13.325 -13.954 -13.197 -13.458 -12.946 -11.618 -11.045 -10.392 -13.299
0.101329 -16.092 -15.197 -14.95 -14.315 -13.861 -13.404 -14.806 -14.245 -13.858 -13.392 -12.95 -12.448 -14.257 -13.715 -13.144 -12.742 -12.374 -13.968 -13.543 -13.286 -13.331 -13.948 -13.232 -13.493 -12.981 -11.654 -11.082 -10.429 -13.333
0.104394 -16.096 -15.224 -14.98 -14.348 -13.895 -13.438 -14.836 -14.278 -13.891 -13.427 -12.985 -12.484 -14.29 -13.749 -13.179 -12.778 -12.41 -13.99 -13.562 -13.301 -13.338 -13.943 -13.267 -13.527 -13.017 -11.691 -11.119 -10.466 -13.368
0.107551 -16.101 -15.251 -15.01 -14.38 -13.929 -13.473 -14.865 -14.311 -13.925 -13.461 -13.02 -12.52 -14.322 -13.783 -13.214 -12.813 -12.446 -14.012 -13.582 -13.317 -13.346 -13.939 -13.301 -13.562 -13.052 -11.727 -11.156 -10.503 -13.402
0.110804 -16.106 -15.279 -15.04 -14.413 -13.962 -13.507 -14.895 -14.344 -13.959 -13.496 -13.055 -12.556 -14.355 -13.817 -13.249 -12.849 -12.482 -14.034 -13.602 -13.333 -13.354 -13.935 -13.336 -13.596 -13.087 -11.764 -11.193 -10.54 -13.436
0.114155 -16.111 -15.306 -15.07 -14.445 -13.996 -13.542 -14.924 -14.376 -13.992 -13.53 -13.09 -12.591 -14.387 -13.85 -13.283 -12.884 -12.517 -14.057 -13.623 -13.35 -13.363 -13.931 -13.37 -13.63 -13.122 -11.8 -11.229 -10.577 -13.471
0.117608 -16.117 -15.332 -15.099 -14.477 -14.029 -13.576 -14.953 -14.408 -14.025 -13.565 -13.125 -12.627 -14.42 -13.884 -13.318 -12.919 -12.553 -14.08 -13.644 -13.368 -13.372 -13.927 -13.405 -13.664 -13.157 -11.837 -11.266 -10.614 -13.505
0.121165 -16.123 -15.359 -15.128 -14.509 -14.063 -13.61 -14.982 -14.441 -14.059 -13.599 -13.16 -12.663 -14.452 -13.918 -13.353 -12.955 -12.589 -14.104 -13.666 -13.385 -13.382 -13.924 -13.439 -13.698 -13.192 -11.873 -11.303 -10.651 -13.539
0.124829 -16.129 -15.386 -15.157 -14.541 -14.096 -13.645 -15.011 -14.473 -14.092 -13.633 -13.195 -12.698 -14.484 -13.951 -13.387 -12.99 -12.624 -14.127 -13.688 -13.404 -13.393 -13.922 -13.473 -13.732 -13.227 -11.909 -11.339 -10.688 -13.573
0.128605 -16.135 -15.412 -15.186 -14.572 -14.129 -13.679 -15.039 -14.504 -14.125 -13.667 -13.23 -12.734 -14.516 -13.984 -13.422 -13.025 -12.66 -14.151 -13.71 -13.423 -13.404 -13.92 -13.508 -13.766 -13.261 -11.946 -11.376 -10.725 -13.607
0.132494 -16.142 -15.438 -15.214 -14.604 -14.161 -13.712 -15.067 -14.536 -14.158 -13.701 -13.265 -12.769 -14.547 -14.018 -13.456 -13.06 -12.695 -14.175 -13.733 -13.442 -13.415 -13.918 -13.542 -13.799 -13.296 -11.982 -11.413 -10.762 -13.64
0.136502 -16.148 -15.464 -15.242 -14.635 -14.194 -13.746 -15.095 -14.568 -14.19 -13.735 -13.299 -12.804 -14.579 -14.051 -13.491 -13.095 -12.731 -14.199 -13.756 -13.462 -13.428 -13.917 -13.576 -13.833 -13.33 -12.018 -11.449 -10.799 -13.674
0.14063 -16.155 -15.489 -15.27 -14.666 -14.227 -13.78 -15.123 -14.599 -14.223 -13.769 -13.334 -12.84 -14.61 -14.084 -13.525 -13.13 -12.766 -14.224 -13.779 -13.482 -13.44 -13.917 -13.609 -13.866 -13.365 -12.054 -11.486 -10.836 -13.708
0.144883 -16.162 -15.515 -15.298 -14.697 -14.259 -13.814 -15.15 -14.63 -14.255 -13.802 -13.368 -12.875 -14.641 -14.116 -13.559 -13.165 -12.802 -14.249 -13.803 -13.502 -13.454 -13.916 -13.643 -13.9 -13.399 -12.09 -11.522 -10.873 -13.741
0.149265 -16.169 -15.54 -15.325 -14.728 -14.291 -13.847 -15.177 -14.661 -14.287 -13.836 -13.402 -12.91 -14.672 -14.149 -13.593 -13.199 -12.837 -14.274 -13.827 -13.523 -13.468 -13.917 -13.677 -13.933 -13.433 -12.126 -11.559 -10.91 -13.774
0.15378 -16.177 -15.564 -15.352 -14.758 -14.323 -13.88 -15.204 -14.692 -14.32 -13.869 -13.437 -12.945 -14.703 -14.182 -13.627 -13.234 -12.872 -14.299 -13.851 -13.545 -13.482 -13.918 -13.71 -13.966 -13.468 -12.162 -11.595 -10.947 -13.807
0.15843 -16.184 -15.589 -15.379 -14.788 -14.355 -13.914 -15.23 -14.722 -14.352 -13.902 -13.471 -12.98 -14.734 -14.214 -13.661 -13.269 -12.907 -14.324 -13.876 -13.566 -13.497 -13.919 -13.744 -13.999 -13.502 -12.198 -11.632 -10.983 -13.84
0.163222 -16.192 -15.613 -15.405 -14.819 -14.387 -13.947 -15.256 -14.753 -14.383 -13.935 -13.505 -13.015 -14.764 -14.246 -13.694 -13.303 -12.942 -14.35 -13.9 -13.588 -13.512 -13.921 -13.777 -14.031 -13.536 -12.234 -11.668 -11.02 -13.873
0.168159 -16.199 -15.637 -15.431 -14.848 -14.419 -13.98 -15.282 -14.783 -14.415 -13.968 -13.539 -13.05 -14.794 -14.278 -13.728 -13.337 -12.977 -14.375 -13.925 -13.611 -13.528 -13.923 -13.81 -14.064 -13.57 -12.27 -11.704 -11.057 -13.906
0.173245 -16.207 -15.661 -15.457 -14.878 -14.45 -14.012 -15.307 -14.813 -14.446 -14.001 -13.572 -13.084 -14.824 -14.31 -13.761 -13.372 -13.012 -14.401 -13.95 -13.634 -13.545 -13.926 -13.843 -14.097 -13.603 -12.305 -11.74 -11.094 -13.939
0.178484 -16.214 -15.684 -15.482 -14.908 -14.481 -14.045 -15.332 -14.843 -14.478 -14.034 -13.606 -13.119 -14.854 -14.342 -13.795 -13.406 -13.047 -14.426 -13.976 -13.657 -13.562 -13.929 -13.876 -14.129 -13.637 -12.341 -11.777 -11.13 -13.971
0.183882 -16.222 -15.707 -15.507 -14.937 -14.513 -14.078 -15.357 -14.872 -14.509 -14.066 -13.64 -13.153 -14.883 -14.373 -13.828 -13.44 -13.081 -14.452 -14.001 -13.68 -13.579 -13.933 -13.909 -14.161 -13.67 -12.377 -11.813 -11.167 -14.003
0.189444 -16.229 -15.729 -15.532 -14.966 -14.543 -14.11 -15.381 -14.901 -14.54 -14.099 -13.673 -13.188 -14.912 -14.405 -13.861 -13.474 -13.116 -14.478 -14.027 -13.704 -13.597 -13.938 -13.941 -14.193 -13.704 -12.412 -11.849 -11.203 -14.036
0.195173 -16.237 -15.751 -15.556 -14.994 -14.574 -14.142 -15.405 -14.931 -14.57 -14.131 -13.707 -13.222 -14.941 -14.436 -13.894 -13.508 -13.15 -14.504 -14.053 -13.728 -13.615 -13.943 -13.974 -14.225 -13.737 -12.448 -11.885 -11.24 -14.068
0.201076 -16.244 -15.773 -15.58 -15.023 -14.605 -14.174 -15.429 -14.959 -14.601 -14.163 -13.74 -13.256 -14.97 -14.467 -13.927 -13.541 -13.185 -14.53 -14.079 -13.752 -13.634 -13.948 -14.006 -14.257 -13.77 -12.483 -11.921 -11.276 -14.099
0.207158 -16.252 -15.794 -15.604 -15.051 -14.635 -14.206 -15.452 -14.988 -14.631 -14.195 -13.773 -13.291 -14.999 -14.498 -13.959 -13.575 -13.219 -14.556 -14.105 -13.777 -13.653 -13.954 -14.038 -14.288 -13.803 -12.519 -11.957 -11.313 -14.131
0.213423 -16.259 -15.815 -15.627 -15.079 -14.665 -14.238 -15.475 -15.016 -14.661 -14.227 -13.806 -13.325 -15.027 -14.528 -13.992 -13.608 -13.253 -14.582 -14.132 -13.802 -13.672 -13.961 -14.07 -14.32 -13.836 -12.554 -11.993 -11.349 -14.163
0.219878 -16.266 -15.836 -15.649 -15.107 -14.695 -14.27 -15.497 -15.044 -14.691 -14.259 -13.839 -13.359 -15.055 -14.559 -14.024 -13.642 -13.288 -14.609 -14.158 -13.827 -13.692 -13.968 -14.102 -14.351 -13.869 -12.589 -12.029 -11.386 -14.194
0.226528 -16.273 -15.856 -15.672 -15.134 -14.725 -14.301 -15.519 -15.072 -14.721 -14.29 -13.871 -13.393 -15.083 -14.589 -14.056 -13.675 -13.322 -14.635 -14.185 -13.852 -13.713 -13.976 -14.134 -14.382 -13.902 -12.624 -12.064 -11.422 -14.225
0.233379 -16.28 -15.875 -15.693 -15.161 -14.754 -14.332 -15.541 -15.099 -14.75 -14.321 -13.904 -13.426 -15.11 -14.619 -14.088 -13.708 -13.356 -14.661 -14.211 -13.877 -13.733 -13.984 -14.165 -14.413 -13.934 -12.659 -12.1 -11.458 -14.256
0.240437 -16.286 -15.894 -15.715 -15.188 -14.783 -14.364 -15.562 -15.127 -14.779 -14.352 -13.936 -13.46 -15.137 -14.649 -14.12 -13.741 -13.389 -14.687 -14.238 -13.903 -13.754 -13.993 -14.196 -14.443 -13.966 -12.694 -12.136 -11.495 -14.287
0.247709 -16.293 -15.913 -15.736 -15.214 -14.812 -14.394 -15.583 -15.153 -14.808 -14.383 -13.969 -13.493 -15.164 -14.679 -14.152 -13.774 -13.423 -14.713 -14.265 -13.929 -13.776 -14.002 -14.228 -14.474 -13.999 -12.729 -12.171 -11.531 -14.318
0.255201 -16.298 -15.931 -15.756 -15.24 -14.841 -14.425 -15.603 -15.18 -14.837 -14.414 -14.001 -13.527 -15.191 -14.708 -14.184 -13.807 -13.457 -14.739 -14.291 -13.955 -13.798 -14.011 -14.259 -14.504 -14.031 -12.764 -12.207 -11.567 -14.348
0.262919 -16.304 -15.949 -15.776 -15.266 -14.869 -14.456 -15.622 -15.206 -14.866 -14.445 -14.033 -13.56 -15.217 -14.737 -14.215 -13.84 -13.49 -14.765 -14.318 -13.981 -13.82 -14.022 -14.289 -14.534 -14.062 -12.799 -12.243 -11.603 -14.378
0.270871 -16.309 -15.966 -15.795 -15.292 -14.898 -14.486 -15.641 -15.232 -14.894 -14.475 -14.064 -13.593 -15.243 -14.766 -14.246 -13.872 -13.524 -14.79 -14.345 -14.007 -13.842 -14.032 -14.32 -14.564 -14.094 -12.834 -12.278 -11.639 -14.408
0.279064 -16.314 -15.982 -15.814 -15.317 -14.925 -14.516 -15.66 -15.258 -14.922 -14.505 -14.096 -13.626 -15.268 -14.795 -14.277 -13.904 -13.557 -14.816 -14.372 -14.033 -13.864 -14.044 -14.35 -14.593 -14.126 -12.868 -12.313 -11.675 -14.438
0.287504 -16.319 -15.998 -15.833 -15.341 -14.953 -14.546 -15.678 -15.283 -14.949 -14.535 -14.128 -13.659 -15.293 -14.823 -14.308 -13.936 -13.59 -14.842 -14.399 -14.059 -13.887 -14.055 -14.38 -14.623 -14.157 -12.903 -12.349 -11.711 -14.468
0.296199 -16.323 -16.013 -15.85 -15.366 -14.98 -14.576 -15.695 -15.308 -14.977 -14.565 -14.159 -13.692 -15.318 -14.851 -14.339 -13.968 -13.623 -14.867 -14.425 -14.086 -13.91 -14.068 -14.41 -14.652 -14.188 -12.937 -12.384 -11.747 -14.497
0.305157 -16.326 -16.027 -15.867 -15.39 -15.008 -14.605 -15.712 -15.332 -15.004 -14.594 -14.19 -13.725 -15.343 -14.879 -14.369 -14.0 -13.656 -14.892 -14.452 -14.112 -13.934 -14.08 -14.44 -14.68 -14.219 -12.972 -12.419 -11.783 -14.526
0.314387 -16.329 -16.041 -15.884 -15.413 -15.034 -14.634 -15.729 -15.356 -15.03 -14.623 -14.221 -13.757 -15.367 -14.906 -14.4 -14.032 -13.688 -14.917 -14.479 -14.139 -13.957 -14.093 -14.47 -14.709 -14.25 -13.006 -12.454 -11.819 -14.555
0.323895 -16.332 -16.054 -15.9 -15.436 -15.061 -14.663 -15.744 -15.38 -15.057 -14.652 -14.252 -13.789 -15.39 -14.934 -14.43 -14.064 -13.721 -14.942 -14.505 -14.166 -13.981 -14.107 -14.499 -14.737 -14.28 -13.04 -12.489 -11.854 -14.584
0.333691 -16.334 -16.067 -15.915 -15.459 -15.087 -14.692 -15.76 -15.403 -15.083 -14.681 -14.282 -13.822 -15.414 -14.961 -14.46 -14.095 -13.753 -14.967 -14.532 -14.192 -14.005 -14.121 -14.528 -14.765 -14.311 -13.074 -12.524 -11.89 -14.612
0.343783 -16.335 -16.078 -15.93 -15.481 -15.113 -14.72 -15.774 -15.426 -15.109 -14.709 -14.312 -13.854 -15.436 -14.987 -14.489 -14.126 -13.786 -14.992 -14.558 -14.219 -14.029 -14.135 -14.557 -14.793 -14.341 -13.108 -12.559 -11.926 -14.64
0.354181 -16.336 -16.089 -15.944 -15.503 -15.138 -14.748 -15.788 -15.449 -15.134 -14.738 -14.342 -13.885 -15.459 -15.014 -14.519 -14.157 -13.818 -15.016 -14.585 -14.246 -14.053 -14.15 -14.585 -14.821 -14.371 -13.142 -12.594 -11.961 -14.668
0.364893 -16.336 -16.099 -15.957 -15.525 -15.163 -14.776 -15.801 -15.471 -15.159 -14.766 -14.372 -13.917 -15.481 -15.04 -14.548 -14.188 -13.85 -15.04 -14.611 -14.272 -14.078 -14.166 -14.614 -14.848 -14.401 -13.175 -12.628 -11.997 -14.695
0.375929 -16.335 -16.109 -15.969 -15.545 -15.188 -14.804 -15.814 -15.492 -15.184 -14.793 -14.402 -13.949 -15.502 -15.065 -14.577 -14.218 -13.882 -15.064 -14.637 -14.299 -14.102 -14.181 -14.642 -14.875 -14.43 -13.209 -12.663 -12.032 -14.723
0.387298 -16.334 -16.117 -15.981 -15.566 -15.212 -14.831 -15.825 -15.513 -15.208 -14.821 -14.431 -13.98 -15.523 -15.091 -14.605 -14.249 -13.913 -15.088 -14.663 -14.325 -14.127 -14.197 -14.669 -14.902 -14.46 -13.242 -12.697 -12.068 -14.75
0.399012 -16.331 -16.125 -15.992 -15.586 -15.236 -14.858 -15.836 -15.534 -15.232 -14.848 -14.461 -14.011 -15.544 -15.116 -14.634 -14.279 -13.945 -15.112 -14.689 -14.352 -14.152 -14.214 -14.697 -14.928 -14.489 -13.276 -12.732 -12.103 -14.776
0.41108 -16.328 -16.131 -16.002 -15.605 -15.26 -14.885 -15.847 -15.554 -15.256 -14.874 -14.49 -14.042 -15.564 -15.14 -14.662 -14.309 -13.976 -15.135 -14.715 -14.379 -14.177 -14.23 -14.724 -14.954 -14.518 -13.309 -12.766 -12.138 -14.803
0.423513 -16.324 -16.137 -16.012 -15.624 -15.283 -14.911 -15.856 -15.573 -15.279 -14.901 -14.518 -14.073 -15.583 -15.164 -14.69 -14.339 -14.007 -15.158 -14.74 -14.405 -14.201 -14.247 -14.751 -14.979 -14.546 -13.342 -12.8 -12.173 -14.829
0.436321 -16.319 -16.142 -16.02 -15.642 -15.305 -14.938 -15.865 -15.592 -15.302 -14.927 -14.547 -14.103 -15.602 -15.188 -14.717 -14.368 -14.038 -15.18 -14.766 -14.431 -14.226 -14.265 -14.778 -15.005 -14.574 -13.375 -12.834 -12.208 -14.854
0.449518 -16.314 -16.146 -16.028 -15.66 -15.328 -14.963 -15.873 -15.611 -15.324 -14.953 -14.575 -14.134 -15.62 -15.212 -14.745 -14.397 -14.069 -15.203 -14.791 -14.458 -14.251 -14.283 -14.804 -15.03 -14.602 -13.408 -12.869 -12.243 -14.88
0.463113 -16.307 -16.149 -16.035 -15.677 -15.349 -14.989 -15.88 -15.629 -15.346 -14.978 -14.603 -14.164 -15.638 -15.235 -14.772 -14.426 -14.099 -15.225 -14.816 -14.484 -14.276 -14.301 -14.83 -15.054 -14.63 -13.441 -12.902 -12.278 -14.905
