web/models/kne.last_good/kappa_0.5_3.0.v2/26/villar_0.0035_0.1710_3.0000.dat
# %ECSV 1.0
# ---
# datatype:
# - {name: time, datatype: float64}
# - {name: swift_uvot_uvw2, datatype: float64}
# - {name: swift_uvot_uvm2, datatype: float64}
# - {name: swift_uvot_uvw1, datatype: float64}
# - {name: swift_uvot_U, datatype: float64}
# - {name: swift_uvot_B, datatype: float64}
# - {name: swift_uvot_V, datatype: float64}
# - {name: swift_uvot_W, datatype: float64}
# - {name: johnson_U, datatype: float64}
# - {name: johnson_B, datatype: float64}
# - {name: johnson_V, datatype: float64}
# - {name: johnson_R, datatype: float64}
# - {name: johnson_I, datatype: float64}
# - {name: sdss_u, datatype: float64}
# - {name: sdss_g, datatype: float64}
# - {name: sdss_r, datatype: float64}
# - {name: sdss_i, datatype: float64}
# - {name: sdss_z, datatype: float64}
# - {name: PS1_g, datatype: float64}
# - {name: PS1_r, datatype: float64}
# - {name: PS1_i, datatype: float64}
# - {name: PS1_z, datatype: float64}
# - {name: PS1_Y, datatype: float64}
# - {name: PS1_w, datatype: float64}
# - {name: ATLAS_c, datatype: float64}
# - {name: ATLAS_o, datatype: float64}
# - {name: ukirt_J, datatype: float64}
# - {name: ukirt_H, datatype: float64}
# - {name: ukirt_K, datatype: float64}
# - {name: Clear, datatype: float64}
# meta: !!omap
# - comment: [kappa = 3.0, type = villar, mass = 0.003465724215782086, velocity = 0.17100000000000004, theta_obs = 0.0, tfloor = 2500.0]
# schema: astropy-2.0
time swift_uvot_uvw2 swift_uvot_uvm2 swift_uvot_uvw1 swift_uvot_U swift_uvot_B swift_uvot_V swift_uvot_W johnson_U johnson_B johnson_V johnson_R johnson_I sdss_u sdss_g sdss_r sdss_i sdss_z PS1_g PS1_r PS1_i PS1_z PS1_Y PS1_w ATLAS_c ATLAS_o ukirt_J ukirt_H ukirt_K Clear
[from data line 277]
3.84099 -5.119 0.08 -0.886 -2.589 -5.376 -7.378 -5.494 -3.086 -5.507 -7.496 -9.081 -10.158 -2.863 -6.226 -8.355 -9.48 -10.25 -7.201 -8.524 -9.558 -10.174 -10.633 -8.678 -7.44 -8.992 -11.162 -11.482 -11.542 -9.138
3.957158 -5.058 0.14 -0.825 -2.528 -5.315 -7.317 -5.433 -3.025 -5.446 -7.436 -9.02 -10.097 -2.802 -6.165 -8.294 -9.419 -10.19 -7.14 -8.464 -9.497 -10.113 -10.572 -8.617 -7.379 -8.931 -11.101 -11.421 -11.482 -9.077
4.07684 -4.997 0.201 -0.764 -2.467 -5.254 -7.256 -5.372 -2.964 -5.385 -7.375 -8.96 -10.036 -2.741 -6.104 -8.233 -9.358 -10.129 -7.079 -8.403 -9.436 -10.052 -10.511 -8.556 -7.318 -8.87 -11.04 -11.36 -11.421 -9.016
4.200141 -4.936 0.263 -0.703 -2.406 -5.193 -7.195 -5.311 -2.903 -5.324 -7.313 -8.898 -9.975 -2.68 -6.043 -8.172 -9.297 -10.068 -7.018 -8.341 -9.375 -9.991 -10.45 -8.495 -7.257 -8.809 -10.979 -11.299 -11.36 -8.955
4.327172 -4.874 0.324 -0.642 -2.345 -5.132 -7.134 -5.249 -2.842 -5.263 -7.252 -8.837 -9.914 -2.619 -5.982 -8.111 -9.235 -10.006 -6.957 -8.28 -9.314 -9.93 -10.389 -8.434 -7.195 -8.747 -10.917 -11.238 -11.298 -8.894
4.458044 -4.813 0.386 -0.58 -2.283 -5.07 -7.072 -5.188 -2.78 -5.201 -7.191 -8.775 -9.852 -2.557 -5.92 -8.049 -9.174 -9.945 -6.895 -8.218 -9.252 -9.868 -10.327 -8.372 -7.134 -8.686 -10.856 -11.176 -11.237 -8.832
4.592874 -4.751 0.447 -0.519 -2.221 -5.008 -7.01 -5.126 -2.718 -5.139 -7.129 -8.714 -9.791 -2.496 -5.859 -7.987 -9.112 -9.883 -6.833 -8.157 -9.191 -9.806 -10.265 -8.31 -7.072 -8.624 -10.794 -11.114 -11.175 -8.77
4.731783 -4.689 0.509 -0.457 -2.159 -4.946 -6.948 -5.064 -2.656 -5.077 -7.067 -8.652 -9.729 -2.434 -5.797 -7.925 -9.05 -9.821 -6.771 -8.095 -9.129 -9.744 -10.204 -8.248 -7.01 -8.562 -10.732 -11.052 -11.113 -8.709
4.874892 -4.627 0.571 -0.395 -2.097 -4.884 -6.886 -5.002 -2.594 -5.015 -7.005 -8.59 -9.666 -2.371 -5.735 -7.863 -8.988 -9.759 -6.709 -8.033 -9.067 -9.682 -10.141 -8.186 -6.948 -8.5 -10.67 -10.99 -11.051 -8.646
5.02233 -4.565 0.634 -0.332 -2.035 -4.822 -6.824 -4.94 -2.532 -4.953 -6.942 -8.527 -9.604 -2.309 -5.672 -7.801 -8.926 -9.696 -6.647 -7.97 -9.004 -9.62 -10.079 -8.124 -6.886 -8.438 -10.608 -10.928 -10.989 -8.584
5.174227 -4.502 0.696 -0.27 -1.973 -4.759 -6.762 -4.877 -2.469 -4.89 -6.88 -8.465 -9.542 -2.247 -5.61 -7.738 -8.863 -9.634 -6.584 -7.908 -8.942 -9.557 -10.017 -8.061 -6.823 -8.375 -10.545 -10.865 -10.926 -8.522
5.330718 -4.44 0.759 -0.207 -1.91 -4.697 -6.699 -4.814 -2.407 -4.828 -6.817 -8.402 -9.479 -2.184 -5.547 -7.676 -8.8 -9.571 -6.522 -7.845 -8.879 -9.495 -9.954 -7.999 -6.76 -8.312 -10.482 -10.803 -10.863 -8.459
5.491942 -4.377 0.822 -0.144 -1.847 -4.634 -6.636 -4.751 -2.344 -4.765 -6.754 -8.339 -9.416 -2.121 -5.484 -7.613 -8.738 -9.508 -6.459 -7.782 -8.816 -9.432 -9.891 -7.936 -6.697 -8.25 -10.42 -10.74 -10.8 -8.396
5.658042 -4.314 0.885 -0.081 -1.784 -4.571 -6.573 -4.688 -2.281 -4.702 -6.691 -8.276 -9.353 -2.058 -5.421 -7.55 -8.674 -9.445 -6.396 -7.719 -8.753 -9.369 -9.828 -7.873 -6.634 -8.186 -10.357 -10.677 -10.737 -8.333
5.829166 -4.25 0.948 -0.018 -1.721 -4.507 -6.51 -4.625 -2.217 -4.638 -6.628 -8.213 -9.29 -1.995 -5.358 -7.487 -8.611 -9.382 -6.332 -7.656 -8.69 -9.306 -9.765 -7.81 -6.571 -8.123 -10.293 -10.614 -10.674 -8.27
6.005465 -4.187 1.012 0.046 -1.657 -4.444 -6.446 -4.562 -2.154 -4.575 -6.565 -8.149 -9.226 -1.931 -5.294 -7.423 -8.548 -9.319 -6.269 -7.592 -8.626 -9.242 -9.701 -7.746 -6.508 -8.06 -10.23 -10.55 -10.611 -8.206
6.187096 -4.123 1.075 0.109 -1.594 -4.38 -6.383 -4.498 -2.09 -4.511 -6.501 -8.086 -9.163 -1.868 -5.231 -7.36 -8.484 -9.255 -6.205 -7.529 -8.563 -9.178 -9.638 -7.683 -6.444 -7.996 -10.166 -10.486 -10.547 -8.143
6.37422 -4.06 1.139 0.173 -1.53 -4.317 -6.319 -4.434 -2.027 -4.448 -6.437 -8.022 -9.099 -1.804 -5.167 -7.296 -8.42 -9.191 -6.142 -7.465 -8.499 -9.115 -9.574 -7.619 -6.38 -7.932 -10.102 -10.423 -10.483 -8.079
6.567004 -3.996 1.203 0.237 -1.466 -4.253 -6.255 -4.37 -1.963 -4.384 -6.373 -7.958 -9.035 -1.74 -5.103 -7.232 -8.356 -9.127 -6.078 -7.401 -8.435 -9.051 -9.51 -7.555 -6.316 -7.868 -10.038 -10.359 -10.419 -8.015
6.765619 -3.931 1.267 0.301 -1.402 -4.189 -6.191 -4.306 -1.899 -4.32 -6.309 -7.894 -8.971 -1.676 -5.039 -7.168 -8.292 -9.063 -6.014 -7.337 -8.371 -8.987 -9.446 -7.491 -6.252 -7.804 -9.974 -10.295 -10.355 -7.951
6.97024 -3.867 1.331 0.365 -1.337 -4.124 -6.126 -4.242 -1.834 -4.255 -6.245 -7.83 -8.907 -1.612 -4.975 -7.103 -8.228 -8.999 -5.949 -7.273 -8.307 -8.922 -9.382 -7.426 -6.188 -7.74 -9.91 -10.23 -10.291 -7.886
7.181051 -3.803 1.396 0.43 -1.273 -4.06 -6.062 -4.178 -1.77 -4.191 -6.18 -7.765 -8.842 -1.547 -4.91 -7.039 -8.164 -8.934 -5.885 -7.208 -8.242 -8.858 -9.317 -7.362 -6.124 -7.676 -9.846 -10.166 -10.226 -7.822
7.398237 -3.738 1.46 0.494 -1.208 -3.995 -5.997 -4.113 -1.705 -4.126 -6.116 -7.701 -8.777 -1.482 -4.846 -6.974 -8.099 -8.87 -5.82 -7.144 -8.178 -8.793 -9.252 -7.297 -6.059 -7.611 -9.781 -10.101 -10.162 -7.757
7.621991 -3.673 1.525 0.559 -1.144 -3.93 -5.933 -4.048 -1.64 -4.061 -6.051 -7.636 -8.713 -1.418 -4.781 -6.909 -8.034 -8.805 -5.755 -7.079 -8.113 -8.728 -9.188 -7.232 -5.994 -7.546 -9.716 -10.036 -10.097 -7.693
7.852513 -3.608 1.59 0.624 -1.079 -3.865 -5.868 -3.983 -1.575 -3.996 -5.986 -7.571 -8.648 -1.353 -4.716 -6.845 -7.969 -8.74 -5.69 -7.014 -8.048 -8.663 -9.123 -7.168 -5.929 -7.481 -9.651 -9.971 -10.032 -7.628
8.090007 -3.543 1.655 0.689 -1.013 -3.8 -5.802 -3.918 -1.51 -3.931 -5.921 -7.506 -8.583 -1.288 -4.651 -6.779 -7.904 -8.675 -5.625 -6.949 -7.983 -8.598 -9.058 -7.102 -5.864 -7.416 -9.586 -9.906 -9.967 -7.563
8.334684 -3.478 1.72 0.755 -0.948 -3.735 -5.737 -3.853 -1.445 -3.866 -5.856 -7.44 -8.517 -1.222 -4.585 -6.714 -7.839 -8.61 -5.56 -6.884 -7.917 -8.533 -8.992 -7.037 -5.799 -7.351 -9.521 -9.841 -9.902 -7.497
8.586761 -3.413 1.786 0.82 -0.883 -3.67 -5.672 -3.787 -1.38 -3.801 -5.79 -7.375 -8.452 -1.157 -4.52 -6.649 -7.773 -8.544 -5.495 -6.818 -7.852 -8.468 -8.927 -6.972 -5.733 -7.285 -9.455 -9.776 -9.836 -7.432
8.846461 -3.347 1.851 0.886 -0.817 -3.604 -5.606 -3.722 -1.314 -3.735 -5.725 -7.309 -8.386 -1.091 -4.454 -6.583 -7.708 -8.479 -5.429 -6.752 -7.786 -8.402 -8.861 -6.906 -5.668 -7.22 -9.39 -9.71 -9.771 -7.366
9.114017 -3.281 1.917 0.951 -0.751 -3.538 -5.54 -3.656 -1.248 -3.669 -5.659 -7.244 -8.321 -1.026 -4.389 -6.517 -7.642 -8.413 -5.363 -6.687 -7.721 -8.336 -8.796 -6.84 -5.602 -7.154 -9.324 -9.644 -9.705 -7.3
9.389664 -3.215 1.983 1.017 -0.686 -3.472 -5.475 -3.59 -1.182 -3.603 -5.593 -7.178 -8.255 -0.96 -4.323 -6.452 -7.576 -8.347 -5.297 -6.621 -7.655 -8.27 -8.73 -6.775 -5.536 -7.088 -9.258 -9.578 -9.639 -7.235
9.673648 -3.149 2.049 1.083 -0.62 -3.406 -5.409 -3.524 -1.116 -3.537 -5.527 -7.112 -8.189 -0.894 -4.257 -6.385 -7.51 -8.281 -5.231 -6.555 -7.589 -8.204 -8.664 -6.708 -5.47 -7.022 -9.192 -9.512 -9.573 -7.169
9.966221 -3.083 2.115 1.149 -0.553 -3.34 -5.342 -3.458 -1.05 -3.471 -5.461 -7.046 -8.123 -0.828 -4.191 -6.319 -7.444 -8.215 -5.165 -6.489 -7.523 -8.138 -8.597 -6.642 -5.404 -6.956 -9.126 -9.446 -9.507 -7.102
10.267642 -3.017 2.182 1.216 -0.487 -3.274 -5.276 -3.392 -0.984 -3.405 -5.394 -6.979 -8.056 -0.761 -4.124 -6.253 -7.378 -8.148 -5.099 -6.422 -7.456 -8.072 -8.531 -6.576 -5.338 -6.89 -9.06 -9.38 -9.441 -7.036
10.57818 -2.95 2.248 1.282 -0.421 -3.207 -5.21 -3.325 -0.917 -3.338 -5.328 -6.913 -7.99 -0.695 -4.058 -6.187 -7.311 -8.082 -5.032 -6.356 -7.39 -8.005 -8.465 -6.51 -5.271 -6.823 -8.993 -9.314 -9.374 -6.97
10.89811 -2.884 2.315 1.349 -0.354 -3.141 -5.143 -3.259 -0.851 -3.272 -5.261 -6.846 -7.923 -0.628 -3.991 -6.12 -7.245 -8.015 -4.966 -6.289 -7.323 -7.939 -8.398 -6.443 -5.205 -6.757 -8.927 -9.247 -9.308 -6.903
11.227716 -2.817 2.381 1.416 -0.287 -3.074 -5.076 -3.192 -0.784 -3.205 -5.195 -6.78 -7.856 -0.561 -3.924 -6.053 -7.178 -7.949 -4.899 -6.223 -7.256 -7.872 -8.331 -6.376 -5.138 -6.69 -8.86 -9.18 -9.241 -6.836
11.56729 -2.75 2.448 1.482 -0.22 -3.007 -5.009 -3.125 -0.717 -3.138 -5.128 -6.713 -7.79 -0.495 -3.858 -5.986 -7.111 -7.882 -4.832 -6.156 -7.19 -7.805 -8.264 -6.309 -5.071 -6.623 -8.793 -9.113 -9.174 -6.769
11.917135 -2.683 2.515 1.549 -0.153 -2.94 -4.942 -3.058 -0.65 -3.071 -5.061 -6.646 -7.723 -0.428 -3.791 -5.919 -7.044 -7.815 -4.765 -6.089 -7.123 -7.738 -8.197 -6.242 -5.004 -6.556 -8.726 -9.046 -9.107 -6.702
12.277561 -2.616 2.582 1.617 -0.086 -2.873 -4.875 -2.991 -0.583 -3.004 -4.994 -6.579 -7.655 -0.36 -3.723 -5.852 -6.977 -7.748 -4.698 -6.022 -7.055 -7.671 -8.13 -6.175 -4.937 -6.489 -8.659 -8.979 -9.04 -6.635
12.648887 -2.549 2.65 1.684 -0.019 -2.806 -4.808 -2.924 -0.516 -2.937 -4.926 -6.511 -7.588 -0.293 -3.656 -5.785 -6.91 -7.68 -4.631 -5.954 -6.988 -7.604 -8.063 -6.108 -4.87 -6.422 -8.592 -8.912 -8.972 -6.568
13.031444 -2.481 2.717 1.751 0.048 -2.738 -4.741 -2.856 -0.448 -2.869 -4.859 -6.444 -7.521 -0.226 -3.589 -5.718 -6.842 -7.613 -4.563 -5.887 -6.921 -7.536 -7.996 -6.041 -4.802 -6.354 -8.524 -8.845 -8.905 -6.501
13.425571 -2.414 2.785 1.819 0.116 -2.671 -4.673 -2.789 -0.381 -2.802 -4.792 -6.376 -7.453 -0.158 -3.521 -5.65 -6.775 -7.546 -4.496 -5.819 -6.853 -7.469 -7.928 -5.973 -4.735 -6.287 -8.457 -8.777 -8.838 -6.433
13.831619 -2.346 2.852 1.886 0.184 -2.603 -4.605 -2.721 -0.313 -2.734 -4.724 -6.309 -7.386 -0.091 -3.454 -5.582 -6.707 -7.478 -4.428 -5.752 -6.786 -7.401 -7.861 -5.905 -4.667 -6.219 -8.389 -8.709 -8.77 -6.365
14.249947 -2.278 2.92 1.954 0.251 -2.535 -4.538 -2.653 -0.246 -2.667 -4.656 -6.241 -7.318 -0.023 -3.386 -5.515 -6.639 -7.41 -4.361 -5.684 -6.718 -7.334 -7.793 -5.838 -4.599 -6.151 -8.321 -8.642 -8.702 -6.298
14.680926 -2.211 2.988 2.022 0.319 -2.468 -4.47 -2.585 -0.178 -2.599 -4.588 -6.173 -7.25 0.045 -3.318 -5.447 -6.571 -7.342 -4.293 -5.616 -6.65 -7.266 -7.725 -5.77 -4.531 -6.083 -8.253 -8.574 -8.634 -6.23
15.124941 -2.143 3.056 2.09 0.387 -2.4 -4.402 -2.517 -0.11 -2.531 -4.52 -6.105 -7.182 0.113 -3.25 -5.379 -6.503 -7.274 -4.225 -5.548 -6.582 -7.198 -7.657 -5.702 -4.463 -6.015 -8.185 -8.506 -8.566 -6.162
15.582385 -2.074 3.124 2.158 0.455 -2.331 -4.334 -2.449 -0.041 -2.462 -4.452 -6.037 -7.114 0.181 -3.182 -5.311 -6.435 -7.206 -4.156 -5.48 -6.514 -7.13 -7.589 -5.634 -4.395 -5.947 -8.117 -8.438 -8.498 -6.094
16.053663 -2.006 3.192 2.226 0.524 -2.263 -4.265 -2.381 0.027 -2.394 -4.384 -5.969 -7.046 0.249 -3.114 -5.242 -6.367 -7.138 -4.088 -5.412 -6.446 -7.061 -7.52 -5.565 -4.327 -5.879 -8.049 -8.369 -8.43 -6.025
16.539195 -1.938 3.261 2.295 0.592 -2.195 -4.197 -2.313 0.095 -2.326 -4.315 -5.9 -6.977 0.318 -3.045 -5.174 -6.299 -7.069 -4.02 -5.343 -6.377 -6.993 -7.452 -5.497 -4.259 -5.811 -7.981 -8.301 -8.362 -5.957
17.039412 -1.869 3.329 2.363 0.66 -2.126 -4.129 -2.244 0.164 -2.257 -4.247 -5.832 -6.909 0.386 -2.977 -5.105 -6.23 -7.001 -3.951 -5.275 -6.309 -6.924 -7.384 -5.429 -4.19 -5.742 -7.912 -8.232 -8.293 -5.889
17.554757 -1.801 3.398 2.432 0.729 -2.058 -4.06 -2.176 0.232 -2.189 -4.178 -5.763 -6.84 0.455 -2.908 -5.037 -6.162 -6.932 -3.883 -5.206 -6.24 -6.856 -7.315 -5.36 -4.122 -5.674 -7.844 -8.164 -8.224 -5.82
18.085689 -1.732 3.466 2.501 0.798 -1.989 -3.991 -2.107 0.301 -2.12 -4.11 -5.695 -6.771 0.524 -2.839 -4.968 -6.093 -6.864 -3.814 -5.138 -6.171 -6.787 -7.246 -5.291 -4.053 -5.605 -7.775 -8.095 -8.156 -5.751
18.632678 -1.663 3.535 2.569 0.866 -1.92 -3.922 -2.038 0.37 -2.051 -4.041 -5.626 -6.703 0.592 -2.771 -4.899 -6.024 -6.795 -3.745 -5.069 -6.103 -6.718 -7.178 -5.222 -3.984 -5.536 -7.706 -8.026 -8.087 -5.683
19.196211 -1.594 3.604 2.638 0.935 -1.851 -3.854 -1.969 0.439 -1.982 -3.972 -5.557 -6.634 0.661 -2.702 -4.831 -5.955 -6.726 -3.676 -5.0 -6.034 -6.649 -7.109 -5.154 -3.915 -5.467 -7.637 -7.957 -8.018 -5.614
19.776787 -1.525 3.673 2.707 1.004 -1.782 -3.785 -1.9 0.508 -1.913 -3.903 -5.488 -6.565 0.73 -2.633 -4.761 -5.886 -6.657 -3.607 -4.931 -5.965 -6.58 -7.04 -5.085 -3.846 -5.398 -7.568 -7.888 -7.949 -5.545
20.374923 -1.456 3.742 2.776 1.074 -1.713 -3.715 -1.831 0.577 -1.844 -3.834 -5.419 -6.496 0.799 -2.564 -4.692 -5.817 -6.588 -3.538 -4.862 -5.896 -6.511 -6.971 -5.015 -3.777 -5.329 -7.499 -7.819 -7.88 -5.475
20.991149 -1.387 3.811 2.846 1.143 -1.644 -3.646 -1.762 0.646 -1.775 -3.765 -5.35 -6.426 0.869 -2.494 -4.623 -5.748 -6.519 -3.469 -4.793 -5.826 -6.442 -6.901 -4.946 -3.708 -5.26 -7.43 -7.75 -7.811 -5.406
21.626011 -1.318 3.881 2.915 1.212 -1.575 -3.577 -1.692 0.715 -1.706 -3.695 -5.28 -6.357 0.938 -2.425 -4.554 -5.679 -6.449 -3.4 -4.723 -5.757 -6.373 -6.832 -4.877 -3.638 -5.191 -7.361 -7.681 -7.741 -5.337
22.280075 -1.248 3.95 2.984 1.281 -1.505 -3.508 -1.623 0.785 -1.636 -3.626 -5.211 -6.288 1.007 -2.356 -4.484 -5.609 -6.38 -3.33 -4.654 -5.688 -6.303 -6.763 -4.807 -3.569 -5.121 -7.291 -7.611 -7.672 -5.268
22.953921 -1.179 4.02 3.054 1.351 -1.436 -3.438 -1.554 0.854 -1.567 -3.556 -5.141 -6.218 1.077 -2.286 -4.415 -5.54 -6.31 -3.261 -4.584 -5.618 -6.234 -6.693 -4.738 -3.5 -5.052 -7.222 -7.542 -7.602 -5.198
23.648147 -1.109 4.089 3.123 1.421 -1.366 -3.368 -1.484 0.924 -1.497 -3.487 -5.072 -6.149 1.146 -2.217 -4.345 -5.47 -6.241 -3.191 -4.515 -5.549 -6.164 -6.623 -4.668 -3.43 -4.982 -7.152 -7.472 -7.533 -5.128
24.363369 -1.039 4.159 3.193 1.49 -1.297 -3.299 -1.414 0.993 -1.428 -3.417 -5.002 -6.079 1.216 -2.147 -4.276 -5.4 -6.171 -3.122 -4.445 -5.479 -6.095 -6.554 -4.599 -3.36 -4.912 -7.082 -7.403 -7.463 -5.059
25.100222 -0.97 4.229 3.263 1.56 -1.227 -3.229 -1.344 1.063 -1.358 -3.347 -4.932 -6.009 1.286 -2.077 -4.206 -5.33 -6.101 -3.052 -4.375 -5.409 -6.025 -6.484 -4.529 -3.29 -4.842 -7.013 -7.333 -7.393 -4.989
25.859362 -0.9 4.299 3.333 1.63 -1.157 -3.159 -1.275 1.133 -1.288 -3.277 -4.862 -5.939 1.356 -2.007 -4.136 -5.261 -6.031 -2.982 -4.305 -5.339 -5.955 -6.414 -4.459 -3.221 -4.773 -6.943 -7.263 -7.323 -4.919
26.64146 -0.83 4.369 3.403 1.7 -1.087 -3.089 -1.205 1.203 -1.218 -3.207 -4.792 -5.869 1.426 -1.937 -4.066 -5.191 -5.961 -2.912 -4.235 -5.269 -5.885 -6.344 -4.389 -3.151 -4.703 -6.873 -7.193 -7.254 -4.849
27.447213 -0.76 4.439 3.473 1.77 -1.017 -3.019 -1.134 1.273 -1.148 -3.137 -4.722 -5.799 1.496 -1.867 -3.996 -5.121 -5.891 -2.842 -4.165 -5.199 -5.815 -6.274 -4.319 -3.08 -4.633 -6.803 -7.123 -7.183 -4.779
28.277335 -0.69 4.509 3.543 1.84 -0.947 -2.949 -1.064 1.343 -1.078 -3.067 -4.652 -5.729 1.566 -1.797 -3.926 -5.05 -5.821 -2.772 -4.095 -5.129 -5.745 -6.204 -4.249 -3.01 -4.562 -6.732 -7.053 -7.113 -4.709
29.132564 -0.619 4.579 3.613 1.91 -0.876 -2.879 -0.994 1.414 -1.007 -2.997 -4.582 -5.659 1.636 -1.727 -3.855 -4.98 -5.751 -2.701 -4.025 -5.059 -5.674 -6.134 -4.178 -2.94 -4.492 -6.662 -6.982 -7.043 -4.639
30.013659 -0.549 4.649 3.684 1.981 -0.806 -2.808 -0.924 1.484 -0.937 -2.927 -4.511 -5.588 1.707 -1.656 -3.785 -4.91 -5.681 -2.631 -3.954 -4.988 -5.604 -6.063 -4.108 -2.87 -4.422 -6.592 -6.912 -6.973 -4.568
30.921401 -0.479 4.72 3.754 2.051 -0.736 -2.738 -0.853 1.554 -0.867 -2.856 -4.441 -5.518 1.777 -1.586 -3.715 -4.839 -5.61 -2.561 -3.884 -4.918 -5.534 -5.993 -4.038 -2.799 -4.351 -6.521 -6.842 -6.902 -4.498
31.856598 -0.408 4.79 3.825 2.122 -0.665 -2.667 -0.783 1.625 -0.796 -2.786 -4.371 -5.447 1.848 -1.515 -3.644 -4.769 -5.54 -2.49 -3.814 -4.847 -5.463 -5.922 -3.967 -2.729 -4.281 -6.451 -6.771 -6.832 -4.427
32.820079 -0.337 4.861 3.895 2.192 -0.595 -2.597 -0.712 1.695 -0.726 -2.715 -4.3 -5.377 1.918 -1.445 -3.574 -4.698 -5.469 -2.42 -3.743 -4.777 -5.393 -5.852 -3.897 -2.658 -4.21 -6.38 -6.701 -6.761 -4.357
33.8127 -0.267 4.932 3.966 2.263 -0.524 -2.526 -0.642 1.766 -0.655 -2.644 -4.229 -5.306 1.989 -1.374 -3.503 -4.628 -5.398 -2.349 -3.672 -4.706 -5.322 -5.781 -3.826 -2.588 -4.14 -6.31 -6.63 -6.691 -4.286
34.835342 -0.196 5.002 4.037 2.334 -0.453 -2.455 -0.571 1.837 -0.584 -2.574 -4.159 -5.235 2.06 -1.303 -3.432 -4.557 -5.328 -2.278 -3.602 -4.635 -5.251 -5.71 -3.755 -2.517 -4.069 -6.239 -6.559 -6.62 -4.215
35.888913 -0.125 5.073 4.107 2.405 -0.382 -2.384 -0.5 1.908 -0.513 -2.503 -4.088 -5.165 2.13 -1.233 -3.361 -4.486 -5.257 -2.207 -3.531 -4.565 -5.18 -5.64 -3.684 -2.446 -3.998 -6.168 -6.488 -6.549 -4.144
