web/models/kne.last_good/kappa_0.5_3.0.v2/26/villar_0.0023_0.0300_3.0000.dat
# %ECSV 1.0
# ---
# datatype:
# - {name: time, datatype: float64}
# - {name: swift_uvot_uvw2, datatype: float64}
# - {name: swift_uvot_uvm2, datatype: float64}
# - {name: swift_uvot_uvw1, datatype: float64}
# - {name: swift_uvot_U, datatype: float64}
# - {name: swift_uvot_B, datatype: float64}
# - {name: swift_uvot_V, datatype: float64}
# - {name: swift_uvot_W, datatype: float64}
# - {name: johnson_U, datatype: float64}
# - {name: johnson_B, datatype: float64}
# - {name: johnson_V, datatype: float64}
# - {name: johnson_R, datatype: float64}
# - {name: johnson_I, datatype: float64}
# - {name: sdss_u, datatype: float64}
# - {name: sdss_g, datatype: float64}
# - {name: sdss_r, datatype: float64}
# - {name: sdss_i, datatype: float64}
# - {name: sdss_z, datatype: float64}
# - {name: PS1_g, datatype: float64}
# - {name: PS1_r, datatype: float64}
# - {name: PS1_i, datatype: float64}
# - {name: PS1_z, datatype: float64}
# - {name: PS1_Y, datatype: float64}
# - {name: PS1_w, datatype: float64}
# - {name: ATLAS_c, datatype: float64}
# - {name: ATLAS_o, datatype: float64}
# - {name: ukirt_J, datatype: float64}
# - {name: ukirt_H, datatype: float64}
# - {name: ukirt_K, datatype: float64}
# - {name: Clear, datatype: float64}
# meta: !!omap
# - comment: [kappa = 3.0, type = villar, mass = 0.0022901433483143324, velocity = 0.030000000000000027, theta_obs = 0.0, tfloor = 2500.0]
# schema: astropy-2.0
time swift_uvot_uvw2 swift_uvot_uvm2 swift_uvot_uvw1 swift_uvot_U swift_uvot_B swift_uvot_V swift_uvot_W johnson_U johnson_B johnson_V johnson_R johnson_I sdss_u sdss_g sdss_r sdss_i sdss_z PS1_g PS1_r PS1_i PS1_z PS1_Y PS1_w ATLAS_c ATLAS_o ukirt_J ukirt_H ukirt_K Clear
[from data line 146]
0.077495 -13.364 -12.68 -12.459 -11.852 -11.411 -10.963 -12.312 -11.784 -11.407 -10.952 -10.516 -10.021 -11.796 -11.267 -10.707 -10.312 -9.948 -11.416 -10.972 -10.678 -10.644 -11.133 -10.792 -11.05 -10.547 -9.235 -8.666 -8.016 -10.891
0.079839 -13.371 -12.706 -12.487 -11.883 -11.443 -10.997 -12.339 -11.816 -11.44 -10.985 -10.551 -10.056 -11.827 -11.3 -10.742 -10.347 -9.983 -11.441 -10.996 -10.698 -10.657 -11.132 -10.826 -11.083 -10.582 -9.271 -8.703 -8.053 -10.924
0.082253 -13.378 -12.731 -12.514 -11.914 -11.476 -11.03 -12.367 -11.847 -11.472 -11.019 -10.585 -10.092 -11.858 -11.333 -10.776 -10.382 -10.019 -11.465 -11.02 -10.719 -10.67 -11.132 -10.86 -11.116 -10.616 -9.307 -8.739 -8.09 -10.958
0.084741 -13.386 -12.756 -12.542 -11.945 -11.508 -11.064 -12.394 -11.878 -11.504 -11.053 -10.619 -10.127 -11.889 -11.366 -10.81 -10.416 -10.054 -11.49 -11.044 -10.74 -10.684 -11.133 -10.894 -11.15 -10.65 -9.343 -8.776 -8.127 -10.991
0.087304 -13.393 -12.781 -12.569 -11.975 -11.54 -11.097 -12.421 -11.909 -11.537 -11.086 -10.654 -10.162 -11.92 -11.399 -10.844 -10.451 -10.089 -11.516 -11.068 -10.761 -10.699 -11.134 -10.927 -11.183 -10.685 -9.379 -8.812 -8.164 -11.024
0.089944 -13.4 -12.806 -12.596 -12.005 -11.572 -11.131 -12.447 -11.939 -11.569 -11.119 -10.688 -10.197 -11.951 -11.431 -10.878 -10.486 -10.124 -11.541 -11.092 -10.783 -10.714 -11.135 -10.961 -11.216 -10.719 -9.415 -8.849 -8.201 -11.057
0.092665 -13.408 -12.83 -12.622 -12.036 -11.604 -11.164 -12.473 -11.97 -11.6 -11.152 -10.722 -10.232 -11.981 -11.463 -10.911 -10.52 -10.159 -11.566 -11.117 -10.805 -10.729 -11.137 -10.994 -11.249 -10.753 -9.451 -8.885 -8.237 -11.09
0.095467 -13.416 -12.854 -12.648 -12.066 -11.636 -11.197 -12.499 -12.0 -11.632 -11.185 -10.756 -10.267 -12.011 -11.495 -10.945 -10.555 -10.194 -11.592 -11.142 -10.828 -10.745 -11.14 -11.027 -11.281 -10.787 -9.487 -8.921 -8.274 -11.123
0.098355 -13.424 -12.878 -12.674 -12.095 -11.667 -11.23 -12.524 -12.03 -11.664 -11.218 -10.79 -10.302 -12.041 -11.527 -10.979 -10.589 -10.229 -11.618 -11.168 -10.851 -10.762 -11.143 -11.06 -11.314 -10.821 -9.523 -8.958 -8.311 -11.156
0.101329 -13.431 -12.901 -12.699 -12.125 -11.699 -11.262 -12.55 -12.06 -11.695 -11.251 -10.824 -10.336 -12.071 -11.559 -11.012 -10.623 -10.264 -11.644 -11.193 -10.874 -10.779 -11.146 -11.093 -11.346 -10.854 -9.558 -8.994 -8.348 -11.188
0.104394 -13.439 -12.924 -12.725 -12.154 -11.73 -11.295 -12.574 -12.09 -11.726 -11.284 -10.857 -10.371 -12.101 -11.591 -11.045 -10.657 -10.299 -11.67 -11.219 -10.898 -10.796 -11.15 -11.126 -11.379 -10.888 -9.594 -9.03 -8.384 -11.221
0.107551 -13.447 -12.947 -12.749 -12.183 -11.761 -11.328 -12.599 -12.119 -11.757 -11.316 -10.891 -10.405 -12.13 -11.622 -11.078 -10.691 -10.333 -11.696 -11.245 -10.921 -10.814 -11.155 -11.159 -11.411 -10.921 -9.63 -9.066 -8.421 -11.253
0.110804 -13.454 -12.969 -12.774 -12.212 -11.792 -11.36 -12.623 -12.148 -11.788 -11.349 -10.924 -10.44 -12.159 -11.653 -11.111 -10.725 -10.368 -11.722 -11.271 -10.946 -10.833 -11.16 -11.191 -11.443 -10.955 -9.665 -9.103 -8.457 -11.285
0.114155 -13.462 -12.991 -12.798 -12.24 -11.822 -11.392 -12.647 -12.177 -11.818 -11.381 -10.957 -10.474 -12.188 -11.685 -11.144 -10.759 -10.403 -11.748 -11.297 -10.97 -10.851 -11.166 -11.224 -11.474 -10.988 -9.701 -9.139 -8.494 -11.317
0.117608 -13.47 -13.012 -12.821 -12.269 -11.853 -11.424 -12.67 -12.206 -11.849 -11.413 -10.991 -10.508 -12.216 -11.716 -11.177 -10.793 -10.437 -11.774 -11.323 -10.995 -10.871 -11.172 -11.256 -11.506 -11.021 -9.736 -9.175 -8.531 -11.349
0.121165 -13.477 -13.033 -12.845 -12.297 -11.883 -11.456 -12.693 -12.234 -11.879 -11.445 -11.024 -10.543 -12.245 -11.746 -11.21 -10.826 -10.471 -11.8 -11.349 -11.019 -10.89 -11.179 -11.288 -11.537 -11.054 -9.772 -9.211 -8.567 -11.381
0.124829 -13.484 -13.054 -12.867 -12.325 -11.913 -11.488 -12.715 -12.262 -11.909 -11.476 -11.057 -10.577 -12.273 -11.777 -11.242 -10.86 -10.505 -11.826 -11.376 -11.045 -10.91 -11.186 -11.32 -11.569 -11.087 -9.807 -9.247 -8.604 -11.412
0.128605 -13.491 -13.074 -12.89 -12.352 -11.943 -11.519 -12.737 -12.29 -11.939 -11.508 -11.089 -10.61 -12.301 -11.807 -11.274 -10.893 -10.54 -11.853 -11.403 -11.07 -10.931 -11.194 -11.352 -11.6 -11.119 -9.842 -9.282 -8.64 -11.443
0.132494 -13.498 -13.094 -12.912 -12.379 -11.972 -11.551 -12.759 -12.318 -11.968 -11.539 -11.122 -10.644 -12.328 -11.837 -11.307 -10.926 -10.574 -11.879 -11.429 -11.095 -10.952 -11.202 -11.383 -11.631 -11.152 -9.877 -9.318 -8.676 -11.474
0.136502 -13.505 -13.113 -12.933 -12.406 -12.001 -11.582 -12.78 -12.345 -11.998 -11.571 -11.155 -10.678 -12.355 -11.867 -11.339 -10.959 -10.607 -11.905 -11.456 -11.121 -10.973 -11.211 -11.415 -11.661 -11.184 -9.913 -9.354 -8.713 -11.505
0.14063 -13.511 -13.131 -12.954 -12.433 -12.03 -11.613 -12.801 -12.372 -12.027 -11.602 -11.187 -10.712 -12.382 -11.897 -11.37 -10.992 -10.641 -11.931 -11.483 -11.147 -10.994 -11.22 -11.446 -11.692 -11.217 -9.948 -9.39 -8.749 -11.536
0.144883 -13.517 -13.15 -12.975 -12.459 -12.059 -11.644 -12.821 -12.398 -12.055 -11.632 -11.219 -10.745 -12.409 -11.926 -11.402 -11.025 -10.675 -11.957 -11.51 -11.173 -11.016 -11.23 -11.477 -11.722 -11.249 -9.982 -9.425 -8.785 -11.566
0.149265 -13.523 -13.167 -12.995 -12.485 -12.088 -11.674 -12.841 -12.425 -12.084 -11.663 -11.251 -10.779 -12.435 -11.956 -11.434 -11.058 -10.709 -11.983 -11.537 -11.199 -11.038 -11.241 -11.508 -11.752 -11.281 -10.017 -9.461 -8.821 -11.597
0.15378 -13.528 -13.184 -13.014 -12.51 -12.116 -11.705 -12.86 -12.451 -12.112 -11.694 -11.283 -10.812 -12.461 -11.985 -11.465 -11.091 -10.742 -12.009 -11.564 -11.225 -11.061 -11.251 -11.538 -11.782 -11.313 -10.052 -9.496 -8.857 -11.627
0.15843 -13.533 -13.201 -13.033 -12.535 -12.144 -11.735 -12.879 -12.476 -12.14 -11.724 -11.315 -10.845 -12.487 -12.013 -11.496 -11.123 -10.775 -12.035 -11.59 -11.252 -11.083 -11.263 -11.569 -11.812 -11.344 -10.087 -9.532 -8.894 -11.657
0.163222 -13.538 -13.217 -13.052 -12.56 -12.172 -11.765 -12.897 -12.502 -12.168 -11.754 -11.346 -10.878 -12.512 -12.042 -11.527 -11.155 -10.809 -12.06 -11.617 -11.278 -11.106 -11.275 -11.599 -11.841 -11.376 -10.121 -9.567 -8.93 -11.686
0.168159 -13.542 -13.232 -13.069 -12.585 -12.199 -11.794 -12.915 -12.527 -12.196 -11.784 -11.378 -10.911 -12.537 -12.07 -11.558 -11.187 -10.842 -12.086 -11.644 -11.305 -11.13 -11.287 -11.629 -11.871 -11.407 -10.156 -9.603 -8.966 -11.716
0.173245 -13.546 -13.247 -13.087 -12.609 -12.227 -11.824 -12.932 -12.551 -12.223 -11.813 -11.409 -10.943 -12.562 -12.098 -11.588 -11.219 -10.875 -12.111 -11.671 -11.331 -11.153 -11.3 -11.659 -11.899 -11.438 -10.19 -9.638 -9.002 -11.745
0.178484 -13.549 -13.261 -13.104 -12.633 -12.253 -11.853 -12.948 -12.576 -12.25 -11.842 -11.44 -10.976 -12.586 -12.126 -11.619 -11.251 -10.907 -12.137 -11.698 -11.358 -11.177 -11.313 -11.689 -11.928 -11.469 -10.225 -9.673 -9.037 -11.774
0.183882 -13.552 -13.274 -13.12 -12.656 -12.28 -11.882 -12.964 -12.6 -12.276 -11.872 -11.471 -11.008 -12.61 -12.153 -11.649 -11.283 -10.94 -12.162 -11.725 -11.385 -11.201 -11.327 -11.718 -11.957 -11.5 -10.259 -9.708 -9.073 -11.803
0.189444 -13.554 -13.287 -13.135 -12.679 -12.306 -11.911 -12.98 -12.623 -12.302 -11.9 -11.501 -11.041 -12.633 -12.18 -11.679 -11.314 -10.973 -12.187 -11.751 -11.412 -11.225 -11.341 -11.747 -11.985 -11.53 -10.293 -9.743 -9.109 -11.831
0.195173 -13.556 -13.299 -13.15 -12.701 -12.332 -11.94 -12.994 -12.646 -12.328 -11.929 -11.532 -11.073 -12.656 -12.207 -11.709 -11.345 -11.005 -12.212 -11.778 -11.438 -11.249 -11.356 -11.776 -12.013 -11.56 -10.327 -9.778 -9.145 -11.86
0.201076 -13.557 -13.31 -13.164 -12.723 -12.358 -11.968 -13.008 -12.669 -12.354 -11.957 -11.562 -11.105 -12.679 -12.233 -11.738 -11.376 -11.037 -12.236 -11.805 -11.465 -11.273 -11.371 -11.805 -12.04 -11.591 -10.361 -9.813 -9.18 -11.888
0.207158 -13.557 -13.32 -13.177 -12.745 -12.383 -11.996 -13.022 -12.691 -12.379 -11.985 -11.592 -11.137 -12.701 -12.26 -11.768 -11.407 -11.069 -12.26 -11.831 -11.492 -11.298 -11.386 -11.833 -12.068 -11.62 -10.395 -9.848 -9.216 -11.915
0.213423 -13.557 -13.33 -13.19 -12.766 -12.408 -12.024 -13.034 -12.712 -12.404 -12.013 -11.622 -11.168 -12.722 -12.285 -11.797 -11.438 -11.101 -12.285 -11.857 -11.519 -11.322 -11.402 -11.862 -12.095 -11.65 -10.429 -9.882 -9.252 -11.943
0.219878 -13.555 -13.338 -13.202 -12.786 -12.432 -12.051 -13.046 -12.734 -12.429 -12.041 -11.651 -11.2 -12.744 -12.311 -11.825 -11.469 -11.133 -12.308 -11.883 -11.546 -11.347 -11.418 -11.89 -12.122 -11.68 -10.462 -9.917 -9.287 -11.97
0.226528 -13.554 -13.346 -13.213 -12.806 -12.456 -12.079 -13.058 -12.754 -12.453 -12.068 -11.681 -11.231 -12.764 -12.336 -11.854 -11.499 -11.165 -12.332 -11.91 -11.572 -11.372 -11.435 -11.917 -12.148 -11.709 -10.496 -9.952 -9.323 -11.997
0.233379 -13.551 -13.353 -13.224 -12.826 -12.48 -12.105 -13.068 -12.775 -12.476 -12.095 -11.71 -11.262 -12.784 -12.361 -11.882 -11.529 -11.196 -12.355 -11.935 -11.599 -11.397 -11.451 -11.944 -12.174 -11.738 -10.529 -9.986 -9.358 -12.023
0.240437 -13.547 -13.359 -13.234 -12.845 -12.503 -12.132 -13.078 -12.794 -12.5 -12.121 -11.739 -11.293 -12.804 -12.385 -11.91 -11.559 -11.227 -12.379 -11.961 -11.626 -11.422 -11.469 -11.972 -12.2 -11.766 -10.562 -10.02 -9.393 -12.049
0.247709 -13.543 -13.364 -13.242 -12.863 -12.526 -12.158 -13.087 -12.814 -12.523 -12.148 -11.767 -11.324 -12.823 -12.409 -11.938 -11.588 -11.258 -12.401 -11.987 -11.652 -11.447 -11.486 -11.998 -12.225 -11.795 -10.595 -10.055 -9.428 -12.075
0.255201 -13.537 -13.369 -13.25 -12.881 -12.549 -12.184 -13.095 -12.832 -12.545 -12.174 -11.796 -11.354 -12.842 -12.433 -11.965 -11.618 -11.289 -12.424 -12.012 -11.679 -11.472 -11.504 -12.025 -12.251 -11.823 -10.628 -10.089 -9.463 -12.101
0.262919 -13.531 -13.372 -13.257 -12.899 -12.571 -12.21 -13.103 -12.85 -12.567 -12.199 -11.824 -11.385 -12.86 -12.456 -11.993 -11.647 -11.32 -12.446 -12.037 -11.705 -11.497 -11.522 -12.051 -12.275 -11.851 -10.661 -10.123 -9.499 -12.126
0.270871 -13.523 -13.374 -13.264 -12.915 -12.592 -12.235 -13.109 -12.868 -12.589 -12.225 -11.852 -11.415 -12.877 -12.479 -12.019 -11.676 -11.35 -12.468 -12.062 -11.731 -11.523 -11.541 -12.077 -12.3 -11.879 -10.694 -10.157 -9.533 -12.151
0.279064 -13.515 -13.375 -13.269 -12.931 -12.613 -12.26 -13.115 -12.885 -12.61 -12.249 -11.879 -11.445 -12.894 -12.501 -12.046 -11.705 -11.381 -12.489 -12.087 -11.757 -11.548 -11.559 -12.102 -12.324 -11.906 -10.726 -10.191 -9.568 -12.175
0.287504 -13.505 -13.375 -13.273 -12.947 -12.634 -12.284 -13.12 -12.901 -12.63 -12.274 -11.906 -11.474 -12.91 -12.523 -12.072 -11.733 -11.411 -12.51 -12.111 -11.783 -11.573 -11.578 -12.127 -12.347 -11.933 -10.759 -10.224 -9.603 -12.199
0.296199 -13.494 -13.374 -13.276 -12.961 -12.654 -12.308 -13.124 -12.917 -12.65 -12.298 -11.933 -11.504 -12.926 -12.544 -12.098 -11.761 -11.44 -12.531 -12.135 -11.809 -11.598 -11.597 -12.152 -12.37 -11.96 -10.791 -10.258 -9.638 -12.223
0.305157 -13.482 -13.371 -13.279 -12.975 -12.674 -12.332 -13.127 -12.932 -12.67 -12.322 -11.96 -11.533 -12.941 -12.565 -12.124 -11.789 -11.47 -12.551 -12.159 -11.834 -11.623 -11.617 -12.176 -12.393 -11.986 -10.823 -10.291 -9.673 -12.246
0.314387 -13.469 -13.368 -13.28 -12.989 -12.693 -12.355 -13.129 -12.946 -12.689 -12.345 -11.986 -11.562 -12.955 -12.586 -12.149 -11.817 -11.499 -12.571 -12.183 -11.86 -11.648 -11.636 -12.2 -12.415 -12.012 -10.855 -10.325 -9.707 -12.269
0.323895 -13.454 -13.363 -13.28 -13.001 -12.711 -12.378 -13.131 -12.96 -12.707 -12.368 -12.012 -11.591 -12.968 -12.606 -12.174 -11.844 -11.529 -12.59 -12.206 -11.885 -11.673 -11.656 -12.224 -12.437 -12.038 -10.887 -10.358 -9.742 -12.292
0.333691 -13.438 -13.356 -13.279 -13.013 -12.729 -12.401 -13.131 -12.973 -12.725 -12.391 -12.038 -11.619 -12.981 -12.625 -12.198 -11.871 -11.557 -12.609 -12.229 -11.91 -11.698 -11.676 -12.247 -12.459 -12.064 -10.918 -10.391 -9.776 -12.314
0.343783 -13.421 -13.349 -13.277 -13.024 -12.746 -12.423 -13.13 -12.985 -12.742 -12.413 -12.063 -11.647 -12.993 -12.644 -12.222 -11.898 -11.586 -12.628 -12.252 -11.935 -11.723 -11.696 -12.27 -12.48 -12.089 -10.95 -10.424 -9.81 -12.335
0.354181 -13.402 -13.34 -13.273 -13.034 -12.763 -12.444 -13.128 -12.996 -12.759 -12.434 -12.088 -11.675 -13.004 -12.662 -12.246 -11.924 -11.614 -12.646 -12.274 -11.96 -11.747 -11.716 -12.292 -12.5 -12.113 -10.981 -10.457 -9.844 -12.356
0.364893 -13.382 -13.329 -13.269 -13.044 -12.779 -12.465 -13.125 -13.006 -12.775 -12.455 -12.112 -11.703 -13.015 -12.68 -12.269 -11.95 -11.643 -12.663 -12.296 -11.984 -11.772 -11.736 -12.314 -12.52 -12.138 -11.012 -10.49 -9.878 -12.377
0.375929 -13.36 -13.318 -13.263 -13.052 -12.794 -12.486 -13.121 -13.016 -12.791 -12.476 -12.137 -11.73 -13.024 -12.697 -12.292 -11.976 -11.67 -12.68 -12.318 -12.008 -11.796 -11.756 -12.335 -12.539 -12.162 -11.043 -10.522 -9.912 -12.397
0.387298 -13.337 -13.304 -13.256 -13.06 -12.809 -12.506 -13.116 -13.025 -12.805 -12.496 -12.16 -11.757 -13.033 -12.714 -12.314 -12.001 -11.698 -12.697 -12.339 -12.032 -11.821 -11.776 -12.356 -12.558 -12.185 -11.074 -10.555 -9.946 -12.417
0.399012 -13.312 -13.289 -13.247 -13.067 -12.823 -12.525 -13.11 -13.033 -12.819 -12.516 -12.184 -11.784 -13.041 -12.729 -12.336 -12.026 -11.725 -12.712 -12.36 -12.055 -11.845 -11.797 -12.377 -12.576 -12.208 -11.104 -10.587 -9.98 -12.436
0.41108 -13.285 -13.272 -13.237 -13.072 -12.836 -12.544 -13.103 -13.04 -12.833 -12.535 -12.207 -11.811 -13.048 -12.745 -12.358 -12.051 -11.752 -12.728 -12.381 -12.079 -11.868 -11.817 -12.397 -12.594 -12.231 -11.135 -10.619 -10.014 -12.455
0.423513 -13.256 -13.254 -13.226 -13.077 -12.849 -12.563 -13.094 -13.046 -12.845 -12.553 -12.229 -11.837 -13.054 -12.759 -12.378 -12.075 -11.779 -12.742 -12.401 -12.101 -11.892 -11.838 -12.416 -12.611 -12.253 -11.165 -10.651 -10.047 -12.473
0.436321 -13.226 -13.234 -13.213 -13.081 -12.861 -12.581 -13.085 -13.051 -12.857 -12.571 -12.251 -11.862 -13.058 -12.773 -12.399 -12.099 -11.805 -12.756 -12.42 -12.124 -11.916 -11.858 -12.435 -12.628 -12.275 -11.195 -10.683 -10.081 -12.49
0.449518 -13.194 -13.212 -13.199 -13.083 -12.872 -12.598 -13.074 -13.055 -12.868 -12.588 -12.273 -11.888 -13.062 -12.786 -12.419 -12.123 -11.831 -12.769 -12.439 -12.146 -11.939 -11.878 -12.453 -12.643 -12.296 -11.224 -10.714 -10.114 -12.507
0.463113 -13.159 -13.188 -13.183 -13.085 -12.882 -12.614 -13.062 -13.058 -12.878 -12.605 -12.294 -11.913 -13.065 -12.798 -12.438 -12.146 -11.857 -12.782 -12.458 -12.168 -11.962 -11.899 -12.471 -12.659 -12.317 -11.254 -10.746 -10.147 -12.523
0.47712 -13.123 -13.163 -13.165 -13.086 -12.891 -12.63 -13.049 -13.06 -12.888 -12.621 -12.315 -11.938 -13.067 -12.81 -12.457 -12.168 -11.882 -12.794 -12.476 -12.19 -11.984 -11.919 -12.488 -12.673 -12.337 -11.283 -10.777 -10.18 -12.539
0.49155 -13.085 -13.135 -13.146 -13.085 -12.9 -12.646 -13.034 -13.061 -12.896 -12.637 -12.335 -11.962 -13.068 -12.821 -12.476 -12.191 -11.907 -12.805 -12.494 -12.211 -12.007 -11.939 -12.505 -12.687 -12.357 -11.312 -10.808 -10.213 -12.554
0.506416 -13.044 -13.106 -13.125 -13.083 -12.907 -12.66 -13.018 -13.061 -12.904 -12.651 -12.354 -11.986 -13.067 -12.831 -12.493 -12.212 -11.932 -12.815 -12.511 -12.232 -12.029 -11.959 -12.521 -12.7 -12.377 -11.34 -10.839 -10.246 -12.569
0.521733 -13.002 -13.074 -13.103 -13.08 -12.914 -12.674 -13.001 -13.059 -12.91 -12.665 -12.373 -12.009 -13.065 -12.84 -12.51 -12.233 -11.956 -12.825 -12.527 -12.252 -12.051 -11.979 -12.536 -12.712 -12.395 -11.369 -10.87 -10.278 -12.582
0.537512 -12.957 -13.04 -13.078 -13.075 -12.919 -12.687 -12.982 -13.057 -12.916 -12.679 -12.392 -12.033 -13.062 -12.848 -12.527 -12.254 -11.979 -12.834 -12.543 -12.272 -12.072 -11.999 -12.551 -12.724 -12.413 -11.397 -10.9 -10.311 -12.595
0.553769 -12.91 -13.004 -13.052 -13.069 -12.924 -12.7 -12.962 -13.053 -12.921 -12.691 -12.41 -12.055 -13.058 -12.855 -12.543 -12.274 -12.003 -12.842 -12.558 -12.291 -12.093 -12.018 -12.565 -12.735 -12.431 -11.425 -10.931 -10.343 -12.608
