web/models/kne/31/Metzger_0.001000_0.337931_0.100000.dat
# %ECSV 0.9
# ---
# datatype:
# - {name: time, datatype: float64}
# - {name: sdss_u, datatype: float64}
# - {name: sdss_g, datatype: float64}
# - {name: sdss_r, datatype: float64}
# - {name: sdss_i, datatype: float64}
# - {name: sdss_z, datatype: float64}
# - {name: PS1_y, datatype: float64}
# - {name: ukirt_J, datatype: float64}
# - {name: ukirt_H, datatype: float64}
# - {name: ukirt_K, datatype: float64}
# - {name: johnson_U, datatype: float64}
# - {name: johnson_B, datatype: float64}
# - {name: johnson_V, datatype: float64}
# - {name: johnson_R, datatype: float64}
# - {name: johnson_I, datatype: float64}
# - {name: Clear, datatype: float64}
# meta: !!omap
# - comment: [vej = 0.33793103448275863, mej = 0.001, Ye = 0.1, redshift = 0.0]
# schema: astropy-2.0
time sdss_u sdss_g sdss_r sdss_i sdss_z PS1_y ukirt_J ukirt_H ukirt_K johnson_U johnson_B johnson_V johnson_R johnson_I Clear
[from data line 1859]
93.050000 nan nan 662.101426 537.431815 461.092308 413.191315 315.743713 228.449051 170.536576 nan nan nan 638.285764 453.389999 654.267933
93.100000 nan nan 662.447144 537.714729 461.336727 413.411559 315.914711 228.575817 170.633892 nan nan nan 638.619490 453.630532 654.609707
93.150000 nan nan 662.792854 537.997636 461.581140 413.631798 316.085705 228.702580 170.731205 nan nan nan 638.953207 453.871059 654.951472
93.200000 nan nan 663.138555 538.280537 461.825547 413.852032 316.256695 228.829340 170.828517 nan nan nan 639.286916 454.111581 655.293229
93.250000 nan nan 663.484247 538.563430 462.069948 414.072260 316.427681 228.956097 170.925827 nan nan nan 639.620617 454.352096 655.634977
93.300000 nan nan 663.829931 538.846316 462.314343 414.292484 316.598663 229.082851 171.023134 nan nan nan 639.954309 454.592606 655.976717
93.350000 nan nan 664.175606 539.129195 462.558732 414.512701 316.769641 229.209603 171.120440 nan nan nan 640.287993 454.833109 656.318448
93.400000 nan nan 664.521272 539.412067 462.803116 414.732914 316.940615 229.336351 171.217743 nan nan nan 640.621668 455.073607 656.660170
93.450000 nan nan 664.866929 539.694932 463.047493 414.953121 317.111585 229.463097 171.315045 nan nan nan 640.955335 455.314099 657.001884
93.500000 nan nan 665.212578 539.977790 463.291864 415.173322 317.282550 229.589840 171.412344 nan nan nan 641.288994 455.554585 657.343589
93.550000 nan nan 665.558218 540.260641 463.536229 415.393519 317.453512 229.716580 171.509642 nan nan nan 641.622644 455.795065 657.685285
93.600000 nan nan 665.903849 540.543485 463.780588 415.613710 317.624470 229.843318 171.606937 nan nan nan 641.956286 456.035539 658.026973
93.650000 nan nan 666.249471 540.826322 464.024942 415.833895 317.795424 229.970052 171.704231 nan nan nan 642.289920 456.276008 658.368653
93.700000 nan nan 666.595085 541.109152 464.269289 416.054076 317.966374 230.096784 171.801522 nan nan nan 642.623545 456.516470 658.710323
93.750000 nan nan 666.940691 541.391975 464.513630 416.274251 318.137320 230.223513 171.898811 nan nan nan 642.957161 456.756927 659.051985
93.800000 nan nan 667.286287 541.674792 464.757966 416.494420 318.308261 230.350239 171.996099 nan nan nan 643.290770 456.997377 659.393639
93.850000 nan nan 667.631875 541.957601 465.002295 416.714585 318.479199 230.476962 172.093384 nan nan nan 643.624370 457.237822 659.735284
93.900000 nan nan 667.977454 542.240403 465.246618 416.934744 318.650133 230.603683 172.190667 nan nan nan 643.957962 457.478261 660.076921
93.950000 nan nan 668.323025 542.523198 465.490936 417.154898 318.821063 230.730400 172.287949 nan nan nan 644.291545 457.718695 660.418548
94.000000 nan nan 668.668586 542.805986 465.735247 417.375046 318.991989 230.857115 172.385228 nan nan nan 644.625120 457.959122 660.760168
94.050000 nan nan 669.014140 543.088767 465.979553 417.595190 319.162911 230.983827 172.482505 nan nan nan 644.958687 458.199543 661.101779
94.100000 nan nan 669.359684 543.371541 466.223853 417.815328 319.333829 231.110537 172.579780 nan nan nan 645.292245 458.439959 661.443381
94.150000 nan nan 669.705220 543.654308 466.468146 418.035460 319.504743 231.237243 172.677053 nan nan nan 645.625795 458.680369 661.784975
94.200000 nan nan 670.050748 543.937069 466.712434 418.255588 319.675653 231.363947 172.774325 nan nan nan 645.959337 458.920773 662.126560
94.250000 nan nan 670.396266 544.219822 466.956716 418.475710 319.846559 231.490648 172.871594 nan nan nan 646.292870 459.161171 662.468137
94.300000 nan nan 670.741776 544.502568 467.200992 418.695826 320.017461 231.617346 172.968861 nan nan nan 646.626395 459.401564 662.809705
94.350000 nan nan 671.087278 544.785308 467.445262 418.915938 320.188359 231.744041 173.066126 nan nan nan 646.959912 459.641950 663.151264
94.400000 nan nan 671.432771 545.068040 467.689526 419.136044 320.359253 231.870734 173.163389 nan nan nan 647.293421 459.882331 663.492816
94.450000 nan nan 671.778255 545.350766 467.933784 419.356145 320.530143 231.997423 173.260651 nan nan nan 647.626921 460.122706 663.834358
94.500000 nan nan 672.123731 545.633484 468.178037 419.576241 320.701029 232.124110 173.357910 nan nan nan 647.960413 460.363075 664.175893
94.550000 nan nan 672.469198 545.916196 468.422283 419.796331 320.871911 232.250794 173.455167 nan nan nan 648.293897 460.603439 664.517418
94.600000 nan nan 672.814656 546.198901 468.666523 420.016417 321.042790 232.377476 173.552422 nan nan nan 648.627372 460.843796 664.858936
94.650000 nan nan 673.160106 546.481599 468.910758 420.236496 321.213664 232.504154 173.649675 nan nan nan 648.960840 461.084148 665.200444
94.700000 nan nan 673.505547 546.764290 469.154987 420.456571 321.384534 232.630830 173.746926 nan nan nan 649.294299 461.324494 665.541945
94.750000 nan nan 673.850980 547.046974 469.399210 420.676641 321.555401 232.757503 173.844176 nan nan nan 649.627749 461.564834 665.883436
94.800000 nan nan 674.196404 547.329651 469.643426 420.896705 321.726263 232.884173 173.941423 nan nan nan 649.961192 461.805169 666.224920
94.850000 nan nan 674.541820 547.612321 469.887638 421.116764 321.897122 233.010841 174.038668 nan nan nan 650.294626 462.045497 666.566395
94.900000 nan nan 674.887227 547.894984 470.131843 421.336817 322.067976 233.137506 174.135911 nan nan nan 650.628052 462.285820 666.907861
94.950000 nan nan 675.232626 548.177641 470.376042 421.556866 322.238827 233.264168 174.233152 nan nan nan 650.961470 462.526137 667.249319
95.000000 nan nan 675.578016 548.460290 470.620235 421.776909 322.409674 233.390827 174.330391 nan nan nan 651.294879 462.766448 667.590769
95.050000 nan nan 675.923397 548.742933 470.864423 421.996947 322.580516 233.517483 174.427629 nan nan nan 651.628281 463.006754 667.932210
95.100000 nan nan 676.268770 549.025569 471.108605 422.216980 322.751355 233.644137 174.524864 nan nan nan 651.961674 463.247054 668.273643
95.150000 nan nan 676.614135 549.308198 471.352781 422.437007 322.922190 233.770788 174.622097 nan nan nan 652.295059 463.487348 668.615067
95.200000 nan nan 676.959491 549.590820 471.596951 422.657030 323.093021 233.897436 174.719328 nan nan nan 652.628436 463.727636 668.956483
95.250000 nan nan 677.304838 549.873435 471.841115 422.877047 323.263848 234.024081 174.816558 nan nan nan 652.961804 463.967919 669.297891
95.300000 nan nan 677.650177 550.156044 472.085273 423.097059 323.434672 234.150724 174.913785 nan nan nan 653.295164 464.208196 669.639290
95.350000 nan nan 677.995507 550.438645 472.329425 423.317066 323.605491 234.277364 175.011010 nan nan nan 653.628517 464.448467 669.980681
95.400000 nan nan 678.340829 550.721240 472.573572 423.537067 323.776306 234.404001 175.108233 nan nan nan 653.961861 464.688732 670.322063
95.450000 nan nan 678.686143 551.003828 472.817713 423.757063 323.947118 234.530635 175.205455 nan nan nan 654.295196 464.928992 670.663437
95.500000 nan nan 679.031448 551.286409 473.061848 423.977055 324.117925 234.657267 175.302674 nan nan nan 654.628524 465.169245 671.004802
95.550000 nan nan 679.376744 551.568983 473.305977 424.197040 324.288729 234.783896 175.399891 nan nan nan 654.961843 465.409494 671.346160
95.600000 nan nan 679.722032 551.851550 473.550100 424.417021 324.459528 234.910522 175.497107 nan nan nan 655.295155 465.649736 671.687508
95.650000 nan nan 680.067312 552.134111 473.794218 424.636997 324.630324 235.037145 175.594320 nan nan nan 655.628458 465.889973 672.028849
95.700000 nan nan 680.412583 552.416664 474.038329 424.856967 324.801116 235.163766 175.691531 nan nan nan 655.961753 466.130204 672.370181
95.750000 nan nan 680.757845 552.699211 474.282435 425.076932 324.971904 235.290384 175.788741 nan nan nan 656.295040 466.370429 672.711505
95.800000 nan nan 681.103100 552.981751 474.526535 425.296892 325.142688 235.416999 175.885948 nan nan nan 656.628319 466.610648 673.052820
95.850000 nan nan 681.448345 553.264285 474.770629 425.516847 325.313468 235.543611 175.983154 nan nan nan 656.961589 466.850862 673.394127
95.900000 nan nan 681.793583 553.546811 475.014718 425.736797 325.484245 235.670221 176.080357 nan nan nan 657.294852 467.091071 673.735426
95.950000 nan nan 682.138812 553.829331 475.258801 425.956741 325.655017 235.796828 176.177559 nan nan nan 657.628106 467.331273 674.076716
96.000000 nan nan 682.484032 554.111844 475.502877 426.176680 325.825786 235.923432 176.274758 nan nan nan 657.961352 467.571470 674.417999
96.050000 nan nan 682.829244 554.394350 475.746948 426.396615 325.996550 236.050033 176.371956 nan nan nan 658.294590 467.811661 674.759272
96.100000 nan nan 683.174448 554.676849 475.991014 426.616544 326.167311 236.176632 176.469152 nan nan nan 658.627820 468.051846 675.100538
96.150000 nan nan 683.519643 554.959341 476.235073 426.836467 326.338068 236.303228 176.566345 nan nan nan 658.961042 468.292026 675.441795
96.200000 nan nan 683.864830 555.241827 476.479127 427.056386 326.508821 236.429821 176.663537 nan nan nan 659.294256 468.532200 675.783044
96.250000 nan nan 684.210008 555.524306 476.723175 427.276300 326.679570 236.556412 176.760727 nan nan nan 659.627462 468.772368 676.124284
96.300000 nan nan 684.555178 555.806778 476.967217 427.496208 326.850316 236.682999 176.857915 nan nan nan 659.960660 469.012531 676.465517
96.350000 nan nan 684.900340 556.089244 477.211253 427.716111 327.021057 236.809584 176.955100 nan nan nan 660.293849 469.252688 676.806741
96.400000 nan nan 685.245493 556.371702 477.455284 427.936009 327.191795 236.936167 177.052284 nan nan nan 660.627031 469.492840 677.147956
96.450000 nan nan 685.590638 556.654154 477.699309 428.155902 327.362528 237.062746 177.149466 nan nan nan 660.960204 469.732985 677.489164
96.500000 nan nan 685.935774 556.936599 477.943328 428.375790 327.533258 237.189323 177.246646 nan nan nan 661.293370 469.973125 677.830363
96.550000 nan nan 686.280902 557.219038 478.187341 428.595673 327.703984 237.315897 177.343824 nan nan nan 661.626527 470.213260 678.171554
96.600000 nan nan 686.626022 557.501469 478.431349 428.815550 327.874706 237.442469 177.441000 nan nan nan 661.959676 470.453388 678.512736
96.650000 nan nan 686.971134 557.783894 478.675351 429.035423 328.045425 237.569038 177.538174 nan nan nan 662.292817 470.693512 678.853911
96.700000 nan nan 687.316237 558.066313 478.919347 429.255290 328.216139 237.695604 177.635346 nan nan nan 662.625951 470.933629 679.195077
96.750000 nan nan 687.661331 558.348724 479.163337 429.475152 328.386849 237.822167 177.732516 nan nan nan 662.959076 471.173741 679.536235
96.800000 nan nan 688.006418 558.631129 479.407322 429.695009 328.557556 237.948728 177.829685 nan nan nan 663.292193 471.413847 679.877384
96.850000 nan nan 688.351496 558.913527 479.651301 429.914861 328.728259 238.075285 177.926851 nan nan nan 663.625302 471.653948 680.218526
96.900000 nan nan 688.696565 559.195918 479.895274 430.134708 328.898958 238.201841 178.024015 nan nan nan 663.958403 471.894042 680.559659
96.950000 nan nan 689.041627 559.478303 480.139242 430.354550 329.069653 238.328393 178.121177 nan nan nan 664.291496 472.134132 680.900784
97.000000 nan nan 689.386680 559.760681 480.383203 430.574387 329.240345 238.454943 178.218338 nan nan nan 664.624581 472.374215 681.241901
97.050000 nan nan 689.731725 560.043052 480.627159 430.794218 329.411032 238.581490 178.315496 nan nan nan 664.957658 472.614294 681.583009
97.100000 nan nan 690.076761 560.325416 480.871110 431.014045 329.581716 238.708034 178.412653 nan nan nan 665.290727 472.854366 681.924109
97.150000 nan nan 690.421789 560.607774 481.115054 431.233866 329.752396 238.834576 178.509807 nan nan nan 665.623788 473.094433 682.265202
97.200000 nan nan 690.766809 560.890125 481.358993 431.453683 329.923072 238.961115 178.606960 nan nan nan 665.956841 473.334494 682.606286
97.250000 nan nan 691.111821 561.172470 481.602926 431.673494 330.093744 239.087651 178.704111 nan nan nan 666.289886 473.574550 682.947361
97.300000 nan nan 691.456824 561.454807 481.846854 431.893300 330.264412 239.214185 178.801259 nan nan nan 666.622923 473.814600 683.288429
97.350000 nan nan 691.801819 561.737138 482.090776 432.113101 330.435077 239.340716 178.898406 nan nan nan 666.955953 474.054644 683.629488
97.400000 nan nan 692.146805 562.019463 482.334692 432.332897 330.605738 239.467244 178.995551 nan nan nan 667.288974 474.294683 683.970539
97.450000 nan nan 692.491784 562.301781 482.578602 432.552688 330.776395 239.593770 179.092694 nan nan nan 667.621987 474.534716 684.311582
97.500000 nan nan 692.836754 562.584092 482.822507 432.772474 330.947048 239.720293 179.189835 nan nan nan 667.954992 474.774744 684.652617
97.550000 nan nan 693.181716 562.866396 483.066406 432.992255 331.117697 239.846813 179.286974 nan nan nan 668.287989 475.014766 684.993644
97.600000 nan nan 693.526670 563.148694 483.310300 433.212030 331.288342 239.973330 179.384111 nan nan nan 668.620979 475.254783 685.334663
97.650000 nan nan 693.871615 563.430985 483.554187 433.431801 331.458984 240.099845 179.481246 nan nan nan 668.953960 475.494794 685.675673
97.700000 nan nan 694.216552 563.713269 483.798069 433.651567 331.629622 240.226357 179.578380 nan nan nan 669.286934 475.734799 686.016675
97.750000 nan nan 694.561481 563.995547 484.041946 433.871327 331.800256 240.352867 179.675511 nan nan nan 669.619899 475.974799 686.357669
97.800000 nan nan 694.906402 564.277818 484.285816 434.091083 331.970886 240.479373 179.772640 nan nan nan 669.952857 476.214793 686.698655
97.850000 nan nan 695.251314 564.560083 484.529681 434.310833 332.141513 240.605877 179.869768 nan nan nan 670.285806 476.454782 687.039633
97.900000 nan nan 695.596219 564.842341 484.773541 434.530579 332.312136 240.732379 179.966893 nan nan nan 670.618748 476.694765 687.380603
97.950000 nan nan 695.941115 565.124592 485.017395 434.750319 332.482754 240.858878 180.064017 nan nan nan 670.951682 476.934742 687.721565
98.000000 nan nan 696.286003 565.406837 485.261243 434.970054 332.653370 240.985374 180.161139 nan nan nan 671.284608 477.174714 688.062518
98.050000 nan nan 696.630882 565.689075 485.505085 435.189785 332.823981 241.111867 180.258258 nan nan nan 671.617526 477.414681 688.403464
98.100000 nan nan 696.975754 565.971306 485.748922 435.409510 332.994588 241.238358 180.355376 nan nan nan 671.950436 477.654642 688.744401
98.150000 nan nan 697.320617 566.253531 485.992753 435.629230 333.165192 241.364846 180.452492 nan nan nan 672.283338 477.894597 689.085330
98.200000 nan nan 697.665472 566.535749 486.236579 435.848946 333.335792 241.491331 180.549606 nan nan nan 672.616233 478.134547 689.426251
98.250000 nan nan 698.010319 566.817961 486.480399 436.068656 333.506388 241.617814 180.646718 nan nan nan 672.949119 478.374491 689.767164
98.300000 nan nan 698.355157 567.100166 486.724213 436.288361 333.676981 241.744294 180.743828 nan nan nan 673.281998 478.614430 690.108069
98.350000 nan nan 698.699988 567.382364 486.968022 436.508061 333.847569 241.870771 180.840936 nan nan nan 673.614868 478.854363 690.448966
98.400000 nan nan 699.044810 567.664556 487.211825 436.727756 334.018154 241.997246 180.938043 nan nan nan 673.947731 479.094291 690.789855
98.450000 nan nan 699.389624 567.946741 487.455622 436.947446 334.188735 242.123718 181.035147 nan nan nan 674.280586 479.334213 691.130736
98.500000 nan nan 699.734430 568.228920 487.699414 437.167132 334.359313 242.250188 181.132250 nan nan nan 674.613433 479.574130 691.471608
98.550000 nan nan 700.079228 568.511092 487.943200 437.386812 334.529886 242.376654 181.229350 nan nan nan 674.946273 479.814041 691.812473
98.600000 nan nan 700.424018 568.793257 488.186981 437.606487 334.700456 242.503119 181.326449 nan nan nan 675.279104 480.053947 692.153329
98.650000 nan nan 700.768799 569.075416 488.430756 437.826157 334.871022 242.629580 181.423546 nan nan nan 675.611928 480.293847 692.494178
