web/models/kne/31/Metzger_0.005553_0.127241_0.100000.dat
# %ECSV 0.9
# ---
# datatype:
# - {name: time, datatype: float64}
# - {name: sdss_u, datatype: float64}
# - {name: sdss_g, datatype: float64}
# - {name: sdss_r, datatype: float64}
# - {name: sdss_i, datatype: float64}
# - {name: sdss_z, datatype: float64}
# - {name: PS1_y, datatype: float64}
# - {name: ukirt_J, datatype: float64}
# - {name: ukirt_H, datatype: float64}
# - {name: ukirt_K, datatype: float64}
# - {name: johnson_U, datatype: float64}
# - {name: johnson_B, datatype: float64}
# - {name: johnson_V, datatype: float64}
# - {name: johnson_R, datatype: float64}
# - {name: johnson_I, datatype: float64}
# - {name: Clear, datatype: float64}
# meta: !!omap
# - comment: [vej = 0.12724137931034482, mej = 0.00555320171962985, Ye = 0.1, redshift = 0.0]
# schema: astropy-2.0
time sdss_u sdss_g sdss_r sdss_i sdss_z PS1_y ukirt_J ukirt_H ukirt_K johnson_U johnson_B johnson_V johnson_R johnson_I Clear
[from data line 1646]
82.400000 389.814181 282.564721 214.666801 171.437063 145.015340 128.462362 94.874013 64.936728 45.212710 376.956798 312.462785 243.174037 206.402326 142.352172 211.948144
82.450000 390.050955 282.740043 214.803106 171.548451 145.111456 128.548887 94.941000 64.986167 45.250465 377.186213 312.655256 243.326739 206.533873 142.446746 212.082885
82.500000 390.287724 282.915361 214.939408 171.659838 145.207570 128.635410 95.007986 65.035604 45.288219 377.415623 312.847721 243.479436 206.665418 142.541319 212.217622
82.550000 390.524485 283.090674 215.075707 171.771221 145.303682 128.721932 95.074970 65.085041 45.325972 377.645026 313.040182 243.632130 206.796959 142.635889 212.352357
82.600000 390.761241 283.265982 215.212003 171.882602 145.399792 128.808451 95.141954 65.134478 45.363726 377.874423 313.232638 243.784819 206.928497 142.730457 212.487087
82.650000 390.997990 283.441286 215.348295 171.993980 145.495899 128.894969 95.208936 65.183913 45.401479 378.103814 313.425088 243.937505 207.060032 142.825023 212.621815
82.700000 391.234733 283.616586 215.484584 172.105356 145.592005 128.981485 95.275917 65.233348 45.439231 378.333199 313.617534 244.090187 207.191564 142.919587 212.756539
82.750000 391.471469 283.791881 215.620870 172.216730 145.688108 129.067999 95.342896 65.282782 45.476984 378.562578 313.809975 244.242866 207.323092 143.014149 212.891260
82.800000 391.708199 283.967172 215.757152 172.328100 145.784210 129.154511 95.409875 65.332215 45.514736 378.791951 314.002411 244.395540 207.454618 143.108709 213.025978
82.850000 391.944923 284.142458 215.893431 172.439468 145.880309 129.241022 95.476852 65.381648 45.552487 379.021317 314.194841 244.548211 207.586140 143.203267 213.160692
82.900000 392.181641 284.317740 216.029707 172.550834 145.976406 129.327531 95.543828 65.431080 45.590238 379.250678 314.387267 244.700878 207.717659 143.297823 213.295403
82.950000 392.418352 284.493017 216.165979 172.662197 146.072501 129.414037 95.610802 65.480511 45.627989 379.480032 314.579688 244.853541 207.849175 143.392376 213.430111
83.000000 392.655057 284.668290 216.302248 172.773557 146.168594 129.500542 95.677776 65.529941 45.665739 379.709381 314.772103 245.006200 207.980687 143.486928 213.564816
83.050000 392.891756 284.843558 216.438514 172.884915 146.264685 129.587045 95.744748 65.579371 45.703489 379.938723 314.964514 245.158856 208.112197 143.581478 213.699517
83.100000 393.128448 285.018822 216.574776 172.996270 146.360773 129.673547 95.811719 65.628800 45.741239 380.168059 315.156920 245.311507 208.243703 143.676025 213.834216
83.150000 393.365134 285.194081 216.711035 173.107623 146.456860 129.760046 95.878688 65.678228 45.778988 380.397390 315.349321 245.464155 208.375206 143.770571 213.968911
83.200000 393.601814 285.369336 216.847291 173.218973 146.552944 129.846544 95.945657 65.727656 45.816737 380.626714 315.541717 245.616799 208.506706 143.865114 214.103602
83.250000 393.838487 285.544587 216.983544 173.330321 146.649026 129.933040 96.012624 65.777083 45.854486 380.856032 315.734107 245.769440 208.638203 143.959655 214.238291
83.300000 394.075155 285.719833 217.119793 173.441666 146.745107 130.019534 96.079590 65.826509 45.892234 381.085344 315.926493 245.922076 208.769697 144.054195 214.372976
83.350000 394.311816 285.895075 217.256039 173.553008 146.841185 130.106026 96.146555 65.875934 45.929982 381.314650 316.118874 246.074709 208.901187 144.148732 214.507658
83.400000 394.548470 286.070312 217.392282 173.664348 146.937261 130.192516 96.213518 65.925359 45.967729 381.543950 316.311250 246.227338 209.032675 144.243267 214.642336
83.450000 394.785119 286.245544 217.528521 173.775685 147.033335 130.279005 96.280480 65.974783 46.005476 381.773244 316.503621 246.379963 209.164159 144.337800 214.777012
83.500000 395.021761 286.420773 217.664757 173.887020 147.129407 130.365492 96.347441 66.024206 46.043223 382.002531 316.695988 246.532585 209.295640 144.432331 214.911684
83.550000 395.258397 286.595997 217.800990 173.998353 147.225476 130.451977 96.414401 66.073629 46.080969 382.231813 316.888349 246.685202 209.427118 144.526860 215.046353
83.600000 395.495027 286.771216 217.937220 174.109682 147.321544 130.538460 96.481360 66.123051 46.118715 382.461089 317.080705 246.837816 209.558593 144.621387 215.181018
83.650000 395.731650 286.946431 218.073446 174.221010 147.417610 130.624941 96.548317 66.172472 46.156460 382.690359 317.273056 246.990427 209.690065 144.715912 215.315681
83.700000 395.968267 287.121641 218.209669 174.332334 147.513673 130.711421 96.615273 66.221892 46.194206 382.919623 317.465403 247.143033 209.821533 144.810435 215.450340
83.750000 396.204878 287.296848 218.345888 174.443656 147.609734 130.797899 96.682228 66.271312 46.231950 383.148880 317.657744 247.295636 209.952999 144.904956 215.584996
83.800000 396.441483 287.472049 218.482105 174.554976 147.705794 130.884374 96.749181 66.320731 46.269695 383.378132 317.850081 247.448235 210.084461 144.999474 215.719649
83.850000 396.678082 287.647247 218.618318 174.666293 147.801851 130.970849 96.816134 66.370149 46.307439 383.607378 318.042413 247.600830 210.215920 145.093991 215.854299
83.900000 396.914674 287.822440 218.754528 174.777607 147.897906 131.057321 96.883085 66.419566 46.345182 383.836618 318.234739 247.753421 210.347376 145.188506 215.988945
83.950000 397.151260 287.997628 218.890735 174.888919 147.993959 131.143791 96.950035 66.468983 46.382926 384.065851 318.427061 247.906009 210.478829 145.283018 216.123588
84.000000 397.387840 288.172812 219.026938 175.000229 148.090010 131.230260 97.016983 66.518399 46.420669 384.295079 318.619378 248.058593 210.610279 145.377529 216.258228
84.050000 397.624414 288.347992 219.163138 175.111536 148.186059 131.316727 97.083931 66.567815 46.458411 384.524301 318.811690 248.211173 210.741726 145.472038 216.392865
84.100000 397.860982 288.523167 219.299335 175.222840 148.282106 131.403192 97.150877 66.617229 46.496153 384.753517 319.003997 248.363750 210.873169 145.566544 216.527498
84.150000 398.097543 288.698338 219.435529 175.334142 148.378150 131.489655 97.217822 66.666643 46.533895 384.982727 319.196299 248.516322 211.004610 145.661049 216.662128
84.200000 398.334098 288.873505 219.571719 175.445441 148.474193 131.576117 97.284766 66.716057 46.571636 385.211930 319.388597 248.668891 211.136047 145.755551 216.796756
84.250000 398.570647 289.048667 219.707906 175.556738 148.570233 131.662577 97.351708 66.765469 46.609378 385.441128 319.580889 248.821457 211.267481 145.850052 216.931379
84.300000 398.807190 289.223824 219.844090 175.668032 148.666272 131.749034 97.418650 66.814881 46.647118 385.670320 319.773177 248.974018 211.398913 145.944550 217.066000
84.350000 399.043727 289.398978 219.980271 175.779324 148.762308 131.835491 97.485590 66.864292 46.684858 385.899506 319.965459 249.126576 211.530341 146.039046 217.200618
84.400000 399.280257 289.574127 220.116448 175.890613 148.858342 131.921945 97.552529 66.913702 46.722598 386.128686 320.157737 249.279130 211.661766 146.133541 217.335232
84.450000 399.516782 289.749271 220.252622 176.001900 148.954375 132.008397 97.619466 66.963112 46.760338 386.357860 320.350010 249.431681 211.793187 146.228033 217.469843
84.500000 399.753300 289.924412 220.388793 176.113184 149.050405 132.094848 97.686403 67.012521 46.798077 386.587028 320.542278 249.584227 211.924606 146.322523 217.604451
84.550000 399.989812 290.099547 220.524961 176.224466 149.146433 132.181297 97.753338 67.061929 46.835816 386.816191 320.734541 249.736770 212.056022 146.417012 217.739056
84.600000 400.226318 290.274679 220.661125 176.335745 149.242459 132.267744 97.820272 67.111337 46.873554 387.045347 320.926800 249.889310 212.187434 146.511498 217.873657
84.650000 400.462818 290.449806 220.797286 176.447022 149.338483 132.354190 97.887204 67.160743 46.911292 387.274497 321.119053 250.041845 212.318844 146.605982 218.008255
84.700000 400.699311 290.624929 220.933444 176.558296 149.434505 132.440633 97.954136 67.210149 46.949030 387.503642 321.311302 250.194377 212.450250 146.700464 218.142851
84.750000 400.935799 290.800047 221.069599 176.669568 149.530525 132.527075 98.021066 67.259555 46.986767 387.732780 321.503546 250.346905 212.581653 146.794944 218.277443
84.800000 401.172280 290.975161 221.205751 176.780837 149.626543 132.613515 98.087995 67.308959 47.024504 387.961913 321.695785 250.499430 212.713053 146.889423 218.412031
84.850000 401.408755 291.150271 221.341899 176.892104 149.722558 132.699953 98.154923 67.358363 47.062241 388.191039 321.888019 250.651950 212.844451 146.983899 218.546617
84.900000 401.645224 291.325377 221.478044 177.003368 149.818572 132.786390 98.221850 67.407767 47.099977 388.420160 322.080248 250.804467 212.975845 147.078373 218.681199
84.950000 401.881687 291.500478 221.614186 177.114630 149.914584 132.872824 98.288775 67.457169 47.137713 388.649275 322.272472 250.956981 213.107235 147.172845 218.815779
85.000000 402.118144 291.675574 221.750325 177.225889 150.010593 132.959257 98.355699 67.506571 47.175448 388.878384 322.464692 251.109491 213.238623 147.267315 218.950355
85.050000 402.354595 291.850667 221.886460 177.337145 150.106601 133.045688 98.422622 67.555972 47.213183 389.107487 322.656906 251.261997 213.370008 147.361783 219.084928
85.100000 402.591040 292.025755 222.022592 177.448400 150.202606 133.132118 98.489544 67.605372 47.250918 389.336584 322.849116 251.414499 213.501390 147.456249 219.219497
85.150000 402.827478 292.200838 222.158721 177.559651 150.298609 133.218545 98.556465 67.654772 47.288652 389.565675 323.041321 251.566997 213.632768 147.550713 219.354064
85.200000 403.063911 292.375918 222.294847 177.670900 150.394611 133.304971 98.623384 67.704171 47.326386 389.794761 323.233522 251.719492 213.764144 147.645175 219.488627
85.250000 403.300337 292.550993 222.430970 177.782147 150.490610 133.391395 98.690302 67.753569 47.364120 390.023840 323.425717 251.871984 213.895516 147.739635 219.623188
85.300000 403.536757 292.726063 222.567089 177.893391 150.586607 133.477817 98.757219 67.802967 47.401853 390.252914 323.617908 252.024471 214.026886 147.834094 219.757745
85.350000 403.773171 292.901130 222.703205 178.004633 150.682602 133.564238 98.824135 67.852364 47.439586 390.481982 323.810094 252.176955 214.158252 147.928550 219.892299
85.400000 404.009580 293.076192 222.839318 178.115872 150.778596 133.650656 98.891049 67.901760 47.477318 390.711044 324.002275 252.329436 214.289615 148.023004 220.026850
85.450000 404.245982 293.251250 222.975428 178.227109 150.874587 133.737073 98.957963 67.951155 47.515050 390.940100 324.194451 252.481912 214.420976 148.117456 220.161397
85.500000 404.482378 293.426303 223.111535 178.338344 150.970576 133.823488 99.024875 68.000550 47.552782 391.169150 324.386622 252.634385 214.552333 148.211906 220.295942
85.550000 404.718768 293.601352 223.247638 178.449575 151.066563 133.909902 99.091786 68.049944 47.590513 391.398194 324.578789 252.786854 214.683687 148.306354 220.430483
85.600000 404.955151 293.776397 223.383738 178.560805 151.162548 133.996313 99.158695 68.099337 47.628244 391.627233 324.770951 252.939320 214.815038 148.400800 220.565021
85.650000 405.191529 293.951438 223.519835 178.672032 151.258531 134.082723 99.225604 68.148730 47.665975 391.856265 324.963108 253.091782 214.946386 148.495244 220.699556
85.700000 405.427901 294.126474 223.655929 178.783256 151.354511 134.169131 99.292511 68.198122 47.703705 392.085292 325.155260 253.244240 215.077731 148.589686 220.834088
85.750000 405.664267 294.301506 223.792020 178.894478 151.450490 134.255538 99.359417 68.247513 47.741435 392.314313 325.347407 253.396695 215.209073 148.684126 220.968617
85.800000 405.900626 294.476534 223.928108 179.005697 151.546467 134.341942 99.426322 68.296903 47.779164 392.543328 325.539550 253.549146 215.340412 148.778564 221.103143
85.850000 406.136980 294.651557 224.064192 179.116914 151.642442 134.428345 99.493225 68.346293 47.816893 392.772337 325.731688 253.701594 215.471748 148.873000 221.237665
85.900000 406.373328 294.826576 224.200273 179.228129 151.738415 134.514746 99.560128 68.395682 47.854622 393.001341 325.923821 253.854037 215.603080 148.967434 221.372185
85.950000 406.609669 295.001591 224.336351 179.339341 151.834385 134.601145 99.627029 68.445070 47.892350 393.230339 326.115949 254.006477 215.734410 149.061867 221.506701
86.000000 406.846005 295.176601 224.472426 179.450550 151.930354 134.687543 99.693929 68.494458 47.930078 393.459330 326.308073 254.158914 215.865737 149.156297 221.641214
86.050000 407.082334 295.351608 224.608498 179.561758 152.026321 134.773938 99.760828 68.543845 47.967806 393.688317 326.500192 254.311347 215.997061 149.250725 221.775724
86.100000 407.318658 295.526610 224.744566 179.672962 152.122285 134.860332 99.827725 68.593231 48.005533 393.917297 326.692306 254.463776 216.128381 149.345151 221.910231
86.150000 407.554975 295.701607 224.880631 179.784164 152.218248 134.946725 99.894622 68.642617 48.043260 394.146271 326.884415 254.616201 216.259699 149.439575 222.044735
86.200000 407.791287 295.876601 225.016693 179.895364 152.314209 135.033115 99.961517 68.692002 48.080986 394.375240 327.076520 254.768623 216.391014 149.533997 222.179236
86.250000 408.027593 296.051590 225.152752 180.006561 152.410167 135.119504 100.028411 68.741386 48.118712 394.604203 327.268620 254.921042 216.522325 149.628418 222.313733
86.300000 408.263892 296.226575 225.288808 180.117756 152.506124 135.205891 100.095304 68.790769 48.156438 394.833160 327.460715 255.073456 216.653634 149.722836 222.448228
86.350000 408.500186 296.401556 225.424861 180.228949 152.602078 135.292276 100.162195 68.840152 48.194163 395.062111 327.652805 255.225868 216.784939 149.817252 222.582719
86.400000 408.736473 296.576532 225.560910 180.340139 152.698031 135.378660 100.229086 68.889534 48.231888 395.291057 327.844891 255.378275 216.916242 149.911666 222.717207
86.450000 408.972755 296.751504 225.696957 180.451326 152.793981 135.465041 100.295975 68.938915 48.269613 395.519996 328.036972 255.530679 217.047541 150.006079 222.851692
86.500000 409.209030 296.926472 225.833000 180.562511 152.889930 135.551421 100.362863 68.988296 48.307337 395.748930 328.229048 255.683079 217.178838 150.100489 222.986174
86.550000 409.445300 297.101436 225.969040 180.673694 152.985876 135.637800 100.429750 69.037676 48.345061 395.977858 328.421119 255.835476 217.310131 150.194897 223.120653
86.600000 409.681564 297.276395 226.105077 180.784874 153.081820 135.724176 100.496635 69.087055 48.382784 396.206781 328.613186 255.987869 217.441422 150.289304 223.255129
86.650000 409.917821 297.451351 226.241111 180.896052 153.177763 135.810551 100.563520 69.136433 48.420507 396.435697 328.805248 256.140258 217.572709 150.383708 223.389602
86.700000 410.154073 297.626301 226.377142 181.007227 153.273703 135.896924 100.630403 69.185811 48.458230 396.664608 328.997305 256.292644 217.703994 150.478111 223.524071
86.750000 410.390319 297.801248 226.513169 181.118400 153.369642 135.983295 100.697285 69.235188 48.495952 396.893514 329.189357 256.445026 217.835275 150.572511 223.658538
86.800000 410.626559 297.976191 226.649193 181.229570 153.465578 136.069665 100.764166 69.284565 48.533674 397.122413 329.381405 256.597405 217.966553 150.666910 223.793001
86.850000 410.862792 298.151129 226.785215 181.340738 153.561512 136.156032 100.831045 69.333940 48.571396 397.351307 329.573448 256.749780 218.097829 150.761306 223.927462
86.900000 411.099020 298.326063 226.921233 181.451904 153.657445 136.242398 100.897924 69.383315 48.609117 397.580195 329.765487 256.902151 218.229101 150.855701 224.061919
86.950000 411.335242 298.500993 227.057248 181.563067 153.753375 136.328763 100.964801 69.432690 48.646838 397.809077 329.957521 257.054519 218.360371 150.950094 224.196373
