web/models/kne/31/Metzger_0.002920_0.386552_0.450000.dat
# %ECSV 0.9
# ---
# datatype:
# - {name: time, datatype: float64}
# - {name: sdss_u, datatype: float64}
# - {name: sdss_g, datatype: float64}
# - {name: sdss_r, datatype: float64}
# - {name: sdss_i, datatype: float64}
# - {name: sdss_z, datatype: float64}
# - {name: PS1_y, datatype: float64}
# - {name: ukirt_J, datatype: float64}
# - {name: ukirt_H, datatype: float64}
# - {name: ukirt_K, datatype: float64}
# - {name: johnson_U, datatype: float64}
# - {name: johnson_B, datatype: float64}
# - {name: johnson_V, datatype: float64}
# - {name: johnson_R, datatype: float64}
# - {name: johnson_I, datatype: float64}
# - {name: Clear, datatype: float64}
# meta: !!omap
# - comment: [vej = 0.38655172413793104, mej = 0.002919709587218229, Ye = 0.45, redshift = 0.0]
# schema: astropy-2.0
time sdss_u sdss_g sdss_r sdss_i sdss_z PS1_y ukirt_J ukirt_H ukirt_K johnson_U johnson_B johnson_V johnson_R johnson_I Clear
[from data line 1815]
90.850000 nan 683.138700 526.181504 426.076522 364.793668 326.348147 248.162349 178.168337 131.774609 nan nan 592.113438 507.056531 358.611311 519.890794
90.900000 nan 683.503643 526.465573 426.308944 364.994433 326.529031 248.302736 178.272349 131.854402 nan nan 592.431492 507.330739 358.808880 520.171620
90.950000 nan 683.868577 526.749635 426.541360 365.195193 326.709912 248.443119 178.376358 131.934194 nan nan 592.749538 507.604939 359.006444 520.452438
91.000000 nan 684.233500 527.033690 426.773771 365.395948 326.890787 248.583498 178.480365 132.013984 nan nan 593.067576 507.879132 359.204004 520.733250
91.050000 nan 684.598414 527.317738 427.006175 365.596698 327.071659 248.723875 178.584369 132.093772 nan nan 593.385605 508.153318 359.401558 521.014054
91.100000 nan 684.963319 527.601778 427.238573 365.797443 327.252525 248.864248 178.688372 132.173558 nan nan 593.703626 508.427497 359.599108 521.294850
91.150000 nan 685.328214 527.885810 427.470965 365.998183 327.433388 249.004618 178.792372 132.253343 nan nan 594.021639 508.701669 359.796652 521.575640
91.200000 nan 685.693099 528.169836 427.703352 366.198918 327.614246 249.144984 178.896369 132.333127 nan nan 594.339643 508.975833 359.994192 521.856422
91.250000 nan 686.057974 528.453854 427.935732 366.399647 327.795099 249.285347 179.000365 132.412908 nan nan 594.657639 509.249991 360.191727 522.137197
91.300000 nan 686.422840 528.737864 428.168107 366.600372 327.975948 249.425707 179.104358 132.492688 nan nan 594.975627 509.524141 360.389257 522.417964
91.350000 nan 686.787696 529.021867 428.400475 366.801092 328.156793 249.566063 179.208348 132.572467 nan nan 595.293606 509.798285 360.586782 522.698724
91.400000 nan 687.152543 529.305863 428.632838 367.001807 328.337633 249.706417 179.312337 132.652244 nan nan 595.611578 510.072421 360.784301 522.979477
91.450000 nan 687.517380 529.589852 428.865195 367.202517 328.518468 249.846766 179.416323 132.732019 nan nan 595.929540 510.346551 360.981816 523.260223
91.500000 nan 687.882207 529.873833 429.097546 367.403221 328.699299 249.987113 179.520307 132.811793 nan nan 596.247495 510.620673 361.179327 523.540962
91.550000 nan 688.247025 530.157807 429.329891 367.603921 328.880126 250.127456 179.624288 132.891565 nan nan 596.565441 510.894788 361.376832 523.821693
91.600000 nan 688.611833 530.441773 429.562230 367.804616 329.060948 250.267796 179.728267 132.971335 nan nan 596.883379 511.168896 361.574332 524.102417
91.650000 nan 688.976632 530.725732 429.794564 368.005306 329.241766 250.408133 179.832244 133.051104 nan nan 597.201309 511.442997 361.771827 524.383134
91.700000 nan 689.341421 531.009684 430.026891 368.205990 329.422580 250.548466 179.936219 133.130871 nan nan 597.519230 511.717091 361.969318 524.663843
91.750000 nan 689.706200 531.293629 430.259213 368.406670 329.603389 250.688796 180.040191 133.210636 nan nan 597.837143 511.991178 362.166804 524.944546
91.800000 nan 690.070970 531.577566 430.491528 368.607345 329.784193 250.829122 180.144161 133.290400 nan nan 598.155048 512.265258 362.364284 525.225241
91.850000 nan 690.435730 531.861496 430.723838 368.808015 329.964993 250.969446 180.248129 133.370163 nan nan 598.472945 512.539331 362.561760 525.505929
91.900000 nan 690.800481 532.145418 430.956142 369.008680 330.145789 251.109766 180.352095 133.449923 nan nan 598.790833 512.813397 362.759231 525.786610
91.950000 nan 691.165222 532.429334 431.188440 369.209339 330.326580 251.250083 180.456058 133.529682 nan nan 599.108714 513.087456 362.956697 526.067283
92.000000 nan 691.529954 532.713242 431.420733 369.409994 330.507367 251.390396 180.560019 133.609440 nan nan 599.426585 513.361508 363.154158 526.347949
92.050000 nan 691.894676 532.997143 431.653019 369.610644 330.688149 251.530706 180.663978 133.689196 nan nan 599.744449 513.635552 363.351614 526.628609
92.100000 nan 692.259388 533.281036 431.885300 369.811289 330.868927 251.671013 180.767934 133.768950 nan nan 600.062305 513.909590 363.549066 526.909260
92.150000 nan 692.624092 533.564922 432.117574 370.011929 331.049701 251.811317 180.871888 133.848702 nan nan 600.380152 514.183621 363.746512 527.189905
92.200000 nan 692.988785 533.848801 432.349843 370.212564 331.230470 251.951617 180.975840 133.928454 nan nan 600.697991 514.457645 363.943954 527.470543
92.250000 nan 693.353469 534.132673 432.582106 370.413194 331.411235 252.091914 181.079789 134.008203 nan nan 601.015822 514.731662 364.141390 527.751173
92.300000 nan 693.718144 534.416537 432.814363 370.613819 331.591995 252.232208 181.183737 134.087951 nan nan 601.333644 515.005672 364.338822 528.031796
92.350000 nan 694.082809 534.700394 433.046615 370.814439 331.772751 252.372498 181.287682 134.167697 nan nan 601.651459 515.279674 364.536249 528.312412
92.400000 nan 694.447464 534.984244 433.278860 371.015055 331.953503 252.512785 181.391624 134.247442 nan nan 601.969265 515.553670 364.733671 528.593021
92.450000 nan 694.812111 535.268087 433.511100 371.215665 332.134250 252.653069 181.495565 134.327185 nan nan 602.287063 515.827659 364.931089 528.873623
92.500000 nan 695.176747 535.551922 433.743334 371.416270 332.314993 252.793350 181.599503 134.406926 nan nan 602.604853 516.101641 365.128501 529.154218
92.550000 nan 695.541374 535.835751 433.975562 371.616871 332.495731 252.933627 181.703439 134.486666 nan nan 602.922635 516.375616 365.325909 529.434805
92.600000 nan 695.905992 536.119571 434.207784 371.817466 332.676465 253.073901 181.807372 134.566404 nan nan 603.240408 516.649584 365.523311 529.715385
92.650000 nan 696.270600 536.403385 434.440001 372.018057 332.857194 253.214172 181.911304 134.646141 nan nan 603.558174 516.923545 365.720709 529.995958
92.700000 nan 696.635199 536.687192 434.672212 372.218642 333.037920 253.354440 182.015233 134.725876 nan nan 603.875931 517.197499 365.918102 530.276524
92.750000 nan 696.999789 536.970991 434.904417 372.419223 333.218641 253.494704 182.119160 134.805609 nan nan 604.193680 517.471447 366.115491 530.557083
92.800000 nan 697.364368 537.254783 435.136616 372.619798 333.399357 253.634965 182.223084 134.885341 nan nan 604.511421 517.745387 366.312874 530.837635
92.850000 nan 697.728939 537.538568 435.368809 372.820369 333.580069 253.775223 182.327007 134.965071 nan nan 604.829154 518.019320 366.510253 531.118180
92.900000 nan 698.093500 537.822346 435.600997 373.020935 333.760777 253.915477 182.430927 135.044800 nan nan 605.146878 518.293247 366.707626 531.398717
92.950000 nan 698.458052 538.106116 435.833178 373.221496 333.941480 254.055728 182.534844 135.124527 nan nan 605.464595 518.567166 366.904995 531.679248
93.000000 nan 698.822594 538.389879 436.065354 373.422052 334.122179 254.195976 182.638760 135.204252 nan nan 605.782303 518.841079 367.102359 531.959771
93.050000 nan 699.187127 538.673635 436.297525 373.622603 334.302874 254.336221 182.742673 135.283976 nan nan 606.100004 519.114984 367.299719 532.240287
93.100000 nan 699.551650 538.957384 436.529689 373.823150 334.483564 254.476463 182.846584 135.363698 nan nan 606.417696 519.388883 367.497073 532.520796
93.150000 nan 699.916164 539.241126 436.761848 374.023691 334.664250 254.616701 182.950493 135.443419 nan nan 606.735380 519.662775 367.694423 532.801298
93.200000 nan 700.280669 539.524860 436.994001 374.224228 334.844932 254.756936 183.054400 135.523138 nan nan 607.053056 519.936659 367.891768 533.081793
93.250000 nan 700.645164 539.808588 437.226148 374.424759 335.025609 254.897168 183.158304 135.602856 nan nan 607.370724 520.210537 368.089108 533.362281
93.300000 nan 701.009650 540.092308 437.458289 374.625286 335.206282 255.037396 183.262206 135.682572 nan nan 607.688383 520.484408 368.286443 533.642762
93.350000 nan 701.374127 540.376021 437.690425 374.825808 335.386950 255.177622 183.366106 135.762286 nan nan 608.006035 520.758273 368.483773 533.923236
93.400000 nan 701.738594 540.659727 437.922555 375.026325 335.567614 255.317844 183.470003 135.841999 nan nan 608.323679 521.032130 368.681099 534.203702
93.450000 nan 702.103052 540.943426 438.154679 375.226837 335.748274 255.458062 183.573899 135.921710 nan nan 608.641314 521.305980 368.878420 534.484162
93.500000 nan 702.467500 541.227117 438.386797 375.427344 335.928930 255.598278 183.677792 136.001420 nan nan 608.958942 521.579824 369.075736 534.764614
93.550000 nan 702.831939 541.510802 438.618910 375.627846 336.109581 255.738490 183.781683 136.081128 nan nan 609.276561 521.853661 369.273047 535.045060
93.600000 nan 703.196369 541.794479 438.851017 375.828343 336.290228 255.878699 183.885571 136.160834 nan nan 609.594172 522.127490 369.470353 535.325498
93.650000 nan 703.560790 542.078149 439.083118 376.028836 336.470870 256.018905 183.989457 136.240539 nan nan 609.911776 522.401313 369.667655 535.605930
93.700000 nan 703.925201 542.361812 439.315214 376.229324 336.651508 256.159108 184.093342 136.320242 nan nan 610.229371 522.675129 369.864952 535.886354
93.750000 nan 704.289603 542.645468 439.547304 376.429807 336.832142 256.299307 184.197223 136.399944 nan nan 610.546958 522.948939 370.062244 536.166771
93.800000 nan 704.653995 542.929117 439.779388 376.630285 337.012772 256.439504 184.301103 136.479644 nan nan 610.864537 523.222741 370.259532 536.447182
93.850000 nan 705.018378 543.212759 440.011466 376.830758 337.193397 256.579697 184.404980 136.559342 nan nan 611.182108 523.496537 370.456814 536.727585
93.900000 nan 705.382752 543.496393 440.243539 377.031226 337.374018 256.719886 184.508856 136.639039 nan nan 611.499671 523.770325 370.654092 537.007981
93.950000 nan 705.747117 543.780021 440.475606 377.231689 337.554635 256.860073 184.612729 136.718735 nan nan 611.817226 524.044107 370.851365 537.288371
94.000000 nan 706.111472 544.063641 440.707667 377.432148 337.735247 257.000256 184.716599 136.798428 nan nan 612.134773 524.317882 371.048633 537.568753
94.050000 nan 706.475818 544.347255 440.939723 377.632602 337.915855 257.140436 184.820468 136.878121 nan nan 612.452312 524.591650 371.245897 537.849128
94.100000 nan 706.840155 544.630861 441.171772 377.833050 338.096459 257.280613 184.924334 136.957811 nan nan 612.769843 524.865412 371.443156 538.129496
94.150000 nan 707.204483 544.914460 441.403817 378.033495 338.277058 257.420787 185.028198 137.037500 nan nan 613.087366 525.139166 371.640410 538.409857
94.200000 nan 707.568801 545.198052 441.635855 378.233934 338.457653 257.560958 185.132060 137.117188 nan nan 613.404881 525.412914 371.837659 538.690212
94.250000 nan 707.933110 545.481637 441.867888 378.434368 338.638244 257.701125 185.235919 137.196874 nan nan 613.722388 525.686655 372.034904 538.970559
94.300000 nan 708.297410 545.765215 442.099915 378.634798 338.818831 257.841289 185.339777 137.276558 nan nan 614.039887 525.960389 372.232144 539.250899
94.350000 nan 708.661700 546.048786 442.331936 378.835222 338.999413 257.981450 185.443632 137.356241 nan nan 614.357379 526.234116 372.429379 539.531232
94.400000 nan 709.025982 546.332349 442.563952 379.035642 339.179991 258.121608 185.547485 137.435922 nan nan 614.674862 526.507837 372.626609 539.811559
94.450000 nan 709.390254 546.615906 442.795962 379.236057 339.360564 258.261762 185.651335 137.515602 nan nan 614.992337 526.781551 372.823835 540.091878
94.500000 nan 709.754517 546.899456 443.027967 379.436468 339.541134 258.401914 185.755184 137.595280 nan nan 615.309804 527.055258 373.021055 540.372190
94.550000 nan 710.118770 547.182999 443.259966 379.636873 339.721699 258.542062 185.859030 137.674956 nan nan 615.627263 527.328958 373.218272 540.652496
94.600000 nan 710.483015 547.466534 443.491959 379.837274 339.902260 258.682207 185.962874 137.754631 nan nan 615.944714 527.602651 373.415483 540.932794
94.650000 nan 710.847250 547.750063 443.723946 380.037670 340.082816 258.822348 186.066716 137.834305 nan nan 616.262158 527.876338 373.612690 541.213086
94.700000 nan 711.211476 548.033584 443.955928 380.238061 340.263368 258.962487 186.170556 137.913977 nan nan 616.579593 528.150018 373.809892 541.493370
94.750000 nan 711.575693 548.317099 444.187904 380.438447 340.443916 259.102622 186.274393 137.993647 nan nan 616.897020 528.423691 374.007089 541.773648
94.800000 nan 711.939900 548.600606 444.419875 380.638828 340.624460 259.242755 186.378228 138.073316 nan nan 617.214440 528.697357 374.204282 542.053919
94.850000 nan 712.304099 548.884107 444.651840 380.839205 340.805000 259.382884 186.482061 138.152983 nan nan 617.531851 528.971017 374.401470 542.334182
94.900000 nan 712.668288 549.167600 444.883799 381.039577 340.985535 259.523010 186.585892 138.232648 nan nan 617.849255 529.244670 374.598653 542.614439
94.950000 nan 713.032468 549.451086 445.115752 381.239944 341.166066 259.663132 186.689721 138.312312 nan nan 618.166651 529.518316 374.795831 542.894689
95.000000 nan 713.396639 549.734566 445.347700 381.440306 341.346593 259.803252 186.793547 138.391975 nan nan 618.484039 529.791955 374.993005 543.174932
95.050000 nan 713.760801 550.018038 445.579643 381.640664 341.527115 259.943368 186.897371 138.471636 nan nan 618.801419 530.065588 375.190174 543.455168
95.100000 nan 714.124954 550.301504 445.811580 381.841017 341.707633 260.083481 187.001193 138.551295 nan nan 619.118791 530.339214 375.387338 543.735397
95.150000 nan 714.489097 550.584962 446.043511 382.041365 341.888147 260.223591 187.105013 138.630953 nan nan 619.436155 530.612833 375.584498 544.015620
95.200000 nan 714.853232 550.868414 446.275436 382.241708 342.068657 260.363698 187.208831 138.710609 nan nan 619.753511 530.886445 375.781653 544.295835
95.250000 nan 715.217357 551.151858 446.507356 382.442046 342.249163 260.503802 187.312646 138.790264 nan nan 620.070859 531.160051 375.978803 544.576043
95.300000 nan 715.581473 551.435296 446.739270 382.642380 342.429664 260.643902 187.416459 138.869917 nan nan 620.388200 531.433650 376.175949 544.856245
95.350000 nan 715.945580 551.718726 446.971179 382.842709 342.610161 260.784000 187.520270 138.949569 nan nan 620.705532 531.707242 376.373090 545.136440
95.400000 nan 716.309678 552.002150 447.203082 383.043033 342.790654 260.924094 187.624079 139.029219 nan nan 621.022857 531.980828 376.570226 545.416628
95.450000 nan 716.673767 552.285566 447.434980 383.243352 342.971142 261.064185 187.727886 139.108867 nan nan 621.340174 532.254406 376.767358 545.696808
95.500000 nan 717.037846 552.568976 447.666872 383.443667 343.151627 261.204273 187.831690 139.188514 nan nan 621.657483 532.527979 376.964485 545.976982
95.550000 nan 717.401917 552.852378 447.898758 383.643977 343.332107 261.344357 187.935492 139.268160 nan nan 621.974784 532.801544 377.161607 546.257150
95.600000 nan 717.765978 553.135774 448.130639 383.844282 343.512582 261.484439 188.039292 139.347804 nan nan 622.292077 533.075103 377.358725 546.537310
95.650000 nan 718.130031 553.419163 448.362514 384.044583 343.693054 261.624517 188.143090 139.427446 nan nan 622.609363 533.348655 377.555838 546.817463
95.700000 nan 718.494074 553.702545 448.594383 384.244878 343.873522 261.764593 188.246886 139.507087 nan nan 622.926640 533.622200 377.752946 547.097610
95.750000 nan 718.858108 553.985920 448.826247 384.445169 344.053985 261.904665 188.350679 139.586726 nan nan 623.243910 533.895739 377.950050 547.377750
95.800000 nan 719.222134 554.269288 449.058106 384.645455 344.234444 262.044734 188.454471 139.666363 nan nan 623.561172 534.169271 378.147149 547.657883
95.850000 nan 719.586150 554.552649 449.289959 384.845737 344.414899 262.184800 188.558260 139.746000 nan nan 623.878426 534.442796 378.344243 547.938009
95.900000 nan 719.950157 554.836003 449.521806 385.046013 344.595349 262.324862 188.662047 139.825634 nan nan 624.195672 534.716315 378.541333 548.218128
95.950000 nan 720.314155 555.119350 449.753648 385.246285 344.775796 262.464922 188.765831 139.905267 nan nan 624.512911 534.989827 378.738418 548.498240
