web/models/kne/31/Metzger_0.016214_0.370345_0.450000.dat
# %ECSV 0.9
# ---
# datatype:
# - {name: time, datatype: float64}
# - {name: sdss_u, datatype: float64}
# - {name: sdss_g, datatype: float64}
# - {name: sdss_r, datatype: float64}
# - {name: sdss_i, datatype: float64}
# - {name: sdss_z, datatype: float64}
# - {name: PS1_y, datatype: float64}
# - {name: ukirt_J, datatype: float64}
# - {name: ukirt_H, datatype: float64}
# - {name: ukirt_K, datatype: float64}
# - {name: johnson_U, datatype: float64}
# - {name: johnson_B, datatype: float64}
# - {name: johnson_V, datatype: float64}
# - {name: johnson_R, datatype: float64}
# - {name: johnson_I, datatype: float64}
# - {name: Clear, datatype: float64}
# meta: !!omap
# - comment: [vej = 0.3703448275862069, mej = 0.016213736300560038, Ye = 0.45, redshift = 0.0]
# schema: astropy-2.0
time sdss_u sdss_g sdss_r sdss_i sdss_z PS1_y ukirt_J ukirt_H ukirt_K johnson_U johnson_B johnson_V johnson_R johnson_I Clear
[from data line 1994]
99.800000 637.563597 465.662280 356.716405 287.272526 244.783098 218.139716 163.996135 115.596464 83.580217 616.964109 513.601769 402.472909 343.446262 240.497915 352.351368
99.850000 637.875686 465.893537 356.896341 287.419687 244.910171 218.254172 164.084892 115.662139 83.630523 617.266518 513.855582 402.674412 343.619939 240.622960 352.529246
99.900000 638.187768 466.124789 357.076273 287.566846 245.037241 218.368627 164.173648 115.727812 83.680828 617.568921 514.109390 402.875909 343.793613 240.748001 352.707119
99.950000 638.499842 466.356035 357.256201 287.714001 245.164308 218.483079 164.262401 115.793484 83.731132 617.871316 514.363192 403.077402 343.967283 240.873041 352.884989
100.000000 638.811909 466.587276 357.436125 287.861153 245.291372 218.597529 164.351154 115.859155 83.781435 618.173704 514.616987 403.278891 344.140949 240.998077 353.062855
100.050000 639.123969 466.818512 357.616045 288.008301 245.418434 218.711976 164.439904 115.924825 83.831738 618.476085 514.870778 403.480375 344.314611 241.123111 353.240717
100.100000 639.436021 467.049743 357.795961 288.155447 245.545493 218.826421 164.528653 115.990494 83.882040 618.778459 515.124562 403.681855 344.488270 241.248143 353.418575
100.150000 639.748066 467.280968 357.975873 288.302589 245.672550 218.940864 164.617400 116.056161 83.932342 619.080826 515.378340 403.883330 344.661925 241.373172 353.596429
100.200000 640.060104 467.512188 358.155782 288.449728 245.799603 219.055304 164.706145 116.121828 83.982642 619.383185 515.632113 404.084800 344.835575 241.498198 353.774279
100.250000 640.372135 467.743403 358.335686 288.596864 245.926655 219.169742 164.794889 116.187493 84.032942 619.685538 515.885880 404.286266 345.009222 241.623221 353.952125
100.300000 640.684158 467.974612 358.515586 288.743997 246.053703 219.284178 164.883631 116.253157 84.083241 619.987884 516.139641 404.487728 345.182865 241.748242 354.129967
100.350000 640.996174 468.205816 358.695482 288.891127 246.180749 219.398611 164.972371 116.318820 84.133540 620.290223 516.393396 404.689185 345.356505 241.873261 354.307805
100.400000 641.308183 468.437015 358.875374 289.038254 246.307792 219.513042 165.061109 116.384482 84.183837 620.592555 516.647145 404.890637 345.530140 241.998277 354.485640
100.450000 641.620184 468.668209 359.055263 289.185377 246.434833 219.627471 165.149846 116.450143 84.234134 620.894879 516.900889 405.092085 345.703772 242.123290 354.663470
100.500000 641.932179 468.899398 359.235147 289.332497 246.561871 219.741897 165.238581 116.515803 84.284430 621.197197 517.154627 405.293529 345.877400 242.248301 354.841297
100.550000 642.244166 469.130581 359.415027 289.479614 246.688906 219.856321 165.327315 116.581462 84.334726 621.499508 517.408359 405.494968 346.051024 242.373309 355.019119
100.600000 642.556146 469.361759 359.594904 289.626728 246.815938 219.970743 165.416047 116.647119 84.385021 621.801812 517.662085 405.696402 346.224644 242.498314 355.196938
100.650000 642.868118 469.592932 359.774776 289.773839 246.942968 220.085162 165.504777 116.712775 84.435314 622.104108 517.915805 405.897832 346.398261 242.623317 355.374753
100.700000 643.180083 469.824099 359.954645 289.920947 247.069996 220.199579 165.593505 116.778431 84.485608 622.406398 518.169520 406.099258 346.571874 242.748317 355.552564
100.750000 643.492042 470.055262 360.134509 290.068052 247.197020 220.313994 165.682232 116.844085 84.535900 622.708681 518.423229 406.300679 346.745483 242.873315 355.730371
100.800000 643.803993 470.286419 360.314370 290.215153 247.324043 220.428406 165.770957 116.909738 84.586192 623.010957 518.676932 406.502095 346.919088 242.998310 355.908174
100.850000 644.115936 470.517571 360.494226 290.362251 247.451062 220.542816 165.859680 116.975390 84.636483 623.313226 518.930629 406.703507 347.092689 243.123302 356.085973
100.900000 644.427873 470.748718 360.674079 290.509347 247.578079 220.657224 165.948402 117.041041 84.686773 623.615488 519.184321 406.904915 347.266287 243.248292 356.263769
100.950000 644.739802 470.979859 360.853928 290.656439 247.705093 220.771629 166.037122 117.106690 84.737063 623.917742 519.438006 407.106318 347.439880 243.373279 356.441560
101.000000 645.051724 471.210995 361.033773 290.803528 247.832104 220.886032 166.125840 117.172339 84.787351 624.219990 519.691686 407.307717 347.613470 243.498264 356.619348
101.050000 645.363639 471.442126 361.213614 290.950613 247.959113 221.000433 166.214556 117.237986 84.837640 624.522231 519.945361 407.509111 347.787057 243.623246 356.797131
101.100000 645.675547 471.673252 361.393450 291.097696 248.086119 221.114831 166.303271 117.303632 84.887927 624.824465 520.199029 407.710501 347.960639 243.748226 356.974911
101.150000 645.987447 471.904373 361.573283 291.244776 248.213123 221.229227 166.391984 117.369278 84.938213 625.126692 520.452692 407.911886 348.134218 243.873203 357.152687
101.200000 646.299341 472.135489 361.753113 291.391852 248.340124 221.343621 166.480696 117.434922 84.988499 625.428913 520.706349 408.113267 348.307792 243.998177 357.330459
101.250000 646.611227 472.366599 361.932938 291.538925 248.467122 221.458012 166.569406 117.500565 85.038784 625.731126 520.960000 408.314643 348.481364 244.123149 357.508227
101.300000 646.923106 472.597704 362.112759 291.685995 248.594118 221.572402 166.658114 117.566207 85.089069 626.033332 521.213645 408.516015 348.654931 244.248118 357.685992
101.350000 647.234977 472.828804 362.292576 291.833063 248.721111 221.686788 166.746820 117.631847 85.139352 626.335531 521.467285 408.717382 348.828494 244.373085 357.863752
101.400000 647.546842 473.059899 362.472390 291.980127 248.848102 221.801173 166.835525 117.697487 85.189635 626.637724 521.720919 408.918745 349.002054 244.498049 358.041509
101.450000 647.858700 473.290988 362.652199 292.127187 248.975090 221.915555 166.924228 117.763126 85.239917 626.939909 521.974548 409.120104 349.175610 244.623011 358.219261
101.500000 648.170550 473.522073 362.832005 292.274245 249.102075 222.029935 167.012930 117.828763 85.290199 627.242088 522.228170 409.321458 349.349163 244.747970 358.397010
101.550000 648.482393 473.753152 363.011806 292.421300 249.229058 222.144313 167.101629 117.894399 85.340480 627.544259 522.481787 409.522807 349.522711 244.872926 358.574755
101.600000 648.794229 473.984226 363.191604 292.568351 249.356038 222.258688 167.190327 117.960034 85.390760 627.846424 522.735398 409.724153 349.696256 244.997880 358.752496
101.650000 649.106058 474.215295 363.371398 292.715400 249.483015 222.373061 167.279024 118.025669 85.441039 628.148582 522.989003 409.925493 349.869797 245.122831 358.930234
101.700000 649.417880 474.446359 363.551188 292.862445 249.609990 222.487432 167.367719 118.091302 85.491317 628.450733 523.242603 410.126830 350.043334 245.247780 359.107967
101.750000 649.729694 474.677418 363.730974 293.009487 249.736962 222.601800 167.456412 118.156933 85.541595 628.752877 523.496197 410.328162 350.216868 245.372726 359.285697
101.800000 650.041502 474.908471 363.910756 293.156526 249.863932 222.716166 167.545103 118.222564 85.591872 629.055014 523.749785 410.529489 350.390397 245.497670 359.463422
101.850000 650.353302 475.139519 364.090534 293.303562 249.990899 222.830530 167.633793 118.288194 85.642148 629.357144 524.003368 410.730812 350.563923 245.622611 359.641144
101.900000 650.665095 475.370562 364.270309 293.450595 250.117863 222.944891 167.722481 118.353822 85.692424 629.659267 524.256945 410.932131 350.737446 245.747549 359.818862
101.950000 650.976881 475.601600 364.450079 293.597625 250.244825 223.059250 167.811167 118.419450 85.742699 629.961384 524.510516 411.133445 350.910964 245.872485 359.996576
102.000000 651.288660 475.832633 364.629846 293.744652 250.371784 223.173607 167.899852 118.485076 85.792973 630.263493 524.764081 411.334755 351.084479 245.997418 360.174287
102.050000 651.600432 476.063661 364.809608 293.891675 250.498741 223.287962 167.988535 118.550701 85.843246 630.565596 525.017641 411.536060 351.257990 246.122349 360.351993
102.100000 651.912197 476.294684 364.989367 294.038696 250.625695 223.402314 168.077216 118.616325 85.893519 630.867692 525.271195 411.737361 351.431497 246.247278 360.529696
102.150000 652.223955 476.525701 365.169122 294.185713 250.752646 223.516664 168.165896 118.681949 85.943791 631.169781 525.524744 411.938658 351.605001 246.372203 360.707394
102.200000 652.535705 476.756713 365.348873 294.332728 250.879595 223.631012 168.254574 118.747570 85.994062 631.471863 525.778286 412.139950 351.778501 246.497126 360.885089
102.250000 652.847449 476.987721 365.528620 294.479739 251.006541 223.745357 168.343250 118.813191 86.044333 631.773938 526.031823 412.341238 351.951997 246.622047 361.062781
102.300000 653.159185 477.218723 365.708363 294.626747 251.133484 223.859701 168.431925 118.878811 86.094602 632.076007 526.285355 412.542521 352.125489 246.746965 361.240468
102.350000 653.470914 477.449720 365.888103 294.773752 251.260425 223.974041 168.520598 118.944430 86.144871 632.378068 526.538881 412.743800 352.298978 246.871881 361.418151
102.400000 653.782636 477.680711 366.067838 294.920754 251.387364 224.088380 168.609269 119.010047 86.195140 632.680123 526.792401 412.945075 352.472463 246.996794 361.595831
102.450000 654.094352 477.911698 366.247570 295.067753 251.514300 224.202716 168.697939 119.075663 86.245407 632.982171 527.045915 413.146345 352.645944 247.121704 361.773507
102.500000 654.406060 478.142680 366.427297 295.214749 251.641233 224.317050 168.786607 119.141279 86.295674 633.284212 527.299424 413.347610 352.819421 247.246612 361.951179
102.550000 654.717761 478.373656 366.607021 295.361742 251.768164 224.431382 168.875274 119.206893 86.345940 633.586246 527.552927 413.548872 352.992895 247.371517 362.128847
102.600000 655.029455 478.604628 366.786741 295.508732 251.895092 224.545711 168.963938 119.272506 86.396205 633.888273 527.806424 413.750129 353.166365 247.496420 362.306512
102.650000 655.341141 478.835594 366.966458 295.655719 252.022017 224.660039 169.052601 119.338118 86.446470 634.190294 528.059916 413.951381 353.339832 247.621321 362.484172
102.700000 655.652821 479.066555 367.146170 295.802702 252.148940 224.774364 169.141263 119.403729 86.496734 634.492308 528.313402 414.152630 353.513294 247.746218 362.661829
102.750000 655.964494 479.297511 367.325878 295.949683 252.275860 224.888686 169.229923 119.469339 86.546997 634.794314 528.566883 414.353874 353.686753 247.871114 362.839482
102.800000 656.276160 479.528462 367.505583 296.096660 252.402778 225.003006 169.318581 119.534948 86.597260 635.096315 528.820357 414.555113 353.860209 247.996006 363.017131
102.850000 656.587819 479.759408 367.685284 296.243635 252.529693 225.117325 169.407237 119.600555 86.647521 635.398308 529.073827 414.756348 354.033660 248.120897 363.194776
102.900000 656.899470 479.990349 367.864980 296.390606 252.656606 225.231640 169.495892 119.666162 86.697782 635.700294 529.327290 414.957579 354.207108 248.245784 363.372418
102.950000 657.211115 480.221285 368.044674 296.537574 252.783516 225.345954 169.584545 119.731767 86.748043 636.002274 529.580748 415.158805 354.380552 248.370669 363.550056
103.000000 657.522752 480.452215 368.224363 296.684540 252.910423 225.460265 169.673197 119.797371 86.798302 636.304247 529.834200 415.360027 354.553993 248.495552 363.727690
103.050000 657.834383 480.683141 368.404048 296.831502 253.037328 225.574574 169.761847 119.862975 86.848561 636.606213 530.087647 415.561245 354.727429 248.620432 363.905320
103.100000 658.146007 480.914061 368.583730 296.978461 253.164230 225.688881 169.850495 119.928577 86.898819 636.908172 530.341088 415.762458 354.900862 248.745310 364.082946
103.150000 658.457623 481.144977 368.763407 297.125417 253.291130 225.803185 169.939141 119.994178 86.949076 637.210125 530.594524 415.963667 355.074292 248.870185 364.260569
103.200000 658.769233 481.375887 368.943081 297.272370 253.418027 225.917487 170.027786 120.059778 86.999333 637.512071 530.847954 416.164872 355.247718 248.995057 364.438188
103.250000 659.080835 481.606792 369.122751 297.419320 253.544922 226.031787 170.116430 120.125377 87.049589 637.814010 531.101378 416.366072 355.421140 249.119927 364.615803
103.300000 659.392431 481.837693 369.302417 297.566267 253.671814 226.146085 170.205071 120.190975 87.099844 638.115942 531.354797 416.567268 355.594558 249.244795 364.793414
103.350000 659.704019 482.068588 369.482080 297.713211 253.798703 226.260380 170.293711 120.256571 87.150099 638.417867 531.608210 416.768459 355.767973 249.369660 364.971021
103.400000 660.015601 482.299478 369.661738 297.860152 253.925590 226.374674 170.382349 120.322167 87.200353 638.719786 531.861617 416.969646 355.941383 249.494522 365.148625
103.450000 660.327175 482.530363 369.841393 298.007090 254.052474 226.488965 170.470986 120.387761 87.250606 639.021698 532.115019 417.170829 356.114791 249.619382 365.326225
103.500000 660.638743 482.761243 370.021044 298.154024 254.179356 226.603253 170.559621 120.453355 87.300858 639.323603 532.368415 417.372008 356.288194 249.744240 365.503821
103.550000 660.950303 482.992118 370.200691 298.300956 254.306235 226.717540 170.648255 120.518947 87.351110 639.625501 532.621806 417.573182 356.461594 249.869095 365.681413
103.600000 661.261857 483.222988 370.380334 298.447885 254.433112 226.831824 170.736886 120.584538 87.401360 639.927393 532.875191 417.774352 356.634991 249.993947 365.859002
103.650000 661.573404 483.453853 370.559973 298.594810 254.559986 226.946106 170.825517 120.650128 87.451611 640.229278 533.128570 417.975517 356.808383 250.118797 366.036587
103.700000 661.884943 483.684713 370.739609 298.741733 254.686858 227.060385 170.914145 120.715717 87.501860 640.531156 533.381944 418.176678 356.981772 250.243644 366.214168
103.750000 662.196476 483.915567 370.919241 298.888653 254.813727 227.174663 171.002772 120.781305 87.552109 640.833028 533.635313 418.377835 357.155157 250.368489 366.391745
103.800000 662.508002 484.146417 371.098869 299.035569 254.940593 227.288938 171.091397 120.846892 87.602357 641.134892 533.888675 418.578988 357.328539 250.493332 366.569319
103.850000 662.819520 484.377262 371.278493 299.182483 255.067457 227.403210 171.180021 120.912478 87.652604 641.436750 534.142033 418.780136 357.501917 250.618172 366.746888
103.900000 663.131032 484.608101 371.458113 299.329393 255.194318 227.517481 171.268643 120.978063 87.702851 641.738602 534.395384 418.981280 357.675291 250.743009 366.924454
103.950000 663.442537 484.838936 371.637730 299.476301 255.321177 227.631749 171.357263 121.043646 87.753096 642.040446 534.648730 419.182419 357.848662 250.867844 367.102017
104.000000 663.754035 485.069766 371.817342 299.623205 255.448034 227.746016 171.445882 121.109229 87.803341 642.342284 534.902071 419.383554 358.022029 250.992676 367.279575
104.050000 664.065526 485.300590 371.996951 299.770107 255.574887 227.860279 171.534499 121.174810 87.853586 642.644115 535.155406 419.584685 358.195392 251.117506 367.457130
104.100000 664.377010 485.531410 372.176556 299.917005 255.701738 227.974541 171.623114 121.240391 87.903830 642.945940 535.408735 419.785812 358.368752 251.242334 367.634681
104.150000 664.688487 485.762225 372.356158 300.063901 255.828587 228.088801 171.711728 121.305970 87.954072 643.247757 535.662059 419.986934 358.542108 251.367159 367.812228
104.200000 664.999958 485.993034 372.535755 300.210793 255.955433 228.203058 171.800340 121.371548 88.004315 643.549568 535.915378 420.188052 358.715461 251.491981 367.989772
104.250000 665.311421 486.223839 372.715349 300.357682 256.082277 228.317313 171.888951 121.437125 88.054556 643.851373 536.168690 420.389166 358.888809 251.616801 368.167311
104.300000 665.622877 486.454638 372.894939 300.504569 256.209118 228.431565 171.977559 121.502701 88.104797 644.153170 536.421998 420.590275 359.062154 251.741619 368.344847
