web/models/kne/31/Metzger_0.047339_0.078621_0.450000.dat
# %ECSV 0.9
# ---
# datatype:
# - {name: time, datatype: float64}
# - {name: sdss_u, datatype: float64}
# - {name: sdss_g, datatype: float64}
# - {name: sdss_r, datatype: float64}
# - {name: sdss_i, datatype: float64}
# - {name: sdss_z, datatype: float64}
# - {name: PS1_y, datatype: float64}
# - {name: ukirt_J, datatype: float64}
# - {name: ukirt_H, datatype: float64}
# - {name: ukirt_K, datatype: float64}
# - {name: johnson_U, datatype: float64}
# - {name: johnson_B, datatype: float64}
# - {name: johnson_V, datatype: float64}
# - {name: johnson_R, datatype: float64}
# - {name: johnson_I, datatype: float64}
# - {name: Clear, datatype: float64}
# meta: !!omap
# - comment: [vej = 0.07862068965517241, mej = 0.04733940132137338, Ye = 0.45, redshift = 0.0]
# schema: astropy-2.0
time sdss_u sdss_g sdss_r sdss_i sdss_z PS1_y ukirt_J ukirt_H ukirt_K johnson_U johnson_B johnson_V johnson_R johnson_I Clear
[from data line 1400]
70.100000 137.149044 95.472493 69.207311 52.565170 42.440057 36.121236 23.380955 12.169078 4.912409 132.144062 107.072108 80.219541 66.019817 41.422013 68.158490
70.150000 137.257649 95.552667 69.269434 52.615765 42.483587 36.160328 23.411008 12.191012 4.928937 132.249262 107.160216 80.289250 66.079739 41.464829 68.219889
70.200000 137.366251 95.632839 69.331556 52.666359 42.527116 36.199420 23.441060 12.212946 4.945466 132.354460 107.248322 80.358957 66.139659 41.507645 68.281287
70.250000 137.474850 95.713009 69.393676 52.716953 42.570644 36.238511 23.471113 12.234880 4.961995 132.459655 107.336426 80.428662 66.199579 41.550460 68.342684
70.300000 137.583446 95.793177 69.455796 52.767546 42.614172 36.277602 23.501166 12.256815 4.978525 132.564847 107.424527 80.498366 66.259497 41.593274 68.404079
70.350000 137.692040 95.873344 69.517914 52.818138 42.657699 36.316692 23.531218 12.278750 4.995055 132.670036 107.512626 80.568069 66.319414 41.636088 68.465474
70.400000 137.800630 95.953509 69.580031 52.868729 42.701226 36.355782 23.561271 12.300685 5.011585 132.775223 107.600723 80.637770 66.379330 41.678902 68.526867
70.450000 137.909218 96.033672 69.642146 52.919319 42.744752 36.394872 23.591323 12.322620 5.028116 132.880406 107.688818 80.707469 66.439245 41.721715 68.588259
70.500000 138.017803 96.113833 69.704261 52.969909 42.788277 36.433962 23.621376 12.344556 5.044647 132.985587 107.776911 80.777167 66.499159 41.764527 68.649649
70.550000 138.126385 96.193992 69.766374 53.020498 42.831802 36.473051 23.651428 12.366492 5.061179 133.090766 107.865002 80.846864 66.559072 41.807339 68.711039
70.600000 138.234964 96.274149 69.828486 53.071086 42.875327 36.512139 23.681480 12.388428 5.077712 133.195941 107.953090 80.916559 66.618983 41.850151 68.772427
70.650000 138.343540 96.354304 69.890597 53.121673 42.918851 36.551228 23.711533 12.410364 5.094244 133.301114 108.041176 80.986252 66.678894 41.892962 68.833814
70.700000 138.452113 96.434458 69.952707 53.172260 42.962374 36.590316 23.741585 12.432301 5.110777 133.406284 108.129261 81.055945 66.738803 41.935772 68.895200
70.750000 138.560683 96.514610 70.014816 53.222846 43.005897 36.629403 23.771637 12.454237 5.127311 133.511451 108.217343 81.125635 66.798711 41.978582 68.956585
70.800000 138.669251 96.594760 70.076923 53.273431 43.049420 36.668490 23.801689 12.476175 5.143845 133.616615 108.305423 81.195324 66.858618 42.021392 69.017969
70.850000 138.777816 96.674908 70.139029 53.324015 43.092941 36.707577 23.831742 12.498112 5.160379 133.721777 108.393501 81.265012 66.918524 42.064200 69.079351
70.900000 138.886377 96.755054 70.201134 53.374598 43.136463 36.746664 23.861794 12.520049 5.176914 133.826936 108.481576 81.334698 66.978429 42.107009 69.140733
70.950000 138.994936 96.835198 70.263238 53.425181 43.179984 36.785750 23.891846 12.541987 5.193450 133.932092 108.569650 81.404383 67.038333 42.149817 69.202113
71.000000 139.103492 96.915341 70.325340 53.475762 43.223504 36.824835 23.921898 12.563925 5.209985 134.037246 108.657721 81.474067 67.098236 42.192624 69.263492
71.050000 139.212045 96.995481 70.387442 53.526343 43.267024 36.863921 23.951949 12.585863 5.226522 134.142397 108.745791 81.543748 67.158137 42.235431 69.324869
71.100000 139.320596 97.075620 70.449542 53.576924 43.310543 36.903005 23.982001 12.607802 5.243058 134.247545 108.833858 81.613429 67.218037 42.278238 69.386246
71.150000 139.429143 97.155757 70.511641 53.627503 43.354061 36.942090 24.012053 12.629741 5.259595 134.352690 108.921923 81.683108 67.277937 42.321043 69.447621
71.200000 139.537688 97.235892 70.573738 53.678082 43.397580 36.981174 24.042105 12.651679 5.276133 134.457833 109.009986 81.752785 67.337835 42.363849 69.508996
71.250000 139.646230 97.316026 70.635835 53.728660 43.441097 37.020258 24.072156 12.673619 5.292671 134.562972 109.098047 81.822461 67.397732 42.406654 69.570369
71.300000 139.754768 97.396157 70.697930 53.779237 43.484614 37.059341 24.102208 12.695558 5.309209 134.668109 109.186105 81.892136 67.457628 42.449458 69.631741
71.350000 139.863305 97.476287 70.760024 53.829813 43.528131 37.098424 24.132260 12.717498 5.325748 134.773244 109.274162 81.961809 67.517522 42.492262 69.693112
71.400000 139.971838 97.556414 70.822117 53.880388 43.571647 37.137507 24.162311 12.739438 5.342287 134.878375 109.362216 82.031480 67.577416 42.535065 69.754481
71.450000 140.080368 97.636540 70.884209 53.930963 43.615162 37.176589 24.192363 12.761378 5.358826 134.983504 109.450269 82.101150 67.637309 42.577868 69.815850
71.500000 140.188896 97.716664 70.946300 53.981537 43.658677 37.215671 24.222414 12.783318 5.375366 135.088631 109.538319 82.170819 67.697200 42.620670 69.877217
71.550000 140.297420 97.796787 71.008389 54.032110 43.702191 37.254753 24.252465 12.805259 5.391907 135.193754 109.626367 82.240486 67.757090 42.663472 69.938583
71.600000 140.405942 97.876907 71.070477 54.082682 43.745705 37.293834 24.282517 12.827199 5.408448 135.298875 109.714413 82.310152 67.816980 42.706273 69.999948
71.650000 140.514461 97.957026 71.132564 54.133254 43.789219 37.332915 24.312568 12.849140 5.424989 135.403993 109.802457 82.379816 67.876868 42.749074 70.061312
71.700000 140.622978 98.037143 71.194650 54.183825 43.832731 37.371995 24.342619 12.871082 5.441531 135.509108 109.890499 82.449479 67.936755 42.791875 70.122674
71.750000 140.731491 98.117258 71.256734 54.234395 43.876244 37.411075 24.372670 12.893023 5.458073 135.614221 109.978538 82.519140 67.996640 42.834674 70.184036
71.800000 140.840001 98.197371 71.318818 54.284964 43.919755 37.450155 24.402721 12.914965 5.474615 135.719331 110.066576 82.588800 68.056525 42.877474 70.245396
71.850000 140.948509 98.277482 71.380900 54.335533 43.963267 37.489234 24.432772 12.936907 5.491158 135.824438 110.154611 82.658459 68.116409 42.920272 70.306755
71.900000 141.057014 98.357591 71.442981 54.386100 44.006777 37.528313 24.462823 12.958849 5.507702 135.929543 110.242645 82.728116 68.176291 42.963071 70.368113
71.950000 141.165516 98.437699 71.505061 54.436667 44.050287 37.567392 24.492874 12.980791 5.524245 136.034645 110.330676 82.797771 68.236173 43.005868 70.429470
72.000000 141.274015 98.517805 71.567140 54.487233 44.093797 37.606470 24.522925 13.002734 5.540790 136.139744 110.418705 82.867425 68.296053 43.048666 70.490825
72.050000 141.382512 98.597909 71.629217 54.537799 44.137306 37.645547 24.552976 13.024677 5.557334 136.244840 110.506732 82.937078 68.355932 43.091462 70.552180
72.100000 141.491005 98.678011 71.691293 54.588363 44.180815 37.684625 24.583026 13.046620 5.573879 136.349934 110.594757 83.006729 68.415810 43.134259 70.613533
72.150000 141.599496 98.758112 71.753369 54.638927 44.224322 37.723702 24.613077 13.068563 5.590425 136.455025 110.682780 83.076379 68.475687 43.177054 70.674885
72.200000 141.707984 98.838210 71.815442 54.689490 44.267830 37.762778 24.643128 13.090507 5.606970 136.560113 110.770801 83.146027 68.535563 43.219849 70.736236
72.250000 141.816470 98.918307 71.877515 54.740052 44.311337 37.801855 24.673178 13.112451 5.623517 136.665199 110.858820 83.215674 68.595438 43.262644 70.797586
72.300000 141.924952 98.998402 71.939587 54.790613 44.354843 37.840931 24.703229 13.134394 5.640063 136.770282 110.946836 83.285320 68.655312 43.305438 70.858935
72.350000 142.033432 99.078495 72.001657 54.841174 44.398349 37.880006 24.733279 13.156339 5.656610 136.875362 111.034851 83.354964 68.715184 43.348232 70.920282
72.400000 142.141908 99.158587 72.063726 54.891734 44.441854 37.919081 24.763329 13.178283 5.673158 136.980440 111.122863 83.424606 68.775056 43.391025 70.981629
72.450000 142.250382 99.238676 72.125794 54.942293 44.485359 37.958156 24.793380 13.200228 5.689706 137.085515 111.210874 83.494247 68.834926 43.433818 71.042974
72.500000 142.358854 99.318764 72.187861 54.992851 44.528863 37.997230 24.823430 13.222172 5.706254 137.190587 111.298882 83.563887 68.894795 43.476610 71.104318
72.550000 142.467322 99.398850 72.249927 55.043409 44.572367 38.036304 24.853480 13.244118 5.722803 137.295657 111.386888 83.633525 68.954663 43.519402 71.165661
72.600000 142.575788 99.478934 72.311991 55.093966 44.615870 38.075378 24.883530 13.266063 5.739352 137.400724 111.474892 83.703162 69.014531 43.562193 71.227002
72.650000 142.684250 99.559016 72.374055 55.144522 44.659373 38.114451 24.913580 13.288008 5.755901 137.505788 111.562894 83.772797 69.074396 43.604983 71.288343
72.700000 142.792711 99.639097 72.436117 55.195077 44.702875 38.153524 24.943630 13.309954 5.772451 137.610849 111.650894 83.842431 69.134261 43.647773 71.349682
72.750000 142.901168 99.719175 72.498178 55.245631 44.746377 38.192596 24.973680 13.331900 5.789002 137.715908 111.738892 83.912063 69.194125 43.690563 71.411021
72.800000 143.009622 99.799252 72.560238 55.296185 44.789878 38.231669 25.003729 13.353846 5.805552 137.820965 111.826888 83.981694 69.253988 43.733352 71.472358
72.850000 143.118074 99.879327 72.622296 55.346738 44.833378 38.270740 25.033779 13.375792 5.822103 137.926018 111.914882 84.051324 69.313849 43.776141 71.533694
72.900000 143.226523 99.959401 72.684354 55.397290 44.876878 38.309812 25.063829 13.397739 5.838655 138.031069 112.002873 84.120952 69.373710 43.818929 71.595029
72.950000 143.334969 100.039472 72.746410 55.447841 44.920378 38.348882 25.093878 13.419686 5.855207 138.136117 112.090863 84.190579 69.433569 43.861716 71.656362
73.000000 143.443412 100.119542 72.808465 55.498391 44.963877 38.387953 25.123928 13.441633 5.871759 138.241163 112.178851 84.260204 69.493427 43.904504 71.717695
73.050000 143.551853 100.199610 72.870519 55.548941 45.007375 38.427023 25.153977 13.463580 5.888312 138.346206 112.266836 84.329828 69.553284 43.947290 71.779026
73.100000 143.660291 100.279676 72.932572 55.599490 45.050873 38.466093 25.184027 13.485527 5.904865 138.451246 112.354819 84.399450 69.613140 43.990076 71.840357
73.150000 143.768726 100.359740 72.994623 55.650038 45.094370 38.505162 25.214076 13.507475 5.921418 138.556284 112.442801 84.469071 69.672995 44.032862 71.901686
73.200000 143.877158 100.439803 73.056673 55.700586 45.137867 38.544231 25.244125 13.529423 5.937972 138.661319 112.530780 84.538690 69.732849 44.075647 71.963014
73.250000 143.985588 100.519864 73.118723 55.751133 45.181363 38.583300 25.274175 13.551371 5.954527 138.766351 112.618757 84.608308 69.792702 44.118431 72.024340
73.300000 144.094014 100.599923 73.180771 55.801678 45.224859 38.622368 25.304224 13.573319 5.971081 138.871381 112.706732 84.677925 69.852554 44.161215 72.085666
73.350000 144.202438 100.679980 73.242818 55.852223 45.268354 38.661436 25.334273 13.595267 5.987636 138.976408 112.794705 84.747540 69.912404 44.203999 72.146991
73.400000 144.310860 100.760035 73.304863 55.902768 45.311849 38.700504 25.364322 13.617216 6.004192 139.081432 112.882677 84.817154 69.972254 44.246782 72.208314
73.450000 144.419278 100.840089 73.366908 55.953311 45.355343 38.739571 25.394371 13.639165 6.020748 139.186454 112.970645 84.886766 70.032102 44.289564 72.269636
73.500000 144.527694 100.920141 73.428951 56.003854 45.398837 38.778638 25.424419 13.661114 6.037304 139.291473 113.058612 84.956377 70.091950 44.332346 72.330957
73.550000 144.636107 101.000191 73.490994 56.054396 45.442330 38.817704 25.454468 13.683063 6.053860 139.396490 113.146577 85.025987 70.151796 44.375128 72.392277
73.600000 144.744517 101.080239 73.553035 56.104937 45.485822 38.856770 25.484517 13.705013 6.070417 139.501504 113.234540 85.095595 70.211641 44.417909 72.453596
73.650000 144.852925 101.160286 73.615074 56.155478 45.529314 38.895836 25.514565 13.726962 6.086975 139.606515 113.322501 85.165202 70.271485 44.460689 72.514914
73.700000 144.961329 101.240330 73.677113 56.206018 45.572806 38.934901 25.544614 13.748912 6.103533 139.711524 113.410460 85.234807 70.331328 44.503469 72.576230
73.750000 145.069731 101.320373 73.739151 56.256556 45.616297 38.973966 25.574662 13.770862 6.120091 139.816530 113.498416 85.304411 70.391170 44.546249 72.637546
73.800000 145.178131 101.400414 73.801187 56.307095 45.659787 39.013030 25.604711 13.792812 6.136649 139.921533 113.586371 85.374013 70.451011 44.589028 72.698860
73.850000 145.286527 101.480454 73.863222 56.357632 45.703277 39.052094 25.634759 13.814763 6.153208 140.026534 113.674324 85.443614 70.510850 44.631806 72.760173
73.900000 145.394921 101.560491 73.925256 56.408169 45.746766 39.091158 25.664807 13.836713 6.169768 140.131532 113.762274 85.513214 70.570689 44.674584 72.821485
73.950000 145.503312 101.640527 73.987289 56.458704 45.790255 39.130221 25.694855 13.858664 6.186327 140.236527 113.850223 85.582812 70.630526 44.717361 72.882796
74.000000 145.611700 101.720561 74.049321 56.509239 45.833743 39.169284 25.724904 13.880615 6.202887 140.341520 113.938169 85.652409 70.690363 44.760138 72.944105
74.050000 145.720086 101.800594 74.111352 56.559774 45.877231 39.208347 25.754952 13.902567 6.219448 140.446510 114.026114 85.722004 70.750198 44.802915 73.005414
74.100000 145.828469 101.880624 74.173381 56.610307 45.920718 39.247409 25.784999 13.924518 6.236009 140.551498 114.114056 85.791598 70.810032 44.845691 73.066721
74.150000 145.936849 101.960653 74.235409 56.660840 45.964205 39.286471 25.815047 13.946470 6.252570 140.656483 114.201996 85.861190 70.869866 44.888466 73.128028
74.200000 146.045226 102.040680 74.297437 56.711372 46.007691 39.325532 25.845095 13.968422 6.269131 140.761466 114.289935 85.930781 70.929698 44.931241 73.189333
74.250000 146.153601 102.120705 74.359462 56.761903 46.051177 39.364593 25.875143 13.990374 6.285693 140.866445 114.377871 86.000371 70.989529 44.974015 73.250637
74.300000 146.261973 102.200729 74.421487 56.812434 46.094662 39.403654 25.905190 14.012326 6.302256 140.971423 114.465805 86.069959 71.049359 45.016789 73.311940
74.350000 146.370342 102.280750 74.483511 56.862963 46.138146 39.442714 25.935238 14.034278 6.318819 141.076397 114.553737 86.139546 71.109187 45.059562 73.373242
74.400000 146.478709 102.360770 74.545533 56.913492 46.181630 39.481774 25.965285 14.056231 6.335382 141.181369 114.641668 86.209132 71.169015 45.102335 73.434542
74.450000 146.587073 102.440789 74.607555 56.964020 46.225114 39.520834 25.995333 14.078184 6.351945 141.286339 114.729596 86.278716 71.228842 45.145108 73.495842
74.500000 146.695434 102.520805 74.669575 57.014548 46.268597 39.559893 26.025380 14.100137 6.368509 141.391306 114.817522 86.348298 71.288667 45.187880 73.557140
74.550000 146.803792 102.600820 74.731594 57.065074 46.312079 39.598952 26.055427 14.122090 6.385073 141.496270 114.905446 86.417879 71.348492 45.230651 73.618437
74.600000 146.912148 102.680833 74.793612 57.115600 46.355561 39.638010 26.085474 14.144043 6.401638 141.601231 114.993368 86.487459 71.408315 45.273422 73.679733
74.650000 147.020501 102.760844 74.855629 57.166125 46.399043 39.677068 26.115521 14.165997 6.418203 141.706190 115.081288 86.557038 71.468138 45.316192 73.741028
74.700000 147.128851 102.840853 74.917644 57.216650 46.442523 39.716126 26.145568 14.187951 6.434768 141.811147 115.169206 86.626615 71.527959 45.358962 73.802322
74.750000 147.237199 102.920861 74.979659 57.267173 46.486004 39.755183 26.175615 14.209905 6.451334 141.916101 115.257122 86.696190 71.587779 45.401731 73.863615
74.800000 147.345544 103.000867 75.041672 57.317696 46.529483 39.794240 26.205662 14.231859 6.467900 142.021052 115.345036 86.765764 71.647598 45.444500 73.924907
74.850000 147.453886 103.080871 75.103684 57.368218 46.572963 39.833296 26.235709 14.253813 6.484466 142.126001 115.432949 86.835337 71.707416 45.487268 73.986197
74.900000 147.562225 103.160873 75.165695 57.418739 46.616441 39.872352 26.265756 14.275768 6.501033 142.230947 115.520859 86.904908 71.767233 45.530036 74.047486
74.950000 147.670562 103.240874 75.227705 57.469260 46.659920 39.911408 26.295802 14.297722 6.517600 142.335890 115.608767 86.974478 71.827049 45.572803 74.108775
