web/models/kne/31/Metzger_0.090038_0.500000_0.100000.dat
# %ECSV 0.9
# ---
# datatype:
# - {name: time, datatype: float64}
# - {name: sdss_u, datatype: float64}
# - {name: sdss_g, datatype: float64}
# - {name: sdss_r, datatype: float64}
# - {name: sdss_i, datatype: float64}
# - {name: sdss_z, datatype: float64}
# - {name: PS1_y, datatype: float64}
# - {name: ukirt_J, datatype: float64}
# - {name: ukirt_H, datatype: float64}
# - {name: ukirt_K, datatype: float64}
# - {name: johnson_U, datatype: float64}
# - {name: johnson_B, datatype: float64}
# - {name: johnson_V, datatype: float64}
# - {name: johnson_R, datatype: float64}
# - {name: johnson_I, datatype: float64}
# - {name: Clear, datatype: float64}
# meta: !!omap
# - comment: [vej = 0.5, mej = 0.09003814830589497, Ye = 0.1, redshift = 0.0]
# schema: astropy-2.0
time sdss_u sdss_g sdss_r sdss_i sdss_z PS1_y ukirt_J ukirt_H ukirt_K johnson_U johnson_B johnson_V johnson_R johnson_I Clear
[from data line 2201]
110.150000 524.843447 381.811006 291.194199 233.455672 198.140927 176.003195 131.038104 90.882409 64.354988 507.701027 421.694490 329.248419 280.159228 194.580020 287.564317
110.200000 525.081769 381.987562 291.331539 233.567968 198.237873 176.090500 131.105772 90.932438 64.393274 507.931953 421.888282 329.402239 280.291785 194.675416 287.700084
110.250000 525.320085 382.164113 291.468876 233.680262 198.334816 176.177804 131.173438 90.982467 64.431559 508.162872 422.082069 329.556054 280.424340 194.770809 287.835848
110.300000 525.558395 382.340660 291.606209 233.792552 198.431757 176.265105 131.241103 91.032494 64.469844 508.393786 422.275851 329.709866 280.556891 194.866201 287.971609
110.350000 525.796699 382.517203 291.743539 233.904841 198.528696 176.352405 131.308766 91.082521 64.508128 508.624694 422.469629 329.863675 280.689440 194.961590 288.107366
110.400000 526.034997 382.693742 291.880866 234.017126 198.625633 176.439703 131.376428 91.132546 64.546411 508.855596 422.663402 330.017479 280.821985 195.056977 288.243121
110.450000 526.273289 382.870276 292.018190 234.129409 198.722567 176.526998 131.444089 91.182571 64.584694 509.086493 422.857170 330.171280 280.954527 195.152363 288.378872
110.500000 526.511575 383.046806 292.155511 234.241690 198.819500 176.614292 131.511748 91.232595 64.622976 509.317384 423.050934 330.325077 281.087066 195.247746 288.514620
110.550000 526.749856 383.223332 292.292828 234.353968 198.916430 176.701584 131.579406 91.282618 64.661257 509.548269 423.244692 330.478871 281.219602 195.343127 288.650364
110.600000 526.988130 383.399853 292.430142 234.466243 199.013358 176.788875 131.647063 91.332640 64.699538 509.779149 423.438446 330.632661 281.352135 195.438505 288.786106
110.650000 527.226399 383.576370 292.567453 234.578516 199.110284 176.876163 131.714718 91.382661 64.737819 510.010022 423.632195 330.786447 281.484665 195.533882 288.921844
110.700000 527.464661 383.752883 292.704760 234.690786 199.207208 176.963449 131.782372 91.432681 64.776098 510.240890 423.825940 330.940229 281.617191 195.629257 289.057579
110.750000 527.702918 383.929392 292.842065 234.803054 199.304129 177.050733 131.850024 91.482701 64.814378 510.471752 424.019679 331.094008 281.749715 195.724629 289.193311
110.800000 527.941169 384.105896 292.979366 234.915319 199.401049 177.138016 131.917675 91.532719 64.852656 510.702609 424.213414 331.247783 281.882235 195.819999 289.329040
110.850000 528.179413 384.282396 293.116664 235.027581 199.497966 177.225297 131.985325 91.582736 64.890934 510.933460 424.407145 331.401555 282.014753 195.915367 289.464765
110.900000 528.417652 384.458892 293.253958 235.139841 199.594881 177.312575 132.052973 91.632753 64.929211 511.164305 424.600870 331.555323 282.147267 196.010734 289.600488
110.950000 528.655885 384.635384 293.391250 235.252098 199.691794 177.399852 132.120620 91.682769 64.967488 511.395144 424.794591 331.709087 282.279778 196.106098 289.736207
111.000000 528.894112 384.811871 293.528538 235.364353 199.788705 177.487127 132.188266 91.732783 65.005764 511.625978 424.988307 331.862848 282.412286 196.201459 289.871923
111.050000 529.132334 384.988354 293.665823 235.476605 199.885614 177.574400 132.255910 91.782797 65.044040 511.856806 425.182019 332.016604 282.544791 196.296819 290.007636
111.100000 529.370549 385.164833 293.803105 235.588855 199.982520 177.661671 132.323553 91.832810 65.082315 512.087629 425.375725 332.170358 282.677293 196.392177 290.143345
111.150000 529.608758 385.341307 293.940383 235.701102 200.079425 177.748940 132.391194 91.882822 65.120589 512.318445 425.569427 332.324107 282.809792 196.487532 290.279052
111.200000 529.846962 385.517778 294.077659 235.813347 200.176327 177.836208 132.458834 91.932833 65.158863 512.549256 425.763124 332.477853 282.942287 196.582886 290.414755
111.250000 530.085160 385.694244 294.214931 235.925589 200.273227 177.923473 132.526473 91.982843 65.197136 512.780061 425.956817 332.631596 283.074780 196.678237 290.550455
111.300000 530.323352 385.870705 294.352200 236.037828 200.370125 178.010737 132.594110 92.032852 65.235409 513.010861 426.150505 332.785334 283.207269 196.773586 290.686152
111.350000 530.561537 386.047163 294.489466 236.150065 200.467021 178.097998 132.661746 92.082861 65.273681 513.241655 426.344188 332.939069 283.339756 196.868934 290.821846
111.400000 530.799718 386.223616 294.626728 236.262300 200.563914 178.185258 132.729380 92.132868 65.311952 513.472443 426.537867 333.092801 283.472239 196.964279 290.957537
111.450000 531.037892 386.400065 294.763987 236.374532 200.660806 178.272516 132.797014 92.182875 65.350223 513.703226 426.731540 333.246528 283.604719 197.059622 291.093224
111.500000 531.276060 386.576510 294.901244 236.486761 200.757695 178.359772 132.864645 92.232881 65.388493 513.934003 426.925210 333.400252 283.737196 197.154962 291.228908
111.550000 531.514223 386.752951 295.038497 236.598988 200.854583 178.447026 132.932276 92.282885 65.426763 514.164774 427.118874 333.553973 283.869671 197.250301 291.364590
111.600000 531.752379 386.929387 295.175746 236.711212 200.951468 178.534278 132.999905 92.332889 65.465032 514.395540 427.312534 333.707690 284.002142 197.345638 291.500268
111.650000 531.990530 387.105820 295.312993 236.823434 201.048351 178.621529 133.067533 92.382892 65.503300 514.626300 427.506189 333.861403 284.134610 197.440972 291.635942
111.700000 532.228675 387.282247 295.450236 236.935653 201.145231 178.708777 133.135159 92.432894 65.541568 514.857054 427.699839 334.015113 284.267074 197.536305 291.771614
111.750000 532.466814 387.458671 295.587476 237.047869 201.242110 178.796024 133.202784 92.482895 65.579835 515.087803 427.893485 334.168819 284.399536 197.631635 291.907283
111.800000 532.704948 387.635091 295.724713 237.160084 201.338987 178.883269 133.270407 92.532895 65.618102 515.318546 428.087126 334.322521 284.531995 197.726963 292.042948
111.850000 532.943075 387.811506 295.861947 237.272295 201.435861 178.970512 133.338030 92.582895 65.656368 515.549283 428.280762 334.476220 284.664451 197.822290 292.178610
111.900000 533.181197 387.987917 295.999178 237.384504 201.532734 179.057752 133.405651 92.632893 65.694633 515.780015 428.474394 334.629915 284.796903 197.917614 292.314269
111.950000 533.419313 388.164324 296.136405 237.496711 201.629604 179.144992 133.473270 92.682891 65.732898 516.010741 428.668021 334.783606 284.929353 198.012936 292.449925
112.000000 533.657423 388.340727 296.273629 237.608915 201.726472 179.232229 133.540888 92.732887 65.771162 516.241462 428.861644 334.937294 285.061800 198.108256 292.585578
112.050000 533.895527 388.517125 296.410850 237.721116 201.823338 179.319464 133.608505 92.782883 65.809426 516.472177 429.055261 335.090978 285.194243 198.203573 292.721228
112.100000 534.133625 388.693519 296.548068 237.833315 201.920202 179.406698 133.676121 92.832878 65.847689 516.702886 429.248875 335.244659 285.326683 198.298889 292.856874
112.150000 534.371718 388.869910 296.685283 237.945512 202.017063 179.493929 133.743735 92.882872 65.885951 516.933590 429.442483 335.398336 285.459121 198.394203 292.992518
112.200000 534.609805 389.046295 296.822494 238.057705 202.113923 179.581159 133.811347 92.932865 65.924213 517.164288 429.636087 335.552010 285.591555 198.489515 293.128158
112.250000 534.847886 389.222677 296.959703 238.169897 202.210780 179.668387 133.878959 92.982857 65.962474 517.394980 429.829686 335.705679 285.723986 198.584824 293.263795
112.300000 535.085961 389.399055 297.096908 238.282086 202.307636 179.755613 133.946569 93.032848 66.000735 517.625667 430.023281 335.859346 285.856415 198.680131 293.399429
112.350000 535.324030 389.575428 297.234110 238.394272 202.404489 179.842837 134.014177 93.082839 66.038995 517.856348 430.216871 336.013008 285.988840 198.775437 293.535060
112.400000 535.562094 389.751797 297.371309 238.506456 202.501340 179.930059 134.081785 93.132828 66.077255 518.087024 430.410456 336.166667 286.121262 198.870740 293.670688
112.450000 535.800152 389.928162 297.508504 238.618637 202.598189 180.017280 134.149391 93.182817 66.115514 518.317694 430.604036 336.320323 286.253681 198.966041 293.806313
112.500000 536.038204 390.104523 297.645697 238.730816 202.695036 180.104498 134.216995 93.232804 66.153772 518.548358 430.797612 336.473975 286.386097 199.061340 293.941934
112.550000 536.276250 390.280879 297.782886 238.842992 202.791881 180.191715 134.284599 93.282791 66.192030 518.779017 430.991184 336.627623 286.518510 199.156638 294.077553
112.600000 536.514290 390.457232 297.920073 238.955166 202.888723 180.278930 134.352200 93.332777 66.230287 519.009671 431.184751 336.781268 286.650920 199.251933 294.213168
112.650000 536.752325 390.633580 298.057256 239.067337 202.985564 180.366143 134.419801 93.382762 66.268543 519.240318 431.378313 336.934909 286.783327 199.347226 294.348780
112.700000 536.990354 390.809924 298.194435 239.179506 203.082402 180.453354 134.487400 93.432746 66.306799 519.470960 431.571870 337.088547 286.915731 199.442516 294.484389
112.750000 537.228377 390.986264 298.331612 239.291672 203.179239 180.540563 134.554998 93.482729 66.345055 519.701597 431.765423 337.242181 287.048132 199.537805 294.619995
112.800000 537.466395 391.162600 298.468786 239.403836 203.276073 180.627770 134.622595 93.532712 66.383310 519.932228 431.958972 337.395811 287.180530 199.633092 294.755598
112.850000 537.704406 391.338931 298.605956 239.515997 203.372905 180.714976 134.690190 93.582693 66.421564 520.162853 432.152515 337.549438 287.312925 199.728377 294.891198
112.900000 537.942412 391.515259 298.743124 239.628156 203.469735 180.802180 134.757783 93.632673 66.459817 520.393473 432.346054 337.703061 287.445317 199.823659 295.026794
112.950000 538.180412 391.691582 298.880288 239.740312 203.566563 180.889382 134.825376 93.682653 66.498070 520.624087 432.539589 337.856681 287.577706 199.918940 295.162388
113.000000 538.418407 391.867901 299.017449 239.852466 203.663389 180.976582 134.892967 93.732632 66.536323 520.854696 432.733119 338.010297 287.710091 200.014218 295.297978
113.050000 538.656395 392.044216 299.154607 239.964617 203.760212 181.063780 134.960557 93.782610 66.574575 521.085299 432.926644 338.163909 287.842474 200.109495 295.433566
113.100000 538.894378 392.220527 299.291761 240.076766 203.857034 181.150976 135.028145 93.832587 66.612826 521.315897 433.120165 338.317518 287.974854 200.204769 295.569150
113.150000 539.132356 392.396834 299.428913 240.188912 203.953854 181.238170 135.095732 93.882563 66.651077 521.546489 433.313681 338.471124 288.107231 200.300041 295.704731
113.200000 539.370327 392.573136 299.566061 240.301056 204.050671 181.325363 135.163318 93.932538 66.689327 521.777076 433.507193 338.624726 288.239604 200.395312 295.840309
113.250000 539.608293 392.749435 299.703207 240.413198 204.147486 181.412554 135.230902 93.982512 66.727576 522.007657 433.700700 338.778324 288.371975 200.490580 295.975884
113.300000 539.846253 392.925729 299.840349 240.525336 204.244300 181.499743 135.298486 94.032486 66.765825 522.238232 433.894202 338.931919 288.504343 200.585846 296.111456
113.350000 540.084207 393.102019 299.977488 240.637473 204.341111 181.586930 135.366067 94.082458 66.804074 522.468802 434.087700 339.085510 288.636708 200.681110 296.247025
113.400000 540.322156 393.278305 300.114624 240.749607 204.437920 181.674115 135.433648 94.132430 66.842321 522.699367 434.281193 339.239098 288.769069 200.776372 296.382590
113.450000 540.560098 393.454587 300.251757 240.861738 204.534727 181.761298 135.501227 94.182401 66.880569 522.929925 434.474682 339.392682 288.901428 200.871632 296.518153
113.500000 540.798036 393.630865 300.388886 240.973867 204.631532 181.848480 135.568804 94.232370 66.918815 523.160479 434.668166 339.546262 289.033784 200.966890 296.653713
113.550000 541.035967 393.807138 300.526013 241.085993 204.728335 181.935659 135.636381 94.282339 66.957061 523.391027 434.861645 339.699839 289.166136 201.062146 296.789269
113.600000 541.273893 393.983408 300.663136 241.198117 204.825135 182.022837 135.703956 94.332307 66.995307 523.621569 435.055120 339.853413 289.298486 201.157400 296.924822
113.650000 541.511813 394.159673 300.800257 241.310239 204.921934 182.110013 135.771530 94.382275 67.033551 523.852106 435.248591 340.006983 289.430833 201.252652 297.060373
113.700000 541.749727 394.335934 300.937374 241.422358 205.018730 182.197187 135.839102 94.432241 67.071796 524.082637 435.442057 340.160549 289.563177 201.347901 297.195920
113.750000 541.987636 394.512191 301.074488 241.534474 205.115525 182.284360 135.906673 94.482206 67.110039 524.313163 435.635518 340.314112 289.695517 201.443149 297.331464
113.800000 542.225539 394.688444 301.211599 241.646588 205.212317 182.371530 135.974243 94.532171 67.148282 524.543683 435.828975 340.467672 289.827855 201.538395 297.467005
113.850000 542.463436 394.864693 301.348707 241.758700 205.309108 182.458699 136.041811 94.582135 67.186525 524.774198 436.022427 340.621227 289.960190 201.633638 297.602543
113.900000 542.701327 395.040938 301.485812 241.870809 205.405896 182.545866 136.109378 94.632097 67.224767 525.004708 436.215874 340.774780 290.092522 201.728880 297.738078
113.950000 542.939213 395.217179 301.622914 241.982916 205.502682 182.633031 136.176944 94.682059 67.263008 525.235211 436.409317 340.928328 290.224851 201.824120 297.873610
114.000000 543.177094 395.393415 301.760012 242.095020 205.599466 182.720194 136.244508 94.732020 67.301249 525.465710 436.602756 341.081874 290.357176 201.919357 298.009139
114.050000 543.414968 395.569648 301.897108 242.207121 205.696248 182.807355 136.312071 94.781981 67.339489 525.696203 436.796190 341.235415 290.489499 202.014593 298.144664
114.100000 543.652837 395.745876 302.034200 242.319221 205.793028 182.894515 136.379633 94.831940 67.377729 525.926690 436.989619 341.388954 290.621819 202.109826 298.280187
114.150000 543.890700 395.922101 302.171289 242.431317 205.889806 182.981673 136.447193 94.881898 67.415968 526.157172 437.183044 341.542488 290.754136 202.205058 298.415707
114.200000 544.128558 396.098321 302.308375 242.543412 205.986582 183.068828 136.514752 94.931856 67.454206 526.387648 437.376465 341.696019 290.886450 202.300287 298.551223
114.250000 544.366410 396.274537 302.445458 242.655504 206.083355 183.155983 136.582310 94.981812 67.492444 526.618119 437.569881 341.849547 291.018761 202.395514 298.686737
114.300000 544.604256 396.450749 302.582538 242.767593 206.180127 183.243135 136.649866 95.031768 67.530681 526.848585 437.763292 342.003071 291.151069 202.490740 298.822247
114.350000 544.842097 396.626957 302.719615 242.879680 206.276897 183.330285 136.717422 95.081723 67.568918 527.079045 437.956699 342.156592 291.283374 202.585963 298.957755
114.400000 545.079931 396.803161 302.856689 242.991764 206.373664 183.417434 136.784975 95.131677 67.607154 527.309499 438.150101 342.310109 291.415676 202.681184 299.093259
114.450000 545.317761 396.979360 302.993760 243.103846 206.470430 183.504580 136.852528 95.181630 67.645390 527.539949 438.343499 342.463623 291.547975 202.776404 299.228760
114.500000 545.555584 397.155556 303.130828 243.215926 206.567193 183.591725 136.920079 95.231582 67.683624 527.770392 438.536892 342.617133 291.680271 202.871621 299.364258
114.550000 545.793402 397.331748 303.267892 243.328003 206.663954 183.678869 136.987629 95.281534 67.721859 528.000830 438.730281 342.770639 291.812564 202.966836 299.499754
114.600000 546.031215 397.507935 303.404954 243.440078 206.760714 183.766010 137.055177 95.331484 67.760093 528.231263 438.923665 342.924142 291.944854 203.062049 299.635246
114.650000 546.269022 397.684119 303.542012 243.552150 206.857471 183.853149 137.122724 95.381434 67.798326 528.461691 439.117045 343.077642 292.077141 203.157260 299.770735
