web/models/kne/31/Metzger_0.111556_0.337931_0.450000.dat
# %ECSV 0.9
# ---
# datatype:
# - {name: time, datatype: float64}
# - {name: sdss_u, datatype: float64}
# - {name: sdss_g, datatype: float64}
# - {name: sdss_r, datatype: float64}
# - {name: sdss_i, datatype: float64}
# - {name: sdss_z, datatype: float64}
# - {name: PS1_y, datatype: float64}
# - {name: ukirt_J, datatype: float64}
# - {name: ukirt_H, datatype: float64}
# - {name: ukirt_K, datatype: float64}
# - {name: johnson_U, datatype: float64}
# - {name: johnson_B, datatype: float64}
# - {name: johnson_V, datatype: float64}
# - {name: johnson_R, datatype: float64}
# - {name: johnson_I, datatype: float64}
# - {name: Clear, datatype: float64}
# meta: !!omap
# - comment: [vej = 0.33793103448275863, mej = 0.11155639876849505, Ye = 0.45, redshift = 0.0]
# schema: astropy-2.0
time sdss_u sdss_g sdss_r sdss_i sdss_z PS1_y ukirt_J ukirt_H ukirt_K johnson_U johnson_B johnson_V johnson_R johnson_I Clear
[from data line 1091]
54.650000 194.285201 137.183328 101.124492 78.227905 64.269190 55.542893 37.898328 22.281501 12.092022 187.433026 153.087457 116.252235 96.742693 62.864148 99.682861
54.700000 194.474191 137.323026 101.232895 78.316321 64.345356 55.611367 37.951130 22.320226 12.121376 187.616114 153.240911 116.373789 96.847279 62.939078 99.790008
54.750000 194.663172 137.462718 101.341293 78.404735 64.421520 55.679838 38.003930 22.358952 12.150730 187.799192 153.394357 116.495337 96.951861 63.014005 99.897151
54.800000 194.852143 137.602404 101.449687 78.493145 64.497681 55.748307 38.056729 22.397676 12.180084 187.982261 153.547796 116.616880 97.056439 63.088930 100.004290
54.850000 195.041105 137.742083 101.558076 78.581551 64.573840 55.816773 38.109527 22.436401 12.209438 188.165322 153.701228 116.738418 97.161013 63.163852 100.111424
54.900000 195.230059 137.881756 101.666461 78.669954 64.649995 55.885238 38.162324 22.475124 12.238792 188.348374 153.854653 116.859951 97.265582 63.238771 100.218554
54.950000 195.419003 138.021423 101.774841 78.758354 64.726149 55.953700 38.215119 22.513847 12.268146 188.531417 154.008070 116.981478 97.370147 63.313688 100.325679
55.000000 195.607938 138.161083 101.883216 78.846751 64.802299 56.022160 38.267913 22.552570 12.297500 188.714451 154.161481 117.103001 97.474707 63.388602 100.432800
55.050000 195.796864 138.300737 101.991588 78.935144 64.878447 56.090618 38.320705 22.591292 12.326854 188.897477 154.314885 117.224518 97.579263 63.463514 100.539916
55.100000 195.985780 138.440385 102.099954 79.023534 64.954592 56.159073 38.373496 22.630014 12.356208 189.080494 154.468282 117.346029 97.683815 63.538423 100.647028
55.150000 196.174688 138.580027 102.208316 79.111920 65.030734 56.227527 38.426286 22.668735 12.385562 189.263502 154.621671 117.467536 97.788363 63.613329 100.754136
55.200000 196.363587 138.719662 102.316674 79.200303 65.106874 56.295978 38.479074 22.707455 12.414916 189.446501 154.775054 117.589037 97.892907 63.688233 100.861239
55.250000 196.552477 138.859292 102.425027 79.288683 65.183011 56.364427 38.531862 22.746175 12.444270 189.629492 154.928429 117.710533 97.997446 63.763134 100.968338
55.300000 196.741357 138.998914 102.533376 79.377059 65.259146 56.432873 38.584647 22.784895 12.473624 189.812474 155.081798 117.832024 98.101981 63.838033 101.075432
55.350000 196.930229 139.138531 102.641720 79.465432 65.335278 56.501318 38.637432 22.823614 12.502979 189.995447 155.235159 117.953510 98.206512 63.912929 101.182522
55.400000 197.119092 139.278142 102.750060 79.553802 65.411407 56.569760 38.690215 22.862332 12.532333 190.178412 155.388514 118.074990 98.311038 63.987823 101.289608
55.450000 197.307946 139.417746 102.858396 79.642168 65.487534 56.638200 38.742997 22.901050 12.561687 190.361368 155.541862 118.196465 98.415560 64.062714 101.396689
55.500000 197.496790 139.557344 102.966727 79.730532 65.563658 56.706638 38.795778 22.939768 12.591041 190.544315 155.695202 118.317936 98.520078 64.137602 101.503766
55.550000 197.685626 139.696936 103.075053 79.818891 65.639779 56.775074 38.848557 22.978484 12.620395 190.727254 155.848536 118.439401 98.624592 64.212488 101.610839
55.600000 197.874453 139.836522 103.183375 79.907248 65.715898 56.843508 38.901335 23.017201 12.649749 190.910184 156.001862 118.560860 98.729102 64.287372 101.717907
55.650000 198.063271 139.976101 103.291693 79.995601 65.792014 56.911939 38.954112 23.055917 12.679103 191.093106 156.155182 118.682315 98.833607 64.362252 101.824971
55.700000 198.252080 140.115674 103.400006 80.083951 65.868127 56.980368 39.006887 23.094632 12.708458 191.276019 156.308495 118.803764 98.938108 64.437131 101.932030
55.750000 198.440880 140.255241 103.508315 80.172298 65.944238 57.048795 39.059661 23.133347 12.737812 191.458923 156.461801 118.925209 99.042605 64.512006 102.039085
55.800000 198.629671 140.394802 103.616619 80.260641 66.020347 57.117220 39.112434 23.172061 12.767166 191.641819 156.615100 119.046648 99.147098 64.586880 102.146136
55.850000 198.818453 140.534357 103.724920 80.348981 66.096452 57.185642 39.165205 23.210775 12.796520 191.824706 156.768392 119.168082 99.251587 64.661750 102.253182
55.900000 199.007226 140.673906 103.833215 80.437317 66.172555 57.254063 39.217975 23.249488 12.825874 192.007585 156.921677 119.289511 99.356071 64.736618 102.360225
55.950000 199.195991 140.813449 103.941506 80.525651 66.248656 57.322481 39.270744 23.288201 12.855228 192.190455 157.074955 119.410934 99.460551 64.811484 102.467262
56.000000 199.384746 140.952985 104.049793 80.613981 66.324754 57.390897 39.323511 23.326913 12.884582 192.373317 157.228226 119.532353 99.565027 64.886347 102.574296
56.050000 199.573493 141.092515 104.158076 80.702308 66.400849 57.459311 39.376278 23.365624 12.913937 192.556170 157.381491 119.653766 99.669499 64.961207 102.681325
56.100000 199.762231 141.232040 104.266354 80.790631 66.476942 57.527723 39.429042 23.404335 12.943291 192.739014 157.534748 119.775175 99.773967 65.036065 102.788350
56.150000 199.950960 141.371558 104.374627 80.878952 66.553032 57.596132 39.481806 23.443046 12.972645 192.921850 157.687999 119.896578 99.878431 65.110921 102.895370
56.200000 200.139680 141.511070 104.482897 80.967269 66.629119 57.664540 39.534568 23.481756 13.001999 193.104678 157.841243 120.017976 99.982890 65.185774 103.002386
56.250000 200.328392 141.650576 104.591162 81.055582 66.705204 57.732945 39.587329 23.520466 13.031353 193.287497 157.994480 120.139369 100.087345 65.260624 103.109398
56.300000 200.517094 141.790075 104.699422 81.143893 66.781286 57.801348 39.640089 23.559175 13.060707 193.470307 158.147710 120.260757 100.191796 65.335472 103.216406
56.350000 200.705788 141.929569 104.807678 81.232200 66.857366 57.869749 39.692847 23.597883 13.090061 193.653109 158.300933 120.382140 100.296243 65.410317 103.323409
56.400000 200.894473 142.069057 104.915930 81.320504 66.933443 57.938148 39.745604 23.636591 13.119415 193.835903 158.454149 120.503518 100.400686 65.485160 103.430408
56.450000 201.083150 142.208538 105.024178 81.408805 67.009518 58.006544 39.798360 23.675298 13.148769 194.018688 158.607359 120.624891 100.505124 65.560000 103.537403
56.500000 201.271817 142.348014 105.132421 81.497102 67.085590 58.074939 39.851114 23.714005 13.178123 194.201465 158.760562 120.746259 100.609559 65.634838 103.644393
56.550000 201.460476 142.487483 105.240660 81.585397 67.161659 58.143331 39.903868 23.752712 13.207477 194.384233 158.913758 120.867621 100.713989 65.709673 103.751380
56.600000 201.649126 142.626947 105.348894 81.673688 67.237726 58.211721 39.956619 23.791417 13.236831 194.566993 159.066947 120.988979 100.818415 65.784506 103.858362
56.650000 201.837767 142.766404 105.457124 81.761975 67.313790 58.280109 40.009370 23.830123 13.266185 194.749745 159.220130 121.110331 100.922838 65.859337 103.965339
56.700000 202.026400 142.905856 105.565350 81.850260 67.389852 58.348495 40.062119 23.868828 13.295539 194.932488 159.373305 121.231679 101.027256 65.934164 104.072313
56.750000 202.215024 143.045301 105.673572 81.938541 67.465911 58.416879 40.114867 23.907532 13.324893 195.115223 159.526474 121.353021 101.131669 66.008990 104.179282
56.800000 202.403639 143.184740 105.781789 82.026819 67.541967 58.485260 40.167614 23.946235 13.354247 195.297949 159.679636 121.474359 101.236079 66.083813 104.286247
56.850000 202.592246 143.324174 105.890002 82.115094 67.618021 58.553640 40.220359 23.984939 13.383601 195.480667 159.832792 121.595691 101.340485 66.158633 104.393208
56.900000 202.780844 143.463601 105.998211 82.203366 67.694073 58.622017 40.273104 24.023641 13.412955 195.663377 159.985940 121.717019 101.444887 66.233451 104.500164
56.950000 202.969433 143.603023 106.106415 82.291634 67.770122 58.690392 40.325846 24.062344 13.442309 195.846078 160.139082 121.838341 101.549284 66.308266 104.607116
57.000000 203.158013 143.742438 106.214615 82.379899 67.846168 58.758765 40.378588 24.101045 13.471663 196.028771 160.292217 121.959659 101.653677 66.383079 104.714064
57.050000 203.346585 143.881847 106.322811 82.468161 67.922212 58.827136 40.431328 24.139746 13.501017 196.211456 160.445346 122.080971 101.758067 66.457889 104.821008
57.100000 203.535149 144.021251 106.431002 82.556420 67.998253 58.895504 40.484067 24.178447 13.530370 196.394132 160.598467 122.202278 101.862452 66.532697 104.927948
57.150000 203.723703 144.160648 106.539189 82.644676 68.074292 58.963871 40.536805 24.217147 13.559724 196.576800 160.751582 122.323581 101.966833 66.607503 105.034883
57.200000 203.912249 144.300040 106.647372 82.732928 68.150328 59.032236 40.589541 24.255846 13.589078 196.759460 160.904691 122.444878 102.071210 66.682306 105.141814
57.250000 204.100787 144.439425 106.755551 82.821177 68.226362 59.100598 40.642276 24.294545 13.618432 196.942111 161.057792 122.566171 102.175583 66.757106 105.248741
57.300000 204.289316 144.578805 106.863725 82.909423 68.302393 59.168958 40.695010 24.333244 13.647785 197.124755 161.210887 122.687458 102.279952 66.831904 105.355664
57.350000 204.477836 144.718178 106.971895 82.997666 68.378421 59.237316 40.747743 24.371942 13.677139 197.307390 161.363976 122.808741 102.384317 66.906700 105.462582
57.400000 204.666348 144.857546 107.080061 83.085906 68.454447 59.305672 40.800474 24.410639 13.706493 197.490016 161.517057 122.930018 102.488678 66.981493 105.569497
57.450000 204.854851 144.996908 107.188223 83.174142 68.530471 59.374026 40.853204 24.449336 13.735846 197.672635 161.670132 123.051291 102.593035 67.056283 105.676407
57.500000 205.043346 145.136264 107.296380 83.262375 68.606492 59.442378 40.905933 24.488032 13.765200 197.855245 161.823201 123.172559 102.697388 67.131071 105.783313
57.550000 205.231832 145.275614 107.404533 83.350605 68.682510 59.510727 40.958660 24.526728 13.794554 198.037847 161.976262 123.293821 102.801736 67.205857 105.890215
57.600000 205.420309 145.414958 107.512682 83.438832 68.758526 59.579075 41.011386 24.565423 13.823907 198.220441 162.129317 123.415079 102.906081 67.280640 105.997113
57.650000 205.608778 145.554296 107.620827 83.527056 68.834540 59.647420 41.064111 24.604118 13.853261 198.403027 162.282366 123.536332 103.010422 67.355421 106.104006
57.700000 205.797239 145.693629 107.728967 83.615277 68.910550 59.715764 41.116835 24.642812 13.882614 198.585604 162.435407 123.657580 103.114758 67.430199 106.210895
57.750000 205.985691 145.832955 107.837103 83.703494 68.986559 59.784105 41.169557 24.681506 13.911968 198.768173 162.588443 123.778823 103.219091 67.504975 106.317781
57.800000 206.174134 145.972275 107.945235 83.791708 69.062565 59.852444 41.222278 24.720199 13.941321 198.950734 162.741471 123.900061 103.323420 67.579749 106.424662
57.850000 206.362570 146.111590 108.053363 83.879919 69.138568 59.920781 41.274998 24.758892 13.970675 199.133287 162.894493 124.021294 103.427744 67.654520 106.531538
57.900000 206.550996 146.250899 108.161486 83.968127 69.214569 59.989116 41.327716 24.797584 14.000028 199.315832 163.047509 124.142523 103.532065 67.729288 106.638411
57.950000 206.739414 146.390202 108.269606 84.056332 69.290567 60.057449 41.380434 24.836276 14.029381 199.498368 163.200517 124.263746 103.636381 67.804054 106.745280
58.000000 206.927824 146.529499 108.377721 84.144534 69.366563 60.125779 41.433150 24.874967 14.058735 199.680897 163.353520 124.384964 103.740694 67.878818 106.852144
58.050000 207.116225 146.668790 108.485832 84.232732 69.442556 60.194108 41.485864 24.913657 14.088088 199.863417 163.506515 124.506178 103.845003 67.953579 106.959005
58.100000 207.304618 146.808076 108.593939 84.320928 69.518547 60.262434 41.538578 24.952347 14.117441 200.045929 163.659504 124.627387 103.949307 68.028338 107.065861
58.150000 207.493003 146.947355 108.702041 84.409120 69.594536 60.330759 41.591290 24.991037 14.146794 200.228434 163.812487 124.748591 104.053608 68.103095 107.172713
58.200000 207.681379 147.086629 108.810140 84.497309 69.670521 60.399081 41.644001 25.029726 14.176147 200.410930 163.965463 124.869790 104.157905 68.177849 107.279561
58.250000 207.869746 147.225897 108.918234 84.585495 69.746505 60.467401 41.696710 25.068414 14.205501 200.593417 164.118432 124.990984 104.262197 68.252600 107.386405
58.300000 208.058106 147.365159 109.026324 84.673678 69.822486 60.535720 41.749419 25.107102 14.234854 200.775897 164.271395 125.112173 104.366486 68.327349 107.493245
58.350000 208.246457 147.504416 109.134410 84.761857 69.898464 60.604036 41.802126 25.145789 14.264207 200.958369 164.424352 125.233357 104.470771 68.402096 107.600080
58.400000 208.434799 147.643666 109.242491 84.850034 69.974440 60.672350 41.854832 25.184476 14.293560 201.140833 164.577302 125.354537 104.575051 68.476840 107.706912
58.450000 208.623133 147.782911 109.350569 84.938207 70.050414 60.740662 41.907536 25.223163 14.322913 201.323288 164.730245 125.475712 104.679328 68.551582 107.813739
58.500000 208.811459 147.922150 109.458642 85.026378 70.126384 60.808971 41.960240 25.261848 14.352266 201.505736 164.883182 125.596882 104.783601 68.626322 107.920563
58.550000 208.999776 148.061383 109.566712 85.114545 70.202353 60.877279 42.012942 25.300534 14.381618 201.688176 165.036112 125.718047 104.887870 68.701059 108.027382
58.600000 209.188086 148.200611 109.674777 85.202709 70.278319 60.945585 42.065642 25.339218 14.410971 201.870607 165.189036 125.839207 104.992135 68.775793 108.134197
58.650000 209.376386 148.339832 109.782838 85.290870 70.354283 61.013888 42.118342 25.377902 14.440324 202.053031 165.341954 125.960362 105.096396 68.850525 108.241008
58.700000 209.564679 148.479048 109.890894 85.379028 70.430244 61.082190 42.171040 25.416586 14.469677 202.235446 165.494865 126.081513 105.200653 68.925255 108.347815
58.750000 209.752963 148.618258 109.998947 85.467183 70.506202 61.150489 42.223737 25.455269 14.499030 202.417854 165.647769 126.202659 105.304906 68.999983 108.454618
58.800000 209.941239 148.757463 110.106996 85.555335 70.582158 61.218787 42.276433 25.493952 14.528382 202.600254 165.800668 126.323800 105.409155 69.074708 108.561417
58.850000 210.129507 148.896662 110.215040 85.643483 70.658112 61.287082 42.329128 25.532634 14.557735 202.782645 165.953559 126.444936 105.513401 69.149430 108.668212
58.900000 210.317766 149.035854 110.323080 85.731629 70.734063 61.355376 42.381821 25.571315 14.587087 202.965029 166.106444 126.566067 105.617642 69.224151 108.775003
58.950000 210.506017 149.175042 110.431117 85.819771 70.810012 61.423667 42.434513 25.609996 14.616440 203.147405 166.259323 126.687194 105.721879 69.298868 108.881790
59.000000 210.694260 149.314223 110.539149 85.907911 70.885958 61.491956 42.487204 25.648677 14.645792 203.329772 166.412195 126.808315 105.826113 69.373584 108.988573
59.050000 210.882495 149.453399 110.647177 85.996047 70.961902 61.560243 42.539893 25.687357 14.675145 203.512132 166.565061 126.929432 105.930343 69.448297 109.095351
59.100000 211.070721 149.592569 110.755201 86.084180 71.037844 61.628528 42.592581 25.726036 14.704497 203.694484 166.717921 127.050545 106.034568 69.523008 109.202126
59.150000 211.258939 149.731734 110.863220 86.172310 71.113783 61.696811 42.645268 25.764715 14.733849 203.876828 166.870774 127.171652 106.138790 69.597716 109.308897
59.200000 211.447149 149.870892 110.971236 86.260437 71.189719 61.765092 42.697954 25.803394 14.763202 204.059164 167.023621 127.292755 106.243008 69.672422 109.415663
59.250000 211.635351 150.010045 111.079248 86.348561 71.265653 61.833371 42.750639 25.842071 14.792554 204.241492 167.176461 127.413853 106.347222 69.747125 109.522426
59.300000 211.823545 150.149193 111.187255 86.436682 71.341585 61.901648 42.803322 25.880749 14.821906 204.423812 167.329295 127.534946 106.451432 69.821827 109.629184
59.350000 212.011730 150.288334 111.295259 86.524800 71.417514 61.969923 42.856004 25.919426 14.851258 204.606125 167.482123 127.656034 106.555638 69.896525 109.735939
