web/models/kne/31/Metzger_0.006880_0.256897_0.450000.dat
# %ECSV 0.9
# ---
# datatype:
# - {name: time, datatype: float64}
# - {name: sdss_u, datatype: float64}
# - {name: sdss_g, datatype: float64}
# - {name: sdss_r, datatype: float64}
# - {name: sdss_i, datatype: float64}
# - {name: sdss_z, datatype: float64}
# - {name: PS1_y, datatype: float64}
# - {name: ukirt_J, datatype: float64}
# - {name: ukirt_H, datatype: float64}
# - {name: ukirt_K, datatype: float64}
# - {name: johnson_U, datatype: float64}
# - {name: johnson_B, datatype: float64}
# - {name: johnson_V, datatype: float64}
# - {name: johnson_R, datatype: float64}
# - {name: johnson_I, datatype: float64}
# - {name: Clear, datatype: float64}
# meta: !!omap
# - comment: [vej = 0.25689655172413794, mej = 0.006880363458522626, Ye = 0.45, redshift = 0.0]
# schema: astropy-2.0
time sdss_u sdss_g sdss_r sdss_i sdss_z PS1_y ukirt_J ukirt_H ukirt_K johnson_U johnson_B johnson_V johnson_R johnson_I Clear
[from data line 2758]
138.000000 nan 656.624627 505.518937 409.150858 350.158502 313.151397 237.895808 170.533663 125.892228 nan 723.094225 568.991937 487.107537 344.207367 499.462923
138.050000 nan 656.858078 505.700649 409.299528 350.286920 313.267096 237.985598 170.600183 125.943254 nan 723.350417 569.195391 487.282940 344.333741 499.642560
138.100000 nan 657.091526 505.882358 409.448197 350.415336 313.382794 238.075388 170.666701 125.994279 nan 723.606604 569.398842 487.458340 344.460112 499.822195
138.150000 nan 657.324970 506.064065 409.596863 350.543750 313.498490 238.165176 170.733219 126.045304 nan 723.862788 569.602290 487.633738 344.586482 500.001826
138.200000 nan 657.558411 506.245769 409.745527 350.672162 313.614185 238.254963 170.799736 126.096328 nan 724.118968 569.805735 487.809133 344.712850 500.181456
138.250000 nan 657.791849 506.427471 409.894189 350.800573 313.729878 238.344748 170.866253 126.147351 nan 724.375145 570.009177 487.984525 344.839217 500.361082
138.300000 nan 658.025282 506.609170 410.042849 350.928982 313.845569 238.434533 170.932768 126.198374 nan 724.631317 570.212616 488.159915 344.965581 500.540706
138.350000 nan 658.258713 506.790866 410.191507 351.057389 313.961259 238.524316 170.999283 126.249396 nan 724.887486 570.416053 488.335303 345.091944 500.720327
138.400000 nan 658.492140 506.972560 410.340162 351.185794 314.076947 238.614099 171.065796 126.300418 nan 725.143650 570.619486 488.510688 345.218305 500.899946
138.450000 nan 658.725563 507.154251 410.488816 351.314198 314.192634 238.703880 171.132309 126.351439 nan 725.399811 570.822916 488.686070 345.344664 501.079562
138.500000 nan 658.958983 507.335939 410.637467 351.442600 314.308319 238.793659 171.198822 126.402460 nan 725.655968 571.026343 488.861450 345.471022 501.259176
138.550000 nan 659.192399 507.517625 410.786116 351.570999 314.424002 238.883438 171.265333 126.453480 nan 725.912121 571.229767 489.036827 345.597378 501.438786
138.600000 nan 659.425812 507.699308 410.934763 351.699398 314.539684 238.973216 171.331844 126.504500 nan 726.168271 571.433188 489.212202 345.723732 501.618395
138.650000 nan 659.659222 507.880988 411.083408 351.827794 314.655365 239.062992 171.398354 126.555519 nan 726.424416 571.636606 489.387574 345.850084 501.798000
138.700000 nan 659.892628 508.062666 411.232051 351.956188 314.771043 239.152767 171.464863 126.606537 nan 726.680558 571.840021 489.562944 345.976434 501.977603
138.750000 nan 660.126031 508.244341 411.380692 352.084581 314.886720 239.242541 171.531371 126.657555 nan 726.936696 572.043434 489.738311 346.102783 502.157204
138.800000 nan 660.359430 508.426014 411.529331 352.212972 315.002396 239.332314 171.597878 126.708573 nan 727.192830 572.246843 489.913676 346.229130 502.336801
138.850000 nan 660.592825 508.607684 411.677968 352.341361 315.118070 239.422086 171.664385 126.759589 nan 727.448960 572.450249 490.089038 346.355475 502.516397
138.900000 nan 660.826217 508.789351 411.826602 352.469749 315.233742 239.511856 171.730891 126.810606 nan 727.705086 572.653652 490.264397 346.481819 502.695989
138.950000 nan 661.059606 508.971015 411.975234 352.598134 315.349413 239.601626 171.797396 126.861621 nan 727.961209 572.857052 490.439754 346.608161 502.875579
139.000000 nan 661.292991 509.152677 412.123865 352.726518 315.465082 239.691394 171.863900 126.912637 nan 728.217328 573.060449 490.615109 346.734501 503.055167
139.050000 nan 661.526373 509.334337 412.272493 352.854900 315.580750 239.781161 171.930404 126.963651 nan 728.473442 573.263844 490.790460 346.860839 503.234751
139.100000 nan 661.759751 509.515993 412.421119 352.983281 315.696416 239.870927 171.996906 127.014665 nan 728.729554 573.467235 490.965810 346.987175 503.414334
139.150000 nan 661.993126 509.697647 412.569743 353.111659 315.812081 239.960691 172.063408 127.065679 nan 728.985661 573.670623 491.141157 347.113510 503.593913
139.200000 nan 662.226498 509.879299 412.718365 353.240036 315.927743 240.050455 172.129909 127.116692 nan 729.241764 573.874008 491.316501 347.239843 503.773490
139.250000 nan 662.459866 510.060947 412.866984 353.368411 316.043405 240.140217 172.196410 127.167705 nan 729.497864 574.077391 491.491843 347.366174 503.953064
139.300000 nan 662.693230 510.242594 413.015602 353.496784 316.159064 240.229978 172.262909 127.218716 nan 729.753960 574.280770 491.667182 347.492504 504.132636
139.350000 nan 662.926591 510.424237 413.164218 353.625155 316.274723 240.319738 172.329408 127.269728 nan 730.010052 574.484147 491.842519 347.618832 504.312205
139.400000 nan 663.159949 510.605878 413.312831 353.753525 316.390379 240.409497 172.395906 127.320739 nan 730.266140 574.687520 492.017853 347.745158 504.491772
139.450000 nan 663.393303 510.787516 413.461442 353.881893 316.506034 240.499255 172.462403 127.371749 nan 730.522224 574.890890 492.193185 347.871482 504.671336
139.500000 nan 663.626654 510.969152 413.610052 354.010259 316.621688 240.589012 172.528899 127.422759 nan 730.778305 575.094258 492.368514 347.997804 504.850897
139.550000 nan 663.860001 511.150785 413.758659 354.138623 316.737340 240.678767 172.595395 127.473768 nan 731.034381 575.297622 492.543840 348.124125 505.030456
139.600000 nan 664.093345 511.332415 413.907264 354.266985 316.852990 240.768521 172.661890 127.524777 nan 731.290454 575.500984 492.719164 348.250444 505.210012
139.650000 nan 664.326685 511.514043 414.055867 354.395346 316.968639 240.858274 172.728384 127.575785 nan 731.546523 575.704342 492.894486 348.376761 505.389566
139.700000 nan 664.560022 511.695668 414.204468 354.523705 317.084286 240.948026 172.794877 127.626792 nan 731.802589 575.907698 493.069805 348.503077 505.569117
139.750000 nan 664.793355 511.877291 414.353066 354.652062 317.199931 241.037777 172.861369 127.677799 nan 732.058650 576.111051 493.245122 348.629391 505.748666
139.800000 nan 665.026685 512.058911 414.501663 354.780418 317.315575 241.127526 172.927861 127.728806 nan 732.314708 576.314400 493.420436 348.755703 505.928212
139.850000 nan 665.260012 512.240528 414.650258 354.908771 317.431218 241.217275 172.994352 127.779812 nan 732.570762 576.517747 493.595747 348.882013 506.107755
139.900000 nan 665.493335 512.422143 414.798850 355.037123 317.546859 241.307022 173.060842 127.830817 nan 732.826812 576.721091 493.771056 349.008322 506.287296
139.950000 nan 665.726655 512.603755 414.947441 355.165473 317.662498 241.396768 173.127331 127.881822 nan 733.082858 576.924431 493.946363 349.134629 506.466834
140.000000 nan 665.959971 512.785364 415.096029 355.293821 317.778136 241.486513 173.193819 127.932826 nan 733.338901 577.127769 494.121667 349.260934 506.646369
140.050000 nan 666.193284 512.966971 415.244615 355.422168 317.893772 241.576257 173.260307 127.983830 nan 733.594939 577.331104 494.296968 349.387237 506.825902
140.100000 nan 666.426594 513.148575 415.393199 355.550513 318.009407 241.666000 173.326794 128.034833 nan 733.850974 577.534436 494.472267 349.513539 507.005433
140.150000 nan 666.659900 513.330177 415.541781 355.678856 318.125040 241.755741 173.393280 128.085836 nan 734.107005 577.737765 494.647563 349.639839 507.184960
140.200000 nan 666.893202 513.511776 415.690361 355.807197 318.240671 241.845481 173.459765 128.136838 nan 734.363033 577.941091 494.822857 349.766137 507.364486
140.250000 nan 667.126501 513.693372 415.838939 355.935537 318.356301 241.935221 173.526250 128.187840 nan 734.619056 578.144414 494.998149 349.892433 507.544008
140.300000 nan 667.359797 513.874966 415.987515 356.063874 318.471929 242.024959 173.592734 128.238841 nan 734.875076 578.347734 495.173438 350.018728 507.723528
140.350000 nan 667.593089 514.056557 416.136089 356.192210 318.587556 242.114695 173.659217 128.289841 nan 735.131092 578.551051 495.348724 350.145021 507.903046
140.400000 nan 667.826378 514.238146 416.284660 356.320544 318.703181 242.204431 173.725699 128.340841 nan 735.387104 578.754366 495.524008 350.271312 508.082561
140.450000 nan 668.059664 514.419732 416.433230 356.448877 318.818805 242.294166 173.792180 128.391841 nan 735.643113 578.957677 495.699289 350.397602 508.262073
140.500000 nan 668.292946 514.601315 416.581797 356.577207 318.934427 242.383899 173.858661 128.442839 nan 735.899118 579.160985 495.874568 350.523889 508.441583
140.550000 nan 668.526224 514.782896 416.730363 356.705536 319.050048 242.473631 173.925140 128.493838 nan 736.155119 579.364291 496.049845 350.650175 508.621090
140.600000 nan 668.759500 514.964474 416.878926 356.833864 319.165667 242.563362 173.991619 128.544836 nan 736.411116 579.567593 496.225119 350.776460 508.800595
140.650000 nan 668.992771 515.146050 417.027487 356.962189 319.281284 242.653092 174.058098 128.595833 nan 736.667109 579.770892 496.400390 350.902742 508.980097
140.700000 nan 669.226040 515.327623 417.176046 357.090513 319.396900 242.742821 174.124575 128.646830 nan 736.923099 579.974189 496.575659 351.029023 509.159597
140.750000 nan 669.459305 515.509193 417.324603 357.218834 319.512514 242.832549 174.191052 128.697826 nan 737.179084 580.177483 496.750925 351.155302 509.339094
140.800000 nan 669.692566 515.690761 417.473158 357.347154 319.628127 242.922275 174.257528 128.748821 nan 737.435067 580.380773 496.926189 351.281580 509.518588
140.850000 nan 669.925825 515.872326 417.621711 357.475473 319.743738 243.012001 174.324003 128.799817 nan 737.691045 580.584061 497.101451 351.407856 509.698080
140.900000 nan 670.159079 516.053889 417.770262 357.603789 319.859348 243.101725 174.390477 128.850811 nan 737.947019 580.787346 497.276710 351.534129 509.877569
140.950000 nan 670.392331 516.235449 417.918811 357.732104 319.974956 243.191448 174.456951 128.901805 nan 738.202990 580.990628 497.451966 351.660402 510.057056
141.000000 nan 670.625579 516.417006 418.067358 357.860417 320.090562 243.281170 174.523423 128.952799 nan 738.458957 581.193907 497.627220 351.786672 510.236540
141.050000 nan 670.858823 516.598561 418.215902 357.988729 320.206167 243.370891 174.589895 129.003791 nan 738.714920 581.397183 497.802471 351.912941 510.416022
141.100000 nan 671.092064 516.780113 418.364445 358.117038 320.321771 243.460610 174.656366 129.054784 nan 738.970880 581.600456 497.977720 352.039208 510.595501
141.150000 nan 671.325302 516.961663 418.512985 358.245346 320.437373 243.550329 174.722837 129.105776 nan inf 581.803726 498.152967 352.165474 510.774977
141.200000 nan 671.558536 517.143210 418.661524 358.373652 320.552973 243.640046 174.789306 129.156767 nan nan 582.006993 498.328211 352.291737 510.954451
141.250000 nan 671.791767 517.324754 418.810060 358.501957 320.668572 243.729762 174.855775 129.207758 nan nan 582.210257 498.503452 352.417999 511.133923
141.300000 nan 672.024995 517.506296 418.958594 358.630259 320.784169 243.819477 174.922243 129.258748 nan nan 582.413519 498.678691 352.544259 511.313392
141.350000 nan 672.258219 517.687836 419.107126 358.758560 320.899765 243.909191 174.988711 129.309738 nan nan 582.616777 498.853928 352.670518 511.492858
141.400000 nan 672.491440 517.869372 419.255657 358.886859 321.015359 243.998904 175.055177 129.360727 nan nan 582.820033 499.029162 352.796775 511.672322
141.450000 nan 672.724657 518.050907 419.404185 359.015156 321.130951 244.088615 175.121643 129.411716 nan nan 583.023285 499.204393 352.923030 511.851783
141.500000 nan 672.957871 518.232438 419.552711 359.143452 321.246542 244.178326 175.188108 129.462704 nan nan 583.226535 499.379622 353.049283 512.031242
141.550000 nan 673.191082 518.413967 419.701235 359.271746 321.362132 244.268035 175.254572 129.513691 nan nan 583.429782 499.554849 353.175535 512.210698
141.600000 nan 673.424289 518.595494 419.849757 359.400038 321.477720 244.357743 175.321035 129.564678 nan nan 583.633026 499.730073 353.301785 512.390151
141.650000 nan 673.657493 518.777017 419.998276 359.528328 321.593306 244.447450 175.387498 129.615665 nan nan 583.836267 499.905295 353.428033 512.569602
141.700000 nan 673.890694 518.958539 420.146794 359.656617 321.708891 244.537156 175.453959 129.666651 nan nan 584.039505 500.080514 353.554279 512.749051
141.750000 nan 674.123891 519.140057 420.295310 359.784904 321.824474 244.626861 175.520421 129.717636 nan nan 584.242740 500.255730 353.680524 512.928497
141.800000 nan 674.357084 519.321573 420.443823 359.913189 321.940056 244.716564 175.586881 129.768621 nan nan 584.445972 500.430945 353.806767 513.107940
141.850000 nan 674.590275 519.503087 420.592335 360.041472 322.055636 244.806267 175.653340 129.819605 nan nan 584.649201 500.606156 353.933008 513.287381
141.900000 nan 674.823462 519.684598 420.740845 360.169754 322.171215 244.895968 175.719799 129.870589 nan nan 584.852428 500.781366 354.059248 513.466819
141.950000 nan 675.056645 519.866106 420.889352 360.298034 322.286792 244.985668 175.786257 129.921572 nan nan 585.055651 500.956572 354.185486 513.646255
142.000000 nan 675.289825 520.047612 421.037858 360.426312 322.402367 245.075367 175.852714 129.972555 nan nan 585.258872 501.131777 354.311722 513.825688
142.050000 nan 675.523002 520.229115 421.186361 360.554588 322.517941 245.165065 175.919170 130.023537 nan nan 585.462089 501.306979 354.437957 514.005119
142.100000 nan 675.756176 520.410616 421.334862 360.682863 322.633514 245.254762 175.985626 130.074519 nan nan 585.665304 501.482178 354.564190 514.184547
142.150000 nan 675.989346 520.592114 421.483362 360.811136 322.749085 245.344458 176.052081 130.125500 nan nan 585.868516 501.657375 354.690421 514.363973
142.200000 nan 676.222513 520.773610 421.631859 360.939407 322.864654 245.434152 176.118535 130.176480 nan nan 586.071725 501.832569 354.816650 514.543396
142.250000 nan 676.455676 520.955103 421.780354 361.067676 322.980222 245.523845 176.184988 130.227460 nan nan 586.274931 502.007761 354.942878 514.722817
142.300000 nan 676.688836 521.136593 421.928847 361.195944 323.095788 245.613538 176.251440 130.278440 nan nan 586.478134 502.182951 355.069104 514.902235
142.350000 nan 676.921993 521.318081 422.077338 361.324210 323.211353 245.703229 176.317892 130.329419 nan nan 586.681334 502.358138 355.195328 515.081650
142.400000 nan 677.155146 521.499567 422.225827 361.452474 323.326916 245.792919 176.384343 130.380397 nan nan 586.884532 502.533322 355.321551 515.261063
142.450000 nan 677.388296 521.681049 422.374314 361.580737 323.442478 245.882607 176.450793 130.431375 nan nan 587.087726 502.708505 355.447771 515.440474
142.500000 nan 677.621442 521.862530 422.522799 361.708998 323.558038 245.972295 176.517243 130.482353 nan nan 587.290918 502.883684 355.573991 515.619881
142.550000 nan 677.854586 522.044007 422.671282 361.837257 323.673597 246.061982 176.583691 130.533329 nan nan 587.494106 503.058861 355.700208 515.799287
142.600000 nan 678.087725 522.225482 422.819763 361.965514 323.789154 246.151667 176.650139 130.584306 nan nan 587.697292 503.234036 355.826424 515.978690
142.650000 nan 678.320862 522.406955 422.968241 362.093770 323.904709 246.241351 176.716586 130.635282 nan nan 587.900475 503.409208 355.952638 516.158090
142.700000 nan 678.553995 522.588425 423.116718 362.222024 324.020263 246.331034 176.783032 130.686257 nan nan 588.103655 503.584378 356.078850 516.337488
142.750000 nan 678.787125 522.769892 423.265193 362.350276 324.135816 246.420716 176.849478 130.737231 nan nan 588.306832 503.759546 356.205061 516.516883
142.800000 nan 679.020251 522.951357 423.413666 362.478526 324.251367 246.510397 176.915923 130.788206 nan nan 588.510006 503.934711 356.331270 516.696276
142.850000 nan 679.253374 523.132819 423.562136 362.606775 324.366916 246.600077 176.982367 130.839179 nan nan 588.713178 504.109873 356.457477 516.875666
142.900000 nan 679.486494 523.314279 423.710605 362.735022 324.482464 246.689756 177.048810 130.890152 nan nan 588.916346 504.285033 356.583683 517.055054
