web/models/kne/31/Metzger_0.038208_0.386552_0.450000.dat
# %ECSV 0.9
# ---
# datatype:
# - {name: time, datatype: float64}
# - {name: sdss_u, datatype: float64}
# - {name: sdss_g, datatype: float64}
# - {name: sdss_r, datatype: float64}
# - {name: sdss_i, datatype: float64}
# - {name: sdss_z, datatype: float64}
# - {name: PS1_y, datatype: float64}
# - {name: ukirt_J, datatype: float64}
# - {name: ukirt_H, datatype: float64}
# - {name: ukirt_K, datatype: float64}
# - {name: johnson_U, datatype: float64}
# - {name: johnson_B, datatype: float64}
# - {name: johnson_V, datatype: float64}
# - {name: johnson_R, datatype: float64}
# - {name: johnson_I, datatype: float64}
# - {name: Clear, datatype: float64}
# meta: !!omap
# - comment: [vej = 0.38655172413793104, mej = 0.038208046189546235, Ye = 0.45, redshift = 0.0]
# schema: astropy-2.0
time sdss_u sdss_g sdss_r sdss_i sdss_z PS1_y ukirt_J ukirt_H ukirt_K johnson_U johnson_B johnson_V johnson_R johnson_I Clear
[from data line 1544]
77.300000 404.306558 292.728388 222.082138 177.097254 149.599732 132.371160 97.406552 66.233135 45.686101 390.930809 323.834401 251.744284 213.482512 146.827963 219.253249
77.350000 404.567320 292.921484 222.232272 177.219952 149.705613 132.466480 97.480359 66.287618 45.727719 391.183468 324.046379 251.912472 213.627408 146.932147 219.401660
77.400000 404.828074 293.114574 222.382402 177.342647 149.811491 132.561798 97.554164 66.342101 45.769337 391.436119 324.258351 252.080655 213.772299 147.036328 219.550067
77.450000 405.088819 293.307658 222.532527 177.465338 149.917367 132.657113 97.627967 66.396582 45.810954 391.688762 324.470316 252.248832 213.917185 147.140505 219.698469
77.500000 405.349556 293.500736 222.682648 177.588025 150.023239 132.752426 97.701769 66.451063 45.852570 391.941396 324.682275 252.417005 214.062068 147.244681 219.846867
77.550000 405.610285 293.693809 222.832765 177.710709 150.129109 132.847736 97.775569 66.505542 45.894186 392.194023 324.894227 252.585172 214.206946 147.348853 219.995261
77.600000 405.871005 293.886875 222.982877 177.833390 150.234976 132.943044 97.849367 66.560021 45.935802 392.446642 325.106173 252.753335 214.351820 147.453022 220.143651
77.650000 406.131718 294.079935 223.132985 177.956067 150.340840 133.038349 97.923163 66.614498 45.977416 392.699253 325.318112 252.921492 214.496690 147.557189 220.292036
77.700000 406.392422 294.272990 223.283088 178.078741 150.446701 133.133652 97.996958 66.668974 46.019030 392.951856 325.530044 253.089645 214.641556 147.661353 220.440416
77.750000 406.653117 294.466039 223.433187 178.201412 150.552559 133.228953 98.070751 66.723449 46.060644 393.204451 325.741970 253.257792 214.786417 147.765514 220.588793
77.800000 406.913805 294.659081 223.583282 178.324079 150.658415 133.324251 98.144542 66.777924 46.102257 393.457038 325.953889 253.425934 214.931274 147.869673 220.737165
77.850000 407.174484 294.852118 223.733372 178.446742 150.764267 133.419546 98.218331 66.832397 46.143869 393.709617 326.165802 253.594072 215.076127 147.973828 220.885532
77.900000 407.435155 295.045149 223.883458 178.569402 150.870117 133.514839 98.292119 66.886869 46.185481 393.962188 326.377709 253.762204 215.220976 148.077981 221.033896
77.950000 407.695818 295.238175 224.033539 178.692059 150.975964 133.610130 98.365905 66.941340 46.227092 394.214751 326.589608 253.930332 215.365821 148.182131 221.182255
78.000000 407.956473 295.431194 224.183617 178.814713 151.081808 133.705418 98.439690 66.995810 46.268702 394.467307 326.801502 254.098454 215.510662 148.286278 221.330610
78.050000 408.217119 295.624207 224.333689 178.937363 151.187650 133.800704 98.513472 67.050279 46.310312 394.719854 327.013389 254.266572 215.655498 148.390423 221.478960
78.100000 408.477758 295.817215 224.483758 179.060009 151.293488 133.895987 98.587253 67.104747 46.351922 394.972394 327.225269 254.434684 215.800330 148.494565 221.627307
78.150000 408.738388 296.010217 224.633822 179.182652 151.399324 133.991268 98.661032 67.159213 46.393530 395.224925 327.437143 254.602791 215.945158 148.598704 221.775648
78.200000 408.999010 296.203213 224.783882 179.305292 151.505157 134.086546 98.734810 67.213679 46.435138 395.477449 327.649010 254.770894 216.089982 148.702840 221.923986
78.250000 409.259623 296.396203 224.933937 179.427928 151.610987 134.181822 98.808586 67.268144 46.476746 395.729965 327.860871 254.938992 216.234801 148.806973 222.072319
78.300000 409.520229 296.589187 225.083988 179.550561 151.716814 134.277095 98.882360 67.322608 46.518353 395.982472 328.072725 255.107084 216.379617 148.911104 222.220648
78.350000 409.780826 296.782166 225.234035 179.673191 151.822638 134.372366 98.956132 67.377070 46.559959 396.234972 328.284573 255.275172 216.524428 149.015232 222.368973
78.400000 410.041416 296.975138 225.384077 179.795817 151.928460 134.467635 99.029903 67.431532 46.601565 396.487465 328.496415 255.443254 216.669235 149.119357 222.517294
78.450000 410.301997 297.168105 225.534115 179.918439 152.034279 134.562901 99.103672 67.485992 46.643170 396.739949 328.708250 255.611332 216.814038 149.223480 222.665610
78.500000 410.562570 297.361066 225.684149 180.041059 152.140095 134.658164 99.177439 67.540452 46.684774 396.992425 328.920078 255.779405 216.958837 149.327599 222.813922
78.550000 410.823134 297.554022 225.834178 180.163675 152.245908 134.753425 99.251204 67.594910 46.726378 397.244894 329.131900 255.947472 217.103632 149.431716 222.962229
78.600000 411.083691 297.746971 225.984203 180.286287 152.351718 134.848684 99.324968 67.649368 46.767982 397.497354 329.343716 256.115535 217.248422 149.535831 223.110533
78.650000 411.344240 297.939915 226.134224 180.408896 152.457526 134.943940 99.398730 67.703824 46.809584 397.749807 329.555525 256.283593 217.393209 149.639942 223.258832
78.700000 411.604780 298.132852 226.284240 180.531502 152.563331 135.039194 99.472491 67.758280 46.851186 398.002252 329.767327 256.451646 217.537991 149.744051 223.407127
78.750000 411.865313 298.325784 226.434252 180.654105 152.669133 135.134445 99.546249 67.812734 46.892788 398.254690 329.979124 256.619694 217.682769 149.848157 223.555418
78.800000 412.125837 298.518711 226.584260 180.776704 152.774932 135.229694 99.620006 67.867187 46.934389 398.507119 330.190914 256.787737 217.827543 149.952260 223.703704
78.850000 412.386353 298.711631 226.734264 180.899299 152.880728 135.324941 99.693762 67.921640 46.975989 398.759540 330.402697 256.955775 217.972313 150.056360 223.851986
78.900000 412.646861 298.904546 226.884263 181.021892 152.986522 135.420185 99.767515 67.976091 47.017589 399.011954 330.614474 257.123809 218.117079 150.160458 224.000264
78.950000 412.907361 299.097455 227.034258 181.144481 153.092312 135.515427 99.841267 68.030541 47.059188 399.264360 330.826244 257.291837 218.261840 150.264553 224.148537
79.000000 413.167853 299.290358 227.184248 181.267066 153.198100 135.610666 99.915017 68.084990 47.100787 399.516758 331.038009 257.459860 218.406598 150.368645 224.296807
79.050000 413.428337 299.483255 227.334234 181.389649 153.303886 135.705902 99.988766 68.139438 47.142384 399.769149 331.249766 257.627879 218.551351 150.472735 224.445072
79.100000 413.688813 299.676147 227.484216 181.512227 153.409668 135.801137 100.062513 68.193885 47.183982 400.021531 331.461518 257.795892 218.696101 150.576822 224.593333
79.150000 413.949281 299.869033 227.634194 181.634803 153.515448 135.896369 100.136258 68.248331 47.225579 400.273906 331.673263 257.963901 218.840846 150.680906 224.741590
79.200000 414.209740 300.061913 227.784167 181.757375 153.621224 135.991598 100.210001 68.302776 47.267175 400.526273 331.885001 258.131905 218.985587 150.784987 224.889842
79.250000 414.470192 300.254788 227.934137 181.879944 153.726999 136.086825 100.283743 68.357220 47.308770 400.778632 332.096733 258.299904 219.130324 150.889066 225.038090
79.300000 414.730636 300.447656 228.084101 182.002509 153.832770 136.182050 100.357483 68.411663 47.350365 401.030984 332.308459 258.467898 219.275056 150.993142 225.186334
79.350000 414.991071 300.640519 228.234062 182.125071 153.938538 136.277272 100.431222 68.466105 47.391960 401.283327 332.520179 258.635887 219.419785 151.097215 225.334574
79.400000 415.251499 300.833376 228.384018 182.247630 154.044304 136.372492 100.504958 68.520546 47.433553 401.535663 332.731892 258.803871 219.564510 151.201286 225.482810
79.450000 415.511918 301.026228 228.533970 182.370186 154.150067 136.467710 100.578693 68.574986 47.475146 401.787992 332.943598 258.971850 219.709230 151.305353 225.631041
79.500000 415.772330 301.219074 228.683918 182.492738 154.255827 136.562925 100.652427 68.629425 47.516739 402.040312 333.155299 259.139825 219.853947 151.409418 225.779268
79.550000 416.032734 301.411914 228.833861 182.615286 154.361585 136.658137 100.726158 68.683863 47.558331 402.292625 333.366993 259.307794 219.998659 151.513481 225.927491
79.600000 416.293129 301.604748 228.983801 182.737832 154.467339 136.753347 100.799888 68.738299 47.599922 402.544930 333.578680 259.475759 220.143367 151.617540 226.075710
79.650000 416.553517 301.797577 229.133736 182.860374 154.573091 136.848555 100.873616 68.792735 47.641513 402.797227 333.790362 259.643719 220.288072 151.721597 226.223924
79.700000 416.813896 301.990400 229.283666 182.982913 154.678840 136.943760 100.947343 68.847170 47.683103 403.049517 334.002037 259.811674 220.432772 151.825652 226.372135
79.750000 417.074268 302.183217 229.433593 183.105448 154.784587 137.038963 101.021068 68.901603 47.724693 403.301799 334.213705 259.979624 220.577468 151.929703 226.520341
79.800000 417.334631 302.376028 229.583515 183.227980 154.890330 137.134164 101.094791 68.956036 47.766282 403.554073 334.425368 260.147569 220.722160 152.033752 226.668543
79.850000 417.594987 302.568834 229.733433 183.350509 154.996071 137.229362 101.168513 69.010468 47.807870 403.806340 334.637024 260.315510 220.866848 152.137798 226.816741
79.900000 417.855335 302.761634 229.883347 183.473035 155.101809 137.324558 101.242233 69.064898 47.849458 404.058598 334.848673 260.483445 221.011532 152.241842 226.964934
79.950000 418.115675 302.954429 230.033256 183.595557 155.207545 137.419751 101.315951 69.119328 47.891045 404.310850 335.060317 260.651376 221.156211 152.345882 227.113124
80.000000 418.376006 303.147218 230.183161 183.718076 155.313277 137.514942 101.389667 69.173756 47.932632 404.563093 335.271954 260.819302 221.300887 152.449920 227.261309
80.050000 418.636330 303.340001 230.333062 183.840591 155.419007 137.610131 101.463382 69.228184 47.974218 404.815329 335.483584 260.987223 221.445559 152.553956 227.409490
80.100000 418.896646 303.532778 230.482959 183.963103 155.524734 137.705317 101.537095 69.282610 48.015803 405.067557 335.695209 261.155139 221.590226 152.657989 227.557667
80.150000 419.156954 303.725550 230.632852 184.085612 155.630459 137.800501 101.610807 69.337036 48.057388 405.319778 335.906827 261.323050 221.734890 152.762019 227.705840
80.200000 419.417254 303.918316 230.782740 184.208118 155.736180 137.895682 101.684517 69.391460 48.098973 405.571990 336.118439 261.490957 221.879550 152.866046 227.854008
80.250000 419.677546 304.111077 230.932624 184.330620 155.841899 137.990861 101.758225 69.445884 48.140556 405.824196 336.330044 261.658859 222.024205 152.970070 228.002172
80.300000 419.937831 304.303832 231.082504 184.453119 155.947615 138.086038 101.831932 69.500306 48.182139 406.076393 336.541643 261.826755 222.168856 153.074092 228.150333
80.350000 420.198107 304.496581 231.232380 184.575615 156.053329 138.181212 101.905636 69.554728 48.223722 406.328583 336.753236 261.994648 222.313504 153.178112 228.298489
80.400000 420.458376 304.689324 231.382251 184.698107 156.159039 138.276384 101.979340 69.609148 48.265304 406.580765 336.964823 262.162535 222.458147 153.282128 228.446641
80.450000 420.718636 304.882062 231.532118 184.820596 156.264747 138.371554 102.053041 69.663567 48.306885 406.832940 337.176404 262.330417 222.602787 153.386142 228.594789
80.500000 420.978889 305.074795 231.681982 184.943082 156.370453 138.466721 102.126741 69.717986 48.348466 407.085107 337.387978 262.498295 222.747422 153.490153 228.742932
80.550000 421.239134 305.267521 231.831840 185.065565 156.476155 138.561885 102.200439 69.772403 48.390046 407.337267 337.599546 262.666168 222.892053 153.594162 228.891072
80.600000 421.499371 305.460242 231.981695 185.188044 156.581855 138.657048 102.274136 69.826819 48.431625 407.589419 337.811107 262.834036 223.036680 153.698168 229.039207
80.650000 421.759600 305.652958 232.131546 185.310520 156.687552 138.752208 102.347831 69.881234 48.473204 407.841563 338.022663 263.001899 223.181304 153.802171 229.187338
80.700000 422.019821 305.845667 232.281392 185.432993 156.793246 138.847365 102.421524 69.935649 48.514782 408.093699 338.234212 263.169758 223.325923 153.906172 229.335465
80.750000 422.280034 306.038372 232.431234 185.555462 156.898938 138.942521 102.495215 69.990062 48.556360 408.345829 338.445755 263.337611 223.470538 154.010169 229.483588
80.800000 422.540240 306.231070 232.581072 185.677928 157.004627 139.037673 102.568905 70.044474 48.597937 408.597950 338.657292 263.505460 223.615149 154.114165 229.631707
80.850000 422.800437 306.423763 232.730906 185.800391 157.110313 139.132824 102.642593 70.098885 48.639514 408.850064 338.868822 263.673304 223.759756 154.218157 229.779822
80.900000 423.060627 306.616451 232.880735 185.922851 157.215996 139.227972 102.716280 70.153295 48.681090 409.102170 339.080346 263.841144 223.904360 154.322147 229.927932
80.950000 423.320809 306.809132 233.030560 186.045307 157.321677 139.323118 102.789965 70.207704 48.722665 409.354269 339.291865 264.008978 224.048959 154.426134 230.076039
81.000000 423.580983 307.001809 233.180382 186.167760 157.427355 139.418261 102.863648 70.262113 48.764240 409.606360 339.503376 264.176808 224.193554 154.530119 230.224141
81.050000 423.841150 307.194479 233.330199 186.290210 157.533030 139.513402 102.937330 70.316520 48.805814 409.858444 339.714882 264.344633 224.338145 154.634101 230.372239
81.100000 424.101308 307.387144 233.480012 186.412656 157.638703 139.608541 103.011010 70.370926 48.847388 410.110520 339.926381 264.512454 224.482732 154.738080 230.520334
81.150000 424.361459 307.579804 233.629820 186.535100 157.744373 139.703677 103.084688 70.425331 48.888961 410.362589 340.137875 264.680269 224.627315 154.842057 230.668424
81.200000 424.621602 307.772457 233.779625 186.657540 157.850040 139.798811 103.158365 70.479735 48.930533 410.614650 340.349362 264.848080 224.771895 154.946031 230.816509
81.250000 424.881737 307.965106 233.929425 186.779976 157.955704 139.893943 103.232040 70.534138 48.972105 410.866704 340.560843 265.015886 224.916470 155.050002 230.964591
81.300000 425.141865 308.157749 234.079222 186.902410 158.061366 139.989072 103.305713 70.588540 49.013676 411.118750 340.772317 265.183687 225.061041 155.153971 231.112669
81.350000 425.401984 308.350386 234.229014 187.024840 158.167025 140.084199 103.379385 70.642941 49.055247 411.370788 340.983786 265.351484 225.205608 155.257937 231.260743
81.400000 425.662096 308.543017 234.378802 187.147267 158.272682 140.179323 103.453055 70.697341 49.096817 411.622819 341.195248 265.519276 225.350172 155.361900 231.408812
81.450000 425.922200 308.735643 234.528585 187.269691 158.378335 140.274446 103.526724 70.751740 49.138386 411.874843 341.406704 265.687063 225.494731 155.465861 231.556878
81.500000 426.182296 308.928264 234.678365 187.392111 158.483986 140.369566 103.600390 70.806138 49.179955 412.126859 341.618154 265.854845 225.639286 155.569819 231.704939
81.550000 426.442385 309.120879 234.828141 187.514529 158.589635 140.464683 103.674055 70.860535 49.221523 412.378867 341.829598 266.022623 225.783838 155.673775 231.852996
81.600000 426.702466 309.313488 234.977912 187.636943 158.695280 140.559798 103.747719 70.914931 49.263091 412.630868 342.041036 266.190396 225.928385 155.777728 232.001049
81.650000 426.962539 309.506092 235.127679 187.759354 158.800923 140.654911 103.821381 70.969326 49.304658 412.882862 342.252467 266.358164 226.072929 155.881678 232.149099
81.700000 427.222604 309.698691 235.277442 187.881761 158.906563 140.750022 103.895041 71.023720 49.346225 413.134848 342.463893 266.525927 226.217468 155.985625 232.297144
81.750000 427.482662 309.891284 235.427201 188.004165 159.012201 140.845130 103.968700 71.078113 49.387790 413.386827 342.675312 266.693686 226.362004 156.089570 232.445185
81.800000 427.742711 310.083871 235.576956 188.126567 159.117836 140.940235 104.042357 71.132505 49.429356 413.638798 342.886725 266.861440 226.506535 156.193513 232.593222
81.850000 428.002754 310.276453 235.726707 188.248964 159.223468 141.035339 104.116012 71.186896 49.470921 413.890762 343.098132 267.029189 226.651063 156.297452 232.741254
