web/models/kne/31/mosfit_kn_0.406447_0.1083_0.5000.dat
# %ECSV 1.0
# ---
# datatype:
# - {name: time, datatype: float64}
# - {name: PS1_g, datatype: float64}
# - {name: PS1_i, datatype: float64}
# - {name: PS1_r, datatype: float64}
# - {name: PS1_w, datatype: float64}
# - {name: PS1_y, datatype: float64}
# - {name: PS1_z, datatype: float64}
# - {name: swift_uvot_B, datatype: float64}
# - {name: swift_uvot_U, datatype: float64}
# - {name: swift_uvot_uvm2, datatype: float64}
# - {name: swift_uvot_uvw1, datatype: float64}
# - {name: swift_uvot_uvw2, datatype: float64}
# - {name: swift_uvot_V, datatype: float64}
# - {name: johnson_B, datatype: float64}
# - {name: johnson_I, datatype: float64}
# - {name: johnson_R, datatype: float64}
# - {name: johnson_U, datatype: float64}
# - {name: johnson_V, datatype: float64}
# - {name: sdss_g, datatype: float64}
# - {name: sdss_i, datatype: float64}
# - {name: sdss_r, datatype: float64}
# - {name: sdss_u, datatype: float64}
# - {name: sdss_z, datatype: float64}
# - {name: ATLAS_c, datatype: float64}
# - {name: ATLAS_o, datatype: float64}
# - {name: ukirt_H, datatype: float64}
# - {name: ukirt_J, datatype: float64}
# - {name: ukirt_K, datatype: float64}
# - {name: Clear, datatype: float64}
# meta: !!omap
# - comment: [kappa = 0.5, type = rprocess, mass = 0.4064473885499596, velocity = 0.10833333333333334, theta_obs = 0.0, tfloor = 1000.0]
# schema: astropy-2.0
time PS1_g PS1_i PS1_r PS1_w PS1_y PS1_z swift_uvot_B swift_uvot_U swift_uvot_uvm2 swift_uvot_uvw1 swift_uvot_uvw2 swift_uvot_V johnson_B johnson_I johnson_R johnson_U johnson_V sdss_g sdss_i sdss_r sdss_u sdss_z ATLAS_c ATLAS_o ukirt_H ukirt_J ukirt_K Clear
[from data line 56]
3.4268537074148293 -16.257236560228705 -16.653418064629513 -16.562894388801155 -16.489611153888646 -16.590300962694844 -16.633853428909884 -15.938253402219466 -16.41249939995335 -14.84023891942272 -15.502947933383417 -14.30801407287657 -16.44455176548463 -15.968054343459798 -17.08784484527196 -16.801314402445737 -16.29524416610905 -16.468610294915123 -16.205796991465196 -16.660673086894153 -16.5641260661822 -15.50139886068342 -16.626638089093202 -16.383772132794263 -16.617149089026064 -16.076198921540282 -16.41269169241438 -15.698029398455658 -16.491294691002754
3.4869739478957915 -16.27304642231696 -16.676411580640824 -16.58314116662039 -16.509259715921196 -16.615914588285268 -16.658464358525027 -15.951759506811786 -16.420087714527476 -14.83281909798649 -15.502444246122806 -14.300315830310208 -16.462632376277845 -15.981778352332125 -17.111586367044264 -16.82226555990787 -16.303926281725627 -16.486872195404644 -16.220977844367788 -16.68359586356427 -16.58434626935696 -15.509736881123146 -16.651507757746362 -16.4013456803786 -16.63857939647329 -16.105289789489913 -16.440205355384272 -15.728168560742953 -16.511789814764075
3.5470941883767533 -16.288792946177946 -16.699156929023165 -16.603209677085147 -16.52875300088768 -16.64121413015703 -16.68278632536218 -15.965260662605349 -16.427825564005403 -14.825950211285356 -15.502324878789988 -14.293221167929552 -16.48058926062917 -15.995492691217525 -17.135060979832037 -16.843021277190246 -16.312728702435912 -16.505006391377815 -16.23611156580127 -16.706272251479604 -16.604388607186102 -15.518203600776204 -16.676082127418095 -16.418812820755164 -16.659802605253855 -16.13397962103061 -16.467357507031384 -15.757880317467839 -16.53211112782749
3.6072144288577155 -16.3045185426658 -16.72168920021866 -16.623137873048552 -16.548128950649446 -16.66623188970659 -16.70685270599888 -15.97880169909341 -16.435763611873284 -14.819696881887165 -15.502646562203282 -14.286791410029544 -16.498462675618672 -16.009241897423653 -17.15830297150036 -16.863618714224568 -16.3217010698098 -16.523052900517104 -16.251241205373894 -16.728737416502923 -16.624291082080855 -15.526849048634599 -16.700394285798623 -16.436213981981993 -16.680855332703963 -16.162296982313503 -16.4941783996502 -15.78719212337514 -16.55229544373448
3.6673346693386772 -16.320265760149102 -16.744043229349526 -16.64296360365542 -16.567425421756763 -16.690999766298713 -16.73069653144843 -15.992427711095207 -16.44395310886095 -14.814125127565156 -15.503467009838392 -14.281089183922816 -16.516292895409592 -16.0230707596444 -17.181346332582674 -16.884094886509555 -16.330893554217855 -16.5410517461499 -16.266409984616672 -16.751026273129188 -16.64409159481746 -15.535723802283705 -16.724476960087813 -16.453589628334715 -16.701774024196023 -16.190269840144463 -16.520697775726063 -15.816130774324504 -16.572379438374956
3.727454909819639 -16.336104033482677 -16.766271586244272 -16.662745957523946 -16.586702217609517 -16.715564044655178 -16.754366500734754 -16.00621362139843 -16.452482659376084 -14.809357346294888 -15.504891408867909 -14.27623350116454 -16.53414420196522 -16.037053610183655 -17.204241831587918 -16.904507144374776 -16.340392293361703 -16.55906672325697 -16.28168881278233 -16.773191560982603 -16.663849321624422 -15.544914848435791 -16.748378213378885 -16.471004846523485 -16.722614844617087 -16.217936096173254 -16.546957330841465 -15.844731660068446 -16.592420632672003
3.787575150300601 -16.352110789711514 -16.788431880301005 -16.682550197896973 -16.606025501377726 -16.739974959549997 -16.7779156808572 -16.02024329915243 -16.461452231554752 -14.805533363764795 -15.507039425759945 -14.272360527014282 -16.552087951851153 -16.051273630660233 -17.227044964953635 -16.924918715196508 -16.350294347037774 -16.577168621158314 -16.29715684973208 -16.79529108866733 -16.68362962663009 -15.554520241130962 -16.77215036763892 -16.48853197150901 -16.74343963353726 -16.24533615017899 -16.573001916807524 -15.873032231632854 -16.612482533485622
3.847695390781563 -16.368385212082455 -16.810596014583545 -16.7024587448474 -16.625479117123785 -16.764294297722397 -16.801409741501274 -16.034624774489387 -16.470992076708395 -14.802838703166778 -15.510069077300983 -14.269651802375027 -16.570214924135158 -16.065837925504688 -17.249824739095978 -16.945409238750557 -16.360725935051043 -16.595447454254902 -16.312915664741237 -16.817397032473078 -16.70351506212306 -15.564667557909608 -16.7958580744137 -16.506263232055467 -16.764326136514978 -16.27251830657316 -16.598885943572608 -15.90107674666985 -16.632645407607267
3.9078156312625247 -16.38508001207157 -16.83287150920746 -16.722596504008322 -16.645190687700282 -16.7886128902577 -16.824945914946028 -16.049525373205295 -16.481306442780976 -14.801569930275459 -15.51423186047936 -14.268399381561355 -16.58866381569621 -16.080912327805045 -17.27268389907736 -16.966099058649792 -16.37188457395399 -16.614040684449197 -16.329121923141905 -16.839617363199917 -16.72363073970919 -15.575556543185431 -16.819596894079254 -16.52433992661157 -16.785391590694783 -16.299551174991592 -16.62468808827656 -15.92892713696349 -16.65303110521199
3.967935871743487 -16.402415468483813 -16.85541089686245 -16.743142047460466 -16.665343084787665 -16.81305829499342 -16.848661335467927 -16.06518725650088 -16.492692912107554 -14.802163503816729 -15.519896979447623 -14.269034267260889 -16.607633837708324 -16.09673678663873 -17.295767834074926 -16.98715993550505 -16.384057721397777 -16.63314569151042 -16.346001831759978 -16.86210528793774 -16.74415553203902 -15.587477980983806 -16.8435014637941 -16.542965292439327 -16.806803119617424 -16.326529071646668 -16.650517730240075 -15.956667723937466 -16.673813941012927
4.028056112224449 -16.420789985022886 -16.87848585659415 -16.76441571302723 -16.686265180376925 -16.83785556958931 -16.872798930869592 -16.08204970412225 -16.505694582063732 -14.805423308992353 -15.527743222871884 -14.272353042338914 -16.627483858163956 -16.11374650042857 -17.31933489302187 -17.0088995265004 -16.397769464378158 -16.653117961632265 -16.36396488474192 -16.885133744594008 -16.765410321102152 -15.600962151087305 -16.867810060797588 -16.562506004103348 -16.828859749667693 -16.35361503228866 -16.676566015542473 -15.984442884735957 -16.695306990620438
4.0881763527054105 -16.441145031947162 -16.902731872863193 -16.78717038375792 -16.70873136516768 -16.86352780552614 -16.897924860958167 -16.10115277970974 -16.52160245550803 -14.813271847812896 -15.539392378221226 -14.280265966773523 -16.649059652549127 -16.13297178309509 -17.343988433691877 -17.032040209021197 -16.414264774841076 -16.674795186069545 -16.38397933375689 -16.90934125235298 -16.788149270472186 -15.61726892395681 -16.8930776538393 -16.58382719335666 -16.852263097980238 -16.38118269035107 -16.703274326819724 -16.012581271755263 -16.718246888444597
4.148296593186372 -16.44498849093276 -16.915755088449842 -16.796674228930577 -16.71756370736876 -16.879917651624456 -16.913025004802495 -16.10204145488017 -16.514955363121526 -14.787628143267696 -15.522729774452273 -14.254830153726829 -16.655780801148705 -16.134149860200452 -17.357973712806302 -17.042455917388175 -16.40900233043902 -16.681756471307608 -16.387019261421454 -16.92227356723505 -16.797615681580087 -15.61156111414613 -16.90851241075544 -16.589952822094105 -16.863299306056323 -16.402047459123402 -16.72211034379716 -16.034793317046493 -16.728200724537725
4.208416833667335 -16.430727774286122 -16.916507438232777 -16.791668038790544 -16.71148683259233 -16.886181504145625 -16.91717708546845 -16.08294507007572 -16.483542067274062 -14.72519878608534 -15.475032912392095 -14.19291076414217 -16.64621929398762 -16.115530071356442 -17.36030132941692 -17.038944575399537 -16.37984977033731 -16.672590237536756 -16.37144447441063 -16.922877103017324 -16.792547228633037 -15.581678486362112 -16.913212935157613 -16.57943297389865 -16.860805201549667 -16.415639438561534 -16.732380306605084 -16.050591110010185 -16.72396975181419
4.268537074148297 -16.416073883161104 -16.916871597931014 -16.786268316656408 -16.705050183669883 -16.89206587775619 -16.92094584408874 -16.063449855811555 -16.451734997670346 -14.662429108399952 -15.427056362169207 -14.130863124036978 -16.636257350432075 -16.096515712341 -17.3622435859667 -17.035044605195974 -16.35029952155317 -16.663026860806657 -16.355476156885516 -16.92309221313879 -16.78708392792437 -15.551395821577785 -16.917531814602214 -16.568531738287096 -16.857925831852416 -16.42886637511738 -16.74227900001455 -16.06602762266682 -16.71939417678315
4.328657314629258 -16.40104090099266 -16.916860371590783 -16.78048837006129 -16.698267106232567 -16.897583120857487 -16.924343797627923 -16.043570296846934 -16.419549520605905 -14.59933621979609 -15.378816846532679 -14.068705436643189 -16.625908666844406 -16.077121245111407 -17.363813155702765 -17.03076920641011 -16.32036680319634 -16.653080014189264 -16.339128499588682 -16.922931714476093 -16.78123908868521 -15.520728395412053 -16.92148152660497 -16.557262897487934 -16.85467430831631 -16.441740096064215 -16.751818476221736 -16.081114545634417 -16.714487161508984
4.38877755511022 -16.385628004797326 -16.91647644392331 -16.774329548988263 -16.691138671850076 -16.902737223637256 -16.9273744297651 -16.02330442597521 -16.386980629922565 -14.535907033492158 -15.330305649219191 -14.00642604100764 -16.61517352530063 -16.05734483493418 -17.36501309625239 -17.026120101144244 -16.290047178949695 -16.642750084975116 -16.322400367783594 -16.922398257009217 -16.77501404177338 -15.489671593501964 -16.925065691278913 -16.54562652820422 -16.85105259121709 -16.454266413200408 -16.76100371029465 -16.095858258627263 -16.709250193278535
4.448897795591182 -16.36978681485063 -16.91569060717372 -16.767755284068713 -16.683627105391796 -16.907506071649188 -16.930012899097076 -16.002597650466825 -16.353957892395137 -14.472031039967405 -15.281432341631955 -13.943917593747258 -16.604009505248804 -16.03713254220239 -17.365816229026986 -17.02106267678768 -16.25927311821527 -16.63199518815764 -16.305241699216495 -16.921462441970387 -16.76837212644351 -15.458156933439753 -16.92826018422096 -16.53357911291506 -16.847027384230806 -16.466432745088145 -16.769817790090613 -16.11024906608346 -16.70364791967847
4.509018036072144 -16.35364770897727 -16.914592964705246 -16.760871176194936 -16.675840473220678 -16.911964921486113 -16.93234015043222 -15.981593349968747 -16.320657469814197 -14.407966114472103 -15.232415609567429 -13.8814355623315 -16.592534483584124 -16.01662644390093 -17.366308410205875 -17.015698497977436 -16.22821480998714 -16.620932118121182 -16.287786391120775 -16.92021477408888 -16.761419120444696 -15.426356578327347 -16.931144470366455 -16.52124090293503 -16.842697489794585 -16.47829465895217 -16.778325194447845 -16.124336634027237 -16.69778327828846
4.569138276553106 -16.337018737055686 -16.913058220328345 -16.753526292026972 -16.6676238881497 -16.91601312900458 -16.93424607528616 -15.960077989678815 -16.286811196455115 -14.34330711190983 -15.182918112145671 -13.818583645086878 -16.580577166783918 -15.995615244262925 -17.36637139789397 -17.009883400006498 -16.19661405487892 -16.609391427282368 -16.26983665590137 -16.918529292065063 -16.754003777579847 -15.394009027704527 -16.93361092108633 -16.508436841317113 -16.837923333241136 -16.489784445831766 -16.786443280594234 -16.138063173298157 -16.691509915014446
4.629258517034068 -16.320175472446188 -16.911273053361526 -16.745941541043212 -16.65920336236466 -16.919804506435625 -16.935897091641152 -15.938355903666032 -16.252795865890963 -14.278611523795139 -15.133409052221065 -13.755910038714049 -16.568385623860397 -15.974400330361135 -17.36618246568516 -17.003829306284388 -16.164834462281583 -16.59761874435128 -16.251675840123117 -16.91659356309808 -16.74634741768017 -15.361482280882992 -16.93582266117385 -16.495420001821337 -16.832910707429214 -16.50101219136731 -16.794301935687272 -16.15152564552069 -16.68504238140521
4.68937875751503 -16.302751397086688 -16.90899566507678 -16.737827090546773 -16.650282228680897 -16.92314347892223 -16.937079875403338 -15.916020133038977 -16.218102567264587 -14.213115780355285 -15.083251887329414 -13.692670062770475 -16.555631842487497 -15.95257898147944 -17.36551304749578 -16.997259101439674 -16.1323856635748 -16.585289551207293 -16.232926507973815 -16.91416454094016 -16.738159605638838 -15.328279764930706 -16.93757102407263 -16.481855623365185 -16.82739113334131 -16.511844054496848 -16.80173934016498 -16.164608778964823 -16.678100220219516
4.749498997995992 -16.285073446420917 -16.906446640549007 -16.729444505513467 -16.641127864128755 -16.926211244322484 -16.937990736923076 -15.893432060270893 -16.183179331424533 -14.147483757512095 -15.033004173314346 -13.629514306495828 -16.542609928430362 -15.930509013627802 -17.364572453985698 -16.99042355573684 -16.099699946678918 -16.572695003423195 -16.21392489491539 -16.911463874550456 -16.729702409816465 -15.294839039855415 -16.939048365043448 -16.468043625021647 -16.821608020010466 -16.522408785297845 -16.80890799505434 -16.177425582227936 -16.670936973296904
4.809619238476953 -16.26713183120753 -16.903621811331497 -16.720787479827024 -16.631733483446176 -16.929005696924513 -16.938626775210057 -15.870580073538243 -16.14800976675456 -14.081686663000163 -14.982643593880862 -13.566415227459515 -16.52931187250679 -15.90817901038568 -17.363357106299937 -16.983316939935868 -16.066761811010235 -16.559827248975477 -16.19466071435319 -16.90848734023433 -16.720969498003573 -15.261144326128502 -16.9402519938974 -16.453975630147397 -16.815556014318194 -16.532707095085502 -16.815807324208265 -16.18997763369158 -16.66354651003381
4.869739478957916 -16.248652109838968 -16.900340825272586 -16.71163935804792 -16.62187798256065 -16.93138150388357 -16.938829197641372 -15.847159128089931 -16.112212041079026 -14.015151615954341 -14.931694764874539 -13.502819286095406 -16.515492099499102 -15.885287221550314 -17.361696684886187 -16.975732296443883 -16.033203330173997 -16.546443421828375 -16.174851287498218 -16.905053640889722 -16.711743730855133 -15.226822968203617 -16.94102666652789 -16.439401390053536 -16.80903473754796 -16.54264051332095 -16.82231762097871 -16.20218055446196 -16.655720255939883
4.929859719438878 -16.22992423131066 -16.896799007040677 -16.702231990484808 -16.61179775302891 -16.933498814077055 -16.938771659444907 -15.823489895720623 -16.07618376005515 -13.948467176139395 -14.880650644339024 -13.43929928703281 -16.501411511492236 -15.862151070168164 -17.35977643960669 -16.967891789377216 -15.99940818586288 -16.532801740805493 -16.15479483642849 -16.901359051274856 -16.70225743058216 -15.19226337721431 -16.941542491016826 -16.424586621212924 -16.802259747897867 -16.55232229084907 -16.828573368928872 -16.21413352905655 -16.64768202426046
4.98997995991984 -16.21082197764176 -16.892914546785303 -16.692466429807364 -16.60139184702965 -16.93529237252676 -16.938382537867458 -15.799431689020526 -16.039747936126094 -13.88136603207569 -14.82929078296566 -13.375598594618022 -16.486957489416245 -15.838631452047473 -17.357519305064788 -16.959701077983944 -15.965205958970607 -16.518790884826227 -16.1343612524413 -16.897321315070588 -16.692411414231643 -15.157292889335814 -16.94172952890014 -16.409416576882006 -16.795139819550418 -16.561709380175028 -16.83452145244729 -16.225800196396293 -16.639336821509403
5.050100200400801 -16.19133830097981 -16.888684908828253 -16.682338396104797 -16.59065592391073 -16.936761366011837 -16.937660349273393 -15.774975950190157 -16.002892217553217 -13.813826338925907 -14.777599477227632 -13.311698903405865 -16.472124330728956 -15.814720014854537 -17.354923241766997 -16.951156396798154 -15.930584977720052 -16.50440531347145 -16.113543087337767 -16.89293785056094 -16.68220136669552 -15.121899584942486 -16.941586482619453 -16.393885455971713 -16.78767151802189 -16.570803368223675 -16.840162362308284 -16.237182880970998 -16.630680970008864
