web/models/kne/31/mosfit_kn_0.095333_0.2180_10.0000.dat
# %ECSV 1.0
# ---
# datatype:
# - {name: time, datatype: float64}
# - {name: PS1_g, datatype: float64}
# - {name: PS1_i, datatype: float64}
# - {name: PS1_r, datatype: float64}
# - {name: PS1_w, datatype: float64}
# - {name: PS1_y, datatype: float64}
# - {name: PS1_z, datatype: float64}
# - {name: swift_uvot_B, datatype: float64}
# - {name: swift_uvot_U, datatype: float64}
# - {name: swift_uvot_uvm2, datatype: float64}
# - {name: swift_uvot_uvw1, datatype: float64}
# - {name: swift_uvot_uvw2, datatype: float64}
# - {name: swift_uvot_V, datatype: float64}
# - {name: johnson_B, datatype: float64}
# - {name: johnson_I, datatype: float64}
# - {name: johnson_R, datatype: float64}
# - {name: johnson_U, datatype: float64}
# - {name: johnson_V, datatype: float64}
# - {name: sdss_g, datatype: float64}
# - {name: sdss_i, datatype: float64}
# - {name: sdss_r, datatype: float64}
# - {name: sdss_u, datatype: float64}
# - {name: sdss_z, datatype: float64}
# - {name: ATLAS_c, datatype: float64}
# - {name: ATLAS_o, datatype: float64}
# - {name: ukirt_H, datatype: float64}
# - {name: ukirt_J, datatype: float64}
# - {name: ukirt_K, datatype: float64}
# - {name: Clear, datatype: float64}
# meta: !!omap
# - comment: [kappa = 10.0, type = rprocess, mass = 0.09533330950298248, velocity = 0.21800000000000003, theta_obs = 0.0, tfloor = 1000.0]
# schema: astropy-2.0
time PS1_g PS1_i PS1_r PS1_w PS1_y PS1_z swift_uvot_B swift_uvot_U swift_uvot_uvm2 swift_uvot_uvw1 swift_uvot_uvw2 swift_uvot_V johnson_B johnson_I johnson_R johnson_U johnson_V sdss_g sdss_i sdss_r sdss_u sdss_z ATLAS_c ATLAS_o ukirt_H ukirt_J ukirt_K Clear
[from data line 230]
13.887775551102203 3.424649340754584 -4.926872478987114 -1.6607934961115234 -3.440053989933638 -8.219871740157334 -6.900222832343541 6.751427621954588 12.940468688031963 26.291784178664553 9.553788442921594 11.952746612313977 1.4768538878981972 5.672777540747763 -6.402164069081585 -3.5444953787938376 11.990909867208142 0.6290084484434313 4.1902816865955295 -4.8502309630776885 -1.4550311272418526 13.462108939089212 -7.419895677147146 0.23911456716920299 -3.9444441525801466 -12.793616290552572 -10.813656163745405 -14.030822033059723 -5.542430360100052
13.947895791583166 3.511089327315009 -4.870931675603156 -1.5928150079693637 -3.3828770173001033 -8.177183418877174 -6.851905012643158 6.850127715374236 13.06613500130652 26.448669240800488 9.642508646132946 12.047844283626073 1.5579449984180258 5.7644081967888425 -6.350704539604531 -3.4863883386225796 12.111956437764906 0.7041123869935919 4.279430371814303 -4.794018272014036 -1.385759455913469 13.586624268458305 -7.374602072065848 0.31166582185742087 -3.8873166293329753 -12.772484953004797 -10.782776777760306 -14.01676179902928 -5.495723210054919
14.008016032064127 3.5978314442311543 -4.8147702040981954 -1.5245859616408097 -3.325484739138851 -8.134308204454861 -6.803384215423662 6.94916247894814 13.192215533019365 26.60600976197131 9.731504524161014 12.143258471327197 1.639326434041439 5.856337519808058 -6.299038502291935 -3.4280801704313584 12.233397033921161 0.7794688285490483 4.368887134235155 -4.7375849704439865 -1.3162319691670277 13.711547183176602 -7.329121805585483 0.38447719872674924 -3.829975060856352 -12.75122754384906 -10.751744922954723 -14.002595461995886 -5.448839325990491
14.06813627254509 3.684843598785701 -4.758410081331199 -1.4561323582542407 -3.2678995507395214 -8.091263712132584 -6.754679915641759 7.048495744642115 13.318665201693598 26.763750689358194 9.82074337677954 12.238954240639185 1.7209678351544142 5.948531642374913 -6.2471864983294365 -3.369593690994546 12.355188040471806 0.8550492659814448 4.4586189669527165 -4.6809531732917975 -1.2464751035054533 13.836832931628251 -7.283473415628787 0.4575212184291999 -3.7724418383460723 -12.729854520674591 -10.720574299467012 -13.988331122265974 -5.401797674455757
14.128256513026052 3.7721947032531844 -4.701804463119839 -1.3873986561839757 -3.2100737036355476 -8.048012659558452 -6.705750755063935 7.148205270194418 13.4455812892835 26.92201213680433 9.910295837279577 12.33500676601739 1.8029342154062953 6.041063132487988 -6.195104935923484 -3.3108806316409494 12.477423318299302 0.9309142041560239 4.548696719618466 -4.624075849772602 -1.1764323856911574 13.962577904083968 -7.2376178138631175 0.5308567574842016 -3.71466926373591 -12.708344170341322 -10.689236162167289 -13.973952164327732 -5.354558137543872
14.188376753507013 3.859866557496634 -4.64496589114761 -1.31839964013027 -3.1520199483679434 -8.004565104582984 -6.656607834601154 7.248270555623763 13.572938295742869 27.080763105903817 10.000143394498906 12.431396249583365 1.8852083354533875 6.133912748357609 -6.142805532595253 -3.2519540475311297 12.60007815550657 1.0070473642049673 4.6391016683884345 -4.566965601233193 -1.1061188467727057 14.088756759331229 -7.19156561215776 0.604468212168765 -3.656670091380896 -12.686702518482152 -10.657738367043715 -13.959463281802316 -5.307131565500409
14.248496993987976 3.9478615396578576 -4.587892876857023 -1.2491334809062948 -3.0937367432790808 -7.96091991946879 -6.607249860453486 7.348694311318401 13.700739723645281 27.240008285360314 10.090288593057988 12.528125326996943 1.9677923866756573 6.227082934058888 -6.090286938641159 -3.1928125084401886 12.723155847611814 1.0834506033304183 4.729836248504107 -4.50962094078216 -1.035532625678055 14.21537291001151 -7.145315680750208 0.6783575732479896 -3.598442794266674 -12.664929034429838 -10.62608012082478 -13.944864130535171 -5.259516768654038
14.308617234468937 4.036098005405542 -4.530641218771958 -1.1796661758186744 -3.0352808698878952 -7.917121655907771 -6.5577261587603175 7.449384479569198 13.828870627206022 27.399606776208753 10.18064813512737 12.625105070258368 2.0506092133913674 6.320487658006467 -6.03760115101296 -3.1335136284808778 12.846545335575097 1.160051802244342 4.820816505508407 -4.452097902541485 -0.964740831406754 14.342312349591548 -7.098914812753634 0.7524550106163019 -3.5400441185454845 -12.643049952631047 -10.594295942134673 -13.930174927294752 -5.211761643772679
14.3687374749499 4.124685213401573 -4.4731365546026325 -1.1099096128815056 -2.9765765846054215 -7.873111079455466 -6.507971045821552 7.550464319888545 13.957485168852948 27.55974849155493 10.271333802028497 12.722454598181102 2.133761937245395 6.41424193103283 -5.9846789558044575 -3.0739808364023995 12.970395376884792 1.2369469431559057 4.912154767218588 -4.3943218275093265 -0.8936538680134909 14.469727845483362 -7.052300910184588 0.8268538812107629 -3.4813983966360595 -12.621030690019131 -10.562340114387288 -13.915369165854708 -5.1638025357354245
14.428857715430862 4.2135773063069415 -4.415410280297358 -1.0399008984578018 -2.91765582449651 -7.828913282339549 -6.458012284451478 7.651882137304086 14.086518847716967 27.72035453311374 10.362298862409958 12.820123981619528 2.217207198177486 6.508297406711666 -5.931549625170592 -3.014246592567827 13.09464361452483 1.314095416583181 5.003803873800319 -4.336324247676302 -0.8223094670335485 14.597555397728996 -7.005500351597345 0.9015149466402939 -3.4225375508285794 -12.598886074997376 -10.530232110858416 -13.900458298675725 -5.1156664295515775
14.488977955911823 4.302783406487425 -4.357456304595964 -0.9696327553989548 -2.858512360211911 -7.784523464658779 -6.407844512875656 7.753648247275383 14.215984665328047 27.881441265420378 10.453552761611338 12.918123206512067 2.3009535562084045 6.602663634906008 -5.878207521916031 -2.9543047160198492 13.219302516326835 1.3915050220299843 5.09577319381501 -4.278099054733673 -0.7507002287395181 14.7258078356497 -6.958508155044889 0.9764459656652136 -3.3634553691378066 -12.576613418385508 -10.497968295320826 -13.885440319734863 -5.0673481859259795
14.549098196392785 4.392304705537047 -4.299273942430624 -0.8991043079122107 -2.7991454666382865 -7.73994113665351 -6.357467145884801 7.855764019796298 14.345884441590417 28.043011306163546 10.545096842244401 13.016453615722089 2.3850020820156344 6.697341813919589 -5.8246520430279345 -2.894154598295782 13.344373754717836 1.4691765759156563 5.188063941289407 -4.219645568724388 -0.6788252628135005 14.85448690385919 -6.911323861079097 1.051647918337153 -3.304151138903979 -12.554212555013605 -10.465548362635422 -13.870315161171243 -5.018847298020805
14.609218436873746 4.482151642594161 -4.240856201639751 -0.8283072149806614 -2.7395480018414986 -7.695160777306569 -6.306874023016782 7.958241254041284 14.476233033471342 28.205083273380243 10.636941879739883 13.115126624758858 2.469362580555525 6.792342870590581 -5.770876712934011 -2.833789143346846 13.469871584541096 1.5471190263353687 5.280686837175121 -4.160956777360454 -0.6066760872045052 14.983607268618044 -6.863941736546195 1.1271296879191617 -3.244617736497286 -12.53168036999474 -10.43296811788739 -13.855080488191776 -4.970157863740692
14.669338677354709 4.572306030643212 -4.1822156090576 -0.7572562415264805 -2.6797326844893554 -7.650192433076057 -6.256076235578778 8.061059463200422 14.607004935249428 28.367626229410508 10.729069445994082 13.214122465731993 2.554017820229972 6.8876476127777195 -5.716893229802188 -2.7732213374768593 13.595771303614999 1.6253161448639044 5.373623171708921 -4.10204526592171 -0.5342677177610433 15.11314358931827 -6.816372369819241 1.2028756942144447 -3.1848678800551866 -12.509022868860542 -10.400235398213907 -13.839740971792514 -4.921290680679906
14.729458917835672 4.662752397363139 -4.12336284031209 -0.6859639594664024 -2.619710344084396 -7.605044675253065 -6.2050832406270295 8.16420122250597 14.738178463734908 28.53061395443631 10.821463903726407 13.313424333648133 2.63895313189004 6.983239716834323 -5.6627115666664904 -2.7124622444254003 13.722051904574933 1.7037541044179452 5.466857026888263 -4.042921760498981 -0.461612941434808 15.24307431672538 -6.768624797683209 1.2788726801344907 -3.124912399235953 -12.486245191171895 -10.367356898813041 -13.824300616915648 -4.872254949819688
14.789579158316633 4.753549185117301 -4.064258164960783 -0.6143832794446702 -2.559440537666884 -7.559685866099191 -6.153859936200572 8.26773246821747 14.869836158240943 28.694148104275353 10.914184966210101 13.41309592357543 2.7242236611686783 7.079180594468021 -5.608294767310521 -2.6514711153564123 13.848792957597052 1.782484046820534 5.560448472612478 -3.983546380126164 -0.38866386940901165 15.373481197209564 -6.7206659174544825 1.3551705494212563 -3.0647109013383833 -12.463328914040941 -10.334308236452115 -13.808745326080663 -4.82301678006138
14.849699398797595 4.844682156204048 -4.004911413202947 -0.5425257767125835 -2.498933242830912 -7.514123898674825 -6.1024150279294 8.371637166081854 15.001958077977182 28.85820455359664 11.007218226807574 13.513121766143797 2.809815907338666 7.175455203032058 -5.553652019098499 -2.590258169811375 13.97597512882469 1.8614932101638384 5.654382857895417 -3.923929003097655 -0.315432273812295 15.504344404180213 -6.672504064078204 1.4317570972197302 -3.004273365686494 -12.440278776653455 -10.301095581514142 -13.793078794967249 -4.773584666751649
14.909819639278556 4.936114623092944 -3.94534772528786 -0.47042114446599115 -2.438214000421759 -7.468378881627569 -6.050770759312609 8.475873963745986 15.134492618931255 29.022720373023677 11.100526430472826 13.61346195237816 2.895695162446869 7.272024911705191 -5.49880676082311 -2.5288493323473142 14.103548538421407 1.9407491249637434 5.748622453859653 -3.8640948777864637 -0.24194835501040401 15.635612734202784 -6.624160365145428 1.5086009403890799 -2.943625317805374 -12.417106674536258 -10.267734543498042 -13.77731021635906 -4.723980171007511
14.969939879759519 4.943134663816586 -3.938694149382691 -0.463623371344859 -2.4315471828488455 -7.46188419790796 -6.0442082330608216 8.483041240381073 15.141985338275976 29.030580642305154 11.107567870350543 13.620584376830195 2.902651356687371 7.279103923414883 -5.492207455804642 -2.522174689079642 14.110984159024234 1.9476290215186178 5.7556747651310225 -3.8574381972697047 -0.23513471184841706 15.643090868450802 -6.617635845082823 1.5154531983977826 -2.936959326211994 -12.410871575823455 -10.261382280333764 -13.771160256296627 -4.717441226610184
15.03006012024048 4.949207964802191 -3.9326208483971037 -0.4575500703592539 -2.4254738818632404 -7.455810896922355 -6.038134932075234 8.48911454136666 15.148058639261581 29.036653943290748 11.11364117133613 13.626657677815782 2.908724657672976 7.285177224400471 -5.486134154819054 -2.5161013880940546 14.117057460009839 1.953702322504223 5.761748066116628 -3.8513648962840996 -0.22906141086282972 15.649164169436407 -6.611562544097218 1.5215264993833877 -2.930886025226389 -12.40479827483785 -10.25530897934816 -13.765086955311022 -4.711367925624579
15.090180360721442 4.955309687157037 -3.9265191260422405 -0.4514483480044085 -2.419372159508395 -7.449709174567509 -6.032033209720371 8.495216263721524 15.154160361616427 29.042755665645604 11.119742893690994 13.632759400170645 2.9148263800278214 7.291278946755334 -5.480032432464191 -2.5099996657391914 14.123159182364684 1.9598040448590683 5.767849788471473 -3.845263173929254 -0.22295968850796655 15.655265891791252 -6.605460821742373 1.527628221738233 -2.9247843028715437 -12.398696552483004 -10.249207256993314 -13.758985232956176 -4.705266203269733
15.150300601202405 4.9614431167961826 -3.9203856964031125 -0.4453149183652627 -2.4132387298692493 -7.4435757449283635 -6.025899780081243 8.501349693360652 15.160293791255572 29.04888909528475 11.12587632333014 13.638892829809791 2.920959809666967 7.297412376394462 -5.473899002825045 -2.5038662361000634 14.12929261200383 1.965937474498214 5.773983218110619 -3.8391297442901084 -0.2168262588688208 15.661399321430398 -6.599327392103227 1.5337616513773789 -2.918650873232398 -12.392563122843859 -10.243073827354168 -13.75285180331703 -4.699132773630588
15.210420841683366 4.967594298550999 -3.914234514648278 -0.43916373661044616 -2.4070875481144327 -7.437424563173547 -6.019748598326409 8.507500875115486 15.166444973010389 29.055040277039566 11.132027505084956 13.645044011564607 2.9271109914217837 7.303563558149296 -5.467747821070229 -2.497715054345229 14.135443793758647 1.9720886562530306 5.780134399865435 -3.832978562535292 -0.21067507711400424 15.667550503185215 -6.59317621034841 1.5399128331321954 -2.9124996914775814 -12.386411941089042 -10.236922645599352 -13.746700621562214 -4.692981591875771
15.270541082164328 4.973781761348128 -3.908047051851149 -0.43297627381331694 -2.4009000853172857 -7.431237100376418 -6.0135611355292795 8.513688337912615 15.172632435807536 29.061227739836706 11.138214967882085 13.651231474361737 2.933298454218913 7.309751020946425 -5.4615603582731 -2.4915275915481 14.141631256555776 1.9782761190501599 5.786321862662582 -3.8267910997381627 -0.204487614316875 15.673737965982362 -6.586988747551281 1.5461002959293424 -2.906312228680452 -12.380224478291913 -10.230735182802222 -13.740513158765085 -4.686794129078642
15.33066132264529 4.979996439820642 -3.9018323733786353 -0.42676159534080327 -2.394685406844772 -7.425022421903904 -6.007346457056766 8.519903016385129 15.17884711428005 29.067442418309216 11.144429646354599 13.65744615283425 2.9395131326914266 7.315965699418939 -5.455345679800586 -2.485312913075586 14.14784593502829 1.9844907975226735 5.792536541135096 -3.820576421265649 -0.19827293584436134 15.679952644454875 -6.5807740690787675 1.552314974401856 -2.9000975502079385 -12.3740097998194 -10.224520504329709 -13.734298480292571 -4.680579450606128
15.390781563126252 4.986242344261473 -3.895586468937804 -0.4205156908999719 -2.3884395024039407 -7.418776517463073 -6.0011005526159344 8.52614892082596 15.185093018720881 29.073688322750048 11.15067555079543 13.663692057275082 2.945759037132258 7.32221160385977 -5.4490997753597545 -2.479067008634755 14.154091839469121 1.990736701963505 5.798782445575927 -3.8143305168248176 -0.19202703140352995 15.686198548895707 -6.574528164637936 1.5585608788426875 -2.893851645767107 -12.367763895378568 -10.218274599888877 -13.72805257585174 -4.674333546165297
15.450901803607215 4.992506425972092 -3.8893223872271854 -0.41425160918933557 -2.382175420693322 -7.412512435752454 -5.994836470905316 8.532413002536579 15.1913571004315 29.079952404460666 11.156939632506049 13.6699561389857 2.9520231188428765 7.328475685570389 -5.442835693649136 -2.4728029269241363 14.160355921179757 1.9970007836741412 5.805046527286546 -3.808066435114199 -0.1857629496929114 15.692462630606325 -6.568264082927318 1.564824960553306 -2.8875875640564885 -12.361499813667931 -10.212010518178241 -13.721788494141121 -4.668069464454678
15.511022044088175 4.9988045665631375 -3.8830242466361575 -0.4079534685983077 -2.3758772801022943 -7.4062142951614085 -5.988538330314288 8.538711143127607 15.197655241022527 29.086250545051705 11.163237773097094 13.676254279576728 2.958321259433922 7.334773826161417 -5.436537553058108 -2.4665047863331084 14.166654061770785 2.0032989242651693 5.811344667877574 -3.8017682945231535 -0.1794648091018658 15.698760771197353 -6.561965942336272 1.5711231011443338 -2.881289423465443 -12.355201673076904 -10.205712377587213 -13.715490353550075 -4.661771323863633
