web/models/kne/31/mosfit_kn_0.051209_0.4217_0.5000.dat
# %ECSV 1.0
# ---
# datatype:
# - {name: time, datatype: float64}
# - {name: PS1_g, datatype: float64}
# - {name: PS1_i, datatype: float64}
# - {name: PS1_r, datatype: float64}
# - {name: PS1_w, datatype: float64}
# - {name: PS1_y, datatype: float64}
# - {name: PS1_z, datatype: float64}
# - {name: swift_uvot_B, datatype: float64}
# - {name: swift_uvot_U, datatype: float64}
# - {name: swift_uvot_uvm2, datatype: float64}
# - {name: swift_uvot_uvw1, datatype: float64}
# - {name: swift_uvot_uvw2, datatype: float64}
# - {name: swift_uvot_V, datatype: float64}
# - {name: johnson_B, datatype: float64}
# - {name: johnson_I, datatype: float64}
# - {name: johnson_R, datatype: float64}
# - {name: johnson_U, datatype: float64}
# - {name: johnson_V, datatype: float64}
# - {name: sdss_g, datatype: float64}
# - {name: sdss_i, datatype: float64}
# - {name: sdss_r, datatype: float64}
# - {name: sdss_u, datatype: float64}
# - {name: sdss_z, datatype: float64}
# - {name: ATLAS_c, datatype: float64}
# - {name: ATLAS_o, datatype: float64}
# - {name: ukirt_H, datatype: float64}
# - {name: ukirt_J, datatype: float64}
# - {name: ukirt_K, datatype: float64}
# - {name: Clear, datatype: float64}
# meta: !!omap
# - comment: [kappa = 0.5, type = rprocess, mass = 0.051209162050732976, velocity = 0.4216666666666667, theta_obs = 0.0, tfloor = 1000.0]
# schema: astropy-2.0
time PS1_g PS1_i PS1_r PS1_w PS1_y PS1_z swift_uvot_B swift_uvot_U swift_uvot_uvm2 swift_uvot_uvw1 swift_uvot_uvw2 swift_uvot_V johnson_B johnson_I johnson_R johnson_U johnson_V sdss_g sdss_i sdss_r sdss_u sdss_z ATLAS_c ATLAS_o ukirt_H ukirt_J ukirt_K Clear
[from data line 144]
8.71743486973948 6.250054052050231 -2.631774761149046 0.843296016888786 -1.1246277946152006 -6.154964809674315 -4.737288844827177 9.789960628614718 16.44890472650962 30.337500030538795 12.414487258584188 14.92750376506384 4.209570744921016 8.586023311648528 -4.185288067570997 -1.2152553008459968 15.417903547257879 3.254548409752263 7.0625941533646674 -2.5505188090360598 1.071784676385228 16.950010256684447 -5.310716456849178 2.8223725866314275 -1.6300399379783492 -11.10395218758981 -8.95446289210012 -12.464240868062982 -3.410521838376539
8.77755511022044 6.265571783192385 -2.616257030006892 0.8588137480309399 -1.1091100634730466 -6.139447078532161 -4.721771113685023 9.805478359756872 16.464422457651775 30.35301776168095 12.430004989726342 14.943021496205994 4.22508847606317 8.601541042790664 -4.169770336428843 -1.1997375697038606 15.433421278400033 3.270066140894417 7.078111884506821 -2.535001077893906 1.0873024075273818 16.9655279878266 -5.295198725707024 2.8378903177735815 -1.6145222068361953 -11.088434456447656 -8.938945160957966 -12.448723136920828 -3.395004107234385
8.837675350701403 6.280987090243126 -2.600841722956151 0.8742290550816811 -1.0936947564223054 -6.12403177148142 -4.706355806634281 9.820893666807613 16.479837764702516 30.368433068731694 12.445420296777083 14.958436803256735 4.240503783113911 8.616956349841423 -4.1543550293781015 -1.1843222626531016 15.448836585450774 3.285481447945158 7.093527191557563 -2.5195857708431646 1.102717714578123 16.980943294877342 -5.279783418656283 2.8533056248243227 -1.599106899785454 -11.073019149396915 -8.923529853907224 -12.433307829870087 -3.379588800183644
8.897795591182364 6.296306402119729 -2.585522411079566 0.8895483669582838 -1.0783754445457028 -6.108712459604817 -4.691036494757697 9.836212978684198 16.49515707657912 30.38375238060829 12.460739608653668 14.97375611513332 4.255823094990514 8.632275661718008 -4.139035717501517 -1.1690029507765167 15.464155897327377 3.300800759821761 7.108846503434165 -2.504266458966562 1.118037026454708 16.996262606753945 -5.2644641067796805 2.8686249367009253 -1.5837875879088514 -11.057699837520312 -8.908210542030622 -12.417988517993484 -3.364269488307041
8.957915831663327 6.311519478899719 -2.5703093342995764 0.9047614437382734 -1.0631623677657132 -6.093499382824827 -4.675823417977707 9.851426055464188 16.51037015335911 30.398965457388275 12.475952685433658 14.98896919191331 4.271036171770503 8.647488738497998 -4.123822640721527 -1.153789873996527 15.479368974107366 3.3160138366017504 7.124059580214155 -2.4890533821865723 1.1332501032346975 17.011475683533934 -5.249251029999691 2.883838013480915 -1.5685745111288618 -11.042486760740323 -8.892997465250632 -12.402775441213494 -3.3490564115270516
9.018036072144287 6.326634936147766 -2.5551938770515115 0.9198769009863383 -1.0480469105176482 -6.078383925576762 -4.660707960729642 9.866541512712253 16.525485610607173 30.41408091463634 12.491068142681723 15.004084649161374 4.286151629018568 8.662604195746063 -4.108707183473462 -1.1386744167484621 15.494484431355431 3.3311292938498154 7.13917503746222 -2.4739379249385074 1.1483655604827625 17.026591140782 -5.234135572751626 2.89895347072898 -1.5534590538808146 -11.027371303492258 -8.877882008002567 -12.38765998396543 -3.3339409542789866
9.07815631262525 6.341653956451889 -2.540174856747388 0.934895921290444 -1.0330278902135248 -6.063364905272657 -4.645688940425519 9.881560533016376 16.540504630911297 30.429099934940457 12.506087162985846 15.019103669465498 4.301170649322674 8.677623216050186 -4.093688163169339 -1.1236553964443388 15.509503451659537 3.346148314153921 7.154194057766325 -2.4589189046344018 1.163384580786886 17.041610161086123 -5.21911655244752 2.9139724910330855 -1.5384400335766912 -11.012352283188152 -8.862862987698461 -12.372640963661324 -3.318921933974881
9.138276553106213 6.356577654149902 -2.5252511590493754 0.9498196189884567 -1.0181041925155299 -6.048441207574644 -4.630765242727506 9.896484230714389 16.555428328609292 30.444023632638466 12.521010860683859 15.03402736716351 4.3160943470206865 8.692546913748199 -4.078764465471326 -1.108731698746326 15.52442714935755 3.3610720118519337 7.169117755464338 -2.443995206936389 1.1783082784848986 17.056533858784118 -5.2041928547495075 2.9288961887310982 -1.5235163358786785 -10.99742858549014 -8.847939290000449 -12.357717265963311 -3.3039982362768683
9.198396793587174 6.371407361369421 -2.510421451829874 0.9646493262079758 -1.0032744852960107 -6.033611500355125 -4.6159355355080045 9.911313937933908 16.57025803582881 30.458853339857985 12.535840567903378 15.04885707438303 4.330924054240206 8.7073766209677 -4.063934758251807 -1.0939019915268247 15.539256856577069 3.375901719071453 7.183947462683857 -2.42916549971687 1.1931379857044178 17.071363566003637 -5.189363147529988 2.9437258959506174 -1.5086866286591594 -10.98259887827062 -8.83310958278093 -12.342887558743792 -3.289168529057349
9.258517034068136 6.386144276288572 -2.495684536910705 0.9793862411271448 -0.9885375703768418 -6.018874585435956 -4.6011986205888356 9.92605085285306 16.58499495074798 30.473590254777147 12.55057748282253 15.06359398930218 4.345660969159375 8.72211353588687 -4.049197843332656 -1.0791650766076557 15.553993771496238 3.390638633990622 7.198684377603026 -2.414428584797701 1.207874900623569 17.086100480922806 -5.174626232610819 2.9584628108697864 -1.4939497137400082 -10.967861963351451 -8.81837266786176 -12.328150643824623 -3.27443161413818
9.318637274549097 6.400789536184774 -2.4810392770145206 0.9940315010233292 -0.9738923104806574 -6.004229325539772 -4.586553360692651 9.940696112749244 16.599640210644164 30.48823551467333 12.565222742718714 15.078239249198365 4.360306229055559 8.736758795783054 -4.034552583436471 -1.0645198167114713 15.568639031392422 3.405283893886806 7.213329637499211 -2.3997833249015166 1.2225201605197533 17.10074574081899 -5.159980972714635 2.9731080707659707 -1.479304453843806 -10.953216703455267 -8.803727407965576 -12.313505383928439 -3.259786354241996
9.37875751503006 6.415344418787452 -2.4664843944118253 1.0085863836260067 -0.9593374278779621 -5.989674442937094 -4.571998478089956 9.955250995351939 16.61419509324686 30.50279039727602 12.579777625321409 15.09279413180106 4.3748611116582365 8.751313678385749 -4.019997700833776 -1.049964934108776 15.5831939139951 3.4198387764894838 7.227884520101888 -2.385228442298839 1.2370750431224486 17.115300623421685 -5.1454260901119575 2.9876629533686483 -1.4647495712411285 -10.93866182085259 -8.789172525362899 -12.298950501325761 -3.2452314716393182
9.438877755511022 6.42981009236431 -2.4520187208349675 1.0230520572028645 -0.9448717543011043 -5.975208769360236 -4.557532804513098 9.969716668928797 16.628660766823717 30.517256070852877 12.594243298898267 15.107259805377918 4.389326785235094 8.765779351962607 -4.005532027256918 -1.0354992605319182 15.597659587571957 3.4343044500663416 7.242350193678764 -2.370762768721981 1.2515407166993064 17.129766296998543 -5.1309604165351 3.002128626945524 -1.4502838976642707 -10.924196147275731 -8.774706851786041 -12.284484827748903 -3.2307657980624604
9.498997995991983 6.444187624326947 -2.437641188872348 1.0374295891655017 -0.9304942223384849 -5.960831237397599 -4.543155272550479 9.984094200891416 16.643038298786337 30.531633602815514 12.608620830860904 15.121637337340537 4.4037043171977315 8.780156883925226 -3.9911544952942988 -1.0211217285692988 15.612037119534595 3.4486819820289787 7.256727725641383 -2.356385236759344 1.2659182486619436 17.144143828961163 -5.116582884572463 3.016506158908143 -1.4359063657016335 -10.909818615313094 -8.760329319823404 -12.270107295786266 -3.2163882660998233
9.559118236472946 6.458478247957888 -2.4233505652414067 1.0517202127964431 -0.9162035987075434 -5.946540613766658 -4.528864648919537 9.998384824522358 16.65732892241728 30.54592422644645 12.622911454491827 15.135927960971479 4.417994940828673 8.794447507556168 -3.9768638716633573 -1.0068311049383574 15.626327743165536 3.46297260565992 7.271018349272325 -2.3420946131284026 1.2802088722928673 17.158434452592104 -5.102292260941521 3.0307967825390847 -1.421615742070692 -10.895527991682153 -8.746038696192462 -12.255816672155325 -3.202097642468882
9.619238476953907 6.472683078940076 -2.4091457342592015 1.0659250437786305 -0.9019987677253383 -5.93233578278447 -4.514659817937332 10.012589655504563 16.671533753399483 30.56012905742865 12.637116285474033 15.150132791953684 4.43219977181086 8.808652338538373 -3.962659040681152 -0.9926262739561522 15.640532574147723 3.4771774366421253 7.28522318025453 -2.3278897821462152 1.2944137032750724 17.17263928357431 -5.088087429959334 3.04500161352129 -1.4074109110885047 -10.881323160699948 -8.731833865210275 -12.241611841173137 -3.1878928114866945
9.67935871743487 6.4868031207550025 -2.3950256924442925 1.0800450855935573 -0.8878787259104293 -5.9182157409695435 -4.500539776122423 10.026709697319472 16.685653795214392 30.57424909924357 12.65123632728896 15.164252833768593 4.446319813625787 8.822772380353282 -3.948538998866243 -0.9785062321412432 15.65465261596265 3.4912974784570343 7.299343222069439 -2.3137697403312885 1.3085337450899814 17.186759325389218 -5.073967388144407 3.059121655336199 -1.393290869273578 -10.867203118885039 -8.717713823395348 -12.22749179935821 -3.1737727696717677
9.739478957915832 6.500839514982424 -2.3809892982168535 1.0940814798209786 -0.873842331683008 -5.904179346742122 -4.486503381894984 10.040746091546911 16.699690189441814 30.588285493470995 12.66527272151638 15.178289227996032 4.460356207853208 8.836808774580703 -3.934502604638804 -0.9644698379138219 15.668689010190072 3.5053338726844556 7.31337961629686 -2.299733346103867 1.3225701393174205 17.20079571961664 -5.059930993916986 3.07315804956362 -1.3792544750461566 -10.853166724657617 -8.703677429167927 -12.213455405130789 -3.1597363754443464
9.799599198396793 6.514793332758444 -2.3670354804408333 1.1080352975969987 -0.8598885139069701 -5.890225528966102 -4.472549564118964 10.054699909322931 16.71364400721785 30.602239311247022 12.6792265392924 15.192243045772052 4.4743100256292285 8.850762592356741 -3.920548786862784 -0.950516020137784 15.682642827966092 3.5192876904604935 7.327333434072898 -2.285779528327847 1.3365239570934406 17.214749537392677 -5.0459771761409655 3.087111867339658 -1.3653006572701365 -10.839212906881597 -8.689723611391907 -12.199501587354769 -3.1457825576683263
9.859719438877756 6.528665540554979 -2.3531632726442986 1.1219075053935335 -0.8460163061104353 -5.876353321169567 -4.458677356322429 10.068572117119466 16.727516215014386 30.616111519043553 12.693098747088936 15.206115253568587 4.488182233425763 8.864634800153276 -3.906676579066249 -0.9366438123412493 15.696515035762626 3.5331598982570283 7.341205641869433 -2.2719073205313123 1.3503961648899754 17.228621745189212 -5.032104968344431 3.100984075136193 -1.3514284494736017 -10.825340699085062 -8.675851403595372 -12.185629379558234 -3.1319103498717915
9.919839679358716 6.542457165116744 -2.3393716480825333 1.1356991299552988 -0.83222468154867 -5.862561696607802 -4.444885731760664 10.082363741681231 16.74130783957615 30.629903143605322 12.706890371650701 15.219906878130352 4.501973857987529 8.878426424715041 -3.892884954504484 -0.922852187779484 15.710306660324392 3.546951522818776 7.354997266431198 -2.258115695969547 1.3641877894517407 17.242413369750977 -5.0183133437826655 3.114775699697958 -1.3376368249118364 -10.811549074523297 -8.662059779033607 -12.171837754996469 -3.118118725310026
9.97995991983968 6.55616925169122 -2.3256595615080755 1.1494112165297743 -0.8185125949742122 -5.8488496100333265 -4.431173645186206 10.096075828255707 16.75501992615061 30.643615230179787 12.720602458225176 15.233618964704828 4.515685944562004 8.892138511289499 -3.8791728679300084 -0.9091401012050262 15.724018746898867 3.5606636093932513 7.368709353005656 -2.2444036093950714 1.3778998760262162 17.256125456325435 -5.00460125720819 3.128487786272416 -1.323924738337361 -10.797836987948822 -8.648347692459131 -12.158125668421993 -3.1044066387355507
10.040080160320642 6.569802714256365 -2.312026098942912 1.1630446790949378 -0.8048791324090487 -5.835216147468181 -4.4175401826210425 10.109709290820852 16.768653388715773 30.65724869274494 12.734235920790322 15.247252427269974 4.52931940712715 8.905771973854662 -3.8655394053648626 -0.8955066386398627 15.737652209464013 3.574297071958415 7.382342815570819 -2.2307701468299257 1.391533338591362 17.2697589188906 -4.990967794643044 3.1421212488375794 -1.3102912757722152 -10.784203525383658 -8.634714229893985 -12.144492205856848 -3.090773176170405
10.100200400801603 6.583358500290313 -2.2984703129089645 1.1766004651288853 -0.7913233463751013 -5.8216603614342155 -4.403984396587095 10.1232650768548 16.78220917474972 30.670804478778887 12.74779170682427 15.260808213303921 4.542875193161115 8.91932775988861 -3.851983619330915 -0.8819508526059152 15.751207995497978 3.5878528579923623 7.395898601604767 -2.2172143607959782 1.4050891246253094 17.283314704924546 -4.977412008609097 3.155677034871527 -1.2967354897382677 -10.77064773934971 -8.62115844386002 -12.1309364198229 -3.0772173901364397
10.160320641282565 6.5968375955515235 -2.284991217647754 1.1900795603900782 -0.7778442511138906 -5.8081812661730225 -4.390505301325884 10.13674417211601 16.79568827001093 30.684283574040098 12.76127080208548 15.274287308565132 4.556354288422308 8.93280685514982 -3.8385045240697044 -0.8684717573447045 15.764687090759171 3.601331953253573 7.4093776968659775 -2.2037352655347675 1.4185682198865202 17.296793800185757 -4.963932913347886 3.1691561301327376 -1.283256394477057 -10.757168644088518 -8.607679348598827 -12.11745732456169 -3.0637382948752467
10.220440881763526 6.610240903742444 -2.2715879094568336 1.2034828685809984 -0.7644409429229881 -5.794777957982102 -4.377101993134964 10.15014748030693 16.809091578201834 30.697686882231014 12.7746741102764 15.287690616756052 4.569757596613228 8.946210163340723 -3.8251012158787843 -0.8550684491538021 15.778090398950091 3.6147352614444754 7.42278100505688 -2.1903319573438473 1.4319715280774403 17.31019710837666 -4.950529605156966 3.18255943832364 -1.2698530862861368 -10.743765335897598 -8.594276040407907 -12.10405401637077 -3.0503349866843266
10.280561122244489 6.623569266182923 -2.2582595470163547 1.2168112310214774 -0.7511125804825092 -5.781449595541623 -4.363773630694485 10.16347584274741 16.822419940642312 30.71101524467149 12.78800247271688 15.301018979196531 4.583085959053707 8.95953852578122 -3.8117728534383053 -0.8417400867133231 15.79141876139057 3.6280636238849544 7.436109367497359 -2.1770035949033684 1.4452998905179193 17.32352547081714 -4.937201242716487 3.195887800764119 -1.2565247238456578 -10.730436973457119 -8.580947677967428 -12.09072565393029 -3.0370066242438476
10.34068136272545 6.636823633659965 -2.2450051795393122 1.2300655984985376 -0.737858213005449 -5.768195228064581 -4.350519263217443 10.176730210224452 16.835674308119373 30.724269612148543 12.801256840193922 15.314273346673573 4.59634032653075 8.972792893258262 -3.798518485961263 -0.8284857192362629 15.80467312886763 3.6413179913620146 7.449363734974419 -2.163749227426326 1.4585542579949617 17.3367798382942 -4.923946875239444 3.209142168241179 -1.2432703563686154 -10.717182605980058 -8.567693310490368 -12.077471286453248 -3.023752256766805
