web/models/kne/31/mosfit_kn_0.005245_0.1083_10.0000.dat
# %ECSV 1.0
# ---
# datatype:
# - {name: time, datatype: float64}
# - {name: PS1_g, datatype: float64}
# - {name: PS1_i, datatype: float64}
# - {name: PS1_r, datatype: float64}
# - {name: PS1_w, datatype: float64}
# - {name: PS1_y, datatype: float64}
# - {name: PS1_z, datatype: float64}
# - {name: swift_uvot_B, datatype: float64}
# - {name: swift_uvot_U, datatype: float64}
# - {name: swift_uvot_uvm2, datatype: float64}
# - {name: swift_uvot_uvw1, datatype: float64}
# - {name: swift_uvot_uvw2, datatype: float64}
# - {name: swift_uvot_V, datatype: float64}
# - {name: johnson_B, datatype: float64}
# - {name: johnson_I, datatype: float64}
# - {name: johnson_R, datatype: float64}
# - {name: johnson_U, datatype: float64}
# - {name: johnson_V, datatype: float64}
# - {name: sdss_g, datatype: float64}
# - {name: sdss_i, datatype: float64}
# - {name: sdss_r, datatype: float64}
# - {name: sdss_u, datatype: float64}
# - {name: sdss_z, datatype: float64}
# - {name: ATLAS_c, datatype: float64}
# - {name: ATLAS_o, datatype: float64}
# - {name: ukirt_H, datatype: float64}
# - {name: ukirt_J, datatype: float64}
# - {name: ukirt_K, datatype: float64}
# - {name: Clear, datatype: float64}
# meta: !!omap
# - comment: [kappa = 10.0, type = rprocess, mass = 0.005244756555828381, velocity = 0.10833333333333334, theta_obs = 0.0, tfloor = 1000.0]
# schema: astropy-2.0
time PS1_g PS1_i PS1_r PS1_w PS1_y PS1_z swift_uvot_B swift_uvot_U swift_uvot_uvm2 swift_uvot_uvw1 swift_uvot_uvw2 swift_uvot_V johnson_B johnson_I johnson_R johnson_U johnson_V sdss_g sdss_i sdss_r sdss_u sdss_z ATLAS_c ATLAS_o ukirt_H ukirt_J ukirt_K Clear
[from data line 261]
15.751503006012024 9.378231168643172 0.49640235544389455 3.9714731334817444 2.003549321977758 -3.026787693081374 -1.609111728234236 12.918137745207659 19.57708184310257 33.46567714713175 15.542664375177129 18.05568088165678 7.337747861513956 11.714200428241469 -1.057110950978056 1.9129218157469439 18.54608066385082 6.382725526345221 10.190771269957626 0.5776583075568809 4.1999617929781685 20.078187373277405 -2.1825393402562376 5.950549703224386 1.4981371786145914 -7.9757750709968525 -5.826285775507179 -9.336063751470041 -0.2823447217835984
15.811623246492985 9.386363578800925 0.5045347656016475 3.9796055436394973 2.0116817321355107 -3.0186552829236035 -1.600979318076483 12.926270155365412 19.585214253260332 33.473809557289506 15.550796785334882 18.063813291814533 7.345880271671727 11.722332838399222 -1.0489785408203032 1.9210542259046968 18.55421307400859 6.390857936502974 10.198903680115379 0.5857907177146338 4.208094203135921 20.086319783435158 -2.1744069300984847 5.958682113382139 1.5062695887723443 -7.9676426608390996 -5.818153365349408 -9.327931341312288 -0.2742123116258455
15.871743486973948 9.39445620720008 0.5126273940008019 3.987698172038634 2.0197743605346474 -3.010562654524467 -1.5928866896773286 12.934362783764566 19.59330688165948 33.48190218568865 15.558889413734036 18.071905920213688 7.353972900070864 11.730425466798359 -1.0408859124211487 1.9291468543038335 18.562305702407727 6.398950564902111 10.206996308514515 0.5938833461137882 4.216186831535076 20.094412411834295 -2.1663143016993303 5.9667747417812755 1.5143622171714988 -7.959550032439963 -5.8100607369502715 -9.319838712913134 -0.266119683226691
15.931863727454909 9.40250966622882 0.5206808530295248 3.9957516310673746 2.027827819563388 -3.002509195495726 -1.5848332306486057 12.94241624279329 19.60136034068821 33.489955644717384 15.566942872762759 18.07995937924241 7.3620263590996045 11.7384789258271 -1.0328324533924258 1.9372003133325741 18.570359161436468 6.407004023930852 10.215049767543256 0.6019368051425289 4.224240290563799 20.102465870863035 -2.1582608426705896 5.974828200810016 1.5224156762002394 -7.951496573411222 -5.802007277921531 -9.311785253884393 -0.25806622419795033
15.991983967935871 9.410524442291095 0.5286956290918177 4.00376640712965 2.035842595625663 -2.994494419433451 -1.5768184545863129 12.950431018855582 19.609375116750492 33.497970420779666 15.574957648825052 18.087974155304703 7.3700411351618795 11.746493701889392 -1.024817677330133 1.9452150893948492 18.578373937498743 6.415018799993127 10.223064543605531 0.609951581204804 4.232255066626092 20.11048064692531 -2.1502460666083145 5.982842976872291 1.5304304522625145 -7.943481797348947 -5.793992501859256 -9.303770477822118 -0.25005144813567526
16.052104208416832 9.418501033656526 0.5366722204572483 4.01174299849508 2.0438191869910938 -2.9865178280680205 -1.5688418632208823 12.958407610221013 19.617351708115926 33.50594701214509 15.582934240190482 18.095950746670134 7.37801772652731 11.754470293254805 -1.0168410859647024 1.9531916807602798 18.586350528864173 6.422995391358557 10.231041134970962 0.6179281725702346 4.240231657991522 20.11845723829074 -2.142269475242884 5.990819568237722 1.5384070436279451 -7.9355052059835165 -5.786015910493825 -9.295793886456687 -0.24207485677024465
16.112224448897795 9.426439957321868 0.5446111441225909 4.019681922160423 2.051758110656454 -2.978578904402678 -1.5609029395555396 12.966346533886355 19.62529063178127 33.51388593581045 15.590873163855825 18.103889670335477 7.385956650192653 11.762409216920165 -1.0089021622993597 1.9611306044256402 18.594289452529516 6.4309343150239 10.238980058636322 0.6258670962355772 4.248170581656865 20.1263961619561 -2.1343305515775413 5.998758491903082 1.5463459672932878 -7.927566282318174 -5.7780769868284825 -9.287854962791345 -0.234135933104902
16.172344689378757 9.434341690629893 0.5525128774306154 4.027583655468447 2.0596598439644787 -2.9706771710946533 -1.5530012062475151 12.97424826719438 19.633192365089293 33.521787669118474 15.59877489716385 18.1117914036435 7.393858383500677 11.77031095022819 -1.0010004289913352 1.9690323377336647 18.60219118583754 6.438836048331942 10.246881791944347 0.6337688295436017 4.256072314964889 20.134297895264126 -2.126428818269517 6.006660225211107 1.5542477006013122 -7.919664549010149 -5.770175253520458 -9.27995322948332 -0.22623419979687753
16.23246492985972 9.442206889793674 0.5603780765943966 4.035448854632229 2.06752504312826 -2.962811971930872 -1.5451360070837339 12.982113466358161 19.641057564253074 33.52965286828225 15.60664009632763 18.119656602807282 7.4017235826644585 11.778176149391971 -0.993135229827554 1.976897536897446 18.61005638500132 6.446701247495706 10.25474699110811 0.641634028707383 4.263937514128671 20.142163094427907 -2.1185636191057355 6.01452542437487 1.5621128997650935 -7.911799349846368 -5.762310054356677 -9.272088030319539 -0.21836900063309628
16.29258517034068 9.450035936007364 0.5682071228080865 4.0432779008459185 2.0753540893419498 -2.9549829257171822 -1.537306960870044 12.98994251257185 19.64888661046676 33.53748191449594 15.61446914254132 18.127485649020972 7.409552628878148 11.78600519560566 -0.9853061836138641 1.9847265831111358 18.61788543121501 6.454530293709396 10.262576037321818 0.6494630749210728 4.2717665603423605 20.149992140641597 -2.1107345728920457 6.022354470588578 1.5699419459787833 -7.903970303632678 -5.754481008142987 -9.26425898410585 -0.21053995441940643
16.352705410821642 9.457829212059341 0.5760003988600637 4.051071176897896 2.083147365393927 -2.947189649665205 -1.5295136848180668 12.997735788623828 19.656679886518738 33.54527519054792 15.622262418593298 18.13527892507295 7.417345904930126 11.793798471657638 -0.9775129075618869 1.992519859163113 18.62567870726699 6.4623235697613906 10.270369313373795 0.65725635097305 4.279559836394338 20.157785416693574 -2.1029412968400685 6.030147746640555 1.5777352220307606 -7.896177027580701 -5.74668773209101 -9.256465708053872 -0.2027466783674292
16.412825651302605 9.465587297277853 0.5837584840785581 4.058829262116408 2.0909054506124214 -2.939431564446693 -1.5217555995995724 13.005493873842322 19.664437971737243 33.553033275766424 15.63002050381181 18.143037010291444 7.425103990148638 11.801556556876132 -0.9697548223433925 2.000277944381607 18.6334367924855 6.470081654979885 10.27812739859229 0.6650144361915622 4.28731792161285 20.16554350191207 -2.0951832116215563 6.0379058318590495 1.5854933072492727 -7.888418942362189 -5.7389296468724975 -9.24870762283536 -0.19498859314891703
16.472945891783567 9.473310493333535 0.5914816801342582 4.066552458172108 2.0986286466681214 -2.9317083683910106 -1.5140324035438724 13.013217069898023 19.672161167792943 33.56075647182212 15.637743699867492 18.150760206347144 7.43282718620432 11.809279752931833 -0.9620316262876925 2.0080011404373073 18.641159988541183 6.477804851035585 10.28585059464799 0.6727376322472445 4.295041117668532 20.17326669796777 -2.087460015565874 6.0456290279147495 1.593216503304955 -7.880695746306489 -5.7312064508167975 -9.240984426779677 -0.18726539709323475
16.53306613226453 9.480999401690333 0.5991705884910559 4.074241366528906 2.106317555024919 -2.924019460034213 -1.5063434951870747 13.02090597825482 19.679850076149734 33.568445380178915 15.64543260822429 18.15844911470394 7.440516094561118 11.81696866128863 -0.9543427179308948 2.015690048794105 18.64884889689798 6.485493759392383 10.293539503004787 0.6804265406040422 4.30273002602533 20.180955606324567 -2.0797711072090763 6.053317936271547 1.6009054116617527 -7.873006837949691 -5.7235175424600175 -9.23329551842288 -0.17957648873643706
16.59318637274549 9.48865436945388 0.6068255562546021 4.081896334292434 2.1139725227884654 -2.9163644922706666 -1.4986885274235284 13.028560946018366 19.687505043913276 33.57610034794245 15.653087575987836 18.166104082467488 7.448171062324664 11.824623629052176 -0.9466877501673485 2.023345016557651 18.656503864661527 6.493148727155911 10.301194470768333 0.6880815083675884 4.310384993788876 20.188610574088113 -2.07211613944553 6.0609729040350935 1.608560379425299 -7.865351870186163 -5.715862574696471 -9.225640550659334 -0.17192152097289082
16.65330661322645 9.496275728080068 0.614446914880773 4.089517692918623 2.1215938814146362 -2.908743133644478 -1.4910671687973576 13.036182304644537 19.695126402539458 33.58372170656864 15.660708934614025 18.173725441093676 7.455792420950853 11.832244987678347 -0.9390663915411777 2.030966375183822 18.664125223287716 6.5007700857821 10.308815829394504 0.695702866993777 4.318006352415065 20.196231932714284 -2.0644947808193415 6.068594262661264 1.6161817380514876 -7.857730511559974 -5.708241216070283 -9.218019192033145 -0.1643001623467022
16.713426853707414 9.503864020661954 0.6220352074626767 4.097105985500509 2.129182173996522 -2.901154841062592 -1.4834788762154538 13.043770597226441 19.70271469512135 33.591309999150525 15.668297227195911 18.181313733675562 7.463380713532739 11.839833280260251 -0.9314780989592739 2.038554667765726 18.6717135158696 6.508358378363986 10.31640412197639 0.703291159575663 4.325594644996951 20.203820225296177 -2.0569064882374555 6.07618255524315 1.6237700306333736 -7.850142218978088 -5.700652923488397 -9.210430899451259 -0.15671186976481621
16.773547094188377 9.511419498935041 0.6295906857357636 4.104661463773613 2.136737652269627 -2.893599362789505 -1.475923397942367 13.051326075499528 19.71027017339445 33.59886547742362 15.675852705468998 18.18886921194865 7.4709361918058255 11.847388758533338 -0.923922620686187 2.0461101460388127 18.679268994142706 6.51591385663709 10.323959600249495 0.7108466378487499 4.333150123270038 20.211375703569274 -2.0493510099643686 6.083738033516255 1.6313255089064604 -7.842586740704983 -5.693097445215292 -9.202875421178172 -0.14915639149172932
16.83366733466934 9.518942637472598 0.637113824273321 4.112184602311171 2.1442607908071842 -2.88607622425193 -1.4684002594048096 13.058849214037085 19.717793311932006 33.60638861596118 15.683375844006555 18.196392350486207 7.478459330343401 11.854911897070895 -0.9163994821486297 2.05363328457637 18.686792132680264 6.523436995174648 10.331482738787052 0.7183697763863073 4.340673261807595 20.21889884210683 -2.041827871426811 6.091261172053812 1.6388486474440178 -7.835063602167426 -5.685574306677735 -9.195352282640615 -0.1416332529541542
16.8937875751503 9.526433795797153 0.6446049825978761 4.119675760635708 2.1517519491317394 -2.8785850659273926 -1.4609091010802544 13.06634037236164 19.725284470256554 33.613879774285735 15.69086700233111 18.203883508810762 7.485950488667938 11.86240305539545 -0.9089083238240745 2.0611244429009252 18.6942832910048 6.530928153499185 10.338973897111607 0.7258609347108624 4.34816442013215 20.22639000043138 -2.034336713102256 6.0987523303783675 1.646339805768573 -7.827572443842889 -5.678083148353197 -9.18786112431606 -0.1341420946296168
16.95390781563126 9.533893252922123 0.6520644397228459 4.127135217760678 2.1592114062566914 -2.871125608802423 -1.4534496439552846 13.07379982948661 19.73274392738152 33.621339231410694 15.69832645945608 18.21134296593573 7.493409945792908 11.86986251252042 -0.9014488666991047 2.068583900025877 18.70174274812977 6.538387610624155 10.34643335423656 0.7333203918358322 4.35562387725712 20.233849457556346 -2.0268772559772863 6.1062117875033195 1.6537992628935427 -7.820112986717919 -5.6706236912282275 -9.18040166719109 -0.12668263750464703
17.014028056112224 9.541321513291603 0.6594927000923256 4.134563478130158 2.166639666626171 -2.863697348432943 -1.446021383585805 13.08122808985609 19.740172187751 33.628767491780174 15.70575471982556 18.21877122630521 7.5008382061623875 11.877290772889882 -0.894020606329625 2.076012160395357 18.70917100849925 6.545815870993635 10.35386161460604 0.7407486522053119 4.3630521376266 20.241277717925826 -2.0194489956078066 6.113640047872799 1.6612275232630225 -7.812684726348439 -5.663195430858748 -9.17297340682161 -0.11925437713516729
17.074148296593187 9.548718826980025 0.6668900137807476 4.14196079181858 2.174036980314611 -2.856300034744521 -1.438624069897383 13.088625403544512 19.747569501439422 33.6361648054686 15.713152033513982 18.226168539993633 7.5082355198508095 11.884688086578322 -0.886623292641203 2.0834094740837967 18.716568322187673 6.553213184682057 10.361258928294479 0.7481459658937339 4.370449451315022 20.248675031614248 -2.0120516819193845 6.121037361561239 1.6686248369514445 -7.805287412660017 -5.655798117170326 -9.165576093133188 -0.11185706344674529
17.13426853707415 9.556085577486844 0.6742567642875663 4.149327542325398 2.181403730821412 -2.8489332842377024 -1.4312573193905642 13.09599215405133 19.75493625194624 33.643531555975414 15.7205187840208 18.233535290500452 7.515602270357628 11.89205483708514 -0.8792565421343843 2.0907762245905976 18.72393507269449 6.560579935188875 10.36862567880128 0.7555127164005526 4.37781620182184 20.256041782121066 -2.004684931412566 6.12840411206804 1.6759915874582632 -7.7979206621531985 -5.648431366663507 -9.15820934262637 -0.10449031293992661
17.19438877755511 9.563422050534438 0.6815932373351608 4.156664015372993 2.188740203869024 -2.841596811190108 -1.4239208463429698 13.103328627098925 19.762272724993835 33.650868029023016 15.727855257068395 18.240871763548046 7.522938743405223 11.899391310132735 -0.8719200690867899 2.09811269763821 18.731271545742086 6.56791640823647 10.375962151848892 0.7628491894481471 4.385152674869435 20.26337825516866 -1.9973484583649714 6.135740585115652 1.6833280605058576 -7.790584189105604 -5.641094893615913 -9.150872869578775 -0.09715383989233217
17.25450901803607 9.570728534049753 0.6888997208504577 4.1639704988883075 2.196046687384321 -2.8342903276747933 -1.4166143628276728 13.110635110614222 19.769579208509143 33.658174512538324 15.73516174058371 18.24817824706336 7.530245226920537 11.906697793648032 -0.8646135855714752 2.105419181153507 18.7385780292574 6.5752228917517845 10.383268635364189 0.7701556729634618 4.392459158384749 20.27068473868397 -1.9900419748496567 6.143047068630949 1.6906345440211723 -7.783277705590289 -5.633788410100598 -9.14356638606346 -0.08984735637701746
17.314629258517034 9.578005492049968 0.6961766788506729 4.171247456888523 2.203323645384536 -2.827013369674578 -1.4093374048274576 13.117912068614437 19.776856166509358 33.665451470538535 15.742438698583925 18.255455205063576 7.5375221849207525 11.913974751648247 -0.85733662757126 2.112696139153722 18.745854987257616 6.582499849752 10.390545593364404 0.777432630963677 4.399736116384965 20.277961696684184 -1.9827650168494415 6.150324026631164 1.6979115020213875 -7.776000747590074 -5.626511452100383 -9.136289428063245 -0.08257039837680225
17.374749498997996 9.585253148534374 0.7034243353350966 4.178495113372929 2.21057130186896 -2.819765713190172 -1.402089748343034 13.125159725098861 19.78410382299377 33.672699127022945 15.74968635506833 18.262702861547982 7.5447698414051585 11.921222408132671 -0.850088971086854 2.1199437956381457 18.75310264374202 6.589747506236406 10.39779324984881 0.7846802874480829 4.406983772869371 20.285209353168597 -1.9755173603650356 6.157571683115588 1.7051591585057935 -7.768753091105668 -5.619263795615977 -9.129041771578839 -0.0753227418923963
17.43486973947896 9.592471831603255 0.710643018403978 4.185713796441828 2.2177899849378413 -2.812547030121273 -1.3948710652741525 13.132378408167742 19.791322506062663 33.67991781009184 15.756905038137212 18.269921544616864 7.551988524474058 11.928441091201552 -0.8428702880179726 2.127162478707027 18.76032132681092 6.596966189305305 10.40501193291771 0.7918989705169643 4.414202455938252 20.29242803623749 -1.9682986772961542 6.164790366184469 1.7123778415746749 -7.761534408036769 -5.612045112547078 -9.121823088509958 -0.06810405882349713
