web/models/kne/31/mosfit_kn_0.012011_0.1083_0.5000.dat
# %ECSV 1.0
# ---
# datatype:
# - {name: time, datatype: float64}
# - {name: PS1_g, datatype: float64}
# - {name: PS1_i, datatype: float64}
# - {name: PS1_r, datatype: float64}
# - {name: PS1_w, datatype: float64}
# - {name: PS1_y, datatype: float64}
# - {name: PS1_z, datatype: float64}
# - {name: swift_uvot_B, datatype: float64}
# - {name: swift_uvot_U, datatype: float64}
# - {name: swift_uvot_uvm2, datatype: float64}
# - {name: swift_uvot_uvw1, datatype: float64}
# - {name: swift_uvot_uvw2, datatype: float64}
# - {name: swift_uvot_V, datatype: float64}
# - {name: johnson_B, datatype: float64}
# - {name: johnson_I, datatype: float64}
# - {name: johnson_R, datatype: float64}
# - {name: johnson_U, datatype: float64}
# - {name: johnson_V, datatype: float64}
# - {name: sdss_g, datatype: float64}
# - {name: sdss_i, datatype: float64}
# - {name: sdss_r, datatype: float64}
# - {name: sdss_u, datatype: float64}
# - {name: sdss_z, datatype: float64}
# - {name: ATLAS_c, datatype: float64}
# - {name: ATLAS_o, datatype: float64}
# - {name: ukirt_H, datatype: float64}
# - {name: ukirt_J, datatype: float64}
# - {name: ukirt_K, datatype: float64}
# - {name: Clear, datatype: float64}
# meta: !!omap
# - comment: [kappa = 0.5, type = rprocess, mass = 0.012011244339858356, velocity = 0.10833333333333334, theta_obs = 0.0, tfloor = 1000.0]
# schema: astropy-2.0
time PS1_g PS1_i PS1_r PS1_w PS1_y PS1_z swift_uvot_B swift_uvot_U swift_uvot_uvm2 swift_uvot_uvw1 swift_uvot_uvw2 swift_uvot_V johnson_B johnson_I johnson_R johnson_U johnson_V sdss_g sdss_i sdss_r sdss_u sdss_z ATLAS_c ATLAS_o ukirt_H ukirt_J ukirt_K Clear
[from data line 85]
5.170340681362725 -4.3957014744426814 -9.060417622139685 -7.266832899243116 -7.8273477621267595 -10.747145722472204 -10.096552557718521 -2.540171988091312 0.4630128347429088 9.456077631694036 1.0695612876168608 2.976949146894864 -5.6571272771254515 -2.91767078679888 -10.01419018072583 -8.15056810464861 0.01974383758420084 -5.946876817628881 -3.963540443254434 -9.021308215007764 -7.196935072303781 1.1105977838294656 -10.30960334005039 -5.965327821582296 -8.325020916248196 -12.764627148357748 -11.948203175262647 -13.168441243441682 -8.759661362313196
5.2304609218436875 -4.225589509951497 -8.953885249306772 -7.134649800677675 -7.71372792041209 -10.6681812567866 -10.006334099887475 -2.34518122644869 0.7114091809028624 9.794510647615407 1.260927176588194 3.1703944967381017 -5.4999806007820355 -2.7317532854986166 -9.916230402984542 -8.032072636767424 0.26010204511218726 -5.796556823701217 -3.7876392841334194 -8.914072666728341 -7.062879941251055 1.3567185128335169 -10.223715183208117 -5.82139766385259 -8.211904190778974 -12.728312057598073 -11.892378557886419 -13.145824148882228 -8.664243433904968
5.290581162324649 -4.055903882060701 -8.847498957169257 -7.002731530115067 -7.6004254307810015 -10.589256087294938 -9.916190312006172 -2.150694238286049 0.959128009480086 10.131210884112654 1.4512664972374627 3.363072400274462 -5.343144596149927 -2.5464173357447213 -9.818396871717347 -7.913911521502251 0.4998040765359303 -5.646612472089385 -3.6121889351345793 -8.806987342360237 -6.929077160523551 1.6021908755401881 -10.137914615439918 -5.6778658176429175 -8.099064103022542 -12.691926530049338 -11.836534993549302 -13.123114002987764 -8.569147411030862
5.350701402805611 -3.8866952105104957 -8.74129659418685 -6.871121321685241 -7.487474353692534 -10.510401590769778 -9.82615533635288 -1.9567681339715925 1.2061003847585818 10.466102796151159 1.6405459352282041 3.554944473816836 -5.18666926206586 -2.3617161819713357 -9.72072526691462 -7.796123467632879 0.7387820498075183 -5.497091380644947 -3.43724133056055 -8.700090271324132 -6.7955708337676235 1.8469450625621953 -10.052234548870445 -5.5347745003120785 -7.986537413542063 -12.655490274018229 -11.780697691676226 -13.100326295269634 -8.474401467342663
5.410821643286573 -3.717898705057312 -8.63523802496454 -6.7397693141784565 -7.374826945047808 -10.43158744383419 -9.736194956026907 -1.7633298807966569 1.4524190188989297 10.799325121343998 1.8288581776047157 3.7460997636840223 -5.030496702321455 -2.1775784064244026 -9.623178361927256 -7.678662289258658 0.9771250165392399 -5.347937395813138 -3.2627295814158863 -8.593341084891133 -6.6623108374975 2.091071643017841 -9.966642125614129 -5.392066128120412 -7.874279168746909 -12.618986607077305 -11.724843885880974 -13.077448275216222 -8.379962847707123
5.4709418837675345 -3.5494966064081446 -8.529314709291285 -6.6086634535011335 -7.262469002427299 -10.352808266624507 -9.646302608238475 -1.570359457654461 1.6981106654957048 11.13092892109687 2.0162423514621968 3.9365732546104195 -4.874612836716968 -1.993983445808411 -9.52574845992202 -7.561516324247564 1.2148580479974025 -5.199136551938552 -3.088635230749528 -8.486731179132594 -6.529285296954281 2.334595831983677 -9.88113110490076 -5.249723913114881 -7.762277671734541 -12.582413569262394 -11.668970199608493 -13.05447864379081 -8.285818008282586
5.531062124248497 -3.381468584096883 -8.423516250404077 -6.477789527319455 -7.150384627140394 -10.274057174061344 -9.556470075392713 -1.3778339299076692 1.9432056226993313 11.460969810881988 2.202739058042891 4.126401493367307 -4.719001084081758 -1.8109079929289111 -9.428426122461541 -7.444671970201562 1.4520096920141934 -5.050672506287676 -2.9149371810093427 -8.380250084850278 -6.396480141653562 2.577546416644463 -9.795693659899936 -5.107728922788439 -7.650519375790754 -12.545768315613406 -11.613072080073595 -13.03141543028241 -8.19195201382584
5.591182364729459 -3.213800850546864 -8.317836556093887 -6.347138516978088 -7.038562671201216 -10.19533065108055 -9.466692887390504 -1.1857377287204607 2.1877249591002546 11.789491140685634 2.388380500771508 4.31561256536591 -4.563650890173492 -1.6283358263638663 -9.331205927632784 -7.328120369404368 1.6885995743675397 -4.902534726870209 -2.741621077387393 -8.27389166114445 -6.263886549439697 2.8199430814573034 -9.710325570920428 -4.966067953120916 -7.5389953261708165 -12.509049986100658 -11.557147585459829 -13.008258215239133 -8.098354115460573
5.651302605210421 -3.0464779082174687 -8.212268270967602 -6.216699948235558 -6.926990879807722 -10.1166241491023 -9.376965441800795 -0.9940533453382827 2.4316920840975875 12.116539251648156 2.5731996659402694 4.504235409684473 -4.4085500163754725 -1.4462489048021825 -9.234081266372726 -7.211851356415136 1.9246496260668056 -4.754711083234128 -2.568670810544944 -8.167648498210571 -6.131494215466837 3.061807882882306 -9.625021532880496 -4.824726389262679 -7.427695327734174 -12.47225710825967 -11.501193961901064 -12.98500611493523 -8.005012670404064
5.7114228456913825 -2.87948478114199 -8.106804287687357 -6.086463693577162 -6.815657465748597 -10.037933282283014 -9.287282329307462 -0.8027638483966115 2.67512962234715 12.442159346145335 2.757227968223646 4.692297432575515 -4.2536866296969515 -1.2646297747879525 -9.137045755081623 -7.095855097916648 2.160181048377854 -4.607189853658864 -2.39607081397045 -8.061513436546512 -5.999293177136202 3.3031621466243344 -9.53977642965354 -4.683690131419507 -7.316609524061466 -12.43538830040446 -11.445208572469346 -12.961658325476256 -7.911916502149321
5.771543086172344 -2.7128114067061304 -8.001440722050024 -5.956423518072249 -6.704554204786373 -9.959256183874103 -9.197640944628276 -0.6118578384769713 2.9180532557658445 12.766387447461366 2.940490568805814 4.879819725594313 -4.099053419826569 -1.0834662967818824 -9.040096015335372 -6.980125304237473 2.395208336505792 -4.459963668299253 -2.2238105850425605 -7.955482557476223 -5.867277406400344 3.544020355080839 -9.454587840981397 -4.542949381190056 -7.205731496248564 -12.398443656507057 -11.389190726315837 -12.938215193001009 -7.819057568980146
5.831663326653306 -2.5464441286213813 -7.896171165546679 -5.8265702214603365 -6.5936704144256275 -9.880588957745964 -9.10803644605874 -0.4213198538281759 3.1604836556814675 13.089266008593242 3.123015726929346 5.066826598028623 -3.9446396390016973 -0.902742482205831 -8.943226303697955 -6.864653007517963 2.629750856332531 -4.313021876375005 -2.0518759267030084 -7.849549405639618 -5.735437864336941 3.784401984044532 -9.36945120022406 -4.4024912934558635 -7.095052260513448 -12.36142206729191 -11.33313814545639 -12.914676138915125 -7.726425756318331
5.891783567134269 -2.380374835821897 -7.790992870473499 -5.696899012577177 -6.482999404908956 -9.801930576082043 -9.01846718243668 -0.23114067919253073 3.4024336664992205 13.41082717372188 3.304824936924771 5.253335506381212 -3.7904396638802433 -0.7224483297144106 -8.846434290629574 -6.749433243182346 2.863820407946729 -4.166358748485767 -1.8802583556665198 -7.743711206262933 -5.603769971472374 4.024318783949372 -9.28436500572591 -4.262307860446217 -6.984566715612992 -12.324324101170665 -11.277050767655721 -12.891041887998947 -7.63401444409137
5.95190380761523 -2.2145919077923892 -7.685900628600297 -5.567402208140795 -6.372532078070581 -9.723278033620435 -8.928929323271788 -0.04130713306662698 3.6439210083489293 13.731109338925101 3.4859428274813635 5.439367165767784 -3.6364445177667664 -0.5425700803522953 -8.749715341606159 -6.634458435543292 3.0974335490933025 -4.019965354784742 -1.7089457805975705 -7.6379627119731275 -5.472266211931771 4.26378738229392 -9.199325664360867 -4.122388095641245 -6.874267258362519 -12.287149151962582 -11.220926983387967 -12.86731226112808 -7.541814977328212
6.012024048096192 -2.0490885379291868 -7.580892407223825 -5.438075950175669 -6.262262797244613 -9.644630811901251 -8.839421805341523 0.14818854288271127 3.8849566019487902 14.050141953168783 3.666388202018887 5.624936382025002 -3.482649672522496 -0.3630991685425083 -8.653067782420411 -6.5197244750619925 3.3306002672352863 -3.873837032386562 -1.5379310704611804 -7.532301867988043 -5.340922939502573 4.502817696615882 -9.114332239502243 -3.982725210333875 -6.764149651472984 -12.249898063963672 -11.164767101462337 -12.843488204257232 -7.449821726613539
6.072144288577154 -1.8838540411428006 -7.475963468807301 -5.308913195326976 -6.152183250126573 -9.565986222664318 -8.749941172460733 0.3373584887153214 4.12555676614172 14.367961354241917 3.8461834931620236 5.810061733744188 -3.3290469044643816 -0.18402287676899604 -8.556487406236776 -6.405224378722772 3.5633358115911196 -3.7279655920551287 -1.3672031060417567 -7.426723901368231 -5.209733274393695 4.74142503695365 -9.029381498612299 -3.8433091156141153 -6.654206899879114 -12.21257039263225 -11.108569734029777 -12.81956967036036 -7.358026794231911
6.132264529058116 -1.7188834141907883 -7.371112847466694 -5.179911431302422 -6.042289185219349 -9.487344539290294 -8.660487261331635 0.5262084409006895 4.365729803991005 14.684593372266882 4.02534449066982 5.994755036305111 -3.1756332602616526 -0.005334607096724675 -8.45997352320052 -6.290955259531946 3.79564768001466 -3.58234789085303 -1.1967566213306036 -7.321227830767985 -5.078694923089824 4.97961679268105 -8.944473368033261 -3.7041346610729065 -6.544435984857717 -12.175167421019422 -11.052335779276328 -12.795557949520083 -7.266425815280595
6.192384769539078 -1.5541669068322328 -7.266336289245459 -5.051064263635006 -5.9325730575062785 -9.408703404396217 -8.57105700439952 0.7147494967033807 4.605490639769787 15.000072268784606 4.203891625762957 6.179032923575512 -3.0224012798449644 0.17297732092723067 -8.3635223666255 -6.17691073071794 4.027549816053096 -3.436976485587217 -1.0265814678835739 -7.215809370463653 -4.947801652277413 5.217406956790676 -8.859604988330254 -3.565192644783899 -6.434830522286283 -12.137688871621018 -10.99606408111068 -12.771453128359587 -7.175011622046714
6.25250501002004 -1.3897002712756823 -7.161633197967205 -4.922369688997481 -5.823031245330981 -9.330063334503294 -8.481650529221145 0.9029865510600998 4.84484643512225 15.314422138153581 4.3818389786877 6.362905551671126 -2.8693486124753536 0.3509186668327719 -8.267133580309977 -6.063088368107626 4.259048656540799 -3.2918488193387647 -0.8566731652643611 -7.110467911685916 -4.817051674403121 5.45480184968218 -8.774776563368736 -3.426478642060662 -6.325387977277117 -12.100136141388267 -10.939755700773189 -12.747256587820138 -7.083780453222914
6.312625250501002 -1.2254450769852276 -7.056979736796798 -4.793798065527941 -5.713636125910284 -9.251406397662922 -8.392247531515462 1.0909630688313399 5.0838523068301456 15.627728569793376 4.559236827437214 6.546420453033527 -2.716440768866282 0.5285318225991416 -8.170785100959687 -5.949460881517877 4.490197163793262 -3.1469316839749313 -0.686992051869062 -7.005179487921662 -4.686415175846221 5.69185541668519 -8.68996871777167 -3.2879588365070056 -6.216081763478556 -12.062499774748792 -10.883397375703668 -12.722961336235874 -6.992707955871182
6.372745490981964 -1.061464775029357 -6.952421072252335 -4.665401940821354 -5.604431785941344 -9.172769342782754 -8.302888307184304 1.2786075761643623 5.322420291635801 15.939893056208284 4.73602600147073 6.729512357745989 -2.5637388502730944 0.7057499407469654 -8.074519293598492 -5.8360749352374635 4.720909570541448 -3.002283058442445 -0.5176033384222656 -6.899989485484976 -4.5559456658902775 5.92847962660997 -8.605220145023562 -3.1496871514905322 -6.10695689393248 -12.024802423154933 -10.82701824833398 -12.698585155440439 -6.901831412287276
6.432865731462925 -0.8977123264862286 -6.847927408450314 -4.5371446362666035 -5.495384619502186 -9.09412947023382 -8.213547288832466 1.4659732581311402 5.560617516847017 16.251016364612095 4.9122653255717985 6.91223768470271 -2.4112001972547974 0.8826246267908251 -7.978308518886116 -5.722896896993864 4.951250529374416 -2.857861938563315 -0.3484585091658765 -6.794867949220809 -4.425606189534221 6.164740401088 -8.5205064211946 -3.0116224194912355 -5.997980683335609 -11.987031798398549 -10.770601331229821 -12.674118867433444 -6.811121372855133
6.492985971943887 -0.7341847711395388 -6.7434987680325165 -4.409025008684981 -5.38649207056638 -9.015487696246733 -8.124225086649943 1.6530635743461708 5.798449191940449 16.56111941827191 5.08796607708728 7.094603903156745 -2.2588234785064403 1.059160206353958 -7.882152977097664 -5.609925122771629 5.181224665891502 -2.713666756027526 -0.17955442321579085 -6.6898148939743685 -4.295395813269138 6.400642236094907 -8.435828208956213 -2.873761453789996 -5.889151419232697 -11.949189470890483 -10.714147944979134 -12.649563988494899 -6.72057509514616
6.55310621242485 -0.5708753968980673 -6.639132571196704 -4.281038845602492 -5.277748979721757 -8.936842852314086 -8.034920010102589 1.839886220985506 6.035925762419332 16.870229660203965 5.263143243110591 7.2766223671405115 -2.1066037961577537 1.235365010827017 -7.786050433742889 -5.497155212448981 5.410841701065106 -2.56969254698548 -0.010884081211912644 -6.5848277194347204 -4.1653104870716895 6.636194849945554 -8.351183966339182 -2.7360978679459613 -5.7804647352655 -11.911275770973278 -10.657657780857226 -12.624921078184828 -6.630187624700348
6.613226452905812 -0.4077811001599585 -6.534828630324352 -4.153184808570156 -5.16915275403063 -8.858195646923548 -7.945632457507834 2.026444826228219 6.273052574144664 17.17836780967241 5.43780768985636 7.4583002201677715 -1.9545396006627527 1.411243495383619 -7.690000882837512 -5.384585346833959 5.640106429496921 -2.4259375394062284 0.1575557990147658 -6.479906229780852 -4.0353490715174445 6.871402923975225 -8.266574150320984 -2.5986284068742016 -5.671918781458594 -11.873292115360277 -10.601131973411205 -12.600191533055296 -6.539956229355859
6.673346693386773 -0.2448961812905459 -6.430584942570885 -4.025459425654141 -5.060699006804423 -8.77954532897924 -7.856361218683556 2.2127459503032556 6.509838588954846 17.485558998449587 5.61197278911548 7.639647252370928 -1.8026268634064848 1.5868028808055497 -7.594002619108081 -5.27221179407172 5.869027168498178 -2.2823976036852907 0.3257711685471776 -6.375048405226824 -3.9055082594708956 7.106274752072519 -8.181997676850887 -2.4613476087062303 -5.563509868818333 -11.835239047977558 -10.544570513226235 -12.575376076028897 -6.449876658950426
6.733466933867735 -0.08221707899199515 -6.326400904251237 -3.897860915041864 -4.952384880166907 -8.700892238278026 -7.767106300761721 2.3987937436163778 6.746289735635518 17.791824271214868 5.785649397449415 7.82067070108743 -1.6508635265993845 1.762048087429285 -7.4980552388514985 -5.160032338639529 6.097609311657262 -2.1390704880648643 0.4937657747252189 -6.270253632403087 -3.775786454212593 7.3408156404173575 -8.09745462577176 -2.324251875138721 -5.4552357931966 -11.797117737393686 -10.487974224726687 -12.550475910459136 -6.359945992308429
6.793587174348697 0.08026072133755946 -6.22227521449382 -3.7703866902922556 -4.844206872987247 -8.622236142962851 -7.677867085773258 2.584593434745547 6.982413253997013 18.097186120702982 5.958849156576882 8.001378671514004 -1.4992465992188222 1.936985042531308 -7.402157683156868 -5.0480440453053825 6.325859539288324 -1.9959530551346536 0.661544343213869 -6.165520597574581 -3.6461812391230453 7.575032218259139 -8.012944477490205 -2.187336811910452 -5.34709366656136 -11.758929000846654 -10.431343477301416 -12.525491967776572 -6.270160775050151
