web/models/kne/31/mosfit_kn_0.002817_0.1240_10.0000.dat
# %ECSV 1.0
# ---
# datatype:
# - {name: time, datatype: float64}
# - {name: PS1_g, datatype: float64}
# - {name: PS1_i, datatype: float64}
# - {name: PS1_r, datatype: float64}
# - {name: PS1_w, datatype: float64}
# - {name: PS1_y, datatype: float64}
# - {name: PS1_z, datatype: float64}
# - {name: swift_uvot_B, datatype: float64}
# - {name: swift_uvot_U, datatype: float64}
# - {name: swift_uvot_uvm2, datatype: float64}
# - {name: swift_uvot_uvw1, datatype: float64}
# - {name: swift_uvot_uvw2, datatype: float64}
# - {name: swift_uvot_V, datatype: float64}
# - {name: johnson_B, datatype: float64}
# - {name: johnson_I, datatype: float64}
# - {name: johnson_R, datatype: float64}
# - {name: johnson_U, datatype: float64}
# - {name: johnson_V, datatype: float64}
# - {name: sdss_g, datatype: float64}
# - {name: sdss_i, datatype: float64}
# - {name: sdss_r, datatype: float64}
# - {name: sdss_u, datatype: float64}
# - {name: sdss_z, datatype: float64}
# - {name: ATLAS_c, datatype: float64}
# - {name: ATLAS_o, datatype: float64}
# - {name: ukirt_H, datatype: float64}
# - {name: ukirt_J, datatype: float64}
# - {name: ukirt_K, datatype: float64}
# - {name: Clear, datatype: float64}
# meta: !!omap
# - comment: [kappa = 10.0, type = rprocess, mass = 0.0028172691138521437, velocity = 0.12399999999999999, theta_obs = 0.0, tfloor = 1000.0]
# schema: astropy-2.0
time PS1_g PS1_i PS1_r PS1_w PS1_y PS1_z swift_uvot_B swift_uvot_U swift_uvot_uvm2 swift_uvot_uvw1 swift_uvot_uvw2 swift_uvot_V johnson_B johnson_I johnson_R johnson_U johnson_V sdss_g sdss_i sdss_r sdss_u sdss_z ATLAS_c ATLAS_o ukirt_H ukirt_J ukirt_K Clear
0.06012024048096192 -9.736270384081358 -9.526443823275326 -9.664753208388746 -9.670962749835859 -9.247377956453526 -9.373270375341498 -9.6082194429762 -10.591583238750584 -10.356504759189583 -10.472604010229691 -10.009023200289459 -9.724626842445378 -9.622803992478243 -9.899540790380225 -9.847102287356375 -10.377463965965028 -9.735866928061972 -9.737987633042646 -9.53951757257963 -9.667209861744581 -9.610924052804393 -9.34531859175383 -9.722566283301735 -9.625014919694053 -8.447432440000549 -8.914065194466437 -7.982216666614351 -9.613703434314314
0.12024048096192384 -10.364572242026497 -10.414148254818603 -10.455187930855772 -10.42028732516675 -10.226390425289758 -10.317528369081117 -10.155646653423826 -10.918520075974278 -10.091795340411526 -10.433474164787029 -9.627301744490214 -10.439876441058875 -10.175998256592361 -10.81309152016009 -10.660758163593382 -10.747038166501188 -10.456018118206865 -10.343515511346961 -10.424765955739517 -10.457360557918367 -9.969231300180024 -10.298206955955553 -10.40884297137719 -10.454303139272554 -9.54730724499681 -9.9587670329557 -9.119156771588626 -10.385204269101038
0.18036072144288576 -10.594326891019819 -10.848711710860304 -10.812239767007625 -10.752392612218173 -10.73419140521997 -10.797394304255192 -10.320629220741246 -10.912186189699167 -9.639595000285851 -10.168088527345223 -9.122397358338667 -10.736399993103777 -10.346315169769976 -11.268480204285282 -11.036955667270593 -10.773101035734058 -10.757024853717228 -10.555308627667905 -10.857354281886149 -10.813936516254614 -9.985950449620002 -10.785138814979138 -10.68653927268846 -10.84347531096002 -10.151967190308538 -10.51937898891129 -9.753223956304707 -10.738062577178411
0.24048096192384769 -10.733295557923732 -11.145243601218695 -11.04869038876183 -10.97410456046953 -11.087879104252174 -11.12922994964114 -10.409254953735687 -10.87051573521455 -9.265336483485264 -9.943240345426414 -8.73256257937506 -10.925591879672389 -10.439535353988795 -11.58131277726347 -11.288657656340597 -10.75565967217629 -10.95004923587332 -10.68047548362161 -11.152343310049151 -11.049863356529137 -9.961058527580366 -11.122582922660094 -10.863705180084917 -11.105544884551843 -10.581412272922746 -10.914441987008148 -10.205544347231788 -10.977650541434585
0.3006012024048096 -10.804960264932664 -11.353126675689342 -11.204321136394757 -11.120055031235658 -11.34577753501759 -11.367963919466018 -10.43703951356867 -10.786549569013637 -8.89999112453577 -9.711652244906617 -8.372101927042554 -11.03988511178261 -10.471649080516897 -11.803491299239585 -11.457856878052272 -10.692202351282607 -11.067932557737857 -10.740217155262055 -11.358875954687608 -11.204927698477594 -9.8909746799972 -11.366294899300016 -10.969323635760837 -11.283976975432441 -10.905817023147558 -11.208697807550807 -10.549967931642994 -11.140364039248318
0.3607214428857715 -10.834505080740868 -11.50486415748551 -11.308950880954072 -11.21836703462666 -11.542863392783556 -11.54763677720565 -10.42693639678139 -10.6767956183554 -8.542053009170022 -9.477834567914343 -8.03364338953305 -11.10705740473141 -10.465720498895607 -11.968213977456028 -11.574970843800251 -10.60053182367951 -11.138548806775377 -10.759070859980326 -11.509389123658629 -11.308958019813051 -9.793211308301437 -11.55053938614925 -11.03006683292211 -11.409583702977741 -11.163424328297536 -11.438888519068582 -10.82575718138436 -11.254721855029377
0.42084168336673344 -10.836116214953666 -11.618406245446238 -11.379154838198833 -11.284704834973347 -11.69834531546762 -11.686982026237551 -10.391987120455177 -10.550975531655755 -8.192005179829266 -9.245354081684543 -7.714430522915347 -11.1426394217306 -10.43484405830823 -12.093784604249109 -11.65687761986349 -10.491038159300114 -11.17747484670243 -10.750889756032489 -11.621799225975806 -11.37853598593587 -9.678010901052012 -11.694162849946501 -11.060874907096743 -11.499442092344037 -11.375095199314858 -11.625116140089256 -11.054288692400165 -11.336575597146545
0.48096192384769537 -10.818069504930374 -11.704386000633562 -11.424705128916717 -11.328272481539408 -11.823641638909255 -11.797121928691716 -10.33975002193981 -10.414577485823848 -7.849626465921189 -9.015931840448879 -7.412189846476526 -11.155748304219301 -10.38661144332853 -12.191057142564212 -11.713538817415145 -10.369625079251847 -11.19385685813718 -10.723741165621945 -11.70671819889252 -11.423437802438272 -9.551184565070674 -11.808357913525835 -11.070495992828615 -11.56363818424305 -11.553273953826933 -11.779354342669846 -11.248325971009903 -11.395247923185217
0.5410821643286573 -10.785696847550614 -11.769682624252944 -11.451916792921928 -11.355003381796731 -11.926143459691758 -11.885254993515222 -10.275087085920315 -10.27110801214322 -7.514702228759201 -8.790618060404132 -7.1252703846782275 -11.152270225151774 -10.325905495386824 -12.267054840695401 -11.75139253246843 -10.240071321124706 -11.193599256831968 -10.682820183947541 -11.77101145177529 -11.449981593545395 -9.416450807788284 -11.900368621651776 -11.06456886905594 -11.608690722539823 -11.706016517467857 -11.909354329920417 -11.4161314571799 -11.436746505346473
0.6012024048096192 -10.741885416929353 -11.818510600083165 -11.464514231410217 -11.368352784495794 -12.010515417558096 -11.95587576000813 -10.200476057533542 -10.121902817523818 -7.185510013188064 -8.568850099765033 -6.851026923985856 -11.135552543502378 -10.255228423692277 -12.326119521762415 -11.774275754040808 -10.103936885691926 -11.180070191735643 -10.630896938669387 -11.818881324260193 -11.461892316215216 -9.275314605389884 -11.974730898501047 -11.046261078534503 -11.638510896018666 -11.83857484695334 -12.020099788235077 -11.563137909532609 -11.464615249473766
0.6613226452905812 -10.689098484262 -11.854153010137178 -11.465480739343548 -11.371109501007695 -12.080312043299735 -12.012436747513568 -10.118130614049676 -9.968465228815973 -6.861632475821067 -8.350893537132915 -6.588274965085258 -11.108349771452854 -10.176806016561763 -12.37161087124677 -11.78523795002895 -9.96286667585932 -11.15603465068707 -10.570362382100207 -11.85360356698256 -11.462154649054916 -9.129388540319479 -12.034921536851844 -11.018200398428863 -11.656191320753386 -11.954853870603069 -12.115335431290555 -11.693358553163618 -11.481685747492811
0.721442885771543 -10.629060501495022 -11.878977911335795 -11.456948408446266 -11.365257955943466 -12.138115179794582 -12.057439457876757 -10.029578887011887 -9.81176920309851 -6.542556738659758 -8.136774435108851 -6.335899721591542 -11.072613499620598 -10.092176551384306 -12.405957372542026 -11.786463811800882 -9.81794457755398 -11.123452951700814 -10.502884277047677 -11.877540457523157 -11.452901595080416 -8.979730868797926 -12.083461257739714 -10.982241731371367 -11.663950902142233 -12.057710829723083 -12.197792742620715 -11.80973551079578 -11.489978213774368
0.781563126252505 -10.562825417103383 -11.894619590873408 -11.440336478828836 -11.352106105528872 -12.185756348092678 -12.092640945232045 -9.935695339344239 -9.65219585314923 -6.227365410659494 -7.926092183439977 -6.092558246253436 -11.029596710544045 -10.002226341751829 -12.430849304842805 -11.779422918844926 -9.669647766611089 -11.083588037714128 -10.429465540798759 -11.892320951373172 -11.43555237628929 -8.826794324936884 -12.122125417662453 -10.939563345471743 -11.663291966159477 -12.149233168858034 -12.269442548391394 -11.914434676989456 -11.490842240180132
0.8416833667334669 -10.491373917363891 -11.902457972546099 -11.416878173127536 -11.332797850971144 -12.224748187230148 -12.119504014679716 -9.83733881111424 -9.490262998896863 -5.915671170582171 -7.718791684307256 -5.857457992782965 -10.980420067806033 -9.90782107848608 -12.44770420180399 -11.765381666223089 -9.518561419417601 -11.037566408961686 -10.351051778573659 -11.89932138048908 -11.411340668834349 -8.67114804726258 -12.152388834222094 -10.891227428433776 -11.655502168477128 -12.231103718750836 -12.331890093975735 -12.009191211846753 -11.485445003676045
0.9018036072144289 -10.415291113333591 -11.903462521915333 -11.387399935042417 -11.308091349226874 -12.25619168019092 -12.139079944720041 -9.734975007166693 -9.326112199257217 -5.606773658497615 -7.514518585539118 -5.629610595312084 -10.92579881184917 -9.809435332133173 -12.457528987826365 -11.745200887930569 -9.36488970662418 -10.986110669848903 -10.268194365491361 -11.899507654183203 -11.381092650153555 -8.512979643371903 -12.17531518247787 -10.837903130759798 -11.641464367042094 -12.30459411023565 -12.386329360108162 -12.09532895533975 -11.474574640535824
0.9619238476953907 -10.335074142568992 -11.898433191379265 -11.352589161735569 -11.278618837659025 -12.280989985212187 -12.152232929173294 -9.62900718600401 -9.159891534941806 -5.300159899339508 -7.313026592945651 -5.408243476241367 -10.866332784892034 -9.707479439369905 -12.461153040851666 -11.719595147011976 -9.208830083838563 -10.929826522047355 -10.181363879814214 -11.893676933870179 -11.345495523551019 -8.352473563667786 -12.191778393763908 -10.780153433857596 -11.621910262373643 -12.370741036269111 -12.433736294137779 -12.173925491195961 -11.458886489587758
1.0220440881763526 -10.25117351939409 -11.888054410415876 -11.313043678828034 -11.244931844600465 -12.29990636224315 -12.159696552088022 -9.519813853264242 -8.991782176309844 -4.995499247986184 -7.1141777100991455 -5.19277380563603 -10.802552618632852 -9.602337154812432 -12.459283272293035 -11.689182994224272 -9.050602185610465 -10.869248948272945 -10.090990342480968 -11.88251151651217 -11.305147076545268 -8.18983959952643 -12.20251943270478 -10.718478568704128 -11.597471213182136 -12.430409038580413 -12.474929373900208 -12.245876430117162 -11.438948425124025
1.0821643286573146 -10.163899324484174 -11.872852463496368 -11.26920914567565 -11.20743917916803 -12.3135412138463 -12.162043198845609 -9.407637794525325 -8.82184572324622 -4.692390271209866 -6.917754555745823 -4.982594072614951 -10.734840846164222 -9.494257020507074 -12.452467181361701 -11.65443021573764 -8.890302461925216 -10.80476518967881 -9.997364900400925 -11.866535683832264 -11.26049267292844 -8.025164689553765 -12.20811781786864 -10.653236524882068 -11.568625330852402 -12.484294501611666 -12.510561368623845 -12.311907550509085 -11.415186932988686
1.1422845691382766 -10.073394207912738 -11.85319166809581 -11.221366189286854 -11.166394748208646 -12.322337234820182 -12.159685706602197 -9.292551186133046 -8.649970248758745 -4.390261485925094 -6.723395407898547 -4.776996793989813 -10.663411539554996 -9.383318691401875 -12.441091637110173 -11.615639768148089 -8.727853522213753 -10.736595333471824 -9.90061077575703 -11.846111639906756 -11.211812164034676 -7.858360917960745 -12.208994269673106 -10.584622783616862 -11.535689188086344 -12.532943303693054 -12.541131299715163 -12.372596265876881 -11.387878763464148
1.2024048096192383 -9.979943511989173 -11.829489255517629 -11.169883340826718 -11.12213969027735 -12.326755677872914 -12.153068789948076 -9.174798964635322 -8.476289649485018 -4.088963287423549 -6.531038296206866 -4.575626461199715 -10.588595216784757 -9.269770524364581 -12.425586503213754 -11.573192324323688 -8.563411017003101 -10.665072681636756 -9.801001787439905 -11.821655427510507 -11.15947401605693 -7.689578354924649 -12.20559771151649 -10.512950486155077 -11.499050342735817 -12.576872845384253 -12.56713106339175 -12.428477287594733 -11.357373891417293
1.2625250501002003 -9.883556123424189 -11.80194693519553 -11.11488876759065 -11.074787419397882 -12.327068202983433 -12.142437277875668 -9.054327514009987 -8.30059124174035 -3.78789671285537 -6.340277536492636 -4.377807009551166 -10.51046056846631 -9.153566966764014 -12.406173747292197 -11.527237127281051 -8.396791432923767 -10.590272314824672 -9.698529906038544 -11.79336687546476 -11.103605302142725 -7.518623653856835 -12.198180336747289 -10.438277509771687 -11.458870538620864 -12.616448233877067 -12.588883348337292 -12.479944307135147 -11.323809293177298
1.3226452905811623 -9.784476731875262 -11.770894842804847 -11.05668137636897 -11.024615985060588 -12.32363269175547 -12.128138689045418 -8.93135574836765 -8.123021621837037 -3.4870254640678615 -6.151109402043833 -4.183303950855887 -10.429282090969949 -9.034929297784235 -12.383191514060005 -11.478081081929112 -8.228155802249486 -10.512470631946583 -9.593432376007858 -11.761575372714344 -11.044504927312708 -7.345654328816842 -12.18709234445491 -10.360865721932448 -11.415460663490418 -12.652062186569298 -12.606765061590755 -12.527400888721958 -11.287467573078356
1.3827655310621243 -9.682685626042637 -11.736466298934882 -10.995335904201173 -10.971691481630295 -12.316638562250368 -12.110340845542567 -8.805813856972701 -7.943384912902722 -3.1858540863501643 -5.96318764129121 -3.9915573381590117 -10.345086557845164 -8.913795054237713 -12.356789464781716 -11.425816643136184 -8.057331140621901 -10.431700173003174 -9.485676051717444 -11.726412736452847 -10.98224654648071 -7.170489255642085 -12.172507663673162 -10.28073557755583 -11.368923214221258 -12.683979641754737 -12.621006864282121 -12.571135153875675 -11.248434945249741
1.442885771543086 -9.578295138560389 -11.69886316334459 -10.931020639203215 -10.916170069093436 -12.306318846633868 -12.089264906126687 -8.677785788295875 -7.761690319707402 -2.884212775732105 -5.776394330463699 -3.8022616265267426 -10.258015014442716 -8.790252186026745 -12.32717856746729 -11.370622113622286 -7.884340827242077 -10.34810511861499 -9.375365434331648 -11.688079993114986 -10.91699800580832 -6.9931474005562855 -12.154650800038098 -10.198020788590014 -11.319441495855482 -12.712474540941441 -12.631864137631188 -12.61143374813283 -11.206876513939736
1.503006012024048 -9.471242573683352 -11.658156045317707 -10.863754821454616 -10.858068169690664 -12.292793959492414 -12.065011991591295 -8.547164433303564 -7.577721062815588 -2.581631993496088 -5.590393564082223 -3.6149104544599306 -10.168043884920898 -8.664201181879893 -12.294444046624868 -11.312533424652049 -7.708987641761855 -10.26166779406976 -9.262426100128156 -11.646646423118039 -10.848777314407165 -6.813423985182627 -12.133628549217317 -10.112695546124435 -11.267060463710799 -12.737735301816071 -12.63949442524641 -12.648506056736755 -11.162828335310824
1.56312625250501 -9.36167199100776 -11.614538989496115 -10.793714227601647 -10.797550468768584 -12.276274290304272 -12.037786332807539 -8.414078533083337 -7.391563377331742 -2.278098664887003 -5.405166000066757 -3.4293329338541088 -10.075334026845166 -8.535773277878572 -12.258784796681336 -11.251732194327186 -7.531366277431186 -10.172550991047052 -9.146997756416706 -11.602305639297548 -10.777760048996416 -6.6314113547834275 -12.109646966997616 -10.024914724463745 -11.211963835887193 -12.759993138871318 -12.644119508062628 -12.682589926238437 -11.11645848632321
1.6232464929859718 -9.249529940810035 -11.568064252959136 -10.720910337612999 -10.734627666620131 -12.256851819169903 -12.00766446669478 -8.278439120566425 -7.203041115225712 -1.973241452580246 -5.2204364154163585 -3.2451160249959297 -9.979862429824166 -8.40488636585118 -12.220264821831279 -11.188244011437291 -7.351316059688468 -10.080736992275979 -9.02901764383163 -11.555108844682813 -10.703956550329519 -6.446942589841065 -12.082787299561346 -9.934654915435157 -11.154184282647588 -12.779394669314195 -12.645861198054396 -12.713848927601584 -11.067794007216492
1.6833667334669338 -9.134834140419663 -11.518821502414731 -10.645405383768178 -10.66935880521978 -12.23464257579499 -11.97475220124506 -8.140240036722084 -7.012088170360826 -1.666862731290986 -5.03604768093922 -3.0619787687775033 -9.881667948202779 -8.271539293219256 -12.178981654624252 -11.122141052536005 -7.168781789003546 -9.986268500381746 -8.90849715355003 -11.505145011465565 -10.627428275887265 -6.259958269424981 -12.053158572873226 -9.841953673767438 -11.093798310031602 -12.79609189765594 -12.644855176205477 -12.742446360061768 -11.016904121814832
