web/models/kne/31/villar_0.0079_0.2180_1.0000.dat
# %ECSV 1.0
# ---
# datatype:
# - {name: time, datatype: float64}
# - {name: swift_uvot_uvw2, datatype: float64}
# - {name: swift_uvot_uvm2, datatype: float64}
# - {name: swift_uvot_uvw1, datatype: float64}
# - {name: swift_uvot_U, datatype: float64}
# - {name: swift_uvot_B, datatype: float64}
# - {name: swift_uvot_V, datatype: float64}
# - {name: swift_uvot_W, datatype: float64}
# - {name: johnson_U, datatype: float64}
# - {name: johnson_B, datatype: float64}
# - {name: johnson_V, datatype: float64}
# - {name: johnson_R, datatype: float64}
# - {name: johnson_I, datatype: float64}
# - {name: sdss_u, datatype: float64}
# - {name: sdss_g, datatype: float64}
# - {name: sdss_r, datatype: float64}
# - {name: sdss_i, datatype: float64}
# - {name: sdss_z, datatype: float64}
# - {name: PS1_g, datatype: float64}
# - {name: PS1_r, datatype: float64}
# - {name: PS1_i, datatype: float64}
# - {name: PS1_z, datatype: float64}
# - {name: PS1_Y, datatype: float64}
# - {name: PS1_w, datatype: float64}
# - {name: ATLAS_c, datatype: float64}
# - {name: ATLAS_o, datatype: float64}
# - {name: ukirt_J, datatype: float64}
# - {name: ukirt_H, datatype: float64}
# - {name: ukirt_K, datatype: float64}
# - {name: Clear, datatype: float64}
# meta: !!omap
# - comment: [kappa = 1.0, type = villar, mass = 0.00793700525986525, velocity = 0.21800000000000003, theta_obs = 0.0]
# schema: astropy-2.0
time swift_uvot_uvw2 swift_uvot_uvm2 swift_uvot_uvw1 swift_uvot_U swift_uvot_B swift_uvot_V swift_uvot_W johnson_U johnson_B johnson_V johnson_R johnson_I sdss_u sdss_g sdss_r sdss_i sdss_z PS1_g PS1_r PS1_i PS1_z PS1_Y PS1_w ATLAS_c ATLAS_o ukirt_J ukirt_H ukirt_K Clear
[from data line 216]
0.623863 -9.749 -9.909 -11.045 -12.506 -13.313 -13.813 -12.393 -12.658 -13.323 -13.823 -14.071 -14.16 -12.619 -13.51 -13.989 -14.138 -14.166 -13.6 -14.002 -14.15 -14.184 -14.206 -13.934 -13.746 -14.059 -14.012 -13.744 -13.339 -13.892
0.642731 -9.673 -9.799 -10.967 -12.454 -13.284 -13.801 -12.36 -12.609 -13.294 -13.812 -14.074 -14.174 -12.569 -13.488 -13.986 -14.145 -14.182 -13.58 -13.999 -14.158 -14.199 -14.224 -13.931 -13.733 -14.061 -14.039 -13.776 -13.376 -13.89
0.66217 -9.595 -9.684 -10.885 -12.397 -13.251 -13.787 -12.325 -12.557 -13.262 -13.798 -14.074 -14.186 -12.515 -13.462 -13.981 -14.151 -14.196 -13.558 -13.994 -14.164 -14.211 -14.241 -13.927 -13.718 -14.061 -14.064 -13.808 -13.412 -13.885
0.682197 -9.516 -9.563 -10.797 -12.336 -13.215 -13.769 -12.286 -12.5 -13.227 -13.782 -14.073 -14.197 -12.456 -13.433 -13.973 -14.155 -14.208 -13.533 -13.986 -14.168 -14.222 -14.257 -13.92 -13.7 -14.059 -14.088 -13.839 -13.448 -13.878
0.70283 -9.435 -9.435 -10.705 -12.271 -13.175 -13.749 -12.245 -12.439 -13.188 -13.762 -14.07 -14.206 -12.394 -13.401 -13.963 -14.156 -14.218 -13.504 -13.976 -14.17 -14.231 -14.27 -13.91 -13.678 -14.054 -14.111 -13.868 -13.483 -13.868
0.724086 -9.353 -9.3 -10.608 -12.201 -13.131 -13.726 -12.2 -12.374 -13.145 -13.74 -14.064 -14.213 -12.326 -13.366 -13.949 -14.156 -14.227 -13.472 -13.964 -14.17 -14.239 -14.282 -13.898 -13.654 -14.047 -14.133 -13.897 -13.517 -13.857
0.745986 -9.27 -9.157 -10.505 -12.125 -13.083 -13.7 -12.152 -12.303 -13.098 -13.714 -14.055 -14.218 -12.254 -13.326 -13.933 -14.153 -14.234 -13.437 -13.948 -14.167 -14.244 -14.292 -13.883 -13.627 -14.038 -14.153 -13.924 -13.55 -13.842
0.768548 -9.186 -9.007 -10.396 -12.044 -13.031 -13.669 -12.1 -12.227 -13.046 -13.685 -14.044 -14.221 -12.176 -13.283 -13.914 -14.147 -14.238 -13.398 -13.93 -14.162 -14.247 -14.3 -13.866 -13.596 -14.025 -14.171 -13.95 -13.582 -13.825
0.791792 -9.103 -8.848 -10.281 -11.958 -12.974 -13.635 -12.044 -12.146 -12.99 -13.652 -14.029 -14.221 -12.092 -13.235 -13.892 -14.139 -14.24 -13.354 -13.908 -14.154 -14.247 -14.307 -13.845 -13.561 -14.01 -14.188 -13.975 -13.613 -13.805
0.815739 -9.019 -8.68 -10.16 -11.864 -12.912 -13.597 -11.984 -12.058 -12.929 -13.615 -14.012 -14.219 -12.003 -13.183 -13.866 -14.127 -14.24 -13.307 -13.882 -14.143 -14.245 -14.31 -13.821 -13.522 -13.991 -14.203 -13.998 -13.642 -13.782
0.840411 -8.935 -8.503 -10.031 -11.765 -12.845 -13.555 -11.919 -11.964 -12.863 -13.574 -13.991 -14.214 -11.906 -13.125 -13.836 -14.113 -14.237 -13.254 -13.853 -14.13 -14.241 -14.312 -13.793 -13.479 -13.969 -14.217 -14.02 -13.671 -13.755
0.865828 -8.852 -8.316 -9.896 -11.658 -12.772 -13.508 -11.85 -11.863 -12.791 -13.528 -13.966 -14.206 -11.802 -13.063 -13.802 -14.095 -14.231 -13.197 -13.82 -14.112 -14.233 -14.311 -13.762 -13.432 -13.943 -14.228 -14.04 -13.699 -13.726
0.892015 -8.77 -8.118 -9.752 -11.543 -12.692 -13.456 -11.776 -11.755 -12.713 -13.477 -13.938 -14.195 -11.691 -12.994 -13.763 -14.074 -14.222 -13.134 -13.782 -14.091 -14.222 -14.307 -13.727 -13.379 -13.913 -14.237 -14.059 -13.725 -13.692
0.918993 -8.69 -7.908 -9.6 -11.42 -12.606 -13.398 -11.696 -11.638 -12.628 -13.421 -13.905 -14.181 -11.572 -12.92 -13.72 -14.048 -14.21 -13.066 -13.74 -14.067 -14.208 -14.3 -13.687 -13.321 -13.879 -14.243 -14.075 -13.749 -13.654
0.946787 -8.611 -7.686 -9.439 -11.288 -12.513 -13.335 -11.611 -11.513 -12.536 -13.359 -13.868 -14.163 -11.444 -12.839 -13.672 -14.019 -14.194 -12.991 -13.693 -14.038 -14.191 -14.289 -13.643 -13.258 -13.841 -14.247 -14.09 -13.772 -13.612
0.975422 -8.534 -7.451 -9.269 -11.146 -12.412 -13.265 -11.519 -11.379 -12.437 -13.291 -13.826 -14.142 -11.306 -12.751 -13.618 -13.985 -14.175 -12.91 -13.64 -14.005 -14.169 -14.276 -13.593 -13.188 -13.797 -14.249 -14.103 -13.794 -13.566
1.004923 -8.46 -7.202 -9.089 -10.994 -12.302 -13.188 -11.421 -11.234 -12.329 -13.216 -13.779 -14.116 -11.158 -12.655 -13.558 -13.946 -14.151 -12.822 -13.582 -13.966 -14.143 -14.259 -13.538 -13.112 -13.748 -14.247 -14.113 -13.814 -13.514
1.035317 -8.387 -6.938 -8.899 -10.831 -12.184 -13.105 -11.316 -11.079 -12.213 -13.134 -13.726 -14.086 -10.999 -12.551 -13.492 -13.901 -14.123 -12.727 -13.517 -13.923 -14.113 -14.237 -13.478 -13.029 -13.694 -14.243 -14.121 -13.831 -13.458
1.066629 -8.317 -6.659 -8.698 -10.656 -12.056 -13.013 -11.203 -10.912 -12.087 -13.045 -13.668 -14.05 -10.828 -12.438 -13.419 -13.851 -14.09 -12.623 -13.446 -13.874 -14.078 -14.212 -13.411 -12.938 -13.633 -14.235 -14.126 -13.847 -13.396
1.098888 -8.249 -6.364 -8.484 -10.468 -11.918 -12.913 -11.082 -10.733 -11.951 -12.947 -13.602 -14.01 -10.645 -12.316 -13.339 -13.795 -14.053 -12.511 -13.367 -13.819 -14.038 -14.181 -13.338 -12.839 -13.566 -14.223 -14.128 -13.861 -13.328
1.132124 -8.183 -6.053 -8.259 -10.265 -11.768 -12.803 -10.952 -10.54 -11.804 -12.839 -13.53 -13.964 -10.447 -12.183 -13.25 -13.732 -14.009 -12.389 -13.281 -13.757 -13.992 -14.146 -13.257 -12.731 -13.492 -14.207 -14.128 -13.872 -13.254
1.166364 -8.118 -5.725 -8.02 -10.048 -11.606 -12.683 -10.813 -10.332 -11.644 -12.722 -13.45 -13.912 -10.234 -12.039 -13.153 -13.662 -13.96 -12.257 -13.186 -13.688 -13.939 -14.105 -13.168 -12.614 -13.409 -14.187 -14.124 -13.881 -13.172
1.20164 -8.053 -5.381 -7.767 -9.814 -11.43 -12.553 -10.664 -10.108 -11.472 -12.595 -13.361 -13.853 -10.005 -11.882 -13.046 -13.584 -13.904 -12.115 -13.081 -13.612 -13.88 -14.058 -13.071 -12.486 -13.318 -14.162 -14.116 -13.886 -13.084
1.237983 -7.99 -5.022 -7.499 -9.561 -11.24 -12.41 -10.504 -9.867 -11.285 -12.455 -13.263 -13.787 -9.758 -11.713 -12.928 -13.498 -13.84 -11.961 -12.967 -13.527 -13.814 -14.005 -12.965 -12.347 -13.218 -14.132 -14.105 -13.889 -12.988
1.275425 -7.925 -4.651 -7.215 -9.289 -11.034 -12.255 -10.333 -9.606 -11.083 -12.303 -13.156 -13.712 -9.492 -11.529 -12.799 -13.402 -13.769 -11.795 -12.841 -13.433 -13.739 -13.944 -12.849 -12.195 -13.108 -14.097 -14.089 -13.889 -12.884
1.313999 -7.86 -4.272 -6.914 -8.996 -10.811 -12.085 -10.148 -9.325 -10.864 -12.137 -13.038 -13.63 -9.204 -11.329 -12.658 -13.295 -13.689 -11.615 -12.704 -13.328 -13.656 -13.876 -12.722 -12.03 -12.987 -14.056 -14.068 -13.885 -12.771
1.35374 -7.793 -3.895 -6.596 -8.679 -10.569 -11.9 -9.95 -9.021 -10.627 -11.956 -12.908 -13.537 -8.893 -11.112 -12.504 -13.178 -13.6 -11.422 -12.554 -13.213 -13.563 -13.8 -12.583 -11.851 -12.855 -14.007 -14.043 -13.877 -12.648
1.394683 -7.723 -3.527 -6.258 -8.337 -10.306 -11.698 -9.737 -8.693 -10.369 -11.759 -12.765 -13.435 -8.557 -10.876 -12.334 -13.048 -13.501 -11.215 -12.389 -13.086 -13.459 -13.714 -12.431 -11.655 -12.709 -13.952 -14.012 -13.865 -12.515
1.436864 -7.649 -3.183 -5.9 -7.966 -10.021 -11.477 -9.509 -8.337 -10.09 -11.543 -12.608 -13.321 -8.193 -10.619 -12.148 -12.905 -13.391 -10.992 -12.21 -12.945 -13.344 -13.618 -12.265 -11.442 -12.548 -13.889 -13.975 -13.849 -12.372
1.480321 -7.572 -2.874 -5.52 -7.565 -9.711 -11.235 -9.262 -7.951 -9.786 -11.307 -12.436 -13.194 -7.798 -10.34 -11.944 -12.747 -13.268 -10.754 -12.013 -12.79 -13.217 -13.511 -12.083 -11.21 -12.373 -13.816 -13.931 -13.828 -12.217
1.525092 -7.489 -2.608 -5.116 -7.129 -9.373 -10.971 -8.998 -7.533 -9.456 -11.05 -12.247 -13.054 -7.369 -10.036 -11.721 -12.572 -13.131 -10.5 -11.799 -12.619 -13.075 -13.392 -11.885 -10.957 -12.179 -13.734 -13.879 -13.801 -12.05
1.571218 -7.4 -2.386 -4.687 -6.656 -9.005 -10.682 -8.713 -7.078 -9.096 -10.768 -12.039 -12.899 -6.903 -9.704 -11.475 -12.38 -12.979 -10.23 -11.564 -12.431 -12.918 -13.26 -11.668 -10.68 -11.967 -13.642 -13.82 -13.768 -11.871
1.618738 -7.304 -2.202 -4.229 -6.142 -8.604 -10.366 -8.407 -6.584 -8.705 -10.459 -11.811 -12.727 -6.397 -9.342 -11.206 -12.167 -12.811 -9.946 -11.308 -12.223 -12.744 -13.112 -11.43 -10.379 -11.734 -13.537 -13.752 -13.728 -11.678
1.667696 -7.2 -2.044 -3.74 -5.582 -8.166 -10.018 -8.077 -6.045 -8.278 -10.121 -11.56 -12.536 -5.844 -8.946 -10.91 -11.933 -12.624 -9.65 -11.029 -11.994 -12.551 -12.949 -11.17 -10.049 -11.478 -13.419 -13.673 -13.681 -11.472
1.718134 -7.088 -1.901 -3.217 -4.971 -7.687 -9.637 -7.723 -5.456 -7.811 -9.75 -11.284 -12.325 -5.241 -8.513 -10.584 -11.673 -12.416 -9.344 -10.725 -11.742 -12.338 -12.768 -10.885 -9.687 -11.197 -13.287 -13.584 -13.626 -11.251
1.770098 -6.965 -1.763 -2.656 -4.304 -7.163 -9.218 -7.343 -4.813 -7.301 -9.342 -10.979 -12.092 -4.582 -8.038 -10.225 -11.386 -12.186 -9.034 -10.394 -11.463 -12.101 -12.566 -10.572 -9.292 -10.887 -13.138 -13.482 -13.562 -11.017
1.823633 -6.832 -1.622 -2.053 -3.574 -6.588 -8.757 -6.936 -4.109 -6.743 -8.894 -10.644 -11.833 -3.86 -7.518 -9.83 -11.069 -11.929 -8.723 -10.035 -11.156 -11.838 -12.344 -10.227 -8.857 -10.545 -12.971 -13.366 -13.487 -10.768
1.878788 -6.686 -1.473 -1.402 -2.773 -5.956 -8.248 -6.503 -3.336 -6.13 -8.401 -10.275 -11.545 -3.068 -6.945 -9.393 -10.717 -11.644 -8.417 -9.648 -10.818 -11.547 -12.097 -9.849 -8.38 -10.168 -12.783 -13.235 -13.401 -10.506
1.93561 -6.527 -1.312 -0.697 -1.893 -5.26 -7.686 -6.045 -2.487 -5.457 -7.857 -9.867 -11.226 -2.198 -6.315 -8.91 -10.327 -11.327 -8.121 -9.233 -10.446 -11.224 -11.823 -9.431 -7.855 -9.752 -12.572 -13.086 -13.303 -10.23
1.994152 -6.353 -1.138 0.068 -0.924 -4.493 -7.064 -5.565 -1.552 -4.716 -7.255 -9.415 -10.872 -1.238 -5.62 -8.375 -9.893 -10.974 -7.837 -8.793 -10.036 -10.866 -11.521 -8.97 -7.275 -9.292 -12.334 -12.918 -13.19 -9.943
2.054463 -6.162 -0.947 0.901 0.145 -3.646 -6.374 -5.071 -0.519 -3.899 -6.59 -8.915 -10.477 -0.179 -4.852 -7.781 -9.41 -10.58 -7.564 -8.333 -9.586 -10.469 -11.187 -8.461 -6.635 -8.782 -12.068 -12.727 -13.061 -9.644
2.116599 -5.953 -0.737 1.811 1.328 -2.707 -5.608 -4.573 0.623 -2.996 -5.853 -8.361 -10.038 0.993 -4.0 -7.12 -8.872 -10.139 -7.298 -7.862 -9.094 -10.029 -10.819 -7.896 -5.926 -8.215 -11.767 -12.511 -12.913 -9.335
2.180614 -5.721 -0.506 2.809 2.64 -1.665 -4.756 -4.082 1.891 -1.997 -5.033 -7.745 -9.548 2.293 -3.055 -6.385 -8.271 -9.646 -7.03 -7.391 -8.56 -9.543 -10.415 -7.268 -5.139 -7.586 -11.428 -12.267 -12.744 -9.016
2.246566 -5.467 -0.251 3.905 4.098 -0.505 -3.804 -3.611 3.3 -0.888 -4.121 -7.059 -9.0 3.74 -2.003 -5.563 -7.598 -9.093 -6.754 -6.931 -7.987 -9.007 -9.974 -6.569 -4.264 -6.884 -11.046 -11.989 -12.552 -8.687
2.314511 -5.185 0.031 5.114 5.725 0.789 -2.739 -3.165 4.873 0.346 -3.103 -6.294 -8.387 5.353 -0.828 -4.643 -6.843 -8.472 -6.46 -6.491 -7.382 -8.42 -9.494 -5.79 -3.288 -6.101 -10.613 -11.673 -12.331 -8.344
2.384512 -4.872 0.344 6.452 7.544 2.237 -1.544 -2.74 6.632 1.723 -1.965 -5.439 -7.699 7.158 0.487 -3.61 -5.994 -7.772 -6.141 -6.068 -6.758 -7.785 -8.979 -4.916 -2.195 -5.224 -10.123 -11.314 -12.079 -7.986
2.45663 -4.523 0.692 7.938 9.587 3.863 -0.199 -2.324 8.607 3.263 -0.689 -4.481 -6.926 9.184 1.963 -2.448 -5.037 -6.982 -5.791 -5.651 -6.136 -7.107 -8.431 -3.936 -0.968 -4.239 -9.566 -10.904 -11.789 -7.604
2.530929 -4.135 1.081 9.595 11.887 5.694 1.319 -1.897 10.831 4.991 0.745 -3.405 -6.056 11.466 3.627 -1.135 -3.954 -6.089 -5.401 -5.225 -5.53 -6.402 -7.857 -2.831 0.413 -3.129 -8.932 -10.436 -11.457 -7.193
2.607475 -3.699 1.517 11.45 14.487 7.763 3.039 -1.443 13.344 6.937 2.361 -2.192 -5.073 14.044 5.507 0.351 -2.726 -5.075 -4.965 -4.771 -4.944 -5.689 -7.261 -1.583 1.974 -1.875 -8.208 -9.9 -11.074 -6.744
2.686337 -3.208 2.007 13.539 17.437 10.111 4.993 -0.945 16.194 9.136 4.189 -0.822 -3.96 16.968 7.641 2.042 -1.328 -3.921 -4.474 -4.273 -4.365 -4.984 -6.644 -0.166 3.745 -0.453 -7.379 -9.285 -10.632 -6.245
2.767583 -2.654 2.562 15.903 20.8 12.786 7.222 -0.387 19.441 11.631 6.261 0.731 -2.698 20.298 10.073 3.97 0.269 -2.605 -3.92 -3.716 -3.765 -4.287 -6.001 1.448 5.764 1.167 -6.427 -8.576 -10.121 -5.687
2.851287 -2.025 3.191 18.592 24.648 15.846 9.776 0.243 23.154 14.474 8.619 2.497 -1.26 24.106 12.855 6.179 2.099 -1.097 -3.29 -3.086 -3.117 -3.578 -5.317 3.295 8.073 3.018 -5.329 -7.757 -9.528 -5.055
2.937522 -1.306 3.909 21.67 29.073 19.363 12.714 0.962 27.419 17.729 11.311 4.513 0.382 28.481 16.053 8.72 4.207 0.635 -2.572 -2.367 -2.391 -2.823 -4.569 5.417 10.728 5.146 -4.058 -6.808 -8.838 -4.336
3.026365 -0.482 4.733 25.216 34.186 23.424 16.109 1.786 32.342 21.473 14.398 6.822 2.265 33.529 19.745 11.658 6.644 2.631 -1.748 -1.543 -1.565 -1.984 -3.731 7.869 13.796 7.601 -2.582 -5.704 -8.031 -3.512
3.117896 0.393 5.609 28.844 39.41 27.581 19.593 2.662 37.367 25.296 17.544 9.188 4.201 38.681 23.526 14.679 9.159 4.693 -0.872 -0.667 -0.689 -1.104 -2.85 10.397 16.948 10.132 -1.033 -4.534 -7.16 -2.636
3.212194 0.796 6.011 29.246 39.812 27.984 19.995 3.064 37.769 25.698 17.947 9.59 4.603 39.083 23.929 15.081 9.561 5.096 -0.47 -0.265 -0.287 -0.702 -2.448 10.799 17.351 10.534 -0.631 -4.132 -6.757 -2.234
3.309345 1.223 6.438 29.673 40.239 28.411 20.422 3.491 38.196 26.125 18.374 10.017 5.03 39.51 24.356 15.508 9.988 5.523 -0.043 0.162 0.14 -0.275 -2.021 11.226 17.778 10.961 -0.204 -3.705 -6.33 -1.807
3.409434 1.676 6.892 30.126 40.693 28.864 20.876 3.944 38.649 26.578 18.827 10.47 5.483 39.963 24.809 15.961 10.441 5.976 0.41 0.615 0.594 0.178 -1.568 11.679 18.231 11.414 0.249 -3.251 -5.877 -1.354
3.51255 2.157 7.373 30.608 41.174 29.345 21.357 4.425 39.13 27.059 19.308 10.951 5.965 40.444 25.29 16.442 10.922 6.457 0.891 1.096 1.075 0.659 -1.087 12.16 18.712 11.895 0.73 -2.77 -5.396 -0.872
3.618785 2.668 7.883 31.118 41.684 29.856 21.867 4.936 39.641 27.57 19.819 11.462 6.475 40.955 25.801 16.953 11.433 6.967 1.402 1.607 1.585 1.17 -0.576 12.671 19.223 12.406 1.241 -2.26 -4.886 -0.362
3.728232 3.21 8.425 31.66 42.226 30.398 22.409 5.478 40.183 28.112 20.361 12.004 7.017 41.497 26.343 17.495 11.975 7.509 1.944 2.149 2.127 1.712 -0.034 13.213 19.764 12.948 1.783 -1.718 -4.344 0.18
3.84099 3.785 9.0 32.235 42.801 30.973 22.985 6.053 40.758 28.687 20.936 12.579 7.592 42.072 26.918 18.07 12.55 8.085 2.519 2.724 2.702 2.287 0.541 13.788 20.34 13.523 2.358 -1.142 -3.768 0.755
3.957158 4.395 9.611 32.846 43.412 31.583 23.595 6.664 41.369 29.298 21.546 13.19 8.203 42.683 27.528 18.681 13.161 8.695 3.13 3.335 3.313 2.898 1.152 14.399 20.95 14.134 2.969 -0.532 -3.158 1.366
4.07684 5.043 10.259 33.494 44.06 32.231 24.243 7.312 42.017 29.946 22.194 13.838 8.851 43.331 28.176 19.329 13.809 9.343 3.778 3.983 3.961 3.546 1.8 15.047 21.598 14.782 3.617 0.116 -2.51 2.014
4.200141 5.731 10.947 34.182 44.748 32.919 24.931 8.0 42.705 30.634 22.882 14.526 9.539 44.019 28.864 20.017 14.497 10.031 4.466 4.67 4.649 4.234 2.488 15.735 22.286 15.469 4.305 0.804 -1.822 2.702
4.327172 6.461 11.677 34.912 45.478 33.649 25.661 8.73 43.435 31.364 23.612 15.256 10.269 44.749 29.594 20.747 15.227 10.761 5.196 5.401 5.379 4.964 3.218 16.465 23.016 16.2 5.035 1.534 -1.092 3.432
4.458044 7.236 12.452 35.687 46.253 34.424 26.436 9.505 44.21 32.139 24.387 16.031 11.044 45.524 30.369 21.522 16.002 11.536 5.971 6.175 6.154 5.739 3.993 17.24 23.791 16.974 5.81 2.309 -0.317 4.207
4.592874 8.059 13.274 36.509 47.075 35.247 27.259 10.327 45.032 32.961 25.21 16.853 11.866 46.346 31.192 22.344 16.824 12.359 6.793 6.998 6.977 6.561 4.815 18.062 24.614 17.797 6.632 3.132 0.506 5.029
4.731783 8.932 14.148 37.382 47.948 36.12 28.132 11.2 45.905 33.834 26.083 17.726 12.739 47.219 32.065 23.217 17.697 13.232 7.666 7.871 7.85 7.434 5.688 18.935 25.487 18.67 7.505 4.005 1.379 5.902
4.874892 9.858 15.074 38.309 48.875 37.046 29.058 12.127 46.832 34.761 27.009 18.653 13.666 48.146 32.991 24.144 18.624 14.158 8.593 8.798 8.776 8.361 6.615 19.862 26.413 19.597 8.432 4.931 2.305 6.829
5.02233 10.842 16.058 39.293 49.859 38.03 30.042 13.11 47.815 35.744 27.993 19.636 14.65 49.129 33.975 25.127 19.607 15.142 9.576 9.781 9.76 9.344 7.598 20.845 27.397 20.58 9.415 5.915 3.289 7.813
5.174227 11.886 17.102 40.336 50.903 39.074 31.086 14.154 48.859 36.788 29.037 20.68 15.693 50.173 35.019 26.171 20.651 16.186 10.62 10.825 10.804 10.388 8.642 21.889 28.441 21.624 10.459 6.959 4.333 8.856
