web/models/kne/31/villar_0.0065_0.4060_10.0000.dat
# %ECSV 1.0
# ---
# datatype:
# - {name: time, datatype: float64}
# - {name: swift_uvot_uvw2, datatype: float64}
# - {name: swift_uvot_uvm2, datatype: float64}
# - {name: swift_uvot_uvw1, datatype: float64}
# - {name: swift_uvot_U, datatype: float64}
# - {name: swift_uvot_B, datatype: float64}
# - {name: swift_uvot_V, datatype: float64}
# - {name: swift_uvot_W, datatype: float64}
# - {name: johnson_U, datatype: float64}
# - {name: johnson_B, datatype: float64}
# - {name: johnson_V, datatype: float64}
# - {name: johnson_R, datatype: float64}
# - {name: johnson_I, datatype: float64}
# - {name: sdss_u, datatype: float64}
# - {name: sdss_g, datatype: float64}
# - {name: sdss_r, datatype: float64}
# - {name: sdss_i, datatype: float64}
# - {name: sdss_z, datatype: float64}
# - {name: PS1_g, datatype: float64}
# - {name: PS1_r, datatype: float64}
# - {name: PS1_i, datatype: float64}
# - {name: PS1_z, datatype: float64}
# - {name: PS1_Y, datatype: float64}
# - {name: PS1_w, datatype: float64}
# - {name: ATLAS_c, datatype: float64}
# - {name: ATLAS_o, datatype: float64}
# - {name: ukirt_J, datatype: float64}
# - {name: ukirt_H, datatype: float64}
# - {name: ukirt_K, datatype: float64}
# - {name: Clear, datatype: float64}
# meta: !!omap
# - comment: [kappa = 10.0, type = villar, mass = 0.006451950121499907, velocity = 0.406, theta_obs = 0.0]
# schema: astropy-2.0
time swift_uvot_uvw2 swift_uvot_uvm2 swift_uvot_uvw1 swift_uvot_U swift_uvot_B swift_uvot_V swift_uvot_W johnson_U johnson_B johnson_V johnson_R johnson_I sdss_u sdss_g sdss_r sdss_i sdss_z PS1_g PS1_r PS1_i PS1_z PS1_Y PS1_w ATLAS_c ATLAS_o ukirt_J ukirt_H ukirt_K Clear
[from data line 149]
0.084741 -8.655 -9.034 -9.816 -10.936 -11.467 -11.754 -10.638 -11.038 -11.47 -11.756 -11.841 -11.797 -11.016 -11.582 -11.829 -11.85 -11.787 -11.637 -11.837 -11.859 -11.82 -11.796 -11.776 -11.706 -11.839 -11.504 -11.167 -10.707 -11.744
0.087304 -8.632 -9.007 -9.803 -10.94 -11.482 -11.778 -10.647 -11.044 -11.486 -11.781 -11.873 -11.834 -11.021 -11.601 -11.857 -11.884 -11.825 -11.657 -11.866 -11.894 -11.857 -11.835 -11.804 -11.729 -11.87 -11.547 -11.213 -10.756 -11.772
0.089944 -8.608 -8.979 -9.79 -10.942 -11.497 -11.802 -10.656 -11.049 -11.501 -11.805 -11.904 -11.871 -11.025 -11.619 -11.885 -11.918 -11.863 -11.676 -11.894 -11.927 -11.894 -11.874 -11.832 -11.752 -11.901 -11.59 -11.259 -10.804 -11.799
0.092665 -8.583 -8.95 -9.776 -10.944 -11.511 -11.825 -10.664 -11.053 -11.515 -11.829 -11.935 -11.908 -11.028 -11.637 -11.913 -11.952 -11.9 -11.695 -11.923 -11.961 -11.931 -11.913 -11.86 -11.775 -11.932 -11.633 -11.305 -10.852 -11.826
0.095467 -8.558 -8.92 -9.761 -10.945 -11.524 -11.848 -10.672 -11.056 -11.529 -11.852 -11.965 -11.944 -11.031 -11.654 -11.941 -11.985 -11.937 -11.714 -11.95 -11.994 -11.967 -11.951 -11.887 -11.797 -11.962 -11.676 -11.351 -10.901 -11.852
0.098355 -8.533 -8.888 -9.745 -10.946 -11.537 -11.871 -10.68 -11.059 -11.542 -11.875 -11.995 -11.98 -11.033 -11.671 -11.968 -12.017 -11.974 -11.732 -11.977 -12.027 -12.003 -11.99 -11.914 -11.818 -11.991 -11.719 -11.397 -10.949 -11.878
0.101329 -8.507 -8.856 -9.728 -10.946 -11.55 -11.893 -10.687 -11.061 -11.555 -11.898 -12.025 -12.016 -11.034 -11.687 -11.995 -12.05 -12.011 -11.75 -12.004 -12.06 -12.039 -12.028 -11.94 -11.839 -12.021 -11.761 -11.442 -10.997 -11.904
0.104394 -8.481 -8.823 -9.711 -10.945 -11.562 -11.915 -10.694 -11.062 -11.567 -11.92 -12.055 -12.052 -11.035 -11.702 -12.021 -12.082 -12.047 -11.767 -12.031 -12.092 -12.075 -12.065 -11.966 -11.86 -12.05 -11.804 -11.488 -11.045 -11.93
0.107551 -8.454 -8.788 -9.693 -10.943 -11.573 -11.936 -10.7 -11.063 -11.579 -11.941 -12.084 -12.087 -11.035 -11.717 -12.047 -12.114 -12.083 -11.784 -12.057 -12.124 -12.11 -12.103 -11.992 -11.88 -12.078 -11.846 -11.533 -11.093 -11.955
0.110804 -8.427 -8.753 -9.674 -10.941 -11.583 -11.957 -10.706 -11.063 -11.589 -11.962 -12.112 -12.122 -11.034 -11.732 -12.073 -12.145 -12.119 -11.8 -12.083 -12.156 -12.146 -12.14 -12.017 -11.9 -12.107 -11.888 -11.578 -11.14 -11.98
0.114155 -8.399 -8.716 -9.654 -10.937 -11.594 -11.977 -10.711 -11.062 -11.6 -11.983 -12.141 -12.157 -11.032 -11.746 -12.098 -12.177 -12.155 -11.816 -12.108 -12.187 -12.18 -12.177 -12.042 -11.92 -12.135 -11.929 -11.623 -11.188 -12.004
0.117608 -8.371 -8.678 -9.633 -10.933 -11.603 -11.997 -10.716 -11.06 -11.609 -12.003 -12.169 -12.191 -11.03 -11.759 -12.122 -12.207 -12.19 -11.831 -12.133 -12.218 -12.215 -12.214 -12.067 -11.938 -12.162 -11.971 -11.668 -11.236 -12.028
0.121165 -8.343 -8.639 -9.612 -10.928 -11.612 -12.016 -10.72 -11.058 -11.619 -12.023 -12.197 -12.226 -11.027 -11.772 -12.147 -12.238 -12.225 -11.845 -12.157 -12.249 -12.249 -12.25 -12.091 -11.957 -12.189 -12.012 -11.713 -11.283 -12.052
0.124829 -8.315 -8.599 -9.59 -10.923 -11.62 -12.035 -10.724 -11.055 -11.627 -12.042 -12.224 -12.259 -11.023 -11.784 -12.17 -12.268 -12.26 -11.859 -12.181 -12.279 -12.283 -12.287 -12.114 -11.974 -12.216 -12.053 -11.758 -11.33 -12.075
0.128605 -8.286 -8.557 -9.566 -10.916 -11.627 -12.053 -10.728 -11.051 -11.635 -12.06 -12.251 -12.293 -11.018 -11.796 -12.194 -12.298 -12.294 -11.873 -12.205 -12.309 -12.317 -12.323 -12.138 -11.992 -12.242 -12.094 -11.802 -11.378 -12.098
0.132494 -8.257 -8.515 -9.542 -10.909 -11.634 -12.071 -10.731 -11.046 -11.642 -12.078 -12.277 -12.326 -11.012 -11.807 -12.217 -12.327 -12.328 -11.885 -12.228 -12.338 -12.35 -12.358 -12.161 -12.009 -12.268 -12.135 -11.846 -11.425 -12.12
0.136502 -8.228 -8.471 -9.517 -10.901 -11.64 -12.088 -10.734 -11.04 -11.648 -12.096 -12.303 -12.359 -11.005 -11.817 -12.239 -12.356 -12.362 -11.898 -12.25 -12.368 -12.383 -12.394 -12.183 -12.025 -12.294 -12.176 -11.89 -11.472 -12.143
0.14063 -8.199 -8.426 -9.491 -10.892 -11.646 -12.104 -10.736 -11.034 -11.654 -12.113 -12.329 -12.392 -10.998 -11.827 -12.261 -12.385 -12.396 -11.909 -12.272 -12.396 -12.416 -12.429 -12.205 -12.041 -12.319 -12.216 -11.934 -11.519 -12.164
0.144883 -8.17 -8.38 -9.464 -10.882 -11.65 -12.12 -10.737 -11.026 -11.659 -12.129 -12.354 -12.424 -10.99 -11.836 -12.283 -12.413 -12.429 -11.92 -12.294 -12.425 -12.449 -12.464 -12.227 -12.056 -12.344 -12.256 -11.978 -11.565 -12.186
0.149265 -8.14 -8.332 -9.437 -10.871 -11.654 -12.136 -10.739 -11.018 -11.664 -12.145 -12.379 -12.456 -10.981 -11.844 -12.303 -12.441 -12.462 -11.931 -12.315 -12.453 -12.481 -12.498 -12.248 -12.07 -12.368 -12.296 -12.022 -11.612 -12.206
0.15378 -8.111 -8.283 -9.408 -10.859 -11.658 -12.15 -10.739 -11.009 -11.667 -12.16 -12.403 -12.488 -10.971 -11.852 -12.324 -12.468 -12.494 -11.94 -12.336 -12.48 -12.512 -12.533 -12.269 -12.084 -12.392 -12.336 -12.065 -11.659 -12.227
0.15843 -8.082 -8.233 -9.378 -10.847 -11.66 -12.165 -10.739 -10.999 -11.67 -12.175 -12.427 -12.519 -10.96 -11.859 -12.344 -12.495 -12.526 -11.95 -12.356 -12.508 -12.544 -12.567 -12.289 -12.098 -12.415 -12.375 -12.109 -11.705 -12.247
0.163222 -8.053 -8.181 -9.348 -10.833 -11.662 -12.178 -10.739 -10.988 -11.672 -12.189 -12.45 -12.55 -10.948 -11.866 -12.363 -12.522 -12.558 -11.958 -12.376 -12.534 -12.575 -12.601 -12.309 -12.111 -12.438 -12.415 -12.152 -11.751 -12.267
0.168159 -8.024 -8.128 -9.316 -10.819 -11.663 -12.191 -10.738 -10.976 -11.674 -12.203 -12.473 -12.581 -10.935 -11.871 -12.382 -12.548 -12.59 -11.966 -12.395 -12.561 -12.606 -12.634 -12.328 -12.123 -12.46 -12.454 -12.195 -11.797 -12.286
0.173245 -7.995 -8.074 -9.283 -10.803 -11.663 -12.204 -10.736 -10.964 -11.675 -12.215 -12.496 -12.611 -10.921 -11.876 -12.401 -12.574 -12.621 -11.973 -12.414 -12.587 -12.636 -12.667 -12.347 -12.135 -12.482 -12.492 -12.238 -11.843 -12.305
0.178484 -7.967 -8.018 -9.25 -10.786 -11.663 -12.216 -10.734 -10.95 -11.674 -12.228 -12.518 -12.641 -10.906 -11.881 -12.418 -12.599 -12.652 -11.98 -12.432 -12.612 -12.666 -12.7 -12.365 -12.146 -12.504 -12.531 -12.28 -11.889 -12.323
0.183882 -7.939 -7.961 -9.215 -10.769 -11.661 -12.227 -10.732 -10.935 -11.673 -12.239 -12.539 -12.67 -10.89 -11.884 -12.436 -12.624 -12.682 -11.985 -12.449 -12.637 -12.695 -12.732 -12.383 -12.156 -12.525 -12.569 -12.323 -11.935 -12.341
0.189444 -7.912 -7.902 -9.18 -10.75 -11.659 -12.237 -10.729 -10.919 -11.672 -12.25 -12.56 -12.699 -10.874 -11.887 -12.452 -12.648 -12.712 -11.99 -12.466 -12.662 -12.725 -12.764 -12.4 -12.166 -12.545 -12.607 -12.365 -11.981 -12.358
0.195173 -7.885 -7.842 -9.143 -10.731 -11.656 -12.247 -10.725 -10.903 -11.669 -12.26 -12.581 -12.728 -10.856 -11.889 -12.468 -12.672 -12.742 -11.995 -12.482 -12.686 -12.753 -12.796 -12.417 -12.175 -12.565 -12.645 -12.407 -12.026 -12.375
0.201076 -7.858 -7.78 -9.105 -10.71 -11.652 -12.256 -10.72 -10.885 -11.666 -12.27 -12.601 -12.756 -10.837 -11.89 -12.484 -12.695 -12.771 -11.998 -12.498 -12.71 -12.782 -12.827 -12.433 -12.184 -12.584 -12.682 -12.449 -12.071 -12.391
0.207158 -7.833 -7.717 -9.067 -10.688 -11.647 -12.264 -10.715 -10.866 -11.661 -12.279 -12.62 -12.784 -10.817 -11.89 -12.498 -12.718 -12.8 -12.001 -12.513 -12.733 -12.81 -12.858 -12.449 -12.191 -12.603 -12.719 -12.491 -12.117 -12.407
0.213423 -7.807 -7.652 -9.027 -10.665 -11.642 -12.272 -10.71 -10.846 -11.656 -12.287 -12.639 -12.811 -10.796 -11.89 -12.513 -12.741 -12.828 -12.003 -12.528 -12.755 -12.837 -12.889 -12.464 -12.198 -12.621 -12.756 -12.532 -12.162 -12.423
0.219878 -7.783 -7.586 -8.986 -10.641 -11.635 -12.279 -10.703 -10.825 -11.65 -12.295 -12.658 -12.838 -10.773 -11.889 -12.526 -12.762 -12.856 -12.005 -12.542 -12.778 -12.864 -12.919 -12.478 -12.205 -12.639 -12.793 -12.573 -12.206 -12.438
0.226528 -7.76 -7.518 -8.944 -10.616 -11.627 -12.285 -10.697 -10.803 -11.643 -12.301 -12.675 -12.865 -10.75 -11.887 -12.539 -12.784 -12.883 -12.005 -12.555 -12.799 -12.891 -12.949 -12.492 -12.21 -12.656 -12.829 -12.614 -12.251 -12.452
0.233379 -7.737 -7.449 -8.901 -10.589 -11.619 -12.29 -10.689 -10.78 -11.635 -12.307 -12.693 -12.891 -10.725 -11.884 -12.551 -12.805 -12.91 -12.005 -12.568 -12.82 -12.917 -12.979 -12.506 -12.215 -12.672 -12.865 -12.655 -12.296 -12.466
0.240437 -7.716 -7.377 -8.857 -10.562 -11.609 -12.295 -10.681 -10.755 -11.626 -12.312 -12.709 -12.916 -10.7 -11.88 -12.563 -12.825 -12.937 -12.004 -12.58 -12.841 -12.943 -13.008 -12.518 -12.219 -12.688 -12.901 -12.695 -12.34 -12.479
0.247709 -7.695 -7.304 -8.811 -10.533 -11.599 -12.298 -10.672 -10.73 -11.617 -12.317 -12.725 -12.941 -10.673 -11.875 -12.574 -12.844 -12.963 -12.002 -12.591 -12.861 -12.968 -13.036 -12.531 -12.223 -12.704 -12.936 -12.736 -12.384 -12.492
0.255201 -7.676 -7.23 -8.765 -10.502 -11.587 -12.301 -10.662 -10.703 -11.606 -12.32 -12.74 -12.966 -10.644 -11.87 -12.584 -12.863 -12.989 -11.999 -12.602 -12.88 -12.993 -13.065 -12.542 -12.225 -12.718 -12.971 -12.776 -12.428 -12.504
0.262919 -7.658 -7.153 -8.717 -10.471 -11.575 -12.303 -10.652 -10.675 -11.594 -12.323 -12.755 -12.99 -10.615 -11.863 -12.593 -12.882 -13.014 -11.996 -12.611 -12.899 -13.017 -13.092 -12.553 -12.227 -12.732 -13.006 -12.816 -12.472 -12.516
0.270871 -7.64 -7.075 -8.669 -10.438 -11.561 -12.305 -10.641 -10.645 -11.581 -12.325 -12.769 -13.014 -10.584 -11.855 -12.602 -12.9 -13.039 -11.991 -12.621 -12.917 -13.041 -13.12 -12.563 -12.228 -12.746 -13.04 -12.855 -12.516 -12.527
0.279064 -7.625 -6.995 -8.619 -10.404 -11.547 -12.305 -10.629 -10.615 -11.567 -12.326 -12.783 -13.037 -10.552 -11.847 -12.61 -12.917 -13.063 -11.986 -12.629 -12.935 -13.064 -13.147 -12.573 -12.228 -12.758 -13.074 -12.894 -12.559 -12.538
0.287504 -7.61 -6.913 -8.567 -10.369 -11.531 -12.304 -10.617 -10.583 -11.552 -12.326 -12.795 -13.059 -10.518 -11.837 -12.617 -12.934 -13.087 -11.979 -12.637 -12.952 -13.086 -13.173 -12.582 -12.228 -12.77 -13.108 -12.933 -12.602 -12.548
0.296199 -7.597 -6.829 -8.515 -10.332 -11.514 -12.303 -10.603 -10.549 -11.536 -12.326 -12.808 -13.081 -10.483 -11.827 -12.623 -12.95 -13.11 -11.972 -12.644 -12.968 -13.109 -13.199 -12.59 -12.226 -12.782 -13.141 -12.972 -12.645 -12.557
0.305157 -7.585 -6.744 -8.461 -10.293 -11.496 -12.301 -10.589 -10.515 -11.519 -12.324 -12.819 -13.103 -10.447 -11.815 -12.629 -12.965 -13.132 -11.964 -12.65 -12.984 -13.13 -13.224 -12.597 -12.224 -12.792 -13.174 -13.011 -12.688 -12.566
0.314387 -7.574 -6.656 -8.406 -10.254 -11.477 -12.297 -10.574 -10.479 -11.5 -12.322 -12.83 -13.124 -10.409 -11.802 -12.634 -12.98 -13.154 -11.955 -12.655 -12.999 -13.151 -13.249 -12.604 -12.22 -12.802 -13.207 -13.049 -12.731 -12.574
0.323895 -7.565 -6.567 -8.35 -10.212 -11.456 -12.293 -10.558 -10.441 -11.481 -12.318 -12.839 -13.144 -10.37 -11.788 -12.637 -12.993 -13.176 -11.944 -12.659 -13.013 -13.171 -13.274 -12.61 -12.216 -12.811 -13.239 -13.087 -12.773 -12.581
0.333691 -7.557 -6.475 -8.293 -10.169 -11.435 -12.287 -10.542 -10.402 -11.46 -12.314 -12.849 -13.164 -10.329 -11.773 -12.64 -13.007 -13.197 -11.933 -12.663 -13.027 -13.191 -13.298 -12.615 -12.211 -12.82 -13.271 -13.124 -12.815 -12.588
0.343783 -7.55 -6.382 -8.234 -10.125 -11.412 -12.281 -10.524 -10.361 -11.438 -12.308 -12.857 -13.183 -10.287 -11.757 -12.642 -13.019 -13.217 -11.921 -12.665 -13.04 -13.21 -13.321 -12.62 -12.205 -12.827 -13.302 -13.162 -12.857 -12.594
0.354181 -7.545 -6.286 -8.174 -10.079 -11.387 -12.274 -10.506 -10.319 -11.414 -12.301 -12.864 -13.201 -10.243 -11.74 -12.643 -13.031 -13.237 -11.907 -12.667 -13.052 -13.229 -13.344 -12.624 -12.197 -12.834 -13.333 -13.199 -12.899 -12.6
0.364893 -7.541 -6.189 -8.113 -10.031 -11.362 -12.265 -10.487 -10.275 -11.39 -12.294 -12.871 -13.219 -10.197 -11.721 -12.644 -13.042 -13.255 -11.893 -12.668 -13.063 -13.247 -13.366 -12.626 -12.189 -12.84 -13.363 -13.235 -12.941 -12.604
0.375929 -7.538 -6.089 -8.05 -9.982 -11.335 -12.255 -10.467 -10.23 -11.364 -12.285 -12.877 -13.236 -10.15 -11.702 -12.643 -13.052 -13.274 -11.877 -12.668 -13.074 -13.264 -13.388 -12.629 -12.18 -12.845 -13.393 -13.271 -12.982 -12.609
0.387298 -7.536 -5.988 -7.986 -9.931 -11.307 -12.245 -10.445 -10.183 -11.336 -12.275 -12.882 -13.253 -10.101 -11.681 -12.641 -13.061 -13.291 -11.861 -12.667 -13.083 -13.28 -13.409 -12.63 -12.169 -12.849 -13.423 -13.307 -13.023 -12.612
0.399012 -7.536 -5.884 -7.92 -9.878 -11.277 -12.233 -10.423 -10.134 -11.308 -12.264 -12.886 -13.268 -10.05 -11.658 -12.638 -13.07 -13.308 -11.843 -12.665 -13.092 -13.296 -13.429 -12.63 -12.158 -12.852 -13.452 -13.343 -13.064 -12.615
0.41108 -7.537 -5.779 -7.853 -9.823 -11.246 -12.219 -10.4 -10.083 -11.278 -12.252 -12.889 -13.284 -9.998 -11.635 -12.634 -13.077 -13.325 -11.824 -12.662 -13.101 -13.311 -13.449 -12.629 -12.145 -12.854 -13.48 -13.378 -13.104 -12.617
0.423513 -7.539 -5.671 -7.785 -9.767 -11.213 -12.205 -10.376 -10.031 -11.246 -12.239 -12.892 -13.298 -9.943 -11.61 -12.629 -13.084 -13.34 -11.804 -12.658 -13.108 -13.325 -13.468 -12.628 -12.131 -12.856 -13.508 -13.413 -13.144 -12.618
0.436321 -7.541 -5.562 -7.715 -9.708 -11.179 -12.189 -10.351 -9.977 -11.213 -12.224 -12.893 -13.311 -9.887 -11.583 -12.623 -13.09 -13.355 -11.782 -12.653 -13.114 -13.339 -13.487 -12.625 -12.116 -12.856 -13.536 -13.448 -13.184 -12.618
0.449518 -7.545 -5.45 -7.644 -9.647 -11.143 -12.172 -10.324 -9.92 -11.178 -12.208 -12.894 -13.324 -9.829 -11.555 -12.616 -13.095 -13.369 -11.76 -12.647 -13.12 -13.352 -13.505 -12.622 -12.1 -12.856 -13.563 -13.482 -13.224 -12.618
0.463113 -7.55 -5.337 -7.571 -9.585 -11.105 -12.154 -10.297 -9.862 -11.142 -12.191 -12.893 -13.336 -9.768 -11.526 -12.608 -13.099 -13.382 -11.736 -12.639 -13.124 -13.364 -13.522 -12.617 -12.083 -12.854 -13.589 -13.515 -13.263 -12.616
0.47712 -7.555 -5.222 -7.497 -9.52 -11.066 -12.134 -10.268 -9.802 -11.104 -12.172 -12.891 -13.347 -9.706 -11.495 -12.598 -13.102 -13.395 -11.71 -12.631 -13.128 -13.375 -13.538 -12.612 -12.064 -12.851 -13.615 -13.548 -13.302 -12.614
0.49155 -7.561 -5.105 -7.421 -9.453 -11.025 -12.113 -10.238 -9.74 -11.064 -12.152 -12.889 -13.357 -9.641 -11.462 -12.587 -13.104 -13.406 -11.684 -12.621 -13.13 -13.385 -13.553 -12.605 -12.044 -12.848 -13.641 -13.581 -13.341 -12.611
0.506416 -7.568 -4.986 -7.343 -9.384 -10.982 -12.09 -10.207 -9.675 -11.023 -12.131 -12.885 -13.367 -9.575 -11.428 -12.575 -13.104 -13.417 -11.656 -12.61 -13.132 -13.394 -13.568 -12.598 -12.022 -12.843 -13.665 -13.614 -13.379 -12.608
0.521733 -7.576 -4.866 -7.264 -9.313 -10.938 -12.066 -10.175 -9.609 -10.98 -12.108 -12.88 -13.375 -9.506 -11.392 -12.562 -13.104 -13.426 -11.626 -12.598 -13.132 -13.403 -13.582 -12.589 -11.999 -12.837 -13.689 -13.645 -13.417 -12.603
0.537512 -7.584 -4.745 -7.183 -9.24 -10.891 -12.04 -10.142 -9.54 -10.935 -12.084 -12.874 -13.383 -9.434 -11.355 -12.547 -13.103 -13.435 -11.596 -12.584 -13.131 -13.41 -13.595 -12.579 -11.975 -12.83 -13.713 -13.677 -13.455 -12.597
0.553769 -7.596 -4.736 -7.181 -9.238 -10.894 -12.047 -10.147 -9.539 -10.938 -12.09 -12.883 -13.395 -9.433 -11.359 -12.555 -13.113 -13.447 -11.601 -12.593 -13.142 -13.422 -13.608 -12.588 -11.982 -12.839 -13.727 -13.693 -13.472 -12.607
0.570517 -7.608 -4.748 -7.193 -9.25 -10.906 -12.059 -10.159 -9.551 -10.95 -12.103 -12.895 -13.407 -9.445 -11.371 -12.567 -13.126 -13.46 -11.613 -12.605 -13.154 -13.434 -13.621 -12.6 -11.994 -12.851 -13.74 -13.705 -13.484 -12.619
0.587772 -7.62 -4.76 -7.205 -9.262 -10.918 -12.071 -10.171 -9.564 -10.962 -12.115 -12.908 -13.419 -9.457 -11.383 -12.58 -13.138 -13.472 -11.626 -12.617 -13.166 -13.446 -13.633 -12.612 -12.006 -12.863 -13.752 -13.717 -13.496 -12.632
0.605549 -7.632 -4.772 -7.217 -9.274 -10.93 -12.083 -10.183 -9.575 -10.974 -12.127 -12.919 -13.431 -9.469 -11.395 -12.591 -13.149 -13.484 -11.637 -12.629 -13.178 -13.458 -13.644 -12.624 -12.018 -12.875 -13.763 -13.729 -13.508 -12.643
