web/models/kne.last_good/kappa_0.5_3.0.v1/19/villar_0.1443_0.2650_0.5000.dat
# %ECSV 1.0
# ---
# datatype:
# - {name: time, datatype: float64}
# - {name: swift_uvot_uvw2, datatype: float64}
# - {name: swift_uvot_uvm2, datatype: float64}
# - {name: swift_uvot_uvw1, datatype: float64}
# - {name: swift_uvot_U, datatype: float64}
# - {name: swift_uvot_B, datatype: float64}
# - {name: swift_uvot_V, datatype: float64}
# - {name: swift_uvot_W, datatype: float64}
# - {name: johnson_U, datatype: float64}
# - {name: johnson_B, datatype: float64}
# - {name: johnson_V, datatype: float64}
# - {name: johnson_R, datatype: float64}
# - {name: johnson_I, datatype: float64}
# - {name: sdss_u, datatype: float64}
# - {name: sdss_g, datatype: float64}
# - {name: sdss_r, datatype: float64}
# - {name: sdss_i, datatype: float64}
# - {name: sdss_z, datatype: float64}
# - {name: PS1_g, datatype: float64}
# - {name: PS1_r, datatype: float64}
# - {name: PS1_i, datatype: float64}
# - {name: PS1_z, datatype: float64}
# - {name: PS1_Y, datatype: float64}
# - {name: PS1_w, datatype: float64}
# - {name: ATLAS_c, datatype: float64}
# - {name: ATLAS_o, datatype: float64}
# - {name: ukirt_J, datatype: float64}
# - {name: ukirt_H, datatype: float64}
# - {name: ukirt_K, datatype: float64}
# - {name: Clear, datatype: float64}
# meta: !!omap
# - comment: [kappa = 0.5, type = villar, mass = 0.1442699905917794, velocity = 0.265, theta_obs = 0.0]
# schema: astropy-2.0
time swift_uvot_uvw2 swift_uvot_uvm2 swift_uvot_uvw1 swift_uvot_U swift_uvot_B swift_uvot_V swift_uvot_W johnson_U johnson_B johnson_V johnson_R johnson_I sdss_u sdss_g sdss_r sdss_i sdss_z PS1_g PS1_r PS1_i PS1_z PS1_Y PS1_w ATLAS_c ATLAS_o ukirt_J ukirt_H ukirt_K Clear
[from data line 279]
4.07684 -10.286 -5.728 -8.426 -10.485 -12.573 -14.054 -12.084 -10.862 -12.644 -14.122 -15.211 -15.94 -10.714 -13.183 -14.739 -15.512 -16.011 -13.57 -14.803 -15.554 -15.963 -16.244 -14.864 -14.023 -15.149 -16.527 -16.623 -16.506 -14.98
4.200141 -10.201 -5.423 -8.021 -10.054 -12.239 -13.793 -11.819 -10.448 -12.317 -13.867 -15.023 -15.801 -10.29 -12.881 -14.518 -15.34 -15.876 -13.315 -14.591 -15.385 -15.823 -16.126 -14.667 -13.772 -14.958 -16.446 -16.573 -16.479 -14.813
4.327172 -10.11 -5.165 -7.59 -9.586 -11.875 -13.507 -11.535 -9.997 -11.961 -13.589 -14.818 -15.648 -9.829 -12.553 -14.276 -15.15 -15.726 -13.043 -14.358 -15.198 -15.668 -15.995 -14.452 -13.498 -14.748 -16.355 -16.514 -16.447 -14.633
4.458044 -10.013 -4.953 -7.132 -9.076 -11.478 -13.194 -11.229 -9.507 -11.573 -13.283 -14.592 -15.477 -9.327 -12.194 -14.009 -14.94 -15.559 -12.756 -14.104 -14.993 -15.496 -15.85 -14.216 -13.199 -14.518 -16.252 -16.447 -16.408 -14.439
4.592874 -9.908 -4.776 -6.642 -8.521 -11.044 -12.85 -10.899 -8.973 -11.15 -12.948 -14.343 -15.289 -8.779 -11.802 -13.716 -14.707 -15.375 -12.454 -13.826 -14.766 -15.305 -15.688 -13.958 -12.871 -14.264 -16.135 -16.369 -16.361 -14.231
4.731783 -9.795 -4.62 -6.118 -7.915 -10.569 -12.473 -10.544 -8.39 -10.687 -12.58 -14.069 -15.08 -8.182 -11.373 -13.393 -14.451 -15.169 -12.141 -13.523 -14.516 -15.093 -15.508 -13.674 -12.513 -13.985 -16.004 -16.281 -16.306 -14.009
4.874892 -9.672 -4.475 -5.557 -7.253 -10.049 -12.057 -10.163 -7.752 -10.18 -12.176 -13.767 -14.848 -7.528 -10.902 -13.038 -14.166 -14.941 -11.821 -13.193 -14.239 -14.859 -15.308 -13.363 -12.12 -13.677 -15.857 -16.18 -16.243 -13.773
5.02233 -9.537 -4.33 -4.953 -6.528 -9.478 -11.599 -9.754 -7.053 -9.626 -11.731 -13.434 -14.591 -6.811 -10.385 -12.645 -13.852 -14.687 -11.498 -12.834 -13.935 -14.598 -15.087 -13.021 -11.688 -13.338 -15.691 -16.065 -16.169 -13.521
5.174227 -9.391 -4.178 -4.302 -5.733 -8.85 -11.094 -9.318 -6.285 -9.017 -11.241 -13.067 -14.306 -6.025 -9.817 -12.211 -13.503 -14.404 -11.18 -12.446 -13.598 -14.309 -14.841 -12.644 -11.214 -12.963 -15.505 -15.935 -16.083 -13.255
5.330718 -9.231 -4.017 -3.597 -4.858 -8.159 -10.536 -8.855 -5.441 -8.347 -10.701 -12.661 -13.989 -5.16 -9.19 -11.732 -13.115 -14.089 -10.87 -12.028 -13.227 -13.988 -14.569 -12.229 -10.691 -12.55 -15.295 -15.787 -15.986 -12.975
5.491942 -9.057 -3.841 -2.833 -3.895 -7.396 -9.918 -8.368 -4.511 -7.61 -10.103 -12.212 -13.636 -4.206 -8.499 -11.2 -12.684 -13.738 -10.573 -11.584 -12.818 -13.632 -14.268 -11.77 -10.115 -12.091 -15.06 -15.62 -15.873 -12.682
5.658042 -8.865 -3.649 -2.0 -2.831 -6.552 -9.232 -7.864 -3.484 -6.796 -9.44 -11.714 -13.244 -3.152 -7.734 -10.609 -12.204 -13.346 -10.289 -11.116 -12.369 -13.236 -13.934 -11.262 -9.477 -11.584 -14.794 -15.43 -15.745 -12.378
5.829166 -8.654 -3.438 -1.09 -1.653 -5.618 -8.47 -7.352 -2.346 -5.897 -8.706 -11.162 -12.806 -1.985 -6.886 -9.952 -11.669 -12.908 -10.013 -10.634 -11.876 -12.797 -13.566 -10.699 -8.771 -11.02 -14.495 -15.216 -15.598 -12.063
6.005465 -8.422 -3.207 -0.093 -0.346 -4.579 -7.62 -6.845 -1.083 -4.9 -7.889 -10.547 -12.317 -0.689 -5.944 -9.219 -11.07 -12.416 -9.738 -10.149 -11.339 -12.311 -13.161 -10.073 -7.987 -10.392 -14.158 -14.972 -15.429 -11.738
6.187096 -8.166 -2.951 1.004 1.109 -3.423 -6.672 -6.356 0.323 -3.793 -6.979 -9.863 -11.771 0.753 -4.895 -8.399 -10.399 -11.865 -9.457 -9.674 -10.761 -11.774 -12.718 -9.376 -7.113 -9.692 -13.777 -14.695 -15.237 -11.402
6.37422 -7.883 -2.668 2.214 2.732 -2.131 -5.609 -5.894 1.892 -2.56 -5.963 -9.099 -11.158 2.364 -3.722 -7.481 -9.646 -11.245 -9.16 -9.218 -10.147 -11.185 -12.235 -8.597 -6.138 -8.909 -13.346 -14.38 -15.017 -11.054
6.567004 -7.569 -2.353 3.554 4.55 -0.684 -4.415 -5.455 3.65 -1.184 -4.825 -8.244 -10.471 4.167 -2.409 -6.45 -8.798 -10.546 -8.839 -8.782 -9.512 -10.544 -11.715 -7.724 -5.046 -8.033 -12.856 -14.021 -14.765 -10.691
6.765619 -7.219 -2.004 5.042 6.591 0.941 -3.071 -5.029 5.624 0.356 -3.549 -7.285 -9.698 6.192 -0.932 -5.288 -7.841 -9.757 -8.487 -8.356 -8.874 -9.858 -11.16 -6.744 -3.82 -7.047 -12.3 -13.612 -14.475 -10.305
6.97024 -6.829 -1.613 6.703 8.893 2.773 -1.552 -4.596 7.849 2.087 -2.113 -6.206 -8.826 8.475 0.732 -3.975 -6.758 -8.862 -8.095 -7.923 -8.252 -9.142 -10.577 -5.638 -2.437 -5.936 -11.665 -13.143 -14.143 -9.89
7.181051 -6.391 -1.175 8.564 11.497 4.846 0.17 -4.137 10.366 4.037 -0.493 -4.991 -7.84 11.057 2.616 -2.485 -5.528 -7.847 -7.657 -7.465 -7.652 -8.414 -9.972 -4.387 -0.873 -4.68 -10.94 -12.607 -13.759 -9.437
7.398237 -5.898 -0.682 10.66 14.455 7.2 2.129 -3.634 13.224 6.243 1.34 -3.616 -6.724 13.989 4.756 -0.791 -4.126 -6.69 -7.163 -6.963 -7.061 -7.694 -9.346 -2.966 0.903 -3.253 -10.109 -11.99 -13.316 -8.935
7.621991 -5.34 -0.124 13.034 17.829 9.885 4.367 -3.073 16.482 8.749 3.422 -2.056 -5.455 17.331 7.197 1.144 -2.523 -5.368 -6.606 -6.402 -6.454 -6.984 -8.694 -1.345 2.929 -1.627 -9.154 -11.278 -12.803 -8.373
7.852513 -4.706 0.509 15.737 21.695 12.96 6.933 -2.438 20.213 11.607 5.792 -0.28 -4.009 21.157 9.992 3.364 -0.684 -3.853 -5.972 -5.768 -5.799 -6.265 -8.002 0.511 5.25 0.234 -8.05 -10.455 -12.207 -7.737
8.090007 -3.983 1.233 18.835 26.146 16.497 9.888 -1.714 24.503 14.882 8.502 1.749 -2.356 25.558 13.209 5.921 1.437 -2.11 -5.248 -5.044 -5.068 -5.501 -7.246 2.646 7.921 2.374 -6.772 -9.501 -11.513 -7.012
8.334684 -3.152 2.064 22.406 31.295 20.588 13.307 -0.883 29.461 18.653 11.612 4.077 -0.459 30.642 16.927 8.879 3.891 -0.098 -4.417 -4.212 -4.235 -4.654 -6.401 5.116 11.011 4.847 -5.285 -8.388 -10.7 -6.181
8.586761 -2.246 2.97 26.205 36.771 24.942 16.954 0.023 34.728 22.657 14.905 6.549 1.562 36.042 20.887 12.04 6.52 2.054 -3.511 -3.307 -3.328 -3.743 -5.489 7.758 14.309 7.492 -3.672 -7.173 -9.799 -5.275
8.846461 -1.838 3.378 26.613 37.179 25.35 17.362 0.431 35.136 23.065 15.313 6.957 1.97 36.45 21.295 12.448 6.928 2.462 -3.103 -2.898 -2.92 -3.335 -5.081 8.166 14.717 7.901 -3.264 -6.765 -9.391 -4.867
9.114017 -1.404 3.811 27.046 37.612 25.784 17.795 0.864 35.569 23.498 15.747 7.39 2.403 36.883 21.729 12.881 7.361 2.895 -2.67 -2.465 -2.487 -2.902 -4.648 8.599 15.151 8.334 -2.831 -6.332 -8.958 -4.434
9.389664 -0.945 4.271 27.506 38.072 26.243 18.255 1.324 36.029 23.958 16.206 7.85 2.863 37.343 22.188 13.341 7.821 3.355 -2.21 -2.005 -2.027 -2.442 -4.188 9.059 15.61 8.794 -2.371 -5.872 -8.498 -3.974
9.673648 -0.457 4.759 27.994 38.56 26.731 18.743 1.812 36.517 24.446 16.694 8.338 3.351 37.831 22.676 13.829 8.309 3.843 -1.722 -1.517 -1.539 -1.954 -3.7 9.547 16.098 9.282 -1.883 -5.384 -8.01 -3.486
9.966221 0.061 5.277 28.512 39.078 27.249 19.261 2.33 37.035 24.964 17.212 8.856 3.869 38.349 23.194 14.347 8.827 4.361 -1.204 -0.999 -1.021 -1.436 -3.182 10.065 16.616 9.8 -1.365 -4.866 -7.492 -2.968
10.267642 0.611 5.827 29.062 39.628 27.799 19.811 2.88 37.585 25.514 17.762 9.406 4.419 38.899 23.744 14.896 9.377 4.911 -0.654 -0.45 -0.471 -0.886 -2.632 10.615 17.166 10.349 -0.815 -4.316 -6.942 -2.418
10.57818 1.195 6.41 29.645 40.211 28.383 20.395 3.463 38.168 26.097 18.346 9.989 5.002 39.482 24.328 15.48 9.96 5.495 -0.071 0.134 0.112 -0.303 -2.049 11.198 17.75 10.933 -0.232 -3.732 -6.358 -1.835
10.89811 1.814 7.03 30.265 40.831 29.002 21.014 4.083 38.788 26.716 18.965 10.609 5.622 40.102 24.947 16.099 10.58 6.114 0.549 0.753 0.732 0.317 -1.429 11.818 18.369 11.552 0.388 -3.113 -5.739 -1.215
11.227716 2.472 7.687 30.922 41.488 29.66 21.671 4.74 39.445 27.374 19.623 11.266 6.279 40.759 25.605 16.757 11.237 6.771 1.206 1.411 1.389 0.974 -0.772 12.475 19.027 12.21 1.045 -2.456 -5.081 -0.558
11.56729 3.169 8.385 31.62 42.186 30.357 22.369 5.438 40.143 28.072 20.32 11.964 6.977 41.457 26.302 17.455 11.935 7.469 1.904 2.109 2.087 1.672 -0.074 13.173 19.724 12.908 1.743 -1.758 -4.384 0.14
11.917135 3.91 9.126 32.361 42.927 31.098 23.11 6.179 40.884 28.812 21.061 12.705 7.718 42.198 27.043 18.195 12.676 8.21 2.645 2.849 2.828 2.412 0.667 13.914 20.465 13.648 2.483 -1.017 -3.643 0.881
12.277561 4.696 9.912 33.147 43.713 31.884 23.896 6.965 41.67 29.599 21.847 13.491 8.504 42.984 27.829 18.981 13.462 8.996 3.431 3.635 3.614 3.199 1.453 14.7 21.251 14.434 3.27 -0.231 -2.857 1.667
12.648887 5.531 10.746 33.981 44.547 32.719 24.73 7.799 42.504 30.433 22.682 14.325 9.338 43.818 28.664 19.816 14.296 9.83 4.265 4.47 4.448 4.033 2.287 15.534 22.086 15.269 4.104 0.603 -2.022 2.501
13.031444 6.416 11.632 34.867 45.433 33.604 25.616 8.685 43.39 31.319 23.567 15.211 10.224 44.704 29.549 20.701 15.182 10.716 5.151 5.355 5.334 4.919 3.173 16.42 22.971 16.154 4.99 1.489 -1.137 3.387
13.425571 7.356 12.572 35.807 46.373 34.544 26.556 9.625 44.33 32.259 24.507 16.151 11.164 45.644 30.489 21.642 16.122 11.656 6.091 6.295 6.274 5.859 4.113 17.36 23.911 17.094 5.93 2.429 -0.197 4.327
13.831619 8.354 13.57 36.805 47.371 35.542 27.554 10.622 45.327 33.256 25.505 17.148 12.162 46.642 31.487 22.639 17.119 12.654 7.088 7.293 7.272 6.856 5.11 18.357 24.909 18.092 6.927 3.427 0.801 5.325
14.249947 9.413 14.629 37.864 48.43 36.601 28.613 11.681 46.386 34.315 26.564 18.207 13.221 47.701 32.546 23.698 18.178 13.713 8.147 8.352 8.331 7.915 6.169 19.416 25.968 19.151 7.986 4.486 1.86 6.384
14.680926 10.537 15.753 38.988 49.554 37.725 29.737 12.805 47.511 35.439 27.688 19.331 14.345 48.825 33.67 24.822 19.302 14.837 9.271 9.476 9.455 9.039 7.294 20.54 27.092 20.275 9.11 5.61 2.984 7.508
15.124941 11.73 16.946 40.181 50.747 38.918 30.93 13.999 48.704 36.632 28.881 20.525 15.538 50.018 34.863 26.015 20.496 16.03 10.465 10.669 10.648 10.232 8.487 21.734 28.285 21.468 10.303 6.803 4.177 8.701
15.582385 12.996 18.212 41.447 52.013 40.184 32.196 15.265 49.97 37.899 30.147 21.791 16.804 51.284 36.129 27.282 21.762 17.296 11.731 11.936 11.914 11.499 9.753 23.0 29.551 22.735 11.57 8.069 5.443 9.967
16.053663 14.34 19.556 42.791 53.357 41.528 33.54 16.609 51.314 39.243 31.491 23.135 18.148 52.628 37.473 28.626 23.106 18.64 13.075 13.28 13.258 12.843 11.097 24.344 30.895 24.079 12.914 9.413 6.787 11.311
16.539195 15.767 20.983 44.218 54.784 42.955 34.967 18.035 52.741 40.669 32.918 24.561 19.575 54.055 38.9 30.052 24.532 20.067 14.501 14.706 14.685 14.269 12.524 25.77 32.322 25.505 14.34 10.84 8.214 12.738
17.039412 17.281 22.497 45.732 56.298 44.469 36.481 19.55 54.255 42.184 34.432 26.076 21.089 55.569 40.414 31.566 26.047 21.581 16.016 16.22 16.199 15.784 14.038 27.285 33.836 27.019 15.855 12.354 9.728 14.252
17.554757 18.888 24.104 47.339 57.905 46.076 38.088 21.157 55.862 43.791 36.039 27.683 22.696 57.176 42.021 33.174 27.654 23.188 17.623 17.828 17.806 17.391 15.645 28.892 35.443 28.627 17.462 13.961 11.335 15.859
18.085689 20.594 25.81 49.045 59.611 47.782 39.794 22.863 57.568 45.497 37.745 29.389 24.402 58.882 43.727 34.879 29.36 24.894 19.329 19.533 19.512 19.097 17.351 30.598 37.149 30.332 19.168 15.667 13.041 17.565
18.632678 22.405 27.62 50.855 61.421 49.593 41.605 24.673 59.378 47.307 39.556 31.199 26.212 60.692 45.538 36.69 31.17 26.705 21.139 21.344 21.323 20.907 19.161 32.408 38.96 32.143 20.978 17.478 14.852 19.375
19.196211 24.327 29.542 52.777 63.343 51.515 43.526 26.595 61.3 49.229 41.478 33.121 28.134 62.614 47.46 38.612 33.092 28.626 23.061 23.266 23.244 22.829 21.083 34.33 40.882 34.065 22.9 19.399 16.773 21.297
19.776787 26.366 31.582 54.817 65.383 53.554 45.566 28.635 63.34 51.269 43.517 35.161 30.174 64.654 49.499 40.652 35.132 30.666 25.101 25.306 25.284 24.869 23.123 36.37 42.921 36.105 24.94 21.439 18.813 23.337
20.374923 28.531 33.747 56.982 67.548 55.719 47.731 30.8 65.505 53.434 45.682 37.326 32.339 66.819 51.664 42.817 37.297 32.831 27.266 27.471 27.449 27.034 25.288 38.535 45.086 38.27 27.105 23.604 20.978 25.502
20.991149 30.829 36.045 59.28 69.846 58.017 50.029 33.098 67.803 55.732 47.98 39.624 34.637 69.117 53.962 45.115 39.595 35.129 29.564 29.769 29.747 29.332 27.586 40.833 47.384 40.568 29.403 25.902 23.276 27.8
21.626011 33.268 38.484 61.719 72.285 60.456 52.468 35.537 70.242 58.171 50.419 42.063 37.076 71.556 56.401 47.554 42.034 37.568 32.003 32.208 32.186 31.771 30.025 43.272 49.823 43.007 31.842 28.341 25.715 30.239
22.280075 35.857 41.073 64.308 74.874 63.045 55.057 38.126 72.831 60.76 53.008 44.652 39.665 74.145 58.99 50.142 44.623 40.157 34.592 34.796 34.775 34.36 32.614 45.861 52.412 45.595 34.431 30.93 28.304 32.828
22.953921 38.605 43.821 67.056 77.622 65.793 57.805 40.873 75.579 63.507 55.756 47.399 42.413 76.893 61.738 52.89 47.37 42.905 37.339 37.544 37.523 37.107 35.362 48.608 55.16 48.343 37.178 33.678 31.052 35.576
23.648147 41.522 46.737 69.972 80.538 68.71 60.721 43.79 78.495 66.424 58.673 50.316 45.329 79.809 64.655 55.807 50.287 45.821 40.256 40.461 40.439 40.024 38.278 51.525 58.076 51.26 40.095 36.594 33.968 38.492
24.363369 44.617 49.833 73.068 83.634 71.805 63.817 46.886 81.591 69.519 61.768 53.412 48.425 82.905 67.75 58.902 53.383 48.917 43.352 43.556 43.535 43.12 41.374 54.621 61.172 54.355 43.191 39.69 37.064 41.588
25.100222 47.903 53.119 76.353 86.919 75.091 67.103 50.171 84.876 72.805 65.054 56.697 51.71 86.19 71.036 62.188 56.668 52.203 46.637 46.842 46.821 46.405 44.659 57.906 64.458 57.641 46.476 42.976 40.35 44.873
25.859362 51.39 56.606 79.841 90.407 78.578 70.59 53.659 88.364 76.293 68.541 60.185 55.198 89.678 74.523 65.676 60.156 55.69 50.125 50.329 50.308 49.893 48.147 61.394 67.945 61.128 49.964 46.463 43.837 48.361
26.64146 55.092 60.308 83.542 94.109 82.28 74.292 57.36 92.065 79.994 72.243 63.886 58.899 93.379 78.225 69.377 63.857 59.392 53.826 54.031 54.01 53.594 51.848 65.095 71.647 64.83 53.665 50.165 47.539 52.062
27.447213 59.021 64.236 87.471 98.037 86.209 78.22 61.289 95.994 83.923 76.172 67.815 62.828 97.308 82.154 73.306 67.786 63.321 57.755 57.96 57.938 57.523 55.777 69.024 75.576 68.759 57.594 54.093 51.468 55.991
28.277335 63.191 68.407 91.641 102.207 90.379 82.391 65.459 100.164 88.093 80.342 71.985 66.998 101.478 86.324 77.476 71.956 67.491 61.925 62.13 62.109 61.693 59.947 73.194 79.746 72.929 61.764 58.264 55.638 60.161
29.132564 67.617 72.833 96.068 106.634 94.805 86.817 69.885 104.59 92.519 84.768 76.411 71.425 105.905 90.75 81.902 76.382 71.917 66.351 66.556 66.535 66.119 64.374 77.62 84.172 77.355 66.19 62.69 60.064 64.588
30.013659 72.315 77.531 100.766 111.332 99.503 91.515 74.583 109.288 97.217 89.466 81.109 76.122 110.602 95.448 86.6 81.08 76.615 71.049 71.254 71.233 70.817 69.071 82.318 88.87 82.053 70.888 67.388 64.762 69.286
30.921401 77.301 82.517 105.752 116.318 104.489 96.501 79.57 114.275 102.204 94.452 86.096 81.109 115.589 100.434 91.587 86.067 81.601 76.036 76.241 76.219 75.804 74.058 87.305 93.856 87.04 75.875 72.374 69.748 74.272
31.856598 82.594 87.81 111.045 121.611 109.782 101.794 84.862 119.567 107.496 99.745 91.388 86.402 120.881 105.727 96.879 91.359 86.894 81.328 81.533 81.512 81.096 79.35 92.597 99.149 92.332 81.167 77.667 75.041 79.565
32.820079 88.212 93.427 116.662 127.228 115.4 107.411 90.48 125.185 113.114 105.363 97.006 92.019 126.499 111.345 102.497 96.977 92.511 86.946 87.151 87.129 86.714 84.968 98.215 104.766 97.95 86.785 83.284 80.658 85.182
33.8127 94.174 99.39 122.625 133.191 121.362 113.374 96.443 131.148 119.076 111.325 102.969 97.982 132.462 117.307 108.459 102.94 98.474 92.909 93.113 93.092 92.676 90.931 104.178 110.729 103.912 92.747 89.247 86.621 91.145
34.835342 100.503 105.718 128.953 139.519 127.691 119.702 102.771 137.476 125.405 117.654 109.297 104.31 138.79 123.636 114.788 109.268 104.803 99.237 99.442 99.42 99.005 97.259 110.506 117.058 110.241 99.076 95.575 92.95 97.473
35.888913 107.22 112.436 135.671 146.237 134.408 126.42 109.488 144.193 132.122 124.371 116.014 111.028 145.507 130.353 121.505 115.985 111.52 105.954 106.159 106.138 105.722 103.976 117.223 123.775 116.958 105.793 102.293 99.667 104.191
36.974349 114.35 119.565 142.8 153.366 141.538 133.549 116.618 151.323 139.252 131.501 123.144 118.157 152.637 137.483 128.635 123.115 118.65 113.084 113.289 113.267 112.852 111.106 124.353 130.905 124.088 112.923 109.422 106.797 111.32
