web/models/kne.last_good/kappa_0.5_3.0.v1/19/villar_0.1173_0.3120_0.5000.dat
# %ECSV 1.0
# ---
# datatype:
# - {name: time, datatype: float64}
# - {name: swift_uvot_uvw2, datatype: float64}
# - {name: swift_uvot_uvm2, datatype: float64}
# - {name: swift_uvot_uvw1, datatype: float64}
# - {name: swift_uvot_U, datatype: float64}
# - {name: swift_uvot_B, datatype: float64}
# - {name: swift_uvot_V, datatype: float64}
# - {name: swift_uvot_W, datatype: float64}
# - {name: johnson_U, datatype: float64}
# - {name: johnson_B, datatype: float64}
# - {name: johnson_V, datatype: float64}
# - {name: johnson_R, datatype: float64}
# - {name: johnson_I, datatype: float64}
# - {name: sdss_u, datatype: float64}
# - {name: sdss_g, datatype: float64}
# - {name: sdss_r, datatype: float64}
# - {name: sdss_i, datatype: float64}
# - {name: sdss_z, datatype: float64}
# - {name: PS1_g, datatype: float64}
# - {name: PS1_r, datatype: float64}
# - {name: PS1_i, datatype: float64}
# - {name: PS1_z, datatype: float64}
# - {name: PS1_Y, datatype: float64}
# - {name: PS1_w, datatype: float64}
# - {name: ATLAS_c, datatype: float64}
# - {name: ATLAS_o, datatype: float64}
# - {name: ukirt_J, datatype: float64}
# - {name: ukirt_H, datatype: float64}
# - {name: ukirt_K, datatype: float64}
# - {name: Clear, datatype: float64}
# meta: !!omap
# - comment: [kappa = 0.5, type = villar, mass = 0.11727632184323686, velocity = 0.312, theta_obs = 0.0]
# schema: astropy-2.0
time swift_uvot_uvw2 swift_uvot_uvm2 swift_uvot_uvw1 swift_uvot_U swift_uvot_B swift_uvot_V swift_uvot_W johnson_U johnson_B johnson_V johnson_R johnson_I sdss_u sdss_g sdss_r sdss_i sdss_z PS1_g PS1_r PS1_i PS1_z PS1_Y PS1_w ATLAS_c ATLAS_o ukirt_J ukirt_H ukirt_K Clear
[from data line 76]
0.009626 -11.488 -11.332 -11.219 -10.862 -10.535 -10.174 -11.064 -10.814 -10.531 -10.164 -9.789 -9.35 -10.823 -10.42 -9.957 -9.612 -9.285 -10.41 -10.001 -9.669 -9.461 -9.483 -10.016 -10.24 -9.816 -8.627 -8.089 -7.465 -10.09
0.009917 -11.529 -11.376 -11.264 -10.91 -10.585 -10.226 -11.109 -10.862 -10.581 -10.215 -9.841 -9.403 -10.872 -10.471 -10.009 -9.665 -9.338 -10.46 -10.053 -9.721 -9.513 -9.532 -10.067 -10.291 -9.868 -8.681 -8.143 -7.519 -10.141
0.010217 -11.569 -11.419 -11.309 -10.959 -10.635 -10.277 -11.154 -10.911 -10.631 -10.267 -9.893 -9.456 -10.921 -10.521 -10.061 -9.718 -9.392 -10.51 -10.104 -9.772 -9.564 -9.581 -10.119 -10.342 -9.92 -8.735 -8.197 -7.574 -10.192
0.010526 -11.609 -11.462 -11.353 -11.007 -10.685 -10.328 -11.199 -10.96 -10.681 -10.318 -9.945 -9.509 -10.969 -10.571 -10.113 -9.77 -9.445 -10.56 -10.155 -9.824 -9.615 -9.63 -10.17 -10.393 -9.972 -8.788 -8.252 -7.629 -10.243
0.010845 -11.648 -11.505 -11.398 -11.055 -10.735 -10.379 -11.244 -11.008 -10.731 -10.369 -9.997 -9.562 -11.017 -10.622 -10.165 -9.822 -9.497 -10.61 -10.206 -9.876 -9.666 -9.679 -10.221 -10.443 -10.024 -8.842 -8.306 -7.683 -10.294
0.011173 -11.688 -11.548 -11.442 -11.103 -10.784 -10.43 -11.288 -11.056 -10.781 -10.42 -10.049 -9.614 -11.066 -10.672 -10.216 -9.875 -9.55 -10.66 -10.257 -9.927 -9.717 -9.728 -10.272 -10.494 -10.076 -8.896 -8.36 -7.738 -10.345
0.011511 -11.727 -11.591 -11.486 -11.151 -10.834 -10.481 -11.332 -11.104 -10.83 -10.471 -10.101 -9.667 -11.114 -10.722 -10.268 -9.927 -9.603 -10.709 -10.308 -9.978 -9.769 -9.777 -10.323 -10.545 -10.128 -8.949 -8.414 -7.792 -10.396
0.011859 -11.766 -11.633 -11.53 -11.198 -10.883 -10.532 -11.376 -11.152 -10.88 -10.522 -10.153 -9.72 -11.162 -10.772 -10.319 -9.979 -9.656 -10.759 -10.359 -10.03 -9.82 -9.826 -10.374 -10.595 -10.18 -9.003 -8.468 -7.846 -10.447
0.012217 -11.805 -11.675 -11.573 -11.246 -10.933 -10.583 -11.42 -11.2 -10.929 -10.572 -10.204 -9.772 -11.209 -10.821 -10.37 -10.031 -9.708 -10.809 -10.409 -10.081 -9.871 -9.875 -10.425 -10.646 -10.231 -9.056 -8.522 -7.901 -10.497
0.012587 -11.844 -11.717 -11.617 -11.293 -10.982 -10.633 -11.464 -11.248 -10.978 -10.623 -10.256 -9.825 -11.257 -10.871 -10.422 -10.083 -9.761 -10.858 -10.46 -10.132 -9.922 -9.924 -10.476 -10.696 -10.283 -9.11 -8.576 -7.955 -10.548
0.012968 -11.882 -11.759 -11.66 -11.341 -11.031 -10.684 -11.507 -11.296 -11.027 -10.674 -10.307 -9.877 -11.305 -10.921 -10.473 -10.135 -9.814 -10.907 -10.511 -10.183 -9.973 -9.973 -10.527 -10.746 -10.334 -9.163 -8.63 -8.009 -10.598
0.01336 -11.921 -11.8 -11.703 -11.388 -11.08 -10.734 -11.551 -11.343 -11.076 -10.724 -10.359 -9.929 -11.352 -10.97 -10.524 -10.187 -9.866 -10.957 -10.561 -10.234 -10.023 -10.022 -10.578 -10.796 -10.386 -9.217 -8.683 -8.063 -10.649
0.013764 -11.959 -11.842 -11.746 -11.435 -11.129 -10.785 -11.594 -11.39 -11.125 -10.774 -10.41 -9.982 -11.399 -11.02 -10.575 -10.239 -9.918 -11.006 -10.611 -10.285 -10.074 -10.07 -10.628 -10.846 -10.437 -9.27 -8.737 -8.118 -10.699
0.01418 -11.996 -11.883 -11.789 -11.482 -11.178 -10.835 -11.637 -11.438 -11.174 -10.825 -10.462 -10.034 -11.447 -11.069 -10.626 -10.291 -9.971 -11.055 -10.662 -10.336 -10.125 -10.119 -10.679 -10.896 -10.488 -9.323 -8.791 -8.172 -10.749
0.014609 -12.034 -11.924 -11.831 -11.528 -11.226 -10.885 -11.68 -11.485 -11.223 -10.875 -10.513 -10.086 -11.494 -11.118 -10.677 -10.342 -10.023 -11.104 -10.712 -10.387 -10.176 -10.168 -10.729 -10.946 -10.539 -9.376 -8.845 -8.226 -10.799
0.015051 -12.071 -11.964 -11.874 -11.575 -11.275 -10.935 -11.723 -11.532 -11.271 -10.925 -10.564 -10.138 -11.54 -11.167 -10.727 -10.394 -10.075 -11.153 -10.762 -10.438 -10.226 -10.217 -10.78 -10.996 -10.59 -9.429 -8.898 -8.28 -10.849
0.015506 -12.108 -12.005 -11.916 -11.621 -11.324 -10.985 -11.765 -11.578 -11.32 -10.975 -10.615 -10.19 -11.587 -11.216 -10.778 -10.445 -10.127 -11.202 -10.812 -10.489 -10.277 -10.265 -10.83 -11.045 -10.641 -9.482 -8.952 -8.334 -10.899
0.015975 -12.145 -12.045 -11.958 -11.668 -11.372 -11.035 -11.807 -11.625 -11.368 -11.025 -10.666 -10.242 -11.634 -11.265 -10.829 -10.497 -10.18 -11.25 -10.863 -10.54 -10.328 -10.314 -10.88 -11.095 -10.692 -9.536 -9.005 -8.388 -10.948
0.016458 -12.182 -12.085 -12.0 -11.714 -11.42 -11.085 -11.849 -11.672 -11.416 -11.075 -10.717 -10.294 -11.68 -11.314 -10.879 -10.548 -10.232 -11.299 -10.913 -10.59 -10.378 -10.363 -10.93 -11.144 -10.743 -9.588 -9.059 -8.442 -10.998
0.016956 -12.218 -12.125 -12.041 -11.76 -11.468 -11.135 -11.891 -11.718 -11.465 -11.125 -10.768 -10.346 -11.727 -11.363 -10.93 -10.6 -10.284 -11.347 -10.962 -10.641 -10.429 -10.411 -10.98 -11.194 -10.794 -9.641 -9.112 -8.496 -11.048
0.017469 -12.254 -12.164 -12.082 -11.806 -11.516 -11.184 -11.933 -11.764 -11.513 -11.174 -10.819 -10.398 -11.773 -11.411 -10.98 -10.651 -10.336 -11.396 -11.012 -10.691 -10.479 -10.46 -11.03 -11.243 -10.845 -9.694 -9.166 -8.549 -11.097
0.017997 -12.29 -12.204 -12.124 -11.852 -11.564 -11.234 -11.975 -11.81 -11.561 -11.224 -10.869 -10.449 -11.819 -11.46 -11.03 -10.702 -10.387 -11.444 -11.062 -10.742 -10.53 -10.509 -11.08 -11.292 -10.895 -9.747 -9.219 -8.603 -11.147
0.018541 -12.326 -12.243 -12.165 -11.897 -11.612 -11.283 -12.016 -11.856 -11.608 -11.273 -10.92 -10.501 -11.865 -11.508 -11.08 -10.753 -10.439 -11.492 -11.112 -10.792 -10.58 -10.557 -11.129 -11.341 -10.946 -9.8 -9.272 -8.657 -11.196
0.019102 -12.361 -12.282 -12.205 -11.943 -11.66 -11.333 -12.058 -11.902 -11.656 -11.323 -10.97 -10.553 -11.911 -11.556 -11.13 -10.804 -10.491 -11.54 -11.161 -10.843 -10.63 -10.606 -11.179 -11.39 -10.996 -9.853 -9.326 -8.711 -11.245
0.01968 -12.396 -12.32 -12.246 -11.988 -11.707 -11.382 -12.099 -11.948 -11.704 -11.372 -11.021 -10.604 -11.957 -11.604 -11.181 -10.855 -10.543 -11.589 -11.211 -10.893 -10.681 -10.654 -11.229 -11.439 -11.047 -9.905 -9.379 -8.764 -11.294
0.020275 -12.431 -12.359 -12.286 -12.033 -11.755 -11.431 -12.14 -11.994 -11.751 -11.421 -11.071 -10.656 -12.002 -11.653 -11.23 -10.906 -10.594 -11.636 -11.26 -10.943 -10.731 -10.703 -11.278 -11.488 -11.097 -9.958 -9.432 -8.818 -11.343
0.020888 -12.466 -12.397 -12.327 -12.078 -11.802 -11.48 -12.18 -12.039 -11.799 -11.47 -11.122 -10.707 -12.048 -11.7 -11.28 -10.957 -10.646 -11.684 -11.31 -10.993 -10.781 -10.752 -11.328 -11.537 -11.147 -10.011 -9.485 -8.872 -11.392
0.02152 -12.5 -12.435 -12.367 -12.123 -11.85 -11.529 -12.221 -12.084 -11.846 -11.519 -11.172 -10.758 -12.093 -11.748 -11.33 -11.008 -10.697 -11.732 -11.359 -11.044 -10.831 -10.8 -11.377 -11.585 -11.197 -10.063 -9.538 -8.925 -11.441
0.022171 -12.534 -12.473 -12.406 -12.168 -11.897 -11.578 -12.261 -12.13 -11.893 -11.568 -11.222 -10.81 -12.138 -11.796 -11.38 -11.059 -10.749 -11.78 -11.408 -11.094 -10.881 -10.849 -11.426 -11.634 -11.248 -10.116 -9.591 -8.979 -11.49
0.022841 -12.568 -12.51 -12.446 -12.213 -11.944 -11.627 -12.301 -12.175 -11.94 -11.617 -11.272 -10.861 -12.183 -11.844 -11.429 -11.109 -10.8 -11.827 -11.458 -11.144 -10.931 -10.897 -11.475 -11.682 -11.298 -10.168 -9.645 -9.033 -11.539
0.023532 -12.602 -12.547 -12.485 -12.257 -11.991 -11.676 -12.341 -12.22 -11.987 -11.666 -11.322 -10.912 -12.228 -11.891 -11.479 -11.16 -10.852 -11.875 -11.507 -11.194 -10.982 -10.946 -11.524 -11.731 -11.347 -10.221 -9.698 -9.086 -11.587
0.024244 -12.635 -12.584 -12.524 -12.301 -12.037 -11.725 -12.381 -12.264 -12.034 -11.715 -11.372 -10.963 -12.273 -11.939 -11.529 -11.21 -10.903 -11.922 -11.556 -11.244 -11.031 -10.994 -11.573 -11.779 -11.397 -10.273 -9.751 -9.14 -11.636
0.024977 -12.668 -12.621 -12.563 -12.346 -12.084 -11.773 -12.421 -12.309 -12.08 -11.763 -11.422 -11.014 -12.317 -11.986 -11.578 -11.261 -10.954 -11.969 -11.605 -11.293 -11.081 -11.042 -11.622 -11.827 -11.447 -10.325 -9.803 -9.193 -11.684
0.025733 -12.701 -12.658 -12.602 -12.39 -12.131 -11.822 -12.46 -12.353 -12.127 -11.812 -11.472 -11.065 -12.361 -12.033 -11.627 -11.311 -11.005 -12.016 -11.654 -11.343 -11.131 -11.091 -11.671 -11.875 -11.497 -10.378 -9.856 -9.246 -11.733
0.026511 -12.734 -12.694 -12.641 -12.434 -12.177 -11.87 -12.5 -12.398 -12.173 -11.86 -11.522 -11.116 -12.406 -12.08 -11.676 -11.361 -11.056 -12.063 -11.702 -11.393 -11.181 -11.139 -11.72 -11.923 -11.547 -10.43 -9.909 -9.3 -11.781
0.027313 -12.766 -12.73 -12.679 -12.477 -12.224 -11.918 -12.539 -12.442 -12.22 -11.909 -11.571 -11.167 -12.45 -12.127 -11.726 -11.412 -11.107 -12.11 -11.751 -11.443 -11.231 -11.188 -11.768 -11.971 -11.596 -10.482 -9.962 -9.353 -11.829
0.028139 -12.798 -12.766 -12.717 -12.521 -12.27 -11.966 -12.578 -12.486 -12.266 -11.957 -11.621 -11.218 -12.494 -12.174 -11.775 -11.462 -11.158 -12.157 -11.8 -11.492 -11.281 -11.236 -11.817 -12.019 -11.646 -10.534 -10.015 -9.406 -11.877
0.02899 -12.83 -12.801 -12.755 -12.564 -12.316 -12.015 -12.616 -12.53 -12.312 -12.005 -11.67 -11.269 -12.538 -12.221 -11.824 -11.512 -11.209 -12.204 -11.848 -11.542 -11.331 -11.284 -11.865 -12.066 -11.695 -10.586 -10.068 -9.46 -11.925
0.029867 -12.862 -12.836 -12.793 -12.608 -12.362 -12.063 -12.655 -12.574 -12.358 -12.053 -11.72 -11.319 -12.581 -12.268 -11.873 -11.562 -11.26 -12.251 -11.897 -11.591 -11.38 -11.333 -11.914 -12.114 -11.744 -10.638 -10.12 -9.513 -11.973
0.03077 -12.893 -12.871 -12.83 -12.651 -12.408 -12.11 -12.693 -12.617 -12.404 -12.101 -11.769 -11.37 -12.625 -12.314 -11.921 -11.612 -11.311 -12.297 -11.945 -11.641 -11.43 -11.381 -11.962 -12.161 -11.794 -10.69 -10.173 -9.566 -12.021
0.031701 -12.924 -12.906 -12.867 -12.694 -12.453 -12.158 -12.731 -12.661 -12.45 -12.149 -11.818 -11.42 -12.668 -12.361 -11.97 -11.662 -11.362 -12.344 -11.994 -11.69 -11.479 -11.429 -12.01 -12.209 -11.843 -10.742 -10.226 -9.619 -12.068
0.032659 -12.955 -12.941 -12.904 -12.736 -12.499 -12.206 -12.769 -12.704 -12.495 -12.196 -11.868 -11.471 -12.711 -12.407 -12.019 -11.712 -11.412 -12.39 -12.042 -11.739 -11.529 -11.477 -12.058 -12.256 -11.892 -10.794 -10.278 -9.673 -12.116
0.033647 -12.985 -12.975 -12.941 -12.779 -12.544 -12.254 -12.807 -12.747 -12.541 -12.244 -11.917 -11.521 -12.755 -12.453 -12.067 -11.761 -11.463 -12.436 -12.09 -11.789 -11.578 -11.526 -12.106 -12.303 -11.941 -10.846 -10.331 -9.726 -12.163
0.034665 -13.015 -13.009 -12.977 -12.822 -12.59 -12.301 -12.845 -12.79 -12.586 -12.292 -11.966 -11.572 -12.797 -12.499 -12.116 -11.811 -11.514 -12.482 -12.138 -11.838 -11.628 -11.574 -12.154 -12.35 -11.99 -10.898 -10.383 -9.779 -12.211
0.035713 -13.045 -13.042 -13.014 -12.864 -12.635 -12.349 -12.882 -12.833 -12.631 -12.339 -12.015 -11.622 -12.84 -12.545 -12.164 -11.861 -11.564 -12.528 -12.186 -11.887 -11.677 -11.622 -12.202 -12.397 -12.039 -10.95 -10.436 -9.832 -12.258
0.036793 -13.075 -13.076 -13.05 -12.906 -12.68 -12.396 -12.919 -12.875 -12.676 -12.386 -12.064 -11.672 -12.883 -12.591 -12.212 -11.91 -11.614 -12.574 -12.234 -11.936 -11.727 -11.67 -12.249 -12.444 -12.087 -11.001 -10.488 -9.885 -12.305
0.037906 -13.104 -13.109 -13.085 -12.948 -12.725 -12.443 -12.956 -12.918 -12.721 -12.434 -12.112 -11.722 -12.925 -12.637 -12.261 -11.96 -11.665 -12.62 -12.282 -11.985 -11.776 -11.718 -12.297 -12.49 -12.136 -11.053 -10.541 -9.938 -12.352
0.039052 -13.133 -13.142 -13.121 -12.99 -12.77 -12.49 -12.993 -12.96 -12.766 -12.481 -12.161 -11.772 -12.967 -12.682 -12.309 -12.009 -11.715 -12.666 -12.33 -12.034 -11.825 -11.767 -12.345 -12.537 -12.185 -11.105 -10.593 -9.991 -12.399
0.040234 -13.162 -13.174 -13.156 -13.031 -12.815 -12.537 -13.029 -13.002 -12.811 -12.528 -12.21 -11.823 -13.009 -12.728 -12.357 -12.058 -11.765 -12.711 -12.378 -12.083 -11.874 -11.815 -12.392 -12.584 -12.233 -11.156 -10.645 -10.044 -12.446
0.04145 -13.19 -13.206 -13.191 -13.073 -12.859 -12.584 -13.066 -13.044 -12.856 -12.575 -12.258 -11.873 -13.051 -12.773 -12.405 -12.108 -11.816 -12.756 -12.425 -12.131 -11.924 -11.863 -12.439 -12.63 -12.282 -11.208 -10.698 -10.097 -12.493
0.042704 -13.218 -13.238 -13.226 -13.114 -12.904 -12.631 -13.102 -13.086 -12.9 -12.622 -12.307 -11.922 -13.093 -12.818 -12.453 -12.157 -11.866 -12.802 -12.473 -12.18 -11.973 -11.911 -12.487 -12.676 -12.33 -11.259 -10.75 -10.15 -12.54
0.043996 -13.246 -13.27 -13.261 -13.155 -12.948 -12.678 -13.138 -13.128 -12.944 -12.668 -12.355 -11.972 -13.135 -12.863 -12.5 -12.206 -11.916 -12.847 -12.52 -12.229 -12.022 -11.959 -12.534 -12.722 -12.378 -11.311 -10.802 -10.203 -12.586
0.045326 -13.273 -13.301 -13.295 -13.196 -12.992 -12.724 -13.174 -13.169 -12.988 -12.715 -12.403 -12.022 -13.176 -12.908 -12.548 -12.255 -11.966 -12.892 -12.567 -12.277 -12.071 -12.007 -12.581 -12.768 -12.427 -11.362 -10.854 -10.256 -12.633
0.046697 -13.3 -13.332 -13.329 -13.237 -13.036 -12.771 -13.209 -13.21 -13.032 -12.761 -12.451 -12.072 -13.217 -12.953 -12.595 -12.304 -12.016 -12.937 -12.615 -12.326 -12.12 -12.055 -12.628 -12.814 -12.475 -11.414 -10.907 -10.308 -12.679
0.048109 -13.327 -13.363 -13.363 -13.277 -13.08 -12.817 -13.245 -13.252 -13.076 -12.808 -12.5 -12.121 -13.258 -12.998 -12.643 -12.353 -12.066 -12.982 -12.662 -12.374 -12.169 -12.103 -12.674 -12.86 -12.523 -11.465 -10.959 -10.361 -12.725
0.049564 -13.353 -13.394 -13.396 -13.318 -13.124 -12.863 -13.28 -13.292 -13.12 -12.854 -12.548 -12.171 -13.299 -13.043 -12.69 -12.402 -12.115 -13.027 -12.709 -12.423 -12.217 -12.151 -12.721 -12.906 -12.571 -11.516 -11.011 -10.414 -12.772
0.051063 -13.379 -13.424 -13.43 -13.358 -13.167 -12.909 -13.315 -13.333 -13.164 -12.9 -12.596 -12.221 -13.34 -13.087 -12.738 -12.45 -12.165 -13.071 -12.756 -12.471 -12.266 -12.199 -12.768 -12.952 -12.618 -11.568 -11.063 -10.467 -12.818
0.052608 -13.405 -13.453 -13.463 -13.398 -13.211 -12.955 -13.35 -13.374 -13.207 -12.946 -12.643 -12.27 -13.38 -13.131 -12.785 -12.499 -12.215 -13.116 -12.803 -12.519 -12.315 -12.247 -12.814 -12.997 -12.666 -11.619 -11.115 -10.519 -12.863
0.054199 -13.431 -13.483 -13.495 -13.437 -13.254 -13.001 -13.384 -13.414 -13.25 -12.992 -12.691 -12.319 -13.421 -13.176 -12.832 -12.547 -12.264 -13.16 -12.85 -12.567 -12.364 -12.294 -12.861 -13.042 -12.714 -11.67 -11.167 -10.572 -12.909
0.055838 -13.456 -13.512 -13.528 -13.477 -13.297 -13.047 -13.418 -13.454 -13.294 -13.038 -12.739 -12.369 -13.461 -13.22 -12.879 -12.596 -12.314 -13.204 -12.896 -12.616 -12.412 -12.342 -12.907 -13.088 -12.761 -11.721 -11.219 -10.625 -12.955
0.057527 -13.48 -13.541 -13.56 -13.516 -13.34 -13.093 -13.452 -13.494 -13.337 -13.084 -12.786 -12.418 -13.501 -13.264 -12.926 -12.644 -12.363 -13.248 -12.943 -12.664 -12.461 -12.39 -12.953 -13.133 -12.809 -11.772 -11.271 -10.677 -13.001
0.059267 -13.505 -13.569 -13.592 -13.556 -13.383 -13.138 -13.486 -13.534 -13.379 -13.129 -12.834 -12.467 -13.54 -13.307 -12.972 -12.693 -12.413 -13.292 -12.989 -12.712 -12.509 -12.438 -12.999 -13.178 -12.856 -11.823 -11.322 -10.73 -13.046
0.061059 -13.529 -13.598 -13.623 -13.595 -13.426 -13.184 -13.52 -13.574 -13.422 -13.175 -12.881 -12.516 -13.58 -13.351 -13.019 -12.741 -12.462 -13.336 -13.036 -12.759 -12.558 -12.486 -13.045 -13.222 -12.903 -11.874 -11.374 -10.782 -13.091
0.062906 -13.552 -13.625 -13.655 -13.633 -13.468 -13.229 -13.553 -13.613 -13.465 -13.22 -12.929 -12.565 -13.619 -13.394 -13.066 -12.789 -12.511 -13.38 -13.082 -12.807 -12.606 -12.533 -13.091 -13.267 -12.951 -11.925 -11.426 -10.835 -13.137
0.064808 -13.576 -13.653 -13.686 -13.672 -13.51 -13.274 -13.587 -13.652 -13.507 -13.266 -12.976 -12.614 -13.658 -13.438 -13.112 -12.837 -12.561 -13.423 -13.128 -12.855 -12.654 -12.581 -13.137 -13.312 -12.998 -11.976 -11.478 -10.887 -13.182
0.066769 -13.599 -13.68 -13.716 -13.71 -13.553 -13.319 -13.62 -13.691 -13.549 -13.311 -13.023 -12.663 -13.697 -13.481 -13.158 -12.885 -12.61 -13.467 -13.174 -12.902 -12.703 -12.628 -13.183 -13.356 -13.045 -12.026 -11.529 -10.94 -13.227
0.068788 -13.621 -13.707 -13.747 -13.748 -13.595 -13.364 -13.652 -13.73 -13.591 -13.356 -13.07 -12.712 -13.736 -13.524 -13.205 -12.933 -12.659 -13.51 -13.22 -12.95 -12.751 -12.676 -13.228 -13.401 -13.091 -12.077 -11.581 -10.992 -13.272
