web/models/kne.last_good/kappa_0.5_3.0.v1/19/villar_0.0019_0.4217_3.0000.dat
# %ECSV 1.0
# ---
# datatype:
# - {name: time, datatype: float64}
# - {name: swift_uvot_uvw2, datatype: float64}
# - {name: swift_uvot_uvm2, datatype: float64}
# - {name: swift_uvot_uvw1, datatype: float64}
# - {name: swift_uvot_U, datatype: float64}
# - {name: swift_uvot_B, datatype: float64}
# - {name: swift_uvot_V, datatype: float64}
# - {name: swift_uvot_W, datatype: float64}
# - {name: johnson_U, datatype: float64}
# - {name: johnson_B, datatype: float64}
# - {name: johnson_V, datatype: float64}
# - {name: johnson_R, datatype: float64}
# - {name: johnson_I, datatype: float64}
# - {name: sdss_u, datatype: float64}
# - {name: sdss_g, datatype: float64}
# - {name: sdss_r, datatype: float64}
# - {name: sdss_i, datatype: float64}
# - {name: sdss_z, datatype: float64}
# - {name: PS1_g, datatype: float64}
# - {name: PS1_r, datatype: float64}
# - {name: PS1_i, datatype: float64}
# - {name: PS1_z, datatype: float64}
# - {name: PS1_Y, datatype: float64}
# - {name: PS1_w, datatype: float64}
# - {name: ATLAS_c, datatype: float64}
# - {name: ATLAS_o, datatype: float64}
# - {name: ukirt_J, datatype: float64}
# - {name: ukirt_H, datatype: float64}
# - {name: ukirt_K, datatype: float64}
# - {name: Clear, datatype: float64}
# meta: !!omap
# - comment: [kappa = 3.0, type = villar, mass = 0.001861645566637777, velocity = 0.4216666666666667, theta_obs = 0.0]
# schema: astropy-2.0
time swift_uvot_uvw2 swift_uvot_uvm2 swift_uvot_uvw1 swift_uvot_U swift_uvot_B swift_uvot_V swift_uvot_W johnson_U johnson_B johnson_V johnson_R johnson_I sdss_u sdss_g sdss_r sdss_i sdss_z PS1_g PS1_r PS1_i PS1_z PS1_Y PS1_w ATLAS_c ATLAS_o ukirt_J ukirt_H ukirt_K Clear
[from data line 149]
0.084741 -8.409 -8.771 -9.608 -10.788 -11.363 -11.684 -10.513 -10.898 -11.368 -11.688 -11.799 -11.776 -10.873 -11.492 -11.775 -11.818 -11.769 -11.551 -11.785 -11.827 -11.799 -11.783 -11.721 -11.633 -11.795 -11.506 -11.18 -10.729 -11.687
0.087304 -8.379 -8.736 -9.588 -10.785 -11.374 -11.705 -10.517 -10.898 -11.378 -11.709 -11.827 -11.811 -10.872 -11.506 -11.801 -11.849 -11.805 -11.567 -11.81 -11.858 -11.834 -11.82 -11.746 -11.652 -11.824 -11.548 -11.225 -10.776 -11.711
0.089944 -8.348 -8.698 -9.568 -10.782 -11.383 -11.725 -10.522 -10.897 -11.389 -11.729 -11.855 -11.845 -10.87 -11.52 -11.826 -11.88 -11.84 -11.583 -11.835 -11.889 -11.868 -11.856 -11.771 -11.671 -11.851 -11.589 -11.27 -10.823 -11.735
0.092665 -8.317 -8.66 -9.546 -10.777 -11.393 -11.744 -10.525 -10.895 -11.398 -11.749 -11.883 -11.879 -10.868 -11.533 -11.85 -11.91 -11.875 -11.597 -11.86 -11.92 -11.903 -11.892 -11.795 -11.69 -11.878 -11.63 -11.314 -10.871 -11.759
0.095467 -8.285 -8.62 -9.523 -10.772 -11.401 -11.763 -10.528 -10.892 -11.407 -11.768 -11.91 -11.913 -10.864 -11.545 -11.874 -11.94 -11.909 -11.611 -11.884 -11.95 -11.936 -11.929 -11.819 -11.708 -11.905 -11.671 -11.358 -10.917 -11.782
0.098355 -8.253 -8.579 -9.5 -10.766 -11.408 -11.781 -10.531 -10.888 -11.414 -11.787 -11.937 -11.946 -10.859 -11.557 -11.897 -11.97 -11.943 -11.625 -11.907 -11.98 -11.97 -11.964 -11.842 -11.725 -11.931 -11.712 -11.402 -10.964 -11.804
0.101329 -8.22 -8.536 -9.475 -10.758 -11.415 -11.799 -10.532 -10.883 -11.421 -11.805 -11.963 -11.979 -10.854 -11.567 -11.92 -11.999 -11.977 -11.637 -11.93 -12.009 -12.003 -12.0 -11.864 -11.741 -11.957 -11.752 -11.446 -11.011 -11.826
0.104394 -8.186 -8.492 -9.449 -10.75 -11.421 -11.816 -10.534 -10.877 -11.428 -11.822 -11.989 -12.012 -10.847 -11.578 -11.942 -12.028 -12.011 -11.649 -11.952 -12.038 -12.036 -12.035 -11.886 -11.757 -11.982 -11.792 -11.49 -11.057 -11.848
0.107551 -8.152 -8.446 -9.422 -10.741 -11.426 -11.832 -10.534 -10.87 -11.433 -11.839 -12.014 -12.044 -10.839 -11.587 -11.964 -12.056 -12.044 -11.661 -11.974 -12.067 -12.068 -12.069 -11.908 -11.773 -12.007 -11.832 -11.533 -11.104 -11.869
0.110804 -8.117 -8.398 -9.393 -10.73 -11.43 -11.848 -10.534 -10.863 -11.438 -11.855 -12.039 -12.076 -10.83 -11.596 -11.985 -12.084 -12.076 -11.671 -11.995 -12.094 -12.1 -12.104 -11.929 -11.787 -12.031 -11.872 -11.576 -11.15 -11.889
0.114155 -8.082 -8.349 -9.364 -10.719 -11.434 -11.863 -10.533 -10.854 -11.441 -11.87 -12.063 -12.107 -10.82 -11.603 -12.005 -12.111 -12.109 -11.681 -12.016 -12.122 -12.131 -12.138 -11.949 -11.801 -12.055 -11.911 -11.619 -11.196 -11.909
0.117608 -8.046 -8.299 -9.333 -10.706 -11.436 -11.877 -10.532 -10.843 -11.444 -11.884 -12.086 -12.138 -10.809 -11.61 -12.025 -12.138 -12.14 -11.69 -12.036 -12.149 -12.162 -12.171 -11.969 -11.814 -12.078 -11.95 -11.662 -11.242 -11.928
0.121165 -8.01 -8.246 -9.301 -10.692 -11.438 -11.89 -10.53 -10.832 -11.446 -11.898 -12.109 -12.169 -10.797 -11.616 -12.044 -12.164 -12.172 -11.698 -12.055 -12.175 -12.193 -12.204 -11.988 -11.827 -12.1 -11.989 -11.705 -11.287 -11.947
0.124829 -7.974 -8.192 -9.267 -10.677 -11.438 -11.903 -10.527 -10.82 -11.447 -11.911 -12.132 -12.199 -10.784 -11.622 -12.062 -12.189 -12.203 -11.705 -12.074 -12.201 -12.223 -12.237 -12.006 -11.838 -12.122 -12.027 -11.747 -11.333 -11.965
0.128605 -7.937 -8.136 -9.233 -10.66 -11.438 -11.914 -10.523 -10.806 -11.447 -11.924 -12.154 -12.228 -10.769 -11.626 -12.08 -12.214 -12.233 -11.711 -12.092 -12.226 -12.253 -12.269 -12.024 -11.849 -12.143 -12.065 -11.789 -11.378 -11.983
0.132494 -7.9 -8.078 -9.197 -10.643 -11.436 -11.925 -10.519 -10.792 -11.446 -11.935 -12.175 -12.257 -10.753 -11.629 -12.097 -12.239 -12.263 -11.717 -12.109 -12.251 -12.282 -12.301 -12.041 -11.859 -12.164 -12.103 -11.831 -11.423 -12.0
0.136502 -7.863 -8.019 -9.159 -10.624 -11.434 -11.935 -10.513 -10.776 -11.444 -11.946 -12.195 -12.286 -10.736 -11.632 -12.113 -12.263 -12.293 -11.722 -12.125 -12.275 -12.311 -12.333 -12.058 -11.869 -12.184 -12.14 -11.873 -11.468 -12.016
0.14063 -7.826 -7.957 -9.12 -10.603 -11.43 -11.945 -10.507 -10.758 -11.44 -11.955 -12.215 -12.314 -10.718 -11.633 -12.129 -12.286 -12.322 -11.725 -12.141 -12.299 -12.339 -12.364 -12.074 -11.877 -12.203 -12.177 -11.914 -11.513 -12.032
0.144883 -7.788 -7.894 -9.08 -10.582 -11.425 -11.953 -10.5 -10.739 -11.436 -11.964 -12.235 -12.341 -10.698 -11.633 -12.143 -12.309 -12.35 -11.728 -12.156 -12.322 -12.366 -12.394 -12.089 -11.885 -12.221 -12.214 -11.955 -11.557 -12.047
0.149265 -7.751 -7.828 -9.038 -10.559 -11.419 -11.96 -10.493 -10.719 -11.431 -11.972 -12.253 -12.368 -10.677 -11.633 -12.157 -12.331 -12.378 -11.73 -12.171 -12.344 -12.393 -12.425 -12.104 -11.891 -12.239 -12.25 -11.996 -11.601 -12.062
0.15378 -7.713 -7.76 -8.995 -10.534 -11.412 -11.967 -10.484 -10.698 -11.424 -11.979 -12.271 -12.394 -10.654 -11.631 -12.171 -12.352 -12.406 -11.73 -12.184 -12.366 -12.42 -12.454 -12.117 -11.897 -12.256 -12.286 -12.036 -11.645 -12.075
0.15843 -7.676 -7.69 -8.95 -10.508 -11.404 -11.972 -10.474 -10.675 -11.416 -11.985 -12.288 -12.42 -10.63 -11.628 -12.183 -12.373 -12.432 -11.73 -12.197 -12.386 -12.446 -12.483 -12.13 -11.902 -12.273 -12.321 -12.076 -11.689 -12.088
0.163222 -7.639 -7.618 -8.904 -10.48 -11.394 -11.977 -10.464 -10.65 -11.407 -11.99 -12.304 -12.445 -10.604 -11.624 -12.194 -12.393 -12.459 -11.728 -12.208 -12.407 -12.471 -12.512 -12.142 -11.906 -12.288 -12.356 -12.116 -11.733 -12.1
0.168159 -7.602 -7.544 -8.855 -10.451 -11.384 -11.98 -10.452 -10.624 -11.397 -11.994 -12.319 -12.47 -10.577 -11.619 -12.205 -12.412 -12.484 -11.726 -12.219 -12.426 -12.496 -12.54 -12.153 -11.908 -12.303 -12.391 -12.155 -11.776 -12.112
0.173245 -7.565 -7.467 -8.805 -10.419 -11.371 -11.983 -10.439 -10.596 -11.385 -11.997 -12.334 -12.494 -10.547 -11.612 -12.214 -12.43 -12.509 -11.722 -12.229 -12.445 -12.52 -12.567 -12.164 -11.91 -12.317 -12.425 -12.195 -11.819 -12.122
0.178484 -7.53 -7.387 -8.754 -10.387 -11.358 -11.984 -10.426 -10.567 -11.372 -11.999 -12.348 -12.517 -10.517 -11.605 -12.223 -12.448 -12.533 -11.717 -12.238 -12.463 -12.543 -12.594 -12.173 -11.91 -12.33 -12.459 -12.233 -11.862 -12.132
0.183882 -7.494 -7.305 -8.7 -10.352 -11.343 -11.984 -10.411 -10.536 -11.358 -12.0 -12.36 -12.539 -10.484 -11.595 -12.23 -12.465 -12.557 -11.711 -12.246 -12.48 -12.565 -12.62 -12.182 -11.91 -12.342 -12.492 -12.272 -11.904 -12.141
0.189444 -7.459 -7.221 -8.645 -10.315 -11.326 -11.982 -10.395 -10.503 -11.342 -11.999 -12.372 -12.561 -10.45 -11.585 -12.236 -12.48 -12.58 -11.703 -12.252 -12.496 -12.587 -12.645 -12.189 -11.908 -12.353 -12.525 -12.31 -11.946 -12.149
0.195173 -7.425 -7.133 -8.587 -10.277 -11.308 -11.98 -10.378 -10.468 -11.324 -11.997 -12.383 -12.582 -10.413 -11.573 -12.242 -12.495 -12.602 -11.694 -12.258 -12.511 -12.608 -12.67 -12.196 -11.905 -12.363 -12.557 -12.347 -11.988 -12.156
0.201076 -7.392 -7.043 -8.528 -10.236 -11.288 -11.976 -10.36 -10.431 -11.305 -11.994 -12.393 -12.602 -10.375 -11.56 -12.246 -12.509 -12.623 -11.684 -12.263 -12.526 -12.629 -12.694 -12.202 -11.901 -12.372 -12.589 -12.384 -12.03 -12.162
0.207158 -7.36 -6.95 -8.467 -10.194 -11.266 -11.971 -10.34 -10.392 -11.284 -11.99 -12.402 -12.621 -10.334 -11.545 -12.249 -12.522 -12.644 -11.673 -12.266 -12.539 -12.648 -12.718 -12.206 -11.895 -12.38 -12.62 -12.421 -12.071 -12.168
0.213423 -7.328 -6.853 -8.403 -10.149 -11.243 -11.964 -10.319 -10.351 -11.262 -11.984 -12.41 -12.64 -10.292 -11.528 -12.25 -12.535 -12.663 -11.659 -12.268 -12.551 -12.667 -12.74 -12.209 -11.888 -12.387 -12.65 -12.457 -12.112 -12.172
0.219878 -7.298 -6.754 -8.337 -10.102 -11.218 -11.956 -10.297 -10.308 -11.237 -11.976 -12.416 -12.657 -10.247 -11.51 -12.251 -12.545 -12.682 -11.645 -12.269 -12.563 -12.684 -12.762 -12.211 -11.88 -12.393 -12.68 -12.493 -12.152 -12.175
0.226528 -7.269 -6.651 -8.269 -10.052 -11.191 -11.946 -10.273 -10.262 -11.211 -11.968 -12.422 -12.674 -10.199 -11.49 -12.25 -12.555 -12.7 -11.628 -12.269 -12.573 -12.701 -12.783 -12.212 -11.87 -12.397 -12.709 -12.528 -12.192 -12.177
0.233379 -7.241 -6.545 -8.199 -10.0 -11.162 -11.935 -10.247 -10.214 -11.183 -11.957 -12.426 -12.69 -10.15 -11.468 -12.247 -12.564 -12.717 -11.61 -12.267 -12.582 -12.717 -12.803 -12.212 -11.858 -12.401 -12.738 -12.563 -12.232 -12.178
0.240437 -7.214 -6.436 -8.126 -9.945 -11.131 -11.922 -10.221 -10.164 -11.153 -11.945 -12.429 -12.704 -10.097 -11.444 -12.244 -12.571 -12.733 -11.59 -12.264 -12.59 -12.731 -12.822 -12.21 -11.845 -12.403 -12.766 -12.597 -12.271 -12.178
0.247709 -7.189 -6.322 -8.051 -9.888 -11.097 -11.907 -10.192 -10.111 -11.12 -11.931 -12.43 -12.718 -10.042 -11.419 -12.238 -12.578 -12.747 -11.569 -12.259 -12.597 -12.745 -12.841 -12.207 -11.83 -12.403 -12.793 -12.631 -12.31 -12.176
0.255201 -7.165 -6.205 -7.973 -9.828 -11.062 -11.891 -10.162 -10.055 -11.086 -11.915 -12.43 -12.73 -9.985 -11.391 -12.231 -12.583 -12.761 -11.545 -12.253 -12.602 -12.757 -12.858 -12.203 -11.814 -12.403 -12.819 -12.664 -12.349 -12.173
0.262919 -7.142 -6.084 -7.892 -9.765 -11.024 -11.872 -10.13 -9.996 -11.049 -11.898 -12.429 -12.741 -9.924 -11.361 -12.223 -12.586 -12.774 -11.519 -12.245 -12.606 -12.769 -12.874 -12.197 -11.795 -12.4 -12.845 -12.697 -12.386 -12.169
0.270871 -7.121 -5.959 -7.809 -9.699 -10.984 -11.852 -10.096 -9.934 -11.009 -11.878 -12.426 -12.751 -9.86 -11.329 -12.212 -12.588 -12.785 -11.492 -12.235 -12.608 -12.779 -12.889 -12.189 -11.775 -12.396 -12.869 -12.728 -12.424 -12.164
0.279064 -7.101 -5.83 -7.722 -9.629 -10.94 -11.829 -10.06 -9.87 -10.968 -11.857 -12.422 -12.76 -9.793 -11.294 -12.2 -12.589 -12.795 -11.462 -12.224 -12.609 -12.787 -12.903 -12.18 -11.753 -12.391 -12.893 -12.76 -12.461 -12.157
0.287504 -7.082 -5.697 -7.633 -9.556 -10.895 -11.804 -10.022 -9.802 -10.923 -11.833 -12.415 -12.767 -9.723 -11.257 -12.185 -12.587 -12.804 -11.43 -12.21 -12.609 -12.795 -12.916 -12.169 -11.728 -12.384 -12.916 -12.79 -12.497 -12.148
0.296199 -7.064 -5.558 -7.54 -9.48 -10.846 -11.777 -9.982 -9.73 -10.875 -11.807 -12.407 -12.773 -9.649 -11.217 -12.169 -12.585 -12.811 -11.395 -12.195 -12.607 -12.801 -12.927 -12.157 -11.701 -12.374 -12.938 -12.819 -12.533 -12.138
0.305157 -7.048 -5.416 -7.444 -9.4 -10.794 -11.747 -9.939 -9.655 -10.825 -11.778 -12.397 -12.778 -9.572 -11.175 -12.151 -12.58 -12.817 -11.358 -12.177 -12.603 -12.805 -12.938 -12.142 -11.672 -12.363 -12.958 -12.848 -12.568 -12.126
0.314387 -7.033 -5.268 -7.345 -9.316 -10.74 -11.714 -9.895 -9.576 -10.772 -11.747 -12.386 -12.78 -9.49 -11.129 -12.13 -12.574 -12.822 -11.319 -12.158 -12.597 -12.808 -12.946 -12.125 -11.64 -12.35 -12.978 -12.876 -12.603 -12.113
0.323895 -7.019 -5.116 -7.242 -9.227 -10.681 -11.679 -9.847 -9.493 -10.715 -11.713 -12.372 -12.782 -9.405 -11.081 -12.107 -12.565 -12.824 -11.276 -12.136 -12.589 -12.809 -12.954 -12.106 -11.606 -12.335 -12.997 -12.903 -12.636 -12.097
0.333691 -7.005 -4.958 -7.135 -9.135 -10.62 -11.641 -9.797 -9.406 -10.655 -11.677 -12.355 -12.781 -9.315 -11.029 -12.081 -12.555 -12.825 -11.231 -12.111 -12.579 -12.809 -12.959 -12.085 -11.569 -12.318 -13.014 -12.93 -12.67 -12.08
0.343783 -6.993 -4.796 -7.025 -9.037 -10.554 -11.6 -9.745 -9.314 -10.591 -11.637 -12.337 -12.778 -9.22 -10.974 -12.053 -12.542 -12.824 -11.183 -12.084 -12.568 -12.806 -12.963 -12.062 -11.529 -12.298 -13.03 -12.955 -12.702 -12.061
0.354181 -6.981 -4.629 -6.91 -8.935 -10.485 -11.556 -9.689 -9.218 -10.523 -11.595 -12.316 -12.774 -9.121 -10.915 -12.022 -12.527 -12.822 -11.131 -12.054 -12.553 -12.801 -12.966 -12.036 -11.486 -12.276 -13.044 -12.979 -12.734 -12.039
0.364893 -6.97 -4.456 -6.791 -8.828 -10.411 -11.508 -9.63 -9.116 -10.451 -11.549 -12.293 -12.768 -9.017 -10.852 -11.988 -12.51 -12.817 -11.077 -12.022 -12.537 -12.795 -12.966 -12.008 -11.44 -12.251 -13.058 -13.002 -12.764 -12.015
0.375929 -6.959 -4.279 -6.668 -8.715 -10.333 -11.457 -9.568 -9.01 -10.375 -11.499 -12.266 -12.759 -8.907 -10.786 -11.95 -12.49 -12.81 -11.019 -11.986 -12.517 -12.786 -12.964 -11.976 -11.39 -12.224 -13.069 -13.024 -12.794 -11.989
0.387298 -6.949 -4.098 -6.54 -8.596 -10.251 -11.402 -9.503 -8.897 -10.294 -11.446 -12.237 -12.748 -8.791 -10.715 -11.91 -12.467 -12.8 -10.957 -11.947 -12.496 -12.775 -12.961 -11.942 -11.337 -12.193 -13.079 -13.044 -12.823 -11.961
0.399012 -6.939 -3.912 -6.407 -8.472 -10.163 -11.343 -9.434 -8.779 -10.209 -11.388 -12.205 -12.734 -8.67 -10.64 -11.866 -12.441 -12.789 -10.891 -11.905 -12.471 -12.761 -12.955 -11.905 -11.28 -12.159 -13.087 -13.063 -12.851 -11.93
0.41108 -6.928 -3.723 -6.268 -8.34 -10.07 -11.279 -9.361 -8.655 -10.118 -11.327 -12.169 -12.718 -8.542 -10.56 -11.818 -12.412 -12.774 -10.821 -11.859 -12.443 -12.745 -12.947 -11.864 -11.219 -12.122 -13.094 -13.081 -12.878 -11.896
0.423513 -6.918 -3.531 -6.125 -8.202 -9.972 -11.211 -9.283 -8.523 -10.022 -11.261 -12.13 -12.699 -8.407 -10.474 -11.766 -12.38 -12.757 -10.747 -11.809 -12.412 -12.726 -12.936 -11.82 -11.153 -12.082 -13.098 -13.097 -12.903 -11.86
0.436321 -6.906 -3.337 -5.975 -8.056 -9.867 -11.138 -9.202 -8.385 -9.92 -11.19 -12.088 -12.677 -8.264 -10.384 -11.709 -12.344 -12.737 -10.669 -11.755 -12.377 -12.703 -12.923 -11.772 -11.083 -12.037 -13.101 -13.112 -12.928 -11.82
0.449518 -6.895 -3.144 -5.82 -7.903 -9.757 -11.06 -9.116 -8.239 -9.812 -11.114 -12.041 -12.652 -8.114 -10.287 -11.649 -12.305 -12.714 -10.586 -11.697 -12.339 -12.678 -12.907 -11.72 -11.008 -11.989 -13.101 -13.125 -12.951 -11.777
0.463113 -6.882 -2.952 -5.658 -7.741 -9.639 -10.976 -9.025 -8.085 -9.697 -11.033 -11.99 -12.624 -7.956 -10.185 -11.583 -12.261 -12.687 -10.498 -11.634 -12.297 -12.649 -12.888 -11.664 -10.927 -11.936 -13.099 -13.136 -12.973 -11.731
0.47712 -6.869 -2.764 -5.49 -7.57 -9.515 -10.887 -8.929 -7.922 -9.576 -10.946 -11.935 -12.592 -7.789 -10.075 -11.512 -12.214 -12.657 -10.405 -11.566 -12.25 -12.617 -12.865 -11.603 -10.842 -11.879 -13.094 -13.146 -12.993 -11.681
0.49155 -6.854 -2.582 -5.314 -7.39 -9.382 -10.791 -8.828 -7.75 -9.446 -10.853 -11.875 -12.556 -7.612 -9.959 -11.436 -12.161 -12.623 -10.307 -11.493 -12.199 -12.58 -12.84 -11.538 -10.75 -11.817 -13.086 -13.153 -13.012 -11.628
0.506416 -6.838 -2.409 -5.131 -7.199 -9.242 -10.688 -8.72 -7.568 -9.309 -10.753 -11.81 -12.515 -7.425 -9.835 -11.354 -12.104 -12.585 -10.203 -11.414 -12.144 -12.539 -12.81 -11.467 -10.652 -11.75 -13.076 -13.158 -13.029 -11.571
0.521733 -6.82 -2.247 -4.94 -6.998 -9.092 -10.578 -8.607 -7.376 -9.164 -10.646 -11.739 -12.471 -7.227 -9.704 -11.265 -12.042 -12.542 -10.094 -11.33 -12.083 -12.494 -12.777 -11.391 -10.547 -11.677 -13.062 -13.16 -13.044 -11.509
0.537512 -6.801 -2.097 -4.741 -6.785 -8.933 -10.46 -8.487 -7.172 -9.009 -10.532 -11.662 -12.422 -7.018 -9.563 -11.17 -11.973 -12.495 -9.978 -11.239 -12.017 -12.444 -12.739 -11.309 -10.434 -11.599 -13.045 -13.16 -13.058 -11.444
0.553769 -6.779 -1.963 -4.532 -6.559 -8.764 -10.333 -8.36 -6.956 -8.844 -10.409 -11.579 -12.367 -6.796 -9.413 -11.067 -11.899 -12.443 -9.857 -11.141 -11.944 -12.389 -12.697 -11.221 -10.314 -11.513 -13.025 -13.158 -13.069 -11.373
0.570517 -6.755 -1.843 -4.314 -6.319 -8.584 -10.198 -8.225 -6.727 -8.668 -10.278 -11.49 -12.307 -6.561 -9.254 -10.956 -11.818 -12.385 -9.73 -11.036 -11.866 -12.328 -12.65 -11.126 -10.186 -11.421 -13.0 -13.152 -13.078 -11.298
0.587772 -6.729 -1.738 -4.086 -6.065 -8.392 -10.053 -8.082 -6.483 -8.482 -10.137 -11.393 -12.242 -6.311 -9.083 -10.837 -11.73 -12.321 -9.596 -10.924 -11.78 -12.261 -12.598 -11.024 -10.048 -11.322 -12.972 -13.143 -13.085 -11.218
0.605549 -6.699 -1.646 -3.846 -5.795 -8.188 -9.898 -7.931 -6.225 -8.283 -9.986 -11.288 -12.17 -6.045 -8.901 -10.709 -11.635 -12.251 -9.457 -10.803 -11.688 -12.188 -12.54 -10.914 -9.901 -11.215 -12.939 -13.131 -13.089 -11.133
0.623863 -6.667 -1.566 -3.595 -5.509 -7.97 -9.731 -7.771 -5.95 -8.07 -9.824 -11.175 -12.091 -5.763 -8.707 -10.571 -11.531 -12.175 -9.311 -10.673 -11.587 -12.108 -12.476 -10.795 -9.743 -11.099 -12.901 -13.115 -13.091 -11.042
