web/models/kne/45/mosfit_kn_0.012011_0.1083_10.0000.dat
# %ECSV 1.0
# ---
# datatype:
# - {name: time, datatype: float64}
# - {name: PS1_g, datatype: float64}
# - {name: PS1_i, datatype: float64}
# - {name: PS1_r, datatype: float64}
# - {name: PS1_w, datatype: float64}
# - {name: PS1_y, datatype: float64}
# - {name: PS1_z, datatype: float64}
# - {name: swift_uvot_B, datatype: float64}
# - {name: swift_uvot_U, datatype: float64}
# - {name: swift_uvot_uvm2, datatype: float64}
# - {name: swift_uvot_uvw1, datatype: float64}
# - {name: swift_uvot_uvw2, datatype: float64}
# - {name: swift_uvot_V, datatype: float64}
# - {name: johnson_B, datatype: float64}
# - {name: johnson_I, datatype: float64}
# - {name: johnson_R, datatype: float64}
# - {name: johnson_U, datatype: float64}
# - {name: johnson_V, datatype: float64}
# - {name: sdss_g, datatype: float64}
# - {name: sdss_i, datatype: float64}
# - {name: sdss_r, datatype: float64}
# - {name: sdss_u, datatype: float64}
# - {name: sdss_z, datatype: float64}
# - {name: ATLAS_c, datatype: float64}
# - {name: ATLAS_o, datatype: float64}
# - {name: ukirt_H, datatype: float64}
# - {name: ukirt_J, datatype: float64}
# - {name: ukirt_K, datatype: float64}
# - {name: Clear, datatype: float64}
# meta: !!omap
# - comment: [kappa = 10.0, type = rprocess, mass = 0.012011244339858356, velocity = 0.10833333333333334, theta_obs = 0.0, tfloor = 1000.0]
# schema: astropy-2.0
time PS1_g PS1_i PS1_r PS1_w PS1_y PS1_z swift_uvot_B swift_uvot_U swift_uvot_uvm2 swift_uvot_uvw1 swift_uvot_uvw2 swift_uvot_V johnson_B johnson_I johnson_R johnson_U johnson_V sdss_g sdss_i sdss_r sdss_u sdss_z ATLAS_c ATLAS_o ukirt_H ukirt_J ukirt_K Clear
[from data line 260]
15.691382765531062 7.988131328082417 -0.89369748511686 2.58137329292099 0.6134494814170033 -4.416887533642111 -2.9992115687949905 11.528037904646904 18.186982002541825 32.075577306571 14.152564534616374 16.665581041096026 5.94764802095322 10.324100587680714 -2.4472107915388106 0.5228219751861893 17.155980823290083 4.992625685784467 8.800671429396871 -0.8124415330038559 2.809861952417414 18.68808753271665 -3.5726391808169744 4.560449862663631 0.10803733805383686 -9.365874911557606 -7.216385616067916 -10.726163592030778 -1.6724445623443351
15.751503006012024 7.999271022705994 -0.8825577904933013 2.5925129875445485 0.624589176040562 -4.405747839018552 -2.988071874171432 11.53917759927048 18.198121697165384 32.086717001194565 14.16370422923995 16.676720735719602 5.958787715576778 10.335240282304273 -2.436071096915234 0.533961669809748 17.16712051791364 5.0037653804080255 8.81181112402043 -0.8013018383802972 2.8210016470409904 18.69922722734021 -3.5614994861934157 4.57158955728719 0.11917703267741331 -9.354735216934047 -7.205245921444357 -10.71502389740722 -1.6613048677207765
15.811623246492985 8.01032618657187 -0.8715026266274073 2.6035681514104247 0.6356443399064382 -4.394692675152676 -2.977016710305538 11.550232763136357 18.20917686103126 32.09777216506044 14.174759393105827 16.68777589958548 5.969842879442655 10.346295446170167 -2.425015933049358 0.545016833675642 17.178175681779518 5.014820544273902 8.822866287886306 -0.790246674514421 2.8320568109068667 18.710282391206086 -3.5504443223275395 4.582644721153066 0.13023219654328955 -9.343680053068171 -7.194190757578481 -10.703968733541343 -1.6502497038549002
15.871743486973948 8.021298984126322 -0.8605298290729557 2.6145409489648763 0.6466171374608898 -4.3837198775982245 -2.9660439127510863 11.561205560690809 18.22014965858571 32.10874496261489 14.185732190660278 16.69874869713993 5.980815676997106 10.3572682437246 -2.4140431354949063 0.5559896312300758 17.18914847933397 5.025793341828353 8.833839085440758 -0.7792738769599694 2.8430296084613182 18.721255188760537 -3.539471524773088 4.593617518707518 0.14120499409774112 -9.33270725551372 -7.183217960024029 -10.692995935986891 -1.6392769063004486
15.931863727454909 8.032189368122022 -0.8496394450772549 2.625431332960577 0.6575075214566084 -4.372829493602524 -2.9551535287553854 11.57209594468651 18.23104004258143 32.1196353466106 14.19662257465598 16.70963908113563 5.991706060992807 10.36815862772032 -2.4031527514992055 0.5668800152257945 17.20003886332967 5.036683725824072 8.844729469436476 -0.7683834929642686 2.853919992457019 18.732145572756256 -3.528581140777387 4.6045079027032365 0.15209537809344198 -9.321816871518001 -7.172327576028328 -10.68210555199119 -1.6283865223047478
15.991983967935871 8.042998406987998 -0.8388304062112795 2.6362403718265526 0.6683165603225838 -4.362020454736548 -2.94434448988941 11.582904983552485 18.241849081447405 32.13044438547658 14.207431613521955 16.720448120001606 6.002515099858782 10.378967666586295 -2.39234371263323 0.5776890540917698 17.210847902195646 5.047492764690047 8.855538508302452 -0.7575744540982932 2.8647290313229945 18.74295461162223 -3.5177721019114117 4.615316941569212 0.16290441695941738 -9.311007832652043 -7.161518537162353 -10.671296513125215 -1.6175774834387724
16.052104208416832 8.053724798988355 -0.828104014210922 2.646966763826928 0.6790429523229413 -4.351294062736173 -2.9336180978890525 11.593631375552842 18.252575473447763 32.14117077747694 14.218158005522312 16.731174512001964 6.01324149185914 10.389694058586652 -2.3816173206328726 0.5884154460921274 17.22157429419602 5.058219156690405 8.86626490030281 -0.7468480620979356 2.875455423323352 18.75368100362259 -3.507045709911054 4.626043333569569 0.1736308089597749 -9.300281440651668 -7.150792145161978 -10.660570121124858 -1.6068510914384149
16.112224448897795 8.064369796581374 -0.817459016617903 2.657611761419947 0.6896879499159603 -4.340649065143172 -2.9229731002960335 11.604276373145861 18.263220471040782 32.151815775069956 14.228803003115331 16.741819509594983 6.023886489452159 10.400339056179671 -2.3709723230398536 0.5990604436851463 17.232219291789022 5.068864154283424 8.876909897895828 -0.7362030645049167 2.886100420916371 18.764326001215608 -3.496400712318035 4.636688331162588 0.18427580655279385 -9.289636443058649 -7.140147147568959 -10.649925123531839 -1.596206093845396
16.172344689378757 8.074934035189578 -0.8068947780096991 2.6681760000281507 0.7002521885241642 -4.33008482653495 -2.9124088616878296 11.614840611754065 18.273784709648986 32.16238001367816 14.239367241723535 16.752383748203187 6.0344507280603805 10.410903294787875 -2.3604080844316497 0.6096246822933502 17.242783530397244 5.079428392891628 8.887474136504032 -0.7256388258967128 2.896664659524575 18.77489023982381 -3.4858364737098313 4.647252569770792 0.19484004516099773 -9.279072204450445 -7.129582908960755 -10.639360884923635 -1.5856418552371743
16.23246492985972 8.085417951544489 -0.796410861654806 2.678659916383044 0.7107361048790573 -4.319600910180057 -2.9019249453329365 11.625324528108976 18.28426862600388 32.17286393003306 14.249851158078446 16.762867664558097 6.044934644415274 10.421387211142768 -2.349924168076739 0.6201085986482433 17.253267446752137 5.089912309246521 8.897958052858925 -0.7151549095418019 2.9071485758794857 18.785374156178705 -3.4753525573549204 4.657736486125685 0.2053239615159086 -9.268588288095552 -7.119098992605862 -10.628876968568724 -1.5751579388822812
16.29258517034068 8.09582220319788 -0.7860066100013974 2.6890641680364347 0.7211403565324659 -4.309196658526666 -2.891520693679528 11.635728779762367 18.29467287765727 32.18326818168645 14.260255409731837 16.77327191621149 6.0553388960686645 10.431791462796177 -2.339519916423348 0.6305128503016519 17.263671698405528 5.100316560899912 8.908362304512316 -0.7047506578884111 2.9175528275328766 18.795778407832096 -3.4649483057015296 4.668140737779076 0.21572821316929947 -9.258184036442161 -7.108694740952471 -10.618472716915333 -1.5647536872288903
16.352705410821642 8.106145468372041 -0.7756833448272538 2.699387433210596 0.7314636217066095 -4.298873393352505 -2.8811974285053843 11.64605204493651 18.30499614283143 32.1935914468606 14.27057867490598 16.783595181385632 6.065662161242826 10.44211472797032 -2.3291966512492044 0.6408361154757956 17.27399496357969 5.110639826074073 8.918685569686478 -0.6944273927142497 2.92787609270702 18.806101673006257 -3.454625040527368 4.678464002953238 0.22605147834344308 -9.247860771268 -7.098371475778309 -10.608149451741172 -1.554430422054729
16.412825651302605 8.116390253255243 -0.7654385599440339 2.709632218093798 0.7417084065898294 -4.288628608469303 -2.8709526436221644 11.65629682981973 18.31524092771465 32.20383623174382 14.2808234597892 16.793839966268852 6.075906946126028 10.45235951285354 -2.3189518663659845 0.6510809003590154 17.28423974846289 5.120884610957293 8.928930354569697 -0.6841826078310476 2.93812087759024 18.816346457889477 -3.444380255644166 4.6887087878364575 0.23629626322666297 -9.237615986384798 -7.088126690895107 -10.59790466685797 -1.5441856371715268
16.472945891783567 8.12655652975879 -0.7552722834404868 2.719798494597363 0.7518746830933765 -4.2784623319657555 -2.8607863671186173 11.666463106323278 18.325407204218198 32.21400250824737 14.290989736292747 16.8040062427724 6.086073222629575 10.462525789357088 -2.3087855898624374 0.6612471768625625 17.294406024966456 5.13105088746084 8.939096631073244 -0.6740163313275005 2.948287154093787 18.826512734393024 -3.434213979140619 4.698875064340005 0.24646253973021004 -9.227449709881233 -7.077960414391542 -10.587738390354422 -1.5340193606679797
16.53306613226453 8.136644962136561 -0.7451838510627162 2.729886926975116 0.7619631154711293 -4.268373899587985 -2.8506979347408468 11.676551538701048 18.33549563659595 32.22409094062513 14.301078168670518 16.81409467515017 6.096161655007346 10.472614221734858 -2.298697157484667 0.6713356092403153 17.30449445734421 5.141139319838593 8.949185063450997 -0.6639278989497299 2.9583755864715577 18.836601166770777 -3.4241255467628484 4.708963496717757 0.2565509721079806 -9.21736127750348 -7.06787198201379 -10.577649957976652 -1.5239309282902092
16.59318637274549 8.146655599067287 -0.73517321413199 2.739897563905842 0.7719737524018555 -4.258363262657259 -2.8406872978101205 11.686562175631774 18.345506273526677 32.234101577555855 14.311088805601244 16.824105312080896 6.106172291938072 10.482624858665567 -2.2886865205539406 0.6813462461710416 17.314505094274935 5.151149956769319 8.959195700381724 -0.6539172620190037 2.968386223402284 18.846611803701503 -3.414114909832122 4.718974133648484 0.26656160903870685 -9.207350640572754 -7.057861345083063 -10.567639321045926 -1.513920291359483
16.65330661322645 8.156589272179815 -0.7252395410194623 2.7498312370183875 0.781907425514401 -4.248429589544713 -2.830753624697593 11.696495848744302 18.355439946639223 32.2440352506684 14.321022478713772 16.834038985193423 6.116105965050617 10.492558531778112 -2.278752847441413 0.691279919283587 17.32443876738748 5.1610836298818645 8.969129373494269 -0.643983588906476 2.9783198965148117 18.85654547681405 -3.4041812367195945 4.728907806761029 0.27649528215123453 -9.197416967460208 -7.047927671970518 -10.557705647933398 -1.5039866182469375
16.713426853707414 8.16644654521756 -0.7153822679817168 2.759688510056133 0.7917646985521465 -4.238572316506968 -2.8208963516598473 11.706353121782048 18.365297219676968 32.25389252370614 14.330879751751517 16.84389625823117 6.125963238088363 10.502415804815858 -2.2688955744036674 0.7011371923213325 17.334296040425226 5.17094090291961 8.978986646532015 -0.6341263158687305 2.988177169552557 18.866402749851794 -3.394323963681849 4.738765079798775 0.28635255518898006 -9.187559694422463 -7.038070398932772 -10.547848374895652 -1.494129345209192
16.773547094188377 8.176228439380804 -0.7056003738184913 2.7694704042193585 0.801546592715372 -4.228790422343742 -2.811114457496622 11.716135015945273 18.375079113840194 32.26367441786937 14.340661645914743 16.853678152394394 6.135745132251588 10.512197698979083 -2.259113680240442 0.710919086484558 17.34407793458845 5.180722797082836 8.98876854069524 -0.6243444217054872 2.9979590637157827 18.87618464401502 -3.3845420695186057 4.748546973962 0.29613444935222333 -9.177777800259237 -7.028288504769547 -10.53806648073241 -1.4843474510459664
16.83366733466934 8.185935828230928 -0.6958929849683493 2.7791777930694828 0.8112539815654962 -4.219083033493618 -2.80140706864648 11.725842404795415 18.384786502690318 32.2733818067195 14.350369034764885 16.863385541244536 6.145452521101713 10.521905087829225 -2.2494062913903 0.7206264753346823 17.353785323438576 5.19043018593296 8.998475929545364 -0.614637032855363 3.0076664525659247 18.885892032865144 -3.3748346806684815 4.758254362812124 0.30584183820234756 -9.168070411409113 -7.018581115919423 -10.528359091882285 -1.4746400621958422
16.8937875751503 8.195567397661119 -0.6862614155381586 2.7888093624996735 0.8208855509957047 -4.209451464063427 -2.791775499216289 11.735473974225606 18.394418072120526 32.2830133761497 14.360000604195076 16.873017110674727 6.155084090531903 10.531536657259416 -2.239774721960109 0.7302580447648908 17.363416892868766 5.2000617553631505 9.008107498975573 -0.6050054634251723 3.0172980219961154 18.895523602295352 -3.3652031112382907 4.767885932242333 0.3154734076325383 -9.158438841978922 -7.008949546489232 -10.518727522452094 -1.4650084927656515
16.95390781563126 8.205125737322057 -0.6767030758772208 2.7983677021606113 0.8304438906566247 -4.1998931244024895 -2.7822171595553513 11.745032313886544 18.403976411781446 32.29257171581063 14.369558943856013 16.882575450335665 6.164642430192841 10.541094996920336 -2.2302163822991714 0.7398163844258108 17.372975232529704 5.209620095024088 9.017665838636493 -0.5954471237642345 3.026856361657053 18.905081941956272 -3.355644771577353 4.777444271903253 0.32503174729347606 -9.148880502317985 -6.999391206828294 -10.509169182791156 -1.4554501531047137
17.014028056112224 8.214611125923774 -0.6672176872755031 2.807853090762329 0.8399292792583601 -4.190407735800772 -2.7727317709536337 11.754517702488261 18.413461800383182 32.302057104412356 14.379044332457731 16.892060838937383 6.174127818794559 10.550580385522071 -2.2207309936974537 0.7493017730275462 17.382460621131422 5.219105483625824 9.027151227238228 -0.5859617351625168 3.036341750258771 18.914567330558008 -3.3461593829756353 4.786929660504988 0.3345171358951937 -9.139395113716267 -6.9899058182265765 -10.499683794189439 -1.445964764502996
17.074148296593187 8.224024153765086 -0.6578046594341913 2.8172661186036407 0.8493423070996542 -4.18099470795946 -2.763318743112322 11.763930730329573 18.422874828224476 32.31147013225365 14.388457360299043 16.901473866778694 6.183540846635871 10.559993413363365 -2.211317965856142 0.7587148008688402 17.391873648972734 5.228518511467118 9.036564255079522 -0.576548707321205 3.0457547781000827 18.9239803583993 -3.3367463551343235 4.796342688346282 0.34393016373650553 -9.129982085874955 -6.980492790385265 -10.490270766348127 -1.4365517366616842
17.13426853707415 8.23336591372179 -0.6484628994774866 2.8266078785603455 0.8586840670563589 -4.171652948002755 -2.753976983155617 11.773272490286278 18.43221658818118 32.320811892210365 14.397799120255748 16.9108156267354 6.192882606592575 10.569335173320088 -2.201976205899437 0.7680565608255627 17.40121540892944 5.2378602714238225 9.045906015036227 -0.5672069473645003 3.0550965380567874 18.933322118356006 -3.3274045951776188 4.805684448302987 0.35327192369321025 -9.12064032591825 -6.97115103042856 -10.480929006391422 -1.4272099767049795
17.19438877755511 8.242635807606451 -0.6391930055928441 2.8358777724450057 0.8679539609410192 -4.162383054118095 -2.7447070892709746 11.78254238417092 18.44148648206584 32.33008178609502 14.407069014140408 16.92008552062006 6.2021525004772355 10.57860506720473 -2.192706312014777 0.7773264547102052 17.4104853028141 5.247130165308483 9.055175908920887 -0.55793705347984 3.0643664319414476 18.942592012240667 -3.3181347012929585 4.814954342187647 0.3625418175778705 -9.11137043203359 -6.9618811365439 -10.471659112506762 -1.4179400828203192
17.25450901803607 8.251835410076911 -0.6299934031223664 2.8450773749154834 0.8771535634114969 -4.153183451647617 -2.735507486800497 11.791741986641398 18.45068608453632 32.33928138856549 14.416268616610868 16.92928512309052 6.211352102947713 10.587804669675208 -2.183506709544317 0.7865260571806829 17.419684905284576 5.25632976777896 9.064375511391365 -0.5487374510093801 3.0735660344119076 18.951791614711144 -3.3089350988224986 4.824153944658125 0.37174142004833044 -9.102170829563113 -6.952681534073422 -10.462459510036302 -1.4087404803498416
17.314629258517034 8.260965556818114 -0.6208632563811811 2.8542075216566687 0.8862837101526821 -4.144053304906432 -2.7263773400593116 11.800872133382601 18.459816231277504 32.34841153530669 14.42539876335207 16.938415269831722 6.2204822496888985 10.596934816416393 -2.174376562803114 0.7956562039218682 17.42881505202576 5.265459914520146 9.07350565813255 -0.539607304268177 3.0826961811531106 18.96092176145233 -3.2998049520812955 4.83328409139931 0.3808715667895335 -9.093040682821927 -6.943551387332237 -10.453329363295099 -1.3996103336086563
