web/models/kne/45/mosfit_kn_0.014776_0.0613_3.6500.dat
# %ECSV 1.0
# ---
# datatype:
# - {name: time, datatype: float64}
# - {name: PS1_g, datatype: float64}
# - {name: PS1_i, datatype: float64}
# - {name: PS1_r, datatype: float64}
# - {name: PS1_w, datatype: float64}
# - {name: PS1_y, datatype: float64}
# - {name: PS1_z, datatype: float64}
# - {name: swift_uvot_B, datatype: float64}
# - {name: swift_uvot_U, datatype: float64}
# - {name: swift_uvot_uvm2, datatype: float64}
# - {name: swift_uvot_uvw1, datatype: float64}
# - {name: swift_uvot_uvw2, datatype: float64}
# - {name: swift_uvot_V, datatype: float64}
# - {name: johnson_B, datatype: float64}
# - {name: johnson_I, datatype: float64}
# - {name: johnson_R, datatype: float64}
# - {name: johnson_U, datatype: float64}
# - {name: johnson_V, datatype: float64}
# - {name: sdss_g, datatype: float64}
# - {name: sdss_i, datatype: float64}
# - {name: sdss_r, datatype: float64}
# - {name: sdss_u, datatype: float64}
# - {name: sdss_z, datatype: float64}
# - {name: ATLAS_c, datatype: float64}
# - {name: ATLAS_o, datatype: float64}
# - {name: ukirt_H, datatype: float64}
# - {name: ukirt_J, datatype: float64}
# - {name: ukirt_K, datatype: float64}
# - {name: Clear, datatype: float64}
# meta: !!omap
# - comment: [kappa = 3.65, type = rprocess, mass = 0.014775890654408853, velocity = 0.061333333333333344, theta_obs = 0.0, tfloor = 1000.0]
# schema: astropy-2.0
time PS1_g PS1_i PS1_r PS1_w PS1_y PS1_z swift_uvot_B swift_uvot_U swift_uvot_uvm2 swift_uvot_uvw1 swift_uvot_uvw2 swift_uvot_V johnson_B johnson_I johnson_R johnson_U johnson_V sdss_g sdss_i sdss_r sdss_u sdss_z ATLAS_c ATLAS_o ukirt_H ukirt_J ukirt_K Clear
[from data line 258]
15.571142284569138 7.232717996432783 -1.5333060317203007 1.8961824970239327 -0.030396359800928252 -5.0062727015973785 -3.610028528053668 10.72609354239163 17.28224379410321 31.05445208445366 13.390194127322488 15.877759446562877 5.212423126115914 9.549935047724794 -3.0696840229770492 -0.12361473694320746 16.269229752177957 4.281358587356528 8.035050162624344 -1.4530370197988773 2.1196668773166216 17.78793045273014 -4.171505211178257 3.8580275449193024 -0.5355557542412903 -9.873247173909403 -7.760782272008251 -11.206636508782742 -2.275953044490109
15.631262525050099 7.346754186974209 -1.458202618554889 1.9866137626597613 0.04614354108420926 -4.948056861654493 -3.5446089963926575 10.855773955528399 17.446472035377756 31.257863111668033 13.506613296214152 16.002703361561338 5.319669219011202 9.67030189770838 -3.0003381114877667 -0.04617738033627883 16.4274234595931 4.380584458431421 8.152520478656662 -1.3776004935301422 2.211778118230825 17.95062475638444 -4.110090243827997 3.9542551223998856 -0.45909897504175845 -9.842599570684134 -7.717687387911896 -11.185031150802851 -2.212958286873441
15.691382765531062 7.460498479659954 -1.3832859131647801 2.076813458676714 0.12248075691854154 -4.889979265440605 -3.4793456243365917 10.985119399720656 17.610282857071002 31.460695760789935 13.622689462158082 16.127313464786162 5.426644697875857 9.7903331751589 -2.9311666615680485 0.03102819817034619 16.585203321275806 4.47952683375972 8.26968731714464 -1.3023528957207908 2.303655714020696 18.112899536678633 -4.048833988387237 4.050232222001231 -0.3828465235980616 -9.81201973683948 -7.674693822467818 -11.163470288403461 -2.1501457875233676
15.751503006012024 7.572134393904655 -1.3096944192946403 2.1653763587432096 0.197452547239223 -4.832884467819891 -3.415208502972771 11.112040970469142 17.770985068364045 31.659580372393226 13.736567600438612 16.249584106918263 5.531651086775439 9.908103653502934 -2.863207725716573 0.10682504100840906 16.739983889112303 4.576628751606687 8.384674495219091 -1.2284384671816362 2.3938650182396515 18.27209059853887 -3.9886361149947547 4.144452928485851 -0.30795959612392565 -9.781871845735386 -7.632382550245696 -11.142160526208558 -2.0884414965221154
15.811623246492985 7.581718837400473 -1.3001099757988044 2.1749608022390277 0.20703699073505888 -4.823300024324073 -3.405624059476935 11.12162541396496 17.78056951185988 31.669164815889037 13.74615204393443 16.25916855041408 5.5412355302712575 9.91768809699877 -2.853623282220755 0.11640948450424493 16.74956833260812 4.586213195102505 8.39425893871491 -1.218854023685818 2.4034494617354696 18.281675042034706 -3.9790516714989366 4.154037371981687 -0.29837515262810754 -9.772287402239568 -7.622798106749878 -11.13257608271274 -2.0788570530262973
15.871743486973948 7.591218386688663 -1.2906104265106144 2.1844603515272176 0.21653654002324885 -4.813800475035883 -3.396124510188745 11.13112496325315 17.79006906114807 31.678664365177237 13.75565159322262 16.26866809970227 5.5507350795594474 9.92718764628696 -2.844123732932565 0.1259090337924349 16.75906788189631 4.595712744390695 8.403758488003117 -1.209354474397628 2.4129490110236596 18.291174591322896 -3.9695521222107466 4.163536921269877 -0.2888756033399176 -9.762787852951378 -7.613298557461688 -11.12307653342455 -2.0693575037381073
15.931863727454909 7.600634128845858 -1.2811946843534194 2.1938760936844304 0.22595228218044383 -4.80438473287867 -3.38670876803155 11.140540705410345 17.799484803305266 31.688080107334432 13.765067335379815 16.278083841859466 5.56015082171666 9.936603388444155 -2.83470799077537 0.13532477594962988 16.768483624053523 4.605128486547907 8.413174230160312 -1.1999387322404331 2.4223647531808545 18.30059033348009 -3.960136380053534 4.172952663427072 -0.2794598611827226 -9.753372110794166 -7.603882815304475 -11.113660791267355 -2.0599417615808946
15.991983967935871 7.609967540054061 -1.2718612731452161 2.2032095048926337 0.23528569338864713 -4.795051321670485 -3.3773753568233467 11.149874116618548 17.80881821451347 31.697413518542636 13.774400746588018 16.28741725306767 5.569484232924846 9.945936799652358 -2.8253745795671668 0.14465818715783318 16.777817035261727 4.614461897756111 8.422507641368515 -1.1906053210322298 2.431698164389058 18.309923744688295 -3.9508029688453483 4.182286074635275 -0.2701264499745193 -9.744038699585962 -7.594549404096272 -11.104327380059152 -2.050608350372709
16.052104208416832 7.619219546167493 -1.2626092670318023 2.2124615110060475 0.24453769950206095 -4.785799315557053 -3.368123350709933 11.159126122731962 17.818070220626883 31.70666552465605 13.783652752701432 16.296669259181083 5.578736239038277 9.955188805765772 -2.816122573453753 0.153910193271247 16.78706904137514 4.6237139038695245 8.431759647481929 -1.1813533149187982 2.4409501705024717 18.31917575080171 -3.9415509627319167 4.191538080748689 -0.2608744438610877 -9.734786693472548 -7.585297397982858 -11.09507537394572 -2.0413563442592775
16.112224448897795 7.6283908475792295 -1.2534379656200656 2.221632812417784 0.25370900091379767 -4.776628014145317 -3.358952049298196 11.168297424143717 17.82724152203862 31.715836826067797 13.792824054113186 16.305840560592838 5.587907540450014 9.964360107177509 -2.8069512720419985 0.16308149468298372 16.796240342786877 4.632885205281261 8.440930948893666 -1.1721820135070615 2.450121471914226 18.328347052213445 -3.93237966132018 4.200709382160426 -0.251703142449351 -9.725615392060812 -7.576126096571121 -11.085904072533983 -2.0321850428475408
16.172344689378757 7.637482831162181 -1.2443459820371139 2.230724796000736 0.2628009844967494 -4.767536030562365 -3.3498600657152444 11.17738940772665 17.83633350562157 31.724928809650752 13.801916037696138 16.31493254417579 5.596999524032966 9.97345209076046 -2.7978592884590645 0.17217347826593543 16.80533232636983 4.641977188864213 8.450022932476617 -1.1630900299241098 2.459213455497178 18.337439035796397 -3.9232876777372283 4.2098013657433775 -0.24261115886639928 -9.71652340847786 -7.5670341129881695 -11.076812088951032 -2.023093059264589
16.23246492985972 7.6464959608449234 -1.2353328523543539 2.239737925683478 0.2718141141795094 -4.758522900879623 -3.3408469360324844 11.18640253740941 17.84534663530433 31.733941939333494 13.81092916737888 16.323945673858532 5.606012653715708 9.98246522044322 -2.7888461587763045 0.18118660794869546 16.81434545605257 4.650990318546955 8.459036062159377 -1.1540769002413676 2.46822658517992 18.346452165479157 -3.914274548054486 4.2188144954261375 -0.23359802918365702 -9.707510278795118 -7.558020983305427 -11.06779895926829 -2.014079929581847
16.29258517034068 7.655432599509933 -1.2263962136893447 2.2486745643484873 0.2807507528445008 -4.749586262214613 -3.3319102973674752 11.19533917607442 17.854283273969322 31.7428785779985 13.81986580604389 16.33288231252354 5.614949292380717 9.99140185910823 -2.7799095201112953 0.19012324661368685 16.82328209471758 4.659926957211964 8.467972700824369 -1.1451402615763584 2.4771632238449293 18.355388804144148 -3.905337909389477 4.227751134091129 -0.22466139051864786 -9.698573640130109 -7.549084344640418 -11.05886232060328 -2.0051432909168376
16.352705410821642 7.664292922856344 -1.2175358903429512 2.2575348876948986 0.2896110761909121 -4.740725938868202 -3.3230499740210817 11.204199499420813 17.863143597315734 31.75173890134491 13.8287261293903 16.341742635869934 5.6238096157271285 10.000262182454623 -2.771049196764902 0.19898356996009814 16.83214241806399 4.668787280558376 8.47683302417078 -1.136279938229947 2.4860235471913406 18.36424912749056 -3.8964775860430656 4.23661145743754 -0.21580106717223657 -9.689713316783697 -7.540224021294007 -11.050001997256869 -1.9962829675704263
16.412825651302605 7.673078052413356 -1.2087507607859216 2.266320017251928 0.2983962057479417 -4.731940809311173 -3.314264844464052 11.212984628977843 17.871928726872763 31.76052403090193 13.837511258947313 16.350527765426964 5.632594745284158 10.009047312011653 -2.762264067207872 0.20776869951712773 16.84092754762102 4.677572410115405 8.48561815372781 -1.1274948086729353 2.4948086767483524 18.37303425704759 -3.8876924564860538 4.24539658699457 -0.20701593761522474 -9.680928187226668 -7.531438891736977 -11.041216867699857 -1.9874978380133967
16.472945891783567 7.6817891331057275 -1.2000396800935498 2.2750310979442823 0.3071072864403135 -4.7232297286188185 -3.3055537637716803 11.221695709670215 17.880639807565135 31.769235111594302 13.846222339639684 16.359238846119336 5.641305825976512 10.017758392704025 -2.7535529865155004 0.21647978020949954 16.849638628313375 4.686283490807777 8.494329234420182 -1.1187837279805635 2.503519757440724 18.38174533773996 -3.878981375793682 4.254107667686942 -0.19830485692285293 -9.672217106534314 -7.522727811044623 -11.032505787007485 -1.9787867573210427
16.53306613226453 7.690427378528959 -1.1914014346703183 2.2836693433675315 0.3157455318635449 -4.714591483195569 -3.296915518348449 11.230333955093446 17.889278052988367 31.777873357017537 13.854860585062916 16.367877091542567 5.649944071399761 10.026396638127256 -2.744914741092269 0.22511802563273098 16.858276873736624 4.6949217362310085 8.502967479843413 -1.110145482557332 2.5121580028639556 18.390383583163192 -3.8703431303704505 4.262745913110173 -0.1896666114996215 -9.663578861111064 -7.514089565621374 -11.023867541584254 -1.9701485118977935
16.59318637274549 7.698993865620043 -1.1828349475792344 2.2922358304585977 0.3243120189546289 -4.706024996104503 -3.288349031257365 11.23890044218453 17.89784454007945 31.786439844108617 13.863427072154 16.37644357863365 5.6585105584908275 10.03496312521834 -2.736348254001185 0.23368451272381496 16.86684336082769 4.7034882233220925 8.511533966934497 -1.101578995466248 2.5207244899550396 18.398950070254276 -3.8617766432793665 4.271312400201257 -0.1811001244085375 -9.65501237401998 -7.505523078530308 -11.01530105449317 -1.9615820248067273
16.65330661322645 7.707489599011197 -1.1743392141880982 2.3007315638497516 0.3328077523457651 -4.697529262713349 -3.2798532978662287 11.247396175575666 17.906340273470587 31.79493557749976 13.871922805545154 16.384939312024805 5.6670062918819815 10.043458858609476 -2.727852520610031 0.24218024611495115 16.875339094218845 4.711983956713229 8.520029700325633 -1.093083262075094 2.5292202233461936 18.407445803645412 -3.8532809098882126 4.279808133592393 -0.17260439101738356 -9.646516640628844 -7.497027345139154 -11.006805321102016 -1.9530862914155733
16.713426853707414 7.715915484516298 -1.165913328682997 2.309157449354853 0.34123363785086624 -4.689103377208248 -3.2714274123611276 11.255822061080767 17.914766158975688 31.803361463004858 13.880348691050237 16.39336519752989 5.675432177387083 10.051884744114577 -2.7194266351049476 0.2506061316200523 16.883764979723946 4.72040984221833 8.528455585830734 -1.084657376569993 2.537646108851277 18.415871689150514 -3.8448550243831114 4.288234019097494 -0.1641785055122824 -9.638090755123743 -7.488601459634053 -10.998379435596915 -1.9446604059104722
16.773547094188377 7.724272473753739 -1.157556339445538 2.317514438592312 0.34959062708832533 -4.680746387970807 -3.2630704231236685 11.264179050318226 17.923123148213147 31.811718452242314 13.888705680287696 16.401722186767348 5.683789166624524 10.060241733352036 -2.7110696458674886 0.2589631208575114 16.892121968961387 4.728766831455789 8.536812575068193 -1.0763003873325516 2.546003098088736 18.424228678387973 -3.83649803514567 4.296591008334953 -0.1558215162748411 -9.629733765886284 -7.480244470396611 -10.990022446359474 -1.9363034166730309
16.83366733466934 7.7325621906874 -1.1492666225118953 2.3258041555259545 0.357880344021968 -4.672456671037146 -3.254780706190026 11.272468767251887 17.93141286514679 31.820008169175967 13.896995397221357 16.410011903701008 5.692078883558184 10.068531450285679 -2.702779928933828 0.26725283779115405 16.900411685895047 4.737056548389432 8.545102292001836 -1.0680106703988912 2.5542928150223965 18.432518395321615 -3.8282083182120097 4.304880725268596 -0.14753179934118066 -9.621444048952641 -7.471954753462951 -10.981732729425813 -1.9280136997393704
16.8937875751503 7.740785359947147 -1.1410434532521307 2.334027324785719 0.3661035132817325 -4.6642335017773995 -3.2465575369302613 11.280691936511634 17.939636034406554 31.828231338435724 13.905218566481103 16.418235072960755 5.700302052817931 10.076754619545444 -2.6945567596740814 0.27547600705091857 16.908634855154794 4.745279717649196 8.5533254612616 -1.0597875011391444 2.5625159842821432 18.44074156458138 -3.819985148952263 4.313103894528361 -0.1393086300814339 -9.613220879692877 -7.463731584203204 -10.973509560166066 -1.9197905304796237
16.95390781563126 7.748942884438481 -1.1328859287607962 2.342184849277036 0.3742610377730493 -4.656075977286065 -3.2384000124389267 11.288849461002968 17.94779355889787 31.83638886292705 13.913376090972438 16.42639259745209 5.708459577309266 10.084912144036778 -2.686399235182747 0.2836335315422531 16.91679237964613 4.753437242140513 8.561482985752917 -1.0516299766478099 2.5706735087734778 18.448899089072697 -3.8118276244609284 4.321261419019677 -0.13115110559009935 -9.60506335520156 -7.45557405971187 -10.965352035674732 -1.9116330059882891
17.014028056112224 7.757035869341813 -1.1247929438574644 2.3502778341803854 0.38235402267639884 -4.647982992382715 -3.230307027535595 11.2969424459063 17.95588654380122 31.84448184783039 13.92146907587577 16.43448558235542 5.716552562212615 10.09300512894011 -2.678306250279415 0.2917265164455849 16.92488536454948 4.761530227043862 8.569575970656267 -1.0435369917444781 2.5787664936768095 18.456992073976046 -3.8037346395575966 4.329354403923027 -0.12305812068676758 -9.59697037029821 -7.44748107480852 -10.9572590507714 -1.9035400210849396
17.074148296593187 7.7650649280446515 -1.1167638851546258 2.3583068928832063 0.3903830813792375 -4.6399539336798945 -3.2222779688327563 11.304971504609139 17.96391560250406 31.85251090653323 13.929498134578608 16.44251464105826 5.724581620915436 10.101034187642949 -2.6702771915765764 0.29975557514842355 16.9329144232523 4.769559285746701 8.577605029359106 -1.0355079330416395 2.586795552379648 18.465021132678885 -3.795705580854758 4.337383462625866 -0.11502906198392893 -9.58894131159539 -7.439452016105699 -10.949229992068561 -1.8955109623821187
17.13426853707415 7.773031879376084 -1.1087969338231929 2.366273844214639 0.3983500327106704 -4.631986982348462 -3.2143110175013234 11.312938455940571 17.971882553835474 31.860477857864655 13.937465085910041 16.450481592389693 5.732548572246869 10.109001138974381 -2.6623102402451435 0.30772252647985643 16.940881374583732 4.777526237078116 8.58557198069052 -1.0275409817102066 2.594762503711081 18.4729880840103 -3.787738629523325 4.345350413957281 -0.10706211065249605 -9.580974360263957 -7.431485064774266 -10.941263040737129 -1.8875440110506858
17.19438877755511 7.780937246518906 -1.100891566680371 2.374179211357479 0.40625539985349235 -4.62408161520564 -3.2064056503585014 11.320843823083393 17.979787920978314 31.86838322500748 13.945370453052863 16.458386959532515 5.740453939389691 10.116906506117203 -2.6544048731023215 0.3156278936226784 16.948786741726554 4.785431604220956 8.59347734783336 -1.0196356145673846 2.602667870853903 18.48089345115314 -3.779833262380503 4.3532557811001205 -0.09915674350967407 -9.573068993121117 -7.4235796976314266 -10.933357673594307 -1.8796386439078638
