web/models/kne/45/mosfit_kn_0.077496_0.4373_3.6500.dat
# %ECSV 1.0
# ---
# datatype:
# - {name: time, datatype: float64}
# - {name: PS1_g, datatype: float64}
# - {name: PS1_i, datatype: float64}
# - {name: PS1_r, datatype: float64}
# - {name: PS1_w, datatype: float64}
# - {name: PS1_y, datatype: float64}
# - {name: PS1_z, datatype: float64}
# - {name: swift_uvot_B, datatype: float64}
# - {name: swift_uvot_U, datatype: float64}
# - {name: swift_uvot_uvm2, datatype: float64}
# - {name: swift_uvot_uvw1, datatype: float64}
# - {name: swift_uvot_uvw2, datatype: float64}
# - {name: swift_uvot_V, datatype: float64}
# - {name: johnson_B, datatype: float64}
# - {name: johnson_I, datatype: float64}
# - {name: johnson_R, datatype: float64}
# - {name: johnson_U, datatype: float64}
# - {name: johnson_V, datatype: float64}
# - {name: sdss_g, datatype: float64}
# - {name: sdss_i, datatype: float64}
# - {name: sdss_r, datatype: float64}
# - {name: sdss_u, datatype: float64}
# - {name: sdss_z, datatype: float64}
# - {name: ATLAS_c, datatype: float64}
# - {name: ATLAS_o, datatype: float64}
# - {name: ukirt_H, datatype: float64}
# - {name: ukirt_J, datatype: float64}
# - {name: ukirt_K, datatype: float64}
# - {name: Clear, datatype: float64}
# meta: !!omap
# - comment: [kappa = 3.65, type = rprocess, mass = 0.07749594937791414, velocity = 0.4373333333333333, theta_obs = 0.0, tfloor = 1000.0]
# schema: astropy-2.0
time PS1_g PS1_i PS1_r PS1_w PS1_y PS1_z swift_uvot_B swift_uvot_U swift_uvot_uvm2 swift_uvot_uvw1 swift_uvot_uvw2 swift_uvot_V johnson_B johnson_I johnson_R johnson_U johnson_V sdss_g sdss_i sdss_r sdss_u sdss_z ATLAS_c ATLAS_o ukirt_H ukirt_J ukirt_K Clear
[from data line 28]
1.7434869739478958 -11.730901311561919 -14.188172286004104 -13.285330991925974 -13.321192409597078 -14.934340472352865 -14.662422208099404 -10.709895431438145 -9.522624022904989 -4.048794534094838 -7.557145498025779 -5.585222656997416 -12.496076530684885 -10.846764749343464 -14.857280152027005 -13.772732999560937 -9.68871460981821 -12.604944919225643 -11.498036089462857 -14.173686906011422 -13.266176203189719 -8.774854388653353 -14.744542855878269 -12.462861839018444 -13.750821176346157 -15.539593570148483 -15.36841827207951 -15.499367401484799 -13.68503083782116
1.8036072144288577 -11.643835710405668 -14.155290692795361 -13.230679747462943 -13.275642237009055 -14.923948870072667 -14.643108123216937 -10.6032368033208 -9.372215324122184 -3.803730639781853 -7.416668768168773 -5.446759341169635 -12.422482207241849 -10.74431875040139 -14.831038272751542 -13.726063767448277 -9.545235174321853 -12.53457198297214 -11.406139153259769 -14.140206257246355 -13.21063253705324 -8.627614184274552 -14.72800077357519 -12.394307445636308 -13.708925866234853 -15.56175091870109 -15.375755327495 -15.531510864785092 -13.651656484779977
1.8637274549098195 -11.556033623524709 -14.121057378338513 -13.174913395368097 -13.229115898486583 -14.911992345143137 -14.622306483152343 -10.496010635534649 -9.221702381542407 -3.5600002873855656 -7.277699436201388 -5.310079202529007 -12.347924237356828 -10.641336779342993 -14.80338906521083 -13.678269320157394 -9.401558046454916 -12.46325432254016 -11.313556832642533 -14.105379914515517 -13.153965800053875 -8.480188354886717 -14.709961203073494 -12.324925710304324 -13.66586604158341 -15.582106215907935 -15.381394433289088 -15.561791973208921 -13.617273636200355
1.9238476953907815 -11.467415436887283 -14.085472295952712 -13.11800080020296 -13.181583407813928 -14.898501404064621 -14.600035937442879 -10.38811078270075 -9.070914859392989 -3.317285554259171 -7.13998389488081 -5.174875658216912 -12.272345854373345 -10.537716965353482 -14.774341392096392 -13.629328321884426 -9.257524194805573 -12.390938601254094 -11.22020256246877 -14.069207016072074 -13.096144118533228 -8.332413368125966 -14.690446216708448 -12.254659336423579 -13.621626017009127 -15.600731469854786 -15.385388850388395 -15.59029527495534 -13.581865265249604
1.9839679358717435 -11.378035396352644 -14.048619318082363 -13.06001473230598 -13.133111353179903 -14.883569964441303 -14.576386659197258 -10.279582844083947 -8.919874509805243 -3.075549008807122 -7.0034578268762 -5.0410363416970085 -12.195811465575083 -10.433505486734663 -14.743981993065837 -13.579316184530558 -9.113160201967407 -12.317689825688339 -11.126128082163103 -14.031771166398528 -13.037240295372357 -8.184314682966942 -14.669546919752783 -12.18356822512808 -13.576282543195592 -15.617732624322823 -15.387839191521806 -15.617130219680176 -13.54550014645703
2.0440881763527052 -11.287896452071084 -14.010544041098711 -13.000984377853495 -13.08372606869165 -14.867259302482765 -14.551413917186622 -10.170416214145039 -8.76853635045908 -2.8346650847148096 -6.867999922269767 -4.90839857350592 -12.11833711689571 -10.328693566275188 -14.712361012908747 -13.528266902439043 -8.96842749249971 -12.243525587869273 -11.031332663744227 -13.993117544909666 -12.977283273005717 -8.035851590728367 -14.647320255456346 -12.111665887987648 -13.529872190053336 -15.63319138280837 -15.388817996175543 -15.64238461352536 -13.508210214817744
2.1042084168336674 -11.196989725379431 -13.971280423489478 -12.940927139545764 -13.033443191772669 -14.849619346314888 -14.525161491137322 -10.060588200495292 -8.61684313079154 -2.5944968840530285 -6.733483663652571 -4.776799909917852 -12.039926791062705 -10.223260583540664 -14.679517061643363 -13.47620295425192 -8.823275167705244 -12.168451594577386 -10.935803722967297 -13.953279686513529 -12.916290148539105 -7.886970945664142 -14.623811760316894 -12.0389545025823 -13.482420108623039 -15.647178754405036 -15.388386804072418 -15.666135789022347 -13.470017203881284
2.164328657314629 -11.105331998159631 -13.930876113855408 -12.879878870198986 -12.982295469084857 -14.830708886211266 -14.497683923146436 -9.9501059909833 -8.464777157852712 -2.354968692235267 -6.599824464281987 -4.646123902538498 -11.960606987855169 -10.117214981662993 -14.645501021342035 -13.42316362798882 -8.677690301709664 -12.09249544393632 -10.839555398316207 -13.912304945434677 -12.854296634463225 -7.737658350456247 -14.599077161318235 -11.965458066832735 -13.433967259217141 -15.659767753086392 -15.386612279453953 -15.688460983596817 -13.430957551110314
2.224448897795591 -11.012875888700862 -13.889333114504439 -12.817822264099288 -12.930266930651548 -14.8105490018302 -14.4689948598859 -9.838905650438445 -8.31223455680746 -2.115888094130532 -6.466864317820402 -4.516185911774894 -11.880344267261613 -10.010495882646072 -14.610320501856002 -13.36913815526674 -8.531576066265718 -12.015626154878161 -10.742535997160836 -13.87019482001115 -12.791284893289863 -7.587814073073833 -14.57313234319411 -11.8911433358757 -13.384506264312002 -15.671005508843848 -15.38352980320747 -15.709415224167314 -13.391023717452732
2.284569138276553 -10.919649081840745 -13.846700645007513 -12.754798404198997 -12.87739534700993 -14.789196455611737 -14.439148209875938 -9.72700840614338 -8.159219182737125 -1.8772188330525656 -6.3345482838724365 -4.386906350725276 -11.799173355892886 -9.90312532543037 -14.574026914813995 -13.314169978532153 -8.38493978926617 -11.937879206781579 -10.644771380348654 -13.826998332844855 -12.727295948169726 -7.437444491638896 -14.54603201437413 -11.816042564362323 -13.334081516518843 -15.68095809572364 -15.37920132781423 -15.729067321943278 -13.350255651413416
2.344689378757515 -10.825621499190596 -13.802987108323812 -12.690800687278827 -12.823674834505265 -14.766674446009631 -14.408161406802638 -9.614371354569144 -8.00565696363929 -1.6388188153838383 -6.20275518873628 -4.2581435571399275 -11.717075087064625 -9.795062876084305 -14.536633026462475 -13.258257702208944 -8.237712963758536 -11.859237437598045 -10.546228119225187 -13.782723498494835 -12.66232277710058 -7.286478837484722 -14.517795373603253 -11.740136573812343 -13.28269413561289 -15.68966883497852 -15.373661116787396 -15.747466696308335 -13.308653973828584
2.4048096192384767 -10.73075147928451 -13.75819100216578 -12.625811887656706 -12.769089988118232 -14.742997115621748 -14.376042468441455 -9.500939240925323 -7.851460050508834 -1.4005304151509206 -6.071356455453962 -4.129751317073168 -11.63401889425532 -9.686256109148722 -14.49814196863236 -13.201389794390074 -8.089813469402067 -11.77967255198199 -10.446861042572984 -13.737368404944323 -12.596347654009268 -7.134832520282117 -14.488432357037873 -11.663395541925965 -13.230335300134115 -15.697173433444199 -15.366935154702617 -15.764655621860085 -13.266210520697417
2.464929859719439 -10.635054836447893 -13.712347127052631 -12.55985958660414 -12.713666435970907 -14.718206098491855 -14.342830409019669 -9.386722014896087 -7.696622988101822 -1.1623148361289664 -5.940301064888374 -4.0016620817610296 -11.550026516425042 -9.576716015429948 -14.458590559351478 -13.143596272454758 -7.941238877976772 -11.699207207319143 -10.346684349388031 -13.690967677211692 -12.529398037017359 -6.982502158141379 -14.457982782564915 -11.585839729480547 -13.177035866694027 -15.703522233553887 -15.359069923639712 -15.780687033074548 -13.222953301669076
2.5250501002004007 -10.53857581373924 -13.665507495643148 -12.492993077518921 -12.657449509760355 -14.692355577737377 -14.308578648369608 -9.271762161723835 -7.541181992957835 -0.9241941079790044 -5.809577460059021 -3.873849207126504 -11.465145398330414 -9.4664851359444 -14.41803143949506 -13.084927103627113 -7.792026998385737 -11.617889025632236 -10.245741672395496 -13.64357327628344 -12.46152330290169 -6.829525419932914 -14.426500276077068 -11.507513881580778 -13.122845655087314 -15.708771303805818 -15.350120744793934 -15.79561747078335 -13.17892744693495
2.5851703406813624 -10.441225744825573 -13.61763395029536 -12.425154215184815 -12.600386732773003 -14.665427725483813 -14.273261314189813 -9.15595325877429 -7.384989487450415 -0.6859359157491012 -5.6790153592456605 -3.746131651316261 -11.379299934491549 -9.355461295163629 -14.37643252327626 -13.02533200164109 -7.642037180658658 -11.535645736286797 -10.143939886808262 -13.595146513673146 -12.392664493192385 -6.675758225087325 -14.393961592800366 -11.42834566112068 -13.067718112414806 -15.712931720130761 -15.340085608484806 -15.809466904798748 -13.134090977064119
2.6452905811623246 -10.342968069047398 -13.568721548699756 -12.35632566328885 -12.542463014920475 -14.637430054272453 -14.236881007590299 -9.039247892264665 -7.227972229333215 -0.4474147908994679 -5.548514215612883 -3.6183984982288773 -11.292462023420981 -9.243599733262332 -14.33379260265908 -12.964798585891383 -7.491200707810563 -11.452451368702635 -10.041239664127346 -13.545682125704328 -12.322803795812067 -6.5211297806663815 -14.360370966631102 -11.348308224866948 -13.011642911137642 -15.71602840326825 -15.328981591935271 -15.82226559584839 -13.0884349435871
2.7054108216432864 -10.24388304026111 -13.518841956635885 -12.28658290301114 -12.483747520957955 -14.608429705823056 -14.199506755246976 -8.921730435987751 -7.070221591510073 -0.20873671890866685 -5.4181193865285415 -3.4906838702120733 -11.204710987919519 -9.130983609931217 -14.290181991913926 -12.903400619901301 -7.339608423149333 -11.368384469105768 -9.937722107074958 -13.49525190553889 -12.252017038231955 -6.365731910837251 -14.325796809773834 -11.26747683143643 -12.954692250455437 -15.718120735720152 -15.316871726394297 -15.834070418827507 -13.042024799041023
2.7655310621242486 -10.143842230048179 -13.467926396490277 -12.215833409071983 -12.424157013245765 -14.578382393221503 -14.161084509651474 -8.803250961907516 -6.9115388265101 0.030394225801335217 -5.287626846606894 -3.3627774244313033 -11.115933102608537 -9.01746866215785 -14.245539280432801 -12.841055522368158 -7.18706957342204 -11.283335708612084 -9.833253485949331 -13.44378643845495 -12.180210574436199 -6.209369532345175 -14.290188369768977 -11.185743503106949 -12.896788164540638 -15.719199954609962 -15.303731125628559 -15.844883629652243 -12.994790797039819
2.8256513026052104 -10.042889088846874 -13.41601966223708 -12.144121748686736 -12.36373265159175 -14.547332726811781 -14.121659005139406 -8.683853189357162 -6.751966466687325 0.26993617768397105 -5.15704456115639 -3.234678625674959 -11.026172982758322 -8.903098584665642 -14.199909231467426 -12.777808042672937 -7.033627370777708 -11.197349823619367 -9.727877198142902 -13.391330532968215 -12.107429061664732 -6.052085991952829 -14.253590393374349 -11.103150680397746 -12.837974758304949 -15.719309549352808 -15.289603891368344 -15.854748301485715 -12.946773175762285
2.885771543086172 -9.940981863364104 -13.363108657643128 -12.071423557793768 -12.30245316548146 -14.51527908347213 -14.081224055359787 -8.563485325349795 -6.591429147844856 0.510009416769301 -5.026280908784013 -3.1062896648457925 -10.935396218308899 -8.787824411250472 -14.153282230199473 -12.71363877064034 -6.8792105339954475 -11.110394669794433 -9.621548972416463 -13.33787080102912 -12.033647617890377 -5.8938079823118805 -14.215998299342019 -11.019665910687078 -12.778234452575195 -15.71846424008125 -15.274497376128053 -15.863684207476377 -12.89795674805367
2.9458917835671343 -9.8381514191224 -13.309227868592526 -11.997772153092221 -12.240349426340433 -14.4822568171662 -14.039814703225364 -8.4421775711746 -6.429953990807213 0.7505905942352671 -4.895334142196077 -2.9776021393333383 -10.843635245169516 -8.67167666367179 -14.105693057664734 -12.648581723231118 -6.7238471277259855 -11.022503071314505 -9.514299412309413 -13.283441716577613 -11.958899574223878 -5.734563478769328 -14.177447312453175 -10.935320080872177 -12.71760083643139 -15.716699935430377 -15.258447334105334 -15.871727369628966 -12.848372235877719
3.006012024048096 -9.7343174775048 -13.254336639811992 -11.923111158021182 -12.177371363595526 -14.448241528337302 -13.997400042575432 -8.319835344093562 -6.267413757815152 0.9918684626298075 -4.764072948167648 -2.8484803904614817 -10.750819423163353 -8.554564959494545 -14.057106002996822 -12.582587637958966 -6.567415344168872 -10.933607689447234 -9.406044724350373 -13.228002208740879 -11.883127743543316 -5.574227698055303 -14.137908837022053 -10.8500466455396 -12.656027474615303 -15.71401591912236 -15.241442322990864 -15.878884448897404 -12.797978746192218
3.066132264529058 -9.629537315003134 -13.19848548402934 -11.847494091131185 -12.113568034049429 -14.413280251616136 -13.954028530889335 -8.196519096104808 -6.103874297258667 1.2337634743199617 -4.632532013878183 -2.718953232886164 -10.657005131951014 -8.436549108379857 -14.007570575123449 -12.515709057108719 -6.409980663453975 -10.843764578980187 -9.296842856684169 -13.171602893987941 -11.806385862464914 -5.412866803925436 -14.097430948869665 -10.76389916913751 -12.593565545487184 -15.71045337959077 -15.223526300774743 -15.885194747441458 -12.746822729336333
3.12625250501002 -9.523733236660785 -13.141633922413618 -11.77086570551154 -12.04889050331996 -14.377347835823855 -13.909668863755638 -8.072137620193722 -5.939213631976106 1.476454115240828 -4.500588654351354 -2.5888944540804846 -10.562123596791164 -8.317542067681995 -13.957050980840517 -12.447897661491034 -6.251426222668741 -10.752908247228275 -9.186612810576147 -13.114202904367769 -11.728617881731846 -5.250361071243574 -14.055984578157776 -10.676813055576151 -12.530169334553012 -15.70600962385139 -15.20468640514732 -15.890662586835587 -12.694864083963111
3.186372745490982 -9.41688600859214 -13.083779878055832 -11.693217251373937 -11.98333179876574 -14.340449017916956 -13.86432304128661 -7.9466657048416165 -5.773392212600328 1.7200036567853667 -4.368191960404886 -2.4582490919617537 -10.466159911057542 -8.197520747469639 -13.905547267868005 -12.379148187407651 -6.0917150786045156 -10.661025543367087 -9.075333857620773 -13.055799998508082 -11.649814683718542 -5.0866722593437075 -14.013572810983241 -10.5887746847697 -12.465834364605985 -15.700699143729523 -15.18493276401065 -15.895305493020507 -12.642099634094563
3.2464929859719436 -9.308969710133432 -13.024916165715918 -11.614534226774165 -11.916879807020138 -14.302584138390628 -13.817988371984882 -7.820070807410949 -5.606361820368324 1.9644860833738926 -4.235285382406779 -2.3269569010210343 -10.369092764572454 -8.076454992607975 -13.853054600370822 -12.30945000557184 -5.930801812892945 -10.568097117885562 -8.962978437777345 -12.996386809080782 -11.569961343092405 -4.92175349295934 -13.970194163845377 -10.49976446238663 -12.400550926655693 -15.69453317317858 -15.164271726182967 -15.899138100772968 -12.588521582961238
3.306613226452906 -9.19996833150119 -12.965041650822187 -11.534809735023668 -11.849529265770773 -14.263757969833986 -13.770667241348917 -7.692331724502984 -5.438088719884853 2.2099543542455686 -4.101826003839051 -2.194971386341947 -10.270909840493296 -7.9543256401904685 -13.799573711067119 -12.238799482843252 -5.768655008017475 -10.474112361252315 -8.849529249375383 -12.935962062824444 -11.489050614223384 -4.7555721827665565 -13.925852024550132 -10.409771317979786 -12.33431594990586 -15.687524997437038 -15.142712780059355 -15.902176352756834 -12.534128074141115
3.3667334669338675 -9.08991095955674 -12.904184889899568 -11.454072791299321 -11.781307062923698 -14.223998395911384 -13.722387797165165 -7.5634782053876135 -5.268602825439377 2.456373376749778 -3.967824976272744 -2.0622999469401324 -10.171640495166471 -7.831162761175342 -13.745133029107468 -12.16722610076496 -5.605304975071938 -10.379101058270093 -8.73501548174156 -12.874554350304503 -11.407111527245188 -4.588158718605246 -13.880574623750412 -10.31882336666742 -12.26715808522897 -15.679701098137816 -15.12028314509056 -15.904446258250127 -12.47894539602914
