web/models/kne/45/mosfit_kn_0.117276_0.3120_3.6500.dat
# %ECSV 1.0
# ---
# datatype:
# - {name: time, datatype: float64}
# - {name: PS1_g, datatype: float64}
# - {name: PS1_i, datatype: float64}
# - {name: PS1_r, datatype: float64}
# - {name: PS1_w, datatype: float64}
# - {name: PS1_y, datatype: float64}
# - {name: PS1_z, datatype: float64}
# - {name: swift_uvot_B, datatype: float64}
# - {name: swift_uvot_U, datatype: float64}
# - {name: swift_uvot_uvm2, datatype: float64}
# - {name: swift_uvot_uvw1, datatype: float64}
# - {name: swift_uvot_uvw2, datatype: float64}
# - {name: swift_uvot_V, datatype: float64}
# - {name: johnson_B, datatype: float64}
# - {name: johnson_I, datatype: float64}
# - {name: johnson_R, datatype: float64}
# - {name: johnson_U, datatype: float64}
# - {name: johnson_V, datatype: float64}
# - {name: sdss_g, datatype: float64}
# - {name: sdss_i, datatype: float64}
# - {name: sdss_r, datatype: float64}
# - {name: sdss_u, datatype: float64}
# - {name: sdss_z, datatype: float64}
# - {name: ATLAS_c, datatype: float64}
# - {name: ATLAS_o, datatype: float64}
# - {name: ukirt_H, datatype: float64}
# - {name: ukirt_J, datatype: float64}
# - {name: ukirt_K, datatype: float64}
# - {name: Clear, datatype: float64}
# meta: !!omap
# - comment: [kappa = 3.65, type = rprocess, mass = 0.11727632184323686, velocity = 0.312, theta_obs = 0.0, tfloor = 1000.0]
# schema: astropy-2.0
time PS1_g PS1_i PS1_r PS1_w PS1_y PS1_z swift_uvot_B swift_uvot_U swift_uvot_uvm2 swift_uvot_uvw1 swift_uvot_uvw2 swift_uvot_V johnson_B johnson_I johnson_R johnson_U johnson_V sdss_g sdss_i sdss_r sdss_u sdss_z ATLAS_c ATLAS_o ukirt_H ukirt_J ukirt_K Clear
[from data line 375]
22.605210420841683 6.646702406784293 -2.2351264064149845 1.2399443716228475 -0.727979439881139 -5.758316454940253 -4.340640490093115 10.18660898334878 16.845553081243683 30.734148385272864 12.81113561331825 15.324152119797901 4.606219099655077 8.982671666382572 -3.788639712836935 -0.818606946111953 15.81455190199194 3.6511967644863246 7.459242508098729 -2.153870454301998 1.4684330311192895 17.34665861141851 -4.914068102115117 3.219020941365489 -1.2333915832442877 -10.707303832855748 -8.557814537366058 -12.06759251332892 -3.0138734836424774
22.665330661322646 6.653500375850321 -2.2283284373489565 1.2467423406888933 -0.7211814708150932 -5.751518485874207 -4.333842521027087 10.193406952414808 16.85235105030973 30.7409463543389 12.817933582384278 15.33095008886393 4.613017068721123 8.989469635448618 -3.781841743770907 -0.8118089770459072 15.821349871057986 3.6579947335523704 7.466040477164775 -2.14707248523597 1.4752310001853175 17.353456580484554 -4.907270133049071 3.225818910431535 -1.2265936141782596 -10.700505863789703 -8.551016568300012 -12.060794544262874 -3.0070755145764316
22.725450901803605 6.660265293648688 -2.2215635195506067 1.253507258487243 -0.7144165530167434 -5.744753568075858 -4.327077603228737 10.200171870213158 16.859115968108078 30.747711272137256 12.824698500182645 15.337715006662297 4.619781986519473 8.996234553246968 -3.7750768259725396 -0.8050440592475574 15.828114788856336 3.66475965135072 7.472805394963125 -2.1403075674376026 1.481995917983685 17.360221498282904 -4.900505215250721 3.2325838282298847 -1.219828696379892 -10.693740945991353 -8.544251650501662 -12.054029626464525 -3.000310596778082
22.785571142284567 6.666997922661242 -2.214830890538053 1.2602398874997967 -0.7076839240041899 -5.738020939063304 -4.320344974216184 10.206904499225711 16.865848597120632 30.75444390114981 12.831431129195199 15.34444763567485 4.6265146155320265 9.002967182259521 -3.768344196959986 -0.7983114302350038 15.83484741786889 3.6714922803632737 7.479538023975678 -2.133574938425049 1.4887285469962386 17.366954127295458 -4.893772586238168 3.239316457242438 -1.2130960673673385 -10.6870083169788 -8.537519021489109 -12.047296997451971 -2.9935779677655283
22.84569138276553 6.673698705087858 -2.208130108111419 1.266940669926413 -0.7009831415775736 -5.731320156636688 -4.31364419178955 10.213605281652345 16.872549379547248 30.761144683576422 12.838131911621815 15.351148418101467 4.633215397958643 9.009667964686155 -3.7616434145333697 -0.7916106478083698 15.841548200295506 3.67819306278989 7.486238806402294 -2.1268741559984328 1.495429329422855 17.373654909722074 -4.887071803811551 3.2460172396690545 -1.2063952849407222 -10.680307534552183 -8.530818239062492 -12.040596215025355 -2.986877185338912
22.905811623246493 6.680368000533594 -2.201460812665683 1.2736099653721666 -0.6943138461318199 -5.724650861190934 -4.306974896343814 10.220274577098081 16.879218674993 30.76781397902217 12.844801207067551 15.357817713547202 4.639884693404379 9.016337260131891 -3.754974119087634 -0.7849413523626338 15.84821749574126 3.6848623582356437 7.492908101848048 -2.120204860552697 1.5020986248685908 17.380324205167828 -4.880402508365815 3.252686535114808 -1.1997259894949863 -10.67363823910643 -8.524148943616739 -12.033926919579619 -2.980207889893176
22.965931863727455 6.687006323371563 -2.1948224898277147 1.2802482882101174 -0.6876755232938692 -5.718012538352983 -4.300336573505845 10.22691289993605 16.885856997830953 30.774452301860126 12.85143952990552 15.364456036385171 4.646523016242347 9.02297558296986 -3.7483357962496653 -0.7783030295246831 15.85485581857921 3.6915006810735944 7.499546424685999 -2.1135665377147284 1.5087369477065593 17.38696252800578 -4.873764185527847 3.259324857952759 -1.1930876666570178 -10.666999916268479 -8.517510620778788 -12.02728859674165 -2.9735695670552076
23.026052104208414 6.693613951331834 -2.1882148618674435 1.2868559161704063 -0.6810678953335803 -5.711404910392712 -4.293728945545574 10.23352052789632 16.89246462579124 30.78105992982041 12.85804715786579 15.371063664345442 4.653130644202618 9.02958321093013 -3.741728168289394 -0.7716954015643942 15.861463446539481 3.6981083090338833 7.506154052646288 -2.106958909754457 1.5153445756668305 17.393570155966067 -4.867156557567576 3.265932485913048 -1.1864800386967467 -10.66039228830819 -8.5109029928185 -12.02068096878138 -2.9669619390949364
23.086172344689377 6.700191061777865 -2.1816377514214302 1.2934330266164196 -0.674490784887567 -5.704827799946681 -4.287151835099543 10.240097638342352 16.899041736237255 30.787637040266436 12.864624268311822 15.377640774791473 4.659707754648649 9.036160321376144 -3.735151057843363 -0.7651182911183809 15.868040556985513 3.7046854194798966 7.512731163092301 -2.100381799308426 1.5219216861128615 17.40014726641208 -4.860579447121545 3.272509596359061 -1.1799029282507156 -10.653815177862176 -8.504325882372486 -12.014103858335348 -2.9603848286489054
23.14629258517034 6.706738278477609 -2.1750905347216865 1.2999802433161634 -0.6679435681878232 -5.698280583246937 -4.280604618399817 10.246644855042078 16.905588952937 30.79418425696618 12.871171485011565 15.384187991491217 4.666254971348393 9.042707538075888 -3.7286038411436193 -0.7585710744186371 15.874587773685256 3.7112326361796404 7.519278379792045 -2.0938345826086824 1.5284689028126053 17.406694483111824 -4.854032230421801 3.279056813058805 -1.1733557115509718 -10.647267961162433 -8.497778665672742 -12.007556641635604 -2.9538376119491616
23.206412825651302 6.713256092134898 -2.168572721064379 1.3064980569734708 -0.6614257545305158 -5.691762769589648 -4.27408680474251 10.253162668699385 16.912106766594306 30.800702070623476 12.877689298668855 15.390705805148507 4.672772785005683 9.049225351733195 -3.7220860274863297 -0.7520532607613297 15.881105587342546 3.717750449836948 7.525796193449352 -2.0873167689513927 1.534986716469895 17.41321229676913 -4.847514416764511 3.2855746267161123 -1.1668378978936822 -10.640750147505125 -8.491260852015435 -12.001038827978315 -2.947319798291872
23.266533066132265 6.719744828322245 -2.1620839848770323 1.3129867931607997 -0.6549370183431691 -5.685274033402301 -4.267598068555163 10.259651404886732 16.918595502781653 30.80719080681082 12.884178034856202 15.397194541335853 4.6792615211930295 9.055714087920542 -3.715597291298983 -0.745564524573983 15.887594323529893 3.7242391860242767 7.532284929636699 -2.080828032764046 1.5414754526572416 17.41970103295648 -4.8410256805771645 3.292063362903459 -1.1603491617063355 -10.634261411317796 -8.484772115828106 -11.994550091790968 -2.9408310621045253
23.326653306613224 6.726204891250749 -2.1556239219485285 1.3194468560893036 -0.6484769554146652 -5.678813970473797 -4.261138005626659 10.266111467815236 16.925055565710156 30.813650869739316 12.890638097784706 15.403654604264357 4.685721584121533 9.062174150849046 -3.709137228370479 -0.7391044616454792 15.894054386458397 3.7306992489527806 7.538744992565185 -2.074367969835542 1.5479355155857455 17.426161095884982 -4.834565617648661 3.298523425831963 -1.1538890987778316 -10.627801348389292 -8.478312052899602 -11.988090028862464 -2.9343709991760214
23.386773547094187 6.732636590896739 -2.149192222302556 1.3258785557352937 -0.6420452557686929 -5.672382270827807 -4.254706305980687 10.272543167461208 16.93148726535613 30.820082569385296 12.897069797430678 15.41008630391033 4.6921532837675235 9.068605850495018 -3.7027055287245068 -0.7326727619995068 15.900486086104387 3.7371309485987707 7.545176692211175 -2.067936270189552 1.5543672152317178 17.432592795530955 -4.8281339180026706 3.3049551254779352 -1.1474573991318415 -10.621369648743302 -8.471880353253612 -11.981658329216474 -2.9279392995300313
23.44689378757515 6.739040252872943 -2.142788560326334 1.3322822177115157 -0.6356415937924709 -5.665978608851585 -4.248302644004465 10.27894682943743 16.93789092733235 30.826486231361518 12.9034734594069 15.416489965886552 4.6985569457437455 9.07500951247124 -3.6963018667482848 -0.7262691000232848 15.906889748080609 3.7435346105749927 7.551580354187397 -2.061532608213348 1.5607708772079398 17.438996457507177 -4.821730256026466 3.3113587874541572 -1.1410537371556373 -10.61496598676708 -8.46547669127739 -11.975254667240252 -2.9215356375538093
23.507014028056112 6.745416126339663 -2.1364126868596323 1.3386580911782175 -0.629265720325769 -5.659602735384883 -4.241926770537763 10.28532270290415 16.944266800799053 30.832862104828227 12.90984933287362 15.422865839353271 4.704932819210447 9.081385385937942 -3.689925993281565 -0.7198932265565829 15.91326562154731 3.7499104840416946 7.557956227654099 -2.055156734746628 1.5671467506746595 17.44537233097388 -4.815354382559747 3.317734660920859 -1.1346778636889177 -10.608590113300378 -8.459100817810688 -11.96887879377355 -2.9151597640871074
23.567134268537075 6.751764754800931 -2.1300640583983643 1.3450067196394855 -0.6229170918645011 -5.653254106923615 -4.235578142076495 10.291671331365418 16.95061542926032 30.839210733289494 12.916197961334888 15.429214467814539 4.711281447671715 9.08773401439921 -3.683577364820297 -0.713544598095315 15.919614250008578 3.7562591125029625 7.564304856115367 -2.0488081062853603 1.5734953791359274 17.451720959435146 -4.809005754098479 3.324083289382127 -1.1283292352276497 -10.60224148483911 -8.45275218934942 -11.962530165312282 -2.9088111356258395
23.627254509018034 6.75808651521308 -2.1237422979861975 1.3513284800516523 -0.6165953314523342 -5.646932346511466 -4.229256381664328 10.297993091777567 16.956937189672487 30.845532493701658 12.922519721747037 15.435536228226688 4.717603208083864 9.094055774811377 -3.677255604408148 -0.7072228376831482 15.925936010420727 3.7625808729151293 7.570626616527534 -2.042486345873211 1.5798171395480765 17.458042719847313 -4.80268399368633 3.330405049794294 -1.1220074748155007 -10.595919724426944 -8.446430428937253 -11.956208404900133 -2.9024893752136904
23.687374749498996 6.764381687612087 -2.1174471255871907 1.357623652450659 -0.6103001590533275 -5.640637174112442 -4.222961209265321 10.304288264176574 16.963232362071494 30.851827666100665 12.928814894146043 15.441831400625695 4.723898380482871 9.100350947210384 -3.6709604320091413 -0.7009276652841414 15.932231182819752 3.768876045314136 7.576921788926541 -2.0361911734742044 1.5861123119470832 17.46433789224632 -4.796388821287323 3.3367002221933006 -1.1157123024164939 -10.589624552027937 -8.440135256538246 -11.949913232501126 -2.8961942028146836
23.74749498997996 6.770650653485415 -2.1111781597138624 1.3638926183239697 -0.6040311931800169 -5.634368208239131 -4.216692243391993 10.310557230049902 16.969501327944805 30.858096631973982 12.935083860019372 15.448100366499023 4.7301673463561995 9.106619913083694 -3.664691466135813 -0.6946586994108308 15.938500148693063 3.7751450111874467 7.583190754799851 -2.029922207600876 1.5923812778204116 17.47060685811963 -4.7901198554139945 3.3429691880666113 -1.1094433365431655 -10.583355586154626 -8.433866290664936 -11.943644266627798 -2.8899252369413553
23.80761523046092 6.776893712419909 -2.104935100779368 1.3701356772584639 -0.5977881342455049 -5.628125149304637 -4.210449184457499 10.316800288984396 16.975744386879317 30.864339690908476 12.941326918953866 15.454343425433517 4.736410405290694 9.112862972018206 -3.658448407201319 -0.6884156404763189 15.944743207627557 3.781388070121941 7.589433813734345 -2.023679148666382 1.5986243367549058 17.476849917054142 -4.7838767964795 3.349212247001123 -1.1032002776086713 -10.577112527220132 -8.427623231730442 -11.937401207693304 -2.883682178006861
23.867735470941884 6.7831110199161415 -2.098717793283136 1.3763529847546963 -0.5915708267492725 -5.6219078418084045 -4.204231876961266 10.323017596480629 16.98196169437555 30.870556998404712 12.947544226450098 15.46056073292975 4.742627712786926 9.119080279514439 -3.6522310997050864 -0.6821983329800865 15.95096051512379 3.7876053776181733 7.595651121230578 -2.0174618411701495 1.6048416442511382 17.483067224550357 -4.777659488983268 3.355429554497338 -1.096982970112439 -10.5708952197239 -8.42140592423421 -11.931183900197071 -2.8774648705106287
23.927855711422843 6.789303042420034 -2.0925257707792433 1.3825450072586065 -0.58537880424538 -5.615715819304512 -4.198039854457374 10.329209618984521 16.98815371687944 30.87674902090861 12.953736248953991 15.466752755433642 4.748819735290819 9.125272302018331 -3.646039077201194 -0.676006310476194 15.9571525376277 3.7937974001220836 7.601843143734488 -2.011269818666257 1.6110336667550307 17.489259247054267 -4.7714674664793755 3.361621577001248 -1.0907909476085464 -10.56470319721999 -8.415213901730299 -11.924991877693179 -2.871272848006736
23.987975951903806 6.795470157055963 -2.0863586561433323 1.3887121218945175 -0.579211689609469 -5.609548704668583 -4.191872739821463 10.335376733620432 16.994320831515353 30.88291613554453 12.95990336358992 15.472919870069553 4.754986849926747 9.131439416654242 -3.639871962565283 -0.669839195840283 15.96331965226361 3.7999645147579946 7.608010258370399 -2.005102704030328 1.6172007813909595 17.49542636169018 -4.765300351843447 3.367788691637159 -1.0846238329726177 -10.558536082584078 -8.409046787094388 -11.91882476305725 -2.8651057333708074
24.04809619238477 6.801612606248693 -2.0802162069506025 1.3948545710872473 -0.5730692404167392 -5.6034062554758535 -4.185730290628733 10.341519182813162 17.000463280708082 30.88905858473726 12.96604581278265 15.479062319262301 4.761129299119477 9.137581865846972 -3.633729513372553 -0.6636967466475532 15.96946210145634 3.8061069639507243 7.614152707563129 -1.9989602548375984 1.6233432305836892 17.501568810882908 -4.759157902650717 3.373931140829889 -1.078481383779888 -10.552393633391349 -8.402904337901658 -11.91268231386452 -2.8589632841780777
24.10821643286573 6.807730758842592 -2.0740980543567034 1.4009727236811464 -0.5669510878228401 -5.597288102881954 -4.179612138034834 10.347637335407061 17.00658143330198 30.895176737331152 12.97216396537653 15.485180471856182 4.767247451713376 9.143700018440871 -3.627611360778654 -0.657578594053654 15.97558025405024 3.8122251165446235 7.620270860157028 -1.9928421022436993 1.6294613831775706 17.507686963476807 -4.753039750056818 3.380049293423788 -1.0723632311859888 -10.54627548079745 -8.396786185307759 -11.906564161270621 -2.8528451315841785
24.168336673346694 6.813824856517456 -2.068003956681821 1.407066821356029 -0.5608569901479576 -5.591194005207072 -4.173518040359951 10.353731433081943 17.012675530976864 30.901270835006034 12.978258063051413 15.491274569531065 4.773341549388259 9.149794116115753 -3.6215172631037715 -0.6514844963787716 15.981674351725122 3.818319214219506 7.62636495783191 -1.9867480045688346 1.635555480852453 17.51378106115169 -4.746945652381935 3.3861433910986705 -1.066269133511124 -10.540181383122567 -8.390692087632877 -11.900470063595757 -2.846751033909296
24.228456913827653 6.819895124057265 -2.0619336891420303 1.4131370888958195 -0.5547867226081671 -5.585123737667281 -4.167447772820161 10.359801700621752 17.018745798516655 30.907341102545832 12.984328330591222 15.497344837070873 4.779411816928049 9.155864383655544 -3.615446995563963 -0.645414228838981 15.987744619264912 3.8243894817592965 7.632435225371701 -1.9806777370290263 1.6416257483922614 17.51985132869148 -4.740875384842145 3.392213658638461 -1.0601988659713157 -10.534111115582776 -8.384621820093086 -11.894399796055948 -2.8406807663695055
