web/models/linear/84/-19_531_0_066.dat
# %ECSV 1.0
# ---
# datatype:
# - {name: time, datatype: float64}
# - {name: sdss_u, datatype: float64}
# - {name: sdss_g, datatype: float64}
# - {name: sdss_r, datatype: float64}
# - {name: sdss_i, datatype: float64}
# - {name: sdss_z, datatype: float64}
# - {name: Clear, datatype: float64}
# - {name: johnson_B, datatype: float64}
# - {name: johnson_V, datatype: float64}
# - {name: johnson_R, datatype: float64}
# - {name: johnson_I, datatype: float64}
# - {name: ukirt_J, datatype: float64}
# - {name: ukirt_H, datatype: float64}
# - {name: ukirt_K, datatype: float64}
# meta: !!omap
# - comment: [M=-19.53061224489796, dM=0.06590750868872473]
# schema: astropy-2.0
time sdss_u sdss_g sdss_r sdss_i sdss_z Clear johnson_B johnson_V johnson_R johnson_I ukirt_J ukirt_H ukirt_K
[from data line 59]
4.447236180904522 -19.237505987664182 -19.237505987664182 -19.237505987664182 -19.237505987664182 -19.237505987664182 -19.237505987664182 -19.237505987664182 -19.237505987664182 -19.237505987664182 -19.237505987664182 -19.237505987664182 -19.237505987664182 -19.237505987664182
4.522613065326633 -19.232538084999206 -19.232538084999206 -19.232538084999206 -19.232538084999206 -19.232538084999206 -19.232538084999206 -19.232538084999206 -19.232538084999206 -19.232538084999206 -19.232538084999206 -19.232538084999206 -19.232538084999206 -19.232538084999206
4.597989949748744 -19.227570182334226 -19.227570182334226 -19.227570182334226 -19.227570182334226 -19.227570182334226 -19.227570182334226 -19.227570182334226 -19.227570182334226 -19.227570182334226 -19.227570182334226 -19.227570182334226 -19.227570182334226 -19.227570182334226
4.673366834170854 -19.222602279669246 -19.222602279669246 -19.222602279669246 -19.222602279669246 -19.222602279669246 -19.222602279669246 -19.222602279669246 -19.222602279669246 -19.222602279669246 -19.222602279669246 -19.222602279669246 -19.222602279669246 -19.222602279669246
4.748743718592964 -19.217634377004266 -19.217634377004266 -19.217634377004266 -19.217634377004266 -19.217634377004266 -19.217634377004266 -19.217634377004266 -19.217634377004266 -19.217634377004266 -19.217634377004266 -19.217634377004266 -19.217634377004266 -19.217634377004266
4.824120603015075 -19.212666474339287 -19.212666474339287 -19.212666474339287 -19.212666474339287 -19.212666474339287 -19.212666474339287 -19.212666474339287 -19.212666474339287 -19.212666474339287 -19.212666474339287 -19.212666474339287 -19.212666474339287 -19.212666474339287
4.899497487437186 -19.207698571674307 -19.207698571674307 -19.207698571674307 -19.207698571674307 -19.207698571674307 -19.207698571674307 -19.207698571674307 -19.207698571674307 -19.207698571674307 -19.207698571674307 -19.207698571674307 -19.207698571674307 -19.207698571674307
4.974874371859296 -19.20273066900933 -19.20273066900933 -19.20273066900933 -19.20273066900933 -19.20273066900933 -19.20273066900933 -19.20273066900933 -19.20273066900933 -19.20273066900933 -19.20273066900933 -19.20273066900933 -19.20273066900933 -19.20273066900933
5.050251256281406 -19.19776276634435 -19.19776276634435 -19.19776276634435 -19.19776276634435 -19.19776276634435 -19.19776276634435 -19.19776276634435 -19.19776276634435 -19.19776276634435 -19.19776276634435 -19.19776276634435 -19.19776276634435 -19.19776276634435
5.125628140703517 -19.19279486367937 -19.19279486367937 -19.19279486367937 -19.19279486367937 -19.19279486367937 -19.19279486367937 -19.19279486367937 -19.19279486367937 -19.19279486367937 -19.19279486367937 -19.19279486367937 -19.19279486367937 -19.19279486367937
5.201005025125628 -19.18782696101439 -19.18782696101439 -19.18782696101439 -19.18782696101439 -19.18782696101439 -19.18782696101439 -19.18782696101439 -19.18782696101439 -19.18782696101439 -19.18782696101439 -19.18782696101439 -19.18782696101439 -19.18782696101439
5.276381909547738 -19.18285905834941 -19.18285905834941 -19.18285905834941 -19.18285905834941 -19.18285905834941 -19.18285905834941 -19.18285905834941 -19.18285905834941 -19.18285905834941 -19.18285905834941 -19.18285905834941 -19.18285905834941 -19.18285905834941
5.351758793969848 -19.17789115568443 -19.17789115568443 -19.17789115568443 -19.17789115568443 -19.17789115568443 -19.17789115568443 -19.17789115568443 -19.17789115568443 -19.17789115568443 -19.17789115568443 -19.17789115568443 -19.17789115568443 -19.17789115568443
5.427135678391959 -19.17292325301945 -19.17292325301945 -19.17292325301945 -19.17292325301945 -19.17292325301945 -19.17292325301945 -19.17292325301945 -19.17292325301945 -19.17292325301945 -19.17292325301945 -19.17292325301945 -19.17292325301945 -19.17292325301945
5.50251256281407 -19.167955350354475 -19.167955350354475 -19.167955350354475 -19.167955350354475 -19.167955350354475 -19.167955350354475 -19.167955350354475 -19.167955350354475 -19.167955350354475 -19.167955350354475 -19.167955350354475 -19.167955350354475 -19.167955350354475
5.57788944723618 -19.162987447689495 -19.162987447689495 -19.162987447689495 -19.162987447689495 -19.162987447689495 -19.162987447689495 -19.162987447689495 -19.162987447689495 -19.162987447689495 -19.162987447689495 -19.162987447689495 -19.162987447689495 -19.162987447689495
5.6532663316582905 -19.158019545024516 -19.158019545024516 -19.158019545024516 -19.158019545024516 -19.158019545024516 -19.158019545024516 -19.158019545024516 -19.158019545024516 -19.158019545024516 -19.158019545024516 -19.158019545024516 -19.158019545024516 -19.158019545024516
5.7286432160804015 -19.153051642359536 -19.153051642359536 -19.153051642359536 -19.153051642359536 -19.153051642359536 -19.153051642359536 -19.153051642359536 -19.153051642359536 -19.153051642359536 -19.153051642359536 -19.153051642359536 -19.153051642359536 -19.153051642359536
5.8040201005025125 -19.148083739694556 -19.148083739694556 -19.148083739694556 -19.148083739694556 -19.148083739694556 -19.148083739694556 -19.148083739694556 -19.148083739694556 -19.148083739694556 -19.148083739694556 -19.148083739694556 -19.148083739694556 -19.148083739694556
5.879396984924623 -19.143115837029576 -19.143115837029576 -19.143115837029576 -19.143115837029576 -19.143115837029576 -19.143115837029576 -19.143115837029576 -19.143115837029576 -19.143115837029576 -19.143115837029576 -19.143115837029576 -19.143115837029576 -19.143115837029576
5.954773869346733 -19.1381479343646 -19.1381479343646 -19.1381479343646 -19.1381479343646 -19.1381479343646 -19.1381479343646 -19.1381479343646 -19.1381479343646 -19.1381479343646 -19.1381479343646 -19.1381479343646 -19.1381479343646 -19.1381479343646
6.030150753768844 -19.13318003169962 -19.13318003169962 -19.13318003169962 -19.13318003169962 -19.13318003169962 -19.13318003169962 -19.13318003169962 -19.13318003169962 -19.13318003169962 -19.13318003169962 -19.13318003169962 -19.13318003169962 -19.13318003169962
6.105527638190955 -19.12821212903464 -19.12821212903464 -19.12821212903464 -19.12821212903464 -19.12821212903464 -19.12821212903464 -19.12821212903464 -19.12821212903464 -19.12821212903464 -19.12821212903464 -19.12821212903464 -19.12821212903464 -19.12821212903464
6.180904522613065 -19.12324422636966 -19.12324422636966 -19.12324422636966 -19.12324422636966 -19.12324422636966 -19.12324422636966 -19.12324422636966 -19.12324422636966 -19.12324422636966 -19.12324422636966 -19.12324422636966 -19.12324422636966 -19.12324422636966
6.256281407035175 -19.11827632370468 -19.11827632370468 -19.11827632370468 -19.11827632370468 -19.11827632370468 -19.11827632370468 -19.11827632370468 -19.11827632370468 -19.11827632370468 -19.11827632370468 -19.11827632370468 -19.11827632370468 -19.11827632370468
6.331658291457286 -19.1133084210397 -19.1133084210397 -19.1133084210397 -19.1133084210397 -19.1133084210397 -19.1133084210397 -19.1133084210397 -19.1133084210397 -19.1133084210397 -19.1133084210397 -19.1133084210397 -19.1133084210397 -19.1133084210397
6.407035175879397 -19.108340518374725 -19.108340518374725 -19.108340518374725 -19.108340518374725 -19.108340518374725 -19.108340518374725 -19.108340518374725 -19.108340518374725 -19.108340518374725 -19.108340518374725 -19.108340518374725 -19.108340518374725 -19.108340518374725
6.482412060301507 -19.103372615709745 -19.103372615709745 -19.103372615709745 -19.103372615709745 -19.103372615709745 -19.103372615709745 -19.103372615709745 -19.103372615709745 -19.103372615709745 -19.103372615709745 -19.103372615709745 -19.103372615709745 -19.103372615709745
6.557788944723617 -19.098404713044765 -19.098404713044765 -19.098404713044765 -19.098404713044765 -19.098404713044765 -19.098404713044765 -19.098404713044765 -19.098404713044765 -19.098404713044765 -19.098404713044765 -19.098404713044765 -19.098404713044765 -19.098404713044765
6.633165829145728 -19.093436810379785 -19.093436810379785 -19.093436810379785 -19.093436810379785 -19.093436810379785 -19.093436810379785 -19.093436810379785 -19.093436810379785 -19.093436810379785 -19.093436810379785 -19.093436810379785 -19.093436810379785 -19.093436810379785
6.708542713567839 -19.088468907714805 -19.088468907714805 -19.088468907714805 -19.088468907714805 -19.088468907714805 -19.088468907714805 -19.088468907714805 -19.088468907714805 -19.088468907714805 -19.088468907714805 -19.088468907714805 -19.088468907714805 -19.088468907714805
6.783919597989949 -19.083501005049825 -19.083501005049825 -19.083501005049825 -19.083501005049825 -19.083501005049825 -19.083501005049825 -19.083501005049825 -19.083501005049825 -19.083501005049825 -19.083501005049825 -19.083501005049825 -19.083501005049825 -19.083501005049825
6.859296482412059 -19.07853310238485 -19.07853310238485 -19.07853310238485 -19.07853310238485 -19.07853310238485 -19.07853310238485 -19.07853310238485 -19.07853310238485 -19.07853310238485 -19.07853310238485 -19.07853310238485 -19.07853310238485 -19.07853310238485
6.93467336683417 -19.07356519971987 -19.07356519971987 -19.07356519971987 -19.07356519971987 -19.07356519971987 -19.07356519971987 -19.07356519971987 -19.07356519971987 -19.07356519971987 -19.07356519971987 -19.07356519971987 -19.07356519971987 -19.07356519971987
7.010050251256281 -19.06859729705489 -19.06859729705489 -19.06859729705489 -19.06859729705489 -19.06859729705489 -19.06859729705489 -19.06859729705489 -19.06859729705489 -19.06859729705489 -19.06859729705489 -19.06859729705489 -19.06859729705489 -19.06859729705489
7.085427135678391 -19.06362939438991 -19.06362939438991 -19.06362939438991 -19.06362939438991 -19.06362939438991 -19.06362939438991 -19.06362939438991 -19.06362939438991 -19.06362939438991 -19.06362939438991 -19.06362939438991 -19.06362939438991 -19.06362939438991
7.160804020100501 -19.05866149172493 -19.05866149172493 -19.05866149172493 -19.05866149172493 -19.05866149172493 -19.05866149172493 -19.05866149172493 -19.05866149172493 -19.05866149172493 -19.05866149172493 -19.05866149172493 -19.05866149172493 -19.05866149172493
7.236180904522612 -19.05369358905995 -19.05369358905995 -19.05369358905995 -19.05369358905995 -19.05369358905995 -19.05369358905995 -19.05369358905995 -19.05369358905995 -19.05369358905995 -19.05369358905995 -19.05369358905995 -19.05369358905995 -19.05369358905995
7.311557788944723 -19.04872568639497 -19.04872568639497 -19.04872568639497 -19.04872568639497 -19.04872568639497 -19.04872568639497 -19.04872568639497 -19.04872568639497 -19.04872568639497 -19.04872568639497 -19.04872568639497 -19.04872568639497 -19.04872568639497
7.3869346733668335 -19.043757783729994 -19.043757783729994 -19.043757783729994 -19.043757783729994 -19.043757783729994 -19.043757783729994 -19.043757783729994 -19.043757783729994 -19.043757783729994 -19.043757783729994 -19.043757783729994 -19.043757783729994 -19.043757783729994
7.462311557788944 -19.038789881065014 -19.038789881065014 -19.038789881065014 -19.038789881065014 -19.038789881065014 -19.038789881065014 -19.038789881065014 -19.038789881065014 -19.038789881065014 -19.038789881065014 -19.038789881065014 -19.038789881065014 -19.038789881065014
7.537688442211055 -19.033821978400034 -19.033821978400034 -19.033821978400034 -19.033821978400034 -19.033821978400034 -19.033821978400034 -19.033821978400034 -19.033821978400034 -19.033821978400034 -19.033821978400034 -19.033821978400034 -19.033821978400034 -19.033821978400034
7.613065326633166 -19.028854075735055 -19.028854075735055 -19.028854075735055 -19.028854075735055 -19.028854075735055 -19.028854075735055 -19.028854075735055 -19.028854075735055 -19.028854075735055 -19.028854075735055 -19.028854075735055 -19.028854075735055 -19.028854075735055
7.688442211055276 -19.023886173070075 -19.023886173070075 -19.023886173070075 -19.023886173070075 -19.023886173070075 -19.023886173070075 -19.023886173070075 -19.023886173070075 -19.023886173070075 -19.023886173070075 -19.023886173070075 -19.023886173070075 -19.023886173070075
7.763819095477386 -19.018918270405095 -19.018918270405095 -19.018918270405095 -19.018918270405095 -19.018918270405095 -19.018918270405095 -19.018918270405095 -19.018918270405095 -19.018918270405095 -19.018918270405095 -19.018918270405095 -19.018918270405095 -19.018918270405095
7.839195979899497 -19.01395036774012 -19.01395036774012 -19.01395036774012 -19.01395036774012 -19.01395036774012 -19.01395036774012 -19.01395036774012 -19.01395036774012 -19.01395036774012 -19.01395036774012 -19.01395036774012 -19.01395036774012 -19.01395036774012
7.914572864321608 -19.00898246507514 -19.00898246507514 -19.00898246507514 -19.00898246507514 -19.00898246507514 -19.00898246507514 -19.00898246507514 -19.00898246507514 -19.00898246507514 -19.00898246507514 -19.00898246507514 -19.00898246507514 -19.00898246507514
7.989949748743718 -19.00401456241016 -19.00401456241016 -19.00401456241016 -19.00401456241016 -19.00401456241016 -19.00401456241016 -19.00401456241016 -19.00401456241016 -19.00401456241016 -19.00401456241016 -19.00401456241016 -19.00401456241016 -19.00401456241016
8.065326633165828 -18.99904665974518 -18.99904665974518 -18.99904665974518 -18.99904665974518 -18.99904665974518 -18.99904665974518 -18.99904665974518 -18.99904665974518 -18.99904665974518 -18.99904665974518 -18.99904665974518 -18.99904665974518 -18.99904665974518
8.140703517587939 -18.9940787570802 -18.9940787570802 -18.9940787570802 -18.9940787570802 -18.9940787570802 -18.9940787570802 -18.9940787570802 -18.9940787570802 -18.9940787570802 -18.9940787570802 -18.9940787570802 -18.9940787570802 -18.9940787570802
8.21608040201005 -18.98911085441522 -18.98911085441522 -18.98911085441522 -18.98911085441522 -18.98911085441522 -18.98911085441522 -18.98911085441522 -18.98911085441522 -18.98911085441522 -18.98911085441522 -18.98911085441522 -18.98911085441522 -18.98911085441522
8.29145728643216 -18.984142951750243 -18.984142951750243 -18.984142951750243 -18.984142951750243 -18.984142951750243 -18.984142951750243 -18.984142951750243 -18.984142951750243 -18.984142951750243 -18.984142951750243 -18.984142951750243 -18.984142951750243 -18.984142951750243
8.36683417085427 -18.979175049085264 -18.979175049085264 -18.979175049085264 -18.979175049085264 -18.979175049085264 -18.979175049085264 -18.979175049085264 -18.979175049085264 -18.979175049085264 -18.979175049085264 -18.979175049085264 -18.979175049085264 -18.979175049085264
8.442211055276381 -18.974207146420284 -18.974207146420284 -18.974207146420284 -18.974207146420284 -18.974207146420284 -18.974207146420284 -18.974207146420284 -18.974207146420284 -18.974207146420284 -18.974207146420284 -18.974207146420284 -18.974207146420284 -18.974207146420284
8.517587939698492 -18.969239243755304 -18.969239243755304 -18.969239243755304 -18.969239243755304 -18.969239243755304 -18.969239243755304 -18.969239243755304 -18.969239243755304 -18.969239243755304 -18.969239243755304 -18.969239243755304 -18.969239243755304 -18.969239243755304
8.592964824120603 -18.964271341090324 -18.964271341090324 -18.964271341090324 -18.964271341090324 -18.964271341090324 -18.964271341090324 -18.964271341090324 -18.964271341090324 -18.964271341090324 -18.964271341090324 -18.964271341090324 -18.964271341090324 -18.964271341090324
8.668341708542712 -18.959303438425344 -18.959303438425344 -18.959303438425344 -18.959303438425344 -18.959303438425344 -18.959303438425344 -18.959303438425344 -18.959303438425344 -18.959303438425344 -18.959303438425344 -18.959303438425344 -18.959303438425344 -18.959303438425344
8.743718592964823 -18.954335535760364 -18.954335535760364 -18.954335535760364 -18.954335535760364 -18.954335535760364 -18.954335535760364 -18.954335535760364 -18.954335535760364 -18.954335535760364 -18.954335535760364 -18.954335535760364 -18.954335535760364 -18.954335535760364
