web/models/kne/52/mosfit_kn_0.095333_0.5000_10.0000.dat
# %ECSV 1.0
# ---
# datatype:
# - {name: time, datatype: float64}
# - {name: PS1_g, datatype: float64}
# - {name: PS1_i, datatype: float64}
# - {name: PS1_r, datatype: float64}
# - {name: PS1_w, datatype: float64}
# - {name: PS1_y, datatype: float64}
# - {name: PS1_z, datatype: float64}
# - {name: swift_uvot_B, datatype: float64}
# - {name: swift_uvot_U, datatype: float64}
# - {name: swift_uvot_uvm2, datatype: float64}
# - {name: swift_uvot_uvw1, datatype: float64}
# - {name: swift_uvot_uvw2, datatype: float64}
# - {name: swift_uvot_V, datatype: float64}
# - {name: johnson_B, datatype: float64}
# - {name: johnson_I, datatype: float64}
# - {name: johnson_R, datatype: float64}
# - {name: johnson_U, datatype: float64}
# - {name: johnson_V, datatype: float64}
# - {name: sdss_g, datatype: float64}
# - {name: sdss_i, datatype: float64}
# - {name: sdss_r, datatype: float64}
# - {name: sdss_u, datatype: float64}
# - {name: sdss_z, datatype: float64}
# - {name: ATLAS_c, datatype: float64}
# - {name: ATLAS_o, datatype: float64}
# - {name: ukirt_H, datatype: float64}
# - {name: ukirt_J, datatype: float64}
# - {name: ukirt_K, datatype: float64}
# - {name: Clear, datatype: float64}
# meta: !!omap
# - comment: [kappa = 10.0, type = rprocess, mass = 0.09533330950298248, velocity = 0.5, theta_obs = 0.0, tfloor = 1000.0]
# schema: astropy-2.0
time PS1_g PS1_i PS1_r PS1_w PS1_y PS1_z swift_uvot_B swift_uvot_U swift_uvot_uvm2 swift_uvot_uvw1 swift_uvot_uvw2 swift_uvot_V johnson_B johnson_I johnson_R johnson_U johnson_V sdss_g sdss_i sdss_r sdss_u sdss_z ATLAS_c ATLAS_o ukirt_H ukirt_J ukirt_K Clear
[from data line 86]
5.2304609218436875 -2.025963817907339 -8.53602033946224 -6.001167596012227 -7.144067160381731 -11.026563870055188 -10.044501291594301 0.5613861265374787 5.138521853087354 16.496377182302876 3.888810830990917 5.959454004708938 -3.643878235755527 -0.12554458886766923 -9.745257039978778 -7.334737953306061 4.453773415434597 -4.171490739349683 -1.4258443056332837 -8.477121646785495 -5.869282154772613 5.724340787194873 -10.396630039902437 -4.384796437059517 -7.647056518057251 -14.307439934719637 -12.914176338284038 -15.121085848483807 -8.635863222242826
5.290581162324649 -1.9001779042461031 -8.458500468271577 -5.904367667532409 -7.063431336269499 -10.970111979191195 -9.979270321844389 0.7064961850794205 5.32541413778759 16.73912824830486 4.022592149629585 6.10008141321687 -3.5269786261800045 0.010267311057919393 -9.67458472675138 -7.251128916291123 4.634063655099403 -4.061931258737325 -1.2956812220576452 -8.399106752836829 -5.770673892350455 5.909645870641338 -10.3354172790187 -4.280300180892489 -7.566440521580162 -14.28457980820143 -12.876021384069992 -15.109202309327115 -8.570635968482243
5.350701402805611 -1.7738058092289677 -8.380478922557284 -5.8070384550840615 -6.982329752606109 -10.913194918611655 -9.913554363234738 0.8522316613869918 5.513033279894284 16.98245721207703 4.156819460948 6.241279889317287 -3.4094915494836657 0.1466314706153466 -9.603430241333363 -7.16708366486903 4.815052097212938 -3.9518545981761273 -1.164925824170453 -8.320590739590763 -5.671525044571695 6.095672367191032 -10.273746423881462 -4.175280395419065 -7.48535780680907 -14.261333920885109 -12.83744714461905 -15.09696147616049 -8.505005157951722
5.410821643286573 -1.6468827457735102 -8.301981875699234 -5.709209790309231 -6.900788645284557 -10.855834758987921 -9.84737717922366 0.9985535132622203 5.701332291961485 17.226310169250333 4.291457698802539 6.383012090804701 -3.291450839636963 0.28351069662622636 -9.531818445349238 -7.082629619300705 4.99669277488773 -3.8412934715515386 -1.033614202463582 -8.241599898070273 -5.5718658489126405 6.2823733262363035 -10.211640607606096 -4.069767948197427 -7.403834834353447 -14.237717699260111 -12.79847210616724 -15.08437652072059 -8.438994022094786
5.4709418837675345 -1.519510055102078 -8.223080398527909 -5.610964866857184 -6.818880432350287 -10.798089204671957 -9.780802037902134 1.1453480613829015 5.890171103448747 17.470516132528854 4.426402491223733 6.525168086291991 -3.1729525861409273 0.42079738221891433 -9.459816068883804 -6.997841593509844 5.1788495847740705 -3.7303394848577094 -0.9018504976452846 -8.162205631170405 -5.4717807192592005 6.469609422046538 -10.149160654944609 -3.9638504179011136 -7.321944231403492 -14.213767385575922 -12.759142310401595 -15.071476583909307 -8.372665117963614
5.531062124248497 -1.3914969185644033 -8.1436468882581 -5.512150897516932 -6.736473081938978 -10.73985809167267 -9.713717306987562 1.2928312502310646 6.0798203663046735 17.715421542403625 4.561856163880691 6.667958577993641 -3.0538178266686993 0.5586951883410014 -9.387304477705023 -6.912584395879027 5.361784254693916 -3.618823762308378 -0.7694382224091179 -8.082279718277068 -5.371114536875794 6.657648962083247 -10.086200396560532 -3.857364617942256 -7.239554200645841 -14.18942654643917 -12.71938145559506 -15.058219449565085 -8.305906615370802
5.591182364729459 -1.2628979932959972 -8.063720534390235 -5.412813292865817 -6.6536062871534085 -10.681173706828826 -9.646158132526761 1.4409420292399033 6.270205515784522 17.960937487758702 4.697763099037662 6.8113247285700815 -2.934098649109516 0.6971461543262298 -9.31432063910811 -6.82689926197287 5.5454241252063134 -3.506796295378664 -0.6364334953571138 -8.001861532723868 -5.269913359584475 6.846417637640325 -10.022793817056037 -3.750358041102899 -7.156704632908042 -14.164716365370944 -12.679215812795393 -15.044622592277806 -8.238753160122965
5.651302605210421 -1.1338093643332137 -7.983368656834031 -5.313030884548731 -6.570348614747843 -10.62209066762792 -9.578184422327709 1.5895725842830977 6.461193624495056 18.20690203377024 4.83402449850411 6.95516228362521 -2.8138861683920995 0.8360482936911635 -9.240927741736453 -6.740856994598794 5.729640049861658 -3.3943439002933724 -0.5029350639622088 -7.921018710080698 -5.168257189251886 7.035783227815244 -9.958998494388371 -3.6429136725425337 -7.073464280629089 -14.139671045873515 -12.638688903027047 -15.030713458169876 -8.171263921410663
5.7114228456913825 -1.0040371995398978 -7.902461362679478 -5.212648332855014 -6.48656591565981 -10.562506836478 -9.50968241511907 1.7389421947105077 6.653059439030393 18.453665391208492 4.970845052031816 7.099684924072701 -2.6929984574101278 0.9756081854744421 -9.167005001996717 -6.654320388542055 5.914697668420857 -3.281295137466011 -0.36874337159407133 -7.839620740009963 -5.06598828914079 7.226018100062301 -9.894706295449627 -3.5348657657361393 -6.989699206127451 -14.11423279331492 -12.597722795762357 -15.016448683711017 -8.103325364013312
5.771543086172344 -0.8736894786474281 -7.821073940386611 -5.111754004323448 -6.402334999369881 -10.502483088802741 -9.440718988438608 1.8889295858183608 6.845653174158581 18.70104418151804 5.108113374443821 7.244775249045659 -2.5715377969302837 1.1157111315197417 -9.09262302215976 -6.567368715721352 6.1004515134059005 -3.167747403016887 -0.23396941766025137 -7.757743267412263 -4.963196342418179 7.416973308166668 -9.829981447536156 -3.426307481740878 -6.905486389027491 -14.088439347482902 -12.55636578647241 -15.001858364038066 -8.035003657584081
5.831663326653306 -0.7427848354682531 -7.7392208766652 -5.010364077712026 -6.317670152778092 -10.44203195773651 -9.37130747245222 2.0395142740800134 7.038950623506697 18.949012948036174 5.245811716943081 7.390413849534006 -2.449522328795706 1.25633756654938 -9.017795673887552 -6.480017056986463 6.286877744096529 -3.0537184588569106 -0.09863227200339608 -7.675400846917153 -4.859897752578739 7.608624539647195 -9.764837064972216 -3.3172553010787986 -6.820840289451358 -14.062300032417275 -12.514628688848289 -14.98695069751255 -7.966311663428485
5.891783567134269 -0.6112543397332537 -7.656857036846816 -4.908423982440286 -6.232524463385385 -10.38111854786969 -9.301408661757247 2.1907745553347526 7.233050702604125 19.19770039096554 5.384013693087013 7.536677240862911 -2.3268876861827907 1.39756100757031 -8.942481213429573 -6.392217770175564 6.474071720461925 -2.939148134950604 0.037339083304761544 -7.59254813385045 -4.756037083347504 7.801069666124665 -9.699236168135847 -3.2076506033128993 -6.735714172495726 -14.035796301446391 -12.47248555562235 -14.971712415608847 -7.8972101605634215
5.95190380761523 -0.479136926963033 -7.574010612503095 -4.805966230272851 -6.146926335679996 -10.31976622137936 -9.231047916705712 2.342667004924274 7.427900532052458 19.447044881909555 5.52268024344837 7.683523678016325 -2.2036711054150553 1.5393402576222888 -8.866706277382434 -6.304000416293268 6.6619818450734485 -2.8240722480924214 0.17390467856554181 -7.509213454670078 -4.651647324199839 7.994255924851039 -9.633203342378973 -3.0975272532824505 -6.650136600812431 -14.00894371043236 -12.429955522286507 -14.956156446502076 -7.827724004208232
6.012024048096192 -0.34641120483609456 -7.490668705836416 -4.702974582396902 -6.060862003866561 -10.257965645946925 -9.160214386318195 2.4952162486478615 7.623532045275816 19.697090943727225 5.661835235397064 7.830977492916148 -2.0798529737531384 1.681698241631487 -8.790459172006432 -6.215351339425397 6.850638631517796 -2.7084729244412182 0.3110866090019826 -7.425383855374417 -4.546711962566619 8.188214719911873 -9.56672864584089 -2.9868673722333483 -6.564093968411324 -13.981738588845685 -12.387032376009051 -14.940280902243613 -7.757842160994972
6.072144288577154 -0.21296771407085302 -7.406758432269758 -4.599361648329587 -5.974256225300998 -10.19565974960507 -9.088844337247597 2.6485462579978405 7.8201010558666795 19.948037607082455 5.801594056250945 7.9791593949119 -1.9553306551640517 1.8247513555006163 -8.713672261813958 -6.12619398761541 7.040192480435461 -2.5922540286674662 0.4489975668727375 -7.3409861205178295 -4.441142218668794 8.383100378034385 -9.499751765446423 -2.875577596467771 -6.477511200702573 -13.954149225264343 -12.343672916791649 -14.924062308235138 -7.687501374063501
6.132264529058116 -0.07890606887878349 -7.322349137504087 -4.495208860111397 -5.887179660391926 -10.132904535861549 -9.016999339332816 2.8025450994436953 8.017469143962774 20.199716104336527 5.941854380097791 8.127961089539216 -1.8301985358155306 1.968393912350251 -8.636410535328178 -6.036601181873469 7.2305090098886 -2.475505294924198 0.5875351397038031 -7.2560899243984345 -4.335020770142659 8.578775260571856 -9.432331782914734 -2.763743761632753 -6.390459090731522 -13.926210151659964 -12.299921463530248 -14.90752809632159 -7.616762371647354
6.192384769539078 0.05586131523426019 -7.237382726294932 -4.39044644112462 -5.799572298576532 -10.069654631270755 -8.944628647731161 2.957312032834566 8.215761258652083 20.452286529998563 6.08270863168098 8.27747923397705 -1.7043745585175543 2.1127189943657814 -8.558620137722095 -5.946512006590752 7.42170873456616 -2.358150062548085 0.7267895015061576 -7.1706369133598 -4.228276722189257 8.775363065135195 -9.364420777847489 -2.6512912446661296 -6.302877783851528 -13.89789641584702 -12.255743821881955 -14.89065993681537 -7.545574852145087
6.25250501002004 0.19131607405782347 -7.151873167124929 -4.285090154912279 -5.7114480382415245 -10.005921948204293 -8.871745003760374 3.1128267666687295 8.414953214355645 20.7057226512798 6.224138977776956 8.427694447221793 -1.5778765124180196 2.2577071685578214 -8.480314404599369 -5.855941189358316 7.613767835645653 -2.240205833162052 0.8667418208899669 -7.084641131013125 -4.12092605995916 8.972839507601176 -9.29603131091767 -2.538236217155063 -6.2147813135366015 -13.869216602869779 -12.21115012174568 -14.873465259353383 -7.473951295401573
6.312625250501002 0.32742191002782306 -7.065846604667474 -4.179170223668631 -5.622833239378497 -9.941728067708606 -8.798371873827353 3.269048763996424 8.614995528066576 20.959966785878525 6.366109039288723 8.578567723654121 -1.4507390943928058 2.4033200035407414 -8.401518013484257 -5.764916168354753 7.806638031511255 -2.1217059952419577 1.0073548153615874 -6.998128852358505 -4.01299946185766 9.171155208814081 -9.227186138981853 -2.424610192753125 -6.126196165797886 -13.840184918543963 -12.166157949122505 -14.855955787914128 -7.401914722975924
6.372745490981964 0.4642876122413675 -6.979230369042924 -4.0725996760432 -5.5336530766974334 -9.877015928981834 -8.724445598562589 3.426101164174441 8.816042893160656 21.21521540099071 6.508732878434689 8.730218763933554 -1.3228601945068632 2.5496729155365077 -8.32216351167257 -5.673360983647531 8.000468580393363 -2.002555143245208 1.1487404515541222 -6.9110270901926185 -3.904408555715193 9.370463368157296 -9.157825089841527 -2.3103203819010787 -6.037047664969588 -13.810769425219698 -12.120723996120224 -14.838107753591101 -7.3294023076793735
6.432865731462925 0.6018345908996814 -6.892079323368794 -3.9654428442619505 -5.443963348839418 -9.811829915256247 -8.650014932058436 3.583895689532274 9.01798621328684 21.47133641927098 6.6519301933553265 8.882562239895574 -1.1943143658721425 2.6966825926660003 -8.242302338295257 -5.581333164742735 8.195153525576131 -1.8828242032386353 1.2908179306557699 -6.823390970667127 -3.7952186727410364 9.570655460488418 -9.087994992047115 -2.195434509064551 -5.947391719009225 -13.780997608542085 -12.074883450673804 -14.819943041517172 -7.256462030982664
6.492985971943887 0.7401404536118683 -6.804341945690844 -3.85763789691012 -5.353710947752202 -9.746129737753257 -8.575034819934686 3.7425202732748177 9.220936226299834 21.728471221106368 6.795782525944372 9.035683653847638 -1.065028866501543 2.8444313011012095 -8.161886749807518 -5.488778995904629 8.390799580178328 -1.7624454913523 1.4336671296273273 -6.735168754780112 -3.6853669748914264 9.771841067668934 -9.017653404761319 -2.0798864928944205 -5.85717535729076 -13.750847280425694 -12.028605944948277 -14.801445333912644 -7.1830495091911395
6.55310621242485 0.8791393117338409 -6.716064392642149 -3.7492388663749665 -5.262942746500734 -9.67995281860885 -8.499546323906753 3.9019009451264255 9.42480161958132 21.986509912887954 6.940222819990094 9.189511561211333 -0.935066270037013 2.9928492247653575 -8.080960051993948 -5.39574684918436 8.587318011803998 -1.6414786096793652 1.5772203100976512 -6.6464068228516915 -3.574908338751328 9.973929315734384 -8.94683981671868 -1.9637331428520532 -5.766445554729529 -13.720341764048454 -11.981921231116795 -14.782633271052033 -7.109205104626728
6.613226452905812 1.0189402919760582 -6.627173600598901 -3.640158429363538 -5.171583661499977 -9.613241672031947 -8.423485354061402 4.0621611720754816 9.629737450783828 22.245648546060114 7.085365021213743 9.344165838457187 -0.8043240746558603 3.142051925914369 -7.9994544169320845 -5.302160644089978 8.784858376112819 -1.519827983177817 1.7215897579214356 -6.5570318024269625 -3.463754020175216 10.177073746199596 -8.875493710359397 -1.8468813860847 -5.6751273678196945 -13.689448715501447 -11.93478559561308 -14.763482690232815 -7.034865842001015
6.673346693386773 1.1595072863762113 -6.537695380581514 -3.530426530556845 -5.079659778117289 -9.54601748592399 -8.346875002788092 4.223260559033663 9.835694265770858 22.505829047463738 7.2311728126758545 9.499607552857775 -0.6728367485828571 3.2920011003571896 -7.917394176119173 -5.208047554057569 8.983372422019833 -1.3975268163166252 1.8667383591826336 -6.4670696396553495 -3.3519344230561465 10.3812250096078 -8.803637490782563 -1.7293625139951807 -5.583246984122976 -13.658181867749926 -11.887216187398389 -14.744004821022168 -6.96005446392153
6.733466933867735 1.3007899949875679 -6.447665190518528 -3.4200845552504866 -4.987207016917772 -9.478309119696142 -8.26974687202231 4.385142691987846 10.042602573118202 22.76696863871466 7.3775953438261865 9.655782282301853 -0.5406521553549951 3.44264347316718 -7.834812641232239 -5.113444730063013 9.182792544946075 -1.2746208296259784 2.0126144022635195 -6.376555968926105 -3.2394915850170136 10.58631388794291 -8.731301629071346 -1.6112199425121432 -5.49084041621132 -13.626559413166406 -11.839236067406718 -14.724214298922094 -6.884801993942968
6.793587174348697 1.442918861740754 -6.356995337908984 -3.309027915380778 -4.894135441995573 -9.41004736514019 -8.192023908727819 4.5479550503764345 10.250647380698581 23.02929989026914 7.524768234576946 9.812833064527982 -0.4076476336599136 3.5941170098057067 -7.751628347050118 -5.0182610655158415 9.383297215181006 -1.1509956754151294 2.1593520786236198 -6.28540273211085 -3.1263192073882706 10.79252361433877 -8.658413339344051 -1.4923423564543548 -5.397817869532702 -13.594542033436861 -11.790792402415116 -14.704081547523218 -6.809032943901112
6.853707414829659 1.585771374322782 -6.265770418632215 -3.1973562747471007 -4.800531200533946 -9.341300172878952 -8.113781046481368 4.71155973568444 10.459657431545555 23.292613843119984 7.6725661406921475 9.970626557738168 -0.27393916569756344 3.7462920259654413 -7.667920388671795 -4.92258488382807 9.584720438595678 -1.0267610047022988 2.3068253948320816 -6.193694919351671 -3.0125185550310185 10.999684026361596 -8.585044266647337 -1.3728349654839356 -5.304265554500134 -13.562170764088231 -11.741938459924677 -14.683638718938761 -6.732820816170406
