web/models/kne/52/mosfit_kn_0.002817_0.3747_10.0000.dat
# %ECSV 1.0
# ---
# datatype:
# - {name: time, datatype: float64}
# - {name: PS1_g, datatype: float64}
# - {name: PS1_i, datatype: float64}
# - {name: PS1_r, datatype: float64}
# - {name: PS1_w, datatype: float64}
# - {name: PS1_y, datatype: float64}
# - {name: PS1_z, datatype: float64}
# - {name: swift_uvot_B, datatype: float64}
# - {name: swift_uvot_U, datatype: float64}
# - {name: swift_uvot_uvm2, datatype: float64}
# - {name: swift_uvot_uvw1, datatype: float64}
# - {name: swift_uvot_uvw2, datatype: float64}
# - {name: swift_uvot_V, datatype: float64}
# - {name: johnson_B, datatype: float64}
# - {name: johnson_I, datatype: float64}
# - {name: johnson_R, datatype: float64}
# - {name: johnson_U, datatype: float64}
# - {name: johnson_V, datatype: float64}
# - {name: sdss_g, datatype: float64}
# - {name: sdss_i, datatype: float64}
# - {name: sdss_r, datatype: float64}
# - {name: sdss_u, datatype: float64}
# - {name: sdss_z, datatype: float64}
# - {name: ATLAS_c, datatype: float64}
# - {name: ATLAS_o, datatype: float64}
# - {name: ukirt_H, datatype: float64}
# - {name: ukirt_J, datatype: float64}
# - {name: ukirt_K, datatype: float64}
# - {name: Clear, datatype: float64}
# meta: !!omap
# - comment: [kappa = 10.0, type = rprocess, mass = 0.0028172691138521437, velocity = 0.3746666666666667, theta_obs = 0.0, tfloor = 1000.0]
# schema: astropy-2.0
time PS1_g PS1_i PS1_r PS1_w PS1_y PS1_z swift_uvot_B swift_uvot_U swift_uvot_uvm2 swift_uvot_uvw1 swift_uvot_uvw2 swift_uvot_V johnson_B johnson_I johnson_R johnson_U johnson_V sdss_g sdss_i sdss_r sdss_u sdss_z ATLAS_c ATLAS_o ukirt_H ukirt_J ukirt_K Clear
[from data line 87]
5.290581162324649 9.873019939413474 0.9911911262141793 4.466261904252029 2.4983380927480425 -2.5319989223110717 -1.1143229574639513 13.412926515977944 20.071870613872864 33.96046591790205 16.03745314594743 18.550469652427072 7.832536632284259 12.208989199011754 -0.5623221802077536 2.4077105865172284 19.040869434621122 6.877514297115506 10.68556004072791 1.0724470783271833 4.694750563748471 20.57297614404769 -1.6877505694859352 6.445338473994671 1.9929259493848939 -7.480986300226568 -5.331497004736876 -8.841274980699739 0.2124440489867041
5.350701402805611 9.912006163732201 1.030177350532906 4.505248128570756 2.537324317066769 -2.493012697992345 -1.0753367331452246 13.45191274029667 20.11085683819159 33.99945214222076 16.07643937026614 18.5894558767458 7.871522856602986 12.24797542333048 -0.5233359558890447 2.446696810835955 19.07985565893985 6.916500521434233 10.724546265046637 1.11143330264591 4.73373678806718 20.611962368366417 -1.6487643451672085 6.484324698313397 2.0319121737036028 -7.442000075907841 -5.29251078041815 -8.802288756381012 0.2514302733054308
5.410821643286573 9.950186907864342 1.068358094665065 4.543428872702897 2.5755050611989105 -2.4548319538602037 -1.0371559890130655 13.49009348442883 20.149037582323743 34.03763288635292 16.1146201143983 18.62763662087795 7.909703600735127 12.28615616746264 -0.4851552117568856 2.484877554968114 19.11803640307199 6.954681265566374 10.762727009178779 1.1496140467780513 4.771917532199339 20.65014311249857 -1.6105836010350671 6.522505442445539 2.070092917835762 -7.4038193317757 -5.254330036286008 -8.76410801224887 0.2896110174375721
5.4709418837675345 9.987613749933484 1.1057849367342065 4.580855714772039 2.61293190326807 -2.417405111791062 -0.999729146943924 13.52752032649797 20.18646442439288 34.07505972842206 16.15204695646744 18.665063462947092 7.947130442804268 12.32358300953178 -0.4477283696877441 2.5223043970372556 19.15546324514113 6.992108107635516 10.800153851247938 1.1870408888471928 4.8093443742684805 20.687569954567707 -1.5731567589659257 6.559932284514698 2.1075197599049034 -7.366392489706558 -5.216903194216867 -8.726681170179729 0.3270378595067136
5.531062124248497 10.024336713953463 1.1425079007541683 4.617578678792018 2.6496548672880316 -2.3806821477710827 -0.9630061829239622 13.56424329051795 20.223187388412853 34.111782692442034 16.18876992048742 18.701786426967065 7.983853406824248 12.360305973551743 -0.41100540566776456 2.5590273610572174 19.19218620916111 7.028831071655495 10.8368768152679 1.2237638528671724 4.84606733828846 20.72429291858768 -1.5364337949459461 6.59665524853466 2.144242723924883 -7.329669525686579 -5.180180230196887 -8.68995820615975 0.36376082352669314
5.591182364729459 10.060404961708738 1.1785761485094604 4.653646926547292 2.6857231150433236 -2.3446139000158084 -0.9269379351686702 13.600311538273225 20.259255636168135 34.14785094019731 16.224838168242695 18.737854674722346 8.019921654579523 12.396374221307035 -0.37493715791249027 2.5950956088125094 19.228254456916385 7.064899319410769 10.872945063023192 1.2598321006224467 4.882135586043734 20.76036116634296 -1.5003655471906718 6.632723496289952 2.180310971680157 -7.293601277931304 -5.144111982441613 -8.653889958404475 0.39982907128196743
5.651302605210421 10.095861614082562 1.2140328008832668 4.689103578921117 2.72117976741713 -2.309157247641984 -0.8914812827948637 13.635768190647031 20.29471228854195 34.18330759257113 16.26029482061652 18.773311327096163 8.055378306953347 12.431830873680841 -0.3394805055386838 2.630552261186316 19.26371110929021 7.100355971784594 10.908401715396998 1.2952887529962709 4.9175922384175585 20.795817818716777 -1.4649088948168476 6.668180148663758 2.2157676240539814 -7.25814462555748 -5.108655330067789 -8.618433306030651 0.43528572365579166
5.7114228456913825 10.130748618588079 1.2489198053888018 4.723990583426634 2.7560667719226473 -2.274270243136467 -0.8565942782893288 13.670655195152566 20.32959929304748 34.21819459707665 16.295181825122036 18.808198331601677 8.090265311458865 12.466717878186358 -0.30459350103314886 2.665439265691833 19.298598113795727 7.135242976290111 10.943288719902515 1.330175757501788 4.952479242923076 20.830704823222305 -1.4300218903113304 6.703067153169275 2.2506546285594986 -7.223257621051963 -5.073768325562272 -8.583546301525134 0.47017272816130884
5.771543086172344 10.165104235480218 1.2832754222809406 4.758346200318773 2.790422388814804 -2.239914626244328 -0.8222386613971899 13.705010812044705 20.363954909939615 34.252550213968796 16.329537442014175 18.842553948493826 8.124620928351003 12.501073495078515 -0.27023788414101 2.6997948825839897 19.332953730687866 7.169598593182267 10.977644336794672 1.364531374393927 4.986834859815215 20.86506044011444 -1.3956662734191916 6.737422770061432 2.2850102454516374 -7.188902004159824 -5.039412708670133 -8.549190684632995 0.5045283450534477
5.831663326653306 10.198964136787314 1.3171353235880368 4.792206101625887 2.8242822901219 -2.206054724937214 -0.7883787600900938 13.738870713351801 20.39781481124672 34.28641011527589 16.36339734332127 18.87641384980093 8.158480829658117 12.534933396385611 -0.23637798283391387 2.733654783891086 19.36681363199498 7.203458494489364 11.011504238101768 1.398391275701023 5.020694761122311 20.898920341421547 -1.3618063721120777 6.771282671368528 2.3188701467587336 -7.15504210285271 -5.005552807363019 -8.515330783325881 0.5383882463605616
5.891783567134269 10.232360369929978 1.3505315567307008 4.825602334768533 2.857678523264564 -2.172658491794568 -0.7549825269474297 13.772266946494465 20.43121104438938 34.31980634841856 16.396793576463935 18.909810082943586 8.191877062800764 12.568329629528275 -0.20298174969124982 2.76705101703375 19.400209865137626 7.23685472763201 11.044900471244432 1.431787508843687 5.054090994264975 20.932316574564204 -1.3284101389694314 6.804678904511192 2.3522663799013976 -7.121645869710064 -4.972156574220373 -8.481934550183235 0.5717844795032079
5.95190380761523 10.265323821019052 1.383495007819775 4.858565785857607 2.8906419743536205 -2.1396950407054938 -0.7220190758583556 13.80523039758354 20.464174495478453 34.35276979950762 16.42975702755301 18.94277353403266 8.224840513889838 12.60129308061735 -0.17001829860217565 2.800014468122824 19.4331733162267 7.269818178721084 11.077863922333488 1.4647509599327613 5.087054445354049 20.96528002565328 -1.2954466878803572 6.837642355600249 2.385229830990472 -7.08868241862099 -4.939193123131298 -8.44897109909416 0.604747930592282
6.012024048096192 10.297881726736868 1.416052913537591 4.891123691575441 2.9231998800714543 -2.1071371349876777 -0.6894611701405395 13.837788303301355 20.496732401196276 34.38532770522545 16.462314933270825 18.975331439750477 8.257398419607654 12.633850986335165 -0.13746039288435963 2.83257237384064 19.465731221944523 7.302376084438918 11.110421828051322 1.4973088656505773 5.119612351071865 20.9978379313711 -1.2628887821625412 6.870200261318082 2.417787736708288 -7.056124512903156 -4.906635217413465 -8.416413193376345 0.6373058363100981
6.072144288577154 10.330059931016322 1.448231117817027 4.923301895854877 2.9553780843508903 -2.074958930708224 -0.6572829658611035 13.869966507580791 20.528910605475712 34.41750590950489 16.49449313755028 19.00750964402992 8.289576623887108 12.666029190614601 -0.10528218860492355 2.864750578120076 19.49790942622397 7.334554288718354 11.142600032330758 1.5294870699300311 5.151790555351319 21.030016135650538 -1.2307105778830874 6.902378465597518 2.4499659409877417 -7.02394630862372 -4.874457013134029 -8.38423498909689 0.6694840405895519
6.132264529058116 10.361880765908236 1.4800519527089584 4.955122730746808 2.9871989192428217 -2.0431380958162926 -0.6254621309691721 13.901787342472723 20.560731440367643 34.449326744396814 16.526313972442193 19.039330478921844 8.321397458779039 12.697850025506533 -0.07346135371299223 2.8965714130120075 19.529730261115894 7.366375123610285 11.17442086722269 1.5613079048219447 5.183611390243232 21.06183697054247 -1.1988897429911738 6.93419930048945 2.4817867758796552 -6.992125473731789 -4.842636178242097 -8.352414154204977 0.7013048754814832
6.192384769539078 10.393366225134919 1.5115374119356417 4.986608189973474 3.018684378469505 -2.011652636589627 -0.5939766717424888 13.933272801699406 20.59221689959432 34.4808122036235 16.557799431668876 19.070815938148527 8.352882918005704 12.729335484733216 -0.041975894486308896 2.928056872238691 19.561215720342574 7.397860582836951 11.205906326449373 1.592793364048628 5.215096849469916 21.093322429769145 -1.1674042837644905 6.965684759716133 2.5132722351063386 -6.960640014505123 -4.811150719015432 -8.320928694978294 0.7327903347081488
6.25250501002004 10.424535809379414 1.5427069961801365 5.017777774217986 3.0498539627139998 -1.9804830523451145 -0.562807087497994 13.9644423859439 20.62338648383882 34.511981787867995 16.58896901591337 19.101985522393033 8.384052502250217 12.76050506897771 -0.01080631024181411 2.9592264564831856 19.59238530458707 7.429030167081463 11.237075910693868 1.6239629482931228 5.2462664337144105 21.124492014013647 -1.1362346995199957 6.996854343960628 2.5444418193508334 -6.9294704302606105 -4.779981134770919 -8.2897591107338 0.7639599189526614
6.312625250501002 10.455415047698686 1.573586234499409 5.048657012537241 3.0807332010332544 -1.9496038140258598 -0.5319278491787216 13.995321624263173 20.654265722158087 34.54286102618726 16.619848254232643 19.132864760712284 8.414931740569472 12.791384307296983 0.020072928077458307 2.9901056948024403 19.623264542906334 7.459909405400718 11.267955149013122 1.6548421866123952 5.277145672033683 21.155371252332912 -1.1053554612007233 7.0277335822798825 2.5753210576701058 -6.898591191941356 -4.7491018964516645 -8.258879872414527 0.794839157271916
6.372745490981964 10.486002307451106 1.6041734942518282 5.079244272289678 3.1113204607856915 -1.9190165542734405 -0.5013405894263023 14.025908884015593 20.684852981910502 34.57344828593968 16.650435513985062 19.163452020464714 8.445519000321891 12.821971567049403 0.05066018782987758 3.0206929545548773 19.653851802658764 7.490496665153155 11.29854240876556 1.6854294463648145 5.307732931786102 21.185958512085328 -1.074768201448304 7.05832084203232 2.605908317422525 -6.868003932188919 -4.718514636699227 -8.228292612662107 0.8254264170243353
6.432865731462925 10.516322623367458 1.6344938101681805 5.10956458820603 3.141640776702044 -1.8886962383570705 -0.47102027350995 14.056229199931945 20.715173297826865 34.60376860185604 16.680755829901415 19.193772336381066 8.475839316238261 12.852291882965755 0.08098050374622989 3.0510132704712296 19.684172118575113 7.520816981069507 11.328862724681912 1.7157497622811668 5.3380532477024545 21.21627882800169 -1.0444478855319517 7.088641157948672 2.6362286333388774 -6.8376836162725665 -4.688194320782875 -8.197972296745755 0.8557467329407054
6.492985971943887 10.546389525434048 1.6645607122347528 5.139631490272603 3.171707678768616 -1.8586293362904982 -0.44095337144337776 14.086296101998517 20.745240199893438 34.63383550392261 16.710822731967987 19.22383923844765 8.505906218304833 12.882358785032327 0.11104740581280215 3.081080172537802 19.714239020641685 7.55088388313608 11.358929626748484 1.7458166643477568 5.368120149769027 21.246345730068263 -1.0143809834653617 7.118708060015244 2.6662955354054496 -6.807616714205994 -4.658127418716303 -8.167905394679165 0.8858136350072776
6.55310621242485 10.576215481208333 1.6943866680090558 5.169457446046906 3.201533634542919 -1.8288033805161952 -0.41112741566907474 14.11612205777282 20.77506615566774 34.66366145969691 16.74064868774229 19.25366519422194 8.535732174079136 12.91218474080663 0.14087336158710517 3.110906128312105 19.74406497641599 7.580709838910383 11.388755582522787 1.775642620122042 5.39794610554333 21.276171685842566 -0.9845550276910764 7.148534015789547 2.6961214911797526 -6.777790758431691 -4.628301462942 -8.13807943890488 0.9156395907815806
6.613226452905812 10.605811661316729 1.7239828481174513 5.199053626155283 3.231129814651297 -1.7992072004078175 -0.38153123556067925 14.145718237881216 20.80466233577613 34.6932576398053 16.770244867850685 19.283261374330326 8.565328354187514 12.941780920915026 0.17046954169550066 3.1405023084204826 19.773661156524376 7.61030601901876 11.418351762631165 1.8052388002304376 5.427542285651725 21.305767865950955 -0.9549588475826809 7.178130195897925 2.725717671288148 -6.7481945783233135 -4.598705282833622 -8.108483258796484 0.9452357708899584
6.673346693386773 10.63518856197394 1.7533597487746633 5.228430526812495 3.2605067153085265 -1.7698302997506055 -0.35215433490346726 14.175095138538428 20.83403923643334 34.722634540462515 16.799621768507897 19.31263827498755 8.594705254844726 12.971157821572238 0.19984644235271265 3.1698792090777124 19.803038057181595 7.639682919675972 11.447728663288395 1.8346157008876496 5.456919186308937 21.335144766608167 -0.9255819469254689 7.207507096555155 2.75509457194536 -6.7188176776661015 -4.56932838217641 -8.079106358139272 0.9746126715471704
6.733466933867735 10.664355712773759 1.7825268995744814 5.2575976776123134 3.2896738661083447 -1.7406631489507873 -0.3229871841036491 14.204262289338246 20.863206387233156 34.75180169126233 16.828788919307716 19.341805425787367 8.623872405644544 13.000324972372056 0.22901359315253078 3.1990463598775305 19.832205207981406 7.6688500704757905 11.476895814088195 1.8637828516874677 5.486086337108755 21.36431191740798 -0.8964147961256508 7.236674247354955 2.7842617227451782 -6.689650526866283 -4.540161231376592 -8.049939207339454 1.0037798223469885
6.793587174348697 10.693321925429675 1.8114931122303801 5.28656389026823 3.3186400787642434 -1.7116969362948709 -0.2940209714477504 14.233228501994144 20.892172599889065 34.78076790391824 16.857755131963614 19.370771638443276 8.65283861830046 13.029291185027954 0.2579798058084295 3.228012572533429 19.861171420637312 7.697816283131707 11.505862026744111 1.8927490643433842 5.515052549764654 21.39327813006389 -0.8674485834697343 7.2656404600108715 2.8132279354010947 -6.660684314210367 -4.5111950187206755 -8.020972994683538 1.032746035002905
6.853707414829659 10.722095415880872 1.840266602681595 5.315337380719427 3.3474135692154583 -1.6829234458436737 -0.2652474809965355 14.26200199244536 20.920946090340273 34.809541394369454 16.88652862241483 19.39954512889448 8.681612108751658 13.05806467547917 0.2867532962596444 3.256786062984644 19.889944911088527 7.726589773582922 11.534635517195326 1.9215225547945813 5.543826040215869 21.4220516205151 -0.8386750930185372 7.294413950462086 2.842001425852292 -6.631910823759152 -4.482421528269478 -7.992199504232341 1.061519525454102
6.913827655310621 10.750683515633224 1.8688547024339286 5.343925480471778 3.376001668967792 -1.6543353460913224 -0.23665938124420194 14.29059009219771 20.949534190092614 34.838129494121794 16.91511672216718 19.428133228646825 8.710200208504009 13.086652775231503 0.31534139601199573 3.2853741627369777 19.91853301084087 7.755177873335255 11.56322361694766 1.9501106545469327 5.57241413996822 21.45063972026744 -0.8100869932661858 7.32300205021442 2.870589525604643 -6.603322724006818 -4.453833428517127 -7.963611404479989 1.0901076252064534
6.973947895791583 10.779092982426093 1.8972641692267977 5.3723349472646476 3.404411135760661 -1.6259258792984532 -0.20824991445133278 14.31899955899058 20.977943656885493 34.86653896091466 16.94352618896005 19.45654269543969 8.738609675296878 13.115062242024372 0.3437508628048649 3.313783629529847 19.94694247763374 7.783587340128125 11.591633083740529 1.9785201213398018 5.6008236067610895 21.47904918706032 -0.7816775264733167 7.351411517007289 2.8989989923975124 -6.574913257213949 -4.425423961724258 -7.93520193768712 1.1185170919993226
