web/models/kne/52/mosfit_kn_0.027507_0.2337_10.0000.dat
# %ECSV 1.0
# ---
# datatype:
# - {name: time, datatype: float64}
# - {name: PS1_g, datatype: float64}
# - {name: PS1_i, datatype: float64}
# - {name: PS1_r, datatype: float64}
# - {name: PS1_w, datatype: float64}
# - {name: PS1_y, datatype: float64}
# - {name: PS1_z, datatype: float64}
# - {name: swift_uvot_B, datatype: float64}
# - {name: swift_uvot_U, datatype: float64}
# - {name: swift_uvot_uvm2, datatype: float64}
# - {name: swift_uvot_uvw1, datatype: float64}
# - {name: swift_uvot_uvw2, datatype: float64}
# - {name: swift_uvot_V, datatype: float64}
# - {name: johnson_B, datatype: float64}
# - {name: johnson_I, datatype: float64}
# - {name: johnson_R, datatype: float64}
# - {name: johnson_U, datatype: float64}
# - {name: johnson_V, datatype: float64}
# - {name: sdss_g, datatype: float64}
# - {name: sdss_i, datatype: float64}
# - {name: sdss_r, datatype: float64}
# - {name: sdss_u, datatype: float64}
# - {name: sdss_z, datatype: float64}
# - {name: ATLAS_c, datatype: float64}
# - {name: ATLAS_o, datatype: float64}
# - {name: ukirt_H, datatype: float64}
# - {name: ukirt_J, datatype: float64}
# - {name: ukirt_K, datatype: float64}
# - {name: Clear, datatype: float64}
# meta: !!omap
# - comment: [kappa = 10.0, type = rprocess, mass = 0.027507471329904786, velocity = 0.2336666666666667, theta_obs = 0.0, tfloor = 1000.0]
# schema: astropy-2.0
time PS1_g PS1_i PS1_r PS1_w PS1_y PS1_z swift_uvot_B swift_uvot_U swift_uvot_uvm2 swift_uvot_uvw1 swift_uvot_uvw2 swift_uvot_V johnson_B johnson_I johnson_R johnson_U johnson_V sdss_g sdss_i sdss_r sdss_u sdss_z ATLAS_c ATLAS_o ukirt_H ukirt_J ukirt_K Clear
[from data line 57]
3.4869739478957915 -6.84219975242593 -10.973135880394693 -9.395078119755578 -9.805620929606036 -12.42911317262422 -11.872390932058519 -5.1941063120424955 -2.636812054177451 5.574107809397046 -1.5779624204023608 0.32266704021784465 -7.992285225328158 -5.5001541291553515 -11.85567904749717 -10.169042169418454 -3.0130449215209443 -8.228449180884015 -6.458580888965617 -10.939963724127164 -9.340046172913858 -1.969207711632457 -12.050346506600302 -8.195769733748488 -10.297183145018352 -14.09194327213873 -13.43777540318351 -14.382392703256349 -10.588645334272968
3.5470941883767533 -6.74516648393773 -10.92010768245716 -9.324272766834998 -9.746749585164505 -12.395054640488716 -11.830637778439126 -5.080077787236102 -2.486192313516682 5.790977003368025 -1.462663828575827 0.43780186626839823 -7.9046088948799325 -5.391694705782623 -11.808471240119875 -10.106940061859923 -2.867928026574369 -8.144941391835692 -6.357550988994944 -10.886444213904802 -9.268074268186623 -1.8203092925036835 -12.01140209181931 -8.11627808140754 -10.23896560646465 -14.08687371786735 -13.419443062783374 -14.38655040887612 -10.541833780459093
3.6072144288577155 -6.6477017858527 -10.866557685264056 -9.252983278892692 -9.687451546068395 -12.360445944756808 -11.788341928186163 -4.965632432635526 -2.3352006727253993 6.007767119880822 -1.3473020000552434 0.5531283723140459 -7.816448628142639 -5.282864811291063 -11.760739206456734 -10.044397738955421 -2.722431176021012 -8.060985282396407 -6.256096775432596 -10.832404179307673 -9.195609848032547 -1.6710213881927594 -11.97192426660326 -8.036369827902714 -10.180289641966791 -14.08124175635203 -13.400553692753617 -14.39014917376248 -10.494616567674768
3.6673346693386772 -6.549814674390717 -10.812499185902613 -9.18122135845966 -9.627737670695922 -12.325301858308979 -11.745517586337808 -4.850778132777967 -2.1838416449079823 6.224481085529569 -1.2318732258332328 0.6686499912587576 -7.72781496568981 -5.173672480269239 -11.712496679057491 -9.98142747319869 -2.5765596982998784 -7.976591674213489 -6.154226928870106 -10.777856887092057 -9.122664624037444 -1.5213491661099532 -11.931927445532473 -7.95605465876756 -10.121167453470115 -14.075063862158872 -13.38112306172542 -14.393205886788143 -10.447005018305155
3.727454909819639 -6.45149558368173 -10.757932639820602 -9.108983543813416 -9.567605323069852 -12.289626804842264 -11.702167593914705 -4.735501948091062 -2.0320941264706605 6.44115594526873 -1.1163536409549297 0.7843903010663813 -7.638701052314858 -5.064105691826523 -11.663745317743725 -9.91802755344943 -2.430294019266601 -7.891754570485678 -6.0519310250426805 -10.722802698240415 -9.049234982489587 -1.3712723820965245 -11.89141505839439 -7.875326022993114 -10.061597766561814 -14.06835000503232 -13.361158673170815 -14.395732160708617 -10.398998585014496
3.787575150300601 -6.352782076631414 -10.702889879980138 -9.036304108568753 -9.50708531710486 -12.253449796928244 -11.658322136912478 -4.619844157250031 -1.8800033567785055 6.6577390355612005 -1.000773320263057 0.9003188194831826 -7.549143829300349 -4.954203602891013 -11.614516071395197 -9.854230838374775 -2.2836789291274973 -7.80651024395121 -5.949247199263592 -10.66727352664726 -8.975355470310369 -1.2208365208887706 -11.850416864079385 -7.7942181984825964 -10.0016125029269 -14.061124356869586 -13.340686983520039 -14.397750498181397 -10.350625834077825
3.847695390781563 -6.2535847826164215 -10.647317027975411 -8.963114964344765 -9.446117690407636 -12.216731960263427 -11.613936265372917 -4.50370208703542 -1.72743721235701 6.8744157797754974 -0.8850202134891911 1.0165475509681845 -7.459061913537462 -4.8438678957163575 -11.564759674659026 -9.789976257116965 -2.136587021483447 -7.720780749594842 -5.846082904325787 -10.61121511574406 -8.90095713059285 -1.0699112481759698 -11.808890186509355 -7.712655204206484 -9.941153250834365 -14.053370590982171 -13.319681418413277 -14.399251653398258 -10.301836072082278
3.9078156312625247 -6.15391208884656 -10.591225666260584 -8.889426525384305 -9.384712132131359 -12.17948594937761 -11.569022215339118 -4.3870833208015645 -1.5744007345445075 7.091186428669169 -0.7690933347561564 1.13307728333664 -7.368464859625992 -4.733106325540341 -11.51448803760352 -9.725274751341157 -1.9890240057293807 -7.634575948794919 -5.742446285501419 -10.554639029816677 -8.826050382391113 -0.918502147011413 -11.766847450901405 -7.630645874776967 -9.88023078329876 -14.045102578145448 -13.298155359504483 -14.400249775670789 -10.252639344688337
3.967935871743487 -6.053739838947347 -10.534605199127753 -8.815222840068824 -9.322854966990324 -12.14170673508482 -11.523572707561573 -4.269958850366225 -1.4208536979093187 7.308111582983671 -0.6529558554094268 1.249944805413851 -7.277331813346167 -4.621891479210966 -11.463692283160587 -9.660113067348998 -1.8409516243548052 -7.547876364067105 -5.638312000861543 -10.49753453976546 -8.750618982961171 -0.766569907547705 -11.72428225983598 -7.54817074273582 -9.81883257564034 -14.036323441970529 -13.27610826663946 -14.40075048850021 -10.203025273608848
4.028056112224449 -5.9530828789471535 -10.477471033602157 -8.740519206014294 -9.26056017153778 -12.103409679990591 -11.477603135437047 -4.152343710443392 -1.266810773536786 7.525177908485252 -0.5366152902863592 1.3671423833279985 -7.18567819714161 -4.510238260872693 -11.412387806423052 -9.594506543865801 -1.6923848814251774 -7.460697503205826 -5.533694892606444 -10.439917063844728 -8.674678297651006 -0.6141296201269775 -11.681210039552017 -7.465244106790969 -9.756973568590244 -14.027048090768835 -13.253555321300928 -14.400768450124255 -10.153007520070645
4.0881763527054105 -5.851887422303879 -10.419792106170611 -8.665275502322167 -9.197792707790668 -12.064573280413153 -11.431088110782675 -4.034175648996899 -1.1121907779435067 7.742499891814451 -0.42000308047407797 1.484738838540839 -7.0934553582035 -4.398087362942519 -11.360546508442965 -9.528419776638543 -1.5432457148144363 -7.372993110249372 -5.428539153029597 -10.381755303860789 -8.598187635742356 -0.4611013229186156 -11.637606922279762 -7.381820706763733 -9.694619863286391 -14.017269392303858 -13.230482880753572 -14.400301029985146 -10.102557023907561
4.148296593186372 -5.750201506368118 -10.361605718570761 -8.589533477382503 -9.134589905430825 -12.025229923144884 -11.38406203074867 -3.915507267180188 -0.9570553855176731 7.960000789612526 -0.30316489283997283 1.6026880741481233 -7.000709538662655 -4.285489750461732 -11.308204176043201 -9.461892240827485 -1.393594707143031 -7.284808388466943 -5.322893842437235 -10.323086698378763 -8.521189125792077 -0.3075466737392496 -11.593506600732884 -7.297943491517245 -9.63180956287573 -14.007011814306532 -13.20691909931348 -14.399370059697779 -10.051707668208358
4.208416833667335 -5.6479682404292575 -10.30287825969964 -8.513250236365035 -9.070914292896646 -11.98535582288228 -11.336497109366661 -3.796272951036289 -0.8013195393069237 8.177799430168374 -0.18602994152701013 1.7210612866520028 -6.907389035919381 -4.172382924274384 -11.255330255273314 -9.394885978679028 -1.2433499955361893 -7.196094168345721 -5.21669999671337 -10.26387739603667 -8.44363926948029 -0.15338182928227084 -11.548882875184514 -7.213564423103662 -9.56850624703847 -13.996266416268453 -13.18284830813809 -14.397971262212968 -10.00042820853956
4.268537074148297 -5.545152684896006 -10.243590683222266 -8.43640043163223 -9.006743952812766 -11.944938576720023 -11.288378233766707 -3.6764318899297086 -0.6449291328739191 8.395972697717845 -0.06855265071298033 1.839904442827255 -6.813462529683332 -4.058728246883362 -11.20190777991673 -9.32737911352379 -1.0924597431163474 -7.106820961824789 -5.109921274061158 -10.20410819282267 -8.36551231276788 0.0014463922543761498 -11.503721748040316 -7.12865447084269 -9.504688924721787 -13.985030778889731 -13.158263583373964 -14.39610533254548 -9.948700932582923
4.328657314629258 -5.441811292597301 -10.183785376144936 -8.359032235024202 -8.94212180843624 -11.904014234114157 -11.239744039627002 -3.5560463736455104 -0.48795830871865653 8.61442670270264 0.04921073453640945 1.9591607560876203 -6.718983960683603 -3.944585940501217 -11.147977184375268 -9.259416877546755 -0.9409965758104665 -7.017041355602697 -5.00261545257807 -10.143821649713232 -8.286856896750141 0.1568640061706894 -11.458060941055699 -7.043263696414215 -9.440401172168098 -13.973330876867143 -13.133195570208665 -14.393794920872407 -9.896564426587044
4.38877755511022 -5.337859710217252 -10.123409592263037 -8.281080258614928 -8.876990631307429 -11.862543524406863 -11.190549750822427 -3.435019997737082 -0.33028413101735743 8.833329180016275 0.167359625135735 2.0789306528788534 -6.623875752670892 -3.829864091714445 -11.093489935592721 -9.19094082172884 -0.7888418181086653 -6.926681359085014 -4.894695345085207 -10.082964689732776 -8.207606750513534 0.31299248199548657 -11.411857887873467 -6.957320203820387 -9.375586738796908 -13.961148043418897 -13.107616238408733 -14.391027893215965 -9.843970239080697
4.448897795591182 -5.233355306898773 -10.062506000678226 -8.202593208901394 -8.811393763035493 -11.820562514429334 -11.140834126233248 -3.3134162025364864 -0.17198242058920932 9.052583768372276 0.285836114120404 2.1991556417916205 -6.528192617461664 -3.7146239982696945 -11.038486669519784 -9.121996595566817 -0.6360696917304519 -6.835794280224474 -4.786219703550305 -10.021580163187576 -8.127811065257227 0.46975618952124876 -11.365150398326556 -6.870874741284023 -9.310289564116214 -13.948507882539916 -13.081556038690001 -14.38782640541344 -9.79095722202942
4.509018036072144 -5.128321991666862 -10.001094566616029 -8.123592745667363 -8.74535063469116 -11.778089231878255 -11.090615982592524 -3.1912607614477926 -0.01308231142441918 9.272156267442085 0.40461924598860266 2.3198144489553987 -6.431958008898094 -3.59889079995995 -10.982986765837925 -9.052605089636245 -0.48270908606523155 -6.744403305586581 -4.677212840600529 -9.959688097347499 -8.04749167307559 0.62712580013768 -11.317957067470648 -6.783949017122222 -9.244529748628683 -13.935425170561027 -13.055031294209874 -14.384204098832141 -9.737543386164376
4.569138276553106 -5.022652478976664 -9.939106546847505 -8.043994690204812 -8.678787541616018 -11.735071450984176 -11.03983633154753 -3.068431558364032 0.14657076694376792 9.492255066992175 0.5238322301299729 2.4410318909282727 -6.335072725950355 -3.4825480565073303 -10.92692666275821 -8.9826907761944 -0.3286105866409027 -6.652413731782702 -4.567564003849682 -9.89721934350321 -7.96656327332693 0.7852542105074356 -11.270221648212608 -6.696451229482605 -9.178234496504878 -13.921873102705094 -13.028003633497443 -14.380142268309386 -9.68366595358571
4.629258517034068 -4.916324981476752 -9.876530726454398 -7.963783673906999 -8.611691409863624 -11.691502345611795 -10.988486536895241 -2.944902924545519 0.30701142826574235 9.712929235760136 0.6435033771545666 2.56283688670656 -6.23751737335897 -3.3655717573560513 -10.870296552468368 -8.912240889231324 -0.17374119619137252 -6.55980764112195 -4.457250486405808 -9.834162590546285 -7.8850102037011105 0.9441753588882307 -11.221936335844767 -6.608363543409599 -9.111391413904375 -13.90785150283344 -13.00046989967212 -14.375642805020215 -9.629314757344822
4.68937875751503 -4.809405671612748 -9.813415157922076 -7.883015158879321 -8.544111405966532 -11.647421894250183 -10.936609868884322 -2.820748430158978 0.4681508349408683 9.934065031551405 0.7635641554693078 2.6851600726171267 -6.139354764079521 -3.2480328261149656 -10.813141995187838 -8.841307084962981 -0.01818771320121859 -6.466646075727131 -4.346340155443276 -9.770566110226806 -7.802888514041264 1.1038007298572516 -11.173143222441535 -6.519744123817901 -9.044050166494007 -13.893387627123255 -12.972463226521674 -14.370728788217571 -9.574533514252241
4.749498997995992 -4.701831042119942 -9.749720196254916 -7.801639988385531 -8.476004716067216 -11.602800622044658 -10.884172672951724 -2.6958954485433493 0.6300817818803142 10.155788049912836 0.8840882302060042 2.808076384469992 -6.040526430382987 -3.129862311241624 -10.755426564946184 -8.769845806974274 0.13813934622547885 -6.3728735782972 -4.23476737366391 -9.706390015846349 -7.720148341684165 1.2642219890770434 -11.123810427541176 -6.430538988774508 -8.976168656778967 -13.878467661317194 -12.94396269789077 -14.365391376516373 -9.519286220768244
4.809619238476953 -4.593608667504121 -9.685454072985848 -7.719666235053531 -8.407378828084049 -11.557646853175818 -10.831183217622673 -2.570351552393567 0.7927972914447603 10.378092204272079 1.005070924070957 2.9315812869525684 -5.941040326521681 -3.0110679964836113 -10.697158561331321 -8.697865565158189 0.2952326472362611 -6.278498501729854 -4.122539699880257 -9.641642552605898 -7.636797763280683 1.4254318388199216 -11.073946373781922 -6.340755578089894 -8.907754936382428 -13.863099934091386 -12.914976699844194 -14.359638826693127 -9.463580429422276
4.869739478957916 -4.484704626663838 -9.620596864190265 -7.637068442179977 -8.338211789190026 -11.511946560825148 -10.777625038643652 -2.4440775541561797 0.956348437233441 10.601047523388122 1.1265527161414117 3.0557161938701296 -5.8408655508725476 -2.8916129754790316 -10.63831995286008 -8.625344399045371 0.45314119692128296 -6.183491916460732 -4.009621981980036 -9.57630366460478 -7.552810904710601 1.5874805797906255 -11.02353570795465 -6.250365452565525 -8.838787660585936 -13.847279483749285 -12.885496185493944 -14.35346903159269 -9.407398193996546
4.929859719438878 -4.375126465594814 -9.555156553200916 -7.5538545230741505 -8.268510934687399 -11.465707733327815 -10.723506100544853 -2.317081069481751 1.120728032250771 10.82464737782281 1.2485284837400639 3.1804761650320548 -5.740009962952606 -2.771505083905059 -10.57891876884992 -8.552290660667865 0.6118574729740157 -6.087862099268475 -3.896021770815139 -9.510381352136097 -7.468195683183669 1.7503607203114768 -10.972586549777645 -6.159375971548169 -8.769274688431992 -13.831014195040952 -12.855529146356693 -14.346889772262637 -9.35074689082347
4.98997995991984 -4.264870375616585 -9.489133348378687 -7.470023173663787 -8.198275494467246 -11.418932143160188 -10.668827511477232 -2.189356943871835 1.2859446911563845 11.048905832376029 1.3710053462390985 3.3058687113140164 -5.638470772807829 -2.6507399480527245 -10.518955754506234 -8.478704312787901 0.7713892950995384 -5.99160710742115 -3.7817349367327857 -9.44387580167298 -7.382950684705314 1.9140804501238051 -10.9211004226683 -6.067784653967845 -8.699215774899667 -13.814308176114592 -12.825078681941749 -14.3399058411096 -9.293626856044117
5.050100200400801 -4.153905530937418 -9.422509086555007 -7.385551238626675 -8.127485546396827 -11.371606957341385 -10.613574225167728 -2.060869582820618 1.4520448106939734 11.273886212619036 1.49401961835741 3.431931154249558 -5.536219863024326 -2.529284143951291 -10.458414473028387 -8.404565504650858 0.9317811488497331 -5.894700733174731 -3.666729545526195 -9.376768734484173 -7.297052362971002 2.078685452499176 -10.869063330509974 -5.975565673977119 -8.628591538348296 -13.797156830391033 -12.794136490142092 -14.332515235819317 -9.236021862583588
5.110220440881763 -4.042215446615387 -9.355275196972226 -7.300427068735491 -8.056131266761799 -11.323726873719906 -10.557739569142264 -1.931599597026895 1.619054577752195 11.499625169428974 1.6175917181446846 3.5586846782780914 -5.433242502343252 -2.40711974746246 -10.397287436169258 -8.329864841036915 1.0930579126212048 -5.7971296280026126 -3.5509884370128297 -9.309051516821398 -7.2104888228240505 2.244201366309344 -10.816469322789732 -5.882705574133986 -8.557392656109695 -13.779559893484484 -12.762700063713941 -14.324719255263235 -9.177924406980313
