web/models/kne/52/mosfit_kn_0.006452_0.2493_0.5000.dat
# %ECSV 1.0
# ---
# datatype:
# - {name: time, datatype: float64}
# - {name: PS1_g, datatype: float64}
# - {name: PS1_i, datatype: float64}
# - {name: PS1_r, datatype: float64}
# - {name: PS1_w, datatype: float64}
# - {name: PS1_y, datatype: float64}
# - {name: PS1_z, datatype: float64}
# - {name: swift_uvot_B, datatype: float64}
# - {name: swift_uvot_U, datatype: float64}
# - {name: swift_uvot_uvm2, datatype: float64}
# - {name: swift_uvot_uvw1, datatype: float64}
# - {name: swift_uvot_uvw2, datatype: float64}
# - {name: swift_uvot_V, datatype: float64}
# - {name: johnson_B, datatype: float64}
# - {name: johnson_I, datatype: float64}
# - {name: johnson_R, datatype: float64}
# - {name: johnson_U, datatype: float64}
# - {name: johnson_V, datatype: float64}
# - {name: sdss_g, datatype: float64}
# - {name: sdss_i, datatype: float64}
# - {name: sdss_r, datatype: float64}
# - {name: sdss_u, datatype: float64}
# - {name: sdss_z, datatype: float64}
# - {name: ATLAS_c, datatype: float64}
# - {name: ATLAS_o, datatype: float64}
# - {name: ukirt_H, datatype: float64}
# - {name: ukirt_J, datatype: float64}
# - {name: ukirt_K, datatype: float64}
# - {name: Clear, datatype: float64}
# meta: !!omap
# - comment: [kappa = 0.5, type = rprocess, mass = 0.006451950121499907, velocity = 0.24933333333333338, theta_obs = 0.0, tfloor = 1000.0]
# schema: astropy-2.0
time PS1_g PS1_i PS1_r PS1_w PS1_y PS1_z swift_uvot_B swift_uvot_U swift_uvot_uvm2 swift_uvot_uvw1 swift_uvot_uvw2 swift_uvot_V johnson_B johnson_I johnson_R johnson_U johnson_V sdss_g sdss_i sdss_r sdss_u sdss_z ATLAS_c ATLAS_o ukirt_H ukirt_J ukirt_K Clear
[from data line 116]
7.034068136272545 8.452036389353808 -0.4297924238454698 3.04527835419238 1.0773545426883935 -3.9529824723707208 -2.5353065075236003 11.991942965918295 18.650887063813215 32.53948236784239 14.616469595887764 17.129486102367416 6.41155308222461 10.788005648952105 -1.9833057302674204 0.9867270364575795 17.619885884561473 5.456530747055857 9.264576490668261 -0.3485364717324835 3.273767013688804 19.15199259398804 -3.108734119545602 5.024354923935022 0.5719423993252271 -8.901969850286216 -6.752480554796525 -10.262258530759405 -1.208539501072945
7.0941883767535066 8.471304038167649 -0.4105247750316465 3.0645460030062033 1.0966221915022167 -3.9337148235568975 -2.516038858709777 12.011210614732118 18.67015471262704 32.55875001665621 14.635737244701588 17.14875375118124 6.430820731038433 10.807273297765928 -1.9640380814535972 1.0059946852714028 17.639153533375296 5.47579839586968 9.283844139482085 -0.32926882291864246 3.2930346625026274 19.171260242801864 -3.089466470731761 5.043622572748845 0.5912100481390681 -8.882702201472393 -6.733212905982702 -10.242990881945564 -1.1892718522591217
7.154308617234468 8.490420607604818 -0.391408205594459 3.083662572443373 1.1157387609394043 -3.9145982541197277 -2.4969222892725895 12.030327184169305 18.689271282064208 32.577866586093386 14.654853814138775 17.167870320618427 6.449937300475603 10.826389867203115 -1.9449215120164096 1.0251112547085903 17.658270102812466 5.49491496530685 9.302960708919255 -0.3101522534814727 3.312151231939815 19.190376812239034 -3.070349901294591 5.062739142186015 0.6103266175762379 -8.863585632035223 -6.714096336545532 -10.223874312508395 -1.170155282821952
7.214428857715431 8.509388534435143 -0.37244027876413455 3.1026304992737153 1.1347066877697287 -3.8956303272893855 -2.477954362442265 12.04929511099963 18.70823920889455 32.59683451292372 14.6738217409691 17.18683824744875 6.468905227305945 10.84535779403344 -1.9259535851860852 1.0440791815389148 17.677238029642808 5.513882892137192 9.321928635749597 -0.29118432665114824 3.3311191587701394 19.209344739069376 -3.0513819744642667 5.081707069016357 0.6292945444065623 -8.84461770520488 -6.69512840971519 -10.20490638567807 -1.1511873559916097
7.274549098196393 8.528210216393877 -0.35361859680540064 3.121452181232449 1.1535283697284626 -3.8768086453306516 -2.459132680483531 12.068116792958364 18.727060890853284 32.615656194882455 14.692643422927834 17.205659929407485 6.487726909264679 10.864179475992174 -1.9071319032273513 1.0629008634976487 17.696059711601542 5.532704574095926 9.34075031770833 -0.27236264469241434 3.3499408407288733 19.22816642102811 -3.032560292505533 5.100528750975091 0.6481162263652962 -8.825796023246147 -6.676306727756456 -10.186084703719336 -1.1323656740328758
7.3346693386773545 8.546887955095688 -0.33494085810358953 3.1401299199342425 1.1722061084302737 -3.8581309066288583 -2.44045494178172 12.086794531660175 18.745738629555095 32.63433393358426 14.711321161629645 17.224337668109296 6.506404647966472 10.882857214693985 -1.8884541645255402 1.0815786021994598 17.714737450303335 5.5513823127977195 9.359428056410124 -0.2536849059906032 3.3686185794306844 19.24684415972992 -3.0138825538037217 5.119206489676884 0.6667939650671073 -8.807118284544353 -6.657628989054663 -10.167406965017525 -1.1136879353310825
7.394789579158316 8.565424035516251 -0.3164047776830259 3.158666000354806 1.1907421888508196 -3.8395948262082946 -2.4219188613611564 12.105330612080738 18.76427470997564 32.652870014004826 14.729857242050208 17.24287374852986 6.524940728387036 10.90139329511453 -1.8699180841049765 1.1001146826200057 17.7332735307239 5.569918393218283 9.377964136830688 -0.23514882557003958 3.387154659851248 19.265380240150467 -2.995346473383158 5.137742570097448 0.685330045487671 -8.78858220412379 -6.639092908634099 -10.148870884596962 -1.0951518549105188
7.454909819639278 8.58382066467728 -0.29800814852199764 3.1770626295158344 1.2091388180118656 -3.8211981970472664 -2.403522232200128 12.123727241241767 18.782671339136687 32.67126664316586 14.748253871211237 17.261270377690888 6.543337357548064 10.919789924275577 -1.8515214549439483 1.1185113117810517 17.751670159884927 5.588315022379329 9.396360765991734 -0.21675219640901133 3.4055512890122763 19.283776869311513 -2.97694984422213 5.156139199258494 0.7037266746486992 -8.770185574962762 -6.620696279473071 -10.130474255435933 -1.0767552257494906
7.51503006012024 8.602087919639931 -0.27974089355934595 3.195329884478504 1.2274060729745173 -3.802930942084597 -2.3852549772374765 12.141994496204418 18.80093859409934 32.68953389812851 14.766521126173888 17.27953763265354 6.561604612510716 10.938057179238228 -1.8332541999812966 1.1367785667437034 17.769937414847597 5.606582277341981 9.414628020954385 -0.19848494144635964 3.423818543974928 19.302044124274165 -2.958682589259478 5.174406454221145 0.7219939296113509 -8.751918320000092 -6.602429024510402 -10.112207000473282 -1.0584879707868389
7.575150300601202 8.62020576613542 -0.261623047063857 3.213447730973975 1.2455239194699885 -3.7848130955891257 -2.3671371307419875 12.160112342699907 18.81905644059481 32.707651744623995 14.784638972669377 17.29765547914903 6.579722459006205 10.956175025733717 -1.8151363534858076 1.1548964132391746 17.788055261343068 5.624700123837452 9.432745867449857 -0.18036709495087067 3.441936390470417 19.320161970769636 -2.940564742763989 5.192524300716617 0.7401117761068399 -8.73380047350462 -6.58431117801493 -10.094089153977793 -1.04037012429135
7.635270541082164 8.638195556561215 -0.2436332566380628 3.231437521399787 1.2635137098958005 -3.7668233051633138 -2.3491473403161933 12.178102133125702 18.837046231020622 32.725641535049796 14.802628763095171 17.315645269574823 6.597712249432017 10.974164816159512 -1.7971465630600134 1.1728862036649865 17.80604505176888 5.642689914263264 9.450735657875668 -0.16237730452507648 3.459926180896211 19.338151761195448 -2.922574952338195 5.210514091142429 0.758101566532634 -8.715810683078809 -6.566321387589118 -10.076099363551998 -1.0223803338655557
7.695390781563126 8.65605528595582 -0.22577352724347577 3.249297250794374 1.2813734392903875 -3.7489635757687267 -2.3312876109216063 12.195961862520289 18.85490596041521 32.74350126444438 14.820488492489758 17.33350499896941 6.615571978826604 10.992024545554099 -1.7792868336654264 1.1907459330595735 17.823904781163467 5.660549643657851 9.468595387270256 -0.1445175751304717 3.477785910290798 19.356011490590035 -2.90471522294359 5.228373820537016 0.7759612959272211 -8.697950953684222 -6.548461658194531 -10.058239634157394 -1.004520604470951
7.755511022044088 8.673786125966583 -0.2080426872326946 3.267028090805155 1.2991042793011687 -3.7312327357579456 -2.313556770910825 12.21369270253107 18.87263680042599 32.76123210445516 14.83821933250054 17.35123583898019 6.633302818837367 11.00975538556488 -1.7615559936546452 1.2084767730703547 17.841635621174248 5.678280483668632 9.486326227281037 -0.12678673511970828 3.4955167503015794 19.373742330600816 -2.8869843829328268 5.246104660547797 0.7936921359380023 -8.68022011367344 -6.53073081818375 -10.04050879414663 -0.9867897644601875
7.8156312625250495 8.691389833934835 -0.19043897926446007 3.2846317987733897 1.3167079872694032 -3.713629027789711 -2.2959530629425906 12.231296410499304 18.890240508394225 32.7788358124234 14.855823040468792 17.368839546948443 6.65090652680562 11.027359093533114 -1.7439522856864107 1.2260804810385892 17.859239329142483 5.695884191636867 9.503929935249271 -0.109183027151456 3.5131204582698317 19.39134603856905 -2.8693806749645745 5.263708368516031 0.8112958439062545 -8.662616405705206 -6.513127110215516 -10.022905086178378 -0.9691860564919352
7.875751503006012 8.708868284882474 -0.17296052831680342 3.3021102497210464 1.3341864382170598 -3.696150576842072 -2.278474611994934 12.248774861446961 18.90771895934188 32.79631426337105 14.87330149141643 17.386317997896082 6.6683849777532584 11.044837544480771 -1.726473834738754 1.243558931986246 17.87671778009012 5.713362642584523 9.521408386196928 -0.09170457620381711 3.5305989092174705 19.408824489516707 -2.8519022240169356 5.281186819463688 0.8287742948538934 -8.64513795475755 -6.495648659267859 -10.005426635230739 -0.9517076055442963
7.935871743486974 8.726223329544016 -0.15560548365526117 3.319465294382571 1.351541482878602 -3.67879553218053 -2.2611195673333917 12.266129906108503 18.925074004003424 32.813669308032594 14.890656536077973 17.403673042557624 6.685740022414801 11.062192589142313 -1.7091187900772118 1.2609139766477881 17.894072824751664 5.730717687246048 9.53876343085847 -0.07434953154227486 3.547953953879013 19.42617953417825 -2.8345471793553934 5.29854186412523 0.8461293395154357 -8.627782910096025 -6.478293614606335 -9.988071590569197 -0.9343525608827541
7.995991983967936 8.743456777878595 -0.13837203532068187 3.33669874271715 1.3687749312131814 -3.6615620838459506 -2.2438861189988124 12.283363354443082 18.942307452337985 32.830902756367166 14.907889984412552 17.420906490892204 6.70297347074938 11.079426037476892 -1.6918853417426325 1.2781474249823674 17.911306273086243 5.747951135580627 9.555996879193032 -0.05711608320769557 3.565187402213592 19.44341298251281 -2.817313731020814 5.315775312459792 0.863362787850015 -8.610549461761446 -6.461060166271755 -9.970838142234618 -0.9171191125481748
8.056112224448897 8.760570423891867 -0.12125838930742816 3.3538123887304216 1.385888577226435 -3.644448437832679 -2.2267724729855587 12.300477000456336 18.959421098351257 32.84801640238043 14.925003630425806 17.438020136905457 6.7200871167626515 11.096539683490146 -1.6747716957293788 1.2952610709956212 17.928419919099515 5.765064781593899 9.573110525206303 -0.04000243719442409 3.582301048226846 19.460526628526083 -2.8002000850075426 5.332888958473063 0.8804764338632864 -8.593435815748174 -6.443946520258484 -9.953724496221346 -0.9000054665349033
8.11623246492986 8.77756600898378 -0.10426280421551581 3.370807973822334 1.4028841623183474 -3.627452852740767 -2.2097768878936463 12.317472585548249 18.97641668344317 32.86501198747235 14.941999215517736 17.45501572199737 6.737082701854564 11.113535268582059 -1.6577761106374664 1.3122566560875335 17.945415504191427 5.782060366685811 9.590106110298215 -0.023006852102511743 3.599296633318776 19.477522213617995 -2.7832044999156302 5.349884543564976 0.8974720189551988 -8.576440230656262 -6.4269509351665715 -9.936728911129434 -0.883009881442991
8.176352705410821 8.794445246764173 -0.08738356643510414 3.387687211602728 1.4197634000987591 -3.610573614960373 -2.1928976501132347 12.33435182332866 18.99329592122358 32.88189122525275 14.95887845329813 17.47189495977778 6.753961939634958 11.13041450636247 -1.6408968728570548 1.3291358938679452 17.96229474197182 5.798939604466205 9.606985348078627 -0.006127614322117836 3.61617587109917 19.494401451398407 -2.7663252621352363 5.366763781345387 0.9143512567355927 -8.559560992875868 -6.4100716973861775 -9.91984967334904 -0.8661306436625971
8.236472945891784 8.81120983307671 -0.07061898012256762 3.4044517979152644 1.4365279864112779 -3.5938090286478364 -2.176133063800698 12.351116409641197 19.0100605075361 32.898655811565284 14.975643039610667 17.488659546090318 6.770726525947494 11.147179092675007 -1.6241322865445182 1.345900480180464 17.979059328284357 5.8157041907787415 9.623749934391146 0.010636971990418687 3.6329404574117063 19.511166037710925 -2.7495606758227 5.383528367657906 0.9311158430481292 -8.542796406563332 -6.393307111073641 -9.903085087036503 -0.8493660573500605
8.296593186372744 8.827861408463544 -0.05396740473575079 3.421103373302099 1.4531795617981125 -3.5771574532610018 -2.1594814884138813 12.367767985028014 19.026712082922934 32.915307386952115 14.992294614997501 17.505311121477135 6.787378101334329 11.163830668061824 -1.6074807111577014 1.3625520555672985 17.995710903671192 5.832355766165576 9.64040150977798 0.02728854737725328 3.649592032798541 19.52781761309776 -2.732909100435865 5.400179943044741 0.9477674184349638 -8.526144831176497 -6.376655535686806 -9.886433511649669 -0.832714481963226
8.356713426853707 8.844401594613007 -0.03742721858627007 3.4376435594515797 1.4697197479475932 -3.560617267111539 -2.1429413022644006 12.384308171177494 19.043252269072415 32.931847573101585 15.008834801146964 17.521851307626616 6.803918287483792 11.180370854211304 -1.5909405250082207 1.3790922417167792 18.012251089820673 5.848895952315057 9.656941695927461 0.043828733526716235 3.666132218948004 19.54435779924724 -2.7163689142864023 5.416720129194221 0.9643076045844268 -8.509604645027016 -6.360115349537326 -9.869893325500206 -0.816174295813763
8.41683366733467 8.860831998639895 -0.02099681455938196 3.45407396347845 1.4861501519744813 -3.5441868630846507 -2.1265108982375125 12.400738575204382 19.059682673099303 32.94827797712846 15.025265205173852 17.538281711653504 6.82034869151068 11.196801258238192 -1.5745101209813326 1.3955226457436674 18.028681493847543 5.865326356341927 9.673372099954332 0.06025913755360435 3.682562622974892 19.56078820327413 -2.699938510259514 5.433150533221092 0.9807380086113149 -8.493174241000146 -6.343684945510455 -9.853462921473318 -0.7997438917868749
8.47695390781563 8.8771541771459 -0.004674636053376702 3.4703961419844553 1.5024723304804688 -3.5278646845786454 -2.1101887197315072 12.417060753710388 19.07600485160529 32.96460015563447 15.041587383679857 17.55460389015951 6.836670870016685 11.21312343674418 -1.5581879424753273 1.4118448242496549 18.04500367235355 5.881648534847932 9.689694278460337 0.0765813160596096 3.6988848014808973 19.577110381780116 -2.683616331753509 5.449472711727097 0.9970601871173201 -8.47685206249414 -6.32736276700445 -9.837140742967312 -0.7834217132808696
8.537074148296593 8.893369669133921 0.011540855934644156 3.486611633972476 1.5186878224684897 -3.5116491925906246 -2.0939732277434864 12.433276245698409 19.09222034359331 32.98081564762249 15.057802875667878 17.57081938214753 6.852886362004706 11.229338928732219 -1.5419724504873065 1.4280603162376935 18.06121916434157 5.897864026835953 9.705909770448358 0.09279680804763046 3.715100293468918 19.593325873768137 -2.667400839765488 5.465688203715118 1.013275679105341 -8.46063657050612 -6.311147275016429 -9.820925250979291 -0.7672062212928488
8.597194388777554 8.909480002579038 0.02765118937976041 3.50272196741761 1.5347981559136237 -3.4955388591454906 -2.07786289429837 12.449386579143525 19.108330677038445 32.99692598106762 15.073913209112995 17.586929715592646 6.86899669544984 11.245449262177335 -1.5258621170421902 1.4441706496828097 18.077329497786703 5.913974360281087 9.722020103893492 0.10890714149274672 3.7312106269140344 19.60943620721327 -2.6512905063203718 5.481798537160252 1.0293860125504573 -8.444526237060986 -6.295036941571295 -9.804814917534175 -0.7510958878477325
8.657314629258517 8.925486659288246 0.0436578460889514 3.518728624126801 1.5508048126228147 -3.4795322024362996 -2.061856237589179 12.465393235852716 19.124337333747636 33.01293263777682 15.089919865822203 17.602936372301855 6.885003352159031 11.261455918886526 -1.5098554603329815 1.4601773063920007 18.093336154495894 5.929981016990278 9.738026760602683 0.12491379820195547 3.747217283623243 19.625442863922462 -2.635283849611163 5.497805193869443 1.045392669259666 -8.428519580351795 -6.279030284862104 -9.788808260824966 -0.7350892311385238
