web/models/kne/52/mosfit_kn_0.005245_0.4530_0.5000.dat
# %ECSV 1.0
# ---
# datatype:
# - {name: time, datatype: float64}
# - {name: PS1_g, datatype: float64}
# - {name: PS1_i, datatype: float64}
# - {name: PS1_r, datatype: float64}
# - {name: PS1_w, datatype: float64}
# - {name: PS1_y, datatype: float64}
# - {name: PS1_z, datatype: float64}
# - {name: swift_uvot_B, datatype: float64}
# - {name: swift_uvot_U, datatype: float64}
# - {name: swift_uvot_uvm2, datatype: float64}
# - {name: swift_uvot_uvw1, datatype: float64}
# - {name: swift_uvot_uvw2, datatype: float64}
# - {name: swift_uvot_V, datatype: float64}
# - {name: johnson_B, datatype: float64}
# - {name: johnson_I, datatype: float64}
# - {name: johnson_R, datatype: float64}
# - {name: johnson_U, datatype: float64}
# - {name: johnson_V, datatype: float64}
# - {name: sdss_g, datatype: float64}
# - {name: sdss_i, datatype: float64}
# - {name: sdss_r, datatype: float64}
# - {name: sdss_u, datatype: float64}
# - {name: sdss_z, datatype: float64}
# - {name: ATLAS_c, datatype: float64}
# - {name: ATLAS_o, datatype: float64}
# - {name: ukirt_H, datatype: float64}
# - {name: ukirt_J, datatype: float64}
# - {name: ukirt_K, datatype: float64}
# - {name: Clear, datatype: float64}
# meta: !!omap
# - comment: [kappa = 0.5, type = rprocess, mass = 0.005244756555828381, velocity = 0.45299999999999996, theta_obs = 0.0, tfloor = 1000.0]
# schema: astropy-2.0
time PS1_g PS1_i PS1_r PS1_w PS1_y PS1_z swift_uvot_B swift_uvot_U swift_uvot_uvm2 swift_uvot_uvw1 swift_uvot_uvw2 swift_uvot_V johnson_B johnson_I johnson_R johnson_U johnson_V sdss_g sdss_i sdss_r sdss_u sdss_z ATLAS_c ATLAS_o ukirt_H ukirt_J ukirt_K Clear
[from data line 443]
26.693386773547093 14.905906958295088 6.02407814509581 9.499148923133642 7.531225111629674 2.5008880965705416 3.9185640614176798 18.445813534859575 25.104757632754485 38.99335293678366 21.070340164829044 23.583356671308696 12.865423651165873 17.241876217893385 4.47056483867386 7.440597605398859 24.073756453502735 11.910401315997118 15.718447059609524 6.105334097208797 9.727637582630084 25.60586316292931 3.345136449395678 11.478225492876284 7.025812968266507 -2.4480992813449536 -0.29860998585526366 -3.808387961818125 5.245331067868317
26.753507014028056 14.91648254105554 6.034653727856245 9.509724505894095 7.541800694390108 2.511463679330994 3.9291396441781146 18.45638911762001 25.11533321551493 39.00392851954411 21.08091574758949 23.59393225406914 12.875999233926326 17.25245180065382 4.4811404214342945 7.451173188159294 24.084332036263188 11.920976898757571 15.729022642369976 6.115909679969249 9.738213165390537 25.616438745689756 3.3557120321561307 11.488801075636736 7.03638855102696 -2.437523698584501 -0.2880344030948111 -3.7978123790576723 5.25590665062877
26.81362725450902 14.927037319775849 6.0452085065765715 9.520279284614404 7.552355473110435 2.5220184580513028 3.939694422898441 18.466943896340336 25.12588799423525 39.01448329826443 21.091470526309806 23.604487032789457 12.886554012646634 17.263006579374146 4.491695200154621 7.461727966879621 24.094886814983504 11.931531677477897 15.739577421090303 6.126464458689558 9.748767944110845 25.626993524410075 3.3662668108764393 11.499355854357063 7.046943329747268 -2.4269689198641924 -0.27747962437450246 -3.7872576003373637 5.266461429349079
26.873747494989978 14.937571372327962 6.055742559128685 9.530813337166535 7.562889525662548 2.5325525106034164 3.9502284754505546 18.47747794889245 25.13642204678737 39.02501735081654 21.10200457886192 23.61502108534157 12.897088065198748 17.27354063192626 4.5022292527067345 7.472262019431734 24.10542086753562 11.942065730030011 15.750111473642416 6.136998511241671 9.759301996662959 25.637527576962185 3.376800863428553 11.509889906909176 7.057477382299382 -2.416434867312061 -0.2669455718223711 -3.77672354778525 5.276995481901192
26.93386773547094 14.948084767898528 6.066255954699251 9.541326732737083 7.573402921233097 2.5430659061739824 3.9607418710211206 18.487991344463016 25.14693544235793 39.0355307463871 21.112517974432485 23.625534480912137 12.907601460769314 17.284054027496826 4.5127426482773005 7.4827754150023 24.115934263106176 11.95257912560056 15.760624869212965 6.1475119068122375 9.769815392233525 25.648040972532755 3.387314258999119 11.520403302479725 7.067990777869948 -2.4059214717415127 -0.2564321762518228 -3.766210152214684 5.287508877471758
26.993987975951903 14.958577589728801 6.076748776529524 9.551819554567356 7.583895743063369 2.553558728004255 3.971234692851393 18.498484166293288 25.157428264188198 39.04602356821737 21.12301079626275 23.636027302742402 12.918094282599586 17.29454684932708 4.523235470107573 7.493268236832555 24.12642708493645 11.963071947430832 15.771117691043237 6.15800472864251 9.780308214063798 25.658533794363024 3.3978070808293914 11.530896124309997 7.0784835997002205 -2.3954286499112403 -0.24593935442155035 -3.7557173303844116 5.298001699302031
27.054108216432866 14.969049903534781 6.087221090335486 9.562291868373336 7.5943680568693495 2.5640310418102352 3.9817070066573557 18.50895648009925 25.16790057799417 39.05649588202335 21.133483110068727 23.64649961654838 12.928566596405567 17.30501916313306 4.533707783913536 7.503740550638535 24.13689939874243 11.973544261236812 15.781590004849217 6.16847704244849 9.790780527869778 25.669006108168997 3.4082793946353718 11.541368438115978 7.088955913506201 -2.38495633610526 -0.23546704061557 -3.7452450165784312 5.308474013108011
27.11422845691383 14.97950179314465 6.097672979945372 9.572743757983204 7.604819946479218 2.5744829314201034 3.9921588962672416 18.519408369709137 25.17835246760405 39.06694777163322 21.143934999678596 23.656951506158247 12.939018486015435 17.31547105274293 4.5441596735234215 7.5141924402484035 24.147351288352297 11.98399615084668 15.792041894459086 6.1789289320583585 9.801232417479646 25.679457997778876 3.41873128424524 11.551820327725846 7.099407803116069 -2.3745044464953917 -0.2250151510057018 -3.734793126968563 5.318925902717879
27.174348697394787 14.989933325174274 6.108104511974997 9.583175290012829 7.615251478508842 2.584914463449728 4.002590428296866 18.52983990173876 25.18878399963367 39.077379303662845 21.154366531708224 23.667383038187875 12.94945001804506 17.325902584772553 4.554591205553046 7.524623972278028 24.15778282038192 11.994427682876305 15.80247342648871 6.189360464087983 9.81166394950927 25.689889529808497 3.4291628162748644 11.56225185975547 7.109839335145693 -2.3640729144657673 -0.21458361897607736 -3.7243615949389386 5.329357434747504
27.23446893787575 15.000344574729105 6.11851576152981 9.59358653956766 7.6256627280636735 2.5953257130045593 4.01300167785168 18.540251151293592 25.199195249188506 39.08779055321768 21.16477778126305 23.677794287742703 12.95986126759989 17.336313834327385 4.565002455107877 7.535035221832859 24.168194069936753 12.004838932431136 15.812884676043542 6.199771713642814 9.822075199064102 25.70030077936333 3.439574065829696 11.572663109310302 7.120250584700525 -2.353661664910936 -0.20417236942124595 -3.713950345384107 5.339768684302335
27.294589178356713 15.010735613327775 6.128906800128497 9.60397757816633 7.636053766662343 2.6057167516032287 4.023392716450367 18.55064218989226 25.209586287787175 39.09818159181635 21.17516881986172 23.688185326341372 12.97025230619856 17.346704872926054 4.575393493706547 7.545426260431529 24.178585108535422 12.015229971029806 15.823275714642211 6.210162752241484 9.832466237662771 25.710691817962 3.4499651044283652 11.583054147908971 7.130641623299194 -2.3432706263122665 -0.19378133082257654 -3.7035593067854378 5.3501597229010045
27.354709418837675 15.021106517404359 6.139277704205082 9.614348482242914 7.646424670738927 2.616087655679813 4.033763620526951 18.561013093968846 25.219957191863756 39.10855249589293 21.18553972393831 23.69855623041796 12.980623210275144 17.35707577700264 4.585764397783131 7.555797164508113 24.188956012612007 12.02560087510639 15.833646618718795 6.220533656318068 9.842837141739356 25.72106272203858 3.4603360085049495 11.593425051985555 7.1410125273757785 -2.332899722235682 -0.18341042674599228 -3.6931884027088535 5.360530626977589
27.414829659318634 15.031457359382454 6.149628546183177 9.624699324221027 7.65677551271704 2.626438497657908 4.044114462505046 18.57136393594694 25.23030803384186 39.11890333787103 21.19589056591641 23.708907072396062 12.99097405225324 17.36742661898075 4.596115239761226 7.566148006486226 24.199306854590112 12.035951717084503 15.843997460696908 6.230884498296163 9.85318798371745 25.731413564016677 3.4706868504830446 11.603775893963668 7.151363369353874 -2.3225488802575693 -0.17305958476787942 -3.6828375607307584 5.370881468955684
27.474949899799597 15.04178820681176 6.159959393612482 9.635030171650314 7.667106360146327 2.636769345087213 4.054445309934351 18.581694783376246 25.24063888127116 39.12923418530033 21.206221413345716 23.719237919825368 13.001304899682545 17.377757466410056 4.606446087190531 7.576478853915531 24.209637702019407 12.04628256451379 15.854328308126195 6.241215345725468 9.863518831146756 25.741744411445985 3.4810176979123497 11.614106741392956 7.161694216783179 -2.312218032828282 -0.16272873733859206 -3.6725067133014533 5.381212316384989
27.53507014028056 15.052099132150847 6.170270318951552 9.645341096989402 7.677417285485415 2.647080270426301 4.064756235273421 18.592005708715316 25.250949806610237 39.13954511063941 21.216532338684797 23.729548845164448 13.011615825021632 17.388068391749126 4.616757012529601 7.586789779254601 24.219948627358495 12.056593489852878 15.864639233465283 6.251526271064556 9.873829756485826 25.752055336785062 3.4913286232514373 11.624417666732043 7.172005142122266 -2.3019071074891944 -0.15241781199950444 -3.6621957879623657 5.391523241724077
27.595190380761522 15.06239021856409 6.180561405364813 9.655632183402645 7.687708371898676 2.657371356839544 4.075047321686682 18.602296795128577 25.26124089302349 39.14983619705266 21.226823425098047 23.7398399315777 13.021906911434876 17.398359478162387 4.627048098942862 7.597080865667862 24.230239713771738 12.066884576266121 15.874930319878526 6.261817357477799 9.884120842899087 25.762346423198316 3.5016197096646806 11.634708753145286 7.18229622853551 -2.291616021075951 -0.14212672558626116 -3.6519047015491224 5.40181432813732
27.655310621242485 15.072661525850108 6.190832712650831 9.665903490688663 7.697979679184694 2.6676426641255624 4.085318628972701 18.612568102414595 25.27151220030951 39.16010750433869 21.237094732384065 23.750111238863717 13.032178218720894 17.408630785448405 4.6373194062288805 7.60735217295388 24.240511021057763 12.07715588355214 15.885201627164562 6.272088664763817 9.894392150185105 25.772617730484335 3.511891016950699 11.644980060431322 7.192567535821528 -2.2813447137899328 -0.13185541830024283 -3.641633394263104 5.412085635423338
27.715430861723444 15.08291312199944 6.201084308800162 9.676155086838012 7.708231275334025 2.677894260274911 4.095570225122032 18.622819698563926 25.281763796458847 39.17035910048802 21.247346328533396 23.760362835013048 13.042429814870225 17.418882381597736 4.6475710023782115 7.617603769103211 24.250762617207094 12.087407479701488 15.895453223313893 6.2823402609131485 9.904643746334436 25.782869326633673 3.52214261310003 11.655231656580654 7.202819131970859 -2.271093117640584 -0.12160382215089405 -3.631381798113773 5.422337231572669
27.775551102204407 15.09314508117848 6.211316267979203 9.686387046017035 7.718463234513049 2.6881262194539346 4.105802184301073 18.633051657742968 25.291995755637878 39.18059105966705 21.257578287712438 23.77059479419209 13.052661774049266 17.429114340776778 4.657802961557253 7.627835728282252 24.26099457638613 12.097639438880512 15.905685182492917 6.29257222009219 9.914875705513477 25.793101285812703 3.532374572279071 11.665463615759677 7.2130510911499 -2.2608611584615605 -0.11137186297187063 -3.621149838934732 5.43256919075171
27.83567134268537 15.10335747840399 6.221528665204694 9.696599443242544 7.728675631738557 2.698338616679443 4.116014581526564 18.64326405496846 25.30220815286338 39.19080345689255 21.26779068493794 23.78080719141759 13.062874171274775 17.43932673800227 4.6680153587827435 7.638048125507743 24.271206973611637 12.10785183610602 15.915897579718425 6.302784617317698 9.925088102738968 25.803313683038205 3.5425869695045797 11.675676012985186 7.223263488375409 -2.250648761236052 -0.10115946574636203 -3.6109374417092233 5.442781587977219
27.895791583166332 15.113550379168164 6.231721565968886 9.706792344006718 7.7388685325027495 2.7085315174436175 4.126207482290756 18.65345695573265 25.31240105362756 39.20099635765674 21.27798358570212 23.791000092181772 13.073067072038949 17.44951963876646 4.678208259546936 7.648241026271935 24.281399874375822 12.118044736870194 15.926090480482618 6.312977518081873 9.93528100350316 25.813506583802386 3.552779870268754 11.685868913749378 7.233456389139583 -2.2404558604718776 -0.09096656498218769 -3.600744540945049 5.452974488741393
27.955911823647295 15.123723853513695 6.241895040314418 9.71696581835225 7.7490420068482635 2.7187049917891493 4.1363809566362875 18.663630430078182 25.322574527973096 39.21116983200226 21.28815706004764 23.801173566527293 13.08324054638448 17.459693113111975 4.688381733892467 7.658414500617449 24.291573348721343 12.128218211215726 15.936263954828132 6.323150992427404 9.945454477848692 25.82368005814792 3.562953344614286 11.696042388094892 7.243629863485115 -2.230282386126346 -0.08079309063665585 -3.590571066599517 5.463147963086925
28.016032064128254 15.133877962271498 6.252049149072221 9.727119927110053 7.759196115606066 2.728859100546952 4.14653506539409 18.673784538835985 25.3327286367309 39.221323940760065 21.298311168805444 23.811327675285096 13.093394655142284 17.469847221869777 4.69853584265027 7.668568609375252 24.301727457479146 12.138372319973529 15.946418063585934 6.333305101185207 9.955608586606495 25.833834166905724 3.5731074533720886 11.706196496852694 7.253783972242918 -2.220128277368543 -0.07063898187885309 -3.5804169578417144 5.473302071844728
28.076152304609217 15.144012790899044 6.262183977699767 9.737254755737599 7.76933094423363 2.738993929174498 4.156669894021636 18.68391936746353 25.34286346535844 39.23145876938762 21.308445997433 23.821462503912652 13.10352948376983 17.47998205049734 4.708670671277816 7.678703438002816 24.311862286106702 12.148507148601093 15.956552892213498 6.343439929812753 9.96574341523404 25.843968995533267 3.5832422819996346 11.716331325480258 7.263918800870464 -2.209993448740997 -0.06050415325130709 -3.5702821292141684 5.483436900472274
28.13627254509018 15.154128392177988 6.272299578978693 9.747370357016543 7.779446545512556 2.749109530453442 4.166785495300562 18.694034968742457 25.352979066637378 39.24157437066655 21.318561598711934 23.831578105191586 13.113645085048773 17.490097651776267 4.718786272556742 7.688819039281742 24.32197788738563 12.158622749880019 15.966668493492424 6.353555531091697 9.975859016512967 25.854084596812204 3.5933578832785784 11.726446926759184 7.27403440214939 -2.1998778474620533 -0.05038855197236325 -3.5601665279352246 5.493552501751218
28.196392785571142 15.164224846570473 6.282396033371196 9.757466811409028 7.789542999905041 2.759205984845927 4.176881949693065 18.70413142313496 25.36307552102987 39.251670825059044 21.32865805310443 23.84167455958408 13.123741539441259 17.50019410616877 4.728882726949245 7.698915493674245 24.33207434177812 12.168719204272504 15.97676494788491 6.363651985484182 9.98595547090547 25.864181051204696 3.6034543376710637 11.73654338115167 7.284130856541893 -2.189781393069568 -0.04029209757987795 -3.5500700735427393 5.503648956143703
28.256513026052104 15.1743022121779 6.292473398978622 9.767544177016454 7.799620365512485 2.769283350453353 4.186959315300491 18.714208788742386 25.3731528866373 39.26174819066648 21.338735418711856 23.851751925191508 13.133818905048685 17.510271471776196 4.738960092556671 7.708992859281671 24.342151707385554 12.17879656987993 15.986842313492353 6.373729351091608 9.996032836512896 25.874258416812125 3.6135317032784897 11.746620746759113 7.294208222149319 -2.179704027462142 -0.030214731972451947 -3.5399927079353133 5.513726321751129
28.316633266533064 15.184360560569559 6.302531747370281 9.777602525408131 7.809678713904145 2.7793416988450304 4.197017663692151 18.724267137134046 25.383211235028966 39.27180653905814 21.348793767103516 23.861810273583167 13.143877253440344 17.520329820167856 4.749018440948331 7.71905120767333 24.352210055777213 12.188854918271607 15.996900661884013 6.383787699483268 10.006091184904555 25.884316765203792 3.623590051670149 11.756679095150773 7.304266570540978 -2.169645679070465 -0.02015638358077476 -3.529934359543654 5.523784670142788
28.376753507014026 15.194399954781854 6.312571141582559 9.787641919620409 7.819718108116422 2.789381093057308 4.207057057904429 18.73430653134634 25.39325062924125 39.281845933270425 21.358833161315804 23.871849667795455 13.15391664765264 17.530369214380134 4.759057835160626 7.729090601885608 24.362249449989502 12.198894312483885 16.00694005609629 6.393827093695563 10.016130579116851 25.894356159416077 3.6336294458824447 11.76671848936305 7.314305964753274 -2.159606284858187 -0.01011698936849692 -3.5198949653313583 5.533824064355084
