web/models/kne/52/mosfit_kn_0.005245_0.1867_10.0000.dat
# %ECSV 1.0
# ---
# datatype:
# - {name: time, datatype: float64}
# - {name: PS1_g, datatype: float64}
# - {name: PS1_i, datatype: float64}
# - {name: PS1_r, datatype: float64}
# - {name: PS1_w, datatype: float64}
# - {name: PS1_y, datatype: float64}
# - {name: PS1_z, datatype: float64}
# - {name: swift_uvot_B, datatype: float64}
# - {name: swift_uvot_U, datatype: float64}
# - {name: swift_uvot_uvm2, datatype: float64}
# - {name: swift_uvot_uvw1, datatype: float64}
# - {name: swift_uvot_uvw2, datatype: float64}
# - {name: swift_uvot_V, datatype: float64}
# - {name: johnson_B, datatype: float64}
# - {name: johnson_I, datatype: float64}
# - {name: johnson_R, datatype: float64}
# - {name: johnson_U, datatype: float64}
# - {name: johnson_V, datatype: float64}
# - {name: sdss_g, datatype: float64}
# - {name: sdss_i, datatype: float64}
# - {name: sdss_r, datatype: float64}
# - {name: sdss_u, datatype: float64}
# - {name: sdss_z, datatype: float64}
# - {name: ATLAS_c, datatype: float64}
# - {name: ATLAS_o, datatype: float64}
# - {name: ukirt_H, datatype: float64}
# - {name: ukirt_J, datatype: float64}
# - {name: ukirt_K, datatype: float64}
# - {name: Clear, datatype: float64}
# meta: !!omap
# - comment: [kappa = 10.0, type = rprocess, mass = 0.005244756555828381, velocity = 0.1866666666666667, theta_obs = 0.0, tfloor = 1000.0]
# schema: astropy-2.0
time PS1_g PS1_i PS1_r PS1_w PS1_y PS1_z swift_uvot_B swift_uvot_U swift_uvot_uvm2 swift_uvot_uvw1 swift_uvot_uvw2 swift_uvot_V johnson_B johnson_I johnson_R johnson_U johnson_V sdss_g sdss_i sdss_r sdss_u sdss_z ATLAS_c ATLAS_o ukirt_H ukirt_J ukirt_K Clear
[from data line 439]
26.452905811623246 11.567655424504935 2.6858266113056573 6.160897389343489 4.192973577839503 -0.8373634372196115 0.5803125276275267 15.107562001069422 21.766506098964335 35.6551014029935 17.73208863103889 20.245105137518532 9.52717211737572 13.903624684103232 1.1323133048837066 4.102346071608689 20.735504919712582 8.572149782206965 12.38019552581937 2.7670825634186436 6.389386048839931 22.26761162913916 0.006884915605525066 8.13997395908613 3.687561434476354 -5.7863508151351075 -3.636861519645416 -7.146639495608278 1.9070795340781643
26.51302605210421 11.575053930413688 2.693225117214393 6.168295895252243 4.200372083748256 -0.8299649313108581 0.5877110335362623 15.114960506978157 21.773904604873078 35.662499908902255 17.739487136947645 20.252503643427286 9.534570623284473 13.911023190011967 1.1397118107924422 4.109744577517442 20.742903425621336 8.579548288115719 12.387594031728124 2.774481069327397 6.396784554748685 22.275010135047904 0.014283421514278416 8.147372464994884 3.6949599403851074 -5.778952309226354 -3.629463013736663 -7.139240989699525 1.9144780399869177
26.573146292585168 11.582444795132893 2.7006159819335984 6.175686759971448 4.207762948467462 -0.8225740665916526 0.5951018982554679 15.12235137169738 21.781295469592283 35.66989077362147 17.74687800166685 20.25989450814649 9.541961488003679 13.918414054731173 1.1471026755116656 4.1171354422366475 20.75029429034054 8.586939152834924 12.39498489644733 2.7818719340466025 6.40417541946789 22.28240099976711 0.021674286233483997 8.15476332971409 3.702350805104313 -5.771561444507149 -3.622072149017457 -7.1318501249803194 1.9218689047061233
26.63326653306613 11.58982802738274 2.707999214183463 6.183069992221313 4.215146180717326 -0.815190834341788 0.6024851305053325 15.129734603947227 21.788678701842148 35.67727400587132 17.754261233916697 20.26727774039635 9.549344720253544 13.925797286981037 1.1544859077615124 4.124518674486512 20.7576775225904 8.594322385084789 12.402368128697194 2.7892551662964493 6.411558651717737 22.289784232016974 0.029057518483330824 8.162146561963954 3.70973403735416 -5.764178212257284 -3.6146889167675926 -7.124466892730473 1.9292521369559879
26.693386773547093 11.597203630051531 2.715374816852254 6.190445594890086 4.222521783386117 -0.8078152316730147 0.6098607331741235 15.137110206616018 21.796054304510932 35.684649608540106 17.761636836585488 20.27465334306514 9.556720322922317 13.933172889649828 1.1618615104303034 4.131894277155303 20.765053125259186 8.601697987753562 12.409743731365968 2.7966307689652403 6.418934254386528 22.297159834685758 0.03643312115212183 8.169522164632745 3.717109640022951 -5.756802609588511 -3.6073133140988194 -7.117091290061682 1.936627739624761
26.753507014028056 11.604571607302763 2.7227427941034676 6.1978135721413175 4.229889760637331 -0.8004472544217833 0.6172287104253371 15.14447818386725 21.80342228176216 35.69201758579133 17.76900481383672 20.282021320316364 9.564088300173548 13.940540866901042 1.1692294876815348 4.139262254406517 20.77242110251041 8.609065965004794 12.417111708617199 2.8039987462164717 6.426302231637759 22.30452781193698 0.04380109840335322 8.176890141883959 3.7244776172741823 -5.749434632337279 -3.599945336847588 -7.10972331281045 1.9439957168759925
26.81362725450902 11.611931965172602 2.7301031519733243 6.205173930011156 4.237250118507188 -0.7930868965519444 0.6245890682951938 15.151838541737089 21.810782639632002 35.69937794366118 17.77636517170656 20.28938167818621 9.571448658043387 13.947901224770899 1.1765898455513737 4.146622612276373 20.779781460380256 8.61642632287465 12.424472066487056 2.8113591040863106 6.433662589507598 22.311888169806828 0.05116145627319213 8.184250499753816 3.731837975144021 -5.7420742744674405 -3.592584978977749 -7.102362954940611 1.9513560747458314
26.873747494989978 11.61928470948185 2.7374558962825724 6.212526674320404 4.244602862816418 -0.7857341522426964 0.6319418126044418 15.159191286046337 21.818135383941247 35.70673068797042 17.783717916015807 20.29673442249545 9.578801402352635 13.955253969080147 1.1839425898606217 4.1539753565856214 20.787134204689497 8.62377906718388 12.431824810796286 2.8187118483955587 6.441015333816846 22.319240914116072 0.05851420058244017 8.191603244063046 3.739190719453269 -5.734721530158192 -3.585232234668501 -7.095010210631363 1.9587088190550794
26.93386773547094 11.626629843101934 2.744801029902657 6.219871807940507 4.25194799643652 -0.7783890186226117 0.6392869462245265 15.166536419666421 21.82548051756133 35.71407582159051 17.79106304963589 20.304079556115543 9.58614653597272 13.962599102700231 1.1912877234807064 4.161320490205706 20.794479338309593 8.631124200803983 12.439169944416388 2.8260569820156434 6.448360467436931 22.326586047736157 0.06585933420252488 8.198948377683148 3.746535853073354 -5.72737639653809 -3.5778871010483986 -7.087665077011279 1.9660539526751641
26.993987975951903 11.633967372123752 2.752138558924475 6.227209336962307 4.259285525458321 -0.7710514896007936 0.6466244752463446 15.17387394868824 21.83281804658315 35.72141335061232 17.79840057865771 20.31141708513736 9.593484064994538 13.96993663172205 1.1986252525025245 4.168658019227524 20.8018168673314 8.638461729825783 12.446507473438189 2.8333945110374614 6.455697996458749 22.333923576757975 0.07319686322434293 8.206285906704949 3.753873382095172 -5.72003886751629 -3.5705495720265983 -7.0803275479894605 1.9733914816969822
27.054108216432866 11.641297303100338 2.75946848990106 6.234539267938892 4.2666154564349235 -0.7637215586242085 0.6539544062229297 15.181203879664825 21.840147977559738 35.72874328158892 17.805730509634294 20.318747016113946 9.600813995971123 13.977266562698635 1.2059551834791096 4.175987950204109 20.809146798307992 8.645791660802386 12.453837404414791 2.8407244420140465 6.463027927435334 22.341253507734564 0.08052679420092801 8.213615837681552 3.761203313071757 -5.712708936539687 -3.563219641050013 -7.072997617012875 1.9807214126735673
27.11422845691383 11.648619643279918 2.766790830080641 6.241861608118473 4.2739377966144865 -0.7563992184446278 0.6612767464025104 15.188526219844405 21.847470317739315 35.73606562176849 17.813052849813875 20.326069356293527 9.608136336150704 13.984588902878215 1.2132775236586903 4.18331029038369 20.816469138487566 8.65311400098195 12.461159744594354 2.8480467821936273 6.470350267614915 22.34857584791414 0.08784913438050879 8.220938177861115 3.768525653251338 -5.705386596360124 -3.5558973008704324 -7.065675276833295 1.988043752853148
27.174348697394787 11.655934396728593 2.774105583529316 6.249176361567148 4.2812525500631615 -0.7490844649959527 0.6685914998511855 15.19584097329308 21.85478507118799 35.743380375217164 17.82036760326255 20.333384109742195 9.615451089599379 13.99190365632689 1.2205922771073654 4.190625043832347 20.82378389193624 8.660428754430624 12.46847449804303 2.8553615356423023 6.47766502106359 22.355890601362816 0.09516388782918384 8.22825293130979 3.775840406700013 -5.698071842911449 -3.5485825474217574 -7.05836052338462 1.995358506301823
27.23446893787575 11.66324156768665 2.7814127544873735 6.256483532525223 4.288559721021237 -0.7417772940378953 0.6758986708092429 15.203148144251138 21.862092242146048 35.75068754617523 17.827674774220608 20.34069128070026 9.622758260557436 13.999210827284948 1.2278994480654228 4.197932214790423 20.83109106289431 8.6677359253887 12.475781669001105 2.8626687066003598 6.484972192021647 22.363197772320873 0.10247105878724128 8.235560102267865 3.7831475776580703 -5.6907646719533735 -3.5412753764637 -7.051053352426562 2.0026656772598805
27.294589178356713 11.670541161400259 2.7887123482009635 6.263783126238813 4.295859314734827 -0.7344777003242875 0.6831982645228329 15.210447737964728 21.86939183585965 35.75798713988883 17.834974367934215 20.347990874413856 9.630057854271044 14.006510420998538 1.2351990417790306 4.205231808504013 20.838390656607906 8.67503551910229 12.483081262714695 2.8699683003139675 6.492271785735255 22.370497366034474 0.10977065250084905 8.242859695981455 3.790447171371678 -5.6834650782397835 -3.533975782750092 -7.043753758712954 2.0099652709734883
27.354709418837675 11.677833183604296 2.7960043704050186 6.271075148442851 4.303151336938882 -0.7271856781202501 0.6904902867268881 15.217739760168783 21.876683858063693 35.76527916209287 17.842266390138253 20.355282896617904 9.637349876475081 14.013802443202593 1.242491063983068 4.212523830708068 20.845682678811944 8.682327541306327 12.490373284918732 2.877260322518005 6.499563807939293 22.37778938823852 0.1170626747048864 8.25015171818551 3.7977391935757154 -5.676173056035746 -3.526683760546055 -7.036461736508917 2.0172572931775257
27.414829659318634 11.685117636599074 2.8032888233997966 6.278359601437629 4.310435789933642 -0.7199012251254722 0.697774739721666 15.225024213163561 21.883968311058474 35.77256361508764 17.84955084313303 20.362567349612682 9.64463432946986 14.021086896197371 1.249775516977846 4.219808283702846 20.85296713180672 8.689611994301105 12.49765773791351 2.884544775512783 6.5068482609340705 22.3850738412333 0.12434712769966438 8.25743617118027 3.8050236465704934 -5.668888603040968 -3.519399307551277 -7.029177283514139 2.0245417461723036
27.474949899799597 11.692394525050513 2.810565711851236 6.285636489889086 4.317712678385099 -0.7126243366740148 0.7050516281731056 15.232301101615 21.89124519950992 35.77984050353909 17.85682773158447 20.36984423806413 9.651911217921317 14.02836378464881 1.2570524054292855 4.227085172154285 20.860244020258172 8.696888882752562 12.504934626364967 2.8918216639642225 6.51412514938551 22.392350729684747 0.13162401615112174 8.264713059631728 3.812300535021933 -5.661611714589511 -3.5121224190998195 -7.021900395062682 2.031818634623761
27.53507014028056 11.69966385531474 2.817835042115444 6.292905820153294 4.324982008649307 -0.7053550064098069 0.7123209584373136 15.239570431879208 21.89851452977413 35.78710983380331 17.864097061848696 20.377113568328337 9.659180548185525 14.035633114913018 1.2643217356934935 4.234354502418493 20.867513350522387 8.70415821301677 12.512203956629175 2.899090994228448 6.521394479649718 22.399620059948955 0.1388933464153297 8.271982389895935 3.8195698652861587 -5.654342384325303 -3.5048530888356115 -7.014631064798474 2.039087964887969
27.595190380761522 11.706925635112668 2.825096821913391 6.300167599951241 4.332243788447254 -0.69809322661186 0.7195827382352604 15.246832211677155 21.905776309572076 35.79437161360125 17.871358841646625 20.384375348126277 9.666442327983471 14.042894894710965 1.2715835154914403 4.24161628221644 20.874775130320323 8.711419992814717 12.519465736427122 2.9063527740263773 6.528656259447665 22.4068818397469 0.14615512621325877 8.279244169693882 3.826831645084088 -5.647080604527356 -3.4975913090376647 -7.007369285000545 2.046349744685916
27.655310621242485 11.714179868988808 2.8323510557895304 6.30742183382738 4.339498022323394 -0.6908389927357206 0.7268369721113999 15.254086445553295 21.913030543448215 35.80162584747739 17.878613075522765 20.391629582002427 9.673696561859611 14.050149128587105 1.2788377493675798 4.2488705160925795 20.882029364196462 8.718674226690856 12.526719970303262 2.9136070079025167 6.535910493323804 22.41413607362304 0.1534093600893982 8.286498403570022 3.8340858789602272 -5.639826370651217 -3.4903370751615252 -7.000115051124405 2.0536039785620552
27.715430861723444 11.721426558381385 2.8395977451821075 6.314668523219957 4.346744711715971 -0.6835923033431612 0.734083661503977 15.261333134945872 21.920277232840782 35.80887253686996 17.88585976491534 20.398876271394993 9.68094325125217 14.057395817979682 1.2860844387601569 4.256117205485157 20.889276053589043 8.725920916083433 12.533966659695839 2.920853697295094 6.5431571827163815 22.421382763015608 0.16065604948197532 8.293745092962599 3.8413325683528043 -5.6325796812586395 -3.483090385768948 -6.992868361731828 2.0608506679546146
27.775551102204407 11.728665709870327 2.84683689667105 6.321907674708882 4.353983863204913 -0.6763531518542187 0.7413228129929195 15.268572286434814 21.927516384329728 35.81611168835891 17.893098916404284 20.406115422883936 9.688182402741113 14.064634969468624 1.2933235902490994 4.263356356974099 20.896515205077982 8.733160067572358 12.541205811184781 2.9280928487840363 6.550396334205324 22.428621914504554 0.1678952009709178 8.300984244451541 3.848571719841747 -5.625340529769715 -3.4758512342800234 -6.985629210242886 2.068089819443557
27.83567134268537 11.7358973303085 2.854068517109205 6.329139295147055 4.361215483643068 -0.6691215314160459 0.7485544334310745 15.27580390687297 21.93474800476789 35.82334330879707 17.900330536842457 20.4133470433221 9.695414023179286 14.07186658990678 1.3005552106872722 4.270587977412254 20.903746825516148 8.740391688010531 12.548437431622936 2.935324469222209 6.557627954643497 22.435853534942716 0.17512682140909064 8.308215864889696 3.8558033402799197 -5.618108909331542 -3.4686196138418506 -6.978397589804713 2.07532143988173
27.895791583166332 11.743121421275049 2.861292608075754 6.336363386113604 4.368439574609617 -0.661897440449497 0.7557785243976234 15.283027997839518 21.94197209573444 35.830567399763616 17.907554627809006 20.420571134288647 9.702638114145834 14.079090680873328 1.3077793016538033 4.277812068378803 20.910970916482697 8.74761577897708 12.555661522589485 2.942548560188758 6.564852045610046 22.443077625909265 0.1823509123756395 8.315439955856245 3.8630274312464685 -5.610884818364993 -3.4613955228753017 -6.971173498838164 2.0825455308482788
27.955911823647295 11.750337986593795 2.8685091733945 6.34357995143235 4.375656139928363 -0.6546808751307509 0.7629950897163695 15.290244563158264 21.949188661053185 35.83778396508236 17.914771193127734 20.427787699607396 9.70985467946458 14.086307246192074 1.3149958669725494 4.285028633697549 20.918187481801443 8.754832344295826 12.562878087908231 2.949765125507504 6.572068610928774 22.45029419122801 0.18956747769438564 8.322656521174991 3.8702439965652147 -5.603668253046247 -3.4541789575565556 -6.963956933519418 2.089762096167025
28.016032064128254 11.757547032658238 2.8757182194589603 6.350788997496792 4.382865185992806 -0.6474718290663084 0.7702041357808298 15.297453609222725 21.956397707117638 35.844993011146805 17.921980239192195 20.434996745671835 9.717063725529023 14.093516292256517 1.3222049130370097 4.292237679761992 20.925396527865885 8.762041390360269 12.570087133972674 2.9569741715719466 6.579277656993234 22.457503237292464 0.19677652375882815 8.329865567239434 3.877453042629657 -5.596459206981804 -3.446969911492113 -6.956747887454975 2.0969711422314674
28.076152304609217 11.764748566647487 2.88291975344821 6.35799053148606 4.390066719982073 -0.6402702950770411 0.7774056697700793 15.304655143211974 21.963599241106895 35.852194545136065 17.929181773181444 20.442198279661095 9.72426525951829 14.100717826245784 1.3294064470262592 4.299439213751259 20.932598061855145 8.769242924349536 12.577288667961941 2.964175705561196 6.586479190982484 22.46470477128172 0.20397805774807765 8.337067101228701 3.8846545766189067 -5.589257672992537 -3.439768377502846 -6.949546353465726 2.104172676220717
28.13627254509018 11.771942591854803 2.8901137786555076 6.365184556693357 4.397260745189371 -0.6330762698697434 0.784599694977377 15.311849168419272 21.970793266314192 35.85938857034338 17.93637579838876 20.4493923048684 9.731459284725588 14.107911851453082 1.3366004722335747 4.306633238958557 20.93979208706245 8.776436949556834 12.584482693169239 2.9713697307685116 6.593673216189799 22.47189879648902 0.21117208295539314 8.344261126435999 3.891848601826222 -5.5820636477852394 -3.432574352295548 -6.94235232825841 2.1113667014280324
