web/models/kne.last_good/kappa_0.5_3.0.v1/7/villar_0.1775_0.1240_3.0000.dat
# %ECSV 1.0
# ---
# datatype:
# - {name: time, datatype: float64}
# - {name: swift_uvot_uvw2, datatype: float64}
# - {name: swift_uvot_uvm2, datatype: float64}
# - {name: swift_uvot_uvw1, datatype: float64}
# - {name: swift_uvot_U, datatype: float64}
# - {name: swift_uvot_B, datatype: float64}
# - {name: swift_uvot_V, datatype: float64}
# - {name: swift_uvot_W, datatype: float64}
# - {name: johnson_U, datatype: float64}
# - {name: johnson_B, datatype: float64}
# - {name: johnson_V, datatype: float64}
# - {name: johnson_R, datatype: float64}
# - {name: johnson_I, datatype: float64}
# - {name: sdss_u, datatype: float64}
# - {name: sdss_g, datatype: float64}
# - {name: sdss_r, datatype: float64}
# - {name: sdss_i, datatype: float64}
# - {name: sdss_z, datatype: float64}
# - {name: PS1_g, datatype: float64}
# - {name: PS1_r, datatype: float64}
# - {name: PS1_i, datatype: float64}
# - {name: PS1_z, datatype: float64}
# - {name: PS1_Y, datatype: float64}
# - {name: PS1_w, datatype: float64}
# - {name: ATLAS_c, datatype: float64}
# - {name: ATLAS_o, datatype: float64}
# - {name: ukirt_J, datatype: float64}
# - {name: ukirt_H, datatype: float64}
# - {name: ukirt_K, datatype: float64}
# - {name: Clear, datatype: float64}
# meta: !!omap
# - comment: [kappa = 3.0, type = villar, mass = 0.1774768329891343, velocity = 0.124, theta_obs = 0.0]
# schema: astropy-2.0
time swift_uvot_uvw2 swift_uvot_uvm2 swift_uvot_uvw1 swift_uvot_U swift_uvot_B swift_uvot_V swift_uvot_W johnson_U johnson_B johnson_V johnson_R johnson_I sdss_u sdss_g sdss_r sdss_i sdss_z PS1_g PS1_r PS1_i PS1_z PS1_Y PS1_w ATLAS_c ATLAS_o ukirt_J ukirt_H ukirt_K Clear
[from data line 354]
38.092613 -2.63 2.586 10.108 11.895 6.069 1.94 -0.419 10.899 5.447 1.431 -2.438 -4.929 11.489 4.133 -0.354 -2.993 -4.98 -3.897 -3.747 -4.187 -5.14 -6.494 -1.887 1.14 -2.189 -7.62 -8.994 -9.909 -5.705
39.244698 -2.121 3.095 10.617 12.404 6.578 2.449 0.09 11.408 5.957 1.94 -1.929 -4.419 11.998 4.642 0.155 -2.484 -4.471 -3.388 -3.238 -3.678 -4.631 -5.985 -1.378 1.65 -1.68 -7.111 -8.485 -9.4 -5.196
40.431627 -1.58 3.635 11.158 12.945 7.119 2.989 0.63 11.949 6.497 2.481 -1.388 -3.879 12.538 5.183 0.696 -1.944 -3.93 -2.847 -2.697 -3.137 -4.09 -5.444 -0.838 2.19 -1.139 -6.571 -7.945 -8.859 -4.655
41.654454 -1.007 4.209 11.731 13.519 7.693 3.563 1.204 12.522 7.071 3.055 -0.815 -3.305 13.112 5.757 1.269 -1.37 -3.356 -2.273 -2.124 -2.564 -3.516 -4.871 -0.264 2.764 -0.565 -5.997 -7.371 -8.285 -4.082
42.914265 -0.398 4.818 12.34 14.127 8.301 4.172 1.813 13.131 7.68 3.663 -0.206 -2.696 13.721 6.365 1.878 -0.761 -2.748 -1.665 -1.515 -1.955 -2.908 -4.262 0.345 3.373 0.043 -5.388 -6.762 -7.677 -3.473
44.212178 0.249 5.464 12.986 14.774 8.948 4.818 2.459 13.778 8.326 4.31 0.44 -2.05 14.367 7.012 2.524 -0.115 -2.101 -1.018 -0.869 -1.309 -2.261 -3.615 0.991 4.019 0.69 -4.742 -6.116 -7.03 -2.826
45.549345 0.934 6.15 13.672 15.46 9.634 5.504 3.145 14.463 9.012 4.996 1.126 -1.364 15.053 7.698 3.21 0.571 -1.415 -0.332 -0.183 -0.623 -1.575 -2.929 1.677 4.705 1.376 -4.056 -5.43 -6.344 -2.14
46.926954 1.663 6.878 14.401 16.188 10.362 6.232 3.873 15.192 9.74 5.724 1.854 -0.636 15.781 8.426 3.938 1.299 -0.687 0.396 0.545 0.105 -0.847 -2.201 2.405 5.433 2.104 -3.328 -4.702 -5.616 -1.412
48.346227 2.435 7.651 15.173 16.96 11.134 7.005 4.646 15.964 10.513 6.497 2.627 0.137 16.554 9.199 4.711 2.072 0.086 1.169 1.318 0.878 -0.075 -1.429 3.178 6.206 2.877 -2.555 -3.929 -4.844 -0.64
49.808426 3.256 8.471 15.994 17.781 11.955 7.825 5.466 16.785 11.333 7.317 3.447 0.957 17.374 10.019 5.531 2.892 0.906 1.989 2.138 1.698 0.746 -0.608 3.998 7.026 3.697 -1.735 -3.109 -4.023 0.181
51.314848 4.126 9.342 16.864 18.651 12.825 8.696 6.337 17.655 12.203 8.187 4.318 1.828 18.245 10.889 6.402 3.763 1.776 2.859 3.009 2.569 1.616 0.262 4.869 7.896 4.567 -0.864 -2.238 -3.153 1.051
52.86683 5.05 10.266 17.788 19.575 13.749 9.62 7.261 18.579 13.127 9.111 5.242 2.752 19.169 11.813 7.326 4.687 2.7 3.783 3.933 3.493 2.54 1.186 5.793 8.821 5.491 0.06 -1.314 -2.229 1.975
54.465752 6.031 11.247 18.769 20.556 14.73 10.6 8.242 19.56 14.108 10.092 6.223 3.732 20.15 12.794 8.307 5.667 3.681 4.764 4.914 4.474 3.521 2.167 6.774 9.801 6.472 1.041 -0.333 -1.248 2.956
56.113031 7.072 12.288 19.81 21.597 15.771 11.641 9.283 20.601 15.149 11.133 7.264 4.773 21.191 13.835 9.348 6.708 4.722 5.805 5.955 5.515 4.562 3.208 7.815 10.842 7.513 2.082 0.708 -0.207 3.997
57.810132 8.177 13.393 20.915 22.702 16.876 12.746 10.387 21.706 16.254 12.238 8.369 5.878 22.296 14.94 10.453 7.813 5.827 6.91 7.06 6.62 5.667 4.313 8.92 11.947 8.618 3.187 1.812 0.898 5.102
59.55856 9.35 14.565 22.088 23.875 18.049 13.919 11.56 22.879 17.427 13.411 9.542 7.051 23.468 16.113 11.626 8.986 7.0 8.083 8.233 7.793 6.84 5.486 10.092 13.12 9.791 4.359 2.985 2.071 6.275
61.359868 10.595 15.81 23.332 25.12 19.294 15.164 12.805 24.124 18.672 14.656 10.786 8.296 24.713 17.358 12.87 10.231 8.245 9.328 9.477 9.037 8.085 6.731 11.337 14.365 11.036 5.604 4.23 3.316 7.52
63.215655 11.916 17.131 24.654 26.441 20.615 16.485 14.126 25.445 19.993 15.977 12.108 9.617 26.035 18.679 14.192 11.552 9.566 10.649 10.799 10.359 9.406 8.052 12.658 15.686 12.357 6.925 5.551 4.637 8.841
65.127569 13.318 18.534 26.056 27.843 22.017 17.888 15.529 26.847 21.395 17.379 13.51 11.02 27.437 20.081 15.594 12.955 10.968 12.051 12.201 11.761 10.808 9.454 14.061 17.088 13.759 8.328 6.954 6.039 10.243
67.097308 14.807 20.022 27.545 29.332 23.506 19.376 17.017 28.336 22.884 18.868 14.998 12.508 28.925 21.57 17.082 14.443 12.457 13.54 13.689 13.249 12.297 10.943 15.549 18.577 15.248 9.816 8.442 7.528 11.732
69.126621 16.386 21.602 29.124 30.912 25.086 20.956 18.597 29.915 24.464 20.448 16.578 14.088 30.505 23.15 18.662 16.023 14.037 15.12 15.269 14.829 13.877 12.522 17.129 20.157 16.828 11.396 10.022 9.108 13.312
71.217308 18.063 23.279 30.801 32.588 26.762 22.633 20.274 31.592 26.141 22.125 18.255 15.765 32.182 24.827 20.339 17.7 15.714 16.797 16.946 16.506 15.553 14.199 18.806 21.834 18.505 13.073 11.699 10.784 14.988
73.371227 19.843 25.059 32.581 34.368 28.542 24.413 22.054 33.372 27.92 23.904 20.035 17.545 33.962 26.606 22.119 19.48 17.493 18.576 18.726 18.286 17.333 15.979 20.586 23.613 20.284 14.853 13.479 12.564 16.768
75.59029 21.732 26.948 34.47 36.257 30.431 26.302 23.943 35.261 29.81 25.793 21.924 19.434 35.851 28.496 24.008 21.369 19.382 20.466 20.615 20.175 19.222 17.868 22.475 25.503 22.174 16.742 15.368 14.453 18.657
77.876467 23.737 28.953 36.475 38.263 32.437 28.307 25.948 37.266 31.815 27.799 23.929 21.439 37.856 30.501 26.013 23.374 21.388 22.471 22.62 22.18 21.228 19.873 24.48 27.508 24.179 18.747 17.373 16.459 20.662
80.231787 25.866 31.081 38.604 40.391 34.565 30.435 28.076 39.395 33.943 29.927 26.057 23.567 39.984 32.629 28.141 25.502 23.516 24.599 24.749 24.309 23.356 22.002 26.608 29.636 26.307 20.875 19.501 18.587 22.791
82.658343 28.125 33.34 40.863 42.65 36.824 32.694 30.335 41.654 36.202 32.186 28.316 25.826 42.243 34.888 30.4 27.761 25.775 26.858 27.007 26.567 25.615 24.261 28.867 31.895 28.566 23.134 21.76 20.846 25.05
85.158288 30.522 35.738 43.26 45.047 39.221 35.092 32.733 44.051 38.6 34.583 30.714 28.224 44.641 37.285 32.798 30.159 28.172 29.255 29.405 28.965 28.012 26.658 31.265 34.293 30.963 25.532 24.158 23.243 27.447
87.733843 33.067 38.283 45.805 47.592 41.766 37.637 35.278 46.596 41.144 37.128 33.259 30.768 47.186 39.83 35.343 32.704 30.717 31.8 31.95 31.51 30.557 29.203 33.81 36.837 33.508 28.077 26.703 25.788 29.992
90.387293 35.768 40.984 48.506 50.293 44.467 40.338 37.979 49.297 43.846 39.829 35.96 33.47 49.887 42.531 38.044 35.405 33.418 34.501 34.651 34.211 33.258 31.904 36.511 39.539 36.209 30.778 29.404 28.489 32.693
93.120995 38.635 43.851 51.373 53.16 47.334 43.205 40.846 52.164 46.712 42.696 38.827 36.337 52.754 45.398 40.911 38.272 36.285 37.368 37.518 37.078 36.125 34.771 39.378 42.406 39.076 33.645 32.271 31.356 35.56
95.937376 41.678 46.894 54.416 56.203 50.377 46.248 43.889 55.207 49.756 45.739 41.87 39.38 55.797 48.441 43.954 41.315 39.328 40.411 40.561 40.121 39.168 37.814 42.421 45.449 42.119 36.688 35.314 34.399 38.603
98.838937 44.908 50.124 57.646 59.433 53.607 49.478 47.119 58.437 52.985 48.969 45.1 42.609 59.027 51.671 47.184 44.545 42.558 43.641 43.791 43.351 42.398 41.044 45.651 48.678 45.349 39.918 38.544 37.629 41.833
101.828253 48.336 53.552 61.074 62.861 57.035 52.906 50.547 61.865 56.414 52.397 48.528 46.038 62.455 55.1 50.612 47.973 45.986 47.07 47.219 46.779 45.826 44.472 49.079 52.107 48.778 43.346 41.972 41.057 45.261
104.907979 51.975 57.191 64.713 66.5 60.674 56.544 54.186 65.504 60.052 56.036 52.167 49.676 66.094 58.738 54.251 51.611 49.625 50.708 50.858 50.418 49.465 48.111 52.718 55.745 52.416 46.985 45.611 44.696 48.9
108.080849 55.837 61.053 68.575 70.362 64.536 60.407 58.048 69.366 63.914 59.898 56.029 53.539 69.956 62.6 58.113 55.474 53.487 54.57 54.72 54.28 53.327 51.973 56.58 59.607 56.278 50.847 49.473 48.558 52.762
111.349681 59.936 65.152 72.674 74.462 68.636 64.506 62.147 73.465 68.014 63.998 60.128 57.638 74.055 66.7 62.212 59.573 57.587 58.67 58.819 58.379 57.427 56.072 60.679 63.707 60.378 54.946 53.572 52.658 56.861
114.717376 64.287 69.503 77.025 78.813 72.987 68.857 66.498 77.816 72.365 68.349 64.479 61.989 78.406 71.051 66.563 63.924 61.938 63.021 63.17 62.73 61.778 60.423 65.03 68.058 64.729 59.297 57.923 57.009 61.212
118.186925 68.906 74.121 81.644 83.431 77.605 73.475 71.116 82.435 76.983 72.967 69.097 66.607 83.024 75.669 71.181 68.542 66.556 67.639 67.788 67.348 66.396 65.042 69.648 72.676 69.347 63.915 62.541 61.627 65.831
121.761408 73.807 79.023 86.545 88.332 82.506 78.377 76.018 87.336 81.885 77.868 73.999 71.509 87.926 80.57 76.083 73.444 71.457 72.54 72.69 72.25 71.297 69.943 74.55 77.578 74.248 68.817 67.443 66.528 70.732
125.443999 79.01 84.226 91.748 93.535 87.709 83.579 81.22 92.539 87.087 83.071 79.202 76.711 93.129 85.773 81.286 78.646 76.66 77.743 77.893 77.453 76.5 75.146 79.753 82.78 79.451 74.02 72.646 71.731 75.935
129.237967 84.532 89.748 97.27 99.057 93.231 89.102 86.743 98.061 92.609 88.593 84.724 82.234 98.651 91.295 86.808 84.169 82.182 83.265 83.415 82.975 82.022 80.668 85.275 88.302 84.973 79.542 78.168 77.253 81.457
133.146681 90.393 95.609 103.131 104.919 99.093 94.963 92.604 103.922 98.471 94.455 90.585 88.095 104.512 97.157 92.669 90.03 88.044 89.127 89.276 88.836 87.884 86.529 91.136 94.164 90.835 85.403 84.029 83.115 87.318
137.173612 96.615 101.83 109.353 111.14 105.314 101.184 98.825 110.144 104.692 100.676 96.806 94.316 110.733 103.378 98.89 96.251 94.265 95.348 95.497 95.057 94.105 92.751 97.357 100.385 97.056 91.624 90.25 89.336 93.54
141.322334 103.218 108.433 115.956 117.743 111.917 107.787 105.428 116.747 111.295 107.279 103.409 100.919 117.336 109.981 105.493 102.854 100.868 101.951 102.101 101.661 100.708 99.354 103.96 106.988 103.659 98.227 96.853 95.939 100.143
145.596532 110.226 115.442 122.964 124.751 118.925 114.796 112.437 123.755 118.304 114.287 110.418 107.928 124.345 116.99 112.502 109.863 107.876 108.959 109.109 108.669 107.716 106.362 110.969 113.997 110.668 105.236 103.862 102.947 107.151
150.0 117.665 122.881 130.403 132.19 126.364 122.235 119.876 131.194 125.743 121.726 117.857 115.367 131.784 124.428 119.941 117.302 115.315 116.398 116.548 116.108 115.155 113.801 118.408 121.436 118.106 112.675 111.301 110.386 114.59
