web/models/kne.last_good/kappa_0.5_3.0.v1/7/villar_0.0120_0.2023_0.5000.dat
# %ECSV 1.0
# ---
# datatype:
# - {name: time, datatype: float64}
# - {name: swift_uvot_uvw2, datatype: float64}
# - {name: swift_uvot_uvm2, datatype: float64}
# - {name: swift_uvot_uvw1, datatype: float64}
# - {name: swift_uvot_U, datatype: float64}
# - {name: swift_uvot_B, datatype: float64}
# - {name: swift_uvot_V, datatype: float64}
# - {name: swift_uvot_W, datatype: float64}
# - {name: johnson_U, datatype: float64}
# - {name: johnson_B, datatype: float64}
# - {name: johnson_V, datatype: float64}
# - {name: johnson_R, datatype: float64}
# - {name: johnson_I, datatype: float64}
# - {name: sdss_u, datatype: float64}
# - {name: sdss_g, datatype: float64}
# - {name: sdss_r, datatype: float64}
# - {name: sdss_i, datatype: float64}
# - {name: sdss_z, datatype: float64}
# - {name: PS1_g, datatype: float64}
# - {name: PS1_r, datatype: float64}
# - {name: PS1_i, datatype: float64}
# - {name: PS1_z, datatype: float64}
# - {name: PS1_Y, datatype: float64}
# - {name: PS1_w, datatype: float64}
# - {name: ATLAS_c, datatype: float64}
# - {name: ATLAS_o, datatype: float64}
# - {name: ukirt_J, datatype: float64}
# - {name: ukirt_H, datatype: float64}
# - {name: ukirt_K, datatype: float64}
# - {name: Clear, datatype: float64}
# meta: !!omap
# - comment: [kappa = 0.5, type = villar, mass = 0.012011244339858356, velocity = 0.20233333333333337, theta_obs = 0.0]
# schema: astropy-2.0
time swift_uvot_uvw2 swift_uvot_uvm2 swift_uvot_uvw1 swift_uvot_U swift_uvot_B swift_uvot_V swift_uvot_W johnson_U johnson_B johnson_V johnson_R johnson_I sdss_u sdss_g sdss_r sdss_i sdss_z PS1_g PS1_r PS1_i PS1_z PS1_Y PS1_w ATLAS_c ATLAS_o ukirt_J ukirt_H ukirt_K Clear
[from data line 361]
46.926954 783.739 788.955 nan nan nan nan 786.008 nan nan nan nan 787.825 nan nan nan nan 788.808 782.474 782.678 782.657 782.243 780.497 nan nan nan 782.312 778.812 776.186 780.71
48.346227 783.739 788.955 nan nan nan nan 786.008 nan nan nan nan 787.825 nan nan nan nan 788.808 782.474 782.678 782.657 782.243 780.497 nan nan nan 782.312 778.812 776.186 780.71
49.808426 783.739 788.955 nan nan nan nan 786.008 nan nan nan nan 787.825 nan nan nan nan 788.808 782.474 782.678 782.657 782.243 780.497 nan nan nan 782.312 778.812 776.186 780.71
51.314848 783.739 788.955 nan nan nan nan 786.008 nan nan nan nan 787.825 nan nan nan nan 788.808 782.474 782.678 782.657 782.243 780.497 nan nan nan 782.312 778.812 776.186 780.71
52.86683 783.739 788.955 nan nan nan nan 786.008 nan nan nan nan 787.825 nan nan nan nan 788.808 782.474 782.678 782.657 782.243 780.497 nan nan nan 782.312 778.812 776.186 780.71
54.465752 783.739 788.955 nan nan nan nan 786.008 nan nan nan nan 787.825 nan nan nan nan 788.808 782.474 782.678 782.657 782.243 780.497 nan nan nan 782.312 778.812 776.186 780.71
56.113031 783.739 788.955 nan nan nan nan 786.008 nan nan nan nan 787.825 nan nan nan nan 788.808 782.474 782.678 782.657 782.243 780.497 nan nan nan 782.312 778.812 776.186 780.71
57.810132 783.739 788.955 nan nan nan nan 786.008 nan nan nan nan 787.825 nan nan nan nan 788.808 782.474 782.678 782.657 782.243 780.497 nan nan nan 782.312 778.812 776.186 780.71
59.55856 783.739 788.955 nan nan nan nan 786.008 nan nan nan nan 787.825 nan nan nan nan 788.808 782.474 782.678 782.657 782.243 780.497 nan nan nan 782.312 778.812 776.186 780.71
61.359868 783.739 788.955 nan nan nan nan 786.008 nan nan nan nan 787.825 nan nan nan nan 788.808 782.474 782.678 782.657 782.243 780.497 nan nan nan 782.312 778.812 776.186 780.71
63.215655 783.739 788.955 nan nan nan nan 786.008 nan nan nan nan 787.825 nan nan nan nan 788.808 782.474 782.678 782.657 782.243 780.497 nan nan nan 782.312 778.812 776.186 780.71
65.127569 783.739 788.955 nan nan nan nan 786.008 nan nan nan nan 787.825 nan nan nan nan 788.808 782.474 782.678 782.657 782.243 780.497 nan nan nan 782.312 778.812 776.186 780.71
67.097308 783.739 788.955 nan nan nan nan 786.008 nan nan nan nan 787.825 nan nan nan nan 788.808 782.474 782.678 782.657 782.243 780.497 nan nan nan 782.312 778.812 776.186 780.71
69.126621 783.739 788.955 nan nan nan nan 786.008 nan nan nan nan 787.825 nan nan nan nan 788.808 782.474 782.678 782.657 782.243 780.497 nan nan nan 782.312 778.812 776.186 780.71
71.217308 783.739 788.955 nan nan nan nan 786.008 nan nan nan nan 787.825 nan nan nan nan 788.808 782.474 782.678 782.657 782.243 780.497 nan nan nan 782.312 778.812 776.186 780.71
73.371227 783.739 788.955 nan nan nan nan 786.008 nan nan nan nan 787.825 nan nan nan nan 788.808 782.474 782.678 782.657 782.243 780.497 nan nan nan 782.312 778.812 776.186 780.71
75.59029 783.739 788.955 nan nan nan nan 786.008 nan nan nan nan 787.825 nan nan nan nan 788.808 782.474 782.678 782.657 782.243 780.497 nan nan nan 782.312 778.812 776.186 780.71
77.876467 783.739 788.955 nan nan nan nan 786.008 nan nan nan nan 787.825 nan nan nan nan 788.808 782.474 782.678 782.657 782.243 780.497 nan nan nan 782.312 778.812 776.186 780.71
80.231787 783.739 788.955 nan nan nan nan 786.008 nan nan nan nan 787.825 nan nan nan nan 788.808 782.474 782.678 782.657 782.243 780.497 nan nan nan 782.312 778.812 776.186 780.71
82.658343 783.739 788.955 nan nan nan nan 786.008 nan nan nan nan 787.825 nan nan nan nan 788.808 782.474 782.678 782.657 782.243 780.497 nan nan nan 782.312 778.812 776.186 780.71
85.158288 783.739 788.955 nan nan nan nan 786.008 nan nan nan nan 787.825 nan nan nan nan 788.808 782.474 782.678 782.657 782.243 780.497 nan nan nan 782.312 778.812 776.186 780.71
87.733843 783.739 788.955 nan nan nan nan 786.008 nan nan nan nan 787.825 nan nan nan nan 788.808 782.474 782.678 782.657 782.243 780.497 nan nan nan 782.312 778.812 776.186 780.71
90.387293 783.739 788.955 nan nan nan nan 786.008 nan nan nan nan 787.825 nan nan nan nan 788.808 782.474 782.678 782.657 782.243 780.497 nan nan nan 782.312 778.812 776.186 780.71
93.120995 783.739 788.955 nan nan nan nan 786.008 nan nan nan nan 787.825 nan nan nan nan 788.808 782.474 782.678 782.657 782.243 780.497 nan nan nan 782.312 778.812 776.186 780.71
95.937376 783.739 788.955 nan nan nan nan 786.008 nan nan nan nan 787.825 nan nan nan nan 788.808 782.474 782.678 782.657 782.243 780.497 nan nan nan 782.312 778.812 776.186 780.71
98.838937 783.739 788.955 nan nan nan nan 786.008 nan nan nan nan 787.825 nan nan nan nan 788.808 782.474 782.678 782.657 782.243 780.497 nan nan nan 782.312 778.812 776.186 780.71
101.828253 783.739 788.955 nan nan nan nan 786.008 nan nan nan nan 787.825 nan nan nan nan 788.808 782.474 782.678 782.657 782.243 780.497 nan nan nan 782.312 778.812 776.186 780.71
104.907979 783.739 788.955 nan nan nan nan 786.008 nan nan nan nan 787.825 nan nan nan nan 788.808 782.474 782.678 782.657 782.243 780.497 nan nan nan 782.312 778.812 776.186 780.71
108.080849 783.739 788.955 nan nan nan nan 786.008 nan nan nan nan 787.825 nan nan nan nan 788.808 782.474 782.678 782.657 782.243 780.497 nan nan nan 782.312 778.812 776.186 780.71
111.349681 783.739 788.955 nan nan nan nan 786.008 nan nan nan nan 787.825 nan nan nan nan 788.808 782.474 782.678 782.657 782.243 780.497 nan nan nan 782.312 778.812 776.186 780.71
114.717376 783.739 788.955 nan nan nan nan 786.008 nan nan nan nan 787.825 nan nan nan nan 788.808 782.474 782.678 782.657 782.243 780.497 nan nan nan 782.312 778.812 776.186 780.71
118.186925 783.739 788.955 nan nan nan nan 786.008 nan nan nan nan 787.825 nan nan nan nan 788.808 782.474 782.678 782.657 782.243 780.497 nan nan nan 782.312 778.812 776.186 780.71
121.761408 783.739 788.955 nan nan nan nan 786.008 nan nan nan nan 787.825 nan nan nan nan 788.808 782.474 782.678 782.657 782.243 780.497 nan nan nan 782.312 778.812 776.186 780.71
125.443999 783.739 788.955 nan nan nan nan 786.008 nan nan nan nan 787.825 nan nan nan nan 788.808 782.474 782.678 782.657 782.243 780.497 nan nan nan 782.312 778.812 776.186 780.71
129.237967 783.739 788.955 nan nan nan nan 786.008 nan nan nan nan 787.825 nan nan nan nan 788.808 782.474 782.678 782.657 782.243 780.497 nan nan nan 782.312 778.812 776.186 780.71
133.146681 783.739 788.955 nan nan nan nan 786.008 nan nan nan nan 787.825 nan nan nan nan 788.808 782.474 782.678 782.657 782.243 780.497 nan nan nan 782.312 778.812 776.186 780.71
137.173612 783.739 788.955 nan nan nan nan 786.008 nan nan nan nan 787.825 nan nan nan nan 788.808 782.474 782.678 782.657 782.243 780.497 nan nan nan 782.312 778.812 776.186 780.71
141.322334 783.739 788.955 nan nan nan nan 786.008 nan nan nan nan 787.825 nan nan nan nan 788.808 782.474 782.678 782.657 782.243 780.497 nan nan nan 782.312 778.812 776.186 780.71
145.596532 783.739 788.955 nan nan nan nan 786.008 nan nan nan nan 787.825 nan nan nan nan 788.808 782.474 782.678 782.657 782.243 780.497 nan nan nan 782.312 778.812 776.186 780.71
150.0 783.739 788.955 nan nan nan nan 786.008 nan nan nan nan 787.825 nan nan nan nan 788.808 782.474 782.678 782.657 782.243 780.497 nan nan nan 782.312 778.812 776.186 780.71
