web/models/kne.last_good/kappa_0.5_3.0.v1/7/villar_0.0023_0.4373_3.0000.dat
# %ECSV 1.0
# ---
# datatype:
# - {name: time, datatype: float64}
# - {name: swift_uvot_uvw2, datatype: float64}
# - {name: swift_uvot_uvm2, datatype: float64}
# - {name: swift_uvot_uvw1, datatype: float64}
# - {name: swift_uvot_U, datatype: float64}
# - {name: swift_uvot_B, datatype: float64}
# - {name: swift_uvot_V, datatype: float64}
# - {name: swift_uvot_W, datatype: float64}
# - {name: johnson_U, datatype: float64}
# - {name: johnson_B, datatype: float64}
# - {name: johnson_V, datatype: float64}
# - {name: johnson_R, datatype: float64}
# - {name: johnson_I, datatype: float64}
# - {name: sdss_u, datatype: float64}
# - {name: sdss_g, datatype: float64}
# - {name: sdss_r, datatype: float64}
# - {name: sdss_i, datatype: float64}
# - {name: sdss_z, datatype: float64}
# - {name: PS1_g, datatype: float64}
# - {name: PS1_r, datatype: float64}
# - {name: PS1_i, datatype: float64}
# - {name: PS1_z, datatype: float64}
# - {name: PS1_Y, datatype: float64}
# - {name: PS1_w, datatype: float64}
# - {name: ATLAS_c, datatype: float64}
# - {name: ATLAS_o, datatype: float64}
# - {name: ukirt_J, datatype: float64}
# - {name: ukirt_H, datatype: float64}
# - {name: ukirt_K, datatype: float64}
# - {name: Clear, datatype: float64}
# meta: !!omap
# - comment: [kappa = 3.0, type = villar, mass = 0.0022901433483143324, velocity = 0.43733333333333335, theta_obs = 0.0]
# schema: astropy-2.0
time swift_uvot_uvw2 swift_uvot_uvm2 swift_uvot_uvw1 swift_uvot_U swift_uvot_B swift_uvot_V swift_uvot_W johnson_U johnson_B johnson_V johnson_R johnson_I sdss_u sdss_g sdss_r sdss_i sdss_z PS1_g PS1_r PS1_i PS1_z PS1_Y PS1_w ATLAS_c ATLAS_o ukirt_J ukirt_H ukirt_K Clear
[from data line 148]
0.082253 -8.654 -9.029 -9.826 -10.965 -11.508 -11.805 -10.673 -11.069 -11.512 -11.808 -11.901 -11.863 -11.046 -11.628 -11.885 -11.913 -11.854 -11.684 -11.894 -11.922 -11.886 -11.865 -11.832 -11.756 -11.899 -11.577 -11.243 -10.786 -11.799
0.084741 -8.626 -8.996 -9.81 -10.964 -11.521 -11.828 -10.679 -11.071 -11.525 -11.831 -11.93 -11.899 -11.048 -11.644 -11.912 -11.945 -11.891 -11.701 -11.921 -11.955 -11.922 -11.902 -11.858 -11.778 -11.928 -11.619 -11.288 -10.834 -11.825
0.087304 -8.598 -8.963 -9.792 -10.964 -11.533 -11.849 -10.685 -11.073 -11.537 -11.853 -11.96 -11.934 -11.048 -11.659 -11.938 -11.977 -11.927 -11.718 -11.947 -11.987 -11.957 -11.94 -11.884 -11.798 -11.957 -11.661 -11.334 -10.881 -11.85
0.089944 -8.568 -8.928 -9.773 -10.962 -11.544 -11.87 -10.69 -11.073 -11.548 -11.874 -11.989 -11.969 -11.048 -11.674 -11.964 -12.009 -11.963 -11.735 -11.973 -12.018 -11.992 -11.977 -11.91 -11.818 -11.985 -11.703 -11.378 -10.929 -11.875
0.092665 -8.539 -8.892 -9.753 -10.959 -11.554 -11.891 -10.695 -11.073 -11.559 -11.895 -12.017 -12.004 -11.047 -11.688 -11.989 -12.04 -11.998 -11.751 -11.998 -12.05 -12.027 -12.014 -11.935 -11.838 -12.013 -11.744 -11.423 -10.976 -11.899
0.095467 -8.508 -8.855 -9.733 -10.955 -11.564 -11.911 -10.699 -11.071 -11.569 -11.915 -12.045 -12.038 -11.045 -11.702 -12.014 -12.071 -12.033 -11.766 -12.023 -12.081 -12.061 -12.05 -11.959 -11.857 -12.041 -11.786 -11.468 -11.023 -11.923
0.098355 -8.477 -8.816 -9.711 -10.951 -11.573 -11.93 -10.703 -11.069 -11.578 -11.935 -12.073 -12.072 -11.042 -11.715 -12.038 -12.101 -12.068 -11.78 -12.048 -12.111 -12.096 -12.087 -11.983 -11.875 -12.068 -11.827 -11.512 -11.07 -11.946
0.101329 -8.445 -8.776 -9.688 -10.945 -11.581 -11.949 -10.706 -11.066 -11.587 -11.954 -12.1 -12.106 -11.038 -11.727 -12.062 -12.131 -12.103 -11.794 -12.072 -12.141 -12.129 -12.123 -12.006 -11.893 -12.094 -11.868 -11.557 -11.117 -11.969
0.104394 -8.413 -8.734 -9.664 -10.939 -11.588 -11.967 -10.708 -11.062 -11.595 -11.972 -12.127 -12.139 -11.033 -11.739 -12.085 -12.161 -12.137 -11.808 -12.095 -12.171 -12.163 -12.158 -12.029 -11.91 -12.121 -11.908 -11.601 -11.164 -11.992
0.107551 -8.38 -8.691 -9.639 -10.931 -11.595 -11.984 -10.71 -11.057 -11.602 -11.99 -12.153 -12.172 -11.027 -11.749 -12.108 -12.19 -12.171 -11.82 -12.118 -12.2 -12.196 -12.194 -12.052 -11.926 -12.146 -11.949 -11.644 -11.211 -12.014
0.110804 -8.347 -8.647 -9.613 -10.923 -11.601 -12.001 -10.711 -11.051 -11.608 -12.008 -12.178 -12.205 -11.021 -11.76 -12.13 -12.219 -12.204 -11.832 -12.14 -12.229 -12.229 -12.229 -12.074 -11.942 -12.171 -11.989 -11.688 -11.257 -12.035
0.114155 -8.313 -8.601 -9.586 -10.913 -11.606 -12.017 -10.712 -11.044 -11.613 -12.024 -12.204 -12.237 -11.013 -11.769 -12.151 -12.247 -12.237 -11.843 -12.162 -12.258 -12.261 -12.263 -12.095 -11.957 -12.196 -12.029 -11.732 -11.303 -12.056
0.117608 -8.279 -8.553 -9.557 -10.903 -11.61 -12.033 -10.712 -11.036 -11.617 -12.04 -12.228 -12.269 -11.004 -11.777 -12.172 -12.275 -12.27 -11.854 -12.183 -12.286 -12.293 -12.298 -12.116 -11.972 -12.22 -12.068 -11.775 -11.35 -12.077
0.121165 -8.244 -8.504 -9.528 -10.891 -11.613 -12.048 -10.711 -11.027 -11.621 -12.055 -12.252 -12.3 -10.994 -11.785 -12.193 -12.302 -12.302 -11.863 -12.204 -12.313 -12.324 -12.332 -12.137 -11.986 -12.244 -12.107 -11.818 -11.396 -12.096
0.124829 -8.208 -8.453 -9.497 -10.878 -11.616 -12.062 -10.71 -11.017 -11.624 -12.07 -12.276 -12.331 -10.983 -11.792 -12.212 -12.328 -12.334 -11.872 -12.224 -12.34 -12.355 -12.365 -12.156 -11.999 -12.267 -12.146 -11.861 -11.441 -12.116
0.128605 -8.173 -8.401 -9.465 -10.864 -11.617 -12.075 -10.708 -11.006 -11.626 -12.083 -12.299 -12.361 -10.97 -11.798 -12.231 -12.355 -12.365 -11.88 -12.243 -12.366 -12.386 -12.398 -12.175 -12.011 -12.289 -12.185 -11.903 -11.487 -12.135
0.132494 -8.137 -8.347 -9.432 -10.849 -11.618 -12.087 -10.705 -10.994 -11.626 -12.096 -12.321 -12.392 -10.957 -11.803 -12.25 -12.38 -12.396 -11.887 -12.261 -12.392 -12.416 -12.431 -12.194 -12.023 -12.311 -12.224 -11.946 -11.533 -12.153
0.136502 -8.101 -8.291 -9.397 -10.833 -11.617 -12.099 -10.701 -10.98 -11.626 -12.109 -12.343 -12.421 -10.942 -11.807 -12.268 -12.405 -12.427 -11.894 -12.279 -12.417 -12.446 -12.464 -12.212 -12.034 -12.332 -12.262 -11.988 -11.578 -12.171
0.14063 -8.064 -8.233 -9.361 -10.815 -11.616 -12.11 -10.697 -10.965 -11.625 -12.12 -12.364 -12.45 -10.927 -11.811 -12.285 -12.43 -12.457 -11.899 -12.297 -12.442 -12.475 -12.496 -12.229 -12.044 -12.353 -12.299 -12.03 -11.623 -12.188
0.144883 -8.028 -8.173 -9.324 -10.796 -11.613 -12.12 -10.692 -10.949 -11.623 -12.131 -12.385 -12.479 -10.909 -11.813 -12.301 -12.454 -12.486 -11.904 -12.313 -12.466 -12.503 -12.527 -12.246 -12.053 -12.373 -12.337 -12.071 -11.668 -12.204
0.149265 -7.991 -8.112 -9.285 -10.776 -11.609 -12.13 -10.686 -10.932 -11.62 -12.14 -12.405 -12.507 -10.891 -11.815 -12.316 -12.477 -12.515 -11.908 -12.329 -12.49 -12.532 -12.558 -12.262 -12.062 -12.392 -12.374 -12.113 -11.713 -12.22
0.15378 -7.954 -8.048 -9.245 -10.754 -11.605 -12.138 -10.679 -10.913 -11.616 -12.149 -12.424 -12.534 -10.871 -11.815 -12.331 -12.5 -12.544 -11.91 -12.344 -12.513 -12.559 -12.589 -12.277 -12.069 -12.411 -12.411 -12.154 -11.757 -12.235
0.15843 -7.917 -7.983 -9.203 -10.731 -11.599 -12.145 -10.671 -10.893 -11.61 -12.157 -12.443 -12.561 -10.85 -11.814 -12.345 -12.522 -12.572 -11.912 -12.358 -12.535 -12.586 -12.619 -12.291 -12.076 -12.429 -12.447 -12.194 -11.802 -12.249
0.163222 -7.881 -7.915 -9.16 -10.706 -11.592 -12.152 -10.663 -10.871 -11.604 -12.164 -12.46 -12.588 -10.827 -11.813 -12.358 -12.543 -12.599 -11.913 -12.372 -12.557 -12.613 -12.648 -12.305 -12.082 -12.446 -12.483 -12.235 -11.846 -12.263
0.168159 -7.844 -7.845 -9.115 -10.68 -11.584 -12.157 -10.653 -10.848 -11.596 -12.17 -12.477 -12.613 -10.803 -11.81 -12.371 -12.564 -12.626 -11.913 -12.384 -12.578 -12.639 -12.678 -12.318 -12.087 -12.462 -12.518 -12.275 -11.889 -12.276
0.173245 -7.808 -7.773 -9.069 -10.652 -11.574 -12.162 -10.643 -10.824 -11.587 -12.176 -12.494 -12.639 -10.777 -11.806 -12.382 -12.584 -12.652 -11.911 -12.396 -12.598 -12.664 -12.706 -12.33 -12.09 -12.478 -12.554 -12.315 -11.933 -12.288
0.178484 -7.772 -7.699 -9.021 -10.623 -11.563 -12.165 -10.632 -10.798 -11.577 -12.18 -12.509 -12.663 -10.75 -11.801 -12.392 -12.603 -12.678 -11.909 -12.407 -12.617 -12.689 -12.734 -12.342 -12.093 -12.492 -12.588 -12.354 -11.976 -12.3
0.183882 -7.737 -7.622 -8.971 -10.592 -11.551 -12.168 -10.619 -10.77 -11.565 -12.183 -12.524 -12.687 -10.721 -11.794 -12.402 -12.622 -12.703 -11.905 -12.417 -12.636 -12.713 -12.762 -12.352 -12.095 -12.506 -12.622 -12.394 -12.02 -12.311
0.189444 -7.702 -7.543 -8.92 -10.56 -11.538 -12.169 -10.606 -10.741 -11.552 -12.185 -12.538 -12.71 -10.69 -11.787 -12.411 -12.639 -12.727 -11.9 -12.426 -12.654 -12.736 -12.789 -12.362 -12.096 -12.52 -12.656 -12.432 -12.062 -12.321
0.195173 -7.668 -7.462 -8.867 -10.525 -11.523 -12.169 -10.591 -10.71 -11.538 -12.185 -12.551 -12.733 -10.658 -11.778 -12.418 -12.656 -12.751 -11.894 -12.434 -12.671 -12.759 -12.815 -12.37 -12.095 -12.532 -12.69 -12.471 -12.105 -12.33
0.201076 -7.634 -7.377 -8.812 -10.489 -11.506 -12.168 -10.576 -10.677 -11.522 -12.185 -12.563 -12.755 -10.624 -11.767 -12.425 -12.672 -12.774 -11.887 -12.441 -12.688 -12.781 -12.84 -12.378 -12.094 -12.543 -12.722 -12.509 -12.147 -12.338
0.207158 -7.601 -7.29 -8.755 -10.45 -11.488 -12.166 -10.559 -10.643 -11.505 -12.183 -12.574 -12.776 -10.588 -11.756 -12.43 -12.687 -12.796 -11.878 -12.447 -12.703 -12.802 -12.865 -12.385 -12.091 -12.553 -12.755 -12.547 -12.189 -12.345
0.213423 -7.569 -7.201 -8.696 -10.41 -11.469 -12.162 -10.541 -10.606 -11.486 -12.18 -12.584 -12.796 -10.549 -11.743 -12.435 -12.701 -12.817 -11.868 -12.452 -12.718 -12.823 -12.89 -12.391 -12.087 -12.563 -12.787 -12.584 -12.231 -12.352
0.219878 -7.538 -7.108 -8.635 -10.368 -11.447 -12.157 -10.522 -10.567 -11.466 -12.176 -12.593 -12.815 -10.509 -11.728 -12.438 -12.715 -12.838 -11.857 -12.455 -12.731 -12.842 -12.913 -12.395 -12.081 -12.571 -12.818 -12.621 -12.272 -12.357
0.226528 -7.508 -7.012 -8.572 -10.323 -11.424 -12.151 -10.501 -10.527 -11.443 -12.171 -12.601 -12.834 -10.467 -11.712 -12.44 -12.727 -12.858 -11.844 -12.458 -12.744 -12.861 -12.936 -12.399 -12.075 -12.578 -12.848 -12.657 -12.313 -12.362
0.233379 -7.479 -6.914 -8.507 -10.277 -11.4 -12.143 -10.479 -10.484 -11.419 -12.163 -12.607 -12.852 -10.423 -11.694 -12.44 -12.738 -12.877 -11.829 -12.459 -12.755 -12.879 -12.958 -12.401 -12.067 -12.584 -12.878 -12.693 -12.354 -12.365
0.240437 -7.451 -6.812 -8.44 -10.228 -11.373 -12.134 -10.456 -10.439 -11.394 -12.155 -12.613 -12.869 -10.376 -11.674 -12.44 -12.748 -12.895 -11.813 -12.459 -12.766 -12.896 -12.979 -12.403 -12.057 -12.589 -12.908 -12.729 -12.394 -12.368
0.247709 -7.424 -6.707 -8.37 -10.176 -11.344 -12.123 -10.431 -10.391 -11.366 -12.145 -12.618 -12.885 -10.327 -11.653 -12.437 -12.757 -12.912 -11.796 -12.457 -12.775 -12.912 -12.999 -12.403 -12.046 -12.592 -12.936 -12.764 -12.434 -12.369
0.255201 -7.399 -6.598 -8.298 -10.122 -11.314 -12.11 -10.405 -10.342 -11.336 -12.133 -12.621 -12.899 -10.275 -11.629 -12.434 -12.765 -12.928 -11.776 -12.454 -12.783 -12.927 -13.019 -12.401 -12.033 -12.595 -12.965 -12.798 -12.473 -12.369
0.262919 -7.375 -6.486 -8.224 -10.066 -11.281 -12.096 -10.377 -10.289 -11.304 -12.12 -12.623 -12.913 -10.221 -11.604 -12.429 -12.771 -12.943 -11.755 -12.45 -12.79 -12.94 -13.037 -12.399 -12.019 -12.596 -12.992 -12.832 -12.512 -12.368
0.270871 -7.352 -6.37 -8.147 -10.006 -11.246 -12.079 -10.347 -10.234 -11.27 -12.104 -12.623 -12.926 -10.163 -11.577 -12.422 -12.777 -12.957 -11.732 -12.444 -12.796 -12.953 -13.055 -12.395 -12.003 -12.595 -13.018 -12.865 -12.551 -12.366
0.279064 -7.331 -6.25 -8.067 -9.944 -11.209 -12.061 -10.316 -10.176 -11.234 -12.087 -12.622 -12.937 -10.104 -11.547 -12.414 -12.78 -12.97 -11.707 -12.437 -12.8 -12.965 -13.071 -12.389 -11.985 -12.593 -13.044 -12.898 -12.589 -12.362
0.287504 -7.311 -6.126 -7.985 -9.878 -11.169 -12.041 -10.283 -10.115 -11.195 -12.068 -12.62 -12.948 -10.041 -11.516 -12.404 -12.783 -12.982 -11.68 -12.427 -12.803 -12.975 -13.087 -12.382 -11.965 -12.59 -13.069 -12.93 -12.627 -12.357
0.296199 -7.292 -5.999 -7.9 -9.81 -11.127 -12.019 -10.248 -10.051 -11.154 -12.047 -12.616 -12.957 -9.975 -11.482 -12.392 -12.784 -12.993 -11.651 -12.417 -12.805 -12.984 -13.101 -12.374 -11.943 -12.585 -13.093 -12.961 -12.664 -12.35
0.305157 -7.275 -5.867 -7.812 -9.738 -11.082 -11.995 -10.211 -9.984 -11.11 -12.024 -12.61 -12.965 -9.905 -11.446 -12.379 -12.783 -13.002 -11.62 -12.404 -12.805 -12.992 -13.114 -12.363 -11.919 -12.578 -13.116 -12.992 -12.7 -12.342
0.314387 -7.258 -5.73 -7.72 -9.663 -11.034 -11.968 -10.171 -9.914 -11.064 -11.999 -12.603 -12.971 -9.833 -11.407 -12.363 -12.781 -13.01 -11.586 -12.389 -12.803 -12.999 -13.126 -12.351 -11.893 -12.57 -13.138 -13.022 -12.736 -12.333
0.323895 -7.243 -5.589 -7.626 -9.584 -10.983 -11.939 -10.13 -9.84 -11.014 -11.971 -12.593 -12.976 -9.756 -11.365 -12.345 -12.777 -13.016 -11.55 -12.372 -12.8 -13.004 -13.137 -12.337 -11.865 -12.559 -13.16 -13.051 -12.772 -12.322
0.333691 -7.229 -5.444 -7.528 -9.501 -10.93 -11.908 -10.086 -9.762 -10.962 -11.941 -12.582 -12.979 -9.676 -11.321 -12.325 -12.771 -13.021 -11.511 -12.353 -12.795 -13.007 -13.146 -12.321 -11.834 -12.547 -13.18 -13.079 -12.807 -12.309
0.343783 -7.216 -5.294 -7.427 -9.414 -10.873 -11.874 -10.04 -9.681 -10.906 -11.908 -12.569 -12.981 -9.592 -11.273 -12.303 -12.764 -13.024 -11.47 -12.332 -12.788 -13.009 -13.154 -12.303 -11.801 -12.533 -13.199 -13.107 -12.841 -12.294
0.354181 -7.204 -5.139 -7.322 -9.323 -10.812 -11.837 -9.991 -9.595 -10.847 -11.873 -12.554 -12.981 -9.504 -11.223 -12.278 -12.754 -13.026 -11.426 -12.308 -12.779 -13.009 -13.16 -12.283 -11.765 -12.516 -13.216 -13.133 -12.874 -12.278
0.364893 -7.193 -4.979 -7.214 -9.228 -10.748 -11.797 -9.94 -9.505 -10.785 -11.834 -12.536 -12.979 -9.411 -11.169 -12.251 -12.742 -13.026 -11.379 -12.282 -12.767 -13.007 -13.165 -12.261 -11.726 -12.497 -13.233 -13.159 -12.907 -12.26
0.375929 -7.183 -4.815 -7.101 -9.127 -10.68 -11.754 -9.886 -9.411 -10.718 -11.793 -12.516 -12.976 -9.314 -11.111 -12.221 -12.728 -13.024 -11.329 -12.254 -12.754 -13.003 -13.168 -12.236 -11.684 -12.476 -13.248 -13.183 -12.939 -12.239
0.387298 -7.173 -4.645 -6.984 -9.022 -10.608 -11.708 -9.828 -9.311 -10.648 -11.748 -12.494 -12.97 -9.211 -11.05 -12.188 -12.712 -13.02 -11.275 -12.222 -12.738 -12.998 -13.169 -12.208 -11.639 -12.452 -13.262 -13.207 -12.97 -12.217
0.399012 -7.163 -4.472 -6.864 -8.912 -10.532 -11.658 -9.768 -9.207 -10.574 -11.7 -12.469 -12.962 -9.104 -10.986 -12.152 -12.693 -13.013 -11.219 -12.188 -12.72 -12.99 -13.169 -12.178 -11.591 -12.426 -13.274 -13.229 -13.0 -12.192
0.41108 -7.154 -4.293 -6.738 -8.795 -10.451 -11.604 -9.704 -9.097 -10.495 -11.648 -12.441 -12.952 -8.99 -10.917 -12.113 -12.671 -13.005 -11.159 -12.15 -12.7 -12.979 -13.166 -12.145 -11.539 -12.397 -13.285 -13.25 -13.03 -12.165
0.423513 -7.144 -4.111 -6.608 -8.673 -10.366 -11.547 -9.637 -8.981 -10.412 -11.592 -12.41 -12.94 -8.871 -10.843 -12.07 -12.646 -12.994 -11.095 -12.109 -12.676 -12.967 -13.161 -12.11 -11.484 -12.364 -13.294 -13.27 -13.058 -12.135
0.436321 -7.135 -3.926 -6.473 -8.545 -10.275 -11.485 -9.566 -8.859 -10.323 -11.533 -12.376 -12.925 -8.746 -10.765 -12.024 -12.619 -12.981 -11.027 -12.065 -12.65 -12.952 -13.154 -12.07 -11.424 -12.329 -13.301 -13.289 -13.086 -12.103
0.449518 -7.126 -3.738 -6.332 -8.41 -10.18 -11.419 -9.491 -8.731 -10.23 -11.469 -12.338 -12.907 -8.614 -10.682 -11.974 -12.588 -12.965 -10.955 -12.017 -12.62 -12.934 -13.145 -12.028 -11.361 -12.29 -13.307 -13.306 -13.112 -12.068
0.463113 -7.116 -3.549 -6.186 -8.268 -10.078 -11.348 -9.412 -8.596 -10.131 -11.4 -12.297 -12.887 -8.475 -10.594 -11.919 -12.554 -12.947 -10.879 -11.965 -12.587 -12.913 -13.132 -11.982 -11.293 -12.247 -13.31 -13.321 -13.137 -12.03
0.47712 -7.105 -3.36 -6.035 -8.118 -9.97 -11.273 -9.329 -8.454 -10.025 -11.327 -12.253 -12.863 -8.329 -10.5 -11.861 -12.517 -12.925 -10.799 -11.909 -12.55 -12.889 -13.118 -11.932 -11.22 -12.201 -13.311 -13.335 -13.161 -11.989
0.49155 -7.094 -3.172 -5.877 -7.96 -9.856 -11.192 -9.241 -8.303 -9.914 -11.248 -12.204 -12.836 -8.175 -10.401 -11.798 -12.475 -12.9 -10.714 -11.848 -12.51 -12.862 -13.1 -11.878 -11.143 -12.15 -13.31 -13.347 -13.183 -11.945
0.506416 -7.082 -2.988 -5.713 -7.794 -9.735 -11.105 -9.148 -8.145 -9.796 -11.164 -12.151 -12.806 -8.012 -10.295 -11.729 -12.429 -12.871 -10.623 -11.783 -12.466 -12.831 -13.079 -11.82 -11.06 -12.096 -13.307 -13.358 -13.205 -11.897
0.521733 -7.069 -2.81 -5.542 -7.618 -9.606 -11.012 -9.05 -7.978 -9.671 -11.074 -12.093 -12.772 -7.84 -10.182 -11.656 -12.379 -12.839 -10.528 -11.713 -12.417 -12.797 -13.055 -11.757 -10.971 -12.036 -13.301 -13.366 -13.224 -11.846
0.537512 -7.054 -2.64 -5.364 -7.433 -9.47 -10.913 -8.946 -7.801 -9.537 -10.978 -12.031 -12.734 -7.658 -10.062 -11.577 -12.325 -12.803 -10.428 -11.637 -12.364 -12.758 -13.028 -11.689 -10.876 -11.972 -13.292 -13.372 -13.242 -11.791
0.553769 -7.038 -2.48 -5.178 -7.237 -9.325 -10.806 -8.836 -7.614 -9.396 -10.874 -11.963 -12.692 -7.466 -9.935 -11.491 -12.265 -12.763 -10.322 -11.556 -12.306 -12.715 -12.997 -11.616 -10.775 -11.902 -13.28 -13.376 -13.259 -11.732
0.570517 -7.02 -2.333 -4.984 -7.03 -9.171 -10.693 -8.72 -7.416 -9.246 -10.764 -11.89 -12.645 -7.263 -9.799 -11.399 -12.2 -12.719 -10.211 -11.468 -12.243 -12.668 -12.961 -11.537 -10.666 -11.826 -13.265 -13.378 -13.273 -11.67
0.587772 -7.0 -2.2 -4.782 -6.811 -9.008 -10.571 -8.597 -7.207 -9.087 -10.646 -11.81 -12.594 -7.048 -9.654 -11.301 -12.129 -12.669 -10.093 -11.374 -12.174 -12.616 -12.922 -11.453 -10.551 -11.745 -13.246 -13.376 -13.286 -11.602
0.605549 -6.978 -2.081 -4.57 -6.579 -8.834 -10.44 -8.467 -6.985 -8.917 -10.519 -11.724 -12.537 -6.82 -9.5 -11.194 -12.051 -12.614 -9.97 -11.273 -12.099 -12.558 -12.877 -11.362 -10.427 -11.656 -13.224 -13.372 -13.296 -11.53
