web/models/kne.last_good/kappa_0.5_3.0.v1/7/villar_0.0120_0.4687_0.5000.dat
# %ECSV 1.0
# ---
# datatype:
# - {name: time, datatype: float64}
# - {name: swift_uvot_uvw2, datatype: float64}
# - {name: swift_uvot_uvm2, datatype: float64}
# - {name: swift_uvot_uvw1, datatype: float64}
# - {name: swift_uvot_U, datatype: float64}
# - {name: swift_uvot_B, datatype: float64}
# - {name: swift_uvot_V, datatype: float64}
# - {name: swift_uvot_W, datatype: float64}
# - {name: johnson_U, datatype: float64}
# - {name: johnson_B, datatype: float64}
# - {name: johnson_V, datatype: float64}
# - {name: johnson_R, datatype: float64}
# - {name: johnson_I, datatype: float64}
# - {name: sdss_u, datatype: float64}
# - {name: sdss_g, datatype: float64}
# - {name: sdss_r, datatype: float64}
# - {name: sdss_i, datatype: float64}
# - {name: sdss_z, datatype: float64}
# - {name: PS1_g, datatype: float64}
# - {name: PS1_r, datatype: float64}
# - {name: PS1_i, datatype: float64}
# - {name: PS1_z, datatype: float64}
# - {name: PS1_Y, datatype: float64}
# - {name: PS1_w, datatype: float64}
# - {name: ATLAS_c, datatype: float64}
# - {name: ATLAS_o, datatype: float64}
# - {name: ukirt_J, datatype: float64}
# - {name: ukirt_H, datatype: float64}
# - {name: ukirt_K, datatype: float64}
# - {name: Clear, datatype: float64}
# meta: !!omap
# - comment: [kappa = 0.5, type = villar, mass = 0.012011244339858356, velocity = 0.4686666666666667, theta_obs = 0.0]
# schema: astropy-2.0
time swift_uvot_uvw2 swift_uvot_uvm2 swift_uvot_uvw1 swift_uvot_U swift_uvot_B swift_uvot_V swift_uvot_W johnson_U johnson_B johnson_V johnson_R johnson_I sdss_u sdss_g sdss_r sdss_i sdss_z PS1_g PS1_r PS1_i PS1_z PS1_Y PS1_w ATLAS_c ATLAS_o ukirt_J ukirt_H ukirt_K Clear
[from data line 363]
49.808426 788.119 793.335 nan nan nan nan 790.388 nan nan nan nan nan nan nan nan nan nan 786.854 787.058 787.037 786.623 784.878 nan nan nan 788.298 783.191 780.565 785.09
51.314848 788.119 793.335 nan nan nan nan 790.388 nan nan nan nan nan nan nan nan nan nan 786.854 787.058 787.037 786.623 784.878 nan nan nan 788.298 783.191 780.565 785.09
52.86683 788.119 793.335 nan nan nan nan 790.388 nan nan nan nan nan nan nan nan nan nan 786.854 787.058 787.037 786.623 784.878 nan nan nan 788.298 783.191 780.565 785.09
54.465752 788.119 793.335 nan nan nan nan 790.388 nan nan nan nan nan nan nan nan nan nan 786.854 787.058 787.037 786.623 784.878 nan nan nan 788.298 783.191 780.565 785.09
56.113031 788.119 793.335 nan nan nan nan 790.388 nan nan nan nan nan nan nan nan nan nan 786.854 787.058 787.037 786.623 784.878 nan nan nan 788.298 783.191 780.565 785.09
57.810132 788.119 793.335 nan nan nan nan 790.388 nan nan nan nan nan nan nan nan nan nan 786.854 787.058 787.037 786.623 784.878 nan nan nan 788.298 783.191 780.565 785.09
59.55856 788.119 793.335 nan nan nan nan 790.388 nan nan nan nan nan nan nan nan nan nan 786.854 787.058 787.037 786.623 784.878 nan nan nan 788.298 783.191 780.565 785.09
61.359868 788.119 793.335 nan nan nan nan 790.388 nan nan nan nan nan nan nan nan nan nan 786.854 787.058 787.037 786.623 784.878 nan nan nan 788.298 783.191 780.565 785.09
63.215655 788.119 793.335 nan nan nan nan 790.388 nan nan nan nan nan nan nan nan nan nan 786.854 787.058 787.037 786.623 784.878 nan nan nan 788.298 783.191 780.565 785.09
65.127569 788.119 793.335 nan nan nan nan 790.388 nan nan nan nan nan nan nan nan nan nan 786.854 787.058 787.037 786.623 784.878 nan nan nan 788.298 783.191 780.565 785.09
67.097308 788.119 793.335 nan nan nan nan 790.388 nan nan nan nan nan nan nan nan nan nan 786.854 787.058 787.037 786.623 784.878 nan nan nan 788.298 783.191 780.565 785.09
69.126621 788.119 793.335 nan nan nan nan 790.388 nan nan nan nan nan nan nan nan nan nan 786.854 787.058 787.037 786.623 784.878 nan nan nan 788.298 783.191 780.565 785.09
71.217308 788.119 793.335 nan nan nan nan 790.388 nan nan nan nan nan nan nan nan nan nan 786.854 787.058 787.037 786.623 784.878 nan nan nan 788.298 783.191 780.565 785.09
73.371227 788.119 793.335 nan nan nan nan 790.388 nan nan nan nan nan nan nan nan nan nan 786.854 787.058 787.037 786.623 784.878 nan nan nan 788.298 783.191 780.565 785.09
75.59029 788.119 793.335 nan nan nan nan 790.388 nan nan nan nan nan nan nan nan nan nan 786.854 787.058 787.037 786.623 784.878 nan nan nan 788.298 783.191 780.565 785.09
77.876467 788.119 793.335 nan nan nan nan 790.388 nan nan nan nan nan nan nan nan nan nan 786.854 787.058 787.037 786.623 784.878 nan nan nan 788.298 783.191 780.565 785.09
80.231787 788.119 793.335 nan nan nan nan 790.388 nan nan nan nan nan nan nan nan nan nan 786.854 787.058 787.037 786.623 784.878 nan nan nan 788.298 783.191 780.565 785.09
82.658343 788.119 793.335 nan nan nan nan 790.388 nan nan nan nan nan nan nan nan nan nan 786.854 787.058 787.037 786.623 784.878 nan nan nan 788.298 783.191 780.565 785.09
85.158288 788.119 793.335 nan nan nan nan 790.388 nan nan nan nan nan nan nan nan nan nan 786.854 787.058 787.037 786.623 784.878 nan nan nan 788.298 783.191 780.565 785.09
87.733843 788.119 793.335 nan nan nan nan 790.388 nan nan nan nan nan nan nan nan nan nan 786.854 787.058 787.037 786.623 784.878 nan nan nan 788.298 783.191 780.565 785.09
90.387293 788.119 793.335 nan nan nan nan 790.388 nan nan nan nan nan nan nan nan nan nan 786.854 787.058 787.037 786.623 784.878 nan nan nan 788.298 783.191 780.565 785.09
93.120995 788.119 793.335 nan nan nan nan 790.388 nan nan nan nan nan nan nan nan nan nan 786.854 787.058 787.037 786.623 784.878 nan nan nan 788.298 783.191 780.565 785.09
95.937376 788.119 793.335 nan nan nan nan 790.388 nan nan nan nan nan nan nan nan nan nan 786.854 787.058 787.037 786.623 784.878 nan nan nan 788.298 783.191 780.565 785.09
98.838937 788.119 793.335 nan nan nan nan 790.388 nan nan nan nan nan nan nan nan nan nan 786.854 787.058 787.037 786.623 784.878 nan nan nan 788.298 783.191 780.565 785.09
101.828253 788.119 793.335 nan nan nan nan 790.388 nan nan nan nan nan nan nan nan nan nan 786.854 787.058 787.037 786.623 784.878 nan nan nan 788.298 783.191 780.565 785.09
104.907979 788.119 793.335 nan nan nan nan 790.388 nan nan nan nan nan nan nan nan nan nan 786.854 787.058 787.037 786.623 784.878 nan nan nan 788.298 783.191 780.565 785.09
108.080849 788.119 793.335 nan nan nan nan 790.388 nan nan nan nan nan nan nan nan nan nan 786.854 787.058 787.037 786.623 784.878 nan nan nan 788.298 783.191 780.565 785.09
111.349681 788.119 793.335 nan nan nan nan 790.388 nan nan nan nan nan nan nan nan nan nan 786.854 787.058 787.037 786.623 784.878 nan nan nan 788.298 783.191 780.565 785.09
114.717376 788.119 793.335 nan nan nan nan 790.388 nan nan nan nan nan nan nan nan nan nan 786.854 787.058 787.037 786.623 784.878 nan nan nan 788.298 783.191 780.565 785.09
118.186925 788.119 793.335 nan nan nan nan 790.388 nan nan nan nan nan nan nan nan nan nan 786.854 787.058 787.037 786.623 784.878 nan nan nan 788.298 783.191 780.565 785.09
121.761408 788.119 793.335 nan nan nan nan 790.388 nan nan nan nan nan nan nan nan nan nan 786.854 787.058 787.037 786.623 784.878 nan nan nan 788.298 783.191 780.565 785.09
125.443999 788.119 793.335 nan nan nan nan 790.388 nan nan nan nan nan nan nan nan nan nan 786.854 787.058 787.037 786.623 784.878 nan nan nan 788.298 783.191 780.565 785.09
129.237967 788.119 793.335 nan nan nan nan 790.388 nan nan nan nan nan nan nan nan nan nan 786.854 787.058 787.037 786.623 784.878 nan nan nan 788.298 783.191 780.565 785.09
133.146681 788.119 793.335 nan nan nan nan 790.388 nan nan nan nan nan nan nan nan nan nan 786.854 787.058 787.037 786.623 784.878 nan nan nan 788.298 783.191 780.565 785.09
137.173612 788.119 793.335 nan nan nan nan 790.388 nan nan nan nan nan nan nan nan nan nan 786.854 787.058 787.037 786.623 784.878 nan nan nan 788.298 783.191 780.565 785.09
141.322334 788.119 793.335 nan nan nan nan 790.388 nan nan nan nan nan nan nan nan nan nan 786.854 787.058 787.037 786.623 784.878 nan nan nan 788.298 783.191 780.565 785.09
145.596532 788.119 793.335 nan nan nan nan 790.388 nan nan nan nan nan nan nan nan nan nan 786.854 787.058 787.037 786.623 784.878 nan nan nan 788.298 783.191 780.565 785.09
150.0 788.119 793.335 nan nan nan nan 790.388 nan nan nan nan nan nan nan nan nan nan 786.854 787.058 787.037 786.623 784.878 nan nan nan 788.298 783.191 780.565 785.09
