web/models/kne.last_good/kappa_0.5_3.0.v1/7/villar_0.0512_0.5000_3.0000.dat
# %ECSV 1.0
# ---
# datatype:
# - {name: time, datatype: float64}
# - {name: swift_uvot_uvw2, datatype: float64}
# - {name: swift_uvot_uvm2, datatype: float64}
# - {name: swift_uvot_uvw1, datatype: float64}
# - {name: swift_uvot_U, datatype: float64}
# - {name: swift_uvot_B, datatype: float64}
# - {name: swift_uvot_V, datatype: float64}
# - {name: swift_uvot_W, datatype: float64}
# - {name: johnson_U, datatype: float64}
# - {name: johnson_B, datatype: float64}
# - {name: johnson_V, datatype: float64}
# - {name: johnson_R, datatype: float64}
# - {name: johnson_I, datatype: float64}
# - {name: sdss_u, datatype: float64}
# - {name: sdss_g, datatype: float64}
# - {name: sdss_r, datatype: float64}
# - {name: sdss_i, datatype: float64}
# - {name: sdss_z, datatype: float64}
# - {name: PS1_g, datatype: float64}
# - {name: PS1_r, datatype: float64}
# - {name: PS1_i, datatype: float64}
# - {name: PS1_z, datatype: float64}
# - {name: PS1_Y, datatype: float64}
# - {name: PS1_w, datatype: float64}
# - {name: ATLAS_c, datatype: float64}
# - {name: ATLAS_o, datatype: float64}
# - {name: ukirt_J, datatype: float64}
# - {name: ukirt_H, datatype: float64}
# - {name: ukirt_K, datatype: float64}
# - {name: Clear, datatype: float64}
# meta: !!omap
# - comment: [kappa = 3.0, type = villar, mass = 0.051209162050732976, velocity = 0.5, theta_obs = 0.0]
# schema: astropy-2.0
time swift_uvot_uvw2 swift_uvot_uvm2 swift_uvot_uvw1 swift_uvot_U swift_uvot_B swift_uvot_V swift_uvot_W johnson_U johnson_B johnson_V johnson_R johnson_I sdss_u sdss_g sdss_r sdss_i sdss_z PS1_g PS1_r PS1_i PS1_z PS1_Y PS1_w ATLAS_c ATLAS_o ukirt_J ukirt_H ukirt_K Clear
[from data line 212]
0.553769 -10.512 -10.435 -11.76 -13.364 -14.306 -14.909 -13.374 -13.539 -14.319 -14.923 -15.254 -15.409 -13.491 -14.543 -15.137 -15.348 -15.424 -14.652 -15.151 -15.363 -15.435 -15.48 -15.086 -14.837 -15.237 -15.335 -15.101 -14.724 -15.044
0.570517 -10.483 -10.367 -11.717 -13.339 -14.298 -14.915 -13.366 -13.517 -14.312 -14.93 -15.272 -15.435 -13.467 -14.541 -15.15 -15.37 -15.451 -14.652 -15.165 -15.384 -15.461 -15.51 -15.1 -14.842 -15.254 -15.371 -15.142 -14.768 -15.059
0.587772 -10.455 -10.297 -11.673 -13.312 -14.29 -14.921 -13.358 -13.494 -14.304 -14.936 -15.289 -15.461 -13.443 -14.539 -15.162 -15.39 -15.478 -14.652 -15.177 -15.405 -15.487 -15.539 -15.113 -14.847 -15.271 -15.407 -15.183 -14.812 -15.072
0.605549 -10.427 -10.226 -11.628 -13.284 -14.28 -14.925 -13.349 -13.469 -14.295 -14.941 -15.305 -15.487 -13.417 -14.535 -15.173 -15.41 -15.504 -14.651 -15.189 -15.426 -15.513 -15.568 -15.125 -14.851 -15.286 -15.442 -15.223 -14.857 -15.085
0.623863 -10.4 -10.152 -11.581 -13.255 -14.269 -14.929 -13.339 -13.443 -14.285 -14.945 -15.321 -15.511 -13.39 -14.53 -15.184 -15.43 -15.53 -14.649 -15.2 -15.445 -15.538 -15.596 -15.137 -14.854 -15.301 -15.477 -15.263 -14.9 -15.097
0.642731 -10.374 -10.076 -11.533 -13.225 -14.258 -14.931 -13.328 -13.416 -14.274 -14.949 -15.336 -15.536 -13.361 -14.524 -15.194 -15.449 -15.556 -14.645 -15.21 -15.464 -15.562 -15.624 -15.148 -14.856 -15.316 -15.512 -15.303 -14.944 -15.109
0.66217 -10.348 -9.998 -11.484 -13.193 -14.244 -14.933 -13.316 -13.387 -14.262 -14.951 -15.35 -15.559 -13.331 -14.516 -15.203 -15.467 -15.58 -14.641 -15.22 -15.483 -15.586 -15.652 -15.159 -14.858 -15.329 -15.546 -15.342 -14.987 -15.12
0.682197 -10.324 -9.918 -11.433 -13.159 -14.23 -14.934 -13.304 -13.357 -14.248 -14.952 -15.364 -15.582 -13.299 -14.508 -15.211 -15.484 -15.605 -14.636 -15.228 -15.5 -15.609 -15.678 -15.168 -14.858 -15.342 -15.58 -15.381 -15.03 -15.13
0.70283 -10.301 -9.836 -11.381 -13.124 -14.215 -14.933 -13.29 -13.325 -14.233 -14.953 -15.376 -15.605 -13.266 -14.499 -15.218 -15.501 -15.628 -14.629 -15.236 -15.517 -15.632 -15.705 -15.177 -14.857 -15.354 -15.614 -15.42 -15.073 -15.139
0.724086 -10.279 -9.752 -11.327 -13.087 -14.198 -14.932 -13.276 -13.292 -14.217 -14.952 -15.388 -15.627 -13.231 -14.488 -15.224 -15.516 -15.651 -14.622 -15.243 -15.534 -15.654 -15.73 -15.185 -14.855 -15.365 -15.647 -15.458 -15.116 -15.148
0.745986 -10.258 -9.665 -11.271 -13.048 -14.179 -14.929 -13.26 -13.257 -14.199 -14.95 -15.399 -15.648 -13.195 -14.476 -15.23 -15.532 -15.673 -14.613 -15.249 -15.549 -15.675 -15.756 -15.192 -14.853 -15.375 -15.679 -15.496 -15.158 -15.156
0.768548 -10.238 -9.576 -11.214 -13.007 -14.16 -14.925 -13.244 -13.22 -14.18 -14.947 -15.41 -15.668 -13.156 -14.463 -15.234 -15.546 -15.695 -14.603 -15.253 -15.564 -15.695 -15.78 -15.198 -14.849 -15.385 -15.711 -15.534 -15.201 -15.163
0.791792 -10.219 -9.484 -11.155 -12.965 -14.138 -14.92 -13.226 -13.181 -14.16 -14.943 -15.419 -15.688 -13.116 -14.448 -15.237 -15.559 -15.716 -14.592 -15.257 -15.577 -15.715 -15.804 -15.203 -14.844 -15.393 -15.743 -15.571 -15.242 -15.169
0.815739 -10.202 -9.39 -11.095 -12.921 -14.116 -14.914 -13.207 -13.141 -14.138 -14.937 -15.427 -15.707 -13.074 -14.432 -15.239 -15.572 -15.736 -14.58 -15.26 -15.59 -15.734 -15.827 -15.207 -14.837 -15.401 -15.774 -15.608 -15.284 -15.175
0.840411 -10.186 -9.293 -11.033 -12.875 -14.091 -14.907 -13.187 -13.099 -14.115 -14.931 -15.434 -15.725 -13.03 -14.415 -15.24 -15.583 -15.756 -14.566 -15.262 -15.602 -15.753 -15.85 -15.21 -14.83 -15.407 -15.805 -15.645 -15.325 -15.179
0.865828 -10.171 -9.194 -10.969 -12.827 -14.065 -14.898 -13.166 -13.055 -14.09 -14.923 -15.441 -15.743 -12.984 -14.396 -15.24 -15.594 -15.774 -14.551 -15.262 -15.613 -15.77 -15.872 -15.213 -14.821 -15.413 -15.835 -15.681 -15.366 -15.183
0.892015 -10.157 -9.091 -10.903 -12.777 -14.038 -14.888 -13.144 -13.008 -14.063 -14.914 -15.446 -15.759 -12.936 -14.375 -15.239 -15.604 -15.792 -14.534 -15.261 -15.623 -15.787 -15.893 -15.214 -14.811 -15.417 -15.864 -15.717 -15.407 -15.186
0.918993 -10.145 -8.986 -10.835 -12.724 -14.009 -14.876 -13.121 -12.96 -14.034 -14.903 -15.45 -15.775 -12.886 -14.353 -15.236 -15.612 -15.809 -14.516 -15.26 -15.633 -15.803 -15.913 -15.214 -14.8 -15.421 -15.893 -15.752 -15.447 -15.188
0.946787 -10.134 -8.878 -10.765 -12.669 -13.977 -14.863 -13.096 -12.909 -14.004 -14.891 -15.453 -15.79 -12.833 -14.33 -15.233 -15.62 -15.825 -14.497 -15.256 -15.641 -15.818 -15.933 -15.213 -14.787 -15.423 -15.921 -15.787 -15.487 -15.189
0.975422 -10.124 -8.767 -10.693 -12.612 -13.944 -14.848 -13.069 -12.857 -13.972 -14.877 -15.455 -15.804 -12.779 -14.304 -15.227 -15.626 -15.84 -14.476 -15.252 -15.647 -15.831 -15.951 -15.21 -14.772 -15.424 -15.949 -15.821 -15.527 -15.189
1.004923 -10.116 -8.653 -10.619 -12.553 -13.909 -14.832 -13.042 -12.801 -13.938 -14.862 -15.456 -15.817 -12.721 -14.277 -15.221 -15.631 -15.855 -14.453 -15.246 -15.653 -15.844 -15.969 -15.207 -14.756 -15.423 -15.976 -15.855 -15.566 -15.187
1.035317 -10.108 -8.536 -10.543 -12.491 -13.872 -14.814 -13.013 -12.744 -13.902 -14.845 -15.455 -15.829 -12.662 -14.248 -15.213 -15.636 -15.868 -14.429 -15.239 -15.658 -15.856 -15.986 -15.202 -14.739 -15.422 -16.002 -15.888 -15.605 -15.185
1.066629 -10.102 -8.416 -10.464 -12.426 -13.833 -14.794 -12.982 -12.683 -13.864 -14.826 -15.453 -15.84 -12.599 -14.217 -15.203 -15.638 -15.88 -14.403 -15.23 -15.661 -15.867 -16.002 -15.196 -14.72 -15.419 -16.027 -15.921 -15.643 -15.181
1.098888 -10.097 -8.292 -10.384 -12.359 -13.791 -14.773 -12.949 -12.621 -13.824 -14.806 -15.45 -15.849 -12.534 -14.184 -15.192 -15.64 -15.891 -14.375 -15.22 -15.663 -15.877 -16.017 -15.188 -14.699 -15.415 -16.052 -15.953 -15.681 -15.177
1.132124 -10.093 -8.166 -10.301 -12.288 -13.747 -14.749 -12.915 -12.555 -13.781 -14.784 -15.445 -15.858 -12.466 -14.148 -15.179 -15.64 -15.901 -14.345 -15.208 -15.664 -15.886 -16.031 -15.179 -14.676 -15.409 -16.076 -15.984 -15.719 -15.171
1.166364 -10.089 -8.036 -10.215 -12.215 -13.701 -14.724 -12.879 -12.486 -13.736 -14.76 -15.439 -15.865 -12.395 -14.111 -15.164 -15.639 -15.91 -14.313 -15.195 -15.663 -15.893 -16.044 -15.169 -14.652 -15.402 -16.099 -16.015 -15.756 -15.163
1.20164 -10.087 -7.902 -10.127 -12.138 -13.652 -14.696 -12.842 -12.415 -13.689 -14.733 -15.431 -15.871 -12.321 -14.071 -15.148 -15.636 -15.917 -14.28 -15.179 -15.661 -15.899 -16.056 -15.157 -14.625 -15.393 -16.121 -16.045 -15.792 -15.155
1.237983 -10.085 -7.766 -10.036 -12.058 -13.601 -14.667 -12.802 -12.34 -13.639 -14.705 -15.422 -15.876 -12.244 -14.029 -15.13 -15.632 -15.923 -14.244 -15.162 -15.658 -15.904 -16.066 -15.143 -14.597 -15.382 -16.143 -16.075 -15.828 -15.145
1.275425 -10.084 -7.626 -9.942 -11.975 -13.547 -14.635 -12.76 -12.261 -13.586 -14.674 -15.411 -15.88 -12.163 -13.984 -15.109 -15.626 -15.928 -14.206 -15.143 -15.652 -15.907 -16.076 -15.127 -14.566 -15.37 -16.163 -16.104 -15.863 -15.133
1.313999 -10.083 -7.483 -9.846 -11.888 -13.489 -14.6 -12.717 -12.18 -13.53 -14.641 -15.398 -15.882 -12.078 -13.937 -15.087 -15.618 -15.932 -14.165 -15.122 -15.645 -15.909 -16.084 -15.11 -14.533 -15.356 -16.182 -16.132 -15.898 -15.121
1.35374 -10.083 -7.337 -9.746 -11.797 -13.429 -14.564 -12.671 -12.094 -13.472 -14.606 -15.383 -15.882 -11.99 -13.886 -15.062 -15.608 -15.934 -14.122 -15.099 -15.637 -15.909 -16.091 -15.091 -14.497 -15.339 -16.2 -16.159 -15.933 -15.106
1.394683 -10.083 -7.189 -9.643 -11.702 -13.366 -14.524 -12.622 -12.005 -13.41 -14.568 -15.366 -15.881 -11.898 -13.833 -15.035 -15.597 -15.934 -14.077 -15.073 -15.626 -15.908 -16.096 -15.069 -14.459 -15.321 -16.218 -16.185 -15.966 -15.09
1.436864 -10.083 -7.038 -9.538 -11.603 -13.299 -14.482 -12.571 -11.912 -13.345 -14.527 -15.347 -15.878 -11.802 -13.777 -15.006 -15.584 -15.933 -14.029 -15.045 -15.613 -15.905 -16.1 -15.046 -14.419 -15.301 -16.234 -16.211 -15.999 -15.072
1.480321 -10.083 -6.885 -9.428 -11.5 -13.228 -14.436 -12.518 -11.814 -13.276 -14.484 -15.325 -15.873 -11.701 -13.717 -14.974 -15.568 -15.929 -13.979 -15.015 -15.599 -15.9 -16.102 -15.02 -14.376 -15.278 -16.248 -16.235 -16.031 -15.052
1.525092 -10.084 -6.73 -9.316 -11.392 -13.154 -14.388 -12.462 -11.712 -13.204 -14.437 -15.302 -15.867 -11.596 -13.654 -14.94 -15.55 -15.924 -13.925 -14.982 -15.582 -15.893 -16.102 -14.992 -14.329 -15.253 -16.262 -16.259 -16.063 -15.031
1.571218 -10.084 -6.575 -9.199 -11.279 -13.076 -14.337 -12.403 -11.605 -13.128 -14.388 -15.276 -15.858 -11.486 -13.588 -14.902 -15.53 -15.918 -13.869 -14.947 -15.563 -15.885 -16.101 -14.962 -14.28 -15.226 -16.274 -16.281 -16.093 -15.007
1.618738 -10.084 -6.42 -9.079 -11.161 -12.994 -14.282 -12.341 -11.493 -13.048 -14.335 -15.247 -15.848 -11.371 -13.518 -14.862 -15.508 -15.909 -13.81 -14.909 -15.541 -15.874 -16.098 -14.929 -14.228 -15.196 -16.284 -16.302 -16.123 -14.981
1.667696 -10.083 -6.266 -8.954 -11.038 -12.907 -14.223 -12.276 -11.376 -12.964 -14.278 -15.216 -15.835 -11.25 -13.443 -14.818 -15.483 -15.897 -13.747 -14.867 -15.517 -15.861 -16.093 -14.893 -14.172 -15.163 -16.293 -16.323 -16.152 -14.954
1.718134 -10.082 -6.114 -8.826 -10.908 -12.816 -14.161 -12.208 -11.254 -12.875 -14.218 -15.182 -15.82 -11.124 -13.365 -14.771 -15.455 -15.884 -13.682 -14.823 -15.49 -15.845 -16.086 -14.854 -14.113 -15.128 -16.301 -16.342 -16.18 -14.924
1.770098 -10.081 -5.966 -8.693 -10.773 -12.72 -14.094 -12.136 -11.125 -12.781 -14.154 -15.144 -15.803 -10.991 -13.282 -14.721 -15.424 -15.868 -13.612 -14.775 -15.46 -15.827 -16.077 -14.813 -14.049 -15.089 -16.306 -16.359 -16.207 -14.891
1.823633 -10.079 -5.823 -8.555 -10.631 -12.619 -14.023 -12.061 -10.99 -12.683 -14.085 -15.104 -15.782 -10.853 -13.194 -14.667 -15.39 -15.85 -13.54 -14.724 -15.428 -15.807 -16.065 -14.768 -13.982 -15.047 -16.31 -16.375 -16.233 -14.857
1.878788 -10.076 -5.685 -8.412 -10.483 -12.512 -13.948 -11.982 -10.849 -12.579 -14.013 -15.06 -15.76 -10.707 -13.101 -14.609 -15.353 -15.828 -13.463 -14.668 -15.392 -15.784 -16.051 -14.719 -13.911 -15.001 -16.312 -16.39 -16.258 -14.819
1.93561 -10.071 -5.556 -8.264 -10.327 -12.399 -13.868 -11.899 -10.701 -12.469 -13.935 -15.013 -15.734 -10.554 -13.003 -14.546 -15.312 -15.804 -13.383 -14.609 -15.353 -15.757 -16.035 -14.667 -13.835 -14.952 -16.312 -16.403 -16.282 -14.779
1.994152 -10.066 -5.436 -8.111 -10.163 -12.28 -13.783 -11.811 -10.545 -12.353 -13.853 -14.961 -15.705 -10.394 -12.899 -14.48 -15.268 -15.777 -13.3 -14.546 -15.31 -15.728 -16.015 -14.612 -13.754 -14.899 -16.31 -16.415 -16.305 -14.736
2.054463 -10.06 -5.325 -7.952 -9.991 -12.155 -13.692 -11.719 -10.381 -12.231 -13.765 -14.906 -15.673 -10.226 -12.79 -14.408 -15.219 -15.747 -13.212 -14.479 -15.263 -15.695 -15.993 -14.552 -13.668 -14.842 -16.305 -16.425 -16.326 -14.69
2.116599 -10.052 -5.226 -7.787 -9.811 -12.022 -13.596 -11.622 -10.209 -12.102 -13.672 -14.846 -15.637 -10.049 -12.673 -14.332 -15.167 -15.713 -13.12 -14.406 -15.212 -15.659 -15.968 -14.487 -13.577 -14.78 -16.298 -16.432 -16.345 -14.642
2.180614 -10.043 -5.137 -7.615 -9.621 -11.882 -13.493 -11.52 -10.028 -11.966 -13.573 -14.782 -15.597 -9.863 -12.551 -14.25 -15.11 -15.675 -13.024 -14.329 -15.157 -15.618 -15.939 -14.418 -13.481 -14.714 -16.288 -16.438 -16.364 -14.589
2.246566 -10.032 -5.058 -7.436 -9.422 -11.734 -13.384 -11.413 -9.838 -11.823 -13.467 -14.713 -15.554 -9.667 -12.42 -14.162 -15.048 -15.633 -12.924 -14.247 -15.097 -15.574 -15.907 -14.345 -13.378 -14.642 -16.275 -16.442 -16.38 -14.534
2.314511 -10.019 -4.989 -7.25 -9.212 -11.578 -13.268 -11.3 -9.637 -11.671 -13.355 -14.638 -15.506 -9.46 -12.282 -14.068 -14.981 -15.587 -12.82 -14.159 -15.033 -15.525 -15.871 -14.266 -13.268 -14.566 -16.26 -16.443 -16.395 -14.475
2.384512 -10.004 -4.928 -7.056 -8.991 -11.413 -13.144 -11.181 -9.425 -11.51 -13.235 -14.558 -15.454 -9.243 -12.136 -13.968 -14.909 -15.537 -12.712 -14.065 -14.963 -15.472 -15.831 -14.181 -13.152 -14.483 -16.241 -16.442 -16.408 -14.412
2.45663 -9.987 -4.875 -6.854 -8.757 -11.238 -13.013 -11.056 -9.202 -11.34 -13.107 -14.472 -15.397 -9.013 -11.981 -13.861 -14.831 -15.482 -12.6 -13.965 -14.887 -15.414 -15.787 -14.09 -13.028 -14.395 -16.218 -16.439 -16.42 -14.346
2.530929 -9.968 -4.827 -6.643 -8.511 -11.052 -12.872 -10.924 -8.966 -11.16 -12.972 -14.38 -15.335 -8.771 -11.817 -13.746 -14.747 -15.421 -12.484 -13.859 -14.806 -15.351 -15.738 -13.993 -12.896 -14.3 -16.192 -16.432 -16.429 -14.275
2.607475 -9.946 -4.784 -6.422 -8.251 -10.856 -12.723 -10.785 -8.717 -10.969 -12.827 -14.28 -15.267 -8.515 -11.642 -13.623 -14.656 -15.355 -12.365 -13.745 -14.718 -15.282 -15.684 -13.889 -12.756 -14.198 -16.162 -16.423 -16.436 -14.2
2.686337 -9.921 -4.743 -6.191 -7.977 -10.647 -12.564 -10.639 -8.454 -10.767 -12.673 -14.174 -15.193 -8.244 -11.457 -13.491 -14.558 -15.283 -12.242 -13.624 -14.623 -15.206 -15.625 -13.778 -12.607 -14.089 -16.128 -16.41 -16.44 -14.122
2.767583 -9.894 -4.703 -5.949 -7.686 -10.426 -12.393 -10.485 -8.175 -10.552 -12.508 -14.059 -15.113 -7.957 -11.26 -13.351 -14.452 -15.204 -12.117 -13.496 -14.521 -15.125 -15.56 -13.659 -12.447 -13.971 -16.089 -16.393 -16.442 -14.038
2.851287 -9.863 -4.664 -5.695 -7.378 -10.191 -12.212 -10.323 -7.879 -10.324 -12.333 -13.936 -15.026 -7.654 -11.05 -13.2 -14.338 -15.119 -11.989 -13.359 -14.412 -15.036 -15.49 -13.531 -12.278 -13.845 -16.045 -16.373 -16.441 -13.95
2.937522 -9.829 -4.624 -5.428 -7.052 -9.941 -12.018 -10.152 -7.566 -10.082 -12.145 -13.804 -14.931 -7.332 -10.827 -13.038 -14.214 -15.026 -11.86 -13.213 -14.293 -14.94 -15.413 -13.394 -12.097 -13.71 -15.995 -16.349 -16.437 -13.857
3.026365 -9.791 -4.582 -5.147 -6.705 -9.675 -11.811 -9.973 -7.233 -9.825 -11.945 -13.662 -14.829 -6.99 -10.589 -12.865 -14.082 -14.924 -11.73 -13.059 -14.166 -14.835 -15.329 -13.248 -11.904 -13.565 -15.94 -16.321 -16.43 -13.76
3.117896 -9.749 -4.538 -4.851 -6.338 -9.391 -11.589 -9.785 -6.88 -9.551 -11.731 -13.51 -14.717 -6.627 -10.335 -12.679 -13.938 -14.815 -11.599 -12.895 -14.029 -14.722 -15.237 -13.09 -11.697 -13.409 -15.879 -16.287 -16.419 -13.657
3.212194 -9.703 -4.49 -4.539 -5.947 -9.089 -11.352 -9.588 -6.504 -9.259 -11.501 -13.346 -14.597 -6.24 -10.065 -12.48 -13.784 -14.695 -11.469 -12.722 -13.882 -14.599 -15.138 -12.922 -11.477 -13.241 -15.81 -16.249 -16.404 -13.55
3.309345 -9.653 -4.439 -4.209 -5.531 -8.767 -11.098 -9.381 -6.103 -8.948 -11.256 -13.169 -14.466 -5.829 -9.776 -12.266 -13.617 -14.566 -11.34 -12.539 -13.723 -14.467 -15.03 -12.74 -11.241 -13.061 -15.735 -16.205 -16.386 -13.437
3.409434 -9.597 -4.382 -3.86 -5.087 -8.423 -10.825 -9.165 -5.676 -8.615 -10.993 -12.98 -14.324 -5.39 -9.467 -12.036 -13.437 -14.425 -11.212 -12.346 -13.553 -14.323 -14.913 -12.546 -10.988 -12.867 -15.651 -16.155 -16.363 -13.32
3.51255 -9.537 -4.321 -3.491 -4.614 -8.055 -10.533 -8.94 -5.221 -8.26 -10.711 -12.776 -14.171 -4.922 -9.136 -11.789 -13.242 -14.272 -11.086 -12.144 -13.369 -14.167 -14.786 -12.337 -10.717 -12.658 -15.559 -16.098 -16.335 -13.197
3.618785 -9.47 -4.254 -3.099 -4.109 -7.66 -10.219 -8.707 -4.734 -7.881 -10.409 -12.556 -14.004 -4.422 -8.781 -11.522 -13.032 -14.106 -10.962 -11.932 -13.173 -13.999 -14.649 -12.112 -10.427 -12.433 -15.457 -16.035 -16.302 -13.069
3.728232 -9.397 -4.182 -2.682 -3.568 -7.238 -9.881 -8.466 -4.213 -7.475 -10.084 -12.319 -13.824 -3.887 -8.401 -11.235 -12.805 -13.926 -10.839 -11.711 -12.961 -13.817 -14.5 -11.869 -10.115 -12.19 -15.345 -15.963 -16.263 -12.935
3.84099 -9.318 -4.102 -2.239 -2.989 -6.785 -9.517 -8.22 -3.654 -7.039 -9.734 -12.063 -13.628 -3.314 -7.993 -10.926 -12.558 -13.73 -10.718 -11.482 -12.735 -13.619 -14.339 -11.608 -9.779 -11.929 -15.221 -15.883 -16.217 -12.797
3.957158 -9.231 -4.015 -1.766 -2.368 -6.298 -9.126 -7.968 -3.055 -6.572 -9.357 -11.787 -13.415 -2.698 -7.554 -10.592 -12.292 -13.517 -10.597 -11.247 -12.492 -13.406 -14.165 -11.326 -9.419 -11.647 -15.085 -15.793 -16.165 -12.653
