web/models/kne.last_good/16/villar_0.0224_0.0457_10.0000.dat
# %ECSV 1.0
# ---
# datatype:
# - {name: time, datatype: float64}
# - {name: swift_uvot_uvw2, datatype: float64}
# - {name: swift_uvot_uvm2, datatype: float64}
# - {name: swift_uvot_uvw1, datatype: float64}
# - {name: swift_uvot_U, datatype: float64}
# - {name: swift_uvot_B, datatype: float64}
# - {name: swift_uvot_V, datatype: float64}
# - {name: swift_uvot_W, datatype: float64}
# - {name: johnson_U, datatype: float64}
# - {name: johnson_B, datatype: float64}
# - {name: johnson_V, datatype: float64}
# - {name: johnson_R, datatype: float64}
# - {name: johnson_I, datatype: float64}
# - {name: sdss_u, datatype: float64}
# - {name: sdss_g, datatype: float64}
# - {name: sdss_r, datatype: float64}
# - {name: sdss_i, datatype: float64}
# - {name: sdss_z, datatype: float64}
# - {name: PS1_g, datatype: float64}
# - {name: PS1_r, datatype: float64}
# - {name: PS1_i, datatype: float64}
# - {name: PS1_z, datatype: float64}
# - {name: PS1_Y, datatype: float64}
# - {name: PS1_w, datatype: float64}
# - {name: ATLAS_c, datatype: float64}
# - {name: ATLAS_o, datatype: float64}
# - {name: ukirt_J, datatype: float64}
# - {name: ukirt_H, datatype: float64}
# - {name: ukirt_K, datatype: float64}
# - {name: Clear, datatype: float64}
# meta: !!omap
# - comment: [kappa = 10.0, type = villar, mass = 0.022360679775100388, velocity = 0.04566666666666669, theta_obs = 0.0, tfloor = 2500.0]
# schema: astropy-2.0
time swift_uvot_uvw2 swift_uvot_uvm2 swift_uvot_uvw1 swift_uvot_U swift_uvot_B swift_uvot_V swift_uvot_W johnson_U johnson_B johnson_V johnson_R johnson_I sdss_u sdss_g sdss_r sdss_i sdss_z PS1_g PS1_r PS1_i PS1_z PS1_Y PS1_w ATLAS_c ATLAS_o ukirt_J ukirt_H ukirt_K Clear
[from data line 278]
3.957158 -8.384 -7.483 -9.212 -11.049 -12.259 -13.069 -11.354 -11.272 -12.282 -13.093 -13.593 -13.88 -11.204 -12.58 -13.4 -13.74 -13.91 -12.732 -13.422 -13.76 -13.908 -14.007 -13.37 -12.992 -13.566 -13.956 -13.794 -13.473 -13.344
4.07684 -8.276 -7.175 -8.985 -10.859 -12.119 -12.969 -11.226 -11.09 -12.144 -12.995 -13.527 -13.84 -11.018 -12.457 -13.32 -13.684 -13.873 -12.618 -13.343 -13.705 -13.868 -13.977 -13.295 -12.892 -13.498 -13.944 -13.797 -13.487 -13.273
4.200141 -8.178 -6.859 -8.753 -10.661 -11.974 -12.864 -11.094 -10.902 -12.001 -12.892 -13.458 -13.797 -10.825 -12.328 -13.235 -13.625 -13.832 -12.499 -13.26 -13.647 -13.825 -13.945 -13.216 -12.787 -13.427 -13.931 -13.798 -13.5 -13.199
4.327172 -8.088 -6.535 -8.516 -10.456 -11.823 -12.754 -10.959 -10.707 -11.853 -12.784 -13.385 -13.751 -10.626 -12.194 -13.147 -13.563 -13.79 -12.375 -13.174 -13.586 -13.78 -13.91 -13.134 -12.679 -13.352 -13.916 -13.798 -13.512 -13.123
4.458044 -8.007 -6.203 -8.275 -10.244 -11.666 -12.64 -10.821 -10.504 -11.698 -12.672 -13.309 -13.703 -10.419 -12.055 -13.054 -13.497 -13.744 -12.248 -13.083 -13.521 -13.732 -13.873 -13.049 -12.565 -13.274 -13.9 -13.797 -13.523 -13.044
4.592874 -7.934 -5.865 -8.028 -10.025 -11.503 -12.52 -10.679 -10.295 -11.538 -12.555 -13.23 -13.652 -10.204 -11.911 -12.957 -13.428 -13.696 -12.115 -12.989 -13.453 -13.681 -13.834 -12.961 -12.448 -13.193 -13.881 -13.795 -13.534 -12.963
4.731783 -7.868 -5.52 -7.777 -9.797 -11.334 -12.396 -10.534 -10.078 -11.372 -12.434 -13.147 -13.598 -9.982 -11.76 -12.856 -13.355 -13.645 -11.978 -12.89 -13.382 -13.627 -13.792 -12.869 -12.325 -13.107 -13.861 -13.792 -13.544 -12.879
4.874892 -7.807 -5.172 -7.521 -9.562 -11.159 -12.266 -10.384 -9.853 -11.199 -12.307 -13.06 -13.541 -9.752 -11.604 -12.751 -13.279 -13.591 -11.837 -12.787 -13.308 -13.57 -13.748 -12.773 -12.198 -13.018 -13.839 -13.787 -13.553 -12.793
5.02233 -7.752 -4.821 -7.261 -9.318 -10.977 -12.131 -10.231 -9.62 -11.02 -12.175 -12.969 -13.482 -9.514 -11.442 -12.64 -13.199 -13.534 -11.691 -12.68 -13.229 -13.51 -13.701 -12.673 -12.066 -12.925 -13.815 -13.781 -13.561 -12.704
5.174227 -7.701 -4.473 -6.996 -9.067 -10.788 -11.99 -10.075 -9.379 -10.835 -12.038 -12.874 -13.419 -9.267 -11.274 -12.525 -13.116 -13.474 -11.54 -12.568 -13.147 -13.447 -13.652 -12.57 -11.929 -12.827 -13.789 -13.774 -13.569 -12.613
5.330718 -7.653 -4.13 -6.727 -8.806 -10.592 -11.844 -9.914 -9.13 -10.643 -11.895 -12.775 -13.352 -9.012 -11.1 -12.405 -13.028 -13.411 -11.386 -12.452 -13.061 -13.38 -13.599 -12.463 -11.787 -12.726 -13.761 -13.766 -13.575 -12.52
5.491942 -7.608 -3.8 -6.453 -8.536 -10.389 -11.692 -9.75 -8.872 -10.444 -11.746 -12.672 -13.283 -8.747 -10.92 -12.28 -12.936 -13.345 -11.227 -12.331 -12.972 -13.311 -13.544 -12.352 -11.64 -12.62 -13.731 -13.755 -13.581 -12.424
5.658042 -7.565 -3.488 -6.176 -8.258 -10.179 -11.534 -9.581 -8.605 -10.239 -11.592 -12.565 -13.21 -8.474 -10.732 -12.15 -12.84 -13.275 -11.064 -12.206 -12.878 -13.237 -13.486 -12.236 -11.487 -12.51 -13.699 -13.744 -13.586 -12.326
5.829166 -7.524 -3.201 -5.894 -7.97 -9.961 -11.369 -9.409 -8.33 -10.026 -11.432 -12.453 -13.134 -8.191 -10.538 -12.015 -12.74 -13.201 -10.898 -12.075 -12.78 -13.16 -13.426 -12.117 -11.329 -12.396 -13.665 -13.731 -13.59 -12.226
6.005465 -7.484 -2.946 -5.608 -7.672 -9.736 -11.199 -9.232 -8.044 -9.805 -11.265 -12.337 -13.054 -7.899 -10.337 -11.874 -12.635 -13.124 -10.729 -11.94 -12.678 -13.08 -13.362 -11.993 -11.165 -12.277 -13.628 -13.716 -13.593 -12.123
6.187096 -7.445 -2.726 -5.318 -7.364 -9.503 -11.022 -9.052 -7.75 -9.577 -11.093 -12.216 -12.971 -7.597 -10.129 -11.727 -12.526 -13.044 -10.557 -11.8 -12.571 -12.996 -13.295 -11.865 -10.995 -12.153 -13.588 -13.7 -13.595 -12.019
6.37422 -7.407 -2.544 -5.023 -7.046 -9.261 -10.838 -8.867 -7.445 -9.342 -10.914 -12.091 -12.884 -7.284 -9.914 -11.575 -12.412 -12.959 -10.383 -11.656 -12.46 -12.908 -13.225 -11.732 -10.82 -12.025 -13.547 -13.683 -13.597 -11.913
6.567004 -7.369 -2.396 -4.724 -6.718 -9.012 -10.647 -8.679 -7.13 -9.098 -10.728 -11.961 -12.793 -6.961 -9.691 -11.417 -12.293 -12.871 -10.208 -11.506 -12.345 -12.816 -13.151 -11.594 -10.638 -11.891 -13.502 -13.663 -13.597 -11.806
6.765619 -7.332 -2.278 -4.421 -6.379 -8.753 -10.449 -8.486 -6.805 -8.846 -10.536 -11.825 -12.698 -6.628 -9.46 -11.253 -12.17 -12.779 -10.033 -11.352 -12.225 -12.72 -13.075 -11.452 -10.45 -11.753 -13.456 -13.642 -13.596 -11.697
6.97024 -7.294 -2.184 -4.113 -6.029 -8.486 -10.244 -8.29 -6.47 -8.586 -10.337 -11.685 -12.599 -6.283 -9.222 -11.082 -12.041 -12.682 -9.858 -11.192 -12.1 -12.62 -12.995 -11.305 -10.256 -11.609 -13.406 -13.619 -13.594 -11.587
7.181051 -7.257 -2.108 -3.8 -5.668 -8.21 -10.031 -8.09 -6.123 -8.318 -10.131 -11.54 -12.496 -5.927 -8.975 -10.905 -11.907 -12.582 -9.686 -11.028 -11.971 -12.515 -12.912 -11.153 -10.055 -11.46 -13.354 -13.594 -13.591 -11.477
7.398237 -7.219 -2.045 -3.482 -5.295 -7.925 -9.811 -7.887 -5.765 -8.041 -9.917 -11.389 -12.388 -5.56 -8.721 -10.722 -11.768 -12.477 -9.516 -10.86 -11.836 -12.407 -12.826 -10.996 -9.848 -11.306 -13.299 -13.568 -13.587 -11.365
7.621991 -7.182 -1.991 -3.159 -4.91 -7.63 -9.583 -7.68 -5.396 -7.755 -9.696 -11.233 -12.277 -5.181 -8.457 -10.532 -11.623 -12.368 -9.352 -10.687 -11.697 -12.294 -12.736 -10.834 -9.634 -11.146 -13.241 -13.539 -13.582 -11.254
7.852513 -7.139 -1.94 -2.906 -4.609 -7.396 -9.398 -7.514 -5.106 -7.527 -9.516 -11.101 -12.178 -4.883 -8.246 -10.375 -11.5 -12.27 -9.221 -10.544 -11.578 -12.194 -12.653 -10.698 -9.46 -11.012 -13.182 -13.502 -13.563 -11.158
8.090007 -7.083 -1.885 -2.851 -4.553 -7.34 -9.342 -7.458 -5.05 -7.471 -9.461 -11.046 -12.123 -4.828 -8.191 -10.319 -11.444 -12.215 -9.165 -10.489 -11.523 -12.138 -12.597 -10.642 -9.404 -10.956 -13.126 -13.446 -13.507 -11.102
8.334684 -7.027 -1.829 -2.795 -4.498 -7.284 -9.287 -7.402 -4.994 -7.415 -9.405 -10.99 -12.067 -4.772 -8.135 -10.264 -11.388 -12.159 -9.109 -10.433 -11.467 -12.083 -12.542 -10.587 -9.348 -10.9 -13.07 -13.391 -13.451 -11.047
8.586761 -6.971 -1.773 -2.739 -4.442 -7.229 -9.231 -7.346 -4.939 -7.36 -9.349 -10.934 -12.011 -4.716 -8.079 -10.208 -11.332 -12.103 -9.054 -10.377 -11.411 -12.027 -12.486 -10.531 -9.292 -10.844 -13.014 -13.335 -13.395 -10.991
8.846461 -6.915 -1.717 -2.683 -4.386 -7.173 -9.175 -7.29 -4.883 -7.304 -9.293 -10.878 -11.955 -4.66 -8.023 -10.152 -11.276 -12.047 -8.998 -10.321 -11.355 -11.971 -12.43 -10.475 -9.236 -10.788 -12.958 -13.279 -13.339 -10.935
9.114017 -6.859 -1.661 -2.627 -4.33 -7.116 -9.119 -7.234 -4.826 -7.247 -9.237 -10.822 -11.899 -4.604 -7.967 -10.095 -11.22 -11.991 -8.941 -10.265 -11.299 -11.914 -12.374 -10.419 -9.18 -10.732 -12.902 -13.222 -13.283 -10.879
9.389664 -6.803 -1.605 -2.571 -4.273 -7.06 -9.062 -7.178 -4.77 -7.191 -9.181 -10.766 -11.842 -4.547 -7.911 -10.039 -11.164 -11.935 -8.885 -10.209 -11.243 -11.858 -12.317 -10.362 -9.124 -10.676 -12.846 -13.166 -13.227 -10.822
9.673648 -6.747 -1.548 -2.514 -4.217 -7.004 -9.006 -7.122 -4.714 -7.135 -9.124 -10.709 -11.786 -4.491 -7.854 -9.983 -11.108 -11.878 -8.829 -10.152 -11.186 -11.802 -12.261 -10.306 -9.068 -10.62 -12.79 -13.11 -13.171 -10.766
9.966221 -6.69 -1.492 -2.458 -4.161 -6.947 -8.95 -7.065 -4.657 -7.078 -9.068 -10.653 -11.73 -4.435 -7.798 -9.927 -11.051 -11.822 -8.772 -10.096 -11.13 -11.745 -12.205 -10.25 -9.011 -10.563 -12.733 -13.054 -13.114 -10.71
10.267642 -6.634 -1.435 -2.401 -4.104 -6.891 -8.893 -7.009 -4.601 -7.022 -9.012 -10.596 -11.673 -4.378 -7.741 -9.87 -10.995 -11.766 -8.716 -10.039 -11.073 -11.689 -12.148 -10.193 -8.955 -10.507 -12.677 -12.997 -13.058 -10.653
10.57818 -6.577 -1.379 -2.345 -4.048 -6.834 -8.837 -6.952 -4.544 -6.965 -8.955 -10.54 -11.617 -4.322 -7.685 -9.814 -10.938 -11.709 -8.659 -9.983 -11.017 -11.632 -12.092 -10.137 -8.898 -10.45 -12.62 -12.941 -13.001 -10.597
10.89811 -6.521 -1.322 -2.288 -3.991 -6.778 -8.78 -6.896 -4.488 -6.909 -8.898 -10.483 -11.56 -4.265 -7.628 -9.757 -10.882 -11.652 -8.603 -9.926 -10.96 -11.576 -12.035 -10.08 -8.842 -10.394 -12.564 -12.884 -12.945 -10.54
11.227716 -6.464 -1.266 -2.232 -3.934 -6.721 -8.723 -6.839 -4.431 -6.852 -8.842 -10.427 -11.504 -4.209 -7.572 -9.7 -10.825 -11.596 -8.546 -9.87 -10.904 -11.519 -11.979 -10.023 -8.785 -10.337 -12.507 -12.827 -12.888 -10.483
11.56729 -6.408 -1.209 -2.175 -3.878 -6.665 -8.667 -6.782 -4.375 -6.796 -8.785 -10.37 -11.447 -4.152 -7.515 -9.644 -10.768 -11.539 -8.49 -9.813 -10.847 -11.463 -11.922 -9.967 -8.728 -10.28 -12.45 -12.771 -12.831 -10.427
11.917135 -6.351 -1.153 -2.118 -3.821 -6.608 -8.61 -6.726 -4.318 -6.739 -8.729 -10.314 -11.39 -4.095 -7.458 -9.587 -10.712 -11.483 -8.433 -9.757 -10.79 -11.406 -11.865 -9.91 -8.672 -10.224 -12.394 -12.714 -12.775 -10.37
12.277561 -6.294 -1.096 -2.062 -3.765 -6.551 -8.554 -6.669 -4.262 -6.683 -8.672 -10.257 -11.334 -4.039 -7.402 -9.531 -10.655 -11.426 -8.376 -9.7 -10.734 -11.35 -11.809 -9.854 -8.615 -10.167 -12.337 -12.658 -12.718 -10.314
12.648887 -6.238 -1.039 -2.005 -3.708 -6.495 -8.497 -6.613 -4.205 -6.626 -8.616 -10.2 -11.277 -3.982 -7.345 -9.474 -10.599 -11.37 -8.32 -9.643 -10.677 -11.293 -11.752 -9.797 -8.559 -10.111 -12.281 -12.601 -12.662 -10.257
13.031444 -6.181 -0.983 -1.949 -3.652 -6.438 -8.441 -6.556 -4.148 -6.569 -8.559 -10.144 -11.221 -3.926 -7.289 -9.418 -10.542 -11.313 -8.263 -9.587 -10.621 -11.237 -11.696 -9.741 -8.502 -10.054 -12.224 -12.545 -12.605 -10.201
13.425571 -6.125 -0.926 -1.892 -3.595 -6.382 -8.384 -6.5 -4.092 -6.513 -8.503 -10.087 -11.164 -3.869 -7.232 -9.361 -10.486 -11.257 -8.207 -9.53 -10.564 -11.18 -11.639 -9.684 -8.446 -9.998 -12.168 -12.488 -12.549 -10.144
13.831619 -6.069 -0.87 -1.836 -3.539 -6.326 -8.328 -6.443 -4.036 -6.457 -8.446 -10.031 -11.108 -3.813 -7.176 -9.305 -10.429 -11.2 -8.151 -9.474 -10.508 -11.124 -11.583 -9.628 -8.389 -9.941 -12.111 -12.432 -12.492 -10.088
14.249947 -6.012 -0.814 -1.78 -3.483 -6.269 -8.272 -6.387 -3.979 -6.4 -8.39 -9.975 -11.052 -3.757 -7.12 -9.249 -10.373 -11.144 -8.094 -9.418 -10.452 -11.067 -11.527 -9.572 -8.333 -9.885 -12.055 -12.375 -12.436 -10.032
14.680926 -5.956 -0.758 -1.724 -3.426 -6.213 -8.215 -6.331 -3.923 -6.344 -8.334 -9.919 -10.996 -3.701 -7.064 -9.192 -10.317 -11.088 -8.038 -9.362 -10.396 -11.011 -11.471 -9.515 -8.277 -9.829 -11.999 -12.319 -12.38 -9.975
15.124941 -5.9 -0.702 -1.668 -3.37 -6.157 -8.159 -6.275 -3.867 -6.288 -8.278 -9.863 -10.94 -3.645 -7.008 -9.136 -10.261 -11.032 -7.982 -9.306 -10.34 -10.955 -11.415 -9.459 -8.221 -9.773 -11.943 -12.263 -12.324 -9.919
15.582385 -5.844 -0.646 -1.612 -3.315 -6.101 -8.104 -6.219 -3.811 -6.232 -8.222 -9.807 -10.884 -3.589 -6.952 -9.081 -10.205 -10.976 -7.926 -9.25 -10.284 -10.899 -11.359 -9.404 -8.165 -9.717 -11.887 -12.208 -12.268 -9.864
16.053663 -5.789 -0.59 -1.556 -3.259 -6.046 -8.048 -6.163 -3.756 -6.177 -8.166 -9.751 -10.828 -3.533 -6.896 -9.025 -10.149 -10.92 -7.871 -9.194 -10.228 -10.844 -11.303 -9.348 -8.109 -9.662 -11.832 -12.152 -12.212 -9.808
16.539195 -5.733 -0.535 -1.501 -3.203 -5.99 -7.992 -6.108 -3.7 -6.121 -8.111 -9.696 -10.773 -3.478 -6.841 -8.969 -10.094 -10.865 -7.815 -9.139 -10.173 -10.788 -11.247 -9.292 -8.054 -9.606 -11.776 -12.096 -12.157 -9.752
17.039412 -5.678 -0.479 -1.445 -3.148 -5.935 -7.937 -6.053 -3.645 -6.066 -8.056 -9.64 -10.717 -3.422 -6.785 -8.914 -10.039 -10.81 -7.76 -9.083 -10.117 -10.733 -11.192 -9.237 -7.999 -9.551 -11.721 -12.041 -12.102 -9.697
17.554757 -5.623 -0.424 -1.39 -3.093 -5.88 -7.882 -5.998 -3.59 -6.011 -8.0 -9.585 -10.662 -3.367 -6.73 -8.859 -9.984 -10.754 -7.705 -9.028 -10.062 -10.678 -11.137 -9.182 -7.944 -9.496 -11.666 -11.986 -12.046 -9.642
18.085689 -5.568 -0.369 -1.335 -3.038 -5.825 -7.827 -5.943 -3.535 -5.956 -7.945 -9.53 -10.607 -3.312 -6.675 -8.804 -9.929 -10.699 -7.65 -8.973 -10.007 -10.623 -11.082 -9.127 -7.889 -9.441 -11.611 -11.931 -11.992 -9.587
18.632678 -5.513 -0.315 -1.281 -2.983 -5.77 -7.772 -5.888 -3.48 -5.901 -7.891 -9.476 -10.553 -3.258 -6.621 -8.749 -9.874 -10.645 -7.595 -8.919 -9.953 -10.568 -11.027 -9.072 -7.834 -9.386 -11.556 -11.876 -11.937 -9.532
19.196211 -5.459 -0.26 -1.226 -2.929 -5.716 -7.718 -5.834 -3.426 -5.847 -7.836 -9.421 -10.498 -3.203 -6.566 -8.695 -9.82 -10.59 -7.541 -8.864 -9.898 -10.514 -10.973 -9.018 -7.78 -9.332 -11.502 -11.822 -11.882 -9.478
19.776787 -5.405 -0.206 -1.172 -2.875 -5.662 -7.664 -5.779 -3.372 -5.793 -7.782 -9.367 -10.444 -3.149 -6.512 -8.641 -9.765 -10.536 -7.487 -8.81 -9.844 -10.46 -10.919 -8.964 -7.725 -9.277 -11.447 -11.768 -11.828 -9.424
20.374923 -5.351 -0.152 -1.118 -2.821 -5.608 -7.61 -5.725 -3.318 -5.739 -7.728 -9.313 -10.39 -3.095 -6.458 -8.587 -9.711 -10.482 -7.433 -8.756 -9.79 -10.406 -10.865 -8.91 -7.671 -9.223 -11.394 -11.714 -11.774 -9.37
20.991149 -5.297 -0.099 -1.064 -2.767 -5.554 -7.556 -5.672 -3.264 -5.685 -7.675 -9.259 -10.336 -3.041 -6.404 -8.533 -9.658 -10.429 -7.379 -8.703 -9.736 -10.352 -10.811 -8.856 -7.618 -9.17 -11.34 -11.66 -11.721 -9.316
21.626011 -5.244 -0.045 -1.011 -2.714 -5.501 -7.503 -5.618 -3.211 -5.632 -7.621 -9.206 -10.283 -2.988 -6.351 -8.48 -9.604 -10.375 -7.326 -8.649 -9.683 -10.299 -10.758 -8.803 -7.564 -9.116 -11.286 -11.607 -11.667 -9.263
22.280075 -5.19 0.008 -0.958 -2.661 -5.448 -7.45 -5.565 -3.158 -5.579 -7.568 -9.153 -10.23 -2.935 -6.298 -8.427 -9.551 -10.322 -7.273 -8.596 -9.63 -10.246 -10.705 -8.75 -7.511 -9.063 -11.233 -11.554 -11.614 -9.21
22.953921 -5.138 0.061 -0.905 -2.608 -5.395 -7.397 -5.512 -3.105 -5.526 -7.515 -9.1 -10.177 -2.882 -6.245 -8.374 -9.498 -10.269 -7.22 -8.543 -9.577 -10.193 -10.652 -8.697 -7.458 -9.01 -11.18 -11.501 -11.561 -9.157
23.648147 -5.085 0.113 -0.852 -2.555 -5.342 -7.344 -5.46 -3.052 -5.473 -7.463 -9.048 -10.124 -2.829 -6.192 -8.321 -9.446 -10.217 -7.167 -8.491 -9.524 -10.14 -10.599 -8.644 -7.406 -8.958 -11.128 -11.448 -11.509 -9.104
24.363369 -5.033 0.166 -0.8 -2.503 -5.29 -7.292 -5.408 -3.0 -5.421 -7.41 -8.995 -10.072 -2.777 -6.14 -8.269 -9.394 -10.164 -7.115 -8.438 -9.472 -10.088 -10.547 -8.592 -7.354 -8.906 -11.076 -11.396 -11.456 -9.052
25.100222 -4.981 0.218 -0.748 -2.451 -5.238 -7.24 -5.356 -2.948 -5.369 -7.358 -8.943 -10.02 -2.725 -6.088 -8.217 -9.342 -10.112 -7.063 -8.386 -9.42 -10.036 -10.495 -8.54 -7.302 -8.854 -11.024 -11.344 -11.404 -9.0
25.859362 -4.929 0.269 -0.696 -2.399 -5.186 -7.188 -5.304 -2.896 -5.317 -7.307 -8.891 -9.968 -2.673 -6.036 -8.165 -9.29 -10.061 -7.011 -8.335 -9.368 -9.984 -10.443 -8.488 -7.25 -8.802 -10.972 -11.292 -11.353 -8.948
26.64146 -4.877 0.321 -0.645 -2.348 -5.135 -7.137 -5.252 -2.845 -5.266 -7.255 -8.84 -9.917 -2.622 -5.985 -8.114 -9.238 -10.009 -6.96 -8.283 -9.317 -9.933 -10.392 -8.437 -7.198 -8.75 -10.92 -11.241 -11.301 -8.897
27.447213 -4.826 0.372 -0.594 -2.297 -5.083 -7.086 -5.201 -2.793 -5.214 -7.204 -8.789 -9.866 -2.571 -5.934 -8.062 -9.187 -9.958 -6.908 -8.232 -9.266 -9.881 -10.341 -8.385 -7.147 -8.699 -10.869 -11.189 -11.25 -8.846
28.277335 -4.775 0.423 -0.543 -2.246 -5.032 -7.035 -5.15 -2.742 -5.163 -7.153 -8.738 -9.815 -2.52 -5.883 -8.011 -9.136 -9.907 -6.857 -8.181 -9.215 -9.83 -10.29 -8.334 -7.096 -8.648 -10.818 -11.138 -11.199 -8.795
29.132564 -4.725 0.474 -0.492 -2.195 -4.982 -6.984 -5.099 -2.692 -5.113 -7.102 -8.687 -9.764 -2.469 -5.832 -7.961 -9.085 -9.856 -6.807 -8.13 -9.164 -9.78 -10.239 -8.284 -7.045 -8.597 -10.767 -11.088 -11.148 -8.744
30.013659 -4.674 0.524 -0.441 -2.144 -4.931 -6.933 -5.049 -2.641 -5.062 -7.052 -8.637 -9.713 -2.418 -5.781 -7.91 -9.035 -9.806 -6.756 -8.08 -9.113 -9.729 -10.188 -8.233 -6.995 -8.547 -10.717 -11.037 -11.098 -8.693
30.921401 -4.624 0.575 -0.391 -2.094 -4.881 -6.883 -4.999 -2.591 -5.012 -7.001 -8.586 -9.663 -2.368 -5.731 -7.86 -8.985 -9.755 -6.706 -8.029 -9.063 -9.679 -10.138 -8.183 -6.945 -8.497 -10.667 -10.987 -11.047 -8.643
31.856598 -4.574 0.625 -0.341 -2.044 -4.831 -6.833 -4.948 -2.541 -4.962 -6.951 -8.536 -9.613 -2.318 -5.681 -7.81 -8.934 -9.705 -6.656 -7.979 -9.013 -9.629 -10.088 -8.133 -6.894 -8.446 -10.617 -10.937 -10.997 -8.593
