web/models/kne.last_good/16/villar_0.0023_0.2807_10.0000.dat
# %ECSV 1.0
# ---
# datatype:
# - {name: time, datatype: float64}
# - {name: swift_uvot_uvw2, datatype: float64}
# - {name: swift_uvot_uvm2, datatype: float64}
# - {name: swift_uvot_uvw1, datatype: float64}
# - {name: swift_uvot_U, datatype: float64}
# - {name: swift_uvot_B, datatype: float64}
# - {name: swift_uvot_V, datatype: float64}
# - {name: swift_uvot_W, datatype: float64}
# - {name: johnson_U, datatype: float64}
# - {name: johnson_B, datatype: float64}
# - {name: johnson_V, datatype: float64}
# - {name: johnson_R, datatype: float64}
# - {name: johnson_I, datatype: float64}
# - {name: sdss_u, datatype: float64}
# - {name: sdss_g, datatype: float64}
# - {name: sdss_r, datatype: float64}
# - {name: sdss_i, datatype: float64}
# - {name: sdss_z, datatype: float64}
# - {name: PS1_g, datatype: float64}
# - {name: PS1_r, datatype: float64}
# - {name: PS1_i, datatype: float64}
# - {name: PS1_z, datatype: float64}
# - {name: PS1_Y, datatype: float64}
# - {name: PS1_w, datatype: float64}
# - {name: ATLAS_c, datatype: float64}
# - {name: ATLAS_o, datatype: float64}
# - {name: ukirt_J, datatype: float64}
# - {name: ukirt_H, datatype: float64}
# - {name: ukirt_K, datatype: float64}
# - {name: Clear, datatype: float64}
# meta: !!omap
# - comment: [kappa = 10.0, type = villar, mass = 0.0022901433483143324, velocity = 0.2806666666666667, theta_obs = 0.0, tfloor = 2500.0]
# schema: astropy-2.0
time swift_uvot_uvw2 swift_uvot_uvm2 swift_uvot_uvw1 swift_uvot_U swift_uvot_B swift_uvot_V swift_uvot_W johnson_U johnson_B johnson_V johnson_R johnson_I sdss_u sdss_g sdss_r sdss_i sdss_z PS1_g PS1_r PS1_i PS1_z PS1_Y PS1_w ATLAS_c ATLAS_o ukirt_J ukirt_H ukirt_K Clear
[from data line 356]
40.431627 2.224 7.422 6.456 4.754 1.967 -0.035 1.849 4.257 1.836 -0.154 -1.739 -2.816 4.479 1.116 -1.012 -2.137 -2.908 0.142 -1.182 -2.216 -2.831 -3.29 -1.335 -0.097 -1.649 -3.819 -4.139 -4.2 -1.795
41.654454 2.305 7.503 6.537 4.835 2.048 0.046 1.93 4.338 1.917 -0.073 -1.658 -2.734 4.561 1.197 -0.931 -2.056 -2.827 0.223 -1.101 -2.135 -2.75 -3.209 -1.254 -0.016 -1.568 -3.738 -4.058 -4.119 -1.714
42.914265 2.386 7.584 6.619 4.916 2.129 0.127 2.011 4.419 1.998 0.008 -1.576 -2.653 4.642 1.279 -0.85 -1.975 -2.746 0.304 -1.019 -2.053 -2.669 -3.128 -1.173 0.065 -1.487 -3.657 -3.977 -4.038 -1.633
44.212178 2.467 7.666 6.7 4.997 2.21 0.208 2.092 4.5 2.079 0.09 -1.495 -2.572 4.723 1.36 -0.769 -1.894 -2.664 0.385 -0.938 -1.972 -2.588 -3.047 -1.092 0.146 -1.406 -3.576 -3.896 -3.957 -1.552
45.549345 2.548 7.747 6.781 5.078 2.291 0.289 2.174 4.581 2.16 0.171 -1.414 -2.491 4.804 1.441 -0.688 -1.812 -2.583 0.466 -0.857 -1.891 -2.507 -2.966 -1.011 0.228 -1.324 -3.494 -3.815 -3.875 -1.471
46.926954 2.63 7.828 6.862 5.16 2.373 0.371 2.255 4.663 2.242 0.252 -1.333 -2.41 4.885 1.522 -0.606 -1.731 -2.502 0.548 -0.776 -1.81 -2.425 -2.885 -0.929 0.309 -1.243 -3.413 -3.733 -3.794 -1.389
48.346227 2.711 7.91 6.944 5.241 2.454 0.452 2.336 4.744 2.323 0.333 -1.251 -2.328 4.967 1.604 -0.525 -1.65 -2.421 0.629 -0.694 -1.728 -2.344 -2.803 -0.848 0.39 -1.162 -3.332 -3.652 -3.713 -1.308
49.808426 2.793 7.991 7.025 5.322 2.535 0.533 2.418 4.825 2.404 0.415 -1.17 -2.247 5.048 1.685 -0.444 -1.568 -2.339 0.71 -0.613 -1.647 -2.263 -2.722 -0.767 0.472 -1.08 -3.25 -3.571 -3.631 -1.227
51.314848 2.874 8.072 7.107 5.404 2.617 0.615 2.499 4.907 2.486 0.496 -1.089 -2.165 5.13 1.767 -0.362 -1.487 -2.258 0.792 -0.532 -1.565 -2.181 -2.64 -0.685 0.553 -0.999 -3.169 -3.489 -3.55 -1.145
52.86683 2.956 8.154 7.188 5.485 2.698 0.696 2.581 4.988 2.567 0.578 -1.007 -2.084 5.211 1.848 -0.281 -1.405 -2.176 0.873 -0.45 -1.484 -2.1 -2.559 -0.604 0.635 -0.917 -3.087 -3.408 -3.468 -1.064
54.465752 3.037 8.236 7.27 5.567 2.78 0.778 2.662 5.07 2.649 0.659 -0.925 -2.002 5.293 1.93 -0.199 -1.324 -2.095 0.955 -0.368 -1.402 -2.018 -2.477 -0.522 0.716 -0.836 -3.006 -3.326 -3.387 -0.982
56.113031 3.119 8.317 7.351 5.648 2.862 0.859 2.744 5.152 2.731 0.741 -0.844 -1.921 5.374 2.011 -0.118 -1.242 -2.013 1.037 -0.287 -1.321 -1.936 -2.396 -0.441 0.798 -0.754 -2.924 -3.244 -3.305 -0.901
57.810132 3.2 8.399 7.433 5.73 2.943 0.941 2.826 5.233 2.812 0.823 -0.762 -1.839 5.456 2.093 -0.036 -1.161 -1.931 1.118 -0.205 -1.239 -1.855 -2.314 -0.359 0.88 -0.673 -2.843 -3.163 -3.223 -0.819
59.55856 3.282 8.48 7.515 5.812 3.025 1.023 2.907 5.315 2.894 0.904 -0.68 -1.757 5.538 2.175 0.046 -1.079 -1.85 1.2 -0.124 -1.157 -1.773 -2.232 -0.277 0.961 -0.591 -2.761 -3.081 -3.142 -0.737
61.359868 3.364 8.562 7.596 5.894 3.107 1.105 2.989 5.397 2.976 0.986 -0.599 -1.676 5.619 2.256 0.128 -0.997 -1.768 1.282 -0.042 -1.076 -1.691 -2.151 -0.195 1.043 -0.509 -2.679 -2.999 -3.06 -0.656
63.215655 3.446 8.644 7.678 5.975 3.188 1.186 3.071 5.478 3.057 1.068 -0.517 -1.594 5.701 2.338 0.209 -0.915 -1.686 1.363 0.04 -0.994 -1.61 -2.069 -0.114 1.125 -0.427 -2.597 -2.918 -2.978 -0.574
65.127569 3.527 8.726 7.76 6.057 3.27 1.268 3.153 5.56 3.139 1.15 -0.435 -1.512 5.783 2.42 0.291 -0.833 -1.604 1.445 0.122 -0.912 -1.528 -1.987 -0.032 1.207 -0.345 -2.515 -2.836 -2.896 -0.492
67.097308 3.609 8.808 7.842 6.139 3.352 1.35 3.235 5.642 3.221 1.232 -0.353 -1.43 5.865 2.502 0.373 -0.752 -1.522 1.527 0.204 -0.83 -1.446 -1.905 0.05 1.289 -0.264 -2.434 -2.754 -2.814 -0.41
69.126621 3.691 8.89 7.924 6.221 3.434 1.432 3.316 5.724 3.303 1.314 -0.271 -1.348 5.947 2.584 0.455 -0.67 -1.44 1.609 0.286 -0.748 -1.364 -1.823 0.132 1.37 -0.182 -2.352 -2.672 -2.733 -0.328
71.217308 3.773 8.972 8.006 6.303 3.516 1.514 3.398 5.806 3.385 1.396 -0.189 -1.266 6.029 2.666 0.537 -0.588 -1.358 1.691 0.368 -0.666 -1.282 -1.741 0.214 1.452 -0.1 -2.27 -2.59 -2.651 -0.246
73.371227 3.855 9.054 8.088 6.385 3.598 1.596 3.48 5.888 3.467 1.478 -0.107 -1.184 6.111 2.748 0.619 -0.506 -1.276 1.773 0.45 -0.584 -1.2 -1.659 0.296 1.534 -0.018 -2.188 -2.508 -2.568 -0.164
75.59029 3.937 9.136 8.17 6.467 3.68 1.678 3.563 5.97 3.549 1.56 -0.025 -1.102 6.193 2.83 0.701 -0.424 -1.194 1.855 0.532 -0.502 -1.118 -1.577 0.378 1.617 0.064 -2.106 -2.426 -2.486 -0.082
77.876467 4.019 9.218 8.252 6.549 3.762 1.76 3.645 6.052 3.631 1.642 0.057 -1.02 6.275 2.912 0.783 -0.341 -1.112 1.937 0.614 -0.42 -1.036 -1.495 0.46 1.699 0.147 -2.023 -2.344 -2.404 0.0
80.231787 4.102 9.3 8.334 6.631 3.844 1.842 3.727 6.134 3.713 1.724 0.139 -0.938 6.357 2.994 0.865 -0.259 -1.03 2.019 0.696 -0.338 -0.954 -1.413 0.542 1.781 0.229 -1.941 -2.262 -2.322 0.082
82.658343 4.184 9.382 8.416 6.714 3.927 1.925 3.809 6.217 3.796 1.806 0.221 -0.856 6.439 3.076 0.948 -0.177 -0.948 2.102 0.778 -0.256 -0.871 -1.331 0.625 1.863 0.311 -1.859 -2.179 -2.24 0.164
85.158288 4.266 9.464 8.499 6.796 4.009 2.007 3.891 6.299 3.878 1.888 0.303 -0.773 6.522 3.159 1.03 -0.095 -0.866 2.184 0.86 -0.173 -0.789 -1.248 0.707 1.945 0.393 -1.777 -2.097 -2.158 0.247
87.733843 4.348 9.547 8.581 6.878 4.091 2.089 3.973 6.381 3.96 1.971 0.386 -0.691 6.604 3.241 1.112 -0.013 -0.783 2.266 0.943 -0.091 -0.707 -1.166 0.789 2.027 0.475 -1.695 -2.015 -2.075 0.329
90.387293 4.431 9.629 8.663 6.96 4.174 2.171 4.056 6.464 4.043 2.053 0.468 -0.609 6.686 3.323 1.194 0.07 -0.701 2.349 1.025 -0.009 -0.625 -1.084 0.871 2.11 0.558 -1.612 -1.933 -1.993 0.411
93.120995 4.513 9.711 8.746 7.043 4.256 2.254 4.138 6.546 4.125 2.135 0.55 -0.526 6.769 3.406 1.277 0.152 -0.619 2.431 1.107 0.074 -0.542 -1.001 0.954 2.192 0.64 -1.53 -1.85 -1.911 0.494
95.937376 4.595 9.794 8.828 7.125 4.338 2.336 4.221 6.628 4.207 2.218 0.633 -0.444 6.851 3.488 1.359 0.235 -0.536 2.513 1.19 0.156 -0.46 -0.919 1.036 2.275 0.723 -1.448 -1.768 -1.828 0.576
98.838937 4.678 9.876 8.91 7.208 4.421 2.419 4.303 6.711 4.29 2.3 0.715 -0.362 6.933 3.57 1.442 0.317 -0.454 2.596 1.272 0.238 -0.377 -0.837 1.119 2.357 0.805 -1.365 -1.685 -1.746 0.659
101.828253 4.76 9.959 8.993 7.29 4.503 2.501 4.385 6.793 4.372 2.383 0.798 -0.279 7.016 3.653 1.524 0.399 -0.371 2.678 1.355 0.321 -0.295 -0.754 1.201 2.439 0.887 -1.283 -1.603 -1.663 0.741
104.907979 4.843 10.041 9.075 7.373 4.586 2.584 4.468 6.876 4.455 2.465 0.88 -0.197 7.098 3.735 1.607 0.482 -0.289 2.761 1.437 0.403 -0.212 -0.672 1.284 2.522 0.97 -1.2 -1.52 -1.581 0.824
108.080849 4.925 10.124 9.158 7.455 4.668 2.666 4.551 6.958 4.537 2.548 0.963 -0.114 7.181 3.818 1.689 0.565 -0.206 2.843 1.52 0.486 -0.13 -0.589 1.366 2.605 1.053 -1.118 -1.438 -1.498 0.906
111.349681 5.008 10.206 9.241 7.538 4.751 2.749 4.633 7.041 4.62 2.63 1.045 -0.031 7.264 3.901 1.772 0.647 -0.124 2.926 1.602 0.569 -0.047 -0.506 1.449 2.687 1.135 -1.035 -1.355 -1.416 0.989
114.717376 5.091 10.289 9.323 7.62 4.833 2.831 4.716 7.123 4.702 2.713 1.128 0.051 7.346 3.983 1.854 0.73 -0.041 3.008 1.685 0.651 0.035 -0.424 1.531 2.77 1.218 -0.952 -1.273 -1.333 1.071
118.186925 5.173 10.372 9.406 7.703 4.916 2.914 4.798 7.206 4.785 2.796 1.211 0.134 7.429 4.066 1.937 0.812 0.042 3.091 1.768 0.734 0.118 -0.341 1.614 2.852 1.3 -0.87 -1.19 -1.251 1.154
121.761408 5.256 10.454 9.488 7.786 4.999 2.997 4.881 7.289 4.868 2.878 1.293 0.217 7.512 4.149 2.02 0.895 0.124 3.174 1.85 0.817 0.201 -0.258 1.697 2.935 1.383 -0.787 -1.107 -1.168 1.237
125.443999 5.339 10.537 9.571 7.868 5.082 3.079 4.964 7.372 4.951 2.961 1.376 0.299 7.594 4.231 2.103 0.978 0.207 3.257 1.933 0.899 0.284 -0.176 1.779 3.018 1.466 -0.704 -1.024 -1.085 1.319
129.237967 5.421 10.62 9.654 7.951 5.164 3.162 5.047 7.454 5.033 3.044 1.459 0.382 7.677 4.314 2.185 1.061 0.29 3.339 2.016 0.982 0.366 -0.093 1.862 3.101 1.549 -0.621 -0.942 -1.002 1.402
133.146681 5.504 10.703 9.737 8.034 5.247 3.245 5.129 7.537 5.116 3.127 1.542 0.465 7.76 4.397 2.268 1.143 0.373 3.422 2.099 1.065 0.449 -0.01 1.945 3.183 1.631 -0.539 -0.859 -0.919 1.485
137.173612 5.587 10.786 9.82 8.117 5.33 3.328 5.212 7.62 5.199 3.209 1.625 0.548 7.843 4.48 2.351 1.226 0.455 3.505 2.182 1.148 0.532 0.073 2.028 3.266 1.714 -0.456 -0.776 -0.837 1.568
141.322334 5.67 10.868 9.903 8.2 5.413 3.411 5.295 7.703 5.282 3.292 1.707 0.631 7.926 4.563 2.434 1.309 0.538 3.588 2.264 1.231 0.615 0.156 2.111 3.349 1.797 -0.373 -0.693 -0.754 1.651
145.596532 5.753 10.951 9.985 8.283 5.496 3.494 5.378 7.786 5.365 3.375 1.79 0.713 8.008 4.645 2.517 1.392 0.621 3.671 2.347 1.313 0.698 0.239 2.194 3.432 1.88 -0.29 -0.61 -0.671 1.734
150.0 5.836 11.034 10.068 8.366 5.579 3.577 5.461 7.869 5.448 3.458 1.873 0.796 8.091 4.728 2.6 1.475 0.704 3.754 2.43 1.396 0.781 0.321 2.277 3.515 1.963 -0.207 -0.527 -0.588 1.817
