web/models/kne.last_good/16/villar_0.0630_0.2023_10.0000.dat
# %ECSV 1.0
# ---
# datatype:
# - {name: time, datatype: float64}
# - {name: swift_uvot_uvw2, datatype: float64}
# - {name: swift_uvot_uvm2, datatype: float64}
# - {name: swift_uvot_uvw1, datatype: float64}
# - {name: swift_uvot_U, datatype: float64}
# - {name: swift_uvot_B, datatype: float64}
# - {name: swift_uvot_V, datatype: float64}
# - {name: swift_uvot_W, datatype: float64}
# - {name: johnson_U, datatype: float64}
# - {name: johnson_B, datatype: float64}
# - {name: johnson_V, datatype: float64}
# - {name: johnson_R, datatype: float64}
# - {name: johnson_I, datatype: float64}
# - {name: sdss_u, datatype: float64}
# - {name: sdss_g, datatype: float64}
# - {name: sdss_r, datatype: float64}
# - {name: sdss_i, datatype: float64}
# - {name: sdss_z, datatype: float64}
# - {name: PS1_g, datatype: float64}
# - {name: PS1_r, datatype: float64}
# - {name: PS1_i, datatype: float64}
# - {name: PS1_z, datatype: float64}
# - {name: PS1_Y, datatype: float64}
# - {name: PS1_w, datatype: float64}
# - {name: ATLAS_c, datatype: float64}
# - {name: ATLAS_o, datatype: float64}
# - {name: ukirt_J, datatype: float64}
# - {name: ukirt_H, datatype: float64}
# - {name: ukirt_K, datatype: float64}
# - {name: Clear, datatype: float64}
# meta: !!omap
# - comment: [kappa = 10.0, type = villar, mass = 0.06299605249512866, velocity = 0.20233333333333337, theta_obs = 0.0, tfloor = 2500.0]
# schema: astropy-2.0
time swift_uvot_uvw2 swift_uvot_uvm2 swift_uvot_uvw1 swift_uvot_U swift_uvot_B swift_uvot_V swift_uvot_W johnson_U johnson_B johnson_V johnson_R johnson_I sdss_u sdss_g sdss_r sdss_i sdss_z PS1_g PS1_r PS1_i PS1_z PS1_Y PS1_w ATLAS_c ATLAS_o ukirt_J ukirt_H ukirt_K Clear
[from data line 137]
0.059267 -17.146 -16.388 -16.158 -15.539 -15.093 -14.641 -16.012 -15.471 -15.09 -14.63 -14.192 -13.694 -15.482 -14.949 -14.384 -13.986 -13.62 -15.132 -14.694 -14.412 -14.407 -14.946 -14.47 -14.729 -14.223 -12.905 -12.334 -11.683 -14.57
0.061059 -17.153 -16.415 -16.187 -15.571 -15.126 -14.676 -16.04 -15.503 -15.123 -14.664 -14.226 -13.73 -15.514 -14.982 -14.419 -14.021 -13.656 -15.155 -14.716 -14.431 -14.418 -14.944 -14.504 -14.763 -14.258 -12.941 -12.371 -11.72 -14.604
0.062906 -17.159 -16.441 -16.215 -15.603 -15.159 -14.709 -16.069 -15.535 -15.155 -14.698 -14.261 -13.765 -15.546 -15.015 -14.453 -14.056 -13.691 -15.179 -14.738 -14.45 -14.429 -14.942 -14.539 -14.797 -14.292 -12.977 -12.408 -11.757 -14.638
0.064808 -17.165 -16.467 -16.244 -15.634 -15.192 -14.743 -16.097 -15.566 -15.188 -14.732 -14.296 -13.8 -15.578 -15.048 -14.487 -14.091 -13.727 -15.203 -14.761 -14.469 -14.441 -14.94 -14.573 -14.83 -14.327 -13.013 -12.444 -11.794 -14.671
0.066769 -17.172 -16.492 -16.272 -15.665 -15.225 -14.777 -16.124 -15.598 -15.221 -14.766 -14.33 -13.836 -15.609 -15.081 -14.522 -14.126 -13.762 -15.228 -14.784 -14.489 -14.453 -14.939 -14.606 -14.864 -14.361 -13.049 -12.481 -11.831 -14.705
0.068788 -17.179 -16.518 -16.299 -15.696 -15.257 -14.811 -16.152 -15.629 -15.253 -14.799 -14.365 -13.871 -15.64 -15.114 -14.556 -14.161 -13.797 -15.252 -14.807 -14.509 -14.466 -14.938 -14.64 -14.897 -14.396 -13.085 -12.517 -11.868 -14.738
0.070868 -17.186 -16.543 -16.327 -15.727 -15.289 -14.844 -16.179 -15.66 -15.286 -14.833 -14.399 -13.906 -15.671 -15.147 -14.59 -14.196 -13.833 -15.277 -14.831 -14.53 -14.479 -14.938 -14.674 -14.93 -14.43 -13.121 -12.554 -11.905 -14.772
0.073012 -17.193 -16.568 -16.354 -15.757 -15.322 -14.878 -16.206 -15.691 -15.318 -14.866 -14.433 -13.941 -15.702 -15.179 -14.624 -14.23 -13.868 -15.302 -14.855 -14.551 -14.493 -14.938 -14.707 -14.963 -14.464 -13.157 -12.59 -11.941 -14.805
0.07522 -17.2 -16.593 -16.381 -15.788 -15.354 -14.911 -16.232 -15.722 -15.35 -14.899 -14.467 -13.976 -15.733 -15.212 -14.657 -14.265 -13.903 -15.327 -14.879 -14.572 -14.507 -14.939 -14.741 -14.996 -14.498 -13.193 -12.626 -11.978 -14.838
0.077495 -17.207 -16.617 -16.407 -15.818 -15.385 -14.944 -16.259 -15.752 -15.382 -14.933 -14.501 -14.011 -15.763 -15.244 -14.691 -14.299 -13.938 -15.352 -14.904 -14.594 -14.522 -14.941 -14.774 -15.029 -14.532 -13.229 -12.663 -12.015 -14.871
0.079839 -17.215 -16.641 -16.433 -15.848 -15.417 -14.977 -16.285 -15.782 -15.413 -14.966 -14.535 -14.046 -15.793 -15.276 -14.725 -14.334 -13.973 -15.378 -14.928 -14.616 -14.538 -14.943 -14.807 -15.062 -14.566 -13.265 -12.699 -12.051 -14.904
0.082253 -17.222 -16.665 -16.459 -15.878 -15.449 -15.01 -16.31 -15.812 -15.445 -14.998 -14.569 -14.08 -15.823 -15.308 -14.758 -14.368 -14.008 -15.403 -14.953 -14.638 -14.554 -14.945 -14.84 -15.094 -14.6 -13.301 -12.735 -12.088 -14.936
0.084741 -17.23 -16.688 -16.485 -15.907 -15.48 -15.043 -16.335 -15.842 -15.476 -15.031 -14.603 -14.115 -15.853 -15.34 -14.792 -14.402 -14.043 -15.429 -14.978 -14.661 -14.57 -14.948 -14.873 -15.127 -14.634 -13.336 -12.771 -12.125 -14.969
0.087304 -17.237 -16.711 -16.51 -15.937 -15.511 -15.075 -16.36 -15.872 -15.507 -15.064 -14.636 -14.149 -15.883 -15.371 -14.825 -14.436 -14.077 -15.455 -15.004 -14.684 -14.587 -14.951 -14.906 -15.159 -14.667 -13.372 -12.808 -12.161 -15.001
0.089944 -17.245 -16.734 -16.535 -15.966 -15.542 -15.108 -16.385 -15.901 -15.538 -15.096 -14.67 -14.184 -15.912 -15.403 -14.858 -14.47 -14.112 -15.48 -15.029 -14.708 -14.605 -14.955 -14.938 -15.191 -14.701 -13.407 -12.844 -12.198 -15.033
0.092665 -17.252 -16.756 -16.559 -15.994 -15.573 -15.14 -16.409 -15.93 -15.569 -15.129 -14.703 -14.218 -15.941 -15.434 -14.891 -14.504 -14.146 -15.506 -15.055 -14.731 -14.622 -14.96 -14.971 -15.223 -14.734 -13.443 -12.88 -12.234 -15.065
0.095467 -17.26 -16.778 -16.583 -16.023 -15.603 -15.172 -16.433 -15.959 -15.6 -15.161 -14.737 -14.252 -15.97 -15.465 -14.924 -14.538 -14.181 -15.532 -15.081 -14.755 -14.641 -14.965 -15.003 -15.255 -14.767 -13.478 -12.916 -12.271 -15.097
0.098355 -17.267 -16.8 -16.607 -16.051 -15.634 -15.204 -16.456 -15.988 -15.63 -15.193 -14.77 -14.287 -15.999 -15.496 -14.956 -14.571 -14.215 -15.558 -15.107 -14.78 -14.659 -14.97 -15.035 -15.286 -14.8 -13.514 -12.952 -12.307 -15.129
0.101329 -17.274 -16.821 -16.63 -16.079 -15.664 -15.236 -16.479 -16.016 -15.66 -15.225 -14.803 -14.321 -16.027 -15.527 -14.989 -14.605 -14.249 -15.584 -15.133 -14.804 -14.679 -14.976 -15.068 -15.317 -14.833 -13.549 -12.987 -12.344 -15.16
0.104394 -17.281 -16.841 -16.653 -16.107 -15.694 -15.267 -16.502 -16.044 -15.69 -15.256 -14.835 -14.355 -16.055 -15.557 -15.021 -14.638 -14.283 -15.61 -15.159 -14.829 -14.698 -14.983 -15.099 -15.349 -14.866 -13.584 -13.023 -12.38 -15.192
0.107551 -17.288 -16.862 -16.676 -16.135 -15.724 -15.299 -16.524 -16.072 -15.72 -15.288 -14.868 -14.388 -16.083 -15.588 -15.054 -14.672 -14.317 -15.636 -15.186 -14.854 -14.718 -14.99 -15.131 -15.38 -14.898 -13.619 -13.059 -12.416 -15.223
0.110804 -17.295 -16.881 -16.698 -16.162 -15.753 -15.33 -16.545 -16.1 -15.749 -15.319 -14.901 -14.422 -16.111 -15.618 -15.086 -14.705 -14.351 -15.662 -15.212 -14.879 -14.738 -14.998 -15.163 -15.411 -14.931 -13.654 -13.095 -12.452 -15.254
0.114155 -17.301 -16.901 -16.719 -16.189 -15.782 -15.361 -16.567 -16.127 -15.778 -15.35 -14.933 -14.456 -16.138 -15.648 -15.118 -14.738 -14.385 -15.688 -15.239 -14.904 -14.759 -15.006 -15.194 -15.441 -14.963 -13.689 -13.13 -12.489 -15.285
0.117608 -17.307 -16.919 -16.74 -16.215 -15.811 -15.392 -16.587 -16.154 -15.807 -15.381 -14.965 -14.489 -16.165 -15.677 -15.149 -14.771 -14.419 -15.714 -15.265 -14.93 -14.78 -15.014 -15.225 -15.472 -14.995 -13.724 -13.166 -12.525 -15.316
0.121165 -17.313 -16.938 -16.761 -16.241 -15.84 -15.423 -16.608 -16.181 -15.836 -15.412 -14.998 -14.523 -16.191 -15.707 -15.181 -14.803 -14.452 -15.74 -15.292 -14.956 -14.801 -15.024 -15.256 -15.502 -15.027 -13.759 -13.201 -12.561 -15.346
0.124829 -17.319 -16.955 -16.781 -16.267 -15.869 -15.453 -16.627 -16.207 -15.865 -15.442 -15.029 -14.556 -16.218 -15.736 -15.212 -14.836 -14.486 -15.765 -15.318 -14.981 -14.823 -15.033 -15.287 -15.532 -15.059 -13.794 -13.237 -12.597 -15.376
0.128605 -17.324 -16.972 -16.801 -16.293 -15.897 -15.484 -16.647 -16.233 -15.893 -15.473 -15.061 -14.589 -16.244 -15.765 -15.244 -14.868 -14.519 -15.791 -15.345 -15.007 -14.845 -15.043 -15.317 -15.562 -15.091 -13.828 -13.272 -12.633 -15.406
0.132494 -17.329 -16.989 -16.82 -16.318 -15.925 -15.514 -16.666 -16.259 -15.921 -15.503 -15.093 -14.622 -16.269 -15.793 -15.275 -14.901 -14.552 -15.817 -15.372 -15.033 -14.867 -15.054 -15.348 -15.591 -15.122 -13.863 -13.308 -12.669 -15.436
0.136502 -17.334 -17.005 -16.838 -16.343 -15.952 -15.544 -16.684 -16.284 -15.949 -15.533 -15.124 -14.655 -16.294 -15.822 -15.305 -14.933 -14.585 -15.842 -15.398 -15.059 -14.89 -15.065 -15.378 -15.621 -15.154 -13.897 -13.343 -12.705 -15.466
0.14063 -17.338 -17.02 -16.856 -16.367 -15.98 -15.573 -16.701 -16.309 -15.976 -15.562 -15.156 -14.688 -16.319 -15.85 -15.336 -14.965 -14.618 -15.868 -15.425 -15.086 -14.913 -15.077 -15.408 -15.65 -15.185 -13.932 -13.378 -12.741 -15.495
0.144883 -17.341 -17.035 -16.873 -16.391 -16.007 -15.603 -16.719 -16.333 -16.003 -15.592 -15.187 -14.72 -16.344 -15.878 -15.367 -14.997 -14.651 -15.893 -15.452 -15.112 -14.936 -15.089 -15.438 -15.679 -15.216 -13.966 -13.413 -12.776 -15.524
0.149265 -17.344 -17.049 -16.89 -16.415 -16.034 -15.632 -16.735 -16.358 -16.03 -15.621 -15.218 -14.753 -16.368 -15.905 -15.397 -15.028 -14.684 -15.918 -15.478 -15.138 -14.959 -15.102 -15.467 -15.707 -15.247 -14.0 -13.448 -12.812 -15.553
0.15378 -17.347 -17.062 -16.906 -16.438 -16.06 -15.661 -16.751 -16.381 -16.056 -15.65 -15.248 -14.785 -16.392 -15.933 -15.427 -15.06 -14.716 -15.943 -15.505 -15.165 -14.982 -15.115 -15.497 -15.736 -15.277 -14.034 -13.483 -12.848 -15.582
0.15843 -17.349 -17.075 -16.922 -16.461 -16.086 -15.69 -16.766 -16.405 -16.083 -15.679 -15.279 -14.817 -16.415 -15.96 -15.457 -15.091 -14.749 -15.968 -15.531 -15.191 -15.006 -15.128 -15.526 -15.764 -15.308 -14.068 -13.518 -12.883 -15.61
0.163222 -17.351 -17.087 -16.937 -16.483 -16.112 -15.718 -16.781 -16.428 -16.108 -15.707 -15.309 -14.849 -16.438 -15.986 -15.486 -15.122 -14.781 -15.992 -15.558 -15.218 -15.03 -15.142 -15.554 -15.792 -15.338 -14.102 -13.553 -12.919 -15.638
0.168159 -17.351 -17.098 -16.951 -16.505 -16.138 -15.746 -16.795 -16.45 -16.134 -15.735 -15.339 -14.881 -16.46 -16.013 -15.516 -15.153 -14.813 -16.017 -15.584 -15.244 -15.054 -15.157 -15.583 -15.819 -15.368 -14.136 -13.587 -12.954 -15.666
0.173245 -17.351 -17.109 -16.964 -16.527 -16.163 -15.774 -16.808 -16.472 -16.159 -15.763 -15.369 -14.912 -16.482 -16.039 -15.545 -15.184 -14.845 -16.041 -15.61 -15.271 -15.078 -15.171 -15.611 -15.846 -15.397 -14.169 -13.622 -12.99 -15.694
0.178484 -17.351 -17.118 -16.977 -16.548 -16.187 -15.802 -16.821 -16.494 -16.184 -15.791 -15.399 -14.944 -16.504 -16.064 -15.574 -15.214 -14.877 -16.065 -15.636 -15.297 -15.102 -15.187 -15.639 -15.873 -15.427 -14.203 -13.656 -13.025 -15.721
0.183882 -17.35 -17.127 -16.989 -16.568 -16.212 -15.829 -16.833 -16.515 -16.208 -15.818 -15.428 -14.975 -16.525 -16.09 -15.602 -15.245 -14.908 -16.088 -15.662 -15.324 -15.126 -15.202 -15.667 -15.9 -15.456 -14.236 -13.691 -13.06 -15.748
0.189444 -17.347 -17.135 -17.0 -16.588 -16.236 -15.856 -16.844 -16.536 -16.232 -15.845 -15.457 -15.006 -16.546 -16.115 -15.631 -15.275 -14.94 -16.112 -15.688 -15.35 -15.151 -15.218 -15.694 -15.926 -15.485 -14.27 -13.725 -13.095 -15.774
0.195173 -17.344 -17.142 -17.01 -16.607 -16.259 -15.883 -16.855 -16.556 -16.255 -15.872 -15.486 -15.037 -16.566 -16.139 -15.659 -15.305 -14.971 -16.135 -15.713 -15.376 -15.175 -15.234 -15.722 -15.952 -15.514 -14.303 -13.759 -13.131 -15.801
0.201076 -17.341 -17.148 -17.02 -16.626 -16.282 -15.909 -16.864 -16.575 -16.279 -15.899 -15.515 -15.068 -16.585 -16.163 -15.687 -15.334 -15.002 -16.158 -15.739 -15.403 -15.2 -15.251 -15.748 -15.978 -15.542 -14.336 -13.793 -13.166 -15.827
0.207158 -17.336 -17.153 -17.029 -16.645 -16.305 -15.935 -16.873 -16.594 -16.301 -15.925 -15.543 -15.098 -16.604 -16.187 -15.714 -15.364 -15.033 -16.18 -15.764 -15.429 -15.225 -15.268 -15.775 -16.003 -15.571 -14.369 -13.827 -13.2 -15.852
0.213423 -17.33 -17.157 -17.037 -16.662 -16.327 -15.961 -16.881 -16.613 -16.324 -15.95 -15.571 -15.129 -16.622 -16.211 -15.741 -15.393 -15.063 -16.202 -15.789 -15.455 -15.249 -15.285 -15.801 -16.028 -15.599 -14.401 -13.861 -13.235 -15.878
0.219878 -17.323 -17.16 -17.043 -16.679 -16.349 -15.986 -16.889 -16.631 -16.345 -15.976 -15.599 -15.159 -16.64 -16.234 -15.768 -15.422 -15.094 -16.224 -15.814 -15.481 -15.274 -15.302 -15.827 -16.052 -15.626 -14.434 -13.895 -13.27 -15.903
0.226528 -17.316 -17.162 -17.049 -16.696 -16.37 -16.011 -16.895 -16.648 -16.367 -16.001 -15.626 -15.189 -16.657 -16.256 -15.795 -15.45 -15.124 -16.246 -15.838 -15.507 -15.299 -15.32 -15.853 -16.076 -15.654 -14.466 -13.929 -13.305 -15.927
0.233379 -17.307 -17.163 -17.054 -16.712 -16.391 -16.036 -16.901 -16.665 -16.387 -16.025 -15.654 -15.218 -16.674 -16.278 -15.821 -15.479 -15.154 -16.267 -15.863 -15.532 -15.324 -15.338 -15.878 -16.1 -15.681 -14.499 -13.962 -13.339 -15.951
0.240437 -17.297 -17.162 -17.059 -16.727 -16.412 -16.06 -16.905 -16.681 -16.408 -16.05 -15.681 -15.248 -16.69 -16.3 -15.847 -15.507 -15.184 -16.288 -15.887 -15.558 -15.348 -15.356 -15.903 -16.123 -15.708 -14.531 -13.996 -13.374 -15.975
0.247709 -17.286 -17.161 -17.062 -16.741 -16.431 -16.084 -16.909 -16.696 -16.428 -16.074 -15.707 -15.277 -16.705 -16.321 -15.873 -15.535 -15.213 -16.308 -15.911 -15.583 -15.373 -15.375 -15.927 -16.146 -15.734 -14.563 -14.029 -13.408 -15.999
0.255201 -17.273 -17.158 -17.064 -16.755 -16.451 -16.107 -16.912 -16.711 -16.447 -16.097 -15.734 -15.306 -16.72 -16.342 -15.898 -15.562 -15.242 -16.328 -15.934 -15.609 -15.398 -15.394 -15.951 -16.169 -15.76 -14.594 -14.062 -13.443 -16.022
0.262919 -17.26 -17.154 -17.064 -16.768 -16.469 -16.13 -16.913 -16.725 -16.465 -16.12 -15.76 -15.334 -16.734 -16.362 -15.923 -15.59 -15.271 -16.347 -15.958 -15.634 -15.422 -15.412 -15.975 -16.191 -15.786 -14.626 -14.095 -13.477 -16.044
0.270871 -17.245 -17.149 -17.064 -16.78 -16.487 -16.153 -16.914 -16.738 -16.484 -16.143 -15.785 -15.363 -16.747 -16.381 -15.947 -15.617 -15.3 -16.366 -15.98 -15.658 -15.447 -15.431 -15.998 -16.212 -15.811 -14.657 -14.128 -13.511 -16.066
0.279064 -17.228 -17.142 -17.063 -16.792 -16.505 -16.175 -16.914 -16.751 -16.501 -16.165 -15.81 -15.391 -16.759 -16.4 -15.971 -15.643 -15.329 -16.385 -16.003 -15.683 -15.471 -15.451 -16.021 -16.233 -15.836 -14.689 -14.161 -13.545 -16.088
0.287504 -17.21 -17.134 -17.06 -16.802 -16.522 -16.196 -16.913 -16.762 -16.518 -16.186 -15.835 -15.419 -16.771 -16.419 -15.995 -15.67 -15.357 -16.403 -16.025 -15.707 -15.495 -15.47 -16.043 -16.254 -15.861 -14.72 -14.193 -13.579 -16.109
0.296199 -17.191 -17.125 -17.056 -16.812 -16.538 -16.217 -16.91 -16.773 -16.534 -16.208 -15.86 -15.446 -16.782 -16.437 -16.018 -15.696 -15.385 -16.42 -16.047 -15.732 -15.519 -15.489 -16.065 -16.274 -15.885 -14.751 -14.226 -13.613 -16.13
0.305157 -17.17 -17.114 -17.051 -16.821 -16.554 -16.238 -16.907 -16.783 -16.55 -16.228 -15.884 -15.473 -16.791 -16.454 -16.041 -15.721 -15.413 -16.437 -16.069 -15.755 -15.543 -15.509 -16.086 -16.293 -15.909 -14.781 -14.258 -13.646 -16.15
0.314387 -17.148 -17.102 -17.045 -16.829 -16.568 -16.258 -16.902 -16.792 -16.565 -16.248 -15.908 -15.5 -16.801 -16.471 -16.063 -15.747 -15.44 -16.454 -16.09 -15.779 -15.567 -15.528 -16.107 -16.312 -15.933 -14.812 -14.29 -13.68 -16.17
0.323895 -17.123 -17.087 -17.037 -16.836 -16.583 -16.278 -16.897 -16.801 -16.579 -16.268 -15.931 -15.527 -16.809 -16.487 -16.085 -15.771 -15.467 -16.47 -16.111 -15.802 -15.591 -15.548 -16.128 -16.33 -15.956 -14.842 -14.322 -13.713 -16.189
0.333691 -17.098 -17.072 -17.028 -16.842 -16.596 -16.297 -16.89 -16.808 -16.592 -16.287 -15.954 -15.553 -16.816 -16.502 -16.107 -15.796 -15.494 -16.485 -16.131 -15.825 -15.614 -15.568 -16.148 -16.348 -15.978 -14.872 -14.354 -13.747 -16.208
0.343783 -17.07 -17.054 -17.017 -16.847 -16.609 -16.315 -16.882 -16.814 -16.605 -16.305 -15.976 -15.579 -16.822 -16.517 -16.127 -15.82 -15.52 -16.5 -16.151 -15.848 -15.638 -15.587 -16.167 -16.365 -16.0 -14.902 -14.386 -13.78 -16.226
0.354181 -17.04 -17.035 -17.005 -16.851 -16.621 -16.333 -16.873 -16.82 -16.617 -16.323 -15.998 -15.605 -16.827 -16.53 -16.148 -15.844 -15.547 -16.514 -16.17 -15.87 -15.661 -15.607 -16.186 -16.382 -16.022 -14.931 -14.417 -13.813 -16.243
0.364893 -17.009 -17.014 -16.991 -16.854 -16.632 -16.35 -16.862 -16.824 -16.628 -16.341 -16.02 -15.63 -16.832 -16.544 -16.168 -15.867 -15.572 -16.527 -16.189 -15.892 -15.684 -15.627 -16.204 -16.397 -16.043 -14.961 -14.448 -13.846 -16.26
0.375929 -16.976 -16.991 -16.976 -16.856 -16.642 -16.367 -16.85 -16.828 -16.639 -16.357 -16.041 -15.655 -16.835 -16.556 -16.187 -15.89 -15.598 -16.539 -16.208 -15.914 -15.706 -15.646 -16.222 -16.413 -16.064 -14.99 -14.479 -13.879 -16.276
0.387298 -16.94 -16.967 -16.959 -16.857 -16.652 -16.383 -16.837 -16.83 -16.648 -16.373 -16.061 -15.679 -16.837 -16.568 -16.206 -15.912 -15.623 -16.551 -16.226 -15.935 -15.728 -15.666 -16.239 -16.427 -16.084 -15.019 -14.51 -13.911 -16.292
0.399012 -16.903 -16.94 -16.94 -16.857 -16.66 -16.398 -16.823 -16.831 -16.657 -16.389 -16.081 -15.703 -16.838 -16.578 -16.224 -15.934 -15.647 -16.562 -16.243 -15.956 -15.75 -15.685 -16.255 -16.441 -16.104 -15.047 -14.541 -13.944 -16.307
0.41108 -16.863 -16.911 -16.92 -16.855 -16.668 -16.412 -16.807 -16.831 -16.664 -16.403 -16.1 -15.727 -16.837 -16.588 -16.242 -15.956 -15.672 -16.573 -16.26 -15.976 -15.772 -15.705 -16.271 -16.454 -16.123 -15.076 -14.572 -13.976 -16.321
