web/models/kne.last_good/kappa_0.5_3.0.v2/5/villar_0.1173_0.5000_0.5000.dat
# %ECSV 1.0
# ---
# datatype:
# - {name: time, datatype: float64}
# - {name: swift_uvot_uvw2, datatype: float64}
# - {name: swift_uvot_uvm2, datatype: float64}
# - {name: swift_uvot_uvw1, datatype: float64}
# - {name: swift_uvot_U, datatype: float64}
# - {name: swift_uvot_B, datatype: float64}
# - {name: swift_uvot_V, datatype: float64}
# - {name: swift_uvot_W, datatype: float64}
# - {name: johnson_U, datatype: float64}
# - {name: johnson_B, datatype: float64}
# - {name: johnson_V, datatype: float64}
# - {name: johnson_R, datatype: float64}
# - {name: johnson_I, datatype: float64}
# - {name: sdss_u, datatype: float64}
# - {name: sdss_g, datatype: float64}
# - {name: sdss_r, datatype: float64}
# - {name: sdss_i, datatype: float64}
# - {name: sdss_z, datatype: float64}
# - {name: PS1_g, datatype: float64}
# - {name: PS1_r, datatype: float64}
# - {name: PS1_i, datatype: float64}
# - {name: PS1_z, datatype: float64}
# - {name: PS1_Y, datatype: float64}
# - {name: PS1_w, datatype: float64}
# - {name: ATLAS_c, datatype: float64}
# - {name: ATLAS_o, datatype: float64}
# - {name: ukirt_J, datatype: float64}
# - {name: ukirt_H, datatype: float64}
# - {name: ukirt_K, datatype: float64}
# - {name: Clear, datatype: float64}
# meta: !!omap
# - comment: [kappa = 0.5, type = villar, mass = 0.11727632184323686, velocity = 0.5, theta_obs = 0.0, tfloor = 2500.0]
# schema: astropy-2.0
time swift_uvot_uvw2 swift_uvot_uvm2 swift_uvot_uvw1 swift_uvot_U swift_uvot_B swift_uvot_V swift_uvot_W johnson_U johnson_B johnson_V johnson_R johnson_I sdss_u sdss_g sdss_r sdss_i sdss_z PS1_g PS1_r PS1_i PS1_z PS1_Y PS1_w ATLAS_c ATLAS_o ukirt_J ukirt_H ukirt_K Clear
[from data line 135]
0.055838 -18.406 -17.831 -17.624 -17.038 -16.607 -16.167 -17.475 -16.972 -16.603 -16.156 -15.725 -15.235 -16.983 -16.466 -15.915 -15.523 -15.163 -16.568 -16.119 -15.806 -15.729 -16.134 -15.997 -16.252 -15.756 -14.455 -13.889 -13.241 -16.093
0.057527 -18.414 -17.855 -17.65 -17.068 -16.639 -16.2 -17.501 -17.003 -16.635 -16.189 -15.759 -15.27 -17.014 -16.498 -15.948 -15.558 -15.198 -16.594 -16.144 -15.829 -15.745 -16.137 -16.03 -16.284 -15.79 -14.491 -13.925 -13.278 -16.126
0.059267 -18.422 -17.879 -17.675 -17.098 -16.67 -16.233 -17.526 -17.033 -16.666 -16.221 -15.793 -15.305 -17.044 -16.53 -15.982 -15.592 -15.233 -16.619 -16.169 -15.852 -15.761 -16.14 -16.063 -16.317 -15.824 -14.526 -13.961 -13.315 -16.159
0.061059 -18.429 -17.902 -17.701 -17.127 -16.701 -16.265 -17.551 -17.062 -16.698 -16.254 -15.827 -15.34 -17.073 -16.562 -16.015 -15.626 -15.267 -16.645 -16.195 -15.875 -15.779 -16.143 -16.096 -16.349 -15.857 -14.562 -13.998 -13.351 -16.191
0.062906 -18.437 -17.925 -17.726 -17.156 -16.733 -16.298 -17.576 -17.092 -16.729 -16.287 -15.86 -15.374 -17.103 -16.593 -16.048 -15.66 -15.302 -16.671 -16.22 -15.899 -15.796 -16.148 -16.129 -16.381 -15.891 -14.598 -14.034 -13.388 -16.224
0.064808 -18.445 -17.947 -17.751 -17.185 -16.763 -16.33 -17.6 -17.121 -16.76 -16.319 -15.894 -15.409 -17.132 -16.625 -16.081 -15.694 -15.337 -16.697 -16.246 -15.923 -15.814 -16.152 -16.162 -16.413 -15.924 -14.633 -14.07 -13.425 -16.256
0.066769 -18.452 -17.97 -17.775 -17.214 -16.794 -16.363 -17.624 -17.15 -16.79 -16.351 -15.927 -15.443 -17.161 -16.656 -16.114 -15.728 -15.371 -16.723 -16.272 -15.947 -15.833 -16.158 -16.194 -16.445 -15.958 -14.669 -14.106 -13.461 -16.288
0.068788 -18.46 -17.991 -17.799 -17.243 -16.825 -16.395 -17.648 -17.179 -16.821 -16.384 -15.96 -15.477 -17.19 -16.687 -16.147 -15.762 -15.406 -16.749 -16.298 -15.971 -15.851 -16.163 -16.226 -16.477 -15.991 -14.704 -14.142 -13.498 -16.32
0.070868 -18.467 -18.013 -17.822 -17.271 -16.855 -16.427 -17.671 -17.208 -16.851 -16.416 -15.994 -15.512 -17.218 -16.718 -16.18 -15.796 -15.44 -16.776 -16.325 -15.996 -15.871 -16.17 -16.259 -16.509 -16.024 -14.74 -14.178 -13.534 -16.352
0.073012 -18.475 -18.034 -17.845 -17.299 -16.885 -16.459 -17.694 -17.236 -16.881 -16.447 -16.027 -15.546 -17.247 -16.749 -16.212 -15.829 -15.474 -16.802 -16.351 -16.021 -15.891 -16.176 -16.291 -16.54 -16.057 -14.775 -14.214 -13.571 -16.383
0.07522 -18.482 -18.054 -17.868 -17.326 -16.915 -16.49 -17.716 -17.264 -16.911 -16.479 -16.059 -15.58 -17.275 -16.779 -16.245 -15.863 -15.509 -16.828 -16.378 -16.046 -15.911 -16.184 -16.322 -16.571 -16.09 -14.81 -14.25 -13.607 -16.415
0.077495 -18.489 -18.074 -17.89 -17.354 -16.945 -16.522 -17.738 -17.292 -16.941 -16.511 -16.092 -15.614 -17.303 -16.809 -16.277 -15.896 -15.543 -16.854 -16.404 -16.071 -15.931 -16.192 -16.354 -16.602 -16.122 -14.846 -14.286 -13.643 -16.446
0.079839 -18.496 -18.094 -17.912 -17.381 -16.974 -16.553 -17.759 -17.319 -16.97 -16.542 -16.125 -15.647 -17.33 -16.839 -16.309 -15.929 -15.577 -16.88 -16.431 -16.097 -15.952 -16.2 -16.386 -16.633 -16.155 -14.881 -14.322 -13.68 -16.477
0.082253 -18.502 -18.113 -17.933 -17.408 -17.003 -16.584 -17.781 -17.346 -17.0 -16.573 -16.157 -15.681 -17.357 -16.869 -16.341 -15.962 -15.61 -16.906 -16.458 -16.122 -15.973 -16.209 -16.417 -16.664 -16.187 -14.916 -14.357 -13.716 -16.508
0.084741 -18.508 -18.131 -17.954 -17.434 -17.032 -16.615 -17.801 -17.373 -17.029 -16.604 -16.19 -15.715 -17.384 -16.899 -16.373 -15.995 -15.644 -16.932 -16.484 -16.148 -15.995 -16.218 -16.448 -16.694 -16.219 -14.951 -14.393 -13.752 -16.538
0.087304 -18.514 -18.149 -17.975 -17.46 -17.061 -16.646 -17.821 -17.4 -17.057 -16.635 -16.222 -15.748 -17.41 -16.928 -16.405 -16.028 -15.678 -16.958 -16.511 -16.174 -16.017 -16.228 -16.479 -16.724 -16.251 -14.986 -14.429 -13.789 -16.569
0.089944 -18.52 -18.167 -17.995 -17.486 -17.09 -16.676 -17.841 -17.426 -17.086 -16.665 -16.254 -15.781 -17.437 -16.958 -16.436 -16.061 -15.711 -16.984 -16.538 -16.2 -16.039 -16.239 -16.51 -16.754 -16.283 -15.02 -14.464 -13.825 -16.599
0.092665 -18.525 -18.184 -18.014 -17.511 -17.118 -16.707 -17.86 -17.452 -17.114 -16.696 -16.285 -15.815 -17.463 -16.986 -16.467 -16.093 -15.745 -17.01 -16.565 -16.227 -16.061 -16.25 -16.541 -16.784 -16.315 -15.055 -14.5 -13.861 -16.629
0.095467 -18.53 -18.2 -18.033 -17.536 -17.146 -16.737 -17.879 -17.478 -17.142 -16.726 -16.317 -15.848 -17.488 -17.015 -16.498 -16.125 -15.778 -17.036 -16.592 -16.253 -16.084 -16.261 -16.571 -16.814 -16.347 -15.09 -14.535 -13.897 -16.659
0.098355 -18.535 -18.216 -18.051 -17.561 -17.173 -16.767 -17.897 -17.503 -17.17 -16.756 -16.349 -15.881 -17.513 -17.043 -16.529 -16.158 -15.811 -17.062 -16.619 -16.28 -16.107 -16.273 -16.601 -16.843 -16.378 -15.124 -14.57 -13.933 -16.688
0.101329 -18.539 -18.231 -18.069 -17.586 -17.201 -16.796 -17.914 -17.528 -17.197 -16.785 -16.38 -15.913 -17.538 -17.072 -16.56 -16.19 -15.844 -17.087 -16.646 -16.306 -16.13 -16.285 -16.631 -16.872 -16.409 -15.159 -14.606 -13.969 -16.718
0.104394 -18.543 -18.245 -18.086 -17.61 -17.228 -16.826 -17.931 -17.552 -17.224 -16.815 -16.411 -15.946 -17.563 -17.099 -16.591 -16.222 -15.877 -17.112 -16.672 -16.333 -16.154 -16.298 -16.661 -16.901 -16.44 -15.193 -14.641 -14.005 -16.747
0.107551 -18.546 -18.259 -18.103 -17.633 -17.255 -16.855 -17.947 -17.576 -17.251 -16.844 -16.442 -15.978 -17.587 -17.127 -16.621 -16.253 -15.91 -17.138 -16.699 -16.359 -16.177 -16.312 -16.691 -16.93 -16.471 -15.228 -14.676 -14.041 -16.776
0.110804 -18.548 -18.272 -18.118 -17.656 -17.281 -16.884 -17.963 -17.6 -17.277 -16.873 -16.473 -16.011 -17.61 -17.154 -16.651 -16.285 -15.943 -17.163 -16.726 -16.386 -16.201 -16.325 -16.72 -16.958 -16.502 -15.262 -14.711 -14.076 -16.805
0.114155 -18.55 -18.285 -18.134 -17.679 -17.307 -16.913 -17.978 -17.623 -17.303 -16.902 -16.503 -16.043 -17.634 -17.181 -16.681 -16.316 -15.975 -17.188 -16.753 -16.413 -16.225 -16.34 -16.749 -16.986 -16.532 -15.296 -14.746 -14.112 -16.833
0.117608 -18.552 -18.296 -18.148 -17.701 -17.333 -16.941 -17.993 -17.646 -17.329 -16.93 -16.534 -16.075 -17.656 -17.208 -16.71 -16.347 -16.007 -17.212 -16.779 -16.44 -16.249 -16.354 -16.778 -17.014 -16.562 -15.33 -14.781 -14.148 -16.861
0.121165 -18.552 -18.307 -18.162 -17.723 -17.359 -16.97 -18.007 -17.669 -17.355 -16.959 -16.564 -16.107 -17.679 -17.234 -16.74 -16.378 -16.039 -17.237 -16.806 -16.466 -16.274 -16.369 -16.806 -17.042 -16.592 -15.364 -14.816 -14.184 -16.889
0.124829 -18.552 -18.317 -18.176 -17.745 -17.384 -16.997 -18.02 -17.691 -17.38 -16.987 -16.594 -16.139 -17.701 -17.26 -16.769 -16.409 -16.071 -17.261 -16.832 -16.493 -16.298 -16.385 -16.835 -17.069 -16.622 -15.397 -14.851 -14.219 -16.916
0.128605 -18.552 -18.327 -18.188 -17.765 -17.408 -17.025 -18.032 -17.712 -17.405 -17.014 -16.623 -16.17 -17.722 -17.286 -16.798 -16.44 -16.103 -17.285 -16.858 -16.52 -16.323 -16.4 -16.863 -17.096 -16.652 -15.431 -14.885 -14.255 -16.944
0.132494 -18.55 -18.335 -18.2 -17.786 -17.433 -17.052 -18.044 -17.733 -17.429 -17.042 -16.653 -16.202 -17.743 -17.311 -16.827 -16.47 -16.135 -17.309 -16.884 -16.547 -16.348 -16.417 -16.891 -17.123 -16.681 -15.465 -14.92 -14.29 -16.971
0.136502 -18.548 -18.343 -18.211 -17.806 -17.457 -17.08 -18.055 -17.754 -17.453 -17.069 -16.682 -16.233 -17.764 -17.336 -16.855 -16.501 -16.167 -17.332 -16.91 -16.573 -16.373 -16.433 -16.918 -17.149 -16.71 -15.498 -14.954 -14.325 -16.997
0.14063 -18.545 -18.35 -18.221 -17.825 -17.48 -17.106 -18.065 -17.774 -17.476 -17.096 -16.711 -16.264 -17.784 -17.361 -16.883 -16.531 -16.198 -17.355 -16.936 -16.6 -16.397 -16.45 -16.945 -17.175 -16.739 -15.531 -14.989 -14.361 -17.024
0.144883 -18.541 -18.355 -18.23 -17.844 -17.503 -17.133 -18.075 -17.794 -17.5 -17.122 -16.74 -16.295 -17.803 -17.385 -16.911 -16.56 -16.229 -17.378 -16.962 -16.626 -16.422 -16.467 -16.972 -17.201 -16.768 -15.564 -15.023 -14.396 -17.05
0.149265 -18.536 -18.36 -18.239 -17.862 -17.526 -17.159 -18.084 -17.813 -17.522 -17.148 -16.768 -16.325 -17.822 -17.409 -16.939 -16.59 -16.26 -17.401 -16.987 -16.653 -16.448 -16.485 -16.999 -17.226 -16.796 -15.597 -15.057 -14.431 -17.076
0.15378 -18.53 -18.364 -18.247 -17.88 -17.548 -17.185 -18.092 -17.831 -17.545 -17.174 -16.797 -16.356 -17.841 -17.433 -16.966 -16.619 -16.291 -17.423 -17.012 -16.679 -16.473 -16.503 -17.025 -17.251 -16.824 -15.63 -15.091 -14.466 -17.101
0.15843 -18.523 -18.367 -18.253 -17.897 -17.57 -17.21 -18.099 -17.849 -17.566 -17.2 -16.825 -16.386 -17.858 -17.456 -16.993 -16.648 -16.321 -17.445 -17.037 -16.705 -16.498 -16.521 -17.051 -17.275 -16.852 -15.663 -15.125 -14.501 -17.126
0.163222 -18.516 -18.369 -18.259 -17.913 -17.592 -17.235 -18.105 -17.866 -17.588 -17.225 -16.852 -16.416 -17.876 -17.478 -17.02 -16.677 -16.352 -17.467 -17.062 -16.731 -16.523 -16.539 -17.077 -17.3 -16.879 -15.696 -15.159 -14.536 -17.151
0.168159 -18.507 -18.369 -18.264 -17.929 -17.612 -17.26 -18.111 -17.883 -17.609 -17.249 -16.88 -16.446 -17.892 -17.5 -17.046 -16.706 -16.382 -17.488 -17.087 -16.757 -16.548 -16.558 -17.102 -17.323 -16.907 -15.728 -15.193 -14.571 -17.175
0.173245 -18.496 -18.369 -18.268 -17.944 -17.633 -17.284 -18.115 -17.899 -17.629 -17.274 -16.907 -16.475 -17.908 -17.522 -17.072 -16.734 -16.412 -17.509 -17.111 -16.783 -16.573 -16.577 -17.127 -17.347 -16.933 -15.76 -15.226 -14.605 -17.199
0.178484 -18.485 -18.367 -18.271 -17.959 -17.653 -17.308 -18.119 -17.914 -17.649 -17.298 -16.933 -16.505 -17.923 -17.543 -17.098 -16.762 -16.441 -17.53 -17.135 -16.809 -16.598 -16.596 -17.152 -17.37 -16.96 -15.793 -15.26 -14.64 -17.223
0.183882 -18.473 -18.364 -18.273 -17.973 -17.672 -17.332 -18.122 -17.929 -17.668 -17.321 -16.96 -16.534 -17.938 -17.564 -17.123 -16.79 -16.471 -17.55 -17.159 -16.834 -16.623 -16.615 -17.176 -17.392 -16.986 -15.825 -15.293 -14.675 -17.246
0.189444 -18.459 -18.36 -18.274 -17.986 -17.691 -17.355 -18.123 -17.943 -17.687 -17.345 -16.986 -16.563 -17.952 -17.584 -17.148 -16.817 -16.5 -17.569 -17.182 -16.86 -16.648 -16.635 -17.2 -17.414 -17.012 -15.856 -15.326 -14.709 -17.268
0.195173 -18.444 -18.355 -18.273 -17.998 -17.709 -17.377 -18.124 -17.956 -17.705 -17.367 -17.012 -16.591 -17.965 -17.604 -17.173 -16.844 -16.529 -17.589 -17.205 -16.885 -16.673 -16.654 -17.223 -17.436 -17.038 -15.888 -15.36 -14.743 -17.291
0.201076 -18.427 -18.348 -18.272 -18.009 -17.727 -17.4 -18.124 -17.969 -17.723 -17.39 -17.037 -16.62 -17.978 -17.623 -17.197 -16.871 -16.558 -17.607 -17.228 -16.91 -16.697 -16.674 -17.246 -17.457 -17.063 -15.92 -15.393 -14.778 -17.312
0.207158 -18.41 -18.34 -18.269 -18.02 -17.744 -17.421 -18.123 -17.981 -17.74 -17.411 -17.062 -16.648 -17.989 -17.642 -17.221 -16.898 -16.586 -17.626 -17.251 -16.934 -16.722 -16.694 -17.268 -17.478 -17.088 -15.951 -15.425 -14.812 -17.334
0.213423 -18.39 -18.33 -18.265 -18.03 -17.76 -17.443 -18.12 -17.992 -17.756 -17.433 -17.087 -16.675 -18.0 -17.66 -17.245 -16.924 -16.615 -17.643 -17.273 -16.959 -16.747 -16.714 -17.291 -17.498 -17.112 -15.982 -15.458 -14.846 -17.355
0.219878 -18.369 -18.319 -18.26 -18.039 -17.776 -17.463 -18.117 -18.002 -17.772 -17.454 -17.111 -16.703 -18.01 -17.677 -17.268 -16.95 -16.642 -17.66 -17.295 -16.983 -16.771 -16.734 -17.312 -17.518 -17.137 -16.013 -15.491 -14.88 -17.375
0.226528 -18.347 -18.307 -18.254 -18.047 -17.791 -17.484 -18.113 -18.011 -17.787 -17.474 -17.135 -16.73 -18.019 -17.694 -17.29 -16.975 -16.67 -17.677 -17.316 -17.007 -16.795 -16.754 -17.333 -17.537 -17.16 -16.044 -15.523 -14.914 -17.395
0.233379 -18.323 -18.293 -18.246 -18.054 -17.805 -17.503 -18.107 -18.02 -17.801 -17.494 -17.159 -16.757 -18.027 -17.71 -17.312 -17.0 -16.697 -17.693 -17.337 -17.03 -16.819 -16.774 -17.354 -17.555 -17.184 -16.074 -15.555 -14.948 -17.414
0.240437 -18.297 -18.277 -18.237 -18.06 -17.819 -17.523 -18.101 -18.027 -17.815 -17.513 -17.182 -16.783 -18.035 -17.726 -17.334 -17.025 -16.725 -17.709 -17.358 -17.054 -16.843 -16.794 -17.374 -17.573 -17.206 -16.105 -15.588 -14.981 -17.433
0.247709 -18.269 -18.26 -18.226 -18.066 -17.832 -17.541 -18.093 -18.034 -17.828 -17.532 -17.205 -16.81 -18.041 -17.741 -17.355 -17.05 -16.751 -17.724 -17.378 -17.077 -16.867 -16.815 -17.394 -17.591 -17.229 -16.135 -15.62 -15.015 -17.452
0.255201 -18.24 -18.241 -18.214 -18.07 -17.844 -17.559 -18.084 -18.039 -17.84 -17.55 -17.227 -16.835 -18.047 -17.755 -17.376 -17.074 -16.778 -17.738 -17.398 -17.099 -16.89 -16.835 -17.413 -17.607 -17.251 -16.165 -15.651 -15.048 -17.469
0.262919 -18.209 -18.22 -18.201 -18.073 -17.855 -17.577 -18.073 -18.044 -17.852 -17.567 -17.249 -16.861 -18.051 -17.768 -17.396 -17.097 -16.804 -17.751 -17.417 -17.122 -16.913 -16.855 -17.432 -17.623 -17.272 -16.194 -15.683 -15.081 -17.486
0.270871 -18.176 -18.197 -18.186 -18.075 -17.866 -17.594 -18.062 -18.048 -17.862 -17.584 -17.27 -16.886 -18.055 -17.781 -17.416 -17.12 -16.83 -17.764 -17.436 -17.144 -16.936 -16.875 -17.45 -17.639 -17.293 -16.224 -15.714 -15.114 -17.503
0.279064 -18.14 -18.172 -18.169 -18.076 -17.875 -17.61 -18.049 -18.05 -17.872 -17.601 -17.291 -16.911 -18.057 -17.793 -17.435 -17.143 -16.855 -17.776 -17.454 -17.165 -16.959 -16.895 -17.467 -17.654 -17.314 -16.253 -15.746 -15.147 -17.519
0.287504 -18.103 -18.146 -18.151 -18.076 -17.884 -17.626 -18.035 -18.051 -17.881 -17.616 -17.311 -16.935 -18.058 -17.804 -17.453 -17.165 -16.88 -17.788 -17.472 -17.187 -16.982 -16.915 -17.484 -17.668 -17.334 -16.282 -15.777 -15.18 -17.534
0.296199 -18.064 -18.117 -18.131 -18.075 -17.892 -17.64 -18.02 -18.052 -17.889 -17.631 -17.331 -16.959 -18.058 -17.814 -17.471 -17.187 -16.905 -17.799 -17.489 -17.207 -17.004 -16.935 -17.5 -17.681 -17.353 -16.31 -15.808 -15.213 -17.549
0.305157 -18.022 -18.087 -18.109 -18.072 -17.899 -17.655 -18.003 -18.051 -17.896 -17.646 -17.35 -16.983 -18.057 -17.824 -17.489 -17.209 -16.929 -17.809 -17.506 -17.228 -17.026 -16.955 -17.516 -17.694 -17.372 -16.339 -15.838 -15.246 -17.563
0.314387 -17.978 -18.054 -18.085 -18.068 -17.905 -17.668 -17.985 -18.049 -17.902 -17.659 -17.369 -17.006 -18.054 -17.832 -17.505 -17.23 -16.953 -17.818 -17.522 -17.248 -17.047 -16.975 -17.53 -17.706 -17.391 -16.367 -15.869 -15.278 -17.576
0.323895 -17.932 -18.019 -18.06 -18.063 -17.91 -17.681 -17.966 -18.045 -17.907 -17.672 -17.387 -17.029 -18.051 -17.84 -17.521 -17.25 -16.976 -17.826 -17.537 -17.267 -17.068 -16.994 -17.545 -17.717 -17.408 -16.395 -15.899 -15.31 -17.589
0.333691 -17.884 -17.981 -18.032 -18.057 -17.914 -17.693 -17.945 -18.04 -17.911 -17.684 -17.404 -17.051 -18.046 -17.847 -17.537 -17.27 -16.999 -17.833 -17.552 -17.286 -17.089 -17.014 -17.558 -17.727 -17.425 -16.422 -15.929 -15.342 -17.6
0.343783 -17.833 -17.942 -18.003 -18.049 -17.917 -17.704 -17.923 -18.034 -17.914 -17.695 -17.421 -17.073 -18.039 -17.852 -17.552 -17.289 -17.022 -17.84 -17.566 -17.305 -17.11 -17.033 -17.571 -17.736 -17.442 -16.45 -15.959 -15.374 -17.611
0.354181 -17.779 -17.899 -17.972 -18.039 -17.919 -17.714 -17.899 -18.027 -17.916 -17.706 -17.437 -17.094 -18.032 -17.857 -17.566 -17.308 -17.044 -17.845 -17.579 -17.323 -17.13 -17.052 -17.583 -17.745 -17.458 -16.477 -15.988 -15.406 -17.622
0.364893 -17.723 -17.855 -17.938 -18.028 -17.92 -17.723 -17.874 -18.018 -17.916 -17.715 -17.453 -17.115 -18.022 -17.861 -17.579 -17.326 -17.065 -17.85 -17.592 -17.34 -17.149 -17.07 -17.594 -17.753 -17.473 -16.503 -16.018 -15.438 -17.631
0.375929 -17.664 -17.807 -17.902 -18.015 -17.919 -17.732 -17.848 -18.007 -17.916 -17.724 -17.468 -17.136 -18.012 -17.863 -17.591 -17.343 -17.087 -17.853 -17.604 -17.357 -17.168 -17.089 -17.605 -17.759 -17.488 -16.53 -16.047 -15.469 -17.64
0.387298 -17.603 -17.757 -17.865 -18.001 -17.918 -17.74 -17.82 -17.995 -17.914 -17.732 -17.482 -17.156 -17.999 -17.865 -17.603 -17.36 -17.107 -17.855 -17.615 -17.373 -17.187 -17.107 -17.614 -17.765 -17.501 -16.556 -16.076 -15.5 -17.647
0.399012 -17.538 -17.705 -17.824 -17.985 -17.914 -17.746 -17.79 -17.982 -17.911 -17.738 -17.495 -17.175 -17.985 -17.865 -17.614 -17.377 -17.127 -17.857 -17.626 -17.389 -17.205 -17.125 -17.623 -17.77 -17.514 -16.581 -16.104 -15.531 -17.654
