web/models/kne.last_good/kappa_0.5_3.0.v2/5/villar_0.1775_0.1553_0.5000.dat
# %ECSV 1.0
# ---
# datatype:
# - {name: time, datatype: float64}
# - {name: swift_uvot_uvw2, datatype: float64}
# - {name: swift_uvot_uvm2, datatype: float64}
# - {name: swift_uvot_uvw1, datatype: float64}
# - {name: swift_uvot_U, datatype: float64}
# - {name: swift_uvot_B, datatype: float64}
# - {name: swift_uvot_V, datatype: float64}
# - {name: swift_uvot_W, datatype: float64}
# - {name: johnson_U, datatype: float64}
# - {name: johnson_B, datatype: float64}
# - {name: johnson_V, datatype: float64}
# - {name: johnson_R, datatype: float64}
# - {name: johnson_I, datatype: float64}
# - {name: sdss_u, datatype: float64}
# - {name: sdss_g, datatype: float64}
# - {name: sdss_r, datatype: float64}
# - {name: sdss_i, datatype: float64}
# - {name: sdss_z, datatype: float64}
# - {name: PS1_g, datatype: float64}
# - {name: PS1_r, datatype: float64}
# - {name: PS1_i, datatype: float64}
# - {name: PS1_z, datatype: float64}
# - {name: PS1_Y, datatype: float64}
# - {name: PS1_w, datatype: float64}
# - {name: ATLAS_c, datatype: float64}
# - {name: ATLAS_o, datatype: float64}
# - {name: ukirt_J, datatype: float64}
# - {name: ukirt_H, datatype: float64}
# - {name: ukirt_K, datatype: float64}
# - {name: Clear, datatype: float64}
# meta: !!omap
# - comment: [kappa = 0.5, type = villar, mass = 0.1774768329891343, velocity = 0.15533333333333332, theta_obs = 0.0, tfloor = 2500.0]
# schema: astropy-2.0
time swift_uvot_uvw2 swift_uvot_uvm2 swift_uvot_uvw1 swift_uvot_U swift_uvot_B swift_uvot_V swift_uvot_W johnson_U johnson_B johnson_V johnson_R johnson_I sdss_u sdss_g sdss_r sdss_i sdss_z PS1_g PS1_r PS1_i PS1_z PS1_Y PS1_w ATLAS_c ATLAS_o ukirt_J ukirt_H ukirt_K Clear
[from data line 341]
25.859362 -7.383 -2.185 -3.151 -4.854 -7.64 -9.643 -7.758 -5.35 -7.771 -9.761 -11.346 -12.423 -5.128 -8.491 -10.62 -11.744 -12.515 -9.465 -10.789 -11.823 -12.439 -12.898 -10.943 -9.704 -11.256 -13.426 -13.747 -13.807 -11.403
26.64146 -7.331 -2.133 -3.099 -4.802 -7.588 -9.591 -7.706 -5.298 -7.719 -9.709 -11.294 -12.371 -5.076 -8.439 -10.568 -11.692 -12.463 -9.413 -10.737 -11.771 -12.387 -12.846 -10.891 -9.652 -11.204 -13.374 -13.695 -13.755 -11.351
27.447213 -7.28 -2.081 -3.047 -4.75 -7.537 -9.539 -7.654 -5.247 -7.668 -9.657 -11.242 -12.319 -5.024 -8.387 -10.516 -11.64 -12.411 -9.362 -10.685 -11.719 -12.335 -12.794 -10.839 -9.6 -11.152 -13.322 -13.643 -13.703 -11.299
28.277335 -7.228 -2.03 -2.995 -4.698 -7.485 -9.487 -7.603 -5.195 -7.616 -9.606 -11.191 -12.267 -4.972 -8.335 -10.464 -11.589 -12.36 -9.31 -10.634 -11.667 -12.283 -12.742 -10.787 -9.549 -11.101 -13.271 -13.591 -13.652 -11.247
29.132564 -7.177 -1.978 -2.944 -4.647 -7.434 -9.436 -7.552 -5.144 -7.565 -9.554 -11.139 -12.216 -4.921 -8.284 -10.413 -11.538 -12.308 -9.259 -10.582 -11.616 -12.232 -12.691 -10.736 -9.497 -11.05 -13.22 -13.54 -13.6 -11.196
30.013659 -7.126 -1.927 -2.893 -4.596 -7.383 -9.385 -7.5 -5.093 -7.514 -9.503 -11.088 -12.165 -4.87 -8.233 -10.362 -11.486 -12.257 -9.208 -10.531 -11.565 -12.181 -12.64 -10.685 -9.446 -10.998 -13.168 -13.489 -13.549 -11.145
30.921401 -7.075 -1.876 -2.842 -4.545 -7.332 -9.334 -7.449 -5.042 -7.463 -9.452 -11.037 -12.114 -4.819 -8.182 -10.311 -11.436 -12.206 -9.157 -10.48 -11.514 -12.13 -12.589 -10.634 -9.395 -10.948 -13.118 -13.438 -13.498 -11.094
31.856598 -7.024 -1.826 -2.791 -4.494 -7.281 -9.283 -7.399 -4.991 -7.412 -9.402 -10.986 -12.063 -4.768 -8.131 -10.26 -11.385 -12.156 -9.106 -10.43 -11.463 -12.079 -12.538 -10.583 -9.345 -10.897 -13.067 -13.387 -13.448 -11.043
32.820079 -6.973 -1.775 -2.741 -4.444 -7.231 -9.233 -7.348 -4.941 -7.362 -9.351 -10.936 -12.013 -4.718 -8.081 -10.21 -11.334 -12.105 -9.056 -10.379 -11.413 -12.029 -12.488 -10.533 -9.294 -10.846 -13.016 -13.337 -13.397 -10.993
33.8127 -6.923 -1.725 -2.691 -4.393 -7.18 -9.182 -7.298 -4.89 -7.311 -9.301 -10.886 -11.963 -4.668 -8.031 -10.159 -11.284 -12.055 -9.005 -10.329 -11.363 -11.978 -12.437 -10.482 -9.244 -10.796 -12.966 -13.286 -13.347 -10.942
34.835342 -6.873 -1.675 -2.64 -4.343 -7.13 -9.132 -7.248 -4.84 -7.261 -9.251 -10.836 -11.912 -4.617 -7.98 -10.109 -11.234 -12.005 -8.955 -10.279 -11.312 -11.928 -12.387 -10.432 -9.194 -10.746 -12.916 -13.236 -13.297 -10.892
35.888913 -6.823 -1.625 -2.591 -4.293 -7.08 -9.082 -7.198 -4.79 -7.211 -9.201 -10.786 -11.862 -4.567 -7.93 -10.059 -11.184 -11.955 -8.905 -10.229 -11.262 -11.878 -12.337 -10.382 -9.144 -10.696 -12.866 -13.186 -13.247 -10.842
36.974349 -6.773 -1.575 -2.541 -4.244 -7.03 -9.033 -7.148 -4.74 -7.161 -9.151 -10.736 -11.813 -4.518 -7.881 -10.009 -11.134 -11.905 -8.855 -10.179 -11.213 -11.828 -12.288 -10.332 -9.094 -10.646 -12.816 -13.136 -13.197 -10.793
38.092613 -6.724 -1.525 -2.491 -4.194 -6.981 -8.983 -7.098 -4.691 -7.112 -9.101 -10.686 -11.763 -4.468 -7.831 -9.96 -11.084 -11.855 -8.806 -10.129 -11.163 -11.779 -12.238 -10.283 -9.044 -10.596 -12.767 -13.087 -13.147 -10.743
39.244698 -6.674 -1.476 -2.442 -4.144 -6.931 -8.933 -7.049 -4.641 -7.062 -9.052 -10.637 -11.713 -4.419 -7.782 -9.91 -11.035 -11.806 -8.756 -10.08 -11.114 -11.729 -12.188 -10.233 -8.995 -10.547 -12.717 -13.037 -13.098 -10.693
40.431627 -6.625 -1.426 -2.392 -4.095 -6.882 -8.884 -7.0 -4.592 -7.013 -9.002 -10.587 -11.664 -4.369 -7.732 -9.861 -10.986 -11.756 -8.707 -10.03 -11.064 -11.68 -12.139 -10.184 -8.946 -10.498 -12.668 -12.988 -13.048 -10.644
41.654454 -6.575 -1.377 -2.343 -4.046 -6.833 -8.835 -6.95 -4.543 -6.964 -8.953 -10.538 -11.615 -4.32 -7.683 -9.812 -10.936 -11.707 -8.658 -9.981 -11.015 -11.631 -12.09 -10.135 -8.896 -10.448 -12.618 -12.939 -12.999 -10.595
42.914265 -6.526 -1.328 -2.294 -3.997 -6.783 -8.786 -6.901 -4.493 -6.914 -8.904 -10.489 -11.566 -4.271 -7.634 -9.762 -10.887 -11.658 -8.608 -9.932 -10.966 -11.581 -12.041 -10.086 -8.847 -10.399 -12.569 -12.889 -12.95 -10.546
44.212178 -6.477 -1.279 -2.245 -3.948 -6.734 -8.737 -6.852 -4.444 -6.865 -8.855 -10.44 -11.517 -4.222 -7.585 -9.713 -10.838 -11.609 -8.559 -9.883 -10.917 -11.532 -11.992 -10.036 -8.798 -10.35 -12.52 -12.84 -12.901 -10.497
45.549345 -6.428 -1.23 -2.196 -3.899 -6.685 -8.688 -6.803 -4.395 -6.816 -8.806 -10.391 -11.468 -4.173 -7.536 -9.664 -10.789 -11.56 -8.51 -9.834 -10.868 -11.483 -11.943 -9.987 -8.749 -10.301 -12.471 -12.791 -12.852 -10.448
46.926954 -6.379 -1.181 -2.147 -3.85 -6.636 -8.639 -6.754 -4.346 -6.767 -8.757 -10.342 -11.419 -4.124 -7.487 -9.616 -10.74 -11.511 -8.461 -9.785 -10.819 -11.434 -11.894 -9.939 -8.7 -10.252 -12.422 -12.743 -12.803 -10.399
48.346227 -6.331 -1.132 -2.098 -3.801 -6.588 -8.59 -6.705 -4.298 -6.719 -8.708 -10.293 -11.37 -4.075 -7.438 -9.567 -10.691 -11.462 -8.413 -9.736 -10.77 -11.386 -11.845 -9.89 -8.651 -10.203 -12.373 -12.694 -12.754 -10.35
49.808426 -6.282 -1.083 -2.049 -3.752 -6.539 -8.541 -6.656 -4.249 -6.67 -8.659 -10.244 -11.321 -4.026 -7.389 -9.518 -10.643 -11.413 -8.364 -9.687 -10.721 -11.337 -11.796 -9.841 -8.602 -10.155 -12.325 -12.645 -12.705 -10.301
51.314848 -6.233 -1.034 -2.0 -3.703 -6.49 -8.492 -6.608 -4.2 -6.621 -8.611 -10.195 -11.272 -3.977 -7.34 -9.469 -10.594 -11.365 -8.315 -9.638 -10.672 -11.288 -11.747 -9.792 -8.554 -10.106 -12.276 -12.596 -12.657 -10.252
52.86683 -6.184 -0.986 -1.952 -3.654 -6.441 -8.443 -6.559 -4.151 -6.572 -8.562 -10.147 -11.224 -3.929 -7.292 -9.42 -10.545 -11.316 -8.266 -9.59 -10.624 -11.239 -11.698 -9.743 -8.505 -10.057 -12.227 -12.547 -12.608 -10.203
54.465752 -6.135 -0.937 -1.903 -3.606 -6.393 -8.395 -6.51 -4.103 -6.524 -8.513 -10.098 -11.175 -3.88 -7.243 -9.372 -10.496 -11.267 -8.218 -9.541 -10.575 -11.191 -11.65 -9.695 -8.456 -10.008 -12.178 -12.499 -12.559 -10.155
56.113031 -6.087 -0.888 -1.854 -3.557 -6.344 -8.346 -6.461 -4.054 -6.475 -8.464 -10.049 -11.126 -3.831 -7.194 -9.323 -10.448 -11.218 -8.169 -9.492 -10.526 -11.142 -11.601 -9.646 -8.407 -9.96 -12.13 -12.45 -12.51 -10.106
57.810132 -6.038 -0.84 -1.805 -3.508 -6.295 -8.297 -6.413 -4.005 -6.426 -8.416 -10.0 -11.077 -3.782 -7.145 -9.274 -10.399 -11.17 -8.12 -9.444 -10.477 -11.093 -11.552 -9.597 -8.359 -9.911 -12.081 -12.401 -12.462 -10.057
59.55856 -5.989 -0.791 -1.757 -3.459 -6.246 -8.248 -6.364 -3.956 -6.377 -8.367 -9.952 -11.029 -3.734 -7.097 -9.225 -10.35 -11.121 -8.071 -9.395 -10.429 -11.044 -11.504 -9.548 -8.31 -9.862 -12.032 -12.352 -12.413 -10.009
61.359868 -5.94 -0.742 -1.708 -3.411 -6.198 -8.2 -6.315 -3.908 -6.329 -8.318 -9.903 -10.98 -3.685 -7.048 -9.177 -10.301 -11.072 -8.023 -9.346 -10.38 -10.996 -11.455 -9.5 -8.261 -9.813 -11.983 -12.304 -12.364 -9.96
63.215655 -5.892 -0.693 -1.659 -3.362 -6.149 -8.151 -6.266 -3.859 -6.28 -8.269 -9.854 -10.931 -3.636 -6.999 -9.128 -10.253 -11.023 -7.974 -9.297 -10.331 -10.947 -11.406 -9.451 -8.212 -9.765 -11.935 -12.255 -12.315 -9.911
65.127569 -5.843 -0.644 -1.61 -3.313 -6.1 -8.102 -6.218 -3.81 -6.231 -8.221 -9.805 -10.882 -3.587 -6.95 -9.079 -10.204 -10.975 -7.925 -9.248 -10.282 -10.898 -11.357 -9.402 -8.164 -9.716 -11.886 -12.206 -12.267 -9.862
67.097308 -5.794 -0.596 -1.561 -3.264 -6.051 -8.053 -6.169 -3.761 -6.182 -8.172 -9.757 -10.833 -3.538 -6.901 -9.03 -10.155 -10.926 -7.876 -9.2 -10.233 -10.849 -11.308 -9.353 -8.115 -9.667 -11.837 -12.157 -12.218 -9.813
69.126621 -5.745 -0.547 -1.513 -3.215 -6.002 -8.004 -6.12 -3.712 -6.133 -8.123 -9.708 -10.785 -3.49 -6.853 -8.981 -10.106 -10.877 -7.827 -9.151 -10.185 -10.8 -11.259 -9.304 -8.066 -9.618 -11.788 -12.108 -12.169 -9.764
71.217308 -5.696 -0.498 -1.464 -3.166 -5.953 -7.955 -6.071 -3.663 -6.084 -8.074 -9.659 -10.736 -3.441 -6.804 -8.932 -10.057 -10.828 -7.778 -9.102 -10.136 -10.751 -11.211 -9.255 -8.017 -9.569 -11.739 -12.059 -12.12 -9.715
73.371227 -5.647 -0.449 -1.415 -3.117 -5.904 -7.906 -6.022 -3.614 -6.035 -8.025 -9.61 -10.687 -3.392 -6.755 -8.883 -10.008 -10.779 -7.729 -9.053 -10.087 -10.702 -11.162 -9.206 -7.968 -9.52 -11.69 -12.01 -12.071 -9.666
75.59029 -5.598 -0.4 -1.366 -3.068 -5.855 -7.857 -5.973 -3.565 -5.986 -7.976 -9.561 -10.638 -3.343 -6.706 -8.834 -9.959 -10.73 -7.68 -9.004 -10.038 -10.653 -11.113 -9.157 -7.919 -9.471 -11.641 -11.961 -12.022 -9.617
77.876467 -5.549 -0.351 -1.317 -3.019 -5.806 -7.808 -5.924 -3.516 -5.937 -7.927 -9.512 -10.588 -3.293 -6.657 -8.785 -9.91 -10.681 -7.631 -8.955 -9.989 -10.604 -11.063 -9.108 -7.87 -9.422 -11.592 -11.912 -11.973 -9.568
80.231787 -5.5 -0.302 -1.267 -2.97 -5.757 -7.759 -5.875 -3.467 -5.888 -7.878 -9.462 -10.539 -3.244 -6.607 -8.736 -9.861 -10.632 -7.582 -8.906 -9.939 -10.555 -11.014 -9.059 -7.821 -9.373 -11.543 -11.863 -11.924 -9.519
82.658343 -5.451 -0.252 -1.218 -2.921 -5.708 -7.71 -5.826 -3.418 -5.839 -7.828 -9.413 -10.49 -3.195 -6.558 -8.687 -9.812 -10.582 -7.533 -8.856 -9.89 -10.506 -10.965 -9.01 -7.772 -9.324 -11.494 -11.814 -11.874 -9.47
85.158288 -5.401 -0.203 -1.169 -2.872 -5.659 -7.661 -5.776 -3.369 -5.79 -7.779 -9.364 -10.441 -3.146 -6.509 -8.638 -9.762 -10.533 -7.484 -8.807 -9.841 -10.457 -10.916 -8.961 -7.722 -9.274 -11.444 -11.765 -11.825 -9.421
87.733843 -5.352 -0.154 -1.12 -2.822 -5.609 -7.611 -5.727 -3.319 -5.74 -7.73 -9.315 -10.392 -3.097 -6.46 -8.588 -9.713 -10.484 -7.434 -8.758 -9.792 -10.407 -10.866 -8.911 -7.673 -9.225 -11.395 -11.715 -11.776 -9.371
90.387293 -5.303 -0.104 -1.07 -2.773 -5.56 -7.562 -5.678 -3.27 -5.691 -7.68 -9.265 -10.342 -3.047 -6.41 -8.539 -9.664 -10.434 -7.385 -8.708 -9.742 -10.358 -10.817 -8.862 -7.624 -9.176 -11.346 -11.666 -11.727 -9.322
93.120995 -5.253 -0.055 -1.021 -2.724 -5.51 -7.513 -5.628 -3.22 -5.641 -7.631 -9.216 -10.293 -2.998 -6.361 -8.489 -9.614 -10.385 -7.335 -8.659 -9.693 -10.308 -10.768 -8.813 -7.574 -9.126 -11.296 -11.616 -11.677 -9.273
95.937376 -5.204 -0.005 -0.971 -2.674 -5.461 -7.463 -5.579 -3.171 -5.592 -7.581 -9.166 -10.243 -2.948 -6.311 -8.44 -9.565 -10.335 -7.286 -8.609 -9.643 -10.259 -10.718 -8.763 -7.525 -9.077 -11.247 -11.567 -11.628 -9.223
98.838937 -5.154 0.044 -0.922 -2.625 -5.411 -7.413 -5.529 -3.121 -5.542 -7.532 -9.117 -10.194 -2.899 -6.262 -8.39 -9.515 -10.286 -7.236 -8.56 -9.594 -10.209 -10.669 -8.713 -7.475 -9.027 -11.197 -11.517 -11.578 -9.174
101.828253 -5.105 0.094 -0.872 -2.575 -5.362 -7.364 -5.479 -3.072 -5.493 -7.482 -9.067 -10.144 -2.849 -6.212 -8.341 -9.465 -10.236 -7.187 -8.51 -9.544 -10.16 -10.619 -8.664 -7.425 -8.977 -11.147 -11.468 -11.528 -9.124
104.907979 -5.055 0.144 -0.822 -2.525 -5.312 -7.314 -5.43 -3.022 -5.443 -7.433 -9.017 -10.094 -2.799 -6.162 -8.291 -9.416 -10.187 -7.137 -8.46 -9.494 -10.11 -10.569 -8.614 -7.376 -8.928 -11.098 -11.418 -11.479 -9.074
108.080849 -5.005 0.193 -0.773 -2.475 -5.262 -7.264 -5.38 -2.972 -5.393 -7.383 -8.968 -10.044 -2.749 -6.113 -8.241 -9.366 -10.137 -7.087 -8.411 -9.445 -10.06 -10.519 -8.564 -7.326 -8.878 -11.048 -11.368 -11.429 -9.024
111.349681 -4.955 0.243 -0.723 -2.426 -5.212 -7.215 -5.33 -2.922 -5.343 -7.333 -8.918 -9.995 -2.7 -6.063 -8.191 -9.316 -10.087 -7.037 -8.361 -9.395 -10.01 -10.47 -8.514 -7.276 -8.828 -10.998 -11.318 -11.379 -8.975
114.717376 -4.905 0.293 -0.673 -2.376 -5.162 -7.165 -5.28 -2.872 -5.293 -7.283 -8.868 -9.945 -2.65 -6.013 -8.142 -9.266 -10.037 -6.987 -8.311 -9.345 -9.96 -10.42 -8.465 -7.226 -8.778 -10.948 -11.269 -11.329 -8.925
118.186925 -4.855 0.343 -0.623 -2.326 -5.112 -7.115 -5.23 -2.822 -5.243 -7.233 -8.818 -9.895 -2.6 -5.963 -8.092 -9.216 -9.987 -6.937 -8.261 -9.295 -9.911 -10.37 -8.415 -7.176 -8.728 -10.898 -11.219 -11.279 -8.875
121.761408 -4.805 0.393 -0.573 -2.276 -5.062 -7.065 -5.18 -2.772 -5.193 -7.183 -8.768 -9.845 -2.55 -5.913 -8.042 -9.166 -9.937 -6.887 -8.211 -9.245 -9.86 -10.32 -8.365 -7.126 -8.678 -10.848 -11.168 -11.229 -8.825
125.443999 -4.755 0.443 -0.523 -2.226 -5.012 -7.014 -5.13 -2.722 -5.143 -7.133 -8.718 -9.795 -2.5 -5.863 -7.991 -9.116 -9.887 -6.837 -8.161 -9.195 -9.81 -10.27 -8.314 -7.076 -8.628 -10.798 -11.118 -11.179 -8.775
129.237967 -4.705 0.493 -0.472 -2.175 -4.962 -6.964 -5.08 -2.672 -5.093 -7.083 -8.668 -9.744 -2.449 -5.812 -7.941 -9.066 -9.837 -6.787 -8.111 -9.144 -9.76 -10.219 -8.264 -7.026 -8.578 -10.748 -11.068 -11.129 -8.724
133.146681 -4.655 0.544 -0.422 -2.125 -4.912 -6.914 -5.03 -2.622 -5.043 -7.032 -8.617 -9.694 -2.399 -5.762 -7.891 -9.016 -9.786 -6.737 -8.06 -9.094 -9.71 -10.169 -8.214 -6.976 -8.528 -10.698 -11.018 -11.079 -8.674
137.173612 -4.605 0.594 -0.372 -2.075 -4.862 -6.864 -4.979 -2.572 -4.993 -6.982 -8.567 -9.644 -2.349 -5.712 -7.841 -8.965 -9.736 -6.687 -8.01 -9.044 -9.66 -10.119 -8.164 -6.925 -8.477 -10.647 -10.968 -11.028 -8.624
141.322334 -4.554 0.644 -0.322 -2.024 -4.811 -6.813 -4.929 -2.521 -4.942 -6.932 -8.517 -9.594 -2.299 -5.662 -7.79 -8.915 -9.686 -6.636 -7.96 -8.994 -9.609 -10.068 -8.113 -6.875 -8.427 -10.597 -10.917 -10.978 -8.573
145.596532 -4.504 0.695 -0.271 -1.974 -4.761 -6.763 -4.878 -2.471 -4.892 -6.881 -8.466 -9.543 -2.248 -5.611 -7.74 -8.865 -9.635 -6.586 -7.909 -8.943 -9.559 -10.018 -8.063 -6.824 -8.377 -10.547 -10.867 -10.927 -8.523
150.0 -4.453 0.745 -0.221 -1.923 -4.71 -6.712 -4.828 -2.42 -4.841 -6.831 -8.416 -9.493 -2.198 -5.561 -7.689 -8.814 -9.585 -6.535 -7.859 -8.893 -9.508 -9.968 -8.012 -6.774 -8.326 -10.496 -10.816 -10.877 -8.472
