web/models/kne.last_good/kappa_0.5_3.0.v2/5/villar_0.0043_0.1240_0.5000.dat
# %ECSV 1.0
# ---
# datatype:
# - {name: time, datatype: float64}
# - {name: swift_uvot_uvw2, datatype: float64}
# - {name: swift_uvot_uvm2, datatype: float64}
# - {name: swift_uvot_uvw1, datatype: float64}
# - {name: swift_uvot_U, datatype: float64}
# - {name: swift_uvot_B, datatype: float64}
# - {name: swift_uvot_V, datatype: float64}
# - {name: swift_uvot_W, datatype: float64}
# - {name: johnson_U, datatype: float64}
# - {name: johnson_B, datatype: float64}
# - {name: johnson_V, datatype: float64}
# - {name: johnson_R, datatype: float64}
# - {name: johnson_I, datatype: float64}
# - {name: sdss_u, datatype: float64}
# - {name: sdss_g, datatype: float64}
# - {name: sdss_r, datatype: float64}
# - {name: sdss_i, datatype: float64}
# - {name: sdss_z, datatype: float64}
# - {name: PS1_g, datatype: float64}
# - {name: PS1_r, datatype: float64}
# - {name: PS1_i, datatype: float64}
# - {name: PS1_z, datatype: float64}
# - {name: PS1_Y, datatype: float64}
# - {name: PS1_w, datatype: float64}
# - {name: ATLAS_c, datatype: float64}
# - {name: ATLAS_o, datatype: float64}
# - {name: ukirt_J, datatype: float64}
# - {name: ukirt_H, datatype: float64}
# - {name: ukirt_K, datatype: float64}
# - {name: Clear, datatype: float64}
# meta: !!omap
# - comment: [kappa = 0.5, type = villar, mass = 0.004263435211354371, velocity = 0.124, theta_obs = 0.0, tfloor = 2500.0]
# schema: astropy-2.0
time swift_uvot_uvw2 swift_uvot_uvm2 swift_uvot_uvw1 swift_uvot_U swift_uvot_B swift_uvot_V swift_uvot_W johnson_U johnson_B johnson_V johnson_R johnson_I sdss_u sdss_g sdss_r sdss_i sdss_z PS1_g PS1_r PS1_i PS1_z PS1_Y PS1_w ATLAS_c ATLAS_o ukirt_J ukirt_H ukirt_K Clear
[from data line 354]
38.092613 -1.081 4.117 3.151 1.448 -1.339 -3.341 -1.456 0.951 -1.47 -3.459 -5.044 -6.121 1.174 -2.189 -4.318 -5.442 -6.213 -3.164 -4.487 -5.521 -6.137 -6.596 -4.641 -3.402 -4.954 -7.124 -7.445 -7.505 -5.101
39.244698 -1.018 4.181 3.215 1.512 -1.275 -3.277 -1.393 1.015 -1.406 -3.395 -4.98 -6.057 1.238 -2.125 -4.254 -5.379 -6.149 -3.1 -4.423 -5.457 -6.073 -6.532 -4.577 -3.339 -4.891 -7.061 -7.381 -7.441 -5.037
40.431627 -0.954 4.244 3.279 1.576 -1.211 -3.213 -1.329 1.079 -1.342 -3.332 -4.916 -5.993 1.302 -2.061 -4.19 -5.315 -6.086 -3.036 -4.36 -5.393 -6.009 -6.468 -4.513 -3.275 -4.827 -6.997 -7.317 -7.378 -4.973
41.654454 -0.89 4.308 3.342 1.64 -1.147 -3.149 -1.265 1.143 -1.278 -3.268 -4.853 -5.929 1.366 -1.998 -4.126 -5.251 -6.022 -2.972 -4.296 -5.33 -5.945 -6.404 -4.449 -3.211 -4.763 -6.933 -7.253 -7.314 -4.909
42.914265 -0.826 4.372 3.406 1.704 -1.083 -3.085 -1.201 1.207 -1.214 -3.204 -4.789 -5.866 1.429 -1.934 -4.062 -5.187 -5.958 -2.908 -4.232 -5.266 -5.881 -6.34 -4.385 -3.147 -4.699 -6.869 -7.189 -7.25 -4.845
44.212178 -0.762 4.436 3.47 1.768 -1.019 -3.021 -1.137 1.271 -1.15 -3.14 -4.725 -5.802 1.493 -1.87 -3.998 -5.123 -5.894 -2.844 -4.168 -5.202 -5.817 -6.276 -4.321 -3.083 -4.635 -6.805 -7.125 -7.186 -4.781
45.549345 -0.698 4.5 3.535 1.832 -0.955 -2.957 -1.073 1.335 -1.086 -3.076 -4.661 -5.737 1.558 -1.805 -3.934 -5.059 -5.83 -2.78 -4.104 -5.137 -5.753 -6.212 -4.257 -3.019 -4.571 -6.741 -7.061 -7.122 -4.717
46.926954 -0.634 4.565 3.599 1.896 -0.891 -2.893 -1.009 1.399 -1.022 -3.012 -4.596 -5.673 1.622 -1.741 -3.87 -4.995 -5.766 -2.716 -4.039 -5.073 -5.689 -6.148 -4.193 -2.955 -4.507 -6.677 -6.997 -7.058 -4.653
48.346227 -0.57 4.629 3.663 1.96 -0.827 -2.829 -0.944 1.463 -0.958 -2.947 -4.532 -5.609 1.686 -1.677 -3.806 -4.93 -5.701 -2.652 -3.975 -5.009 -5.625 -6.084 -4.129 -2.89 -4.442 -6.613 -6.933 -6.993 -4.589
49.808426 -0.505 4.693 3.727 2.024 -0.762 -2.765 -0.88 1.528 -0.893 -2.883 -4.468 -5.545 1.75 -1.613 -3.741 -4.866 -5.637 -2.587 -3.911 -4.945 -5.56 -6.02 -4.064 -2.826 -4.378 -6.548 -6.868 -6.929 -4.525
51.314848 -0.441 4.758 3.792 2.089 -0.698 -2.7 -0.816 1.592 -0.829 -2.819 -4.403 -5.48 1.815 -1.548 -3.677 -4.802 -5.573 -2.523 -3.846 -4.88 -5.496 -5.955 -4.0 -2.762 -4.314 -6.484 -6.804 -6.865 -4.46
52.86683 -0.376 4.822 3.856 2.153 -0.634 -2.636 -0.751 1.656 -0.765 -2.754 -4.339 -5.416 1.879 -1.484 -3.613 -4.737 -5.508 -2.459 -3.782 -4.816 -5.432 -5.891 -3.936 -2.697 -4.249 -6.419 -6.74 -6.8 -4.396
54.465752 -0.312 4.887 3.921 2.218 -0.569 -2.571 -0.687 1.721 -0.7 -2.69 -4.274 -5.351 1.944 -1.419 -3.548 -4.673 -5.444 -2.394 -3.717 -4.751 -5.367 -5.826 -3.871 -2.633 -4.185 -6.355 -6.675 -6.736 -4.331
56.113031 -0.247 4.951 3.985 2.282 -0.504 -2.507 -0.622 1.786 -0.635 -2.625 -4.21 -5.287 2.008 -1.355 -3.483 -4.608 -5.379 -2.329 -3.653 -4.687 -5.302 -5.762 -3.806 -2.568 -4.12 -6.29 -6.61 -6.671 -4.267
57.810132 -0.183 5.016 4.05 2.347 -0.44 -2.442 -0.557 1.85 -0.571 -2.56 -4.145 -5.222 2.073 -1.29 -3.419 -4.543 -5.314 -2.265 -3.588 -4.622 -5.238 -5.697 -3.742 -2.503 -4.055 -6.225 -6.546 -6.606 -4.202
59.55856 -0.118 5.081 4.115 2.412 -0.375 -2.377 -0.493 1.915 -0.506 -2.495 -4.08 -5.157 2.138 -1.225 -3.354 -4.479 -5.25 -2.2 -3.523 -4.557 -5.173 -5.632 -3.677 -2.439 -3.991 -6.161 -6.481 -6.542 -4.137
61.359868 -0.053 5.145 4.18 2.477 -0.31 -2.312 -0.428 1.98 -0.441 -2.431 -4.016 -5.092 2.203 -1.16 -3.289 -4.414 -5.185 -2.135 -3.459 -4.492 -5.108 -5.567 -3.612 -2.374 -3.926 -6.096 -6.416 -6.477 -4.072
63.215655 0.012 5.21 4.244 2.542 -0.245 -2.247 -0.363 2.045 -0.376 -2.366 -3.951 -5.027 2.268 -1.096 -3.224 -4.349 -5.12 -2.07 -3.394 -4.428 -5.043 -5.502 -3.547 -2.309 -3.861 -6.031 -6.351 -6.412 -4.007
65.127569 0.077 5.275 4.309 2.607 -0.18 -2.182 -0.298 2.11 -0.311 -2.301 -3.886 -4.963 2.332 -1.031 -3.159 -4.284 -5.055 -2.005 -3.329 -4.363 -4.978 -5.437 -3.482 -2.244 -3.796 -5.966 -6.286 -6.347 -3.942
67.097308 0.142 5.34 4.374 2.672 -0.115 -2.117 -0.233 2.175 -0.246 -2.236 -3.821 -4.898 2.397 -0.966 -3.094 -4.219 -4.99 -1.94 -3.264 -4.298 -4.913 -5.372 -3.417 -2.179 -3.731 -5.901 -6.221 -6.282 -3.877
69.126621 0.207 5.405 4.44 2.737 -0.05 -2.052 -0.168 2.24 -0.181 -2.171 -3.756 -4.832 2.463 -0.9 -3.029 -4.154 -4.925 -1.875 -3.199 -4.232 -4.848 -5.307 -3.352 -2.114 -3.666 -5.836 -6.156 -6.217 -3.812
71.217308 0.272 5.471 4.505 2.802 0.015 -1.987 -0.103 2.305 -0.116 -2.106 -3.69 -4.767 2.528 -0.835 -2.964 -4.089 -4.86 -1.81 -3.133 -4.167 -4.783 -5.242 -3.287 -2.049 -3.601 -5.771 -6.091 -6.152 -3.747
73.371227 0.337 5.536 4.57 2.867 0.08 -1.922 -0.037 2.37 -0.051 -2.04 -3.625 -4.702 2.593 -0.77 -2.899 -4.023 -4.794 -1.745 -3.068 -4.102 -4.718 -5.177 -3.222 -1.983 -3.535 -5.706 -6.026 -6.086 -3.682
75.59029 0.403 5.601 4.635 2.932 0.146 -1.857 0.028 2.436 0.015 -1.975 -3.56 -4.637 2.658 -0.705 -2.834 -3.958 -4.729 -1.679 -3.003 -4.037 -4.652 -5.112 -3.157 -1.918 -3.47 -5.64 -5.961 -6.021 -3.617
77.876467 0.468 5.666 4.701 2.998 0.211 -1.791 0.093 2.501 0.08 -1.91 -3.495 -4.571 2.724 -0.639 -2.768 -3.893 -4.664 -1.614 -2.938 -3.971 -4.587 -5.046 -3.091 -1.853 -3.405 -5.575 -5.895 -5.956 -3.551
80.231787 0.533 5.732 4.766 3.063 0.276 -1.726 0.159 2.566 0.145 -1.844 -3.429 -4.506 2.789 -0.574 -2.703 -3.827 -4.598 -1.549 -2.872 -3.906 -4.522 -4.981 -3.026 -1.787 -3.339 -5.509 -5.83 -5.89 -3.486
82.658343 0.599 5.797 4.831 3.129 0.342 -1.66 0.224 2.632 0.211 -1.779 -3.364 -4.441 2.854 -0.509 -2.637 -3.762 -4.533 -1.483 -2.807 -3.841 -4.456 -4.915 -2.96 -1.722 -3.274 -5.444 -5.764 -5.825 -3.42
85.158288 0.664 5.863 4.897 3.194 0.407 -1.595 0.29 2.697 0.276 -1.713 -3.298 -4.375 2.92 -0.443 -2.572 -3.696 -4.467 -1.418 -2.741 -3.775 -4.391 -4.85 -2.895 -1.656 -3.208 -5.378 -5.699 -5.759 -3.355
87.733843 0.73 5.928 4.963 3.26 0.473 -1.529 0.355 2.763 0.342 -1.648 -3.233 -4.309 2.986 -0.377 -2.506 -3.631 -4.402 -1.352 -2.676 -3.709 -4.325 -4.784 -2.829 -1.591 -3.143 -5.313 -5.633 -5.694 -3.289
90.387293 0.796 5.994 5.028 3.325 0.539 -1.464 0.421 2.829 0.408 -1.582 -3.167 -4.244 3.051 -0.312 -2.441 -3.565 -4.336 -1.286 -2.61 -3.644 -4.259 -4.719 -2.764 -1.525 -3.077 -5.247 -5.568 -5.628 -3.224
93.120995 0.861 6.06 5.094 3.391 0.604 -1.398 0.487 2.894 0.473 -1.516 -3.101 -4.178 3.117 -0.246 -2.375 -3.499 -4.27 -1.221 -2.544 -3.578 -4.194 -4.653 -2.698 -1.459 -3.011 -5.182 -5.502 -5.562 -3.158
95.937376 0.927 6.126 5.16 3.457 0.67 -1.332 0.552 2.96 0.539 -1.451 -3.035 -4.112 3.183 -0.18 -2.309 -3.434 -4.205 -1.155 -2.478 -3.512 -4.128 -4.587 -2.632 -1.394 -2.946 -5.116 -5.436 -5.497 -3.092
98.838937 0.993 6.191 5.226 3.523 0.736 -1.266 0.618 3.026 0.605 -1.385 -2.97 -4.046 3.249 -0.114 -2.243 -3.368 -4.139 -1.089 -2.413 -3.446 -4.062 -4.521 -2.566 -1.328 -2.88 -5.05 -5.37 -5.431 -3.026
101.828253 1.059 6.257 5.291 3.589 0.802 -1.2 0.684 3.092 0.671 -1.319 -2.904 -3.981 3.314 -0.049 -2.177 -3.302 -4.073 -1.023 -2.347 -3.381 -3.996 -4.455 -2.5 -1.262 -2.814 -4.984 -5.304 -5.365 -2.96
104.907979 1.125 6.323 5.357 3.654 0.868 -1.134 0.75 3.158 0.737 -1.253 -2.838 -3.915 3.38 0.017 -2.111 -3.236 -4.007 -0.957 -2.281 -3.315 -3.93 -4.39 -2.434 -1.196 -2.748 -4.918 -5.238 -5.299 -2.895
108.080849 1.191 6.389 5.423 3.72 0.934 -1.068 0.816 3.224 0.803 -1.187 -2.772 -3.849 3.446 0.083 -2.045 -3.17 -3.941 -0.891 -2.215 -3.249 -3.864 -4.324 -2.368 -1.13 -2.682 -4.852 -5.172 -5.233 -2.829
111.349681 1.257 6.455 5.489 3.787 1.0 -1.002 0.882 3.29 0.869 -1.121 -2.706 -3.783 3.512 0.149 -1.979 -3.104 -3.875 -0.825 -2.149 -3.183 -3.798 -4.258 -2.302 -1.064 -2.616 -4.786 -5.106 -5.167 -2.762
114.717376 1.323 6.521 5.555 3.853 1.066 -0.936 0.948 3.356 0.935 -1.055 -2.64 -3.716 3.579 0.215 -1.913 -3.038 -3.809 -0.759 -2.083 -3.117 -3.732 -4.191 -2.236 -0.998 -2.55 -4.72 -5.04 -5.101 -2.696
118.186925 1.389 6.587 5.622 3.919 1.132 -0.87 1.014 3.422 1.001 -0.989 -2.573 -3.65 3.645 0.282 -1.847 -2.972 -3.743 -0.693 -2.017 -3.05 -3.666 -4.125 -2.17 -0.932 -2.484 -4.654 -4.974 -5.035 -2.63
121.761408 1.455 6.654 5.688 3.985 1.198 -0.804 1.08 3.488 1.067 -0.922 -2.507 -3.584 3.711 0.348 -1.781 -2.906 -3.676 -0.627 -1.95 -2.984 -3.6 -4.059 -2.104 -0.866 -2.418 -4.588 -4.908 -4.968 -2.564
125.443999 1.522 6.72 5.754 4.051 1.264 -0.738 1.147 3.554 1.133 -0.856 -2.441 -3.518 3.777 0.414 -1.715 -2.839 -3.61 -0.561 -1.884 -2.918 -3.534 -3.993 -2.038 -0.799 -2.351 -4.521 -4.842 -4.902 -2.498
129.237967 1.588 6.786 5.82 4.118 1.331 -0.671 1.213 3.621 1.2 -0.79 -2.375 -3.452 3.843 0.48 -1.648 -2.773 -3.544 -0.494 -1.818 -2.852 -3.467 -3.927 -1.971 -0.733 -2.285 -4.455 -4.775 -4.836 -2.431
133.146681 1.654 6.853 5.887 4.184 1.397 -0.605 1.279 3.687 1.266 -0.723 -2.308 -3.385 3.91 0.547 -1.582 -2.707 -3.478 -0.428 -1.751 -2.785 -3.401 -3.86 -1.905 -0.667 -2.219 -4.389 -4.709 -4.77 -2.365
137.173612 1.721 6.919 5.953 4.25 1.464 -0.539 1.346 3.753 1.332 -0.657 -2.242 -3.319 3.976 0.613 -1.516 -2.64 -3.411 -0.362 -1.685 -2.719 -3.335 -3.794 -1.839 -0.6 -2.152 -4.322 -4.643 -4.703 -2.299
141.322334 1.787 6.985 6.02 4.317 1.53 -0.472 1.412 3.82 1.399 -0.591 -2.175 -3.252 4.043 0.68 -1.449 -2.574 -3.345 -0.295 -1.619 -2.652 -3.268 -3.727 -1.772 -0.534 -2.086 -4.256 -4.576 -4.637 -2.232
145.596532 1.854 7.052 6.086 4.383 1.596 -0.406 1.479 3.886 1.465 -0.524 -2.109 -3.186 4.109 0.746 -1.383 -2.507 -3.278 -0.229 -1.552 -2.586 -3.202 -3.661 -1.706 -0.467 -2.019 -4.189 -4.51 -4.57 -2.166
150.0 1.92 7.119 6.153 4.45 1.663 -0.339 1.545 3.953 1.532 -0.458 -2.042 -3.119 4.176 0.813 -1.316 -2.441 -3.212 -0.162 -1.485 -2.519 -3.135 -3.594 -1.639 -0.401 -1.953 -4.123 -4.443 -4.504 -2.099
