web/models/kne.last_good/kappa_0.5_3.0.v2/21/villar_0.0512_0.0300_3.0000.dat
# %ECSV 1.0
# ---
# datatype:
# - {name: time, datatype: float64}
# - {name: swift_uvot_uvw2, datatype: float64}
# - {name: swift_uvot_uvm2, datatype: float64}
# - {name: swift_uvot_uvw1, datatype: float64}
# - {name: swift_uvot_U, datatype: float64}
# - {name: swift_uvot_B, datatype: float64}
# - {name: swift_uvot_V, datatype: float64}
# - {name: swift_uvot_W, datatype: float64}
# - {name: johnson_U, datatype: float64}
# - {name: johnson_B, datatype: float64}
# - {name: johnson_V, datatype: float64}
# - {name: johnson_R, datatype: float64}
# - {name: johnson_I, datatype: float64}
# - {name: sdss_u, datatype: float64}
# - {name: sdss_g, datatype: float64}
# - {name: sdss_r, datatype: float64}
# - {name: sdss_i, datatype: float64}
# - {name: sdss_z, datatype: float64}
# - {name: PS1_g, datatype: float64}
# - {name: PS1_r, datatype: float64}
# - {name: PS1_i, datatype: float64}
# - {name: PS1_z, datatype: float64}
# - {name: PS1_Y, datatype: float64}
# - {name: PS1_w, datatype: float64}
# - {name: ATLAS_c, datatype: float64}
# - {name: ATLAS_o, datatype: float64}
# - {name: ukirt_J, datatype: float64}
# - {name: ukirt_H, datatype: float64}
# - {name: ukirt_K, datatype: float64}
# - {name: Clear, datatype: float64}
# meta: !!omap
# - comment: [kappa = 3.0, type = villar, mass = 0.051209162050732976, velocity = 0.030000000000000027, theta_obs = 0.0, tfloor = 2500.0]
# schema: astropy-2.0
time swift_uvot_uvw2 swift_uvot_uvm2 swift_uvot_uvw1 swift_uvot_U swift_uvot_B swift_uvot_V swift_uvot_W johnson_U johnson_B johnson_V johnson_R johnson_I sdss_u sdss_g sdss_r sdss_i sdss_z PS1_g PS1_r PS1_i PS1_z PS1_Y PS1_w ATLAS_c ATLAS_o ukirt_J ukirt_H ukirt_K Clear
[from data line 279]
4.07684 -11.242 -11.614 -12.414 -13.556 -14.101 -14.4 -13.265 -13.661 -14.105 -14.403 -14.497 -14.46 -13.637 -14.221 -14.481 -14.509 -14.451 -14.278 -14.49 -14.519 -14.483 -14.464 -14.428 -14.351 -14.495 -14.175 -13.842 -13.385 -14.397
4.200141 -11.075 -11.434 -12.274 -13.457 -14.035 -14.358 -13.183 -13.568 -14.039 -14.362 -14.474 -14.453 -13.543 -14.164 -14.45 -14.493 -14.446 -14.225 -14.46 -14.503 -14.476 -14.462 -14.396 -14.306 -14.471 -14.184 -13.859 -13.408 -14.363
4.327172 -10.906 -11.248 -12.129 -13.354 -13.965 -14.313 -13.099 -13.471 -13.97 -14.318 -14.449 -14.443 -13.444 -14.104 -14.417 -14.475 -14.439 -14.168 -14.427 -14.486 -14.467 -14.458 -14.362 -14.259 -14.445 -14.192 -13.875 -13.43 -14.328
4.458044 -10.735 -11.056 -11.979 -13.247 -13.892 -14.266 -13.013 -13.37 -13.898 -14.272 -14.423 -14.433 -13.341 -14.04 -14.382 -14.456 -14.43 -14.109 -14.393 -14.466 -14.457 -14.453 -14.327 -14.209 -14.417 -14.199 -13.89 -13.452 -14.291
4.592874 -10.562 -10.857 -11.825 -13.136 -13.815 -14.216 -12.925 -13.264 -13.822 -14.222 -14.394 -14.421 -13.234 -13.974 -14.345 -14.434 -14.42 -14.047 -14.356 -14.445 -14.445 -14.447 -14.289 -14.157 -14.387 -14.205 -13.905 -13.474 -14.252
4.731783 -10.389 -10.652 -11.665 -13.02 -13.734 -14.163 -12.834 -13.155 -13.742 -14.17 -14.363 -14.407 -13.122 -13.904 -14.305 -14.411 -14.408 -13.982 -14.316 -14.422 -14.431 -14.44 -14.249 -14.101 -14.355 -14.21 -13.919 -13.495 -14.211
4.874892 -10.216 -10.439 -11.501 -12.899 -13.65 -14.107 -12.741 -13.04 -13.659 -14.115 -14.33 -14.392 -13.005 -13.831 -14.263 -14.385 -14.395 -13.913 -14.274 -14.397 -14.416 -14.431 -14.207 -14.043 -14.32 -14.214 -13.932 -13.516 -14.168
5.02233 -10.043 -10.22 -11.332 -12.773 -13.562 -14.048 -12.645 -12.921 -13.572 -14.057 -14.294 -14.375 -12.883 -13.754 -14.218 -14.358 -14.38 -13.842 -14.23 -14.37 -14.4 -14.42 -14.162 -13.982 -14.283 -14.218 -13.945 -13.536 -14.123
5.174227 -9.872 -9.994 -11.158 -12.643 -13.47 -13.986 -12.547 -12.797 -13.481 -13.996 -14.257 -14.356 -12.757 -13.673 -14.17 -14.328 -14.364 -13.766 -14.183 -14.341 -14.381 -14.409 -14.115 -13.918 -14.244 -14.22 -13.957 -13.556 -14.076
5.330718 -9.704 -9.76 -10.979 -12.507 -13.374 -13.92 -12.447 -12.669 -13.386 -13.932 -14.217 -14.335 -12.626 -13.589 -14.119 -14.296 -14.346 -13.688 -14.133 -14.31 -14.361 -14.395 -14.066 -13.851 -14.203 -14.22 -13.968 -13.575 -14.027
5.491942 -9.54 -9.519 -10.796 -12.366 -13.274 -13.851 -12.343 -12.535 -13.286 -13.864 -14.174 -14.313 -12.489 -13.501 -14.066 -14.262 -14.325 -13.606 -14.081 -14.276 -14.339 -14.381 -14.014 -13.78 -14.159 -14.22 -13.978 -13.594 -13.975
5.658042 -9.38 -9.27 -10.607 -12.219 -13.169 -13.779 -12.237 -12.395 -13.183 -13.793 -14.129 -14.288 -12.347 -13.41 -14.01 -14.225 -14.303 -13.52 -14.025 -14.24 -14.315 -14.364 -13.959 -13.706 -14.112 -14.219 -13.988 -13.612 -13.922
5.829166 -9.226 -9.014 -10.413 -12.067 -13.06 -13.703 -12.129 -12.251 -13.075 -13.719 -14.082 -14.262 -12.199 -13.314 -13.95 -14.186 -14.279 -13.431 -13.967 -14.202 -14.289 -14.346 -13.902 -13.629 -14.063 -14.216 -13.996 -13.629 -13.866
6.005465 -9.079 -8.75 -10.213 -11.909 -12.946 -13.624 -12.017 -12.101 -12.963 -13.641 -14.031 -14.233 -12.046 -13.214 -13.888 -14.145 -14.254 -13.337 -13.905 -14.161 -14.26 -14.326 -13.843 -13.549 -14.011 -14.212 -14.004 -13.646 -13.807
6.187096 -8.94 -8.477 -10.009 -11.745 -12.828 -13.54 -11.903 -11.945 -12.846 -13.559 -13.978 -14.203 -11.887 -13.109 -13.822 -14.101 -14.226 -13.24 -13.84 -14.118 -14.23 -14.304 -13.78 -13.465 -13.956 -14.207 -14.011 -13.663 -13.747
6.37422 -8.81 -8.197 -9.8 -11.575 -12.705 -13.453 -11.786 -11.783 -12.725 -13.474 -13.922 -14.17 -11.722 -13.001 -13.753 -14.054 -14.195 -13.139 -13.773 -14.072 -14.198 -14.281 -13.715 -13.377 -13.898 -14.2 -14.017 -13.679 -13.684
6.567004 -8.689 -7.908 -9.586 -11.399 -12.577 -13.362 -11.665 -11.616 -12.598 -13.385 -13.863 -14.135 -11.55 -12.888 -13.68 -14.005 -14.163 -13.034 -13.701 -14.023 -14.163 -14.255 -13.647 -13.285 -13.838 -14.192 -14.022 -13.694 -13.619
6.765619 -8.577 -7.611 -9.367 -11.216 -12.443 -13.267 -11.542 -11.442 -12.467 -13.291 -13.801 -14.098 -11.373 -12.77 -13.604 -13.952 -14.128 -12.925 -13.627 -13.972 -14.126 -14.228 -13.575 -13.19 -13.774 -14.183 -14.026 -13.709 -13.551
6.97024 -8.475 -7.306 -9.142 -11.027 -12.305 -13.167 -11.415 -11.262 -12.33 -13.194 -13.736 -14.058 -11.188 -12.647 -13.525 -13.897 -14.091 -12.811 -13.548 -13.918 -14.086 -14.198 -13.501 -13.09 -13.707 -14.172 -14.029 -13.723 -13.481
7.181051 -8.382 -6.993 -8.914 -10.831 -12.161 -13.063 -11.286 -11.075 -12.189 -13.092 -13.668 -14.016 -10.997 -12.52 -13.441 -13.839 -14.052 -12.694 -13.467 -13.861 -14.044 -14.167 -13.424 -12.987 -13.637 -14.159 -14.031 -13.736 -13.408
7.398237 -8.297 -6.672 -8.68 -10.629 -12.011 -12.954 -11.153 -10.882 -12.041 -12.985 -13.597 -13.971 -10.799 -12.388 -13.354 -13.777 -14.01 -12.572 -13.381 -13.8 -14.0 -14.133 -13.343 -12.879 -13.563 -14.145 -14.031 -13.749 -13.334
7.621991 -8.221 -6.344 -8.441 -10.419 -11.856 -12.841 -11.016 -10.681 -11.889 -12.875 -13.522 -13.924 -10.595 -12.25 -13.262 -13.713 -13.966 -12.446 -13.292 -13.737 -13.952 -14.097 -13.259 -12.768 -13.486 -14.129 -14.031 -13.761 -13.256
7.852513 -8.151 -6.01 -8.198 -10.201 -11.695 -12.723 -10.877 -10.474 -11.73 -12.759 -13.444 -13.874 -10.382 -12.107 -13.167 -13.645 -13.918 -12.315 -13.199 -13.67 -13.902 -14.058 -13.172 -12.651 -13.406 -14.112 -14.03 -13.772 -13.177
8.090007 -8.089 -5.671 -7.951 -9.976 -11.528 -12.601 -10.733 -10.259 -11.566 -12.639 -13.362 -13.821 -10.163 -11.959 -13.067 -13.573 -13.868 -12.18 -13.101 -13.601 -13.849 -14.018 -13.082 -12.531 -13.322 -14.092 -14.027 -13.782 -13.095
8.334684 -8.031 -5.328 -7.699 -9.744 -11.355 -12.473 -10.587 -10.037 -11.396 -12.514 -13.276 -13.765 -9.935 -11.805 -12.963 -13.499 -13.816 -12.041 -13.0 -13.527 -13.794 -13.975 -12.988 -12.405 -13.234 -14.071 -14.023 -13.792 -13.01
8.586761 -7.979 -4.985 -7.443 -9.503 -11.175 -12.34 -10.436 -9.807 -11.22 -12.384 -13.187 -13.707 -9.7 -11.645 -12.854 -13.42 -13.76 -11.897 -12.894 -13.45 -13.735 -13.929 -12.89 -12.275 -13.143 -14.048 -14.018 -13.801 -12.923
8.846461 -7.93 -4.643 -7.182 -9.255 -10.989 -12.201 -10.282 -9.57 -11.037 -12.249 -13.094 -13.645 -9.456 -11.48 -12.741 -13.338 -13.701 -11.749 -12.785 -13.37 -13.673 -13.881 -12.788 -12.141 -13.047 -14.023 -14.012 -13.809 -12.834
9.114017 -7.885 -4.309 -6.918 -8.998 -10.796 -12.057 -10.125 -9.324 -10.848 -12.108 -12.997 -13.58 -9.205 -11.308 -12.623 -13.252 -13.64 -11.598 -12.671 -13.286 -13.608 -13.83 -12.683 -12.001 -12.948 -13.996 -14.004 -13.817 -12.743
9.389664 -7.842 -3.988 -6.649 -8.732 -10.596 -11.908 -9.963 -9.07 -10.652 -11.962 -12.896 -13.513 -8.944 -11.13 -12.501 -13.162 -13.575 -11.442 -12.552 -13.198 -13.54 -13.776 -12.574 -11.856 -12.844 -13.968 -13.995 -13.823 -12.649
9.673648 -7.801 -3.685 -6.376 -8.458 -10.389 -11.752 -9.798 -8.807 -10.45 -11.811 -12.791 -13.442 -8.675 -10.946 -12.373 -13.068 -13.507 -11.282 -12.429 -13.106 -13.469 -13.72 -12.461 -11.706 -12.736 -13.937 -13.985 -13.829 -12.554
9.966221 -7.762 -3.409 -6.1 -8.174 -10.175 -11.591 -9.629 -8.536 -10.24 -11.654 -12.682 -13.367 -8.397 -10.756 -12.24 -12.97 -13.435 -11.12 -12.301 -13.01 -13.394 -13.661 -12.344 -11.551 -12.624 -13.903 -13.973 -13.834 -12.456
10.267642 -7.724 -3.163 -5.819 -7.881 -9.954 -11.423 -9.456 -8.255 -10.024 -11.491 -12.568 -13.289 -8.109 -10.558 -12.102 -12.868 -13.36 -10.954 -12.169 -12.91 -13.315 -13.599 -12.223 -11.39 -12.508 -13.868 -13.959 -13.838 -12.356
10.57818 -7.687 -2.952 -5.535 -7.579 -9.725 -11.25 -9.279 -7.966 -9.8 -11.321 -12.45 -13.208 -7.812 -10.354 -11.958 -12.761 -13.282 -10.786 -12.032 -12.806 -13.233 -13.534 -12.098 -11.224 -12.387 -13.83 -13.944 -13.841 -12.255
10.89811 -7.651 -2.777 -5.246 -7.267 -9.488 -11.069 -9.099 -7.667 -9.569 -11.146 -12.327 -13.123 -7.505 -10.143 -11.809 -12.65 -13.199 -10.616 -11.891 -12.698 -13.147 -13.466 -11.968 -11.052 -12.261 -13.79 -13.928 -13.844 -12.152
11.227716 -7.615 -2.635 -4.953 -6.945 -9.243 -10.883 -8.914 -7.358 -9.33 -10.964 -12.2 -13.035 -7.188 -9.924 -11.655 -12.534 -13.113 -10.445 -11.744 -12.585 -13.058 -13.395 -11.834 -10.874 -12.131 -13.748 -13.91 -13.845 -12.047
11.56729 -7.579 -2.522 -4.656 -6.612 -8.99 -10.689 -8.726 -7.039 -9.084 -10.776 -12.068 -12.942 -6.861 -9.699 -11.494 -12.413 -13.024 -10.274 -11.593 -12.468 -12.964 -13.321 -11.695 -10.691 -11.995 -13.703 -13.89 -13.845 -11.941
11.917135 -7.544 -2.432 -4.355 -6.269 -8.729 -10.488 -8.535 -6.71 -8.829 -10.582 -11.931 -12.846 -6.523 -9.465 -11.328 -12.288 -12.93 -10.104 -11.438 -12.347 -12.867 -13.243 -11.551 -10.501 -11.855 -13.655 -13.869 -13.844 -11.835
12.277561 -7.508 -2.359 -4.048 -5.915 -8.459 -10.281 -8.339 -6.371 -8.566 -10.38 -11.79 -12.746 -6.175 -9.224 -11.155 -12.157 -12.832 -9.935 -11.278 -12.221 -12.766 -13.163 -11.403 -10.305 -11.71 -13.605 -13.846 -13.843 -11.727
12.648887 -7.472 -2.298 -3.737 -5.55 -8.18 -10.066 -8.141 -6.02 -8.295 -10.171 -11.643 -12.642 -5.815 -8.975 -10.976 -12.021 -12.73 -9.77 -11.114 -12.09 -12.66 -13.079 -11.25 -10.102 -11.56 -13.552 -13.821 -13.84 -11.619
13.031444 -7.436 -2.246 -3.421 -5.174 -7.892 -9.843 -7.939 -5.659 -8.016 -9.956 -11.491 -12.534 -5.444 -8.718 -10.791 -11.881 -12.624 -9.61 -10.945 -11.955 -12.55 -12.992 -11.092 -9.893 -11.404 -13.496 -13.794 -13.836 -11.511
13.425571 -7.396 -2.198 -3.164 -4.866 -7.653 -9.655 -7.771 -5.363 -7.784 -9.774 -11.359 -12.436 -5.141 -8.504 -10.632 -11.757 -12.528 -9.478 -10.802 -11.836 -12.451 -12.911 -10.955 -9.717 -11.269 -13.439 -13.759 -13.82 -11.416
13.831619 -7.343 -2.144 -3.11 -4.813 -7.6 -9.602 -7.718 -5.31 -7.731 -9.72 -11.305 -12.382 -5.087 -8.45 -10.579 -11.704 -12.474 -9.425 -10.748 -11.782 -12.398 -12.857 -10.902 -9.664 -11.216 -13.386 -13.706 -13.767 -11.362
14.249947 -7.289 -2.091 -3.057 -4.76 -7.546 -9.549 -7.664 -5.256 -7.677 -9.667 -11.252 -12.329 -5.034 -8.397 -10.525 -11.65 -12.421 -9.371 -10.695 -11.729 -12.344 -12.804 -10.848 -9.61 -11.162 -13.332 -13.652 -13.713 -11.309
14.680926 -7.236 -2.037 -3.003 -4.706 -7.493 -9.495 -7.61 -5.203 -7.624 -9.613 -11.198 -12.275 -4.98 -8.343 -10.472 -11.596 -12.367 -9.318 -10.641 -11.675 -12.291 -12.75 -10.795 -9.556 -11.108 -13.278 -13.599 -13.659 -11.255
15.124941 -7.182 -1.983 -2.949 -4.652 -7.439 -9.441 -7.557 -5.149 -7.57 -9.559 -11.144 -12.221 -4.926 -8.289 -10.418 -11.543 -12.314 -9.264 -10.587 -11.621 -12.237 -12.696 -10.741 -9.503 -11.055 -13.225 -13.545 -13.606 -11.201
15.582385 -7.128 -1.93 -2.895 -4.598 -7.385 -9.387 -7.503 -5.095 -7.516 -9.506 -11.09 -12.167 -4.872 -8.235 -10.364 -11.489 -12.26 -9.21 -10.534 -11.567 -12.183 -12.642 -10.687 -9.449 -11.001 -13.171 -13.491 -13.552 -11.147
16.053663 -7.074 -1.876 -2.841 -4.544 -7.331 -9.333 -7.449 -5.041 -7.462 -9.452 -11.037 -12.113 -4.818 -8.181 -10.31 -11.435 -12.206 -9.156 -10.48 -11.513 -12.129 -12.588 -10.633 -9.395 -10.947 -13.117 -13.437 -13.498 -11.093
16.539195 -7.02 -1.821 -2.787 -4.49 -7.277 -9.279 -7.395 -4.987 -7.408 -9.398 -10.982 -12.059 -4.764 -8.127 -10.256 -11.381 -12.152 -9.102 -10.425 -11.459 -12.075 -12.534 -10.579 -9.341 -10.893 -13.063 -13.383 -13.444 -11.039
17.039412 -6.966 -1.767 -2.733 -4.436 -7.223 -9.225 -7.341 -4.933 -7.354 -9.343 -10.928 -12.005 -4.71 -8.073 -10.202 -11.327 -12.097 -9.048 -10.371 -11.405 -12.021 -12.48 -10.525 -9.287 -10.839 -13.009 -13.329 -13.39 -10.985
17.554757 -6.912 -1.713 -2.679 -4.382 -7.169 -9.171 -7.286 -4.879 -7.3 -9.289 -10.874 -11.951 -4.656 -8.019 -10.148 -11.272 -12.043 -8.994 -10.317 -11.351 -11.967 -12.426 -10.471 -9.232 -10.784 -12.955 -13.275 -13.335 -10.931
18.085689 -6.857 -1.659 -2.625 -4.328 -7.114 -9.117 -7.232 -4.824 -7.245 -9.235 -10.82 -11.897 -4.602 -7.965 -10.094 -11.218 -11.989 -8.939 -10.263 -11.297 -11.913 -12.372 -10.417 -9.178 -10.73 -12.9 -13.221 -13.281 -10.877
18.632678 -6.803 -1.605 -2.571 -4.273 -7.06 -9.062 -7.178 -4.77 -7.191 -9.181 -10.766 -11.842 -4.547 -7.911 -10.039 -11.164 -11.935 -8.885 -10.209 -11.243 -11.858 -12.317 -10.362 -9.124 -10.676 -12.846 -13.166 -13.227 -10.822
19.196211 -6.749 -1.55 -2.516 -4.219 -7.006 -9.008 -7.124 -4.716 -7.137 -9.126 -10.711 -11.788 -4.493 -7.856 -9.985 -11.11 -11.88 -8.831 -10.154 -11.188 -11.804 -12.263 -10.308 -9.07 -10.622 -12.792 -13.112 -13.173 -10.768
19.776787 -6.694 -1.496 -2.462 -4.165 -6.952 -8.954 -7.069 -4.662 -7.083 -9.072 -10.657 -11.734 -4.439 -7.802 -9.931 -11.055 -11.826 -8.777 -10.1 -11.134 -11.75 -12.209 -10.254 -9.015 -10.567 -12.737 -13.058 -13.118 -10.714
20.374923 -6.64 -1.442 -2.408 -4.11 -6.897 -8.899 -7.015 -4.607 -7.028 -9.018 -10.603 -11.679 -4.384 -7.748 -9.876 -11.001 -11.772 -8.722 -10.046 -11.08 -11.695 -12.154 -10.199 -8.961 -10.513 -12.683 -13.003 -13.064 -10.659
20.991149 -6.586 -1.387 -2.353 -4.056 -6.843 -8.845 -6.961 -4.553 -6.974 -8.963 -10.548 -11.625 -4.33 -7.693 -9.822 -10.947 -11.717 -8.668 -9.991 -11.025 -11.641 -12.1 -10.145 -8.907 -10.459 -12.629 -12.949 -13.01 -10.605
21.626011 -6.531 -1.333 -2.299 -4.002 -6.789 -8.791 -6.906 -4.499 -6.92 -8.909 -10.494 -11.571 -4.276 -7.639 -9.768 -10.892 -11.663 -8.614 -9.937 -10.971 -11.587 -12.046 -10.091 -8.852 -10.404 -12.574 -12.895 -12.955 -10.551
22.280075 -6.477 -1.279 -2.245 -3.947 -6.734 -8.736 -6.852 -4.444 -6.865 -8.855 -10.44 -11.517 -4.222 -7.585 -9.713 -10.838 -11.609 -8.559 -9.883 -10.917 -11.532 -11.991 -10.036 -8.798 -10.35 -12.52 -12.84 -12.901 -10.496
22.953921 -6.423 -1.224 -2.19 -3.893 -6.68 -8.682 -6.798 -4.39 -6.811 -8.801 -10.385 -11.462 -4.167 -7.53 -9.659 -10.784 -11.555 -8.505 -9.828 -10.862 -11.478 -11.937 -9.982 -8.744 -10.296 -12.466 -12.786 -12.847 -10.442
23.648147 -6.369 -1.17 -2.136 -3.839 -6.626 -8.628 -6.744 -4.336 -6.757 -8.746 -10.331 -11.408 -4.113 -7.476 -9.605 -10.73 -11.5 -8.451 -9.774 -10.808 -11.424 -11.883 -9.928 -8.69 -10.242 -12.412 -12.732 -12.793 -10.388
24.363369 -6.315 -1.116 -2.082 -3.785 -6.572 -8.574 -6.689 -4.282 -6.703 -8.692 -10.277 -11.354 -4.059 -7.422 -9.551 -10.676 -11.446 -8.397 -9.72 -10.754 -11.37 -11.829 -9.874 -8.635 -10.188 -12.358 -12.678 -12.738 -10.334
25.100222 -6.261 -1.062 -2.028 -3.731 -6.518 -8.52 -6.636 -4.228 -6.649 -8.638 -10.223 -11.3 -4.005 -7.368 -9.497 -10.622 -11.392 -8.343 -9.666 -10.7 -11.316 -11.775 -9.82 -8.581 -10.134 -12.304 -12.624 -12.684 -10.28
25.859362 -6.207 -1.008 -1.974 -3.677 -6.464 -8.466 -6.582 -4.174 -6.595 -8.584 -10.169 -11.246 -3.951 -7.314 -9.443 -10.568 -11.338 -8.289 -9.612 -10.646 -11.262 -11.721 -9.766 -8.528 -10.08 -12.25 -12.57 -12.631 -10.226
26.64146 -6.153 -0.955 -1.92 -3.623 -6.41 -8.412 -6.528 -4.12 -6.541 -8.531 -10.116 -11.192 -3.897 -7.26 -9.389 -10.514 -11.285 -8.235 -9.559 -10.592 -11.208 -11.667 -9.712 -8.474 -10.026 -12.196 -12.516 -12.577 -10.172
27.447213 -6.099 -0.901 -1.867 -3.57 -6.357 -8.359 -6.474 -4.067 -6.488 -8.477 -10.062 -11.139 -3.844 -7.207 -9.336 -10.46 -11.231 -8.182 -9.505 -10.539 -11.155 -11.614 -9.659 -8.42 -9.972 -12.142 -12.463 -12.523 -10.119
28.277335 -6.046 -0.848 -1.813 -3.516 -6.303 -8.305 -6.421 -4.013 -6.434 -8.424 -10.008 -11.085 -3.79 -7.153 -9.282 -10.407 -11.178 -8.128 -9.452 -10.485 -11.101 -11.56 -9.605 -8.367 -9.919 -12.089 -12.409 -12.47 -10.065
29.132564 -5.993 -0.794 -1.76 -3.463 -6.25 -8.252 -6.367 -3.96 -6.381 -8.37 -9.955 -11.032 -3.737 -7.1 -9.229 -10.353 -11.124 -8.075 -9.398 -10.432 -11.048 -11.507 -9.552 -8.313 -9.865 -12.036 -12.356 -12.416 -10.012
30.013659 -5.94 -0.741 -1.707 -3.41 -6.197 -8.199 -6.314 -3.907 -6.328 -8.317 -9.902 -10.979 -3.684 -7.047 -9.176 -10.3 -11.071 -8.022 -9.345 -10.379 -10.995 -11.454 -9.499 -8.26 -9.812 -11.982 -12.303 -12.363 -9.959
30.921401 -5.887 -0.688 -1.654 -3.357 -6.144 -8.146 -6.261 -3.854 -6.275 -8.264 -9.849 -10.926 -3.631 -6.994 -9.123 -10.247 -11.018 -7.969 -9.292 -10.326 -10.942 -11.401 -9.446 -8.207 -9.759 -11.929 -12.25 -12.31 -9.906
