web/models/kne/39/mosfit_kn_0.033839_0.3120_3.6500.dat
# %ECSV 1.0
# ---
# datatype:
# - {name: time, datatype: float64}
# - {name: PS1_g, datatype: float64}
# - {name: PS1_i, datatype: float64}
# - {name: PS1_r, datatype: float64}
# - {name: PS1_w, datatype: float64}
# - {name: PS1_y, datatype: float64}
# - {name: PS1_z, datatype: float64}
# - {name: swift_uvot_B, datatype: float64}
# - {name: swift_uvot_U, datatype: float64}
# - {name: swift_uvot_uvm2, datatype: float64}
# - {name: swift_uvot_uvw1, datatype: float64}
# - {name: swift_uvot_uvw2, datatype: float64}
# - {name: swift_uvot_V, datatype: float64}
# - {name: johnson_B, datatype: float64}
# - {name: johnson_I, datatype: float64}
# - {name: johnson_R, datatype: float64}
# - {name: johnson_U, datatype: float64}
# - {name: johnson_V, datatype: float64}
# - {name: sdss_g, datatype: float64}
# - {name: sdss_i, datatype: float64}
# - {name: sdss_r, datatype: float64}
# - {name: sdss_u, datatype: float64}
# - {name: sdss_z, datatype: float64}
# - {name: ATLAS_c, datatype: float64}
# - {name: ATLAS_o, datatype: float64}
# - {name: ukirt_H, datatype: float64}
# - {name: ukirt_J, datatype: float64}
# - {name: ukirt_K, datatype: float64}
# - {name: Clear, datatype: float64}
# meta: !!omap
# - comment: [kappa = 3.65, type = rprocess, mass = 0.03383890769761434, velocity = 0.312, theta_obs = 0.0, tfloor = 1000.0]
# schema: astropy-2.0
time PS1_g PS1_i PS1_r PS1_w PS1_y PS1_z swift_uvot_B swift_uvot_U swift_uvot_uvm2 swift_uvot_uvw1 swift_uvot_uvw2 swift_uvot_V johnson_B johnson_I johnson_R johnson_U johnson_V sdss_g sdss_i sdss_r sdss_u sdss_z ATLAS_c ATLAS_o ukirt_H ukirt_J ukirt_K Clear
[from data line 319]
19.238476953907814 8.519715131827148 -0.3621136813721293 3.1129570966657027 1.1450332851617162 -3.885303729897398 -2.46762776505026 12.059621708391635 18.718565806286538 32.60716111031572 14.684148338361105 17.197164844840756 6.479231824697933 10.855684391425445 -1.91562698779408 1.05440577893092 17.687564627034796 5.52420948952918 9.332255233141584 -0.280857729259143 3.3414457561621447 19.219671336461364 -3.0410553770722615 5.092033666408344 0.6396211417985675 -8.834291107812893 -6.684801812323203 -10.194579788286065 -1.1408607585996222
19.298597194388776 8.527324192849388 -0.35450462034988917 3.1205661576879606 1.152642346183974 -3.877694668875158 -2.4600187040280197 12.067230769413875 18.726174867308796 32.614770171337966 14.691757399383345 17.204773905862996 6.486840885720173 10.863293452447685 -1.9080179267718398 1.0620148399531602 17.695173688057036 5.531818550551438 9.339864294163842 -0.27324866823690286 3.349054817184385 19.22728039748362 -3.0334463160500214 5.099642727430602 0.6472302028208077 -8.826682046790635 -6.677192751300945 -10.186970727263825 -1.133251697577382
19.35871743486974 8.534910375965001 -0.34691843723427596 3.128152340803556 1.1602285292995873 -3.8701084857595447 -2.4524325209124065 12.074816952529488 18.73376105042439 32.62235635445357 14.699343582498958 17.21236008897861 6.494427068835786 10.870879635563298 -1.9004317436562266 1.0696010230687734 17.70275987117265 5.539404733667033 9.347450477279438 -0.26566248512128965 3.356641000299998 19.234866580599217 -3.025860132934408 5.107228910546198 0.6548163859364209 -8.81909586367504 -6.669606568185349 -10.179384544148212 -1.1256655144617689
19.4188376753507 8.542473935365482 -0.33935487783379514 3.1357159002040547 1.1677920887000681 -3.862544926359064 -2.4448689615119257 12.08238051192997 18.74132460982489 32.62991991385406 14.706907141899439 17.21992364837909 6.501990628236267 10.87844319496378 -1.8928681842557458 1.0771645824692542 17.710323430573148 5.546968293067532 9.355014036679936 -0.25809892572080884 3.364204559700479 19.242430139999716 -3.0182965735339273 5.114792469946696 0.6623799453369017 -8.811532304274541 -6.662043008784851 -10.17182098474773 -1.118101955061288
19.478957915831664 8.550015111976617 -0.3318137012226785 3.1432570768151713 1.1753332653111848 -3.8550037497479295 -2.437327784900809 12.089921688541086 18.748865786436006 32.63746109046518 14.714448318510556 17.227464824990207 6.509531804847401 10.885984371574896 -1.8853270076446291 1.0847057590803708 17.717864607184264 5.554509469678648 9.362555213291053 -0.25055774910967443 3.3717457363115955 19.249971316610832 -3.010755396922793 5.122333646557813 0.6699211219480361 -8.803991127663425 -6.654501832173734 -10.164279808136596 -1.1105607784501537
19.539078156312623 8.557534109326728 -0.32429470387254966 3.1507760741652824 1.1828522626613136 -3.8474847523978184 -2.42980878755068 12.097440685891215 18.756384783786135 32.644980087815306 14.721967315860685 17.234983822340336 6.517050802197512 10.893503368925025 -1.8778080102945003 1.0922247564304997 17.725383604534375 5.562028467028759 9.370074210641182 -0.24303875175956335 3.3792647336617243 19.25749031396096 -3.003236399572682 5.129852643907942 0.6774401192981472 -8.796472130313314 -6.646982834823623 -10.156760810786485 -1.1030417811000426
19.599198396793586 8.565031124993645 -0.31679768820563226 3.1582730898322 1.1903492783282132 -3.839987736730901 -2.422311771883763 12.104937701558132 18.763881799453035 32.65247710348222 14.729464331527602 17.242480838007253 6.52454781786443 10.901000384591942 -1.8703109946275829 1.099721772097417 17.732880620201293 5.569525482695677 9.377571226308081 -0.23554173609264595 3.3867617493286417 19.26498732962786 -2.9957393839057644 5.137349659574841 0.6849371349650646 -8.788975114646396 -6.639485819156706 -10.149263795119568 -1.0955447654331252
19.65931863727455 8.572506390342589 -0.30932242285670597 3.165748355181144 1.1978245436771573 -3.832512471381957 -2.4148365065348365 12.112412966907058 18.77135706480198 32.65995236883116 14.736939596876546 17.24995610335618 6.532023083213374 10.908475649940868 -1.8628357292786566 1.1071970374463433 17.740355885550237 5.577000748044621 9.385046491657025 -0.2280664707437019 3.3942370146775858 19.272462594976805 -2.9882641185568204 5.144824924923785 0.6924124003140086 -8.781499849297452 -6.632010553807762 -10.141788529770624 -1.0880695000841811
19.71943887775551 8.579960067813097 -0.30186874538618014 3.1732020326516697 1.2052782211476831 -3.825058793911431 -2.4073828290643107 12.119866644377584 18.778810742272505 32.66740604630168 14.744393274347054 17.257409780826706 6.5394767606838995 10.915929327411394 -1.8553820518081308 1.1146507149168692 17.747809563020763 5.584454425515147 9.392500169127551 -0.22061279327319383 3.401690692148094 19.27991627244733 -2.9808104410863123 5.152278602394311 0.6998660777845167 -8.774046171826926 -6.624556876337236 -10.134334852300116 -1.0806158226136553
19.779559118236474 8.587392387257324 -0.29443642594195296 3.180634352095879 1.2127105405919103 -3.8176264744672217 -2.3999505096200835 12.127298963821811 18.786243061716732 32.67483836574589 14.751825593791281 17.264842100270933 6.546909080128109 10.923361646855621 -1.8479497323639036 1.1220830343610964 17.755241882464972 5.591886744959356 9.39993248857176 -0.21318047382896665 3.409123011592321 19.287348591891558 -2.973378121642085 5.159710921838538 0.7072983972287439 -8.766613852382717 -6.617124556893026 -10.126902532855889 -1.0731835031694459
19.839679358717433 8.594803590612816 -0.2870252225864789 3.188045555451371 1.2201217439473844 -3.81021527111173 -2.3925393062646094 12.134710167177285 18.793654265072206 32.68224956910139 14.759236797146773 17.272253303626407 6.554320283483601 10.930772850211095 -1.8405385290084295 1.1294942377165704 17.762653085820464 5.599297948314848 9.407343691927252 -0.20576927047347482 3.416534214947813 19.29475979524703 -2.9659669182865933 5.1671221251940125 0.7147096005842357 -8.759202649027225 -6.6097133535375345 -10.119491329500397 -1.065772299813954
19.899799599198396 8.60219385792007 -0.27963495527920657 3.1954358227586255 1.227512011254639 -3.8028250038044753 -2.385149038957337 12.142100434484558 18.80104453237946 32.68963983640864 14.766627064454028 17.27964357093368 6.561710550790855 10.938163117518368 -1.8331482617011572 1.1368845050238428 17.77004335312772 5.6066882156221025 9.414733959234507 -0.19837900316622026 3.4239244822550674 19.302150062554286 -2.9585766509793388 5.174512392501267 0.7220998678914903 -8.75181238171997 -6.60232308623028 -10.112101062193142 -1.0583820325066995
19.95991983967936 8.609563400409215 -0.27226541279006256 3.2028053652477695 1.234881553743783 -3.7954554613153313 -2.377779496468193 12.149469976973702 18.808414074868605 32.69700937889778 14.773996606943172 17.287013113422823 6.569080093279999 10.945532660007494 -1.8257787192120132 1.144254047512969 17.777412895616862 5.6140577581112465 9.422103501723651 -0.19100946067707625 3.4312940247442114 19.30951960504343 -2.9512071084901947 5.181881934990411 0.7294694103806343 -8.744442839230826 -6.594953543741136 -10.104731519703998 -1.0510124900175555
20.02004008016032 8.6169124028536 -0.2649164103456769 3.210154367692155 1.2422305561881863 -3.7881064588709457 -2.3704304940238075 12.156818979418087 18.815763077313008 32.70435838134217 14.781345609387557 17.29436211586721 6.576429095724385 10.952881662451897 -1.8184297167676275 1.1516030499573724 17.784761898061248 5.621406760555632 9.429452504168037 -0.18366045823269062 3.438643027188597 19.316868607487834 -2.943858106045809 5.1892309374348145 0.7368184128250199 -8.73709383678644 -6.58760454129675 -10.097382517259613 -1.0436634875731698
20.080160320641284 8.624241040516782 -0.25758777268251265 3.217483005355337 1.2495591938513506 -3.7807778212077636 -2.363101856360643 12.16414761708127 18.823091714976172 32.71168701900535 14.78867424705074 17.30169075353039 6.583757733387567 10.960210300115062 -1.8111010791044455 1.1589316876205367 17.79209053572443 5.628735398218814 9.436781141831219 -0.17633182056950858 3.445971664851779 19.324197245150998 -2.936529468382627 5.196559575097979 0.744147050488202 -8.729765199123259 -6.580275903633568 -10.09005387959643 -1.0363348499099878
20.140280561122243 8.631549529507634 -0.25027928369164343 3.2247914943462064 1.2568676828422198 -3.7734693322168944 -2.355793367369774 12.171456106072121 18.83040020396704 32.71899550799621 14.79598273604159 17.308999242521242 6.591066222378436 10.967518789105931 -1.803792590113594 1.1662401766114059 17.7993990247153 5.636043887209683 9.444089630822088 -0.16902333157865712 3.4532801538426305 19.331505734141867 -2.929220979391758 5.203868064088848 0.7514555394790534 -8.72245671013239 -6.572967414642699 -10.082745390605579 -1.0290263609191186
20.200400801603205 8.63883808409664 -0.24299072910263675 3.2320800489351953 1.2641562374312265 -3.7661807776279055 -2.3485048127807673 12.178744660661128 18.837688758556048 32.726284062585215 14.803271290630597 17.31628779711025 6.598354776967425 10.974807343694938 -1.7965040355245874 1.1735287312004126 17.80668757930429 5.643332441798672 9.451378185411077 -0.16173477698965044 3.460568708431637 19.338794288730856 -2.921932424802769 5.211156618677837 0.7587440940680601 -8.7151681555434 -6.56567886005371 -10.075456836016572 -1.0217378063301297
20.260521042084168 8.6461068898139 -0.2357219233853769 3.239348854652455 1.2714250431484686 -3.7589119719106456 -2.3412360070635074 12.186013466378387 18.84495756427329 32.733552868302475 14.810540096347857 17.32355660282751 6.605623582684685 10.982076149412197 -1.7892352298073275 1.1807975369176547 17.813956385021548 5.650601247515932 9.458646991128337 -0.1544659712723906 3.467837514148897 19.346063094448116 -2.914663619085509 5.218425424395097 0.76601289978532 -8.70789934982614 -6.55841005433645 -10.068188030299313 -1.0144690006128698
20.32064128256513 8.653356143888207 -0.22847266931107058 3.2465981087267615 1.2786742972227927 -3.7516627178363393 -2.333986752989201 12.193262720452694 18.852206818347614 32.740802122376785 14.817789350422164 17.330805856901815 6.612872836758991 10.989325403486504 -1.7819859757330212 1.1880467909919787 17.821205639095854 5.657850501590256 9.46589624520266 -0.14721671719808427 3.4750867682232034 19.35331234852244 -2.9074143650112028 5.225674678469421 0.7732621538596263 -8.700650095751817 -6.551160800262144 -10.060938776225006 -1.0072197465385635
20.38076152304609 8.660586025370804 -0.22124278782847284 3.253827990209377 1.2859041787053904 -3.744432836353724 -2.3267568715066034 12.200492601935292 18.859436699830212 32.748032003859386 14.825019231904761 17.338035738384413 6.620102718241607 10.996555284969102 -1.7747560942504235 1.1952766724745765 17.82843552057847 5.665080383072854 9.473126126685258 -0.13998683571548654 3.482316649705801 19.360542230005038 -2.900184483528605 5.2329045599520185 0.780492035342224 -8.693420214269219 -6.5439309187795285 -10.053708894742408 -0.999989865055948
20.440881763527052 8.66779669984636 -0.21403211335291772 3.261038664684932 1.2931148531809455 -3.7372221618781865 -2.3195461970310483 12.207703276410847 18.866647374305767 32.75524267833494 14.832229906380316 17.345246412859968 6.627313392717144 11.003765959444657 -1.7675454197748683 1.2024873469501316 17.835646195054025 5.672291057548409 9.480336801160814 -0.1327761612399314 3.4895273241813562 19.367752904480593 -2.89297380905305 5.240115234427574 0.7877027098177791 -8.686209539793664 -6.536720244303973 -10.046498220266853 -0.9927791905804106
20.501002004008015 8.67498836267961 -0.20684045051966748 3.2682303275181646 1.300306516014178 -3.730030499044936 -2.312354534197798 12.214894939244097 18.873839037139 32.76243434116818 14.839421569213567 17.352438075693218 6.634505055550394 11.010957622277889 -1.760353756941618 1.209679009783364 17.842837857887258 5.679482720381642 9.487528463994046 -0.12558449840668118 3.4967189870146065 19.374944567313825 -2.8857821462197997 5.247306897260806 0.7948943726510294 -8.679017876960431 -6.529528581470741 -10.039306557433603 -0.9855875277471604
20.561122244488978 8.68216122847846 -0.19966758472081736 3.2754031933170324 1.307479381813046 -3.722857633246086 -2.305181668398948 12.222067805042947 18.881011902937868 32.76960720696704 14.846594435012417 17.35961094149207 6.6416779213492445 11.018130488076757 -1.753180891142768 1.216851875582232 17.850010723686125 5.6866555861805095 9.494701329792914 -0.11841163260783105 3.5038918528134566 19.382117433112693 -2.8786092804209495 5.254479763059674 0.8020672384498795 -8.671845011161563 -6.522355715671873 -10.032133691634753 -0.9784146619483103
20.62124248496994 8.689315471553911 -0.19251334164536615 3.282557436392466 1.3146336248884793 -3.715703390170635 -2.2980274253234967 12.229222048118398 18.8881661460133 32.77676145004248 14.853748678087868 17.36676518456752 6.648832164424696 11.025284731152208 -1.7460266480673168 1.2240061186576832 17.85716496676156 5.693809829255943 9.501855572868347 -0.11125738953237985 3.511046095888908 19.389271676188127 -2.8714550373454983 5.2616340061351075 0.8092214815253307 -8.66469076808613 -6.51520147259644 -10.024979448559302 -0.9712604188728591
20.6813627254509 8.696451267778311 -0.18537754542096607 3.2896932326168837 1.3217694211128972 -3.708567593946235 -2.2908916290990966 12.236357844342798 18.89530194223772 32.78389724626689 14.860884474312268 17.37390098079192 6.655967960649096 11.032420527376608 -1.7388908518429167 1.2311419148820832 17.86430076298596 5.700945625480361 9.508991369092765 -0.10412159330797977 3.518181892113308 19.396407472412545 -2.8643192411210983 5.268769802359525 0.8163572777497308 -8.657554971861712 -6.5080656763720395 -10.017843652334902 -0.964124622648459
20.741482965931862 8.703568799994361 -0.17826001320491613 3.296810764832916 1.3288869533289294 -3.701450061730185 -2.2837740968830467 12.243475376558848 18.90241947445375 32.79101477848293 14.868002006528318 17.38101851300797 6.663085492865146 11.039538059592658 -1.7317733196268668 1.2382594470981332 17.87141829520201 5.708063157696393 9.516108901308797 -0.09700406109192983 3.525299424329358 19.403525004628577 -2.8572017089050483 5.2758873345755575 0.8234748099657807 -8.65043743964568 -6.5009481441559895 -10.010726120118852 -0.9570070904324091
20.801603206412825 8.710668211687835 -0.17116060151144197 3.303910176526408 1.3359863650224213 -3.694350650036693 -2.2766746851895725 12.250574788252322 18.909518886147243 32.79811419017641 14.875101418221792 17.388117924701444 6.670184904558638 11.046637471286132 -1.7246739079333926 1.2453588587916073 17.8785177068955 5.715162569389885 9.52320831300229 -0.08990464939845566 3.532398836022832 19.41062441632207 -2.850102297211574 5.282986746269049 0.8305742216592549 -8.643338027952188 -6.493848732462498 -10.003626708425378 -0.9499076787389171
20.861723446893787 8.717749701416437 -0.16407911178283996 3.310991666254992 1.3430678547510233 -3.6872691603081087 -2.2695931954609705 12.257656277980924 18.916600375875845 32.80519567990502 14.882182907950394 17.395199414430046 6.677266394287222 11.053718961014734 -1.7175924182047906 1.2524403485202094 17.885599196624085 5.722244059118487 9.530289802730891 -0.08282315966985365 3.539480325751434 19.41770590605067 -2.843020807482972 5.290068235997651 0.8376557113878569 -8.636256538223604 -6.486767242733913 -9.996545218696776 -0.9428261890103329
