web/models/kne/39/mosfit_kn_0.268580_0.2023_10.0000.dat
# %ECSV 1.0
# ---
# datatype:
# - {name: time, datatype: float64}
# - {name: PS1_g, datatype: float64}
# - {name: PS1_i, datatype: float64}
# - {name: PS1_r, datatype: float64}
# - {name: PS1_w, datatype: float64}
# - {name: PS1_y, datatype: float64}
# - {name: PS1_z, datatype: float64}
# - {name: swift_uvot_B, datatype: float64}
# - {name: swift_uvot_U, datatype: float64}
# - {name: swift_uvot_uvm2, datatype: float64}
# - {name: swift_uvot_uvw1, datatype: float64}
# - {name: swift_uvot_uvw2, datatype: float64}
# - {name: swift_uvot_V, datatype: float64}
# - {name: johnson_B, datatype: float64}
# - {name: johnson_I, datatype: float64}
# - {name: johnson_R, datatype: float64}
# - {name: johnson_U, datatype: float64}
# - {name: johnson_V, datatype: float64}
# - {name: sdss_g, datatype: float64}
# - {name: sdss_i, datatype: float64}
# - {name: sdss_r, datatype: float64}
# - {name: sdss_u, datatype: float64}
# - {name: sdss_z, datatype: float64}
# - {name: ATLAS_c, datatype: float64}
# - {name: ATLAS_o, datatype: float64}
# - {name: ukirt_H, datatype: float64}
# - {name: ukirt_J, datatype: float64}
# - {name: ukirt_K, datatype: float64}
# - {name: Clear, datatype: float64}
# meta: !!omap
# - comment: [kappa = 10.0, type = rprocess, mass = 0.2685795883840597, velocity = 0.20233333333333337, theta_obs = 0.0, tfloor = 1000.0]
# schema: astropy-2.0
time PS1_g PS1_i PS1_r PS1_w PS1_y PS1_z swift_uvot_B swift_uvot_U swift_uvot_uvm2 swift_uvot_uvw1 swift_uvot_uvw2 swift_uvot_V johnson_B johnson_I johnson_R johnson_U johnson_V sdss_g sdss_i sdss_r sdss_u sdss_z ATLAS_c ATLAS_o ukirt_H ukirt_J ukirt_K Clear
[from data line 113]
6.853707414829659 -8.824662124446885 -12.683461884115896 -11.215358362878689 -11.554021619542532 -14.022382478888318 -13.513051223267052 -7.2811934823886935 -4.949513968001327 2.844757449445276 -3.6813663182153884 -1.776915909060953 -9.916114908189002 -7.554090550128908 -13.530227473654588 -11.936870274406061 -5.291769684842251 -10.127475342558741 -8.46573208059981 -12.653332855767871 -11.167297048612994 -4.270926472018992 -13.673970909617132 -10.070930033372818 -12.040791864430513 -15.507045674721788 -14.934381778630408 -15.740953012013746 -12.263514301341072
6.913827655310621 -8.809322538922029 -12.679422833164722 -11.206753137193495 -11.548332429515398 -14.023194891788613 -13.511902617786884 -7.261526412413658 -4.920501198534595 2.89130732586164 -3.660711334493047 -1.7565139880523293 -9.903237102097837 -7.5357558625285606 -13.527666527035873 -11.93039639213951 -5.264166544294515 -10.115594349306248 -8.449368298244444 -12.649167309570721 -11.158410806207506 -4.242382102532076 -13.673518326515222 -10.060004461547383 -12.035329500050391 -15.515217003462741 -14.939187161807988 -15.751453775965574 -12.260841774468894
6.973947895791583 -8.794119887742742 -12.675419595071737 -11.198224589583852 -11.542699913141394 -14.024000546392621 -13.510764193293934 -7.242033488061504 -4.891744240657996 2.937424502356298 -3.640267413533706 -1.7363129540990871 -9.890471837148215 -7.517587177409023 -13.525128823501344 -11.923984096053434 -5.236806671561649 -10.10381979304231 -8.433150522825326 -12.645038716737833 -11.14960302845402 -4.214088247798884 -13.673070667510459 -10.049179988542 -12.029919239979332 -15.523319215488073 -14.943951902773074 -15.761866203926738 -12.25820213022713
7.034068136272545 -8.779050836305391 -12.671450918002929 -11.189770629206741 -11.53712232731591 -14.024799056944914 -13.509635221231768 -7.222710624142677 -4.863237337964321 2.9831184696536335 -3.6200293267415513 -1.7163078101185323 -9.877816302082671 -7.49958055517704 -13.522613364918154 -11.917631584906545 -5.20968457345645 -10.09214897418891 -8.41707523417071 -12.640945802214159 -11.140871592844661 -4.186039273971378 -13.672627306968188 -10.038453983555247 -12.024559472091028 -15.53135317339542 -14.948676295605575 -15.772191538812502 -12.255594088393913
7.0941883767535066 -8.76413057874661 -12.667527952985722 -11.181404043180194 -11.531611222195632 -14.025599810200013 -13.50852580900991 -7.203574611093383 -4.835000677746848 3.028363288384452 -3.6000132450878826 -1.696514830834491 -9.865284881682605 -7.481752206062552 -13.520130754222201 -11.911350776219624 -5.182819935985734 -10.080595846096026 -8.401157996098387 -12.636899762351899 -11.132229407799485 -4.1582552376207715 -13.672198076998452 -10.027839949071211 -12.019261755573787 -15.539325520790982 -14.953368241073173 -15.782435540617337 -12.253028024244319
7.154308617234468 -8.749339978316844 -12.663638799915482 -11.17311000958443 -11.526153471146792 -14.0263939874057 -13.507425898978145 -7.184603583602796 -4.807006456634095 3.0731984505447025 -3.5801958031298926 -1.6769109829641091 -9.852860078956233 -7.464081026900512 -13.517670020837127 -11.905128118887617 -5.156185861490787 -10.069143484467398 -8.385379018885946 -12.632888616120912 -11.123661489763741 -4.130708668199734 -13.671773342579296 -10.017321475296352 -12.014013189665196 -15.547232053477696 -14.95802142653204 -15.792595452338121 -12.25049265837793
7.214428857715431 -8.734686802422384 -12.659789580719867 -11.164895317348442 -11.520755258562652 -14.027186977652928 -13.506341183473438 -7.165805983853427 -4.779264527480294 3.1176120403363656 -3.5605846892065602 -1.657504102162338 -9.84054936941628 -7.446575168912876 -13.515237053499114 -11.898969991163348 -5.1297920001955895 -10.057799149543543 -8.369746222081389 -12.628918503917692 -11.115174687991747 -4.103409384570913 -13.67135867009246 -10.00690558222983 -12.008820009033503 -15.55507698650693 -14.962640606284905 -15.802675103105342 -12.247993646863158
7.274549098196393 -8.720167815088793 -12.655979013784808 -11.15675789715839 -11.515414851228893 -14.027978313660086 -13.505270872611828 -7.14717786921626 -4.751769377937407 3.1616130613051547 -3.541174951487029 -1.6382894527520118 -9.82835000507204 -7.429230829329757 -13.512830809437759 -11.892874598642315 -5.103633086036325 -10.046560200256812 -8.354256195398726 -12.624988122301186 -11.106766902705054 -4.076351987406177 -13.670953367053063 -9.996589699403735 -12.00368059758702 -15.562861029448115 -14.967225953725956 -15.812675561654002 -12.24552969497493
7.3346693386773545 -8.705778394433281 -12.65220486499615 -11.148694551956062 -11.510129508414018 -14.0287667629587 -13.504213335287094 -7.128713743117433 -4.724513581042622 3.2052130823295295 -3.5219600899010213 -1.6192607528142697 -9.816257943384159 -7.412042706914356 -13.510449350896796 -11.886839105447706 -5.077701992247505 -10.0354227423891 -8.338904103223594 -12.621095210474955 -11.098434894721318 -4.049529179136435 -13.670555927566301 -9.986370044555208 -11.998592336432434 -15.570584413686866 -14.971777032683933 -15.822597510027927 -12.243098620280737
7.394789579158316 -8.691536422121882 -12.648479978937175 -11.140720163325444 -11.504912626840404 -14.029562980821968 -13.50318011913659 -7.110433462133577 -4.6975212122112 3.2483807377895397 -3.502959496411275 -1.6004374831512567 -9.80429003795501 -7.395029961359668 -13.508104844817368 -11.880877336169153 -5.052022167631993 -10.024403110270866 -8.323708286788811 -12.617252669394503 -11.090193691320938 -4.022964861298419 -13.670177562838255 -9.976262423326752 -11.993568604977689 -15.578254408746034 -14.976302663460002 -15.832447131034753 -12.240712382050773
7.454909819639278 -8.677408477250648 -12.64478275458874 -11.132808355958055 -11.499740771215201 -14.03035042420953 -13.502152640739506 -7.092299106349823 -4.67074460527833 3.2911823182494233 -3.484133659932755 -1.581780502044111 -9.792415482938008 -7.378156009879081 -13.50577722550928 -11.874965086797442 -5.0265474230055425 -10.013471500377927 -8.308634255830345 -12.61343876582572 -11.08201663474075 -3.9966118789446803 -13.669800403228738 -9.966237968260057 -11.988586257620337 -15.58586210612686 -14.980790447093833 -15.842217924283142 -12.238350646940717
7.51503006012024 -8.663445608431939 -12.64114825546459 -11.125000653705897 -11.494651106860694 -14.031157260726488 -13.501161864808608 -7.074367903883615 -4.644254278323512 3.3335232003228983 -3.465540089353691 -1.5633472335654228 -9.780681933306614 -7.361476060410585 -13.503499441381532 -11.869140724884641 -5.001346282909733 -10.002674058208923 -8.293734511473172 -12.609688742090093 -11.073945672925305 -3.9705401310968647 -13.669454394329836 -9.956341345800777 -11.98368224155713 -15.59342513034586 -14.985262832886564 -15.851924157608062 -12.236046193841723
7.575150300601202 -8.64961359340592 -12.637554302900185 -11.117270013010199 -11.489619599762602 -14.031966467511001 -13.500188688125885 -7.0566010448900505 -4.61800148725434 3.375471070856883 -3.4471384266740652 -1.545097684145865 -9.769057826356395 -7.344952672484112 -13.501250879491568 -11.86337942639738 -4.976371507834305 -9.991980247315391 -8.278973741620472 -12.60598028479265 -11.065953473098844 -3.9447013918834095 -13.66912116197538 -9.946542981234536 -11.978832811189122 -15.600934245457157 -14.989707024567485 -15.861559052288817 -12.233778156081936
7.635270541082164 -8.635917714200598 -12.634005209739563 -11.109621139591361 -11.484650550628839 -14.03278191897014 -13.499237168584095 -7.039004221088422 -4.591992770352373 3.417018335353121 -3.42893369884484 -1.5270370323690616 -9.757548291218871 -7.328591336335592 -13.499035710087714 -11.857685623603793 -4.951629516336677 -9.981395047787574 -8.264357318680027 -12.602317717600737 -11.058044782341838 -3.9191021885890187 -13.668804682198434 -9.936847686864283 -11.974042317283509 -15.608392606278208 -14.994126507849968 -15.871125522715628 -12.231550497621111
7.695390781563126 -8.622353966339382 -12.630499037903675 -11.102051261622865 -11.479741586962948 -14.033602544751282 -13.498305890447142 -7.021572670017583 -4.566221694708723 3.4581750153034614 -3.410920312662053 -1.5091598788932568 -9.7461498237477 -7.31238745856141 -13.496852251775497 -11.852056857015036 -4.927114134559442 -9.970915083568615 -8.249881053107622 -12.598699079300815 -11.050216792247518 -3.8937361992788233 -13.668503647613974 -9.927252186730371 -11.969308489318315 -15.615800411676762 -14.998520902635038 -15.880624158637973 -12.229361330468418
7.755511022044088 -8.608912654407046 -12.627030010525395 -11.094553020068556 -11.47488624640319 -14.034424233579035 -13.497390073711522 -7.004295224192428 -4.5406738845514205 3.49896188784182 -3.3930861993268375 -1.491454366204866 -9.734853624881172 -7.296330270854327 -13.494695228697122 -11.846486441598067 -4.902811476954636 -9.960531855780948 -8.235534896256809 -12.59511854918065 -11.042462058865006 -3.8685892323791826 -13.66821350366397 -9.917748248979752 -11.964624995809743 -15.62315603683302 -15.002887448208797 -15.890054113058321 -12.227205181297567
7.8156312625250495 -8.595606339954944 -12.623607275028021 -11.087136942801887 -11.47009401443567 -14.03525464413196 -13.496497985508 -6.987185792770091 -4.515366120939657 3.5393573578029676 -3.375444798774882 -1.473934047461046 -9.723671573684467 -7.280433186364753 -13.492573324966408 -11.840984163814554 -4.878737899109719 -9.950256873836965 -8.221331721710925 -12.59158531280173 -11.034791213325068 -3.8436779575752666 -13.667942283390104 -9.908347005979081 -11.960001324646132 -15.630464824866493 -15.007232548509906 -15.89941998273863 -12.225090541936083
7.875751503006012 -8.582419193658843 -12.620220902220982 -11.079790717673283 -11.465354011433107 -14.036086366998877 -13.495621201389909 -6.970226309442636 -4.490275483014994 3.5793937475527366 -3.3579770874891675 -1.4565801257865938 -9.712589159535813 -7.264678786037479 -13.490477374161173 -11.835538774380751 -4.854871217621028 -9.940076112757835 -8.207255166934697 -12.588089374966707 -11.027191806468615 -3.818979715825197 -13.667681913543301 -9.899034880519064 -11.955426756179595 -15.637723157248683 -15.011550852241376 -15.908719341911153 -12.22300806338291
7.935871743486974 -8.569371090043969 -12.616884918524445 -11.07253073476775 -11.460680940615813 -14.036930892827542 -13.494772244504638 -6.953438932508923 -4.465429020144764 3.6190354816398314 -3.34070490003409 -1.439414521618708 -9.701625050998086 -7.249088433307595 -13.488420619093315 -11.830165450203058 -4.831237752048178 -9.930007647674584 -8.193325639301303 -12.584644827421982 -11.019680394370894 -3.794521347044437 -13.667444530184927 -9.889829356936808 -11.950915953055539 -15.644938614573466 -15.015851730169539 -15.91795851854945 -12.220970796185906
7.995991983967936 -8.556436180599949 -12.61358263436895 -11.065336604776022 -11.45605672463521 -14.037775456224963 -13.493936765065726 -6.936794318970892 -4.440789827430223 3.658333799283004 -3.323597830697373 -1.4224070798324848 -9.690755413292084 -7.233633840311761 -13.486387563343111 -11.824845504358496 -4.807801741823845 -9.920028434510398 -8.17951646114869 -12.581234878163077 -11.012236365106904 -3.7702663362179045 -13.667216341523396 -9.88070813483148 -11.946451047094122 -15.652104366544531 -15.020125638157323 -15.927132557124127 -12.218963083732035
8.056112224448897 -8.543641987217843 -12.610333182615037 -11.058230850634487 -11.45150152312775 -14.03863556074409 -13.493131742170394 -6.920323252695822 -4.4163956888733935 3.6972385273231874 -3.306686474471014 -1.4055884574107789 -9.6800060172808 -7.218344681792516 -13.484396221395986 -11.819599751708864 -4.784599923382721 -9.910163415382927 -8.16585591778832 -12.57787875375362 -11.004882473528959 -3.7462521561622175 -13.667013779263097 -9.87169534049011 -11.942052114007513 -15.659230340017963 -15.024385055614944 -15.936249602394382 -12.217002743091214
8.11623246492986 -8.530957604100777 -12.607116445529876 -11.051188996585761 -11.446993621334087 -14.03949571621503 -13.492339815688137 -6.903990702424664 -4.392202654904622 3.7358103855915354 -3.2899347285990284 -1.3889228023387576 -9.669348314732417 -7.2031871912554415 -13.482427884825523 -11.814405744607026 -4.761589694967434 -9.900384989520548 -8.152312126183006 -12.57455621582615 -10.997593977360847 -3.7224353095009377 -13.666820146120404 -9.862764269732516 -11.937697668814344 -15.666308057224413 -15.028618297939838 -15.945303394797923 -12.215070930120966
8.176352705410821 -8.518412860696483 -12.603953079354344 -11.044235405568266 -11.442554808106085 -14.040372611904441 -13.49157928738256 -6.887830061978494 -4.368251771552583 3.7739947597186125 -3.2733758346087067 -1.372443416523271 -9.658810216847062 -7.188193554208041 -13.480501987870898 -11.809285982750232 -4.738810956647967 -9.890720164980918 -8.13891575037255 -12.57128802306001 -10.99039549218018 -3.6988564999485263 -13.666653146406702 -9.853941044667387 -11.93340940337917 -15.673348115171951 -15.032838750492841 -15.954302585216132 -12.213186876768063
8.236472945891784 -8.505978463167558 -12.600824018461516 -11.037346880067833 -11.438164511162157 -14.041251570658329 -13.490833706433367 -6.871808124295447 -4.344501373970626 3.8118491914355674 -3.256975605943317 -1.3561163423025344 -9.648364662146538 -7.1733317671641075 -13.478600801864904 -11.804219196155518 -4.716223321474377 -9.881142781878632 -8.125636569878463 -12.56805499546127 -10.983263566919756 -3.675474490011048 -13.666496958896328 -9.84520035948254 -11.92916696000001 -15.680342489492084 -15.037035346459058 -15.963241254349947 -12.211332736276272
8.296593186372744 -8.49368238981043 -12.59774865139013 -11.030546279393842 -11.433843169903746 -14.042148265143908 -13.490120256417253 -6.8559562077182 -4.3209899496556226 3.8493225262465964 -3.240765179512088 -1.339972789095206 -9.638037836630879 -7.158632010044407 -13.47674256993746 -11.799226491952652 -4.693864203438462 -9.871678175192036 -8.112503344632671 -12.564876617457656 -10.97622129875015 -3.652327448274715 -13.666368205907915 -9.836566714937405 -11.924990690648212 -15.68730114256162 -15.041220661762933 -15.972127539586205 -12.209526548362017
8.356713426853707 -8.48149381124033 -12.594706852045547 -11.023809153595856 -11.429569101410753 -14.043047164365614 -13.489421548312919 -6.840239382941312 -4.2976737125105835 3.886475102480291 -3.224708694438245 -1.3239771111259588 -9.627801239348532 -7.144060624909926 -13.47490856715168 -11.794285449715602 -4.671691153781829 -9.862298796230283 -8.09948427525887 -12.561732643294192 -10.969243970078928 -3.629372032190634 -13.666250160303193 -9.828013466752363 -11.920859128422343 -15.694215516548994 -15.045382949427973 -15.980955091203677 -12.20774949250437
8.41683366733467 -8.46944329775475 -12.591719727049533 -11.017160432941893 -11.425364579087063 -14.043965282466573 -13.488756260001225 -6.824691897814122 -4.2745948068115425 3.9232508004360485 -3.2088402473866036 -1.3081634778144244 -9.617683462700743 -7.129650609522805 -13.47311863902781 -11.789419073433802 -4.649745133639939 -9.853032302634011 -8.086610793038957 -12.5586442852161 -10.962356772353115 -3.6066500328123574 -13.666160882626386 -9.819567359090087 -11.916794445681358 -15.70109633957848 -15.049535814465019 -15.989732629006992 -12.206021202527637
8.47695390781563 -8.45749800755451 -12.588765770858537 -11.010574032299125 -11.421206469128684 -14.044885983633755 -13.488105785705997 -6.809276563020702 -4.251706656195164 3.9597136619986957 -3.1931217587690415 -1.2924940114662706 -9.607654123063309 -7.115366133626239 -13.471352766238429 -11.784603440647594 -4.627980983206392 -9.843849328620047 -8.07384902849904 -12.555589910965388 -10.955533334544363 -3.5841153397648817 -13.666082471331631 -9.81119999511277 -11.912773728624177 -15.707934373212971 -15.053666635097239 -15.998453258743302 -12.204321587047016
