web/models/kne/39/mosfit_kn_0.033839_0.0613_10.0000.dat
# %ECSV 1.0
# ---
# datatype:
# - {name: time, datatype: float64}
# - {name: PS1_g, datatype: float64}
# - {name: PS1_i, datatype: float64}
# - {name: PS1_r, datatype: float64}
# - {name: PS1_w, datatype: float64}
# - {name: PS1_y, datatype: float64}
# - {name: PS1_z, datatype: float64}
# - {name: swift_uvot_B, datatype: float64}
# - {name: swift_uvot_U, datatype: float64}
# - {name: swift_uvot_uvm2, datatype: float64}
# - {name: swift_uvot_uvw1, datatype: float64}
# - {name: swift_uvot_uvw2, datatype: float64}
# - {name: swift_uvot_V, datatype: float64}
# - {name: johnson_B, datatype: float64}
# - {name: johnson_I, datatype: float64}
# - {name: johnson_R, datatype: float64}
# - {name: johnson_U, datatype: float64}
# - {name: johnson_V, datatype: float64}
# - {name: sdss_g, datatype: float64}
# - {name: sdss_i, datatype: float64}
# - {name: sdss_r, datatype: float64}
# - {name: sdss_u, datatype: float64}
# - {name: sdss_z, datatype: float64}
# - {name: ATLAS_c, datatype: float64}
# - {name: ATLAS_o, datatype: float64}
# - {name: ukirt_H, datatype: float64}
# - {name: ukirt_J, datatype: float64}
# - {name: ukirt_K, datatype: float64}
# - {name: Clear, datatype: float64}
# meta: !!omap
# - comment: [kappa = 10.0, type = rprocess, mass = 0.03383890769761434, velocity = 0.061333333333333344, theta_obs = 0.0, tfloor = 1000.0]
# schema: astropy-2.0
time PS1_g PS1_i PS1_r PS1_w PS1_y PS1_z swift_uvot_B swift_uvot_U swift_uvot_uvm2 swift_uvot_uvw1 swift_uvot_uvw2 swift_uvot_V johnson_B johnson_I johnson_R johnson_U johnson_V sdss_g sdss_i sdss_r sdss_u sdss_z ATLAS_c ATLAS_o ukirt_H ukirt_J ukirt_K Clear
[from data line 57]
3.4869739478957915 -9.775224964692644 -11.960387205885077 -11.166687303185956 -11.16075336475184 -12.594306634445989 -12.366808380436396 -8.851770052966128 -7.8837353276368916 -2.890770149905502 -5.8964229848862715 -3.920962094851713 -10.471576960800483 -8.968684683219731 -12.596464344278335 -11.615222165501581 -8.014774860008284 -10.565106557598652 -9.566563950850195 -11.948896779537108 -11.151735356358419 -7.11932716611317 -12.435339241374272 -10.416101948668715 -11.569598142747672 -13.038221321786201 -12.940447200594159 -12.948679208008665 -11.46514026048374
3.5470941883767533 -9.747210456498738 -11.954440572547362 -11.151901963562647 -11.14910534984654 -12.597417770831445 -12.366342219179352 -8.815897617313812 -7.830110035459104 -2.79780709435592 -5.842758049008729 -3.8670675171172806 -10.449218283610115 -8.934357000475618 -12.593176526473464 -11.603514279885669 -7.964009186405249 -10.543940464618336 -9.536590143327235 -11.942708172352514 -11.136626513459742 -7.067097798493069 -12.43595464426857 -10.395355469144558 -11.559795408309874 -13.0542810353994 -12.950619704507316 -12.968685817209503 -11.458205035577826
3.6072144288577155 -9.719090684087455 -11.948205518079522 -11.136899209772704 -11.137259086755158 -12.600173568721829 -12.365545890752134 -8.779975710439462 -7.776578215639081 -2.705323025707467 -5.7895103504198175 -3.8136971835885656 -10.42669424775423 -8.89997970407434 -12.589581763551642 -11.591576312753322 -7.913310117253875 -10.522607974133374 -9.50652669686816 -11.936232982398991 -11.12129991661119 -7.01494202073448 -12.436234486066837 -10.374464369677217 -11.549750106179086 -13.069902160644807 -12.960390811157188 -12.988230345468653 -11.451051850462015
3.6673346693386772 -9.690846480877013 -11.94167644746246 -11.121668111286471 -11.125204161701792 -12.602573717339673 -12.36441702965747 -8.743980585262882 -7.723105207472933 -2.613257748050837 -5.736635614999326 -3.760799772057165 -10.403989530670998 -8.865529741573773 -12.58567599395888 -11.579398963823905 -7.862644873005024 -10.501094317040527 -9.476353254499283 -11.929465472805525 -11.105744507435205 -6.96282627686724 -12.436176982722369 -10.353413390879478 -11.53945397194601 -13.085091632310204 -12.969764174612289 -13.007321911955161 -11.443672603213741
3.727454909819639 -9.662504065715947 -11.934877440507972 -11.106233701880317 -11.112963916499439 -12.604641138661226 -12.362979047127691 -8.70793947228804 -7.6697199730698 -2.5216427111119293 -5.684153265170799 -3.70838811403248 -10.381130163795984 -8.831033937899416 -12.581482939678772 -11.56700670614563 -7.812042258075717 -10.479425229204915 -9.446096239646504 -11.922429753620474 -11.089985421779378 -6.910779636253341 -12.435805357471299 -10.33222749007141 -11.528931161131233 -13.099870409676518 -12.978761660363263 -13.02598085236667 -11.436089602542818
3.787575150300601 -9.63404085836359 -11.927799976489872 -11.09058191731151 -11.100525053086141 -12.606372832803157 -12.361226790890392 -8.671825005334572 -7.616383839504834 -2.4304130440941334 -5.632016052006552 -3.6564087745807003 -10.358097487905937 -8.796465692181265 -12.576995685662144 -11.554387211635959 -7.761465529008362 -10.457582657377154 -9.41573183667149 -11.915117156079535 -11.074008450743502 -6.858764530161796 -12.43511507500255 -10.310888227171127 -11.518170438928674 -13.11424311521204 -12.987384437466323 -13.044214091750666 -11.42829204286933
3.847695390781563 -9.605476292923765 -11.920463029188628 -11.074732003227687 -11.087905493439791 -12.607787331637237 -12.359178996447788 -8.635657010833164 -7.563117017494054 -2.3395885949070587 -5.580235344915785 -3.60486724218115 -10.334911146323648 -8.761844565955798 -12.5722330596214 -11.541559423584033 -7.71093494510578 -10.43558605681106 -9.385279534175357 -11.90754666515609 -11.057832911016483 -6.806801360520343 -12.434124772852186 -10.28941437721489 -11.507190587497735 -13.128227367016388 -12.995650552590535 -13.062038945853958 -11.420297226373908
3.9078156312625247 -9.576807219079946 -11.912870348750513 -11.058685026277715 -11.075106140763591 -12.608890986810817 -12.356841014252424 -8.599430088393405 -7.509908565084462 -2.249145074436874 -5.528792065647163 -3.5537389330084888 -10.311570053144933 -8.727165435440693 -12.56719956112412 -11.528525159748934 -7.6604405579943275 -10.41343456992429 -9.354735581547935 -11.899721960987222 -11.041459825739324 -6.754879822013482 -12.432840072204439 -10.267804603307482 -11.495993908116251 -13.141832980584487 -13.003568258307892 -13.079466265234474 -11.412107056903391
3.967935871743487 -9.548043323247803 -11.905033916802754 -11.042452127496247 -11.062137323910068 -12.609696493726794 -12.354225284205889 -8.563153315302642 -7.456765728967039 -2.159084585848439 -5.47768528789959 -3.503017668934415 -10.288084779035273 -8.69243732794724 -12.561907366526317 -11.515295666088711 -7.609990009784628 -10.391138744132656 -9.3241094740395 -11.891655005598878 -11.024900360554106 -6.703007506272023 -12.431273457333614 -10.246068886704958 -11.484591734022462 -13.155073413858938 -13.011150678219623 -13.09650971804176 -11.403731882606287
4.028056112224449 -9.51918163249216 -11.896957086742468 -11.0260341986376 -11.048999800052322 -12.610209594386621 -12.351336628695346 -8.526821654258534 -7.403678393711033 -2.0693848109874073 -5.426897387117915 -3.4526809352756724 -10.26445423954912 -8.657655462971231 -12.55636051759516 -11.501872526692846 -7.5595740948144226 -10.368697707002601 -9.293397688455265 -11.883349088140527 -11.008155366543075 -6.65117487921469 -12.429429999959645 -10.224205921640035 -11.472986092946336 -13.16795759074999 -13.018405300794365 -13.113179178798882 -11.395173385406228
4.0881763527054105 -9.490218074557788 -11.888642247246928 -11.009431108285153 -11.035693390814796 -12.610435134912485 -12.348178945371533 -8.49042890824568 -7.350635174355098 -1.9800220022870212 -5.3764098899864265 -3.4027056779579676 -10.24067626690351 -8.622813924518521 -12.550562112743375 -11.488256336543731 -7.50918234987542 -10.346109520593563 -9.26259558962549 -11.874806531259914 -10.991224665816492 -6.599371133741094 -12.427313858259623 -10.202213375587252 -11.46117804078326 -13.180493653182397 -13.025338780119887 -13.12948377630306 -11.386432369550832
4.148296593186372 -9.461207132497407 -11.880130351270193 -10.992689311812782 -11.022261324054643 -12.610408260657042 -12.344789705250427 -8.454034627882116 -7.297706558654404 -1.8910894476923472 -5.32628373816614 -3.353147965397912 -10.216802226763548 -8.587971039992656 -12.54455137894568 -11.474491383444605 -7.458883615778042 -10.32342462702706 -9.231758877800527 -11.866068442242028 -10.974154984649225 -6.547666134092651 -12.424961755223709 -10.180140723316331 -11.44921057744229 -13.192708127859978 -13.031981577650738 -13.145447375739712 -11.377548629832788
4.208416833667335 -9.432104048803982 -11.871396418296811 -10.9757759574223 -11.008672908693473 -12.610111973218814 -12.341148771119705 -8.417587126474537 -7.244824936583871 -1.8024838370532796 -5.276446348807635 -3.303931460481063 -10.192792589406523 -8.55307641780007 -12.538305674154177 -11.460547482639615 -7.408612907014682 -10.30060450368367 -9.200841046261683 -11.857109627281783 -10.95691320959773 -6.495993633578454 -12.422354490570449 -10.157949473329246 -11.437055152539646 -13.20459529139553 -13.038322850347901 -13.161067683919859 -11.36849543632703
4.268537074148297 -9.402899250495445 -11.862438564677866 -10.958686137207927 -10.994923549596294 -12.609547387235622 -12.337256091004978 -8.38107423498868 -7.191971958167542 -1.7141724839473609 -5.22687344101584 -3.25502812309692 -10.168639951070386 -8.518118296214897 -12.531823986377468 -11.446420665545684 -7.358352939892001 -10.277642071754014 -9.169831848110217 -11.847928122408984 -10.939494357878452 -6.444335905343692 -12.419492345543635 -10.13563227355574 -11.424708379693946 -13.216160369647783 -13.044365963792524 -13.176351166403355 -11.35926951756435
4.328657314629258 -9.37361350792985 -11.853274826421103 -10.941439046541621 -10.981031077027552 -12.60873122442483 -12.333128929063921 -8.344517882813644 -7.139171784052021 -1.6261835136797336 -5.177581812304499 -3.206450868122189 -10.144364639333016 -8.483118219665954 -12.52512395157914 -11.432129549926195 -7.308127602934277 -10.254557376894907 -9.13875230834929 -11.838541998255927 -10.921917717188823 -6.39271711059477 -12.41639238961854 -10.11320858596891 -11.412188546052313 -13.227417971984606 -13.050126500017816 -13.191311765060776 -11.34988771640911
4.38877755511022 -9.344232135552168 -11.843899570208283 -10.924025474433012 -10.96698690614879 -12.607661432513506 -12.32876383324145 -8.307900280590996 -7.086399342767837 -1.5384752315755028 -5.128541233161652 -3.158166191480308 -10.119954454378128 -8.448058928946573 -12.518200981375191 -11.417666082433257 -7.257913058360447 -10.231338637395487 -9.10758694516959 -11.82894552572435 -10.904173974725833 -6.341112866091656 -12.413051579101264 -10.090666445380272 -11.39948830772994 -13.238371018797748 -13.055605126262167 -13.205953905723023 -11.340343113731368
4.448897795591182 -9.314762790224336 -11.834321802197536 -10.906453940924727 -10.952798941838271 -12.606347411691452 -12.324170067017537 -8.271228756876667 -7.033660898118548 -1.4510507980799252 -5.079751739658391 -3.110170785301601 -10.095417609254362 -8.412947696112191 -12.51106418693346 -11.403038818601871 -7.207715814584674 -10.207994035143011 -9.076343305424004 -11.819147700132397 -10.886271672506211 -6.289529664159588 -12.409479195462438 -10.068013619723306 -11.386616255205286 -13.249029282856577 -13.060811456148931 -13.220287456647204 -11.330643571591139
4.509018036072144 -9.285214220358018 -11.82455109820399 -10.888733743625867 -10.938475798834428 -12.604798919656517 -12.319357335179522 -8.23451191765627 -6.980964414555562 -1.3639160018593648 -5.031215087163368 -3.06246320750834 -10.07076327421543 -8.37779303202327 -12.503723186485225 -11.388257016814435 -7.157544011988072 -10.184532679707148 -9.045030073947142 -11.809158092110774 -10.86822013799253 -6.237975664052051 -12.405684935669239 -10.045258796728032 -11.373581637888694 -13.25940259041843 -13.065755295194828 -13.2343222461016 -11.320797552864779
4.569138276553106 -9.255566771605341 -11.814578051408056 -10.870851408537963 -10.924004979847606 -12.603010655853897 -12.31431872524892 -8.197726544222672 -6.9282784193319635 -1.2770208405046217 -4.982895847283935 -3.015005411594028 -10.04597453656639 -8.342572376208913 -12.496169776025276 -11.373308573001967 -7.107367553040344 -10.16093817255818 -9.013626691860512 -11.798967185211904 -10.850005766848891 -6.186420124704508 -12.401662367381139 -10.02238551459346 -11.360373178263572 -13.269491409203285 -13.070434494210124 -13.24806049531613 -11.310794558547546
4.629258517034068 -9.225837465716946 -11.804417432858223 -10.85282266104235 -10.9094010682165 -12.600996307480674 -12.309068372358016 -8.160890619022105 -6.875622739034295 -1.1903884026867244 -4.934807441039304 -2.9678078369323866 -10.021068059701996 -8.307303387236015 -12.4884183960529 -11.358208730921355 -7.057206041784962 -10.137226941048139 -8.9821503912742 -11.788589779054277 -10.831644362103514 -6.13488287766458 -12.397425463963039 -9.999409705299733 -11.347005845007416 -13.279307674983672 -13.074861796520716 -13.261513584427236 -11.3006483528061
4.68937875751503 -9.196015120533616 -11.794065175207074 -10.834640620865272 -10.894657700189683 -12.59875462633726 -12.303603925436004 -8.12399051639207 -6.822978021953929 -1.103986354526703 -4.886926418702533 -2.9208446217578152 -9.996034606643438 -8.271972867985657 -12.480465803081746 -11.342951533123557 -7.00704109588931 -10.11339008605974 -8.950589364149977 -11.778021731002113 -10.813128961122871 -6.083345108282554 -12.392972198593135 -9.97632233594711 -11.333474236672174 -13.288854059709275 -13.079038098105807 -13.274685373195643 -11.290353894235636
4.749498997995992 -9.166125447788112 -11.783541559800508 -10.816327799545036 -10.879795714651141 -12.596303492408989 -12.297944235376939 -8.087054060368157 -6.770376510746718 -1.0178557353561706 -4.839278030301006 -2.8741381581975953 -9.970898741801932 -8.236608064692973 -12.472331558078206 -11.327558534609807 -6.956904327413042 -10.089451742462002 -8.91896981637819 -11.767283386029064 -10.794482206525124 -6.031838878513334 -12.388321096523196 -9.953146938402533 -11.319799354712465 -13.298144781478738 -13.08297929491818 -13.287588936058368 -11.279930488652035
4.809619238476953 -9.136131174563058 -11.772824957186181 -10.797856319941008 -10.864789342922396 -12.593627664486124 -12.292071537684564 -8.050038417536538 -6.717762743849196 -0.9319134224711005 -4.79180538509258 -2.827629859887025 -9.945627211162897 -8.201167281487653 -12.463995913202599 -11.312004084318954 -6.906742324194603 -10.065379533496033 -8.88725308651992 -11.756352944525297 -10.775675987505196 -5.980309733511451 -12.38345516679983 -9.929851376629362 -11.305956866364113 -13.307173727707083 -13.086675124742227 -13.300220952683455 -11.269355675279495
4.869739478957916 -9.106078195590488 -11.761948811440543 -10.779264677531764 -10.849674181058244 -12.59075526469477 -12.286016085863292 -8.012994146407497 -6.665197380501144 -0.8462410386469115 -4.744560509276692 -2.7813687983870703 -9.920263033888858 -8.165699930080986 -12.455490727528524 -11.296324663758767 -6.856614218827232 -10.041215615395751 -8.855486190472952 -11.74526399188009 -10.756749051078476 -5.928817751090509 -12.37840397243108 -9.90647693845709 -11.291982079613376 -13.3159611133596 -13.090149414561532 -13.312599187503105 -11.25866191781883
4.929859719438878 -9.075953209305023 -11.750907177374508 -10.760544009660684 -10.83444203658118 -12.587683289805316 -12.279773722363796 -7.975905394044861 -6.612658643958973 -0.7608035292279629 -4.6975183377137775 -2.7353280571407477 -9.894794883577635 -8.130190628465094 -12.44681091775088 -11.280512393173058 -6.806499225915694 -10.016949030915645 -8.823655178075054 -11.734010504439283 -10.737692442074103 -5.877341686136965 -12.373163699951277 -9.883012600319265 -11.277867701394868 -13.324508058404392 -13.09340141494477 -13.324726012833777 -11.247842448347605
4.98997995991984 -9.045769143822291 -11.739711416285612 -10.741706348784614 -10.819104015093703 -12.584422323079636 -12.27335535509031 -7.938785786765986 -6.560161458939131 -0.6756179663294608 -4.650688175069941 -2.6895147497962877 -9.869235476513929 -8.094652743741854 -12.437967605304678 -11.264578936614146 -6.7564121257133465 -9.992592309621811 -8.791773126155995 -11.722603863957168 -10.718518255439822 -5.825896492052909 -12.367745135284842 -9.85947046872207 -11.263625191130853 -13.332823854289407 -13.096441015290806 -13.336610305048707 -11.236907748323546
5.050100200400801 -9.015477072926199 -11.728331717018197 -10.722714229011938 -10.803625581640457 -12.580950426309307 -12.266735926828236 -7.901579533027646 -6.507634578910881 -0.5905797099976722 -4.603999648329662 -2.6438575482136204 -9.843540698426516 -8.05903196093443 -12.428933305075446 -11.24848963631176 -6.706284149184196 -9.968102469663352 -8.759789407171219 -11.711014049879243 -10.699188718155757 -5.774412088492653 -12.362124191919186 -9.835808051259693 -11.249221531310347 -13.340897904799254 -13.099252458813789 -13.348244948917694 -11.225827474641967
