web/models/kne/39/mosfit_kn_0.041628_0.1867_0.5000.dat
# %ECSV 1.0
# ---
# datatype:
# - {name: time, datatype: float64}
# - {name: PS1_g, datatype: float64}
# - {name: PS1_i, datatype: float64}
# - {name: PS1_r, datatype: float64}
# - {name: PS1_w, datatype: float64}
# - {name: PS1_y, datatype: float64}
# - {name: PS1_z, datatype: float64}
# - {name: swift_uvot_B, datatype: float64}
# - {name: swift_uvot_U, datatype: float64}
# - {name: swift_uvot_uvm2, datatype: float64}
# - {name: swift_uvot_uvw1, datatype: float64}
# - {name: swift_uvot_uvw2, datatype: float64}
# - {name: swift_uvot_V, datatype: float64}
# - {name: johnson_B, datatype: float64}
# - {name: johnson_I, datatype: float64}
# - {name: johnson_R, datatype: float64}
# - {name: johnson_U, datatype: float64}
# - {name: johnson_V, datatype: float64}
# - {name: sdss_g, datatype: float64}
# - {name: sdss_i, datatype: float64}
# - {name: sdss_r, datatype: float64}
# - {name: sdss_u, datatype: float64}
# - {name: sdss_z, datatype: float64}
# - {name: ATLAS_c, datatype: float64}
# - {name: ATLAS_o, datatype: float64}
# - {name: ukirt_H, datatype: float64}
# - {name: ukirt_J, datatype: float64}
# - {name: ukirt_K, datatype: float64}
# - {name: Clear, datatype: float64}
# meta: !!omap
# - comment: [kappa = 0.5, type = rprocess, mass = 0.04162766037032262, velocity = 0.1866666666666667, theta_obs = 0.0, tfloor = 1000.0]
# schema: astropy-2.0
time PS1_g PS1_i PS1_r PS1_w PS1_y PS1_z swift_uvot_B swift_uvot_U swift_uvot_uvm2 swift_uvot_uvw1 swift_uvot_uvw2 swift_uvot_V johnson_B johnson_I johnson_R johnson_U johnson_V sdss_g sdss_i sdss_r sdss_u sdss_z ATLAS_c ATLAS_o ukirt_H ukirt_J ukirt_K Clear
[from data line 288]
17.374749498997996 7.2521120686775475 -1.6297167445217475 1.8453540335161023 -0.12256977798788427 -5.1529067930469985 -3.735230828199878 10.792018645242017 17.450962743136937 31.33955804716611 13.416545275211504 15.929561781691156 5.211628761548332 9.588081328275827 -3.1832300509436804 -0.2131972842186982 16.419961563885195 4.256606426379579 8.064652169991984 -1.5484607924087435 2.073842693012544 17.952068273311763 -4.308658440221862 3.824430603258744 -0.6279819213510329 -10.101894170962494 -7.952404875472803 -11.462182851435665 -2.4084638217492227
17.43486973947896 7.258775022934696 -1.6230537902645814 1.8520169877732684 -0.11590682373071814 -5.14624383878985 -3.728567873942712 10.798681599499183 17.457625697394104 31.34622100142327 13.423208229468653 15.936224735948304 5.2182917158054805 9.594744282532993 -3.176567096686532 -0.2065343299615321 16.426624518142344 4.263269380636745 8.07131512424915 -1.541797838151595 2.0805056472696926 17.95873122756893 -4.301995485964714 3.83109355751591 -0.6213189670938846 -10.095231216705328 -7.945741921215637 -11.455519897178517 -2.4018008674920743
17.494989979959918 7.2654158562130355 -1.6164129569862595 1.8586578210515903 -0.10926599045239627 -5.1396030055115105 -3.72192704066439 10.805322432777505 17.464266530672425 31.352861834701596 13.429849062746975 15.942865569226626 5.22493254908382 9.601385115811315 -3.16992626340821 -0.19989349668321021 16.433265351420683 4.269910213915067 8.077955957527472 -1.5351570048732555 2.0871464805480144 17.96537206084725 -4.295354652686374 3.837734390794232 -0.6146781338155449 -10.088590383427006 -7.939101087937315 -11.448879063900177 -2.3951600342137347
17.55511022044088 7.272034717743772 -1.6097940954555057 1.8652766825823264 -0.1026471289216424 -5.132984143980774 -3.715308179133636 10.811941294308259 17.47088539220318 31.35948069623235 13.436467924277729 15.94948443075738 5.231551410614556 9.608003977342069 -3.1633074018774563 -0.19327463515245635 16.43988421295142 4.276529075445803 8.084574819058226 -1.5285381433425194 2.0937653420787683 17.971990922378005 -4.288735791155638 3.8443532523249857 -0.6080592722848088 -10.08197152189627 -7.932482226406579 -11.442260202369441 -2.3885411726829986
17.615230460921843 7.278631764918373 -1.6031970482809221 1.8718737297569277 -0.09605008174705887 -5.126387096806173 -3.7087111319590527 10.818538341482842 17.477482439377763 31.366077743406937 13.44306497145233 15.956081477931964 5.2381484577891575 9.614601024516652 -3.1567103547028728 -0.18667758797787282 16.44648126012602 4.283126122620405 8.09117186623281 -1.521941096167918 2.100362389253352 17.97858796955259 -4.2821387439810366 3.8509502994995692 -0.6014622251102075 -10.075374474721668 -7.925885179231978 -11.43566315519484 -2.3819441255083973
17.675350701402806 7.285207144186643 -1.5966216690126345 1.8784491090251976 -0.08947470247878897 -5.119811717537903 -3.702135752690765 10.82511372075113 17.484057818646033 31.372653122675207 13.4496403507206 15.962656857200251 5.244723837057427 9.62117640378494 -3.150134975434585 -0.18010220870960292 16.45305663939429 4.289701501888675 8.097747245501079 -1.5153657168996482 2.1069377685216395 17.98516334882086 -4.275563364712767 3.857525678767839 -0.5948868458419376 -10.068799095453398 -7.919309799963708 -11.42908777592657 -2.3753687462401274
17.73547094188377 7.29176100753417 -1.5900678056651074 1.8850029723727246 -0.08292083913124415 -5.113257854190376 -3.695581889343238 10.831667584098657 17.49061168199356 31.37920698602274 13.456194214068127 15.969210720547778 5.2512777004049545 9.627730267132467 -3.143581112087058 -0.1735483453620581 16.459610502741818 4.296255365236202 8.104301108848606 -1.508811853552121 2.1134916318691666 17.991717212168385 -4.26900950136524 3.864079542115366 -0.5883329824944106 -10.062245232105871 -7.912755936616181 -11.422533912579043 -2.3688148828926003
17.795591182364728 7.298293499704069 -1.583535313495208 1.8915354645426241 -0.07638834696136243 -5.106725362020477 -3.6890493971733385 10.838200076268556 17.49714417416346 31.385739478192637 13.462726706238026 15.975743212717678 5.257810192574854 9.634262759302349 -3.1370486199171586 -0.16701585319217638 16.466142994911717 4.302787857406101 8.110833601018506 -1.5022793613822216 2.120024124039066 17.998249704338285 -4.26247700919534 3.8706120342852657 -0.5818004903245111 -10.055712739935972 -7.906223444446281 -11.416001420409144 -2.362282390722701
17.85571142284569 7.304805415409614 -1.577023397789663 1.898047380248169 -0.06987643125581755 -5.100213446314932 -3.6825374814677936 10.844711991974101 17.503656089869004 31.39225139389818 13.469238621943571 15.982255128423223 5.264322108280399 9.640774675007894 -3.1305367042116137 -0.1605039374866315 16.472654910617262 4.309299773111646 8.11734551672405 -1.4957674456766767 2.126536039744611 18.00476162004383 -4.255965093489795 3.8771239499908106 -0.5752885746189662 -10.049200824230427 -7.8997115287407365 -11.409489504703599 -2.355770475017156
17.915831663326653 7.3112953787715895 -1.5705334344277055 1.9045373436101443 -0.06338646789384228 -5.0937234829529565 -3.6760475181058183 10.851201955336077 17.51014605323098 31.398741357260153 13.475728585305546 15.988745091785198 5.270812071642374 9.647264638369869 -3.1240467408496384 -0.15401397412465623 16.479144873979237 4.315789736473621 8.123835480086026 -1.4892774823147015 2.133026003106586 18.011251583405805 -4.24947513012782 3.883613913352786 -0.5687986112569909 -10.042710860868452 -7.893221565378761 -11.402999541341623 -2.3492805116551807
17.975951903807616 7.317764487010425 -1.564064326188852 1.9110064518489978 -0.056917359654988786 -5.087254374714103 -3.6695784098669826 10.857671063574912 17.516615161469833 31.405210465499 13.482197693544382 15.995214200024034 5.277281179881228 9.653733746608722 -3.1175776326108027 -0.14754486588580273 16.48561398221809 4.322258844712475 8.13030458832488 -1.4828083740758657 2.139495111345422 18.01772069164466 -4.243006021888984 3.8900830215916393 -0.5623295030181552 -10.036241752629598 -7.886752457139908 -11.396530433102788 -2.342811403416345
18.036072144288575 7.3242128533315665 -1.5576159598677108 1.917454818170139 -0.05046899333384758 -5.080806008392962 -3.6631300435458414 10.864119429896054 17.523063527790974 31.411658831820144 13.488646059865523 16.001662566345175 5.283729546202369 9.660182112929864 -3.1111292662896615 -0.14109649956466153 16.492062348539232 4.328707211033616 8.13675295464602 -1.4763600077547245 2.145943477666563 18.0241690579658 -4.236557655567843 3.8965313879127805 -0.555881136697014 -10.029793386308457 -7.8803040908187665 -11.390082066781646 -2.3363630370952038
18.096192384769537 7.3306405984706124 -1.5511882147286649 1.9238825633091672 -0.04404124819481936 -5.074378263253934 -3.6567022984067954 10.8705471750351 17.529491272930002 31.41808657695918 13.49507380500457 16.00809031148422 5.290157291341397 9.66660985806891 -3.1047015211506155 -0.13466875442561554 16.49849009367826 4.335134956172644 8.143180699785049 -1.4699322626156786 2.152371222805609 18.030596803104828 -4.230129910428797 3.9029591330518087 -0.549453391557968 -10.023365641169429 -7.873876345679738 -11.3836543216426 -2.329935291956158
18.1563126252505 7.3370478518915405 -1.5447809613077546 1.9302898167300953 -0.03763399477389129 -5.0679710098330055 -3.650295044985885 10.87695442845601 17.53589852635093 31.424493830380104 13.501481058425497 16.01449756490513 5.296564544762325 9.67301711148982 -3.098294267729705 -0.12826150100470524 16.504897347099188 4.341542209593572 8.149587953205977 -1.4635250091947505 2.158778476226537 18.037004056525756 -4.223722657007869 3.909366386472737 -0.54304613813704 -10.0169583877485 -7.86746909225881 -11.377247068221672 -2.3235280385352297
18.216432865731463 7.3434347399368605 -1.5383940732624168 1.9366767047754152 -0.03124710672857134 -5.061584121787686 -3.6439081569405474 10.883341316501348 17.54228541439625 31.43088071842543 13.507867946470817 16.02088445295047 5.302951432807645 9.679403999535158 -3.0919073796843675 -0.12187461295938529 16.511284235144508 4.347929097638892 8.155974841251297 -1.4571381211494305 2.165165364271857 18.043390944571076 -4.217335768962549 3.9157532745180568 -0.53665925009172 -10.01057149970318 -7.86108220421349 -11.370860180176352 -2.3171411504899098
18.276553106212425 7.349801395215962 -1.5320274179833149 1.943043360054535 -0.024880451449451613 -5.055217466508566 -3.6375415016614454 10.88970797178045 17.54865206967537 31.43724737370454 13.51423460174992 16.02725110822957 5.309318088086765 9.68577065481426 -3.0855407244052655 -0.11550795768026556 16.517650890423628 4.354295752918012 8.162341496530416 -1.4507714658703286 2.171532019550959 18.049757599850196 -4.210969113683447 3.9221199297971765 -0.530292594812618 -10.004204844424061 -7.8547155489343705 -11.36449352489725 -2.31077449521079
18.336673346693384 7.356147945156621 -1.525680868042656 1.9493899099951761 -0.01853390150879264 -5.048870916567925 -3.6311949517207864 10.896054521721108 17.55499861961603 31.443593923645185 13.520581151690578 16.03359765817023 5.315664638027406 9.692117204754918 -3.0791941744646065 -0.10916140773960659 16.52399744036427 4.360642302858653 8.168688046471058 -1.4444249159296696 2.177878569491618 18.056104149790855 -4.204622563742788 3.9284664797378355 -0.5239460448719591 -9.99785829448342 -7.848368998993729 -11.358146974956592 -2.304427945270149
18.396793587174347 7.362474525343625 -1.519354287855652 1.9557164901821977 -0.012207321321788811 -5.042544336380921 -3.6248683715337826 10.902381101908112 17.561325199803033 31.4499205038322 13.526907731877582 16.039924238357234 5.32199121821441 9.698443784941922 -3.0728675942776027 -0.10283482755260276 16.530324020551273 4.366968883045675 8.17501462665808 -1.4380983357426658 2.184205149678622 18.06243072997786 -4.198295983555784 3.9347930599248393 -0.5176194646849552 -9.991531714296398 -7.8420424188067255 -11.351820394769588 -2.298101365083145
18.45691382765531 7.368781259344654 -1.5130475538546406 1.9620232241832092 -0.005900587320777362 -5.036237602379892 -3.618561637532771 10.908687835909124 17.567631933804044 31.45622723783322 13.533214465878611 16.046230972358245 5.328297952215439 9.704750518942934 -3.0665608602765912 -0.09652809355159131 16.536630754552302 4.373275617046686 8.18132136065909 -1.4317916017416366 2.1905118836796333 18.06873746397887 -4.191989249554755 3.9410997939258507 -0.511312730683926 -9.985224980295387 -7.835735684805696 -11.345513660768558 -2.291794631082116
18.517034068136272 7.375068281833741 -1.5067605313655363 1.9683102466723135 0.00038643516832692626 -5.029950579890787 -3.612274615043667 10.914974858398228 17.57391895629315 31.46251426032232 13.539501488367698 16.05251799484735 5.334584974704543 9.711037541432038 -3.060273837787487 -0.09024107106248702 16.542917777041406 4.3795626395357905 8.187608383148195 -1.42550457925255 2.1967989061687376 18.075024486467974 -4.1857022270656685 3.947386816414955 -0.5050257081948395 -9.978937957806282 -7.829448662316592 -11.339226638279472 -2.2855076085930115
18.577154308617235 7.381335718935986 -1.5004930942633088 1.974577683774541 0.006653872270554473 -5.02368314278856 -3.6060071779414393 10.921242295500456 17.580186393395376 31.46878169742455 13.545768925469943 16.058785431949595 5.340852411806771 9.717304978534266 -3.0540064006852417 -0.08397363396025948 16.549185214143634 4.385830076638018 8.193875820250422 -1.4192371421503047 2.203066343270983 18.081291923570202 -4.179434789963423 3.9536542535171826 -0.4987582710925942 -9.972670520704055 -7.823181225214364 -11.332959201177227 -2.279240171490784
18.637274549098194 7.38758370071757 -1.4942451124817069 1.980825665556143 0.01290185405215638 -5.017435161006958 -3.5997591961598374 10.927490277282057 17.586434375176978 31.47502967920615 13.552016907251527 16.06503341373118 5.347100393588373 9.723552960315867 -3.0477584189036575 -0.07772565217865757 16.555433195925236 4.39207805841962 8.200123802032024 -1.4129891603687206 2.209314325052567 18.087539905351804 -4.173186808181839 3.9599022352987845 -0.49251028931101004 -9.966422538922453 -7.8169332434327625 -11.326711219395643 -2.272992189709182
18.697394789579157 7.393812346970776 -1.4880164662285011 1.987054311809331 0.019130500305344356 -5.01120651475377 -3.5935305499066317 10.933718923535263 17.592663021430166 31.48125832545934 13.558245553504733 16.071262059984385 5.353329039841561 9.729781606569073 -3.0415297726504518 -0.07149700592546959 16.561661842178424 4.398306704672808 8.206352448285212 -1.4067605141155148 2.215542971305773 18.09376855160499 -4.166958161928633 3.9661308815519725 -0.4862816430578043 -9.960193892669265 -7.8107045971795745 -11.320482573142437 -2.266763543455994
18.75751503006012 7.4000217881142305 -1.4818070250850468 1.993263752952803 0.02533994144881646 -5.004997073610298 -3.5873211087631773 10.939928364678718 17.598872462573638 31.48746776660281 13.564454994648187 16.07747150112784 5.359538480985033 9.735991047712528 -3.0353203315069974 -0.06528756478199749 16.567871283321896 4.40451614581628 8.212561889428684 -1.4005510729720605 2.221752412449227 18.099977992748464 -4.160748720785161 3.9723403226954446 -0.48007220191434996 -9.953984451525793 -7.804495156036102 -11.314273131998982 -2.260554102312522
18.817635270541082 7.40621214202557 -1.475616671173725 1.9994541068641247 0.03153029536013818 -4.998806719698976 -3.5811307548518556 10.94611871859004 17.60506281648496 31.493658120514137 13.570645348559527 16.08366185503918 5.3657288348963545 9.74218140162385 -3.0291299775956757 -0.059097210870675765 16.574061637233218 4.410706499727602 8.218752243340006 -1.394360719060721 2.2279427663605667 18.106168346659786 -4.1545583668738395 3.9785306766067663 -0.4738818480030105 -9.947794097614471 -7.798304802124781 -11.308082778087643 -2.2543637484012002
18.877755511022045 7.412383536906262 -1.4694452762930155 2.0056255017448166 0.037701690240847796 -4.992635324818284 -3.574959359971146 10.952290113470749 17.61123421136565 31.499829515394826 13.576816743440219 16.08983324991987 5.371900229777046 9.748352796504559 -3.022958582714966 -0.05292581598996615 16.58023303211391 4.416877894608294 8.224923638220698 -1.3881893241800292 2.2341141612412585 18.112339741540477 -4.148386971993148 3.984702071487458 -0.4677104531223186 -9.94162270273378 -7.792133407244089 -11.301911383206951 -2.2481923535205084
18.937875751503004 7.4185360907725695 -1.4632927224267256 2.011778055611124 0.043854244107137674 -4.986482770951977 -3.568806806104856 10.958442667337039 17.61738676523196 31.505982069261126 13.582969297306509 16.09598580378616 5.378052783643354 9.754505350370849 -3.016806028848676 -0.046773262123676274 16.586385585980217 4.423030448474601 8.231076192087006 -1.3820367703137215 2.2402667151075484 18.118492295406785 -4.14223441812684 3.990854625353766 -0.461557899256011 -9.935470148867472 -7.785980853377781 -11.295758829340643 -2.2420397996542007
18.997995991983966 7.424669925281027 -1.4571588879182507 2.0179118901195814 0.04998807861561261 -4.980348936443519 -3.562672971596381 10.964576501845514 17.623520599740434 31.5121159037696 13.589103131814984 16.102119638294635 5.384186618151811 9.760639184879324 -3.0106721943402013 -0.04063942761520134 16.592519420488674 4.429164282983058 8.23721002659548 -1.3759029358052643 2.2464005496160233 18.12462612991526 -4.136100583618383 3.9969884598622407 -0.4554240647475538 -9.929336314359015 -7.779847018869324 -11.289624994832186 -2.2359059651457436
