web/models/kne/39/mosfit_kn_0.002290_0.2337_3.6500.dat
# %ECSV 1.0
# ---
# datatype:
# - {name: time, datatype: float64}
# - {name: PS1_g, datatype: float64}
# - {name: PS1_i, datatype: float64}
# - {name: PS1_r, datatype: float64}
# - {name: PS1_w, datatype: float64}
# - {name: PS1_y, datatype: float64}
# - {name: PS1_z, datatype: float64}
# - {name: swift_uvot_B, datatype: float64}
# - {name: swift_uvot_U, datatype: float64}
# - {name: swift_uvot_uvm2, datatype: float64}
# - {name: swift_uvot_uvw1, datatype: float64}
# - {name: swift_uvot_uvw2, datatype: float64}
# - {name: swift_uvot_V, datatype: float64}
# - {name: johnson_B, datatype: float64}
# - {name: johnson_I, datatype: float64}
# - {name: johnson_R, datatype: float64}
# - {name: johnson_U, datatype: float64}
# - {name: johnson_V, datatype: float64}
# - {name: sdss_g, datatype: float64}
# - {name: sdss_i, datatype: float64}
# - {name: sdss_r, datatype: float64}
# - {name: sdss_u, datatype: float64}
# - {name: sdss_z, datatype: float64}
# - {name: ATLAS_c, datatype: float64}
# - {name: ATLAS_o, datatype: float64}
# - {name: ukirt_H, datatype: float64}
# - {name: ukirt_J, datatype: float64}
# - {name: ukirt_K, datatype: float64}
# - {name: Clear, datatype: float64}
# meta: !!omap
# - comment: [kappa = 3.65, type = rprocess, mass = 0.0022901433483143324, velocity = 0.2336666666666667, theta_obs = 0.0, tfloor = 1000.0]
# schema: astropy-2.0
time PS1_g PS1_i PS1_r PS1_w PS1_y PS1_z swift_uvot_B swift_uvot_U swift_uvot_uvm2 swift_uvot_uvw1 swift_uvot_uvw2 swift_uvot_V johnson_B johnson_I johnson_R johnson_U johnson_V sdss_g sdss_i sdss_r sdss_u sdss_z ATLAS_c ATLAS_o ukirt_H ukirt_J ukirt_K Clear
[from data line 146]
8.837675350701403 10.767028756917814 1.8851999437185363 5.360270721756368 3.3923469102523995 -1.6379901048067325 -0.22031413995959426 14.3069353334823 20.96587943137721 34.85447473540639 16.93146196345177 19.444478469931422 8.726545449788599 13.10299801651611 0.33168663729658565 3.3017194040215854 19.934878252125472 7.771523114619845 11.579568858232268 1.9664558958315226 5.58875938125281 21.466984961552036 -0.7937417519815959 7.339347291499028 2.886934766889233 -6.5869774827222285 -4.437488187232537 -7.947266163195399 1.1064528664910434
8.897795591182364 10.785475879653674 1.9036470664543792 5.378717844492229 3.4107940329882425 -1.6195429820708718 -0.20186701722375133 14.325382456218144 20.984326554113064 34.872921858142234 16.949909086187613 19.462925592667272 8.74499257252446 13.121445139251954 0.3501337600324286 3.3201665267574283 19.953325374861322 7.789970237355706 11.59801598096811 1.9849030185673833 5.607206503988653 21.48543208428789 -0.7752946292457352 7.357794414234871 2.905381889625094 -6.568530359986368 -4.419041064496676 -7.928819040459539 1.124899989226904
8.957915831663327 10.803837554932993 1.9220087417337162 5.397079519771548 3.4291557082675617 -1.6011813067915526 -0.18350534194441437 14.34374413149748 21.00268822939239 34.891283533421564 16.96827076146695 19.481287267946595 8.763354247803779 13.13980681453129 0.36849543531176554 3.3385282020367475 19.97168705014064 7.808331912635025 11.61637765624743 2.0032646938467025 5.62556817926799 21.503793759567216 -0.756932953966416 7.37615608951419 2.923743564904413 -6.550168684707049 -4.400679389217357 -7.9104573651802195 1.1432616645062232
9.018036072144287 10.82213203074934 1.9403032175500634 5.415373995587913 3.4474501840839267 -1.5828868309751876 -0.16521086612806712 14.362038607313828 21.02098270520875 34.90957800923792 16.986565237283298 19.499581743762956 8.781648723620144 13.158101290347638 0.3867899111281128 3.3568226778531125 19.989981525957 7.82662638845139 11.634672132063795 2.0215591696630675 5.643862655084337 21.522088235383574 -0.738638478150051 7.394450565330555 2.9420380407207603 -6.531874208890684 -4.382384913400992 -7.8921628893638545 1.1615561403225882
9.07815631262525 10.840359869056506 1.9585310558572289 5.433601833895061 3.465678022391092 -1.5646589926680399 -0.14698302782090167 14.380266445620993 21.039210543515907 34.92780584754509 17.004793075590463 19.517809582070115 8.799876561927292 13.176329128654803 0.40501774943527824 3.375050516160278 20.00820936426416 7.844854226758538 11.65289997037096 2.039787007970215 5.662090493391503 21.540316073690732 -0.7204106398429033 7.41267840363772 2.9602658790279257 -6.513646370583536 -4.3641570750938445 -7.873935051056707 1.179783978629736
9.138276553106213 10.85852210568067 1.976693292481393 5.451764070519225 3.4838402590152384 -1.5464967560438758 -0.12882079119673762 14.398428682245157 21.05737278014007 34.945968084169245 17.022955312214627 19.53597181869428 8.818038798551456 13.194491365278967 0.4231799860594423 3.393212752784442 20.026371600888318 7.863016463382702 11.671062206995106 2.0579492445943792 5.680252730015667 21.558478310314896 -0.7022484032187393 7.4308406402618665 2.9784281156520898 -6.495484133959372 -4.3459948384696805 -7.855772814432543 1.1979462152539
9.198396793587174 10.87661994652974 1.9947911333304624 5.4698619113682945 3.5019380998643257 -1.5283989151948063 -0.1107229503476681 14.416526523094227 21.075470620989137 34.96406592501831 17.041053153063697 19.554069659543348 8.836136639400525 13.212589206128037 0.4412778269085118 3.4113105936335115 20.044469441737398 7.8811143042317715 11.689160047844176 2.0760470854434487 5.698350570864736 21.576576151163962 -0.6841505623696698 7.448938481110954 2.9965259565011593 -6.477386293110302 -4.327896997620611 -7.837674973583473 1.2160440561029695
9.258517034068136 10.89465475642358 2.0128259432243034 5.4878967212621355 3.5199729097581667 -1.5103641053009653 -0.09268814045382712 14.434561332988068 21.093505430882978 34.98210073491215 17.059087962957538 19.57210446943719 8.854171449294366 13.230624016021878 0.4593126368023528 3.4293454035273525 20.06250425163124 7.8991491141256125 11.707194857738017 2.0940818953372897 5.716385380758577 21.594610961057803 -0.6661157524758288 7.466973291004795 3.0145607663950003 -6.459351483216461 -4.30986218772677 -7.819640163689632 1.2340788659968105
9.318637274549097 10.912627882196198 2.0307990689969024 5.505869847034752 3.5379460355307657 -1.4923909795283485 -0.0747150146812281 14.452534458760685 21.111478556655598 35.00007386068477 17.077061088730154 19.590077595209795 8.872144575066983 13.248597141794477 0.4772857625749696 3.4473185292999515 20.080477377403845 7.917122239898229 11.725167983510634 2.1120550211099065 5.734358506531194 21.612584086830413 -0.648142626703212 7.484946416777394 3.032533892167617 -6.441378357443845 -4.291889061954153 -7.801667037917015 1.2520519917694273
9.37875751503006 10.930540616653435 2.0487118034541574 5.523782581492007 3.5558587699880206 -1.4744782450710936 -0.056802280223973156 14.470447193217922 21.129391291112842 35.01798659514201 17.09497382318739 19.60799032966705 8.890057309524238 13.266509876251732 0.49519849703220675 3.4652312637572065 20.098390111861093 7.935034974355484 11.743080717967889 2.1299677555671614 5.752271240988431 21.630496821287668 -0.630229892245957 7.502859151234649 3.050446626624854 -6.42346562298659 -4.273976327496898 -7.7837543034597605 1.2699647262266822
9.438877755511022 10.948394290077488 2.0665654768781927 5.5416362549160425 3.573712443412056 -1.4566245716470583 -0.038948606799937835 14.488300866641957 21.147244964536878 35.035840268566055 17.112827496611445 19.625844003091085 8.907910982948273 13.284363549675767 0.5130521704562598 3.483084937181242 20.116243785285135 7.9528886477795195 11.760934391391924 2.1478214289911968 5.770124914412484 21.648350494711703 -0.6123762188219217 7.520712824658684 3.0683003000489073 -6.405611949562554 -4.256122654072863 -7.765900630035725 1.2878183996507175
9.498997995991983 10.96619017504441 2.084361361845133 5.559432139882965 3.591508328378996 -1.4388286866801359 -0.021152721832997656 14.506096751608897 21.16504084950381 35.053636153532985 17.130623381578367 19.64363988805802 8.925706867915196 13.302159434642707 0.5308480554231823 3.500880822148182 20.134039670252065 7.970684532746442 11.778730276358846 2.165617313958119 5.787920799379407 21.666146379678636 -0.5945803338549993 7.538508709625624 3.0860961850158297 -6.387816064595632 -4.2383267691059405 -7.748104745068803 1.30561428461764
9.559118236472946 10.983929436469548 2.1021006232702533 5.577171401308103 3.6092475898041165 -1.4210894252549977 -0.003413460407877267 14.523836013034018 21.182780110928938 35.07137541495812 17.148362643003505 19.66137914948315 8.943446129340334 13.319898696067828 0.5485873168483026 3.5186200835733024 20.151778931677196 7.98842379417158 11.796469537783985 2.1833565753832573 5.805660060804527 21.683885641103764 -0.5768410724298612 7.556247971050745 3.103835446440968 -6.370076803170494 -4.220587507680802 -7.730365483643665 1.323353546042778
9.619238476953907 11.001613261838852 2.1197844486395745 5.5948552266774065 3.62693141517342 -1.4034055998856942 0.01427036496144396 14.541519838403339 21.20046393629825 35.08905924032742 17.16604646837281 19.67906297485246 8.961129954709637 13.337582521437149 0.5662711422176239 3.5363039089426236 20.1694627570465 8.006107619540883 11.814153363153288 2.201040400752561 5.8233438861738485 21.701569466473074 -0.5591572470605577 7.573931796420048 3.1215192718102713 -6.35239297780119 -4.202903682311499 -7.712681658274361 1.3410373714120816
9.67935871743487 11.019242802923728 2.1374139897244504 5.6124847677623 3.6445609562583137 -1.3857760588008006 0.03189990604631987 14.559149379488215 21.218093477383135 35.10668878141231 17.183676009457685 19.696692515937347 8.978759495794531 13.355212062522025 0.5839006833024998 3.5539334500274995 20.187092298131383 8.023737160625776 11.831782904238182 2.2186699418374367 5.840973427258724 21.71919900755796 -0.541527705975664 7.591561337504942 3.1391488128951472 -6.334763436716297 -4.185274141226605 -7.6950521171894675 1.3586669124969752
9.739478957915832 11.036819090848464 2.154990277649169 5.630061055687019 3.6621372441830324 -1.3681997708760818 0.04947619397103864 14.576725667412934 21.235669765307854 35.12426506933703 17.201252297382403 19.714268803862065 8.99633578371925 13.372788350446744 0.6014769712272185 3.5715097379522183 20.2046685860561 8.041313448550495 11.8493591921629 2.2362462297621732 5.858549715183443 21.73677529548268 -0.5239514180509453 7.6091376254296605 3.156725100819866 -6.317187148791578 -4.1676978533018865 -7.677475829264749 1.376243200421694
9.799599198396793 11.054343157765398 2.172514344566121 5.647585122603971 3.6796613110999843 -1.35067570395913 0.06700026088799049 14.594249734329885 21.253193832224806 35.141789136253976 17.218776364299355 19.731792870779007 9.013859850636202 13.390312417363695 0.6190010381441704 3.58903380486917 20.222192652973057 8.058837515467447 11.866883259079852 2.2537702966791073 5.876073782100395 21.75429936239963 -0.5064273511340112 7.626661692346612 3.174249167736818 -6.299663081874626 -4.150173786384935 -7.659951762347815 1.393767267338628
9.859719438877756 11.071816039079714 2.1899872258804365 5.665058003918286 3.6971341924142997 -1.3332028226448145 0.08447314220230595 14.6117226156442 21.27066671353912 35.159262017568295 17.23624924561367 19.749265752093322 9.031332731950517 13.40778529867801 0.6364739194584859 3.6065066861834856 20.23966553428737 8.076310396781762 11.884356140394168 2.271243177993423 5.8935466634147105 21.771772243713947 -0.4889544698196957 7.644134573660928 3.1917220490511333 -6.2821902005603105 -4.132700905070619 -7.642478881033499 1.4112401486529613
9.919839679358716 11.08923865184039 2.2074098386411123 5.682480616678944 3.714556805174958 -1.3157802098841564 0.10189575496298175 14.629145228404877 21.28808932629979 35.17668463032896 17.253671858374346 19.766688364853987 9.048755344711175 13.425207911438687 0.6538965322191617 3.6239292989441436 20.257088147048037 8.09373300954242 11.901778753154826 2.2886657907540986 5.910969276175386 21.789194856474616 -0.4715318570590199 7.661557186421586 3.209144661811809 -6.2647675877996525 -4.115278292309961 -7.625056268272823 1.4286627614136194
9.97995991983968 11.10661189187132 2.2247830786720257 5.6998538567098755 3.731930045205889 -1.2984069698532252 0.1192689949938952 14.64651846843579 21.30546256633071 35.19405787035989 17.271045098405278 19.784061604884922 9.066128584742106 13.4425811514696 0.6712697722500751 3.641302538975075 20.27446138707897 8.111106249573352 11.919151993185757 2.30603903078503 5.9283425162063 21.806568096505536 -0.4541586170280887 7.678930426452517 3.2265179018427403 -6.247394347768721 -4.09790505227903 -7.607683028241892 1.4460360014445506
10.040080160320642 11.123936664686447 2.2421078514871695 5.717178629525019 3.7492548180210328 -1.2810821970380992 0.13659376780903898 14.663843241250934 21.322787339145854 35.21138264317503 17.288369871220404 19.801386377700055 9.083453357557232 13.459905924284744 0.6885945450652189 3.6586273117902186 20.2917861598941 8.128431022388495 11.9364767660009 2.323363803600156 5.9456672890214435 21.82389286932068 -0.4368338442129627 7.696255199267661 3.2438426746578664 -6.2300695749535775 -4.080580279463886 -7.590358255426766 1.4633607742596766
10.100200400801603 11.141213800210696 2.2593849870114013 5.734455765049251 3.7665319535452646 -1.2638050615138496 0.1538709033332708 14.681120376775166 21.340064474670086 35.22865977869927 17.305647006744653 19.818663513224298 9.100730493081482 13.477183059808976 0.7058716805894507 3.6759044473144504 20.309063295418344 8.145708157912727 11.953753901525133 2.3406409391244054 5.962944424545693 21.841170004844912 -0.4195567086887131 7.713532334791893 3.261119810182116 -6.212792439429346 -4.063303143939654 -7.5730811199025165 1.4806379097839262
10.160320641282565 11.158444070275593 2.2766152570762976 5.751686035114147 3.783762223610161 -1.2465747914489533 0.1711011733981671 14.698350646840062 21.357294744734983 35.24589004876416 17.32287727680955 19.83589378328919 9.117960763146378 13.494413329873872 0.723101950654347 3.6931347173793467 20.32629356548324 8.162938427977624 11.970984171590029 2.3578712091893017 5.980174694610589 21.85840027490981 -0.4023264386238168 7.730762604856789 3.2783500802470122 -6.195562169364449 -4.046072873874758 -7.55585084983762 1.4978681798488225
10.220440881763526 11.175628259714028 2.2937994465147504 5.7688702245526 3.8009464130486137 -1.2293906020105005 0.1882853628366199 14.715534836278515 21.374478934173435 35.263074238202606 17.340061466247985 19.853077972727636 9.135144952584813 13.511597519312325 0.7402861400927998 3.7103189068177995 20.343477754921686 8.180122617416076 11.988168361028482 2.3750553986277367 5.997358884049024 21.87558446434826 -0.38514224918538176 7.747946794295242 3.2955342696854473 -6.178377979925997 -4.028888684436305 -7.538666660399185 1.5150523692872575
10.280561122244489 11.192767117357612 2.3109383041583342 5.786009082196184 3.8180852706921975 -1.2122517443669167 0.2054242204802037 14.732673693922099 21.39161779181702 35.28021309584619 17.35720032389157 19.87021683037123 9.152283810228415 13.528736376955909 0.7574249977363836 3.7274577644613833 20.360616612565266 8.19726147505966 12.005307218672066 2.3921942562713383 6.014497741692608 21.892723321991845 -0.3680033915417802 7.765085651938826 3.312673127329031 -6.161239122282413 -4.011749826792721 -7.521527802755584 1.532191226930859
10.34068136272545 11.209861311896994 2.3280324986976986 5.803103276735548 3.835179465231562 -1.1951575498275524 0.22251841501956804 14.749767888461463 21.408711986356384 35.297307290385554 17.374294518430933 19.88731102491059 9.169378004767779 13.545830571495273 0.774519192275748 3.7445519590007477 20.37771080710464 8.214355669599025 12.02240141321143 2.4092884508107026 6.0315919362319725 21.90981751653121 -0.35090919700241585 7.78217984647819 3.329767321868413 -6.144144927743048 -3.994655632253357 -7.504433608216219 1.5492854214702234
10.400801603206412 11.226911512826767 2.34508269962749 5.820153477665322 3.8522296661613353 -1.178107348897779 0.2395686159493593 14.766818089391254 21.425762187286168 35.31435749131534 17.391344719360724 19.904361225840365 9.186428205697553 13.562880772425064 0.7915693932055392 3.761602159930521 20.394761008034415 8.231405870528798 12.039451614141203 2.426338651740476 6.048642137161764 21.926867717460993 -0.33385899607264236 7.799230047407963 3.3468175227981867 -6.127094726813275 -3.9776054313235836 -7.487383407286446 1.566335622399997
10.460921843687375 11.243918391794345 2.362089578595068 5.8371603566329 3.8692365451289135 -1.1611004699302008 0.25657549491693743 14.783824968358832 21.442769066253746 35.33136437028292 17.408351598328302 19.921368104807943 9.20343508466513 13.579887651392625 0.8085762721731173 3.7786090388980993 20.411767887001993 8.248412749496376 12.056458493108781 2.4433455307080543 6.065649016129342 21.94387459642857 -0.3168521171050642 7.816236926375542 3.363824401765765 -6.110087847845697 -3.9605985523560054 -7.470376528318868 1.583342501367575
