web/models/kne/39/mosfit_kn_0.027507_0.0457_0.5000.dat
# %ECSV 1.0
# ---
# datatype:
# - {name: time, datatype: float64}
# - {name: PS1_g, datatype: float64}
# - {name: PS1_i, datatype: float64}
# - {name: PS1_r, datatype: float64}
# - {name: PS1_w, datatype: float64}
# - {name: PS1_y, datatype: float64}
# - {name: PS1_z, datatype: float64}
# - {name: swift_uvot_B, datatype: float64}
# - {name: swift_uvot_U, datatype: float64}
# - {name: swift_uvot_uvm2, datatype: float64}
# - {name: swift_uvot_uvw1, datatype: float64}
# - {name: swift_uvot_uvw2, datatype: float64}
# - {name: swift_uvot_V, datatype: float64}
# - {name: johnson_B, datatype: float64}
# - {name: johnson_I, datatype: float64}
# - {name: johnson_R, datatype: float64}
# - {name: johnson_U, datatype: float64}
# - {name: johnson_V, datatype: float64}
# - {name: sdss_g, datatype: float64}
# - {name: sdss_i, datatype: float64}
# - {name: sdss_r, datatype: float64}
# - {name: sdss_u, datatype: float64}
# - {name: sdss_z, datatype: float64}
# - {name: ATLAS_c, datatype: float64}
# - {name: ATLAS_o, datatype: float64}
# - {name: ukirt_H, datatype: float64}
# - {name: ukirt_J, datatype: float64}
# - {name: ukirt_K, datatype: float64}
# - {name: Clear, datatype: float64}
# meta: !!omap
# - comment: [kappa = 0.5, type = rprocess, mass = 0.027507471329904786, velocity = 0.04566666666666669, theta_obs = 0.0, tfloor = 1000.0]
# schema: astropy-2.0
time PS1_g PS1_i PS1_r PS1_w PS1_y PS1_z swift_uvot_B swift_uvot_U swift_uvot_uvm2 swift_uvot_uvw1 swift_uvot_uvw2 swift_uvot_V johnson_B johnson_I johnson_R johnson_U johnson_V sdss_g sdss_i sdss_r sdss_u sdss_z ATLAS_c ATLAS_o ukirt_H ukirt_J ukirt_K Clear
[from data line 84]
5.110220440881763 -13.028134122701296 -14.170021217929367 -13.790442017244597 -13.695501845384701 -14.387211293962352 -14.322813796485008 -12.464925314506143 -12.333876038671736 -9.271571847270582 -10.732751247298644 -8.981375949996892 -13.440708637869438 -12.52255687825722 -14.684891536382782 -14.10756356199639 -12.325047346009665 -13.487551977418695 -12.9114282809876 -14.169713365238295 -13.78730502366869 -11.492849122825923 -14.344342146728284 -13.35072202328428 -13.976747854175713 -14.249529387062834 -14.415545098591023 -13.984367175988409 -13.802285746074254
5.170340681362725 -12.973750353246079 -14.142813012602105 -13.75256698140415 -13.658301313682326 -14.37052523558668 -14.302047524210888 -12.40143901808785 -12.24855351622999 -9.13402580721549 -10.62816961477452 -8.863641007727544 -13.394154912127949 -12.460296176993623 -14.660719055531406 -14.072781407083347 -12.243513097565117 -13.441986235464592 -12.85466296482511 -14.142221735758493 -13.749207843184319 -11.409812968546138 -14.324698182453748 -13.303981833953795 -13.944041482574896 -14.247185163026737 -14.40670775725019 -13.98632528584306 -13.769536686184214
5.2304609218436875 -12.918389955606848 -14.114870715142853 -13.713854554672054 -13.620367274235736 -14.353219469550709 -14.28061510406172 -12.336879844768387 -12.161971296209053 -8.994874260596525 -10.522614614823436 -8.745296343171493 -13.346668962024133 -12.396989582418353 -14.63584668108939 -14.037206341199024 -12.16074336281925 -13.395508809859196 -12.796899254291993 -14.113992981484067 -13.710266712564003 -11.325520227723889 -14.304403559516796 -13.25636888931312 -13.910569511872843 -14.244394641601657 -14.397345295263085 -13.987889832000702 -13.736135267945642
5.290581162324649 -12.862042685604216 -14.086188872225467 -13.67429732811587 -13.581694366470156 -14.335290761221113 -14.258512375784882 -12.271235491546879 -12.074112775103742 -8.854092664468357 -10.41608306812666 -8.626344607562228 -13.29824139107328 -12.332625547704183 -14.610269645499667 -14.00083204586296 -12.07672212146359 -13.348110848704822 -12.73812644508137 -14.08502159184886 -13.670474052317747 -11.23995438276598 -14.283454472376675 -13.207875243182059 -13.876326153004843 -14.241158305850197 -14.387456464335562 -13.989062520328178 -13.702077723399988
5.350701402805611 -12.80475514655036 -14.056799418083639 -13.6339329379547 -13.542321597736322 -14.316765683497934 -14.235767929583432 -12.204557045040325 -11.985040347571356 -8.711772679030773 -10.308664096859541 -8.506888862400167 -13.248914090073438 -12.267255018521993 -14.584018381071388 -13.963695011050838 -11.991509658500316 -13.299834064577654 -12.67839238596192 -14.055339647965717 -13.629867494194237 -11.153176308441477 -14.261879053574358 -13.158544263162106 -13.841346919838955 -14.23749608877287 -14.377064154943556 -13.98986140166837 -13.667401383016973
5.410821643286573 -12.746520352129771 -14.026698885161935 -13.592756477569647 -13.502245946263027 -14.297642458032502 -14.212379268533955 -12.136835894944202 -11.894742090739836 -8.5678968227896 -10.200360319813786 -8.38693678612334 -13.198680580383517 -12.200870086676993 -14.55708995484435 -13.925791276426224 -11.905094471404666 -13.250672477426411 -12.617689741075893 -14.024943639316625 -13.588441973412664 -11.065174078188651 -14.239675105329148 -13.108370875997224 -13.805628269020396 -14.233409201770504 -14.36616817499443 -13.990288698045868 -13.632104554174287
5.4709418837675345 -12.687340622257501 -13.995889870402074 -13.550770383154305 -13.461471618053462 -14.277924103913815 -14.188349184704698 -12.068073822818015 -11.803219064889614 -8.422466839353188 -10.091189873363913 -8.266512563909373 -13.147542760343047 -12.133473096753761 -14.529487134027825 -13.887123861581198 -11.817477592930416 -13.20062837046734 -12.556020764345046 -13.993836154034494 -13.546199793990965 -10.975948478884483 -14.216845585265538 -13.057358400622991 -13.76917338452106 -14.228901928634324 -14.354772184897032 -13.990349189697929 -13.59619222690272
5.531062124248497 -12.627266480229977 -13.964406661668853 -13.508015298540759 -13.420040214683553 -14.257638849357743 -14.163708201086802 -11.998326402555232 -11.71053935397742 -8.275582802654732 -9.981248035266006 -8.145723119655223 -13.09554607464123 -12.065119385561157 -14.501242503218911 -13.847732055007278 -11.728724816603801 -13.149746931687359 -12.493437361895428 -13.96205164559575 -13.503181619665412 -10.88556599955453 -14.193420479232852 -13.00555357600322 -13.732020419936575 -14.22399485971061 -14.342900182943888 -13.990061292396517 -13.559703912468848
5.591182364729459 -12.56627321546043 -13.932233913804293 -13.464472153512812 -13.377934690955957 -14.236775287471755 -14.138443318778542 -11.927565326572129 -11.616666611345607 -8.127191743361188 -9.87050995387337 -8.024544506546686 -13.042667993168752 -11.995781648614518 -14.472341905632018 -13.807598433293872 -11.638801032982482 -13.098006366369821 -12.429913959320551 -13.929574665419011 -13.459368168173054 -10.79399077311848 -14.169387335266634 -12.952935277170514 -13.694152809040805 -14.21868266472721 -14.330544035129813 -13.989421622787324 -13.522624852362899
5.651302605210421 -12.504410394075602 -13.899405158701494 -13.420180780258786 -13.335195611470692 -14.215360911868355 -14.112584322214943 -11.85584517196353 -11.521667734509027 -7.9773920197614805 -9.759069081101739 -7.9030796787598625 -12.988953112638583 -11.925514220007155 -14.442817176309976 -13.76676147805177 -11.547770899185299 -13.04545100928795 -12.365501488405997 -13.89643891038384 -13.414799297022721 -10.701288153088573 -14.144775399924416 -12.89954927476531 -13.655607889095869 -14.212985196517172 -14.317727003191292 -13.98844786211553 -13.484993458067596
5.7114228456913825 -12.441684282966445 -13.865925347503474 -13.375146635190127 -13.291829777302357 -14.193400381558696 -14.086135927308874 -11.783172243978452 -11.425549534363313 -7.826193988610071 -9.646949826547875 -7.781356135128789 -12.934406902197583 -11.85432387966268 -14.41267323212606 -13.725227025592066 -11.455641013708721 -12.99208664117124 -12.300206290009665 -13.862649342010549 -13.369480353870173 -10.607464597821625 -14.119589475257861 -12.845402279817186 -13.616391496161206 -14.206907356341423 -14.304453826740032 -13.98714511010885 -13.446816893982554
5.771543086172344 -12.378096295317018 -13.831796185114271 -13.32937129829121 -13.247840170173237 -14.170895731181439 -14.059099983752823 -11.709547449233579 -11.32831212755887 -7.67359831785804 -9.534169106394739 -7.659392670421305 -12.879030431111602 -11.782212096760269 -14.381911925011448 -13.682997233741922 -11.362411503203191 -12.937914711745309 -12.234029709957088 -13.828207658880345 -13.323412793945746 -10.512520000328944 -14.093831566626775 -12.790496616660274 -13.576505909729839 -14.200452276731601 -14.290727088649698 -13.985516957605222 -13.408098776877466
5.831663326653306 -12.313688097805233 -13.797045847969898 -13.282888278761842 -13.20326077111936 -14.147870005182028 -14.031501481898232 -11.635016655676235 -11.230011631349566 -7.519687541467451 -9.420806825133745 -7.537274387535135 -12.82286120045801 -11.709224589023965 -14.350559996396434 -13.640104524671496 -11.268136628301015 -12.882972534855915 -12.167014559043157 -13.793142177927784 -13.276630141144121 -10.41650919487438 -14.067526218615694 -12.734870772980056 -13.53598256605185 -14.193636544354414 -14.276566249345437 -13.983578178702023 -13.368871217974014
5.891783567134269 -12.248461122456753 -13.761675966676812 -13.23569913724377 -13.15809434690486 -14.124325080500277 -14.003342150016191 -11.559580845660442 -11.130648299028003 -7.364462574454278 -9.30687946371025 -7.415017710022131 -12.76590031260379 -11.635362886102051 -14.318619200373021 -13.596551012857187 -11.172816656405075 -12.827261580851948 -12.099162211093528 -13.757454525646935 -13.229133837879807 -10.319432230704582 -14.040675303945385 -12.678527006964693 -13.49482367193131 -14.186462987989826 -14.261973654522942 -13.981332019314257 -13.329137524807546
5.95190380761523 -12.182458187646823 -13.725715399279164 -13.18783827559816 -13.11237544848753 -14.100284430366585 -13.974647512126115 -11.483287243109565 -11.030279968077146 -7.208008375946149 -9.192467588181383 -7.292706096789651 -12.70818635721562 -11.560674006103845 -14.28611688569551 -13.55236992221328 -11.07650753000992 -12.770820209450482 -12.030516671973235 -13.721173707275245 -13.18095831655576 -10.221345671008706 -14.01330386668759 -12.62150471939707 -13.453061396718393 -14.178948218857686 -14.24696897377565 -13.97879315692357 -13.288930172996931
6.012024048096192 -12.115661479492985 -13.689153026493521 -13.139291946314877 -13.066091836593028 -14.075739719519405 -13.945408096779044 -11.406115381721548 -10.928880230393716 -7.0502870523567855 -9.077557320079404 -7.17032205832718 -12.649703015710163 -11.48513837013525 -14.25304279367322 -13.507548846071106 -10.97918374645242 -12.713632739494399 -11.961059499331554 -13.684288531221362 -13.132089647865897 -10.12222341900836 -13.985402860225395 -12.563788815240233 -13.410683929413345 -14.171088343182488 -14.2315462493789 -13.97595916789047 -13.248238590979575
6.072144288577154 -12.048129514065344 -13.652027987630095 -13.090107000567368 -13.01928985086672 -14.05072249129951 -13.915658367515018 -11.32813008166534 -10.826528854959303 -6.891415460888449 -8.962252266745505 -7.047971171392401 -12.590503143997413 -11.40882027296469 -14.219433911812775 -13.462132761559655 -10.88092247100705 -12.65575154526667 -11.890850875522947 -13.646838343301262 -13.082574780896614 -10.022143600146318 -13.957006016557862 -12.505432677939368 -13.36773472677164 -14.162904921456308 -14.215731516557637 -13.972848738858373 -13.207105936893306
6.132264529058116 -11.979866451859955 -13.614343586203201 -13.040287123695755 -12.971973916160131 -14.025235784472141 -13.885401422434391 -11.249335474466939 -10.723230081378823 -6.7314003628266965 -8.846571444239082 -6.925668696067703 -12.530590365772547 -11.33172430722134 -14.185293519220316 -13.41612574505315 -10.781727847399047 -12.597180551205474 -11.819894999002365 -13.608826456565382 -13.032417306849364 -9.921110226398095 -13.92811651551785 -12.44644084929785 -13.324217826879483 -14.154401159171409 -14.1995278561407 -13.96946525813492 -13.165536824349271
6.192384769539078 -11.91088940595396 -13.576111636565749 -12.989846279712332 -12.92415831247963 -13.999289362158969 -13.854647783965781 -11.169750183425144 -10.619006201697179 -6.570274830455534 -8.730553320965004 -6.80344950359077 -12.469980055467886 -11.253869309327897 -14.150632887322942 -13.369541596059957 -10.681621480281411 -12.53793523661029 -11.748209412663364 -13.570264742871565 -12.981631146125512 -9.819145040853119 -13.898744760760824 -12.386829457964641 -13.280146621009283 -14.145584485787841 -14.18294370722556 -13.965815584784272 -13.123544864182612
6.25250501002004 -11.841237750686133 -13.537358606279799 -12.938816117199075 -12.875874216726206 -13.972904570588423 -13.82342076221411 -11.089417742161942 -10.513910518418346 -6.408116958594603 -8.614269366038592 -6.681381882901668 -12.408707810666321 -11.175298579769372 -14.115477047474833 -13.322410825348776 -10.580654976960215 -12.478050953308431 -11.675834592474459 -13.531179809640772 -12.93024799501346 -9.716300259853785 -13.86891359461421 -12.326634524539113 -13.235550574819435 -14.136469601547502 -14.165996736620821 -13.961912546501603 -13.081159066893893
6.312625250501002 -11.770911149307679 -13.498084776144132 -12.887196733801254 -12.827122324233482 -13.946081954276082 -13.79172076048226 -11.008337321851986 -10.407941137338828 -6.2449246074048785 -8.497729999684545 -6.559469476071897 -12.346773216562134 -11.096011809878043 -14.079826409627298 -13.274734080985475 -10.478826565898604 -12.417527635710782 -11.602770113003569 -13.491571932972768 -12.87826785008173 -9.61257390919343 -13.838623556730862 -12.265856447255779 -13.190430386139518 -14.127057892718485 -14.148687902995077 -13.957757915121894 -13.038380489390367
6.372745490981964 -11.699959520895806 -13.458323540762347 -12.835028163286744 -12.777941580521137 -13.91884827584116 -13.759577103874925 -10.92656430479079 -10.301166120484435 -6.080797154074065 -8.381020600286515 -6.437792940633965 -12.284221504846144 -11.016063899456054 -14.043712490504412 -13.226549757765824 -10.376202153812965 -12.356410076989908 -11.529067317447748 -13.451474687743872 -12.825730847427383 -9.508032748582913 -13.80790332516682 -12.204540569749529 -13.144823076205032 -14.117367295469128 -14.131039101621939 -13.953367091897809 -12.995245100232786
6.432865731462925 -11.628374407939592 -13.418069803028967 -12.782304047506106 -12.72832629708141 -13.89119976232612 -13.72698546728996 -10.84408882521122 -10.193572350132651 -5.915716153188931 -8.264137868393586 -6.316340038401961 -12.221044921311456 -10.935445640972613 -14.007130630186435 -13.177852375218421 -10.272769125278469 -12.294690982858254 -11.454717420424796 -13.410882943660898 -12.772630503206628 -9.402663806047702 -13.776748827130643 -12.142679943631869 -13.098723418137723 -14.107396314920349 -14.11304776133809 -13.94873939905377 -12.951748028468604
6.492985971943887 -11.556213602354308 -13.377362138797295 -12.729070692918985 -12.678321119313178 -13.863167211670984 -13.693979668185037 -10.760975131749515 -10.085238930366636 -5.7497967900088325 -8.147176555245075 -6.195199093679559 -12.157295922691748 -10.854220591475755 -13.970117189860513 -13.128686204200719 -10.168604095356237 -12.23242221193974 -11.379779879657406 -13.369835487437989 -12.719013273150086 -9.29654474240115 -13.745193092312018 -12.080326826675947 -13.052174053583308 -14.097165237719887 -14.094738896690531 -13.94389207298964 -12.907930292801666
6.55310621242485 -11.483469850908499 -13.336196230410344 -12.67532270157405 -12.627921093205554 -13.834747421087457 -13.660556038396283 -10.677214746904824 -9.976154489165197 -5.583023111067702 -8.030133440253806 -6.074356478635433 -12.092967886871044 -10.772380882069314 -13.932668227071414 -13.079046645130685 -10.063696151638048 -12.169597565824686 -11.304247154541596 -13.328327973797354 -12.664873646720647 -9.189664330104446 -13.713232676045362 -12.017475268906121 -13.005170579208158 -14.086672794969386 -14.076110321998437 -13.93882455435765 -12.863787601584828
6.613226452905812 -11.41019300154639 -13.294605417059895 -12.621100084407626 -12.57716453487264 -13.805966980307858 -13.626743791686806 -10.592863094168845 -9.866387158671639 -5.4154941877701495 -7.913088830897124 -5.95388379634889 -12.028106128271425 -10.689981351773937 -13.894815162444527 -13.028971967203688 -9.958111319770648 -12.106261850121117 -11.228170524444199 -13.286393925067319 -12.610251766840701 -9.082089500848962 -13.680896110695766 -11.954170298025186 -12.957749827478668 -14.075936426014477 -14.05718359199941 -13.933551636032691 -12.819355050430907
6.673346693386773 -11.336385092993204 -13.252591503882964 -12.566404839407035 -12.52605337049534 -13.776827493963424 -13.592544588478521 -10.507922131358153 -9.755938565006499 -5.247212819290453 -7.796051340839831 -5.833778317449848 -11.962712514227604 -10.607024346761204 -13.856559791304878 -12.978464527105686 -9.851851279495396 -12.042417186777337 -11.151552023897473 -13.24403515397016 -12.55514956668275 -8.973821833224314 -13.648185123622092 -11.890414187003522 -12.909914065128891 -14.06495776609347 -14.037960292724508 -13.928075082118239 -12.774634529508404
