web/models/grb/onaxis/18/grb_0.0000_719.6857_0.0001585.dat
# %ECSV 1.0
# ---
# datatype:
# - {name: time, datatype: float64}
# - {name: swift_uvot_uvw2, datatype: float64}
# - {name: swift_uvot_uvm2, datatype: float64}
# - {name: swift_uvot_uvw1, datatype: float64}
# - {name: swift_uvot_U, datatype: float64}
# - {name: swift_uvot_B, datatype: float64}
# - {name: swift_uvot_V, datatype: float64}
# - {name: swift_uvot_W, datatype: float64}
# - {name: johnson_U, datatype: float64}
# - {name: johnson_B, datatype: float64}
# - {name: johnson_V, datatype: float64}
# - {name: johnson_R, datatype: float64}
# - {name: johnson_I, datatype: float64}
# - {name: sdss_u, datatype: float64}
# - {name: sdss_g, datatype: float64}
# - {name: sdss_r, datatype: float64}
# - {name: sdss_i, datatype: float64}
# - {name: sdss_z, datatype: float64}
# - {name: PS1_g, datatype: float64}
# - {name: PS1_r, datatype: float64}
# - {name: PS1_i, datatype: float64}
# - {name: PS1_z, datatype: float64}
# - {name: PS1_Y, datatype: float64}
# - {name: ukirt_J, datatype: float64}
# - {name: ukirt_H, datatype: float64}
# - {name: ukirt_K, datatype: float64}
# meta: !!omap
# - comment: [E = 0.31231838447717747, Eta0 = 8.02, GammaB = 12.0, dL = 0.012188, epsb = 6.760829753919819e-06, epse = 0.1, n = 0.00015848931924611142,
#     p = 2.15, theta_obs = 0.0, xiN = 1.0, z = 0.0, type = grb, E_kiso = 719.6856730011514]
# schema: astropy-2.0
time swift_uvot_uvw2 swift_uvot_uvm2 swift_uvot_uvw1 swift_uvot_U swift_uvot_B swift_uvot_V swift_uvot_W johnson_U johnson_B johnson_V johnson_R johnson_I sdss_u sdss_g sdss_r sdss_i sdss_z PS1_g PS1_r PS1_i PS1_z PS1_Y ukirt_J ukirt_H ukirt_K
[from data line 353]
45.1149 -3.003 -2.954 -3.029 -3.222 -3.364 -3.503 -3.142 -3.244 -3.366 -3.508 -3.649 -3.797 -3.239 -3.412 -3.583 -3.704 -3.815 -3.475 -3.618 -3.738 -3.837 -4.005 -4.027 -4.196 -4.386
46.2033 -2.945 -2.896 -2.97 -3.163 -3.306 -3.445 -3.084 -3.186 -3.308 -3.45 -3.591 -3.739 -3.181 -3.353 -3.525 -3.646 -3.756 -3.417 -3.56 -3.679 -3.778 -3.947 -3.968 -4.138 -4.328
47.3178 -2.887 -2.837 -2.912 -3.105 -3.247 -3.387 -3.026 -3.127 -3.25 -3.392 -3.532 -3.681 -3.122 -3.295 -3.467 -3.588 -3.698 -3.359 -3.501 -3.621 -3.72 -3.888 -3.91 -4.079 -4.27
48.4593 -2.828 -2.779 -2.854 -3.047 -3.189 -3.328 -2.967 -3.069 -3.192 -3.333 -3.474 -3.622 -3.064 -3.237 -3.409 -3.529 -3.64 -3.3 -3.443 -3.563 -3.662 -3.83 -3.852 -4.021 -4.211
49.6283 -2.77 -2.721 -2.795 -2.988 -3.131 -3.27 -2.909 -3.011 -3.133 -3.275 -3.416 -3.564 -3.006 -3.178 -3.35 -3.471 -3.582 -3.242 -3.385 -3.504 -3.604 -3.772 -3.793 -3.963 -4.153
50.8255 -2.712 -2.662 -2.737 -2.93 -3.073 -3.212 -2.851 -2.952 -3.075 -3.217 -3.357 -3.506 -2.947 -3.12 -3.292 -3.413 -3.523 -3.184 -3.326 -3.446 -3.545 -3.713 -3.735 -3.904 -4.095
52.0515 -2.653 -2.604 -2.679 -2.872 -3.014 -3.153 -2.793 -2.894 -3.017 -3.158 -3.299 -3.448 -2.889 -3.062 -3.234 -3.354 -3.465 -3.125 -3.268 -3.388 -3.487 -3.655 -3.677 -3.846 -4.037
53.3072 -2.595 -2.546 -2.621 -2.813 -2.956 -3.095 -2.734 -2.836 -2.958 -3.1 -3.241 -3.389 -2.831 -3.003 -3.175 -3.296 -3.407 -3.067 -3.21 -3.33 -3.429 -3.597 -3.619 -3.788 -3.978
54.5931 -2.537 -2.487 -2.562 -2.755 -2.898 -3.037 -2.676 -2.778 -2.9 -3.042 -3.182 -3.331 -2.772 -2.945 -3.117 -3.238 -3.348 -3.009 -3.151 -3.271 -3.37 -3.539 -3.56 -3.73 -3.92
55.9101 -2.478 -2.429 -2.504 -2.697 -2.839 -2.978 -2.618 -2.719 -2.842 -2.984 -3.124 -3.273 -2.714 -2.887 -3.059 -3.179 -3.29 -2.951 -3.093 -3.213 -3.312 -3.48 -3.502 -3.671 -3.862
57.2588 -2.423 -2.374 -2.448 -2.641 -2.784 -2.923 -2.562 -2.664 -2.786 -2.928 -3.069 -3.217 -2.659 -2.831 -3.003 -3.124 -3.234 -2.895 -3.038 -3.157 -3.256 -3.425 -3.446 -3.616 -3.806
58.6401 -2.369 -2.32 -2.395 -2.588 -2.73 -2.869 -2.508 -2.61 -2.732 -2.874 -3.015 -3.163 -2.605 -2.777 -2.949 -3.07 -3.181 -2.841 -2.984 -3.104 -3.203 -3.371 -3.393 -3.562 -3.752
60.0546 -2.315 -2.266 -2.341 -2.534 -2.676 -2.815 -2.454 -2.556 -2.678 -2.82 -2.961 -3.109 -2.551 -2.724 -2.895 -3.016 -3.127 -2.787 -2.93 -3.05 -3.149 -3.317 -3.339 -3.508 -3.698
61.5034 -2.261 -2.212 -2.287 -2.48 -2.622 -2.761 -2.401 -2.502 -2.625 -2.767 -2.907 -3.056 -2.497 -2.67 -2.842 -2.962 -3.073 -2.734 -2.876 -2.996 -3.095 -3.263 -3.285 -3.454 -3.645
62.987 -2.208 -2.158 -2.233 -2.426 -2.568 -2.708 -2.347 -2.448 -2.571 -2.713 -2.853 -3.002 -2.443 -2.616 -2.788 -2.908 -3.019 -2.68 -2.822 -2.942 -3.041 -3.209 -3.231 -3.4 -3.591
64.5065 -2.154 -2.104 -2.179 -2.372 -2.515 -2.654 -2.293 -2.395 -2.517 -2.659 -2.799 -2.948 -2.389 -2.562 -2.734 -2.855 -2.965 -2.626 -2.768 -2.888 -2.987 -3.156 -3.177 -3.347 -3.537
66.0626 -2.1 -2.05 -2.125 -2.318 -2.461 -2.6 -2.239 -2.341 -2.463 -2.605 -2.745 -2.894 -2.336 -2.508 -2.68 -2.801 -2.911 -2.572 -2.715 -2.834 -2.933 -3.102 -3.123 -3.293 -3.483
67.6562 -2.046 -1.997 -2.071 -2.264 -2.407 -2.546 -2.185 -2.287 -2.409 -2.551 -2.692 -2.84 -2.282 -2.454 -2.626 -2.747 -2.858 -2.518 -2.661 -2.781 -2.88 -3.048 -3.07 -3.239 -3.429
69.2883 -1.992 -1.943 -2.018 -2.211 -2.353 -2.492 -2.131 -2.233 -2.355 -2.497 -2.638 -2.786 -2.228 -2.401 -2.572 -2.693 -2.804 -2.464 -2.607 -2.727 -2.826 -2.994 -3.016 -3.185 -3.375
70.9597 -1.938 -1.889 -1.964 -2.157 -2.299 -2.438 -2.077 -2.179 -2.302 -2.443 -2.584 -2.732 -2.174 -2.347 -2.519 -2.639 -2.75 -2.41 -2.553 -2.673 -2.772 -2.94 -2.962 -3.131 -3.322
72.6715 -1.884 -1.835 -1.909 -2.102 -2.245 -2.384 -2.023 -2.125 -2.247 -2.389 -2.53 -2.678 -2.12 -2.292 -2.464 -2.585 -2.696 -2.356 -2.499 -2.619 -2.718 -2.886 -2.908 -3.077 -3.267
74.4246 -1.83 -1.78 -1.855 -2.048 -2.19 -2.33 -1.969 -2.07 -2.193 -2.335 -2.475 -2.624 -2.065 -2.238 -2.41 -2.53 -2.641 -2.302 -2.444 -2.564 -2.663 -2.831 -2.853 -3.022 -3.213
76.2199 -1.775 -1.726 -1.801 -1.994 -2.136 -2.275 -1.914 -2.016 -2.138 -2.28 -2.421 -2.569 -2.011 -2.183 -2.355 -2.476 -2.587 -2.247 -2.39 -2.51 -2.609 -2.777 -2.799 -2.968 -3.158
78.0586 -1.721 -1.671 -1.746 -1.939 -2.081 -2.221 -1.86 -1.961 -2.084 -2.226 -2.366 -2.515 -1.956 -2.129 -2.301 -2.422 -2.532 -2.193 -2.335 -2.455 -2.554 -2.722 -2.744 -2.913 -3.104
79.9416 -1.666 -1.617 -1.692 -1.885 -2.027 -2.166 -1.805 -1.907 -2.029 -2.171 -2.312 -2.46 -1.902 -2.075 -2.246 -2.367 -2.478 -2.138 -2.281 -2.401 -2.5 -2.668 -2.69 -2.859 -3.049
81.87 -1.612 -1.562 -1.637 -1.83 -1.973 -2.112 -1.751 -1.853 -1.975 -2.117 -2.257 -2.406 -1.848 -2.02 -2.192 -2.313 -2.423 -2.084 -2.226 -2.346 -2.445 -2.614 -2.635 -2.805 -2.995
83.845 -1.557 -1.508 -1.583 -1.776 -1.918 -2.057 -1.696 -1.798 -1.921 -2.062 -2.203 -2.351 -1.793 -1.966 -2.138 -2.258 -2.369 -2.029 -2.172 -2.292 -2.391 -2.559 -2.581 -2.75 -2.941
85.8676 -1.503 -1.453 -1.528 -1.721 -1.864 -2.003 -1.642 -1.744 -1.866 -2.008 -2.148 -2.297 -1.739 -1.911 -2.083 -2.204 -2.314 -1.975 -2.118 -2.237 -2.336 -2.505 -2.526 -2.696 -2.886
87.939 -1.448 -1.399 -1.474 -1.667 -1.809 -1.948 -1.588 -1.689 -1.812 -1.954 -2.094 -2.243 -1.684 -1.857 -2.029 -2.149 -2.26 -1.921 -2.063 -2.183 -2.282 -2.45 -2.472 -2.641 -2.832
90.0604 -1.394 -1.345 -1.419 -1.612 -1.755 -1.894 -1.533 -1.635 -1.757 -1.899 -2.04 -2.188 -1.63 -1.802 -1.974 -2.095 -2.206 -1.866 -2.009 -2.128 -2.228 -2.396 -2.417 -2.587 -2.777
92.2329 -1.342 -1.293 -1.368 -1.561 -1.703 -1.842 -1.481 -1.583 -1.705 -1.847 -1.988 -2.136 -1.578 -1.751 -1.922 -2.043 -2.154 -1.814 -1.957 -2.077 -2.176 -2.344 -2.366 -2.535 -2.725
94.4579 -1.291 -1.241 -1.316 -1.509 -1.651 -1.79 -1.43 -1.531 -1.654 -1.796 -1.936 -2.085 -1.526 -1.699 -1.871 -1.991 -2.102 -1.763 -1.905 -2.025 -2.124 -2.292 -2.314 -2.483 -2.674
96.7365 -1.239 -1.19 -1.264 -1.457 -1.6 -1.739 -1.378 -1.48 -1.602 -1.744 -1.884 -2.033 -1.475 -1.647 -1.819 -1.94 -2.05 -1.711 -1.854 -1.973 -2.072 -2.241 -2.262 -2.432 -2.622
99.0701 -1.187 -1.138 -1.213 -1.406 -1.548 -1.687 -1.326 -1.428 -1.551 -1.692 -1.833 -1.981 -1.423 -1.596 -1.767 -1.888 -1.999 -1.659 -1.802 -1.922 -2.021 -2.189 -2.211 -2.38 -2.57
101.4599 -1.136 -1.086 -1.161 -1.354 -1.496 -1.636 -1.275 -1.376 -1.499 -1.641 -1.781 -1.93 -1.371 -1.544 -1.716 -1.837 -1.947 -1.608 -1.75 -1.87 -1.969 -2.137 -2.159 -2.328 -2.519
103.9075 -1.084 -1.035 -1.11 -1.302 -1.445 -1.584 -1.223 -1.325 -1.447 -1.589 -1.73 -1.878 -1.32 -1.492 -1.664 -1.785 -1.896 -1.556 -1.699 -1.819 -1.918 -2.086 -2.108 -2.277 -2.467
106.4141 -1.032 -0.983 -1.058 -1.251 -1.393 -1.532 -1.172 -1.273 -1.396 -1.538 -1.678 -1.827 -1.268 -1.441 -1.613 -1.733 -1.844 -1.505 -1.647 -1.767 -1.866 -2.034 -2.056 -2.225 -2.416
108.9811 -0.981 -0.931 -1.006 -1.199 -1.342 -1.481 -1.12 -1.222 -1.344 -1.486 -1.626 -1.775 -1.217 -1.389 -1.561 -1.682 -1.792 -1.453 -1.595 -1.715 -1.814 -1.983 -2.004 -2.174 -2.364
111.6101 -0.929 -0.88 -0.955 -1.148 -1.29 -1.429 -1.068 -1.17 -1.292 -1.434 -1.575 -1.723 -1.165 -1.338 -1.509 -1.63 -1.741 -1.401 -1.544 -1.664 -1.763 -1.931 -1.953 -2.122 -2.312
114.3025 -0.878 -0.828 -0.903 -1.096 -1.239 -1.378 -1.017 -1.119 -1.241 -1.383 -1.523 -1.672 -1.113 -1.286 -1.458 -1.579 -1.689 -1.35 -1.492 -1.612 -1.711 -1.88 -1.901 -2.071 -2.261
117.0598 -0.828 -0.779 -0.854 -1.047 -1.189 -1.328 -0.967 -1.069 -1.192 -1.333 -1.474 -1.622 -1.064 -1.237 -1.409 -1.529 -1.64 -1.3 -1.443 -1.563 -1.662 -1.83 -1.852 -2.021 -2.212
119.8836 -0.779 -0.73 -0.804 -0.997 -1.14 -1.279 -0.918 -1.02 -1.142 -1.284 -1.425 -1.573 -1.015 -1.187 -1.359 -1.48 -1.59 -1.251 -1.394 -1.513 -1.612 -1.781 -1.802 -1.972 -2.162
122.7756 -0.73 -0.68 -0.755 -0.948 -1.09 -1.23 -0.869 -0.97 -1.093 -1.235 -1.375 -1.524 -0.965 -1.138 -1.31 -1.43 -1.541 -1.202 -1.344 -1.464 -1.563 -1.731 -1.753 -1.922 -2.113
125.7373 -0.68 -0.631 -0.706 -0.899 -1.041 -1.18 -0.819 -0.921 -1.043 -1.185 -1.326 -1.474 -0.916 -1.089 -1.26 -1.381 -1.492 -1.152 -1.295 -1.415 -1.514 -1.682 -1.704 -1.873 -2.063
128.7705 -0.631 -0.581 -0.656 -0.849 -0.992 -1.131 -0.77 -0.872 -0.994 -1.136 -1.276 -1.425 -0.867 -1.039 -1.211 -1.332 -1.442 -1.103 -1.246 -1.365 -1.464 -1.633 -1.654 -1.824 -2.014
131.8769 -0.582 -0.532 -0.607 -0.8 -0.942 -1.081 -0.721 -0.822 -0.945 -1.087 -1.227 -1.376 -0.817 -0.99 -1.162 -1.282 -1.393 -1.054 -1.196 -1.316 -1.415 -1.583 -1.605 -1.774 -1.965
135.0582 -0.532 -0.483 -0.558 -0.75 -0.893 -1.032 -0.671 -0.773 -0.895 -1.037 -1.178 -1.326 -0.768 -0.94 -1.112 -1.233 -1.344 -1.004 -1.147 -1.267 -1.366 -1.534 -1.556 -1.725 -1.915
138.3162 -0.483 -0.433 -0.508 -0.701 -0.844 -0.983 -0.622 -0.724 -0.846 -0.988 -1.128 -1.277 -0.718 -0.891 -1.063 -1.184 -1.294 -0.955 -1.097 -1.217 -1.316 -1.484 -1.506 -1.676 -1.866
141.6528 -0.433 -0.384 -0.459 -0.652 -0.794 -0.933 -0.572 -0.674 -0.797 -0.938 -1.079 -1.227 -0.669 -0.842 -1.014 -1.134 -1.245 -0.905 -1.048 -1.168 -1.267 -1.435 -1.457 -1.626 -1.816
145.0699 -0.384 -0.334 -0.409 -0.602 -0.745 -0.884 -0.523 -0.625 -0.747 -0.889 -1.029 -1.178 -0.62 -0.792 -0.964 -1.085 -1.195 -0.856 -0.998 -1.118 -1.217 -1.386 -1.407 -1.577 -1.767
148.5695 -0.334 -0.284 -0.359 -0.552 -0.695 -0.834 -0.473 -0.575 -0.697 -0.839 -0.979 -1.128 -0.57 -0.742 -0.914 -1.035 -1.145 -0.806 -0.948 -1.068 -1.167 -1.336 -1.357 -1.527 -1.717
152.1534 -0.284 -0.234 -0.309 -0.502 -0.645 -0.784 -0.423 -0.525 -0.647 -0.789 -0.929 -1.078 -0.52 -0.692 -0.864 -0.985 -1.095 -0.756 -0.898 -1.018 -1.117 -1.286 -1.307 -1.477 -1.667
155.8238 -0.234 -0.184 -0.259 -0.452 -0.595 -0.734 -0.373 -0.475 -0.597 -0.739 -0.879 -1.028 -0.47 -0.642 -0.814 -0.935 -1.045 -0.706 -0.848 -0.968 -1.067 -1.236 -1.257 -1.427 -1.617
159.5828 -0.184 -0.134 -0.209 -0.402 -0.545 -0.684 -0.323 -0.425 -0.547 -0.689 -0.829 -0.978 -0.42 -0.592 -0.764 -0.885 -0.995 -0.656 -0.798 -0.918 -1.017 -1.186 -1.207 -1.377 -1.567
163.4324 -0.134 -0.084 -0.159 -0.352 -0.495 -0.634 -0.273 -0.375 -0.497 -0.639 -0.779 -0.928 -0.37 -0.542 -0.714 -0.835 -0.945 -0.606 -0.748 -0.868 -0.967 -1.136 -1.157 -1.327 -1.517
167.375 -0.084 -0.034 -0.109 -0.302 -0.445 -0.584 -0.223 -0.325 -0.447 -0.589 -0.729 -0.878 -0.32 -0.492 -0.664 -0.785 -0.895 -0.556 -0.698 -0.818 -0.917 -1.086 -1.107 -1.277 -1.467
171.4126 -0.034 0.016 -0.059 -0.252 -0.395 -0.534 -0.173 -0.275 -0.397 -0.539 -0.679 -0.828 -0.27 -0.442 -0.614 -0.735 -0.845 -0.506 -0.648 -0.768 -0.867 -1.036 -1.057 -1.227 -1.417
175.5476 0.016 0.066 -0.009 -0.202 -0.345 -0.484 -0.123 -0.225 -0.347 -0.489 -0.629 -0.778 -0.22 -0.392 -0.564 -0.685 -0.795 -0.456 -0.598 -0.718 -0.817 -0.986 -1.007 -1.177 -1.367
179.7823 0.066 0.116 0.041 -0.152 -0.295 -0.434 -0.073 -0.175 -0.297 -0.439 -0.579 -0.728 -0.17 -0.342 -0.514 -0.635 -0.745 -0.406 -0.548 -0.668 -0.767 -0.936 -0.957 -1.127 -1.317
184.1193 0.115 0.165 0.09 -0.103 -0.246 -0.385 -0.024 -0.126 -0.248 -0.39 -0.53 -0.679 -0.121 -0.293 -0.465 -0.586 -0.696 -0.357 -0.5 -0.619 -0.718 -0.887 -0.908 -1.078 -1.268
188.5608 0.162 0.211 0.136 -0.057 -0.199 -0.338 0.023 -0.079 -0.201 -0.343 -0.484 -0.632 -0.074 -0.246 -0.418 -0.539 -0.65 -0.31 -0.453 -0.573 -0.672 -0.84 -0.862 -1.031 -1.221
193.1095 0.209 0.258 0.183 -0.01 -0.152 -0.291 0.07 -0.032 -0.155 -0.296 -0.437 -0.586 -0.027 -0.2 -0.372 -0.492 -0.603 -0.263 -0.406 -0.526 -0.625 -0.793 -0.815 -0.984 -1.175
197.7679 0.255 0.305 0.23 0.037 -0.105 -0.245 0.116 0.015 -0.108 -0.25 -0.39 -0.539 0.02 -0.153 -0.325 -0.445 -0.556 -0.217 -0.359 -0.479 -0.578 -0.746 -0.768 -0.937 -1.128
202.5387 0.302 0.352 0.277 0.084 -0.059 -0.198 0.163 0.061 -0.061 -0.203 -0.343 -0.492 0.066 -0.106 -0.278 -0.399 -0.509 -0.17 -0.312 -0.432 -0.531 -0.7 -0.721 -0.891 -1.081
207.4245 0.349 0.398 0.323 0.131 -0.012 -0.151 0.21 0.108 -0.014 -0.156 -0.297 -0.445 0.113 -0.059 -0.231 -0.352 -0.463 -0.123 -0.266 -0.386 -0.485 -0.653 -0.675 -0.844 -1.034
212.4283 0.396 0.445 0.37 0.177 0.035 -0.104 0.257 0.155 0.032 -0.109 -0.25 -0.398 0.16 -0.013 -0.184 -0.305 -0.416 -0.076 -0.219 -0.339 -0.438 -0.606 -0.628 -0.797 -0.987
217.5527 0.442 0.492 0.417 0.224 0.082 -0.057 0.303 0.202 0.079 -0.063 -0.203 -0.352 0.207 0.034 -0.138 -0.258 -0.369 -0.03 -0.172 -0.292 -0.391 -0.559 -0.581 -0.75 -0.941
222.8008 0.489 0.539 0.464 0.271 0.128 -0.011 0.35 0.248 0.126 -0.016 -0.156 -0.305 0.253 0.081 -0.091 -0.212 -0.322 0.017 -0.125 -0.245 -0.344 -0.513 -0.534 -0.704 -0.894
228.1754 0.536 0.585 0.511 0.318 0.175 0.036 0.397 0.295 0.173 0.031 -0.11 -0.258 0.3 0.128 -0.044 -0.165 -0.276 0.064 -0.079 -0.198 -0.298 -0.466 -0.487 -0.657 -0.847
233.6797 0.582 0.632 0.557 0.364 0.222 0.082 0.443 0.342 0.219 0.077 -0.063 -0.212 0.347 0.174 0.002 -0.119 -0.229 0.11 -0.032 -0.152 -0.251 -0.419 -0.441 -0.61 -0.801
239.3168 0.628 0.678 0.603 0.41 0.268 0.128 0.489 0.388 0.265 0.123 -0.017 -0.166 0.393 0.22 0.048 -0.073 -0.183 0.156 0.014 -0.106 -0.205 -0.373 -0.395 -0.564 -0.755
245.0899 0.674 0.724 0.649 0.456 0.313 0.174 0.535 0.433 0.311 0.169 0.029 -0.12 0.439 0.266 0.094 -0.027 -0.137 0.202 0.06 -0.06 -0.159 -0.328 -0.349 -0.519 -0.709
251.0022 0.72 0.77 0.695 0.502 0.359 0.22 0.581 0.479 0.357 0.215 0.075 -0.074 0.484 0.312 0.14 0.019 -0.091 0.248 0.106 -0.014 -0.113 -0.282 -0.303 -0.473 -0.663
257.0572 0.766 0.816 0.741 0.548 0.405 0.266 0.627 0.525 0.403 0.261 0.121 -0.028 0.53 0.358 0.186 0.065 -0.045 0.294 0.152 0.032 -0.067 -0.236 -0.257 -0.427 -0.617
263.2582 0.812 0.862 0.787 0.594 0.451 0.312 0.673 0.571 0.449 0.307 0.167 0.018 0.576 0.404 0.232 0.111 0.001 0.34 0.197 0.078 -0.021 -0.19 -0.211 -0.381 -0.571
269.6088 0.858 0.907 0.833 0.64 0.497 0.358 0.719 0.617 0.495 0.353 0.213 0.064 0.622 0.45 0.278 0.157 0.047 0.386 0.243 0.124 0.025 -0.144 -0.165 -0.335 -0.525
276.1126 0.904 0.953 0.879 0.686 0.543 0.404 0.765 0.663 0.541 0.399 0.258 0.11 0.668 0.496 0.324 0.203 0.093 0.432 0.289 0.17 0.071 -0.098 -0.119 -0.289 -0.479
282.7734 0.95 0.999 0.925 0.732 0.589 0.45 0.811 0.709 0.587 0.445 0.304 0.156 0.714 0.542 0.37 0.249 0.138 0.478 0.335 0.215 0.116 -0.052 -0.073 -0.243 -0.433
289.5947 0.996 1.045 0.97 0.778 0.635 0.496 0.857 0.755 0.633 0.491 0.35 0.202 0.76 0.588 0.416 0.295 0.184 0.524 0.381 0.261 0.162 -0.006 -0.028 -0.197 -0.387
296.5807 1.04 1.089 1.014 0.821 0.679 0.54 0.901 0.799 0.677 0.535 0.394 0.246 0.804 0.632 0.46 0.339 0.228 0.568 0.425 0.305 0.206 0.038 0.016 -0.153 -0.343
303.7351 1.083 1.132 1.057 0.864 0.722 0.583 0.943 0.842 0.719 0.578 0.437 0.288 0.847 0.674 0.502 0.382 0.271 0.611 0.468 0.348 0.249 0.081 0.059 -0.11 -0.301
311.0622 1.125 1.175 1.1 0.907 0.765 0.625 0.986 0.885 0.762 0.62 0.48 0.331 0.89 0.717 0.545 0.424 0.314 0.653 0.511 0.391 0.292 0.124 0.102 -0.067 -0.258
318.566 1.168 1.218 1.143 0.95 0.807 0.668 1.029 0.927 0.805 0.663 0.523 0.374 0.932 0.76 0.588 0.467 0.357 0.696 0.553 0.434 0.335 0.166 0.145 -0.025 -0.215
326.2508 1.211 1.26 1.185 0.992 0.85 0.711 1.072 0.97 0.848 0.706 0.565 0.417 0.975 0.803 0.631 0.51 0.399 0.739 0.596 0.476 0.377 0.209 0.187 0.018 -0.172
334.121 1.254 1.303 1.228 1.035 0.893 0.754 1.115 1.013 0.89 0.749 0.608 0.459 1.018 0.845 0.673 0.553 0.442 0.782 0.639 0.519 0.42 0.252 0.23 0.061 -0.13
342.181 1.296 1.346 1.271 1.078 0.936 0.796 1.157 1.056 0.933 0.791 0.651 0.502 1.061 0.888 0.716 0.596 0.485 0.824 0.682 0.562 0.463 0.295 0.273 0.104 -0.087
350.4355 1.339 1.389 1.314 1.121 0.978 0.839 1.2 1.098 0.976 0.834 0.694 0.545 1.103 0.931 0.759 0.638 0.528 0.867 0.724 0.605 0.506 0.337 0.316 0.146 -0.044
358.8891 1.382 1.431 1.356 1.164 1.021 0.882 1.243 1.141 1.019 0.877 0.736 0.588 1.146 0.974 0.802 0.681 0.57 0.91 0.767 0.647 0.548 0.38 0.358 0.189 -0.001
367.5467 1.425 1.474 1.399 1.206 1.064 0.925 1.286 1.184 1.061 0.92 0.779 0.631 1.189 1.016 0.844 0.724 0.613 0.953 0.81 0.69 0.591 0.423 0.401 0.232 0.042
376.4131 1.469 1.518 1.444 1.251 1.108 0.969 1.33 1.228 1.106 0.964 0.823 0.675 1.233 1.061 0.889 0.768 0.658 0.997 0.854 0.735 0.636 0.467 0.446 0.276 0.086
