web/models/grb/onaxis/18/grb_0.0000_7.1969_0.1584893.dat
# %ECSV 1.0
# ---
# datatype:
# - {name: time, datatype: float64}
# - {name: swift_uvot_uvw2, datatype: float64}
# - {name: swift_uvot_uvm2, datatype: float64}
# - {name: swift_uvot_uvw1, datatype: float64}
# - {name: swift_uvot_U, datatype: float64}
# - {name: swift_uvot_B, datatype: float64}
# - {name: swift_uvot_V, datatype: float64}
# - {name: swift_uvot_W, datatype: float64}
# - {name: johnson_U, datatype: float64}
# - {name: johnson_B, datatype: float64}
# - {name: johnson_V, datatype: float64}
# - {name: johnson_R, datatype: float64}
# - {name: johnson_I, datatype: float64}
# - {name: sdss_u, datatype: float64}
# - {name: sdss_g, datatype: float64}
# - {name: sdss_r, datatype: float64}
# - {name: sdss_i, datatype: float64}
# - {name: sdss_z, datatype: float64}
# - {name: PS1_g, datatype: float64}
# - {name: PS1_r, datatype: float64}
# - {name: PS1_i, datatype: float64}
# - {name: PS1_z, datatype: float64}
# - {name: PS1_Y, datatype: float64}
# - {name: ukirt_J, datatype: float64}
# - {name: ukirt_H, datatype: float64}
# - {name: ukirt_K, datatype: float64}
# meta: !!omap
# - comment: [E = 0.0031231838447717776, Eta0 = 8.02, GammaB = 12.0, dL = 0.012188, epsb = 6.760829753919819e-06, epse = 0.1, n = 0.15848931924611143,
#     p = 2.15, theta_obs = 0.0, xiN = 1.0, z = 0.0, type = grb, E_kiso = 7.196856730011521]
# schema: astropy-2.0
time swift_uvot_uvw2 swift_uvot_uvm2 swift_uvot_uvw1 swift_uvot_U swift_uvot_B swift_uvot_V swift_uvot_W johnson_U johnson_B johnson_V johnson_R johnson_I sdss_u sdss_g sdss_r sdss_i sdss_z PS1_g PS1_r PS1_i PS1_z PS1_Y ukirt_J ukirt_H ukirt_K
[from data line 174]
0.6328 -4.98 -4.93 -5.005 -5.198 -5.34 -5.479 -5.119 -5.22 -5.343 -5.485 -5.625 -5.774 -5.215 -5.388 -5.56 -5.68 -5.791 -5.452 -5.594 -5.714 -5.813 -5.981 -6.003 -6.172 -6.363
0.6481 -4.921 -4.872 -4.947 -5.14 -5.282 -5.421 -5.061 -5.162 -5.285 -5.426 -5.567 -5.716 -5.157 -5.33 -5.502 -5.622 -5.733 -5.394 -5.536 -5.656 -5.755 -5.923 -5.945 -6.114 -6.305
0.6637 -4.863 -4.814 -4.889 -5.082 -5.224 -5.363 -5.002 -5.104 -5.227 -5.368 -5.509 -5.657 -5.099 -5.272 -5.443 -5.564 -5.675 -5.335 -5.478 -5.598 -5.697 -5.865 -5.887 -6.056 -6.246
0.6797 -4.805 -4.756 -4.831 -5.024 -5.166 -5.305 -4.944 -5.046 -5.168 -5.31 -5.451 -5.599 -5.041 -5.214 -5.385 -5.506 -5.617 -5.277 -5.42 -5.54 -5.639 -5.807 -5.829 -5.998 -6.188
0.6961 -4.747 -4.698 -4.773 -4.965 -5.108 -5.247 -4.886 -4.988 -5.11 -5.252 -5.393 -5.541 -4.983 -5.155 -5.327 -5.448 -5.559 -5.219 -5.362 -5.482 -5.581 -5.749 -5.771 -5.94 -6.13
0.7129 -4.689 -4.64 -4.714 -4.907 -5.05 -5.189 -4.828 -4.93 -5.052 -5.194 -5.335 -5.483 -4.925 -5.097 -5.269 -5.39 -5.501 -5.161 -5.304 -5.423 -5.522 -5.691 -5.712 -5.882 -6.072
0.7301 -4.631 -4.581 -4.656 -4.849 -4.992 -5.131 -4.77 -4.872 -4.994 -5.136 -5.276 -5.425 -4.867 -5.039 -5.211 -5.332 -5.442 -5.103 -5.246 -5.365 -5.464 -5.633 -5.654 -5.824 -6.014
0.7477 -4.573 -4.523 -4.598 -4.791 -4.934 -5.073 -4.712 -4.814 -4.936 -5.078 -5.218 -5.367 -4.809 -4.981 -5.153 -5.274 -5.384 -5.045 -5.187 -5.307 -5.406 -5.575 -5.596 -5.766 -5.956
0.7658 -4.514 -4.464 -4.539 -4.732 -4.875 -5.014 -4.653 -4.755 -4.877 -5.019 -5.159 -5.308 -4.75 -4.922 -5.094 -5.215 -5.325 -4.986 -5.128 -5.248 -5.347 -5.516 -5.537 -5.707 -5.897
0.7842 -4.453 -4.404 -4.479 -4.672 -4.814 -4.953 -4.592 -4.694 -4.817 -4.958 -5.099 -5.247 -4.689 -4.862 -5.033 -5.154 -5.265 -4.925 -5.068 -5.188 -5.287 -5.455 -5.477 -5.646 -5.836
0.8032 -4.393 -4.343 -4.418 -4.611 -4.754 -4.893 -4.532 -4.634 -4.756 -4.898 -5.038 -5.187 -4.629 -4.801 -4.973 -5.094 -5.204 -4.865 -5.007 -5.127 -5.226 -5.395 -5.416 -5.586 -5.776
0.8225 -4.332 -4.283 -4.358 -4.551 -4.693 -4.832 -4.471 -4.573 -4.695 -4.837 -4.978 -5.126 -4.568 -4.741 -4.912 -5.033 -5.144 -4.804 -4.947 -5.067 -5.166 -5.334 -5.356 -5.525 -5.715
0.8424 -4.272 -4.222 -4.297 -4.49 -4.633 -4.772 -4.411 -4.513 -4.635 -4.777 -4.917 -5.066 -4.508 -4.68 -4.852 -4.973 -5.083 -4.744 -4.886 -5.006 -5.105 -5.274 -5.295 -5.465 -5.655
0.8627 -4.211 -4.162 -4.237 -4.43 -4.572 -4.711 -4.35 -4.452 -4.574 -4.716 -4.857 -5.005 -4.447 -4.62 -4.791 -4.912 -5.023 -4.683 -4.826 -4.946 -5.045 -5.213 -5.235 -5.404 -5.594
0.8835 -4.151 -4.101 -4.176 -4.369 -4.512 -4.651 -4.29 -4.391 -4.514 -4.656 -4.796 -4.945 -4.386 -4.559 -4.731 -4.852 -4.962 -4.623 -4.765 -4.885 -4.984 -5.152 -5.174 -5.344 -5.534
0.9048 -4.09 -4.041 -4.116 -4.309 -4.451 -4.59 -4.229 -4.331 -4.453 -4.595 -4.736 -4.884 -4.326 -4.499 -4.67 -4.791 -4.902 -4.562 -4.705 -4.825 -4.924 -5.092 -5.114 -5.283 -5.473
0.9266 -4.03 -3.98 -4.055 -4.248 -4.39 -4.53 -4.169 -4.27 -4.393 -4.535 -4.675 -4.824 -4.265 -4.438 -4.61 -4.731 -4.841 -4.502 -4.644 -4.764 -4.863 -5.031 -5.053 -5.222 -5.413
0.949 -3.969 -3.92 -3.995 -4.188 -4.33 -4.469 -4.108 -4.21 -4.332 -4.474 -4.615 -4.763 -4.205 -4.377 -4.549 -4.67 -4.781 -4.441 -4.584 -4.704 -4.803 -4.971 -4.993 -5.162 -5.352
0.9719 -3.91 -3.86 -3.935 -4.128 -4.271 -4.41 -4.049 -4.151 -4.273 -4.415 -4.555 -4.704 -4.145 -4.318 -4.49 -4.611 -4.721 -4.382 -4.524 -4.644 -4.743 -4.911 -4.933 -5.103 -5.293
0.9953 -3.851 -3.802 -3.877 -4.07 -4.212 -4.351 -3.991 -4.092 -4.215 -4.356 -4.497 -4.646 -4.087 -4.26 -4.432 -4.552 -4.663 -4.323 -4.466 -4.586 -4.685 -4.853 -4.875 -5.044 -5.235
1.0194 -3.793 -3.744 -3.819 -4.011 -4.154 -4.293 -3.932 -4.034 -4.156 -4.298 -4.439 -4.587 -4.029 -4.201 -4.373 -4.494 -4.605 -4.265 -4.408 -4.528 -4.627 -4.795 -4.817 -4.986 -5.176
1.0439 -3.735 -3.685 -3.76 -3.953 -4.096 -4.235 -3.874 -3.976 -4.098 -4.24 -4.38 -4.529 -3.971 -4.143 -4.315 -4.436 -4.546 -4.207 -4.349 -4.469 -4.568 -4.737 -4.758 -4.928 -5.118
1.0691 -3.676 -3.627 -3.702 -3.895 -4.037 -4.176 -3.816 -3.917 -4.04 -4.182 -4.322 -4.471 -3.912 -4.085 -4.257 -4.377 -4.488 -4.149 -4.291 -4.411 -4.51 -4.678 -4.7 -4.869 -5.06
1.0949 -3.618 -3.569 -3.644 -3.837 -3.979 -4.118 -3.757 -3.859 -3.981 -4.123 -4.264 -4.412 -3.854 -4.026 -4.198 -4.319 -4.43 -4.09 -4.233 -4.353 -4.452 -4.62 -4.642 -4.811 -5.001
1.1213 -3.56 -3.51 -3.585 -3.778 -3.921 -4.06 -3.699 -3.801 -3.923 -4.065 -4.205 -4.354 -3.796 -3.968 -4.14 -4.261 -4.371 -4.032 -4.174 -4.294 -4.393 -4.562 -4.583 -4.753 -4.943
1.1484 -3.502 -3.452 -3.527 -3.72 -3.862 -4.001 -3.641 -3.742 -3.865 -4.007 -4.147 -4.296 -3.737 -3.91 -4.082 -4.202 -4.313 -3.974 -4.116 -4.236 -4.335 -4.503 -4.525 -4.694 -4.885
1.1761 -3.443 -3.394 -3.469 -3.662 -3.804 -3.943 -3.582 -3.684 -3.806 -3.948 -4.089 -4.237 -3.679 -3.852 -4.023 -4.144 -4.255 -3.915 -4.058 -4.178 -4.277 -4.445 -4.467 -4.636 -4.826
1.2044 -3.385 -3.335 -3.41 -3.603 -3.746 -3.885 -3.524 -3.626 -3.748 -3.89 -4.03 -4.179 -3.621 -3.793 -3.965 -4.086 -4.196 -3.857 -4.0 -4.119 -4.218 -4.387 -4.408 -4.578 -4.768
1.2335 -3.329 -3.28 -3.355 -3.548 -3.69 -3.829 -3.469 -3.57 -3.693 -3.834 -3.975 -4.124 -3.565 -3.738 -3.91 -4.03 -4.141 -3.801 -3.944 -4.064 -4.163 -4.331 -4.353 -4.522 -4.713
1.2633 -3.276 -3.226 -3.301 -3.494 -3.636 -3.775 -3.415 -3.516 -3.639 -3.781 -3.921 -4.07 -3.511 -3.684 -3.856 -3.976 -4.087 -3.748 -3.89 -4.01 -4.109 -4.277 -4.299 -4.468 -4.659
1.2937 -3.222 -3.172 -3.247 -3.44 -3.583 -3.722 -3.361 -3.462 -3.585 -3.727 -3.867 -4.016 -3.457 -3.63 -3.802 -3.923 -4.033 -3.694 -3.836 -3.956 -4.055 -4.223 -4.245 -4.414 -4.605
1.3249 -3.168 -3.118 -3.193 -3.386 -3.529 -3.668 -3.307 -3.409 -3.531 -3.673 -3.813 -3.962 -3.404 -3.576 -3.748 -3.869 -3.979 -3.64 -3.783 -3.902 -4.001 -4.17 -4.191 -4.361 -4.551
1.3569 -3.114 -3.065 -3.139 -3.332 -3.475 -3.614 -3.253 -3.355 -3.477 -3.619 -3.76 -3.908 -3.35 -3.522 -3.694 -3.815 -3.926 -3.586 -3.729 -3.848 -3.948 -4.116 -4.137 -4.307 -4.497
1.3896 -3.06 -3.011 -3.086 -3.279 -3.421 -3.56 -3.199 -3.301 -3.423 -3.565 -3.706 -3.854 -3.296 -3.468 -3.64 -3.761 -3.872 -3.532 -3.675 -3.795 -3.894 -4.062 -4.084 -4.253 -4.443
1.4232 -3.006 -2.957 -3.032 -3.225 -3.367 -3.506 -3.145 -3.247 -3.37 -3.511 -3.652 -3.8 -3.242 -3.415 -3.586 -3.707 -3.818 -3.478 -3.621 -3.741 -3.84 -4.008 -4.03 -4.199 -4.389
1.4575 -2.953 -2.903 -2.978 -3.171 -3.313 -3.452 -3.092 -3.193 -3.316 -3.458 -3.598 -3.747 -3.188 -3.361 -3.533 -3.653 -3.764 -3.425 -3.567 -3.687 -3.786 -3.954 -3.976 -4.145 -4.336
1.4927 -2.899 -2.849 -2.924 -3.117 -3.259 -3.399 -3.038 -3.139 -3.262 -3.404 -3.544 -3.693 -3.134 -3.307 -3.479 -3.6 -3.71 -3.371 -3.513 -3.633 -3.732 -3.9 -3.922 -4.091 -4.282
1.5287 -2.845 -2.795 -2.87 -3.063 -3.206 -3.345 -2.984 -3.086 -3.208 -3.35 -3.49 -3.639 -3.081 -3.253 -3.425 -3.546 -3.656 -3.317 -3.459 -3.579 -3.678 -3.847 -3.868 -4.038 -4.228
1.5655 -2.791 -2.741 -2.816 -3.009 -3.151 -3.29 -2.93 -3.031 -3.154 -3.296 -3.436 -3.585 -3.026 -3.199 -3.371 -3.491 -3.602 -3.263 -3.405 -3.525 -3.624 -3.792 -3.814 -3.983 -4.174
1.6033 -2.736 -2.687 -2.761 -2.954 -3.097 -3.236 -2.875 -2.977 -3.099 -3.241 -3.382 -3.53 -2.972 -3.144 -3.316 -3.437 -3.548 -3.208 -3.351 -3.47 -3.57 -3.738 -3.759 -3.929 -4.119
1.642 -2.682 -2.632 -2.707 -2.9 -3.042 -3.182 -2.821 -2.922 -3.045 -3.187 -3.327 -3.476 -2.917 -3.09 -3.262 -3.382 -3.493 -3.154 -3.296 -3.416 -3.515 -3.683 -3.705 -3.874 -4.065
1.6816 -2.627 -2.578 -2.653 -2.846 -2.988 -3.127 -2.766 -2.868 -2.99 -3.132 -3.273 -3.421 -2.863 -3.035 -3.207 -3.328 -3.439 -3.099 -3.242 -3.362 -3.461 -3.629 -3.651 -3.82 -4.01
1.7222 -2.573 -2.523 -2.598 -2.791 -2.933 -3.073 -2.712 -2.813 -2.936 -3.078 -3.218 -3.367 -2.808 -2.981 -3.153 -3.274 -3.384 -3.045 -3.187 -3.307 -3.406 -3.574 -3.596 -3.765 -3.956
1.7637 -2.518 -2.469 -2.544 -2.737 -2.879 -3.018 -2.657 -2.759 -2.881 -3.023 -3.164 -3.312 -2.754 -2.927 -3.098 -3.219 -3.33 -2.99 -3.133 -3.253 -3.352 -3.52 -3.542 -3.711 -3.901
1.8062 -2.464 -2.414 -2.489 -2.682 -2.825 -2.964 -2.603 -2.705 -2.827 -2.969 -3.109 -3.258 -2.7 -2.872 -3.044 -3.165 -3.275 -2.936 -3.078 -3.198 -3.297 -3.466 -3.487 -3.657 -3.847
1.8498 -2.409 -2.36 -2.435 -2.628 -2.77 -2.909 -2.548 -2.65 -2.773 -2.914 -3.055 -3.203 -2.645 -2.818 -2.99 -3.11 -3.221 -2.881 -3.024 -3.144 -3.243 -3.411 -3.433 -3.602 -3.792
1.8944 -2.355 -2.305 -2.38 -2.573 -2.716 -2.855 -2.494 -2.596 -2.718 -2.86 -3.0 -3.149 -2.591 -2.763 -2.935 -3.056 -3.166 -2.827 -2.97 -3.089 -3.188 -3.357 -3.378 -3.548 -3.738
1.9401 -2.3 -2.251 -2.326 -2.519 -2.661 -2.8 -2.44 -2.541 -2.664 -2.806 -2.946 -3.095 -2.536 -2.709 -2.881 -3.001 -3.112 -2.773 -2.915 -3.035 -3.134 -3.302 -3.324 -3.493 -3.684
1.9869 -2.249 -2.199 -2.274 -2.467 -2.609 -2.749 -2.388 -2.489 -2.612 -2.754 -2.894 -3.043 -2.484 -2.657 -2.829 -2.949 -3.06 -2.721 -2.863 -2.983 -3.082 -3.25 -3.272 -3.441 -3.632
2.0349 -2.197 -2.148 -2.222 -2.415 -2.558 -2.697 -2.336 -2.438 -2.56 -2.702 -2.843 -2.991 -2.433 -2.605 -2.777 -2.898 -3.008 -2.669 -2.812 -2.931 -3.03 -3.199 -3.22 -3.39 -3.58
2.084 -2.145 -2.096 -2.171 -2.364 -2.506 -2.645 -2.284 -2.386 -2.509 -2.65 -2.791 -2.939 -2.381 -2.554 -2.726 -2.846 -2.957 -2.617 -2.76 -2.88 -2.979 -3.147 -3.169 -3.338 -3.529
2.1342 -2.094 -2.044 -2.119 -2.312 -2.455 -2.594 -2.233 -2.335 -2.457 -2.599 -2.739 -2.888 -2.329 -2.502 -2.674 -2.795 -2.905 -2.566 -2.708 -2.828 -2.927 -3.096 -3.117 -3.287 -3.477
2.1857 -2.042 -1.993 -2.068 -2.261 -2.403 -2.542 -2.181 -2.283 -2.405 -2.547 -2.688 -2.836 -2.278 -2.45 -2.622 -2.743 -2.854 -2.514 -2.657 -2.777 -2.876 -3.044 -3.066 -3.235 -3.425
2.2384 -1.991 -1.941 -2.016 -2.209 -2.351 -2.49 -2.13 -2.231 -2.354 -2.496 -2.636 -2.785 -2.226 -2.399 -2.571 -2.691 -2.802 -2.463 -2.605 -2.725 -2.824 -2.992 -3.014 -3.183 -3.374
2.2924 -1.939 -1.889 -1.964 -2.157 -2.3 -2.439 -2.078 -2.18 -2.302 -2.444 -2.584 -2.733 -2.175 -2.347 -2.519 -2.64 -2.75 -2.411 -2.554 -2.673 -2.772 -2.941 -2.962 -3.132 -3.322
2.3477 -1.887 -1.838 -1.913 -2.106 -2.248 -2.387 -2.026 -2.128 -2.25 -2.392 -2.533 -2.681 -2.123 -2.296 -2.467 -2.588 -2.699 -2.359 -2.502 -2.622 -2.721 -2.889 -2.911 -3.08 -3.27
2.4044 -1.836 -1.786 -1.861 -2.054 -2.196 -2.336 -1.975 -2.076 -2.199 -2.341 -2.481 -2.63 -2.071 -2.244 -2.416 -2.537 -2.647 -2.308 -2.45 -2.57 -2.669 -2.837 -2.859 -3.028 -3.219
2.4624 -1.784 -1.735 -1.81 -2.003 -2.145 -2.284 -1.923 -2.025 -2.147 -2.289 -2.43 -2.578 -2.02 -2.192 -2.364 -2.485 -2.596 -2.256 -2.399 -2.519 -2.618 -2.786 -2.808 -2.977 -3.167
2.5218 -1.735 -1.685 -1.76 -1.953 -2.096 -2.235 -1.874 -1.976 -2.098 -2.24 -2.38 -2.529 -1.971 -2.143 -2.315 -2.436 -2.546 -2.207 -2.349 -2.469 -2.568 -2.737 -2.758 -2.928 -3.118
2.5826 -1.685 -1.636 -1.711 -1.904 -2.046 -2.185 -1.825 -1.926 -2.049 -2.19 -2.331 -2.48 -1.921 -2.094 -2.266 -2.386 -2.497 -2.157 -2.3 -2.42 -2.519 -2.687 -2.709 -2.878 -3.069
2.6449 -1.636 -1.587 -1.661 -1.854 -1.997 -2.136 -1.775 -1.877 -1.999 -2.141 -2.282 -2.43 -1.872 -2.044 -2.216 -2.337 -2.448 -2.108 -2.251 -2.37 -2.47 -2.638 -2.659 -2.829 -3.019
2.7087 -1.587 -1.537 -1.612 -1.805 -1.947 -2.087 -1.726 -1.827 -1.95 -2.092 -2.232 -2.381 -1.822 -1.995 -2.167 -2.288 -2.398 -2.059 -2.201 -2.321 -2.42 -2.588 -2.61 -2.779 -2.97
2.7741 -1.537 -1.488 -1.563 -1.756 -1.898 -2.037 -1.676 -1.778 -1.9 -2.042 -2.183 -2.331 -1.773 -1.946 -2.117 -2.238 -2.349 -2.009 -2.152 -2.272 -2.371 -2.539 -2.561 -2.73 -2.92
2.841 -1.488 -1.438 -1.513 -1.706 -1.849 -1.988 -1.627 -1.729 -1.851 -1.993 -2.133 -2.282 -1.724 -1.896 -2.068 -2.189 -2.299 -1.96 -2.103 -2.222 -2.321 -2.49 -2.511 -2.681 -2.871
2.9095 -1.439 -1.389 -1.464 -1.657 -1.799 -1.938 -1.578 -1.679 -1.802 -1.944 -2.084 -2.233 -1.674 -1.847 -2.019 -2.139 -2.25 -1.911 -2.053 -2.173 -2.272 -2.44 -2.462 -2.631 -2.822
2.9797 -1.389 -1.34 -1.415 -1.608 -1.75 -1.889 -1.528 -1.63 -1.752 -1.894 -2.035 -2.183 -1.625 -1.797 -1.969 -2.09 -2.201 -1.861 -2.004 -2.124 -2.223 -2.391 -2.413 -2.582 -2.772
3.0516 -1.34 -1.29 -1.365 -1.558 -1.701 -1.84 -1.479 -1.581 -1.703 -1.845 -1.985 -2.134 -1.576 -1.748 -1.92 -2.041 -2.151 -1.812 -1.954 -2.074 -2.173 -2.342 -2.363 -2.533 -2.723
3.1252 -1.29 -1.241 -1.316 -1.509 -1.651 -1.79 -1.429 -1.531 -1.653 -1.795 -1.936 -2.084 -1.526 -1.699 -1.87 -1.991 -2.102 -1.762 -1.905 -2.025 -2.124 -2.292 -2.314 -2.483 -2.673
3.2006 -1.24 -1.191 -1.266 -1.459 -1.601 -1.74 -1.379 -1.481 -1.603 -1.745 -1.886 -2.034 -1.476 -1.649 -1.82 -1.941 -2.052 -1.712 -1.855 -1.975 -2.074 -2.242 -2.264 -2.433 -2.623
3.2778 -1.19 -1.141 -1.216 -1.409 -1.551 -1.69 -1.329 -1.431 -1.553 -1.695 -1.836 -1.984 -1.426 -1.599 -1.77 -1.891 -2.002 -1.662 -1.805 -1.925 -2.024 -2.192 -2.214 -2.383 -2.573
3.3569 -1.14 -1.091 -1.166 -1.359 -1.501 -1.64 -1.279 -1.381 -1.503 -1.645 -1.786 -1.934 -1.376 -1.549 -1.72 -1.841 -1.952 -1.612 -1.755 -1.875 -1.974 -2.142 -2.164 -2.333 -2.523
3.4378 -1.09 -1.041 -1.116 -1.309 -1.451 -1.59 -1.229 -1.331 -1.453 -1.595 -1.736 -1.884 -1.326 -1.499 -1.67 -1.791 -1.902 -1.562 -1.705 -1.825 -1.924 -2.092 -2.114 -2.283 -2.473
3.5208 -1.04 -0.991 -1.066 -1.259 -1.401 -1.54 -1.179 -1.281 -1.403 -1.545 -1.686 -1.834 -1.276 -1.449 -1.62 -1.741 -1.852 -1.512 -1.655 -1.775 -1.874 -2.042 -2.064 -2.233 -2.423
3.6057 -0.99 -0.941 -1.016 -1.209 -1.351 -1.49 -1.129 -1.231 -1.353 -1.495 -1.636 -1.784 -1.226 -1.399 -1.57 -1.691 -1.802 -1.462 -1.605 -1.725 -1.824 -1.992 -2.014 -2.183 -2.373
3.6927 -0.94 -0.891 -0.966 -1.159 -1.301 -1.44 -1.079 -1.181 -1.303 -1.445 -1.586 -1.734 -1.176 -1.349 -1.52 -1.641 -1.752 -1.412 -1.555 -1.675 -1.774 -1.942 -1.964 -2.133 -2.323
3.7818 -0.89 -0.841 -0.916 -1.109 -1.251 -1.39 -1.029 -1.131 -1.253 -1.395 -1.536 -1.684 -1.126 -1.299 -1.47 -1.591 -1.702 -1.362 -1.505 -1.625 -1.724 -1.892 -1.914 -2.083 -2.273
3.873 -0.84 -0.791 -0.866 -1.059 -1.201 -1.34 -0.979 -1.081 -1.203 -1.345 -1.486 -1.634 -1.076 -1.249 -1.42 -1.541 -1.652 -1.312 -1.455 -1.575 -1.674 -1.842 -1.864 -2.033 -2.223
3.9664 -0.791 -0.742 -0.817 -1.01 -1.152 -1.291 -0.93 -1.032 -1.155 -1.296 -1.437 -1.585 -1.027 -1.2 -1.371 -1.492 -1.603 -1.263 -1.406 -1.526 -1.625 -1.793 -1.815 -1.984 -2.174
4.0621 -0.745 -0.695 -0.77 -0.963 -1.105 -1.244 -0.884 -0.985 -1.108 -1.25 -1.39 -1.539 -0.98 -1.153 -1.325 -1.445 -1.556 -1.217 -1.359 -1.479 -1.578 -1.746 -1.768 -1.937 -2.128
4.1601 -0.698 -0.648 -0.723 -0.916 -1.059 -1.198 -0.837 -0.939 -1.061 -1.203 -1.343 -1.492 -0.934 -1.106 -1.278 -1.399 -1.509 -1.17 -1.312 -1.432 -1.531 -1.7 -1.721 -1.891 -2.081
4.2604 -0.651 -0.602 -0.676 -0.869 -1.012 -1.151 -0.79 -0.892 -1.014 -1.156 -1.297 -1.445 -0.887 -1.059 -1.231 -1.352 -1.463 -1.123 -1.266 -1.385 -1.485 -1.653 -1.674 -1.844 -2.034
4.3632 -0.604 -0.555 -0.63 -0.823 -0.965 -1.104 -0.743 -0.845 -0.967 -1.109 -1.25 -1.398 -0.84 -1.013 -1.184 -1.305 -1.416 -1.076 -1.219 -1.339 -1.438 -1.606 -1.628 -1.797 -1.987
4.4685 -0.558 -0.508 -0.583 -0.776 -0.918 -1.057 -0.697 -0.798 -0.921 -1.063 -1.203 -1.352 -0.793 -0.966 -1.138 -1.258 -1.369 -1.03 -1.172 -1.292 -1.391 -1.559 -1.581 -1.75 -1.941
4.5763 -0.511 -0.461 -0.536 -0.729 -0.872 -1.011 -0.65 -0.751 -0.874 -1.016 -1.156 -1.305 -0.746 -0.919 -1.091 -1.212 -1.322 -0.983 -1.125 -1.245 -1.344 -1.512 -1.534 -1.704 -1.894
4.6867 -0.464 -0.415 -0.489 -0.682 -0.825 -0.964 -0.603 -0.705 -0.827 -0.969 -1.11 -1.258 -0.7 -0.872 -1.044 -1.165 -1.275 -0.936 -1.079 -1.198 -1.297 -1.466 -1.487 -1.657 -1.847
4.7997 -0.417 -0.368 -0.443 -0.636 -0.778 -0.917 -0.556 -0.658 -0.78 -0.922 -1.063 -1.211 -0.653 -0.826 -0.997 -1.118 -1.229 -0.889 -1.032 -1.152 -1.251 -1.419 -1.441 -1.61 -1.8
4.9155 -0.37 -0.321 -0.396 -0.589 -0.731 -0.87 -0.51 -0.611 -0.734 -0.875 -1.016 -1.165 -0.606 -0.779 -0.951 -1.071 -1.182 -0.843 -0.985 -1.105 -1.204 -1.372 -1.394 -1.563 -1.754
5.0341 -0.324 -0.275 -0.349 -0.542 -0.685 -0.824 -0.463 -0.565 -0.687 -0.829 -0.97 -1.118 -0.56 -0.732 -0.904 -1.025 -1.136 -0.796 -0.939 -1.059 -1.158 -1.326 -1.348 -1.517 -1.707
5.1555 -0.278 -0.229 -0.304 -0.496 -0.639 -0.778 -0.417 -0.519 -0.641 -0.783 -0.924 -1.072 -0.514 -0.686 -0.858 -0.979 -1.09 -0.75 -0.893 -1.013 -1.112 -1.28 -1.302 -1.471 -1.661
