web/models/grb/onaxis/18/grb_0.0000_0.0518_0.0006310.dat
# %ECSV 1.0
# ---
# datatype:
# - {name: time, datatype: float64}
# - {name: swift_uvot_uvw2, datatype: float64}
# - {name: swift_uvot_uvm2, datatype: float64}
# - {name: swift_uvot_uvw1, datatype: float64}
# - {name: swift_uvot_U, datatype: float64}
# - {name: swift_uvot_B, datatype: float64}
# - {name: swift_uvot_V, datatype: float64}
# - {name: swift_uvot_W, datatype: float64}
# - {name: johnson_U, datatype: float64}
# - {name: johnson_B, datatype: float64}
# - {name: johnson_V, datatype: float64}
# - {name: johnson_R, datatype: float64}
# - {name: johnson_I, datatype: float64}
# - {name: sdss_u, datatype: float64}
# - {name: sdss_g, datatype: float64}
# - {name: sdss_r, datatype: float64}
# - {name: sdss_i, datatype: float64}
# - {name: sdss_z, datatype: float64}
# - {name: PS1_g, datatype: float64}
# - {name: PS1_r, datatype: float64}
# - {name: PS1_i, datatype: float64}
# - {name: PS1_z, datatype: float64}
# - {name: PS1_Y, datatype: float64}
# - {name: ukirt_J, datatype: float64}
# - {name: ukirt_H, datatype: float64}
# - {name: ukirt_K, datatype: float64}
# meta: !!omap
# - comment: [E = 2.247710667230903e-05, Eta0 = 8.02, GammaB = 12.0, dL = 0.012188, epsb = 6.760829753919819e-06, epse = 0.1, n = 0.000630957344480193,
#     p = 2.15, theta_obs = 0.0, xiN = 1.0, z = 0.0, type = grb, E_kiso = 0.05179474679231213]
# schema: astropy-2.0
time swift_uvot_uvw2 swift_uvot_uvm2 swift_uvot_uvw1 swift_uvot_U swift_uvot_B swift_uvot_V swift_uvot_W johnson_U johnson_B johnson_V johnson_R johnson_I sdss_u sdss_g sdss_r sdss_i sdss_z PS1_g PS1_r PS1_i PS1_z PS1_Y ukirt_J ukirt_H ukirt_K
[from data line 305]
14.3686 11.324 11.374 11.299 11.106 10.964 10.824 11.185 11.084 10.961 10.819 10.679 10.53 11.089 10.916 10.744 10.624 10.513 10.852 10.71 10.59 10.491 10.323 10.301 10.132 9.941
14.7153 11.365 11.415 11.34 11.147 11.005 10.865 11.226 11.125 11.002 10.86 10.72 10.571 11.13 10.957 10.785 10.665 10.554 10.893 10.751 10.631 10.532 10.364 10.342 10.173 9.982
15.0702 11.406 11.456 11.381 11.188 11.046 10.906 11.267 11.166 11.043 10.901 10.761 10.612 11.171 10.998 10.826 10.706 10.595 10.934 10.792 10.672 10.573 10.405 10.383 10.214 10.023
15.4338 11.447 11.497 11.422 11.229 11.087 10.947 11.308 11.207 11.084 10.942 10.802 10.653 11.212 11.039 10.867 10.747 10.636 10.975 10.833 10.713 10.614 10.446 10.424 10.255 10.064
15.8061 11.486 11.536 11.461 11.268 11.126 10.986 11.347 11.246 11.123 10.981 10.841 10.692 11.251 11.078 10.906 10.786 10.675 11.014 10.872 10.752 10.653 10.485 10.463 10.294 10.103
16.1874 11.525 11.574 11.499 11.306 11.164 11.025 11.386 11.284 11.162 11.02 10.879 10.731 11.289 11.117 10.945 10.824 10.713 11.053 10.91 10.79 10.691 10.523 10.501 10.332 10.142
16.5779 11.563 11.613 11.538 11.345 11.202 11.063 11.424 11.323 11.2 11.058 10.918 10.769 11.328 11.155 10.983 10.862 10.752 11.091 10.949 10.829 10.73 10.562 10.54 10.37 10.18
16.9778 11.602 11.651 11.576 11.383 11.241 11.102 11.463 11.361 11.239 11.097 10.956 10.808 11.366 11.193 11.022 10.901 10.79 11.13 10.987 10.867 10.768 10.6 10.578 10.409 10.219
17.3873 11.64 11.69 11.615 11.422 11.279 11.14 11.501 11.399 11.277 11.135 10.995 10.846 11.404 11.232 11.06 10.939 10.829 11.168 11.026 10.906 10.807 10.638 10.617 10.447 10.257
17.8068 11.679 11.728 11.653 11.46 11.318 11.179 11.539 11.438 11.315 11.174 11.033 10.884 11.443 11.27 11.098 10.978 10.867 11.207 11.064 10.944 10.845 10.677 10.655 10.486 10.295
18.2363 11.717 11.766 11.692 11.499 11.356 11.217 11.578 11.476 11.354 11.212 11.071 10.923 11.481 11.309 11.137 11.016 10.906 11.245 11.102 10.983 10.884 10.715 10.694 10.524 10.334
18.6762 11.755 11.805 11.73 11.537 11.395 11.256 11.616 11.515 11.392 11.25 11.11 10.961 11.52 11.347 11.175 11.055 10.944 11.283 11.141 11.021 10.922 10.754 10.732 10.563 10.372
19.1268 11.794 11.843 11.768 11.576 11.433 11.294 11.655 11.553 11.431 11.289 11.148 11.0 11.558 11.386 11.214 11.093 10.982 11.322 11.179 11.059 10.96 10.792 10.77 10.601 10.411
19.5882 11.832 11.882 11.807 11.614 11.472 11.332 11.693 11.592 11.469 11.327 11.187 11.038 11.597 11.424 11.252 11.131 11.021 11.36 11.218 11.098 10.999 10.831 10.809 10.64 10.449
20.0607 11.874 11.923 11.849 11.656 11.513 11.374 11.735 11.633 11.511 11.369 11.229 11.08 11.638 11.466 11.294 11.173 11.063 11.402 11.259 11.14 11.041 10.872 10.851 10.681 10.491
20.5446 11.916 11.965 11.891 11.698 11.555 11.416 11.777 11.675 11.553 11.411 11.27 11.122 11.68 11.508 11.336 11.215 11.105 11.444 11.301 11.182 11.083 10.914 10.893 10.723 10.533
21.0402 11.958 12.007 11.933 11.74 11.597 11.458 11.819 11.717 11.595 11.453 11.312 11.164 11.722 11.55 11.378 11.257 11.146 11.486 11.343 11.224 11.125 10.956 10.935 10.765 10.575
21.5478 12.0 12.049 11.975 11.782 11.639 11.5 11.861 11.759 11.637 11.495 11.354 11.206 11.764 11.592 11.42 11.299 11.188 11.528 11.385 11.266 11.166 10.998 10.977 10.807 10.617
22.0676 12.042 12.091 12.017 11.824 11.681 11.542 11.903 11.801 11.679 11.537 11.396 11.248 11.806 11.634 11.462 11.341 11.23 11.57 11.427 11.307 11.208 11.04 11.018 10.849 10.659
22.5999 12.084 12.133 12.059 11.866 11.723 11.584 11.945 11.843 11.721 11.579 11.438 11.29 11.848 11.676 11.504 11.383 11.272 11.612 11.469 11.349 11.25 11.082 11.06 10.891 10.701
23.1451 12.126 12.175 12.1 11.908 11.765 11.626 11.987 11.885 11.763 11.621 11.48 11.332 11.89 11.718 11.546 11.425 11.314 11.654 11.511 11.391 11.292 11.124 11.102 10.933 10.743
23.7034 12.168 12.217 12.142 11.949 11.807 11.668 12.029 11.927 11.805 11.663 11.522 11.374 11.932 11.76 11.588 11.467 11.356 11.696 11.553 11.433 11.334 11.166 11.144 10.975 10.785
24.2752 12.21 12.259 12.184 11.991 11.849 11.71 12.071 11.969 11.847 11.705 11.564 11.416 11.974 11.802 11.63 11.509 11.398 11.738 11.595 11.475 11.376 11.208 11.186 11.017 10.827
24.8608 12.251 12.301 12.226 12.033 11.891 11.752 12.112 12.011 11.888 11.746 11.606 11.457 12.016 11.843 11.671 11.551 11.44 11.779 11.637 11.517 11.418 11.25 11.228 11.059 10.868
25.4606 12.289 12.338 12.263 12.07 11.928 11.789 12.149 12.048 11.925 11.784 11.643 11.494 12.053 11.88 11.708 11.588 11.477 11.816 11.674 11.554 11.455 11.287 11.265 11.096 10.905
26.0748 12.326 12.375 12.3 12.107 11.965 11.826 12.187 12.085 11.962 11.821 11.68 11.532 12.09 11.917 11.745 11.625 11.514 11.854 11.711 11.591 11.492 11.324 11.302 11.133 10.943
26.7038 12.363 12.412 12.337 12.144 12.002 11.863 12.224 12.122 12.0 11.858 11.717 11.569 12.127 11.954 11.783 11.662 11.551 11.891 11.748 11.628 11.529 11.361 11.339 11.17 10.98
27.3479 12.4 12.449 12.374 12.181 12.039 11.9 12.261 12.159 12.037 11.895 11.754 11.606 12.164 11.992 11.82 11.699 11.588 11.928 11.785 11.665 11.566 11.398 11.376 11.207 11.017
28.0077 12.437 12.486 12.411 12.219 12.076 11.937 12.298 12.196 12.074 11.932 11.791 11.643 12.201 12.029 11.857 11.736 11.625 11.965 11.822 11.702 11.603 11.435 11.413 11.244 11.054
28.6833 12.474 12.523 12.449 12.256 12.113 11.974 12.335 12.233 12.111 11.969 11.828 11.68 12.238 12.066 11.894 11.773 11.662 12.002 11.859 11.74 11.64 11.472 11.451 11.281 11.091
29.3752 12.511 12.56 12.486 12.293 12.15 12.011 12.372 12.27 12.148 12.006 11.866 11.717 12.275 12.103 11.931 11.81 11.7 12.039 11.896 11.777 11.678 11.509 11.488 11.318 11.128
30.0838 12.548 12.598 12.523 12.33 12.187 12.048 12.409 12.307 12.185 12.043 11.903 11.754 12.312 12.14 11.968 11.847 11.737 12.076 11.934 11.814 11.715 11.546 11.525 11.355 11.165
30.8096 12.585 12.635 12.56 12.367 12.224 12.085 12.446 12.344 12.222 12.08 11.94 11.791 12.35 12.177 12.005 11.884 11.774 12.113 11.971 11.851 11.752 11.583 11.562 11.392 11.202
31.5528 12.622 12.671 12.597 12.404 12.261 12.122 12.483 12.381 12.259 12.117 11.977 11.828 12.386 12.214 12.042 11.921 11.811 12.15 12.007 11.888 11.789 11.62 11.599 11.429 11.239
32.3139 12.658 12.707 12.633 12.44 12.297 12.158 12.519 12.417 12.295 12.153 12.012 11.864 12.422 12.25 12.078 11.957 11.846 12.186 12.043 11.924 11.825 11.656 11.635 11.465 11.275
33.0935 12.694 12.743 12.668 12.476 12.333 12.194 12.555 12.453 12.331 12.189 12.048 11.9 12.458 12.286 12.114 11.993 11.882 12.222 12.079 11.959 11.86 11.692 11.67 11.501 11.311
33.8918 12.73 12.779 12.704 12.511 12.369 12.23 12.591 12.489 12.367 12.225 12.084 11.936 12.494 12.322 12.15 12.029 11.918 12.258 12.115 11.995 11.896 11.728 11.706 11.537 11.347
34.7093 12.766 12.815 12.74 12.547 12.405 12.266 12.627 12.525 12.403 12.261 12.12 11.972 12.53 12.357 12.186 12.065 11.954 12.294 12.151 12.031 11.932 11.764 11.742 11.573 11.383
35.5466 12.802 12.851 12.776 12.583 12.441 12.302 12.663 12.561 12.438 12.297 12.156 12.008 12.566 12.393 12.222 12.101 11.99 12.33 12.187 12.067 11.968 11.8 11.778 11.609 11.419
36.4041 12.838 12.887 12.812 12.619 12.477 12.338 12.699 12.597 12.474 12.333 12.192 12.043 12.602 12.429 12.257 12.137 12.026 12.366 12.223 12.103 12.004 11.836 11.814 11.645 11.454
37.2823 12.874 12.923 12.848 12.655 12.513 12.374 12.734 12.633 12.51 12.368 12.228 12.079 12.638 12.465 12.293 12.173 12.062 12.401 12.259 12.139 12.04 11.872 11.85 11.681 11.49
38.1817 12.909 12.959 12.884 12.691 12.549 12.41 12.77 12.669 12.546 12.404 12.264 12.115 12.674 12.501 12.329 12.209 12.098 12.437 12.295 12.175 12.076 11.908 11.886 11.717 11.526
39.1028 12.945 12.995 12.92 12.727 12.585 12.445 12.806 12.705 12.582 12.44 12.3 12.151 12.71 12.537 12.365 12.245 12.134 12.473 12.331 12.211 12.112 11.944 11.922 11.753 11.562
40.046 12.982 13.031 12.956 12.763 12.621 12.482 12.842 12.741 12.618 12.476 12.336 12.187 12.746 12.573 12.401 12.281 12.17 12.509 12.367 12.247 12.148 11.98 11.958 11.789 11.598
41.0121 13.018 13.068 12.993 12.8 12.657 12.518 12.879 12.777 12.655 12.513 12.373 12.224 12.782 12.61 12.438 12.317 12.207 12.546 12.403 12.284 12.185 12.016 11.995 11.825 11.635
42.0014 13.055 13.104 13.029 12.836 12.694 12.555 12.916 12.814 12.692 12.55 12.409 12.261 12.819 12.646 12.475 12.354 12.243 12.583 12.44 12.32 12.221 12.053 12.031 11.862 11.672
43.0146 13.091 13.141 13.066 12.873 12.73 12.591 12.952 12.851 12.728 12.586 12.446 12.297 12.856 12.683 12.511 12.39 12.28 12.619 12.477 12.357 12.258 12.09 12.068 11.899 11.708
44.0523 13.128 13.177 13.102 12.909 12.767 12.628 12.989 12.887 12.765 12.623 12.482 12.334 12.892 12.72 12.548 12.427 12.316 12.656 12.513 12.393 12.294 12.126 12.104 11.935 11.745
45.1149 13.164 13.214 13.139 12.946 12.804 12.665 13.025 12.924 12.801 12.659 12.519 12.37 12.929 12.756 12.584 12.464 12.353 12.692 12.55 12.43 12.331 12.163 12.141 11.972 11.781
46.2033 13.201 13.25 13.176 12.983 12.84 12.701 13.062 12.96 12.838 12.696 12.555 12.407 12.965 12.793 12.621 12.5 12.39 12.729 12.586 12.467 12.368 12.199 12.178 12.008 11.818
47.3178 13.238 13.287 13.212 13.019 12.877 12.738 13.099 12.997 12.874 12.733 12.592 12.444 13.002 12.829 12.657 12.537 12.426 12.766 12.623 12.503 12.404 12.236 12.214 12.045 11.854
48.4593 13.274 13.324 13.249 13.056 12.913 12.774 13.135 13.033 12.911 12.769 12.629 12.48 13.038 12.866 12.694 12.573 12.463 12.802 12.66 12.54 12.441 12.272 12.251 12.081 11.891
49.6283 13.311 13.36 13.285 13.092 12.95 12.811 13.172 13.07 12.948 12.806 12.665 12.517 13.075 12.902 12.731 12.61 12.499 12.839 12.696 12.576 12.477 12.309 12.287 12.118 11.928
50.8255 13.346 13.396 13.321 13.128 12.985 12.846 13.207 13.105 12.983 12.841 12.701 12.552 13.11 12.938 12.766 12.645 12.535 12.874 12.731 12.612 12.513 12.344 12.323 12.153 11.963
52.0515 13.38 13.43 13.355 13.162 13.019 12.88 13.241 13.139 13.017 12.875 12.735 12.586 13.144 12.972 12.8 12.679 12.569 12.908 12.765 12.646 12.547 12.378 12.357 12.187 11.997
53.3072 13.414 13.464 13.389 13.196 13.053 12.914 13.275 13.173 13.051 12.909 12.769 12.62 13.178 13.006 12.834 12.713 12.603 12.942 12.799 12.68 12.581 12.412 12.391 12.221 12.031
54.5931 13.448 13.498 13.423 13.23 13.087 12.948 13.309 13.207 13.085 12.943 12.803 12.654 13.212 13.04 12.868 12.747 12.637 12.976 12.834 12.714 12.615 12.446 12.425 12.255 12.065
55.9101 13.482 13.532 13.457 13.264 13.121 12.982 13.343 13.241 13.119 12.977 12.837 12.688 13.246 13.074 12.902 12.781 12.671 13.01 12.868 12.748 12.649 12.48 12.459 12.289 12.099
57.2588 13.516 13.566 13.491 13.298 13.155 13.016 13.377 13.275 13.153 13.011 12.871 12.722 13.28 13.108 12.936 12.815 12.705 13.044 12.902 12.782 12.683 12.514 12.493 12.323 12.133
58.6401 13.55 13.6 13.525 13.332 13.189 13.05 13.411 13.309 13.187 13.045 12.905 12.756 13.314 13.142 12.97 12.849 12.739 13.078 12.936 12.816 12.717 12.548 12.527 12.357 12.167
60.0546 13.584 13.634 13.559 13.366 13.223 13.084 13.445 13.343 13.221 13.079 12.939 12.79 13.348 13.176 13.004 12.883 12.773 13.112 12.97 12.85 12.751 12.582 12.561 12.391 12.201
61.5034 13.618 13.668 13.593 13.4 13.257 13.118 13.479 13.377 13.255 13.113 12.973 12.824 13.383 13.21 13.038 12.917 12.807 13.146 13.004 12.884 12.785 12.616 12.595 12.425 12.235
62.987 13.652 13.702 13.627 13.434 13.291 13.152 13.513 13.411 13.289 13.147 13.007 12.858 13.417 13.244 13.072 12.951 12.841 13.18 13.038 12.918 12.819 12.651 12.629 12.459 12.269
64.5065 13.684 13.734 13.659 13.466 13.323 13.184 13.545 13.444 13.321 13.179 13.039 12.89 13.449 13.276 13.104 12.983 12.873 13.212 13.07 12.95 12.851 12.683 12.661 12.491 12.301
66.0626 13.715 13.765 13.69 13.497 13.354 13.215 13.576 13.474 13.352 13.21 13.07 12.921 13.479 13.307 13.135 13.014 12.904 13.243 13.101 12.981 12.882 12.713 12.692 12.522 12.332
67.6562 13.746 13.796 13.721 13.528 13.385 13.246 13.607 13.505 13.383 13.241 13.101 12.952 13.51 13.338 13.166 13.045 12.935 13.274 13.131 13.012 12.913 12.744 12.723 12.553 12.363
69.2883 13.777 13.826 13.752 13.559 13.416 13.277 13.638 13.536 13.414 13.272 13.131 12.983 13.541 13.369 13.197 13.076 12.966 13.305 13.162 13.043 12.944 12.775 12.754 12.584 12.394
70.9597 13.808 13.857 13.783 13.59 13.447 13.308 13.669 13.567 13.445 13.303 13.162 13.014 13.572 13.4 13.228 13.107 12.996 13.336 13.193 13.073 12.974 12.806 12.784 12.615 12.425
72.6715 13.839 13.888 13.813 13.62 13.478 13.339 13.7 13.598 13.476 13.334 13.193 13.045 13.603 13.431 13.259 13.138 13.027 13.367 13.224 13.104 13.005 12.837 12.815 12.646 12.456
74.4246 13.87 13.919 13.844 13.651 13.509 13.37 13.731 13.629 13.507 13.365 13.224 13.076 13.634 13.461 13.29 13.169 13.058 13.398 13.255 13.135 13.036 12.868 12.846 12.677 12.487
76.2199 13.901 13.95 13.875 13.682 13.54 13.401 13.762 13.66 13.537 13.396 13.255 13.107 13.665 13.492 13.321 13.2 13.089 13.429 13.286 13.166 13.067 12.899 12.877 12.708 12.518
78.0586 13.932 13.981 13.906 13.713 13.571 13.432 13.792 13.691 13.568 13.427 13.286 13.137 13.696 13.523 13.351 13.231 13.12 13.46 13.317 13.197 13.098 12.93 12.908 12.739 12.548
79.9416 13.962 14.012 13.937 13.744 13.602 13.463 13.823 13.722 13.599 13.457 13.317 13.168 13.727 13.554 13.382 13.262 13.151 13.49 13.348 13.228 13.129 12.961 12.939 12.77 12.579
81.87 13.994 14.043 13.968 13.775 13.633 13.494 13.854 13.753 13.63 13.488 13.348 13.199 13.758 13.585 13.413 13.293 13.182 13.521 13.379 13.259 13.16 12.992 12.97 12.801 12.61
83.845 14.025 14.074 13.999 13.806 13.664 13.525 13.886 13.784 13.661 13.52 13.379 13.231 13.789 13.616 13.444 13.324 13.213 13.553 13.41 13.29 13.191 13.023 13.001 12.832 12.642
85.8676 14.056 14.105 14.03 13.837 13.695 13.556 13.917 13.815 13.693 13.551 13.41 13.262 13.82 13.647 13.476 13.355 13.244 13.584 13.441 13.321 13.222 13.054 13.032 12.863 12.673
87.939 14.087 14.136 14.061 13.868 13.726 13.587 13.948 13.846 13.724 13.582 13.441 13.293 13.851 13.679 13.507 13.386 13.275 13.615 13.472 13.352 13.253 13.085 13.063 12.894 12.704
90.0604 14.118 14.167 14.092 13.9 13.757 13.618 13.979 13.877 13.755 13.613 13.472 13.324 13.882 13.71 13.538 13.417 13.306 13.646 13.503 13.383 13.284 13.116 13.094 12.925 12.735
92.2329 14.149 14.198 14.124 13.931 13.788 13.649 14.01 13.908 13.786 13.644 13.503 13.355 13.913 13.741 13.569 13.448 13.337 13.677 13.534 13.415 13.316 13.147 13.126 12.956 12.766
94.4579 14.18 14.23 14.155 13.962 13.819 13.68 14.041 13.939 13.817 13.675 13.535 13.386 13.944 13.772 13.6 13.479 13.369 13.708 13.565 13.446 13.347 13.178 13.157 12.987 12.797
96.7365 14.211 14.261 14.186 13.993 13.85 13.711 14.072 13.97 13.848 13.706 13.566 13.417 13.975 13.803 13.631 13.51 13.4 13.739 13.597 13.477 13.378 13.209 13.188 13.018 12.828
99.0701 14.242 14.292 14.217 14.024 13.881 13.742 14.103 14.002 13.879 13.737 13.597 13.448 14.007 13.834 13.662 13.541 13.431 13.77 13.628 13.508 13.409 13.241 13.219 13.049 12.859
101.4599 14.273 14.323 14.248 14.055 13.913 13.773 14.134 14.033 13.91 13.768 13.628 13.479 14.038 13.865 13.693 13.572 13.462 13.801 13.659 13.539 13.44 13.272 13.25 13.081 12.89
103.9075 14.317 14.367 14.292 14.099 13.957 13.818 14.178 14.077 13.954 13.812 13.672 13.523 14.082 13.909 13.737 13.617 13.506 13.845 13.703 13.583 13.484 13.316 13.294 13.125 12.934
106.4141 14.363 14.412 14.337 14.144 14.002 13.863 14.224 14.122 13.999 13.858 13.717 13.569 14.127 13.954 13.782 13.662 13.551 13.891 13.748 13.628 13.529 13.361 13.339 13.17 12.979
108.9811 14.408 14.457 14.382 14.189 14.047 13.908 14.269 14.167 14.045 13.903 13.762 13.614 14.172 13.999 13.828 13.707 13.596 13.936 13.793 13.673 13.574 13.406 13.384 13.215 13.025
111.6101 14.453 14.502 14.428 14.235 14.092 13.953 14.314 14.212 14.09 13.948 13.807 13.659 14.217 14.045 13.873 13.752 13.641 13.981 13.838 13.718 13.619 13.451 13.429 13.26 13.07
