web/models/grb/onaxis/18/grb_0.0000_0.3728_0.6309573.dat
# %ECSV 1.0
# ---
# datatype:
# - {name: time, datatype: float64}
# - {name: swift_uvot_uvw2, datatype: float64}
# - {name: swift_uvot_uvm2, datatype: float64}
# - {name: swift_uvot_uvw1, datatype: float64}
# - {name: swift_uvot_U, datatype: float64}
# - {name: swift_uvot_B, datatype: float64}
# - {name: swift_uvot_V, datatype: float64}
# - {name: swift_uvot_W, datatype: float64}
# - {name: johnson_U, datatype: float64}
# - {name: johnson_B, datatype: float64}
# - {name: johnson_V, datatype: float64}
# - {name: johnson_R, datatype: float64}
# - {name: johnson_I, datatype: float64}
# - {name: sdss_u, datatype: float64}
# - {name: sdss_g, datatype: float64}
# - {name: sdss_r, datatype: float64}
# - {name: sdss_i, datatype: float64}
# - {name: sdss_z, datatype: float64}
# - {name: PS1_g, datatype: float64}
# - {name: PS1_r, datatype: float64}
# - {name: PS1_i, datatype: float64}
# - {name: PS1_z, datatype: float64}
# - {name: PS1_Y, datatype: float64}
# - {name: ukirt_J, datatype: float64}
# - {name: ukirt_H, datatype: float64}
# - {name: ukirt_K, datatype: float64}
# meta: !!omap
# - comment: [E = 0.000161764516425794, Eta0 = 8.02, GammaB = 12.0, dL = 0.012188, epsb = 6.760829753919819e-06, epse = 0.1, n = 0.630957344480193,
#     p = 2.15, theta_obs = 0.0, xiN = 1.0, z = 0.0, type = grb, E_kiso = 0.372759372031494]
# schema: astropy-2.0
time swift_uvot_uvw2 swift_uvot_uvm2 swift_uvot_uvw1 swift_uvot_U swift_uvot_B swift_uvot_V swift_uvot_W johnson_U johnson_B johnson_V johnson_R johnson_I sdss_u sdss_g sdss_r sdss_i sdss_z PS1_g PS1_r PS1_i PS1_z PS1_Y ukirt_J ukirt_H ukirt_K
[from data line 471]
751.4117 48.11 48.16 48.085 47.892 47.75 47.61 47.971 47.87 47.747 47.605 47.465 47.316 47.875 47.702 47.53 47.41 47.299 47.638 47.496 47.376 47.277 47.109 47.087 46.918 46.727
769.5381 48.445 48.495 48.42 48.227 48.084 47.945 48.306 48.204 48.082 47.94 47.8 47.651 48.209 48.037 47.865 47.744 47.634 47.973 47.831 47.711 47.612 47.443 47.422 47.252 47.062
788.1018 48.78 48.829 48.755 48.562 48.419 48.28 48.641 48.539 48.417 48.275 48.134 47.986 48.544 48.372 48.2 48.079 47.969 48.308 48.165 48.046 47.947 47.778 47.757 47.587 47.397
807.1133 49.115 49.164 49.089 48.896 48.754 48.615 48.976 48.874 48.752 48.61 48.469 48.321 48.879 48.707 48.535 48.414 48.303 48.643 48.5 48.38 48.281 48.113 48.091 47.922 47.732
826.5834 49.45 49.499 49.424 49.231 49.089 48.95 49.311 49.209 49.086 48.945 48.804 48.656 49.214 49.041 48.87 48.749 48.638 48.978 48.835 48.715 48.616 48.448 48.426 48.257 48.067
846.5232 49.784 49.834 49.759 49.566 49.424 49.285 49.645 49.544 49.421 49.279 49.139 48.99 49.549 49.376 49.204 49.084 48.973 49.312 49.17 49.05 48.951 48.783 48.761 48.592 48.401
866.944 50.119 50.169 50.094 49.901 49.759 49.619 49.98 49.879 49.756 49.614 49.474 49.325 49.884 49.711 49.539 49.418 49.308 49.647 49.505 49.385 49.286 49.118 49.096 48.927 48.736
887.8575 50.454 50.504 50.429 50.236 50.093 49.954 50.315 50.213 50.091 49.949 49.809 49.66 50.218 50.046 49.874 49.753 49.643 49.982 49.84 49.72 49.621 49.452 49.431 49.261 49.071
909.2754 50.789 50.838 50.764 50.571 50.428 50.289 50.65 50.548 50.426 50.284 50.143 49.995 50.553 50.381 50.209 50.088 49.977 50.317 50.174 50.055 49.955 49.787 49.766 49.596 49.406
931.21 51.124 51.173 51.098 50.905 50.763 50.624 50.985 50.883 50.761 50.619 50.478 50.33 50.888 50.715 50.544 50.423 50.312 50.652 50.509 50.389 50.29 50.122 50.1 49.931 49.741
953.6737 51.459 51.508 51.433 51.24 51.098 50.959 51.32 51.218 51.095 50.954 50.813 50.665 51.223 51.05 50.878 50.758 50.647 50.987 50.844 50.724 50.625 50.457 50.435 50.266 50.076
976.6793 51.793 51.843 51.768 51.575 51.433 51.294 51.654 51.553 51.43 51.288 51.148 50.999 51.558 51.385 51.213 51.093 50.982 51.321 51.179 51.059 50.96 50.792 50.77 50.601 50.41
1000.2399 52.128 52.178 52.103 51.91 51.768 51.628 51.989 51.888 51.765 51.623 51.483 51.334 51.893 51.72 51.548 51.427 51.317 51.656 51.514 51.394 51.295 51.127 51.105 50.936 50.745
1024.3688 52.463 52.513 52.438 52.245 52.102 51.963 52.324 52.222 52.1 51.958 51.818 51.669 52.227 52.055 51.883 51.762 51.652 51.991 51.848 51.729 51.63 51.461 51.44 51.27 51.08
1049.0798 52.798 52.847 52.773 52.58 52.437 52.298 52.659 52.557 52.435 52.293 52.152 52.004 52.562 52.39 52.218 52.097 51.986 52.326 52.183 52.063 51.964 51.796 51.774 51.605 51.415
1074.3869 53.133 53.182 53.107 52.914 52.772 52.633 52.994 52.892 52.77 52.628 52.487 52.339 52.897 52.724 52.553 52.432 52.321 52.661 52.518 52.398 52.299 52.131 52.109 51.94 51.75
1100.3045 53.468 53.517 53.442 53.249 53.107 52.968 53.328 53.227 53.104 52.963 52.822 52.673 53.232 53.059 52.887 52.767 52.656 52.996 52.853 52.733 52.634 52.466 52.444 52.275 52.084
1126.8473 53.802 53.852 53.777 53.584 53.442 53.303 53.663 53.562 53.439 53.297 53.157 53.008 53.567 53.394 53.222 53.102 52.991 53.33 53.188 53.068 52.969 52.801 52.779 52.61 52.419
1154.0304 54.137 54.187 54.112 53.919 53.776 53.637 53.998 53.896 53.774 53.632 53.492 53.343 53.902 53.729 53.557 53.436 53.326 53.665 53.523 53.403 53.304 53.135 53.114 52.944 52.754
1181.8693 54.472 54.522 54.447 54.254 54.111 53.972 54.333 54.231 54.109 53.967 53.827 53.678 54.236 54.064 53.892 53.771 53.661 54.0 53.857 53.738 53.639 53.47 53.449 53.279 53.089
1210.3797 54.807 54.856 54.781 54.589 54.446 54.307 54.668 54.566 54.444 54.302 54.161 54.013 54.571 54.399 54.227 54.106 53.995 54.335 54.192 54.072 53.973 53.805 53.783 53.614 53.424
1239.5778 55.142 55.191 55.116 54.923 54.781 54.642 55.003 54.901 54.779 54.637 54.496 54.348 54.906 54.733 54.562 54.441 54.33 54.67 54.527 54.407 54.308 54.14 54.118 53.949 53.759
1269.4803 55.477 55.526 55.451 55.258 55.116 54.977 55.337 55.236 55.113 54.971 54.831 54.682 55.241 55.068 54.896 54.776 54.665 55.004 54.862 54.742 54.643 54.475 54.453 54.284 54.093
1300.1042 55.811 55.861 55.786 55.593 55.451 55.311 55.672 55.571 55.448 55.306 55.166 55.017 55.576 55.403 55.231 55.111 55.0 55.339 55.197 55.077 54.978 54.81 54.788 54.619 54.428
1331.4668 56.146 56.196 56.121 55.928 55.785 55.646 56.007 55.905 55.783 55.641 55.501 55.352 55.91 55.738 55.566 55.445 55.335 55.674 55.532 55.412 55.313 55.144 55.123 54.953 54.763
1363.586 56.481 56.53 56.456 56.263 56.12 55.981 56.342 56.24 56.118 55.976 55.835 55.687 56.245 56.073 55.901 55.78 55.67 56.009 55.866 55.747 55.648 55.479 55.458 55.288 55.098
1396.48 56.816 56.865 56.79 56.597 56.455 56.316 56.677 56.575 56.453 56.311 56.17 56.022 56.58 56.408 56.236 56.115 56.004 56.344 56.201 56.081 55.982 55.814 55.792 55.623 55.433
1430.1675 57.151 57.2 57.125 56.932 56.79 56.651 57.012 56.91 56.788 56.646 56.505 56.357 56.915 56.742 56.571 56.45 56.339 56.679 56.536 56.416 56.317 56.149 56.127 55.958 55.768
1464.6676 57.485 57.535 57.46 57.267 57.125 56.986 57.346 57.245 57.122 56.98 56.84 56.691 57.25 57.077 56.905 56.785 56.674 57.013 56.871 56.751 56.652 56.484 56.462 56.293 56.102
1500.0 57.82 57.87 57.795 57.602 57.46 57.32 57.681 57.58 57.457 57.315 57.175 57.026 57.585 57.412 57.24 57.119 57.009 57.348 57.206 57.086 56.987 56.819 56.797 56.628 56.437
