web/models/grb/onaxis/18/grb_0.0000_372.7594_1.0000000.dat
# %ECSV 1.0
# ---
# datatype:
# - {name: time, datatype: float64}
# - {name: swift_uvot_uvw2, datatype: float64}
# - {name: swift_uvot_uvm2, datatype: float64}
# - {name: swift_uvot_uvw1, datatype: float64}
# - {name: swift_uvot_U, datatype: float64}
# - {name: swift_uvot_B, datatype: float64}
# - {name: swift_uvot_V, datatype: float64}
# - {name: swift_uvot_W, datatype: float64}
# - {name: johnson_U, datatype: float64}
# - {name: johnson_B, datatype: float64}
# - {name: johnson_V, datatype: float64}
# - {name: johnson_R, datatype: float64}
# - {name: johnson_I, datatype: float64}
# - {name: sdss_u, datatype: float64}
# - {name: sdss_g, datatype: float64}
# - {name: sdss_r, datatype: float64}
# - {name: sdss_i, datatype: float64}
# - {name: sdss_z, datatype: float64}
# - {name: PS1_g, datatype: float64}
# - {name: PS1_r, datatype: float64}
# - {name: PS1_i, datatype: float64}
# - {name: PS1_z, datatype: float64}
# - {name: PS1_Y, datatype: float64}
# - {name: PS1_w, datatype: float64}
# - {name: ATLAS_c, datatype: float64}
# - {name: ATLAS_o, datatype: float64}
# - {name: ukirt_J, datatype: float64}
# - {name: ukirt_H, datatype: float64}
# - {name: ukirt_K, datatype: float64}
# - {name: Clear, datatype: float64}
# meta: !!omap
# - comment: [E = 0.16176451642579392, Eta0 = 8.02, GammaB = 12.0, dL = 0.012188, epsb = 6.760829753919819e-06, epse = 0.1, n = 1.0, p
#       = 2.15, theta_obs = 0.0, xiN = 1.0, z = 0.0, type = grb, E_kiso = 372.7593720314938]
# schema: astropy-2.0
time swift_uvot_uvw2 swift_uvot_uvm2 swift_uvot_uvw1 swift_uvot_U swift_uvot_B swift_uvot_V swift_uvot_W johnson_U johnson_B johnson_V johnson_R johnson_I sdss_u sdss_g sdss_r sdss_i sdss_z PS1_g PS1_r PS1_i PS1_z PS1_Y PS1_w ATLAS_c ATLAS_o ukirt_J ukirt_H ukirt_K Clear
[from data line 204]
1.2937 -10.808 -10.758 -10.833 -11.026 -11.168 -11.308 -10.947 -11.048 -11.171 -11.313 -11.453 -11.602 -11.043 -11.216 -11.388 -11.509 -11.619 -11.28 -11.422 -11.542 -11.641 -11.809 -11.386 -11.29 -11.443 -11.831 -12.0 -12.191 -11.476
1.3249 -10.75 -10.7 -10.775 -10.968 -11.11 -11.249 -10.889 -10.99 -11.113 -11.255 -11.395 -11.544 -10.985 -11.158 -11.33 -11.45 -11.561 -11.222 -11.364 -11.484 -11.583 -11.751 -11.327 -11.232 -11.385 -11.773 -11.942 -12.133 -11.418
1.3569 -10.691 -10.642 -10.717 -10.91 -11.052 -11.191 -10.831 -10.932 -11.055 -11.197 -11.337 -11.486 -10.927 -11.1 -11.272 -11.392 -11.503 -11.164 -11.306 -11.426 -11.525 -11.693 -11.269 -11.174 -11.327 -11.715 -11.884 -12.075 -11.36
1.3896 -10.633 -10.584 -10.659 -10.852 -10.994 -11.133 -10.772 -10.874 -10.997 -11.138 -11.279 -11.427 -10.869 -11.042 -11.214 -11.334 -11.445 -11.105 -11.248 -11.368 -11.467 -11.635 -11.211 -11.116 -11.269 -11.657 -11.826 -12.016 -11.301
1.4232 -10.575 -10.526 -10.601 -10.794 -10.936 -11.075 -10.714 -10.816 -10.938 -11.08 -11.221 -11.369 -10.811 -10.984 -11.155 -11.276 -11.387 -11.047 -11.19 -11.31 -11.409 -11.577 -11.153 -11.058 -11.211 -11.599 -11.768 -11.958 -11.243
1.4575 -10.517 -10.468 -10.543 -10.736 -10.878 -11.017 -10.656 -10.758 -10.88 -11.022 -11.163 -11.311 -10.753 -10.925 -11.097 -11.218 -11.329 -10.989 -11.132 -11.252 -11.351 -11.519 -11.095 -11.0 -11.153 -11.541 -11.71 -11.9 -11.185
1.4927 -10.459 -10.41 -10.484 -10.677 -10.82 -10.959 -10.598 -10.7 -10.822 -10.964 -11.105 -11.253 -10.695 -10.867 -11.039 -11.16 -11.271 -10.931 -11.074 -11.193 -11.293 -11.461 -11.037 -10.942 -11.095 -11.482 -11.652 -11.842 -11.127
1.5287 -10.401 -10.351 -10.426 -10.619 -10.762 -10.901 -10.54 -10.642 -10.764 -10.906 -11.046 -11.195 -10.637 -10.809 -10.981 -11.102 -11.212 -10.873 -11.016 -11.135 -11.234 -11.403 -10.979 -10.884 -11.036 -11.424 -11.594 -11.784 -11.069
1.5655 -10.341 -10.291 -10.366 -10.559 -10.701 -10.841 -10.48 -10.581 -10.704 -10.846 -10.986 -11.135 -10.576 -10.749 -10.921 -11.041 -11.152 -10.813 -10.955 -11.075 -11.174 -11.342 -10.919 -10.823 -10.976 -11.364 -11.533 -11.724 -11.009
1.6033 -10.28 -10.231 -10.306 -10.498 -10.641 -10.78 -10.419 -10.521 -10.643 -10.785 -10.926 -11.074 -10.516 -10.688 -10.86 -10.981 -11.092 -10.752 -10.895 -11.015 -11.114 -11.282 -10.858 -10.763 -10.916 -11.304 -11.473 -11.663 -10.948
1.642 -10.22 -10.17 -10.245 -10.438 -10.58 -10.72 -10.359 -10.46 -10.583 -10.725 -10.865 -11.014 -10.455 -10.628 -10.8 -10.92 -11.031 -10.692 -10.834 -10.954 -11.053 -11.221 -10.797 -10.702 -10.855 -11.243 -11.412 -11.603 -10.888
1.6816 -10.159 -10.11 -10.184 -10.377 -10.52 -10.659 -10.298 -10.4 -10.522 -10.664 -10.805 -10.953 -10.395 -10.567 -10.739 -10.86 -10.971 -10.631 -10.774 -10.894 -10.993 -11.161 -10.737 -10.642 -10.795 -11.183 -11.352 -11.542 -10.827
1.7222 -10.099 -10.049 -10.124 -10.317 -10.459 -10.598 -10.238 -10.339 -10.462 -10.604 -10.744 -10.893 -10.334 -10.507 -10.679 -10.799 -10.91 -10.571 -10.713 -10.833 -10.932 -11.1 -10.676 -10.581 -10.734 -11.122 -11.291 -11.482 -10.767
1.7637 -10.038 -9.989 -10.063 -10.256 -10.399 -10.538 -10.177 -10.279 -10.401 -10.543 -10.684 -10.832 -10.274 -10.446 -10.618 -10.739 -10.85 -10.51 -10.653 -10.773 -10.872 -11.04 -10.616 -10.521 -10.674 -11.061 -11.231 -11.421 -10.706
1.8062 -9.978 -9.928 -10.003 -10.196 -10.338 -10.477 -10.117 -10.218 -10.341 -10.483 -10.623 -10.772 -10.213 -10.386 -10.558 -10.678 -10.789 -10.45 -10.592 -10.712 -10.811 -10.979 -10.555 -10.46 -10.613 -11.001 -11.17 -11.361 -10.646
1.8498 -9.917 -9.868 -9.942 -10.135 -10.278 -10.417 -10.056 -10.158 -10.28 -10.422 -10.563 -10.711 -10.153 -10.325 -10.497 -10.618 -10.729 -10.389 -10.532 -10.651 -10.75 -10.919 -10.495 -10.4 -10.553 -10.94 -11.11 -11.3 -10.585
1.8944 -9.857 -9.807 -9.882 -10.075 -10.217 -10.356 -9.996 -10.097 -10.22 -10.362 -10.502 -10.651 -10.092 -10.265 -10.437 -10.557 -10.668 -10.329 -10.471 -10.591 -10.69 -10.858 -10.434 -10.339 -10.492 -10.88 -11.049 -11.24 -10.525
1.9401 -9.796 -9.747 -9.822 -10.014 -10.157 -10.296 -9.935 -10.037 -10.159 -10.301 -10.442 -10.59 -10.032 -10.204 -10.376 -10.497 -10.608 -10.268 -10.411 -10.531 -10.63 -10.798 -10.374 -10.279 -10.432 -10.82 -10.989 -11.179 -10.464
1.9869 -9.738 -9.688 -9.763 -9.956 -10.099 -10.238 -9.877 -9.979 -10.101 -10.243 -10.383 -10.532 -9.973 -10.146 -10.318 -10.439 -10.549 -10.21 -10.352 -10.472 -10.571 -10.74 -10.316 -10.22 -10.373 -10.761 -10.931 -11.121 -10.406
2.0349 -9.679 -9.63 -9.705 -9.898 -10.04 -10.179 -9.819 -9.92 -10.043 -10.185 -10.325 -10.474 -9.915 -10.088 -10.26 -10.38 -10.491 -10.152 -10.294 -10.414 -10.513 -10.681 -10.257 -10.162 -10.315 -10.703 -10.872 -11.063 -10.348
2.084 -9.621 -9.572 -9.647 -9.84 -9.982 -10.121 -9.76 -9.862 -9.984 -10.126 -10.267 -10.415 -9.857 -10.029 -10.201 -10.322 -10.433 -10.093 -10.236 -10.356 -10.455 -10.623 -10.199 -10.104 -10.257 -10.645 -10.814 -11.004 -10.289
2.1342 -9.563 -9.513 -9.588 -9.781 -9.924 -10.063 -9.702 -9.804 -9.926 -10.068 -10.208 -10.357 -9.799 -9.971 -10.143 -10.264 -10.374 -10.035 -10.177 -10.297 -10.396 -10.565 -10.141 -10.046 -10.198 -10.586 -10.756 -10.946 -10.231
2.1857 -9.505 -9.455 -9.53 -9.723 -9.865 -10.004 -9.644 -9.745 -9.868 -10.01 -10.15 -10.299 -9.74 -9.913 -10.085 -10.205 -10.316 -9.977 -10.119 -10.239 -10.338 -10.506 -10.082 -9.987 -10.14 -10.528 -10.697 -10.888 -10.173
2.2384 -9.446 -9.397 -9.472 -9.665 -9.807 -9.946 -9.585 -9.687 -9.809 -9.951 -10.092 -10.24 -9.682 -9.854 -10.026 -10.147 -10.258 -9.918 -10.061 -10.181 -10.28 -10.448 -10.024 -9.929 -10.082 -10.47 -10.639 -10.829 -10.114
2.2924 -9.388 -9.338 -9.413 -9.606 -9.749 -9.888 -9.527 -9.629 -9.751 -9.893 -10.033 -10.182 -9.624 -9.796 -9.968 -10.089 -10.199 -9.86 -10.002 -10.122 -10.221 -10.39 -9.966 -9.871 -10.023 -10.411 -10.581 -10.771 -10.056
2.3477 -9.33 -9.28 -9.355 -9.548 -9.69 -9.829 -9.469 -9.57 -9.693 -9.835 -9.975 -10.124 -9.565 -9.738 -9.91 -10.03 -10.141 -9.802 -9.944 -10.064 -10.163 -10.331 -9.907 -9.812 -9.965 -10.353 -10.522 -10.713 -9.998
2.4044 -9.271 -9.222 -9.297 -9.49 -9.632 -9.771 -9.41 -9.512 -9.634 -9.776 -9.917 -10.065 -9.507 -9.68 -9.851 -9.972 -10.083 -9.743 -9.886 -10.006 -10.105 -10.273 -9.849 -9.754 -9.907 -10.295 -10.464 -10.654 -9.939
2.4624 -9.214 -9.164 -9.239 -9.432 -9.575 -9.714 -9.353 -9.455 -9.577 -9.719 -9.859 -10.008 -9.45 -9.622 -9.794 -9.915 -10.025 -9.686 -9.828 -9.948 -10.047 -10.216 -9.792 -9.696 -9.849 -10.237 -10.407 -10.597 -9.882
2.5218 -9.16 -9.111 -9.185 -9.378 -9.521 -9.66 -9.299 -9.401 -9.523 -9.665 -9.805 -9.954 -9.396 -9.568 -9.74 -9.861 -9.971 -9.632 -9.775 -9.894 -9.993 -10.162 -9.738 -9.643 -9.795 -10.183 -10.353 -10.543 -9.828
2.5826 -9.106 -9.057 -9.132 -9.324 -9.467 -9.606 -9.245 -9.347 -9.469 -9.611 -9.752 -9.9 -9.342 -9.514 -9.686 -9.807 -9.918 -9.578 -9.721 -9.841 -9.94 -10.108 -9.684 -9.589 -9.742 -10.13 -10.299 -10.489 -9.774
2.6449 -9.052 -9.003 -9.078 -9.271 -9.413 -9.552 -9.191 -9.293 -9.415 -9.557 -9.698 -9.846 -9.288 -9.461 -9.632 -9.753 -9.864 -9.524 -9.667 -9.787 -9.886 -10.054 -9.63 -9.535 -9.688 -10.076 -10.245 -10.435 -9.72
2.7087 -8.998 -8.949 -9.024 -9.217 -9.359 -9.498 -9.138 -9.239 -9.362 -9.503 -9.644 -9.793 -9.234 -9.407 -9.579 -9.699 -9.81 -9.47 -9.613 -9.733 -9.832 -10.0 -9.576 -9.481 -9.634 -10.022 -10.191 -10.382 -9.667
2.7741 -8.945 -8.895 -8.97 -9.163 -9.305 -9.444 -9.084 -9.185 -9.308 -9.45 -9.59 -9.739 -9.18 -9.353 -9.525 -9.645 -9.756 -9.417 -9.559 -9.679 -9.778 -9.946 -9.522 -9.427 -9.58 -9.968 -10.137 -10.328 -9.613
2.841 -8.891 -8.841 -8.916 -9.109 -9.251 -9.391 -9.03 -9.131 -9.254 -9.396 -9.536 -9.685 -9.126 -9.299 -9.471 -9.592 -9.702 -9.363 -9.505 -9.625 -9.724 -9.892 -9.469 -9.373 -9.526 -9.914 -10.083 -10.274 -9.559
2.9095 -8.837 -8.787 -8.862 -9.055 -9.198 -9.337 -8.976 -9.078 -9.2 -9.342 -9.482 -9.631 -9.073 -9.245 -9.417 -9.538 -9.648 -9.309 -9.451 -9.571 -9.67 -9.839 -9.415 -9.32 -9.472 -9.86 -10.03 -10.22 -9.505
2.9797 -8.783 -8.734 -8.808 -9.001 -9.144 -9.283 -8.922 -9.024 -9.146 -9.288 -9.429 -9.577 -9.019 -9.191 -9.363 -9.484 -9.595 -9.255 -9.398 -9.517 -9.617 -9.785 -9.361 -9.266 -9.419 -9.806 -9.976 -10.166 -9.451
3.0516 -8.729 -8.68 -8.755 -8.948 -9.09 -9.229 -8.868 -8.97 -9.092 -9.234 -9.375 -9.523 -8.965 -9.137 -9.309 -9.43 -9.541 -9.201 -9.344 -9.464 -9.563 -9.731 -9.307 -9.212 -9.365 -9.753 -9.922 -10.112 -9.397
3.1252 -8.675 -8.626 -8.701 -8.893 -9.036 -9.175 -8.814 -8.916 -9.038 -9.18 -9.321 -9.469 -8.911 -9.083 -9.255 -9.376 -9.487 -9.147 -9.29 -9.41 -9.509 -9.677 -9.253 -9.158 -9.311 -9.699 -9.868 -10.058 -9.343
3.2006 -8.621 -8.571 -8.646 -8.839 -8.981 -9.121 -8.76 -8.861 -8.984 -9.126 -9.266 -9.415 -8.856 -9.029 -9.201 -9.322 -9.432 -9.093 -9.235 -9.355 -9.454 -9.622 -9.199 -9.103 -9.256 -9.644 -9.813 -10.004 -9.289
3.2778 -8.566 -8.517 -8.592 -8.785 -8.927 -9.066 -8.705 -8.807 -8.929 -9.071 -9.212 -9.36 -8.802 -8.975 -9.146 -9.267 -9.378 -9.038 -9.181 -9.301 -9.4 -9.568 -9.144 -9.049 -9.202 -9.59 -9.759 -9.949 -9.234
3.3569 -8.512 -8.462 -8.537 -8.73 -8.873 -9.012 -8.651 -8.753 -8.875 -9.017 -9.157 -9.306 -8.748 -8.92 -9.092 -9.213 -9.323 -8.984 -9.126 -9.246 -9.345 -9.514 -9.09 -8.994 -9.147 -9.535 -9.705 -9.895 -9.18
3.4378 -8.457 -8.408 -8.483 -8.676 -8.818 -8.957 -8.596 -8.698 -8.821 -8.962 -9.103 -9.251 -8.693 -8.866 -9.037 -9.158 -9.269 -8.929 -9.072 -9.192 -9.291 -9.459 -9.035 -8.94 -9.093 -9.481 -9.65 -9.84 -9.125
3.5208 -8.403 -8.353 -8.428 -8.621 -8.764 -8.903 -8.542 -8.644 -8.766 -8.908 -9.048 -9.197 -8.639 -8.811 -8.983 -9.104 -9.214 -8.875 -9.018 -9.137 -9.236 -9.405 -8.981 -8.886 -9.038 -9.426 -9.596 -9.786 -9.071
3.6057 -8.348 -8.299 -8.374 -8.567 -8.709 -8.848 -8.488 -8.589 -8.712 -8.854 -8.994 -9.143 -8.584 -8.757 -8.929 -9.049 -9.16 -8.821 -8.963 -9.083 -9.182 -9.35 -8.926 -8.831 -8.984 -9.372 -9.541 -9.732 -9.017
3.6927 -8.294 -8.245 -8.319 -8.512 -8.655 -8.794 -8.433 -8.535 -8.657 -8.799 -8.94 -9.088 -8.53 -8.702 -8.874 -8.995 -9.105 -8.766 -8.909 -9.028 -9.127 -9.296 -8.872 -8.777 -8.929 -9.317 -9.487 -9.677 -8.962
3.7818 -8.24 -8.19 -8.265 -8.458 -8.6 -8.739 -8.379 -8.48 -8.603 -8.745 -8.885 -9.034 -8.475 -8.648 -8.82 -8.94 -9.051 -8.712 -8.854 -8.974 -9.073 -9.241 -8.817 -8.722 -8.875 -9.263 -9.432 -9.623 -8.908
3.873 -8.185 -8.136 -8.211 -8.403 -8.546 -8.685 -8.324 -8.426 -8.548 -8.69 -8.831 -8.979 -8.421 -8.593 -8.765 -8.886 -8.997 -8.657 -8.8 -8.92 -9.019 -9.187 -8.763 -8.668 -8.821 -9.209 -9.378 -9.568 -8.853
3.9664 -8.132 -8.083 -8.157 -8.35 -8.493 -8.632 -8.271 -8.373 -8.495 -8.637 -8.778 -8.926 -8.368 -8.54 -8.712 -8.833 -8.944 -8.604 -8.747 -8.866 -8.965 -9.134 -8.71 -8.615 -8.768 -9.155 -9.325 -9.515 -8.8
4.0621 -8.08 -8.031 -8.106 -8.299 -8.441 -8.58 -8.219 -8.321 -8.444 -8.585 -8.726 -8.875 -8.316 -8.489 -8.661 -8.781 -8.892 -8.552 -8.695 -8.815 -8.914 -9.082 -8.658 -8.563 -8.716 -9.104 -9.273 -9.464 -8.749
4.1601 -8.029 -7.979 -8.054 -8.247 -8.39 -8.529 -8.168 -8.27 -8.392 -8.534 -8.674 -8.823 -8.264 -8.437 -8.609 -8.73 -8.84 -8.501 -8.643 -8.763 -8.862 -9.031 -8.607 -8.511 -8.664 -9.052 -9.222 -9.412 -8.697
4.2604 -7.977 -7.928 -8.003 -8.196 -8.338 -8.477 -8.116 -8.218 -8.34 -8.482 -8.623 -8.771 -8.213 -8.385 -8.557 -8.678 -8.789 -8.449 -8.592 -8.712 -8.811 -8.979 -8.555 -8.46 -8.613 -9.001 -9.17 -9.36 -8.645
4.3632 -7.926 -7.876 -7.951 -8.144 -8.286 -8.425 -8.065 -8.166 -8.289 -8.431 -8.571 -8.72 -8.161 -8.334 -8.506 -8.626 -8.737 -8.398 -8.54 -8.66 -8.759 -8.927 -8.503 -8.408 -8.561 -8.949 -9.118 -9.309 -8.594
4.4685 -7.874 -7.824 -7.899 -8.092 -8.235 -8.374 -8.013 -8.115 -8.237 -8.379 -8.519 -8.668 -8.11 -8.282 -8.454 -8.575 -8.685 -8.346 -8.489 -8.608 -8.707 -8.876 -8.452 -8.357 -8.509 -8.897 -9.067 -9.257 -8.542
4.5763 -7.822 -7.773 -7.848 -8.041 -8.183 -8.322 -7.961 -8.063 -8.185 -8.327 -8.468 -8.616 -8.058 -8.231 -8.402 -8.523 -8.634 -8.294 -8.437 -8.557 -8.656 -8.824 -8.4 -8.305 -8.458 -8.846 -9.015 -9.205 -8.49
4.6867 -7.771 -7.721 -7.796 -7.989 -8.131 -8.271 -7.91 -8.011 -8.134 -8.276 -8.416 -8.565 -8.006 -8.179 -8.351 -8.472 -8.582 -8.243 -8.385 -8.505 -8.604 -8.772 -8.349 -8.253 -8.406 -8.794 -8.963 -9.154 -8.439
4.7997 -7.719 -7.67 -7.744 -7.937 -8.08 -8.219 -7.858 -7.96 -8.082 -8.224 -8.365 -8.513 -7.955 -8.127 -8.299 -8.42 -8.531 -8.191 -8.334 -8.454 -8.553 -8.721 -8.297 -8.202 -8.355 -8.743 -8.912 -9.102 -8.387
4.9155 -7.667 -7.618 -7.693 -7.886 -8.028 -8.167 -7.807 -7.908 -8.031 -8.172 -8.313 -8.462 -7.903 -8.076 -8.248 -8.368 -8.479 -8.139 -8.282 -8.402 -8.501 -8.669 -8.245 -8.15 -8.303 -8.691 -8.86 -9.051 -8.336
5.0341 -7.617 -7.568 -7.643 -7.836 -7.978 -8.117 -7.756 -7.858 -7.98 -8.122 -8.263 -8.411 -7.853 -8.026 -8.197 -8.318 -8.429 -8.089 -8.232 -8.352 -8.451 -8.619 -8.195 -8.1 -8.253 -8.641 -8.81 -9.0 -8.285
5.1555 -7.568 -7.518 -7.593 -7.786 -7.929 -8.068 -7.707 -7.809 -7.931 -8.073 -8.213 -8.362 -7.804 -7.976 -8.148 -8.269 -8.379 -8.04 -8.182 -8.302 -8.401 -8.57 -8.146 -8.051 -8.203 -8.591 -8.761 -8.951 -8.236
5.2799 -7.518 -7.469 -7.544 -7.737 -7.879 -8.018 -7.658 -7.759 -7.882 -8.024 -8.164 -8.313 -7.754 -7.927 -8.099 -8.219 -8.33 -7.991 -8.133 -8.253 -8.352 -8.52 -8.096 -8.001 -8.154 -8.542 -8.711 -8.902 -8.187
5.4072 -7.469 -7.42 -7.494 -7.687 -7.83 -7.969 -7.608 -7.71 -7.832 -7.974 -8.115 -8.263 -7.705 -7.877 -8.049 -8.17 -8.281 -7.941 -8.084 -8.204 -8.303 -8.471 -8.047 -7.952 -8.105 -8.493 -8.662 -8.852 -8.137
5.5377 -7.42 -7.37 -7.445 -7.638 -7.78 -7.92 -7.559 -7.66 -7.783 -7.925 -8.065 -8.214 -7.655 -7.828 -8.0 -8.121 -8.231 -7.892 -8.034 -8.154 -8.253 -8.421 -7.998 -7.902 -8.055 -8.443 -8.612 -8.803 -8.088
5.6713 -7.37 -7.321 -7.396 -7.589 -7.731 -7.87 -7.509 -7.611 -7.734 -7.875 -8.016 -8.164 -7.606 -7.779 -7.95 -8.071 -8.182 -7.842 -7.985 -8.105 -8.204 -8.372 -7.948 -7.853 -8.006 -8.394 -8.563 -8.753 -8.038
5.8081 -7.321 -7.272 -7.346 -7.539 -7.682 -7.821 -7.46 -7.562 -7.684 -7.826 -7.966 -8.115 -7.557 -7.729 -7.901 -8.022 -8.132 -7.793 -7.936 -8.055 -8.154 -8.323 -7.899 -7.804 -7.956 -8.344 -8.514 -8.704 -7.989
5.9482 -7.272 -7.222 -7.297 -7.49 -7.632 -7.771 -7.411 -7.512 -7.635 -7.777 -7.917 -8.066 -7.507 -7.68 -7.852 -7.972 -8.083 -7.744 -7.886 -8.006 -8.105 -8.273 -7.849 -7.754 -7.907 -8.295 -8.464 -8.655 -7.94
6.0917 -7.222 -7.173 -7.248 -7.441 -7.583 -7.722 -7.361 -7.463 -7.585 -7.727 -7.868 -8.016 -7.458 -7.631 -7.802 -7.923 -8.034 -7.694 -7.837 -7.957 -8.056 -8.224 -7.8 -7.705 -7.858 -8.246 -8.415 -8.605 -7.89
6.2386 -7.173 -7.123 -7.198 -7.391 -7.534 -7.673 -7.312 -7.414 -7.536 -7.678 -7.818 -7.967 -7.409 -7.581 -7.753 -7.874 -7.984 -7.645 -7.787 -7.907 -8.006 -8.175 -7.751 -7.656 -7.808 -8.196 -8.366 -8.556 -7.841
6.3891 -7.123 -7.074 -7.148 -7.341 -7.484 -7.623 -7.262 -7.364 -7.486 -7.628 -7.768 -7.917 -7.359 -7.531 -7.703 -7.824 -7.934 -7.595 -7.738 -7.857 -7.956 -8.125 -7.701 -7.606 -7.758 -8.146 -8.316 -8.506 -7.791
6.5433 -7.073 -7.024 -7.098 -7.291 -7.434 -7.573 -7.212 -7.314 -7.436 -7.578 -7.718 -7.867 -7.309 -7.481 -7.653 -7.774 -7.884 -7.545 -7.688 -7.807 -7.906 -8.075 -7.651 -7.556 -7.708 -8.096 -8.266 -8.456 -7.741
6.7011 -7.023 -6.974 -7.048 -7.241 -7.384 -7.523 -7.162 -7.264 -7.386 -7.528 -7.668 -7.817 -7.259 -7.431 -7.603 -7.724 -7.834 -7.495 -7.638 -7.757 -7.856 -8.025 -7.601 -7.506 -7.658 -8.046 -8.216 -8.406 -7.691
6.8627 -6.973 -6.924 -6.998 -7.191 -7.334 -7.473 -7.112 -7.214 -7.336 -7.478 -7.618 -7.767 -7.209 -7.381 -7.553 -7.674 -7.784 -7.445 -7.588 -7.707 -7.806 -7.975 -7.551 -7.456 -7.608 -7.996 -8.166 -8.356 -7.641
7.0283 -6.923 -6.873 -6.948 -7.141 -7.284 -7.423 -7.062 -7.164 -7.286 -7.428 -7.568 -7.717 -7.159 -7.331 -7.503 -7.624 -7.734 -7.395 -7.538 -7.657 -7.756 -7.925 -7.501 -7.406 -7.558 -7.946 -8.116 -8.306 -7.591
7.1978 -6.873 -6.823 -6.898 -7.091 -7.234 -7.373 -7.012 -7.114 -7.236 -7.378 -7.518 -7.667 -7.109 -7.281 -7.453 -7.574 -7.684 -7.345 -7.488 -7.607 -7.706 -7.875 -7.451 -7.356 -7.508 -7.896 -8.066 -8.256 -7.541
