web/models/grb/onaxis/18/grb_0.0000_0.0720_0.0100000.dat
# %ECSV 1.0
# ---
# datatype:
# - {name: time, datatype: float64}
# - {name: swift_uvot_uvw2, datatype: float64}
# - {name: swift_uvot_uvm2, datatype: float64}
# - {name: swift_uvot_uvw1, datatype: float64}
# - {name: swift_uvot_U, datatype: float64}
# - {name: swift_uvot_B, datatype: float64}
# - {name: swift_uvot_V, datatype: float64}
# - {name: swift_uvot_W, datatype: float64}
# - {name: johnson_U, datatype: float64}
# - {name: johnson_B, datatype: float64}
# - {name: johnson_V, datatype: float64}
# - {name: johnson_R, datatype: float64}
# - {name: johnson_I, datatype: float64}
# - {name: sdss_u, datatype: float64}
# - {name: sdss_g, datatype: float64}
# - {name: sdss_r, datatype: float64}
# - {name: sdss_i, datatype: float64}
# - {name: sdss_z, datatype: float64}
# - {name: PS1_g, datatype: float64}
# - {name: PS1_r, datatype: float64}
# - {name: PS1_i, datatype: float64}
# - {name: PS1_z, datatype: float64}
# - {name: PS1_Y, datatype: float64}
# - {name: ukirt_J, datatype: float64}
# - {name: ukirt_H, datatype: float64}
# - {name: ukirt_K, datatype: float64}
# meta: !!omap
# - comment: [E = 3.1231838447717776e-05, Eta0 = 8.02, GammaB = 12.0, dL = 0.012188, epsb = 6.760829753919819e-06, epse = 0.1, n = 0.01,
#     p = 2.15, theta_obs = 0.0, xiN = 1.0, z = 0.0, type = grb, E_kiso = 0.07196856730011521]
# schema: astropy-2.0
time swift_uvot_uvw2 swift_uvot_uvm2 swift_uvot_uvw1 swift_uvot_U swift_uvot_B swift_uvot_V swift_uvot_W johnson_U johnson_B johnson_V johnson_R johnson_I sdss_u sdss_g sdss_r sdss_i sdss_z PS1_g PS1_r PS1_i PS1_z PS1_Y ukirt_J ukirt_H ukirt_K
[from data line 474]
807.1133 42.739 42.788 42.714 42.521 42.378 42.239 42.6 42.498 42.376 42.234 42.093 41.945 42.503 42.331 42.159 42.038 41.928 42.267 42.124 42.005 41.906 41.737 41.716 41.546 41.356
826.5834 43.074 43.123 43.048 42.855 42.713 42.574 42.935 42.833 42.711 42.569 42.428 42.28 42.838 42.666 42.494 42.373 42.262 42.602 42.459 42.339 42.24 42.072 42.05 41.881 41.691
846.5232 43.409 43.458 43.383 43.19 43.048 42.909 43.27 43.168 43.045 42.904 42.763 42.615 43.173 43.0 42.829 42.708 42.597 42.937 42.794 42.674 42.575 42.407 42.385 42.216 42.026
866.944 43.743 43.793 43.718 43.525 43.383 43.244 43.604 43.503 43.38 43.238 43.098 42.949 43.508 43.335 43.163 43.043 42.932 43.271 43.129 43.009 42.91 42.742 42.72 42.551 42.36
887.8575 44.078 44.128 44.053 43.86 43.718 43.578 43.939 43.838 43.715 43.573 43.433 43.284 43.843 43.67 43.498 43.377 43.267 43.606 43.464 43.344 43.245 43.077 43.055 42.886 42.695
909.2754 44.413 44.463 44.388 44.195 44.052 43.913 44.274 44.172 44.05 43.908 43.768 43.619 44.177 44.005 43.833 43.712 43.602 43.941 43.799 43.679 43.58 43.411 43.39 43.22 43.03
931.21 44.748 44.797 44.723 44.53 44.387 44.248 44.609 44.507 44.385 44.243 44.102 43.954 44.512 44.34 44.168 44.047 43.936 44.276 44.133 44.014 43.914 43.746 43.725 43.555 43.365
953.6737 45.083 45.132 45.057 44.864 44.722 44.583 44.944 44.842 44.72 44.578 44.437 44.289 44.847 44.674 44.503 44.382 44.271 44.611 44.468 44.348 44.249 44.081 44.059 43.89 43.7
976.6793 45.418 45.467 45.392 45.199 45.057 44.918 45.279 45.177 45.054 44.913 44.772 44.624 45.182 45.009 44.837 44.717 44.606 44.946 44.803 44.683 44.584 44.416 44.394 44.225 44.034
1000.2399 45.752 45.802 45.727 45.534 45.392 45.253 45.613 45.512 45.389 45.247 45.107 44.958 45.517 45.344 45.172 45.052 44.941 45.28 45.138 45.018 44.919 44.751 44.729 44.56 44.369
1024.3688 46.087 46.137 46.062 45.869 45.726 45.587 45.948 45.847 45.724 45.582 45.442 45.293 45.852 45.679 45.507 45.386 45.276 45.615 45.473 45.353 45.254 45.086 45.064 44.894 44.704
1049.0798 46.422 46.472 46.397 46.204 46.061 45.922 46.283 46.181 46.059 45.917 45.777 45.628 46.186 46.014 45.842 45.721 45.611 45.95 45.807 45.688 45.589 45.42 45.399 45.229 45.039
1074.3869 46.757 46.806 46.732 46.539 46.396 46.257 46.618 46.516 46.394 46.252 46.111 45.963 46.521 46.349 46.177 46.056 45.945 46.285 46.142 46.022 45.923 45.755 45.733 45.564 45.374
1100.3045 47.092 47.141 47.066 46.873 46.731 46.592 46.953 46.851 46.729 46.587 46.446 46.298 46.856 46.683 46.512 46.391 46.28 46.62 46.477 46.357 46.258 46.09 46.068 45.899 45.709
1126.8473 47.427 47.476 47.401 47.208 47.066 46.927 47.287 47.186 47.063 46.922 46.781 46.632 47.191 47.018 46.846 46.726 46.615 46.955 46.812 46.692 46.593 46.425 46.403 46.234 46.043
1154.0304 47.761 47.811 47.736 47.543 47.401 47.261 47.622 47.521 47.398 47.256 47.116 46.967 47.526 47.353 47.181 47.061 46.95 47.289 47.147 47.027 46.928 46.76 46.738 46.569 46.378
1181.8693 48.096 48.146 48.071 47.878 47.735 47.596 47.957 47.855 47.733 47.591 47.451 47.302 47.861 47.688 47.516 47.395 47.285 47.624 47.482 47.362 47.263 47.094 47.073 46.903 46.713
1210.3797 48.431 48.48 48.406 48.213 48.07 47.931 48.292 48.19 48.068 47.926 47.786 47.637 48.195 48.023 47.851 47.73 47.62 47.959 47.816 47.697 47.598 47.429 47.408 47.238 47.048
1239.5778 48.766 48.815 48.74 48.548 48.405 48.266 48.627 48.525 48.403 48.261 48.12 47.972 48.53 48.358 48.186 48.065 47.954 48.294 48.151 48.031 47.932 47.764 47.742 47.573 47.383
1269.4803 49.101 49.15 49.075 48.882 48.74 48.601 48.962 48.86 48.738 48.596 48.455 48.307 48.865 48.692 48.521 48.4 48.289 48.629 48.486 48.366 48.267 48.099 48.077 47.908 47.718
1300.1042 49.436 49.485 49.41 49.217 49.075 48.936 49.296 49.195 49.072 48.93 48.79 48.641 49.2 49.027 48.855 48.735 48.624 48.963 48.821 48.701 48.602 48.434 48.412 48.243 48.052
1331.4668 49.77 49.82 49.745 49.552 49.41 49.27 49.631 49.53 49.407 49.265 49.125 48.976 49.535 49.362 49.19 49.07 48.959 49.298 49.156 49.036 48.937 48.769 48.747 48.578 48.387
1363.586 50.105 50.155 50.08 49.887 49.744 49.605 49.966 49.864 49.742 49.6 49.46 49.311 49.869 49.697 49.525 49.404 49.294 49.633 49.491 49.371 49.272 49.103 49.082 48.912 48.722
1396.48 50.44 50.489 50.415 50.222 50.079 49.94 50.301 50.199 50.077 49.935 49.794 49.646 50.204 50.032 49.86 49.739 49.629 49.968 49.825 49.706 49.607 49.438 49.417 49.247 49.057
1430.1675 50.775 50.824 50.749 50.556 50.414 50.275 50.636 50.534 50.412 50.27 50.129 49.981 50.539 50.367 50.195 50.074 49.963 50.303 50.16 50.04 49.941 49.773 49.751 49.582 49.392
1464.6676 51.11 51.159 51.084 50.891 50.749 50.61 50.971 50.869 50.746 50.605 50.464 50.316 50.874 50.701 50.53 50.409 50.298 50.638 50.495 50.375 50.276 50.108 50.086 49.917 49.727
1500.0 51.444 51.494 51.419 51.226 51.084 50.945 51.305 51.204 51.081 50.939 50.799 50.65 51.209 51.036 50.864 50.744 50.633 50.972 50.83 50.71 50.611 50.443 50.421 50.252 50.061
