web/models/linear/46/-16_041_0_090.dat
# %ECSV 1.0
# ---
# datatype:
# - {name: time, datatype: float64}
# - {name: sdss_u, datatype: float64}
# - {name: sdss_g, datatype: float64}
# - {name: sdss_r, datatype: float64}
# - {name: sdss_i, datatype: float64}
# - {name: sdss_z, datatype: float64}
# - {name: Clear, datatype: float64}
# - {name: johnson_B, datatype: float64}
# - {name: johnson_V, datatype: float64}
# - {name: johnson_R, datatype: float64}
# - {name: johnson_I, datatype: float64}
# - {name: ukirt_J, datatype: float64}
# - {name: ukirt_H, datatype: float64}
# - {name: ukirt_K, datatype: float64}
# meta: !!omap
# - comment: [M=-16.040816326530614, dM=0.08988160392874614]
# schema: astropy-2.0
time sdss_u sdss_g sdss_r sdss_i sdss_z Clear johnson_B johnson_V johnson_R johnson_I ukirt_J ukirt_H ukirt_K
[from data line 175]
13.190954773869345 -14.855192154103687 -14.855192154103687 -14.855192154103687 -14.855192154103687 -14.855192154103687 -14.855192154103687 -14.855192154103687 -14.855192154103687 -14.855192154103687 -14.855192154103687 -14.855192154103687 -14.855192154103687 -14.855192154103687
13.266331658291456 -14.848417158832675 -14.848417158832675 -14.848417158832675 -14.848417158832675 -14.848417158832675 -14.848417158832675 -14.848417158832675 -14.848417158832675 -14.848417158832675 -14.848417158832675 -14.848417158832675 -14.848417158832675 -14.848417158832675
13.341708542713567 -14.841642163561664 -14.841642163561664 -14.841642163561664 -14.841642163561664 -14.841642163561664 -14.841642163561664 -14.841642163561664 -14.841642163561664 -14.841642163561664 -14.841642163561664 -14.841642163561664 -14.841642163561664 -14.841642163561664
13.417085427135678 -14.834867168290653 -14.834867168290653 -14.834867168290653 -14.834867168290653 -14.834867168290653 -14.834867168290653 -14.834867168290653 -14.834867168290653 -14.834867168290653 -14.834867168290653 -14.834867168290653 -14.834867168290653 -14.834867168290653
13.492462311557787 -14.828092173019641 -14.828092173019641 -14.828092173019641 -14.828092173019641 -14.828092173019641 -14.828092173019641 -14.828092173019641 -14.828092173019641 -14.828092173019641 -14.828092173019641 -14.828092173019641 -14.828092173019641 -14.828092173019641
13.567839195979898 -14.82131717774863 -14.82131717774863 -14.82131717774863 -14.82131717774863 -14.82131717774863 -14.82131717774863 -14.82131717774863 -14.82131717774863 -14.82131717774863 -14.82131717774863 -14.82131717774863 -14.82131717774863 -14.82131717774863
13.64321608040201 -14.81454218247762 -14.81454218247762 -14.81454218247762 -14.81454218247762 -14.81454218247762 -14.81454218247762 -14.81454218247762 -14.81454218247762 -14.81454218247762 -14.81454218247762 -14.81454218247762 -14.81454218247762 -14.81454218247762
13.718592964824118 -14.80776718720661 -14.80776718720661 -14.80776718720661 -14.80776718720661 -14.80776718720661 -14.80776718720661 -14.80776718720661 -14.80776718720661 -14.80776718720661 -14.80776718720661 -14.80776718720661 -14.80776718720661 -14.80776718720661
13.79396984924623 -14.800992191935599 -14.800992191935599 -14.800992191935599 -14.800992191935599 -14.800992191935599 -14.800992191935599 -14.800992191935599 -14.800992191935599 -14.800992191935599 -14.800992191935599 -14.800992191935599 -14.800992191935599 -14.800992191935599
13.86934673366834 -14.794217196664587 -14.794217196664587 -14.794217196664587 -14.794217196664587 -14.794217196664587 -14.794217196664587 -14.794217196664587 -14.794217196664587 -14.794217196664587 -14.794217196664587 -14.794217196664587 -14.794217196664587 -14.794217196664587
13.944723618090451 -14.787442201393576 -14.787442201393576 -14.787442201393576 -14.787442201393576 -14.787442201393576 -14.787442201393576 -14.787442201393576 -14.787442201393576 -14.787442201393576 -14.787442201393576 -14.787442201393576 -14.787442201393576 -14.787442201393576
14.020100502512562 -14.780667206122565 -14.780667206122565 -14.780667206122565 -14.780667206122565 -14.780667206122565 -14.780667206122565 -14.780667206122565 -14.780667206122565 -14.780667206122565 -14.780667206122565 -14.780667206122565 -14.780667206122565 -14.780667206122565
14.095477386934672 -14.773892210851553 -14.773892210851553 -14.773892210851553 -14.773892210851553 -14.773892210851553 -14.773892210851553 -14.773892210851553 -14.773892210851553 -14.773892210851553 -14.773892210851553 -14.773892210851553 -14.773892210851553 -14.773892210851553
14.170854271356783 -14.767117215580543 -14.767117215580543 -14.767117215580543 -14.767117215580543 -14.767117215580543 -14.767117215580543 -14.767117215580543 -14.767117215580543 -14.767117215580543 -14.767117215580543 -14.767117215580543 -14.767117215580543 -14.767117215580543
14.246231155778894 -14.760342220309532 -14.760342220309532 -14.760342220309532 -14.760342220309532 -14.760342220309532 -14.760342220309532 -14.760342220309532 -14.760342220309532 -14.760342220309532 -14.760342220309532 -14.760342220309532 -14.760342220309532 -14.760342220309532
14.321608040201003 -14.753567225038521 -14.753567225038521 -14.753567225038521 -14.753567225038521 -14.753567225038521 -14.753567225038521 -14.753567225038521 -14.753567225038521 -14.753567225038521 -14.753567225038521 -14.753567225038521 -14.753567225038521 -14.753567225038521
14.396984924623114 -14.74679222976751 -14.74679222976751 -14.74679222976751 -14.74679222976751 -14.74679222976751 -14.74679222976751 -14.74679222976751 -14.74679222976751 -14.74679222976751 -14.74679222976751 -14.74679222976751 -14.74679222976751 -14.74679222976751
14.472361809045225 -14.740017234496499 -14.740017234496499 -14.740017234496499 -14.740017234496499 -14.740017234496499 -14.740017234496499 -14.740017234496499 -14.740017234496499 -14.740017234496499 -14.740017234496499 -14.740017234496499 -14.740017234496499 -14.740017234496499
14.547738693467336 -14.733242239225488 -14.733242239225488 -14.733242239225488 -14.733242239225488 -14.733242239225488 -14.733242239225488 -14.733242239225488 -14.733242239225488 -14.733242239225488 -14.733242239225488 -14.733242239225488 -14.733242239225488 -14.733242239225488
14.623115577889447 -14.726467243954477 -14.726467243954477 -14.726467243954477 -14.726467243954477 -14.726467243954477 -14.726467243954477 -14.726467243954477 -14.726467243954477 -14.726467243954477 -14.726467243954477 -14.726467243954477 -14.726467243954477 -14.726467243954477
14.698492462311556 -14.719692248683465 -14.719692248683465 -14.719692248683465 -14.719692248683465 -14.719692248683465 -14.719692248683465 -14.719692248683465 -14.719692248683465 -14.719692248683465 -14.719692248683465 -14.719692248683465 -14.719692248683465 -14.719692248683465
14.773869346733667 -14.712917253412455 -14.712917253412455 -14.712917253412455 -14.712917253412455 -14.712917253412455 -14.712917253412455 -14.712917253412455 -14.712917253412455 -14.712917253412455 -14.712917253412455 -14.712917253412455 -14.712917253412455 -14.712917253412455
14.849246231155778 -14.706142258141444 -14.706142258141444 -14.706142258141444 -14.706142258141444 -14.706142258141444 -14.706142258141444 -14.706142258141444 -14.706142258141444 -14.706142258141444 -14.706142258141444 -14.706142258141444 -14.706142258141444 -14.706142258141444
14.924623115577887 -14.699367262870433 -14.699367262870433 -14.699367262870433 -14.699367262870433 -14.699367262870433 -14.699367262870433 -14.699367262870433 -14.699367262870433 -14.699367262870433 -14.699367262870433 -14.699367262870433 -14.699367262870433 -14.699367262870433
15.0 -14.692592267599421 -14.692592267599421 -14.692592267599421 -14.692592267599421 -14.692592267599421 -14.692592267599421 -14.692592267599421 -14.692592267599421 -14.692592267599421 -14.692592267599421 -14.692592267599421 -14.692592267599421 -14.692592267599421
