web/models/kne/15/Metzger_0.020089_0.435172_0.100000.dat
# %ECSV 0.9
# ---
# datatype:
# - {name: time, datatype: float64}
# - {name: sdss_u, datatype: float64}
# - {name: sdss_g, datatype: float64}
# - {name: sdss_r, datatype: float64}
# - {name: sdss_i, datatype: float64}
# - {name: sdss_z, datatype: float64}
# - {name: PS1_y, datatype: float64}
# - {name: ukirt_J, datatype: float64}
# - {name: ukirt_H, datatype: float64}
# - {name: ukirt_K, datatype: float64}
# - {name: johnson_U, datatype: float64}
# - {name: johnson_B, datatype: float64}
# - {name: johnson_V, datatype: float64}
# - {name: johnson_R, datatype: float64}
# - {name: johnson_I, datatype: float64}
# - {name: Clear, datatype: float64}
# meta: !!omap
# - comment: [vej = 0.43517241379310345, mej = 0.02008866315339448, Ye = 0.1, redshift = 0.0]
# schema: astropy-2.0
time sdss_u sdss_g sdss_r sdss_i sdss_z PS1_y ukirt_J ukirt_H ukirt_K johnson_U johnson_B johnson_V johnson_R johnson_I Clear
[from data line 1534]
76.800000 508.619566 370.055460 282.275633 226.348866 192.144621 170.704275 127.159834 88.280145 62.602287 492.012232 408.692033 319.137691 271.586623 188.695817 278.759539
76.850000 508.946723 370.297812 282.464142 226.502989 192.277668 170.824086 127.252682 88.348775 62.654793 492.329234 408.958050 319.348826 271.768566 188.826736 278.945889
76.900000 509.273869 370.540156 282.652645 226.657107 192.410710 170.943893 127.345527 88.417404 62.707298 492.646225 409.224059 319.559954 271.950502 188.957651 279.132231
76.950000 509.601004 370.782491 282.841140 226.811220 192.543748 171.063696 127.438370 88.486031 62.759803 492.963205 409.490058 319.771075 272.132432 189.088562 279.318568
77.000000 509.928126 371.024818 283.029630 226.965327 192.676782 171.183495 127.531210 88.554656 62.812306 493.280173 409.756047 319.982188 272.314357 189.219468 279.504898
77.050000 510.255236 371.267137 283.218113 227.119430 192.809812 171.303291 127.624047 88.623279 62.864807 493.597129 410.022027 320.193293 272.496275 189.350370 279.691222
77.100000 510.582335 371.509446 283.406590 227.273528 192.942837 171.423083 127.716881 88.691901 62.917308 493.914074 410.287998 320.404392 272.678186 189.481268 279.877539
77.150000 510.909422 371.751748 283.595060 227.427620 193.075858 171.542871 127.809713 88.760521 62.969807 494.231008 410.553959 320.615483 272.860092 189.612162 280.063850
77.200000 511.236497 371.994040 283.783524 227.581707 193.208874 171.662656 127.902542 88.829139 63.022306 494.547931 410.819911 320.826567 273.041992 189.743052 280.250155
77.250000 511.563561 372.236325 283.971981 227.735790 193.341887 171.782436 127.995368 88.897755 63.074803 494.864842 411.085853 321.037644 273.223885 189.873937 280.436453
77.300000 511.890613 372.478601 284.160432 227.889867 193.474895 171.902213 128.088192 88.966369 63.127299 495.181742 411.351786 321.248713 273.405772 190.004818 280.622746
77.350000 512.217653 372.720868 284.348876 228.043939 193.607899 172.021986 128.181012 89.034982 63.179794 495.498630 411.617709 321.459775 273.587653 190.135695 280.809031
77.400000 512.544681 372.963127 284.537315 228.198006 193.740898 172.141756 128.273830 89.103592 63.232287 495.815507 411.883624 321.670830 273.769528 190.266568 280.995311
77.450000 512.871697 373.205377 284.725746 228.352068 193.873894 172.261522 128.366646 89.172201 63.284780 496.132373 412.149528 321.881878 273.951397 190.397437 281.181584
77.500000 513.198702 373.447619 284.914172 228.506125 194.006885 172.381283 128.459458 89.240809 63.337271 496.449227 412.415424 322.092918 274.133259 190.528301 281.367851
77.550000 513.525695 373.689853 285.102591 228.660177 194.139872 172.501042 128.552268 89.309414 63.389761 496.766070 412.681310 322.303951 274.315116 190.659162 281.554111
77.600000 513.852677 373.932078 285.291003 228.814224 194.272854 172.620796 128.645076 89.378018 63.442250 497.082902 412.947187 322.514977 274.496966 190.790018 281.740366
77.650000 514.179647 374.174294 285.479410 228.968265 194.405833 172.740547 128.737880 89.446620 63.494738 497.399723 413.213054 322.725995 274.678811 190.920870 281.926614
77.700000 514.506605 374.416503 285.667810 229.122302 194.538807 172.860294 128.830682 89.515220 63.547224 497.716532 413.478912 322.937007 274.860649 191.051718 282.112855
77.750000 514.833551 374.658703 285.856203 229.276334 194.671777 172.980037 128.923481 89.583818 63.599710 498.033330 413.744761 323.148011 275.042481 191.182561 282.299091
77.800000 515.160486 374.900894 286.044590 229.430360 194.804742 173.099776 129.016277 89.652415 63.652194 498.350117 414.010601 323.359008 275.224307 191.313401 282.485320
77.850000 515.487409 375.143077 286.232971 229.584382 194.937704 173.219512 129.109071 89.721009 63.704677 498.666892 414.276431 323.569998 275.406127 191.444236 282.671543
77.900000 515.814321 375.385252 286.421346 229.738399 195.070661 173.339244 129.201862 89.789602 63.757159 498.983657 414.542252 323.780980 275.587940 191.575068 282.857760
77.950000 516.141221 375.627418 286.609714 229.892410 195.203614 173.458972 129.294650 89.858194 63.809640 499.300410 414.808064 323.991956 275.769748 191.705895 283.043970
78.000000 516.468109 375.869576 286.798076 230.046417 195.336563 173.578697 129.387436 89.926783 63.862120 499.617151 415.073866 324.202924 275.951550 191.836718 283.230174
78.050000 516.794986 376.111725 286.986431 230.200418 195.469507 173.698418 129.480219 89.995371 63.914599 499.933882 415.339659 324.413885 276.133345 191.967537 283.416372
78.100000 517.121851 376.353867 287.174781 230.354415 195.602447 173.818135 129.572999 90.063957 63.967076 500.250602 415.605443 324.624839 276.315135 192.098351 283.602564
78.150000 517.448705 376.595999 287.363123 230.508406 195.735383 173.937849 129.665777 90.132541 64.019552 500.567310 415.871217 324.835785 276.496918 192.229162 283.788749
78.200000 517.775547 376.838124 287.551460 230.662393 195.868315 174.057558 129.758552 90.201123 64.072027 500.884007 416.136983 325.046725 276.678695 192.359968 283.974929
78.250000 518.102378 377.080240 287.739790 230.816374 196.001243 174.177264 129.851324 90.269704 64.124501 501.200693 416.402739 325.257657 276.860467 192.490771 284.161102
78.300000 518.429197 377.322348 287.928114 230.970351 196.134167 174.296967 129.944094 90.338283 64.176974 501.517368 416.668486 325.468582 277.042232 192.621569 284.347269
78.350000 518.756004 377.564447 288.116432 231.124322 196.267086 174.416666 130.036860 90.406860 64.229446 501.834031 416.934224 325.679500 277.223991 192.752363 284.533429
78.400000 519.082800 377.806539 288.304744 231.278289 196.400001 174.536361 130.129625 90.475435 64.281916 502.150684 417.199952 325.890411 277.405744 192.883153 284.719584
78.450000 519.409585 378.048621 288.493049 231.432250 196.532912 174.656052 130.222386 90.544009 64.334385 502.467325 417.465671 326.101315 277.587492 193.013939 284.905732
78.500000 519.736358 378.290696 288.681348 231.586207 196.665819 174.775740 130.315145 90.612581 64.386854 502.783956 417.731381 326.312212 277.769233 193.144721 285.091874
78.550000 520.063119 378.532762 288.869640 231.740158 196.798721 174.895423 130.407901 90.681151 64.439321 503.100575 417.997082 326.523101 277.950968 193.275499 285.278010
78.600000 520.389869 378.774820 289.057927 231.894105 196.931620 175.015104 130.500655 90.749719 64.491786 503.417183 418.262774 326.733984 278.132697 193.406272 285.464139
78.650000 520.716608 379.016870 289.246207 232.048047 197.064514 175.134780 130.593406 90.818286 64.544251 503.733780 418.528457 326.944859 278.314420 193.537042 285.650263
78.700000 521.043335 379.258912 289.434481 232.201983 197.197404 175.254453 130.686154 90.886851 64.596715 504.050366 418.794130 327.155727 278.496137 193.667807 285.836380
78.750000 521.370051 379.500945 289.622748 232.355915 197.330290 175.374123 130.778899 90.955414 64.649177 504.366941 419.059794 327.366588 278.677848 193.798569 286.022491
78.800000 521.696755 379.742970 289.811010 232.509842 197.463172 175.493788 130.871642 91.023975 64.701639 504.683505 419.325450 327.577442 278.859553 193.929326 286.208597
78.850000 522.023448 379.984986 289.999265 232.663764 197.596049 175.613450 130.964382 91.092535 64.754099 505.000058 419.591095 327.788289 279.041253 194.060079 286.394695
78.900000 522.350129 380.226995 290.187514 232.817681 197.728923 175.733108 131.057120 91.161092 64.806558 505.316599 419.856732 327.999129 279.222946 194.190828 286.580788
78.950000 522.676799 380.468995 290.375757 232.971593 197.861792 175.852763 131.149855 91.229649 64.859016 505.633130 420.122360 328.209962 279.404633 194.321573 286.766875
79.000000 523.003458 380.710987 290.563993 233.125500 197.994657 175.972414 131.242587 91.298203 64.911472 505.949650 420.387979 328.420788 279.586314 194.452314 286.952955
79.050000 523.330105 380.952971 290.752224 233.279402 198.127518 176.092061 131.335317 91.366756 64.963928 506.266159 420.653588 328.631606 279.767989 194.583051 287.139029
79.100000 523.656741 381.194946 290.940448 233.433299 198.260375 176.211705 131.428044 91.435306 65.016382 506.582656 420.919189 328.842418 279.949659 194.713784 287.325098
79.150000 523.983365 381.436914 291.128665 233.587191 198.393228 176.331345 131.520768 91.503856 65.068836 506.899143 421.184780 329.053223 280.131322 194.844513 287.511160
79.200000 524.309979 381.678873 291.316877 233.741079 198.526076 176.450981 131.613490 91.572403 65.121288 507.215619 421.450362 329.264020 280.312979 194.975238 287.697216
79.250000 524.636580 381.920824 291.505083 233.894961 198.658921 176.570614 131.706209 91.640949 65.173739 507.532084 421.715936 329.474811 280.494631 195.105958 287.883265
79.300000 524.963171 382.162767 291.693282 234.048839 198.791761 176.690243 131.798926 91.709493 65.226189 507.848538 421.981500 329.685594 280.676276 195.236675 288.069309
79.350000 525.289750 382.404701 291.881475 234.202711 198.924597 176.809869 131.891639 91.778035 65.278638 508.164981 422.247055 329.896371 280.857916 195.367387 288.255347
79.400000 525.616318 382.646628 292.069662 234.356579 199.057429 176.929491 131.984351 91.846575 65.331085 508.481413 422.512601 330.107140 281.039549 195.498096 288.441378
79.450000 525.942875 382.888546 292.257843 234.510442 199.190257 177.049109 132.077059 91.915114 65.383532 508.797834 422.778138 330.317903 281.221177 195.628801 288.627404
79.500000 526.269420 383.130456 292.446018 234.664300 199.323081 177.168723 132.169765 91.983651 65.435977 509.114244 423.043666 330.528658 281.402799 195.759501 288.813423
79.550000 526.595954 383.372358 292.634186 234.818153 199.455901 177.288334 132.262468 92.052186 65.488421 509.430643 423.309185 330.739407 281.584415 195.890198 288.999437
79.600000 526.922477 383.614252 292.822348 234.972001 199.588717 177.407942 132.355169 92.120720 65.540864 509.747031 423.574695 330.950148 281.766025 196.020890 289.185444
79.650000 527.248988 383.856138 293.010505 235.125844 199.721528 177.527546 132.447867 92.189252 65.593306 510.063409 423.840196 331.160883 281.947629 196.151578 289.371445
79.700000 527.575488 384.098015 293.198655 235.279683 199.854336 177.647146 132.540563 92.257782 65.645747 510.379776 424.105688 331.371610 282.129227 196.282263 289.557440
79.750000 527.901977 384.339885 293.386799 235.433516 199.987139 177.766742 132.633255 92.326310 65.698187 510.696131 424.371171 331.582331 282.310819 196.412943 289.743429
79.800000 528.228455 384.581746 293.574936 235.587345 200.119938 177.886335 132.725946 92.394837 65.750625 511.012476 424.636645 331.793045 282.492405 196.543620 289.929412
79.850000 528.554922 384.823599 293.763068 235.741169 200.252733 178.005924 132.818633 92.463362 65.803063 511.328810 424.902110 332.003751 282.673986 196.674292 290.115389
79.900000 528.881377 385.065445 293.951193 235.894988 200.385525 178.125510 132.911318 92.531885 65.855499 511.645133 425.167566 332.214451 282.855560 196.804960 290.301360
79.950000 529.207821 385.307282 294.139313 236.048802 200.518312 178.245092 133.004001 92.600406 65.907934 511.961446 425.433013 332.425144 283.037129 196.935625 290.487325
80.000000 529.534254 385.549111 294.327426 236.202611 200.651095 178.364671 133.096681 92.668926 65.960368 512.277747 425.698451 332.635830 283.218692 197.066285 290.673284
80.050000 529.860676 385.790932 294.515533 236.356416 200.783873 178.484246 133.189358 92.737444 66.012801 512.594038 425.963880 332.846509 283.400249 197.196941 290.859236
80.100000 530.187086 386.032744 294.703634 236.510215 200.916648 178.603817 133.282032 92.805961 66.065233 512.910318 426.229301 333.057181 283.581800 197.327594 291.045183
80.150000 530.513486 386.274549 294.891729 236.664010 201.049419 178.723385 133.374704 92.874475 66.117664 513.226587 426.494712 333.267846 283.763345 197.458242 291.231124
80.200000 530.839874 386.516346 295.079818 236.817800 201.182186 178.842949 133.467374 92.942988 66.170093 513.542846 426.760114 333.478504 283.944885 197.588886 291.417059
80.250000 531.166251 386.758135 295.267901 236.971585 201.314948 178.962510 133.560041 93.011499 66.222522 513.859093 427.025508 333.689155 284.126418 197.719527 291.602988
80.300000 531.492617 386.999915 295.455978 237.125365 201.447707 179.082067 133.652705 93.080009 66.274949 514.175330 427.290893 333.899799 284.307946 197.850163 291.788910
80.350000 531.818972 387.241688 295.644049 237.279141 201.580461 179.201620 133.745366 93.148517 66.327375 514.491556 427.556268 334.110437 284.489468 197.980796 291.974827
80.400000 532.145316 387.483453 295.832113 237.432911 201.713212 179.321170 133.838025 93.217023 66.379800 514.807772 427.821635 334.321067 284.670984 198.111424 292.160738
80.450000 532.471649 387.725209 296.020172 237.586677 201.845958 179.440717 133.930682 93.285527 66.432224 515.123976 428.086993 334.531691 284.852494 198.242049 292.346643
80.500000 532.797970 387.966958 296.208224 237.740438 201.978700 179.560259 134.023336 93.354030 66.484647 515.440170 428.352342 334.742308 285.033999 198.372669 292.532541
80.550000 533.124281 388.208698 296.396271 237.894194 202.111439 179.679799 134.115987 93.422531 66.537069 515.756353 428.617682 334.952918 285.215497 198.503286 292.718434
80.600000 533.450580 388.450431 296.584311 238.047946 202.244173 179.799334 134.208636 93.491030 66.589490 516.072526 428.883014 335.163521 285.396990 198.633898 292.904321
80.650000 533.776868 388.692155 296.772345 238.201692 202.376903 179.918866 134.301282 93.559528 66.641909 516.388688 429.148336 335.374117 285.578477 198.764507 293.090202
80.700000 534.103146 388.933872 296.960374 238.355434 202.509629 180.038395 134.393925 93.628023 66.694327 516.704839 429.413650 335.584706 285.759958 198.895112 293.276077
80.750000 534.429412 389.175580 297.148396 238.509171 202.642352 180.157920 134.486566 93.696518 66.746745 517.020979 429.678955 335.795289 285.941434 199.025713 293.461946
80.800000 534.755667 389.417281 297.336412 238.662903 202.775070 180.277441 134.579205 93.765010 66.799161 517.337109 429.944251 336.005864 286.122903 199.156309 293.647809
80.850000 535.081911 389.658974 297.524423 238.816631 202.907784 180.396959 134.671841 93.833501 66.851576 517.653228 430.209538 336.216433 286.304367 199.286902 293.833666
80.900000 535.408145 389.900658 297.712427 238.970353 203.040494 180.516474 134.764474 93.901990 66.903990 517.969336 430.474816 336.426995 286.485825 199.417491 294.019517
80.950000 535.734367 390.142335 297.900425 239.124071 203.173200 180.635985 134.857105 93.970477 66.956403 518.285434 430.740086 336.637550 286.667277 199.548076 294.205362
81.000000 536.060578 390.384004 298.088417 239.277784 203.305902 180.755492 134.949733 94.038963 67.008814 518.601521 431.005347 336.848098 286.848724 199.678657 294.391202
81.050000 536.386778 390.625665 298.276403 239.431493 203.438600 180.874996 135.042358 94.107447 67.061225 518.917598 431.270599 337.058640 287.030165 199.809234 294.577035
81.100000 536.712967 390.867318 298.464384 239.585196 203.571294 180.994496 135.134981 94.175929 67.113634 519.233664 431.535842 337.269175 287.211600 199.939807 294.762863
81.150000 537.039146 391.108963 298.652358 239.738895 203.703984 181.113993 135.227602 94.244410 67.166043 519.549719 431.801076 337.479702 287.393029 200.070377 294.948684
81.200000 537.365313 391.350600 298.840326 239.892589 203.836670 181.233486 135.320220 94.312889 67.218450 519.865764 432.066302 337.690223 287.574452 200.200942 295.134500
81.250000 537.691469 391.592229 299.028288 240.046278 203.969352 181.352976 135.412835 94.381366 67.270856 520.181798 432.331519 337.900738 287.755870 200.331504 295.320309
81.300000 538.017615 391.833850 299.216244 240.199963 204.102031 181.472462 135.505448 94.449842 67.323261 520.497822 432.596727 338.111245 287.937282 200.462061 295.506113
