web/models/kne/15/Metzger_0.013086_0.256897_0.450000.dat
# %ECSV 0.9
# ---
# datatype:
# - {name: time, datatype: float64}
# - {name: sdss_u, datatype: float64}
# - {name: sdss_g, datatype: float64}
# - {name: sdss_r, datatype: float64}
# - {name: sdss_i, datatype: float64}
# - {name: sdss_z, datatype: float64}
# - {name: PS1_y, datatype: float64}
# - {name: ukirt_J, datatype: float64}
# - {name: ukirt_H, datatype: float64}
# - {name: ukirt_K, datatype: float64}
# - {name: johnson_U, datatype: float64}
# - {name: johnson_B, datatype: float64}
# - {name: johnson_V, datatype: float64}
# - {name: johnson_R, datatype: float64}
# - {name: johnson_I, datatype: float64}
# - {name: Clear, datatype: float64}
# meta: !!omap
# - comment: [vej = 0.25689655172413794, mej = 0.013086248836806117, Ye = 0.45, redshift = 0.0]
# schema: astropy-2.0
time sdss_u sdss_g sdss_r sdss_i sdss_z PS1_y ukirt_J ukirt_H ukirt_K johnson_U johnson_B johnson_V johnson_R johnson_I Clear
[from data line 1634]
81.800000 453.017123 329.064534 250.561671 200.559380 169.986486 150.826602 111.927706 77.220573 54.320796 438.159529 363.623690 283.525342 241.003957 166.904262 247.417664
81.850000 453.291507 329.267757 250.719712 200.688567 170.097987 150.926996 112.005476 77.278021 54.364714 438.425391 363.846771 283.702369 241.156488 167.013978 247.573893
81.900000 453.565884 329.470973 250.877749 200.817751 170.209486 151.027389 112.083244 77.335468 54.408632 438.691246 364.069845 283.879391 241.309015 167.123691 247.730118
81.950000 453.840252 329.674184 251.035782 200.946931 170.320982 151.127779 112.161011 77.392915 54.452549 438.957094 364.292913 284.056409 241.461539 167.233402 247.886338
82.000000 454.114614 329.877390 251.193810 201.076109 170.432475 151.228167 112.238776 77.450360 54.496466 439.222934 364.515975 284.233422 241.614058 167.343110 248.042555
82.050000 454.388967 330.080590 251.351834 201.205283 170.543966 151.328553 112.316539 77.507804 54.540382 439.488767 364.739031 284.410430 241.766573 167.452816 248.198767
82.100000 454.663313 330.283785 251.509855 201.334454 170.655454 151.428936 112.394301 77.565248 54.584297 439.754592 364.962080 284.587434 241.919085 167.562519 248.354976
82.150000 454.937651 330.486974 251.667871 201.463621 170.766939 151.529317 112.472061 77.622690 54.628212 440.020410 365.185124 284.764433 242.071592 167.672219 248.511180
82.200000 455.211981 330.690158 251.825883 201.592786 170.878422 151.629695 112.549819 77.680131 54.672126 440.286221 365.408161 284.941427 242.224096 167.781917 248.667380
82.250000 455.486304 330.893336 251.983891 201.721947 170.989902 151.730072 112.627576 77.737572 54.716040 440.552024 365.631193 285.118416 242.376595 167.891612 248.823577
82.300000 455.760619 331.096509 252.141895 201.851105 171.101379 151.830446 112.705331 77.795011 54.759953 440.817819 365.854218 285.295401 242.529091 168.001304 248.979769
82.350000 456.034926 331.299676 252.299895 201.980260 171.212854 151.930817 112.783084 77.852449 54.803865 441.083608 366.077237 285.472381 242.681583 168.110994 249.135957
82.400000 456.309226 331.502838 252.457890 202.109412 171.324326 152.031187 112.860836 77.909886 54.847777 441.349389 366.300251 285.649357 242.834071 168.220682 249.292141
82.450000 456.583518 331.705994 252.615882 202.238561 171.435795 152.131554 112.938587 77.967323 54.891688 441.615162 366.523258 285.826328 242.986555 168.330366 249.448321
82.500000 456.857803 331.909145 252.773870 202.367706 171.547262 152.231918 113.016335 78.024758 54.935599 441.880928 366.746259 286.003294 243.139035 168.440048 249.604498
82.550000 457.132079 332.112290 252.931853 202.496848 171.658726 152.332281 113.094082 78.082192 54.979509 442.146687 366.969254 286.180256 243.291511 168.549728 249.760670
82.600000 457.406349 332.315430 253.089833 202.625987 171.770187 152.432641 113.171828 78.139626 55.023419 442.412438 367.192243 286.357212 243.443983 168.659405 249.916838
82.650000 457.680610 332.518565 253.247808 202.755123 171.881646 152.532998 113.249572 78.197058 55.067328 442.678183 367.415226 286.534165 243.596452 168.769079 250.073002
82.700000 457.954864 332.721694 253.405779 202.884255 171.993102 152.633354 113.327314 78.254489 55.111236 442.943919 367.638202 286.711112 243.748916 168.878751 250.229162
82.750000 458.229111 332.924817 253.563747 203.013384 172.104556 152.733707 113.405054 78.311920 55.155144 443.209649 367.861173 286.888055 243.901377 168.988420 250.385318
82.800000 458.503349 333.127935 253.721710 203.142511 172.216006 152.834058 113.482793 78.369349 55.199051 443.475371 368.084138 287.064994 244.053833 169.098086 250.541470
82.850000 458.777580 333.331048 253.879669 203.271634 172.327455 152.934406 113.560531 78.426777 55.242958 443.741085 368.307096 287.241927 244.206286 169.207750 250.697618
82.900000 459.051804 333.534155 254.037624 203.400753 172.438900 153.034753 113.638266 78.484204 55.286864 444.006793 368.530049 287.418856 244.358735 169.317412 250.853762
82.950000 459.326020 333.737257 254.195575 203.529870 172.550343 153.135096 113.716000 78.541631 55.330769 444.272493 368.752996 287.595781 244.511180 169.427070 251.009902
83.000000 459.600228 333.940354 254.353522 203.658984 172.661783 153.235438 113.793733 78.599056 55.374674 444.538185 368.975936 287.772700 244.663621 169.536727 251.166038
83.050000 459.874429 334.143445 254.511465 203.788094 172.773221 153.335777 113.871464 78.656480 55.418578 444.803871 369.198871 287.949616 244.816058 169.646380 251.322170
83.100000 460.148622 334.346530 254.669404 203.917201 172.884656 153.436114 113.949193 78.713904 55.462482 445.069549 369.421799 288.126526 244.968492 169.756031 251.478298
83.150000 460.422808 334.549611 254.827338 204.046305 172.996088 153.536449 114.026921 78.771326 55.506385 445.335219 369.644722 288.303432 245.120921 169.865680 251.634422
83.200000 460.696986 334.752685 254.985269 204.175406 173.107518 153.636782 114.104647 78.828747 55.550287 445.600883 369.867638 288.480333 245.273347 169.975325 251.790543
83.250000 460.971157 334.955755 255.143196 204.304503 173.218945 153.737112 114.182371 78.886168 55.594189 445.866539 370.090549 288.657230 245.425768 170.084969 251.946659
83.300000 461.245320 335.158819 255.301119 204.433598 173.330370 153.837440 114.260094 78.943587 55.638091 446.132188 370.313454 288.834122 245.578186 170.194609 252.102771
83.350000 461.519475 335.361877 255.459037 204.562689 173.441791 153.937765 114.337815 79.001006 55.681991 446.397829 370.536352 289.011010 245.730600 170.304248 252.258879
83.400000 461.793623 335.564931 255.616952 204.691777 173.553211 154.038088 114.415535 79.058423 55.725892 446.663464 370.759245 289.187892 245.883010 170.413883 252.414983
83.450000 462.067763 335.767978 255.774863 204.820862 173.664627 154.138409 114.493253 79.115839 55.769791 446.929091 370.982131 289.364771 246.035417 170.523516 252.571083
83.500000 462.341896 335.971021 255.932769 204.949944 173.776041 154.238728 114.570969 79.173255 55.813690 447.194710 371.205012 289.541644 246.187819 170.633147 252.727180
83.550000 462.616021 336.174058 256.090672 205.079023 173.887453 154.339044 114.648684 79.230669 55.857589 447.460323 371.427886 289.718513 246.340218 170.742774 252.883272
83.600000 462.890139 336.377090 256.248570 205.208098 173.998861 154.439359 114.726397 79.288083 55.901486 447.725928 371.650755 289.895378 246.492612 170.852400 253.039360
83.650000 463.164250 336.580116 256.406465 205.337171 174.110267 154.539670 114.804109 79.345495 55.945384 447.991526 371.873618 290.072238 246.645003 170.962022 253.195445
83.700000 463.438352 336.783137 256.564355 205.466240 174.221671 154.639980 114.881819 79.402906 55.989280 448.257117 372.096474 290.249093 246.797390 171.071643 253.351525
83.750000 463.712448 336.986152 256.722242 205.595306 174.333072 154.740287 114.959527 79.460317 56.033176 448.522700 372.319325 290.425944 246.949773 171.181260 253.507602
83.800000 463.986535 337.189163 256.880124 205.724369 174.444470 154.840592 115.037234 79.517726 56.077072 448.788276 372.542170 290.602790 247.102153 171.290875 253.663674
83.850000 464.260616 337.392168 257.038003 205.853429 174.555866 154.940895 115.114939 79.575135 56.120967 449.053845 372.765009 290.779632 247.254528 171.400488 253.819743
83.900000 464.534689 337.595167 257.195877 205.982486 174.667259 155.041196 115.192643 79.632542 56.164861 449.319407 372.987842 290.956469 247.406900 171.510098 253.975807
83.950000 464.808754 337.798161 257.353748 206.111539 174.778649 155.141494 115.270345 79.689949 56.208755 449.584961 373.210668 291.133301 247.559268 171.619705 254.131868
84.000000 465.082812 338.001150 257.511614 206.240590 174.890037 155.241790 115.348045 79.747354 56.252648 449.850509 373.433489 291.310129 247.711632 171.729310 254.287925
84.050000 465.356862 338.204134 257.669477 206.369637 175.001423 155.342083 115.425744 79.804759 56.296541 450.116049 373.656304 291.486953 247.863992 171.838912 254.443977
84.100000 465.630905 338.407112 257.827336 206.498681 175.112805 155.442375 115.503441 79.862162 56.340433 450.381582 373.879114 291.663771 248.016348 171.948512 254.600026
84.150000 465.904941 338.610084 257.985190 206.627722 175.224185 155.542664 115.581137 79.919565 56.384324 450.647107 374.101917 291.840586 248.168701 172.058109 254.756071
84.200000 466.178969 338.813052 258.143041 206.756760 175.335563 155.642951 115.658831 79.976966 56.428215 450.912626 374.324714 292.017395 248.321050 172.167704 254.912112
84.250000 466.452989 339.016014 258.300887 206.885795 175.446938 155.743235 115.736524 80.034367 56.472105 451.178137 374.547505 292.194201 248.473395 172.277296 255.068149
84.300000 466.727002 339.218971 258.458730 207.014827 175.558310 155.843518 115.814214 80.091766 56.515995 451.443641 374.770291 292.371001 248.625736 172.386886 255.224182
84.350000 467.001008 339.421922 258.616569 207.143855 175.669680 155.943798 115.891904 80.149165 56.559884 451.709138 374.993070 292.547797 248.778073 172.496473 255.380212
84.400000 467.275006 339.624869 258.774403 207.272881 175.781047 156.044075 115.969591 80.206563 56.603773 451.974628 375.215844 292.724589 248.930406 172.606058 255.536237
84.450000 467.548997 339.827810 258.932234 207.401903 175.892411 156.144351 116.047278 80.263959 56.647660 452.240111 375.438612 292.901376 249.082736 172.715640 255.692258
84.500000 467.822981 340.030745 259.090061 207.530922 176.003773 156.244624 116.124962 80.321355 56.691548 452.505586 375.661374 293.078158 249.235062 172.825219 255.848276
84.550000 468.096957 340.233675 259.247884 207.659938 176.115133 156.344895 116.202645 80.378750 56.735435 452.771054 375.884130 293.254936 249.387384 172.934796 256.004289
84.600000 468.370926 340.436600 259.405702 207.788951 176.226490 156.445164 116.280326 80.436143 56.779321 453.036515 376.106880 293.431710 249.539702 173.044370 256.160299
84.650000 468.644887 340.639520 259.563517 207.917961 176.337844 156.545431 116.358006 80.493536 56.823206 453.301969 376.329624 293.608479 249.692017 173.153942 256.316305
84.700000 468.918841 340.842434 259.721328 208.046968 176.449195 156.645695 116.435684 80.550928 56.867091 453.567416 376.552362 293.785243 249.844327 173.263512 256.472307
84.750000 469.192787 341.045344 259.879135 208.175972 176.560544 156.745957 116.513361 80.608319 56.910976 453.832856 376.775095 293.962003 249.996634 173.373078 256.628305
84.800000 469.466726 341.248247 260.036938 208.304972 176.671891 156.846217 116.591036 80.665708 56.954860 454.098288 376.997821 294.138758 250.148937 173.482643 256.784299
84.850000 469.740658 341.451146 260.194737 208.433970 176.783235 156.946474 116.668709 80.723097 56.998743 454.363714 377.220542 294.315509 250.301237 173.592204 256.940289
84.900000 470.014582 341.654039 260.352532 208.562964 176.894576 157.046730 116.746381 80.780485 57.042626 454.629132 377.443257 294.492256 250.453532 173.701764 257.096275
84.950000 470.288499 341.856927 260.510323 208.691956 177.005915 157.146983 116.824052 80.837872 57.086508 454.894543 377.665966 294.668997 250.605824 173.811320 257.252258
85.000000 470.562409 342.059810 260.668111 208.820944 177.117251 157.247234 116.901720 80.895258 57.130389 455.159947 377.888669 294.845735 250.758112 173.920875 257.408236
85.050000 470.836311 342.262687 260.825894 208.949929 177.228585 157.347482 116.979388 80.952643 57.174270 455.425344 378.111366 295.022468 250.910396 174.030426 257.564211
85.100000 471.110206 342.465560 260.983673 209.078911 177.339916 157.447728 117.057053 81.010026 57.218151 455.690734 378.334058 295.199196 251.062677 174.139976 257.720182
85.150000 471.384093 342.668426 261.141449 209.207890 177.451244 157.547973 117.134717 81.067409 57.262031 455.956117 378.556743 295.375920 251.214953 174.249522 257.876148
85.200000 471.657973 342.871288 261.299220 209.336866 177.562570 157.648214 117.212380 81.124791 57.305910 456.221493 378.779423 295.552639 251.367226 174.359066 258.032111
85.250000 471.931846 343.074145 261.456988 209.465839 177.673893 157.748454 117.290040 81.182172 57.349789 456.486861 379.002097 295.729354 251.519495 174.468608 258.188071
85.300000 472.205712 343.276996 261.614751 209.594809 177.785214 157.848691 117.367700 81.239552 57.393667 456.752223 379.224765 295.906065 251.671761 174.578147 258.344026
85.350000 472.479570 343.479842 261.772511 209.723775 177.896532 157.948927 117.445357 81.296931 57.437544 457.017577 379.447427 296.082771 251.824022 174.687684 258.499977
85.400000 472.753421 343.682682 261.930267 209.852739 178.007848 158.049159 117.523014 81.354309 57.481421 457.282924 379.670084 296.259472 251.976280 174.797218 258.655925
85.450000 473.027264 343.885518 262.088019 209.981699 178.119161 158.149390 117.600668 81.411686 57.525297 457.548265 379.892734 296.436169 252.128534 174.906750 258.811868
85.500000 473.301100 344.088348 262.245767 210.110657 178.230472 158.249619 117.678321 81.469063 57.569173 457.813598 380.115379 296.612862 252.280785 175.016279 258.967808
85.550000 473.574929 344.291173 262.403511 210.239611 178.341780 158.349845 117.755973 81.526438 57.613048 458.078924 380.338018 296.789550 252.433031 175.125806 259.123744
85.600000 473.848751 344.493993 262.561251 210.368562 178.453085 158.450069 117.833623 81.583812 57.656923 458.344243 380.560651 296.966233 252.585274 175.235330 259.279676
85.650000 474.122565 344.696807 262.718987 210.497511 178.564388 158.550291 117.911271 81.641185 57.700797 458.609555 380.783279 297.142913 252.737513 175.344851 259.435604
85.700000 474.396372 344.899617 262.876720 210.626456 178.675689 158.650510 117.988918 81.698557 57.744670 458.874860 381.005900 297.319587 252.889749 175.454370 259.591529
85.750000 474.670172 345.102421 263.034448 210.755398 178.786987 158.750728 118.066563 81.755929 57.788543 459.140158 381.228516 297.496258 253.041980 175.563887 259.747449
85.800000 474.943965 345.305220 263.192173 210.884337 178.898282 158.850943 118.144206 81.813299 57.832416 459.405449 381.451126 297.672923 253.194208 175.673401 259.903366
85.850000 475.217750 345.508014 263.349893 211.013273 179.009575 158.951156 118.221848 81.870668 57.876287 459.670733 381.673730 297.849585 253.346432 175.782913 260.059279
85.900000 475.491528 345.710802 263.507610 211.142206 179.120865 159.051366 118.299489 81.928036 57.920158 459.936010 381.896329 298.026242 253.498653 175.892422 260.215188
85.950000 475.765298 345.913585 263.665323 211.271136 179.232152 159.151575 118.377128 81.985404 57.964029 460.201280 382.118921 298.202894 253.650869 176.001929 260.371093
86.000000 476.039062 346.116363 263.823032 211.400063 179.343438 159.251781 118.454765 82.042770 58.007899 460.466543 382.341508 298.379542 253.803082 176.111433 260.526994
86.050000 476.312818 346.319136 263.980737 211.528987 179.454720 159.351985 118.532401 82.100136 58.051768 460.731799 382.564089 298.556186 253.955292 176.220935 260.682892
86.100000 476.586567 346.521904 264.138438 211.657908 179.566000 159.452187 118.610035 82.157500 58.095637 460.997047 382.786665 298.732825 254.107497 176.330434 260.838786
86.150000 476.860309 346.724667 264.296136 211.786825 179.677278 159.552387 118.687668 82.214864 58.139506 461.262289 383.009234 298.909460 254.259699 176.439931 260.994675
86.200000 477.134043 346.927424 264.453829 211.915740 179.788553 159.652584 118.765299 82.272226 58.183373 461.527524 383.231798 299.086090 254.411897 176.549425 261.150561
86.250000 477.407770 347.130176 264.611519 212.044652 179.899825 159.752779 118.842929 82.329588 58.227240 461.792752 383.454356 299.262716 254.564091 176.658917 261.306444
86.300000 477.681490 347.332923 264.769205 212.173560 180.011095 159.852972 118.920557 82.386948 58.271107 462.057973 383.676909 299.439338 254.716282 176.768406 261.462322
