web/models/kne/15/Metzger_0.212177_0.030000_0.100000.dat
# %ECSV 0.9
# ---
# datatype:
# - {name: time, datatype: float64}
# - {name: sdss_u, datatype: float64}
# - {name: sdss_g, datatype: float64}
# - {name: sdss_r, datatype: float64}
# - {name: sdss_i, datatype: float64}
# - {name: sdss_z, datatype: float64}
# - {name: PS1_y, datatype: float64}
# - {name: ukirt_J, datatype: float64}
# - {name: ukirt_H, datatype: float64}
# - {name: ukirt_K, datatype: float64}
# - {name: johnson_U, datatype: float64}
# - {name: johnson_B, datatype: float64}
# - {name: johnson_V, datatype: float64}
# - {name: johnson_R, datatype: float64}
# - {name: johnson_I, datatype: float64}
# - {name: Clear, datatype: float64}
# meta: !!omap
# - comment: [vej = 0.03, mej = 0.2121769878034849, Ye = 0.1, redshift = 0.0]
# schema: astropy-2.0
time sdss_u sdss_g sdss_r sdss_i sdss_z PS1_y ukirt_J ukirt_H ukirt_K johnson_U johnson_B johnson_V johnson_R johnson_I Clear
[from data line 2519]
126.050000 104.702142 71.420698 50.485634 37.247425 29.208720 24.200148 14.128984 5.314466 -0.346045 100.702480 80.677617 59.258030 47.948131 28.401296 49.650598
126.100000 104.761048 71.464178 50.519320 37.274856 29.232318 24.221337 14.145269 5.326346 -0.337098 100.759539 80.725402 59.295831 47.980623 28.424506 49.683891
126.150000 104.819956 71.507659 50.553007 37.302288 29.255915 24.242528 14.161555 5.338227 -0.328151 100.816599 80.773188 59.333634 48.013115 28.447717 49.717185
126.200000 104.878864 71.551141 50.586694 37.329721 29.279514 24.263719 14.177841 5.350108 -0.319203 100.873661 80.820975 59.371438 48.045608 28.470929 49.750480
126.250000 104.937774 71.594625 50.620383 37.357154 29.303114 24.284910 14.194128 5.361989 -0.310254 100.930723 80.868763 59.409242 48.078102 28.494141 49.783775
126.300000 104.996686 71.638109 50.654072 37.384588 29.326714 24.306103 14.210415 5.373871 -0.301306 100.987787 80.916552 59.447047 48.110597 28.517354 49.817072
126.350000 105.055598 71.681594 50.687762 37.412023 29.350314 24.327296 14.226703 5.385754 -0.292356 101.044852 80.964342 59.484853 48.143093 28.540568 49.850369
126.400000 105.114512 71.725080 50.721453 37.439459 29.373916 24.348489 14.242992 5.397637 -0.283406 101.101918 81.012134 59.522660 48.175589 28.563782 49.883667
126.450000 105.173426 71.768567 50.755145 37.466895 29.397518 24.369683 14.259281 5.409520 -0.274456 101.158985 81.059926 59.560468 48.208087 28.586998 49.916966
126.500000 105.232342 71.812055 50.788837 37.494332 29.421121 24.390878 14.275571 5.421404 -0.265505 101.216054 81.107719 59.598277 48.240585 28.610213 49.950265
126.550000 105.291259 71.855543 50.822531 37.521770 29.444724 24.412074 14.291861 5.433289 -0.256554 101.273123 81.155513 59.636087 48.273083 28.633430 49.983566
126.600000 105.350177 71.899033 50.856225 37.549208 29.468328 24.433270 14.308152 5.445174 -0.247603 101.330194 81.203308 59.673897 48.305583 28.656647 50.016867
126.650000 105.409096 71.942524 50.889920 37.576647 29.491933 24.454467 14.324443 5.457059 -0.238650 101.387265 81.251104 59.711708 48.338083 28.679864 50.050169
126.700000 105.468017 71.986015 50.923615 37.604087 29.515538 24.475664 14.340735 5.468945 -0.229698 101.444338 81.298901 59.749520 48.370584 28.703082 50.083472
126.750000 105.526938 72.029507 50.957312 37.631528 29.539144 24.496862 14.357028 5.480832 -0.220745 101.501411 81.346699 59.787333 48.403086 28.726301 50.116775
126.800000 105.585860 72.073001 50.991009 37.658969 29.562751 24.518060 14.373321 5.492719 -0.211791 101.558486 81.394497 59.825147 48.435589 28.749521 50.150080
126.850000 105.644783 72.116495 51.024707 37.686410 29.586358 24.539260 14.389615 5.504606 -0.202837 101.615562 81.442297 59.862961 48.468092 28.772741 50.183385
126.900000 105.703708 72.159990 51.058405 37.713853 29.609966 24.560459 14.405909 5.516494 -0.193883 101.672638 81.490098 59.900777 48.500596 28.795962 50.216690
126.950000 105.762633 72.203485 51.092105 37.741296 29.633574 24.581660 14.422203 5.528383 -0.184928 101.729716 81.537899 59.938593 48.533101 28.819183 50.249997
127.000000 105.821559 72.246982 51.125805 37.768740 29.657183 24.602860 14.438498 5.540272 -0.175973 101.786795 81.585701 59.976409 48.565606 28.842405 50.283304
127.050000 105.880487 72.290479 51.159505 37.796184 29.680793 24.624062 14.454794 5.552161 -0.167017 101.843874 81.633504 60.014227 48.598112 28.865628 50.316611
127.100000 105.939415 72.333977 51.193207 37.823629 29.704403 24.645264 14.471090 5.564051 -0.158061 101.900955 81.681308 60.052045 48.630619 28.888851 50.349920
127.150000 105.998344 72.377476 51.226909 37.851075 29.728014 24.666466 14.487387 5.575941 -0.149104 101.958036 81.729113 60.089864 48.663126 28.912074 50.383229
127.200000 106.057274 72.420976 51.260612 37.878521 29.751625 24.687670 14.503684 5.587832 -0.140147 102.015118 81.776919 60.127684 48.695634 28.935299 50.416539
127.250000 106.116205 72.464476 51.294315 37.905968 29.775237 24.708873 14.519982 5.599723 -0.131190 102.072201 81.824725 60.165504 48.728143 28.958523 50.449849
127.300000 106.175137 72.507977 51.328019 37.933415 29.798850 24.730077 14.536280 5.611615 -0.122232 102.129285 81.872532 60.203325 48.760652 28.981749 50.483161
127.350000 106.234070 72.551479 51.361724 37.960863 29.822463 24.751282 14.552579 5.623507 -0.113274 102.186370 81.920340 60.241147 48.793162 29.004975 50.516472
127.400000 106.293003 72.594982 51.395429 37.988312 29.846077 24.772487 14.568878 5.635400 -0.104315 102.243456 81.968149 60.278969 48.825673 29.028201 50.549785
127.450000 106.351938 72.638485 51.429135 38.015761 29.869691 24.793693 14.585178 5.647293 -0.095356 102.300543 82.015959 60.316792 48.858184 29.051428 50.583098
127.500000 106.410873 72.681989 51.462842 38.043211 29.893305 24.814899 14.601478 5.659186 -0.086396 102.357630 82.063769 60.354616 48.890696 29.074656 50.616411
127.550000 106.469809 72.725494 51.496549 38.070661 29.916921 24.836106 14.617778 5.671080 -0.077437 102.414718 82.111580 60.392440 48.923208 29.097884 50.649726
127.600000 106.528746 72.768999 51.530257 38.098112 29.940536 24.857314 14.634079 5.682975 -0.068476 102.471807 82.159391 60.430265 48.955722 29.121112 50.683041
127.650000 106.587684 72.812505 51.563966 38.125564 29.964153 24.878521 14.650381 5.694869 -0.059515 102.528897 82.207204 60.468091 48.988235 29.144342 50.716356
127.700000 106.646622 72.856012 51.597675 38.153016 29.987769 24.899730 14.666683 5.706765 -0.050554 102.585987 82.255017 60.505917 49.020749 29.167571 50.749672
127.750000 106.705562 72.899520 51.631384 38.180468 30.011387 24.920939 14.682985 5.718660 -0.041593 102.643079 82.302831 60.543744 49.053264 29.190801 50.782989
127.800000 106.764502 72.943028 51.665094 38.207921 30.035005 24.942148 14.699288 5.730556 -0.032631 102.700171 82.350645 60.581571 49.085780 29.214032 50.816306
127.850000 106.823442 72.986536 51.698805 38.235375 30.058623 24.963358 14.715592 5.742453 -0.023668 102.757263 82.398460 60.619399 49.118295 29.237263 50.849624
127.900000 106.882384 73.030046 51.732516 38.262829 30.082242 24.984568 14.731895 5.754350 -0.014705 102.814357 82.446276 60.657228 49.150812 29.260495 50.882942
127.950000 106.941326 73.073555 51.766228 38.290284 30.105861 25.005779 14.748200 5.766247 -0.005742 102.871451 82.494092 60.695057 49.183329 29.283727 50.916261
128.000000 107.000269 73.117066 51.799941 38.317739 30.129481 25.026990 14.764504 5.778145 0.003221 102.928546 82.541909 60.732887 49.215846 29.306959 50.949580
128.050000 107.059212 73.160577 51.833653 38.345194 30.153101 25.048201 14.780809 5.790043 0.012185 102.985641 82.589726 60.770717 49.248364 29.330192 50.982900
128.100000 107.118156 73.204089 51.867367 38.372650 30.176722 25.069413 14.797115 5.801941 0.021150 103.042737 82.637545 60.808548 49.280883 29.353426 51.016221
128.150000 107.177101 73.247601 51.901081 38.400107 30.200343 25.090626 14.813421 5.813840 0.030114 103.099834 82.685363 60.846380 49.313402 29.376660 51.049542
128.200000 107.236046 73.291114 51.934795 38.427564 30.223964 25.111839 14.829727 5.825740 0.039079 103.156931 82.733183 60.884211 49.345922 29.399894 51.082863
128.250000 107.294992 73.334627 51.968510 38.455021 30.247586 25.133052 14.846034 5.837639 0.048045 103.214029 82.781003 60.922044 49.378442 29.423129 51.116185
128.300000 107.353939 73.378141 52.002226 38.482479 30.271209 25.154266 14.862341 5.849539 0.057011 103.271128 82.828823 60.959877 49.410962 29.446364 51.149507
128.350000 107.412886 73.421655 52.035941 38.509938 30.294832 25.175480 14.878649 5.861440 0.065977 103.328227 82.876644 60.997710 49.443483 29.469600 51.182830
128.400000 107.471834 73.465170 52.069658 38.537396 30.318455 25.196695 14.894957 5.873341 0.074944 103.385326 82.924465 61.035544 49.476005 29.492836 51.216154
128.450000 107.530782 73.508685 52.103375 38.564856 30.342079 25.217910 14.911265 5.885242 0.083910 103.442427 82.972287 61.073378 49.508527 29.516073 51.249477
128.500000 107.589731 73.552201 52.137092 38.592315 30.365703 25.239126 14.927574 5.897143 0.092878 103.499527 83.020110 61.111213 49.541049 29.539310 51.282802
128.550000 107.648681 73.595717 52.170810 38.619775 30.389327 25.260342 14.943883 5.909045 0.101845 103.556629 83.067933 61.149049 49.573572 29.562547 51.316126
128.600000 107.707631 73.639234 52.204528 38.647236 30.412952 25.281558 14.960192 5.920948 0.110814 103.613730 83.115756 61.186884 49.606095 29.585785 51.349451
128.650000 107.766581 73.682751 52.238246 38.674697 30.436578 25.302774 14.976502 5.932850 0.119782 103.670833 83.163580 61.224721 49.638619 29.609023 51.382777
128.700000 107.825532 73.726269 52.271965 38.702158 30.460204 25.323992 14.992813 5.944754 0.128751 103.727936 83.211405 61.262557 49.671143 29.632262 51.416103
128.750000 107.884483 73.769787 52.305685 38.729620 30.483830 25.345209 15.009123 5.956657 0.137720 103.785039 83.259229 61.300394 49.703667 29.655501 51.449429
128.800000 107.943435 73.813306 52.339405 38.757082 30.507456 25.366427 15.025434 5.968561 0.146689 103.842142 83.307055 61.338232 49.736192 29.678740 51.482756
128.850000 108.002387 73.856824 52.373125 38.784545 30.531083 25.387645 15.041746 5.980465 0.155659 103.899246 83.354880 61.376069 49.768717 29.701980 51.516083
128.900000 108.061340 73.900344 52.406845 38.812008 30.554711 25.408864 15.058057 5.992369 0.164629 103.956351 83.402706 61.413908 49.801243 29.725220 51.549411
128.950000 108.120293 73.943864 52.440566 38.839471 30.578338 25.430082 15.074369 6.004274 0.173600 104.013456 83.450533 61.451746 49.833769 29.748460 51.582739
129.000000 108.179247 73.987384 52.474288 38.866934 30.601966 25.451302 15.090682 6.016179 0.182570 104.070561 83.498360 61.489585 49.866295 29.771701 51.616067
129.050000 108.238200 74.030904 52.508009 38.894398 30.625595 25.472521 15.106995 6.028085 0.191542 104.127667 83.546187 61.527425 49.898822 29.794942 51.649396
129.100000 108.297155 74.074425 52.541731 38.921863 30.649223 25.493741 15.123308 6.039991 0.200513 104.184773 83.594015 61.565264 49.931349 29.818184 51.682725
129.150000 108.356109 74.117946 52.575454 38.949327 30.672852 25.514962 15.139621 6.051897 0.209485 104.241880 83.641843 61.603104 49.963877 29.841426 51.716054
129.200000 108.415064 74.161468 52.609176 38.976792 30.696482 25.536182 15.155935 6.063803 0.218457 104.298986 83.689671 61.640945 49.996405 29.864668 51.749384
129.250000 108.474019 74.204989 52.642899 39.004258 30.720111 25.557403 15.172249 6.075710 0.227430 104.356093 83.737500 61.678786 50.028933 29.887910 51.782714
129.300000 108.532975 74.248512 52.676623 39.031723 30.743741 25.578624 15.188563 6.087617 0.236402 104.413201 83.785328 61.716627 50.061461 29.911153 51.816044
129.350000 108.591931 74.292034 52.710347 39.059189 30.767372 25.599846 15.204878 6.099525 0.245375 104.470309 83.833158 61.754468 50.093990 29.934396 51.849375
129.400000 108.650887 74.335557 52.744070 39.086655 30.791002 25.621068 15.221193 6.111433 0.254349 104.527417 83.880987 61.792310 50.126519 29.957640 51.882706
129.450000 108.709844 74.379080 52.777795 39.114122 30.814633 25.642290 15.237508 6.123341 0.263323 104.584525 83.928817 61.830152 50.159048 29.980883 51.916037
129.500000 108.768800 74.422603 52.811519 39.141589 30.838264 25.663513 15.253824 6.135249 0.272297 104.641634 83.976647 61.867994 50.191578 30.004127 51.949369
129.550000 108.827757 74.466127 52.845244 39.169056 30.861896 25.684735 15.270140 6.147158 0.281271 104.698742 84.024478 61.905836 50.224108 30.027372 51.982701
129.600000 108.886714 74.509651 52.878969 39.196523 30.885528 25.705959 15.286456 6.159067 0.290246 104.755851 84.072308 61.943679 50.256638 30.050616 52.016033
129.650000 108.945672 74.553175 52.912695 39.223991 30.909160 25.727182 15.302773 6.170976 0.299221 104.812961 84.120139 61.981522 50.289168 30.073861 52.049365
129.700000 109.004629 74.596699 52.946420 39.251459 30.932792 25.748406 15.319090 6.182886 0.308196 104.870070 84.167970 62.019365 50.321699 30.097106 52.082698
129.750000 109.063587 74.640224 52.980146 39.278927 30.956425 25.769629 15.335407 6.194796 0.317172 104.927180 84.215801 62.057209 50.354230 30.120352 52.116030
129.800000 109.122545 74.683748 53.013872 39.306396 30.980058 25.790854 15.351724 6.206706 0.326147 104.984290 84.263633 62.095053 50.386761 30.143598 52.149364
129.850000 109.181503 74.727273 53.047599 39.333864 31.003691 25.812078 15.368042 6.218616 0.335124 105.041400 84.311464 62.132896 50.419293 30.166843 52.182697
129.900000 109.240462 74.770799 53.081325 39.361333 31.027324 25.833303 15.384360 6.230527 0.344100 105.098510 84.359296 62.170741 50.451824 30.190090 52.216030
129.950000 109.299420 74.814324 53.115052 39.388803 31.050958 25.854528 15.400678 6.242438 0.353077 105.155620 84.407128 62.208585 50.484356 30.213336 52.249364
130.000000 109.358379 74.857849 53.148779 39.416272 31.074592 25.875753 15.416997 6.254349 0.362054 105.212730 84.454961 62.246430 50.516888 30.236583 52.282698
130.050000 109.417337 74.901375 53.182506 39.443742 31.098226 25.896978 15.433315 6.266261 0.371031 105.269841 84.502793 62.284274 50.549421 30.259830 52.316032
130.100000 109.476296 74.944901 53.216233 39.471211 31.121860 25.918204 15.449634 6.278173 0.380009 105.326952 84.550625 62.322119 50.581953 30.283077 52.349367
130.150000 109.535255 74.988427 53.249961 39.498681 31.145495 25.939430 15.465954 6.290085 0.388987 105.384062 84.598458 62.359964 50.614486 30.306324 52.382701
130.200000 109.594214 75.031953 53.283689 39.526152 31.169130 25.960656 15.482273 6.301997 0.397965 105.441173 84.646291 62.397809 50.647018 30.329572 52.416036
130.250000 109.653173 75.075479 53.317417 39.553622 31.192765 25.981883 15.498593 6.313910 0.406944 105.498284 84.694123 62.435655 50.679551 30.352820 52.449371
130.300000 109.712132 75.119006 53.351145 39.581093 31.216400 26.003109 15.514913 6.325823 0.415922 105.555395 84.741956 62.473500 50.712085 30.376068 52.482706
130.350000 108.521648 74.246116 52.679898 39.038620 30.752858 25.589135 15.201913 6.103518 0.254001 104.402943 83.780440 61.717519 50.065428 29.920493 51.819547
130.400000 108.580047 74.289227 52.713303 39.065826 30.776264 25.610155 15.218073 6.115312 0.262888 104.459512 83.827818 61.755003 50.097649 29.943516 51.852562
130.450000 108.638447 74.332339 52.746708 39.093032 30.799671 25.631176 15.234233 6.127106 0.271776 104.516081 83.875196 61.792486 50.129870 29.966540 51.885578
130.500000 108.696846 74.375450 52.780113 39.120239 30.823078 25.652197 15.250394 6.138901 0.280664 104.572649 83.922573 61.829970 50.162092 29.989563 51.918594
130.550000 108.755245 74.418562 52.813518 39.147445 30.846485 25.673218 15.266554 6.150696 0.289552 104.629218 83.969951 61.867454 50.194313 30.012587 51.951610
130.600000 108.813645 74.461674 52.846923 39.174652 30.869892 25.694239 15.282715 6.162491 0.298441 104.685786 84.017329 61.904939 50.226535 30.035610 51.984626
130.650000 108.872044 74.504785 52.880329 39.201859 30.893300 25.715261 15.298876 6.174286 0.307330 104.742355 84.064706 61.942423 50.258757 30.058634 52.017642
130.700000 108.930443 74.547897 52.913734 39.229066 30.916707 25.736283 15.315037 6.186082 0.316219 104.798923 84.112084 61.979907 50.290979 30.081658 52.050658
130.750000 108.988842 74.591009 52.947140 39.256273 30.940115 25.757304 15.331199 6.197878 0.325108 104.855492 84.159462 62.017391 50.323201 30.104683 52.083675
130.800000 109.047241 74.634120 52.980546 39.283480 30.963523 25.778326 15.347360 6.209674 0.333997 104.912060 84.206840 62.054876 50.355423 30.127707 52.116691
130.850000 109.105640 74.677232 53.013952 39.310687 30.986931 25.799349 15.363522 6.221470 0.342887 104.968629 84.254217 62.092360 50.387645 30.150732 52.149707
130.900000 109.164039 74.720344 53.047357 39.337895 31.010340 25.820371 15.379684 6.233267 0.351777 105.025197 84.301595 62.129845 50.419867 30.173756 52.182724
