web/models/kne/15/Metzger_0.002920_0.370345_0.450000.dat
# %ECSV 0.9
# ---
# datatype:
# - {name: time, datatype: float64}
# - {name: sdss_u, datatype: float64}
# - {name: sdss_g, datatype: float64}
# - {name: sdss_r, datatype: float64}
# - {name: sdss_i, datatype: float64}
# - {name: sdss_z, datatype: float64}
# - {name: PS1_y, datatype: float64}
# - {name: ukirt_J, datatype: float64}
# - {name: ukirt_H, datatype: float64}
# - {name: ukirt_K, datatype: float64}
# - {name: johnson_U, datatype: float64}
# - {name: johnson_B, datatype: float64}
# - {name: johnson_V, datatype: float64}
# - {name: johnson_R, datatype: float64}
# - {name: johnson_I, datatype: float64}
# - {name: Clear, datatype: float64}
# meta: !!omap
# - comment: [vej = 0.3703448275862069, mej = 0.002919709587218229, Ye = 0.45, redshift = 0.0]
# schema: astropy-2.0
time sdss_u sdss_g sdss_r sdss_i sdss_z PS1_y ukirt_J ukirt_H ukirt_K johnson_U johnson_B johnson_V johnson_R johnson_I Clear
[from data line 2687]
134.450000 nan nan nan 612.199544 525.592818 471.244084 360.661746 261.569670 195.802494 nan nan nan 726.605649 516.854046 nan
134.500000 nan nan nan 612.422837 525.785744 471.417939 360.796753 261.669784 195.879376 nan nan nan 726.869025 517.043906 nan
134.550000 nan nan nan 612.646127 525.978666 471.591792 360.931757 261.769896 195.956256 nan nan nan 727.132397 517.233763 nan
134.600000 nan nan nan 612.869412 526.171586 471.765642 361.066760 261.870006 196.033135 nan nan nan 727.395765 517.423617 nan
134.650000 nan nan nan 613.092695 526.364502 471.939489 361.201760 261.970115 196.110014 nan nan nan 727.659129 517.613468 nan
134.700000 nan nan nan 613.315974 526.557416 472.113333 361.336759 262.070223 196.186891 nan nan nan 727.922488 517.803317 nan
134.750000 nan nan nan 613.539249 526.750326 472.287175 361.471755 262.170329 196.263767 nan nan nan 728.185843 517.993162 nan
134.800000 nan nan nan 613.762521 526.943234 472.461013 361.606749 262.270433 196.340643 nan nan nan 728.449194 518.183004 nan
134.850000 nan nan nan 613.985789 527.136138 472.634850 361.741741 262.370537 196.417517 nan nan nan 728.712540 518.372843 nan
134.900000 nan nan nan 614.209053 527.329040 472.808683 361.876732 262.470639 196.494390 nan nan nan 728.975883 518.562680 nan
134.950000 nan nan nan 614.432314 527.521938 472.982514 362.011720 262.570739 196.571262 nan nan nan 729.239221 518.752513 nan
135.000000 nan nan nan 614.655572 527.714833 473.156342 362.146706 262.670838 196.648133 nan nan nan 729.502554 518.942343 nan
135.050000 nan nan nan 614.878826 527.907726 473.330168 362.281690 262.770935 196.725003 nan nan nan 729.765884 519.132170 nan
135.100000 nan nan nan 615.102076 528.100615 473.503990 362.416672 262.871031 196.801872 nan nan nan 730.029209 519.321995 nan
135.150000 nan nan nan 615.325323 528.293501 473.677810 362.551652 262.971126 196.878740 nan nan nan 730.292530 519.511816 nan
135.200000 nan nan nan 615.548566 528.486384 473.851628 362.686630 263.071219 196.955607 nan nan nan 730.555847 519.701635 nan
135.250000 nan nan nan 615.771806 528.679264 474.025442 362.821606 263.171311 197.032473 nan nan nan 730.819160 519.891450 nan
135.300000 nan nan nan 615.995042 528.872142 474.199254 362.956580 263.271401 197.109338 nan nan nan 731.082468 520.081263 nan
135.350000 nan nan nan 616.218275 529.065016 474.373063 363.091552 263.371490 197.186202 nan nan nan 731.345773 520.271072 nan
135.400000 nan nan nan 616.441504 529.257887 474.546870 363.226522 263.471578 197.263064 nan nan nan 731.609073 520.460879 nan
135.450000 nan nan nan 616.664729 529.450755 474.720674 363.361490 263.571664 197.339926 nan nan nan 731.872368 520.650682 nan
135.500000 nan nan nan 616.887952 529.643620 474.894475 363.496456 263.671748 197.416787 nan nan nan 732.135660 520.840483 nan
135.550000 nan nan nan 617.111170 529.836482 475.068273 363.631420 263.771832 197.493647 nan nan nan 732.398947 521.030280 nan
135.600000 nan nan nan 617.334385 530.029341 475.242069 363.766382 263.871913 197.570505 nan nan nan 732.662230 521.220075 nan
135.650000 nan nan nan 617.557597 530.222197 475.415862 363.901342 263.971994 197.647363 nan nan nan 732.925509 521.409867 nan
135.700000 nan nan nan 617.780804 530.415051 475.589653 364.036299 264.072073 197.724220 nan nan nan 733.188784 521.599656 nan
135.750000 nan nan nan 618.004009 530.607901 475.763441 364.171255 264.172150 197.801075 nan nan nan 733.452054 521.789441 nan
135.800000 nan nan nan 618.227210 530.800748 475.937226 364.306209 264.272226 197.877930 nan nan nan 733.715321 521.979224 nan
135.850000 nan nan nan 618.450407 530.993592 476.111008 364.441161 264.372301 197.954783 nan nan nan 733.978583 522.169004 nan
135.900000 nan nan nan 618.673601 531.186433 476.284788 364.576110 264.472374 198.031636 nan nan nan 734.241840 522.358781 nan
135.950000 nan nan nan 618.896791 531.379271 476.458565 364.711058 264.572446 198.108487 nan nan nan 734.505094 522.548555 nan
136.000000 nan nan nan 619.119978 531.572106 476.632339 364.846004 264.672516 198.185338 nan nan nan 734.768344 522.738326 nan
136.050000 nan nan nan 619.343161 531.764938 476.806111 364.980947 264.772585 198.262187 nan nan nan 735.031589 522.928094 nan
136.100000 nan nan nan 619.566341 531.957767 476.979880 365.115889 264.872653 198.339035 nan nan nan 735.294830 523.117860 nan
136.150000 nan nan nan 619.789517 532.150593 477.153646 365.250829 264.972719 198.415883 nan nan nan 735.558067 523.307622 nan
136.200000 nan nan nan 620.012690 532.343416 477.327410 365.385766 265.072783 198.492729 nan nan nan 735.821299 523.497381 nan
136.250000 nan nan nan 620.235859 532.536236 477.501171 365.520702 265.172847 198.569574 nan nan nan 736.084528 523.687137 nan
136.300000 nan nan nan 620.459025 532.729053 477.674929 365.655635 265.272909 198.646419 nan nan nan 736.347752 523.876891 nan
136.350000 nan nan nan 620.682187 532.921867 477.848685 365.790567 265.372969 198.723262 nan nan nan 736.610972 524.066641 nan
136.400000 nan nan nan 620.905346 533.114678 478.022437 365.925496 265.473028 198.800104 nan nan nan 736.874188 524.256389 nan
136.450000 nan nan nan 621.128501 533.307486 478.196188 366.060424 265.573086 198.876945 nan nan nan 737.137400 524.446133 nan
136.500000 nan nan nan 621.351653 533.500291 478.369935 366.195350 265.673142 198.953786 nan nan nan 737.400607 524.635875 nan
136.550000 nan nan nan 621.574801 533.693093 478.543680 366.330273 265.773197 199.030625 nan nan nan 737.663811 524.825614 nan
136.600000 nan nan nan 621.797946 533.885893 478.717423 366.465195 265.873250 199.107463 nan nan nan 737.927010 525.015349 nan
136.650000 nan nan nan 622.021087 534.078689 478.891162 366.600114 265.973302 199.184300 nan nan nan 738.190205 525.205082 nan
136.700000 nan nan nan 622.244225 534.271482 479.064899 366.735032 266.073352 199.261136 nan nan nan 738.453396 525.394812 nan
136.750000 nan nan nan 622.467359 534.464272 479.238634 366.869947 266.173401 199.337971 nan nan nan 738.716583 525.584539 nan
136.800000 nan nan nan 622.690490 534.657059 479.412365 367.004861 266.273449 199.414805 nan nan nan 738.979765 525.774263 nan
136.850000 nan nan nan 622.913617 534.849843 479.586094 367.139772 266.373495 199.491638 nan nan nan 739.242943 525.963984 nan
136.900000 nan nan nan 623.136741 535.042625 479.759821 367.274682 266.473540 199.568470 nan nan nan 739.506118 526.153703 nan
136.950000 nan nan nan 623.359861 535.235403 479.933544 367.409589 266.573584 199.645301 nan nan nan inf 526.343418 nan
137.000000 nan nan nan 623.582978 535.428178 480.107265 367.544495 266.673626 199.722131 nan nan nan nan 526.533130 nan
137.050000 nan nan nan 623.806091 535.620951 480.280984 367.679398 266.773666 199.798960 nan nan nan nan 526.722840 nan
137.100000 nan nan nan 624.029201 535.813720 480.454700 367.814300 266.873706 199.875788 nan nan nan nan 526.912546 nan
137.150000 nan nan nan 624.252307 536.006486 480.628413 367.949199 266.973743 199.952615 nan nan nan nan 527.102250 nan
137.200000 nan nan nan 624.475410 536.199250 480.802123 368.084097 267.073780 200.029441 nan nan nan nan 527.291950 nan
137.250000 nan nan nan 624.698509 536.392010 480.975831 368.218993 267.173815 200.106266 nan nan nan nan 527.481648 nan
137.300000 nan nan nan 624.921605 536.584768 481.149536 368.353886 267.273848 200.183090 nan nan nan nan 527.671343 nan
137.350000 nan nan nan 625.144698 536.777522 481.323239 368.488778 267.373880 200.259913 nan nan nan nan 527.861035 nan
137.400000 nan nan nan 625.367787 536.970274 481.496938 368.623667 267.473911 200.336734 nan nan nan nan 528.050724 nan
137.450000 nan nan nan 625.590872 537.163022 481.670636 368.758555 267.573941 200.413555 nan nan nan nan 528.240410 nan
137.500000 nan nan nan 625.813954 537.355768 481.844330 368.893440 267.673969 200.490375 nan nan nan nan 528.430093 nan
137.550000 nan nan nan 626.037033 537.548510 482.018022 369.028324 267.773995 200.567194 nan nan nan nan 528.619773 nan
137.600000 nan nan nan 626.260108 537.741250 482.191711 369.163206 267.874020 200.644012 nan nan nan nan 528.809451 nan
137.650000 nan nan nan 626.483179 537.933987 482.365398 369.298085 267.974044 200.720828 nan nan nan nan 528.999125 nan
137.700000 nan nan nan 626.706247 538.126721 482.539082 369.432963 268.074066 200.797644 nan nan nan nan 529.188797 nan
137.750000 nan nan nan 626.929312 538.319451 482.712763 369.567838 268.174087 200.874459 nan nan nan nan 529.378465 nan
137.800000 nan nan nan 627.152373 538.512179 482.886442 369.702712 268.274107 200.951272 nan nan nan nan 529.568131 nan
137.850000 nan nan nan 627.375431 538.704904 483.060118 369.837584 268.374125 201.028085 nan nan nan nan 529.757794 nan
137.900000 nan nan nan 627.598485 538.897626 483.233792 369.972453 268.474142 201.104897 nan nan nan nan 529.947454 nan
137.950000 nan nan nan 627.821536 539.090345 483.407463 370.107321 268.574157 201.181708 nan nan nan nan 530.137111 nan
138.000000 nan nan nan 628.044583 539.283061 483.581131 370.242187 268.674171 201.258517 nan nan nan nan 530.326765 nan
138.050000 nan nan nan 628.267627 539.475774 483.754796 370.377051 268.774183 201.335326 nan nan nan nan 530.516416 nan
138.100000 nan nan nan 628.490668 539.668485 483.928459 370.511912 268.874195 201.412134 nan nan nan nan 530.706065 nan
138.150000 nan nan nan 628.713705 539.861192 484.102120 370.646772 268.974204 201.488940 nan nan nan nan 530.895710 nan
138.200000 nan nan nan 628.936738 540.053896 484.275777 370.781630 269.074213 201.565746 nan nan nan nan 531.085353 nan
138.250000 nan nan nan 629.159768 540.246597 484.449433 370.916486 269.174220 201.642550 nan nan nan nan 531.274993 nan
138.300000 nan nan nan 629.382795 540.439296 484.623085 371.051340 269.274225 201.719354 nan nan nan nan 531.464629 nan
138.350000 nan nan nan 629.605818 540.631991 484.796735 371.186192 269.374229 201.796157 nan nan nan nan 531.654263 nan
138.400000 nan nan nan 629.828838 540.824684 484.970382 371.321041 269.474232 201.872958 nan nan nan nan 531.843894 nan
138.450000 nan nan nan 630.051854 541.017373 485.144027 371.455889 269.574233 201.949759 nan nan nan nan 532.033522 nan
138.500000 nan nan nan 630.274867 541.210060 485.317669 371.590735 269.674233 202.026558 nan nan nan nan 532.223148 nan
138.550000 nan nan nan 630.497877 541.402744 485.491308 371.725579 269.774232 202.103357 nan nan nan nan 532.412770 nan
138.600000 nan nan nan 630.720883 541.595424 485.664945 371.860421 269.874229 202.180154 nan nan nan nan 532.602389 nan
138.650000 nan nan nan 630.943885 541.788102 485.838579 371.995261 269.974225 202.256951 nan nan nan nan 532.792006 nan
138.700000 nan nan nan 631.166885 541.980777 486.012210 372.130099 270.074219 202.333747 nan nan nan nan 532.981620 nan
138.750000 nan nan nan 631.389880 542.173449 486.185839 372.264935 270.174212 202.410541 nan nan nan nan 533.171231 nan
138.800000 nan nan nan 631.612873 542.366118 486.359465 372.399770 270.274204 202.487335 nan nan nan nan 533.360839 nan
138.850000 nan nan nan 631.835861 542.558784 486.533089 372.534602 270.374194 202.564127 nan nan nan nan 533.550444 nan
138.900000 nan nan nan 632.058847 542.751448 486.706710 372.669432 270.474183 202.640919 nan nan nan nan 533.740046 nan
138.950000 nan nan nan 632.281829 542.944108 486.880329 372.804260 270.574171 202.717709 nan nan nan nan 533.929645 nan
139.000000 nan nan nan 632.504807 543.136765 487.053944 372.939086 270.674157 202.794499 nan nan nan nan 534.119242 nan
139.050000 nan nan nan 632.727782 543.329420 487.227558 373.073911 270.774141 202.871287 nan nan nan nan 534.308835 nan
139.100000 nan nan nan 632.950754 543.522071 487.401168 373.208733 270.874125 202.948075 nan nan nan nan 534.498426 nan
139.150000 nan nan nan 633.173723 543.714720 487.574776 373.343553 270.974106 203.024861 nan nan nan nan 534.688014 nan
139.200000 nan nan nan 633.396687 543.907365 487.748382 373.478372 271.074087 203.101647 nan nan nan nan 534.877599 nan
139.250000 nan nan nan 633.619649 544.100008 487.921985 373.613188 271.174066 203.178431 nan nan nan nan 535.067181 nan
139.300000 nan nan nan 633.842607 544.292648 488.095585 373.748003 271.274044 203.255215 nan nan nan nan 535.256760 nan
139.350000 nan nan nan 634.065562 544.485285 488.269182 373.882815 271.374020 203.331997 nan nan nan nan 535.446337 nan
139.400000 nan nan nan 634.288513 544.677919 488.442777 374.017626 271.473995 203.408779 nan nan nan nan 535.635910 nan
139.450000 nan nan nan 634.511461 544.870550 488.616370 374.152434 271.573969 203.485559 nan nan nan nan 535.825481 nan
139.500000 nan nan nan 634.734405 545.063178 488.789960 374.287241 271.673941 203.562339 nan nan nan nan 536.015049 nan
139.550000 nan nan nan 634.957346 545.255803 488.963547 374.422046 271.773912 203.639117 nan nan nan nan 536.204613 nan
139.600000 nan nan nan 635.180284 545.448426 489.137132 374.556849 271.873881 203.715895 nan nan nan nan 536.394176 nan
139.650000 nan nan nan 635.403218 545.641045 489.310714 374.691649 271.973849 203.792671 nan nan nan nan 536.583735 nan
139.700000 nan nan nan 635.626148 545.833662 489.484293 374.826448 272.073816 203.869447 nan nan nan nan 536.773291 nan
139.750000 nan nan nan 635.849076 546.026275 489.657870 374.961245 272.173781 203.946221 nan nan nan nan 536.962845 nan
139.800000 nan nan nan 636.072000 546.218886 489.831444 375.096040 272.273745 204.022995 nan nan nan nan 537.152395 nan
139.850000 nan nan nan 636.294920 546.411494 490.005016 375.230833 272.373708 204.099767 nan nan nan nan 537.341943 nan
139.900000 nan nan nan 636.517838 546.604099 490.178585 375.365624 272.473669 204.176539 nan nan nan nan 537.531488 nan
139.950000 nan nan nan 636.740751 546.796701 490.352152 375.500413 272.573629 204.253309 nan nan nan nan 537.721030 nan
140.000000 nan nan nan 636.963662 546.989300 490.525715 375.635200 272.673587 204.330079 nan nan nan nan 537.910570 nan
140.050000 nan nan nan 637.186569 547.181897 490.699277 375.769985 272.773544 204.406847 nan nan nan nan 538.100106 nan
140.100000 nan nan nan 637.409472 547.374490 490.872836 375.904769 272.873500 204.483615 nan nan nan nan 538.289640 nan
140.150000 nan nan nan 637.632372 547.567080 491.046392 376.039550 272.973454 204.560381 nan nan nan nan 538.479170 nan
140.200000 nan nan nan 637.855269 547.759668 491.219945 376.174329 273.073407 204.637147 nan nan nan nan 538.668698 nan
140.250000 nan nan nan 638.078163 547.952253 491.393496 376.309107 273.173359 204.713911 nan nan nan nan 538.858223 nan
140.300000 nan nan nan 638.301053 548.144834 491.567045 376.443882 273.273309 204.790675 nan nan nan nan 539.047745 nan
140.350000 nan nan nan 638.523939 548.337413 491.740591 376.578656 273.373258 204.867438 nan nan nan nan 539.237265 nan
140.400000 nan nan nan 638.746823 548.529989 491.914134 376.713427 273.473205 204.944199 nan nan nan nan 539.426781 nan
140.450000 nan nan nan 638.969702 548.722562 492.087675 376.848197 273.573151 205.020960 nan nan nan nan 539.616295 nan
140.500000 nan nan nan 639.192579 548.915133 492.261213 376.982965 273.673096 205.097719 nan nan nan nan 539.805806 nan
140.550000 nan nan nan 639.415452 549.107700 492.434748 377.117730 273.773039 205.174478 nan nan nan nan 539.995314 nan
140.600000 nan nan nan 639.638322 549.300265 492.608281 377.252494 273.872981 205.251235 nan nan nan nan 540.184819 nan
140.650000 nan nan nan 639.861188 549.492826 492.781812 377.387256 273.972922 205.327992 nan nan nan nan 540.374322 nan
140.700000 nan nan nan 640.084051 549.685385 492.955340 377.522016 274.072861 205.404748 nan nan nan nan 540.563821 nan
140.750000 nan nan nan 640.306911 549.877941 493.128865 377.656774 274.172799 205.481502 nan nan nan nan 540.753318 nan
140.800000 nan nan nan 640.529767 550.070494 493.302388 377.791530 274.272735 205.558256 nan nan nan nan 540.942812 nan
140.850000 nan nan nan 640.752620 550.263044 493.475908 377.926284 274.372670 205.635009 nan nan nan nan 541.132303 nan
