web/models/kne/15/Metzger_0.006880_0.386552_0.450000.dat
# %ECSV 0.9
# ---
# datatype:
# - {name: time, datatype: float64}
# - {name: sdss_u, datatype: float64}
# - {name: sdss_g, datatype: float64}
# - {name: sdss_r, datatype: float64}
# - {name: sdss_i, datatype: float64}
# - {name: sdss_z, datatype: float64}
# - {name: PS1_y, datatype: float64}
# - {name: ukirt_J, datatype: float64}
# - {name: ukirt_H, datatype: float64}
# - {name: ukirt_K, datatype: float64}
# - {name: johnson_U, datatype: float64}
# - {name: johnson_B, datatype: float64}
# - {name: johnson_V, datatype: float64}
# - {name: johnson_R, datatype: float64}
# - {name: johnson_I, datatype: float64}
# - {name: Clear, datatype: float64}
# meta: !!omap
# - comment: [vej = 0.38655172413793104, mej = 0.006880363458522626, Ye = 0.45, redshift = 0.0]
# schema: astropy-2.0
time sdss_u sdss_g sdss_r sdss_i sdss_z PS1_y ukirt_J ukirt_H ukirt_K johnson_U johnson_B johnson_V johnson_R johnson_I Clear
[from data line 2934]
146.800000 nan nan 672.509515 545.722557 468.085243 419.369236 320.261365 231.475474 172.570141 nan nan nan 648.289540 460.251922 664.543042
146.850000 nan nan 672.733843 545.906136 468.243845 419.512153 320.372329 231.557740 172.633299 nan nan nan 648.506086 460.408003 664.764810
146.900000 nan nan 672.958167 546.089712 468.402445 419.655069 320.483293 231.640005 172.696457 nan nan nan 648.722630 460.564082 664.986576
146.950000 nan nan 673.182488 546.273286 468.561043 419.797982 320.594255 231.722269 172.759613 nan nan nan 648.939170 460.720158 665.208338
147.000000 nan nan 673.406806 546.456857 468.719639 419.940893 320.705215 231.804532 172.822769 nan nan nan 649.155707 460.876233 665.430097
147.050000 nan nan 673.631121 546.640425 468.878232 420.083802 320.816174 231.886793 172.885924 nan nan nan 649.372241 461.032305 665.651852
147.100000 nan nan 673.855432 546.823991 469.036823 420.226710 320.927132 231.969054 172.949079 nan nan nan 649.588772 461.188375 665.873605
147.150000 nan nan 674.079741 547.007554 469.195412 420.369615 321.038088 232.051314 173.012232 nan nan nan 649.805300 461.344443 666.095354
147.200000 nan nan 674.304046 547.191115 469.353999 420.512518 321.149042 232.133572 173.075385 nan nan nan 650.021825 461.500509 666.317100
147.250000 nan nan 674.528347 547.374673 469.512583 420.655420 321.259995 232.215830 173.138538 nan nan nan 650.238347 461.656572 666.538843
147.300000 nan nan 674.752646 547.558229 469.671166 420.798319 321.370947 232.298087 173.201689 nan nan nan 650.454865 461.812633 666.760583
147.350000 nan nan 674.976941 547.741781 469.829746 420.941216 321.481897 232.380342 173.264840 nan nan nan 650.671380 461.968693 666.982319
147.400000 nan nan 675.201233 547.925332 469.988324 421.084112 321.592846 232.462597 173.327990 nan nan nan 650.887893 462.124749 667.204052
147.450000 nan nan 675.425522 548.108879 470.146899 421.227005 321.703793 232.544850 173.391139 nan nan nan 651.104402 462.280804 667.425782
147.500000 nan nan 675.649808 548.292424 470.305473 421.369897 321.814739 232.627102 173.454287 nan nan nan 651.320908 462.436857 667.647509
147.550000 nan nan 675.874090 548.475967 470.464044 421.512786 321.925683 232.709354 173.517435 nan nan nan 651.537411 462.592907 667.869233
147.600000 nan nan 676.098369 548.659506 470.622613 421.655674 322.036625 232.791604 173.580582 nan nan nan 651.753911 462.748955 668.090953
147.650000 nan nan 676.322645 548.843043 470.781180 421.798559 322.147567 232.873854 173.643729 nan nan nan 651.970407 462.905002 668.312671
147.700000 nan nan 676.546918 549.026578 470.939744 421.941443 322.258506 232.956102 173.706874 nan nan nan 652.186901 463.061045 668.534385
147.750000 nan nan 676.771187 549.210110 471.098307 422.084325 322.369445 233.038349 173.770019 nan nan nan 652.403392 463.217087 668.756096
147.800000 nan nan 676.995453 549.393639 471.256867 422.227204 322.480381 233.120595 173.833163 nan nan nan 652.619879 463.373127 668.977803
147.850000 nan nan 677.219716 549.577166 471.415425 422.370082 322.591317 233.202840 173.896306 nan nan nan 652.836363 463.529164 669.199508
147.900000 nan nan 677.443976 549.760690 471.573981 422.512958 322.702251 233.285085 173.959449 nan nan nan 653.052844 463.685199 669.421209
147.950000 nan nan 677.668233 549.944212 471.732534 422.655831 322.813183 233.367328 174.022591 nan nan nan 653.269323 463.841232 669.642908
148.000000 nan nan 677.892486 550.127731 471.891086 422.798703 322.924114 233.449570 174.085732 nan nan nan 653.485798 463.997263 669.864603
148.050000 nan nan 678.116736 550.311248 472.049635 422.941573 323.035043 233.531811 174.148872 nan nan nan 653.702269 464.153292 670.086294
148.100000 nan nan 678.340983 550.494761 472.208182 423.084441 323.145971 233.614051 174.212012 nan nan nan 653.918738 464.309318 670.307983
148.150000 nan nan 678.565227 550.678273 472.366726 423.227307 323.256898 233.696290 174.275151 nan nan nan 654.135204 464.465343 670.529668
148.200000 nan nan 678.789467 550.861781 472.525269 423.370171 323.367823 233.778528 174.338289 nan nan nan 654.351667 464.621365 670.751351
148.250000 nan nan 679.013705 551.045287 472.683809 423.513033 323.478746 233.860765 174.401427 nan nan nan 654.568126 464.777385 670.973030
148.300000 nan nan 679.237939 551.228791 472.842347 423.655893 323.589668 233.943001 174.464563 nan nan nan 654.784582 464.933403 671.194706
148.350000 nan nan 679.462169 551.412292 473.000883 423.798751 323.700589 234.025236 174.527699 nan nan nan 655.001036 465.089419 671.416379
148.400000 nan nan 679.686397 551.595790 473.159417 423.941607 323.811508 234.107470 174.590834 nan nan nan 655.217486 465.245432 671.638048
148.450000 nan nan 679.910621 551.779286 473.317948 424.084461 323.922426 234.189702 174.653969 nan nan nan 655.433933 465.401444 671.859715
148.500000 nan nan 680.134843 551.962779 473.476478 424.227313 324.033342 234.271934 174.717103 nan nan nan 655.650377 465.557453 672.081378
148.550000 nan nan 680.359061 552.146270 473.635005 424.370163 324.144257 234.354165 174.780236 nan nan nan 655.866818 465.713460 672.303038
148.600000 nan nan 680.583275 552.329758 473.793530 424.513012 324.255170 234.436395 174.843368 nan nan nan 656.083256 465.869465 672.524695
148.650000 nan nan 680.807487 552.513243 473.952052 424.655858 324.366082 234.518623 174.906500 nan nan nan 656.299691 466.025468 672.746349
148.700000 nan nan 681.031695 552.696726 474.110573 424.798702 324.476992 234.600851 174.969631 nan nan nan 656.516123 466.181468 672.967999
148.750000 nan nan 681.255901 552.880206 474.269091 424.941545 324.587901 234.683078 175.032761 nan nan nan 656.732551 466.337467 673.189647
148.800000 nan nan 681.480103 553.063684 474.427607 425.084385 324.698808 234.765303 175.095890 nan nan nan 656.948977 466.493463 673.411291
148.850000 nan nan 681.704301 553.247159 474.586121 425.227224 324.809714 234.847528 175.159019 nan nan nan 657.165399 466.649457 673.632932
148.900000 nan nan 681.928497 553.430632 474.744633 425.370060 324.920619 234.929752 175.222147 nan nan nan 657.381819 466.805449 673.854570
148.950000 nan nan 682.152689 553.614102 474.903143 425.512895 325.031522 235.011974 175.285274 nan nan nan 657.598235 466.961439 674.076205
149.000000 nan nan 682.376879 553.797569 475.061650 425.655727 325.142423 235.094196 175.348400 nan nan nan 657.814648 467.117427 674.297837
149.050000 nan nan 682.601065 553.981034 475.220155 425.798558 325.253324 235.176416 175.411526 nan nan nan 658.031059 467.273412 674.519465
149.100000 nan nan 682.825247 554.164496 475.378658 425.941387 325.364222 235.258636 175.474651 nan nan nan 658.247466 467.429396 674.741091
149.150000 nan nan 683.049427 554.347956 475.537159 426.084214 325.475119 235.340854 175.537775 nan nan nan 658.463870 467.585377 674.962713
149.200000 nan nan 683.273604 554.531413 475.695658 426.227039 325.586015 235.423072 175.600899 nan nan nan 658.680271 467.741356 675.184332
149.250000 nan nan 683.497777 554.714868 475.854154 426.369862 325.696909 235.505288 175.664022 nan nan nan 658.896669 467.897333 675.405948
149.300000 nan nan 683.721947 554.898320 476.012648 426.512682 325.807802 235.587504 175.727144 nan nan nan 659.113064 468.053308 675.627561
149.350000 nan nan 683.946114 555.081769 476.171140 426.655502 325.918693 235.669718 175.790265 nan nan nan 659.329455 468.209280 675.849170
149.400000 nan nan 684.170278 555.265216 476.329630 426.798319 326.029583 235.751931 175.853386 nan nan nan 659.545844 468.365251 676.070777
149.450000 nan nan 684.394438 555.448660 476.488118 426.941134 326.140472 235.834144 175.916505 nan nan nan 659.762230 468.521219 676.292380
149.500000 nan nan 684.618595 555.632102 476.646604 427.083947 326.251359 235.916355 175.979625 nan nan nan 659.978612 468.677185 676.513981
149.550000 nan nan 684.842750 555.815541 476.805087 427.226758 326.362244 235.998566 176.042743 nan nan nan 660.194992 468.833150 676.735578
149.600000 nan nan 685.066901 555.998978 476.963568 427.369567 326.473128 236.080775 176.105861 nan nan nan 660.411368 468.989111 676.957172
149.650000 nan nan 685.291048 556.182412 477.122047 427.512375 326.584011 236.162983 176.168978 nan nan nan 660.627742 469.145071 677.178762
149.700000 nan nan 685.515193 556.365843 477.280524 427.655180 326.694892 236.245190 176.232094 nan nan nan 660.844112 469.301029 677.400350
149.750000 nan nan 685.739335 556.549272 477.438999 427.797984 326.805772 236.327397 176.295209 nan nan nan 661.060479 469.456985 677.621934
149.800000 nan nan 685.963473 556.732699 477.597471 427.940785 326.916650 236.409602 176.358324 nan nan nan 661.276844 469.612938 677.843516
149.850000 nan nan 686.187608 556.916123 477.755941 428.083585 327.027527 236.491806 176.421438 nan nan nan 661.493205 469.768889 678.065094
149.900000 nan nan 686.411740 557.099544 477.914409 428.226383 327.138402 236.574009 176.484552 nan nan nan 661.709563 469.924838 678.286669
149.950000 nan nan 686.635869 557.282963 478.072875 428.369178 327.249276 236.656212 176.547664 nan nan nan 661.925918 470.080785 678.508241
150.000000 nan nan 686.859998 557.466382 478.231341 428.511974 327.360150 236.738414 176.610777 nan nan nan 662.142273 470.236732 678.729813
