web/models/kne/15/Metzger_0.002920_0.256897_0.450000.dat
# %ECSV 0.9
# ---
# datatype:
# - {name: time, datatype: float64}
# - {name: sdss_u, datatype: float64}
# - {name: sdss_g, datatype: float64}
# - {name: sdss_r, datatype: float64}
# - {name: sdss_i, datatype: float64}
# - {name: sdss_z, datatype: float64}
# - {name: PS1_y, datatype: float64}
# - {name: ukirt_J, datatype: float64}
# - {name: ukirt_H, datatype: float64}
# - {name: ukirt_K, datatype: float64}
# - {name: johnson_U, datatype: float64}
# - {name: johnson_B, datatype: float64}
# - {name: johnson_V, datatype: float64}
# - {name: johnson_R, datatype: float64}
# - {name: johnson_I, datatype: float64}
# - {name: Clear, datatype: float64}
# meta: !!omap
# - comment: [vej = 0.25689655172413794, mej = 0.002919709587218229, Ye = 0.45, redshift = 0.0]
# schema: astropy-2.0
time sdss_u sdss_g sdss_r sdss_i sdss_z PS1_y ukirt_J ukirt_H ukirt_K johnson_U johnson_B johnson_V johnson_R johnson_I Clear
[from data line 1429]
71.550000 590.556327 431.180335 330.186883 265.821600 226.445048 201.756529 151.595215 106.772354 77.137541 571.456756 475.624569 372.601602 317.886513 222.474106 326.140808
71.600000 590.958363 431.478212 330.418630 266.011113 226.608676 201.903901 151.709471 106.856866 77.202249 571.846319 475.951512 372.861138 318.110195 222.635120 326.369902
71.650000 591.360385 431.776080 330.650369 266.200621 226.772298 202.051267 151.823723 106.941375 77.266955 572.235868 476.278445 373.120665 318.333870 222.796130 326.598988
71.700000 591.762394 432.073938 330.882100 266.390123 226.935916 202.198630 151.937972 107.025882 77.331660 572.625405 476.605366 373.380185 318.557537 222.957134 326.828068
71.750000 592.164389 432.371786 331.113824 266.579619 227.099528 202.345988 152.052218 107.110387 77.396364 573.014928 476.932277 373.639695 318.781198 223.118134 327.057140
71.800000 592.566370 432.669624 331.345541 266.769109 227.263136 202.493342 152.166461 107.194890 77.461066 573.404438 477.259177 373.899198 319.004851 223.279129 327.286204
71.850000 592.968338 432.967452 331.577250 266.958593 227.426739 202.640691 152.280700 107.279391 77.525767 573.793935 477.586066 374.158692 319.228498 223.440119 327.515262
71.900000 593.370292 433.265270 331.808952 267.148072 227.590337 202.788036 152.394937 107.363889 77.590466 574.183419 477.912944 374.418177 319.452137 223.601104 327.744312
71.950000 593.772233 433.563079 332.040647 267.337544 227.753930 202.935377 152.509170 107.448386 77.655164 574.572890 478.239811 374.677654 319.675769 223.762085 327.973354
72.000000 594.174160 433.860878 332.272334 267.527011 227.917518 203.082713 152.623400 107.532881 77.719861 574.962347 478.566667 374.937123 319.899394 223.923060 328.202390
72.050000 594.576074 434.158667 332.504013 267.716471 228.081101 203.230045 152.737627 107.617373 77.784556 575.351792 478.893513 375.196584 320.123012 224.084031 328.431418
72.100000 594.977974 434.456446 332.735686 267.905926 228.244679 203.377373 152.851851 107.701864 77.849251 575.741224 479.220347 375.456035 320.346622 224.244997 328.660439
72.150000 595.379860 434.754216 332.967351 268.095375 228.408252 203.524697 152.966072 107.786352 77.913943 576.130642 479.547171 375.715479 320.570226 224.405958 328.889452
72.200000 595.781733 435.051976 333.199008 268.284819 228.571820 203.672016 153.080289 107.870839 77.978635 576.520047 479.873984 375.974914 320.793823 224.566914 329.118459
72.250000 596.183593 435.349726 333.430658 268.474256 228.735384 203.819330 153.194504 107.955323 78.043325 576.909440 480.200787 376.234341 321.017412 224.727866 329.347458
72.300000 596.585439 435.647466 333.662301 268.663688 228.898942 203.966641 153.308715 108.039805 78.108014 577.298819 480.527578 376.493760 321.240995 224.888812 329.576449
72.350000 596.987271 435.945197 333.893937 268.853113 229.062496 204.113947 153.422923 108.124286 78.172701 577.688185 480.854359 376.753170 321.464570 225.049754 329.805434
72.400000 597.389090 436.242918 334.125565 269.042533 229.226044 204.261249 153.537128 108.208764 78.237387 578.077538 481.181129 377.012572 321.688138 225.210691 330.034411
72.450000 597.790896 436.540629 334.357186 269.231947 229.389588 204.408546 153.651330 108.293240 78.302072 578.466879 481.507888 377.271965 321.911700 225.371623 330.263381
72.500000 598.192688 436.838330 334.588799 269.421355 229.553127 204.555839 153.765529 108.377714 78.366755 578.856206 481.834637 377.531350 322.135254 225.532551 330.492344
72.550000 598.594467 437.136022 334.820405 269.610758 229.716661 204.703128 153.879725 108.462186 78.431437 579.245520 482.161375 377.790727 322.358801 225.693473 330.721300
72.600000 598.996232 437.433704 335.052004 269.800154 229.880190 204.850413 153.993918 108.546656 78.496118 579.634821 482.488102 378.050095 322.582341 225.854391 330.950248
72.650000 599.397984 437.731376 335.283596 269.989545 230.043715 204.997693 154.108107 108.631124 78.560797 580.024110 482.814818 378.309456 322.805875 226.015304 331.179189
72.700000 599.799723 438.029039 335.515180 270.178930 230.207234 205.144969 154.222294 108.715590 78.625475 580.413385 483.141524 378.568808 323.029401 226.176213 331.408123
72.750000 600.201448 438.326692 335.746757 270.368309 230.370749 205.292241 154.336477 108.800054 78.690152 580.802648 483.468219 378.828151 323.252920 226.337116 331.637050
72.800000 600.603159 438.624336 335.978327 270.557683 230.534258 205.439508 154.450657 108.884515 78.754827 581.191897 483.794903 379.087486 323.476432 226.498015 331.865969
72.850000 601.004858 438.921969 336.209889 270.747051 230.697763 205.586771 154.564834 108.968975 78.819501 581.581134 484.121576 379.346813 323.699937 226.658909 332.094881
72.900000 601.406543 439.219594 336.441444 270.936412 230.861263 205.734030 154.679008 109.053433 78.884174 581.970357 484.448239 379.606132 323.923435 226.819798 332.323786
72.950000 601.808215 439.517208 336.672992 271.125768 231.024758 205.881285 154.793179 109.137889 78.948845 582.359568 484.774891 379.865443 324.146927 226.980683 332.552684
73.000000 602.209873 439.814813 336.904532 271.315119 231.188248 206.028535 154.907347 109.222342 79.013515 582.748766 485.101533 380.124745 324.370411 227.141562 332.781575
73.050000 602.611518 440.112408 337.136066 271.504463 231.351734 206.175781 155.021512 109.306794 79.078184 583.137951 485.428164 380.384039 324.593888 227.302437 333.010459
73.100000 603.013150 440.409994 337.367592 271.693802 231.515214 206.323023 155.135673 109.391243 79.142851 583.527124 485.754784 380.643325 324.817358 227.463308 333.239335
73.150000 603.414769 440.707570 337.599110 271.883135 231.678690 206.470260 155.249832 109.475691 79.207517 583.916283 486.081394 380.902602 325.040821 227.624173 333.468204
73.200000 603.816374 441.005137 337.830622 272.072462 231.842161 206.617494 155.363987 109.560137 79.272182 584.305429 486.407993 381.161872 325.264278 227.785034 333.697067
73.250000 604.217966 441.302694 338.062126 272.261784 232.005627 206.764723 155.478140 109.644580 79.336845 584.694563 486.734581 381.421133 325.487727 227.945890 333.925922
73.300000 604.619545 441.600241 338.293623 272.451100 232.169088 206.911948 155.592289 109.729021 79.401507 585.083684 487.061159 381.680385 325.711169 228.106741 334.154769
73.350000 605.021110 441.897779 338.525113 272.640410 232.332545 207.059168 155.706435 109.813461 79.466168 585.472792 487.387726 381.939630 325.934605 228.267588 334.383610
73.400000 605.422662 442.195307 338.756595 272.829714 232.495996 207.206384 155.820578 109.897898 79.530827 585.861888 487.714283 382.198866 326.158033 228.428429 334.612444
73.450000 605.824201 442.492826 338.988071 273.019013 232.659443 207.353596 155.934719 109.982334 79.595485 586.250970 488.040829 382.458095 326.381455 228.589266 334.841270
73.500000 606.225727 442.790335 339.219539 273.208306 232.822885 207.500804 156.048856 110.066767 79.660142 586.640040 488.367365 382.717315 326.604870 228.750099 335.070089
73.550000 606.627240 443.087834 339.451000 273.397593 232.986322 207.648008 156.162989 110.151198 79.724797 587.029097 488.693890 382.976527 326.828277 228.910926 335.298902
73.600000 607.028739 443.385324 339.682454 273.586874 233.149755 207.795207 156.277120 110.235628 79.789451 587.418141 489.020404 383.235730 327.051678 229.071749 335.527707
73.650000 607.430226 443.682805 339.913900 273.776150 233.313182 207.942402 156.391248 110.320055 79.854104 587.807173 489.346908 383.494926 327.275072 229.232568 335.756505
73.700000 607.831699 443.980276 340.145340 273.965420 233.476605 208.089593 156.505373 110.404480 79.918755 588.196191 489.673401 383.754113 327.498459 229.393381 335.985296
73.750000 608.233159 444.277738 340.376772 274.154685 233.640023 208.236780 156.619495 110.488903 79.983405 588.585197 489.999884 384.013292 327.721839 229.554190 336.214079
73.800000 608.634606 444.575190 340.608197 274.343943 233.803436 208.383962 156.733613 110.573325 80.048054 588.974191 490.326356 384.272463 327.945212 229.714994 336.442856
73.850000 609.036039 444.872632 340.839615 274.533196 233.966845 208.531140 156.847729 110.657744 80.112702 589.363172 490.652818 384.531626 328.168579 229.875793 336.671626
73.900000 609.437460 445.170065 341.071025 274.722443 234.130248 208.678314 156.961841 110.742161 80.177348 589.752140 490.979269 384.790781 328.391938 230.036588 336.900388
73.950000 609.838867 445.467489 341.302429 274.911685 234.293647 208.825484 157.075951 110.826576 80.241992 590.141095 491.305710 385.049928 328.615291 230.197378 337.129144
74.000000 610.240262 445.764903 341.533825 275.100921 234.457041 208.972650 157.190057 110.910989 80.306636 590.530037 491.632141 385.309066 328.838636 230.358164 337.357892
74.050000 610.641643 446.062308 341.765214 275.290151 234.620430 209.119811 157.304160 110.995401 80.371278 590.918967 491.958561 385.568197 329.061975 230.518944 337.586634
74.100000 611.043011 446.359703 341.996596 275.479376 234.783815 209.266968 157.418261 111.079810 80.435919 591.307885 492.284970 385.827319 329.285307 230.679720 337.815368
74.150000 611.444366 446.657089 342.227971 275.668595 234.947195 209.414121 157.532358 111.164217 80.500558 591.696790 492.611369 386.086433 329.508632 230.840492 338.044096
74.200000 611.845708 446.954465 342.459339 275.857808 235.110570 209.561270 157.646452 111.248622 80.565197 592.085682 492.937758 386.345539 329.731951 231.001258 338.272816
74.250000 612.247037 447.251832 342.690700 276.047015 235.273940 209.708414 157.760543 111.333025 80.629834 592.474561 493.264136 386.604637 329.955262 231.162020 338.501529
74.300000 612.648353 447.549190 342.922053 276.236217 235.437306 209.855555 157.874632 111.417426 80.694469 592.863428 493.590503 386.863727 330.178567 231.322778 338.730235
74.350000 613.049656 447.846538 343.153400 276.425414 235.600666 210.002691 157.988717 111.501825 80.759103 593.252282 493.916861 387.122809 330.401864 231.483530 338.958935
74.400000 613.450946 448.143877 343.384739 276.614604 235.764022 210.149823 158.102799 111.586223 80.823736 593.641124 494.243208 387.381883 330.625155 231.644278 339.187627
74.450000 613.852223 448.441206 343.616071 276.803789 235.927374 210.296951 158.216878 111.670618 80.888368 594.029953 494.569544 387.640949 330.848439 231.805022 339.416312
74.500000 614.253487 448.738526 343.847397 276.992969 236.090720 210.444075 158.330954 111.755011 80.952998 594.418770 494.895870 387.900006 331.071717 231.965761 339.644990
74.550000 614.654738 449.035837 344.078715 277.182143 236.254062 210.591194 158.445027 111.839402 81.017627 594.807574 495.222186 388.159056 331.294987 232.126495 339.873661
74.600000 615.055976 449.333138 344.310026 277.371311 236.417399 210.738310 158.559097 111.923791 81.082255 595.196366 495.548491 388.418097 331.518251 232.287224 340.102326
74.650000 615.457201 449.630430 344.541330 277.560473 236.580731 210.885421 158.673164 112.008178 81.146881 595.585145 495.874786 388.677131 331.741508 232.447949 340.330983
74.700000 615.858414 449.927713 344.772626 277.749630 236.744059 211.032528 158.787228 112.092563 81.211506 595.973911 496.201071 388.936156 331.964758 232.608669 340.559633
74.750000 616.259613 450.224986 345.003916 277.938781 236.907382 211.179631 158.901289 112.176947 81.276130 596.362665 496.527345 389.195174 332.188001 232.769385 340.788276
74.800000 616.660799 450.522250 345.235199 278.127927 237.070700 211.326729 159.015347 112.261328 81.340753 596.751407 496.853609 389.454183 332.411238 232.930096 341.016913
74.850000 617.061973 450.819504 345.466475 278.317067 237.234014 211.473824 159.129402 112.345707 81.405374 597.140136 497.179863 389.713185 332.634468 233.090802 341.245542
74.900000 617.463133 451.116749 345.697743 278.506202 237.397322 211.620914 159.243454 112.430084 81.469994 597.528852 497.506106 389.972178 332.857691 233.251504 341.474164
74.950000 617.864281 451.413985 345.929005 278.695331 237.560626 211.768001 159.357502 112.514459 81.534612 597.917556 497.832339 390.231164 333.080907 233.412201 341.702780
75.000000 618.265415 451.711212 346.160259 278.884454 237.723926 211.915083 159.471548 112.598833 81.599229 598.306248 498.158562 390.490141 333.304116 233.572893 341.931388
75.050000 618.666537 452.008429 346.391507 279.073572 237.887221 212.062161 159.585591 112.683204 81.663845 598.694927 498.484774 390.749111 333.527319 233.733581 342.159990
75.100000 619.067646 452.305637 346.622747 279.262684 238.050511 212.209235 159.699631 112.767573 81.728460 599.083594 498.810976 391.008072 333.750515 233.894265 342.388584
75.150000 619.468742 452.602836 346.853981 279.451790 238.213796 212.356304 159.813668 112.851940 81.793073 599.472248 499.137168 391.267026 333.973704 234.054943 342.617172
75.200000 619.869826 452.900025 347.085207 279.640891 238.377077 212.503370 159.927702 112.936306 81.857685 599.860890 499.463349 391.525971 334.196887 234.215617 342.845753
75.250000 620.270896 453.197206 347.316427 279.829987 238.540352 212.650432 160.041733 113.020669 81.922296 600.249520 499.789521 391.784909 334.420062 234.376287 343.074327
75.300000 620.671954 453.494376 347.547639 280.019077 238.703624 212.797489 160.155761 113.105030 81.986905 600.638137 500.115682 392.043839 334.643231 234.536952 343.302894
75.350000 621.072999 453.791538 347.778845 280.208161 238.866890 212.944542 160.269785 113.189390 82.051513 601.026742 500.441833 392.302760 334.866394 234.697612 343.531454
75.400000 621.474031 454.088691 348.010043 280.397240 239.030152 213.091591 160.383807 113.273747 82.116120 601.415334 500.767973 392.561674 335.089549 234.858268 343.760007
75.450000 621.875050 454.385834 348.241235 280.586313 239.193409 213.238636 160.497826 113.358103 82.180726 601.803914 501.094103 392.820580 335.312698 235.018919 343.988553
75.500000 622.276057 454.682968 348.472419 280.775381 239.356662 213.385677 160.611842 113.442456 82.245330 602.192482 501.420224 393.079478 335.535840 235.179565 344.217092
75.550000 622.677050 454.980092 348.703597 280.964443 239.519910 213.532714 160.725855 113.526808 82.309933 602.581037 501.746333 393.338368 335.758976 235.340208 344.445625
75.600000 623.078031 455.277208 348.934767 281.153499 239.683153 213.679747 160.839865 113.611157 82.374534 602.969581 502.072433 393.597250 335.982104 235.500845 344.674150
75.650000 623.479000 455.574314 349.165931 281.342551 239.846392 213.826775 160.953872 113.695505 82.439135 603.358111 502.398523 393.856124 336.205227 235.661478 344.902669
75.700000 623.879955 455.871411 349.397087 281.531596 240.009626 213.973800 161.067876 113.779850 82.503734 603.746630 502.724602 394.114991 336.428342 235.822106 345.131181
75.750000 624.280898 456.168499 349.628237 281.720636 240.172855 214.120820 161.181877 113.864194 82.568331 604.135136 503.050671 394.373849 336.651451 235.982730 345.359686
75.800000 624.681828 456.465578 349.859380 281.909671 240.336080 214.267836 161.295875 113.948535 82.632928 604.523630 503.376730 394.632700 336.874553 236.143349 345.588184
75.850000 625.082746 456.762648 350.090516 282.098700 240.499300 214.414849 161.409870 114.032875 82.697523 604.912111 503.702779 394.891542 337.097648 236.303964 345.816675
75.900000 625.483650 457.059708 350.321644 282.287723 240.662515 214.561857 161.523863 114.117213 82.762117 605.300581 504.028818 395.150377 337.320737 236.464574 346.045160
75.950000 625.884542 457.356759 350.552766 282.476741 240.825726 214.708861 161.637852 114.201549 82.826709 605.689038 504.354846 395.409204 337.543819 236.625180 346.273637
76.000000 626.285422 457.653801 350.783881 282.665754 240.988932 214.855861 161.751838 114.285882 82.891301 606.077482 504.680865 395.668023 337.766894 236.785781 346.502108
76.050000 626.686288 457.950834 351.014989 282.854761 241.152134 215.002857 161.865821 114.370214 82.955891 606.465915 505.006873 395.926834 337.989963 236.946377 346.730572
