web/models/kne/15/mosfit_kn_0.500000_0.2180_10.0000.dat
# %ECSV 1.0
# ---
# datatype:
# - {name: time, datatype: float64}
# - {name: PS1_g, datatype: float64}
# - {name: PS1_i, datatype: float64}
# - {name: PS1_r, datatype: float64}
# - {name: PS1_w, datatype: float64}
# - {name: PS1_y, datatype: float64}
# - {name: PS1_z, datatype: float64}
# - {name: swift_uvot_B, datatype: float64}
# - {name: swift_uvot_U, datatype: float64}
# - {name: swift_uvot_uvm2, datatype: float64}
# - {name: swift_uvot_uvw1, datatype: float64}
# - {name: swift_uvot_uvw2, datatype: float64}
# - {name: swift_uvot_V, datatype: float64}
# - {name: johnson_B, datatype: float64}
# - {name: johnson_I, datatype: float64}
# - {name: johnson_R, datatype: float64}
# - {name: johnson_U, datatype: float64}
# - {name: johnson_V, datatype: float64}
# - {name: sdss_g, datatype: float64}
# - {name: sdss_i, datatype: float64}
# - {name: sdss_r, datatype: float64}
# - {name: sdss_u, datatype: float64}
# - {name: sdss_z, datatype: float64}
# - {name: ATLAS_c, datatype: float64}
# - {name: ATLAS_o, datatype: float64}
# - {name: ukirt_H, datatype: float64}
# - {name: ukirt_J, datatype: float64}
# - {name: ukirt_K, datatype: float64}
# - {name: Clear, datatype: float64}
# meta: !!omap
# - comment: [kappa = 10.0, type = rprocess, mass = 0.5000000000045836, velocity = 0.21800000000000003, theta_obs = 0.0, tfloor = 1000.0]
# schema: astropy-2.0
time PS1_g PS1_i PS1_r PS1_w PS1_y PS1_z swift_uvot_B swift_uvot_U swift_uvot_uvm2 swift_uvot_uvw1 swift_uvot_uvw2 swift_uvot_V johnson_B johnson_I johnson_R johnson_U johnson_V sdss_g sdss_i sdss_r sdss_u sdss_z ATLAS_c ATLAS_o ukirt_H ukirt_J ukirt_K Clear
[from data line 339]
20.440881763527052 -27.77624191761193 -26.86283393795396 -27.263348232823823 -27.43252824770261 -26.335904326006325 -26.556374863408614 -27.856405385183198 -29.439535636497638 -30.931120751137108 -30.55061743403641 -31.138565836797504 -27.5190322605049 -27.860434926192127 -27.166882939742518 -27.387317775540573 -29.104762583910706 -27.520890342996754 -27.838726188296405 -26.882467993261816 -27.264981252974625 -28.364491095274467 -26.50582263646159 -27.621330672383664 -27.12670730434759 -25.198630714522952 -25.821700149907745 -24.625706717943437 -27.337944438298738
20.501002004008015 -27.800182201377392 -26.885863595126427 -27.2867228717851 -27.45615668603806 -26.358598044162225 -26.57919794586734 -27.88059540828873 -29.464450926762336 -30.9581022997849 -30.577185697136144 -31.166307136901782 -27.54265338965696 -27.88461562495826 -27.1898208058028 -27.41061969403668 -29.129530830873247 -27.544502508193936 -27.86274164260572 -26.905506335548335 -27.288353521185886 -28.38928717111438 -26.52861568825184 -27.645105424378595 -27.149961932283517 -25.220845540837843 -25.844141208712283 -24.64776143156296 -27.36154440990031
20.561122244488978 -27.824074796814457 -26.908858819482315 -27.31005809750238 -27.47974210221308 -26.38126212605261 -26.6019895510985 -27.904734024193864 -29.489303909605322 -30.984989532080117 -30.603666543110553 -31.1939421331471 -27.566231502896958 -27.90874506192568 -27.21272555656614 -27.433883260375406 -29.15423899247224 -27.568071794540746 -27.886708295901474 -26.928510120158062 -27.311686407868212 -28.41402273394113 -26.55137769254658 -27.66883495017753 -27.173178899151438 -25.243037470664987 -25.866556203170443 -24.669795473951726 -27.3851018160466
20.62124248496994 -27.847920928150103 -26.931820604086667 -27.333354988995904 -27.503285635823644 -26.403897483162222 -26.62475062175913 -27.928822523939953 -29.514096073738827 -31.01178453537298 -30.630061916708478 -31.221473139263946 -27.589767742467643 -27.93282452534282 -27.23559816252464 -27.457109534980628 -29.178888516910774 -27.591599341711493 -27.910627392233174 -26.95148034229975 -27.334980991563746 -28.438699239962677 -26.574109584666132 -27.69252042976845 -27.19635925323045 -25.265207303120004 -25.88894598483238 -24.6918096077907 -27.4086177872209
20.6813627254509 -27.871721272982413 -26.954749426885467 -27.356614098278307 -27.5267878908182 -26.42650452336815 -26.647481592473223 -27.952861643187703 -29.53882832698561 -31.038488742500462 -30.65637312375115 -31.248901787341733 -27.613262715051327 -27.956854748415413 -27.25843908220573 -27.480299053791015 -29.20348027668486 -27.615085754140868 -27.934499626397233 -26.974417481764412 -27.35823782388458 -28.463317568685778 -26.596811792928516 -27.716162502313235 -27.219503519956785 -25.287355349997537 -25.911310910253906 -24.713804113849257 -27.43209291931258
20.741482965931862 -27.895475970178847 -26.977645256388527 -27.379835456869603 -27.550248942612843 -26.449083155821818 -26.670182395021182 -27.976851570738194 -29.563501006624247 -31.065102947484323 -30.68260084565866 -31.276229045520964 -27.636716498887452 -27.980835917802874 -27.28124826763497 -27.503451834597456 -29.228014578556937 -27.63853110811844 -27.958325152021413 -26.997321508629053 -27.38145693602256 -28.487878032961405 -26.619484243767033 -27.73976127363346 -27.242611708145574 -25.309481439529172 -25.93365084528264 -24.735778794372273 -27.455527280654852
20.801603206412825 -27.919186494048756 -27.000509333656648 -27.403020392723665 -27.57367018074106 -26.471634538892257 -26.69285421939497 -28.000793847955762 -29.588115852101833 -31.09162948666475 -30.708747279070234 -31.30345747566523 -27.66013048564676 -28.00476957210082 -27.304026937023835 -27.52656918660855 -29.25249312141449 -27.661936792757672 -27.982105463340048 -27.020193666123564 -27.404639655434693 -28.512382339652067 -26.642128119742576 -27.763318173644933 -27.265685114769926 -25.331586615758944 -25.955966887383237 -24.757734656206797 -27.478922251807578
20.861723446893787 -27.942852041129278 -27.02334073538882 -27.42616802648751 -27.59705075589631 -26.49415770837889 -26.715496116926687 -28.02468770728047 -29.612672203446877 -31.118068038846317 -30.734812015185184 -31.330586887260207 -27.683503828982634 -28.028654942149632 -27.326774155645143 -27.549650220786656 -29.276915223076127 -27.685301960276668 -28.00583976744358 -27.043033032035186 -27.427785102564126 -28.536829811071094 -26.664742468492957 -27.78683237514258 -27.28872284444993 -25.353669859684725 -25.978258042863853 -24.779670663039305 -27.502276978071798
20.92184368737475 -27.966474114889053 -27.046140735944952 -27.44927971793377 -27.620392088526362 -26.51665385727341 -26.738109311734792 -28.048534717903408 -29.63717182389022 -31.14442095087766 -30.760797265313755 -31.357619847652018 -27.70683795122241 -28.05249359444096 -27.34949117538734 -27.57269627850012 -29.30128260705275 -27.70862803050496 -28.02952958734231 -27.06584088285675 -27.450894636689558 -28.561222178522385 -26.687328506826784 -27.810305338087336 -27.31172622654377 -25.375732251638837 -26.000525444727582 -24.801587858497612 -27.52559287117183
20.98196392785571 -27.990052510737478 -27.068908985786226 -27.472355171071854 -27.643693919930055 -26.53912258567164 -26.76069342310628 -28.07233471782815 -29.661614678281385 -31.17068857948413 -30.786703289432555 -31.384556863609724 -27.730132596137864 -28.076285365148074 -27.372177632715122 -27.595707052078488 -29.325595212099913 -27.731914745550267 -28.053174731030506 -27.088616870380413 -27.473967961543444 -28.585559385968633 -26.70988584949347 -27.833736829713445 -27.334694945744786 -25.3977733232025 -26.022768656380713 -24.8234857522028 -27.548869666347713
21.04208416833667 -28.013588593446332 -27.091646633558888 -27.49539561512659 -27.666957536622885 -26.56156496544618 -26.783249552284172 -28.09608913380049 -29.686002376350746 -31.196873084807283 -30.812532120199947 -31.41140030339662 -27.753389051955033 -28.100031678475602 -27.39483465507406 -27.61868375338872 -29.349854610489043 -27.755163391286267 -28.07677658171018 -27.111362145264675 -27.49700630588306 -28.609843013024747 -26.732415590839658 -27.857128173771315 -27.357630202593608 -25.41979403992755 -26.044988693086708 -24.84536527505998 -27.572108641910855
21.102204408817634 -28.03708247854736 -27.114353639596338 -27.518401067947558 -27.69018299683193 -26.583980902588067 -26.805777625995102 -28.119798126569943 -29.71033521314043 -31.222975173245814 -30.83828436476411 -31.438151030432437 -27.77660737902168 -28.123732693262852 -27.41746218772991 -27.641626387791273 -29.37406106967857 -27.77837402631318 -28.100335268304253 -27.134076669274894 -27.520009687246993 -28.634073332616996 -26.754917652701558 -27.880479455879907 -27.380531994291566 -25.44179423340983 -26.067185421079735 -24.867226234677272 -27.595309849821348
21.162324649298597 -28.060533879723764 -27.1370295817405 -27.541371157586507 -27.713369963673493 -26.60636992767513 -26.828277192830896 -28.14346144966682 -29.734613060826778 -31.248995083238484 -30.86396017183386 -31.464809423576398 -27.799787242634554 -28.147388161336963 -27.44005979539595 -27.664534572398242 -29.398214437439105 -27.80154631437687 -28.123850516276416 -27.15676002150122 -27.54297773342385 -28.658250197374606 -26.77739157941433 -27.903790363370895 -27.403399930800383 -25.463773369853687 -26.089358336479673 -24.889068076601927 -27.61847294757315
21.22244488977956 -28.083940231079048 -27.15967185908605 -27.56430329512705 -27.73651585517637 -26.628729429783036 -26.85074564553588 -28.16707654942385 -29.758833404252574 -31.27493043819451 -30.889557120562188 -31.491373163178963 -27.822926063832007 -28.170995528357516 -27.462624874212064 -27.687405715406534 -29.422312190446036 -27.824677675955908 -28.147319763195693 -27.179409601324096 -27.56590785549724 -28.682371085758795 -26.79983476279496 -27.92705832230686 -27.42623141840358 -25.48572882710127 -26.111504821933202 -24.910888175798572 -27.641595350715473
21.28256513026052 -28.107309681495707 -27.182288115388946 -27.587205314703667 -27.759628644053027 -26.65106686855994 -26.87319051450835 -28.190651715293786 -29.78300494339411 -31.300791129826692 -30.915084851287045 -31.517852583637097 -27.846031813851788 -28.194563078358875 -27.485165017460577 -27.710247610539735 -29.446362945169444 -27.847776077147245 -28.170751200087558 -27.20203305728001 -27.588807886357944 -28.706444630233037 -26.822254716758813 -27.95029138844381 -27.44903422451669 -25.5076678047091 -26.13363219947713 -24.932693645544944 -27.664685015085357
21.34268537074148 -28.130639446515584 -27.204875549636647 -27.610074420379487 -27.782705536371868 -26.673379439603035 -26.89560899647331 -28.21418416981671 -29.807124923945825 -31.326574497010874 -30.940540668929195 -31.54424506386276 -27.86910170168228 -28.218088033419203 -27.507677422999326 -27.73305746045586 -29.470363942268946 -27.87083872657655 -28.194142044399744 -27.224627588469072 -27.611675030110625 -28.73046807263144 -26.844648637698505 -27.973486772749858 -27.47180555085066 -25.52958749629775 -26.155737663195566 -24.95448167962319 -27.687739144947585
21.402805611222444 -28.153929541972857 -27.22743403737363 -27.632910539745 -27.80574649642677 -26.695666969204126 -26.918000936525335 -28.237673969563588 -29.831193523392958 -31.352281086806236 -30.965925032557404 -31.570551292154615 -27.892135693296176 -28.241570448404175 -27.53016195272804 -27.75583518146614 -29.494315334401133 -27.89386558865194 -28.2174923240437 -27.247193071732116 -27.634509214058376 -28.754441570512945 -26.86701636627877 -27.996644464118656 -27.494545306351164 -25.55148766057719 -26.177821003291832 -24.976252014904944 -27.710757699028736
21.462925851703407 -28.17717960558097 -27.249963092969054 -27.655713232816108 -27.82875111627595 -26.7179289286838 -26.9403658224018 -28.261120788290583 -29.85521052273599 -31.377911010447782 -30.99123797366353 -31.596771506504545 -27.915133382494492 -28.265009995544744 -27.55261810907018 -27.778580323663153 -29.518216880513634 -27.916856255781358 -28.240801687401476 -27.269729022573852 -27.657309997971886 -28.778364887196393 -26.889357386362533 -28.019764076435543 -27.51725303462793 -25.573367710078557 -26.199881659645552 -24.998004045007566 -27.733740264379225
21.52304609218437 -28.20039067103494 -27.27246356961409 -27.67848342015654 -27.85172036461841 -26.740166106935188 -26.96270446760611 -28.28452571126275 -29.879177159411956 -31.403465962006155 -31.016481082249392 -31.622907573902935 -27.938095739070594 -28.28840775801359 -27.575046727477314 -27.801293793128085 -29.542069786901603 -27.939811695814743 -28.264071183522752 -27.292236295868797 -27.6800783020156 -28.802239235054294 -26.91167250568098 -28.042846609272498 -27.539929632316493 -25.59522834444175 -26.221920373664762 -25.019738440422273 -27.756687802983038
21.58316633266533 -28.223562799030706 -27.29493539046551 -27.701221076023153 -27.87465425189886 -26.762378378656084 -26.985016765347734 -28.307888838949015 -29.90309365180231 -31.42894651886213 -31.041654851332332 -31.648960208810365 -27.961022774876866 -28.311763834629925 -27.597447717695573 -27.823975553067914 -29.565874247750276 -27.962731919086 -28.287300884908912 -27.314714816047463 -27.70281410015814 -28.826064813031795 -26.933961613087654 -28.06589209702377 -27.56257505541095 -25.617069371677076 -26.243936984470118 -25.041454987551234 -27.779600319925795
21.64328657314629 -28.246697496093915 -27.317379867786258 -27.723927585345063 -27.8975542152134 -26.784566986549958 -27.007303984978694 -28.331211733045826 -29.926961724052124 -31.454354889304476 -31.06676138080452 -31.674931802251937 -27.98391592776308 -28.335079784878662 -27.61982237282495 -27.84662697283758 -29.589631954000748 -27.985618361381 -28.310492314538713 -27.337165897190445 -27.725518776887164 -28.84984331852019 -26.956225971694288 -28.088902009703496 -27.5851906631134 -25.638891937536755 -26.26593268325136 -25.063154800367148 -27.8024792452549
21.703406813627254 -28.269794594550905 -27.339796710245423 -27.746602702687913 -27.92042004159077 -26.806731595820494 -27.029565808299854 -28.354494261724643 -29.950781350720348 -31.47969137288277 -31.091800893522965 -31.700822778189405 -28.006774986108642 -28.358355475439353 -27.64217038949826 -27.86924779706701 -29.613342858366238 -28.008470809708253 -28.33364531537221 -27.35958924911026 -27.7481920865117 -28.873574708534733 -26.978465259393865 -28.111876155939672 -27.607776193567446 -25.660695647518704 -26.287907103341244 -25.08483746505433 -27.825324361144137
21.763527054108216 -28.292854191226393 -27.36218588142549 -27.769246441198323 -27.943251779399745 -26.828872122965866 -27.051802169805583 -28.37773656020681 -29.974552780745007 -31.50495656361239 -31.116773903315753 -31.72663386229962 -28.029599999453573 -28.381591039953097 -27.66449171827925 -27.891838028204774 -29.6370071864627 -28.031289312149102 -28.356759995642342 -27.38198483662563 -27.770834041893888 -28.897259213265087 -27.000679406450345 -28.13481460716657 -27.630331642240797 -25.682480353167968 -26.309860126613156 -25.10650281206432 -27.848135710850617
21.82364729458918 -28.315877097996704 -27.384548033719778 -27.791859512827912 -27.96605018324719 -26.85098916349352 -27.074013686781857 -28.400939485851577 -29.998277005657332 -31.53015185518376 -31.141681712973615 -31.752366600683736 -28.052391723225487 -28.404787333943457 -27.68678699587347 -27.914398365412946 -29.660625902367006 -28.05407462242337 -28.379837180775738 -27.404353313618337 -27.793445354628705 -28.920897802133574 -27.02286902504449 -28.157718145170776 -27.652857699956073 -25.704246570938874 -26.331792306531838 -25.12815133200696 -27.870914043108055
21.883767535070138 -28.33886322725574 -27.40688295702089 -27.81444175301422 -27.988815120926684 -26.87308246405948 -27.096200122406735 -28.42410298639579 -30.021954077934865 -31.555277618511703 -31.166524619319063 -31.77802148596369 -28.0751500263266 -28.42794430369086 -27.709056000215046 -27.936928634293665 -29.68419903706713 -28.07682660809 -28.402876793664742 -27.426694471116644 -27.81602585989317 -28.94449051034364 -27.04503387446941 -28.1805866589794 -27.675354185897234 -25.72599398789684 -26.35370335797811 -25.149782692611563 -27.893659220996234
21.9438877755511 -28.36181373122873 -27.429191635456824 -27.83699420877582 -28.01154768467514 -26.895152948570864 -27.118362423660454 -28.447228261764998 -30.045585337958958 -31.580335612517757 -31.191304288062085 -31.803600435216918 -28.097876001555726 -28.451063147215002 -27.731299698844893 -27.959429868393617 -29.707727902234613 -28.099546360167565 -28.425880000764483 -27.449009294821796 -27.83857660432158 -28.968038655135704 -27.06717489630382 -28.20342126925592 -27.697822124830065 -25.74772344397505 -26.375594160247733 -25.17139770627343 -27.916372330689168
22.004008016032063 -28.384728816760436 -27.451474146180868 -27.85951700560002 -28.03424803449314 -26.91720064814314 -27.140500639268996 -28.470315555981653 -30.06917113967326 -31.605326522900818 -31.216021329057018 -31.82910426048164 -28.120569809785138 -28.47414410702527 -27.75351815620373 -27.981902182795928 -29.7312128292909 -28.12223403812595 -28.44884701998197 -27.471297863093742 -27.861097713117058 -28.991542572328655 -27.08929213514006 -28.226222158260086 -27.72026162505158 -25.769434906547556 -26.397464710517102 -25.192996319597146 -27.939053527324074
