web/models/kne/15/mosfit_kn_0.001000_0.2180_10.0000.dat
# %ECSV 1.0
# ---
# datatype:
# - {name: time, datatype: float64}
# - {name: PS1_g, datatype: float64}
# - {name: PS1_i, datatype: float64}
# - {name: PS1_r, datatype: float64}
# - {name: PS1_w, datatype: float64}
# - {name: PS1_y, datatype: float64}
# - {name: PS1_z, datatype: float64}
# - {name: swift_uvot_B, datatype: float64}
# - {name: swift_uvot_U, datatype: float64}
# - {name: swift_uvot_uvm2, datatype: float64}
# - {name: swift_uvot_uvw1, datatype: float64}
# - {name: swift_uvot_uvw2, datatype: float64}
# - {name: swift_uvot_V, datatype: float64}
# - {name: johnson_B, datatype: float64}
# - {name: johnson_I, datatype: float64}
# - {name: johnson_R, datatype: float64}
# - {name: johnson_U, datatype: float64}
# - {name: johnson_V, datatype: float64}
# - {name: sdss_g, datatype: float64}
# - {name: sdss_i, datatype: float64}
# - {name: sdss_r, datatype: float64}
# - {name: sdss_u, datatype: float64}
# - {name: sdss_z, datatype: float64}
# - {name: ATLAS_c, datatype: float64}
# - {name: ATLAS_o, datatype: float64}
# - {name: ukirt_H, datatype: float64}
# - {name: ukirt_J, datatype: float64}
# - {name: ukirt_K, datatype: float64}
# - {name: Clear, datatype: float64}
# meta: !!omap
# - comment: [kappa = 10.0, type = rprocess, mass = 0.001, velocity = 0.21800000000000003, theta_obs = 0.0, tfloor = 1000.0]
# schema: astropy-2.0
time PS1_g PS1_i PS1_r PS1_w PS1_y PS1_z swift_uvot_B swift_uvot_U swift_uvot_uvm2 swift_uvot_uvw1 swift_uvot_uvw2 swift_uvot_V johnson_B johnson_I johnson_R johnson_U johnson_V sdss_g sdss_i sdss_r sdss_u sdss_z ATLAS_c ATLAS_o ukirt_H ukirt_J ukirt_K Clear
[from data line 147]
8.897795591182364 11.957754695364802 3.0759258821655067 6.5509966602033565 4.58307284869937 -0.4472641663597443 0.9704117984873761 15.497661271929271 22.15660536982419 36.04520067385337 18.12218790189874 20.635204408378403 9.917271388235587 14.293723954963081 1.522412575743556 4.492445342468556 21.12560419057245 8.962249053066833 12.770294796679238 3.1571818342785107 6.779485319699781 22.657710899999017 0.39698418646539224 8.530073229945998 4.077660705336221 -5.39625154427524 -3.246762248785549 -6.756540224748411 2.2971788049380315
8.957915831663327 11.980157935846822 3.098329122647545 6.573399900685395 4.605476089181408 -0.4248609258777236 0.9928150389694146 15.52006451241131 22.17900861030623 36.0676039143354 18.14459114238078 20.65760764886043 9.939674628717608 14.31612719544512 1.5448158162255945 4.514848582950594 21.14800743105448 8.984652293548871 12.792698037161276 3.1795850747605314 6.801888560181819 22.680114140481056 0.41938742694741293 8.552476470428036 4.100063945818242 -5.373848303793202 -3.2243590083035105 -6.7341369842663905 2.319582045420052
9.018036072144287 12.002493494211013 3.1206646810117356 6.595735459049568 4.627811647545581 -0.4025253675135332 1.015150597333605 15.5424000707755 22.20134416867041 36.089939472699584 18.16692670074497 20.679943207224614 9.962010187081798 14.338462753809292 1.567151374589785 4.537184141314767 21.17034298941866 9.006987851913044 12.815033595525449 3.201920633124722 6.8242241185460095 22.702449698845236 0.44172298531160337 8.57481202879221 4.122399504182432 -5.351512745429029 -3.202023449939338 -6.7118014259022 2.3419176037842426
9.07815631262525 12.024761322086128 3.142932508886851 6.618003286924683 4.650079475420714 -0.3802575396384178 1.0374184252087204 15.564667898650615 22.22361199654553 36.1122073005747 18.189194528620085 20.702211035099737 9.984278014956914 14.360730581684425 1.5894192024649003 4.5594519691899 21.192610817293783 9.02925567978816 12.837301423400564 3.2241884609998372 6.846491946421125 22.724717526720354 0.46399081318671875 8.597079856667342 4.144667332057548 -5.329244917553914 -3.1797556220642225 -6.689533598027085 2.364185431659358
9.138276553106213 12.046961498790552 3.1651326855912743 6.640203463629124 4.6722796521251375 -0.3580573629339767 1.0596186019131437 15.586868075355039 22.24581217324996 36.13440747727913 18.21139470532451 20.72441121180416 10.006478191661337 14.382930758388849 1.6116193791693236 4.581652145894323 21.214810993998206 9.0514558564926 12.859501600105006 3.2463886377042606 6.868692123125548 22.746917703424785 0.48619098989114207 8.619280033371766 4.166867508761971 -5.307044740849473 -3.1575554453597814 -6.667333421322661 2.3863856083637813
9.198396793587174 12.06909417386326 3.1872653606639822 6.662336138701832 4.6944123271978455 -0.3359246878612865 1.0817512769858517 15.609000750427747 22.267944848322667 36.15654015235184 18.233527380397216 20.746543886876868 10.028610866734045 14.405063433461557 1.6337520542420316 4.603784820967031 21.236943669070918 9.073588531565308 12.881634275177714 3.2685213127769686 6.890824798198256 22.769050378497482 0.5083236649638501 8.641412708444474 4.189000183834679 -5.284912065776765 -3.1354227702870734 -6.645200746249953 2.4085182834364893
9.258517034068136 12.091159651252497 3.2093308380532193 6.684401616091051 4.716477804587065 -0.31385921047204945 1.1038167543750887 15.631066227816984 22.290010325711897 36.178605629741064 18.255592857786453 20.768609364266105 10.050676344123282 14.427128910850794 1.6558175316312687 4.625850298356268 21.259009146460144 9.095654008954527 12.903699752566933 3.2905867901662056 6.912890275587493 22.791115855886723 0.5303891423530871 8.663478185833693 4.211065661223916 -5.2628465883875455 -3.113357292897854 -6.623135268860716 2.4305837608257264
9.318637274549097 12.113158212165516 3.2313293989662384 6.70640017700407 4.738476365500102 -0.29186064955903035 1.1258153152881079 15.653064788730003 22.312008886624916 36.20060419065408 18.277591418699473 20.790607925179124 10.072674905036301 14.449127471763813 1.6778160925442878 4.6478488592692875 21.28100770737317 9.117652569867547 12.92569831347997 3.3125853510792247 6.934888836500512 22.813114416799742 0.5523877032661062 8.68547674674673 4.233064222136935 -5.240848027474526 -3.091358731984835 -6.601136707947697 2.4525823217387455
9.37875751503006 12.13509012053132 3.2532613073320427 6.728332085369875 4.760408273865906 -0.2699287411932261 1.1477472236539121 15.674996697095807 22.333940794990717 36.2225360990199 18.299523327065277 20.81253983354493 10.094606813402105 14.471059380129617 1.699748000910092 4.669780767635092 21.30293961573898 9.139584478233369 12.947630221845774 3.334517259445029 6.956820744866317 22.835046325165543 0.5743196116319105 8.707408655112534 4.2549961305027395 -5.218916119108722 -3.069426823619031 -6.579204799581893 2.4745142301045497
9.438877755511022 12.156955707712243 3.2751268945129652 6.750197672550797 4.7822738610468285 -0.2480631540123035 1.1696128108348347 15.69686228427673 22.355806382171643 36.244401686200824 18.3213889142462 20.83440542072585 10.116472400583028 14.49292496731054 1.7216135880910146 4.691646354816014 21.324805202919897 9.161450065414291 12.969495809026697 3.3563828466259515 6.978686332047239 22.85691191234647 0.596185198812833 8.729274242293457 4.276861717683662 -5.1970505319277995 -3.0475612364381086 -6.55733921240097 2.4963798172854723
9.498997995991983 12.178755277937867 3.29692646473859 6.77199724277644 4.804073431272453 -0.22626358378667888 1.1914123810604593 15.718661854502354 22.377605952397268 36.26620125642645 18.343188484471824 20.856204990951476 10.138271970808653 14.514724537536164 1.7434131583166392 4.713445925041639 21.346604773145522 9.183249635639916 12.991295379252321 3.378182416851576 7.000485902272864 22.878711482572093 0.6179847690384577 8.751073812519081 4.298661287909287 -5.175250961702157 -3.025761666212484 -6.535539642175346 2.518179387511097
9.559118236472946 12.200489084107566 3.318660270908289 6.793731048946139 4.825807237442152 -0.20452977761697966 1.2131461872301585 15.740395660672053 22.399339758566967 36.28793506259615 18.364922290641523 20.877938797121175 10.160005776978352 14.536458343705863 1.7651469644863385 4.735179731211338 21.36833857931522 9.204983441809615 13.01302918542202 3.3999162230212754 7.022219708442563 22.900445288741793 0.6397185752081569 8.77280761868878 4.320395094078986 -5.153517155532458 -3.0040278600427848 -6.5138058360056466 2.539913193680796
9.619238476953907 12.222157433118035 3.34032861991874 6.81539939795659 4.847475586452603 -0.1828614286065111 1.2348145362406093 15.762064009682522 22.421008107577435 36.30960341160661 18.386590639651992 20.899607146131633 10.18167412598882 14.558126692716314 1.786815313496807 4.756848080221789 21.390006928325683 9.226651790820066 13.034697534432471 3.421584572031744 7.043888057453032 22.92211363775225 0.6613869242186254 8.794475967699231 4.3420634430894545 -5.131848806522007 -2.9823595110323162 -6.492137486995178 2.5615815426912647
9.67935871743487 12.243760595128972 3.361931781929677 6.837002559967527 4.86907874846354 -0.16125826659557418 1.2564176982515463 15.783667171693441 22.44261126958836 36.33120657361754 18.40819380166293 20.921210308142573 10.203277287999757 14.579729854727251 1.8084184755077262 4.778451242232726 21.41161009033662 9.248254952831003 13.056300696443408 3.443187734042681 7.0654912194639685 22.943716799763187 0.6829900862295624 8.816079129710168 4.363666605100391 -5.11024564451107 -2.9607563490213793 -6.470534324984241 2.5831847047022016
9.739478957915832 12.265298812957255 3.3834699997579776 6.85854077779581 4.890616966291823 -0.13972004876729116 1.277955916079847 15.805205389521742 22.464149487416655 36.35274479144582 18.42973201949121 20.942748525970853 10.22481550582804 14.601268072555552 1.829956693336027 4.799989460061009 21.433148308164903 9.269793170659286 13.077838914271691 3.464725951870964 7.0870294372922515 22.96525501759148 0.7045283040578454 8.837617347538451 4.385204822928674 -5.088707426682787 -2.9392181311930963 -6.448996107155958 2.6047229225304847
9.799599198396793 12.286772352406814 3.404943539207519 6.880014317245369 4.912090505741382 -0.11824650931773206 1.2994294555293884 15.826678928971301 22.485623026866215 36.37421833089538 18.45120555894077 20.96422206542041 10.2462890452776 14.622741612005093 1.851430232785586 4.821462999510568 21.45462184761446 9.291266710108845 13.09931245372125 3.486199491320523 7.108502976741811 22.98672855704103 0.7260018435074045 8.85909088698801 4.4066783623782335 -5.067233887233228 -2.917744591743537 -6.427522567706399 2.6261964619800438
9.859719438877756 12.308181460907868 3.4263526477085904 6.90142342574644 4.933499614242454 -0.09683740081666059 1.3208385640304598 15.848088037472355 22.507032135367275 36.39562743939645 18.472614667441825 20.985631173921476 10.267698153778653 14.644150720506165 1.8728393412866398 4.8428721080116395 21.476030956115522 9.312675818609916 13.120721562222322 3.5076085998215767 7.129912085242864 23.0081376655421 0.7474109520084582 8.880499995489082 4.428087470879287 -5.045824778732157 -2.8963354832424657 -6.406113459205345 2.6476055704810975
9.919839679358716 12.329526382051341 3.447697568852064 6.922768346889914 4.954844535385927 -0.07549247967318706 1.3421834851739334 15.869432958615828 22.52837705651075 36.41697236053992 18.493959588585298 21.00697609506495 10.289043074922144 14.665495641649638 1.8941842624301133 4.864217029155113 21.497375877258996 9.33402073975339 13.142066483365795 3.52895352096505 7.151257006386338 23.029482586685575 0.7687558731519317 8.901844916632555 4.449432392022761 -5.024479857588683 -2.874990562098992 -6.384768538061872 2.6689504916245888
9.97995991983968 12.350807329381865 3.468978516182588 6.944049294220438 4.976125482716451 -0.05421153234268061 1.3634644325044576 15.890713905946352 22.549658003841273 36.43825330787045 18.515240535915822 21.028257042395474 10.31032402225265 14.686776588980162 1.9154652097606375 4.885497976485637 21.51865682458952 9.355301687083914 13.16334743069632 3.5502344682955744 7.172537953716862 23.0507635340161 0.7900368204824559 8.92312586396308 4.470713339353285 -5.003198910258159 -2.853709614768468 -6.3634875907313475 2.690231438955095
10.040080160320642 12.372024541646613 3.4901957284473184 6.965266506485168 4.997342694981182 -0.03299432007793257 1.3846816447691879 15.911931118211083 22.570875216106003 36.459470520135184 18.53645774818057 21.049474254660215 10.331541234517399 14.707993801244893 1.9366824220253678 4.9067151887503675 21.53987403685426 9.376518899348644 13.18456464296105 3.5714516805603225 7.19375516598161 23.07198074628083 0.811254032747204 8.94434307622781 4.491930551618033 -4.981981697993429 -2.8324924025037377 -6.3422703784665995 2.7114486512198432
10.100200400801603 12.393178251908434 3.511349438709157 6.986420216747007 5.01849640524302 -0.01184060981611168 1.4058353550310265 15.933084828472921 22.592028926367842 36.48062423039701 18.55761145844239 21.070627964922043 10.35269494477922 14.729147511506731 1.9578361322872064 4.927868899012206 21.561027747116093 9.397672609610483 13.205718353222888 3.5926053908221434 7.214908876243431 23.093134456542668 0.8324077430090249 8.965496786489648 4.513084261879854 -4.96082798773159 -2.811338692241899 -6.321116668204779 2.732602361481664
10.160320641282565 12.41426864436269 3.532439831163412 7.007510609201244 5.0395867976972575 0.009249782638143245 1.4269257474852814 15.954175220927176 22.613119318822086 36.50171462285126 18.578701850896646 21.091718357376298 10.373785337233475 14.750237903960986 1.9789265247414614 4.948959291466461 21.582118139570337 9.41876300206472 13.226808745677126 3.6136957832763983 7.235999268697686 23.114224848996912 0.8534981354632798 8.986587178943886 4.534174654334109 -4.939737595277353 -2.790248299787662 -6.300026275750524 2.753692753935919
10.220440881763526 12.435295951085727 3.55346713788645 7.0285379159243 5.0606141044203135 0.030277089361181453 1.4479530542083197 15.975202527650215 22.634146625545128 36.52274192957431 18.599729157619684 21.112745664099336 10.394812643956513 14.771265210684025 1.9999538314644996 4.969986598189499 21.603145446293382 9.439790308787776 13.247836052400181 3.6347230899994365 7.257026575420724 23.135252155719954 0.874525442186318 9.007614485666942 4.555201961057147 -4.918710288554297 -2.769220993064606 -6.278998969027485 2.7747200606589573
10.280561122244489 12.456260383336364 3.5744315701370866 7.049502348174919 5.081578536670932 0.05124152161181783 1.468917486458956 15.996166959900851 22.655111057795764 36.54370636182494 18.62069358987032 21.13371009634996 10.41577707620715 14.792229642934661 2.020918263715136 4.990951030440118 21.62410987854401 9.460754741038395 13.2688004846508 3.655687522250073 7.2779910076713605 23.15621658797059 0.8954898744369544 9.02857891791756 4.576166393307783 -4.897745856303678 -2.7482565608139873 -6.258034536776849 2.7956844929095936
10.34068136272545 12.477162124786254 3.5953333115869768 7.070404089624809 5.102480278120822 0.07214326306170804 1.4898192279088462 16.01706870135074 22.676012799245655 36.56460810327483 18.64159533132021 21.15461183779985 10.43667881765704 14.813131384384533 2.041820005165026 5.011852771890008 21.6450116199939 9.481656482488285 13.28970222610069 3.676589263699963 7.298892749121251 23.17711832942048 0.9163916158868446 9.04948065936745 4.597068134757674 -4.876844114853788 -2.727354819364097 -6.237132795326959 2.816586234359484
10.400801603206412 12.498001379376547 3.6161725661772692 7.091243344215101 5.123319532711115 0.0929825176520005 1.5106584824991387 16.037907955941034 22.696852053835947 36.585447357865114 18.662434585910503 21.175451092390144 10.457518072247332 14.833970638974826 2.0626592597553186 5.032692026480301 21.665850874584194 9.502495737078577 13.310541480690983 3.6974285182902555 7.319732003711543 23.197957584010773 0.937230870477137 9.070319913957743 4.617907389347966 -4.8560048602634955 -2.7065155647738046 -6.216293540736666 2.8374254889497763
10.460921843687375 12.518778344558452 3.636949531359175 7.112020309397007 5.14409649789302 0.11375948283390613 1.5314354476810443 16.05868492112294 22.71762901901785 36.60622432304702 18.68321155109241 21.196228057572053 10.478295037429238 14.85474760415675 2.0834362249372242 5.053468991662206 21.6866278397661 9.523272702260483 13.331318445872888 3.718205483472161 7.340508968893449 23.218734549192675 0.9580078356590427 9.091096879139648 4.638684354529872 -4.83522789508159 -2.685738599591899 -6.195516575554761 2.858202454131682
10.521042084168336 12.539493231468022 3.6576644182687446 7.132735196306577 5.164811384802608 0.13447436974347582 1.552150334590614 16.07939980803251 22.738343905927422 36.626939209956596 18.70392643800198 21.21694294448163 10.499009924338807 14.875462491066319 2.104151111846794 5.074183878571794 21.70734272667567 9.543987589170053 13.352033332782458 3.738920370381731 7.3612238558030185 23.239449436102248 0.9787227225686124 9.111811766049218 4.659399241439441 -4.81451300817202 -2.6650237126823293 -6.174801688645191 2.8789173410412516
