web/models/kne/15/mosfit_kn_0.177477_0.2807_10.0000.dat
# %ECSV 1.0
# ---
# datatype:
# - {name: time, datatype: float64}
# - {name: PS1_g, datatype: float64}
# - {name: PS1_i, datatype: float64}
# - {name: PS1_r, datatype: float64}
# - {name: PS1_w, datatype: float64}
# - {name: PS1_y, datatype: float64}
# - {name: PS1_z, datatype: float64}
# - {name: swift_uvot_B, datatype: float64}
# - {name: swift_uvot_U, datatype: float64}
# - {name: swift_uvot_uvm2, datatype: float64}
# - {name: swift_uvot_uvw1, datatype: float64}
# - {name: swift_uvot_uvw2, datatype: float64}
# - {name: swift_uvot_V, datatype: float64}
# - {name: johnson_B, datatype: float64}
# - {name: johnson_I, datatype: float64}
# - {name: johnson_R, datatype: float64}
# - {name: johnson_U, datatype: float64}
# - {name: johnson_V, datatype: float64}
# - {name: sdss_g, datatype: float64}
# - {name: sdss_i, datatype: float64}
# - {name: sdss_r, datatype: float64}
# - {name: sdss_u, datatype: float64}
# - {name: sdss_z, datatype: float64}
# - {name: ATLAS_c, datatype: float64}
# - {name: ATLAS_o, datatype: float64}
# - {name: ukirt_H, datatype: float64}
# - {name: ukirt_J, datatype: float64}
# - {name: ukirt_K, datatype: float64}
# - {name: Clear, datatype: float64}
# meta: !!omap
# - comment: [kappa = 10.0, type = rprocess, mass = 0.1774768329891343, velocity = 0.2806666666666667, theta_obs = 0.0, tfloor = 1000.0]
# schema: astropy-2.0
time PS1_g PS1_i PS1_r PS1_w PS1_y PS1_z swift_uvot_B swift_uvot_U swift_uvot_uvm2 swift_uvot_uvw1 swift_uvot_uvw2 swift_uvot_V johnson_B johnson_I johnson_R johnson_U johnson_V sdss_g sdss_i sdss_r sdss_u sdss_z ATLAS_c ATLAS_o ukirt_H ukirt_J ukirt_K Clear
[from data line 29]
1.8036072144288577 -10.235787021877005 -12.897017867975169 -11.912176922099942 -11.983563388672867 -13.728062385786561 -13.422432978333205 -9.140747613257886 -7.78861163651996 -1.960409790750293 -5.869498411396137 -3.9065858079651004 -11.05128081242069 -9.29389601080754 -13.591222941876062 -12.43005278798454 -7.980709431682353 -11.172570174046522 -9.98471586601358 -12.880273550315025 -11.88956716458291 -7.05253104604223 -13.515102062419224 -11.038055167144893 -12.426186960439392 -14.456530211791508 -14.229232020189054 -14.454173163788473 -12.39378929153629
1.8637274549098195 -10.176609957070006 -12.881655086912431 -11.879181136413308 -11.958638198363332 -13.731007845271659 -13.418093392878827 -9.065568270520938 -7.677950237543456 -1.7743147326389446 -5.771881138911628 -3.8113110366291845 -11.002776286446629 -9.222364787625907 -13.581287901226855 -12.403756639245735 -7.875609409774508 -11.12683964540105 -9.921620880651112 -12.86442419220693 -11.855795226463712 -6.944297915577344 -13.513069027805393 -10.994201618845185 -12.4037923066855 -14.486185772196583 -14.24671432793266 -14.492061766464131 -12.379022451428625
1.9238476953907815 -10.117634641340398 -12.865633754307968 -11.84586747795544 -11.933381860984227 -13.73295976194191 -13.412889035209101 -8.990871821262314 -7.568444706592086 -1.5910977794017205 -5.676165838265241 -3.717983774366956 -10.954217926402158 -9.151297266024251 -13.570599964257372 -12.377064323752222 -7.771548119938043 -11.081037585090312 -9.858802230032087 -12.847925432627747 -11.821709025139011 -6.837145478721798 -13.51013987067331 -10.950323018863095 -12.38093232712881 -14.514403521820716 -14.262958939705042 -14.528383934597302 -12.363789514969099
1.9839679358717435 -10.058930953875489 -12.849048833216692 -11.812321393561174 -11.907873689430843 -13.734021607180011 -13.406920275403653 -8.916721241920992 -7.4601386978054585 -1.410747065306082 -5.582320786601027 -3.6265502906695555 -10.90568479180493 -9.080755696026642 -13.559256381283522 -12.350062291835215 -7.668573198019086 -11.035242702369155 -9.796327708534545 -12.830871999661468 -11.78739425312246 -6.731120767562704 -13.50641548036796 -10.906493059979567 -12.35769480005942 -14.541296439021439 -14.27807466832977 -14.563255160580278 -12.348171081673733
2.0440881763527052 -10.000419003409373 -12.83189146399021 -11.778505943266548 -11.882080381133235 -13.734212473476912 -13.40019533324666 -8.84301269177006 -7.352871732804918 -1.2329690737593806 -5.490133503672432 -3.536782332306213 -10.857116993823539 -9.01063967456793 -13.547256372457827 -12.3227219774292 -7.5665338851132375 -10.989397904397256 -9.73411121378744 -12.81325428322404 -11.752813319448823 -6.626068991705605 -13.501907113042222 -10.862652323032354 -12.334056680868137 -14.566921829537696 -14.292101553807777 -14.596744157726265 -12.332146345446251
2.1042084168336674 -9.9420937135951 -12.81419864370335 -11.744441645575652 -11.856021632764335 -13.733585376912085 -13.392761078478017 -8.769727549385326 -7.246591951822126 -1.0576297095147273 -5.399498209010503 -3.4485598065752785 -10.80852216544801 -8.940931808224523 -13.53464149265789 -12.295068050235589 -7.465384297822368 -10.943511927854546 -9.672144036573602 -12.795108847786718 -11.717986553318287 -6.5219422181802145 -13.496663210960183 -10.818806456184582 -12.310045657187434 -14.591353730300314 -14.30510419190094 -14.628931096194451 -12.31574115307323
2.164328657314629 -9.883952401178906 -12.796005564392505 -11.710148856878817 -11.82971699895095 -13.732189924965095 -13.384661590164608 -8.69685096205399 -7.141254611729053 -0.8846100920972182 -5.310321119651178 -3.361776956987302 -10.759909091680868 -8.871618310023507 -13.521451031175229 -12.267124566517513 -7.365085076110589 -10.897594526672856 -9.610420225753735 -12.776470496046759 -11.682934148907282 -6.418699255727187 -13.490729260573087 -10.774962380634392 -12.285688496665514 -14.614660630092718 -14.317142595071244 -14.659889962428599 -12.298980569707592
2.224448897795591 -9.82602001533758 -12.777362783899218 -11.675668201664635 -11.803204561505023 -13.73008606758571 -13.375953276658894 -8.62440009162927 -7.036856902333444 -0.713854838728774 -5.2225509795781555 -3.276372010537066 -10.711311067481557 -8.802716483500554 -13.507738160462825 -12.238934073853518 -7.265637191903728 -10.851679255805136 -9.548962553169762 -12.757389530241703 -11.647696758969204 -6.316340074890423 -13.484162463142617 -10.731150574215622 -12.261029417314191 -14.636914152633299 -14.328283189278446 -14.689695666729923 -12.281905556489754
2.284569138276553 -9.768342424599652 -12.758332109196608 -11.64105541797177 -11.776536098916885 -13.727341038076677 -13.366701400196543 -8.552416486119593 -6.933428234623502 -0.5453576430951328 -5.13616907455809 -3.192317023418475 -10.662779863930496 -8.734267260754848 -13.493566128452887 -12.210552802761445 -7.167072576126305 -10.805817566611465 -9.487815570596432 -12.737927607131354 -11.612330305624496 -6.214896268498453 -13.477028382324754 -10.687419192185885 -12.236125501547761 -14.658187496941345 -14.338596573021574 -14.718422938675298 -12.264568674004952
2.344689378757515 -9.7108748856113 -12.738912620298333 -11.606292241644578 -11.74969567955534 -13.723971198779736 -13.356915600899057 -8.4808406463472 -6.8308742435933745 -0.37894207490245346 -5.051049682095279 -3.1094803301132354 -10.614283084893234 -8.666213210475199 -13.47893900368992 -12.1819676132579 -7.069302850595875 -10.759978762398637 -9.426930707001464 -12.718083342997293 -11.576816131339527 -6.114276984411973 -13.469338527281742 -10.643736089096318 -12.21096701855572 -14.678520619089706 -14.348112050285804 -14.74611875286861 -12.246961740439488
2.4048096192384767 -9.6535704987315 -12.719099742715603 -11.57135732360338 -11.722664678803199 -13.719988752144445 -13.346601541518694 -8.409611322667569 -6.729099955224296 -0.21443454611331614 -4.967071108201502 -3.027735554176768 -10.565785618060694 -8.59849521746851 -13.46385706707122 -12.153162245726616 -6.972238792923513 -10.714129469400662 -9.366257359305301 -12.697851713832051 -11.541132474862952 -6.014390555836826 -13.461100404854154 -10.6000667526399 -12.18554103244438 -14.697948762587082 -14.35685445455128 -14.772825228749403 -12.229073820338527
2.464929859719439 -9.596518768346396 -12.698977800273834 -11.536337348228614 -11.695522964073195 -13.715474827909837 -13.335841787547196 -8.33882121622602 -6.628203010015952 -0.0519341046473647 -4.884285507551951 -2.9471285010039803 -10.51737746278863 -8.531203787728842 -13.44840353908091 -12.124220828373861 -6.875977791859686 -10.66835815325076 -9.305885590578065 -12.677317122626821 -11.505366527562728 -5.915335452173824 -13.452395828981984 -10.55649601208211 -12.159930752433858 -14.716546688298152 -14.364901554041596 -14.798614875658165 -12.21098108445604
2.5250501002004007 -9.539594862161742 -12.678486535611029 -11.501146255568333 -11.66819294916058 -13.710395532151178 -13.324592042320553 -8.268322657076574 -6.527983775603339 0.10887338751110764 -4.802485283444362 -2.8674503330707632 -10.468950493715685 -8.464195766608928 -13.432525907901127 -12.095066329747539 -6.780328689326353 -10.62256020629764 -9.245684850266453 -12.656418610067277 -11.469431302092765 -5.816916274345978 -13.443183663142264 -10.512920009061197 -12.134064554902704 -14.734318008215649 -14.372239932848812 -14.82350272027359 -12.192619514170033
2.5851703406813624 -9.482858641730516 -12.657687138952749 -11.465844925915167 -11.640730921751015 -13.704811765401637 -13.312913457894844 -8.198176107544494 -6.428502269498821 0.26793639475113995 -4.721694821775255 -2.7887212986204477 -10.420566353429905 -8.397530257148386 -13.416285147110749 -12.065758367270416 -6.685352007792151 -10.576796354747076 -9.185714961326816 -12.635217369525282 -11.433388000732414 -5.719194040539968 -13.433524733125086 -10.469396689940051 -12.108001792832841 -14.751321777324616 -14.378929576144815 -14.847547003722868 -12.174043648590214
2.6452905811623246 -9.426329253215169 -12.636612231283895 -11.43046075349531 -11.613162554624896 -13.698761045491583 -13.300841721398662 -8.12839673943688 -6.3297632993221065 0.42527860493022107 -4.641891645227467 -2.7109162494750403 -10.37224873666472 -8.33122228263456 -13.399715216724008 -12.036325131789376 -6.591054561622133 -10.531090285366956 -9.125993935418641 -12.613745888140766 -11.39726407854237 -5.622175114014691 -13.423455093924197 -10.425947842270222 -12.081771515621735 -14.76760141860106 -14.385011294623398 -14.870792754756986 -12.155280502885102
2.7054108216432864 -9.369939656237243 -12.615235611924831 -11.394951248408418 -11.58545004122006 -13.692233731251982 -13.288360676836835 -8.058903231226743 -6.231652784769466 0.5810873459940575 -4.562951899707102 -2.633910800405278 -10.323941380493721 -8.265193160536665 -13.382794761398895 -12.00672963275797 -6.497327680337747 -10.485387818456749 -9.06645112864048 -12.5919775239662 -11.361016509940214 -5.525748228839866 -13.412960532980378 -10.382519339848333 -12.05534009040683 -14.783170633474821 -14.390488208373318 -14.893260735786685 -12.136300568408753
2.7655310621242486 -9.313813019482762 -12.593656766583017 -11.359425636186984 -11.557693214666589 -13.685318556503638 -13.275563485835686 -7.989828556610138 -6.134323648041384 0.7351762838192117 -4.484985769319483 -2.557811575446077 -10.2757632533901 -8.199572196808095 -13.365619922580596 -11.977075774762202 -6.4043215964246265 -10.439805259049296 -9.0072119125794 -12.570012042207868 -11.324755325995 -5.430065964960722 -13.402132516748662 -10.33922351643879 -12.02880897272971 -14.79810093665456 -14.395439772260177 -14.91501686964378 -12.117196006830468
2.8256513026052104 -9.257847358011464 -12.571823848242314 -11.3238119968244 -11.52982753018378 -13.677984288318612 -13.262410758035283 -7.92105283581587 -6.0376155808563325 0.887793521496147 -4.407833148528724 -2.482459412031662 -10.227625112762102 -8.13424324833559 -13.348144930440615 -11.94729888732579 -6.311882533000521 -10.394256263185733 -8.948169851945309 -12.547797048277243 -11.288407832800242 -5.334971160449751 -13.390934175670619 -10.295975037899598 -12.00211773670194 -14.81239064342494 -14.399850876255085 -14.93606849559846 -12.097913155085323
2.885771543086172 -9.202019427063988 -12.549736499069564 -11.288100884727967 -11.501845192448261 -13.670239684859542 -13.248907694137522 -7.852545051801939 -5.941479361332362 1.0390306558240932 -4.331432645456648 -2.407792684317694 -10.179510060495105 -8.069176452043244 -13.330372064121853 -11.917392286981567 -6.2199643673341605 -10.348724883815146 -8.889299700424367 -12.525331940613587 -11.251964359503734 -5.2404163651757685 -13.379371716086581 -10.252757392586016 -11.975261501183514 -14.82606105074909 -14.403737155510681 -14.956440640926514 -12.078448453141739
2.9458917835671343 -9.146402352153604 -12.527457787955836 -11.252359572131159 -11.473807775919855 -13.662142963355901 -13.235114556763552 -7.784382896195608 -5.846001434330326 1.1887896196667542 -4.2558409153705945 -2.3338664702156673 -10.131489982526613 -8.004447342759068 -13.312362831674609 -11.887420389684753 -6.128652509717007 -10.30328146882688 -8.830675549319515 -12.502679912386743 -11.215492655882997 -5.146488214966638 -13.367504525627893 -10.209638217803079 -11.948303524177248 -14.839162112612879 -14.40715240303591 -14.97618048697811 -12.058859476425852
3.006012024048096 -9.090851460240437 -12.50490444950115 -11.216480127678743 -11.44561840178083 -13.653636448708237 -13.220963482067773 -7.716399318437147 -5.750964917883312 1.337391713570228 -4.180855734690567 -2.2604807984826922 -10.083435180605235 -7.939894144691312 -13.294041577716175 -11.85728484849757 -6.037737958729654 -10.257800355851801 -8.772147241704449 -12.479757021431386 -11.178883685609176 -5.052973296811523 -13.35526801392069 -10.166494257628695 -11.921150777717635 -14.851673459553144 -14.410059263034201 -14.99527917366901 -12.039063558808838
3.066132264529058 -9.03547850984399 -12.482163715530312 -11.180559810246429 -11.417365677997182 -13.644796435408182 -13.206535243899378 -7.648716003610661 -5.6565120633116095 1.4846590510307296 -4.106584066347807 -2.1877408584639677 -10.035452763073504 -7.875635004359104 -13.27549215016574 -11.8270776708422 -5.947360095080782 -10.212386071685644 -8.713828800999579 -12.45665078440469 -11.142235476068674 -4.9600133074905095 -13.342741274344831 -10.123426542970844 -11.893892834578939 -14.863654134834011 -14.412524718233557 -15.013790172537574 -12.019141807040619
3.12625250501002 -8.980312979626888 -12.459267162473466 -11.144629464783069 -11.389078031263526 -13.63565490536077 -13.191861746406648 -7.581362323286572 -5.562670998211736 1.6305712550956715 -4.033035495058126 -2.1156560764515073 -9.987573608649491 -7.811698497423926 -13.256746155496472 -11.796829057339188 -5.8575474923974475 -10.167068970381477 -8.655749568090574 -12.433392763836721 -11.105579055400465 -4.867637042914339 -13.32995607007966 -10.08046383540524 -11.866559882652332 -14.875135839686187 -14.414580653366416 -15.03174492801662 -11.999121921353417
3.186372745490982 -8.925196313394856 -12.436119970251376 -11.108568633782738 -11.36064745589307 -13.626143763043608 -13.176864222800155 -7.514156270735902 -5.469207829566738 1.7754689604822689 -3.959998239027502 -2.044017392791456 -9.939654392153649 -7.747908451045159 -13.237716755057615 -11.766428863735154 -5.768074385120567 -10.121710168602805 -8.59774527903836 -12.409887434632942 -11.068792739983788 -4.775614025215393 -13.316837127550372 -10.037470311077374 -11.8390473458102 -14.886089741840799 -14.416180342107177 -15.049126778029931 -11.978911084073136
3.2464929859719436 -8.87026526808313 -12.412824120559698 -11.072493444939617 -11.332179291387927 -13.616349740887 -13.161635613369835 -7.447248341828977 -5.3763020255976635 1.9191204506442157 -3.8876127903369624 -1.9729637534528908 -9.891824834623161 -7.684410775931848 -13.218501246987426 -11.735986197752457 -5.679116061313174 -10.076436015654336 -8.539955876603997 -12.38623717644412 -11.031993643791118 -4.684122648767417 -13.303475119901549 -9.994568245176687 -11.811461011619429 -14.896578926968576 -14.417397727031494 -15.065991234723322 -11.958604617610238
3.306613226452906 -8.815522211792874 -12.389391197084958 -11.036411853325045 -11.303681223719337 -13.6062879436669 -13.146189679504499 -7.380638006895995 -5.283945913893184 2.0615520787450388 -3.8158610488506635 -1.9024776741723524 -9.844090174858977 -7.621205034854167 -13.19911219656736 -11.705509758559185 -5.59066615093241 -10.031251883675887 -8.482382940990103 -12.36245347763111 -10.995189712991138 -4.593156145263695 -13.289884121342617 -9.951762204283003 -11.783810245953177 -14.90662302180764 -14.418250415428789 -15.08235919564754 -11.938211501282758
3.3667334669338675 -8.760916167046258 -12.365796548203143 -11.000288659674453 -11.27512210735004 -13.59594457784377 -13.130508324480612 -7.314264864666394 -5.1920578518027405 2.202891250112768 -3.7446634851563227 -1.8324809973744958 -9.796406079815078 -7.558232843102445 -13.179528158564448 -11.674968218682988 -5.50264643847979 -9.986115011491774 -8.424973157446694 -12.33851139906223 -10.958345330527877 -4.502634501754699 -13.276047378676346 -9.909010023836284 -11.756065941607368 -14.916223841099075 -14.418733131598083 -15.098237242852191 -11.917706390948588
