web/models/kne/15/mosfit_kn_0.095333_0.3277_3.6500.dat
# %ECSV 1.0
# ---
# datatype:
# - {name: time, datatype: float64}
# - {name: PS1_g, datatype: float64}
# - {name: PS1_i, datatype: float64}
# - {name: PS1_r, datatype: float64}
# - {name: PS1_w, datatype: float64}
# - {name: PS1_y, datatype: float64}
# - {name: PS1_z, datatype: float64}
# - {name: swift_uvot_B, datatype: float64}
# - {name: swift_uvot_U, datatype: float64}
# - {name: swift_uvot_uvm2, datatype: float64}
# - {name: swift_uvot_uvw1, datatype: float64}
# - {name: swift_uvot_uvw2, datatype: float64}
# - {name: swift_uvot_V, datatype: float64}
# - {name: johnson_B, datatype: float64}
# - {name: johnson_I, datatype: float64}
# - {name: johnson_R, datatype: float64}
# - {name: johnson_U, datatype: float64}
# - {name: johnson_V, datatype: float64}
# - {name: sdss_g, datatype: float64}
# - {name: sdss_i, datatype: float64}
# - {name: sdss_r, datatype: float64}
# - {name: sdss_u, datatype: float64}
# - {name: sdss_z, datatype: float64}
# - {name: ATLAS_c, datatype: float64}
# - {name: ATLAS_o, datatype: float64}
# - {name: ukirt_H, datatype: float64}
# - {name: ukirt_J, datatype: float64}
# - {name: ukirt_K, datatype: float64}
# - {name: Clear, datatype: float64}
# meta: !!omap
# - comment: [kappa = 3.65, type = rprocess, mass = 0.09533330950298248, velocity = 0.32766666666666666, theta_obs = 0.0, tfloor = 1000.0]
# schema: astropy-2.0
time PS1_g PS1_i PS1_r PS1_w PS1_y PS1_z swift_uvot_B swift_uvot_U swift_uvot_uvm2 swift_uvot_uvw1 swift_uvot_uvw2 swift_uvot_V johnson_B johnson_I johnson_R johnson_U johnson_V sdss_g sdss_i sdss_r sdss_u sdss_z ATLAS_c ATLAS_o ukirt_H ukirt_J ukirt_K Clear
[from data line 375]
22.605210420841683 7.171140706884085 -1.7106881063152102 1.7643826717226396 -0.2035411397813469 -5.233878154840461 -3.8162021899933407 10.711047283448554 17.369991381343475 31.258586685372645 13.335573913418024 15.848590419897675 5.1306573997548695 9.507109966482364 -3.264201412737161 -0.29416864601216086 16.338990202091733 4.175635064586117 7.983680808198521 -1.629432154202206 1.9928713312190638 17.8710969115183 -4.389629802015325 3.743459241465281 -0.7089532831444956 -10.182865532755956 -8.033376237266266 -11.543154213229128 -2.4894351835426853
22.665330661322646 7.177741791750574 -1.7040870214487036 1.7709837565891284 -0.19694005491484035 -5.227277069973972 -3.809601105126834 10.71764836831506 17.37659246620998 31.265187770239148 13.34217499828453 15.855191504764182 5.137258484621358 9.51371105134887 -3.2576003278706542 -0.2875675611456543 16.34559128695822 4.1822361494526055 7.990281893065028 -1.6228310693357173 1.9994724160855704 17.877697996384807 -4.383028717148836 3.7500603263317878 -0.7023521982780068 -10.176264447889467 -8.026775152399777 -11.53655312836264 -2.4828340986761965
22.725450901803605 7.1843188227417265 -1.6975099904575508 1.7775607875802812 -0.19036302392368754 -5.2207000389828195 -3.8030240741356813 10.724225399306214 17.383169497201134 31.2717648012303 13.348752029275683 15.861768535755335 5.143835515612511 9.520288082340024 -3.2510232968795014 -0.2809905301545015 16.352168317949374 4.188813180443776 7.9968589240561805 -1.6162540383445645 2.006049447076723 17.88427502737596 -4.376451686157683 3.7566373573229406 -0.695775167286854 -10.169687416898315 -8.020198121408624 -11.529976097371486 -2.4762570676850437
22.785571142284567 7.190872061190472 -1.6909567520088054 1.7841140260290445 -0.1838097854749421 -5.214146800534074 -3.796470835686936 10.730778637754959 17.38972273564988 31.278318039679046 13.355305267724429 15.86832177420408 5.1503887540612565 9.526841320788769 -3.244470058430756 -0.27443729170575604 16.35872155639812 4.1953664188925215 8.003412162504926 -1.609700799895819 2.0126026855254686 17.890828265824705 -4.3698984477089375 3.763190595771686 -0.6892219288381085 -10.163134178449551 -8.013644882959861 -11.523422858922741 -2.4697038292362983
22.84569138276553 7.197401754424284 -1.6844270587749932 1.7906437192628566 -0.17728009224112995 -5.207617107300262 -3.7899411424531237 10.737308330988771 17.39625242888369 31.284847732912862 13.361834960958241 15.874851467437892 5.156918447295069 9.533371014022581 -3.237940365196944 -0.2679075984719439 16.365251249631932 4.201896112126334 8.009941855738738 -1.603171106662007 2.0191323787592808 17.897357959058517 -4.363368754475125 3.769720289005498 -0.6826922356042964 -10.15660448521574 -8.007115189726049 -11.516893165688929 -2.463174136002486
22.905811623246493 7.203908180246881 -1.6779206329523966 1.7971501450854355 -0.17077366641855107 -5.201110681477665 -3.783434716630527 10.743814756811368 17.40275885470627 31.291354158735448 13.368341386780838 15.881357893260489 5.163424873117665 9.53987743984516 -3.231433939374347 -0.261401172649365 16.37175767545453 4.2084025379489125 8.016448281561317 -1.5966646808394103 2.0256388045818774 17.903864384881096 -4.356862328652529 3.776226714828077 -0.6761858097816997 -10.15009805939316 -8.00060876390347 -11.510386739866332 -2.4566677101798895
22.965931863727455 7.210391521469042 -1.6714372917302356 1.8036334863075965 -0.16429032519637232 -5.194627340255504 -3.776951375408366 10.750298098033529 17.40924219592845 31.297837499957613 13.374824728002999 15.88784123448265 5.169908214339826 9.546360781067339 -3.224950598152186 -0.25491783142718627 16.37824101667669 4.2148858791710735 8.022931622783496 -1.5901813396172493 2.0321221458040384 17.910347726103275 -4.350378987430368 3.782710056050256 -0.6697024685595387 -10.143614718171 -7.994125422681309 -11.503903398644171 -2.4501843689577285
23.026052104208414 7.216852074624587 -1.6649767385746905 1.8100940394631415 -0.15782977204082727 -5.188166787099959 -3.770490822252821 10.756758651189074 17.415702749083994 31.30429805311316 13.381285281158544 15.894301787638195 5.176368767495371 9.552821334222884 -3.218490044996641 -0.2484572782716412 16.384701569832234 4.2213464323266185 8.02939217593904 -1.5837207864617042 2.0385826989595834 17.91680827925882 -4.343918434274823 3.789170609205801 -0.6632419154039937 -10.137154165015454 -7.987664869525764 -11.497442845488626 -2.4437238158021835
23.086172344689377 7.223290179673825 -1.6585386335254526 1.8165321445123794 -0.15139166699158935 -5.181728682050721 -3.764052717203583 10.763196756238312 17.422140854133232 31.310736158162403 13.387723386207782 15.900739892687433 5.182806872544609 9.559259439272122 -3.2120519399474032 -0.2420191732224033 16.391139674881472 4.2277845373758565 8.035830280988279 -1.5772826814124663 2.0450208040088214 17.923246384308058 -4.337480329225585 3.7956087142550388 -0.6568038103547558 -10.130716059966216 -7.981226764476526 -11.491004740439388 -2.4372857107529455
23.14629258517034 7.2297060339620245 -1.6521227792372528 1.822947998800597 -0.14497581270338955 -5.1753128277625216 -3.7576368629153833 10.769612610526512 17.428556708421432 31.317152012450602 13.394139240495981 15.907155746975633 5.189222726832809 9.565675293560322 -3.2056360856592034 -0.2356033189342035 16.397555529169672 4.234200391664074 8.042246135276478 -1.5708668271242665 2.051436658297021 17.929662238596258 -4.331064474937385 3.8020245685432386 -0.650387956066556 -10.124300205677999 -7.9748109101883085 -11.484588886151188 -2.4308698564647457
23.206412825651302 7.236099842527555 -1.6457289706717404 1.8293418073661094 -0.13858200413787714 -5.168919019196991 -3.751243054349871 10.776006419092024 17.434950516986945 31.323545821016122 13.400533049061512 15.913549555541163 5.195616535398339 9.572069102125834 -3.1992422770936733 -0.22920951036869108 16.403949337735202 4.240594200229586 8.04863994384199 -1.5644730185587363 2.0578304668625513 17.93605604716177 -4.324670666371855 3.808418377108751 -0.6439941475010258 -10.117906397112487 -7.968417101622796 -11.478195077585658 -2.4244760478992156
23.266533066132265 7.242471757699036 -1.639357055500259 1.8357137225375908 -0.13221008896639574 -5.16254710402551 -3.7448711391783895 10.782378334263505 17.441322432158426 31.3299177361876 13.406904964232993 15.919921470712627 5.201988450569821 9.578441017297315 -3.1928703619222096 -0.2228375951972097 16.410321252906684 4.246966115401068 8.055011859013472 -1.558101103387255 2.064202382034015 17.94242796233325 -4.318298751200373 3.8147902922802324 -0.6376222323295444 -10.111534481941005 -7.962045186451315 -11.471823162414177 -2.418104132727734
23.326653306613224 7.248822084597801 -1.633006728601476 1.842064049436356 -0.1258597620676305 -5.156196777126745 -3.7385208122796065 10.788728661162288 17.44767275905719 31.33626806308637 13.413255291131758 15.92627179761141 5.208338777468586 9.584791344196098 -3.1865200350234266 -0.21648726829842668 16.41667157980545 4.253316442299833 8.061362185912238 -1.5517507764884897 2.070552708932798 17.948778289232017 -4.311948424301608 3.8211406191789976 -0.6312719054307792 -10.10518415504224 -7.955694859552549 -11.465472835515412 -2.411753805828969
23.386773547094187 7.255150988568548 -1.626677824630729 1.848392953407103 -0.1195308580968657 -5.149867873155998 -3.7321919083088595 10.795057565133035 17.454001663027956 31.342596967057116 13.419584195102505 15.932600701582157 5.214667681439333 9.591120248166845 -3.1801911310526796 -0.21015836432767965 16.423000483776196 4.25964534627058 8.067691089883002 -1.5454218725177427 2.076881612903545 17.95510719320278 -4.305619520330861 3.8274695231497624 -0.6249430014600321 -10.098855251071493 -7.949365955581802 -11.459143931544665 -2.405424901858222
23.44689378757515 7.261458827414948 -1.620369985784329 1.854700792253503 -0.1132230192504835 -5.143560034309598 -3.7258840694624595 10.801365403979435 17.460309501874338 31.34890480590352 13.425892033948905 15.938908540428557 5.220975520285733 9.597428087013245 -3.1738832922062796 -0.20385052548129745 16.429308322622596 4.26595318511698 8.073998928729385 -1.5391140336713427 2.083189451749945 17.961415032049164 -4.299311681484461 3.8337773619961446 -0.6186351626136322 -10.092547412225093 -7.943058116735402 -11.452836092698265 -2.399117063011822
23.507014028056112 7.267745732115536 -1.6140830810837592 1.8609876969540906 -0.10693611454989593 -5.13727312960901 -3.7195971647618897 10.807652308680005 17.466596406574926 31.355191710604092 13.432178938649475 15.945195445129126 5.22726242498632 9.603714991713815 -3.16759638750571 -0.19756362078070988 16.435595227323184 4.272240089817568 8.080285833429972 -1.5328271289707551 2.0894763564505148 17.96770193674975 -4.293024776783874 3.840064266696732 -0.6123482579130446 -10.086260507524505 -7.936771212034815 -11.446549187997677 -2.3928301583112344
23.567134268537075 7.274011936260365 -1.60781687693893 1.8672539010989198 -0.10066991040506679 -5.131006925464181 -3.7133309606170606 10.813918512824834 17.472862610719755 31.36145791474893 13.438445142794322 15.951461649273973 5.23352862913115 9.609981195858644 -3.1613301833608807 -0.19129741663588073 16.441861431468013 4.278506293962397 8.086552037574801 -1.526560924825926 2.0957425605953617 17.97396814089458 -4.2867585726390445 3.8463304708415613 -0.6060820537682154 -10.079994303379676 -7.930505007889986 -11.440282983852848 -2.386563954166405
23.627254509018034 7.280257610144769 -1.6015712030545082 1.8734995749833239 -0.09442423652064491 -5.124761251579777 -3.7070852867326387 10.820164186709256 17.47910828460416 31.367703588633336 13.444690816678726 15.957707323158377 5.239774303015554 9.616226869743066 -3.155084509476459 -0.18505174275145886 16.448107105352417 4.284751967846801 8.092797711459205 -1.5203152509415219 2.101988234479766 17.980213814778985 -4.28051289875464 3.8525761447259654 -0.5998363798838113 -10.073748629495272 -7.924259334005582 -11.434037309968444 -2.380318280282001
23.687374749498996 7.28648293584067 -1.5953458773586071 1.879724900679225 -0.08819891082476161 -5.118535925883876 -3.7008599610367376 10.826389512405157 17.48533361030006 31.373928914329237 13.450916142374627 15.963932648854279 5.245999628711455 9.622452195438967 -3.1488591837805577 -0.17882641705557556 16.454332431048318 4.290977293542702 8.099023037155106 -1.5140899252456208 2.108213560175667 17.986439140474886 -4.274287573058739 3.8588014704218665 -0.5936110541879103 -10.067523303799371 -7.9180340083096805 -11.427811984272543 -2.3740929545861
23.74749498997996 7.292688107275662 -1.5891407059236151 1.885930072114217 -0.08199373938976962 -5.112330754448884 -3.6946547896017456 10.83259468384015 17.491538781735052 31.38013408576423 13.457121313809619 15.97013782028927 5.252204800146447 9.628657366873941 -3.1426540123455657 -0.17262124562058356 16.46053760248331 4.297182464977694 8.105228208590098 -1.5078847538106288 2.114418731610659 17.992644311909878 -4.268082401623747 3.8650066418568585 -0.5874058827529183 -10.061318132364379 -7.9118288368746885 -11.42160681283755 -2.367887783151108
23.80761523046092 7.2988733360783264 -1.5829554771209686 1.8921153009168812 -0.07580851058710536 -5.10614552564622 -3.688469560799099 10.838779912642796 17.497724010537716 31.386319314566894 13.463306542612266 15.976323049091917 5.258390028949111 9.634842595676606 -3.1364687835429192 -0.1664360168179193 16.466722831285974 4.303367693780358 8.111413437392763 -1.5016995250079646 2.1206039604133053 17.998829540712542 -4.261897172821083 3.8711918706595227 -0.581220653950254 -10.055132903561715 -7.905643608072024 -11.415421584034886 -2.361702554348444
23.867735470941884 7.305038870912579 -1.5767899422866982 1.8982808357511516 -0.06964297575283496 -5.099979990811949 -3.6823040259648288 10.844945447477066 17.503889545371987 31.392484849401153 13.469472077446536 15.982488583926187 5.264555563783364 9.641008130510876 -3.130303248708649 -0.1602704819836489 16.472888366120245 4.309533228614629 8.117578972227033 -1.495533990173712 2.1267694952475757 18.004995075546812 -4.25573163798683 3.877357405493793 -0.5750551191160014 -10.048967368727444 -7.899478073237754 -11.409256049200634 -2.355537019514191
23.927855711422843 7.311184862032167 -1.57064395116711 1.904426826870722 -0.06349698463324671 -5.093833999692379 -3.6761580348452405 10.851091438596654 17.510035536491575 31.39863084052074 13.475618068566124 15.988634575045776 5.270701554902952 9.647154121630464 -3.1241572575890606 -0.15412449086406066 16.479034357239815 4.315679219734199 8.123724963346621 -1.4893879990541237 2.132915486367164 18.0111410666664 -4.249585646867242 3.8835033966133814 -0.5689091279964131 -10.042821377607874 -7.893332082118183 -11.403110058081046 -2.349391028394603
23.987975951903806 7.317311486510931 -1.5645173266883639 1.910553451349486 -0.05737036015450059 -5.087707375213615 -3.6700314103664944 10.8572180630754 17.51616216097032 31.404757464999495 13.481744693044888 15.994761199524522 5.276828179381716 9.65328074610921 -3.1180306331103145 -0.14799786638531454 16.48516098171858 4.321805844212963 8.129851587825367 -1.4832613745753598 2.139042110845928 18.017267691145147 -4.243459022388478 3.8896300210921275 -0.5627825035176492 -10.03669475312911 -7.8872054576394195 -11.396983433602282 -2.343264403915839
24.04809619238477 7.323418894215923 -1.5584099189833545 1.9166608590544776 -0.05126295244950896 -5.081599967508623 -3.663924002661485 10.86332547078041 17.522269568675313 31.41086487270449 13.48785210074988 16.00086860722953 5.282935587086707 9.65938815381422 -3.111923225405305 -0.14189045868030514 16.49126838942357 4.327913251917955 8.135958995530359 -1.4771539668703682 2.1451495185509195 18.02337509885014 -4.237351614683487 3.895737428797119 -0.5566750958126576 -10.030587345424118 -7.881098049934428 -11.39087602589729 -2.3371569962108474
24.10821643286573 7.329507261941153 -1.5523215512581245 1.9227492267797075 -0.04517458472426128 -5.075511599783393 -3.657835634936255 10.86941383850564 17.52835793640056 31.41695324042973 13.49394046847511 16.00695697495476 5.289023954811937 9.66547652153945 -3.105834857680075 -0.13580209095507523 16.4973567571488 4.334001619643202 8.142047363255607 -1.4710655991451382 2.1512378862761494 18.029463466575386 -4.231263246958257 3.901825796522367 -0.5505867280874277 -10.024498977698888 -7.875009682209198 -11.38478765817206 -2.3310686284856175
24.168336673346694 7.335576762863578 -1.5462520503356991 1.928818727702133 -0.039105083801853624 -5.069442098860968 -3.6517661340138297 10.875483339428065 17.534427437322968 31.423022741352145 13.500009969397535 16.013026475877187 5.295093455734363 9.671546022461857 -3.0997653567576497 -0.12973259003266757 16.503426258071226 4.34007112056561 8.148116864178014 -1.4649960982227128 2.157307387198575 18.035532967497794 -4.225193746035831 3.9078952974447745 -0.5445172271650023 -10.018429476776463 -7.8689401812867725 -11.378718157249635 -2.324999127563192
24.228456913827653 7.341627606560515 -1.5402012066387627 1.9348695713990693 -0.033054240104899435 -5.063391255164031 -3.6457152903168932 10.881534183125002 17.540478281019922 31.429073585049085 13.506060813094471 16.019077319574123 5.301144299431299 9.677596866158812 -3.0937145130607133 -0.12368174633571338 16.509477101768162 4.346121964262546 8.154167707874969 -1.4589452545257764 2.1633582308955113 18.041583811194748 -4.219142902338895 3.9139461411417287 -0.5384663834680659 -10.012378633079527 -7.862889337589836 -11.372667313552698 -2.3189482838662556
