web/models/kne/15/mosfit_kn_0.027507_0.3433_3.6500.dat
# %ECSV 1.0
# ---
# datatype:
# - {name: time, datatype: float64}
# - {name: PS1_g, datatype: float64}
# - {name: PS1_i, datatype: float64}
# - {name: PS1_r, datatype: float64}
# - {name: PS1_w, datatype: float64}
# - {name: PS1_y, datatype: float64}
# - {name: PS1_z, datatype: float64}
# - {name: swift_uvot_B, datatype: float64}
# - {name: swift_uvot_U, datatype: float64}
# - {name: swift_uvot_uvm2, datatype: float64}
# - {name: swift_uvot_uvw1, datatype: float64}
# - {name: swift_uvot_uvw2, datatype: float64}
# - {name: swift_uvot_V, datatype: float64}
# - {name: johnson_B, datatype: float64}
# - {name: johnson_I, datatype: float64}
# - {name: johnson_R, datatype: float64}
# - {name: johnson_U, datatype: float64}
# - {name: johnson_V, datatype: float64}
# - {name: sdss_g, datatype: float64}
# - {name: sdss_i, datatype: float64}
# - {name: sdss_r, datatype: float64}
# - {name: sdss_u, datatype: float64}
# - {name: sdss_z, datatype: float64}
# - {name: ATLAS_c, datatype: float64}
# - {name: ATLAS_o, datatype: float64}
# - {name: ukirt_H, datatype: float64}
# - {name: ukirt_J, datatype: float64}
# - {name: ukirt_K, datatype: float64}
# - {name: Clear, datatype: float64}
# meta: !!omap
# - comment: [kappa = 3.65, type = rprocess, mass = 0.027507471329904786, velocity = 0.3433333333333334, theta_obs = 0.0, tfloor = 1000.0]
# schema: astropy-2.0
time PS1_g PS1_i PS1_r PS1_w PS1_y PS1_z swift_uvot_B swift_uvot_U swift_uvot_uvm2 swift_uvot_uvw1 swift_uvot_uvw2 swift_uvot_V johnson_B johnson_I johnson_R johnson_U johnson_V sdss_g sdss_i sdss_r sdss_u sdss_z ATLAS_c ATLAS_o ukirt_H ukirt_J ukirt_K Clear
0.06012024048096192 -11.939014625033604 -11.731649377967326 -11.869040082540216 -11.87480952586105 -11.453443890455866 -11.579009048059756 -11.810203116854751 -12.791456720439545 -12.550604249812508 -12.668783576474727 -12.201754830824076 -11.928208122700507 -11.824837358962753 -12.104989175168452 -12.051604423371664 -12.57775062686137 -11.939490775361497 -11.94051579354591 -11.744700035395077 -11.871495652479496 -11.811106945267849 -11.551137708658814 -11.925846227255601 -11.829661288822013 -10.654639954994314 -11.120750176950727 -10.189776745049029 -11.817738873365204
0.12024048096192384 -12.553440840677972 -12.609982761651377 -12.64839688966628 -12.61253925155044 -12.424697576871964 -12.514893405256498 -12.342324920274905 -13.099332187616408 -12.257159416193172 -12.60506485940752 -11.79028845371683 -12.631043575086373 -12.362846417619021 -13.009627881053529 -12.854606148514833 -12.92897000988517 -12.647328679858754 -12.531772817431328 -12.62053383278154 -12.650557052409486 -12.150851709668586 -12.495808409166624 -12.59931062570093 -12.648583144455277 -11.748883263137289 -12.158854434927926 -11.321728907583227 -12.578115321198506
0.18036072144288576 -12.790257823385609 -13.049629859674603 -13.011262210614891 -12.950889602759013 -12.936907472746135 -12.99942371695506 -12.51497346208468 -13.10238743524593 -11.819140100129925 -12.352282964806811 -11.30111035587165 -12.933935794276554 -12.54079819434422 -13.469910502379314 -13.236453746707035 -12.96407805773277 -12.954676785713255 -12.7508024940356 -13.05822391062435 -13.012944508762452 -12.176695141085165 -12.987343372346754 -12.883661633498633 -13.043296398046191 -12.357063277908152 -12.723394119307601 -11.95904014621666 -12.937100141382718
0.24048096192384769 -12.930845917370668 -13.347356230918983 -13.249057567433695 -13.174101910533125 -13.29165773143286 -13.332370872774106 -12.605341043295539 -13.06284643570434 -11.448155854155718 -12.130467196604418 -10.915265632237613 -13.124581761642872 -12.63576100991465 -13.783901128603386 -13.489473443763071 -12.948683594087644 -13.149155165834346 -12.877626395445159 -13.35441095913751 -13.250213283313741 -12.153863307539439 -13.325888595474602 -13.062378708650826 -13.306665865249716 -12.787402612291048 -13.119429251898465 -12.412201253092332 -13.178189848075501
0.3006012024048096 -13.002435681562954 -13.555249582026363 -13.404656351847244 -13.320109345879008 -13.549616860583402 -13.571144818933085 -12.633011936599782 -12.97872224945408 -11.082654632622479 -11.898961714807843 -10.555241429608792 -13.238802158064022 -12.667775185228333 -14.006105287202796 -13.658661448037119 -12.885068065654199 -13.266976694804844 -12.937285890137815 -13.56095251754942 -13.405241704909265 -12.083611246332246 -13.56964781855103 -13.16797280748677 -13.485100935376515 -13.111942986442065 -13.413787623403904 -12.7567813780729 -13.341011338089004
0.3607214428857715 -13.031929841563485 -13.706994330929607 -13.509262708883512 -13.418479644920627 -13.746748981672514 -13.750847589762305 -12.622828908181695 -12.868860656039143 -10.724634229682572 -11.665280577736095 -10.217267750762144 -13.305919735779625 -12.661779385600362 -14.1708472424416 -13.775769452114403 -12.793287650297309 -13.337548046173547 -12.95608396675835 -13.711471910126818 -13.509245019478104 -11.985729665082054 -13.753928292154765 -13.228707057327966 -13.610713293057 -13.369657392883825 -13.644058437723208 -13.032694970077772 -13.455471125238052
0.42084168336673344 -13.033751963647635 -13.820704908705856 -13.579644350628364 -13.4850725304198 -13.902399376533499 -13.890359990476497 -12.588094709014836 -12.74330503984686 -10.375053664691624 -11.433386881074323 -9.899039054143039 -13.341680214832838 -12.631126580108475 -14.296587123670339 -13.85786029448931 -12.684043138378566 -13.376658925886245 -12.94811755782531 -13.824050518561766 -13.57899781142958 -11.870775506795272 -13.897720943935408 -13.25973984406117 -13.700759547827683 -13.581505930180152 -13.830459889678187 -13.261406303318457 -13.537606354006062
0.48096192384769537 -13.016269657156592 -13.90707794437537 -13.625648181452714 -13.529164327080103 -14.028038500378646 -14.000860906112553 -12.536469197972046 -12.607668196131243 -10.033872221824701 -11.205140597746883 -9.598422359036562 -13.355284839424055 -12.583508373448126 -14.394239146754614 -13.914966798390893 -12.563358949300387 -13.393538353174248 -12.92154825072453 -13.909364153393291 -13.624351397512733 -11.744682291569255 -14.012273723203243 -13.269902407152436 -13.765394615301236 -13.759968785794035 -13.985008923531089 -13.455709803126277 -13.596806586228727
0.5410821643286573 -12.984858856304449 -13.973023404484781 -13.65362548655293 -13.556720872127315 -14.131082259118397 -14.089576058254156 -12.472863419618598 -12.465516574316737 -9.70095907704334 -10.981646066040067 -9.313807252385708 -13.352660886012082 -12.523855460802448 -14.470855569610272 -13.953561148339137 -12.435072105657998 -13.394130924799848 -12.881616372961453 -13.97430914651519 -13.651660429914774 -11.611227837932532 -14.104857121253662 -13.264872484111958 -13.811169986290448 -13.913117704659486 -14.115476673031589 -13.62388095842922 -13.639108284788524
0.6012024048096192 -12.942379943594364 -14.022739373743871 -13.667280469818444 -13.571173609032723 -14.216182062988238 -14.160985629969591 -12.399725517005528 -12.31814812348654 -9.374531453195182 -10.762276082805133 -9.042457574805226 -13.337132911117717 -12.45464020638002 -14.530762681960187 -13.977460571690667 -12.300706562210781 -13.381781854564688 -12.831064389167786 -14.023071349788001 -13.66462978164435 -11.47188084025748 -14.179992891678026 -13.247792222076153 -13.841977524972684 -14.046194776402759 -14.226835479456133 -13.771343585027436 -13.668031626888126
0.6613226452905812 -12.891287738410853 -14.059504496115753 -13.669590615682843 -13.575302492711394 -14.286888887556497 -14.218538331671127 -12.319259963348152 -12.167054040637222 -9.054150108303322 -10.547262827221484 -8.783136465765086 -13.311448949141884 -12.378078734581312 -14.577315939238169 -13.989708517689927 -12.16189584697884 -13.359249345051827 -12.772274488558306 -14.05892204901635 -13.66623846028375 -11.328242582607881 -14.241153974119776 -13.221280764584957 -13.860903848572992 -14.16310171668753 -14.322826734513823 -13.90210770659152 -13.686398685065821
0.721442885771543 -12.833392132609411 -14.08574415133252 -13.662756560570664 -13.571156715452979 -14.34583037878939 -14.264786023394436 -12.233090351114033 -12.013326659641166 -8.739472278957091 -10.336750750525923 -8.5348454479386 -13.277638741147026 -12.295802847053515 -14.61299777262995 -13.9925543342308 -12.01983849728639 -13.328570372825046 -12.707002380797938 -14.08428115190457 -13.658688418775657 -11.181487831789987 -14.290910074930654 -13.187269225479117 -13.870230095782308 -14.266725000639402 -14.406218705062857 -14.019139608686702 -13.696288542984192
0.781563126252505 -12.76965010306542 -14.103029609660158 -13.648121334829426 -13.559966293806323 -14.394787679806207 -14.301430558127795 -12.14198333927608 -11.857212379677389 -8.429378650804974 -10.130161500683457 -8.296035364817541 -13.236868773731178 -12.208591964377543 -14.639439040559978 -13.987394622872397 -11.874881857939556 -13.290922188028594 -12.636151077911109 -14.100714253810818 -13.64332254905488 -11.03193788984008 -14.330982563278507 -13.146847288136794 -13.871387983651822 -14.35911813126024 -14.478940882392786 -14.124576070026452 -13.698977335302267
0.8416833667334669 -12.701166992252126 -14.112823776548051 -13.627017699708261 -13.542970171466422 -14.435339598175112 -14.330007527268531 -12.046937077366248 -11.699402141701949 -8.123731830765845 -9.927618139093948 -8.066096949507799 -13.190373296820088 -12.117448400829968 -14.65813534102206 -13.975589750705055 -11.72777865407814 -13.247542798236774 -12.560794542190923 -14.109681117922861 -13.621474612018218 -10.880332104309502 -14.362917077125559 -13.101188555322079 -13.865755658363508 -14.442006219754811 -14.542651661042 -14.220187243049407 -13.695718997626027
0.9018036072144289 -12.628468391727381 -14.116057700809055 -13.600225492041158 -13.520878192848844 -14.468556463841242 -14.351534617630097 -11.948351194527095 -11.539954892902653 -7.821706270106453 -9.72864931876046 -7.843906997822966 -13.138814741162552 -12.022780970253958 -14.670057365957085 -13.957955708880665 -11.57865350725536 -13.199102330219146 -12.481422822393498 -14.112109024947124 -13.593924158012882 -10.726777634509244 -14.387744391089399 -13.050907505595148 -13.85417256538 -14.516640071760738 -14.598519797145338 -14.307278972045 -13.68725587177904
0.9619238476953907 -12.55207738018397 -14.113549194454116 -13.568453269697791 -13.494340812262102 -14.49535566292317 -14.366891743127876 -11.8466581999708 -11.379054854342616 -7.5228378018768565 -9.533028022100414 -7.628707455903875 -13.082817338940355 -11.925028141616249 -14.676051238351146 -13.935226539660654 -11.42773905772301 -13.14623006047709 -12.398533192466878 -14.108813090619012 -13.56137979947734 -10.571494879421923 -14.406353607382698 -12.996589487689487 -13.837389046474211 -14.58406479648884 -14.647532338929706 -14.38693538211396 -13.674259030367786
1.0220440881763526 -12.472510266439407 -14.106026787939072 -13.532351667186422 -13.463958169408698 -14.516535476816479 -14.376851136164355 -11.742310424557456 -11.216974830124897 -7.226924958421093 -9.340695297720565 -7.4199936090045995 -13.022972299057713 -11.824645557983263 -14.676865266411465 -13.908070161808165 -11.27534380274054 -13.089520093371599 -12.312623422993685 -14.100519953619646 -13.524492544516189 -10.414784096864143 -14.419523166129249 -12.938792748953016 -13.816083877280931 -14.645166519095799 -14.690535492263662 -14.460069482633314 -13.657339854660844
1.0821643286573146 -12.389956561365434 -14.093938047938241 -13.492271105396636 -13.43004490922084 -14.532633881529549 -14.381916459903756 -11.635416225322867 -11.053608892017124 -6.933318329715237 -9.151228102835969 -7.216939388018687 -12.959553716036975 -11.72174890421822 -14.672972895191354 -13.876861584970978 -11.121402414732444 -13.029252549716544 -12.223860450214126 -14.087674737344607 -13.483612230732067 -10.256568233081786 -14.4277655303312 -12.877766203758334 -13.790647630431785 -14.700601087382058 -14.728131617391929 -14.527372975355204 -13.636837528241728
1.1422845691382766 -12.304692888087967 -14.07773629889224 -13.448599152224379 -13.392955773684374 -14.544164232819305 -14.382578465449818 -11.526197814257213 -10.889031636870339 -6.641713244001244 -8.964447818433214 -7.019027476867009 -12.892898091744673 -11.616564568168148 -14.66484459465158 -13.84200429173487 -10.966018128658412 -12.965767419362953 -12.132505475050444 -14.070729142009757 -13.43912633095142 -10.096943019114004 -14.431577107083253 -12.81382442844242 -13.761493575403723 -14.750958677805631 -14.760876040304252 -14.589459474418225 -13.61312014631645
1.2024048096192383 -12.216976639334511 -14.05782106899073 -13.401682643083639 -13.3530087710764 -14.551573795461294 -14.379266502249735 -11.414869204787223 -10.72333829523421 -6.351899270224133 -8.78022916236123 -6.825836163121512 -12.823311502214569 -11.509309742858779 -14.65289352693188 -13.803857724634653 -10.809309425588236 -12.899373454640378 -12.038803509186984 -14.050081404050871 -13.391381684333954 -9.936021051574535 -14.431391699169591 -12.747254518715359 -13.728988729226153 -14.796747080986293 -14.78924911521174 -14.646855248013233 -13.586515496412641
1.2625250501002003 -12.126864495810405 -14.034426311513268 -13.35168825848612 -13.310351833558496 -14.555159817369727 -14.372253678468212 -11.301430575802176 -10.556382937505084 -6.063369146012934 -8.598216521929043 -6.63674168197684 -12.75090703207373 -11.39999085960174 -14.63737187877377 -13.762606748522288 -10.65115761264953 -12.830188793522106 -11.942795736451526 -14.025963770752146 -13.340544262427425 -9.77367510415256 -14.42748883223949 -12.678156020913267 -13.693329019235705 -14.838346813229869 -14.813593612973131 -14.699966155022464 -13.557190970297057
1.3226452905811623 -12.034468700193113 -14.007795456404892 -13.298810003209542 -13.265161258695315 -14.555211688882501 -14.361811933720752 -11.185952893404718 -10.38812800325596 -5.7758159272774305 -8.41819477561474 -6.4512964316591805 -12.675839500362322 -11.288683281098514 -14.618536324878086 -13.718458566337095 -10.491545683614724 -12.75837181894653 -11.844582952714262 -13.998618433704735 -13.286807660970616 -9.609882066696667 -14.420145057393263 -12.606671691824562 -13.65472937405972 -14.876107054524056 -14.834231623985248 -14.749159624721544 -13.525335728977286
1.3827655310621243 -11.939956731390922 -13.97818605523689 -13.243272018711671 -13.217643141625857 -14.552017205381844 -14.348217707800224 -11.068576162172771 -10.218638463829759 -5.4891156503940435 -8.240072486261472 -6.269204023834355 -12.598306970696235 -11.175529497122913 -14.59665311705485 -13.671645806093188 -10.33055331807103 -12.684122647788454 -11.74432481377659 -13.968302129320271 -13.230395947637952 -9.444717796986435 -14.409639734969613 -12.532987998592073 -13.613427060340548 -14.910353827701886 -14.851471876867313 -14.794773390530674 -13.491162310102744
1.442885771543086 -11.84334270950897 -13.945735829612644 -13.18516489149177 -13.167877974566835 -14.54575879943846 -14.331636307183633 -10.94927467196036 -10.04778703776875 -5.202896521077689 -8.06357334307414 -6.090002375591691 -12.518361930182504 -11.060509074734583 -14.571872950247055 -13.622272702641222 -10.168071964339049 -12.607497973638269 -11.642024635450348 -13.93515137908576 -13.171399009113625 -9.278067477898446 -14.39614290169633 -12.457150142503508 -13.569534119270319 -14.941328869280529 -14.865529243076343 -14.837067301749139 -13.454766178770647
1.503006012024048 -11.744624937819488 -13.910556377865113 -13.12455688774591 -13.115926572691041 -14.536589409774123 -14.3122047882669 -10.82800992184736 -9.875442172630358 -4.916806154129286 -7.888432962891532 -5.913262607638185 -12.43603731750688 -10.943588828617234 -14.54431946218832 -13.57042053547093 -10.003987095260698 -12.528534942544647 -11.537670808367846 -13.899276674169307 -13.109884356687669 -9.109810656323578 -14.379796090196528 -12.37918564797937 -13.523139082732651 -14.96924032277009 -14.876586854943168 -14.876266401583107 -13.416222687737172
1.56312625250501 -11.643892059554055 -13.872805787225548 -13.061580058894418 -13.061910725926982 -14.524691180623819 -14.290096164751152 -10.70484882508212 -9.70161317417828 -4.630715662374299 -7.714541237840411 -5.738728735152371 -12.351444261494226 -10.824838567144099 -14.514157754129144 -13.516228939990686 -9.83831905871429 -12.447346998097702 -11.431345936320838 -13.860835458995258 -13.045983755352282 -8.939964371797053 -14.360774854518237 -12.299199223505699 -13.47438532615488 -14.994301439217473 -14.88484390030308 -14.912593528592877 -13.37566027574196
1.6232464929859718 -11.541186890890973 -13.832600660374066 -12.99632303823147 -13.00591177754649 -14.510207059005129 -14.265443300928347 -10.579810574424108 -9.526258308454505 -4.344440501518714 -7.541744381782287 -5.566115648435076 -12.264648561591677 -10.70428109340336 -14.481512142947548 -13.459795180559741 -9.67103751463996 -12.364002797771894 -11.323086400591205 -13.81994363416199 -12.979785374856814 -8.76849450005647 -14.339214953265316 -12.217252024113652 -13.423374413984135 -15.016689918025868 -14.890462358497308 -14.946237088806702 -13.333168882386097
1.6833667334669338 -11.436487125468489 -13.790004891227952 -12.928816591672074 -12.947957422463183 -14.493232890369274 -14.238329690069467 -10.452844429300107 -9.349256013156992 -4.057697456251364 -7.369818251056941 -5.395081790276709 -12.175653420817689 -10.58187063123308 -14.446455919275031 -13.401160899754753 -9.502033697162126 -12.278509431979748 -11.212862342788572 -13.776664243946577 -12.911319207571381 -8.595287454209775 -14.31520354084018 -12.133345100157982 -13.370153546093029 -15.036544821162462 -14.893561717396826 -14.977349457134713 -13.288788515228163
