web/models/kne/15/villar_0.0035_0.3433_10.0000.dat
# %ECSV 1.0
# ---
# datatype:
# - {name: time, datatype: float64}
# - {name: swift_uvot_uvw2, datatype: float64}
# - {name: swift_uvot_uvm2, datatype: float64}
# - {name: swift_uvot_uvw1, datatype: float64}
# - {name: swift_uvot_U, datatype: float64}
# - {name: swift_uvot_B, datatype: float64}
# - {name: swift_uvot_V, datatype: float64}
# - {name: swift_uvot_W, datatype: float64}
# - {name: johnson_U, datatype: float64}
# - {name: johnson_B, datatype: float64}
# - {name: johnson_V, datatype: float64}
# - {name: johnson_R, datatype: float64}
# - {name: johnson_I, datatype: float64}
# - {name: sdss_u, datatype: float64}
# - {name: sdss_g, datatype: float64}
# - {name: sdss_r, datatype: float64}
# - {name: sdss_i, datatype: float64}
# - {name: sdss_z, datatype: float64}
# - {name: PS1_g, datatype: float64}
# - {name: PS1_r, datatype: float64}
# - {name: PS1_i, datatype: float64}
# - {name: PS1_z, datatype: float64}
# - {name: PS1_Y, datatype: float64}
# - {name: PS1_w, datatype: float64}
# - {name: ATLAS_c, datatype: float64}
# - {name: ATLAS_o, datatype: float64}
# - {name: ukirt_J, datatype: float64}
# - {name: ukirt_H, datatype: float64}
# - {name: ukirt_K, datatype: float64}
# - {name: Clear, datatype: float64}
# meta: !!omap
# - comment: [kappa = 10.0, type = villar, mass = 0.003465724215782086, velocity = 0.3433333333333334, theta_obs = 0.0]
# schema: astropy-2.0
time swift_uvot_uvw2 swift_uvot_uvm2 swift_uvot_uvw1 swift_uvot_U swift_uvot_B swift_uvot_V swift_uvot_W johnson_U johnson_B johnson_V johnson_R johnson_I sdss_u sdss_g sdss_r sdss_i sdss_z PS1_g PS1_r PS1_i PS1_z PS1_Y PS1_w ATLAS_c ATLAS_o ukirt_J ukirt_H ukirt_K Clear
[from data line 219]
0.682197 -7.089 -4.229 -6.673 -8.731 -10.387 -11.54 -9.64 -9.032 -10.431 -11.583 -12.376 -12.888 -8.926 -10.852 -12.048 -12.606 -12.94 -11.094 -12.085 -12.635 -12.915 -13.101 -12.081 -11.475 -12.332 -13.22 -13.186 -12.965 -12.1
0.70283 -7.095 -4.235 -6.679 -8.737 -10.393 -11.545 -9.646 -9.038 -10.436 -11.589 -12.382 -12.893 -8.932 -10.858 -12.054 -12.612 -12.946 -11.1 -12.091 -12.641 -12.921 -13.107 -12.087 -11.48 -12.338 -13.226 -13.191 -12.971 -12.106
0.724086 -7.1 -4.24 -6.684 -8.742 -10.398 -11.551 -9.651 -9.043 -10.442 -11.594 -12.387 -12.899 -8.937 -10.863 -12.059 -12.617 -12.951 -11.105 -12.096 -12.646 -12.926 -13.112 -12.092 -11.486 -12.343 -13.231 -13.197 -12.976 -12.111
0.745986 -7.105 -4.245 -6.689 -8.746 -10.402 -11.555 -9.655 -9.048 -10.446 -11.599 -12.392 -12.903 -8.941 -10.868 -12.064 -12.622 -12.956 -11.11 -12.101 -12.65 -12.93 -13.117 -12.096 -11.49 -12.348 -13.236 -13.201 -12.98 -12.116
0.768548 -7.108 -4.249 -6.693 -8.75 -10.406 -11.559 -9.659 -9.052 -10.45 -11.603 -12.396 -12.907 -8.945 -10.871 -12.068 -12.626 -12.96 -11.114 -12.105 -12.654 -12.934 -13.121 -12.1 -11.494 -12.351 -13.24 -13.205 -12.984 -12.12
0.791792 -7.112 -4.252 -6.696 -8.754 -10.41 -11.562 -9.663 -9.055 -10.453 -11.606 -12.399 -12.91 -8.949 -10.875 -12.071 -12.629 -12.963 -11.117 -12.108 -12.658 -12.938 -13.124 -12.104 -11.497 -12.355 -13.243 -13.208 -12.988 -12.123
0.815739 -7.114 -4.254 -6.699 -8.756 -10.412 -11.565 -9.665 -9.057 -10.456 -11.609 -12.401 -12.913 -8.951 -10.877 -12.073 -12.632 -12.966 -11.119 -12.111 -12.66 -12.94 -13.127 -12.106 -11.5 -12.357 -13.246 -13.211 -12.99 -12.125
0.840411 -7.116 -4.256 -6.701 -8.758 -10.414 -11.567 -9.667 -9.059 -10.458 -11.611 -12.403 -12.915 -8.953 -10.879 -12.075 -12.633 -12.968 -11.121 -12.113 -12.662 -12.942 -13.128 -12.108 -11.502 -12.359 -13.247 -13.213 -12.992 -12.127
0.865828 -7.117 -4.257 -6.702 -8.759 -10.415 -11.568 -9.668 -9.06 -10.459 -11.612 -12.404 -12.916 -8.954 -10.88 -12.076 -12.634 -12.969 -11.122 -12.114 -12.663 -12.943 -13.129 -12.109 -11.503 -12.36 -13.248 -13.214 -12.993 -12.128
0.892015 -7.117 -4.258 -6.702 -8.759 -10.415 -11.568 -9.668 -9.061 -10.459 -11.612 -12.405 -12.916 -8.954 -10.88 -12.077 -12.635 -12.969 -11.123 -12.114 -12.663 -12.943 -13.13 -12.109 -11.503 -12.36 -13.249 -13.214 -12.993 -12.129
0.918993 -7.117 -4.257 -6.701 -8.759 -10.415 -11.567 -9.668 -9.06 -10.458 -11.611 -12.404 -12.916 -8.954 -10.88 -12.076 -12.634 -12.968 -11.122 -12.113 -12.663 -12.943 -13.129 -12.109 -11.502 -12.36 -13.248 -13.213 -12.993 -12.128
0.946787 -7.115 -4.255 -6.7 -8.757 -10.413 -11.566 -9.666 -9.058 -10.457 -11.61 -12.402 -12.914 -8.952 -10.878 -12.074 -12.633 -12.967 -11.12 -12.112 -12.661 -12.941 -13.127 -12.107 -11.501 -12.358 -13.246 -13.212 -12.991 -12.126
0.975422 -7.113 -4.253 -6.697 -8.755 -10.411 -11.563 -9.664 -9.056 -10.454 -11.607 -12.4 -12.911 -8.95 -10.876 -12.072 -12.63 -12.964 -11.118 -12.109 -12.659 -12.939 -13.125 -12.105 -11.498 -12.356 -13.244 -13.209 -12.989 -12.124
1.004923 -7.109 -4.249 -6.694 -8.751 -10.407 -11.56 -9.66 -9.052 -10.451 -11.604 -12.396 -12.908 -8.946 -10.872 -12.068 -12.626 -12.961 -11.114 -12.106 -12.655 -12.935 -13.121 -12.101 -11.495 -12.352 -13.24 -13.206 -12.985 -12.12
1.035317 -7.105 -4.245 -6.689 -8.747 -10.403 -11.555 -9.655 -9.048 -10.446 -11.599 -12.392 -12.903 -8.942 -10.868 -12.064 -12.622 -12.956 -11.11 -12.101 -12.651 -12.93 -13.117 -12.096 -11.49 -12.348 -13.236 -13.201 -12.981 -12.116
1.066629 -7.099 -4.239 -6.684 -8.741 -10.397 -11.55 -9.65 -9.042 -10.441 -11.593 -12.386 -12.898 -8.936 -10.862 -12.058 -12.616 -12.95 -11.104 -12.096 -12.645 -12.925 -13.111 -12.091 -11.485 -12.342 -13.23 -13.196 -12.975 -12.11
1.098888 -7.092 -4.232 -6.677 -8.734 -10.39 -11.543 -9.643 -9.035 -10.434 -11.586 -12.379 -12.891 -8.929 -10.855 -12.051 -12.609 -12.943 -11.097 -12.089 -12.638 -12.918 -13.104 -12.084 -11.478 -12.335 -13.223 -13.189 -12.968 -12.103
1.132124 -7.084 -4.224 -6.668 -8.726 -10.382 -11.535 -9.635 -9.027 -10.426 -11.578 -12.371 -12.883 -8.921 -10.847 -12.043 -12.601 -12.935 -11.089 -12.08 -12.63 -12.91 -13.096 -12.076 -11.47 -12.327 -13.215 -13.181 -12.96 -12.095
1.166364 -7.074 -4.214 -6.659 -8.716 -10.372 -11.525 -9.625 -9.018 -10.416 -11.569 -12.362 -12.873 -8.911 -10.837 -12.034 -12.592 -12.926 -11.08 -12.071 -12.62 -12.9 -13.087 -12.066 -11.46 -12.317 -13.206 -13.171 -12.95 -12.085
1.20164 -7.064 -4.204 -6.648 -8.705 -10.361 -11.514 -9.614 -9.007 -10.405 -11.558 -12.351 -12.862 -8.9 -10.827 -12.023 -12.581 -12.915 -11.069 -12.06 -12.609 -12.889 -13.076 -12.055 -11.449 -12.307 -13.195 -13.16 -12.94 -12.075
1.237983 -7.051 -4.191 -6.636 -8.693 -10.349 -11.502 -9.602 -8.994 -10.393 -11.546 -12.338 -12.85 -8.888 -10.814 -12.01 -12.568 -12.903 -11.056 -12.048 -12.597 -12.877 -13.063 -12.043 -11.437 -12.294 -13.182 -13.148 -12.927 -12.062
1.275425 -7.037 -4.177 -6.622 -8.679 -10.335 -11.488 -9.588 -8.98 -10.379 -11.532 -12.324 -12.836 -8.874 -10.8 -11.996 -12.555 -12.889 -11.042 -12.034 -12.583 -12.863 -13.05 -12.029 -11.423 -12.28 -13.169 -13.134 -12.913 -12.048
1.313999 -7.022 -4.162 -6.606 -8.664 -10.32 -11.472 -9.573 -8.965 -10.363 -11.516 -12.309 -12.82 -8.859 -10.785 -11.981 -12.539 -12.873 -11.027 -12.018 -12.568 -12.848 -13.034 -12.014 -11.407 -12.265 -13.153 -13.118 -12.898 -12.033
1.35374 -7.005 -4.145 -6.589 -8.646 -10.302 -11.455 -9.555 -8.948 -10.346 -11.499 -12.292 -12.803 -8.841 -10.768 -11.964 -12.522 -12.856 -11.01 -12.001 -12.55 -12.83 -13.017 -11.996 -11.39 -12.248 -13.136 -13.101 -12.881 -12.016
1.394683 -6.985 -4.126 -6.57 -8.627 -10.283 -11.436 -9.536 -8.929 -10.327 -11.48 -12.273 -12.784 -8.822 -10.748 -11.945 -12.503 -12.837 -10.991 -11.982 -12.531 -12.811 -12.998 -11.977 -11.371 -12.228 -13.117 -13.082 -12.861 -11.997
1.436864 -6.964 -4.104 -6.549 -8.606 -10.262 -11.415 -9.515 -8.908 -10.306 -11.459 -12.252 -12.763 -8.801 -10.727 -11.924 -12.482 -12.816 -10.97 -11.961 -12.51 -12.79 -12.977 -11.956 -11.35 -12.207 -13.096 -13.061 -12.84 -11.975
1.480321 -6.941 -4.081 -6.526 -8.583 -10.239 -11.392 -9.492 -8.884 -10.283 -11.436 -12.229 -12.74 -8.778 -10.704 -11.901 -12.459 -12.793 -10.946 -11.938 -12.487 -12.767 -12.954 -11.933 -11.327 -12.184 -13.073 -13.038 -12.817 -11.952
1.525092 -6.916 -4.056 -6.501 -8.558 -10.214 -11.367 -9.467 -8.859 -10.258 -11.411 -12.203 -12.715 -8.753 -10.679 -11.875 -12.433 -12.768 -10.921 -11.913 -12.462 -12.742 -12.928 -11.908 -11.302 -12.159 -13.047 -13.013 -12.792 -11.927
1.571218 -6.889 -4.029 -6.473 -8.531 -10.187 -11.339 -9.439 -8.832 -10.23 -11.383 -12.176 -12.687 -8.726 -10.652 -11.848 -12.406 -12.74 -10.894 -11.885 -12.435 -12.714 -12.901 -11.881 -11.274 -12.132 -13.02 -12.985 -12.765 -11.9
1.618738 -6.859 -3.999 -6.443 -8.501 -10.157 -11.309 -9.41 -8.802 -10.2 -11.353 -12.146 -12.658 -8.696 -10.622 -11.818 -12.376 -12.71 -10.864 -11.855 -12.405 -12.685 -12.871 -11.851 -11.244 -12.102 -12.99 -12.955 -12.735 -11.87
1.667696 -6.826 -3.966 -6.411 -8.468 -10.124 -11.277 -9.377 -8.77 -10.168 -11.321 -12.114 -12.625 -8.663 -10.589 -11.786 -12.344 -12.678 -10.831 -11.823 -12.372 -12.652 -12.839 -11.818 -11.212 -12.069 -12.958 -12.923 -12.702 -11.837
1.718134 -6.791 -3.931 -6.376 -8.433 -10.089 -11.242 -9.342 -8.734 -10.133 -11.286 -12.078 -12.59 -8.628 -10.554 -11.75 -12.309 -12.643 -10.796 -11.788 -12.337 -12.617 -12.803 -11.783 -11.177 -12.034 -12.923 -12.888 -12.667 -11.802
1.770098 -6.753 -3.893 -6.338 -8.395 -10.051 -11.204 -9.304 -8.696 -10.095 -11.248 -12.041 -12.552 -8.59 -10.516 -11.713 -12.271 -12.605 -10.758 -11.75 -12.299 -12.579 -12.766 -11.745 -11.139 -11.996 -12.885 -12.85 -12.629 -11.764
1.823633 -6.712 -3.853 -6.297 -8.354 -10.01 -11.163 -9.263 -8.656 -10.054 -11.207 -12.0 -12.511 -8.549 -10.475 -11.672 -12.23 -12.564 -10.718 -11.709 -12.258 -12.538 -12.725 -11.704 -11.098 -11.955 -12.844 -12.809 -12.588 -11.724
1.878788 -6.668 -3.808 -6.253 -8.31 -9.966 -11.119 -9.219 -8.612 -10.01 -11.163 -11.956 -12.467 -8.505 -10.431 -11.628 -12.186 -12.52 -10.673 -11.665 -12.214 -12.494 -12.681 -11.66 -11.054 -11.911 -12.8 -12.765 -12.544 -11.679
1.93561 -6.621 -3.761 -6.206 -8.263 -9.919 -11.072 -9.172 -8.564 -9.963 -11.115 -11.908 -12.42 -8.458 -10.384 -11.58 -12.138 -12.472 -10.626 -11.618 -12.167 -12.447 -12.633 -11.613 -11.007 -11.864 -12.752 -12.718 -12.497 -11.632
1.994152 -6.57 -3.71 -6.155 -8.212 -9.868 -11.021 -9.121 -8.513 -9.912 -11.065 -11.857 -12.369 -8.407 -10.333 -11.529 -12.087 -12.421 -10.575 -11.567 -12.116 -12.396 -12.582 -11.562 -10.956 -11.813 -12.701 -12.667 -12.446 -11.581
2.054463 -6.515 -3.655 -6.1 -8.157 -9.813 -10.966 -9.066 -8.459 -9.857 -11.01 -11.803 -12.314 -8.352 -10.278 -11.475 -12.033 -12.367 -10.521 -11.512 -12.061 -12.341 -12.528 -11.507 -10.901 -11.758 -12.647 -12.612 -12.391 -11.526
2.116599 -6.457 -3.597 -6.041 -8.099 -9.755 -10.907 -9.008 -8.4 -9.799 -10.951 -11.744 -12.256 -8.294 -10.22 -11.416 -11.974 -12.308 -10.462 -11.453 -12.003 -12.283 -12.469 -11.449 -10.843 -11.7 -12.588 -12.554 -12.333 -11.468
2.180614 -6.394 -3.534 -5.979 -8.036 -9.692 -10.845 -8.945 -8.337 -9.736 -10.889 -11.681 -12.193 -8.231 -10.157 -11.353 -11.911 -12.246 -10.399 -11.391 -11.94 -12.22 -12.406 -11.386 -10.78 -11.637 -12.525 -12.491 -12.27 -11.405
2.246566 -6.327 -3.467 -5.912 -7.969 -9.625 -10.778 -8.878 -8.27 -9.669 -10.821 -11.614 -12.126 -8.164 -10.09 -11.286 -11.844 -12.178 -10.332 -11.324 -11.873 -12.153 -12.339 -11.319 -10.713 -11.57 -12.458 -12.424 -12.203 -11.338
2.314511 -6.255 -3.395 -5.84 -7.897 -9.553 -10.706 -8.806 -8.198 -9.597 -10.75 -11.542 -12.054 -8.092 -10.018 -11.214 -11.773 -12.107 -10.26 -11.252 -11.801 -12.081 -12.268 -11.247 -10.641 -11.498 -12.387 -12.352 -12.131 -11.266
2.384512 -6.179 -3.319 -5.763 -7.821 -9.477 -10.629 -8.729 -8.122 -9.52 -10.673 -11.466 -11.977 -8.016 -9.942 -11.138 -11.696 -12.03 -10.184 -11.175 -11.725 -12.004 -12.191 -11.171 -10.564 -11.422 -12.31 -12.275 -12.055 -11.19
2.45663 -6.097 -3.237 -5.681 -7.739 -9.395 -10.548 -8.648 -8.04 -9.439 -10.591 -11.384 -11.896 -7.934 -9.86 -11.056 -11.614 -11.948 -10.102 -11.093 -11.643 -11.923 -12.109 -11.089 -10.483 -11.34 -12.228 -12.194 -11.973 -11.108
2.530929 -6.01 -3.15 -5.594 -7.651 -9.307 -10.46 -8.56 -7.953 -9.351 -10.504 -11.297 -11.808 -7.847 -9.773 -10.969 -11.527 -11.861 -10.015 -11.006 -11.556 -11.835 -12.022 -11.001 -10.395 -11.253 -12.141 -12.106 -11.886 -11.021
2.607475 -5.917 -3.057 -5.501 -7.558 -9.214 -10.367 -8.467 -7.86 -9.258 -10.411 -11.204 -11.715 -7.753 -9.68 -10.876 -11.434 -11.768 -9.922 -10.913 -11.462 -11.742 -11.929 -10.908 -10.302 -11.16 -12.048 -12.013 -11.793 -10.928
2.686337 -5.817 -2.957 -5.402 -7.459 -9.115 -10.268 -8.368 -7.761 -9.159 -10.312 -11.105 -11.616 -7.654 -9.58 -10.777 -11.335 -11.669 -9.822 -10.814 -11.363 -11.643 -11.83 -10.809 -10.203 -11.06 -11.949 -11.914 -11.693 -10.828
2.767583 -5.712 -2.852 -5.296 -7.354 -9.01 -10.162 -8.263 -7.655 -9.053 -10.206 -10.999 -11.51 -7.549 -9.475 -10.671 -11.229 -11.563 -9.717 -10.708 -11.258 -11.538 -11.724 -10.704 -10.097 -10.955 -11.843 -11.808 -11.588 -10.723
2.851287 -5.599 -2.739 -5.184 -7.241 -8.897 -10.05 -8.15 -7.542 -8.941 -10.094 -10.886 -11.398 -7.436 -9.362 -10.558 -11.117 -11.451 -9.604 -10.596 -11.145 -11.425 -11.612 -10.591 -9.985 -10.842 -11.731 -11.696 -11.475 -10.61
2.937522 -5.48 -2.62 -5.064 -7.122 -8.778 -9.93 -8.03 -7.423 -8.821 -9.974 -10.767 -11.278 -7.317 -9.243 -10.439 -10.997 -11.331 -9.485 -10.476 -11.026 -11.305 -11.492 -10.471 -9.865 -10.723 -11.611 -11.576 -11.356 -10.491
3.026365 -5.352 -2.492 -4.937 -6.994 -8.65 -9.803 -7.903 -7.295 -8.694 -9.847 -10.639 -11.151 -7.189 -9.115 -10.311 -10.87 -11.204 -9.357 -10.349 -10.898 -11.178 -11.365 -10.344 -9.738 -10.595 -11.484 -11.449 -11.228 -10.363
3.117896 -5.217 -2.357 -4.801 -6.859 -8.515 -9.668 -7.768 -7.16 -8.559 -9.711 -10.504 -11.016 -7.054 -8.98 -10.176 -10.734 -11.068 -9.222 -10.213 -10.763 -11.043 -11.229 -10.209 -9.603 -10.46 -11.348 -11.314 -11.093 -10.228
3.212194 -5.073 -2.213 -4.658 -6.715 -8.371 -9.524 -7.624 -7.016 -8.415 -9.567 -10.36 -10.872 -6.91 -8.836 -10.032 -10.59 -10.924 -9.078 -10.07 -10.619 -10.899 -11.085 -10.065 -9.459 -10.316 -11.204 -11.17 -10.949 -10.084
3.309345 -4.92 -2.06 -4.504 -6.562 -8.218 -9.371 -7.471 -6.863 -8.262 -9.414 -10.207 -10.719 -6.757 -8.683 -9.879 -10.437 -10.771 -8.925 -9.916 -10.466 -10.746 -10.932 -9.912 -9.306 -10.163 -11.051 -11.017 -10.796 -9.931
3.409434 -4.757 -1.897 -4.342 -6.399 -8.055 -9.208 -7.308 -6.7 -8.099 -9.252 -10.044 -10.556 -6.594 -8.52 -9.716 -10.275 -10.609 -8.762 -9.754 -10.303 -10.583 -10.769 -9.749 -9.143 -10.0 -10.888 -10.854 -10.633 -9.768
3.51255 -4.584 -1.725 -4.169 -6.226 -7.882 -9.035 -7.135 -6.528 -7.926 -9.079 -9.872 -10.383 -6.421 -8.347 -9.544 -10.102 -10.436 -8.59 -9.581 -10.13 -10.41 -10.597 -9.576 -8.97 -9.827 -10.716 -10.681 -10.46 -9.596
3.618785 -4.401 -1.541 -3.985 -6.043 -7.699 -8.852 -6.952 -6.344 -7.743 -8.895 -9.688 -10.2 -6.238 -8.164 -9.36 -9.918 -10.252 -8.406 -9.397 -9.947 -10.227 -10.413 -9.393 -8.787 -9.644 -10.532 -10.498 -10.277 -9.412
3.728232 -4.206 -1.346 -3.79 -5.848 -7.504 -8.657 -6.757 -6.149 -7.548 -8.7 -9.493 -10.005 -6.043 -7.969 -9.165 -9.723 -10.057 -8.211 -9.202 -9.752 -10.032 -10.218 -9.198 -8.592 -9.449 -10.337 -10.303 -10.082 -9.217
3.84099 -3.999 -1.139 -3.583 -5.641 -7.297 -8.449 -6.55 -5.942 -7.34 -8.493 -9.286 -9.798 -5.836 -7.762 -8.958 -9.516 -9.85 -8.004 -8.995 -9.545 -9.825 -10.011 -8.991 -8.385 -9.242 -10.13 -10.096 -9.875 -9.01
3.957158 -3.779 -0.919 -3.364 -5.421 -7.077 -8.23 -6.33 -5.722 -7.121 -8.273 -9.066 -9.578 -5.616 -7.542 -8.738 -9.296 -9.63 -7.784 -8.776 -9.325 -9.605 -9.791 -8.771 -8.165 -9.022 -9.91 -9.876 -9.655 -8.79
4.07684 -3.545 -0.686 -3.13 -5.187 -6.843 -7.996 -6.096 -5.489 -6.887 -8.04 -8.833 -9.344 -5.382 -7.308 -8.505 -9.063 -9.397 -7.551 -8.542 -9.091 -9.371 -9.558 -8.537 -7.931 -8.788 -9.677 -9.642 -9.421 -8.557
4.200141 -3.298 -0.438 -2.882 -4.939 -6.595 -7.748 -5.848 -5.241 -6.639 -7.792 -8.585 -9.096 -5.135 -7.061 -8.257 -8.815 -9.149 -7.303 -8.294 -8.844 -9.123 -9.31 -8.289 -7.683 -8.541 -9.429 -9.394 -9.174 -8.309
4.327172 -3.034 -0.174 -2.619 -4.676 -6.332 -7.485 -5.585 -4.978 -6.376 -7.529 -8.322 -8.833 -4.871 -6.797 -7.994 -8.552 -8.886 -7.04 -8.031 -8.58 -8.86 -9.047 -8.026 -7.42 -8.277 -9.166 -9.131 -8.91 -8.045
4.458044 -2.755 0.105 -2.34 -4.397 -6.053 -7.206 -5.306 -4.698 -6.097 -7.249 -8.042 -8.554 -4.592 -6.518 -7.714 -8.272 -8.606 -6.76 -7.752 -8.301 -8.581 -8.767 -7.747 -7.141 -7.998 -8.886 -8.852 -8.631 -7.766
4.592874 -2.458 0.401 -2.043 -4.1 -5.756 -6.909 -5.009 -4.402 -5.8 -6.953 -7.746 -8.257 -4.295 -6.221 -7.418 -7.976 -8.31 -6.464 -7.455 -8.004 -8.284 -8.471 -7.45 -6.844 -7.701 -8.59 -8.555 -8.334 -7.47
4.731783 -2.144 0.716 -1.728 -3.786 -5.442 -6.594 -4.694 -4.087 -5.485 -6.638 -7.431 -7.942 -3.981 -5.907 -7.103 -7.661 -7.995 -6.149 -7.14 -7.69 -7.969 -8.156 -7.136 -6.529 -7.387 -8.275 -8.24 -8.02 -7.155
4.874892 -1.81 1.05 -1.394 -3.451 -5.107 -6.26 -4.36 -3.753 -5.151 -6.304 -7.097 -7.608 -3.646 -5.573 -6.769 -7.327 -7.661 -5.815 -6.806 -7.355 -7.635 -7.822 -6.801 -6.195 -7.053 -7.941 -7.906 -7.686 -6.821
5.02233 -1.455 1.405 -1.039 -3.097 -4.753 -5.905 -4.006 -3.398 -4.796 -5.949 -6.742 -7.254 -3.292 -5.218 -6.414 -6.972 -7.306 -5.46 -6.451 -7.001 -7.281 -7.467 -6.447 -5.84 -6.698 -7.586 -7.551 -7.331 -6.466
5.174227 -1.078 1.782 -0.663 -2.72 -4.376 -5.529 -3.629 -3.021 -4.42 -5.573 -6.365 -6.877 -2.915 -4.841 -6.037 -6.596 -6.93 -5.083 -6.075 -6.624 -6.904 -7.091 -6.07 -5.464 -6.321 -7.21 -7.175 -6.954 -6.089
5.330718 -0.679 2.181 -0.263 -2.321 -3.977 -5.129 -3.23 -2.622 -4.02 -5.173 -5.966 -6.477 -2.516 -4.442 -5.638 -6.196 -6.53 -4.684 -5.675 -6.225 -6.505 -6.691 -5.671 -5.064 -5.922 -6.81 -6.775 -6.555 -5.69
