web/models/kne/15/villar_0.0275_0.4843_10.0000.dat
# %ECSV 1.0
# ---
# datatype:
# - {name: time, datatype: float64}
# - {name: swift_uvot_uvw2, datatype: float64}
# - {name: swift_uvot_uvm2, datatype: float64}
# - {name: swift_uvot_uvw1, datatype: float64}
# - {name: swift_uvot_U, datatype: float64}
# - {name: swift_uvot_B, datatype: float64}
# - {name: swift_uvot_V, datatype: float64}
# - {name: swift_uvot_W, datatype: float64}
# - {name: johnson_U, datatype: float64}
# - {name: johnson_B, datatype: float64}
# - {name: johnson_V, datatype: float64}
# - {name: johnson_R, datatype: float64}
# - {name: johnson_I, datatype: float64}
# - {name: sdss_u, datatype: float64}
# - {name: sdss_g, datatype: float64}
# - {name: sdss_r, datatype: float64}
# - {name: sdss_i, datatype: float64}
# - {name: sdss_z, datatype: float64}
# - {name: PS1_g, datatype: float64}
# - {name: PS1_r, datatype: float64}
# - {name: PS1_i, datatype: float64}
# - {name: PS1_z, datatype: float64}
# - {name: PS1_Y, datatype: float64}
# - {name: PS1_w, datatype: float64}
# - {name: ATLAS_c, datatype: float64}
# - {name: ATLAS_o, datatype: float64}
# - {name: ukirt_J, datatype: float64}
# - {name: ukirt_H, datatype: float64}
# - {name: ukirt_K, datatype: float64}
# - {name: Clear, datatype: float64}
# meta: !!omap
# - comment: [kappa = 10.0, type = villar, mass = 0.027507471329904786, velocity = 0.48433333333333334, theta_obs = 0.0]
# schema: astropy-2.0
time swift_uvot_uvw2 swift_uvot_uvm2 swift_uvot_uvw1 swift_uvot_U swift_uvot_B swift_uvot_V swift_uvot_W johnson_U johnson_B johnson_V johnson_R johnson_I sdss_u sdss_g sdss_r sdss_i sdss_z PS1_g PS1_r PS1_i PS1_z PS1_Y PS1_w ATLAS_c ATLAS_o ukirt_J ukirt_H ukirt_K Clear
[from data line 146]
0.077495 -10.136 -10.527 -11.111 -11.995 -12.358 -12.517 -11.641 -12.068 -12.359 -12.517 -12.506 -12.384 -12.054 -12.426 -12.533 -12.48 -12.364 -12.461 -12.541 -12.488 -12.405 -12.358 -12.49 -12.485 -12.511 -12.005 -11.628 -11.137 -12.47
0.079839 -10.121 -10.514 -11.109 -12.008 -12.381 -12.548 -11.656 -12.082 -12.382 -12.547 -12.542 -12.424 -12.068 -12.452 -12.566 -12.518 -12.405 -12.488 -12.574 -12.526 -12.446 -12.4 -12.523 -12.515 -12.546 -12.051 -11.676 -11.186 -12.502
0.082253 -10.106 -10.5 -11.106 -12.02 -12.403 -12.577 -11.67 -12.096 -12.404 -12.577 -12.578 -12.465 -12.082 -12.477 -12.6 -12.556 -12.446 -12.514 -12.608 -12.564 -12.486 -12.442 -12.555 -12.543 -12.581 -12.096 -11.724 -11.236 -12.534
0.084741 -10.091 -10.485 -11.103 -12.032 -12.425 -12.607 -11.684 -12.11 -12.426 -12.607 -12.613 -12.505 -12.095 -12.501 -12.633 -12.594 -12.487 -12.539 -12.641 -12.602 -12.526 -12.483 -12.588 -12.572 -12.616 -12.141 -11.772 -11.285 -12.565
0.087304 -10.074 -10.469 -11.099 -12.043 -12.446 -12.636 -11.698 -12.123 -12.448 -12.636 -12.648 -12.545 -12.107 -12.525 -12.666 -12.631 -12.527 -12.565 -12.674 -12.639 -12.566 -12.525 -12.62 -12.6 -12.651 -12.186 -11.819 -11.335 -12.596
0.089944 -10.058 -10.453 -11.095 -12.053 -12.467 -12.665 -11.711 -12.135 -12.469 -12.665 -12.683 -12.584 -12.119 -12.549 -12.698 -12.668 -12.567 -12.59 -12.706 -12.676 -12.606 -12.566 -12.652 -12.628 -12.686 -12.231 -11.867 -11.384 -12.627
0.092665 -10.04 -10.435 -11.09 -12.063 -12.488 -12.693 -11.724 -12.147 -12.489 -12.694 -12.718 -12.624 -12.13 -12.573 -12.73 -12.705 -12.608 -12.615 -12.738 -12.713 -12.646 -12.607 -12.683 -12.655 -12.72 -12.276 -11.914 -11.434 -12.658
0.095467 -10.022 -10.417 -11.084 -12.073 -12.508 -12.721 -11.737 -12.158 -12.51 -12.722 -12.752 -12.663 -12.141 -12.596 -12.762 -12.741 -12.648 -12.639 -12.77 -12.75 -12.685 -12.648 -12.714 -12.682 -12.754 -12.321 -11.961 -11.483 -12.689
0.098355 -10.004 -10.398 -11.078 -12.081 -12.527 -12.749 -11.749 -12.169 -12.529 -12.75 -12.786 -12.702 -12.151 -12.618 -12.794 -12.778 -12.687 -12.663 -12.802 -12.786 -12.724 -12.689 -12.745 -12.709 -12.788 -12.366 -12.008 -11.532 -12.719
0.101329 -9.985 -10.378 -11.07 -12.09 -12.546 -12.777 -11.761 -12.179 -12.549 -12.778 -12.82 -12.741 -12.16 -12.64 -12.825 -12.814 -12.727 -12.686 -12.833 -12.822 -12.763 -12.729 -12.776 -12.735 -12.821 -12.41 -12.055 -11.581 -12.749
0.104394 -9.965 -10.357 -11.063 -12.097 -12.565 -12.804 -11.772 -12.188 -12.567 -12.805 -12.854 -12.78 -12.169 -12.662 -12.856 -12.85 -12.766 -12.709 -12.864 -12.858 -12.802 -12.77 -12.806 -12.761 -12.854 -12.454 -12.102 -11.63 -12.778
0.107551 -9.945 -10.335 -11.054 -12.104 -12.583 -12.83 -11.784 -12.197 -12.586 -12.832 -12.887 -12.818 -12.178 -12.684 -12.887 -12.885 -12.806 -12.732 -12.895 -12.894 -12.841 -12.81 -12.836 -12.787 -12.887 -12.499 -12.149 -11.679 -12.808
0.110804 -9.924 -10.313 -11.045 -12.111 -12.601 -12.856 -11.795 -12.206 -12.604 -12.858 -12.92 -12.857 -12.186 -12.704 -12.917 -12.921 -12.844 -12.754 -12.925 -12.929 -12.879 -12.85 -12.866 -12.812 -12.92 -12.543 -12.196 -11.728 -12.837
0.114155 -9.903 -10.289 -11.035 -12.116 -12.618 -12.882 -11.805 -12.213 -12.621 -12.884 -12.952 -12.895 -12.193 -12.725 -12.947 -12.956 -12.883 -12.776 -12.955 -12.965 -12.917 -12.89 -12.896 -12.837 -12.952 -12.587 -12.243 -11.777 -12.865
0.117608 -9.881 -10.265 -11.025 -12.122 -12.634 -12.908 -11.815 -12.221 -12.638 -12.91 -12.985 -12.933 -12.199 -12.745 -12.976 -12.991 -12.922 -12.797 -12.985 -12.999 -12.955 -12.929 -12.925 -12.862 -12.984 -12.63 -12.289 -11.826 -12.894
0.121165 -9.859 -10.239 -11.013 -12.126 -12.651 -12.933 -11.825 -12.227 -12.654 -12.936 -13.017 -12.97 -12.205 -12.764 -13.006 -13.025 -12.96 -12.818 -13.015 -13.034 -12.993 -12.969 -12.954 -12.886 -13.015 -12.674 -12.336 -11.875 -12.922
0.124829 -9.836 -10.213 -11.002 -12.13 -12.666 -12.958 -11.835 -12.233 -12.67 -12.961 -13.049 -13.008 -12.211 -12.783 -13.035 -13.059 -12.998 -12.839 -13.044 -13.068 -13.03 -13.008 -12.982 -12.909 -13.047 -12.717 -12.382 -11.923 -12.95
0.128605 -9.812 -10.186 -10.989 -12.133 -12.681 -12.982 -11.844 -12.239 -12.685 -12.985 -13.08 -13.045 -12.215 -12.802 -13.063 -13.093 -13.036 -12.859 -13.072 -13.103 -13.067 -13.047 -13.01 -12.933 -13.078 -12.761 -12.428 -11.972 -12.977
0.132494 -9.788 -10.157 -10.975 -12.136 -12.696 -13.006 -11.853 -12.243 -12.7 -13.009 -13.111 -13.082 -12.219 -12.82 -13.092 -13.127 -13.074 -12.878 -13.101 -13.136 -13.104 -13.086 -13.038 -12.956 -13.109 -12.804 -12.474 -12.02 -13.004
0.136502 -9.764 -10.128 -10.961 -12.138 -12.71 -13.029 -11.861 -12.247 -12.715 -13.033 -13.142 -13.118 -12.223 -12.838 -13.12 -13.16 -13.111 -12.897 -13.129 -13.17 -13.141 -13.124 -13.066 -12.978 -13.139 -12.847 -12.52 -12.069 -13.031
0.14063 -9.739 -10.098 -10.946 -12.139 -12.724 -13.052 -11.869 -12.251 -12.728 -13.056 -13.173 -13.155 -12.225 -12.855 -13.147 -13.194 -13.148 -12.916 -13.156 -13.203 -13.178 -13.163 -13.093 -13.0 -13.169 -12.89 -12.566 -12.117 -13.058
0.144883 -9.714 -10.067 -10.931 -12.139 -12.737 -13.075 -11.877 -12.253 -12.742 -13.079 -13.203 -13.191 -12.227 -12.872 -13.174 -13.226 -13.185 -12.934 -13.184 -13.236 -13.214 -13.201 -13.12 -13.022 -13.199 -12.932 -12.612 -12.165 -13.084
0.149265 -9.689 -10.034 -10.914 -12.139 -12.749 -13.097 -11.884 -12.255 -12.754 -13.102 -13.233 -13.227 -12.229 -12.888 -13.201 -13.259 -13.222 -12.952 -13.211 -13.269 -13.25 -13.239 -13.146 -13.043 -13.228 -12.975 -12.658 -12.213 -13.11
0.15378 -9.663 -10.001 -10.897 -12.138 -12.761 -13.119 -11.891 -12.257 -12.767 -13.124 -13.262 -13.262 -12.229 -12.904 -13.227 -13.291 -13.258 -12.969 -13.237 -13.301 -13.286 -13.277 -13.172 -13.064 -13.257 -13.017 -12.703 -12.261 -13.136
0.15843 -9.636 -9.967 -10.879 -12.137 -12.772 -13.14 -11.897 -12.258 -12.778 -13.146 -13.292 -13.298 -12.229 -12.919 -13.253 -13.323 -13.294 -12.986 -13.263 -13.333 -13.321 -13.314 -13.198 -13.084 -13.286 -13.06 -12.748 -12.309 -13.161
0.163222 -9.61 -9.931 -10.86 -12.134 -12.783 -13.161 -11.903 -12.258 -12.789 -13.167 -13.32 -13.333 -12.228 -12.933 -13.279 -13.355 -13.33 -13.002 -13.289 -13.365 -13.356 -13.352 -13.223 -13.104 -13.314 -13.102 -12.794 -12.357 -13.186
0.168159 -9.583 -9.895 -10.841 -12.131 -12.793 -13.181 -11.909 -12.257 -12.8 -13.187 -13.349 -13.368 -12.227 -12.947 -13.304 -13.386 -13.366 -13.018 -13.315 -13.396 -13.391 -13.389 -13.249 -13.123 -13.343 -13.143 -12.839 -12.405 -13.21
0.173245 -9.555 -9.857 -10.82 -12.127 -12.803 -13.201 -11.914 -12.255 -12.81 -13.208 -13.377 -13.402 -12.225 -12.961 -13.329 -13.417 -13.401 -13.033 -13.339 -13.427 -13.426 -13.426 -13.273 -13.142 -13.37 -13.185 -12.884 -12.452 -13.234
0.178484 -9.528 -9.819 -10.799 -12.123 -12.812 -13.221 -11.919 -12.253 -12.819 -13.227 -13.405 -13.437 -12.222 -12.974 -13.354 -13.447 -13.437 -13.048 -13.364 -13.458 -13.461 -13.462 -13.297 -13.161 -13.397 -13.227 -12.929 -12.5 -13.258
0.183882 -9.5 -9.779 -10.777 -12.117 -12.82 -13.24 -11.923 -12.25 -12.828 -13.247 -13.432 -13.471 -12.218 -12.986 -13.377 -13.478 -13.471 -13.062 -13.388 -13.489 -13.495 -13.499 -13.321 -13.179 -13.424 -13.268 -12.973 -12.547 -13.282
0.189444 -9.472 -9.738 -10.754 -12.111 -12.828 -13.258 -11.927 -12.246 -12.836 -13.265 -13.459 -13.504 -12.213 -12.998 -13.401 -13.508 -13.506 -13.076 -13.412 -13.519 -13.529 -13.535 -13.345 -13.196 -13.451 -13.309 -13.018 -12.595 -13.305
0.195173 -9.444 -9.696 -10.731 -12.104 -12.835 -13.276 -11.931 -12.242 -12.843 -13.284 -13.486 -13.538 -12.208 -13.009 -13.424 -13.537 -13.54 -13.089 -13.435 -13.548 -13.562 -13.571 -13.368 -13.214 -13.477 -13.35 -13.062 -12.642 -13.328
0.201076 -9.416 -9.653 -10.706 -12.097 -12.841 -13.293 -11.934 -12.237 -12.85 -13.301 -13.512 -13.571 -12.202 -13.02 -13.447 -13.566 -13.574 -13.101 -13.458 -13.578 -13.595 -13.607 -13.391 -13.23 -13.503 -13.391 -13.107 -12.689 -13.35
0.207158 -9.388 -9.608 -10.681 -12.088 -12.847 -13.31 -11.936 -12.231 -12.856 -13.319 -13.538 -13.604 -12.195 -13.03 -13.469 -13.595 -13.608 -13.113 -13.48 -13.607 -13.628 -13.642 -13.413 -13.246 -13.528 -13.431 -13.151 -12.736 -13.372
0.213423 -9.359 -9.563 -10.655 -12.078 -12.852 -13.326 -11.938 -12.224 -12.861 -13.335 -13.564 -13.636 -12.187 -13.039 -13.491 -13.624 -13.641 -13.125 -13.502 -13.636 -13.661 -13.677 -13.435 -13.262 -13.553 -13.471 -13.195 -12.783 -13.394
0.219878 -9.331 -9.516 -10.628 -12.068 -12.857 -13.342 -11.94 -12.216 -12.866 -13.352 -13.589 -13.669 -12.178 -13.048 -13.512 -13.652 -13.674 -13.135 -13.524 -13.664 -13.693 -13.712 -13.456 -13.277 -13.578 -13.512 -13.239 -12.83 -13.415
0.226528 -9.303 -9.468 -10.6 -12.057 -12.861 -13.357 -11.941 -12.208 -12.87 -13.367 -13.613 -13.701 -12.169 -13.057 -13.533 -13.68 -13.707 -13.146 -13.545 -13.692 -13.725 -13.746 -13.477 -13.291 -13.602 -13.551 -13.282 -12.876 -13.436
0.233379 -9.275 -9.419 -10.571 -12.045 -12.864 -13.372 -11.942 -12.198 -12.874 -13.382 -13.638 -13.732 -12.158 -13.064 -13.553 -13.707 -13.74 -13.155 -13.565 -13.719 -13.757 -13.781 -13.498 -13.305 -13.625 -13.591 -13.326 -12.923 -13.456
0.240437 -9.247 -9.368 -10.541 -12.032 -12.866 -13.386 -11.942 -12.188 -12.876 -13.397 -13.661 -13.763 -12.147 -13.071 -13.573 -13.734 -13.772 -13.164 -13.586 -13.746 -13.788 -13.815 -13.518 -13.318 -13.649 -13.631 -13.369 -12.97 -13.476
0.247709 -9.22 -9.316 -10.51 -12.018 -12.867 -13.4 -11.942 -12.177 -12.878 -13.411 -13.685 -13.794 -12.135 -13.077 -13.592 -13.76 -13.804 -13.173 -13.605 -13.773 -13.819 -13.848 -13.538 -13.331 -13.671 -13.67 -13.412 -13.016 -13.496
0.255201 -9.192 -9.263 -10.479 -12.003 -12.868 -13.413 -11.941 -12.165 -12.88 -13.424 -13.708 -13.825 -12.122 -13.083 -13.611 -13.786 -13.835 -13.18 -13.624 -13.8 -13.85 -13.882 -13.557 -13.343 -13.694 -13.709 -13.456 -13.062 -13.515
0.262919 -9.165 -9.208 -10.446 -11.988 -12.868 -13.425 -11.94 -12.152 -12.88 -13.437 -13.73 -13.855 -12.108 -13.088 -13.629 -13.812 -13.866 -13.187 -13.643 -13.825 -13.88 -13.915 -13.576 -13.355 -13.716 -13.748 -13.498 -13.108 -13.534
0.270871 -9.139 -9.153 -10.413 -11.971 -12.868 -13.437 -11.938 -12.138 -12.88 -13.449 -13.752 -13.885 -12.093 -13.092 -13.647 -13.837 -13.897 -13.194 -13.661 -13.851 -13.91 -13.948 -13.594 -13.366 -13.737 -13.786 -13.541 -13.154 -13.552
0.279064 -9.113 -9.095 -10.379 -11.953 -12.866 -13.448 -11.936 -12.123 -12.879 -13.461 -13.774 -13.914 -12.077 -13.095 -13.664 -13.862 -13.927 -13.2 -13.678 -13.876 -13.94 -13.98 -13.612 -13.376 -13.758 -13.825 -13.584 -13.2 -13.57
0.287504 -9.087 -9.037 -10.343 -11.935 -12.864 -13.458 -11.933 -12.108 -12.877 -13.472 -13.795 -13.943 -12.06 -13.098 -13.681 -13.887 -13.957 -13.205 -13.695 -13.901 -13.969 -14.012 -13.63 -13.386 -13.778 -13.863 -13.626 -13.246 -13.588
0.296199 -9.063 -8.977 -10.307 -11.915 -12.861 -13.468 -11.929 -12.091 -12.875 -13.482 -13.815 -13.972 -12.043 -13.1 -13.697 -13.91 -13.987 -13.209 -13.712 -13.925 -13.998 -14.044 -13.646 -13.395 -13.798 -13.9 -13.668 -13.291 -13.605
0.305157 -9.039 -8.915 -10.27 -11.895 -12.857 -13.477 -11.925 -12.073 -12.872 -13.492 -13.835 -14.0 -12.024 -13.102 -13.712 -13.934 -14.016 -13.213 -13.727 -13.949 -14.026 -14.076 -13.663 -13.404 -13.818 -13.938 -13.71 -13.337 -13.622
0.314387 -9.015 -8.852 -10.232 -11.873 -12.853 -13.485 -11.921 -12.055 -12.867 -13.501 -13.855 -14.028 -12.004 -13.102 -13.727 -13.957 -14.045 -13.216 -13.743 -13.972 -14.054 -14.107 -13.679 -13.412 -13.837 -13.975 -13.752 -13.382 -13.638
0.323895 -8.993 -8.788 -10.192 -11.85 -12.847 -13.493 -11.916 -12.035 -12.862 -13.509 -13.874 -14.056 -11.983 -13.102 -13.742 -13.979 -14.074 -13.218 -13.757 -13.995 -14.082 -14.138 -13.694 -13.419 -13.855 -14.012 -13.793 -13.427 -13.653
0.333691 -8.971 -8.722 -10.152 -11.826 -12.841 -13.5 -11.91 -12.014 -12.857 -13.517 -13.892 -14.083 -11.961 -13.101 -13.755 -14.001 -14.102 -13.22 -13.772 -14.017 -14.109 -14.168 -13.709 -13.426 -13.873 -14.049 -13.835 -13.472 -13.669
0.343783 -8.95 -8.655 -10.111 -11.801 -12.833 -13.506 -11.904 -11.992 -12.85 -13.524 -13.91 -14.11 -11.938 -13.099 -13.769 -14.023 -14.13 -13.221 -13.785 -14.039 -14.136 -14.198 -13.723 -13.432 -13.89 -14.085 -13.876 -13.517 -13.683
0.354181 -8.93 -8.586 -10.069 -11.775 -12.825 -13.512 -11.897 -11.969 -12.842 -13.53 -13.928 -14.136 -11.914 -13.096 -13.781 -14.044 -14.157 -13.221 -13.798 -14.06 -14.162 -14.228 -13.737 -13.437 -13.907 -14.122 -13.917 -13.562 -13.698
0.364893 -8.911 -8.515 -10.025 -11.748 -12.816 -13.517 -11.889 -11.945 -12.834 -13.535 -13.945 -14.162 -11.888 -13.093 -13.793 -14.064 -14.184 -13.22 -13.81 -14.081 -14.188 -14.257 -13.75 -13.441 -13.923 -14.158 -13.958 -13.606 -13.711
0.375929 -8.894 -8.443 -9.981 -11.72 -12.806 -13.521 -11.881 -11.92 -12.824 -13.54 -13.961 -14.187 -11.862 -13.088 -13.804 -14.084 -14.21 -13.218 -13.822 -14.101 -14.214 -14.286 -13.762 -13.445 -13.939 -14.193 -13.998 -13.651 -13.725
0.387298 -8.877 -8.37 -9.936 -11.69 -12.795 -13.524 -11.872 -11.894 -12.814 -13.544 -13.977 -14.212 -11.834 -13.083 -13.815 -14.104 -14.236 -13.216 -13.833 -14.121 -14.239 -14.315 -13.774 -13.448 -13.954 -14.228 -14.038 -13.695 -13.737
0.399012 -8.862 -8.294 -9.889 -11.659 -12.783 -13.527 -11.863 -11.867 -12.803 -13.547 -13.992 -14.237 -11.805 -13.077 -13.824 -14.122 -14.262 -13.213 -13.843 -14.14 -14.263 -14.343 -13.786 -13.45 -13.968 -14.263 -14.078 -13.739 -13.749
0.41108 -8.848 -8.217 -9.842 -11.627 -12.77 -13.528 -11.852 -11.838 -12.79 -13.55 -14.006 -14.261 -11.775 -13.07 -13.833 -14.141 -14.287 -13.209 -13.853 -14.158 -14.288 -14.37 -13.796 -13.452 -13.982 -14.298 -14.118 -13.783 -13.761
0.423513 -8.835 -8.139 -9.793 -11.594 -12.756 -13.529 -11.842 -11.808 -12.777 -13.551 -14.02 -14.284 -11.744 -13.062 -13.842 -14.158 -14.311 -13.204 -13.861 -14.176 -14.311 -14.398 -13.806 -13.453 -13.995 -14.332 -14.158 -13.827 -13.772
0.436321 -8.824 -8.058 -9.743 -11.559 -12.741 -13.529 -11.83 -11.777 -12.763 -13.552 -14.033 -14.307 -11.711 -13.053 -13.849 -14.175 -14.335 -13.199 -13.87 -14.194 -14.334 -14.425 -13.816 -13.453 -14.008 -14.366 -14.197 -13.87 -13.783
0.449518 -8.813 -7.976 -9.692 -11.523 -12.725 -13.529 -11.818 -11.745 -12.747 -13.552 -14.046 -14.33 -11.677 -13.043 -13.856 -14.192 -14.359 -13.192 -13.877 -14.211 -14.357 -14.451 -13.825 -13.452 -14.02 -14.4 -14.236 -13.914 -13.793
0.463113 -8.804 -7.893 -9.64 -11.486 -12.708 -13.527 -11.805 -11.711 -12.731 -13.551 -14.058 -14.351 -11.642 -13.033 -13.863 -14.208 -14.382 -13.185 -13.884 -14.227 -14.379 -14.477 -13.833 -13.45 -14.031 -14.433 -14.275 -13.957 -13.802
0.47712 -8.797 -7.807 -9.587 -11.448 -12.689 -13.524 -11.791 -11.676 -12.714 -13.549 -14.069 -14.373 -11.605 -13.021 -13.868 -14.223 -14.405 -13.176 -13.89 -14.243 -14.4 -14.502 -13.841 -13.447 -14.041 -14.466 -14.314 -14.0 -13.811
0.49155 -8.79 -7.72 -9.533 -11.408 -12.67 -13.521 -11.777 -11.64 -12.695 -13.547 -14.08 -14.394 -11.567 -13.008 -13.873 -14.238 -14.427 -13.167 -13.895 -14.258 -14.421 -14.527 -13.847 -13.444 -14.051 -14.499 -14.352 -14.043 -13.82
0.506416 -8.785 -7.631 -9.478 -11.366 -12.65 -13.516 -11.761 -11.602 -12.675 -13.543 -14.09 -14.414 -11.528 -12.994 -13.876 -14.251 -14.448 -13.157 -13.899 -14.272 -14.442 -14.552 -13.854 -13.44 -14.06 -14.531 -14.39 -14.085 -13.827
0.521733 -8.782 -7.54 -9.421 -11.323 -12.628 -13.511 -11.745 -11.563 -12.655 -13.539 -14.099 -14.434 -11.487 -12.979 -13.879 -14.265 -14.469 -13.146 -13.903 -14.285 -14.461 -14.576 -13.859 -13.435 -14.069 -14.563 -14.428 -14.128 -13.835
0.537512 -8.779 -7.447 -9.363 -11.279 -12.605 -13.505 -11.728 -11.522 -12.633 -13.533 -14.107 -14.453 -11.445 -12.963 -13.881 -14.277 -14.489 -13.134 -13.906 -14.298 -14.481 -14.599 -13.864 -13.428 -14.076 -14.595 -14.465 -14.17 -13.841
0.553769 -8.778 -7.352 -9.304 -11.233 -12.581 -13.497 -11.711 -11.48 -12.609 -13.527 -14.115 -14.472 -11.401 -12.946 -13.882 -14.289 -14.509 -13.121 -13.908 -14.311 -14.499 -14.622 -13.868 -13.421 -14.083 -14.626 -14.502 -14.212 -13.847
