web/models/kne/15/villar_0.3304_0.2650_10.0000.dat
# %ECSV 1.0
# ---
# datatype:
# - {name: time, datatype: float64}
# - {name: swift_uvot_uvw2, datatype: float64}
# - {name: swift_uvot_uvm2, datatype: float64}
# - {name: swift_uvot_uvw1, datatype: float64}
# - {name: swift_uvot_U, datatype: float64}
# - {name: swift_uvot_B, datatype: float64}
# - {name: swift_uvot_V, datatype: float64}
# - {name: swift_uvot_W, datatype: float64}
# - {name: johnson_U, datatype: float64}
# - {name: johnson_B, datatype: float64}
# - {name: johnson_V, datatype: float64}
# - {name: johnson_R, datatype: float64}
# - {name: johnson_I, datatype: float64}
# - {name: sdss_u, datatype: float64}
# - {name: sdss_g, datatype: float64}
# - {name: sdss_r, datatype: float64}
# - {name: sdss_i, datatype: float64}
# - {name: sdss_z, datatype: float64}
# - {name: PS1_g, datatype: float64}
# - {name: PS1_r, datatype: float64}
# - {name: PS1_i, datatype: float64}
# - {name: PS1_z, datatype: float64}
# - {name: PS1_Y, datatype: float64}
# - {name: PS1_w, datatype: float64}
# - {name: ATLAS_c, datatype: float64}
# - {name: ATLAS_o, datatype: float64}
# - {name: ukirt_J, datatype: float64}
# - {name: ukirt_H, datatype: float64}
# - {name: ukirt_K, datatype: float64}
# - {name: Clear, datatype: float64}
# meta: !!omap
# - comment: [kappa = 10.0, type = villar, mass = 0.33039895931513485, velocity = 0.265, theta_obs = 0.0]
# schema: astropy-2.0
time swift_uvot_uvw2 swift_uvot_uvm2 swift_uvot_uvw1 swift_uvot_U swift_uvot_B swift_uvot_V swift_uvot_W johnson_U johnson_B johnson_V johnson_R johnson_I sdss_u sdss_g sdss_r sdss_i sdss_z PS1_g PS1_r PS1_i PS1_z PS1_Y PS1_w ATLAS_c ATLAS_o ukirt_J ukirt_H ukirt_K Clear
[from data line 348]
31.856598 -9.399 -6.539 -8.983 -11.04 -12.696 -13.849 -11.949 -11.342 -12.74 -13.893 -14.686 -15.197 -11.236 -13.162 -14.358 -14.916 -15.25 -13.404 -14.395 -14.945 -15.224 -15.411 -14.39 -13.784 -14.642 -15.53 -15.495 -15.275 -14.41
32.820079 -9.277 -6.418 -8.862 -10.919 -12.575 -13.728 -11.828 -11.221 -12.619 -13.772 -14.565 -15.076 -11.114 -13.04 -14.237 -14.795 -15.129 -13.283 -14.274 -14.823 -15.103 -15.29 -14.269 -13.663 -14.52 -15.409 -15.374 -15.153 -14.289
33.8127 -9.149 -6.289 -8.733 -10.791 -12.447 -13.599 -11.699 -11.092 -12.49 -13.643 -14.436 -14.947 -10.986 -12.912 -14.108 -14.666 -15.0 -13.154 -14.145 -14.695 -14.974 -15.161 -14.14 -13.534 -14.392 -15.28 -15.245 -15.025 -14.16
34.835342 -9.012 -6.152 -8.596 -10.654 -12.31 -13.462 -11.562 -10.955 -12.353 -13.506 -14.299 -14.81 -10.849 -12.775 -13.971 -14.529 -14.863 -13.017 -14.008 -14.558 -14.837 -15.024 -14.003 -13.397 -14.255 -15.143 -15.108 -14.888 -14.023
35.888913 -8.866 -6.006 -8.451 -10.508 -12.164 -13.317 -11.417 -10.809 -12.208 -13.36 -14.153 -14.665 -10.703 -12.629 -13.825 -14.383 -14.717 -12.871 -13.863 -14.412 -14.692 -14.878 -13.858 -13.252 -14.109 -14.997 -14.963 -14.742 -13.877
36.974349 -8.711 -5.851 -8.296 -10.353 -12.009 -13.162 -11.262 -10.654 -12.053 -13.206 -13.998 -14.51 -10.548 -12.474 -13.67 -14.229 -14.563 -12.716 -13.708 -14.257 -14.537 -14.723 -13.703 -13.097 -13.954 -14.842 -14.808 -14.587 -13.722
38.092613 -8.547 -5.687 -8.131 -10.189 -11.845 -12.997 -11.098 -10.49 -11.888 -13.041 -13.834 -14.346 -10.384 -12.31 -13.506 -14.064 -14.398 -12.552 -13.543 -14.093 -14.373 -14.559 -13.539 -12.933 -13.79 -14.678 -14.644 -14.423 -13.558
39.244698 -8.372 -5.512 -7.957 -10.014 -11.67 -12.823 -10.923 -10.315 -11.714 -12.867 -13.659 -14.171 -10.209 -12.135 -13.331 -13.889 -14.223 -12.377 -13.369 -13.918 -14.198 -14.384 -13.364 -12.758 -13.615 -14.503 -14.469 -14.248 -13.383
40.431627 -8.187 -5.327 -7.771 -9.828 -11.484 -12.637 -10.737 -10.13 -11.528 -12.681 -13.474 -13.985 -10.023 -11.95 -13.146 -13.704 -14.038 -12.192 -13.183 -13.732 -14.012 -14.199 -13.178 -12.572 -13.43 -14.318 -14.283 -14.063 -13.198
41.654454 -7.989 -5.13 -7.574 -9.631 -11.287 -12.44 -10.54 -9.933 -11.331 -12.484 -13.277 -13.788 -9.826 -11.752 -12.949 -13.507 -13.841 -11.995 -12.986 -13.535 -13.815 -14.002 -12.981 -12.375 -13.232 -14.121 -14.086 -13.865 -13.001
42.914265 -7.78 -4.92 -7.365 -9.422 -11.078 -12.231 -10.331 -9.723 -11.122 -12.275 -13.067 -13.579 -9.617 -11.543 -12.739 -13.297 -13.632 -11.785 -12.777 -13.326 -13.606 -13.792 -12.772 -12.166 -13.023 -13.911 -13.877 -13.656 -12.791
44.212178 -7.558 -4.698 -7.142 -9.2 -10.856 -12.009 -10.109 -9.501 -10.9 -12.052 -12.845 -13.357 -9.395 -11.321 -12.517 -13.075 -13.409 -11.563 -12.554 -13.104 -13.384 -13.57 -12.55 -11.944 -12.801 -13.689 -13.655 -13.434 -12.569
45.549345 -7.322 -4.462 -6.906 -8.964 -10.62 -11.773 -9.873 -9.265 -10.664 -11.816 -12.609 -13.121 -9.159 -11.085 -12.281 -12.839 -13.173 -11.327 -12.318 -12.868 -13.148 -13.334 -12.314 -11.708 -12.565 -13.453 -13.419 -13.198 -12.333
46.926954 -7.071 -4.211 -6.656 -8.713 -10.369 -11.522 -9.622 -9.014 -10.413 -11.566 -12.358 -12.87 -8.908 -10.834 -12.03 -12.589 -12.923 -11.076 -12.068 -12.617 -12.897 -13.084 -12.063 -11.457 -12.314 -13.203 -13.168 -12.947 -12.082
48.346227 -6.805 -3.945 -6.39 -8.447 -10.103 -11.256 -9.356 -8.748 -10.147 -11.3 -12.093 -12.604 -8.642 -10.568 -11.765 -12.323 -12.657 -10.81 -11.802 -12.351 -12.631 -12.818 -11.797 -11.191 -12.048 -12.937 -12.902 -12.681 -11.816
49.808426 -6.523 -3.663 -6.108 -8.165 -9.821 -10.974 -9.074 -8.466 -9.865 -11.017 -11.81 -12.322 -8.36 -10.286 -11.482 -12.04 -12.374 -10.528 -11.52 -12.069 -12.349 -12.535 -11.515 -10.909 -11.766 -12.654 -12.62 -12.399 -11.534
51.314848 -6.223 -3.363 -5.808 -7.865 -9.521 -10.674 -8.774 -8.166 -9.565 -10.718 -11.51 -12.022 -8.06 -9.986 -11.182 -11.741 -12.075 -10.228 -11.22 -11.769 -12.049 -12.235 -11.215 -10.609 -11.466 -12.354 -12.32 -12.099 -11.234
52.86683 -5.905 -3.045 -5.49 -7.547 -9.203 -10.356 -8.456 -7.848 -9.247 -10.4 -11.192 -11.704 -7.742 -9.668 -10.864 -11.422 -11.756 -9.91 -10.902 -11.451 -11.731 -11.917 -10.897 -10.291 -11.148 -12.036 -12.002 -11.781 -10.916
54.465752 -5.567 -2.707 -5.152 -7.209 -8.865 -10.018 -8.118 -7.511 -8.909 -10.062 -10.855 -11.366 -7.404 -9.33 -10.527 -11.085 -11.419 -9.572 -10.564 -11.113 -11.393 -11.58 -10.559 -9.953 -10.81 -11.699 -11.664 -11.443 -10.578
56.113031 -5.209 -2.349 -4.793 -6.851 -8.507 -9.66 -7.76 -7.152 -8.551 -9.703 -10.496 -11.008 -7.046 -8.972 -10.168 -10.726 -11.06 -9.214 -10.205 -10.755 -11.035 -11.221 -10.201 -9.595 -10.452 -11.34 -11.306 -11.085 -10.22
57.810132 -4.828 -1.968 -4.413 -6.47 -8.126 -9.279 -7.379 -6.772 -8.17 -9.323 -10.116 -10.627 -6.665 -8.591 -9.788 -10.346 -10.68 -8.834 -9.825 -10.374 -10.654 -10.841 -9.82 -9.214 -10.071 -10.96 -10.925 -10.704 -9.839
59.55856 -4.425 -1.565 -4.009 -6.066 -7.722 -8.875 -6.975 -6.368 -7.766 -8.919 -9.712 -10.223 -6.261 -8.188 -9.384 -9.942 -10.276 -8.43 -9.421 -9.97 -10.25 -10.437 -9.416 -8.81 -9.668 -10.556 -10.521 -10.301 -9.436
61.359868 -3.996 -1.136 -3.58 -5.638 -7.294 -8.446 -6.547 -5.939 -7.337 -8.49 -9.283 -9.795 -5.833 -7.759 -8.955 -9.513 -9.847 -8.001 -8.992 -9.542 -9.822 -10.008 -8.988 -8.382 -9.239 -10.127 -10.093 -9.872 -9.007
63.215655 -3.541 -0.681 -3.125 -5.183 -6.839 -7.991 -6.092 -5.484 -6.882 -8.035 -8.828 -9.34 -5.378 -7.304 -8.5 -9.058 -9.392 -7.546 -8.537 -9.087 -9.367 -9.553 -8.533 -7.927 -8.784 -9.672 -9.638 -9.417 -8.552
65.127569 -3.058 -0.198 -2.642 -4.7 -6.356 -7.509 -5.609 -5.001 -6.4 -7.552 -8.345 -8.857 -4.895 -6.821 -8.017 -8.575 -8.909 -7.063 -8.054 -8.604 -8.884 -9.07 -8.05 -7.444 -8.301 -9.189 -9.155 -8.934 -8.069
67.097308 -2.545 0.315 -2.13 -4.187 -5.843 -6.996 -5.096 -4.488 -5.887 -7.04 -7.832 -8.344 -4.382 -6.308 -7.504 -8.063 -8.397 -6.55 -7.542 -8.091 -8.371 -8.557 -7.537 -6.931 -7.788 -8.676 -8.642 -8.421 -7.556
69.126621 -2.001 0.859 -1.586 -3.643 -5.299 -6.452 -4.552 -3.944 -5.343 -6.496 -7.288 -7.8 -3.838 -5.764 -6.96 -7.518 -7.853 -6.006 -6.998 -7.547 -7.827 -8.013 -6.993 -6.387 -7.244 -8.132 -8.098 -7.877 -7.012
71.217308 -1.424 1.436 -1.008 -3.066 -4.722 -5.874 -3.975 -3.367 -4.765 -5.918 -6.711 -7.222 -3.261 -5.187 -6.383 -6.941 -7.275 -5.429 -6.42 -6.97 -7.25 -7.436 -6.416 -5.809 -6.667 -7.555 -7.52 -7.3 -6.435
73.371227 -0.811 2.049 -0.395 -2.453 -4.109 -5.261 -3.362 -2.754 -4.152 -5.305 -6.098 -6.609 -2.648 -4.574 -5.77 -6.328 -6.662 -4.816 -5.807 -6.357 -6.637 -6.823 -5.803 -5.196 -6.054 -6.942 -6.907 -6.687 -5.822
75.59029 -0.16 2.7 0.255 -1.802 -3.458 -4.611 -2.711 -2.103 -3.502 -4.655 -5.447 -5.959 -1.997 -3.923 -5.119 -5.677 -6.012 -4.165 -5.157 -5.706 -5.986 -6.172 -5.152 -4.546 -5.403 -6.291 -6.257 -6.036 -5.171
77.876467 0.53 3.39 0.946 -1.111 -2.767 -3.92 -2.02 -1.413 -2.811 -3.964 -4.757 -5.268 -1.307 -3.233 -4.429 -4.987 -5.321 -3.475 -4.466 -5.016 -5.295 -5.482 -4.461 -3.855 -4.713 -5.601 -5.566 -5.346 -4.481
80.231787 1.263 4.123 1.679 -0.379 -2.035 -3.187 -1.287 -0.68 -2.078 -3.231 -4.024 -4.535 -0.574 -2.5 -3.696 -4.254 -4.588 -2.742 -3.733 -4.283 -4.562 -4.749 -3.728 -3.122 -3.98 -4.868 -4.833 -4.613 -3.748
82.658343 2.041 4.901 2.457 0.399 -1.257 -2.409 -0.51 0.098 -1.3 -2.453 -3.246 -3.757 0.204 -1.722 -2.918 -3.476 -3.81 -1.964 -2.955 -3.505 -3.785 -3.971 -2.951 -2.344 -3.202 -4.09 -4.055 -3.835 -2.97
85.158288 2.867 5.727 3.282 1.225 -0.431 -1.584 0.316 0.924 -0.475 -1.627 -2.42 -2.932 1.03 -0.896 -2.092 -2.65 -2.984 -1.138 -2.13 -2.679 -2.959 -3.145 -2.125 -1.519 -2.376 -3.264 -3.23 -3.009 -2.144
87.733843 3.743 6.603 4.159 2.102 0.446 -0.707 1.193 1.8 0.402 -0.751 -1.544 -2.055 1.906 -0.02 -1.216 -1.774 -2.108 -0.262 -1.253 -1.803 -2.082 -2.269 -1.248 -0.642 -1.5 -2.388 -2.353 -2.133 -1.268
90.387293 4.674 7.534 5.089 3.032 1.376 0.223 2.123 2.731 1.332 0.179 -0.613 -1.125 2.837 0.911 -0.285 -0.844 -1.178 0.669 -0.323 -0.872 -1.152 -1.339 -0.318 0.288 -0.569 -1.458 -1.423 -1.202 -0.337
93.120995 5.661 8.521 6.076 4.019 2.363 1.21 3.11 3.718 2.319 1.167 0.374 -0.138 3.824 1.898 0.702 0.144 -0.19 1.656 0.664 0.115 -0.165 -0.351 0.669 1.275 0.418 -0.47 -0.436 -0.215 0.65
95.937376 6.709 9.569 7.124 5.067 3.411 2.258 4.158 4.766 3.367 2.215 1.422 0.91 4.872 2.946 1.75 1.192 0.858 2.704 1.712 1.163 0.883 0.697 1.717 2.323 1.466 0.578 0.612 0.833 1.698
98.838937 7.821 10.681 8.237 6.179 4.523 3.371 5.271 5.878 4.48 3.327 2.534 2.023 5.984 4.058 2.862 2.304 1.97 3.816 2.825 2.275 1.996 1.809 2.829 3.436 2.578 1.69 1.725 1.945 2.81
101.828253 9.002 11.862 9.417 7.36 5.704 4.551 6.451 7.059 5.66 4.508 3.715 3.203 7.165 5.239 4.043 3.485 3.151 4.997 4.005 3.456 3.176 2.99 4.01 4.616 3.759 2.871 2.905 3.126 3.991
104.907979 10.255 13.115 10.671 8.613 6.957 5.804 7.704 8.312 6.913 5.761 4.968 4.456 8.418 6.492 5.296 4.738 4.404 6.25 5.259 4.709 4.429 4.243 5.263 5.869 5.012 4.124 4.158 4.379 5.244
108.080849 11.585 14.445 12.001 9.943 8.287 7.135 9.034 9.642 8.244 7.091 6.298 5.786 9.748 7.822 6.626 6.068 5.734 7.58 6.589 6.039 5.759 5.573 6.593 7.199 6.342 5.454 5.488 5.709 6.574
111.349681 12.997 15.857 13.412 11.355 9.699 8.546 10.446 11.054 9.655 8.502 7.71 7.198 11.16 9.234 8.038 7.48 7.146 8.992 8.0 7.451 7.171 6.985 8.005 8.611 7.754 6.866 6.9 7.121 7.986
114.717376 14.495 17.355 14.911 12.853 11.197 10.045 11.945 12.552 11.154 10.001 9.208 8.697 12.658 10.732 9.536 8.978 8.644 10.49 9.499 8.949 8.67 8.483 9.503 10.11 9.252 8.364 8.399 8.619 9.484
118.186925 16.086 18.946 16.501 14.444 12.788 11.635 13.535 14.143 12.744 11.591 10.799 10.287 14.249 12.323 11.127 10.569 10.234 12.081 11.089 10.54 10.26 10.074 11.094 11.7 10.843 9.955 9.989 10.21 11.075
121.761408 17.774 20.634 18.189 16.132 14.476 13.323 15.223 15.831 14.432 13.279 12.487 11.975 15.937 14.011 12.815 12.257 11.922 13.769 12.777 12.228 11.948 11.762 12.782 13.388 12.531 11.643 11.677 11.898 12.763
125.443999 19.566 22.426 19.981 17.924 16.268 15.115 17.015 17.622 16.224 15.071 14.278 13.767 17.729 15.803 14.606 14.048 13.714 15.561 14.569 14.02 13.74 13.553 14.574 15.18 14.323 13.434 13.469 13.69 14.555
129.237967 21.467 24.327 21.883 19.826 18.169 17.017 18.917 19.524 18.126 16.973 16.18 15.669 19.63 17.704 16.508 15.95 15.616 17.462 16.471 15.921 15.642 15.455 16.476 17.082 16.224 15.336 15.371 15.591 16.456
133.146681 23.486 26.346 23.901 21.844 20.188 19.035 20.935 21.543 20.144 18.991 18.199 17.687 21.649 19.723 18.527 17.969 17.635 19.481 18.489 17.94 17.66 17.474 18.494 19.1 18.243 17.355 17.389 17.61 18.475
137.173612 25.628 28.488 26.044 23.987 22.331 21.178 23.078 23.685 22.287 21.134 20.341 19.83 23.791 21.865 20.669 20.111 19.777 21.623 20.632 20.082 19.803 19.616 20.637 21.243 20.385 19.497 19.532 19.752 20.617
141.322334 27.902 30.762 28.318 26.261 24.605 23.452 25.352 25.959 24.561 23.408 22.615 22.104 26.066 24.139 22.943 22.385 22.051 23.897 22.906 22.357 22.077 21.89 22.911 23.517 22.659 21.771 21.806 22.026 22.891
145.596532 30.316 33.176 30.732 28.674 27.018 25.866 27.765 28.373 26.974 25.822 25.029 24.517 28.479 26.553 25.357 24.799 24.465 26.311 25.32 24.77 24.49 24.304 25.324 25.93 25.073 24.185 24.219 24.44 25.305
150.0 32.878 35.738 33.293 31.236 29.58 28.427 30.327 30.935 29.536 28.384 27.591 27.079 31.041 29.115 27.919 27.361 27.027 28.873 27.881 27.332 27.052 26.866 27.886 28.492 27.635 26.747 26.781 27.002 27.867
