web/models/kne/15/villar_0.0512_0.4060_10.0000.dat
# %ECSV 1.0
# ---
# datatype:
# - {name: time, datatype: float64}
# - {name: swift_uvot_uvw2, datatype: float64}
# - {name: swift_uvot_uvm2, datatype: float64}
# - {name: swift_uvot_uvw1, datatype: float64}
# - {name: swift_uvot_U, datatype: float64}
# - {name: swift_uvot_B, datatype: float64}
# - {name: swift_uvot_V, datatype: float64}
# - {name: swift_uvot_W, datatype: float64}
# - {name: johnson_U, datatype: float64}
# - {name: johnson_B, datatype: float64}
# - {name: johnson_V, datatype: float64}
# - {name: johnson_R, datatype: float64}
# - {name: johnson_I, datatype: float64}
# - {name: sdss_u, datatype: float64}
# - {name: sdss_g, datatype: float64}
# - {name: sdss_r, datatype: float64}
# - {name: sdss_i, datatype: float64}
# - {name: sdss_z, datatype: float64}
# - {name: PS1_g, datatype: float64}
# - {name: PS1_r, datatype: float64}
# - {name: PS1_i, datatype: float64}
# - {name: PS1_z, datatype: float64}
# - {name: PS1_Y, datatype: float64}
# - {name: PS1_w, datatype: float64}
# - {name: ATLAS_c, datatype: float64}
# - {name: ATLAS_o, datatype: float64}
# - {name: ukirt_J, datatype: float64}
# - {name: ukirt_H, datatype: float64}
# - {name: ukirt_K, datatype: float64}
# - {name: Clear, datatype: float64}
# meta: !!omap
# - comment: [kappa = 10.0, type = villar, mass = 0.051209162050732976, velocity = 0.406, theta_obs = 0.0]
# schema: astropy-2.0
time swift_uvot_uvw2 swift_uvot_uvm2 swift_uvot_uvw1 swift_uvot_U swift_uvot_B swift_uvot_V swift_uvot_W johnson_U johnson_B johnson_V johnson_R johnson_I sdss_u sdss_g sdss_r sdss_i sdss_z PS1_g PS1_r PS1_i PS1_z PS1_Y PS1_w ATLAS_c ATLAS_o ukirt_J ukirt_H ukirt_K Clear
[from data line 214]
0.587772 -9.461 -8.997 -10.541 -12.284 -13.375 -14.093 -12.45 -12.485 -13.393 -14.113 -14.536 -14.765 -12.426 -13.659 -14.378 -14.66 -14.788 -13.789 -14.396 -14.677 -14.791 -14.865 -14.337 -14.017 -14.514 -14.773 -14.579 -14.233 -14.299
0.605549 -9.444 -8.921 -10.495 -12.253 -13.363 -14.096 -12.441 -12.458 -13.382 -14.116 -14.551 -14.789 -12.398 -13.653 -14.388 -14.679 -14.814 -13.786 -14.406 -14.696 -14.816 -14.893 -14.348 -14.02 -14.528 -14.808 -14.62 -14.277 -14.311
0.623863 -9.429 -8.845 -10.447 -12.221 -13.35 -14.098 -12.43 -12.429 -13.37 -14.118 -14.566 -14.813 -12.368 -13.646 -14.397 -14.698 -14.839 -13.782 -14.416 -14.715 -14.84 -14.92 -14.359 -14.021 -14.542 -14.843 -14.659 -14.321 -14.323
0.642731 -9.414 -8.766 -10.398 -12.188 -13.336 -14.099 -12.419 -12.4 -13.357 -14.12 -14.58 -14.837 -12.336 -13.638 -14.406 -14.715 -14.863 -13.778 -14.425 -14.733 -14.864 -14.948 -14.369 -14.022 -14.556 -14.877 -14.699 -14.365 -14.334
0.66217 -9.401 -8.686 -10.348 -12.154 -13.321 -14.099 -12.408 -12.369 -13.343 -14.121 -14.593 -14.86 -12.304 -13.629 -14.413 -14.733 -14.887 -13.772 -14.433 -14.751 -14.887 -14.975 -14.379 -14.022 -14.568 -14.911 -14.738 -14.408 -14.345
0.682197 -9.389 -8.604 -10.298 -12.118 -13.305 -14.098 -12.396 -12.337 -13.327 -14.121 -14.606 -14.882 -12.27 -13.619 -14.42 -14.749 -14.911 -13.766 -14.441 -14.768 -14.91 -15.001 -14.387 -14.021 -14.58 -14.945 -14.777 -14.452 -14.355
0.70283 -9.379 -8.52 -10.245 -12.081 -13.288 -14.097 -12.382 -12.303 -13.311 -14.12 -14.618 -14.904 -12.235 -13.609 -14.427 -14.765 -14.934 -13.758 -14.448 -14.784 -14.932 -15.027 -14.396 -14.02 -14.591 -14.978 -14.816 -14.495 -14.364
0.724086 -9.37 -8.435 -10.192 -12.043 -13.27 -14.094 -12.369 -12.268 -13.294 -14.119 -14.629 -14.926 -12.199 -13.597 -14.432 -14.78 -14.957 -13.75 -14.454 -14.8 -14.953 -15.052 -14.403 -14.017 -14.602 -15.011 -14.855 -14.538 -14.373
0.745986 -9.362 -8.348 -10.138 -12.003 -13.251 -14.091 -12.354 -12.232 -13.275 -14.116 -14.64 -14.947 -12.161 -13.584 -14.437 -14.795 -14.979 -13.741 -14.459 -14.815 -14.974 -15.077 -14.41 -14.014 -14.612 -15.044 -14.893 -14.58 -14.381
0.768548 -9.356 -8.258 -10.082 -11.961 -13.231 -14.086 -12.339 -12.195 -13.256 -14.113 -14.65 -14.967 -12.122 -13.571 -14.441 -14.809 -15.0 -13.731 -14.463 -14.829 -14.995 -15.102 -14.416 -14.01 -14.621 -15.076 -14.931 -14.623 -14.389
0.791792 -9.35 -8.167 -10.026 -11.919 -13.209 -14.081 -12.323 -12.156 -13.235 -14.108 -14.659 -14.987 -12.081 -13.556 -14.444 -14.822 -15.021 -13.72 -14.467 -14.843 -15.015 -15.126 -14.422 -14.004 -14.629 -15.108 -14.969 -14.665 -14.396
0.815739 -9.347 -8.075 -9.968 -11.875 -13.186 -14.075 -12.306 -12.115 -13.213 -14.103 -14.668 -15.006 -12.039 -13.54 -14.446 -14.835 -15.042 -13.708 -14.47 -14.856 -15.034 -15.15 -14.426 -13.998 -14.637 -15.139 -15.006 -14.707 -14.403
0.840411 -9.344 -7.98 -9.908 -11.829 -13.162 -14.067 -12.288 -12.073 -13.19 -14.096 -14.675 -15.025 -11.995 -13.523 -14.447 -14.847 -15.061 -13.695 -14.472 -14.868 -15.052 -15.172 -14.43 -13.991 -14.644 -15.171 -15.043 -14.749 -14.409
0.865828 -9.343 -7.884 -9.848 -11.781 -13.137 -14.059 -12.269 -12.03 -13.166 -14.089 -14.682 -15.043 -11.95 -13.504 -14.447 -14.858 -15.081 -13.681 -14.473 -14.88 -15.07 -15.195 -14.433 -13.983 -14.65 -15.201 -15.08 -14.791 -14.414
0.892015 -9.342 -7.785 -9.786 -11.732 -13.11 -14.05 -12.25 -11.985 -13.14 -14.08 -14.689 -15.06 -11.903 -13.485 -14.447 -14.868 -15.099 -13.665 -14.473 -14.89 -15.088 -15.217 -14.436 -13.974 -14.655 -15.231 -15.117 -14.833 -14.418
0.918993 -9.343 -7.685 -9.723 -11.682 -13.082 -14.039 -12.229 -11.938 -13.113 -14.071 -14.694 -15.077 -11.854 -13.464 -14.445 -14.878 -15.117 -13.649 -14.472 -14.9 -15.105 -15.238 -14.437 -13.964 -14.66 -15.261 -15.153 -14.874 -14.422
0.946787 -9.346 -7.583 -9.659 -11.63 -13.053 -14.028 -12.208 -11.89 -13.085 -14.06 -14.698 -15.093 -11.804 -13.442 -14.443 -14.886 -15.134 -13.632 -14.471 -14.91 -15.121 -15.259 -14.438 -13.953 -14.663 -15.29 -15.189 -14.915 -14.425
0.975422 -9.349 -7.479 -9.594 -11.576 -13.022 -14.015 -12.186 -11.84 -13.055 -14.049 -14.702 -15.108 -11.752 -13.419 -14.439 -14.894 -15.151 -13.614 -14.468 -14.918 -15.136 -15.279 -14.438 -13.941 -14.666 -15.319 -15.224 -14.956 -14.428
1.004923 -9.353 -7.373 -9.527 -11.52 -12.99 -14.001 -12.162 -11.788 -13.025 -14.036 -14.705 -15.123 -11.699 -13.395 -14.435 -14.902 -15.167 -13.594 -14.464 -14.926 -15.151 -15.298 -14.437 -13.928 -14.668 -15.348 -15.259 -14.996 -14.43
1.035317 -9.358 -7.266 -9.459 -11.462 -12.957 -13.986 -12.138 -11.735 -12.992 -14.022 -14.707 -15.137 -11.643 -13.369 -14.429 -14.908 -15.182 -13.573 -14.46 -14.933 -15.165 -15.317 -14.435 -13.914 -14.669 -15.376 -15.294 -15.036 -14.431
1.066629 -9.364 -7.157 -9.389 -11.403 -12.922 -13.969 -12.113 -11.68 -12.958 -14.007 -14.708 -15.15 -11.586 -13.342 -14.423 -14.913 -15.196 -13.552 -14.454 -14.939 -15.178 -15.336 -14.432 -13.898 -14.669 -15.403 -15.328 -15.076 -14.431
1.098888 -9.371 -7.046 -9.318 -11.341 -12.885 -13.952 -12.087 -11.623 -12.923 -13.99 -14.708 -15.163 -11.527 -13.313 -14.415 -14.918 -15.21 -13.529 -14.448 -14.944 -15.19 -15.353 -14.429 -13.882 -14.668 -15.43 -15.362 -15.116 -14.431
1.132124 -9.379 -6.934 -9.246 -11.278 -12.847 -13.933 -12.059 -11.564 -12.886 -13.973 -14.707 -15.174 -11.466 -13.284 -14.406 -14.921 -15.223 -13.504 -14.44 -14.948 -15.202 -15.37 -14.424 -13.864 -14.666 -15.456 -15.396 -15.155 -14.43
1.166364 -9.387 -6.821 -9.173 -11.213 -12.807 -13.913 -12.031 -11.503 -12.848 -13.954 -14.705 -15.185 -11.403 -13.252 -14.396 -14.924 -15.235 -13.479 -14.431 -14.951 -15.213 -15.386 -14.418 -13.845 -14.663 -15.482 -15.429 -15.194 -14.428
1.20164 -9.396 -6.706 -9.098 -11.146 -12.766 -13.891 -12.002 -11.441 -12.808 -13.933 -14.702 -15.196 -11.338 -13.219 -14.385 -14.926 -15.247 -13.452 -14.421 -14.954 -15.223 -15.402 -14.412 -13.824 -14.659 -15.507 -15.462 -15.233 -14.425
1.237983 -9.406 -6.59 -9.021 -11.076 -12.723 -13.868 -11.971 -11.376 -12.766 -13.912 -14.698 -15.205 -11.27 -13.185 -14.373 -14.926 -15.257 -13.424 -14.41 -14.955 -15.232 -15.416 -14.404 -13.803 -14.654 -15.532 -15.494 -15.272 -14.422
1.275425 -9.418 -6.558 -9.003 -11.06 -12.716 -13.869 -11.969 -11.361 -12.76 -13.913 -14.706 -15.217 -11.255 -13.181 -14.378 -14.936 -15.27 -13.423 -14.415 -14.964 -15.244 -15.431 -14.41 -13.804 -14.661 -15.55 -15.515 -15.294 -14.429
1.313999 -9.432 -6.572 -9.017 -11.074 -12.73 -13.883 -11.983 -11.376 -12.774 -13.927 -14.72 -15.231 -11.269 -13.195 -14.392 -14.95 -15.284 -13.437 -14.429 -14.978 -15.258 -15.445 -14.424 -13.818 -14.675 -15.564 -15.529 -15.308 -14.443
1.35374 -9.446 -6.586 -9.031 -11.088 -12.744 -13.897 -11.997 -11.389 -12.788 -13.941 -14.733 -15.245 -11.283 -13.209 -14.405 -14.963 -15.298 -13.451 -14.443 -14.992 -15.272 -15.458 -14.438 -13.832 -14.689 -15.577 -15.543 -15.322 -14.457
1.394683 -9.46 -6.6 -9.044 -11.101 -12.757 -13.91 -12.01 -11.403 -12.801 -13.954 -14.747 -15.258 -11.297 -13.223 -14.419 -14.977 -15.311 -13.465 -14.456 -15.006 -15.285 -15.472 -14.451 -13.845 -14.703 -15.591 -15.556 -15.336 -14.471
1.436864 -9.473 -6.613 -9.057 -11.115 -12.771 -13.923 -12.024 -11.416 -12.814 -13.967 -14.76 -15.272 -11.31 -13.236 -14.432 -14.99 -15.324 -13.478 -14.469 -15.019 -15.299 -15.485 -14.465 -13.858 -14.716 -15.604 -15.569 -15.349 -14.484
1.480321 -9.486 -6.626 -9.07 -11.128 -12.784 -13.936 -12.037 -11.429 -12.827 -13.98 -14.773 -15.284 -11.323 -13.249 -14.445 -15.003 -15.337 -13.491 -14.482 -15.032 -15.312 -15.498 -14.478 -13.871 -14.729 -15.617 -15.582 -15.362 -14.497
1.525092 -9.498 -6.638 -9.083 -11.14 -12.796 -13.949 -12.049 -11.441 -12.84 -13.993 -14.785 -15.297 -11.335 -13.261 -14.457 -15.016 -15.35 -13.503 -14.495 -15.044 -15.324 -15.511 -14.49 -13.884 -14.741 -15.63 -15.595 -15.374 -14.509
1.571218 -9.511 -6.651 -9.095 -11.152 -12.808 -13.961 -12.061 -11.454 -12.852 -14.005 -14.798 -15.309 -11.348 -13.274 -14.47 -15.028 -15.362 -13.516 -14.507 -15.057 -15.336 -15.523 -14.502 -13.896 -14.754 -15.642 -15.607 -15.387 -14.522
1.618738 -9.523 -6.663 -9.107 -11.164 -12.82 -13.973 -12.073 -11.466 -12.864 -14.017 -14.81 -15.321 -11.36 -13.286 -14.482 -15.04 -15.374 -13.528 -14.519 -15.069 -15.348 -15.535 -14.514 -13.908 -14.766 -15.654 -15.619 -15.399 -14.534
1.667696 -9.534 -6.674 -9.119 -11.176 -12.832 -13.985 -12.085 -11.477 -12.876 -14.029 -14.821 -15.333 -11.371 -13.297 -14.493 -15.051 -15.386 -13.539 -14.531 -15.08 -15.36 -15.546 -14.526 -13.92 -14.777 -15.665 -15.631 -15.41 -14.545
1.718134 -9.546 -6.686 -9.13 -11.187 -12.843 -13.996 -12.096 -11.489 -12.887 -14.04 -14.833 -15.344 -11.382 -13.309 -14.505 -15.063 -15.397 -13.551 -14.542 -15.091 -15.371 -15.558 -14.537 -13.931 -14.788 -15.677 -15.642 -15.421 -14.557
1.770098 -9.556 -6.697 -9.141 -11.198 -12.854 -14.007 -12.107 -11.5 -12.898 -14.051 -14.844 -15.355 -11.393 -13.319 -14.516 -15.074 -15.408 -13.562 -14.553 -15.102 -15.382 -15.569 -14.548 -13.942 -14.799 -15.688 -15.653 -15.432 -14.568
1.823633 -9.567 -6.707 -9.152 -11.209 -12.865 -14.018 -12.118 -11.51 -12.909 -14.061 -14.854 -15.366 -11.404 -13.33 -14.526 -15.084 -15.418 -13.572 -14.564 -15.113 -15.393 -15.579 -14.559 -13.953 -14.81 -15.698 -15.664 -15.443 -14.578
1.878788 -9.577 -6.717 -9.162 -11.219 -12.875 -14.028 -12.128 -11.52 -12.919 -14.072 -14.864 -15.376 -11.414 -13.34 -14.536 -15.094 -15.429 -13.582 -14.574 -15.123 -15.403 -15.589 -14.569 -13.963 -14.82 -15.708 -15.674 -15.453 -14.588
1.93561 -9.587 -6.727 -9.172 -11.229 -12.885 -14.038 -12.138 -11.53 -12.929 -14.081 -14.874 -15.386 -11.424 -13.35 -14.546 -15.104 -15.438 -13.592 -14.584 -15.133 -15.413 -15.599 -14.579 -13.973 -14.83 -15.718 -15.684 -15.463 -14.598
1.994152 -9.596 -6.736 -9.181 -11.238 -12.894 -14.047 -12.147 -11.539 -12.938 -14.091 -14.883 -15.395 -11.433 -13.359 -14.555 -15.114 -15.448 -13.601 -14.593 -15.142 -15.422 -15.609 -14.588 -13.982 -14.839 -15.728 -15.693 -15.472 -14.607
2.054463 -9.605 -6.745 -9.19 -11.247 -12.903 -14.056 -12.156 -11.548 -12.947 -14.1 -14.892 -15.404 -11.442 -13.368 -14.564 -15.122 -15.457 -13.61 -14.602 -15.151 -15.431 -15.617 -14.597 -13.991 -14.848 -15.736 -15.702 -15.481 -14.616
2.116599 -9.614 -6.754 -9.198 -11.256 -12.912 -14.064 -12.165 -11.557 -12.955 -14.108 -14.901 -15.412 -11.451 -13.377 -14.573 -15.131 -15.465 -13.619 -14.61 -15.16 -15.44 -15.626 -14.606 -13.999 -14.857 -15.745 -15.71 -15.49 -14.625
2.180614 -9.622 -6.762 -9.206 -11.264 -12.92 -14.072 -12.173 -11.565 -12.963 -14.116 -14.909 -15.42 -11.459 -13.385 -14.581 -15.139 -15.473 -13.627 -14.618 -15.168 -15.448 -15.634 -14.614 -14.007 -14.865 -15.753 -15.718 -15.498 -14.633
2.246566 -9.629 -6.769 -9.214 -11.271 -12.927 -14.08 -12.18 -11.572 -12.971 -14.124 -14.916 -15.428 -11.466 -13.392 -14.588 -15.146 -15.481 -13.634 -14.626 -15.175 -15.455 -15.641 -14.621 -14.015 -14.872 -15.76 -15.726 -15.505 -14.64
2.314511 -9.636 -6.776 -9.221 -11.278 -12.934 -14.087 -12.187 -11.579 -12.978 -14.131 -14.923 -15.435 -11.473 -13.399 -14.595 -15.154 -15.488 -13.641 -14.633 -15.182 -15.462 -15.648 -14.628 -14.022 -14.879 -15.767 -15.733 -15.512 -14.647
2.384512 -9.643 -6.783 -9.227 -11.285 -12.941 -14.093 -12.194 -11.586 -12.984 -14.137 -14.93 -15.441 -11.48 -13.406 -14.602 -15.16 -15.494 -13.648 -14.639 -15.189 -15.469 -15.655 -14.635 -14.028 -14.886 -15.774 -15.739 -15.519 -14.654
2.45663 -9.649 -6.789 -9.233 -11.291 -12.947 -14.099 -12.199 -11.592 -12.99 -14.143 -14.936 -15.447 -11.486 -13.412 -14.608 -15.166 -15.5 -13.654 -14.645 -15.195 -15.474 -15.661 -14.64 -14.034 -14.892 -15.78 -15.745 -15.525 -14.66
2.530929 -9.654 -6.794 -9.239 -11.296 -12.952 -14.105 -12.205 -11.597 -12.996 -14.148 -14.941 -15.453 -11.491 -13.417 -14.613 -15.171 -15.505 -13.659 -14.651 -15.2 -15.48 -15.666 -14.646 -14.04 -14.897 -15.785 -15.751 -15.53 -14.665
2.607475 -9.659 -6.799 -9.243 -11.301 -12.957 -14.109 -12.21 -11.602 -13.0 -14.153 -14.946 -15.457 -11.496 -13.422 -14.618 -15.176 -15.51 -13.664 -14.655 -15.205 -15.485 -15.671 -14.651 -14.044 -14.902 -15.79 -15.755 -15.535 -14.67
2.686337 -9.663 -6.803 -9.247 -11.305 -12.961 -14.113 -12.214 -11.606 -13.004 -14.157 -14.95 -15.462 -11.5 -13.426 -14.622 -15.18 -15.514 -13.668 -14.659 -15.209 -15.489 -15.675 -14.655 -14.048 -14.906 -15.794 -15.759 -15.539 -14.674
2.767583 -9.666 -6.806 -9.251 -11.308 -12.964 -14.117 -12.217 -11.609 -13.008 -14.161 -14.953 -15.465 -11.503 -13.429 -14.625 -15.183 -15.518 -13.671 -14.663 -15.212 -15.492 -15.678 -14.658 -14.052 -14.909 -15.797 -15.763 -15.542 -14.677
2.851287 -9.669 -6.809 -9.254 -11.311 -12.967 -14.12 -12.22 -11.612 -13.011 -14.163 -14.956 -15.468 -11.506 -13.432 -14.628 -15.186 -15.52 -13.674 -14.666 -15.215 -15.495 -15.681 -14.661 -14.055 -14.912 -15.8 -15.766 -15.545 -14.68
2.937522 -9.671 -6.811 -9.256 -11.313 -12.969 -14.122 -12.222 -11.614 -13.013 -14.165 -14.958 -15.47 -11.508 -13.434 -14.63 -15.188 -15.522 -13.676 -14.668 -15.217 -15.497 -15.683 -14.663 -14.057 -14.914 -15.802 -15.768 -15.547 -14.682
3.026365 -9.672 -6.812 -9.257 -11.314 -12.97 -14.123 -12.223 -11.615 -13.014 -14.167 -14.959 -15.471 -11.509 -13.435 -14.631 -15.189 -15.524 -13.677 -14.669 -15.218 -15.498 -15.684 -14.664 -14.058 -14.915 -15.803 -15.769 -15.548 -14.683
3.117896 -9.673 -6.813 -9.257 -11.314 -12.971 -14.123 -12.223 -11.616 -13.014 -14.167 -14.96 -15.471 -11.51 -13.436 -14.632 -15.19 -15.524 -13.678 -14.669 -15.219 -15.498 -15.685 -14.664 -14.058 -14.916 -15.804 -15.769 -15.549 -14.684
3.212194 -9.672 -6.812 -9.257 -11.314 -12.97 -14.123 -12.223 -11.615 -13.014 -14.167 -14.959 -15.471 -11.509 -13.435 -14.631 -15.189 -15.524 -13.677 -14.669 -15.218 -15.498 -15.684 -14.664 -14.058 -14.915 -15.803 -15.769 -15.548 -14.683
3.309345 -9.671 -6.811 -9.255 -11.313 -12.969 -14.122 -12.222 -11.614 -13.013 -14.165 -14.958 -15.47 -11.508 -13.434 -14.63 -15.188 -15.522 -13.676 -14.667 -15.217 -15.497 -15.683 -14.663 -14.057 -14.914 -15.802 -15.768 -15.547 -14.682
3.409434 -9.669 -6.809 -9.253 -11.311 -12.967 -14.119 -12.219 -11.612 -13.01 -14.163 -14.956 -15.467 -11.506 -13.432 -14.628 -15.186 -15.52 -13.674 -14.665 -15.215 -15.494 -15.681 -14.66 -14.054 -14.912 -15.8 -15.765 -15.545 -14.68
3.51255 -9.665 -6.805 -9.25 -11.307 -12.963 -14.116 -12.216 -11.609 -13.007 -14.16 -14.953 -15.464 -11.502 -13.428 -14.625 -15.183 -15.517 -13.671 -14.662 -15.211 -15.491 -15.678 -14.657 -14.051 -14.908 -15.797 -15.762 -15.541 -14.676
3.618785 -9.661 -6.801 -9.246 -11.303 -12.959 -14.112 -12.212 -11.604 -13.003 -14.156 -14.948 -15.46 -11.498 -13.424 -14.62 -15.178 -15.512 -13.666 -14.658 -15.207 -15.487 -15.673 -14.653 -14.047 -14.904 -15.792 -15.758 -15.537 -14.672
3.728232 -9.656 -6.796 -9.24 -11.298 -12.954 -14.106 -12.207 -11.599 -12.997 -14.15 -14.943 -15.454 -11.493 -13.419 -14.615 -15.173 -15.507 -13.661 -14.652 -15.202 -15.482 -15.668 -14.648 -14.041 -14.899 -15.787 -15.752 -15.532 -14.667
3.84099 -9.649 -6.789 -9.234 -11.291 -12.947 -14.1 -12.2 -11.592 -12.991 -14.144 -14.936 -15.448 -11.486 -13.412 -14.608 -15.166 -15.501 -13.654 -14.646 -15.195 -15.475 -15.661 -14.641 -14.035 -14.892 -15.78 -15.746 -15.525 -14.66
3.957158 -9.642 -6.782 -9.226 -11.283 -12.939 -14.092 -12.192 -11.585 -12.983 -14.136 -14.929 -15.44 -11.478 -13.405 -14.601 -15.159 -15.493 -13.647 -14.638 -15.187 -15.467 -15.654 -14.633 -14.027 -14.884 -15.773 -15.738 -15.517 -14.653
4.07684 -9.632 -6.773 -9.217 -11.274 -12.93 -14.083 -12.183 -11.576 -12.974 -14.127 -14.92 -15.431 -11.469 -13.395 -14.592 -15.15 -15.484 -13.638 -14.629 -15.178 -15.458 -15.645 -14.624 -14.018 -14.875 -15.764 -15.729 -15.508 -14.644
4.200141 -9.622 -6.762 -9.207 -11.264 -12.92 -14.073 -12.173 -11.565 -12.964 -14.117 -14.909 -15.421 -11.459 -13.385 -14.581 -15.139 -15.473 -13.627 -14.619 -15.168 -15.448 -15.634 -14.614 -14.008 -14.865 -15.753 -15.719 -15.498 -14.633
