web/models/kne/15/villar_0.0182_0.1083_1.0000.dat
# %ECSV 1.0
# ---
# datatype:
# - {name: time, datatype: float64}
# - {name: swift_uvot_uvw2, datatype: float64}
# - {name: swift_uvot_uvm2, datatype: float64}
# - {name: swift_uvot_uvw1, datatype: float64}
# - {name: swift_uvot_U, datatype: float64}
# - {name: swift_uvot_B, datatype: float64}
# - {name: swift_uvot_V, datatype: float64}
# - {name: swift_uvot_W, datatype: float64}
# - {name: johnson_U, datatype: float64}
# - {name: johnson_B, datatype: float64}
# - {name: johnson_V, datatype: float64}
# - {name: johnson_R, datatype: float64}
# - {name: johnson_I, datatype: float64}
# - {name: sdss_u, datatype: float64}
# - {name: sdss_g, datatype: float64}
# - {name: sdss_r, datatype: float64}
# - {name: sdss_i, datatype: float64}
# - {name: sdss_z, datatype: float64}
# - {name: PS1_g, datatype: float64}
# - {name: PS1_r, datatype: float64}
# - {name: PS1_i, datatype: float64}
# - {name: PS1_z, datatype: float64}
# - {name: PS1_Y, datatype: float64}
# - {name: PS1_w, datatype: float64}
# - {name: ATLAS_c, datatype: float64}
# - {name: ATLAS_o, datatype: float64}
# - {name: ukirt_J, datatype: float64}
# - {name: ukirt_H, datatype: float64}
# - {name: ukirt_K, datatype: float64}
# - {name: Clear, datatype: float64}
# meta: !!omap
# - comment: [kappa = 1.0, type = villar, mass = 0.018176879801416274, velocity = 0.10833333333333334, theta_obs = 0.0]
# schema: astropy-2.0
time swift_uvot_uvw2 swift_uvot_uvm2 swift_uvot_uvw1 swift_uvot_U swift_uvot_B swift_uvot_V swift_uvot_W johnson_U johnson_B johnson_V johnson_R johnson_I sdss_u sdss_g sdss_r sdss_i sdss_z PS1_g PS1_r PS1_i PS1_z PS1_Y PS1_w ATLAS_c ATLAS_o ukirt_J ukirt_H ukirt_K Clear
[from data line 360]
45.549345 296.55 301.765 325.0 335.566 323.738 315.75 298.818 333.523 321.452 313.701 305.344 300.357 334.837 319.683 310.835 305.315 300.85 295.284 295.489 295.467 295.052 293.306 306.553 313.105 306.288 295.123 291.623 288.997 293.52
46.926954 315.182 320.397 343.632 354.198 342.37 334.381 317.45 352.155 340.084 332.333 323.976 318.989 353.469 338.315 329.467 323.947 319.482 313.916 314.121 314.099 313.684 311.938 325.185 331.737 324.92 313.755 310.254 307.629 312.152
48.346227 334.958 340.173 363.408 373.974 362.146 354.157 337.226 371.931 359.86 352.109 343.752 338.765 373.245 358.091 349.243 343.723 339.258 333.692 333.897 333.875 333.46 331.714 344.961 351.513 344.696 333.531 330.03 327.405 331.928
49.808426 355.948 361.164 384.399 394.965 383.136 375.148 358.216 392.922 380.85 373.099 364.742 359.756 394.236 379.081 370.233 364.714 360.248 354.682 354.887 354.866 354.45 352.705 365.951 372.503 365.686 354.521 351.021 348.395 352.919
51.314848 378.227 383.443 406.678 417.244 405.415 397.427 380.496 415.201 403.13 395.378 387.022 382.035 416.515 401.36 392.512 386.993 382.527 376.962 377.166 377.145 376.73 374.984 388.231 394.782 387.965 376.801 373.3 370.674 375.198
52.86683 401.874 407.09 430.325 440.891 429.063 421.074 404.143 438.848 426.777 419.025 410.669 405.682 440.162 425.008 416.16 410.64 406.174 400.609 400.814 400.792 400.377 398.631 411.878 418.429 411.613 400.448 396.947 394.321 398.845
54.465752 426.974 432.189 455.424 465.99 454.162 446.173 429.242 463.947 451.876 444.125 435.768 430.781 465.261 450.107 441.259 435.739 431.274 425.708 425.913 425.891 425.476 423.73 436.977 443.529 436.712 425.547 422.046 419.421 423.944
56.113031 453.614 458.83 482.065 492.631 480.802 472.814 455.883 490.588 478.516 470.765 462.409 457.422 491.902 476.747 467.899 462.38 457.914 452.349 452.553 452.532 452.116 450.371 463.618 470.169 463.352 452.187 448.687 446.061 450.585
57.810132 481.89 487.106 510.341 520.907 509.078 501.09 484.159 518.864 506.793 499.041 490.685 485.698 520.178 505.023 496.176 490.656 486.19 480.625 480.83 480.808 480.393 478.647 491.894 498.445 491.628 480.464 476.963 474.337 478.861
59.55856 511.903 517.118 540.353 550.919 539.091 531.103 514.171 548.876 536.805 529.054 520.697 515.71 550.19 535.036 526.188 520.668 516.203 510.637 510.842 510.82 510.405 508.659 521.906 528.458 521.641 510.476 506.976 504.35 508.873
61.359868 543.758 548.974 572.209 582.775 570.946 562.958 546.027 580.732 568.66 560.909 552.553 547.566 582.046 566.891 558.043 552.524 548.058 542.493 542.697 542.676 542.261 540.515 553.762 560.313 553.496 542.332 538.831 536.205 540.729
63.215655 577.57 582.785 606.02 616.586 604.758 596.769 579.838 614.543 602.472 594.72 586.364 581.377 615.857 600.703 591.855 586.335 581.869 576.304 576.509 576.487 576.072 574.326 587.573 594.124 587.308 576.143 572.642 570.016 574.54
65.127569 613.457 618.673 641.908 652.474 640.645 632.657 615.725 650.43 638.359 630.608 622.251 617.265 651.745 636.59 627.742 622.222 617.757 612.191 612.396 612.375 611.959 610.214 623.46 630.012 623.195 612.03 608.53 605.904 610.428
67.097308 651.548 656.764 679.999 690.565 678.736 670.748 653.817 688.522 676.45 668.699 660.343 655.356 689.836 674.681 665.833 660.314 655.848 650.283 650.487 650.466 650.05 648.305 661.552 668.103 661.286 650.121 646.621 643.995 648.519
69.126621 691.978 697.194 720.429 730.995 719.166 711.178 694.247 728.952 716.88 709.129 700.773 695.786 730.266 715.111 706.263 700.744 696.278 690.713 690.917 690.896 690.481 688.735 701.982 708.533 701.716 690.552 687.051 684.425 688.949
71.217308 734.891 740.106 763.341 773.907 762.079 754.09 737.159 771.864 759.793 752.042 743.685 738.698 773.178 758.024 749.176 743.656 739.191 733.625 733.83 733.808 733.393 731.647 744.894 751.446 744.629 733.464 729.963 727.338 731.861
73.371227 780.438 785.654 nan nan nan nan 782.707 nan nan nan 789.745 784.253 nan nan nan 794.168 784.736 779.173 779.377 779.356 778.941 777.195 796.101 nan nan 779.012 775.511 772.885 777.409
75.59029 nan nan nan nan nan nan nan nan nan nan nan nan nan nan nan nan nan nan nan nan nan nan nan nan nan nan nan nan nan
77.876467 nan nan nan nan nan nan nan nan nan nan nan nan nan nan nan nan nan nan nan nan nan nan nan nan nan nan nan nan nan
80.231787 nan nan nan nan nan nan nan nan nan nan nan nan nan nan nan nan nan nan nan nan nan nan nan nan nan nan nan nan nan
82.658343 nan nan nan nan nan nan nan nan nan nan nan nan nan nan nan nan nan nan nan nan nan nan nan nan nan nan nan nan nan
85.158288 nan nan nan nan nan nan nan nan nan nan nan nan nan nan nan nan nan nan nan nan nan nan nan nan nan nan nan nan nan
87.733843 nan nan nan nan nan nan nan nan nan nan nan nan nan nan nan nan nan nan nan nan nan nan nan nan nan nan nan nan nan
90.387293 nan nan nan nan nan nan nan nan nan nan nan nan nan nan nan nan nan nan nan nan nan nan nan nan nan nan nan nan nan
93.120995 nan nan nan nan nan nan nan nan nan nan nan nan nan nan nan nan nan nan nan nan nan nan nan nan nan nan nan nan nan
95.937376 nan nan nan nan nan nan nan nan nan nan nan nan nan nan nan nan nan nan nan nan nan nan nan nan nan nan nan nan nan
98.838937 nan nan nan nan nan nan nan nan nan nan nan nan nan nan nan nan nan nan nan nan nan nan nan nan nan nan nan nan nan
101.828253 nan nan nan nan nan nan nan nan nan nan nan nan nan nan nan nan nan nan nan nan nan nan nan nan nan nan nan nan nan
104.907979 nan nan nan nan nan nan nan nan nan nan nan nan nan nan nan nan nan nan nan nan nan nan nan nan nan nan nan nan nan
108.080849 nan nan nan nan nan nan nan nan nan nan nan nan nan nan nan nan nan nan nan nan nan nan nan nan nan nan nan nan nan
111.349681 nan nan nan nan nan nan nan nan nan nan nan nan nan nan nan nan nan nan nan nan nan nan nan nan nan nan nan nan nan
114.717376 nan nan nan nan nan nan nan nan nan nan nan nan nan nan nan nan nan nan nan nan nan nan nan nan nan nan nan nan nan
118.186925 nan nan nan nan nan nan nan nan nan nan nan nan nan nan nan nan nan nan nan nan nan nan nan nan nan nan nan nan nan
121.761408 nan nan nan nan nan nan nan nan nan nan nan nan nan nan nan nan nan nan nan nan nan nan nan nan nan nan nan nan nan
125.443999 nan nan nan nan nan nan nan nan nan nan nan nan nan nan nan nan nan nan nan nan nan nan nan nan nan nan nan nan nan
129.237967 nan nan nan nan nan nan nan nan nan nan nan nan nan nan nan nan nan nan nan nan nan nan nan nan nan nan nan nan nan
133.146681 nan nan nan nan nan nan nan nan nan nan nan nan nan nan nan nan nan nan nan nan nan nan nan nan nan nan nan nan nan
137.173612 nan nan nan nan nan nan nan nan nan nan nan nan nan nan nan nan nan nan nan nan nan nan nan nan nan nan nan nan nan
141.322334 nan nan nan nan nan nan nan nan nan nan nan nan nan nan nan nan nan nan nan nan nan nan nan nan nan nan nan nan nan
145.596532 nan nan nan nan nan nan nan nan nan nan nan nan nan nan nan nan nan nan nan nan nan nan nan nan nan nan nan nan nan
150.0 nan nan nan nan nan nan nan nan nan nan nan nan nan nan nan nan nan nan nan nan nan nan nan nan nan nan nan nan nan
