web/models/kne/15/villar_0.3304_0.1867_10.0000.dat
# %ECSV 1.0
# ---
# datatype:
# - {name: time, datatype: float64}
# - {name: swift_uvot_uvw2, datatype: float64}
# - {name: swift_uvot_uvm2, datatype: float64}
# - {name: swift_uvot_uvw1, datatype: float64}
# - {name: swift_uvot_U, datatype: float64}
# - {name: swift_uvot_B, datatype: float64}
# - {name: swift_uvot_V, datatype: float64}
# - {name: swift_uvot_W, datatype: float64}
# - {name: johnson_U, datatype: float64}
# - {name: johnson_B, datatype: float64}
# - {name: johnson_V, datatype: float64}
# - {name: johnson_R, datatype: float64}
# - {name: johnson_I, datatype: float64}
# - {name: sdss_u, datatype: float64}
# - {name: sdss_g, datatype: float64}
# - {name: sdss_r, datatype: float64}
# - {name: sdss_i, datatype: float64}
# - {name: sdss_z, datatype: float64}
# - {name: PS1_g, datatype: float64}
# - {name: PS1_r, datatype: float64}
# - {name: PS1_i, datatype: float64}
# - {name: PS1_z, datatype: float64}
# - {name: PS1_Y, datatype: float64}
# - {name: PS1_w, datatype: float64}
# - {name: ATLAS_c, datatype: float64}
# - {name: ATLAS_o, datatype: float64}
# - {name: ukirt_J, datatype: float64}
# - {name: ukirt_H, datatype: float64}
# - {name: ukirt_K, datatype: float64}
# - {name: Clear, datatype: float64}
# meta: !!omap
# - comment: [kappa = 10.0, type = villar, mass = 0.33039895931513485, velocity = 0.1866666666666667, theta_obs = 0.0]
# schema: astropy-2.0
time swift_uvot_uvw2 swift_uvot_uvm2 swift_uvot_uvw1 swift_uvot_U swift_uvot_B swift_uvot_V swift_uvot_W johnson_U johnson_B johnson_V johnson_R johnson_I sdss_u sdss_g sdss_r sdss_i sdss_z PS1_g PS1_r PS1_i PS1_z PS1_Y PS1_w ATLAS_c ATLAS_o ukirt_J ukirt_H ukirt_K Clear
[from data line 148]
0.082253 -12.393 -12.527 -12.612 -12.706 -12.6 -12.406 -12.55 -12.697 -12.597 -12.397 -12.136 -11.8 -12.701 -12.542 -12.262 -12.01 -11.75 -12.531 -12.275 -12.024 -11.833 -11.753 -12.277 -12.434 -12.156 -11.189 -10.704 -10.124 -12.313
0.084741 -12.411 -12.549 -12.639 -12.742 -12.64 -12.449 -12.58 -12.733 -12.637 -12.441 -12.182 -11.848 -12.737 -12.583 -12.307 -12.057 -11.798 -12.572 -12.32 -12.07 -11.881 -11.8 -12.321 -12.477 -12.202 -11.239 -10.755 -10.176 -12.356
0.087304 -12.429 -12.571 -12.666 -12.777 -12.68 -12.493 -12.61 -12.769 -12.677 -12.484 -12.228 -11.896 -12.773 -12.624 -12.352 -12.103 -11.846 -12.614 -12.364 -12.117 -11.928 -11.847 -12.365 -12.52 -12.248 -11.289 -10.806 -10.228 -12.4
0.089944 -12.446 -12.593 -12.692 -12.812 -12.72 -12.536 -12.64 -12.805 -12.717 -12.528 -12.274 -11.943 -12.809 -12.665 -12.396 -12.15 -11.894 -12.655 -12.409 -12.163 -11.975 -11.894 -12.409 -12.562 -12.293 -11.339 -10.857 -10.28 -12.443
0.092665 -12.463 -12.615 -12.718 -12.847 -12.76 -12.579 -12.67 -12.841 -12.757 -12.571 -12.319 -11.991 -12.845 -12.706 -12.441 -12.197 -11.942 -12.696 -12.453 -12.21 -12.023 -11.942 -12.453 -12.605 -12.339 -11.389 -10.908 -10.332 -12.486
0.095467 -12.48 -12.636 -12.744 -12.882 -12.799 -12.622 -12.699 -12.876 -12.796 -12.614 -12.365 -12.039 -12.88 -12.747 -12.486 -12.243 -11.99 -12.737 -12.498 -12.256 -12.07 -11.989 -12.497 -12.647 -12.384 -11.439 -10.96 -10.384 -12.529
0.098355 -12.496 -12.656 -12.769 -12.916 -12.838 -12.665 -12.729 -12.912 -12.835 -12.657 -12.41 -12.086 -12.915 -12.787 -12.53 -12.29 -12.038 -12.778 -12.542 -12.302 -12.117 -12.036 -12.54 -12.689 -12.429 -11.489 -11.011 -10.436 -12.572
0.101329 -12.512 -12.676 -12.794 -12.951 -12.877 -12.707 -12.758 -12.946 -12.874 -12.7 -12.455 -12.134 -12.95 -12.827 -12.574 -12.336 -12.086 -12.819 -12.586 -12.348 -12.164 -12.082 -12.584 -12.731 -12.474 -11.539 -11.062 -10.488 -12.615
0.104394 -12.527 -12.696 -12.818 -12.984 -12.916 -12.75 -12.786 -12.981 -12.913 -12.742 -12.501 -12.181 -12.985 -12.868 -12.618 -12.382 -12.134 -12.859 -12.63 -12.394 -12.211 -12.129 -12.627 -12.773 -12.519 -11.589 -11.113 -10.54 -12.657
0.107551 -12.542 -12.715 -12.843 -13.018 -12.955 -12.792 -12.815 -13.016 -12.952 -12.785 -12.546 -12.228 -13.019 -12.907 -12.662 -12.428 -12.181 -12.9 -12.674 -12.44 -12.258 -12.176 -12.67 -12.814 -12.564 -11.639 -11.163 -10.592 -12.7
0.110804 -12.556 -12.734 -12.866 -13.051 -12.993 -12.834 -12.843 -13.05 -12.99 -12.827 -12.59 -12.276 -13.053 -12.947 -12.706 -12.474 -12.229 -12.94 -12.718 -12.486 -12.305 -12.223 -12.713 -12.856 -12.609 -11.688 -11.214 -10.644 -12.742
0.114155 -12.57 -12.752 -12.89 -13.084 -13.031 -12.876 -12.871 -13.084 -13.028 -12.869 -12.635 -12.323 -13.087 -12.987 -12.75 -12.52 -12.276 -12.98 -12.761 -12.532 -12.352 -12.27 -12.756 -12.897 -12.653 -11.738 -11.265 -10.695 -12.784
0.117608 -12.584 -12.77 -12.913 -13.117 -13.069 -12.918 -12.899 -13.118 -13.066 -12.911 -12.68 -12.37 -13.12 -13.026 -12.794 -12.566 -12.324 -13.019 -12.805 -12.577 -12.398 -12.316 -12.799 -12.938 -12.698 -11.787 -11.316 -10.747 -12.826
0.121165 -12.597 -12.788 -12.936 -13.15 -13.107 -12.96 -12.926 -13.151 -13.104 -12.953 -12.724 -12.417 -13.154 -13.065 -12.837 -12.612 -12.371 -13.059 -12.848 -12.623 -12.445 -12.363 -12.842 -12.979 -12.742 -11.837 -11.367 -10.799 -12.868
0.124829 -12.609 -12.805 -12.958 -13.182 -13.145 -13.002 -12.954 -13.184 -13.142 -12.994 -12.769 -12.463 -13.187 -13.104 -12.88 -12.657 -12.418 -13.098 -12.891 -12.668 -12.491 -12.409 -12.884 -13.02 -12.787 -11.886 -11.417 -10.851 -12.91
0.128605 -12.621 -12.822 -12.98 -13.214 -13.182 -13.043 -12.981 -13.217 -13.179 -13.036 -12.813 -12.51 -13.219 -13.143 -12.924 -12.703 -12.465 -13.138 -12.934 -12.714 -12.538 -12.456 -12.927 -13.061 -12.831 -11.936 -11.468 -10.902 -12.951
0.132494 -12.633 -12.838 -13.002 -13.246 -13.219 -13.084 -13.008 -13.25 -13.216 -13.077 -12.857 -12.557 -13.252 -13.182 -12.967 -12.748 -12.512 -13.177 -12.977 -12.759 -12.584 -12.502 -12.969 -13.101 -12.875 -11.985 -11.519 -10.954 -12.993
0.136502 -12.644 -12.853 -13.023 -13.277 -13.256 -13.125 -13.034 -13.282 -13.253 -13.118 -12.901 -12.603 -13.284 -13.22 -13.01 -12.793 -12.559 -13.216 -13.02 -12.804 -12.63 -12.548 -13.011 -13.141 -12.918 -12.034 -11.569 -11.005 -13.034
0.14063 -12.655 -12.869 -13.044 -13.308 -13.293 -13.166 -13.06 -13.314 -13.29 -13.159 -12.945 -12.65 -13.316 -13.258 -13.052 -12.838 -12.606 -13.254 -13.063 -12.849 -12.677 -12.595 -13.053 -13.181 -12.962 -12.084 -11.62 -11.057 -13.075
0.144883 -12.665 -12.883 -13.064 -13.339 -13.329 -13.207 -13.086 -13.346 -13.327 -13.2 -12.989 -12.696 -13.347 -13.296 -13.095 -12.883 -12.653 -13.293 -13.105 -12.894 -12.723 -12.641 -13.094 -13.221 -13.006 -12.133 -11.67 -11.108 -13.116
0.149265 -12.675 -12.898 -13.084 -13.369 -13.365 -13.248 -13.112 -13.377 -13.363 -13.241 -13.033 -12.742 -13.379 -13.334 -13.137 -12.928 -12.699 -13.331 -13.147 -12.938 -12.769 -12.687 -13.136 -13.261 -13.049 -12.182 -11.72 -11.16 -13.157
0.15378 -12.684 -12.911 -13.104 -13.399 -13.401 -13.288 -13.138 -13.408 -13.399 -13.281 -13.076 -12.788 -13.41 -13.371 -13.18 -12.973 -12.746 -13.369 -13.19 -12.983 -12.814 -12.733 -13.178 -13.301 -13.092 -12.231 -11.771 -11.211 -13.197
0.15843 -12.693 -12.924 -13.123 -13.429 -13.437 -13.328 -13.163 -13.439 -13.435 -13.321 -13.119 -12.834 -13.44 -13.409 -13.222 -13.018 -12.792 -13.407 -13.232 -13.027 -12.86 -12.779 -13.219 -13.34 -13.136 -12.28 -11.821 -11.263 -13.238
0.163222 -12.701 -12.937 -13.142 -13.459 -13.473 -13.368 -13.188 -13.47 -13.47 -13.361 -13.163 -12.88 -13.471 -13.446 -13.264 -13.062 -12.838 -13.444 -13.274 -13.072 -12.906 -12.825 -13.26 -13.379 -13.179 -12.328 -11.871 -11.314 -13.278
0.168159 -12.709 -12.949 -13.16 -13.488 -13.508 -13.408 -13.213 -13.5 -13.505 -13.401 -13.206 -12.926 -13.501 -13.482 -13.306 -13.106 -12.885 -13.482 -13.315 -13.116 -12.951 -12.871 -13.301 -13.418 -13.221 -12.377 -11.921 -11.365 -13.318
0.173245 -12.716 -12.961 -13.178 -13.517 -13.543 -13.447 -13.238 -13.53 -13.54 -13.441 -13.249 -12.972 -13.53 -13.519 -13.347 -13.151 -12.931 -13.519 -13.357 -13.16 -12.997 -12.916 -13.342 -13.457 -13.264 -12.426 -11.971 -11.417 -13.358
0.178484 -12.723 -12.972 -13.196 -13.545 -13.578 -13.487 -13.262 -13.56 -13.575 -13.48 -13.291 -13.017 -13.56 -13.555 -13.389 -13.195 -12.977 -13.556 -13.398 -13.204 -13.042 -12.962 -13.382 -13.495 -13.307 -12.475 -12.021 -11.468 -13.398
0.183882 -12.729 -12.983 -13.213 -13.574 -13.612 -13.526 -13.286 -13.589 -13.61 -13.52 -13.334 -13.063 -13.589 -13.592 -13.43 -13.239 -13.022 -13.593 -13.439 -13.248 -13.088 -13.008 -13.423 -13.534 -13.349 -12.523 -12.071 -11.519 -13.438
0.189444 -12.735 -12.993 -13.23 -13.601 -13.646 -13.565 -13.31 -13.618 -13.644 -13.559 -13.376 -13.108 -13.618 -13.628 -13.471 -13.283 -13.068 -13.629 -13.48 -13.292 -13.133 -13.053 -13.463 -13.572 -13.391 -12.572 -12.121 -11.57 -13.477
0.195173 -12.74 -13.003 -13.246 -13.629 -13.68 -13.604 -13.333 -13.647 -13.678 -13.598 -13.419 -13.153 -13.646 -13.663 -13.512 -13.326 -13.114 -13.665 -13.521 -13.335 -13.178 -13.098 -13.503 -13.61 -13.434 -12.62 -12.171 -11.621 -13.516
0.201076 -12.744 -13.012 -13.262 -13.656 -13.714 -13.643 -13.356 -13.675 -13.712 -13.636 -13.461 -13.199 -13.674 -13.699 -13.553 -13.37 -13.159 -13.702 -13.562 -13.379 -13.223 -13.144 -13.543 -13.647 -13.475 -12.668 -12.221 -11.672 -13.555
0.207158 -12.748 -13.02 -13.277 -13.683 -13.748 -13.681 -13.379 -13.703 -13.745 -13.675 -13.503 -13.244 -13.702 -13.734 -13.594 -13.413 -13.205 -13.737 -13.603 -13.422 -13.267 -13.189 -13.583 -13.685 -13.517 -12.717 -12.271 -11.723 -13.594
0.213423 -12.752 -13.028 -13.292 -13.709 -13.781 -13.719 -13.402 -13.731 -13.779 -13.713 -13.545 -13.288 -13.729 -13.769 -13.634 -13.457 -13.25 -13.773 -13.643 -13.465 -13.312 -13.234 -13.622 -13.722 -13.559 -12.765 -12.321 -11.774 -13.633
0.219878 -12.755 -13.035 -13.306 -13.736 -13.814 -13.757 -13.424 -13.758 -13.812 -13.751 -13.586 -13.333 -13.756 -13.804 -13.674 -13.5 -13.295 -13.808 -13.683 -13.508 -13.357 -13.279 -13.662 -13.759 -13.6 -12.813 -12.37 -11.825 -13.671
0.226528 -12.757 -13.042 -13.32 -13.761 -13.846 -13.795 -13.447 -13.785 -13.844 -13.789 -13.628 -13.378 -13.783 -13.838 -13.715 -13.543 -13.34 -13.843 -13.723 -13.551 -13.401 -13.324 -13.701 -13.796 -13.642 -12.861 -12.42 -11.876 -13.71
0.233379 -12.759 -13.048 -13.333 -13.787 -13.879 -13.832 -13.468 -13.812 -13.877 -13.827 -13.669 -13.422 -13.809 -13.872 -13.754 -13.586 -13.385 -13.878 -13.763 -13.594 -13.446 -13.369 -13.74 -13.833 -13.683 -12.909 -12.469 -11.927 -13.748
0.240437 -12.76 -13.054 -13.346 -13.812 -13.911 -13.87 -13.49 -13.838 -13.909 -13.864 -13.71 -13.467 -13.835 -13.906 -13.794 -13.628 -13.43 -13.913 -13.803 -13.636 -13.49 -13.414 -13.778 -13.869 -13.724 -12.957 -12.519 -11.977 -13.786
0.247709 -12.761 -13.058 -13.359 -13.836 -13.942 -13.907 -13.511 -13.864 -13.94 -13.902 -13.751 -13.511 -13.861 -13.94 -13.834 -13.671 -13.475 -13.947 -13.842 -13.679 -13.534 -13.458 -13.817 -13.905 -13.764 -13.004 -12.568 -12.028 -13.823
0.255201 -12.761 -13.063 -13.371 -13.86 -13.974 -13.944 -13.532 -13.889 -13.972 -13.939 -13.792 -13.555 -13.886 -13.973 -13.873 -13.713 -13.519 -13.981 -13.881 -13.721 -13.578 -13.503 -13.855 -13.941 -13.805 -13.052 -12.617 -12.079 -13.861
0.262919 -12.761 -13.066 -13.382 -13.884 -14.005 -13.98 -13.553 -13.914 -14.003 -13.975 -13.833 -13.599 -13.911 -14.006 -13.912 -13.755 -13.564 -14.015 -13.92 -13.763 -13.622 -13.547 -13.894 -13.977 -13.845 -13.1 -12.667 -12.129 -13.898
0.270871 -12.759 -13.07 -13.393 -13.908 -14.036 -14.017 -13.574 -13.939 -14.034 -14.012 -13.873 -13.643 -13.935 -14.039 -13.951 -13.797 -13.608 -14.049 -13.959 -13.805 -13.665 -13.592 -13.932 -14.012 -13.886 -13.147 -12.716 -12.18 -13.935
0.279064 -12.758 -13.072 -13.404 -13.931 -14.066 -14.053 -13.594 -13.963 -14.065 -14.048 -13.914 -13.687 -13.96 -14.072 -13.99 -13.839 -13.652 -14.082 -13.998 -13.847 -13.709 -13.636 -13.969 -14.048 -13.926 -13.194 -12.765 -12.231 -13.972
0.287504 -12.756 -13.074 -13.414 -13.953 -14.096 -14.089 -13.614 -13.987 -14.095 -14.084 -13.954 -13.73 -13.983 -14.104 -14.028 -13.881 -13.696 -14.115 -14.036 -13.889 -13.753 -13.68 -14.007 -14.083 -13.966 -13.242 -12.814 -12.281 -14.009
0.296199 -12.753 -13.075 -13.423 -13.975 -14.126 -14.125 -13.634 -14.011 -14.125 -14.12 -13.994 -13.774 -14.006 -14.136 -14.067 -13.923 -13.74 -14.148 -14.075 -13.93 -13.796 -13.724 -14.044 -14.117 -14.005 -13.289 -12.863 -12.331 -14.045
0.305157 -12.749 -13.076 -13.432 -13.997 -14.156 -14.16 -13.653 -14.034 -14.154 -14.155 -14.033 -13.817 -14.029 -14.167 -14.105 -13.964 -13.784 -14.18 -14.113 -13.972 -13.839 -13.768 -14.082 -14.152 -14.045 -13.336 -12.912 -12.382 -14.082
0.314387 -12.745 -13.075 -13.44 -14.019 -14.185 -14.195 -13.672 -14.057 -14.184 -14.191 -14.073 -13.86 -14.052 -14.199 -14.142 -14.005 -13.828 -14.212 -14.15 -14.013 -13.882 -13.812 -14.118 -14.186 -14.084 -13.383 -12.961 -12.432 -14.118
0.323895 -12.741 -13.075 -13.448 -14.039 -14.214 -14.23 -13.691 -14.079 -14.213 -14.226 -14.112 -13.903 -14.074 -14.23 -14.18 -14.046 -13.871 -14.244 -14.188 -14.054 -13.925 -13.856 -14.155 -14.22 -14.123 -13.43 -13.01 -12.482 -14.153
0.333691 -12.735 -13.073 -13.455 -14.06 -14.242 -14.265 -13.709 -14.101 -14.241 -14.261 -14.151 -13.946 -14.095 -14.261 -14.217 -14.087 -13.914 -14.276 -14.225 -14.095 -13.968 -13.899 -14.192 -14.253 -14.162 -13.477 -13.058 -12.533 -14.189
0.343783 -12.729 -13.071 -13.462 -14.08 -14.271 -14.299 -13.727 -14.122 -14.27 -14.295 -14.19 -13.988 -14.116 -14.291 -14.255 -14.128 -13.958 -14.307 -14.263 -14.135 -14.01 -13.943 -14.228 -14.287 -14.2 -13.524 -13.107 -12.583 -14.224
0.354181 -12.723 -13.068 -13.468 -14.099 -14.298 -14.333 -13.745 -14.143 -14.297 -14.329 -14.229 -14.031 -14.137 -14.321 -14.292 -14.168 -14.001 -14.338 -14.299 -14.176 -14.053 -13.986 -14.264 -14.32 -14.239 -13.57 -13.155 -12.633 -14.259
0.364893 -12.715 -13.064 -13.474 -14.118 -14.326 -14.367 -13.763 -14.164 -14.325 -14.363 -14.268 -14.073 -14.157 -14.351 -14.328 -14.209 -14.044 -14.369 -14.336 -14.216 -14.095 -14.029 -14.3 -14.353 -14.277 -13.617 -13.204 -12.683 -14.294
0.375929 -12.708 -13.06 -13.478 -14.137 -14.353 -14.401 -13.78 -14.184 -14.352 -14.397 -14.306 -14.116 -14.177 -14.38 -14.365 -14.249 -14.086 -14.399 -14.373 -14.256 -14.137 -14.072 -14.335 -14.385 -14.315 -13.663 -13.252 -12.733 -14.329
0.387298 -12.699 -13.055 -13.483 -14.155 -14.38 -14.434 -13.797 -14.203 -14.379 -14.43 -14.344 -14.158 -14.196 -14.409 -14.401 -14.289 -14.129 -14.429 -14.409 -14.296 -14.179 -14.115 -14.371 -14.417 -14.353 -13.709 -13.3 -12.783 -14.363
0.399012 -12.69 -13.049 -13.487 -14.173 -14.406 -14.467 -13.813 -14.223 -14.406 -14.463 -14.382 -14.199 -14.215 -14.438 -14.437 -14.328 -14.171 -14.459 -14.445 -14.336 -14.221 -14.158 -14.406 -14.449 -14.39 -13.756 -13.349 -12.833 -14.398
0.41108 -12.68 -13.042 -13.49 -14.19 -14.432 -14.499 -13.83 -14.241 -14.432 -14.496 -14.419 -14.241 -14.233 -14.466 -14.473 -14.368 -14.214 -14.488 -14.48 -14.375 -14.263 -14.201 -14.44 -14.481 -14.428 -13.802 -13.397 -12.882 -14.431
0.423513 -12.67 -13.035 -13.492 -14.207 -14.458 -14.532 -13.846 -14.259 -14.457 -14.529 -14.457 -14.283 -14.251 -14.494 -14.508 -14.407 -14.256 -14.517 -14.516 -14.415 -14.304 -14.243 -14.475 -14.512 -14.465 -13.848 -13.445 -12.932 -14.465
0.436321 -12.659 -13.027 -13.494 -14.223 -14.483 -14.564 -13.861 -14.277 -14.483 -14.561 -14.494 -14.324 -14.268 -14.522 -14.543 -14.446 -14.297 -14.546 -14.551 -14.454 -14.345 -14.285 -14.509 -14.543 -14.502 -13.894 -13.493 -12.982 -14.499
0.449518 -12.647 -13.018 -13.496 -14.238 -14.508 -14.596 -13.877 -14.294 -14.507 -14.593 -14.531 -14.365 -14.285 -14.55 -14.578 -14.485 -14.339 -14.574 -14.586 -14.493 -14.387 -14.328 -14.543 -14.574 -14.538 -13.939 -13.541 -13.031 -14.532
0.463113 -12.634 -13.008 -13.496 -14.253 -14.532 -14.627 -13.892 -14.311 -14.532 -14.625 -14.568 -14.406 -14.301 -14.576 -14.613 -14.524 -14.381 -14.602 -14.621 -14.531 -14.428 -14.37 -14.577 -14.604 -14.575 -13.985 -13.588 -13.081 -14.565
0.47712 -12.621 -12.998 -13.496 -14.268 -14.556 -14.658 -13.906 -14.327 -14.556 -14.656 -14.604 -14.447 -14.317 -14.603 -14.647 -14.562 -14.422 -14.63 -14.655 -14.57 -14.468 -14.412 -14.611 -14.634 -14.611 -14.03 -13.636 -13.13 -14.597
0.49155 -12.607 -12.987 -13.496 -14.282 -14.58 -14.689 -13.921 -14.343 -14.58 -14.687 -14.64 -14.488 -14.332 -14.629 -14.681 -14.6 -14.463 -14.657 -14.689 -14.608 -14.509 -14.453 -14.644 -14.664 -14.647 -14.076 -13.684 -13.18 -14.629
0.506416 -12.593 -12.974 -13.494 -14.295 -14.603 -14.719 -13.935 -14.358 -14.603 -14.717 -14.676 -14.528 -14.347 -14.655 -14.715 -14.638 -14.504 -14.684 -14.723 -14.646 -14.549 -14.495 -14.677 -14.693 -14.682 -14.121 -13.731 -13.229 -14.662
0.521733 -12.578 -12.962 -13.493 -14.308 -14.625 -14.749 -13.948 -14.373 -14.626 -14.748 -14.712 -14.568 -14.361 -14.68 -14.749 -14.676 -14.545 -14.71 -14.756 -14.684 -14.59 -14.537 -14.71 -14.722 -14.718 -14.166 -13.779 -13.278 -14.693
0.537512 -12.562 -12.948 -13.49 -14.321 -14.648 -14.779 -13.962 -14.387 -14.648 -14.778 -14.747 -14.608 -14.375 -14.705 -14.782 -14.714 -14.586 -14.736 -14.79 -14.721 -14.63 -14.578 -14.742 -14.751 -14.753 -14.211 -13.826 -13.327 -14.725
0.553769 -12.545 -12.933 -13.487 -14.332 -14.669 -14.809 -13.975 -14.4 -14.67 -14.807 -14.783 -14.648 -14.388 -14.73 -14.815 -14.751 -14.626 -14.762 -14.823 -14.759 -14.669 -14.619 -14.774 -14.779 -14.788 -14.256 -13.873 -13.376 -14.756
0.570517 -12.528 -12.917 -13.483 -14.344 -14.691 -14.838 -13.987 -14.413 -14.692 -14.837 -14.817 -14.688 -14.401 -14.754 -14.847 -14.788 -14.667 -14.787 -14.855 -14.796 -14.709 -14.66 -14.806 -14.807 -14.822 -14.301 -13.92 -13.425 -14.787
