web/models/kne/11/Metzger_0.111556_0.046207_0.100000.dat
# %ECSV 0.9
# ---
# datatype:
# - {name: time, datatype: float64}
# - {name: sdss_u, datatype: float64}
# - {name: sdss_g, datatype: float64}
# - {name: sdss_r, datatype: float64}
# - {name: sdss_i, datatype: float64}
# - {name: sdss_z, datatype: float64}
# - {name: PS1_y, datatype: float64}
# - {name: ukirt_J, datatype: float64}
# - {name: ukirt_H, datatype: float64}
# - {name: ukirt_K, datatype: float64}
# - {name: johnson_U, datatype: float64}
# - {name: johnson_B, datatype: float64}
# - {name: johnson_V, datatype: float64}
# - {name: johnson_R, datatype: float64}
# - {name: johnson_I, datatype: float64}
# - {name: Clear, datatype: float64}
# meta: !!omap
# - comment: [vej = 0.046206896551724136, mej = 0.11155639876849505, Ye = 0.1, redshift = 0.0]
# schema: astropy-2.0
time sdss_u sdss_g sdss_r sdss_i sdss_z PS1_y ukirt_J ukirt_H ukirt_K johnson_U johnson_B johnson_V johnson_R johnson_I Clear
[from data line 1914]
95.800000 113.498425 77.967371 55.604012 41.453662 32.855869 27.496193 16.709795 7.252864 1.164636 109.229370 87.852055 64.976609 52.892333 31.992006 54.711689
95.850000 113.575170 78.024015 55.647895 41.489395 32.886606 27.523793 16.731004 7.268333 1.176283 109.303709 87.914309 65.025855 52.934659 32.022239 54.755059
95.900000 113.651908 78.080654 55.691773 41.525124 32.917340 27.551390 16.752211 7.283801 1.187929 109.378039 87.976556 65.075095 52.976981 32.052468 54.798426
95.950000 113.728637 78.137287 55.735647 41.560849 32.948071 27.578985 16.773416 7.299267 1.199575 109.452362 88.038797 65.124331 53.019299 32.082695 54.841788
96.000000 113.805358 78.193914 55.779516 41.596571 32.978799 27.606577 16.794619 7.314732 1.211219 109.526677 88.101032 65.173561 53.061613 32.112919 54.885145
96.050000 113.882071 78.250536 55.823381 41.632289 33.009524 27.634166 16.815820 7.330196 1.222863 109.600984 88.163260 65.222786 53.103922 32.143140 54.928499
96.100000 113.958776 78.307151 55.867241 41.668004 33.040246 27.661752 16.837020 7.345659 1.234506 109.675283 88.225481 65.272007 53.146227 32.173358 54.971847
96.150000 114.035472 78.363760 55.911097 41.703715 33.070965 27.689336 16.858217 7.361120 1.246148 109.749574 88.287696 65.321222 53.188528 32.203573 55.015192
96.200000 114.112161 78.420364 55.954948 41.739423 33.101681 27.716918 16.879413 7.376580 1.257789 109.823857 88.349904 65.370432 53.230824 32.233785 55.058532
96.250000 114.188841 78.476962 55.998795 41.775127 33.132394 27.744496 16.900606 7.392039 1.269430 109.898133 88.412106 65.419637 53.273116 32.263994 55.101867
96.300000 114.265513 78.533553 56.042638 41.810827 33.163104 27.772072 16.921798 7.407496 1.281069 109.972400 88.474301 65.468837 53.315404 32.294200 55.145198
96.350000 114.342177 78.590139 56.086476 41.846524 33.193811 27.799646 16.942988 7.422952 1.292708 110.046660 88.536490 65.518032 53.357687 32.324404 55.188525
96.400000 114.418833 78.646719 56.130309 41.882218 33.224515 27.827216 16.964176 7.438407 1.304346 110.120912 88.598672 65.567222 53.399966 32.354604 55.231847
96.450000 114.495481 78.703293 56.174139 41.917908 33.255216 27.854784 16.985362 7.453860 1.315982 110.195156 88.660848 65.616407 53.442241 32.384801 55.275165
96.500000 114.572120 78.759861 56.217963 41.953594 33.285914 27.882350 17.006546 7.469313 1.327619 110.269391 88.723017 65.665586 53.484512 32.414996 55.318479
96.550000 114.648751 78.816423 56.261783 41.989277 33.316609 27.909913 17.027728 7.484764 1.339254 110.343619 88.785179 65.714761 53.526778 32.445187 55.361788
96.600000 114.725375 78.872979 56.305599 42.024956 33.347301 27.937473 17.048908 7.500213 1.350888 110.417840 88.847335 65.763931 53.569040 32.475376 55.405092
96.650000 114.801990 78.929530 56.349410 42.060632 33.377990 27.965030 17.070086 7.515662 1.362522 110.492052 88.909485 65.813095 53.611298 32.505562 55.448393
96.700000 114.878596 78.986074 56.393217 42.096304 33.408676 27.992585 17.091262 7.531109 1.374154 110.566256 88.971628 65.862254 53.653551 32.535744 55.491688
96.750000 114.955195 79.042613 56.437019 42.131972 33.439359 28.020137 17.112437 7.546555 1.385786 110.640452 89.033764 65.911409 53.695800 32.565924 55.534980
96.800000 115.031785 79.099145 56.480816 42.167637 33.470039 28.047687 17.133609 7.561999 1.397417 110.714641 89.095894 65.960558 53.738045 32.596101 55.578267
96.850000 115.108367 79.155672 56.524610 42.203298 33.500716 28.075234 17.154779 7.577443 1.409047 110.788821 89.158017 66.009702 53.780285 32.626275 55.621549
96.900000 115.184941 79.212192 56.568398 42.238956 33.531390 28.102778 17.175948 7.592885 1.420677 110.862994 89.220134 66.058841 53.822521 32.656446 55.664827
96.950000 115.261507 79.268707 56.612183 42.274610 33.562061 28.130319 17.197114 7.608325 1.432305 110.937159 89.282244 66.107975 53.864753 32.686613 55.708101
97.000000 115.338065 79.325216 56.655962 42.310261 33.592729 28.157858 17.218279 7.623765 1.443932 111.011315 89.344347 66.157103 53.906980 32.716778 55.751370
97.050000 115.414614 79.381719 56.699738 42.345908 33.623394 28.185394 17.239442 7.639203 1.455559 111.085464 89.406444 66.206227 53.949203 32.746940 55.794635
97.100000 115.491155 79.438216 56.743508 42.381551 33.654056 28.212928 17.260603 7.654639 1.467185 111.159605 89.468535 66.255346 53.991422 32.777100 55.837895
97.150000 115.567688 79.494707 56.787274 42.417191 33.684715 28.240459 17.281761 7.670075 1.478810 111.233738 89.530619 66.304459 54.033637 32.807256 55.881151
97.200000 115.644213 79.551192 56.831036 42.452828 33.715371 28.267987 17.302918 7.685509 1.490434 111.307863 89.592696 66.353567 54.075847 32.837409 55.924402
97.250000 115.720730 79.607671 56.874793 42.488460 33.746024 28.295513 17.324073 7.700942 1.502057 111.381980 89.654767 66.402671 54.118053 32.867559 55.967649
97.300000 115.797238 79.664144 56.918546 42.524089 33.776674 28.323036 17.345226 7.716374 1.513679 111.456089 89.716831 66.451769 54.160254 32.897706 56.010892
97.350000 115.873739 79.720612 56.962294 42.559715 33.807321 28.350556 17.366377 7.731804 1.525301 111.530191 89.778888 66.500862 54.202451 32.927850 56.054130
97.400000 115.950231 79.777073 57.006038 42.595337 33.837964 28.378074 17.387526 7.747233 1.536921 111.604284 89.840939 66.549950 54.244644 32.957992 56.097363
97.450000 116.026714 79.833529 57.049777 42.630955 33.868605 28.405588 17.408673 7.762661 1.548541 111.678369 89.902984 66.599033 54.286833 32.988130 56.140593
97.500000 116.103190 79.889978 57.093512 42.666570 33.899243 28.433101 17.429819 7.778087 1.560160 111.752447 89.965022 66.648111 54.329017 33.018265 56.183817
97.550000 116.179657 79.946422 57.137242 42.702181 33.929878 28.460610 17.450962 7.793512 1.571778 111.826516 90.027053 66.697183 54.371197 33.048398 56.227038
97.600000 116.256116 80.002859 57.180968 42.737789 33.960509 28.488117 17.472103 7.808936 1.583395 111.900578 90.089078 66.746251 54.413372 33.078527 56.270254
97.650000 116.332567 80.059291 57.224689 42.773393 33.991138 28.515621 17.493243 7.824359 1.595011 111.974632 90.151096 66.795313 54.455544 33.108654 56.313465
97.700000 116.409010 80.115716 57.268406 42.808994 34.021764 28.543123 17.514380 7.839780 1.606627 112.048677 90.213107 66.844370 54.497711 33.138777 56.356672
97.750000 116.485445 80.172136 57.312118 42.844590 34.052387 28.570622 17.535515 7.855200 1.618241 112.122715 90.275112 66.893423 54.539873 33.168898 56.399874
97.800000 116.561871 80.228550 57.355826 42.880184 34.083006 28.598118 17.556649 7.870618 1.629855 112.196745 90.337111 66.942470 54.582031 33.199015 56.443072
97.850000 116.638289 80.284958 57.399529 42.915773 34.113623 28.625612 17.577781 7.886036 1.641468 112.270767 90.399103 66.991512 54.624185 33.229130 56.486266
97.900000 116.714699 80.341360 57.443228 42.951360 34.144236 28.653103 17.598910 7.901452 1.653080 112.344781 90.461088 67.040549 54.666335 33.259241 56.529455
97.950000 116.791101 80.397756 57.486922 42.986942 34.174847 28.680591 17.620038 7.916866 1.664691 112.418787 90.523066 67.089580 54.708480 33.289350 56.572640
98.000000 116.867494 80.454146 57.530612 43.022521 34.205455 28.708076 17.641163 7.932280 1.676301 112.492785 90.585039 67.138607 54.750621 33.319456 56.615820
98.050000 116.943880 80.510530 57.574297 43.058096 34.236059 28.735559 17.662287 7.947692 1.687910 112.566775 90.647004 67.187628 54.792757 33.349559 56.658996
98.100000 117.020257 80.566908 57.617977 43.093668 34.266661 28.763039 17.683409 7.963103 1.699518 112.640757 90.708963 67.236645 54.834890 33.379658 56.702167
98.150000 117.096625 80.623280 57.661653 43.129236 34.297259 28.790517 17.704529 7.978512 1.711126 112.714731 90.770915 67.285656 54.877018 33.409755 56.745334
98.200000 117.172986 80.679646 57.705325 43.164801 34.327854 28.817992 17.725647 7.993920 1.722733 112.788697 90.832861 67.334662 54.919141 33.439849 56.788497
98.250000 117.249338 80.736007 57.748992 43.200362 34.358447 28.845464 17.746763 8.009327 1.734338 112.862656 90.894800 67.383663 54.961260 33.469940 56.831655
98.300000 117.325683 80.792361 57.792655 43.235919 34.389036 28.872933 17.767877 8.024733 1.745943 112.936606 90.956733 67.432659 55.003375 33.500028 56.874808
98.350000 117.402019 80.848709 57.836313 43.271473 34.419623 28.900400 17.788989 8.040137 1.757547 113.010548 91.018659 67.481650 55.045486 33.530112 56.917957
98.400000 117.478346 80.905052 57.879966 43.307023 34.450206 28.927864 17.810099 8.055540 1.769150 113.084483 91.080578 67.530636 55.087592 33.560194 56.961102
98.450000 117.554666 80.961388 57.923616 43.342570 34.480786 28.955326 17.831207 8.070941 1.780752 113.158410 91.142491 67.579616 55.129694 33.590273 57.004242
98.500000 117.630977 81.017719 57.967260 43.378113 34.511363 28.982785 17.852313 8.086342 1.792354 113.232328 91.204397 67.628592 55.171791 33.620349 57.047378
98.550000 117.707280 81.074043 58.010900 43.413652 34.541938 29.010241 17.873417 8.101741 1.803954 113.306239 91.266297 67.677562 55.213885 33.650422 57.090509
98.600000 117.783575 81.130362 58.054536 43.449188 34.572509 29.037694 17.894519 8.117138 1.815554 113.380142 91.328190 67.726527 55.255973 33.680492 57.133636
98.650000 117.859862 81.186674 58.098167 43.484720 34.603077 29.065145 17.915620 8.132535 1.827153 113.454036 91.390077 67.775488 55.298058 33.710559 57.176758
98.700000 117.936140 81.242981 58.141793 43.520249 34.633642 29.092593 17.936718 8.147930 1.838750 113.527923 91.451957 67.824443 55.340138 33.740623 57.219876
98.750000 118.012411 81.299282 58.185415 43.555774 34.664204 29.120038 17.957814 8.163323 1.850347 113.601802 91.513830 67.873392 55.382214 33.770684 57.262990
98.800000 118.088673 81.355577 58.229033 43.591295 34.694763 29.147481 17.978909 8.178716 1.861943 113.675673 91.575697 67.922337 55.424286 33.800742 57.306099
98.850000 118.164926 81.411866 58.272646 43.626813 34.725319 29.174921 18.000001 8.194107 1.873539 113.749536 91.637557 67.971277 55.466353 33.830798 57.349203
98.900000 118.241172 81.468149 58.316254 43.662327 34.755872 29.202359 18.021092 8.209497 1.885133 113.823391 91.699410 68.020211 55.508416 33.860850 57.392303
98.950000 118.317409 81.524425 58.359858 43.697838 34.786422 29.229793 18.042180 8.224885 1.896726 113.897238 91.761258 68.069141 55.550474 33.890899 57.435399
99.000000 118.393639 81.580697 58.403457 43.733345 34.816969 29.257225 18.063267 8.240272 1.908319 113.971077 91.823098 68.118065 55.592528 33.920945 57.478490
99.050000 118.469860 81.636962 58.447052 43.768849 34.847513 29.284655 18.084351 8.255658 1.919911 114.044909 91.884932 68.166984 55.634578 33.950988 57.521577
99.100000 118.546072 81.693221 58.490643 43.804349 34.878054 29.312081 18.105434 8.271043 1.931501 114.118732 91.946759 68.215899 55.676624 33.981029 57.564659
99.150000 118.622277 81.749474 58.534229 43.839845 34.908592 29.339505 18.126515 8.286426 1.943091 114.192547 92.008580 68.264807 55.718665 34.011066 57.607737
99.200000 118.698473 81.805721 58.577810 43.875338 34.939126 29.366926 18.147593 8.301808 1.954680 114.266355 92.070394 68.313711 55.760702 34.041100 57.650811
99.250000 118.774661 81.861962 58.621387 43.910827 34.969658 29.394345 18.168670 8.317189 1.966268 114.340154 92.132202 68.362610 55.802734 34.071132 57.693879
99.300000 118.850841 81.918198 58.664959 43.946312 35.000187 29.421761 18.189745 8.332568 1.977856 114.413946 92.194003 68.411504 55.844762 34.101160 57.736944
99.350000 118.927013 81.974427 58.708527 43.981794 35.030713 29.449174 18.210818 8.347946 1.989442 114.487729 92.255797 68.460392 55.886786 34.131185 57.780004
99.400000 119.003177 82.030651 58.752090 44.017272 35.061235 29.476585 18.231888 8.363322 2.001027 114.561505 92.317585 68.509276 55.928805 34.161208 57.823059
99.450000 119.079332 82.086868 58.795649 44.052747 35.091755 29.503993 18.252957 8.378698 2.012612 114.635273 92.379366 68.558154 55.970821 34.191227 57.866111
99.500000 119.155479 82.143080 58.839204 44.088218 35.122272 29.531398 18.274024 8.394072 2.024196 114.709033 92.441141 68.607027 56.012831 34.221244 57.909157
99.550000 119.231618 82.199285 58.882753 44.123686 35.152785 29.558800 18.295089 8.409445 2.035778 114.782785 92.502909 68.655895 56.054838 34.251257 57.952199
99.600000 119.307749 82.255485 58.926299 44.159150 35.183296 29.586200 18.316152 8.424816 2.047360 114.856529 92.564670 68.704758 56.096840 34.281268 57.995237
99.650000 119.383871 82.311679 58.969840 44.194610 35.213803 29.613597 18.337213 8.440186 2.058941 114.930265 92.626425 68.753616 56.138838 34.311275 58.038271
99.700000 118.171289 81.421926 58.285054 43.640722 34.740147 29.190326 18.016582 8.211744 1.891879 113.756341 91.646586 67.982699 55.479048 33.845718 57.361706
99.750000 118.246700 81.477593 58.328184 43.675846 34.770364 29.217461 18.037439 8.226963 1.903344 113.829388 91.707762 68.031097 55.520649 33.875440 57.404334
99.800000 118.322103 81.533253 58.371310 43.710966 34.800578 29.244594 18.058295 8.242181 1.914808 113.902427 91.768931 68.079490 55.562246 33.905158 57.446956
99.850000 118.397498 81.588907 58.414431 43.746083 34.830789 29.271724 18.079149 8.257398 1.926271 113.975458 91.830094 68.127878 55.603839 33.934874 57.489575
99.900000 118.472884 81.644556 58.457548 43.781197 34.860997 29.298851 18.100001 8.272613 1.937734 114.048481 91.891251 68.176261 55.645427 33.964587 57.532189
99.950000 118.548263 81.700199 58.500660 43.816307 34.891202 29.325976 18.120851 8.287827 1.949196 114.121496 91.952401 68.224639 55.687011 33.994297 57.574798
100.000000 118.623634 81.755835 58.543768 43.851413 34.921404 29.353098 18.141699 8.303040 1.960656 114.194503 92.013545 68.273011 55.728591 34.024004 57.617404
100.050000 118.698996 81.811466 58.586871 43.886516 34.951603 29.380218 18.162545 8.318251 1.972116 114.267503 92.074682 68.321379 55.770167 34.053708 57.660004
100.100000 118.774350 81.867091 58.629970 43.921615 34.981799 29.407335 18.183389 8.333461 1.983575 114.340495 92.135812 68.369742 55.811738 34.083409 57.702601
100.150000 118.849697 81.922711 58.673064 43.956711 35.011992 29.434449 18.204231 8.348670 1.995034 114.413478 92.196936 68.418099 55.853305 34.113107 57.745193
100.200000 118.925035 81.978324 58.716154 43.991803 35.042182 29.461560 18.225072 8.363878 2.006491 114.486454 92.258054 68.466452 55.894868 34.142802 57.787780
100.250000 119.000365 82.033931 58.759239 44.026892 35.072369 29.488669 18.245910 8.379084 2.017947 114.559423 92.319165 68.514799 55.936426 34.172494 57.830364
100.300000 119.075687 82.089533 58.802320 44.061977 35.102553 29.515775 18.266746 8.394289 2.029403 114.632383 92.380270 68.563142 55.977980 34.202183 57.872942
100.350000 119.151000 82.145129 58.845397 44.097058 35.132734 29.542879 18.287581 8.409493 2.040857 114.705336 92.441368 68.611479 56.019530 34.231870 57.915517
100.400000 119.226306 82.200718 58.888469 44.132136 35.162912 29.569980 18.308414 8.424695 2.052311 114.778280 92.502460 68.659811 56.061076 34.261553 57.958087
100.450000 119.301604 82.256302 58.931537 44.167211 35.193087 29.597078 18.329244 8.439896 2.063764 114.851217 92.563545 68.708139 56.102617 34.291234 58.000653
100.500000 119.376893 82.311881 58.974600 44.202282 35.223259 29.624174 18.350073 8.455096 2.075216 114.924146 92.624624 68.756461 56.144154 34.320911 58.043214
100.550000 119.452175 82.367453 59.017659 44.237349 35.253428 29.651267 18.370900 8.470294 2.086667 114.997068 92.685696 68.804778 56.185687 34.350586 58.085771
100.600000 119.527448 82.423019 59.060713 44.272413 35.283594 29.678357 18.391724 8.485491 2.098118 115.069981 92.746762 68.853090 56.227216 34.380258 58.128323
100.650000 119.602714 82.478580 59.103763 44.307473 35.313758 29.705445 18.412547 8.500687 2.109567 115.142887 92.807821 68.901397 56.268740 34.409926 58.170871
100.700000 119.677971 82.534135 59.146808 44.342530 35.343918 29.732530 18.433368 8.515882 2.121015 115.215785 92.868874 68.949699 56.310260 34.439592 58.213415
