web/models/kne/11/Metzger_0.004482_0.046207_0.100000.dat
# %ECSV 0.9
# ---
# datatype:
# - {name: time, datatype: float64}
# - {name: sdss_u, datatype: float64}
# - {name: sdss_g, datatype: float64}
# - {name: sdss_r, datatype: float64}
# - {name: sdss_i, datatype: float64}
# - {name: sdss_z, datatype: float64}
# - {name: PS1_y, datatype: float64}
# - {name: ukirt_J, datatype: float64}
# - {name: ukirt_H, datatype: float64}
# - {name: ukirt_K, datatype: float64}
# - {name: johnson_U, datatype: float64}
# - {name: johnson_B, datatype: float64}
# - {name: johnson_V, datatype: float64}
# - {name: johnson_R, datatype: float64}
# - {name: johnson_I, datatype: float64}
# - {name: Clear, datatype: float64}
# meta: !!omap
# - comment: [vej = 0.046206896551724136, mej = 0.004482037834891008, Ye = 0.1, redshift = 0.0]
# schema: astropy-2.0
time sdss_u sdss_g sdss_r sdss_i sdss_z PS1_y ukirt_J ukirt_H ukirt_K johnson_U johnson_B johnson_V johnson_R johnson_I Clear
[from data line 1396]
69.900000 199.614848 142.116606 105.806113 82.748812 68.691589 59.903430 42.132845 26.402828 16.137987 192.715207 158.131344 121.039608 101.393625 67.276603 104.354388
69.950000 199.765129 142.227699 105.892324 82.819133 68.752171 59.957895 42.174851 26.433643 16.161351 192.860796 158.253372 121.136275 101.476802 67.336202 104.439601
70.000000 199.915406 142.338788 105.978533 82.889453 68.812752 60.012360 42.216856 26.464458 16.184715 193.006380 158.375397 121.232939 101.559977 67.395799 104.524812
70.050000 200.065678 142.449874 106.064740 82.959771 68.873331 60.066823 42.258861 26.495272 16.208080 193.151960 158.497418 121.329601 101.643150 67.455395 104.610021
70.100000 200.215946 142.560958 106.150945 83.030088 68.933909 60.121286 42.300865 26.526087 16.231444 193.297535 158.619436 121.426260 101.726321 67.514990 104.695228
70.150000 200.366209 142.672038 106.237147 83.100403 68.994486 60.175748 42.342869 26.556901 16.254808 193.443106 158.741451 121.522916 101.809489 67.574584 104.780433
70.200000 200.516468 142.783114 106.323347 83.170716 69.055062 60.230208 42.384872 26.587715 16.278173 193.588673 158.863461 121.619570 101.892656 67.634177 104.865635
70.250000 200.666722 142.894188 106.409545 83.241028 69.115636 60.284668 42.426875 26.618529 16.301538 193.734235 158.985469 121.716222 101.975820 67.693769 104.950835
70.300000 200.816971 143.005259 106.495741 83.311338 69.176210 60.339126 42.468877 26.649344 16.324903 193.879792 159.107472 121.812870 102.058983 67.753359 105.036034
70.350000 200.967216 143.116327 106.581935 83.381647 69.236782 60.393584 42.510879 26.680158 16.348268 194.025346 159.229473 121.909517 102.142143 67.812948 105.121230
70.400000 201.117456 143.227391 106.668127 83.451954 69.297353 60.448040 42.552880 26.710971 16.371634 194.170895 159.351469 122.006160 102.225302 67.872536 105.206424
70.450000 201.267692 143.338453 106.754316 83.522259 69.357922 60.502496 42.594881 26.741785 16.394999 194.316440 159.473463 122.102802 102.308458 67.932123 105.291615
70.500000 201.417923 143.449511 106.840503 83.592563 69.418491 60.556951 42.636881 26.772599 16.418365 194.461980 159.595452 122.199440 102.391612 67.991709 105.376805
70.550000 201.568150 143.560566 106.926688 83.662866 69.479058 60.611404 42.678880 26.803412 16.441731 194.607516 159.717439 122.296076 102.474764 68.051293 105.461993
70.600000 201.718372 143.671619 107.012871 83.733167 69.539624 60.665857 42.720879 26.834226 16.465097 194.753047 159.839421 122.392710 102.557915 68.110876 105.547178
70.650000 201.868590 143.782668 107.099052 83.803466 69.600189 60.720308 42.762878 26.865039 16.488463 194.898574 159.961401 122.489341 102.641063 68.170459 105.632361
70.700000 202.018803 143.893714 107.185230 83.873763 69.660752 60.774759 42.804876 26.895852 16.511830 195.044097 160.083377 122.585969 102.724209 68.230039 105.717543
70.750000 202.169012 144.004757 107.271407 83.944060 69.721315 60.829209 42.846873 26.926665 16.535196 195.189616 160.205349 122.682595 102.807353 68.289619 105.802722
70.800000 202.319216 144.115797 107.357581 84.014354 69.781876 60.883658 42.888870 26.957478 16.558563 195.335130 160.327318 122.779219 102.890495 68.349198 105.887899
70.850000 202.469415 144.226834 107.443753 84.084647 69.842436 60.938105 42.930867 26.988291 16.581930 195.480640 160.449283 122.875839 102.973635 68.408775 105.973073
70.900000 202.619610 144.337867 107.529923 84.154938 69.902995 60.992552 42.972863 27.019104 16.605297 195.626145 160.571245 122.972458 103.056773 68.468352 106.058246
70.950000 202.769801 144.448898 107.616091 84.225228 69.963552 61.046998 43.014858 27.049917 16.628664 195.771646 160.693204 123.069074 103.139909 68.527927 106.143417
71.000000 202.919987 144.559926 107.702257 84.295517 70.024109 61.101443 43.056853 27.080729 16.652031 195.917143 160.815159 123.165687 103.223042 68.587501 106.228585
71.050000 203.070169 144.670950 107.788420 84.365803 70.084664 61.155887 43.098847 27.111542 16.675399 196.062636 160.937110 123.262298 103.306174 68.647073 106.313752
71.100000 203.220346 144.781972 107.874582 84.436088 70.145218 61.210329 43.140841 27.142354 16.698767 196.208124 161.059058 123.358906 103.389304 68.706645 106.398916
71.150000 203.370518 144.892990 107.960741 84.506372 70.205771 61.264771 43.182834 27.173166 16.722135 196.353608 161.181003 123.455511 103.472432 68.766216 106.484078
71.200000 203.520686 145.004006 108.046898 84.576654 70.266322 61.319212 43.224827 27.203979 16.745503 196.499087 161.302944 123.552115 103.555558 68.825785 106.569238
71.250000 203.670850 145.115018 108.133053 84.646935 70.326873 61.373652 43.266820 27.234791 16.768871 196.644563 161.424882 123.648715 103.638681 68.885353 106.654396
71.300000 203.821009 145.226028 108.219206 84.717214 70.387422 61.428091 43.308811 27.265602 16.792239 196.790034 161.546816 123.745313 103.721803 68.944920 106.739552
71.350000 203.971164 145.337034 108.305357 84.787491 70.447970 61.482529 43.350803 27.296414 16.815608 196.935500 161.668747 123.841909 103.804923 69.004486 106.824706
71.400000 204.121314 145.448037 108.391505 84.857767 70.508516 61.536966 43.392793 27.327226 16.838976 197.080963 161.790675 123.938502 103.888040 69.064050 106.909858
71.450000 204.271460 145.559038 108.477652 84.928041 70.569062 61.591402 43.434783 27.358037 16.862345 197.226421 161.912599 124.035093 103.971156 69.123614 106.995007
71.500000 204.421601 145.670035 108.563796 84.998314 70.629606 61.645837 43.476773 27.388849 16.885714 197.371875 162.034519 124.131681 104.054270 69.183176 107.080155
71.550000 204.571738 145.781029 108.649938 85.068585 70.690150 61.700271 43.518762 27.419660 16.909083 197.517324 162.156436 124.228266 104.137381 69.242737 107.165300
71.600000 204.721871 145.892020 108.736078 85.138855 70.750692 61.754704 43.560751 27.450471 16.932453 197.662769 162.278350 124.324849 104.220491 69.302297 107.250444
71.650000 204.871999 146.003008 108.822216 85.209123 70.811232 61.809136 43.602739 27.481283 16.955822 197.808210 162.400260 124.421430 104.303598 69.361856 107.335585
71.700000 205.022122 146.113993 108.908352 85.279389 70.871772 61.863567 43.644727 27.512094 16.979192 197.953647 162.522167 124.518008 104.386704 69.421414 107.420724
71.750000 205.172241 146.224976 108.994486 85.349654 70.932310 61.917998 43.686714 27.542904 17.002562 198.099079 162.644071 124.614583 104.469807 69.480970 107.505861
71.800000 205.322356 146.335955 109.080618 85.419918 70.992848 61.972427 43.728700 27.573715 17.025931 198.244508 162.765971 124.711157 104.552909 69.540526 107.590996
71.850000 205.472466 146.446931 109.166747 85.490180 71.053384 62.026855 43.770686 27.604526 17.049302 198.389931 162.887867 124.807727 104.636008 69.600080 107.676129
71.900000 205.622572 146.557904 109.252874 85.560440 71.113918 62.081282 43.812672 27.635336 17.072672 198.535351 163.009761 124.904295 104.719106 69.659633 107.761260
71.950000 205.772673 146.668874 109.339000 85.630699 71.174452 62.135709 43.854657 27.666147 17.096042 198.680766 163.131651 125.000861 104.802201 69.719185 107.846389
72.000000 205.922770 146.779841 109.425123 85.700956 71.234985 62.190134 43.896641 27.696957 17.119413 198.826178 163.253537 125.097424 104.885295 69.778736 107.931515
72.050000 206.072863 146.890805 109.511244 85.771212 71.295516 62.244558 43.938625 27.727767 17.142783 198.971584 163.375420 125.193985 104.968387 69.838285 108.016640
72.100000 206.222951 147.001766 109.597363 85.841466 71.356046 62.298982 43.980609 27.758577 17.166154 199.116987 163.497300 125.290543 105.051476 69.897834 108.101762
72.150000 206.373035 147.112724 109.683480 85.911719 71.416575 62.353404 44.022592 27.789387 17.189525 199.262386 163.619176 125.387098 105.134564 69.957381 108.186883
72.200000 206.523114 147.223679 109.769594 85.981970 71.477103 62.407826 44.064574 27.820197 17.212896 199.407780 163.741049 125.483652 105.217649 70.016927 108.272001
72.250000 206.673189 147.334631 109.855707 86.052219 71.537629 62.462246 44.106556 27.851007 17.236268 199.553170 163.862918 125.580202 105.300733 70.076472 108.357118
72.300000 206.823260 147.445580 109.941818 86.122468 71.598154 62.516666 44.148537 27.881816 17.259639 199.698555 163.984784 125.676750 105.383814 70.136016 108.442232
72.350000 206.973326 147.556526 110.027926 86.192714 71.658679 62.571084 44.190518 27.912626 17.283011 199.843937 164.106647 125.773296 105.466894 70.195559 108.527344
72.400000 207.123388 147.667469 110.114032 86.262959 71.719202 62.625502 44.232498 27.943435 17.306382 199.989314 164.228507 125.869840 105.549971 70.255100 108.612454
72.450000 207.273445 147.778409 110.200137 86.333203 71.779723 62.679919 44.274478 27.974244 17.329754 200.134687 164.350362 125.966380 105.633047 70.314641 108.697562
72.500000 207.423498 147.889346 110.286239 86.403445 71.840244 62.734334 44.316458 28.005053 17.353126 200.280056 164.472215 126.062919 105.716120 70.374180 108.782669
72.550000 207.573547 148.000281 110.372339 86.473685 71.900763 62.788749 44.358436 28.035862 17.376498 200.425421 164.594064 126.159455 105.799192 70.433718 108.867772
72.600000 207.723591 148.111212 110.458437 86.543924 71.961282 62.843163 44.400415 28.066671 17.399871 200.570781 164.715910 126.255988 105.882262 70.493255 108.952874
72.650000 207.873631 148.222140 110.544533 86.614161 72.021799 62.897576 44.442392 28.097480 17.423243 200.716138 164.837753 126.352519 105.965329 70.552791 109.037974
72.700000 208.023666 148.333065 110.630626 86.684397 72.082315 62.951987 44.484370 28.128289 17.446616 200.861490 164.959592 126.449047 106.048395 70.612326 109.123072
72.750000 208.173698 148.443987 110.716718 86.754632 72.142829 63.006398 44.526346 28.159097 17.469989 201.006837 165.081428 126.545574 106.131459 70.671859 109.208168
72.800000 208.323724 148.554907 110.802808 86.824864 72.203343 63.060808 44.568322 28.189906 17.493361 201.152181 165.203260 126.642097 106.214520 70.731391 109.293262
72.850000 208.473747 148.665823 110.888895 86.895096 72.263855 63.115217 44.610298 28.220714 17.516734 201.297521 165.325089 126.738618 106.297580 70.790923 109.378353
72.900000 208.623765 148.776736 110.974981 86.965325 72.324367 63.169625 44.652273 28.251522 17.540108 201.442856 165.446915 126.835137 106.380638 70.850453 109.463443
72.950000 208.773779 148.887647 111.061064 87.035554 72.384877 63.224032 44.694248 28.282330 17.563481 201.588187 165.568737 126.931653 106.463694 70.909982 109.548530
73.000000 208.923788 148.998554 111.147145 87.105780 72.445385 63.278438 44.736222 28.313138 17.586854 201.733514 165.690556 127.028167 106.546747 70.969510 109.633616
73.050000 209.073793 149.109459 111.233224 87.176006 72.505893 63.332844 44.778196 28.343946 17.610228 201.878837 165.812372 127.124678 106.629799 71.029036 109.718700
73.100000 209.223794 149.220360 111.319302 87.246229 72.566400 63.387248 44.820169 28.374753 17.633602 202.024155 165.934185 127.221187 106.712849 71.088562 109.803781
73.150000 209.373791 149.331259 111.405377 87.316452 72.626905 63.441651 44.862141 28.405561 17.656976 202.169470 166.055994 127.317694 106.795897 71.148086 109.888860
73.200000 209.523783 149.442155 111.491450 87.386672 72.687409 63.496053 44.904113 28.436368 17.680350 202.314780 166.177799 127.414198 106.878943 71.207610 109.973938
73.250000 209.673771 149.553047 111.577521 87.456891 72.747912 63.550455 44.946085 28.467176 17.703724 202.460086 166.299602 127.510699 106.961987 71.267132 110.059013
73.300000 209.823754 149.663937 111.663589 87.527109 72.808414 63.604855 44.988056 28.497983 17.727098 202.605388 166.421401 127.607199 107.045029 71.326653 110.144086
73.350000 209.973733 149.774824 111.749656 87.597325 72.868915 63.659254 45.030026 28.528790 17.750472 202.750686 166.543197 127.703695 107.128069 71.386173 110.229158
73.400000 210.123708 149.885708 111.835721 87.667540 72.929414 63.713653 45.071996 28.559597 17.773847 202.895980 166.664989 127.800190 107.211107 71.445692 110.314227
73.450000 210.273679 149.996589 111.921784 87.737753 72.989913 63.768050 45.113966 28.590403 17.797222 203.041270 166.786778 127.896681 107.294143 71.505209 110.399294
73.500000 210.423645 150.107467 112.007844 87.807965 73.050410 63.822447 45.155935 28.621210 17.820597 203.186555 166.908564 127.993171 107.377178 71.564726 110.484359
73.550000 210.573607 150.218342 112.093903 87.878175 73.110906 63.876842 45.197903 28.652017 17.843971 203.331836 167.030346 128.089658 107.460210 71.624241 110.569423
73.600000 210.723565 150.329214 112.179959 87.948383 73.171401 63.931237 45.239871 28.682823 17.867347 203.477113 167.152126 128.186142 107.543240 71.683755 110.654484
73.650000 210.873518 150.440083 112.266014 88.018591 73.231894 63.985631 45.281838 28.713629 17.890722 203.622386 167.273901 128.282625 107.626268 71.743268 110.739543
73.700000 211.023467 150.550950 112.352066 88.088796 73.292387 64.040023 45.323805 28.744436 17.914097 203.767655 167.395674 128.379104 107.709295 71.802780 110.824600
73.750000 211.173412 150.661813 112.438116 88.159000 73.352878 64.094415 45.365772 28.775242 17.937473 203.912920 167.517443 128.475582 107.792319 71.862291 110.909655
73.800000 211.323353 150.772673 112.524165 88.229203 73.413368 64.148806 45.407737 28.806047 17.960848 204.058181 167.639209 128.572057 107.875342 71.921801 110.994708
73.850000 211.473289 150.883531 112.610211 88.299404 73.473857 64.203196 45.449703 28.836853 17.984224 204.203437 167.760972 128.668529 107.958362 71.981310 111.079759
73.900000 211.623221 150.994386 112.696255 88.369604 73.534345 64.257585 45.491668 28.867659 18.007600 204.348690 167.882731 128.764999 108.041381 72.040817 111.164808
73.950000 211.773149 151.105237 112.782297 88.439802 73.594832 64.311973 45.533632 28.898464 18.030976 204.493938 168.004487 128.861467 108.124398 72.100324 111.249855
74.000000 211.923072 151.216086 112.868337 88.509999 73.655317 64.366360 45.575596 28.929270 18.054352 204.639183 168.126240 128.957932 108.207412 72.159829 111.334900
74.050000 212.072991 151.326932 112.954375 88.580194 73.715802 64.420746 45.617559 28.960075 18.077728 204.784423 168.247990 129.054395 108.290425 72.219333 111.419943
74.100000 212.222906 151.437775 113.040411 88.650387 73.776285 64.475131 45.659522 28.990880 18.101105 204.929659 168.369736 129.150856 108.373436 72.278836 111.504984
74.150000 212.372817 151.548615 113.126445 88.720579 73.836767 64.529516 45.701484 29.021685 18.124481 205.074891 168.491479 129.247314 108.456445 72.338338 111.590023
74.200000 212.522723 151.659453 113.212477 88.790770 73.897248 64.583899 45.743446 29.052490 18.147858 205.220119 168.613219 129.343769 108.539452 72.397838 111.675060
74.250000 212.672626 151.770287 113.298507 88.860959 73.957728 64.638281 45.785407 29.083295 18.171235 205.365342 168.734955 129.440223 108.622457 72.457338 111.760095
74.300000 212.822524 151.881119 113.384535 88.931147 74.018207 64.692663 45.827368 29.114099 18.194612 205.510562 168.856688 129.536673 108.705460 72.516837 111.845128
74.350000 212.972417 151.991947 113.470561 89.001333 74.078684 64.747043 45.869328 29.144904 18.217989 205.655778 168.978418 129.633122 108.788461 72.576334 111.930159
74.400000 213.122307 152.102773 113.556584 89.071518 74.139160 64.801423 45.911287 29.175708 18.241366 205.800989 169.100145 129.729568 108.871460 72.635830 112.015188
74.450000 213.272192 152.213596 113.642606 89.141701 74.199635 64.855801 45.953247 29.206513 18.264743 205.946197 169.221868 129.826012 108.954458 72.695325 112.100215
74.500000 213.422073 152.324416 113.728626 89.211883 74.260109 64.910179 45.995205 29.237317 18.288121 206.091400 169.343588 129.922453 109.037453 72.754819 112.185240
74.550000 213.571950 152.435233 113.814643 89.282063 74.320582 64.964555 46.037163 29.268121 18.311498 206.236600 169.465305 130.018892 109.120447 72.814312 112.270263
