web/models/kne/11/Metzger_0.111556_0.159655_0.450000.dat
# %ECSV 0.9
# ---
# datatype:
# - {name: time, datatype: float64}
# - {name: sdss_u, datatype: float64}
# - {name: sdss_g, datatype: float64}
# - {name: sdss_r, datatype: float64}
# - {name: sdss_i, datatype: float64}
# - {name: sdss_z, datatype: float64}
# - {name: PS1_y, datatype: float64}
# - {name: ukirt_J, datatype: float64}
# - {name: ukirt_H, datatype: float64}
# - {name: ukirt_K, datatype: float64}
# - {name: johnson_U, datatype: float64}
# - {name: johnson_B, datatype: float64}
# - {name: johnson_V, datatype: float64}
# - {name: johnson_R, datatype: float64}
# - {name: johnson_I, datatype: float64}
# - {name: Clear, datatype: float64}
# meta: !!omap
# - comment: [vej = 0.1596551724137931, mej = 0.11155639876849505, Ye = 0.45, redshift = 0.0]
# schema: astropy-2.0
time sdss_u sdss_g sdss_r sdss_i sdss_z PS1_y ukirt_J ukirt_H ukirt_K johnson_U johnson_B johnson_V johnson_R johnson_I Clear
[from data line 2254]
112.800000 268.508136 192.263150 144.050206 113.391733 94.675446 82.961427 59.230554 38.147100 24.317949 259.363560 213.509261 164.285376 138.186252 92.790133 142.121089
112.850000 268.631791 192.354641 144.121275 113.449761 94.725481 83.006442 59.265343 38.172704 24.337437 259.483364 213.609727 164.365027 138.254831 92.839360 142.191339
112.900000 268.755444 192.446130 144.192344 113.507789 94.775514 83.051456 59.300130 38.198307 24.356925 259.603165 213.710192 164.444677 138.323409 92.888587 142.261589
112.950000 268.879095 192.537618 144.263411 113.565815 94.825548 83.096469 59.334918 38.223910 24.376413 259.722964 213.810655 164.524326 138.391986 92.937813 142.331837
113.000000 269.002744 192.629104 144.334478 113.623841 94.875580 83.141482 59.369705 38.249512 24.395901 259.842762 213.911116 164.603973 138.460563 92.987039 142.402085
113.050000 269.126390 192.720589 144.405543 113.681866 94.925612 83.186494 59.404492 38.275115 24.415389 259.962557 214.011576 164.683619 138.529138 93.036264 142.472331
113.100000 269.250035 192.812073 144.476608 113.739890 94.975643 83.231506 59.439279 38.300718 24.434877 260.082350 214.112035 164.763264 138.597712 93.085489 142.542576
113.150000 269.373677 192.903555 144.547671 113.797913 95.025674 83.276518 59.474066 38.326320 24.454364 260.202141 214.212491 164.842908 138.666285 93.134712 142.612821
113.200000 269.497317 192.995036 144.618733 113.855936 95.075704 83.321529 59.508852 38.351923 24.473852 260.321930 214.312946 164.922550 138.734858 93.183936 142.683064
113.250000 269.620956 193.086515 144.689794 113.913958 95.125734 83.366539 59.543637 38.377525 24.493340 260.441717 214.413399 165.002191 138.803429 93.233158 142.753306
113.300000 269.744592 193.177993 144.760854 113.971979 95.175762 83.411549 59.578423 38.403127 24.512828 260.561502 214.513851 165.081831 138.871999 93.282380 142.823547
113.350000 269.868225 193.269469 144.831913 114.029999 95.225791 83.456558 59.613208 38.428729 24.532316 260.681285 214.614301 165.161470 138.940569 93.331602 142.893787
113.400000 269.991857 193.360944 144.902972 114.088019 95.275818 83.501567 59.647993 38.454331 24.551804 260.801066 214.714749 165.241108 139.009137 93.380823 142.964027
113.450000 270.115487 193.452417 144.974029 114.146037 95.325845 83.546575 59.682778 38.479933 24.571292 260.920845 214.815196 165.320744 139.077704 93.430043 143.034265
113.500000 270.239114 193.543889 145.045084 114.204055 95.375872 83.591583 59.717562 38.505535 24.590780 261.040622 214.915641 165.400380 139.146271 93.479263 143.104502
113.550000 270.362740 193.635359 145.116139 114.262072 95.425897 83.636590 59.752346 38.531136 24.610268 261.160397 215.016084 165.480013 139.214836 93.528482 143.174738
113.600000 270.486363 193.726828 145.187193 114.320089 95.475923 83.681597 59.787129 38.556738 24.629756 261.280170 215.116526 165.559646 139.283400 93.577700 143.244973
113.650000 270.609984 193.818296 145.258246 114.378104 95.525947 83.726603 59.821913 38.582339 24.649244 261.399940 215.216966 165.639278 139.351964 93.626918 143.315207
113.700000 270.733603 193.909762 145.329298 114.436119 95.575971 83.771609 59.856696 38.607940 24.668732 261.519709 215.317405 165.718908 139.420526 93.676135 143.385440
113.750000 270.857220 194.001226 145.400349 114.494133 95.625994 83.816614 59.891479 38.633541 24.688220 261.639476 215.417842 165.798537 139.489087 93.725352 143.455672
113.800000 270.980835 194.092689 145.471398 114.552147 95.676017 83.861619 59.926261 38.659142 24.707708 261.759241 215.518277 165.878165 139.557648 93.774568 143.525903
113.850000 271.104448 194.184151 145.542447 114.610159 95.726039 83.906623 59.961043 38.684743 24.727196 261.879003 215.618711 165.957792 139.626207 93.823783 143.596133
113.900000 271.228059 194.275611 145.613495 114.668171 95.776061 83.951626 59.995825 38.710344 24.746684 261.998764 215.719143 166.037417 139.694765 93.872998 143.666362
113.950000 271.351667 194.367070 145.684541 114.726182 95.826082 83.996630 60.030607 38.735945 24.766172 262.118523 215.819573 166.117042 139.763323 93.922213 143.736590
114.000000 271.475274 194.458527 145.755587 114.784192 95.876102 84.041632 60.065388 38.761545 24.785660 262.238279 215.920002 166.196665 139.831879 93.971426 143.806817
114.050000 271.598878 194.549983 145.826632 114.842201 95.926121 84.086634 60.100169 38.787146 24.805148 262.358034 216.020429 166.276286 139.900435 94.020639 143.877043
114.100000 271.722481 194.641438 145.897675 114.900210 95.976141 84.131636 60.134949 38.812746 24.824636 262.477786 216.120854 166.355907 139.968989 94.069852 143.947268
114.150000 271.846081 194.732891 145.968718 114.958218 96.026159 84.176637 60.169730 38.838346 24.844124 262.597537 216.221278 166.435527 140.037543 94.119064 144.017491
114.200000 271.969679 194.824342 146.039759 115.016225 96.076177 84.221638 60.204510 38.863946 24.863612 262.717285 216.321700 166.515145 140.106095 94.168275 144.087714
114.250000 272.093275 194.915792 146.110799 115.074231 96.126194 84.266638 60.239289 38.889546 24.883100 262.837032 216.422121 166.594762 140.174647 94.217486 144.157936
114.300000 272.216869 195.007241 146.181839 115.132237 96.176211 84.311637 60.274069 38.915146 24.902588 262.956776 216.522540 166.674378 140.243197 94.266696 144.228157
114.350000 272.340461 195.098688 146.252877 115.190242 96.226227 84.356637 60.308848 38.940746 24.922076 263.076519 216.622957 166.753992 140.311747 94.315905 144.298377
114.400000 272.464050 195.190134 146.323914 115.248246 96.276242 84.401635 60.343627 38.966345 24.941564 263.196259 216.723373 166.833606 140.380295 94.365114 144.368595
114.450000 272.587638 195.281578 146.394951 115.306249 96.326257 84.446633 60.378405 38.991945 24.961052 263.315998 216.823787 166.913218 140.448843 94.414323 144.438813
114.500000 272.711224 195.373021 146.465986 115.364251 96.376271 84.491631 60.413183 39.017544 24.980540 263.435734 216.924199 166.992829 140.517389 94.463530 144.509030
114.550000 272.834807 195.464463 146.537020 115.422253 96.426284 84.536628 60.447961 39.043143 25.000028 263.555469 217.024610 167.072439 140.585935 94.512738 144.579245
114.600000 272.958389 195.555903 146.608053 115.480254 96.476297 84.581624 60.482739 39.068742 25.019516 263.675201 217.125019 167.152047 140.654480 94.561944 144.649460
114.650000 273.081968 195.647341 146.679085 115.538254 96.526310 84.626620 60.517516 39.094341 25.039004 263.794932 217.225427 167.231654 140.723023 94.611150 144.719674
114.700000 273.205545 195.738778 146.750117 115.596253 96.576321 84.671616 60.552293 39.119940 25.058492 263.914660 217.325833 167.311261 140.791566 94.660356 144.789886
114.750000 273.329120 195.830214 146.821147 115.654252 96.626332 84.716611 60.587070 39.145539 25.077980 264.034387 217.426237 167.390866 140.860108 94.709560 144.860098
114.800000 273.452693 195.921648 146.892176 115.712250 96.676343 84.761605 60.621846 39.171137 25.097469 264.154111 217.526640 167.470469 140.928648 94.758765 144.930309
114.850000 273.576264 196.013081 146.963204 115.770247 96.726353 84.806599 60.656622 39.196736 25.116957 264.273833 217.627041 167.550072 140.997188 94.807968 145.000518
114.900000 273.699833 196.104512 147.034231 115.828243 96.776362 84.851593 60.691398 39.222334 25.136445 264.393554 217.727441 167.629673 141.065727 94.857171 145.070727
114.950000 273.823400 196.195942 147.105257 115.886239 96.826371 84.896586 60.726174 39.247932 25.155933 264.513272 217.827839 167.709273 141.134265 94.906374 145.140935
115.000000 273.946965 196.287371 147.176282 115.944234 96.876379 84.941578 60.760949 39.273531 25.175421 264.632989 217.928235 167.788872 141.202802 94.955575 145.211141
115.050000 274.070527 196.378798 147.247306 116.002228 96.926386 84.986570 60.795724 39.299129 25.194909 264.752703 218.028629 167.868470 141.271337 95.004777 145.281347
115.100000 274.194088 196.470223 147.318329 116.060221 96.976393 85.031562 60.830498 39.324726 25.214397 264.872415 218.129023 167.948067 141.339872 95.053977 145.351551
115.150000 274.317647 196.561648 147.389350 116.118213 97.026399 85.076553 60.865272 39.350324 25.233885 264.992126 218.229414 168.027662 141.408406 95.103177 145.421755
115.200000 274.441203 196.653070 147.460371 116.176205 97.076405 85.121543 60.900046 39.375922 25.253373 265.111834 218.329804 168.107256 141.476939 95.152377 145.491957
115.250000 274.564757 196.744492 147.531391 116.234196 97.126410 85.166533 60.934820 39.401519 25.272861 265.231541 218.430192 168.186849 141.545471 95.201576 145.562159
115.300000 274.688310 196.835912 147.602410 116.292186 97.176415 85.211522 60.969593 39.427117 25.292349 265.351245 218.530579 168.266441 141.614002 95.250774 145.632359
115.350000 274.811860 196.927330 147.673428 116.350176 97.226418 85.256511 61.004366 39.452714 25.311837 265.470948 218.630964 168.346032 141.682532 95.299972 145.702559
115.400000 274.935408 197.018747 147.744444 116.408164 97.276422 85.301500 61.039139 39.478311 25.331326 265.590648 218.731347 168.425621 141.751061 95.349169 145.772758
115.450000 275.058954 197.110163 147.815460 116.466152 97.326424 85.346488 61.073912 39.503908 25.350814 265.710346 218.831729 168.505209 141.819589 95.398365 145.842955
115.500000 275.182498 197.201577 147.886475 116.524139 97.376426 85.391475 61.108684 39.529505 25.370302 265.830043 218.932109 168.584796 141.888116 95.447561 145.913152
115.550000 275.306040 197.292990 147.957488 116.582126 97.426428 85.436462 61.143455 39.555102 25.389790 265.949737 219.032488 168.664382 141.956642 95.496756 145.983347
115.600000 275.429580 197.384401 148.028501 116.640111 97.476428 85.481448 61.178227 39.580699 25.409278 266.069430 219.132865 168.743967 142.025167 95.545951 146.053542
115.650000 275.553118 197.475811 148.099513 116.698096 97.526429 85.526434 61.212998 39.606295 25.428766 266.189120 219.233240 168.823550 142.093691 95.595145 146.123735
115.700000 275.676654 197.567219 148.170523 116.756080 97.576428 85.571420 61.247769 39.631892 25.448254 266.308809 219.333614 168.903133 142.162214 95.644339 146.193927
115.750000 275.800187 197.658626 148.241533 116.814064 97.626427 85.616405 61.282540 39.657488 25.467742 266.428495 219.433986 168.982714 142.230736 95.693532 146.264119
115.800000 275.923719 197.750032 148.312542 116.872046 97.676426 85.661389 61.317310 39.683084 25.487230 266.548180 219.534356 169.062293 142.299258 95.742724 146.334309
115.850000 276.047249 197.841436 148.383549 116.930028 97.726423 85.706373 61.352080 39.708680 25.506718 266.667863 219.634725 169.141872 142.367778 95.791916 146.404499
115.900000 276.170776 197.932839 148.454556 116.988009 97.776421 85.751356 61.386850 39.734276 25.526207 266.787543 219.735093 169.221450 142.436297 95.841107 146.474687
115.950000 276.294302 198.024240 148.525561 117.045989 97.826417 85.796339 61.421619 39.759872 25.545695 266.907222 219.835458 169.301026 142.504816 95.890298 146.544875
116.000000 276.417825 198.115640 148.596566 117.103969 97.876413 85.841321 61.456388 39.785468 25.565183 267.026898 219.935823 169.380601 142.573333 95.939488 146.615061
116.050000 276.541347 198.207039 148.667569 117.161948 97.926408 85.886303 61.491157 39.811064 25.584671 267.146573 220.036185 169.460175 142.641849 95.988677 146.685247
116.100000 276.664866 198.298436 148.738572 117.219926 97.976403 85.931285 61.525926 39.836659 25.604159 267.266246 220.136546 169.539748 142.710365 96.037866 146.755431
116.150000 276.788383 198.389832 148.809573 117.277903 98.026397 85.976266 61.560694 39.862255 25.623647 267.385916 220.236906 169.619319 142.778879 96.087055 146.825615
116.200000 276.911898 198.481226 148.880573 117.335879 98.076391 86.021246 61.595462 39.887850 25.643135 267.505585 220.337263 169.698890 142.847393 96.136242 146.895797
116.250000 277.035411 198.572619 148.951573 117.393855 98.126384 86.066226 61.630229 39.913445 25.662623 267.625252 220.437619 169.778459 142.915905 96.185429 146.965979
116.300000 277.158923 198.664010 149.022571 117.451830 98.176376 86.111205 61.664997 39.939040 25.682111 267.744916 220.537974 169.858027 142.984417 96.234616 147.036159
116.350000 277.282432 198.755400 149.093569 117.509804 98.226368 86.156184 61.699764 39.964635 25.701600 267.864579 220.638327 169.937594 143.052927 96.283802 147.106338
116.400000 277.405939 198.846789 149.164565 117.567778 98.276359 86.201162 61.734530 39.990230 25.721088 267.984240 220.738678 170.017159 143.121437 96.332987 147.176517
116.450000 277.529444 198.938176 149.235560 117.625750 98.326350 86.246140 61.769297 40.015824 25.740576 268.103899 220.839028 170.096724 143.189945 96.382172 147.246694
116.500000 277.652947 199.029562 149.306555 117.683722 98.376340 86.291117 61.804063 40.041419 25.760064 268.223556 220.939376 170.176287 143.258453 96.431356 147.316871
116.550000 277.776447 199.120946 149.377548 117.741693 98.426329 86.336094 61.838829 40.067013 25.779552 268.343211 221.039723 170.255849 143.326960 96.480540 147.387046
116.600000 277.899946 199.212329 149.448540 117.799664 98.476318 86.381071 61.873594 40.092607 25.799040 268.462864 221.140068 170.335410 143.395465 96.529723 147.457221
116.650000 278.023443 199.303711 149.519532 117.857633 98.526306 86.426046 61.908359 40.118202 25.818528 268.582515 221.240412 170.414970 143.463970 96.578905 147.527394
116.700000 278.146938 199.395091 149.590522 117.915602 98.576294 86.471022 61.943124 40.143796 25.838016 268.702164 221.340753 170.494528 143.532474 96.628087 147.597567
116.750000 278.270431 199.486469 149.661511 117.973570 98.626281 86.515997 61.977889 40.169390 25.857504 268.821811 221.441094 170.574086 143.600977 96.677268 147.667738
116.800000 278.393921 199.577847 149.732499 118.031538 98.676267 86.560971 62.012653 40.194983 25.876992 268.941456 221.541432 170.653642 143.669479 96.726449 147.737909
116.850000 278.517410 199.669223 149.803487 118.089504 98.726253 86.605945 62.047417 40.220577 25.896481 269.061099 221.641770 170.733197 143.737980 96.775629 147.808078
116.900000 278.640896 199.760597 149.874473 118.147470 98.776238 86.650918 62.082181 40.246171 25.915969 269.180740 221.742105 170.812751 143.806480 96.824809 147.878247
116.950000 278.764381 199.851970 149.945458 118.205435 98.826222 86.695891 62.116944 40.271764 25.935457 269.300379 221.842439 170.892303 143.874979 96.873988 147.948414
117.000000 278.887864 199.943342 150.016442 118.263400 98.876206 86.740863 62.151707 40.297357 25.954945 269.420016 221.942771 170.971855 143.943477 96.923166 148.018581
117.050000 279.011344 200.034712 150.087426 118.321363 98.926190 86.785835 62.186470 40.322950 25.974433 269.539652 222.043102 171.051405 144.011974 96.972344 148.088746
117.100000 279.134822 200.126081 150.158408 118.379326 98.976172 86.830806 62.221233 40.348544 25.993921 269.659285 222.143431 171.130954 144.080470 97.021521 148.158911
117.150000 279.258299 200.217448 150.229389 118.437288 99.026155 86.875777 62.255995 40.374136 26.013409 269.778916 222.243759 171.210502 144.148965 97.070697 148.229074
117.200000 279.381773 200.308814 150.300369 118.495250 99.076136 86.920748 62.290757 40.399729 26.032897 269.898546 222.344085 171.290049 144.217459 97.119873 148.299237
117.250000 279.505246 200.400179 150.371349 118.553210 99.126117 86.965717 62.325518 40.425322 26.052385 270.018173 222.444409 171.369595 144.285953 97.169049 148.369399
117.300000 279.628716 200.491542 150.442327 118.611170 99.176098 87.010687 62.360280 40.450915 26.071873 270.137799 222.544732 171.449139 144.354445 97.218224 148.439559
117.350000 279.752184 200.582904 150.513304 118.669129 99.226077 87.055655 62.395041 40.476507 26.091361 270.257422 222.645054 171.528682 144.422936 97.267398 148.509719
117.400000 279.875651 200.674265 150.584280 118.727088 99.276056 87.100624 62.429801 40.502099 26.110849 270.377044 222.745373 171.608225 144.491427 97.316572 148.579877
