web/models/kne/11/Metzger_0.006880_0.402759_0.450000.dat
# %ECSV 0.9
# ---
# datatype:
# - {name: time, datatype: float64}
# - {name: sdss_u, datatype: float64}
# - {name: sdss_g, datatype: float64}
# - {name: sdss_r, datatype: float64}
# - {name: sdss_i, datatype: float64}
# - {name: sdss_z, datatype: float64}
# - {name: PS1_y, datatype: float64}
# - {name: ukirt_J, datatype: float64}
# - {name: ukirt_H, datatype: float64}
# - {name: ukirt_K, datatype: float64}
# - {name: johnson_U, datatype: float64}
# - {name: johnson_B, datatype: float64}
# - {name: johnson_V, datatype: float64}
# - {name: johnson_R, datatype: float64}
# - {name: johnson_I, datatype: float64}
# - {name: Clear, datatype: float64}
# meta: !!omap
# - comment: [vej = 0.4027586206896552, mej = 0.006880363458522626, Ye = 0.45, redshift = 0.0]
# schema: astropy-2.0
time sdss_u sdss_g sdss_r sdss_i sdss_z PS1_y ukirt_J ukirt_H ukirt_K johnson_U johnson_B johnson_V johnson_R johnson_I Clear
[from data line 1428]
71.500000 604.361494 441.170172 337.754339 271.842069 231.517306 206.233318 154.858969 108.946579 78.586359 584.805034 486.679093 381.186996 325.158567 227.450643 333.611105
71.550000 604.772447 441.474665 337.991240 272.035803 231.684582 206.383978 154.975782 109.032990 78.652529 585.203238 487.013294 381.452300 325.387225 227.615248 333.845294
71.600000 605.183385 441.779147 338.228132 272.229531 231.851853 206.534634 155.092591 109.119399 78.718697 585.601428 487.347483 381.717595 325.615875 227.779848 334.079476
71.650000 605.594309 442.083618 338.465016 272.423252 232.019118 206.685285 155.209397 109.205806 78.784864 585.999604 487.681660 381.982881 325.844517 227.944442 334.313649
71.700000 606.005217 442.388079 338.701892 272.616967 232.186378 206.835931 155.326199 109.292210 78.851030 586.397766 488.015826 382.248158 326.073151 228.109032 334.547814
71.750000 606.416111 442.692529 338.938760 272.810675 232.353632 206.986572 155.442998 109.378612 78.917193 586.795913 488.349980 382.513425 326.301777 228.273615 334.781971
71.800000 606.826990 442.996968 339.175619 273.004377 232.520881 207.137209 155.559793 109.465012 78.983356 587.194046 488.684121 382.778683 326.530396 228.438194 335.016121
71.850000 607.237855 443.301397 339.412471 273.198073 232.688124 207.287841 155.676585 109.551409 79.049517 587.592164 489.018252 383.043932 326.759007 228.602767 335.250262
71.900000 607.648704 443.605815 339.649315 273.391762 232.855363 207.438468 155.793373 109.637804 79.115676 587.990269 489.352370 383.309172 326.987610 228.767335 335.484395
71.950000 608.059539 443.910222 339.886151 273.585445 233.022595 207.589090 155.910158 109.724197 79.181834 588.388359 489.686476 383.574403 327.216206 228.931898 335.718521
72.000000 608.470360 444.214619 340.122978 273.779122 233.189823 207.739707 156.026940 109.810587 79.247990 588.786435 490.020571 383.839625 327.444793 229.096455 335.952638
72.050000 608.881165 444.519005 340.359798 273.972792 233.357045 207.890320 156.143718 109.896976 79.314145 589.184497 490.354654 384.104837 327.673373 229.261007 336.186748
72.100000 609.291956 444.823381 340.596609 274.166455 233.524261 208.040928 156.260492 109.983362 79.380298 589.582544 490.688725 384.370041 327.901946 229.425554 336.420849
72.150000 609.702733 445.127746 340.833413 274.360112 233.691472 208.191531 156.377263 110.069745 79.446449 589.980578 491.022785 384.635235 328.130510 229.590095 336.654943
72.200000 610.113494 445.432100 341.070208 274.553763 233.858678 208.342130 156.494031 110.156126 79.512599 590.378597 491.356833 384.900420 328.359067 229.754631 336.889029
72.250000 610.524241 445.736444 341.306996 274.747408 234.025879 208.492724 156.610795 110.242505 79.578748 590.776602 491.690869 385.165596 328.587616 229.919162 337.123107
72.300000 610.934974 446.040777 341.543775 274.941046 234.193074 208.643313 156.727556 110.328882 79.644895 591.174594 492.024893 385.430763 328.816158 230.083688 337.357177
72.350000 611.345692 446.345099 341.780546 275.134678 234.360263 208.793897 156.844313 110.415256 79.711041 591.572571 492.358906 385.695921 329.044692 230.248209 337.591239
72.400000 611.756395 446.649412 342.017310 275.328303 234.527448 208.944477 156.961067 110.501629 79.777184 591.970533 492.692907 385.961070 329.273218 230.412724 337.825293
72.450000 612.167084 446.953713 342.254065 275.521922 234.694627 209.095051 157.077817 110.587998 79.843327 592.368482 493.026897 386.226210 329.501736 230.577234 338.059339
72.500000 612.577758 447.258004 342.490813 275.715535 234.861800 209.245622 157.194564 110.674366 79.909468 592.766417 493.360874 386.491341 329.730247 230.741738 338.293377
72.550000 612.988418 447.562285 342.727552 275.909141 235.028969 209.396187 157.311308 110.760731 79.975607 593.164338 493.694840 386.756463 329.958750 230.906238 338.527408
72.600000 613.399063 447.866554 342.964284 276.102741 235.196132 209.546748 157.428048 110.847094 80.041745 593.562244 494.028795 387.021575 330.187246 231.070732 338.761431
72.650000 613.809693 448.170814 343.201008 276.296335 235.363289 209.697304 157.544785 110.933455 80.107882 593.960137 494.362738 387.286679 330.415733 231.235221 338.995446
72.700000 614.220309 448.475063 343.437723 276.489922 235.530442 209.847855 157.661518 111.019813 80.174016 594.358015 494.696669 387.551774 330.644214 231.399705 339.229453
72.750000 614.630911 448.779301 343.674431 276.683504 235.697589 209.998402 157.778248 111.106169 80.240150 594.755880 495.030589 387.816859 330.872686 231.564183 339.463452
72.800000 615.041498 449.083529 343.911131 276.877078 235.864730 210.148944 157.894974 111.192523 80.306282 595.153730 495.364497 388.081936 331.101151 231.728657 339.697443
72.850000 615.452071 449.387747 344.147823 277.070647 236.031867 210.299481 158.011697 111.278875 80.372412 595.551567 495.698393 388.347004 331.329608 231.893125 339.931426
72.900000 615.862629 449.691954 344.384507 277.264209 236.198998 210.450013 158.128417 111.365224 80.438541 595.949390 496.032278 388.612062 331.558058 232.057587 340.165402
72.950000 616.273173 449.996151 344.621183 277.457765 236.366124 210.600541 158.245133 111.451571 80.504668 596.347198 496.366151 388.877112 331.786500 232.222045 340.399370
73.000000 616.683702 450.300337 344.857851 277.651314 236.533244 210.751064 158.361846 111.537916 80.570794 596.744993 496.700013 389.142153 332.014935 232.386498 340.633330
73.050000 617.094217 450.604512 345.094511 277.844858 236.700359 210.901583 158.478555 111.624258 80.636918 597.142774 497.033863 389.407184 332.243362 232.550945 340.867282
73.100000 617.504717 450.908678 345.331163 278.038395 236.867469 211.052097 158.595261 111.710598 80.703040 597.540540 497.367702 389.672207 332.471781 232.715387 341.101227
73.150000 617.915204 451.212833 345.567808 278.231925 237.034574 211.202606 158.711963 111.796936 80.769162 597.938293 497.701529 389.937221 332.700193 232.879824 341.335163
73.200000 618.325675 451.516977 345.804444 278.425450 237.201673 211.353110 158.828662 111.883272 80.835281 598.336032 498.035345 390.202226 332.928597 233.044256 341.569092
73.250000 618.736133 451.821111 346.041073 278.618968 237.368767 211.503610 158.945358 111.969605 80.901400 598.733757 498.369149 390.467222 333.156993 233.208682 341.803013
73.300000 619.146576 452.125235 346.277694 278.812480 237.535856 211.654105 159.062050 112.055936 80.967516 599.131468 498.702942 390.732209 333.385382 233.373103 342.036927
73.350000 619.557004 452.429348 346.514307 279.005985 237.702939 211.804596 159.178739 112.142265 81.033631 599.529166 499.036723 390.997187 333.613764 233.537520 342.270832
73.400000 619.967419 452.733451 346.750912 279.199485 237.870017 211.955082 159.295425 112.228592 81.099745 599.926849 499.370492 391.262156 333.842138 233.701931 342.504730
73.450000 620.377819 453.037544 346.987509 279.392978 238.037090 212.105563 159.412107 112.314916 81.165857 600.324519 499.704251 391.527116 334.070504 233.866336 342.738620
73.500000 620.788204 453.341626 347.224098 279.586465 238.204158 212.256039 159.528786 112.401238 81.231968 600.722175 500.037997 391.792068 334.298863 234.030737 342.972502
73.550000 621.198576 453.645698 347.460680 279.779946 238.371220 212.406511 159.645461 112.487558 81.298077 601.119817 500.371733 392.057010 334.527214 234.195133 343.206377
73.600000 621.608933 453.949760 347.697253 279.973420 238.538278 212.556979 159.762133 112.573875 81.364185 601.517445 500.705457 392.321944 334.755558 234.359523 343.440244
73.650000 622.019276 454.253811 347.933819 280.166888 238.705329 212.707441 159.878802 112.660191 81.430291 601.915059 501.039169 392.586869 334.983894 234.523908 343.674103
73.700000 622.429605 454.557852 348.170377 280.360350 238.872376 212.857899 159.995467 112.746504 81.496395 602.312660 501.372870 392.851784 335.212223 234.688288 343.907954
73.750000 622.839919 454.861882 348.406928 280.553806 239.039418 213.008353 160.112129 112.832815 81.562498 602.710247 501.706560 393.116691 335.440544 234.852663 344.141798
73.800000 623.250219 455.165903 348.643470 280.747256 239.206454 213.158802 160.228787 112.919123 81.628600 603.107820 502.040238 393.381590 335.668858 235.017033 344.375634
73.850000 623.660505 455.469913 348.880005 280.940699 239.373485 213.309246 160.345442 113.005429 81.694700 603.505379 502.373905 393.646479 335.897164 235.181398 344.609462
73.900000 624.070777 455.773913 349.116532 281.134136 239.540511 213.459685 160.462094 113.091733 81.760799 603.902925 502.707560 393.911359 336.125463 235.345757 344.843283
73.950000 624.481034 456.077902 349.353051 281.327567 239.707531 213.610120 160.578742 113.178035 81.826896 604.300456 503.041204 394.176231 336.353754 235.510112 345.077096
74.000000 624.891278 456.381881 349.589562 281.520992 239.874546 213.760551 160.695387 113.264335 81.892992 604.697975 503.374837 394.441094 336.582038 235.674461 345.310901
74.050000 625.301507 456.685850 349.826065 281.714410 240.041556 213.910976 160.812029 113.350632 81.959086 605.095479 503.708459 394.705948 336.810314 235.838805 345.544699
74.100000 625.711722 456.989809 350.062561 281.907823 240.208561 214.061398 160.928667 113.436927 82.025178 605.492970 504.042069 394.970793 337.038583 236.003144 345.778489
74.150000 626.121923 457.293757 350.299049 282.101229 240.375561 214.211814 161.045302 113.523220 82.091269 605.890447 504.375667 395.235629 337.266845 236.167478 346.012271
74.200000 626.532109 457.597696 350.535529 282.294629 240.542556 214.362226 161.161934 113.609511 82.157359 606.287910 504.709255 395.500457 337.495099 236.331807 346.246045
74.250000 626.942282 457.901624 350.772002 282.488023 240.709545 214.512634 161.278562 113.695799 82.223447 606.685360 505.042831 395.765276 337.723345 236.496131 346.479812
74.300000 627.352441 458.205541 351.008467 282.681411 240.876529 214.663036 161.395187 113.782085 82.289534 607.082796 505.376396 396.030086 337.951584 236.660450 346.713572
74.350000 627.762585 458.509449 351.244924 282.874792 241.043508 214.813435 161.511809 113.868369 82.355619 607.480219 505.709949 396.294887 338.179816 236.824763 346.947323
74.400000 628.172715 458.813346 351.481373 283.068168 241.210482 214.963828 161.628427 113.954651 82.421703 607.877628 506.043492 396.559680 338.408040 236.989072 347.181067
74.450000 628.582832 459.117234 351.717815 283.261537 241.377450 215.114217 161.745042 114.040930 82.487785 608.275023 506.377023 396.824463 338.636257 237.153375 347.414804
74.500000 628.992934 459.421111 351.954249 283.454900 241.544414 215.264602 161.861654 114.127208 82.553866 608.672405 506.710542 397.089238 338.864466 237.317674 347.648533
74.550000 629.403022 459.724978 352.190675 283.648257 241.711372 215.414982 161.978262 114.213483 82.619945 609.069773 507.044051 397.354005 339.092668 237.481967 347.882254
74.600000 629.813096 460.028834 352.427093 283.841608 241.878325 215.565357 162.094867 114.299756 82.686023 609.467127 507.377548 397.618762 339.320863 237.646255 348.115968
74.650000 630.223156 460.332681 352.663504 284.034953 242.045273 215.715728 162.211468 114.386026 82.752099 609.864468 507.711034 397.883511 339.549050 237.810538 348.349674
74.700000 630.633202 460.636517 352.899907 284.228292 242.212215 215.866094 162.328067 114.472294 82.818174 610.261796 508.044509 398.148251 339.777230 237.974816 348.583372
74.750000 631.043235 460.940344 353.136302 284.421624 242.379153 216.016456 162.444661 114.558561 82.884247 610.659109 508.377972 398.412982 340.005402 238.139089 348.817063
74.800000 631.453253 461.244160 353.372690 284.614951 242.546085 216.166813 162.561253 114.644824 82.950319 611.056410 508.711425 398.677705 340.233567 238.303357 349.050746
74.850000 631.863257 461.547966 353.609070 284.808271 242.713013 216.317166 162.677841 114.731086 83.016389 611.453697 509.044866 398.942419 340.461725 238.467620 349.284422
74.900000 632.273247 461.851762 353.845443 285.001585 242.879935 216.467514 162.794426 114.817346 83.082458 611.850970 509.378296 399.207124 340.689875 238.631878 349.518090
74.950000 632.683223 462.155547 354.081807 285.194893 243.046852 216.617857 162.911008 114.903603 83.148525 612.248230 509.711714 399.471821 340.918018 238.796131 349.751750
75.000000 633.093185 462.459323 354.318164 285.388195 243.213764 216.768196 163.027586 114.989858 83.214591 612.645476 510.045122 399.736509 341.146154 238.960379 349.985403
75.050000 633.503134 462.763089 354.554514 285.581491 243.380670 216.918531 163.144161 115.076111 83.280655 613.042709 510.378519 400.001188 341.374282 239.124621 350.219049
75.100000 633.913068 463.066844 354.790856 285.774781 243.547572 217.068861 163.260733 115.162362 83.346718 613.439929 510.711904 400.265859 341.602403 239.288859 350.452687
75.150000 634.322989 463.370590 355.027190 285.968065 243.714468 217.219186 163.377302 115.248610 83.412780 613.837135 511.045278 400.530521 341.830516 239.453092 350.686317
75.200000 634.732895 463.674325 355.263516 286.161343 243.881360 217.369507 163.493867 115.334856 83.478840 614.234327 511.378641 400.795174 342.058623 239.617320 350.919940
75.250000 635.142788 463.978051 355.499835 286.354614 244.048246 217.519823 163.610429 115.421100 83.544898 614.631506 511.711993 401.059819 342.286722 239.781542 351.153555
75.300000 635.552667 464.281766 355.736147 286.547880 244.215127 217.670135 163.726987 115.507342 83.610955 615.028672 512.045334 401.324455 342.514813 239.945760 351.387163
75.350000 635.962532 464.585471 355.972450 286.741139 244.382003 217.820443 163.843542 115.593582 83.677011 615.425824 512.378664 401.589082 342.742898 240.109973 351.620764
75.400000 636.372383 464.889167 356.208746 286.934393 244.548874 217.970746 163.960094 115.679819 83.743065 615.822963 512.711982 401.853701 342.970975 240.274180 351.854356
75.450000 636.782221 465.192852 356.445035 287.127640 244.715740 218.121044 164.076643 115.766054 83.809117 616.220089 513.045290 402.118311 343.199044 240.438383 352.087942
75.500000 637.192044 465.496527 356.681316 287.320882 244.882601 218.271338 164.193188 115.852287 83.875168 616.617201 513.378586 402.382912 343.427107 240.602581 352.321520
75.550000 637.601854 465.800193 356.917589 287.514117 245.049456 218.421627 164.309730 115.938518 83.941218 617.014300 513.711872 402.647505 343.655162 240.766773 352.555090
75.600000 638.011650 466.103848 357.153855 287.707346 245.216307 218.571912 164.426269 116.024747 84.007266 617.411385 514.045146 402.912090 343.883210 240.930961 352.788653
75.650000 638.421432 466.407493 357.390113 287.900570 245.383152 218.722193 164.542805 116.110973 84.073313 617.808458 514.378409 403.176665 344.111250 241.095144 353.022208
75.700000 638.831200 466.711128 357.626364 288.093787 245.549993 218.872468 164.659337 116.197198 84.139358 618.205516 514.711662 403.441233 344.339283 241.259321 353.255756
75.750000 639.240955 467.014754 357.862607 288.286998 245.716828 219.022740 164.775866 116.283420 84.205402 618.602562 515.044903 403.705791 344.567310 241.423494 353.489297
75.800000 639.650696 467.318369 358.098843 288.480204 245.883658 219.173007 164.892392 116.369640 84.271444 618.999594 515.378133 403.970341 344.795328 241.587662 353.722830
75.850000 640.060423 467.621975 358.335071 288.673403 246.050484 219.323269 165.008914 116.455857 84.337485 619.396613 515.711352 404.234883 345.023340 241.751824 353.956355
75.900000 640.470136 467.925570 358.571291 288.866596 246.217304 219.473527 165.125434 116.542073 84.403524 619.793619 516.044560 404.499416 345.251344 241.915982 354.189873
75.950000 640.879836 468.229156 358.807504 289.059783 246.384119 219.623781 165.241949 116.628286 84.469562 620.190611 516.377758 404.763940 345.479341 242.080135 354.423384
76.000000 641.289522 468.532731 359.043709 289.252965 246.550929 219.774030 165.358462 116.714497 84.535599 620.587590 516.710944 405.028456 345.707331 242.244283 354.656887
