web/models/kne/11/Metzger_0.004482_0.159655_0.450000.dat
# %ECSV 0.9
# ---
# datatype:
# - {name: time, datatype: float64}
# - {name: sdss_u, datatype: float64}
# - {name: sdss_g, datatype: float64}
# - {name: sdss_r, datatype: float64}
# - {name: sdss_i, datatype: float64}
# - {name: sdss_z, datatype: float64}
# - {name: PS1_y, datatype: float64}
# - {name: ukirt_J, datatype: float64}
# - {name: ukirt_H, datatype: float64}
# - {name: ukirt_K, datatype: float64}
# - {name: johnson_U, datatype: float64}
# - {name: johnson_B, datatype: float64}
# - {name: johnson_V, datatype: float64}
# - {name: johnson_R, datatype: float64}
# - {name: johnson_I, datatype: float64}
# - {name: Clear, datatype: float64}
# meta: !!omap
# - comment: [vej = 0.1596551724137931, mej = 0.004482037834891008, Ye = 0.45, redshift = 0.0]
# schema: astropy-2.0
time sdss_u sdss_g sdss_r sdss_i sdss_z PS1_y ukirt_J ukirt_H ukirt_K johnson_U johnson_B johnson_V johnson_R johnson_I Clear
[from data line 1633]
81.750000 463.695655 337.254500 257.171626 206.160305 174.968936 155.420654 115.730550 80.312766 56.939839 448.540053 372.508103 290.799253 247.421235 171.824278 253.964247
81.800000 463.976251 337.462330 257.333257 206.292432 175.082978 155.523340 115.810101 80.371538 56.984776 448.811935 372.736239 290.980298 247.577232 171.936495 254.124025
81.850000 464.256839 337.670155 257.494884 206.424556 175.197019 155.626023 115.889651 80.430308 57.029712 449.083810 372.964368 291.161338 247.733225 172.048710 254.283799
81.900000 464.537420 337.877974 257.656507 206.556676 175.311056 155.728705 115.969199 80.489078 57.074648 449.355678 373.192492 291.342373 247.889214 172.160922 254.443569
81.950000 464.817993 338.085788 257.818126 206.688794 175.425091 155.831384 116.048745 80.547847 57.119583 449.627538 373.420610 291.523404 248.045200 172.273131 254.603335
82.000000 465.098558 338.293597 257.979740 206.820908 175.539123 155.934061 116.128290 80.606615 57.164518 449.899390 373.648722 291.704431 248.201181 172.385338 254.763097
82.050000 465.379116 338.501400 258.141351 206.953019 175.653153 156.036736 116.207833 80.665382 57.209452 450.171236 373.876827 291.885453 248.357159 172.497542 254.922855
82.100000 465.659666 338.709198 258.302958 207.085127 175.767180 156.139408 116.287375 80.724148 57.254386 450.443074 374.104927 292.066470 248.513133 172.609744 255.082609
82.150000 465.940209 338.916990 258.464560 207.217232 175.881204 156.242078 116.366915 80.782913 57.299319 450.714905 374.333021 292.247483 248.669103 172.721944 255.242359
82.200000 466.220744 339.124777 258.626159 207.349334 175.995226 156.344746 116.446453 80.841677 57.344251 450.986728 374.561109 292.428491 248.825069 172.834140 255.402105
82.250000 466.501272 339.332559 258.787754 207.481432 176.109246 156.447411 116.525990 80.900440 57.389183 451.258544 374.789190 292.609494 248.981031 172.946334 255.561847
82.300000 466.781792 339.540335 258.949344 207.613528 176.223262 156.550075 116.605525 80.959202 57.434114 451.530353 375.017266 292.790493 249.136989 173.058526 255.721585
82.350000 467.062305 339.748106 259.110931 207.745620 176.337276 156.652736 116.685059 81.017963 57.479045 451.802155 375.245336 292.971487 249.292944 173.170715 255.881319
82.400000 467.342810 339.955871 259.272513 207.877709 176.451288 156.755394 116.764591 81.076723 57.523975 452.073950 375.473400 293.152477 249.448895 173.282901 256.041050
82.450000 467.623307 340.163631 259.434092 208.009795 176.565296 156.858051 116.844122 81.135483 57.568905 452.345737 375.701457 293.333462 249.604842 173.395085 256.200776
82.500000 467.903797 340.371386 259.595666 208.141878 176.679303 156.960705 116.923651 81.194241 57.613834 452.617517 375.929509 293.514442 249.760785 173.507267 256.360498
82.550000 468.184280 340.579135 259.757237 208.273958 176.793306 157.063357 117.003178 81.252998 57.658762 452.889289 376.157555 293.695418 249.916724 173.619446 256.520216
82.600000 468.464755 340.786879 259.918803 208.406034 176.907307 157.166007 117.082704 81.311754 57.703690 453.161055 376.385595 293.876389 250.072659 173.731622 256.679931
82.650000 468.745222 340.994618 260.080366 208.538108 177.021305 157.268654 117.162228 81.370510 57.748618 453.432813 376.613629 294.057356 250.228591 173.843796 256.839641
82.700000 469.025682 341.202351 260.241925 208.670178 177.135301 157.371299 117.241751 81.429264 57.793544 453.704564 376.841657 294.238318 250.384518 173.955967 256.999348
82.750000 469.306135 341.410079 260.403479 208.802245 177.249294 157.473942 117.321272 81.488017 57.838471 453.976307 377.069679 294.419276 250.540442 174.068135 257.159050
82.800000 469.586580 341.617802 260.565030 208.934309 177.363285 157.576583 117.400791 81.546769 57.883396 454.248044 377.297695 294.600229 250.696362 174.180301 257.318749
82.850000 469.867017 341.825519 260.726576 209.066370 177.477273 157.679221 117.480309 81.605521 57.928321 454.519773 377.525706 294.781178 250.852278 174.292465 257.478444
82.900000 470.147447 342.033231 260.888119 209.198428 177.591258 157.781857 117.559825 81.664271 57.973246 454.791495 377.753710 294.962122 251.008191 174.404626 257.638135
82.950000 470.427870 342.240938 261.049657 209.330483 177.705241 157.884491 117.639340 81.723021 58.018170 455.063210 377.981708 295.143061 251.164099 174.516785 257.797821
83.000000 470.708285 342.448639 261.211192 209.462534 177.819222 157.987122 117.718853 81.781769 58.063093 455.334918 378.209701 295.323996 251.320004 174.628941 257.957504
83.050000 470.988693 342.656335 261.372723 209.594583 177.933199 158.089752 117.798364 81.840517 58.108016 455.606618 378.437687 295.504926 251.475905 174.741094 258.117183
83.100000 471.269093 342.864025 261.534249 209.726628 178.047174 158.192379 117.877874 81.899263 58.152938 455.878311 378.665668 295.685852 251.631802 174.853245 258.276859
83.150000 471.549486 343.071711 261.695772 209.858670 178.161147 158.295004 117.957383 81.958009 58.197860 456.149997 378.893642 295.866773 251.787695 174.965393 258.436530
83.200000 471.829871 343.279391 261.857291 209.990709 178.275117 158.397626 118.036890 82.016753 58.242781 456.421676 379.121611 296.047690 251.943585 175.077539 258.596197
83.250000 472.110249 343.487065 262.018805 210.122745 178.389084 158.500246 118.116395 82.075497 58.287702 456.693348 379.349574 296.228602 252.099471 175.189682 258.755860
83.300000 472.390620 343.694735 262.180316 210.254778 178.503049 158.602864 118.195898 82.134240 58.332622 456.965012 379.577531 296.409510 252.255352 175.301823 258.915520
83.350000 472.670983 343.902399 262.341823 210.386808 178.617011 158.705480 118.275400 82.192981 58.377541 457.236670 379.805482 296.590413 252.411231 175.413961 259.075175
83.400000 472.951339 344.110057 262.503326 210.518835 178.730971 158.808094 118.354901 82.251722 58.422460 457.508320 380.033427 296.771311 252.567105 175.526097 259.234827
83.450000 473.231687 344.317711 262.664825 210.650859 178.844928 158.910705 118.434400 82.310462 58.467379 457.779963 380.261367 296.952206 252.722975 175.638230 259.394475
83.500000 473.512028 344.525359 262.826320 210.782879 178.958882 159.013314 118.513897 82.369201 58.512296 458.051599 380.489300 297.133095 252.878842 175.750361 259.554118
83.550000 473.792361 344.733002 262.987811 210.914897 179.072834 159.115921 118.593393 82.427938 58.557214 458.323227 380.717228 297.313980 253.034705 175.862489 259.713758
83.600000 474.072687 344.940639 263.149298 211.046911 179.186783 159.218526 118.672887 82.486675 58.602130 458.594849 380.945149 297.494861 253.190564 175.974615 259.873394
83.650000 474.353006 345.148272 263.310781 211.178922 179.300730 159.321128 118.752380 82.545411 58.647046 458.866463 381.173065 297.675737 253.346420 176.086738 260.033027
83.700000 474.633317 345.355899 263.472260 211.310930 179.414674 159.423728 118.831871 82.604146 58.691962 459.138071 381.400975 297.856608 253.502271 176.198859 260.192655
83.750000 474.913621 345.563520 263.633736 211.442936 179.528616 159.526326 118.911361 82.662880 58.736877 459.409671 381.628879 298.037475 253.658119 176.310977 260.352279
83.800000 475.193918 345.771137 263.795207 211.574938 179.642555 159.628922 118.990849 82.721613 58.781791 459.681264 381.856777 298.218338 253.813963 176.423093 260.511900
83.850000 475.474207 345.978748 263.956674 211.706936 179.756492 159.731515 119.070335 82.780345 58.826705 459.952850 382.084670 298.399196 253.969804 176.535206 260.671516
83.900000 475.754489 346.186354 264.118138 211.838932 179.870425 159.834107 119.149820 82.839076 58.871618 460.224429 382.312556 298.580049 254.125640 176.647316 260.831129
83.950000 476.034763 346.393955 264.279597 211.970925 179.984357 159.936696 119.229303 82.897806 58.916531 460.496000 382.540437 298.760899 254.281473 176.759425 260.990738
84.000000 476.315030 346.601550 264.441053 212.102915 180.098286 160.039282 119.308785 82.956536 58.961443 460.767565 382.768311 298.941743 254.437302 176.871530 261.150343
84.050000 476.595290 346.809140 264.602505 212.234901 180.212212 160.141867 119.388265 83.015264 59.006355 461.039123 382.996180 299.122583 254.593127 176.983633 261.309944
84.100000 476.875542 347.016725 264.763952 212.366885 180.326136 160.244449 119.467744 83.073991 59.051266 461.310673 383.224044 299.303419 254.748949 177.095734 261.469541
84.150000 477.155787 347.224305 264.925396 212.498865 180.440057 160.347029 119.547221 83.132717 59.096176 461.582216 383.451901 299.484250 254.904766 177.207832 261.629135
84.200000 477.436025 347.431879 265.086836 212.630843 180.553976 160.449607 119.626696 83.191443 59.141086 461.853753 383.679752 299.665077 255.060580 177.319928 261.788724
84.250000 477.716256 347.639448 265.248272 212.762817 180.667892 160.552183 119.706170 83.250167 59.185995 462.125282 383.907598 299.845899 255.216391 177.432021 261.948310
84.300000 477.996479 347.847012 265.409704 212.894789 180.781805 160.654756 119.785643 83.308890 59.230904 462.396804 384.135438 300.026717 255.372197 177.544112 262.107892
84.350000 478.276694 348.054571 265.571133 213.026757 180.895716 160.757328 119.865114 83.367613 59.275812 462.668319 384.363272 300.207530 255.528000 177.656200 262.267470
84.400000 478.556903 348.262125 265.732557 213.158722 181.009625 160.859897 119.944583 83.426334 59.320720 462.939827 384.591100 300.388339 255.683799 177.768286 262.427044
84.450000 478.837104 348.469673 265.893977 213.290684 181.123531 160.962463 120.024051 83.485055 59.365627 463.211328 384.818923 300.569143 255.839594 177.880369 262.586614
84.500000 479.117298 348.677216 266.055394 213.422643 181.237434 161.065028 120.103517 83.543774 59.410533 463.482822 385.046739 300.749943 255.995386 177.992449 262.746181
84.550000 479.397485 348.884754 266.216806 213.554599 181.351335 161.167590 120.182982 83.602493 59.455439 463.754309 385.274550 300.930739 256.151173 178.104528 262.905743
84.600000 479.677664 349.092286 266.378215 213.686552 181.465233 161.270151 120.262445 83.661211 59.500345 464.025788 385.502355 301.111530 256.306958 178.216603 263.065302
84.650000 479.957836 349.299814 266.539620 213.818502 181.579129 161.372709 120.341906 83.719927 59.545250 464.297261 385.730154 301.292316 256.462738 178.328677 263.224857
84.700000 480.238001 349.507336 266.701021 213.950449 181.693023 161.475264 120.421366 83.778643 59.590154 464.568727 385.957948 301.473098 256.618514 178.440747 263.384408
84.750000 480.518158 349.714853 266.862418 214.082393 181.806913 161.577818 120.500825 83.837358 59.635057 464.840186 386.185736 301.653876 256.774287 178.552816 263.543955
84.800000 480.798308 349.922365 267.023811 214.214334 181.920802 161.680369 120.580282 83.896072 59.679961 465.111637 386.413518 301.834649 256.930056 178.664882 263.703499
84.850000 481.078451 350.129872 267.185201 214.346271 182.034687 161.782918 120.659737 83.954785 59.724863 465.383082 386.641294 302.015418 257.085822 178.776945 263.863038
84.900000 481.358587 350.337373 267.346586 214.478206 182.148570 161.885465 120.739191 84.013497 59.769765 465.654520 386.869064 302.196183 257.241584 178.889006 264.022574
84.950000 481.638715 350.544869 267.507968 214.610138 182.262451 161.988010 120.818643 84.072208 59.814667 465.925950 387.096829 302.376943 257.397342 179.001064 264.182106
85.000000 481.918836 350.752360 267.669345 214.742066 182.376329 162.090553 120.898094 84.130918 59.859568 466.197374 387.324588 302.557698 257.553096 179.113120 264.341634
85.050000 482.198950 350.959846 267.830719 214.873992 182.490205 162.193093 120.977543 84.189627 59.904468 466.468791 387.552341 302.738449 257.708847 179.225174 264.501159
85.100000 482.479057 351.167327 267.992089 215.005915 182.604078 162.295631 121.056991 84.248335 59.949368 466.740200 387.780088 302.919196 257.864593 179.337225 264.660679
85.150000 482.759156 351.374803 268.153455 215.137834 182.717948 162.398167 121.136437 84.307042 59.994267 467.011603 388.007830 303.099938 258.020337 179.449273 264.820196
85.200000 483.039249 351.582273 268.314817 215.269751 182.831817 162.500701 121.215881 84.365748 60.039166 467.282999 388.235566 303.280676 258.176076 179.561319 264.979709
85.250000 483.319334 351.789738 268.476176 215.401664 182.945682 162.603232 121.295324 84.424453 60.084064 467.554388 388.463296 303.461410 258.331812 179.673363 265.139218
85.300000 483.599412 351.997198 268.637530 215.533575 183.059545 162.705762 121.374766 84.483158 60.128961 467.825769 388.691020 303.642139 258.487544 179.785404 265.298723
85.350000 483.879482 352.204653 268.798881 215.665482 183.173406 162.808289 121.454206 84.541861 60.173858 468.097144 388.918739 303.822863 258.643272 179.897443 265.458224
85.400000 484.159546 352.412103 268.960228 215.797386 183.287264 162.910814 121.533644 84.600564 60.218755 468.368512 389.146452 304.003584 258.798997 180.009479 265.617722
85.450000 484.439602 352.619548 269.121571 215.929288 183.401119 163.013337 121.613081 84.659265 60.263650 468.639873 389.374159 304.184300 258.954718 180.121513 265.777216
85.500000 484.719651 352.826987 269.282910 216.061186 183.514972 163.115857 121.692516 84.717966 60.308546 468.911227 389.601861 304.365011 259.110435 180.233544 265.936706
85.550000 484.999692 353.034421 269.444245 216.193082 183.628823 163.218376 121.771950 84.776665 60.353441 469.182574 389.829556 304.545718 259.266149 180.345573 266.096192
85.600000 485.279727 353.241850 269.605576 216.324974 183.742671 163.320892 121.851382 84.835364 60.398335 469.453914 390.057246 304.726421 259.421859 180.457600 266.255675
85.650000 485.559755 353.449275 269.766904 216.456863 183.856516 163.423406 121.930813 84.894061 60.443228 469.725247 390.284931 304.907119 259.577565 180.569624 266.415154
85.700000 485.839775 353.656693 269.928228 216.588750 183.970359 163.525918 122.010242 84.952758 60.488121 469.996573 390.512609 305.087813 259.733268 180.681645 266.574629
85.750000 486.119788 353.864107 270.089548 216.720633 184.084200 163.628428 122.089670 85.011454 60.533014 470.267893 390.740282 305.268503 259.888967 180.793664 266.734100
85.800000 486.399794 354.071516 270.250864 216.852513 184.198038 163.730935 122.169096 85.070149 60.577906 470.539205 390.967950 305.449188 260.044662 180.905681 266.893567
85.850000 486.679793 354.278919 270.412176 216.984391 184.311873 163.833441 122.248521 85.128843 60.622797 470.810510 391.195611 305.629869 260.200354 181.017695 267.053031
85.900000 486.959784 354.486318 270.573485 217.116265 184.425706 163.935944 122.327944 85.187536 60.667688 471.081809 391.423267 305.810545 260.356042 181.129707 267.212491
85.950000 487.239769 354.693711 270.734789 217.248137 184.539537 164.038445 122.407366 85.246228 60.712578 471.353100 391.650917 305.991218 260.511726 181.241716 267.371947
86.000000 487.519746 354.901099 270.896090 217.380005 184.653365 164.140944 122.486786 85.304919 60.757468 471.624385 391.878562 306.171885 260.667406 181.353723 267.531399
86.050000 487.799716 355.108482 271.057387 217.511870 184.767190 164.243440 122.566204 85.363609 60.802357 471.895663 392.106201 306.352549 260.823083 181.465728 267.690847
86.100000 488.079679 355.315860 271.218680 217.643733 184.881013 164.345935 122.645621 85.422298 60.847246 472.166934 392.333834 306.533208 260.978757 181.577730 267.850292
86.150000 488.359635 355.523233 271.379969 217.775592 184.994834 164.448427 122.725037 85.480986 60.892134 472.438198 392.561462 306.713862 261.134426 181.689729 268.009733
86.200000 488.639584 355.730601 271.541255 217.907448 185.108652 164.550917 122.804451 85.539673 60.937021 472.709455 392.789084 306.894513 261.290092 181.801726 268.169171
86.250000 488.919526 355.937964 271.702537 218.039302 185.222468 164.653405 122.883863 85.598360 60.981908 472.980705 393.016700 307.075159 261.445755 181.913721 268.328604
86.300000 489.199460 356.145321 271.863815 218.171152 185.336281 164.755891 122.963274 85.657045 61.026795 473.251949 393.244310 307.255800 261.601413 182.025713 268.488034
