web/models/kne/11/Metzger_0.171250_0.435172_0.100000.dat
# %ECSV 0.9
# ---
# datatype:
# - {name: time, datatype: float64}
# - {name: sdss_u, datatype: float64}
# - {name: sdss_g, datatype: float64}
# - {name: sdss_r, datatype: float64}
# - {name: sdss_i, datatype: float64}
# - {name: sdss_z, datatype: float64}
# - {name: PS1_y, datatype: float64}
# - {name: ukirt_J, datatype: float64}
# - {name: ukirt_H, datatype: float64}
# - {name: ukirt_K, datatype: float64}
# - {name: johnson_U, datatype: float64}
# - {name: johnson_B, datatype: float64}
# - {name: johnson_V, datatype: float64}
# - {name: johnson_R, datatype: float64}
# - {name: johnson_I, datatype: float64}
# - {name: Clear, datatype: float64}
# meta: !!omap
# - comment: [vej = 0.43517241379310345, mej = 0.17124990861880945, Ye = 0.1, redshift = 0.0]
# schema: astropy-2.0
time sdss_u sdss_g sdss_r sdss_i sdss_z PS1_y ukirt_J ukirt_H ukirt_K johnson_U johnson_B johnson_V johnson_R johnson_I Clear
0.100000 nan nan nan nan nan nan nan nan nan nan nan nan nan nan nan
0.150000 nan nan nan nan nan nan nan nan nan nan nan nan nan nan nan
0.200000 -11.954603 -13.280977 -13.933205 -14.226938 -14.339375 -14.375776 -14.341113 -14.128947 -13.833269 -12.127448 -12.940781 -13.682949 -13.998127 -14.347186 -13.954970
0.250000 -11.876356 -13.347285 -14.090032 -14.440161 -14.586174 -14.643116 -14.648561 -14.469839 -14.194728 -12.066560 -12.966882 -13.801963 -14.165841 -14.597319 -14.115383
0.300000 -11.697799 -13.316504 -14.152059 -14.560222 -14.740893 -14.819079 -14.866095 -14.722095 -14.468334 -11.905736 -12.894964 -13.825179 -14.239054 -14.755483 -14.181094
0.350000 -11.473352 -13.236052 -14.162254 -14.627286 -14.842016 -14.941122 -15.029163 -14.919499 -14.686856 -11.698559 -12.774402 -13.797433 -14.260197 -14.859997 -14.194893
0.400000 -11.224304 -13.125902 -14.139704 -14.659843 -14.907666 -15.027135 -15.155200 -15.079107 -14.867122 -11.466162 -12.625544 -13.738189 -14.248244 -14.928945 -14.175831
0.450000 -10.960852 -12.996311 -14.094655 -14.668104 -14.948013 -15.087262 -15.254286 -15.210947 -15.019133 -11.218753 -12.458635 -13.657708 -14.213438 -14.972494 -14.134154
0.500000 -10.688514 -12.853211 -14.033270 -14.658344 -14.969391 -15.127865 -15.332836 -15.321477 -15.149375 -10.961899 -12.279498 -13.562058 -14.161962 -14.996983 -14.076030
0.550000 -10.410524 -12.700318 -13.959539 -14.634709 -14.976025 -15.153217 -15.395207 -15.415119 -15.262313 -10.698897 -12.091716 -13.455120 -14.097840 -15.006644 -14.005461
0.600000 -10.128899 -12.540098 -13.876195 -14.600081 -14.970882 -15.166332 -15.444496 -15.495040 -15.361159 -10.431814 -11.897631 -13.339518 -14.023836 -15.004452 -13.925191
0.650000 -9.844944 -12.374258 -13.785189 -14.556551 -14.956126 -15.169416 -15.482992 -15.563590 -15.448302 -10.162007 -11.698841 -13.217102 -13.941926 -14.992578 -13.837177
0.700000 -9.559540 -12.204026 -13.687957 -14.505676 -14.933384 -15.164135 -15.512431 -15.622565 -15.525573 -9.890397 -11.496478 -13.089225 -13.853573 -14.972656 -13.742866
0.750000 -9.273292 -12.030309 -13.585588 -14.448654 -14.903911 -15.151780 -15.534165 -15.673364 -15.594403 -9.617627 -11.291365 -12.956898 -13.759885 -14.945946 -13.643354
0.800000 -8.986628 -11.853792 -13.478926 -14.386420 -14.868695 -15.133368 -15.549267 -15.717103 -15.655933 -9.344154 -11.084115 -12.820902 -13.661726 -14.913442 -13.539489
0.850000 -8.699855 -11.675004 -13.368637 -14.319721 -14.828529 -15.109717 -15.558602 -15.754684 -15.711089 -9.070314 -10.875197 -12.681844 -13.559776 -14.875940 -13.431943
0.900000 -8.413196 -11.494361 -13.255254 -14.249162 -14.784057 -15.081495 -15.562879 -15.786848 -15.760632 -8.796351 -10.664972 -12.540210 -13.454585 -14.834089 -13.321255
0.950000 -8.126817 -11.312195 -13.139213 -14.175241 -14.735810 -15.049254 -15.562687 -15.814212 -15.805194 -8.522452 -10.453726 -12.396392 -13.346598 -14.788423 -13.207864
1.000000 -7.840839 -11.128773 -13.020873 -14.098370 -14.684233 -15.013455 -15.558519 -15.837293 -15.845307 -8.248756 -10.241687 -12.250712 -13.236186 -14.739389 -13.092131
1.050000 -7.555354 -10.944314 -12.900531 -14.018896 -14.629699 -14.974488 -15.550792 -15.856529 -15.881423 -7.975369 -10.029038 -12.103434 -13.123657 -14.687364 -12.974359
1.100000 -7.270430 -10.759001 -12.778440 -13.937113 -14.572526 -14.932686 -15.539865 -15.872298 -15.913930 -7.702374 -9.815929 -11.954782 -13.009271 -14.632668 -12.854803
1.150000 -6.986119 -10.572984 -12.654813 -13.853273 -14.512988 -14.888333 -15.526045 -15.884922 -15.943162 -7.429834 -9.602483 -11.804942 -12.893247 -14.575576 -12.733677
1.200000 -6.702460 -10.386390 -12.529832 -13.767592 -14.451320 -14.841676 -15.509598 -15.894685 -15.969408 -7.157799 -9.388803 -11.654074 -12.775777 -14.516326 -12.611167
1.250000 -6.419481 -10.199327 -12.403656 -13.680258 -14.387728 -14.792931 -15.490759 -15.901832 -15.992923 -6.886306 -9.174975 -11.502316 -12.657023 -14.455125 -12.487431
1.300000 -6.137203 -10.011887 -12.276420 -13.591434 -14.322391 -14.742287 -15.469732 -15.906580 -16.013930 -6.615385 -8.961070 -11.349784 -12.537126 -14.392153 -12.362610
1.350000 -5.855641 -9.824149 -12.148244 -13.501264 -14.255466 -14.689909 -15.446697 -15.909120 -16.032627 -6.345058 -8.747150 -11.196580 -12.416210 -14.327570 -12.236821
1.400000 -5.574805 -9.636180 -12.019230 -13.409875 -14.187093 -14.635945 -15.421816 -15.909622 -16.049188 -6.075343 -8.533266 -11.042794 -12.294384 -14.261517 -12.110172
1.450000 -5.294700 -9.448038 -11.889472 -13.317379 -14.117396 -14.580524 -15.395232 -15.908238 -16.063770 -5.806251 -8.319462 -10.888504 -12.171744 -14.194118 -11.982755
1.500000 -5.015330 -9.259775 -11.759048 -13.223875 -14.046485 -14.523764 -15.367071 -15.905104 -16.076513 -5.537791 -8.105775 -10.733776 -12.048373 -14.125484 -11.854651
1.550000 -4.736695 -9.071434 -11.628032 -13.129451 -13.974459 -14.465770 -15.337449 -15.900341 -16.087544 -5.269969 -7.892237 -10.578672 -11.924346 -14.055716 -11.725934
1.600000 -4.458793 -8.883053 -11.496486 -13.034187 -13.901405 -14.406634 -15.306470 -15.894060 -16.096976 -5.002787 -7.678875 -10.423244 -11.799730 -13.984902 -11.596667
1.650000 -4.181620 -8.694666 -11.364467 -12.938153 -13.827404 -14.346441 -15.274227 -15.886361 -16.104911 -4.736246 -7.465712 -10.267538 -11.674584 -13.913122 -11.466909
1.700000 -3.905171 -8.506301 -11.232026 -12.841415 -13.752528 -14.285269 -15.240805 -15.877334 -16.111444 -4.470346 -7.252767 -10.111597 -11.548961 -13.840450 -11.336710
1.750000 -3.629441 -8.317984 -11.099206 -12.744028 -13.676840 -14.223185 -15.206280 -15.867061 -16.116660 -4.205083 -7.040057 -9.955457 -11.422909 -13.766951 -11.206116
1.800000 -3.354421 -8.129736 -10.966050 -12.646046 -13.600400 -14.160254 -15.170723 -15.855617 -16.120635 -3.940454 -6.827594 -9.799150 -11.296470 -13.692684 -11.075169
1.850000 -3.080102 -7.941577 -10.832592 -12.547515 -13.523262 -14.096531 -15.134197 -15.843072 -16.123442 -3.676453 -6.615392 -9.642706 -11.169683 -13.617704 -10.943905
1.900000 -2.806477 -7.753522 -10.698865 -12.448477 -13.445473 -14.032069 -15.096763 -15.829487 -16.125146 -3.413075 -6.403458 -9.486150 -11.042581 -13.542058 -10.812357
1.950000 -2.533535 -7.565585 -10.564899 -12.348972 -13.367078 -13.966916 -15.058472 -15.814922 -16.125805 -3.150312 -6.191800 -9.329504 -10.915195 -13.465793 -10.680555
2.000000 -2.261266 -7.377779 -10.430719 -12.249034 -13.288118 -13.901116 -15.019375 -15.799429 -16.125477 -2.888158 -5.980425 -9.172789 -10.787554 -13.388949 -10.548526
2.050000 -1.989658 -7.190114 -10.296348 -12.148695 -13.208628 -13.834708 -14.979516 -15.783057 -16.124211 -2.626602 -5.769335 -9.016024 -10.659683 -13.311564 -10.416293
2.100000 -1.718701 -7.002598 -10.161809 -12.047985 -13.128644 -13.767728 -14.938939 -15.765853 -16.122054 -2.365638 -5.558534 -8.859223 -10.531604 -13.233671 -10.283879
2.150000 -1.448384 -6.815238 -10.027120 -11.946929 -13.048196 -13.700211 -14.897680 -15.747857 -16.119051 -2.105254 -5.348025 -8.702400 -10.403337 -13.155302 -10.151302
2.200000 -1.178693 -6.628041 -9.892297 -11.845552 -12.967312 -13.632187 -14.855777 -15.729108 -16.115242 -1.845443 -5.137807 -8.545569 -10.274902 -13.076486 -10.018580
2.250000 -0.909618 -6.441010 -9.757357 -11.743875 -12.886018 -13.563684 -14.813261 -15.709644 -16.110664 -1.586192 -4.927882 -8.388739 -10.146314 -12.997249 -9.885729
2.300000 -0.641146 -6.254150 -9.622313 -11.641920 -12.804338 -13.494730 -14.770164 -15.689497 -16.105352 -1.327493 -4.718247 -8.231921 -10.017588 -12.917616 -9.752763
2.350000 -0.373264 -6.067463 -9.487177 -11.539704 -12.722295 -13.425349 -14.726513 -15.668698 -16.099340 -1.069334 -4.508903 -8.075122 -9.888738 -12.837608 -9.619695
2.400000 -0.105961 -5.880951 -9.351960 -11.437244 -12.639909 -13.355562 -14.682336 -15.647278 -16.092657 -0.811706 -4.299845 -7.918350 -9.759777 -12.757248 -9.486535
2.450000 -0.004244 -5.808641 -9.298320 -11.395526 -12.605498 -13.325737 -14.661834 -15.635063 -16.085812 -0.713510 -4.219329 -7.856864 -9.708413 -12.723574 -9.433644
2.500000 0.259626 -5.624200 -9.164308 -11.293719 -12.523426 -13.256054 -14.617337 -15.612961 -16.078231 -0.459152 -4.012723 -7.701661 -9.580552 -12.643495 -9.301655
2.550000 0.522966 -5.439927 -9.030237 -11.191705 -12.441059 -13.186020 -14.572378 -15.590311 -16.070058 -0.205281 -3.806386 -7.546494 -9.452602 -12.563110 -9.169597
2.600000 0.574974 -5.401819 -9.000953 -11.168058 -12.420865 -13.167994 -14.558761 -15.580617 -16.062910 -0.154937 -3.764399 -7.513502 -9.424395 -12.543265 -9.140668
2.650000 0.834485 -5.219965 -8.868403 -11.066994 -12.339098 -13.098340 -14.513740 -15.557523 -16.054060 0.095274 -3.560874 -7.360233 -9.297857 -12.463445 -9.010095
2.700000 0.879471 -5.186659 -8.842513 -11.045840 -12.320846 -13.081910 -14.501016 -15.548098 -16.046779 0.138862 -3.524309 -7.331227 -9.272872 -12.445486 -8.984503
2.750000 1.135273 -5.007164 -8.711467 -10.945733 -12.239700 -13.012668 -14.455984 -15.524627 -16.037325 0.385526 -3.323520 -7.179821 -9.147733 -12.366254 -8.855399
2.800000 1.390629 -4.827816 -8.580376 -10.845459 -12.158313 -12.943138 -14.410573 -15.500704 -16.027382 0.631780 -3.122962 -7.028452 -9.022527 -12.286774 -8.726244
2.850000 1.425691 -4.801316 -8.559313 -10.827868 -12.142850 -12.929011 -14.399163 -15.491714 -16.019969 0.665817 -3.094073 -7.005104 -9.002127 -12.271525 -8.705399
2.900000 1.677485 -4.624258 -8.429706 -10.728563 -12.062117 -12.859937 -14.353808 -15.467501 -16.009520 0.908661 -2.896159 -6.855557 -8.878306 -12.192667 -8.577695
2.950000 1.706080 -4.602217 -8.411826 -10.713341 -12.048524 -12.847367 -14.343318 -15.458865 -16.002092 0.936471 -2.872289 -6.835929 -8.860934 -12.179238 -8.559982
3.000000 1.954421 -4.427394 -8.283680 -10.615003 -11.968454 -12.778767 -14.298054 -15.434407 -15.991193 1.176008 -2.676951 -6.688168 -8.738480 -12.101013 -8.433708
3.050000 2.202388 -4.252692 -8.155495 -10.516524 -11.888182 -12.709926 -14.252470 -15.409568 -15.979881 1.415202 -2.481804 -6.540435 -8.615967 -12.022578 -8.307389
3.100000 2.221758 -4.237028 -8.142183 -10.504715 -11.877294 -12.699616 -14.243337 -15.401484 -15.972482 1.434128 -2.465106 -6.526135 -8.602942 -12.011783 -8.294171
3.150000 2.466403 -4.064494 -8.015434 -10.407204 -11.797703 -12.631276 -14.197891 -15.376465 -15.960791 1.670138 -2.272449 -6.380146 -8.481776 -11.934000 -8.169258
3.200000 2.710713 -3.892068 -7.888647 -10.309563 -11.717926 -12.562715 -14.152154 -15.351099 -15.948725 1.905839 -2.079963 -6.234181 -8.360555 -11.856026 -8.044302
3.250000 2.721224 -3.882552 -7.879763 -10.301083 -11.709693 -12.554637 -14.144392 -15.343620 -15.941430 1.916232 -2.070170 -6.225031 -8.351748 -11.847819 -8.035444
3.300000 2.962335 -3.712230 -7.754385 -10.204407 -11.630608 -12.486598 -14.098831 -15.318127 -15.929047 2.148865 -1.880094 -6.080767 -8.231851 -11.770510 -7.911868
3.350000 3.203146 -3.542001 -7.628969 -10.107610 -11.551352 -12.418355 -14.053003 -15.292315 -15.916320 2.381224 -1.690168 -5.936520 -8.111900 -11.693024 -7.788250
3.400000 3.205143 -3.538416 -7.624376 -10.102373 -11.545719 -12.412475 -14.046618 -15.285480 -15.909190 2.383411 -1.687027 -5.932350 -8.107184 -11.687352 -7.783616
3.450000 3.442870 -3.370230 -7.500341 -10.006534 -11.467162 -12.344768 -14.000997 -15.259587 -15.896199 2.612811 -1.499434 -5.789762 -7.988533 -11.610539 -7.661352
3.500000 3.680331 -3.202123 -7.376267 -9.910580 -11.388444 -12.276873 -13.955129 -15.233400 -15.882891 2.841967 -1.311974 -5.647184 -7.869829 -11.533560 -7.539044
3.550000 3.674137 -3.204261 -7.375830 -9.908499 -11.385355 -12.273150 -13.950119 -15.227238 -15.875976 2.836259 -1.315243 -5.647829 -7.869078 -11.530369 -7.538504
3.600000 3.908622 -3.038136 -7.253108 -9.813494 -11.307339 -12.205802 -13.904484 -15.201007 -15.862450 3.062557 -1.130043 -5.506869 -7.751649 -11.454068 -7.417523
3.650000 4.142871 -2.872078 -7.130345 -9.718381 -11.229171 -12.138275 -13.858619 -15.174504 -15.848630 3.288640 -0.944956 -5.365912 -7.634166 -11.377611 -7.296497
3.700000 4.376894 -2.706083 -7.007541 -9.623160 -11.150856 -12.070576 -13.812530 -15.147736 -15.834524 3.514517 -0.759977 -5.224958 -7.516629 -11.301003 -7.175425
3.750000 4.360167 -2.715609 -7.012495 -9.625194 -11.151101 -12.069696 -13.809363 -15.142524 -15.827970 3.498652 -0.771513 -5.231833 -7.521025 -11.301066 -7.180196
3.800000 4.591334 -2.551530 -6.891012 -9.530912 -11.073492 -12.002557 -13.763536 -15.115756 -15.813698 3.721785 -0.588713 -5.092450 -7.404736 -11.225141 -7.060420
3.850000 4.822302 -2.387502 -6.769484 -9.436527 -10.995742 -11.935253 -13.717500 -15.088741 -15.799159 3.944737 -0.406005 -4.953063 -7.288391 -11.149070 -6.940598
3.900000 4.798046 -2.402323 -6.778314 -9.441531 -10.998401 -11.936440 -13.715688 -15.084248 -15.792907 3.921611 -0.423458 -4.964411 -7.296491 -11.151493 -6.949187
3.950000 5.026251 -2.240158 -6.658079 -9.348072 -10.921355 -11.869700 -13.669930 -15.057259 -15.778234 4.141908 -0.242865 -4.826556 -7.181368 -11.076103 -6.830634
4.000000 5.254284 -2.078031 -6.537796 -9.254512 -10.844174 -11.802804 -13.623975 -15.030038 -15.763312 4.362048 -0.062347 -4.688689 -7.066189 -11.000576 -6.712030
4.050000 5.482150 -1.915941 -6.417467 -9.160852 -10.766861 -11.735755 -13.577826 -15.002591 -15.748148 4.582038 0.118099 -4.550811 -6.950952 -10.924912 -6.593375
4.100000 5.448124 -1.937655 -6.431364 -9.169757 -10.772705 -11.739678 -13.577837 -14.999101 -15.742358 4.549486 0.092949 -4.567993 -6.963896 -10.930448 -6.606958
4.150000 5.673331 -1.777367 -6.312295 -9.077011 -10.696094 -11.673198 -13.531985 -14.971711 -15.727097 4.766919 0.271353 -4.431603 -6.849853 -10.855465 -6.489543
4.200000 5.898397 -1.617105 -6.193176 -8.984167 -10.619354 -11.606572 -13.485951 -14.944108 -15.711607 4.984224 0.449699 -4.295194 -6.735751 -10.780352 -6.372074
4.250000 6.123326 -1.456863 -6.074005 -8.891225 -10.542489 -11.539801 -13.439737 -14.916297 -15.695895 5.201407 0.627992 -4.158765 -6.621589 -10.705109 -6.254551
4.300000 6.079909 -1.485222 -6.092804 -8.903919 -10.551440 -11.546402 -13.441553 -14.913829 -15.690610 5.159793 0.595431 -4.181581 -6.639222 -10.713682 -6.272966
4.350000 6.302275 -1.326729 -5.974864 -8.811877 -10.475272 -11.480203 -13.395651 -14.886100 -15.674832 5.374510 0.771748 -4.046600 -6.526228 -10.639117 -6.156653
4.400000 6.524525 -1.168248 -5.856870 -8.719739 -10.398982 -11.413865 -13.349578 -14.858174 -15.658845 5.589125 0.948025 -3.911592 -6.413171 -10.564427 -6.040283
4.450000 6.746667 -1.009775 -5.738821 -8.627505 -10.322572 -11.347390 -13.303338 -14.830054 -15.642650 5.803642 1.124265 -3.776556 -6.300051 -10.489613 -5.923855
4.500000 6.694214 -1.044544 -5.762363 -8.643878 -10.334549 -11.356608 -13.306936 -14.828619 -15.637903 5.753307 1.084561 -3.804816 -6.322224 -10.501148 -5.946947
4.550000 6.913881 -0.887768 -5.645516 -8.552530 -10.258831 -11.290705 -13.261019 -14.800603 -15.621671 5.965442 1.258887 -3.671190 -6.210246 -10.427007 -5.831701
4.600000 7.133457 -0.730990 -5.528610 -8.461087 -10.182995 -11.224669 -13.214942 -14.772404 -15.605244 6.177498 1.433189 -3.537529 -6.098202 -10.352746 -5.716394
4.650000 7.352949 -0.574209 -5.411645 -8.369549 -10.107042 -11.158503 -13.168707 -14.744024 -15.588625 6.389480 1.607469 -3.403832 -5.986093 -10.278366 -5.601026
4.700000 7.291792 -0.615169 -5.439780 -8.389495 -10.121969 -11.170278 -13.174062 -14.743628 -15.584441 6.330742 1.560874 -3.437357 -6.012665 -10.292786 -5.628647
4.750000 7.508889 -0.460036 -5.323989 -8.298828 -10.046702 -11.104681 -13.128160 -14.715370 -15.567808 6.540419 1.733298 -3.305033 -5.901671 -10.219074 -5.514434
4.800000 7.725919 -0.304891 -5.208136 -8.208067 -9.971320 -11.038958 -13.082106 -14.686939 -15.550993 6.750038 1.905712 -3.172669 -5.790609 -10.145245 -5.400156
4.850000 7.942886 -0.149732 -5.092219 -8.117211 -9.895825 -10.973109 -13.035902 -14.658340 -15.533998 6.959604 2.078119 -3.040261 -5.679478 -10.071301 -5.285813
4.900000 7.873334 -0.196673 -5.124805 -8.140630 -9.913624 -10.987380 -13.042986 -14.658984 -15.530396 6.892760 2.024868 -3.078880 -5.710313 -10.088533 -5.317824
