web/models/kne/11/Metzger_0.002920_0.370345_0.100000.dat
# %ECSV 0.9
# ---
# datatype:
# - {name: time, datatype: float64}
# - {name: sdss_u, datatype: float64}
# - {name: sdss_g, datatype: float64}
# - {name: sdss_r, datatype: float64}
# - {name: sdss_i, datatype: float64}
# - {name: sdss_z, datatype: float64}
# - {name: PS1_y, datatype: float64}
# - {name: ukirt_J, datatype: float64}
# - {name: ukirt_H, datatype: float64}
# - {name: ukirt_K, datatype: float64}
# - {name: johnson_U, datatype: float64}
# - {name: johnson_B, datatype: float64}
# - {name: johnson_V, datatype: float64}
# - {name: johnson_R, datatype: float64}
# - {name: johnson_I, datatype: float64}
# - {name: Clear, datatype: float64}
# meta: !!omap
# - comment: [vej = 0.3703448275862069, mej = 0.002919709587218229, Ye = 0.1, redshift = 0.0]
# schema: astropy-2.0
time sdss_u sdss_g sdss_r sdss_i sdss_z PS1_y ukirt_J ukirt_H ukirt_K johnson_U johnson_B johnson_V johnson_R johnson_I Clear
[from data line 1237]
61.950000 627.999394 458.834957 351.626748 283.292581 241.483341 215.267111 161.993686 114.375576 82.879690 607.727650 506.010706 396.653046 338.568507 237.266821 347.331406
62.000000 628.490465 459.198828 351.909859 283.524117 241.683265 215.447182 162.133316 114.478882 82.958812 608.203488 506.410072 396.970095 338.841770 237.463554 347.611278
62.050000 628.981514 459.562684 352.192959 283.755644 241.883181 215.627247 162.272941 114.582185 83.037932 608.679305 506.809422 397.287130 339.115022 237.660279 347.891139
62.100000 629.472541 459.926524 352.476047 283.987162 242.083089 215.807305 162.412561 114.685485 83.117049 609.155102 507.208754 397.604151 339.388262 237.856996 348.170988
62.150000 629.963547 460.290349 352.759123 284.218670 242.282989 215.987355 162.552176 114.788781 83.196164 609.630878 507.608069 397.921160 339.661491 238.053706 348.450825
62.200000 630.454532 460.654158 353.042187 284.450169 242.482881 216.167399 162.691786 114.892073 83.275277 610.106633 508.007368 398.238155 339.934709 238.250407 348.730651
62.250000 630.945495 461.017951 353.325239 284.681658 242.682765 216.347435 162.831390 114.995362 83.354387 610.582368 508.406648 398.555136 340.207915 238.447101 349.010465
62.300000 631.436437 461.381729 353.608280 284.913138 242.882642 216.527465 162.970990 115.098648 83.433495 611.058082 508.805912 398.872105 340.481110 238.643787 349.290267
62.350000 631.927358 461.745492 353.891309 285.144609 243.082510 216.707487 163.110584 115.201930 83.512601 611.533775 509.205159 399.189060 340.754294 238.840465 349.570058
62.400000 632.418257 462.109239 354.174326 285.376070 243.282371 216.887503 163.250173 115.305209 83.591705 612.009448 509.604388 399.506001 341.027466 239.037136 349.849837
62.450000 632.909135 462.472971 354.457332 285.607522 243.482224 217.067512 163.389757 115.408485 83.670806 612.485100 510.003601 399.822930 341.300628 239.233799 350.129605
62.500000 633.399992 462.836687 354.740325 285.838965 243.682068 217.247513 163.529336 115.511756 83.749904 612.960732 510.402796 400.139845 341.573777 239.430454 350.409361
62.550000 633.890827 463.200388 355.023307 286.070398 243.881905 217.427508 163.668910 115.615025 83.829001 613.436343 510.801975 400.456747 341.846916 239.627101 350.689106
62.600000 634.381641 463.564073 355.306278 286.301822 244.081734 217.607496 163.808479 115.718290 83.908095 613.911933 511.201136 400.773635 342.120044 239.823741 350.968839
62.650000 634.872435 463.927743 355.589237 286.533237 244.281556 217.787476 163.948042 115.821552 83.987187 614.387503 511.600280 401.090511 342.393160 240.020373 351.248560
62.700000 635.363206 464.291398 355.872184 286.764642 244.481369 217.967450 164.087601 115.924810 84.066276 614.863053 511.999408 401.407373 342.666265 240.216997 351.528270
62.750000 635.853957 464.655037 356.155119 286.996038 244.681175 218.147417 164.227154 116.028065 84.145363 615.338582 512.398518 401.724222 342.939359 240.413613 351.807969
62.800000 636.344687 465.018661 356.438043 287.227425 244.880972 218.327377 164.366703 116.131316 84.224448 615.814090 512.797612 402.041058 343.212441 240.610222 352.087656
62.850000 636.835395 465.382270 356.720955 287.458802 245.080762 218.507330 164.506246 116.234564 84.303531 616.289579 513.196688 402.357881 343.485513 240.806823 352.367331
62.900000 637.326083 465.745863 357.003855 287.690171 245.280544 218.687276 164.645784 116.337808 84.382611 616.765046 513.595748 402.674690 343.758573 241.003417 352.646995
62.950000 637.816749 466.109442 357.286744 287.921530 245.480318 218.867215 164.785317 116.441049 84.461689 617.240494 513.994791 402.991487 344.031622 241.200002 352.926648
63.000000 638.307394 466.473005 357.569622 288.152879 245.680085 219.047148 164.924845 116.544287 84.540764 617.715921 514.393816 403.308270 344.304660 241.396581 353.206289
63.050000 638.798018 466.836552 357.852488 288.384220 245.879843 219.227073 165.064368 116.647521 84.619838 618.191328 514.792826 403.625040 344.577687 241.593151 353.485919
63.100000 639.288621 467.200085 358.135342 288.615551 246.079594 219.406992 165.203886 116.750752 84.698908 618.666714 515.191818 403.941797 344.850703 241.789714 353.765537
63.150000 639.779204 467.563602 358.418184 288.846873 246.279337 219.586903 165.343399 116.853980 84.777977 619.142080 515.590793 404.258541 345.123708 241.986269 354.045144
63.200000 640.269765 467.927104 358.701016 289.078186 246.479073 219.766808 165.482907 116.957204 84.857044 619.617426 515.989752 404.575272 345.396701 242.182817 354.324739
63.250000 640.760305 468.290591 358.983835 289.309490 246.678800 219.946706 165.622410 117.060425 84.936108 620.092751 516.388693 404.891989 345.669684 242.379357 354.604324
63.300000 641.250825 468.654062 359.266643 289.540784 246.878520 220.126597 165.761908 117.163642 85.015169 620.568057 516.787618 405.208694 345.942655 242.575889 354.883896
63.350000 641.741323 469.017519 359.549440 289.772070 247.078232 220.306481 165.901401 117.266856 85.094229 621.043342 517.186527 405.525386 346.215615 242.772414 355.163458
63.400000 642.231801 469.380960 359.832225 290.003346 247.277936 220.486359 166.040889 117.370066 85.173286 621.518607 517.585418 405.842064 346.488565 242.968931 355.443008
63.450000 642.722258 469.744386 360.114999 290.234613 247.477633 220.666229 166.180371 117.473273 85.252341 621.993852 517.984293 406.158730 346.761503 243.165440 355.722547
63.500000 643.212694 470.107798 360.397761 290.465871 247.677322 220.846093 166.319849 117.576477 85.331393 622.469076 518.383151 406.475383 347.034430 243.361942 356.002074
63.550000 643.703109 470.471194 360.680511 290.697120 247.877003 221.025950 166.459322 117.679678 85.410444 622.944281 518.781992 406.792022 347.307346 243.558437 356.281590
63.600000 644.193503 470.834575 360.963251 290.928359 248.076676 221.205800 166.598790 117.782875 85.489492 623.419465 519.180817 407.108649 347.580252 243.754923 356.561095
63.650000 644.683877 471.197941 361.245978 291.159590 248.276342 221.385643 166.738252 117.886068 85.568537 623.894630 519.579625 407.425263 347.853146 243.951403 356.840588
63.700000 645.174230 471.561292 361.528695 291.390811 248.476000 221.565479 166.877710 117.989258 85.647581 624.369774 519.978416 407.741864 348.126029 244.147874 357.120071
63.750000 645.664562 471.924627 361.811400 291.622023 248.675650 221.745309 167.017163 118.092445 85.726622 624.844898 520.377191 408.058452 348.398901 244.344339 357.399542
63.800000 646.154873 472.287948 362.094093 291.853226 248.875293 221.925132 167.156611 118.195629 85.805661 625.320003 520.775949 408.375026 348.671763 244.540795 357.679001
63.850000 646.645164 472.651254 362.376775 292.084420 249.074928 222.104948 167.296054 118.298809 85.884698 625.795087 521.174691 408.691588 348.944613 244.737244 357.958450
63.900000 647.135434 473.014545 362.659446 292.315605 249.274555 222.284757 167.435491 118.401986 85.963732 626.270151 521.573416 409.008138 349.217452 244.933686 358.237887
63.950000 647.625684 473.377821 362.942106 292.546781 249.474175 222.464560 167.574924 118.505159 86.042764 626.745195 521.972125 409.324674 349.490281 245.130120 358.517313
64.000000 648.115913 473.741082 363.224754 292.777948 249.673786 222.644355 167.714352 118.608330 86.121794 627.220220 522.370817 409.641197 349.763099 245.326546 358.796728
64.050000 648.606121 474.104328 363.507390 293.009106 249.873391 222.824144 167.853775 118.711496 86.200821 627.695224 522.769492 409.957708 350.035905 245.522965 359.076131
64.100000 649.096309 474.467559 363.790016 293.240255 250.072987 223.003926 167.993193 118.814660 86.279846 628.170209 523.168151 410.274206 350.308701 245.719377 359.355524
64.150000 649.586476 474.830775 364.072630 293.471395 250.272577 223.183702 168.132606 118.917820 86.358869 628.645174 523.566794 410.590690 350.581486 245.915781 359.634905
64.200000 650.076622 475.193976 364.355233 293.702525 250.472158 223.363470 168.272014 119.020977 86.437890 629.120118 523.965420 410.907163 350.854260 246.112178 359.914275
64.250000 650.566749 475.557163 364.637824 293.933647 250.671732 223.543232 168.411417 119.124130 86.516909 629.595043 524.364029 411.223622 351.127023 246.308567 360.193634
64.300000 651.056854 475.920334 364.920404 294.164760 250.871298 223.722988 168.550815 119.227280 86.595925 630.069949 524.762622 411.540068 351.399775 246.504948 360.472982
64.350000 651.546939 476.283491 365.202973 294.395863 251.070857 223.902736 168.690209 119.330427 86.674939 630.544834 525.161199 411.856502 351.672517 246.701323 360.752318
64.400000 652.037004 476.646633 365.485531 294.626958 251.270408 224.082478 168.829597 119.433570 86.753950 631.019700 525.559760 412.172923 351.945247 246.897689 361.031644
64.450000 652.527048 477.009760 365.768077 294.858044 251.469951 224.262213 168.968980 119.536710 86.832960 631.494546 525.958304 412.489331 352.217967 247.094049 361.310958
64.500000 653.017072 477.372872 366.050612 295.089121 251.669487 224.441942 169.108359 119.639847 86.911967 631.969372 526.356831 412.805727 352.490676 247.290400 361.590261
64.550000 653.507076 477.735970 366.333136 295.320188 251.869015 224.621663 169.247732 119.742981 86.990972 632.444178 526.755342 413.122109 352.763374 247.486745 361.869554
64.600000 653.997059 478.099053 366.615649 295.551247 252.068536 224.801378 169.387101 119.846111 87.069974 632.918965 527.153837 413.438479 353.036062 247.683082 362.148835
64.650000 654.487022 478.462121 366.898150 295.782297 252.268049 224.981087 169.526465 119.949238 87.148975 633.393732 527.552316 413.754837 353.308739 247.879411 362.428105
64.700000 654.976964 478.825174 367.180641 296.013338 252.467555 225.160788 169.665823 120.052361 87.227973 633.868479 527.950778 414.071181 353.581404 248.075734 362.707364
64.750000 655.466887 479.188212 367.463120 296.244370 252.667053 225.340483 169.805177 120.155482 87.306969 634.343207 528.349224 414.387513 353.854060 248.272048 362.986612
64.800000 655.956789 479.551236 367.745588 296.475393 252.866543 225.520171 169.944526 120.258598 87.385962 634.817915 528.747654 414.703833 354.126704 248.468356 363.265849
64.850000 656.446670 479.914245 368.028044 296.706408 253.066026 225.699853 170.083871 120.361712 87.464954 635.292604 529.146068 415.020139 354.399338 248.664656 363.545075
64.900000 656.936532 480.277240 368.310490 296.937413 253.265502 225.879528 170.223210 120.464822 87.543943 635.767273 529.544465 415.336433 354.671961 248.860948 363.824289
64.950000 657.426373 480.640220 368.592924 297.168409 253.464970 226.059196 170.362544 120.567929 87.622930 636.241923 529.942846 415.652715 354.944573 249.057233 364.103493
65.000000 657.916194 481.003185 368.875348 297.399397 253.664430 226.238858 170.501874 120.671033 87.701915 636.716552 530.341211 415.968983 355.217174 249.253511 364.382686
65.050000 658.405995 481.366135 369.157760 297.630376 253.863883 226.418513 170.641198 120.774134 87.780897 637.191163 530.739560 416.285240 355.489765 249.449782 364.661868
65.100000 658.895775 481.729071 369.440161 297.861345 254.063329 226.598162 170.780518 120.877231 87.859877 637.665754 531.137892 416.601483 355.762345 249.646045 364.941039
65.150000 659.385536 482.091992 369.722551 298.092306 254.262767 226.777804 170.919833 120.980325 87.938855 638.140325 531.536209 416.917714 356.034915 249.842301 365.220199
65.200000 659.875276 482.454899 370.004930 298.323259 254.462197 226.957439 171.059143 121.083415 88.017831 638.614877 531.934509 417.233933 356.307474 250.038549 365.499348
65.250000 660.364997 482.817791 370.287298 298.554202 254.661621 227.137067 171.198448 121.186503 88.096804 639.089410 532.332793 417.550139 356.580022 250.234790 365.778486
65.300000 660.854697 483.180669 370.569655 298.785136 254.861036 227.316689 171.337749 121.289587 88.175776 639.563923 532.731061 417.866332 356.852559 250.431024 366.057614
65.350000 661.344377 483.543532 370.852000 299.016062 255.060444 227.496305 171.477044 121.392667 88.254745 640.038417 533.129313 418.182513 357.125086 250.627251 366.336730
65.400000 661.834038 483.906380 371.134335 299.246979 255.259845 227.675914 171.616335 121.495745 88.333712 640.512891 533.527549 418.498681 357.397603 250.823470 366.615835
65.450000 662.323678 484.269214 371.416659 299.477887 255.459238 227.855516 171.755621 121.598819 88.412676 640.987346 533.925769 418.814837 357.670108 251.019682 366.894930
65.500000 662.813298 484.632033 371.698971 299.708786 255.658624 228.035112 171.894902 121.701890 88.491639 641.461782 534.323973 419.130981 357.942603 251.215887 367.174013
65.550000 663.302898 484.994838 371.981273 299.939676 255.858003 228.214701 172.034178 121.804958 88.570599 641.936198 534.722160 419.447112 358.215088 251.412084 367.453086
65.600000 663.792478 485.357629 372.263564 300.170558 256.057374 228.394283 172.173449 121.908022 88.649557 642.410596 535.120332 419.763230 358.487562 251.608274 367.732148
65.650000 664.282039 485.720405 372.545843 300.401431 256.256737 228.573859 172.312716 122.011083 88.728513 642.884973 535.518488 420.079336 358.760025 251.804457 368.011199
65.700000 664.771579 486.083166 372.828112 300.632295 256.456093 228.753429 172.451977 122.114141 88.807466 643.359332 535.916628 420.395430 359.032478 252.000632 368.290239
65.750000 665.261100 486.445913 373.110370 300.863150 256.655442 228.932992 172.591234 122.217196 88.886417 643.833671 536.314752 420.711511 359.304920 252.196800 368.569269
65.800000 665.750600 486.808646 373.392616 301.093997 256.854784 229.112548 172.730486 122.320248 88.965366 644.307991 536.712860 421.027579 359.577352 252.392961 368.848287
65.850000 666.240081 487.171364 373.674852 301.324835 257.054118 229.292098 172.869734 122.423296 89.044313 644.782292 537.110952 421.343636 359.849773 252.589115 369.127295
65.900000 666.729542 487.534068 373.957077 301.555664 257.253444 229.471641 173.008976 122.526341 89.123258 645.256574 537.509028 421.659680 360.122184 252.785262 369.406292
65.950000 667.218983 487.896758 374.239291 301.786484 257.452764 229.651178 173.148214 122.629382 89.202200 645.730837 537.907088 421.975711 360.394584 252.981401 369.685278
66.000000 667.708405 488.259433 374.521494 302.017296 257.652075 229.830708 173.287447 122.732421 89.281141 646.205080 538.305132 422.291731 360.666974 253.177533 369.964253
66.050000 668.197806 488.622094 374.803686 302.248099 257.851380 230.010232 173.426675 122.835456 89.360079 646.679304 538.703161 422.607737 360.939353 253.373658 370.243218
66.100000 668.687188 488.984740 375.085867 302.478893 258.050677 230.189749 173.565898 122.938488 89.439015 647.153510 539.101173 422.923732 361.211722 253.569775 370.522172
66.150000 669.176550 489.347372 375.368038 302.709679 258.249967 230.369260 173.705117 123.041517 89.517948 647.627696 539.499170 423.239714 361.484080 253.765886 370.801115
66.200000 669.665893 489.709990 375.650197 302.940456 258.449250 230.548764 173.844331 123.144542 89.596880 648.101863 539.897151 423.555684 361.756428 253.961989 371.080047
66.250000 670.155216 490.072594 375.932346 303.171224 258.648525 230.728262 173.983540 123.247565 89.675809 648.576011 540.295116 423.871642 362.028765 254.158085 371.358969
66.300000 670.644519 490.435183 376.214484 303.401984 258.847793 230.907753 174.122744 123.350584 89.754736 649.050140 540.693066 424.187587 362.301092 254.354174 371.637880
66.350000 671.133802 490.797758 376.496611 303.632735 259.047053 231.087238 174.261943 123.453600 89.833661 649.524250 541.090999 424.503520 362.573409 254.550256 371.916780
66.400000 671.623066 491.160319 376.778727 303.863477 259.246306 231.266716 174.401138 123.556612 89.912584 649.998341 541.488917 424.819441 362.845715 254.746330 372.195670
66.450000 672.112310 491.522866 377.060832 304.094211 259.445552 231.446188 174.540328 123.659622 89.991504 650.472413 541.886819 425.135349 363.118010 254.942397 372.474549
