web/models/kne/11/Metzger_0.212177_0.030000_0.450000.dat
# %ECSV 0.9
# ---
# datatype:
# - {name: time, datatype: float64}
# - {name: sdss_u, datatype: float64}
# - {name: sdss_g, datatype: float64}
# - {name: sdss_r, datatype: float64}
# - {name: sdss_i, datatype: float64}
# - {name: sdss_z, datatype: float64}
# - {name: PS1_y, datatype: float64}
# - {name: ukirt_J, datatype: float64}
# - {name: ukirt_H, datatype: float64}
# - {name: ukirt_K, datatype: float64}
# - {name: johnson_U, datatype: float64}
# - {name: johnson_B, datatype: float64}
# - {name: johnson_V, datatype: float64}
# - {name: johnson_R, datatype: float64}
# - {name: johnson_I, datatype: float64}
# - {name: Clear, datatype: float64}
# meta: !!omap
# - comment: [vej = 0.03, mej = 0.2121769878034849, Ye = 0.45, redshift = 0.0]
# schema: astropy-2.0
time sdss_u sdss_g sdss_r sdss_i sdss_z PS1_y ukirt_J ukirt_H ukirt_K johnson_U johnson_B johnson_V johnson_R johnson_I Clear
[from data line 571]
28.650000 9.081431 1.257685 -3.514094 -6.430068 -8.141861 -9.177184 -11.154522 -12.700396 -13.525606 8.130346 3.410506 -1.533872 -4.080535 -8.310592 -3.700842
28.700000 9.142023 1.301660 -3.480668 -6.403380 -8.119302 -9.157218 -11.139837 -12.690442 -13.518767 8.188948 3.459119 -1.496013 -4.048396 -8.288450 -3.667839
28.750000 9.202650 1.345664 -3.447219 -6.376671 -8.096725 -9.137235 -11.125137 -12.680475 -13.511916 8.247585 3.507761 -1.458129 -4.016234 -8.266289 -3.634813
28.800000 8.983365 1.192544 -3.558330 -6.460954 -8.164564 -9.194748 -11.161622 -12.698124 -13.517163 8.036223 3.336178 -1.586892 -4.122222 -8.332469 -3.744239
28.850000 9.043458 1.236155 -3.525184 -6.434492 -8.142198 -9.174954 -11.147066 -12.688260 -13.510388 8.094342 3.384387 -1.549349 -4.090353 -8.310516 -3.711513
28.900000 9.103585 1.279792 -3.492016 -6.408009 -8.119814 -9.155144 -11.132496 -12.678384 -13.503603 8.152494 3.432626 -1.511782 -4.058461 -8.288545 -3.678765
28.950000 9.163745 1.323456 -3.458826 -6.381508 -8.097412 -9.135316 -11.117912 -12.668496 -13.496807 8.210679 3.480894 -1.474190 -4.026548 -8.266557 -3.645995
29.000000 9.223939 1.367146 -3.425614 -6.354987 -8.074993 -9.115473 -11.103313 -12.658596 -13.490001 8.268897 3.529190 -1.436575 -3.994614 -8.244552 -3.613203
29.050000 9.284167 1.410863 -3.392379 -6.328447 -8.052556 -9.095613 -11.088700 -12.648683 -13.483184 8.327147 3.577514 -1.398935 -3.962658 -8.222530 -3.580389
29.100000 9.344427 1.454606 -3.359123 -6.301888 -8.030102 -9.075736 -11.074073 -12.638759 -13.476358 8.385429 3.625866 -1.361272 -3.930680 -8.200490 -3.547554
29.150000 9.404720 1.498375 -3.325846 -6.275311 -8.007631 -9.055844 -11.059433 -12.628823 -13.469521 8.443743 3.674246 -1.323586 -3.898682 -8.178433 -3.514697
29.200000 9.465045 1.542170 -3.292547 -6.248714 -7.985143 -9.035936 -11.044778 -12.618876 -13.462674 8.502089 3.722653 -1.285877 -3.866663 -8.156360 -3.481818
29.250000 9.525402 1.585990 -3.259226 -6.222099 -7.962638 -9.016011 -11.030110 -12.608916 -13.455817 8.560466 3.771088 -1.248144 -3.834623 -8.134270 -3.448919
29.300000 9.585792 1.629835 -3.225884 -6.195465 -7.940116 -8.996071 -11.015428 -12.598945 -13.448950 8.618875 3.819550 -1.210388 -3.802562 -8.112163 -3.415999
29.350000 9.646213 1.673706 -3.192522 -6.168813 -7.917577 -8.976116 -11.000733 -12.588963 -13.442073 8.677314 3.868040 -1.172610 -3.770481 -8.090039 -3.383058
29.400000 9.706666 1.717602 -3.159138 -6.142143 -7.895022 -8.956144 -10.986024 -12.578969 -13.435186 8.735784 3.916556 -1.134809 -3.738380 -8.067899 -3.350096
29.450000 9.767150 1.761522 -3.125734 -6.115455 -7.872450 -8.936157 -10.971301 -12.568963 -13.428290 8.794284 3.965098 -1.096986 -3.706258 -8.045743 -3.317114
29.500000 9.827664 1.805467 -3.092310 -6.088749 -7.849862 -8.916155 -10.956566 -12.558947 -13.421383 8.852815 4.013667 -1.059140 -3.674116 -8.023571 -3.284111
29.550000 9.888210 1.849436 -3.058865 -6.062025 -7.827257 -8.896138 -10.941817 -12.548919 -13.414467 8.911375 4.062262 -1.021273 -3.641954 -8.001382 -3.251088
29.600000 9.948786 1.893430 -3.025399 -6.035283 -7.804637 -8.876105 -10.927055 -12.538879 -13.407541 8.969966 4.110883 -0.983383 -3.609773 -7.979177 -3.218045
29.650000 10.009392 1.937448 -2.991914 -6.008524 -7.782000 -8.856058 -10.912280 -12.528829 -13.400605 9.028585 4.159530 -0.945472 -3.577572 -7.956957 -3.184982
29.700000 10.070029 1.981489 -2.958409 -5.981747 -7.759348 -8.835995 -10.897491 -12.518768 -13.393660 9.087234 4.208202 -0.907539 -3.545352 -7.934721 -3.151899
29.750000 10.130694 2.025554 -2.924884 -5.954953 -7.736679 -8.815918 -10.882690 -12.508695 -13.386706 9.145912 4.256900 -0.869585 -3.513112 -7.912469 -3.118797
29.800000 10.191390 2.069643 -2.891339 -5.928142 -7.713995 -8.795825 -10.867877 -12.498612 -13.379741 9.204619 4.305622 -0.831609 -3.480853 -7.890202 -3.085675
29.850000 10.252114 2.113754 -2.857775 -5.901314 -7.691296 -8.775719 -10.853050 -12.488517 -13.372768 9.263354 4.354370 -0.793613 -3.448575 -7.867919 -3.052534
29.900000 10.312868 2.157889 -2.824191 -5.874469 -7.668581 -8.755597 -10.838211 -12.478412 -13.365785 9.322118 4.403142 -0.755596 -3.416278 -7.845621 -3.019374
29.950000 10.373650 2.202047 -2.790589 -5.847607 -7.645851 -8.735462 -10.823359 -12.468297 -13.358793 9.380909 4.451939 -0.717558 -3.383963 -7.823308 -2.986195
30.000000 10.434461 2.246227 -2.756967 -5.820728 -7.623105 -8.715312 -10.808495 -12.458170 -13.351791 9.439728 4.500760 -0.679499 -3.351629 -7.800980 -2.952997
30.050000 10.495300 2.290430 -2.723327 -5.793833 -7.600345 -8.695147 -10.793619 -12.448033 -13.344781 9.498575 4.549606 -0.641420 -3.319277 -7.778636 -2.919780
30.100000 10.556166 2.334655 -2.689668 -5.766922 -7.577569 -8.674969 -10.778730 -12.437885 -13.337761 9.557449 4.598475 -0.603321 -3.286906 -7.756278 -2.886544
30.150000 10.617061 2.378902 -2.655990 -5.739994 -7.554779 -8.654777 -10.763829 -12.427727 -13.330732 9.616350 4.647367 -0.565202 -3.254517 -7.733905 -2.853291
30.200000 10.384213 2.215765 -2.774867 -5.830605 -7.628065 -8.717183 -10.804078 -12.448116 -13.338019 9.391850 4.464777 -0.702677 -3.367996 -7.805443 -2.970392
30.250000 10.444558 2.259608 -2.741501 -5.803931 -7.605492 -8.697186 -10.789326 -12.438065 -13.331069 9.450219 4.513225 -0.664909 -3.335909 -7.783284 -2.937447
30.300000 10.504930 2.303472 -2.708118 -5.777242 -7.582905 -8.677175 -10.774562 -12.428004 -13.324111 9.508614 4.561696 -0.627122 -3.303804 -7.761111 -2.904485
30.350000 10.565328 2.347357 -2.674717 -5.750536 -7.560303 -8.657151 -10.759787 -12.417933 -13.317143 9.567035 4.610189 -0.589315 -3.271682 -7.738924 -2.871504
30.400000 10.625753 2.391263 -2.641299 -5.723815 -7.537688 -8.637113 -10.745000 -12.407852 -13.310167 9.625481 4.658705 -0.551490 -3.239542 -7.716723 -2.838506
30.450000 10.686203 2.435190 -2.607863 -5.697079 -7.515058 -8.617062 -10.730201 -12.397761 -13.303182 9.683953 4.707242 -0.513645 -3.207385 -7.694507 -2.805491
30.500000 10.746680 2.479138 -2.574410 -5.670327 -7.492414 -8.596998 -10.715390 -12.387660 -13.296188 9.742450 4.755802 -0.475782 -3.175212 -7.672278 -2.772459
30.550000 10.807181 2.523106 -2.540939 -5.643561 -7.469757 -8.576921 -10.700568 -12.377549 -13.289186 9.800972 4.804384 -0.437900 -3.143021 -7.650035 -2.739409
30.600000 10.867708 2.567094 -2.507451 -5.616779 -7.447085 -8.556830 -10.685735 -12.367428 -13.282175 9.859518 4.852988 -0.400000 -3.110814 -7.627779 -2.706343
30.650000 10.928260 2.611102 -2.473947 -5.589982 -7.424400 -8.536727 -10.670891 -12.357298 -13.275155 9.918089 4.901613 -0.362081 -3.078591 -7.605509 -2.673259
30.700000 10.988837 2.655130 -2.440426 -5.563171 -7.401701 -8.516611 -10.656035 -12.347157 -13.268128 9.976684 4.950259 -0.324145 -3.046351 -7.583225 -2.640159
30.750000 11.049438 2.699178 -2.406888 -5.536345 -7.378989 -8.496483 -10.641168 -12.337008 -13.261091 10.035303 4.998926 -0.286190 -3.014094 -7.560929 -2.607043
30.800000 11.110064 2.743246 -2.373333 -5.509505 -7.356264 -8.476342 -10.626290 -12.326848 -13.254047 10.093946 5.047614 -0.248218 -2.981822 -7.538619 -2.573910
30.850000 11.170714 2.787332 -2.339763 -5.482650 -7.333525 -8.456188 -10.611401 -12.316679 -13.246994 10.152612 5.096322 -0.210229 -2.949534 -7.516296 -2.540762
30.900000 11.231387 2.831438 -2.306176 -5.455781 -7.310774 -8.436022 -10.596502 -12.306501 -13.239933 10.211301 5.145051 -0.172222 -2.917230 -7.493960 -2.507597
30.950000 11.292084 2.875562 -2.272573 -5.428897 -7.288009 -8.415844 -10.581591 -12.296313 -13.232863 10.270014 5.193801 -0.134197 -2.884910 -7.471611 -2.474416
31.000000 11.352804 2.919706 -2.238955 -5.402000 -7.265232 -8.395653 -10.566670 -12.286117 -13.225786 10.328749 5.242570 -0.096156 -2.852575 -7.449249 -2.441220
31.050000 11.413547 2.963868 -2.205320 -5.375089 -7.242441 -8.375451 -10.551738 -12.275910 -13.218700 10.387506 5.291359 -0.058098 -2.820225 -7.426875 -2.408008
31.100000 11.474313 3.008048 -2.171671 -5.348164 -7.219638 -8.355237 -10.536796 -12.265695 -13.211606 10.446286 5.340167 -0.020023 -2.787859 -7.404488 -2.374780
31.150000 11.535101 3.052246 -2.138005 -5.321226 -7.196823 -8.335010 -10.521843 -12.255471 -13.204505 10.505088 5.388995 0.018069 -2.755478 -7.382089 -2.341537
31.200000 11.595912 3.096463 -2.104325 -5.294274 -7.173995 -8.314772 -10.506880 -12.245237 -13.197395 10.563911 5.437842 0.056176 -2.723083 -7.359677 -2.308280
31.250000 11.656745 3.140697 -2.070629 -5.267308 -7.151155 -8.294523 -10.491907 -12.234995 -13.190278 10.622756 5.486708 0.094301 -2.690672 -7.337254 -2.275007
31.300000 11.717599 3.184948 -2.036919 -5.240330 -7.128303 -8.274261 -10.476923 -12.224744 -13.183152 10.681623 5.535593 0.132441 -2.658247 -7.314818 -2.241719
31.350000 11.778475 3.229218 -2.003194 -5.213338 -7.105438 -8.253989 -10.461930 -12.214484 -13.176019 10.740510 5.584496 0.170597 -2.625808 -7.292370 -2.208417
31.400000 11.839373 3.273504 -1.969454 -5.186333 -7.082562 -8.233705 -10.446926 -12.204215 -13.168878 10.799418 5.633418 0.208769 -2.593354 -7.269910 -2.175100
31.450000 11.900291 3.317807 -1.935699 -5.159315 -7.059673 -8.213410 -10.431912 -12.193937 -13.161730 10.858347 5.682358 0.246956 -2.560886 -7.247439 -2.141768
31.500000 11.961231 3.362128 -1.901930 -5.132285 -7.036773 -8.193103 -10.416889 -12.183651 -13.154574 10.917296 5.731316 0.285159 -2.528404 -7.224955 -2.108423
31.550000 12.022190 3.406465 -1.868147 -5.105242 -7.013861 -8.172786 -10.401855 -12.173356 -13.147410 10.976265 5.780292 0.323377 -2.495908 -7.202461 -2.075063
31.600000 12.083171 3.450818 -1.834350 -5.078187 -6.990938 -8.152457 -10.386812 -12.163053 -13.140239 11.035254 5.829285 0.361610 -2.463398 -7.179955 -2.041690
31.650000 11.836107 3.277177 -1.961374 -5.175440 -7.069944 -8.220004 -10.431020 -12.186330 -13.149687 10.796983 5.635155 0.214996 -2.584737 -7.257119 -2.166844
31.700000 11.896524 3.321116 -1.927898 -5.148646 -7.047245 -8.199877 -10.416130 -12.176138 -13.142598 10.855427 5.683692 0.252869 -2.552537 -7.234833 -2.133787
31.750000 11.956960 3.365070 -1.894409 -5.121839 -7.024535 -8.179739 -10.401232 -12.165938 -13.135502 10.913890 5.732246 0.290756 -2.520324 -7.212536 -2.100717
31.800000 12.017416 3.409040 -1.860906 -5.095021 -7.001813 -8.159590 -10.386324 -12.155729 -13.128399 10.972371 5.780816 0.328657 -2.488097 -7.190228 -2.067634
31.850000 12.077890 3.453025 -1.827390 -5.068190 -6.979081 -8.139432 -10.371407 -12.145513 -13.121288 11.030871 5.829403 0.366573 -2.455858 -7.167910 -2.034538
31.900000 12.138384 3.497026 -1.793860 -5.041348 -6.956338 -8.119262 -10.356480 -12.135288 -13.114170 11.089389 5.878006 0.404502 -2.423605 -7.145580 -2.001429
31.950000 12.198896 3.541041 -1.760318 -5.014495 -6.933584 -8.099083 -10.341545 -12.125055 -13.107045 11.147926 5.926625 0.442446 -2.391340 -7.123240 -1.968307
32.000000 12.259426 3.585072 -1.726763 -4.987630 -6.910819 -8.078894 -10.326600 -12.114814 -13.099913 11.206480 5.975260 0.480403 -2.359063 -7.100889 -1.935172
32.050000 12.319974 3.629118 -1.693196 -4.960753 -6.888044 -8.058694 -10.311647 -12.104565 -13.092774 11.265052 6.023910 0.518374 -2.326773 -7.078528 -1.902024
32.100000 12.380540 3.673177 -1.659615 -4.933866 -6.865259 -8.038485 -10.296684 -12.094309 -13.085628 11.323641 6.072576 0.556358 -2.294471 -7.056157 -1.868865
32.150000 12.441123 3.717252 -1.626023 -4.906967 -6.842463 -8.018266 -10.281713 -12.084045 -13.078475 11.382248 6.121258 0.594355 -2.262156 -7.033776 -1.835692
32.200000 12.501724 3.761340 -1.592418 -4.880057 -6.819657 -7.998037 -10.266733 -12.073772 -13.071315 11.440871 6.169954 0.632365 -2.229830 -7.011384 -1.802508
32.250000 12.562342 3.805443 -1.558801 -4.853137 -6.796841 -7.977798 -10.251745 -12.063493 -13.064148 11.499511 6.218665 0.670388 -2.197492 -6.988982 -1.769312
32.300000 12.622977 3.849559 -1.525172 -4.826206 -6.774015 -7.957550 -10.236748 -12.053205 -13.056974 11.558168 6.267391 0.708424 -2.165142 -6.966571 -1.736104
32.350000 12.683628 3.893690 -1.491532 -4.799264 -6.751179 -7.937293 -10.221743 -12.042911 -13.049794 11.616841 6.316132 0.746473 -2.132780 -6.944149 -1.702884
32.400000 12.744296 3.937833 -1.457879 -4.772311 -6.728334 -7.917026 -10.206729 -12.032608 -13.042607 11.675530 6.364886 0.784534 -2.100407 -6.921718 -1.669652
32.450000 12.804980 3.981990 -1.424216 -4.745349 -6.705478 -7.896750 -10.191707 -12.022298 -13.035413 11.734235 6.413655 0.822607 -2.068023 -6.899278 -1.636409
32.500000 12.865680 4.026160 -1.390540 -4.718376 -6.682614 -7.876465 -10.176676 -12.011981 -13.028213 11.792955 6.462438 0.860692 -2.035628 -6.876827 -1.603155
32.550000 12.926395 4.070343 -1.356854 -4.691393 -6.659739 -7.856171 -10.161638 -12.001657 -13.021006 11.851691 6.511235 0.898790 -2.003222 -6.854368 -1.569890
32.600000 12.987126 4.114539 -1.323156 -4.664400 -6.636856 -7.835868 -10.146591 -11.991325 -13.013793 11.910442 6.560045 0.936899 -1.970804 -6.831899 -1.536613
32.650000 13.047872 4.158747 -1.289448 -4.637397 -6.613963 -7.815556 -10.131537 -11.980987 -13.006573 11.969208 6.608868 0.975020 -1.938376 -6.809421 -1.503326
32.700000 13.108634 4.202968 -1.255729 -4.610384 -6.591061 -7.795236 -10.116474 -11.970641 -12.999347 12.027988 6.657704 1.013152 -1.905938 -6.786934 -1.470028
32.750000 13.169409 4.247201 -1.221999 -4.583362 -6.568150 -7.774907 -10.101404 -11.960288 -12.992114 12.086783 6.706554 1.051296 -1.873488 -6.764438 -1.436719
32.800000 13.230200 4.291447 -1.188258 -4.556330 -6.545229 -7.754569 -10.086326 -11.949928 -12.984876 12.145592 6.755416 1.089450 -1.841029 -6.741933 -1.403400
32.850000 13.291005 4.335704 -1.154507 -4.529288 -6.522301 -7.734223 -10.071240 -11.939561 -12.977630 12.204415 6.804291 1.127616 -1.808559 -6.719419 -1.370070
32.900000 13.351824 4.379973 -1.120746 -4.502238 -6.499363 -7.713868 -10.056146 -11.929187 -12.970379 12.263252 6.853178 1.165793 -1.776080 -6.696897 -1.336731
32.950000 13.412656 4.424253 -1.086975 -4.475178 -6.476417 -7.693505 -10.041045 -11.918807 -12.963122 12.322103 6.902078 1.203980 -1.743590 -6.674366 -1.303381
33.000000 13.473503 4.468545 -1.053194 -4.448109 -6.453462 -7.673134 -10.025937 -11.908419 -12.955858 12.380967 6.950989 1.242178 -1.711090 -6.651827 -1.270021
33.050000 13.534362 4.512848 -1.019403 -4.421031 -6.430499 -7.652755 -10.010821 -11.898025 -12.948588 12.439844 6.999912 1.280387 -1.678581 -6.629279 -1.236652
33.100000 13.595235 4.557162 -0.985602 -4.393944 -6.407527 -7.632368 -9.995698 -11.887625 -12.941313 12.498734 7.048847 1.318606 -1.646062 -6.606723 -1.203273
33.150000 13.333347 4.372563 -1.121129 -4.498133 -6.492508 -7.705286 -10.044046 -11.913931 -12.953035 12.246101 6.842680 1.162457 -1.775606 -6.689764 -1.336832
33.200000 13.393645 4.416453 -1.087656 -4.471313 -6.469766 -7.685105 -10.029081 -11.903645 -12.945844 12.304434 6.891149 1.200308 -1.743403 -6.667434 -1.303777
33.250000 13.453955 4.460354 -1.054175 -4.444485 -6.447016 -7.664916 -10.014108 -11.893352 -12.938648 12.362779 6.939629 1.238168 -1.711192 -6.645096 -1.270713
33.300000 13.514278 4.504265 -1.020684 -4.417648 -6.424258 -7.644719 -9.999129 -11.883053 -12.931446 12.421136 6.988120 1.276037 -1.678972 -6.622750 -1.237640
33.350000 13.574612 4.548186 -0.987184 -4.390804 -6.401492 -7.624515 -9.984143 -11.872748 -12.924238 12.479505 7.036621 1.313916 -1.646742 -6.600396 -1.204558
33.400000 13.634958 4.592117 -0.953675 -4.363951 -6.378719 -7.604304 -9.969150 -11.862437 -12.917024 12.537886 7.085133 1.351805 -1.614505 -6.578034 -1.171467
33.450000 13.695316 4.636057 -0.920157 -4.337089 -6.355938 -7.584085 -9.954150 -11.852119 -12.909805 12.596278 7.133655 1.389703 -1.582258 -6.555665 -1.138368
33.500000 13.755685 4.680008 -0.886631 -4.310220 -6.333150 -7.563859 -9.939143 -11.841795 -12.902580 12.654681 7.182187 1.427609 -1.550003 -6.533288 -1.105259
33.550000 13.816066 4.723968 -0.853096 -4.283344 -6.310354 -7.543625 -9.924130 -11.831465 -12.895350 12.713095 7.230729 1.465525 -1.517740 -6.510904 -1.072143
33.600000 13.876457 4.767937 -0.819553 -4.256459 -6.287550 -7.523385 -9.909111 -11.821129 -12.888114 12.771519 7.279281 1.503449 -1.485468 -6.488513 -1.039018
