web/models/kne/11/Metzger_0.001535_0.143448_0.450000.dat
# %ECSV 0.9
# ---
# datatype:
# - {name: time, datatype: float64}
# - {name: sdss_u, datatype: float64}
# - {name: sdss_g, datatype: float64}
# - {name: sdss_r, datatype: float64}
# - {name: sdss_i, datatype: float64}
# - {name: sdss_z, datatype: float64}
# - {name: PS1_y, datatype: float64}
# - {name: ukirt_J, datatype: float64}
# - {name: ukirt_H, datatype: float64}
# - {name: ukirt_K, datatype: float64}
# - {name: johnson_U, datatype: float64}
# - {name: johnson_B, datatype: float64}
# - {name: johnson_V, datatype: float64}
# - {name: johnson_R, datatype: float64}
# - {name: johnson_I, datatype: float64}
# - {name: Clear, datatype: float64}
# meta: !!omap
# - comment: [vej = 0.14344827586206896, mej = 0.0015350971392881912, Ye = 0.45, redshift = 0.0]
# schema: astropy-2.0
time sdss_u sdss_g sdss_r sdss_i sdss_z PS1_y ukirt_J ukirt_H ukirt_K johnson_U johnson_B johnson_V johnson_R johnson_I Clear
[from data line 2174]
108.800000 nan 562.417590 432.514915 349.687556 298.994853 267.199872 202.561935 144.736399 106.444423 nan 619.568024 487.077935 416.689156 293.881559 427.309328
108.850000 nan 562.671845 432.712790 349.849424 299.134652 267.325811 202.659641 144.808746 106.499886 nan 619.847060 487.299501 416.880155 294.019130 427.504941
108.900000 nan 562.926095 432.910660 350.011289 299.274448 267.451748 202.757345 144.881091 106.555349 nan 620.126090 487.521064 417.071151 294.156698 427.700550
108.950000 nan 563.180341 433.108527 350.173152 299.414242 267.577683 202.855047 144.953436 106.610810 nan 620.405116 487.742623 417.262142 294.294264 427.896156
109.000000 nan 563.434582 433.306390 350.335011 299.554033 267.703615 202.952748 145.025780 106.666271 nan 620.684135 487.964177 417.453131 294.431827 428.091758
109.050000 nan 563.688818 433.504250 350.496868 299.693822 267.829545 203.050447 145.098122 106.721731 nan 620.963150 488.185727 417.644115 294.569388 428.287356
109.100000 nan 563.943049 433.702106 350.658721 299.833608 267.955474 203.148145 145.170464 106.777191 nan 621.242159 488.407273 417.835097 294.706947 428.482951
109.150000 nan 564.197275 433.899958 350.820572 299.973392 268.081399 203.245841 145.242804 106.832649 nan 621.521163 488.628815 418.026074 294.844503 428.678542
109.200000 nan 564.451496 434.097807 350.982420 300.113173 268.207323 203.343535 145.315144 106.888107 nan 621.800161 488.850353 418.217048 294.982057 428.874130
109.250000 nan 564.705713 434.295652 351.144264 300.252952 268.333245 203.441228 145.387482 106.943565 nan 622.079154 489.071886 418.408019 295.119608 429.069714
109.300000 nan 564.959924 434.493493 351.306106 300.392728 268.459164 203.538920 145.459819 106.999021 nan 622.358142 489.293416 418.598986 295.257157 429.265294
109.350000 nan 565.214131 434.691331 351.467945 300.532502 268.585082 203.636609 145.532155 107.054477 nan 622.637124 489.514941 418.789950 295.394704 429.460871
109.400000 nan 565.468334 434.889165 351.629781 300.672274 268.710997 203.734298 145.604490 107.109932 nan 622.916101 489.736462 418.980910 295.532248 429.656444
109.450000 nan 565.722531 435.086995 351.791615 300.812043 268.836910 203.831984 145.676824 107.165387 nan 623.195073 489.957979 419.171866 295.669789 429.852014
109.500000 nan 565.976723 435.284822 351.953445 300.951809 268.962820 203.929669 145.749158 107.220840 nan 623.474039 490.179492 419.362819 295.807329 430.047580
109.550000 nan 566.230911 435.482645 352.115272 301.091574 269.088729 204.027353 145.821489 107.276293 nan 623.753000 490.401001 419.553769 295.944866 430.243142
109.600000 nan 566.485094 435.680464 352.277097 301.231335 269.214636 204.125034 145.893820 107.331745 nan 624.031956 490.622505 419.744715 296.082400 430.438701
109.650000 nan 566.739272 435.878280 352.438918 301.371094 269.340540 204.222715 145.966150 107.387197 nan 624.310906 490.844006 419.935658 296.219932 430.634256
109.700000 nan 566.993445 436.076092 352.600737 301.510851 269.466442 204.320393 146.038479 107.442648 nan 624.589852 491.065502 420.126597 296.357462 430.829807
109.750000 nan 567.247614 436.273901 352.762553 301.650606 269.592342 204.418070 146.110807 107.498098 nan 624.868791 491.286994 420.317532 296.494989 431.025355
109.800000 nan 567.501777 436.471706 352.924366 301.790358 269.718240 204.515746 146.183133 107.553548 nan 625.147726 491.508482 420.508464 296.632514 431.220900
109.850000 nan 567.755936 436.669507 353.086176 301.930107 269.844135 204.613420 146.255459 107.608996 nan 625.426655 491.729966 420.699393 296.770037 431.416441
109.900000 nan 568.010090 436.867304 353.247983 302.069854 269.970029 204.711092 146.327784 107.664444 nan 625.705579 491.951446 420.890318 296.907557 431.611978
109.950000 nan 568.264239 437.065098 353.409787 302.209599 270.095920 204.808763 146.400107 107.719892 nan 625.984498 492.172922 421.081240 297.045074 431.807511
110.000000 nan 568.518384 437.262889 353.571588 302.349341 270.221809 204.906432 146.472429 107.775338 nan 626.263411 492.394394 421.272158 297.182590 432.003041
110.050000 nan 568.772524 437.460675 353.733387 302.489081 270.347696 205.004100 146.544751 107.830784 nan 626.542319 492.615861 421.463072 297.320103 432.198568
110.100000 nan 569.026658 437.658459 353.895182 302.628818 270.473581 205.101766 146.617071 107.886229 nan 626.821222 492.837324 421.653984 297.457613 432.394091
110.150000 nan 569.280789 437.856238 354.056975 302.768553 270.599464 205.199430 146.689390 107.941674 nan 627.100119 493.058784 421.844891 297.595121 432.589610
110.200000 nan 569.534914 438.054014 354.218764 302.908285 270.725345 205.297093 146.761709 107.997118 nan 627.379011 493.280239 422.035795 297.732627 432.785126
110.250000 nan 569.789035 438.251786 354.380551 303.048015 270.851223 205.394754 146.834026 108.052561 nan 627.657898 493.501690 422.226696 297.870131 432.980638
110.300000 nan 570.043150 438.449555 354.542335 303.187743 270.977099 205.492414 146.906342 108.108003 nan 627.936780 493.723137 422.417593 298.007632 433.176146
110.350000 nan 570.297261 438.647320 354.704116 303.327468 271.102973 205.590072 146.978657 108.163445 nan 628.215656 493.944580 422.608487 298.145130 433.371651
110.400000 nan 570.551368 438.845081 354.865895 303.467191 271.228845 205.687729 147.050971 108.218886 nan 628.494527 494.166018 422.799377 298.282626 433.567153
110.450000 nan 570.805469 439.042839 355.027670 303.606911 271.354715 205.785384 147.123284 108.274326 nan 628.773393 494.387453 422.990264 298.420120 433.762651
110.500000 nan 571.059566 439.240593 355.189442 303.746629 271.480583 205.883038 147.195596 108.329765 nan 629.052253 494.608884 423.181147 298.557612 433.958145
110.550000 nan 571.313658 439.438343 355.351212 303.886344 271.606449 205.980689 147.267907 108.385204 nan 629.331109 494.830310 423.372027 298.695101 434.153636
110.600000 nan 571.567745 439.636090 355.512979 304.026057 271.732312 206.078340 147.340217 108.440642 nan 629.609959 495.051733 423.562904 298.832587 434.349123
110.650000 nan 571.821828 439.833833 355.674742 304.165768 271.858173 206.175989 147.412525 108.496080 nan 629.888803 495.273151 423.753777 298.970072 434.544607
110.700000 nan 572.075906 440.031573 355.836503 304.305476 271.984032 206.273636 147.484833 108.551516 nan 630.167643 495.494565 423.944646 299.107554 434.740087
110.750000 nan 572.329979 440.229309 355.998262 304.445182 272.109889 206.371281 147.557140 108.606952 nan 630.446477 495.715975 424.135512 299.245033 434.935563
110.800000 nan 572.584047 440.427042 356.160017 304.584885 272.235744 206.468926 147.629445 108.662388 nan 630.725306 495.937381 424.326375 299.382510 435.131036
110.850000 nan 572.838110 440.624771 356.321769 304.724586 272.361597 206.566568 147.701750 108.717822 nan 631.004130 496.158783 424.517234 299.519985 435.326505
110.900000 nan 573.092169 440.822496 356.483519 304.864284 272.487448 206.664209 147.774053 108.773256 nan 631.282948 496.380181 424.708089 299.657458 435.521971
110.950000 nan 573.346223 441.020218 356.645265 305.003980 272.613296 206.761848 147.846356 108.828689 nan 631.561762 496.601575 424.898941 299.794928 435.717434
111.000000 nan 573.600273 441.217936 356.807009 305.143674 272.739142 206.859486 147.918657 108.884122 nan 631.840570 496.822965 425.089790 299.932396 435.912892
111.050000 nan 573.854317 441.415650 356.968750 305.283365 272.864987 206.957123 147.990958 108.939554 nan 632.119372 497.044350 425.280635 300.069861 436.108348
111.100000 nan 574.108357 441.613361 357.130488 305.423054 272.990829 207.054757 148.063257 108.994985 nan 632.398170 497.265732 425.471477 300.207324 436.303799
111.150000 nan 574.362392 441.811069 357.292223 305.562740 273.116669 207.152390 148.135555 109.050415 nan 632.676962 497.487110 425.662316 300.344784 436.499247
111.200000 nan 574.616422 442.008773 357.453956 305.702424 273.242506 207.250022 148.207853 109.105845 nan 632.955749 497.708483 425.853151 300.482243 436.694692
111.250000 nan 574.870448 442.206473 357.615685 305.842106 273.368342 207.347652 148.280149 109.161274 nan 633.234531 497.929852 426.043982 300.619699 436.890133
111.300000 nan 575.124469 442.404169 357.777412 305.981785 273.494176 207.445281 148.352444 109.216702 nan 633.513308 498.151218 426.234810 300.757152 437.085571
111.350000 nan 575.378485 442.601862 357.939136 306.121462 273.620007 207.542908 148.424738 109.272130 nan 633.792079 498.372579 426.425635 300.894603 437.281005
111.400000 nan 575.632497 442.799552 358.100857 306.261136 273.745836 207.640533 148.497031 109.327556 nan 634.070846 498.593936 426.616456 301.032052 437.476435
111.450000 nan 575.886504 442.997238 358.262575 306.400808 273.871663 207.738157 148.569323 109.382983 nan 634.349607 498.815290 426.807274 301.169499 437.671862
111.500000 nan 576.140506 443.194920 358.424290 306.540478 273.997489 207.835779 148.641614 109.438408 nan 634.628363 499.036639 426.998088 301.306943 437.867285
111.550000 nan 576.394503 443.392599 358.586002 306.680145 274.123311 207.933400 148.713904 109.493833 nan 634.907113 499.257984 427.188899 301.444384 438.062705
111.600000 nan 576.648496 443.590274 358.747712 306.819810 274.249132 208.031019 148.786193 109.549257 nan 635.185859 499.479325 427.379706 301.581824 438.258122
111.650000 nan 576.902484 443.787946 358.909419 306.959472 274.374951 208.128637 148.858481 109.604680 nan 635.464599 499.700662 427.570510 301.719261 438.453534
111.700000 nan 577.156467 443.985614 359.071122 307.099132 274.500768 208.226253 148.930768 109.660103 nan 635.743334 499.921995 427.761311 301.856696 438.648944
111.750000 nan 577.410446 444.183278 359.232824 307.238790 274.626582 208.323867 149.003054 109.715525 nan 636.022064 500.143324 427.952108 301.994128 438.844350
111.800000 nan 577.664420 444.380939 359.394522 307.378445 274.752394 208.421480 149.075338 109.770946 nan 636.300788 500.364649 428.142902 302.131558 439.039752
111.850000 nan 577.918389 444.578597 359.556217 307.518098 274.878205 208.519092 149.147622 109.826367 nan 636.579508 500.585970 428.333692 302.268986 439.235151
111.900000 nan 578.172353 444.776250 359.717910 307.657748 275.004013 208.616702 149.219905 109.881787 nan 636.858222 500.807286 428.524479 302.406411 439.430546
111.950000 nan 578.426313 444.973901 359.879599 307.797396 275.129819 208.714310 149.292186 109.937206 nan 637.136931 501.028599 428.715262 302.543834 439.625938
112.000000 nan 578.680269 445.171547 360.041286 307.937042 275.255623 208.811917 149.364467 109.992624 nan 637.415635 501.249908 428.906043 302.681254 439.821326
112.050000 nan 578.934219 445.369191 360.202970 308.076685 275.381424 208.909522 149.436747 110.048042 nan 637.694334 501.471213 429.096819 302.818673 440.016711
112.100000 nan 579.188165 445.566830 360.364651 308.216326 275.507224 209.007126 149.509025 110.103459 nan 637.973027 501.692514 429.287592 302.956089 440.212092
112.150000 nan 579.442106 445.764466 360.526330 308.355965 275.633022 209.104728 149.581303 110.158875 nan 638.251716 501.913810 429.478362 303.093502 440.407470
112.200000 nan 579.696042 445.962099 360.688005 308.495601 275.758817 209.202328 149.653579 110.214291 nan 638.530399 502.135103 429.669129 303.230913 440.602844
112.250000 nan 579.949974 446.159728 360.849678 308.635234 275.884611 209.299928 149.725855 110.269706 nan 638.809077 502.356392 429.859892 303.368322 440.798215
112.300000 nan 580.203901 446.357353 361.011348 308.774866 276.010402 209.397525 149.798129 110.325120 nan 639.087750 502.577676 430.050651 303.505729 440.993582
112.350000 nan 580.457824 446.554975 361.173015 308.914495 276.136191 209.495121 149.870402 110.380534 nan 639.366417 502.798957 430.241408 303.643133 441.188946
112.400000 nan 580.711742 446.752593 361.334679 309.054121 276.261978 209.592716 149.942675 110.435947 nan 639.645080 503.020234 430.432160 303.780535 441.384306
112.450000 nan 580.965655 446.950208 361.496341 309.193745 276.387763 209.690308 150.014946 110.491359 nan 639.923737 503.241506 430.622910 303.917935 441.579663
112.500000 nan 581.219563 447.147819 361.658000 309.333367 276.513546 209.787900 150.087216 110.546771 nan 640.202390 503.462775 430.813656 304.055332 441.775016
112.550000 nan 581.473467 447.345427 361.819655 309.472987 276.639327 209.885490 150.159485 110.602181 nan 640.481037 503.684039 431.004398 304.192727 441.970366
112.600000 nan 581.727366 447.543031 361.981308 309.612604 276.765105 209.983078 150.231754 110.657591 nan 640.759679 503.905300 431.195138 304.330119 442.165712
112.650000 nan 581.981261 447.740632 362.142959 309.752218 276.890882 210.080665 150.304021 110.713001 nan 641.038315 504.126557 431.385874 304.467509 442.361055
112.700000 nan 582.235151 447.938229 362.304606 309.891831 277.016656 210.178250 150.376287 110.768410 nan 641.316947 504.347809 431.576606 304.604897 442.556394
112.750000 nan 582.489036 448.135823 362.466251 310.031441 277.142429 210.275834 150.448552 110.823818 nan 641.595574 504.569058 431.767335 304.742283 442.751730
112.800000 nan 582.742916 448.333413 362.627892 310.171048 277.268199 210.373416 150.520816 110.879225 nan 641.874195 504.790303 431.958061 304.879666 442.947062
112.850000 nan 582.996792 448.531000 362.789531 310.310654 277.393967 210.470997 150.593079 110.934632 nan 642.152811 505.011543 432.148783 305.017047 443.142391
112.900000 nan 583.250664 448.728583 362.951167 310.450256 277.519733 210.568576 150.665341 110.990037 nan 642.431422 505.232780 432.339502 305.154426 443.337717
112.950000 nan 583.504530 448.926162 363.112801 310.589857 277.645497 210.666153 150.737602 111.045443 nan 642.710028 505.454012 432.530217 305.291802 443.533039
113.000000 nan 583.758392 449.123738 363.274431 310.729455 277.771259 210.763729 150.809862 111.100847 nan 642.988629 505.675241 432.720930 305.429176 443.728357
113.050000 nan 584.012250 449.321311 363.436059 310.869051 277.897019 210.861304 150.882121 111.156251 nan 643.267225 505.896466 432.911638 305.566548 443.923672
113.100000 nan 584.266102 449.518880 363.597684 311.008644 278.022777 210.958877 150.954379 111.211654 nan 643.545816 506.117687 433.102344 305.703917 444.118984
113.150000 nan 584.519951 449.716445 363.759306 311.148235 278.148532 211.056448 151.026636 111.267057 nan 643.824401 506.338903 433.293046 305.841284 444.314292
113.200000 nan 584.773794 449.914007 363.920926 311.287824 278.274286 211.154018 151.098892 111.322458 nan 644.102982 506.560116 433.483744 305.978649 444.509597
113.250000 nan 585.027633 450.111566 364.082542 311.427410 278.400037 211.251587 151.171146 111.377860 nan 644.381557 506.781325 433.674440 306.116011 444.704898
113.300000 nan 585.281467 450.309121 364.244156 311.566994 278.525787 211.349154 151.243400 111.433260 nan 644.660127 507.002530 433.865132 306.253371 444.900195
113.350000 nan 585.535297 450.506672 364.405767 311.706576 278.651534 211.446719 151.315653 111.488660 nan 644.938692 507.223730 434.055820 306.390729 445.095490
113.400000 nan 585.789122 450.704220 364.567375 311.846155 278.777279 211.544283 151.387905 111.544059 nan 645.217252 507.444927 434.246505 306.528084 445.290780
113.450000 nan 586.042943 450.901765 364.728981 311.985732 278.903022 211.641845 151.460156 111.599457 nan 645.495807 507.666120 434.437187 306.665437 445.486068
113.500000 nan 586.296758 451.099306 364.890583 312.125306 279.028763 211.739406 151.532405 111.654855 nan 645.774357 507.887309 434.627866 306.802788 445.681352
113.550000 nan 586.550570 451.296843 365.052183 312.264879 279.154502 211.836965 151.604654 111.710252 nan 646.052902 508.108494 434.818541 306.940137 445.876632
113.600000 nan 586.804376 451.494377 365.213780 312.404448 279.280239 211.934523 151.676902 111.765648 nan 646.331441 508.329675 435.009212 307.077483 446.071909
113.650000 nan 587.058178 451.691908 365.375374 312.544016 279.405974 212.032079 151.749148 111.821043 nan 646.609976 508.550852 435.199881 307.214827 446.267183
