web/models/kne/11/Metzger_0.111556_0.354138_0.100000.dat
# %ECSV 0.9
# ---
# datatype:
# - {name: time, datatype: float64}
# - {name: sdss_u, datatype: float64}
# - {name: sdss_g, datatype: float64}
# - {name: sdss_r, datatype: float64}
# - {name: sdss_i, datatype: float64}
# - {name: sdss_z, datatype: float64}
# - {name: PS1_y, datatype: float64}
# - {name: ukirt_J, datatype: float64}
# - {name: ukirt_H, datatype: float64}
# - {name: ukirt_K, datatype: float64}
# - {name: johnson_U, datatype: float64}
# - {name: johnson_B, datatype: float64}
# - {name: johnson_V, datatype: float64}
# - {name: johnson_R, datatype: float64}
# - {name: johnson_I, datatype: float64}
# - {name: Clear, datatype: float64}
# meta: !!omap
# - comment: [vej = 0.35413793103448277, mej = 0.11155639876849505, Ye = 0.1, redshift = 0.0]
# schema: astropy-2.0
time sdss_u sdss_g sdss_r sdss_i sdss_z PS1_y ukirt_J ukirt_H ukirt_K johnson_U johnson_B johnson_V johnson_R johnson_I Clear
[from data line 2499]
125.050000 463.608271 336.502931 255.998362 204.717736 173.361299 153.709356 113.808083 78.200630 54.701422 448.373133 371.941878 289.803194 246.196546 170.199978 252.774069
125.100000 463.795660 336.641730 256.106311 204.805983 173.437471 153.777944 113.861223 78.239894 54.731448 448.554702 372.094236 289.924107 246.300733 170.274930 252.880780
125.150000 463.983044 336.780525 256.214257 204.894229 173.513640 153.846530 113.914361 78.279157 54.761473 448.736268 372.246590 290.045017 246.404917 170.349881 252.987490
125.200000 464.170424 336.919318 256.322201 204.982472 173.589809 153.915116 113.967499 78.318420 54.791498 448.917830 372.398942 290.165924 246.509099 170.424831 253.094196
125.250000 464.357800 337.058108 256.430143 205.070714 173.665976 153.983700 114.020635 78.357682 54.821522 449.099387 372.551289 290.286829 246.613279 170.499779 253.200901
125.300000 464.545171 337.196894 256.538083 205.158954 173.742141 154.052282 114.073771 78.396943 54.851546 449.280941 372.703634 290.407731 246.717457 170.574725 253.307604
125.350000 464.732539 337.335678 256.646020 205.247193 173.818305 154.120863 114.126906 78.436204 54.881570 449.462491 372.855975 290.528631 246.821633 170.649670 253.414304
125.400000 464.919902 337.474459 256.753955 205.335429 173.894468 154.189444 114.180039 78.475464 54.911593 449.644036 373.008313 290.649528 246.925807 170.724614 253.521002
125.450000 465.107262 337.613237 256.861888 205.423664 173.970629 154.258022 114.233172 78.514724 54.941615 449.825578 373.160648 290.770423 247.029979 170.799556 253.627698
125.500000 465.294617 337.752011 256.969819 205.511897 174.046788 154.326600 114.286304 78.553983 54.971638 450.007116 373.312979 290.891315 247.134148 170.874497 253.734391
125.550000 465.481968 337.890783 257.077748 205.600128 174.122946 154.395176 114.339435 78.593241 55.001660 450.188649 373.465308 291.012204 247.238315 170.949436 253.841083
125.600000 465.669315 338.029552 257.185674 205.688358 174.199103 154.463751 114.392565 78.632499 55.031681 450.370179 373.617632 291.133091 247.342480 171.024374 253.947772
125.650000 465.856658 338.168318 257.293598 205.776586 174.275258 154.532324 114.445694 78.671756 55.061703 450.551705 373.769954 291.253976 247.446643 171.099310 254.054459
125.700000 466.043997 338.307081 257.401520 205.864812 174.351411 154.600896 114.498822 78.711013 55.091724 450.733226 373.922272 291.374858 247.550804 171.174245 254.161144
125.750000 466.231331 338.445841 257.509439 205.953036 174.427563 154.669467 114.551949 78.750269 55.121744 450.914744 374.074587 291.495737 247.654963 171.249178 254.267826
125.800000 466.418662 338.584598 257.617357 206.041258 174.503714 154.738037 114.605076 78.789524 55.151764 451.096258 374.226899 291.616614 247.759119 171.324110 254.374507
125.850000 466.605988 338.723352 257.725272 206.129479 174.579863 154.806605 114.658201 78.828779 55.181784 451.277768 374.379207 291.737488 247.863274 171.399041 254.481185
125.900000 466.793311 338.862103 257.833185 206.217698 174.656011 154.875172 114.711326 78.868033 55.211803 451.459274 374.531512 291.858360 247.967426 171.473970 254.587861
125.950000 466.980629 339.000851 257.941095 206.305915 174.732157 154.943738 114.764449 78.907286 55.241822 451.640776 374.683814 291.979229 248.071576 171.548897 254.694535
126.000000 467.167943 339.139597 258.049004 206.394130 174.808302 155.012302 114.817572 78.946539 55.271840 451.822274 374.836113 292.100096 248.175724 171.623824 254.801206
126.050000 467.355253 339.278339 258.156910 206.482344 174.884445 155.080865 114.870693 78.985792 55.301859 452.003768 374.988408 292.220960 248.279870 171.698748 254.907876
126.100000 467.542559 339.417078 258.264814 206.570556 174.960587 155.149427 114.923814 79.025043 55.331876 452.185258 375.140700 292.341822 248.384014 171.773672 255.014543
126.150000 467.729861 339.555814 258.372716 206.658766 175.036727 155.217988 114.976934 79.064294 55.361894 452.366744 375.292989 292.462681 248.488155 171.848594 255.121208
126.200000 467.917158 339.694548 258.480615 206.746974 175.112866 155.286547 115.030052 79.103545 55.391911 452.548226 375.445275 292.583538 248.592295 171.923514 255.227871
126.250000 468.104452 339.833278 258.588513 206.835181 175.189003 155.355105 115.083170 79.142795 55.421927 452.729704 375.597557 292.704392 248.696432 171.998433 255.334531
126.300000 468.291742 339.972006 258.696408 206.923386 175.265139 155.423662 115.136287 79.182044 55.451944 452.911179 375.749836 292.825244 248.800567 172.073351 255.441190
126.350000 468.479027 340.110731 258.804301 207.011589 175.341274 155.492217 115.189403 79.221293 55.481959 453.092649 375.902112 292.946093 248.904700 172.148267 255.547846
126.400000 468.666309 340.249452 258.912191 207.099790 175.417406 155.560771 115.242518 79.260541 55.511975 453.274115 376.054384 293.066939 249.008831 172.223181 255.654500
126.450000 468.853586 340.388171 259.020080 207.187990 175.493538 155.629324 115.295633 79.299788 55.541990 453.455578 376.206654 293.187783 249.112960 172.298094 255.761152
126.500000 469.040859 340.526887 259.127966 207.276188 175.569668 155.697875 115.348746 79.339035 55.572004 453.637036 376.358920 293.308625 249.217087 172.373006 255.867802
126.550000 469.228129 340.665600 259.235850 207.364384 175.645797 155.766426 115.401858 79.378282 55.602019 453.818491 376.511182 293.429464 249.321211 172.447917 255.974450
126.600000 469.415394 340.804310 259.343732 207.452578 175.721924 155.834974 115.454970 79.417527 55.632033 453.999941 376.663442 293.550300 249.425334 172.522826 256.081095
126.650000 469.602655 340.943017 259.451612 207.540771 175.798049 155.903522 115.508080 79.456772 55.662046 454.181388 376.815698 293.671134 249.529454 172.597733 256.187738
126.700000 469.789912 341.081721 259.559489 207.628961 175.874173 155.972068 115.561190 79.496017 55.692059 454.362831 376.967951 293.791966 249.633572 172.672639 256.294379
126.750000 469.977165 341.220422 259.667364 207.717151 175.950296 156.040614 115.614298 79.535261 55.722072 454.544270 377.120201 293.912795 249.737689 172.747544 256.401018
126.800000 470.164414 341.359120 259.775237 207.805338 176.026417 156.109157 115.667406 79.574504 55.752084 454.725705 377.272448 294.033621 249.841803 172.822447 256.507655
126.850000 470.351659 341.497815 259.883108 207.893524 176.102537 156.177700 115.720513 79.613747 55.782096 454.907136 377.424691 294.154445 249.945914 172.897349 256.614289
126.900000 470.538900 341.636508 259.990977 207.981707 176.178655 156.246241 115.773619 79.652989 55.812108 455.088563 377.576931 294.275267 250.050024 172.972249 256.720922
126.950000 470.726136 341.775197 260.098843 208.069890 176.254772 156.314781 115.826724 79.692230 55.842119 455.269986 377.729168 294.396086 250.154132 173.047148 256.827552
127.000000 470.913369 341.913884 260.206708 208.158070 176.330888 156.383320 115.879828 79.731471 55.872130 455.451405 377.881401 294.516902 250.258237 173.122045 256.934180
127.050000 471.100598 342.052568 260.314570 208.246249 176.407002 156.451857 115.932931 79.770711 55.902141 455.632821 378.033632 294.637716 250.362341 173.196941 257.040806
127.100000 471.287822 342.191248 260.422429 208.334426 176.483114 156.520393 115.986033 79.809951 55.932151 455.814232 378.185859 294.758528 250.466442 173.271836 257.147429
127.150000 471.475043 342.329926 260.530287 208.422601 176.559225 156.588928 116.039134 79.849190 55.962160 455.995640 378.338083 294.879337 250.570542 173.346729 257.254051
127.200000 471.662260 342.468601 260.638143 208.510774 176.635335 156.657462 116.092235 79.888429 55.992170 456.177044 378.490304 295.000143 250.674639 173.421621 257.360670
127.250000 471.849472 342.607273 260.745996 208.598946 176.711443 156.725994 116.145334 79.927667 56.022179 456.358443 378.642521 295.120947 250.778734 173.496511 257.467287
127.300000 472.036681 342.745942 260.853847 208.687116 176.787550 156.794525 116.198433 79.966904 56.052187 456.539839 378.794735 295.241749 250.882827 173.571400 257.573902
127.350000 472.223885 342.884608 260.961696 208.775284 176.863655 156.863055 116.251530 80.006141 56.082195 456.721231 378.946947 295.362548 250.986917 173.646288 257.680515
127.400000 472.411086 343.023272 261.069543 208.863451 176.939759 156.931583 116.304627 80.045377 56.112203 456.902619 379.099154 295.483344 251.091006 173.721174 257.787126
127.450000 472.598282 343.161932 261.177387 208.951616 177.015861 157.000110 116.357723 80.084612 56.142210 457.084003 379.251359 295.604138 251.195093 173.796058 257.893734
127.500000 472.785474 343.300590 261.285230 209.039779 177.091962 157.068636 116.410818 80.123847 56.172217 457.265384 379.403560 295.724930 251.299177 173.870942 258.000341
127.550000 472.972663 343.439244 261.393070 209.127940 177.168061 157.137161 116.463912 80.163082 56.202224 457.446760 379.555759 295.845719 251.403260 173.945823 258.106945
127.600000 473.159847 343.577896 261.500908 209.216100 177.244159 157.205684 116.517005 80.202315 56.232230 457.628133 379.707954 295.966506 251.507340 174.020704 258.213547
127.650000 473.347028 343.716545 261.608744 209.304258 177.320256 157.274206 116.570097 80.241549 56.262236 457.809502 379.860146 296.087290 251.611418 174.095583 258.320147
127.700000 473.534204 343.855191 261.716577 209.392414 177.396351 157.342727 116.623188 80.280781 56.292242 457.990866 380.012334 296.208071 251.715495 174.170460 258.426745
127.750000 473.721376 343.993834 261.824409 209.480569 177.472445 157.411247 116.676278 80.320013 56.322247 458.172227 380.164520 296.328851 251.819569 174.245336 258.533341
127.800000 473.908545 344.132474 261.932238 209.568721 177.548537 157.479765 116.729368 80.359245 56.352252 458.353584 380.316702 296.449627 251.923641 174.320211 258.639934
127.850000 474.095709 344.271111 262.040065 209.656872 177.624628 157.548282 116.782456 80.398475 56.382256 458.534938 380.468881 296.570402 252.027711 174.395084 258.746525
127.900000 474.282869 344.409746 262.147890 209.745022 177.700717 157.616798 116.835544 80.437705 56.412260 458.716287 380.621057 296.691173 252.131779 174.469956 258.853115
127.950000 474.470026 344.548377 262.255713 209.833169 177.776805 157.685312 116.888630 80.476935 56.442264 458.897632 380.773229 296.811943 252.235844 174.544827 258.959702
128.000000 474.657178 344.687006 262.363533 209.921315 177.852891 157.753825 116.941716 80.516164 56.472267 459.078974 380.925399 296.932709 252.339908 174.619696 259.066287
128.050000 474.844326 344.825632 262.471352 210.009459 177.928976 157.822337 116.994801 80.555393 56.502270 459.260312 381.077565 297.053474 252.443969 174.694564 259.172869
128.100000 475.031471 344.964255 262.579168 210.097602 178.005060 157.890848 117.047885 80.594620 56.532272 459.441646 381.229728 297.174236 252.548029 174.769430 259.279450
128.150000 475.218611 345.102875 262.686982 210.185743 178.081142 157.959358 117.100968 80.633848 56.562274 459.622976 381.381888 297.294995 252.652086 174.844295 259.386029
128.200000 475.405748 345.241492 262.794794 210.273882 178.157223 158.027866 117.154050 80.673074 56.592276 459.804302 381.534045 297.415752 252.756142 174.919158 259.492605
128.250000 475.592880 345.380106 262.902604 210.362019 178.233302 158.096373 117.207131 80.712300 56.622277 459.985624 381.686198 297.536507 252.860195 174.994020 259.599179
128.300000 475.780008 345.518718 263.010411 210.450155 178.309380 158.164878 117.260212 80.751526 56.652278 460.166943 381.838348 297.657259 252.964246 175.068881 259.705751
128.350000 475.967133 345.657326 263.118217 210.538289 178.385456 158.233383 117.313291 80.790751 56.682279 460.348257 381.990496 297.778008 253.068295 175.143740 259.812321
128.400000 476.154253 345.795932 263.226020 210.626421 178.461531 158.301886 117.366369 80.829975 56.712279 460.529568 382.142640 297.898756 253.172342 175.218598 259.918889
128.450000 476.341370 345.934535 263.333821 210.714551 178.537605 158.370388 117.419447 80.869199 56.742279 460.710875 382.294780 298.019500 253.276387 175.293454 260.025455
128.500000 476.528482 346.073135 263.441620 210.802680 178.613677 158.438888 117.472524 80.908422 56.772278 460.892178 382.446918 298.140242 253.380430 175.368309 260.132019
128.550000 476.715591 346.211732 263.549417 210.890807 178.689748 158.507388 117.525599 80.947644 56.802277 461.073477 382.599053 298.260982 253.484471 175.443163 260.238580
128.600000 476.902696 346.350326 263.657212 210.978932 178.765817 158.575886 117.578674 80.986866 56.832276 461.254773 382.751184 298.381720 253.588510 175.518015 260.345139
128.650000 477.089796 346.488918 263.765004 211.067056 178.841885 158.644383 117.631748 81.026088 56.862274 461.436064 382.903312 298.502455 253.692546 175.592866 260.451697
128.700000 477.276893 346.627506 263.872795 211.155178 178.917951 158.712878 117.684821 81.065309 56.892272 461.617352 383.055437 298.623187 253.796581 175.667715 260.558252
128.750000 477.463986 346.766092 263.980583 211.243298 178.994016 158.781373 117.737894 81.104529 56.922270 461.798636 383.207559 298.743917 253.900614 175.742563 260.664805
128.800000 477.651074 346.904675 264.088369 211.331417 179.070080 158.849866 117.790965 81.143748 56.952267 461.979916 383.359677 298.864645 254.004644 175.817410 260.771355
128.850000 477.838159 347.043255 264.196153 211.419534 179.146142 158.918358 117.844035 81.182967 56.982264 462.161193 383.511793 298.985370 254.108673 175.892255 260.877904
128.900000 478.025240 347.181832 264.303935 211.507649 179.222203 158.986848 117.897105 81.222186 57.012260 462.342465 383.663905 299.106092 254.212699 175.967099 260.984451
128.950000 478.212317 347.320406 264.411714 211.595762 179.298262 159.055338 117.950173 81.261404 57.042257 462.523734 383.816014 299.226813 254.316723 176.041941 261.090995
129.000000 478.399390 347.458978 264.519492 211.683874 179.374320 159.123826 118.003241 81.300621 57.072252 462.704999 383.968121 299.347530 254.420746 176.116783 261.197538
129.050000 478.586459 347.597546 264.627267 211.771984 179.450376 159.192312 118.056308 81.339838 57.102248 462.886260 384.120223 299.468246 254.524766 176.191622 261.304078
129.100000 478.773524 347.736112 264.735040 211.860093 179.526431 159.260798 118.109373 81.379054 57.132243 463.067517 384.272323 299.588959 254.628784 176.266460 261.410616
129.150000 478.960585 347.874675 264.842811 211.948199 179.602485 159.329282 118.162438 81.418269 57.162237 463.248770 384.424420 299.709669 254.732800 176.341297 261.517152
129.200000 479.147642 348.013235 264.950580 212.036304 179.678537 159.397766 118.215502 81.457484 57.192231 463.430020 384.576513 299.830377 254.836814 176.416133 261.623686
129.250000 479.334695 348.151792 265.058347 212.124408 179.754588 159.466247 118.268566 81.496699 57.222225 463.611266 384.728604 299.951083 254.940826 176.490967 261.730218
129.300000 479.521745 348.290347 265.166112 212.212509 179.830637 159.534728 118.321628 81.535912 57.252219 463.792508 384.880691 300.071786 255.044836 176.565799 261.836748
129.350000 479.708790 348.428898 265.273874 212.300609 179.906685 159.603207 118.374689 81.575125 57.282212 463.973746 385.032775 300.192487 255.148844 176.640631 261.943275
129.400000 479.895832 348.567447 265.381635 212.388707 179.982732 159.671685 118.427750 81.614338 57.312204 464.154981 385.184856 300.313185 255.252850 176.715461 262.049801
129.450000 480.082869 348.705993 265.489393 212.476804 180.058777 159.740162 118.480809 81.653550 57.342197 464.336211 385.336933 300.433881 255.356854 176.790289 262.156324
129.500000 480.269903 348.844536 265.597149 212.564899 180.134820 159.808638 118.533868 81.692762 57.372189 464.517438 385.489008 300.554575 255.460855 176.865116 262.262845
129.550000 480.456933 348.983076 265.704903 212.652992 180.210863 159.877112 118.586926 81.731972 57.402180 464.698661 385.641080 300.675266 255.564855 176.939942 262.369365
