web/models/kne/11/mosfit_kn_0.077496_0.2180_10.0000.dat
# %ECSV 1.0
# ---
# datatype:
# - {name: time, datatype: float64}
# - {name: PS1_g, datatype: float64}
# - {name: PS1_i, datatype: float64}
# - {name: PS1_r, datatype: float64}
# - {name: PS1_w, datatype: float64}
# - {name: PS1_y, datatype: float64}
# - {name: PS1_z, datatype: float64}
# - {name: swift_uvot_B, datatype: float64}
# - {name: swift_uvot_U, datatype: float64}
# - {name: swift_uvot_uvm2, datatype: float64}
# - {name: swift_uvot_uvw1, datatype: float64}
# - {name: swift_uvot_uvw2, datatype: float64}
# - {name: swift_uvot_V, datatype: float64}
# - {name: johnson_B, datatype: float64}
# - {name: johnson_I, datatype: float64}
# - {name: johnson_R, datatype: float64}
# - {name: johnson_U, datatype: float64}
# - {name: johnson_V, datatype: float64}
# - {name: sdss_g, datatype: float64}
# - {name: sdss_i, datatype: float64}
# - {name: sdss_r, datatype: float64}
# - {name: sdss_u, datatype: float64}
# - {name: sdss_z, datatype: float64}
# - {name: ATLAS_c, datatype: float64}
# - {name: ATLAS_o, datatype: float64}
# - {name: ukirt_H, datatype: float64}
# - {name: ukirt_J, datatype: float64}
# - {name: ukirt_K, datatype: float64}
# - {name: Clear, datatype: float64}
# meta: !!omap
# - comment: [kappa = 10.0, type = rprocess, mass = 0.07749594937791414, velocity = 0.21800000000000003, theta_obs = 0.0, tfloor = 1000.0]
# schema: astropy-2.0
time PS1_g PS1_i PS1_r PS1_w PS1_y PS1_z swift_uvot_B swift_uvot_U swift_uvot_uvm2 swift_uvot_uvw1 swift_uvot_uvw2 swift_uvot_V johnson_B johnson_I johnson_R johnson_U johnson_V sdss_g sdss_i sdss_r sdss_u sdss_z ATLAS_c ATLAS_o ukirt_H ukirt_J ukirt_K Clear
[from data line 492]
29.639278557114228 7.188019965577457 -1.6938088476218383 1.7812619304160116 -0.186661881087975 -5.216998896147089 -3.799322931299969 10.727926542141926 17.386870640036847 31.275465944066024 13.352453172111414 15.865469678591047 5.147536658448241 9.523989225175736 -3.247322154043789 -0.27728938731878894 16.355869460785105 4.192514323279489 8.000560066891893 -1.6125528955088342 2.0097505899124535 17.887976170211672 -4.372750543321953 3.760338500158653 -0.6920740244511236 -10.165986274062584 -8.016496978572894 -11.526274954535756 -2.4725559248493134
29.69939879759519 7.194030104350766 -1.6877987088485114 1.7872720691893207 -0.18065174231466585 -5.21098875737378 -3.793312792526642 10.733936680915253 17.392880778810156 31.281476082839337 13.358463310884723 15.871479817364374 5.1535467972215505 9.529999363949063 -3.241312015270462 -0.2712792485454798 16.361879599558414 4.198524462052798 8.006570205665202 -1.606542756735525 2.0157607286857626 17.89398630898498 -4.3667404045486435 3.7663486389319623 -0.6860638856778145 -10.159976135289275 -8.010486839799585 -11.520264815762447 -2.4665457860760043
29.75951903807615 7.200014638581056 -1.6818141746182391 1.7932566034196107 -0.17466720808437586 -5.20500422314349 -3.7873282582963697 10.739921215145525 17.398865313040446 31.287460617069616 13.364447845114995 15.877464351594647 5.1595313314518405 9.535983898179335 -3.2353274810401897 -0.2652947143151898 16.367864133788704 4.204508996283088 8.012554739895492 -1.600558222505235 2.021745262916035 17.89997084321527 -4.3607558703183535 3.7723331731622523 -0.6800793514475245 -10.153991601058985 -8.004502305569295 -11.514280281532157 -2.4605612518457143
29.819639278557112 7.205974037965603 -1.6758547752336916 1.7992160028041582 -0.16870780869982838 -5.199044823758943 -3.781368858911822 10.745880614530073 17.404824712424993 31.29342001645416 13.370407244499543 15.883423750979194 5.165490730836388 9.541943297563883 -3.2293680816556423 -0.2593353149306423 16.37382353317325 4.210468395667635 8.01851413928004 -1.5945988231206876 2.0277046623005823 17.90593024259982 -4.354796470933806 3.7782925725467997 -0.674119952062977 -10.148032201674438 -7.998542906184747 -11.50832088214761 -2.454601852461167
29.879759519038075 7.211908877080386 -1.6699199361189088 1.805150841918941 -0.1627729695850455 -5.19310998464416 -3.7754340197970393 10.751815453644856 17.410759551539776 31.299354855568946 13.376342083614325 15.889358590093977 5.171425569951171 9.547878136678666 -3.2234332425408594 -0.25340047581585945 16.379758372288034 4.216403234782418 8.024448978394823 -1.5886639840059047 2.033639501415365 17.911865081714602 -4.348861631819023 3.7842274116615826 -0.6681851129481942 -10.142097362559655 -7.992608067069964 -11.502386043032827 -2.448667013346384
29.939879759519037 7.217818480450813 -1.6640103327484645 1.8110604452893675 -0.15686336621460129 -5.187200381273733 -3.769524416426595 10.7577250570153 17.416669154910203 31.30526445893938 13.38225168698477 15.895268193464421 5.177335173321597 9.55378774004911 -3.217523639170415 -0.24749087244541523 16.38566797565846 4.2223128381528445 8.030358581765249 -1.5827543806354782 2.0395491047858094 17.91777468508503 -4.342952028448597 3.790137015032009 -0.6622755095777677 -10.136187759189228 -7.986698463699538 -11.4964764396624 -2.4427574099759575
30.0 7.223703345327053 -1.6581254678722246 1.8169453101656075 -0.1509785013383791 -5.181315516397493 -3.763639551550355 10.76360992189154 17.422554019786443 31.311149323815616 13.38813655186101 15.901153058340661 5.183220038197837 9.559672604925332 -3.211638774294175 -0.24160600756919304 16.3915528405347 4.2281977030290845 8.036243446641489 -1.5768695157592383 2.0454339696620494 17.92365954996127 -4.337067163572357 3.796021879908249 -0.6563906447015277 -10.130302894312988 -7.980813598823298 -11.49059157478616 -2.4368725450997175
