web/models/kne/11/mosfit_kn_0.014776_0.1397_10.0000.dat
# %ECSV 1.0
# ---
# datatype:
# - {name: time, datatype: float64}
# - {name: PS1_g, datatype: float64}
# - {name: PS1_i, datatype: float64}
# - {name: PS1_r, datatype: float64}
# - {name: PS1_w, datatype: float64}
# - {name: PS1_y, datatype: float64}
# - {name: PS1_z, datatype: float64}
# - {name: swift_uvot_B, datatype: float64}
# - {name: swift_uvot_U, datatype: float64}
# - {name: swift_uvot_uvm2, datatype: float64}
# - {name: swift_uvot_uvw1, datatype: float64}
# - {name: swift_uvot_uvw2, datatype: float64}
# - {name: swift_uvot_V, datatype: float64}
# - {name: johnson_B, datatype: float64}
# - {name: johnson_I, datatype: float64}
# - {name: johnson_R, datatype: float64}
# - {name: johnson_U, datatype: float64}
# - {name: johnson_V, datatype: float64}
# - {name: sdss_g, datatype: float64}
# - {name: sdss_i, datatype: float64}
# - {name: sdss_r, datatype: float64}
# - {name: sdss_u, datatype: float64}
# - {name: sdss_z, datatype: float64}
# - {name: ATLAS_c, datatype: float64}
# - {name: ATLAS_o, datatype: float64}
# - {name: ukirt_H, datatype: float64}
# - {name: ukirt_J, datatype: float64}
# - {name: ukirt_K, datatype: float64}
# - {name: Clear, datatype: float64}
# meta: !!omap
# - comment: [kappa = 10.0, type = rprocess, mass = 0.014775890654408853, velocity = 0.13966666666666672, theta_obs = 0.0, tfloor = 1000.0]
# schema: astropy-2.0
time PS1_g PS1_i PS1_r PS1_w PS1_y PS1_z swift_uvot_B swift_uvot_U swift_uvot_uvm2 swift_uvot_uvw1 swift_uvot_uvw2 swift_uvot_V johnson_B johnson_I johnson_R johnson_U johnson_V sdss_g sdss_i sdss_r sdss_u sdss_z ATLAS_c ATLAS_o ukirt_H ukirt_J ukirt_K Clear
[from data line 436]
26.27254509018036 9.184436261859616 0.3026074486603392 3.777678226698189 1.8097544151942024 -3.2205825998649296 -1.8029066350177914 12.724342838424104 19.383286936319024 33.2718822403482 15.348869468393573 17.861885974873225 7.143952954730401 11.520405521457914 -1.2509058577616115 1.7191269089633885 18.352285757067264 6.188930619561666 9.99697636317407 0.3838634007733255 4.006166886194613 19.88439246649385 -2.376334247039793 5.7567547964408305 1.304342271831036 -8.169569977780407 -6.0200806822907165 -9.529858658253596 -0.47613962856715375
26.33266533066132 9.189265778058164 0.3074369648588693 3.782507742896719 1.8145839313927326 -3.2157530836663817 -1.7980771188192612 12.729172354622634 19.388116452517554 33.27671175654674 15.353698984592121 17.866715491071773 7.148782470928949 11.525235037656444 -1.2460763415630636 1.7239564251619186 18.357115273265812 6.193760135760196 10.0018058793726 0.38869291697187336 4.010996402393161 19.88922198269238 -2.371504730841245 5.761584312639361 1.309171788029584 -8.164740461581877 -6.015251166092186 -9.525029142055049 -0.47131011236860587
26.392785571142284 9.194083181227981 0.312254368028686 3.787325146066536 1.8194013345625493 -3.210935680496565 -1.7932597156494445 12.73398975779245 19.39293385568737 33.28152915971654 15.35851638776192 17.87153289424157 7.153599874098766 11.53005244082626 -1.2412589383932646 1.7287738283317353 18.36193267643563 6.198577538930013 10.006623282542417 0.3935103201416901 4.01581380556296 19.894039385862197 -2.3666873276714284 5.766401715809177 1.3139891911994006 -8.15992305841206 -6.01043376292237 -9.520211738885232 -0.46649270919878916
26.452905811623246 9.198888545234887 0.31705973203560944 3.7921305100734415 1.8242066985694727 -3.2061303164896593 -1.788454351642521 12.738795121799374 19.397739219694287 33.28633452372347 15.363321751768844 17.876338258248495 7.158405238105671 11.534857804833184 -1.2364535743863412 1.7335791923386588 18.366738040442534 6.2033829029369185 10.01142864654934 0.39831568414859575 4.020619169569883 19.89884474986912 -2.3618819636645227 5.771207079816101 1.3187945552063063 -8.155117694405154 -6.005628398915464 -9.515406374878326 -0.4616873451918835
26.51302605210421 9.203681956495533 0.32185314329623793 3.7969239213340877 1.8290001098301012 -3.201336905229013 -1.7836609403818926 12.743588533060002 19.402532630954923 33.291127934984104 15.36811516302949 17.88113166950914 7.163198649366318 11.539651216093812 -1.231660163125695 1.7383726035992872 18.37153145170318 6.208176314197565 10.01622205780997 0.403109095409242 4.02541258083053 19.90363816112975 -2.3570885524038765 5.776000491076729 1.3235879664669525 -8.150324283144508 -6.000834987654818 -9.51061296361768 -0.45689393393123723
26.573146292585168 9.208463489511747 0.32663467631246945 3.8017054543503015 1.833781642846315 -3.1965553722127993 -1.778879407365661 12.748370066076234 19.407314163971144 33.29590946800032 15.372896696045704 17.885913202525355 7.167980182382531 11.544432749110026 -1.2268786301094812 1.743154136615501 18.376312984719394 6.2129578472137785 10.021003590826183 0.40789062842545576 4.030194113846743 19.908419694145962 -2.3523070193876627 5.780782024092943 1.3283694994831663 -8.145542750128294 -5.996053454638604 -9.505831430601466 -0.45211240091502347
26.63326653306613 9.213233227912454 0.3314044147131767 3.8064751927510088 1.8385513812470222 -3.191785633812092 -1.7741096689649538 12.753139804476941 19.412083902371855 33.30067920640102 15.377666434446411 17.890682940926062 7.172749920783239 11.549202487510751 -1.222108891708774 1.747923875016226 18.3810827231201 6.217727585614486 10.02577332922689 0.412660366826163 4.034963852247451 19.91318943254667 -2.3475372809869555 5.78555176249365 1.3331392378838736 -8.140773011727587 -5.991283716237897 -9.501061692200759 -0.4473426625143162
26.693386773547093 9.21799125916488 0.3361624459656021 3.811233224003434 1.8433094124994653 -3.1870276025596667 -1.7693516377125285 12.757897835729366 19.416841933624276 33.30543723765346 15.382424465698836 17.895440972178488 7.177507952035664 11.553960518763176 -1.2173508604563485 1.7526819062686514 18.385840754372527 6.222485616866911 10.030531360479333 0.4174183980785884 4.039721883499876 19.917947463799113 -2.34277924973453 5.7903097937460934 1.337897269136299 -8.136014980475162 -5.986525684985471 -9.496303660948334 -0.44258463126189085
26.753507014028056 9.222737665602345 0.3409088524030679 3.8159796304409177 1.8480558189369312 -3.182281196122201 -1.7646052312750626 12.762644242166832 19.421588340061753 33.31018364409093 15.387170872136302 17.900187378615954 7.18225435847313 11.558706925200642 -1.2126044540188827 1.7574283127061172 18.39058716081001 6.227232023304395 10.0352777669168 0.4221648045160542 4.044468289937342 19.92269387023658 -2.3380328432970643 5.795056200183559 1.3426436755737647 -8.131268574037678 -5.981779278547988 -9.491557254510868 -0.437838224824425
26.81362725450902 9.22747256748309 0.3456437542838131 3.820714532321645 1.8527907208176586 -3.1775462942414556 -1.7598703293943174 12.767379144047577 19.42632324194249 33.31491854597166 15.391905774017047 17.9049222804967 7.186989260353875 11.563441827081387 -1.2078695521381375 1.7621632145868624 18.395322062690738 6.231966925185122 10.040012668797527 0.4268997063967994 4.049203191818087 19.927428772117306 -2.333297941416319 5.799791102064287 1.34737857745451 -8.12653367215695 -5.97704437666726 -9.486822352630123 -0.4331033229436798
26.873747494989978 9.232196041926208 0.35036722872693105 3.825438006764763 1.8575141952607765 -3.1728228197983377 -1.7551468549511995 12.772102618490695 19.43104671638561 33.31964202041478 15.396629248460165 17.909645754939817 7.191712734796993 11.568165301524505 -1.2031460776950196 1.7668866890299804 18.400045537133856 6.23669039962824 10.044736143240645 0.43162318083991735 4.053926666261205 19.932152246560424 -2.328574466973201 5.804514576507405 1.3521020518976279 -8.121810197713833 -5.972320902224142 -9.482098878187005 -0.4283798485005619
26.93386773547094 9.23690816842571 0.3550793552264331 3.830150133264265 1.8622263217602963 -3.1681106932988357 -1.7504347284516975 12.776814744990197 19.435758842885107 33.32435414691428 15.401341374959667 17.91435788143932 7.196424861296495 11.572877428024007 -1.1984339511955175 1.7715988155294824 18.404757663633358 6.241402526127742 10.049448269740164 0.4363353073394194 4.058638792760707 19.936864373059944 -2.323862340473699 5.8092267030069245 1.35681417839713 -8.11709807121433 -5.96760877572464 -9.477386751687503 -0.42366772200105984
26.993987975951903 9.241609012673209 0.35978019947393136 3.834850977511781 1.8669271660077946 -3.1634098490513374 -1.7457338842041992 12.781515589237696 19.44045968713261 33.32905499116179 15.406042219207166 17.919058725686817 7.201125705543993 11.577578272271506 -1.1937331069480193 1.7762996597769807 18.409458507880856 6.246103370375258 10.054149113987663 0.44103615158691767 4.063339637008205 19.941565217307442 -2.319161496226201 5.813927547254423 1.3615150226446282 -8.112397226966815 -5.962907931477124 -9.472685907440004 -0.41896687775356156
27.054108216432866 9.246298658315784 0.36446984511650626 3.839540623154356 1.8716168116503695 -3.1587202034087625 -1.7410442385616243 12.78620523488027 19.44514933277518 33.33374463680436 15.41073186484974 17.923748371329392 7.205815351186568 11.58226791791408 -1.1890434613054444 1.7809893054195556 18.41414815352343 6.250793016017833 10.058838759630238 0.44572579722949257 4.06802928265078 19.946254862950017 -2.314471850583626 5.818617192896998 1.366204668287203 -8.10770758132424 -5.958218285834549 -9.46799626179743 -0.41427723211098666
27.11422845691383 9.25097718282359 0.3691483696243125 3.8442191476621446 1.8762953361581758 -3.154041678900956 -1.736365714053818 12.790883759388077 19.44982785728299 33.33842316131217 15.415410389357547 17.928426895837198 7.210493875694374 11.586946442421887 -1.184364936797638 1.7856678299273618 18.418826678031238 6.255471540525639 10.063517284138044 0.45040432173729883 4.0727078071585865 19.950933387457823 -2.3097933260758197 5.823295717404804 1.3708831927950094 -8.103029056816434 -5.953539761326761 -9.463317737289623 -0.4095987076031804
27.174348697394787 9.255644677948851 0.37381586474957373 3.8488866427874235 1.880962831283437 -3.1493741837756772 -1.7316982189285568 12.795551254513338 19.45449535240826 33.34309065643743 15.420077884482808 17.93309439096246 7.215161370819653 11.591613937547148 -1.179697441672377 1.790335325052623 18.423494173156516 6.260139035650901 10.068184779263305 0.45507181686256004 4.077375302283848 19.955600882583084 -2.3051258309505585 5.827963212530065 1.3755506879202706 -8.098361561691172 -5.948872266201482 -9.458650242164362 -0.4049312124779192
27.23446893787575 9.260301202720171 0.3784723895208941 3.853543167558744 1.8856193560547574 -3.144717659004357 -1.7270416941572364 12.800207779284658 19.45915187717958 33.34774718120875 15.424734409254128 17.93775091573378 7.219817895590974 11.596270462318468 -1.1750409169010565 1.7949918498239434 18.428150697927837 6.264795560422221 10.072841304034625 0.45972834163388043 4.082031827055168 19.960257407354405 -2.3004693061792203 5.8326197373013855 1.380207212691591 -8.093705036919852 -5.9442157414301615 -9.453993717393024 -0.40027468770658103
27.294589178356713 9.26494689175101 0.38311807855173186 3.858188856589564 1.8902650450855774 -3.140071969973537 -1.7223960051263987 12.804853468315496 19.46379756621041 33.352392870239576 15.429380098284966 17.942396604764618 7.224463584621794 11.600916151349306 -1.1703952278702188 1.7996375388547812 18.432796386958657 6.269441249453041 10.077486993065445 0.46437403066471816 4.086677516086006 19.964903096385225 -2.2958236171484003 5.8372654263322055 1.3848529017224287 -8.089059347889032 -5.9395700523993415 -9.449348028362204 -0.39562899867576107
27.354709418837675 9.269581796237567 0.38775298303828976 3.862823761076122 1.8948999495721353 -3.135437065486979 -1.7177611006398408 12.809488372802054 19.468432470696968 33.35702777472614 15.434015002771524 17.947031509251175 7.229098489108352 11.605551055835846 -1.1657603233836609 1.8042724433413213 18.437431291445215 6.274076153939599 10.082121897552003 0.46900893515127606 4.091312420572564 19.969538000871783 -2.2911887126618424 5.841900330818763 1.3894878062089866 -8.084424443402474 -5.934935147912784 -9.444713123875646 -0.39099409418920317
27.414829659318634 9.27420599500163 0.3923771818023347 3.8674479598401845 1.899524148336198 -3.1308128667229163 -1.7131369018757958 12.814112571566099 19.47305666946102 33.36165197349019 15.438639201535569 17.95165570801522 7.233722687872414 11.610175254599909 -1.161136124619616 1.808896642105384 18.442055490209277 6.278700352703662 10.086746096316066 0.4736331339153388 4.095936619336609 19.974162199635845 -2.2865645138977797 5.846524529582826 1.3941120049730316 -8.079800244638411 -5.930310949148721 -9.440088925111583 -0.38636989542514044
27.474949899799597 9.27881955304306 0.3969907398437833 3.872061517881633 1.9041377063776466 -3.1261993086814854 -1.7085233438343472 12.818726129607548 19.47767022750247 33.36626553153164 15.443252759577017 17.95626926605667 7.238336245913845 11.614788812641358 -1.1565225665781673 1.8135102001468326 18.44666904825071 6.28331391074511 10.091359654357515 0.4782466919567696 4.100550177378057 19.978775757677294 -2.281950955856349 5.851138087624275 1.3987255630144801 -8.075186686596963 -5.925697391107272 -9.435475367070152 -0.3817563373837096
27.53507014028056 9.283422545800555 0.4015937326012775 3.8766645106391096 1.9087406991351408 -3.1215963159239912 -1.703920351076853 12.823329122365042 19.482273220259955 33.37086852428913 15.447855752334512 17.960872258814163 7.242939238671339 11.619391805398852 -1.1519195738206731 1.8181131929043268 18.451272041008203 6.287916903502587 10.095962647114991 0.4828496847142638 4.1051531701355515 19.983378750434788 -2.2773479630988547 5.855741080381769 1.4033285557719744 -8.070583693839486 -5.921094398349796 -9.430872374312658 -0.3771533446262154
27.595190380761522 9.28801503622564 0.40618622302636354 3.8812570010641956 1.9133331895602268 -3.117003825498905 -1.699327860651767 12.827921612790128 19.486865710685038 33.37546101471421 15.452448242759598 17.96546474923925 7.247531729096425 11.623984295823938 -1.147327083395587 1.8227056833294129 18.45586453143329 6.292509393927673 10.100555137540095 0.48744217513934984 4.1097456605606375 19.987971240859874 -2.2727554726737687 5.860333570806855 1.4079210461970604 -8.0659912034144 -5.91650190792471 -9.426279883887572 -0.3725608542011294
27.655310621242485 9.292597112017162 0.4107682988178851 3.885839076855717 1.9179152653517484 -3.1124217497073836 -1.6947457848602454 12.83250368858165 19.491447786476563 33.38004309050573 15.45703031855112 17.97004682503077 7.252113804887947 11.62856637161546 -1.1427450076040655 1.8272877591209344 18.46044660722481 6.297091469719194 10.105137213331599 0.49202425093087143 4.114327736352159 19.992553316651396 -2.268173396882247 5.8649156465983765 1.412503121988582 -8.061409127622879 -5.911919832133188 -9.42169780809605 -0.3679787784096078
27.715430861723444 9.297168861704392 0.4153400485051151 3.890410826542947 1.9224870150389783 -3.1078500000201537 -1.6901740351730155 12.83707543826888 19.496019536163793 33.384614840192974 15.46160206823835 17.974618574718 7.256685554575177 11.63313812130269 -1.1381732579168355 1.8318595088081644 18.46501835691204 6.301663219406424 10.109708963018846 0.4965960006181014 4.118899486039389 19.997125066338626 -2.263601647195017 5.8694873962856065 1.417074871675812 -8.056837377935649 -5.907348082445958 -9.41712605840882 -0.36340702872237785
27.775551102204407 9.30173036340296 0.4199015502036829 3.894972328241515 1.9270485167375462 -3.103288498321586 -1.6856125334744476 12.841636939967447 19.50058103786236 33.389176341891535 15.466163569936917 17.97918007641657 7.261247056273745 11.637699623001257 -1.1336117562182677 1.8364210105067322 18.469579858610608 6.306224721104992 10.114270464717396 0.5011575023166692 4.123460987737957 20.001686568037194 -2.2590401454964493 5.8740488979841565 1.4216363733743798 -8.052275876237081 -5.9027865807473905 -9.412564556710253 -0.35884552702381
27.83567134268537 9.306281688630929 0.4244528754316512 3.899523653469501 1.9315998419655145 -3.0987371730935998 -1.6810612082464793 12.846188265195416 19.505132363090336 33.39372766711951 15.470714895164885 17.983731401644537 7.265798381501731 11.642250948229226 -1.1290604309902994 1.8409723357347005 18.474131183838594 6.310776046332978 10.118821789945383 0.5057088275446375 4.128012312965925 20.006237893265162 -2.254488820268463 5.878600223212143 1.426187698602348 -8.047724551009095 -5.898235255519404 -9.408013231482267 -0.35429420179582394
27.895791583166332 9.310822908341958 0.42899409514266296 3.9040648731805128 1.9361410616765262 -3.094195953382588 -1.6765199885354676 12.850729484906445 19.509673582801348 33.39826888683053 15.475256114875915 17.988272621355566 7.270339601212743 11.646792167940237 -1.12451921127927 1.8455135554457123 18.478672403549606 6.31531726604399 10.123363009656394 0.510250047255667 4.132553532676955 20.010779112976174 -2.2499476005574515 5.883141442923154 1.4307289183133776 -8.043183331298083 -5.893694035808393 -9.403472011771255 -0.3497529820848122
