web/models/kne/11/mosfit_kn_0.041628_0.2963_0.5000.dat
# %ECSV 1.0
# ---
# datatype:
# - {name: time, datatype: float64}
# - {name: PS1_g, datatype: float64}
# - {name: PS1_i, datatype: float64}
# - {name: PS1_r, datatype: float64}
# - {name: PS1_w, datatype: float64}
# - {name: PS1_y, datatype: float64}
# - {name: PS1_z, datatype: float64}
# - {name: swift_uvot_B, datatype: float64}
# - {name: swift_uvot_U, datatype: float64}
# - {name: swift_uvot_uvm2, datatype: float64}
# - {name: swift_uvot_uvw1, datatype: float64}
# - {name: swift_uvot_uvw2, datatype: float64}
# - {name: swift_uvot_V, datatype: float64}
# - {name: johnson_B, datatype: float64}
# - {name: johnson_I, datatype: float64}
# - {name: johnson_R, datatype: float64}
# - {name: johnson_U, datatype: float64}
# - {name: johnson_V, datatype: float64}
# - {name: sdss_g, datatype: float64}
# - {name: sdss_i, datatype: float64}
# - {name: sdss_r, datatype: float64}
# - {name: sdss_u, datatype: float64}
# - {name: sdss_z, datatype: float64}
# - {name: ATLAS_c, datatype: float64}
# - {name: ATLAS_o, datatype: float64}
# - {name: ukirt_H, datatype: float64}
# - {name: ukirt_J, datatype: float64}
# - {name: ukirt_K, datatype: float64}
# - {name: Clear, datatype: float64}
# meta: !!omap
# - comment: [kappa = 0.5, type = rprocess, mass = 0.04162766037032262, velocity = 0.29633333333333334, theta_obs = 0.0, tfloor = 1000.0]
# schema: astropy-2.0
time PS1_g PS1_i PS1_r PS1_w PS1_y PS1_z swift_uvot_B swift_uvot_U swift_uvot_uvm2 swift_uvot_uvw1 swift_uvot_uvw2 swift_uvot_V johnson_B johnson_I johnson_R johnson_U johnson_V sdss_g sdss_i sdss_r sdss_u sdss_z ATLAS_c ATLAS_o ukirt_H ukirt_J ukirt_K Clear
[from data line 348]
20.98196392785571 8.272482929453346 -0.6093458837459487 2.865724894291901 0.8978010827879146 -4.1325359322712 -2.714859967424079 11.812389506017816 18.471333603912736 32.35992890794191 14.436916135987286 16.949932642466937 6.231999622324131 10.608452189051626 -2.1628591901678993 0.8071735765571006 17.440332424660994 5.276977287155378 9.085023030767783 -0.5280899316329446 3.0942135537883253 18.972439134087562 -3.288287579446063 4.844801464034543 0.3923889394247482 -9.081523310186695 -6.932034014697004 -10.441811990659867 -1.3880929609734238
21.04208416833667 8.278913988742644 -0.6029148244566507 2.872155953581199 0.9042321420772126 -4.126104872981902 -2.708428908134781 11.818820565307114 18.477764663202034 32.366359967231205 14.443347195276584 16.956363701756235 6.238430681613429 10.614883248340924 -2.1564281308786013 0.8136046358463986 17.446763483950292 5.283408346444676 9.09145409005708 -0.5216588723436466 3.1006446130776233 18.97887019337686 -3.281856520156765 4.851232523323841 0.39881999871404616 -9.075092250897397 -6.925602955407706 -10.435380931370569 -1.3816619016841258
21.102204408817634 8.285328562382439 -0.5965002508168382 2.878570527220994 0.9106467157170073 -4.119690299342107 -2.7020143344949688 11.825235138946926 18.48417923684183 32.37277454087101 14.449761768916396 16.962778275396047 6.244845255253224 10.621297821980736 -2.150013557238789 0.8200192094861933 17.453178057590087 5.289822920084471 9.097868663696875 -0.5152442987038519 3.1070591867174358 18.985284767016655 -3.2754419465169704 4.857647096963635 0.4052345723538586 -9.068677677257602 -6.919188381767912 -10.428966357730774 -1.3752473280443311
21.162324649298597 8.291726765164 -0.590102048035277 2.884968730002555 0.9170449184985685 -4.113292096560546 -2.6956161317134075 11.831633341728487 18.49057743962339 32.37917274365257 14.456159971697957 16.96917647817761 6.251243458034785 10.627696024762297 -2.1436153544572276 0.8264174122677546 17.459576260371648 5.296221122866032 9.104266866478437 -0.5088460959222907 3.113457389498997 18.991682969798216 -3.269043743735409 4.864045299745197 0.41163277513541985 -9.06227947447604 -6.91279017898635 -10.422568154949213 -1.36884912526277
21.22244488977956 8.29811046802881 -0.5837183451704853 2.8913524328673645 0.923428621363378 -4.106908393695736 -2.689232428848616 11.838017044593279 18.4969611424882 32.38555644651737 14.462543674562749 16.9755601810424 6.257627160899594 10.634079727627089 -2.137231651592436 0.832801115132564 17.465959963236457 5.302604825730842 9.110650569343246 -0.5024623930574812 3.1198410923637887 18.998066672663025 -3.2626600408705997 4.870429002610006 0.41801647800022934 -9.055895771611231 -6.906406476121541 -10.416184452084403 -1.3624654223979604
21.28256513026052 8.304475279573307 -0.5773535336259705 2.8977172444118793 0.9297934329078927 -4.100543582151239 -2.682867617304101 11.844381856137794 18.503325954032714 32.391921258061885 14.468908486107264 16.981924992586915 6.263991972444091 10.640444539171604 -2.130866840047921 0.8391659266770788 17.472324774780954 5.308969637275356 9.11701538088776 -0.4960975815129842 3.1262059039083034 19.00443148420754 -3.2562952293261027 4.876793814154521 0.4243812895447263 -9.049530960066717 -6.900041664577026 -10.409819640539906 -1.3561006108534635
21.34268537074148 8.310824629207598 -0.5710041839916968 2.904066594046153 0.9361427825421664 -4.094194232516948 -2.6765182676698274 11.850731205772068 18.509675303666988 32.39827060769616 14.475257835741537 16.98827434222119 6.270341322078383 10.646793888805878 -2.1245174904136475 0.8455152763113525 17.478674124415246 5.31531898690963 9.123364730522034 -0.48974823187869276 3.132555253542577 19.010780833841814 -3.2499458796918113 4.8831431637887945 0.43073063917901777 -9.043181610432443 -6.8936923149427525 -10.403470290905615 -1.349751261219172
21.402805611222444 8.317158311136108 -0.5646705020631693 2.9104002759746628 0.942476464470694 -4.087860550588438 -2.6701845857413 11.857064887700595 18.516008985595516 32.404604289624686 14.481591517670065 16.994608024149716 6.276675004006893 10.653127570734405 -2.11818380848512 0.85184895823988 17.485007806343756 5.321652668838158 9.129698412450562 -0.48341454995018296 3.1388889354711047 19.01711451577034 -3.2436121977633015 4.889476845717322 0.4370643211075276 -9.036847928503933 -6.887358633014243 -10.397136608977105 -1.3434175792906622
21.462925851703407 8.32347630133535 -0.5583525118639265 2.9167182661739055 0.948794454669919 -4.081542560389195 -2.663866595542057 11.863382877899838 18.52232697579474 32.41092227982392 14.487909507869308 17.00092601434896 6.282992994206135 10.659445560933648 -2.111865818285877 0.8581669484391228 17.491325796543 5.3279706590373825 9.136016402649787 -0.47709655975094023 3.1452069256703474 19.023432505969566 -3.2372942075640587 4.895794835916547 0.4433823113067703 -9.03052993830469 -6.881040642815 -10.390818618777862 -1.3370995890914195
21.52304609218437 8.3297786560348 -0.5520501571644765 2.9230206208733733 0.9550968093693868 -4.0752402056897274 -2.657564240842607 11.869685232599288 18.52862933049421 32.41722463452338 14.494211862568758 17.00722836904841 6.289295348905603 10.665747915633098 -2.105563463586427 0.8644693031385728 17.497628151242466 5.33427301373685 9.142318757349255 -0.47079420505149017 3.1515092803697975 19.029734860669034 -3.2309918528646087 4.902097190616015 0.44968466600622037 -9.024227583605223 -6.874738288115532 -10.384516264078412 -1.3307972343919694
21.58316633266533 8.336065460149396 -0.5457633530498818 2.929307424987968 0.9613836134839815 -4.068953401575133 -2.6512774367280123 11.875972036713883 18.534916134608803 32.42351143863797 14.500498666683352 17.013515173163004 6.29558215302018 10.672034719747693 -2.0992766594718324 0.8707561072531675 17.50391495535706 5.340559817851445 9.14860556146385 -0.46450740093689546 3.157796084484392 19.03602166478363 -3.224705048750014 4.90838399473061 0.45597147012081507 -9.017940779490628 -6.868451484000937 -10.378229459963817 -1.3245104302773747
21.64328657314629 8.34233681390419 -0.5394919992950875 2.9355787787427623 0.9676549672387758 -4.0626820478203385 -2.645006082973218 11.882243390468677 18.541187488363597 32.42978279239277 14.506770020438147 17.019786526917798 6.301853506774992 10.678306073502487 -2.093005305717038 0.8770274610079618 17.510186309111855 5.346831171606239 9.154876915218644 -0.4582360471821012 3.1640674382391865 19.042293018538423 -3.218433694995202 4.914655348485404 0.46224282387560933 -9.011669425735834 -6.862180130246143 -10.371958106209005 -1.3182390765225627
21.703406813627254 8.348592824824141 -0.5332359883751359 2.941834789662696 0.9739109781587096 -4.056426036900405 -2.6387500720532664 11.888499401388628 18.54744349928353 32.43603880331271 14.513026031358098 17.02604253783775 6.308109517694926 10.68456208442242 -2.0867492947970865 0.8832834719278957 17.51644232003179 5.353087182526173 9.161132926138578 -0.45198003626214955 3.170323449159138 19.048549029458357 -3.212177684075268 4.920911359405338 0.468498834795561 -9.0054134148159 -6.855924119326209 -10.365702095289071 -1.3119830656026288
21.763527054108216 8.354833599100804 -0.5269952140984735 2.9480755639393763 0.9801517524353898 -4.0501852626237245 -2.632509297776604 11.89474017566529 18.55368427356021 32.44227957758938 14.51926680563476 17.032283312114412 6.314350291971606 10.6908028586991 -2.080508520520424 0.8895242462045758 17.52268309430847 5.359327956802853 9.167373700415258 -0.4457392619854694 3.1765642234358005 19.054789803735037 -3.205936909798588 4.927152133682018 0.47473960907222335 -8.99917264053922 -6.849683345049529 -10.359461321012391 -1.3057422913259487
21.82364729458918 8.361059245720242 -0.5207695674790536 2.9543012105587962 0.9863773990548097 -4.0439596160043045 -2.626283651157184 11.90096582228471 18.55990992017963 32.4485052242088 14.52549245225418 17.038508958733832 6.320575938591026 10.69702850531852 -2.074282873901004 0.8957498928239958 17.52890874092789 5.365553603422273 9.173599347034678 -0.4395136153660495 3.1827898700552204 19.061015450354457 -3.199711263179168 4.933377780301438 0.4809652556916433 -8.9929469939198 -6.843457698430109 -10.353235674392971 -1.2995166447065287
21.883767535070138 8.367269879114723 -0.5145589340845724 2.9605118439532774 0.9925880324492908 -4.037748982609823 -2.620073017762703 11.90717645567921 18.566120553574113 32.4547158576033 14.53170308564868 17.04471959212833 6.326786571985507 10.703239138713002 -2.0680722405065053 0.9019605262184769 17.53511937432237 5.371764236816754 9.179809980429159 -0.43330298197156836 3.1890005034497193 19.06722608374894 -3.193500629784687 4.939588413695919 0.4871758890861422 -8.986736360525319 -6.837247065035628 -10.34702504099849 -1.2933060113120476
21.9438877755511 8.373465606079762 -0.5083632071195154 2.9667075709183166 0.9987837594143301 -4.031553255644784 -2.613877290797646 11.913372182644249 18.57231628053915 32.46091158456833 14.537898812613719 17.05091531909337 6.332982298950546 10.709434865678059 -2.061876513541466 0.9081562531835339 17.54131510128741 5.377959963781794 9.186005707394198 -0.42710725500652913 3.1951962304147585 19.073421810713977 -3.1873049028196476 4.945784140660958 0.4933716160511814 -8.98054063356028 -6.831051338070589 -10.340829314033451 -1.2871102843470084
22.004008016032063 8.379646535302836 -0.5021822778964591 2.9728885001413907 1.0049646886374042 -4.02537232642171 -2.6076963615745896 11.919553111867305 18.578497209762226 32.46709251379141 14.544079741836793 17.057096248316444 6.3391632281736205 10.715615794901115 -2.055695584318392 0.9143371824065902 17.547496030510484 5.384140893004868 9.192186636617272 -0.420926325783455 3.2013771596378326 19.07960273993705 -3.1811239735965735 4.951965069884032 0.4995525452742555 -8.974359704337205 -6.824870408847515 -10.334648384810377 -1.2809293551239342
22.064128256513026 8.385812778472026 -0.4960160347272691 2.9790547433105807 1.0111309318065942 -4.01920608325252 -2.6015301184053996 11.925719355036495 18.584663452931416 32.47325875696059 14.550245985005965 17.063262491485617 6.345329471342811 10.721782038070305 -2.0495293411492197 0.9205034255757802 17.553662273679674 5.390307136174058 9.198352879786462 -0.414760082614265 3.207543402807005 19.08576898310624 -3.1749577304273835 4.958131313053222 0.5057187884434455 -8.968193461168015 -6.818704165678325 -10.328482141641187 -1.2747631119547442
22.12424849699399 8.39196444002452 -0.4898643731747576 2.9852064048630744 1.0172825933591056 -4.013054421700026 -2.595378456852888 11.931871016589007 18.590815114483927 32.47941041851309 14.556397646558477 17.069414153038128 6.351481132895304 10.727933699622817 -2.0433776795967082 0.9266550871282917 17.559813935232167 5.3964587977265515 9.204504541338956 -0.4086084210617713 3.2136950643595164 19.091920644658753 -3.16880606887489 4.964282974605716 0.5118704499959392 -8.962041799615521 -6.812552504125831 -10.322330480088693 -1.2686114504022505
22.184368737474948 8.398101627616601 -0.48372718558267636 2.9913435924551557 1.0234197809511691 -4.006917234107945 -2.589241269260807 11.938008204181088 18.59695230207599 32.48554760610517 14.562534834150558 17.07555134063021 6.3576183204873855 10.734070887214898 -2.037240492004627 0.9327922747203552 17.56595112282425 5.402595985318633 9.210641728931037 -0.40247123346969005 3.2198322519515976 19.098057832250817 -3.1626688812828085 4.970420162197797 0.5180076375880205 -8.95590461202344 -6.80641531653375 -10.316193292496612 -1.2624742628101693
22.24448897795591 8.4042244470346 -0.4776043661646767 2.997466411873173 1.0295426003691865 -4.000794414689928 -2.5831184498428073 11.944131023599088 18.603075121494008 32.49167042552318 14.568657653568557 17.08167416004821 6.363741139905403 10.740193706632898 -2.0311176725866273 0.9389150941383726 17.572073942242266 5.40871880473665 9.216764548349055 -0.3963484140516904 3.2259550713695972 19.104180651668834 -3.156546061864809 4.976542981615815 0.5241304570060201 -8.949781792605423 -6.800292497115732 -10.310070473078612 -1.2563514433921519
22.304609218436873 8.410333005780473 -0.4714958074188047 3.003574970619045 1.0356511591150586 -3.9946858559440557 -2.5770098910969352 11.95023958234496 18.60918368023988 32.497778984269054 14.57476621231443 17.08778271879408 6.369849698651275 10.74630226537877 -2.0250091138407553 0.9450236528842446 17.578182500988138 5.414827363482522 9.222873107094927 -0.39023985530580063 3.2320636301154693 19.110289210414706 -3.150437503118919 4.982651540361687 0.5302390157518921 -8.94367323385955 -6.79418393836986 -10.303961914332723 -1.2502428846462799
22.364729458917836 8.41642741071956 -0.46540140247971706 3.009669375558115 1.0417455640541284 -3.988591451004986 -2.5709154861578476 11.956333987284047 18.61527808517895 32.50387338920813 14.580860617253517 17.09387712373317 6.375944103590345 10.752396670317857 -2.0189147089016677 0.9511180578233145 17.584276905927208 5.420921768421592 9.228967512033996 -0.38414545036673076 3.238158035054557 19.116383615353776 -3.1443430981798492 4.9887459453007565 0.5363334206909798 -8.937578828920481 -6.7880895334307905 -10.297867509393653 -1.24414847970721
22.4248496993988 8.422507767140619 -0.4593210460586583 3.0157497319791737 1.0478259204751872 -3.982511094583927 -2.564835129736789 11.962414343705106 18.62135844160001 32.50995374562919 14.586940973674576 17.099957480154227 6.3820244600114036 10.758477026738916 -2.012834352480609 0.957198414244391 17.590357262348267 5.427002124842651 9.235047868455055 -0.378065093945672 3.2442383914756157 19.122463971774835 -3.1382627417587905 4.994826301721815 0.5424137771120385 -8.931498472499422 -6.782009177009732 -10.291787152972594 -1.2380681232861512
22.484969939879758 8.428574179333541 -0.45325463386573617 3.0218161441721136 1.053892332668127 -3.976444682391005 -2.5587687175438667 11.968480755898028 18.62742485379295 32.51602015782212 14.593007385867498 17.10602389234715 6.388090872204326 10.764543438931838 -2.006767940287687 0.9632648264373131 17.596423674541207 5.433068537035591 9.241114280647995 -0.37199868175274986 3.250304803668538 19.128530383967774 -3.1321963295658684 5.000892713914755 0.5484801893049607 -8.925432060306482 -6.775942764816792 -10.285720740779672 -1.232001711093229
22.54509018036072 8.43462675265016 -0.4472020605491167 3.0278687174887153 1.0599449059847466 -3.9703921090743854 -2.5527161442272472 11.974533329214648 18.63347742710957 32.52207273113874 14.599059959184117 17.11207646566377 6.394143445520945 10.770596012248458 -2.0007153669710673 0.9693173997539326 17.60247624785781 5.439121110352192 9.247166853964615 -0.3659461084361304 3.2563573769851573 19.134582957284394 -3.126143756249249 5.006945287231375 0.5545327626215801 -8.91937948698988 -6.76989019150019 -10.279668167463052 -1.2259491377766096
22.605210420841683 8.44066558783867 -0.4411632253606257 3.033907552677224 1.0659837411732376 -3.9643532738858767 -2.546677309038756 11.980572164403139 18.63951626229806 32.52811156632723 14.605098794372608 17.11811530085226 6.400182280709454 10.776634847436949 -1.9946765317825763 0.9753562349424236 17.608515083046317 5.445159945540701 9.253205689153106 -0.3599072732476216 3.2623962121736483 19.140621792472885 -3.12010492106074 5.012984122419866 0.5605715978100889 -8.913340651801372 -6.763851356311681 -10.273629332274544 -1.2199103025881008
