web/models/kne/11/mosfit_kn_0.005245_0.2180_0.5000.dat
# %ECSV 1.0
# ---
# datatype:
# - {name: time, datatype: float64}
# - {name: PS1_g, datatype: float64}
# - {name: PS1_i, datatype: float64}
# - {name: PS1_r, datatype: float64}
# - {name: PS1_w, datatype: float64}
# - {name: PS1_y, datatype: float64}
# - {name: PS1_z, datatype: float64}
# - {name: swift_uvot_B, datatype: float64}
# - {name: swift_uvot_U, datatype: float64}
# - {name: swift_uvot_uvm2, datatype: float64}
# - {name: swift_uvot_uvw1, datatype: float64}
# - {name: swift_uvot_uvw2, datatype: float64}
# - {name: swift_uvot_V, datatype: float64}
# - {name: johnson_B, datatype: float64}
# - {name: johnson_I, datatype: float64}
# - {name: johnson_R, datatype: float64}
# - {name: johnson_U, datatype: float64}
# - {name: johnson_V, datatype: float64}
# - {name: sdss_g, datatype: float64}
# - {name: sdss_i, datatype: float64}
# - {name: sdss_r, datatype: float64}
# - {name: sdss_u, datatype: float64}
# - {name: sdss_z, datatype: float64}
# - {name: ATLAS_c, datatype: float64}
# - {name: ATLAS_o, datatype: float64}
# - {name: ukirt_H, datatype: float64}
# - {name: ukirt_J, datatype: float64}
# - {name: ukirt_K, datatype: float64}
# - {name: Clear, datatype: float64}
# meta: !!omap
# - comment: [kappa = 0.5, type = rprocess, mass = 0.005244756555828381, velocity = 0.21800000000000003, theta_obs = 0.0, tfloor = 1000.0]
# schema: astropy-2.0
time PS1_g PS1_i PS1_r PS1_w PS1_y PS1_z swift_uvot_B swift_uvot_U swift_uvot_uvm2 swift_uvot_uvw1 swift_uvot_uvw2 swift_uvot_V johnson_B johnson_I johnson_R johnson_U johnson_V sdss_g sdss_i sdss_r sdss_u sdss_z ATLAS_c ATLAS_o ukirt_H ukirt_J ukirt_K Clear
[from data line 263]
15.871743486973948 10.47727075481216 1.5954419416128829 5.070512719650733 3.102588908146746 -1.927748106912368 -0.5100721420652476 14.017177331376647 20.676121429271568 34.56471673330074 16.641703961346117 19.15472046782577 8.436787447682963 12.813240014410457 0.04192863519093226 3.011961401915932 19.645120250019815 7.48176511251421 11.289810856126614 1.6766978937258692 5.299001379147157 21.177226959446394 -1.0834997540872493 7.049589289393374 2.5971767647835797 -6.876735484827864 -4.727246189338173 -8.237024165301053 0.81669486438539
15.931863727454909 10.48730490167511 1.6054760884758323 5.080546866513664 3.1126230550096956 -1.9177139600494364 -0.5000379952022982 14.027211478239597 20.68615557613451 34.574750880163684 16.651738108209067 19.164754614688718 8.446821594545895 12.823274161273407 0.05196278205388172 3.0219955487788814 19.655154396882757 7.491799259377141 11.299845002989546 1.6867320405888186 5.309035526010106 21.187261106309336 -1.0734656072242998 7.059623436256306 2.607210911646529 -6.866701337964932 -4.717212042475241 -8.226990018438103 0.8267290112483394
15.991983967935871 10.497323570883186 1.6154947576838907 5.0905655357217405 3.122641724217754 -1.9076952908413602 -0.4900193259942398 14.037230147447655 20.696174245342576 34.58476954937176 16.661756777417143 19.174773283896787 8.456840263753971 12.833292830481465 0.0619814512619401 3.03201421798694 19.665173066090833 7.501817928585218 11.309863672197622 1.6967507097968948 5.319054195218165 21.1972797755174 -1.0634469380162237 7.069642105464382 2.6172295808546053 -6.856682668756856 -4.707193373267165 -8.216971349230027 0.8367476804564156
16.052104208416832 10.507326938362826 1.6254981251635492 5.100568903201381 3.1326450916973947 -1.8976919233617195 -0.48001595851458134 14.047233514927314 20.706177612822223 34.5947729168514 16.671760144896783 19.184776651376428 8.466843631233612 12.843296197961124 0.07198481874159857 3.0420175854665805 19.675176433570474 7.511821296064858 11.319867039677263 1.7067540772765355 5.329057562697823 21.20728314299705 -1.053443570536583 7.079645472944023 2.627232948334246 -6.846679301277216 -4.697190005787524 -8.206967981750386 0.8467510479360563
16.112224448897795 10.517315184195404 1.6354863709961265 5.1105571490339585 3.142633337529972 -1.8877036775291423 -0.4700277126820218 14.05722176075989 20.716165858654804 34.60476116268398 16.68174839072936 19.194764897209 8.47683187706619 12.853284443793683 0.08197306457417586 3.052005831299158 19.68516467940305 7.521809541897436 11.32985528550984 1.7167423231091128 5.3390458085304004 21.21727138882963 -1.0434553247040057 7.0896337187766 2.6372211941668233 -6.836691055444638 -4.687201759954947 -8.19697973591781 0.8567392937686336
16.172344689378757 10.527288473063727 1.64545965986445 5.1205304379023 3.1526066263983132 -1.8777303886608188 -0.46005442381368056 14.067195049628214 20.726139147523128 34.61473445155231 16.691721679597684 19.204738186077336 8.486805165934513 12.863257732662024 0.09194635344249935 3.061979120167499 19.695137968271382 7.531782830765777 11.339828574378181 1.7267156119774363 5.349019097398724 21.227244677697954 -1.0334820358356822 7.099607007644941 2.647194483035147 -6.826717766576297 -4.677228471086606 -8.187006447049486 0.866712582636957
16.23246492985972 10.537246974001366 1.655418160802089 5.130488938839939 3.1625651273359523 -1.8677718877231797 -0.4500959228760415 14.077153550565853 20.736097648460774 34.624692952489944 16.701680180535323 19.214696687014975 8.496763666872152 12.873216233599663 0.10190485438013841 3.071937621105138 19.705096469209025 7.541741331703416 11.34978707531582 1.7366741129150753 5.358977598336363 21.2372031786356 -1.0235235348980432 7.10956550858258 2.657152983972786 -6.816759265638658 -4.667269970148967 -8.177047946111847 0.8766710835745961
16.29258517034068 10.54719084716206 1.6653620339627828 5.140432812000633 3.172509000496646 -1.857828014562486 -0.4401520497153477 14.087097423726547 20.746041521621468 34.63463682565064 16.711624053696017 19.22464056017567 8.506707540032846 12.883160106760357 0.1118487275408322 3.081881494265832 19.71504034236972 7.55168520486411 11.359730948476514 1.7466179860757691 5.368921471497057 21.247147051796293 -1.0135796617373494 7.119509381743274 2.6670968571334797 -6.806815392477964 -4.657326096988273 -8.167104072951153 0.8866149567352899
16.352705410821642 10.557120251962555 1.6752914387632778 5.15036221680111 3.1824384052971233 -1.847898609761991 -0.43022264491485274 14.097026828527042 20.755970926421952 34.644566230451126 16.721553458496512 19.234569964976156 8.51663694483334 12.893089511560834 0.12177813234132717 3.091810899066309 19.724969747170203 7.561614609664587 11.369660353276991 1.756547390876264 5.378850876297552 21.257076456596778 -1.0036502569368544 7.129438786543751 2.6770262619339746 -6.796885987677487 -4.647396692187796 -8.157174668150658 0.8965443615357849
16.412825651302605 10.567035331125858 1.685206517926563 5.160277295964413 3.192353484460426 -1.837983530598688 -0.4203075657515676 14.106941907690327 20.765886005585248 34.65448130961442 16.731468537659797 19.244485044139456 8.526552023996643 12.903004590724137 0.13169321150461233 3.101725978229612 19.734884826333506 7.57152968882789 11.379575432440294 1.766462470039567 5.388765955460837 21.266991535760074 -0.9937351777735515 7.139353865707054 2.6869413410972776 -6.786970908514184 -4.637481613024493 -8.147259588987355 0.9064594406990878
16.472945891783567 10.576936233218248 1.6951074200189709 5.170178198056821 3.202254386552834 -1.8280826285062801 -0.4104066636591597 14.116842809782735 20.775786907677656 34.66438221170683 16.741369439752205 19.254385946231867 8.536452926089051 12.912905492816545 0.14159411359702023 3.11162688032202 19.744785728425903 7.581430590920298 11.389476334532702 1.7763633721319572 5.398666857553245 21.27689243785248 -0.9838342756811436 7.149254767799462 2.6968422431896677 -6.777070006421776 -4.627580710932085 -8.137358686894947 0.9163603427914957
16.53306613226453 10.58682310640613 1.7049942932068518 5.180065071244702 3.212141259740715 -1.818195755318417 -0.4005197904712787 14.126729682970616 20.785673780865537 34.67426908489471 16.751256312940086 19.264272819419737 8.546339799276915 12.922792366004426 0.15148098678490118 3.121513753509901 19.754672601613784 7.591317464108179 11.399363207720583 1.7862502453198381 5.408553730741126 21.286779311040362 -0.9739474024932804 7.159141640987343 2.7067291163775486 -6.767183133233895 -4.617693837744204 -8.127471813707084 0.9262472159793589
16.59318637274549 10.596696087280773 1.7148672740814952 5.189938052119327 3.2220142406153585 -1.8083227744437735 -0.39064680959663534 14.13660266384526 20.79554676174017 34.68414206576934 16.76112929381473 19.27414580029438 8.556212780151558 12.93266534687907 0.16135396765954457 3.1313867343845443 19.76454558248843 7.601190444982804 11.409236188595209 1.7961232261944815 5.418426711615769 21.296652291914995 -0.964074421618637 7.169014621861987 2.716602097252192 -6.75731015235927 -4.607820856869578 -8.11759883283244 0.9361201968540023
16.65330661322645 10.606555312682158 1.7247264994828626 5.199797277520712 3.231873466016726 -1.7984635490423884 -0.3807875841952679 14.146461889246645 20.805405987141548 34.69400129117073 16.770988519216115 19.28400502569576 8.566072005552943 12.942524572280437 0.17121319306092975 3.1412459597859117 19.774404807889805 7.6110496703841894 11.419095413996594 1.8059824515958667 5.428285937017154 21.306511517316373 -0.9542151962172518 7.178873847263354 2.726461322653577 -6.747450926957884 -4.597961631468193 -8.107739607431055 0.9459794222553874
16.713426853707414 10.616400905053442 1.7345720918541474 5.209642869891997 3.2417190583880107 -1.7886179566711036 -0.37094199182398313 14.156307481617912 20.815251579512832 34.70384688354201 16.7808341115874 19.293850618067044 8.575917597924228 12.952370164651722 0.18105878543219678 3.1510915521571965 19.78425040026109 7.620895262755474 11.428941006367879 1.8158280439671515 5.438131529388439 21.316357109687658 -0.944369603845967 7.188719439634639 2.736306915024862 -6.7376053345866 -4.588116039096908 -8.09789401505977 0.9558250146266722
16.773547094188377 10.626232994859848 1.7444041816605704 5.21947495969842 3.2515511481944337 -1.7787858668646805 -0.3611099020175601 14.166139571424335 20.825083669319255 34.71367897334843 16.790666201393805 19.303682707873467 8.585749687730651 12.962202254458145 0.1908908752386198 3.1609236419636195 19.794082490067503 7.630727352561897 11.438773096174302 1.8256601337735567 5.447963619194844 21.32618919949408 -0.9345375140395618 7.198551529441062 2.7461390048312673 -6.727773244780177 -4.578283949290485 -8.088061925253365 0.9656571044330953
16.83366733466934 10.636051702252942 1.754222889053647 5.229293667091497 3.2613698555875104 -1.7689671594716039 -0.35129119462448344 14.175958278817411 20.834902376712332 34.7234976807415 16.80048490878688 19.31350141526654 8.595568395123728 12.972020961851221 0.20070958263169647 3.170742349356696 19.80390119746059 7.640546059954974 11.448591803567378 1.8354788411666512 5.457782326587921 21.336007906887158 -0.9247188066464673 7.2083702368341385 2.7559577122243617 -6.7179545373871 -4.5684652418974085 -8.07824321786027 0.9754758118261719
16.8937875751503 10.645857150483504 1.764028337284227 5.239099115322059 3.27117530381809 -1.7591617112410418 -0.3414857463939036 14.185763727047991 20.8447078249429 34.73330312897208 16.81029035701746 19.323306863497113 8.60537384335429 12.981826410081801 0.2105150308622763 3.180547797587276 19.813706645691163 7.650351508185536 11.458397251797958 1.8452842893972132 5.467587774818501 21.345813355117727 -0.9149133584159053 7.218175685064718 2.7657631604549238 -6.708149089156538 -4.5586597936668465 -8.068437769629709 0.985281260056734
16.95390781563126 10.655649452385472 1.7738206391861766 5.248891417224026 3.28096760572004 -1.7493694093390744 -0.3316934444919539 14.195556028949959 20.85450012684486 34.74309543087404 16.82008265891943 19.333099165399073 8.615166145256257 12.991618711983751 0.22030733276424375 3.1903400994892257 19.82349894759312 7.6601438100875034 11.468189553699908 1.8550765912991807 5.477380076720468 21.355605657019687 -0.9051210565139378 7.227967986966668 2.775555462356891 -6.69835678725457 -4.548867491764879 -8.058645467727741 0.9950735619587014
17.014028056112224 10.665428717924517 1.7835999047252216 5.258670682763071 3.290746871259085 -1.7395901438000294 -0.32191417895290897 14.205335294488986 20.864279392383906 34.75287469641309 16.829861924458474 19.342878430938118 8.624945410795302 13.001397977522796 0.23008659830327094 3.2001193650282707 19.833278213132164 7.669923075626548 11.477968819238953 1.8648558568382256 5.487159342259513 21.365384922558732 -0.8953417909748929 7.237747252505713 2.785334727895936 -6.688577521715525 -4.539088226225834 -8.048866202188696 1.0048528274977464
17.074148296593187 10.675195053769606 1.7933662405703288 5.268437018608161 3.3005132071041743 -1.72982380795494 -0.31214784310780175 14.215101630334093 20.874045728229007 34.76264103225818 16.839628260303563 19.352644766783214 8.634711746640392 13.011164313367903 0.23985293414837816 3.209885700873378 19.843044548977254 7.679689411471638 11.487735155084042 1.874622192683315 5.496925678104603 21.375151258403832 -0.8855754551298034 7.247513588350802 2.7951010637410256 -6.678811185870436 -4.529321890380745 -8.039099866343607 1.0146191633428359
17.13426853707415 10.684948569263888 1.8031197560645928 5.278190534102443 3.310266722598456 -1.7200702924606581 -0.3023943276135377 14.224855145828357 20.883799243723278 34.77239454775245 16.849381775797827 19.362398282277486 8.644465262134673 13.020917828862167 0.24960644964264223 3.219639216367642 19.85279806447153 7.68944292696592 11.497488670578324 1.884375708177597 5.506679193598867 21.384904773898104 -0.8758219396355216 7.257267103845084 2.8048545792352897 -6.669057670376154 -4.519568374886463 -8.029346350849325 1.0243726788371177
17.19438877755511 10.69468936223867 1.8128605490393923 5.287931327077224 3.3200075155732556 -1.7103294994858764 -0.2926535346387382 14.234595938803157 20.89354003669807 34.782135340727244 16.859122568772626 19.372139075252278 8.654206055109455 13.030658621836967 0.2593472426174417 3.2293800093424414 19.862538857446317 7.699183719940701 11.507229463553106 1.8941165011523786 5.516419986573666 21.394645566872896 -0.8660811466607399 7.267007896819866 2.814595372210089 -6.6593168774013725 -4.509827581911681 -8.019605557874543 1.0341134718118994
17.25450901803607 10.704417527146859 1.8225887139475816 5.297659491985431 3.329735680481445 -1.7006013345776871 -0.28292536973054894 14.244324103711346 20.90326820160626 34.79186350563544 16.868850733680816 19.381867240160467 8.663934220017644 13.040386786745156 0.26907540752563097 3.2391081742506307 19.872267022354514 7.708911884848908 11.516957628461313 1.903844666060568 5.526148151481856 21.404373731781085 -0.8563529817525506 7.276736061728073 2.8243235371182784 -6.649588712493165 -4.500099417003492 -8.009877392966354 1.0438416367200887
17.314629258517034 10.714133165299042 1.832304352099765 5.307375130137615 3.3394513186336283 -1.6908856964255037 -0.2732097315783655 14.25403974186353 20.91298383975845 34.80157914378762 16.878566371833 19.39158287831265 8.673649858169828 13.05010242489734 0.27879104567781443 3.248823812402814 19.8819826605067 7.718627523001092 11.526673266613496 1.9135603042127514 5.535863789634039 21.414089369933276 -0.8466373436003671 7.286451699880256 2.834039175270462 -6.639873074340982 -4.490383778851291 -8.00016175481417 1.0535572748722721
17.374749498997996 10.723836366608985 1.842007553409708 5.317078331447558 3.3491545199435713 -1.681182495115543 -0.2635065302684225 14.263742943173472 20.922687041068393 34.81128234509757 16.888269573142942 19.401286079622604 8.683353059479789 13.059805626207282 0.2884942469877574 3.258527013712757 19.89168586181664 7.728330724311035 11.53637646792344 1.9232635055226943 5.545566990943982 21.42379257124322 -0.8369341422904242 7.296154901190199 2.843742376580405 -6.630169873031039 -4.480680577541348 -7.990458553504228 1.0632604761822328
17.43486973947896 10.733527217983738 1.8516984047844431 5.326769182822293 3.3588453713183064 -1.6714916437408078 -0.2538156788936874 14.273433794548207 20.932377892443128 34.8209731964723 16.897960424517677 19.41097693099734 8.693043910854524 13.069496477582017 0.2981850983624925 3.2682178650874922 19.901376713191386 7.73802157568577 11.546067319298174 1.9329543568974472 5.555257842318717 21.433483422617954 -0.8272432909156713 7.3058457525649345 2.8534332279551577 -6.620479021656304 -4.4709897261666125 -7.980767702129475 1.072951327556968
17.494989979959918 10.743205805413343 1.8613769922140655 5.3364477702518975 3.368523958747911 -1.6618130563112032 -0.24413709146406504 14.28311238197783 20.94205647987274 34.830651783901914 16.9076390119473 19.420655518426944 8.702722498284128 13.079175065011622 0.30786368579211487 3.277896452517097 19.91105530062099 7.747700163115375 11.555745906727779 1.9426329443270518 5.5649364297483395 21.443162010047566 -0.8175647034860667 7.315524339994539 2.8631118153847623 -6.610800434226699 -4.461311138737008 -7.97108911469987 1.0826299149865726
