web/models/kne/11/villar_0.0052_0.2337_10.0000.dat
# %ECSV 1.0
# ---
# datatype:
# - {name: time, datatype: float64}
# - {name: swift_uvot_uvw2, datatype: float64}
# - {name: swift_uvot_uvm2, datatype: float64}
# - {name: swift_uvot_uvw1, datatype: float64}
# - {name: swift_uvot_U, datatype: float64}
# - {name: swift_uvot_B, datatype: float64}
# - {name: swift_uvot_V, datatype: float64}
# - {name: swift_uvot_W, datatype: float64}
# - {name: johnson_U, datatype: float64}
# - {name: johnson_B, datatype: float64}
# - {name: johnson_V, datatype: float64}
# - {name: johnson_R, datatype: float64}
# - {name: johnson_I, datatype: float64}
# - {name: sdss_u, datatype: float64}
# - {name: sdss_g, datatype: float64}
# - {name: sdss_r, datatype: float64}
# - {name: sdss_i, datatype: float64}
# - {name: sdss_z, datatype: float64}
# - {name: PS1_g, datatype: float64}
# - {name: PS1_r, datatype: float64}
# - {name: PS1_i, datatype: float64}
# - {name: PS1_z, datatype: float64}
# - {name: PS1_Y, datatype: float64}
# - {name: PS1_w, datatype: float64}
# - {name: ATLAS_c, datatype: float64}
# - {name: ATLAS_o, datatype: float64}
# - {name: ukirt_J, datatype: float64}
# - {name: ukirt_H, datatype: float64}
# - {name: ukirt_K, datatype: float64}
# - {name: Clear, datatype: float64}
# meta: !!omap
# - comment: [kappa = 10.0, type = villar, mass = 0.005244756555828381, velocity = 0.2336666666666667, theta_obs = 0.0]
# schema: astropy-2.0
time swift_uvot_uvw2 swift_uvot_uvm2 swift_uvot_uvw1 swift_uvot_U swift_uvot_B swift_uvot_V swift_uvot_W johnson_U johnson_B johnson_V johnson_R johnson_I sdss_u sdss_g sdss_r sdss_i sdss_z PS1_g PS1_r PS1_i PS1_z PS1_Y PS1_w ATLAS_c ATLAS_o ukirt_J ukirt_H ukirt_K Clear
[from data line 78]
0.010217 -8.52 -8.638 -8.708 -8.771 -8.648 -8.442 -8.634 -8.758 -8.645 -8.433 -8.164 -7.82 -8.763 -8.586 -8.292 -8.033 -7.769 -8.573 -8.306 -8.048 -7.855 -7.776 -8.31 -8.473 -8.184 -7.201 -6.712 -6.129 -8.349
0.010526 -8.545 -8.667 -8.74 -8.81 -8.692 -8.488 -8.669 -8.798 -8.688 -8.48 -8.212 -7.87 -8.803 -8.63 -8.34 -8.083 -7.819 -8.618 -8.353 -8.097 -7.904 -7.825 -8.357 -8.519 -8.232 -7.253 -6.765 -6.182 -8.395
0.010845 -8.569 -8.695 -8.772 -8.85 -8.735 -8.534 -8.703 -8.838 -8.732 -8.526 -8.26 -7.92 -8.843 -8.674 -8.387 -8.132 -7.869 -8.663 -8.401 -8.146 -7.954 -7.874 -8.404 -8.564 -8.28 -7.304 -6.817 -6.236 -8.441
0.011173 -8.593 -8.722 -8.803 -8.889 -8.778 -8.58 -8.738 -8.878 -8.775 -8.572 -8.308 -7.969 -8.883 -8.718 -8.434 -8.18 -7.919 -8.707 -8.448 -8.195 -8.003 -7.923 -8.45 -8.609 -8.328 -7.356 -6.87 -6.289 -8.487
0.011511 -8.616 -8.749 -8.834 -8.927 -8.821 -8.626 -8.772 -8.917 -8.817 -8.617 -8.356 -8.019 -8.922 -8.762 -8.481 -8.229 -7.969 -8.751 -8.495 -8.243 -8.053 -7.972 -8.497 -8.654 -8.376 -7.408 -6.923 -6.343 -8.533
0.011859 -8.639 -8.776 -8.865 -8.966 -8.863 -8.671 -8.805 -8.957 -8.86 -8.663 -8.404 -8.069 -8.961 -8.806 -8.528 -8.278 -8.019 -8.795 -8.541 -8.292 -8.102 -8.021 -8.543 -8.699 -8.424 -7.459 -6.975 -6.396 -8.578
0.012217 -8.661 -8.802 -8.895 -9.004 -8.906 -8.717 -8.839 -8.996 -8.902 -8.709 -8.451 -8.118 -9.0 -8.849 -8.575 -8.326 -8.069 -8.838 -8.588 -8.34 -8.151 -8.07 -8.589 -8.744 -8.471 -7.511 -7.028 -6.449 -8.624
0.012587 -8.683 -8.828 -8.925 -9.042 -8.948 -8.762 -8.872 -9.034 -8.944 -8.754 -8.499 -8.168 -9.038 -8.892 -8.622 -8.375 -8.119 -8.882 -8.634 -8.388 -8.2 -8.119 -8.635 -8.789 -8.518 -7.562 -7.08 -6.503 -8.669
0.012968 -8.704 -8.853 -8.955 -9.08 -8.99 -8.807 -8.905 -9.073 -8.986 -8.799 -8.546 -8.217 -9.076 -8.935 -8.668 -8.423 -8.168 -8.925 -8.681 -8.436 -8.249 -8.168 -8.681 -8.833 -8.566 -7.614 -7.133 -6.556 -8.714
0.01336 -8.725 -8.878 -8.984 -9.117 -9.031 -8.852 -8.937 -9.111 -9.028 -8.844 -8.593 -8.266 -9.114 -8.978 -8.715 -8.471 -8.218 -8.968 -8.727 -8.484 -8.298 -8.216 -8.726 -8.878 -8.613 -7.665 -7.185 -6.609 -8.759
0.013764 -8.746 -8.903 -9.013 -9.154 -9.073 -8.897 -8.97 -9.149 -9.07 -8.889 -8.64 -8.315 -9.152 -9.021 -8.761 -8.519 -8.267 -9.011 -8.773 -8.532 -8.346 -8.265 -8.772 -8.922 -8.66 -7.716 -7.237 -6.662 -8.804
0.01418 -8.766 -8.927 -9.041 -9.191 -9.114 -8.941 -9.002 -9.186 -9.111 -8.933 -8.687 -8.364 -9.19 -9.063 -8.807 -8.567 -8.316 -9.054 -8.819 -8.58 -8.395 -8.313 -8.817 -8.966 -8.706 -7.768 -7.289 -6.715 -8.849
0.014609 -8.785 -8.951 -9.069 -9.227 -9.155 -8.986 -9.034 -9.224 -9.152 -8.978 -8.734 -8.413 -9.227 -9.105 -8.853 -8.615 -8.365 -9.097 -8.865 -8.627 -8.443 -8.361 -8.862 -9.009 -8.753 -7.819 -7.341 -6.768 -8.893
0.015051 -8.805 -8.974 -9.097 -9.264 -9.196 -9.03 -9.065 -9.261 -9.193 -9.022 -8.781 -8.462 -9.264 -9.147 -8.899 -8.663 -8.414 -9.139 -8.91 -8.675 -8.492 -8.41 -8.907 -9.053 -8.8 -7.87 -7.393 -6.821 -8.937
0.015506 -8.823 -8.997 -9.124 -9.3 -9.236 -9.074 -9.096 -9.297 -9.233 -9.066 -8.827 -8.51 -9.301 -9.189 -8.944 -8.71 -8.463 -9.181 -8.956 -8.722 -8.54 -8.458 -8.952 -9.096 -8.846 -7.92 -7.445 -6.874 -8.982
0.015975 -8.841 -9.019 -9.151 -9.335 -9.277 -9.118 -9.127 -9.334 -9.274 -9.11 -8.874 -8.559 -9.337 -9.231 -8.99 -8.758 -8.512 -9.223 -9.001 -8.769 -8.588 -8.506 -8.997 -9.139 -8.892 -7.971 -7.497 -6.926 -9.026
0.016458 -8.859 -9.041 -9.178 -9.371 -9.317 -9.162 -9.158 -9.37 -9.314 -9.154 -8.92 -8.607 -9.373 -9.272 -9.035 -8.805 -8.561 -9.265 -9.046 -8.816 -8.636 -8.554 -9.041 -9.182 -8.938 -8.022 -7.549 -6.979 -9.069
0.016956 -8.876 -9.062 -9.204 -9.406 -9.357 -9.205 -9.189 -9.406 -9.354 -9.198 -8.966 -8.655 -9.409 -9.313 -9.08 -8.852 -8.609 -9.307 -9.091 -8.863 -8.684 -8.602 -9.086 -9.225 -8.984 -8.073 -7.601 -7.032 -9.113
0.017469 -8.893 -9.083 -9.23 -9.441 -9.397 -9.249 -9.219 -9.442 -9.394 -9.241 -9.012 -8.704 -9.444 -9.354 -9.125 -8.899 -8.658 -9.348 -9.136 -8.91 -8.732 -8.65 -9.13 -9.268 -9.03 -8.123 -7.653 -7.085 -9.157
0.017997 -8.91 -9.104 -9.255 -9.475 -9.436 -9.292 -9.249 -9.477 -9.433 -9.284 -9.058 -8.752 -9.48 -9.395 -9.17 -8.946 -8.706 -9.389 -9.181 -8.957 -8.78 -8.698 -9.174 -9.31 -9.076 -8.174 -7.704 -7.137 -9.2
0.018541 -8.925 -9.124 -9.28 -9.51 -9.476 -9.335 -9.278 -9.512 -9.473 -9.328 -9.104 -8.8 -9.515 -9.436 -9.215 -8.993 -8.755 -9.43 -9.225 -9.004 -8.828 -8.745 -9.218 -9.353 -9.121 -8.224 -7.756 -7.19 -9.243
0.019102 -8.941 -9.143 -9.305 -9.544 -9.515 -9.378 -9.308 -9.547 -9.512 -9.37 -9.149 -8.848 -9.549 -9.476 -9.259 -9.039 -8.803 -9.471 -9.27 -9.05 -8.875 -8.793 -9.262 -9.395 -9.167 -8.275 -7.807 -7.242 -9.286
0.01968 -8.956 -9.162 -9.329 -9.577 -9.553 -9.42 -9.337 -9.582 -9.551 -9.413 -9.195 -8.895 -9.584 -9.516 -9.304 -9.086 -8.851 -9.512 -9.314 -9.097 -8.923 -8.84 -9.305 -9.437 -9.212 -8.325 -7.859 -7.295 -9.329
0.020275 -8.97 -9.181 -9.353 -9.611 -9.592 -9.463 -9.366 -9.616 -9.589 -9.456 -9.24 -8.943 -9.618 -9.556 -9.348 -9.132 -8.899 -9.552 -9.358 -9.143 -8.97 -8.888 -9.349 -9.478 -9.257 -8.375 -7.91 -7.347 -9.372
0.020888 -8.984 -9.199 -9.376 -9.644 -9.63 -9.505 -9.394 -9.65 -9.628 -9.498 -9.285 -8.99 -9.652 -9.596 -9.392 -9.179 -8.947 -9.592 -9.402 -9.189 -9.017 -8.935 -9.392 -9.52 -9.302 -8.425 -7.962 -7.399 -9.414
0.02152 -8.997 -9.217 -9.399 -9.676 -9.668 -9.547 -9.423 -9.684 -9.666 -9.54 -9.33 -9.038 -9.685 -9.635 -9.436 -9.225 -8.994 -9.632 -9.446 -9.235 -9.064 -8.983 -9.435 -9.561 -9.347 -8.475 -8.013 -7.452 -9.456
0.022171 -9.01 -9.234 -9.422 -9.709 -9.706 -9.589 -9.451 -9.717 -9.704 -9.582 -9.375 -9.085 -9.718 -9.675 -9.48 -9.271 -9.042 -9.672 -9.489 -9.281 -9.111 -9.03 -9.478 -9.603 -9.391 -8.525 -8.064 -7.504 -9.499
0.022841 -9.022 -9.25 -9.444 -9.741 -9.744 -9.631 -9.479 -9.75 -9.741 -9.624 -9.42 -9.132 -9.751 -9.714 -9.523 -9.317 -9.09 -9.712 -9.533 -9.327 -9.158 -9.077 -9.521 -9.643 -9.436 -8.575 -8.115 -7.556 -9.541
0.023532 -9.034 -9.266 -9.466 -9.773 -9.781 -9.672 -9.506 -9.783 -9.779 -9.666 -9.464 -9.179 -9.784 -9.753 -9.566 -9.362 -9.137 -9.751 -9.576 -9.372 -9.205 -9.124 -9.563 -9.684 -9.48 -8.625 -8.166 -7.608 -9.582
0.024244 -9.046 -9.282 -9.487 -9.804 -9.818 -9.714 -9.533 -9.815 -9.816 -9.707 -9.509 -9.226 -9.816 -9.791 -9.61 -9.408 -9.184 -9.79 -9.619 -9.418 -9.252 -9.171 -9.606 -9.725 -9.525 -8.675 -8.217 -7.66 -9.624
0.024977 -9.057 -9.297 -9.508 -9.835 -9.855 -9.755 -9.56 -9.848 -9.853 -9.748 -9.553 -9.273 -9.848 -9.83 -9.653 -9.454 -9.232 -9.829 -9.662 -9.463 -9.299 -9.218 -9.648 -9.765 -9.569 -8.724 -8.268 -7.712 -9.666
0.025733 -9.067 -9.312 -9.528 -9.866 -9.892 -9.796 -9.587 -9.879 -9.889 -9.789 -9.597 -9.32 -9.88 -9.868 -9.696 -9.499 -9.279 -9.868 -9.705 -9.508 -9.345 -9.264 -9.69 -9.805 -9.613 -8.774 -8.319 -7.764 -9.707
0.026511 -9.077 -9.326 -9.548 -9.897 -9.928 -9.837 -9.614 -9.911 -9.926 -9.83 -9.641 -9.367 -9.911 -9.906 -9.738 -9.544 -9.326 -9.906 -9.748 -9.553 -9.391 -9.311 -9.732 -9.845 -9.656 -8.823 -8.37 -7.816 -9.748
0.027313 -9.086 -9.339 -9.568 -9.927 -9.964 -9.877 -9.64 -9.942 -9.962 -9.871 -9.685 -9.413 -9.942 -9.943 -9.781 -9.589 -9.373 -9.944 -9.79 -9.598 -9.438 -9.358 -9.774 -9.885 -9.7 -8.873 -8.421 -7.868 -9.789
0.028139 -9.095 -9.352 -9.587 -9.957 -10.0 -9.918 -9.666 -9.973 -9.998 -9.911 -9.728 -9.459 -9.973 -9.981 -9.823 -9.634 -9.419 -9.982 -9.833 -9.643 -9.484 -9.404 -9.815 -9.925 -9.743 -8.922 -8.471 -7.92 -9.83
0.02899 -9.103 -9.365 -9.606 -9.986 -10.036 -9.958 -9.691 -10.004 -10.033 -9.952 -9.772 -9.506 -10.003 -10.018 -9.866 -9.679 -9.466 -10.02 -9.875 -9.688 -9.53 -9.451 -9.857 -9.964 -9.787 -8.971 -8.522 -7.972 -9.87
0.029867 -9.111 -9.377 -9.624 -10.015 -10.071 -9.998 -9.717 -10.034 -10.069 -9.992 -9.815 -9.552 -10.033 -10.055 -9.908 -9.724 -9.512 -10.058 -9.917 -9.732 -9.576 -9.497 -9.898 -10.003 -9.83 -9.02 -8.573 -8.023 -9.91
0.03077 -9.118 -9.388 -9.642 -10.044 -10.106 -10.038 -9.742 -10.064 -10.104 -10.032 -9.858 -9.598 -10.063 -10.092 -9.95 -9.768 -9.559 -10.095 -9.958 -9.777 -9.622 -9.543 -9.939 -10.042 -9.873 -9.07 -8.623 -8.075 -9.951
0.031701 -9.125 -9.399 -9.66 -10.072 -10.141 -10.077 -9.767 -10.093 -10.139 -10.071 -9.901 -9.644 -10.092 -10.128 -9.991 -9.812 -9.605 -10.132 -10.0 -9.821 -9.667 -9.589 -9.98 -10.081 -9.915 -9.118 -8.674 -8.127 -9.991
0.032659 -9.131 -9.409 -9.677 -10.1 -10.175 -10.117 -9.791 -10.122 -10.173 -10.111 -9.944 -9.689 -10.121 -10.164 -10.033 -9.857 -9.651 -10.169 -10.041 -9.865 -9.713 -9.635 -10.02 -10.119 -9.958 -9.167 -8.724 -8.178 -10.03
0.033647 -9.136 -9.419 -9.693 -10.128 -10.21 -10.156 -9.815 -10.151 -10.208 -10.15 -9.987 -9.735 -10.15 -10.2 -10.074 -9.901 -9.697 -10.206 -10.083 -9.909 -9.758 -9.681 -10.061 -10.157 -10.0 -9.216 -8.774 -8.23 -10.07
0.034665 -9.141 -9.428 -9.709 -10.156 -10.244 -10.195 -9.839 -10.18 -10.242 -10.189 -10.029 -9.78 -10.178 -10.236 -10.115 -9.945 -9.743 -10.242 -10.124 -9.953 -9.804 -9.727 -10.101 -10.195 -10.043 -9.265 -8.825 -8.281 -10.11
0.035713 -9.146 -9.436 -9.725 -10.183 -10.277 -10.233 -9.863 -10.208 -10.275 -10.228 -10.072 -9.826 -10.206 -10.272 -10.156 -9.988 -9.789 -10.278 -10.165 -9.997 -9.849 -9.773 -10.141 -10.233 -10.085 -9.314 -8.875 -8.333 -10.149
0.036793 -9.149 -9.444 -9.74 -10.209 -10.311 -10.272 -9.886 -10.236 -10.309 -10.266 -10.114 -9.871 -10.233 -10.307 -10.197 -10.032 -9.835 -10.314 -10.205 -10.04 -9.894 -9.818 -10.181 -10.271 -10.127 -9.362 -8.925 -8.384 -10.188
0.037906 -9.153 -9.452 -9.754 -10.235 -10.344 -10.31 -9.91 -10.263 -10.342 -10.305 -10.156 -9.916 -10.261 -10.342 -10.237 -10.075 -9.88 -10.349 -10.246 -10.084 -9.939 -9.864 -10.221 -10.308 -10.169 -9.411 -8.975 -8.435 -10.227
0.039052 -9.155 -9.458 -9.768 -10.261 -10.377 -10.348 -9.932 -10.29 -10.375 -10.343 -10.197 -9.961 -10.287 -10.376 -10.278 -10.119 -9.926 -10.385 -10.286 -10.127 -9.984 -9.909 -10.26 -10.345 -10.21 -9.459 -9.025 -8.487 -10.265
0.040234 -9.158 -9.464 -9.782 -10.287 -10.409 -10.386 -9.955 -10.317 -10.407 -10.381 -10.239 -10.006 -10.314 -10.411 -10.318 -10.162 -9.971 -10.42 -10.326 -10.17 -10.029 -9.954 -10.299 -10.382 -10.252 -9.507 -9.075 -8.538 -10.304
0.04145 -9.159 -9.47 -9.795 -10.312 -10.441 -10.423 -9.977 -10.343 -10.44 -10.418 -10.281 -10.051 -10.34 -10.445 -10.358 -10.205 -10.016 -10.455 -10.366 -10.213 -10.073 -10.0 -10.338 -10.419 -10.293 -9.555 -9.125 -8.589 -10.342
0.042704 -9.16 -9.475 -9.808 -10.336 -10.473 -10.461 -9.999 -10.369 -10.471 -10.456 -10.322 -10.095 -10.365 -10.479 -10.398 -10.248 -10.061 -10.489 -10.406 -10.256 -10.118 -10.045 -10.377 -10.455 -10.334 -9.604 -9.174 -8.64 -10.38
0.043996 -9.161 -9.479 -9.82 -10.361 -10.505 -10.498 -10.021 -10.395 -10.503 -10.493 -10.363 -10.14 -10.391 -10.512 -10.437 -10.29 -10.106 -10.523 -10.445 -10.298 -10.162 -10.09 -10.416 -10.491 -10.375 -9.652 -9.224 -8.691 -10.418
0.045326 -9.161 -9.483 -9.831 -10.385 -10.536 -10.535 -10.043 -10.42 -10.534 -10.53 -10.404 -10.184 -10.416 -10.545 -10.477 -10.333 -10.151 -10.557 -10.485 -10.341 -10.206 -10.135 -10.454 -10.527 -10.415 -9.7 -9.274 -8.742 -10.455
0.046697 -9.16 -9.486 -9.843 -10.408 -10.567 -10.571 -10.064 -10.445 -10.565 -10.567 -10.445 -10.228 -10.44 -10.578 -10.516 -10.375 -10.195 -10.591 -10.524 -10.383 -10.25 -10.179 -10.493 -10.563 -10.456 -9.747 -9.323 -8.793 -10.493
0.048109 -9.158 -9.489 -9.853 -10.431 -10.597 -10.607 -10.085 -10.469 -10.596 -10.603 -10.485 -10.272 -10.464 -10.611 -10.555 -10.417 -10.24 -10.625 -10.563 -10.425 -10.294 -10.224 -10.531 -10.598 -10.496 -9.795 -9.373 -8.844 -10.53
0.049564 -9.157 -9.49 -9.863 -10.454 -10.628 -10.644 -10.105 -10.493 -10.627 -10.639 -10.525 -10.316 -10.488 -10.643 -10.593 -10.459 -10.284 -10.658 -10.601 -10.467 -10.338 -10.268 -10.568 -10.633 -10.536 -9.843 -9.422 -8.895 -10.567
0.051063 -9.154 -9.491 -9.873 -10.476 -10.658 -10.679 -10.125 -10.517 -10.657 -10.675 -10.566 -10.36 -10.511 -10.676 -10.632 -10.501 -10.328 -10.691 -10.64 -10.509 -10.381 -10.313 -10.606 -10.668 -10.576 -9.89 -9.471 -8.946 -10.604
0.052608 -9.151 -9.492 -9.882 -10.498 -10.687 -10.715 -10.145 -10.54 -10.686 -10.711 -10.605 -10.403 -10.534 -10.707 -10.67 -10.543 -10.372 -10.723 -10.678 -10.55 -10.425 -10.357 -10.643 -10.703 -10.616 -9.938 -9.521 -8.996 -10.64
0.054199 -9.147 -9.492 -9.89 -10.519 -10.717 -10.75 -10.165 -10.563 -10.716 -10.746 -10.645 -10.446 -10.556 -10.739 -10.708 -10.584 -10.416 -10.756 -10.716 -10.592 -10.468 -10.401 -10.681 -10.737 -10.655 -9.985 -9.57 -9.047 -10.676
0.055838 -9.143 -9.491 -9.898 -10.54 -10.746 -10.785 -10.185 -10.585 -10.745 -10.782 -10.685 -10.49 -10.578 -10.77 -10.746 -10.625 -10.46 -10.788 -10.754 -10.633 -10.511 -10.445 -10.718 -10.771 -10.694 -10.032 -9.619 -9.097 -10.712
0.057527 -9.138 -9.489 -9.905 -10.56 -10.774 -10.82 -10.204 -10.607 -10.773 -10.816 -10.724 -10.533 -10.6 -10.801 -10.784 -10.666 -10.503 -10.819 -10.791 -10.674 -10.554 -10.489 -10.754 -10.805 -10.733 -10.079 -9.668 -9.148 -10.748
0.059267 -9.132 -9.487 -9.912 -10.58 -10.802 -10.855 -10.222 -10.628 -10.802 -10.851 -10.763 -10.576 -10.621 -10.831 -10.821 -10.707 -10.547 -10.851 -10.829 -10.715 -10.597 -10.533 -10.791 -10.838 -10.772 -10.126 -9.717 -9.198 -10.784
0.061059 -9.126 -9.484 -9.918 -10.6 -10.83 -10.889 -10.241 -10.649 -10.83 -10.885 -10.802 -10.618 -10.642 -10.861 -10.858 -10.748 -10.59 -10.882 -10.866 -10.756 -10.64 -10.577 -10.827 -10.872 -10.811 -10.173 -9.766 -9.249 -10.819
0.062906 -9.119 -9.48 -9.924 -10.619 -10.858 -10.923 -10.259 -10.67 -10.857 -10.92 -10.841 -10.661 -10.662 -10.891 -10.895 -10.789 -10.633 -10.913 -10.903 -10.796 -10.683 -10.62 -10.863 -10.905 -10.849 -10.22 -9.814 -9.299 -10.854
0.064808 -9.112 -9.476 -9.929 -10.637 -10.885 -10.956 -10.277 -10.69 -10.885 -10.953 -10.879 -10.703 -10.681 -10.921 -10.931 -10.829 -10.676 -10.943 -10.939 -10.836 -10.725 -10.663 -10.899 -10.937 -10.888 -10.267 -9.863 -9.35 -10.889
0.066769 -9.104 -9.471 -9.933 -10.656 -10.912 -10.99 -10.295 -10.709 -10.911 -10.987 -10.918 -10.746 -10.701 -10.95 -10.968 -10.869 -10.719 -10.973 -10.975 -10.877 -10.767 -10.707 -10.934 -10.97 -10.926 -10.313 -9.912 -9.4 -10.924
0.068788 -9.095 -9.465 -9.937 -10.673 -10.938 -11.023 -10.312 -10.729 -10.938 -11.02 -10.956 -10.788 -10.719 -10.979 -11.004 -10.909 -10.762 -11.003 -11.012 -10.916 -10.809 -10.75 -10.97 -11.002 -10.963 -10.36 -9.96 -9.45 -10.958
0.070868 -9.086 -9.458 -9.941 -10.69 -10.964 -11.056 -10.329 -10.747 -10.964 -11.053 -10.993 -10.83 -10.738 -11.007 -11.04 -10.949 -10.804 -11.032 -11.047 -10.956 -10.851 -10.793 -11.005 -11.033 -11.001 -10.406 -10.009 -9.5 -10.992
0.073012 -9.076 -9.451 -9.943 -10.707 -10.99 -11.088 -10.345 -10.765 -10.99 -11.086 -11.031 -10.872 -10.756 -11.035 -11.075 -10.988 -10.846 -11.061 -11.083 -10.996 -10.893 -10.836 -11.039 -11.065 -11.038 -10.452 -10.057 -9.55 -11.026
0.07522 -9.065 -9.443 -9.945 -10.723 -11.015 -11.12 -10.362 -10.783 -11.015 -11.118 -11.068 -10.913 -10.773 -11.063 -11.111 -11.027 -10.889 -11.09 -11.118 -11.035 -10.935 -10.878 -11.074 -11.096 -11.075 -10.499 -10.105 -9.6 -11.06
0.077495 -9.054 -9.434 -9.947 -10.739 -11.04 -11.152 -10.378 -10.8 -11.04 -11.15 -11.106 -10.954 -10.79 -11.091 -11.146 -11.067 -10.931 -11.119 -11.154 -11.074 -10.976 -10.921 -11.108 -11.127 -11.112 -10.545 -10.153 -9.65 -11.093
0.079839 -9.042 -9.424 -9.948 -10.754 -11.064 -11.184 -10.393 -10.817 -11.065 -11.182 -11.142 -10.996 -10.806 -11.118 -11.181 -11.105 -10.972 -11.147 -11.188 -11.113 -11.017 -10.963 -11.142 -11.157 -11.148 -10.591 -10.201 -9.7 -11.126
0.082253 -9.029 -9.413 -9.948 -10.768 -11.088 -11.215 -10.409 -10.833 -11.089 -11.213 -11.179 -11.037 -10.822 -11.144 -11.215 -11.144 -11.014 -11.174 -11.223 -11.152 -11.058 -11.005 -11.176 -11.187 -11.185 -10.636 -10.249 -9.75 -11.159
0.084741 -9.016 -9.402 -9.948 -10.782 -11.112 -11.246 -10.424 -10.849 -11.113 -11.244 -11.215 -11.078 -10.837 -11.171 -11.249 -11.182 -11.055 -11.202 -11.257 -11.19 -11.099 -11.048 -11.209 -11.217 -11.221 -10.682 -10.297 -9.799 -11.192
