web/models/kne/11/villar_0.0338_0.1710_10.0000.dat
# %ECSV 1.0
# ---
# datatype:
# - {name: time, datatype: float64}
# - {name: swift_uvot_uvw2, datatype: float64}
# - {name: swift_uvot_uvm2, datatype: float64}
# - {name: swift_uvot_uvw1, datatype: float64}
# - {name: swift_uvot_U, datatype: float64}
# - {name: swift_uvot_B, datatype: float64}
# - {name: swift_uvot_V, datatype: float64}
# - {name: swift_uvot_W, datatype: float64}
# - {name: johnson_U, datatype: float64}
# - {name: johnson_B, datatype: float64}
# - {name: johnson_V, datatype: float64}
# - {name: johnson_R, datatype: float64}
# - {name: johnson_I, datatype: float64}
# - {name: sdss_u, datatype: float64}
# - {name: sdss_g, datatype: float64}
# - {name: sdss_r, datatype: float64}
# - {name: sdss_i, datatype: float64}
# - {name: sdss_z, datatype: float64}
# - {name: PS1_g, datatype: float64}
# - {name: PS1_r, datatype: float64}
# - {name: PS1_i, datatype: float64}
# - {name: PS1_z, datatype: float64}
# - {name: PS1_Y, datatype: float64}
# - {name: PS1_w, datatype: float64}
# - {name: ATLAS_c, datatype: float64}
# - {name: ATLAS_o, datatype: float64}
# - {name: ukirt_J, datatype: float64}
# - {name: ukirt_H, datatype: float64}
# - {name: ukirt_K, datatype: float64}
# - {name: Clear, datatype: float64}
# meta: !!omap
# - comment: [kappa = 10.0, type = villar, mass = 0.03383890769761434, velocity = 0.17100000000000004, theta_obs = 0.0]
# schema: astropy-2.0
time swift_uvot_uvw2 swift_uvot_uvm2 swift_uvot_uvw1 swift_uvot_U swift_uvot_B swift_uvot_V swift_uvot_W johnson_U johnson_B johnson_V johnson_R johnson_I sdss_u sdss_g sdss_r sdss_i sdss_z PS1_g PS1_r PS1_i PS1_z PS1_Y PS1_w ATLAS_c ATLAS_o ukirt_J ukirt_H ukirt_K Clear
[from data line 149]
0.084741 -10.844 -11.099 -11.33 -11.693 -11.733 -11.648 -11.405 -11.709 -11.731 -11.642 -11.457 -11.186 -11.709 -11.713 -11.553 -11.362 -11.146 -11.714 -11.562 -11.371 -11.211 -11.131 -11.545 -11.655 -11.472 -10.647 -10.196 -9.643 -11.56
0.087304 -10.851 -11.11 -11.348 -11.722 -11.768 -11.688 -11.429 -11.739 -11.766 -11.681 -11.5 -11.232 -11.738 -11.749 -11.594 -11.406 -11.192 -11.751 -11.603 -11.415 -11.256 -11.177 -11.586 -11.694 -11.514 -10.696 -10.246 -9.695 -11.6
0.089944 -10.857 -11.12 -11.365 -11.75 -11.802 -11.727 -11.453 -11.768 -11.8 -11.721 -11.542 -11.277 -11.767 -11.786 -11.636 -11.45 -11.238 -11.788 -11.645 -11.459 -11.302 -11.222 -11.626 -11.732 -11.557 -10.745 -10.296 -9.746 -11.639
0.092665 -10.862 -11.13 -11.381 -11.778 -11.837 -11.766 -11.477 -11.797 -11.834 -11.76 -11.585 -11.323 -11.796 -11.822 -11.677 -11.494 -11.284 -11.824 -11.686 -11.503 -11.347 -11.268 -11.666 -11.771 -11.599 -10.793 -10.346 -9.797 -11.679
0.095467 -10.867 -11.14 -11.398 -11.805 -11.871 -11.805 -11.501 -11.825 -11.869 -11.799 -11.627 -11.368 -11.824 -11.857 -11.718 -11.538 -11.33 -11.861 -11.727 -11.546 -11.392 -11.314 -11.707 -11.809 -11.642 -10.842 -10.396 -9.849 -11.718
0.098355 -10.872 -11.148 -11.413 -11.832 -11.904 -11.843 -11.524 -11.854 -11.902 -11.838 -11.669 -11.414 -11.852 -11.893 -11.759 -11.581 -11.375 -11.897 -11.768 -11.59 -11.437 -11.359 -11.747 -11.846 -11.684 -10.89 -10.446 -9.9 -11.757
0.101329 -10.876 -11.157 -11.428 -11.859 -11.938 -11.882 -11.548 -11.882 -11.936 -11.876 -11.712 -11.459 -11.88 -11.928 -11.799 -11.625 -11.421 -11.933 -11.808 -11.633 -11.482 -11.405 -11.786 -11.884 -11.725 -10.939 -10.496 -9.951 -11.796
0.104394 -10.879 -11.165 -11.443 -11.886 -11.971 -11.92 -11.571 -11.909 -11.969 -11.914 -11.753 -11.504 -11.907 -11.963 -11.84 -11.668 -11.466 -11.968 -11.849 -11.677 -11.527 -11.45 -11.826 -11.921 -11.767 -10.987 -10.546 -10.002 -11.835
0.107551 -10.882 -11.172 -11.458 -11.912 -12.004 -11.958 -11.593 -11.937 -12.002 -11.953 -11.795 -11.549 -11.934 -11.998 -11.88 -11.712 -11.511 -12.004 -11.889 -11.72 -11.572 -11.495 -11.865 -11.958 -11.809 -11.035 -10.596 -10.053 -11.874
0.110804 -10.885 -11.178 -11.472 -11.937 -12.037 -11.996 -11.616 -11.963 -12.035 -11.991 -11.837 -11.593 -11.961 -12.032 -11.92 -11.755 -11.557 -12.039 -11.929 -11.763 -11.616 -11.54 -11.905 -11.995 -11.85 -11.083 -10.645 -10.104 -11.912
0.114155 -10.887 -11.184 -11.485 -11.963 -12.069 -12.034 -11.638 -11.99 -12.067 -12.028 -11.878 -11.638 -11.987 -12.066 -11.96 -11.798 -11.602 -12.074 -11.969 -11.806 -11.661 -11.585 -11.944 -12.032 -11.891 -11.131 -10.695 -10.155 -11.95
0.117608 -10.888 -11.19 -11.498 -11.988 -12.101 -12.071 -11.66 -12.016 -12.099 -12.066 -11.92 -11.682 -12.013 -12.1 -12.0 -11.84 -11.647 -12.109 -12.009 -11.849 -11.705 -11.63 -11.983 -12.068 -11.932 -11.179 -10.745 -10.206 -11.988
0.121165 -10.889 -11.195 -11.51 -12.012 -12.133 -12.108 -11.681 -12.042 -12.131 -12.103 -11.961 -11.727 -12.039 -12.134 -12.04 -11.883 -11.692 -12.143 -12.048 -11.891 -11.749 -11.675 -12.021 -12.105 -11.973 -11.227 -10.794 -10.257 -12.026
0.124829 -10.889 -11.199 -11.522 -12.036 -12.164 -12.145 -11.703 -12.068 -12.163 -12.14 -12.002 -11.771 -12.064 -12.167 -12.079 -11.926 -11.736 -12.177 -12.087 -11.934 -11.794 -11.72 -12.06 -12.141 -12.014 -11.275 -10.844 -10.308 -12.064
0.128605 -10.889 -11.203 -11.534 -12.06 -12.195 -12.182 -11.724 -12.093 -12.194 -12.177 -12.042 -11.815 -12.089 -12.201 -12.118 -11.968 -11.781 -12.211 -12.127 -11.976 -11.838 -11.764 -12.098 -12.176 -12.054 -11.323 -10.893 -10.359 -12.101
0.132494 -10.888 -11.206 -11.545 -12.084 -12.226 -12.218 -11.744 -12.117 -12.225 -12.214 -12.083 -11.859 -12.113 -12.234 -12.158 -12.01 -11.825 -12.245 -12.166 -12.018 -11.881 -11.809 -12.136 -12.212 -12.095 -11.37 -10.943 -10.409 -12.138
0.136502 -10.886 -11.208 -11.555 -12.107 -12.257 -12.255 -11.765 -12.142 -12.255 -12.25 -12.123 -11.903 -12.138 -12.266 -12.196 -12.052 -11.87 -12.278 -12.204 -12.06 -11.925 -11.853 -12.174 -12.247 -12.135 -11.418 -10.992 -10.46 -12.175
0.14063 -10.884 -11.21 -11.565 -12.129 -12.287 -12.291 -11.785 -12.166 -12.286 -12.286 -12.164 -11.947 -12.161 -12.298 -12.235 -12.094 -11.914 -12.311 -12.243 -12.102 -11.969 -11.898 -12.212 -12.282 -12.175 -11.465 -11.041 -10.511 -12.212
0.144883 -10.881 -11.211 -11.575 -12.152 -12.317 -12.326 -11.805 -12.189 -12.316 -12.322 -12.204 -11.99 -12.184 -12.33 -12.273 -12.136 -11.958 -12.344 -12.281 -12.143 -12.012 -11.942 -12.249 -12.317 -12.215 -11.513 -11.09 -10.561 -12.249
0.149265 -10.878 -11.212 -11.584 -12.173 -12.347 -12.362 -11.825 -12.213 -12.345 -12.358 -12.243 -12.034 -12.207 -12.362 -12.312 -12.177 -12.002 -12.377 -12.319 -12.185 -12.056 -11.986 -12.287 -12.352 -12.254 -11.56 -11.139 -10.612 -12.285
0.15378 -10.874 -11.212 -11.592 -12.195 -12.376 -12.397 -11.844 -12.235 -12.375 -12.393 -12.283 -12.077 -12.23 -12.394 -12.35 -12.219 -12.045 -12.409 -12.357 -12.226 -12.099 -12.03 -12.324 -12.386 -12.294 -11.607 -11.188 -10.662 -12.321
0.15843 -10.87 -11.211 -11.6 -12.216 -12.405 -12.432 -11.863 -12.258 -12.404 -12.428 -12.323 -12.12 -12.252 -12.425 -12.387 -12.26 -12.089 -12.441 -12.395 -12.267 -12.142 -12.074 -12.361 -12.42 -12.333 -11.654 -11.237 -10.713 -12.357
0.163222 -10.865 -11.209 -11.608 -12.236 -12.434 -12.467 -11.882 -12.28 -12.433 -12.463 -12.362 -12.163 -12.273 -12.456 -12.425 -12.301 -12.133 -12.472 -12.433 -12.308 -12.185 -12.118 -12.397 -12.454 -12.372 -11.701 -11.286 -10.763 -12.393
0.168159 -10.859 -11.207 -11.614 -12.256 -12.462 -12.502 -11.901 -12.301 -12.461 -12.498 -12.401 -12.206 -12.295 -12.486 -12.462 -12.342 -12.176 -12.504 -12.47 -12.349 -12.228 -12.161 -12.434 -12.487 -12.411 -11.748 -11.335 -10.814 -12.429
0.173245 -10.853 -11.205 -11.621 -12.276 -12.49 -12.536 -11.919 -12.322 -12.489 -12.532 -12.44 -12.249 -12.315 -12.516 -12.499 -12.382 -12.219 -12.535 -12.507 -12.39 -12.27 -12.205 -12.47 -12.521 -12.449 -11.795 -11.384 -10.864 -12.464
0.178484 -10.846 -11.201 -11.627 -12.295 -12.517 -12.57 -11.937 -12.343 -12.517 -12.566 -12.479 -12.291 -12.336 -12.546 -12.536 -12.423 -12.262 -12.566 -12.544 -12.43 -12.313 -12.248 -12.506 -12.553 -12.488 -11.842 -11.432 -10.914 -12.499
0.183882 -10.839 -11.197 -11.632 -12.314 -12.545 -12.603 -11.955 -12.363 -12.544 -12.6 -12.517 -12.333 -12.356 -12.576 -12.573 -12.463 -12.305 -12.596 -12.58 -12.471 -12.355 -12.292 -12.542 -12.586 -12.526 -11.888 -11.481 -10.964 -12.534
0.189444 -10.831 -11.192 -11.636 -12.332 -12.572 -12.637 -11.972 -12.383 -12.571 -12.634 -12.555 -12.376 -12.375 -12.605 -12.609 -12.503 -12.348 -12.626 -12.617 -12.511 -12.397 -12.335 -12.577 -12.619 -12.564 -11.935 -11.529 -11.014 -12.568
0.195173 -10.822 -11.187 -11.64 -12.35 -12.598 -12.67 -11.989 -12.402 -12.598 -12.667 -12.593 -12.418 -12.394 -12.634 -12.645 -12.543 -12.391 -12.656 -12.653 -12.551 -12.439 -12.378 -12.612 -12.651 -12.602 -11.981 -11.578 -11.064 -12.603
0.201076 -10.813 -11.18 -11.644 -12.367 -12.624 -12.703 -12.006 -12.421 -12.624 -12.7 -12.631 -12.46 -12.413 -12.663 -12.681 -12.583 -12.433 -12.686 -12.689 -12.59 -12.481 -12.421 -12.648 -12.683 -12.639 -12.028 -11.626 -11.114 -12.637
0.207158 -10.803 -11.173 -11.647 -12.384 -12.65 -12.735 -12.023 -12.44 -12.65 -12.733 -12.669 -12.501 -12.431 -12.691 -12.717 -12.622 -12.475 -12.715 -12.725 -12.63 -12.523 -12.464 -12.682 -12.714 -12.676 -12.074 -11.674 -11.164 -12.671
0.213423 -10.793 -11.165 -11.649 -12.401 -12.676 -12.768 -12.039 -12.458 -12.675 -12.765 -12.706 -12.543 -12.448 -12.719 -12.752 -12.662 -12.517 -12.744 -12.76 -12.669 -12.564 -12.506 -12.717 -12.745 -12.713 -12.12 -11.723 -11.214 -12.705
0.219878 -10.781 -11.157 -11.651 -12.416 -12.701 -12.8 -12.055 -12.475 -12.701 -12.797 -12.743 -12.584 -12.465 -12.746 -12.787 -12.701 -12.559 -12.773 -12.795 -12.708 -12.606 -12.549 -12.751 -12.776 -12.75 -12.166 -11.771 -11.264 -12.738
0.226528 -10.77 -11.148 -11.652 -12.432 -12.725 -12.831 -12.07 -12.492 -12.725 -12.829 -12.78 -12.626 -12.482 -12.774 -12.822 -12.74 -12.601 -12.801 -12.83 -12.747 -12.647 -12.591 -12.785 -12.807 -12.787 -12.212 -11.819 -11.314 -12.771
0.233379 -10.757 -11.138 -11.653 -12.447 -12.75 -12.863 -12.086 -12.509 -12.75 -12.861 -12.817 -12.667 -12.498 -12.801 -12.857 -12.778 -12.643 -12.829 -12.865 -12.786 -12.688 -12.633 -12.819 -12.837 -12.823 -12.258 -11.867 -11.364 -12.804
0.240437 -10.744 -11.127 -11.653 -12.461 -12.773 -12.894 -12.101 -12.525 -12.774 -12.892 -12.854 -12.708 -12.514 -12.827 -12.891 -12.817 -12.684 -12.856 -12.899 -12.824 -12.729 -12.675 -12.853 -12.867 -12.86 -12.303 -11.915 -11.413 -12.837
0.247709 -10.731 -11.115 -11.652 -12.475 -12.797 -12.925 -12.115 -12.54 -12.797 -12.923 -12.89 -12.748 -12.529 -12.853 -12.925 -12.855 -12.726 -12.883 -12.933 -12.863 -12.77 -12.717 -12.886 -12.897 -12.895 -12.349 -11.962 -11.463 -12.869
0.255201 -10.716 -11.103 -11.65 -12.488 -12.82 -12.955 -12.13 -12.555 -12.82 -12.954 -12.926 -12.789 -12.543 -12.879 -12.959 -12.893 -12.767 -12.91 -12.967 -12.901 -12.81 -12.759 -12.919 -12.926 -12.931 -12.394 -12.01 -11.512 -12.901
0.262919 -10.701 -11.09 -11.649 -12.501 -12.842 -12.985 -12.144 -12.57 -12.843 -12.984 -12.962 -12.829 -12.557 -12.904 -12.993 -12.931 -12.808 -12.937 -13.001 -12.939 -12.851 -12.801 -12.952 -12.955 -12.966 -12.439 -12.058 -11.562 -12.933
0.270871 -10.686 -11.076 -11.646 -12.513 -12.865 -13.015 -12.157 -12.584 -12.865 -13.014 -12.997 -12.869 -12.571 -12.929 -13.026 -12.969 -12.848 -12.963 -13.034 -12.976 -12.891 -12.842 -12.984 -12.984 -13.002 -12.485 -12.105 -11.611 -12.965
0.279064 -10.67 -11.061 -11.643 -12.525 -12.886 -13.044 -12.171 -12.597 -12.887 -13.043 -13.032 -12.909 -12.584 -12.954 -13.059 -13.006 -12.889 -12.989 -13.067 -13.014 -12.931 -12.883 -13.016 -13.012 -13.037 -12.53 -12.152 -11.66 -12.996
0.287504 -10.653 -11.045 -11.639 -12.536 -12.908 -13.073 -12.184 -12.61 -12.909 -13.073 -13.067 -12.949 -12.596 -12.978 -13.092 -13.043 -12.929 -13.014 -13.1 -13.051 -12.97 -12.925 -13.048 -13.041 -13.071 -12.574 -12.2 -11.71 -13.027
0.296199 -10.635 -11.029 -11.634 -12.547 -12.929 -13.102 -12.196 -12.623 -12.93 -13.102 -13.102 -12.988 -12.608 -13.002 -13.124 -13.08 -12.969 -13.039 -13.132 -13.088 -13.01 -12.965 -13.08 -13.068 -13.106 -12.619 -12.247 -11.759 -13.058
0.305157 -10.617 -11.011 -11.629 -12.556 -12.949 -13.131 -12.209 -12.634 -12.95 -13.13 -13.136 -13.028 -12.619 -13.025 -13.156 -13.117 -13.009 -13.063 -13.164 -13.125 -13.049 -13.006 -13.111 -13.096 -13.14 -12.664 -12.294 -11.808 -13.089
0.314387 -10.598 -10.993 -11.623 -12.566 -12.969 -13.159 -12.221 -12.646 -12.971 -13.158 -13.171 -13.067 -12.63 -13.048 -13.188 -13.153 -13.049 -13.088 -13.196 -13.161 -13.089 -13.047 -13.142 -13.122 -13.173 -12.708 -12.341 -11.857 -13.119
0.323895 -10.579 -10.974 -11.616 -12.575 -12.988 -13.186 -12.232 -12.656 -12.99 -13.186 -13.205 -13.106 -12.64 -13.071 -13.219 -13.189 -13.089 -13.111 -13.227 -13.198 -13.128 -13.087 -13.173 -13.149 -13.207 -12.753 -12.388 -11.906 -13.149
0.333691 -10.559 -10.954 -11.609 -12.583 -13.007 -13.214 -12.244 -12.666 -13.009 -13.214 -13.238 -13.145 -12.65 -13.093 -13.251 -13.225 -13.128 -13.135 -13.259 -13.234 -13.166 -13.128 -13.204 -13.175 -13.24 -12.797 -12.435 -11.955 -13.178
0.343783 -10.538 -10.933 -11.601 -12.59 -13.026 -13.24 -12.255 -12.676 -13.028 -13.241 -13.272 -13.183 -12.659 -13.114 -13.281 -13.261 -13.167 -13.158 -13.29 -13.269 -13.205 -13.168 -13.234 -13.201 -13.273 -12.841 -12.481 -12.003 -13.208
0.354181 -10.517 -10.911 -11.592 -12.597 -13.044 -13.267 -12.265 -12.685 -13.046 -13.268 -13.305 -13.221 -12.667 -13.136 -13.312 -13.296 -13.206 -13.18 -13.32 -13.305 -13.243 -13.208 -13.264 -13.227 -13.306 -12.885 -12.528 -12.052 -13.237
0.364893 -10.495 -10.888 -11.583 -12.604 -13.062 -13.293 -12.275 -12.693 -13.064 -13.294 -13.337 -13.259 -12.675 -13.156 -13.342 -13.332 -13.245 -13.202 -13.35 -13.34 -13.281 -13.247 -13.293 -13.252 -13.338 -12.929 -12.575 -12.101 -13.266
0.375929 -10.473 -10.864 -11.572 -12.609 -13.079 -13.319 -12.285 -12.701 -13.081 -13.32 -13.37 -13.297 -12.682 -13.177 -13.372 -13.366 -13.284 -13.224 -13.38 -13.375 -13.319 -13.287 -13.322 -13.276 -13.37 -12.972 -12.621 -12.149 -13.294
0.387298 -10.45 -10.84 -11.561 -12.614 -13.095 -13.344 -12.295 -12.708 -13.098 -13.346 -13.402 -13.335 -12.688 -13.196 -13.401 -13.401 -13.322 -13.245 -13.41 -13.41 -13.357 -13.326 -13.351 -13.301 -13.402 -13.016 -12.667 -12.198 -13.322
0.399012 -10.426 -10.814 -11.55 -12.619 -13.111 -13.369 -12.304 -12.714 -13.114 -13.371 -13.434 -13.372 -12.694 -13.216 -13.43 -13.435 -13.36 -13.266 -13.439 -13.444 -13.394 -13.365 -13.38 -13.325 -13.434 -13.059 -12.713 -12.246 -13.35
0.41108 -10.401 -10.787 -11.537 -12.622 -13.127 -13.394 -12.312 -12.72 -13.13 -13.396 -13.465 -13.409 -12.699 -13.235 -13.459 -13.469 -13.398 -13.286 -13.468 -13.478 -13.431 -13.404 -13.408 -13.348 -13.465 -13.102 -12.759 -12.294 -13.377
0.423513 -10.377 -10.759 -11.524 -12.625 -13.142 -13.418 -12.321 -12.725 -13.145 -13.42 -13.497 -13.446 -12.703 -13.253 -13.487 -13.503 -13.435 -13.306 -13.496 -13.512 -13.468 -13.443 -13.436 -13.371 -13.495 -13.145 -12.805 -12.343 -13.404
0.436321 -10.351 -10.731 -11.51 -12.627 -13.156 -13.441 -12.329 -12.729 -13.16 -13.444 -13.527 -13.483 -12.707 -13.271 -13.515 -13.536 -13.473 -13.325 -13.524 -13.545 -13.505 -13.482 -13.463 -13.394 -13.526 -13.188 -12.851 -12.391 -13.431
0.449518 -10.325 -10.701 -11.495 -12.629 -13.17 -13.464 -12.336 -12.733 -13.174 -13.467 -13.558 -13.519 -12.71 -13.288 -13.543 -13.57 -13.51 -13.344 -13.552 -13.579 -13.542 -13.52 -13.49 -13.416 -13.556 -13.231 -12.897 -12.439 -13.458
0.463113 -10.298 -10.67 -11.479 -12.63 -13.183 -13.487 -12.343 -12.736 -13.187 -13.49 -13.588 -13.555 -12.713 -13.305 -13.57 -13.602 -13.547 -13.362 -13.579 -13.612 -13.578 -13.558 -13.517 -13.438 -13.586 -13.274 -12.942 -12.487 -13.484
0.47712 -10.271 -10.638 -11.463 -12.63 -13.196 -13.509 -12.35 -12.738 -13.2 -13.513 -13.618 -13.591 -12.714 -13.321 -13.597 -13.635 -13.583 -13.38 -13.606 -13.644 -13.614 -13.596 -13.543 -13.459 -13.615 -13.316 -12.988 -12.535 -13.509
0.49155 -10.244 -10.605 -11.445 -12.629 -13.208 -13.531 -12.356 -12.74 -13.212 -13.535 -13.648 -13.626 -12.715 -13.337 -13.624 -13.667 -13.62 -13.397 -13.633 -13.677 -13.649 -13.634 -13.57 -13.48 -13.644 -13.358 -13.033 -12.582 -13.535
0.506416 -10.216 -10.571 -11.427 -12.628 -13.219 -13.553 -12.362 -12.741 -13.224 -13.557 -13.677 -13.662 -12.715 -13.352 -13.65 -13.699 -13.656 -13.414 -13.659 -13.709 -13.685 -13.671 -13.595 -13.5 -13.673 -13.4 -13.078 -12.63 -13.56
0.521733 -10.187 -10.536 -11.408 -12.626 -13.23 -13.574 -12.367 -12.741 -13.235 -13.578 -13.706 -13.697 -12.715 -13.367 -13.675 -13.73 -13.691 -13.43 -13.685 -13.74 -13.72 -13.708 -13.62 -13.52 -13.701 -13.442 -13.123 -12.678 -13.585
0.537512 -10.158 -10.499 -11.388 -12.623 -13.24 -13.594 -12.372 -12.74 -13.246 -13.599 -13.734 -13.731 -12.713 -13.381 -13.7 -13.762 -13.727 -13.446 -13.71 -13.772 -13.755 -13.745 -13.645 -13.539 -13.729 -13.483 -13.168 -12.725 -13.609
0.553769 -10.128 -10.462 -11.368 -12.619 -13.25 -13.614 -12.376 -12.739 -13.256 -13.619 -13.762 -13.766 -12.711 -13.395 -13.725 -13.792 -13.762 -13.461 -13.735 -13.802 -13.789 -13.782 -13.67 -13.558 -13.757 -13.525 -13.213 -12.772 -13.633
0.570517 -10.098 -10.423 -11.346 -12.614 -13.259 -13.633 -12.38 -12.737 -13.265 -13.639 -13.79 -13.8 -12.708 -13.407 -13.749 -13.823 -13.797 -13.476 -13.759 -13.833 -13.823 -13.818 -13.694 -13.576 -13.784 -13.566 -13.257 -12.82 -13.656
0.587772 -10.068 -10.383 -11.324 -12.609 -13.267 -13.652 -12.384 -12.734 -13.273 -13.658 -13.817 -13.834 -12.704 -13.42 -13.773 -13.853 -13.832 -13.49 -13.783 -13.863 -13.857 -13.854 -13.718 -13.594 -13.811 -13.607 -13.302 -12.867 -13.679
0.605549 -10.037 -10.342 -11.3 -12.603 -13.275 -13.67 -12.387 -12.73 -13.281 -13.676 -13.844 -13.867 -12.7 -13.431 -13.797 -13.883 -13.866 -13.503 -13.807 -13.893 -13.891 -13.89 -13.741 -13.612 -13.837 -13.648 -13.346 -12.914 -13.702
