web/models/kne/11/villar_0.0028_0.1083_10.0000.dat
# %ECSV 1.0
# ---
# datatype:
# - {name: time, datatype: float64}
# - {name: swift_uvot_uvw2, datatype: float64}
# - {name: swift_uvot_uvm2, datatype: float64}
# - {name: swift_uvot_uvw1, datatype: float64}
# - {name: swift_uvot_U, datatype: float64}
# - {name: swift_uvot_B, datatype: float64}
# - {name: swift_uvot_V, datatype: float64}
# - {name: swift_uvot_W, datatype: float64}
# - {name: johnson_U, datatype: float64}
# - {name: johnson_B, datatype: float64}
# - {name: johnson_V, datatype: float64}
# - {name: johnson_R, datatype: float64}
# - {name: johnson_I, datatype: float64}
# - {name: sdss_u, datatype: float64}
# - {name: sdss_g, datatype: float64}
# - {name: sdss_r, datatype: float64}
# - {name: sdss_i, datatype: float64}
# - {name: sdss_z, datatype: float64}
# - {name: PS1_g, datatype: float64}
# - {name: PS1_r, datatype: float64}
# - {name: PS1_i, datatype: float64}
# - {name: PS1_z, datatype: float64}
# - {name: PS1_Y, datatype: float64}
# - {name: PS1_w, datatype: float64}
# - {name: ATLAS_c, datatype: float64}
# - {name: ATLAS_o, datatype: float64}
# - {name: ukirt_J, datatype: float64}
# - {name: ukirt_H, datatype: float64}
# - {name: ukirt_K, datatype: float64}
# - {name: Clear, datatype: float64}
# meta: !!omap
# - comment: [kappa = 10.0, type = villar, mass = 0.0028172691138521437, velocity = 0.10833333333333334, theta_obs = 0.0]
# schema: astropy-2.0
time swift_uvot_uvw2 swift_uvot_uvm2 swift_uvot_uvw1 swift_uvot_U swift_uvot_B swift_uvot_V swift_uvot_W johnson_U johnson_B johnson_V johnson_R johnson_I sdss_u sdss_g sdss_r sdss_i sdss_z PS1_g PS1_r PS1_i PS1_z PS1_Y PS1_w ATLAS_c ATLAS_o ukirt_J ukirt_H ukirt_K Clear
[from data line 78]
0.010217 -7.765 -7.791 -7.782 -7.679 -7.473 -7.204 -7.66 -7.652 -7.47 -7.194 -6.882 -6.5 -7.659 -7.389 -7.027 -6.733 -6.443 -7.373 -7.046 -6.756 -6.549 -6.486 -7.06 -7.248 -6.905 -5.839 -5.33 -4.731 -7.112
0.010526 -7.796 -7.825 -7.82 -7.722 -7.519 -7.252 -7.699 -7.696 -7.516 -7.243 -6.932 -6.551 -7.703 -7.436 -7.076 -6.784 -6.495 -7.42 -7.095 -6.806 -6.599 -6.535 -7.109 -7.296 -6.955 -5.892 -5.384 -4.785 -7.161
0.010845 -7.826 -7.859 -7.856 -7.765 -7.565 -7.3 -7.737 -7.739 -7.562 -7.291 -6.981 -6.602 -7.746 -7.483 -7.125 -6.834 -6.546 -7.466 -7.144 -6.856 -6.65 -6.585 -7.157 -7.344 -7.004 -5.944 -5.437 -4.839 -7.209
0.011173 -7.857 -7.893 -7.893 -7.808 -7.611 -7.348 -7.775 -7.782 -7.607 -7.339 -7.031 -6.653 -7.789 -7.529 -7.174 -6.884 -6.597 -7.513 -7.193 -6.906 -6.7 -6.634 -7.206 -7.391 -7.054 -5.997 -5.49 -4.893 -7.257
0.011511 -7.886 -7.927 -7.929 -7.85 -7.656 -7.396 -7.813 -7.825 -7.653 -7.387 -7.081 -6.704 -7.832 -7.576 -7.223 -6.934 -6.648 -7.559 -7.242 -6.956 -6.75 -6.684 -7.254 -7.439 -7.103 -6.049 -5.544 -4.947 -7.304
0.011859 -7.916 -7.96 -7.965 -7.893 -7.702 -7.444 -7.85 -7.868 -7.698 -7.435 -7.13 -6.755 -7.875 -7.622 -7.272 -6.985 -6.699 -7.606 -7.29 -7.005 -6.801 -6.733 -7.302 -7.486 -7.153 -6.102 -5.597 -5.0 -7.352
0.012217 -7.945 -7.993 -8.001 -7.935 -7.747 -7.492 -7.888 -7.911 -7.744 -7.482 -7.179 -6.805 -7.917 -7.668 -7.321 -7.035 -6.75 -7.652 -7.339 -7.055 -6.851 -6.782 -7.35 -7.533 -7.202 -6.154 -5.65 -5.054 -7.4
0.012587 -7.974 -8.025 -8.036 -7.977 -7.792 -7.539 -7.925 -7.953 -7.789 -7.53 -7.228 -6.856 -7.96 -7.714 -7.369 -7.084 -6.801 -7.698 -7.387 -7.105 -6.901 -6.832 -7.398 -7.58 -7.251 -6.206 -5.703 -5.108 -7.447
0.012968 -8.002 -8.057 -8.072 -8.018 -7.837 -7.586 -7.962 -7.996 -7.834 -7.577 -7.277 -6.907 -8.002 -7.759 -7.418 -7.134 -6.852 -7.744 -7.435 -7.154 -6.951 -6.881 -7.446 -7.627 -7.3 -6.258 -5.756 -5.161 -7.494
0.01336 -8.03 -8.089 -8.106 -8.06 -7.882 -7.634 -7.998 -8.038 -7.878 -7.625 -7.326 -6.957 -8.044 -7.805 -7.466 -7.184 -6.903 -7.79 -7.483 -7.203 -7.0 -6.93 -7.494 -7.674 -7.349 -6.311 -5.809 -5.215 -7.541
0.013764 -8.058 -8.12 -8.141 -8.101 -7.927 -7.681 -8.035 -8.079 -7.923 -7.672 -7.375 -7.008 -8.086 -7.851 -7.514 -7.234 -6.953 -7.835 -7.531 -7.253 -7.05 -6.979 -7.541 -7.72 -7.398 -6.363 -5.862 -5.268 -7.588
0.01418 -8.085 -8.151 -8.175 -8.142 -7.971 -7.728 -8.071 -8.121 -7.968 -7.719 -7.424 -7.058 -8.127 -7.896 -7.562 -7.283 -7.004 -7.881 -7.579 -7.302 -7.1 -7.028 -7.589 -7.767 -7.446 -6.415 -5.914 -5.322 -7.635
0.014609 -8.112 -8.182 -8.209 -8.183 -8.015 -7.775 -8.107 -8.162 -8.012 -7.766 -7.473 -7.108 -8.168 -7.941 -7.61 -7.332 -7.054 -7.926 -7.627 -7.351 -7.15 -7.077 -7.636 -7.813 -7.495 -6.466 -5.967 -5.375 -7.682
0.015051 -8.139 -8.213 -8.243 -8.224 -8.059 -7.821 -8.142 -8.204 -8.056 -7.812 -7.521 -7.158 -8.21 -7.986 -7.658 -7.382 -7.105 -7.971 -7.674 -7.4 -7.199 -7.126 -7.683 -7.859 -7.543 -6.518 -6.02 -5.429 -7.729
0.015506 -8.165 -8.243 -8.276 -8.264 -8.103 -7.868 -8.178 -8.245 -8.1 -7.859 -7.57 -7.208 -8.25 -8.031 -7.706 -7.431 -7.155 -8.016 -7.722 -7.449 -7.249 -7.175 -7.731 -7.905 -7.591 -6.57 -6.072 -5.482 -7.775
0.015975 -8.19 -8.272 -8.309 -8.304 -8.147 -7.914 -8.213 -8.285 -8.144 -7.905 -7.618 -7.258 -8.291 -8.075 -7.753 -7.48 -7.205 -8.061 -7.769 -7.498 -7.298 -7.224 -7.777 -7.951 -7.64 -6.622 -6.125 -5.535 -7.822
0.016458 -8.216 -8.302 -8.342 -8.344 -8.191 -7.96 -8.248 -8.326 -8.187 -7.952 -7.666 -7.308 -8.332 -8.12 -7.801 -7.529 -7.255 -8.106 -7.816 -7.546 -7.347 -7.272 -7.824 -7.997 -7.688 -6.674 -6.178 -5.589 -7.868
0.016956 -8.241 -8.331 -8.374 -8.384 -8.234 -8.007 -8.282 -8.366 -8.23 -7.998 -7.714 -7.358 -8.372 -8.164 -7.848 -7.578 -7.305 -8.15 -7.864 -7.595 -7.396 -7.321 -7.871 -8.042 -7.736 -6.725 -6.23 -5.642 -7.914
0.017469 -8.266 -8.359 -8.406 -8.423 -8.277 -8.053 -8.317 -8.406 -8.274 -8.044 -7.762 -7.407 -8.412 -8.208 -7.895 -7.627 -7.355 -8.195 -7.911 -7.643 -7.446 -7.37 -7.918 -8.088 -7.784 -6.777 -6.282 -5.695 -7.96
0.017997 -8.29 -8.387 -8.438 -8.462 -8.32 -8.098 -8.351 -8.446 -8.317 -8.09 -7.81 -7.457 -8.452 -8.252 -7.943 -7.675 -7.405 -8.239 -7.958 -7.692 -7.495 -7.418 -7.964 -8.133 -7.831 -6.828 -6.335 -5.748 -8.006
0.018541 -8.314 -8.415 -8.47 -8.501 -8.363 -8.144 -8.385 -8.486 -8.36 -8.136 -7.858 -7.507 -8.491 -8.296 -7.99 -7.724 -7.455 -8.283 -8.004 -7.74 -7.544 -7.467 -8.01 -8.178 -7.879 -6.88 -6.387 -5.801 -8.051
0.019102 -8.337 -8.443 -8.501 -8.54 -8.406 -8.19 -8.419 -8.525 -8.402 -8.181 -7.905 -7.556 -8.531 -8.34 -8.036 -7.773 -7.504 -8.327 -8.051 -7.788 -7.593 -7.515 -8.056 -8.223 -7.926 -6.931 -6.439 -5.854 -8.097
0.01968 -8.36 -8.47 -8.532 -8.579 -8.448 -8.235 -8.452 -8.565 -8.445 -8.227 -7.953 -7.605 -8.57 -8.383 -8.083 -7.821 -7.554 -8.371 -8.097 -7.836 -7.641 -7.563 -8.103 -8.268 -7.974 -6.982 -6.492 -5.907 -8.142
0.020275 -8.383 -8.496 -8.562 -8.617 -8.49 -8.281 -8.486 -8.604 -8.487 -8.272 -8.0 -7.654 -8.609 -8.427 -8.13 -7.869 -7.603 -8.414 -8.144 -7.884 -7.69 -7.612 -8.148 -8.312 -8.021 -7.033 -6.544 -5.96 -8.188
0.020888 -8.405 -8.523 -8.593 -8.655 -8.533 -8.326 -8.519 -8.642 -8.529 -8.317 -8.048 -7.704 -8.647 -8.47 -8.176 -7.917 -7.653 -8.458 -8.19 -7.932 -7.739 -7.66 -8.194 -8.357 -8.068 -7.085 -6.596 -6.013 -8.233
0.02152 -8.427 -8.549 -8.622 -8.693 -8.575 -8.371 -8.551 -8.681 -8.571 -8.362 -8.095 -7.753 -8.686 -8.513 -8.223 -7.966 -7.702 -8.501 -8.236 -7.98 -7.787 -7.708 -8.24 -8.401 -8.115 -7.136 -6.648 -6.066 -8.278
0.022171 -8.448 -8.574 -8.652 -8.731 -8.616 -8.416 -8.584 -8.719 -8.613 -8.407 -8.142 -7.802 -8.724 -8.556 -8.269 -8.014 -7.751 -8.544 -8.282 -8.028 -7.836 -7.756 -8.285 -8.446 -8.162 -7.187 -6.7 -6.118 -8.323
0.022841 -8.469 -8.599 -8.681 -8.768 -8.658 -8.46 -8.616 -8.757 -8.655 -8.452 -8.189 -7.851 -8.762 -8.598 -8.315 -8.061 -7.8 -8.587 -8.328 -8.076 -7.884 -7.804 -8.331 -8.49 -8.209 -7.238 -6.752 -6.171 -8.367
0.023532 -8.49 -8.624 -8.71 -8.805 -8.699 -8.505 -8.648 -8.795 -8.696 -8.497 -8.236 -7.899 -8.8 -8.641 -8.361 -8.109 -7.85 -8.63 -8.374 -8.123 -7.933 -7.853 -8.376 -8.534 -8.256 -7.289 -6.804 -6.224 -8.412
0.024244 -8.51 -8.649 -8.739 -8.842 -8.74 -8.549 -8.68 -8.833 -8.737 -8.541 -8.282 -7.948 -8.837 -8.683 -8.407 -8.157 -7.899 -8.672 -8.42 -8.171 -7.981 -7.9 -8.421 -8.577 -8.302 -7.339 -6.855 -6.277 -8.456
0.024977 -8.53 -8.673 -8.767 -8.878 -8.781 -8.594 -8.712 -8.87 -8.778 -8.586 -8.329 -7.997 -8.874 -8.725 -8.453 -8.204 -7.947 -8.715 -8.465 -8.218 -8.029 -7.948 -8.466 -8.621 -8.349 -7.39 -6.907 -6.329 -8.501
0.025733 -8.549 -8.696 -8.795 -8.915 -8.822 -8.638 -8.743 -8.907 -8.819 -8.63 -8.376 -8.045 -8.911 -8.767 -8.498 -8.252 -7.996 -8.757 -8.511 -8.265 -8.077 -7.996 -8.511 -8.664 -8.395 -7.441 -6.959 -6.382 -8.545
0.026511 -8.568 -8.719 -8.822 -8.951 -8.863 -8.682 -8.774 -8.944 -8.86 -8.674 -8.422 -8.093 -8.948 -8.809 -8.544 -8.299 -8.045 -8.799 -8.556 -8.312 -8.125 -8.044 -8.556 -8.708 -8.441 -7.491 -7.011 -6.434 -8.589
0.027313 -8.587 -8.742 -8.849 -8.987 -8.903 -8.726 -8.805 -8.981 -8.9 -8.718 -8.468 -8.142 -8.985 -8.851 -8.589 -8.346 -8.093 -8.841 -8.601 -8.359 -8.173 -8.092 -8.6 -8.751 -8.487 -7.542 -7.062 -6.487 -8.633
0.028139 -8.605 -8.764 -8.876 -9.022 -8.943 -8.769 -8.835 -9.017 -8.94 -8.761 -8.514 -8.19 -9.021 -8.892 -8.634 -8.394 -8.142 -8.883 -8.646 -8.406 -8.221 -8.139 -8.645 -8.794 -8.533 -7.593 -7.114 -6.539 -8.676
0.02899 -8.622 -8.786 -8.903 -9.058 -8.983 -8.813 -8.866 -9.053 -8.98 -8.805 -8.56 -8.238 -9.057 -8.933 -8.679 -8.441 -8.19 -8.925 -8.691 -8.453 -8.269 -8.187 -8.689 -8.837 -8.579 -7.643 -7.165 -6.592 -8.72
0.029867 -8.64 -8.808 -8.929 -9.093 -9.023 -8.856 -8.896 -9.089 -9.02 -8.848 -8.606 -8.286 -9.093 -8.974 -8.724 -8.488 -8.239 -8.966 -8.736 -8.5 -8.316 -8.235 -8.733 -8.879 -8.625 -7.693 -7.217 -6.644 -8.764
0.03077 -8.656 -8.829 -8.955 -9.127 -9.063 -8.899 -8.926 -9.125 -9.06 -8.892 -8.652 -8.334 -9.128 -9.015 -8.769 -8.534 -8.287 -9.007 -8.781 -8.546 -8.364 -8.282 -8.777 -8.922 -8.671 -7.744 -7.268 -6.696 -8.807
0.031701 -8.673 -8.849 -8.98 -9.162 -9.102 -8.942 -8.955 -9.16 -9.099 -8.935 -8.698 -8.382 -9.163 -9.056 -8.814 -8.581 -8.335 -9.048 -8.825 -8.593 -8.411 -8.329 -8.821 -8.964 -8.716 -7.794 -7.32 -6.749 -8.85
0.032659 -8.688 -8.869 -9.005 -9.196 -9.141 -8.985 -8.985 -9.195 -9.138 -8.978 -8.743 -8.43 -9.198 -9.096 -8.858 -8.628 -8.383 -9.089 -8.869 -8.639 -8.459 -8.377 -8.865 -9.006 -8.761 -7.844 -7.371 -6.801 -8.893
0.033647 -8.704 -8.889 -9.03 -9.23 -9.18 -9.028 -9.014 -9.23 -9.177 -9.02 -8.788 -8.477 -9.233 -9.137 -8.903 -8.674 -8.431 -9.13 -8.914 -8.686 -8.506 -8.424 -8.908 -9.048 -8.807 -7.894 -7.422 -6.853 -8.936
0.034665 -8.719 -8.908 -9.054 -9.264 -9.219 -9.07 -9.043 -9.265 -9.216 -9.063 -8.834 -8.525 -9.267 -9.177 -8.947 -8.72 -8.479 -9.17 -8.958 -8.732 -8.553 -8.471 -8.952 -9.09 -8.852 -7.944 -7.473 -6.905 -8.978
0.035713 -8.733 -8.927 -9.078 -9.297 -9.258 -9.113 -9.071 -9.299 -9.255 -9.105 -8.879 -8.572 -9.301 -9.216 -8.991 -8.767 -8.527 -9.211 -9.002 -8.778 -8.6 -8.518 -8.995 -9.132 -8.897 -7.994 -7.524 -6.957 -9.021
0.036793 -8.747 -8.945 -9.101 -9.33 -9.296 -9.155 -9.099 -9.333 -9.293 -9.148 -8.924 -8.62 -9.335 -9.256 -9.035 -8.813 -8.575 -9.251 -9.046 -8.824 -8.648 -8.565 -9.038 -9.173 -8.941 -8.044 -7.576 -7.009 -9.063
0.037906 -8.761 -8.963 -9.124 -9.363 -9.334 -9.197 -9.128 -9.367 -9.331 -9.19 -8.969 -8.667 -9.369 -9.296 -9.079 -8.859 -8.622 -9.291 -9.089 -8.869 -8.694 -8.612 -9.081 -9.214 -8.986 -8.094 -7.627 -7.061 -9.106
0.039052 -8.774 -8.981 -9.147 -9.396 -9.372 -9.239 -9.155 -9.4 -9.369 -9.232 -9.013 -8.714 -9.402 -9.335 -9.122 -8.905 -8.67 -9.33 -9.133 -8.915 -8.741 -8.659 -9.124 -9.255 -9.031 -8.144 -7.678 -7.113 -9.148
0.040234 -8.786 -8.997 -9.17 -9.428 -9.41 -9.281 -9.183 -9.433 -9.407 -9.274 -9.058 -8.761 -9.435 -9.374 -9.166 -8.95 -8.717 -9.37 -9.176 -8.961 -8.788 -8.706 -9.167 -9.296 -9.075 -8.193 -7.729 -7.165 -9.189
0.04145 -8.798 -9.014 -9.192 -9.46 -9.447 -9.322 -9.21 -9.466 -9.444 -9.315 -9.102 -8.808 -9.468 -9.413 -9.209 -8.996 -8.764 -9.409 -9.219 -9.006 -8.835 -8.753 -9.209 -9.337 -9.119 -8.243 -7.779 -7.217 -9.231
0.042704 -8.81 -9.03 -9.213 -9.491 -9.484 -9.363 -9.237 -9.499 -9.481 -9.357 -9.147 -8.855 -9.5 -9.451 -9.252 -9.042 -8.811 -9.448 -9.262 -9.052 -8.881 -8.799 -9.251 -9.378 -9.163 -8.292 -7.83 -7.269 -9.273
0.043996 -8.821 -9.045 -9.234 -9.523 -9.521 -9.405 -9.264 -9.531 -9.518 -9.398 -9.191 -8.901 -9.532 -9.49 -9.295 -9.087 -8.858 -9.487 -9.305 -9.097 -8.928 -8.846 -9.294 -9.418 -9.207 -8.342 -7.881 -7.321 -9.314
0.045326 -8.832 -9.06 -9.255 -9.554 -9.558 -9.446 -9.291 -9.563 -9.555 -9.439 -9.235 -8.948 -9.564 -9.528 -9.338 -9.132 -8.905 -9.526 -9.348 -9.142 -8.974 -8.893 -9.336 -9.458 -9.251 -8.391 -7.932 -7.373 -9.355
0.046697 -8.842 -9.075 -9.275 -9.584 -9.594 -9.486 -9.317 -9.595 -9.592 -9.48 -9.279 -8.995 -9.596 -9.566 -9.381 -9.177 -8.952 -9.564 -9.391 -9.187 -9.02 -8.939 -9.377 -9.498 -9.295 -8.441 -7.982 -7.424 -9.396
0.048109 -8.851 -9.089 -9.295 -9.615 -9.63 -9.527 -9.343 -9.626 -9.628 -9.52 -9.322 -9.041 -9.627 -9.604 -9.423 -9.222 -8.999 -9.603 -9.433 -9.232 -9.066 -8.985 -9.419 -9.538 -9.338 -8.49 -8.033 -7.476 -9.437
0.049564 -8.861 -9.102 -9.315 -9.645 -9.666 -9.567 -9.369 -9.657 -9.664 -9.561 -9.366 -9.087 -9.658 -9.641 -9.466 -9.267 -9.046 -9.641 -9.475 -9.277 -9.113 -9.032 -9.461 -9.577 -9.382 -8.539 -8.083 -7.528 -9.478
0.051063 -8.869 -9.115 -9.334 -9.675 -9.702 -9.608 -9.394 -9.688 -9.7 -9.601 -9.41 -9.133 -9.688 -9.679 -9.508 -9.312 -9.092 -9.679 -9.517 -9.321 -9.158 -9.078 -9.502 -9.617 -9.425 -8.588 -8.134 -7.579 -9.519
0.052608 -8.877 -9.128 -9.352 -9.704 -9.738 -9.648 -9.42 -9.719 -9.735 -9.641 -9.453 -9.179 -9.719 -9.716 -9.55 -9.357 -9.139 -9.716 -9.559 -9.366 -9.204 -9.124 -9.543 -9.656 -9.468 -8.637 -8.184 -7.631 -9.559
0.054199 -8.885 -9.139 -9.371 -9.733 -9.773 -9.687 -9.445 -9.749 -9.77 -9.681 -9.496 -9.225 -9.749 -9.753 -9.592 -9.401 -9.185 -9.754 -9.601 -9.41 -9.25 -9.17 -9.584 -9.695 -9.511 -8.686 -8.235 -7.682 -9.599
0.055838 -8.892 -9.151 -9.388 -9.762 -9.808 -9.727 -9.469 -9.779 -9.805 -9.721 -9.539 -9.271 -9.778 -9.789 -9.634 -9.445 -9.231 -9.791 -9.643 -9.454 -9.296 -9.216 -9.625 -9.734 -9.554 -8.735 -8.285 -7.734 -9.639
0.057527 -8.898 -9.162 -9.406 -9.79 -9.842 -9.767 -9.494 -9.808 -9.84 -9.76 -9.582 -9.317 -9.808 -9.826 -9.675 -9.49 -9.277 -9.828 -9.684 -9.498 -9.341 -9.262 -9.666 -9.772 -9.597 -8.784 -8.335 -7.785 -9.679
0.059267 -8.904 -9.172 -9.423 -9.818 -9.877 -9.806 -9.518 -9.837 -9.875 -9.8 -9.624 -9.362 -9.836 -9.862 -9.717 -9.534 -9.323 -9.865 -9.726 -9.542 -9.386 -9.308 -9.706 -9.811 -9.639 -8.832 -8.385 -7.837 -9.719
0.061059 -8.91 -9.182 -9.439 -9.846 -9.911 -9.845 -9.542 -9.866 -9.909 -9.839 -9.667 -9.408 -9.865 -9.898 -9.758 -9.577 -9.369 -9.901 -9.767 -9.586 -9.432 -9.353 -9.747 -9.849 -9.681 -8.881 -8.435 -7.888 -9.758
0.062906 -8.915 -9.191 -9.455 -9.873 -9.945 -9.884 -9.566 -9.895 -9.943 -9.878 -9.709 -9.453 -9.893 -9.933 -9.799 -9.621 -9.415 -9.937 -9.808 -9.63 -9.477 -9.399 -9.787 -9.887 -9.723 -8.93 -8.486 -7.939 -9.797
0.064808 -8.919 -9.199 -9.471 -9.9 -9.979 -9.922 -9.589 -9.923 -9.976 -9.916 -9.752 -9.498 -9.921 -9.969 -9.84 -9.665 -9.461 -9.973 -9.848 -9.673 -9.522 -9.444 -9.827 -9.924 -9.765 -8.978 -8.535 -7.99 -9.836
0.066769 -8.923 -9.207 -9.486 -9.927 -10.012 -9.961 -9.612 -9.951 -10.01 -9.955 -9.794 -9.544 -9.949 -10.004 -9.88 -9.708 -9.506 -10.009 -9.889 -9.717 -9.567 -9.49 -9.866 -9.962 -9.807 -9.026 -8.585 -8.042 -9.875
0.068788 -8.926 -9.215 -9.5 -9.953 -10.045 -9.999 -9.635 -9.978 -10.043 -9.993 -9.835 -9.588 -9.976 -10.039 -9.921 -9.752 -9.551 -10.045 -9.929 -9.76 -9.612 -9.535 -9.906 -9.999 -9.849 -9.075 -8.635 -8.093 -9.914
0.070868 -8.929 -9.222 -9.514 -9.979 -10.078 -10.037 -9.658 -10.005 -10.076 -10.031 -9.877 -9.633 -10.003 -10.073 -9.961 -9.795 -9.597 -10.08 -9.969 -9.803 -9.656 -9.58 -9.945 -10.036 -9.89 -9.123 -8.685 -8.144 -9.953
0.073012 -8.931 -9.228 -9.528 -10.004 -10.11 -10.074 -9.68 -10.032 -10.108 -10.069 -9.919 -9.678 -10.029 -10.107 -10.001 -9.838 -9.642 -10.115 -10.009 -9.846 -9.701 -9.625 -9.984 -10.073 -9.932 -9.171 -8.735 -8.195 -9.991
0.07522 -8.932 -9.234 -9.541 -10.03 -10.142 -10.112 -9.702 -10.058 -10.14 -10.107 -9.96 -9.723 -10.055 -10.142 -10.041 -9.881 -9.687 -10.15 -10.049 -9.889 -9.745 -9.67 -10.023 -10.109 -9.973 -9.219 -8.784 -8.246 -10.029
0.077495 -8.933 -9.239 -9.554 -10.054 -10.174 -10.149 -9.724 -10.084 -10.172 -10.144 -10.001 -9.767 -10.081 -10.175 -10.081 -9.923 -9.732 -10.184 -10.089 -9.931 -9.79 -9.715 -10.062 -10.146 -10.014 -9.267 -8.834 -8.297 -10.067
0.079839 -8.934 -9.243 -9.566 -10.079 -10.206 -10.186 -9.745 -10.11 -10.204 -10.181 -10.042 -9.811 -10.106 -10.209 -10.12 -9.966 -9.776 -10.218 -10.128 -9.974 -9.834 -9.76 -10.101 -10.182 -10.054 -9.315 -8.884 -8.348 -10.105
0.082253 -8.933 -9.247 -9.577 -10.103 -10.237 -10.223 -9.766 -10.135 -10.235 -10.218 -10.083 -9.855 -10.131 -10.242 -10.159 -10.008 -9.821 -10.252 -10.167 -10.016 -9.878 -9.805 -10.139 -10.218 -10.095 -9.363 -8.933 -8.398 -10.142
0.084741 -8.933 -9.25 -9.588 -10.126 -10.268 -10.259 -9.787 -10.16 -10.266 -10.255 -10.124 -9.899 -10.156 -10.275 -10.198 -10.051 -9.866 -10.286 -10.206 -10.058 -9.922 -9.849 -10.177 -10.253 -10.135 -9.41 -8.982 -8.449 -10.179
0.087304 -8.931 -9.253 -9.599 -10.149 -10.299 -10.296 -9.808 -10.184 -10.297 -10.291 -10.164 -9.943 -10.18 -10.308 -10.237 -10.093 -9.91 -10.319 -10.245 -10.1 -9.966 -9.894 -10.215 -10.289 -10.176 -9.458 -9.032 -8.5 -10.216
0.089944 -8.929 -9.255 -9.609 -10.172 -10.329 -10.332 -9.828 -10.208 -10.327 -10.327 -10.204 -9.987 -10.204 -10.34 -10.276 -10.135 -9.954 -10.353 -10.284 -10.142 -10.009 -9.938 -10.253 -10.324 -10.216 -9.505 -9.081 -8.55 -10.253
