web/models/kne/11/villar_0.0630_0.3277_10.0000.dat
# %ECSV 1.0
# ---
# datatype:
# - {name: time, datatype: float64}
# - {name: swift_uvot_uvw2, datatype: float64}
# - {name: swift_uvot_uvm2, datatype: float64}
# - {name: swift_uvot_uvw1, datatype: float64}
# - {name: swift_uvot_U, datatype: float64}
# - {name: swift_uvot_B, datatype: float64}
# - {name: swift_uvot_V, datatype: float64}
# - {name: swift_uvot_W, datatype: float64}
# - {name: johnson_U, datatype: float64}
# - {name: johnson_B, datatype: float64}
# - {name: johnson_V, datatype: float64}
# - {name: johnson_R, datatype: float64}
# - {name: johnson_I, datatype: float64}
# - {name: sdss_u, datatype: float64}
# - {name: sdss_g, datatype: float64}
# - {name: sdss_r, datatype: float64}
# - {name: sdss_i, datatype: float64}
# - {name: sdss_z, datatype: float64}
# - {name: PS1_g, datatype: float64}
# - {name: PS1_r, datatype: float64}
# - {name: PS1_i, datatype: float64}
# - {name: PS1_z, datatype: float64}
# - {name: PS1_Y, datatype: float64}
# - {name: PS1_w, datatype: float64}
# - {name: ATLAS_c, datatype: float64}
# - {name: ATLAS_o, datatype: float64}
# - {name: ukirt_J, datatype: float64}
# - {name: ukirt_H, datatype: float64}
# - {name: ukirt_K, datatype: float64}
# - {name: Clear, datatype: float64}
# meta: !!omap
# - comment: [kappa = 10.0, type = villar, mass = 0.06299605249512866, velocity = 0.32766666666666666, theta_obs = 0.0]
# schema: astropy-2.0
time swift_uvot_uvw2 swift_uvot_uvm2 swift_uvot_uvw1 swift_uvot_U swift_uvot_B swift_uvot_V swift_uvot_W johnson_U johnson_B johnson_V johnson_R johnson_I sdss_u sdss_g sdss_r sdss_i sdss_z PS1_g PS1_r PS1_i PS1_z PS1_Y PS1_w ATLAS_c ATLAS_o ukirt_J ukirt_H ukirt_K Clear
[from data line 147]
0.079839 -11.174 -11.494 -11.836 -12.38 -12.525 -12.52 -12.04 -12.414 -12.524 -12.515 -12.386 -12.163 -12.41 -12.533 -12.46 -12.313 -12.13 -12.545 -12.468 -12.321 -12.186 -12.113 -12.438 -12.513 -12.397 -11.676 -11.249 -10.716 -12.44
0.082253 -11.173 -11.497 -11.847 -12.403 -12.556 -12.556 -12.06 -12.439 -12.555 -12.551 -12.426 -12.207 -12.434 -12.566 -12.499 -12.356 -12.174 -12.578 -12.507 -12.364 -12.229 -12.158 -12.476 -12.548 -12.438 -11.724 -11.298 -10.767 -12.477
0.084741 -11.172 -11.499 -11.857 -12.426 -12.587 -12.592 -12.081 -12.463 -12.585 -12.588 -12.467 -12.251 -12.458 -12.599 -12.538 -12.398 -12.218 -12.612 -12.546 -12.406 -12.273 -12.202 -12.514 -12.584 -12.478 -11.771 -11.348 -10.818 -12.514
0.087304 -11.17 -11.501 -11.867 -12.449 -12.617 -12.628 -12.101 -12.487 -12.616 -12.624 -12.507 -12.295 -12.482 -12.631 -12.576 -12.44 -12.263 -12.645 -12.584 -12.447 -12.317 -12.247 -12.552 -12.619 -12.518 -11.819 -11.397 -10.869 -12.551
0.089944 -11.167 -11.502 -11.877 -12.471 -12.647 -12.664 -12.122 -12.51 -12.646 -12.66 -12.547 -12.339 -12.505 -12.663 -12.615 -12.481 -12.307 -12.678 -12.622 -12.489 -12.36 -12.291 -12.589 -12.653 -12.558 -11.866 -11.446 -10.919 -12.588
0.092665 -11.164 -11.502 -11.886 -12.492 -12.676 -12.7 -12.141 -12.533 -12.675 -12.695 -12.587 -12.382 -12.528 -12.695 -12.653 -12.523 -12.351 -12.71 -12.661 -12.531 -12.404 -12.335 -12.627 -12.688 -12.597 -11.914 -11.495 -10.97 -12.624
0.095467 -11.16 -11.502 -11.894 -12.514 -12.706 -12.735 -12.161 -12.556 -12.705 -12.731 -12.627 -12.425 -12.55 -12.726 -12.691 -12.564 -12.395 -12.742 -12.699 -12.572 -12.447 -12.379 -12.664 -12.722 -12.637 -11.961 -11.544 -11.02 -12.66
0.098355 -11.155 -11.501 -11.902 -12.535 -12.735 -12.77 -12.18 -12.578 -12.734 -12.766 -12.666 -12.468 -12.572 -12.757 -12.729 -12.606 -12.438 -12.774 -12.736 -12.613 -12.49 -12.423 -12.701 -12.756 -12.676 -12.008 -11.593 -11.071 -12.696
0.101329 -11.15 -11.499 -11.909 -12.555 -12.763 -12.805 -12.199 -12.6 -12.762 -12.801 -12.705 -12.512 -12.594 -12.788 -12.766 -12.647 -12.482 -12.806 -12.774 -12.654 -12.533 -12.467 -12.737 -12.79 -12.715 -12.055 -11.642 -11.121 -12.732
0.104394 -11.145 -11.497 -11.916 -12.575 -12.791 -12.839 -12.218 -12.622 -12.791 -12.836 -12.745 -12.554 -12.615 -12.819 -12.803 -12.687 -12.525 -12.837 -12.811 -12.695 -12.576 -12.511 -12.774 -12.824 -12.754 -12.102 -11.691 -11.172 -12.768
0.107551 -11.139 -11.494 -11.922 -12.595 -12.819 -12.873 -12.236 -12.643 -12.819 -12.87 -12.783 -12.597 -12.636 -12.849 -12.841 -12.728 -12.568 -12.869 -12.848 -12.736 -12.619 -12.555 -12.81 -12.857 -12.792 -12.149 -11.74 -11.222 -12.803
0.110804 -11.132 -11.491 -11.928 -12.614 -12.847 -12.907 -12.255 -12.663 -12.846 -12.904 -12.822 -12.64 -12.656 -12.879 -12.877 -12.769 -12.612 -12.899 -12.885 -12.776 -12.661 -12.598 -12.846 -12.89 -12.831 -12.196 -11.789 -11.273 -12.838
0.114155 -11.124 -11.486 -11.933 -12.632 -12.874 -12.941 -12.272 -12.684 -12.874 -12.938 -12.861 -12.682 -12.676 -12.908 -12.914 -12.809 -12.655 -12.93 -12.922 -12.817 -12.704 -12.641 -12.882 -12.923 -12.869 -12.243 -11.837 -11.323 -12.873
0.117608 -11.116 -11.481 -11.938 -12.651 -12.901 -12.974 -12.29 -12.703 -12.901 -12.971 -12.899 -12.724 -12.695 -12.938 -12.95 -12.849 -12.697 -12.96 -12.958 -12.857 -12.746 -12.685 -12.917 -12.955 -12.907 -12.289 -11.886 -11.373 -12.908
0.121165 -11.108 -11.476 -11.942 -12.668 -12.927 -13.008 -12.307 -12.723 -12.927 -13.005 -12.937 -12.767 -12.714 -12.966 -12.987 -12.889 -12.74 -12.99 -12.994 -12.897 -12.788 -12.728 -12.953 -12.987 -12.945 -12.336 -11.935 -11.423 -12.942
0.124829 -11.098 -11.469 -11.945 -12.686 -12.954 -13.04 -12.324 -12.741 -12.953 -13.038 -12.975 -12.808 -12.732 -12.995 -13.023 -12.929 -12.782 -13.019 -13.03 -12.936 -12.83 -12.771 -12.988 -13.019 -12.982 -12.382 -11.983 -11.473 -12.976
0.128605 -11.089 -11.462 -11.948 -12.702 -12.979 -13.073 -12.341 -12.76 -12.979 -13.07 -13.013 -12.85 -12.75 -13.023 -13.058 -12.968 -12.825 -13.049 -13.066 -12.976 -12.872 -12.814 -13.023 -13.05 -13.02 -12.428 -12.031 -11.523 -13.01
0.132494 -11.078 -11.454 -11.95 -12.719 -13.005 -13.105 -12.357 -12.778 -13.005 -13.103 -13.05 -12.892 -12.768 -13.051 -13.094 -13.008 -12.867 -13.077 -13.101 -13.015 -12.913 -12.856 -13.057 -13.082 -13.057 -12.474 -12.08 -11.573 -13.044
0.136502 -11.067 -11.446 -11.952 -12.734 -13.03 -13.137 -12.373 -12.795 -13.03 -13.135 -13.087 -12.933 -12.785 -13.079 -13.129 -13.047 -12.909 -13.106 -13.136 -13.054 -12.955 -12.899 -13.092 -13.113 -13.094 -12.52 -12.128 -11.623 -13.077
0.14063 -11.055 -11.436 -11.953 -12.75 -13.054 -13.169 -12.389 -12.812 -13.055 -13.167 -13.124 -12.975 -12.801 -13.106 -13.164 -13.086 -12.951 -13.134 -13.171 -13.093 -12.996 -12.941 -13.126 -13.143 -13.13 -12.566 -12.176 -11.673 -13.111
0.144883 -11.043 -11.426 -11.954 -12.765 -13.079 -13.2 -12.404 -12.829 -13.079 -13.198 -13.161 -13.016 -12.817 -13.133 -13.198 -13.125 -12.993 -13.162 -13.206 -13.132 -13.037 -12.984 -13.16 -13.174 -13.167 -12.612 -12.224 -11.723 -13.144
0.149265 -11.03 -11.415 -11.954 -12.779 -13.102 -13.231 -12.42 -12.845 -13.103 -13.23 -13.197 -13.057 -12.833 -13.159 -13.233 -13.163 -13.034 -13.19 -13.24 -13.171 -13.078 -13.026 -13.193 -13.204 -13.203 -12.658 -12.272 -11.773 -13.176
0.15378 -11.017 -11.404 -11.953 -12.793 -13.126 -13.262 -12.434 -12.86 -13.126 -13.261 -13.234 -13.097 -12.848 -13.185 -13.267 -13.201 -13.075 -13.217 -13.275 -13.209 -13.119 -13.068 -13.226 -13.233 -13.239 -12.703 -12.32 -11.822 -13.209
0.15843 -11.002 -11.391 -11.951 -12.806 -13.149 -13.293 -12.449 -12.875 -13.15 -13.291 -13.27 -13.138 -12.862 -13.211 -13.301 -13.24 -13.117 -13.244 -13.308 -13.247 -13.159 -13.11 -13.259 -13.263 -13.275 -12.749 -12.367 -11.872 -13.241
0.163222 -10.988 -11.378 -11.949 -12.819 -13.171 -13.323 -12.463 -12.89 -13.172 -13.322 -13.306 -13.178 -12.876 -13.236 -13.334 -13.277 -13.158 -13.27 -13.342 -13.285 -13.2 -13.151 -13.292 -13.292 -13.31 -12.794 -12.415 -11.921 -13.273
0.168159 -10.972 -11.364 -11.947 -12.831 -13.194 -13.352 -12.477 -12.903 -13.195 -13.351 -13.341 -13.218 -12.89 -13.261 -13.368 -13.315 -13.198 -13.296 -13.375 -13.323 -13.24 -13.193 -13.325 -13.32 -13.345 -12.839 -12.463 -11.971 -13.305
0.173245 -10.956 -11.349 -11.944 -12.842 -13.215 -13.382 -12.49 -12.917 -13.216 -13.381 -13.376 -13.258 -12.903 -13.286 -13.401 -13.352 -13.239 -13.322 -13.408 -13.36 -13.28 -13.234 -13.357 -13.349 -13.38 -12.885 -12.51 -12.02 -13.336
0.178484 -10.94 -11.333 -11.94 -12.854 -13.237 -13.411 -12.504 -12.93 -13.238 -13.41 -13.411 -13.298 -12.915 -13.31 -13.433 -13.39 -13.279 -13.347 -13.441 -13.398 -13.32 -13.275 -13.389 -13.377 -13.415 -12.93 -12.558 -12.069 -13.367
0.183882 -10.922 -11.317 -11.935 -12.864 -13.257 -13.44 -12.517 -12.942 -13.259 -13.439 -13.446 -13.338 -12.927 -13.334 -13.466 -13.427 -13.32 -13.372 -13.474 -13.435 -13.36 -13.317 -13.421 -13.405 -13.449 -12.974 -12.605 -12.119 -13.398
0.189444 -10.904 -11.299 -11.93 -12.874 -13.278 -13.468 -12.529 -12.954 -13.279 -13.468 -13.481 -13.377 -12.938 -13.357 -13.498 -13.463 -13.36 -13.397 -13.506 -13.471 -13.399 -13.357 -13.452 -13.432 -13.483 -13.019 -12.652 -12.168 -13.429
0.195173 -10.886 -11.281 -11.924 -12.883 -13.298 -13.496 -12.541 -12.965 -13.3 -13.496 -13.515 -13.416 -12.949 -13.38 -13.53 -13.5 -13.4 -13.421 -13.538 -13.508 -13.438 -13.398 -13.483 -13.459 -13.517 -13.064 -12.699 -12.217 -13.459
0.201076 -10.867 -11.262 -11.917 -12.892 -13.317 -13.524 -12.553 -12.976 -13.319 -13.524 -13.549 -13.455 -12.959 -13.403 -13.561 -13.536 -13.439 -13.445 -13.569 -13.544 -13.477 -13.439 -13.514 -13.486 -13.551 -13.108 -12.746 -12.266 -13.489
0.207158 -10.847 -11.242 -11.91 -12.9 -13.336 -13.551 -12.565 -12.986 -13.338 -13.552 -13.583 -13.494 -12.969 -13.425 -13.592 -13.572 -13.479 -13.468 -13.6 -13.58 -13.516 -13.479 -13.545 -13.512 -13.584 -13.152 -12.793 -12.315 -13.519
0.213423 -10.827 -11.221 -11.902 -12.908 -13.355 -13.578 -12.576 -12.995 -13.357 -13.579 -13.616 -13.533 -12.978 -13.447 -13.623 -13.608 -13.518 -13.491 -13.631 -13.616 -13.555 -13.519 -13.575 -13.538 -13.617 -13.197 -12.84 -12.364 -13.548
0.219878 -10.806 -11.199 -11.893 -12.915 -13.373 -13.605 -12.587 -13.004 -13.375 -13.606 -13.649 -13.571 -12.986 -13.468 -13.654 -13.643 -13.557 -13.514 -13.662 -13.652 -13.593 -13.559 -13.605 -13.563 -13.65 -13.241 -12.886 -12.413 -13.577
0.226528 -10.784 -11.176 -11.884 -12.921 -13.391 -13.631 -12.597 -13.013 -13.393 -13.632 -13.682 -13.609 -12.994 -13.489 -13.684 -13.678 -13.596 -13.536 -13.692 -13.687 -13.631 -13.599 -13.634 -13.588 -13.682 -13.285 -12.933 -12.461 -13.606
0.233379 -10.762 -11.152 -11.874 -12.927 -13.408 -13.657 -12.607 -13.02 -13.411 -13.658 -13.714 -13.647 -13.001 -13.509 -13.714 -13.713 -13.634 -13.557 -13.722 -13.722 -13.669 -13.639 -13.664 -13.613 -13.715 -13.328 -12.98 -12.51 -13.634
0.240437 -10.74 -11.128 -11.863 -12.932 -13.424 -13.682 -12.617 -13.027 -13.427 -13.684 -13.747 -13.685 -13.007 -13.529 -13.743 -13.748 -13.673 -13.579 -13.752 -13.757 -13.707 -13.678 -13.692 -13.638 -13.746 -13.372 -13.026 -12.559 -13.663
0.247709 -10.716 -11.102 -11.852 -12.936 -13.44 -13.707 -12.626 -13.034 -13.444 -13.709 -13.779 -13.722 -13.013 -13.548 -13.772 -13.782 -13.711 -13.599 -13.781 -13.791 -13.745 -13.717 -13.721 -13.662 -13.778 -13.415 -13.072 -12.607 -13.691
0.255201 -10.693 -11.076 -11.839 -12.94 -13.456 -13.732 -12.635 -13.04 -13.459 -13.734 -13.81 -13.759 -13.018 -13.567 -13.801 -13.817 -13.749 -13.62 -13.81 -13.826 -13.782 -13.756 -13.749 -13.685 -13.809 -13.459 -13.118 -12.656 -13.718
0.262919 -10.668 -11.048 -11.826 -12.943 -13.471 -13.756 -12.644 -13.045 -13.475 -13.758 -13.842 -13.796 -13.023 -13.586 -13.83 -13.85 -13.786 -13.64 -13.839 -13.859 -13.819 -13.795 -13.777 -13.708 -13.84 -13.502 -13.164 -12.704 -13.745
0.270871 -10.643 -11.019 -11.812 -12.946 -13.485 -13.78 -12.652 -13.049 -13.489 -13.782 -13.873 -13.833 -13.027 -13.604 -13.858 -13.884 -13.824 -13.659 -13.867 -13.893 -13.856 -13.834 -13.805 -13.731 -13.871 -13.545 -13.21 -12.752 -13.772
0.279064 -10.618 -10.99 -11.798 -12.947 -13.499 -13.803 -12.66 -13.053 -13.503 -13.806 -13.903 -13.87 -13.03 -13.621 -13.886 -13.917 -13.861 -13.678 -13.895 -13.926 -13.892 -13.872 -13.832 -13.753 -13.901 -13.588 -13.256 -12.8 -13.799
0.287504 -10.592 -10.959 -11.782 -12.948 -13.513 -13.826 -12.667 -13.056 -13.517 -13.829 -13.934 -13.906 -13.032 -13.638 -13.913 -13.95 -13.898 -13.697 -13.922 -13.96 -13.929 -13.911 -13.859 -13.775 -13.931 -13.63 -13.302 -12.848 -13.825
0.296199 -10.566 -10.928 -11.766 -12.948 -13.525 -13.848 -12.674 -13.059 -13.53 -13.852 -13.964 -13.942 -13.034 -13.655 -13.94 -13.983 -13.935 -13.715 -13.949 -13.992 -13.965 -13.949 -13.886 -13.797 -13.96 -13.673 -13.347 -12.896 -13.851
0.305157 -10.539 -10.895 -11.749 -12.948 -13.538 -13.87 -12.681 -13.061 -13.543 -13.874 -13.993 -13.978 -13.035 -13.67 -13.966 -14.015 -13.971 -13.732 -13.976 -14.025 -14.0 -13.986 -13.912 -13.817 -13.989 -13.715 -13.393 -12.944 -13.877
0.314387 -10.511 -10.861 -11.732 -12.947 -13.549 -13.892 -12.687 -13.062 -13.555 -13.896 -14.023 -14.013 -13.035 -13.686 -13.993 -14.047 -14.008 -13.749 -14.002 -14.057 -14.036 -14.024 -13.938 -13.838 -14.018 -13.757 -13.438 -12.992 -13.902
0.323895 -10.484 -10.826 -11.713 -12.945 -13.56 -13.913 -12.693 -13.062 -13.566 -13.917 -14.052 -14.048 -13.035 -13.701 -14.018 -14.079 -14.044 -13.765 -14.028 -14.089 -14.071 -14.061 -13.963 -13.858 -14.047 -13.799 -13.483 -13.04 -13.927
0.333691 -10.456 -10.79 -11.694 -12.942 -13.571 -13.933 -12.698 -13.062 -13.577 -13.938 -14.08 -14.083 -13.034 -13.715 -14.044 -14.11 -14.079 -13.781 -14.054 -14.12 -14.106 -14.098 -13.989 -13.878 -14.075 -13.841 -13.528 -13.087 -13.952
0.343783 -10.427 -10.753 -11.673 -12.939 -13.581 -13.953 -12.703 -13.061 -13.587 -13.959 -14.108 -14.118 -13.032 -13.729 -14.069 -14.141 -14.115 -13.797 -14.079 -14.151 -14.141 -14.135 -14.013 -13.897 -14.103 -13.883 -13.573 -13.135 -13.976
0.354181 -10.398 -10.715 -11.652 -12.935 -13.59 -13.973 -12.708 -13.059 -13.596 -13.979 -14.136 -14.152 -13.029 -13.742 -14.093 -14.172 -14.15 -13.812 -14.103 -14.182 -14.175 -14.172 -14.038 -13.915 -14.13 -13.924 -13.618 -13.182 -14.0
0.364893 -10.369 -10.676 -11.63 -12.93 -13.599 -13.992 -12.712 -13.056 -13.605 -13.998 -14.164 -14.186 -13.026 -13.755 -14.117 -14.202 -14.185 -13.826 -14.128 -14.213 -14.21 -14.208 -14.062 -13.934 -14.157 -13.965 -13.662 -13.23 -14.023
0.375929 -10.339 -10.635 -11.608 -12.924 -13.607 -14.01 -12.715 -13.053 -13.613 -14.017 -14.191 -14.22 -13.022 -13.767 -14.141 -14.232 -14.219 -13.84 -14.151 -14.243 -14.243 -14.244 -14.085 -13.951 -14.184 -14.006 -13.707 -13.277 -14.046
0.387298 -10.309 -10.593 -11.584 -12.917 -13.614 -14.029 -12.718 -13.049 -13.621 -14.035 -14.218 -14.253 -13.017 -13.778 -14.164 -14.262 -14.253 -13.853 -14.175 -14.273 -14.277 -14.28 -14.108 -13.968 -14.21 -14.047 -13.751 -13.324 -14.069
0.399012 -10.279 -10.551 -11.559 -12.909 -13.62 -14.046 -12.721 -13.044 -13.628 -14.053 -14.244 -14.286 -13.011 -13.789 -14.187 -14.291 -14.287 -13.866 -14.198 -14.302 -14.31 -14.316 -14.131 -13.985 -14.236 -14.088 -13.795 -13.371 -14.091
0.41108 -10.249 -10.506 -11.534 -12.901 -13.626 -14.063 -12.723 -13.038 -13.634 -14.071 -14.27 -14.319 -13.004 -13.799 -14.209 -14.32 -14.321 -13.878 -14.22 -14.331 -14.343 -14.351 -14.153 -14.001 -14.261 -14.128 -13.839 -13.418 -14.113
0.423513 -10.219 -10.461 -11.508 -12.892 -13.632 -14.079 -12.725 -13.031 -13.64 -14.088 -14.295 -14.352 -12.996 -13.809 -14.231 -14.348 -14.354 -13.889 -14.242 -14.36 -14.376 -14.386 -14.175 -14.017 -14.286 -14.168 -13.883 -13.464 -14.134
0.436321 -10.188 -10.414 -11.48 -12.882 -13.636 -14.095 -12.726 -13.024 -13.645 -14.104 -14.32 -14.384 -12.988 -13.818 -14.252 -14.376 -14.387 -13.9 -14.264 -14.388 -14.408 -14.421 -14.196 -14.032 -14.31 -14.208 -13.927 -13.511 -14.156
0.449518 -10.157 -10.366 -11.452 -12.871 -13.64 -14.111 -12.727 -13.015 -13.649 -14.119 -14.345 -14.416 -12.979 -13.826 -14.273 -14.404 -14.42 -13.91 -14.285 -14.416 -14.44 -14.455 -14.217 -14.046 -14.335 -14.248 -13.97 -13.557 -14.176
0.463113 -10.127 -10.317 -11.423 -12.859 -13.643 -14.125 -12.727 -13.006 -13.652 -14.135 -14.369 -14.447 -12.968 -13.833 -14.293 -14.431 -14.453 -13.92 -14.305 -14.443 -14.472 -14.49 -14.238 -14.06 -14.358 -14.288 -14.014 -13.604 -14.196
0.47712 -10.096 -10.266 -11.393 -12.846 -13.646 -14.139 -12.727 -12.996 -13.655 -14.149 -14.393 -14.478 -12.957 -13.84 -14.313 -14.458 -14.485 -13.929 -14.325 -14.47 -14.503 -14.523 -14.258 -14.073 -14.381 -14.327 -14.057 -13.65 -14.216
0.49155 -10.066 -10.214 -11.362 -12.832 -13.647 -14.153 -12.726 -12.985 -13.657 -14.163 -14.416 -14.509 -12.945 -13.847 -14.333 -14.485 -14.516 -13.937 -14.345 -14.497 -14.534 -14.557 -14.277 -14.086 -14.404 -14.366 -14.1 -13.696 -14.236
0.506416 -10.036 -10.161 -11.33 -12.817 -13.648 -14.166 -12.725 -12.973 -13.658 -14.176 -14.439 -14.539 -12.932 -13.852 -14.351 -14.511 -14.548 -13.945 -14.364 -14.523 -14.564 -14.59 -14.297 -14.098 -14.426 -14.405 -14.143 -13.742 -14.255
0.521733 -10.005 -10.106 -11.297 -12.802 -13.648 -14.178 -12.723 -12.96 -13.659 -14.189 -14.461 -14.569 -12.918 -13.857 -14.37 -14.536 -14.579 -13.952 -14.382 -14.549 -14.594 -14.623 -14.315 -14.11 -14.448 -14.443 -14.185 -13.788 -14.273
0.537512 -9.976 -10.05 -11.263 -12.785 -13.647 -14.19 -12.72 -12.946 -13.659 -14.201 -14.483 -14.599 -12.903 -13.861 -14.387 -14.561 -14.609 -13.958 -14.4 -14.574 -14.624 -14.656 -14.333 -14.12 -14.469 -14.482 -14.228 -13.834 -14.291
0.553769 -9.946 -9.993 -11.228 -12.767 -13.646 -14.201 -12.717 -12.931 -13.658 -14.213 -14.505 -14.628 -12.887 -13.864 -14.404 -14.586 -14.639 -13.964 -14.418 -14.599 -14.654 -14.688 -14.351 -14.131 -14.49 -14.52 -14.27 -13.88 -14.309
