web/models/kne.last_good/kappa_1_10/6/villar_0.0775_0.3903_1.0000.dat
# %ECSV 1.0
# ---
# datatype:
# - {name: time, datatype: float64}
# - {name: swift_uvot_uvw2, datatype: float64}
# - {name: swift_uvot_uvm2, datatype: float64}
# - {name: swift_uvot_uvw1, datatype: float64}
# - {name: swift_uvot_U, datatype: float64}
# - {name: swift_uvot_B, datatype: float64}
# - {name: swift_uvot_V, datatype: float64}
# - {name: swift_uvot_W, datatype: float64}
# - {name: johnson_U, datatype: float64}
# - {name: johnson_B, datatype: float64}
# - {name: johnson_V, datatype: float64}
# - {name: johnson_R, datatype: float64}
# - {name: johnson_I, datatype: float64}
# - {name: sdss_u, datatype: float64}
# - {name: sdss_g, datatype: float64}
# - {name: sdss_r, datatype: float64}
# - {name: sdss_i, datatype: float64}
# - {name: sdss_z, datatype: float64}
# - {name: PS1_g, datatype: float64}
# - {name: PS1_r, datatype: float64}
# - {name: PS1_i, datatype: float64}
# - {name: PS1_z, datatype: float64}
# - {name: PS1_Y, datatype: float64}
# - {name: PS1_w, datatype: float64}
# - {name: ATLAS_c, datatype: float64}
# - {name: ATLAS_o, datatype: float64}
# - {name: ukirt_J, datatype: float64}
# - {name: ukirt_H, datatype: float64}
# - {name: ukirt_K, datatype: float64}
# - {name: Clear, datatype: float64}
# meta: !!omap
# - comment: [kappa = 1.0, type = villar, mass = 0.07749594937791414, velocity = 0.3903333333333333, theta_obs = 0.0]
# schema: astropy-2.0
time swift_uvot_uvw2 swift_uvot_uvm2 swift_uvot_uvw1 swift_uvot_U swift_uvot_B swift_uvot_V swift_uvot_W johnson_U johnson_B johnson_V johnson_R johnson_I sdss_u sdss_g sdss_r sdss_i sdss_z PS1_g PS1_r PS1_i PS1_z PS1_Y PS1_w ATLAS_c ATLAS_o ukirt_J ukirt_H ukirt_K Clear
[from data line 144]
0.073012 -13.05 -13.245 -13.398 -13.621 -13.584 -13.44 -13.393 -13.623 -13.581 -13.433 -13.207 -12.902 -13.626 -13.543 -13.319 -13.096 -12.856 -13.537 -13.33 -13.107 -12.93 -12.848 -13.323 -13.459 -13.225 -12.325 -11.855 -11.289 -13.349
0.07522 -13.062 -13.262 -13.421 -13.653 -13.621 -13.482 -13.421 -13.657 -13.618 -13.475 -13.252 -12.949 -13.659 -13.582 -13.362 -13.141 -12.904 -13.577 -13.373 -13.152 -12.976 -12.894 -13.365 -13.5 -13.269 -12.374 -11.906 -11.34 -13.39
0.077495 -13.075 -13.279 -13.443 -13.685 -13.659 -13.523 -13.448 -13.69 -13.656 -13.516 -13.296 -12.995 -13.692 -13.621 -13.406 -13.187 -12.951 -13.616 -13.416 -13.197 -13.023 -12.941 -13.408 -13.54 -13.314 -12.424 -11.957 -11.392 -13.432
0.079839 -13.086 -13.295 -13.464 -13.717 -13.696 -13.565 -13.475 -13.722 -13.693 -13.558 -13.34 -13.042 -13.724 -13.659 -13.449 -13.232 -12.998 -13.655 -13.459 -13.243 -13.069 -12.987 -13.45 -13.581 -13.358 -12.473 -12.008 -11.444 -13.473
0.082253 -13.097 -13.311 -13.485 -13.748 -13.733 -13.606 -13.501 -13.754 -13.73 -13.599 -13.384 -13.089 -13.756 -13.698 -13.492 -13.277 -13.045 -13.694 -13.502 -13.288 -13.116 -13.034 -13.492 -13.621 -13.401 -12.522 -12.058 -11.495 -13.515
0.084741 -13.108 -13.326 -13.506 -13.78 -13.769 -13.647 -13.528 -13.787 -13.767 -13.64 -13.428 -13.135 -13.788 -13.736 -13.534 -13.323 -13.092 -13.733 -13.545 -13.333 -13.162 -13.08 -13.534 -13.661 -13.445 -12.572 -12.109 -11.547 -13.556
0.087304 -13.118 -13.34 -13.527 -13.81 -13.806 -13.687 -13.554 -13.818 -13.803 -13.68 -13.472 -13.182 -13.82 -13.774 -13.577 -13.368 -13.138 -13.771 -13.587 -13.378 -13.208 -13.126 -13.576 -13.701 -13.489 -12.621 -12.159 -11.599 -13.597
0.089944 -13.128 -13.355 -13.547 -13.841 -13.842 -13.728 -13.58 -13.85 -13.839 -13.721 -13.516 -13.228 -13.851 -13.812 -13.62 -13.413 -13.185 -13.809 -13.63 -13.422 -13.254 -13.172 -13.617 -13.741 -13.532 -12.67 -12.21 -11.65 -13.638
0.092665 -13.137 -13.368 -13.566 -13.871 -13.878 -13.768 -13.605 -13.881 -13.875 -13.762 -13.559 -13.274 -13.882 -13.849 -13.662 -13.457 -13.232 -13.847 -13.672 -13.467 -13.3 -13.218 -13.659 -13.78 -13.576 -12.719 -12.26 -11.702 -13.678
0.095467 -13.146 -13.381 -13.585 -13.901 -13.914 -13.808 -13.631 -13.912 -13.911 -13.802 -13.603 -13.32 -13.912 -13.886 -13.704 -13.502 -13.278 -13.885 -13.714 -13.512 -13.346 -13.264 -13.7 -13.82 -13.619 -12.768 -12.31 -11.753 -13.719
0.098355 -13.154 -13.394 -13.604 -13.93 -13.949 -13.848 -13.656 -13.942 -13.947 -13.842 -13.646 -13.366 -13.943 -13.924 -13.746 -13.546 -13.324 -13.923 -13.756 -13.556 -13.391 -13.31 -13.741 -13.859 -13.662 -12.817 -12.36 -11.804 -13.759
0.101329 -13.162 -13.406 -13.622 -13.959 -13.984 -13.888 -13.681 -13.972 -13.982 -13.882 -13.689 -13.412 -13.973 -13.96 -13.788 -13.591 -13.37 -13.96 -13.797 -13.6 -13.437 -13.356 -13.782 -13.898 -13.705 -12.865 -12.411 -11.856 -13.799
0.104394 -13.169 -13.417 -13.64 -13.988 -14.019 -13.928 -13.705 -14.002 -14.017 -13.921 -13.732 -13.457 -14.002 -13.997 -13.83 -13.635 -13.417 -13.997 -13.839 -13.644 -13.482 -13.402 -13.823 -13.936 -13.747 -12.914 -12.461 -11.907 -13.839
0.107551 -13.175 -13.428 -13.658 -14.016 -14.054 -13.967 -13.729 -14.032 -14.052 -13.961 -13.775 -13.503 -14.032 -14.033 -13.871 -13.679 -13.463 -14.034 -13.88 -13.688 -13.528 -13.448 -13.864 -13.975 -13.79 -12.963 -12.511 -11.958 -13.879
0.110804 -13.181 -13.439 -13.675 -14.045 -14.089 -14.006 -13.753 -14.061 -14.086 -14.0 -13.817 -13.549 -14.061 -14.069 -13.912 -13.723 -13.508 -14.071 -13.921 -13.732 -13.573 -13.493 -13.904 -14.013 -13.832 -13.011 -12.561 -12.009 -13.918
0.114155 -13.187 -13.449 -13.691 -14.072 -14.123 -14.045 -13.777 -14.09 -14.12 -14.039 -13.86 -13.594 -14.089 -14.105 -13.953 -13.767 -13.554 -14.107 -13.962 -13.776 -13.618 -13.539 -13.944 -14.051 -13.874 -13.06 -12.611 -12.061 -13.958
0.117608 -13.192 -13.458 -13.707 -14.1 -14.157 -14.084 -13.801 -14.118 -14.154 -14.078 -13.902 -13.639 -14.118 -14.141 -13.994 -13.811 -13.6 -14.144 -14.003 -13.819 -13.663 -13.584 -13.984 -14.089 -13.917 -13.108 -12.661 -12.112 -13.997
0.121165 -13.196 -13.467 -13.723 -14.127 -14.19 -14.123 -13.824 -14.147 -14.188 -14.117 -13.944 -13.684 -14.146 -14.176 -14.035 -13.854 -13.645 -14.18 -14.044 -13.863 -13.708 -13.63 -14.024 -14.127 -13.958 -13.157 -12.711 -12.163 -14.036
0.124829 -13.2 -13.475 -13.738 -14.153 -14.224 -14.161 -13.847 -14.174 -14.221 -14.155 -13.986 -13.729 -14.173 -14.211 -14.076 -13.898 -13.691 -14.215 -14.084 -13.906 -13.753 -13.675 -14.064 -14.164 -14.0 -13.205 -12.76 -12.214 -14.075
0.128605 -13.203 -13.483 -13.752 -14.18 -14.257 -14.199 -13.869 -14.202 -14.254 -14.193 -14.028 -13.774 -14.2 -14.246 -14.116 -13.941 -13.736 -14.251 -14.125 -13.949 -13.798 -13.72 -14.103 -14.201 -14.042 -13.253 -12.81 -12.265 -14.113
0.132494 -13.206 -13.49 -13.767 -14.206 -14.289 -14.237 -13.892 -14.229 -14.287 -14.231 -14.069 -13.819 -14.227 -14.281 -14.156 -13.984 -13.781 -14.286 -14.165 -13.992 -13.842 -13.765 -14.143 -14.238 -14.083 -13.301 -12.86 -12.316 -14.152
0.136502 -13.208 -13.496 -13.78 -14.231 -14.322 -14.275 -13.914 -14.256 -14.32 -14.269 -14.111 -13.863 -14.254 -14.315 -14.196 -14.027 -13.826 -14.321 -14.205 -14.035 -13.887 -13.81 -14.182 -14.275 -14.124 -13.349 -12.909 -12.366 -14.19
0.14063 -13.209 -13.502 -13.793 -14.256 -14.354 -14.312 -13.935 -14.282 -14.352 -14.307 -14.152 -13.908 -14.28 -14.349 -14.236 -14.07 -13.871 -14.356 -14.245 -14.078 -13.931 -13.855 -14.221 -14.312 -14.165 -13.397 -12.959 -12.417 -14.228
0.144883 -13.21 -13.507 -13.806 -14.281 -14.386 -14.349 -13.957 -14.308 -14.384 -14.344 -14.193 -13.952 -14.306 -14.383 -14.276 -14.112 -13.916 -14.39 -14.284 -14.12 -13.975 -13.899 -14.259 -14.348 -14.206 -13.445 -13.008 -12.468 -14.266
0.149265 -13.211 -13.512 -13.818 -14.305 -14.417 -14.386 -13.978 -14.334 -14.416 -14.381 -14.234 -13.996 -14.331 -14.416 -14.315 -14.155 -13.96 -14.424 -14.323 -14.163 -14.019 -13.944 -14.298 -14.384 -14.247 -13.492 -13.058 -12.519 -14.303
0.15378 -13.21 -13.515 -13.83 -14.329 -14.449 -14.423 -13.999 -14.359 -14.447 -14.418 -14.275 -14.04 -14.356 -14.45 -14.354 -14.197 -14.005 -14.458 -14.363 -14.205 -14.063 -13.988 -14.336 -14.42 -14.287 -13.54 -13.107 -12.569 -14.341
0.15843 -13.209 -13.519 -13.841 -14.353 -14.48 -14.46 -14.02 -14.384 -14.478 -14.454 -14.315 -14.084 -14.38 -14.482 -14.393 -14.239 -14.049 -14.492 -14.401 -14.247 -14.107 -14.033 -14.374 -14.455 -14.328 -13.588 -13.156 -12.62 -14.378
0.163222 -13.208 -13.521 -13.851 -14.376 -14.51 -14.496 -14.04 -14.408 -14.508 -14.491 -14.356 -14.128 -14.405 -14.515 -14.432 -14.281 -14.093 -14.525 -14.44 -14.289 -14.15 -14.077 -14.412 -14.49 -14.368 -13.635 -13.205 -12.67 -14.415
0.168159 -13.206 -13.523 -13.861 -14.399 -14.54 -14.532 -14.06 -14.432 -14.539 -14.527 -14.396 -14.171 -14.428 -14.547 -14.471 -14.323 -14.138 -14.558 -14.479 -14.331 -14.194 -14.121 -14.449 -14.525 -14.408 -13.682 -13.254 -12.721 -14.452
0.173245 -13.203 -13.524 -13.871 -14.421 -14.57 -14.567 -14.079 -14.456 -14.569 -14.563 -14.436 -14.215 -14.452 -14.579 -14.509 -14.364 -14.181 -14.591 -14.517 -14.372 -14.237 -14.165 -14.487 -14.56 -14.447 -13.73 -13.303 -12.771 -14.488
0.178484 -13.2 -13.525 -13.88 -14.443 -14.6 -14.603 -14.099 -14.479 -14.598 -14.598 -14.475 -14.258 -14.474 -14.611 -14.547 -14.406 -14.225 -14.624 -14.555 -14.413 -14.28 -14.209 -14.524 -14.595 -14.487 -13.777 -13.352 -12.822 -14.524
0.183882 -13.196 -13.525 -13.888 -14.464 -14.629 -14.638 -14.118 -14.502 -14.628 -14.634 -14.515 -14.301 -14.497 -14.642 -14.585 -14.447 -14.269 -14.656 -14.593 -14.455 -14.323 -14.253 -14.561 -14.629 -14.526 -13.824 -13.401 -12.872 -14.56
0.189444 -13.191 -13.524 -13.896 -14.485 -14.658 -14.673 -14.137 -14.524 -14.657 -14.669 -14.554 -14.344 -14.519 -14.673 -14.622 -14.488 -14.312 -14.688 -14.63 -14.496 -14.366 -14.297 -14.598 -14.663 -14.565 -13.871 -13.45 -12.922 -14.596
0.195173 -13.185 -13.523 -13.903 -14.505 -14.686 -14.708 -14.155 -14.546 -14.685 -14.703 -14.593 -14.387 -14.54 -14.704 -14.66 -14.529 -14.356 -14.719 -14.668 -14.536 -14.409 -14.34 -14.634 -14.696 -14.604 -13.917 -13.498 -12.972 -14.632
0.201076 -13.179 -13.52 -13.91 -14.525 -14.715 -14.742 -14.173 -14.567 -14.713 -14.738 -14.632 -14.43 -14.561 -14.734 -14.697 -14.569 -14.399 -14.75 -14.705 -14.577 -14.452 -14.384 -14.67 -14.73 -14.642 -13.964 -13.547 -13.023 -14.667
0.207158 -13.173 -13.517 -13.916 -14.545 -14.742 -14.776 -14.191 -14.588 -14.741 -14.772 -14.671 -14.472 -14.582 -14.764 -14.734 -14.61 -14.442 -14.781 -14.742 -14.617 -14.494 -14.427 -14.706 -14.763 -14.681 -14.011 -13.595 -13.073 -14.702
0.213423 -13.165 -13.513 -13.921 -14.564 -14.77 -14.81 -14.208 -14.609 -14.769 -14.806 -14.709 -14.514 -14.602 -14.794 -14.77 -14.65 -14.485 -14.812 -14.778 -14.658 -14.536 -14.47 -14.742 -14.795 -14.719 -14.057 -13.644 -13.123 -14.737
0.219878 -13.157 -13.509 -13.926 -14.582 -14.797 -14.843 -14.225 -14.629 -14.796 -14.839 -14.748 -14.557 -14.622 -14.823 -14.807 -14.69 -14.527 -14.842 -14.815 -14.698 -14.578 -14.513 -14.777 -14.828 -14.757 -14.103 -13.692 -13.172 -14.771
0.226528 -13.148 -13.503 -13.93 -14.6 -14.823 -14.876 -14.242 -14.648 -14.822 -14.873 -14.786 -14.598 -14.641 -14.852 -14.843 -14.73 -14.57 -14.872 -14.851 -14.737 -14.62 -14.556 -14.813 -14.86 -14.795 -14.15 -13.74 -13.222 -14.806
0.233379 -13.139 -13.497 -13.933 -14.617 -14.849 -14.909 -14.258 -14.667 -14.849 -14.906 -14.823 -14.64 -14.659 -14.881 -14.879 -14.769 -14.612 -14.901 -14.886 -14.777 -14.662 -14.599 -14.848 -14.892 -14.832 -14.196 -13.789 -13.272 -14.84
0.240437 -13.129 -13.49 -13.936 -14.634 -14.875 -14.941 -14.274 -14.685 -14.875 -14.938 -14.861 -14.682 -14.677 -14.909 -14.914 -14.809 -14.654 -14.931 -14.922 -14.816 -14.703 -14.641 -14.882 -14.923 -14.869 -14.242 -13.837 -13.322 -14.873
0.247709 -13.118 -13.483 -13.938 -14.651 -14.901 -14.974 -14.29 -14.703 -14.9 -14.971 -14.898 -14.723 -14.695 -14.937 -14.95 -14.848 -14.696 -14.959 -14.957 -14.856 -14.745 -14.683 -14.917 -14.954 -14.906 -14.288 -13.884 -13.371 -14.907
0.255201 -13.106 -13.474 -13.94 -14.666 -14.925 -15.005 -14.305 -14.721 -14.925 -15.003 -14.935 -14.764 -14.712 -14.964 -14.984 -14.887 -14.738 -14.988 -14.992 -14.894 -14.786 -14.726 -14.951 -14.985 -14.943 -14.333 -13.932 -13.421 -14.94
0.262919 -13.094 -13.465 -13.941 -14.682 -14.95 -15.037 -14.32 -14.738 -14.95 -15.034 -14.972 -14.805 -14.728 -14.991 -15.019 -14.926 -14.779 -15.016 -15.027 -14.933 -14.827 -14.768 -14.984 -15.015 -14.979 -14.379 -13.98 -13.47 -14.973
0.270871 -13.08 -13.454 -13.941 -14.696 -14.974 -15.068 -14.335 -14.754 -14.974 -15.066 -15.008 -14.846 -14.744 -15.018 -15.054 -14.964 -14.821 -15.043 -15.061 -14.972 -14.868 -14.81 -15.018 -15.045 -15.015 -14.424 -14.028 -13.52 -15.005
0.279064 -13.066 -13.443 -13.94 -14.71 -14.997 -15.099 -14.349 -14.77 -14.997 -15.096 -15.044 -14.887 -14.759 -15.044 -15.088 -15.002 -14.862 -15.071 -15.095 -15.01 -14.908 -14.851 -15.051 -15.075 -15.051 -14.47 -14.075 -13.569 -15.038
0.287504 -13.052 -13.431 -13.939 -14.724 -15.021 -15.129 -14.363 -14.785 -15.021 -15.127 -15.08 -14.927 -14.774 -15.07 -15.121 -15.04 -14.903 -15.097 -15.129 -15.048 -14.948 -14.893 -15.084 -15.104 -15.087 -14.515 -14.123 -13.618 -15.07
0.296199 -13.036 -13.418 -13.937 -14.737 -15.043 -15.159 -14.376 -14.799 -15.043 -15.157 -15.116 -14.967 -14.788 -15.095 -15.155 -15.078 -14.943 -15.124 -15.162 -15.085 -14.988 -14.934 -15.117 -15.133 -15.122 -14.56 -14.17 -13.667 -15.101
0.305157 -13.02 -13.404 -13.934 -14.749 -15.065 -15.189 -14.389 -14.813 -15.066 -15.187 -15.151 -15.007 -14.802 -15.12 -15.188 -15.115 -14.984 -15.15 -15.196 -15.123 -15.028 -14.975 -15.149 -15.162 -15.157 -14.605 -14.217 -13.716 -15.133
0.314387 -13.003 -13.389 -13.93 -14.76 -15.087 -15.218 -14.401 -14.827 -15.087 -15.217 -15.186 -15.047 -14.815 -15.145 -15.221 -15.152 -15.024 -15.175 -15.228 -15.16 -15.068 -15.016 -15.181 -15.19 -15.191 -14.649 -14.264 -13.765 -15.164
0.323895 -12.985 -13.373 -13.926 -14.771 -15.108 -15.247 -14.413 -14.839 -15.109 -15.246 -15.221 -15.086 -14.827 -15.168 -15.253 -15.189 -15.064 -15.2 -15.261 -15.197 -15.107 -15.057 -15.212 -15.218 -15.226 -14.694 -14.311 -13.814 -15.194
0.333691 -12.966 -13.356 -13.921 -14.781 -15.129 -15.275 -14.425 -14.851 -15.129 -15.274 -15.255 -15.125 -14.838 -15.192 -15.285 -15.226 -15.104 -15.225 -15.293 -15.233 -15.147 -15.097 -15.243 -15.245 -15.26 -14.738 -14.358 -13.863 -15.225
0.343783 -12.947 -13.338 -13.915 -14.791 -15.149 -15.303 -14.436 -14.863 -15.149 -15.302 -15.289 -15.164 -14.849 -15.215 -15.317 -15.262 -15.144 -15.249 -15.325 -15.27 -15.186 -15.138 -15.274 -15.272 -15.293 -14.782 -14.404 -13.912 -15.255
0.354181 -12.926 -13.318 -13.908 -14.8 -15.168 -15.331 -14.447 -14.873 -15.169 -15.33 -15.323 -15.203 -14.86 -15.237 -15.348 -15.298 -15.183 -15.273 -15.356 -15.306 -15.224 -15.178 -15.305 -15.298 -15.327 -14.826 -14.451 -13.96 -15.284
0.364893 -12.905 -13.298 -13.9 -14.808 -15.187 -15.358 -14.457 -14.883 -15.188 -15.358 -15.356 -15.241 -14.869 -15.259 -15.379 -15.334 -15.222 -15.296 -15.387 -15.342 -15.263 -15.218 -15.335 -15.324 -15.36 -14.87 -14.497 -14.008 -15.313
0.375929 -12.883 -13.277 -13.891 -14.815 -15.205 -15.385 -14.467 -14.893 -15.207 -15.384 -15.389 -15.279 -14.878 -15.281 -15.409 -15.369 -15.261 -15.319 -15.417 -15.377 -15.301 -15.257 -15.365 -15.35 -15.392 -14.914 -14.544 -14.057 -15.342
0.387298 -12.86 -13.255 -13.882 -14.822 -15.223 -15.411 -14.476 -14.901 -15.224 -15.411 -15.422 -15.317 -14.886 -15.301 -15.44 -15.404 -15.299 -15.341 -15.448 -15.412 -15.339 -15.297 -15.394 -15.375 -15.425 -14.957 -14.59 -14.105 -15.371
0.399012 -12.836 -13.231 -13.872 -14.828 -15.24 -15.437 -14.485 -14.909 -15.242 -15.437 -15.454 -15.355 -14.893 -15.322 -15.469 -15.439 -15.338 -15.362 -15.477 -15.447 -15.376 -15.336 -15.423 -15.4 -15.457 -15.001 -14.636 -14.153 -15.399
0.41108 -12.811 -13.206 -13.86 -14.833 -15.256 -15.462 -14.493 -14.916 -15.258 -15.462 -15.486 -15.392 -14.899 -15.341 -15.499 -15.473 -15.376 -15.383 -15.507 -15.481 -15.414 -15.375 -15.452 -15.424 -15.488 -15.044 -14.681 -14.201 -15.427
0.423513 -12.786 -13.18 -13.848 -14.837 -15.272 -15.487 -14.501 -14.922 -15.274 -15.487 -15.517 -15.429 -14.905 -15.361 -15.527 -15.507 -15.413 -15.404 -15.536 -15.515 -15.451 -15.414 -15.48 -15.447 -15.519 -15.087 -14.727 -14.249 -15.454
0.436321 -12.759 -13.153 -13.834 -14.84 -15.287 -15.511 -14.508 -14.928 -15.29 -15.512 -15.549 -15.465 -14.91 -15.379 -15.556 -15.54 -15.451 -15.424 -15.564 -15.549 -15.487 -15.452 -15.507 -15.47 -15.55 -15.129 -14.773 -14.297 -15.481
0.449518 -12.732 -13.124 -13.82 -14.843 -15.302 -15.534 -14.515 -14.932 -15.304 -15.535 -15.579 -15.502 -14.914 -15.397 -15.584 -15.574 -15.488 -15.443 -15.592 -15.582 -15.524 -15.49 -15.535 -15.493 -15.58 -15.172 -14.818 -14.344 -15.507
0.463113 -12.703 -13.095 -13.805 -14.844 -15.316 -15.557 -14.521 -14.936 -15.318 -15.559 -15.61 -15.538 -14.917 -15.414 -15.611 -15.606 -15.524 -15.462 -15.619 -15.615 -15.56 -15.528 -15.561 -15.515 -15.61 -15.214 -14.863 -14.392 -15.533
0.47712 -12.674 -13.063 -13.788 -14.845 -15.329 -15.58 -14.527 -14.939 -15.332 -15.582 -15.639 -15.573 -14.919 -15.431 -15.638 -15.639 -15.561 -15.48 -15.646 -15.648 -15.596 -15.565 -15.588 -15.536 -15.639 -15.256 -14.908 -14.439 -15.558
0.49155 -12.643 -13.031 -13.771 -14.845 -15.341 -15.602 -14.531 -14.941 -15.344 -15.604 -15.669 -15.609 -14.921 -15.447 -15.664 -15.671 -15.597 -15.497 -15.673 -15.68 -15.631 -15.603 -15.613 -15.557 -15.668 -15.298 -14.953 -14.486 -15.583
0.506416 -12.612 -12.997 -13.752 -14.844 -15.353 -15.623 -14.536 -14.942 -15.356 -15.625 -15.698 -15.644 -14.921 -15.462 -15.69 -15.702 -15.632 -15.514 -15.699 -15.711 -15.666 -15.64 -15.639 -15.577 -15.697 -15.339 -14.997 -14.533 -15.608
0.521733 -12.58 -12.961 -13.732 -14.841 -15.363 -15.644 -14.539 -14.942 -15.367 -15.646 -15.726 -15.678 -14.92 -15.476 -15.716 -15.734 -15.668 -15.53 -15.724 -15.743 -15.701 -15.676 -15.663 -15.597 -15.725 -15.38 -15.042 -14.58 -15.632
