web/models/kne.last_good/kappa_1_10/6/villar_0.0953_0.1083_1.0000.dat
# %ECSV 1.0
# ---
# datatype:
# - {name: time, datatype: float64}
# - {name: swift_uvot_uvw2, datatype: float64}
# - {name: swift_uvot_uvm2, datatype: float64}
# - {name: swift_uvot_uvw1, datatype: float64}
# - {name: swift_uvot_U, datatype: float64}
# - {name: swift_uvot_B, datatype: float64}
# - {name: swift_uvot_V, datatype: float64}
# - {name: swift_uvot_W, datatype: float64}
# - {name: johnson_U, datatype: float64}
# - {name: johnson_B, datatype: float64}
# - {name: johnson_V, datatype: float64}
# - {name: johnson_R, datatype: float64}
# - {name: johnson_I, datatype: float64}
# - {name: sdss_u, datatype: float64}
# - {name: sdss_g, datatype: float64}
# - {name: sdss_r, datatype: float64}
# - {name: sdss_i, datatype: float64}
# - {name: sdss_z, datatype: float64}
# - {name: PS1_g, datatype: float64}
# - {name: PS1_r, datatype: float64}
# - {name: PS1_i, datatype: float64}
# - {name: PS1_z, datatype: float64}
# - {name: PS1_Y, datatype: float64}
# - {name: PS1_w, datatype: float64}
# - {name: ATLAS_c, datatype: float64}
# - {name: ATLAS_o, datatype: float64}
# - {name: ukirt_J, datatype: float64}
# - {name: ukirt_H, datatype: float64}
# - {name: ukirt_K, datatype: float64}
# - {name: Clear, datatype: float64}
# meta: !!omap
# - comment: [kappa = 1.0, type = villar, mass = 0.09533330950298248, velocity = 0.10833333333333334, theta_obs = 0.0]
# schema: astropy-2.0
time swift_uvot_uvw2 swift_uvot_uvm2 swift_uvot_uvw1 swift_uvot_U swift_uvot_B swift_uvot_V swift_uvot_W johnson_U johnson_B johnson_V johnson_R johnson_I sdss_u sdss_g sdss_r sdss_i sdss_z PS1_g PS1_r PS1_i PS1_z PS1_Y PS1_w ATLAS_c ATLAS_o ukirt_J ukirt_H ukirt_K Clear
[from data line 216]
0.623863 -13.78 -14.064 -14.342 -14.782 -14.867 -14.815 -14.468 -14.806 -14.865 -14.809 -14.648 -14.398 -14.804 -14.858 -14.735 -14.563 -14.36 -14.864 -14.743 -14.571 -14.421 -14.344 -14.721 -14.816 -14.662 -13.88 -13.439 -12.895 -14.73
0.642731 -13.779 -14.068 -14.353 -14.806 -14.898 -14.852 -14.488 -14.831 -14.896 -14.846 -14.688 -14.441 -14.829 -14.891 -14.774 -14.605 -14.404 -14.898 -14.782 -14.613 -14.465 -14.388 -14.759 -14.852 -14.702 -13.928 -13.488 -12.945 -14.767
0.66217 -13.778 -14.071 -14.364 -14.83 -14.929 -14.888 -14.508 -14.856 -14.927 -14.882 -14.729 -14.485 -14.853 -14.924 -14.812 -14.646 -14.448 -14.931 -14.821 -14.655 -14.508 -14.432 -14.797 -14.887 -14.742 -13.975 -13.537 -12.996 -14.804
0.682197 -13.776 -14.074 -14.374 -14.852 -14.959 -14.924 -14.527 -14.88 -14.957 -14.918 -14.769 -14.528 -14.877 -14.956 -14.851 -14.688 -14.492 -14.964 -14.859 -14.696 -14.551 -14.476 -14.834 -14.922 -14.781 -14.022 -13.586 -13.046 -14.84
0.70283 -13.773 -14.075 -14.384 -14.875 -14.989 -14.959 -14.547 -14.904 -14.987 -14.954 -14.808 -14.571 -14.901 -14.988 -14.889 -14.729 -14.536 -14.997 -14.897 -14.737 -14.594 -14.519 -14.871 -14.957 -14.821 -14.069 -13.634 -13.096 -14.877
0.724086 -13.77 -14.076 -14.393 -14.897 -15.019 -14.995 -14.565 -14.927 -15.017 -14.99 -14.848 -14.614 -14.924 -15.02 -14.927 -14.771 -14.579 -15.029 -14.935 -14.779 -14.637 -14.563 -14.908 -14.991 -14.86 -14.115 -13.683 -13.146 -14.913
0.745986 -13.765 -14.076 -14.401 -14.918 -15.048 -15.03 -14.584 -14.95 -15.046 -15.025 -14.887 -14.657 -14.946 -15.051 -14.965 -14.811 -14.623 -15.061 -14.973 -14.819 -14.68 -14.606 -14.945 -15.025 -14.899 -14.162 -13.731 -13.196 -14.948
0.768548 -13.76 -14.076 -14.409 -14.939 -15.076 -15.065 -14.602 -14.972 -15.075 -15.06 -14.926 -14.7 -14.968 -15.082 -15.002 -14.852 -14.666 -15.093 -15.01 -14.86 -14.722 -14.649 -14.981 -15.059 -14.938 -14.209 -13.78 -13.246 -14.984
0.791792 -13.755 -14.074 -14.416 -14.959 -15.105 -15.099 -14.619 -14.994 -15.103 -15.094 -14.965 -14.742 -14.99 -15.113 -15.039 -14.893 -14.709 -15.124 -15.047 -14.901 -14.765 -14.693 -15.018 -15.092 -14.977 -14.255 -13.828 -13.295 -15.019
0.815739 -13.748 -14.072 -14.423 -14.979 -15.133 -15.133 -14.637 -15.015 -15.131 -15.128 -15.004 -14.785 -15.011 -15.143 -15.076 -14.933 -14.752 -15.155 -15.084 -14.941 -14.807 -14.735 -15.053 -15.125 -15.015 -14.301 -13.876 -13.345 -15.054
0.840411 -13.741 -14.069 -14.428 -14.999 -15.16 -15.167 -14.653 -15.036 -15.159 -15.162 -15.042 -14.827 -15.031 -15.173 -15.112 -14.973 -14.794 -15.186 -15.12 -14.981 -14.849 -14.778 -15.089 -15.158 -15.053 -14.348 -13.924 -13.394 -15.089
0.865828 -13.733 -14.064 -14.433 -15.017 -15.187 -15.2 -14.67 -15.056 -15.186 -15.196 -15.08 -14.869 -15.051 -15.202 -15.149 -15.013 -14.836 -15.216 -15.157 -15.021 -14.891 -14.821 -15.124 -15.19 -15.091 -14.394 -13.972 -13.444 -15.123
0.892015 -13.724 -14.059 -14.437 -15.035 -15.214 -15.233 -14.686 -15.076 -15.213 -15.229 -15.118 -14.91 -15.07 -15.231 -15.185 -15.053 -14.879 -15.246 -15.193 -15.06 -14.932 -14.863 -15.159 -15.222 -15.128 -14.439 -14.02 -13.493 -15.157
0.918993 -13.714 -14.054 -14.441 -15.053 -15.24 -15.266 -14.701 -15.095 -15.239 -15.262 -15.155 -14.952 -15.089 -15.259 -15.22 -15.092 -14.921 -15.275 -15.228 -15.099 -14.974 -14.905 -15.194 -15.254 -15.165 -14.485 -14.067 -13.543 -15.191
0.946787 -13.703 -14.047 -14.443 -15.07 -15.266 -15.298 -14.716 -15.113 -15.265 -15.294 -15.192 -14.993 -15.107 -15.288 -15.256 -15.131 -14.962 -15.304 -15.263 -15.139 -15.015 -14.947 -15.228 -15.285 -15.202 -14.531 -14.115 -13.592 -15.224
0.975422 -13.691 -14.039 -14.445 -15.086 -15.291 -15.33 -14.731 -15.131 -15.29 -15.326 -15.229 -15.034 -15.124 -15.315 -15.291 -15.17 -15.004 -15.333 -15.298 -15.177 -15.056 -14.989 -15.262 -15.316 -15.239 -14.576 -14.162 -13.641 -15.257
1.004923 -13.679 -14.03 -14.446 -15.102 -15.316 -15.362 -14.745 -15.148 -15.315 -15.358 -15.266 -15.074 -15.141 -15.342 -15.325 -15.208 -15.045 -15.361 -15.333 -15.216 -15.096 -15.031 -15.296 -15.346 -15.275 -14.621 -14.21 -13.69 -15.29
1.035317 -13.665 -14.02 -14.446 -15.116 -15.34 -15.393 -14.758 -15.164 -15.339 -15.389 -15.302 -15.115 -15.157 -15.369 -15.359 -15.246 -15.086 -15.388 -15.367 -15.254 -15.137 -15.072 -15.329 -15.376 -15.311 -14.666 -14.257 -13.739 -15.322
1.066629 -13.65 -14.009 -14.446 -15.131 -15.363 -15.423 -14.772 -15.18 -15.363 -15.42 -15.338 -15.155 -15.173 -15.395 -15.393 -15.284 -15.127 -15.415 -15.401 -15.292 -15.177 -15.113 -15.362 -15.406 -15.347 -14.711 -14.304 -13.787 -15.354
1.098888 -13.635 -13.997 -14.444 -15.144 -15.386 -15.453 -14.784 -15.195 -15.386 -15.45 -15.373 -15.195 -15.187 -15.421 -15.427 -15.322 -15.167 -15.442 -15.434 -15.329 -15.217 -15.154 -15.394 -15.435 -15.382 -14.756 -14.351 -13.836 -15.386
1.132124 -13.618 -13.984 -14.442 -15.157 -15.409 -15.483 -14.796 -15.21 -15.408 -15.48 -15.409 -15.235 -15.201 -15.446 -15.46 -15.359 -15.208 -15.468 -15.467 -15.367 -15.256 -15.195 -15.427 -15.464 -15.417 -14.8 -14.397 -13.885 -15.417
1.166364 -13.601 -13.969 -14.438 -15.169 -15.43 -15.512 -14.808 -15.224 -15.43 -15.51 -15.443 -15.274 -15.215 -15.47 -15.492 -15.396 -15.248 -15.494 -15.5 -15.403 -15.296 -15.236 -15.458 -15.492 -15.451 -14.844 -14.444 -13.933 -15.447
1.20164 -13.582 -13.954 -14.434 -15.18 -15.452 -15.541 -14.818 -15.237 -15.451 -15.539 -15.478 -15.313 -15.227 -15.494 -15.525 -15.432 -15.287 -15.519 -15.532 -15.44 -15.335 -15.276 -15.49 -15.519 -15.485 -14.888 -14.49 -13.981 -15.478
1.237983 -13.562 -13.937 -14.428 -15.19 -15.472 -15.569 -14.829 -15.249 -15.472 -15.567 -15.512 -15.352 -15.239 -15.517 -15.556 -15.469 -15.327 -15.543 -15.564 -15.476 -15.373 -15.316 -15.52 -15.546 -15.519 -14.932 -14.536 -14.029 -15.507
1.275425 -13.541 -13.919 -14.422 -15.2 -15.492 -15.597 -14.838 -15.26 -15.492 -15.595 -15.545 -15.39 -15.25 -15.54 -15.588 -15.504 -15.366 -15.567 -15.595 -15.512 -15.412 -15.355 -15.551 -15.573 -15.552 -14.976 -14.582 -14.077 -15.537
1.313999 -13.519 -13.899 -14.414 -15.208 -15.511 -15.624 -14.847 -15.27 -15.511 -15.622 -15.579 -15.428 -15.26 -15.562 -15.619 -15.54 -15.404 -15.59 -15.626 -15.548 -15.45 -15.395 -15.581 -15.599 -15.585 -15.019 -14.628 -14.125 -15.566
1.35374 -13.496 -13.879 -14.406 -15.216 -15.53 -15.651 -14.856 -15.28 -15.53 -15.649 -15.611 -15.466 -15.269 -15.584 -15.649 -15.575 -15.443 -15.613 -15.657 -15.583 -15.487 -15.434 -15.61 -15.624 -15.617 -15.062 -14.674 -14.173 -15.594
1.394683 -13.471 -13.856 -14.396 -15.223 -15.547 -15.677 -14.863 -15.289 -15.548 -15.675 -15.644 -15.503 -15.277 -15.604 -15.679 -15.61 -15.481 -15.635 -15.686 -15.617 -15.525 -15.473 -15.639 -15.649 -15.649 -15.105 -14.719 -14.22 -15.622
1.436864 -13.445 -13.833 -14.385 -15.228 -15.564 -15.702 -14.87 -15.296 -15.565 -15.701 -15.675 -15.54 -15.284 -15.624 -15.708 -15.644 -15.518 -15.656 -15.716 -15.651 -15.562 -15.511 -15.667 -15.673 -15.681 -15.148 -14.764 -14.267 -15.65
1.480321 -13.418 -13.807 -14.372 -15.233 -15.58 -15.727 -14.877 -15.303 -15.581 -15.726 -15.707 -15.577 -15.29 -15.644 -15.737 -15.677 -15.556 -15.677 -15.745 -15.685 -15.598 -15.549 -15.695 -15.697 -15.712 -15.19 -14.809 -14.315 -15.676
1.525092 -13.39 -13.78 -14.359 -15.237 -15.595 -15.751 -14.882 -15.309 -15.596 -15.75 -15.738 -15.613 -15.295 -15.662 -15.765 -15.711 -15.593 -15.696 -15.773 -15.718 -15.635 -15.587 -15.722 -15.72 -15.742 -15.232 -14.854 -14.362 -15.703
1.571218 -13.36 -13.752 -14.344 -15.239 -15.61 -15.775 -14.887 -15.313 -15.611 -15.774 -15.768 -15.649 -15.299 -15.68 -15.792 -15.743 -15.629 -15.715 -15.8 -15.751 -15.67 -15.624 -15.749 -15.742 -15.772 -15.274 -14.899 -14.408 -15.728
1.618738 -13.328 -13.722 -14.328 -15.241 -15.623 -15.797 -14.891 -15.317 -15.625 -15.797 -15.797 -15.684 -15.302 -15.697 -15.819 -15.776 -15.665 -15.734 -15.827 -15.784 -15.706 -15.661 -15.775 -15.763 -15.801 -15.315 -14.943 -14.455 -15.753
1.667696 -13.295 -13.69 -14.31 -15.241 -15.636 -15.819 -14.894 -15.319 -15.637 -15.819 -15.826 -15.719 -15.304 -15.713 -15.846 -15.807 -15.701 -15.751 -15.854 -15.815 -15.741 -15.698 -15.801 -15.784 -15.83 -15.356 -14.987 -14.501 -15.778
1.718134 -13.261 -13.656 -14.291 -15.24 -15.647 -15.84 -14.896 -15.32 -15.649 -15.84 -15.855 -15.753 -15.305 -15.728 -15.871 -15.838 -15.736 -15.768 -15.879 -15.846 -15.775 -15.734 -15.825 -15.804 -15.858 -15.397 -15.031 -14.547 -15.801
1.770098 -13.225 -13.62 -14.27 -15.237 -15.658 -15.861 -14.897 -15.32 -15.66 -15.861 -15.883 -15.787 -15.304 -15.742 -15.896 -15.869 -15.77 -15.783 -15.904 -15.877 -15.809 -15.77 -15.849 -15.823 -15.885 -15.437 -15.074 -14.593 -15.825
1.823633 -13.187 -13.582 -14.247 -15.234 -15.667 -15.88 -14.897 -15.319 -15.669 -15.881 -15.91 -15.82 -15.302 -15.755 -15.92 -15.899 -15.805 -15.798 -15.928 -15.907 -15.842 -15.805 -15.873 -15.841 -15.912 -15.477 -15.117 -14.639 -15.847
1.878788 -13.148 -13.542 -14.223 -15.229 -15.675 -15.898 -14.896 -15.316 -15.678 -15.899 -15.936 -15.853 -15.298 -15.767 -15.943 -15.928 -15.838 -15.811 -15.952 -15.936 -15.875 -15.839 -15.895 -15.858 -15.938 -15.517 -15.16 -14.684 -15.868
1.93561 -13.107 -13.5 -14.197 -15.222 -15.683 -15.916 -14.895 -15.312 -15.685 -15.917 -15.962 -15.885 -15.293 -15.778 -15.966 -15.957 -15.871 -15.824 -15.974 -15.965 -15.907 -15.874 -15.917 -15.874 -15.963 -15.556 -15.202 -14.729 -15.889
1.994152 -13.064 -13.455 -14.169 -15.214 -15.688 -15.933 -14.892 -15.306 -15.691 -15.934 -15.987 -15.917 -15.287 -15.788 -15.988 -15.985 -15.903 -15.836 -15.996 -15.993 -15.939 -15.907 -15.938 -15.89 -15.987 -15.595 -15.244 -14.774 -15.909
2.054463 -13.019 -13.408 -14.139 -15.204 -15.693 -15.948 -14.887 -15.299 -15.696 -15.95 -16.011 -15.948 -15.279 -15.797 -16.008 -16.012 -15.935 -15.846 -16.017 -16.02 -15.97 -15.94 -15.958 -15.904 -16.011 -15.633 -15.286 -14.818 -15.928
2.116599 -12.973 -13.358 -14.108 -15.192 -15.696 -15.963 -14.882 -15.29 -15.699 -15.965 -16.034 -15.978 -15.269 -15.804 -16.028 -16.038 -15.966 -15.855 -16.037 -16.047 -16.0 -15.973 -15.977 -15.917 -16.033 -15.671 -15.328 -14.863 -15.946
2.180614 -12.924 -13.306 -14.074 -15.179 -15.698 -15.976 -14.875 -15.279 -15.701 -15.978 -16.056 -16.007 -15.257 -15.81 -16.047 -16.063 -15.997 -15.863 -16.055 -16.072 -16.03 -16.005 -15.995 -15.929 -16.055 -15.708 -15.368 -14.906 -15.963
2.246566 -12.873 -13.251 -14.037 -15.163 -15.698 -15.988 -14.867 -15.266 -15.702 -15.991 -16.078 -16.036 -15.244 -15.815 -16.064 -16.088 -16.026 -15.869 -16.073 -16.097 -16.058 -16.036 -16.012 -15.94 -16.076 -15.745 -15.409 -14.95 -15.979
2.314511 -12.821 -13.193 -13.999 -15.146 -15.697 -15.999 -14.858 -15.252 -15.701 -16.002 -16.098 -16.064 -15.228 -15.818 -16.081 -16.112 -16.055 -15.875 -16.09 -16.121 -16.087 -16.066 -16.028 -15.949 -16.096 -15.781 -15.449 -14.993 -15.995
2.384512 -12.766 -13.132 -13.958 -15.127 -15.693 -16.008 -14.847 -15.235 -15.698 -16.012 -16.118 -16.091 -15.211 -15.82 -16.096 -16.135 -16.083 -15.878 -16.106 -16.144 -16.114 -16.096 -16.043 -15.957 -16.115 -15.817 -15.489 -15.036 -16.009
2.45663 -12.708 -13.067 -13.914 -15.105 -15.689 -16.016 -14.835 -15.217 -15.693 -16.02 -16.136 -16.117 -15.191 -15.82 -16.111 -16.156 -16.111 -15.88 -16.12 -16.166 -16.14 -16.125 -16.056 -15.964 -16.132 -15.851 -15.528 -15.078 -16.021
2.530929 -12.649 -13.0 -13.868 -15.081 -15.682 -16.023 -14.82 -15.196 -15.687 -16.027 -16.153 -16.142 -15.17 -15.818 -16.123 -16.177 -16.137 -15.881 -16.133 -16.187 -16.166 -16.153 -16.069 -15.969 -16.149 -15.886 -15.566 -15.12 -16.033
2.607475 -12.587 -12.928 -13.819 -15.055 -15.673 -16.028 -14.805 -15.173 -15.679 -16.033 -16.169 -16.167 -15.145 -15.814 -16.135 -16.197 -16.162 -15.88 -16.145 -16.207 -16.19 -16.181 -16.08 -15.973 -16.164 -15.919 -15.604 -15.161 -16.043
2.686337 -12.523 -12.853 -13.767 -15.026 -15.663 -16.031 -14.787 -15.147 -15.668 -16.037 -16.183 -16.19 -15.118 -15.809 -16.145 -16.215 -16.187 -15.877 -16.155 -16.225 -16.213 -16.207 -16.089 -15.975 -16.178 -15.952 -15.641 -15.202 -16.052
2.767583 -12.457 -12.774 -13.711 -14.994 -15.65 -16.033 -14.767 -15.118 -15.656 -16.039 -16.196 -16.212 -15.089 -15.802 -16.153 -16.232 -16.21 -15.872 -16.163 -16.242 -16.236 -16.232 -16.098 -15.975 -16.19 -15.984 -15.678 -15.243 -16.06
2.851287 -12.388 -12.69 -13.653 -14.959 -15.634 -16.032 -14.746 -15.087 -15.641 -16.039 -16.208 -16.233 -15.056 -15.792 -16.16 -16.248 -16.232 -15.864 -16.171 -16.258 -16.257 -16.257 -16.104 -15.974 -16.201 -16.016 -15.714 -15.283 -16.066
2.937522 -12.316 -12.602 -13.59 -14.922 -15.617 -16.03 -14.722 -15.053 -15.624 -16.037 -16.218 -16.253 -15.021 -15.78 -16.165 -16.262 -16.253 -15.855 -16.176 -16.273 -16.277 -16.28 -16.109 -15.97 -16.211 -16.046 -15.75 -15.322 -16.07
3.026365 -12.243 -12.509 -13.525 -14.88 -15.596 -16.026 -14.696 -15.016 -15.604 -16.033 -16.227 -16.272 -14.982 -15.766 -16.169 -16.275 -16.273 -15.844 -16.179 -16.286 -16.296 -16.302 -16.112 -15.964 -16.218 -16.076 -15.784 -15.361 -16.073
3.117896 -12.166 -12.411 -13.455 -14.836 -15.573 -16.019 -14.667 -14.975 -15.581 -16.027 -16.233 -16.289 -14.94 -15.75 -16.17 -16.286 -16.291 -15.83 -16.181 -16.297 -16.313 -16.323 -16.114 -15.957 -16.224 -16.104 -15.818 -15.399 -16.073
3.212194 -12.087 -12.308 -13.381 -14.788 -15.547 -16.01 -14.636 -14.931 -15.556 -16.019 -16.238 -16.304 -14.895 -15.73 -16.169 -16.296 -16.308 -15.813 -16.181 -16.307 -16.329 -16.342 -16.113 -15.946 -16.228 -16.131 -15.851 -15.436 -16.072
3.309345 -12.006 -12.199 -13.302 -14.736 -15.518 -15.999 -14.603 -14.883 -15.527 -16.008 -16.241 -16.318 -14.845 -15.708 -16.166 -16.303 -16.324 -15.794 -16.178 -16.315 -16.343 -16.36 -16.111 -15.933 -16.231 -16.158 -15.883 -15.473 -16.069
3.409434 -11.923 -12.084 -13.219 -14.68 -15.486 -15.985 -14.566 -14.831 -15.496 -15.995 -16.242 -16.331 -14.792 -15.682 -16.161 -16.309 -16.337 -15.772 -16.173 -16.321 -16.355 -16.377 -16.106 -15.918 -16.231 -16.183 -15.915 -15.509 -16.064
3.51255 -11.837 -11.962 -13.131 -14.619 -15.45 -15.968 -14.526 -14.774 -15.46 -15.978 -16.241 -16.341 -14.734 -15.654 -16.153 -16.313 -16.35 -15.747 -16.166 -16.325 -16.366 -16.392 -16.098 -15.9 -16.228 -16.207 -15.945 -15.544 -16.057
3.618785 -11.749 -11.834 -13.038 -14.554 -15.41 -15.947 -14.484 -14.714 -15.421 -15.959 -16.237 -16.35 -14.671 -15.622 -16.143 -16.314 -16.36 -15.718 -16.156 -16.327 -16.375 -16.406 -16.089 -15.879 -16.224 -16.229 -15.974 -15.579 -16.047
3.728232 -11.659 -11.699 -12.94 -14.483 -15.366 -15.924 -14.437 -14.648 -15.378 -15.936 -16.231 -16.357 -14.604 -15.586 -16.129 -16.313 -16.368 -15.686 -16.143 -16.327 -16.382 -16.417 -16.076 -15.854 -16.216 -16.251 -16.002 -15.612 -16.034
3.84099 -11.568 -11.555 -12.835 -14.407 -15.318 -15.897 -14.387 -14.577 -15.331 -15.911 -16.222 -16.361 -14.531 -15.546 -16.113 -16.31 -16.374 -15.65 -16.127 -16.324 -16.387 -16.427 -16.061 -15.826 -16.206 -16.27 -16.029 -15.645 -16.019
3.957158 -11.475 -11.404 -12.724 -14.326 -15.265 -15.867 -14.334 -14.501 -15.279 -15.881 -16.21 -16.364 -14.453 -15.502 -16.093 -16.304 -16.378 -15.61 -16.108 -16.318 -16.389 -16.434 -16.043 -15.795 -16.193 -16.288 -16.054 -15.676 -16.001
4.07684 -11.381 -11.243 -12.607 -14.238 -15.208 -15.832 -14.276 -14.418 -15.222 -15.847 -16.195 -16.363 -14.368 -15.454 -16.07 -16.295 -16.38 -15.566 -16.085 -16.31 -16.389 -16.44 -16.021 -15.759 -16.177 -16.304 -16.078 -15.706 -15.98
4.200141 -11.287 -11.073 -12.483 -14.144 -15.145 -15.793 -14.213 -14.33 -15.16 -15.81 -16.177 -16.36 -14.277 -15.401 -16.044 -16.283 -16.379 -15.517 -16.059 -16.298 -16.387 -16.443 -15.996 -15.719 -16.158 -16.319 -16.101 -15.735 -15.955
4.327172 -11.192 -10.893 -12.351 -14.043 -15.076 -15.75 -14.146 -14.234 -15.093 -15.767 -16.155 -16.355 -14.179 -15.342 -16.013 -16.268 -16.375 -15.464 -16.029 -16.283 -16.381 -16.443 -15.967 -15.675 -16.135 -16.331 -16.122 -15.763 -15.928
4.458044 -11.097 -10.703 -12.212 -13.934 -15.001 -15.702 -14.074 -14.131 -15.019 -15.72 -16.129 -16.346 -14.074 -15.278 -15.977 -16.249 -16.368 -15.405 -15.995 -16.265 -16.373 -16.441 -15.934 -15.626 -16.108 -16.341 -16.141 -15.79 -15.896
