web/models/grb/onaxis/16/grb_0.0000_193.0698_0.1000000.dat
# %ECSV 1.0
# ---
# datatype:
# - {name: time, datatype: float64}
# - {name: swift_uvot_uvw2, datatype: float64}
# - {name: swift_uvot_uvm2, datatype: float64}
# - {name: swift_uvot_uvw1, datatype: float64}
# - {name: swift_uvot_U, datatype: float64}
# - {name: swift_uvot_B, datatype: float64}
# - {name: swift_uvot_V, datatype: float64}
# - {name: swift_uvot_W, datatype: float64}
# - {name: johnson_U, datatype: float64}
# - {name: johnson_B, datatype: float64}
# - {name: johnson_V, datatype: float64}
# - {name: johnson_R, datatype: float64}
# - {name: johnson_I, datatype: float64}
# - {name: sdss_u, datatype: float64}
# - {name: sdss_g, datatype: float64}
# - {name: sdss_r, datatype: float64}
# - {name: sdss_i, datatype: float64}
# - {name: sdss_z, datatype: float64}
# - {name: PS1_g, datatype: float64}
# - {name: PS1_r, datatype: float64}
# - {name: PS1_i, datatype: float64}
# - {name: PS1_z, datatype: float64}
# - {name: PS1_Y, datatype: float64}
# - {name: PS1_w, datatype: float64}
# - {name: ATLAS_c, datatype: float64}
# - {name: ATLAS_o, datatype: float64}
# - {name: ukirt_J, datatype: float64}
# - {name: ukirt_H, datatype: float64}
# - {name: ukirt_K, datatype: float64}
# - {name: Clear, datatype: float64}
# meta: !!omap
# - comment: [E = 0.08378552168254812, Eta0 = 8.02, GammaB = 12.0, dL = 0.012188, epsb = 6.760829753919819e-06, epse = 0.1, n = 0.1, p
#       = 2.15, theta_obs = 0.0, xiN = 1.0, z = 0.0, type = grb, E_kiso = 193.06977288832496]
# schema: astropy-2.0
time swift_uvot_uvw2 swift_uvot_uvm2 swift_uvot_uvw1 swift_uvot_U swift_uvot_B swift_uvot_V swift_uvot_W johnson_U johnson_B johnson_V johnson_R johnson_I sdss_u sdss_g sdss_r sdss_i sdss_z PS1_g PS1_r PS1_i PS1_z PS1_Y PS1_w ATLAS_c ATLAS_o ukirt_J ukirt_H ukirt_K Clear
[from data line 136]
0.2558 -12.184 -12.135 -12.21 -12.402 -12.545 -12.684 -12.323 -12.425 -12.547 -12.689 -12.83 -12.978 -12.42 -12.592 -12.764 -12.885 -12.996 -12.656 -12.799 -12.919 -13.018 -13.186 -12.762 -12.667 -12.82 -13.208 -13.377 -13.567 -12.852
0.262 -12.163 -12.114 -12.189 -12.382 -12.524 -12.663 -12.302 -12.404 -12.526 -12.668 -12.809 -12.957 -12.399 -12.572 -12.743 -12.864 -12.975 -12.635 -12.778 -12.898 -12.997 -13.165 -12.741 -12.646 -12.799 -13.187 -13.356 -13.546 -12.831
0.2683 -12.142 -12.093 -12.168 -12.361 -12.503 -12.642 -12.281 -12.383 -12.505 -12.647 -12.788 -12.936 -12.378 -12.551 -12.722 -12.843 -12.954 -12.614 -12.757 -12.877 -12.976 -13.144 -12.72 -12.625 -12.778 -13.166 -13.335 -13.525 -12.81
0.2748 -12.121 -12.072 -12.147 -12.34 -12.482 -12.621 -12.26 -12.362 -12.485 -12.626 -12.767 -12.916 -12.357 -12.53 -12.702 -12.822 -12.933 -12.593 -12.736 -12.856 -12.955 -13.123 -12.699 -12.604 -12.757 -13.145 -13.314 -13.505 -12.79
0.2814 -12.101 -12.051 -12.126 -12.319 -12.461 -12.6 -12.24 -12.341 -12.464 -12.606 -12.746 -12.895 -12.336 -12.509 -12.681 -12.801 -12.912 -12.573 -12.715 -12.835 -12.934 -13.102 -12.678 -12.583 -12.736 -13.124 -13.293 -13.484 -12.769
0.2882 -12.08 -12.03 -12.105 -12.298 -12.44 -12.579 -12.219 -12.32 -12.443 -12.585 -12.725 -12.874 -12.315 -12.488 -12.66 -12.78 -12.891 -12.552 -12.694 -12.814 -12.913 -13.081 -12.657 -12.562 -12.715 -13.103 -13.272 -13.463 -12.748
0.2951 -12.059 -12.009 -12.084 -12.277 -12.419 -12.559 -12.198 -12.299 -12.422 -12.564 -12.704 -12.853 -12.294 -12.467 -12.639 -12.76 -12.87 -12.531 -12.673 -12.793 -12.892 -13.06 -12.637 -12.541 -12.694 -13.082 -13.251 -13.442 -12.727
0.3022 -12.038 -11.988 -12.063 -12.256 -12.399 -12.538 -12.177 -12.279 -12.401 -12.543 -12.683 -12.832 -12.273 -12.446 -12.618 -12.739 -12.849 -12.51 -12.652 -12.772 -12.871 -13.04 -12.616 -12.52 -12.673 -13.061 -13.231 -13.421 -12.706
0.3095 -12.017 -11.967 -12.042 -12.235 -12.378 -12.517 -12.156 -12.258 -12.38 -12.522 -12.662 -12.811 -12.253 -12.425 -12.597 -12.718 -12.828 -12.489 -12.631 -12.751 -12.85 -13.019 -12.595 -12.5 -12.652 -13.04 -13.21 -13.4 -12.685
0.317 -11.996 -11.947 -12.021 -12.214 -12.357 -12.496 -12.135 -12.237 -12.359 -12.501 -12.641 -12.79 -12.232 -12.404 -12.576 -12.697 -12.807 -12.468 -12.611 -12.73 -12.829 -12.998 -12.574 -12.479 -12.631 -13.019 -13.189 -13.379 -12.664
0.3247 -11.969 -11.92 -11.995 -12.188 -12.33 -12.469 -12.108 -12.21 -12.333 -12.474 -12.615 -12.763 -12.205 -12.378 -12.55 -12.67 -12.781 -12.441 -12.584 -12.704 -12.803 -12.971 -12.547 -12.452 -12.605 -12.993 -13.162 -13.352 -12.637
0.3325 -11.939 -11.89 -11.965 -12.158 -12.3 -12.439 -12.078 -12.18 -12.302 -12.444 -12.585 -12.733 -12.175 -12.348 -12.519 -12.64 -12.751 -12.411 -12.554 -12.674 -12.773 -12.941 -12.517 -12.422 -12.575 -12.963 -13.132 -13.322 -12.607
0.3405 -11.909 -11.86 -11.935 -12.128 -12.27 -12.409 -12.048 -12.15 -12.272 -12.414 -12.555 -12.703 -12.145 -12.318 -12.489 -12.61 -12.721 -12.381 -12.524 -12.644 -12.743 -12.911 -12.487 -12.392 -12.545 -12.933 -13.102 -13.292 -12.577
0.3487 -11.879 -11.83 -11.905 -12.098 -12.24 -12.379 -12.018 -12.12 -12.242 -12.384 -12.525 -12.673 -12.115 -12.287 -12.459 -12.58 -12.691 -12.351 -12.494 -12.614 -12.713 -12.881 -12.457 -12.362 -12.515 -12.903 -13.072 -13.262 -12.547
0.3571 -11.849 -11.8 -11.874 -12.067 -12.21 -12.349 -11.988 -12.09 -12.212 -12.354 -12.495 -12.643 -12.085 -12.257 -12.429 -12.55 -12.661 -12.321 -12.464 -12.584 -12.683 -12.851 -12.427 -12.332 -12.485 -12.873 -13.042 -13.232 -12.517
0.3657 -11.819 -11.77 -11.844 -12.037 -12.18 -12.319 -11.958 -12.06 -12.182 -12.324 -12.465 -12.613 -12.055 -12.227 -12.399 -12.52 -12.63 -12.291 -12.434 -12.553 -12.652 -12.821 -12.397 -12.302 -12.454 -12.842 -13.012 -13.202 -12.487
0.3746 -11.789 -11.739 -11.814 -12.007 -12.15 -12.289 -11.928 -12.03 -12.152 -12.294 -12.434 -12.583 -12.025 -12.197 -12.369 -12.49 -12.6 -12.261 -12.404 -12.523 -12.622 -12.791 -12.367 -12.272 -12.424 -12.812 -12.982 -13.172 -12.457
0.3836 -11.759 -11.709 -11.784 -11.977 -12.12 -12.259 -11.898 -12.0 -12.122 -12.264 -12.404 -12.553 -11.995 -12.167 -12.339 -12.46 -12.57 -12.231 -12.373 -12.493 -12.592 -12.761 -12.337 -12.242 -12.394 -12.782 -12.952 -13.142 -12.427
0.3929 -11.729 -11.679 -11.754 -11.947 -12.09 -12.229 -11.868 -11.969 -12.092 -12.234 -12.374 -12.523 -11.964 -12.137 -12.309 -12.43 -12.54 -12.201 -12.343 -12.463 -12.562 -12.73 -12.307 -12.211 -12.364 -12.752 -12.922 -13.112 -12.397
0.4023 -11.699 -11.649 -11.724 -11.917 -12.059 -12.199 -11.838 -11.939 -12.062 -12.204 -12.344 -12.493 -11.934 -12.107 -12.279 -12.4 -12.51 -12.171 -12.313 -12.433 -12.532 -12.7 -12.277 -12.181 -12.334 -12.722 -12.891 -13.082 -12.367
0.412 -11.663 -11.613 -11.688 -11.881 -12.023 -12.162 -11.802 -11.903 -12.026 -12.168 -12.308 -12.457 -11.898 -12.071 -12.243 -12.363 -12.474 -12.135 -12.277 -12.397 -12.496 -12.664 -12.24 -12.145 -12.298 -12.686 -12.855 -13.046 -12.331
0.422 -11.625 -11.575 -11.65 -11.843 -11.985 -12.124 -11.764 -11.865 -11.988 -12.13 -12.27 -12.419 -11.86 -12.033 -12.205 -12.325 -12.436 -12.097 -12.239 -12.359 -12.458 -12.626 -12.202 -12.107 -12.26 -12.648 -12.817 -13.008 -12.293
0.4322 -11.587 -11.537 -11.612 -11.805 -11.947 -12.086 -11.726 -11.827 -11.95 -12.092 -12.232 -12.381 -11.822 -11.995 -12.167 -12.287 -12.398 -12.059 -12.201 -12.321 -12.42 -12.588 -12.164 -12.069 -12.222 -12.61 -12.779 -12.97 -12.255
0.4426 -11.548 -11.499 -11.574 -11.767 -11.909 -12.048 -11.688 -11.789 -11.912 -12.054 -12.194 -12.343 -11.784 -11.957 -12.129 -12.249 -12.36 -12.021 -12.163 -12.283 -12.382 -12.55 -12.126 -12.031 -12.184 -12.572 -12.741 -12.932 -12.217
0.4533 -11.51 -11.461 -11.536 -11.729 -11.871 -12.01 -11.65 -11.751 -11.874 -12.016 -12.156 -12.305 -11.746 -11.919 -12.091 -12.211 -12.322 -11.983 -12.125 -12.245 -12.344 -12.512 -12.088 -11.993 -12.146 -12.534 -12.703 -12.894 -12.179
0.4642 -11.472 -11.423 -11.498 -11.691 -11.833 -11.972 -11.612 -11.713 -11.836 -11.977 -12.118 -12.267 -11.708 -11.881 -12.053 -12.173 -12.284 -11.944 -12.087 -12.207 -12.306 -12.474 -12.05 -11.955 -12.108 -12.496 -12.665 -12.856 -12.141
0.4754 -11.434 -11.385 -11.46 -11.653 -11.795 -11.934 -11.573 -11.675 -11.798 -11.939 -12.08 -12.229 -11.67 -11.843 -12.015 -12.135 -12.246 -11.906 -12.049 -12.169 -12.268 -12.436 -12.012 -11.917 -12.07 -12.458 -12.627 -12.818 -12.103
0.4869 -11.396 -11.347 -11.422 -11.615 -11.757 -11.896 -11.535 -11.637 -11.76 -11.901 -12.042 -12.19 -11.632 -11.805 -11.977 -12.097 -12.208 -11.868 -12.011 -12.131 -12.23 -12.398 -11.974 -11.879 -12.032 -12.42 -12.589 -12.78 -12.065
0.4986 -11.358 -11.309 -11.384 -11.577 -11.719 -11.858 -11.497 -11.599 -11.722 -11.863 -12.004 -12.152 -11.594 -11.767 -11.939 -12.059 -12.17 -11.83 -11.973 -12.093 -12.192 -12.36 -11.936 -11.841 -11.994 -12.382 -12.551 -12.741 -12.026
0.5106 -11.32 -11.271 -11.346 -11.539 -11.681 -11.82 -11.459 -11.561 -11.684 -11.825 -11.966 -12.114 -11.556 -11.729 -11.9 -12.021 -12.132 -11.792 -11.935 -12.055 -12.154 -12.322 -11.898 -11.803 -11.956 -12.344 -12.513 -12.703 -11.988
0.523 -11.281 -11.231 -11.306 -11.499 -11.641 -11.781 -11.42 -11.521 -11.644 -11.786 -11.926 -12.075 -11.516 -11.689 -11.861 -11.982 -12.092 -11.753 -11.895 -12.015 -12.114 -12.282 -11.859 -11.763 -11.916 -12.304 -12.473 -12.664 -11.949
0.5356 -11.241 -11.191 -11.266 -11.459 -11.602 -11.741 -11.38 -11.482 -11.604 -11.746 -11.886 -12.035 -11.477 -11.649 -11.821 -11.942 -12.052 -11.713 -11.856 -11.975 -12.074 -12.243 -11.819 -11.724 -11.876 -12.264 -12.434 -12.624 -11.909
0.5485 -11.201 -11.152 -11.226 -11.419 -11.562 -11.701 -11.34 -11.442 -11.564 -11.706 -11.847 -11.995 -11.437 -11.609 -11.781 -11.902 -12.013 -11.673 -11.816 -11.936 -12.035 -12.203 -11.779 -11.684 -11.837 -12.225 -12.394 -12.584 -11.869
0.5617 -11.161 -11.112 -11.187 -11.38 -11.522 -11.661 -11.3 -11.402 -11.524 -11.666 -11.807 -11.955 -11.397 -11.57 -11.741 -11.862 -11.973 -11.633 -11.776 -11.896 -11.995 -12.163 -11.739 -11.644 -11.797 -12.185 -12.354 -12.544 -11.829
0.5753 -11.121 -11.072 -11.147 -11.34 -11.482 -11.621 -11.261 -11.362 -11.485 -11.626 -11.767 -11.916 -11.357 -11.53 -11.702 -11.822 -11.933 -11.594 -11.736 -11.856 -11.955 -12.123 -11.699 -11.604 -11.757 -12.145 -12.314 -12.505 -11.79
0.5891 -11.082 -11.032 -11.107 -11.3 -11.442 -11.582 -11.221 -11.322 -11.445 -11.587 -11.727 -11.876 -11.317 -11.49 -11.662 -11.782 -11.893 -11.554 -11.696 -11.816 -11.915 -12.083 -11.66 -11.564 -11.717 -12.105 -12.274 -12.465 -11.75
0.6034 -11.042 -10.992 -11.067 -11.26 -11.403 -11.542 -11.181 -11.283 -11.405 -11.547 -11.687 -11.836 -11.278 -11.45 -11.622 -11.743 -11.853 -11.514 -11.656 -11.776 -11.875 -12.044 -11.62 -11.525 -11.677 -12.065 -12.235 -12.425 -11.71
0.6179 -11.002 -10.953 -11.027 -11.22 -11.363 -11.502 -11.141 -11.243 -11.365 -11.507 -11.648 -11.796 -11.238 -11.41 -11.582 -11.703 -11.813 -11.474 -11.617 -11.736 -11.835 -12.004 -11.58 -11.485 -11.637 -12.025 -12.195 -12.385 -11.67
0.6328 -10.962 -10.913 -10.988 -11.181 -11.323 -11.462 -11.101 -11.203 -11.325 -11.467 -11.608 -11.756 -11.198 -11.37 -11.542 -11.663 -11.774 -11.434 -11.577 -11.697 -11.796 -11.964 -11.54 -11.445 -11.598 -11.986 -12.155 -12.345 -11.63
0.6481 -10.922 -10.872 -10.947 -11.14 -11.283 -11.422 -11.061 -11.163 -11.285 -11.427 -11.567 -11.716 -11.158 -11.33 -11.502 -11.623 -11.733 -11.394 -11.537 -11.656 -11.755 -11.924 -11.5 -11.405 -11.557 -11.945 -12.115 -12.305 -11.59
0.6637 -10.872 -10.823 -10.898 -11.091 -11.233 -11.372 -11.012 -11.113 -11.236 -11.378 -11.518 -11.667 -11.108 -11.281 -11.453 -11.573 -11.684 -11.345 -11.487 -11.607 -11.706 -11.874 -11.45 -11.355 -11.508 -11.896 -12.065 -12.256 -11.541
0.6797 -10.823 -10.774 -10.848 -11.041 -11.184 -11.323 -10.962 -11.064 -11.186 -11.328 -11.469 -11.617 -11.059 -11.231 -11.403 -11.524 -11.635 -11.295 -11.438 -11.557 -11.657 -11.825 -11.401 -11.306 -11.459 -11.846 -12.016 -12.206 -11.491
0.6961 -10.774 -10.724 -10.799 -10.992 -11.134 -11.274 -10.913 -11.014 -11.137 -11.279 -11.419 -11.568 -11.009 -11.182 -11.354 -11.474 -11.585 -11.246 -11.388 -11.508 -11.607 -11.775 -11.351 -11.256 -11.409 -11.797 -11.966 -12.157 -11.442
0.7129 -10.724 -10.675 -10.75 -10.943 -11.085 -11.224 -10.863 -10.965 -11.087 -11.229 -11.37 -11.518 -10.96 -11.132 -11.304 -11.425 -11.536 -11.196 -11.339 -11.459 -11.558 -11.726 -11.302 -11.207 -11.36 -11.748 -11.917 -12.107 -11.392
0.7301 -10.675 -10.625 -10.7 -10.893 -11.036 -11.175 -10.814 -10.915 -11.038 -11.18 -11.32 -11.469 -10.91 -11.083 -11.255 -11.376 -11.486 -11.147 -11.289 -11.409 -11.508 -11.676 -11.253 -11.157 -11.31 -11.698 -11.868 -12.058 -11.343
0.7477 -10.625 -10.576 -10.651 -10.844 -10.986 -11.125 -10.764 -10.866 -10.988 -11.13 -11.271 -11.419 -10.861 -11.034 -11.205 -11.326 -11.437 -11.097 -11.24 -11.36 -11.459 -11.627 -11.203 -11.108 -11.261 -11.649 -11.818 -12.008 -11.293
0.7658 -10.576 -10.526 -10.601 -10.794 -10.937 -11.076 -10.715 -10.817 -10.939 -11.081 -11.221 -11.37 -10.812 -10.984 -11.156 -11.277 -11.387 -11.048 -11.19 -11.31 -11.409 -11.578 -11.154 -11.059 -11.211 -11.599 -11.769 -11.959 -11.244
0.7842 -10.526 -10.477 -10.552 -10.745 -10.887 -11.026 -10.666 -10.767 -10.89 -11.031 -11.172 -11.321 -10.762 -10.935 -11.107 -11.227 -11.338 -10.998 -11.141 -11.261 -11.36 -11.528 -11.104 -11.009 -11.162 -11.55 -11.719 -11.91 -11.195
0.8032 -10.477 -10.428 -10.502 -10.695 -10.838 -10.977 -10.616 -10.718 -10.84 -10.982 -11.123 -11.271 -10.713 -10.885 -11.057 -11.178 -11.288 -10.949 -11.092 -11.211 -11.31 -11.479 -11.055 -10.96 -11.112 -11.5 -11.67 -11.86 -11.145
0.8225 -10.426 -10.377 -10.452 -10.645 -10.787 -10.926 -10.565 -10.667 -10.789 -10.931 -11.072 -11.22 -10.662 -10.834 -11.006 -11.127 -11.238 -10.898 -11.041 -11.161 -11.26 -11.428 -11.004 -10.909 -11.062 -11.45 -11.619 -11.809 -11.094
0.8424 -10.369 -10.32 -10.395 -10.588 -10.73 -10.869 -10.509 -10.61 -10.733 -10.874 -11.015 -11.164 -10.605 -10.778 -10.95 -11.07 -11.181 -10.841 -10.984 -11.104 -11.203 -11.371 -10.947 -10.852 -11.005 -11.393 -11.562 -11.753 -11.038
0.8627 -10.313 -10.263 -10.338 -10.531 -10.673 -10.813 -10.452 -10.553 -10.676 -10.818 -10.958 -11.107 -10.548 -10.721 -10.893 -11.014 -11.124 -10.785 -10.927 -11.047 -11.146 -11.314 -10.891 -10.795 -10.948 -11.336 -11.505 -11.696 -10.981
0.8835 -10.256 -10.206 -10.281 -10.474 -10.617 -10.756 -10.395 -10.497 -10.619 -10.761 -10.901 -11.05 -10.492 -10.664 -10.836 -10.957 -11.067 -10.728 -10.871 -10.99 -11.089 -11.258 -10.834 -10.739 -10.891 -11.279 -11.449 -11.639 -10.924
0.9048 -10.199 -10.15 -10.225 -10.418 -10.56 -10.699 -10.338 -10.44 -10.562 -10.704 -10.845 -10.993 -10.435 -10.607 -10.779 -10.9 -11.011 -10.671 -10.814 -10.934 -11.033 -11.201 -10.777 -10.682 -10.835 -11.223 -11.392 -11.582 -10.867
0.9266 -10.142 -10.093 -10.168 -10.361 -10.503 -10.642 -10.282 -10.383 -10.506 -10.647 -10.788 -10.937 -10.378 -10.551 -10.723 -10.843 -10.954 -10.614 -10.757 -10.877 -10.976 -11.144 -10.72 -10.625 -10.778 -11.166 -11.335 -11.526 -10.811
0.949 -10.086 -10.036 -10.111 -10.304 -10.446 -10.586 -10.225 -10.326 -10.449 -10.591 -10.731 -10.88 -10.321 -10.494 -10.666 -10.787 -10.897 -10.558 -10.7 -10.82 -10.919 -11.087 -10.664 -10.568 -10.721 -11.109 -11.278 -11.469 -10.754
0.9719 -10.029 -9.98 -10.054 -10.247 -10.39 -10.529 -10.168 -10.27 -10.392 -10.534 -10.674 -10.823 -10.265 -10.437 -10.609 -10.73 -10.84 -10.501 -10.644 -10.763 -10.862 -11.031 -10.607 -10.512 -10.664 -11.052 -11.222 -11.412 -10.697
0.9953 -9.972 -9.923 -9.998 -10.191 -10.333 -10.472 -10.111 -10.213 -10.335 -10.477 -10.618 -10.766 -10.208 -10.38 -10.552 -10.673 -10.784 -10.444 -10.587 -10.707 -10.806 -10.974 -10.55 -10.455 -10.608 -10.996 -11.165 -11.355 -10.64
1.0194 -9.915 -9.866 -9.941 -10.134 -10.276 -10.415 -10.055 -10.156 -10.279 -10.421 -10.561 -10.71 -10.151 -10.324 -10.496 -10.616 -10.727 -10.388 -10.53 -10.65 -10.749 -10.917 -10.493 -10.398 -10.551 -10.939 -11.108 -11.299 -10.584
1.0439 -9.86 -9.81 -9.885 -10.078 -10.22 -10.36 -9.999 -10.1 -10.223 -10.365 -10.505 -10.654 -10.095 -10.268 -10.44 -10.56 -10.671 -10.332 -10.474 -10.594 -10.693 -10.861 -10.437 -10.342 -10.495 -10.883 -11.052 -11.243 -10.528
1.0691 -9.806 -9.756 -9.831 -10.024 -10.166 -10.305 -9.945 -10.046 -10.169 -10.311 -10.451 -10.6 -10.041 -10.214 -10.386 -10.506 -10.617 -10.278 -10.42 -10.54 -10.639 -10.807 -10.383 -10.288 -10.441 -10.829 -10.998 -11.189 -10.474
1.0949 -9.752 -9.702 -9.777 -9.97 -10.112 -10.251 -9.891 -9.992 -10.115 -10.257 -10.397 -10.546 -9.987 -10.16 -10.332 -10.452 -10.563 -10.224 -10.366 -10.486 -10.585 -10.753 -10.329 -10.234 -10.387 -10.775 -10.944 -11.135 -10.42
1.1213 -9.697 -9.648 -9.723 -9.916 -10.058 -10.197 -9.837 -9.938 -10.061 -10.203 -10.343 -10.492 -9.933 -10.106 -10.278 -10.398 -10.509 -10.17 -10.312 -10.432 -10.531 -10.699 -10.275 -10.18 -10.333 -10.721 -10.89 -11.081 -10.366
1.1484 -9.643 -9.594 -9.669 -9.862 -10.004 -10.143 -9.783 -9.884 -10.007 -10.148 -10.289 -10.438 -9.879 -10.052 -10.224 -10.344 -10.455 -10.115 -10.258 -10.378 -10.477 -10.645 -10.221 -10.126 -10.279 -10.667 -10.836 -11.027 -10.312
1.1761 -9.589 -9.54 -9.615 -9.808 -9.95 -10.089 -9.728 -9.83 -9.953 -10.094 -10.235 -10.383 -9.825 -9.998 -10.17 -10.29 -10.401 -10.061 -10.204 -10.324 -10.423 -10.591 -10.167 -10.072 -10.225 -10.613 -10.782 -10.972 -10.257
1.2044 -9.535 -9.486 -9.561 -9.754 -9.896 -10.035 -9.674 -9.776 -9.899 -10.04 -10.181 -10.329 -9.771 -9.944 -10.115 -10.236 -10.347 -10.007 -10.15 -10.27 -10.369 -10.537 -10.113 -10.018 -10.171 -10.559 -10.728 -10.918 -10.203
1.2335 -9.481 -9.432 -9.507 -9.7 -9.842 -9.981 -9.62 -9.722 -9.844 -9.986 -10.127 -10.275 -9.717 -9.89 -10.061 -10.182 -10.293 -9.953 -10.096 -10.216 -10.315 -10.483 -10.059 -9.964 -10.117 -10.505 -10.674 -10.864 -10.149
1.2633 -9.427 -9.378 -9.453 -9.646 -9.788 -9.927 -9.566 -9.668 -9.79 -9.932 -10.073 -10.221 -9.663 -9.836 -10.007 -10.128 -10.239 -9.899 -10.042 -10.162 -10.261 -10.429 -10.005 -9.91 -10.063 -10.451 -10.62 -10.81 -10.095
