web/models/grb/onaxis/16/grb_0.0000_0.0268_0.0000010.dat
# %ECSV 1.0
# ---
# datatype:
# - {name: time, datatype: float64}
# - {name: swift_uvot_uvw2, datatype: float64}
# - {name: swift_uvot_uvm2, datatype: float64}
# - {name: swift_uvot_uvw1, datatype: float64}
# - {name: swift_uvot_U, datatype: float64}
# - {name: swift_uvot_B, datatype: float64}
# - {name: swift_uvot_V, datatype: float64}
# - {name: swift_uvot_W, datatype: float64}
# - {name: johnson_U, datatype: float64}
# - {name: johnson_B, datatype: float64}
# - {name: johnson_V, datatype: float64}
# - {name: johnson_R, datatype: float64}
# - {name: johnson_I, datatype: float64}
# - {name: sdss_u, datatype: float64}
# - {name: sdss_g, datatype: float64}
# - {name: sdss_r, datatype: float64}
# - {name: sdss_i, datatype: float64}
# - {name: sdss_z, datatype: float64}
# - {name: PS1_g, datatype: float64}
# - {name: PS1_r, datatype: float64}
# - {name: PS1_i, datatype: float64}
# - {name: PS1_z, datatype: float64}
# - {name: PS1_Y, datatype: float64}
# - {name: PS1_w, datatype: float64}
# - {name: ATLAS_c, datatype: float64}
# - {name: ATLAS_o, datatype: float64}
# - {name: ukirt_J, datatype: float64}
# - {name: ukirt_H, datatype: float64}
# - {name: ukirt_K, datatype: float64}
# - {name: Clear, datatype: float64}
# meta: !!omap
# - comment: [E = 1.164196048716035e-05, Eta0 = 8.02, GammaB = 12.0, dL = 0.012188, epsb = 6.760829753919819e-06, epse = 0.1, n = 1e-06,
#     p = 2.15, theta_obs = 0.0, xiN = 1.0, z = 0.0, type = grb, E_kiso = 0.02682695795279726]
# schema: astropy-2.0
time swift_uvot_uvw2 swift_uvot_uvm2 swift_uvot_uvw1 swift_uvot_U swift_uvot_B swift_uvot_V swift_uvot_W johnson_U johnson_B johnson_V johnson_R johnson_I sdss_u sdss_g sdss_r sdss_i sdss_z PS1_g PS1_r PS1_i PS1_z PS1_Y PS1_w ATLAS_c ATLAS_o ukirt_J ukirt_H ukirt_K Clear
[from data line 345]
37.2823 15.74 15.79 15.715 15.522 15.38 15.24 15.601 15.5 15.377 15.235 15.095 14.946 15.505 15.332 15.16 15.039 14.929 15.268 15.126 15.006 14.907 14.739 15.162 15.258 15.105 14.717 14.548 14.357 15.072
38.1817 15.787 15.836 15.762 15.569 15.426 15.287 15.648 15.546 15.424 15.282 15.142 14.993 15.551 15.379 15.207 15.086 14.976 15.315 15.172 15.053 14.954 14.785 15.209 15.304 15.152 14.764 14.594 14.404 15.119
39.1028 15.834 15.883 15.808 15.615 15.473 15.334 15.695 15.593 15.471 15.329 15.188 15.04 15.598 15.426 15.254 15.133 15.022 15.362 15.219 15.099 15.0 14.832 15.256 15.351 15.198 14.81 14.641 14.451 15.166
40.046 15.881 15.93 15.855 15.662 15.52 15.381 15.741 15.64 15.517 15.376 15.235 15.086 15.645 15.472 15.3 15.18 15.069 15.409 15.266 15.146 15.047 14.879 15.303 15.398 15.245 14.857 14.688 14.497 15.212
41.0121 15.927 15.977 15.902 15.709 15.567 15.427 15.788 15.687 15.564 15.422 15.282 15.133 15.692 15.519 15.347 15.227 15.116 15.455 15.313 15.193 15.094 14.926 15.349 15.445 15.292 14.904 14.735 14.544 15.259
42.0014 15.974 16.023 15.948 15.756 15.613 15.474 15.835 15.733 15.611 15.469 15.328 15.18 15.738 15.566 15.394 15.273 15.162 15.502 15.359 15.239 15.14 14.972 15.396 15.491 15.338 14.95 14.781 14.591 15.306
43.0146 16.02 16.069 15.994 15.801 15.659 15.52 15.881 15.779 15.657 15.515 15.374 15.226 15.784 15.612 15.44 15.319 15.208 15.548 15.405 15.285 15.186 15.018 15.442 15.537 15.384 14.996 14.827 14.637 15.352
44.0523 16.066 16.115 16.04 15.847 15.705 15.566 15.927 15.825 15.703 15.561 15.42 15.272 15.83 15.658 15.486 15.365 15.254 15.594 15.451 15.331 15.232 15.064 15.488 15.583 15.43 15.042 14.873 14.683 15.398
45.1149 16.112 16.161 16.086 15.893 15.751 15.612 15.973 15.871 15.749 15.607 15.466 15.318 15.876 15.703 15.532 15.411 15.3 15.64 15.497 15.377 15.278 15.11 15.534 15.629 15.476 15.088 14.919 14.729 15.444
46.2033 16.158 16.207 16.132 15.939 15.797 15.658 16.019 15.917 15.795 15.653 15.512 15.364 15.922 15.749 15.578 15.457 15.346 15.686 15.543 15.423 15.324 15.156 15.58 15.675 15.522 15.134 14.965 14.775 15.49
47.3178 16.204 16.253 16.178 15.985 15.843 15.704 16.065 15.963 15.84 15.699 15.558 15.41 15.968 15.795 15.624 15.503 15.392 15.732 15.589 15.469 15.37 15.202 15.626 15.721 15.568 15.18 15.011 14.821 15.536
48.4593 16.25 16.299 16.224 16.031 15.889 15.75 16.111 16.009 15.886 15.745 15.604 15.456 16.014 15.841 15.669 15.549 15.438 15.778 15.635 15.515 15.416 15.248 15.672 15.767 15.614 15.226 15.057 14.867 15.581
49.6283 16.296 16.345 16.27 16.077 15.935 15.796 16.156 16.055 15.932 15.791 15.65 15.501 16.06 15.887 15.715 15.595 15.484 15.824 15.681 15.561 15.462 15.294 15.718 15.813 15.66 15.272 15.103 14.912 15.627
50.8255 16.342 16.391 16.316 16.123 15.981 15.842 16.202 16.101 15.978 15.836 15.696 15.547 16.106 15.933 15.761 15.641 15.53 15.869 15.727 15.607 15.508 15.34 15.764 15.859 15.706 15.318 15.149 14.958 15.673
52.0515 16.387 16.437 16.362 16.169 16.027 15.888 16.248 16.147 16.024 15.882 15.742 15.593 16.152 15.979 15.807 15.687 15.576 15.915 15.773 15.653 15.554 15.386 15.81 15.905 15.752 15.364 15.195 15.004 15.719
53.3072 16.432 16.482 16.407 16.214 16.071 15.932 16.293 16.191 16.069 15.927 15.787 15.638 16.196 16.024 15.852 15.731 15.621 15.96 15.818 15.698 15.599 15.43 15.854 15.949 15.797 15.409 15.239 15.049 15.764
54.5931 16.475 16.524 16.45 16.257 16.114 15.975 16.336 16.234 16.112 15.97 15.829 15.681 16.239 16.067 15.895 15.774 15.663 16.003 15.86 15.74 15.641 15.473 15.897 15.992 15.839 15.451 15.282 15.092 15.807
55.9101 16.518 16.567 16.492 16.299 16.157 16.018 16.379 16.277 16.155 16.013 15.872 15.724 16.282 16.109 15.938 15.817 15.706 16.046 15.903 15.783 15.684 15.516 15.94 16.035 15.882 15.494 15.325 15.135 15.85
57.2588 16.56 16.61 16.535 16.342 16.2 16.061 16.421 16.32 16.197 16.055 15.915 15.766 16.325 16.152 15.98 15.86 15.749 16.088 15.946 15.826 15.727 15.559 15.983 16.078 15.925 15.537 15.368 15.177 15.892
58.6401 16.603 16.653 16.578 16.385 16.242 16.103 16.464 16.362 16.24 16.098 15.958 15.809 16.367 16.195 16.023 15.902 15.792 16.131 15.989 15.869 15.77 15.601 16.025 16.12 15.968 15.58 15.41 15.22 15.935
60.0546 16.646 16.695 16.621 16.428 16.285 16.146 16.507 16.405 16.283 16.141 16.0 15.852 16.41 16.238 16.066 15.945 15.834 16.174 16.031 15.912 15.812 15.644 16.068 16.163 16.01 15.623 15.453 15.263 15.978
61.5034 16.689 16.738 16.663 16.47 16.328 16.189 16.55 16.448 16.326 16.184 16.043 15.895 16.453 16.28 16.109 15.988 15.877 16.217 16.074 15.954 15.855 15.687 16.111 16.206 16.053 15.665 15.496 15.306 16.021
62.987 16.731 16.781 16.706 16.513 16.371 16.232 16.592 16.491 16.368 16.226 16.086 15.937 16.496 16.323 16.151 16.031 15.92 16.259 16.117 15.997 15.898 15.73 16.154 16.249 16.096 15.708 15.539 15.348 16.063
64.5065 16.774 16.824 16.749 16.556 16.413 16.274 16.635 16.533 16.411 16.269 16.129 15.98 16.539 16.366 16.194 16.073 15.963 16.302 16.16 16.04 15.941 15.772 16.196 16.292 16.139 15.751 15.581 15.391 16.106
66.0626 16.817 16.866 16.792 16.599 16.456 16.317 16.678 16.576 16.454 16.312 16.171 16.023 16.581 16.409 16.237 16.116 16.005 16.345 16.202 16.083 15.984 15.815 16.239 16.334 16.181 15.794 15.624 15.434 16.149
67.6562 16.861 16.91 16.835 16.643 16.5 16.361 16.722 16.62 16.498 16.356 16.215 16.067 16.625 16.453 16.281 16.16 16.049 16.389 16.246 16.126 16.027 15.859 16.283 16.378 16.225 15.837 15.668 15.478 16.193
69.2883 16.906 16.955 16.88 16.687 16.545 16.406 16.767 16.665 16.543 16.401 16.26 16.112 16.67 16.497 16.326 16.205 16.094 16.434 16.291 16.171 16.072 15.904 16.328 16.423 16.27 15.882 15.713 15.523 16.238
70.9597 16.951 17.0 16.925 16.732 16.59 16.451 16.811 16.71 16.587 16.446 16.305 16.156 16.715 16.542 16.37 16.25 16.139 16.479 16.336 16.216 16.117 15.949 16.373 16.468 16.315 15.927 15.758 15.567 16.282
72.6715 16.995 17.045 16.97 16.777 16.635 16.496 16.856 16.755 16.632 16.49 16.35 16.201 16.76 16.587 16.415 16.295 16.184 16.523 16.381 16.261 16.162 15.994 16.418 16.513 16.36 15.972 15.803 15.612 16.327
74.4246 17.04 17.09 17.015 16.822 16.68 16.54 16.901 16.8 16.677 16.535 16.395 16.246 16.805 16.632 16.46 16.339 16.229 16.568 16.426 16.306 16.207 16.039 16.462 16.558 16.405 16.017 15.848 15.657 16.372
76.2199 17.085 17.135 17.06 16.867 16.724 16.585 16.946 16.844 16.722 16.58 16.44 16.291 16.849 16.677 16.505 16.384 16.274 16.613 16.471 16.351 16.252 16.083 16.507 16.602 16.45 16.062 15.892 15.702 16.417
78.0586 17.13 17.179 17.105 16.912 16.769 16.63 16.991 16.889 16.767 16.625 16.484 16.336 16.894 16.722 16.55 16.429 16.319 16.658 16.515 16.396 16.297 16.128 16.552 16.647 16.495 16.107 15.937 15.747 16.462
79.9416 17.175 17.224 17.149 16.957 16.814 16.675 17.036 16.934 16.812 16.67 16.529 16.381 16.939 16.767 16.595 16.474 16.363 16.703 16.56 16.44 16.341 16.173 16.597 16.692 16.539 16.151 15.982 15.792 16.507
81.87 17.22 17.269 17.194 17.001 16.859 16.72 17.081 16.979 16.857 16.715 16.574 16.426 16.984 16.811 16.64 16.519 16.408 16.748 16.605 16.485 16.386 16.218 16.642 16.737 16.584 16.196 16.027 15.837 16.552
83.845 17.265 17.314 17.239 17.046 16.904 16.765 17.125 17.024 16.901 16.76 16.619 16.47 17.029 16.856 16.684 16.564 16.453 16.793 16.65 16.53 16.431 16.263 16.687 16.782 16.629 16.241 16.072 15.881 16.596
85.8676 17.307 17.356 17.281 17.088 16.946 16.807 17.168 17.066 16.944 16.802 16.661 16.513 17.071 16.899 16.727 16.606 16.495 16.835 16.692 16.572 16.473 16.305 16.729 16.824 16.671 16.283 16.114 15.924 16.639
87.939 17.348 17.397 17.322 17.129 16.987 16.848 17.209 17.107 16.985 16.843 16.702 16.554 17.112 16.94 16.768 16.647 16.536 16.876 16.733 16.613 16.514 16.346 16.77 16.865 16.712 16.324 16.155 15.965 16.68
90.0604 17.389 17.438 17.363 17.17 17.028 16.889 17.25 17.148 17.026 16.884 16.743 16.595 17.153 16.981 16.809 16.688 16.577 16.917 16.774 16.654 16.555 16.387 16.811 16.906 16.753 16.365 16.196 16.006 16.721
92.2329 17.43 17.479 17.404 17.211 17.069 16.93 17.291 17.189 17.067 16.925 16.784 16.636 17.194 17.022 16.85 16.729 16.618 16.958 16.815 16.695 16.596 16.428 16.852 16.947 16.794 16.406 16.237 16.047 16.762
94.4579 17.471 17.52 17.445 17.252 17.11 16.971 17.332 17.23 17.108 16.966 16.825 16.677 17.235 17.063 16.891 16.77 16.659 16.999 16.856 16.736 16.637 16.469 16.893 16.988 16.835 16.447 16.278 16.088 16.803
96.7365 17.512 17.561 17.486 17.293 17.151 17.012 17.373 17.271 17.149 17.007 16.866 16.718 17.276 17.104 16.932 16.811 16.7 17.04 16.897 16.777 16.678 16.51 16.934 17.029 16.876 16.488 16.319 16.129 16.844
99.0701 17.553 17.602 17.527 17.334 17.192 17.053 17.414 17.312 17.19 17.048 16.907 16.759 17.317 17.145 16.973 16.852 16.741 17.081 16.938 16.818 16.719 16.551 16.975 17.07 16.917 16.529 16.36 16.17 16.885
101.4599 17.594 17.643 17.568 17.376 17.233 17.094 17.455 17.353 17.231 17.089 16.948 16.8 17.358 17.186 17.014 16.893 16.782 17.122 16.979 16.859 16.76 16.592 17.016 17.111 16.958 16.57 16.401 16.211 16.926
103.9075 17.635 17.684 17.609 17.417 17.274 17.135 17.496 17.394 17.272 17.13 16.989 16.841 17.399 17.227 17.055 16.934 16.823 17.163 17.02 16.9 16.801 16.633 17.057 17.152 16.999 16.611 16.442 16.252 16.967
106.4141 17.676 17.725 17.65 17.458 17.315 17.176 17.537 17.435 17.313 17.171 17.03 16.882 17.44 17.268 17.096 16.975 16.864 17.204 17.061 16.941 16.842 16.674 17.098 17.193 17.04 16.652 16.483 16.293 17.008
108.9811 17.715 17.764 17.689 17.496 17.354 17.215 17.576 17.474 17.352 17.21 17.069 16.921 17.479 17.306 17.135 17.014 16.903 17.243 17.1 16.98 16.881 16.713 17.137 17.232 17.079 16.691 16.522 16.332 17.047
111.6101 17.753 17.803 17.728 17.535 17.392 17.253 17.614 17.512 17.39 17.248 17.108 16.959 17.517 17.345 17.173 17.052 16.942 17.281 17.139 17.019 16.92 16.751 17.175 17.271 17.118 16.73 16.56 16.37 17.085
114.3025 17.792 17.841 17.766 17.573 17.431 17.292 17.653 17.551 17.428 17.287 17.146 16.998 17.556 17.383 17.211 17.091 16.98 17.32 17.177 17.057 16.958 16.79 17.214 17.309 17.156 16.768 16.599 16.409 17.124
117.0598 17.83 17.88 17.805 17.612 17.469 17.33 17.691 17.589 17.467 17.325 17.185 17.036 17.594 17.422 17.25 17.129 17.019 17.358 17.215 17.096 16.997 16.828 17.252 17.347 17.195 16.807 16.637 16.447 17.162
119.8836 17.869 17.918 17.843 17.65 17.508 17.369 17.729 17.628 17.505 17.363 17.223 17.074 17.633 17.46 17.288 17.168 17.057 17.396 17.254 17.134 17.035 16.867 17.291 17.386 17.233 16.845 16.676 16.485 17.2
122.7756 17.907 17.956 17.882 17.689 17.546 17.407 17.768 17.666 17.544 17.402 17.261 17.113 17.671 17.499 17.327 17.206 17.095 17.435 17.292 17.173 17.073 16.905 17.329 17.424 17.271 16.884 16.714 16.524 17.239
125.7373 17.945 17.995 17.92 17.727 17.585 17.445 17.806 17.705 17.582 17.44 17.3 17.151 17.71 17.537 17.365 17.245 17.134 17.473 17.331 17.211 17.112 16.944 17.368 17.463 17.31 16.922 16.753 16.562 17.277
128.7705 17.984 18.033 17.958 17.765 17.623 17.484 17.845 17.743 17.621 17.479 17.338 17.19 17.748 17.576 17.404 17.283 17.172 17.512 17.369 17.249 17.15 16.982 17.406 17.501 17.348 16.96 16.791 16.601 17.316
131.8769 18.022 18.072 17.997 17.804 17.661 17.522 17.883 17.782 17.659 17.517 17.377 17.228 17.787 17.614 17.442 17.321 17.211 17.55 17.408 17.288 17.189 17.021 17.444 17.54 17.387 16.999 16.83 16.639 17.354
135.0582 18.061 18.11 18.035 17.842 17.7 17.561 17.922 17.82 17.698 17.556 17.415 17.267 17.825 17.652 17.481 17.36 17.249 17.589 17.446 17.326 17.227 17.059 17.483 17.578 17.425 17.037 16.868 16.678 17.393
138.3162 18.103 18.152 18.077 17.884 17.742 17.603 17.963 17.862 17.739 17.598 17.457 17.308 17.867 17.694 17.522 17.402 17.291 17.631 17.488 17.368 17.269 17.101 17.525 17.62 17.467 17.079 16.91 16.719 17.434
141.6528 18.145 18.194 18.119 17.926 17.784 17.645 18.005 17.904 17.781 17.639 17.499 17.35 17.909 17.736 17.564 17.444 17.333 17.672 17.53 17.41 17.311 17.143 17.567 17.662 17.509 17.121 16.952 16.761 17.476
145.0699 18.187 18.236 18.161 17.968 17.826 17.687 18.047 17.946 17.823 17.681 17.541 17.392 17.951 17.778 17.606 17.486 17.375 17.714 17.572 17.452 17.353 17.185 17.609 17.704 17.551 17.163 16.994 16.803 17.518
148.5695 18.228 18.278 18.203 18.01 17.868 17.729 18.089 17.988 17.865 17.723 17.583 17.434 17.993 17.82 17.648 17.528 17.417 17.756 17.614 17.494 17.395 17.227 17.651 17.746 17.593 17.205 17.036 16.845 17.56
152.1534 18.27 18.32 18.245 18.052 17.91 17.771 18.131 18.03 17.907 17.765 17.625 17.476 18.035 17.862 17.69 17.57 17.459 17.798 17.656 17.536 17.437 17.269 17.693 17.788 17.635 17.247 17.078 16.887 17.602
155.8238 18.312 18.362 18.287 18.094 17.952 17.813 18.173 18.072 17.949 17.807 17.667 17.518 18.077 17.904 17.732 17.612 17.501 17.84 17.698 17.578 17.479 17.311 17.735 17.83 17.677 17.289 17.12 16.929 17.644
159.5828 18.354 18.404 18.329 18.136 17.994 17.855 18.215 18.114 17.991 17.849 17.709 17.56 18.119 17.946 17.774 17.654 17.543 17.882 17.74 17.62 17.521 17.353 17.777 17.872 17.719 17.331 17.162 16.971 17.686
163.4324 18.396 18.446 18.371 18.178 18.036 17.896 18.257 18.156 18.033 17.891 17.751 17.602 18.161 17.988 17.816 17.696 17.585 17.924 17.782 17.662 17.563 17.395 17.819 17.914 17.761 17.373 17.204 17.013 17.728
167.375 18.438 18.488 18.413 18.22 18.078 17.938 18.299 18.198 18.075 17.933 17.793 17.644 18.203 18.03 17.858 17.738 17.627 17.966 17.824 17.704 17.605 17.437 17.86 17.956 17.803 17.415 17.246 17.055 17.77
171.4126 18.48 18.529 18.454 18.261 18.119 17.98 18.341 18.239 18.117 17.975 17.834 17.686 18.244 18.072 17.9 17.779 17.668 18.008 17.865 17.745 17.646 17.478 17.902 17.997 17.844 17.456 17.287 17.097 17.812
175.5476 18.517 18.566 18.491 18.299 18.156 18.017 18.378 18.276 18.154 18.012 17.871 17.723 18.281 18.109 17.937 17.816 17.705 18.045 17.902 17.782 17.683 17.515 17.939 18.034 17.881 17.493 17.324 17.134 17.849
179.7823 18.554 18.603 18.529 18.336 18.193 18.054 18.415 18.313 18.191 18.049 17.908 17.76 18.318 18.146 17.974 17.853 17.742 18.082 17.939 17.82 17.72 17.552 17.976 18.071 17.918 17.531 17.361 17.171 17.886
184.1193 18.591 18.64 18.566 18.373 18.23 18.091 18.452 18.35 18.228 18.086 17.946 17.797 18.355 18.183 18.011 17.89 17.78 18.119 17.976 17.857 17.758 17.589 18.013 18.108 17.956 17.568 17.398 17.208 17.923
188.5608 18.628 18.678 18.603 18.41 18.267 18.128 18.489 18.387 18.265 18.123 17.983 17.834 18.392 18.22 18.048 17.927 17.817 18.156 18.014 17.894 17.795 17.626 18.05 18.145 17.993 17.605 17.435 17.245 17.96
193.1095 18.665 18.715 18.64 18.447 18.304 18.165 18.526 18.424 18.302 18.16 18.02 17.871 18.43 18.257 18.085 17.964 17.854 18.193 18.051 17.931 17.832 17.663 18.087 18.183 18.03 17.642 17.472 17.282 17.997
197.7679 18.702 18.752 18.677 18.484 18.342 18.202 18.563 18.462 18.339 18.197 18.057 17.908 18.467 18.294 18.122 18.001 17.891 18.23 18.088 17.968 17.869 17.701 18.124 18.22 18.067 17.679 17.51 17.319 18.034
202.5387 18.739 18.789 18.714 18.521 18.379 18.239 18.6 18.499 18.376 18.234 18.094 17.945 18.504 18.331 18.159 18.039 17.928 18.267 18.125 18.005 17.906 17.738 18.161 18.257 18.104 17.716 17.547 17.356 18.071
207.4245 18.776 18.826 18.751 18.558 18.416 18.277 18.637 18.536 18.413 18.271 18.131 17.982 18.541 18.368 18.196 18.076 17.965 18.304 18.162 18.042 17.943 17.775 18.199 18.294 18.141 17.753 17.584 17.393 18.108
212.4283 18.814 18.863 18.788 18.595 18.453 18.314 18.674 18.573 18.45 18.309 18.168 18.019 18.578 18.405 18.233 18.113 18.002 18.341 18.199 18.079 17.98 17.812 18.236 18.331 18.178 17.79 17.621 17.43 18.145
217.5527 18.85 18.9 18.825 18.632 18.49 18.35 18.711 18.61 18.487 18.345 18.205 18.056 18.615 18.442 18.27 18.149 18.039 18.378 18.236 18.116 18.017 17.849 18.272 18.368 18.215 17.827 17.658 17.467 18.182
222.8008 18.886 18.936 18.861 18.668 18.525 18.386 18.747 18.646 18.523 18.381 18.241 18.092 18.651 18.478 18.306 18.185 18.075 18.414 18.272 18.152 18.053 17.885 18.308 18.404 18.251 17.863 17.693 17.503 18.218
