web/models/grb/onaxis/16/grb_0.0000_26.8270_0.0015849.dat
# %ECSV 1.0
# ---
# datatype:
# - {name: time, datatype: float64}
# - {name: swift_uvot_uvw2, datatype: float64}
# - {name: swift_uvot_uvm2, datatype: float64}
# - {name: swift_uvot_uvw1, datatype: float64}
# - {name: swift_uvot_U, datatype: float64}
# - {name: swift_uvot_B, datatype: float64}
# - {name: swift_uvot_V, datatype: float64}
# - {name: swift_uvot_W, datatype: float64}
# - {name: johnson_U, datatype: float64}
# - {name: johnson_B, datatype: float64}
# - {name: johnson_V, datatype: float64}
# - {name: johnson_R, datatype: float64}
# - {name: johnson_I, datatype: float64}
# - {name: sdss_u, datatype: float64}
# - {name: sdss_g, datatype: float64}
# - {name: sdss_r, datatype: float64}
# - {name: sdss_i, datatype: float64}
# - {name: sdss_z, datatype: float64}
# - {name: PS1_g, datatype: float64}
# - {name: PS1_r, datatype: float64}
# - {name: PS1_i, datatype: float64}
# - {name: PS1_z, datatype: float64}
# - {name: PS1_Y, datatype: float64}
# - {name: PS1_w, datatype: float64}
# - {name: ATLAS_c, datatype: float64}
# - {name: ATLAS_o, datatype: float64}
# - {name: ukirt_J, datatype: float64}
# - {name: ukirt_H, datatype: float64}
# - {name: ukirt_K, datatype: float64}
# - {name: Clear, datatype: float64}
# meta: !!omap
# - comment: [E = 0.011641960487160343, Eta0 = 8.02, GammaB = 12.0, dL = 0.012188, epsb = 6.760829753919819e-06, epse = 0.1, n = 0.001584893192461114,
#     p = 2.15, theta_obs = 0.0, xiN = 1.0, z = 0.0, type = grb, E_kiso = 26.826957952797247]
# schema: astropy-2.0
time swift_uvot_uvw2 swift_uvot_uvm2 swift_uvot_uvw1 swift_uvot_U swift_uvot_B swift_uvot_V swift_uvot_W johnson_U johnson_B johnson_V johnson_R johnson_I sdss_u sdss_g sdss_r sdss_i sdss_z PS1_g PS1_r PS1_i PS1_z PS1_Y PS1_w ATLAS_c ATLAS_o ukirt_J ukirt_H ukirt_K Clear
0.01 -6.401 -6.351 -6.426 -6.619 -6.761 -6.9 -6.54 -6.641 -6.764 -6.906 -7.046 -7.195 -6.636 -6.809 -6.981 -7.101 -7.212 -6.873 -7.015 -7.135 -7.234 -7.402 -6.978 -6.883 -7.036 -7.424 -7.593 -7.784 -7.069
0.0102 -6.409 -6.36 -6.434 -6.627 -6.77 -6.909 -6.548 -6.65 -6.772 -6.914 -7.055 -7.203 -6.645 -6.817 -6.989 -7.11 -7.22 -6.881 -7.024 -7.143 -7.242 -7.411 -6.987 -6.892 -7.044 -7.432 -7.602 -7.792 -7.077
0.0105 -6.417 -6.368 -6.443 -6.636 -6.778 -6.917 -6.557 -6.658 -6.781 -6.922 -7.063 -7.212 -6.653 -6.826 -6.998 -7.118 -7.229 -6.889 -7.032 -7.152 -7.251 -7.419 -6.995 -6.9 -7.053 -7.441 -7.61 -7.801 -7.086
0.0107 -6.426 -6.376 -6.451 -6.644 -6.787 -6.926 -6.565 -6.667 -6.789 -6.931 -7.071 -7.22 -6.662 -6.834 -7.006 -7.127 -7.237 -6.898 -7.04 -7.16 -7.259 -7.428 -7.004 -6.909 -7.061 -7.449 -7.619 -7.809 -7.094
0.011 -6.434 -6.385 -6.46 -6.653 -6.795 -6.934 -6.573 -6.675 -6.797 -6.939 -7.08 -7.228 -6.67 -6.843 -7.014 -7.135 -7.246 -6.906 -7.049 -7.169 -7.268 -7.436 -7.012 -6.917 -7.07 -7.458 -7.627 -7.817 -7.102
0.0113 -6.443 -6.393 -6.468 -6.661 -6.804 -6.943 -6.582 -6.683 -6.806 -6.948 -7.088 -7.237 -6.678 -6.851 -7.023 -7.144 -7.254 -6.915 -7.057 -7.177 -7.276 -7.444 -7.021 -6.925 -7.078 -7.466 -7.636 -7.826 -7.111
0.0115 -6.451 -6.402 -6.477 -6.67 -6.812 -6.951 -6.59 -6.692 -6.814 -6.956 -7.097 -7.245 -6.687 -6.859 -7.031 -7.152 -7.263 -6.923 -7.066 -7.186 -7.285 -7.453 -7.029 -6.934 -7.087 -7.475 -7.644 -7.834 -7.119
0.0118 -6.46 -6.41 -6.485 -6.678 -6.82 -6.959 -6.599 -6.7 -6.823 -6.965 -7.105 -7.254 -6.695 -6.868 -7.04 -7.16 -7.271 -6.932 -7.074 -7.194 -7.293 -7.461 -7.037 -6.942 -7.095 -7.483 -7.652 -7.843 -7.128
0.0121 -6.468 -6.419 -6.493 -6.686 -6.829 -6.968 -6.607 -6.709 -6.831 -6.973 -7.114 -7.262 -6.704 -6.876 -7.048 -7.169 -7.28 -6.94 -7.083 -7.202 -7.302 -7.47 -7.046 -6.951 -7.104 -7.491 -7.661 -7.851 -7.136
0.0124 -6.478 -6.429 -6.504 -6.697 -6.839 -6.978 -6.617 -6.719 -6.842 -6.983 -7.124 -7.272 -6.714 -6.887 -7.059 -7.179 -7.29 -6.95 -7.093 -7.213 -7.312 -7.48 -7.056 -6.961 -7.114 -7.502 -7.671 -7.861 -7.146
0.0127 -6.491 -6.442 -6.517 -6.71 -6.852 -6.991 -6.63 -6.732 -6.854 -6.996 -7.137 -7.285 -6.727 -6.899 -7.071 -7.192 -7.303 -6.963 -7.106 -7.226 -7.325 -7.493 -7.069 -6.974 -7.127 -7.515 -7.684 -7.874 -7.159
0.013 -6.504 -6.455 -6.529 -6.722 -6.865 -7.004 -6.643 -6.745 -6.867 -7.009 -7.15 -7.298 -6.74 -6.912 -7.084 -7.205 -7.315 -6.976 -7.119 -7.238 -7.337 -7.506 -7.082 -6.987 -7.139 -7.527 -7.697 -7.887 -7.172
0.0133 -6.517 -6.467 -6.542 -6.735 -6.878 -7.017 -6.656 -6.758 -6.88 -7.022 -7.162 -7.311 -6.753 -6.925 -7.097 -7.218 -7.328 -6.989 -7.131 -7.251 -7.35 -7.519 -7.095 -6.999 -7.152 -7.54 -7.71 -7.9 -7.185
0.0136 -6.53 -6.48 -6.555 -6.748 -6.89 -7.03 -6.669 -6.77 -6.893 -7.035 -7.175 -7.324 -6.765 -6.938 -7.11 -7.23 -7.341 -7.002 -7.144 -7.264 -7.363 -7.531 -7.107 -7.012 -7.165 -7.553 -7.722 -7.913 -7.198
0.014 -6.542 -6.493 -6.568 -6.761 -6.903 -7.042 -6.682 -6.783 -6.906 -7.047 -7.188 -7.337 -6.778 -6.951 -7.123 -7.243 -7.354 -7.014 -7.157 -7.277 -7.376 -7.544 -7.12 -7.025 -7.178 -7.566 -7.735 -7.926 -7.211
0.0143 -6.555 -6.506 -6.581 -6.774 -6.916 -7.055 -6.694 -6.796 -6.918 -7.06 -7.201 -7.349 -6.791 -6.964 -7.135 -7.256 -7.367 -7.027 -7.17 -7.29 -7.389 -7.557 -7.133 -7.038 -7.191 -7.579 -7.748 -7.938 -7.223
0.0146 -6.568 -6.519 -6.593 -6.786 -6.929 -7.068 -6.707 -6.809 -6.931 -7.073 -7.214 -7.362 -6.804 -6.976 -7.148 -7.269 -7.38 -7.04 -7.183 -7.302 -7.402 -7.57 -7.146 -7.051 -7.204 -7.591 -7.761 -7.951 -7.236
0.015 -6.581 -6.531 -6.606 -6.799 -6.942 -7.081 -6.72 -6.822 -6.944 -7.086 -7.226 -7.375 -6.817 -6.989 -7.161 -7.282 -7.392 -7.053 -7.195 -7.315 -7.414 -7.583 -7.159 -7.064 -7.216 -7.604 -7.774 -7.964 -7.249
0.0154 -6.594 -6.544 -6.619 -6.812 -6.954 -7.094 -6.733 -6.834 -6.957 -7.099 -7.239 -7.388 -6.829 -7.002 -7.174 -7.295 -7.405 -7.066 -7.208 -7.328 -7.427 -7.595 -7.172 -7.076 -7.229 -7.617 -7.786 -7.977 -7.262
0.0157 -6.606 -6.557 -6.632 -6.825 -6.967 -7.106 -6.745 -6.847 -6.97 -7.111 -7.252 -7.4 -6.842 -7.015 -7.187 -7.307 -7.418 -7.078 -7.221 -7.341 -7.44 -7.608 -7.184 -7.089 -7.242 -7.63 -7.799 -7.989 -7.274
0.0161 -6.619 -6.57 -6.644 -6.837 -6.98 -7.119 -6.758 -6.86 -6.982 -7.124 -7.265 -7.413 -6.855 -7.027 -7.199 -7.32 -7.431 -7.091 -7.234 -7.353 -7.452 -7.621 -7.197 -7.102 -7.255 -7.642 -7.812 -8.002 -7.287
0.0165 -6.632 -6.582 -6.657 -6.85 -6.992 -7.132 -6.771 -6.872 -6.995 -7.137 -7.277 -7.426 -6.867 -7.04 -7.212 -7.333 -7.443 -7.104 -7.246 -7.366 -7.465 -7.633 -7.21 -7.114 -7.267 -7.655 -7.824 -8.015 -7.3
0.0169 -6.644 -6.595 -6.67 -6.863 -7.005 -7.144 -6.783 -6.885 -7.008 -7.149 -7.29 -7.438 -6.88 -7.053 -7.225 -7.345 -7.456 -7.116 -7.259 -7.379 -7.478 -7.646 -7.222 -7.127 -7.28 -7.668 -7.837 -8.027 -7.312
0.0173 -6.657 -6.608 -6.682 -6.875 -7.018 -7.157 -6.796 -6.898 -7.02 -7.162 -7.303 -7.451 -6.893 -7.065 -7.237 -7.358 -7.469 -7.129 -7.272 -7.391 -7.49 -7.659 -7.235 -7.14 -7.293 -7.68 -7.85 -8.04 -7.325
0.0177 -6.67 -6.62 -6.695 -6.888 -7.03 -7.17 -6.809 -6.91 -7.033 -7.175 -7.315 -7.464 -6.905 -7.078 -7.25 -7.371 -7.481 -7.142 -7.284 -7.404 -7.503 -7.671 -7.248 -7.152 -7.305 -7.693 -7.862 -8.053 -7.338
0.0181 -6.682 -6.633 -6.708 -6.901 -7.043 -7.182 -6.821 -6.923 -7.046 -7.187 -7.328 -7.476 -6.918 -7.091 -7.262 -7.383 -7.494 -7.154 -7.297 -7.417 -7.516 -7.684 -7.26 -7.165 -7.318 -7.706 -7.875 -8.065 -7.35
0.0186 -6.695 -6.646 -6.72 -6.913 -7.056 -7.195 -6.834 -6.936 -7.058 -7.2 -7.341 -7.489 -6.931 -7.103 -7.275 -7.396 -7.507 -7.167 -7.31 -7.429 -7.528 -7.697 -7.273 -7.178 -7.33 -7.718 -7.888 -8.078 -7.363
0.019 -6.708 -6.658 -6.733 -6.926 -7.068 -7.208 -6.847 -6.948 -7.071 -7.213 -7.353 -7.502 -6.943 -7.116 -7.288 -7.409 -7.519 -7.18 -7.322 -7.442 -7.541 -7.709 -7.286 -7.19 -7.343 -7.731 -7.9 -8.091 -7.376
0.0195 -6.72 -6.67 -6.745 -6.938 -7.081 -7.22 -6.859 -6.961 -7.083 -7.225 -7.365 -7.514 -6.956 -7.128 -7.3 -7.421 -7.531 -7.192 -7.334 -7.454 -7.553 -7.722 -7.298 -7.203 -7.355 -7.743 -7.913 -8.103 -7.388
0.02 -6.728 -6.679 -6.754 -6.947 -7.089 -7.228 -6.867 -6.969 -7.092 -7.233 -7.374 -7.522 -6.964 -7.137 -7.308 -7.429 -7.54 -7.2 -7.343 -7.463 -7.562 -7.73 -7.306 -7.211 -7.364 -7.752 -7.921 -8.111 -7.396
0.0204 -6.737 -6.687 -6.762 -6.955 -7.098 -7.237 -6.876 -6.978 -7.1 -7.242 -7.382 -7.531 -6.973 -7.145 -7.317 -7.438 -7.548 -7.209 -7.351 -7.471 -7.57 -7.739 -7.315 -7.219 -7.372 -7.76 -7.93 -8.12 -7.405
0.0209 -6.745 -6.696 -6.771 -6.964 -7.106 -7.245 -6.884 -6.986 -7.108 -7.25 -7.391 -7.539 -6.981 -7.154 -7.325 -7.446 -7.557 -7.217 -7.36 -7.48 -7.579 -7.747 -7.323 -7.228 -7.381 -7.769 -7.938 -8.128 -7.413
0.0214 -6.754 -6.704 -6.779 -6.972 -7.115 -7.254 -6.893 -6.994 -7.117 -7.259 -7.399 -7.548 -6.989 -7.162 -7.334 -7.455 -7.565 -7.226 -7.368 -7.488 -7.587 -7.755 -7.332 -7.236 -7.389 -7.777 -7.947 -8.137 -7.422
0.022 -6.762 -6.713 -6.788 -6.981 -7.123 -7.262 -6.901 -7.003 -7.125 -7.267 -7.408 -7.556 -6.998 -7.17 -7.342 -7.463 -7.574 -7.234 -7.377 -7.497 -7.596 -7.764 -7.34 -7.245 -7.398 -7.786 -7.955 -8.145 -7.43
0.0225 -6.771 -6.721 -6.796 -6.989 -7.131 -7.271 -6.91 -7.011 -7.134 -7.276 -7.416 -7.565 -7.006 -7.179 -7.351 -7.472 -7.582 -7.243 -7.385 -7.505 -7.604 -7.772 -7.349 -7.253 -7.406 -7.794 -7.963 -8.154 -7.439
0.023 -6.779 -6.73 -6.805 -6.997 -7.14 -7.279 -6.918 -7.02 -7.142 -7.284 -7.425 -7.573 -7.015 -7.187 -7.359 -7.48 -7.591 -7.251 -7.394 -7.514 -7.613 -7.781 -7.357 -7.262 -7.415 -7.803 -7.972 -8.162 -7.447
0.0236 -6.788 -6.738 -6.813 -7.006 -7.148 -7.287 -6.927 -7.028 -7.151 -7.293 -7.433 -7.582 -7.023 -7.196 -7.368 -7.488 -7.599 -7.26 -7.402 -7.522 -7.621 -7.789 -7.365 -7.27 -7.423 -7.811 -7.98 -8.171 -7.456
0.0242 -6.796 -6.747 -6.821 -7.014 -7.157 -7.296 -6.935 -7.037 -7.159 -7.301 -7.442 -7.59 -7.032 -7.204 -7.376 -7.497 -7.608 -7.268 -7.411 -7.531 -7.63 -7.798 -7.374 -7.279 -7.432 -7.82 -7.989 -8.179 -7.464
0.0247 -6.803 -6.754 -6.829 -7.022 -7.164 -7.303 -6.943 -7.044 -7.167 -7.308 -7.449 -7.598 -7.039 -7.212 -7.384 -7.504 -7.615 -7.275 -7.418 -7.538 -7.637 -7.805 -7.381 -7.286 -7.439 -7.827 -7.996 -8.187 -7.472
0.0253 -6.808 -6.758 -6.833 -7.026 -7.168 -7.307 -6.947 -7.048 -7.171 -7.313 -7.453 -7.602 -7.043 -7.216 -7.388 -7.508 -7.619 -7.28 -7.422 -7.542 -7.641 -7.809 -7.385 -7.29 -7.443 -7.831 -8.0 -8.191 -7.476
0.0259 -6.812 -6.762 -6.837 -7.03 -7.172 -7.312 -6.951 -7.052 -7.175 -7.317 -7.457 -7.606 -7.047 -7.22 -7.392 -7.513 -7.623 -7.284 -7.426 -7.546 -7.645 -7.813 -7.39 -7.294 -7.447 -7.835 -8.004 -8.195 -7.48
0.0266 -6.816 -6.766 -6.841 -7.034 -7.177 -7.316 -6.955 -7.057 -7.179 -7.321 -7.461 -7.61 -7.052 -7.224 -7.396 -7.517 -7.627 -7.288 -7.43 -7.55 -7.649 -7.818 -7.394 -7.299 -7.451 -7.839 -8.009 -8.199 -7.484
0.0272 -6.82 -6.771 -6.845 -7.038 -7.181 -7.32 -6.959 -7.061 -7.183 -7.325 -7.466 -7.614 -7.056 -7.228 -7.4 -7.521 -7.631 -7.292 -7.435 -7.554 -7.653 -7.822 -7.398 -7.303 -7.455 -7.843 -8.013 -8.203 -7.488
0.0279 -6.824 -6.775 -6.85 -7.042 -7.185 -7.324 -6.963 -7.065 -7.187 -7.329 -7.47 -7.618 -7.06 -7.232 -7.404 -7.525 -7.636 -7.296 -7.439 -7.559 -7.658 -7.826 -7.402 -7.307 -7.46 -7.848 -8.017 -8.207 -7.492
0.0285 -6.828 -6.779 -6.854 -7.047 -7.189 -7.328 -6.967 -7.069 -7.191 -7.333 -7.474 -7.622 -7.064 -7.237 -7.408 -7.529 -7.64 -7.3 -7.443 -7.563 -7.662 -7.83 -7.406 -7.311 -7.464 -7.852 -8.021 -8.211 -7.496
0.0292 -6.832 -6.783 -6.858 -7.051 -7.193 -7.332 -6.972 -7.073 -7.196 -7.337 -7.478 -7.627 -7.068 -7.241 -7.413 -7.533 -7.644 -7.304 -7.447 -7.567 -7.666 -7.834 -7.41 -7.315 -7.468 -7.856 -8.025 -8.216 -7.501
0.0299 -6.837 -6.787 -6.862 -7.055 -7.197 -7.336 -6.976 -7.077 -7.2 -7.342 -7.482 -7.631 -7.072 -7.245 -7.417 -7.537 -7.648 -7.309 -7.451 -7.571 -7.67 -7.838 -7.414 -7.319 -7.472 -7.86 -8.029 -8.22 -7.505
0.0307 -6.841 -6.791 -6.866 -7.059 -7.201 -7.341 -6.98 -7.081 -7.204 -7.346 -7.486 -7.635 -7.076 -7.249 -7.421 -7.542 -7.652 -7.313 -7.455 -7.575 -7.674 -7.842 -7.419 -7.323 -7.476 -7.864 -8.033 -8.224 -7.509
0.0314 -6.84 -6.791 -6.866 -7.059 -7.201 -7.34 -6.979 -7.081 -7.203 -7.345 -7.486 -7.634 -7.076 -7.249 -7.42 -7.541 -7.652 -7.312 -7.455 -7.575 -7.674 -7.842 -7.418 -7.323 -7.476 -7.864 -8.033 -8.223 -7.508
0.0322 -6.833 -6.783 -6.858 -7.051 -7.194 -7.333 -6.972 -7.074 -7.196 -7.338 -7.478 -7.627 -7.069 -7.241 -7.413 -7.534 -7.644 -7.305 -7.447 -7.567 -7.666 -7.835 -7.411 -7.316 -7.468 -7.856 -8.026 -8.216 -7.501
0.0329 -6.825 -6.776 -6.851 -7.044 -7.186 -7.325 -6.965 -7.066 -7.189 -7.331 -7.471 -7.62 -7.061 -7.234 -7.406 -7.526 -7.637 -7.298 -7.44 -7.56 -7.659 -7.827 -7.403 -7.308 -7.461 -7.849 -8.018 -8.209 -7.494
0.0337 -6.818 -6.769 -6.843 -7.036 -7.179 -7.318 -6.957 -7.059 -7.181 -7.323 -7.464 -7.612 -7.054 -7.226 -7.398 -7.519 -7.63 -7.29 -7.433 -7.553 -7.652 -7.82 -7.396 -7.301 -7.454 -7.842 -8.011 -8.201 -7.486
0.0345 -6.811 -6.761 -6.836 -7.029 -7.171 -7.311 -6.95 -7.051 -7.174 -7.316 -7.456 -7.605 -7.046 -7.219 -7.391 -7.512 -7.622 -7.283 -7.425 -7.545 -7.644 -7.812 -7.389 -7.293 -7.446 -7.834 -8.003 -8.194 -7.479
0.0354 -6.803 -6.754 -6.829 -7.022 -7.164 -7.303 -6.942 -7.044 -7.166 -7.308 -7.449 -7.597 -7.039 -7.212 -7.383 -7.504 -7.615 -7.275 -7.418 -7.538 -7.637 -7.805 -7.381 -7.286 -7.439 -7.827 -7.996 -8.186 -7.471
0.0362 -6.796 -6.746 -6.821 -7.014 -7.157 -7.296 -6.935 -7.037 -7.159 -7.301 -7.441 -7.59 -7.032 -7.204 -7.376 -7.497 -7.607 -7.268 -7.411 -7.53 -7.629 -7.798 -7.374 -7.279 -7.431 -7.819 -7.989 -8.179 -7.464
0.0371 -6.788 -6.739 -6.814 -7.007 -7.149 -7.288 -6.928 -7.029 -7.152 -7.294 -7.434 -7.583 -7.024 -7.197 -7.369 -7.489 -7.6 -7.261 -7.403 -7.523 -7.622 -7.79 -7.366 -7.271 -7.424 -7.812 -7.981 -8.172 -7.457
0.038 -6.781 -6.732 -6.807 -6.999 -7.142 -7.281 -6.92 -7.022 -7.144 -7.286 -7.427 -7.575 -7.017 -7.189 -7.361 -7.482 -7.593 -7.253 -7.396 -7.516 -7.615 -7.783 -7.359 -7.264 -7.417 -7.805 -7.974 -8.164 -7.449
0.0389 -6.774 -6.724 -6.799 -6.992 -7.134 -7.274 -6.913 -7.014 -7.137 -7.279 -7.419 -7.568 -7.009 -7.182 -7.354 -7.475 -7.585 -7.246 -7.388 -7.508 -7.607 -7.775 -7.352 -7.256 -7.409 -7.797 -7.966 -8.157 -7.442
0.0398 -6.764 -6.714 -6.789 -6.982 -7.125 -7.264 -6.903 -7.005 -7.127 -7.269 -7.409 -7.558 -6.999 -7.172 -7.344 -7.465 -7.575 -7.236 -7.378 -7.498 -7.597 -7.766 -7.342 -7.246 -7.399 -7.787 -7.957 -8.147 -7.432
0.0408 -6.752 -6.702 -6.777 -6.97 -7.112 -7.252 -6.891 -6.992 -7.115 -7.257 -7.397 -7.546 -6.987 -7.16 -7.332 -7.453 -7.563 -7.224 -7.366 -7.486 -7.585 -7.753 -7.33 -7.234 -7.387 -7.775 -7.944 -8.135 -7.42
0.0418 -6.74 -6.69 -6.765 -6.958 -7.1 -7.24 -6.879 -6.98 -7.103 -7.245 -7.385 -7.534 -6.975 -7.148 -7.32 -7.44 -7.551 -7.212 -7.354 -7.474 -7.573 -7.741 -7.318 -7.222 -7.375 -7.763 -7.932 -8.123 -7.408
0.0428 -6.728 -6.678 -6.753 -6.946 -7.088 -7.227 -6.867 -6.968 -7.091 -7.233 -7.373 -7.522 -6.963 -7.136 -7.308 -7.428 -7.539 -7.2 -7.342 -7.462 -7.561 -7.729 -7.305 -7.21 -7.363 -7.751 -7.92 -8.111 -7.396
0.0438 -6.715 -6.666 -6.741 -6.934 -7.076 -7.215 -6.855 -6.956 -7.079 -7.221 -7.361 -7.51 -6.951 -7.124 -7.296 -7.416 -7.527 -7.188 -7.33 -7.45 -7.549 -7.717 -7.293 -7.198 -7.351 -7.739 -7.908 -8.099 -7.384
0.0449 -6.703 -6.654 -6.729 -6.922 -7.064 -7.203 -6.843 -6.944 -7.067 -7.208 -7.349 -7.498 -6.939 -7.112 -7.284 -7.404 -7.515 -7.175 -7.318 -7.438 -7.537 -7.705 -7.281 -7.186 -7.339 -7.727 -7.896 -8.087 -7.372
0.046 -6.691 -6.642 -6.717 -6.91 -7.052 -7.191 -6.83 -6.932 -7.055 -7.196 -7.337 -7.485 -6.927 -7.1 -7.271 -7.392 -7.503 -7.163 -7.306 -7.426 -7.525 -7.693 -7.269 -7.174 -7.327 -7.715 -7.884 -8.074 -7.359
0.0471 -6.679 -6.63 -6.705 -6.898 -7.04 -7.179 -6.818 -6.92 -7.042 -7.184 -7.325 -7.473 -6.915 -7.088 -7.259 -7.38 -7.491 -7.151 -7.294 -7.414 -7.513 -7.681 -7.257 -7.162 -7.315 -7.703 -7.872 -8.062 -7.347
0.0482 -6.667 -6.618 -6.693 -6.886 -7.028 -7.167 -6.806 -6.908 -7.03 -7.172 -7.313 -7.461 -6.903 -7.075 -7.247 -7.368 -7.479 -7.139 -7.282 -7.402 -7.501 -7.669 -7.245 -7.15 -7.303 -7.691 -7.86 -8.05 -7.335
0.0494 -6.655 -6.606 -6.681 -6.873 -7.016 -7.155 -6.794 -6.896 -7.018 -7.16 -7.301 -7.449 -6.891 -7.063 -7.235 -7.356 -7.467 -7.127 -7.27 -7.39 -7.489 -7.657 -7.233 -7.138 -7.291 -7.679 -7.848 -8.038 -7.323
0.0506 -6.65 -6.6 -6.675 -6.868 -7.011 -7.15 -6.789 -6.891 -7.013 -7.155 -7.295 -7.444 -6.886 -7.058 -7.23 -7.351 -7.461 -7.122 -7.264 -7.384 -7.483 -7.652 -7.228 -7.133 -7.285 -7.673 -7.843 -8.033 -7.318
0.0518 -6.648 -6.598 -6.673 -6.866 -7.008 -7.148 -6.787 -6.888 -7.011 -7.153 -7.293 -7.442 -6.883 -7.056 -7.228 -7.348 -7.459 -7.12 -7.262 -7.382 -7.481 -7.649 -7.226 -7.13 -7.283 -7.671 -7.84 -8.031 -7.316
0.053 -6.645 -6.596 -6.671 -6.864 -7.006 -7.145 -6.785 -6.886 -7.009 -7.15 -7.291 -7.44 -6.881 -7.054 -7.226 -7.346 -7.457 -7.118 -7.26 -7.38 -7.479 -7.647 -7.223 -7.128 -7.281 -7.669 -7.838 -8.029 -7.314
0.0543 -6.643 -6.594 -6.669 -6.862 -7.004 -7.143 -6.782 -6.884 -7.006 -7.148 -7.289 -7.437 -6.879 -7.052 -7.223 -7.344 -7.455 -7.115 -7.258 -7.378 -7.477 -7.645 -7.221 -7.126 -7.279 -7.667 -7.836 -8.026 -7.311
0.0556 -6.641 -6.592 -6.666 -6.859 -7.002 -7.141 -6.78 -6.882 -7.004 -7.146 -7.287 -7.435 -6.877 -7.049 -7.221 -7.342 -7.453 -7.113 -7.256 -7.376 -7.475 -7.643 -7.219 -7.124 -7.277 -7.665 -7.834 -8.024 -7.309
0.057 -6.639 -6.589 -6.664 -6.857 -7.0 -7.139 -6.778 -6.88 -7.002 -7.144 -7.284 -7.433 -6.875 -7.047 -7.219 -7.34 -7.45 -7.111 -7.253 -7.373 -7.472 -7.641 -7.217 -7.122 -7.274 -7.662 -7.832 -8.022 -7.307
0.0584 -6.637 -6.587 -6.662 -6.855 -6.997 -7.137 -6.776 -6.877 -7.0 -7.142 -7.282 -7.431 -6.872 -7.045 -7.217 -7.338 -7.448 -7.109 -7.251 -7.371 -7.47 -7.638 -7.215 -7.119 -7.272 -7.66 -7.829 -8.02 -7.305
0.0598 -6.634 -6.585 -6.66 -6.853 -6.995 -7.134 -6.774 -6.875 -6.998 -7.14 -7.28 -7.429 -6.87 -7.043 -7.215 -7.335 -7.446 -7.107 -7.249 -7.369 -7.468 -7.636 -7.212 -7.117 -7.27 -7.658 -7.827 -8.018 -7.303
0.0612 -6.632 -6.583 -6.658 -6.851 -6.993 -7.132 -6.771 -6.873 -6.995 -7.137 -7.278 -7.426 -6.868 -7.041 -7.212 -7.333 -7.444 -7.104 -7.247 -7.367 -7.466 -7.634 -7.21 -7.115 -7.268 -7.656 -7.825 -8.015 -7.3
