web/models/grb/onaxis/16/grb_0.0000_71.9686_0.0000025.dat
# %ECSV 1.0
# ---
# datatype:
# - {name: time, datatype: float64}
# - {name: swift_uvot_uvw2, datatype: float64}
# - {name: swift_uvot_uvm2, datatype: float64}
# - {name: swift_uvot_uvw1, datatype: float64}
# - {name: swift_uvot_U, datatype: float64}
# - {name: swift_uvot_B, datatype: float64}
# - {name: swift_uvot_V, datatype: float64}
# - {name: swift_uvot_W, datatype: float64}
# - {name: johnson_U, datatype: float64}
# - {name: johnson_B, datatype: float64}
# - {name: johnson_V, datatype: float64}
# - {name: johnson_R, datatype: float64}
# - {name: johnson_I, datatype: float64}
# - {name: sdss_u, datatype: float64}
# - {name: sdss_g, datatype: float64}
# - {name: sdss_r, datatype: float64}
# - {name: sdss_i, datatype: float64}
# - {name: sdss_z, datatype: float64}
# - {name: PS1_g, datatype: float64}
# - {name: PS1_r, datatype: float64}
# - {name: PS1_i, datatype: float64}
# - {name: PS1_z, datatype: float64}
# - {name: PS1_Y, datatype: float64}
# - {name: ukirt_J, datatype: float64}
# - {name: ukirt_H, datatype: float64}
# - {name: ukirt_K, datatype: float64}
# meta: !!omap
# - comment: [E = 0.031231838447717777, Eta0 = 8.02, GammaB = 12.0, dL = 0.012188, epsb = 6.760829753919819e-06, epse = 0.1, n = 2.5118864315095823e-06,
#     p = 2.15, theta_obs = 0.0, xiN = 1.0, z = 0.0, type = grb, E_kiso = 71.96856730011521]
# schema: astropy-2.0
time swift_uvot_uvw2 swift_uvot_uvm2 swift_uvot_uvw1 swift_uvot_U swift_uvot_B swift_uvot_V swift_uvot_W johnson_U johnson_B johnson_V johnson_R johnson_I sdss_u sdss_g sdss_r sdss_i sdss_z PS1_g PS1_r PS1_i PS1_z PS1_Y ukirt_J ukirt_H ukirt_K
[from data line 269]
6.0917 -2.082 -2.033 -2.108 -2.301 -2.443 -2.582 -2.221 -2.323 -2.445 -2.587 -2.728 -2.876 -2.318 -2.491 -2.662 -2.783 -2.894 -2.554 -2.697 -2.817 -2.916 -3.084 -3.106 -3.275 -3.465
6.2386 -2.063 -2.014 -2.088 -2.281 -2.424 -2.563 -2.202 -2.304 -2.426 -2.568 -2.709 -2.857 -2.299 -2.471 -2.643 -2.764 -2.875 -2.535 -2.678 -2.798 -2.897 -3.065 -3.087 -3.256 -3.446
6.3891 -2.042 -1.993 -2.068 -2.261 -2.403 -2.542 -2.181 -2.283 -2.405 -2.547 -2.688 -2.836 -2.278 -2.45 -2.622 -2.743 -2.854 -2.514 -2.657 -2.777 -2.876 -3.044 -3.066 -3.235 -3.425
6.5433 -2.021 -1.972 -2.047 -2.24 -2.382 -2.521 -2.16 -2.262 -2.384 -2.526 -2.667 -2.815 -2.257 -2.43 -2.601 -2.722 -2.833 -2.493 -2.636 -2.756 -2.855 -3.023 -3.045 -3.214 -3.404
6.7011 -2.0 -1.951 -2.026 -2.219 -2.361 -2.5 -2.139 -2.241 -2.364 -2.505 -2.646 -2.794 -2.236 -2.409 -2.581 -2.701 -2.812 -2.472 -2.615 -2.735 -2.834 -3.002 -3.024 -3.193 -3.383
6.8627 -1.979 -1.93 -2.005 -2.198 -2.34 -2.479 -2.119 -2.22 -2.343 -2.485 -2.625 -2.774 -2.215 -2.388 -2.56 -2.68 -2.791 -2.452 -2.594 -2.714 -2.813 -2.981 -3.003 -3.172 -3.363
7.0283 -1.959 -1.909 -1.984 -2.177 -2.319 -2.458 -2.098 -2.199 -2.322 -2.464 -2.604 -2.753 -2.194 -2.367 -2.539 -2.659 -2.77 -2.431 -2.573 -2.693 -2.792 -2.96 -2.982 -3.151 -3.342
7.1978 -1.938 -1.888 -1.963 -2.156 -2.298 -2.438 -2.077 -2.178 -2.301 -2.443 -2.583 -2.732 -2.173 -2.346 -2.518 -2.638 -2.749 -2.41 -2.552 -2.672 -2.771 -2.939 -2.961 -3.13 -3.321
7.3715 -1.917 -1.867 -1.942 -2.135 -2.278 -2.417 -2.056 -2.157 -2.28 -2.422 -2.562 -2.711 -2.152 -2.325 -2.497 -2.618 -2.728 -2.389 -2.531 -2.651 -2.75 -2.918 -2.94 -3.11 -3.3
7.5493 -1.896 -1.846 -1.921 -2.114 -2.257 -2.396 -2.035 -2.137 -2.259 -2.401 -2.541 -2.69 -2.132 -2.304 -2.476 -2.597 -2.707 -2.368 -2.51 -2.63 -2.729 -2.898 -2.919 -3.089 -3.279
7.7314 -1.875 -1.825 -1.9 -2.093 -2.236 -2.375 -2.014 -2.116 -2.238 -2.38 -2.52 -2.669 -2.111 -2.283 -2.455 -2.576 -2.686 -2.347 -2.49 -2.609 -2.708 -2.877 -2.898 -3.068 -3.258
7.9179 -1.851 -1.802 -1.877 -2.07 -2.212 -2.351 -1.99 -2.092 -2.214 -2.356 -2.497 -2.645 -2.087 -2.26 -2.431 -2.552 -2.663 -2.323 -2.466 -2.586 -2.685 -2.853 -2.875 -3.044 -3.234
8.1089 -1.821 -1.772 -1.847 -2.04 -2.182 -2.321 -1.96 -2.062 -2.184 -2.326 -2.467 -2.615 -2.057 -2.229 -2.401 -2.522 -2.633 -2.293 -2.436 -2.556 -2.655 -2.823 -2.845 -3.014 -3.204
8.3045 -1.791 -1.742 -1.816 -2.009 -2.152 -2.291 -1.93 -2.032 -2.154 -2.296 -2.437 -2.585 -2.027 -2.199 -2.371 -2.492 -2.603 -2.263 -2.406 -2.526 -2.625 -2.793 -2.815 -2.984 -3.174
8.5049 -1.761 -1.712 -1.786 -1.979 -2.122 -2.261 -1.9 -2.002 -2.124 -2.266 -2.407 -2.555 -1.997 -2.169 -2.341 -2.462 -2.572 -2.233 -2.376 -2.495 -2.594 -2.763 -2.784 -2.954 -3.144
8.71 -1.731 -1.681 -1.756 -1.949 -2.092 -2.231 -1.87 -1.972 -2.094 -2.236 -2.376 -2.525 -1.967 -2.139 -2.311 -2.432 -2.542 -2.203 -2.346 -2.465 -2.564 -2.733 -2.754 -2.924 -3.114
8.9201 -1.701 -1.651 -1.726 -1.919 -2.062 -2.201 -1.84 -1.942 -2.064 -2.206 -2.346 -2.495 -1.937 -2.109 -2.281 -2.402 -2.512 -2.173 -2.315 -2.435 -2.534 -2.703 -2.724 -2.894 -3.084
9.1353 -1.671 -1.621 -1.696 -1.889 -2.032 -2.171 -1.81 -1.912 -2.034 -2.176 -2.316 -2.465 -1.906 -2.079 -2.251 -2.372 -2.482 -2.143 -2.285 -2.405 -2.504 -2.673 -2.694 -2.864 -3.054
9.3557 -1.641 -1.591 -1.666 -1.859 -2.001 -2.141 -1.78 -1.881 -2.004 -2.146 -2.286 -2.435 -1.876 -2.049 -2.221 -2.342 -2.452 -2.113 -2.255 -2.375 -2.474 -2.642 -2.664 -2.833 -3.024
9.5814 -1.611 -1.561 -1.636 -1.829 -1.971 -2.111 -1.75 -1.851 -1.974 -2.116 -2.256 -2.405 -1.846 -2.019 -2.191 -2.311 -2.422 -2.083 -2.225 -2.345 -2.444 -2.612 -2.634 -2.803 -2.994
9.8125 -1.581 -1.531 -1.606 -1.799 -1.941 -2.08 -1.72 -1.821 -1.944 -2.086 -2.226 -2.375 -1.816 -1.989 -2.161 -2.281 -2.392 -2.053 -2.195 -2.315 -2.414 -2.582 -2.604 -2.773 -2.964
10.0492 -1.547 -1.497 -1.572 -1.765 -1.908 -2.047 -1.686 -1.788 -1.91 -2.052 -2.192 -2.341 -1.783 -1.955 -2.127 -2.248 -2.358 -2.019 -2.162 -2.281 -2.38 -2.549 -2.57 -2.74 -2.93
10.2917 -1.509 -1.459 -1.534 -1.727 -1.87 -2.009 -1.648 -1.75 -1.872 -2.014 -2.154 -2.303 -1.745 -1.917 -2.089 -2.21 -2.32 -1.981 -2.124 -2.243 -2.342 -2.511 -2.532 -2.702 -2.892
10.5399 -1.471 -1.421 -1.496 -1.689 -1.832 -1.971 -1.61 -1.712 -1.834 -1.976 -2.116 -2.265 -1.707 -1.879 -2.051 -2.172 -2.282 -1.943 -2.085 -2.205 -2.304 -2.473 -2.494 -2.664 -2.854
10.7942 -1.433 -1.383 -1.458 -1.651 -1.794 -1.933 -1.572 -1.674 -1.796 -1.938 -2.078 -2.227 -1.669 -1.841 -2.013 -2.134 -2.244 -1.905 -2.047 -2.167 -2.266 -2.435 -2.456 -2.626 -2.816
11.0546 -1.395 -1.345 -1.42 -1.613 -1.756 -1.895 -1.534 -1.636 -1.758 -1.9 -2.04 -2.189 -1.631 -1.803 -1.975 -2.096 -2.206 -1.867 -2.009 -2.129 -2.228 -2.397 -2.418 -2.588 -2.778
11.3212 -1.357 -1.307 -1.382 -1.575 -1.718 -1.857 -1.496 -1.598 -1.72 -1.862 -2.002 -2.151 -1.593 -1.765 -1.937 -2.058 -2.168 -1.829 -1.971 -2.091 -2.19 -2.359 -2.38 -2.55 -2.74
11.5943 -1.319 -1.269 -1.344 -1.537 -1.68 -1.819 -1.458 -1.56 -1.682 -1.824 -1.964 -2.113 -1.555 -1.727 -1.899 -2.02 -2.13 -1.791 -1.933 -2.053 -2.152 -2.321 -2.342 -2.512 -2.702
11.874 -1.281 -1.231 -1.306 -1.499 -1.642 -1.781 -1.42 -1.522 -1.644 -1.786 -1.926 -2.075 -1.516 -1.689 -1.861 -1.982 -2.092 -1.753 -1.895 -2.015 -2.114 -2.283 -2.304 -2.474 -2.664
12.1605 -1.243 -1.193 -1.268 -1.461 -1.604 -1.743 -1.382 -1.483 -1.606 -1.748 -1.888 -2.037 -1.478 -1.651 -1.823 -1.944 -2.054 -1.715 -1.857 -1.977 -2.076 -2.244 -2.266 -2.436 -2.626
12.4538 -1.205 -1.155 -1.23 -1.423 -1.566 -1.705 -1.344 -1.445 -1.568 -1.71 -1.85 -1.999 -1.44 -1.613 -1.785 -1.906 -2.016 -1.677 -1.819 -1.939 -2.038 -2.206 -2.228 -2.397 -2.588
12.7542 -1.166 -1.116 -1.191 -1.384 -1.526 -1.666 -1.305 -1.406 -1.529 -1.671 -1.811 -1.96 -1.401 -1.574 -1.746 -1.866 -1.977 -1.638 -1.78 -1.9 -1.999 -2.167 -2.189 -2.358 -2.549
13.0619 -1.126 -1.076 -1.151 -1.344 -1.487 -1.626 -1.265 -1.367 -1.489 -1.631 -1.771 -1.92 -1.362 -1.534 -1.706 -1.827 -1.937 -1.598 -1.74 -1.86 -1.959 -2.128 -2.149 -2.319 -2.509
13.377 -1.086 -1.037 -1.111 -1.304 -1.447 -1.586 -1.225 -1.327 -1.449 -1.591 -1.732 -1.88 -1.322 -1.494 -1.666 -1.787 -1.898 -1.558 -1.701 -1.82 -1.919 -2.088 -2.109 -2.279 -2.469
13.6997 -1.046 -0.997 -1.072 -1.265 -1.407 -1.546 -1.185 -1.287 -1.409 -1.551 -1.692 -1.84 -1.282 -1.455 -1.626 -1.747 -1.858 -1.518 -1.661 -1.781 -1.88 -2.048 -2.07 -2.239 -2.429
14.0302 -1.006 -0.957 -1.032 -1.225 -1.367 -1.506 -1.145 -1.247 -1.37 -1.511 -1.652 -1.8 -1.242 -1.415 -1.587 -1.707 -1.818 -1.478 -1.621 -1.741 -1.84 -2.008 -2.03 -2.199 -2.39
14.3686 -0.967 -0.917 -0.992 -1.185 -1.327 -1.466 -1.106 -1.207 -1.33 -1.472 -1.612 -1.761 -1.202 -1.375 -1.547 -1.667 -1.778 -1.439 -1.581 -1.701 -1.8 -1.968 -1.99 -2.159 -2.35
14.7153 -0.927 -0.877 -0.952 -1.145 -1.288 -1.427 -1.066 -1.168 -1.29 -1.432 -1.572 -1.721 -1.162 -1.335 -1.507 -1.628 -1.738 -1.399 -1.541 -1.661 -1.76 -1.929 -1.95 -2.12 -2.31
15.0702 -0.887 -0.838 -0.912 -1.105 -1.248 -1.387 -1.026 -1.128 -1.25 -1.392 -1.532 -1.681 -1.123 -1.295 -1.467 -1.588 -1.698 -1.359 -1.502 -1.621 -1.72 -1.889 -1.91 -2.08 -2.27
15.4338 -0.847 -0.798 -0.873 -1.066 -1.208 -1.347 -0.986 -1.088 -1.21 -1.352 -1.493 -1.641 -1.083 -1.255 -1.427 -1.548 -1.659 -1.319 -1.462 -1.582 -1.681 -1.849 -1.871 -2.04 -2.23
15.8061 -0.807 -0.758 -0.833 -1.026 -1.168 -1.307 -0.946 -1.048 -1.171 -1.312 -1.453 -1.601 -1.043 -1.216 -1.387 -1.508 -1.619 -1.279 -1.422 -1.542 -1.641 -1.809 -1.831 -2.0 -2.19
16.1874 -0.76 -0.711 -0.786 -0.979 -1.121 -1.26 -0.9 -1.001 -1.124 -1.266 -1.406 -1.555 -0.996 -1.169 -1.341 -1.461 -1.572 -1.233 -1.375 -1.495 -1.594 -1.762 -1.784 -1.953 -2.144
16.5779 -0.711 -0.662 -0.736 -0.929 -1.072 -1.211 -0.85 -0.952 -1.074 -1.216 -1.357 -1.505 -0.947 -1.119 -1.291 -1.412 -1.523 -1.183 -1.326 -1.445 -1.545 -1.713 -1.734 -1.904 -2.094
16.9778 -0.662 -0.612 -0.687 -0.88 -1.022 -1.162 -0.801 -0.902 -1.025 -1.167 -1.307 -1.456 -0.897 -1.07 -1.242 -1.362 -1.473 -1.134 -1.276 -1.396 -1.495 -1.663 -1.685 -1.854 -2.045
17.3873 -0.612 -0.563 -0.638 -0.831 -0.973 -1.112 -0.751 -0.853 -0.975 -1.117 -1.258 -1.406 -0.848 -1.02 -1.192 -1.313 -1.424 -1.084 -1.227 -1.347 -1.446 -1.614 -1.636 -1.805 -1.995
17.8068 -0.563 -0.513 -0.588 -0.781 -0.924 -1.063 -0.702 -0.803 -0.926 -1.068 -1.208 -1.357 -0.798 -0.971 -1.143 -1.264 -1.374 -1.035 -1.177 -1.297 -1.396 -1.564 -1.586 -1.756 -1.946
18.2363 -0.513 -0.464 -0.539 -0.732 -0.874 -1.013 -0.652 -0.754 -0.876 -1.018 -1.159 -1.307 -0.749 -0.922 -1.093 -1.214 -1.325 -0.985 -1.128 -1.248 -1.347 -1.515 -1.537 -1.706 -1.896
18.6762 -0.464 -0.414 -0.489 -0.682 -0.825 -0.964 -0.603 -0.705 -0.827 -0.969 -1.109 -1.258 -0.7 -0.872 -1.044 -1.165 -1.275 -0.936 -1.078 -1.198 -1.297 -1.466 -1.487 -1.657 -1.847
19.1268 -0.414 -0.365 -0.44 -0.633 -0.775 -0.914 -0.554 -0.655 -0.778 -0.919 -1.06 -1.209 -0.65 -0.823 -0.995 -1.115 -1.226 -0.886 -1.029 -1.149 -1.248 -1.416 -1.438 -1.607 -1.798
19.5882 -0.365 -0.316 -0.39 -0.583 -0.726 -0.865 -0.504 -0.606 -0.728 -0.87 -1.011 -1.159 -0.601 -0.773 -0.945 -1.066 -1.176 -0.837 -0.98 -1.099 -1.198 -1.367 -1.388 -1.558 -1.748
20.0607 -0.316 -0.266 -0.341 -0.534 -0.676 -0.815 -0.455 -0.556 -0.679 -0.821 -0.961 -1.11 -0.551 -0.724 -0.896 -1.016 -1.127 -0.788 -0.93 -1.05 -1.149 -1.317 -1.339 -1.508 -1.699
20.5446 -0.26 -0.21 -0.285 -0.478 -0.621 -0.76 -0.399 -0.5 -0.623 -0.765 -0.905 -1.054 -0.495 -0.668 -0.84 -0.961 -1.071 -0.732 -0.874 -0.994 -1.093 -1.261 -1.283 -1.453 -1.643
21.0402 -0.203 -0.154 -0.228 -0.421 -0.564 -0.703 -0.342 -0.444 -0.566 -0.708 -0.849 -0.997 -0.439 -0.611 -0.783 -0.904 -1.014 -0.675 -0.818 -0.937 -1.036 -1.205 -1.226 -1.396 -1.586
21.5478 -0.146 -0.097 -0.172 -0.365 -0.507 -0.646 -0.285 -0.387 -0.509 -0.651 -0.792 -0.94 -0.382 -0.555 -0.726 -0.847 -0.958 -0.618 -0.761 -0.881 -0.98 -1.148 -1.17 -1.339 -1.529
22.0676 -0.09 -0.04 -0.115 -0.308 -0.45 -0.589 -0.229 -0.33 -0.453 -0.595 -0.735 -0.884 -0.325 -0.498 -0.67 -0.79 -0.901 -0.562 -0.704 -0.824 -0.923 -1.091 -1.113 -1.282 -1.473
22.5999 -0.033 0.017 -0.058 -0.251 -0.394 -0.533 -0.172 -0.274 -0.396 -0.538 -0.678 -0.827 -0.268 -0.441 -0.613 -0.734 -0.844 -0.505 -0.647 -0.767 -0.866 -1.034 -1.056 -1.226 -1.416
23.1451 0.024 0.073 -0.001 -0.194 -0.337 -0.476 -0.115 -0.217 -0.339 -0.481 -0.622 -0.77 -0.212 -0.384 -0.556 -0.677 -0.787 -0.448 -0.591 -0.71 -0.809 -0.978 -0.999 -1.169 -1.359
23.7034 0.081 0.13 0.055 -0.138 -0.28 -0.419 -0.058 -0.16 -0.282 -0.424 -0.565 -0.713 -0.155 -0.328 -0.499 -0.62 -0.731 -0.391 -0.534 -0.654 -0.753 -0.921 -0.943 -1.112 -1.302
24.2752 0.137 0.187 0.112 -0.081 -0.223 -0.362 -0.002 -0.103 -0.226 -0.368 -0.508 -0.657 -0.098 -0.271 -0.443 -0.563 -0.674 -0.335 -0.477 -0.597 -0.696 -0.864 -0.886 -1.055 -1.246
24.8608 0.194 0.244 0.169 -0.024 -0.167 -0.306 0.055 -0.047 -0.169 -0.311 -0.451 -0.6 -0.041 -0.214 -0.386 -0.507 -0.617 -0.278 -0.42 -0.54 -0.639 -0.808 -0.829 -0.999 -1.189
25.4606 0.251 0.3 0.226 0.033 -0.11 -0.249 0.112 0.01 -0.112 -0.254 -0.395 -0.543 0.015 -0.157 -0.329 -0.45 -0.561 -0.221 -0.364 -0.484 -0.583 -0.751 -0.773 -0.942 -1.132
26.0748 0.305 0.354 0.28 0.087 -0.056 -0.195 0.166 0.064 -0.058 -0.2 -0.341 -0.489 0.069 -0.103 -0.275 -0.396 -0.507 -0.167 -0.31 -0.429 -0.529 -0.697 -0.718 -0.888 -1.078
26.7038 0.359 0.408 0.334 0.141 -0.002 -0.141 0.22 0.118 -0.004 -0.146 -0.287 -0.435 0.123 -0.049 -0.221 -0.342 -0.452 -0.113 -0.256 -0.375 -0.474 -0.643 -0.664 -0.834 -1.024
27.3479 0.413 0.463 0.388 0.195 0.052 -0.087 0.274 0.172 0.05 -0.092 -0.232 -0.381 0.177 0.005 -0.167 -0.288 -0.398 -0.059 -0.202 -0.321 -0.42 -0.589 -0.61 -0.78 -0.97
28.0077 0.467 0.517 0.442 0.249 0.106 -0.033 0.328 0.226 0.104 -0.038 -0.178 -0.327 0.231 0.059 -0.113 -0.234 -0.344 -0.005 -0.148 -0.267 -0.366 -0.535 -0.556 -0.726 -0.916
28.6833 0.521 0.571 0.496 0.303 0.16 0.021 0.382 0.28 0.158 0.016 -0.124 -0.273 0.285 0.113 -0.059 -0.18 -0.29 0.049 -0.093 -0.213 -0.312 -0.481 -0.502 -0.672 -0.862
29.3752 0.575 0.625 0.55 0.357 0.214 0.075 0.436 0.334 0.212 0.07 -0.07 -0.219 0.339 0.167 -0.005 -0.126 -0.236 0.103 -0.039 -0.159 -0.258 -0.427 -0.448 -0.618 -0.808
30.0838 0.629 0.679 0.604 0.411 0.268 0.129 0.49 0.389 0.266 0.124 -0.016 -0.165 0.394 0.221 0.049 -0.072 -0.182 0.157 0.015 -0.105 -0.204 -0.372 -0.394 -0.564 -0.754
30.8096 0.683 0.733 0.658 0.465 0.323 0.183 0.544 0.443 0.32 0.178 0.038 -0.111 0.448 0.275 0.103 -0.018 -0.128 0.211 0.069 -0.051 -0.15 -0.318 -0.34 -0.509 -0.7
31.5528 0.737 0.787 0.712 0.519 0.377 0.237 0.598 0.497 0.374 0.232 0.092 -0.057 0.502 0.329 0.157 0.036 -0.074 0.265 0.123 0.003 -0.096 -0.264 -0.286 -0.455 -0.646
32.3139 0.791 0.84 0.765 0.573 0.43 0.291 0.652 0.55 0.428 0.286 0.145 -0.003 0.555 0.383 0.211 0.09 -0.021 0.319 0.176 0.056 -0.043 -0.211 -0.233 -0.402 -0.592
33.0935 0.842 0.891 0.816 0.623 0.481 0.342 0.703 0.601 0.478 0.337 0.196 0.048 0.606 0.433 0.262 0.141 0.03 0.37 0.227 0.107 0.008 -0.16 -0.182 -0.351 -0.541
33.8918 0.892 0.942 0.867 0.674 0.532 0.393 0.753 0.652 0.529 0.387 0.247 0.098 0.657 0.484 0.312 0.192 0.081 0.42 0.278 0.158 0.059 -0.109 -0.131 -0.3 -0.491
34.7093 0.943 0.993 0.918 0.725 0.582 0.443 0.804 0.703 0.58 0.438 0.298 0.149 0.708 0.535 0.363 0.242 0.132 0.471 0.329 0.209 0.11 -0.058 -0.08 -0.25 -0.44
35.5466 0.994 1.043 0.969 0.776 0.633 0.494 0.855 0.753 0.631 0.489 0.349 0.2 0.758 0.586 0.414 0.293 0.183 0.522 0.379 0.26 0.161 -0.008 -0.029 -0.199 -0.389
36.4041 1.045 1.094 1.019 0.826 0.684 0.545 0.906 0.804 0.682 0.54 0.399 0.251 0.809 0.637 0.465 0.344 0.233 0.573 0.43 0.31 0.211 0.043 0.021 -0.148 -0.338
37.2823 1.096 1.145 1.07 0.877 0.735 0.596 0.957 0.855 0.732 0.591 0.45 0.302 0.86 0.687 0.515 0.395 0.284 0.624 0.481 0.361 0.262 0.094 0.072 -0.097 -0.287
38.1817 1.146 1.196 1.121 0.928 0.786 0.647 1.007 0.906 0.783 0.641 0.501 0.352 0.911 0.738 0.566 0.446 0.335 0.674 0.532 0.412 0.313 0.145 0.123 -0.046 -0.237
39.1028 1.197 1.247 1.172 0.979 0.836 0.697 1.058 0.956 0.834 0.692 0.552 0.403 0.962 0.789 0.617 0.496 0.386 0.725 0.583 0.463 0.364 0.195 0.174 0.004 -0.186
40.046 1.248 1.297 1.223 1.03 0.887 0.748 1.109 1.007 0.885 0.743 0.602 0.454 1.012 0.84 0.668 0.547 0.437 0.776 0.633 0.514 0.415 0.246 0.225 0.055 -0.135
41.0121 1.301 1.35 1.275 1.082 0.94 0.801 1.162 1.06 0.937 0.796 0.655 0.507 1.065 0.892 0.72 0.6 0.489 0.829 0.686 0.566 0.467 0.299 0.277 0.108 -0.083
42.0014 1.357 1.407 1.332 1.139 0.997 0.857 1.218 1.117 0.994 0.852 0.712 0.563 1.122 0.949 0.777 0.656 0.546 0.885 0.743 0.623 0.524 0.356 0.334 0.165 -0.026
43.0146 1.414 1.463 1.389 1.196 1.053 0.914 1.275 1.173 1.051 0.909 0.769 0.62 1.178 1.006 0.834 0.713 0.603 0.942 0.799 0.68 0.581 0.412 0.391 0.221 0.031
44.0523 1.471 1.52 1.445 1.252 1.11 0.971 1.332 1.23 1.108 0.966 0.825 0.677 1.235 1.062 0.891 0.77 0.659 0.999 0.856 0.736 0.637 0.469 0.447 0.278 0.088
45.1149 1.527 1.577 1.502 1.309 1.167 1.028 1.388 1.287 1.164 1.022 0.882 0.733 1.292 1.119 0.947 0.827 0.716 1.055 0.913 0.793 0.694 0.526 0.504 0.335 0.144
46.2033 1.584 1.634 1.559 1.366 1.223 1.084 1.445 1.343 1.221 1.079 0.939 0.79 1.348 1.176 1.004 0.883 0.773 1.112 0.97 0.85 0.751 0.582 0.561 0.391 0.201
47.3178 1.641 1.69 1.616 1.423 1.28 1.141 1.502 1.4 1.278 1.136 0.995 0.847 1.405 1.233 1.061 0.94 0.829 1.169 1.026 0.906 0.807 0.639 0.617 0.448 0.258
48.4593 1.698 1.747 1.672 1.479 1.337 1.198 1.559 1.457 1.334 1.193 1.052 0.904 1.462 1.289 1.117 0.997 0.886 1.226 1.083 0.963 0.864 0.696 0.674 0.505 0.315
49.6283 1.754 1.804 1.729 1.536 1.394 1.254 1.615 1.514 1.391 1.249 1.109 0.96 1.519 1.346 1.174 1.053 0.943 1.282 1.14 1.02 0.921 0.753 0.731 0.562 0.371
50.8255 1.811 1.861 1.786 1.593 1.45 1.311 1.672 1.57 1.448 1.306 1.166 1.017 1.575 1.403 1.231 1.11 1.0 1.339 1.196 1.077 0.978 0.809 0.788 0.618 0.428
52.0515 1.868 1.918 1.843 1.65 1.508 1.369 1.729 1.628 1.505 1.363 1.223 1.074 1.633 1.46 1.288 1.168 1.057 1.396 1.254 1.134 1.035 0.867 0.845 0.676 0.485
