web/models/grb/onaxis/16/grb_0.0000_0.5179_0.0010000.dat
# %ECSV 1.0
# ---
# datatype:
# - {name: time, datatype: float64}
# - {name: swift_uvot_uvw2, datatype: float64}
# - {name: swift_uvot_uvm2, datatype: float64}
# - {name: swift_uvot_uvw1, datatype: float64}
# - {name: swift_uvot_U, datatype: float64}
# - {name: swift_uvot_B, datatype: float64}
# - {name: swift_uvot_V, datatype: float64}
# - {name: swift_uvot_W, datatype: float64}
# - {name: johnson_U, datatype: float64}
# - {name: johnson_B, datatype: float64}
# - {name: johnson_V, datatype: float64}
# - {name: johnson_R, datatype: float64}
# - {name: johnson_I, datatype: float64}
# - {name: sdss_u, datatype: float64}
# - {name: sdss_g, datatype: float64}
# - {name: sdss_r, datatype: float64}
# - {name: sdss_i, datatype: float64}
# - {name: sdss_z, datatype: float64}
# - {name: PS1_g, datatype: float64}
# - {name: PS1_r, datatype: float64}
# - {name: PS1_i, datatype: float64}
# - {name: PS1_z, datatype: float64}
# - {name: PS1_Y, datatype: float64}
# - {name: PS1_w, datatype: float64}
# - {name: ATLAS_c, datatype: float64}
# - {name: ATLAS_o, datatype: float64}
# - {name: ukirt_J, datatype: float64}
# - {name: ukirt_H, datatype: float64}
# - {name: ukirt_K, datatype: float64}
# - {name: Clear, datatype: float64}
# meta: !!omap
# - comment: [E = 0.00022477106672309015, Eta0 = 8.02, GammaB = 12.0, dL = 0.012188, epsb = 6.760829753919819e-06, epse = 0.1, n = 0.001,
#     p = 2.15, theta_obs = 0.0, xiN = 1.0, z = 0.0, type = grb, E_kiso = 0.517947467923121]
# schema: astropy-2.0
time swift_uvot_uvw2 swift_uvot_uvm2 swift_uvot_uvw1 swift_uvot_U swift_uvot_B swift_uvot_V swift_uvot_W johnson_U johnson_B johnson_V johnson_R johnson_I sdss_u sdss_g sdss_r sdss_i sdss_z PS1_g PS1_r PS1_i PS1_z PS1_Y PS1_w ATLAS_c ATLAS_o ukirt_J ukirt_H ukirt_K Clear
[from data line 493]
1269.4803 28.904 28.954 28.879 28.686 28.544 28.404 28.765 28.664 28.541 28.399 28.259 28.11 28.669 28.496 28.324 28.204 28.093 28.432 28.29 28.17 28.071 27.903 28.326 28.422 28.269 27.881 27.712 27.521 28.236
1300.1042 29.239 29.289 29.214 29.021 28.878 28.739 29.1 28.998 28.876 28.734 28.594 28.445 29.003 28.831 28.659 28.538 28.428 28.767 28.625 28.505 28.406 28.237 28.661 28.756 28.604 28.216 28.046 27.856 28.571
1331.4668 29.574 29.623 29.549 29.356 29.213 29.074 29.435 29.333 29.211 29.069 28.928 28.78 29.338 29.166 28.994 28.873 28.763 29.102 28.959 28.84 28.741 28.572 28.996 29.091 28.939 28.551 28.381 28.191 28.906
1363.586 29.909 29.958 29.883 29.69 29.548 29.409 29.77 29.668 29.546 29.404 29.263 29.115 29.673 29.501 29.329 29.208 29.097 29.437 29.294 29.174 29.075 28.907 29.331 29.426 29.273 28.885 28.716 28.526 29.241
1396.48 30.244 30.293 30.218 30.025 29.883 29.744 30.105 30.003 29.88 29.739 29.598 29.45 30.008 29.835 29.664 29.543 29.432 29.772 29.629 29.509 29.41 29.242 29.666 29.761 29.608 29.22 29.051 28.861 29.576
1430.1675 30.578 30.628 30.553 30.36 30.218 30.079 30.439 30.338 30.215 30.073 29.933 29.784 30.343 30.17 29.998 29.878 29.767 30.106 29.964 29.844 29.745 29.577 30.001 30.096 29.943 29.555 29.386 29.195 29.91
1464.6676 30.913 30.963 30.888 30.695 30.553 30.413 30.774 30.673 30.55 30.408 30.268 30.119 30.678 30.505 30.333 30.212 30.102 30.441 30.299 30.179 30.08 29.912 30.335 30.431 30.278 29.89 29.721 29.53 30.245
1500.0 31.248 31.298 31.223 31.03 30.887 30.748 31.109 31.007 30.885 30.743 30.603 30.454 31.012 30.84 30.668 30.547 30.437 30.776 30.634 30.514 30.415 30.246 30.67 30.765 30.613 30.225 30.055 29.865 30.58
