web/models/grb/onaxis/16/grb_0.0000_1.0000_0.2511886.dat
# %ECSV 1.0
# ---
# datatype:
# - {name: time, datatype: float64}
# - {name: swift_uvot_uvw2, datatype: float64}
# - {name: swift_uvot_uvm2, datatype: float64}
# - {name: swift_uvot_uvw1, datatype: float64}
# - {name: swift_uvot_U, datatype: float64}
# - {name: swift_uvot_B, datatype: float64}
# - {name: swift_uvot_V, datatype: float64}
# - {name: swift_uvot_W, datatype: float64}
# - {name: johnson_U, datatype: float64}
# - {name: johnson_B, datatype: float64}
# - {name: johnson_V, datatype: float64}
# - {name: johnson_R, datatype: float64}
# - {name: johnson_I, datatype: float64}
# - {name: sdss_u, datatype: float64}
# - {name: sdss_g, datatype: float64}
# - {name: sdss_r, datatype: float64}
# - {name: sdss_i, datatype: float64}
# - {name: sdss_z, datatype: float64}
# - {name: PS1_g, datatype: float64}
# - {name: PS1_r, datatype: float64}
# - {name: PS1_i, datatype: float64}
# - {name: PS1_z, datatype: float64}
# - {name: PS1_Y, datatype: float64}
# - {name: PS1_w, datatype: float64}
# - {name: ATLAS_c, datatype: float64}
# - {name: ATLAS_o, datatype: float64}
# - {name: ukirt_J, datatype: float64}
# - {name: ukirt_H, datatype: float64}
# - {name: ukirt_K, datatype: float64}
# - {name: Clear, datatype: float64}
# meta: !!omap
# - comment: [E = 0.00043396498804093575, Eta0 = 8.02, GammaB = 12.0, dL = 0.012188, epsb = 6.760829753919819e-06, epse = 0.1, n = 0.25118864315095824,
#     p = 2.15, theta_obs = 0.0, xiN = 1.0, z = 0.0, type = grb, E_kiso = 1.0]
# schema: astropy-2.0
time swift_uvot_uvw2 swift_uvot_uvm2 swift_uvot_uvw1 swift_uvot_U swift_uvot_B swift_uvot_V swift_uvot_W johnson_U johnson_B johnson_V johnson_R johnson_I sdss_u sdss_g sdss_r sdss_i sdss_z PS1_g PS1_r PS1_i PS1_z PS1_Y PS1_w ATLAS_c ATLAS_o ukirt_J ukirt_H ukirt_K Clear
[from data line 412]
184.1193 19.139 19.188 19.113 18.92 18.778 18.639 19.0 18.898 18.775 18.634 18.493 18.345 18.903 18.73 18.558 18.438 18.327 18.667 18.524 18.404 18.305 18.137 18.561 18.656 18.503 18.115 17.946 17.756 18.471
188.5608 19.473 19.523 19.448 19.255 19.113 18.974 19.334 19.233 19.11 18.968 18.828 18.679 19.238 19.065 18.893 18.773 18.662 19.001 18.859 18.739 18.64 18.472 18.896 18.991 18.838 18.45 18.281 18.09 18.805
193.1095 19.808 19.858 19.783 19.59 19.448 19.308 19.669 19.568 19.445 19.303 19.163 19.014 19.573 19.4 19.228 19.107 18.997 19.336 19.194 19.074 18.975 18.807 19.23 19.326 19.173 18.785 18.616 18.425 19.14
197.7679 20.143 20.193 20.118 19.925 19.782 19.643 20.004 19.902 19.78 19.638 19.498 19.349 19.907 19.735 19.563 19.442 19.332 19.671 19.529 19.409 19.31 19.141 19.565 19.66 19.508 19.12 18.95 18.76 19.475
202.5387 20.478 20.527 20.453 20.26 20.117 19.978 20.339 20.237 20.115 19.973 19.832 19.684 20.242 20.07 19.898 19.777 19.666 20.006 19.863 19.744 19.644 19.476 19.9 19.995 19.842 19.455 19.285 19.095 19.81
207.4245 20.813 20.862 20.787 20.594 20.452 20.313 20.674 20.572 20.45 20.308 20.167 20.019 20.577 20.404 20.233 20.112 20.001 20.341 20.198 20.078 19.979 19.811 20.235 20.33 20.177 19.789 19.62 19.43 20.145
212.4283 21.148 21.197 21.122 20.929 20.787 20.648 21.009 20.907 20.784 20.643 20.502 20.354 20.912 20.739 20.567 20.447 20.336 20.676 20.533 20.413 20.314 20.146 20.57 20.665 20.512 20.124 19.955 19.764 20.479
217.5527 21.482 21.532 21.457 21.264 21.122 20.983 21.343 21.242 21.119 20.977 20.837 20.688 21.247 21.074 20.902 20.782 20.671 21.01 20.868 20.748 20.649 20.481 20.905 21.0 20.847 20.459 20.29 20.099 20.814
222.8008 21.817 21.867 21.792 21.599 21.456 21.317 21.678 21.577 21.454 21.312 21.172 21.023 21.582 21.409 21.237 21.116 21.006 21.345 21.203 21.083 20.984 20.816 21.239 21.335 21.182 20.794 20.624 20.434 21.149
228.1754 22.152 22.202 22.127 21.934 21.791 21.652 22.013 21.911 21.789 21.647 21.507 21.358 21.916 21.744 21.572 21.451 21.341 21.68 21.537 21.418 21.319 21.15 21.574 21.669 21.517 21.129 20.959 20.769 21.484
233.6797 22.487 22.536 22.462 22.269 22.126 21.987 22.348 22.246 22.124 21.982 21.841 21.693 22.251 22.079 21.907 21.786 21.675 22.015 21.872 21.752 21.653 21.485 21.909 22.004 21.851 21.463 21.294 21.104 21.819
239.3168 22.822 22.871 22.796 22.603 22.461 22.322 22.683 22.581 22.459 22.317 22.176 22.028 22.586 22.413 22.242 22.121 22.01 22.35 22.207 22.087 21.988 21.82 22.244 22.339 22.186 21.798 21.629 21.439 22.154
245.0899 23.157 23.206 23.131 22.938 22.796 22.657 23.017 22.916 22.793 22.652 22.511 22.362 22.921 22.748 22.576 22.456 22.345 22.685 22.542 22.422 22.323 22.155 22.579 22.674 22.521 22.133 21.964 21.773 22.488
251.0022 23.491 23.541 23.466 23.273 23.131 22.991 23.352 23.251 23.128 22.986 22.846 22.697 23.256 23.083 22.911 22.791 22.68 23.019 22.877 22.757 22.658 22.49 22.914 23.009 22.856 22.468 22.299 22.108 22.823
257.0572 23.826 23.876 23.801 23.608 23.465 23.326 23.687 23.585 23.463 23.321 23.181 23.032 23.591 23.418 23.246 23.125 23.015 23.354 23.212 23.092 22.993 22.824 23.248 23.344 23.191 22.803 22.633 22.443 23.158
263.2582 24.161 24.21 24.136 23.943 23.8 23.661 24.022 23.92 23.798 23.656 23.516 23.367 23.925 23.753 23.581 23.46 23.35 23.689 23.546 23.427 23.328 23.159 23.583 23.678 23.526 23.138 22.968 22.778 23.493
269.6088 24.496 24.545 24.47 24.278 24.135 23.996 24.357 24.255 24.133 23.991 23.85 23.702 24.26 24.088 23.916 23.795 23.684 24.024 23.881 23.761 23.662 23.494 23.918 24.013 23.86 23.472 23.303 23.113 23.828
276.1126 24.831 24.88 24.805 24.612 24.47 24.331 24.692 24.59 24.468 24.326 24.185 24.037 24.595 24.422 24.251 24.13 24.019 24.359 24.216 24.096 23.997 23.829 24.253 24.348 24.195 23.807 23.638 23.448 24.163
282.7734 25.166 25.215 25.14 24.947 24.805 24.666 25.026 24.925 24.802 24.66 24.52 24.371 24.93 24.757 24.585 24.465 24.354 24.693 24.551 24.431 24.332 24.164 24.588 24.683 24.53 24.142 23.973 23.782 24.497
289.5947 25.5 25.55 25.475 25.282 25.14 25.0 25.361 25.26 25.137 24.995 24.855 24.706 25.265 25.092 24.92 24.8 24.689 25.028 24.886 24.766 24.667 24.499 24.922 25.018 24.865 24.477 24.308 24.117 24.832
296.5807 25.835 25.885 25.81 25.617 25.474 25.335 25.696 25.594 25.472 25.33 25.19 25.041 25.599 25.427 25.255 25.134 25.024 25.363 25.221 25.101 25.002 24.833 25.257 25.352 25.2 24.812 24.642 24.452 25.167
303.7351 26.17 26.219 26.145 25.952 25.809 25.67 26.031 25.929 25.807 25.665 25.524 25.376 25.934 25.762 25.59 25.469 25.359 25.698 25.555 25.436 25.337 25.168 25.592 25.687 25.535 25.147 24.977 24.787 25.502
311.0622 26.505 26.554 26.479 26.286 26.144 26.005 26.366 26.264 26.142 26.0 25.859 25.711 26.269 26.097 25.925 25.804 25.693 26.033 25.89 25.77 25.671 25.503 25.927 26.022 25.869 25.481 25.312 25.122 25.837
318.566 26.84 26.889 26.814 26.621 26.479 26.34 26.701 26.599 26.476 26.335 26.194 26.046 26.604 26.431 26.26 26.139 26.028 26.368 26.225 26.105 26.006 25.838 26.262 26.357 26.204 25.816 25.647 25.457 26.172
326.2508 27.174 27.224 27.149 26.956 26.814 26.675 27.035 26.934 26.811 26.669 26.529 26.38 26.939 26.766 26.594 26.474 26.363 26.702 26.56 26.44 26.341 26.173 26.597 26.692 26.539 26.151 25.982 25.791 26.506
334.121 27.509 27.559 27.484 27.291 27.149 27.009 27.37 27.269 27.146 27.004 26.864 26.715 27.274 27.101 26.929 26.808 26.698 27.037 26.895 26.775 26.676 26.508 26.931 27.027 26.874 26.486 26.317 26.126 26.841
342.181 27.844 27.894 27.819 27.626 27.483 27.344 27.705 27.603 27.481 27.339 27.199 27.05 27.608 27.436 27.264 27.143 27.033 27.372 27.23 27.11 27.011 26.842 27.266 27.361 27.209 26.821 26.651 26.461 27.176
350.4355 28.179 28.228 28.154 27.961 27.818 27.679 28.04 27.938 27.816 27.674 27.533 27.385 27.943 27.771 27.599 27.478 27.367 27.707 27.564 27.445 27.345 27.177 27.601 27.696 27.543 27.156 26.986 26.796 27.511
358.8891 28.514 28.563 28.488 28.295 28.153 28.014 28.375 28.273 28.151 28.009 27.868 27.72 28.278 28.105 27.934 27.813 27.702 28.042 27.899 27.779 27.68 27.512 27.936 28.031 27.878 27.49 27.321 27.131 27.846
367.5467 28.849 28.898 28.823 28.63 28.488 28.349 28.71 28.608 28.485 28.344 28.203 28.055 28.613 28.44 28.268 28.148 28.037 28.377 28.234 28.114 28.015 27.847 28.271 28.366 28.213 27.825 27.656 27.466 28.181
376.4131 29.183 29.233 29.158 28.965 28.823 28.684 29.044 28.943 28.82 28.678 28.538 28.389 28.948 28.775 28.603 28.483 28.372 28.711 28.569 28.449 28.35 28.182 28.606 28.701 28.548 28.16 27.991 27.8 28.515
385.4933 29.518 29.568 29.493 29.3 29.158 29.018 29.379 29.278 29.155 29.013 28.873 28.724 29.283 29.11 28.938 28.817 28.707 29.046 28.904 28.784 28.685 28.517 28.94 29.036 28.883 28.495 28.326 28.135 28.85
394.7926 29.853 29.903 29.828 29.635 29.492 29.353 29.714 29.612 29.49 29.348 29.208 29.059 29.617 29.445 29.273 29.152 29.042 29.381 29.238 29.119 29.02 28.851 29.275 29.37 29.218 28.83 28.66 28.47 29.185
404.3163 30.188 30.237 30.163 29.97 29.827 29.688 30.049 29.947 29.825 29.683 29.542 29.394 29.952 29.78 29.608 29.487 29.376 29.716 29.573 29.453 29.354 29.186 29.61 29.705 29.552 29.164 28.995 28.805 29.52
414.0697 30.523 30.572 30.497 30.304 30.162 30.023 30.384 30.282 30.16 30.018 29.877 29.729 30.287 30.114 29.943 29.822 29.711 30.051 29.908 29.788 29.689 29.521 29.945 30.04 29.887 29.499 29.33 29.14 29.855
424.0583 30.858 30.907 30.832 30.639 30.497 30.358 30.718 30.617 30.494 30.353 30.212 30.063 30.622 30.449 30.277 30.157 30.046 30.386 30.243 30.123 30.024 29.856 30.28 30.375 30.222 29.834 29.665 29.474 30.189
434.2879 31.192 31.242 31.167 30.974 30.832 30.693 31.053 30.952 30.829 30.687 30.547 30.398 30.957 30.784 30.612 30.492 30.381 30.72 30.578 30.458 30.359 30.191 30.615 30.71 30.557 30.169 30.0 29.809 30.524
444.7643 31.527 31.577 31.502 31.309 31.166 31.027 31.388 31.286 31.164 31.022 30.882 30.733 31.292 31.119 30.947 30.826 30.716 31.055 30.913 30.793 30.694 30.525 30.949 31.045 30.892 30.504 30.334 30.144 30.859
455.4934 31.862 31.912 31.837 31.644 31.501 31.362 31.723 31.621 31.499 31.357 31.217 31.068 31.626 31.454 31.282 31.161 31.051 31.39 31.247 31.128 31.029 30.86 31.284 31.379 31.227 30.839 30.669 30.479 31.194
466.4814 32.197 32.246 32.171 31.979 31.836 31.697 32.058 31.956 31.834 31.692 31.551 31.403 31.961 31.789 31.617 31.496 31.385 31.725 31.582 31.462 31.363 31.195 31.619 31.714 31.561 31.173 31.004 30.814 31.529
477.7344 32.532 32.581 32.506 32.313 32.171 32.032 32.393 32.291 32.169 32.027 31.886 31.738 32.296 32.123 31.952 31.831 31.72 32.06 31.917 31.797 31.698 31.53 31.954 32.049 31.896 31.508 31.339 31.149 31.864
489.2588 32.867 32.916 32.841 32.648 32.506 32.367 32.727 32.626 32.503 32.361 32.221 32.072 32.631 32.458 32.286 32.166 32.055 32.394 32.252 32.132 32.033 31.865 32.289 32.384 32.231 31.843 31.674 31.483 32.198
501.0613 33.201 33.251 33.176 32.983 32.841 32.701 33.062 32.961 32.838 32.696 32.556 32.407 32.966 32.793 32.621 32.501 32.39 32.729 32.587 32.467 32.368 32.2 32.623 32.719 32.566 32.178 32.009 31.818 32.533
513.1485 33.536 33.586 33.511 33.318 33.175 33.036 33.397 33.295 33.173 33.031 32.891 32.742 33.3 33.128 32.956 32.835 32.725 33.064 32.922 32.802 32.703 32.534 32.958 33.054 32.901 32.513 32.343 32.153 32.868
525.5272 33.871 33.92 33.846 33.653 33.51 33.371 33.732 33.63 33.508 33.366 33.225 33.077 33.635 33.463 33.291 33.17 33.06 33.399 33.256 33.137 33.038 32.869 33.293 33.388 33.236 32.848 32.678 32.488 33.203
538.2046 34.206 34.255 34.18 33.987 33.845 33.706 34.067 33.965 33.843 33.701 33.56 33.412 33.97 33.798 33.626 33.505 33.394 33.734 33.591 33.471 33.372 33.204 33.628 33.723 33.57 33.182 33.013 32.823 33.538
551.1878 34.541 34.59 34.515 34.322 34.18 34.041 34.402 34.3 34.178 34.036 33.895 33.747 34.305 34.132 33.961 33.84 33.729 34.069 33.926 33.806 33.707 33.539 33.963 34.058 33.905 33.517 33.348 33.158 33.873
564.4842 34.875 34.925 34.85 34.657 34.515 34.376 34.736 34.635 34.512 34.37 34.23 34.081 34.64 34.467 34.295 34.175 34.064 34.403 34.261 34.141 34.042 33.874 34.298 34.393 34.24 33.852 33.683 33.492 34.207
578.1013 35.21 35.26 35.185 34.992 34.85 34.71 35.071 34.97 34.847 34.705 34.565 34.416 34.975 34.802 34.63 34.509 34.399 34.738 34.596 34.476 34.377 34.209 34.632 34.728 34.575 34.187 34.018 33.827 34.542
592.0469 35.545 35.595 35.52 35.327 35.184 35.045 35.406 35.304 35.182 35.04 34.9 34.751 35.309 35.137 34.965 34.844 34.734 35.073 34.931 34.811 34.712 34.543 34.967 35.062 34.91 34.522 34.352 34.162 34.877
606.329 35.88 35.929 35.855 35.662 35.519 35.38 35.741 35.639 35.517 35.375 35.234 35.086 35.644 35.472 35.3 35.179 35.068 35.408 35.265 35.146 35.047 34.878 35.302 35.397 35.245 34.857 34.687 34.497 35.212
620.9555 36.215 36.264 36.189 35.996 35.854 35.715 36.076 35.974 35.852 35.71 35.569 35.421 35.979 35.807 35.635 35.514 35.403 35.743 35.6 35.48 35.381 35.213 35.637 35.732 35.579 35.191 35.022 34.832 35.547
635.9349 36.55 36.599 36.524 36.331 36.189 36.05 36.411 36.309 36.186 36.045 35.904 35.756 36.314 36.141 35.969 35.849 35.738 36.078 35.935 35.815 35.716 35.548 35.972 36.067 35.914 35.526 35.357 35.167 35.882
651.2757 36.884 36.934 36.859 36.666 36.524 36.385 36.745 36.644 36.521 36.379 36.239 36.09 36.649 36.476 36.304 36.184 36.073 36.412 36.27 36.15 36.051 35.883 36.307 36.402 36.249 35.861 35.692 35.501 36.216
666.9865 37.219 37.269 37.194 37.001 36.859 36.719 37.08 36.979 36.856 36.714 36.574 36.425 36.984 36.811 36.639 36.518 36.408 36.747 36.605 36.485 36.386 36.218 36.641 36.737 36.584 36.196 36.027 35.836 36.551
683.0763 37.554 37.604 37.529 37.336 37.193 37.054 37.415 37.313 37.191 37.049 36.909 36.76 37.318 37.146 36.974 36.853 36.743 37.082 36.94 36.82 36.721 36.552 36.976 37.071 36.919 36.531 36.361 36.171 36.886
699.5543 37.889 37.938 37.864 37.671 37.528 37.389 37.75 37.648 37.526 37.384 37.243 37.095 37.653 37.481 37.309 37.188 37.077 37.417 37.274 37.155 37.055 36.887 37.311 37.406 37.253 36.866 36.696 36.506 37.221
716.4297 38.224 38.273 38.198 38.005 37.863 37.724 38.085 37.983 37.861 37.719 37.578 37.43 37.988 37.815 37.644 37.523 37.412 37.752 37.609 37.489 37.39 37.222 37.646 37.741 37.588 37.2 37.031 36.841 37.556
733.7123 38.559 38.608 38.533 38.34 38.198 38.059 38.42 38.318 38.195 38.054 37.913 37.765 38.323 38.15 37.978 37.858 37.747 38.087 37.944 37.824 37.725 37.557 37.981 38.076 37.923 37.535 37.366 37.175 37.89
751.4117 38.893 38.943 38.868 38.675 38.533 38.394 38.754 38.653 38.53 38.388 38.248 38.099 38.658 38.485 38.313 38.193 38.082 38.421 38.279 38.159 38.06 37.892 38.316 38.411 38.258 37.87 37.701 37.51 38.225
769.5381 39.228 39.278 39.203 39.01 38.867 38.728 39.089 38.988 38.865 38.723 38.583 38.434 38.993 38.82 38.648 38.527 38.417 38.756 38.614 38.494 38.395 38.227 38.65 38.746 38.593 38.205 38.035 37.845 38.56
788.1018 39.563 39.613 39.538 39.345 39.202 39.063 39.424 39.322 39.2 39.058 38.918 38.769 39.327 39.155 38.983 38.862 38.752 39.091 38.948 38.829 38.73 38.561 38.985 39.08 38.928 38.54 38.37 38.18 38.895
807.1133 39.898 39.947 39.873 39.68 39.537 39.398 39.759 39.657 39.535 39.393 39.252 39.104 39.662 39.49 39.318 39.197 39.086 39.426 39.283 39.163 39.064 38.896 39.32 39.415 39.262 38.874 38.705 38.515 39.23
826.5834 40.233 40.282 40.207 40.014 39.872 39.733 40.094 39.992 39.87 39.728 39.587 39.439 39.997 39.824 39.653 39.532 39.421 39.761 39.618 39.498 39.399 39.231 39.655 39.75 39.597 39.209 39.04 38.85 39.565
846.5232 40.568 40.617 40.542 40.349 40.207 40.068 40.428 40.327 40.204 40.063 39.922 39.773 40.332 40.159 39.987 39.867 39.756 40.096 39.953 39.833 39.734 39.566 39.99 40.085 39.932 39.544 39.375 39.184 39.899
866.944 40.902 40.952 40.877 40.684 40.542 40.402 40.763 40.662 40.539 40.397 40.257 40.108 40.667 40.494 40.322 40.202 40.091 40.43 40.288 40.168 40.069 39.901 40.325 40.42 40.267 39.879 39.71 39.519 40.234
887.8575 41.237 41.287 41.212 41.019 40.876 40.737 41.098 40.996 40.874 40.732 40.592 40.443 41.001 40.829 40.657 40.536 40.426 40.765 40.623 40.503 40.404 40.235 40.659 40.755 40.602 40.214 40.044 39.854 40.569
909.2754 41.572 41.621 41.547 41.354 41.211 41.072 41.433 41.331 41.209 41.067 40.927 40.778 41.336 41.164 40.992 40.871 40.761 41.1 40.957 40.838 40.739 40.57 40.994 41.089 40.937 40.549 40.379 40.189 40.904
931.21 41.907 41.956 41.881 41.689 41.546 41.407 41.768 41.666 41.544 41.402 41.261 41.113 41.671 41.499 41.327 41.206 41.095 41.435 41.292 41.172 41.073 40.905 41.329 41.424 41.271 40.883 40.714 40.524 41.239
953.6737 42.242 42.291 42.216 42.023 41.881 41.742 42.103 42.001 41.879 41.737 41.596 41.448 42.006 41.833 41.662 41.541 41.43 41.77 41.627 41.507 41.408 41.24 41.664 41.759 41.606 41.218 41.049 40.859 41.574
976.6793 42.577 42.626 42.551 42.358 42.216 42.077 42.437 42.336 42.213 42.071 41.931 41.782 42.341 42.168 41.996 41.876 41.765 42.104 41.962 41.842 41.743 41.575 41.999 42.094 41.941 41.553 41.384 41.193 41.908
1000.2399 42.911 42.961 42.886 42.693 42.551 42.411 42.772 42.671 42.548 42.406 42.266 42.117 42.676 42.503 42.331 42.211 42.1 42.439 42.297 42.177 42.078 41.91 42.333 42.429 42.276 41.888 41.719 41.528 42.243
1024.3688 43.246 43.296 43.221 43.028 42.885 42.746 43.107 43.005 42.883 42.741 42.601 42.452 43.01 42.838 42.666 42.545 42.435 42.774 42.632 42.512 42.413 42.244 42.668 42.763 42.611 42.223 42.053 41.863 42.578
1049.0798 43.581 43.63 43.556 43.363 43.22 43.081 43.442 43.34 43.218 43.076 42.935 42.787 43.345 43.173 43.001 42.88 42.77 43.109 42.966 42.847 42.748 42.579 43.003 43.098 42.946 42.558 42.388 42.198 42.913
1074.3869 43.916 43.965 43.89 43.697 43.555 43.416 43.777 43.675 43.553 43.411 43.27 43.122 43.68 43.508 43.336 43.215 43.104 43.444 43.301 43.181 43.082 42.914 43.338 43.433 43.28 42.892 42.723 42.533 43.248
