web/models/kne/30/Metzger_0.058653_0.402759_0.100000.dat
# %ECSV 0.9
# ---
# datatype:
# - {name: time, datatype: float64}
# - {name: sdss_u, datatype: float64}
# - {name: sdss_g, datatype: float64}
# - {name: sdss_r, datatype: float64}
# - {name: sdss_i, datatype: float64}
# - {name: sdss_z, datatype: float64}
# - {name: PS1_y, datatype: float64}
# - {name: ukirt_J, datatype: float64}
# - {name: ukirt_H, datatype: float64}
# - {name: ukirt_K, datatype: float64}
# - {name: johnson_U, datatype: float64}
# - {name: johnson_B, datatype: float64}
# - {name: johnson_V, datatype: float64}
# - {name: johnson_R, datatype: float64}
# - {name: johnson_I, datatype: float64}
# - {name: Clear, datatype: float64}
# meta: !!omap
# - comment: [vej = 0.4027586206896552, mej = 0.058653062403363466, Ye = 0.1, redshift = 0.0]
# schema: astropy-2.0
time sdss_u sdss_g sdss_r sdss_i sdss_z PS1_y ukirt_J ukirt_H ukirt_K johnson_U johnson_B johnson_V johnson_R johnson_I Clear
[from data line 2568]
128.500000 608.603385 443.987314 339.666897 273.176939 232.498089 206.991736 155.164406 108.845156 78.214049 588.876310 489.893818 383.479681 326.960814 228.395681 335.487381
128.550000 608.837842 444.161040 339.802063 273.287480 232.593536 207.077704 155.231065 108.894472 78.251818 589.103495 490.084491 383.631050 327.091278 228.489604 335.621001
128.600000 609.072295 444.334761 339.937226 273.398019 232.688981 207.163671 155.297724 108.943787 78.289587 589.330676 490.275160 383.782416 327.221739 228.583526 335.754617
128.650000 609.306744 444.508480 340.072387 273.508556 232.784425 207.249637 155.364381 108.993102 78.327355 589.557852 490.465826 383.933780 327.352197 228.677446 335.888231
128.700000 609.541188 444.682195 340.207545 273.619090 232.879867 207.335601 155.431037 109.042416 78.365123 589.785023 490.656488 384.085141 327.482654 228.771365 336.021843
128.750000 609.775627 444.855907 340.342701 273.729623 232.975308 207.421563 155.497692 109.091730 78.402890 590.012190 490.847146 384.236499 327.613108 228.865282 336.155452
128.800000 610.010062 445.029616 340.477854 273.840154 233.070747 207.507525 155.564346 109.141042 78.440657 590.239353 491.037801 384.387854 327.743559 228.959197 336.289059
128.850000 610.244492 445.203321 340.613005 273.950683 233.166184 207.593484 155.630999 109.190354 78.478423 590.466512 491.228452 384.539206 327.874008 229.053111 336.422664
128.900000 610.478918 445.377023 340.748153 274.061210 233.261619 207.679442 155.697651 109.239666 78.516189 590.693666 491.419099 384.690556 328.004455 229.147023 336.556266
128.950000 610.713339 445.550722 340.883299 274.171735 233.357053 207.765399 155.764302 109.288976 78.553955 590.920815 491.609743 384.841902 328.134899 229.240933 336.689865
129.000000 610.947756 445.724418 341.018442 274.282258 233.452485 207.851354 155.830951 109.338286 78.591720 591.147961 491.800383 384.993246 328.265341 229.334842 336.823462
129.050000 611.182168 445.898110 341.153583 274.392779 233.547916 207.937308 155.897600 109.387595 78.629484 591.375102 491.991019 385.144587 328.395781 229.428749 336.957057
129.100000 611.416576 446.071799 341.288721 274.503298 233.643345 208.023260 155.964248 109.436904 78.667248 591.602238 492.181652 385.295925 328.526218 229.522655 337.090649
129.150000 611.650979 446.245485 341.423857 274.613815 233.738772 208.109211 156.030894 109.486211 78.705012 591.829370 492.372281 385.447261 328.656653 229.616559 337.224238
129.200000 611.885377 446.419168 341.558991 274.724330 233.834197 208.195161 156.097540 109.535518 78.742775 592.056498 492.562907 385.598593 328.787085 229.710461 337.357826
129.250000 612.119771 446.592847 341.694122 274.834843 233.929621 208.281109 156.164184 109.584825 78.780538 592.283621 492.753529 385.749923 328.917515 229.804361 337.491411
129.300000 612.354161 446.766523 341.829250 274.945354 234.025043 208.367055 156.230828 109.634130 78.818300 592.510741 492.944148 385.901250 329.047943 229.898260 337.624993
129.350000 612.588546 446.940196 341.964376 275.055863 234.120464 208.453000 156.297470 109.683435 78.856061 592.737855 493.134762 386.052574 329.178369 229.992158 337.758573
129.400000 612.822927 447.113865 342.099500 275.166371 234.215883 208.538944 156.364111 109.732740 78.893823 592.964966 493.325374 386.203896 329.308792 230.086054 337.892150
129.450000 613.057303 447.287531 342.234621 275.276876 234.311300 208.624886 156.430751 109.782043 78.931583 593.192072 493.515981 386.355214 329.439212 230.179948 338.025725
129.500000 613.291674 447.461194 342.369739 275.387379 234.406716 208.710826 156.497390 109.831346 78.969344 593.419173 493.706585 386.506530 329.569630 230.273840 338.159298
129.550000 613.526041 447.634854 342.504855 275.497881 234.502130 208.796766 156.564028 109.880648 79.007104 593.646271 493.897186 386.657843 329.700046 230.367731 338.292868
129.600000 613.760404 447.808510 342.639969 275.608380 234.597542 208.882703 156.630665 109.929949 79.044863 593.873363 494.087782 386.809153 329.830460 230.461620 338.426436
129.650000 613.994762 447.982163 342.775080 275.718877 234.692953 208.968640 156.697301 109.979250 79.082622 594.100452 494.278375 386.960461 329.960871 230.555508 338.560001
129.700000 614.229115 448.155813 342.910189 275.829373 234.788362 209.054574 156.763936 110.028550 79.120380 594.327536 494.468965 387.111765 330.091280 230.649394 338.693564
129.750000 614.463464 448.329460 343.045295 275.939866 234.883769 209.140508 156.830570 110.077849 79.158138 594.554616 494.659551 387.263067 330.221686 230.743279 338.827125
129.800000 614.697809 448.503104 343.180399 276.050358 234.979175 209.226440 156.897203 110.127148 79.195896 594.781692 494.850133 387.414366 330.352090 230.837161 338.960683
129.850000 614.932149 448.676744 343.315501 276.160848 235.074579 209.312370 156.963835 110.176446 79.233653 595.008763 495.040712 387.565662 330.482492 230.931043 339.094238
129.900000 615.166485 448.850381 343.450599 276.271335 235.169981 209.398299 157.030465 110.225743 79.271409 595.235830 495.231287 387.716956 330.612891 231.024922 339.227792
129.950000 615.400816 449.024014 343.585696 276.381821 235.265382 209.484227 157.097095 110.275039 79.309165 595.462893 495.421859 387.868246 330.743288 231.118800 339.361342
130.000000 615.635142 449.197645 343.720790 276.492305 235.360781 209.570153 157.163723 110.324335 79.346921 595.689951 495.612427 388.019534 330.873683 231.212677 339.494891
130.050000 615.869465 449.371272 343.855881 276.602786 235.456179 209.656077 157.230351 110.373630 79.384676 595.917005 495.802992 388.170819 331.004075 231.306551 339.628437
130.100000 616.103782 449.544896 343.990971 276.713266 235.551575 209.742001 157.296977 110.422924 79.422431 596.144054 495.993552 388.322102 331.134465 231.400425 339.761980
130.150000 616.338096 449.718517 344.126057 276.823744 235.646969 209.827922 157.363603 110.472218 79.460185 596.371100 496.184110 388.473381 331.264852 231.494296 339.895521
130.200000 616.572404 449.892134 344.261141 276.934220 235.742361 209.913843 157.430227 110.521511 79.497939 596.598141 496.374664 388.624658 331.395238 231.588166 340.029060
130.250000 616.806709 450.065749 344.396223 277.044694 235.837752 209.999762 157.496850 110.570803 79.535692 596.825177 496.565214 388.775932 331.525620 231.682034 340.162596
130.300000 617.041008 450.239360 344.531303 277.155166 235.933142 210.085679 157.563472 110.620095 79.573445 597.052209 496.755760 388.927203 331.656001 231.775901 340.296130
130.350000 617.275304 450.412968 344.666379 277.265636 236.028529 210.171595 157.630094 110.669386 79.611197 597.279237 496.946303 389.078472 331.786379 231.869766 340.429662
130.400000 617.509595 450.586572 344.801454 277.376105 236.123915 210.257510 157.696714 110.718676 79.648949 597.506261 497.136843 389.229737 331.916755 231.963630 340.563191
130.450000 617.743881 450.760174 344.936526 277.486571 236.219300 210.343423 157.763333 110.767965 79.686701 597.733281 497.327379 389.381000 332.047128 232.057492 340.696717
130.500000 617.978163 450.933772 345.071595 277.597035 236.314682 210.429334 157.829951 110.817254 79.724452 597.960296 497.517911 389.532261 332.177499 232.151352 340.830241
130.550000 618.212441 451.107367 345.206662 277.707498 236.410064 210.515245 157.896568 110.866542 79.762202 598.187306 497.708440 389.683518 332.307868 232.245211 340.963763
130.600000 618.446714 451.280959 345.341727 277.817958 236.505443 210.601153 157.963184 110.915830 79.799952 598.414313 497.898965 389.834773 332.438235 232.339068 341.097283
130.650000 618.680983 451.454547 345.476789 277.928417 236.600821 210.687061 158.029799 110.965116 79.837702 598.641315 498.089486 389.986024 332.568599 232.432923 341.230800
130.700000 618.915247 451.628132 345.611849 278.038873 236.696197 210.772967 158.096412 111.014402 79.875451 598.868313 498.280004 390.137273 332.698960 232.526777 341.364314
130.750000 619.149507 451.801714 345.746907 278.149328 236.791572 210.858871 158.163025 111.063688 79.913199 599.095307 498.470519 390.288520 332.829320 232.620629 341.497826
130.800000 619.383762 451.975293 345.881962 278.259780 236.886945 210.944774 158.229637 111.112972 79.950948 599.322296 498.661030 390.439763 332.959677 232.714480 341.631336
130.850000 619.618013 452.148869 346.017014 278.370231 236.982316 211.030676 158.296248 111.162256 79.988695 599.549281 498.851537 390.591004 333.090032 232.808329 341.764844
130.900000 619.852259 452.322442 346.152064 278.480680 237.077686 211.116576 158.362857 111.211539 80.026443 599.776262 499.042041 390.742242 333.220384 232.902177 341.898349
130.950000 620.086501 452.496011 346.287112 278.591127 237.173054 211.202475 158.429466 111.260822 80.064189 600.003238 499.232542 390.893478 333.350734 232.996023 342.031851
131.000000 620.320739 452.669577 346.422157 278.701572 237.268420 211.288372 158.496073 111.310103 80.101936 600.230210 499.423038 391.044710 333.481082 233.089867 342.165351
131.050000 620.554972 452.843140 346.557200 278.812015 237.363785 211.374268 158.562680 111.359385 80.139682 600.457178 499.613531 391.195940 333.611427 233.183710 342.298849
131.100000 620.789201 453.016699 346.692240 278.922456 237.459149 211.460162 158.629285 111.408665 80.177427 600.684142 499.804021 391.347167 333.741770 233.277551 342.432345
131.150000 621.023425 453.190256 346.827278 279.032895 237.554510 211.546055 158.695890 111.457945 80.215172 600.911101 499.994507 391.498391 333.872111 233.371390 342.565838
131.200000 621.257645 453.363809 346.962314 279.143332 237.649870 211.631947 158.762493 111.507224 80.252917 601.138056 500.184990 391.649613 334.002449 233.465228 342.699328
131.250000 621.491861 453.537359 347.097347 279.253768 237.745229 211.717837 158.829095 111.556502 80.290661 601.365007 500.375469 391.800832 334.132786 233.559065 342.832817
131.300000 621.726072 453.710906 347.232378 279.364201 237.840585 211.803726 158.895697 111.605780 80.328404 601.591953 500.565944 391.952048 334.263119 233.652899 342.966303
131.350000 621.960278 453.884450 347.367406 279.474633 237.935940 211.889613 158.962297 111.655057 80.366147 601.818895 500.756416 392.103261 334.393451 233.746733 343.099786
131.400000 622.194481 454.057990 347.502432 279.585062 238.031294 211.975499 159.028896 111.704333 80.403890 602.045833 500.946885 392.254471 334.523780 233.840564 343.233267
131.450000 622.428679 454.231527 347.637455 279.695490 238.126646 212.061383 159.095494 111.753608 80.441632 602.272767 501.137350 392.405679 334.654107 233.934394 343.366746
131.500000 622.662872 454.405062 347.772476 279.805916 238.221996 212.147266 159.162091 111.802883 80.479374 602.499697 501.327811 392.556884 334.784431 234.028223 343.500222
131.550000 622.897061 454.578592 347.907495 279.916339 238.317345 212.233148 159.228688 111.852157 80.517115 602.726622 501.518269 392.708087 334.914753 234.122049 343.633696
131.600000 623.131246 454.752120 348.042511 280.026761 238.412692 212.319028 159.295283 111.901431 80.554856 602.953543 501.708723 392.859286 335.045073 234.215875 343.767168
131.650000 623.365426 454.925645 348.177525 280.137181 238.508037 212.404906 159.361877 111.950704 80.592596 603.180459 501.899174 393.010483 335.175391 234.309698 343.900637
131.700000 623.599602 455.099166 348.312536 280.247599 238.603381 212.490784 159.428470 111.999976 80.630336 603.407372 502.089622 393.161677 335.305706 234.403520 344.034104
131.750000 623.833773 455.272684 348.447545 280.358016 238.698723 212.576660 159.495061 112.049247 80.668076 603.634280 502.280065 393.312869 335.436019 234.497341 344.167568
131.800000 624.067940 455.446199 348.582552 280.468430 238.794064 212.662534 159.561652 112.098518 80.705815 603.861184 502.470506 393.464057 335.566329 234.591160 344.301030
131.850000 624.302103 455.619711 348.717556 280.578842 238.889403 212.748407 159.628242 112.147788 80.743553 604.088084 502.660943 393.615243 335.696638 234.684977 344.434490
131.900000 624.536261 455.793220 348.852558 280.689252 238.984740 212.834279 159.694831 112.197057 80.781291 604.314979 502.851376 393.766427 335.826944 234.778793 344.567947
131.950000 624.770415 455.966725 348.987557 280.799661 239.080076 212.920149 159.761419 112.246326 80.819029 604.541870 503.041806 393.917607 335.957247 234.872607 344.701402
132.000000 625.004565 456.140228 349.122554 280.910068 239.175410 213.006018 159.828006 112.295594 80.856766 604.768757 503.232232 394.068785 336.087549 234.966420 344.834855
132.050000 625.238710 456.313727 349.257549 281.020472 239.270742 213.091885 159.894591 112.344861 80.894503 604.995640 503.422654 394.219960 336.217848 235.060231 344.968305
132.100000 625.472851 456.487223 349.392541 281.130875 239.366073 213.177751 159.961176 112.394128 80.932239 605.222519 503.613074 394.371132 336.348145 235.154040 345.101753
132.150000 625.706987 456.660716 349.527531 281.241276 239.461403 213.263615 160.027760 112.443394 80.969975 605.449393 503.803489 394.522302 336.478439 235.247848 345.235198
132.200000 625.941119 456.834205 349.662518 281.351675 239.556730 213.349478 160.094342 112.492659 81.007710 605.676263 503.993902 394.673469 336.608731 235.341654 345.368641
132.250000 626.175247 457.007692 349.797503 281.462072 239.652057 213.435340 160.160924 112.541923 81.045445 605.903129 504.184310 394.824633 336.739021 235.435459 345.502082
132.300000 626.409370 457.181175 349.932486 281.572467 239.747381 213.521200 160.227504 112.591187 81.083179 606.129991 504.374716 394.975795 336.869309 235.529262 345.635520
132.350000 626.643489 457.354656 350.067466 281.682860 239.842704 213.607059 160.294084 112.640450 81.120913 606.356848 504.565117 395.126953 336.999594 235.623064 345.768956
132.400000 626.877604 457.528133 350.202444 281.793252 239.938025 213.692917 160.360662 112.689713 81.158647 606.583701 504.755516 395.278109 337.129877 235.716864 345.902390
132.450000 627.111714 457.701606 350.337419 281.903641 240.033345 213.778773 160.427240 112.738975 81.196380 606.810550 504.945910 395.429263 337.260157 235.810662 346.035821
132.500000 627.345820 457.875077 350.472392 282.014029 240.128663 213.864627 160.493816 112.788236 81.234112 607.037395 505.136302 395.580413 337.390436 235.904459 346.169250
132.550000 627.579921 458.048545 350.607363 282.124414 240.223980 213.950480 160.560392 112.837496 81.271844 607.264235 505.326689 395.731561 337.520712 235.998254 346.302677
132.600000 627.814018 458.222009 350.742331 282.234798 240.319294 214.036332 160.626966 112.886756 81.309576 607.491072 505.517074 395.882706 337.650986 236.092048 346.436101
132.650000 628.048111 458.395470 350.877297 282.345180 240.414608 214.122183 160.693540 112.936015 81.347307 607.717904 505.707454 396.033849 337.781257 236.185840 346.569523
132.700000 628.282200 458.568929 351.012260 282.455560 240.509919 214.208032 160.760112 112.985273 81.385038 607.944732 505.897832 396.184989 337.911526 236.279631 346.702942
132.750000 628.516284 458.742384 351.147221 282.565938 240.605230 214.293879 160.826683 113.034531 81.422768 608.171555 506.088206 396.336126 338.041793 236.373420 346.836360
132.800000 628.750363 458.915835 351.282180 282.676314 240.700538 214.379725 160.893253 113.083788 81.460498 608.398375 506.278576 396.487260 338.172058 236.467207 346.969774
132.850000 628.984439 459.089284 351.417136 282.786688 240.795845 214.465570 160.959823 113.133044 81.498227 608.625190 506.468943 396.638392 338.302320 236.560993 347.103187
132.900000 629.218510 459.262730 351.552090 282.897061 240.891150 214.551413 161.026391 113.182300 81.535956 608.852001 506.659306 396.789521 338.432580 236.654777 347.236597
132.950000 629.452577 459.436172 351.687042 283.007431 240.986454 214.637255 161.092958 113.231555 81.573685 609.078808 506.849666 396.940647 338.562838 236.748560 347.370005
133.000000 629.686639 459.609611 351.821991 283.117800 241.081756 214.723096 161.159524 113.280809 81.611413 609.305611 507.040023 397.091771 338.693093 236.842341 347.503410
