web/models/kne/30/Metzger_0.024890_0.483793_0.450000.dat
# %ECSV 0.9
# ---
# datatype:
# - {name: time, datatype: float64}
# - {name: sdss_u, datatype: float64}
# - {name: sdss_g, datatype: float64}
# - {name: sdss_r, datatype: float64}
# - {name: sdss_i, datatype: float64}
# - {name: sdss_z, datatype: float64}
# - {name: PS1_y, datatype: float64}
# - {name: ukirt_J, datatype: float64}
# - {name: ukirt_H, datatype: float64}
# - {name: ukirt_K, datatype: float64}
# - {name: johnson_U, datatype: float64}
# - {name: johnson_B, datatype: float64}
# - {name: johnson_V, datatype: float64}
# - {name: johnson_R, datatype: float64}
# - {name: johnson_I, datatype: float64}
# - {name: Clear, datatype: float64}
# meta: !!omap
# - comment: [vej = 0.48379310344827586, mej = 0.024889660212162802, Ye = 0.45, redshift = 0.0]
# schema: astropy-2.0
time sdss_u sdss_g sdss_r sdss_i sdss_z PS1_y ukirt_J ukirt_H ukirt_K johnson_U johnson_B johnson_V johnson_R johnson_I Clear
[from data line 2562]
128.200000 nan 618.124203 475.253626 384.144675 328.375850 293.393100 222.261338 158.603150 116.427804 nan 680.974298 535.266048 457.846472 322.750127 469.527913
128.250000 nan 618.360747 475.437734 384.295297 328.505947 293.510307 222.352288 158.670515 116.479467 nan 681.233889 535.472191 458.024187 322.878152 469.709918
128.300000 nan 618.597287 475.621840 384.445916 328.636042 293.627512 222.443236 158.737880 116.531129 nan 681.493475 535.678330 458.201898 323.006175 469.891920
128.350000 nan 618.833822 475.805942 384.596533 328.766134 293.744716 222.534182 158.805243 116.582791 nan 681.753056 535.884466 458.379606 323.134196 470.073919
128.400000 nan 619.070354 475.990041 384.747148 328.896224 293.861917 222.625128 158.872605 116.634452 nan 682.012633 536.090598 458.557311 323.262214 470.255915
128.450000 nan 619.306881 476.174137 384.897759 329.026313 293.979117 222.716071 158.939967 116.686112 nan 682.272205 536.296727 458.735013 323.390230 470.437908
128.500000 nan 619.543404 476.358229 385.048369 329.156399 294.096314 222.807014 159.007327 116.737772 nan 682.531772 536.502852 458.912712 323.518245 470.619898
128.550000 nan 619.779923 476.542319 385.198976 329.286483 294.213510 222.897955 159.074687 116.789430 nan 682.791335 536.708974 459.090408 323.646257 470.801885
128.600000 nan 620.016438 476.726405 385.349580 329.416564 294.330704 222.988894 159.142045 116.841089 nan 683.050893 536.915092 459.268100 323.774267 470.983868
128.650000 nan 620.252949 476.910488 385.500182 329.546644 294.447896 223.079833 159.209403 116.892746 nan 683.310447 537.121206 459.445790 323.902275 471.165848
128.700000 nan 620.489456 477.094568 385.650781 329.676722 294.565086 223.170769 159.276759 116.944403 nan 683.569996 537.327317 459.623477 324.030281 471.347826
128.750000 nan 620.725958 477.278645 385.801378 329.806797 294.682274 223.261705 159.344115 116.996059 nan 683.829541 537.533424 459.801161 324.158284 471.529800
128.800000 nan 620.962456 477.462719 385.951972 329.936870 294.799460 223.352639 159.411470 117.047715 nan 684.089080 537.739528 459.978841 324.286286 471.711771
128.850000 nan 621.198950 477.646789 386.102563 330.066941 294.916644 223.443571 159.478823 117.099370 nan 684.348616 537.945628 460.156519 324.414286 471.893738
128.900000 nan 621.435440 477.830857 386.253152 330.197010 295.033827 223.534503 159.546176 117.151024 nan 684.608146 538.151724 460.334193 324.542283 472.075703
128.950000 nan 621.671926 478.014921 386.403739 330.327077 295.151007 223.625432 159.613528 117.202678 nan 684.867673 538.357817 460.511865 324.670278 472.257665
129.000000 nan 621.908407 478.198982 386.554323 330.457141 295.268186 223.716361 159.680879 117.254331 nan 685.127194 538.563906 460.689533 324.798272 472.439623
129.050000 nan 622.144885 478.383040 386.704904 330.587204 295.385363 223.807288 159.748229 117.305983 nan 685.386711 538.769992 460.867199 324.926263 472.621579
129.100000 nan 622.381358 478.567094 386.855483 330.717264 295.502537 223.898213 159.815578 117.357635 nan 685.646224 538.976074 461.044861 325.054252 472.803531
129.150000 nan 622.617827 478.751146 387.006060 330.847322 295.619710 223.989137 159.882925 117.409286 nan 685.905731 539.182153 461.222521 325.182239 472.985480
129.200000 nan 622.854293 478.935194 387.156634 330.977379 295.736881 224.080060 159.950272 117.460936 nan 686.165235 539.388228 461.400177 325.310223 473.167426
129.250000 nan 623.090753 479.119239 387.307205 331.107432 295.854050 224.170982 160.017619 117.512586 nan 686.424733 539.594299 461.577830 325.438206 473.349369
129.300000 nan 623.327210 479.303282 387.457774 331.237484 295.971218 224.261902 160.084964 117.564235 nan 686.684227 539.800367 461.755480 325.566187 473.531309
129.350000 nan 623.563663 479.487320 387.608340 331.367534 296.088383 224.352820 160.152308 117.615883 nan 686.943717 540.006432 461.933128 325.694165 473.713245
129.400000 nan 623.800111 479.671356 387.758904 331.497581 296.205546 224.443737 160.219651 117.667530 nan 687.203202 540.212492 462.110772 325.822142 473.895179
129.450000 nan 624.036556 479.855389 387.909465 331.627627 296.322708 224.534653 160.286993 117.719177 nan 687.462682 540.418550 462.288413 325.950116 474.077109
129.500000 nan 624.272996 480.039418 388.060024 331.757670 296.439868 224.625567 160.354334 117.770824 nan 687.722158 540.624603 462.466051 326.078088 474.259037
129.550000 nan 624.509432 480.223445 388.210581 331.887711 296.557025 224.716480 160.421675 117.822469 nan 687.981630 540.830653 462.643686 326.206059 474.440961
129.600000 nan 624.745864 480.407468 388.361134 332.017750 296.674181 224.807392 160.489014 117.874114 nan 688.241096 541.036700 462.821318 326.334027 474.622882
129.650000 nan 624.982292 480.591488 388.511686 332.147787 296.791335 224.898302 160.556352 117.925759 nan 688.500559 541.242743 462.998948 326.461993 474.804800
129.700000 nan 625.218716 480.775505 388.662234 332.277822 296.908487 224.989211 160.623690 117.977402 nan 688.760016 541.448782 463.176574 326.589956 474.986715
129.750000 nan 625.455135 480.959519 388.812781 332.407855 297.025638 225.080118 160.691026 118.029045 nan 689.019469 541.654818 463.354197 326.717918 475.168627
129.800000 nan 625.691551 481.143529 388.963324 332.537885 297.142786 225.171024 160.758362 118.080688 nan 689.278918 541.860851 463.531817 326.845878 475.350536
129.850000 nan 625.927962 481.327537 389.113866 332.667913 297.259932 225.261929 160.825696 118.132330 nan 689.538362 542.066879 463.709434 326.973836 475.532441
129.900000 nan 626.164370 481.511541 389.264404 332.797940 297.377077 225.352832 160.893030 118.183971 nan 689.797801 542.272905 463.887048 327.101791 475.714344
129.950000 nan 626.400773 481.695543 389.414940 332.927964 297.494220 225.443734 160.960363 118.235611 nan 690.057236 542.478926 464.064659 327.229745 475.896243
130.000000 nan 626.637172 481.879541 389.565474 333.057986 297.611360 225.534634 161.027695 118.287251 nan 690.316667 542.684945 464.242267 327.357696 476.078140
130.050000 nan 626.873567 482.063536 389.716005 333.188006 297.728499 225.625533 161.095025 118.338890 nan 690.576093 542.890959 464.419872 327.485645 476.260033
130.100000 nan 627.109958 482.247528 389.866534 333.318023 297.845636 225.716431 161.162355 118.390528 nan 690.835514 543.096970 464.597474 327.613592 476.441923
130.150000 nan 627.346345 482.431516 390.017060 333.448039 297.962772 225.807327 161.229684 118.442166 nan 691.094931 543.302978 464.775073 327.741538 476.623811
130.200000 nan 627.582727 482.615502 390.167584 333.578053 298.079905 225.898222 161.297012 118.493803 nan 691.354343 543.508982 464.952669 327.869481 476.805695
130.250000 nan 627.819106 482.799484 390.318105 333.708064 298.197036 225.989116 161.364339 118.545439 nan 691.613751 543.714983 465.130262 327.997422 476.987576
130.300000 nan 628.055480 482.983464 390.468624 333.838073 298.314166 226.080008 161.431665 118.597075 nan 691.873154 543.920980 465.307852 328.125361 477.169453
130.350000 nan 628.291851 483.167440 390.619140 333.968081 298.431293 226.170898 161.498990 118.648710 nan 692.132553 544.126973 465.485439 328.253297 477.351328
130.400000 nan 628.528217 483.351413 390.769654 334.098086 298.548419 226.261788 161.566314 118.700345 nan 692.391947 544.332963 465.663023 328.381232 477.533200
130.450000 nan 628.764579 483.535383 390.920165 334.228089 298.665543 226.352676 161.633637 118.751979 nan 692.651337 544.538949 465.840604 328.509165 477.715069
130.500000 nan 629.000937 483.719350 391.070674 334.358089 298.782665 226.443562 161.700960 118.803612 nan 692.910722 544.744932 466.018182 328.637095 477.896934
130.550000 nan 629.237292 483.903314 391.221180 334.488088 298.899785 226.534447 161.768281 118.855244 nan 693.170102 544.950912 466.195757 328.765024 478.078797
130.600000 nan 629.473641 484.087275 391.371684 334.618085 299.016904 226.625331 161.835601 118.906876 nan 693.429478 545.156887 466.373329 328.892950 478.260656
130.650000 nan 629.709987 484.271232 391.522185 334.748079 299.134020 226.716214 161.902921 118.958507 nan 693.688850 545.362860 466.550898 329.020875 478.442513
130.700000 nan 629.946329 484.455187 391.672684 334.878072 299.251135 226.807095 161.970239 119.010138 nan 693.948217 545.568828 466.728464 329.148797 478.624366
130.750000 nan 630.182667 484.639138 391.823180 335.008062 299.368247 226.897974 162.037557 119.061768 nan 694.207580 545.774794 466.906027 329.276717 478.806216
130.800000 nan 630.419001 484.823086 391.973674 335.138050 299.485358 226.988853 162.104873 119.113397 nan 694.466938 545.980756 467.083587 329.404636 478.988063
130.850000 nan 630.655330 485.007032 392.124165 335.268036 299.602467 227.079729 162.172189 119.165026 nan 694.726291 546.186714 467.261144 329.532552 479.169907
130.900000 nan 630.891656 485.190974 392.274654 335.398020 299.719574 227.170605 162.239504 119.216654 nan 694.985641 546.392669 467.438698 329.660466 479.351748
130.950000 nan 631.127977 485.374913 392.425140 335.528002 299.836679 227.261479 162.306817 119.268281 nan 695.244985 546.598620 467.616249 329.788378 479.533586
131.000000 nan 631.364294 485.558848 392.575624 335.657982 299.953783 227.352352 162.374130 119.319907 nan 695.504325 546.804567 467.793797 329.916288 479.715421
131.050000 nan 631.600608 485.742781 392.726106 335.787960 300.070884 227.443223 162.441442 119.371533 nan 695.763661 547.010512 467.971342 330.044195 479.897253
131.100000 nan 631.836917 485.926711 392.876584 335.917935 300.187984 227.534093 162.508753 119.423159 nan 696.022992 547.216452 468.148884 330.172101 480.079082
131.150000 nan 632.073222 486.110637 393.027061 336.047909 300.305082 227.624962 162.576063 119.474783 nan 696.282319 547.422390 468.326423 330.300005 480.260907
131.200000 nan 632.309523 486.294561 393.177535 336.177880 300.422178 227.715829 162.643372 119.526407 nan 696.541641 547.628323 468.503959 330.427907 480.442730
131.250000 nan 632.545820 486.478481 393.328006 336.307849 300.539272 227.806695 162.710680 119.578031 nan 696.800958 547.834254 468.681493 330.555806 480.624550
131.300000 nan 632.782113 486.662399 393.478475 336.437817 300.656364 227.897559 162.777987 119.629653 nan 697.060272 548.040180 468.859023 330.683704 480.806366
131.350000 nan 633.018402 486.846313 393.628942 336.567782 300.773454 227.988422 162.845293 119.681275 nan 697.319580 548.246104 469.036550 330.811599 480.988180
131.400000 nan 633.254687 487.030224 393.779406 336.697745 300.890543 228.079284 162.912598 119.732897 nan 697.578885 548.452023 469.214074 330.939493 481.169990
131.450000 nan 633.490968 487.214132 393.929867 336.827706 301.007629 228.170144 162.979903 119.784518 nan 697.838184 548.657940 469.391596 331.067384 481.351798
131.500000 nan 633.727245 487.398037 394.080327 336.957664 301.124714 228.261003 163.047206 119.836138 nan 698.097480 548.863852 469.569114 331.195273 481.533602
131.550000 nan 633.963517 487.581939 394.230783 337.087621 301.241797 228.351861 163.114509 119.887757 nan 698.356770 549.069762 469.746630 331.323161 481.715403
131.600000 nan 634.199786 487.765837 394.381237 337.217576 301.358878 228.442717 163.181810 119.939376 nan 698.616057 549.275667 469.924142 331.451046 481.897202
131.650000 nan 634.436051 487.949733 394.531689 337.347528 301.475957 228.533572 163.249111 119.990994 nan 698.875339 549.481570 470.101651 331.578929 482.078997
131.700000 nan 634.672311 488.133626 394.682138 337.477479 301.593035 228.624426 163.316410 120.042612 nan 699.134616 549.687468 470.279158 331.706810 482.260789
131.750000 nan 634.908568 488.317515 394.832585 337.607427 301.710110 228.715278 163.383709 120.094228 nan 699.393889 549.893364 470.456661 331.834689 482.442578
131.800000 nan 635.144820 488.501402 394.983029 337.737373 301.827184 228.806128 163.451007 120.145845 nan 699.653157 550.099256 470.634162 331.962566 482.624364
131.850000 nan 635.381069 488.685285 395.133471 337.867318 301.944256 228.896978 163.518303 120.197460 nan 699.912422 550.305144 470.811660 332.090441 482.806148
131.900000 nan 635.617313 488.869165 395.283911 337.997260 302.061326 228.987826 163.585599 120.249075 nan 700.171681 550.511029 470.989154 332.218314 482.987928
131.950000 nan 635.853554 489.053043 395.434348 338.127200 302.178394 229.078672 163.652894 120.300689 nan 700.430936 550.716910 471.166646 332.346185 483.169705
132.000000 nan 636.089790 489.236917 395.584782 338.257138 302.295460 229.169518 163.720188 120.352303 nan 700.690187 550.922788 471.344135 332.474054 483.351479
132.050000 nan 636.326022 489.420788 395.735214 338.387073 302.412524 229.260362 163.787481 120.403916 nan 700.949433 551.128663 471.521621 332.601921 483.533249
132.100000 nan 636.562251 489.604656 395.885644 338.517007 302.529587 229.351204 163.854774 120.455528 nan 701.208675 551.334534 471.699103 332.729786 483.715017
132.150000 nan 636.798475 489.788521 396.036071 338.646939 302.646648 229.442045 163.922065 120.507140 nan 701.467912 551.540401 471.876583 332.857648 483.896782
132.200000 nan 637.034695 489.972383 396.186495 338.776869 302.763707 229.532885 163.989355 120.558751 nan 701.727145 551.746265 472.054060 332.985509 484.078544
132.250000 nan 637.270912 490.156242 396.336918 338.906796 302.880764 229.623724 164.056644 120.610361 nan 701.986374 551.952126 472.231534 333.113368 484.260303
132.300000 nan 637.507124 490.340097 396.487337 339.036722 302.997819 229.714561 164.123933 120.661971 nan 702.245598 552.157983 472.409005 333.241224 484.442059
132.350000 nan 637.743332 490.523950 396.637755 339.166645 303.114872 229.805396 164.191220 120.713580 nan 702.504817 552.363837 472.586473 333.369079 484.623812
132.400000 nan 637.979536 490.707800 396.788169 339.296566 303.231924 229.896231 164.258507 120.765188 nan 702.764032 552.569687 472.763939 333.496931 484.805561
132.450000 nan 638.215736 490.891646 396.938582 339.426485 303.348973 229.987064 164.325792 120.816796 nan 703.023243 552.775534 472.941401 333.624782 484.987308
132.500000 nan 638.451933 491.075490 397.088992 339.556403 303.466021 230.077895 164.393077 120.868403 nan 703.282449 552.981377 473.118860 333.752630 485.169052
132.550000 nan 638.688125 491.259330 397.239399 339.686318 303.583067 230.168726 164.460361 120.920010 nan 703.541651 553.187217 473.296316 333.880476 485.350793
132.600000 nan 638.924313 491.443168 397.389804 339.816231 303.700111 230.259555 164.527643 120.971616 nan 703.800848 553.393053 473.473770 334.008321 485.532530
132.650000 nan 639.160497 491.627002 397.540207 339.946142 303.817154 230.350382 164.594925 121.023221 nan 704.060041 553.598886 473.651220 334.136163 485.714265
132.700000 nan 639.396677 491.810833 397.690607 340.076051 303.934194 230.441208 164.662206 121.074825 nan 704.319230 553.804715 473.828668 334.264003 485.895997
132.750000 nan 639.632854 491.994662 397.841005 340.205957 304.051233 230.532033 164.729486 121.126429 nan 704.578414 554.010541 474.006112 334.391842 486.077725
132.800000 nan 639.869026 492.178487 397.991400 340.335862 304.168270 230.622857 164.796765 121.178032 nan 704.837594 554.216364 474.183554 334.519678 486.259451
132.850000 nan 640.105194 492.362309 398.141793 340.465765 304.285305 230.713679 164.864044 121.229635 nan 705.096769 554.422183 474.360993 334.647512 486.441174
132.900000 nan 640.341358 492.546128 398.292183 340.595665 304.402338 230.804500 164.931321 121.281237 nan 705.355940 554.627999 474.538429 334.775344 486.622893
132.950000 nan 640.577518 492.729944 398.442571 340.725564 304.519369 230.895319 164.998597 121.332838 nan 705.615107 554.833811 474.715862 334.903175 486.804610
133.000000 nan 640.813674 492.913757 398.592957 340.855460 304.636398 230.986137 165.065872 121.384439 nan 705.874269 555.039620 474.893292 335.031003 486.986323
133.050000 nan 641.049827 493.097567 398.743340 340.985355 304.753426 231.076954 165.133147 121.436039 nan 706.133426 555.245425 475.070719 335.158829 487.168034
