web/models/kne/30/Metzger_0.001535_0.111034_0.450000.dat
# %ECSV 0.9
# ---
# datatype:
# - {name: time, datatype: float64}
# - {name: sdss_u, datatype: float64}
# - {name: sdss_g, datatype: float64}
# - {name: sdss_r, datatype: float64}
# - {name: sdss_i, datatype: float64}
# - {name: sdss_z, datatype: float64}
# - {name: PS1_y, datatype: float64}
# - {name: ukirt_J, datatype: float64}
# - {name: ukirt_H, datatype: float64}
# - {name: ukirt_K, datatype: float64}
# - {name: johnson_U, datatype: float64}
# - {name: johnson_B, datatype: float64}
# - {name: johnson_V, datatype: float64}
# - {name: johnson_R, datatype: float64}
# - {name: johnson_I, datatype: float64}
# - {name: Clear, datatype: float64}
# meta: !!omap
# - comment: [vej = 0.11103448275862068, mej = 0.0015350971392881912, Ye = 0.45, redshift = 0.0]
# schema: astropy-2.0
time sdss_u sdss_g sdss_r sdss_i sdss_z PS1_y ukirt_J ukirt_H ukirt_K johnson_U johnson_B johnson_V johnson_R johnson_I Clear
[from data line 1258]
63.000000 391.241482 283.851251 215.863955 172.577139 146.120431 129.545483 95.912377 65.934894 46.184111 378.367241 313.788598 244.408749 207.588581 143.453732 213.141714
63.050000 391.549773 284.079526 216.041428 172.722168 146.245574 129.658138 95.999592 65.999259 46.233263 378.665950 314.039202 244.607571 207.759858 143.576867 213.317149
63.100000 391.858053 284.307794 216.218895 172.867193 146.370714 129.770789 96.086805 66.063623 46.282414 378.964649 314.289798 244.806385 207.931130 143.699999 213.492578
63.150000 392.166322 284.536054 216.396356 173.012213 146.495849 129.883438 96.174015 66.127985 46.331564 379.263336 314.540384 245.005193 208.102397 143.823128 213.668002
63.200000 392.474579 284.764305 216.573811 173.157229 146.620981 129.996083 96.261223 66.192346 46.380714 379.562013 314.790962 245.203994 208.273658 143.946252 213.843420
63.250000 392.782826 284.992549 216.751260 173.302239 146.746109 130.108724 96.348429 66.256706 46.429863 379.860679 315.041531 245.402788 208.444913 144.069373 214.018832
63.300000 393.091061 285.220785 216.928704 173.447246 146.871233 130.221363 96.435633 66.321065 46.479011 380.159335 315.292091 245.601576 208.616162 144.192490 214.194238
63.350000 393.399285 285.449013 217.106141 173.592248 146.996354 130.333998 96.522835 66.385422 46.528159 380.457979 315.542642 245.800357 208.787406 144.315604 214.369639
63.400000 393.707499 285.677233 217.283573 173.737245 147.121471 130.446630 96.610034 66.449778 46.577305 380.756613 315.793185 245.999131 208.958644 144.438714 214.545033
63.450000 394.015701 285.905445 217.460999 173.882238 147.246584 130.559259 96.697231 66.514133 46.626452 381.055237 316.043718 246.197898 209.129877 144.561820 214.720422
63.500000 394.323892 286.133649 217.638419 174.027226 147.371693 130.671885 96.784426 66.578486 46.675597 381.353849 316.294243 246.396659 209.301104 144.684923 214.895806
63.550000 394.632071 286.361845 217.815833 174.172209 147.496799 130.784507 96.871618 66.642838 46.724742 381.652451 316.544760 246.595413 209.472326 144.808022 215.071183
63.600000 394.940240 286.590034 217.993242 174.317189 147.621901 130.897126 96.958809 66.707189 46.773886 381.951042 316.795267 246.794160 209.643542 144.931117 215.246555
63.650000 395.248398 286.818215 218.170644 174.462163 147.746999 131.009742 97.045997 66.771538 46.823029 382.249623 317.045766 246.992901 209.814752 145.054209 215.421921
63.700000 395.556545 287.046388 218.348041 174.607133 147.872093 131.122355 97.133183 66.835886 46.872172 382.548192 317.296256 247.191635 209.985957 145.177297 215.597281
63.750000 395.864681 287.274553 218.525432 174.752099 147.997184 131.234964 97.220367 66.900233 46.921314 382.846752 317.546737 247.390362 210.157156 145.300381 215.772635
63.800000 396.172805 287.502710 218.702817 174.897060 148.122271 131.347571 97.307548 66.964579 46.970456 383.145300 317.797209 247.589083 210.328350 145.423462 215.947984
63.850000 396.480919 287.730859 218.880197 175.042016 148.247354 131.460174 97.394728 67.028923 47.019596 383.443838 318.047673 247.787797 210.499538 145.546539 216.123327
63.900000 396.789022 287.959001 219.057570 175.186968 148.372434 131.572773 97.481905 67.093266 47.068736 383.742365 318.298128 247.986504 210.670721 145.669612 216.298665
63.950000 397.097113 288.187134 219.234938 175.331916 148.497510 131.685370 97.569080 67.157607 47.117875 384.040882 318.548575 248.185205 210.841898 145.792682 216.473996
64.000000 397.405194 288.415260 219.412300 175.476859 148.622582 131.797963 97.656253 67.221948 47.167014 384.339388 318.799012 248.383899 211.013069 145.915748 216.649322
64.050000 397.713264 288.643378 219.589656 175.621798 148.747650 131.910553 97.743423 67.286287 47.216152 384.637884 319.049441 248.582587 211.184235 146.038811 216.824642
64.100000 398.021323 288.871489 219.767007 175.766732 148.872715 132.023140 97.830591 67.350625 47.265289 384.936368 319.299862 248.781268 211.355396 146.161870 216.999957
64.150000 398.329371 289.099591 219.944351 175.911661 148.997776 132.135724 97.917758 67.414961 47.314426 385.234843 319.550273 248.979942 211.526550 146.284925 217.175266
64.200000 398.637407 289.327686 220.121690 176.056586 149.122834 132.248305 98.004922 67.479296 47.363561 385.533307 319.800676 249.178610 211.697700 146.407977 217.350569
64.250000 398.945433 289.555773 220.299024 176.201507 149.247887 132.360882 98.092083 67.543630 47.412697 385.831760 320.051071 249.377271 211.868844 146.531025 217.525866
64.300000 399.253448 289.783852 220.476351 176.346423 149.372937 132.473456 98.179243 67.607963 47.461831 386.130202 320.301457 249.575925 212.039982 146.654070 217.701158
64.350000 399.561453 290.011924 220.653673 176.491335 149.497983 132.586027 98.266400 67.672294 47.510965 386.428635 320.551834 249.774573 212.211115 146.777110 217.876444
64.400000 399.869446 290.239987 220.830988 176.636242 149.623026 132.698595 98.353555 67.736624 47.560098 386.727056 320.802202 249.973214 212.382242 146.900148 218.051725
64.450000 400.177428 290.468043 221.008299 176.781144 149.748065 132.811159 98.440708 67.800953 47.609230 387.025467 321.052562 250.171849 212.553364 147.023181 218.227000
64.500000 400.485400 290.696092 221.185603 176.926043 149.873100 132.923721 98.527859 67.865280 47.658362 387.323868 321.302913 250.370477 212.724481 147.146211 218.402269
64.550000 400.793360 290.924132 221.362902 177.070937 149.998132 133.036279 98.615008 67.929606 47.707493 387.622258 321.553256 250.569099 212.895591 147.269238 218.577532
64.600000 401.101310 291.152165 221.540195 177.215826 150.123159 133.148834 98.702154 67.993931 47.756623 387.920638 321.803590 250.767714 213.066697 147.392261 218.752790
64.650000 401.409249 291.380190 221.717482 177.360711 150.248184 133.261386 98.789298 68.058255 47.805753 388.219007 322.053915 250.966322 213.237797 147.515280 218.928042
64.700000 401.717177 291.608208 221.894763 177.505591 150.373204 133.373934 98.876441 68.122577 47.854882 388.517366 322.304232 251.164924 213.408891 147.638296 219.103289
64.750000 402.025094 291.836217 222.072039 177.650467 150.498221 133.486480 98.963580 68.186898 47.904010 388.815714 322.554541 251.363519 213.579980 147.761308 219.278530
64.800000 402.333001 292.064219 222.249309 177.795339 150.623234 133.599022 99.050718 68.251218 47.953137 389.114052 322.804840 251.562108 213.751064 147.884316 219.453765
64.850000 402.640897 292.292214 222.426574 177.940206 150.748244 133.711561 99.137854 68.315536 48.002264 389.412379 323.055132 251.760690 213.922142 148.007321 219.628995
64.900000 402.948781 292.520200 222.603833 178.085069 150.873250 133.824097 99.224987 68.379853 48.051390 389.710696 323.305414 251.959266 214.093214 148.130323 219.804219
64.950000 403.256655 292.748179 222.781086 178.229927 150.998252 133.936630 99.312118 68.444169 48.100516 390.009003 323.555688 252.157835 214.264281 148.253320 219.979437
65.000000 403.564519 292.976151 222.958333 178.374781 151.123250 134.049160 99.399247 68.508484 48.149640 390.307299 323.805954 252.356398 214.435343 148.376315 220.154650
65.050000 403.872371 293.204115 223.135575 178.519630 151.248245 134.161686 99.486374 68.572797 48.198764 390.605585 324.056211 252.554954 214.606399 148.499305 220.329858
65.100000 404.180213 293.432071 223.312811 178.664475 151.373237 134.274209 99.573499 68.637109 48.247888 390.903860 324.306460 252.753504 214.777450 148.622292 220.505059
65.150000 404.488044 293.660019 223.490041 178.809316 151.498224 134.386729 99.660621 68.701420 48.297010 391.202125 324.556700 252.952047 214.948496 148.745276 220.680255
65.200000 404.795864 293.887960 223.667266 178.954152 151.623208 134.499246 99.747741 68.765729 48.346132 391.500380 324.806931 253.150584 215.119536 148.868256 220.855446
65.250000 405.103674 294.115893 223.844485 179.098984 151.748189 134.611760 99.834860 68.830037 48.395254 391.798624 325.057154 253.349114 215.290570 148.991232 221.030631
65.300000 405.411473 294.343818 224.021698 179.243811 151.873166 134.724271 99.921976 68.894344 48.444374 392.096858 325.307369 253.547638 215.461599 149.114205 221.205810
65.350000 405.719261 294.571736 224.198906 179.388634 151.998139 134.836779 100.009089 68.958650 48.493494 392.395082 325.557575 253.746155 215.632623 149.237174 221.380984
65.400000 406.027038 294.799647 224.376108 179.533453 152.123108 134.949283 100.096201 69.022954 48.542613 392.693295 325.807773 253.944666 215.803641 149.360140 221.556152
65.450000 406.334805 295.027549 224.553304 179.678267 152.248074 135.061784 100.183311 69.087257 48.591732 392.991498 326.057962 254.143170 215.974654 149.483102 221.731315
65.500000 406.642561 295.255444 224.730495 179.823077 152.373036 135.174282 100.270418 69.151559 48.640850 393.289691 326.308143 254.341668 216.145662 149.606061 221.906472
65.550000 406.950307 295.483332 224.907680 179.967882 152.497995 135.286777 100.357523 69.215859 48.689967 393.587873 326.558315 254.540159 216.316664 149.729016 222.081623
65.600000 407.258042 295.711212 225.084859 180.112684 152.622950 135.399269 100.444626 69.280158 48.739083 393.886045 326.808479 254.738644 216.487661 149.851968 222.256769
65.650000 407.565766 295.939084 225.262033 180.257480 152.747901 135.511758 100.531727 69.344456 48.788199 394.184207 327.058634 254.937123 216.658652 149.974916 222.431910
65.700000 407.873479 296.166949 225.439202 180.402273 152.872849 135.624243 100.618826 69.408753 48.837314 394.482359 327.308781 255.135595 216.829638 150.097860 222.607045
65.750000 408.181182 296.394806 225.616364 180.547061 152.997793 135.736726 100.705922 69.473048 48.886428 394.780500 327.558920 255.334061 217.000619 150.220801 222.782174
65.800000 408.488874 296.622656 225.793521 180.691844 153.122734 135.849205 100.793017 69.537342 48.935542 395.078631 327.809050 255.532520 217.171594 150.343739 222.957298
65.850000 408.796556 296.850498 225.970673 180.836623 153.247671 135.961681 100.880109 69.601635 48.984655 395.376752 328.059172 255.730973 217.342564 150.466673 223.132416
65.900000 409.104227 297.078333 226.147819 180.981398 153.372604 136.074155 100.967199 69.665927 49.033767 395.674863 328.309285 255.929419 217.513528 150.589603 223.307529
65.950000 409.411887 297.306160 226.324959 181.126169 153.497534 136.186625 101.054287 69.730217 49.082879 395.972963 328.559390 256.127859 217.684488 150.712530 223.482636
66.000000 409.719537 297.533980 226.502094 181.270935 153.622461 136.299091 101.141373 69.794506 49.131990 396.271053 328.809487 256.326293 217.855441 150.835454 223.657738
66.050000 410.027177 297.761792 226.679223 181.415697 153.747383 136.411555 101.228457 69.858794 49.181100 396.569133 329.059575 256.524720 218.026390 150.958374 223.832834
66.100000 410.334805 297.989596 226.856346 181.560454 153.872302 136.524016 101.315538 69.923080 49.230209 396.867203 329.309655 256.723141 218.197333 151.081290 224.007925
66.150000 410.642424 298.217393 227.033464 181.705207 153.997218 136.636473 101.402618 69.987365 49.279318 397.165262 329.559726 256.921555 218.368271 151.204203 224.183010
66.200000 410.950031 298.445183 227.210577 181.849956 154.122130 136.748928 101.489695 70.051649 49.328426 397.463312 329.809789 257.119963 218.539203 151.327112 224.358090
66.250000 411.257629 298.672965 227.387683 181.994701 154.247038 136.861379 101.576770 70.115932 49.377534 397.761351 330.059844 257.318365 218.710130 151.450018 224.533164
66.300000 411.565215 298.900739 227.564785 182.139441 154.371943 136.973827 101.663843 70.180213 49.426640 398.059380 330.309891 257.516760 218.881052 151.572920 224.708233
66.350000 411.872791 299.128506 227.741880 182.284177 154.496844 137.086273 101.750914 70.244493 49.475746 398.357399 330.559929 257.715149 219.051969 151.695819 224.883297
66.400000 412.180357 299.356266 227.918970 182.428908 154.621741 137.198715 101.837983 70.308772 49.524852 398.655408 330.809959 257.913532 219.222880 151.818715 225.058354
66.450000 412.487912 299.584018 228.096055 182.573636 154.746635 137.311154 101.925049 70.373050 49.573956 398.953407 331.059980 258.111908 219.393786 151.941607 225.233407
66.500000 412.795457 299.811763 228.273134 182.718358 154.871526 137.423589 102.012114 70.437326 49.623060 399.251395 331.309994 258.310278 219.564686 152.064495 225.408454
66.550000 413.102991 300.039500 228.450208 182.863077 154.996413 137.536022 102.099176 70.501601 49.672164 399.549374 331.559999 258.508642 219.735582 152.187380 225.583495
66.600000 413.410515 300.267230 228.627276 183.007791 155.121296 137.648452 102.186236 70.565875 49.721266 399.847342 331.809995 258.706999 219.906472 152.310261 225.758531
66.650000 413.718028 300.494952 228.804338 183.152501 155.246176 137.760878 102.273294 70.630147 49.770368 400.145300 332.059984 258.905350 220.077356 152.433139 225.933562
66.700000 414.025531 300.722667 228.981395 183.297207 155.371052 137.873302 102.360350 70.694418 49.819469 400.443248 332.309964 259.103694 220.248236 152.556014 226.108587
66.750000 414.333023 300.950375 229.158447 183.441908 155.495925 137.985722 102.447404 70.758688 49.868570 400.741186 332.559936 259.302032 220.419110 152.678885 226.283607
66.800000 414.640505 301.178075 229.335493 183.586605 155.620794 138.098140 102.534456 70.822957 49.917670 401.039114 332.809899 259.500364 220.589979 152.801752 226.458621
66.850000 414.947977 301.405767 229.512533 183.731298 155.745660 138.210554 102.621505 70.887225 49.966769 401.337032 333.059855 259.698690 220.760842 152.924616 226.633630
66.900000 415.255438 301.633453 229.689568 183.875987 155.870522 138.322965 102.708553 70.951491 50.015867 401.634940 333.309802 259.897009 220.931700 153.047477 226.808633
66.950000 415.562889 301.861130 229.866597 184.020671 155.995380 138.435373 102.795598 71.015756 50.064965 401.932838 333.559741 260.095322 221.102553 153.170334 226.983631
67.000000 415.870329 302.088801 230.043621 184.165351 156.120235 138.547778 102.882642 71.080019 50.114062 402.230726 333.809671 260.293629 221.273401 153.293188 227.158624
67.050000 416.177759 302.316464 230.220640 184.310026 156.245087 138.660180 102.969683 71.144282 50.163158 402.528604 334.059594 260.491930 221.444244 153.416038 227.333611
67.100000 416.485179 302.544120 230.397653 184.454698 156.369935 138.772579 103.056722 71.208543 50.212254 402.826472 334.309508 260.690224 221.615081 153.538885 227.508593
67.150000 416.792588 302.771768 230.574660 184.599365 156.494779 138.884975 103.143759 71.272803 50.261349 403.124330 334.559414 260.888512 221.785913 153.661728 227.683569
67.200000 417.099987 302.999409 230.751662 184.744028 156.619620 138.997368 103.230793 71.337061 50.310443 403.422178 334.809312 261.086793 221.956740 153.784568 227.858540
67.250000 417.407375 303.227043 230.928659 184.888686 156.744457 139.109758 103.317826 71.401319 50.359537 403.720016 335.059202 261.285069 222.127561 153.907405 228.033506
67.300000 417.714754 303.454669 231.105650 185.033341 156.869291 139.222145 103.404857 71.465575 50.408630 404.017843 335.309083 261.483338 222.298378 154.030238 228.208466
67.350000 418.022122 303.682288 231.282636 185.177991 156.994122 139.334528 103.491885 71.529830 50.457722 404.315661 335.558956 261.681601 222.469189 154.153067 228.383421
67.400000 418.329479 303.909899 231.459616 185.322637 157.118948 139.446909 103.578912 71.594083 50.506813 404.613469 335.808821 261.879857 222.639995 154.275893 228.558370
67.450000 418.636827 304.137504 231.636590 185.467278 157.243772 139.559287 103.665936 71.658336 50.555904 404.911267 336.058678 262.078108 222.810795 154.398716 228.733314
67.500000 418.944164 304.365100 231.813560 185.611916 157.368592 139.671661 103.752958 71.722587 50.604994 405.209056 336.308527 262.276352 222.981591 154.521535 228.908253
67.550000 419.251490 304.592690 231.990524 185.756549 157.493408 139.784033 103.839978 71.786837 50.654084 405.506834 336.558368 262.474590 223.152381 154.644351 229.083186
