web/models/kne/30/Metzger_0.325712_0.289310_0.450000.dat
# %ECSV 0.9
# ---
# datatype:
# - {name: time, datatype: float64}
# - {name: sdss_u, datatype: float64}
# - {name: sdss_g, datatype: float64}
# - {name: sdss_r, datatype: float64}
# - {name: sdss_i, datatype: float64}
# - {name: sdss_z, datatype: float64}
# - {name: PS1_y, datatype: float64}
# - {name: ukirt_J, datatype: float64}
# - {name: ukirt_H, datatype: float64}
# - {name: ukirt_K, datatype: float64}
# - {name: johnson_U, datatype: float64}
# - {name: johnson_B, datatype: float64}
# - {name: johnson_V, datatype: float64}
# - {name: johnson_R, datatype: float64}
# - {name: johnson_I, datatype: float64}
# - {name: Clear, datatype: float64}
# meta: !!omap
# - comment: [vej = 0.2893103448275862, mej = 0.3257122869999151, Ye = 0.45, redshift = 0.0]
# schema: astropy-2.0
time sdss_u sdss_g sdss_r sdss_i sdss_z PS1_y ukirt_J ukirt_H ukirt_K johnson_U johnson_B johnson_V johnson_R johnson_I Clear
0.100000 nan nan nan nan nan nan nan nan nan nan nan nan nan nan nan
0.150000 nan nan nan nan nan nan nan nan nan nan nan nan nan nan nan
0.200000 -15.509347 -15.938522 -16.038770 -15.994187 -15.907389 -15.822642 -15.552590 -15.144453 -14.727688 -15.573772 -15.846352 -16.017870 -16.038029 -15.895504 -16.038890
0.250000 -15.584273 -16.114039 -16.275046 -16.267195 -16.201866 -16.130130 -15.885318 -15.498247 -15.094588 -15.660946 -15.994258 -16.229023 -16.281464 -16.192098 -16.277527
0.300000 -15.567173 -16.199514 -16.422820 -16.452760 -16.409552 -16.351228 -16.132430 -15.767039 -15.376835 -15.656305 -16.051513 -16.351004 -16.436597 -16.401966 -16.427728
0.350000 -15.500695 -16.233554 -16.518228 -16.585527 -16.564225 -16.519191 -16.326174 -15.982246 -15.605336 -15.602007 -16.057839 -16.420970 -16.539271 -16.558801 -16.525533
0.400000 -15.403949 -16.234331 -16.578828 -16.682672 -16.682840 -16.650843 -16.483122 -16.160242 -15.796344 -15.517055 -16.031681 -16.456738 -16.606973 -16.679536 -16.588474
0.450000 -15.287196 -16.211994 -16.614649 -16.754143 -16.775295 -16.756052 -16.613094 -16.310809 -15.959628 -15.411703 -15.983225 -16.468390 -16.649714 -16.774065 -16.626577
0.500000 -15.156539 -16.172786 -16.631983 -16.806246 -16.847905 -16.841138 -16.722423 -16.440298 -16.101550 -15.292072 -15.918686 -16.462201 -16.673791 -16.848704 -16.646133
0.550000 -15.096226 -16.155952 -16.642098 -16.832970 -16.884439 -16.883646 -16.776544 -16.504079 -16.171284 -15.236997 -15.889799 -16.461096 -16.687124 -16.886209 -16.657308
0.600000 -14.992193 -16.116048 -16.642015 -16.857471 -16.923480 -16.931545 -16.841675 -16.583546 -16.259582 -15.140685 -15.832104 -16.444424 -16.691801 -16.926689 -16.658793
0.650000 -14.925847 -16.089698 -16.640542 -16.871384 -16.946501 -16.960120 -16.881059 -16.631924 -16.313497 -15.079153 -15.794653 -16.432583 -16.693306 -16.950613 -16.658302
0.700000 -14.863400 -16.062984 -16.636081 -16.880699 -16.963981 -16.982579 -16.913215 -16.672150 -16.358691 -15.021004 -15.758018 -16.418843 -16.691510 -16.968901 -16.654719
0.750000 -14.764322 -16.016938 -16.623100 -16.888219 -16.983660 -17.009680 -16.954774 -16.725747 -16.419696 -14.928302 -15.697241 -16.392070 -16.682493 -16.989786 -16.643044
0.800000 -14.666539 -15.969424 -16.606973 -16.891581 -16.998595 -17.031683 -16.990557 -16.773007 -16.474016 -14.836561 -15.635757 -16.362844 -16.670132 -17.005868 -16.628158
0.850000 -14.614806 -15.943251 -16.596774 -16.891313 -17.004228 -17.040922 -17.006829 -16.795139 -16.499753 -14.787899 -15.602479 -16.345977 -16.661852 -17.012087 -16.618591
0.900000 -14.522153 -15.895493 -16.577098 -16.889110 -17.012418 -17.055466 -17.033771 -16.832414 -16.543383 -14.700640 -15.542238 -16.314575 -16.645551 -17.021308 -16.600027
0.950000 -14.431390 -15.847440 -16.555790 -16.884462 -17.017688 -17.066803 -17.056955 -16.865475 -16.582518 -14.615005 -15.482306 -16.282095 -16.627458 -17.027563 -16.579777
1.000000 -14.342615 -15.799339 -16.533179 -16.877749 -17.020448 -17.075360 -17.076839 -16.894807 -16.617661 -14.531114 -15.422889 -16.248832 -16.607915 -17.031263 -16.558177
1.050000 -14.255892 -15.751382 -16.509537 -16.869286 -17.021037 -17.081493 -17.093808 -16.920820 -16.649235 -14.449045 -15.364144 -16.215027 -16.587201 -17.032752 -16.535499
1.100000 -14.171256 -15.703721 -16.485086 -16.859337 -17.019744 -17.085503 -17.108191 -16.943863 -16.677603 -14.368846 -15.306192 -16.180872 -16.565546 -17.032318 -16.511968
1.150000 -14.088722 -15.656478 -16.460009 -16.848124 -17.016810 -17.087645 -17.120266 -16.964235 -16.703077 -14.290547 -15.249125 -16.146525 -16.543141 -17.030208 -16.487772
1.200000 -14.008290 -15.609749 -16.434462 -16.835834 -17.012444 -17.088139 -17.130275 -16.982196 -16.725927 -14.214158 -15.193012 -16.112118 -16.520148 -17.026630 -16.463065
1.250000 -13.929949 -15.563610 -16.408571 -16.822627 -17.006823 -17.087173 -17.138427 -16.997970 -16.746389 -14.139680 -15.137905 -16.077756 -16.496702 -17.021764 -16.437980
1.300000 -13.796595 -15.486518 -16.366883 -16.803137 -17.000620 -17.089127 -17.156372 -17.029293 -16.785939 -14.013075 -15.045144 -16.021251 -16.459288 -17.016883 -16.397699
1.350000 -13.721267 -15.440910 -16.339989 -16.787986 -16.992504 -17.085333 -17.161056 -17.041074 -16.802085 -13.941311 -14.991256 -15.986523 -16.434654 -17.009468 -16.371549
1.400000 -13.648004 -15.396073 -16.313056 -16.772296 -16.983554 -17.080525 -17.164375 -17.051200 -16.816397 -13.871456 -14.938499 -15.952095 -16.409885 -17.001189 -16.345329
1.450000 -13.576772 -15.352032 -16.286151 -16.756156 -16.973870 -17.074810 -17.166453 -17.059807 -16.829021 -13.803484 -14.886883 -15.918014 -16.385051 -16.992148 -16.319105
1.500000 -13.445303 -15.273406 -16.240839 -16.731791 -16.962076 -17.070749 -17.177583 -17.083673 -16.860722 -13.678351 -14.793532 -15.858750 -16.343768 -16.981607 -16.275120
1.550000 -13.377082 -15.230323 -16.213612 -16.714540 -16.950817 -17.063177 -17.177259 -17.089430 -16.870221 -13.613144 -14.743443 -15.824881 -16.318459 -16.970945 -16.248524
1.600000 -13.310817 -15.188111 -16.186575 -16.697056 -16.939073 -17.054967 -17.175998 -17.094000 -16.878380 -13.549761 -14.694527 -15.791487 -16.293259 -16.959773 -16.222092
1.650000 -13.180513 -15.108618 -16.139153 -16.669835 -16.923997 -17.047371 -17.183121 -17.113484 -16.905473 -13.425548 -14.600871 -15.730627 -16.249720 -16.945908 -16.175948
1.700000 -13.117204 -15.067545 -16.112120 -16.651651 -16.911137 -17.037792 -17.180000 -17.115790 -16.911121 -13.364904 -14.553600 -15.697711 -16.224387 -16.933579 -16.149475
1.750000 -13.055760 -15.027374 -16.085383 -16.633384 -16.897967 -17.027764 -17.176161 -17.117152 -16.915686 -13.306010 -14.507499 -15.665343 -16.199278 -16.920918 -16.123273
1.800000 -12.926745 -14.947396 -16.036383 -16.603927 -16.880278 -17.017331 -17.180028 -17.133047 -16.938989 -13.182871 -14.413849 -15.603359 -16.154032 -16.904403 -16.075509
1.850000 -12.868174 -14.908471 -16.009873 -16.585252 -16.866324 -17.006290 -17.174729 -17.132582 -16.941502 -13.126654 -14.369446 -15.571644 -16.129026 -16.890921 -16.049494
1.900000 -12.739458 -14.827881 -15.959705 -16.554294 -16.846946 -16.994059 -17.176597 -17.146323 -16.962559 -13.003705 -14.275438 -15.508721 -16.082546 -16.872700 -16.000539
1.950000 -12.683713 -14.790260 -15.933541 -16.535370 -16.832388 -16.982197 -17.170055 -17.144265 -16.963265 -12.950131 -14.232762 -15.477753 -16.057772 -16.858578 -15.974833
2.000000 -12.555338 -14.709173 -15.882361 -16.503092 -16.811516 -16.968370 -17.170140 -17.156080 -16.982313 -12.827422 -14.138489 -15.414031 -16.010220 -16.838845 -15.924847
2.050000 -12.502368 -14.672895 -15.856641 -16.484047 -16.796501 -16.955846 -17.162535 -17.152627 -16.981419 -12.776452 -14.097556 -15.383882 -15.985780 -16.824234 -15.899548
2.100000 -12.374364 -14.591406 -15.804581 -16.450603 -16.774301 -16.940595 -17.161023 -17.162712 -16.998658 -12.654021 -14.003095 -15.319479 -15.937292 -16.803157 -15.848664
2.150000 -12.324116 -14.556497 -15.779379 -16.431544 -16.758954 -16.927543 -17.152509 -17.158032 -16.996344 -12.605610 -13.963908 -15.290205 -15.913269 -16.788181 -15.823850
2.200000 -12.196506 -14.474685 -15.726552 -16.397066 -16.735567 -16.911017 -17.149558 -17.166554 -17.011948 -12.483487 -13.869322 -15.225219 -15.863961 -16.765904 -15.772181
2.250000 -12.148923 -14.441163 -15.701931 -16.378081 -16.719991 -16.897550 -17.140266 -17.160792 -17.008366 -12.437589 -13.831878 -15.196863 -15.840421 -16.750669 -15.747915
2.300000 -12.021726 -14.359093 -15.648433 -16.342682 -16.695541 -16.879877 -17.136014 -17.167896 -17.022484 -12.315797 -13.737221 -15.131377 -15.790393 -16.727314 -15.695560
2.350000 -11.976751 -14.326966 -15.624441 -16.323845 -16.679823 -16.866091 -17.126055 -17.161177 -17.017766 -12.272362 -13.701510 -15.103972 -15.767389 -16.711909 -15.671893
2.400000 -11.849979 -14.244697 -15.570355 -16.287623 -16.654415 -16.847381 -17.120621 -17.166990 -17.030529 -12.150921 -13.606827 -15.038059 -15.716728 -16.687583 -15.618933
2.450000 -11.807557 -14.213967 -15.547032 -16.268995 -16.638630 -16.833358 -17.110092 -17.159422 -17.024790 -12.109899 -13.572836 -15.011627 -15.694304 -16.672083 -15.595906
2.500000 -11.681220 -14.131546 -15.492430 -16.232035 -16.612359 -16.813710 -17.103582 -17.164055 -17.036313 -11.988822 -13.478165 -14.945350 -15.643083 -16.646882 -15.542416
2.550000 -11.554286 -14.048460 -15.437124 -16.194354 -16.585360 -16.793335 -17.096355 -17.167986 -17.047148 -11.867141 -13.382847 -14.878384 -15.591154 -16.620954 -15.488222
2.600000 -11.515400 -14.019682 -15.414751 -16.176045 -16.569516 -16.779019 -17.085073 -17.159282 -17.040039 -11.829465 -13.351248 -14.853323 -15.569560 -16.605356 -15.466105
2.650000 -11.388922 -13.936513 -15.359026 -16.137741 -16.541776 -16.757832 -17.076907 -17.162177 -17.049782 -11.708174 -13.255997 -14.786078 -15.517172 -16.578675 -15.411478
2.700000 -11.352470 -13.909134 -15.337399 -16.119764 -16.526014 -16.743444 -17.065250 -17.152842 -17.041884 -11.672809 -13.226087 -14.762036 -15.496244 -16.563135 -15.390081
2.750000 -11.226452 -13.825916 -15.281308 -16.080898 -16.497601 -16.721519 -17.056221 -17.154783 -17.050620 -11.551917 -13.130929 -14.694557 -15.443452 -16.535769 -15.335075
2.800000 -11.099868 -13.742094 -15.224592 -16.041401 -16.468556 -16.698964 -17.046576 -17.156129 -17.058776 -11.430455 -13.035177 -14.626461 -15.390033 -16.507772 -15.279444
2.850000 -11.066826 -13.716690 -15.204030 -16.023915 -16.452938 -16.684506 -17.034427 -17.145946 -17.049812 -11.398328 -13.007642 -14.603867 -15.370060 -16.492342 -15.259076
2.900000 -10.940715 -13.632869 -15.147020 -15.983941 -16.423312 -16.661307 -17.024024 -17.146445 -17.057073 -11.277282 -12.912022 -14.535599 -15.316312 -16.463753 -15.203139
2.950000 -10.814054 -13.548474 -15.089423 -15.943378 -16.393099 -16.637526 -17.013053 -17.146399 -17.063805 -11.155683 -12.815834 -14.466750 -15.261976 -16.434578 -15.146615
3.000000 -10.784359 -13.525053 -15.069981 -15.926466 -16.377724 -16.623106 -17.000536 -17.135507 -17.053921 -11.126739 -12.790663 -14.445638 -15.243019 -16.419357 -15.127333
3.050000 -10.658182 -13.440701 -15.012151 -15.885499 -16.347008 -16.598763 -16.988894 -17.134707 -17.059853 -11.005571 -12.694641 -14.376671 -15.188416 -16.389670 -15.070564
3.100000 -10.531467 -13.355800 -14.953768 -15.843980 -16.315744 -16.573877 -16.976727 -17.133406 -17.065301 -10.883864 -12.598073 -14.307152 -15.133260 -16.359436 -15.013243
3.150000 -10.505058 -13.334365 -14.935489 -15.827708 -16.300692 -16.559584 -16.963948 -17.121922 -17.054622 -10.858051 -12.575251 -14.287547 -15.115365 -16.344506 -14.995090
3.200000 -10.378835 -13.249543 -14.876924 -15.785847 -16.268993 -16.534207 -16.951186 -17.119946 -17.059351 -10.736786 -12.478877 -14.217956 -15.059997 -16.313827 -14.937577
3.250000 -10.252087 -13.164195 -14.817836 -15.743467 -16.236780 -16.508322 -16.937934 -17.117506 -17.063635 -10.614996 -12.381977 -14.147839 -15.004106 -16.282635 -14.879540
3.300000 -10.228906 -13.144744 -14.800752 -15.727889 -16.222119 -16.494231 -16.924983 -17.105530 -17.052267 -10.592262 -12.361486 -14.129761 -14.987310 -16.268066 -14.862551
3.350000 -10.102658 -13.059505 -14.741528 -15.685221 -16.189530 -16.467916 -16.911201 -17.102485 -17.055903 -10.470925 -12.264804 -14.059611 -14.931253 -16.236489 -14.804369
3.400000 -9.975895 -12.973761 -14.681804 -15.642062 -16.156457 -16.441124 -16.896963 -17.099008 -17.059127 -10.349074 -12.167615 -13.988958 -14.874699 -16.204429 -14.745688
3.450000 -9.955884 -12.956288 -14.665942 -15.627224 -16.142243 -16.427299 -16.883916 -17.086627 -17.047162 -10.329367 -12.149433 -13.972419 -14.859032 -16.190279 -14.729890
3.500000 -9.829628 -12.870680 -14.606123 -15.583825 -16.108845 -16.400131 -16.869205 -17.082606 -17.049800 -10.207979 -12.052484 -13.901769 -14.802354 -16.157885 -14.671104
3.550000 -9.702867 -12.784585 -14.545828 -15.539959 -16.074989 -16.372512 -16.854066 -17.078181 -17.052055 -10.086089 -11.955041 -13.830636 -14.745201 -16.125035 -14.611843
3.600000 -9.685973 -12.769081 -14.531206 -15.525899 -16.061272 -16.359008 -16.840989 -17.065471 -17.039574 -10.069361 -11.939150 -13.815644 -14.730687 -16.111352 -14.597257
3.650000 -9.559726 -12.683147 -14.470851 -15.481835 -16.027136 -16.331061 -16.825428 -17.060554 -17.041297 -9.947942 -11.841967 -13.744545 -14.673447 -16.078214 -14.537926
3.700000 -9.432984 -12.596741 -14.410040 -15.437327 -15.992567 -16.302688 -16.809463 -17.055260 -17.042665 -9.826030 -11.744306 -13.672982 -14.615753 -16.044644 -14.478140
3.750000 -9.305749 -12.509867 -14.348777 -15.392382 -15.957570 -16.273896 -16.793102 -17.049597 -17.043683 -9.703629 -11.646170 -13.600961 -14.557611 -16.010648 -14.417905
3.800000 -9.292933 -12.496974 -14.335835 -15.379408 -15.944577 -16.260891 -16.780073 -17.036548 -17.030621 -9.690803 -11.633298 -13.588039 -14.544663 -15.997653 -14.404960
3.850000 -9.166225 -12.410294 -14.274557 -15.334315 -15.909356 -16.231827 -16.763351 -17.030454 -17.031170 -9.568889 -11.535449 -13.516090 -14.486479 -15.963424 -14.344700
3.900000 -9.039033 -12.323161 -14.212846 -15.288805 -15.873728 -16.202365 -16.746253 -17.024013 -17.031393 -9.446494 -11.437138 -13.443700 -14.427866 -15.928790 -14.284008
3.950000 -8.911361 -12.235580 -14.150708 -15.242882 -15.837700 -16.172511 -16.728786 -17.017231 -17.031296 -9.323623 -11.338369 -13.370873 -14.368828 -15.893757 -14.222890
4.000000 -8.902574 -12.225302 -14.139484 -15.231055 -15.825505 -16.160086 -16.715900 -17.003948 -17.017764 -9.314657 -11.328507 -13.360047 -14.357488 -15.881525 -14.211628
4.050000 -8.775440 -12.137943 -14.077368 -15.185030 -15.789298 -16.130010 -16.698124 -16.996789 -17.017253 -9.192287 -11.230050 -13.287326 -14.298449 -15.846306 -14.150524
4.100000 -8.647834 -12.050149 -14.014841 -15.138609 -15.752710 -16.099559 -16.679998 -16.989308 -17.016441 -9.069448 -11.131146 -13.214184 -14.239000 -15.810707 -14.089009
4.150000 -8.519758 -11.961922 -13.951907 -15.091800 -15.715745 -16.068741 -16.661527 -16.981510 -17.015333 -8.946144 -11.031800 -13.140623 -14.179148 -15.774732 -14.027089
4.200000 -8.514955 -11.954262 -13.942433 -15.081171 -15.704410 -16.056966 -16.648866 -16.968083 -17.001426 -8.940999 -11.024937 -13.131912 -14.169454 -15.763326 -14.017543
4.250000 -8.387430 -11.866284 -13.879556 -15.034297 -15.667308 -16.025967 -16.630132 -16.959956 -16.999951 -8.818211 -10.925924 -13.058489 -14.109635 -15.727208 -13.955671
4.300000 -8.259445 -11.777887 -13.816285 -14.987049 -15.629845 -15.994618 -16.611069 -16.951528 -16.998198 -8.694966 -10.826479 -12.984662 -14.049427 -15.690730 -13.893408
4.350000 -8.131000 -11.689072 -13.752626 -14.939431 -15.592026 -15.962921 -16.591683 -16.942805 -16.996170 -8.571266 -10.726606 -12.910434 -13.988834 -15.653897 -13.830758
4.400000 -8.130139 -11.684031 -13.744931 -14.930043 -15.581604 -15.951853 -16.579316 -16.929312 -16.981970 -8.569905 -10.722731 -12.903853 -13.980815 -15.643371 -13.822956
4.450000 -8.002259 -11.595489 -13.681359 -14.882397 -15.543686 -15.920015 -16.559706 -16.920300 -16.979618 -8.446736 -10.623212 -12.829791 -13.920286 -15.606432 -13.760385
4.500000 -7.873928 -11.506543 -13.617412 -14.834395 -15.505426 -15.887844 -16.539788 -16.911008 -16.977006 -8.323121 -10.523275 -12.755340 -13.859386 -15.569153 -13.697440
4.550000 -7.745148 -11.417194 -13.553093 -14.786041 -15.466828 -15.855345 -16.519566 -16.901439 -16.974139 -8.199064 -10.422923 -12.680504 -13.798118 -15.531537 -13.634125
4.600000 -7.748194 -11.414770 -13.547197 -14.777930 -15.457365 -15.845035 -16.507552 -16.887947 -16.959717 -8.201454 -10.422026 -12.676068 -13.791799 -15.521938 -13.628090
4.650000 -7.619993 -11.325717 -13.482994 -14.729579 -15.418701 -15.812429 -16.487142 -16.878126 -16.956562 -8.077941 -10.322048 -12.601423 -13.730625 -15.484250 -13.564883
4.700000 -7.491351 -11.236272 -13.418431 -14.680889 -15.379713 -15.779508 -16.466441 -16.868042 -16.953164 -7.953993 -10.221665 -12.526406 -13.669095 -15.446238 -13.501317
