web/models/kne/30/mosfit_kn_0.001513_0.4217_3.6500.dat
# %ECSV 1.0
# ---
# datatype:
# - {name: time, datatype: float64}
# - {name: PS1_g, datatype: float64}
# - {name: PS1_i, datatype: float64}
# - {name: PS1_r, datatype: float64}
# - {name: PS1_w, datatype: float64}
# - {name: PS1_y, datatype: float64}
# - {name: PS1_z, datatype: float64}
# - {name: swift_uvot_B, datatype: float64}
# - {name: swift_uvot_U, datatype: float64}
# - {name: swift_uvot_uvm2, datatype: float64}
# - {name: swift_uvot_uvw1, datatype: float64}
# - {name: swift_uvot_uvw2, datatype: float64}
# - {name: swift_uvot_V, datatype: float64}
# - {name: johnson_B, datatype: float64}
# - {name: johnson_I, datatype: float64}
# - {name: johnson_R, datatype: float64}
# - {name: johnson_U, datatype: float64}
# - {name: johnson_V, datatype: float64}
# - {name: sdss_g, datatype: float64}
# - {name: sdss_i, datatype: float64}
# - {name: sdss_r, datatype: float64}
# - {name: sdss_u, datatype: float64}
# - {name: sdss_z, datatype: float64}
# - {name: ATLAS_c, datatype: float64}
# - {name: ATLAS_o, datatype: float64}
# - {name: ukirt_H, datatype: float64}
# - {name: ukirt_J, datatype: float64}
# - {name: ukirt_K, datatype: float64}
# - {name: Clear, datatype: float64}
# meta: !!omap
# - comment: [kappa = 3.65, type = rprocess, mass = 0.001513321957917195, velocity = 0.4216666666666667, theta_obs = 0.0, tfloor = 1000.0]
# schema: astropy-2.0
time PS1_g PS1_i PS1_r PS1_w PS1_y PS1_z swift_uvot_B swift_uvot_U swift_uvot_uvm2 swift_uvot_uvw1 swift_uvot_uvw2 swift_uvot_V johnson_B johnson_I johnson_R johnson_U johnson_V sdss_g sdss_i sdss_r sdss_u sdss_z ATLAS_c ATLAS_o ukirt_H ukirt_J ukirt_K Clear
[from data line 237]
14.308617234468937 15.669872996128511 6.788044182929234 10.263114960967084 8.295191149463097 3.2648541344039828 4.682530099251103 19.209779572692998 25.86872367058792 39.75731897461709 21.83430620266248 24.34732270914213 13.629389688999314 18.005842255726808 5.234530876507283 8.204563643232284 24.837722491336166 12.67436735383056 16.482413097442965 6.869300135042238 10.491603620463508 26.369829200762744 4.109102487229119 12.242191530709725 7.789779006099931 -1.6841332435115126 0.46535605197817764 -3.0444219239846837 6.009297105701759
14.3687374749499 15.689953639917391 6.808124826718096 10.283195604755946 8.31527179325196 3.284934778192845 4.7026107430399655 19.22986021648186 25.88880431437678 39.77739961840596 21.854386846451337 24.36740335293099 13.649470332788177 18.02592289951567 5.254611520296145 8.224644287021146 24.85780313512504 12.694447997619422 16.502493741231827 6.8893807788311 10.51168426425237 26.389909844551607 4.129183131017982 12.262272174498587 7.809859649888811 -1.6640525997226503 0.48543669576703996 -3.0243412801958214 6.029377749490621
14.428857715430862 15.709961580370138 6.82813276717086 10.303203545208692 8.335279733704724 3.3049427186455915 4.72261868349273 19.249868156934625 25.908812254829535 39.797407558858716 21.874394786904094 24.387411293383746 13.669478273240923 18.045930839968435 5.27461946074891 8.24465222747391 24.877811075577796 12.714455938072186 16.52250168168459 6.909388719283847 10.531692204705134 26.40991778500436 4.149191071470728 12.282280114951352 7.829867590341557 -1.6440446592699038 0.5054446362197864 -3.004333339743075 6.049385689943367
14.488977955911823 15.729897296153084 6.848068482953806 10.323139260991656 8.35521544948767 3.3248784344285376 4.742554399275676 19.26980387271757 25.928747970612484 39.817343274641665 21.89433050268704 24.407347009166692 13.689413989023869 18.06586655575138 5.294555176531856 8.264587943256856 24.89774679136074 12.734391653855132 16.542437397467538 6.929324435066793 10.55162792048808 26.42985350078731 4.169126787253674 12.302215830734298 7.849803306124503 -1.62410894348694 0.5253803520027502 -2.984397623960129 6.069321405726313
14.549098196392785 15.749761268866145 6.8679324556668675 10.343003233704717 8.37507942220073 3.3447424071415988 4.762418371988737 19.289667845430632 25.948611943325552 39.837207247354726 21.9141944754001 24.427210981879753 13.70927796173693 18.085730528464442 5.314419149244917 8.284451915969917 24.9176107640738 12.754255626568193 16.5623013701806 6.949188407779854 10.571491893201141 26.449717473500378 4.188990759966735 12.322079803447359 7.869667278837564 -1.6042449707738788 0.5452443247158114 -2.9645336512470677 6.089185378439375
14.609218436873746 15.769553975765511 6.887725162566234 10.362795940604084 8.394872129100097 3.364535114040983 4.782211078888103 19.30946055233 25.96840465022492 39.85699995425409 21.933987182299468 24.44700368877912 13.729070668636297 18.10552323536381 5.334211856144283 8.304244622869284 24.937403470973166 12.77404833346756 16.582094077079965 6.96898111467922 10.591284600100508 26.469510180399745 4.208783466866102 12.341872510346725 7.889459985736931 -1.5844522638745124 0.5650370316151778 -2.9447409443477013 6.108978085338741
14.669338677354709 15.789275886737126 6.907447073537831 10.382517851575681 8.414594040071695 3.3842570250125803 4.801932989859701 19.329182463301596 25.988126561196516 39.8767218652257 21.953709093271076 24.466725599750728 13.748792579607912 18.125245146335406 5.353933767115898 8.323966533840881 24.957125381944774 12.793770244439157 16.601815988051563 6.988703025650835 10.611006511072123 26.489232091371342 4.228505377837717 12.361594421318323 7.909181896708546 -1.564730352902915 0.5847589425867752 -2.925019033376086 6.128699996310356
14.729458917835672 15.808927466365041 6.927098653165764 10.402169431203596 8.434245619699627 3.4039086046404954 4.821584569487634 19.34883404292953 26.007778140824442 39.896373444853616 21.973360672899 24.48637717937865 13.768444159235827 18.14489672596334 5.3735853467438135 8.343618113468814 24.976776961572696 12.813421824067072 16.621467567679478 7.00835460527875 10.630658090700038 26.508883670999268 4.248156957465632 12.381246000946255 7.928833476336461 -1.545078773275 0.6044105222146903 -2.905367453748171 6.148351575938271
14.789579158316633 15.828509182838122 6.946680369638845 10.421751147676677 8.453827336172708 3.423490321113576 4.841166285960714 19.36841575940261 26.02735985729752 39.91595516132669 21.99294238937208 24.50595889585173 13.788025875708907 18.16447844243642 5.393167063216894 8.363199829941895 24.99635867804578 12.833003540540153 16.641049284152558 7.027936321751831 10.650239807173119 26.528465387472345 4.267738673938712 12.400827717419336 7.9484151928095415 -1.5254970568019195 0.6239922386877708 -2.8857857372750906 6.167933292411352
14.849699398797595 15.848021490275634 6.966192677076339 10.44126345511419 8.473339643610203 3.4430026285510884 4.860678593398227 19.38792806684012 26.046872164735035 39.93546746876421 22.01245469680958 24.525471203289232 13.80753818314642 18.183990749873914 5.4126793706544065 8.38271213737939 25.015870985483282 12.852515847977665 16.66056159159007 7.0474486291893434 10.669752114610631 26.54797769490986 4.287250981376225 12.42034002485683 7.967927500247054 -1.505984749364407 0.6435045461252833 -2.866273429837578 6.187445599848864
14.909819639278556 15.867464845789225 6.985636032589948 10.46070681062778 8.492782999123794 3.4624459840646793 4.8801219489118175 19.407371422353712 26.066315520248622 39.954910824277796 22.031898052323175 24.544914558802827 13.82698153866001 18.203434105387505 5.432122726167997 8.40215549289298 25.035314340996873 12.871959203491256 16.68000494710366 7.066891984702934 10.689195470124222 26.567421050423448 4.306694336889816 12.439783380370422 7.987370855760645 -1.486541393850816 0.6629479016388742 -2.846830074323987 6.206888955362455
14.969939879759519 15.886845099580214 7.005016286380936 10.480087064418768 8.5121632529148 3.4818262378556675 4.899502202702806 19.4267516761447 26.085695774039614 39.97429107806878 22.05127830611417 24.564294812593822 13.846361792450999 18.22281435917851 5.451502979958986 8.421535746683986 25.05469459478787 12.891339457282244 16.69938520089465 7.0862722384939225 10.70857572391521 26.58680130421444 4.326074590680804 12.459163634161428 8.006751109551633 -1.467161140059828 0.6823281554298624 -2.827449820532999 6.226269209153443
15.03006012024048 15.906146729175088 7.024317915975811 10.49938869401366 8.531464882509674 3.501127867450542 4.91880383229768 19.446053305739575 26.104997403634485 39.993592707663666 22.070579935709045 24.583596442188696 13.865663422045873 18.242115988773385 5.47080460955386 8.44083737627886 25.073996224382746 12.910641086877137 16.718686830489542 7.105573868088797 10.727877353510085 26.60610293380931 4.3453762202756785 12.478465263756302 8.026052739146508 -1.4478595104649357 0.7016297850247368 -2.8081481909381245 6.245570838748318
15.090180360721442 15.92538570016563 7.043556886966353 10.518627665004185 8.550703853500199 3.5203668384410847 4.938042803288223 19.465292276730118 26.124236374625028 40.0128316786542 22.089818906699588 24.602835413179232 13.884902393036416 18.261354959763928 5.490043580544403 8.460076347269386 25.09323519537328 12.929880057867662 16.737925801480067 7.12481283907934 10.747116324500627 26.625341904799853 4.364615191266221 12.497704234746827 8.04529171013705 -1.4286205394744107 0.7208687560152796 -2.788909219947582 6.2648098097388605
15.150300601202405 15.94455771004986 7.062728896850583 10.537799674888433 8.569875863384446 3.5395388483253143 4.9572148131724525 19.484464286614347 26.143408384509268 40.03200368853844 22.108990916583817 24.62200742306347 13.904074402920646 18.280526969648157 5.509215590428632 8.479248357153633 25.11240720525752 12.949052067751909 16.757097811364314 7.143984848963569 10.766288334384857 26.644513914684094 4.383787201150451 12.516876244631074 8.06446372002128 -1.4094485295901633 0.7400407658995269 -2.769737210063352 6.28398181962309
15.210420841683366 15.963662994430852 7.081834181231557 10.556904959269406 8.58898114776542 3.5586441327063056 4.976320097553426 19.50356957099532 26.16251366889024 40.05110897291942 22.1280962009648 24.641112707444453 13.923179687301637 18.29963225402913 5.528320874809606 8.498353641534607 25.1315124896385 12.968157352132883 16.776203095745288 7.163090133344561 10.785393618765848 26.663619199065067 4.402892485531442 12.535981529012048 8.083569004402271 -1.3903432452091897 0.7591460502805005 -2.750631925682361 6.3030871040040815
15.270541082164328 15.982701972852045 7.10087315965275 10.5759439376906 8.608020126186613 3.5776831111274987 4.995359075974619 19.522608549416514 26.181552647311435 40.07014795134061 22.147135179385995 24.660151685865646 13.94221866572283 18.318671232450324 5.547359853230799 8.5173926199558 25.150551468059692 12.987196330554076 16.79524207416648 7.182129111765754 10.804432597187024 26.68265817748626 4.421931463952635 12.555020507433241 8.102607982823464 -1.3713042667879967 0.7781850287016936 -2.7315929472611677 6.3221260824252745
15.33066132264529 16.001675072824586 7.119846259625309 10.59491703766314 8.626993226159172 3.59665621110004 5.014332175947178 19.541581649389073 26.200525747283983 40.08912105131316 22.166108279358543 24.679124785838194 13.961191765695371 18.337644332422883 5.566332953203358 8.536365719928359 25.169524568032244 13.006169430526617 16.81421517413904 7.201102211738295 10.823405697159583 26.70163127745881 4.4409045639251765 12.5739936074058 8.121581082796006 -1.3523311668154554 0.7971581286742349 -2.7126198472886265 6.341099182397816
15.390781563126252 16.02058272054734 7.138753907348061 10.61382468538591 8.645900873881924 3.6155638588227923 5.0332398236699305 19.560489297111825 26.21943339500674 40.10802869903592 22.185015927081295 24.698032433560947 13.980099413418124 18.356551980145635 5.58524060092611 8.555273367651111 25.188432215754993 13.025077078249387 16.833122821861792 7.220009859461047 10.842313344882335 26.720538925181565 4.459812211647929 12.592901255128552 8.140488730518758 -1.3334235190926853 0.816065776397005 -2.693712199565874 6.360006830120568
15.450901803607215 16.039425337002022 7.157596523802745 10.632667301840577 8.664743490336608 3.6344064752774763 5.0520824401246145 19.57933191356651 26.238276011461423 40.1268713154906 22.20385854353598 24.71687505001563 13.998942029872808 18.37539459660032 5.604083217380794 8.574115984105795 25.20727483220967 13.043919694704053 16.85196543831646 7.238852475915731 10.861155961337019 26.73938154163625 4.478654828102613 12.611743871583219 8.159331346973442 -1.314580902638019 0.8349083928516712 -2.67486958311119 6.378849446575252
15.511022044088175 16.058203337462196 7.176374524262918 10.65144530230075 8.683521490796764 3.6531844757376497 5.070860440584788 19.598109914026683 26.257054011921596 40.14564931595077 22.222636543996153 24.735653050475804 14.017720030332981 18.394172597060493 5.622861217840968 8.592893984565968 25.226052832669843 13.062697695164227 16.870743438776632 7.257630476375905 10.879933961797192 26.758159542096422 4.497432828562786 12.630521872043392 8.178109347433615 -1.2958029021778457 0.8536863933118446 -2.6560915826510167 6.3976274470354255
15.571142284569138 16.076917137291087 7.1950883240918095 10.670159102129642 8.702235290625655 3.671898275566541 5.089574240413679 19.616823713855574 26.275767811750484 40.16436311577966 22.241350343825037 24.754366850304688 14.036433830161872 18.412886396889366 5.641575017669859 8.611607784394842 25.244766632498735 13.081411494993118 16.889457238605523 7.276344276204796 10.898647761626084 26.77687334192531 4.516146628391677 12.649235671872283 8.196823147262506 -1.2770891023489546 0.8724001931407357 -2.6373777828221256 6.416341246864317
15.631262525050099 16.095567142549463 7.2137383293501856 10.688809107388018 8.720885295884049 3.690548280824917 5.108224245672055 19.63547371911395 26.294417817008863 40.18301312103804 22.26000034908342 24.77301685556307 14.055083835420248 18.43153640214776 5.660225022928235 8.630257789653236 25.263416637757118 13.100061500251494 16.908107243863917 7.294994281463172 10.91729776688446 26.79552334718369 4.534796633650053 12.667885677130677 8.215473152520882 -1.2584390970905786 0.8910501983991117 -2.6187277775637496 6.434991252122693
15.691382765531062 16.114153761390764 7.232324948191486 10.707395726229318 8.73947191472535 3.7091348996662177 5.126810864513356 19.65406033795525 26.31300443585016 40.20159973987934 22.27858696792472 24.791603474404372 14.07367045426155 18.45012302098906 5.678811641769536 8.648844408494536 25.282003256598422 13.118648119092795 16.926693862705218 7.313580900304473 10.93588438572576 26.814109966024986 4.553383252491354 12.686472295971978 8.234059771362183 -1.2398524782492777 0.9096368172404126 -2.6001411587224488 6.4535778709639935
15.751503006012024 16.132677394165054 7.250848580965759 10.725919359003608 8.757995547499622 3.7276585324405076 5.145334497287628 19.672583970729523 26.331528068624444 40.220123372653624 22.297110600699003 24.810127107178655 14.092194087035839 18.468646653763333 5.697335274543808 8.667368041268809 25.3005268893727 13.137171751867085 16.94521749547949 7.332104533078763 10.954408018500033 26.83263359879927 4.571906885265644 12.70499592874625 8.252583404136473 -1.2213288454749878 0.9281604500147025 -2.581617525948159 6.472101503738283
15.811623246492985 16.15113844320721 7.269309630007932 10.744380408045764 8.776456596541795 3.746119581482663 5.163795546329801 19.691045019771696 26.34998911766661 40.23858442169579 22.315571649741166 24.828588156220817 14.110655136077995 18.487107702805506 5.715796323585981 8.685829090310982 25.318987938414864 13.15563280090924 16.963678544521663 7.350565582120918 10.972869067542206 26.851094647841435 4.5903679343078 12.723456977788423 8.271044453178629 -1.2028677964328323 0.946621499056858 -2.5631564769060033 6.490562552780439
15.871743486973948 16.169537302712644 7.287708489513349 10.762779267551199 8.794855456047213 3.7645184409880983 5.182194405835219 19.709443879277114 26.368387977172034 40.256983281201215 22.333970509246594 24.846987015726246 14.12905399558343 18.505506562310924 5.734195183091416 8.7042279498164 25.337386797920292 13.174031660414675 16.98207740402708 7.368964441626353 10.991267927047641 26.86949350734686 4.608766793813235 12.74185583729384 8.289443312684064 -1.184468936927397 0.9650203585622932 -2.544757617400568 6.508961412285874
15.931863727454909 16.187874365354347 7.306045552155069 10.781116330192901 8.813192518688915 3.7828555036298006 5.200531468476939 19.727780941918834 26.386725039813747 40.275320343842914 22.352307571888304 24.865324078367944 14.147391058225132 18.523843624952644 5.752532245733119 8.722565012458102 25.355723860561994 13.192368723056378 17.000414466668783 7.387301504268056 11.009604989689343 26.887830569988573 4.627103856454937 12.760192899935543 8.307780375325766 -1.1661318742856948 0.9833574212039955 -2.526420554758866 6.527298474927576
15.991983967935871 16.206150020926184 7.324321207726907 10.799391985764757 8.83146817426077 3.801131159201656 5.218807124048777 19.74605659749067 26.405000695385592 40.29359599941476 22.37058322746015 24.8835997339398 14.165666713796988 18.54211928052448 5.7708079013049565 8.740840668029957 25.373999516133843 13.210644378628233 17.01869012224064 7.405577159839893 11.027880645261181 26.906106225560418 4.645379512026793 12.778468555507398 8.326056030897604 -1.1478562187138392 1.001633076775851 -2.508144899187028 6.545574130499432
