web/models/kne/30/mosfit_kn_0.018177_0.1553_10.0000.dat
# %ECSV 1.0
# ---
# datatype:
# - {name: time, datatype: float64}
# - {name: PS1_g, datatype: float64}
# - {name: PS1_i, datatype: float64}
# - {name: PS1_r, datatype: float64}
# - {name: PS1_w, datatype: float64}
# - {name: PS1_y, datatype: float64}
# - {name: PS1_z, datatype: float64}
# - {name: swift_uvot_B, datatype: float64}
# - {name: swift_uvot_U, datatype: float64}
# - {name: swift_uvot_uvm2, datatype: float64}
# - {name: swift_uvot_uvw1, datatype: float64}
# - {name: swift_uvot_uvw2, datatype: float64}
# - {name: swift_uvot_V, datatype: float64}
# - {name: johnson_B, datatype: float64}
# - {name: johnson_I, datatype: float64}
# - {name: johnson_R, datatype: float64}
# - {name: johnson_U, datatype: float64}
# - {name: johnson_V, datatype: float64}
# - {name: sdss_g, datatype: float64}
# - {name: sdss_i, datatype: float64}
# - {name: sdss_r, datatype: float64}
# - {name: sdss_u, datatype: float64}
# - {name: sdss_z, datatype: float64}
# - {name: ATLAS_c, datatype: float64}
# - {name: ATLAS_o, datatype: float64}
# - {name: ukirt_H, datatype: float64}
# - {name: ukirt_J, datatype: float64}
# - {name: ukirt_K, datatype: float64}
# - {name: Clear, datatype: float64}
# meta: !!omap
# - comment: [kappa = 10.0, type = rprocess, mass = 0.018176879801416274, velocity = 0.15533333333333332, theta_obs = 0.0, tfloor = 1000.0]
# schema: astropy-2.0
time PS1_g PS1_i PS1_r PS1_w PS1_y PS1_z swift_uvot_B swift_uvot_U swift_uvot_uvm2 swift_uvot_uvw1 swift_uvot_uvw2 swift_uvot_V johnson_B johnson_I johnson_R johnson_U johnson_V sdss_g sdss_i sdss_r sdss_u sdss_z ATLAS_c ATLAS_o ukirt_H ukirt_J ukirt_K Clear
[from data line 465]
28.016032064128254 9.17528856208996 0.29345974889068316 3.768530526928533 1.8006067154245464 -3.229730299634568 -1.8120543347874474 12.715195138654448 19.374139236549368 33.26273454057854 15.339721768623917 17.85273827510357 7.134805254960763 11.511257821688258 -1.2600535575312675 1.7099792091937325 18.343138057297626 6.17978291979201 9.987828663404414 0.37471570100366947 3.997019186424957 19.875244766724194 -2.385481946809449 5.7476070966711745 1.29519457206138 -8.178717677550063 -6.0292283820603725 -9.539006358023252 -0.48528732833680976
28.076152304609217 9.179945224873656 0.2981164116743784 3.773187189712228 1.8052633782082417 -3.2250736368508726 -1.8073976720037521 12.719851801438143 19.378795899333063 33.26739120336224 15.344378431407613 17.857394937887264 7.139461917744458 11.515914484471953 -1.2553968947475722 1.7146358719774277 18.34779472008132 6.184439582575705 9.99248532618811 0.3793723637873647 4.001675849208652 19.87990142950789 -2.3808252840257538 5.75226375945487 1.2998512348450753 -8.174061014766368 -6.024571719276677 -9.534349695239557 -0.4806306655531145
28.13627254509018 9.184591437350278 0.3027626241509829 3.7778334021888327 1.8099095906848461 -3.220427424374268 -1.8027514595271477 12.724498013914765 19.38344211180968 33.272037415838845 15.349024643884235 17.862041150363886 7.1441081302210625 11.520560696948557 -1.25075068227095 1.7192820844540322 18.352440932557926 6.18908579505231 9.997131538664714 0.38401857626398694 4.006322061685275 19.884547641984494 -2.3761790715491315 5.756909971931474 1.3044974473216975 -8.169414802289763 -6.019925506800073 -9.529703482762935 -0.4759844530764923
28.196392785571142 9.189227292543372 0.3073984793440765 3.7824692573819263 1.8145454458779398 -3.2157915691811745 -1.798115604334054 12.72913386910784 19.38807796700276 33.276673271031946 15.353660499077328 17.866677005556962 7.148743985414156 11.52519655214165 -1.2461148270778741 1.7239179396471258 18.35707678775102 6.193721650245403 10.001767393857808 0.38865443145708056 4.010957916878368 19.889183497177587 -2.371543216356038 5.761545827124568 1.309133302514791 -8.16477894709667 -6.015289651606979 -9.525067627569841 -0.47134859788339867
28.256513026052104 9.193852843595174 0.31202403039589655 3.7870948084337286 1.8191709969297598 -3.211166018129372 -1.793490053282234 12.733759420159661 19.392703518054574 33.281298822083755 15.35828605012913 17.871302556608782 7.153369536465958 11.529822103193471 -1.241489276026054 1.7285434906989459 18.36170233880282 6.198347201297223 10.006392944909628 0.39327998250888285 4.0155834679301705 19.893809048229407 -2.3669176653042356 5.766171378176388 1.3137588535665934 -8.160153396044867 -6.010664100555177 -9.520442076518039 -0.4667230468315964
28.316633266533064 9.198468167082243 0.31663935388296593 3.791710131920798 1.8237863204168292 -3.206550694642303 -1.7888747297951646 12.73837474364673 19.39731884154164 33.28591414557082 15.3629013736162 17.87591788009585 7.157984859953028 11.53443742668054 -1.2368739525389847 1.7331588141860153 18.36631766228989 6.202962524784293 10.011008268396697 0.39789530599595224 4.02019879141724 19.898424371716477 -2.3623023418171663 5.770786701663457 1.3183741770536628 -8.155538072557798 -6.0060487770681075 -9.51582675303097 -0.462107723344527
28.376753507014026 9.203073353899605 0.32124454070032726 3.7963153187381593 1.8283915072341905 -3.2019455078249415 -1.7842695429778033 12.742979930464092 19.401924028359005 33.290519332388186 15.367506560433561 17.880523066913213 7.162590046770389 11.539042613497902 -1.2322687657216234 1.7377640010033766 18.370922849107252 6.207567711601636 10.015613455214059 0.40250049281331357 4.024803978234601 19.903029558533838 -2.357697154999805 5.775391888480819 1.322979363871024 -8.150932885740437 -6.001443590250746 -9.511221566213608 -0.45750253652716566
28.43687374749499 9.207668481079523 0.3258396678802278 3.8009104459180776 1.832986634414091 -3.197350380645023 -1.7796744157979028 12.747575057643992 19.406519155538913 33.29511445956808 15.372101687613462 17.885118194093113 7.167185173950307 11.543637740677802 -1.2276736385417228 1.742359128183277 18.37551797628717 6.212162838781555 10.020208582393959 0.40709561999323185 4.029399105414502 19.90762468571374 -2.3531020278198866 5.779987015660719 1.3275744910509246 -8.146337758560518 -5.996848463070828 -9.50662643903369 -0.4529074093472474
28.49699398797595 9.212253618891815 0.33042480569251964 3.8054955837303694 1.837571772226383 -3.1927652428327313 -1.775089277985611 12.752160195456302 19.411104293351215 33.29969959738039 15.376686825425772 17.889703331905423 7.171770311762599 11.548222878490094 -1.2230885007294132 1.746944265995569 18.380103114099462 6.2167479765938465 10.024793720206251 0.4116807578055237 4.033984243226811 19.91220982352603 -2.348516890007595 5.784572153473011 1.3321596288632342 -8.141752620748226 -5.992263325258536 -9.502041301221398 -0.4483222715349555
28.557114228456914 9.216828840338902 0.33500002713962473 3.8100708051774568 1.8421469936734702 -3.188190021385644 -1.7705140565385058 12.756735416903389 19.4156795147983 33.30427481882747 15.381262046872859 17.89427855335251 7.176345533209687 11.552798099937199 -1.218513279282326 1.7515194874426563 18.38467833554655 6.221323198040934 10.029368941653338 0.41625597925261104 4.038559464673899 19.916785044973118 -2.3439416685605075 5.789147374920098 1.3367348503103216 -8.13717739930114 -5.987688103811449 -9.497466079774311 -0.4437470500878682
28.617234468937873 9.22139422250055 0.33956540930125456 3.8146361873391044 1.8467123758351178 -3.1836246392239964 -1.765948674376876 12.761300799065019 19.42024489695994 33.30884020098911 15.385827429034489 17.89884393551414 7.180910915371334 11.557363482098829 -1.213947897120696 1.7560848696043039 18.389243717708197 6.225888580202581 10.033934323814986 0.42082136141425863 4.0431248468355285 19.921350427134765 -2.33937628639886 5.793712757081746 1.3413002324719692 -8.132612017139492 -5.983122721649801 -9.492900697612663 -0.4391816679262206
28.677354709418836 9.225949845837427 0.3441210326381494 3.819191810675999 1.8512679991720127 -3.1790690158871016 -1.7613930510399811 12.765856422401914 19.424800520296834 33.31339582432601 15.390383052371384 17.903399558851035 7.185466538708229 11.561919105435724 -1.2093922737838012 1.7606404929411987 18.393799341045092 6.230444203539476 10.03848994715188 0.4253769847511535 4.047680470172423 19.92590605047166 -2.334820663061965 5.798268380418641 1.3458558558088463 -8.128056393802597 -5.978567098312906 -9.488345074275768 -0.43462604458932574
28.7374749498998 9.230495765202011 0.3486669520027341 3.823737730040566 1.8558139185365974 -3.1745230965225346 -1.7568471316753964 12.770402341766498 19.42934643966141 33.31794174369059 15.394928971735968 17.90794547821562 7.190012458072796 11.566465024800308 -1.2048463544192165 1.7651864123057834 18.39834526040966 6.234990122904043 10.043035866516465 0.42992290411572043 4.052226389537008 19.930451969836245 -2.330274743697398 5.8028142997832255 1.350401775173431 -8.12351047443803 -5.974021178948339 -9.483799154911202 -0.4300801252247588
28.79759519038076 9.235032062614117 0.35320324941482184 3.8282740274526716 1.860350215948685 -3.169986799110429 -1.7523108342633087 12.774938639178586 19.433882737073507 33.32247804110268 15.399465269148056 17.912481775627707 7.1945487554849015 11.571001322212396 -1.2003100570071288 1.7697227097178712 18.402881557821765 6.239526420316149 10.047572163928553 0.4344592015278259 4.056762686949096 19.934988267248333 -2.3257384462852926 5.807350597195313 1.3549380725855364 -8.118974177025924 -5.969484881536234 -9.479262857499096 -0.4255438278126533
28.857715430861724 9.23955880706849 0.35772999386921356 3.8328007719070634 1.8648769604030768 -3.1654600546560374 -1.747784089808917 12.779465383632978 19.4384094815279 33.32700478555707 15.403992013602448 17.9170085200821 7.199075499939293 11.575528066666788 -1.195783312552737 1.7742494541722629 18.407408302276156 6.24405316477054 10.052098908382945 0.43898594598219987 4.0612894314034875 19.939515011702724 -2.3212117018309186 5.811877341649705 1.3594648170399104 -8.114447432571533 -5.964958137081842 -9.474736113044722 -0.4210170833582616
28.917835671342683 9.244076079498722 0.3622472662994447 3.8373180443372767 1.8693942328332902 -3.160942782225824 -1.7432668173786858 12.783982656063209 19.44292675395812 33.33152205798729 15.408509286032679 17.92152579251233 7.203592772369507 11.580045339097019 -1.191266040122506 1.778766726602494 18.41192557470637 6.248570437200754 10.056616180813158 0.443503218412431 4.065806703833719 19.944032284132938 -2.3166944294006875 5.816394614079918 1.3639820894701415 -8.10993016014132 -5.960440864651629 -9.470218840614491 -0.4164998109280482
28.977955911823646 9.248583937718813 0.3667551245195355 3.8418259025573853 1.8739020910533988 -3.1564349240057332 -1.738758959158595 12.7884905142833 19.447434612178213 33.336029916207394 15.41301714425277 17.92603365073242 7.208100630589597 11.58455319731711 -1.186758181902415 1.7832745848225848 18.41643343292646 6.253078295420862 10.061124039033267 0.4480110766325218 4.0703145620538095 19.948540142353046 -2.3121865711805967 5.820902472300027 1.3684899476902324 -8.10542230192121 -5.95593300643152 -9.4657109823944 -0.4119919527079574
29.03807615230461 9.253082452910668 0.37125363971137304 3.846324417749223 1.8784006062452363 -3.151936408813878 -1.7342604439667575 12.792989029475155 19.451933127370058 33.34052843139924 15.417515659444625 17.930532165924276 7.212599145781453 11.589051712508947 -1.1822596667105598 1.7877731000144224 18.420931948118316 6.2575768106127 10.065622554225104 0.4525095918243771 4.074813077245665 19.953038657544884 -2.3076880559887414 5.825400987491864 1.3729884628820876 -8.100923786729373 -5.951434491239683 -9.461212467202545 -0.4074934375161021
29.09819639278557 9.257571692590165 0.3757428793908879 3.85081365742872 1.8828898459247334 -3.147447169134381 -1.7297712042872426 12.797478269154652 19.456422367049562 33.345017671078736 15.422004899124122 17.935021405603774 7.21708838546095 11.593540952188444 -1.1777704270310627 1.7922623396939195 18.425421187797813 6.262066050292197 10.070111793904601 0.4569988315038742 4.079302316925162 19.95752789722438 -2.3031988163092443 5.8298902271713615 1.3774777025615847 -8.096434547049876 -5.9469452515601855 -9.456723227523048 -0.403004197836605
29.158316633266534 9.26205174078584 0.3802229275865443 3.855293705624394 1.8873698941204076 -3.1429671209387067 -1.7252911560915862 12.801958317350309 19.46090241524523 33.3494977192744 15.426484947319778 17.93950145379943 7.221568433656624 11.598021000384119 -1.1732903788354063 1.7967423878895936 18.429901235993487 6.266546098487871 10.074591842100276 0.46147887969954837 4.083782365120818 19.962007945420055 -2.29871876811357 5.834370275367036 1.381957750757259 -8.091954498854202 -5.942465203364511 -9.452243179327374 -0.39852414964093086
29.218436873747493 9.266522647495439 0.38469383429616144 3.8597646123340112 1.8918408008300247 -3.1384962142291073 -1.720820249381969 12.806429224059926 19.465373321954836 33.35396862598402 15.430955854029396 17.943972360509047 7.226039340366223 11.602491907093736 -1.1688194721257892 1.8012132945992108 18.434372142703086 6.271017005197488 10.079062748809893 0.46594978640914775 4.088253271830435 19.966478852129672 -2.2942478614039707 5.838841182076653 1.3864286574668583 -8.087483592144585 -5.937994296654894 -9.447772272617774 -0.3940532429313315
29.278557114228455 9.27098447799704 0.3891556647977623 3.864226442835612 1.8963026313316256 -3.1340343837275064 -1.7163584188803682 12.810891054561527 19.469835152456447 33.35843045648562 15.435417684530996 17.948434191010648 7.230501170867824 11.606953737595337 -1.1643576416241883 1.8056751251008116 18.438833973204705 6.275478835699089 10.083524579311494 0.4704116169107486 4.092715102332036 19.970940682631273 -2.28978603090237 5.843303012578254 1.3908904879684592 -8.083021761642984 -5.933532466153293 -9.443310442116173 -0.3895914124297306
29.338677354709418 9.27543731060867 0.3936084974093923 3.8686792754472243 1.9007554639432378 -3.1295815511158764 -1.7119055862687382 12.815343887173157 19.474287985068067 33.36288328909724 15.439870517142626 17.952887023622278 7.234954003479454 11.611406570206949 -1.1599048090125583 1.8101279577124239 18.443286805816317 6.279931668310701 10.087977411923106 0.4748644495223786 4.097167934943666 19.975393515242885 -2.28533319829074 5.847755845189866 1.3953433205800891 -8.078568929031372 -5.929079633541681 -9.438857609504543 -0.3851385798181006
29.39879759519038 9.279881218808708 0.39805240560943034 3.87312318364728 1.9051993721432936 -3.1251376429158206 -1.7074616780687002 12.819787795373195 19.478731893268115 33.367327197297286 15.444314425342665 17.957330931822316 7.239397911679492 11.615850478407005 -1.1554609008125203 1.8145718659124797 18.447730714016373 6.284375576510757 10.092421320123162 0.47930835772241664 4.101611843143704 19.97983742344294 -2.280889290090702 5.852199753389922 1.3997872287801272 -8.074125020831316 -5.924635725341625 -9.434413701304505 -0.3806946716180626
29.458917835671343 9.284316263495302 0.4024874502960252 3.877558228333857 1.9096344168298884 -3.1207025982292436 -1.7030266333821054 12.82422284005979 19.4831669379547 33.37176224198388 15.44874947002926 17.96176597650891 7.243832956366087 11.6202855230936 -1.1510258561259255 1.8190069105990745 18.45216575870295 6.288810621197334 10.096856364809756 0.4837434024090115 4.106046887830299 19.984272468129536 -2.276454245404107 5.8566347980765165 1.404222273466722 -8.069689976144739 -5.920200680655048 -9.42997865661791 -0.37625962693146775
29.519038076152302 9.288742500291995 0.40691368709270037 3.88198446513055 1.9140606536265636 -3.1162763614325506 -1.6986003965854302 12.828649076856465 19.487593174751385 33.376188478780556 15.453175706825935 17.966192213305586 7.24825919316278 11.624711759890275 -1.1465996193292503 1.8234331473957497 18.456591995499643 6.293236857994027 10.101282601606432 0.48816963920570444 4.110473124626974 19.98869870492621 -2.272028008607414 5.861061034873192 1.408648510263415 -8.065263739348046 -5.915774443858355 -9.425552419821217 -0.3718333901347748
29.579158316633265 9.293159993167599 0.41133117996830393 3.8864019580061537 1.9184781465021672 -3.111858868556947 -1.6941829037098266 12.833066569732086 19.492010667627 33.38060597165617 15.457593199701556 17.970609706181207 7.252676686038384 11.629129252765878 -1.142182126453629 1.8278506402713532 18.461009488375247 6.297654350869631 10.105700094482035 0.492587132081308 4.114890617502596 19.993116197801815 -2.2676105157318105 5.865478527748795 1.4130660031390185 -8.060846246472442 -5.911356950982752 -9.421134926945614 -0.36741589725917123
29.639278557114228 9.297568821406657 0.4157400082073792 3.8908107862452113 1.9228869747412425 -3.1074500403178895 -1.6897740754707513 12.837475397971144 19.496419495866057 33.385014799895224 15.462002027940613 17.975018534420265 7.257085514277441 11.633538081004954 -1.1377732982145714 1.8322594685104285 18.465418316614304 6.302063179108688 10.110108922721093 0.4969959603203655 4.119299445741653 19.99752502604089 -2.263201687492753 5.869887355987871 1.417474831378076 -8.056437418233385 -5.906948122743694 -9.416726098706556 -0.3630070690201137
