web/models/kne/30/mosfit_kn_0.041628_0.2493_3.6500.dat
# %ECSV 1.0
# ---
# datatype:
# - {name: time, datatype: float64}
# - {name: PS1_g, datatype: float64}
# - {name: PS1_i, datatype: float64}
# - {name: PS1_r, datatype: float64}
# - {name: PS1_w, datatype: float64}
# - {name: PS1_y, datatype: float64}
# - {name: PS1_z, datatype: float64}
# - {name: swift_uvot_B, datatype: float64}
# - {name: swift_uvot_U, datatype: float64}
# - {name: swift_uvot_uvm2, datatype: float64}
# - {name: swift_uvot_uvw1, datatype: float64}
# - {name: swift_uvot_uvw2, datatype: float64}
# - {name: swift_uvot_V, datatype: float64}
# - {name: johnson_B, datatype: float64}
# - {name: johnson_I, datatype: float64}
# - {name: johnson_R, datatype: float64}
# - {name: johnson_U, datatype: float64}
# - {name: johnson_V, datatype: float64}
# - {name: sdss_g, datatype: float64}
# - {name: sdss_i, datatype: float64}
# - {name: sdss_r, datatype: float64}
# - {name: sdss_u, datatype: float64}
# - {name: sdss_z, datatype: float64}
# - {name: ATLAS_c, datatype: float64}
# - {name: ATLAS_o, datatype: float64}
# - {name: ukirt_H, datatype: float64}
# - {name: ukirt_J, datatype: float64}
# - {name: ukirt_K, datatype: float64}
# - {name: Clear, datatype: float64}
# meta: !!omap
# - comment: [kappa = 3.65, type = rprocess, mass = 0.04162766037032262, velocity = 0.24933333333333338, theta_obs = 0.0, tfloor = 1000.0]
# schema: astropy-2.0
time PS1_g PS1_i PS1_r PS1_w PS1_y PS1_z swift_uvot_B swift_uvot_U swift_uvot_uvm2 swift_uvot_uvw1 swift_uvot_uvw2 swift_uvot_V johnson_B johnson_I johnson_R johnson_U johnson_V sdss_g sdss_i sdss_r sdss_u sdss_z ATLAS_c ATLAS_o ukirt_H ukirt_J ukirt_K Clear
[from data line 347]
20.92184368737475 7.922234201868132 -0.9595946113311449 2.515476166706705 0.5475523552027184 -4.482784659856396 -3.0651086950092754 11.46214077843262 18.12108487632754 32.00968018035671 14.08666740840209 16.59968391488174 5.881750894738917 10.25820346146643 -2.5131079177530955 0.45692484897190444 17.090083697075798 4.926728559570182 8.734774303182586 -0.8783386592181586 2.743964826203129 18.622190406502366 -3.638536307031277 4.4945527364493465 0.042140211839551966 -9.431772037771891 -7.2822827422822005 -10.79206071824508 -1.7383416885586378
20.98196392785571 7.928693972340888 -0.9531348408583895 2.5219359371794425 0.554012125675456 -4.476324889383658 -3.05864892453652 11.468600548905375 18.127544646800278 32.01613995082946 14.093127178874845 16.606143685354496 5.888210665211672 10.264663231939185 -2.50664814728034 0.46338461944464204 17.096543467548535 4.93318833004292 8.741234073655324 -0.8718788887454032 2.7504245966758845 18.628650176975103 -3.6320765365585217 4.501012506922084 0.04859998231230733 -9.425312267299153 -7.275822971809463 -10.785600947772325 -1.7318819180858824
21.04208416833667 7.935133404630825 -0.9466954085684698 2.52837536946938 0.5604515579653935 -4.469885457093721 -3.0522094922466003 11.475039981195312 18.133984079090215 32.0225793831194 14.099566611164782 16.612583117644434 5.89465009750161 10.271102664229105 -2.5002087149904026 0.46982405173457953 17.102982899838473 4.939627762332857 8.747673505945261 -0.8654394564554657 2.756864028965822 18.63508960926504 -3.625637104268584 4.507451939212022 0.05503941460224482 -9.418872835009216 -7.269383539519525 -10.779161515482388 -1.725442485795945
21.102204408817634 7.941552693869998 -0.9402761193292797 2.5347946587085524 0.5668708472045836 -4.463466167854548 -3.04579020300741 11.481459270434485 18.140403368329405 32.028998672358576 14.105985900403955 16.619002406883606 5.901069386740782 10.277521953468295 -2.4937894257512303 0.47624334097376964 17.109402189077645 4.946047051572029 8.754092795184452 -0.8590201672162934 2.7632833182049943 18.64150889850423 -3.619217815029412 4.513871228451212 0.06145870384141716 -9.412453545770044 -7.262964250280353 -10.772742226243215 -1.7190231965567726
21.162324649298597 7.947951956289323 -0.9338768569099543 2.541193921127878 0.573270109623909 -4.457066905435223 -3.039390940588085 11.48785853285381 18.14680263074873 32.0353979347779 14.11238516282328 16.62540166930293 5.907468649160108 10.28392121588762 -2.487390163331905 0.48264260339309506 17.11580145149697 4.952446313991355 8.76049205760376 -0.852620904796968 2.7696825806243197 18.647908160923556 -3.6128185526100864 4.520270490870537 0.06785796626074259 -9.406054283350718 -7.256564987861028 -10.76634296382389 -1.7126239341374472
21.22244488977956 7.954331573312281 -0.9274972398869963 2.5475735381508535 0.579649726646867 -4.450687288412247 -3.033011323565127 11.494238149876768 18.15318224777169 32.04177755180086 14.118764779846238 16.63178128632589 5.913848266183083 10.290300832910578 -2.481010546308947 0.48902222041605303 17.122181068519946 4.958825931014331 8.766871674626735 -0.84624128777401 2.7760621976472777 18.654287777946514 -3.6064389355871285 4.526650107893495 0.07423758328370056 -9.399674666327742 -7.250185370838052 -10.759963346800932 -1.7062443171144892
21.28256513026052 7.960691148636805 -0.9211376645624725 2.5539331134753596 0.586009301971373 -4.444327713087741 -3.026651748240603 11.500597725201292 18.159541823096195 32.04813712712538 14.125124355170762 16.638140861650413 5.920207841507589 10.296660408235102 -2.474650970984423 0.49538179574057684 17.128540643844453 4.965185506338837 8.773231249951241 -0.8398817124494862 2.7824217729718015 18.66064735327102 -3.6000793602626047 4.533009683218001 0.08059715860822436 -9.393315091003236 -7.243825795513546 -10.753603771476408 -1.6998847417899654
21.34268537074148 7.9670311153608075 -0.9147976978384698 2.5602730801993623 0.5923492686953757 -4.4379877463637385 -3.0203117815166003 11.506937691925295 18.165881789820197 32.05447709384938 14.131464321894764 16.644480828374416 5.926547808231592 10.303000374959087 -2.4683110042604204 0.5017217624645618 17.134880610568455 4.971525473062839 8.779571216675244 -0.8335417457254835 2.788761739695804 18.666987319995023 -3.593739393538602 4.539349649942004 0.08693712533222708 -9.386975124279234 -7.237485828789543 -10.747263804752405 -1.6935447750659627
21.402805611222444 7.973351645751858 -0.908477167447419 2.566593610590413 0.5986697990864442 -4.431667215972688 -3.0139912511255496 11.513258222316345 18.172202320211266 32.060797624240436 14.137784852285815 16.650801358765467 5.932868338622643 10.309320905350155 -2.4619904738693696 0.5080422928556303 17.141201140959506 4.977846003453908 8.785891747066312 -0.8272212153344327 2.795082270086855 18.67330785038609 -3.587418863147551 4.545670180333072 0.09325765572327782 -9.380654593888183 -7.231165298398492 -10.740943274361355 -1.687224244674912
21.462925851703407 7.979652912223969 -0.9021759009753083 2.5728948770625237 0.6049710655585372 -4.425365949500577 -3.007689984653439 11.519559488788456 18.17850358668336 32.067098890712536 14.144086118757926 16.657102625237577 5.939169605094754 10.315622171822266 -2.455689207397259 0.514343559327741 17.147502407431617 4.984147269926001 8.792193013538405 -0.820919948862322 2.8013835365589657 18.679609116858185 -3.5811175966754405 4.551971446805165 0.09955892219538853 -9.374353327416072 -7.224864031926382 -10.734642007889244 -1.6809229782028012
21.52304609218437 7.985935024016424 -0.8958937891828533 2.5791769888549965 0.6112531773510099 -4.419083837708122 -3.001407872860984 11.525841600580911 18.18478569847583 32.073381002505 14.15036823055038 16.663384737030032 5.9454517168872085 10.321904283614721 -2.449407095604804 0.520625671120196 17.15378451922409 4.9904293817184735 8.798475125330878 -0.814637837069867 2.8076656483514206 18.685891228650657 -3.5748354848829855 4.558253558597638 0.1058410339878435 -9.3680712156236 -7.218581920133909 -10.728359896096789 -1.6746408664103463
21.58316633266533 7.992198115317457 -0.8896306978818203 2.5854400801560296 0.617516268652043 -4.412820746407071 -2.995144781559951 11.532104691881944 18.191048789776865 32.07964409380604 14.156631321851414 16.669647828331065 5.951714808188259 10.328167374915754 -2.443144004303771 0.5268887624212291 17.160047610525123 4.996692473019507 8.804738216631911 -0.808374745768834 2.8139287396524537 18.69215431995169 -3.5685723935819524 4.564516649898671 0.11210412528887659 -9.361808124322566 -7.212318828832876 -10.722096804795756 -1.6683777751092954
21.64328657314629 7.998442300171771 -0.8833865130275065 2.5916842650103256 0.623760453506339 -4.406576561552775 -2.988900596705637 11.538348876736258 18.19729297463116 32.08588827866034 14.162875506705728 16.67589201318538 5.957958993042555 10.33441155977005 -2.436899819449457 0.5331329472755251 17.16629179537942 5.002936657873803 8.810982401486207 -0.8021305609145202 2.8201729245067675 18.698398504805986 -3.5623282087276387 4.570760834752967 0.11834831014319036 -9.35556393946827 -7.20607464397858 -10.715852619941442 -1.6621335902549994
21.703406813627254 8.004667735339623 -0.8771610778596539 2.597909700178178 0.6299858886741916 -4.400351126384923 -2.9826751615377844 11.54457431190411 18.203518409799013 32.09211371382819 14.16910094187358 16.68211744835323 5.964184428210408 10.340636994937903 -2.4306743842816045 0.5393583824433776 17.17251723054727 5.009162093041655 8.81720783665406 -0.7959051257466676 2.82639835967462 18.70462393997384 -3.556102773559786 4.57698626992082 0.12457374531104293 -9.349338504300418 -7.199849208810727 -10.70962718477359 -1.6559081550871468
21.763527054108216 8.010874559164094 -0.8709542540351833 2.6041165240026487 0.6361927124986622 -4.394144302560452 -2.976468337713314 11.550781135728581 18.209725233623484 32.09832053765266 14.17530776569805 16.688324272177702 5.9703912520348785 10.346843818762373 -2.424467560457134 0.5455652062678482 17.17872405437174 5.015368916866126 8.82341466047853 -0.789698301922197 2.8326051834990906 18.71083076379831 -3.5498959497353155 4.58319309374529 0.1307805691355135 -9.343131680475947 -7.193642384986257 -10.703420360949119 -1.6497013312626763
21.82364729458918 8.017062926268395 -0.8647658869309005 2.6103048911069493 0.6423810796029628 -4.3879559354561515 -2.970279970609031 11.556969502832864 18.215913600727784 32.104508904756955 14.181496132802334 16.694512639281985 5.976579619139179 10.353032185866674 -2.418279193352851 0.5517535733721488 17.184912421476042 5.021557283970426 8.82960302758283 -0.7835099348178964 2.8387935506033735 18.71701913090261 -3.543707582631015 4.589381460849591 0.1369689362398141 -9.336943313371647 -7.187454017881956 -10.697231993844818 -1.6435129641583757
21.883767535070138 8.023232984185338 -0.8585958290139395 2.6164749490238925 0.648551137519906 -4.381785877539208 -2.96410991269207 11.563139560749825 18.222083658644728 32.11067896267391 14.187666190719295 16.700682697198946 5.982749677056122 10.359202243783635 -2.41210913543589 0.5579236312891098 17.191082479392986 5.02772734188737 8.835773085499774 -0.7773398769009532 2.8449636085203345 18.723189188819553 -3.5375375247140717 4.595551518766534 0.14313899415675735 -9.330773255454703 -7.181283959965013 -10.691061935927875 -1.6373429062414324
21.9438877755511 8.02938482920748 -0.8524439839917974 2.6226267940460346 0.6547029825420658 -4.375634032517066 -2.957958067669928 11.569291405771967 18.228235503666887 32.11683080769606 14.193818035741437 16.706834542221088 5.988901522078264 10.365354088805777 -2.405957290413748 0.5640754763112519 17.197234324415128 5.033879186909512 8.841924930521934 -0.7711880318788111 2.8511154535424765 18.729341033841713 -3.5313856796919296 4.601703363788694 0.1492908391788994 -9.324621410432561 -7.175132114942871 -10.684910090905733 -1.6311910612192904
22.004008016032063 8.035518575594729 -0.8463102376045484 2.6287605404332837 0.6608367289292971 -4.369500286129817 -2.951824321282679 11.575425152159216 18.23436925005412 32.1229645540833 14.199951782128686 16.712968288608337 5.9950352684655135 10.371487835193026 -2.399823544026499 0.5702092226985009 17.203368070802377 5.040012933296761 8.848058676909165 -0.7650542854915621 2.8572491999297256 18.735474780228945 -3.5252519333046806 4.607837110175925 0.15542458556614847 -9.318487664045312 -7.168998368555622 -10.678776344518484 -1.6250573148320413
22.064128256513026 8.041634345929562 -0.8401944672697326 2.6348763107681172 0.6669524992641307 -4.3633845157949835 -2.945708550947863 11.581540922494032 18.240485020388952 32.12908032441813 14.20606755246352 16.719084058943153 6.001151038800347 10.377603605527842 -2.393707773691683 0.5763249930333167 17.20948384113721 5.046128703631594 8.854174447243999 -0.7589385151567285 2.863364970264559 18.741590550563778 -3.519136162969847 4.613952880510759 0.16154035590098204 -9.312371893710479 -7.162882598220788 -10.67266057418365 -1.6189415444972077
22.12424849699399 8.047732289645086 -0.8340965235542086 2.640974254483641 0.6730504429796547 -4.35728657207946 -2.939610607232339 11.587638866209556 18.246582964104476 32.13517826813365 14.212165496179026 16.725182002658677 6.007248982515871 10.383701549243366 -2.3876098299761592 0.5824229367488407 17.215581784852734 5.052226647347118 8.860272390959523 -0.7528405714412045 2.8694629139800654 18.747688494279302 -3.513038219254323 4.620050824226283 0.16763829961648824 -9.306273949994955 -7.156784654505264 -10.666562630468126 -1.6128436007816838
22.184368737474948 8.053812538579166 -0.8280162746201114 2.6470545034177206 0.6791306919137519 -4.35120632314538 -2.933530358298242 11.593719115143653 18.252663213038574 32.14125851706775 14.218245745113123 16.731262251592774 6.0133292314499505 10.389781798177463 -2.381529581042062 0.5885031856829379 17.221662033786814 5.058306896281215 8.86635263989362 -0.7467603225071251 2.8755431629141626 18.7537687432134 -3.5069579703202436 4.62613107316038 0.17371854855058544 -9.300193701060875 -7.150704405571185 -10.660482381534047 -1.6067633518476043
22.24448897795591 8.059875250802229 -0.8219535623970486 2.6531172156407834 0.6851934041368146 -4.345143610922317 -2.927467646075179 11.599781827366716 18.258725925261636 32.1473212292908 14.224308457336186 16.737324963815837 6.019391943673013 10.395844510400526 -2.3754668688189993 0.5945658979060007 17.227724746009876 5.06436960850426 8.872415352116665 -0.7406976102840623 2.8816058751372253 18.759831455436462 -3.500895258097181 4.632193785383443 0.1797812607736482 -9.294130988837813 -7.144641693348122 -10.654419669310984 -1.6007006396245416
22.304609218436873 8.065920515082219 -0.8159082981170762 2.6591624799207736 0.691238668416787 -4.339098346642327 -2.9214223817952067 11.605827091646688 18.26477118954161 32.15336649357079 14.230353721616158 16.74337022809581 6.025437207953003 10.401889774680498 -2.369421604539027 0.6006111621859731 17.233770010289867 5.070414872784251 8.878460616396655 -0.7346523460040721 2.8876511394171978 18.765876719716434 -3.4948499938171906 4.638239049663415 0.1858265250536384 -9.288085724557822 -7.138596429068132 -10.648374405030994 -1.5946553753445514
22.364729458917836 8.071948439082437 -0.8098803741168403 2.6651904039210095 0.6972665924170229 -4.333070422642109 -2.915394457794971 11.611855015646924 18.270799113541845 32.159394417571015 14.236381645616394 16.749398152096045 6.0314651319532215 10.407917698680734 -2.363393680538791 0.606639086186209 17.239797934290085 5.0764427967844865 8.884488540396891 -0.728624422003854 2.8936790634174336 18.77190464371667 -3.4888220698169725 4.644266973663651 0.1918544490538565 -9.282057800557586 -7.132568505067896 -10.642346481030776 -1.5886274513443333
22.4248496993988 8.077959136289259 -0.8038696769100362 2.6712011011278136 0.7032772896238271 -4.327059725435287 -2.9093837605881667 11.617865712853728 18.27680981074865 32.16540511477783 14.242392342823216 16.75540884930285 6.037475829160043 10.413928395887538 -2.357382983331987 0.6126497833930131 17.245808631496907 5.082453493991291 8.890499237603695 -0.7226137247970321 2.8996897606242555 18.777915340923474 -3.4828113726101506 4.650277670870455 0.19786514626067842 -9.276047103350782 -7.126557807861092 -10.636335783823954 -1.5826167541375114
22.484969939879758 8.083952727018389 -0.7978760861808887 2.6771946918569434 0.7092708803529568 -4.321066134706157 -2.903390169859019 11.623859303582876 18.28280340147778 32.17139870550696 14.248385933552346 16.761402440031997 6.043469419889173 10.419921986616686 -2.3513893926028393 0.6186433741221606 17.251802222226036 5.08844708472042 8.896492828332825 -0.7166201340679024 2.9056833513533853 18.783908931652604 -3.476817781881021 4.656271261599585 0.20385873698980816 -9.270053512621653 -7.120564217131962 -10.630342193094824 -1.5766231634083816
22.54509018036072 8.08992934046687 -0.7918994727324069 2.683171305305425 0.7152474938014564 -4.315089521257676 -2.8974135564105374 11.629835917031357 18.288780014926278 32.17737531895545 14.254362547000827 16.76737905348048 6.049446033337655 10.425898600065167 -2.3454127791543575 0.6246199875706424 17.257778835674518 5.094423698168902 8.902469441781324 -0.7106435206194206 2.911659964801867 18.789885545101104 -3.470841168432539 4.6622478750480845 0.20983535043828994 -9.26407689917317 -7.11458760368348 -10.624365579646343 -1.5706465499598998
