web/models/kne/30/mosfit_kn_0.033839_0.0927_10.0000.dat
# %ECSV 1.0
# ---
# datatype:
# - {name: time, datatype: float64}
# - {name: PS1_g, datatype: float64}
# - {name: PS1_i, datatype: float64}
# - {name: PS1_r, datatype: float64}
# - {name: PS1_w, datatype: float64}
# - {name: PS1_y, datatype: float64}
# - {name: PS1_z, datatype: float64}
# - {name: swift_uvot_B, datatype: float64}
# - {name: swift_uvot_U, datatype: float64}
# - {name: swift_uvot_uvm2, datatype: float64}
# - {name: swift_uvot_uvw1, datatype: float64}
# - {name: swift_uvot_uvw2, datatype: float64}
# - {name: swift_uvot_V, datatype: float64}
# - {name: johnson_B, datatype: float64}
# - {name: johnson_I, datatype: float64}
# - {name: johnson_R, datatype: float64}
# - {name: johnson_U, datatype: float64}
# - {name: johnson_V, datatype: float64}
# - {name: sdss_g, datatype: float64}
# - {name: sdss_i, datatype: float64}
# - {name: sdss_r, datatype: float64}
# - {name: sdss_u, datatype: float64}
# - {name: sdss_z, datatype: float64}
# - {name: ATLAS_c, datatype: float64}
# - {name: ATLAS_o, datatype: float64}
# - {name: ukirt_H, datatype: float64}
# - {name: ukirt_J, datatype: float64}
# - {name: ukirt_K, datatype: float64}
# - {name: Clear, datatype: float64}
# meta: !!omap
# - comment: [kappa = 10.0, type = rprocess, mass = 0.03383890769761434, velocity = 0.09266666666666673, theta_obs = 0.0, tfloor = 1000.0]
# schema: astropy-2.0
time PS1_g PS1_i PS1_r PS1_w PS1_y PS1_z swift_uvot_B swift_uvot_U swift_uvot_uvm2 swift_uvot_uvw1 swift_uvot_uvw2 swift_uvot_V johnson_B johnson_I johnson_R johnson_U johnson_V sdss_g sdss_i sdss_r sdss_u sdss_z ATLAS_c ATLAS_o ukirt_H ukirt_J ukirt_K Clear
[from data line 57]
3.4869739478957915 -9.307704736358549 -11.953226845888576 -10.974706415593705 -11.043236244434489 -12.777713570977962 -12.474692439503432 -8.218394260953527 -6.878973799695558 -1.0778773375549937 -4.9554403839843175 -2.991714849677155 -10.119360471418954 -8.37024780509465 -12.64548900325985 -11.490193566334181 -7.069075612659532 -10.239664455616085 -9.058037680457414 -11.936656875165728 -10.952372011368734 -6.142015623066719 -12.56653805133265 -10.104497660795477 -11.484930901766699 -13.496625376451446 -13.273681787247165 -13.491324880380285 -11.449836423651227
3.5470941883767533 -9.266348337934911 -11.938253968668668 -10.94911751063579 -11.022456355717942 -12.773756695480945 -12.466353749783643 -8.167413338600877 -6.806634845085497 -0.9600317729850643 -4.890603094773223 -2.9282514218243203 -10.084446746690354 -8.321445589687396 -12.633780274139845 -11.468620617123719 -7.0000883710705 -10.206408478340306 -9.014322854956642 -11.92139114231395 -10.926319758323775 -6.071148503394319 -12.559583472588098 -10.072342790805848 -11.465704604108797 -13.508724415488194 -13.278464092840457 -13.508370090341566 -11.43515103993133
3.6072144288577155 -9.224916303022042 -11.923009061083452 -10.923333472751029 -11.001499858584971 -12.76945500105942 -12.457697514638557 -8.116416111933386 -6.7344299279747055 -0.8427475680098899 -4.826221415326177 -2.865272797142516 -10.049392309006102 -8.272630152615882 -12.62177976728194 -11.446842234605576 -6.93120718603452 -10.173012972114835 -8.970549076917482 -11.90585540388506 -10.900071521388668 -6.000394194159124 -12.552306191952098 -10.040071344819896 -11.44625829466941 -13.520389071887402 -13.282851947999104 -13.524956382653047 -11.420267745024582
3.6673346693386772 -9.183392450615848 -11.907488542932452 -10.897345757128178 -10.98035880927501 -12.764809843507763 -12.448723167127245 -8.065382141373043 -6.662328497600569 -0.7259709250154094 -4.762254717425698 -2.8027337227478664 -10.014184509870276 -8.223781739950255 -12.60948533898149 -11.424851436948355 -6.862403250034792 -10.139465838807451 -8.926699062218617 -11.890045947785985 -10.873618628867057 -5.929723155698259 -12.54470619603648 -10.007670801508741 -11.42658594241695 -13.531627472426758 -13.286850418947703 -13.541093921909313 -11.405180810754274
3.727454909819639 -9.141746801154707 -11.891679309938255 -10.871134566199228 -10.959014958175608 -12.759814870134178 -12.439421705019136 -8.014275595054585 -6.590281134732461 -0.6096220339864038 -4.698645903068179 -2.7405731527138353 -9.978797897290683 -8.174865605895473 -12.596885863552114 -11.402630688732362 -6.793629418864093 -10.105742478885665 -8.88274134382776 -11.873949489788576 -10.846941069991214 -5.859087187954408 -12.53677527392858 -9.975116408864189 -11.406671354390223 -13.542442726177216 -13.29045832587983 -13.556788690331397 -11.389875263112685
3.787575150300601 -9.100008608504826 -11.875607274789974 -10.844727252528 -10.937493503524216 -12.754494303507844 -12.429818060268989 -7.963127256700356 -6.518321414450181 -0.49373887602771216 -4.635415027578453 -2.6788064432371814 -9.94326132546312 -8.12591193285009 -12.58400672887537 -11.380206509537942 -6.72491897350578 -10.071871316417196 -8.838705495978516 -11.857591986954024 -10.820066342509254 -5.788519961940128 -12.528538084370542 -9.942435581156204 -11.386540596093226 -13.552856202182662 -13.293698361913398 -13.572061132404974 -11.37437489662064
3.847695390781563 -9.058163120980929 -11.859268815225619 -10.818115802951649 -10.91578707875902 -12.748848902898953 -12.41991128184118 -7.911918591691701 -6.446421862180021 -0.3782736520637924 -4.572526372867447 -2.617394326251293 -9.907563128684231 -8.076902827670786 -12.5708455911854 -11.357572304751368 -6.656245972957031 -10.037841198577054 -8.79457579156421 -11.840969700194446 -10.792986313087543 -5.717994876548769 -12.5199941757573 -9.909616850027945 -11.366187916682264 -13.562874699987598 -13.296574595579303 -13.586919869580585 -11.358674354590992
3.9078156312625247 -9.0162023009022 -11.842664477638465 -10.791297392303107 -10.893893122925231 -12.742882549129924 -12.409703954662756 -7.860638692213967 -6.37456468588848 -0.2631927337714606 -4.509953777429843 -2.5563072714273747 -9.871697711242764 -8.027827833404228 -12.557403966676326 -11.334726300502222 -6.587593829446103 -10.003646896567753 -8.750343444034598 -11.824083086998058 -10.765698076209382 -5.6474948568777705 -12.511146504824637 -9.876654608610522 -11.345612165912069 -13.57250663442393 -13.29909339623949 -13.601374676819693 -11.342772532796292
3.967935871743487 -8.974146704257109 -11.825813548330348 -10.764291900518046 -10.87182993028037 -12.73661374149409 -12.399214923652462 -7.809308853770221 -6.302772291112682 -0.14851955638198344 -4.447708151239418 -2.4955525302310586 -9.835685685439472 -7.978707853041097 -12.54370088712107 -11.311687898269984 -6.518984902327009 -9.969308749856365 -8.706029142532632 -11.8069514541771 -10.738221610527763 -5.57704248716183 -12.502013764185662 -9.843568373193232 -11.324832491958663 -13.581769010217249 -13.301272471700807 -13.615442056275471 -11.326686880550163
4.028056112224449 -8.931971460932786 -11.808704860872652 -10.737082718537572 -10.849582299727185 -12.730036824485804 -12.388436365889817 -7.757899425594 -6.231003979060734 -0.03418903718801314 -4.38574341345328 -2.4350815138048385 -9.799505812630766 -7.929514167964914 -12.52972680585253 -11.288442379570196 -6.450380333338483 -9.934806249885265 -8.661606807631745 -11.78956348880062 -10.710540122792231 -5.506598033464591 -12.492588788135315 -9.8103375860655 -11.303835269734446 -13.590663933717424 -13.30311040928805 -13.629126476543847 -11.310404927134616
4.0881763527054105 -8.889709685389082 -11.791365570206835 -10.709699477833183 -10.8271774493846 -12.723176215876055 -12.3773938204676 -7.706445971311019 -6.159300230874152 0.07974925285153933 -4.324087505507581 -2.37491873439675 -9.76319011611584 -7.88028155335509 -12.515508044079262 -11.265018175245071 -6.381819957338017 -9.900170846738748 -8.617110106310424 -11.771946418104324 -10.682683426456379 -5.436201890817607 -12.482896716418974 -9.776992688633808 -11.282648265113675 -13.59921148509416 -13.304629288150503 -13.642446636538244 -11.293951971575034
4.148296593186372 -8.847330727423888 -11.773780198896855 -10.682120658230208 -10.8045957037581 -12.716022593870218 -12.366075537114849 -7.654912489939668 -6.087612793303734 0.1933702614000561 -4.262688461488278 -2.315010287913196 -9.7267118875648 -7.83097510783826 -12.50103093911256 -11.24139592669491 -6.313257536853111 -9.865376687276884 -8.572507045508448 -11.75408460122096 -10.654629780317304 -5.3658068225394295 -12.47292654641825 -9.743507932008146 -11.261253355207721 -13.607411088387343 -13.3058245628394 -13.65540463166944 -11.27731148103475
4.208416833667335 -8.804844893321828 -11.755960298469663 -10.654357377706578 -10.781847311095127 -12.708587822468775 -12.354493281501089 -7.603309060088278 -6.015950803774075 0.3066678568152499 -4.201546603462134 -2.2553539370997764 -9.690082033167961 -7.781604786331332 -12.48630711862096 -11.217586719332175 -6.244702463818836 -9.830434606555992 -8.52780783673536 -11.735989581224011 -10.6263903416062 -5.29542223987038 -12.462690041992133 -9.709893570953803 -11.239661615704577 -13.615274778744036 -13.3067082097115 -13.668012514650714 -11.26049354940811
4.268537074148297 -8.76229472541942 -11.737938686220915 -10.626446440902573 -10.758965976268762 -12.700900414212963 -12.342677312197807 -7.551682053617706 -5.944368621092089 0.4195722067663761 -4.140702868670516 -2.195987593386913 -9.653341093637923 -7.7322158350220995 -12.471368098431157 -11.193625557847923 -6.176207968294964 -9.795384317432239 -8.483055912191482 -11.717694289218077 -10.598002167438114 -5.225102208078454 -12.45221685962969 -9.676188145565181 -11.217907057530816 -13.622824434289063 -13.307305153471328 -13.680290068706833 -11.24352908819727
4.328657314629258 -8.719634631302924 -11.719689334138579 -10.59835399605344 -10.735920782225516 -12.692942382494685 -12.330606455722108 -7.49997886437897 -5.872797798870337 0.5321856106041496 -4.080088471046945 -2.1368413925322325 -9.616448405194273 -7.682757197507527 -12.456190231858734 -11.169481510118217 -6.1077081594468225 -9.760186349278326 -8.438203939964115 -11.69917248404289 -10.569431087588281 -5.15477948969993 -12.441486828485413 -9.642352632809299 -11.195960392850797 -13.63005364289428 -13.307603719606112 -13.692234436730926 -11.226391463775158
4.38877755511022 -8.67687623759867 -11.701224116070659 -10.570091878006416 -10.71272260765939 -12.684725516721844 -12.318292558951054 -7.448211239066068 -5.801249951585561 0.6444976656189789 -4.019706754994878 -2.077916605672264 -9.579415927620538 -7.6332404282244894 -12.440785352008874 -11.145166241140203 -6.039214771187471 -9.72485253821432 -8.393263540186968 -11.680436041692754 -10.540688989479818 -5.084465901508324 -12.43051174642991 -9.608398295722331 -11.173833197577352 -13.636973806355302 -13.307615504982254 -13.70385686653618 -11.20909120902125
4.448897795591182 -8.63402605708119 -11.682551338146894 -10.541667728416826 -10.689378483484742 -12.676258695883522 -12.305744295149346 -7.396385233523289 -5.729729745407539 0.7565075024557872 -3.959555049409093 -2.0192087388720235 -9.542250866271377 -7.583671535701523 -12.425161920508316 -11.120687475775217 -5.9707327812462125 -9.689390075344393 -8.3482410800762 -11.661493253048043 -10.511783536051684 -5.014166386827625 -12.419300323844844 -9.574331851636568 -11.151533249466734 -13.64359439096045 -13.30734972587267 -13.715166973042015 -11.191635393523995
4.509018036072144 -8.591058608276363 -11.663657835156016 -10.513063470645747 -10.665871988137603 -12.667533779683549 -12.29295153637155 -7.3444709915056725 -5.658197357364365 0.8682762892392555 -3.899591564878246 -1.96067495000506 -9.504930890848382 -7.534021614239229 -12.409308259156042 -11.096028953709915 -5.902223997020794 -9.653777368221819 -8.303109986407282 -11.642330819938689 -10.48269645880989 -4.943841921341363 -12.407843056216272 -9.540131871766118 -11.129045292942035 -13.64991443966545 -13.306802163956933 -13.726165999969398 -11.174010220958479
4.569138276553106 -8.547977533917628 -11.644549684866004 -10.484284253675256 -10.64220790524752 -12.658557709751879 -12.279920899059675 -7.292471437776885 -5.586653788354958 0.9798077430264991 -3.8398111153293963 -1.9023085388488457 -9.467460455461378 -7.484293633206484 -12.393230690930618 -11.071196044808726 -5.833689804618285 -9.618018924787746 -8.257873697203237 -11.622954797342011 -10.453432907740794 -4.8734937957003055 -12.39614664177008 -9.505802487633499 -11.106374815495421 -13.655941941181469 -13.305980346721567 -13.73686223167791 -11.15622071799077
4.629258517034068 -8.504809763390053 -11.62524834545506 -10.4553537949886 -10.618407911383532 -12.649349469530407 -12.266672377400365 -7.240415723915517 -5.51513271457484 1.0910597273877238 -3.7802374562700076 -1.8441314092635461 -9.429865449054724 -7.4345160374807975 -12.37694992023209 -11.046211383874855 -5.765163271353899 -9.582140121782421 -8.212559647893958 -11.603386708892334 -10.424016761188284 -4.803155580031753 -12.384230716309386 -9.471368233334605 -11.083543858498466 -13.661691983092224 -13.304901157030107 -13.747269512525564 -11.138286870696312
4.68937875751503 -8.461512699744631 -11.60572880414314 -10.426240037247698 -10.594442898750493 -12.63989132812883 -12.253185344773119 -7.188254882561288 -5.44357088711509 1.2021253724992116 -3.7208092470280003 -1.7860818314588154 -9.392107608277371 -7.3846413618969855 -12.360443101016056 -11.021045651093761 -5.696583429781647 -9.546103847449706 -8.16712367380724 -11.583601349447932 -10.394415651451432 -4.732765056039252 -12.372075584653537 -9.43679256825142 -11.060524591782315 -13.667157406770423 -13.303552625710749 -13.757383946169524 -11.120183562176571
4.749498997995992 -8.418105952185808 -11.586007375069194 -10.396960671849005 -10.570329061814459 -12.630198059392335 -12.239475209659325 -7.136009919415854 -5.371992054874628 1.3129759956338 -3.661542024305539 -1.7281738329355387 -9.354205988623107 -7.334690133313945 -12.343726074961047 -10.995715835790236 -5.627973687894105 -9.509928816068028 -8.121585693506521 -11.563615074007174 -10.364647381653906 -4.662345960982908 -12.359696424380306 -9.402093536750353 -11.037333612770972 -13.672350494730912 -13.301948188439974 -13.76721701156791 -11.101925864044961
4.809619238476953 -8.37460808791036 -11.566099566136412 -10.367532488018831 -10.54608173711987 -12.620283730610229 -12.225556634586088 -7.0837007132624406 -5.300418653610883 1.4235846643620294 -3.602450163268553 -1.670420404862106 -9.316178663021876 -7.284681764946285 -12.326813906270086 -10.970238054743088 -5.5593561693175815 -9.473632769826866 -8.075964562584481 -11.543443428639542 -10.334728849598669 -4.5919207324248035 -12.347107678258293 -9.367288220472716 -11.013986669174862 -13.677282966096056 -13.30010065236525 -13.776779667068284 -11.08352804364797
4.869739478957916 -8.330978226633956 -11.545981123738205 -10.337924566812013 -10.521672915150173 -12.61013099414729 -12.211409521706376 -7.031280334308852 -5.228790230293114 1.5340398562449638 -3.5434758736582057 -1.6127635760693368 -9.277988810889372 -7.234570792811791 -12.309684400584768 -10.944584024883277 -5.49067257321272 -9.43718001031552 -8.030217916755529 -11.523061977606925 -10.304628833080933 -4.521429870405491 -12.334290141693067 -9.332341525466514 -10.990456889338045 -13.681947535582635 -13.297998152316362 -13.786067738428985 -11.064965920548229
4.929859719438878 -8.287232528653838 -11.52566571950377 -10.308151627179996 -10.497116065867775 -12.599752336833863 -12.197046848345678 -6.97876602495577 -5.157126109362835 1.644318582131132 -3.4846313391967594 -1.555214342219887 -9.239652207651432 -7.18437407298412 -12.292350864583927 -10.918767912646345 -5.421941978707434 -9.400586041094082 -7.984362152278255 -11.502484424076584 -10.274362142315834 -4.450892714951404 -12.321256611172888 -9.297268373409278 -10.966758126612461 -13.686354743283287 -13.295652132136107 -13.79509113316235 -11.04625207129402
4.98997995991984 -8.24339901140533 -11.505174841491339 -10.278237834948598 -10.472433193705939 -12.5891663471314 -12.182488381696857 -6.926188401210683 -5.085462298455887 1.754374567950589 -3.425943209428883 -1.497798038330934 -9.201195559479942 -7.134121423770704 -12.274833905486819 -10.89281263704952 -5.3531996416859435 -9.363876987677953 -7.938425886769593 -11.48173233281046 -10.24395312172091 -4.380345097840319 -12.308026441147213 -9.262094037305229 -10.942912623177357 -13.690518672917944 -13.29307874790956 -13.80386250168735 -11.027406591964048
5.050100200400801 -8.199439036248872 -11.484485401840487 -10.248153865440326 -10.447597781616018 -12.578356410846876 -12.16771492652704 -6.873503147860226 -5.013741819170328 1.8642908223770123 -3.367357616591917 -1.440460759337586 -9.162583997127342 -7.083769935676138 -12.257112369184224 -10.866691375409918 -5.2843905938593245 -9.327019056315445 -7.892369092501141 -11.460782445478301 -10.213372155655964 -4.30973091705722 -12.294581281481278 -9.22678533364925 -10.918894876936172 -13.6944321687743 -13.290266538089684 -13.812377617049323 -11.008406587566153
