web/models/kne/30/mosfit_kn_0.218327_0.3277_0.5000.dat
# %ECSV 1.0
# ---
# datatype:
# - {name: time, datatype: float64}
# - {name: PS1_g, datatype: float64}
# - {name: PS1_i, datatype: float64}
# - {name: PS1_r, datatype: float64}
# - {name: PS1_w, datatype: float64}
# - {name: PS1_y, datatype: float64}
# - {name: PS1_z, datatype: float64}
# - {name: swift_uvot_B, datatype: float64}
# - {name: swift_uvot_U, datatype: float64}
# - {name: swift_uvot_uvm2, datatype: float64}
# - {name: swift_uvot_uvw1, datatype: float64}
# - {name: swift_uvot_uvw2, datatype: float64}
# - {name: swift_uvot_V, datatype: float64}
# - {name: johnson_B, datatype: float64}
# - {name: johnson_I, datatype: float64}
# - {name: johnson_R, datatype: float64}
# - {name: johnson_U, datatype: float64}
# - {name: johnson_V, datatype: float64}
# - {name: sdss_g, datatype: float64}
# - {name: sdss_i, datatype: float64}
# - {name: sdss_r, datatype: float64}
# - {name: sdss_u, datatype: float64}
# - {name: sdss_z, datatype: float64}
# - {name: ATLAS_c, datatype: float64}
# - {name: ATLAS_o, datatype: float64}
# - {name: ukirt_H, datatype: float64}
# - {name: ukirt_J, datatype: float64}
# - {name: ukirt_K, datatype: float64}
# - {name: Clear, datatype: float64}
# meta: !!omap
# - comment: [kappa = 0.5, type = rprocess, mass = 0.21832694463104688, velocity = 0.32766666666666666, theta_obs = 0.0, tfloor = 1000.0]
# schema: astropy-2.0
time PS1_g PS1_i PS1_r PS1_w PS1_y PS1_z swift_uvot_B swift_uvot_U swift_uvot_uvm2 swift_uvot_uvw1 swift_uvot_uvw2 swift_uvot_V johnson_B johnson_I johnson_R johnson_U johnson_V sdss_g sdss_i sdss_r sdss_u sdss_z ATLAS_c ATLAS_o ukirt_H ukirt_J ukirt_K Clear
[from data line 226]
13.647294589178356 -20.78376258429797 -21.4709335273683 -21.268522081175423 -21.177241346957043 -21.51520775359197 -21.51756879798258 -20.370717476162234 -20.606904739667478 -18.43830151956967 -19.391494725300866 -17.93372013117031 -21.061447321659596 -20.410097954728762 -21.93608187155099 -21.536283329889596 -20.533107213581296 -21.093429353234146 -20.706857580121802 -21.47528910431797 -21.26843991359019 -19.72493727059332 -21.5211084177764 -20.983671847085237 -21.372080081408846 -21.144161783993308 -21.415824913296504 -20.809014141022534 -21.215877213416583
13.707414829659317 -20.817971163502982 -21.496874957186503 -21.297659453124407 -21.20671624245894 -21.53806241102517 -21.541610213310136 -20.407619712868367 -20.650529004496576 -18.498568277068554 -19.443188848649005 -17.99206923336419 -21.093133398703394 -20.446706253612493 -21.961138525558052 -21.56456371170065 -20.575519340124153 -21.124873654483608 -20.741789407424438 -21.501313858640128 -21.297621409132255 -19.767767437910635 -21.544836341652367 -21.015740891603567 -21.399777827025055 -21.162887148734765 -21.436420323227257 -20.82649999312913 -21.24422821710132
13.76753507014028 -20.852125624286035 -21.522770572994716 -21.326746833936436 -21.23615079182766 -21.560876437266536 -21.565608835401218 -20.444463861945376 -20.69409053007197 -18.55877159322271 -19.494848519300252 -18.05042472108307 -21.124765310136333 -20.48325805998847 -21.986150951262424 -21.592796357679653 -20.61786871493099 -21.156265020757182 -20.77666639390957 -21.527292660731767 -21.326752468092973 -19.810533778402828 -21.56852225983906 -21.047761190734242 -21.42742931698331 -21.181579954726836 -21.456979571202037 -20.843955612560357 -21.272544252390162
13.827655310621243 -20.886225789868647 -21.54862045199165 -21.355784202172092 -21.26554494804127 -21.583649999263095 -21.589564797929732 -20.48124966964662 -20.737588877081592 -18.618910590135428 -19.546472898143215 -18.108785407626783 -21.156342960533518 -20.519753122529497 -22.01111925123825 -21.620981265881014 -20.660154932434082 -21.18760335968332 -20.811488341476938 -21.553225585296474 -21.35583306927238 -19.853235876509405 -21.592166313461885 -21.079732622257747 -21.455034565568045 -21.200240474157678 -21.47750288324051 -20.861381300318268 -21.300825300791768
13.887775551102203 -20.92026990569611 -21.574423620304533 -21.38477028208733 -21.294897384650824 -21.60638240872263 -21.613477304102453 -20.51797513324167 -20.78102142818162 -18.678981146763242 -19.59805844409102 -18.167146962516266 -21.187864838337156 -20.556189459230175 -22.03604253309359 -21.64911723418791 -20.702375486685256 -21.218887177832407 -20.846253428161976 -21.579111650679064 -21.38486193449296 -19.895871189871812 -21.615767732983002 -21.11165362137312 -21.48259242368038 -21.218868385531483 -21.49798977320925 -20.878776842272707 -21.32907013445335
13.947895791583166 -20.9542579175244 -21.600180233447706 -21.413705148148523 -21.32420814789425 -21.62907389332327 -21.63734655516315 -20.554640136384503 -20.82438791642046 -18.738982641390688 -19.649604524134396 -18.225508418453757 -21.219330958311666 -20.59256695411357 -22.060920972652173 -21.67720435143566 -20.744530138504153 -21.25011649134803 -20.880961582248894 -21.604951010372044 -21.41383913886072 -19.938439471801033 -21.639326725215522 -21.143524175621558 -21.51010299285497 -21.23746399773315 -21.518440514687516 -20.896142568960464 -21.357278820240975
14.008016032064127 -20.98818787674812 -21.625889184615446 -21.442587368722794 -21.35347574672039 -21.651723653219204 -21.661171634651826 -20.59124246305433 -20.86768546005695 -18.798910557352592 -19.701107257419874 -18.28386502547826 -21.250739635102367 -20.628883413355815 -22.085753550674056 -21.70524126517342 -20.786616127244237 -21.28128963423959 -20.915610782354506 -21.63074254920854 -21.442763248216732 -19.98093792251039 -21.662842402985678 -21.17534254007893 -21.537564977394226 -21.256026905622033 -21.538854525224522 -20.91347819105829 -21.385449971364725
14.06813627254509 -21.022059407703377 -21.6515504120186 -21.47141676132561 -21.382699960691287 -21.674331736375265 -21.684952549739513 -20.627781642135627 -20.910913351424174 -18.858763615516224 -19.75256545568623 -18.34221515040474 -21.28209059523676 -20.665138369312558 -22.11054023641862 -21.733227817406277 -20.828632788928704 -21.312406336983468 -20.95020062621238 -21.656486202361442 -21.471634080363167 -20.023365865559164 -21.68631478273186 -21.20710840616974 -21.564978238835284 -21.274557288063903 -21.559231925844102 -20.930783924070685 -21.413583399841567
14.128256513026052 -21.05587149925137 -21.67716342920242 -21.500192637698934 -21.411880051389343 -21.696897843981642 -21.70868893093612 -20.66425649874167 -20.954070006817425 -18.918539231284676 -19.803976839347843 -18.400555881642497 -21.313382995021694 -20.70133065765589 -22.135280596779616 -21.76116336576672 -20.870578614891777 -21.3434657656804 -20.98473005762587 -21.682181478234686 -21.500450946338567 -20.06572176936693 -21.709743512060875 -21.238820883308502 -21.592342168870537 -21.293055080967807 -21.579572547575303 -20.948059771755357 -21.441678426836486
14.188376753507013 -21.089623413872527 -21.702727930209704 -21.528914526290706 -21.441015499155576 -21.719421822521756 -21.732380567607947 -20.70066616210176 -20.997154221889076 -18.978235384774592 -19.85533959631505 -18.45888484153541 -21.344616236423423 -20.737459414696925 -22.159974369049984 -21.789047474746994 -20.91245246238473 -21.37446732923038 -21.01919830215193 -21.7078280666796 -21.529213374444893 -20.108004473066394 -21.73312839382815 -21.270479329935537 -21.619656359325923 -21.311520318275964 -21.59987634087079 -20.965305821745602 -21.469734578869648
14.248496993987976 -21.123313856335333 -21.72824323572282 -21.55758151138791 -21.470105328266946 -21.741903212971554 -21.756026917597993 -20.737009144148068 -21.040164024027916 -19.037848910243177 -19.9066509540663 -18.517198522713482 -21.375789221080154 -20.773523165502578 -22.184620936577303 -21.816879283235526 -20.954252447971513 -21.40540994120405 -21.053604011492677 -21.73342528235464 -21.55792044800398 -20.150212066037625 -21.756468906157558 -21.302082593156957 -21.646919989017785 -21.329952818747465 -21.620143000066054 -20.982521973663367 -21.49775094959649
14.308617234468937 -21.15694201436055 -21.753708986352063 -21.586193060374814 -21.499148951677025 -21.764341815072576 -21.77962772104543 -20.77328449294771 -21.08309810894525 -19.097377637305474 -19.957908967282982 -18.575494371072953 -21.406901284121258 -20.809520965403795 -22.209219985105115 -21.844658296223482 -20.995977332773858 -21.436292943827674 -21.087946334551244 -21.75897276149705 -21.586571634337552 -20.192343290502954 -21.779764803244017 -21.333629960570963 -21.674132591273523 -21.348352578012918 -21.64037243344536 -20.99970827944453 -21.52572699872854
14.3687374749499 -21.190507454295098 -21.7791250735222 -21.614748940958766 -21.528146087302584 -21.786737631469695 -21.803182939420243 -20.809491676839766 -21.125955696281764 -19.156820176447273 -20.009112340878232 -18.633770582867303 -21.43795210045723 -20.84545228544901 -22.2337714374624 -21.872384305750174 -21.037626383180427 -21.467116015351873 -21.122224810025116 -21.78447039245155 -21.615166701785196 -20.234397400422832 -21.803016055746642 -21.365121065215522 -21.701293977403306 -21.366719730495905 -21.66056471711194 -21.0168649105935 -21.55366247331905
14.428857715430862 -21.224009012371052 -21.80449090015978 -21.643248339514933 -21.55709585646946 -21.809090265336764 -21.826692100579574 -20.845629355922714 -21.16873499962482 -19.21617363732228 -20.06025852207271 -18.692023876720686 -21.468940690006068 -20.88131579641216 -22.2582747534545 -21.90005654688366 -21.079197895640302 -21.497878185613338 -21.156438225341123 -21.809917572660815 -21.64370483626808 -20.276372667919276 -21.826222209630295 -21.396554870898186 -21.728403418286035 -21.385054129715183 -21.680719592531155 -21.033991793375804 -21.58155655438076
14.488977955911823 -21.257446353508662 -21.829806420208016 -21.67169110066327 -21.585998051718338 -21.831399767459594 -21.850155219717973 -20.881697109177086 -21.211435377413768 -19.275436836599983 -20.111346383515674 -18.750252628034975 -21.499866816232835 -20.917111078352594 -22.28272991429008 -21.927674884434218 -21.12069127054798 -21.52857922007408 -21.190586220893568 -21.83531425337554 -21.67218588335828 -20.318268482963777 -21.849383287752246 -21.427931098857798 -21.755460795114416 -21.403355938706024 -21.70083717322866 -21.051089122118288 -21.60940905708811
14.549098196392785 -21.29081770177125 -21.85507062440502 -21.700075922186475 -21.614851289307264 -21.85366540163736 -21.873571457452314 -20.91769292025304 -21.254054201953902 -19.334605627110783 -20.162372313393462 -18.80845229653954 -21.530728950065996 -20.952836131783673 -22.307135988394162 -21.955238084587176 -21.162103993471828 -21.55921760470221 -21.224666954408598 -21.860659417883355 -21.700608539623296 -20.360082297158186 -21.872498476051998 -21.459248150003685 -21.7824649232249 -21.42162476826124 -21.72091691410987 -21.06815660950168 -21.63721868103316
14.609218436873746 -21.324123417149075 -21.88028392725748 -21.728403200060793 -21.643655922260336 -21.875887591436047 -21.896941235506375 -20.953617139508555 -21.296591793259516 -19.39368025923772 -20.213336380535658 -18.86662264090447 -21.561527478615947 -20.988491299885514 -22.331493392392378 -21.982746539256805 -21.203436392087564 -21.589793721784712 -21.258680781836148 -21.885953480368112 -21.72897320323745 -20.401814439577635 -21.895568195021156 -21.490506379983447 -21.809416194337174 -21.439861036849802 -21.740959237260977 -21.085194670102428 -21.664985769802563
14.669338677354709 -21.35736188879905 -21.905445425998007 -21.75667176170208 -21.672410694885826 -21.89806568431914 -21.92026380699417 -20.98946793511142 -21.33904575447792 -19.4526569285949 -20.264235254238017 -18.92475943100742 -21.592261021067333 -21.024074765242972 -22.355801294640482 -22.010199137767767 -21.24468617476139 -21.620306203530642 -21.292626031087245 -21.9111955312278 -21.757278700846943 -20.443462587773986 -21.918591720710214 -21.521704338546872 -21.83631354243264 -21.45806440812105 -21.76096366435507 -21.102203060295622 -21.69270914137808
14.729458917835672 -21.390533337476718 -21.930555439311217 -21.784881890982035 -21.701115842207965 -21.920200023258598 -21.94353950724876 -21.02524550438882 -21.381416215933662 -19.511535602202773 -20.315068763721182 -18.982862132189545 -21.62292983962428 -21.059586719165736 -22.380060020285477 -22.03759616398876 -21.285853486412016 -21.65075530827339 -21.326502915043672 -21.936385888412815 -21.78552531842863 -20.48502688606897 -21.941569388695026 -21.55284225220628 -21.86315725386743 -21.47623524003691 -21.780930547832984 -21.11918214026685 -21.720389025491542
14.789579158316633 -21.423636216740682 -21.955613103725007 -21.813032464846067 -21.729770154718313 -21.942289984612593 -21.966767622337215 -21.060948088461952 -21.423700872663787 -19.570312611144377 -20.365833686315593 -19.040926622862425 -21.653532611360628 -21.095025415892973 -22.40426877397341 -22.064936553705056 -21.326936124227764 -21.681139725040946 -21.36030982817667 -21.961523681897006 -21.81371193243894 -20.526505102317145 -21.964500506847422 -21.58391872741337 -21.88994630691548 -21.4943732109476 -21.800859430450057 -21.1361316769271 -21.74802428103135
14.849699398797595 -21.456670311569095 -21.98061844360355 -21.841123418918293 -21.75837350672129 -21.96433566834335 -21.989948224952602 -21.0965754034478 -21.465899256738616 -19.62898702848227 -20.41652909814939 -19.09895147083834 -21.684069207615757 -21.13039056985221 -22.428427601191185 -22.092220256418564 -21.36793365652742 -21.711459324877676 -21.394046535174382 -21.98660893392475 -21.84183848009056 -20.56789679744739 -21.987385153180536 -21.614933589570953 -21.916680662929338 -21.51247850392776 -21.820750458846945 -21.15305187614744 -21.77561479338589
14.909819639278556 -21.489634770555686 -22.005571056352817 -21.869154181593462 -21.7869252502509 -21.98633682425072 -22.013081008198494 -21.13212646155579 -21.508010024270874 -19.6875566188227 -20.467152975333534 -19.15693394539629 -21.714538928934505 -21.165681198264203 -22.452536142425068 -22.11944673529616 -21.408844807243856 -21.74171341357567 -21.427712145993958 -22.011641237708695 -21.86990439049117 -20.60920067779275 -22.01022303377231 -21.645886079932435 -21.94335981110285 -21.530551054052257 -21.840603485344552 -21.169942726568515 -21.803159951378
14.969939879759519 -21.52252578504271 -22.030468558630893 -21.897121825801662 -21.815422314311697 -22.00829158022808 -22.036163905744495 -21.167597002887117 -21.550027758470893 -19.74601306067575 -20.517698172640273 -19.214865279306576 -21.74493842373795 -21.200893077556064 -22.476592160005506 -22.146613195594444 -21.449664374193002 -21.771898670743997 -21.461302727858254 -22.036618196024627 -21.897906733144072 -20.650411475922503 -22.033012131039165 -21.67677272654613 -21.969981049064273 -21.548589651846846 -21.86041700132991 -21.18680321595066 -21.83065684175146
15.03006012024048 -21.555349668840194 -22.05531533836316 -21.92503148301089 -21.843869907455797 -22.030203601465654 -22.0592008616255 -21.202993971480588 -21.591960990844026 -19.80436887107379 -20.568175068300985 -19.272757321529483 -21.775273418626348 -21.23603307960471 -22.500599834673444 -22.173724565155563 -21.49040060132337 -21.802020764305784 -21.494824763725813 -22.061544216233813 -21.925850650661616 -20.691537534583073 -22.0557563145581 -21.70759933941344 -21.996549168360833 -21.56659698298339 -21.880194137590934 -21.203635733221958 -21.858110411081615
15.090180360721442 -21.588101614023465 -22.08010834087423 -21.952879429252796 -21.87226413719678 -22.05207046454417 -22.08218921221963 -21.238312002519663 -21.633802929840993 -19.86261367444222 -20.618574789223985 -19.330599261808498 -21.805539665735935 -21.271095886319834 -22.524556291735724 -22.200777284950536 -21.531046961296234 -21.832075486186714 -21.528273292812923 -22.086416226538095 -21.953732414310938 -20.73257224524914 -22.07845298140038 -21.738361528833554 -22.02306072444065 -21.584571446308015 -21.899932921442886 -21.220438922571226 -21.885516964426994
15.150300601202405 -21.620781790512762 -22.104847840354545 -21.98066590297632 -21.900605181062218 -22.073892467465406 -22.10512924821673 -21.273551241269086 -21.6755536439225 -19.92074734345991 -20.6688970791455 -19.388390423580194 -21.83573738150469 -21.306081636206823 -22.548461811657774 -22.227771592941956 -21.571603539868047 -21.86206304830923 -21.561648476473323 -22.111234500406773 -21.981552264983755 -20.773515693263107 -22.101102422280317 -21.76905946906137 -22.049515957123056 -21.602513353658598 -21.919633659573297 -21.23721309802425 -21.9128766698441
15.210420841683366 -21.6533889477728 -22.129533158157457 -22.00839001055808 -21.928892050386644 -22.095669126849238 -22.12802041323588 -21.308710261923977 -21.71721124636088 -19.978766828156104 -20.719139220044465 -19.446127222645377 -21.865865508496817 -21.340988911523024 -22.57231577107347 -22.254706641541937 -21.612068538166184 -21.891982401003172 -21.594949014655818 -22.135998353842812 -22.009309309577123 -20.81436605661116 -22.123704097901218 -21.79969203026964 -22.075914052289765 -21.620422463484644 -21.939296001910034 -21.253958088880026 -21.9401885863617
