web/models/kne/30/mosfit_kn_0.009764_0.2807_0.5000.dat
# %ECSV 1.0
# ---
# datatype:
# - {name: time, datatype: float64}
# - {name: PS1_g, datatype: float64}
# - {name: PS1_i, datatype: float64}
# - {name: PS1_r, datatype: float64}
# - {name: PS1_w, datatype: float64}
# - {name: PS1_y, datatype: float64}
# - {name: PS1_z, datatype: float64}
# - {name: swift_uvot_B, datatype: float64}
# - {name: swift_uvot_U, datatype: float64}
# - {name: swift_uvot_uvm2, datatype: float64}
# - {name: swift_uvot_uvw1, datatype: float64}
# - {name: swift_uvot_uvw2, datatype: float64}
# - {name: swift_uvot_V, datatype: float64}
# - {name: johnson_B, datatype: float64}
# - {name: johnson_I, datatype: float64}
# - {name: johnson_R, datatype: float64}
# - {name: johnson_U, datatype: float64}
# - {name: johnson_V, datatype: float64}
# - {name: sdss_g, datatype: float64}
# - {name: sdss_i, datatype: float64}
# - {name: sdss_r, datatype: float64}
# - {name: sdss_u, datatype: float64}
# - {name: sdss_z, datatype: float64}
# - {name: ATLAS_c, datatype: float64}
# - {name: ATLAS_o, datatype: float64}
# - {name: ukirt_H, datatype: float64}
# - {name: ukirt_J, datatype: float64}
# - {name: ukirt_K, datatype: float64}
# - {name: Clear, datatype: float64}
# meta: !!omap
# - comment: [kappa = 0.5, type = rprocess, mass = 0.009763877790252312, velocity = 0.2806666666666667, theta_obs = 0.0, tfloor = 1000.0]
# schema: astropy-2.0
time PS1_g PS1_i PS1_r PS1_w PS1_y PS1_z swift_uvot_B swift_uvot_U swift_uvot_uvm2 swift_uvot_uvw1 swift_uvot_uvw2 swift_uvot_V johnson_B johnson_I johnson_R johnson_U johnson_V sdss_g sdss_i sdss_r sdss_u sdss_z ATLAS_c ATLAS_o ukirt_H ukirt_J ukirt_K Clear
[from data line 439]
26.452905811623246 11.424488368423056 2.5426595552237785 6.017730333261628 4.049806521757642 -0.9805304933014725 0.437145471545648 14.964394944987543 21.623339042882463 35.51193434691164 17.588921574957013 20.101938081436675 9.384005061293859 13.760457628021353 0.9891462488018279 3.9591790155268276 20.59233786363071 8.428982726125104 12.23702846973751 2.623915507336765 6.2462189927580525 22.12444457305729 -0.13628214047635367 7.99680690300427 3.5443943783944754 -5.9295178712169685 -3.780028575727277 -7.289806551690157 1.7639124779963034
26.51302605210421 11.432511227015958 2.5506824138166806 6.025753191854513 4.057829380350544 -0.9725076347085881 0.44516833013855006 14.972417803580445 21.63136190147536 35.51995720550453 17.596944433549915 20.109960940029566 9.392027919886743 13.768480486614255 0.99716910739473 3.9672018741197297 20.600360722223606 8.437005584717989 12.245051328330394 2.631938365929667 6.254241851350955 22.132467431650184 -0.1282592818834516 8.004829761597154 3.5524172369873774 -5.921495012624084 -3.772005717134393 -7.281783693097255 1.7719353365891877
26.573146292585168 11.440524870150686 2.5586960569514083 6.03376683498924 4.065843023485272 -0.9644939915738604 0.4531819732732778 14.980431446715173 21.639375544610083 35.52797084863926 17.604958076684643 20.117974583164294 9.400041563021471 13.776494129748983 1.0051827505294577 3.9752155172544574 20.608374365358344 8.445019227852717 12.253064971465122 2.6399520090643946 6.262255494485682 22.14048107478491 -0.12024563874872385 8.0128434047319 3.560430880122105 -5.913481369489356 -3.763992073999665 -7.273770049962527 1.7799489797239154
26.63326653306613 11.44852931535814 2.566700502158845 6.041771280196695 4.073847468692708 -0.9564895463664058 0.4611864184807146 14.98843589192261 21.64737998981753 35.535975293846704 17.61296252189208 20.12597902837174 9.408046008228926 13.78449857495642 1.0131871957368945 3.9832199624618942 20.616378810565788 8.453023673060171 12.261069416672576 2.6479564542718492 6.270259939693119 22.148485519992356 -0.11224119354126927 8.020847849939337 3.5684353253295598 -5.905476924281902 -3.7559876287922105 -7.265765604755073 1.78795342493137
26.693386773547093 11.456524552585723 2.5746957393864456 6.049766517424295 4.081842705920309 -0.9484943091388054 0.46918165570831505 14.99643112915021 21.65537522704513 35.5439705310743 17.62095775911968 20.13397426559933 9.416041245456508 13.79249381218402 1.021182432964495 3.9912151996894947 20.62437404779338 8.461018910287772 12.269064653900177 2.655951691499432 6.2782551769207195 22.156480757219956 -0.1042459563136866 8.028843087166937 3.5764305625571424 -5.897481687054301 -3.74799239156461 -7.25777036752749 1.7959486621589527
26.753507014028056 11.46451059384269 2.582681780643412 6.057752558681244 4.089828747177275 -0.9405082678818566 0.4771676969652816 15.004417170407176 21.66336126830209 35.55195657233126 17.628943800376646 20.141960306856298 9.424027286713475 13.800479853440986 1.0291684742214615 3.9992012409464612 20.632360089050344 8.46900495154472 12.277050695157126 2.6639377327563984 6.286241218177686 22.164466798476916 -0.09625991505672005 8.036829128423886 3.584416603814109 -5.889495645797353 -3.7400063503076613 -7.2497843262705235 1.8039347034159192
26.81362725450902 11.472487445628907 2.590658632429612 6.065729410467462 4.097805598963475 -0.9325314160956388 0.4851445487514816 15.012394022193376 21.671338120088297 35.55993342411748 17.636920652162846 20.149937158642505 9.432004138499693 13.808456705227186 1.0371453260076615 4.007178092732661 20.640336940836555 8.476981803330938 12.285027546943343 2.671914584542616 6.294218069963886 22.172443650263123 -0.08828306327050228 8.044805980210104 3.5923934556003267 -5.881518794011135 -3.7320294985214435 -7.241807474484306 1.811911555202137
26.873747494989978 11.480455114706487 2.5986263015072097 6.0736970795450596 4.105773268041073 -0.9245637470180412 0.4931122178290792 15.020361691270974 21.679305789165895 35.56790109319507 17.644888321240444 20.157904827720106 9.43997180757729 13.816424374304784 1.0451129950852591 4.015145761810259 20.648304609914142 8.484949472408536 12.292995216020941 2.679882253620196 6.302185739041484 22.18041131934072 -0.08031539419290468 8.052773649287701 3.6003611246779066 -5.873551124933537 -3.724061829443846 -7.233839805406708 1.8198792242797346
26.93386773547094 11.488413601886407 2.6065847886871296 6.081655566724979 4.113731755220993 -0.9166052598381214 0.5010707050089991 15.028320178450894 21.687264276345815 35.57585958037499 17.652846808420364 20.165863314900026 9.44793029475721 13.824382861484704 1.053071482265179 4.023104248990179 20.65626309709406 8.492907959588456 12.300953703200861 2.6878407408001337 6.310144226221404 22.18836980652064 -0.0723569070129848 8.060732136467621 3.6083196118578265 -5.865592637753617 -3.716103342263926 -7.225881318226788 1.8278377114596545
26.993987975951903 11.496362918556482 2.6145341053572047 6.0896048833950545 4.121681071891068 -0.9086559431680463 0.5090200216790741 15.036269495120969 21.69521359301589 35.58380889704506 17.66079612509044 20.173812631570097 9.455879611427285 13.832332178154779 1.061020798935254 4.031053565660254 20.66421241376414 8.50085727625853 12.308903019870936 2.695790057470191 6.318093542891479 22.196319123190715 -0.06440759034292753 8.068681453137696 3.6162689285279015 -5.857643321083542 -3.708154025593851 -7.217932001556731 1.8357870281297295
27.054108216432866 11.504303064487296 2.6224742512880006 6.09754502932585 4.129621217821864 -0.9007157972372504 0.5169601676098701 15.044209641051765 21.703153738946686 35.59174904297587 17.668736271021253 20.181752777500893 9.463819757358081 13.840272324085575 1.0689609448660677 4.03899371159105 20.672152559694943 8.508797422189327 12.316843165801732 2.7037302034010047 6.326033688822292 22.20425926912151 -0.05646744441211382 8.076621599068492 3.624209074458715 -5.849703175152746 -3.700213879663055 -7.209991855625917 1.8437271740605254
27.11422845691383 11.512234051763919 2.6304052385646415 6.1054760166024735 4.137552205098487 -0.8927848099606273 0.524891154886511 15.052140628328406 21.71108472622332 35.59968003025249 17.676667258297876 20.189683764777516 9.471750744634704 13.848203311362216 1.0768919321426909 4.046924698867673 20.680083546971566 8.51672840946595 12.324774153078355 2.711661190677628 6.3339646760989154 22.212190256398145 -0.04853645713549071 8.084552586345115 3.6321400617353383 -5.841772187876123 -3.692282892386432 -7.202060868349294 1.8516581613371486
27.174348697394787 11.520155881913361 2.6383270687140836 6.113397846751916 4.145474035247929 -0.8848629798111851 0.5328129850359531 15.060062458477848 21.71900655637276 35.607601860401935 17.684589088447318 20.19760559492697 9.479672574784146 13.856125141511658 1.084813762292133 4.054846529017133 20.68800537712101 8.524650239615392 12.332695983227797 2.71958302082707 6.341886506248358 22.220112086547587 -0.04061462698604856 8.092474416494557 3.6400618918847805 -5.833850357726681 -3.68436106223699 -7.194139038199852 1.8595799914865907
27.23446893787575 11.52806856074072 2.6462397475414434 6.1213105255792755 4.153386714075307 -0.8769503009838253 0.5407256638633129 15.067975137305208 21.72691923520012 35.6155145392293 17.692501767274678 20.20551827375433 9.487585253611506 13.864037820339018 1.0927264411194928 4.0627592078444925 20.695918055948376 8.53256291844277 12.340608662055175 2.7274956996544297 6.349799185075717 22.228024765374947 -0.032701948158688765 8.100387095321935 3.6479745707121403 -5.825937678899304 -3.67644838340963 -7.186226359372492 1.8674926703139505
27.294589178356713 11.535972093113394 2.6541432799140985 6.129214057951948 4.161290246447962 -0.8690467686111525 0.548629196235968 15.07587866967788 21.734822767572783 35.62341807160197 17.70040529964735 20.21342180612699 9.495488785984179 13.871941352711673 1.1006299734921656 4.070662740217148 20.70382158832104 8.540466450815424 12.34851219442783 2.7353992320271026 6.35770271744839 22.23592829774761 -0.024798415786015937 8.10829062769459 3.655878103084813 -5.8180341465266485 -3.668544851036957 -7.178322826999819 1.8753962026866233
27.354709418837675 11.543866487868062 2.6620376746687846 6.137108452706617 4.169184641202648 -0.8611523738564841 0.5565235909906541 15.083773064432549 21.74271716232746 35.63131246635663 17.70829969440202 20.22131620088167 9.503383180738847 13.879835747466359 1.108524368246834 4.078557134971834 20.71171598307572 8.548360845570093 12.356406589182498 2.743293626781771 6.365597112203059 22.243822692502285 -0.016904021031347582 8.116185022449276 3.6637724978394814 -5.81013975177198 -3.660650456282289 -7.170428432245151 1.8832905974412917
27.414829659318634 11.551751751732287 2.669922938533009 6.144993716570841 4.1770699050668725 -0.8532671099922595 0.5644088548548787 15.091658328296774 21.750602426191683 35.63919773022086 17.716184958266243 20.229201464745895 9.511268444603072 13.887721011330584 1.1164096321110586 4.086442398836058 20.719601246939945 8.556246109434317 12.36429185304674 2.7511788906459955 6.373482376067283 22.25170795636651 -0.00901875716712297 8.1240702863135 3.671657761703706 -5.8022544879077556 -3.652765192418064 -7.162543168380926 1.8911758613055163
27.474949899799597 11.559627887013946 2.6777990738146684 6.152869851852518 4.184946040348532 -0.8453909747105826 0.5722849901365379 15.099534463578433 21.758478561473353 35.64707386550253 17.724061093547903 20.237077600027565 9.519144579884749 13.895597146612243 1.1242857673927178 4.0943185341177175 20.7274773822216 8.564122244715994 12.3721679883284 2.7590550259276547 6.381358511348942 22.25958409164818 -0.0011426218854637682 8.13194642159516 3.6795338969853653 -5.794378352626079 -3.6448890571363872 -7.1546670330992495 1.8990519965871933
27.53507014028056 11.56749489976427 2.685666086564975 6.160736864602825 4.192813053098838 -0.8375239619602759 0.5801520028868445 15.10740147632874 21.76634557422366 35.65494087825283 17.73192810629821 20.244944612777868 9.527011592635056 13.90346415936255 1.1321527801430245 4.102185546868024 20.735344394971918 8.571989257466301 12.380035001078706 2.766922038677979 6.389225524099249 22.267451104398486 0.006724390864860652 8.139813434345466 3.6874009097356897 -5.786511339875772 -3.6370220443860806 -7.146800020348943 1.9069190093375
27.595190380761522 11.575352806334855 2.693523993135578 6.168594771173428 4.200670959669441 -0.8296660553896729 0.5880099094574476 15.115259382899342 21.774203480794263 35.66279878482344 17.739786012868812 20.252802519348464 9.53486949920564 13.911322065933152 1.1400106867136275 4.110043453438627 20.74320230154251 8.579847164036904 12.38789290764931 2.7747799452485644 6.397083430669852 22.27530901096909 0.014582297435445923 8.14767134091607 3.695258816306275 -5.778653433305169 -3.6291641378154775 -7.1389421137783575 1.9147769159080852
27.655310621242485 11.58320160568282 2.701372792483525 6.176443570521375 4.208519759017388 -0.8218172560417258 0.5958587088053946 15.12310818224729 21.78205228014221 35.670647584171384 17.74763481221676 20.26065131869642 9.542718298553606 13.9191708652811 1.1478594860615745 4.117892252786574 20.751051100890468 8.587695963384851 12.395741706997256 2.782628744596529 6.404932230017799 22.283157810317036 0.02243109678341071 8.155520140264017 3.7031076156542397 -5.770804633957222 -3.6213153384675305 -7.131093314430393 1.92262571525605
27.715430861723444 11.591041299919063 2.7092124867197676 6.184283264757617 4.216359453253631 -0.8139775618054834 0.603698403041637 15.13094787648355 21.789891974378452 35.67848727840764 17.75547450645302 20.26849101293266 9.550557992789848 13.927010559517342 1.1556991802978347 4.125731947022817 20.75889079512671 8.595535657621094 12.403581401233499 2.7904684388327716 6.412771924254059 22.290997504553278 0.03027079101965313 8.163359834500259 3.710947309890482 -5.7629649397209795 -3.613475644231288 -7.12325362019415 1.9304654094922924
27.775551102204407 11.59887189843527 2.717043085235993 6.192113863273843 4.224190051769856 -0.8061469632892759 0.6115290015578623 15.138778474999757 21.797722572894678 35.68631787692385 17.763305104969227 20.27632161144888 9.558388591306056 13.934841158033567 1.1635297788140422 4.133562545539042 20.766721393642925 8.603366256137319 12.411411999749724 2.798299037348979 6.420602522770267 22.298828103069503 0.03810138953586062 8.171190433016484 3.7187779084066896 -5.755134341204754 -3.605645045715063 -7.115423021677943 1.9382960080084999
27.83567134268537 11.60669341265299 2.7248645994537135 6.199935377491563 4.232011565987577 -0.7983254490715375 0.619350515775583 15.146599989217478 21.8055440871124 35.69413939114157 17.771126619186948 20.2841431256666 9.566210105523794 13.942662672251288 1.1713512930317629 4.141384059756763 20.77454290786065 8.61118777035504 12.419233513967445 2.8061205515667 6.4284240369879875 22.306649617287224 0.04592290375358132 8.179011947234205 3.7265994226244104 -5.7473128269870335 -3.597823531497342 -7.107601507460222 1.9461175222262383
27.895791583166332 11.614505846535561 2.7326770333362838 6.207747811374116 4.239823999870147 -0.790513015188985 0.6271629496581532 15.154412423100048 21.813356520994958 35.70195182502414 17.778939053069518 20.29195555954917 9.574022539406347 13.950475106133858 1.1791637269143331 4.149196493639333 20.78235534174322 8.619000204237592 12.427045947850015 2.81393298544927 6.436236470870558 22.314462051169784 0.05373533763615157 8.186824381116775 3.7344118565069806 -5.739500393104481 -3.5900110976147896 -7.099789073577652 1.9539299561087908
27.955911823647295 11.622309206693231 2.740480393493936 6.215551171531786 4.247627360027799 -0.7827096550313151 0.6349663098158054 15.1622157832577 21.82115988115262 35.70975518518179 17.78674241322717 20.29975891970683 9.581825899564016 13.95827846629151 1.1869670870719853 4.156999853796985 20.79015870190088 8.626803564395262 12.434849308007667 2.82173634560694 6.44403983102821 22.322265411327447 0.061538697793821484 8.194627741274427 3.7422152166646505 -5.731697032946811 -3.5822077374571197 -7.091985713419982 1.9617333162664607
28.016032064128254 11.630103493236383 2.748274680037106 6.223345458074938 4.255421646570969 -0.7749153684881627 0.6427605963589755 15.17001006980087 21.828954167695784 35.71754947172496 17.79453669977034 20.30755320624999 9.589620186107169 13.96607275283468 1.1947613736151554 4.164794140340155 20.797952988444038 8.634597850938414 12.44264359455082 2.8295306321500924 6.45183411757138 22.33005969787061 0.06933298433697388 8.202422027817597 3.750009503207803 -5.723902746403659 -3.5744134509139673 -7.08419142687683 1.9695276028096131
28.076152304609217 11.637888725775927 2.7560599125766494 6.231130690614481 4.263206879110513 -0.7671301359486193 0.6505458288985189 15.177795302340414 21.836739400235324 35.725334704264505 17.802321932309884 20.315338438789535 9.597405418646712 13.973857985374224 1.2025466061546988 4.1725793728796985 20.805738220983585 8.642383083477958 12.45042882709038 2.8373158646896357 6.459619350110923 22.33784493041015 0.07711821687651721 8.21020726035714 3.7577947357473462 -5.716117513864115 -3.566628218374424 -7.076406194337286 1.9773128353491565
28.13627254509018 11.645664901107331 2.7638360879080537 6.2389068659459035 4.270983054441917 -0.7593539606171973 0.6583220042299232 15.185571477671818 21.84451557556674 35.73311087959591 17.810098107641288 20.32311461412094 9.605181593978116 13.981634160705628 1.210322781486103 4.180355548211103 20.813514396314986 8.65015925880938 12.458205002421785 2.84509204002104 6.467395525442328 22.345621105741564 0.0848943922079215 8.217983435688545 3.7655709110787505 -5.708341338532693 -3.558852043043002 -7.068630019005882 1.9850890106805608
