web/models/kne/30/villar_0.0035_0.1710_10.0000.dat
# %ECSV 1.0
# ---
# datatype:
# - {name: time, datatype: float64}
# - {name: swift_uvot_uvw2, datatype: float64}
# - {name: swift_uvot_uvm2, datatype: float64}
# - {name: swift_uvot_uvw1, datatype: float64}
# - {name: swift_uvot_U, datatype: float64}
# - {name: swift_uvot_B, datatype: float64}
# - {name: swift_uvot_V, datatype: float64}
# - {name: swift_uvot_W, datatype: float64}
# - {name: johnson_U, datatype: float64}
# - {name: johnson_B, datatype: float64}
# - {name: johnson_V, datatype: float64}
# - {name: johnson_R, datatype: float64}
# - {name: johnson_I, datatype: float64}
# - {name: sdss_u, datatype: float64}
# - {name: sdss_g, datatype: float64}
# - {name: sdss_r, datatype: float64}
# - {name: sdss_i, datatype: float64}
# - {name: sdss_z, datatype: float64}
# - {name: PS1_g, datatype: float64}
# - {name: PS1_r, datatype: float64}
# - {name: PS1_i, datatype: float64}
# - {name: PS1_z, datatype: float64}
# - {name: PS1_Y, datatype: float64}
# - {name: PS1_w, datatype: float64}
# - {name: ATLAS_c, datatype: float64}
# - {name: ATLAS_o, datatype: float64}
# - {name: ukirt_J, datatype: float64}
# - {name: ukirt_H, datatype: float64}
# - {name: ukirt_K, datatype: float64}
# - {name: Clear, datatype: float64}
# meta: !!omap
# - comment: [kappa = 10.0, type = villar, mass = 0.003465724215782086, velocity = 0.17100000000000004, theta_obs = 0.0]
# schema: astropy-2.0
time swift_uvot_uvw2 swift_uvot_uvm2 swift_uvot_uvw1 swift_uvot_U swift_uvot_B swift_uvot_V swift_uvot_W johnson_U johnson_B johnson_V johnson_R johnson_I sdss_u sdss_g sdss_r sdss_i sdss_z PS1_g PS1_r PS1_i PS1_z PS1_Y PS1_w ATLAS_c ATLAS_o ukirt_J ukirt_H ukirt_K Clear
[from data line 220]
0.70283 -7.116 -5.804 -7.712 -9.625 -10.946 -11.842 -10.068 -9.867 -10.974 -11.87 -12.442 -12.785 -9.79 -11.303 -12.217 -12.61 -12.821 -11.473 -12.241 -12.632 -12.812 -12.93 -12.199 -11.766 -12.411 -12.924 -12.793 -12.496 -12.176
0.724086 -7.106 -5.689 -7.638 -9.565 -10.911 -11.826 -10.04 -9.812 -10.94 -11.855 -12.442 -12.798 -9.733 -11.275 -12.21 -12.616 -12.835 -11.45 -12.235 -12.637 -12.825 -12.948 -12.195 -11.75 -12.41 -12.95 -12.827 -12.535 -12.174
0.745986 -7.097 -5.572 -7.561 -9.503 -10.874 -11.808 -10.011 -9.754 -10.904 -11.838 -12.442 -12.81 -9.673 -11.246 -12.202 -12.62 -12.848 -11.425 -12.228 -12.642 -12.837 -12.965 -12.19 -11.732 -12.409 -12.977 -12.86 -12.574 -12.172
0.768548 -7.09 -5.452 -7.483 -9.439 -10.835 -11.788 -9.98 -9.694 -10.866 -11.82 -12.44 -12.821 -9.611 -11.215 -12.193 -12.623 -12.86 -11.399 -12.219 -12.645 -12.848 -12.981 -12.184 -11.713 -12.406 -13.002 -12.893 -12.613 -12.168
0.791792 -7.084 -5.329 -7.402 -9.372 -10.794 -11.767 -9.948 -9.632 -10.826 -11.8 -12.437 -12.831 -9.546 -11.183 -12.182 -12.625 -12.872 -11.372 -12.209 -12.648 -12.858 -12.996 -12.177 -11.693 -12.402 -13.027 -12.925 -12.651 -12.164
0.815739 -7.079 -5.203 -7.32 -9.302 -10.75 -11.744 -9.914 -9.567 -10.784 -11.778 -12.432 -12.839 -9.479 -11.148 -12.169 -12.625 -12.882 -11.342 -12.198 -12.649 -12.867 -13.01 -12.168 -11.671 -12.396 -13.051 -12.956 -12.688 -12.158
0.840411 -7.075 -5.073 -7.235 -9.23 -10.705 -11.719 -9.879 -9.499 -10.739 -11.754 -12.427 -12.847 -9.409 -11.111 -12.155 -12.624 -12.891 -11.311 -12.185 -12.649 -12.875 -13.023 -12.158 -11.647 -12.389 -13.074 -12.987 -12.725 -12.151
0.865828 -7.072 -4.941 -7.147 -9.154 -10.657 -11.693 -9.842 -9.429 -10.693 -11.729 -12.419 -12.854 -9.336 -11.072 -12.14 -12.622 -12.899 -11.278 -12.17 -12.647 -12.881 -13.036 -12.146 -11.621 -12.381 -13.097 -13.018 -12.762 -12.143
0.892015 -7.07 -4.806 -7.058 -9.076 -10.607 -11.664 -9.803 -9.355 -10.644 -11.702 -12.411 -12.859 -9.26 -11.031 -12.122 -12.618 -12.906 -11.243 -12.154 -12.644 -12.887 -13.047 -12.133 -11.593 -12.371 -13.119 -13.048 -12.798 -12.134
0.918993 -7.069 -4.669 -6.966 -8.995 -10.554 -11.633 -9.763 -9.279 -10.593 -11.672 -12.4 -12.863 -9.181 -10.988 -12.103 -12.613 -12.911 -11.207 -12.136 -12.64 -12.891 -13.057 -12.119 -11.564 -12.36 -13.14 -13.077 -12.834 -12.123
0.946787 -7.068 -4.528 -6.871 -8.91 -10.499 -11.6 -9.72 -9.199 -10.539 -11.641 -12.389 -12.866 -9.099 -10.942 -12.082 -12.607 -12.916 -11.168 -12.116 -12.634 -12.894 -13.066 -12.103 -11.532 -12.347 -13.16 -13.105 -12.869 -12.111
0.975422 -7.068 -4.385 -6.774 -8.822 -10.441 -11.565 -9.676 -9.117 -10.483 -11.607 -12.375 -12.868 -9.014 -10.894 -12.059 -12.599 -12.919 -11.127 -12.094 -12.626 -12.895 -13.074 -12.085 -11.498 -12.332 -13.179 -13.133 -12.904 -12.098
1.004923 -7.069 -4.239 -6.675 -8.73 -10.38 -11.528 -9.63 -9.03 -10.423 -11.571 -12.36 -12.868 -8.925 -10.843 -12.034 -12.589 -12.92 -11.083 -12.071 -12.617 -12.895 -13.08 -12.065 -11.462 -12.316 -13.197 -13.16 -12.938 -12.083
1.035317 -7.074 -4.214 -6.658 -8.715 -10.371 -11.524 -9.624 -9.017 -10.415 -11.568 -12.361 -12.872 -8.91 -10.837 -12.033 -12.591 -12.925 -11.079 -12.07 -12.619 -12.899 -13.086 -12.065 -11.459 -12.317 -13.205 -13.17 -12.95 -12.085
1.066629 -7.079 -4.219 -6.663 -8.72 -10.376 -11.529 -9.629 -9.022 -10.42 -11.573 -12.366 -12.877 -8.915 -10.842 -12.038 -12.596 -12.93 -11.084 -12.075 -12.624 -12.904 -13.091 -12.07 -11.464 -12.322 -13.21 -13.175 -12.955 -12.09
1.098888 -7.083 -4.223 -6.667 -8.725 -10.381 -11.534 -9.634 -9.026 -10.425 -11.577 -12.37 -12.882 -8.92 -10.846 -12.042 -12.6 -12.934 -11.088 -12.079 -12.629 -12.909 -13.095 -12.075 -11.469 -12.326 -13.214 -13.18 -12.959 -12.094
1.132124 -7.087 -4.227 -6.671 -8.728 -10.384 -11.537 -9.637 -9.03 -10.428 -11.581 -12.374 -12.885 -8.923 -10.85 -12.046 -12.604 -12.938 -11.092 -12.083 -12.632 -12.912 -13.099 -12.078 -11.472 -12.33 -13.218 -13.183 -12.963 -12.098
1.166364 -7.089 -4.23 -6.674 -8.731 -10.387 -11.54 -9.64 -9.033 -10.431 -11.584 -12.377 -12.888 -8.926 -10.852 -12.049 -12.607 -12.941 -11.095 -12.086 -12.635 -12.915 -13.102 -12.081 -11.475 -12.332 -13.221 -13.186 -12.965 -12.101
1.20164 -7.092 -4.232 -6.676 -8.733 -10.39 -11.542 -9.642 -9.035 -10.433 -11.586 -12.379 -12.89 -8.929 -10.855 -12.051 -12.609 -12.943 -11.097 -12.088 -12.638 -12.917 -13.104 -12.083 -11.477 -12.335 -13.223 -13.188 -12.968 -12.103
1.237983 -7.093 -4.233 -6.678 -8.735 -10.391 -11.544 -9.644 -9.036 -10.435 -11.587 -12.38 -12.892 -8.93 -10.856 -12.052 -12.61 -12.944 -11.098 -12.09 -12.639 -12.919 -13.105 -12.085 -11.479 -12.336 -13.224 -13.19 -12.969 -12.104
1.275425 -7.094 -4.234 -6.678 -8.735 -10.391 -11.544 -9.644 -9.037 -10.435 -11.588 -12.381 -12.892 -8.93 -10.857 -12.053 -12.611 -12.945 -11.099 -12.09 -12.639 -12.919 -13.106 -12.085 -11.479 -12.336 -13.225 -13.19 -12.969 -12.105
1.313999 -7.093 -4.233 -6.678 -8.735 -10.391 -11.544 -9.644 -9.036 -10.435 -11.588 -12.38 -12.892 -8.93 -10.856 -12.052 -12.61 -12.944 -11.098 -12.09 -12.639 -12.919 -13.105 -12.085 -11.479 -12.336 -13.224 -13.19 -12.969 -12.104
1.35374 -7.092 -4.232 -6.676 -8.734 -10.39 -11.542 -9.643 -9.035 -10.433 -11.586 -12.379 -12.89 -8.929 -10.855 -12.051 -12.609 -12.943 -11.097 -12.088 -12.638 -12.918 -13.104 -12.084 -11.477 -12.335 -13.223 -13.188 -12.968 -12.103
1.394683 -7.09 -4.23 -6.674 -8.731 -10.387 -11.54 -9.64 -9.033 -10.431 -11.584 -12.377 -12.888 -8.926 -10.853 -12.049 -12.607 -12.941 -11.095 -12.086 -12.635 -12.915 -13.102 -12.081 -11.475 -12.332 -13.221 -13.186 -12.965 -12.101
1.436864 -7.086 -4.226 -6.671 -8.728 -10.384 -11.537 -9.637 -9.029 -10.428 -11.581 -12.373 -12.885 -8.923 -10.849 -12.045 -12.603 -12.938 -11.091 -12.083 -12.632 -12.912 -13.098 -12.078 -11.472 -12.329 -13.217 -13.183 -12.962 -12.097
1.480321 -7.082 -4.222 -6.666 -8.724 -10.38 -11.532 -9.633 -9.025 -10.423 -11.576 -12.369 -12.88 -8.919 -10.845 -12.041 -12.599 -12.933 -11.087 -12.078 -12.628 -12.908 -13.094 -12.074 -11.467 -12.325 -13.213 -13.178 -12.958 -12.093
1.525092 -7.076 -4.216 -6.661 -8.718 -10.374 -11.527 -9.627 -9.019 -10.418 -11.571 -12.363 -12.875 -8.913 -10.839 -12.035 -12.593 -12.928 -11.081 -12.073 -12.622 -12.902 -13.088 -12.068 -11.462 -12.319 -13.207 -13.173 -12.952 -12.087
1.571218 -7.069 -4.209 -6.654 -8.711 -10.367 -11.52 -9.62 -9.013 -10.411 -11.564 -12.357 -12.868 -8.906 -10.832 -12.029 -12.587 -12.921 -11.075 -12.066 -12.615 -12.895 -13.082 -12.061 -11.455 -12.312 -13.201 -13.166 -12.945 -12.08
1.618738 -7.061 -4.201 -6.646 -8.703 -10.359 -11.512 -9.612 -9.004 -10.403 -11.556 -12.349 -12.86 -8.898 -10.824 -12.021 -12.579 -12.913 -11.066 -12.058 -12.607 -12.887 -13.074 -12.053 -11.447 -12.304 -13.193 -13.158 -12.937 -12.072
1.667696 -7.052 -4.192 -6.637 -8.694 -10.35 -11.503 -9.603 -8.995 -10.394 -11.546 -12.339 -12.851 -8.889 -10.815 -12.011 -12.569 -12.903 -11.057 -12.049 -12.598 -12.878 -13.064 -12.044 -11.438 -12.295 -13.183 -13.149 -12.928 -12.063
1.718134 -7.041 -4.181 -6.626 -8.683 -10.339 -11.492 -9.592 -8.984 -10.383 -11.536 -12.328 -12.84 -8.878 -10.804 -12.0 -12.558 -12.893 -11.046 -12.038 -12.587 -12.867 -13.053 -12.033 -11.427 -12.284 -13.172 -13.138 -12.917 -12.052
1.770098 -7.029 -4.169 -6.613 -8.671 -10.327 -11.48 -9.58 -8.972 -10.371 -11.523 -12.316 -12.828 -8.866 -10.792 -11.988 -12.546 -12.88 -11.034 -12.025 -12.575 -12.855 -13.041 -12.021 -11.415 -12.272 -13.16 -13.126 -12.905 -12.04
1.823633 -7.015 -4.155 -6.6 -8.657 -10.313 -11.466 -9.566 -8.958 -10.357 -11.509 -12.302 -12.814 -8.852 -10.778 -11.974 -12.532 -12.866 -11.02 -12.012 -12.561 -12.841 -13.027 -12.007 -11.401 -12.258 -13.146 -13.112 -12.891 -12.026
1.878788 -7.0 -4.14 -6.584 -8.641 -10.297 -11.45 -9.55 -8.943 -10.341 -11.494 -12.287 -12.798 -8.836 -10.763 -11.959 -12.517 -12.851 -11.005 -11.996 -12.545 -12.825 -13.012 -11.991 -11.385 -12.243 -13.131 -13.096 -12.876 -12.011
1.93561 -6.982 -4.122 -6.567 -8.624 -10.28 -11.433 -9.533 -8.925 -10.324 -11.477 -12.269 -12.781 -8.819 -10.745 -11.941 -12.5 -12.834 -10.987 -11.979 -12.528 -12.808 -12.994 -11.974 -11.368 -12.225 -13.113 -13.079 -12.858 -11.993
1.994152 -6.963 -4.103 -6.548 -8.605 -10.261 -11.414 -9.514 -8.906 -10.305 -11.458 -12.25 -12.762 -8.8 -10.726 -11.922 -12.48 -12.815 -10.968 -11.96 -12.509 -12.789 -12.975 -11.955 -11.349 -12.206 -13.094 -13.06 -12.839 -11.974
2.054463 -6.942 -4.082 -6.527 -8.584 -10.24 -11.393 -9.493 -8.885 -10.284 -11.436 -12.229 -12.741 -8.779 -10.705 -11.901 -12.459 -12.793 -10.947 -11.939 -12.488 -12.768 -12.954 -11.934 -11.328 -12.185 -13.073 -13.039 -12.818 -11.953
2.116599 -6.919 -4.059 -6.503 -8.561 -10.217 -11.37 -9.47 -8.862 -10.261 -11.413 -12.206 -12.718 -8.756 -10.682 -11.878 -12.436 -12.77 -10.924 -11.915 -12.465 -12.745 -12.931 -11.911 -11.305 -12.162 -13.05 -13.016 -12.795 -11.93
2.180614 -6.894 -4.034 -6.478 -8.535 -10.191 -11.344 -9.444 -8.837 -10.235 -11.388 -12.181 -12.692 -8.73 -10.657 -11.853 -12.411 -12.745 -10.899 -11.89 -12.439 -12.719 -12.906 -11.885 -11.279 -12.137 -13.025 -12.99 -12.77 -11.905
2.246566 -6.866 -4.006 -6.451 -8.508 -10.164 -11.317 -9.417 -8.809 -10.208 -11.36 -12.153 -12.665 -8.703 -10.629 -11.825 -12.383 -12.717 -10.871 -11.863 -12.412 -12.692 -12.878 -11.858 -11.252 -12.109 -12.997 -12.963 -12.742 -11.877
2.314511 -6.836 -3.976 -6.42 -8.478 -10.134 -11.287 -9.387 -8.779 -10.178 -11.33 -12.123 -12.635 -8.673 -10.599 -11.795 -12.353 -12.687 -10.841 -11.832 -12.382 -12.662 -12.848 -11.828 -11.222 -12.079 -12.967 -12.933 -12.712 -11.847
2.384512 -6.803 -3.943 -6.388 -8.445 -10.101 -11.254 -9.354 -8.746 -10.145 -11.298 -12.09 -12.602 -8.64 -10.566 -11.762 -12.32 -12.655 -10.808 -11.8 -12.349 -12.629 -12.815 -11.795 -11.189 -12.046 -12.934 -12.9 -12.679 -11.814
2.45663 -6.768 -3.908 -6.352 -8.41 -10.066 -11.218 -9.319 -8.711 -10.11 -11.262 -12.055 -12.567 -8.605 -10.531 -11.727 -12.285 -12.619 -10.773 -11.764 -12.314 -12.594 -12.78 -11.76 -11.154 -12.011 -12.899 -12.865 -12.644 -11.779
2.530929 -6.73 -3.87 -6.314 -8.371 -10.028 -11.18 -9.28 -8.673 -10.071 -11.224 -12.017 -12.528 -8.567 -10.493 -11.689 -12.247 -12.581 -10.735 -11.726 -12.276 -12.555 -12.742 -11.721 -11.115 -11.973 -12.861 -12.826 -12.606 -11.741
2.607475 -6.688 -3.828 -6.273 -8.33 -9.986 -11.139 -9.239 -8.631 -10.03 -11.183 -11.975 -12.487 -8.525 -10.451 -11.647 -12.206 -12.54 -10.693 -11.685 -12.234 -12.514 -12.701 -11.68 -11.074 -11.931 -12.82 -12.785 -12.564 -11.699
2.686337 -6.644 -3.784 -6.228 -8.286 -9.942 -11.095 -9.195 -8.587 -9.986 -11.138 -11.931 -12.443 -8.481 -10.407 -11.603 -12.161 -12.495 -10.649 -11.64 -12.19 -12.47 -12.656 -11.636 -11.03 -11.887 -12.775 -12.741 -12.52 -11.655
2.767583 -6.596 -3.736 -6.181 -8.238 -9.894 -11.047 -9.147 -8.539 -9.938 -11.09 -11.883 -12.395 -8.433 -10.359 -11.555 -12.113 -12.447 -10.601 -11.593 -12.142 -12.422 -12.608 -11.588 -10.982 -11.839 -12.727 -12.693 -12.472 -11.607
2.851287 -6.545 -3.685 -6.129 -8.186 -9.842 -10.995 -9.095 -8.488 -9.886 -11.039 -11.832 -12.343 -8.381 -10.308 -11.504 -12.062 -12.396 -10.55 -11.541 -12.09 -12.37 -12.557 -11.536 -10.93 -11.788 -12.676 -12.641 -12.421 -11.556
2.937522 -6.489 -3.629 -6.074 -8.131 -9.787 -10.94 -9.04 -8.432 -9.831 -10.984 -11.776 -12.288 -8.326 -10.252 -11.448 -12.007 -12.341 -10.494 -11.486 -12.035 -12.315 -12.502 -11.481 -10.875 -11.732 -12.621 -12.586 -12.365 -11.5
3.026365 -6.43 -3.57 -6.015 -8.072 -9.728 -10.881 -8.981 -8.373 -9.772 -10.925 -11.717 -12.229 -8.267 -10.193 -11.389 -11.947 -12.281 -10.435 -11.427 -11.976 -12.256 -12.442 -11.422 -10.816 -11.673 -12.561 -12.527 -12.306 -11.441
3.117896 -6.367 -3.507 -5.951 -8.008 -9.664 -10.817 -8.917 -8.31 -9.708 -10.861 -11.654 -12.165 -8.204 -10.13 -11.326 -11.884 -12.218 -10.372 -11.363 -11.913 -12.192 -12.379 -11.358 -10.752 -11.61 -12.498 -12.463 -12.243 -11.378
3.212194 -6.299 -3.439 -5.883 -7.94 -9.597 -10.749 -8.849 -8.242 -9.64 -10.793 -11.586 -12.097 -8.136 -10.062 -11.258 -11.816 -12.15 -10.304 -11.295 -11.845 -12.124 -12.311 -11.29 -10.684 -11.542 -12.43 -12.395 -12.175 -11.31
3.309345 -6.226 -3.366 -5.811 -7.868 -9.524 -10.677 -8.777 -8.169 -9.568 -10.72 -11.513 -12.025 -8.063 -9.989 -11.185 -11.743 -12.077 -10.231 -11.223 -11.772 -12.052 -12.238 -11.218 -10.612 -11.469 -12.357 -12.323 -12.102 -11.237
3.409434 -6.148 -3.288 -5.733 -7.79 -9.446 -10.599 -8.699 -8.091 -9.49 -10.643 -11.435 -11.947 -7.985 -9.911 -11.107 -11.666 -12.0 -10.153 -11.145 -11.694 -11.974 -12.161 -11.14 -10.534 -11.391 -12.28 -12.245 -12.024 -11.159
3.51255 -6.065 -3.205 -5.65 -7.707 -9.363 -10.516 -8.616 -8.008 -9.407 -10.56 -11.352 -11.864 -7.902 -9.828 -11.024 -11.583 -11.917 -10.07 -11.062 -11.611 -11.891 -12.078 -11.057 -10.451 -11.308 -12.197 -12.162 -11.941 -11.076
3.618785 -5.977 -3.117 -5.561 -7.619 -9.275 -10.427 -8.528 -7.92 -9.318 -10.471 -11.264 -11.776 -7.814 -9.74 -10.936 -11.494 -11.828 -9.982 -10.973 -11.523 -11.803 -11.989 -10.969 -10.363 -11.22 -12.108 -12.074 -11.853 -10.988
3.728232 -5.882 -3.022 -5.467 -7.524 -9.18 -10.333 -8.433 -7.826 -9.224 -10.377 -11.17 -11.681 -7.719 -9.645 -10.842 -11.4 -11.734 -9.888 -10.879 -11.428 -11.708 -11.895 -10.874 -10.268 -11.125 -12.014 -11.979 -11.758 -10.893
3.84099 -5.782 -2.922 -5.366 -7.424 -9.08 -10.232 -8.333 -7.725 -9.123 -10.276 -11.069 -11.58 -7.619 -9.545 -10.741 -11.299 -11.633 -9.787 -10.778 -11.328 -11.608 -11.794 -10.774 -10.167 -11.025 -11.913 -11.878 -11.658 -10.793
3.957158 -5.674 -2.815 -5.259 -7.316 -8.972 -10.125 -8.225 -7.618 -9.016 -10.169 -10.962 -11.473 -7.511 -9.437 -10.634 -11.192 -11.526 -9.68 -10.671 -11.22 -11.5 -11.687 -10.666 -10.06 -10.917 -11.806 -11.771 -11.55 -10.686
4.07684 -5.56 -2.7 -5.145 -7.202 -8.858 -10.011 -8.111 -7.503 -8.902 -10.055 -10.847 -11.359 -7.397 -9.323 -10.519 -11.077 -11.412 -9.565 -10.557 -11.106 -11.386 -11.572 -10.552 -9.946 -10.803 -11.691 -11.657 -11.436 -10.571
4.200141 -5.439 -2.579 -5.023 -7.08 -8.737 -9.889 -7.989 -7.382 -8.78 -9.933 -10.726 -11.237 -7.276 -9.202 -10.398 -10.956 -11.29 -9.444 -10.435 -10.985 -11.264 -11.451 -10.43 -9.824 -10.682 -11.57 -11.535 -11.315 -10.45
4.327172 -5.309 -2.449 -4.894 -6.951 -8.607 -9.76 -7.86 -7.252 -8.651 -9.804 -10.596 -11.108 -7.146 -9.072 -10.268 -10.826 -11.161 -9.314 -10.306 -10.855 -11.135 -11.321 -10.301 -9.695 -10.552 -11.44 -11.406 -11.185 -10.32
4.458044 -5.172 -2.312 -4.756 -6.813 -8.469 -9.622 -7.722 -7.115 -8.513 -9.666 -10.459 -10.97 -7.008 -8.935 -10.131 -10.689 -11.023 -9.177 -10.168 -10.717 -10.997 -11.184 -10.163 -9.557 -10.415 -11.303 -11.268 -11.048 -10.183
4.592874 -5.025 -2.165 -4.61 -6.667 -8.323 -9.476 -7.576 -6.968 -8.367 -9.52 -10.312 -10.824 -6.862 -8.788 -9.984 -10.542 -10.876 -9.03 -10.022 -10.571 -10.851 -11.037 -10.017 -9.411 -10.268 -11.156 -11.122 -10.901 -10.036
4.731783 -4.869 -2.01 -4.454 -6.511 -8.167 -9.32 -7.42 -6.813 -8.211 -9.364 -10.157 -10.668 -6.706 -8.632 -9.829 -10.387 -10.721 -8.875 -9.866 -10.415 -10.695 -10.882 -9.861 -9.255 -10.112 -11.001 -10.966 -10.745 -9.881
4.874892 -4.704 -1.844 -4.289 -6.346 -8.002 -9.155 -7.255 -6.647 -8.046 -9.198 -9.991 -10.503 -6.541 -8.467 -9.663 -10.221 -10.555 -8.709 -9.701 -10.25 -10.53 -10.716 -9.696 -9.09 -9.947 -10.835 -10.801 -10.58 -9.715
5.02233 -4.528 -1.668 -4.113 -6.17 -7.826 -8.979 -7.079 -6.471 -7.87 -9.023 -9.815 -10.327 -6.365 -8.291 -9.487 -10.045 -10.38 -8.533 -9.525 -10.074 -10.354 -10.54 -9.52 -8.914 -9.771 -10.659 -10.625 -10.404 -9.539
5.174227 -4.341 -1.481 -3.926 -5.983 -7.639 -8.792 -6.892 -6.284 -7.683 -8.836 -9.628 -10.14 -6.178 -8.104 -9.3 -9.859 -10.193 -8.346 -9.338 -9.887 -10.167 -10.354 -9.333 -8.727 -9.584 -10.473 -10.438 -10.217 -9.352
5.330718 -4.143 -1.283 -3.727 -5.785 -7.441 -8.594 -6.694 -6.086 -7.485 -8.637 -9.43 -9.942 -5.98 -7.906 -9.102 -9.66 -9.994 -8.148 -9.139 -9.689 -9.969 -10.155 -9.135 -8.529 -9.386 -10.274 -10.24 -10.019 -9.154
