web/models/kne/30/villar_0.0338_0.2650_1.0000.dat
# %ECSV 1.0
# ---
# datatype:
# - {name: time, datatype: float64}
# - {name: swift_uvot_uvw2, datatype: float64}
# - {name: swift_uvot_uvm2, datatype: float64}
# - {name: swift_uvot_uvw1, datatype: float64}
# - {name: swift_uvot_U, datatype: float64}
# - {name: swift_uvot_B, datatype: float64}
# - {name: swift_uvot_V, datatype: float64}
# - {name: swift_uvot_W, datatype: float64}
# - {name: johnson_U, datatype: float64}
# - {name: johnson_B, datatype: float64}
# - {name: johnson_V, datatype: float64}
# - {name: johnson_R, datatype: float64}
# - {name: johnson_I, datatype: float64}
# - {name: sdss_u, datatype: float64}
# - {name: sdss_g, datatype: float64}
# - {name: sdss_r, datatype: float64}
# - {name: sdss_i, datatype: float64}
# - {name: sdss_z, datatype: float64}
# - {name: PS1_g, datatype: float64}
# - {name: PS1_r, datatype: float64}
# - {name: PS1_i, datatype: float64}
# - {name: PS1_z, datatype: float64}
# - {name: PS1_Y, datatype: float64}
# - {name: PS1_w, datatype: float64}
# - {name: ATLAS_c, datatype: float64}
# - {name: ATLAS_o, datatype: float64}
# - {name: ukirt_J, datatype: float64}
# - {name: ukirt_H, datatype: float64}
# - {name: ukirt_K, datatype: float64}
# - {name: Clear, datatype: float64}
# meta: !!omap
# - comment: [kappa = 1.0, type = villar, mass = 0.03383890769761434, velocity = 0.265, theta_obs = 0.0]
# schema: astropy-2.0
time swift_uvot_uvw2 swift_uvot_uvm2 swift_uvot_uvw1 swift_uvot_U swift_uvot_B swift_uvot_V swift_uvot_W johnson_U johnson_B johnson_V johnson_R johnson_I sdss_u sdss_g sdss_r sdss_i sdss_z PS1_g PS1_r PS1_i PS1_z PS1_Y PS1_w ATLAS_c ATLAS_o ukirt_J ukirt_H ukirt_K Clear
[from data line 357]
41.654454 325.96 331.175 354.41 364.976 353.148 345.159 328.228 362.933 350.862 343.111 334.754 329.767 364.247 349.093 340.245 334.725 330.26 324.694 324.899 324.877 324.462 322.716 335.963 342.515 335.698 324.533 321.032 318.407 322.93
42.914265 346.434 351.649 374.884 385.45 373.622 365.633 348.702 383.407 371.336 363.585 355.228 350.241 384.721 369.567 360.719 355.199 350.734 345.168 345.373 345.351 344.936 343.19 356.437 362.989 356.172 345.007 341.506 338.881 343.404
44.212178 368.165 373.381 396.615 407.182 395.353 387.365 370.433 405.138 393.067 385.316 376.959 371.972 406.452 391.298 382.45 376.93 372.465 366.899 367.104 367.083 366.667 364.921 378.168 384.72 377.903 366.738 363.238 360.612 365.136
45.549345 391.231 396.446 419.681 430.247 418.419 410.43 393.499 428.204 416.133 408.382 400.025 395.038 429.518 414.364 405.516 399.996 395.53 389.965 390.17 390.148 389.733 387.987 401.234 407.785 400.969 389.804 386.303 383.677 388.201
46.926954 415.712 420.928 444.163 454.729 442.9 434.912 417.981 452.686 440.615 432.863 424.507 419.52 454.0 438.845 429.998 424.478 420.012 414.447 414.652 414.63 414.215 412.469 425.716 432.267 425.451 414.286 410.785 408.159 412.683
48.346227 441.698 446.913 470.148 480.714 468.886 460.897 443.966 478.671 466.6 458.849 450.492 445.505 479.985 464.831 455.983 450.463 445.997 440.432 440.637 440.615 440.2 438.454 451.701 458.253 451.436 440.271 436.77 434.144 438.668
49.808426 469.278 474.494 497.729 508.295 496.466 488.478 471.547 506.252 494.181 486.429 478.073 473.086 507.566 492.411 483.564 478.044 473.578 468.013 468.217 468.196 467.781 466.035 479.282 485.833 479.016 467.852 464.351 461.725 466.249
51.314848 498.553 503.768 527.003 537.569 525.741 517.752 500.821 535.526 523.455 515.704 507.347 502.36 536.84 521.686 512.838 507.318 502.852 497.287 497.492 497.47 497.055 495.309 508.556 515.108 508.291 497.126 493.625 490.999 495.523
52.86683 529.624 534.84 558.075 568.641 556.812 548.824 531.893 566.598 554.527 546.775 538.419 533.432 567.912 552.757 543.91 538.39 533.924 528.359 528.564 528.542 528.127 526.381 539.628 546.179 539.363 528.198 524.697 522.071 526.595
54.465752 562.604 567.82 591.055 601.621 589.792 581.804 564.873 599.578 587.506 579.755 571.399 566.412 600.892 585.737 576.889 571.37 566.904 561.339 561.543 561.522 561.107 559.361 572.608 579.159 572.342 561.178 557.677 555.051 559.575
56.113031 597.609 602.825 626.06 636.626 624.797 616.809 599.877 634.582 622.511 614.76 606.403 601.417 635.896 620.742 611.894 606.374 601.909 596.343 596.548 596.527 596.111 594.365 607.612 614.164 607.347 596.182 592.682 590.056 594.58
57.810132 634.763 639.979 663.214 673.78 661.951 653.963 637.032 671.737 659.665 651.914 643.558 638.571 673.051 657.896 649.048 643.529 639.063 633.498 633.702 633.681 633.266 631.52 644.767 651.318 644.501 633.337 629.836 627.21 631.734
59.55856 674.199 679.414 702.649 713.215 701.387 693.399 676.467 711.172 699.101 691.35 682.993 678.006 712.486 697.332 688.484 682.964 678.499 672.933 673.138 673.116 672.701 670.955 684.202 690.754 683.937 672.772 669.272 666.646 671.169
61.359868 716.056 721.272 744.506 755.073 743.244 735.256 718.324 753.029 740.958 733.207 724.85 719.863 754.343 739.189 730.341 724.821 720.356 714.79 714.995 714.974 714.558 712.812 726.059 732.611 725.794 714.629 711.129 708.503 713.026
63.215655 760.483 765.699 788.935 nan 787.712 779.683 762.752 nan 785.39 777.634 769.278 764.291 nan 783.617 774.768 769.249 764.783 759.218 759.422 759.401 758.986 757.24 770.487 777.038 770.221 759.057 755.556 752.93 757.454
65.127569 nan nan nan nan nan nan nan nan nan nan nan nan nan nan nan nan nan nan nan nan nan nan nan nan nan nan nan nan nan
67.097308 nan nan nan nan nan nan nan nan nan nan nan nan nan nan nan nan nan nan nan nan nan nan nan nan nan nan nan nan nan
69.126621 nan nan nan nan nan nan nan nan nan nan nan nan nan nan nan nan nan nan nan nan nan nan nan nan nan nan nan nan nan
71.217308 nan nan nan nan nan nan nan nan nan nan nan nan nan nan nan nan nan nan nan nan nan nan nan nan nan nan nan nan nan
73.371227 nan nan nan nan nan nan nan nan nan nan nan nan nan nan nan nan nan nan nan nan nan nan nan nan nan nan nan nan nan
75.59029 nan nan nan nan nan nan nan nan nan nan nan nan nan nan nan nan nan nan nan nan nan nan nan nan nan nan nan nan nan
77.876467 nan nan nan nan nan nan nan nan nan nan nan nan nan nan nan nan nan nan nan nan nan nan nan nan nan nan nan nan nan
80.231787 nan nan nan nan nan nan nan nan nan nan nan nan nan nan nan nan nan nan nan nan nan nan nan nan nan nan nan nan nan
82.658343 nan nan nan nan nan nan nan nan nan nan nan nan nan nan nan nan nan nan nan nan nan nan nan nan nan nan nan nan nan
85.158288 nan nan nan nan nan nan nan nan nan nan nan nan nan nan nan nan nan nan nan nan nan nan nan nan nan nan nan nan nan
87.733843 nan nan nan nan nan nan nan nan nan nan nan nan nan nan nan nan nan nan nan nan nan nan nan nan nan nan nan nan nan
90.387293 nan nan nan nan nan nan nan nan nan nan nan nan nan nan nan nan nan nan nan nan nan nan nan nan nan nan nan nan nan
93.120995 nan nan nan nan nan nan nan nan nan nan nan nan nan nan nan nan nan nan nan nan nan nan nan nan nan nan nan nan nan
95.937376 nan nan nan nan nan nan nan nan nan nan nan nan nan nan nan nan nan nan nan nan nan nan nan nan nan nan nan nan nan
98.838937 nan nan nan nan nan nan nan nan nan nan nan nan nan nan nan nan nan nan nan nan nan nan nan nan nan nan nan nan nan
101.828253 nan nan nan nan nan nan nan nan nan nan nan nan nan nan nan nan nan nan nan nan nan nan nan nan nan nan nan nan nan
104.907979 nan nan nan nan nan nan nan nan nan nan nan nan nan nan nan nan nan nan nan nan nan nan nan nan nan nan nan nan nan
108.080849 nan nan nan nan nan nan nan nan nan nan nan nan nan nan nan nan nan nan nan nan nan nan nan nan nan nan nan nan nan
111.349681 nan nan nan nan nan nan nan nan nan nan nan nan nan nan nan nan nan nan nan nan nan nan nan nan nan nan nan nan nan
114.717376 nan nan nan nan nan nan nan nan nan nan nan nan nan nan nan nan nan nan nan nan nan nan nan nan nan nan nan nan nan
118.186925 nan nan nan nan nan nan nan nan nan nan nan nan nan nan nan nan nan nan nan nan nan nan nan nan nan nan nan nan nan
121.761408 nan nan nan nan nan nan nan nan nan nan nan nan nan nan nan nan nan nan nan nan nan nan nan nan nan nan nan nan nan
125.443999 nan nan nan nan nan nan nan nan nan nan nan nan nan nan nan nan nan nan nan nan nan nan nan nan nan nan nan nan nan
129.237967 nan nan nan nan nan nan nan nan nan nan nan nan nan nan nan nan nan nan nan nan nan nan nan nan nan nan nan nan nan
133.146681 nan nan nan nan nan nan nan nan nan nan nan nan nan nan nan nan nan nan nan nan nan nan nan nan nan nan nan nan nan
137.173612 nan nan nan nan nan nan nan nan nan nan nan nan nan nan nan nan nan nan nan nan nan nan nan nan nan nan nan nan nan
141.322334 nan nan nan nan nan nan nan nan nan nan nan nan nan nan nan nan nan nan nan nan nan nan nan nan nan nan nan nan nan
145.596532 nan nan nan nan nan nan nan nan nan nan nan nan nan nan nan nan nan nan nan nan nan nan nan nan nan nan nan nan nan
150.0 nan nan nan nan nan nan nan nan nan nan nan nan nan nan nan nan nan nan nan nan nan nan nan nan nan nan nan nan nan
