web/models/kne/30/villar_0.0120_0.3120_10.0000.dat
# %ECSV 1.0
# ---
# datatype:
# - {name: time, datatype: float64}
# - {name: swift_uvot_uvw2, datatype: float64}
# - {name: swift_uvot_uvm2, datatype: float64}
# - {name: swift_uvot_uvw1, datatype: float64}
# - {name: swift_uvot_U, datatype: float64}
# - {name: swift_uvot_B, datatype: float64}
# - {name: swift_uvot_V, datatype: float64}
# - {name: swift_uvot_W, datatype: float64}
# - {name: johnson_U, datatype: float64}
# - {name: johnson_B, datatype: float64}
# - {name: johnson_V, datatype: float64}
# - {name: johnson_R, datatype: float64}
# - {name: johnson_I, datatype: float64}
# - {name: sdss_u, datatype: float64}
# - {name: sdss_g, datatype: float64}
# - {name: sdss_r, datatype: float64}
# - {name: sdss_i, datatype: float64}
# - {name: sdss_z, datatype: float64}
# - {name: PS1_g, datatype: float64}
# - {name: PS1_r, datatype: float64}
# - {name: PS1_i, datatype: float64}
# - {name: PS1_z, datatype: float64}
# - {name: PS1_Y, datatype: float64}
# - {name: PS1_w, datatype: float64}
# - {name: ATLAS_c, datatype: float64}
# - {name: ATLAS_o, datatype: float64}
# - {name: ukirt_J, datatype: float64}
# - {name: ukirt_H, datatype: float64}
# - {name: ukirt_K, datatype: float64}
# - {name: Clear, datatype: float64}
# meta: !!omap
# - comment: [kappa = 10.0, type = villar, mass = 0.012011244339858356, velocity = 0.312, theta_obs = 0.0]
# schema: astropy-2.0
time swift_uvot_uvw2 swift_uvot_uvm2 swift_uvot_uvw1 swift_uvot_U swift_uvot_B swift_uvot_V swift_uvot_W johnson_U johnson_B johnson_V johnson_R johnson_I sdss_u sdss_g sdss_r sdss_i sdss_z PS1_g PS1_r PS1_i PS1_z PS1_Y PS1_w ATLAS_c ATLAS_o ukirt_J ukirt_H ukirt_K Clear
[from data line 148]
0.082253 -9.628 -10.013 -10.552 -11.377 -11.701 -11.83 -11.018 -11.443 -11.702 -11.829 -11.796 -11.656 -11.431 -11.758 -11.832 -11.762 -11.633 -11.788 -11.839 -11.77 -11.677 -11.625 -11.792 -11.802 -11.802 -11.257 -10.871 -10.372 -11.775
0.084741 -9.615 -10.002 -10.551 -11.391 -11.725 -11.861 -11.033 -11.459 -11.725 -11.86 -11.833 -11.697 -11.447 -11.784 -11.866 -11.801 -11.675 -11.816 -11.874 -11.808 -11.718 -11.667 -11.825 -11.832 -11.838 -11.303 -10.919 -10.422 -11.808
0.087304 -9.601 -9.99 -10.55 -11.405 -11.748 -11.892 -11.048 -11.474 -11.749 -11.89 -11.869 -11.737 -11.461 -11.81 -11.9 -11.839 -11.716 -11.843 -11.908 -11.847 -11.759 -11.709 -11.859 -11.862 -11.874 -11.348 -10.967 -10.471 -11.84
0.089944 -9.587 -9.977 -10.549 -11.418 -11.771 -11.922 -11.062 -11.489 -11.772 -11.921 -11.905 -11.778 -11.476 -11.836 -11.934 -11.877 -11.757 -11.869 -11.941 -11.885 -11.799 -11.751 -11.892 -11.891 -11.909 -11.394 -11.015 -10.521 -11.872
0.092665 -9.572 -9.963 -10.546 -11.43 -11.793 -11.952 -11.076 -11.503 -11.794 -11.951 -11.941 -11.818 -11.489 -11.861 -11.967 -11.915 -11.798 -11.896 -11.975 -11.922 -11.84 -11.792 -11.924 -11.92 -11.945 -11.439 -11.062 -10.57 -11.904
0.095467 -9.556 -9.949 -10.543 -11.442 -11.815 -11.981 -11.09 -11.517 -11.816 -11.981 -11.976 -11.858 -11.502 -11.886 -12.0 -11.952 -11.839 -11.922 -12.008 -11.96 -11.88 -11.834 -11.957 -11.948 -11.98 -11.484 -11.11 -10.62 -11.936
0.098355 -9.54 -9.933 -10.54 -11.453 -11.836 -12.011 -11.104 -11.53 -11.838 -12.01 -12.011 -11.898 -11.515 -11.91 -12.033 -11.989 -11.879 -11.947 -12.041 -11.997 -11.92 -11.875 -11.989 -11.977 -12.015 -11.529 -11.157 -10.669 -11.967
0.101329 -9.523 -9.917 -10.535 -11.464 -11.857 -12.04 -11.117 -11.542 -11.859 -12.039 -12.046 -11.938 -11.527 -11.934 -12.066 -12.027 -11.919 -11.972 -12.074 -12.035 -11.959 -11.916 -12.021 -12.005 -12.049 -11.574 -11.205 -10.718 -11.998
0.104394 -9.505 -9.9 -10.53 -11.474 -11.878 -12.068 -11.129 -11.554 -11.88 -12.068 -12.081 -11.977 -11.539 -11.957 -12.098 -12.063 -11.96 -11.997 -12.106 -12.071 -11.999 -11.957 -12.052 -12.032 -12.083 -11.619 -11.252 -10.768 -12.029
0.107551 -9.487 -9.882 -10.525 -11.484 -11.898 -12.096 -11.142 -11.566 -11.9 -12.096 -12.115 -12.016 -11.549 -11.981 -12.13 -12.1 -12.0 -12.021 -12.138 -12.108 -12.038 -11.998 -12.083 -12.059 -12.117 -11.664 -11.299 -10.817 -12.059
0.110804 -9.468 -9.863 -10.518 -11.493 -11.918 -12.124 -11.154 -11.576 -11.92 -12.125 -12.149 -12.056 -11.56 -12.003 -12.161 -12.136 -12.039 -12.045 -12.169 -12.144 -12.077 -12.039 -12.114 -12.086 -12.151 -11.708 -11.346 -10.866 -12.089
0.114155 -9.449 -9.843 -10.511 -11.501 -11.937 -12.152 -11.165 -11.587 -11.939 -12.152 -12.183 -12.094 -11.569 -12.025 -12.193 -12.172 -12.079 -12.069 -12.201 -12.181 -12.116 -12.079 -12.145 -12.112 -12.184 -11.752 -11.393 -10.915 -12.119
0.117608 -9.428 -9.822 -10.503 -11.509 -11.956 -12.179 -11.177 -11.596 -11.958 -12.179 -12.216 -12.133 -11.578 -12.047 -12.224 -12.208 -12.118 -12.092 -12.232 -12.216 -12.155 -12.119 -12.175 -12.138 -12.218 -11.797 -11.44 -10.964 -12.148
0.121165 -9.408 -9.801 -10.495 -11.516 -11.974 -12.205 -11.188 -11.605 -11.976 -12.206 -12.25 -12.171 -11.587 -12.069 -12.254 -12.244 -12.157 -12.114 -12.262 -12.252 -12.193 -12.159 -12.205 -12.164 -12.25 -11.841 -11.487 -11.013 -12.178
0.124829 -9.386 -9.778 -10.486 -11.522 -11.991 -12.231 -11.198 -11.614 -11.994 -12.233 -12.282 -12.21 -11.595 -12.089 -12.284 -12.279 -12.196 -12.136 -12.293 -12.287 -12.232 -12.199 -12.235 -12.189 -12.283 -11.885 -11.533 -11.062 -12.207
0.128605 -9.364 -9.755 -10.476 -11.528 -12.009 -12.257 -11.208 -11.622 -12.011 -12.259 -12.315 -12.248 -11.602 -12.11 -12.314 -12.314 -12.235 -12.158 -12.323 -12.323 -12.27 -12.239 -12.264 -12.214 -12.315 -11.929 -11.58 -11.11 -12.235
0.132494 -9.342 -9.73 -10.465 -11.533 -12.025 -12.283 -11.218 -11.629 -12.028 -12.285 -12.347 -12.285 -11.609 -12.13 -12.344 -12.349 -12.273 -12.18 -12.352 -12.357 -12.307 -12.279 -12.293 -12.238 -12.347 -11.972 -11.626 -11.159 -12.263
0.136502 -9.319 -9.705 -10.454 -11.538 -12.041 -12.308 -11.228 -11.635 -12.045 -12.31 -12.379 -12.323 -11.614 -12.149 -12.373 -12.383 -12.311 -12.2 -12.382 -12.392 -12.345 -12.318 -12.322 -12.262 -12.379 -12.016 -11.672 -11.207 -12.291
0.14063 -9.295 -9.678 -10.441 -11.542 -12.057 -12.332 -11.237 -11.641 -12.06 -12.335 -12.411 -12.36 -11.62 -12.168 -12.402 -12.417 -12.349 -12.221 -12.411 -12.426 -12.382 -12.357 -12.35 -12.286 -12.41 -12.059 -11.718 -11.256 -12.319
0.144883 -9.271 -9.651 -10.428 -11.545 -12.072 -12.357 -11.245 -11.646 -12.076 -12.359 -12.442 -12.397 -11.624 -12.187 -12.43 -12.451 -12.387 -12.241 -12.439 -12.46 -12.419 -12.396 -12.378 -12.309 -12.441 -12.102 -11.765 -11.304 -12.346
0.149265 -9.246 -9.622 -10.415 -11.547 -12.087 -12.38 -11.253 -11.651 -12.09 -12.383 -12.473 -12.434 -11.628 -12.205 -12.459 -12.485 -12.424 -12.26 -12.468 -12.494 -12.456 -12.434 -12.406 -12.332 -12.471 -12.145 -11.81 -11.352 -12.373
0.15378 -9.22 -9.592 -10.4 -11.549 -12.1 -12.404 -11.261 -11.655 -12.105 -12.407 -12.504 -12.47 -11.631 -12.222 -12.486 -12.518 -12.462 -12.279 -12.495 -12.527 -12.493 -12.473 -12.433 -12.354 -12.501 -12.188 -11.856 -11.4 -12.4
0.15843 -9.195 -9.562 -10.385 -11.55 -12.114 -12.427 -11.269 -11.658 -12.118 -12.43 -12.534 -12.506 -11.634 -12.239 -12.514 -12.551 -12.499 -12.298 -12.523 -12.56 -12.529 -12.511 -12.46 -12.376 -12.531 -12.231 -11.902 -11.449 -12.426
0.163222 -9.168 -9.53 -10.368 -11.55 -12.127 -12.449 -11.276 -11.66 -12.131 -12.453 -12.564 -12.542 -11.636 -12.256 -12.541 -12.583 -12.535 -12.316 -12.55 -12.593 -12.565 -12.549 -12.487 -12.397 -12.561 -12.273 -11.947 -11.496 -12.452
0.168159 -9.141 -9.497 -10.351 -11.55 -12.139 -12.471 -11.282 -11.662 -12.144 -12.475 -12.594 -12.578 -11.637 -12.271 -12.567 -12.616 -12.572 -12.333 -12.577 -12.625 -12.601 -12.587 -12.513 -12.418 -12.59 -12.315 -11.993 -11.544 -12.478
0.173245 -9.114 -9.464 -10.334 -11.548 -12.15 -12.492 -11.288 -11.663 -12.156 -12.497 -12.623 -12.613 -11.637 -12.287 -12.593 -12.648 -12.608 -12.35 -12.603 -12.657 -12.636 -12.624 -12.539 -12.439 -12.619 -12.357 -12.038 -11.592 -12.503
0.178484 -9.086 -9.429 -10.315 -11.546 -12.161 -12.513 -11.294 -11.664 -12.167 -12.518 -12.652 -12.648 -11.636 -12.302 -12.619 -12.679 -12.644 -12.366 -12.629 -12.689 -12.672 -12.662 -12.564 -12.459 -12.647 -12.399 -12.083 -11.64 -12.528
0.183882 -9.057 -9.392 -10.295 -11.543 -12.172 -12.534 -11.299 -11.663 -12.177 -12.539 -12.681 -12.683 -11.635 -12.316 -12.644 -12.711 -12.679 -12.382 -12.654 -12.721 -12.707 -12.699 -12.589 -12.478 -12.675 -12.441 -12.128 -11.687 -12.552
0.189444 -9.029 -9.355 -10.275 -11.54 -12.182 -12.554 -11.304 -11.662 -12.187 -12.559 -12.709 -12.718 -11.633 -12.329 -12.669 -12.741 -12.715 -12.397 -12.679 -12.752 -12.741 -12.735 -12.614 -12.497 -12.703 -12.483 -12.173 -11.735 -12.576
0.195173 -8.999 -9.317 -10.254 -11.535 -12.191 -12.573 -11.308 -11.66 -12.197 -12.579 -12.737 -12.752 -11.63 -12.343 -12.694 -12.772 -12.75 -12.412 -12.704 -12.782 -12.776 -12.772 -12.638 -12.516 -12.73 -12.524 -12.218 -11.782 -12.6
0.201076 -8.97 -9.277 -10.231 -11.53 -12.199 -12.592 -11.312 -11.657 -12.206 -12.598 -12.764 -12.786 -11.627 -12.355 -12.718 -12.802 -12.785 -12.426 -12.728 -12.813 -12.81 -12.808 -12.662 -12.534 -12.757 -12.565 -12.262 -11.829 -12.623
0.207158 -8.94 -9.236 -10.208 -11.524 -12.207 -12.611 -11.316 -11.653 -12.214 -12.617 -12.791 -12.82 -11.622 -12.367 -12.741 -12.832 -12.819 -12.44 -12.752 -12.843 -12.843 -12.844 -12.685 -12.551 -12.784 -12.606 -12.307 -11.877 -12.646
0.213423 -8.91 -9.194 -10.184 -11.517 -12.214 -12.629 -11.319 -11.649 -12.221 -12.635 -12.817 -12.853 -11.617 -12.378 -12.764 -12.862 -12.853 -12.453 -12.775 -12.872 -12.877 -12.88 -12.708 -12.568 -12.81 -12.647 -12.351 -11.924 -12.669
0.219878 -8.879 -9.151 -10.16 -11.51 -12.22 -12.646 -11.321 -11.644 -12.228 -12.653 -12.844 -12.886 -11.611 -12.389 -12.787 -12.891 -12.887 -12.466 -12.798 -12.902 -12.91 -12.916 -12.731 -12.585 -12.835 -12.687 -12.395 -11.97 -12.691
0.226528 -8.849 -9.106 -10.134 -11.501 -12.226 -12.663 -11.323 -11.638 -12.234 -12.67 -12.869 -12.919 -11.604 -12.399 -12.809 -12.919 -12.921 -12.477 -12.82 -12.931 -12.943 -12.951 -12.753 -12.601 -12.861 -12.728 -12.439 -12.017 -12.713
0.233379 -8.818 -9.06 -10.107 -11.491 -12.231 -12.679 -11.324 -11.631 -12.239 -12.687 -12.895 -12.951 -11.596 -12.408 -12.831 -12.948 -12.954 -12.489 -12.842 -12.959 -12.975 -12.986 -12.774 -12.616 -12.885 -12.768 -12.483 -12.064 -12.734
0.240437 -8.787 -9.013 -10.079 -11.481 -12.235 -12.695 -11.325 -11.623 -12.244 -12.703 -12.92 -12.983 -11.587 -12.417 -12.852 -12.976 -12.987 -12.499 -12.863 -12.987 -13.007 -13.02 -12.796 -12.631 -12.91 -12.808 -12.526 -12.11 -12.755
0.247709 -8.756 -8.965 -10.051 -11.469 -12.239 -12.71 -11.326 -11.614 -12.248 -12.719 -12.944 -13.015 -11.577 -12.425 -12.872 -13.003 -13.019 -12.509 -12.884 -13.015 -13.039 -13.055 -12.816 -12.645 -12.934 -12.847 -12.57 -12.157 -12.775
0.255201 -8.725 -8.915 -10.021 -11.457 -12.242 -12.724 -11.326 -11.604 -12.251 -12.733 -12.968 -13.046 -11.567 -12.432 -12.892 -13.03 -13.052 -12.519 -12.904 -13.042 -13.071 -13.089 -12.837 -12.659 -12.957 -12.887 -12.613 -12.203 -12.795
0.262919 -8.694 -8.863 -9.99 -11.444 -12.244 -12.738 -11.325 -11.594 -12.253 -12.748 -12.991 -13.077 -11.555 -12.439 -12.912 -13.057 -13.083 -12.527 -12.924 -13.069 -13.102 -13.122 -12.856 -12.672 -12.98 -12.926 -12.656 -12.249 -12.815
0.270871 -8.663 -8.811 -9.959 -11.43 -12.245 -12.751 -11.324 -11.582 -12.255 -12.761 -13.015 -13.108 -11.543 -12.445 -12.931 -13.083 -13.115 -12.535 -12.943 -13.096 -13.132 -13.156 -12.876 -12.684 -13.003 -12.965 -12.699 -12.295 -12.834
0.279064 -8.632 -8.757 -9.926 -11.414 -12.245 -12.764 -11.322 -11.57 -12.256 -12.774 -13.037 -13.138 -11.529 -12.45 -12.949 -13.109 -13.146 -12.543 -12.962 -13.122 -13.163 -13.189 -12.895 -12.696 -13.024 -13.004 -12.742 -12.341 -12.853
0.287504 -8.601 -8.701 -9.892 -11.398 -12.245 -12.775 -11.32 -11.556 -12.256 -12.787 -13.059 -13.168 -11.515 -12.454 -12.967 -13.134 -13.177 -12.549 -12.98 -13.147 -13.193 -13.221 -12.913 -12.707 -13.046 -13.042 -12.784 -12.387 -12.871
0.296199 -8.571 -8.644 -9.858 -11.381 -12.244 -12.787 -11.317 -11.542 -12.255 -12.798 -13.081 -13.197 -11.499 -12.458 -12.985 -13.159 -13.207 -12.555 -12.998 -13.172 -13.222 -13.254 -12.931 -12.717 -13.067 -13.08 -12.826 -12.433 -12.889
0.305157 -8.541 -8.586 -9.822 -11.362 -12.242 -12.797 -11.313 -11.526 -12.254 -12.809 -13.102 -13.226 -11.482 -12.461 -13.001 -13.183 -13.237 -12.56 -13.015 -13.197 -13.251 -13.286 -12.948 -12.727 -13.087 -13.118 -12.869 -12.478 -12.906
0.314387 -8.511 -8.526 -9.785 -11.343 -12.239 -12.807 -11.309 -11.51 -12.251 -12.82 -13.122 -13.255 -11.465 -12.463 -13.017 -13.207 -13.267 -12.565 -13.031 -13.221 -13.28 -13.318 -12.965 -12.736 -13.107 -13.156 -12.91 -12.523 -12.923
0.323895 -8.482 -8.464 -9.747 -11.322 -12.235 -12.816 -11.304 -11.492 -12.248 -12.829 -13.142 -13.283 -11.446 -12.464 -13.033 -13.231 -13.296 -12.568 -13.047 -13.245 -13.308 -13.349 -12.981 -12.745 -13.127 -13.193 -12.952 -12.569 -12.939
0.333691 -8.453 -8.401 -9.708 -11.3 -12.23 -12.825 -11.299 -11.473 -12.244 -12.838 -13.162 -13.311 -11.426 -12.465 -13.048 -13.254 -13.325 -12.571 -13.062 -13.268 -13.336 -13.38 -12.996 -12.753 -13.145 -13.23 -12.994 -12.614 -12.955
0.343783 -8.425 -8.336 -9.668 -11.278 -12.225 -12.832 -11.293 -11.454 -12.238 -12.847 -13.181 -13.338 -11.405 -12.464 -13.062 -13.276 -13.353 -12.573 -13.077 -13.29 -13.364 -13.41 -13.011 -12.76 -13.164 -13.267 -13.035 -12.658 -12.97
0.354181 -8.397 -8.27 -9.627 -11.254 -12.218 -12.839 -11.286 -11.433 -12.232 -12.854 -13.199 -13.365 -11.383 -12.463 -13.076 -13.298 -13.381 -12.575 -13.091 -13.312 -13.391 -13.441 -13.026 -12.766 -13.181 -13.303 -13.076 -12.703 -12.985
0.364893 -8.37 -8.202 -9.585 -11.228 -12.211 -12.845 -11.279 -11.411 -12.226 -12.861 -13.217 -13.391 -11.36 -12.461 -13.088 -13.319 -13.408 -12.575 -13.104 -13.334 -13.417 -13.47 -13.04 -12.772 -13.198 -13.34 -13.117 -12.748 -12.999
0.375929 -8.345 -8.132 -9.541 -11.202 -12.202 -12.851 -11.271 -11.387 -12.218 -12.867 -13.234 -13.417 -11.335 -12.458 -13.101 -13.34 -13.435 -12.575 -13.116 -13.355 -13.444 -13.5 -13.053 -12.777 -13.215 -13.376 -13.158 -12.792 -13.013
0.387298 -8.32 -8.061 -9.496 -11.174 -12.193 -12.855 -11.262 -11.363 -12.209 -12.872 -13.25 -13.443 -11.309 -12.454 -13.112 -13.36 -13.462 -12.574 -13.128 -13.376 -13.469 -13.529 -13.066 -12.781 -13.231 -13.411 -13.198 -12.836 -13.026
0.399012 -8.296 -7.987 -9.45 -11.145 -12.182 -12.859 -11.253 -11.337 -12.199 -12.876 -13.266 -13.468 -11.282 -12.449 -13.123 -13.38 -13.488 -12.572 -13.14 -13.395 -13.494 -13.557 -13.078 -12.784 -13.246 -13.446 -13.238 -12.88 -13.038
0.41108 -8.273 -7.912 -9.403 -11.115 -12.171 -12.862 -11.243 -11.31 -12.188 -12.88 -13.281 -13.492 -11.254 -12.444 -13.133 -13.399 -13.514 -12.569 -13.15 -13.415 -13.519 -13.585 -13.089 -12.787 -13.26 -13.481 -13.278 -12.924 -13.05
0.423513 -8.251 -7.835 -9.355 -11.083 -12.158 -12.864 -11.232 -11.282 -12.176 -12.883 -13.296 -13.516 -11.224 -12.437 -13.142 -13.417 -13.539 -12.565 -13.16 -13.433 -13.543 -13.613 -13.1 -12.788 -13.274 -13.516 -13.318 -12.968 -13.062
0.436321 -8.23 -7.757 -9.306 -11.051 -12.144 -12.865 -11.22 -11.253 -12.163 -12.884 -13.31 -13.54 -11.193 -12.429 -13.151 -13.435 -13.563 -12.56 -13.169 -13.452 -13.567 -13.64 -13.11 -12.789 -13.288 -13.55 -13.357 -13.011 -13.072
0.449518 -8.21 -7.676 -9.255 -11.016 -12.13 -12.865 -11.208 -11.222 -12.149 -12.885 -13.323 -13.563 -11.161 -12.42 -13.159 -13.452 -13.587 -12.555 -13.177 -13.469 -13.59 -13.667 -13.119 -12.789 -13.3 -13.584 -13.396 -13.054 -13.083
0.463113 -8.192 -7.594 -9.203 -10.981 -12.114 -12.865 -11.195 -11.19 -12.134 -12.885 -13.336 -13.585 -11.127 -12.411 -13.166 -13.468 -13.611 -12.548 -13.185 -13.486 -13.612 -13.693 -13.128 -12.788 -13.312 -13.617 -13.435 -13.097 -13.092
0.47712 -8.175 -7.509 -9.15 -10.943 -12.097 -12.863 -11.181 -11.156 -12.117 -12.885 -13.348 -13.607 -11.092 -12.4 -13.172 -13.484 -13.634 -12.541 -13.191 -13.502 -13.634 -13.719 -13.136 -12.786 -13.323 -13.65 -13.473 -13.14 -13.101
0.49155 -8.159 -7.423 -9.095 -10.905 -12.078 -12.86 -11.166 -11.121 -12.1 -12.883 -13.359 -13.628 -11.056 -12.388 -13.177 -13.499 -13.656 -12.532 -13.197 -13.518 -13.656 -13.744 -13.143 -12.784 -13.333 -13.683 -13.512 -13.183 -13.109
0.506416 -8.145 -7.335 -9.039 -10.865 -12.059 -12.857 -11.15 -11.085 -12.081 -12.88 -13.369 -13.649 -11.018 -12.375 -13.182 -13.514 -13.678 -12.522 -13.202 -13.532 -13.676 -13.769 -13.149 -12.78 -13.343 -13.716 -13.55 -13.225 -13.117
0.521733 -8.132 -7.244 -8.982 -10.823 -12.038 -12.852 -11.134 -11.047 -12.061 -12.876 -13.379 -13.669 -10.978 -12.361 -13.185 -13.527 -13.699 -12.512 -13.206 -13.546 -13.696 -13.793 -13.155 -12.775 -13.352 -13.747 -13.587 -13.268 -13.124
0.537512 -8.12 -7.152 -8.923 -10.78 -12.016 -12.847 -11.116 -11.007 -12.04 -12.871 -13.388 -13.689 -10.937 -12.346 -13.188 -13.54 -13.72 -12.5 -13.21 -13.56 -13.716 -13.817 -13.16 -12.77 -13.36 -13.779 -13.625 -13.31 -13.131
0.553769 -8.11 -7.058 -8.863 -10.735 -11.993 -12.84 -11.098 -10.966 -12.018 -12.866 -13.396 -13.707 -10.894 -12.329 -13.19 -13.553 -13.74 -12.488 -13.212 -13.573 -13.735 -13.84 -13.164 -12.763 -13.367 -13.81 -13.662 -13.351 -13.136
0.570517 -8.101 -6.961 -8.802 -10.688 -11.968 -12.832 -11.079 -10.923 -11.994 -12.859 -13.403 -13.726 -10.85 -12.312 -13.191 -13.564 -13.759 -12.474 -13.214 -13.584 -13.753 -13.863 -13.167 -12.756 -13.374 -13.841 -13.698 -13.393 -13.141
0.587772 -8.094 -6.862 -8.739 -10.64 -11.942 -12.823 -11.059 -10.879 -11.969 -12.851 -13.41 -13.743 -10.804 -12.293 -13.191 -13.575 -13.778 -12.459 -13.214 -13.596 -13.771 -13.885 -13.17 -12.747 -13.379 -13.871 -13.735 -13.434 -13.145
