web/models/kne/30/villar_0.1443_0.1083_10.0000.dat
# %ECSV 1.0
# ---
# datatype:
# - {name: time, datatype: float64}
# - {name: swift_uvot_uvw2, datatype: float64}
# - {name: swift_uvot_uvm2, datatype: float64}
# - {name: swift_uvot_uvw1, datatype: float64}
# - {name: swift_uvot_U, datatype: float64}
# - {name: swift_uvot_B, datatype: float64}
# - {name: swift_uvot_V, datatype: float64}
# - {name: swift_uvot_W, datatype: float64}
# - {name: johnson_U, datatype: float64}
# - {name: johnson_B, datatype: float64}
# - {name: johnson_V, datatype: float64}
# - {name: johnson_R, datatype: float64}
# - {name: johnson_I, datatype: float64}
# - {name: sdss_u, datatype: float64}
# - {name: sdss_g, datatype: float64}
# - {name: sdss_r, datatype: float64}
# - {name: sdss_i, datatype: float64}
# - {name: sdss_z, datatype: float64}
# - {name: PS1_g, datatype: float64}
# - {name: PS1_r, datatype: float64}
# - {name: PS1_i, datatype: float64}
# - {name: PS1_z, datatype: float64}
# - {name: PS1_Y, datatype: float64}
# - {name: PS1_w, datatype: float64}
# - {name: ATLAS_c, datatype: float64}
# - {name: ATLAS_o, datatype: float64}
# - {name: ukirt_J, datatype: float64}
# - {name: ukirt_H, datatype: float64}
# - {name: ukirt_K, datatype: float64}
# - {name: Clear, datatype: float64}
# meta: !!omap
# - comment: [kappa = 10.0, type = villar, mass = 0.1442699905917794, velocity = 0.10833333333333334, theta_obs = 0.0]
# schema: astropy-2.0
time swift_uvot_uvw2 swift_uvot_uvm2 swift_uvot_uvw1 swift_uvot_U swift_uvot_B swift_uvot_V swift_uvot_W johnson_U johnson_B johnson_V johnson_R johnson_I sdss_u sdss_g sdss_r sdss_i sdss_z PS1_g PS1_r PS1_i PS1_z PS1_Y PS1_w ATLAS_c ATLAS_o ukirt_J ukirt_H ukirt_K Clear
0.001 nan nan nan nan nan nan nan nan nan nan nan nan nan nan nan nan nan nan nan nan nan nan nan nan nan nan nan nan nan
0.00103 -3.934 -3.829 -3.74 -3.443 -3.145 -2.806 -3.589 -3.4 -3.141 -2.796 -2.435 -2.01 -3.409 -3.037 -2.599 -2.266 -1.947 -3.023 -2.633 -2.309 -2.098 -2.087 -2.65 -2.866 -2.462 -1.302 -0.771 -0.153 -2.72
0.001061 -4.478 -4.313 -4.195 -3.827 -3.495 -3.131 -4.04 -3.778 -3.491 -3.121 -2.743 -2.302 -3.788 -3.379 -2.912 -2.565 -2.237 -3.37 -2.958 -2.625 -2.418 -2.447 -2.972 -3.197 -2.77 -1.576 -1.037 -0.411 -3.047
0.001094 -4.79 -4.591 -4.46 -4.058 -3.71 -3.334 -4.304 -4.006 -3.706 -3.323 -2.937 -2.488 -4.016 -3.59 -3.11 -2.756 -2.422 -3.584 -3.163 -2.826 -2.624 -2.679 -3.172 -3.403 -2.965 -1.754 -1.211 -0.582 -3.251
0.001127 -5.013 -4.792 -4.653 -4.229 -3.872 -3.488 -4.497 -4.176 -3.868 -3.478 -3.086 -2.633 -4.186 -3.75 -3.261 -2.903 -2.566 -3.747 -3.32 -2.981 -2.783 -2.857 -3.326 -3.559 -3.115 -1.894 -1.348 -0.717 -3.407
0.001161 -5.19 -4.952 -4.808 -4.37 -4.006 -3.618 -4.652 -4.316 -4.002 -3.607 -3.212 -2.756 -4.326 -3.882 -3.388 -3.027 -2.688 -3.883 -3.452 -3.112 -2.917 -3.006 -3.455 -3.69 -3.241 -2.013 -1.465 -0.833 -3.537
0.001196 -5.339 -5.089 -4.941 -4.493 -4.124 -3.731 -4.785 -4.437 -4.12 -3.72 -3.323 -2.864 -4.448 -3.998 -3.5 -3.137 -2.797 -4.001 -3.567 -3.227 -3.035 -3.135 -3.568 -3.804 -3.352 -2.119 -1.57 -0.937 -3.651
0.001232 -5.47 -5.21 -5.059 -4.602 -4.229 -3.834 -4.903 -4.546 -4.226 -3.823 -3.424 -2.964 -4.556 -4.103 -3.602 -3.237 -2.896 -4.108 -3.672 -3.331 -3.142 -3.25 -3.67 -3.908 -3.453 -2.216 -1.666 -1.032 -3.754
0.001269 -5.587 -5.319 -5.165 -4.702 -4.327 -3.93 -5.01 -4.646 -4.323 -3.919 -3.518 -3.056 -4.656 -4.2 -3.696 -3.33 -2.988 -4.206 -3.769 -3.428 -3.24 -3.356 -3.765 -4.004 -3.547 -2.307 -1.756 -1.121 -3.85
0.001308 -5.693 -5.419 -5.264 -4.796 -4.418 -4.019 -5.108 -4.739 -4.414 -4.008 -3.606 -3.143 -4.749 -4.291 -3.785 -3.418 -3.075 -4.298 -3.859 -3.518 -3.332 -3.455 -3.855 -4.094 -3.635 -2.393 -1.841 -1.206 -3.939
0.001347 -5.792 -5.513 -5.356 -4.884 -4.504 -4.104 -5.201 -4.827 -4.501 -4.093 -3.69 -3.226 -4.837 -4.376 -3.869 -3.501 -3.157 -4.385 -3.945 -3.604 -3.42 -3.547 -3.939 -4.179 -3.719 -2.475 -1.923 -1.287 -4.024
0.001388 -5.885 -5.601 -5.443 -4.968 -4.587 -4.185 -5.288 -4.911 -4.583 -4.174 -3.771 -3.306 -4.921 -4.458 -3.95 -3.581 -3.237 -4.468 -4.028 -3.686 -3.503 -3.635 -4.02 -4.26 -3.8 -2.553 -2.001 -1.365 -4.106
0.00143 -5.973 -5.685 -5.526 -5.048 -4.666 -4.263 -5.371 -4.991 -4.662 -4.253 -3.848 -3.383 -5.001 -4.537 -4.028 -3.659 -3.314 -4.548 -4.107 -3.765 -3.583 -3.718 -4.099 -4.339 -3.877 -2.63 -2.077 -1.441 -4.184
0.001473 -6.056 -5.766 -5.606 -5.126 -4.743 -4.339 -5.451 -5.068 -4.739 -4.328 -3.924 -3.458 -5.079 -4.614 -4.103 -3.734 -3.389 -4.625 -4.183 -3.842 -3.66 -3.798 -4.174 -4.415 -3.953 -2.704 -2.151 -1.515 -4.26
0.001518 -6.136 -5.843 -5.683 -5.201 -4.817 -4.413 -5.528 -5.143 -4.813 -4.402 -3.997 -3.53 -5.153 -4.688 -4.177 -3.807 -3.461 -4.699 -4.257 -3.916 -3.735 -3.875 -4.248 -4.489 -4.026 -2.776 -2.223 -1.587 -4.334
0.001564 -6.213 -5.918 -5.757 -5.274 -4.889 -4.485 -5.602 -5.216 -4.885 -4.474 -4.068 -3.602 -5.226 -4.76 -4.248 -3.878 -3.533 -4.772 -4.329 -3.988 -3.808 -3.95 -4.32 -4.561 -4.097 -2.847 -2.294 -1.657 -4.406
0.001611 -6.287 -5.991 -5.829 -5.345 -4.96 -4.555 -5.674 -5.287 -4.956 -4.544 -4.138 -3.671 -5.297 -4.83 -4.318 -3.948 -3.602 -4.842 -4.4 -4.059 -3.879 -4.022 -4.39 -4.631 -4.168 -2.917 -2.363 -1.727 -4.476
0.00166 -6.358 -6.061 -5.899 -5.414 -5.029 -4.624 -5.745 -5.356 -5.025 -4.613 -4.207 -3.74 -5.367 -4.899 -4.387 -4.017 -3.671 -4.912 -4.469 -4.128 -3.948 -4.093 -4.459 -4.7 -4.236 -2.985 -2.432 -1.795 -4.545
0.00171 -6.428 -6.13 -5.968 -5.482 -5.097 -4.691 -5.813 -5.424 -5.093 -4.681 -4.274 -3.807 -5.435 -4.967 -4.455 -4.084 -3.738 -4.98 -4.537 -4.196 -4.016 -4.162 -4.526 -4.768 -4.304 -3.052 -2.499 -1.862 -4.613
0.001761 -6.496 -6.198 -6.035 -5.549 -5.163 -4.758 -5.881 -5.491 -5.16 -4.747 -4.341 -3.874 -5.502 -5.034 -4.521 -4.15 -3.805 -5.047 -4.604 -4.262 -4.083 -4.229 -4.593 -4.834 -4.37 -3.119 -2.565 -1.928 -4.679
0.001815 -6.562 -6.264 -6.101 -5.615 -5.229 -4.824 -5.946 -5.557 -5.225 -4.813 -4.407 -3.939 -5.567 -5.1 -4.587 -4.216 -3.87 -5.112 -4.669 -4.328 -4.149 -4.295 -4.658 -4.9 -4.436 -3.184 -2.631 -1.994 -4.745
0.00187 -6.627 -6.328 -6.166 -5.68 -5.294 -4.888 -6.011 -5.622 -5.29 -4.877 -4.471 -4.004 -5.632 -5.164 -4.652 -4.281 -3.935 -5.177 -4.734 -4.393 -4.213 -4.36 -4.723 -4.965 -4.501 -3.249 -2.695 -2.058 -4.81
0.001926 -6.69 -6.392 -6.23 -5.744 -5.358 -4.952 -6.075 -5.686 -5.354 -4.941 -4.535 -4.068 -5.696 -5.228 -4.716 -4.345 -3.999 -5.241 -4.798 -4.457 -4.277 -4.423 -4.787 -5.029 -4.565 -3.313 -2.759 -2.122 -4.874
0.001984 -6.753 -6.455 -6.292 -5.807 -5.421 -5.016 -6.138 -5.749 -5.417 -5.005 -4.599 -4.131 -5.759 -5.291 -4.779 -4.408 -4.062 -5.304 -4.861 -4.52 -4.34 -4.486 -4.85 -5.092 -4.628 -3.376 -2.823 -2.186 -4.937
0.002044 -6.814 -6.516 -6.354 -5.869 -5.483 -5.078 -6.2 -5.811 -5.48 -5.067 -4.661 -4.194 -5.821 -5.354 -4.842 -4.471 -4.125 -5.366 -4.924 -4.582 -4.403 -4.548 -4.913 -5.154 -4.691 -3.439 -2.886 -2.249 -4.999
0.002106 -6.874 -6.577 -6.415 -5.931 -5.545 -5.14 -6.261 -5.873 -5.541 -5.129 -4.723 -4.256 -5.883 -5.416 -4.904 -4.533 -4.187 -5.428 -4.985 -4.644 -4.464 -4.609 -4.975 -5.216 -4.753 -3.502 -2.948 -2.311 -5.061
0.00217 -6.933 -6.637 -6.476 -5.991 -5.606 -5.202 -6.321 -5.934 -5.603 -5.191 -4.785 -4.318 -5.944 -5.477 -4.965 -4.595 -4.249 -5.489 -5.047 -4.705 -4.525 -4.669 -5.036 -5.278 -4.814 -3.564 -3.01 -2.373 -5.123
0.002236 -6.991 -6.697 -6.535 -6.052 -5.667 -5.263 -6.38 -5.994 -5.663 -5.252 -4.846 -4.379 -6.004 -5.538 -5.026 -4.656 -4.31 -5.55 -5.107 -4.766 -4.586 -4.728 -5.097 -5.338 -4.875 -3.625 -3.072 -2.435 -5.184
0.002303 -7.049 -6.755 -6.594 -6.112 -5.727 -5.323 -6.439 -6.054 -5.723 -5.312 -4.907 -4.44 -6.064 -5.598 -5.087 -4.717 -4.371 -5.61 -5.168 -4.826 -4.646 -4.787 -5.158 -5.399 -4.936 -3.686 -3.133 -2.496 -5.244
0.002373 -7.106 -6.813 -6.653 -6.171 -5.787 -5.383 -6.498 -6.113 -5.783 -5.372 -4.967 -4.501 -6.124 -5.658 -5.147 -4.777 -4.432 -5.669 -5.227 -4.886 -4.705 -4.845 -5.218 -5.459 -4.996 -3.747 -3.194 -2.557 -5.304
0.002445 -7.162 -6.871 -6.71 -6.23 -5.846 -5.443 -6.555 -6.172 -5.842 -5.432 -5.027 -4.561 -6.182 -5.717 -5.207 -4.837 -4.492 -5.728 -5.287 -4.945 -4.764 -4.903 -5.278 -5.518 -5.056 -3.807 -3.254 -2.617 -5.364
0.002519 -7.217 -6.928 -6.768 -6.288 -5.905 -5.502 -6.613 -6.23 -5.901 -5.491 -5.086 -4.62 -6.241 -5.776 -5.266 -4.896 -4.551 -5.787 -5.345 -5.004 -4.822 -4.96 -5.337 -5.577 -5.115 -3.867 -3.314 -2.678 -5.423
0.002595 -7.272 -6.984 -6.824 -6.346 -5.963 -5.561 -6.669 -6.288 -5.96 -5.55 -5.145 -4.68 -6.299 -5.835 -5.325 -4.956 -4.611 -5.845 -5.404 -5.063 -4.88 -5.016 -5.396 -5.636 -5.174 -3.927 -3.374 -2.738 -5.481
0.002673 -7.326 -7.04 -6.881 -6.403 -6.021 -5.619 -6.726 -6.346 -6.018 -5.608 -5.204 -4.739 -6.356 -5.893 -5.384 -5.015 -4.67 -5.903 -5.462 -5.121 -4.938 -5.072 -5.454 -5.695 -5.233 -3.986 -3.433 -2.797 -5.54
0.002754 -7.38 -7.095 -6.937 -6.461 -6.079 -5.677 -6.782 -6.403 -6.075 -5.666 -5.263 -4.798 -6.414 -5.951 -5.442 -5.073 -4.729 -5.96 -5.52 -5.179 -4.995 -5.128 -5.512 -5.753 -5.292 -4.045 -3.493 -2.857 -5.598
0.002837 -7.433 -7.15 -6.992 -6.517 -6.137 -5.735 -6.837 -6.46 -6.133 -5.724 -5.321 -4.856 -6.471 -6.008 -5.5 -5.131 -4.787 -6.018 -5.577 -5.236 -5.052 -5.183 -5.57 -5.81 -5.35 -4.104 -3.552 -2.916 -5.656
0.002923 -7.486 -7.205 -7.047 -6.574 -6.194 -5.793 -6.892 -6.517 -6.19 -5.782 -5.379 -4.914 -6.527 -6.066 -5.558 -5.19 -4.846 -6.075 -5.635 -5.293 -5.109 -5.238 -5.628 -5.868 -5.408 -4.162 -3.61 -2.975 -5.713
0.003012 -7.538 -7.259 -7.102 -6.63 -6.25 -5.85 -6.947 -6.573 -6.247 -5.839 -5.436 -4.972 -6.583 -6.123 -5.615 -5.247 -4.904 -6.131 -5.691 -5.35 -5.166 -5.293 -5.685 -5.925 -5.465 -4.221 -3.669 -3.033 -5.771
0.003103 -7.59 -7.312 -7.156 -6.686 -6.307 -5.907 -7.001 -6.629 -6.303 -5.896 -5.494 -5.03 -6.639 -6.179 -5.673 -5.305 -4.961 -6.187 -5.748 -5.407 -5.222 -5.347 -5.743 -5.982 -5.523 -4.279 -3.727 -3.092 -5.828
0.003196 -7.641 -7.366 -7.21 -6.741 -6.363 -5.964 -7.055 -6.685 -6.359 -5.953 -5.551 -5.088 -6.695 -6.236 -5.73 -5.362 -5.019 -6.243 -5.804 -5.463 -5.278 -5.401 -5.799 -6.039 -5.58 -4.337 -3.785 -3.15 -5.884
0.003293 -7.692 -7.419 -7.264 -6.797 -6.419 -6.02 -7.108 -6.74 -6.415 -6.01 -5.608 -5.145 -6.75 -6.292 -5.787 -5.42 -5.076 -6.299 -5.861 -5.52 -5.333 -5.455 -5.856 -6.095 -5.637 -4.395 -3.843 -3.208 -5.941
0.003393 -7.742 -7.471 -7.317 -6.852 -6.475 -6.077 -7.162 -6.795 -6.471 -6.066 -5.665 -5.202 -6.805 -6.348 -5.843 -5.476 -5.134 -6.355 -5.917 -5.575 -5.389 -5.508 -5.912 -6.151 -5.694 -4.452 -3.901 -3.266 -5.997
0.003495 -7.792 -7.524 -7.37 -6.906 -6.53 -6.133 -7.214 -6.85 -6.527 -6.122 -5.721 -5.259 -6.86 -6.403 -5.9 -5.533 -5.191 -6.41 -5.972 -5.631 -5.444 -5.561 -5.969 -6.207 -5.75 -4.51 -3.959 -3.324 -6.053
0.003601 -7.842 -7.576 -7.423 -6.961 -6.586 -6.189 -7.267 -6.905 -6.582 -6.178 -5.778 -5.316 -6.915 -6.459 -5.956 -5.59 -5.247 -6.465 -6.028 -5.687 -5.499 -5.614 -6.025 -6.263 -5.807 -4.567 -4.016 -3.382 -6.109
0.00371 -7.891 -7.627 -7.475 -7.015 -6.641 -6.245 -7.319 -6.959 -6.637 -6.234 -5.834 -5.372 -6.969 -6.514 -6.012 -5.646 -5.304 -6.52 -6.083 -5.742 -5.554 -5.666 -6.081 -6.318 -5.863 -4.624 -4.073 -3.439 -6.165
0.003822 -7.941 -7.679 -7.527 -7.069 -6.696 -6.3 -7.372 -7.013 -6.692 -6.289 -5.89 -5.429 -7.023 -6.569 -6.068 -5.702 -5.361 -6.574 -6.138 -5.797 -5.608 -5.719 -6.136 -6.374 -5.919 -4.681 -4.131 -3.496 -6.22
0.003938 -7.989 -7.73 -7.579 -7.123 -6.75 -6.355 -7.423 -7.067 -6.747 -6.345 -5.946 -5.485 -7.077 -6.624 -6.123 -5.758 -5.417 -6.629 -6.193 -5.852 -5.663 -5.771 -6.192 -6.429 -5.974 -4.737 -4.188 -3.554 -6.275
0.004057 -8.038 -7.781 -7.63 -7.176 -6.805 -6.411 -7.475 -7.121 -6.801 -6.4 -6.001 -5.541 -7.131 -6.679 -6.179 -5.814 -5.473 -6.683 -6.248 -5.907 -5.717 -5.823 -6.247 -6.484 -6.03 -4.794 -4.244 -3.611 -6.33
0.00418 -8.086 -7.831 -7.682 -7.23 -6.859 -6.466 -7.526 -7.174 -6.855 -6.455 -6.057 -5.597 -7.184 -6.734 -6.234 -5.87 -5.529 -6.737 -6.302 -5.962 -5.771 -5.875 -6.302 -6.539 -6.086 -4.851 -4.301 -3.667 -6.385
0.004306 -8.133 -7.882 -7.733 -7.283 -6.913 -6.52 -7.577 -7.228 -6.909 -6.51 -6.112 -5.653 -7.238 -6.788 -6.289 -5.926 -5.585 -6.791 -6.357 -6.016 -5.825 -5.926 -6.357 -6.594 -6.141 -4.907 -4.358 -3.724 -6.44
0.004436 -8.181 -7.932 -7.784 -7.336 -6.967 -6.575 -7.628 -7.281 -6.963 -6.564 -6.167 -5.709 -7.291 -6.842 -6.344 -5.981 -5.641 -6.845 -6.411 -6.071 -5.879 -5.978 -6.412 -6.648 -6.196 -4.963 -4.414 -3.781 -6.495
0.00457 -8.228 -7.981 -7.834 -7.389 -7.021 -6.63 -7.679 -7.334 -7.017 -6.619 -6.222 -5.764 -7.344 -6.896 -6.399 -6.036 -5.696 -6.898 -6.465 -6.125 -5.932 -6.029 -6.466 -6.702 -6.251 -5.019 -4.471 -3.838 -6.549
0.004709 -8.275 -8.031 -7.885 -7.441 -7.075 -6.684 -7.729 -7.386 -7.071 -6.673 -6.277 -5.82 -7.397 -6.95 -6.454 -6.091 -5.752 -6.952 -6.519 -6.179 -5.986 -6.08 -6.521 -6.757 -6.306 -5.075 -4.527 -3.894 -6.603
0.004851 -8.322 -8.08 -7.935 -7.494 -7.128 -6.738 -7.779 -7.439 -7.124 -6.728 -6.332 -5.875 -7.449 -7.004 -6.508 -6.147 -5.807 -7.005 -6.573 -6.233 -6.039 -6.131 -6.575 -6.811 -6.361 -5.131 -4.583 -3.95 -6.657
0.004998 -8.368 -8.129 -7.985 -7.546 -7.181 -6.792 -7.829 -7.491 -7.178 -6.782 -6.387 -5.93 -7.502 -7.057 -6.563 -6.201 -5.863 -7.058 -6.627 -6.287 -6.092 -6.182 -6.629 -6.865 -6.415 -5.187 -4.639 -4.007 -6.711
0.005149 -8.414 -8.178 -8.034 -7.598 -7.235 -6.846 -7.879 -7.544 -7.231 -6.836 -6.441 -5.985 -7.554 -7.111 -6.617 -6.256 -5.918 -7.111 -6.68 -6.34 -6.145 -6.232 -6.683 -6.918 -6.47 -5.242 -4.695 -4.063 -6.765
0.005305 -8.46 -8.227 -8.084 -7.65 -7.288 -6.9 -7.928 -7.596 -7.284 -6.889 -6.496 -6.04 -7.606 -7.164 -6.671 -6.311 -5.973 -7.164 -6.734 -6.394 -6.198 -6.283 -6.737 -6.972 -6.524 -5.298 -4.751 -4.119 -6.819
0.005465 -8.506 -8.275 -8.133 -7.702 -7.34 -6.954 -7.977 -7.648 -7.337 -6.943 -6.55 -6.095 -7.658 -7.217 -6.725 -6.366 -6.028 -7.216 -6.787 -6.448 -6.251 -6.333 -6.791 -7.025 -6.579 -5.353 -4.806 -4.175 -6.873
0.00563 -8.551 -8.323 -8.182 -7.753 -7.393 -7.007 -8.026 -7.699 -7.389 -6.997 -6.604 -6.15 -7.709 -7.27 -6.779 -6.42 -6.082 -7.269 -6.84 -6.501 -6.304 -6.384 -6.845 -7.079 -6.633 -5.409 -4.862 -4.231 -6.926
0.005801 -8.596 -8.371 -8.231 -7.805 -7.446 -7.061 -8.075 -7.751 -7.442 -7.05 -6.658 -6.204 -7.761 -7.323 -6.833 -6.474 -6.137 -7.321 -6.893 -6.554 -6.357 -6.434 -6.899 -7.132 -6.687 -5.464 -4.918 -4.287 -6.979
0.005976 -8.641 -8.419 -8.28 -7.856 -7.498 -7.114 -8.124 -7.803 -7.494 -7.104 -6.712 -6.259 -7.812 -7.376 -6.887 -6.529 -6.192 -7.374 -6.946 -6.607 -6.409 -6.484 -6.952 -7.185 -6.741 -5.519 -4.973 -4.342 -7.033
0.006157 -8.685 -8.466 -8.328 -7.907 -7.55 -7.167 -8.172 -7.854 -7.547 -7.157 -6.766 -6.313 -7.864 -7.428 -6.941 -6.583 -6.246 -7.426 -6.999 -6.66 -6.462 -6.534 -7.005 -7.238 -6.794 -5.574 -5.029 -4.398 -7.086
0.006343 -8.73 -8.514 -8.377 -7.958 -7.603 -7.221 -8.221 -7.905 -7.599 -7.21 -6.82 -6.368 -7.915 -7.481 -6.994 -6.637 -6.301 -7.478 -7.052 -6.713 -6.514 -6.584 -7.059 -7.291 -6.848 -5.629 -5.084 -4.454 -7.139
0.006535 -8.774 -8.561 -8.425 -8.009 -7.655 -7.274 -8.269 -7.956 -7.651 -7.263 -6.874 -6.422 -7.966 -7.533 -7.048 -6.691 -6.355 -7.53 -7.105 -6.766 -6.567 -6.634 -7.112 -7.344 -6.902 -5.684 -5.139 -4.509 -7.192
0.006732 -8.818 -8.608 -8.473 -8.059 -7.707 -7.326 -8.317 -8.007 -7.703 -7.316 -6.927 -6.476 -8.017 -7.585 -7.101 -6.745 -6.409 -7.582 -7.157 -6.819 -6.619 -6.683 -7.165 -7.396 -6.955 -5.739 -5.194 -4.565 -7.244
0.006936 -8.862 -8.654 -8.52 -8.11 -7.758 -7.379 -8.364 -8.058 -7.754 -7.369 -6.981 -6.53 -8.067 -7.637 -7.154 -6.798 -6.464 -7.633 -7.21 -6.872 -6.671 -6.733 -7.218 -7.449 -7.009 -5.794 -5.249 -4.62 -7.297
0.007146 -8.905 -8.701 -8.568 -8.16 -7.81 -7.432 -8.412 -8.108 -7.806 -7.421 -7.034 -6.584 -8.118 -7.689 -7.207 -6.852 -6.518 -7.685 -7.262 -6.924 -6.723 -6.783 -7.27 -7.501 -7.062 -5.849 -5.304 -4.675 -7.35
0.007362 -8.948 -8.747 -8.615 -8.21 -7.862 -7.484 -8.459 -8.159 -7.858 -7.474 -7.087 -6.638 -8.168 -7.741 -7.26 -6.906 -6.572 -7.736 -7.314 -6.977 -6.775 -6.832 -7.323 -7.554 -7.115 -5.903 -5.359 -4.731 -7.402
0.007585 -8.991 -8.793 -8.662 -8.26 -7.913 -7.537 -8.507 -8.209 -7.909 -7.526 -7.14 -6.692 -8.219 -7.793 -7.313 -6.959 -6.626 -7.788 -7.366 -7.029 -6.827 -6.882 -7.376 -7.606 -7.168 -5.958 -5.414 -4.786 -7.454
0.007814 -9.034 -8.839 -8.709 -8.31 -7.964 -7.589 -8.554 -8.259 -7.96 -7.579 -7.193 -6.746 -8.269 -7.845 -7.366 -7.012 -6.679 -7.839 -7.419 -7.082 -6.879 -6.931 -7.428 -7.658 -7.221 -6.012 -5.469 -4.841 -7.507
0.00805 -9.077 -8.884 -8.756 -8.36 -8.015 -7.642 -8.6 -8.309 -8.012 -7.631 -7.246 -6.799 -8.319 -7.896 -7.419 -7.066 -6.733 -7.89 -7.471 -7.134 -6.931 -6.981 -7.481 -7.71 -7.274 -6.067 -5.524 -4.896 -7.559
0.008294 -9.119 -8.93 -8.803 -8.41 -8.067 -7.694 -8.647 -8.359 -8.063 -7.683 -7.299 -6.853 -8.369 -7.948 -7.471 -7.119 -6.787 -7.941 -7.522 -7.186 -6.983 -7.03 -7.533 -7.762 -7.327 -6.121 -5.579 -4.951 -7.611
0.008545 -9.161 -8.975 -8.849 -8.459 -8.118 -7.746 -8.694 -8.409 -8.114 -7.735 -7.352 -6.906 -8.419 -7.999 -7.524 -7.172 -6.84 -7.992 -7.574 -7.238 -7.034 -7.079 -7.585 -7.814 -7.38 -6.175 -5.633 -5.006 -7.663
0.008803 -9.203 -9.02 -8.895 -8.509 -8.168 -7.798 -8.74 -8.459 -8.165 -7.787 -7.405 -6.96 -8.468 -8.05 -7.576 -7.225 -6.894 -8.043 -7.626 -7.29 -7.086 -7.128 -7.637 -7.866 -7.433 -6.229 -5.688 -5.061 -7.715
0.009069 -9.245 -9.065 -8.941 -8.558 -8.219 -7.85 -8.786 -8.508 -8.215 -7.839 -7.458 -7.013 -8.518 -8.101 -7.629 -7.278 -6.947 -8.094 -7.678 -7.342 -7.137 -7.177 -7.689 -7.917 -7.485 -6.284 -5.742 -5.116 -7.766
0.009344 -9.287 -9.11 -8.987 -8.607 -8.27 -7.901 -8.832 -8.557 -8.266 -7.891 -7.51 -7.066 -8.567 -8.152 -7.681 -7.331 -7.001 -8.144 -7.729 -7.394 -7.189 -7.227 -7.741 -7.969 -7.538 -6.338 -5.797 -5.171 -7.818
0.009626 -9.328 -9.154 -9.033 -8.656 -8.32 -7.953 -8.878 -8.607 -8.317 -7.943 -7.563 -7.12 -8.616 -8.203 -7.733 -7.384 -7.054 -8.195 -7.781 -7.446 -7.24 -7.276 -7.793 -8.02 -7.59 -6.392 -5.851 -5.225 -7.87
