web/models/kne/30/villar_0.0338_0.3747_1.0000.dat
# %ECSV 1.0
# ---
# datatype:
# - {name: time, datatype: float64}
# - {name: swift_uvot_uvw2, datatype: float64}
# - {name: swift_uvot_uvm2, datatype: float64}
# - {name: swift_uvot_uvw1, datatype: float64}
# - {name: swift_uvot_U, datatype: float64}
# - {name: swift_uvot_B, datatype: float64}
# - {name: swift_uvot_V, datatype: float64}
# - {name: swift_uvot_W, datatype: float64}
# - {name: johnson_U, datatype: float64}
# - {name: johnson_B, datatype: float64}
# - {name: johnson_V, datatype: float64}
# - {name: johnson_R, datatype: float64}
# - {name: johnson_I, datatype: float64}
# - {name: sdss_u, datatype: float64}
# - {name: sdss_g, datatype: float64}
# - {name: sdss_r, datatype: float64}
# - {name: sdss_i, datatype: float64}
# - {name: sdss_z, datatype: float64}
# - {name: PS1_g, datatype: float64}
# - {name: PS1_r, datatype: float64}
# - {name: PS1_i, datatype: float64}
# - {name: PS1_z, datatype: float64}
# - {name: PS1_Y, datatype: float64}
# - {name: PS1_w, datatype: float64}
# - {name: ATLAS_c, datatype: float64}
# - {name: ATLAS_o, datatype: float64}
# - {name: ukirt_J, datatype: float64}
# - {name: ukirt_H, datatype: float64}
# - {name: ukirt_K, datatype: float64}
# - {name: Clear, datatype: float64}
# meta: !!omap
# - comment: [kappa = 1.0, type = villar, mass = 0.03383890769761434, velocity = 0.3746666666666667, theta_obs = 0.0]
# schema: astropy-2.0
time swift_uvot_uvw2 swift_uvot_uvm2 swift_uvot_uvw1 swift_uvot_U swift_uvot_B swift_uvot_V swift_uvot_W johnson_U johnson_B johnson_V johnson_R johnson_I sdss_u sdss_g sdss_r sdss_i sdss_z PS1_g PS1_r PS1_i PS1_z PS1_Y PS1_w ATLAS_c ATLAS_o ukirt_J ukirt_H ukirt_K Clear
[from data line 77]
0.009917 -10.929 -10.896 -10.848 -10.652 -10.401 -10.098 -10.708 -10.617 -10.397 -10.088 -9.752 -9.35 -10.625 -10.306 -9.906 -9.594 -9.29 -10.289 -9.931 -9.624 -9.412 -9.367 -9.948 -10.15 -9.777 -8.666 -8.147 -7.538 -10.009
0.010217 -10.963 -10.934 -10.888 -10.697 -10.449 -10.147 -10.749 -10.663 -10.445 -10.138 -9.803 -9.401 -10.671 -10.354 -9.956 -9.645 -9.342 -10.337 -9.981 -9.675 -9.463 -9.417 -9.998 -10.199 -9.828 -8.719 -8.2 -7.593 -10.058
0.010526 -10.997 -10.972 -10.928 -10.742 -10.496 -10.197 -10.79 -10.708 -10.492 -10.187 -9.854 -9.453 -10.716 -10.402 -10.007 -9.696 -9.394 -10.385 -10.031 -9.725 -9.514 -9.467 -10.048 -10.248 -9.878 -8.772 -8.254 -7.647 -10.107
0.010845 -11.031 -11.009 -10.967 -10.787 -10.543 -10.246 -10.83 -10.753 -10.54 -10.236 -9.904 -9.505 -10.761 -10.45 -10.057 -9.747 -9.446 -10.433 -10.081 -9.776 -9.565 -9.516 -10.097 -10.297 -9.929 -8.825 -8.308 -7.701 -10.156
0.011173 -11.065 -11.046 -11.006 -10.832 -10.591 -10.295 -10.87 -10.798 -10.587 -10.285 -9.955 -9.557 -10.806 -10.498 -10.107 -9.798 -9.498 -10.481 -10.13 -9.826 -9.616 -9.566 -10.147 -10.346 -9.979 -8.878 -8.361 -7.755 -10.205
0.011511 -11.098 -11.083 -11.045 -10.876 -10.638 -10.344 -10.91 -10.843 -10.634 -10.334 -10.005 -9.608 -10.851 -10.545 -10.157 -9.849 -9.549 -10.528 -10.18 -9.877 -9.667 -9.615 -10.196 -10.394 -10.03 -8.931 -8.415 -7.809 -10.254
0.011859 -11.131 -11.119 -11.084 -10.92 -10.685 -10.393 -10.95 -10.888 -10.681 -10.383 -10.055 -9.66 -10.896 -10.593 -10.206 -9.9 -9.601 -10.576 -10.229 -9.927 -9.717 -9.665 -10.245 -10.443 -10.08 -8.984 -8.468 -7.863 -10.303
0.012217 -11.164 -11.155 -11.123 -10.964 -10.731 -10.442 -10.99 -10.932 -10.728 -10.432 -10.106 -9.711 -10.94 -10.64 -10.256 -9.951 -9.653 -10.623 -10.279 -9.978 -9.768 -9.714 -10.294 -10.491 -10.13 -9.037 -8.522 -7.917 -10.351
0.012587 -11.196 -11.191 -11.161 -11.008 -10.778 -10.49 -11.029 -10.977 -10.774 -10.481 -10.156 -9.762 -10.984 -10.688 -10.305 -10.001 -9.704 -10.671 -10.328 -10.028 -9.818 -9.763 -10.343 -10.539 -10.18 -9.089 -8.575 -7.971 -10.4
0.012968 -11.228 -11.227 -11.199 -11.052 -10.824 -10.539 -11.068 -11.021 -10.821 -10.529 -10.206 -9.813 -11.028 -10.735 -10.355 -10.052 -9.756 -10.718 -10.377 -10.078 -9.868 -9.813 -10.392 -10.587 -10.23 -9.142 -8.628 -8.025 -10.448
0.01336 -11.26 -11.262 -11.237 -11.095 -10.871 -10.587 -11.107 -11.065 -10.867 -10.578 -10.255 -9.865 -11.072 -10.782 -10.404 -10.102 -9.807 -10.765 -10.426 -10.128 -9.919 -9.862 -10.441 -10.635 -10.279 -9.194 -8.681 -8.078 -10.497
0.013764 -11.291 -11.297 -11.274 -11.139 -10.917 -10.636 -11.145 -11.109 -10.913 -10.626 -10.305 -9.916 -11.116 -10.829 -10.453 -10.153 -9.858 -10.812 -10.475 -10.178 -9.969 -9.911 -10.49 -10.683 -10.329 -9.247 -8.735 -8.132 -10.545
0.01418 -11.322 -11.332 -11.312 -11.182 -10.963 -10.684 -11.184 -11.152 -10.959 -10.674 -10.355 -9.967 -11.16 -10.875 -10.502 -10.203 -9.909 -10.859 -10.523 -10.228 -10.019 -9.96 -10.538 -10.73 -10.379 -9.299 -8.788 -8.186 -10.593
0.014609 -11.353 -11.366 -11.349 -11.225 -11.009 -10.732 -11.222 -11.196 -11.005 -10.722 -10.404 -10.018 -11.203 -10.922 -10.551 -10.253 -9.96 -10.905 -10.572 -10.278 -10.069 -10.009 -10.587 -10.778 -10.428 -9.352 -8.841 -8.24 -10.641
0.015051 -11.383 -11.4 -11.385 -11.268 -11.054 -10.78 -11.26 -11.239 -11.051 -10.77 -10.454 -10.068 -11.246 -10.969 -10.6 -10.304 -10.012 -10.952 -10.621 -10.327 -10.119 -10.058 -10.635 -10.825 -10.477 -9.404 -8.894 -8.293 -10.689
0.015506 -11.413 -11.434 -11.422 -11.31 -11.1 -10.827 -11.298 -11.282 -11.096 -10.818 -10.503 -10.119 -11.289 -11.015 -10.649 -10.354 -10.062 -10.998 -10.669 -10.377 -10.169 -10.108 -10.683 -10.873 -10.527 -9.456 -8.947 -8.347 -10.736
0.015975 -11.443 -11.467 -11.458 -11.353 -11.145 -10.875 -11.335 -11.325 -11.142 -10.866 -10.553 -10.17 -11.332 -11.061 -10.698 -10.404 -10.113 -11.044 -10.718 -10.426 -10.219 -10.156 -10.731 -10.92 -10.576 -9.508 -9.0 -8.4 -10.784
0.016458 -11.472 -11.501 -11.494 -11.395 -11.191 -10.923 -11.373 -11.368 -11.187 -10.913 -10.602 -10.22 -11.375 -11.107 -10.746 -10.453 -10.164 -11.091 -10.766 -10.476 -10.269 -10.205 -10.779 -10.967 -10.625 -9.561 -9.053 -8.454 -10.831
0.016956 -11.502 -11.533 -11.53 -11.437 -11.236 -10.97 -11.41 -11.41 -11.232 -10.961 -10.651 -10.271 -11.417 -11.153 -10.795 -10.503 -10.215 -11.137 -10.814 -10.525 -10.319 -10.254 -10.827 -11.014 -10.674 -9.613 -9.105 -8.507 -10.879
0.017469 -11.53 -11.566 -11.565 -11.479 -11.281 -11.017 -11.447 -11.453 -11.277 -11.008 -10.7 -10.321 -11.46 -11.199 -10.843 -10.553 -10.265 -11.182 -10.862 -10.575 -10.369 -10.303 -10.875 -11.061 -10.723 -9.665 -9.158 -8.561 -10.926
0.017997 -11.559 -11.598 -11.6 -11.52 -11.325 -11.065 -11.483 -11.495 -11.322 -11.055 -10.749 -10.372 -11.502 -11.244 -10.891 -10.602 -10.316 -11.228 -10.91 -10.624 -10.418 -10.352 -10.923 -11.107 -10.772 -9.717 -9.211 -8.614 -10.973
0.018541 -11.587 -11.63 -11.635 -11.562 -11.37 -11.112 -11.52 -11.537 -11.367 -11.103 -10.797 -10.422 -11.544 -11.29 -10.94 -10.652 -10.367 -11.274 -10.958 -10.673 -10.468 -10.401 -10.97 -11.154 -10.82 -9.769 -9.264 -8.667 -11.02
0.019102 -11.615 -11.662 -11.67 -11.603 -11.415 -11.159 -11.556 -11.579 -11.411 -11.15 -10.846 -10.472 -11.585 -11.335 -10.988 -10.701 -10.417 -11.319 -11.006 -10.722 -10.517 -10.449 -11.017 -11.2 -10.869 -9.82 -9.316 -8.72 -11.067
0.01968 -11.642 -11.693 -11.704 -11.644 -11.459 -11.206 -11.592 -11.62 -11.455 -11.196 -10.895 -10.522 -11.627 -11.38 -11.036 -10.751 -10.467 -11.365 -11.053 -10.771 -10.567 -10.498 -11.065 -11.247 -10.917 -9.872 -9.369 -8.774 -11.114
0.020275 -11.669 -11.724 -11.738 -11.685 -11.503 -11.252 -11.628 -11.662 -11.5 -11.243 -10.943 -10.572 -11.668 -11.425 -11.083 -10.8 -10.518 -11.41 -11.101 -10.82 -10.616 -10.547 -11.112 -11.293 -10.966 -9.924 -9.421 -8.827 -11.16
0.020888 -11.696 -11.754 -11.772 -11.725 -11.547 -11.299 -11.664 -11.703 -11.544 -11.29 -10.992 -10.622 -11.709 -11.47 -11.131 -10.849 -10.568 -11.455 -11.148 -10.869 -10.666 -10.595 -11.159 -11.339 -11.014 -9.976 -9.474 -8.88 -11.207
0.02152 -11.722 -11.785 -11.805 -11.766 -11.591 -11.345 -11.699 -11.744 -11.588 -11.336 -11.04 -10.672 -11.75 -11.515 -11.179 -10.898 -10.618 -11.5 -11.196 -10.917 -10.715 -10.644 -11.206 -11.385 -11.062 -10.027 -9.526 -8.933 -11.253
0.022171 -11.748 -11.814 -11.838 -11.806 -11.635 -11.392 -11.734 -11.785 -11.631 -11.383 -11.088 -10.722 -11.791 -11.56 -11.226 -10.947 -10.668 -11.545 -11.243 -10.966 -10.764 -10.692 -11.253 -11.431 -11.11 -10.079 -9.579 -8.986 -11.299
0.022841 -11.774 -11.844 -11.871 -11.846 -11.678 -11.438 -11.769 -11.825 -11.675 -11.429 -11.136 -10.772 -11.831 -11.604 -11.274 -10.996 -10.718 -11.589 -11.29 -11.014 -10.813 -10.741 -11.3 -11.476 -11.158 -10.13 -9.631 -9.039 -11.345
0.023532 -11.799 -11.873 -11.904 -11.886 -11.722 -11.484 -11.804 -11.866 -11.718 -11.475 -11.184 -10.821 -11.872 -11.648 -11.321 -11.045 -10.768 -11.634 -11.337 -11.063 -10.862 -10.789 -11.346 -11.522 -11.206 -10.182 -9.683 -9.092 -11.391
0.024244 -11.824 -11.902 -11.936 -11.925 -11.765 -11.53 -11.838 -11.906 -11.761 -11.521 -11.232 -10.871 -11.912 -11.693 -11.368 -11.094 -10.818 -11.678 -11.384 -11.111 -10.911 -10.837 -11.393 -11.567 -11.254 -10.233 -9.735 -9.145 -11.437
0.024977 -11.848 -11.931 -11.968 -11.964 -11.808 -11.576 -11.872 -11.946 -11.805 -11.567 -11.28 -10.92 -11.952 -11.737 -11.415 -11.142 -10.867 -11.722 -11.431 -11.16 -10.96 -10.886 -11.439 -11.612 -11.301 -10.284 -9.788 -9.198 -11.483
0.025733 -11.872 -11.959 -12.0 -12.004 -11.851 -11.621 -11.906 -11.986 -11.847 -11.613 -11.328 -10.97 -11.991 -11.78 -11.462 -11.191 -10.917 -11.766 -11.478 -11.208 -11.009 -10.934 -11.485 -11.657 -11.349 -10.336 -9.84 -9.251 -11.529
0.026511 -11.896 -11.987 -12.031 -12.042 -11.894 -11.667 -11.94 -12.025 -11.89 -11.658 -11.375 -11.019 -12.031 -11.824 -11.509 -11.239 -10.966 -11.81 -11.524 -11.256 -11.058 -10.982 -11.531 -11.702 -11.396 -10.387 -9.892 -9.304 -11.574
0.027313 -11.919 -12.014 -12.062 -12.081 -11.936 -11.712 -11.974 -12.065 -11.933 -11.704 -11.423 -11.068 -12.07 -11.868 -11.556 -11.287 -11.016 -11.854 -11.571 -11.304 -11.106 -11.03 -11.578 -11.747 -11.444 -10.438 -9.944 -9.357 -11.62
0.028139 -11.942 -12.041 -12.093 -12.12 -11.979 -11.758 -12.007 -12.104 -11.975 -11.749 -11.47 -11.117 -12.109 -11.911 -11.602 -11.336 -11.065 -11.898 -11.617 -11.352 -11.155 -11.078 -11.623 -11.792 -11.491 -10.489 -9.996 -9.409 -11.665
0.02899 -11.965 -12.068 -12.124 -12.158 -12.021 -11.803 -12.04 -12.143 -12.017 -11.794 -11.517 -11.166 -12.148 -11.954 -11.649 -11.384 -11.115 -11.941 -11.663 -11.4 -11.203 -11.126 -11.669 -11.836 -11.538 -10.54 -10.048 -9.462 -11.71
0.029867 -11.987 -12.094 -12.154 -12.196 -12.063 -11.848 -12.073 -12.181 -12.059 -11.839 -11.564 -11.215 -12.187 -11.997 -11.695 -11.432 -11.164 -11.984 -11.709 -11.447 -11.252 -11.174 -11.715 -11.881 -11.585 -10.591 -10.1 -9.515 -11.755
0.03077 -12.009 -12.12 -12.184 -12.234 -12.105 -11.893 -12.105 -12.22 -12.101 -11.884 -11.611 -11.264 -12.225 -12.04 -11.741 -11.48 -11.213 -12.028 -11.756 -11.495 -11.3 -11.222 -11.76 -11.925 -11.632 -10.642 -10.152 -9.567 -11.8
0.031701 -12.031 -12.146 -12.213 -12.271 -12.146 -11.938 -12.138 -12.258 -12.143 -11.929 -11.658 -11.313 -12.263 -12.083 -11.787 -11.528 -11.262 -12.071 -11.801 -11.543 -11.349 -11.27 -11.806 -11.969 -11.679 -10.693 -10.204 -9.62 -11.845
0.032659 -12.052 -12.171 -12.243 -12.309 -12.188 -11.982 -12.17 -12.296 -12.185 -11.974 -11.705 -11.362 -12.301 -12.126 -11.833 -11.575 -11.311 -12.113 -11.847 -11.59 -11.397 -11.318 -11.851 -12.013 -11.726 -10.744 -10.255 -9.673 -11.889
0.033647 -12.072 -12.196 -12.272 -12.346 -12.229 -12.027 -12.202 -12.334 -12.226 -12.018 -11.752 -11.411 -12.339 -12.168 -11.879 -11.623 -11.36 -12.156 -11.893 -11.638 -11.445 -11.366 -11.896 -12.057 -11.772 -10.794 -10.307 -9.725 -11.934
0.034665 -12.093 -12.221 -12.3 -12.383 -12.27 -12.071 -12.233 -12.372 -12.267 -12.063 -11.798 -11.459 -12.376 -12.21 -11.925 -11.671 -11.409 -12.199 -11.938 -11.685 -11.493 -11.413 -11.941 -12.101 -11.819 -10.845 -10.359 -9.778 -11.978
0.035713 -12.112 -12.245 -12.328 -12.419 -12.311 -12.115 -12.265 -12.409 -12.308 -12.107 -11.845 -11.508 -12.413 -12.252 -11.971 -11.718 -11.458 -12.241 -11.984 -11.732 -11.541 -11.461 -11.986 -12.144 -11.865 -10.896 -10.41 -9.83 -12.022
0.036793 -12.132 -12.268 -12.356 -12.456 -12.352 -12.159 -12.296 -12.446 -12.349 -12.151 -11.891 -11.556 -12.45 -12.294 -12.016 -11.765 -11.506 -12.283 -12.029 -11.779 -11.589 -11.509 -12.031 -12.188 -11.911 -10.946 -10.462 -9.883 -12.066
0.037906 -12.151 -12.292 -12.384 -12.492 -12.393 -12.203 -12.327 -12.483 -12.389 -12.195 -11.938 -11.604 -12.487 -12.336 -12.062 -11.813 -11.555 -12.325 -12.074 -11.826 -11.637 -11.556 -12.075 -12.231 -11.957 -10.997 -10.513 -9.935 -12.11
0.039052 -12.17 -12.314 -12.411 -12.527 -12.433 -12.247 -12.358 -12.52 -12.43 -12.239 -11.984 -11.652 -12.524 -12.378 -12.107 -11.86 -11.603 -12.367 -12.12 -11.873 -11.685 -11.604 -12.12 -12.274 -12.003 -11.047 -10.565 -9.987 -12.154
0.040234 -12.188 -12.337 -12.438 -12.563 -12.473 -12.291 -12.388 -12.556 -12.47 -12.283 -12.03 -11.701 -12.56 -12.419 -12.152 -11.907 -11.652 -12.409 -12.164 -11.92 -11.732 -11.651 -12.164 -12.317 -12.049 -11.098 -10.616 -10.04 -12.198
0.04145 -12.205 -12.359 -12.465 -12.598 -12.513 -12.334 -12.419 -12.592 -12.51 -12.326 -12.076 -11.749 -12.596 -12.46 -12.197 -11.954 -11.7 -12.451 -12.209 -11.967 -11.78 -11.699 -12.209 -12.36 -12.095 -11.148 -10.668 -10.092 -12.241
0.042704 -12.223 -12.381 -12.491 -12.634 -12.553 -12.377 -12.449 -12.628 -12.55 -12.37 -12.122 -11.796 -12.632 -12.501 -12.242 -12.001 -11.748 -12.492 -12.254 -12.013 -11.828 -11.746 -12.253 -12.402 -12.141 -11.198 -10.719 -10.144 -12.285
0.043996 -12.24 -12.402 -12.517 -12.668 -12.593 -12.421 -12.478 -12.664 -12.589 -12.413 -12.167 -11.844 -12.667 -12.542 -12.287 -12.047 -11.797 -12.533 -12.299 -12.06 -11.875 -11.793 -12.297 -12.445 -12.186 -11.248 -10.77 -10.196 -12.328
0.045326 -12.256 -12.422 -12.542 -12.703 -12.632 -12.464 -12.508 -12.699 -12.629 -12.456 -12.213 -11.892 -12.703 -12.583 -12.331 -12.094 -11.845 -12.574 -12.343 -12.106 -11.922 -11.841 -12.34 -12.487 -12.232 -11.298 -10.822 -10.248 -12.371
0.046697 -12.272 -12.443 -12.567 -12.737 -12.671 -12.506 -12.537 -12.734 -12.668 -12.499 -12.258 -11.94 -12.738 -12.623 -12.376 -12.14 -11.893 -12.615 -12.387 -12.152 -11.97 -11.888 -12.384 -12.529 -12.277 -11.348 -10.873 -10.3 -12.414
0.048109 -12.288 -12.463 -12.592 -12.771 -12.71 -12.549 -12.566 -12.769 -12.707 -12.541 -12.304 -11.987 -12.772 -12.663 -12.42 -12.187 -11.94 -12.656 -12.431 -12.199 -12.017 -11.935 -12.428 -12.571 -12.322 -11.398 -10.924 -10.353 -12.457
0.049564 -12.303 -12.482 -12.617 -12.805 -12.749 -12.592 -12.595 -12.804 -12.746 -12.584 -12.349 -12.035 -12.807 -12.703 -12.464 -12.233 -11.988 -12.696 -12.476 -12.245 -12.064 -11.982 -12.471 -12.613 -12.367 -11.448 -10.975 -10.405 -12.499
0.051063 -12.317 -12.501 -12.641 -12.839 -12.787 -12.634 -12.623 -12.838 -12.784 -12.626 -12.394 -12.082 -12.841 -12.743 -12.508 -12.279 -12.036 -12.736 -12.519 -12.291 -12.111 -12.029 -12.514 -12.654 -12.412 -11.498 -11.026 -10.457 -12.542
0.052608 -12.331 -12.52 -12.664 -12.872 -12.826 -12.676 -12.652 -12.873 -12.823 -12.669 -12.439 -12.129 -12.875 -12.783 -12.552 -12.325 -12.083 -12.777 -12.563 -12.337 -12.158 -12.076 -12.557 -12.696 -12.457 -11.548 -11.077 -10.509 -12.584
0.054199 -12.345 -12.538 -12.687 -12.905 -12.864 -12.718 -12.68 -12.906 -12.861 -12.711 -12.484 -12.177 -12.909 -12.822 -12.596 -12.371 -12.131 -12.816 -12.607 -12.382 -12.205 -12.123 -12.6 -12.737 -12.501 -11.598 -11.128 -10.56 -12.626
0.055838 -12.358 -12.555 -12.71 -12.937 -12.902 -12.76 -12.707 -12.94 -12.899 -12.753 -12.528 -12.224 -12.942 -12.862 -12.639 -12.417 -12.178 -12.856 -12.65 -12.428 -12.252 -12.169 -12.643 -12.778 -12.546 -11.647 -11.179 -10.612 -12.668
0.057527 -12.371 -12.573 -12.733 -12.97 -12.94 -12.802 -12.735 -12.973 -12.937 -12.795 -12.573 -12.271 -12.975 -12.901 -12.683 -12.463 -12.226 -12.896 -12.694 -12.473 -12.298 -12.216 -12.686 -12.819 -12.59 -11.697 -11.23 -10.664 -12.71
0.059267 -12.383 -12.589 -12.755 -13.002 -12.977 -12.843 -12.762 -13.006 -12.974 -12.836 -12.617 -12.317 -13.008 -12.94 -12.726 -12.508 -12.273 -12.935 -12.737 -12.519 -12.345 -12.263 -12.728 -12.86 -12.634 -11.747 -11.28 -10.716 -12.752
0.061059 -12.395 -12.606 -12.777 -13.033 -13.014 -12.885 -12.789 -13.039 -13.011 -12.878 -12.661 -12.364 -13.041 -12.978 -12.769 -12.554 -12.32 -12.974 -12.78 -12.564 -12.391 -12.309 -12.77 -12.9 -12.679 -11.796 -11.331 -10.768 -12.793
0.062906 -12.406 -12.621 -12.798 -13.065 -13.051 -12.926 -12.816 -13.071 -13.048 -12.919 -12.706 -12.411 -13.073 -13.017 -12.812 -12.599 -12.367 -13.013 -12.823 -12.609 -12.438 -12.356 -12.813 -12.941 -12.723 -11.845 -11.382 -10.819 -12.835
0.064808 -12.417 -12.636 -12.819 -13.096 -13.088 -12.967 -12.843 -13.103 -13.085 -12.96 -12.75 -12.457 -13.105 -13.055 -12.855 -12.644 -12.414 -13.052 -12.865 -12.654 -12.484 -12.402 -12.855 -12.981 -12.766 -11.895 -11.432 -10.871 -12.876
0.066769 -12.427 -12.651 -12.839 -13.127 -13.124 -13.008 -12.869 -13.135 -13.122 -13.001 -12.793 -12.504 -13.136 -13.093 -12.898 -12.689 -12.461 -13.09 -12.908 -12.699 -12.53 -12.448 -12.896 -13.021 -12.81 -11.944 -11.483 -10.923 -12.917
0.068788 -12.437 -12.665 -12.859 -13.157 -13.161 -13.048 -12.895 -13.167 -13.158 -13.041 -12.837 -12.55 -13.168 -13.131 -12.94 -12.734 -12.507 -13.129 -12.95 -12.744 -12.576 -12.495 -12.938 -13.061 -12.853 -11.993 -11.533 -10.974 -12.958
0.070868 -12.447 -12.679 -12.879 -13.187 -13.197 -13.089 -12.92 -13.198 -13.194 -13.082 -12.881 -12.596 -13.199 -13.168 -12.983 -12.779 -12.554 -13.167 -12.993 -12.789 -12.622 -12.541 -12.98 -13.1 -12.897 -12.042 -11.584 -11.026 -12.999
