web/models/kne/30/villar_0.0224_0.3590_1.0000.dat
# %ECSV 1.0
# ---
# datatype:
# - {name: time, datatype: float64}
# - {name: swift_uvot_uvw2, datatype: float64}
# - {name: swift_uvot_uvm2, datatype: float64}
# - {name: swift_uvot_uvw1, datatype: float64}
# - {name: swift_uvot_U, datatype: float64}
# - {name: swift_uvot_B, datatype: float64}
# - {name: swift_uvot_V, datatype: float64}
# - {name: swift_uvot_W, datatype: float64}
# - {name: johnson_U, datatype: float64}
# - {name: johnson_B, datatype: float64}
# - {name: johnson_V, datatype: float64}
# - {name: johnson_R, datatype: float64}
# - {name: johnson_I, datatype: float64}
# - {name: sdss_u, datatype: float64}
# - {name: sdss_g, datatype: float64}
# - {name: sdss_r, datatype: float64}
# - {name: sdss_i, datatype: float64}
# - {name: sdss_z, datatype: float64}
# - {name: PS1_g, datatype: float64}
# - {name: PS1_r, datatype: float64}
# - {name: PS1_i, datatype: float64}
# - {name: PS1_z, datatype: float64}
# - {name: PS1_Y, datatype: float64}
# - {name: PS1_w, datatype: float64}
# - {name: ATLAS_c, datatype: float64}
# - {name: ATLAS_o, datatype: float64}
# - {name: ukirt_J, datatype: float64}
# - {name: ukirt_H, datatype: float64}
# - {name: ukirt_K, datatype: float64}
# - {name: Clear, datatype: float64}
# meta: !!omap
# - comment: [kappa = 1.0, type = villar, mass = 0.022360679775100388, velocity = 0.359, theta_obs = 0.0]
# schema: astropy-2.0
time swift_uvot_uvw2 swift_uvot_uvm2 swift_uvot_uvw1 swift_uvot_U swift_uvot_B swift_uvot_V swift_uvot_W johnson_U johnson_B johnson_V johnson_R johnson_I sdss_u sdss_g sdss_r sdss_i sdss_z PS1_g PS1_r PS1_i PS1_z PS1_Y PS1_w ATLAS_c ATLAS_o ukirt_J ukirt_H ukirt_K Clear
[from data line 213]
0.570517 -10.783 -10.975 -12.079 -13.514 -14.298 -14.779 -13.382 -13.661 -14.307 -14.789 -15.023 -15.1 -13.624 -14.488 -14.947 -15.085 -15.106 -14.574 -14.959 -15.097 -15.125 -15.142 -14.892 -14.714 -15.012 -14.94 -14.666 -14.256 -14.85
0.587772 -10.728 -10.894 -12.025 -13.482 -14.284 -14.78 -13.365 -13.632 -14.294 -14.79 -15.036 -15.123 -13.593 -14.48 -14.955 -15.102 -15.129 -14.569 -14.968 -15.114 -15.147 -15.168 -14.9 -14.714 -15.024 -14.973 -14.704 -14.298 -14.859
0.605549 -10.673 -10.811 -11.968 -13.446 -14.269 -14.78 -13.346 -13.6 -14.279 -14.79 -15.048 -15.144 -13.56 -14.47 -14.962 -15.118 -15.152 -14.562 -14.975 -15.13 -15.169 -15.194 -14.907 -14.713 -15.036 -15.005 -14.741 -14.339 -14.866
0.623863 -10.616 -10.723 -11.908 -13.409 -14.251 -14.778 -13.326 -13.566 -14.262 -14.789 -15.059 -15.165 -13.525 -14.459 -14.968 -15.133 -15.174 -14.553 -14.981 -15.146 -15.19 -15.218 -14.913 -14.71 -15.046 -15.037 -14.777 -14.379 -14.871
0.642731 -10.558 -10.632 -11.846 -13.368 -14.231 -14.774 -13.304 -13.529 -14.243 -14.786 -15.068 -15.184 -13.487 -14.445 -14.972 -15.146 -15.194 -14.542 -14.985 -15.159 -15.209 -15.241 -14.918 -14.705 -15.054 -15.067 -14.814 -14.42 -14.876
0.66217 -10.5 -10.537 -11.78 -13.325 -14.209 -14.768 -13.28 -13.49 -14.221 -14.781 -15.076 -15.203 -13.446 -14.43 -14.974 -15.159 -15.214 -14.53 -14.988 -15.172 -15.228 -15.263 -14.921 -14.698 -15.061 -15.097 -14.849 -14.459 -14.879
0.682197 -10.441 -10.437 -11.711 -13.279 -14.185 -14.761 -13.254 -13.447 -14.197 -14.774 -15.082 -15.22 -13.402 -14.412 -14.975 -15.17 -15.232 -14.515 -14.989 -15.183 -15.245 -15.285 -14.923 -14.69 -15.067 -15.126 -14.884 -14.499 -14.881
0.70283 -10.382 -10.333 -11.638 -13.229 -14.158 -14.751 -13.226 -13.402 -14.171 -14.765 -15.087 -15.236 -13.355 -14.392 -14.974 -15.179 -15.25 -14.498 -14.988 -15.193 -15.261 -15.305 -14.922 -14.679 -15.071 -15.154 -14.918 -14.537 -14.881
0.724086 -10.322 -10.224 -11.563 -13.176 -14.128 -14.739 -13.196 -13.353 -14.142 -14.754 -15.091 -15.25 -13.304 -14.369 -14.971 -15.187 -15.266 -14.479 -14.986 -15.201 -15.276 -15.324 -14.92 -14.667 -15.073 -15.182 -14.951 -14.575 -14.879
0.745986 -10.263 -10.11 -11.483 -13.12 -14.096 -14.725 -13.164 -13.301 -14.11 -14.741 -15.092 -15.263 -13.251 -14.344 -14.966 -15.193 -15.28 -14.457 -14.981 -15.208 -15.29 -15.341 -14.917 -14.652 -15.074 -15.208 -14.984 -14.613 -14.876
0.768548 -10.203 -9.991 -11.399 -13.06 -14.06 -14.709 -13.129 -13.246 -14.076 -14.725 -15.092 -15.275 -13.193 -14.316 -14.959 -15.198 -15.293 -14.433 -14.974 -15.213 -15.301 -15.358 -14.911 -14.635 -15.073 -15.233 -15.015 -14.65 -14.871
0.791792 -10.143 -9.866 -11.312 -12.996 -14.022 -14.69 -13.092 -13.186 -14.038 -14.707 -15.089 -15.285 -13.132 -14.285 -14.949 -15.2 -15.305 -14.406 -14.966 -15.216 -15.312 -15.373 -14.903 -14.615 -15.069 -15.257 -15.046 -14.686 -14.863
0.815739 -10.084 -9.735 -11.22 -12.928 -13.98 -14.668 -13.052 -13.123 -13.997 -14.686 -15.085 -15.294 -13.067 -14.252 -14.938 -15.201 -15.315 -14.376 -14.955 -15.217 -15.32 -15.386 -14.893 -14.593 -15.064 -15.28 -15.076 -14.721 -14.854
0.840411 -10.025 -9.598 -11.124 -12.856 -13.934 -14.643 -13.009 -13.055 -13.952 -14.662 -15.078 -15.301 -12.997 -14.214 -14.923 -15.2 -15.323 -14.343 -14.941 -15.216 -15.327 -15.398 -14.881 -14.568 -15.056 -15.302 -15.105 -14.756 -14.843
0.865828 -9.967 -9.454 -11.023 -12.779 -13.885 -14.616 -12.962 -12.983 -13.904 -14.636 -15.069 -15.305 -12.923 -14.174 -14.907 -15.196 -15.33 -14.307 -14.925 -15.213 -15.332 -15.408 -14.866 -14.539 -15.046 -15.323 -15.133 -14.79 -14.829
0.892015 -9.91 -9.304 -10.917 -12.696 -13.832 -14.585 -12.913 -12.906 -13.852 -14.606 -15.058 -15.308 -12.843 -14.13 -14.887 -15.191 -15.334 -14.267 -14.906 -15.208 -15.335 -15.417 -14.849 -14.508 -15.034 -15.342 -15.16 -14.823 -14.814
0.918993 -9.854 -9.146 -10.805 -12.609 -13.774 -14.55 -12.861 -12.824 -13.796 -14.572 -15.043 -15.309 -12.759 -14.082 -14.864 -15.182 -15.336 -14.224 -14.884 -15.2 -15.336 -15.423 -14.829 -14.474 -15.018 -15.359 -15.186 -14.855 -14.795
0.946787 -9.799 -8.98 -10.688 -12.516 -13.712 -14.512 -12.804 -12.736 -13.735 -14.536 -15.026 -15.307 -12.669 -14.029 -14.838 -15.171 -15.336 -14.177 -14.859 -15.19 -15.335 -15.428 -14.806 -14.435 -15.0 -15.375 -15.21 -14.886 -14.774
0.975422 -9.746 -8.806 -10.566 -12.417 -13.646 -14.47 -12.744 -12.643 -13.669 -14.495 -15.006 -15.303 -12.573 -13.973 -14.809 -15.158 -15.334 -14.126 -14.83 -15.177 -15.331 -15.43 -14.78 -14.393 -14.979 -15.389 -15.233 -14.916 -14.75
1.004923 -9.694 -8.624 -10.437 -12.311 -13.574 -14.424 -12.68 -12.543 -13.599 -14.45 -14.983 -15.297 -12.471 -13.911 -14.776 -15.141 -15.33 -14.071 -14.798 -15.161 -15.324 -15.43 -14.751 -14.347 -14.954 -15.402 -15.255 -14.945 -14.723
1.035317 -9.643 -8.432 -10.301 -12.199 -13.496 -14.373 -12.612 -12.437 -13.523 -14.401 -14.956 -15.288 -12.362 -13.845 -14.739 -15.121 -15.322 -14.01 -14.762 -15.141 -15.315 -15.428 -14.718 -14.297 -14.926 -15.413 -15.275 -14.973 -14.693
1.066629 -9.594 -8.231 -10.159 -12.079 -13.413 -14.318 -12.538 -12.324 -13.441 -14.347 -14.926 -15.275 -12.246 -13.773 -14.698 -15.097 -15.312 -13.945 -14.722 -15.119 -15.303 -15.423 -14.681 -14.242 -14.894 -15.421 -15.294 -15.0 -14.659
1.098888 -9.547 -8.019 -10.01 -11.952 -13.323 -14.257 -12.46 -12.203 -13.353 -14.288 -14.892 -15.26 -12.122 -13.696 -14.652 -15.07 -15.299 -13.875 -14.678 -15.092 -15.288 -15.415 -14.64 -14.182 -14.859 -15.427 -15.311 -15.025 -14.622
1.132124 -9.501 -7.797 -9.852 -11.816 -13.227 -14.191 -12.377 -12.074 -13.258 -14.224 -14.853 -15.241 -11.99 -13.612 -14.602 -15.039 -15.282 -13.799 -14.629 -15.062 -15.269 -15.404 -14.595 -14.117 -14.819 -15.431 -15.326 -15.049 -14.581
1.166364 -9.457 -7.564 -9.687 -11.671 -13.123 -14.119 -12.288 -11.937 -13.156 -14.153 -14.81 -15.219 -11.849 -13.522 -14.546 -15.003 -15.262 -13.717 -14.575 -15.027 -15.247 -15.39 -14.545 -14.046 -14.774 -15.433 -15.339 -15.071 -14.536
1.20164 -9.414 -7.32 -9.513 -11.517 -13.012 -14.041 -12.193 -11.79 -13.047 -14.077 -14.762 -15.193 -11.698 -13.424 -14.485 -14.963 -15.238 -13.629 -14.515 -14.988 -15.22 -15.373 -14.491 -13.969 -14.724 -15.431 -15.35 -15.092 -14.486
1.237983 -9.371 -7.064 -9.331 -11.352 -12.892 -13.956 -12.092 -11.633 -12.93 -13.994 -14.709 -15.162 -11.537 -13.319 -14.418 -14.919 -15.209 -13.534 -14.45 -14.944 -15.19 -15.352 -14.431 -13.886 -14.67 -15.427 -15.359 -15.111 -14.432
1.275425 -9.33 -6.798 -9.138 -11.176 -12.763 -13.864 -11.984 -11.465 -12.804 -13.904 -14.651 -15.127 -11.365 -13.206 -14.344 -14.868 -15.177 -13.431 -14.379 -14.895 -15.155 -15.327 -14.365 -13.795 -14.609 -15.42 -15.365 -15.128 -14.373
1.313999 -9.288 -6.52 -8.936 -10.988 -12.625 -13.763 -11.869 -11.286 -12.668 -13.806 -14.586 -15.088 -11.182 -13.084 -14.264 -14.813 -15.139 -13.321 -14.3 -14.841 -15.115 -15.297 -14.293 -13.697 -14.542 -15.409 -15.369 -15.144 -14.309
1.35374 -9.247 -6.232 -8.723 -10.788 -12.476 -13.654 -11.746 -11.095 -12.522 -13.7 -14.515 -15.043 -10.985 -12.952 -14.176 -14.75 -15.097 -13.203 -14.215 -14.78 -15.07 -15.263 -14.215 -13.591 -14.469 -15.395 -15.37 -15.157 -14.24
1.394683 -9.205 -5.936 -8.499 -10.573 -12.316 -13.536 -11.614 -10.889 -12.365 -13.585 -14.436 -14.992 -10.775 -12.811 -14.08 -14.682 -15.049 -13.076 -14.122 -14.713 -15.019 -15.224 -14.129 -13.476 -14.389 -15.376 -15.368 -15.167 -14.164
1.436864 -9.162 -5.634 -8.262 -10.343 -12.144 -13.408 -11.474 -10.67 -12.196 -13.46 -14.351 -14.935 -10.55 -12.658 -13.976 -14.606 -14.995 -12.94 -14.021 -14.638 -14.962 -15.179 -14.036 -13.352 -14.301 -15.353 -15.362 -15.176 -14.082
1.480321 -9.118 -5.331 -8.013 -10.097 -11.959 -13.269 -11.324 -10.434 -12.015 -13.324 -14.257 -14.872 -10.308 -12.493 -13.861 -14.522 -14.934 -12.794 -13.91 -14.556 -14.898 -15.129 -13.935 -13.218 -14.204 -15.326 -15.353 -15.181 -13.994
1.525092 -9.072 -5.031 -7.751 -9.833 -11.76 -13.118 -11.163 -10.181 -11.819 -13.177 -14.154 -14.802 -10.05 -12.315 -13.737 -14.43 -14.867 -12.638 -13.79 -14.466 -14.827 -15.072 -13.824 -13.072 -14.099 -15.294 -15.34 -15.184 -13.898
1.571218 -9.023 -4.742 -7.474 -9.549 -11.544 -12.955 -10.992 -9.91 -11.609 -13.017 -14.041 -14.724 -9.771 -12.122 -13.602 -14.328 -14.791 -12.471 -13.659 -14.367 -14.748 -15.008 -13.704 -12.915 -13.984 -15.256 -15.323 -15.183 -13.795
1.618738 -8.972 -4.471 -7.182 -9.245 -11.313 -12.778 -10.809 -9.619 -11.382 -12.845 -13.918 -14.637 -9.473 -11.915 -13.454 -14.217 -14.707 -12.293 -13.517 -14.257 -14.661 -14.937 -13.574 -12.744 -13.858 -15.212 -15.302 -15.179 -13.684
1.667696 -8.917 -4.225 -6.873 -8.918 -11.062 -12.585 -10.612 -9.305 -11.137 -12.657 -13.784 -14.541 -9.151 -11.691 -13.293 -14.094 -14.614 -12.103 -13.362 -14.138 -14.564 -14.857 -13.432 -12.559 -13.721 -15.162 -15.275 -15.172 -13.564
1.718134 -8.859 -4.008 -6.547 -8.567 -10.792 -12.376 -10.402 -8.967 -10.873 -12.453 -13.637 -14.435 -8.805 -11.448 -13.118 -13.96 -14.511 -11.902 -13.194 -14.006 -14.457 -14.769 -13.277 -12.359 -13.571 -15.104 -15.243 -15.16 -13.436
1.770098 -8.795 -3.822 -6.202 -8.188 -10.5 -12.149 -10.178 -8.604 -10.588 -12.232 -13.477 -14.318 -8.433 -11.186 -12.927 -13.812 -14.397 -11.689 -13.012 -13.862 -14.338 -14.671 -13.109 -12.142 -13.407 -15.039 -15.206 -15.144 -13.298
1.823633 -8.727 -3.665 -5.836 -7.779 -10.184 -11.902 -9.937 -8.211 -10.28 -11.991 -13.302 -14.189 -8.03 -10.901 -12.718 -13.651 -14.272 -11.465 -12.814 -13.704 -14.208 -14.562 -12.926 -11.907 -13.228 -14.965 -15.161 -15.123 -13.151
1.878788 -8.653 -3.529 -5.448 -7.338 -9.842 -11.634 -9.68 -7.787 -9.946 -11.73 -13.111 -14.047 -7.595 -10.593 -12.491 -13.473 -14.133 -11.23 -12.599 -13.531 -14.064 -14.442 -12.728 -11.652 -13.033 -14.882 -15.11 -15.097 -12.993
1.93561 -8.573 -3.41 -5.035 -6.862 -9.471 -11.341 -9.404 -7.328 -9.584 -11.445 -12.902 -13.891 -7.125 -10.259 -12.243 -13.278 -13.979 -10.985 -12.366 -13.341 -13.906 -14.309 -12.511 -11.375 -12.82 -14.789 -15.051 -15.065 -12.824
1.994152 -8.486 -3.298 -4.596 -6.346 -9.068 -11.022 -9.109 -6.831 -9.192 -11.136 -12.674 -13.719 -6.616 -9.896 -11.972 -13.064 -13.81 -10.734 -12.114 -13.133 -13.731 -14.162 -12.275 -11.074 -12.587 -14.684 -14.983 -15.027 -12.645
2.054463 -8.391 -3.19 -4.127 -5.786 -8.63 -10.675 -8.795 -6.293 -8.767 -10.798 -12.424 -13.529 -6.063 -9.501 -11.676 -12.829 -13.623 -10.478 -11.841 -12.905 -13.538 -14.0 -12.017 -10.746 -12.332 -14.567 -14.906 -14.981 -12.454
2.116599 -8.288 -3.079 -3.625 -5.179 -8.154 -10.295 -8.459 -5.707 -8.305 -10.429 -12.151 -13.32 -5.463 -9.07 -11.351 -12.571 -13.416 -10.22 -11.547 -12.656 -13.327 -13.822 -11.736 -10.388 -12.053 -14.435 -14.818 -14.928 -12.252
2.180614 -8.175 -2.962 -3.087 -4.518 -7.635 -9.879 -8.103 -5.071 -7.802 -10.026 -11.851 -13.09 -4.81 -8.601 -10.996 -12.287 -13.188 -9.964 -11.23 -12.382 -13.093 -13.625 -11.429 -9.999 -11.748 -14.288 -14.718 -14.867 -12.039
2.246566 -8.052 -2.837 -2.509 -3.799 -7.069 -9.424 -7.725 -4.377 -7.253 -9.585 -11.523 -12.836 -4.099 -8.089 -10.606 -11.974 -12.936 -9.713 -10.891 -12.083 -12.836 -13.408 -11.093 -9.573 -11.413 -14.124 -14.606 -14.796 -11.815
2.314511 -7.917 -2.702 -1.886 -3.014 -6.45 -8.925 -7.328 -3.62 -6.655 -9.102 -11.163 -12.556 -3.322 -7.529 -10.178 -11.629 -12.657 -9.469 -10.531 -11.756 -12.552 -13.17 -10.724 -9.108 -11.045 -13.941 -14.479 -14.714 -11.58
2.384512 -7.77 -2.555 -1.213 -2.156 -5.772 -8.376 -6.915 -2.792 -6.001 -8.573 -10.767 -12.246 -2.473 -6.916 -9.707 -11.249 -12.349 -9.234 -10.151 -11.398 -12.24 -12.908 -10.32 -8.598 -10.642 -13.736 -14.336 -14.62 -11.335
2.45663 -7.609 -2.394 -0.484 -1.216 -5.029 -7.773 -6.491 -1.885 -5.285 -7.991 -10.332 -11.904 -1.542 -6.243 -9.188 -10.829 -12.007 -9.005 -9.755 -11.008 -11.896 -12.62 -9.876 -8.038 -10.197 -13.507 -14.174 -14.513 -11.081
2.530929 -7.433 -2.217 0.308 -0.185 -4.212 -7.107 -6.062 -0.888 -4.5 -7.351 -9.853 -11.526 -0.52 -5.502 -8.616 -10.364 -11.627 -8.779 -9.35 -10.584 -11.518 -12.305 -9.388 -7.423 -9.708 -13.251 -13.992 -14.392 -10.818
2.607475 -7.239 -2.024 1.17 0.95 -3.312 -6.373 -5.637 0.208 -3.637 -6.645 -9.324 -11.107 0.605 -4.687 -7.983 -9.848 -11.206 -8.552 -8.943 -10.125 -11.101 -11.96 -8.849 -6.746 -9.167 -12.964 -13.787 -14.253 -10.546
2.686337 -7.027 -1.811 2.111 2.201 -2.319 -5.56 -5.224 1.417 -2.687 -5.865 -8.74 -10.643 1.846 -3.787 -7.282 -9.276 -10.737 -8.318 -8.542 -9.633 -10.645 -11.585 -8.254 -5.998 -8.57 -12.642 -13.556 -14.095 -10.265
2.767583 -6.792 -1.577 3.14 3.584 -1.22 -4.658 -4.829 2.753 -1.639 -5.003 -8.094 -10.126 3.217 -2.79 -6.504 -8.639 -10.215 -8.071 -8.153 -9.113 -10.148 -11.179 -7.595 -5.171 -7.908 -12.282 -13.295 -13.915 -9.973
2.851287 -6.534 -1.318 4.271 5.117 -0.002 -3.655 -4.451 4.235 -0.48 -4.047 -7.377 -9.552 4.738 -1.685 -5.639 -7.93 -9.631 -7.806 -7.778 -8.571 -9.608 -10.741 -6.863 -4.253 -7.173 -11.876 -13.0 -13.711 -9.668
2.937522 -6.248 -1.032 5.515 6.82 1.352 -2.537 -4.084 5.882 0.806 -2.984 -6.581 -8.912 6.428 -0.456 -4.674 -7.137 -8.979 -7.516 -7.412 -8.019 -9.029 -10.275 -6.049 -3.233 -6.355 -11.42 -12.667 -13.478 -9.347
3.026365 -5.93 -0.715 6.89 8.719 2.863 -1.288 -3.717 7.718 2.234 -1.801 -5.694 -8.198 8.311 0.916 -3.595 -6.249 -8.247 -7.197 -7.045 -7.472 -8.419 -9.782 -5.141 -2.096 -5.442 -10.905 -12.29 -13.213 -9.004
3.117896 -5.578 -0.362 8.415 10.843 4.552 0.113 -3.336 9.771 3.827 -0.48 -4.704 -7.398 10.418 2.45 -2.385 -5.252 -7.426 -6.844 -6.663 -6.938 -7.788 -9.266 -4.125 -0.823 -4.421 -10.323 -11.861 -12.91 -8.633
3.212194 -5.184 0.032 10.111 13.225 6.447 1.686 -2.927 12.073 5.607 0.998 -3.597 -6.502 12.78 4.171 -1.025 -4.129 -6.5 -6.45 -6.255 -6.418 -7.151 -8.732 -2.984 0.605 -3.275 -9.663 -11.374 -12.564 -8.228
3.309345 -4.743 0.472 12.008 15.908 8.58 3.461 -2.479 14.665 7.605 2.657 -2.355 -5.494 15.438 6.11 0.509 -2.861 -5.455 -6.009 -5.808 -5.899 -6.519 -8.179 -1.699 2.213 -1.986 -8.913 -10.819 -12.167 -7.78
3.409434 -4.248 0.967 14.138 18.94 10.991 5.47 -1.981 17.592 9.854 4.524 -0.957 -4.359 18.441 8.301 2.246 -1.424 -4.271 -5.514 -5.31 -5.362 -5.891 -7.602 -0.246 4.031 -0.528 -8.059 -10.185 -11.712 -7.281
3.51255 -3.69 1.526 16.542 22.38 13.725 7.751 -1.422 20.911 12.395 6.631 0.62 -3.076 21.846 10.787 4.218 0.209 -2.927 -4.955 -4.751 -4.784 -5.254 -6.99 1.402 6.093 1.124 -7.082 -9.459 -11.187 -6.721
3.618785 -3.057 2.159 19.269 26.299 16.84 10.351 -0.789 24.69 15.28 9.018 2.405 -1.622 25.722 13.618 6.466 2.072 -1.396 -4.323 -4.118 -4.143 -4.58 -6.325 3.279 8.443 3.006 -5.962 -8.624 -10.582 -6.087
3.728232 -2.337 2.879 22.381 30.785 20.402 13.327 -0.069 29.01 18.567 11.73 4.434 0.03 30.152 16.856 9.041 4.207 0.354 -3.603 -3.398 -3.42 -3.842 -5.589 5.427 11.132 5.158 -4.673 -7.661 -9.881 -5.367
3.84099 -1.514 3.702 25.949 35.942 24.496 16.75 0.755 33.971 22.332 14.825 6.748 1.915 35.24 20.576 12.001 6.663 2.361 -2.779 -2.575 -2.596 -3.012 -4.758 7.896 14.224 7.63 -3.183 -6.548 -9.067 -4.543
3.957158 -0.976 4.24 27.474 38.041 26.212 18.224 1.292 35.997 23.926 16.175 7.818 2.831 37.311 22.157 13.309 7.789 3.324 -2.242 -2.037 -2.058 -2.474 -4.22 9.027 15.579 8.762 -2.403 -5.903 -8.529 -4.005
4.07684 -0.597 4.618 27.853 38.419 26.591 18.602 1.671 36.376 24.305 16.554 8.197 3.21 37.69 22.536 13.688 8.168 3.703 -1.863 -1.658 -1.68 -2.095 -3.841 9.406 15.958 9.141 -2.024 -5.525 -8.15 -3.627
4.200141 -0.195 5.02 28.255 38.821 26.993 19.005 2.073 36.778 24.707 16.956 8.599 3.612 38.092 22.938 14.09 8.57 4.105 -1.461 -1.256 -1.278 -1.693 -3.439 9.808 16.36 9.543 -1.622 -5.123 -7.748 -3.225
4.327172 0.232 5.447 28.682 39.248 27.42 19.431 2.5 37.205 25.134 17.382 9.026 4.039 38.519 23.365 14.517 8.997 4.531 -1.034 -0.829 -0.851 -1.266 -3.012 10.235 16.786 9.97 -1.195 -4.696 -7.322 -2.798
4.458044 0.684 5.9 29.135 39.701 27.872 19.884 2.953 37.658 25.587 17.835 9.479 4.492 38.972 23.817 14.97 9.45 4.984 -0.581 -0.376 -0.398 -0.813 -2.559 10.688 17.239 10.423 -0.742 -4.243 -6.869 -2.345
