web/models/linear/58/-17_143_0_363.dat
# %ECSV 1.0
# ---
# datatype:
# - {name: time, datatype: float64}
# - {name: sdss_u, datatype: float64}
# - {name: sdss_g, datatype: float64}
# - {name: sdss_r, datatype: float64}
# - {name: sdss_i, datatype: float64}
# - {name: sdss_z, datatype: float64}
# - {name: Clear, datatype: float64}
# - {name: johnson_B, datatype: float64}
# - {name: johnson_V, datatype: float64}
# - {name: johnson_R, datatype: float64}
# - {name: johnson_I, datatype: float64}
# - {name: ukirt_J, datatype: float64}
# - {name: ukirt_H, datatype: float64}
# - {name: ukirt_K, datatype: float64}
# meta: !!omap
# - comment: [M=-17.142857142857142, dM=0.3630633792844572]
# schema: astropy-2.0
time sdss_u sdss_g sdss_r sdss_i sdss_z Clear johnson_B johnson_V johnson_R johnson_I ukirt_J ukirt_H ukirt_K
[from data line 175]
13.190954773869345 -12.353704526667695 -12.353704526667695 -12.353704526667695 -12.353704526667695 -12.353704526667695 -12.353704526667695 -12.353704526667695 -12.353704526667695 -12.353704526667695 -12.353704526667695 -12.353704526667695 -12.353704526667695 -12.353704526667695
13.266331658291456 -12.32633794028947 -12.32633794028947 -12.32633794028947 -12.32633794028947 -12.32633794028947 -12.32633794028947 -12.32633794028947 -12.32633794028947 -12.32633794028947 -12.32633794028947 -12.32633794028947 -12.32633794028947 -12.32633794028947
13.341708542713567 -12.298971353911245 -12.298971353911245 -12.298971353911245 -12.298971353911245 -12.298971353911245 -12.298971353911245 -12.298971353911245 -12.298971353911245 -12.298971353911245 -12.298971353911245 -12.298971353911245 -12.298971353911245 -12.298971353911245
13.417085427135678 -12.271604767533018 -12.271604767533018 -12.271604767533018 -12.271604767533018 -12.271604767533018 -12.271604767533018 -12.271604767533018 -12.271604767533018 -12.271604767533018 -12.271604767533018 -12.271604767533018 -12.271604767533018 -12.271604767533018
13.492462311557787 -12.244238181154794 -12.244238181154794 -12.244238181154794 -12.244238181154794 -12.244238181154794 -12.244238181154794 -12.244238181154794 -12.244238181154794 -12.244238181154794 -12.244238181154794 -12.244238181154794 -12.244238181154794 -12.244238181154794
13.567839195979898 -12.216871594776567 -12.216871594776567 -12.216871594776567 -12.216871594776567 -12.216871594776567 -12.216871594776567 -12.216871594776567 -12.216871594776567 -12.216871594776567 -12.216871594776567 -12.216871594776567 -12.216871594776567 -12.216871594776567
13.64321608040201 -12.189505008398342 -12.189505008398342 -12.189505008398342 -12.189505008398342 -12.189505008398342 -12.189505008398342 -12.189505008398342 -12.189505008398342 -12.189505008398342 -12.189505008398342 -12.189505008398342 -12.189505008398342 -12.189505008398342
13.718592964824118 -12.162138422020117 -12.162138422020117 -12.162138422020117 -12.162138422020117 -12.162138422020117 -12.162138422020117 -12.162138422020117 -12.162138422020117 -12.162138422020117 -12.162138422020117 -12.162138422020117 -12.162138422020117 -12.162138422020117
13.79396984924623 -12.134771835641892 -12.134771835641892 -12.134771835641892 -12.134771835641892 -12.134771835641892 -12.134771835641892 -12.134771835641892 -12.134771835641892 -12.134771835641892 -12.134771835641892 -12.134771835641892 -12.134771835641892 -12.134771835641892
13.86934673366834 -12.107405249263666 -12.107405249263666 -12.107405249263666 -12.107405249263666 -12.107405249263666 -12.107405249263666 -12.107405249263666 -12.107405249263666 -12.107405249263666 -12.107405249263666 -12.107405249263666 -12.107405249263666 -12.107405249263666
13.944723618090451 -12.08003866288544 -12.08003866288544 -12.08003866288544 -12.08003866288544 -12.08003866288544 -12.08003866288544 -12.08003866288544 -12.08003866288544 -12.08003866288544 -12.08003866288544 -12.08003866288544 -12.08003866288544 -12.08003866288544
14.020100502512562 -12.052672076507214 -12.052672076507214 -12.052672076507214 -12.052672076507214 -12.052672076507214 -12.052672076507214 -12.052672076507214 -12.052672076507214 -12.052672076507214 -12.052672076507214 -12.052672076507214 -12.052672076507214 -12.052672076507214
14.095477386934672 -12.02530549012899 -12.02530549012899 -12.02530549012899 -12.02530549012899 -12.02530549012899 -12.02530549012899 -12.02530549012899 -12.02530549012899 -12.02530549012899 -12.02530549012899 -12.02530549012899 -12.02530549012899 -12.02530549012899
14.170854271356783 -11.997938903750764 -11.997938903750764 -11.997938903750764 -11.997938903750764 -11.997938903750764 -11.997938903750764 -11.997938903750764 -11.997938903750764 -11.997938903750764 -11.997938903750764 -11.997938903750764 -11.997938903750764 -11.997938903750764
14.246231155778894 -11.97057231737254 -11.97057231737254 -11.97057231737254 -11.97057231737254 -11.97057231737254 -11.97057231737254 -11.97057231737254 -11.97057231737254 -11.97057231737254 -11.97057231737254 -11.97057231737254 -11.97057231737254 -11.97057231737254
14.321608040201003 -11.943205730994315 -11.943205730994315 -11.943205730994315 -11.943205730994315 -11.943205730994315 -11.943205730994315 -11.943205730994315 -11.943205730994315 -11.943205730994315 -11.943205730994315 -11.943205730994315 -11.943205730994315 -11.943205730994315
14.396984924623114 -11.915839144616088 -11.915839144616088 -11.915839144616088 -11.915839144616088 -11.915839144616088 -11.915839144616088 -11.915839144616088 -11.915839144616088 -11.915839144616088 -11.915839144616088 -11.915839144616088 -11.915839144616088 -11.915839144616088
14.472361809045225 -11.888472558237861 -11.888472558237861 -11.888472558237861 -11.888472558237861 -11.888472558237861 -11.888472558237861 -11.888472558237861 -11.888472558237861 -11.888472558237861 -11.888472558237861 -11.888472558237861 -11.888472558237861 -11.888472558237861
14.547738693467336 -11.861105971859637 -11.861105971859637 -11.861105971859637 -11.861105971859637 -11.861105971859637 -11.861105971859637 -11.861105971859637 -11.861105971859637 -11.861105971859637 -11.861105971859637 -11.861105971859637 -11.861105971859637 -11.861105971859637
14.623115577889447 -11.833739385481412 -11.833739385481412 -11.833739385481412 -11.833739385481412 -11.833739385481412 -11.833739385481412 -11.833739385481412 -11.833739385481412 -11.833739385481412 -11.833739385481412 -11.833739385481412 -11.833739385481412 -11.833739385481412
14.698492462311556 -11.806372799103187 -11.806372799103187 -11.806372799103187 -11.806372799103187 -11.806372799103187 -11.806372799103187 -11.806372799103187 -11.806372799103187 -11.806372799103187 -11.806372799103187 -11.806372799103187 -11.806372799103187 -11.806372799103187
14.773869346733667 -11.779006212724962 -11.779006212724962 -11.779006212724962 -11.779006212724962 -11.779006212724962 -11.779006212724962 -11.779006212724962 -11.779006212724962 -11.779006212724962 -11.779006212724962 -11.779006212724962 -11.779006212724962 -11.779006212724962
14.849246231155778 -11.751639626346735 -11.751639626346735 -11.751639626346735 -11.751639626346735 -11.751639626346735 -11.751639626346735 -11.751639626346735 -11.751639626346735 -11.751639626346735 -11.751639626346735 -11.751639626346735 -11.751639626346735 -11.751639626346735
14.924623115577887 -11.72427303996851 -11.72427303996851 -11.72427303996851 -11.72427303996851 -11.72427303996851 -11.72427303996851 -11.72427303996851 -11.72427303996851 -11.72427303996851 -11.72427303996851 -11.72427303996851 -11.72427303996851 -11.72427303996851
15.0 -11.696906453590284 -11.696906453590284 -11.696906453590284 -11.696906453590284 -11.696906453590284 -11.696906453590284 -11.696906453590284 -11.696906453590284 -11.696906453590284 -11.696906453590284 -11.696906453590284 -11.696906453590284 -11.696906453590284
