web/models/linear/58/-17_143_0_123.dat
# %ECSV 1.0
# ---
# datatype:
# - {name: time, datatype: float64}
# - {name: swift_uvot_uvw2, datatype: float64}
# - {name: swift_uvot_uvm2, datatype: float64}
# - {name: swift_uvot_uvw1, datatype: float64}
# - {name: swift_uvot_U, datatype: float64}
# - {name: swift_uvot_B, datatype: float64}
# - {name: swift_uvot_V, datatype: float64}
# - {name: swift_uvot_W, datatype: float64}
# - {name: johnson_U, datatype: float64}
# - {name: johnson_B, datatype: float64}
# - {name: johnson_V, datatype: float64}
# - {name: johnson_R, datatype: float64}
# - {name: johnson_I, datatype: float64}
# - {name: sdss_u, datatype: float64}
# - {name: sdss_g, datatype: float64}
# - {name: sdss_r, datatype: float64}
# - {name: sdss_i, datatype: float64}
# - {name: sdss_z, datatype: float64}
# - {name: PS1_g, datatype: float64}
# - {name: PS1_r, datatype: float64}
# - {name: PS1_i, datatype: float64}
# - {name: PS1_z, datatype: float64}
# - {name: PS1_Y, datatype: float64}
# - {name: PS1_w, datatype: float64}
# - {name: ATLAS_c, datatype: float64}
# - {name: ATLAS_o, datatype: float64}
# - {name: ukirt_J, datatype: float64}
# - {name: ukirt_H, datatype: float64}
# - {name: ukirt_K, datatype: float64}
# - {name: Clear, datatype: float64}
# meta: !!omap
# - comment: [M=-17.142857142857142, dM=0.12257636323289027]
# schema: astropy-2.0
time swift_uvot_uvw2 swift_uvot_uvm2 swift_uvot_uvw1 swift_uvot_U swift_uvot_B swift_uvot_V swift_uvot_W johnson_U johnson_B johnson_V johnson_R johnson_I sdss_u sdss_g sdss_r sdss_i sdss_z PS1_g PS1_r PS1_i PS1_z PS1_Y PS1_w ATLAS_c ATLAS_o ukirt_J ukirt_H ukirt_K Clear
0.0 -17.142857142857142 -17.142857142857142 -17.142857142857142 -17.142857142857142 -17.142857142857142 -17.142857142857142 -17.142857142857142 -17.142857142857142 -17.142857142857142 -17.142857142857142 -17.142857142857142 -17.142857142857142 -17.142857142857142 -17.142857142857142 -17.142857142857142 -17.142857142857142 -17.142857142857142 -17.142857142857142 -17.142857142857142 -17.142857142857142 -17.142857142857142 -17.142857142857142 -17.142857142857142 -17.142857142857142 -17.142857142857142 -17.142857142857142 -17.142857142857142 -17.142857142857142 -17.142857142857142
0.07537688442211055 -17.133617718492854 -17.133617718492854 -17.133617718492854 -17.133617718492854 -17.133617718492854 -17.133617718492854 -17.133617718492854 -17.133617718492854 -17.133617718492854 -17.133617718492854 -17.133617718492854 -17.133617718492854 -17.133617718492854 -17.133617718492854 -17.133617718492854 -17.133617718492854 -17.133617718492854 -17.133617718492854 -17.133617718492854 -17.133617718492854 -17.133617718492854 -17.133617718492854 -17.133617718492854 -17.133617718492854 -17.133617718492854 -17.133617718492854 -17.133617718492854 -17.133617718492854 -17.133617718492854
0.1507537688442211 -17.124378294128565 -17.124378294128565 -17.124378294128565 -17.124378294128565 -17.124378294128565 -17.124378294128565 -17.124378294128565 -17.124378294128565 -17.124378294128565 -17.124378294128565 -17.124378294128565 -17.124378294128565 -17.124378294128565 -17.124378294128565 -17.124378294128565 -17.124378294128565 -17.124378294128565 -17.124378294128565 -17.124378294128565 -17.124378294128565 -17.124378294128565 -17.124378294128565 -17.124378294128565 -17.124378294128565 -17.124378294128565 -17.124378294128565 -17.124378294128565 -17.124378294128565 -17.124378294128565
0.22613065326633164 -17.115138869764277 -17.115138869764277 -17.115138869764277 -17.115138869764277 -17.115138869764277 -17.115138869764277 -17.115138869764277 -17.115138869764277 -17.115138869764277 -17.115138869764277 -17.115138869764277 -17.115138869764277 -17.115138869764277 -17.115138869764277 -17.115138869764277 -17.115138869764277 -17.115138869764277 -17.115138869764277 -17.115138869764277 -17.115138869764277 -17.115138869764277 -17.115138869764277 -17.115138869764277 -17.115138869764277 -17.115138869764277 -17.115138869764277 -17.115138869764277 -17.115138869764277 -17.115138869764277
0.3015075376884422 -17.105899445399988 -17.105899445399988 -17.105899445399988 -17.105899445399988 -17.105899445399988 -17.105899445399988 -17.105899445399988 -17.105899445399988 -17.105899445399988 -17.105899445399988 -17.105899445399988 -17.105899445399988 -17.105899445399988 -17.105899445399988 -17.105899445399988 -17.105899445399988 -17.105899445399988 -17.105899445399988 -17.105899445399988 -17.105899445399988 -17.105899445399988 -17.105899445399988 -17.105899445399988 -17.105899445399988 -17.105899445399988 -17.105899445399988 -17.105899445399988 -17.105899445399988 -17.105899445399988
0.37688442211055273 -17.096660021035703 -17.096660021035703 -17.096660021035703 -17.096660021035703 -17.096660021035703 -17.096660021035703 -17.096660021035703 -17.096660021035703 -17.096660021035703 -17.096660021035703 -17.096660021035703 -17.096660021035703 -17.096660021035703 -17.096660021035703 -17.096660021035703 -17.096660021035703 -17.096660021035703 -17.096660021035703 -17.096660021035703 -17.096660021035703 -17.096660021035703 -17.096660021035703 -17.096660021035703 -17.096660021035703 -17.096660021035703 -17.096660021035703 -17.096660021035703 -17.096660021035703 -17.096660021035703
0.4522613065326633 -17.087420596671414 -17.087420596671414 -17.087420596671414 -17.087420596671414 -17.087420596671414 -17.087420596671414 -17.087420596671414 -17.087420596671414 -17.087420596671414 -17.087420596671414 -17.087420596671414 -17.087420596671414 -17.087420596671414 -17.087420596671414 -17.087420596671414 -17.087420596671414 -17.087420596671414 -17.087420596671414 -17.087420596671414 -17.087420596671414 -17.087420596671414 -17.087420596671414 -17.087420596671414 -17.087420596671414 -17.087420596671414 -17.087420596671414 -17.087420596671414 -17.087420596671414 -17.087420596671414
0.5276381909547738 -17.078181172307126 -17.078181172307126 -17.078181172307126 -17.078181172307126 -17.078181172307126 -17.078181172307126 -17.078181172307126 -17.078181172307126 -17.078181172307126 -17.078181172307126 -17.078181172307126 -17.078181172307126 -17.078181172307126 -17.078181172307126 -17.078181172307126 -17.078181172307126 -17.078181172307126 -17.078181172307126 -17.078181172307126 -17.078181172307126 -17.078181172307126 -17.078181172307126 -17.078181172307126 -17.078181172307126 -17.078181172307126 -17.078181172307126 -17.078181172307126 -17.078181172307126 -17.078181172307126
0.6030150753768844 -17.068941747942837 -17.068941747942837 -17.068941747942837 -17.068941747942837 -17.068941747942837 -17.068941747942837 -17.068941747942837 -17.068941747942837 -17.068941747942837 -17.068941747942837 -17.068941747942837 -17.068941747942837 -17.068941747942837 -17.068941747942837 -17.068941747942837 -17.068941747942837 -17.068941747942837 -17.068941747942837 -17.068941747942837 -17.068941747942837 -17.068941747942837 -17.068941747942837 -17.068941747942837 -17.068941747942837 -17.068941747942837 -17.068941747942837 -17.068941747942837 -17.068941747942837 -17.068941747942837
0.6783919597989949 -17.05970232357855 -17.05970232357855 -17.05970232357855 -17.05970232357855 -17.05970232357855 -17.05970232357855 -17.05970232357855 -17.05970232357855 -17.05970232357855 -17.05970232357855 -17.05970232357855 -17.05970232357855 -17.05970232357855 -17.05970232357855 -17.05970232357855 -17.05970232357855 -17.05970232357855 -17.05970232357855 -17.05970232357855 -17.05970232357855 -17.05970232357855 -17.05970232357855 -17.05970232357855 -17.05970232357855 -17.05970232357855 -17.05970232357855 -17.05970232357855 -17.05970232357855 -17.05970232357855
0.7537688442211055 -17.05046289921426 -17.05046289921426 -17.05046289921426 -17.05046289921426 -17.05046289921426 -17.05046289921426 -17.05046289921426 -17.05046289921426 -17.05046289921426 -17.05046289921426 -17.05046289921426 -17.05046289921426 -17.05046289921426 -17.05046289921426 -17.05046289921426 -17.05046289921426 -17.05046289921426 -17.05046289921426 -17.05046289921426 -17.05046289921426 -17.05046289921426 -17.05046289921426 -17.05046289921426 -17.05046289921426 -17.05046289921426 -17.05046289921426 -17.05046289921426 -17.05046289921426 -17.05046289921426
0.829145728643216 -17.04122347484997 -17.04122347484997 -17.04122347484997 -17.04122347484997 -17.04122347484997 -17.04122347484997 -17.04122347484997 -17.04122347484997 -17.04122347484997 -17.04122347484997 -17.04122347484997 -17.04122347484997 -17.04122347484997 -17.04122347484997 -17.04122347484997 -17.04122347484997 -17.04122347484997 -17.04122347484997 -17.04122347484997 -17.04122347484997 -17.04122347484997 -17.04122347484997 -17.04122347484997 -17.04122347484997 -17.04122347484997 -17.04122347484997 -17.04122347484997 -17.04122347484997 -17.04122347484997
0.9045226130653266 -17.031984050485683 -17.031984050485683 -17.031984050485683 -17.031984050485683 -17.031984050485683 -17.031984050485683 -17.031984050485683 -17.031984050485683 -17.031984050485683 -17.031984050485683 -17.031984050485683 -17.031984050485683 -17.031984050485683 -17.031984050485683 -17.031984050485683 -17.031984050485683 -17.031984050485683 -17.031984050485683 -17.031984050485683 -17.031984050485683 -17.031984050485683 -17.031984050485683 -17.031984050485683 -17.031984050485683 -17.031984050485683 -17.031984050485683 -17.031984050485683 -17.031984050485683 -17.031984050485683
0.9798994974874371 -17.022744626121394 -17.022744626121394 -17.022744626121394 -17.022744626121394 -17.022744626121394 -17.022744626121394 -17.022744626121394 -17.022744626121394 -17.022744626121394 -17.022744626121394 -17.022744626121394 -17.022744626121394 -17.022744626121394 -17.022744626121394 -17.022744626121394 -17.022744626121394 -17.022744626121394 -17.022744626121394 -17.022744626121394 -17.022744626121394 -17.022744626121394 -17.022744626121394 -17.022744626121394 -17.022744626121394 -17.022744626121394 -17.022744626121394 -17.022744626121394 -17.022744626121394 -17.022744626121394
1.0552763819095476 -17.01350520175711 -17.01350520175711 -17.01350520175711 -17.01350520175711 -17.01350520175711 -17.01350520175711 -17.01350520175711 -17.01350520175711 -17.01350520175711 -17.01350520175711 -17.01350520175711 -17.01350520175711 -17.01350520175711 -17.01350520175711 -17.01350520175711 -17.01350520175711 -17.01350520175711 -17.01350520175711 -17.01350520175711 -17.01350520175711 -17.01350520175711 -17.01350520175711 -17.01350520175711 -17.01350520175711 -17.01350520175711 -17.01350520175711 -17.01350520175711 -17.01350520175711 -17.01350520175711
1.1306532663316582 -17.00426577739282 -17.00426577739282 -17.00426577739282 -17.00426577739282 -17.00426577739282 -17.00426577739282 -17.00426577739282 -17.00426577739282 -17.00426577739282 -17.00426577739282 -17.00426577739282 -17.00426577739282 -17.00426577739282 -17.00426577739282 -17.00426577739282 -17.00426577739282 -17.00426577739282 -17.00426577739282 -17.00426577739282 -17.00426577739282 -17.00426577739282 -17.00426577739282 -17.00426577739282 -17.00426577739282 -17.00426577739282 -17.00426577739282 -17.00426577739282 -17.00426577739282 -17.00426577739282
1.2060301507537687 -16.995026353028532 -16.995026353028532 -16.995026353028532 -16.995026353028532 -16.995026353028532 -16.995026353028532 -16.995026353028532 -16.995026353028532 -16.995026353028532 -16.995026353028532 -16.995026353028532 -16.995026353028532 -16.995026353028532 -16.995026353028532 -16.995026353028532 -16.995026353028532 -16.995026353028532 -16.995026353028532 -16.995026353028532 -16.995026353028532 -16.995026353028532 -16.995026353028532 -16.995026353028532 -16.995026353028532 -16.995026353028532 -16.995026353028532 -16.995026353028532 -16.995026353028532 -16.995026353028532
1.2814070351758793 -16.985786928664243 -16.985786928664243 -16.985786928664243 -16.985786928664243 -16.985786928664243 -16.985786928664243 -16.985786928664243 -16.985786928664243 -16.985786928664243 -16.985786928664243 -16.985786928664243 -16.985786928664243 -16.985786928664243 -16.985786928664243 -16.985786928664243 -16.985786928664243 -16.985786928664243 -16.985786928664243 -16.985786928664243 -16.985786928664243 -16.985786928664243 -16.985786928664243 -16.985786928664243 -16.985786928664243 -16.985786928664243 -16.985786928664243 -16.985786928664243 -16.985786928664243 -16.985786928664243
1.3567839195979898 -16.976547504299955 -16.976547504299955 -16.976547504299955 -16.976547504299955 -16.976547504299955 -16.976547504299955 -16.976547504299955 -16.976547504299955 -16.976547504299955 -16.976547504299955 -16.976547504299955 -16.976547504299955 -16.976547504299955 -16.976547504299955 -16.976547504299955 -16.976547504299955 -16.976547504299955 -16.976547504299955 -16.976547504299955 -16.976547504299955 -16.976547504299955 -16.976547504299955 -16.976547504299955 -16.976547504299955 -16.976547504299955 -16.976547504299955 -16.976547504299955 -16.976547504299955 -16.976547504299955
1.4321608040201004 -16.967308079935666 -16.967308079935666 -16.967308079935666 -16.967308079935666 -16.967308079935666 -16.967308079935666 -16.967308079935666 -16.967308079935666 -16.967308079935666 -16.967308079935666 -16.967308079935666 -16.967308079935666 -16.967308079935666 -16.967308079935666 -16.967308079935666 -16.967308079935666 -16.967308079935666 -16.967308079935666 -16.967308079935666 -16.967308079935666 -16.967308079935666 -16.967308079935666 -16.967308079935666 -16.967308079935666 -16.967308079935666 -16.967308079935666 -16.967308079935666 -16.967308079935666 -16.967308079935666
1.507537688442211 -16.958068655571378 -16.958068655571378 -16.958068655571378 -16.958068655571378 -16.958068655571378 -16.958068655571378 -16.958068655571378 -16.958068655571378 -16.958068655571378 -16.958068655571378 -16.958068655571378 -16.958068655571378 -16.958068655571378 -16.958068655571378 -16.958068655571378 -16.958068655571378 -16.958068655571378 -16.958068655571378 -16.958068655571378 -16.958068655571378 -16.958068655571378 -16.958068655571378 -16.958068655571378 -16.958068655571378 -16.958068655571378 -16.958068655571378 -16.958068655571378 -16.958068655571378 -16.958068655571378
1.5829145728643215 -16.94882923120709 -16.94882923120709 -16.94882923120709 -16.94882923120709 -16.94882923120709 -16.94882923120709 -16.94882923120709 -16.94882923120709 -16.94882923120709 -16.94882923120709 -16.94882923120709 -16.94882923120709 -16.94882923120709 -16.94882923120709 -16.94882923120709 -16.94882923120709 -16.94882923120709 -16.94882923120709 -16.94882923120709 -16.94882923120709 -16.94882923120709 -16.94882923120709 -16.94882923120709 -16.94882923120709 -16.94882923120709 -16.94882923120709 -16.94882923120709 -16.94882923120709 -16.94882923120709
1.658291457286432 -16.9395898068428 -16.9395898068428 -16.9395898068428 -16.9395898068428 -16.9395898068428 -16.9395898068428 -16.9395898068428 -16.9395898068428 -16.9395898068428 -16.9395898068428 -16.9395898068428 -16.9395898068428 -16.9395898068428 -16.9395898068428 -16.9395898068428 -16.9395898068428 -16.9395898068428 -16.9395898068428 -16.9395898068428 -16.9395898068428 -16.9395898068428 -16.9395898068428 -16.9395898068428 -16.9395898068428 -16.9395898068428 -16.9395898068428 -16.9395898068428 -16.9395898068428 -16.9395898068428
1.7336683417085426 -16.93035038247851 -16.93035038247851 -16.93035038247851 -16.93035038247851 -16.93035038247851 -16.93035038247851 -16.93035038247851 -16.93035038247851 -16.93035038247851 -16.93035038247851 -16.93035038247851 -16.93035038247851 -16.93035038247851 -16.93035038247851 -16.93035038247851 -16.93035038247851 -16.93035038247851 -16.93035038247851 -16.93035038247851 -16.93035038247851 -16.93035038247851 -16.93035038247851 -16.93035038247851 -16.93035038247851 -16.93035038247851 -16.93035038247851 -16.93035038247851 -16.93035038247851 -16.93035038247851
1.809045226130653 -16.921110958114227 -16.921110958114227 -16.921110958114227 -16.921110958114227 -16.921110958114227 -16.921110958114227 -16.921110958114227 -16.921110958114227 -16.921110958114227 -16.921110958114227 -16.921110958114227 -16.921110958114227 -16.921110958114227 -16.921110958114227 -16.921110958114227 -16.921110958114227 -16.921110958114227 -16.921110958114227 -16.921110958114227 -16.921110958114227 -16.921110958114227 -16.921110958114227 -16.921110958114227 -16.921110958114227 -16.921110958114227 -16.921110958114227 -16.921110958114227 -16.921110958114227 -16.921110958114227
1.8844221105527637 -16.911871533749938 -16.911871533749938 -16.911871533749938 -16.911871533749938 -16.911871533749938 -16.911871533749938 -16.911871533749938 -16.911871533749938 -16.911871533749938 -16.911871533749938 -16.911871533749938 -16.911871533749938 -16.911871533749938 -16.911871533749938 -16.911871533749938 -16.911871533749938 -16.911871533749938 -16.911871533749938 -16.911871533749938 -16.911871533749938 -16.911871533749938 -16.911871533749938 -16.911871533749938 -16.911871533749938 -16.911871533749938 -16.911871533749938 -16.911871533749938 -16.911871533749938 -16.911871533749938
1.9597989949748742 -16.90263210938565 -16.90263210938565 -16.90263210938565 -16.90263210938565 -16.90263210938565 -16.90263210938565 -16.90263210938565 -16.90263210938565 -16.90263210938565 -16.90263210938565 -16.90263210938565 -16.90263210938565 -16.90263210938565 -16.90263210938565 -16.90263210938565 -16.90263210938565 -16.90263210938565 -16.90263210938565 -16.90263210938565 -16.90263210938565 -16.90263210938565 -16.90263210938565 -16.90263210938565 -16.90263210938565 -16.90263210938565 -16.90263210938565 -16.90263210938565 -16.90263210938565 -16.90263210938565
