web/models/linear/58/-17_143_0_056.dat
# %ECSV 1.0
# ---
# datatype:
# - {name: time, datatype: float64}
# - {name: swift_uvot_uvw2, datatype: float64}
# - {name: swift_uvot_uvm2, datatype: float64}
# - {name: swift_uvot_uvw1, datatype: float64}
# - {name: swift_uvot_U, datatype: float64}
# - {name: swift_uvot_B, datatype: float64}
# - {name: swift_uvot_V, datatype: float64}
# - {name: swift_uvot_W, datatype: float64}
# - {name: johnson_U, datatype: float64}
# - {name: johnson_B, datatype: float64}
# - {name: johnson_V, datatype: float64}
# - {name: johnson_R, datatype: float64}
# - {name: johnson_I, datatype: float64}
# - {name: sdss_u, datatype: float64}
# - {name: sdss_g, datatype: float64}
# - {name: sdss_r, datatype: float64}
# - {name: sdss_i, datatype: float64}
# - {name: sdss_z, datatype: float64}
# - {name: PS1_g, datatype: float64}
# - {name: PS1_r, datatype: float64}
# - {name: PS1_i, datatype: float64}
# - {name: PS1_z, datatype: float64}
# - {name: PS1_Y, datatype: float64}
# - {name: PS1_w, datatype: float64}
# - {name: ATLAS_c, datatype: float64}
# - {name: ATLAS_o, datatype: float64}
# - {name: ukirt_J, datatype: float64}
# - {name: ukirt_H, datatype: float64}
# - {name: ukirt_K, datatype: float64}
# - {name: Clear, datatype: float64}
# meta: !!omap
# - comment: [M=-17.142857142857142, dM=0.05643739198611264]
# schema: astropy-2.0
time swift_uvot_uvw2 swift_uvot_uvm2 swift_uvot_uvw1 swift_uvot_U swift_uvot_B swift_uvot_V swift_uvot_W johnson_U johnson_B johnson_V johnson_R johnson_I sdss_u sdss_g sdss_r sdss_i sdss_z PS1_g PS1_r PS1_i PS1_z PS1_Y PS1_w ATLAS_c ATLAS_o ukirt_J ukirt_H ukirt_K Clear
0.0 -17.142857142857142 -17.142857142857142 -17.142857142857142 -17.142857142857142 -17.142857142857142 -17.142857142857142 -17.142857142857142 -17.142857142857142 -17.142857142857142 -17.142857142857142 -17.142857142857142 -17.142857142857142 -17.142857142857142 -17.142857142857142 -17.142857142857142 -17.142857142857142 -17.142857142857142 -17.142857142857142 -17.142857142857142 -17.142857142857142 -17.142857142857142 -17.142857142857142 -17.142857142857142 -17.142857142857142 -17.142857142857142 -17.142857142857142 -17.142857142857142 -17.142857142857142 -17.142857142857142
0.07537688442211055 -17.13860306808432 -17.13860306808432 -17.13860306808432 -17.13860306808432 -17.13860306808432 -17.13860306808432 -17.13860306808432 -17.13860306808432 -17.13860306808432 -17.13860306808432 -17.13860306808432 -17.13860306808432 -17.13860306808432 -17.13860306808432 -17.13860306808432 -17.13860306808432 -17.13860306808432 -17.13860306808432 -17.13860306808432 -17.13860306808432 -17.13860306808432 -17.13860306808432 -17.13860306808432 -17.13860306808432 -17.13860306808432 -17.13860306808432 -17.13860306808432 -17.13860306808432 -17.13860306808432
0.1507537688442211 -17.134348993311498 -17.134348993311498 -17.134348993311498 -17.134348993311498 -17.134348993311498 -17.134348993311498 -17.134348993311498 -17.134348993311498 -17.134348993311498 -17.134348993311498 -17.134348993311498 -17.134348993311498 -17.134348993311498 -17.134348993311498 -17.134348993311498 -17.134348993311498 -17.134348993311498 -17.134348993311498 -17.134348993311498 -17.134348993311498 -17.134348993311498 -17.134348993311498 -17.134348993311498 -17.134348993311498 -17.134348993311498 -17.134348993311498 -17.134348993311498 -17.134348993311498 -17.134348993311498
0.22613065326633164 -17.130094918538674 -17.130094918538674 -17.130094918538674 -17.130094918538674 -17.130094918538674 -17.130094918538674 -17.130094918538674 -17.130094918538674 -17.130094918538674 -17.130094918538674 -17.130094918538674 -17.130094918538674 -17.130094918538674 -17.130094918538674 -17.130094918538674 -17.130094918538674 -17.130094918538674 -17.130094918538674 -17.130094918538674 -17.130094918538674 -17.130094918538674 -17.130094918538674 -17.130094918538674 -17.130094918538674 -17.130094918538674 -17.130094918538674 -17.130094918538674 -17.130094918538674 -17.130094918538674
0.3015075376884422 -17.125840843765854 -17.125840843765854 -17.125840843765854 -17.125840843765854 -17.125840843765854 -17.125840843765854 -17.125840843765854 -17.125840843765854 -17.125840843765854 -17.125840843765854 -17.125840843765854 -17.125840843765854 -17.125840843765854 -17.125840843765854 -17.125840843765854 -17.125840843765854 -17.125840843765854 -17.125840843765854 -17.125840843765854 -17.125840843765854 -17.125840843765854 -17.125840843765854 -17.125840843765854 -17.125840843765854 -17.125840843765854 -17.125840843765854 -17.125840843765854 -17.125840843765854 -17.125840843765854
0.37688442211055273 -17.12158676899303 -17.12158676899303 -17.12158676899303 -17.12158676899303 -17.12158676899303 -17.12158676899303 -17.12158676899303 -17.12158676899303 -17.12158676899303 -17.12158676899303 -17.12158676899303 -17.12158676899303 -17.12158676899303 -17.12158676899303 -17.12158676899303 -17.12158676899303 -17.12158676899303 -17.12158676899303 -17.12158676899303 -17.12158676899303 -17.12158676899303 -17.12158676899303 -17.12158676899303 -17.12158676899303 -17.12158676899303 -17.12158676899303 -17.12158676899303 -17.12158676899303 -17.12158676899303
0.4522613065326633 -17.117332694220206 -17.117332694220206 -17.117332694220206 -17.117332694220206 -17.117332694220206 -17.117332694220206 -17.117332694220206 -17.117332694220206 -17.117332694220206 -17.117332694220206 -17.117332694220206 -17.117332694220206 -17.117332694220206 -17.117332694220206 -17.117332694220206 -17.117332694220206 -17.117332694220206 -17.117332694220206 -17.117332694220206 -17.117332694220206 -17.117332694220206 -17.117332694220206 -17.117332694220206 -17.117332694220206 -17.117332694220206 -17.117332694220206 -17.117332694220206 -17.117332694220206 -17.117332694220206
0.5276381909547738 -17.113078619447386 -17.113078619447386 -17.113078619447386 -17.113078619447386 -17.113078619447386 -17.113078619447386 -17.113078619447386 -17.113078619447386 -17.113078619447386 -17.113078619447386 -17.113078619447386 -17.113078619447386 -17.113078619447386 -17.113078619447386 -17.113078619447386 -17.113078619447386 -17.113078619447386 -17.113078619447386 -17.113078619447386 -17.113078619447386 -17.113078619447386 -17.113078619447386 -17.113078619447386 -17.113078619447386 -17.113078619447386 -17.113078619447386 -17.113078619447386 -17.113078619447386 -17.113078619447386
0.6030150753768844 -17.10882454467456 -17.10882454467456 -17.10882454467456 -17.10882454467456 -17.10882454467456 -17.10882454467456 -17.10882454467456 -17.10882454467456 -17.10882454467456 -17.10882454467456 -17.10882454467456 -17.10882454467456 -17.10882454467456 -17.10882454467456 -17.10882454467456 -17.10882454467456 -17.10882454467456 -17.10882454467456 -17.10882454467456 -17.10882454467456 -17.10882454467456 -17.10882454467456 -17.10882454467456 -17.10882454467456 -17.10882454467456 -17.10882454467456 -17.10882454467456 -17.10882454467456 -17.10882454467456
0.6783919597989949 -17.104570469901738 -17.104570469901738 -17.104570469901738 -17.104570469901738 -17.104570469901738 -17.104570469901738 -17.104570469901738 -17.104570469901738 -17.104570469901738 -17.104570469901738 -17.104570469901738 -17.104570469901738 -17.104570469901738 -17.104570469901738 -17.104570469901738 -17.104570469901738 -17.104570469901738 -17.104570469901738 -17.104570469901738 -17.104570469901738 -17.104570469901738 -17.104570469901738 -17.104570469901738 -17.104570469901738 -17.104570469901738 -17.104570469901738 -17.104570469901738 -17.104570469901738 -17.104570469901738
0.7537688442211055 -17.100316395128917 -17.100316395128917 -17.100316395128917 -17.100316395128917 -17.100316395128917 -17.100316395128917 -17.100316395128917 -17.100316395128917 -17.100316395128917 -17.100316395128917 -17.100316395128917 -17.100316395128917 -17.100316395128917 -17.100316395128917 -17.100316395128917 -17.100316395128917 -17.100316395128917 -17.100316395128917 -17.100316395128917 -17.100316395128917 -17.100316395128917 -17.100316395128917 -17.100316395128917 -17.100316395128917 -17.100316395128917 -17.100316395128917 -17.100316395128917 -17.100316395128917 -17.100316395128917
0.829145728643216 -17.096062320356094 -17.096062320356094 -17.096062320356094 -17.096062320356094 -17.096062320356094 -17.096062320356094 -17.096062320356094 -17.096062320356094 -17.096062320356094 -17.096062320356094 -17.096062320356094 -17.096062320356094 -17.096062320356094 -17.096062320356094 -17.096062320356094 -17.096062320356094 -17.096062320356094 -17.096062320356094 -17.096062320356094 -17.096062320356094 -17.096062320356094 -17.096062320356094 -17.096062320356094 -17.096062320356094 -17.096062320356094 -17.096062320356094 -17.096062320356094 -17.096062320356094 -17.096062320356094
0.9045226130653266 -17.091808245583273 -17.091808245583273 -17.091808245583273 -17.091808245583273 -17.091808245583273 -17.091808245583273 -17.091808245583273 -17.091808245583273 -17.091808245583273 -17.091808245583273 -17.091808245583273 -17.091808245583273 -17.091808245583273 -17.091808245583273 -17.091808245583273 -17.091808245583273 -17.091808245583273 -17.091808245583273 -17.091808245583273 -17.091808245583273 -17.091808245583273 -17.091808245583273 -17.091808245583273 -17.091808245583273 -17.091808245583273 -17.091808245583273 -17.091808245583273 -17.091808245583273 -17.091808245583273
0.9798994974874371 -17.08755417081045 -17.08755417081045 -17.08755417081045 -17.08755417081045 -17.08755417081045 -17.08755417081045 -17.08755417081045 -17.08755417081045 -17.08755417081045 -17.08755417081045 -17.08755417081045 -17.08755417081045 -17.08755417081045 -17.08755417081045 -17.08755417081045 -17.08755417081045 -17.08755417081045 -17.08755417081045 -17.08755417081045 -17.08755417081045 -17.08755417081045 -17.08755417081045 -17.08755417081045 -17.08755417081045 -17.08755417081045 -17.08755417081045 -17.08755417081045 -17.08755417081045 -17.08755417081045
1.0552763819095476 -17.083300096037625 -17.083300096037625 -17.083300096037625 -17.083300096037625 -17.083300096037625 -17.083300096037625 -17.083300096037625 -17.083300096037625 -17.083300096037625 -17.083300096037625 -17.083300096037625 -17.083300096037625 -17.083300096037625 -17.083300096037625 -17.083300096037625 -17.083300096037625 -17.083300096037625 -17.083300096037625 -17.083300096037625 -17.083300096037625 -17.083300096037625 -17.083300096037625 -17.083300096037625 -17.083300096037625 -17.083300096037625 -17.083300096037625 -17.083300096037625 -17.083300096037625 -17.083300096037625
1.1306532663316582 -17.079046021264805 -17.079046021264805 -17.079046021264805 -17.079046021264805 -17.079046021264805 -17.079046021264805 -17.079046021264805 -17.079046021264805 -17.079046021264805 -17.079046021264805 -17.079046021264805 -17.079046021264805 -17.079046021264805 -17.079046021264805 -17.079046021264805 -17.079046021264805 -17.079046021264805 -17.079046021264805 -17.079046021264805 -17.079046021264805 -17.079046021264805 -17.079046021264805 -17.079046021264805 -17.079046021264805 -17.079046021264805 -17.079046021264805 -17.079046021264805 -17.079046021264805 -17.079046021264805
1.2060301507537687 -17.07479194649198 -17.07479194649198 -17.07479194649198 -17.07479194649198 -17.07479194649198 -17.07479194649198 -17.07479194649198 -17.07479194649198 -17.07479194649198 -17.07479194649198 -17.07479194649198 -17.07479194649198 -17.07479194649198 -17.07479194649198 -17.07479194649198 -17.07479194649198 -17.07479194649198 -17.07479194649198 -17.07479194649198 -17.07479194649198 -17.07479194649198 -17.07479194649198 -17.07479194649198 -17.07479194649198 -17.07479194649198 -17.07479194649198 -17.07479194649198 -17.07479194649198 -17.07479194649198
1.2814070351758793 -17.070537871719157 -17.070537871719157 -17.070537871719157 -17.070537871719157 -17.070537871719157 -17.070537871719157 -17.070537871719157 -17.070537871719157 -17.070537871719157 -17.070537871719157 -17.070537871719157 -17.070537871719157 -17.070537871719157 -17.070537871719157 -17.070537871719157 -17.070537871719157 -17.070537871719157 -17.070537871719157 -17.070537871719157 -17.070537871719157 -17.070537871719157 -17.070537871719157 -17.070537871719157 -17.070537871719157 -17.070537871719157 -17.070537871719157 -17.070537871719157 -17.070537871719157 -17.070537871719157
1.3567839195979898 -17.066283796946337 -17.066283796946337 -17.066283796946337 -17.066283796946337 -17.066283796946337 -17.066283796946337 -17.066283796946337 -17.066283796946337 -17.066283796946337 -17.066283796946337 -17.066283796946337 -17.066283796946337 -17.066283796946337 -17.066283796946337 -17.066283796946337 -17.066283796946337 -17.066283796946337 -17.066283796946337 -17.066283796946337 -17.066283796946337 -17.066283796946337 -17.066283796946337 -17.066283796946337 -17.066283796946337 -17.066283796946337 -17.066283796946337 -17.066283796946337 -17.066283796946337 -17.066283796946337
1.4321608040201004 -17.062029722173513 -17.062029722173513 -17.062029722173513 -17.062029722173513 -17.062029722173513 -17.062029722173513 -17.062029722173513 -17.062029722173513 -17.062029722173513 -17.062029722173513 -17.062029722173513 -17.062029722173513 -17.062029722173513 -17.062029722173513 -17.062029722173513 -17.062029722173513 -17.062029722173513 -17.062029722173513 -17.062029722173513 -17.062029722173513 -17.062029722173513 -17.062029722173513 -17.062029722173513 -17.062029722173513 -17.062029722173513 -17.062029722173513 -17.062029722173513 -17.062029722173513 -17.062029722173513
1.507537688442211 -17.057775647400693 -17.057775647400693 -17.057775647400693 -17.057775647400693 -17.057775647400693 -17.057775647400693 -17.057775647400693 -17.057775647400693 -17.057775647400693 -17.057775647400693 -17.057775647400693 -17.057775647400693 -17.057775647400693 -17.057775647400693 -17.057775647400693 -17.057775647400693 -17.057775647400693 -17.057775647400693 -17.057775647400693 -17.057775647400693 -17.057775647400693 -17.057775647400693 -17.057775647400693 -17.057775647400693 -17.057775647400693 -17.057775647400693 -17.057775647400693 -17.057775647400693 -17.057775647400693
1.5829145728643215 -17.05352157262787 -17.05352157262787 -17.05352157262787 -17.05352157262787 -17.05352157262787 -17.05352157262787 -17.05352157262787 -17.05352157262787 -17.05352157262787 -17.05352157262787 -17.05352157262787 -17.05352157262787 -17.05352157262787 -17.05352157262787 -17.05352157262787 -17.05352157262787 -17.05352157262787 -17.05352157262787 -17.05352157262787 -17.05352157262787 -17.05352157262787 -17.05352157262787 -17.05352157262787 -17.05352157262787 -17.05352157262787 -17.05352157262787 -17.05352157262787 -17.05352157262787 -17.05352157262787
1.658291457286432 -17.049267497855045 -17.049267497855045 -17.049267497855045 -17.049267497855045 -17.049267497855045 -17.049267497855045 -17.049267497855045 -17.049267497855045 -17.049267497855045 -17.049267497855045 -17.049267497855045 -17.049267497855045 -17.049267497855045 -17.049267497855045 -17.049267497855045 -17.049267497855045 -17.049267497855045 -17.049267497855045 -17.049267497855045 -17.049267497855045 -17.049267497855045 -17.049267497855045 -17.049267497855045 -17.049267497855045 -17.049267497855045 -17.049267497855045 -17.049267497855045 -17.049267497855045 -17.049267497855045
1.7336683417085426 -17.045013423082224 -17.045013423082224 -17.045013423082224 -17.045013423082224 -17.045013423082224 -17.045013423082224 -17.045013423082224 -17.045013423082224 -17.045013423082224 -17.045013423082224 -17.045013423082224 -17.045013423082224 -17.045013423082224 -17.045013423082224 -17.045013423082224 -17.045013423082224 -17.045013423082224 -17.045013423082224 -17.045013423082224 -17.045013423082224 -17.045013423082224 -17.045013423082224 -17.045013423082224 -17.045013423082224 -17.045013423082224 -17.045013423082224 -17.045013423082224 -17.045013423082224 -17.045013423082224
1.809045226130653 -17.0407593483094 -17.0407593483094 -17.0407593483094 -17.0407593483094 -17.0407593483094 -17.0407593483094 -17.0407593483094 -17.0407593483094 -17.0407593483094 -17.0407593483094 -17.0407593483094 -17.0407593483094 -17.0407593483094 -17.0407593483094 -17.0407593483094 -17.0407593483094 -17.0407593483094 -17.0407593483094 -17.0407593483094 -17.0407593483094 -17.0407593483094 -17.0407593483094 -17.0407593483094 -17.0407593483094 -17.0407593483094 -17.0407593483094 -17.0407593483094 -17.0407593483094 -17.0407593483094
1.8844221105527637 -17.03650527353658 -17.03650527353658 -17.03650527353658 -17.03650527353658 -17.03650527353658 -17.03650527353658 -17.03650527353658 -17.03650527353658 -17.03650527353658 -17.03650527353658 -17.03650527353658 -17.03650527353658 -17.03650527353658 -17.03650527353658 -17.03650527353658 -17.03650527353658 -17.03650527353658 -17.03650527353658 -17.03650527353658 -17.03650527353658 -17.03650527353658 -17.03650527353658 -17.03650527353658 -17.03650527353658 -17.03650527353658 -17.03650527353658 -17.03650527353658 -17.03650527353658 -17.03650527353658
1.9597989949748742 -17.032251198763756 -17.032251198763756 -17.032251198763756 -17.032251198763756 -17.032251198763756 -17.032251198763756 -17.032251198763756 -17.032251198763756 -17.032251198763756 -17.032251198763756 -17.032251198763756 -17.032251198763756 -17.032251198763756 -17.032251198763756 -17.032251198763756 -17.032251198763756 -17.032251198763756 -17.032251198763756 -17.032251198763756 -17.032251198763756 -17.032251198763756 -17.032251198763756 -17.032251198763756 -17.032251198763756 -17.032251198763756 -17.032251198763756 -17.032251198763756 -17.032251198763756 -17.032251198763756
