web/models/kne.last_good/7/villar_0.2686_0.3277_10.0000.dat
# %ECSV 1.0
# ---
# datatype:
# - {name: time, datatype: float64}
# - {name: swift_uvot_uvw2, datatype: float64}
# - {name: swift_uvot_uvm2, datatype: float64}
# - {name: swift_uvot_uvw1, datatype: float64}
# - {name: swift_uvot_U, datatype: float64}
# - {name: swift_uvot_B, datatype: float64}
# - {name: swift_uvot_V, datatype: float64}
# - {name: swift_uvot_W, datatype: float64}
# - {name: johnson_U, datatype: float64}
# - {name: johnson_B, datatype: float64}
# - {name: johnson_V, datatype: float64}
# - {name: johnson_R, datatype: float64}
# - {name: johnson_I, datatype: float64}
# - {name: sdss_u, datatype: float64}
# - {name: sdss_g, datatype: float64}
# - {name: sdss_r, datatype: float64}
# - {name: sdss_i, datatype: float64}
# - {name: sdss_z, datatype: float64}
# - {name: PS1_g, datatype: float64}
# - {name: PS1_r, datatype: float64}
# - {name: PS1_i, datatype: float64}
# - {name: PS1_z, datatype: float64}
# - {name: PS1_Y, datatype: float64}
# - {name: PS1_w, datatype: float64}
# - {name: ATLAS_c, datatype: float64}
# - {name: ATLAS_o, datatype: float64}
# - {name: ukirt_J, datatype: float64}
# - {name: ukirt_H, datatype: float64}
# - {name: ukirt_K, datatype: float64}
# - {name: Clear, datatype: float64}
# meta: !!omap
# - comment: [kappa = 10.0, type = villar, mass = 0.2685795883840597, velocity = 0.32766666666666666, theta_obs = 0.0, tfloor = 2500.0]
# schema: astropy-2.0
time swift_uvot_uvw2 swift_uvot_uvm2 swift_uvot_uvw1 swift_uvot_U swift_uvot_B swift_uvot_V swift_uvot_W johnson_U johnson_B johnson_V johnson_R johnson_I sdss_u sdss_g sdss_r sdss_i sdss_z PS1_g PS1_r PS1_i PS1_z PS1_Y PS1_w ATLAS_c ATLAS_o ukirt_J ukirt_H ukirt_K Clear
[from data line 338]
23.648147 -34.306 -32.194 -31.701 -31.006 -30.526 -30.047 -31.564 -30.932 -30.522 -30.035 -29.577 -29.061 -30.944 -30.372 -29.777 -29.363 -28.985 -31.601 -31.307 -31.236 -31.552 -32.47 -29.872 -30.141 -29.61 -28.251 -27.67 -27.01 -29.98
24.363369 -34.86 -32.536 -31.957 -31.257 -30.774 -30.293 -31.82 -31.183 -30.77 -30.281 -29.822 -29.305 -31.194 -30.62 -30.022 -29.607 -29.229 -32.098 -31.822 -31.772 -32.112 -33.049 -30.118 -30.388 -29.855 -28.494 -27.912 -27.252 -30.227
25.100222 -35.44 -32.908 -32.217 -31.512 -31.027 -30.545 -32.08 -31.438 -31.024 -30.533 -30.073 -29.555 -31.45 -30.873 -30.274 -29.857 -29.478 -32.63 -32.371 -32.338 -32.697 -33.649 -30.37 -30.64 -30.106 -28.742 -28.16 -27.499 -30.479
25.859362 -36.045 -33.316 -32.481 -31.773 -31.286 -30.802 -32.345 -31.698 -31.282 -30.79 -30.329 -29.81 -31.71 -31.131 -30.53 -30.113 -29.733 -33.197 -32.951 -32.933 -33.307 -34.27 -30.627 -30.898 -30.362 -28.996 -28.414 -27.752 -30.736
26.64146 -36.674 -33.766 -32.75 -32.039 -31.55 -31.065 -32.614 -31.963 -31.547 -31.053 -30.592 -30.072 -31.975 -31.395 -30.793 -30.375 -29.994 -33.797 -33.562 -33.555 -33.94 -34.912 -30.89 -31.161 -30.624 -29.257 -28.674 -28.012 -30.999
27.447213 -37.328 -34.262 -33.024 -32.31 -31.821 -31.334 -32.889 -32.235 -31.817 -31.323 -30.86 -30.339 -32.246 -31.665 -31.061 -30.643 -30.262 -34.428 -34.202 -34.203 -34.597 -35.575 -31.159 -31.431 -30.893 -29.523 -28.94 -28.278 -31.269
28.277335 -38.006 -34.808 -33.304 -32.588 -32.097 -31.61 -33.169 -32.512 -32.093 -31.598 -31.135 -30.614 -32.524 -31.941 -31.336 -30.918 -30.536 -35.089 -34.87 -34.877 -35.277 -36.259 -31.435 -31.706 -31.168 -29.797 -29.214 -28.551 -31.544
29.132564 -38.708 -35.404 -33.591 -32.872 -32.381 -31.893 -33.456 -32.796 -32.377 -31.881 -31.417 -30.895 -32.808 -32.224 -31.619 -31.2 -30.818 -35.78 -35.565 -35.576 -35.981 -36.966 -31.717 -31.99 -31.45 -30.078 -29.494 -28.832 -31.827
30.013659 -39.438 -36.052 -33.888 -33.168 -32.676 -32.187 -33.754 -33.092 -32.672 -32.175 -31.711 -31.189 -33.104 -32.519 -31.913 -31.493 -31.111 -36.501 -36.289 -36.304 -36.711 -37.699 -32.012 -32.284 -31.744 -30.371 -29.787 -29.124 -32.122
30.921401 -40.203 -36.757 -34.209 -33.487 -32.994 -32.505 -34.074 -33.411 -32.99 -32.493 -32.029 -31.506 -33.423 -32.837 -32.231 -31.811 -31.429 -37.26 -37.051 -37.068 -37.477 -38.467 -32.33 -32.602 -32.062 -30.688 -30.104 -29.44 -32.44
31.856598 -41.017 -37.53 -34.576 -33.853 -33.36 -32.87 -34.442 -33.777 -33.356 -32.858 -32.394 -31.871 -33.789 -33.203 -32.596 -32.176 -31.793 -38.07 -37.863 -37.881 -38.292 -39.282 -32.695 -32.968 -32.427 -31.052 -30.468 -29.804 -32.805
32.820079 -41.893 -38.379 -35.021 -34.297 -33.803 -33.313 -34.886 -34.221 -33.799 -33.301 -32.836 -32.313 -34.232 -33.646 -33.038 -32.618 -32.235 -38.945 -38.738 -38.757 -39.169 -40.16 -33.137 -33.41 -32.869 -31.494 -30.91 -30.246 -33.248
33.8127 -42.839 -39.306 -35.568 -34.843 -34.349 -33.859 -35.434 -34.767 -34.345 -33.847 -33.382 -32.858 -34.779 -34.192 -33.584 -33.163 -32.781 -39.889 -39.682 -39.702 -40.115 -41.106 -33.683 -33.956 -33.415 -32.039 -31.455 -30.791 -33.794
34.835342 -43.852 -40.308 -36.232 -35.506 -35.012 -34.521 -36.098 -35.43 -35.008 -34.51 -34.044 -33.521 -35.442 -34.855 -34.247 -33.826 -33.443 -40.901 -40.695 -40.715 -41.128 -42.12 -34.346 -34.619 -34.077 -32.701 -32.117 -31.453 -34.457
35.888913 -44.928 -41.377 -37.014 -36.288 -35.793 -35.302 -36.88 -36.211 -35.789 -35.29 -34.825 -34.301 -36.223 -35.635 -35.027 -34.606 -34.223 -41.976 -41.77 -41.791 -42.204 -43.196 -35.126 -35.4 -34.858 -33.482 -32.897 -32.233 -35.237
36.974349 -46.059 -42.504 -37.906 -37.18 -36.685 -36.194 -37.772 -37.103 -36.681 -36.182 -35.716 -35.193 -37.115 -36.527 -35.919 -35.498 -35.115 -43.107 -42.902 -42.922 -43.335 -44.327 -36.018 -36.292 -35.75 -34.373 -33.788 -33.124 -36.129
38.092613 -47.243 -43.684 -38.9 -38.173 -37.678 -37.187 -38.766 -38.096 -37.674 -37.175 -36.709 -36.185 -38.108 -37.52 -36.912 -36.491 -36.107 -44.29 -44.085 -44.106 -44.519 -45.511 -37.011 -37.284 -36.742 -35.366 -34.781 -34.117 -37.122
39.244698 -48.474 -44.914 -39.983 -39.256 -38.76 -38.269 -39.849 -39.179 -38.757 -38.258 -37.792 -37.268 -39.191 -38.603 -37.994 -37.573 -37.19 -45.521 -45.316 -45.337 -45.75 -46.742 -38.094 -38.367 -37.825 -36.448 -35.863 -35.199 -38.205
40.431627 -49.752 -46.19 -41.146 -40.419 -39.924 -39.433 -41.013 -40.343 -39.92 -39.421 -38.955 -38.431 -40.355 -39.766 -39.158 -38.736 -38.353 -46.799 -46.594 -46.615 -47.029 -48.021 -39.257 -39.53 -38.988 -37.611 -37.026 -36.362 -39.368
41.654454 -51.076 -47.513 -42.383 -41.655 -41.159 -40.668 -42.249 -41.579 -41.156 -40.657 -40.191 -39.667 -41.591 -41.002 -40.393 -39.972 -39.589 -48.123 -47.918 -47.939 -48.352 -49.344 -40.493 -40.766 -40.224 -38.847 -38.262 -37.598 -40.604
42.914265 -52.445 -48.881 -43.685 -42.958 -42.462 -41.971 -43.551 -42.881 -42.458 -41.959 -41.493 -40.969 -42.893 -42.304 -41.696 -41.274 -40.891 -49.492 -49.287 -49.308 -49.721 -50.713 -41.795 -42.068 -41.526 -40.149 -39.564 -38.9 -41.906
44.212178 -53.859 -50.295 -45.05 -44.322 -43.826 -43.335 -44.916 -44.246 -43.823 -43.323 -42.857 -42.333 -44.258 -43.669 -43.06 -42.639 -42.255 -50.906 -50.701 -50.722 -51.136 -52.128 -43.16 -43.433 -42.89 -41.514 -40.928 -40.264 -43.271
45.549345 -55.32 -51.756 -46.473 -45.746 -45.25 -44.759 -46.339 -45.669 -45.246 -44.747 -44.281 -43.757 -45.681 -45.092 -44.483 -44.062 -43.679 -52.367 -52.162 -52.183 -52.596 -53.588 -44.583 -44.856 -44.314 -42.937 -42.352 -41.688 -44.694
46.926954 -56.828 -53.263 -47.953 -47.226 -46.73 -46.239 -47.82 -47.149 -46.726 -46.227 -45.761 -45.237 -47.161 -46.572 -45.963 -45.542 -45.159 -53.875 -53.67 -53.691 -54.104 -55.096 -46.063 -46.336 -45.794 -44.417 -43.832 -43.168 -46.174
48.346227 -58.383 -54.819 -49.489 -48.761 -48.265 -47.774 -49.355 -48.685 -48.262 -47.762 -47.296 -46.772 -48.697 -48.108 -47.499 -47.078 -46.694 -55.43 -55.225 -55.246 -55.66 -56.652 -47.598 -47.872 -47.329 -45.952 -45.367 -44.703 -47.709
49.808426 -59.988 -56.423 -51.079 -50.351 -49.855 -49.364 -50.945 -50.275 -49.852 -49.352 -48.886 -48.362 -50.287 -49.698 -49.089 -48.668 -48.284 -57.035 -56.83 -56.851 -57.265 -58.257 -49.189 -49.462 -48.919 -47.542 -46.957 -46.293 -49.3
51.314848 -61.644 -58.079 -52.724 -51.996 -51.5 -51.009 -52.59 -51.92 -51.496 -50.997 -50.531 -50.007 -51.931 -51.343 -50.734 -50.312 -49.929 -58.69 -58.485 -58.506 -58.92 -59.912 -50.833 -51.107 -50.564 -49.187 -48.602 -47.938 -50.944
52.86683 -63.351 -59.786 -54.423 -53.696 -53.2 -52.708 -54.29 -53.619 -53.196 -52.697 -52.23 -51.706 -53.631 -53.042 -52.433 -52.012 -51.629 -60.397 -60.192 -60.213 -60.627 -61.619 -52.533 -52.806 -52.264 -50.887 -50.301 -49.637 -52.644
54.465752 -65.111 -61.546 -56.178 -55.451 -54.955 -54.463 -56.045 -55.374 -54.951 -54.452 -53.985 -53.461 -55.386 -54.797 -54.188 -53.767 -53.384 -62.158 -61.953 -61.974 -62.387 -63.379 -54.288 -54.561 -54.019 -52.642 -52.056 -51.392 -54.399
56.113031 -66.926 -63.361 -57.99 -57.262 -56.766 -56.275 -57.856 -57.185 -56.762 -56.263 -55.797 -55.273 -57.197 -56.609 -56.0 -55.578 -55.195 -63.973 -63.768 -63.789 -64.202 -65.194 -56.099 -56.373 -55.83 -54.453 -53.868 -53.204 -56.21
57.810132 -68.797 -65.232 -59.859 -59.131 -58.635 -58.144 -59.725 -59.054 -58.631 -58.132 -57.666 -57.142 -59.066 -58.477 -57.868 -57.447 -57.064 -65.844 -65.639 -65.66 -66.073 -67.065 -57.968 -58.241 -57.699 -56.322 -55.737 -55.072 -58.079
59.55856 -70.726 -67.161 -61.786 -61.058 -60.562 -60.071 -61.652 -60.982 -60.559 -60.059 -59.593 -59.069 -60.994 -60.405 -59.796 -59.374 -58.991 -67.773 -67.568 -67.589 -68.003 -68.995 -59.895 -60.169 -59.626 -58.249 -57.664 -57.0 -60.006
61.359868 -72.715 -69.15 -63.774 -63.046 -62.55 -62.059 -63.64 -62.97 -62.546 -62.047 -61.581 -61.057 -62.981 -62.393 -61.784 -61.362 -60.979 -69.762 -69.557 -69.578 -69.992 -70.984 -61.883 -62.157 -61.614 -60.237 -59.652 -58.988 -61.994
63.215655 -74.766 -71.201 -65.824 -65.096 -64.6 -64.109 -65.69 -65.019 -64.596 -64.097 -63.631 -63.107 -65.031 -64.442 -63.833 -63.412 -63.029 -71.813 -71.607 -71.629 -72.042 -73.034 -63.933 -64.206 -63.664 -62.287 -61.702 -61.038 -64.044
65.127569 -76.879 -73.314 -67.937 -67.209 -66.713 -66.222 -67.803 -67.133 -66.709 -66.21 -65.744 -65.22 -67.144 -66.556 -65.947 -65.525 -65.142 -73.926 -73.721 -73.742 -74.156 -75.148 -66.046 -66.32 -65.777 -64.4 -63.815 -63.151 -66.157
67.097308 -79.058 -75.493 -70.116 -69.388 -68.892 -68.401 -69.982 -69.311 -68.888 -68.389 -67.923 -67.399 -69.323 -68.734 -68.125 -67.704 -67.321 -76.105 -75.9 -75.921 -76.335 -77.327 -68.225 -68.498 -67.956 -66.579 -65.994 -65.329 -68.336
69.126621 -81.305 -77.739 -72.362 -71.634 -71.138 -70.647 -72.228 -71.557 -71.134 -70.635 -70.169 -69.645 -71.569 -70.98 -70.371 -69.95 -69.567 -78.351 -78.146 -78.167 -78.581 -79.573 -70.471 -70.744 -70.202 -68.825 -68.24 -67.575 -70.582
71.217308 -83.62 -80.055 -74.677 -73.949 -73.453 -72.962 -74.543 -73.872 -73.449 -72.95 -72.484 -71.96 -73.884 -73.296 -72.687 -72.265 -71.882 -80.667 -80.462 -80.483 -80.896 -81.888 -72.786 -73.06 -72.517 -71.14 -70.555 -69.891 -72.897
73.371227 -86.007 -82.442 -77.063 -76.336 -75.84 -75.348 -76.93 -76.259 -75.836 -75.337 -74.87 -74.346 -76.271 -75.682 -75.073 -74.652 -74.268 -83.053 -82.848 -82.87 -83.283 -84.275 -75.173 -75.446 -74.904 -73.527 -72.941 -72.277 -75.284
75.59029 -88.467 -84.902 -79.524 -78.796 -78.3 -77.809 -79.39 -78.719 -78.296 -77.797 -77.331 -76.807 -78.731 -78.142 -77.533 -77.112 -76.729 -85.514 -85.309 -85.33 -85.743 -86.735 -77.633 -77.906 -77.364 -75.987 -75.402 -74.737 -77.744
77.876467 -91.003 -87.438 -82.059 -81.331 -80.836 -80.344 -81.926 -81.255 -80.832 -80.333 -79.866 -79.342 -81.267 -80.678 -80.069 -79.648 -79.264 -88.049 -87.844 -87.865 -88.279 -89.271 -80.169 -80.442 -79.9 -78.522 -77.937 -77.273 -80.28
80.231787 -93.616 -90.051 -84.673 -83.945 -83.449 -82.958 -84.539 -83.869 -83.446 -82.946 -82.48 -81.956 -83.881 -83.292 -82.683 -82.262 -81.878 -90.663 -90.458 -90.479 -90.893 -91.885 -82.782 -83.056 -82.513 -81.136 -80.551 -79.887 -82.893
82.658343 -96.311 -92.745 -87.367 -86.639 -86.144 -85.652 -87.233 -86.563 -86.14 -85.64 -85.174 -84.65 -86.575 -85.986 -85.377 -84.956 -84.572 -93.357 -93.152 -93.173 -93.587 -94.579 -85.477 -85.75 -85.207 -83.83 -83.245 -82.581 -85.588
85.158288 -99.087 -95.522 -90.144 -89.416 -88.92 -88.429 -90.01 -89.34 -88.917 -88.417 -87.951 -87.427 -89.352 -88.763 -88.154 -87.733 -87.349 -96.134 -95.929 -95.95 -96.364 -97.356 -88.253 -88.527 -87.984 -86.607 -86.022 -85.358 -88.364
87.733843 -101.95 -98.384 -93.006 -92.278 -91.783 -91.291 -92.872 -92.202 -91.779 -91.279 -90.813 -90.289 -92.214 -91.625 -91.016 -90.595 -90.211 -98.996 -98.791 -98.812 -99.226 -100.218 -91.116 -91.389 -90.846 -89.469 -88.884 -88.22 -91.227
90.387293 -104.9 -101.334 -95.956 -95.228 -94.732 -94.241 -95.822 -95.152 -94.729 -94.229 -93.763 -93.239 -95.164 -94.575 -93.966 -93.545 -93.161 -101.946 -101.741 -101.762 -102.176 -103.168 -94.066 -94.339 -93.796 -92.419 -91.834 -91.17 -94.177
93.120995 -107.94 -104.375 -98.997 -98.269 -97.773 -97.282 -98.863 -98.192 -97.769 -97.27 -96.804 -96.28 -98.204 -97.616 -97.006 -96.585 -96.202 -104.987 -104.782 -104.803 -105.216 -106.208 -97.106 -97.379 -96.837 -95.46 -94.875 -94.211 -97.217
95.937376 -111.074 -107.509 -102.13 -101.402 -100.907 -100.415 -101.997 -101.326 -100.903 -100.404 -99.937 -99.413 -101.338 -100.749 -100.14 -99.719 -99.335 -108.121 -107.915 -107.937 -108.35 -109.342 -100.24 -100.513 -99.971 -98.593 -98.008 -97.344 -100.351
98.838937 -114.303 -110.738 -105.36 -104.632 -104.136 -103.645 -105.226 -104.556 -104.133 -103.633 -103.167 -102.643 -104.568 -103.979 -103.37 -102.949 -102.565 -111.35 -111.145 -111.166 -111.58 -112.572 -103.469 -103.743 -103.2 -101.823 -101.238 -100.574 -103.58
101.828253 -117.632 -114.067 -108.689 -107.961 -107.465 -106.974 -108.555 -107.884 -107.461 -106.962 -106.496 -105.972 -107.896 -107.308 -106.699 -106.277 -105.894 -114.679 -114.474 -114.495 -114.908 -115.901 -106.798 -107.072 -106.529 -105.152 -104.567 -103.903 -106.909
104.907979 -121.063 -117.498 -112.119 -111.392 -110.896 -110.404 -111.986 -111.315 -110.892 -110.393 -109.926 -109.402 -111.327 -110.738 -110.129 -109.708 -109.325 -118.11 -117.905 -117.926 -118.339 -119.331 -110.229 -110.502 -109.96 -108.583 -107.997 -107.333 -110.34
108.080849 -124.598 -121.033 -115.655 -114.927 -114.431 -113.94 -115.521 -114.851 -114.428 -113.928 -113.462 -112.938 -114.863 -114.274 -113.665 -113.243 -112.86 -121.645 -121.44 -121.461 -121.875 -122.867 -113.764 -114.038 -113.495 -112.118 -111.533 -110.869 -113.875
111.349681 -128.242 -124.677 -119.299 -118.571 -118.075 -117.584 -119.165 -118.495 -118.071 -117.572 -117.106 -116.582 -118.507 -117.918 -117.309 -116.887 -116.504 -125.289 -125.084 -125.105 -125.519 -126.511 -117.408 -117.682 -117.139 -115.762 -115.177 -114.513 -117.519
114.717376 -131.998 -128.433 -123.054 -122.326 -121.831 -121.339 -122.92 -122.25 -121.827 -121.328 -120.861 -120.337 -122.262 -121.673 -121.064 -120.643 -120.259 -129.045 -128.839 -128.861 -129.274 -130.266 -121.164 -121.437 -120.895 -119.517 -118.932 -118.268 -121.275
118.186925 -135.868 -132.303 -126.925 -126.197 -125.701 -125.21 -126.791 -126.12 -125.697 -125.198 -124.732 -124.208 -126.132 -125.543 -124.934 -124.513 -124.13 -132.915 -132.71 -132.731 -133.144 -134.136 -125.034 -125.307 -124.765 -123.388 -122.803 -122.138 -125.145
121.761408 -139.856 -136.291 -130.913 -130.185 -129.689 -129.198 -130.779 -130.109 -129.686 -129.186 -128.72 -128.196 -130.121 -129.532 -128.923 -128.501 -128.118 -136.903 -136.698 -136.719 -137.133 -138.125 -129.022 -129.296 -128.753 -127.376 -126.791 -126.127 -129.133
125.443999 -143.967 -140.402 -135.024 -134.296 -133.8 -133.308 -134.89 -134.219 -133.796 -133.297 -132.83 -132.306 -134.231 -133.642 -133.033 -132.612 -132.229 -141.014 -140.809 -140.83 -141.243 -142.235 -133.133 -133.406 -132.864 -131.487 -130.901 -130.237 -133.244
129.237967 -148.203 -144.638 -139.26 -138.532 -138.036 -137.545 -139.126 -138.455 -138.032 -137.533 -137.066 -136.542 -138.467 -137.878 -137.269 -136.848 -136.465 -145.25 -145.045 -145.066 -145.479 -146.471 -137.369 -137.642 -137.1 -135.723 -135.137 -134.473 -137.48
133.146681 -152.568 -149.003 -143.625 -142.897 -142.401 -141.91 -143.491 -142.821 -142.397 -141.898 -141.432 -140.908 -142.832 -142.244 -141.635 -141.213 -140.83 -149.615 -149.41 -149.431 -149.845 -150.837 -141.734 -142.008 -141.465 -140.088 -139.503 -138.839 -141.845
137.173612 -157.067 -153.502 -148.124 -147.396 -146.9 -146.409 -147.99 -147.319 -146.896 -146.397 -145.931 -145.407 -147.331 -146.742 -146.133 -145.712 -145.329 -154.114 -153.909 -153.93 -154.343 -155.335 -146.233 -146.506 -145.964 -144.587 -144.002 -143.337 -146.344
141.322334 -161.703 -158.138 -152.76 -152.032 -151.536 -151.045 -152.626 -151.955 -151.532 -151.033 -150.567 -150.043 -151.967 -151.378 -150.769 -150.348 -149.965 -158.75 -158.545 -158.566 -158.979 -159.971 -150.869 -151.142 -150.6 -149.223 -148.638 -147.974 -150.98
145.596532 -166.48 -162.915 -157.537 -156.809 -156.313 -155.822 -157.403 -156.733 -156.31 -155.81 -155.344 -154.82 -156.745 -156.156 -155.547 -155.126 -154.742 -163.527 -163.322 -163.343 -163.757 -164.749 -155.646 -155.92 -155.377 -154.0 -153.415 -152.751 -155.758
150.0 -171.404 -167.839 -162.46 -161.733 -161.237 -160.745 -162.327 -161.656 -161.233 -160.734 -160.267 -159.743 -161.668 -161.079 -160.47 -160.049 -159.666 -168.451 -168.246 -168.267 -168.68 -169.672 -160.57 -160.843 -160.301 -158.924 -158.338 -157.674 -160.681
