web/models/kne.last_good/7/villar_0.0630_0.2337_10.0000.dat
# %ECSV 1.0
# ---
# datatype:
# - {name: time, datatype: float64}
# - {name: swift_uvot_uvw2, datatype: float64}
# - {name: swift_uvot_uvm2, datatype: float64}
# - {name: swift_uvot_uvw1, datatype: float64}
# - {name: swift_uvot_U, datatype: float64}
# - {name: swift_uvot_B, datatype: float64}
# - {name: swift_uvot_V, datatype: float64}
# - {name: swift_uvot_W, datatype: float64}
# - {name: johnson_U, datatype: float64}
# - {name: johnson_B, datatype: float64}
# - {name: johnson_V, datatype: float64}
# - {name: johnson_R, datatype: float64}
# - {name: johnson_I, datatype: float64}
# - {name: sdss_u, datatype: float64}
# - {name: sdss_g, datatype: float64}
# - {name: sdss_r, datatype: float64}
# - {name: sdss_i, datatype: float64}
# - {name: sdss_z, datatype: float64}
# - {name: PS1_g, datatype: float64}
# - {name: PS1_r, datatype: float64}
# - {name: PS1_i, datatype: float64}
# - {name: PS1_z, datatype: float64}
# - {name: PS1_Y, datatype: float64}
# - {name: PS1_w, datatype: float64}
# - {name: ATLAS_c, datatype: float64}
# - {name: ATLAS_o, datatype: float64}
# - {name: ukirt_J, datatype: float64}
# - {name: ukirt_H, datatype: float64}
# - {name: ukirt_K, datatype: float64}
# - {name: Clear, datatype: float64}
# meta: !!omap
# - comment: [kappa = 10.0, type = villar, mass = 0.06299605249512866, velocity = 0.2336666666666667, theta_obs = 0.0, tfloor = 2500.0]
# schema: astropy-2.0
time swift_uvot_uvw2 swift_uvot_uvm2 swift_uvot_uvw1 swift_uvot_U swift_uvot_B swift_uvot_V swift_uvot_W johnson_U johnson_B johnson_V johnson_R johnson_I sdss_u sdss_g sdss_r sdss_i sdss_z PS1_g PS1_r PS1_i PS1_z PS1_Y PS1_w ATLAS_c ATLAS_o ukirt_J ukirt_H ukirt_K Clear
[from data line 204]
0.436321 -16.744 -16.849 -16.906 -16.943 -16.807 -16.591 -16.823 -16.928 -16.804 -16.582 -16.306 -15.956 -16.933 -16.741 -16.437 -16.173 -15.904 -16.728 -16.452 -16.189 -15.993 -15.916 -16.457 -16.624 -16.327 -15.33 -14.838 -14.253 -16.498
0.449518 -16.689 -16.805 -16.873 -16.933 -16.808 -16.6 -16.798 -16.92 -16.805 -16.592 -16.321 -15.977 -16.925 -16.745 -16.45 -16.191 -15.926 -16.733 -16.464 -16.206 -16.012 -15.934 -16.469 -16.632 -16.342 -15.357 -14.867 -14.284 -16.508
0.463113 -16.632 -16.76 -16.839 -16.921 -16.808 -16.609 -16.772 -16.91 -16.805 -16.601 -16.336 -15.997 -16.915 -16.748 -16.463 -16.208 -15.947 -16.737 -16.476 -16.223 -16.031 -15.952 -16.479 -16.639 -16.356 -15.383 -14.896 -14.315 -16.517
0.47712 -16.572 -16.711 -16.802 -16.907 -16.807 -16.617 -16.744 -16.899 -16.804 -16.609 -16.35 -16.016 -16.903 -16.75 -16.475 -16.225 -15.967 -16.739 -16.488 -16.239 -16.049 -15.97 -16.489 -16.645 -16.37 -15.408 -14.925 -14.346 -16.524
0.49155 -16.508 -16.66 -16.763 -16.892 -16.804 -16.623 -16.715 -16.886 -16.801 -16.616 -16.364 -16.036 -16.889 -16.751 -16.486 -16.241 -15.987 -16.741 -16.498 -16.254 -16.067 -15.987 -16.498 -16.649 -16.383 -15.434 -14.953 -14.377 -16.531
0.506416 -16.442 -16.605 -16.721 -16.875 -16.8 -16.629 -16.684 -16.871 -16.797 -16.621 -16.376 -16.054 -16.874 -16.75 -16.496 -16.257 -16.006 -16.741 -16.508 -16.269 -16.085 -16.004 -16.505 -16.653 -16.395 -15.459 -14.981 -14.407 -16.537
0.521733 -16.373 -16.548 -16.677 -16.856 -16.795 -16.634 -16.651 -16.854 -16.792 -16.626 -16.388 -16.072 -16.858 -16.748 -16.505 -16.271 -16.025 -16.741 -16.516 -16.283 -16.102 -16.021 -16.512 -16.656 -16.407 -15.483 -15.008 -14.437 -16.542
0.537512 -16.301 -16.488 -16.631 -16.836 -16.788 -16.638 -16.617 -16.836 -16.785 -16.63 -16.399 -16.089 -16.839 -16.745 -16.513 -16.286 -16.043 -16.739 -16.524 -16.297 -16.118 -16.037 -16.518 -16.658 -16.417 -15.507 -15.036 -14.467 -16.546
0.553769 -16.225 -16.424 -16.582 -16.813 -16.78 -16.64 -16.581 -16.816 -16.777 -16.633 -16.41 -16.106 -16.818 -16.741 -16.52 -16.299 -16.061 -16.735 -16.531 -16.31 -16.134 -16.053 -16.523 -16.658 -16.427 -15.531 -15.063 -14.497 -16.549
0.570517 -16.147 -16.358 -16.53 -16.789 -16.77 -16.642 -16.544 -16.794 -16.768 -16.634 -16.419 -16.122 -16.796 -16.735 -16.527 -16.311 -16.078 -16.731 -16.537 -16.322 -16.149 -16.068 -16.527 -16.657 -16.436 -15.554 -15.09 -14.526 -16.551
0.587772 -16.064 -16.288 -16.475 -16.762 -16.759 -16.642 -16.504 -16.77 -16.756 -16.635 -16.427 -16.137 -16.771 -16.727 -16.532 -16.323 -16.094 -16.725 -16.542 -16.333 -16.164 -16.083 -16.53 -16.655 -16.444 -15.577 -15.116 -14.556 -16.552
0.605549 -15.979 -16.214 -16.418 -16.733 -16.746 -16.641 -16.463 -16.744 -16.743 -16.634 -16.435 -16.152 -16.745 -16.719 -16.536 -16.334 -16.11 -16.717 -16.546 -16.344 -16.178 -16.098 -16.532 -16.652 -16.451 -15.6 -15.142 -14.585 -16.551
0.623863 -15.89 -16.137 -16.358 -16.702 -16.731 -16.638 -16.42 -16.716 -16.729 -16.632 -16.441 -16.166 -16.716 -16.708 -16.539 -16.344 -16.125 -16.709 -16.549 -16.353 -16.191 -16.112 -16.533 -16.647 -16.457 -15.622 -15.168 -14.614 -16.55
0.642731 -15.797 -16.056 -16.294 -16.668 -16.715 -16.635 -16.376 -16.685 -16.712 -16.628 -16.447 -16.179 -16.685 -16.696 -16.541 -16.353 -16.139 -16.698 -16.55 -16.362 -16.204 -16.125 -16.533 -16.641 -16.462 -15.643 -15.193 -14.642 -16.547
0.66217 -15.7 -15.971 -16.228 -16.633 -16.697 -16.629 -16.329 -16.653 -16.694 -16.623 -16.451 -16.191 -16.652 -16.683 -16.542 -16.361 -16.153 -16.686 -16.551 -16.37 -16.216 -16.138 -16.531 -16.633 -16.465 -15.664 -15.218 -14.67 -16.543
0.682197 -15.6 -15.883 -16.158 -16.594 -16.676 -16.623 -16.281 -16.617 -16.674 -16.617 -16.454 -16.203 -16.616 -16.667 -16.542 -16.368 -16.165 -16.673 -16.55 -16.377 -16.227 -16.15 -16.528 -16.624 -16.468 -15.684 -15.243 -14.698 -16.538
0.70283 -15.496 -15.79 -16.085 -16.553 -16.654 -16.615 -16.231 -16.58 -16.652 -16.609 -16.456 -16.214 -16.578 -16.65 -16.54 -16.375 -16.177 -16.657 -16.548 -16.383 -16.237 -16.162 -16.524 -16.614 -16.47 -15.704 -15.267 -14.726 -16.532
0.724086 -15.388 -15.693 -16.009 -16.51 -16.63 -16.605 -16.179 -16.54 -16.628 -16.6 -16.458 -16.223 -16.537 -16.631 -16.537 -16.38 -16.188 -16.64 -16.545 -16.388 -16.246 -16.173 -16.518 -16.602 -16.47 -15.724 -15.291 -14.753 -16.524
0.745986 -15.276 -15.592 -15.929 -16.464 -16.604 -16.594 -16.125 -16.497 -16.602 -16.589 -16.457 -16.232 -16.493 -16.61 -16.532 -16.384 -16.198 -16.622 -16.541 -16.392 -16.255 -16.184 -16.512 -16.588 -16.469 -15.742 -15.314 -14.78 -16.515
0.768548 -15.16 -15.487 -15.846 -16.415 -16.575 -16.581 -16.07 -16.452 -16.574 -16.577 -16.456 -16.24 -16.447 -16.588 -16.527 -16.387 -16.208 -16.601 -16.535 -16.395 -16.263 -16.193 -16.503 -16.573 -16.467 -15.761 -15.337 -14.807 -16.504
0.791792 -15.039 -15.377 -15.759 -16.363 -16.545 -16.567 -16.012 -16.403 -16.544 -16.563 -16.453 -16.247 -16.398 -16.563 -16.519 -16.389 -16.216 -16.578 -16.527 -16.397 -16.27 -16.202 -16.494 -16.555 -16.464 -15.778 -15.359 -14.834 -16.492
0.815739 -14.915 -15.262 -15.668 -16.307 -16.512 -16.55 -15.952 -16.352 -16.511 -16.547 -16.449 -16.253 -16.346 -16.536 -16.511 -16.389 -16.223 -16.553 -16.519 -16.397 -16.275 -16.21 -16.482 -16.536 -16.459 -15.795 -15.382 -14.86 -16.478
0.840411 -14.786 -15.143 -15.573 -16.249 -16.476 -16.532 -15.891 -16.298 -16.476 -16.529 -16.444 -16.258 -16.291 -16.507 -16.5 -16.389 -16.23 -16.527 -16.508 -16.397 -16.28 -16.218 -16.47 -16.515 -16.453 -15.812 -15.403 -14.886 -16.463
0.865828 -14.653 -15.018 -15.475 -16.188 -16.438 -16.512 -15.827 -16.241 -16.438 -16.509 -16.437 -16.262 -16.232 -16.475 -16.488 -16.387 -16.235 -16.498 -16.496 -16.395 -16.284 -16.224 -16.455 -16.493 -16.445 -15.827 -15.424 -14.911 -16.446
0.892015 -14.516 -14.888 -15.372 -16.123 -16.398 -16.49 -15.762 -16.18 -16.398 -16.487 -16.428 -16.265 -16.171 -16.441 -16.475 -16.384 -16.24 -16.467 -16.482 -16.392 -16.287 -16.23 -16.439 -16.468 -16.436 -15.842 -15.445 -14.936 -16.428
0.918993 -14.374 -14.753 -15.265 -16.055 -16.355 -16.466 -15.694 -16.116 -16.355 -16.464 -16.419 -16.267 -16.106 -16.405 -16.459 -16.379 -16.243 -16.433 -16.467 -16.387 -16.289 -16.235 -16.421 -16.441 -16.425 -15.856 -15.465 -14.961 -16.408
0.946787 -14.228 -14.613 -15.154 -15.983 -16.309 -16.44 -15.624 -16.049 -16.309 -16.438 -16.407 -16.267 -16.037 -16.366 -16.442 -16.373 -16.245 -16.397 -16.45 -16.381 -16.289 -16.238 -16.402 -16.412 -16.413 -15.87 -15.484 -14.985 -16.386
0.975422 -14.078 -14.467 -15.039 -15.908 -16.26 -16.411 -15.552 -15.978 -16.261 -16.41 -16.394 -16.266 -15.965 -16.325 -16.423 -16.366 -16.246 -16.359 -16.431 -16.374 -16.288 -16.241 -16.381 -16.38 -16.398 -15.882 -15.503 -15.009 -16.363
1.004923 -13.923 -14.316 -14.919 -15.828 -16.208 -16.38 -15.478 -15.904 -16.209 -16.38 -16.379 -16.264 -15.889 -16.281 -16.402 -16.357 -16.245 -16.318 -16.41 -16.365 -16.286 -16.243 -16.358 -16.347 -16.383 -15.894 -15.521 -15.033 -16.337
1.035317 -13.764 -14.158 -14.794 -15.745 -16.153 -16.347 -15.401 -15.826 -16.155 -16.347 -16.362 -16.261 -15.81 -16.234 -16.378 -16.346 -16.244 -16.274 -16.387 -16.354 -16.283 -16.244 -16.332 -16.311 -16.365 -15.905 -15.539 -15.056 -16.31
1.066629 -13.601 -13.995 -14.665 -15.658 -16.095 -16.311 -15.323 -15.743 -16.098 -16.312 -16.344 -16.256 -15.726 -16.184 -16.353 -16.334 -16.241 -16.228 -16.362 -16.342 -16.279 -16.243 -16.305 -16.272 -16.345 -15.915 -15.556 -15.079 -16.281
1.098888 -13.434 -13.825 -14.531 -15.566 -16.034 -16.273 -15.242 -15.657 -16.037 -16.275 -16.324 -16.25 -15.638 -16.132 -16.326 -16.32 -16.237 -16.179 -16.334 -16.329 -16.273 -16.242 -16.276 -16.231 -16.324 -15.925 -15.573 -15.101 -16.25
1.132124 -13.263 -13.649 -14.392 -15.47 -15.969 -16.232 -15.158 -15.567 -15.973 -16.234 -16.301 -16.243 -15.546 -16.076 -16.296 -16.304 -16.231 -16.127 -16.305 -16.313 -16.265 -16.239 -16.245 -16.187 -16.301 -15.933 -15.589 -15.123 -16.217
1.166364 -13.089 -13.466 -14.248 -15.37 -15.901 -16.189 -15.072 -15.472 -15.905 -16.192 -16.277 -16.233 -15.45 -16.017 -16.264 -16.286 -16.224 -16.072 -16.273 -16.296 -16.256 -16.235 -16.212 -16.141 -16.275 -15.941 -15.604 -15.144 -16.181
1.20164 -12.911 -13.276 -14.099 -15.265 -15.83 -16.143 -14.984 -15.373 -15.834 -16.146 -16.25 -16.223 -15.349 -15.955 -16.23 -16.267 -16.215 -16.014 -16.239 -16.277 -16.246 -16.23 -16.176 -16.092 -16.248 -15.947 -15.618 -15.165 -16.144
1.237983 -12.731 -13.08 -13.945 -15.155 -15.754 -16.093 -14.893 -15.27 -15.759 -16.098 -16.222 -16.21 -15.244 -15.889 -16.193 -16.245 -16.205 -15.952 -16.203 -16.255 -16.234 -16.223 -16.138 -16.04 -16.218 -15.952 -15.632 -15.186 -16.105
1.275425 -12.548 -12.876 -13.786 -15.041 -15.675 -16.041 -14.8 -15.161 -15.68 -16.046 -16.191 -16.196 -15.133 -15.82 -16.153 -16.222 -16.193 -15.888 -16.164 -16.232 -16.22 -16.215 -16.098 -15.985 -16.186 -15.957 -15.645 -15.206 -16.063
1.313999 -12.363 -12.665 -13.621 -14.921 -15.591 -15.985 -14.704 -15.048 -15.598 -15.992 -16.158 -16.18 -15.018 -15.748 -16.111 -16.196 -16.179 -15.82 -16.122 -16.207 -16.205 -16.205 -16.055 -15.927 -16.151 -15.96 -15.658 -15.225 -16.019
1.35374 -12.177 -12.447 -13.451 -14.797 -15.504 -15.927 -14.606 -14.93 -15.511 -15.934 -16.122 -16.163 -14.897 -15.671 -16.066 -16.169 -16.164 -15.748 -16.077 -16.18 -16.187 -16.194 -16.01 -15.866 -16.114 -15.962 -15.669 -15.244 -15.973
1.394683 -11.99 -12.22 -13.275 -14.666 -15.412 -15.865 -14.504 -14.807 -15.421 -15.873 -16.084 -16.143 -14.772 -15.591 -16.018 -16.138 -16.147 -15.673 -16.03 -16.15 -16.168 -16.182 -15.962 -15.801 -16.075 -15.963 -15.68 -15.262 -15.924
1.436864 -11.805 -11.986 -13.094 -14.531 -15.316 -15.799 -14.4 -14.678 -15.326 -15.809 -16.044 -16.122 -14.641 -15.507 -15.968 -16.106 -16.128 -15.594 -15.98 -16.118 -16.147 -16.167 -15.912 -15.734 -16.033 -15.963 -15.69 -15.28 -15.873
1.480321 -11.621 -11.744 -12.907 -14.389 -15.216 -15.73 -14.293 -14.544 -15.226 -15.741 -16.0 -16.099 -14.504 -15.418 -15.914 -16.071 -16.107 -15.511 -15.927 -16.084 -16.124 -16.151 -15.859 -15.662 -15.988 -15.962 -15.698 -15.297 -15.82
1.525092 -11.439 -11.494 -12.714 -14.242 -15.111 -15.657 -14.183 -14.404 -15.122 -15.669 -15.954 -16.073 -14.361 -15.326 -15.857 -16.034 -16.084 -15.425 -15.871 -16.047 -16.099 -16.134 -15.803 -15.588 -15.94 -15.959 -15.707 -15.314 -15.764
1.571218 -11.262 -11.235 -12.516 -14.089 -15.001 -15.581 -14.07 -14.259 -15.013 -15.594 -15.906 -16.046 -14.213 -15.229 -15.797 -15.994 -16.059 -15.334 -15.811 -16.008 -16.072 -16.114 -15.745 -15.509 -15.89 -15.955 -15.714 -15.33 -15.706
1.618738 -11.09 -10.967 -12.312 -13.93 -14.886 -15.5 -13.954 -14.107 -14.9 -15.515 -15.854 -16.016 -14.058 -15.128 -15.733 -15.951 -16.031 -15.239 -15.749 -15.966 -16.042 -16.093 -15.683 -15.427 -15.837 -15.95 -15.72 -15.345 -15.645
1.667696 -10.925 -10.691 -12.102 -13.764 -14.766 -15.416 -13.835 -13.95 -14.781 -15.432 -15.8 -15.984 -13.897 -15.022 -15.666 -15.906 -16.002 -15.14 -15.682 -15.922 -16.011 -16.07 -15.619 -15.341 -15.781 -15.943 -15.725 -15.36 -15.582
1.718134 -10.767 -10.405 -11.886 -13.592 -14.641 -15.327 -13.712 -13.786 -14.658 -15.345 -15.742 -15.949 -13.73 -14.912 -15.595 -15.858 -15.97 -15.037 -15.613 -15.874 -15.977 -16.044 -15.551 -15.252 -15.721 -15.935 -15.729 -15.374 -15.516
1.770098 -10.619 -10.111 -11.665 -13.413 -14.51 -15.234 -13.587 -13.616 -14.529 -15.253 -15.681 -15.913 -13.556 -14.796 -15.521 -15.806 -15.936 -14.929 -15.54 -15.824 -15.94 -16.017 -15.48 -15.158 -15.658 -15.925 -15.733 -15.388 -15.447
1.823633 -10.48 -9.807 -11.438 -13.227 -14.374 -15.136 -13.458 -13.439 -14.395 -15.158 -15.617 -15.873 -13.375 -14.676 -15.443 -15.752 -15.9 -14.817 -15.463 -15.771 -15.901 -15.988 -15.406 -15.06 -15.592 -15.913 -15.735 -15.4 -15.376
1.878788 -10.352 -9.494 -11.205 -13.034 -14.233 -15.034 -13.325 -13.255 -14.255 -15.057 -15.55 -15.832 -13.187 -14.55 -15.361 -15.695 -15.861 -14.7 -15.382 -15.714 -15.86 -15.956 -15.329 -14.957 -15.523 -15.901 -15.736 -15.413 -15.302
1.93561 -10.235 -9.172 -10.967 -12.834 -14.085 -14.927 -13.189 -13.064 -14.11 -14.953 -15.479 -15.787 -12.992 -14.419 -15.275 -15.634 -15.819 -14.579 -15.298 -15.655 -15.815 -15.922 -15.248 -14.85 -15.45 -15.886 -15.736 -15.424 -15.226
1.994152 -10.128 -8.841 -10.723 -12.626 -13.932 -14.816 -13.05 -12.866 -13.958 -14.843 -15.404 -15.74 -12.79 -14.283 -15.184 -15.57 -15.775 -14.453 -15.209 -15.592 -15.768 -15.886 -15.164 -14.739 -15.374 -15.87 -15.735 -15.435 -15.146
2.054463 -10.03 -8.501 -10.474 -12.411 -13.772 -14.699 -12.907 -12.66 -13.801 -14.729 -15.326 -15.69 -12.58 -14.141 -15.09 -15.503 -15.728 -14.322 -15.116 -15.526 -15.718 -15.847 -15.076 -14.623 -15.294 -15.852 -15.732 -15.444 -15.064
2.116599 -9.943 -8.153 -10.219 -12.187 -13.606 -14.577 -12.76 -12.447 -13.638 -14.61 -15.245 -15.637 -12.361 -13.994 -14.991 -15.432 -15.678 -14.186 -15.019 -15.456 -15.666 -15.806 -14.985 -14.503 -15.21 -15.832 -15.728 -15.454 -14.98
2.180614 -9.863 -7.797 -9.96 -11.956 -13.434 -14.45 -12.609 -12.226 -13.468 -14.485 -15.159 -15.581 -12.135 -13.841 -14.887 -15.357 -15.625 -14.045 -14.918 -15.383 -15.61 -15.763 -14.89 -14.377 -15.122 -15.81 -15.724 -15.462 -14.892
2.246566 -9.791 -7.435 -9.695 -11.716 -13.255 -14.318 -12.455 -11.997 -13.292 -14.356 -15.07 -15.522 -11.901 -13.681 -14.779 -15.279 -15.569 -13.9 -14.813 -15.306 -15.551 -15.716 -14.791 -14.247 -15.03 -15.786 -15.717 -15.47 -14.802
2.314511 -9.726 -7.07 -9.426 -11.468 -13.069 -14.179 -12.296 -11.759 -13.11 -14.221 -14.976 -15.46 -11.658 -13.516 -14.666 -15.197 -15.51 -13.749 -14.702 -15.225 -15.489 -15.667 -14.689 -14.112 -14.934 -15.76 -15.71 -15.476 -14.71
2.384512 -9.666 -6.702 -9.152 -11.211 -12.876 -14.036 -12.134 -11.514 -12.92 -14.08 -14.879 -15.395 -11.407 -13.344 -14.548 -15.11 -15.448 -13.594 -14.588 -15.141 -15.423 -15.616 -14.582 -13.971 -14.834 -15.733 -15.701 -15.482 -14.615
2.45663 -9.611 -6.338 -8.873 -10.945 -12.676 -13.886 -11.968 -11.26 -12.724 -13.934 -14.777 -15.326 -11.146 -13.166 -14.425 -15.02 -15.383 -13.435 -14.468 -15.052 -15.355 -15.561 -14.472 -13.825 -14.73 -15.703 -15.691 -15.487 -14.517
2.530929 -9.559 -5.981 -8.59 -10.67 -12.469 -13.731 -11.798 -10.996 -12.521 -13.782 -14.671 -15.255 -10.877 -12.981 -14.297 -14.926 -15.314 -13.271 -14.344 -14.96 -15.282 -15.504 -14.357 -13.674 -14.621 -15.671 -15.679 -15.492 -14.417
2.607475 -9.51 -5.639 -8.302 -10.386 -12.254 -13.569 -11.624 -10.724 -12.31 -13.624 -14.561 -15.179 -10.598 -12.79 -14.163 -14.827 -15.241 -13.103 -14.215 -14.863 -15.207 -15.444 -14.238 -13.518 -14.508 -15.637 -15.666 -15.495 -14.314
2.686337 -9.464 -5.318 -8.011 -10.092 -12.032 -13.401 -11.446 -10.443 -12.093 -13.46 -14.446 -15.1 -10.31 -12.591 -14.025 -14.724 -15.166 -12.931 -14.081 -14.762 -15.127 -15.381 -14.115 -13.355 -14.39 -15.6 -15.651 -15.497 -14.209
2.767583 -9.419 -5.028 -7.715 -9.788 -11.802 -13.226 -11.263 -10.152 -11.867 -13.29 -14.326 -15.018 -10.011 -12.386 -13.88 -14.616 -15.086 -12.755 -13.943 -14.657 -15.044 -15.314 -13.987 -13.187 -14.268 -15.561 -15.635 -15.499 -14.103
2.851287 -9.376 -4.773 -7.416 -9.474 -11.563 -13.045 -11.077 -9.851 -11.634 -13.113 -14.202 -14.932 -9.703 -12.173 -13.73 -14.504 -15.003 -12.577 -13.799 -14.548 -14.957 -15.245 -13.855 -13.014 -14.141 -15.52 -15.617 -15.5 -13.994
2.937522 -9.334 -4.557 -7.112 -9.15 -11.317 -12.857 -10.887 -9.541 -11.394 -12.93 -14.074 -14.842 -9.385 -11.953 -13.575 -14.387 -14.916 -12.396 -13.65 -14.434 -14.867 -15.172 -13.719 -12.834 -14.009 -15.476 -15.597 -15.499 -13.883
3.026365 -9.293 -4.381 -6.804 -8.816 -11.062 -12.662 -10.692 -9.22 -11.145 -12.741 -13.94 -14.748 -9.056 -11.725 -13.413 -14.266 -14.825 -12.214 -13.497 -14.315 -14.772 -15.097 -13.578 -12.648 -13.872 -15.43 -15.576 -15.498 -13.771
