web/models/kne.last_good/kappa_0.5_3.0.v1/3/villar_0.3304_0.2650_0.5000.dat
# %ECSV 1.0
# ---
# datatype:
# - {name: time, datatype: float64}
# - {name: swift_uvot_uvw2, datatype: float64}
# - {name: swift_uvot_uvm2, datatype: float64}
# - {name: swift_uvot_uvw1, datatype: float64}
# - {name: swift_uvot_U, datatype: float64}
# - {name: swift_uvot_B, datatype: float64}
# - {name: swift_uvot_V, datatype: float64}
# - {name: swift_uvot_W, datatype: float64}
# - {name: johnson_U, datatype: float64}
# - {name: johnson_B, datatype: float64}
# - {name: johnson_V, datatype: float64}
# - {name: johnson_R, datatype: float64}
# - {name: johnson_I, datatype: float64}
# - {name: sdss_u, datatype: float64}
# - {name: sdss_g, datatype: float64}
# - {name: sdss_r, datatype: float64}
# - {name: sdss_i, datatype: float64}
# - {name: sdss_z, datatype: float64}
# - {name: PS1_g, datatype: float64}
# - {name: PS1_r, datatype: float64}
# - {name: PS1_i, datatype: float64}
# - {name: PS1_z, datatype: float64}
# - {name: PS1_Y, datatype: float64}
# - {name: PS1_w, datatype: float64}
# - {name: ATLAS_c, datatype: float64}
# - {name: ATLAS_o, datatype: float64}
# - {name: ukirt_J, datatype: float64}
# - {name: ukirt_H, datatype: float64}
# - {name: ukirt_K, datatype: float64}
# - {name: Clear, datatype: float64}
# meta: !!omap
# - comment: [kappa = 0.5, type = villar, mass = 0.33039895931513485, velocity = 0.265, theta_obs = 0.0]
# schema: astropy-2.0
time swift_uvot_uvw2 swift_uvot_uvm2 swift_uvot_uvw1 swift_uvot_U swift_uvot_B swift_uvot_V swift_uvot_W johnson_U johnson_B johnson_V johnson_R johnson_I sdss_u sdss_g sdss_r sdss_i sdss_z PS1_g PS1_r PS1_i PS1_z PS1_Y PS1_w ATLAS_c ATLAS_o ukirt_J ukirt_H ukirt_K Clear
[from data line 144]
0.073012 -14.11 -14.122 -14.103 -13.977 -13.759 -13.481 -13.976 -13.947 -13.755 -13.472 -13.153 -12.766 -13.955 -13.672 -13.3 -13.002 -12.708 -13.655 -13.321 -13.026 -12.818 -12.758 -13.336 -13.528 -13.177 -12.099 -11.588 -10.986 -13.39
0.07522 -14.138 -14.153 -14.138 -14.018 -13.803 -13.528 -14.012 -13.989 -13.8 -13.518 -13.201 -12.815 -13.996 -13.717 -13.348 -13.051 -12.758 -13.7 -13.369 -13.075 -12.867 -12.806 -13.383 -13.574 -13.225 -12.15 -11.64 -11.039 -13.437
0.077495 -14.165 -14.185 -14.172 -14.058 -13.847 -13.574 -14.047 -14.03 -13.844 -13.565 -13.25 -12.865 -14.037 -13.762 -13.396 -13.1 -12.808 -13.745 -13.416 -13.123 -12.915 -12.854 -13.43 -13.62 -13.273 -12.202 -11.692 -11.092 -13.483
0.079839 -14.192 -14.216 -14.206 -14.099 -13.891 -13.62 -14.083 -14.072 -13.888 -13.611 -13.298 -12.915 -14.079 -13.807 -13.443 -13.148 -12.858 -13.79 -13.463 -13.171 -12.964 -12.902 -13.477 -13.665 -13.321 -12.253 -11.744 -11.144 -13.529
0.082253 -14.219 -14.247 -14.24 -14.139 -13.935 -13.667 -14.118 -14.113 -13.931 -13.657 -13.346 -12.964 -14.12 -13.851 -13.49 -13.197 -12.908 -13.835 -13.51 -13.22 -13.013 -12.949 -13.523 -13.711 -13.369 -12.304 -11.796 -11.197 -13.575
0.084741 -14.245 -14.277 -14.273 -14.18 -13.979 -13.713 -14.153 -14.153 -13.975 -13.704 -13.393 -13.014 -14.16 -13.896 -13.538 -13.246 -12.957 -13.879 -13.557 -13.268 -13.062 -12.997 -13.57 -13.757 -13.417 -12.355 -11.848 -11.25 -13.621
0.087304 -14.271 -14.307 -14.306 -14.22 -14.022 -13.759 -14.188 -14.194 -14.019 -13.75 -13.441 -13.063 -14.201 -13.94 -13.585 -13.294 -13.007 -13.924 -13.604 -13.316 -13.11 -13.045 -13.616 -13.802 -13.464 -12.406 -11.9 -11.302 -13.667
0.089944 -14.297 -14.337 -14.339 -14.26 -14.065 -13.805 -14.223 -14.235 -14.062 -13.796 -13.489 -13.112 -14.241 -13.984 -13.632 -13.343 -13.057 -13.968 -13.65 -13.364 -13.159 -13.092 -13.663 -13.848 -13.512 -12.457 -11.952 -11.355 -13.713
0.092665 -14.323 -14.366 -14.372 -14.3 -14.109 -13.851 -14.257 -14.275 -14.105 -13.842 -13.537 -13.161 -14.282 -14.028 -13.679 -13.391 -13.106 -14.013 -13.697 -13.412 -13.207 -13.14 -13.709 -13.893 -13.559 -12.508 -12.003 -11.407 -13.759
0.095467 -14.348 -14.396 -14.404 -14.339 -14.152 -13.896 -14.291 -14.315 -14.148 -13.887 -13.584 -13.211 -14.322 -14.072 -13.726 -13.44 -13.155 -14.057 -13.744 -13.46 -13.256 -13.187 -13.755 -13.938 -13.607 -12.559 -12.055 -11.46 -13.804
0.098355 -14.372 -14.424 -14.437 -14.378 -14.195 -13.942 -14.325 -14.355 -14.191 -13.933 -13.632 -13.26 -14.361 -14.116 -13.772 -13.488 -13.205 -14.101 -13.79 -13.508 -13.304 -13.235 -13.801 -13.983 -13.654 -12.61 -12.107 -11.512 -13.85
0.101329 -14.397 -14.453 -14.468 -14.418 -14.237 -13.987 -14.359 -14.395 -14.234 -13.978 -13.679 -13.309 -14.401 -14.16 -13.819 -13.536 -13.254 -14.144 -13.836 -13.556 -13.352 -13.282 -13.847 -14.028 -13.701 -12.661 -12.159 -11.564 -13.895
0.104394 -14.421 -14.481 -14.5 -14.456 -14.28 -14.033 -14.393 -14.434 -14.276 -14.024 -13.726 -13.358 -14.441 -14.203 -13.866 -13.584 -13.303 -14.188 -13.883 -13.603 -13.401 -13.33 -13.893 -14.073 -13.749 -12.712 -12.21 -11.617 -13.941
0.107551 -14.444 -14.509 -14.531 -14.495 -14.322 -14.078 -14.426 -14.474 -14.319 -14.069 -13.773 -13.407 -14.48 -14.247 -13.912 -13.632 -13.352 -14.232 -13.929 -13.651 -13.449 -13.377 -13.939 -14.117 -13.796 -12.763 -12.262 -11.669 -13.986
0.110804 -14.468 -14.537 -14.562 -14.534 -14.365 -14.123 -14.459 -14.513 -14.361 -14.114 -13.821 -13.455 -14.519 -14.29 -13.958 -13.68 -13.401 -14.275 -13.975 -13.699 -13.497 -13.425 -13.985 -14.162 -13.843 -12.813 -12.314 -11.722 -14.031
0.114155 -14.491 -14.564 -14.593 -14.572 -14.407 -14.168 -14.492 -14.552 -14.403 -14.159 -13.868 -13.504 -14.558 -14.333 -14.005 -13.728 -13.45 -14.318 -14.021 -13.746 -13.545 -13.472 -14.03 -14.206 -13.89 -12.864 -12.365 -11.774 -14.076
0.117608 -14.513 -14.591 -14.624 -14.61 -14.449 -14.213 -14.525 -14.591 -14.445 -14.204 -13.914 -13.553 -14.597 -14.376 -14.051 -13.776 -13.499 -14.362 -14.067 -13.794 -13.593 -13.52 -14.076 -14.25 -13.936 -12.914 -12.417 -11.826 -14.12
0.121165 -14.535 -14.617 -14.654 -14.648 -14.491 -14.258 -14.557 -14.629 -14.487 -14.249 -13.961 -13.601 -14.635 -14.419 -14.097 -13.823 -13.548 -14.405 -14.113 -13.841 -13.641 -13.567 -14.121 -14.294 -13.983 -12.965 -12.468 -11.878 -14.165
0.124829 -14.557 -14.643 -14.683 -14.686 -14.532 -14.302 -14.589 -14.668 -14.529 -14.294 -14.008 -13.65 -14.673 -14.462 -14.143 -13.871 -13.597 -14.447 -14.158 -13.888 -13.689 -13.614 -14.166 -14.338 -14.03 -13.015 -12.519 -11.93 -14.21
0.128605 -14.579 -14.669 -14.713 -14.723 -14.574 -14.347 -14.621 -14.706 -14.57 -14.338 -14.055 -13.698 -14.711 -14.504 -14.188 -13.918 -13.646 -14.49 -14.204 -13.935 -13.737 -13.661 -14.211 -14.382 -14.076 -13.066 -12.571 -11.983 -14.254
0.132494 -14.6 -14.694 -14.742 -14.76 -14.615 -14.391 -14.653 -14.744 -14.612 -14.382 -14.101 -13.747 -14.749 -14.546 -14.234 -13.966 -13.694 -14.533 -14.249 -13.982 -13.785 -13.709 -14.256 -14.426 -14.122 -13.116 -12.622 -12.035 -14.298
0.136502 -14.62 -14.719 -14.771 -14.797 -14.656 -14.435 -14.685 -14.781 -14.653 -14.427 -14.147 -13.795 -14.787 -14.589 -14.28 -14.013 -13.743 -14.575 -14.295 -14.029 -13.832 -13.756 -14.301 -14.469 -14.169 -13.167 -12.673 -12.087 -14.342
0.14063 -14.641 -14.744 -14.8 -14.834 -14.697 -14.479 -14.716 -14.819 -14.694 -14.471 -14.194 -13.843 -14.824 -14.631 -14.325 -14.06 -13.791 -14.617 -14.34 -14.076 -13.88 -13.803 -14.346 -14.513 -14.215 -13.217 -12.725 -12.139 -14.386
0.144883 -14.661 -14.768 -14.828 -14.871 -14.738 -14.523 -14.747 -14.856 -14.734 -14.515 -14.24 -13.891 -14.861 -14.673 -14.37 -14.107 -13.84 -14.66 -14.385 -14.123 -13.928 -13.85 -14.39 -14.556 -14.261 -13.267 -12.776 -12.191 -14.43
0.149265 -14.68 -14.792 -14.856 -14.907 -14.778 -14.567 -14.778 -14.893 -14.775 -14.559 -14.286 -13.939 -14.898 -14.714 -14.416 -14.154 -13.888 -14.702 -14.43 -14.17 -13.975 -13.897 -14.435 -14.599 -14.307 -13.317 -12.827 -12.243 -14.474
0.15378 -14.699 -14.815 -14.883 -14.943 -14.819 -14.611 -14.808 -14.93 -14.816 -14.602 -14.332 -13.987 -14.935 -14.756 -14.461 -14.201 -13.936 -14.743 -14.475 -14.216 -14.022 -13.944 -14.479 -14.642 -14.352 -13.367 -12.878 -12.295 -14.518
0.15843 -14.718 -14.838 -14.911 -14.979 -14.859 -14.654 -14.839 -14.967 -14.856 -14.646 -14.378 -14.035 -14.971 -14.797 -14.506 -14.248 -13.984 -14.785 -14.52 -14.263 -14.07 -13.991 -14.523 -14.685 -14.398 -13.417 -12.929 -12.347 -14.561
0.163222 -14.736 -14.861 -14.938 -15.014 -14.899 -14.698 -14.869 -15.003 -14.896 -14.689 -14.423 -14.083 -15.008 -14.838 -14.551 -14.295 -14.032 -14.826 -14.564 -14.309 -14.117 -14.038 -14.567 -14.728 -14.444 -13.467 -12.98 -12.399 -14.605
0.168159 -14.754 -14.883 -14.964 -15.05 -14.939 -14.741 -14.899 -15.039 -14.936 -14.733 -14.469 -14.13 -15.043 -14.879 -14.595 -14.341 -14.08 -14.868 -14.609 -14.356 -14.164 -14.084 -14.611 -14.77 -14.489 -13.517 -13.031 -12.45 -14.648
0.173245 -14.771 -14.905 -14.99 -15.085 -14.978 -14.784 -14.928 -15.075 -14.975 -14.776 -14.515 -14.178 -15.079 -14.92 -14.64 -14.388 -14.128 -14.909 -14.653 -14.402 -14.211 -14.131 -14.655 -14.813 -14.535 -13.567 -13.082 -12.502 -14.691
0.178484 -14.788 -14.926 -15.016 -15.119 -15.018 -14.827 -14.958 -15.11 -15.015 -14.819 -14.56 -14.225 -15.115 -14.961 -14.684 -14.434 -14.176 -14.95 -14.697 -14.448 -14.258 -14.178 -14.699 -14.855 -14.58 -13.617 -13.133 -12.554 -14.734
0.183882 -14.804 -14.947 -15.042 -15.154 -15.057 -14.87 -14.987 -15.146 -15.054 -14.861 -14.605 -14.273 -15.15 -15.001 -14.729 -14.481 -14.224 -14.991 -14.741 -14.494 -14.305 -14.225 -14.742 -14.897 -14.625 -13.667 -13.184 -12.606 -14.777
0.189444 -14.82 -14.967 -15.067 -15.188 -15.096 -14.912 -15.015 -15.181 -15.093 -14.904 -14.65 -14.32 -15.185 -15.041 -14.773 -14.527 -14.271 -15.031 -14.785 -14.54 -14.352 -14.271 -14.786 -14.939 -14.67 -13.716 -13.234 -12.657 -14.819
0.195173 -14.836 -14.987 -15.091 -15.222 -15.135 -14.955 -15.044 -15.216 -15.132 -14.947 -14.695 -14.367 -15.219 -15.081 -14.817 -14.573 -14.319 -15.072 -14.829 -14.586 -14.399 -14.318 -14.829 -14.98 -14.715 -13.766 -13.285 -12.709 -14.862
0.201076 -14.851 -15.007 -15.116 -15.256 -15.174 -14.997 -15.072 -15.25 -15.17 -14.989 -14.74 -14.414 -15.254 -15.121 -14.861 -14.619 -14.366 -15.112 -14.873 -14.632 -14.446 -14.364 -14.872 -15.022 -14.759 -13.815 -13.336 -12.761 -14.904
0.207158 -14.865 -15.026 -15.14 -15.289 -15.212 -15.039 -15.1 -15.284 -15.209 -15.031 -14.785 -14.461 -15.288 -15.161 -14.905 -14.665 -14.414 -15.152 -14.917 -14.677 -14.492 -14.411 -14.915 -15.063 -14.804 -13.865 -13.386 -12.812 -14.946
0.213423 -14.879 -15.045 -15.163 -15.322 -15.25 -15.081 -15.128 -15.318 -15.247 -15.073 -14.83 -14.508 -15.322 -15.2 -14.948 -14.71 -14.461 -15.192 -14.96 -14.723 -14.539 -14.457 -14.958 -15.104 -14.848 -13.914 -13.437 -12.864 -14.988
0.219878 -14.893 -15.063 -15.187 -15.355 -15.288 -15.123 -15.156 -15.352 -15.285 -15.115 -14.874 -14.555 -15.355 -15.24 -14.992 -14.756 -14.508 -15.232 -15.003 -14.768 -14.585 -14.503 -15.0 -15.145 -14.893 -13.963 -13.488 -12.915 -15.03
0.226528 -14.906 -15.081 -15.209 -15.387 -15.326 -15.164 -15.183 -15.385 -15.323 -15.157 -14.918 -14.602 -15.389 -15.279 -15.035 -14.801 -14.555 -15.271 -15.046 -14.813 -14.631 -14.549 -15.043 -15.186 -14.937 -14.013 -13.538 -12.967 -15.072
0.233379 -14.918 -15.098 -15.232 -15.42 -15.363 -15.206 -15.21 -15.419 -15.36 -15.198 -14.963 -14.648 -15.421 -15.318 -15.078 -14.847 -14.602 -15.31 -15.089 -14.858 -14.678 -14.596 -15.085 -15.227 -14.981 -14.062 -13.588 -13.018 -15.113
0.240437 -14.931 -15.114 -15.254 -15.452 -15.4 -15.247 -15.236 -15.451 -15.397 -15.239 -15.007 -14.695 -15.454 -15.356 -15.121 -14.892 -14.649 -15.349 -15.132 -14.903 -14.724 -14.642 -15.127 -15.267 -15.025 -14.111 -13.639 -13.069 -15.155
0.247709 -14.942 -15.131 -15.275 -15.483 -15.437 -15.288 -15.263 -15.484 -15.434 -15.28 -15.051 -14.741 -15.487 -15.395 -15.164 -14.937 -14.695 -15.388 -15.175 -14.948 -14.77 -14.688 -15.169 -15.308 -15.069 -14.16 -13.689 -13.121 -15.196
0.255201 -14.953 -15.146 -15.296 -15.514 -15.474 -15.329 -15.289 -15.516 -15.471 -15.321 -15.094 -14.787 -15.519 -15.433 -15.207 -14.982 -14.742 -15.427 -15.217 -14.993 -14.816 -14.733 -15.211 -15.348 -15.112 -14.209 -13.739 -13.172 -15.237
0.262919 -14.964 -15.161 -15.317 -15.545 -15.511 -15.369 -15.315 -15.548 -15.508 -15.362 -15.138 -14.834 -15.55 -15.471 -15.249 -15.027 -14.788 -15.465 -15.26 -15.038 -14.862 -14.779 -15.252 -15.387 -15.156 -14.258 -13.789 -13.223 -15.278
0.270871 -14.974 -15.176 -15.337 -15.576 -15.547 -15.41 -15.34 -15.58 -15.544 -15.403 -15.181 -14.88 -15.582 -15.508 -15.291 -15.072 -14.835 -15.503 -15.302 -15.082 -14.907 -14.825 -15.294 -15.427 -15.199 -14.307 -13.839 -13.274 -15.318
0.279064 -14.983 -15.19 -15.357 -15.606 -15.583 -15.45 -15.366 -15.611 -15.58 -15.443 -15.225 -14.926 -15.613 -15.546 -15.334 -15.116 -14.881 -15.541 -15.344 -15.127 -14.953 -14.871 -15.335 -15.467 -15.242 -14.355 -13.889 -13.325 -15.359
0.287504 -14.992 -15.204 -15.376 -15.636 -15.619 -15.49 -15.391 -15.642 -15.616 -15.483 -15.268 -14.971 -15.644 -15.583 -15.375 -15.161 -14.927 -15.579 -15.386 -15.171 -14.998 -14.916 -15.376 -15.506 -15.285 -14.404 -13.939 -13.376 -15.399
0.296199 -15.0 -15.217 -15.395 -15.666 -15.654 -15.53 -15.415 -15.672 -15.651 -15.523 -15.311 -15.017 -15.674 -15.62 -15.417 -15.205 -14.973 -15.617 -15.427 -15.215 -15.044 -14.962 -15.417 -15.545 -15.328 -14.452 -13.989 -13.427 -15.439
0.305157 -15.008 -15.229 -15.414 -15.695 -15.689 -15.57 -15.44 -15.703 -15.686 -15.563 -15.354 -15.062 -15.704 -15.657 -15.459 -15.249 -15.019 -15.654 -15.469 -15.259 -15.089 -15.007 -15.458 -15.583 -15.37 -14.501 -14.039 -13.478 -15.479
0.314387 -15.015 -15.241 -15.432 -15.724 -15.724 -15.609 -15.464 -15.733 -15.721 -15.602 -15.396 -15.108 -15.734 -15.693 -15.5 -15.293 -15.065 -15.691 -15.51 -15.303 -15.134 -15.052 -15.498 -15.622 -15.413 -14.549 -14.089 -13.529 -15.519
0.323895 -15.022 -15.252 -15.449 -15.752 -15.759 -15.648 -15.487 -15.762 -15.756 -15.642 -15.439 -15.153 -15.763 -15.73 -15.542 -15.337 -15.111 -15.728 -15.551 -15.346 -15.179 -15.098 -15.539 -15.66 -15.455 -14.598 -14.138 -13.58 -15.558
0.333691 -15.027 -15.263 -15.466 -15.78 -15.793 -15.687 -15.511 -15.791 -15.79 -15.681 -15.481 -15.198 -15.792 -15.766 -15.583 -15.38 -15.156 -15.764 -15.592 -15.39 -15.224 -15.143 -15.579 -15.698 -15.497 -14.646 -14.188 -13.631 -15.597
0.343783 -15.033 -15.273 -15.482 -15.808 -15.827 -15.726 -15.534 -15.82 -15.824 -15.719 -15.523 -15.243 -15.821 -15.801 -15.624 -15.424 -15.202 -15.8 -15.633 -15.433 -15.269 -15.188 -15.619 -15.736 -15.539 -14.694 -14.238 -13.681 -15.636
0.354181 -15.038 -15.282 -15.498 -15.835 -15.861 -15.765 -15.557 -15.849 -15.858 -15.758 -15.565 -15.288 -15.849 -15.837 -15.664 -15.467 -15.247 -15.836 -15.674 -15.477 -15.313 -15.233 -15.659 -15.774 -15.581 -14.742 -14.287 -13.732 -15.675
0.364893 -15.042 -15.291 -15.514 -15.862 -15.894 -15.803 -15.579 -15.877 -15.892 -15.796 -15.607 -15.333 -15.877 -15.872 -15.705 -15.51 -15.292 -15.872 -15.714 -15.52 -15.358 -15.277 -15.698 -15.811 -15.622 -14.79 -14.336 -13.783 -15.714
0.375929 -15.045 -15.299 -15.529 -15.889 -15.927 -15.841 -15.601 -15.904 -15.925 -15.835 -15.649 -15.377 -15.904 -15.907 -15.745 -15.553 -15.337 -15.908 -15.754 -15.562 -15.402 -15.322 -15.737 -15.848 -15.664 -14.837 -14.386 -13.833 -15.752
0.387298 -15.048 -15.306 -15.543 -15.915 -15.96 -15.879 -15.623 -15.932 -15.958 -15.872 -15.69 -15.422 -15.931 -15.941 -15.785 -15.596 -15.382 -15.943 -15.794 -15.605 -15.446 -15.367 -15.776 -15.885 -15.705 -14.885 -14.435 -13.884 -15.791
0.399012 -15.05 -15.313 -15.557 -15.941 -15.992 -15.916 -15.644 -15.958 -15.99 -15.91 -15.731 -15.466 -15.958 -15.975 -15.825 -15.639 -15.426 -15.978 -15.834 -15.648 -15.49 -15.411 -15.815 -15.922 -15.746 -14.933 -14.484 -13.934 -15.829
0.41108 -15.051 -15.319 -15.57 -15.966 -16.025 -15.953 -15.666 -15.985 -16.022 -15.947 -15.772 -15.51 -15.984 -16.009 -15.864 -15.681 -15.471 -16.012 -15.873 -15.69 -15.534 -15.455 -15.854 -15.958 -15.787 -14.98 -14.533 -13.984 -15.866
0.423513 -15.052 -15.325 -15.583 -15.991 -16.056 -15.99 -15.686 -16.011 -16.054 -15.984 -15.813 -15.554 -16.01 -16.043 -15.904 -15.724 -15.515 -16.046 -15.912 -15.732 -15.578 -15.5 -15.892 -15.994 -15.827 -15.028 -14.582 -14.035 -15.904
0.436321 -15.052 -15.329 -15.595 -16.015 -16.088 -16.027 -15.707 -16.036 -16.086 -16.021 -15.854 -15.598 -16.035 -16.076 -15.943 -15.766 -15.56 -16.08 -15.951 -15.774 -15.622 -15.544 -15.93 -16.03 -15.868 -15.075 -14.631 -14.085 -15.941
0.449518 -15.052 -15.333 -15.606 -16.039 -16.119 -16.064 -15.727 -16.062 -16.117 -16.058 -15.894 -15.642 -16.06 -16.109 -15.982 -15.808 -15.604 -16.114 -15.99 -15.816 -15.665 -15.588 -15.968 -16.066 -15.908 -15.122 -14.68 -14.135 -15.978
0.463113 -15.05 -15.336 -15.617 -16.062 -16.149 -16.1 -15.746 -16.086 -16.147 -16.094 -15.934 -15.685 -16.084 -16.142 -16.02 -15.849 -15.648 -16.147 -16.029 -15.858 -15.708 -15.631 -16.006 -16.101 -15.948 -15.169 -14.728 -14.185 -16.015
0.47712 -15.048 -15.339 -15.627 -16.085 -16.18 -16.136 -15.766 -16.11 -16.178 -16.13 -15.974 -15.728 -16.108 -16.174 -16.059 -15.891 -15.691 -16.18 -16.067 -15.899 -15.751 -15.675 -16.043 -16.136 -15.987 -15.216 -14.777 -14.235 -16.051
0.49155 -15.045 -15.341 -15.637 -16.107 -16.21 -16.171 -15.784 -16.134 -16.208 -16.166 -16.014 -15.771 -16.132 -16.206 -16.097 -15.932 -15.735 -16.213 -16.105 -15.94 -15.794 -15.718 -16.081 -16.17 -16.027 -15.263 -14.826 -14.285 -16.087
0.506416 -15.042 -15.342 -15.646 -16.129 -16.239 -16.207 -15.803 -16.157 -16.237 -16.201 -16.053 -15.814 -16.155 -16.238 -16.135 -15.973 -15.778 -16.245 -16.143 -15.981 -15.837 -15.762 -16.117 -16.204 -16.066 -15.309 -14.874 -14.335 -16.123
0.521733 -15.037 -15.342 -15.654 -16.151 -16.268 -16.241 -15.821 -16.18 -16.267 -16.236 -16.092 -15.857 -16.177 -16.269 -16.172 -16.014 -15.822 -16.277 -16.18 -16.022 -15.88 -15.805 -16.154 -16.238 -16.105 -15.356 -14.922 -14.384 -16.159
