web/models/kne.last_good/kappa_0.5_3.0.v1/3/villar_0.2183_0.3590_3.0000.dat
# %ECSV 1.0
# ---
# datatype:
# - {name: time, datatype: float64}
# - {name: swift_uvot_uvw2, datatype: float64}
# - {name: swift_uvot_uvm2, datatype: float64}
# - {name: swift_uvot_uvw1, datatype: float64}
# - {name: swift_uvot_U, datatype: float64}
# - {name: swift_uvot_B, datatype: float64}
# - {name: swift_uvot_V, datatype: float64}
# - {name: swift_uvot_W, datatype: float64}
# - {name: johnson_U, datatype: float64}
# - {name: johnson_B, datatype: float64}
# - {name: johnson_V, datatype: float64}
# - {name: johnson_R, datatype: float64}
# - {name: johnson_I, datatype: float64}
# - {name: sdss_u, datatype: float64}
# - {name: sdss_g, datatype: float64}
# - {name: sdss_r, datatype: float64}
# - {name: sdss_i, datatype: float64}
# - {name: sdss_z, datatype: float64}
# - {name: PS1_g, datatype: float64}
# - {name: PS1_r, datatype: float64}
# - {name: PS1_i, datatype: float64}
# - {name: PS1_z, datatype: float64}
# - {name: PS1_Y, datatype: float64}
# - {name: PS1_w, datatype: float64}
# - {name: ATLAS_c, datatype: float64}
# - {name: ATLAS_o, datatype: float64}
# - {name: ukirt_J, datatype: float64}
# - {name: ukirt_H, datatype: float64}
# - {name: ukirt_K, datatype: float64}
# - {name: Clear, datatype: float64}
# meta: !!omap
# - comment: [kappa = 3.0, type = villar, mass = 0.21832694463104688, velocity = 0.359, theta_obs = 0.0]
# schema: astropy-2.0
time swift_uvot_uvw2 swift_uvot_uvm2 swift_uvot_uvw1 swift_uvot_U swift_uvot_B swift_uvot_V swift_uvot_W johnson_U johnson_B johnson_V johnson_R johnson_I sdss_u sdss_g sdss_r sdss_i sdss_z PS1_g PS1_r PS1_i PS1_z PS1_Y PS1_w ATLAS_c ATLAS_o ukirt_J ukirt_H ukirt_K Clear
[from data line 280]
4.200141 -11.106 -6.722 -9.449 -11.519 -13.547 -14.982 -13.016 -11.886 -13.614 -15.046 -16.092 -16.791 -11.744 -14.136 -15.642 -16.385 -16.86 -14.497 -15.701 -16.424 -16.815 -17.082 -15.752 -14.944 -16.034 -17.342 -17.42 -17.288 -15.851
4.327172 -11.103 -6.595 -9.304 -11.367 -13.437 -14.904 -12.935 -11.741 -13.507 -14.971 -16.047 -16.767 -11.595 -14.04 -15.581 -16.346 -16.837 -14.419 -15.644 -16.386 -16.79 -17.067 -15.702 -14.871 -15.986 -17.343 -17.434 -17.312 -15.813
4.458044 -11.099 -6.477 -9.155 -11.208 -13.322 -14.822 -12.85 -11.589 -13.394 -14.891 -15.998 -16.739 -11.439 -13.94 -15.517 -16.303 -16.812 -14.338 -15.583 -16.345 -16.762 -17.049 -15.648 -14.793 -15.935 -17.342 -17.446 -17.335 -15.772
4.592874 -11.094 -6.369 -9.001 -11.042 -13.2 -14.735 -12.761 -11.431 -13.277 -14.807 -15.945 -16.709 -11.276 -13.834 -15.449 -16.258 -16.783 -14.254 -15.519 -16.301 -16.732 -17.029 -15.591 -14.71 -15.881 -17.339 -17.457 -17.357 -15.729
4.731783 -11.088 -6.272 -8.841 -10.868 -13.073 -14.643 -12.669 -11.265 -13.153 -14.718 -15.888 -16.676 -11.105 -13.722 -15.376 -16.208 -16.752 -14.166 -15.45 -16.253 -16.698 -17.006 -15.53 -14.623 -15.823 -17.334 -17.467 -17.378 -15.683
4.874892 -11.081 -6.185 -8.677 -10.686 -12.939 -14.545 -12.572 -11.091 -13.023 -14.624 -15.828 -16.64 -10.926 -13.605 -15.298 -16.155 -16.717 -14.075 -15.377 -16.202 -16.661 -16.98 -15.465 -14.531 -15.76 -17.326 -17.474 -17.398 -15.634
5.02233 -11.072 -6.109 -8.506 -10.495 -12.799 -14.442 -12.47 -10.909 -12.886 -14.524 -15.763 -16.6 -10.739 -13.482 -15.216 -16.097 -16.679 -13.98 -15.3 -16.146 -16.62 -16.951 -15.396 -14.434 -15.693 -17.316 -17.48 -17.416 -15.582
5.174227 -11.062 -6.042 -8.329 -10.295 -12.651 -14.332 -12.363 -10.718 -12.742 -14.418 -15.694 -16.557 -10.543 -13.351 -15.128 -16.036 -16.637 -13.882 -15.218 -16.087 -16.576 -16.919 -15.322 -14.331 -15.622 -17.304 -17.484 -17.433 -15.527
5.330718 -11.05 -5.984 -8.145 -10.086 -12.495 -14.217 -12.252 -10.518 -12.591 -14.306 -15.62 -16.509 -10.337 -13.214 -15.035 -15.969 -16.592 -13.78 -15.13 -16.022 -16.528 -16.883 -15.244 -14.222 -15.546 -17.288 -17.485 -17.448 -15.47
5.491942 -11.037 -5.933 -7.954 -9.866 -12.331 -14.094 -12.135 -10.308 -12.431 -14.187 -15.541 -16.458 -10.121 -13.069 -14.935 -15.897 -16.542 -13.675 -15.038 -15.953 -16.475 -16.844 -15.16 -14.107 -15.464 -17.27 -17.485 -17.462 -15.409
5.658042 -11.021 -5.888 -7.756 -9.635 -12.157 -13.964 -12.012 -10.087 -12.263 -14.061 -15.456 -16.402 -9.894 -12.916 -14.829 -15.82 -16.487 -13.567 -14.939 -15.879 -16.418 -16.801 -15.071 -13.985 -15.377 -17.248 -17.482 -17.474 -15.344
5.829166 -11.003 -5.848 -7.549 -9.393 -11.975 -13.826 -11.884 -9.855 -12.086 -13.928 -15.365 -16.341 -9.655 -12.754 -14.716 -15.738 -16.428 -13.456 -14.835 -15.799 -16.356 -16.753 -14.976 -13.855 -15.284 -17.223 -17.476 -17.483 -15.277
6.005465 -10.983 -5.811 -7.334 -9.137 -11.782 -13.679 -11.749 -9.61 -11.899 -13.786 -15.268 -16.275 -9.403 -12.583 -14.596 -15.649 -16.364 -13.343 -14.724 -15.714 -16.289 -16.701 -14.875 -13.718 -15.185 -17.194 -17.468 -17.491 -15.205
6.187096 -10.961 -5.776 -7.11 -8.868 -11.578 -13.523 -11.607 -9.352 -11.701 -13.636 -15.165 -16.204 -9.138 -12.401 -14.468 -15.554 -16.294 -13.227 -14.607 -15.622 -16.216 -16.644 -14.766 -13.572 -15.078 -17.161 -17.456 -17.497 -15.13
6.37422 -10.936 -5.741 -6.875 -8.585 -11.362 -13.358 -11.459 -9.08 -11.493 -13.476 -15.054 -16.126 -8.858 -12.21 -14.331 -15.451 -16.218 -13.109 -14.483 -15.523 -16.137 -16.582 -14.651 -13.418 -14.965 -17.124 -17.442 -17.5 -15.051
6.567004 -10.908 -5.706 -6.63 -8.285 -11.134 -13.182 -11.304 -8.793 -11.272 -13.306 -14.935 -16.043 -8.563 -12.006 -14.185 -15.341 -16.136 -12.989 -14.351 -15.417 -16.052 -16.515 -14.528 -13.254 -14.843 -17.083 -17.424 -17.501 -14.968
6.765619 -10.877 -5.671 -6.373 -7.969 -10.892 -12.995 -11.141 -8.489 -11.038 -13.125 -14.808 -15.952 -8.251 -11.791 -14.029 -15.223 -16.047 -12.868 -14.212 -15.304 -15.96 -16.442 -14.397 -13.079 -14.713 -17.037 -17.402 -17.499 -14.88
6.97024 -10.843 -5.633 -6.103 -7.635 -10.636 -12.796 -10.97 -8.168 -10.79 -12.932 -14.673 -15.855 -7.921 -11.562 -13.863 -15.096 -15.951 -12.748 -14.065 -15.182 -15.861 -16.362 -14.256 -12.894 -14.574 -16.985 -17.376 -17.494 -14.789
7.181051 -10.805 -5.593 -5.82 -7.282 -10.364 -12.583 -10.791 -7.828 -10.527 -12.727 -14.527 -15.749 -7.572 -11.318 -13.686 -14.959 -15.847 -12.627 -13.91 -15.052 -15.753 -16.276 -14.107 -12.696 -14.425 -16.928 -17.346 -17.485 -14.693
7.398237 -10.764 -5.55 -5.522 -6.907 -10.075 -12.357 -10.605 -7.468 -10.248 -12.508 -14.372 -15.635 -7.202 -11.06 -13.496 -14.812 -15.734 -12.507 -13.746 -14.912 -15.637 -16.183 -13.946 -12.486 -14.266 -16.864 -17.311 -17.474 -14.593
7.621991 -10.718 -5.504 -5.209 -6.509 -9.768 -12.115 -10.41 -7.086 -9.951 -12.275 -14.205 -15.512 -6.809 -10.784 -13.292 -14.655 -15.612 -12.388 -13.573 -14.763 -15.512 -16.082 -13.775 -12.262 -14.095 -16.794 -17.272 -17.458 -14.488
7.852513 -10.668 -5.453 -4.878 -6.087 -9.441 -11.856 -10.207 -6.679 -9.636 -12.026 -14.026 -15.379 -6.391 -10.491 -13.075 -14.485 -15.48 -12.271 -13.392 -14.602 -15.377 -15.972 -13.591 -12.022 -13.912 -16.716 -17.226 -17.439 -14.379
8.090007 -10.613 -5.398 -4.528 -5.638 -9.092 -11.58 -9.996 -6.247 -9.3 -11.76 -13.834 -15.235 -5.947 -10.178 -12.841 -14.302 -15.337 -12.155 -13.203 -14.43 -15.232 -15.854 -13.394 -11.767 -13.715 -16.631 -17.175 -17.415 -14.266
8.334684 -10.553 -5.337 -4.159 -5.16 -8.72 -11.284 -9.779 -5.787 -8.942 -11.475 -13.628 -15.08 -5.474 -9.844 -12.591 -14.105 -15.182 -12.041 -13.005 -14.246 -15.074 -15.727 -13.183 -11.494 -13.505 -16.537 -17.118 -17.387 -14.147
8.586761 -10.487 -5.272 -3.767 -4.651 -8.323 -10.967 -9.554 -5.296 -8.56 -11.17 -13.406 -14.912 -4.97 -9.487 -12.322 -13.892 -15.014 -11.929 -12.799 -14.049 -14.905 -15.589 -12.957 -11.201 -13.278 -16.434 -17.053 -17.353 -14.025
8.846461 -10.416 -5.2 -3.351 -4.107 -7.898 -10.627 -9.324 -4.772 -8.151 -10.843 -13.168 -14.73 -4.432 -9.104 -12.033 -13.663 -14.833 -11.817 -12.586 -13.839 -14.722 -15.44 -12.713 -10.888 -13.034 -16.321 -16.981 -17.314 -13.897
9.114017 -10.337 -5.122 -2.91 -3.526 -7.443 -10.262 -9.09 -4.211 -7.715 -10.492 -12.912 -14.534 -3.856 -8.695 -11.723 -13.416 -14.636 -11.706 -12.368 -13.614 -14.525 -15.28 -12.452 -10.552 -12.772 -16.196 -16.9 -17.269 -13.765
9.389664 -10.252 -5.036 -2.44 -2.904 -6.956 -9.869 -8.854 -3.612 -7.248 -10.115 -12.636 -14.321 -3.24 -8.255 -11.388 -13.149 -14.422 -11.594 -12.145 -13.374 -14.313 -15.108 -12.17 -10.191 -12.49 -16.06 -16.81 -17.217 -13.628
9.673648 -10.159 -4.943 -1.939 -2.237 -6.432 -9.446 -8.617 -2.968 -6.747 -9.71 -12.339 -14.091 -2.579 -7.783 -11.028 -12.86 -14.191 -11.48 -11.919 -13.119 -14.084 -14.923 -11.867 -9.803 -12.186 -15.911 -16.711 -17.157 -13.487
9.966221 -10.057 -4.842 -1.404 -1.522 -5.87 -8.991 -8.382 -2.278 -6.209 -9.274 -12.019 -13.842 -1.87 -7.276 -10.639 -12.547 -13.939 -11.362 -11.693 -12.848 -13.838 -14.724 -11.54 -9.385 -11.857 -15.746 -16.6 -17.09 -13.34
10.267642 -9.947 -4.731 -0.833 -0.752 -5.264 -8.499 -8.15 -1.535 -5.631 -8.804 -11.672 -13.571 -1.107 -6.729 -10.218 -12.208 -13.666 -11.239 -11.468 -12.562 -13.573 -14.511 -11.186 -8.935 -11.502 -15.566 -16.477 -17.014 -13.187
10.57818 -9.826 -4.611 -0.221 0.076 -4.611 -7.967 -7.923 -0.735 -5.008 -8.296 -11.298 -13.277 -0.286 -6.139 -9.763 -11.84 -13.368 -11.109 -11.245 -12.262 -13.289 -14.283 -10.804 -8.45 -11.119 -15.369 -16.341 -16.927 -13.029
10.89811 -9.695 -4.479 0.436 0.969 -3.906 -7.392 -7.7 0.128 -4.337 -7.748 -10.893 -12.958 0.6 -5.501 -9.27 -11.44 -13.044 -10.972 -11.025 -11.948 -12.985 -14.04 -10.391 -7.924 -10.703 -15.152 -16.19 -16.831 -12.864
11.227716 -9.551 -4.335 1.142 1.935 -3.143 -6.768 -7.481 1.06 -3.613 -7.154 -10.453 -12.611 1.558 -4.812 -8.735 -11.006 -12.691 -10.824 -10.808 -11.622 -12.661 -13.781 -9.942 -7.356 -10.252 -14.913 -16.023 -16.722 -12.691
11.56729 -9.394 -4.179 1.901 2.98 -2.317 -6.091 -7.265 2.07 -2.83 -6.511 -9.977 -12.232 2.594 -4.064 -8.153 -10.532 -12.306 -10.664 -10.593 -11.289 -12.316 -13.507 -9.455 -6.739 -9.762 -14.651 -15.838 -16.6 -12.509
11.917135 -9.223 -4.007 2.72 4.113 -1.421 -5.354 -7.049 3.165 -1.981 -5.813 -9.459 -11.82 3.718 -3.252 -7.52 -10.016 -11.884 -10.491 -10.377 -10.951 -11.952 -13.218 -8.925 -6.069 -9.229 -14.362 -15.633 -16.463 -12.317
12.277561 -9.036 -3.82 3.606 5.345 -0.446 -4.552 -6.829 4.354 -1.06 -5.054 -8.896 -11.371 4.94 -2.369 -6.83 -9.452 -11.424 -10.303 -10.156 -10.611 -11.571 -12.915 -8.347 -5.34 -8.649 -14.044 -15.406 -16.31 -12.113
12.648887 -8.903 -3.687 3.835 5.623 -0.203 -4.333 -6.692 4.626 -0.825 -4.841 -8.711 -11.201 5.216 -2.139 -6.627 -9.266 -11.252 -10.169 -10.02 -10.46 -11.412 -12.767 -8.16 -5.132 -8.461 -13.893 -15.267 -16.181 -11.978
13.031444 -8.772 -3.556 3.966 5.753 -0.073 -4.203 -6.561 4.757 -0.695 -4.711 -8.58 -11.071 5.347 -2.009 -6.496 -9.135 -11.122 -10.039 -9.889 -10.329 -11.282 -12.636 -8.029 -5.002 -8.331 -13.762 -15.136 -16.051 -11.847
13.425571 -8.633 -3.417 4.105 5.892 0.066 -4.064 -6.423 4.896 -0.556 -4.572 -8.441 -10.932 5.486 -1.87 -6.357 -8.997 -10.983 -9.9 -9.75 -10.19 -11.143 -12.497 -7.89 -4.863 -8.192 -13.623 -14.997 -15.912 -11.708
13.831619 -8.485 -3.27 4.253 6.04 0.214 -3.916 -6.275 5.044 -0.408 -4.424 -8.294 -10.784 5.633 -1.722 -6.21 -8.849 -10.835 -9.752 -9.602 -10.042 -10.995 -12.349 -7.743 -4.715 -8.044 -13.476 -14.85 -15.764 -11.56
14.249947 -8.328 -3.113 4.41 6.197 0.371 -3.759 -6.118 5.201 -0.251 -4.267 -8.137 -10.627 5.79 -1.565 -6.053 -8.692 -10.678 -9.595 -9.445 -9.885 -10.838 -12.192 -7.586 -4.558 -7.887 -13.319 -14.693 -15.607 -11.403
14.680926 -8.162 -2.946 4.576 6.364 0.538 -3.592 -5.951 5.367 -0.084 -4.1 -7.97 -10.46 5.957 -1.398 -5.886 -8.525 -10.511 -9.428 -9.279 -9.719 -10.671 -12.025 -7.419 -4.391 -7.72 -13.152 -14.526 -15.44 -11.236
15.124941 -7.984 -2.769 4.754 6.541 0.715 -3.415 -5.774 5.545 0.093 -3.923 -7.792 -10.283 6.135 -1.221 -5.708 -8.348 -10.334 -9.251 -9.101 -9.541 -10.494 -11.848 -7.242 -4.214 -7.543 -12.975 -14.349 -15.263 -11.059
15.582385 -7.796 -2.58 4.942 6.729 0.903 -3.226 -5.585 5.733 0.281 -3.735 -7.604 -10.095 6.323 -1.033 -5.52 -8.159 -10.146 -9.063 -8.913 -9.353 -10.306 -11.66 -7.053 -4.026 -7.355 -12.786 -14.16 -15.075 -10.871
16.053663 -7.596 -2.38 5.142 6.929 1.103 -3.026 -5.385 5.933 0.481 -3.535 -7.404 -9.895 6.523 -0.833 -5.32 -7.959 -9.946 -8.863 -8.713 -9.153 -10.106 -11.46 -6.853 -3.826 -7.155 -12.586 -13.96 -14.875 -10.671
16.539195 -7.384 -2.168 5.354 7.142 1.316 -2.814 -5.173 6.146 0.694 -3.322 -7.192 -9.682 6.735 -0.62 -5.108 -7.747 -9.733 -8.65 -8.501 -8.941 -9.893 -11.247 -6.641 -3.613 -6.942 -12.374 -13.748 -14.662 -10.458
17.039412 -7.158 -1.942 5.58 7.367 1.541 -2.588 -4.947 6.371 0.919 -3.097 -6.966 -9.457 6.961 -0.395 -4.882 -7.521 -9.508 -8.425 -8.275 -8.715 -9.668 -11.022 -6.415 -3.388 -6.717 -12.148 -13.522 -14.437 -10.233
17.554757 -6.918 -1.703 5.82 7.607 1.781 -2.349 -4.708 6.611 1.159 -2.857 -6.727 -9.217 7.2 -0.155 -4.643 -7.282 -9.268 -8.185 -8.036 -8.476 -9.428 -10.782 -6.176 -3.148 -6.477 -11.909 -13.283 -14.197 -9.993
18.085689 -6.664 -1.449 6.074 7.861 2.035 -2.095 -4.454 6.865 1.413 -2.603 -6.472 -8.963 7.455 0.099 -4.388 -7.028 -9.014 -7.931 -7.781 -8.221 -9.174 -10.528 -5.921 -2.894 -6.223 -11.655 -13.029 -13.943 -9.739
18.632678 -6.394 -1.179 6.344 8.131 2.305 -1.825 -4.184 7.135 1.683 -2.333 -6.202 -8.693 7.725 0.369 -4.118 -6.758 -8.744 -7.661 -7.511 -7.951 -8.904 -10.258 -5.651 -2.624 -5.953 -11.385 -12.759 -13.673 -9.469
19.196211 -6.108 -0.892 6.63 8.418 2.592 -1.538 -3.897 7.421 1.97 -2.046 -5.916 -8.406 8.011 0.656 -3.832 -6.471 -8.457 -7.374 -7.225 -7.665 -8.617 -9.972 -5.365 -2.337 -5.666 -11.098 -12.472 -13.386 -9.182
19.776787 -5.803 -0.588 6.935 8.722 2.896 -1.234 -3.593 7.726 2.274 -1.742 -5.612 -8.102 8.315 0.96 -3.528 -6.167 -8.153 -7.07 -6.92 -7.36 -8.313 -9.667 -5.061 -2.033 -5.362 -10.794 -12.168 -13.082 -8.878
20.374923 -5.48 -0.265 7.258 9.045 3.219 -0.911 -3.27 8.049 2.597 -1.419 -5.289 -7.779 8.638 1.283 -3.205 -5.844 -7.83 -6.747 -6.598 -7.038 -7.99 -9.344 -4.738 -1.71 -5.039 -10.471 -11.845 -12.759 -8.555
20.991149 -5.138 0.078 7.6 9.388 3.562 -0.568 -2.927 8.391 2.94 -1.076 -4.946 -7.436 8.981 1.626 -2.862 -5.501 -7.487 -6.404 -6.255 -6.695 -7.647 -9.002 -4.395 -1.367 -4.696 -10.128 -11.502 -12.416 -8.213
21.626011 -4.774 0.442 7.964 9.751 3.925 -0.204 -2.563 8.755 3.304 -0.713 -4.582 -7.072 9.345 1.99 -2.498 -5.137 -7.124 -6.041 -5.891 -6.331 -7.284 -8.638 -4.031 -1.003 -4.332 -9.764 -11.138 -12.053 -7.849
22.280075 -4.388 0.828 8.35 10.138 4.312 0.182 -2.177 9.142 3.69 -0.326 -4.196 -6.686 9.731 2.376 -2.112 -4.751 -6.737 -5.654 -5.505 -5.945 -6.897 -8.251 -3.645 -0.617 -3.946 -9.378 -10.752 -11.666 -7.462
22.953921 -3.978 1.238 8.76 10.548 4.722 0.592 -1.767 9.551 4.1 0.084 -3.786 -6.276 10.141 2.786 -1.702 -4.341 -6.327 -5.244 -5.095 -5.535 -6.487 -7.842 -3.235 -0.207 -3.536 -8.968 -10.342 -11.256 -7.052
23.648147 -3.542 1.673 9.196 10.983 5.157 1.027 -1.332 9.987 4.535 0.519 -3.351 -5.841 10.576 3.221 -1.267 -3.906 -5.892 -4.809 -4.66 -5.1 -6.052 -7.406 -2.8 0.228 -3.101 -8.533 -9.907 -10.821 -6.617
24.363369 -3.081 2.135 9.657 11.445 5.619 1.489 -0.87 10.448 4.997 0.981 -2.889 -5.379 11.038 3.683 -0.805 -3.444 -5.43 -4.347 -4.198 -4.638 -5.59 -6.945 -2.338 0.69 -2.639 -8.071 -9.445 -10.359 -6.155
25.100222 -2.59 2.625 10.148 11.935 6.109 1.979 -0.38 10.939 5.487 1.471 -2.399 -4.889 11.528 4.173 -0.315 -2.954 -4.94 -3.857 -3.707 -4.147 -5.1 -6.454 -1.848 1.18 -2.149 -7.581 -8.955 -9.869 -5.665
25.859362 -2.07 3.146 10.668 12.455 6.629 2.499 0.14 11.459 6.007 1.991 -1.878 -4.369 12.049 4.693 0.206 -2.434 -4.42 -3.337 -3.187 -3.627 -4.58 -5.934 -1.327 1.7 -1.629 -7.06 -8.434 -9.349 -5.145
26.64146 -1.518 3.698 11.22 13.007 7.181 3.052 0.693 12.011 6.56 2.543 -1.326 -3.816 12.601 5.245 0.758 -1.881 -3.868 -2.785 -2.635 -3.075 -4.028 -5.382 -0.775 2.253 -1.077 -6.508 -7.882 -8.797 -4.593
27.447213 -0.932 4.284 11.806 13.594 7.768 3.638 1.279 12.597 7.146 3.13 -0.74 -3.23 13.187 5.832 1.344 -1.295 -3.281 -2.198 -2.049 -2.489 -3.441 -4.796 -0.189 2.839 -0.49 -5.922 -7.296 -8.21 -4.007
28.277335 -0.309 4.906 12.429 14.216 8.39 4.26 1.901 13.22 7.768 3.752 -0.118 -2.608 13.809 6.454 1.966 -0.673 -2.659 -1.576 -1.427 -1.867 -2.819 -4.173 0.433 3.461 0.132 -5.3 -6.674 -7.588 -3.384
29.132564 0.351 5.567 13.089 14.876 9.05 4.92 2.562 13.88 8.428 4.412 0.543 -1.948 14.47 7.114 2.627 -0.013 -1.999 -0.916 -0.766 -1.206 -2.159 -3.513 1.094 4.121 0.792 -4.639 -6.013 -6.928 -2.724
30.013659 1.052 6.268 13.79 15.577 9.751 5.621 3.262 14.581 9.129 5.113 1.244 -1.247 15.171 7.815 3.328 0.688 -1.298 -0.215 -0.065 -0.505 -1.458 -2.812 1.795 4.822 1.493 -3.939 -5.313 -6.227 -2.023
30.921401 1.796 7.012 14.534 16.321 10.495 6.365 4.006 15.325 9.873 5.857 1.988 -0.503 15.915 8.559 4.072 1.432 -0.554 0.529 0.679 0.239 -0.714 -2.068 2.539 5.566 2.237 -3.195 -4.569 -5.483 -1.279
31.856598 2.586 7.801 15.324 17.111 11.285 7.155 4.796 16.115 10.663 6.647 2.777 0.287 16.704 9.349 4.861 2.222 0.236 1.319 1.468 1.028 0.076 -1.278 3.328 6.356 3.027 -2.405 -3.779 -4.693 -0.489
32.820079 3.424 8.639 16.162 17.949 12.123 7.993 5.634 16.953 11.501 7.485 3.615 1.125 17.542 10.187 5.699 3.06 1.074 2.157 2.307 1.867 0.914 -0.44 4.166 7.194 3.865 -1.567 -2.941 -3.855 0.349
33.8127 4.313 9.529 17.051 18.838 13.012 8.883 6.524 17.842 12.391 8.374 4.505 2.015 18.432 11.076 6.589 3.95 1.963 3.046 3.196 2.756 1.803 0.449 5.056 8.084 4.755 -0.677 -2.051 -2.966 1.238
34.835342 5.257 10.473 17.995 19.783 13.957 9.827 7.468 18.787 13.335 9.319 5.449 2.959 19.376 12.021 7.533 4.894 2.908 3.991 4.14 3.7 2.748 1.394 6.0 9.028 5.699 0.267 -1.107 -2.021 2.183
