web/models/kne.last_good/kappa_0.5_3.0.v1/3/villar_0.0182_0.2337_0.5000.dat
# %ECSV 1.0
# ---
# datatype:
# - {name: time, datatype: float64}
# - {name: swift_uvot_uvw2, datatype: float64}
# - {name: swift_uvot_uvm2, datatype: float64}
# - {name: swift_uvot_uvw1, datatype: float64}
# - {name: swift_uvot_U, datatype: float64}
# - {name: swift_uvot_B, datatype: float64}
# - {name: swift_uvot_V, datatype: float64}
# - {name: swift_uvot_W, datatype: float64}
# - {name: johnson_U, datatype: float64}
# - {name: johnson_B, datatype: float64}
# - {name: johnson_V, datatype: float64}
# - {name: johnson_R, datatype: float64}
# - {name: johnson_I, datatype: float64}
# - {name: sdss_u, datatype: float64}
# - {name: sdss_g, datatype: float64}
# - {name: sdss_r, datatype: float64}
# - {name: sdss_i, datatype: float64}
# - {name: sdss_z, datatype: float64}
# - {name: PS1_g, datatype: float64}
# - {name: PS1_r, datatype: float64}
# - {name: PS1_i, datatype: float64}
# - {name: PS1_z, datatype: float64}
# - {name: PS1_Y, datatype: float64}
# - {name: PS1_w, datatype: float64}
# - {name: ATLAS_c, datatype: float64}
# - {name: ATLAS_o, datatype: float64}
# - {name: ukirt_J, datatype: float64}
# - {name: ukirt_H, datatype: float64}
# - {name: ukirt_K, datatype: float64}
# - {name: Clear, datatype: float64}
# meta: !!omap
# - comment: [kappa = 0.5, type = villar, mass = 0.018176879801416274, velocity = 0.2336666666666667, theta_obs = 0.0]
# schema: astropy-2.0
time swift_uvot_uvw2 swift_uvot_uvm2 swift_uvot_uvw1 swift_uvot_U swift_uvot_B swift_uvot_V swift_uvot_W johnson_U johnson_B johnson_V johnson_R johnson_I sdss_u sdss_g sdss_r sdss_i sdss_z PS1_g PS1_r PS1_i PS1_z PS1_Y PS1_w ATLAS_c ATLAS_o ukirt_J ukirt_H ukirt_K Clear
[from data line 77]
0.009917 -10.525 -10.419 -10.33 -10.033 -9.734 -9.395 -10.179 -9.99 -9.73 -9.385 -9.024 -8.599 -9.999 -9.626 -9.187 -8.854 -8.536 -9.612 -9.222 -8.898 -8.686 -8.676 -9.239 -9.455 -9.05 -7.89 -7.359 -6.741 -9.308
0.010217 -10.563 -10.461 -10.373 -10.08 -9.783 -9.445 -10.222 -10.037 -9.779 -9.435 -9.076 -8.651 -10.046 -9.676 -9.238 -8.906 -8.589 -9.661 -9.273 -8.949 -8.738 -8.725 -9.29 -9.505 -9.102 -7.944 -7.413 -6.796 -9.359
0.010526 -10.601 -10.502 -10.415 -10.127 -9.832 -9.496 -10.265 -10.085 -9.828 -9.486 -9.127 -8.704 -10.093 -9.726 -9.29 -8.958 -8.641 -9.711 -9.323 -9.001 -8.789 -8.774 -9.341 -9.556 -9.153 -7.997 -7.467 -6.85 -9.409
0.010845 -10.638 -10.543 -10.458 -10.174 -9.881 -9.546 -10.308 -10.132 -9.877 -9.536 -9.179 -8.756 -10.141 -9.775 -9.341 -9.01 -8.694 -9.76 -9.374 -9.052 -8.84 -8.824 -9.391 -9.606 -9.205 -8.051 -7.521 -6.904 -9.459
0.011173 -10.676 -10.584 -10.501 -10.221 -9.93 -9.597 -10.351 -10.179 -9.926 -9.587 -9.23 -8.808 -10.188 -9.824 -9.392 -9.062 -8.746 -9.809 -9.424 -9.103 -8.891 -8.873 -9.442 -9.656 -9.256 -8.104 -7.575 -6.959 -9.51
0.011511 -10.713 -10.624 -10.543 -10.267 -9.978 -9.647 -10.394 -10.226 -9.975 -9.637 -9.281 -8.861 -10.235 -9.873 -9.443 -9.114 -8.799 -9.858 -9.475 -9.154 -8.942 -8.922 -9.492 -9.705 -9.307 -8.158 -7.629 -7.013 -9.56
0.011859 -10.75 -10.664 -10.585 -10.314 -10.027 -9.697 -10.436 -10.273 -10.023 -9.687 -9.333 -8.913 -10.281 -9.922 -9.493 -9.165 -8.851 -9.907 -9.525 -9.205 -8.993 -8.972 -9.543 -9.755 -9.359 -8.211 -7.683 -7.067 -9.61
0.012217 -10.787 -10.704 -10.627 -10.36 -10.075 -9.747 -10.478 -10.319 -10.072 -9.737 -9.384 -8.965 -10.328 -9.971 -9.544 -9.217 -8.903 -9.956 -9.575 -9.256 -9.044 -9.021 -9.593 -9.805 -9.41 -8.264 -7.737 -7.121 -9.66
0.012587 -10.823 -10.744 -10.668 -10.406 -10.124 -9.797 -10.52 -10.366 -10.12 -9.787 -9.435 -9.017 -10.374 -10.02 -9.595 -9.269 -8.955 -10.004 -9.626 -9.307 -9.095 -9.07 -9.643 -9.854 -9.461 -8.317 -7.79 -7.176 -9.709
0.012968 -10.859 -10.784 -10.71 -10.452 -10.172 -9.847 -10.562 -10.412 -10.168 -9.837 -9.486 -9.069 -10.421 -10.069 -9.645 -9.32 -9.008 -10.053 -9.676 -9.358 -9.145 -9.119 -9.693 -9.904 -9.511 -8.37 -7.844 -7.23 -9.759
0.01336 -10.895 -10.823 -10.751 -10.498 -10.22 -9.896 -10.604 -10.458 -10.216 -9.886 -9.537 -9.121 -10.467 -10.118 -9.696 -9.371 -9.06 -10.101 -9.726 -9.408 -9.196 -9.168 -9.743 -9.953 -9.562 -8.423 -7.897 -7.284 -9.809
0.013764 -10.931 -10.862 -10.792 -10.544 -10.268 -9.946 -10.645 -10.504 -10.264 -9.936 -9.587 -9.173 -10.513 -10.166 -9.746 -9.423 -9.112 -10.15 -9.775 -9.459 -9.247 -9.217 -9.793 -10.002 -9.613 -8.476 -7.951 -7.338 -9.858
0.01418 -10.966 -10.901 -10.832 -10.589 -10.316 -9.995 -10.687 -10.55 -10.312 -9.986 -9.638 -9.225 -10.559 -10.214 -9.796 -9.474 -9.163 -10.198 -9.825 -9.51 -9.297 -9.266 -9.843 -10.051 -9.664 -8.529 -8.005 -7.392 -9.907
0.014609 -11.001 -10.939 -10.873 -10.635 -10.363 -10.045 -10.728 -10.596 -10.36 -10.035 -9.689 -9.276 -10.605 -10.263 -9.846 -9.525 -9.215 -10.246 -9.875 -9.56 -9.348 -9.315 -9.893 -10.1 -9.714 -8.582 -8.058 -7.446 -9.957
0.015051 -11.036 -10.978 -10.913 -10.68 -10.411 -10.094 -10.769 -10.642 -10.407 -10.084 -9.739 -9.328 -10.65 -10.311 -9.896 -9.576 -9.267 -10.294 -9.925 -9.611 -9.398 -9.364 -9.942 -10.149 -9.765 -8.635 -8.111 -7.499 -10.006
0.015506 -11.07 -11.016 -10.953 -10.725 -10.458 -10.143 -10.809 -10.687 -10.455 -10.133 -9.79 -9.379 -10.696 -10.359 -9.946 -9.627 -9.319 -10.342 -9.974 -9.661 -9.449 -9.413 -9.992 -10.198 -9.815 -8.688 -8.165 -7.553 -10.055
0.015975 -11.105 -11.053 -10.993 -10.77 -10.506 -10.192 -10.85 -10.733 -10.502 -10.183 -9.84 -9.431 -10.741 -10.407 -9.996 -9.678 -9.37 -10.39 -10.024 -9.711 -9.499 -9.462 -10.041 -10.247 -9.865 -8.741 -8.218 -7.607 -10.104
0.016458 -11.139 -11.091 -11.033 -10.815 -10.553 -10.242 -10.89 -10.778 -10.549 -10.232 -9.89 -9.482 -10.786 -10.455 -10.046 -9.729 -9.422 -10.438 -10.073 -9.762 -9.55 -9.511 -10.09 -10.295 -9.915 -8.793 -8.271 -7.661 -10.153
0.016956 -11.172 -11.128 -11.072 -10.859 -10.6 -10.29 -10.93 -10.823 -10.596 -10.281 -9.94 -9.534 -10.831 -10.502 -10.096 -9.78 -9.474 -10.485 -10.122 -9.812 -9.6 -9.56 -10.14 -10.344 -9.965 -8.846 -8.324 -7.714 -10.201
0.017469 -11.206 -11.165 -11.112 -10.904 -10.647 -10.339 -10.97 -10.868 -10.643 -10.329 -9.991 -9.585 -10.876 -10.55 -10.146 -9.83 -9.525 -10.533 -10.172 -9.862 -9.65 -9.608 -10.189 -10.392 -10.016 -8.898 -8.378 -7.768 -10.25
0.017997 -11.239 -11.202 -11.151 -10.948 -10.694 -10.388 -11.01 -10.912 -10.69 -10.378 -10.041 -9.636 -10.92 -10.597 -10.195 -9.881 -9.576 -10.58 -10.221 -9.912 -9.7 -9.657 -10.238 -10.441 -10.065 -8.951 -8.431 -7.822 -10.299
0.018541 -11.272 -11.238 -11.189 -10.992 -10.74 -10.437 -11.05 -10.957 -10.737 -10.427 -10.091 -9.687 -10.965 -10.645 -10.245 -9.931 -9.628 -10.628 -10.27 -9.962 -9.75 -9.706 -10.287 -10.489 -10.115 -9.003 -8.484 -7.875 -10.347
0.019102 -11.305 -11.275 -11.228 -11.036 -10.787 -10.485 -11.089 -11.001 -10.783 -10.475 -10.14 -9.738 -11.009 -10.692 -10.294 -9.982 -9.679 -10.675 -10.319 -10.012 -9.801 -9.755 -10.336 -10.537 -10.165 -9.056 -8.537 -7.929 -10.396
0.01968 -11.337 -11.311 -11.266 -11.08 -10.833 -10.533 -11.128 -11.046 -10.829 -10.524 -10.19 -9.789 -11.053 -10.739 -10.343 -10.032 -9.73 -10.722 -10.368 -10.062 -9.851 -9.803 -10.384 -10.585 -10.215 -9.108 -8.59 -7.982 -10.444
0.020275 -11.369 -11.346 -11.304 -11.123 -10.879 -10.582 -11.167 -11.09 -10.876 -10.572 -10.24 -9.84 -11.097 -10.786 -10.392 -10.083 -9.781 -10.769 -10.416 -10.111 -9.901 -9.852 -10.433 -10.633 -10.264 -9.16 -8.643 -8.036 -10.492
0.020888 -11.401 -11.382 -11.342 -11.167 -10.926 -10.63 -11.206 -11.134 -10.922 -10.62 -10.29 -9.891 -11.141 -10.833 -10.441 -10.133 -9.832 -10.816 -10.465 -10.161 -9.951 -9.901 -10.481 -10.68 -10.314 -9.213 -8.696 -8.089 -10.54
0.02152 -11.432 -11.417 -11.38 -11.21 -10.972 -10.678 -11.244 -11.177 -10.968 -10.668 -10.339 -9.942 -11.185 -10.879 -10.49 -10.183 -9.883 -10.862 -10.514 -10.211 -10.0 -9.949 -10.53 -10.728 -10.363 -9.265 -8.749 -8.143 -10.588
0.022171 -11.464 -11.452 -11.417 -11.253 -11.018 -10.726 -11.283 -11.221 -11.014 -10.716 -10.388 -9.993 -11.228 -10.926 -10.539 -10.233 -9.934 -10.909 -10.562 -10.26 -10.05 -9.998 -10.578 -10.776 -10.413 -9.317 -8.801 -8.196 -10.636
0.022841 -11.494 -11.486 -11.454 -11.296 -11.063 -10.774 -11.321 -11.264 -11.06 -10.764 -10.438 -10.043 -11.272 -10.972 -10.588 -10.283 -9.985 -10.955 -10.611 -10.31 -10.1 -10.046 -10.627 -10.823 -10.462 -9.369 -8.854 -8.25 -10.684
0.023532 -11.525 -11.521 -11.491 -11.339 -11.109 -10.822 -11.359 -11.308 -11.105 -10.812 -10.487 -10.094 -11.315 -11.019 -10.637 -10.333 -10.036 -11.002 -10.659 -10.359 -10.15 -10.095 -10.675 -10.87 -10.511 -9.421 -8.907 -8.303 -10.731
0.024244 -11.555 -11.555 -11.528 -11.381 -11.154 -10.869 -11.397 -11.351 -11.151 -10.86 -10.536 -10.144 -11.358 -11.065 -10.685 -10.383 -10.087 -11.048 -10.707 -10.409 -10.199 -10.143 -10.723 -10.917 -10.56 -9.473 -8.96 -8.356 -10.779
0.024977 -11.585 -11.589 -11.564 -11.424 -11.2 -10.917 -11.434 -11.394 -11.196 -10.907 -10.585 -10.195 -11.401 -11.111 -10.734 -10.433 -10.137 -11.094 -10.756 -10.458 -10.249 -10.192 -10.771 -10.965 -10.609 -9.525 -9.012 -8.409 -10.826
0.025733 -11.615 -11.622 -11.6 -11.466 -11.245 -10.964 -11.472 -11.436 -11.241 -10.955 -10.634 -10.245 -11.444 -11.157 -10.782 -10.482 -10.188 -11.14 -10.804 -10.507 -10.298 -10.24 -10.819 -11.011 -10.658 -9.577 -9.065 -8.463 -10.874
0.026511 -11.644 -11.655 -11.636 -11.508 -11.29 -11.012 -11.509 -11.479 -11.287 -11.002 -10.683 -10.296 -11.486 -11.203 -10.831 -10.532 -10.238 -11.186 -10.852 -10.556 -10.348 -10.289 -10.866 -11.058 -10.707 -9.629 -9.117 -8.516 -10.921
0.027313 -11.674 -11.688 -11.672 -11.55 -11.335 -11.059 -11.546 -11.521 -11.331 -11.05 -10.732 -10.346 -11.529 -11.249 -10.879 -10.581 -10.289 -11.232 -10.9 -10.605 -10.397 -10.337 -10.914 -11.105 -10.756 -9.681 -9.17 -8.569 -10.968
0.028139 -11.702 -11.721 -11.707 -11.592 -11.38 -11.106 -11.582 -11.564 -11.376 -11.097 -10.781 -10.396 -11.571 -11.294 -10.927 -10.631 -10.339 -11.278 -10.947 -10.654 -10.447 -10.385 -10.962 -11.152 -10.804 -9.732 -9.222 -8.622 -11.015
0.02899 -11.731 -11.753 -11.742 -11.633 -11.425 -11.153 -11.619 -11.606 -11.421 -11.144 -10.83 -10.446 -11.613 -11.34 -10.975 -10.68 -10.39 -11.323 -10.995 -10.703 -10.496 -10.434 -11.009 -11.198 -10.853 -9.784 -9.275 -8.675 -11.062
0.029867 -11.759 -11.785 -11.777 -11.675 -11.469 -11.2 -11.655 -11.648 -11.466 -11.191 -10.878 -10.496 -11.655 -11.385 -11.023 -10.73 -10.44 -11.369 -11.043 -10.752 -10.545 -10.482 -11.056 -11.245 -10.902 -9.836 -9.327 -8.728 -11.109
0.03077 -11.787 -11.817 -11.812 -11.716 -11.513 -11.247 -11.691 -11.689 -11.51 -11.238 -10.927 -10.546 -11.696 -11.43 -11.071 -10.779 -10.49 -11.414 -11.09 -10.801 -10.595 -10.53 -11.104 -11.291 -10.95 -9.887 -9.38 -8.781 -11.155
0.031701 -11.814 -11.848 -11.846 -11.757 -11.558 -11.293 -11.727 -11.731 -11.554 -11.284 -10.975 -10.596 -11.738 -11.475 -11.119 -10.828 -10.54 -11.459 -11.138 -10.85 -10.644 -10.579 -11.151 -11.337 -10.998 -9.939 -9.432 -8.834 -11.202
0.032659 -11.841 -11.879 -11.88 -11.798 -11.602 -11.34 -11.763 -11.772 -11.598 -11.331 -11.023 -10.646 -11.779 -11.52 -11.166 -10.877 -10.59 -11.504 -11.185 -10.898 -10.693 -10.627 -11.198 -11.383 -11.046 -9.99 -9.484 -8.887 -11.248
0.033647 -11.868 -11.91 -11.914 -11.838 -11.646 -11.387 -11.798 -11.813 -11.642 -11.377 -11.072 -10.696 -11.82 -11.565 -11.214 -10.926 -10.64 -11.549 -11.233 -10.947 -10.742 -10.675 -11.245 -11.429 -11.094 -10.042 -9.537 -8.94 -11.295
0.034665 -11.895 -11.94 -11.948 -11.879 -11.69 -11.433 -11.834 -11.854 -11.686 -11.424 -11.12 -10.745 -11.861 -11.61 -11.261 -10.975 -10.69 -11.594 -11.28 -10.995 -10.791 -10.723 -11.292 -11.475 -11.143 -10.093 -9.589 -8.993 -11.341
0.035713 -11.921 -11.971 -11.981 -11.919 -11.733 -11.479 -11.869 -11.895 -11.73 -11.47 -11.168 -10.795 -11.902 -11.654 -11.309 -11.024 -10.74 -11.639 -11.327 -11.044 -10.84 -10.771 -11.338 -11.52 -11.19 -10.144 -9.641 -9.046 -11.387
0.036793 -11.946 -12.0 -12.014 -11.959 -11.777 -11.525 -11.903 -11.936 -11.773 -11.516 -11.216 -10.845 -11.942 -11.699 -11.356 -11.072 -10.79 -11.683 -11.374 -11.092 -10.889 -10.819 -11.385 -11.566 -11.238 -10.196 -9.693 -9.098 -11.433
0.037906 -11.972 -12.03 -12.047 -11.999 -11.82 -11.571 -11.938 -11.976 -11.817 -11.562 -11.264 -10.894 -11.983 -11.743 -11.403 -11.121 -10.839 -11.728 -11.421 -11.14 -10.937 -10.867 -11.431 -11.611 -11.286 -10.247 -9.745 -9.151 -11.479
0.039052 -11.997 -12.059 -12.079 -12.038 -11.863 -11.617 -11.972 -12.017 -11.86 -11.608 -11.311 -10.943 -12.023 -11.787 -11.45 -11.17 -10.889 -11.772 -11.467 -11.189 -10.986 -10.915 -11.478 -11.657 -11.334 -10.298 -9.797 -9.204 -11.525
0.040234 -12.022 -12.088 -12.111 -12.078 -11.906 -11.663 -12.007 -12.057 -11.903 -11.654 -11.359 -10.993 -12.063 -11.831 -11.497 -11.218 -10.939 -11.816 -11.514 -11.237 -11.035 -10.963 -11.524 -11.702 -11.381 -10.349 -9.849 -9.257 -11.57
0.04145 -12.046 -12.116 -12.143 -12.117 -11.949 -11.708 -12.041 -12.096 -11.946 -11.7 -11.407 -11.042 -12.102 -11.875 -11.544 -11.266 -10.988 -11.86 -11.561 -11.285 -11.083 -11.011 -11.57 -11.747 -11.429 -10.4 -9.901 -9.309 -11.616
0.042704 -12.07 -12.144 -12.175 -12.156 -11.992 -11.754 -12.074 -12.136 -11.988 -11.745 -11.454 -11.091 -12.142 -11.919 -11.591 -11.315 -11.037 -11.904 -11.607 -11.333 -11.132 -11.059 -11.616 -11.792 -11.476 -10.451 -9.953 -9.362 -11.661
0.043996 -12.094 -12.172 -12.206 -12.195 -12.034 -11.799 -12.108 -12.175 -12.031 -11.79 -11.501 -11.14 -12.181 -11.962 -11.637 -11.363 -11.087 -11.947 -11.653 -11.381 -11.18 -11.107 -11.662 -11.836 -11.523 -10.502 -10.005 -9.414 -11.707
0.045326 -12.117 -12.199 -12.237 -12.233 -12.077 -11.845 -12.141 -12.215 -12.073 -11.836 -11.549 -11.189 -12.22 -12.005 -11.684 -11.411 -11.136 -11.991 -11.7 -11.428 -11.229 -11.154 -11.708 -11.881 -11.57 -10.553 -10.056 -9.467 -11.752
0.046697 -12.14 -12.227 -12.268 -12.272 -12.119 -11.89 -12.174 -12.254 -12.116 -11.881 -11.596 -11.238 -12.259 -12.049 -11.73 -11.459 -11.185 -12.034 -11.746 -11.476 -11.277 -11.202 -11.754 -11.926 -11.617 -10.604 -10.108 -9.519 -11.797
0.048109 -12.162 -12.253 -12.298 -12.31 -12.161 -11.935 -12.207 -12.292 -12.158 -11.926 -11.643 -11.287 -12.298 -12.092 -11.777 -11.507 -11.234 -12.078 -11.792 -11.524 -11.325 -11.25 -11.799 -11.97 -11.664 -10.655 -10.16 -9.572 -11.842
0.049564 -12.184 -12.279 -12.328 -12.348 -12.203 -11.979 -12.239 -12.331 -12.2 -11.971 -11.69 -11.336 -12.336 -12.135 -11.823 -11.555 -11.283 -12.121 -11.838 -11.571 -11.374 -11.297 -11.845 -12.014 -11.711 -10.706 -10.212 -9.624 -11.887
0.051063 -12.206 -12.305 -12.358 -12.385 -12.245 -12.024 -12.272 -12.369 -12.241 -12.016 -11.737 -11.384 -12.375 -12.177 -11.869 -11.602 -11.332 -12.164 -11.884 -11.619 -11.422 -11.345 -11.89 -12.058 -11.758 -10.756 -10.263 -9.677 -11.931
0.052608 -12.227 -12.331 -12.387 -12.423 -12.286 -12.069 -12.304 -12.408 -12.283 -12.06 -11.783 -11.433 -12.413 -12.22 -11.915 -11.65 -11.381 -12.207 -11.929 -11.666 -11.47 -11.393 -11.935 -12.102 -11.804 -10.807 -10.315 -9.729 -11.976
0.054199 -12.248 -12.356 -12.416 -12.46 -12.327 -12.113 -12.336 -12.445 -12.324 -12.105 -11.83 -11.481 -12.451 -12.262 -11.96 -11.698 -11.43 -12.249 -11.975 -11.713 -11.518 -11.44 -11.98 -12.146 -11.851 -10.857 -10.366 -9.781 -12.02
0.055838 -12.269 -12.381 -12.445 -12.497 -12.369 -12.157 -12.367 -12.483 -12.365 -12.149 -11.876 -11.53 -12.488 -12.304 -12.006 -11.745 -11.479 -12.292 -12.02 -11.76 -11.566 -11.487 -12.025 -12.19 -11.897 -10.908 -10.418 -9.834 -12.065
0.057527 -12.289 -12.405 -12.474 -12.534 -12.41 -12.202 -12.399 -12.521 -12.406 -12.193 -11.923 -11.578 -12.525 -12.347 -12.052 -11.792 -11.527 -12.334 -12.066 -11.807 -11.613 -11.535 -12.07 -12.233 -11.943 -10.958 -10.469 -9.886 -12.109
0.059267 -12.309 -12.429 -12.502 -12.57 -12.45 -12.246 -12.43 -12.558 -12.447 -12.237 -11.969 -11.626 -12.563 -12.388 -12.097 -11.84 -11.576 -12.376 -12.111 -11.854 -11.661 -11.582 -12.115 -12.276 -11.99 -11.009 -10.521 -9.938 -12.153
0.061059 -12.328 -12.453 -12.53 -12.606 -12.491 -12.29 -12.461 -12.595 -12.488 -12.281 -12.015 -11.675 -12.599 -12.43 -12.142 -11.887 -11.624 -12.418 -12.156 -11.901 -11.709 -11.629 -12.159 -12.32 -12.036 -11.059 -10.572 -9.99 -12.197
0.062906 -12.347 -12.476 -12.557 -12.642 -12.531 -12.333 -12.491 -12.632 -12.528 -12.325 -12.061 -11.723 -12.636 -12.472 -12.188 -11.934 -11.673 -12.46 -12.201 -11.948 -11.756 -11.677 -12.204 -12.363 -12.082 -11.109 -10.623 -10.042 -12.24
0.064808 -12.365 -12.499 -12.584 -12.678 -12.572 -12.377 -12.522 -12.668 -12.568 -12.369 -12.107 -11.771 -12.672 -12.513 -12.233 -11.981 -11.721 -12.502 -12.246 -11.995 -11.804 -11.724 -12.248 -12.406 -12.127 -11.16 -10.674 -10.095 -12.284
0.066769 -12.383 -12.521 -12.611 -12.713 -12.612 -12.42 -12.552 -12.704 -12.608 -12.412 -12.153 -11.818 -12.709 -12.554 -12.278 -12.027 -11.769 -12.543 -12.291 -12.041 -11.851 -11.771 -12.292 -12.448 -12.173 -11.21 -10.726 -10.147 -12.327
0.068788 -12.401 -12.543 -12.637 -12.749 -12.651 -12.463 -12.582 -12.74 -12.648 -12.455 -12.199 -11.866 -12.745 -12.595 -12.322 -12.074 -11.817 -12.585 -12.335 -12.088 -11.899 -11.818 -12.336 -12.491 -12.219 -11.26 -10.777 -10.199 -12.371
0.070868 -12.418 -12.565 -12.663 -12.784 -12.691 -12.507 -12.612 -12.776 -12.688 -12.499 -12.244 -11.914 -12.78 -12.636 -12.367 -12.121 -11.865 -12.626 -12.38 -12.134 -11.946 -11.865 -12.38 -12.533 -12.264 -11.31 -10.828 -10.251 -12.414
0.073012 -12.435 -12.586 -12.689 -12.818 -12.73 -12.55 -12.641 -12.812 -12.727 -12.542 -12.29 -11.962 -12.815 -12.677 -12.412 -12.167 -11.913 -12.667 -12.424 -12.18 -11.993 -11.912 -12.424 -12.575 -12.309 -11.36 -10.879 -10.303 -12.457
