web/models/kne.last_good/kappa_0.5_3.0.v1/3/villar_0.0043_0.1553_0.5000.dat
# %ECSV 1.0
# ---
# datatype:
# - {name: time, datatype: float64}
# - {name: swift_uvot_uvw2, datatype: float64}
# - {name: swift_uvot_uvm2, datatype: float64}
# - {name: swift_uvot_uvw1, datatype: float64}
# - {name: swift_uvot_U, datatype: float64}
# - {name: swift_uvot_B, datatype: float64}
# - {name: swift_uvot_V, datatype: float64}
# - {name: swift_uvot_W, datatype: float64}
# - {name: johnson_U, datatype: float64}
# - {name: johnson_B, datatype: float64}
# - {name: johnson_V, datatype: float64}
# - {name: johnson_R, datatype: float64}
# - {name: johnson_I, datatype: float64}
# - {name: sdss_u, datatype: float64}
# - {name: sdss_g, datatype: float64}
# - {name: sdss_r, datatype: float64}
# - {name: sdss_i, datatype: float64}
# - {name: sdss_z, datatype: float64}
# - {name: PS1_g, datatype: float64}
# - {name: PS1_r, datatype: float64}
# - {name: PS1_i, datatype: float64}
# - {name: PS1_z, datatype: float64}
# - {name: PS1_Y, datatype: float64}
# - {name: PS1_w, datatype: float64}
# - {name: ATLAS_c, datatype: float64}
# - {name: ATLAS_o, datatype: float64}
# - {name: ukirt_J, datatype: float64}
# - {name: ukirt_H, datatype: float64}
# - {name: ukirt_K, datatype: float64}
# - {name: Clear, datatype: float64}
# meta: !!omap
# - comment: [kappa = 0.5, type = villar, mass = 0.004263435211354371, velocity = 0.15533333333333332, theta_obs = 0.0]
# schema: astropy-2.0
time swift_uvot_uvw2 swift_uvot_uvm2 swift_uvot_uvw1 swift_uvot_U swift_uvot_B swift_uvot_V swift_uvot_W johnson_U johnson_B johnson_V johnson_R johnson_I sdss_u sdss_g sdss_r sdss_i sdss_z PS1_g PS1_r PS1_i PS1_z PS1_Y PS1_w ATLAS_c ATLAS_o ukirt_J ukirt_H ukirt_K Clear
[from data line 291]
5.829166 55.0 60.216 83.45 94.017 82.188 74.2 57.268 91.973 79.902 72.151 63.794 58.807 93.287 78.133 69.285 63.765 59.3 53.734 53.939 53.918 53.502 51.756 65.003 71.555 64.738 53.573 50.073 47.447 51.97
6.005465 58.731 63.946 87.181 97.747 85.919 77.93 60.999 95.704 83.633 75.882 67.525 62.538 97.018 81.864 73.016 67.496 63.03 57.465 57.67 57.648 57.233 55.487 68.734 75.286 68.469 57.304 53.803 51.178 55.701
6.187096 62.691 67.906 91.141 101.707 89.879 81.89 64.959 99.664 87.593 79.841 71.485 66.498 100.978 85.824 76.976 71.456 66.99 61.425 61.63 61.608 61.193 59.447 72.694 79.245 72.429 61.264 57.763 55.137 59.661
6.37422 66.894 72.109 95.344 105.91 94.082 86.093 69.162 103.867 91.796 84.044 75.688 70.701 105.181 90.027 81.179 75.659 71.193 65.628 65.833 65.811 65.396 63.65 76.897 83.448 76.632 65.467 61.966 59.34 63.864
6.567004 71.355 76.57 99.805 110.371 98.543 90.554 73.623 108.328 96.257 88.506 80.149 75.162 109.642 94.488 85.64 80.12 75.654 70.089 70.294 70.272 69.857 68.111 81.358 87.91 81.093 69.928 66.427 63.801 68.325
6.765619 76.09 81.305 104.54 115.106 103.278 95.289 78.358 113.063 100.992 93.241 84.884 79.897 114.377 99.223 90.375 84.855 80.389 74.824 75.029 75.007 74.592 72.846 86.093 92.645 85.828 74.663 71.162 68.536 73.06
6.97024 81.115 86.331 109.566 120.132 108.303 100.315 83.384 118.089 106.018 98.266 89.91 84.923 119.403 104.248 95.401 89.881 85.415 79.85 80.055 80.033 79.618 77.872 91.119 97.67 90.854 79.689 76.188 73.562 78.086
7.181051 86.45 91.665 114.9 125.466 113.638 105.649 88.718 123.423 111.352 103.601 95.244 90.257 124.737 109.583 100.735 95.215 90.75 85.184 85.389 85.367 84.952 83.206 96.453 103.005 96.188 85.023 81.522 78.897 83.42
7.398237 92.112 97.327 120.562 131.128 119.3 111.311 94.38 129.085 117.014 109.263 100.906 95.919 130.399 115.245 106.397 100.877 96.411 90.846 91.051 91.029 90.614 88.868 102.115 108.667 101.85 90.685 87.184 84.558 89.082
7.621991 98.121 103.337 126.572 137.138 125.309 117.321 100.39 135.095 123.023 115.272 106.916 101.929 136.409 121.254 112.406 106.887 102.421 96.856 97.06 97.039 96.624 94.878 108.125 114.676 107.859 96.695 93.194 90.568 95.092
7.852513 104.5 109.715 132.95 143.516 131.688 123.699 106.768 141.473 129.402 121.651 113.294 108.307 142.787 127.633 118.785 113.265 108.8 103.234 103.439 103.417 103.002 101.256 114.503 121.055 114.238 103.073 99.572 96.947 101.47
8.090007 111.27 116.486 139.72 150.287 138.458 130.47 113.538 148.243 136.172 128.421 120.064 115.077 149.557 134.403 125.555 120.035 115.57 110.004 110.209 110.188 109.772 108.026 121.273 127.825 121.008 109.843 106.343 103.717 108.241
8.334684 118.456 123.672 146.906 157.473 145.644 137.656 120.724 155.429 143.358 135.607 127.25 122.263 156.743 141.589 132.741 127.221 122.756 117.19 117.395 117.374 116.958 115.212 128.459 135.011 128.194 117.029 113.529 110.903 115.426
8.586761 126.083 131.299 154.534 165.1 153.271 145.283 128.352 163.057 150.985 143.234 134.878 129.891 164.371 149.216 140.368 134.849 130.383 124.818 125.022 125.001 124.585 122.84 136.087 142.638 135.821 124.656 121.156 118.53 123.054
8.846461 134.179 139.394 162.629 173.195 161.367 153.378 136.447 171.152 159.081 151.33 142.973 137.986 172.466 157.312 148.464 142.944 138.478 132.913 133.118 133.096 132.681 130.935 144.182 150.734 143.917 132.752 129.251 126.625 131.149
9.114017 142.771 147.987 171.222 181.788 169.959 161.971 145.04 179.745 167.674 159.922 151.566 146.579 181.059 165.904 157.056 151.537 147.071 141.506 141.71 141.689 141.274 139.528 152.775 159.326 152.509 141.345 137.844 135.218 139.742
9.389664 151.891 157.107 180.342 190.908 179.079 171.091 154.16 188.865 176.794 169.042 160.686 155.699 190.179 175.024 166.177 160.657 156.191 150.626 150.831 150.809 150.394 148.648 161.895 168.446 161.63 150.465 146.964 144.338 148.862
9.673648 161.572 166.787 190.022 200.588 188.76 180.771 163.84 198.545 186.474 178.723 170.366 165.379 199.859 184.705 175.857 170.337 165.872 160.306 160.511 160.489 160.074 158.328 171.575 178.127 171.31 160.145 156.644 154.019 158.542
9.966221 171.846 177.062 200.297 210.863 199.034 191.046 174.115 208.82 196.749 188.997 180.641 175.654 210.134 194.979 186.132 180.612 176.146 170.581 170.786 170.764 170.349 168.603 181.85 188.401 181.584 170.42 166.919 164.293 168.817
10.267642 182.752 187.968 211.202 221.769 209.94 201.952 185.02 219.725 207.654 199.903 191.546 186.559 221.039 205.885 197.037 191.517 187.052 181.486 181.691 181.67 181.254 179.508 192.755 199.307 192.49 181.325 177.825 175.199 179.722
10.57818 194.327 199.543 222.778 233.344 221.515 213.527 196.595 231.301 219.229 211.478 203.121 198.135 232.615 217.46 208.612 203.092 198.627 193.061 193.266 193.245 192.829 191.084 204.33 210.882 204.065 192.9 189.4 186.774 191.298
10.89811 206.613 211.829 235.064 245.63 233.801 225.813 208.881 243.586 231.515 223.764 215.407 210.421 244.9 229.746 220.898 215.378 210.913 205.347 205.552 205.531 205.115 203.369 216.616 223.168 216.351 205.186 201.686 199.06 203.584
11.227716 219.653 224.869 248.104 258.67 246.841 238.853 221.922 256.627 244.556 236.804 228.448 223.461 257.941 242.786 233.939 228.419 223.953 218.388 218.592 218.571 218.156 216.41 229.657 236.208 229.391 218.227 214.726 212.1 216.624
11.56729 233.494 238.71 261.945 272.511 260.682 252.694 235.763 270.468 258.397 250.645 242.289 237.302 271.782 256.627 247.78 242.26 237.794 232.229 232.434 232.412 231.997 230.251 243.498 250.049 243.233 232.068 228.567 225.941 230.465
11.917135 248.185 253.401 276.636 287.202 275.373 267.385 250.454 285.159 273.088 265.336 256.98 251.993 286.473 271.318 262.471 256.951 252.485 246.92 247.124 247.103 246.688 244.942 258.189 264.74 257.923 246.759 243.258 240.632 245.156
12.277561 263.778 268.994 292.229 302.795 290.966 282.978 266.047 300.752 288.681 280.929 272.573 267.586 302.066 286.911 278.064 272.544 268.078 262.513 262.717 262.696 262.281 260.535 273.782 280.333 273.516 262.352 258.851 256.225 260.749
12.648887 280.329 285.544 308.779 319.345 307.517 299.528 282.597 317.302 305.231 297.48 289.123 284.136 318.616 303.462 294.614 289.094 284.629 279.063 279.268 279.246 278.831 277.085 290.332 296.884 290.067 278.902 275.401 272.776 277.299
13.031444 297.896 303.111 326.346 336.912 325.084 317.095 300.164 334.869 322.798 315.046 306.69 301.703 336.183 321.029 312.181 306.661 302.195 296.63 296.835 296.813 296.398 294.652 307.899 314.45 307.634 296.469 292.968 290.342 294.866
13.425571 316.541 321.757 344.991 355.557 343.729 335.741 318.809 353.514 341.443 333.692 325.335 320.348 354.828 339.674 330.826 325.306 320.841 315.275 315.48 315.459 315.043 313.297 326.544 333.096 326.279 315.114 311.614 308.988 313.511
13.831619 336.331 341.547 364.782 375.348 363.519 355.531 338.6 373.305 361.233 353.482 345.126 340.139 374.619 359.464 350.616 345.097 340.631 335.066 335.27 335.249 334.834 333.088 346.335 352.886 346.069 334.904 331.404 328.778 333.302
14.249947 357.337 362.552 385.787 396.353 384.525 376.536 359.605 394.31 382.239 374.488 366.131 361.144 395.624 380.47 371.622 366.102 361.636 356.071 356.276 356.254 355.839 354.093 367.34 373.892 367.075 355.91 352.409 349.783 354.307
14.680926 379.632 384.848 408.082 418.648 406.82 398.832 381.9 416.605 404.534 396.783 388.426 383.439 417.919 402.765 393.917 388.397 383.932 378.366 378.571 378.55 378.134 376.388 389.635 396.187 389.37 378.205 374.705 372.079 376.602
15.124941 403.296 408.512 431.747 442.313 430.484 422.496 405.565 440.27 428.198 420.447 412.091 407.104 441.584 426.429 417.581 412.062 407.596 402.031 402.235 402.214 401.798 400.053 413.3 419.851 413.034 401.869 398.369 395.743 400.267
15.582385 428.413 433.629 456.864 467.43 455.601 447.613 430.682 465.387 453.316 445.564 437.208 432.221 466.701 451.546 442.699 437.179 432.713 427.148 427.353 427.331 426.916 425.17 438.417 444.968 438.152 426.987 423.486 420.86 425.384
16.053663 455.073 460.289 483.524 494.09 482.261 474.273 457.341 492.047 479.975 472.224 463.867 458.881 493.361 478.206 469.358 463.839 459.373 453.807 454.012 453.991 453.575 451.83 465.076 471.628 464.811 453.646 450.146 447.52 452.044
16.539195 483.37 488.585 511.82 522.386 510.558 502.569 485.638 520.343 508.272 500.521 492.164 487.177 521.657 506.503 497.655 492.135 487.67 482.104 482.309 482.287 481.872 480.126 493.373 499.925 493.108 481.943 478.442 475.817 480.34
17.039412 513.404 518.619 541.854 552.42 540.592 532.604 515.672 550.377 538.306 530.555 522.198 517.211 551.691 536.537 527.689 522.169 517.704 512.138 512.343 512.321 511.906 510.16 523.407 529.959 523.142 511.977 508.477 505.851 510.374
17.554757 545.282 550.498 573.733 584.299 572.47 564.482 547.551 582.256 570.184 562.433 554.077 549.09 583.57 568.415 559.567 554.048 549.582 544.017 544.221 544.2 543.784 542.039 555.286 561.837 555.02 543.855 540.355 537.729 542.253
18.085689 579.118 584.334 607.568 618.134 606.306 598.318 581.386 616.091 604.02 596.269 587.912 582.925 617.405 602.251 593.403 587.883 583.418 577.852 578.057 578.036 577.62 575.874 589.121 595.673 588.856 577.691 574.191 571.565 576.088
18.632678 615.031 620.247 643.482 654.048 642.219 634.231 617.3 652.005 639.934 632.182 623.826 618.839 653.319 638.164 629.316 623.797 619.331 613.766 613.97 613.949 613.534 611.788 625.035 631.586 624.769 613.605 610.104 607.478 612.002
19.196211 653.15 658.365 681.6 692.166 680.338 672.35 655.418 690.123 678.052 670.301 661.944 656.957 691.437 676.283 667.435 661.915 657.45 651.884 652.089 652.067 651.652 649.906 663.153 669.705 662.888 651.723 648.223 645.597 650.12
19.776787 693.609 698.825 722.06 732.626 720.797 712.809 695.877 730.582 718.511 710.76 702.403 697.417 731.896 716.742 707.894 702.374 697.909 692.343 692.548 692.527 692.111 690.365 703.612 710.164 703.347 692.182 688.682 686.056 690.58
20.374923 736.553 741.768 765.003 775.569 763.741 755.752 738.821 773.526 761.455 753.703 745.347 740.36 774.84 759.686 750.838 745.318 740.852 735.287 735.492 735.47 735.055 733.309 746.556 753.107 746.291 735.126 731.625 728.999 733.523
20.991149 782.133 787.349 nan nan nan nan 784.401 nan nan nan 792.511 785.995 nan nan nan nan 786.587 780.867 781.072 781.051 780.636 778.889 nan nan nan 780.706 777.206 774.58 779.103
21.626011 782.133 787.349 nan nan nan nan 784.401 nan nan nan 792.511 785.995 nan nan nan nan 786.587 780.867 781.072 781.051 780.636 778.889 nan nan nan 780.706 777.206 774.58 779.103
22.280075 782.133 787.349 nan nan nan nan 784.401 nan nan nan 792.511 785.995 nan nan nan nan 786.587 780.867 781.072 781.051 780.636 778.889 nan nan nan 780.706 777.206 774.58 779.103
22.953921 782.133 787.349 nan nan nan nan 784.401 nan nan nan 792.511 785.995 nan nan nan nan 786.587 780.867 781.072 781.051 780.636 778.889 nan nan nan 780.706 777.206 774.58 779.103
23.648147 782.133 787.349 nan nan nan nan 784.401 nan nan nan 792.511 785.995 nan nan nan nan 786.587 780.867 781.072 781.051 780.636 778.889 nan nan nan 780.706 777.206 774.58 779.103
24.363369 782.133 787.349 nan nan nan nan 784.401 nan nan nan 792.511 785.995 nan nan nan nan 786.587 780.867 781.072 781.051 780.636 778.889 nan nan nan 780.706 777.206 774.58 779.103
25.100222 782.133 787.349 nan nan nan nan 784.401 nan nan nan 792.511 785.995 nan nan nan nan 786.587 780.867 781.072 781.051 780.636 778.889 nan nan nan 780.706 777.206 774.58 779.103
25.859362 782.133 787.349 nan nan nan nan 784.401 nan nan nan 792.511 785.995 nan nan nan nan 786.587 780.867 781.072 781.051 780.636 778.889 nan nan nan 780.706 777.206 774.58 779.103
26.64146 782.133 787.349 nan nan nan nan 784.401 nan nan nan 792.511 785.995 nan nan nan nan 786.587 780.867 781.072 781.051 780.636 778.889 nan nan nan 780.706 777.206 774.58 779.103
27.447213 782.133 787.349 nan nan nan nan 784.401 nan nan nan 792.511 785.995 nan nan nan nan 786.587 780.867 781.072 781.051 780.636 778.889 nan nan nan 780.706 777.206 774.58 779.103
28.277335 782.133 787.349 nan nan nan nan 784.401 nan nan nan 792.511 785.995 nan nan nan nan 786.587 780.867 781.072 781.051 780.636 778.889 nan nan nan 780.706 777.206 774.58 779.103
29.132564 782.133 787.349 nan nan nan nan 784.401 nan nan nan 792.511 785.995 nan nan nan nan 786.587 780.867 781.072 781.051 780.636 778.889 nan nan nan 780.706 777.206 774.58 779.103
30.013659 782.133 787.349 nan nan nan nan 784.401 nan nan nan 792.511 785.995 nan nan nan nan 786.587 780.867 781.072 781.051 780.636 778.889 nan nan nan 780.706 777.206 774.58 779.103
30.921401 782.133 787.349 nan nan nan nan 784.401 nan nan nan 792.511 785.995 nan nan nan nan 786.587 780.867 781.072 781.051 780.636 778.889 nan nan nan 780.706 777.206 774.58 779.103
31.856598 782.133 787.349 nan nan nan nan 784.401 nan nan nan 792.511 785.995 nan nan nan nan 786.587 780.867 781.072 781.051 780.636 778.889 nan nan nan 780.706 777.206 774.58 779.103
32.820079 782.133 787.349 nan nan nan nan 784.401 nan nan nan 792.511 785.995 nan nan nan nan 786.587 780.867 781.072 781.051 780.636 778.889 nan nan nan 780.706 777.206 774.58 779.103
33.8127 782.133 787.349 nan nan nan nan 784.401 nan nan nan 792.511 785.995 nan nan nan nan 786.587 780.867 781.072 781.051 780.636 778.889 nan nan nan 780.706 777.206 774.58 779.103
34.835342 782.133 787.349 nan nan nan nan 784.401 nan nan nan 792.511 785.995 nan nan nan nan 786.587 780.867 781.072 781.051 780.636 778.889 nan nan nan 780.706 777.206 774.58 779.103
35.888913 782.133 787.349 nan nan nan nan 784.401 nan nan nan 792.511 785.995 nan nan nan nan 786.587 780.867 781.072 781.051 780.636 778.889 nan nan nan 780.706 777.206 774.58 779.103
36.974349 782.133 787.349 nan nan nan nan 784.401 nan nan nan 792.511 785.995 nan nan nan nan 786.587 780.867 781.072 781.051 780.636 778.889 nan nan nan 780.706 777.206 774.58 779.103
38.092613 782.133 787.349 nan nan nan nan 784.401 nan nan nan 792.511 785.995 nan nan nan nan 786.587 780.867 781.072 781.051 780.636 778.889 nan nan nan 780.706 777.206 774.58 779.103
39.244698 782.133 787.349 nan nan nan nan 784.401 nan nan nan 792.511 785.995 nan nan nan nan 786.587 780.867 781.072 781.051 780.636 778.889 nan nan nan 780.706 777.206 774.58 779.103
40.431627 782.133 787.349 nan nan nan nan 784.401 nan nan nan 792.511 785.995 nan nan nan nan 786.587 780.867 781.072 781.051 780.636 778.889 nan nan nan 780.706 777.206 774.58 779.103
41.654454 782.133 787.349 nan nan nan nan 784.401 nan nan nan 792.511 785.995 nan nan nan nan 786.587 780.867 781.072 781.051 780.636 778.889 nan nan nan 780.706 777.206 774.58 779.103
42.914265 782.133 787.349 nan nan nan nan 784.401 nan nan nan 792.511 785.995 nan nan nan nan 786.587 780.867 781.072 781.051 780.636 778.889 nan nan nan 780.706 777.206 774.58 779.103
44.212178 782.133 787.349 nan nan nan nan 784.401 nan nan nan 792.511 785.995 nan nan nan nan 786.587 780.867 781.072 781.051 780.636 778.889 nan nan nan 780.706 777.206 774.58 779.103
45.549345 782.133 787.349 nan nan nan nan 784.401 nan nan nan 792.511 785.995 nan nan nan nan 786.587 780.867 781.072 781.051 780.636 778.889 nan nan nan 780.706 777.206 774.58 779.103
46.926954 782.133 787.349 nan nan nan nan 784.401 nan nan nan 792.511 785.995 nan nan nan nan 786.587 780.867 781.072 781.051 780.636 778.889 nan nan nan 780.706 777.206 774.58 779.103
48.346227 782.133 787.349 nan nan nan nan 784.401 nan nan nan 792.511 785.995 nan nan nan nan 786.587 780.867 781.072 781.051 780.636 778.889 nan nan nan 780.706 777.206 774.58 779.103
49.808426 782.133 787.349 nan nan nan nan 784.401 nan nan nan 792.511 785.995 nan nan nan nan 786.587 780.867 781.072 781.051 780.636 778.889 nan nan nan 780.706 777.206 774.58 779.103
51.314848 782.133 787.349 nan nan nan nan 784.401 nan nan nan 792.511 785.995 nan nan nan nan 786.587 780.867 781.072 781.051 780.636 778.889 nan nan nan 780.706 777.206 774.58 779.103
52.86683 782.133 787.349 nan nan nan nan 784.401 nan nan nan 792.511 785.995 nan nan nan nan 786.587 780.867 781.072 781.051 780.636 778.889 nan nan nan 780.706 777.206 774.58 779.103
