web/models/kne.last_good/kappa_0.5_3.0.v1/3/villar_0.5000_0.1867_3.0000.dat
# %ECSV 1.0
# ---
# datatype:
# - {name: time, datatype: float64}
# - {name: swift_uvot_uvw2, datatype: float64}
# - {name: swift_uvot_uvm2, datatype: float64}
# - {name: swift_uvot_uvw1, datatype: float64}
# - {name: swift_uvot_U, datatype: float64}
# - {name: swift_uvot_B, datatype: float64}
# - {name: swift_uvot_V, datatype: float64}
# - {name: swift_uvot_W, datatype: float64}
# - {name: johnson_U, datatype: float64}
# - {name: johnson_B, datatype: float64}
# - {name: johnson_V, datatype: float64}
# - {name: johnson_R, datatype: float64}
# - {name: johnson_I, datatype: float64}
# - {name: sdss_u, datatype: float64}
# - {name: sdss_g, datatype: float64}
# - {name: sdss_r, datatype: float64}
# - {name: sdss_i, datatype: float64}
# - {name: sdss_z, datatype: float64}
# - {name: PS1_g, datatype: float64}
# - {name: PS1_r, datatype: float64}
# - {name: PS1_i, datatype: float64}
# - {name: PS1_z, datatype: float64}
# - {name: PS1_Y, datatype: float64}
# - {name: PS1_w, datatype: float64}
# - {name: ATLAS_c, datatype: float64}
# - {name: ATLAS_o, datatype: float64}
# - {name: ukirt_J, datatype: float64}
# - {name: ukirt_H, datatype: float64}
# - {name: ukirt_K, datatype: float64}
# - {name: Clear, datatype: float64}
# meta: !!omap
# - comment: [kappa = 3.0, type = villar, mass = 0.5000000000045836, velocity = 0.1866666666666667, theta_obs = 0.0]
# schema: astropy-2.0
time swift_uvot_uvw2 swift_uvot_uvm2 swift_uvot_uvw1 swift_uvot_U swift_uvot_B swift_uvot_V swift_uvot_W johnson_U johnson_B johnson_V johnson_R johnson_I sdss_u sdss_g sdss_r sdss_i sdss_z PS1_g PS1_r PS1_i PS1_z PS1_Y PS1_w ATLAS_c ATLAS_o ukirt_J ukirt_H ukirt_K Clear
[from data line 350]
33.8127 -8.185 -2.969 4.553 6.34 0.514 -3.615 -5.974 5.344 -0.107 -4.124 -7.993 -10.483 5.934 -1.422 -5.909 -8.548 -10.535 -9.452 -9.302 -9.742 -10.695 -12.049 -7.442 -4.414 -7.744 -13.175 -14.549 -15.464 -11.26
34.835342 -7.971 -2.755 4.767 6.554 0.728 -3.401 -5.76 5.558 0.106 -3.91 -7.779 -10.27 6.148 -1.208 -5.695 -8.334 -10.321 -9.238 -9.088 -9.528 -10.481 -11.835 -7.228 -4.201 -7.53 -12.961 -14.335 -15.25 -11.046
35.888913 -7.744 -2.528 4.994 6.781 0.955 -3.174 -5.533 5.785 0.334 -3.683 -7.552 -10.042 6.375 -0.981 -5.468 -8.107 -10.094 -9.011 -8.861 -9.301 -10.254 -11.608 -7.001 -3.973 -7.303 -12.734 -14.108 -15.023 -10.819
36.974349 -7.503 -2.287 5.235 7.023 1.197 -2.933 -5.292 6.026 0.575 -3.441 -7.311 -9.801 6.616 -0.739 -5.227 -7.866 -9.852 -8.769 -8.62 -9.06 -10.012 -11.367 -6.76 -3.732 -7.061 -12.493 -13.867 -14.781 -10.578
38.092613 -7.247 -2.031 5.491 7.279 1.453 -2.677 -5.036 6.282 0.831 -3.185 -7.055 -9.545 6.872 -0.483 -4.971 -7.61 -9.596 -8.513 -8.364 -8.804 -9.756 -11.111 -6.504 -3.476 -6.805 -12.237 -13.611 -14.525 -10.321
39.244698 -6.975 -1.759 5.763 7.55 1.724 -2.405 -4.764 6.554 1.103 -2.913 -6.783 -9.273 7.144 -0.211 -4.699 -7.338 -9.324 -8.241 -8.092 -8.532 -9.484 -10.839 -6.232 -3.204 -6.533 -11.965 -13.339 -14.253 -10.05
40.431627 -6.686 -1.47 6.052 7.839 2.013 -2.117 -4.475 6.843 1.391 -2.625 -6.494 -8.985 7.433 0.077 -4.41 -7.05 -9.036 -7.953 -7.803 -8.243 -9.196 -10.55 -5.943 -2.916 -6.245 -11.676 -13.05 -13.965 -9.761
41.654454 -6.38 -1.164 6.358 8.146 2.32 -1.81 -4.169 7.149 1.698 -2.318 -6.188 -8.678 7.739 0.384 -4.104 -6.743 -8.729 -7.646 -7.497 -7.937 -8.889 -10.244 -5.637 -2.609 -5.938 -11.37 -12.744 -13.658 -9.455
42.914265 -6.054 -0.839 6.684 8.471 2.645 -1.485 -3.844 7.475 2.023 -1.993 -5.863 -8.353 8.064 0.709 -3.779 -6.418 -8.404 -7.321 -7.171 -7.611 -8.564 -9.918 -5.312 -2.284 -5.613 -11.045 -12.419 -13.333 -9.129
44.212178 -5.709 -0.493 7.029 8.816 2.99 -1.14 -3.499 7.82 2.368 -1.648 -5.517 -8.008 8.41 1.054 -3.433 -6.073 -8.059 -6.976 -6.826 -7.266 -8.219 -9.573 -4.966 -1.939 -5.268 -10.7 -12.074 -12.988 -8.784
45.549345 -5.343 -0.127 7.395 9.183 3.357 -0.773 -3.132 8.186 2.735 -1.281 -5.151 -7.641 8.776 1.421 -3.067 -5.706 -7.692 -6.609 -6.46 -6.9 -7.852 -9.207 -4.6 -1.572 -4.901 -10.333 -11.707 -12.621 -8.418
46.926954 -4.954 0.262 7.784 9.572 3.746 -0.384 -2.743 8.575 3.124 -0.892 -4.762 -7.252 9.165 1.81 -2.678 -5.317 -7.303 -6.22 -6.071 -6.511 -7.463 -8.818 -4.211 -1.183 -4.512 -9.944 -11.318 -12.232 -8.029
48.346227 -4.541 0.675 8.197 9.984 4.158 0.029 -2.33 8.988 3.537 -0.479 -4.349 -6.839 9.578 2.223 -2.265 -4.904 -6.891 -5.807 -5.658 -6.098 -7.051 -8.405 -3.798 -0.77 -4.099 -9.531 -10.905 -11.82 -7.616
49.808426 -4.102 1.113 8.636 10.423 4.597 0.467 -1.892 9.427 3.975 -0.041 -3.911 -6.401 10.016 2.661 -1.827 -4.466 -6.452 -5.369 -5.22 -5.66 -6.612 -7.966 -3.36 -0.332 -3.661 -9.093 -10.467 -11.381 -7.177
51.314848 -3.637 1.578 9.101 10.888 5.062 0.932 -1.427 9.892 4.44 0.424 -3.445 -5.936 10.481 3.126 -1.361 -4.001 -5.987 -4.904 -4.754 -5.194 -6.147 -7.501 -2.895 0.133 -3.196 -8.628 -10.002 -10.916 -6.712
52.86683 -3.144 2.072 9.594 11.382 5.556 1.426 -0.933 10.386 4.934 0.918 -2.952 -5.442 10.975 3.62 -0.868 -3.507 -5.493 -4.41 -4.261 -4.701 -5.653 -7.007 -2.401 0.627 -2.702 -8.134 -9.508 -10.422 -6.218
54.465752 -2.619 2.596 10.119 11.906 6.08 1.95 -0.409 10.91 5.458 1.442 -2.428 -4.918 11.499 4.144 -0.344 -2.983 -4.969 -3.886 -3.737 -4.177 -5.129 -6.483 -1.877 1.151 -2.178 -7.61 -8.984 -9.898 -5.694
56.113031 -2.063 3.152 10.675 12.462 6.636 2.506 0.147 11.466 6.014 1.998 -1.871 -4.362 12.056 4.7 0.213 -2.427 -4.413 -3.33 -3.18 -3.62 -4.573 -5.927 -1.321 1.707 -1.622 -7.054 -8.428 -9.342 -5.138
57.810132 -1.473 3.743 11.265 13.052 7.226 3.097 0.738 12.056 6.605 2.588 -1.281 -3.771 12.646 5.29 0.803 -1.836 -3.823 -2.74 -2.59 -3.03 -3.983 -5.337 -0.73 2.298 -1.032 -6.463 -7.837 -8.752 -4.548
59.55856 -0.846 4.37 11.892 13.679 7.853 3.723 1.364 12.683 7.231 3.215 -0.654 -3.145 13.273 5.917 1.43 -1.21 -3.196 -2.113 -1.963 -2.403 -3.356 -4.71 -0.103 2.924 -0.405 -5.837 -7.211 -8.125 -3.921
61.359868 -0.181 5.035 12.557 14.344 8.518 4.388 2.03 13.348 7.896 3.88 0.011 -2.48 13.938 6.582 2.095 -0.545 -2.531 -1.448 -1.298 -1.738 -2.691 -4.045 0.562 3.589 0.26 -5.171 -6.545 -7.46 -3.256
63.215655 0.525 5.741 13.263 15.05 9.224 5.094 2.736 14.054 8.602 4.586 0.717 -1.774 14.644 7.288 2.801 0.161 -1.825 -0.742 -0.592 -1.032 -1.985 -3.339 1.268 4.295 0.966 -4.465 -5.839 -6.754 -2.55
65.127569 1.274 6.49 14.012 15.799 9.973 5.844 3.485 14.803 9.352 5.336 1.466 -1.024 15.393 8.038 3.55 0.911 -1.075 0.008 0.157 -0.283 -1.235 -2.59 2.017 5.045 1.716 -3.716 -5.09 -6.004 -1.801
67.097308 2.07 7.285 14.808 16.595 10.769 6.639 4.28 15.599 10.147 6.131 2.262 -0.229 16.188 8.833 4.345 1.706 -0.28 0.803 0.953 0.513 -0.44 -1.794 2.812 5.84 2.511 -2.921 -4.295 -5.209 -1.005
69.126621 2.914 8.129 15.652 17.439 11.613 7.483 5.124 16.443 10.991 6.975 3.106 0.615 17.033 9.677 5.19 2.55 0.564 1.647 1.797 1.357 0.404 -0.95 3.657 6.684 3.355 -2.077 -3.451 -4.365 -0.161
71.217308 3.81 9.026 16.548 18.335 12.509 8.379 6.02 17.339 11.887 7.871 4.002 1.511 17.929 10.573 6.086 3.446 1.46 2.543 2.693 2.253 1.3 -0.054 4.553 7.58 4.251 -1.181 -2.555 -3.469 0.735
73.371227 4.761 9.977 17.499 19.286 13.46 9.33 6.971 18.29 12.838 8.822 4.953 2.462 18.88 11.524 7.037 4.397 2.411 3.494 3.644 3.204 2.251 0.897 5.504 8.531 5.202 -0.229 -1.604 -2.518 1.686
75.59029 5.77 10.986 18.508 20.296 14.47 10.34 7.981 19.299 13.848 9.832 5.962 3.472 19.889 12.534 8.046 5.407 3.421 4.504 4.653 4.213 3.261 1.906 6.513 9.541 6.212 0.78 -0.594 -1.508 2.695
77.876467 6.842 12.057 19.58 21.367 15.541 11.411 9.052 20.371 14.919 10.903 7.034 4.543 20.961 13.605 9.118 6.478 4.492 5.575 5.725 5.285 4.332 2.978 7.584 10.612 7.283 1.851 0.477 -0.437 3.767
80.231787 7.979 13.195 20.717 22.504 16.678 12.548 10.19 21.508 16.056 12.04 8.171 5.68 22.098 14.742 10.255 7.615 5.629 6.712 6.862 6.422 5.469 4.115 8.722 11.749 8.42 2.989 1.615 0.7 4.904
82.658343 9.186 14.402 21.924 23.711 17.885 13.755 11.397 22.715 17.263 13.247 9.378 6.887 23.305 15.949 11.462 8.822 6.836 7.919 8.069 7.629 6.676 5.322 9.929 12.956 9.627 4.196 2.822 1.907 6.111
85.158288 10.467 15.683 23.205 24.992 19.166 15.037 12.678 23.996 18.544 14.528 10.659 8.169 24.586 17.23 12.743 10.104 8.117 9.2 9.35 8.91 7.957 6.603 11.21 14.238 10.908 5.477 4.103 3.188 7.392
87.733843 11.827 17.043 24.565 26.352 20.526 16.396 14.038 25.356 19.904 15.888 12.019 9.528 25.946 18.59 14.103 11.463 9.477 10.56 10.71 10.27 9.317 7.963 12.57 15.597 12.268 6.837 5.463 4.548 8.752
90.387293 13.27 18.486 26.008 27.795 21.969 17.84 15.481 26.799 21.348 17.332 13.462 10.972 27.389 20.034 15.546 12.907 10.92 12.004 12.153 11.713 10.76 9.406 14.013 17.041 13.712 8.28 6.906 5.991 10.195
93.120995 14.802 20.018 27.54 29.327 23.501 19.372 17.013 28.331 22.88 18.863 14.994 12.504 28.921 21.565 17.078 14.439 12.452 13.535 13.685 13.245 12.292 10.938 15.545 18.573 15.243 9.812 8.438 7.523 11.727
95.937376 16.428 21.644 29.166 30.953 25.127 20.998 18.639 29.957 24.506 20.489 16.62 14.13 30.547 23.191 18.704 16.065 14.078 15.161 15.311 14.871 13.918 12.564 17.171 20.199 16.869 11.438 10.064 9.149 13.353
98.838937 18.154 23.37 30.892 32.679 26.853 22.724 20.365 31.683 26.231 22.215 18.346 15.856 32.273 24.917 20.43 17.791 15.804 16.887 17.037 16.597 15.644 14.29 18.897 21.924 18.595 13.164 11.79 10.875 15.079
101.828253 19.986 25.202 32.724 34.511 28.685 24.555 22.196 33.515 28.063 24.047 20.178 17.687 34.105 26.749 22.262 19.622 17.636 18.719 18.869 18.429 17.476 16.122 20.729 23.756 20.427 14.996 13.621 12.707 16.911
104.907979 21.93 27.146 34.668 36.455 30.629 26.5 24.141 35.459 30.008 25.991 22.122 19.632 36.049 28.693 24.206 21.567 19.58 20.663 20.813 20.373 19.42 18.066 22.673 25.701 22.371 16.94 15.566 14.651 18.855
108.080849 23.994 29.21 36.732 38.519 32.693 28.563 26.204 37.523 32.071 28.055 24.186 21.695 38.113 30.757 26.27 23.63 21.644 22.727 22.877 22.437 21.484 20.13 24.737 27.764 24.435 19.003 17.629 16.715 20.919
111.349681 26.184 31.4 38.922 40.709 34.883 30.754 28.395 39.713 34.262 30.246 26.376 23.886 40.303 32.948 28.46 25.821 23.834 24.918 25.067 24.627 23.674 22.32 26.927 29.955 26.626 21.194 19.82 18.905 23.109
114.717376 28.509 33.725 41.247 43.034 37.208 33.079 30.72 42.038 36.587 32.57 28.701 26.211 42.628 35.272 30.785 28.146 26.159 27.242 27.392 26.952 25.999 24.645 29.252 32.28 28.95 23.519 22.145 21.23 25.434
118.186925 30.977 36.192 43.715 45.502 39.676 35.546 33.187 44.506 39.054 35.038 31.169 28.678 45.096 37.74 33.253 30.613 28.627 29.71 29.86 29.42 28.467 27.113 31.72 34.747 31.418 25.986 24.612 23.698 27.902
121.761408 33.596 38.812 46.334 48.121 42.295 38.165 35.807 47.125 41.673 37.657 33.788 31.297 47.715 40.359 35.872 33.233 31.246 32.329 32.479 32.039 31.086 29.732 34.339 37.366 34.037 28.606 27.232 26.317 30.521
125.443999 36.376 41.592 49.114 50.901 45.075 40.945 38.587 49.905 44.453 40.437 36.568 34.077 50.495 43.139 38.652 36.013 34.026 35.109 35.259 34.819 33.866 32.512 37.119 40.146 36.817 31.386 30.012 29.097 33.301
129.237967 39.327 44.542 52.065 53.852 48.026 43.896 41.537 52.856 47.404 43.388 39.519 37.028 53.446 46.09 41.603 38.963 36.977 38.06 38.21 37.77 36.817 35.463 40.069 43.097 39.768 34.336 32.962 32.048 36.252
133.146681 42.459 47.674 55.197 56.984 51.158 47.028 44.669 55.988 50.536 46.52 42.65 40.16 56.577 49.222 44.734 42.095 40.109 41.192 41.342 40.902 39.949 38.595 43.201 46.229 42.9 37.468 36.094 35.18 39.384
137.173612 45.783 50.998 58.521 60.308 54.482 50.352 47.993 59.312 53.86 49.844 45.975 43.484 59.902 52.546 48.059 45.419 43.433 44.516 44.666 44.226 43.273 41.919 46.526 49.553 46.224 40.792 39.418 38.504 42.708
141.322334 49.311 54.527 62.049 63.836 58.01 53.881 51.522 62.84 57.388 53.372 49.503 47.013 63.43 56.074 51.587 48.948 46.961 48.044 48.194 47.754 46.801 45.447 50.054 53.082 49.752 44.321 42.947 42.032 46.236
145.596532 53.056 58.272 65.794 67.581 61.755 57.626 55.267 66.585 61.133 57.117 53.248 50.758 67.175 59.819 55.332 52.693 50.706 51.789 51.939 51.499 50.546 49.192 53.799 56.826 53.497 48.066 46.692 45.777 49.981
150.0 57.031 62.247 69.769 71.556 65.73 61.601 59.242 70.56 65.108 61.092 57.223 54.732 71.15 63.794 59.307 56.668 54.681 55.764 55.914 55.474 54.521 53.167 57.774 60.801 57.472 52.041 50.667 49.752 53.956
