web/models/kne.last_good/kappa_0.5_3.0.v1/3/villar_0.0148_0.3433_0.5000.dat
# %ECSV 1.0
# ---
# datatype:
# - {name: time, datatype: float64}
# - {name: swift_uvot_uvw2, datatype: float64}
# - {name: swift_uvot_uvm2, datatype: float64}
# - {name: swift_uvot_uvw1, datatype: float64}
# - {name: swift_uvot_U, datatype: float64}
# - {name: swift_uvot_B, datatype: float64}
# - {name: swift_uvot_V, datatype: float64}
# - {name: swift_uvot_W, datatype: float64}
# - {name: johnson_U, datatype: float64}
# - {name: johnson_B, datatype: float64}
# - {name: johnson_V, datatype: float64}
# - {name: johnson_R, datatype: float64}
# - {name: johnson_I, datatype: float64}
# - {name: sdss_u, datatype: float64}
# - {name: sdss_g, datatype: float64}
# - {name: sdss_r, datatype: float64}
# - {name: sdss_i, datatype: float64}
# - {name: sdss_z, datatype: float64}
# - {name: PS1_g, datatype: float64}
# - {name: PS1_r, datatype: float64}
# - {name: PS1_i, datatype: float64}
# - {name: PS1_z, datatype: float64}
# - {name: PS1_Y, datatype: float64}
# - {name: PS1_w, datatype: float64}
# - {name: ATLAS_c, datatype: float64}
# - {name: ATLAS_o, datatype: float64}
# - {name: ukirt_J, datatype: float64}
# - {name: ukirt_H, datatype: float64}
# - {name: ukirt_K, datatype: float64}
# - {name: Clear, datatype: float64}
# meta: !!omap
# - comment: [kappa = 0.5, type = villar, mass = 0.014775890654408853, velocity = 0.3433333333333334, theta_obs = 0.0]
# schema: astropy-2.0
time swift_uvot_uvw2 swift_uvot_uvm2 swift_uvot_uvw1 swift_uvot_U swift_uvot_B swift_uvot_V swift_uvot_W johnson_U johnson_B johnson_V johnson_R johnson_I sdss_u sdss_g sdss_r sdss_i sdss_z PS1_g PS1_r PS1_i PS1_z PS1_Y PS1_w ATLAS_c ATLAS_o ukirt_J ukirt_H ukirt_K Clear
[from data line 212]
0.553769 -10.563 -10.742 -11.86 -13.305 -14.098 -14.587 -13.18 -13.454 -14.107 -14.596 -14.836 -14.918 -13.416 -14.291 -14.758 -14.9 -14.924 -14.378 -14.77 -14.912 -14.942 -14.962 -14.702 -14.521 -14.825 -14.763 -14.491 -14.083 -14.661
0.570517 -10.473 -10.618 -11.769 -13.243 -14.06 -14.568 -13.139 -13.396 -14.071 -14.579 -14.833 -14.928 -13.356 -14.261 -14.749 -14.903 -14.935 -14.352 -14.762 -14.915 -14.952 -14.976 -14.694 -14.501 -14.821 -14.786 -14.521 -14.118 -14.652
0.587772 -10.381 -10.487 -11.674 -13.175 -14.019 -14.547 -13.094 -13.333 -14.03 -14.558 -14.829 -14.935 -13.292 -14.227 -14.738 -14.903 -14.944 -14.322 -14.75 -14.916 -14.96 -14.989 -14.683 -14.479 -14.816 -14.808 -14.549 -14.152 -14.641
0.605549 -10.287 -10.348 -11.572 -13.103 -13.973 -14.522 -13.046 -13.265 -13.985 -14.534 -14.821 -14.941 -13.222 -14.19 -14.723 -14.901 -14.952 -14.288 -14.736 -14.914 -14.966 -14.999 -14.669 -14.453 -14.807 -14.828 -14.577 -14.184 -14.627
0.623863 -10.191 -10.2 -11.464 -13.024 -13.923 -14.494 -12.993 -13.192 -13.936 -14.507 -14.811 -14.944 -13.147 -14.148 -14.705 -14.896 -14.957 -14.25 -14.719 -14.91 -14.97 -15.008 -14.652 -14.423 -14.796 -14.847 -14.603 -14.216 -14.611
0.642731 -10.093 -10.044 -11.349 -12.94 -13.868 -14.461 -12.937 -13.113 -13.881 -14.475 -14.797 -14.945 -13.065 -14.102 -14.684 -14.889 -14.959 -14.208 -14.698 -14.903 -14.971 -15.014 -14.632 -14.389 -14.781 -14.864 -14.627 -14.247 -14.591
0.66217 -9.994 -9.879 -11.228 -12.849 -13.808 -14.425 -12.876 -13.027 -13.822 -14.439 -14.78 -14.944 -12.978 -14.051 -14.659 -14.878 -14.959 -14.162 -14.674 -14.893 -14.97 -15.018 -14.609 -14.352 -14.763 -14.879 -14.65 -14.276 -14.567
0.682197 -9.893 -9.704 -11.099 -12.751 -13.742 -14.383 -12.81 -12.935 -13.757 -14.399 -14.76 -14.939 -12.883 -13.995 -14.63 -14.864 -14.957 -14.11 -14.645 -14.88 -14.965 -15.02 -14.582 -14.309 -14.742 -14.892 -14.672 -14.304 -14.541
0.70283 -9.792 -9.517 -10.962 -12.645 -13.67 -14.337 -12.74 -12.835 -13.686 -14.354 -14.736 -14.932 -12.781 -13.933 -14.596 -14.847 -14.951 -14.054 -14.613 -14.863 -14.958 -15.019 -14.55 -14.262 -14.716 -14.903 -14.692 -14.331 -14.51
0.724086 -9.691 -9.32 -10.817 -12.532 -13.591 -14.286 -12.664 -12.728 -13.609 -14.304 -14.708 -14.921 -12.671 -13.866 -14.559 -14.826 -14.942 -13.991 -14.576 -14.842 -14.947 -15.015 -14.515 -14.21 -14.687 -14.912 -14.71 -14.357 -14.476
0.745986 -9.591 -9.11 -10.662 -12.41 -13.506 -14.229 -12.582 -12.612 -13.525 -14.248 -14.675 -14.907 -12.553 -13.792 -14.516 -14.801 -14.93 -13.923 -14.534 -14.818 -14.933 -15.008 -14.475 -14.153 -14.653 -14.918 -14.726 -14.381 -14.437
0.768548 -9.491 -8.886 -10.498 -12.278 -13.413 -14.166 -12.494 -12.487 -13.433 -14.186 -14.638 -14.889 -12.425 -13.711 -14.467 -14.771 -14.914 -13.848 -14.486 -14.789 -14.916 -14.997 -14.43 -14.089 -14.614 -14.922 -14.74 -14.403 -14.394
0.791792 -9.393 -8.649 -10.324 -12.136 -13.312 -14.096 -12.4 -12.353 -13.333 -14.118 -14.596 -14.866 -12.287 -13.622 -14.414 -14.737 -14.894 -13.767 -14.434 -14.755 -14.894 -14.983 -14.379 -14.019 -14.57 -14.923 -14.752 -14.423 -14.346
0.815739 -9.297 -8.397 -10.14 -11.983 -13.202 -14.019 -12.298 -12.207 -13.225 -14.043 -14.548 -14.84 -12.139 -13.526 -14.353 -14.697 -14.87 -13.677 -14.375 -14.716 -14.867 -14.965 -14.323 -13.942 -14.521 -14.92 -14.761 -14.442 -14.293
0.840411 -9.204 -8.128 -9.943 -11.819 -13.083 -13.934 -12.189 -12.051 -13.108 -13.96 -14.494 -14.809 -11.979 -13.421 -14.286 -14.652 -14.841 -13.58 -14.309 -14.672 -14.836 -14.942 -14.261 -13.857 -14.465 -14.915 -14.768 -14.459 -14.234
0.865828 -9.113 -7.842 -9.735 -11.642 -12.953 -13.841 -12.072 -11.882 -12.98 -13.869 -14.434 -14.772 -11.806 -13.306 -14.212 -14.601 -14.808 -13.474 -14.236 -14.622 -14.8 -14.915 -14.193 -13.765 -14.403 -14.905 -14.772 -14.473 -14.169
0.892015 -9.025 -7.539 -9.513 -11.45 -12.812 -13.739 -11.946 -11.7 -12.841 -13.769 -14.367 -14.73 -11.619 -13.182 -14.13 -14.543 -14.768 -13.359 -14.155 -14.565 -14.758 -14.884 -14.117 -13.664 -14.334 -14.892 -14.773 -14.485 -14.098
0.918993 -8.94 -7.216 -9.278 -11.244 -12.659 -13.627 -11.811 -11.503 -12.691 -13.659 -14.292 -14.682 -11.418 -13.046 -14.039 -14.478 -14.723 -13.233 -14.066 -14.502 -14.71 -14.846 -14.033 -13.553 -14.257 -14.875 -14.77 -14.495 -14.019
0.946787 -8.857 -6.873 -9.028 -11.022 -12.493 -13.504 -11.665 -11.29 -12.527 -13.539 -14.209 -14.628 -11.201 -12.898 -13.939 -14.406 -14.671 -13.097 -13.968 -14.43 -14.655 -14.803 -13.941 -13.432 -14.172 -14.853 -14.765 -14.502 -13.934
0.975422 -8.777 -6.51 -8.763 -10.781 -12.312 -13.37 -11.509 -11.06 -12.35 -13.408 -14.117 -14.566 -10.965 -12.737 -13.828 -14.325 -14.612 -12.949 -13.86 -14.351 -14.593 -14.754 -13.84 -13.299 -14.078 -14.826 -14.755 -14.505 -13.84
1.004923 -8.698 -6.128 -8.481 -10.521 -12.116 -13.223 -11.341 -10.812 -12.157 -13.263 -14.015 -14.496 -10.711 -12.562 -13.707 -14.235 -14.546 -12.789 -13.741 -14.262 -14.524 -14.697 -13.729 -13.155 -13.974 -14.793 -14.741 -14.506 -13.738
1.035317 -8.62 -5.727 -8.181 -10.24 -11.903 -13.061 -11.16 -10.543 -11.947 -13.106 -13.903 -14.418 -10.436 -12.371 -13.573 -14.134 -14.471 -12.615 -13.61 -14.163 -14.445 -14.633 -13.607 -12.997 -13.858 -14.755 -14.722 -14.503 -13.627
1.066629 -8.542 -5.31 -7.863 -9.936 -11.671 -12.885 -10.965 -10.251 -11.72 -12.933 -13.779 -14.33 -10.138 -12.163 -13.425 -14.023 -14.387 -12.426 -13.467 -14.054 -14.357 -14.56 -13.473 -12.824 -13.732 -14.71 -14.698 -14.496 -13.506
1.098888 -8.462 -4.885 -7.525 -9.606 -11.419 -12.691 -10.755 -9.935 -11.472 -12.743 -13.642 -14.233 -9.814 -11.936 -13.263 -13.899 -14.293 -12.222 -13.309 -13.932 -14.259 -14.479 -13.326 -12.636 -13.592 -14.657 -14.669 -14.485 -13.375
1.132124 -8.381 -4.461 -7.166 -9.249 -11.144 -12.479 -10.529 -9.592 -11.202 -12.536 -13.491 -14.124 -9.463 -11.689 -13.085 -13.762 -14.187 -12.001 -13.136 -13.798 -14.149 -14.387 -13.166 -12.43 -13.438 -14.597 -14.634 -14.47 -13.232
1.166364 -8.297 -4.051 -6.784 -8.86 -10.845 -12.247 -10.285 -9.219 -10.908 -12.309 -13.325 -14.002 -9.082 -11.419 -12.889 -13.611 -14.069 -11.764 -12.946 -13.649 -14.027 -14.285 -12.989 -12.206 -13.268 -14.528 -14.592 -14.45 -13.077
1.20164 -8.209 -3.674 -6.377 -8.438 -10.518 -11.992 -10.022 -8.814 -10.588 -12.06 -13.142 -13.867 -8.667 -11.124 -12.674 -13.443 -13.938 -11.508 -12.737 -13.484 -13.891 -14.17 -12.796 -11.96 -13.081 -14.45 -14.543 -14.424 -12.91
1.237983 -8.115 -3.343 -5.945 -7.979 -10.161 -11.713 -9.739 -8.372 -10.239 -11.787 -12.941 -13.717 -8.214 -10.802 -12.436 -13.257 -13.792 -11.234 -12.509 -13.301 -13.739 -14.042 -12.585 -11.691 -12.876 -14.36 -14.486 -14.392 -12.729
1.275425 -8.015 -3.066 -5.484 -7.478 -9.771 -11.405 -9.433 -7.89 -9.857 -11.487 -12.718 -13.55 -7.721 -10.45 -12.175 -13.051 -13.629 -10.942 -12.258 -13.1 -13.57 -13.899 -12.352 -11.396 -12.649 -14.259 -14.42 -14.353 -12.534
1.313999 -7.908 -2.839 -4.992 -6.931 -9.343 -11.068 -9.103 -7.364 -9.44 -11.157 -12.473 -13.365 -7.182 -10.063 -11.887 -12.823 -13.447 -10.632 -11.983 -12.876 -13.383 -13.739 -12.097 -11.074 -12.399 -14.145 -14.344 -14.307 -12.324
1.35374 -7.792 -2.651 -4.465 -6.333 -8.875 -10.696 -8.747 -6.788 -8.983 -10.795 -12.203 -13.159 -6.593 -9.64 -11.569 -12.57 -13.245 -10.308 -11.682 -12.63 -13.174 -13.562 -11.817 -10.719 -12.124 -14.016 -14.256 -14.253 -12.099
1.394683 -7.666 -2.486 -3.901 -5.679 -8.361 -10.286 -8.363 -6.158 -8.482 -10.396 -11.905 -12.93 -5.947 -9.175 -11.218 -12.29 -13.02 -9.971 -11.353 -12.357 -12.943 -13.364 -11.508 -10.33 -11.819 -13.871 -14.157 -14.19 -11.857
1.436864 -7.53 -2.329 -3.294 -4.961 -7.796 -9.833 -7.95 -5.466 -7.931 -9.955 -11.575 -12.675 -5.238 -8.663 -10.83 -11.979 -12.769 -9.628 -10.994 -12.054 -12.685 -13.145 -11.169 -9.902 -11.483 -13.707 -14.043 -14.117 -11.6
1.480321 -7.381 -2.171 -2.64 -4.172 -7.173 -9.333 -7.507 -4.705 -7.326 -9.469 -11.21 -12.392 -4.458 -8.099 -10.4 -11.633 -12.489 -9.285 -10.603 -11.72 -12.398 -12.9 -10.794 -9.431 -11.111 -13.523 -13.914 -14.032 -11.327
1.525092 -7.219 -2.005 -1.932 -3.302 -6.486 -8.778 -7.034 -3.866 -6.66 -8.932 -10.806 -12.077 -3.598 -7.476 -9.924 -11.249 -12.176 -8.949 -10.179 -11.35 -12.079 -12.629 -10.38 -8.911 -10.7 -13.315 -13.768 -13.934 -11.038
1.571218 -7.041 -1.826 -1.163 -2.343 -5.726 -8.164 -6.533 -2.94 -5.925 -8.336 -10.358 -11.726 -2.649 -6.787 -9.395 -10.82 -11.827 -8.625 -9.725 -10.941 -11.724 -12.327 -9.922 -8.336 -10.243 -13.081 -13.601 -13.822 -10.735
1.618738 -6.847 -1.631 -0.325 -1.282 -4.885 -7.48 -6.009 -1.915 -5.112 -7.676 -9.861 -11.334 -1.598 -6.024 -8.806 -10.342 -11.436 -8.316 -9.243 -10.489 -11.328 -11.992 -9.414 -7.699 -9.736 -12.816 -13.412 -13.693 -10.418
1.667696 -6.633 -1.417 0.591 -0.104 -3.951 -6.719 -5.472 -0.778 -4.212 -6.941 -9.308 -10.896 -0.431 -5.177 -8.149 -9.807 -10.998 -8.019 -8.741 -9.992 -10.888 -11.622 -8.851 -6.992 -9.171 -12.518 -13.197 -13.546 -10.09
1.718134 -6.397 -1.181 1.596 1.204 -2.911 -5.869 -4.933 0.486 -3.213 -6.123 -8.691 -10.406 0.866 -4.233 -7.415 -9.207 -10.506 -7.729 -8.229 -9.447 -10.398 -11.212 -8.223 -6.206 -8.542 -12.181 -12.953 -13.377 -9.751
1.770098 -6.137 -0.921 2.702 2.664 -1.75 -4.917 -4.41 1.897 -2.1 -5.209 -8.003 -9.857 2.313 -3.18 -6.594 -8.535 -9.953 -7.436 -7.724 -8.856 -9.855 -10.762 -7.522 -5.329 -7.839 -11.798 -12.675 -13.184 -9.402
1.823633 -5.849 -0.633 3.924 4.296 -0.451 -3.849 -3.914 3.475 -0.859 -4.186 -7.234 -9.24 3.931 -2.001 -5.671 -7.778 -9.33 -7.13 -7.237 -8.225 -9.257 -10.27 -6.737 -4.347 -7.051 -11.365 -12.358 -12.962 -9.041
1.878788 -5.529 -0.314 5.279 6.127 1.006 -2.647 -3.447 5.245 0.529 -3.039 -6.371 -8.547 5.748 -0.677 -4.632 -6.923 -8.626 -6.801 -6.774 -7.565 -8.602 -9.736 -5.857 -3.246 -6.166 -10.871 -11.996 -12.707 -8.664
1.93561 -5.173 0.042 6.787 8.188 2.648 -1.29 -2.998 7.238 2.086 -1.749 -5.401 -7.764 7.793 0.814 -3.458 -5.957 -7.828 -6.441 -6.326 -6.897 -7.898 -9.165 -4.866 -2.007 -5.17 -10.309 -11.582 -12.414 -8.267
1.994152 -4.775 0.441 8.472 10.517 4.502 0.247 -2.549 9.49 3.84 -0.295 -4.307 -6.881 10.103 2.499 -2.129 -4.861 -6.923 -6.041 -5.877 -6.242 -7.156 -8.563 -3.745 -0.607 -4.045 -9.667 -11.108 -12.077 -7.841
2.054463 -4.328 0.888 10.364 13.158 6.606 1.994 -2.077 12.043 5.82 1.351 -3.072 -5.879 12.722 4.411 -0.618 -3.612 -5.892 -5.594 -5.405 -5.612 -6.398 -7.936 -2.475 0.981 -2.769 -8.932 -10.563 -11.687 -7.376
2.116599 -3.824 1.392 12.499 16.165 9.0 3.986 -1.562 14.949 8.065 3.217 -1.672 -4.742 15.703 6.587 1.105 -2.186 -4.714 -5.09 -4.89 -4.998 -5.647 -7.288 -1.029 2.788 -1.317 -8.086 -9.935 -11.236 -6.862
2.180614 -3.253 1.963 14.921 19.605 11.737 6.268 -0.986 18.271 10.621 5.341 -0.079 -3.446 19.111 9.076 3.079 -0.552 -3.366 -4.519 -4.315 -4.371 -4.909 -6.615 0.624 4.854 0.342 -7.111 -9.209 -10.712 -6.286
2.246566 -2.603 2.613 17.687 23.557 14.881 8.892 -0.335 22.085 13.545 7.767 1.738 -1.966 23.023 11.934 5.349 1.33 -1.815 -3.868 -3.664 -3.697 -4.165 -5.901 2.523 7.228 2.246 -5.982 -8.366 -10.101 -5.634
2.314511 -1.859 3.357 20.864 28.12 18.508 11.922 0.409 26.484 16.903 10.547 3.821 -0.269 27.534 15.233 7.971 3.504 -0.027 -3.124 -2.92 -2.944 -3.378 -5.123 4.713 9.967 4.441 -4.671 -7.386 -9.388 -4.889
2.384512 -1.002 4.213 24.537 33.415 22.715 15.439 1.266 31.583 20.783 13.746 6.216 1.683 32.763 19.057 11.014 6.03 2.043 -2.268 -2.063 -2.085 -2.505 -4.252 7.254 13.145 6.986 -3.14 -6.241 -8.55 -4.032
2.45663 -0.08 5.136 28.371 38.937 27.108 19.12 2.189 36.894 24.823 17.071 8.715 3.728 38.208 23.053 14.206 8.686 4.22 -1.345 -1.141 -1.162 -1.577 -3.323 9.924 16.475 9.658 -1.506 -5.007 -7.633 -3.109
2.530929 0.343 5.559 28.793 39.36 27.531 19.543 2.611 37.316 25.245 17.494 9.137 4.15 38.63 23.476 14.628 9.108 4.643 -0.923 -0.718 -0.739 -1.155 -2.901 10.346 16.898 10.081 -1.084 -4.584 -7.21 -2.687
2.607475 0.791 6.007 29.242 39.808 27.979 19.991 3.06 37.765 25.694 17.942 9.586 4.599 39.079 23.924 15.077 9.557 5.091 -0.474 -0.269 -0.291 -0.706 -2.452 10.795 17.346 10.53 -0.635 -4.136 -6.762 -2.238
2.686337 1.267 6.483 29.718 40.284 28.455 20.467 3.536 38.241 26.17 18.418 10.062 5.075 39.555 24.4 15.553 10.033 5.567 0.002 0.207 0.185 -0.23 -1.976 11.271 17.822 11.006 -0.159 -3.66 -6.286 -1.762
2.767583 1.773 6.988 30.223 40.789 28.961 20.973 4.041 38.746 26.675 18.924 10.567 5.58 40.06 24.906 16.058 10.538 6.073 0.507 0.712 0.69 0.275 -1.471 11.776 18.328 11.511 0.346 -3.155 -5.78 -1.257
2.851287 2.309 7.525 30.76 41.326 29.497 21.509 4.578 39.283 27.211 19.46 11.104 6.117 40.597 25.442 16.594 11.075 6.609 1.044 1.248 1.227 0.811 -0.934 12.313 18.864 12.047 0.882 -2.618 -5.244 -0.72
2.937522 2.878 8.094 31.329 41.895 30.066 22.078 5.147 39.852 27.781 20.029 11.673 6.686 41.166 26.011 17.164 11.644 7.178 1.613 1.818 1.796 1.381 -0.365 12.882 19.433 12.617 1.452 -2.049 -4.675 -0.151
3.026365 3.483 8.698 31.933 42.499 30.671 22.682 5.751 40.456 28.385 20.634 12.277 7.29 41.77 26.616 17.768 12.248 7.782 2.217 2.422 2.4 1.985 0.239 13.486 20.038 13.221 2.056 -1.445 -4.07 0.453
3.117896 4.124 9.34 32.575 43.141 31.312 23.324 6.392 41.097 29.026 21.275 12.918 7.931 42.411 27.257 18.409 12.889 8.424 2.858 3.063 3.042 2.626 0.88 14.127 20.679 13.862 2.697 -0.803 -3.429 1.095
3.212194 4.805 10.02 33.255 43.821 31.993 24.004 7.073 41.778 29.707 21.956 13.599 8.612 43.092 27.938 19.09 13.57 9.105 3.539 3.744 3.722 3.307 1.561 14.808 21.36 14.543 3.378 -0.123 -2.748 1.775
3.309345 5.527 10.743 33.978 44.544 32.715 24.727 7.796 42.501 30.43 22.678 14.322 9.335 43.815 28.66 19.812 14.293 9.827 4.262 4.466 4.445 4.03 2.284 15.531 22.082 15.265 4.101 0.6 -2.026 2.498
3.409434 6.294 11.51 34.745 45.311 33.482 25.494 8.563 43.268 31.196 23.445 15.089 10.102 44.582 29.427 20.579 15.06 10.594 5.029 5.233 5.212 4.796 3.051 16.298 22.849 16.032 4.867 1.367 -1.259 3.265
3.51255 7.108 12.324 35.559 46.125 34.296 26.308 9.376 44.082 32.01 24.259 15.902 10.916 45.396 30.241 21.393 15.873 11.408 5.842 6.047 6.026 5.61 3.865 17.111 23.663 16.846 5.681 2.181 -0.445 4.079
3.618785 7.972 13.188 36.423 46.989 35.16 27.172 10.24 44.945 32.874 25.123 16.766 11.78 46.26 31.105 22.257 16.737 12.272 6.706 6.911 6.89 6.474 4.728 17.975 24.527 17.71 6.545 3.045 0.419 4.943
3.728232 8.889 14.105 37.34 47.906 36.077 28.089 11.157 45.862 33.791 26.04 17.683 12.697 47.176 32.022 23.174 17.654 13.189 7.623 7.828 7.807 7.391 5.645 18.892 25.444 18.627 7.462 3.962 1.336 5.86
3.84099 9.862 15.078 38.313 48.879 37.05 29.062 12.131 46.836 34.765 27.013 18.657 13.67 48.15 32.995 24.148 18.628 14.162 8.597 8.801 8.78 8.365 6.619 19.866 26.417 19.6 8.436 4.935 2.309 6.833
3.957158 10.895 16.111 39.346 49.912 38.083 30.095 13.164 47.869 35.798 28.046 19.69 14.703 49.183 34.028 25.181 19.661 15.195 9.63 9.835 9.813 9.398 7.652 20.899 27.45 20.634 9.469 5.968 3.342 7.866
4.07684 11.992 17.208 40.442 51.009 39.18 31.192 14.26 48.965 36.894 29.143 20.786 15.799 50.279 35.125 26.277 20.757 16.292 10.726 10.931 10.91 10.494 8.748 21.995 28.547 21.73 10.565 7.065 4.439 8.962
4.200141 13.156 18.371 41.606 52.172 40.344 32.355 15.424 50.129 38.058 30.307 21.95 16.963 51.443 36.289 27.441 21.921 17.456 11.89 12.095 12.073 11.658 9.912 23.159 29.711 22.894 11.729 8.228 5.603 10.126
4.327172 14.391 19.607 42.842 53.408 41.579 33.591 16.659 51.364 39.293 31.542 23.185 18.199 52.679 37.524 28.676 23.156 18.691 13.125 13.33 13.309 12.893 11.147 24.394 30.946 24.129 12.964 9.464 6.838 11.362
4.458044 15.702 20.918 44.153 54.719 42.89 34.902 17.971 52.676 40.604 32.853 24.497 19.51 53.99 38.835 29.987 24.468 20.002 14.437 14.641 14.62 14.205 12.459 25.706 32.257 25.44 14.276 10.775 8.149 12.673
4.592874 17.094 22.309 45.544 56.11 44.282 36.294 19.362 54.067 41.996 34.245 25.888 20.901 55.381 40.227 31.379 25.859 21.394 15.828 16.033 16.011 15.596 13.85 27.097 33.649 26.832 15.667 12.167 9.541 14.064
4.731783 18.571 23.787 47.021 57.588 45.759 37.771 20.839 55.544 43.473 35.722 27.365 22.378 56.858 41.704 32.856 27.336 22.871 17.305 17.51 17.489 17.073 15.327 28.574 35.126 28.309 17.144 13.644 11.018 15.541
