web/models/kne.last_good/kappa_0.5_3.0.v1/3/villar_0.0043_0.2963_0.5000.dat
# %ECSV 1.0
# ---
# datatype:
# - {name: time, datatype: float64}
# - {name: swift_uvot_uvw2, datatype: float64}
# - {name: swift_uvot_uvm2, datatype: float64}
# - {name: swift_uvot_uvw1, datatype: float64}
# - {name: swift_uvot_U, datatype: float64}
# - {name: swift_uvot_B, datatype: float64}
# - {name: swift_uvot_V, datatype: float64}
# - {name: swift_uvot_W, datatype: float64}
# - {name: johnson_U, datatype: float64}
# - {name: johnson_B, datatype: float64}
# - {name: johnson_V, datatype: float64}
# - {name: johnson_R, datatype: float64}
# - {name: johnson_I, datatype: float64}
# - {name: sdss_u, datatype: float64}
# - {name: sdss_g, datatype: float64}
# - {name: sdss_r, datatype: float64}
# - {name: sdss_i, datatype: float64}
# - {name: sdss_z, datatype: float64}
# - {name: PS1_g, datatype: float64}
# - {name: PS1_r, datatype: float64}
# - {name: PS1_i, datatype: float64}
# - {name: PS1_z, datatype: float64}
# - {name: PS1_Y, datatype: float64}
# - {name: PS1_w, datatype: float64}
# - {name: ATLAS_c, datatype: float64}
# - {name: ATLAS_o, datatype: float64}
# - {name: ukirt_J, datatype: float64}
# - {name: ukirt_H, datatype: float64}
# - {name: ukirt_K, datatype: float64}
# - {name: Clear, datatype: float64}
# meta: !!omap
# - comment: [kappa = 0.5, type = villar, mass = 0.004263435211354371, velocity = 0.29633333333333334, theta_obs = 0.0]
# schema: astropy-2.0
time swift_uvot_uvw2 swift_uvot_uvm2 swift_uvot_uvw1 swift_uvot_U swift_uvot_B swift_uvot_V swift_uvot_W johnson_U johnson_B johnson_V johnson_R johnson_I sdss_u sdss_g sdss_r sdss_i sdss_z PS1_g PS1_r PS1_i PS1_z PS1_Y PS1_w ATLAS_c ATLAS_o ukirt_J ukirt_H ukirt_K Clear
[from data line 290]
5.658042 103.432 108.647 131.882 142.448 130.62 122.631 105.7 140.405 128.334 120.583 112.226 107.239 141.719 126.565 117.717 112.197 107.732 102.166 102.371 102.349 101.934 100.188 113.435 119.987 113.17 102.005 98.504 95.879 100.402
5.829166 110.137 115.353 138.588 149.154 137.325 129.337 112.406 147.111 135.04 127.288 118.932 113.945 148.425 133.27 124.423 118.903 114.437 108.872 109.076 109.055 108.64 106.894 120.141 126.692 119.875 108.711 105.21 102.584 107.108
6.005465 117.255 122.47 145.705 156.271 144.443 136.454 119.523 154.228 142.157 134.406 126.049 121.062 155.542 140.388 131.54 126.02 121.554 115.989 116.194 116.172 115.757 114.011 127.258 133.81 126.993 115.828 112.327 109.701 114.225
6.187096 124.809 130.025 153.259 163.826 151.997 144.009 127.077 161.782 149.711 141.96 133.603 128.616 163.096 147.942 139.094 133.574 129.109 123.543 123.748 123.727 123.311 121.565 134.812 141.364 134.547 123.382 119.882 117.256 121.779
6.37422 132.827 138.043 161.278 171.844 160.015 152.027 135.096 169.801 157.729 149.978 141.622 136.635 171.115 155.96 147.112 141.593 137.127 131.562 131.766 131.745 131.329 129.584 142.831 149.382 142.565 131.4 127.9 125.274 129.798
6.567004 141.338 146.553 169.788 180.354 168.526 160.537 143.606 178.311 166.24 158.489 150.132 145.145 179.625 164.471 155.623 150.103 145.637 140.072 140.277 140.255 139.84 138.094 151.341 157.893 151.076 139.911 136.41 133.784 138.308
6.765619 150.371 155.586 178.821 189.387 177.559 169.57 152.639 187.344 175.273 167.522 159.165 154.178 188.658 173.504 164.656 159.136 154.671 149.105 149.31 149.288 148.873 147.127 160.374 166.926 160.109 148.944 145.443 142.818 147.341
6.97024 159.958 165.174 188.409 198.975 187.146 179.158 162.227 196.932 184.861 177.109 168.753 163.766 198.246 183.091 174.244 168.724 164.258 158.693 158.898 158.876 158.461 156.715 169.962 176.513 169.697 158.532 155.031 152.405 156.929
7.181051 170.135 175.351 198.585 209.152 197.323 189.335 172.403 207.108 195.037 187.286 178.929 173.942 208.422 193.268 184.42 178.9 174.435 168.869 169.074 169.053 168.637 166.891 180.138 186.69 179.873 168.708 165.208 162.582 167.106
7.398237 180.936 186.152 209.387 219.953 208.124 200.136 183.205 217.91 205.839 198.087 189.731 184.744 219.224 204.069 195.222 189.702 185.236 179.671 179.875 179.854 179.439 177.693 190.94 197.491 190.674 179.51 176.009 173.383 177.907
7.621991 192.401 197.617 220.851 231.418 219.589 211.601 194.669 229.374 217.303 209.552 201.195 196.208 230.688 215.534 206.686 201.166 196.701 191.135 191.34 191.319 190.903 189.157 202.404 208.956 202.139 190.974 187.474 184.848 189.371
7.852513 204.569 209.785 233.02 243.586 231.757 223.769 206.838 241.543 229.472 221.72 213.364 208.377 242.857 227.702 218.855 213.335 208.869 203.304 203.509 203.487 203.072 201.326 214.573 221.124 214.308 203.143 199.642 197.016 201.54
8.090007 217.485 222.701 245.936 256.502 244.673 236.685 219.754 254.459 242.387 234.636 226.28 221.293 255.773 240.618 231.77 226.251 221.785 216.22 216.424 216.403 215.988 214.242 227.489 234.04 227.223 216.059 212.558 209.932 214.456
8.334684 231.194 236.41 259.645 270.211 258.382 250.394 233.462 268.167 256.096 248.345 239.988 235.001 269.481 254.327 245.479 239.959 235.494 229.928 230.133 230.112 229.696 227.95 241.197 247.749 240.932 229.767 226.267 223.641 228.165
8.586761 245.745 250.96 274.195 284.761 272.933 264.944 248.013 282.718 270.647 262.896 254.539 249.552 284.032 268.878 260.03 254.51 250.044 244.479 244.684 244.662 244.247 242.501 255.748 262.299 255.483 244.318 240.817 238.191 242.715
8.846461 261.189 266.404 289.639 300.205 288.377 280.388 263.457 298.162 286.091 278.34 269.983 264.996 299.476 284.322 275.474 269.954 265.488 259.923 260.128 260.106 259.691 257.945 271.192 277.743 270.927 259.762 256.261 253.635 258.159
9.114017 277.581 282.797 306.031 316.598 304.769 296.781 279.849 314.554 302.483 294.732 286.375 281.388 315.868 300.714 291.866 286.346 281.881 276.315 276.52 276.499 276.083 274.337 287.584 294.136 287.319 276.154 272.654 270.028 274.551
9.389664 294.98 300.195 323.43 333.996 322.168 314.18 297.248 331.953 319.882 312.131 303.774 298.787 333.267 318.113 309.265 303.745 299.28 293.714 293.919 293.897 293.482 291.736 304.983 311.535 304.718 293.553 290.053 287.427 291.95
9.673648 313.447 318.663 341.898 352.464 340.635 332.647 315.715 350.421 338.349 330.598 322.241 317.255 351.735 336.58 327.732 322.212 317.747 312.181 312.386 312.365 311.949 310.204 323.45 330.002 323.185 312.02 308.52 305.894 310.418
9.966221 333.048 338.264 361.499 372.065 360.236 352.248 335.317 370.022 357.951 350.199 341.843 336.856 371.336 356.181 347.333 341.814 337.348 331.783 331.987 331.966 331.551 329.805 343.052 349.603 342.786 331.622 328.121 325.495 330.019
10.267642 353.853 359.069 382.304 392.87 381.041 373.053 356.121 390.826 378.755 371.004 362.647 357.661 392.141 376.986 368.138 362.618 358.153 352.587 352.792 352.771 352.355 350.61 363.856 370.408 363.591 352.426 348.926 346.3 350.824
10.57818 375.935 381.151 404.386 414.952 403.123 395.135 378.204 412.909 400.838 393.086 384.73 379.743 414.223 399.068 390.221 384.701 380.235 374.67 374.874 374.853 374.438 372.692 385.939 392.49 385.673 374.509 371.008 368.382 372.906
10.89811 399.373 404.589 427.824 438.39 426.561 418.573 401.642 436.347 424.276 416.524 408.168 403.181 437.661 422.506 413.659 408.139 403.673 398.108 398.313 398.291 397.876 396.13 409.377 415.928 409.112 397.947 394.446 391.82 396.344
11.227716 424.251 429.466 452.701 463.267 451.439 443.451 426.519 461.224 449.153 441.402 433.045 428.058 462.538 447.384 438.536 433.016 428.551 422.985 423.19 423.168 422.753 421.007 434.254 440.806 433.989 422.824 419.324 416.698 421.221
11.56729 450.656 455.871 479.106 489.672 477.844 469.855 452.924 487.629 475.558 467.807 459.45 454.463 488.943 473.789 464.941 459.421 454.956 449.39 449.595 449.573 449.158 447.412 460.659 467.211 460.394 449.229 445.728 443.103 447.626
11.917135 478.682 483.898 507.133 517.699 505.87 497.882 480.95 515.655 503.584 495.833 487.476 482.49 516.969 501.815 492.967 487.447 482.982 477.416 477.621 477.6 477.184 475.438 488.685 495.237 488.42 477.255 473.755 471.129 475.653
12.277561 508.429 513.645 536.88 547.446 535.617 527.629 510.698 545.403 533.331 525.58 517.224 512.237 546.717 531.562 522.714 517.195 512.729 507.164 507.368 507.347 506.932 505.186 518.433 524.984 518.167 507.003 503.502 500.876 505.4
12.648887 540.003 545.219 568.453 579.02 567.191 559.203 542.271 576.976 564.905 557.154 548.797 543.81 578.29 563.136 554.288 548.768 544.303 538.737 538.942 538.921 538.505 536.759 550.006 556.558 549.741 538.576 535.076 532.45 536.973
13.031444 573.515 578.731 601.966 612.532 600.703 592.715 575.784 610.489 598.418 590.666 582.31 577.323 611.803 596.648 587.801 582.281 577.815 572.25 572.455 572.433 572.018 570.272 583.519 590.07 583.254 572.089 568.588 565.962 570.486
13.425571 609.086 614.301 637.536 648.102 636.274 628.285 611.354 646.059 633.988 626.237 617.88 612.893 647.373 632.219 623.371 617.851 613.386 607.82 608.025 608.003 607.588 605.842 619.089 625.641 618.824 607.659 604.158 601.533 606.056
13.831619 646.84 652.056 675.291 685.857 674.028 666.04 649.108 683.814 671.742 663.991 655.634 650.648 685.128 669.973 661.125 655.605 651.14 645.574 645.779 645.758 645.342 643.597 656.843 663.395 656.578 645.413 641.913 639.287 643.811
14.249947 686.913 692.128 715.363 725.929 714.101 706.112 689.181 723.886 711.815 704.064 695.707 690.72 725.2 710.046 701.198 695.678 691.213 685.647 685.852 685.83 685.415 683.669 696.916 703.468 696.651 685.486 681.985 679.36 683.883
14.680926 729.446 734.662 757.896 768.463 756.634 748.646 731.714 766.419 754.348 746.597 738.24 733.253 767.733 752.579 743.731 738.211 733.746 728.18 728.385 728.364 727.948 726.202 739.449 746.001 739.184 728.019 724.519 721.893 726.417
15.124941 774.591 779.807 nan nan nan nan 776.859 nan nan 793.109 783.387 778.398 nan nan 789.581 783.356 778.891 773.325 773.53 773.509 773.093 771.347 784.597 nan 784.332 773.164 769.664 767.038 771.561
15.582385 774.591 779.807 nan nan nan nan 776.859 nan nan 793.109 783.387 778.398 nan nan 789.581 783.356 778.891 773.325 773.53 773.509 773.093 771.347 784.597 nan 784.332 773.164 769.664 767.038 771.561
16.053663 774.591 779.807 nan nan nan nan 776.859 nan nan 793.109 783.387 778.398 nan nan 789.581 783.356 778.891 773.325 773.53 773.509 773.093 771.347 784.597 nan 784.332 773.164 769.664 767.038 771.561
16.539195 774.591 779.807 nan nan nan nan 776.859 nan nan 793.109 783.387 778.398 nan nan 789.581 783.356 778.891 773.325 773.53 773.509 773.093 771.347 784.597 nan 784.332 773.164 769.664 767.038 771.561
17.039412 774.591 779.807 nan nan nan nan 776.859 nan nan 793.109 783.387 778.398 nan nan 789.581 783.356 778.891 773.325 773.53 773.509 773.093 771.347 784.597 nan 784.332 773.164 769.664 767.038 771.561
17.554757 774.591 779.807 nan nan nan nan 776.859 nan nan 793.109 783.387 778.398 nan nan 789.581 783.356 778.891 773.325 773.53 773.509 773.093 771.347 784.597 nan 784.332 773.164 769.664 767.038 771.561
18.085689 774.591 779.807 nan nan nan nan 776.859 nan nan 793.109 783.387 778.398 nan nan 789.581 783.356 778.891 773.325 773.53 773.509 773.093 771.347 784.597 nan 784.332 773.164 769.664 767.038 771.561
18.632678 774.591 779.807 nan nan nan nan 776.859 nan nan 793.109 783.387 778.398 nan nan 789.581 783.356 778.891 773.325 773.53 773.509 773.093 771.347 784.597 nan 784.332 773.164 769.664 767.038 771.561
19.196211 774.591 779.807 nan nan nan nan 776.859 nan nan 793.109 783.387 778.398 nan nan 789.581 783.356 778.891 773.325 773.53 773.509 773.093 771.347 784.597 nan 784.332 773.164 769.664 767.038 771.561
19.776787 774.591 779.807 nan nan nan nan 776.859 nan nan 793.109 783.387 778.398 nan nan 789.581 783.356 778.891 773.325 773.53 773.509 773.093 771.347 784.597 nan 784.332 773.164 769.664 767.038 771.561
20.374923 774.591 779.807 nan nan nan nan 776.859 nan nan 793.109 783.387 778.398 nan nan 789.581 783.356 778.891 773.325 773.53 773.509 773.093 771.347 784.597 nan 784.332 773.164 769.664 767.038 771.561
20.991149 774.591 779.807 nan nan nan nan 776.859 nan nan 793.109 783.387 778.398 nan nan 789.581 783.356 778.891 773.325 773.53 773.509 773.093 771.347 784.597 nan 784.332 773.164 769.664 767.038 771.561
21.626011 774.591 779.807 nan nan nan nan 776.859 nan nan 793.109 783.387 778.398 nan nan 789.581 783.356 778.891 773.325 773.53 773.509 773.093 771.347 784.597 nan 784.332 773.164 769.664 767.038 771.561
22.280075 774.591 779.807 nan nan nan nan 776.859 nan nan 793.109 783.387 778.398 nan nan 789.581 783.356 778.891 773.325 773.53 773.509 773.093 771.347 784.597 nan 784.332 773.164 769.664 767.038 771.561
22.953921 774.591 779.807 nan nan nan nan 776.859 nan nan 793.109 783.387 778.398 nan nan 789.581 783.356 778.891 773.325 773.53 773.509 773.093 771.347 784.597 nan 784.332 773.164 769.664 767.038 771.561
23.648147 774.591 779.807 nan nan nan nan 776.859 nan nan 793.109 783.387 778.398 nan nan 789.581 783.356 778.891 773.325 773.53 773.509 773.093 771.347 784.597 nan 784.332 773.164 769.664 767.038 771.561
24.363369 774.591 779.807 nan nan nan nan 776.859 nan nan 793.109 783.387 778.398 nan nan 789.581 783.356 778.891 773.325 773.53 773.509 773.093 771.347 784.597 nan 784.332 773.164 769.664 767.038 771.561
25.100222 774.591 779.807 nan nan nan nan 776.859 nan nan 793.109 783.387 778.398 nan nan 789.581 783.356 778.891 773.325 773.53 773.509 773.093 771.347 784.597 nan 784.332 773.164 769.664 767.038 771.561
25.859362 774.591 779.807 nan nan nan nan 776.859 nan nan 793.109 783.387 778.398 nan nan 789.581 783.356 778.891 773.325 773.53 773.509 773.093 771.347 784.597 nan 784.332 773.164 769.664 767.038 771.561
26.64146 774.591 779.807 nan nan nan nan 776.859 nan nan 793.109 783.387 778.398 nan nan 789.581 783.356 778.891 773.325 773.53 773.509 773.093 771.347 784.597 nan 784.332 773.164 769.664 767.038 771.561
27.447213 774.591 779.807 nan nan nan nan 776.859 nan nan 793.109 783.387 778.398 nan nan 789.581 783.356 778.891 773.325 773.53 773.509 773.093 771.347 784.597 nan 784.332 773.164 769.664 767.038 771.561
28.277335 774.591 779.807 nan nan nan nan 776.859 nan nan 793.109 783.387 778.398 nan nan 789.581 783.356 778.891 773.325 773.53 773.509 773.093 771.347 784.597 nan 784.332 773.164 769.664 767.038 771.561
29.132564 774.591 779.807 nan nan nan nan 776.859 nan nan 793.109 783.387 778.398 nan nan 789.581 783.356 778.891 773.325 773.53 773.509 773.093 771.347 784.597 nan 784.332 773.164 769.664 767.038 771.561
30.013659 774.591 779.807 nan nan nan nan 776.859 nan nan 793.109 783.387 778.398 nan nan 789.581 783.356 778.891 773.325 773.53 773.509 773.093 771.347 784.597 nan 784.332 773.164 769.664 767.038 771.561
30.921401 774.591 779.807 nan nan nan nan 776.859 nan nan 793.109 783.387 778.398 nan nan 789.581 783.356 778.891 773.325 773.53 773.509 773.093 771.347 784.597 nan 784.332 773.164 769.664 767.038 771.561
31.856598 774.591 779.807 nan nan nan nan 776.859 nan nan 793.109 783.387 778.398 nan nan 789.581 783.356 778.891 773.325 773.53 773.509 773.093 771.347 784.597 nan 784.332 773.164 769.664 767.038 771.561
32.820079 774.591 779.807 nan nan nan nan 776.859 nan nan 793.109 783.387 778.398 nan nan 789.581 783.356 778.891 773.325 773.53 773.509 773.093 771.347 784.597 nan 784.332 773.164 769.664 767.038 771.561
33.8127 774.591 779.807 nan nan nan nan 776.859 nan nan 793.109 783.387 778.398 nan nan 789.581 783.356 778.891 773.325 773.53 773.509 773.093 771.347 784.597 nan 784.332 773.164 769.664 767.038 771.561
34.835342 774.591 779.807 nan nan nan nan 776.859 nan nan 793.109 783.387 778.398 nan nan 789.581 783.356 778.891 773.325 773.53 773.509 773.093 771.347 784.597 nan 784.332 773.164 769.664 767.038 771.561
35.888913 774.591 779.807 nan nan nan nan 776.859 nan nan 793.109 783.387 778.398 nan nan 789.581 783.356 778.891 773.325 773.53 773.509 773.093 771.347 784.597 nan 784.332 773.164 769.664 767.038 771.561
36.974349 774.591 779.807 nan nan nan nan 776.859 nan nan 793.109 783.387 778.398 nan nan 789.581 783.356 778.891 773.325 773.53 773.509 773.093 771.347 784.597 nan 784.332 773.164 769.664 767.038 771.561
38.092613 774.591 779.807 nan nan nan nan 776.859 nan nan 793.109 783.387 778.398 nan nan 789.581 783.356 778.891 773.325 773.53 773.509 773.093 771.347 784.597 nan 784.332 773.164 769.664 767.038 771.561
39.244698 774.591 779.807 nan nan nan nan 776.859 nan nan 793.109 783.387 778.398 nan nan 789.581 783.356 778.891 773.325 773.53 773.509 773.093 771.347 784.597 nan 784.332 773.164 769.664 767.038 771.561
40.431627 774.591 779.807 nan nan nan nan 776.859 nan nan 793.109 783.387 778.398 nan nan 789.581 783.356 778.891 773.325 773.53 773.509 773.093 771.347 784.597 nan 784.332 773.164 769.664 767.038 771.561
41.654454 774.591 779.807 nan nan nan nan 776.859 nan nan 793.109 783.387 778.398 nan nan 789.581 783.356 778.891 773.325 773.53 773.509 773.093 771.347 784.597 nan 784.332 773.164 769.664 767.038 771.561
42.914265 774.591 779.807 nan nan nan nan 776.859 nan nan 793.109 783.387 778.398 nan nan 789.581 783.356 778.891 773.325 773.53 773.509 773.093 771.347 784.597 nan 784.332 773.164 769.664 767.038 771.561
44.212178 774.591 779.807 nan nan nan nan 776.859 nan nan 793.109 783.387 778.398 nan nan 789.581 783.356 778.891 773.325 773.53 773.509 773.093 771.347 784.597 nan 784.332 773.164 769.664 767.038 771.561
45.549345 774.591 779.807 nan nan nan nan 776.859 nan nan 793.109 783.387 778.398 nan nan 789.581 783.356 778.891 773.325 773.53 773.509 773.093 771.347 784.597 nan 784.332 773.164 769.664 767.038 771.561
46.926954 774.591 779.807 nan nan nan nan 776.859 nan nan 793.109 783.387 778.398 nan nan 789.581 783.356 778.891 773.325 773.53 773.509 773.093 771.347 784.597 nan 784.332 773.164 769.664 767.038 771.561
