web/models/linear/81/-19_347_0_010.dat
# %ECSV 1.0
# ---
# datatype:
# - {name: time, datatype: float64}
# - {name: swift_uvot_uvw2, datatype: float64}
# - {name: swift_uvot_uvm2, datatype: float64}
# - {name: swift_uvot_uvw1, datatype: float64}
# - {name: swift_uvot_U, datatype: float64}
# - {name: swift_uvot_B, datatype: float64}
# - {name: swift_uvot_V, datatype: float64}
# - {name: swift_uvot_W, datatype: float64}
# - {name: johnson_U, datatype: float64}
# - {name: johnson_B, datatype: float64}
# - {name: johnson_V, datatype: float64}
# - {name: johnson_R, datatype: float64}
# - {name: johnson_I, datatype: float64}
# - {name: sdss_u, datatype: float64}
# - {name: sdss_g, datatype: float64}
# - {name: sdss_r, datatype: float64}
# - {name: sdss_i, datatype: float64}
# - {name: sdss_z, datatype: float64}
# - {name: PS1_g, datatype: float64}
# - {name: PS1_r, datatype: float64}
# - {name: PS1_i, datatype: float64}
# - {name: PS1_z, datatype: float64}
# - {name: PS1_Y, datatype: float64}
# - {name: PS1_w, datatype: float64}
# - {name: ATLAS_c, datatype: float64}
# - {name: ATLAS_o, datatype: float64}
# - {name: ukirt_J, datatype: float64}
# - {name: ukirt_H, datatype: float64}
# - {name: ukirt_K, datatype: float64}
# - {name: Clear, datatype: float64}
# meta: !!omap
# - comment: [M=-19.346938775510203, dM=0.010245175126239792]
# schema: astropy-2.0
time swift_uvot_uvw2 swift_uvot_uvm2 swift_uvot_uvw1 swift_uvot_U swift_uvot_B swift_uvot_V swift_uvot_W johnson_U johnson_B johnson_V johnson_R johnson_I sdss_u sdss_g sdss_r sdss_i sdss_z PS1_g PS1_r PS1_i PS1_z PS1_Y PS1_w ATLAS_c ATLAS_o ukirt_J ukirt_H ukirt_K Clear
[from data line 164]
12.36180904522613 -19.220289876964728 -19.220289876964728 -19.220289876964728 -19.220289876964728 -19.220289876964728 -19.220289876964728 -19.220289876964728 -19.220289876964728 -19.220289876964728 -19.220289876964728 -19.220289876964728 -19.220289876964728 -19.220289876964728 -19.220289876964728 -19.220289876964728 -19.220289876964728 -19.220289876964728 -19.220289876964728 -19.220289876964728 -19.220289876964728 -19.220289876964728 -19.220289876964728 -19.220289876964728 -19.220289876964728 -19.220289876964728 -19.220289876964728 -19.220289876964728 -19.220289876964728 -19.220289876964728
12.43718592964824 -19.21951762758335 -19.21951762758335 -19.21951762758335 -19.21951762758335 -19.21951762758335 -19.21951762758335 -19.21951762758335 -19.21951762758335 -19.21951762758335 -19.21951762758335 -19.21951762758335 -19.21951762758335 -19.21951762758335 -19.21951762758335 -19.21951762758335 -19.21951762758335 -19.21951762758335 -19.21951762758335 -19.21951762758335 -19.21951762758335 -19.21951762758335 -19.21951762758335 -19.21951762758335 -19.21951762758335 -19.21951762758335 -19.21951762758335 -19.21951762758335 -19.21951762758335 -19.21951762758335
12.51256281407035 -19.218745378201977 -19.218745378201977 -19.218745378201977 -19.218745378201977 -19.218745378201977 -19.218745378201977 -19.218745378201977 -19.218745378201977 -19.218745378201977 -19.218745378201977 -19.218745378201977 -19.218745378201977 -19.218745378201977 -19.218745378201977 -19.218745378201977 -19.218745378201977 -19.218745378201977 -19.218745378201977 -19.218745378201977 -19.218745378201977 -19.218745378201977 -19.218745378201977 -19.218745378201977 -19.218745378201977 -19.218745378201977 -19.218745378201977 -19.218745378201977 -19.218745378201977 -19.218745378201977
12.58793969849246 -19.217973128820603 -19.217973128820603 -19.217973128820603 -19.217973128820603 -19.217973128820603 -19.217973128820603 -19.217973128820603 -19.217973128820603 -19.217973128820603 -19.217973128820603 -19.217973128820603 -19.217973128820603 -19.217973128820603 -19.217973128820603 -19.217973128820603 -19.217973128820603 -19.217973128820603 -19.217973128820603 -19.217973128820603 -19.217973128820603 -19.217973128820603 -19.217973128820603 -19.217973128820603 -19.217973128820603 -19.217973128820603 -19.217973128820603 -19.217973128820603 -19.217973128820603 -19.217973128820603
12.663316582914572 -19.217200879439226 -19.217200879439226 -19.217200879439226 -19.217200879439226 -19.217200879439226 -19.217200879439226 -19.217200879439226 -19.217200879439226 -19.217200879439226 -19.217200879439226 -19.217200879439226 -19.217200879439226 -19.217200879439226 -19.217200879439226 -19.217200879439226 -19.217200879439226 -19.217200879439226 -19.217200879439226 -19.217200879439226 -19.217200879439226 -19.217200879439226 -19.217200879439226 -19.217200879439226 -19.217200879439226 -19.217200879439226 -19.217200879439226 -19.217200879439226 -19.217200879439226 -19.217200879439226
12.738693467336683 -19.21642863005785 -19.21642863005785 -19.21642863005785 -19.21642863005785 -19.21642863005785 -19.21642863005785 -19.21642863005785 -19.21642863005785 -19.21642863005785 -19.21642863005785 -19.21642863005785 -19.21642863005785 -19.21642863005785 -19.21642863005785 -19.21642863005785 -19.21642863005785 -19.21642863005785 -19.21642863005785 -19.21642863005785 -19.21642863005785 -19.21642863005785 -19.21642863005785 -19.21642863005785 -19.21642863005785 -19.21642863005785 -19.21642863005785 -19.21642863005785 -19.21642863005785 -19.21642863005785
12.814070351758794 -19.215656380676478 -19.215656380676478 -19.215656380676478 -19.215656380676478 -19.215656380676478 -19.215656380676478 -19.215656380676478 -19.215656380676478 -19.215656380676478 -19.215656380676478 -19.215656380676478 -19.215656380676478 -19.215656380676478 -19.215656380676478 -19.215656380676478 -19.215656380676478 -19.215656380676478 -19.215656380676478 -19.215656380676478 -19.215656380676478 -19.215656380676478 -19.215656380676478 -19.215656380676478 -19.215656380676478 -19.215656380676478 -19.215656380676478 -19.215656380676478 -19.215656380676478 -19.215656380676478
12.889447236180903 -19.214884131295104 -19.214884131295104 -19.214884131295104 -19.214884131295104 -19.214884131295104 -19.214884131295104 -19.214884131295104 -19.214884131295104 -19.214884131295104 -19.214884131295104 -19.214884131295104 -19.214884131295104 -19.214884131295104 -19.214884131295104 -19.214884131295104 -19.214884131295104 -19.214884131295104 -19.214884131295104 -19.214884131295104 -19.214884131295104 -19.214884131295104 -19.214884131295104 -19.214884131295104 -19.214884131295104 -19.214884131295104 -19.214884131295104 -19.214884131295104 -19.214884131295104 -19.214884131295104
12.964824120603014 -19.214111881913727 -19.214111881913727 -19.214111881913727 -19.214111881913727 -19.214111881913727 -19.214111881913727 -19.214111881913727 -19.214111881913727 -19.214111881913727 -19.214111881913727 -19.214111881913727 -19.214111881913727 -19.214111881913727 -19.214111881913727 -19.214111881913727 -19.214111881913727 -19.214111881913727 -19.214111881913727 -19.214111881913727 -19.214111881913727 -19.214111881913727 -19.214111881913727 -19.214111881913727 -19.214111881913727 -19.214111881913727 -19.214111881913727 -19.214111881913727 -19.214111881913727 -19.214111881913727
13.040201005025125 -19.213339632532353 -19.213339632532353 -19.213339632532353 -19.213339632532353 -19.213339632532353 -19.213339632532353 -19.213339632532353 -19.213339632532353 -19.213339632532353 -19.213339632532353 -19.213339632532353 -19.213339632532353 -19.213339632532353 -19.213339632532353 -19.213339632532353 -19.213339632532353 -19.213339632532353 -19.213339632532353 -19.213339632532353 -19.213339632532353 -19.213339632532353 -19.213339632532353 -19.213339632532353 -19.213339632532353 -19.213339632532353 -19.213339632532353 -19.213339632532353 -19.213339632532353 -19.213339632532353
13.115577889447234 -19.21256738315098 -19.21256738315098 -19.21256738315098 -19.21256738315098 -19.21256738315098 -19.21256738315098 -19.21256738315098 -19.21256738315098 -19.21256738315098 -19.21256738315098 -19.21256738315098 -19.21256738315098 -19.21256738315098 -19.21256738315098 -19.21256738315098 -19.21256738315098 -19.21256738315098 -19.21256738315098 -19.21256738315098 -19.21256738315098 -19.21256738315098 -19.21256738315098 -19.21256738315098 -19.21256738315098 -19.21256738315098 -19.21256738315098 -19.21256738315098 -19.21256738315098 -19.21256738315098
13.190954773869345 -19.211795133769602 -19.211795133769602 -19.211795133769602 -19.211795133769602 -19.211795133769602 -19.211795133769602 -19.211795133769602 -19.211795133769602 -19.211795133769602 -19.211795133769602 -19.211795133769602 -19.211795133769602 -19.211795133769602 -19.211795133769602 -19.211795133769602 -19.211795133769602 -19.211795133769602 -19.211795133769602 -19.211795133769602 -19.211795133769602 -19.211795133769602 -19.211795133769602 -19.211795133769602 -19.211795133769602 -19.211795133769602 -19.211795133769602 -19.211795133769602 -19.211795133769602 -19.211795133769602
13.266331658291456 -19.21102288438823 -19.21102288438823 -19.21102288438823 -19.21102288438823 -19.21102288438823 -19.21102288438823 -19.21102288438823 -19.21102288438823 -19.21102288438823 -19.21102288438823 -19.21102288438823 -19.21102288438823 -19.21102288438823 -19.21102288438823 -19.21102288438823 -19.21102288438823 -19.21102288438823 -19.21102288438823 -19.21102288438823 -19.21102288438823 -19.21102288438823 -19.21102288438823 -19.21102288438823 -19.21102288438823 -19.21102288438823 -19.21102288438823 -19.21102288438823 -19.21102288438823 -19.21102288438823
13.341708542713567 -19.210250635006854 -19.210250635006854 -19.210250635006854 -19.210250635006854 -19.210250635006854 -19.210250635006854 -19.210250635006854 -19.210250635006854 -19.210250635006854 -19.210250635006854 -19.210250635006854 -19.210250635006854 -19.210250635006854 -19.210250635006854 -19.210250635006854 -19.210250635006854 -19.210250635006854 -19.210250635006854 -19.210250635006854 -19.210250635006854 -19.210250635006854 -19.210250635006854 -19.210250635006854 -19.210250635006854 -19.210250635006854 -19.210250635006854 -19.210250635006854 -19.210250635006854 -19.210250635006854
13.417085427135678 -19.209478385625477 -19.209478385625477 -19.209478385625477 -19.209478385625477 -19.209478385625477 -19.209478385625477 -19.209478385625477 -19.209478385625477 -19.209478385625477 -19.209478385625477 -19.209478385625477 -19.209478385625477 -19.209478385625477 -19.209478385625477 -19.209478385625477 -19.209478385625477 -19.209478385625477 -19.209478385625477 -19.209478385625477 -19.209478385625477 -19.209478385625477 -19.209478385625477 -19.209478385625477 -19.209478385625477 -19.209478385625477 -19.209478385625477 -19.209478385625477 -19.209478385625477 -19.209478385625477
13.492462311557787 -19.208706136244103 -19.208706136244103 -19.208706136244103 -19.208706136244103 -19.208706136244103 -19.208706136244103 -19.208706136244103 -19.208706136244103 -19.208706136244103 -19.208706136244103 -19.208706136244103 -19.208706136244103 -19.208706136244103 -19.208706136244103 -19.208706136244103 -19.208706136244103 -19.208706136244103 -19.208706136244103 -19.208706136244103 -19.208706136244103 -19.208706136244103 -19.208706136244103 -19.208706136244103 -19.208706136244103 -19.208706136244103 -19.208706136244103 -19.208706136244103 -19.208706136244103 -19.208706136244103
13.567839195979898 -19.20793388686273 -19.20793388686273 -19.20793388686273 -19.20793388686273 -19.20793388686273 -19.20793388686273 -19.20793388686273 -19.20793388686273 -19.20793388686273 -19.20793388686273 -19.20793388686273 -19.20793388686273 -19.20793388686273 -19.20793388686273 -19.20793388686273 -19.20793388686273 -19.20793388686273 -19.20793388686273 -19.20793388686273 -19.20793388686273 -19.20793388686273 -19.20793388686273 -19.20793388686273 -19.20793388686273 -19.20793388686273 -19.20793388686273 -19.20793388686273 -19.20793388686273 -19.20793388686273
13.64321608040201 -19.207161637481352 -19.207161637481352 -19.207161637481352 -19.207161637481352 -19.207161637481352 -19.207161637481352 -19.207161637481352 -19.207161637481352 -19.207161637481352 -19.207161637481352 -19.207161637481352 -19.207161637481352 -19.207161637481352 -19.207161637481352 -19.207161637481352 -19.207161637481352 -19.207161637481352 -19.207161637481352 -19.207161637481352 -19.207161637481352 -19.207161637481352 -19.207161637481352 -19.207161637481352 -19.207161637481352 -19.207161637481352 -19.207161637481352 -19.207161637481352 -19.207161637481352 -19.207161637481352
13.718592964824118 -19.20638938809998 -19.20638938809998 -19.20638938809998 -19.20638938809998 -19.20638938809998 -19.20638938809998 -19.20638938809998 -19.20638938809998 -19.20638938809998 -19.20638938809998 -19.20638938809998 -19.20638938809998 -19.20638938809998 -19.20638938809998 -19.20638938809998 -19.20638938809998 -19.20638938809998 -19.20638938809998 -19.20638938809998 -19.20638938809998 -19.20638938809998 -19.20638938809998 -19.20638938809998 -19.20638938809998 -19.20638938809998 -19.20638938809998 -19.20638938809998 -19.20638938809998 -19.20638938809998
13.79396984924623 -19.205617138718605 -19.205617138718605 -19.205617138718605 -19.205617138718605 -19.205617138718605 -19.205617138718605 -19.205617138718605 -19.205617138718605 -19.205617138718605 -19.205617138718605 -19.205617138718605 -19.205617138718605 -19.205617138718605 -19.205617138718605 -19.205617138718605 -19.205617138718605 -19.205617138718605 -19.205617138718605 -19.205617138718605 -19.205617138718605 -19.205617138718605 -19.205617138718605 -19.205617138718605 -19.205617138718605 -19.205617138718605 -19.205617138718605 -19.205617138718605 -19.205617138718605 -19.205617138718605
13.86934673366834 -19.20484488933723 -19.20484488933723 -19.20484488933723 -19.20484488933723 -19.20484488933723 -19.20484488933723 -19.20484488933723 -19.20484488933723 -19.20484488933723 -19.20484488933723 -19.20484488933723 -19.20484488933723 -19.20484488933723 -19.20484488933723 -19.20484488933723 -19.20484488933723 -19.20484488933723 -19.20484488933723 -19.20484488933723 -19.20484488933723 -19.20484488933723 -19.20484488933723 -19.20484488933723 -19.20484488933723 -19.20484488933723 -19.20484488933723 -19.20484488933723 -19.20484488933723 -19.20484488933723
13.944723618090451 -19.204072639955854 -19.204072639955854 -19.204072639955854 -19.204072639955854 -19.204072639955854 -19.204072639955854 -19.204072639955854 -19.204072639955854 -19.204072639955854 -19.204072639955854 -19.204072639955854 -19.204072639955854 -19.204072639955854 -19.204072639955854 -19.204072639955854 -19.204072639955854 -19.204072639955854 -19.204072639955854 -19.204072639955854 -19.204072639955854 -19.204072639955854 -19.204072639955854 -19.204072639955854 -19.204072639955854 -19.204072639955854 -19.204072639955854 -19.204072639955854 -19.204072639955854 -19.204072639955854
14.020100502512562 -19.20330039057448 -19.20330039057448 -19.20330039057448 -19.20330039057448 -19.20330039057448 -19.20330039057448 -19.20330039057448 -19.20330039057448 -19.20330039057448 -19.20330039057448 -19.20330039057448 -19.20330039057448 -19.20330039057448 -19.20330039057448 -19.20330039057448 -19.20330039057448 -19.20330039057448 -19.20330039057448 -19.20330039057448 -19.20330039057448 -19.20330039057448 -19.20330039057448 -19.20330039057448 -19.20330039057448 -19.20330039057448 -19.20330039057448 -19.20330039057448 -19.20330039057448 -19.20330039057448
14.095477386934672 -19.202528141193106 -19.202528141193106 -19.202528141193106 -19.202528141193106 -19.202528141193106 -19.202528141193106 -19.202528141193106 -19.202528141193106 -19.202528141193106 -19.202528141193106 -19.202528141193106 -19.202528141193106 -19.202528141193106 -19.202528141193106 -19.202528141193106 -19.202528141193106 -19.202528141193106 -19.202528141193106 -19.202528141193106 -19.202528141193106 -19.202528141193106 -19.202528141193106 -19.202528141193106 -19.202528141193106 -19.202528141193106 -19.202528141193106 -19.202528141193106 -19.202528141193106 -19.202528141193106
14.170854271356783 -19.20175589181173 -19.20175589181173 -19.20175589181173 -19.20175589181173 -19.20175589181173 -19.20175589181173 -19.20175589181173 -19.20175589181173 -19.20175589181173 -19.20175589181173 -19.20175589181173 -19.20175589181173 -19.20175589181173 -19.20175589181173 -19.20175589181173 -19.20175589181173 -19.20175589181173 -19.20175589181173 -19.20175589181173 -19.20175589181173 -19.20175589181173 -19.20175589181173 -19.20175589181173 -19.20175589181173 -19.20175589181173 -19.20175589181173 -19.20175589181173 -19.20175589181173 -19.20175589181173
14.246231155778894 -19.200983642430355 -19.200983642430355 -19.200983642430355 -19.200983642430355 -19.200983642430355 -19.200983642430355 -19.200983642430355 -19.200983642430355 -19.200983642430355 -19.200983642430355 -19.200983642430355 -19.200983642430355 -19.200983642430355 -19.200983642430355 -19.200983642430355 -19.200983642430355 -19.200983642430355 -19.200983642430355 -19.200983642430355 -19.200983642430355 -19.200983642430355 -19.200983642430355 -19.200983642430355 -19.200983642430355 -19.200983642430355 -19.200983642430355 -19.200983642430355 -19.200983642430355 -19.200983642430355
