web/models/linear/81/-19_347_0_041.dat
# %ECSV 1.0
# ---
# datatype:
# - {name: time, datatype: float64}
# - {name: sdss_u, datatype: float64}
# - {name: sdss_g, datatype: float64}
# - {name: sdss_r, datatype: float64}
# - {name: sdss_i, datatype: float64}
# - {name: sdss_z, datatype: float64}
# - {name: Clear, datatype: float64}
# - {name: johnson_B, datatype: float64}
# - {name: johnson_V, datatype: float64}
# - {name: johnson_R, datatype: float64}
# - {name: johnson_I, datatype: float64}
# - {name: ukirt_J, datatype: float64}
# - {name: ukirt_H, datatype: float64}
# - {name: ukirt_K, datatype: float64}
# meta: !!omap
# - comment: [M=-19.346938775510203, dM=0.04138386210422373]
# schema: astropy-2.0
time sdss_u sdss_g sdss_r sdss_i sdss_z Clear johnson_B johnson_V johnson_R johnson_I ukirt_J ukirt_H ukirt_K
[from data line 176]
13.266331658291456 -18.79792673553457 -18.79792673553457 -18.79792673553457 -18.79792673553457 -18.79792673553457 -18.79792673553457 -18.79792673553457 -18.79792673553457 -18.79792673553457 -18.79792673553457 -18.79792673553457 -18.79792673553457 -18.79792673553457
13.341708542713567 -18.794807348943802 -18.794807348943802 -18.794807348943802 -18.794807348943802 -18.794807348943802 -18.794807348943802 -18.794807348943802 -18.794807348943802 -18.794807348943802 -18.794807348943802 -18.794807348943802 -18.794807348943802 -18.794807348943802
13.417085427135678 -18.79168796235303 -18.79168796235303 -18.79168796235303 -18.79168796235303 -18.79168796235303 -18.79168796235303 -18.79168796235303 -18.79168796235303 -18.79168796235303 -18.79168796235303 -18.79168796235303 -18.79168796235303 -18.79168796235303
13.492462311557787 -18.78856857576226 -18.78856857576226 -18.78856857576226 -18.78856857576226 -18.78856857576226 -18.78856857576226 -18.78856857576226 -18.78856857576226 -18.78856857576226 -18.78856857576226 -18.78856857576226 -18.78856857576226 -18.78856857576226
13.567839195979898 -18.78544918917149 -18.78544918917149 -18.78544918917149 -18.78544918917149 -18.78544918917149 -18.78544918917149 -18.78544918917149 -18.78544918917149 -18.78544918917149 -18.78544918917149 -18.78544918917149 -18.78544918917149 -18.78544918917149
13.64321608040201 -18.78232980258072 -18.78232980258072 -18.78232980258072 -18.78232980258072 -18.78232980258072 -18.78232980258072 -18.78232980258072 -18.78232980258072 -18.78232980258072 -18.78232980258072 -18.78232980258072 -18.78232980258072 -18.78232980258072
13.718592964824118 -18.779210415989947 -18.779210415989947 -18.779210415989947 -18.779210415989947 -18.779210415989947 -18.779210415989947 -18.779210415989947 -18.779210415989947 -18.779210415989947 -18.779210415989947 -18.779210415989947 -18.779210415989947 -18.779210415989947
13.79396984924623 -18.77609102939918 -18.77609102939918 -18.77609102939918 -18.77609102939918 -18.77609102939918 -18.77609102939918 -18.77609102939918 -18.77609102939918 -18.77609102939918 -18.77609102939918 -18.77609102939918 -18.77609102939918 -18.77609102939918
13.86934673366834 -18.772971642808407 -18.772971642808407 -18.772971642808407 -18.772971642808407 -18.772971642808407 -18.772971642808407 -18.772971642808407 -18.772971642808407 -18.772971642808407 -18.772971642808407 -18.772971642808407 -18.772971642808407 -18.772971642808407
13.944723618090451 -18.769852256217636 -18.769852256217636 -18.769852256217636 -18.769852256217636 -18.769852256217636 -18.769852256217636 -18.769852256217636 -18.769852256217636 -18.769852256217636 -18.769852256217636 -18.769852256217636 -18.769852256217636 -18.769852256217636
14.020100502512562 -18.766732869626864 -18.766732869626864 -18.766732869626864 -18.766732869626864 -18.766732869626864 -18.766732869626864 -18.766732869626864 -18.766732869626864 -18.766732869626864 -18.766732869626864 -18.766732869626864 -18.766732869626864 -18.766732869626864
14.095477386934672 -18.763613483036096 -18.763613483036096 -18.763613483036096 -18.763613483036096 -18.763613483036096 -18.763613483036096 -18.763613483036096 -18.763613483036096 -18.763613483036096 -18.763613483036096 -18.763613483036096 -18.763613483036096 -18.763613483036096
14.170854271356783 -18.760494096445324 -18.760494096445324 -18.760494096445324 -18.760494096445324 -18.760494096445324 -18.760494096445324 -18.760494096445324 -18.760494096445324 -18.760494096445324 -18.760494096445324 -18.760494096445324 -18.760494096445324 -18.760494096445324
14.246231155778894 -18.757374709854552 -18.757374709854552 -18.757374709854552 -18.757374709854552 -18.757374709854552 -18.757374709854552 -18.757374709854552 -18.757374709854552 -18.757374709854552 -18.757374709854552 -18.757374709854552 -18.757374709854552 -18.757374709854552
14.321608040201003 -18.754255323263784 -18.754255323263784 -18.754255323263784 -18.754255323263784 -18.754255323263784 -18.754255323263784 -18.754255323263784 -18.754255323263784 -18.754255323263784 -18.754255323263784 -18.754255323263784 -18.754255323263784 -18.754255323263784
14.396984924623114 -18.751135936673013 -18.751135936673013 -18.751135936673013 -18.751135936673013 -18.751135936673013 -18.751135936673013 -18.751135936673013 -18.751135936673013 -18.751135936673013 -18.751135936673013 -18.751135936673013 -18.751135936673013 -18.751135936673013
14.472361809045225 -18.74801655008224 -18.74801655008224 -18.74801655008224 -18.74801655008224 -18.74801655008224 -18.74801655008224 -18.74801655008224 -18.74801655008224 -18.74801655008224 -18.74801655008224 -18.74801655008224 -18.74801655008224 -18.74801655008224
14.547738693467336 -18.744897163491473 -18.744897163491473 -18.744897163491473 -18.744897163491473 -18.744897163491473 -18.744897163491473 -18.744897163491473 -18.744897163491473 -18.744897163491473 -18.744897163491473 -18.744897163491473 -18.744897163491473 -18.744897163491473
14.623115577889447 -18.7417777769007 -18.7417777769007 -18.7417777769007 -18.7417777769007 -18.7417777769007 -18.7417777769007 -18.7417777769007 -18.7417777769007 -18.7417777769007 -18.7417777769007 -18.7417777769007 -18.7417777769007 -18.7417777769007
14.698492462311556 -18.73865839030993 -18.73865839030993 -18.73865839030993 -18.73865839030993 -18.73865839030993 -18.73865839030993 -18.73865839030993 -18.73865839030993 -18.73865839030993 -18.73865839030993 -18.73865839030993 -18.73865839030993 -18.73865839030993
14.773869346733667 -18.73553900371916 -18.73553900371916 -18.73553900371916 -18.73553900371916 -18.73553900371916 -18.73553900371916 -18.73553900371916 -18.73553900371916 -18.73553900371916 -18.73553900371916 -18.73553900371916 -18.73553900371916 -18.73553900371916
14.849246231155778 -18.73241961712839 -18.73241961712839 -18.73241961712839 -18.73241961712839 -18.73241961712839 -18.73241961712839 -18.73241961712839 -18.73241961712839 -18.73241961712839 -18.73241961712839 -18.73241961712839 -18.73241961712839 -18.73241961712839
14.924623115577887 -18.729300230537618 -18.729300230537618 -18.729300230537618 -18.729300230537618 -18.729300230537618 -18.729300230537618 -18.729300230537618 -18.729300230537618 -18.729300230537618 -18.729300230537618 -18.729300230537618 -18.729300230537618 -18.729300230537618
15.0 -18.726180843946846 -18.726180843946846 -18.726180843946846 -18.726180843946846 -18.726180843946846 -18.726180843946846 -18.726180843946846 -18.726180843946846 -18.726180843946846 -18.726180843946846 -18.726180843946846 -18.726180843946846 -18.726180843946846
