web/models/linear/81/-19_347_0_016.dat
# %ECSV 1.0
# ---
# datatype:
# - {name: time, datatype: float64}
# - {name: sdss_u, datatype: float64}
# - {name: sdss_g, datatype: float64}
# - {name: sdss_r, datatype: float64}
# - {name: sdss_i, datatype: float64}
# - {name: sdss_z, datatype: float64}
# - {name: Clear, datatype: float64}
# - {name: johnson_B, datatype: float64}
# - {name: johnson_V, datatype: float64}
# - {name: johnson_R, datatype: float64}
# - {name: johnson_I, datatype: float64}
# - {name: ukirt_J, datatype: float64}
# - {name: ukirt_H, datatype: float64}
# - {name: ukirt_K, datatype: float64}
# meta: !!omap
# - comment: [M=-19.346938775510203, dM=0.01631635942893885]
# schema: astropy-2.0
time sdss_u sdss_g sdss_r sdss_i sdss_z Clear johnson_B johnson_V johnson_R johnson_I ukirt_J ukirt_H ukirt_K
0.0 -19.346938775510203 -19.346938775510203 -19.346938775510203 -19.346938775510203 -19.346938775510203 -19.346938775510203 -19.346938775510203 -19.346938775510203 -19.346938775510203 -19.346938775510203 -19.346938775510203 -19.346938775510203 -19.346938775510203
0.07537688442211055 -19.34570889917134 -19.34570889917134 -19.34570889917134 -19.34570889917134 -19.34570889917134 -19.34570889917134 -19.34570889917134 -19.34570889917134 -19.34570889917134 -19.34570889917134 -19.34570889917134 -19.34570889917134 -19.34570889917134
0.1507537688442211 -19.344479022832473 -19.344479022832473 -19.344479022832473 -19.344479022832473 -19.344479022832473 -19.344479022832473 -19.344479022832473 -19.344479022832473 -19.344479022832473 -19.344479022832473 -19.344479022832473 -19.344479022832473 -19.344479022832473
0.22613065326633164 -19.34324914649361 -19.34324914649361 -19.34324914649361 -19.34324914649361 -19.34324914649361 -19.34324914649361 -19.34324914649361 -19.34324914649361 -19.34324914649361 -19.34324914649361 -19.34324914649361 -19.34324914649361 -19.34324914649361
0.3015075376884422 -19.342019270154744 -19.342019270154744 -19.342019270154744 -19.342019270154744 -19.342019270154744 -19.342019270154744 -19.342019270154744 -19.342019270154744 -19.342019270154744 -19.342019270154744 -19.342019270154744 -19.342019270154744 -19.342019270154744
0.37688442211055273 -19.34078939381588 -19.34078939381588 -19.34078939381588 -19.34078939381588 -19.34078939381588 -19.34078939381588 -19.34078939381588 -19.34078939381588 -19.34078939381588 -19.34078939381588 -19.34078939381588 -19.34078939381588 -19.34078939381588
0.4522613065326633 -19.339559517477014 -19.339559517477014 -19.339559517477014 -19.339559517477014 -19.339559517477014 -19.339559517477014 -19.339559517477014 -19.339559517477014 -19.339559517477014 -19.339559517477014 -19.339559517477014 -19.339559517477014 -19.339559517477014
0.5276381909547738 -19.33832964113815 -19.33832964113815 -19.33832964113815 -19.33832964113815 -19.33832964113815 -19.33832964113815 -19.33832964113815 -19.33832964113815 -19.33832964113815 -19.33832964113815 -19.33832964113815 -19.33832964113815 -19.33832964113815
0.6030150753768844 -19.337099764799284 -19.337099764799284 -19.337099764799284 -19.337099764799284 -19.337099764799284 -19.337099764799284 -19.337099764799284 -19.337099764799284 -19.337099764799284 -19.337099764799284 -19.337099764799284 -19.337099764799284 -19.337099764799284
0.6783919597989949 -19.335869888460422 -19.335869888460422 -19.335869888460422 -19.335869888460422 -19.335869888460422 -19.335869888460422 -19.335869888460422 -19.335869888460422 -19.335869888460422 -19.335869888460422 -19.335869888460422 -19.335869888460422 -19.335869888460422
0.7537688442211055 -19.334640012121557 -19.334640012121557 -19.334640012121557 -19.334640012121557 -19.334640012121557 -19.334640012121557 -19.334640012121557 -19.334640012121557 -19.334640012121557 -19.334640012121557 -19.334640012121557 -19.334640012121557 -19.334640012121557
0.829145728643216 -19.333410135782692 -19.333410135782692 -19.333410135782692 -19.333410135782692 -19.333410135782692 -19.333410135782692 -19.333410135782692 -19.333410135782692 -19.333410135782692 -19.333410135782692 -19.333410135782692 -19.333410135782692 -19.333410135782692
0.9045226130653266 -19.332180259443827 -19.332180259443827 -19.332180259443827 -19.332180259443827 -19.332180259443827 -19.332180259443827 -19.332180259443827 -19.332180259443827 -19.332180259443827 -19.332180259443827 -19.332180259443827 -19.332180259443827 -19.332180259443827
0.9798994974874371 -19.330950383104962 -19.330950383104962 -19.330950383104962 -19.330950383104962 -19.330950383104962 -19.330950383104962 -19.330950383104962 -19.330950383104962 -19.330950383104962 -19.330950383104962 -19.330950383104962 -19.330950383104962 -19.330950383104962
1.0552763819095476 -19.329720506766098 -19.329720506766098 -19.329720506766098 -19.329720506766098 -19.329720506766098 -19.329720506766098 -19.329720506766098 -19.329720506766098 -19.329720506766098 -19.329720506766098 -19.329720506766098 -19.329720506766098 -19.329720506766098
1.1306532663316582 -19.328490630427233 -19.328490630427233 -19.328490630427233 -19.328490630427233 -19.328490630427233 -19.328490630427233 -19.328490630427233 -19.328490630427233 -19.328490630427233 -19.328490630427233 -19.328490630427233 -19.328490630427233 -19.328490630427233
1.2060301507537687 -19.327260754088368 -19.327260754088368 -19.327260754088368 -19.327260754088368 -19.327260754088368 -19.327260754088368 -19.327260754088368 -19.327260754088368 -19.327260754088368 -19.327260754088368 -19.327260754088368 -19.327260754088368 -19.327260754088368
1.2814070351758793 -19.326030877749503 -19.326030877749503 -19.326030877749503 -19.326030877749503 -19.326030877749503 -19.326030877749503 -19.326030877749503 -19.326030877749503 -19.326030877749503 -19.326030877749503 -19.326030877749503 -19.326030877749503 -19.326030877749503
1.3567839195979898 -19.324801001410638 -19.324801001410638 -19.324801001410638 -19.324801001410638 -19.324801001410638 -19.324801001410638 -19.324801001410638 -19.324801001410638 -19.324801001410638 -19.324801001410638 -19.324801001410638 -19.324801001410638 -19.324801001410638
1.4321608040201004 -19.323571125071773 -19.323571125071773 -19.323571125071773 -19.323571125071773 -19.323571125071773 -19.323571125071773 -19.323571125071773 -19.323571125071773 -19.323571125071773 -19.323571125071773 -19.323571125071773 -19.323571125071773 -19.323571125071773
1.507537688442211 -19.322341248732908 -19.322341248732908 -19.322341248732908 -19.322341248732908 -19.322341248732908 -19.322341248732908 -19.322341248732908 -19.322341248732908 -19.322341248732908 -19.322341248732908 -19.322341248732908 -19.322341248732908 -19.322341248732908
1.5829145728643215 -19.321111372394043 -19.321111372394043 -19.321111372394043 -19.321111372394043 -19.321111372394043 -19.321111372394043 -19.321111372394043 -19.321111372394043 -19.321111372394043 -19.321111372394043 -19.321111372394043 -19.321111372394043 -19.321111372394043
1.658291457286432 -19.319881496055178 -19.319881496055178 -19.319881496055178 -19.319881496055178 -19.319881496055178 -19.319881496055178 -19.319881496055178 -19.319881496055178 -19.319881496055178 -19.319881496055178 -19.319881496055178 -19.319881496055178 -19.319881496055178
1.7336683417085426 -19.318651619716313 -19.318651619716313 -19.318651619716313 -19.318651619716313 -19.318651619716313 -19.318651619716313 -19.318651619716313 -19.318651619716313 -19.318651619716313 -19.318651619716313 -19.318651619716313 -19.318651619716313 -19.318651619716313
1.809045226130653 -19.317421743377448 -19.317421743377448 -19.317421743377448 -19.317421743377448 -19.317421743377448 -19.317421743377448 -19.317421743377448 -19.317421743377448 -19.317421743377448 -19.317421743377448 -19.317421743377448 -19.317421743377448 -19.317421743377448
1.8844221105527637 -19.316191867038587 -19.316191867038587 -19.316191867038587 -19.316191867038587 -19.316191867038587 -19.316191867038587 -19.316191867038587 -19.316191867038587 -19.316191867038587 -19.316191867038587 -19.316191867038587 -19.316191867038587 -19.316191867038587
1.9597989949748742 -19.31496199069972 -19.31496199069972 -19.31496199069972 -19.31496199069972 -19.31496199069972 -19.31496199069972 -19.31496199069972 -19.31496199069972 -19.31496199069972 -19.31496199069972 -19.31496199069972 -19.31496199069972 -19.31496199069972
2.0351758793969847 -19.313732114360857 -19.313732114360857 -19.313732114360857 -19.313732114360857 -19.313732114360857 -19.313732114360857 -19.313732114360857 -19.313732114360857 -19.313732114360857 -19.313732114360857 -19.313732114360857 -19.313732114360857 -19.313732114360857
2.1105527638190953 -19.31250223802199 -19.31250223802199 -19.31250223802199 -19.31250223802199 -19.31250223802199 -19.31250223802199 -19.31250223802199 -19.31250223802199 -19.31250223802199 -19.31250223802199 -19.31250223802199 -19.31250223802199 -19.31250223802199
2.185929648241206 -19.311272361683127 -19.311272361683127 -19.311272361683127 -19.311272361683127 -19.311272361683127 -19.311272361683127 -19.311272361683127 -19.311272361683127 -19.311272361683127 -19.311272361683127 -19.311272361683127 -19.311272361683127 -19.311272361683127
2.2613065326633164 -19.310042485344262 -19.310042485344262 -19.310042485344262 -19.310042485344262 -19.310042485344262 -19.310042485344262 -19.310042485344262 -19.310042485344262 -19.310042485344262 -19.310042485344262 -19.310042485344262 -19.310042485344262 -19.310042485344262
2.336683417085427 -19.308812609005397 -19.308812609005397 -19.308812609005397 -19.308812609005397 -19.308812609005397 -19.308812609005397 -19.308812609005397 -19.308812609005397 -19.308812609005397 -19.308812609005397 -19.308812609005397 -19.308812609005397 -19.308812609005397
2.4120603015075375 -19.307582732666532 -19.307582732666532 -19.307582732666532 -19.307582732666532 -19.307582732666532 -19.307582732666532 -19.307582732666532 -19.307582732666532 -19.307582732666532 -19.307582732666532 -19.307582732666532 -19.307582732666532 -19.307582732666532
2.487437185929648 -19.306352856327667 -19.306352856327667 -19.306352856327667 -19.306352856327667 -19.306352856327667 -19.306352856327667 -19.306352856327667 -19.306352856327667 -19.306352856327667 -19.306352856327667 -19.306352856327667 -19.306352856327667 -19.306352856327667
2.5628140703517586 -19.305122979988802 -19.305122979988802 -19.305122979988802 -19.305122979988802 -19.305122979988802 -19.305122979988802 -19.305122979988802 -19.305122979988802 -19.305122979988802 -19.305122979988802 -19.305122979988802 -19.305122979988802 -19.305122979988802
2.638190954773869 -19.303893103649937 -19.303893103649937 -19.303893103649937 -19.303893103649937 -19.303893103649937 -19.303893103649937 -19.303893103649937 -19.303893103649937 -19.303893103649937 -19.303893103649937 -19.303893103649937 -19.303893103649937 -19.303893103649937
2.7135678391959797 -19.302663227311072 -19.302663227311072 -19.302663227311072 -19.302663227311072 -19.302663227311072 -19.302663227311072 -19.302663227311072 -19.302663227311072 -19.302663227311072 -19.302663227311072 -19.302663227311072 -19.302663227311072 -19.302663227311072
2.78894472361809 -19.301433350972207 -19.301433350972207 -19.301433350972207 -19.301433350972207 -19.301433350972207 -19.301433350972207 -19.301433350972207 -19.301433350972207 -19.301433350972207 -19.301433350972207 -19.301433350972207 -19.301433350972207 -19.301433350972207
2.8643216080402008 -19.300203474633342 -19.300203474633342 -19.300203474633342 -19.300203474633342 -19.300203474633342 -19.300203474633342 -19.300203474633342 -19.300203474633342 -19.300203474633342 -19.300203474633342 -19.300203474633342 -19.300203474633342 -19.300203474633342
2.9396984924623113 -19.298973598294477 -19.298973598294477 -19.298973598294477 -19.298973598294477 -19.298973598294477 -19.298973598294477 -19.298973598294477 -19.298973598294477 -19.298973598294477 -19.298973598294477 -19.298973598294477 -19.298973598294477 -19.298973598294477
3.015075376884422 -19.297743721955612 -19.297743721955612 -19.297743721955612 -19.297743721955612 -19.297743721955612 -19.297743721955612 -19.297743721955612 -19.297743721955612 -19.297743721955612 -19.297743721955612 -19.297743721955612 -19.297743721955612 -19.297743721955612
3.0904522613065324 -19.29651384561675 -19.29651384561675 -19.29651384561675 -19.29651384561675 -19.29651384561675 -19.29651384561675 -19.29651384561675 -19.29651384561675 -19.29651384561675 -19.29651384561675 -19.29651384561675 -19.29651384561675 -19.29651384561675
3.165829145728643 -19.295283969277886 -19.295283969277886 -19.295283969277886 -19.295283969277886 -19.295283969277886 -19.295283969277886 -19.295283969277886 -19.295283969277886 -19.295283969277886 -19.295283969277886 -19.295283969277886 -19.295283969277886 -19.295283969277886
3.2412060301507535 -19.29405409293902 -19.29405409293902 -19.29405409293902 -19.29405409293902 -19.29405409293902 -19.29405409293902 -19.29405409293902 -19.29405409293902 -19.29405409293902 -19.29405409293902 -19.29405409293902 -19.29405409293902 -19.29405409293902
3.316582914572864 -19.292824216600156 -19.292824216600156 -19.292824216600156 -19.292824216600156 -19.292824216600156 -19.292824216600156 -19.292824216600156 -19.292824216600156 -19.292824216600156 -19.292824216600156 -19.292824216600156 -19.292824216600156 -19.292824216600156
3.3919597989949746 -19.29159434026129 -19.29159434026129 -19.29159434026129 -19.29159434026129 -19.29159434026129 -19.29159434026129 -19.29159434026129 -19.29159434026129 -19.29159434026129 -19.29159434026129 -19.29159434026129 -19.29159434026129 -19.29159434026129
3.467336683417085 -19.290364463922426 -19.290364463922426 -19.290364463922426 -19.290364463922426 -19.290364463922426 -19.290364463922426 -19.290364463922426 -19.290364463922426 -19.290364463922426 -19.290364463922426 -19.290364463922426 -19.290364463922426 -19.290364463922426
3.5427135678391957 -19.28913458758356 -19.28913458758356 -19.28913458758356 -19.28913458758356 -19.28913458758356 -19.28913458758356 -19.28913458758356 -19.28913458758356 -19.28913458758356 -19.28913458758356 -19.28913458758356 -19.28913458758356 -19.28913458758356
3.618090452261306 -19.287904711244696 -19.287904711244696 -19.287904711244696 -19.287904711244696 -19.287904711244696 -19.287904711244696 -19.287904711244696 -19.287904711244696 -19.287904711244696 -19.287904711244696 -19.287904711244696 -19.287904711244696 -19.287904711244696
3.6934673366834168 -19.28667483490583 -19.28667483490583 -19.28667483490583 -19.28667483490583 -19.28667483490583 -19.28667483490583 -19.28667483490583 -19.28667483490583 -19.28667483490583 -19.28667483490583 -19.28667483490583 -19.28667483490583 -19.28667483490583
3.7688442211055273 -19.285444958566966 -19.285444958566966 -19.285444958566966 -19.285444958566966 -19.285444958566966 -19.285444958566966 -19.285444958566966 -19.285444958566966 -19.285444958566966 -19.285444958566966 -19.285444958566966 -19.285444958566966 -19.285444958566966
3.844221105527638 -19.2842150822281 -19.2842150822281 -19.2842150822281 -19.2842150822281 -19.2842150822281 -19.2842150822281 -19.2842150822281 -19.2842150822281 -19.2842150822281 -19.2842150822281 -19.2842150822281 -19.2842150822281 -19.2842150822281
3.9195979899497484 -19.282985205889236 -19.282985205889236 -19.282985205889236 -19.282985205889236 -19.282985205889236 -19.282985205889236 -19.282985205889236 -19.282985205889236 -19.282985205889236 -19.282985205889236 -19.282985205889236 -19.282985205889236 -19.282985205889236
3.994974874371859 -19.28175532955037 -19.28175532955037 -19.28175532955037 -19.28175532955037 -19.28175532955037 -19.28175532955037 -19.28175532955037 -19.28175532955037 -19.28175532955037 -19.28175532955037 -19.28175532955037 -19.28175532955037 -19.28175532955037
4.0703517587939695 -19.280525453211506 -19.280525453211506 -19.280525453211506 -19.280525453211506 -19.280525453211506 -19.280525453211506 -19.280525453211506 -19.280525453211506 -19.280525453211506 -19.280525453211506 -19.280525453211506 -19.280525453211506 -19.280525453211506
4.14572864321608 -19.27929557687264 -19.27929557687264 -19.27929557687264 -19.27929557687264 -19.27929557687264 -19.27929557687264 -19.27929557687264 -19.27929557687264 -19.27929557687264 -19.27929557687264 -19.27929557687264 -19.27929557687264 -19.27929557687264
4.221105527638191 -19.278065700533777 -19.278065700533777 -19.278065700533777 -19.278065700533777 -19.278065700533777 -19.278065700533777 -19.278065700533777 -19.278065700533777 -19.278065700533777 -19.278065700533777 -19.278065700533777 -19.278065700533777 -19.278065700533777
4.296482412060302 -19.27683582419491 -19.27683582419491 -19.27683582419491 -19.27683582419491 -19.27683582419491 -19.27683582419491 -19.27683582419491 -19.27683582419491 -19.27683582419491 -19.27683582419491 -19.27683582419491 -19.27683582419491 -19.27683582419491
