web/models/linear/37/-15_306_0_016.dat
# %ECSV 1.0
# ---
# datatype:
# - {name: time, datatype: float64}
# - {name: sdss_u, datatype: float64}
# - {name: sdss_g, datatype: float64}
# - {name: sdss_r, datatype: float64}
# - {name: sdss_i, datatype: float64}
# - {name: sdss_z, datatype: float64}
# - {name: Clear, datatype: float64}
# - {name: johnson_B, datatype: float64}
# - {name: johnson_V, datatype: float64}
# - {name: johnson_R, datatype: float64}
# - {name: johnson_I, datatype: float64}
# - {name: ukirt_J, datatype: float64}
# - {name: ukirt_H, datatype: float64}
# - {name: ukirt_K, datatype: float64}
# meta: !!omap
# - comment: [M=-15.306122448979592, dM=0.01631635942893885]
# schema: astropy-2.0
time sdss_u sdss_g sdss_r sdss_i sdss_z Clear johnson_B johnson_V johnson_R johnson_I ukirt_J ukirt_H ukirt_K
0.0 -15.306122448979592 -15.306122448979592 -15.306122448979592 -15.306122448979592 -15.306122448979592 -15.306122448979592 -15.306122448979592 -15.306122448979592 -15.306122448979592 -15.306122448979592 -15.306122448979592 -15.306122448979592 -15.306122448979592
0.07537688442211055 -15.304892572640727 -15.304892572640727 -15.304892572640727 -15.304892572640727 -15.304892572640727 -15.304892572640727 -15.304892572640727 -15.304892572640727 -15.304892572640727 -15.304892572640727 -15.304892572640727 -15.304892572640727 -15.304892572640727
0.1507537688442211 -15.303662696301862 -15.303662696301862 -15.303662696301862 -15.303662696301862 -15.303662696301862 -15.303662696301862 -15.303662696301862 -15.303662696301862 -15.303662696301862 -15.303662696301862 -15.303662696301862 -15.303662696301862 -15.303662696301862
0.22613065326633164 -15.302432819962997 -15.302432819962997 -15.302432819962997 -15.302432819962997 -15.302432819962997 -15.302432819962997 -15.302432819962997 -15.302432819962997 -15.302432819962997 -15.302432819962997 -15.302432819962997 -15.302432819962997 -15.302432819962997
0.3015075376884422 -15.301202943624132 -15.301202943624132 -15.301202943624132 -15.301202943624132 -15.301202943624132 -15.301202943624132 -15.301202943624132 -15.301202943624132 -15.301202943624132 -15.301202943624132 -15.301202943624132 -15.301202943624132 -15.301202943624132
0.37688442211055273 -15.299973067285269 -15.299973067285269 -15.299973067285269 -15.299973067285269 -15.299973067285269 -15.299973067285269 -15.299973067285269 -15.299973067285269 -15.299973067285269 -15.299973067285269 -15.299973067285269 -15.299973067285269 -15.299973067285269
0.4522613065326633 -15.298743190946404 -15.298743190946404 -15.298743190946404 -15.298743190946404 -15.298743190946404 -15.298743190946404 -15.298743190946404 -15.298743190946404 -15.298743190946404 -15.298743190946404 -15.298743190946404 -15.298743190946404 -15.298743190946404
0.5276381909547738 -15.297513314607539 -15.297513314607539 -15.297513314607539 -15.297513314607539 -15.297513314607539 -15.297513314607539 -15.297513314607539 -15.297513314607539 -15.297513314607539 -15.297513314607539 -15.297513314607539 -15.297513314607539 -15.297513314607539
0.6030150753768844 -15.296283438268674 -15.296283438268674 -15.296283438268674 -15.296283438268674 -15.296283438268674 -15.296283438268674 -15.296283438268674 -15.296283438268674 -15.296283438268674 -15.296283438268674 -15.296283438268674 -15.296283438268674 -15.296283438268674
0.6783919597989949 -15.295053561929809 -15.295053561929809 -15.295053561929809 -15.295053561929809 -15.295053561929809 -15.295053561929809 -15.295053561929809 -15.295053561929809 -15.295053561929809 -15.295053561929809 -15.295053561929809 -15.295053561929809 -15.295053561929809
0.7537688442211055 -15.293823685590944 -15.293823685590944 -15.293823685590944 -15.293823685590944 -15.293823685590944 -15.293823685590944 -15.293823685590944 -15.293823685590944 -15.293823685590944 -15.293823685590944 -15.293823685590944 -15.293823685590944 -15.293823685590944
0.829145728643216 -15.292593809252079 -15.292593809252079 -15.292593809252079 -15.292593809252079 -15.292593809252079 -15.292593809252079 -15.292593809252079 -15.292593809252079 -15.292593809252079 -15.292593809252079 -15.292593809252079 -15.292593809252079 -15.292593809252079
0.9045226130653266 -15.291363932913214 -15.291363932913214 -15.291363932913214 -15.291363932913214 -15.291363932913214 -15.291363932913214 -15.291363932913214 -15.291363932913214 -15.291363932913214 -15.291363932913214 -15.291363932913214 -15.291363932913214 -15.291363932913214
0.9798994974874371 -15.29013405657435 -15.29013405657435 -15.29013405657435 -15.29013405657435 -15.29013405657435 -15.29013405657435 -15.29013405657435 -15.29013405657435 -15.29013405657435 -15.29013405657435 -15.29013405657435 -15.29013405657435 -15.29013405657435
1.0552763819095476 -15.288904180235486 -15.288904180235486 -15.288904180235486 -15.288904180235486 -15.288904180235486 -15.288904180235486 -15.288904180235486 -15.288904180235486 -15.288904180235486 -15.288904180235486 -15.288904180235486 -15.288904180235486 -15.288904180235486
1.1306532663316582 -15.28767430389662 -15.28767430389662 -15.28767430389662 -15.28767430389662 -15.28767430389662 -15.28767430389662 -15.28767430389662 -15.28767430389662 -15.28767430389662 -15.28767430389662 -15.28767430389662 -15.28767430389662 -15.28767430389662
1.2060301507537687 -15.286444427557756 -15.286444427557756 -15.286444427557756 -15.286444427557756 -15.286444427557756 -15.286444427557756 -15.286444427557756 -15.286444427557756 -15.286444427557756 -15.286444427557756 -15.286444427557756 -15.286444427557756 -15.286444427557756
1.2814070351758793 -15.28521455121889 -15.28521455121889 -15.28521455121889 -15.28521455121889 -15.28521455121889 -15.28521455121889 -15.28521455121889 -15.28521455121889 -15.28521455121889 -15.28521455121889 -15.28521455121889 -15.28521455121889 -15.28521455121889
1.3567839195979898 -15.283984674880026 -15.283984674880026 -15.283984674880026 -15.283984674880026 -15.283984674880026 -15.283984674880026 -15.283984674880026 -15.283984674880026 -15.283984674880026 -15.283984674880026 -15.283984674880026 -15.283984674880026 -15.283984674880026
1.4321608040201004 -15.282754798541161 -15.282754798541161 -15.282754798541161 -15.282754798541161 -15.282754798541161 -15.282754798541161 -15.282754798541161 -15.282754798541161 -15.282754798541161 -15.282754798541161 -15.282754798541161 -15.282754798541161 -15.282754798541161
1.507537688442211 -15.281524922202296 -15.281524922202296 -15.281524922202296 -15.281524922202296 -15.281524922202296 -15.281524922202296 -15.281524922202296 -15.281524922202296 -15.281524922202296 -15.281524922202296 -15.281524922202296 -15.281524922202296 -15.281524922202296
1.5829145728643215 -15.280295045863433 -15.280295045863433 -15.280295045863433 -15.280295045863433 -15.280295045863433 -15.280295045863433 -15.280295045863433 -15.280295045863433 -15.280295045863433 -15.280295045863433 -15.280295045863433 -15.280295045863433 -15.280295045863433
1.658291457286432 -15.279065169524568 -15.279065169524568 -15.279065169524568 -15.279065169524568 -15.279065169524568 -15.279065169524568 -15.279065169524568 -15.279065169524568 -15.279065169524568 -15.279065169524568 -15.279065169524568 -15.279065169524568 -15.279065169524568
1.7336683417085426 -15.277835293185703 -15.277835293185703 -15.277835293185703 -15.277835293185703 -15.277835293185703 -15.277835293185703 -15.277835293185703 -15.277835293185703 -15.277835293185703 -15.277835293185703 -15.277835293185703 -15.277835293185703 -15.277835293185703
1.809045226130653 -15.276605416846838 -15.276605416846838 -15.276605416846838 -15.276605416846838 -15.276605416846838 -15.276605416846838 -15.276605416846838 -15.276605416846838 -15.276605416846838 -15.276605416846838 -15.276605416846838 -15.276605416846838 -15.276605416846838
1.8844221105527637 -15.275375540507973 -15.275375540507973 -15.275375540507973 -15.275375540507973 -15.275375540507973 -15.275375540507973 -15.275375540507973 -15.275375540507973 -15.275375540507973 -15.275375540507973 -15.275375540507973 -15.275375540507973 -15.275375540507973
1.9597989949748742 -15.274145664169108 -15.274145664169108 -15.274145664169108 -15.274145664169108 -15.274145664169108 -15.274145664169108 -15.274145664169108 -15.274145664169108 -15.274145664169108 -15.274145664169108 -15.274145664169108 -15.274145664169108 -15.274145664169108
2.0351758793969847 -15.272915787830243 -15.272915787830243 -15.272915787830243 -15.272915787830243 -15.272915787830243 -15.272915787830243 -15.272915787830243 -15.272915787830243 -15.272915787830243 -15.272915787830243 -15.272915787830243 -15.272915787830243 -15.272915787830243
2.1105527638190953 -15.271685911491378 -15.271685911491378 -15.271685911491378 -15.271685911491378 -15.271685911491378 -15.271685911491378 -15.271685911491378 -15.271685911491378 -15.271685911491378 -15.271685911491378 -15.271685911491378 -15.271685911491378 -15.271685911491378
2.185929648241206 -15.270456035152515 -15.270456035152515 -15.270456035152515 -15.270456035152515 -15.270456035152515 -15.270456035152515 -15.270456035152515 -15.270456035152515 -15.270456035152515 -15.270456035152515 -15.270456035152515 -15.270456035152515 -15.270456035152515
2.2613065326633164 -15.26922615881365 -15.26922615881365 -15.26922615881365 -15.26922615881365 -15.26922615881365 -15.26922615881365 -15.26922615881365 -15.26922615881365 -15.26922615881365 -15.26922615881365 -15.26922615881365 -15.26922615881365 -15.26922615881365
2.336683417085427 -15.267996282474785 -15.267996282474785 -15.267996282474785 -15.267996282474785 -15.267996282474785 -15.267996282474785 -15.267996282474785 -15.267996282474785 -15.267996282474785 -15.267996282474785 -15.267996282474785 -15.267996282474785 -15.267996282474785
2.4120603015075375 -15.26676640613592 -15.26676640613592 -15.26676640613592 -15.26676640613592 -15.26676640613592 -15.26676640613592 -15.26676640613592 -15.26676640613592 -15.26676640613592 -15.26676640613592 -15.26676640613592 -15.26676640613592 -15.26676640613592
2.487437185929648 -15.265536529797055 -15.265536529797055 -15.265536529797055 -15.265536529797055 -15.265536529797055 -15.265536529797055 -15.265536529797055 -15.265536529797055 -15.265536529797055 -15.265536529797055 -15.265536529797055 -15.265536529797055 -15.265536529797055
2.5628140703517586 -15.26430665345819 -15.26430665345819 -15.26430665345819 -15.26430665345819 -15.26430665345819 -15.26430665345819 -15.26430665345819 -15.26430665345819 -15.26430665345819 -15.26430665345819 -15.26430665345819 -15.26430665345819 -15.26430665345819
2.638190954773869 -15.263076777119325 -15.263076777119325 -15.263076777119325 -15.263076777119325 -15.263076777119325 -15.263076777119325 -15.263076777119325 -15.263076777119325 -15.263076777119325 -15.263076777119325 -15.263076777119325 -15.263076777119325 -15.263076777119325
2.7135678391959797 -15.26184690078046 -15.26184690078046 -15.26184690078046 -15.26184690078046 -15.26184690078046 -15.26184690078046 -15.26184690078046 -15.26184690078046 -15.26184690078046 -15.26184690078046 -15.26184690078046 -15.26184690078046 -15.26184690078046
2.78894472361809 -15.260617024441597 -15.260617024441597 -15.260617024441597 -15.260617024441597 -15.260617024441597 -15.260617024441597 -15.260617024441597 -15.260617024441597 -15.260617024441597 -15.260617024441597 -15.260617024441597 -15.260617024441597 -15.260617024441597
2.8643216080402008 -15.259387148102732 -15.259387148102732 -15.259387148102732 -15.259387148102732 -15.259387148102732 -15.259387148102732 -15.259387148102732 -15.259387148102732 -15.259387148102732 -15.259387148102732 -15.259387148102732 -15.259387148102732 -15.259387148102732
2.9396984924623113 -15.258157271763867 -15.258157271763867 -15.258157271763867 -15.258157271763867 -15.258157271763867 -15.258157271763867 -15.258157271763867 -15.258157271763867 -15.258157271763867 -15.258157271763867 -15.258157271763867 -15.258157271763867 -15.258157271763867
3.015075376884422 -15.256927395425002 -15.256927395425002 -15.256927395425002 -15.256927395425002 -15.256927395425002 -15.256927395425002 -15.256927395425002 -15.256927395425002 -15.256927395425002 -15.256927395425002 -15.256927395425002 -15.256927395425002 -15.256927395425002
3.0904522613065324 -15.255697519086137 -15.255697519086137 -15.255697519086137 -15.255697519086137 -15.255697519086137 -15.255697519086137 -15.255697519086137 -15.255697519086137 -15.255697519086137 -15.255697519086137 -15.255697519086137 -15.255697519086137 -15.255697519086137
3.165829145728643 -15.254467642747272 -15.254467642747272 -15.254467642747272 -15.254467642747272 -15.254467642747272 -15.254467642747272 -15.254467642747272 -15.254467642747272 -15.254467642747272 -15.254467642747272 -15.254467642747272 -15.254467642747272 -15.254467642747272
3.2412060301507535 -15.253237766408407 -15.253237766408407 -15.253237766408407 -15.253237766408407 -15.253237766408407 -15.253237766408407 -15.253237766408407 -15.253237766408407 -15.253237766408407 -15.253237766408407 -15.253237766408407 -15.253237766408407 -15.253237766408407
3.316582914572864 -15.252007890069542 -15.252007890069542 -15.252007890069542 -15.252007890069542 -15.252007890069542 -15.252007890069542 -15.252007890069542 -15.252007890069542 -15.252007890069542 -15.252007890069542 -15.252007890069542 -15.252007890069542 -15.252007890069542
3.3919597989949746 -15.25077801373068 -15.25077801373068 -15.25077801373068 -15.25077801373068 -15.25077801373068 -15.25077801373068 -15.25077801373068 -15.25077801373068 -15.25077801373068 -15.25077801373068 -15.25077801373068 -15.25077801373068 -15.25077801373068
3.467336683417085 -15.249548137391814 -15.249548137391814 -15.249548137391814 -15.249548137391814 -15.249548137391814 -15.249548137391814 -15.249548137391814 -15.249548137391814 -15.249548137391814 -15.249548137391814 -15.249548137391814 -15.249548137391814 -15.249548137391814
3.5427135678391957 -15.24831826105295 -15.24831826105295 -15.24831826105295 -15.24831826105295 -15.24831826105295 -15.24831826105295 -15.24831826105295 -15.24831826105295 -15.24831826105295 -15.24831826105295 -15.24831826105295 -15.24831826105295 -15.24831826105295
3.618090452261306 -15.247088384714084 -15.247088384714084 -15.247088384714084 -15.247088384714084 -15.247088384714084 -15.247088384714084 -15.247088384714084 -15.247088384714084 -15.247088384714084 -15.247088384714084 -15.247088384714084 -15.247088384714084 -15.247088384714084
3.6934673366834168 -15.24585850837522 -15.24585850837522 -15.24585850837522 -15.24585850837522 -15.24585850837522 -15.24585850837522 -15.24585850837522 -15.24585850837522 -15.24585850837522 -15.24585850837522 -15.24585850837522 -15.24585850837522 -15.24585850837522
3.7688442211055273 -15.244628632036354 -15.244628632036354 -15.244628632036354 -15.244628632036354 -15.244628632036354 -15.244628632036354 -15.244628632036354 -15.244628632036354 -15.244628632036354 -15.244628632036354 -15.244628632036354 -15.244628632036354 -15.244628632036354
3.844221105527638 -15.24339875569749 -15.24339875569749 -15.24339875569749 -15.24339875569749 -15.24339875569749 -15.24339875569749 -15.24339875569749 -15.24339875569749 -15.24339875569749 -15.24339875569749 -15.24339875569749 -15.24339875569749 -15.24339875569749
3.9195979899497484 -15.242168879358625 -15.242168879358625 -15.242168879358625 -15.242168879358625 -15.242168879358625 -15.242168879358625 -15.242168879358625 -15.242168879358625 -15.242168879358625 -15.242168879358625 -15.242168879358625 -15.242168879358625 -15.242168879358625
3.994974874371859 -15.24093900301976 -15.24093900301976 -15.24093900301976 -15.24093900301976 -15.24093900301976 -15.24093900301976 -15.24093900301976 -15.24093900301976 -15.24093900301976 -15.24093900301976 -15.24093900301976 -15.24093900301976 -15.24093900301976
4.0703517587939695 -15.239709126680896 -15.239709126680896 -15.239709126680896 -15.239709126680896 -15.239709126680896 -15.239709126680896 -15.239709126680896 -15.239709126680896 -15.239709126680896 -15.239709126680896 -15.239709126680896 -15.239709126680896 -15.239709126680896
4.14572864321608 -15.238479250342031 -15.238479250342031 -15.238479250342031 -15.238479250342031 -15.238479250342031 -15.238479250342031 -15.238479250342031 -15.238479250342031 -15.238479250342031 -15.238479250342031 -15.238479250342031 -15.238479250342031 -15.238479250342031
4.221105527638191 -15.237249374003166 -15.237249374003166 -15.237249374003166 -15.237249374003166 -15.237249374003166 -15.237249374003166 -15.237249374003166 -15.237249374003166 -15.237249374003166 -15.237249374003166 -15.237249374003166 -15.237249374003166 -15.237249374003166
4.296482412060302 -15.236019497664302 -15.236019497664302 -15.236019497664302 -15.236019497664302 -15.236019497664302 -15.236019497664302 -15.236019497664302 -15.236019497664302 -15.236019497664302 -15.236019497664302 -15.236019497664302 -15.236019497664302 -15.236019497664302
