web/models/linear/37/-15_306_0_014.dat
# %ECSV 1.0
# ---
# datatype:
# - {name: time, datatype: float64}
# - {name: swift_uvot_uvw2, datatype: float64}
# - {name: swift_uvot_uvm2, datatype: float64}
# - {name: swift_uvot_uvw1, datatype: float64}
# - {name: swift_uvot_U, datatype: float64}
# - {name: swift_uvot_B, datatype: float64}
# - {name: swift_uvot_V, datatype: float64}
# - {name: swift_uvot_W, datatype: float64}
# - {name: johnson_U, datatype: float64}
# - {name: johnson_B, datatype: float64}
# - {name: johnson_V, datatype: float64}
# - {name: johnson_R, datatype: float64}
# - {name: johnson_I, datatype: float64}
# - {name: sdss_u, datatype: float64}
# - {name: sdss_g, datatype: float64}
# - {name: sdss_r, datatype: float64}
# - {name: sdss_i, datatype: float64}
# - {name: sdss_z, datatype: float64}
# - {name: PS1_g, datatype: float64}
# - {name: PS1_r, datatype: float64}
# - {name: PS1_i, datatype: float64}
# - {name: PS1_z, datatype: float64}
# - {name: PS1_Y, datatype: float64}
# - {name: PS1_w, datatype: float64}
# - {name: ATLAS_c, datatype: float64}
# - {name: ATLAS_o, datatype: float64}
# - {name: ukirt_J, datatype: float64}
# - {name: ukirt_H, datatype: float64}
# - {name: ukirt_K, datatype: float64}
# - {name: Clear, datatype: float64}
# meta: !!omap
# - comment: [M=-15.306122448979592, dM=0.013971894723352866]
# schema: astropy-2.0
time swift_uvot_uvw2 swift_uvot_uvm2 swift_uvot_uvw1 swift_uvot_U swift_uvot_B swift_uvot_V swift_uvot_W johnson_U johnson_B johnson_V johnson_R johnson_I sdss_u sdss_g sdss_r sdss_i sdss_z PS1_g PS1_r PS1_i PS1_z PS1_Y PS1_w ATLAS_c ATLAS_o ukirt_J ukirt_H ukirt_K Clear
[from data line 55]
4.14572864321608 -15.248198764824988 -15.248198764824988 -15.248198764824988 -15.248198764824988 -15.248198764824988 -15.248198764824988 -15.248198764824988 -15.248198764824988 -15.248198764824988 -15.248198764824988 -15.248198764824988 -15.248198764824988 -15.248198764824988 -15.248198764824988 -15.248198764824988 -15.248198764824988 -15.248198764824988 -15.248198764824988 -15.248198764824988 -15.248198764824988 -15.248198764824988 -15.248198764824988 -15.248198764824988 -15.248198764824988 -15.248198764824988 -15.248198764824988 -15.248198764824988 -15.248198764824988 -15.248198764824988
4.221105527638191 -15.247145606931268 -15.247145606931268 -15.247145606931268 -15.247145606931268 -15.247145606931268 -15.247145606931268 -15.247145606931268 -15.247145606931268 -15.247145606931268 -15.247145606931268 -15.247145606931268 -15.247145606931268 -15.247145606931268 -15.247145606931268 -15.247145606931268 -15.247145606931268 -15.247145606931268 -15.247145606931268 -15.247145606931268 -15.247145606931268 -15.247145606931268 -15.247145606931268 -15.247145606931268 -15.247145606931268 -15.247145606931268 -15.247145606931268 -15.247145606931268 -15.247145606931268 -15.247145606931268
4.296482412060302 -15.246092449037548 -15.246092449037548 -15.246092449037548 -15.246092449037548 -15.246092449037548 -15.246092449037548 -15.246092449037548 -15.246092449037548 -15.246092449037548 -15.246092449037548 -15.246092449037548 -15.246092449037548 -15.246092449037548 -15.246092449037548 -15.246092449037548 -15.246092449037548 -15.246092449037548 -15.246092449037548 -15.246092449037548 -15.246092449037548 -15.246092449037548 -15.246092449037548 -15.246092449037548 -15.246092449037548 -15.246092449037548 -15.246092449037548 -15.246092449037548 -15.246092449037548 -15.246092449037548
4.371859296482412 -15.245039291143827 -15.245039291143827 -15.245039291143827 -15.245039291143827 -15.245039291143827 -15.245039291143827 -15.245039291143827 -15.245039291143827 -15.245039291143827 -15.245039291143827 -15.245039291143827 -15.245039291143827 -15.245039291143827 -15.245039291143827 -15.245039291143827 -15.245039291143827 -15.245039291143827 -15.245039291143827 -15.245039291143827 -15.245039291143827 -15.245039291143827 -15.245039291143827 -15.245039291143827 -15.245039291143827 -15.245039291143827 -15.245039291143827 -15.245039291143827 -15.245039291143827 -15.245039291143827
4.447236180904522 -15.243986133250107 -15.243986133250107 -15.243986133250107 -15.243986133250107 -15.243986133250107 -15.243986133250107 -15.243986133250107 -15.243986133250107 -15.243986133250107 -15.243986133250107 -15.243986133250107 -15.243986133250107 -15.243986133250107 -15.243986133250107 -15.243986133250107 -15.243986133250107 -15.243986133250107 -15.243986133250107 -15.243986133250107 -15.243986133250107 -15.243986133250107 -15.243986133250107 -15.243986133250107 -15.243986133250107 -15.243986133250107 -15.243986133250107 -15.243986133250107 -15.243986133250107 -15.243986133250107
4.522613065326633 -15.242932975356387 -15.242932975356387 -15.242932975356387 -15.242932975356387 -15.242932975356387 -15.242932975356387 -15.242932975356387 -15.242932975356387 -15.242932975356387 -15.242932975356387 -15.242932975356387 -15.242932975356387 -15.242932975356387 -15.242932975356387 -15.242932975356387 -15.242932975356387 -15.242932975356387 -15.242932975356387 -15.242932975356387 -15.242932975356387 -15.242932975356387 -15.242932975356387 -15.242932975356387 -15.242932975356387 -15.242932975356387 -15.242932975356387 -15.242932975356387 -15.242932975356387 -15.242932975356387
4.597989949748744 -15.241879817462667 -15.241879817462667 -15.241879817462667 -15.241879817462667 -15.241879817462667 -15.241879817462667 -15.241879817462667 -15.241879817462667 -15.241879817462667 -15.241879817462667 -15.241879817462667 -15.241879817462667 -15.241879817462667 -15.241879817462667 -15.241879817462667 -15.241879817462667 -15.241879817462667 -15.241879817462667 -15.241879817462667 -15.241879817462667 -15.241879817462667 -15.241879817462667 -15.241879817462667 -15.241879817462667 -15.241879817462667 -15.241879817462667 -15.241879817462667 -15.241879817462667 -15.241879817462667
4.673366834170854 -15.240826659568947 -15.240826659568947 -15.240826659568947 -15.240826659568947 -15.240826659568947 -15.240826659568947 -15.240826659568947 -15.240826659568947 -15.240826659568947 -15.240826659568947 -15.240826659568947 -15.240826659568947 -15.240826659568947 -15.240826659568947 -15.240826659568947 -15.240826659568947 -15.240826659568947 -15.240826659568947 -15.240826659568947 -15.240826659568947 -15.240826659568947 -15.240826659568947 -15.240826659568947 -15.240826659568947 -15.240826659568947 -15.240826659568947 -15.240826659568947 -15.240826659568947 -15.240826659568947
4.748743718592964 -15.239773501675227 -15.239773501675227 -15.239773501675227 -15.239773501675227 -15.239773501675227 -15.239773501675227 -15.239773501675227 -15.239773501675227 -15.239773501675227 -15.239773501675227 -15.239773501675227 -15.239773501675227 -15.239773501675227 -15.239773501675227 -15.239773501675227 -15.239773501675227 -15.239773501675227 -15.239773501675227 -15.239773501675227 -15.239773501675227 -15.239773501675227 -15.239773501675227 -15.239773501675227 -15.239773501675227 -15.239773501675227 -15.239773501675227 -15.239773501675227 -15.239773501675227 -15.239773501675227
4.824120603015075 -15.238720343781507 -15.238720343781507 -15.238720343781507 -15.238720343781507 -15.238720343781507 -15.238720343781507 -15.238720343781507 -15.238720343781507 -15.238720343781507 -15.238720343781507 -15.238720343781507 -15.238720343781507 -15.238720343781507 -15.238720343781507 -15.238720343781507 -15.238720343781507 -15.238720343781507 -15.238720343781507 -15.238720343781507 -15.238720343781507 -15.238720343781507 -15.238720343781507 -15.238720343781507 -15.238720343781507 -15.238720343781507 -15.238720343781507 -15.238720343781507 -15.238720343781507 -15.238720343781507
4.899497487437186 -15.237667185887787 -15.237667185887787 -15.237667185887787 -15.237667185887787 -15.237667185887787 -15.237667185887787 -15.237667185887787 -15.237667185887787 -15.237667185887787 -15.237667185887787 -15.237667185887787 -15.237667185887787 -15.237667185887787 -15.237667185887787 -15.237667185887787 -15.237667185887787 -15.237667185887787 -15.237667185887787 -15.237667185887787 -15.237667185887787 -15.237667185887787 -15.237667185887787 -15.237667185887787 -15.237667185887787 -15.237667185887787 -15.237667185887787 -15.237667185887787 -15.237667185887787 -15.237667185887787
4.974874371859296 -15.236614027994067 -15.236614027994067 -15.236614027994067 -15.236614027994067 -15.236614027994067 -15.236614027994067 -15.236614027994067 -15.236614027994067 -15.236614027994067 -15.236614027994067 -15.236614027994067 -15.236614027994067 -15.236614027994067 -15.236614027994067 -15.236614027994067 -15.236614027994067 -15.236614027994067 -15.236614027994067 -15.236614027994067 -15.236614027994067 -15.236614027994067 -15.236614027994067 -15.236614027994067 -15.236614027994067 -15.236614027994067 -15.236614027994067 -15.236614027994067 -15.236614027994067 -15.236614027994067
5.050251256281406 -15.235560870100347 -15.235560870100347 -15.235560870100347 -15.235560870100347 -15.235560870100347 -15.235560870100347 -15.235560870100347 -15.235560870100347 -15.235560870100347 -15.235560870100347 -15.235560870100347 -15.235560870100347 -15.235560870100347 -15.235560870100347 -15.235560870100347 -15.235560870100347 -15.235560870100347 -15.235560870100347 -15.235560870100347 -15.235560870100347 -15.235560870100347 -15.235560870100347 -15.235560870100347 -15.235560870100347 -15.235560870100347 -15.235560870100347 -15.235560870100347 -15.235560870100347 -15.235560870100347
5.125628140703517 -15.234507712206627 -15.234507712206627 -15.234507712206627 -15.234507712206627 -15.234507712206627 -15.234507712206627 -15.234507712206627 -15.234507712206627 -15.234507712206627 -15.234507712206627 -15.234507712206627 -15.234507712206627 -15.234507712206627 -15.234507712206627 -15.234507712206627 -15.234507712206627 -15.234507712206627 -15.234507712206627 -15.234507712206627 -15.234507712206627 -15.234507712206627 -15.234507712206627 -15.234507712206627 -15.234507712206627 -15.234507712206627 -15.234507712206627 -15.234507712206627 -15.234507712206627 -15.234507712206627
5.201005025125628 -15.233454554312907 -15.233454554312907 -15.233454554312907 -15.233454554312907 -15.233454554312907 -15.233454554312907 -15.233454554312907 -15.233454554312907 -15.233454554312907 -15.233454554312907 -15.233454554312907 -15.233454554312907 -15.233454554312907 -15.233454554312907 -15.233454554312907 -15.233454554312907 -15.233454554312907 -15.233454554312907 -15.233454554312907 -15.233454554312907 -15.233454554312907 -15.233454554312907 -15.233454554312907 -15.233454554312907 -15.233454554312907 -15.233454554312907 -15.233454554312907 -15.233454554312907 -15.233454554312907
5.276381909547738 -15.232401396419187 -15.232401396419187 -15.232401396419187 -15.232401396419187 -15.232401396419187 -15.232401396419187 -15.232401396419187 -15.232401396419187 -15.232401396419187 -15.232401396419187 -15.232401396419187 -15.232401396419187 -15.232401396419187 -15.232401396419187 -15.232401396419187 -15.232401396419187 -15.232401396419187 -15.232401396419187 -15.232401396419187 -15.232401396419187 -15.232401396419187 -15.232401396419187 -15.232401396419187 -15.232401396419187 -15.232401396419187 -15.232401396419187 -15.232401396419187 -15.232401396419187 -15.232401396419187
5.351758793969848 -15.231348238525467 -15.231348238525467 -15.231348238525467 -15.231348238525467 -15.231348238525467 -15.231348238525467 -15.231348238525467 -15.231348238525467 -15.231348238525467 -15.231348238525467 -15.231348238525467 -15.231348238525467 -15.231348238525467 -15.231348238525467 -15.231348238525467 -15.231348238525467 -15.231348238525467 -15.231348238525467 -15.231348238525467 -15.231348238525467 -15.231348238525467 -15.231348238525467 -15.231348238525467 -15.231348238525467 -15.231348238525467 -15.231348238525467 -15.231348238525467 -15.231348238525467 -15.231348238525467
5.427135678391959 -15.230295080631747 -15.230295080631747 -15.230295080631747 -15.230295080631747 -15.230295080631747 -15.230295080631747 -15.230295080631747 -15.230295080631747 -15.230295080631747 -15.230295080631747 -15.230295080631747 -15.230295080631747 -15.230295080631747 -15.230295080631747 -15.230295080631747 -15.230295080631747 -15.230295080631747 -15.230295080631747 -15.230295080631747 -15.230295080631747 -15.230295080631747 -15.230295080631747 -15.230295080631747 -15.230295080631747 -15.230295080631747 -15.230295080631747 -15.230295080631747 -15.230295080631747 -15.230295080631747
5.50251256281407 -15.229241922738026 -15.229241922738026 -15.229241922738026 -15.229241922738026 -15.229241922738026 -15.229241922738026 -15.229241922738026 -15.229241922738026 -15.229241922738026 -15.229241922738026 -15.229241922738026 -15.229241922738026 -15.229241922738026 -15.229241922738026 -15.229241922738026 -15.229241922738026 -15.229241922738026 -15.229241922738026 -15.229241922738026 -15.229241922738026 -15.229241922738026 -15.229241922738026 -15.229241922738026 -15.229241922738026 -15.229241922738026 -15.229241922738026 -15.229241922738026 -15.229241922738026 -15.229241922738026
5.57788944723618 -15.228188764844306 -15.228188764844306 -15.228188764844306 -15.228188764844306 -15.228188764844306 -15.228188764844306 -15.228188764844306 -15.228188764844306 -15.228188764844306 -15.228188764844306 -15.228188764844306 -15.228188764844306 -15.228188764844306 -15.228188764844306 -15.228188764844306 -15.228188764844306 -15.228188764844306 -15.228188764844306 -15.228188764844306 -15.228188764844306 -15.228188764844306 -15.228188764844306 -15.228188764844306 -15.228188764844306 -15.228188764844306 -15.228188764844306 -15.228188764844306 -15.228188764844306 -15.228188764844306
5.6532663316582905 -15.227135606950586 -15.227135606950586 -15.227135606950586 -15.227135606950586 -15.227135606950586 -15.227135606950586 -15.227135606950586 -15.227135606950586 -15.227135606950586 -15.227135606950586 -15.227135606950586 -15.227135606950586 -15.227135606950586 -15.227135606950586 -15.227135606950586 -15.227135606950586 -15.227135606950586 -15.227135606950586 -15.227135606950586 -15.227135606950586 -15.227135606950586 -15.227135606950586 -15.227135606950586 -15.227135606950586 -15.227135606950586 -15.227135606950586 -15.227135606950586 -15.227135606950586 -15.227135606950586
5.7286432160804015 -15.226082449056866 -15.226082449056866 -15.226082449056866 -15.226082449056866 -15.226082449056866 -15.226082449056866 -15.226082449056866 -15.226082449056866 -15.226082449056866 -15.226082449056866 -15.226082449056866 -15.226082449056866 -15.226082449056866 -15.226082449056866 -15.226082449056866 -15.226082449056866 -15.226082449056866 -15.226082449056866 -15.226082449056866 -15.226082449056866 -15.226082449056866 -15.226082449056866 -15.226082449056866 -15.226082449056866 -15.226082449056866 -15.226082449056866 -15.226082449056866 -15.226082449056866 -15.226082449056866
5.8040201005025125 -15.225029291163146 -15.225029291163146 -15.225029291163146 -15.225029291163146 -15.225029291163146 -15.225029291163146 -15.225029291163146 -15.225029291163146 -15.225029291163146 -15.225029291163146 -15.225029291163146 -15.225029291163146 -15.225029291163146 -15.225029291163146 -15.225029291163146 -15.225029291163146 -15.225029291163146 -15.225029291163146 -15.225029291163146 -15.225029291163146 -15.225029291163146 -15.225029291163146 -15.225029291163146 -15.225029291163146 -15.225029291163146 -15.225029291163146 -15.225029291163146 -15.225029291163146 -15.225029291163146
5.879396984924623 -15.223976133269426 -15.223976133269426 -15.223976133269426 -15.223976133269426 -15.223976133269426 -15.223976133269426 -15.223976133269426 -15.223976133269426 -15.223976133269426 -15.223976133269426 -15.223976133269426 -15.223976133269426 -15.223976133269426 -15.223976133269426 -15.223976133269426 -15.223976133269426 -15.223976133269426 -15.223976133269426 -15.223976133269426 -15.223976133269426 -15.223976133269426 -15.223976133269426 -15.223976133269426 -15.223976133269426 -15.223976133269426 -15.223976133269426 -15.223976133269426 -15.223976133269426 -15.223976133269426
5.954773869346733 -15.222922975375706 -15.222922975375706 -15.222922975375706 -15.222922975375706 -15.222922975375706 -15.222922975375706 -15.222922975375706 -15.222922975375706 -15.222922975375706 -15.222922975375706 -15.222922975375706 -15.222922975375706 -15.222922975375706 -15.222922975375706 -15.222922975375706 -15.222922975375706 -15.222922975375706 -15.222922975375706 -15.222922975375706 -15.222922975375706 -15.222922975375706 -15.222922975375706 -15.222922975375706 -15.222922975375706 -15.222922975375706 -15.222922975375706 -15.222922975375706 -15.222922975375706 -15.222922975375706
6.030150753768844 -15.221869817481986 -15.221869817481986 -15.221869817481986 -15.221869817481986 -15.221869817481986 -15.221869817481986 -15.221869817481986 -15.221869817481986 -15.221869817481986 -15.221869817481986 -15.221869817481986 -15.221869817481986 -15.221869817481986 -15.221869817481986 -15.221869817481986 -15.221869817481986 -15.221869817481986 -15.221869817481986 -15.221869817481986 -15.221869817481986 -15.221869817481986 -15.221869817481986 -15.221869817481986 -15.221869817481986 -15.221869817481986 -15.221869817481986 -15.221869817481986 -15.221869817481986 -15.221869817481986
