web/models/kne.last_good/kappa_0.5_3.0.v2/34/villar_0.0182_0.2493_3.0000.dat
# %ECSV 1.0
# ---
# datatype:
# - {name: time, datatype: float64}
# - {name: swift_uvot_uvw2, datatype: float64}
# - {name: swift_uvot_uvm2, datatype: float64}
# - {name: swift_uvot_uvw1, datatype: float64}
# - {name: swift_uvot_U, datatype: float64}
# - {name: swift_uvot_B, datatype: float64}
# - {name: swift_uvot_V, datatype: float64}
# - {name: swift_uvot_W, datatype: float64}
# - {name: johnson_U, datatype: float64}
# - {name: johnson_B, datatype: float64}
# - {name: johnson_V, datatype: float64}
# - {name: johnson_R, datatype: float64}
# - {name: johnson_I, datatype: float64}
# - {name: sdss_u, datatype: float64}
# - {name: sdss_g, datatype: float64}
# - {name: sdss_r, datatype: float64}
# - {name: sdss_i, datatype: float64}
# - {name: sdss_z, datatype: float64}
# - {name: PS1_g, datatype: float64}
# - {name: PS1_r, datatype: float64}
# - {name: PS1_i, datatype: float64}
# - {name: PS1_z, datatype: float64}
# - {name: PS1_Y, datatype: float64}
# - {name: PS1_w, datatype: float64}
# - {name: ATLAS_c, datatype: float64}
# - {name: ATLAS_o, datatype: float64}
# - {name: ukirt_J, datatype: float64}
# - {name: ukirt_H, datatype: float64}
# - {name: ukirt_K, datatype: float64}
# - {name: Clear, datatype: float64}
# meta: !!omap
# - comment: [kappa = 3.0, type = villar, mass = 0.018176879801416274, velocity = 0.24933333333333335, theta_obs = 0.0, tfloor = 2500.0]
# schema: astropy-2.0
time swift_uvot_uvw2 swift_uvot_uvm2 swift_uvot_uvw1 swift_uvot_U swift_uvot_B swift_uvot_V swift_uvot_W johnson_U johnson_B johnson_V johnson_R johnson_I sdss_u sdss_g sdss_r sdss_i sdss_z PS1_g PS1_r PS1_i PS1_z PS1_Y PS1_w ATLAS_c ATLAS_o ukirt_J ukirt_H ukirt_K Clear
[from data line 347]
30.921401 -2.622 2.577 1.611 -0.092 -2.879 -4.881 -2.997 -0.589 -3.01 -5.0 -6.584 -7.661 -0.366 -3.729 -5.858 -6.983 -7.754 -4.704 -6.027 -7.061 -7.677 -8.136 -6.181 -4.943 -6.495 -8.665 -8.985 -9.046 -6.641
31.856598 -2.553 2.646 1.68 -0.023 -2.81 -4.812 -2.927 -0.52 -2.941 -4.93 -6.515 -7.592 -0.297 -3.66 -5.789 -6.914 -7.684 -4.635 -5.958 -6.992 -7.608 -8.067 -6.112 -4.873 -6.426 -8.596 -8.916 -8.976 -6.572
32.820079 -2.483 2.715 1.749 0.046 -2.74 -4.743 -2.858 -0.45 -2.871 -4.861 -6.446 -7.523 -0.228 -3.591 -5.72 -6.844 -7.615 -4.565 -5.889 -6.923 -7.538 -7.998 -6.043 -4.804 -6.356 -8.526 -8.846 -8.907 -6.503
33.8127 -2.414 2.785 1.819 0.116 -2.671 -4.673 -2.789 -0.381 -2.802 -4.792 -6.376 -7.453 -0.158 -3.521 -5.65 -6.775 -7.546 -4.496 -5.819 -6.853 -7.469 -7.928 -5.973 -4.735 -6.287 -8.457 -8.777 -8.838 -6.433
34.835342 -2.344 2.854 1.888 0.185 -2.601 -4.604 -2.719 -0.311 -2.732 -4.722 -6.307 -7.384 -0.089 -3.452 -5.581 -6.705 -7.476 -4.426 -5.75 -6.784 -7.399 -7.859 -5.904 -4.665 -6.217 -8.387 -8.708 -8.768 -6.364
35.888913 -2.275 2.924 1.958 0.255 -2.532 -4.534 -2.65 -0.242 -2.663 -4.652 -6.237 -7.314 -0.019 -3.382 -5.511 -6.636 -7.406 -4.357 -5.68 -6.714 -7.33 -7.789 -5.834 -4.596 -6.148 -8.318 -8.638 -8.698 -6.294
36.974349 -2.205 2.993 2.028 0.325 -2.462 -4.464 -2.58 -0.172 -2.593 -4.583 -6.168 -7.244 0.051 -3.312 -5.441 -6.566 -7.337 -4.287 -5.611 -6.644 -7.26 -7.719 -5.764 -4.526 -6.078 -8.248 -8.568 -8.629 -6.224
38.092613 -2.135 3.063 2.097 0.395 -2.392 -4.394 -2.51 -0.102 -2.523 -4.513 -6.098 -7.175 0.12 -3.243 -5.371 -6.496 -7.267 -4.217 -5.541 -6.575 -7.19 -7.65 -5.694 -4.456 -6.008 -8.178 -8.498 -8.559 -6.154
39.244698 -2.065 3.133 2.167 0.464 -2.322 -4.325 -2.44 -0.032 -2.453 -4.443 -6.028 -7.105 0.19 -3.173 -5.301 -6.426 -7.197 -4.147 -5.471 -6.505 -7.12 -7.58 -5.624 -4.386 -5.938 -8.108 -8.428 -8.489 -6.085
40.431627 -1.995 3.203 2.237 0.534 -2.252 -4.255 -2.37 0.038 -2.383 -4.373 -5.958 -7.035 0.26 -3.103 -5.231 -6.356 -7.127 -4.077 -5.401 -6.435 -7.05 -7.51 -5.554 -4.316 -5.868 -8.038 -8.358 -8.419 -6.015
41.654454 -1.925 3.273 2.307 0.605 -2.182 -4.184 -2.3 0.108 -2.313 -4.303 -5.888 -6.965 0.33 -3.033 -5.161 -6.286 -7.057 -4.007 -5.331 -6.365 -6.98 -7.44 -5.484 -4.246 -5.798 -7.968 -8.288 -8.349 -5.945
42.914265 -1.855 3.343 2.378 0.675 -2.112 -4.114 -2.23 0.178 -2.243 -4.233 -5.818 -6.894 0.401 -2.962 -5.091 -6.216 -6.987 -3.937 -5.261 -6.294 -6.91 -7.369 -5.414 -4.176 -5.728 -7.898 -8.218 -8.279 -5.874
44.212178 -1.785 3.414 2.448 0.745 -2.042 -4.044 -2.16 0.248 -2.173 -4.162 -5.747 -6.824 0.471 -2.892 -5.021 -6.146 -6.916 -3.867 -5.19 -6.224 -6.84 -7.299 -5.344 -4.106 -5.658 -7.828 -8.148 -8.209 -5.804
45.549345 -1.714 3.484 2.518 0.815 -1.972 -3.974 -2.089 0.318 -2.103 -4.092 -5.677 -6.754 0.541 -2.822 -4.951 -6.075 -6.846 -3.797 -5.12 -6.154 -6.77 -7.229 -5.274 -4.035 -5.587 -7.757 -8.078 -8.138 -5.734
46.926954 -1.644 3.554 2.588 0.886 -1.901 -3.903 -2.019 0.389 -2.032 -4.022 -5.607 -6.683 0.612 -2.751 -4.88 -6.005 -6.776 -3.726 -5.05 -6.083 -6.699 -7.158 -5.203 -3.965 -5.517 -7.687 -8.007 -8.068 -5.663
48.346227 -1.574 3.625 2.659 0.956 -1.831 -3.833 -1.948 0.459 -1.962 -3.951 -5.536 -6.613 0.682 -2.681 -4.81 -5.934 -6.705 -3.656 -4.979 -6.013 -6.629 -7.088 -5.133 -3.894 -5.446 -7.616 -7.937 -7.997 -5.593
49.808426 -1.503 3.695 2.73 1.027 -1.76 -3.762 -1.878 0.53 -1.891 -3.881 -5.466 -6.542 0.753 -2.61 -4.739 -5.864 -6.635 -3.585 -4.909 -5.942 -6.558 -7.017 -5.062 -3.824 -5.376 -7.546 -7.866 -7.927 -5.522
51.314848 -1.432 3.766 2.8 1.097 -1.689 -3.692 -1.807 0.601 -1.82 -3.81 -5.395 -6.472 0.823 -2.54 -4.669 -5.793 -6.564 -3.514 -4.838 -5.872 -6.487 -6.947 -4.992 -3.753 -5.305 -7.475 -7.796 -7.856 -5.452
52.86683 -1.362 3.837 2.871 1.168 -1.619 -3.621 -1.736 0.671 -1.75 -3.739 -5.324 -6.401 0.894 -2.469 -4.598 -5.722 -6.493 -3.444 -4.767 -5.801 -6.417 -6.876 -4.921 -3.682 -5.234 -7.405 -7.725 -7.785 -5.381
54.465752 -1.291 3.908 2.942 1.239 -1.548 -3.55 -1.666 0.742 -1.679 -3.668 -5.253 -6.33 0.965 -2.398 -4.527 -5.652 -6.422 -3.373 -4.696 -5.73 -6.346 -6.805 -4.85 -3.612 -5.164 -7.334 -7.654 -7.715 -5.31
56.113031 -1.22 3.979 3.013 1.31 -1.477 -3.479 -1.595 0.813 -1.608 -3.598 -5.182 -6.259 1.036 -2.327 -4.456 -5.581 -6.352 -3.302 -4.625 -5.659 -6.275 -6.734 -4.779 -3.541 -5.093 -7.263 -7.583 -7.644 -5.239
57.810132 -1.149 4.049 3.084 1.381 -1.406 -3.408 -1.524 0.884 -1.537 -3.527 -5.111 -6.188 1.107 -2.256 -4.385 -5.51 -6.281 -3.231 -4.555 -5.588 -6.204 -6.663 -4.708 -3.47 -5.022 -7.192 -7.512 -7.573 -5.168
59.55856 -1.078 4.12 3.155 1.452 -1.335 -3.337 -1.453 0.955 -1.466 -3.456 -5.04 -6.117 1.178 -2.185 -4.314 -5.439 -6.21 -3.16 -4.483 -5.517 -6.133 -6.592 -4.637 -3.399 -4.951 -7.121 -7.441 -7.502 -5.097
61.359868 -1.007 4.192 3.226 1.523 -1.264 -3.266 -1.382 1.026 -1.395 -3.385 -4.969 -6.046 1.249 -2.114 -4.243 -5.368 -6.139 -3.089 -4.412 -5.446 -6.062 -6.521 -4.566 -3.328 -4.88 -7.05 -7.37 -7.431 -5.026
63.215655 -0.936 4.263 3.297 1.594 -1.193 -3.195 -1.31 1.097 -1.324 -3.313 -4.898 -5.975 1.32 -2.043 -4.172 -5.297 -6.067 -3.018 -4.341 -5.375 -5.991 -6.45 -4.495 -3.256 -4.809 -6.979 -7.299 -7.359 -4.955
65.127569 -0.864 4.334 3.368 1.665 -1.122 -3.124 -1.239 1.168 -1.253 -3.242 -4.827 -5.904 1.391 -1.972 -4.101 -5.225 -5.996 -2.947 -4.27 -5.304 -5.92 -6.379 -4.424 -3.185 -4.737 -6.907 -7.228 -7.288 -4.884
67.097308 -0.793 4.405 3.439 1.737 -1.05 -3.052 -1.168 1.24 -1.181 -3.171 -4.756 -5.833 1.462 -1.901 -4.029 -5.154 -5.925 -2.875 -4.199 -5.233 -5.848 -6.307 -4.352 -3.114 -4.666 -6.836 -7.156 -7.217 -4.812
69.126621 -0.722 4.477 3.511 1.808 -0.979 -2.981 -1.097 1.311 -1.11 -3.099 -4.684 -5.761 1.534 -1.829 -3.958 -5.083 -5.853 -2.804 -4.127 -5.161 -5.777 -6.236 -4.281 -3.043 -4.595 -6.765 -7.085 -7.145 -4.741
71.217308 -0.65 4.548 3.582 1.879 -0.907 -2.91 -1.025 1.383 -1.038 -3.028 -4.613 -5.69 1.605 -1.758 -3.886 -5.011 -5.782 -2.732 -4.056 -5.09 -5.705 -6.165 -4.209 -2.971 -4.523 -6.693 -7.013 -7.074 -4.67
73.371227 -0.579 4.62 3.654 1.951 -0.836 -2.838 -0.954 1.454 -0.967 -2.956 -4.541 -5.618 1.677 -1.686 -3.815 -4.94 -5.71 -2.661 -3.984 -5.018 -5.634 -6.093 -4.138 -2.9 -4.452 -6.622 -6.942 -7.003 -4.598
75.59029 -0.507 4.691 3.725 2.023 -0.764 -2.766 -0.882 1.526 -0.895 -2.885 -4.47 -5.547 1.748 -1.615 -3.743 -4.868 -5.639 -2.589 -3.913 -4.947 -5.562 -6.022 -4.066 -2.828 -4.38 -6.55 -6.87 -6.931 -4.526
77.876467 -0.436 4.763 3.797 2.094 -0.693 -2.695 -0.81 1.597 -0.824 -2.813 -4.398 -5.475 1.82 -1.543 -3.672 -4.796 -5.567 -2.518 -3.841 -4.875 -5.491 -5.95 -3.995 -2.756 -4.308 -6.478 -6.799 -6.859 -4.455
80.231787 -0.364 4.835 3.869 2.166 -0.621 -2.623 -0.739 1.669 -0.752 -2.742 -4.326 -5.403 1.892 -1.471 -3.6 -4.725 -5.496 -2.446 -3.769 -4.803 -5.419 -5.878 -3.923 -2.685 -4.237 -6.407 -6.727 -6.788 -4.383
82.658343 -0.292 4.906 3.94 2.238 -0.549 -2.551 -0.667 1.741 -0.68 -2.67 -4.255 -5.331 1.964 -1.399 -3.528 -4.653 -5.424 -2.374 -3.698 -4.732 -5.347 -5.806 -3.851 -2.613 -4.165 -6.335 -6.655 -6.716 -4.311
85.158288 -0.22 4.978 4.012 2.309 -0.477 -2.479 -0.595 1.813 -0.608 -2.598 -4.183 -5.26 2.035 -1.328 -3.456 -4.581 -5.352 -2.302 -3.626 -4.66 -5.275 -5.735 -3.779 -2.541 -4.093 -6.263 -6.583 -6.644 -4.24
87.733843 -0.148 5.05 4.084 2.381 -0.405 -2.408 -0.523 1.885 -0.536 -2.526 -4.111 -5.188 2.107 -1.256 -3.385 -4.509 -5.28 -2.23 -3.554 -4.588 -5.203 -5.663 -3.708 -2.469 -4.021 -6.191 -6.511 -6.572 -4.168
90.387293 -0.076 5.122 4.156 2.453 -0.333 -2.336 -0.451 1.957 -0.464 -2.454 -4.039 -5.116 2.179 -1.184 -3.313 -4.437 -5.208 -2.158 -3.482 -4.516 -5.132 -5.591 -3.636 -2.397 -3.949 -6.119 -6.44 -6.5 -4.096
93.120995 -0.004 5.194 4.228 2.525 -0.261 -2.264 -0.379 2.029 -0.392 -2.382 -3.967 -5.044 2.251 -1.112 -3.241 -4.365 -5.136 -2.086 -3.41 -4.444 -5.06 -5.519 -3.564 -2.325 -3.877 -6.047 -6.368 -6.428 -4.024
95.937376 0.068 5.266 4.3 2.597 -0.189 -2.192 -0.307 2.101 -0.32 -2.31 -3.895 -4.972 2.323 -1.04 -3.168 -4.293 -5.064 -2.014 -3.338 -4.372 -4.987 -5.447 -3.491 -2.253 -3.805 -5.975 -6.295 -6.356 -3.952
98.838937 0.14 5.338 4.372 2.67 -0.117 -2.119 -0.235 2.173 -0.248 -2.238 -3.823 -4.9 2.395 -0.968 -3.096 -4.221 -4.992 -1.942 -3.266 -4.3 -4.915 -5.374 -3.419 -2.181 -3.733 -5.903 -6.223 -6.284 -3.879
101.828253 0.212 5.41 4.445 2.742 -0.045 -2.047 -0.163 2.245 -0.176 -2.166 -3.75 -4.827 2.468 -0.895 -3.024 -4.149 -4.92 -1.87 -3.194 -4.227 -4.843 -5.302 -3.347 -2.109 -3.661 -5.831 -6.151 -6.212 -3.807
104.907979 0.284 5.483 4.517 2.814 0.027 -1.975 -0.091 2.317 -0.104 -2.093 -3.678 -4.755 2.54 -0.823 -2.952 -4.077 -4.847 -1.798 -3.121 -4.155 -4.771 -5.23 -3.275 -2.037 -3.589 -5.759 -6.079 -6.139 -3.735
108.080849 0.357 5.555 4.589 2.886 0.1 -1.903 -0.018 2.389 -0.032 -2.021 -3.606 -4.683 2.612 -0.751 -2.88 -4.004 -4.775 -1.725 -3.049 -4.083 -4.699 -5.158 -3.203 -1.964 -3.516 -5.686 -6.007 -6.067 -3.663
111.349681 0.429 5.627 4.662 2.959 0.172 -1.83 0.054 2.462 0.041 -1.949 -3.534 -4.61 2.685 -0.678 -2.807 -3.932 -4.703 -1.653 -2.977 -4.01 -4.626 -5.085 -3.13 -1.892 -3.444 -5.614 -5.934 -5.995 -3.59
114.717376 0.501 5.7 4.734 3.031 0.244 -1.758 0.127 2.534 0.113 -1.876 -3.461 -4.538 2.757 -0.606 -2.735 -3.859 -4.63 -1.581 -2.904 -3.938 -4.554 -5.013 -3.058 -1.819 -3.371 -5.542 -5.862 -5.922 -3.518
118.186925 0.574 5.772 4.806 3.104 0.317 -1.685 0.199 2.607 0.186 -1.804 -3.389 -4.466 2.829 -0.534 -2.662 -3.787 -4.558 -1.508 -2.832 -3.866 -4.481 -4.94 -2.985 -1.747 -3.299 -5.469 -5.789 -5.85 -3.445
121.761408 0.646 5.845 4.879 3.176 0.389 -1.613 0.272 2.679 0.258 -1.731 -3.316 -4.393 2.902 -0.461 -2.59 -3.714 -4.485 -1.436 -2.759 -3.793 -4.409 -4.868 -2.913 -1.674 -3.226 -5.397 -5.717 -5.777 -3.373
125.443999 0.719 5.917 4.951 3.249 0.462 -1.54 0.344 2.752 0.331 -1.659 -3.244 -4.32 2.975 -0.388 -2.517 -3.642 -4.413 -1.363 -2.687 -3.72 -4.336 -4.795 -2.84 -1.602 -3.154 -5.324 -5.644 -5.705 -3.3
129.237967 0.792 5.99 5.024 3.321 0.534 -1.468 0.417 2.824 0.403 -1.586 -3.171 -4.248 3.047 -0.316 -2.445 -3.569 -4.34 -1.291 -2.614 -3.648 -4.264 -4.723 -2.768 -1.529 -3.081 -5.251 -5.572 -5.632 -3.228
133.146681 0.864 6.063 5.097 3.394 0.607 -1.395 0.489 2.897 0.476 -1.513 -3.098 -4.175 3.12 -0.243 -2.372 -3.497 -4.267 -1.218 -2.541 -3.575 -4.191 -4.65 -2.695 -1.457 -3.009 -5.179 -5.499 -5.559 -3.155
137.173612 0.937 6.135 5.17 3.467 0.68 -1.322 0.562 2.97 0.549 -1.441 -3.026 -4.102 3.193 -0.17 -2.299 -3.424 -4.195 -1.145 -2.469 -3.502 -4.118 -4.577 -2.622 -1.384 -2.936 -5.106 -5.426 -5.487 -3.082
141.322334 1.01 6.208 5.242 3.539 0.753 -1.249 0.635 3.043 0.622 -1.368 -2.953 -4.03 3.265 -0.098 -2.226 -3.351 -4.122 -1.072 -2.396 -3.43 -4.045 -4.505 -2.549 -1.311 -2.863 -5.033 -5.353 -5.414 -3.01
145.596532 1.083 6.281 5.315 3.612 0.826 -1.177 0.708 3.115 0.694 -1.295 -2.88 -3.957 3.338 -0.025 -2.154 -3.278 -4.049 -0.999 -2.323 -3.357 -3.973 -4.432 -2.477 -1.238 -2.79 -4.96 -5.281 -5.341 -2.937
150.0 1.155 6.354 5.388 3.685 0.898 -1.104 0.781 3.188 0.767 -1.222 -2.807 -3.884 3.411 0.048 -2.081 -3.205 -3.976 -0.927 -2.25 -3.284 -3.9 -4.359 -2.404 -1.165 -2.717 -4.887 -5.208 -5.268 -2.864
