web/models/kne.last_good/kappa_0.5_3.0.v2/34/villar_0.0019_0.0770_3.0000.dat
# %ECSV 1.0
# ---
# datatype:
# - {name: time, datatype: float64}
# - {name: swift_uvot_uvw2, datatype: float64}
# - {name: swift_uvot_uvm2, datatype: float64}
# - {name: swift_uvot_uvw1, datatype: float64}
# - {name: swift_uvot_U, datatype: float64}
# - {name: swift_uvot_B, datatype: float64}
# - {name: swift_uvot_V, datatype: float64}
# - {name: swift_uvot_W, datatype: float64}
# - {name: johnson_U, datatype: float64}
# - {name: johnson_B, datatype: float64}
# - {name: johnson_V, datatype: float64}
# - {name: johnson_R, datatype: float64}
# - {name: johnson_I, datatype: float64}
# - {name: sdss_u, datatype: float64}
# - {name: sdss_g, datatype: float64}
# - {name: sdss_r, datatype: float64}
# - {name: sdss_i, datatype: float64}
# - {name: sdss_z, datatype: float64}
# - {name: PS1_g, datatype: float64}
# - {name: PS1_r, datatype: float64}
# - {name: PS1_i, datatype: float64}
# - {name: PS1_z, datatype: float64}
# - {name: PS1_Y, datatype: float64}
# - {name: PS1_w, datatype: float64}
# - {name: ATLAS_c, datatype: float64}
# - {name: ATLAS_o, datatype: float64}
# - {name: ukirt_J, datatype: float64}
# - {name: ukirt_H, datatype: float64}
# - {name: ukirt_K, datatype: float64}
# - {name: Clear, datatype: float64}
# meta: !!omap
# - comment: [kappa = 3.0, type = villar, mass = 0.001861645566637777, velocity = 0.07700000000000001, theta_obs = 0.0, tfloor = 2500.0]
# schema: astropy-2.0
time swift_uvot_uvw2 swift_uvot_uvm2 swift_uvot_uvw1 swift_uvot_U swift_uvot_B swift_uvot_V swift_uvot_W johnson_U johnson_B johnson_V johnson_R johnson_I sdss_u sdss_g sdss_r sdss_i sdss_z PS1_g PS1_r PS1_i PS1_z PS1_Y PS1_w ATLAS_c ATLAS_o ukirt_J ukirt_H ukirt_K Clear
[from data line 358]
42.914265 -0.051 5.147 4.181 2.478 -0.308 -2.311 -0.426 1.982 -0.439 -2.429 -4.014 -5.091 2.204 -1.159 -3.287 -4.412 -5.183 -2.133 -3.457 -4.491 -5.106 -5.566 -3.61 -2.372 -3.924 -6.094 -6.414 -6.475 -4.071
44.212178 0.012 5.211 4.245 2.542 -0.245 -2.247 -0.362 2.045 -0.376 -2.365 -3.95 -5.027 2.268 -1.095 -3.224 -4.348 -5.119 -2.07 -3.393 -4.427 -5.043 -5.502 -3.547 -2.308 -3.86 -6.03 -6.351 -6.411 -4.007
45.549345 0.076 5.275 4.309 2.606 -0.181 -2.183 -0.298 2.109 -0.312 -2.301 -3.886 -4.963 2.332 -1.031 -3.16 -4.285 -5.055 -2.006 -3.329 -4.363 -4.979 -5.438 -3.483 -2.244 -3.797 -5.967 -6.287 -6.347 -3.943
46.926954 0.14 5.339 4.373 2.67 -0.117 -2.119 -0.235 2.173 -0.248 -2.237 -3.822 -4.899 2.396 -0.967 -3.096 -4.221 -4.991 -1.942 -3.265 -4.299 -4.915 -5.374 -3.419 -2.181 -3.733 -5.903 -6.223 -6.283 -3.879
48.346227 0.204 5.403 4.437 2.734 -0.053 -2.055 -0.171 2.237 -0.184 -2.173 -3.758 -4.835 2.46 -0.903 -3.032 -4.157 -4.927 -1.878 -3.201 -4.235 -4.851 -5.31 -3.355 -2.117 -3.669 -5.839 -6.159 -6.219 -3.815
49.808426 0.268 5.467 4.501 2.798 0.011 -1.991 -0.106 2.301 -0.12 -2.109 -3.694 -4.771 2.524 -0.839 -2.968 -4.092 -4.863 -1.814 -3.137 -4.171 -4.787 -5.246 -3.291 -2.052 -3.604 -5.775 -6.095 -6.155 -3.751
51.314848 0.333 5.531 4.565 2.862 0.075 -1.927 -0.042 2.365 -0.056 -2.045 -3.63 -4.707 2.588 -0.775 -2.904 -4.028 -4.799 -1.75 -3.073 -4.107 -4.723 -5.182 -3.227 -1.988 -3.54 -5.71 -6.031 -6.091 -3.687
52.86683 0.397 5.595 4.629 2.927 0.14 -1.862 0.022 2.43 0.009 -1.981 -3.566 -4.643 2.652 -0.711 -2.839 -3.964 -4.735 -1.685 -3.009 -4.043 -4.658 -5.118 -3.162 -1.924 -3.476 -5.646 -5.966 -6.027 -3.622
54.465752 0.461 5.66 4.694 2.991 0.204 -1.798 0.086 2.494 0.073 -1.917 -3.501 -4.578 2.717 -0.646 -2.775 -3.9 -4.671 -1.621 -2.944 -3.978 -4.594 -5.053 -3.098 -1.86 -3.412 -5.582 -5.902 -5.963 -3.558
56.113031 0.526 5.724 4.758 3.055 0.268 -1.734 0.151 2.558 0.137 -1.852 -3.437 -4.514 2.781 -0.582 -2.711 -3.835 -4.606 -1.557 -2.88 -3.914 -4.53 -4.989 -3.034 -1.795 -3.347 -5.517 -5.838 -5.898 -3.494
57.810132 0.59 5.788 4.823 3.12 0.333 -1.669 0.215 2.623 0.202 -1.788 -3.372 -4.449 2.846 -0.517 -2.646 -3.771 -4.542 -1.492 -2.816 -3.849 -4.465 -4.924 -2.969 -1.731 -3.283 -5.453 -5.773 -5.834 -3.429
59.55856 0.655 5.853 4.887 3.184 0.398 -1.605 0.28 2.688 0.267 -1.723 -3.308 -4.385 2.91 -0.453 -2.582 -3.706 -4.477 -1.427 -2.751 -3.785 -4.401 -4.86 -2.905 -1.666 -3.218 -5.388 -5.709 -5.769 -3.365
61.359868 0.719 5.918 4.952 3.249 0.462 -1.54 0.344 2.752 0.331 -1.658 -3.243 -4.32 2.975 -0.388 -2.517 -3.642 -4.412 -1.363 -2.686 -3.72 -4.336 -4.795 -2.84 -1.602 -3.154 -5.324 -5.644 -5.704 -3.3
63.215655 0.784 5.982 5.017 3.314 0.527 -1.475 0.409 2.817 0.396 -1.594 -3.179 -4.255 3.04 -0.323 -2.452 -3.577 -4.348 -1.298 -2.622 -3.655 -4.271 -4.73 -2.775 -1.537 -3.089 -5.259 -5.579 -5.64 -3.235
65.127569 0.849 6.047 5.081 3.378 0.592 -1.41 0.474 2.882 0.461 -1.529 -3.114 -4.191 3.104 -0.259 -2.387 -3.512 -4.283 -1.233 -2.557 -3.591 -4.206 -4.666 -2.71 -1.472 -3.024 -5.194 -5.514 -5.575 -3.171
67.097308 0.914 6.112 5.146 3.443 0.657 -1.346 0.539 2.947 0.526 -1.464 -3.049 -4.126 3.169 -0.194 -2.323 -3.447 -4.218 -1.168 -2.492 -3.526 -4.142 -4.601 -2.646 -1.407 -2.959 -5.129 -5.45 -5.51 -3.106
69.126621 0.979 6.177 5.211 3.508 0.721 -1.281 0.604 3.011 0.59 -1.399 -2.984 -4.061 3.234 -0.129 -2.258 -3.382 -4.153 -1.104 -2.427 -3.461 -4.077 -4.536 -2.581 -1.342 -2.894 -5.064 -5.385 -5.445 -3.041
71.217308 1.044 6.242 5.276 3.573 0.786 -1.216 0.669 3.076 0.655 -1.334 -2.919 -3.996 3.299 -0.064 -2.193 -3.317 -4.088 -1.039 -2.362 -3.396 -4.012 -4.471 -2.516 -1.277 -2.829 -4.999 -5.32 -5.38 -2.976
73.371227 1.109 6.307 5.341 3.638 0.852 -1.151 0.734 3.142 0.721 -1.269 -2.854 -3.931 3.364 0.001 -2.128 -3.252 -4.023 -0.973 -2.297 -3.331 -3.946 -4.406 -2.451 -1.212 -2.764 -4.934 -5.255 -5.315 -2.911
75.59029 1.174 6.372 5.406 3.704 0.917 -1.085 0.799 3.207 0.786 -1.204 -2.789 -3.866 3.429 0.066 -2.062 -3.187 -3.958 -0.908 -2.232 -3.266 -3.881 -4.341 -2.385 -1.147 -2.699 -4.869 -5.189 -5.25 -2.845
77.876467 1.239 6.437 5.472 3.769 0.982 -1.02 0.864 3.272 0.851 -1.139 -2.724 -3.8 3.495 0.132 -1.997 -3.122 -3.893 -0.843 -2.167 -3.2 -3.816 -4.275 -2.32 -1.082 -2.634 -4.804 -5.124 -5.185 -2.78
80.231787 1.304 6.503 5.537 3.834 1.047 -0.955 0.929 3.337 0.916 -1.073 -2.658 -3.735 3.56 0.197 -1.932 -3.057 -3.827 -0.778 -2.101 -3.135 -3.751 -4.21 -2.255 -1.017 -2.569 -4.739 -5.059 -5.119 -2.715
82.658343 1.37 6.568 5.602 3.899 1.113 -0.89 0.995 3.403 0.982 -1.008 -2.593 -3.67 3.625 0.262 -1.867 -2.991 -3.762 -0.712 -2.036 -3.07 -3.686 -4.145 -2.19 -0.951 -2.503 -4.673 -4.994 -5.054 -2.65
85.158288 1.435 6.633 5.668 3.965 1.178 -0.824 1.06 3.468 1.047 -0.943 -2.527 -3.604 3.691 0.328 -1.801 -2.926 -3.697 -0.647 -1.971 -3.004 -3.62 -4.079 -2.124 -0.886 -2.438 -4.608 -4.928 -4.989 -2.584
87.733843 1.501 6.699 5.733 4.03 1.243 -0.759 1.126 3.533 1.112 -0.877 -2.462 -3.539 3.756 0.393 -1.736 -2.86 -3.631 -0.582 -1.905 -2.939 -3.555 -4.014 -2.059 -0.82 -2.372 -4.542 -4.863 -4.923 -2.519
90.387293 1.566 6.765 5.799 4.096 1.309 -0.693 1.191 3.599 1.178 -0.812 -2.396 -3.473 3.822 0.459 -1.67 -2.795 -3.566 -0.516 -1.839 -2.873 -3.489 -3.948 -1.993 -0.755 -2.307 -4.477 -4.797 -4.858 -2.453
93.120995 1.632 6.83 5.864 4.161 1.375 -0.628 1.257 3.665 1.244 -0.746 -2.331 -3.408 3.887 0.524 -1.605 -2.729 -3.5 -0.45 -1.774 -2.808 -3.423 -3.883 -1.928 -0.689 -2.241 -4.411 -4.731 -4.792 -2.388
95.937376 1.697 6.896 5.93 4.227 1.44 -0.562 1.323 3.73 1.309 -0.68 -2.265 -3.342 3.953 0.59 -1.539 -2.663 -3.434 -0.385 -1.708 -2.742 -3.358 -3.817 -1.862 -0.623 -2.176 -4.346 -4.666 -4.726 -2.322
98.838937 1.763 6.962 5.996 4.293 1.506 -0.496 1.388 3.796 1.375 -0.615 -2.199 -3.276 4.019 0.656 -1.473 -2.598 -3.369 -0.319 -1.642 -2.676 -3.292 -3.751 -1.796 -0.558 -2.11 -4.28 -4.6 -4.661 -2.256
101.828253 1.829 7.027 6.061 4.359 1.572 -0.43 1.454 3.862 1.441 -0.549 -2.134 -3.211 4.084 0.721 -1.407 -2.532 -3.303 -0.253 -1.577 -2.611 -3.226 -3.685 -1.73 -0.492 -2.044 -4.214 -4.534 -4.595 -2.19
104.907979 1.895 7.093 6.127 4.424 1.638 -0.365 1.52 3.928 1.507 -0.483 -2.068 -3.145 4.15 0.787 -1.341 -2.466 -3.237 -0.187 -1.511 -2.545 -3.16 -3.62 -1.664 -0.426 -1.978 -4.148 -4.468 -4.529 -2.125
108.080849 1.961 7.159 6.193 4.49 1.704 -0.299 1.586 3.994 1.573 -0.417 -2.002 -3.079 4.216 0.853 -1.276 -2.4 -3.171 -0.121 -1.445 -2.479 -3.095 -3.554 -1.599 -0.36 -1.912 -4.082 -4.403 -4.463 -2.059
111.349681 2.027 7.225 6.259 4.556 1.77 -0.233 1.652 4.059 1.638 -0.351 -1.936 -3.013 4.282 0.919 -1.21 -2.334 -3.105 -0.055 -1.379 -2.413 -3.029 -3.488 -1.533 -0.294 -1.846 -4.016 -4.337 -4.397 -1.993
114.717376 2.093 7.291 6.325 4.622 1.836 -0.167 1.718 4.126 1.705 -0.285 -1.87 -2.947 4.348 0.985 -1.144 -2.268 -3.039 0.011 -1.313 -2.347 -2.963 -3.422 -1.467 -0.228 -1.78 -3.95 -4.271 -4.331 -1.927
118.186925 2.159 7.357 6.391 4.688 1.902 -0.101 1.784 4.192 1.771 -0.219 -1.804 -2.881 4.414 1.051 -1.077 -2.202 -2.973 0.077 -1.247 -2.281 -2.896 -3.356 -1.4 -0.162 -1.714 -3.884 -4.204 -4.265 -1.861
121.761408 2.225 7.423 6.457 4.755 1.968 -0.034 1.85 4.258 1.837 -0.153 -1.738 -2.815 4.48 1.117 -1.011 -2.136 -2.907 0.143 -1.181 -2.215 -2.83 -3.289 -1.334 -0.096 -1.648 -3.818 -4.138 -4.199 -1.794
125.443999 2.291 7.489 6.524 4.821 2.034 0.032 1.916 4.324 1.903 -0.087 -1.671 -2.748 4.547 1.184 -0.945 -2.07 -2.841 0.209 -1.114 -2.148 -2.764 -3.223 -1.268 -0.03 -1.582 -3.752 -4.072 -4.133 -1.728
129.237967 2.357 7.556 6.59 4.887 2.1 0.098 1.983 4.39 1.969 -0.02 -1.605 -2.682 4.613 1.25 -0.879 -2.004 -2.774 0.275 -1.048 -2.082 -2.698 -3.157 -1.202 0.037 -1.516 -3.686 -4.006 -4.066 -1.662
133.146681 2.424 7.622 6.656 4.953 2.167 0.164 2.049 4.457 2.036 0.046 -1.539 -2.616 4.679 1.316 -0.813 -1.937 -2.708 0.342 -0.982 -2.016 -2.632 -3.091 -1.136 0.103 -1.449 -3.619 -3.94 -4.0 -1.596
137.173612 2.49 7.688 6.723 5.02 2.233 0.231 2.115 4.523 2.102 0.112 -1.473 -2.549 4.746 1.383 -0.746 -1.871 -2.642 0.408 -0.916 -1.949 -2.565 -3.024 -1.069 0.169 -1.383 -3.553 -3.873 -3.934 -1.529
141.322334 2.556 7.755 6.789 5.086 2.299 0.297 2.182 4.589 2.168 0.179 -1.406 -2.483 4.812 1.449 -0.68 -1.804 -2.575 0.474 -0.849 -1.883 -2.499 -2.958 -1.003 0.236 -1.316 -3.486 -3.807 -3.867 -1.463
145.596532 2.623 7.821 6.855 5.153 2.366 0.364 2.248 4.656 2.235 0.245 -1.34 -2.417 4.878 1.515 -0.613 -1.738 -2.509 0.541 -0.783 -1.817 -2.432 -2.891 -0.936 0.302 -1.25 -3.42 -3.74 -3.801 -1.396
150.0 2.689 7.888 6.922 5.219 2.432 0.43 2.315 4.722 2.301 0.312 -1.273 -2.35 4.945 1.582 -0.547 -1.671 -2.442 0.607 -0.716 -1.75 -2.366 -2.825 -0.87 0.369 -1.183 -3.353 -3.674 -3.734 -1.33
