web/models/kne.last_good/kappa_0.5_3.0.v2/34/villar_0.1443_0.1397_3.0000.dat
# %ECSV 1.0
# ---
# datatype:
# - {name: time, datatype: float64}
# - {name: swift_uvot_uvw2, datatype: float64}
# - {name: swift_uvot_uvm2, datatype: float64}
# - {name: swift_uvot_uvw1, datatype: float64}
# - {name: swift_uvot_U, datatype: float64}
# - {name: swift_uvot_B, datatype: float64}
# - {name: swift_uvot_V, datatype: float64}
# - {name: swift_uvot_W, datatype: float64}
# - {name: johnson_U, datatype: float64}
# - {name: johnson_B, datatype: float64}
# - {name: johnson_V, datatype: float64}
# - {name: johnson_R, datatype: float64}
# - {name: johnson_I, datatype: float64}
# - {name: sdss_u, datatype: float64}
# - {name: sdss_g, datatype: float64}
# - {name: sdss_r, datatype: float64}
# - {name: sdss_i, datatype: float64}
# - {name: sdss_z, datatype: float64}
# - {name: PS1_g, datatype: float64}
# - {name: PS1_r, datatype: float64}
# - {name: PS1_i, datatype: float64}
# - {name: PS1_z, datatype: float64}
# - {name: PS1_Y, datatype: float64}
# - {name: PS1_w, datatype: float64}
# - {name: ATLAS_c, datatype: float64}
# - {name: ATLAS_o, datatype: float64}
# - {name: ukirt_J, datatype: float64}
# - {name: ukirt_H, datatype: float64}
# - {name: ukirt_K, datatype: float64}
# - {name: Clear, datatype: float64}
# meta: !!omap
# - comment: [kappa = 3.0, type = villar, mass = 0.1442699905917794, velocity = 0.13966666666666672, theta_obs = 0.0, tfloor = 2500.0]
# schema: astropy-2.0
time swift_uvot_uvw2 swift_uvot_uvm2 swift_uvot_uvw1 swift_uvot_U swift_uvot_B swift_uvot_V swift_uvot_W johnson_U johnson_B johnson_V johnson_R johnson_I sdss_u sdss_g sdss_r sdss_i sdss_z PS1_g PS1_r PS1_i PS1_z PS1_Y PS1_w ATLAS_c ATLAS_o ukirt_J ukirt_H ukirt_K Clear
[from data line 272]
3.309345 -10.899 -10.42 -11.96 -13.7 -14.788 -15.505 -13.864 -13.901 -14.807 -15.524 -15.946 -16.173 -13.843 -15.071 -15.789 -16.07 -16.196 -15.203 -15.807 -16.087 -16.2 -16.276 -15.747 -15.429 -15.924 -16.18 -15.985 -15.638 -15.714
3.409434 -10.768 -10.134 -11.747 -13.527 -14.662 -15.415 -13.744 -13.736 -14.682 -15.436 -15.888 -16.139 -13.674 -14.96 -15.717 -16.021 -16.165 -15.099 -15.737 -16.039 -16.166 -16.251 -15.68 -15.339 -15.864 -16.172 -15.99 -15.654 -15.649
3.51255 -10.645 -9.84 -11.528 -13.346 -14.531 -15.321 -13.621 -13.564 -14.553 -15.344 -15.827 -16.102 -13.498 -14.844 -15.642 -15.97 -16.131 -14.992 -15.663 -15.989 -16.13 -16.224 -15.609 -15.244 -15.801 -16.163 -15.995 -15.668 -15.582
3.618785 -10.532 -9.537 -11.304 -13.16 -14.394 -15.223 -13.494 -13.386 -14.418 -15.248 -15.763 -16.063 -13.316 -14.723 -15.564 -15.915 -16.094 -14.879 -15.586 -15.935 -16.091 -16.195 -15.536 -15.146 -15.735 -16.152 -15.998 -15.682 -15.512
3.728232 -10.429 -9.225 -11.076 -12.966 -14.252 -15.121 -13.365 -13.202 -14.278 -15.147 -15.696 -16.022 -13.128 -14.597 -15.482 -15.858 -16.055 -14.763 -15.506 -15.879 -16.05 -16.164 -15.459 -15.044 -15.666 -16.14 -16.0 -15.695 -15.44
3.84099 -10.336 -8.906 -10.842 -12.765 -14.104 -15.014 -13.232 -13.011 -14.132 -15.043 -15.625 -15.977 -12.932 -14.466 -15.395 -15.798 -16.014 -14.642 -15.421 -15.82 -16.006 -16.13 -15.379 -14.938 -15.594 -16.126 -16.0 -15.708 -15.365
3.957158 -10.251 -8.579 -10.603 -12.557 -13.951 -14.902 -13.095 -12.812 -13.981 -14.933 -15.551 -15.931 -12.729 -14.33 -15.305 -15.734 -15.97 -14.517 -15.333 -15.757 -15.959 -16.095 -15.296 -14.827 -15.517 -16.111 -16.0 -15.72 -15.288
4.07684 -10.174 -8.244 -10.359 -12.342 -13.791 -14.785 -12.956 -12.607 -13.824 -14.819 -15.474 -15.881 -12.519 -14.189 -15.211 -15.667 -15.924 -14.387 -15.241 -15.691 -15.91 -16.057 -15.21 -14.712 -15.438 -16.093 -15.999 -15.731 -15.208
4.200141 -10.104 -7.903 -10.111 -12.119 -13.626 -14.664 -12.812 -12.394 -13.662 -14.7 -15.393 -15.829 -12.302 -14.042 -15.112 -15.596 -15.875 -14.253 -15.144 -15.622 -15.858 -16.017 -15.12 -14.592 -15.355 -16.074 -15.996 -15.741 -15.126
4.327172 -10.041 -7.557 -9.858 -11.889 -13.454 -14.537 -12.665 -12.174 -13.493 -14.576 -15.308 -15.774 -12.076 -13.889 -15.009 -15.522 -15.822 -14.114 -15.044 -15.55 -15.803 -15.974 -15.026 -14.468 -15.268 -16.054 -15.992 -15.751 -15.041
4.458044 -9.983 -7.208 -9.601 -11.65 -13.276 -14.405 -12.515 -11.946 -13.318 -14.448 -15.22 -15.716 -11.843 -13.731 -14.902 -15.445 -15.767 -13.971 -14.939 -15.474 -15.745 -15.929 -14.929 -14.339 -15.177 -16.031 -15.987 -15.76 -14.954
4.592874 -9.93 -6.859 -9.339 -11.403 -13.091 -14.268 -12.361 -11.71 -13.137 -14.314 -15.128 -15.655 -11.601 -13.567 -14.789 -15.363 -15.709 -13.823 -14.83 -15.394 -15.683 -15.881 -14.828 -14.205 -15.082 -16.006 -15.981 -15.768 -14.864
4.731783 -9.881 -6.514 -9.073 -11.148 -12.9 -14.125 -12.203 -11.466 -12.949 -14.174 -15.031 -15.591 -11.351 -13.396 -14.673 -15.278 -15.648 -13.671 -14.717 -15.31 -15.619 -15.83 -14.723 -14.066 -14.983 -15.979 -15.973 -15.775 -14.773
4.874892 -9.835 -6.177 -8.803 -10.884 -12.701 -13.977 -12.041 -11.214 -12.754 -14.029 -14.931 -15.524 -11.093 -13.22 -14.551 -15.189 -15.584 -13.515 -14.599 -15.223 -15.551 -15.777 -14.615 -13.922 -14.88 -15.951 -15.964 -15.781 -14.678
5.02233 -9.791 -5.855 -8.528 -10.611 -12.496 -13.823 -11.875 -10.953 -12.553 -13.879 -14.826 -15.453 -10.825 -13.037 -14.424 -15.096 -15.516 -13.355 -14.477 -15.132 -15.48 -15.721 -14.502 -13.773 -14.773 -15.92 -15.954 -15.787 -14.582
5.174227 -9.749 -5.555 -8.25 -10.33 -12.283 -13.662 -11.706 -10.683 -12.345 -13.722 -14.718 -15.379 -10.548 -12.847 -14.292 -14.998 -15.445 -13.192 -14.35 -15.037 -15.406 -15.662 -14.385 -13.618 -14.662 -15.887 -15.942 -15.792 -14.483
5.330718 -9.709 -5.284 -7.967 -10.038 -12.063 -13.496 -11.532 -10.404 -12.129 -13.56 -14.605 -15.302 -10.263 -12.651 -14.155 -14.896 -15.37 -13.025 -14.218 -14.937 -15.328 -15.601 -14.264 -13.458 -14.546 -15.852 -15.928 -15.795 -14.383
5.491942 -9.67 -5.046 -7.681 -9.737 -11.835 -13.323 -11.355 -10.116 -11.907 -13.392 -14.487 -15.221 -9.967 -12.448 -14.012 -14.79 -15.292 -12.855 -14.081 -14.834 -15.246 -15.536 -14.139 -13.293 -14.425 -15.814 -15.913 -15.798 -14.28
5.658042 -9.632 -4.844 -7.39 -9.427 -11.599 -13.144 -11.173 -9.818 -11.677 -13.218 -14.365 -15.136 -9.662 -12.238 -13.864 -14.68 -15.211 -12.684 -13.94 -14.726 -15.161 -15.468 -14.01 -13.121 -14.3 -15.774 -15.897 -15.8 -14.176
5.829166 -9.595 -4.678 -7.095 -9.106 -11.356 -12.958 -10.988 -9.511 -11.439 -13.037 -14.238 -15.048 -9.346 -12.02 -13.71 -14.564 -15.125 -12.51 -13.794 -14.614 -15.072 -15.397 -13.876 -12.944 -14.17 -15.732 -15.879 -15.801 -14.07
6.005465 -9.557 -4.545 -6.796 -8.775 -11.104 -12.766 -10.799 -9.193 -11.193 -12.849 -14.107 -14.956 -9.021 -11.795 -13.55 -14.444 -15.036 -12.336 -13.643 -14.497 -14.979 -15.323 -13.737 -12.761 -14.036 -15.687 -15.859 -15.801 -13.963
6.187096 -9.521 -4.439 -6.493 -8.433 -10.843 -12.566 -10.606 -8.866 -10.939 -12.655 -13.97 -14.86 -8.684 -11.563 -13.384 -14.319 -14.943 -12.162 -13.488 -14.376 -14.882 -15.246 -13.594 -12.572 -13.896 -15.64 -15.837 -15.8 -13.855
6.37422 -9.484 -4.355 -6.185 -8.081 -10.574 -12.359 -10.41 -8.527 -10.678 -12.455 -13.829 -14.76 -8.337 -11.322 -13.213 -14.19 -14.845 -11.989 -13.328 -14.251 -14.781 -15.165 -13.446 -12.376 -13.751 -15.59 -15.814 -15.799 -13.745
6.567004 -9.447 -4.286 -5.872 -7.717 -10.296 -12.145 -10.21 -8.179 -10.407 -12.247 -13.682 -14.657 -7.979 -11.074 -13.034 -14.055 -14.744 -11.819 -13.163 -14.12 -14.676 -15.082 -13.293 -12.174 -13.601 -15.537 -15.789 -15.796 -13.636
6.765619 -9.41 -4.228 -5.554 -7.342 -10.009 -11.923 -10.007 -7.819 -10.129 -12.032 -13.531 -14.549 -7.609 -10.818 -12.85 -13.914 -14.638 -11.653 -12.995 -13.985 -14.566 -14.995 -13.135 -11.966 -13.446 -15.481 -15.762 -15.792 -13.525
6.97024 -9.373 -4.177 -5.231 -6.955 -9.713 -11.694 -9.801 -7.447 -9.841 -11.81 -13.374 -14.437 -7.228 -10.553 -12.659 -13.769 -14.528 -11.492 -12.822 -13.845 -14.453 -14.904 -12.973 -11.751 -13.286 -15.423 -15.734 -15.787 -13.415
7.181051 -9.324 -4.125 -5.091 -6.794 -9.581 -11.583 -9.698 -7.291 -9.712 -11.701 -13.286 -14.363 -7.068 -10.431 -12.56 -13.684 -14.455 -11.406 -12.729 -13.763 -14.379 -14.838 -12.883 -11.644 -13.196 -15.366 -15.687 -15.747 -13.343
7.398237 -9.269 -4.07 -5.036 -6.739 -9.526 -11.528 -9.644 -7.236 -9.657 -11.646 -13.231 -14.308 -7.013 -10.376 -12.505 -13.63 -14.4 -11.351 -12.674 -13.708 -14.324 -14.783 -12.828 -11.59 -13.142 -15.312 -15.632 -15.693 -13.288
7.621991 -9.214 -4.016 -4.981 -6.684 -9.471 -11.473 -9.589 -7.181 -9.602 -11.592 -13.176 -14.253 -6.958 -10.321 -12.45 -13.575 -14.346 -11.296 -12.62 -13.653 -14.269 -14.728 -12.773 -11.535 -13.087 -15.257 -15.577 -15.638 -13.233
7.852513 -9.159 -3.961 -4.927 -6.629 -9.416 -11.418 -9.534 -7.126 -9.547 -11.537 -13.122 -14.198 -6.903 -10.266 -12.395 -13.52 -14.291 -11.241 -12.565 -13.598 -14.214 -14.673 -12.718 -11.48 -13.032 -15.202 -15.522 -15.583 -13.178
8.090007 -9.104 -3.906 -4.872 -6.574 -9.361 -11.363 -9.479 -7.071 -9.492 -11.482 -13.067 -14.143 -6.849 -10.212 -12.34 -13.465 -14.236 -11.186 -12.51 -13.544 -14.159 -14.618 -12.663 -11.425 -12.977 -15.147 -15.467 -15.528 -13.123
8.334684 -9.049 -3.851 -4.817 -6.519 -9.306 -11.308 -9.424 -7.016 -9.437 -11.427 -13.012 -14.089 -6.794 -10.157 -12.285 -13.41 -14.181 -11.131 -12.455 -13.489 -14.104 -14.563 -12.608 -11.37 -12.922 -15.092 -15.412 -15.473 -13.068
8.586761 -8.994 -3.796 -4.762 -6.464 -9.251 -11.253 -9.369 -6.961 -9.382 -11.372 -12.957 -14.033 -6.738 -10.102 -12.23 -13.355 -14.126 -11.076 -12.4 -13.434 -14.049 -14.508 -12.553 -11.315 -12.867 -15.037 -15.357 -15.418 -13.013
8.846461 -8.939 -3.741 -4.707 -6.409 -9.196 -11.198 -9.314 -6.906 -9.327 -11.317 -12.902 -13.978 -6.683 -10.046 -12.175 -13.3 -14.071 -11.021 -12.345 -13.378 -13.994 -14.453 -12.498 -11.26 -12.812 -14.982 -15.302 -15.363 -12.958
9.114017 -8.884 -3.686 -4.651 -6.354 -9.141 -11.143 -9.259 -6.851 -9.272 -11.262 -12.847 -13.923 -6.628 -9.991 -12.12 -13.245 -14.016 -10.966 -12.29 -13.323 -13.939 -14.398 -12.443 -11.205 -12.757 -14.927 -15.247 -15.308 -12.903
9.389664 -8.829 -3.631 -4.596 -6.299 -9.086 -11.088 -9.204 -6.796 -9.217 -11.207 -12.792 -13.868 -6.573 -9.936 -12.065 -13.19 -13.961 -10.911 -12.235 -13.268 -13.884 -14.343 -12.388 -11.15 -12.702 -14.872 -15.192 -15.253 -12.848
9.673648 -8.774 -3.576 -4.541 -6.244 -9.031 -11.033 -9.149 -6.741 -9.162 -11.152 -12.736 -13.813 -6.518 -9.881 -12.01 -13.135 -13.906 -10.856 -12.18 -13.213 -13.829 -14.288 -12.333 -11.095 -12.647 -14.817 -15.137 -15.198 -12.793
9.966221 -8.719 -3.521 -4.486 -6.189 -8.976 -10.978 -9.094 -6.686 -9.107 -11.097 -12.682 -13.758 -6.463 -9.826 -11.955 -13.08 -13.851 -10.801 -12.125 -13.158 -13.774 -14.233 -12.278 -11.04 -12.592 -14.762 -15.082 -15.143 -12.738
10.267642 -8.664 -3.466 -4.431 -6.134 -8.921 -10.923 -9.039 -6.631 -9.052 -11.042 -12.627 -13.703 -6.408 -9.771 -11.9 -13.025 -13.796 -10.746 -12.07 -13.103 -13.719 -14.178 -12.223 -10.985 -12.537 -14.707 -15.027 -15.088 -12.683
10.57818 -8.609 -3.411 -4.377 -6.079 -8.866 -10.868 -8.984 -6.576 -8.997 -10.987 -12.572 -13.649 -6.354 -9.717 -11.845 -12.97 -13.741 -10.691 -12.015 -13.049 -13.664 -14.124 -12.168 -10.93 -12.482 -14.652 -14.972 -15.033 -12.628
10.89811 -8.554 -3.356 -4.322 -6.025 -8.811 -10.814 -8.929 -6.522 -8.942 -10.932 -12.517 -13.594 -6.299 -9.662 -11.791 -12.915 -13.686 -10.636 -11.96 -12.994 -13.61 -14.069 -12.114 -10.875 -12.427 -14.597 -14.918 -14.978 -12.574
11.227716 -8.5 -3.301 -4.267 -5.97 -8.757 -10.759 -8.874 -6.467 -8.888 -10.877 -12.462 -13.539 -6.244 -9.607 -11.736 -12.861 -13.631 -10.582 -11.905 -12.939 -13.555 -14.014 -12.059 -10.82 -12.373 -14.543 -14.863 -14.923 -12.519
11.56729 -8.445 -3.247 -4.213 -5.915 -8.702 -10.704 -8.82 -6.412 -8.833 -10.823 -12.408 -13.484 -6.189 -9.553 -11.681 -12.806 -13.577 -10.527 -11.851 -12.885 -13.5 -13.959 -12.004 -10.766 -12.318 -14.488 -14.808 -14.869 -12.464
11.917135 -8.391 -3.192 -4.158 -5.861 -8.648 -10.65 -8.765 -6.358 -8.779 -10.768 -12.353 -13.43 -6.135 -9.498 -11.627 -12.751 -13.522 -10.473 -11.796 -12.83 -13.446 -13.905 -11.95 -10.711 -12.263 -14.433 -14.754 -14.814 -12.41
12.277561 -8.336 -3.138 -4.104 -5.807 -8.593 -10.595 -8.711 -6.303 -8.724 -10.714 -12.299 -13.376 -6.081 -9.444 -11.572 -12.697 -13.468 -10.418 -11.742 -12.776 -13.391 -13.851 -11.895 -10.657 -12.209 -14.379 -14.699 -14.76 -12.356
12.648887 -8.282 -3.084 -4.049 -5.752 -8.539 -10.541 -8.657 -6.249 -8.67 -10.66 -12.245 -13.321 -6.026 -9.389 -11.518 -12.643 -13.414 -10.364 -11.688 -12.721 -13.337 -13.796 -11.841 -10.603 -12.155 -14.325 -14.645 -14.706 -12.301
13.031444 -8.228 -3.03 -3.995 -5.698 -8.485 -10.487 -8.603 -6.195 -8.616 -10.606 -12.19 -13.267 -5.972 -9.335 -11.464 -12.589 -13.36 -10.31 -11.634 -12.667 -13.283 -13.742 -11.787 -10.549 -12.101 -14.271 -14.591 -14.652 -12.247
13.425571 -8.174 -2.976 -3.941 -5.644 -8.431 -10.433 -8.549 -6.141 -8.562 -10.552 -12.137 -13.213 -5.918 -9.281 -11.41 -12.535 -13.306 -10.256 -11.58 -12.613 -13.229 -13.688 -11.733 -10.495 -12.047 -14.217 -14.537 -14.598 -12.193
13.831619 -8.12 -2.922 -3.888 -5.591 -8.377 -10.38 -8.495 -6.087 -8.508 -10.498 -12.083 -13.16 -5.865 -9.228 -11.356 -12.481 -13.252 -10.202 -11.526 -12.56 -13.175 -13.635 -11.68 -10.441 -11.993 -14.163 -14.483 -14.544 -12.14
14.249947 -8.067 -2.868 -3.834 -5.537 -8.324 -10.326 -8.442 -6.034 -8.455 -10.444 -12.029 -13.106 -5.811 -9.174 -11.303 -12.428 -13.198 -10.149 -11.472 -12.506 -13.122 -13.581 -11.626 -10.388 -11.94 -14.11 -14.43 -14.491 -12.086
14.680926 -8.013 -2.815 -3.781 -5.484 -8.27 -10.273 -8.388 -5.981 -8.402 -10.391 -11.976 -13.053 -5.758 -9.121 -11.25 -12.374 -13.145 -10.095 -11.419 -12.453 -13.069 -13.528 -11.573 -10.334 -11.886 -14.056 -14.377 -14.437 -12.033
15.124941 -7.96 -2.762 -3.728 -5.431 -8.217 -10.219 -8.335 -5.927 -8.348 -10.338 -11.923 -13.0 -5.705 -9.068 -11.196 -12.321 -13.092 -10.042 -11.366 -12.4 -13.015 -13.475 -11.519 -10.281 -11.833 -14.003 -14.323 -14.384 -11.98
15.582385 -7.907 -2.709 -3.675 -5.378 -8.164 -10.167 -8.282 -5.874 -8.295 -10.285 -11.87 -12.947 -5.652 -9.015 -11.143 -12.268 -13.039 -9.989 -11.313 -12.347 -12.962 -13.422 -11.466 -10.228 -11.78 -13.95 -14.27 -14.331 -11.927
16.053663 -7.855 -2.656 -3.622 -5.325 -8.112 -10.114 -8.229 -5.822 -8.243 -10.232 -11.817 -12.894 -5.599 -8.962 -11.091 -12.215 -12.986 -9.937 -11.26 -12.294 -12.91 -13.369 -11.414 -10.175 -11.727 -13.897 -14.218 -14.278 -11.874
16.539195 -7.802 -2.604 -3.569 -5.272 -8.059 -10.061 -8.177 -5.769 -8.19 -10.18 -11.765 -12.841 -5.546 -8.909 -11.038 -12.163 -12.934 -9.884 -11.208 -12.241 -12.857 -13.316 -11.361 -10.123 -11.675 -13.845 -14.165 -14.226 -11.821
17.039412 -7.75 -2.551 -3.517 -5.22 -8.007 -10.009 -8.124 -5.717 -8.138 -10.127 -11.712 -12.789 -5.494 -8.857 -10.986 -12.11 -12.881 -9.832 -11.155 -12.189 -12.805 -13.264 -11.309 -10.07 -11.623 -13.793 -14.113 -14.173 -11.769
17.554757 -7.698 -2.499 -3.465 -5.168 -7.955 -9.957 -8.072 -5.665 -8.086 -10.075 -11.66 -12.737 -5.442 -8.805 -10.934 -12.058 -12.829 -9.78 -11.103 -12.137 -12.753 -13.212 -11.257 -10.018 -11.57 -13.74 -14.061 -14.121 -11.717
18.085689 -7.646 -2.447 -3.413 -5.116 -7.903 -9.905 -8.02 -5.613 -8.034 -10.023 -11.608 -12.685 -5.39 -8.753 -10.882 -12.006 -12.777 -9.728 -11.051 -12.085 -12.701 -13.16 -11.205 -9.966 -11.519 -13.689 -14.009 -14.069 -11.665
18.632678 -7.594 -2.396 -3.361 -5.064 -7.851 -9.853 -7.969 -5.561 -7.982 -9.972 -11.557 -12.633 -5.338 -8.701 -10.83 -11.955 -12.726 -9.676 -11.0 -12.033 -12.649 -13.108 -11.153 -9.915 -11.467 -13.637 -13.957 -14.018 -11.613
19.196211 -7.543 -2.344 -3.31 -5.013 -7.8 -9.802 -7.917 -5.51 -7.931 -9.92 -11.505 -12.582 -5.287 -8.65 -10.779 -11.903 -12.674 -9.625 -10.948 -11.982 -12.598 -13.057 -11.102 -9.863 -11.415 -13.585 -13.906 -13.966 -11.562
19.776787 -7.491 -2.293 -3.259 -4.962 -7.748 -9.751 -7.866 -5.458 -7.879 -9.869 -11.454 -12.531 -5.236 -8.599 -10.727 -11.852 -12.623 -9.573 -10.897 -11.931 -12.546 -13.006 -11.05 -9.812 -11.364 -13.534 -13.854 -13.915 -11.511
20.374923 -7.44 -2.242 -3.208 -4.911 -7.697 -9.699 -7.815 -5.407 -7.828 -9.818 -11.403 -12.48 -5.185 -8.548 -10.676 -11.801 -12.572 -9.522 -10.846 -11.88 -12.495 -12.955 -10.999 -9.761 -11.313 -13.483 -13.803 -13.864 -11.46
20.991149 -7.389 -2.191 -3.157 -4.86 -7.646 -9.649 -7.764 -5.356 -7.777 -9.767 -11.352 -12.429 -5.134 -8.497 -10.626 -11.75 -12.521 -9.471 -10.795 -11.829 -12.445 -12.904 -10.949 -9.71 -11.262 -13.432 -13.753 -13.813 -11.409
21.626011 -7.339 -2.14 -3.106 -4.809 -7.596 -9.598 -7.714 -5.306 -7.727 -9.716 -11.301 -12.378 -5.083 -8.446 -10.575 -11.7 -12.47 -9.421 -10.744 -11.778 -12.394 -12.853 -10.898 -9.66 -11.212 -13.382 -13.702 -13.762 -11.358
22.280075 -7.288 -2.09 -3.056 -4.759 -7.545 -9.548 -7.663 -5.255 -7.676 -9.666 -11.251 -12.328 -5.033 -8.396 -10.524 -11.649 -12.42 -9.37 -10.694 -11.728 -12.343 -12.803 -10.847 -9.609 -11.161 -13.331 -13.651 -13.712 -11.308
22.953921 -7.238 -2.04 -3.005 -4.708 -7.495 -9.497 -7.613 -5.205 -7.626 -9.616 -11.2 -12.277 -4.982 -8.345 -10.474 -11.599 -12.37 -9.32 -10.644 -11.677 -12.293 -12.752 -10.797 -9.559 -11.111 -13.281 -13.601 -13.662 -11.257
23.648147 -7.188 -1.989 -2.955 -4.658 -7.445 -9.447 -7.563 -5.155 -7.576 -9.566 -11.15 -12.227 -4.932 -8.295 -10.424 -11.549 -12.32 -9.27 -10.593 -11.627 -12.243 -12.702 -10.747 -9.509 -11.061 -13.231 -13.551 -13.612 -11.207
24.363369 -7.138 -1.939 -2.905 -4.608 -7.395 -9.397 -7.513 -5.105 -7.526 -9.516 -11.1 -12.177 -4.882 -8.245 -10.374 -11.499 -12.27 -9.22 -10.543 -11.577 -12.193 -12.652 -10.697 -9.459 -11.011 -13.181 -13.501 -13.562 -11.157
25.100222 -7.088 -1.89 -2.855 -4.558 -7.345 -9.347 -7.463 -5.055 -7.476 -9.466 -11.051 -12.127 -4.832 -8.195 -10.324 -11.449 -12.22 -9.17 -10.494 -11.527 -12.143 -12.602 -10.647 -9.409 -10.961 -13.131 -13.451 -13.512 -11.107
