web/models/kne.last_good/kappa_0.5_3.0.v2/34/villar_0.0035_0.2650_3.0000.dat
# %ECSV 1.0
# ---
# datatype:
# - {name: time, datatype: float64}
# - {name: swift_uvot_uvw2, datatype: float64}
# - {name: swift_uvot_uvm2, datatype: float64}
# - {name: swift_uvot_uvw1, datatype: float64}
# - {name: swift_uvot_U, datatype: float64}
# - {name: swift_uvot_B, datatype: float64}
# - {name: swift_uvot_V, datatype: float64}
# - {name: swift_uvot_W, datatype: float64}
# - {name: johnson_U, datatype: float64}
# - {name: johnson_B, datatype: float64}
# - {name: johnson_V, datatype: float64}
# - {name: johnson_R, datatype: float64}
# - {name: johnson_I, datatype: float64}
# - {name: sdss_u, datatype: float64}
# - {name: sdss_g, datatype: float64}
# - {name: sdss_r, datatype: float64}
# - {name: sdss_i, datatype: float64}
# - {name: sdss_z, datatype: float64}
# - {name: PS1_g, datatype: float64}
# - {name: PS1_r, datatype: float64}
# - {name: PS1_i, datatype: float64}
# - {name: PS1_z, datatype: float64}
# - {name: PS1_Y, datatype: float64}
# - {name: PS1_w, datatype: float64}
# - {name: ATLAS_c, datatype: float64}
# - {name: ATLAS_o, datatype: float64}
# - {name: ukirt_J, datatype: float64}
# - {name: ukirt_H, datatype: float64}
# - {name: ukirt_K, datatype: float64}
# - {name: Clear, datatype: float64}
# meta: !!omap
# - comment: [kappa = 3.0, type = villar, mass = 0.003465724215782086, velocity = 0.265, theta_obs = 0.0, tfloor = 2500.0]
# schema: astropy-2.0
time swift_uvot_uvw2 swift_uvot_uvm2 swift_uvot_uvw1 swift_uvot_U swift_uvot_B swift_uvot_V swift_uvot_W johnson_U johnson_B johnson_V johnson_R johnson_I sdss_u sdss_g sdss_r sdss_i sdss_z PS1_g PS1_r PS1_i PS1_z PS1_Y PS1_w ATLAS_c ATLAS_o ukirt_J ukirt_H ukirt_K Clear
[from data line 138]
0.061059 -15.626 -15.391 -15.248 -14.817 -14.456 -14.069 -15.093 -14.763 -14.452 -14.058 -13.665 -13.21 -14.773 -14.332 -13.841 -13.481 -13.143 -14.333 -13.904 -13.565 -13.37 -13.457 -13.906 -14.141 -13.694 -12.469 -11.922 -11.29 -13.988
0.062906 -15.624 -15.398 -15.259 -14.836 -14.479 -14.096 -15.104 -14.783 -14.475 -14.085 -13.694 -13.241 -14.793 -14.357 -13.869 -13.51 -13.174 -14.356 -13.929 -13.59 -13.394 -13.472 -13.933 -14.166 -13.722 -12.501 -11.955 -11.325 -14.014
0.064808 -15.62 -15.405 -15.27 -14.855 -14.502 -14.122 -15.114 -14.803 -14.498 -14.111 -13.722 -13.271 -14.813 -14.381 -13.896 -13.54 -13.204 -14.378 -13.954 -13.616 -13.417 -13.486 -13.96 -14.192 -13.751 -12.534 -11.989 -11.359 -14.04
0.066769 -15.616 -15.411 -15.279 -14.874 -14.525 -14.148 -15.123 -14.822 -14.521 -14.137 -13.751 -13.301 -14.832 -14.405 -13.924 -13.569 -13.235 -14.401 -13.979 -13.642 -13.441 -13.502 -13.987 -14.217 -13.779 -12.566 -12.023 -11.394 -14.066
0.068788 -15.611 -15.416 -15.288 -14.892 -14.547 -14.173 -15.132 -14.841 -14.543 -14.163 -13.778 -13.331 -14.851 -14.428 -13.951 -13.598 -13.265 -14.422 -14.003 -13.667 -13.465 -13.517 -14.013 -14.242 -13.806 -12.599 -12.056 -11.428 -14.091
0.070868 -15.605 -15.42 -15.295 -14.909 -14.569 -14.199 -15.14 -14.859 -14.565 -14.188 -13.806 -13.361 -14.869 -14.451 -13.977 -13.626 -13.295 -14.444 -14.027 -13.692 -13.488 -13.533 -14.038 -14.266 -13.834 -12.631 -12.089 -11.462 -14.116
0.073012 -15.597 -15.423 -15.302 -14.926 -14.59 -14.223 -15.147 -14.876 -14.587 -14.213 -13.833 -13.39 -14.886 -14.474 -14.004 -13.655 -13.325 -14.465 -14.052 -13.717 -13.512 -13.549 -14.064 -14.29 -13.861 -12.663 -12.122 -11.497 -14.14
0.07522 -15.589 -15.424 -15.307 -14.942 -14.611 -14.248 -15.153 -14.893 -14.607 -14.237 -13.86 -13.42 -14.903 -14.496 -14.03 -13.683 -13.355 -14.486 -14.076 -13.742 -13.536 -13.565 -14.089 -14.314 -13.888 -12.695 -12.155 -11.531 -14.164
0.077495 -15.58 -15.425 -15.312 -14.957 -14.631 -14.272 -15.158 -14.91 -14.628 -14.261 -13.887 -13.449 -14.919 -14.517 -14.055 -13.711 -13.384 -14.507 -14.099 -13.767 -13.56 -13.582 -14.113 -14.337 -13.914 -12.726 -12.188 -11.565 -14.188
0.079839 -15.569 -15.424 -15.316 -14.972 -14.651 -14.296 -15.162 -14.925 -14.647 -14.285 -13.913 -13.477 -14.934 -14.538 -14.081 -13.738 -13.413 -14.527 -14.122 -13.792 -13.583 -13.598 -14.137 -14.36 -13.94 -12.758 -12.221 -11.598 -14.211
0.082253 -15.557 -15.422 -15.318 -14.986 -14.67 -14.319 -15.165 -14.94 -14.667 -14.308 -13.939 -13.506 -14.949 -14.559 -14.106 -13.765 -13.442 -14.546 -14.146 -13.817 -13.607 -13.615 -14.161 -14.382 -13.966 -12.789 -12.254 -11.632 -14.234
0.084741 -15.544 -15.419 -15.32 -14.999 -14.689 -14.341 -15.167 -14.954 -14.685 -14.331 -13.965 -13.534 -14.963 -14.579 -14.13 -13.792 -13.471 -14.566 -14.168 -13.841 -13.631 -13.633 -14.185 -14.404 -13.992 -12.82 -12.286 -11.666 -14.256
0.087304 -15.53 -15.414 -15.32 -15.011 -14.707 -14.364 -15.168 -14.967 -14.703 -14.353 -13.99 -13.562 -14.976 -14.598 -14.154 -13.819 -13.499 -14.584 -14.191 -13.865 -13.654 -13.65 -14.207 -14.425 -14.017 -12.851 -12.318 -11.699 -14.278
0.089944 -15.514 -15.409 -15.319 -15.023 -14.724 -14.385 -15.168 -14.98 -14.721 -14.375 -14.015 -13.59 -14.989 -14.617 -14.178 -13.845 -13.527 -14.602 -14.213 -13.889 -13.677 -13.668 -14.23 -14.446 -14.041 -12.882 -12.351 -11.733 -14.299
0.092665 -15.496 -15.401 -15.317 -15.034 -14.741 -14.407 -15.167 -14.992 -14.737 -14.397 -14.039 -13.617 -15.0 -14.635 -14.201 -13.871 -13.555 -14.62 -14.235 -13.913 -13.701 -13.685 -14.252 -14.466 -14.066 -12.912 -12.383 -11.766 -14.32
0.095467 -15.478 -15.392 -15.313 -15.043 -14.757 -14.428 -15.165 -15.002 -14.753 -14.417 -14.063 -13.644 -15.011 -14.653 -14.224 -13.896 -13.582 -14.637 -14.256 -13.936 -13.724 -13.703 -14.273 -14.486 -14.089 -12.942 -12.414 -11.799 -14.341
0.098355 -15.457 -15.382 -15.309 -15.052 -14.773 -14.448 -15.161 -15.012 -14.769 -14.438 -14.087 -13.671 -15.021 -14.67 -14.247 -13.922 -13.609 -14.654 -14.277 -13.959 -13.747 -13.721 -14.295 -14.505 -14.113 -12.972 -12.446 -11.832 -14.361
0.101329 -15.435 -15.37 -15.302 -15.06 -14.787 -14.468 -15.157 -15.022 -14.784 -14.458 -14.11 -13.697 -15.03 -14.686 -14.268 -13.946 -13.636 -14.67 -14.297 -13.982 -13.77 -13.739 -14.315 -14.523 -14.136 -13.002 -12.477 -11.865 -14.38
0.104394 -15.411 -15.357 -15.295 -15.067 -14.801 -14.487 -15.151 -15.03 -14.797 -14.477 -14.133 -13.723 -15.038 -14.702 -14.29 -13.971 -13.663 -14.685 -14.318 -14.005 -13.793 -13.757 -14.335 -14.541 -14.158 -13.032 -12.509 -11.897 -14.399
0.107551 -15.385 -15.342 -15.286 -15.073 -14.814 -14.505 -15.144 -15.037 -14.811 -14.495 -14.155 -13.749 -15.045 -14.717 -14.311 -13.995 -13.689 -14.7 -14.337 -14.027 -13.815 -13.775 -14.355 -14.559 -14.18 -13.061 -12.54 -11.93 -14.417
0.110804 -15.358 -15.325 -15.275 -15.078 -14.827 -14.523 -15.136 -15.043 -14.823 -14.513 -14.177 -13.774 -15.051 -14.731 -14.331 -14.018 -13.715 -14.714 -14.357 -14.049 -13.837 -13.794 -14.373 -14.575 -14.202 -13.09 -12.571 -11.962 -14.434
0.114155 -15.329 -15.306 -15.263 -15.082 -14.838 -14.54 -15.126 -15.049 -14.835 -14.531 -14.199 -13.799 -15.056 -14.745 -14.351 -14.041 -13.74 -14.728 -14.375 -14.07 -13.859 -13.812 -14.392 -14.591 -14.223 -13.119 -12.601 -11.995 -14.451
0.117608 -15.297 -15.285 -15.25 -15.085 -14.849 -14.557 -15.115 -15.053 -14.845 -14.548 -14.219 -13.823 -15.06 -14.757 -14.37 -14.064 -13.765 -14.74 -14.393 -14.091 -13.881 -13.83 -14.409 -14.607 -14.244 -13.148 -12.632 -12.027 -14.467
0.121165 -15.264 -15.262 -15.234 -15.087 -14.859 -14.573 -15.103 -15.056 -14.855 -14.564 -14.24 -13.848 -15.063 -14.769 -14.389 -14.086 -13.79 -14.752 -14.411 -14.112 -13.903 -13.848 -14.427 -14.621 -14.264 -13.176 -12.662 -12.059 -14.483
0.124829 -15.228 -15.238 -15.217 -15.087 -14.868 -14.588 -15.09 -15.058 -14.864 -14.579 -14.26 -13.871 -15.065 -14.78 -14.407 -14.108 -13.814 -14.764 -14.428 -14.133 -13.924 -13.866 -14.443 -14.635 -14.283 -13.204 -12.692 -12.09 -14.498
0.128605 -15.191 -15.211 -15.199 -15.086 -14.876 -14.603 -15.074 -15.058 -14.872 -14.594 -14.279 -13.895 -15.065 -14.791 -14.425 -14.129 -13.838 -14.774 -14.445 -14.152 -13.945 -13.884 -14.459 -14.648 -14.302 -13.232 -12.722 -12.122 -14.512
0.132494 -15.151 -15.182 -15.178 -15.084 -14.883 -14.617 -15.058 -15.058 -14.879 -14.608 -14.297 -13.917 -15.065 -14.8 -14.442 -14.15 -13.861 -14.784 -14.461 -14.172 -13.966 -13.902 -14.474 -14.661 -14.321 -13.259 -12.752 -12.153 -14.526
0.136502 -15.108 -15.151 -15.155 -15.081 -14.889 -14.63 -15.04 -15.056 -14.885 -14.621 -14.315 -13.94 -15.063 -14.808 -14.458 -14.17 -13.884 -14.792 -14.476 -14.191 -13.986 -13.92 -14.488 -14.672 -14.338 -13.286 -12.781 -12.184 -14.539
0.14063 -15.063 -15.117 -15.131 -15.076 -14.894 -14.642 -15.02 -15.053 -14.89 -14.633 -14.333 -13.962 -15.059 -14.816 -14.473 -14.189 -13.907 -14.8 -14.491 -14.209 -14.006 -13.937 -14.502 -14.683 -14.355 -13.313 -12.81 -12.216 -14.551
0.144883 -15.016 -15.081 -15.104 -15.07 -14.898 -14.654 -14.999 -15.048 -14.894 -14.645 -14.35 -13.983 -15.054 -14.822 -14.488 -14.208 -13.929 -14.807 -14.505 -14.227 -14.025 -13.955 -14.515 -14.693 -14.372 -13.339 -12.839 -12.246 -14.562
0.149265 -14.966 -15.043 -15.076 -15.062 -14.9 -14.664 -14.977 -15.042 -14.897 -14.655 -14.366 -14.004 -15.048 -14.828 -14.502 -14.227 -13.95 -14.813 -14.518 -14.245 -14.045 -13.972 -14.527 -14.702 -14.388 -13.365 -12.868 -12.277 -14.572
0.15378 -14.913 -15.002 -15.045 -15.053 -14.902 -14.674 -14.952 -15.035 -14.898 -14.665 -14.381 -14.024 -15.041 -14.832 -14.515 -14.245 -13.972 -14.818 -14.531 -14.262 -14.063 -13.989 -14.538 -14.71 -14.403 -13.391 -12.896 -12.307 -14.582
0.15843 -14.858 -14.958 -15.012 -15.042 -14.902 -14.683 -14.927 -15.026 -14.899 -14.674 -14.396 -14.044 -15.031 -14.835 -14.528 -14.262 -13.992 -14.822 -14.543 -14.278 -14.082 -14.006 -14.549 -14.717 -14.417 -13.417 -12.924 -12.338 -14.59
0.163222 -14.799 -14.912 -14.977 -15.029 -14.901 -14.691 -14.899 -15.016 -14.898 -14.682 -14.41 -14.063 -15.02 -14.837 -14.539 -14.278 -14.012 -14.825 -14.554 -14.294 -14.099 -14.022 -14.558 -14.723 -14.43 -13.442 -12.952 -12.368 -14.598
0.168159 -14.738 -14.863 -14.939 -15.015 -14.899 -14.697 -14.87 -15.003 -14.896 -14.689 -14.423 -14.082 -15.008 -14.838 -14.55 -14.294 -14.032 -14.827 -14.564 -14.309 -14.117 -14.038 -14.567 -14.728 -14.443 -13.466 -12.979 -12.397 -14.605
0.173245 -14.674 -14.81 -14.899 -14.999 -14.896 -14.703 -14.839 -14.989 -14.892 -14.695 -14.435 -14.1 -14.994 -14.838 -14.56 -14.309 -14.051 -14.827 -14.573 -14.323 -14.133 -14.054 -14.575 -14.731 -14.455 -13.491 -13.006 -12.427 -14.611
0.178484 -14.606 -14.755 -14.856 -14.981 -14.891 -14.708 -14.806 -14.974 -14.887 -14.7 -14.447 -14.118 -14.978 -14.836 -14.569 -14.324 -14.069 -14.826 -14.582 -14.337 -14.15 -14.07 -14.582 -14.734 -14.466 -13.515 -13.033 -12.456 -14.616
0.183882 -14.536 -14.697 -14.811 -14.961 -14.884 -14.712 -14.772 -14.956 -14.881 -14.704 -14.458 -14.134 -14.96 -14.833 -14.577 -14.338 -14.087 -14.825 -14.589 -14.35 -14.165 -14.085 -14.587 -14.736 -14.477 -13.538 -13.06 -12.486 -14.619
0.189444 -14.462 -14.635 -14.763 -14.939 -14.876 -14.714 -14.736 -14.937 -14.873 -14.706 -14.468 -14.151 -14.94 -14.829 -14.584 -14.35 -14.104 -14.821 -14.596 -14.362 -14.181 -14.1 -14.592 -14.736 -14.486 -13.561 -13.086 -12.514 -14.622
0.195173 -14.384 -14.57 -14.712 -14.915 -14.867 -14.715 -14.697 -14.916 -14.864 -14.708 -14.477 -14.166 -14.918 -14.823 -14.59 -14.363 -14.12 -14.817 -14.602 -14.374 -14.195 -14.114 -14.596 -14.735 -14.495 -13.584 -13.112 -12.543 -14.624
0.201076 -14.303 -14.502 -14.659 -14.889 -14.856 -14.715 -14.658 -14.892 -14.853 -14.708 -14.485 -14.181 -14.894 -14.816 -14.595 -14.374 -14.136 -14.811 -14.606 -14.385 -14.209 -14.128 -14.599 -14.733 -14.502 -13.606 -13.137 -12.571 -14.624
0.207158 -14.219 -14.43 -14.602 -14.861 -14.843 -14.714 -14.616 -14.867 -14.84 -14.707 -14.492 -14.195 -14.868 -14.807 -14.599 -14.384 -14.151 -14.803 -14.61 -14.395 -14.222 -14.141 -14.6 -14.73 -14.509 -13.627 -13.163 -12.599 -14.624
0.213423 -14.13 -14.354 -14.543 -14.831 -14.828 -14.712 -14.572 -14.839 -14.826 -14.705 -14.498 -14.208 -14.84 -14.797 -14.602 -14.394 -14.165 -14.795 -14.612 -14.404 -14.235 -14.154 -14.601 -14.725 -14.514 -13.648 -13.187 -12.627 -14.622
0.219878 -14.038 -14.275 -14.48 -14.798 -14.812 -14.708 -14.527 -14.809 -14.81 -14.701 -14.503 -14.221 -14.81 -14.785 -14.604 -14.402 -14.179 -14.784 -14.614 -14.412 -14.247 -14.166 -14.6 -14.719 -14.519 -13.669 -13.212 -12.655 -14.619
0.226528 -13.942 -14.191 -14.414 -14.762 -14.794 -14.703 -14.479 -14.777 -14.792 -14.696 -14.507 -14.232 -14.777 -14.772 -14.604 -14.41 -14.192 -14.772 -14.614 -14.419 -14.258 -14.178 -14.598 -14.711 -14.522 -13.689 -13.236 -12.682 -14.614
0.233379 -13.842 -14.104 -14.345 -14.724 -14.774 -14.696 -14.43 -14.742 -14.772 -14.69 -14.51 -14.243 -14.741 -14.756 -14.604 -14.417 -14.204 -14.758 -14.613 -14.426 -14.268 -14.19 -14.594 -14.702 -14.524 -13.709 -13.26 -12.709 -14.609
0.240437 -13.739 -14.012 -14.272 -14.684 -14.752 -14.688 -14.379 -14.705 -14.75 -14.682 -14.511 -14.253 -14.703 -14.739 -14.601 -14.422 -14.215 -14.743 -14.61 -14.431 -14.277 -14.2 -14.59 -14.691 -14.525 -13.728 -13.283 -12.736 -14.602
0.247709 -13.63 -13.916 -14.196 -14.641 -14.728 -14.678 -14.325 -14.665 -14.726 -14.672 -14.512 -14.263 -14.663 -14.72 -14.598 -14.427 -14.225 -14.726 -14.607 -14.435 -14.286 -14.21 -14.584 -14.679 -14.525 -13.746 -13.306 -12.762 -14.593
0.255201 -13.518 -13.816 -14.117 -14.595 -14.701 -14.666 -14.27 -14.622 -14.699 -14.661 -14.511 -14.271 -14.62 -14.699 -14.593 -14.43 -14.235 -14.707 -14.602 -14.439 -14.294 -14.22 -14.576 -14.665 -14.524 -13.764 -13.328 -12.788 -14.584
0.262919 -13.402 -13.711 -14.033 -14.546 -14.673 -14.653 -14.212 -14.577 -14.671 -14.648 -14.509 -14.278 -14.574 -14.676 -14.587 -14.433 -14.243 -14.686 -14.595 -14.441 -14.301 -14.228 -14.568 -14.649 -14.521 -13.782 -13.35 -12.814 -14.572
0.270871 -13.281 -13.601 -13.946 -14.494 -14.642 -14.638 -14.153 -14.529 -14.641 -14.633 -14.506 -14.284 -14.525 -14.651 -14.579 -14.434 -14.251 -14.663 -14.587 -14.442 -14.307 -14.236 -14.557 -14.631 -14.517 -13.798 -13.372 -12.839 -14.56
0.279064 -13.155 -13.487 -13.855 -14.439 -14.609 -14.621 -14.092 -14.478 -14.608 -14.617 -14.501 -14.289 -14.473 -14.623 -14.57 -14.434 -14.257 -14.637 -14.578 -14.442 -14.312 -14.243 -14.545 -14.612 -14.512 -13.814 -13.393 -12.865 -14.545
0.287504 -13.026 -13.368 -13.76 -14.381 -14.573 -14.603 -14.028 -14.423 -14.572 -14.599 -14.495 -14.294 -14.417 -14.594 -14.559 -14.433 -14.263 -14.61 -14.567 -14.44 -14.316 -14.249 -14.532 -14.59 -14.505 -13.83 -13.413 -12.889 -14.529
0.296199 -12.891 -13.243 -13.661 -14.319 -14.535 -14.582 -13.962 -14.366 -14.534 -14.579 -14.487 -14.297 -14.359 -14.562 -14.546 -14.43 -14.268 -14.581 -14.554 -14.438 -14.319 -14.255 -14.517 -14.567 -14.497 -13.844 -13.433 -12.914 -14.512
0.305157 -12.752 -13.113 -13.558 -14.254 -14.494 -14.56 -13.894 -14.305 -14.494 -14.556 -14.478 -14.299 -14.297 -14.528 -14.532 -14.426 -14.271 -14.549 -14.54 -14.434 -14.321 -14.26 -14.5 -14.541 -14.487 -13.858 -13.453 -12.938 -14.492
0.314387 -12.609 -12.978 -13.451 -14.186 -14.451 -14.535 -13.825 -14.241 -14.45 -14.532 -14.468 -14.3 -14.232 -14.491 -14.516 -14.421 -14.273 -14.515 -14.524 -14.429 -14.321 -14.263 -14.482 -14.514 -14.475 -13.871 -13.472 -12.961 -14.471
0.323895 -12.461 -12.838 -13.339 -14.114 -14.404 -14.508 -13.752 -14.174 -14.404 -14.506 -14.455 -14.299 -14.163 -14.452 -14.498 -14.414 -14.275 -14.479 -14.506 -14.422 -14.321 -14.266 -14.461 -14.484 -14.462 -13.884 -13.49 -12.985 -14.449
0.333691 -12.308 -12.691 -13.222 -14.038 -14.355 -14.479 -13.678 -14.103 -14.355 -14.477 -14.441 -14.298 -14.091 -14.41 -14.478 -14.406 -14.275 -14.44 -14.486 -14.414 -14.319 -14.268 -14.439 -14.452 -14.447 -13.896 -13.508 -13.008 -14.424
0.343783 -12.151 -12.539 -13.101 -13.958 -14.303 -14.448 -13.601 -14.028 -14.304 -14.446 -14.426 -14.295 -14.015 -14.365 -14.456 -14.396 -14.274 -14.398 -14.464 -14.404 -14.317 -14.268 -14.415 -14.418 -14.431 -13.907 -13.526 -13.03 -14.398
0.354181 -11.989 -12.381 -12.976 -13.875 -14.247 -14.414 -13.523 -13.949 -14.249 -14.413 -14.408 -14.291 -13.935 -14.318 -14.433 -14.385 -14.271 -14.354 -14.441 -14.393 -14.313 -14.268 -14.389 -14.381 -14.412 -13.917 -13.542 -13.052 -14.369
0.364893 -11.823 -12.217 -12.845 -13.787 -14.189 -14.378 -13.442 -13.866 -14.191 -14.378 -14.389 -14.285 -13.851 -14.268 -14.407 -14.372 -14.267 -14.307 -14.415 -14.38 -14.307 -14.267 -14.361 -14.342 -14.392 -13.926 -13.558 -13.074 -14.339
0.375929 -11.652 -12.046 -12.71 -13.695 -14.127 -14.339 -13.358 -13.78 -14.129 -14.34 -14.368 -14.278 -13.763 -14.215 -14.379 -14.357 -14.262 -14.258 -14.387 -14.365 -14.3 -14.264 -14.331 -14.3 -14.37 -13.934 -13.574 -13.095 -14.307
0.387298 -11.478 -11.869 -12.57 -13.599 -14.062 -14.298 -13.272 -13.689 -14.064 -14.299 -14.345 -14.27 -13.67 -14.158 -14.348 -14.34 -14.256 -14.205 -14.357 -14.349 -14.292 -14.26 -14.299 -14.256 -14.346 -13.942 -13.589 -13.116 -14.273
0.399012 -11.299 -11.685 -12.425 -13.498 -13.993 -14.253 -13.184 -13.594 -13.996 -14.255 -14.32 -14.26 -13.573 -14.099 -14.316 -14.322 -14.248 -14.149 -14.325 -14.331 -14.282 -14.255 -14.265 -14.209 -14.32 -13.948 -13.603 -13.137 -14.237
0.41108 -11.117 -11.495 -12.274 -13.392 -13.921 -14.207 -13.094 -13.494 -13.925 -14.209 -14.293 -14.248 -13.472 -14.036 -14.281 -14.302 -14.238 -14.09 -14.29 -14.311 -14.271 -14.249 -14.228 -14.159 -14.291 -13.954 -13.617 -13.157 -14.198
0.423513 -10.932 -11.297 -12.119 -13.282 -13.845 -14.157 -13.0 -13.39 -13.849 -14.16 -14.264 -14.235 -13.366 -13.97 -14.243 -14.28 -14.227 -14.029 -14.253 -14.289 -14.258 -14.242 -14.19 -14.106 -14.261 -13.959 -13.63 -13.176 -14.158
