web/models/kne.last_good/kappa_0.5_3.0.v2/34/villar_0.0775_0.1397_3.0000.dat
# %ECSV 1.0
# ---
# datatype:
# - {name: time, datatype: float64}
# - {name: swift_uvot_uvw2, datatype: float64}
# - {name: swift_uvot_uvm2, datatype: float64}
# - {name: swift_uvot_uvw1, datatype: float64}
# - {name: swift_uvot_U, datatype: float64}
# - {name: swift_uvot_B, datatype: float64}
# - {name: swift_uvot_V, datatype: float64}
# - {name: swift_uvot_W, datatype: float64}
# - {name: johnson_U, datatype: float64}
# - {name: johnson_B, datatype: float64}
# - {name: johnson_V, datatype: float64}
# - {name: johnson_R, datatype: float64}
# - {name: johnson_I, datatype: float64}
# - {name: sdss_u, datatype: float64}
# - {name: sdss_g, datatype: float64}
# - {name: sdss_r, datatype: float64}
# - {name: sdss_i, datatype: float64}
# - {name: sdss_z, datatype: float64}
# - {name: PS1_g, datatype: float64}
# - {name: PS1_r, datatype: float64}
# - {name: PS1_i, datatype: float64}
# - {name: PS1_z, datatype: float64}
# - {name: PS1_Y, datatype: float64}
# - {name: PS1_w, datatype: float64}
# - {name: ATLAS_c, datatype: float64}
# - {name: ATLAS_o, datatype: float64}
# - {name: ukirt_J, datatype: float64}
# - {name: ukirt_H, datatype: float64}
# - {name: ukirt_K, datatype: float64}
# - {name: Clear, datatype: float64}
# meta: !!omap
# - comment: [kappa = 3.0, type = villar, mass = 0.07749594937791414, velocity = 0.13966666666666672, theta_obs = 0.0, tfloor = 2500.0]
# schema: astropy-2.0
time swift_uvot_uvw2 swift_uvot_uvm2 swift_uvot_uvw1 swift_uvot_U swift_uvot_B swift_uvot_V swift_uvot_W johnson_U johnson_B johnson_V johnson_R johnson_I sdss_u sdss_g sdss_r sdss_i sdss_z PS1_g PS1_r PS1_i PS1_z PS1_Y PS1_w ATLAS_c ATLAS_o ukirt_J ukirt_H ukirt_K Clear
[from data line 138]
0.061059 -16.924 -15.972 -15.719 -15.078 -14.622 -14.162 -15.575 -15.008 -14.618 -14.151 -13.707 -13.204 -15.02 -14.475 -13.901 -13.499 -13.129 -14.759 -14.339 -14.094 -14.158 -14.804 -13.99 -14.252 -13.738 -12.409 -11.836 -11.182 -14.092
0.062906 -16.928 -16.0 -15.749 -15.111 -14.656 -14.197 -15.605 -15.041 -14.652 -14.186 -13.742 -13.24 -15.053 -14.509 -13.936 -13.534 -13.165 -14.78 -14.358 -14.108 -14.164 -14.798 -14.025 -14.287 -13.774 -12.445 -11.872 -11.219 -14.127
0.064808 -16.932 -16.027 -15.78 -15.144 -14.69 -14.232 -15.636 -15.074 -14.686 -14.22 -13.778 -13.276 -15.086 -14.543 -13.972 -13.57 -13.201 -14.801 -14.377 -14.122 -14.17 -14.792 -14.06 -14.321 -13.809 -12.482 -11.909 -11.256 -14.161
0.066769 -16.936 -16.055 -15.81 -15.177 -14.724 -14.267 -15.666 -15.107 -14.72 -14.255 -13.813 -13.312 -15.119 -14.577 -14.007 -13.606 -13.237 -14.823 -14.396 -14.137 -14.177 -14.787 -14.095 -14.356 -13.844 -12.518 -11.946 -11.293 -14.196
0.068788 -16.941 -16.082 -15.84 -15.209 -14.757 -14.301 -15.696 -15.14 -14.754 -14.29 -13.848 -13.348 -15.151 -14.611 -14.042 -13.641 -13.273 -14.845 -14.416 -14.153 -14.184 -14.782 -14.129 -14.39 -13.88 -12.555 -11.983 -11.33 -14.23
0.070868 -16.946 -16.11 -15.87 -15.242 -14.791 -14.336 -15.725 -15.173 -14.787 -14.324 -13.883 -13.383 -15.184 -14.645 -14.077 -13.677 -13.309 -14.867 -14.436 -14.169 -14.192 -14.778 -14.164 -14.424 -13.915 -12.591 -12.02 -11.367 -14.265
0.073012 -16.951 -16.137 -15.9 -15.274 -14.825 -14.37 -15.755 -15.205 -14.821 -14.359 -13.918 -13.419 -15.216 -14.679 -14.111 -13.712 -13.345 -14.89 -14.457 -14.185 -14.201 -14.774 -14.199 -14.458 -13.95 -12.628 -12.057 -11.404 -14.299
0.07522 -16.956 -16.164 -15.929 -15.306 -14.858 -14.404 -15.784 -15.237 -14.854 -14.393 -13.953 -13.455 -15.249 -14.713 -14.146 -13.747 -13.381 -14.913 -14.478 -14.202 -14.21 -14.77 -14.233 -14.493 -13.985 -12.664 -12.093 -11.442 -14.333
0.077495 -16.962 -16.19 -15.958 -15.338 -14.891 -14.439 -15.813 -15.27 -14.887 -14.427 -13.988 -13.49 -15.281 -14.746 -14.181 -13.783 -13.416 -14.936 -14.499 -14.22 -14.22 -14.767 -14.267 -14.526 -14.02 -12.7 -12.13 -11.479 -14.367
0.079839 -16.968 -16.217 -15.987 -15.37 -14.924 -14.473 -15.841 -15.302 -14.92 -14.461 -14.023 -13.526 -15.313 -14.78 -14.215 -13.818 -13.452 -14.959 -14.521 -14.238 -14.23 -14.764 -14.302 -14.56 -14.055 -12.737 -12.167 -11.516 -14.401
0.082253 -16.974 -16.243 -16.016 -15.401 -14.957 -14.507 -15.87 -15.334 -14.953 -14.495 -14.058 -13.561 -15.345 -14.813 -14.25 -13.853 -13.488 -14.983 -14.543 -14.257 -14.241 -14.762 -14.336 -14.594 -14.089 -12.773 -12.203 -11.552 -14.435
0.084741 -16.98 -16.269 -16.045 -15.433 -14.99 -14.541 -15.898 -15.365 -14.986 -14.529 -14.093 -13.597 -15.377 -14.846 -14.284 -13.888 -13.523 -15.007 -14.566 -14.276 -14.252 -14.76 -14.37 -14.628 -14.124 -12.809 -12.24 -11.589 -14.469
0.087304 -16.987 -16.295 -16.073 -15.464 -15.023 -14.575 -15.926 -15.397 -15.019 -14.563 -14.127 -13.632 -15.408 -14.879 -14.319 -13.923 -13.559 -15.031 -14.588 -14.295 -14.264 -14.759 -14.404 -14.661 -14.158 -12.845 -12.276 -11.626 -14.502
0.089944 -16.994 -16.321 -16.101 -15.495 -15.055 -14.608 -15.953 -15.428 -15.052 -14.597 -14.162 -13.667 -15.439 -14.912 -14.353 -13.958 -13.594 -15.056 -14.612 -14.315 -14.277 -14.758 -14.438 -14.695 -14.193 -12.881 -12.313 -11.663 -14.536
0.092665 -17.001 -16.346 -16.128 -15.526 -15.088 -14.642 -15.981 -15.459 -15.084 -14.63 -14.196 -13.702 -15.471 -14.945 -14.387 -13.993 -13.629 -15.08 -14.635 -14.335 -14.29 -14.758 -14.471 -14.728 -14.227 -12.917 -12.349 -11.7 -14.569
0.095467 -17.008 -16.371 -16.156 -15.557 -15.12 -14.675 -16.008 -15.49 -15.116 -14.664 -14.23 -13.738 -15.502 -14.978 -14.421 -14.027 -13.665 -15.105 -14.659 -14.356 -14.303 -14.758 -14.505 -14.761 -14.262 -12.953 -12.386 -11.737 -14.603
0.098355 -17.015 -16.396 -16.183 -15.588 -15.152 -14.709 -16.035 -15.521 -15.148 -14.697 -14.265 -13.773 -15.532 -15.01 -14.455 -14.062 -13.7 -15.13 -14.683 -14.377 -14.317 -14.758 -14.538 -14.794 -14.296 -12.989 -12.422 -11.774 -14.636
0.101329 -17.022 -16.421 -16.21 -15.618 -15.184 -14.742 -16.061 -15.552 -15.18 -14.731 -14.299 -13.808 -15.563 -15.043 -14.489 -14.096 -13.735 -15.155 -14.707 -14.399 -14.332 -14.759 -14.572 -14.827 -14.33 -13.025 -12.459 -11.81 -14.669
0.104394 -17.03 -16.445 -16.236 -15.648 -15.216 -14.775 -16.087 -15.582 -15.212 -14.764 -14.333 -13.842 -15.593 -15.075 -14.522 -14.131 -13.77 -15.181 -14.732 -14.421 -14.347 -14.761 -14.605 -14.86 -14.364 -13.061 -12.495 -11.847 -14.702
0.107551 -17.037 -16.469 -16.262 -15.678 -15.248 -14.808 -16.113 -15.612 -15.244 -14.797 -14.367 -13.877 -15.624 -15.107 -14.556 -14.165 -13.805 -15.206 -14.757 -14.443 -14.363 -14.763 -14.638 -14.893 -14.398 -13.097 -12.531 -11.884 -14.735
0.110804 -17.044 -16.493 -16.288 -15.708 -15.279 -14.841 -16.139 -15.642 -15.275 -14.83 -14.401 -13.912 -15.653 -15.139 -14.589 -14.199 -13.84 -15.232 -14.782 -14.466 -14.379 -14.766 -14.671 -14.925 -14.431 -13.133 -12.568 -11.92 -14.767
0.114155 -17.052 -16.516 -16.313 -15.737 -15.31 -14.874 -16.164 -15.672 -15.307 -14.862 -14.434 -13.947 -15.683 -15.171 -14.623 -14.234 -13.874 -15.257 -14.807 -14.489 -14.396 -14.769 -14.704 -14.957 -14.465 -13.168 -12.604 -11.957 -14.8
0.117608 -17.06 -16.539 -16.338 -15.766 -15.342 -14.906 -16.188 -15.702 -15.338 -14.895 -14.468 -13.981 -15.713 -15.202 -14.656 -14.268 -13.909 -15.283 -14.832 -14.512 -14.413 -14.772 -14.737 -14.99 -14.498 -13.204 -12.64 -11.994 -14.832
0.121165 -17.067 -16.561 -16.363 -15.795 -15.372 -14.939 -16.213 -15.731 -15.369 -14.927 -14.501 -14.016 -15.742 -15.234 -14.689 -14.302 -13.944 -15.309 -14.858 -14.536 -14.431 -14.776 -14.77 -15.022 -14.532 -13.24 -12.676 -12.03 -14.864
0.124829 -17.075 -16.584 -16.388 -15.824 -15.403 -14.971 -16.237 -15.76 -15.399 -14.96 -14.535 -14.05 -15.771 -15.265 -14.722 -14.335 -13.978 -15.335 -14.884 -14.56 -14.449 -14.781 -14.802 -15.054 -14.565 -13.275 -12.712 -12.067 -14.896
0.128605 -17.082 -16.605 -16.412 -15.853 -15.434 -15.003 -16.261 -15.789 -15.43 -14.992 -14.568 -14.084 -15.8 -15.296 -14.755 -14.369 -14.012 -15.361 -14.91 -14.584 -14.467 -14.786 -14.834 -15.085 -14.598 -13.31 -12.748 -12.103 -14.928
0.132494 -17.089 -16.627 -16.435 -15.881 -15.464 -15.035 -16.284 -15.818 -15.46 -15.024 -14.601 -14.118 -15.829 -15.327 -14.787 -14.403 -14.047 -15.387 -14.936 -14.608 -14.486 -14.792 -14.866 -15.117 -14.631 -13.346 -12.784 -12.14 -14.96
0.136502 -17.097 -16.648 -16.458 -15.909 -15.494 -15.067 -16.307 -15.846 -15.49 -15.055 -14.634 -14.152 -15.857 -15.357 -14.82 -14.436 -14.081 -15.413 -14.962 -14.633 -14.505 -14.798 -14.898 -15.148 -14.664 -13.381 -12.82 -12.176 -14.991
0.14063 -17.104 -16.668 -16.481 -15.937 -15.524 -15.098 -16.329 -15.874 -15.52 -15.087 -14.667 -14.186 -15.885 -15.388 -14.852 -14.47 -14.115 -15.439 -14.988 -14.658 -14.525 -14.805 -14.93 -15.179 -14.697 -13.416 -12.856 -12.212 -15.023
0.144883 -17.11 -16.689 -16.503 -15.964 -15.554 -15.13 -16.351 -15.902 -15.55 -15.119 -14.699 -14.22 -15.913 -15.418 -14.885 -14.503 -14.149 -15.465 -15.015 -14.683 -14.545 -14.813 -14.962 -15.21 -14.73 -13.451 -12.891 -12.249 -15.054
0.149265 -17.117 -16.708 -16.525 -15.991 -15.583 -15.161 -16.373 -15.929 -15.579 -15.15 -14.732 -14.254 -15.94 -15.448 -14.917 -14.536 -14.183 -15.491 -15.041 -14.708 -14.566 -14.821 -14.993 -15.241 -14.762 -13.487 -12.927 -12.285 -15.085
0.15378 -17.124 -16.727 -16.547 -16.018 -15.612 -15.192 -16.394 -15.956 -15.609 -15.181 -14.764 -14.287 -15.967 -15.478 -14.949 -14.569 -14.217 -15.517 -15.068 -14.733 -14.587 -14.829 -15.025 -15.272 -14.794 -13.521 -12.963 -12.321 -15.116
0.15843 -17.13 -16.746 -16.568 -16.044 -15.641 -15.223 -16.415 -15.983 -15.638 -15.212 -14.797 -14.321 -15.994 -15.508 -14.98 -14.602 -14.251 -15.543 -15.095 -14.759 -14.608 -14.838 -15.056 -15.302 -14.827 -13.556 -12.998 -12.357 -15.146
0.163222 -17.136 -16.764 -16.588 -16.07 -15.67 -15.254 -16.435 -16.01 -15.666 -15.243 -14.829 -14.354 -16.021 -15.537 -15.012 -14.635 -14.284 -15.569 -15.121 -14.785 -14.629 -14.847 -15.087 -15.333 -14.859 -13.591 -13.034 -12.393 -15.177
0.168159 -17.141 -16.782 -16.608 -16.096 -15.699 -15.284 -16.455 -16.036 -15.695 -15.273 -14.861 -14.388 -16.047 -15.566 -15.043 -14.667 -14.318 -15.595 -15.148 -14.811 -14.651 -14.857 -15.118 -15.363 -14.89 -13.626 -13.069 -12.43 -15.207
0.173245 -17.147 -16.799 -16.628 -16.122 -15.727 -15.314 -16.474 -16.062 -15.723 -15.303 -14.892 -14.421 -16.073 -15.595 -15.075 -14.7 -14.351 -15.62 -15.175 -14.837 -14.673 -14.868 -15.148 -15.392 -14.922 -13.661 -13.105 -12.466 -15.237
0.178484 -17.151 -16.815 -16.647 -16.147 -15.755 -15.345 -16.492 -16.088 -15.751 -15.334 -14.924 -14.454 -16.098 -15.624 -15.106 -14.732 -14.384 -15.646 -15.201 -14.863 -14.696 -14.879 -15.179 -15.422 -14.954 -13.695 -13.14 -12.501 -15.267
0.183882 -17.156 -16.831 -16.665 -16.172 -15.782 -15.374 -16.511 -16.113 -15.779 -15.363 -14.956 -14.487 -16.124 -15.652 -15.136 -14.764 -14.417 -15.672 -15.228 -14.889 -14.718 -14.89 -15.209 -15.451 -14.985 -13.73 -13.175 -12.537 -15.296
0.189444 -17.16 -16.846 -16.683 -16.196 -15.81 -15.404 -16.528 -16.138 -15.806 -15.393 -14.987 -14.519 -16.148 -15.68 -15.167 -14.796 -14.45 -15.697 -15.255 -14.915 -14.741 -14.902 -15.239 -15.48 -15.016 -13.764 -13.21 -12.573 -15.326
0.195173 -17.164 -16.861 -16.7 -16.22 -15.837 -15.434 -16.545 -16.162 -15.833 -15.423 -15.018 -14.552 -16.173 -15.708 -15.198 -14.828 -14.483 -15.722 -15.281 -14.942 -14.764 -14.914 -15.269 -15.509 -15.047 -13.798 -13.246 -12.609 -15.355
0.201076 -17.167 -16.875 -16.717 -16.244 -15.864 -15.463 -16.562 -16.187 -15.86 -15.452 -15.049 -14.584 -16.197 -15.735 -15.228 -14.86 -14.516 -15.747 -15.308 -14.968 -14.788 -14.927 -15.298 -15.538 -15.078 -13.833 -13.281 -12.645 -15.384
0.207158 -17.169 -16.888 -16.733 -16.267 -15.89 -15.492 -16.577 -16.21 -15.886 -15.481 -15.079 -14.617 -16.221 -15.763 -15.258 -14.891 -14.548 -15.772 -15.335 -14.995 -14.811 -14.941 -15.327 -15.566 -15.108 -13.867 -13.316 -12.681 -15.412
0.213423 -17.171 -16.9 -16.748 -16.29 -15.916 -15.52 -16.593 -16.234 -15.912 -15.509 -15.11 -14.649 -16.244 -15.79 -15.288 -14.922 -14.581 -15.797 -15.361 -15.021 -14.835 -14.954 -15.356 -15.594 -15.139 -13.901 -13.35 -12.716 -15.441
0.219878 -17.173 -16.912 -16.763 -16.312 -15.942 -15.549 -16.607 -16.257 -15.938 -15.538 -15.14 -14.681 -16.267 -15.816 -15.317 -14.954 -14.613 -15.822 -15.388 -15.048 -14.859 -14.968 -15.385 -15.622 -15.169 -13.934 -13.385 -12.752 -15.469
0.226528 -17.173 -16.923 -16.777 -16.334 -15.967 -15.577 -16.621 -16.279 -15.963 -15.566 -15.17 -14.713 -16.289 -15.843 -15.347 -14.984 -14.645 -15.846 -15.414 -15.074 -14.883 -14.983 -15.414 -15.649 -15.199 -13.968 -13.42 -12.787 -15.496
0.233379 -17.173 -16.933 -16.79 -16.355 -15.992 -15.605 -16.634 -16.301 -15.989 -15.594 -15.2 -14.744 -16.311 -15.869 -15.376 -15.015 -14.677 -15.87 -15.44 -15.101 -14.907 -14.998 -15.442 -15.677 -15.229 -14.002 -13.455 -12.823 -15.524
0.240437 -17.173 -16.943 -16.803 -16.376 -16.017 -15.632 -16.647 -16.323 -16.013 -15.622 -15.23 -14.776 -16.333 -15.894 -15.405 -15.046 -14.709 -15.894 -15.466 -15.128 -14.932 -15.013 -15.47 -15.703 -15.258 -14.035 -13.489 -12.858 -15.551
0.247709 -17.171 -16.951 -16.815 -16.396 -16.041 -15.66 -16.659 -16.344 -16.038 -15.649 -15.259 -14.807 -16.354 -15.92 -15.433 -15.076 -14.74 -15.918 -15.492 -15.154 -14.956 -15.029 -15.498 -15.73 -15.287 -14.069 -13.523 -12.893 -15.578
0.255201 -17.169 -16.959 -16.826 -16.416 -16.065 -15.687 -16.67 -16.364 -16.061 -15.676 -15.288 -14.838 -16.374 -15.945 -15.462 -15.106 -14.772 -15.941 -15.518 -15.18 -14.981 -15.045 -15.525 -15.756 -15.316 -14.102 -13.558 -12.929 -15.605
0.262919 -17.166 -16.966 -16.836 -16.436 -16.089 -15.713 -16.68 -16.384 -16.085 -15.703 -15.317 -14.869 -16.394 -15.969 -15.49 -15.136 -14.803 -15.964 -15.543 -15.207 -15.005 -15.062 -15.552 -15.782 -15.345 -14.135 -13.592 -12.964 -15.631
0.270871 -17.162 -16.972 -16.845 -16.454 -16.112 -15.74 -16.69 -16.404 -16.108 -15.729 -15.346 -14.9 -16.413 -15.993 -15.518 -15.166 -14.834 -15.987 -15.569 -15.233 -15.03 -15.079 -15.579 -15.808 -15.374 -14.168 -13.626 -12.999 -15.657
0.279064 -17.157 -16.977 -16.854 -16.473 -16.135 -15.766 -16.699 -16.423 -16.131 -15.755 -15.374 -14.93 -16.432 -16.017 -15.545 -15.195 -14.865 -16.01 -15.594 -15.259 -15.055 -15.096 -15.606 -15.833 -15.402 -14.201 -13.66 -13.034 -15.683
0.287504 -17.151 -16.981 -16.862 -16.49 -16.157 -15.791 -16.707 -16.441 -16.153 -15.781 -15.402 -14.961 -16.451 -16.04 -15.572 -15.224 -14.895 -16.032 -15.619 -15.286 -15.08 -15.113 -15.632 -15.858 -15.43 -14.234 -13.694 -13.069 -15.708
0.296199 -17.144 -16.984 -16.868 -16.507 -16.179 -15.817 -16.714 -16.459 -16.175 -15.806 -15.43 -14.991 -16.469 -16.063 -15.599 -15.253 -14.926 -16.054 -15.644 -15.312 -15.105 -15.131 -15.658 -15.882 -15.458 -14.267 -13.728 -13.103 -15.733
0.305157 -17.137 -16.985 -16.874 -16.524 -16.2 -15.842 -16.72 -16.476 -16.196 -15.831 -15.458 -15.021 -16.486 -16.086 -15.626 -15.282 -14.956 -16.075 -15.669 -15.338 -15.129 -15.149 -15.683 -15.907 -15.485 -14.299 -13.762 -13.138 -15.758
0.314387 -17.128 -16.986 -16.879 -16.54 -16.221 -15.866 -16.726 -16.493 -16.217 -15.856 -15.485 -15.05 -16.502 -16.108 -15.652 -15.31 -14.986 -16.096 -15.693 -15.363 -15.154 -15.167 -15.708 -15.93 -15.512 -14.331 -13.795 -13.173 -15.782
0.323895 -17.118 -16.986 -16.883 -16.555 -16.241 -15.891 -16.73 -16.509 -16.237 -15.88 -15.512 -15.08 -16.518 -16.13 -15.678 -15.339 -15.016 -16.117 -15.717 -15.389 -15.179 -15.185 -15.733 -15.954 -15.539 -14.364 -13.829 -13.207 -15.806
0.333691 -17.106 -16.984 -16.886 -16.569 -16.261 -15.914 -16.734 -16.524 -16.257 -15.904 -15.539 -15.109 -16.533 -16.151 -15.704 -15.367 -15.045 -16.137 -15.741 -15.414 -15.204 -15.204 -15.758 -15.976 -15.565 -14.396 -13.862 -13.242 -15.829
0.343783 -17.094 -16.981 -16.888 -16.583 -16.28 -15.938 -16.736 -16.539 -16.276 -15.928 -15.565 -15.138 -16.548 -16.171 -15.729 -15.394 -15.075 -16.157 -15.765 -15.44 -15.229 -15.223 -15.782 -15.999 -15.591 -14.427 -13.895 -13.276 -15.852
0.354181 -17.08 -16.977 -16.889 -16.596 -16.299 -15.961 -16.738 -16.553 -16.295 -15.951 -15.591 -15.166 -16.562 -16.191 -15.754 -15.421 -15.104 -16.177 -15.788 -15.465 -15.253 -15.242 -15.805 -16.021 -15.617 -14.459 -13.928 -13.311 -15.875
0.364893 -17.065 -16.972 -16.888 -16.608 -16.317 -15.983 -16.739 -16.566 -16.313 -15.973 -15.617 -15.195 -16.575 -16.211 -15.778 -15.448 -15.133 -16.196 -15.811 -15.49 -15.278 -15.261 -15.829 -16.042 -15.643 -14.491 -13.961 -13.345 -15.897
0.375929 -17.048 -16.965 -16.887 -16.619 -16.334 -16.005 -16.739 -16.579 -16.33 -15.995 -15.642 -15.223 -16.587 -16.23 -15.802 -15.475 -15.161 -16.215 -15.834 -15.514 -15.302 -15.281 -15.851 -16.063 -15.668 -14.522 -13.994 -13.379 -15.918
0.387298 -17.03 -16.957 -16.884 -16.63 -16.351 -16.027 -16.737 -16.59 -16.347 -16.017 -15.667 -15.251 -16.599 -16.249 -15.826 -15.502 -15.189 -16.233 -15.856 -15.539 -15.327 -15.3 -15.874 -16.084 -15.692 -14.553 -14.027 -13.413 -15.94
0.399012 -17.011 -16.948 -16.88 -16.64 -16.367 -16.048 -16.735 -16.601 -16.364 -16.038 -15.691 -15.278 -16.61 -16.266 -15.849 -15.528 -15.218 -16.25 -15.878 -15.563 -15.351 -15.32 -15.896 -16.104 -15.717 -14.584 -14.059 -13.447 -15.96
0.41108 -16.99 -16.936 -16.875 -16.649 -16.383 -16.069 -16.731 -16.611 -16.379 -16.059 -15.716 -15.306 -16.619 -16.284 -15.872 -15.553 -15.245 -16.267 -15.9 -15.587 -15.375 -15.339 -15.917 -16.123 -15.741 -14.615 -14.092 -13.481 -15.981
0.423513 -16.968 -16.924 -16.869 -16.657 -16.398 -16.089 -16.727 -16.62 -16.394 -16.079 -15.739 -15.333 -16.628 -16.3 -15.895 -15.579 -15.273 -16.284 -15.921 -15.611 -15.399 -15.359 -15.938 -16.142 -15.764 -14.645 -14.124 -13.514 -16.0
