web/models/linear/11/-12_918_0_002.dat
# %ECSV 1.0
# ---
# datatype:
# - {name: time, datatype: float64}
# - {name: swift_uvot_uvw2, datatype: float64}
# - {name: swift_uvot_uvm2, datatype: float64}
# - {name: swift_uvot_uvw1, datatype: float64}
# - {name: swift_uvot_U, datatype: float64}
# - {name: swift_uvot_B, datatype: float64}
# - {name: swift_uvot_V, datatype: float64}
# - {name: swift_uvot_W, datatype: float64}
# - {name: johnson_U, datatype: float64}
# - {name: johnson_B, datatype: float64}
# - {name: johnson_V, datatype: float64}
# - {name: johnson_R, datatype: float64}
# - {name: johnson_I, datatype: float64}
# - {name: sdss_u, datatype: float64}
# - {name: sdss_g, datatype: float64}
# - {name: sdss_r, datatype: float64}
# - {name: sdss_i, datatype: float64}
# - {name: sdss_z, datatype: float64}
# - {name: PS1_g, datatype: float64}
# - {name: PS1_r, datatype: float64}
# - {name: PS1_i, datatype: float64}
# - {name: PS1_z, datatype: float64}
# - {name: PS1_Y, datatype: float64}
# - {name: PS1_w, datatype: float64}
# - {name: ATLAS_c, datatype: float64}
# - {name: ATLAS_o, datatype: float64}
# - {name: ukirt_J, datatype: float64}
# - {name: ukirt_H, datatype: float64}
# - {name: ukirt_K, datatype: float64}
# - {name: Clear, datatype: float64}
# meta: !!omap
# - comment: [M=-12.918367346938776, dM=0.0021718998507771624]
# schema: astropy-2.0
time swift_uvot_uvw2 swift_uvot_uvm2 swift_uvot_uvw1 swift_uvot_U swift_uvot_B swift_uvot_V swift_uvot_W johnson_U johnson_B johnson_V johnson_R johnson_I sdss_u sdss_g sdss_r sdss_i sdss_z PS1_g PS1_r PS1_i PS1_z PS1_Y PS1_w ATLAS_c ATLAS_o ukirt_J ukirt_H ukirt_K Clear
[from data line 136]
10.251256281407034 -12.89610264495091 -12.89610264495091 -12.89610264495091 -12.89610264495091 -12.89610264495091 -12.89610264495091 -12.89610264495091 -12.89610264495091 -12.89610264495091 -12.89610264495091 -12.89610264495091 -12.89610264495091 -12.89610264495091 -12.89610264495091 -12.89610264495091 -12.89610264495091 -12.89610264495091 -12.89610264495091 -12.89610264495091 -12.89610264495091 -12.89610264495091 -12.89610264495091 -12.89610264495091 -12.89610264495091 -12.89610264495091 -12.89610264495091 -12.89610264495091 -12.89610264495091 -12.89610264495091
10.326633165829145 -12.895938933906882 -12.895938933906882 -12.895938933906882 -12.895938933906882 -12.895938933906882 -12.895938933906882 -12.895938933906882 -12.895938933906882 -12.895938933906882 -12.895938933906882 -12.895938933906882 -12.895938933906882 -12.895938933906882 -12.895938933906882 -12.895938933906882 -12.895938933906882 -12.895938933906882 -12.895938933906882 -12.895938933906882 -12.895938933906882 -12.895938933906882 -12.895938933906882 -12.895938933906882 -12.895938933906882 -12.895938933906882 -12.895938933906882 -12.895938933906882 -12.895938933906882 -12.895938933906882
10.402010050251256 -12.895775222862854 -12.895775222862854 -12.895775222862854 -12.895775222862854 -12.895775222862854 -12.895775222862854 -12.895775222862854 -12.895775222862854 -12.895775222862854 -12.895775222862854 -12.895775222862854 -12.895775222862854 -12.895775222862854 -12.895775222862854 -12.895775222862854 -12.895775222862854 -12.895775222862854 -12.895775222862854 -12.895775222862854 -12.895775222862854 -12.895775222862854 -12.895775222862854 -12.895775222862854 -12.895775222862854 -12.895775222862854 -12.895775222862854 -12.895775222862854 -12.895775222862854 -12.895775222862854
10.477386934673365 -12.895611511818824 -12.895611511818824 -12.895611511818824 -12.895611511818824 -12.895611511818824 -12.895611511818824 -12.895611511818824 -12.895611511818824 -12.895611511818824 -12.895611511818824 -12.895611511818824 -12.895611511818824 -12.895611511818824 -12.895611511818824 -12.895611511818824 -12.895611511818824 -12.895611511818824 -12.895611511818824 -12.895611511818824 -12.895611511818824 -12.895611511818824 -12.895611511818824 -12.895611511818824 -12.895611511818824 -12.895611511818824 -12.895611511818824 -12.895611511818824 -12.895611511818824 -12.895611511818824
10.552763819095476 -12.895447800774797 -12.895447800774797 -12.895447800774797 -12.895447800774797 -12.895447800774797 -12.895447800774797 -12.895447800774797 -12.895447800774797 -12.895447800774797 -12.895447800774797 -12.895447800774797 -12.895447800774797 -12.895447800774797 -12.895447800774797 -12.895447800774797 -12.895447800774797 -12.895447800774797 -12.895447800774797 -12.895447800774797 -12.895447800774797 -12.895447800774797 -12.895447800774797 -12.895447800774797 -12.895447800774797 -12.895447800774797 -12.895447800774797 -12.895447800774797 -12.895447800774797 -12.895447800774797
10.628140703517587 -12.895284089730767 -12.895284089730767 -12.895284089730767 -12.895284089730767 -12.895284089730767 -12.895284089730767 -12.895284089730767 -12.895284089730767 -12.895284089730767 -12.895284089730767 -12.895284089730767 -12.895284089730767 -12.895284089730767 -12.895284089730767 -12.895284089730767 -12.895284089730767 -12.895284089730767 -12.895284089730767 -12.895284089730767 -12.895284089730767 -12.895284089730767 -12.895284089730767 -12.895284089730767 -12.895284089730767 -12.895284089730767 -12.895284089730767 -12.895284089730767 -12.895284089730767 -12.895284089730767
10.703517587939697 -12.89512037868674 -12.89512037868674 -12.89512037868674 -12.89512037868674 -12.89512037868674 -12.89512037868674 -12.89512037868674 -12.89512037868674 -12.89512037868674 -12.89512037868674 -12.89512037868674 -12.89512037868674 -12.89512037868674 -12.89512037868674 -12.89512037868674 -12.89512037868674 -12.89512037868674 -12.89512037868674 -12.89512037868674 -12.89512037868674 -12.89512037868674 -12.89512037868674 -12.89512037868674 -12.89512037868674 -12.89512037868674 -12.89512037868674 -12.89512037868674 -12.89512037868674 -12.89512037868674
10.778894472361808 -12.894956667642711 -12.894956667642711 -12.894956667642711 -12.894956667642711 -12.894956667642711 -12.894956667642711 -12.894956667642711 -12.894956667642711 -12.894956667642711 -12.894956667642711 -12.894956667642711 -12.894956667642711 -12.894956667642711 -12.894956667642711 -12.894956667642711 -12.894956667642711 -12.894956667642711 -12.894956667642711 -12.894956667642711 -12.894956667642711 -12.894956667642711 -12.894956667642711 -12.894956667642711 -12.894956667642711 -12.894956667642711 -12.894956667642711 -12.894956667642711 -12.894956667642711 -12.894956667642711
10.854271356783919 -12.894792956598682 -12.894792956598682 -12.894792956598682 -12.894792956598682 -12.894792956598682 -12.894792956598682 -12.894792956598682 -12.894792956598682 -12.894792956598682 -12.894792956598682 -12.894792956598682 -12.894792956598682 -12.894792956598682 -12.894792956598682 -12.894792956598682 -12.894792956598682 -12.894792956598682 -12.894792956598682 -12.894792956598682 -12.894792956598682 -12.894792956598682 -12.894792956598682 -12.894792956598682 -12.894792956598682 -12.894792956598682 -12.894792956598682 -12.894792956598682 -12.894792956598682 -12.894792956598682
10.92964824120603 -12.894629245554654 -12.894629245554654 -12.894629245554654 -12.894629245554654 -12.894629245554654 -12.894629245554654 -12.894629245554654 -12.894629245554654 -12.894629245554654 -12.894629245554654 -12.894629245554654 -12.894629245554654 -12.894629245554654 -12.894629245554654 -12.894629245554654 -12.894629245554654 -12.894629245554654 -12.894629245554654 -12.894629245554654 -12.894629245554654 -12.894629245554654 -12.894629245554654 -12.894629245554654 -12.894629245554654 -12.894629245554654 -12.894629245554654 -12.894629245554654 -12.894629245554654 -12.894629245554654
11.00502512562814 -12.894465534510626 -12.894465534510626 -12.894465534510626 -12.894465534510626 -12.894465534510626 -12.894465534510626 -12.894465534510626 -12.894465534510626 -12.894465534510626 -12.894465534510626 -12.894465534510626 -12.894465534510626 -12.894465534510626 -12.894465534510626 -12.894465534510626 -12.894465534510626 -12.894465534510626 -12.894465534510626 -12.894465534510626 -12.894465534510626 -12.894465534510626 -12.894465534510626 -12.894465534510626 -12.894465534510626 -12.894465534510626 -12.894465534510626 -12.894465534510626 -12.894465534510626 -12.894465534510626
11.08040201005025 -12.894301823466597 -12.894301823466597 -12.894301823466597 -12.894301823466597 -12.894301823466597 -12.894301823466597 -12.894301823466597 -12.894301823466597 -12.894301823466597 -12.894301823466597 -12.894301823466597 -12.894301823466597 -12.894301823466597 -12.894301823466597 -12.894301823466597 -12.894301823466597 -12.894301823466597 -12.894301823466597 -12.894301823466597 -12.894301823466597 -12.894301823466597 -12.894301823466597 -12.894301823466597 -12.894301823466597 -12.894301823466597 -12.894301823466597 -12.894301823466597 -12.894301823466597 -12.894301823466597
11.15577889447236 -12.894138112422569 -12.894138112422569 -12.894138112422569 -12.894138112422569 -12.894138112422569 -12.894138112422569 -12.894138112422569 -12.894138112422569 -12.894138112422569 -12.894138112422569 -12.894138112422569 -12.894138112422569 -12.894138112422569 -12.894138112422569 -12.894138112422569 -12.894138112422569 -12.894138112422569 -12.894138112422569 -12.894138112422569 -12.894138112422569 -12.894138112422569 -12.894138112422569 -12.894138112422569 -12.894138112422569 -12.894138112422569 -12.894138112422569 -12.894138112422569 -12.894138112422569 -12.894138112422569
11.231155778894472 -12.893974401378541 -12.893974401378541 -12.893974401378541 -12.893974401378541 -12.893974401378541 -12.893974401378541 -12.893974401378541 -12.893974401378541 -12.893974401378541 -12.893974401378541 -12.893974401378541 -12.893974401378541 -12.893974401378541 -12.893974401378541 -12.893974401378541 -12.893974401378541 -12.893974401378541 -12.893974401378541 -12.893974401378541 -12.893974401378541 -12.893974401378541 -12.893974401378541 -12.893974401378541 -12.893974401378541 -12.893974401378541 -12.893974401378541 -12.893974401378541 -12.893974401378541 -12.893974401378541
11.306532663316581 -12.893810690334512 -12.893810690334512 -12.893810690334512 -12.893810690334512 -12.893810690334512 -12.893810690334512 -12.893810690334512 -12.893810690334512 -12.893810690334512 -12.893810690334512 -12.893810690334512 -12.893810690334512 -12.893810690334512 -12.893810690334512 -12.893810690334512 -12.893810690334512 -12.893810690334512 -12.893810690334512 -12.893810690334512 -12.893810690334512 -12.893810690334512 -12.893810690334512 -12.893810690334512 -12.893810690334512 -12.893810690334512 -12.893810690334512 -12.893810690334512 -12.893810690334512 -12.893810690334512
11.381909547738692 -12.893646979290484 -12.893646979290484 -12.893646979290484 -12.893646979290484 -12.893646979290484 -12.893646979290484 -12.893646979290484 -12.893646979290484 -12.893646979290484 -12.893646979290484 -12.893646979290484 -12.893646979290484 -12.893646979290484 -12.893646979290484 -12.893646979290484 -12.893646979290484 -12.893646979290484 -12.893646979290484 -12.893646979290484 -12.893646979290484 -12.893646979290484 -12.893646979290484 -12.893646979290484 -12.893646979290484 -12.893646979290484 -12.893646979290484 -12.893646979290484 -12.893646979290484 -12.893646979290484
11.457286432160803 -12.893483268246454 -12.893483268246454 -12.893483268246454 -12.893483268246454 -12.893483268246454 -12.893483268246454 -12.893483268246454 -12.893483268246454 -12.893483268246454 -12.893483268246454 -12.893483268246454 -12.893483268246454 -12.893483268246454 -12.893483268246454 -12.893483268246454 -12.893483268246454 -12.893483268246454 -12.893483268246454 -12.893483268246454 -12.893483268246454 -12.893483268246454 -12.893483268246454 -12.893483268246454 -12.893483268246454 -12.893483268246454 -12.893483268246454 -12.893483268246454 -12.893483268246454 -12.893483268246454
11.532663316582914 -12.893319557202426 -12.893319557202426 -12.893319557202426 -12.893319557202426 -12.893319557202426 -12.893319557202426 -12.893319557202426 -12.893319557202426 -12.893319557202426 -12.893319557202426 -12.893319557202426 -12.893319557202426 -12.893319557202426 -12.893319557202426 -12.893319557202426 -12.893319557202426 -12.893319557202426 -12.893319557202426 -12.893319557202426 -12.893319557202426 -12.893319557202426 -12.893319557202426 -12.893319557202426 -12.893319557202426 -12.893319557202426 -12.893319557202426 -12.893319557202426 -12.893319557202426 -12.893319557202426
11.608040201005025 -12.893155846158399 -12.893155846158399 -12.893155846158399 -12.893155846158399 -12.893155846158399 -12.893155846158399 -12.893155846158399 -12.893155846158399 -12.893155846158399 -12.893155846158399 -12.893155846158399 -12.893155846158399 -12.893155846158399 -12.893155846158399 -12.893155846158399 -12.893155846158399 -12.893155846158399 -12.893155846158399 -12.893155846158399 -12.893155846158399 -12.893155846158399 -12.893155846158399 -12.893155846158399 -12.893155846158399 -12.893155846158399 -12.893155846158399 -12.893155846158399 -12.893155846158399 -12.893155846158399
11.683417085427134 -12.892992135114369 -12.892992135114369 -12.892992135114369 -12.892992135114369 -12.892992135114369 -12.892992135114369 -12.892992135114369 -12.892992135114369 -12.892992135114369 -12.892992135114369 -12.892992135114369 -12.892992135114369 -12.892992135114369 -12.892992135114369 -12.892992135114369 -12.892992135114369 -12.892992135114369 -12.892992135114369 -12.892992135114369 -12.892992135114369 -12.892992135114369 -12.892992135114369 -12.892992135114369 -12.892992135114369 -12.892992135114369 -12.892992135114369 -12.892992135114369 -12.892992135114369 -12.892992135114369
11.758793969849245 -12.892828424070341 -12.892828424070341 -12.892828424070341 -12.892828424070341 -12.892828424070341 -12.892828424070341 -12.892828424070341 -12.892828424070341 -12.892828424070341 -12.892828424070341 -12.892828424070341 -12.892828424070341 -12.892828424070341 -12.892828424070341 -12.892828424070341 -12.892828424070341 -12.892828424070341 -12.892828424070341 -12.892828424070341 -12.892828424070341 -12.892828424070341 -12.892828424070341 -12.892828424070341 -12.892828424070341 -12.892828424070341 -12.892828424070341 -12.892828424070341 -12.892828424070341 -12.892828424070341
11.834170854271356 -12.892664713026313 -12.892664713026313 -12.892664713026313 -12.892664713026313 -12.892664713026313 -12.892664713026313 -12.892664713026313 -12.892664713026313 -12.892664713026313 -12.892664713026313 -12.892664713026313 -12.892664713026313 -12.892664713026313 -12.892664713026313 -12.892664713026313 -12.892664713026313 -12.892664713026313 -12.892664713026313 -12.892664713026313 -12.892664713026313 -12.892664713026313 -12.892664713026313 -12.892664713026313 -12.892664713026313 -12.892664713026313 -12.892664713026313 -12.892664713026313 -12.892664713026313 -12.892664713026313
11.909547738693465 -12.892501001982284 -12.892501001982284 -12.892501001982284 -12.892501001982284 -12.892501001982284 -12.892501001982284 -12.892501001982284 -12.892501001982284 -12.892501001982284 -12.892501001982284 -12.892501001982284 -12.892501001982284 -12.892501001982284 -12.892501001982284 -12.892501001982284 -12.892501001982284 -12.892501001982284 -12.892501001982284 -12.892501001982284 -12.892501001982284 -12.892501001982284 -12.892501001982284 -12.892501001982284 -12.892501001982284 -12.892501001982284 -12.892501001982284 -12.892501001982284 -12.892501001982284 -12.892501001982284
11.984924623115576 -12.892337290938256 -12.892337290938256 -12.892337290938256 -12.892337290938256 -12.892337290938256 -12.892337290938256 -12.892337290938256 -12.892337290938256 -12.892337290938256 -12.892337290938256 -12.892337290938256 -12.892337290938256 -12.892337290938256 -12.892337290938256 -12.892337290938256 -12.892337290938256 -12.892337290938256 -12.892337290938256 -12.892337290938256 -12.892337290938256 -12.892337290938256 -12.892337290938256 -12.892337290938256 -12.892337290938256 -12.892337290938256 -12.892337290938256 -12.892337290938256 -12.892337290938256 -12.892337290938256
12.060301507537687 -12.892173579894228 -12.892173579894228 -12.892173579894228 -12.892173579894228 -12.892173579894228 -12.892173579894228 -12.892173579894228 -12.892173579894228 -12.892173579894228 -12.892173579894228 -12.892173579894228 -12.892173579894228 -12.892173579894228 -12.892173579894228 -12.892173579894228 -12.892173579894228 -12.892173579894228 -12.892173579894228 -12.892173579894228 -12.892173579894228 -12.892173579894228 -12.892173579894228 -12.892173579894228 -12.892173579894228 -12.892173579894228 -12.892173579894228 -12.892173579894228 -12.892173579894228 -12.892173579894228
