web/models/linear/11/-12_918_0_041.dat
# %ECSV 1.0
# ---
# datatype:
# - {name: time, datatype: float64}
# - {name: swift_uvot_uvw2, datatype: float64}
# - {name: swift_uvot_uvm2, datatype: float64}
# - {name: swift_uvot_uvw1, datatype: float64}
# - {name: swift_uvot_U, datatype: float64}
# - {name: swift_uvot_B, datatype: float64}
# - {name: swift_uvot_V, datatype: float64}
# - {name: swift_uvot_W, datatype: float64}
# - {name: johnson_U, datatype: float64}
# - {name: johnson_B, datatype: float64}
# - {name: johnson_V, datatype: float64}
# - {name: johnson_R, datatype: float64}
# - {name: johnson_I, datatype: float64}
# - {name: sdss_u, datatype: float64}
# - {name: sdss_g, datatype: float64}
# - {name: sdss_r, datatype: float64}
# - {name: sdss_i, datatype: float64}
# - {name: sdss_z, datatype: float64}
# - {name: PS1_g, datatype: float64}
# - {name: PS1_r, datatype: float64}
# - {name: PS1_i, datatype: float64}
# - {name: PS1_z, datatype: float64}
# - {name: PS1_Y, datatype: float64}
# - {name: PS1_w, datatype: float64}
# - {name: ATLAS_c, datatype: float64}
# - {name: ATLAS_o, datatype: float64}
# - {name: ukirt_J, datatype: float64}
# - {name: ukirt_H, datatype: float64}
# - {name: ukirt_K, datatype: float64}
# - {name: Clear, datatype: float64}
# meta: !!omap
# - comment: [M=-12.918367346938776, dM=0.04138386210422373]
# schema: astropy-2.0
time swift_uvot_uvw2 swift_uvot_uvm2 swift_uvot_uvw1 swift_uvot_U swift_uvot_B swift_uvot_V swift_uvot_W johnson_U johnson_B johnson_V johnson_R johnson_I sdss_u sdss_g sdss_r sdss_i sdss_z PS1_g PS1_r PS1_i PS1_z PS1_Y PS1_w ATLAS_c ATLAS_o ukirt_J ukirt_H ukirt_K Clear
[from data line 28]
2.1105527638190953 -12.831024522397199 -12.831024522397199 -12.831024522397199 -12.831024522397199 -12.831024522397199 -12.831024522397199 -12.831024522397199 -12.831024522397199 -12.831024522397199 -12.831024522397199 -12.831024522397199 -12.831024522397199 -12.831024522397199 -12.831024522397199 -12.831024522397199 -12.831024522397199 -12.831024522397199 -12.831024522397199 -12.831024522397199 -12.831024522397199 -12.831024522397199 -12.831024522397199 -12.831024522397199 -12.831024522397199 -12.831024522397199 -12.831024522397199 -12.831024522397199 -12.831024522397199 -12.831024522397199
2.185929648241206 -12.827905135806429 -12.827905135806429 -12.827905135806429 -12.827905135806429 -12.827905135806429 -12.827905135806429 -12.827905135806429 -12.827905135806429 -12.827905135806429 -12.827905135806429 -12.827905135806429 -12.827905135806429 -12.827905135806429 -12.827905135806429 -12.827905135806429 -12.827905135806429 -12.827905135806429 -12.827905135806429 -12.827905135806429 -12.827905135806429 -12.827905135806429 -12.827905135806429 -12.827905135806429 -12.827905135806429 -12.827905135806429 -12.827905135806429 -12.827905135806429 -12.827905135806429 -12.827905135806429
2.2613065326633164 -12.824785749215657 -12.824785749215657 -12.824785749215657 -12.824785749215657 -12.824785749215657 -12.824785749215657 -12.824785749215657 -12.824785749215657 -12.824785749215657 -12.824785749215657 -12.824785749215657 -12.824785749215657 -12.824785749215657 -12.824785749215657 -12.824785749215657 -12.824785749215657 -12.824785749215657 -12.824785749215657 -12.824785749215657 -12.824785749215657 -12.824785749215657 -12.824785749215657 -12.824785749215657 -12.824785749215657 -12.824785749215657 -12.824785749215657 -12.824785749215657 -12.824785749215657 -12.824785749215657
2.336683417085427 -12.821666362624887 -12.821666362624887 -12.821666362624887 -12.821666362624887 -12.821666362624887 -12.821666362624887 -12.821666362624887 -12.821666362624887 -12.821666362624887 -12.821666362624887 -12.821666362624887 -12.821666362624887 -12.821666362624887 -12.821666362624887 -12.821666362624887 -12.821666362624887 -12.821666362624887 -12.821666362624887 -12.821666362624887 -12.821666362624887 -12.821666362624887 -12.821666362624887 -12.821666362624887 -12.821666362624887 -12.821666362624887 -12.821666362624887 -12.821666362624887 -12.821666362624887 -12.821666362624887
2.4120603015075375 -12.818546976034115 -12.818546976034115 -12.818546976034115 -12.818546976034115 -12.818546976034115 -12.818546976034115 -12.818546976034115 -12.818546976034115 -12.818546976034115 -12.818546976034115 -12.818546976034115 -12.818546976034115 -12.818546976034115 -12.818546976034115 -12.818546976034115 -12.818546976034115 -12.818546976034115 -12.818546976034115 -12.818546976034115 -12.818546976034115 -12.818546976034115 -12.818546976034115 -12.818546976034115 -12.818546976034115 -12.818546976034115 -12.818546976034115 -12.818546976034115 -12.818546976034115 -12.818546976034115
2.487437185929648 -12.815427589443345 -12.815427589443345 -12.815427589443345 -12.815427589443345 -12.815427589443345 -12.815427589443345 -12.815427589443345 -12.815427589443345 -12.815427589443345 -12.815427589443345 -12.815427589443345 -12.815427589443345 -12.815427589443345 -12.815427589443345 -12.815427589443345 -12.815427589443345 -12.815427589443345 -12.815427589443345 -12.815427589443345 -12.815427589443345 -12.815427589443345 -12.815427589443345 -12.815427589443345 -12.815427589443345 -12.815427589443345 -12.815427589443345 -12.815427589443345 -12.815427589443345 -12.815427589443345
2.5628140703517586 -12.812308202852575 -12.812308202852575 -12.812308202852575 -12.812308202852575 -12.812308202852575 -12.812308202852575 -12.812308202852575 -12.812308202852575 -12.812308202852575 -12.812308202852575 -12.812308202852575 -12.812308202852575 -12.812308202852575 -12.812308202852575 -12.812308202852575 -12.812308202852575 -12.812308202852575 -12.812308202852575 -12.812308202852575 -12.812308202852575 -12.812308202852575 -12.812308202852575 -12.812308202852575 -12.812308202852575 -12.812308202852575 -12.812308202852575 -12.812308202852575 -12.812308202852575 -12.812308202852575
2.638190954773869 -12.809188816261804 -12.809188816261804 -12.809188816261804 -12.809188816261804 -12.809188816261804 -12.809188816261804 -12.809188816261804 -12.809188816261804 -12.809188816261804 -12.809188816261804 -12.809188816261804 -12.809188816261804 -12.809188816261804 -12.809188816261804 -12.809188816261804 -12.809188816261804 -12.809188816261804 -12.809188816261804 -12.809188816261804 -12.809188816261804 -12.809188816261804 -12.809188816261804 -12.809188816261804 -12.809188816261804 -12.809188816261804 -12.809188816261804 -12.809188816261804 -12.809188816261804 -12.809188816261804
2.7135678391959797 -12.806069429671034 -12.806069429671034 -12.806069429671034 -12.806069429671034 -12.806069429671034 -12.806069429671034 -12.806069429671034 -12.806069429671034 -12.806069429671034 -12.806069429671034 -12.806069429671034 -12.806069429671034 -12.806069429671034 -12.806069429671034 -12.806069429671034 -12.806069429671034 -12.806069429671034 -12.806069429671034 -12.806069429671034 -12.806069429671034 -12.806069429671034 -12.806069429671034 -12.806069429671034 -12.806069429671034 -12.806069429671034 -12.806069429671034 -12.806069429671034 -12.806069429671034 -12.806069429671034
2.78894472361809 -12.802950043080262 -12.802950043080262 -12.802950043080262 -12.802950043080262 -12.802950043080262 -12.802950043080262 -12.802950043080262 -12.802950043080262 -12.802950043080262 -12.802950043080262 -12.802950043080262 -12.802950043080262 -12.802950043080262 -12.802950043080262 -12.802950043080262 -12.802950043080262 -12.802950043080262 -12.802950043080262 -12.802950043080262 -12.802950043080262 -12.802950043080262 -12.802950043080262 -12.802950043080262 -12.802950043080262 -12.802950043080262 -12.802950043080262 -12.802950043080262 -12.802950043080262 -12.802950043080262
2.8643216080402008 -12.799830656489492 -12.799830656489492 -12.799830656489492 -12.799830656489492 -12.799830656489492 -12.799830656489492 -12.799830656489492 -12.799830656489492 -12.799830656489492 -12.799830656489492 -12.799830656489492 -12.799830656489492 -12.799830656489492 -12.799830656489492 -12.799830656489492 -12.799830656489492 -12.799830656489492 -12.799830656489492 -12.799830656489492 -12.799830656489492 -12.799830656489492 -12.799830656489492 -12.799830656489492 -12.799830656489492 -12.799830656489492 -12.799830656489492 -12.799830656489492 -12.799830656489492 -12.799830656489492
2.9396984924623113 -12.796711269898722 -12.796711269898722 -12.796711269898722 -12.796711269898722 -12.796711269898722 -12.796711269898722 -12.796711269898722 -12.796711269898722 -12.796711269898722 -12.796711269898722 -12.796711269898722 -12.796711269898722 -12.796711269898722 -12.796711269898722 -12.796711269898722 -12.796711269898722 -12.796711269898722 -12.796711269898722 -12.796711269898722 -12.796711269898722 -12.796711269898722 -12.796711269898722 -12.796711269898722 -12.796711269898722 -12.796711269898722 -12.796711269898722 -12.796711269898722 -12.796711269898722 -12.796711269898722
3.015075376884422 -12.79359188330795 -12.79359188330795 -12.79359188330795 -12.79359188330795 -12.79359188330795 -12.79359188330795 -12.79359188330795 -12.79359188330795 -12.79359188330795 -12.79359188330795 -12.79359188330795 -12.79359188330795 -12.79359188330795 -12.79359188330795 -12.79359188330795 -12.79359188330795 -12.79359188330795 -12.79359188330795 -12.79359188330795 -12.79359188330795 -12.79359188330795 -12.79359188330795 -12.79359188330795 -12.79359188330795 -12.79359188330795 -12.79359188330795 -12.79359188330795 -12.79359188330795 -12.79359188330795
3.0904522613065324 -12.79047249671718 -12.79047249671718 -12.79047249671718 -12.79047249671718 -12.79047249671718 -12.79047249671718 -12.79047249671718 -12.79047249671718 -12.79047249671718 -12.79047249671718 -12.79047249671718 -12.79047249671718 -12.79047249671718 -12.79047249671718 -12.79047249671718 -12.79047249671718 -12.79047249671718 -12.79047249671718 -12.79047249671718 -12.79047249671718 -12.79047249671718 -12.79047249671718 -12.79047249671718 -12.79047249671718 -12.79047249671718 -12.79047249671718 -12.79047249671718 -12.79047249671718 -12.79047249671718
3.165829145728643 -12.78735311012641 -12.78735311012641 -12.78735311012641 -12.78735311012641 -12.78735311012641 -12.78735311012641 -12.78735311012641 -12.78735311012641 -12.78735311012641 -12.78735311012641 -12.78735311012641 -12.78735311012641 -12.78735311012641 -12.78735311012641 -12.78735311012641 -12.78735311012641 -12.78735311012641 -12.78735311012641 -12.78735311012641 -12.78735311012641 -12.78735311012641 -12.78735311012641 -12.78735311012641 -12.78735311012641 -12.78735311012641 -12.78735311012641 -12.78735311012641 -12.78735311012641 -12.78735311012641
3.2412060301507535 -12.784233723535639 -12.784233723535639 -12.784233723535639 -12.784233723535639 -12.784233723535639 -12.784233723535639 -12.784233723535639 -12.784233723535639 -12.784233723535639 -12.784233723535639 -12.784233723535639 -12.784233723535639 -12.784233723535639 -12.784233723535639 -12.784233723535639 -12.784233723535639 -12.784233723535639 -12.784233723535639 -12.784233723535639 -12.784233723535639 -12.784233723535639 -12.784233723535639 -12.784233723535639 -12.784233723535639 -12.784233723535639 -12.784233723535639 -12.784233723535639 -12.784233723535639 -12.784233723535639
3.316582914572864 -12.781114336944869 -12.781114336944869 -12.781114336944869 -12.781114336944869 -12.781114336944869 -12.781114336944869 -12.781114336944869 -12.781114336944869 -12.781114336944869 -12.781114336944869 -12.781114336944869 -12.781114336944869 -12.781114336944869 -12.781114336944869 -12.781114336944869 -12.781114336944869 -12.781114336944869 -12.781114336944869 -12.781114336944869 -12.781114336944869 -12.781114336944869 -12.781114336944869 -12.781114336944869 -12.781114336944869 -12.781114336944869 -12.781114336944869 -12.781114336944869 -12.781114336944869 -12.781114336944869
3.3919597989949746 -12.777994950354097 -12.777994950354097 -12.777994950354097 -12.777994950354097 -12.777994950354097 -12.777994950354097 -12.777994950354097 -12.777994950354097 -12.777994950354097 -12.777994950354097 -12.777994950354097 -12.777994950354097 -12.777994950354097 -12.777994950354097 -12.777994950354097 -12.777994950354097 -12.777994950354097 -12.777994950354097 -12.777994950354097 -12.777994950354097 -12.777994950354097 -12.777994950354097 -12.777994950354097 -12.777994950354097 -12.777994950354097 -12.777994950354097 -12.777994950354097 -12.777994950354097 -12.777994950354097
3.467336683417085 -12.774875563763327 -12.774875563763327 -12.774875563763327 -12.774875563763327 -12.774875563763327 -12.774875563763327 -12.774875563763327 -12.774875563763327 -12.774875563763327 -12.774875563763327 -12.774875563763327 -12.774875563763327 -12.774875563763327 -12.774875563763327 -12.774875563763327 -12.774875563763327 -12.774875563763327 -12.774875563763327 -12.774875563763327 -12.774875563763327 -12.774875563763327 -12.774875563763327 -12.774875563763327 -12.774875563763327 -12.774875563763327 -12.774875563763327 -12.774875563763327 -12.774875563763327 -12.774875563763327
3.5427135678391957 -12.771756177172557 -12.771756177172557 -12.771756177172557 -12.771756177172557 -12.771756177172557 -12.771756177172557 -12.771756177172557 -12.771756177172557 -12.771756177172557 -12.771756177172557 -12.771756177172557 -12.771756177172557 -12.771756177172557 -12.771756177172557 -12.771756177172557 -12.771756177172557 -12.771756177172557 -12.771756177172557 -12.771756177172557 -12.771756177172557 -12.771756177172557 -12.771756177172557 -12.771756177172557 -12.771756177172557 -12.771756177172557 -12.771756177172557 -12.771756177172557 -12.771756177172557 -12.771756177172557
3.618090452261306 -12.768636790581786 -12.768636790581786 -12.768636790581786 -12.768636790581786 -12.768636790581786 -12.768636790581786 -12.768636790581786 -12.768636790581786 -12.768636790581786 -12.768636790581786 -12.768636790581786 -12.768636790581786 -12.768636790581786 -12.768636790581786 -12.768636790581786 -12.768636790581786 -12.768636790581786 -12.768636790581786 -12.768636790581786 -12.768636790581786 -12.768636790581786 -12.768636790581786 -12.768636790581786 -12.768636790581786 -12.768636790581786 -12.768636790581786 -12.768636790581786 -12.768636790581786 -12.768636790581786
3.6934673366834168 -12.765517403991016 -12.765517403991016 -12.765517403991016 -12.765517403991016 -12.765517403991016 -12.765517403991016 -12.765517403991016 -12.765517403991016 -12.765517403991016 -12.765517403991016 -12.765517403991016 -12.765517403991016 -12.765517403991016 -12.765517403991016 -12.765517403991016 -12.765517403991016 -12.765517403991016 -12.765517403991016 -12.765517403991016 -12.765517403991016 -12.765517403991016 -12.765517403991016 -12.765517403991016 -12.765517403991016 -12.765517403991016 -12.765517403991016 -12.765517403991016 -12.765517403991016 -12.765517403991016
3.7688442211055273 -12.762398017400244 -12.762398017400244 -12.762398017400244 -12.762398017400244 -12.762398017400244 -12.762398017400244 -12.762398017400244 -12.762398017400244 -12.762398017400244 -12.762398017400244 -12.762398017400244 -12.762398017400244 -12.762398017400244 -12.762398017400244 -12.762398017400244 -12.762398017400244 -12.762398017400244 -12.762398017400244 -12.762398017400244 -12.762398017400244 -12.762398017400244 -12.762398017400244 -12.762398017400244 -12.762398017400244 -12.762398017400244 -12.762398017400244 -12.762398017400244 -12.762398017400244 -12.762398017400244
3.844221105527638 -12.759278630809474 -12.759278630809474 -12.759278630809474 -12.759278630809474 -12.759278630809474 -12.759278630809474 -12.759278630809474 -12.759278630809474 -12.759278630809474 -12.759278630809474 -12.759278630809474 -12.759278630809474 -12.759278630809474 -12.759278630809474 -12.759278630809474 -12.759278630809474 -12.759278630809474 -12.759278630809474 -12.759278630809474 -12.759278630809474 -12.759278630809474 -12.759278630809474 -12.759278630809474 -12.759278630809474 -12.759278630809474 -12.759278630809474 -12.759278630809474 -12.759278630809474 -12.759278630809474
3.9195979899497484 -12.756159244218704 -12.756159244218704 -12.756159244218704 -12.756159244218704 -12.756159244218704 -12.756159244218704 -12.756159244218704 -12.756159244218704 -12.756159244218704 -12.756159244218704 -12.756159244218704 -12.756159244218704 -12.756159244218704 -12.756159244218704 -12.756159244218704 -12.756159244218704 -12.756159244218704 -12.756159244218704 -12.756159244218704 -12.756159244218704 -12.756159244218704 -12.756159244218704 -12.756159244218704 -12.756159244218704 -12.756159244218704 -12.756159244218704 -12.756159244218704 -12.756159244218704 -12.756159244218704
