web/models/linear/11/-12_918_0_008.dat
# %ECSV 1.0
# ---
# datatype:
# - {name: time, datatype: float64}
# - {name: swift_uvot_uvw2, datatype: float64}
# - {name: swift_uvot_uvm2, datatype: float64}
# - {name: swift_uvot_uvw1, datatype: float64}
# - {name: swift_uvot_U, datatype: float64}
# - {name: swift_uvot_B, datatype: float64}
# - {name: swift_uvot_V, datatype: float64}
# - {name: swift_uvot_W, datatype: float64}
# - {name: johnson_U, datatype: float64}
# - {name: johnson_B, datatype: float64}
# - {name: johnson_V, datatype: float64}
# - {name: johnson_R, datatype: float64}
# - {name: johnson_I, datatype: float64}
# - {name: sdss_u, datatype: float64}
# - {name: sdss_g, datatype: float64}
# - {name: sdss_r, datatype: float64}
# - {name: sdss_i, datatype: float64}
# - {name: sdss_z, datatype: float64}
# - {name: PS1_g, datatype: float64}
# - {name: PS1_r, datatype: float64}
# - {name: PS1_i, datatype: float64}
# - {name: PS1_z, datatype: float64}
# - {name: PS1_Y, datatype: float64}
# - {name: PS1_w, datatype: float64}
# - {name: ATLAS_c, datatype: float64}
# - {name: ATLAS_o, datatype: float64}
# - {name: ukirt_J, datatype: float64}
# - {name: ukirt_H, datatype: float64}
# - {name: ukirt_K, datatype: float64}
# - {name: Clear, datatype: float64}
# meta: !!omap
# - comment: [M=-12.918367346938776, dM=0.007512482411700718]
# schema: astropy-2.0
time swift_uvot_uvw2 swift_uvot_uvm2 swift_uvot_uvw1 swift_uvot_U swift_uvot_B swift_uvot_V swift_uvot_W johnson_U johnson_B johnson_V johnson_R johnson_I sdss_u sdss_g sdss_r sdss_i sdss_z PS1_g PS1_r PS1_i PS1_z PS1_Y PS1_w ATLAS_c ATLAS_o ukirt_J ukirt_H ukirt_K Clear
[from data line 27]
2.0351758793969847 -12.90307812394009 -12.90307812394009 -12.90307812394009 -12.90307812394009 -12.90307812394009 -12.90307812394009 -12.90307812394009 -12.90307812394009 -12.90307812394009 -12.90307812394009 -12.90307812394009 -12.90307812394009 -12.90307812394009 -12.90307812394009 -12.90307812394009 -12.90307812394009 -12.90307812394009 -12.90307812394009 -12.90307812394009 -12.90307812394009 -12.90307812394009 -12.90307812394009 -12.90307812394009 -12.90307812394009 -12.90307812394009 -12.90307812394009 -12.90307812394009 -12.90307812394009 -12.90307812394009
2.1105527638190953 -12.902511856421619 -12.902511856421619 -12.902511856421619 -12.902511856421619 -12.902511856421619 -12.902511856421619 -12.902511856421619 -12.902511856421619 -12.902511856421619 -12.902511856421619 -12.902511856421619 -12.902511856421619 -12.902511856421619 -12.902511856421619 -12.902511856421619 -12.902511856421619 -12.902511856421619 -12.902511856421619 -12.902511856421619 -12.902511856421619 -12.902511856421619 -12.902511856421619 -12.902511856421619 -12.902511856421619 -12.902511856421619 -12.902511856421619 -12.902511856421619 -12.902511856421619 -12.902511856421619
2.185929648241206 -12.90194558890315 -12.90194558890315 -12.90194558890315 -12.90194558890315 -12.90194558890315 -12.90194558890315 -12.90194558890315 -12.90194558890315 -12.90194558890315 -12.90194558890315 -12.90194558890315 -12.90194558890315 -12.90194558890315 -12.90194558890315 -12.90194558890315 -12.90194558890315 -12.90194558890315 -12.90194558890315 -12.90194558890315 -12.90194558890315 -12.90194558890315 -12.90194558890315 -12.90194558890315 -12.90194558890315 -12.90194558890315 -12.90194558890315 -12.90194558890315 -12.90194558890315 -12.90194558890315
2.2613065326633164 -12.90137932138468 -12.90137932138468 -12.90137932138468 -12.90137932138468 -12.90137932138468 -12.90137932138468 -12.90137932138468 -12.90137932138468 -12.90137932138468 -12.90137932138468 -12.90137932138468 -12.90137932138468 -12.90137932138468 -12.90137932138468 -12.90137932138468 -12.90137932138468 -12.90137932138468 -12.90137932138468 -12.90137932138468 -12.90137932138468 -12.90137932138468 -12.90137932138468 -12.90137932138468 -12.90137932138468 -12.90137932138468 -12.90137932138468 -12.90137932138468 -12.90137932138468 -12.90137932138468
2.336683417085427 -12.900813053866209 -12.900813053866209 -12.900813053866209 -12.900813053866209 -12.900813053866209 -12.900813053866209 -12.900813053866209 -12.900813053866209 -12.900813053866209 -12.900813053866209 -12.900813053866209 -12.900813053866209 -12.900813053866209 -12.900813053866209 -12.900813053866209 -12.900813053866209 -12.900813053866209 -12.900813053866209 -12.900813053866209 -12.900813053866209 -12.900813053866209 -12.900813053866209 -12.900813053866209 -12.900813053866209 -12.900813053866209 -12.900813053866209 -12.900813053866209 -12.900813053866209 -12.900813053866209
2.4120603015075375 -12.90024678634774 -12.90024678634774 -12.90024678634774 -12.90024678634774 -12.90024678634774 -12.90024678634774 -12.90024678634774 -12.90024678634774 -12.90024678634774 -12.90024678634774 -12.90024678634774 -12.90024678634774 -12.90024678634774 -12.90024678634774 -12.90024678634774 -12.90024678634774 -12.90024678634774 -12.90024678634774 -12.90024678634774 -12.90024678634774 -12.90024678634774 -12.90024678634774 -12.90024678634774 -12.90024678634774 -12.90024678634774 -12.90024678634774 -12.90024678634774 -12.90024678634774 -12.90024678634774
2.487437185929648 -12.89968051882927 -12.89968051882927 -12.89968051882927 -12.89968051882927 -12.89968051882927 -12.89968051882927 -12.89968051882927 -12.89968051882927 -12.89968051882927 -12.89968051882927 -12.89968051882927 -12.89968051882927 -12.89968051882927 -12.89968051882927 -12.89968051882927 -12.89968051882927 -12.89968051882927 -12.89968051882927 -12.89968051882927 -12.89968051882927 -12.89968051882927 -12.89968051882927 -12.89968051882927 -12.89968051882927 -12.89968051882927 -12.89968051882927 -12.89968051882927 -12.89968051882927 -12.89968051882927
2.5628140703517586 -12.899114251310799 -12.899114251310799 -12.899114251310799 -12.899114251310799 -12.899114251310799 -12.899114251310799 -12.899114251310799 -12.899114251310799 -12.899114251310799 -12.899114251310799 -12.899114251310799 -12.899114251310799 -12.899114251310799 -12.899114251310799 -12.899114251310799 -12.899114251310799 -12.899114251310799 -12.899114251310799 -12.899114251310799 -12.899114251310799 -12.899114251310799 -12.899114251310799 -12.899114251310799 -12.899114251310799 -12.899114251310799 -12.899114251310799 -12.899114251310799 -12.899114251310799 -12.899114251310799
2.638190954773869 -12.89854798379233 -12.89854798379233 -12.89854798379233 -12.89854798379233 -12.89854798379233 -12.89854798379233 -12.89854798379233 -12.89854798379233 -12.89854798379233 -12.89854798379233 -12.89854798379233 -12.89854798379233 -12.89854798379233 -12.89854798379233 -12.89854798379233 -12.89854798379233 -12.89854798379233 -12.89854798379233 -12.89854798379233 -12.89854798379233 -12.89854798379233 -12.89854798379233 -12.89854798379233 -12.89854798379233 -12.89854798379233 -12.89854798379233 -12.89854798379233 -12.89854798379233 -12.89854798379233
2.7135678391959797 -12.89798171627386 -12.89798171627386 -12.89798171627386 -12.89798171627386 -12.89798171627386 -12.89798171627386 -12.89798171627386 -12.89798171627386 -12.89798171627386 -12.89798171627386 -12.89798171627386 -12.89798171627386 -12.89798171627386 -12.89798171627386 -12.89798171627386 -12.89798171627386 -12.89798171627386 -12.89798171627386 -12.89798171627386 -12.89798171627386 -12.89798171627386 -12.89798171627386 -12.89798171627386 -12.89798171627386 -12.89798171627386 -12.89798171627386 -12.89798171627386 -12.89798171627386 -12.89798171627386
2.78894472361809 -12.89741544875539 -12.89741544875539 -12.89741544875539 -12.89741544875539 -12.89741544875539 -12.89741544875539 -12.89741544875539 -12.89741544875539 -12.89741544875539 -12.89741544875539 -12.89741544875539 -12.89741544875539 -12.89741544875539 -12.89741544875539 -12.89741544875539 -12.89741544875539 -12.89741544875539 -12.89741544875539 -12.89741544875539 -12.89741544875539 -12.89741544875539 -12.89741544875539 -12.89741544875539 -12.89741544875539 -12.89741544875539 -12.89741544875539 -12.89741544875539 -12.89741544875539 -12.89741544875539
2.8643216080402008 -12.89684918123692 -12.89684918123692 -12.89684918123692 -12.89684918123692 -12.89684918123692 -12.89684918123692 -12.89684918123692 -12.89684918123692 -12.89684918123692 -12.89684918123692 -12.89684918123692 -12.89684918123692 -12.89684918123692 -12.89684918123692 -12.89684918123692 -12.89684918123692 -12.89684918123692 -12.89684918123692 -12.89684918123692 -12.89684918123692 -12.89684918123692 -12.89684918123692 -12.89684918123692 -12.89684918123692 -12.89684918123692 -12.89684918123692 -12.89684918123692 -12.89684918123692 -12.89684918123692
2.9396984924623113 -12.89628291371845 -12.89628291371845 -12.89628291371845 -12.89628291371845 -12.89628291371845 -12.89628291371845 -12.89628291371845 -12.89628291371845 -12.89628291371845 -12.89628291371845 -12.89628291371845 -12.89628291371845 -12.89628291371845 -12.89628291371845 -12.89628291371845 -12.89628291371845 -12.89628291371845 -12.89628291371845 -12.89628291371845 -12.89628291371845 -12.89628291371845 -12.89628291371845 -12.89628291371845 -12.89628291371845 -12.89628291371845 -12.89628291371845 -12.89628291371845 -12.89628291371845 -12.89628291371845
3.015075376884422 -12.89571664619998 -12.89571664619998 -12.89571664619998 -12.89571664619998 -12.89571664619998 -12.89571664619998 -12.89571664619998 -12.89571664619998 -12.89571664619998 -12.89571664619998 -12.89571664619998 -12.89571664619998 -12.89571664619998 -12.89571664619998 -12.89571664619998 -12.89571664619998 -12.89571664619998 -12.89571664619998 -12.89571664619998 -12.89571664619998 -12.89571664619998 -12.89571664619998 -12.89571664619998 -12.89571664619998 -12.89571664619998 -12.89571664619998 -12.89571664619998 -12.89571664619998 -12.89571664619998
3.0904522613065324 -12.89515037868151 -12.89515037868151 -12.89515037868151 -12.89515037868151 -12.89515037868151 -12.89515037868151 -12.89515037868151 -12.89515037868151 -12.89515037868151 -12.89515037868151 -12.89515037868151 -12.89515037868151 -12.89515037868151 -12.89515037868151 -12.89515037868151 -12.89515037868151 -12.89515037868151 -12.89515037868151 -12.89515037868151 -12.89515037868151 -12.89515037868151 -12.89515037868151 -12.89515037868151 -12.89515037868151 -12.89515037868151 -12.89515037868151 -12.89515037868151 -12.89515037868151 -12.89515037868151
3.165829145728643 -12.89458411116304 -12.89458411116304 -12.89458411116304 -12.89458411116304 -12.89458411116304 -12.89458411116304 -12.89458411116304 -12.89458411116304 -12.89458411116304 -12.89458411116304 -12.89458411116304 -12.89458411116304 -12.89458411116304 -12.89458411116304 -12.89458411116304 -12.89458411116304 -12.89458411116304 -12.89458411116304 -12.89458411116304 -12.89458411116304 -12.89458411116304 -12.89458411116304 -12.89458411116304 -12.89458411116304 -12.89458411116304 -12.89458411116304 -12.89458411116304 -12.89458411116304 -12.89458411116304
3.2412060301507535 -12.894017843644571 -12.894017843644571 -12.894017843644571 -12.894017843644571 -12.894017843644571 -12.894017843644571 -12.894017843644571 -12.894017843644571 -12.894017843644571 -12.894017843644571 -12.894017843644571 -12.894017843644571 -12.894017843644571 -12.894017843644571 -12.894017843644571 -12.894017843644571 -12.894017843644571 -12.894017843644571 -12.894017843644571 -12.894017843644571 -12.894017843644571 -12.894017843644571 -12.894017843644571 -12.894017843644571 -12.894017843644571 -12.894017843644571 -12.894017843644571 -12.894017843644571 -12.894017843644571
3.316582914572864 -12.8934515761261 -12.8934515761261 -12.8934515761261 -12.8934515761261 -12.8934515761261 -12.8934515761261 -12.8934515761261 -12.8934515761261 -12.8934515761261 -12.8934515761261 -12.8934515761261 -12.8934515761261 -12.8934515761261 -12.8934515761261 -12.8934515761261 -12.8934515761261 -12.8934515761261 -12.8934515761261 -12.8934515761261 -12.8934515761261 -12.8934515761261 -12.8934515761261 -12.8934515761261 -12.8934515761261 -12.8934515761261 -12.8934515761261 -12.8934515761261 -12.8934515761261 -12.8934515761261
3.3919597989949746 -12.89288530860763 -12.89288530860763 -12.89288530860763 -12.89288530860763 -12.89288530860763 -12.89288530860763 -12.89288530860763 -12.89288530860763 -12.89288530860763 -12.89288530860763 -12.89288530860763 -12.89288530860763 -12.89288530860763 -12.89288530860763 -12.89288530860763 -12.89288530860763 -12.89288530860763 -12.89288530860763 -12.89288530860763 -12.89288530860763 -12.89288530860763 -12.89288530860763 -12.89288530860763 -12.89288530860763 -12.89288530860763 -12.89288530860763 -12.89288530860763 -12.89288530860763 -12.89288530860763
3.467336683417085 -12.892319041089161 -12.892319041089161 -12.892319041089161 -12.892319041089161 -12.892319041089161 -12.892319041089161 -12.892319041089161 -12.892319041089161 -12.892319041089161 -12.892319041089161 -12.892319041089161 -12.892319041089161 -12.892319041089161 -12.892319041089161 -12.892319041089161 -12.892319041089161 -12.892319041089161 -12.892319041089161 -12.892319041089161 -12.892319041089161 -12.892319041089161 -12.892319041089161 -12.892319041089161 -12.892319041089161 -12.892319041089161 -12.892319041089161 -12.892319041089161 -12.892319041089161 -12.892319041089161
3.5427135678391957 -12.89175277357069 -12.89175277357069 -12.89175277357069 -12.89175277357069 -12.89175277357069 -12.89175277357069 -12.89175277357069 -12.89175277357069 -12.89175277357069 -12.89175277357069 -12.89175277357069 -12.89175277357069 -12.89175277357069 -12.89175277357069 -12.89175277357069 -12.89175277357069 -12.89175277357069 -12.89175277357069 -12.89175277357069 -12.89175277357069 -12.89175277357069 -12.89175277357069 -12.89175277357069 -12.89175277357069 -12.89175277357069 -12.89175277357069 -12.89175277357069 -12.89175277357069 -12.89175277357069
3.618090452261306 -12.891186506052222 -12.891186506052222 -12.891186506052222 -12.891186506052222 -12.891186506052222 -12.891186506052222 -12.891186506052222 -12.891186506052222 -12.891186506052222 -12.891186506052222 -12.891186506052222 -12.891186506052222 -12.891186506052222 -12.891186506052222 -12.891186506052222 -12.891186506052222 -12.891186506052222 -12.891186506052222 -12.891186506052222 -12.891186506052222 -12.891186506052222 -12.891186506052222 -12.891186506052222 -12.891186506052222 -12.891186506052222 -12.891186506052222 -12.891186506052222 -12.891186506052222 -12.891186506052222
3.6934673366834168 -12.890620238533751 -12.890620238533751 -12.890620238533751 -12.890620238533751 -12.890620238533751 -12.890620238533751 -12.890620238533751 -12.890620238533751 -12.890620238533751 -12.890620238533751 -12.890620238533751 -12.890620238533751 -12.890620238533751 -12.890620238533751 -12.890620238533751 -12.890620238533751 -12.890620238533751 -12.890620238533751 -12.890620238533751 -12.890620238533751 -12.890620238533751 -12.890620238533751 -12.890620238533751 -12.890620238533751 -12.890620238533751 -12.890620238533751 -12.890620238533751 -12.890620238533751 -12.890620238533751
3.7688442211055273 -12.89005397101528 -12.89005397101528 -12.89005397101528 -12.89005397101528 -12.89005397101528 -12.89005397101528 -12.89005397101528 -12.89005397101528 -12.89005397101528 -12.89005397101528 -12.89005397101528 -12.89005397101528 -12.89005397101528 -12.89005397101528 -12.89005397101528 -12.89005397101528 -12.89005397101528 -12.89005397101528 -12.89005397101528 -12.89005397101528 -12.89005397101528 -12.89005397101528 -12.89005397101528 -12.89005397101528 -12.89005397101528 -12.89005397101528 -12.89005397101528 -12.89005397101528 -12.89005397101528
3.844221105527638 -12.889487703496812 -12.889487703496812 -12.889487703496812 -12.889487703496812 -12.889487703496812 -12.889487703496812 -12.889487703496812 -12.889487703496812 -12.889487703496812 -12.889487703496812 -12.889487703496812 -12.889487703496812 -12.889487703496812 -12.889487703496812 -12.889487703496812 -12.889487703496812 -12.889487703496812 -12.889487703496812 -12.889487703496812 -12.889487703496812 -12.889487703496812 -12.889487703496812 -12.889487703496812 -12.889487703496812 -12.889487703496812 -12.889487703496812 -12.889487703496812 -12.889487703496812 -12.889487703496812
3.9195979899497484 -12.888921435978341 -12.888921435978341 -12.888921435978341 -12.888921435978341 -12.888921435978341 -12.888921435978341 -12.888921435978341 -12.888921435978341 -12.888921435978341 -12.888921435978341 -12.888921435978341 -12.888921435978341 -12.888921435978341 -12.888921435978341 -12.888921435978341 -12.888921435978341 -12.888921435978341 -12.888921435978341 -12.888921435978341 -12.888921435978341 -12.888921435978341 -12.888921435978341 -12.888921435978341 -12.888921435978341 -12.888921435978341 -12.888921435978341 -12.888921435978341 -12.888921435978341 -12.888921435978341
3.994974874371859 -12.88835516845987 -12.88835516845987 -12.88835516845987 -12.88835516845987 -12.88835516845987 -12.88835516845987 -12.88835516845987 -12.88835516845987 -12.88835516845987 -12.88835516845987 -12.88835516845987 -12.88835516845987 -12.88835516845987 -12.88835516845987 -12.88835516845987 -12.88835516845987 -12.88835516845987 -12.88835516845987 -12.88835516845987 -12.88835516845987 -12.88835516845987 -12.88835516845987 -12.88835516845987 -12.88835516845987 -12.88835516845987 -12.88835516845987 -12.88835516845987 -12.88835516845987 -12.88835516845987
