web/models/linear/97/-20_816_0_005.dat
# %ECSV 1.0
# ---
# datatype:
# - {name: time, datatype: float64}
# - {name: swift_uvot_uvw2, datatype: float64}
# - {name: swift_uvot_uvm2, datatype: float64}
# - {name: swift_uvot_uvw1, datatype: float64}
# - {name: swift_uvot_U, datatype: float64}
# - {name: swift_uvot_B, datatype: float64}
# - {name: swift_uvot_V, datatype: float64}
# - {name: swift_uvot_W, datatype: float64}
# - {name: johnson_U, datatype: float64}
# - {name: johnson_B, datatype: float64}
# - {name: johnson_V, datatype: float64}
# - {name: johnson_R, datatype: float64}
# - {name: johnson_I, datatype: float64}
# - {name: sdss_u, datatype: float64}
# - {name: sdss_g, datatype: float64}
# - {name: sdss_r, datatype: float64}
# - {name: sdss_i, datatype: float64}
# - {name: sdss_z, datatype: float64}
# - {name: PS1_g, datatype: float64}
# - {name: PS1_r, datatype: float64}
# - {name: PS1_i, datatype: float64}
# - {name: PS1_z, datatype: float64}
# - {name: PS1_Y, datatype: float64}
# - {name: PS1_w, datatype: float64}
# - {name: ATLAS_c, datatype: float64}
# - {name: ATLAS_o, datatype: float64}
# - {name: ukirt_J, datatype: float64}
# - {name: ukirt_H, datatype: float64}
# - {name: ukirt_K, datatype: float64}
# - {name: Clear, datatype: float64}
# meta: !!omap
# - comment: [M=-20.816326530612244, dM=0.0047171489618058615]
# schema: astropy-2.0
time swift_uvot_uvw2 swift_uvot_uvm2 swift_uvot_uvw1 swift_uvot_U swift_uvot_B swift_uvot_V swift_uvot_W johnson_U johnson_B johnson_V johnson_R johnson_I sdss_u sdss_g sdss_r sdss_i sdss_z PS1_g PS1_r PS1_i PS1_z PS1_Y PS1_w ATLAS_c ATLAS_o ukirt_J ukirt_H ukirt_K Clear
[from data line 55]
4.14572864321608 -20.79677051104697 -20.79677051104697 -20.79677051104697 -20.79677051104697 -20.79677051104697 -20.79677051104697 -20.79677051104697 -20.79677051104697 -20.79677051104697 -20.79677051104697 -20.79677051104697 -20.79677051104697 -20.79677051104697 -20.79677051104697 -20.79677051104697 -20.79677051104697 -20.79677051104697 -20.79677051104697 -20.79677051104697 -20.79677051104697 -20.79677051104697 -20.79677051104697 -20.79677051104697 -20.79677051104697 -20.79677051104697 -20.79677051104697 -20.79677051104697 -20.79677051104697 -20.79677051104697
4.221105527638191 -20.796414947054874 -20.796414947054874 -20.796414947054874 -20.796414947054874 -20.796414947054874 -20.796414947054874 -20.796414947054874 -20.796414947054874 -20.796414947054874 -20.796414947054874 -20.796414947054874 -20.796414947054874 -20.796414947054874 -20.796414947054874 -20.796414947054874 -20.796414947054874 -20.796414947054874 -20.796414947054874 -20.796414947054874 -20.796414947054874 -20.796414947054874 -20.796414947054874 -20.796414947054874 -20.796414947054874 -20.796414947054874 -20.796414947054874 -20.796414947054874 -20.796414947054874 -20.796414947054874
4.296482412060302 -20.796059383062776 -20.796059383062776 -20.796059383062776 -20.796059383062776 -20.796059383062776 -20.796059383062776 -20.796059383062776 -20.796059383062776 -20.796059383062776 -20.796059383062776 -20.796059383062776 -20.796059383062776 -20.796059383062776 -20.796059383062776 -20.796059383062776 -20.796059383062776 -20.796059383062776 -20.796059383062776 -20.796059383062776 -20.796059383062776 -20.796059383062776 -20.796059383062776 -20.796059383062776 -20.796059383062776 -20.796059383062776 -20.796059383062776 -20.796059383062776 -20.796059383062776 -20.796059383062776
4.371859296482412 -20.79570381907068 -20.79570381907068 -20.79570381907068 -20.79570381907068 -20.79570381907068 -20.79570381907068 -20.79570381907068 -20.79570381907068 -20.79570381907068 -20.79570381907068 -20.79570381907068 -20.79570381907068 -20.79570381907068 -20.79570381907068 -20.79570381907068 -20.79570381907068 -20.79570381907068 -20.79570381907068 -20.79570381907068 -20.79570381907068 -20.79570381907068 -20.79570381907068 -20.79570381907068 -20.79570381907068 -20.79570381907068 -20.79570381907068 -20.79570381907068 -20.79570381907068 -20.79570381907068
4.447236180904522 -20.795348255078586 -20.795348255078586 -20.795348255078586 -20.795348255078586 -20.795348255078586 -20.795348255078586 -20.795348255078586 -20.795348255078586 -20.795348255078586 -20.795348255078586 -20.795348255078586 -20.795348255078586 -20.795348255078586 -20.795348255078586 -20.795348255078586 -20.795348255078586 -20.795348255078586 -20.795348255078586 -20.795348255078586 -20.795348255078586 -20.795348255078586 -20.795348255078586 -20.795348255078586 -20.795348255078586 -20.795348255078586 -20.795348255078586 -20.795348255078586 -20.795348255078586 -20.795348255078586
4.522613065326633 -20.794992691086488 -20.794992691086488 -20.794992691086488 -20.794992691086488 -20.794992691086488 -20.794992691086488 -20.794992691086488 -20.794992691086488 -20.794992691086488 -20.794992691086488 -20.794992691086488 -20.794992691086488 -20.794992691086488 -20.794992691086488 -20.794992691086488 -20.794992691086488 -20.794992691086488 -20.794992691086488 -20.794992691086488 -20.794992691086488 -20.794992691086488 -20.794992691086488 -20.794992691086488 -20.794992691086488 -20.794992691086488 -20.794992691086488 -20.794992691086488 -20.794992691086488 -20.794992691086488
4.597989949748744 -20.794637127094393 -20.794637127094393 -20.794637127094393 -20.794637127094393 -20.794637127094393 -20.794637127094393 -20.794637127094393 -20.794637127094393 -20.794637127094393 -20.794637127094393 -20.794637127094393 -20.794637127094393 -20.794637127094393 -20.794637127094393 -20.794637127094393 -20.794637127094393 -20.794637127094393 -20.794637127094393 -20.794637127094393 -20.794637127094393 -20.794637127094393 -20.794637127094393 -20.794637127094393 -20.794637127094393 -20.794637127094393 -20.794637127094393 -20.794637127094393 -20.794637127094393 -20.794637127094393
4.673366834170854 -20.7942815631023 -20.7942815631023 -20.7942815631023 -20.7942815631023 -20.7942815631023 -20.7942815631023 -20.7942815631023 -20.7942815631023 -20.7942815631023 -20.7942815631023 -20.7942815631023 -20.7942815631023 -20.7942815631023 -20.7942815631023 -20.7942815631023 -20.7942815631023 -20.7942815631023 -20.7942815631023 -20.7942815631023 -20.7942815631023 -20.7942815631023 -20.7942815631023 -20.7942815631023 -20.7942815631023 -20.7942815631023 -20.7942815631023 -20.7942815631023 -20.7942815631023 -20.7942815631023
4.748743718592964 -20.7939259991102 -20.7939259991102 -20.7939259991102 -20.7939259991102 -20.7939259991102 -20.7939259991102 -20.7939259991102 -20.7939259991102 -20.7939259991102 -20.7939259991102 -20.7939259991102 -20.7939259991102 -20.7939259991102 -20.7939259991102 -20.7939259991102 -20.7939259991102 -20.7939259991102 -20.7939259991102 -20.7939259991102 -20.7939259991102 -20.7939259991102 -20.7939259991102 -20.7939259991102 -20.7939259991102 -20.7939259991102 -20.7939259991102 -20.7939259991102 -20.7939259991102 -20.7939259991102
4.824120603015075 -20.793570435118106 -20.793570435118106 -20.793570435118106 -20.793570435118106 -20.793570435118106 -20.793570435118106 -20.793570435118106 -20.793570435118106 -20.793570435118106 -20.793570435118106 -20.793570435118106 -20.793570435118106 -20.793570435118106 -20.793570435118106 -20.793570435118106 -20.793570435118106 -20.793570435118106 -20.793570435118106 -20.793570435118106 -20.793570435118106 -20.793570435118106 -20.793570435118106 -20.793570435118106 -20.793570435118106 -20.793570435118106 -20.793570435118106 -20.793570435118106 -20.793570435118106 -20.793570435118106
4.899497487437186 -20.793214871126008 -20.793214871126008 -20.793214871126008 -20.793214871126008 -20.793214871126008 -20.793214871126008 -20.793214871126008 -20.793214871126008 -20.793214871126008 -20.793214871126008 -20.793214871126008 -20.793214871126008 -20.793214871126008 -20.793214871126008 -20.793214871126008 -20.793214871126008 -20.793214871126008 -20.793214871126008 -20.793214871126008 -20.793214871126008 -20.793214871126008 -20.793214871126008 -20.793214871126008 -20.793214871126008 -20.793214871126008 -20.793214871126008 -20.793214871126008 -20.793214871126008 -20.793214871126008
4.974874371859296 -20.792859307133913 -20.792859307133913 -20.792859307133913 -20.792859307133913 -20.792859307133913 -20.792859307133913 -20.792859307133913 -20.792859307133913 -20.792859307133913 -20.792859307133913 -20.792859307133913 -20.792859307133913 -20.792859307133913 -20.792859307133913 -20.792859307133913 -20.792859307133913 -20.792859307133913 -20.792859307133913 -20.792859307133913 -20.792859307133913 -20.792859307133913 -20.792859307133913 -20.792859307133913 -20.792859307133913 -20.792859307133913 -20.792859307133913 -20.792859307133913 -20.792859307133913 -20.792859307133913
5.050251256281406 -20.79250374314182 -20.79250374314182 -20.79250374314182 -20.79250374314182 -20.79250374314182 -20.79250374314182 -20.79250374314182 -20.79250374314182 -20.79250374314182 -20.79250374314182 -20.79250374314182 -20.79250374314182 -20.79250374314182 -20.79250374314182 -20.79250374314182 -20.79250374314182 -20.79250374314182 -20.79250374314182 -20.79250374314182 -20.79250374314182 -20.79250374314182 -20.79250374314182 -20.79250374314182 -20.79250374314182 -20.79250374314182 -20.79250374314182 -20.79250374314182 -20.79250374314182 -20.79250374314182
5.125628140703517 -20.79214817914972 -20.79214817914972 -20.79214817914972 -20.79214817914972 -20.79214817914972 -20.79214817914972 -20.79214817914972 -20.79214817914972 -20.79214817914972 -20.79214817914972 -20.79214817914972 -20.79214817914972 -20.79214817914972 -20.79214817914972 -20.79214817914972 -20.79214817914972 -20.79214817914972 -20.79214817914972 -20.79214817914972 -20.79214817914972 -20.79214817914972 -20.79214817914972 -20.79214817914972 -20.79214817914972 -20.79214817914972 -20.79214817914972 -20.79214817914972 -20.79214817914972 -20.79214817914972
5.201005025125628 -20.791792615157625 -20.791792615157625 -20.791792615157625 -20.791792615157625 -20.791792615157625 -20.791792615157625 -20.791792615157625 -20.791792615157625 -20.791792615157625 -20.791792615157625 -20.791792615157625 -20.791792615157625 -20.791792615157625 -20.791792615157625 -20.791792615157625 -20.791792615157625 -20.791792615157625 -20.791792615157625 -20.791792615157625 -20.791792615157625 -20.791792615157625 -20.791792615157625 -20.791792615157625 -20.791792615157625 -20.791792615157625 -20.791792615157625 -20.791792615157625 -20.791792615157625 -20.791792615157625
5.276381909547738 -20.79143705116553 -20.79143705116553 -20.79143705116553 -20.79143705116553 -20.79143705116553 -20.79143705116553 -20.79143705116553 -20.79143705116553 -20.79143705116553 -20.79143705116553 -20.79143705116553 -20.79143705116553 -20.79143705116553 -20.79143705116553 -20.79143705116553 -20.79143705116553 -20.79143705116553 -20.79143705116553 -20.79143705116553 -20.79143705116553 -20.79143705116553 -20.79143705116553 -20.79143705116553 -20.79143705116553 -20.79143705116553 -20.79143705116553 -20.79143705116553 -20.79143705116553 -20.79143705116553
5.351758793969848 -20.791081487173432 -20.791081487173432 -20.791081487173432 -20.791081487173432 -20.791081487173432 -20.791081487173432 -20.791081487173432 -20.791081487173432 -20.791081487173432 -20.791081487173432 -20.791081487173432 -20.791081487173432 -20.791081487173432 -20.791081487173432 -20.791081487173432 -20.791081487173432 -20.791081487173432 -20.791081487173432 -20.791081487173432 -20.791081487173432 -20.791081487173432 -20.791081487173432 -20.791081487173432 -20.791081487173432 -20.791081487173432 -20.791081487173432 -20.791081487173432 -20.791081487173432 -20.791081487173432
5.427135678391959 -20.790725923181338 -20.790725923181338 -20.790725923181338 -20.790725923181338 -20.790725923181338 -20.790725923181338 -20.790725923181338 -20.790725923181338 -20.790725923181338 -20.790725923181338 -20.790725923181338 -20.790725923181338 -20.790725923181338 -20.790725923181338 -20.790725923181338 -20.790725923181338 -20.790725923181338 -20.790725923181338 -20.790725923181338 -20.790725923181338 -20.790725923181338 -20.790725923181338 -20.790725923181338 -20.790725923181338 -20.790725923181338 -20.790725923181338 -20.790725923181338 -20.790725923181338 -20.790725923181338
5.50251256281407 -20.790370359189243 -20.790370359189243 -20.790370359189243 -20.790370359189243 -20.790370359189243 -20.790370359189243 -20.790370359189243 -20.790370359189243 -20.790370359189243 -20.790370359189243 -20.790370359189243 -20.790370359189243 -20.790370359189243 -20.790370359189243 -20.790370359189243 -20.790370359189243 -20.790370359189243 -20.790370359189243 -20.790370359189243 -20.790370359189243 -20.790370359189243 -20.790370359189243 -20.790370359189243 -20.790370359189243 -20.790370359189243 -20.790370359189243 -20.790370359189243 -20.790370359189243 -20.790370359189243
5.57788944723618 -20.790014795197145 -20.790014795197145 -20.790014795197145 -20.790014795197145 -20.790014795197145 -20.790014795197145 -20.790014795197145 -20.790014795197145 -20.790014795197145 -20.790014795197145 -20.790014795197145 -20.790014795197145 -20.790014795197145 -20.790014795197145 -20.790014795197145 -20.790014795197145 -20.790014795197145 -20.790014795197145 -20.790014795197145 -20.790014795197145 -20.790014795197145 -20.790014795197145 -20.790014795197145 -20.790014795197145 -20.790014795197145 -20.790014795197145 -20.790014795197145 -20.790014795197145 -20.790014795197145
5.6532663316582905 -20.78965923120505 -20.78965923120505 -20.78965923120505 -20.78965923120505 -20.78965923120505 -20.78965923120505 -20.78965923120505 -20.78965923120505 -20.78965923120505 -20.78965923120505 -20.78965923120505 -20.78965923120505 -20.78965923120505 -20.78965923120505 -20.78965923120505 -20.78965923120505 -20.78965923120505 -20.78965923120505 -20.78965923120505 -20.78965923120505 -20.78965923120505 -20.78965923120505 -20.78965923120505 -20.78965923120505 -20.78965923120505 -20.78965923120505 -20.78965923120505 -20.78965923120505 -20.78965923120505
5.7286432160804015 -20.789303667212955 -20.789303667212955 -20.789303667212955 -20.789303667212955 -20.789303667212955 -20.789303667212955 -20.789303667212955 -20.789303667212955 -20.789303667212955 -20.789303667212955 -20.789303667212955 -20.789303667212955 -20.789303667212955 -20.789303667212955 -20.789303667212955 -20.789303667212955 -20.789303667212955 -20.789303667212955 -20.789303667212955 -20.789303667212955 -20.789303667212955 -20.789303667212955 -20.789303667212955 -20.789303667212955 -20.789303667212955 -20.789303667212955 -20.789303667212955 -20.789303667212955 -20.789303667212955
5.8040201005025125 -20.788948103220857 -20.788948103220857 -20.788948103220857 -20.788948103220857 -20.788948103220857 -20.788948103220857 -20.788948103220857 -20.788948103220857 -20.788948103220857 -20.788948103220857 -20.788948103220857 -20.788948103220857 -20.788948103220857 -20.788948103220857 -20.788948103220857 -20.788948103220857 -20.788948103220857 -20.788948103220857 -20.788948103220857 -20.788948103220857 -20.788948103220857 -20.788948103220857 -20.788948103220857 -20.788948103220857 -20.788948103220857 -20.788948103220857 -20.788948103220857 -20.788948103220857 -20.788948103220857
5.879396984924623 -20.788592539228762 -20.788592539228762 -20.788592539228762 -20.788592539228762 -20.788592539228762 -20.788592539228762 -20.788592539228762 -20.788592539228762 -20.788592539228762 -20.788592539228762 -20.788592539228762 -20.788592539228762 -20.788592539228762 -20.788592539228762 -20.788592539228762 -20.788592539228762 -20.788592539228762 -20.788592539228762 -20.788592539228762 -20.788592539228762 -20.788592539228762 -20.788592539228762 -20.788592539228762 -20.788592539228762 -20.788592539228762 -20.788592539228762 -20.788592539228762 -20.788592539228762 -20.788592539228762
5.954773869346733 -20.788236975236668 -20.788236975236668 -20.788236975236668 -20.788236975236668 -20.788236975236668 -20.788236975236668 -20.788236975236668 -20.788236975236668 -20.788236975236668 -20.788236975236668 -20.788236975236668 -20.788236975236668 -20.788236975236668 -20.788236975236668 -20.788236975236668 -20.788236975236668 -20.788236975236668 -20.788236975236668 -20.788236975236668 -20.788236975236668 -20.788236975236668 -20.788236975236668 -20.788236975236668 -20.788236975236668 -20.788236975236668 -20.788236975236668 -20.788236975236668 -20.788236975236668 -20.788236975236668
6.030150753768844 -20.78788141124457 -20.78788141124457 -20.78788141124457 -20.78788141124457 -20.78788141124457 -20.78788141124457 -20.78788141124457 -20.78788141124457 -20.78788141124457 -20.78788141124457 -20.78788141124457 -20.78788141124457 -20.78788141124457 -20.78788141124457 -20.78788141124457 -20.78788141124457 -20.78788141124457 -20.78788141124457 -20.78788141124457 -20.78788141124457 -20.78788141124457 -20.78788141124457 -20.78788141124457 -20.78788141124457 -20.78788141124457 -20.78788141124457 -20.78788141124457 -20.78788141124457 -20.78788141124457
