web/models/linear/97/-20_816_0_009.dat
# %ECSV 1.0
# ---
# datatype:
# - {name: time, datatype: float64}
# - {name: swift_uvot_uvw2, datatype: float64}
# - {name: swift_uvot_uvm2, datatype: float64}
# - {name: swift_uvot_uvw1, datatype: float64}
# - {name: swift_uvot_U, datatype: float64}
# - {name: swift_uvot_B, datatype: float64}
# - {name: swift_uvot_V, datatype: float64}
# - {name: swift_uvot_W, datatype: float64}
# - {name: johnson_U, datatype: float64}
# - {name: johnson_B, datatype: float64}
# - {name: johnson_V, datatype: float64}
# - {name: johnson_R, datatype: float64}
# - {name: johnson_I, datatype: float64}
# - {name: sdss_u, datatype: float64}
# - {name: sdss_g, datatype: float64}
# - {name: sdss_r, datatype: float64}
# - {name: sdss_i, datatype: float64}
# - {name: sdss_z, datatype: float64}
# - {name: PS1_g, datatype: float64}
# - {name: PS1_r, datatype: float64}
# - {name: PS1_i, datatype: float64}
# - {name: PS1_z, datatype: float64}
# - {name: PS1_Y, datatype: float64}
# - {name: PS1_w, datatype: float64}
# - {name: ATLAS_c, datatype: float64}
# - {name: ATLAS_o, datatype: float64}
# - {name: ukirt_J, datatype: float64}
# - {name: ukirt_H, datatype: float64}
# - {name: ukirt_K, datatype: float64}
# - {name: Clear, datatype: float64}
# meta: !!omap
# - comment: [M=-20.816326530612244, dM=0.008773066621237415]
# schema: astropy-2.0
time swift_uvot_uvw2 swift_uvot_uvm2 swift_uvot_uvw1 swift_uvot_U swift_uvot_B swift_uvot_V swift_uvot_W johnson_U johnson_B johnson_V johnson_R johnson_I sdss_u sdss_g sdss_r sdss_i sdss_z PS1_g PS1_r PS1_i PS1_z PS1_Y PS1_w ATLAS_c ATLAS_o ukirt_J ukirt_H ukirt_K Clear
[from data line 28]
2.1105527638190953 -20.797810510607622 -20.797810510607622 -20.797810510607622 -20.797810510607622 -20.797810510607622 -20.797810510607622 -20.797810510607622 -20.797810510607622 -20.797810510607622 -20.797810510607622 -20.797810510607622 -20.797810510607622 -20.797810510607622 -20.797810510607622 -20.797810510607622 -20.797810510607622 -20.797810510607622 -20.797810510607622 -20.797810510607622 -20.797810510607622 -20.797810510607622 -20.797810510607622 -20.797810510607622 -20.797810510607622 -20.797810510607622 -20.797810510607622 -20.797810510607622 -20.797810510607622 -20.797810510607622
2.185929648241206 -20.797149224178884 -20.797149224178884 -20.797149224178884 -20.797149224178884 -20.797149224178884 -20.797149224178884 -20.797149224178884 -20.797149224178884 -20.797149224178884 -20.797149224178884 -20.797149224178884 -20.797149224178884 -20.797149224178884 -20.797149224178884 -20.797149224178884 -20.797149224178884 -20.797149224178884 -20.797149224178884 -20.797149224178884 -20.797149224178884 -20.797149224178884 -20.797149224178884 -20.797149224178884 -20.797149224178884 -20.797149224178884 -20.797149224178884 -20.797149224178884 -20.797149224178884 -20.797149224178884
2.2613065326633164 -20.79648793775015 -20.79648793775015 -20.79648793775015 -20.79648793775015 -20.79648793775015 -20.79648793775015 -20.79648793775015 -20.79648793775015 -20.79648793775015 -20.79648793775015 -20.79648793775015 -20.79648793775015 -20.79648793775015 -20.79648793775015 -20.79648793775015 -20.79648793775015 -20.79648793775015 -20.79648793775015 -20.79648793775015 -20.79648793775015 -20.79648793775015 -20.79648793775015 -20.79648793775015 -20.79648793775015 -20.79648793775015 -20.79648793775015 -20.79648793775015 -20.79648793775015 -20.79648793775015
2.336683417085427 -20.795826651321413 -20.795826651321413 -20.795826651321413 -20.795826651321413 -20.795826651321413 -20.795826651321413 -20.795826651321413 -20.795826651321413 -20.795826651321413 -20.795826651321413 -20.795826651321413 -20.795826651321413 -20.795826651321413 -20.795826651321413 -20.795826651321413 -20.795826651321413 -20.795826651321413 -20.795826651321413 -20.795826651321413 -20.795826651321413 -20.795826651321413 -20.795826651321413 -20.795826651321413 -20.795826651321413 -20.795826651321413 -20.795826651321413 -20.795826651321413 -20.795826651321413 -20.795826651321413
2.4120603015075375 -20.795165364892675 -20.795165364892675 -20.795165364892675 -20.795165364892675 -20.795165364892675 -20.795165364892675 -20.795165364892675 -20.795165364892675 -20.795165364892675 -20.795165364892675 -20.795165364892675 -20.795165364892675 -20.795165364892675 -20.795165364892675 -20.795165364892675 -20.795165364892675 -20.795165364892675 -20.795165364892675 -20.795165364892675 -20.795165364892675 -20.795165364892675 -20.795165364892675 -20.795165364892675 -20.795165364892675 -20.795165364892675 -20.795165364892675 -20.795165364892675 -20.795165364892675 -20.795165364892675
2.487437185929648 -20.79450407846394 -20.79450407846394 -20.79450407846394 -20.79450407846394 -20.79450407846394 -20.79450407846394 -20.79450407846394 -20.79450407846394 -20.79450407846394 -20.79450407846394 -20.79450407846394 -20.79450407846394 -20.79450407846394 -20.79450407846394 -20.79450407846394 -20.79450407846394 -20.79450407846394 -20.79450407846394 -20.79450407846394 -20.79450407846394 -20.79450407846394 -20.79450407846394 -20.79450407846394 -20.79450407846394 -20.79450407846394 -20.79450407846394 -20.79450407846394 -20.79450407846394 -20.79450407846394
2.5628140703517586 -20.793842792035203 -20.793842792035203 -20.793842792035203 -20.793842792035203 -20.793842792035203 -20.793842792035203 -20.793842792035203 -20.793842792035203 -20.793842792035203 -20.793842792035203 -20.793842792035203 -20.793842792035203 -20.793842792035203 -20.793842792035203 -20.793842792035203 -20.793842792035203 -20.793842792035203 -20.793842792035203 -20.793842792035203 -20.793842792035203 -20.793842792035203 -20.793842792035203 -20.793842792035203 -20.793842792035203 -20.793842792035203 -20.793842792035203 -20.793842792035203 -20.793842792035203 -20.793842792035203
2.638190954773869 -20.793181505606466 -20.793181505606466 -20.793181505606466 -20.793181505606466 -20.793181505606466 -20.793181505606466 -20.793181505606466 -20.793181505606466 -20.793181505606466 -20.793181505606466 -20.793181505606466 -20.793181505606466 -20.793181505606466 -20.793181505606466 -20.793181505606466 -20.793181505606466 -20.793181505606466 -20.793181505606466 -20.793181505606466 -20.793181505606466 -20.793181505606466 -20.793181505606466 -20.793181505606466 -20.793181505606466 -20.793181505606466 -20.793181505606466 -20.793181505606466 -20.793181505606466 -20.793181505606466
2.7135678391959797 -20.79252021917773 -20.79252021917773 -20.79252021917773 -20.79252021917773 -20.79252021917773 -20.79252021917773 -20.79252021917773 -20.79252021917773 -20.79252021917773 -20.79252021917773 -20.79252021917773 -20.79252021917773 -20.79252021917773 -20.79252021917773 -20.79252021917773 -20.79252021917773 -20.79252021917773 -20.79252021917773 -20.79252021917773 -20.79252021917773 -20.79252021917773 -20.79252021917773 -20.79252021917773 -20.79252021917773 -20.79252021917773 -20.79252021917773 -20.79252021917773 -20.79252021917773 -20.79252021917773
2.78894472361809 -20.791858932748994 -20.791858932748994 -20.791858932748994 -20.791858932748994 -20.791858932748994 -20.791858932748994 -20.791858932748994 -20.791858932748994 -20.791858932748994 -20.791858932748994 -20.791858932748994 -20.791858932748994 -20.791858932748994 -20.791858932748994 -20.791858932748994 -20.791858932748994 -20.791858932748994 -20.791858932748994 -20.791858932748994 -20.791858932748994 -20.791858932748994 -20.791858932748994 -20.791858932748994 -20.791858932748994 -20.791858932748994 -20.791858932748994 -20.791858932748994 -20.791858932748994 -20.791858932748994
2.8643216080402008 -20.791197646320256 -20.791197646320256 -20.791197646320256 -20.791197646320256 -20.791197646320256 -20.791197646320256 -20.791197646320256 -20.791197646320256 -20.791197646320256 -20.791197646320256 -20.791197646320256 -20.791197646320256 -20.791197646320256 -20.791197646320256 -20.791197646320256 -20.791197646320256 -20.791197646320256 -20.791197646320256 -20.791197646320256 -20.791197646320256 -20.791197646320256 -20.791197646320256 -20.791197646320256 -20.791197646320256 -20.791197646320256 -20.791197646320256 -20.791197646320256 -20.791197646320256 -20.791197646320256
2.9396984924623113 -20.790536359891522 -20.790536359891522 -20.790536359891522 -20.790536359891522 -20.790536359891522 -20.790536359891522 -20.790536359891522 -20.790536359891522 -20.790536359891522 -20.790536359891522 -20.790536359891522 -20.790536359891522 -20.790536359891522 -20.790536359891522 -20.790536359891522 -20.790536359891522 -20.790536359891522 -20.790536359891522 -20.790536359891522 -20.790536359891522 -20.790536359891522 -20.790536359891522 -20.790536359891522 -20.790536359891522 -20.790536359891522 -20.790536359891522 -20.790536359891522 -20.790536359891522 -20.790536359891522
3.015075376884422 -20.789875073462785 -20.789875073462785 -20.789875073462785 -20.789875073462785 -20.789875073462785 -20.789875073462785 -20.789875073462785 -20.789875073462785 -20.789875073462785 -20.789875073462785 -20.789875073462785 -20.789875073462785 -20.789875073462785 -20.789875073462785 -20.789875073462785 -20.789875073462785 -20.789875073462785 -20.789875073462785 -20.789875073462785 -20.789875073462785 -20.789875073462785 -20.789875073462785 -20.789875073462785 -20.789875073462785 -20.789875073462785 -20.789875073462785 -20.789875073462785 -20.789875073462785 -20.789875073462785
3.0904522613065324 -20.789213787034047 -20.789213787034047 -20.789213787034047 -20.789213787034047 -20.789213787034047 -20.789213787034047 -20.789213787034047 -20.789213787034047 -20.789213787034047 -20.789213787034047 -20.789213787034047 -20.789213787034047 -20.789213787034047 -20.789213787034047 -20.789213787034047 -20.789213787034047 -20.789213787034047 -20.789213787034047 -20.789213787034047 -20.789213787034047 -20.789213787034047 -20.789213787034047 -20.789213787034047 -20.789213787034047 -20.789213787034047 -20.789213787034047 -20.789213787034047 -20.789213787034047 -20.789213787034047
3.165829145728643 -20.788552500605313 -20.788552500605313 -20.788552500605313 -20.788552500605313 -20.788552500605313 -20.788552500605313 -20.788552500605313 -20.788552500605313 -20.788552500605313 -20.788552500605313 -20.788552500605313 -20.788552500605313 -20.788552500605313 -20.788552500605313 -20.788552500605313 -20.788552500605313 -20.788552500605313 -20.788552500605313 -20.788552500605313 -20.788552500605313 -20.788552500605313 -20.788552500605313 -20.788552500605313 -20.788552500605313 -20.788552500605313 -20.788552500605313 -20.788552500605313 -20.788552500605313 -20.788552500605313
3.2412060301507535 -20.787891214176575 -20.787891214176575 -20.787891214176575 -20.787891214176575 -20.787891214176575 -20.787891214176575 -20.787891214176575 -20.787891214176575 -20.787891214176575 -20.787891214176575 -20.787891214176575 -20.787891214176575 -20.787891214176575 -20.787891214176575 -20.787891214176575 -20.787891214176575 -20.787891214176575 -20.787891214176575 -20.787891214176575 -20.787891214176575 -20.787891214176575 -20.787891214176575 -20.787891214176575 -20.787891214176575 -20.787891214176575 -20.787891214176575 -20.787891214176575 -20.787891214176575 -20.787891214176575
3.316582914572864 -20.787229927747838 -20.787229927747838 -20.787229927747838 -20.787229927747838 -20.787229927747838 -20.787229927747838 -20.787229927747838 -20.787229927747838 -20.787229927747838 -20.787229927747838 -20.787229927747838 -20.787229927747838 -20.787229927747838 -20.787229927747838 -20.787229927747838 -20.787229927747838 -20.787229927747838 -20.787229927747838 -20.787229927747838 -20.787229927747838 -20.787229927747838 -20.787229927747838 -20.787229927747838 -20.787229927747838 -20.787229927747838 -20.787229927747838 -20.787229927747838 -20.787229927747838 -20.787229927747838
3.3919597989949746 -20.786568641319104 -20.786568641319104 -20.786568641319104 -20.786568641319104 -20.786568641319104 -20.786568641319104 -20.786568641319104 -20.786568641319104 -20.786568641319104 -20.786568641319104 -20.786568641319104 -20.786568641319104 -20.786568641319104 -20.786568641319104 -20.786568641319104 -20.786568641319104 -20.786568641319104 -20.786568641319104 -20.786568641319104 -20.786568641319104 -20.786568641319104 -20.786568641319104 -20.786568641319104 -20.786568641319104 -20.786568641319104 -20.786568641319104 -20.786568641319104 -20.786568641319104 -20.786568641319104
3.467336683417085 -20.785907354890366 -20.785907354890366 -20.785907354890366 -20.785907354890366 -20.785907354890366 -20.785907354890366 -20.785907354890366 -20.785907354890366 -20.785907354890366 -20.785907354890366 -20.785907354890366 -20.785907354890366 -20.785907354890366 -20.785907354890366 -20.785907354890366 -20.785907354890366 -20.785907354890366 -20.785907354890366 -20.785907354890366 -20.785907354890366 -20.785907354890366 -20.785907354890366 -20.785907354890366 -20.785907354890366 -20.785907354890366 -20.785907354890366 -20.785907354890366 -20.785907354890366 -20.785907354890366
3.5427135678391957 -20.78524606846163 -20.78524606846163 -20.78524606846163 -20.78524606846163 -20.78524606846163 -20.78524606846163 -20.78524606846163 -20.78524606846163 -20.78524606846163 -20.78524606846163 -20.78524606846163 -20.78524606846163 -20.78524606846163 -20.78524606846163 -20.78524606846163 -20.78524606846163 -20.78524606846163 -20.78524606846163 -20.78524606846163 -20.78524606846163 -20.78524606846163 -20.78524606846163 -20.78524606846163 -20.78524606846163 -20.78524606846163 -20.78524606846163 -20.78524606846163 -20.78524606846163 -20.78524606846163
3.618090452261306 -20.784584782032894 -20.784584782032894 -20.784584782032894 -20.784584782032894 -20.784584782032894 -20.784584782032894 -20.784584782032894 -20.784584782032894 -20.784584782032894 -20.784584782032894 -20.784584782032894 -20.784584782032894 -20.784584782032894 -20.784584782032894 -20.784584782032894 -20.784584782032894 -20.784584782032894 -20.784584782032894 -20.784584782032894 -20.784584782032894 -20.784584782032894 -20.784584782032894 -20.784584782032894 -20.784584782032894 -20.784584782032894 -20.784584782032894 -20.784584782032894 -20.784584782032894 -20.784584782032894
3.6934673366834168 -20.783923495604157 -20.783923495604157 -20.783923495604157 -20.783923495604157 -20.783923495604157 -20.783923495604157 -20.783923495604157 -20.783923495604157 -20.783923495604157 -20.783923495604157 -20.783923495604157 -20.783923495604157 -20.783923495604157 -20.783923495604157 -20.783923495604157 -20.783923495604157 -20.783923495604157 -20.783923495604157 -20.783923495604157 -20.783923495604157 -20.783923495604157 -20.783923495604157 -20.783923495604157 -20.783923495604157 -20.783923495604157 -20.783923495604157 -20.783923495604157 -20.783923495604157 -20.783923495604157
3.7688442211055273 -20.78326220917542 -20.78326220917542 -20.78326220917542 -20.78326220917542 -20.78326220917542 -20.78326220917542 -20.78326220917542 -20.78326220917542 -20.78326220917542 -20.78326220917542 -20.78326220917542 -20.78326220917542 -20.78326220917542 -20.78326220917542 -20.78326220917542 -20.78326220917542 -20.78326220917542 -20.78326220917542 -20.78326220917542 -20.78326220917542 -20.78326220917542 -20.78326220917542 -20.78326220917542 -20.78326220917542 -20.78326220917542 -20.78326220917542 -20.78326220917542 -20.78326220917542 -20.78326220917542
3.844221105527638 -20.782600922746685 -20.782600922746685 -20.782600922746685 -20.782600922746685 -20.782600922746685 -20.782600922746685 -20.782600922746685 -20.782600922746685 -20.782600922746685 -20.782600922746685 -20.782600922746685 -20.782600922746685 -20.782600922746685 -20.782600922746685 -20.782600922746685 -20.782600922746685 -20.782600922746685 -20.782600922746685 -20.782600922746685 -20.782600922746685 -20.782600922746685 -20.782600922746685 -20.782600922746685 -20.782600922746685 -20.782600922746685 -20.782600922746685 -20.782600922746685 -20.782600922746685 -20.782600922746685
3.9195979899497484 -20.781939636317947 -20.781939636317947 -20.781939636317947 -20.781939636317947 -20.781939636317947 -20.781939636317947 -20.781939636317947 -20.781939636317947 -20.781939636317947 -20.781939636317947 -20.781939636317947 -20.781939636317947 -20.781939636317947 -20.781939636317947 -20.781939636317947 -20.781939636317947 -20.781939636317947 -20.781939636317947 -20.781939636317947 -20.781939636317947 -20.781939636317947 -20.781939636317947 -20.781939636317947 -20.781939636317947 -20.781939636317947 -20.781939636317947 -20.781939636317947 -20.781939636317947 -20.781939636317947
3.994974874371859 -20.78127834988921 -20.78127834988921 -20.78127834988921 -20.78127834988921 -20.78127834988921 -20.78127834988921 -20.78127834988921 -20.78127834988921 -20.78127834988921 -20.78127834988921 -20.78127834988921 -20.78127834988921 -20.78127834988921 -20.78127834988921 -20.78127834988921 -20.78127834988921 -20.78127834988921 -20.78127834988921 -20.78127834988921 -20.78127834988921 -20.78127834988921 -20.78127834988921 -20.78127834988921 -20.78127834988921 -20.78127834988921 -20.78127834988921 -20.78127834988921 -20.78127834988921 -20.78127834988921
