web/models/linear/97/-20_816_0_019.dat
# %ECSV 1.0
# ---
# datatype:
# - {name: time, datatype: float64}
# - {name: swift_uvot_uvw2, datatype: float64}
# - {name: swift_uvot_uvm2, datatype: float64}
# - {name: swift_uvot_uvw1, datatype: float64}
# - {name: swift_uvot_U, datatype: float64}
# - {name: swift_uvot_B, datatype: float64}
# - {name: swift_uvot_V, datatype: float64}
# - {name: swift_uvot_W, datatype: float64}
# - {name: johnson_U, datatype: float64}
# - {name: johnson_B, datatype: float64}
# - {name: johnson_V, datatype: float64}
# - {name: johnson_R, datatype: float64}
# - {name: johnson_I, datatype: float64}
# - {name: sdss_u, datatype: float64}
# - {name: sdss_g, datatype: float64}
# - {name: sdss_r, datatype: float64}
# - {name: sdss_i, datatype: float64}
# - {name: sdss_z, datatype: float64}
# - {name: PS1_g, datatype: float64}
# - {name: PS1_r, datatype: float64}
# - {name: PS1_i, datatype: float64}
# - {name: PS1_z, datatype: float64}
# - {name: PS1_Y, datatype: float64}
# - {name: PS1_w, datatype: float64}
# - {name: ATLAS_c, datatype: float64}
# - {name: ATLAS_o, datatype: float64}
# - {name: ukirt_J, datatype: float64}
# - {name: ukirt_H, datatype: float64}
# - {name: ukirt_K, datatype: float64}
# - {name: Clear, datatype: float64}
# meta: !!omap
# - comment: [M=-20.816326530612244, dM=0.01905422208552365]
# schema: astropy-2.0
time swift_uvot_uvw2 swift_uvot_uvm2 swift_uvot_uvw1 swift_uvot_U swift_uvot_B swift_uvot_V swift_uvot_W johnson_U johnson_B johnson_V johnson_R johnson_I sdss_u sdss_g sdss_r sdss_i sdss_z PS1_g PS1_r PS1_i PS1_z PS1_Y PS1_w ATLAS_c ATLAS_o ukirt_J ukirt_H ukirt_K Clear
[from data line 164]
12.36180904522613 -20.58078187568567 -20.58078187568567 -20.58078187568567 -20.58078187568567 -20.58078187568567 -20.58078187568567 -20.58078187568567 -20.58078187568567 -20.58078187568567 -20.58078187568567 -20.58078187568567 -20.58078187568567 -20.58078187568567 -20.58078187568567 -20.58078187568567 -20.58078187568567 -20.58078187568567 -20.58078187568567 -20.58078187568567 -20.58078187568567 -20.58078187568567 -20.58078187568567 -20.58078187568567 -20.58078187568567 -20.58078187568567 -20.58078187568567 -20.58078187568567 -20.58078187568567 -20.58078187568567
12.43718592964824 -20.579345627789777 -20.579345627789777 -20.579345627789777 -20.579345627789777 -20.579345627789777 -20.579345627789777 -20.579345627789777 -20.579345627789777 -20.579345627789777 -20.579345627789777 -20.579345627789777 -20.579345627789777 -20.579345627789777 -20.579345627789777 -20.579345627789777 -20.579345627789777 -20.579345627789777 -20.579345627789777 -20.579345627789777 -20.579345627789777 -20.579345627789777 -20.579345627789777 -20.579345627789777 -20.579345627789777 -20.579345627789777 -20.579345627789777 -20.579345627789777 -20.579345627789777 -20.579345627789777
12.51256281407035 -20.57790937989388 -20.57790937989388 -20.57790937989388 -20.57790937989388 -20.57790937989388 -20.57790937989388 -20.57790937989388 -20.57790937989388 -20.57790937989388 -20.57790937989388 -20.57790937989388 -20.57790937989388 -20.57790937989388 -20.57790937989388 -20.57790937989388 -20.57790937989388 -20.57790937989388 -20.57790937989388 -20.57790937989388 -20.57790937989388 -20.57790937989388 -20.57790937989388 -20.57790937989388 -20.57790937989388 -20.57790937989388 -20.57790937989388 -20.57790937989388 -20.57790937989388 -20.57790937989388
12.58793969849246 -20.57647313199799 -20.57647313199799 -20.57647313199799 -20.57647313199799 -20.57647313199799 -20.57647313199799 -20.57647313199799 -20.57647313199799 -20.57647313199799 -20.57647313199799 -20.57647313199799 -20.57647313199799 -20.57647313199799 -20.57647313199799 -20.57647313199799 -20.57647313199799 -20.57647313199799 -20.57647313199799 -20.57647313199799 -20.57647313199799 -20.57647313199799 -20.57647313199799 -20.57647313199799 -20.57647313199799 -20.57647313199799 -20.57647313199799 -20.57647313199799 -20.57647313199799 -20.57647313199799
12.663316582914572 -20.575036884102094 -20.575036884102094 -20.575036884102094 -20.575036884102094 -20.575036884102094 -20.575036884102094 -20.575036884102094 -20.575036884102094 -20.575036884102094 -20.575036884102094 -20.575036884102094 -20.575036884102094 -20.575036884102094 -20.575036884102094 -20.575036884102094 -20.575036884102094 -20.575036884102094 -20.575036884102094 -20.575036884102094 -20.575036884102094 -20.575036884102094 -20.575036884102094 -20.575036884102094 -20.575036884102094 -20.575036884102094 -20.575036884102094 -20.575036884102094 -20.575036884102094 -20.575036884102094
12.738693467336683 -20.5736006362062 -20.5736006362062 -20.5736006362062 -20.5736006362062 -20.5736006362062 -20.5736006362062 -20.5736006362062 -20.5736006362062 -20.5736006362062 -20.5736006362062 -20.5736006362062 -20.5736006362062 -20.5736006362062 -20.5736006362062 -20.5736006362062 -20.5736006362062 -20.5736006362062 -20.5736006362062 -20.5736006362062 -20.5736006362062 -20.5736006362062 -20.5736006362062 -20.5736006362062 -20.5736006362062 -20.5736006362062 -20.5736006362062 -20.5736006362062 -20.5736006362062 -20.5736006362062
12.814070351758794 -20.57216438831031 -20.57216438831031 -20.57216438831031 -20.57216438831031 -20.57216438831031 -20.57216438831031 -20.57216438831031 -20.57216438831031 -20.57216438831031 -20.57216438831031 -20.57216438831031 -20.57216438831031 -20.57216438831031 -20.57216438831031 -20.57216438831031 -20.57216438831031 -20.57216438831031 -20.57216438831031 -20.57216438831031 -20.57216438831031 -20.57216438831031 -20.57216438831031 -20.57216438831031 -20.57216438831031 -20.57216438831031 -20.57216438831031 -20.57216438831031 -20.57216438831031 -20.57216438831031
12.889447236180903 -20.570728140414413 -20.570728140414413 -20.570728140414413 -20.570728140414413 -20.570728140414413 -20.570728140414413 -20.570728140414413 -20.570728140414413 -20.570728140414413 -20.570728140414413 -20.570728140414413 -20.570728140414413 -20.570728140414413 -20.570728140414413 -20.570728140414413 -20.570728140414413 -20.570728140414413 -20.570728140414413 -20.570728140414413 -20.570728140414413 -20.570728140414413 -20.570728140414413 -20.570728140414413 -20.570728140414413 -20.570728140414413 -20.570728140414413 -20.570728140414413 -20.570728140414413 -20.570728140414413
12.964824120603014 -20.56929189251852 -20.56929189251852 -20.56929189251852 -20.56929189251852 -20.56929189251852 -20.56929189251852 -20.56929189251852 -20.56929189251852 -20.56929189251852 -20.56929189251852 -20.56929189251852 -20.56929189251852 -20.56929189251852 -20.56929189251852 -20.56929189251852 -20.56929189251852 -20.56929189251852 -20.56929189251852 -20.56929189251852 -20.56929189251852 -20.56929189251852 -20.56929189251852 -20.56929189251852 -20.56929189251852 -20.56929189251852 -20.56929189251852 -20.56929189251852 -20.56929189251852 -20.56929189251852
13.040201005025125 -20.567855644622625 -20.567855644622625 -20.567855644622625 -20.567855644622625 -20.567855644622625 -20.567855644622625 -20.567855644622625 -20.567855644622625 -20.567855644622625 -20.567855644622625 -20.567855644622625 -20.567855644622625 -20.567855644622625 -20.567855644622625 -20.567855644622625 -20.567855644622625 -20.567855644622625 -20.567855644622625 -20.567855644622625 -20.567855644622625 -20.567855644622625 -20.567855644622625 -20.567855644622625 -20.567855644622625 -20.567855644622625 -20.567855644622625 -20.567855644622625 -20.567855644622625 -20.567855644622625
13.115577889447234 -20.566419396726733 -20.566419396726733 -20.566419396726733 -20.566419396726733 -20.566419396726733 -20.566419396726733 -20.566419396726733 -20.566419396726733 -20.566419396726733 -20.566419396726733 -20.566419396726733 -20.566419396726733 -20.566419396726733 -20.566419396726733 -20.566419396726733 -20.566419396726733 -20.566419396726733 -20.566419396726733 -20.566419396726733 -20.566419396726733 -20.566419396726733 -20.566419396726733 -20.566419396726733 -20.566419396726733 -20.566419396726733 -20.566419396726733 -20.566419396726733 -20.566419396726733 -20.566419396726733
13.190954773869345 -20.56498314883084 -20.56498314883084 -20.56498314883084 -20.56498314883084 -20.56498314883084 -20.56498314883084 -20.56498314883084 -20.56498314883084 -20.56498314883084 -20.56498314883084 -20.56498314883084 -20.56498314883084 -20.56498314883084 -20.56498314883084 -20.56498314883084 -20.56498314883084 -20.56498314883084 -20.56498314883084 -20.56498314883084 -20.56498314883084 -20.56498314883084 -20.56498314883084 -20.56498314883084 -20.56498314883084 -20.56498314883084 -20.56498314883084 -20.56498314883084 -20.56498314883084 -20.56498314883084
13.266331658291456 -20.563546900934945 -20.563546900934945 -20.563546900934945 -20.563546900934945 -20.563546900934945 -20.563546900934945 -20.563546900934945 -20.563546900934945 -20.563546900934945 -20.563546900934945 -20.563546900934945 -20.563546900934945 -20.563546900934945 -20.563546900934945 -20.563546900934945 -20.563546900934945 -20.563546900934945 -20.563546900934945 -20.563546900934945 -20.563546900934945 -20.563546900934945 -20.563546900934945 -20.563546900934945 -20.563546900934945 -20.563546900934945 -20.563546900934945 -20.563546900934945 -20.563546900934945 -20.563546900934945
13.341708542713567 -20.562110653039053 -20.562110653039053 -20.562110653039053 -20.562110653039053 -20.562110653039053 -20.562110653039053 -20.562110653039053 -20.562110653039053 -20.562110653039053 -20.562110653039053 -20.562110653039053 -20.562110653039053 -20.562110653039053 -20.562110653039053 -20.562110653039053 -20.562110653039053 -20.562110653039053 -20.562110653039053 -20.562110653039053 -20.562110653039053 -20.562110653039053 -20.562110653039053 -20.562110653039053 -20.562110653039053 -20.562110653039053 -20.562110653039053 -20.562110653039053 -20.562110653039053 -20.562110653039053
13.417085427135678 -20.560674405143157 -20.560674405143157 -20.560674405143157 -20.560674405143157 -20.560674405143157 -20.560674405143157 -20.560674405143157 -20.560674405143157 -20.560674405143157 -20.560674405143157 -20.560674405143157 -20.560674405143157 -20.560674405143157 -20.560674405143157 -20.560674405143157 -20.560674405143157 -20.560674405143157 -20.560674405143157 -20.560674405143157 -20.560674405143157 -20.560674405143157 -20.560674405143157 -20.560674405143157 -20.560674405143157 -20.560674405143157 -20.560674405143157 -20.560674405143157 -20.560674405143157 -20.560674405143157
13.492462311557787 -20.559238157247265 -20.559238157247265 -20.559238157247265 -20.559238157247265 -20.559238157247265 -20.559238157247265 -20.559238157247265 -20.559238157247265 -20.559238157247265 -20.559238157247265 -20.559238157247265 -20.559238157247265 -20.559238157247265 -20.559238157247265 -20.559238157247265 -20.559238157247265 -20.559238157247265 -20.559238157247265 -20.559238157247265 -20.559238157247265 -20.559238157247265 -20.559238157247265 -20.559238157247265 -20.559238157247265 -20.559238157247265 -20.559238157247265 -20.559238157247265 -20.559238157247265 -20.559238157247265
13.567839195979898 -20.55780190935137 -20.55780190935137 -20.55780190935137 -20.55780190935137 -20.55780190935137 -20.55780190935137 -20.55780190935137 -20.55780190935137 -20.55780190935137 -20.55780190935137 -20.55780190935137 -20.55780190935137 -20.55780190935137 -20.55780190935137 -20.55780190935137 -20.55780190935137 -20.55780190935137 -20.55780190935137 -20.55780190935137 -20.55780190935137 -20.55780190935137 -20.55780190935137 -20.55780190935137 -20.55780190935137 -20.55780190935137 -20.55780190935137 -20.55780190935137 -20.55780190935137 -20.55780190935137
13.64321608040201 -20.556365661455477 -20.556365661455477 -20.556365661455477 -20.556365661455477 -20.556365661455477 -20.556365661455477 -20.556365661455477 -20.556365661455477 -20.556365661455477 -20.556365661455477 -20.556365661455477 -20.556365661455477 -20.556365661455477 -20.556365661455477 -20.556365661455477 -20.556365661455477 -20.556365661455477 -20.556365661455477 -20.556365661455477 -20.556365661455477 -20.556365661455477 -20.556365661455477 -20.556365661455477 -20.556365661455477 -20.556365661455477 -20.556365661455477 -20.556365661455477 -20.556365661455477 -20.556365661455477
13.718592964824118 -20.554929413559584 -20.554929413559584 -20.554929413559584 -20.554929413559584 -20.554929413559584 -20.554929413559584 -20.554929413559584 -20.554929413559584 -20.554929413559584 -20.554929413559584 -20.554929413559584 -20.554929413559584 -20.554929413559584 -20.554929413559584 -20.554929413559584 -20.554929413559584 -20.554929413559584 -20.554929413559584 -20.554929413559584 -20.554929413559584 -20.554929413559584 -20.554929413559584 -20.554929413559584 -20.554929413559584 -20.554929413559584 -20.554929413559584 -20.554929413559584 -20.554929413559584 -20.554929413559584
13.79396984924623 -20.55349316566369 -20.55349316566369 -20.55349316566369 -20.55349316566369 -20.55349316566369 -20.55349316566369 -20.55349316566369 -20.55349316566369 -20.55349316566369 -20.55349316566369 -20.55349316566369 -20.55349316566369 -20.55349316566369 -20.55349316566369 -20.55349316566369 -20.55349316566369 -20.55349316566369 -20.55349316566369 -20.55349316566369 -20.55349316566369 -20.55349316566369 -20.55349316566369 -20.55349316566369 -20.55349316566369 -20.55349316566369 -20.55349316566369 -20.55349316566369 -20.55349316566369 -20.55349316566369
13.86934673366834 -20.552056917767796 -20.552056917767796 -20.552056917767796 -20.552056917767796 -20.552056917767796 -20.552056917767796 -20.552056917767796 -20.552056917767796 -20.552056917767796 -20.552056917767796 -20.552056917767796 -20.552056917767796 -20.552056917767796 -20.552056917767796 -20.552056917767796 -20.552056917767796 -20.552056917767796 -20.552056917767796 -20.552056917767796 -20.552056917767796 -20.552056917767796 -20.552056917767796 -20.552056917767796 -20.552056917767796 -20.552056917767796 -20.552056917767796 -20.552056917767796 -20.552056917767796 -20.552056917767796
13.944723618090451 -20.5506206698719 -20.5506206698719 -20.5506206698719 -20.5506206698719 -20.5506206698719 -20.5506206698719 -20.5506206698719 -20.5506206698719 -20.5506206698719 -20.5506206698719 -20.5506206698719 -20.5506206698719 -20.5506206698719 -20.5506206698719 -20.5506206698719 -20.5506206698719 -20.5506206698719 -20.5506206698719 -20.5506206698719 -20.5506206698719 -20.5506206698719 -20.5506206698719 -20.5506206698719 -20.5506206698719 -20.5506206698719 -20.5506206698719 -20.5506206698719 -20.5506206698719 -20.5506206698719
14.020100502512562 -20.54918442197601 -20.54918442197601 -20.54918442197601 -20.54918442197601 -20.54918442197601 -20.54918442197601 -20.54918442197601 -20.54918442197601 -20.54918442197601 -20.54918442197601 -20.54918442197601 -20.54918442197601 -20.54918442197601 -20.54918442197601 -20.54918442197601 -20.54918442197601 -20.54918442197601 -20.54918442197601 -20.54918442197601 -20.54918442197601 -20.54918442197601 -20.54918442197601 -20.54918442197601 -20.54918442197601 -20.54918442197601 -20.54918442197601 -20.54918442197601 -20.54918442197601 -20.54918442197601
14.095477386934672 -20.547748174080112 -20.547748174080112 -20.547748174080112 -20.547748174080112 -20.547748174080112 -20.547748174080112 -20.547748174080112 -20.547748174080112 -20.547748174080112 -20.547748174080112 -20.547748174080112 -20.547748174080112 -20.547748174080112 -20.547748174080112 -20.547748174080112 -20.547748174080112 -20.547748174080112 -20.547748174080112 -20.547748174080112 -20.547748174080112 -20.547748174080112 -20.547748174080112 -20.547748174080112 -20.547748174080112 -20.547748174080112 -20.547748174080112 -20.547748174080112 -20.547748174080112 -20.547748174080112
14.170854271356783 -20.54631192618422 -20.54631192618422 -20.54631192618422 -20.54631192618422 -20.54631192618422 -20.54631192618422 -20.54631192618422 -20.54631192618422 -20.54631192618422 -20.54631192618422 -20.54631192618422 -20.54631192618422 -20.54631192618422 -20.54631192618422 -20.54631192618422 -20.54631192618422 -20.54631192618422 -20.54631192618422 -20.54631192618422 -20.54631192618422 -20.54631192618422 -20.54631192618422 -20.54631192618422 -20.54631192618422 -20.54631192618422 -20.54631192618422 -20.54631192618422 -20.54631192618422 -20.54631192618422
14.246231155778894 -20.544875678288328 -20.544875678288328 -20.544875678288328 -20.544875678288328 -20.544875678288328 -20.544875678288328 -20.544875678288328 -20.544875678288328 -20.544875678288328 -20.544875678288328 -20.544875678288328 -20.544875678288328 -20.544875678288328 -20.544875678288328 -20.544875678288328 -20.544875678288328 -20.544875678288328 -20.544875678288328 -20.544875678288328 -20.544875678288328 -20.544875678288328 -20.544875678288328 -20.544875678288328 -20.544875678288328 -20.544875678288328 -20.544875678288328 -20.544875678288328 -20.544875678288328 -20.544875678288328
