web/models/linear/97/-20_816_0_002.dat
# %ECSV 1.0
# ---
# datatype:
# - {name: time, datatype: float64}
# - {name: swift_uvot_uvw2, datatype: float64}
# - {name: swift_uvot_uvm2, datatype: float64}
# - {name: swift_uvot_uvw1, datatype: float64}
# - {name: swift_uvot_U, datatype: float64}
# - {name: swift_uvot_B, datatype: float64}
# - {name: swift_uvot_V, datatype: float64}
# - {name: swift_uvot_W, datatype: float64}
# - {name: johnson_U, datatype: float64}
# - {name: johnson_B, datatype: float64}
# - {name: johnson_V, datatype: float64}
# - {name: johnson_R, datatype: float64}
# - {name: johnson_I, datatype: float64}
# - {name: sdss_u, datatype: float64}
# - {name: sdss_g, datatype: float64}
# - {name: sdss_r, datatype: float64}
# - {name: sdss_i, datatype: float64}
# - {name: sdss_z, datatype: float64}
# - {name: PS1_g, datatype: float64}
# - {name: PS1_r, datatype: float64}
# - {name: PS1_i, datatype: float64}
# - {name: PS1_z, datatype: float64}
# - {name: PS1_Y, datatype: float64}
# - {name: PS1_w, datatype: float64}
# - {name: ATLAS_c, datatype: float64}
# - {name: ATLAS_o, datatype: float64}
# - {name: ukirt_J, datatype: float64}
# - {name: ukirt_H, datatype: float64}
# - {name: ukirt_K, datatype: float64}
# - {name: Clear, datatype: float64}
# meta: !!omap
# - comment: [M=-20.816326530612244, dM=0.0021718998507771624]
# schema: astropy-2.0
time swift_uvot_uvw2 swift_uvot_uvm2 swift_uvot_uvw1 swift_uvot_U swift_uvot_B swift_uvot_V swift_uvot_W johnson_U johnson_B johnson_V johnson_R johnson_I sdss_u sdss_g sdss_r sdss_i sdss_z PS1_g PS1_r PS1_i PS1_z PS1_Y PS1_w ATLAS_c ATLAS_o ukirt_J ukirt_H ukirt_K Clear
0.0 -20.816326530612244 -20.816326530612244 -20.816326530612244 -20.816326530612244 -20.816326530612244 -20.816326530612244 -20.816326530612244 -20.816326530612244 -20.816326530612244 -20.816326530612244 -20.816326530612244 -20.816326530612244 -20.816326530612244 -20.816326530612244 -20.816326530612244 -20.816326530612244 -20.816326530612244 -20.816326530612244 -20.816326530612244 -20.816326530612244 -20.816326530612244 -20.816326530612244 -20.816326530612244 -20.816326530612244 -20.816326530612244 -20.816326530612244 -20.816326530612244 -20.816326530612244 -20.816326530612244
0.07537688442211055 -20.816162819568216 -20.816162819568216 -20.816162819568216 -20.816162819568216 -20.816162819568216 -20.816162819568216 -20.816162819568216 -20.816162819568216 -20.816162819568216 -20.816162819568216 -20.816162819568216 -20.816162819568216 -20.816162819568216 -20.816162819568216 -20.816162819568216 -20.816162819568216 -20.816162819568216 -20.816162819568216 -20.816162819568216 -20.816162819568216 -20.816162819568216 -20.816162819568216 -20.816162819568216 -20.816162819568216 -20.816162819568216 -20.816162819568216 -20.816162819568216 -20.816162819568216 -20.816162819568216
0.1507537688442211 -20.81599910852419 -20.81599910852419 -20.81599910852419 -20.81599910852419 -20.81599910852419 -20.81599910852419 -20.81599910852419 -20.81599910852419 -20.81599910852419 -20.81599910852419 -20.81599910852419 -20.81599910852419 -20.81599910852419 -20.81599910852419 -20.81599910852419 -20.81599910852419 -20.81599910852419 -20.81599910852419 -20.81599910852419 -20.81599910852419 -20.81599910852419 -20.81599910852419 -20.81599910852419 -20.81599910852419 -20.81599910852419 -20.81599910852419 -20.81599910852419 -20.81599910852419 -20.81599910852419
0.22613065326633164 -20.815835397480157 -20.815835397480157 -20.815835397480157 -20.815835397480157 -20.815835397480157 -20.815835397480157 -20.815835397480157 -20.815835397480157 -20.815835397480157 -20.815835397480157 -20.815835397480157 -20.815835397480157 -20.815835397480157 -20.815835397480157 -20.815835397480157 -20.815835397480157 -20.815835397480157 -20.815835397480157 -20.815835397480157 -20.815835397480157 -20.815835397480157 -20.815835397480157 -20.815835397480157 -20.815835397480157 -20.815835397480157 -20.815835397480157 -20.815835397480157 -20.815835397480157 -20.815835397480157
0.3015075376884422 -20.81567168643613 -20.81567168643613 -20.81567168643613 -20.81567168643613 -20.81567168643613 -20.81567168643613 -20.81567168643613 -20.81567168643613 -20.81567168643613 -20.81567168643613 -20.81567168643613 -20.81567168643613 -20.81567168643613 -20.81567168643613 -20.81567168643613 -20.81567168643613 -20.81567168643613 -20.81567168643613 -20.81567168643613 -20.81567168643613 -20.81567168643613 -20.81567168643613 -20.81567168643613 -20.81567168643613 -20.81567168643613 -20.81567168643613 -20.81567168643613 -20.81567168643613 -20.81567168643613
0.37688442211055273 -20.8155079753921 -20.8155079753921 -20.8155079753921 -20.8155079753921 -20.8155079753921 -20.8155079753921 -20.8155079753921 -20.8155079753921 -20.8155079753921 -20.8155079753921 -20.8155079753921 -20.8155079753921 -20.8155079753921 -20.8155079753921 -20.8155079753921 -20.8155079753921 -20.8155079753921 -20.8155079753921 -20.8155079753921 -20.8155079753921 -20.8155079753921 -20.8155079753921 -20.8155079753921 -20.8155079753921 -20.8155079753921 -20.8155079753921 -20.8155079753921 -20.8155079753921 -20.8155079753921
0.4522613065326633 -20.815344264348074 -20.815344264348074 -20.815344264348074 -20.815344264348074 -20.815344264348074 -20.815344264348074 -20.815344264348074 -20.815344264348074 -20.815344264348074 -20.815344264348074 -20.815344264348074 -20.815344264348074 -20.815344264348074 -20.815344264348074 -20.815344264348074 -20.815344264348074 -20.815344264348074 -20.815344264348074 -20.815344264348074 -20.815344264348074 -20.815344264348074 -20.815344264348074 -20.815344264348074 -20.815344264348074 -20.815344264348074 -20.815344264348074 -20.815344264348074 -20.815344264348074 -20.815344264348074
0.5276381909547738 -20.815180553304046 -20.815180553304046 -20.815180553304046 -20.815180553304046 -20.815180553304046 -20.815180553304046 -20.815180553304046 -20.815180553304046 -20.815180553304046 -20.815180553304046 -20.815180553304046 -20.815180553304046 -20.815180553304046 -20.815180553304046 -20.815180553304046 -20.815180553304046 -20.815180553304046 -20.815180553304046 -20.815180553304046 -20.815180553304046 -20.815180553304046 -20.815180553304046 -20.815180553304046 -20.815180553304046 -20.815180553304046 -20.815180553304046 -20.815180553304046 -20.815180553304046 -20.815180553304046
0.6030150753768844 -20.815016842260018 -20.815016842260018 -20.815016842260018 -20.815016842260018 -20.815016842260018 -20.815016842260018 -20.815016842260018 -20.815016842260018 -20.815016842260018 -20.815016842260018 -20.815016842260018 -20.815016842260018 -20.815016842260018 -20.815016842260018 -20.815016842260018 -20.815016842260018 -20.815016842260018 -20.815016842260018 -20.815016842260018 -20.815016842260018 -20.815016842260018 -20.815016842260018 -20.815016842260018 -20.815016842260018 -20.815016842260018 -20.815016842260018 -20.815016842260018 -20.815016842260018 -20.815016842260018
0.6783919597989949 -20.814853131215987 -20.814853131215987 -20.814853131215987 -20.814853131215987 -20.814853131215987 -20.814853131215987 -20.814853131215987 -20.814853131215987 -20.814853131215987 -20.814853131215987 -20.814853131215987 -20.814853131215987 -20.814853131215987 -20.814853131215987 -20.814853131215987 -20.814853131215987 -20.814853131215987 -20.814853131215987 -20.814853131215987 -20.814853131215987 -20.814853131215987 -20.814853131215987 -20.814853131215987 -20.814853131215987 -20.814853131215987 -20.814853131215987 -20.814853131215987 -20.814853131215987 -20.814853131215987
0.7537688442211055 -20.81468942017196 -20.81468942017196 -20.81468942017196 -20.81468942017196 -20.81468942017196 -20.81468942017196 -20.81468942017196 -20.81468942017196 -20.81468942017196 -20.81468942017196 -20.81468942017196 -20.81468942017196 -20.81468942017196 -20.81468942017196 -20.81468942017196 -20.81468942017196 -20.81468942017196 -20.81468942017196 -20.81468942017196 -20.81468942017196 -20.81468942017196 -20.81468942017196 -20.81468942017196 -20.81468942017196 -20.81468942017196 -20.81468942017196 -20.81468942017196 -20.81468942017196 -20.81468942017196
0.829145728643216 -20.81452570912793 -20.81452570912793 -20.81452570912793 -20.81452570912793 -20.81452570912793 -20.81452570912793 -20.81452570912793 -20.81452570912793 -20.81452570912793 -20.81452570912793 -20.81452570912793 -20.81452570912793 -20.81452570912793 -20.81452570912793 -20.81452570912793 -20.81452570912793 -20.81452570912793 -20.81452570912793 -20.81452570912793 -20.81452570912793 -20.81452570912793 -20.81452570912793 -20.81452570912793 -20.81452570912793 -20.81452570912793 -20.81452570912793 -20.81452570912793 -20.81452570912793 -20.81452570912793
0.9045226130653266 -20.814361998083903 -20.814361998083903 -20.814361998083903 -20.814361998083903 -20.814361998083903 -20.814361998083903 -20.814361998083903 -20.814361998083903 -20.814361998083903 -20.814361998083903 -20.814361998083903 -20.814361998083903 -20.814361998083903 -20.814361998083903 -20.814361998083903 -20.814361998083903 -20.814361998083903 -20.814361998083903 -20.814361998083903 -20.814361998083903 -20.814361998083903 -20.814361998083903 -20.814361998083903 -20.814361998083903 -20.814361998083903 -20.814361998083903 -20.814361998083903 -20.814361998083903 -20.814361998083903
0.9798994974874371 -20.814198287039876 -20.814198287039876 -20.814198287039876 -20.814198287039876 -20.814198287039876 -20.814198287039876 -20.814198287039876 -20.814198287039876 -20.814198287039876 -20.814198287039876 -20.814198287039876 -20.814198287039876 -20.814198287039876 -20.814198287039876 -20.814198287039876 -20.814198287039876 -20.814198287039876 -20.814198287039876 -20.814198287039876 -20.814198287039876 -20.814198287039876 -20.814198287039876 -20.814198287039876 -20.814198287039876 -20.814198287039876 -20.814198287039876 -20.814198287039876 -20.814198287039876 -20.814198287039876
1.0552763819095476 -20.814034575995844 -20.814034575995844 -20.814034575995844 -20.814034575995844 -20.814034575995844 -20.814034575995844 -20.814034575995844 -20.814034575995844 -20.814034575995844 -20.814034575995844 -20.814034575995844 -20.814034575995844 -20.814034575995844 -20.814034575995844 -20.814034575995844 -20.814034575995844 -20.814034575995844 -20.814034575995844 -20.814034575995844 -20.814034575995844 -20.814034575995844 -20.814034575995844 -20.814034575995844 -20.814034575995844 -20.814034575995844 -20.814034575995844 -20.814034575995844 -20.814034575995844 -20.814034575995844
1.1306532663316582 -20.813870864951816 -20.813870864951816 -20.813870864951816 -20.813870864951816 -20.813870864951816 -20.813870864951816 -20.813870864951816 -20.813870864951816 -20.813870864951816 -20.813870864951816 -20.813870864951816 -20.813870864951816 -20.813870864951816 -20.813870864951816 -20.813870864951816 -20.813870864951816 -20.813870864951816 -20.813870864951816 -20.813870864951816 -20.813870864951816 -20.813870864951816 -20.813870864951816 -20.813870864951816 -20.813870864951816 -20.813870864951816 -20.813870864951816 -20.813870864951816 -20.813870864951816 -20.813870864951816
1.2060301507537687 -20.81370715390779 -20.81370715390779 -20.81370715390779 -20.81370715390779 -20.81370715390779 -20.81370715390779 -20.81370715390779 -20.81370715390779 -20.81370715390779 -20.81370715390779 -20.81370715390779 -20.81370715390779 -20.81370715390779 -20.81370715390779 -20.81370715390779 -20.81370715390779 -20.81370715390779 -20.81370715390779 -20.81370715390779 -20.81370715390779 -20.81370715390779 -20.81370715390779 -20.81370715390779 -20.81370715390779 -20.81370715390779 -20.81370715390779 -20.81370715390779 -20.81370715390779 -20.81370715390779
1.2814070351758793 -20.81354344286376 -20.81354344286376 -20.81354344286376 -20.81354344286376 -20.81354344286376 -20.81354344286376 -20.81354344286376 -20.81354344286376 -20.81354344286376 -20.81354344286376 -20.81354344286376 -20.81354344286376 -20.81354344286376 -20.81354344286376 -20.81354344286376 -20.81354344286376 -20.81354344286376 -20.81354344286376 -20.81354344286376 -20.81354344286376 -20.81354344286376 -20.81354344286376 -20.81354344286376 -20.81354344286376 -20.81354344286376 -20.81354344286376 -20.81354344286376 -20.81354344286376 -20.81354344286376
1.3567839195979898 -20.813379731819733 -20.813379731819733 -20.813379731819733 -20.813379731819733 -20.813379731819733 -20.813379731819733 -20.813379731819733 -20.813379731819733 -20.813379731819733 -20.813379731819733 -20.813379731819733 -20.813379731819733 -20.813379731819733 -20.813379731819733 -20.813379731819733 -20.813379731819733 -20.813379731819733 -20.813379731819733 -20.813379731819733 -20.813379731819733 -20.813379731819733 -20.813379731819733 -20.813379731819733 -20.813379731819733 -20.813379731819733 -20.813379731819733 -20.813379731819733 -20.813379731819733 -20.813379731819733
1.4321608040201004 -20.813216020775705 -20.813216020775705 -20.813216020775705 -20.813216020775705 -20.813216020775705 -20.813216020775705 -20.813216020775705 -20.813216020775705 -20.813216020775705 -20.813216020775705 -20.813216020775705 -20.813216020775705 -20.813216020775705 -20.813216020775705 -20.813216020775705 -20.813216020775705 -20.813216020775705 -20.813216020775705 -20.813216020775705 -20.813216020775705 -20.813216020775705 -20.813216020775705 -20.813216020775705 -20.813216020775705 -20.813216020775705 -20.813216020775705 -20.813216020775705 -20.813216020775705 -20.813216020775705
1.507537688442211 -20.813052309731674 -20.813052309731674 -20.813052309731674 -20.813052309731674 -20.813052309731674 -20.813052309731674 -20.813052309731674 -20.813052309731674 -20.813052309731674 -20.813052309731674 -20.813052309731674 -20.813052309731674 -20.813052309731674 -20.813052309731674 -20.813052309731674 -20.813052309731674 -20.813052309731674 -20.813052309731674 -20.813052309731674 -20.813052309731674 -20.813052309731674 -20.813052309731674 -20.813052309731674 -20.813052309731674 -20.813052309731674 -20.813052309731674 -20.813052309731674 -20.813052309731674 -20.813052309731674
1.5829145728643215 -20.812888598687646 -20.812888598687646 -20.812888598687646 -20.812888598687646 -20.812888598687646 -20.812888598687646 -20.812888598687646 -20.812888598687646 -20.812888598687646 -20.812888598687646 -20.812888598687646 -20.812888598687646 -20.812888598687646 -20.812888598687646 -20.812888598687646 -20.812888598687646 -20.812888598687646 -20.812888598687646 -20.812888598687646 -20.812888598687646 -20.812888598687646 -20.812888598687646 -20.812888598687646 -20.812888598687646 -20.812888598687646 -20.812888598687646 -20.812888598687646 -20.812888598687646 -20.812888598687646
1.658291457286432 -20.81272488764362 -20.81272488764362 -20.81272488764362 -20.81272488764362 -20.81272488764362 -20.81272488764362 -20.81272488764362 -20.81272488764362 -20.81272488764362 -20.81272488764362 -20.81272488764362 -20.81272488764362 -20.81272488764362 -20.81272488764362 -20.81272488764362 -20.81272488764362 -20.81272488764362 -20.81272488764362 -20.81272488764362 -20.81272488764362 -20.81272488764362 -20.81272488764362 -20.81272488764362 -20.81272488764362 -20.81272488764362 -20.81272488764362 -20.81272488764362 -20.81272488764362 -20.81272488764362
1.7336683417085426 -20.81256117659959 -20.81256117659959 -20.81256117659959 -20.81256117659959 -20.81256117659959 -20.81256117659959 -20.81256117659959 -20.81256117659959 -20.81256117659959 -20.81256117659959 -20.81256117659959 -20.81256117659959 -20.81256117659959 -20.81256117659959 -20.81256117659959 -20.81256117659959 -20.81256117659959 -20.81256117659959 -20.81256117659959 -20.81256117659959 -20.81256117659959 -20.81256117659959 -20.81256117659959 -20.81256117659959 -20.81256117659959 -20.81256117659959 -20.81256117659959 -20.81256117659959 -20.81256117659959
1.809045226130653 -20.812397465555563 -20.812397465555563 -20.812397465555563 -20.812397465555563 -20.812397465555563 -20.812397465555563 -20.812397465555563 -20.812397465555563 -20.812397465555563 -20.812397465555563 -20.812397465555563 -20.812397465555563 -20.812397465555563 -20.812397465555563 -20.812397465555563 -20.812397465555563 -20.812397465555563 -20.812397465555563 -20.812397465555563 -20.812397465555563 -20.812397465555563 -20.812397465555563 -20.812397465555563 -20.812397465555563 -20.812397465555563 -20.812397465555563 -20.812397465555563 -20.812397465555563 -20.812397465555563
1.8844221105527637 -20.812233754511535 -20.812233754511535 -20.812233754511535 -20.812233754511535 -20.812233754511535 -20.812233754511535 -20.812233754511535 -20.812233754511535 -20.812233754511535 -20.812233754511535 -20.812233754511535 -20.812233754511535 -20.812233754511535 -20.812233754511535 -20.812233754511535 -20.812233754511535 -20.812233754511535 -20.812233754511535 -20.812233754511535 -20.812233754511535 -20.812233754511535 -20.812233754511535 -20.812233754511535 -20.812233754511535 -20.812233754511535 -20.812233754511535 -20.812233754511535 -20.812233754511535 -20.812233754511535
1.9597989949748742 -20.812070043467504 -20.812070043467504 -20.812070043467504 -20.812070043467504 -20.812070043467504 -20.812070043467504 -20.812070043467504 -20.812070043467504 -20.812070043467504 -20.812070043467504 -20.812070043467504 -20.812070043467504 -20.812070043467504 -20.812070043467504 -20.812070043467504 -20.812070043467504 -20.812070043467504 -20.812070043467504 -20.812070043467504 -20.812070043467504 -20.812070043467504 -20.812070043467504 -20.812070043467504 -20.812070043467504 -20.812070043467504 -20.812070043467504 -20.812070043467504 -20.812070043467504 -20.812070043467504
