web/models/linear/13/-13_102_0_009.dat
# %ECSV 1.0
# ---
# datatype:
# - {name: time, datatype: float64}
# - {name: swift_uvot_uvw2, datatype: float64}
# - {name: swift_uvot_uvm2, datatype: float64}
# - {name: swift_uvot_uvw1, datatype: float64}
# - {name: swift_uvot_U, datatype: float64}
# - {name: swift_uvot_B, datatype: float64}
# - {name: swift_uvot_V, datatype: float64}
# - {name: swift_uvot_W, datatype: float64}
# - {name: johnson_U, datatype: float64}
# - {name: johnson_B, datatype: float64}
# - {name: johnson_V, datatype: float64}
# - {name: johnson_R, datatype: float64}
# - {name: johnson_I, datatype: float64}
# - {name: sdss_u, datatype: float64}
# - {name: sdss_g, datatype: float64}
# - {name: sdss_r, datatype: float64}
# - {name: sdss_i, datatype: float64}
# - {name: sdss_z, datatype: float64}
# - {name: PS1_g, datatype: float64}
# - {name: PS1_r, datatype: float64}
# - {name: PS1_i, datatype: float64}
# - {name: PS1_z, datatype: float64}
# - {name: PS1_Y, datatype: float64}
# - {name: PS1_w, datatype: float64}
# - {name: ATLAS_c, datatype: float64}
# - {name: ATLAS_o, datatype: float64}
# - {name: ukirt_J, datatype: float64}
# - {name: ukirt_H, datatype: float64}
# - {name: ukirt_K, datatype: float64}
# - {name: Clear, datatype: float64}
# meta: !!omap
# - comment: [M=-13.10204081632653, dM=0.008773066621237415]
# schema: astropy-2.0
time swift_uvot_uvw2 swift_uvot_uvm2 swift_uvot_uvw1 swift_uvot_U swift_uvot_B swift_uvot_V swift_uvot_W johnson_U johnson_B johnson_V johnson_R johnson_I sdss_u sdss_g sdss_r sdss_i sdss_z PS1_g PS1_r PS1_i PS1_z PS1_Y PS1_w ATLAS_c ATLAS_o ukirt_J ukirt_H ukirt_K Clear
[from data line 136]
10.251256281407034 -13.012105862018368 -13.012105862018368 -13.012105862018368 -13.012105862018368 -13.012105862018368 -13.012105862018368 -13.012105862018368 -13.012105862018368 -13.012105862018368 -13.012105862018368 -13.012105862018368 -13.012105862018368 -13.012105862018368 -13.012105862018368 -13.012105862018368 -13.012105862018368 -13.012105862018368 -13.012105862018368 -13.012105862018368 -13.012105862018368 -13.012105862018368 -13.012105862018368 -13.012105862018368 -13.012105862018368 -13.012105862018368 -13.012105862018368 -13.012105862018368 -13.012105862018368 -13.012105862018368
10.326633165829145 -13.011444575589632 -13.011444575589632 -13.011444575589632 -13.011444575589632 -13.011444575589632 -13.011444575589632 -13.011444575589632 -13.011444575589632 -13.011444575589632 -13.011444575589632 -13.011444575589632 -13.011444575589632 -13.011444575589632 -13.011444575589632 -13.011444575589632 -13.011444575589632 -13.011444575589632 -13.011444575589632 -13.011444575589632 -13.011444575589632 -13.011444575589632 -13.011444575589632 -13.011444575589632 -13.011444575589632 -13.011444575589632 -13.011444575589632 -13.011444575589632 -13.011444575589632 -13.011444575589632
10.402010050251256 -13.010783289160894 -13.010783289160894 -13.010783289160894 -13.010783289160894 -13.010783289160894 -13.010783289160894 -13.010783289160894 -13.010783289160894 -13.010783289160894 -13.010783289160894 -13.010783289160894 -13.010783289160894 -13.010783289160894 -13.010783289160894 -13.010783289160894 -13.010783289160894 -13.010783289160894 -13.010783289160894 -13.010783289160894 -13.010783289160894 -13.010783289160894 -13.010783289160894 -13.010783289160894 -13.010783289160894 -13.010783289160894 -13.010783289160894 -13.010783289160894 -13.010783289160894 -13.010783289160894
10.477386934673365 -13.010122002732158 -13.010122002732158 -13.010122002732158 -13.010122002732158 -13.010122002732158 -13.010122002732158 -13.010122002732158 -13.010122002732158 -13.010122002732158 -13.010122002732158 -13.010122002732158 -13.010122002732158 -13.010122002732158 -13.010122002732158 -13.010122002732158 -13.010122002732158 -13.010122002732158 -13.010122002732158 -13.010122002732158 -13.010122002732158 -13.010122002732158 -13.010122002732158 -13.010122002732158 -13.010122002732158 -13.010122002732158 -13.010122002732158 -13.010122002732158 -13.010122002732158 -13.010122002732158
10.552763819095476 -13.009460716303423 -13.009460716303423 -13.009460716303423 -13.009460716303423 -13.009460716303423 -13.009460716303423 -13.009460716303423 -13.009460716303423 -13.009460716303423 -13.009460716303423 -13.009460716303423 -13.009460716303423 -13.009460716303423 -13.009460716303423 -13.009460716303423 -13.009460716303423 -13.009460716303423 -13.009460716303423 -13.009460716303423 -13.009460716303423 -13.009460716303423 -13.009460716303423 -13.009460716303423 -13.009460716303423 -13.009460716303423 -13.009460716303423 -13.009460716303423 -13.009460716303423 -13.009460716303423
10.628140703517587 -13.008799429874685 -13.008799429874685 -13.008799429874685 -13.008799429874685 -13.008799429874685 -13.008799429874685 -13.008799429874685 -13.008799429874685 -13.008799429874685 -13.008799429874685 -13.008799429874685 -13.008799429874685 -13.008799429874685 -13.008799429874685 -13.008799429874685 -13.008799429874685 -13.008799429874685 -13.008799429874685 -13.008799429874685 -13.008799429874685 -13.008799429874685 -13.008799429874685 -13.008799429874685 -13.008799429874685 -13.008799429874685 -13.008799429874685 -13.008799429874685 -13.008799429874685 -13.008799429874685
10.703517587939697 -13.008138143445949 -13.008138143445949 -13.008138143445949 -13.008138143445949 -13.008138143445949 -13.008138143445949 -13.008138143445949 -13.008138143445949 -13.008138143445949 -13.008138143445949 -13.008138143445949 -13.008138143445949 -13.008138143445949 -13.008138143445949 -13.008138143445949 -13.008138143445949 -13.008138143445949 -13.008138143445949 -13.008138143445949 -13.008138143445949 -13.008138143445949 -13.008138143445949 -13.008138143445949 -13.008138143445949 -13.008138143445949 -13.008138143445949 -13.008138143445949 -13.008138143445949 -13.008138143445949
10.778894472361808 -13.007476857017213 -13.007476857017213 -13.007476857017213 -13.007476857017213 -13.007476857017213 -13.007476857017213 -13.007476857017213 -13.007476857017213 -13.007476857017213 -13.007476857017213 -13.007476857017213 -13.007476857017213 -13.007476857017213 -13.007476857017213 -13.007476857017213 -13.007476857017213 -13.007476857017213 -13.007476857017213 -13.007476857017213 -13.007476857017213 -13.007476857017213 -13.007476857017213 -13.007476857017213 -13.007476857017213 -13.007476857017213 -13.007476857017213 -13.007476857017213 -13.007476857017213 -13.007476857017213
10.854271356783919 -13.006815570588476 -13.006815570588476 -13.006815570588476 -13.006815570588476 -13.006815570588476 -13.006815570588476 -13.006815570588476 -13.006815570588476 -13.006815570588476 -13.006815570588476 -13.006815570588476 -13.006815570588476 -13.006815570588476 -13.006815570588476 -13.006815570588476 -13.006815570588476 -13.006815570588476 -13.006815570588476 -13.006815570588476 -13.006815570588476 -13.006815570588476 -13.006815570588476 -13.006815570588476 -13.006815570588476 -13.006815570588476 -13.006815570588476 -13.006815570588476 -13.006815570588476 -13.006815570588476
10.92964824120603 -13.00615428415974 -13.00615428415974 -13.00615428415974 -13.00615428415974 -13.00615428415974 -13.00615428415974 -13.00615428415974 -13.00615428415974 -13.00615428415974 -13.00615428415974 -13.00615428415974 -13.00615428415974 -13.00615428415974 -13.00615428415974 -13.00615428415974 -13.00615428415974 -13.00615428415974 -13.00615428415974 -13.00615428415974 -13.00615428415974 -13.00615428415974 -13.00615428415974 -13.00615428415974 -13.00615428415974 -13.00615428415974 -13.00615428415974 -13.00615428415974 -13.00615428415974 -13.00615428415974
11.00502512562814 -13.005492997731004 -13.005492997731004 -13.005492997731004 -13.005492997731004 -13.005492997731004 -13.005492997731004 -13.005492997731004 -13.005492997731004 -13.005492997731004 -13.005492997731004 -13.005492997731004 -13.005492997731004 -13.005492997731004 -13.005492997731004 -13.005492997731004 -13.005492997731004 -13.005492997731004 -13.005492997731004 -13.005492997731004 -13.005492997731004 -13.005492997731004 -13.005492997731004 -13.005492997731004 -13.005492997731004 -13.005492997731004 -13.005492997731004 -13.005492997731004 -13.005492997731004 -13.005492997731004
11.08040201005025 -13.004831711302266 -13.004831711302266 -13.004831711302266 -13.004831711302266 -13.004831711302266 -13.004831711302266 -13.004831711302266 -13.004831711302266 -13.004831711302266 -13.004831711302266 -13.004831711302266 -13.004831711302266 -13.004831711302266 -13.004831711302266 -13.004831711302266 -13.004831711302266 -13.004831711302266 -13.004831711302266 -13.004831711302266 -13.004831711302266 -13.004831711302266 -13.004831711302266 -13.004831711302266 -13.004831711302266 -13.004831711302266 -13.004831711302266 -13.004831711302266 -13.004831711302266 -13.004831711302266
11.15577889447236 -13.00417042487353 -13.00417042487353 -13.00417042487353 -13.00417042487353 -13.00417042487353 -13.00417042487353 -13.00417042487353 -13.00417042487353 -13.00417042487353 -13.00417042487353 -13.00417042487353 -13.00417042487353 -13.00417042487353 -13.00417042487353 -13.00417042487353 -13.00417042487353 -13.00417042487353 -13.00417042487353 -13.00417042487353 -13.00417042487353 -13.00417042487353 -13.00417042487353 -13.00417042487353 -13.00417042487353 -13.00417042487353 -13.00417042487353 -13.00417042487353 -13.00417042487353 -13.00417042487353
11.231155778894472 -13.003509138444795 -13.003509138444795 -13.003509138444795 -13.003509138444795 -13.003509138444795 -13.003509138444795 -13.003509138444795 -13.003509138444795 -13.003509138444795 -13.003509138444795 -13.003509138444795 -13.003509138444795 -13.003509138444795 -13.003509138444795 -13.003509138444795 -13.003509138444795 -13.003509138444795 -13.003509138444795 -13.003509138444795 -13.003509138444795 -13.003509138444795 -13.003509138444795 -13.003509138444795 -13.003509138444795 -13.003509138444795 -13.003509138444795 -13.003509138444795 -13.003509138444795 -13.003509138444795
11.306532663316581 -13.002847852016057 -13.002847852016057 -13.002847852016057 -13.002847852016057 -13.002847852016057 -13.002847852016057 -13.002847852016057 -13.002847852016057 -13.002847852016057 -13.002847852016057 -13.002847852016057 -13.002847852016057 -13.002847852016057 -13.002847852016057 -13.002847852016057 -13.002847852016057 -13.002847852016057 -13.002847852016057 -13.002847852016057 -13.002847852016057 -13.002847852016057 -13.002847852016057 -13.002847852016057 -13.002847852016057 -13.002847852016057 -13.002847852016057 -13.002847852016057 -13.002847852016057 -13.002847852016057
11.381909547738692 -13.002186565587321 -13.002186565587321 -13.002186565587321 -13.002186565587321 -13.002186565587321 -13.002186565587321 -13.002186565587321 -13.002186565587321 -13.002186565587321 -13.002186565587321 -13.002186565587321 -13.002186565587321 -13.002186565587321 -13.002186565587321 -13.002186565587321 -13.002186565587321 -13.002186565587321 -13.002186565587321 -13.002186565587321 -13.002186565587321 -13.002186565587321 -13.002186565587321 -13.002186565587321 -13.002186565587321 -13.002186565587321 -13.002186565587321 -13.002186565587321 -13.002186565587321 -13.002186565587321
11.457286432160803 -13.001525279158585 -13.001525279158585 -13.001525279158585 -13.001525279158585 -13.001525279158585 -13.001525279158585 -13.001525279158585 -13.001525279158585 -13.001525279158585 -13.001525279158585 -13.001525279158585 -13.001525279158585 -13.001525279158585 -13.001525279158585 -13.001525279158585 -13.001525279158585 -13.001525279158585 -13.001525279158585 -13.001525279158585 -13.001525279158585 -13.001525279158585 -13.001525279158585 -13.001525279158585 -13.001525279158585 -13.001525279158585 -13.001525279158585 -13.001525279158585 -13.001525279158585 -13.001525279158585
11.532663316582914 -13.000863992729847 -13.000863992729847 -13.000863992729847 -13.000863992729847 -13.000863992729847 -13.000863992729847 -13.000863992729847 -13.000863992729847 -13.000863992729847 -13.000863992729847 -13.000863992729847 -13.000863992729847 -13.000863992729847 -13.000863992729847 -13.000863992729847 -13.000863992729847 -13.000863992729847 -13.000863992729847 -13.000863992729847 -13.000863992729847 -13.000863992729847 -13.000863992729847 -13.000863992729847 -13.000863992729847 -13.000863992729847 -13.000863992729847 -13.000863992729847 -13.000863992729847 -13.000863992729847
11.608040201005025 -13.000202706301112 -13.000202706301112 -13.000202706301112 -13.000202706301112 -13.000202706301112 -13.000202706301112 -13.000202706301112 -13.000202706301112 -13.000202706301112 -13.000202706301112 -13.000202706301112 -13.000202706301112 -13.000202706301112 -13.000202706301112 -13.000202706301112 -13.000202706301112 -13.000202706301112 -13.000202706301112 -13.000202706301112 -13.000202706301112 -13.000202706301112 -13.000202706301112 -13.000202706301112 -13.000202706301112 -13.000202706301112 -13.000202706301112 -13.000202706301112 -13.000202706301112 -13.000202706301112
11.683417085427134 -12.999541419872374 -12.999541419872374 -12.999541419872374 -12.999541419872374 -12.999541419872374 -12.999541419872374 -12.999541419872374 -12.999541419872374 -12.999541419872374 -12.999541419872374 -12.999541419872374 -12.999541419872374 -12.999541419872374 -12.999541419872374 -12.999541419872374 -12.999541419872374 -12.999541419872374 -12.999541419872374 -12.999541419872374 -12.999541419872374 -12.999541419872374 -12.999541419872374 -12.999541419872374 -12.999541419872374 -12.999541419872374 -12.999541419872374 -12.999541419872374 -12.999541419872374 -12.999541419872374
11.758793969849245 -12.998880133443638 -12.998880133443638 -12.998880133443638 -12.998880133443638 -12.998880133443638 -12.998880133443638 -12.998880133443638 -12.998880133443638 -12.998880133443638 -12.998880133443638 -12.998880133443638 -12.998880133443638 -12.998880133443638 -12.998880133443638 -12.998880133443638 -12.998880133443638 -12.998880133443638 -12.998880133443638 -12.998880133443638 -12.998880133443638 -12.998880133443638 -12.998880133443638 -12.998880133443638 -12.998880133443638 -12.998880133443638 -12.998880133443638 -12.998880133443638 -12.998880133443638 -12.998880133443638
11.834170854271356 -12.998218847014902 -12.998218847014902 -12.998218847014902 -12.998218847014902 -12.998218847014902 -12.998218847014902 -12.998218847014902 -12.998218847014902 -12.998218847014902 -12.998218847014902 -12.998218847014902 -12.998218847014902 -12.998218847014902 -12.998218847014902 -12.998218847014902 -12.998218847014902 -12.998218847014902 -12.998218847014902 -12.998218847014902 -12.998218847014902 -12.998218847014902 -12.998218847014902 -12.998218847014902 -12.998218847014902 -12.998218847014902 -12.998218847014902 -12.998218847014902 -12.998218847014902 -12.998218847014902
11.909547738693465 -12.997557560586165 -12.997557560586165 -12.997557560586165 -12.997557560586165 -12.997557560586165 -12.997557560586165 -12.997557560586165 -12.997557560586165 -12.997557560586165 -12.997557560586165 -12.997557560586165 -12.997557560586165 -12.997557560586165 -12.997557560586165 -12.997557560586165 -12.997557560586165 -12.997557560586165 -12.997557560586165 -12.997557560586165 -12.997557560586165 -12.997557560586165 -12.997557560586165 -12.997557560586165 -12.997557560586165 -12.997557560586165 -12.997557560586165 -12.997557560586165 -12.997557560586165 -12.997557560586165
11.984924623115576 -12.996896274157429 -12.996896274157429 -12.996896274157429 -12.996896274157429 -12.996896274157429 -12.996896274157429 -12.996896274157429 -12.996896274157429 -12.996896274157429 -12.996896274157429 -12.996896274157429 -12.996896274157429 -12.996896274157429 -12.996896274157429 -12.996896274157429 -12.996896274157429 -12.996896274157429 -12.996896274157429 -12.996896274157429 -12.996896274157429 -12.996896274157429 -12.996896274157429 -12.996896274157429 -12.996896274157429 -12.996896274157429 -12.996896274157429 -12.996896274157429 -12.996896274157429 -12.996896274157429
12.060301507537687 -12.996234987728693 -12.996234987728693 -12.996234987728693 -12.996234987728693 -12.996234987728693 -12.996234987728693 -12.996234987728693 -12.996234987728693 -12.996234987728693 -12.996234987728693 -12.996234987728693 -12.996234987728693 -12.996234987728693 -12.996234987728693 -12.996234987728693 -12.996234987728693 -12.996234987728693 -12.996234987728693 -12.996234987728693 -12.996234987728693 -12.996234987728693 -12.996234987728693 -12.996234987728693 -12.996234987728693 -12.996234987728693 -12.996234987728693 -12.996234987728693 -12.996234987728693 -12.996234987728693
