web/models/linear/13/-13_102_0_002.dat
# %ECSV 1.0
# ---
# datatype:
# - {name: time, datatype: float64}
# - {name: sdss_u, datatype: float64}
# - {name: sdss_g, datatype: float64}
# - {name: sdss_r, datatype: float64}
# - {name: sdss_i, datatype: float64}
# - {name: sdss_z, datatype: float64}
# - {name: Clear, datatype: float64}
# - {name: johnson_B, datatype: float64}
# - {name: johnson_V, datatype: float64}
# - {name: johnson_R, datatype: float64}
# - {name: johnson_I, datatype: float64}
# - {name: ukirt_J, datatype: float64}
# - {name: ukirt_H, datatype: float64}
# - {name: ukirt_K, datatype: float64}
# meta: !!omap
# - comment: [M=-13.10204081632653, dM=0.0021718998507771624]
# schema: astropy-2.0
time sdss_u sdss_g sdss_r sdss_i sdss_z Clear johnson_B johnson_V johnson_R johnson_I ukirt_J ukirt_H ukirt_K
[from data line 117]
8.819095477386934 -13.082886624175204 -13.082886624175204 -13.082886624175204 -13.082886624175204 -13.082886624175204 -13.082886624175204 -13.082886624175204 -13.082886624175204 -13.082886624175204 -13.082886624175204 -13.082886624175204 -13.082886624175204 -13.082886624175204
8.894472361809044 -13.082722913131176 -13.082722913131176 -13.082722913131176 -13.082722913131176 -13.082722913131176 -13.082722913131176 -13.082722913131176 -13.082722913131176 -13.082722913131176 -13.082722913131176 -13.082722913131176 -13.082722913131176 -13.082722913131176
8.969849246231155 -13.082559202087147 -13.082559202087147 -13.082559202087147 -13.082559202087147 -13.082559202087147 -13.082559202087147 -13.082559202087147 -13.082559202087147 -13.082559202087147 -13.082559202087147 -13.082559202087147 -13.082559202087147 -13.082559202087147
9.045226130653266 -13.082395491043119 -13.082395491043119 -13.082395491043119 -13.082395491043119 -13.082395491043119 -13.082395491043119 -13.082395491043119 -13.082395491043119 -13.082395491043119 -13.082395491043119 -13.082395491043119 -13.082395491043119 -13.082395491043119
9.120603015075377 -13.082231779999091 -13.082231779999091 -13.082231779999091 -13.082231779999091 -13.082231779999091 -13.082231779999091 -13.082231779999091 -13.082231779999091 -13.082231779999091 -13.082231779999091 -13.082231779999091 -13.082231779999091 -13.082231779999091
9.195979899497488 -13.082068068955062 -13.082068068955062 -13.082068068955062 -13.082068068955062 -13.082068068955062 -13.082068068955062 -13.082068068955062 -13.082068068955062 -13.082068068955062 -13.082068068955062 -13.082068068955062 -13.082068068955062 -13.082068068955062
9.271356783919597 -13.081904357911034 -13.081904357911034 -13.081904357911034 -13.081904357911034 -13.081904357911034 -13.081904357911034 -13.081904357911034 -13.081904357911034 -13.081904357911034 -13.081904357911034 -13.081904357911034 -13.081904357911034 -13.081904357911034
9.346733668341708 -13.081740646867006 -13.081740646867006 -13.081740646867006 -13.081740646867006 -13.081740646867006 -13.081740646867006 -13.081740646867006 -13.081740646867006 -13.081740646867006 -13.081740646867006 -13.081740646867006 -13.081740646867006 -13.081740646867006
9.422110552763819 -13.081576935822977 -13.081576935822977 -13.081576935822977 -13.081576935822977 -13.081576935822977 -13.081576935822977 -13.081576935822977 -13.081576935822977 -13.081576935822977 -13.081576935822977 -13.081576935822977 -13.081576935822977 -13.081576935822977
9.497487437185928 -13.081413224778949 -13.081413224778949 -13.081413224778949 -13.081413224778949 -13.081413224778949 -13.081413224778949 -13.081413224778949 -13.081413224778949 -13.081413224778949 -13.081413224778949 -13.081413224778949 -13.081413224778949 -13.081413224778949
9.572864321608039 -13.08124951373492 -13.08124951373492 -13.08124951373492 -13.08124951373492 -13.08124951373492 -13.08124951373492 -13.08124951373492 -13.08124951373492 -13.08124951373492 -13.08124951373492 -13.08124951373492 -13.08124951373492 -13.08124951373492
9.64824120603015 -13.081085802690891 -13.081085802690891 -13.081085802690891 -13.081085802690891 -13.081085802690891 -13.081085802690891 -13.081085802690891 -13.081085802690891 -13.081085802690891 -13.081085802690891 -13.081085802690891 -13.081085802690891 -13.081085802690891
9.72361809045226 -13.080922091646864 -13.080922091646864 -13.080922091646864 -13.080922091646864 -13.080922091646864 -13.080922091646864 -13.080922091646864 -13.080922091646864 -13.080922091646864 -13.080922091646864 -13.080922091646864 -13.080922091646864 -13.080922091646864
9.798994974874372 -13.080758380602834 -13.080758380602834 -13.080758380602834 -13.080758380602834 -13.080758380602834 -13.080758380602834 -13.080758380602834 -13.080758380602834 -13.080758380602834 -13.080758380602834 -13.080758380602834 -13.080758380602834 -13.080758380602834
9.874371859296481 -13.080594669558806 -13.080594669558806 -13.080594669558806 -13.080594669558806 -13.080594669558806 -13.080594669558806 -13.080594669558806 -13.080594669558806 -13.080594669558806 -13.080594669558806 -13.080594669558806 -13.080594669558806 -13.080594669558806
9.949748743718592 -13.080430958514778 -13.080430958514778 -13.080430958514778 -13.080430958514778 -13.080430958514778 -13.080430958514778 -13.080430958514778 -13.080430958514778 -13.080430958514778 -13.080430958514778 -13.080430958514778 -13.080430958514778 -13.080430958514778
10.025125628140703 -13.080267247470749 -13.080267247470749 -13.080267247470749 -13.080267247470749 -13.080267247470749 -13.080267247470749 -13.080267247470749 -13.080267247470749 -13.080267247470749 -13.080267247470749 -13.080267247470749 -13.080267247470749 -13.080267247470749
10.100502512562812 -13.080103536426721 -13.080103536426721 -13.080103536426721 -13.080103536426721 -13.080103536426721 -13.080103536426721 -13.080103536426721 -13.080103536426721 -13.080103536426721 -13.080103536426721 -13.080103536426721 -13.080103536426721 -13.080103536426721
10.175879396984923 -13.079939825382693 -13.079939825382693 -13.079939825382693 -13.079939825382693 -13.079939825382693 -13.079939825382693 -13.079939825382693 -13.079939825382693 -13.079939825382693 -13.079939825382693 -13.079939825382693 -13.079939825382693 -13.079939825382693
10.251256281407034 -13.079776114338664 -13.079776114338664 -13.079776114338664 -13.079776114338664 -13.079776114338664 -13.079776114338664 -13.079776114338664 -13.079776114338664 -13.079776114338664 -13.079776114338664 -13.079776114338664 -13.079776114338664 -13.079776114338664
10.326633165829145 -13.079612403294636 -13.079612403294636 -13.079612403294636 -13.079612403294636 -13.079612403294636 -13.079612403294636 -13.079612403294636 -13.079612403294636 -13.079612403294636 -13.079612403294636 -13.079612403294636 -13.079612403294636 -13.079612403294636
10.402010050251256 -13.079448692250608 -13.079448692250608 -13.079448692250608 -13.079448692250608 -13.079448692250608 -13.079448692250608 -13.079448692250608 -13.079448692250608 -13.079448692250608 -13.079448692250608 -13.079448692250608 -13.079448692250608 -13.079448692250608
10.477386934673365 -13.079284981206579 -13.079284981206579 -13.079284981206579 -13.079284981206579 -13.079284981206579 -13.079284981206579 -13.079284981206579 -13.079284981206579 -13.079284981206579 -13.079284981206579 -13.079284981206579 -13.079284981206579 -13.079284981206579
10.552763819095476 -13.07912127016255 -13.07912127016255 -13.07912127016255 -13.07912127016255 -13.07912127016255 -13.07912127016255 -13.07912127016255 -13.07912127016255 -13.07912127016255 -13.07912127016255 -13.07912127016255 -13.07912127016255 -13.07912127016255
10.628140703517587 -13.078957559118521 -13.078957559118521 -13.078957559118521 -13.078957559118521 -13.078957559118521 -13.078957559118521 -13.078957559118521 -13.078957559118521 -13.078957559118521 -13.078957559118521 -13.078957559118521 -13.078957559118521 -13.078957559118521
10.703517587939697 -13.078793848074493 -13.078793848074493 -13.078793848074493 -13.078793848074493 -13.078793848074493 -13.078793848074493 -13.078793848074493 -13.078793848074493 -13.078793848074493 -13.078793848074493 -13.078793848074493 -13.078793848074493 -13.078793848074493
10.778894472361808 -13.078630137030466 -13.078630137030466 -13.078630137030466 -13.078630137030466 -13.078630137030466 -13.078630137030466 -13.078630137030466 -13.078630137030466 -13.078630137030466 -13.078630137030466 -13.078630137030466 -13.078630137030466 -13.078630137030466
10.854271356783919 -13.078466425986436 -13.078466425986436 -13.078466425986436 -13.078466425986436 -13.078466425986436 -13.078466425986436 -13.078466425986436 -13.078466425986436 -13.078466425986436 -13.078466425986436 -13.078466425986436 -13.078466425986436 -13.078466425986436
10.92964824120603 -13.078302714942408 -13.078302714942408 -13.078302714942408 -13.078302714942408 -13.078302714942408 -13.078302714942408 -13.078302714942408 -13.078302714942408 -13.078302714942408 -13.078302714942408 -13.078302714942408 -13.078302714942408 -13.078302714942408
11.00502512562814 -13.07813900389838 -13.07813900389838 -13.07813900389838 -13.07813900389838 -13.07813900389838 -13.07813900389838 -13.07813900389838 -13.07813900389838 -13.07813900389838 -13.07813900389838 -13.07813900389838 -13.07813900389838 -13.07813900389838
11.08040201005025 -13.077975292854351 -13.077975292854351 -13.077975292854351 -13.077975292854351 -13.077975292854351 -13.077975292854351 -13.077975292854351 -13.077975292854351 -13.077975292854351 -13.077975292854351 -13.077975292854351 -13.077975292854351 -13.077975292854351
11.15577889447236 -13.077811581810323 -13.077811581810323 -13.077811581810323 -13.077811581810323 -13.077811581810323 -13.077811581810323 -13.077811581810323 -13.077811581810323 -13.077811581810323 -13.077811581810323 -13.077811581810323 -13.077811581810323 -13.077811581810323
11.231155778894472 -13.077647870766295 -13.077647870766295 -13.077647870766295 -13.077647870766295 -13.077647870766295 -13.077647870766295 -13.077647870766295 -13.077647870766295 -13.077647870766295 -13.077647870766295 -13.077647870766295 -13.077647870766295 -13.077647870766295
11.306532663316581 -13.077484159722266 -13.077484159722266 -13.077484159722266 -13.077484159722266 -13.077484159722266 -13.077484159722266 -13.077484159722266 -13.077484159722266 -13.077484159722266 -13.077484159722266 -13.077484159722266 -13.077484159722266 -13.077484159722266
11.381909547738692 -13.077320448678238 -13.077320448678238 -13.077320448678238 -13.077320448678238 -13.077320448678238 -13.077320448678238 -13.077320448678238 -13.077320448678238 -13.077320448678238 -13.077320448678238 -13.077320448678238 -13.077320448678238 -13.077320448678238
11.457286432160803 -13.077156737634208 -13.077156737634208 -13.077156737634208 -13.077156737634208 -13.077156737634208 -13.077156737634208 -13.077156737634208 -13.077156737634208 -13.077156737634208 -13.077156737634208 -13.077156737634208 -13.077156737634208 -13.077156737634208
11.532663316582914 -13.07699302659018 -13.07699302659018 -13.07699302659018 -13.07699302659018 -13.07699302659018 -13.07699302659018 -13.07699302659018 -13.07699302659018 -13.07699302659018 -13.07699302659018 -13.07699302659018 -13.07699302659018 -13.07699302659018
11.608040201005025 -13.076829315546153 -13.076829315546153 -13.076829315546153 -13.076829315546153 -13.076829315546153 -13.076829315546153 -13.076829315546153 -13.076829315546153 -13.076829315546153 -13.076829315546153 -13.076829315546153 -13.076829315546153 -13.076829315546153
11.683417085427134 -13.076665604502123 -13.076665604502123 -13.076665604502123 -13.076665604502123 -13.076665604502123 -13.076665604502123 -13.076665604502123 -13.076665604502123 -13.076665604502123 -13.076665604502123 -13.076665604502123 -13.076665604502123 -13.076665604502123
11.758793969849245 -13.076501893458095 -13.076501893458095 -13.076501893458095 -13.076501893458095 -13.076501893458095 -13.076501893458095 -13.076501893458095 -13.076501893458095 -13.076501893458095 -13.076501893458095 -13.076501893458095 -13.076501893458095 -13.076501893458095
11.834170854271356 -13.076338182414068 -13.076338182414068 -13.076338182414068 -13.076338182414068 -13.076338182414068 -13.076338182414068 -13.076338182414068 -13.076338182414068 -13.076338182414068 -13.076338182414068 -13.076338182414068 -13.076338182414068 -13.076338182414068
11.909547738693465 -13.076174471370038 -13.076174471370038 -13.076174471370038 -13.076174471370038 -13.076174471370038 -13.076174471370038 -13.076174471370038 -13.076174471370038 -13.076174471370038 -13.076174471370038 -13.076174471370038 -13.076174471370038 -13.076174471370038
11.984924623115576 -13.07601076032601 -13.07601076032601 -13.07601076032601 -13.07601076032601 -13.07601076032601 -13.07601076032601 -13.07601076032601 -13.07601076032601 -13.07601076032601 -13.07601076032601 -13.07601076032601 -13.07601076032601 -13.07601076032601
12.060301507537687 -13.075847049281982 -13.075847049281982 -13.075847049281982 -13.075847049281982 -13.075847049281982 -13.075847049281982 -13.075847049281982 -13.075847049281982 -13.075847049281982 -13.075847049281982 -13.075847049281982 -13.075847049281982 -13.075847049281982
12.135678391959798 -13.075683338237953 -13.075683338237953 -13.075683338237953 -13.075683338237953 -13.075683338237953 -13.075683338237953 -13.075683338237953 -13.075683338237953 -13.075683338237953 -13.075683338237953 -13.075683338237953 -13.075683338237953 -13.075683338237953
12.21105527638191 -13.075519627193925 -13.075519627193925 -13.075519627193925 -13.075519627193925 -13.075519627193925 -13.075519627193925 -13.075519627193925 -13.075519627193925 -13.075519627193925 -13.075519627193925 -13.075519627193925 -13.075519627193925 -13.075519627193925
12.286432160804019 -13.075355916149897 -13.075355916149897 -13.075355916149897 -13.075355916149897 -13.075355916149897 -13.075355916149897 -13.075355916149897 -13.075355916149897 -13.075355916149897 -13.075355916149897 -13.075355916149897 -13.075355916149897 -13.075355916149897
12.36180904522613 -13.075192205105868 -13.075192205105868 -13.075192205105868 -13.075192205105868 -13.075192205105868 -13.075192205105868 -13.075192205105868 -13.075192205105868 -13.075192205105868 -13.075192205105868 -13.075192205105868 -13.075192205105868 -13.075192205105868
12.43718592964824 -13.07502849406184 -13.07502849406184 -13.07502849406184 -13.07502849406184 -13.07502849406184 -13.07502849406184 -13.07502849406184 -13.07502849406184 -13.07502849406184 -13.07502849406184 -13.07502849406184 -13.07502849406184 -13.07502849406184
12.51256281407035 -13.07486478301781 -13.07486478301781 -13.07486478301781 -13.07486478301781 -13.07486478301781 -13.07486478301781 -13.07486478301781 -13.07486478301781 -13.07486478301781 -13.07486478301781 -13.07486478301781 -13.07486478301781 -13.07486478301781
12.58793969849246 -13.074701071973783 -13.074701071973783 -13.074701071973783 -13.074701071973783 -13.074701071973783 -13.074701071973783 -13.074701071973783 -13.074701071973783 -13.074701071973783 -13.074701071973783 -13.074701071973783 -13.074701071973783 -13.074701071973783
12.663316582914572 -13.074537360929755 -13.074537360929755 -13.074537360929755 -13.074537360929755 -13.074537360929755 -13.074537360929755 -13.074537360929755 -13.074537360929755 -13.074537360929755 -13.074537360929755 -13.074537360929755 -13.074537360929755 -13.074537360929755
12.738693467336683 -13.074373649885725 -13.074373649885725 -13.074373649885725 -13.074373649885725 -13.074373649885725 -13.074373649885725 -13.074373649885725 -13.074373649885725 -13.074373649885725 -13.074373649885725 -13.074373649885725 -13.074373649885725 -13.074373649885725
12.814070351758794 -13.074209938841697 -13.074209938841697 -13.074209938841697 -13.074209938841697 -13.074209938841697 -13.074209938841697 -13.074209938841697 -13.074209938841697 -13.074209938841697 -13.074209938841697 -13.074209938841697 -13.074209938841697 -13.074209938841697
12.889447236180903 -13.07404622779767 -13.07404622779767 -13.07404622779767 -13.07404622779767 -13.07404622779767 -13.07404622779767 -13.07404622779767 -13.07404622779767 -13.07404622779767 -13.07404622779767 -13.07404622779767 -13.07404622779767 -13.07404622779767
12.964824120603014 -13.07388251675364 -13.07388251675364 -13.07388251675364 -13.07388251675364 -13.07388251675364 -13.07388251675364 -13.07388251675364 -13.07388251675364 -13.07388251675364 -13.07388251675364 -13.07388251675364 -13.07388251675364 -13.07388251675364
13.040201005025125 -13.073718805709612 -13.073718805709612 -13.073718805709612 -13.073718805709612 -13.073718805709612 -13.073718805709612 -13.073718805709612 -13.073718805709612 -13.073718805709612 -13.073718805709612 -13.073718805709612 -13.073718805709612 -13.073718805709612
