web/models/linear/13/-13_102_0_004.dat
# %ECSV 1.0
# ---
# datatype:
# - {name: time, datatype: float64}
# - {name: swift_uvot_uvw2, datatype: float64}
# - {name: swift_uvot_uvm2, datatype: float64}
# - {name: swift_uvot_uvw1, datatype: float64}
# - {name: swift_uvot_U, datatype: float64}
# - {name: swift_uvot_B, datatype: float64}
# - {name: swift_uvot_V, datatype: float64}
# - {name: swift_uvot_W, datatype: float64}
# - {name: johnson_U, datatype: float64}
# - {name: johnson_B, datatype: float64}
# - {name: johnson_V, datatype: float64}
# - {name: johnson_R, datatype: float64}
# - {name: johnson_I, datatype: float64}
# - {name: sdss_u, datatype: float64}
# - {name: sdss_g, datatype: float64}
# - {name: sdss_r, datatype: float64}
# - {name: sdss_i, datatype: float64}
# - {name: sdss_z, datatype: float64}
# - {name: PS1_g, datatype: float64}
# - {name: PS1_r, datatype: float64}
# - {name: PS1_i, datatype: float64}
# - {name: PS1_z, datatype: float64}
# - {name: PS1_Y, datatype: float64}
# - {name: PS1_w, datatype: float64}
# - {name: ATLAS_c, datatype: float64}
# - {name: ATLAS_o, datatype: float64}
# - {name: ukirt_J, datatype: float64}
# - {name: ukirt_H, datatype: float64}
# - {name: ukirt_K, datatype: float64}
# - {name: Clear, datatype: float64}
# meta: !!omap
# - comment: [M=-13.10204081632653, dM=0.004039351362401992]
# schema: astropy-2.0
time swift_uvot_uvw2 swift_uvot_uvm2 swift_uvot_uvw1 swift_uvot_U swift_uvot_B swift_uvot_V swift_uvot_W johnson_U johnson_B johnson_V johnson_R johnson_I sdss_u sdss_g sdss_r sdss_i sdss_z PS1_g PS1_r PS1_i PS1_z PS1_Y PS1_w ATLAS_c ATLAS_o ukirt_J ukirt_H ukirt_K Clear
[from data line 82]
6.180904522613065 -13.077073971222237 -13.077073971222237 -13.077073971222237 -13.077073971222237 -13.077073971222237 -13.077073971222237 -13.077073971222237 -13.077073971222237 -13.077073971222237 -13.077073971222237 -13.077073971222237 -13.077073971222237 -13.077073971222237 -13.077073971222237 -13.077073971222237 -13.077073971222237 -13.077073971222237 -13.077073971222237 -13.077073971222237 -13.077073971222237 -13.077073971222237 -13.077073971222237 -13.077073971222237 -13.077073971222237 -13.077073971222237 -13.077073971222237 -13.077073971222237 -13.077073971222237 -13.077073971222237
6.256281407035175 -13.076769497501452 -13.076769497501452 -13.076769497501452 -13.076769497501452 -13.076769497501452 -13.076769497501452 -13.076769497501452 -13.076769497501452 -13.076769497501452 -13.076769497501452 -13.076769497501452 -13.076769497501452 -13.076769497501452 -13.076769497501452 -13.076769497501452 -13.076769497501452 -13.076769497501452 -13.076769497501452 -13.076769497501452 -13.076769497501452 -13.076769497501452 -13.076769497501452 -13.076769497501452 -13.076769497501452 -13.076769497501452 -13.076769497501452 -13.076769497501452 -13.076769497501452 -13.076769497501452
6.331658291457286 -13.076465023780669 -13.076465023780669 -13.076465023780669 -13.076465023780669 -13.076465023780669 -13.076465023780669 -13.076465023780669 -13.076465023780669 -13.076465023780669 -13.076465023780669 -13.076465023780669 -13.076465023780669 -13.076465023780669 -13.076465023780669 -13.076465023780669 -13.076465023780669 -13.076465023780669 -13.076465023780669 -13.076465023780669 -13.076465023780669 -13.076465023780669 -13.076465023780669 -13.076465023780669 -13.076465023780669 -13.076465023780669 -13.076465023780669 -13.076465023780669 -13.076465023780669 -13.076465023780669
6.407035175879397 -13.076160550059885 -13.076160550059885 -13.076160550059885 -13.076160550059885 -13.076160550059885 -13.076160550059885 -13.076160550059885 -13.076160550059885 -13.076160550059885 -13.076160550059885 -13.076160550059885 -13.076160550059885 -13.076160550059885 -13.076160550059885 -13.076160550059885 -13.076160550059885 -13.076160550059885 -13.076160550059885 -13.076160550059885 -13.076160550059885 -13.076160550059885 -13.076160550059885 -13.076160550059885 -13.076160550059885 -13.076160550059885 -13.076160550059885 -13.076160550059885 -13.076160550059885 -13.076160550059885
6.482412060301507 -13.0758560763391 -13.0758560763391 -13.0758560763391 -13.0758560763391 -13.0758560763391 -13.0758560763391 -13.0758560763391 -13.0758560763391 -13.0758560763391 -13.0758560763391 -13.0758560763391 -13.0758560763391 -13.0758560763391 -13.0758560763391 -13.0758560763391 -13.0758560763391 -13.0758560763391 -13.0758560763391 -13.0758560763391 -13.0758560763391 -13.0758560763391 -13.0758560763391 -13.0758560763391 -13.0758560763391 -13.0758560763391 -13.0758560763391 -13.0758560763391 -13.0758560763391 -13.0758560763391
6.557788944723617 -13.075551602618317 -13.075551602618317 -13.075551602618317 -13.075551602618317 -13.075551602618317 -13.075551602618317 -13.075551602618317 -13.075551602618317 -13.075551602618317 -13.075551602618317 -13.075551602618317 -13.075551602618317 -13.075551602618317 -13.075551602618317 -13.075551602618317 -13.075551602618317 -13.075551602618317 -13.075551602618317 -13.075551602618317 -13.075551602618317 -13.075551602618317 -13.075551602618317 -13.075551602618317 -13.075551602618317 -13.075551602618317 -13.075551602618317 -13.075551602618317 -13.075551602618317 -13.075551602618317
6.633165829145728 -13.075247128897532 -13.075247128897532 -13.075247128897532 -13.075247128897532 -13.075247128897532 -13.075247128897532 -13.075247128897532 -13.075247128897532 -13.075247128897532 -13.075247128897532 -13.075247128897532 -13.075247128897532 -13.075247128897532 -13.075247128897532 -13.075247128897532 -13.075247128897532 -13.075247128897532 -13.075247128897532 -13.075247128897532 -13.075247128897532 -13.075247128897532 -13.075247128897532 -13.075247128897532 -13.075247128897532 -13.075247128897532 -13.075247128897532 -13.075247128897532 -13.075247128897532 -13.075247128897532
6.708542713567839 -13.074942655176748 -13.074942655176748 -13.074942655176748 -13.074942655176748 -13.074942655176748 -13.074942655176748 -13.074942655176748 -13.074942655176748 -13.074942655176748 -13.074942655176748 -13.074942655176748 -13.074942655176748 -13.074942655176748 -13.074942655176748 -13.074942655176748 -13.074942655176748 -13.074942655176748 -13.074942655176748 -13.074942655176748 -13.074942655176748 -13.074942655176748 -13.074942655176748 -13.074942655176748 -13.074942655176748 -13.074942655176748 -13.074942655176748 -13.074942655176748 -13.074942655176748 -13.074942655176748
6.783919597989949 -13.074638181455963 -13.074638181455963 -13.074638181455963 -13.074638181455963 -13.074638181455963 -13.074638181455963 -13.074638181455963 -13.074638181455963 -13.074638181455963 -13.074638181455963 -13.074638181455963 -13.074638181455963 -13.074638181455963 -13.074638181455963 -13.074638181455963 -13.074638181455963 -13.074638181455963 -13.074638181455963 -13.074638181455963 -13.074638181455963 -13.074638181455963 -13.074638181455963 -13.074638181455963 -13.074638181455963 -13.074638181455963 -13.074638181455963 -13.074638181455963 -13.074638181455963 -13.074638181455963
6.859296482412059 -13.07433370773518 -13.07433370773518 -13.07433370773518 -13.07433370773518 -13.07433370773518 -13.07433370773518 -13.07433370773518 -13.07433370773518 -13.07433370773518 -13.07433370773518 -13.07433370773518 -13.07433370773518 -13.07433370773518 -13.07433370773518 -13.07433370773518 -13.07433370773518 -13.07433370773518 -13.07433370773518 -13.07433370773518 -13.07433370773518 -13.07433370773518 -13.07433370773518 -13.07433370773518 -13.07433370773518 -13.07433370773518 -13.07433370773518 -13.07433370773518 -13.07433370773518 -13.07433370773518
6.93467336683417 -13.074029234014397 -13.074029234014397 -13.074029234014397 -13.074029234014397 -13.074029234014397 -13.074029234014397 -13.074029234014397 -13.074029234014397 -13.074029234014397 -13.074029234014397 -13.074029234014397 -13.074029234014397 -13.074029234014397 -13.074029234014397 -13.074029234014397 -13.074029234014397 -13.074029234014397 -13.074029234014397 -13.074029234014397 -13.074029234014397 -13.074029234014397 -13.074029234014397 -13.074029234014397 -13.074029234014397 -13.074029234014397 -13.074029234014397 -13.074029234014397 -13.074029234014397 -13.074029234014397
7.010050251256281 -13.073724760293612 -13.073724760293612 -13.073724760293612 -13.073724760293612 -13.073724760293612 -13.073724760293612 -13.073724760293612 -13.073724760293612 -13.073724760293612 -13.073724760293612 -13.073724760293612 -13.073724760293612 -13.073724760293612 -13.073724760293612 -13.073724760293612 -13.073724760293612 -13.073724760293612 -13.073724760293612 -13.073724760293612 -13.073724760293612 -13.073724760293612 -13.073724760293612 -13.073724760293612 -13.073724760293612 -13.073724760293612 -13.073724760293612 -13.073724760293612 -13.073724760293612 -13.073724760293612
7.085427135678391 -13.073420286572828 -13.073420286572828 -13.073420286572828 -13.073420286572828 -13.073420286572828 -13.073420286572828 -13.073420286572828 -13.073420286572828 -13.073420286572828 -13.073420286572828 -13.073420286572828 -13.073420286572828 -13.073420286572828 -13.073420286572828 -13.073420286572828 -13.073420286572828 -13.073420286572828 -13.073420286572828 -13.073420286572828 -13.073420286572828 -13.073420286572828 -13.073420286572828 -13.073420286572828 -13.073420286572828 -13.073420286572828 -13.073420286572828 -13.073420286572828 -13.073420286572828 -13.073420286572828
7.160804020100501 -13.073115812852043 -13.073115812852043 -13.073115812852043 -13.073115812852043 -13.073115812852043 -13.073115812852043 -13.073115812852043 -13.073115812852043 -13.073115812852043 -13.073115812852043 -13.073115812852043 -13.073115812852043 -13.073115812852043 -13.073115812852043 -13.073115812852043 -13.073115812852043 -13.073115812852043 -13.073115812852043 -13.073115812852043 -13.073115812852043 -13.073115812852043 -13.073115812852043 -13.073115812852043 -13.073115812852043 -13.073115812852043 -13.073115812852043 -13.073115812852043 -13.073115812852043 -13.073115812852043
7.236180904522612 -13.07281133913126 -13.07281133913126 -13.07281133913126 -13.07281133913126 -13.07281133913126 -13.07281133913126 -13.07281133913126 -13.07281133913126 -13.07281133913126 -13.07281133913126 -13.07281133913126 -13.07281133913126 -13.07281133913126 -13.07281133913126 -13.07281133913126 -13.07281133913126 -13.07281133913126 -13.07281133913126 -13.07281133913126 -13.07281133913126 -13.07281133913126 -13.07281133913126 -13.07281133913126 -13.07281133913126 -13.07281133913126 -13.07281133913126 -13.07281133913126 -13.07281133913126 -13.07281133913126
7.311557788944723 -13.072506865410476 -13.072506865410476 -13.072506865410476 -13.072506865410476 -13.072506865410476 -13.072506865410476 -13.072506865410476 -13.072506865410476 -13.072506865410476 -13.072506865410476 -13.072506865410476 -13.072506865410476 -13.072506865410476 -13.072506865410476 -13.072506865410476 -13.072506865410476 -13.072506865410476 -13.072506865410476 -13.072506865410476 -13.072506865410476 -13.072506865410476 -13.072506865410476 -13.072506865410476 -13.072506865410476 -13.072506865410476 -13.072506865410476 -13.072506865410476 -13.072506865410476 -13.072506865410476
7.3869346733668335 -13.072202391689691 -13.072202391689691 -13.072202391689691 -13.072202391689691 -13.072202391689691 -13.072202391689691 -13.072202391689691 -13.072202391689691 -13.072202391689691 -13.072202391689691 -13.072202391689691 -13.072202391689691 -13.072202391689691 -13.072202391689691 -13.072202391689691 -13.072202391689691 -13.072202391689691 -13.072202391689691 -13.072202391689691 -13.072202391689691 -13.072202391689691 -13.072202391689691 -13.072202391689691 -13.072202391689691 -13.072202391689691 -13.072202391689691 -13.072202391689691 -13.072202391689691 -13.072202391689691
7.462311557788944 -13.071897917968908 -13.071897917968908 -13.071897917968908 -13.071897917968908 -13.071897917968908 -13.071897917968908 -13.071897917968908 -13.071897917968908 -13.071897917968908 -13.071897917968908 -13.071897917968908 -13.071897917968908 -13.071897917968908 -13.071897917968908 -13.071897917968908 -13.071897917968908 -13.071897917968908 -13.071897917968908 -13.071897917968908 -13.071897917968908 -13.071897917968908 -13.071897917968908 -13.071897917968908 -13.071897917968908 -13.071897917968908 -13.071897917968908 -13.071897917968908 -13.071897917968908 -13.071897917968908
7.537688442211055 -13.071593444248123 -13.071593444248123 -13.071593444248123 -13.071593444248123 -13.071593444248123 -13.071593444248123 -13.071593444248123 -13.071593444248123 -13.071593444248123 -13.071593444248123 -13.071593444248123 -13.071593444248123 -13.071593444248123 -13.071593444248123 -13.071593444248123 -13.071593444248123 -13.071593444248123 -13.071593444248123 -13.071593444248123 -13.071593444248123 -13.071593444248123 -13.071593444248123 -13.071593444248123 -13.071593444248123 -13.071593444248123 -13.071593444248123 -13.071593444248123 -13.071593444248123 -13.071593444248123
7.613065326633166 -13.07128897052734 -13.07128897052734 -13.07128897052734 -13.07128897052734 -13.07128897052734 -13.07128897052734 -13.07128897052734 -13.07128897052734 -13.07128897052734 -13.07128897052734 -13.07128897052734 -13.07128897052734 -13.07128897052734 -13.07128897052734 -13.07128897052734 -13.07128897052734 -13.07128897052734 -13.07128897052734 -13.07128897052734 -13.07128897052734 -13.07128897052734 -13.07128897052734 -13.07128897052734 -13.07128897052734 -13.07128897052734 -13.07128897052734 -13.07128897052734 -13.07128897052734 -13.07128897052734
7.688442211055276 -13.070984496806556 -13.070984496806556 -13.070984496806556 -13.070984496806556 -13.070984496806556 -13.070984496806556 -13.070984496806556 -13.070984496806556 -13.070984496806556 -13.070984496806556 -13.070984496806556 -13.070984496806556 -13.070984496806556 -13.070984496806556 -13.070984496806556 -13.070984496806556 -13.070984496806556 -13.070984496806556 -13.070984496806556 -13.070984496806556 -13.070984496806556 -13.070984496806556 -13.070984496806556 -13.070984496806556 -13.070984496806556 -13.070984496806556 -13.070984496806556 -13.070984496806556 -13.070984496806556
7.763819095477386 -13.070680023085771 -13.070680023085771 -13.070680023085771 -13.070680023085771 -13.070680023085771 -13.070680023085771 -13.070680023085771 -13.070680023085771 -13.070680023085771 -13.070680023085771 -13.070680023085771 -13.070680023085771 -13.070680023085771 -13.070680023085771 -13.070680023085771 -13.070680023085771 -13.070680023085771 -13.070680023085771 -13.070680023085771 -13.070680023085771 -13.070680023085771 -13.070680023085771 -13.070680023085771 -13.070680023085771 -13.070680023085771 -13.070680023085771 -13.070680023085771 -13.070680023085771 -13.070680023085771
7.839195979899497 -13.070375549364988 -13.070375549364988 -13.070375549364988 -13.070375549364988 -13.070375549364988 -13.070375549364988 -13.070375549364988 -13.070375549364988 -13.070375549364988 -13.070375549364988 -13.070375549364988 -13.070375549364988 -13.070375549364988 -13.070375549364988 -13.070375549364988 -13.070375549364988 -13.070375549364988 -13.070375549364988 -13.070375549364988 -13.070375549364988 -13.070375549364988 -13.070375549364988 -13.070375549364988 -13.070375549364988 -13.070375549364988 -13.070375549364988 -13.070375549364988 -13.070375549364988 -13.070375549364988
7.914572864321608 -13.070071075644202 -13.070071075644202 -13.070071075644202 -13.070071075644202 -13.070071075644202 -13.070071075644202 -13.070071075644202 -13.070071075644202 -13.070071075644202 -13.070071075644202 -13.070071075644202 -13.070071075644202 -13.070071075644202 -13.070071075644202 -13.070071075644202 -13.070071075644202 -13.070071075644202 -13.070071075644202 -13.070071075644202 -13.070071075644202 -13.070071075644202 -13.070071075644202 -13.070071075644202 -13.070071075644202 -13.070071075644202 -13.070071075644202 -13.070071075644202 -13.070071075644202 -13.070071075644202
7.989949748743718 -13.069766601923419 -13.069766601923419 -13.069766601923419 -13.069766601923419 -13.069766601923419 -13.069766601923419 -13.069766601923419 -13.069766601923419 -13.069766601923419 -13.069766601923419 -13.069766601923419 -13.069766601923419 -13.069766601923419 -13.069766601923419 -13.069766601923419 -13.069766601923419 -13.069766601923419 -13.069766601923419 -13.069766601923419 -13.069766601923419 -13.069766601923419 -13.069766601923419 -13.069766601923419 -13.069766601923419 -13.069766601923419 -13.069766601923419 -13.069766601923419 -13.069766601923419 -13.069766601923419
8.065326633165828 -13.069462128202636 -13.069462128202636 -13.069462128202636 -13.069462128202636 -13.069462128202636 -13.069462128202636 -13.069462128202636 -13.069462128202636 -13.069462128202636 -13.069462128202636 -13.069462128202636 -13.069462128202636 -13.069462128202636 -13.069462128202636 -13.069462128202636 -13.069462128202636 -13.069462128202636 -13.069462128202636 -13.069462128202636 -13.069462128202636 -13.069462128202636 -13.069462128202636 -13.069462128202636 -13.069462128202636 -13.069462128202636 -13.069462128202636 -13.069462128202636 -13.069462128202636 -13.069462128202636
