web/models/kne/25/Metzger_0.262885_0.418966_0.450000.dat
# %ECSV 0.9
# ---
# datatype:
# - {name: time, datatype: float64}
# - {name: sdss_u, datatype: float64}
# - {name: sdss_g, datatype: float64}
# - {name: sdss_r, datatype: float64}
# - {name: sdss_i, datatype: float64}
# - {name: sdss_z, datatype: float64}
# - {name: PS1_y, datatype: float64}
# - {name: ukirt_J, datatype: float64}
# - {name: ukirt_H, datatype: float64}
# - {name: ukirt_K, datatype: float64}
# - {name: johnson_U, datatype: float64}
# - {name: johnson_B, datatype: float64}
# - {name: johnson_V, datatype: float64}
# - {name: johnson_R, datatype: float64}
# - {name: johnson_I, datatype: float64}
# - {name: Clear, datatype: float64}
# meta: !!omap
# - comment: [vej = 0.4189655172413793, mej = 0.2628852448240983, Ye = 0.45, redshift = 0.0]
# schema: astropy-2.0
time sdss_u sdss_g sdss_r sdss_i sdss_z PS1_y ukirt_J ukirt_H ukirt_K johnson_U johnson_B johnson_V johnson_R johnson_I Clear
[from data line 1761]
88.150000 285.064022 204.142841 152.960946 120.406434 100.527989 88.084142 62.866533 40.447716 25.729482 275.359469 226.693867 174.443736 146.734937 98.525357 150.912748
88.200000 285.231020 204.266418 153.056955 120.484838 100.595601 88.144978 62.913564 40.482347 25.755858 275.521267 226.829561 174.551329 146.827584 98.591880 151.007651
88.250000 285.398013 204.389992 153.152961 120.563240 100.663212 88.205812 62.960593 40.516978 25.782233 275.683060 226.965251 174.658920 146.920229 98.658401 151.102552
88.300000 285.565001 204.513562 153.248966 120.641639 100.730821 88.266645 63.007622 40.551608 25.808608 275.844849 227.100938 174.766508 147.012872 98.724921 151.197451
88.350000 285.731984 204.637130 153.344967 120.720037 100.798429 88.327477 63.054650 40.586238 25.834983 276.006633 227.236620 174.874094 147.105512 98.791440 151.292347
88.400000 285.898963 204.760694 153.440967 120.798434 100.866035 88.388308 63.101678 40.620867 25.861358 276.168413 227.372299 174.981677 147.198150 98.857957 151.387241
88.450000 286.065937 204.884254 153.536964 120.876828 100.933640 88.449137 63.148704 40.655496 25.887733 276.330189 227.507975 175.089256 147.290786 98.924473 151.482132
88.500000 286.232907 205.007812 153.632959 120.955220 101.001244 88.509965 63.195730 40.690125 25.914108 276.491960 227.643647 175.196833 147.383419 98.990987 151.577021
88.550000 286.399872 205.131366 153.728951 121.033611 101.068845 88.570791 63.242754 40.724753 25.940482 276.653726 227.779315 175.304408 147.476051 99.057500 151.671908
88.600000 286.566832 205.254916 153.824941 121.112000 101.136446 88.631617 63.289778 40.759380 25.966856 276.815488 227.914979 175.411979 147.568679 99.124011 151.766792
88.650000 286.733788 205.378464 153.920928 121.190387 101.204045 88.692441 63.336801 40.794007 25.993230 276.977245 228.050640 175.519548 147.661306 99.190521 151.861674
88.700000 286.900738 205.502008 154.016913 121.268772 101.271642 88.753263 63.383823 40.828634 26.019604 277.138998 228.186297 175.627114 147.753930 99.257029 151.956554
88.750000 287.067685 205.625549 154.112896 121.347155 101.339238 88.814085 63.430845 40.863260 26.045978 277.300747 228.321950 175.734677 147.846552 99.323536 152.051431
88.800000 287.234626 205.749087 154.208876 121.425536 101.406832 88.874905 63.477865 40.897886 26.072351 277.462490 228.457600 175.842238 147.939172 99.390042 152.146306
88.850000 287.401563 205.872621 154.304854 121.503916 101.474425 88.935724 63.524885 40.932511 26.098724 277.624230 228.593246 175.949795 148.031789 99.456546 152.241179
88.900000 287.568495 205.996152 154.400829 121.582293 101.542016 88.996542 63.571903 40.967136 26.125097 277.785965 228.728889 176.057350 148.124404 99.523048 152.336049
88.950000 287.735423 206.119680 154.496802 121.660669 101.609606 89.057358 63.618921 41.001761 26.151470 277.947695 228.864527 176.164903 148.217017 99.589549 152.430917
89.000000 287.902346 206.243205 154.592773 121.739043 101.677195 89.118173 63.665938 41.036385 26.177843 278.109421 229.000162 176.272452 148.309628 99.656049 152.525782
89.050000 288.069264 206.366726 154.688741 121.817416 101.744782 89.178987 63.712955 41.071008 26.204215 278.271143 229.135794 176.379999 148.402236 99.722547 152.620645
89.100000 288.236178 206.490244 154.784707 121.895786 101.812367 89.239799 63.759970 41.105631 26.230588 278.432860 229.271422 176.487543 148.494842 99.789044 152.715506
89.150000 288.403087 206.613759 154.880670 121.974155 101.879951 89.300611 63.806985 41.140254 26.256960 278.594573 229.407046 176.595084 148.587445 99.855539 152.810365
89.200000 288.569992 206.737270 154.976631 122.052521 101.947533 89.361421 63.853998 41.174876 26.283332 278.756281 229.542667 176.702622 148.680047 99.922032 152.905221
89.250000 288.736892 206.860779 155.072590 122.130886 102.015114 89.422229 63.901011 41.209498 26.309703 278.917984 229.678284 176.810158 148.772646 99.988525 153.000074
89.300000 288.903787 206.984284 155.168546 122.209249 102.082694 89.483037 63.948023 41.244119 26.336075 279.079684 229.813897 176.917691 148.865243 100.055016 153.094926
89.350000 289.070678 207.107786 155.264500 122.287610 102.150272 89.543843 63.995035 41.278740 26.362446 279.241379 229.949507 177.025221 148.957837 100.121505 153.189775
89.400000 289.237564 207.231284 155.360452 122.365970 102.217848 89.604648 64.042045 41.313360 26.388817 279.403069 230.085113 177.132748 149.050430 100.187993 153.284621
89.450000 289.404445 207.354780 155.456401 122.444327 102.285423 89.665451 64.089055 41.347980 26.415188 279.564755 230.220715 177.240273 149.143020 100.254480 153.379466
89.500000 289.571322 207.478272 155.552348 122.522683 102.352997 89.726254 64.136063 41.382600 26.441559 279.726436 230.356314 177.347795 149.235607 100.320965 153.474308
89.550000 289.738194 207.601761 155.648292 122.601037 102.420569 89.787055 64.183071 41.417219 26.467930 279.888113 230.491909 177.455314 149.328193 100.387448 153.569147
89.600000 289.905062 207.725246 155.744234 122.679389 102.488139 89.847855 64.230078 41.451838 26.494300 280.049786 230.627501 177.562831 149.420776 100.453930 153.663985
89.650000 290.071925 207.848729 155.840174 122.757740 102.555708 89.908653 64.277085 41.486456 26.520670 280.211454 230.763089 177.670345 149.513357 100.520411 153.758820
89.700000 290.238783 207.972208 155.936111 122.836088 102.623276 89.969450 64.324090 41.521074 26.547040 280.373118 230.898673 177.777856 149.605936 100.586890 153.853652
89.750000 290.405637 208.095684 156.032046 122.914435 102.690842 90.030246 64.371094 41.555691 26.573410 280.534777 231.034254 177.885364 149.698512 100.653368 153.948483
89.800000 290.572486 208.219157 156.127979 122.992780 102.758407 90.091041 64.418098 41.590308 26.599780 280.696432 231.169831 177.992869 149.791086 100.719845 154.043311
89.850000 290.739331 208.342626 156.223909 123.071123 102.825970 90.151835 64.465101 41.624924 26.626149 280.858083 231.305405 178.100372 149.883658 100.786320 154.138137
89.900000 290.906171 208.466092 156.319837 123.149464 102.893532 90.212627 64.512103 41.659540 26.652519 281.019729 231.440975 178.207872 149.976228 100.852793 154.232960
89.950000 291.073007 208.589555 156.415763 123.227804 102.961092 90.273418 64.559104 41.694155 26.678888 281.181370 231.576541 178.315370 150.068795 100.919265 154.327781
90.000000 291.239838 208.713015 156.511686 123.306141 103.028651 90.334207 64.606105 41.728771 26.705257 281.343008 231.712104 178.422865 150.161360 100.985736 154.422600
90.050000 291.406664 208.836472 156.607607 123.384477 103.096208 90.394996 64.653104 41.763385 26.731625 281.504641 231.847663 178.530357 150.253923 101.052205 154.517416
90.100000 291.573486 208.959925 156.703525 123.462811 103.163764 90.455783 64.700103 41.797999 26.757994 281.666269 231.983219 178.637846 150.346484 101.118673 154.612230
90.150000 291.740303 209.083375 156.799441 123.541143 103.231318 90.516569 64.747101 41.832613 26.784362 281.827893 232.118771 178.745332 150.439042 101.185139 154.707042
90.200000 291.907116 209.206823 156.895355 123.619474 103.298871 90.577354 64.794098 41.867226 26.810730 281.989513 232.254319 178.852816 150.531599 101.251604 154.801851
90.250000 292.073924 209.330266 156.991266 123.697802 103.366422 90.638137 64.841094 41.901839 26.837098 282.151128 232.389864 178.960297 150.624153 101.318067 154.896658
90.300000 292.240728 209.453707 157.087175 123.776129 103.433972 90.698919 64.888090 41.936451 26.863466 282.312739 232.525405 179.067776 150.716704 101.384530 154.991463
90.350000 292.407527 209.577144 157.183082 123.854454 103.501521 90.759700 64.935084 41.971063 26.889834 282.474346 232.660943 179.175252 150.809254 101.450990 155.086266
90.400000 292.574322 209.700579 157.278986 123.932777 103.569068 90.820480 64.982078 42.005675 26.916201 282.635948 232.796477 179.282725 150.901801 101.517449 155.181066
90.450000 292.741112 209.824010 157.374889 124.011099 103.636613 90.881258 65.029071 42.040286 26.942568 282.797545 232.932008 179.390195 150.994346 101.583907 155.275864
90.500000 292.907897 209.947437 157.470788 124.089418 103.704157 90.942035 65.076063 42.074897 26.968935 282.959139 233.067535 179.497663 151.086889 101.650363 155.370659
90.550000 293.074678 210.070862 157.566686 124.167736 103.771700 91.002811 65.123054 42.109507 26.995302 283.120728 233.203058 179.605127 151.179429 101.716818 155.465453
90.600000 293.241455 210.194283 157.662581 124.246052 103.839241 91.063586 65.170045 42.144116 27.021669 283.282313 233.338578 179.712590 151.271967 101.783272 155.560244
90.650000 293.408227 210.317702 157.758473 124.324366 103.906781 91.124359 65.217034 42.178726 27.048035 283.443893 233.474094 179.820049 151.364503 101.849724 155.655032
90.700000 293.574994 210.441117 157.854364 124.402679 103.974319 91.185131 65.264023 42.213334 27.074402 283.605469 233.609607 179.927506 151.457037 101.916174 155.749819
90.750000 293.741757 210.564529 157.950252 124.480990 104.041856 91.245902 65.311011 42.247943 27.100768 283.767040 233.745116 180.034960 151.549569 101.982623 155.844603
90.800000 293.908516 210.687937 158.046137 124.559298 104.109391 91.306671 65.357998 42.282551 27.127134 283.928608 233.880622 180.142412 151.642098 102.049071 155.939384
90.850000 294.075269 210.811343 158.142021 124.637605 104.176925 91.367440 65.404984 42.317158 27.153499 284.090171 234.016124 180.249861 151.734625 102.115517 156.034164
90.900000 294.242019 210.934745 158.237902 124.715911 104.244458 91.428207 65.451970 42.351765 27.179865 284.251729 234.151623 180.357307 151.827150 102.181962 156.128941
90.950000 294.408764 211.058145 158.333780 124.794214 104.311988 91.488973 65.498955 42.386372 27.206230 284.413283 234.287118 180.464750 151.919673 102.248406 156.223716
91.000000 294.575504 211.181541 158.429657 124.872516 104.379518 91.549737 65.545938 42.420978 27.232595 284.574833 234.422609 180.572191 152.012193 102.314848 156.318489
91.050000 294.742240 211.304933 158.525531 124.950816 104.447046 91.610501 65.592921 42.455584 27.258960 284.736379 234.558097 180.679629 152.104711 102.381289 156.413259
91.100000 294.908971 211.428323 158.621403 125.029114 104.514573 91.671263 65.639904 42.490189 27.285325 284.897920 234.693581 180.787064 152.197227 102.447728 156.508027
91.150000 295.075698 211.551710 158.717272 125.107410 104.582098 91.732024 65.686885 42.524794 27.311689 285.059457 234.829062 180.894497 152.289741 102.514166 156.602793
91.200000 295.242421 211.675093 158.813139 125.185705 104.649621 91.792783 65.733866 42.559398 27.338054 285.220989 234.964540 181.001927 152.382253 102.580602 156.697556
91.250000 295.409138 211.798473 158.909004 125.263998 104.717144 91.853542 65.780845 42.594002 27.364418 285.382517 235.100014 181.109354 152.474762 102.647037 156.792317
91.300000 295.575852 211.921850 159.004866 125.342289 104.784664 91.914299 65.827824 42.628606 27.390782 285.544041 235.235484 181.216779 152.567269 102.713470 156.887076
91.350000 295.742561 212.045224 159.100727 125.420578 104.852184 91.975055 65.874802 42.663209 27.417146 285.705561 235.370951 181.324201 152.659774 102.779903 156.981833
91.400000 295.909265 212.168595 159.196584 125.498866 104.919702 92.035810 65.921780 42.697812 27.443509 285.867076 235.506414 181.431621 152.752277 102.846333 157.076587
91.450000 296.075965 212.291963 159.292440 125.577151 104.987218 92.096563 65.968756 42.732414 27.469873 286.028587 235.641874 181.539037 152.844778 102.912763 157.171339
91.500000 296.242661 212.415327 159.388293 125.655435 105.054733 92.157315 66.015732 42.767015 27.496236 286.190094 235.777330 181.646451 152.937276 102.979191 157.266089
91.550000 296.409352 212.538688 159.484144 125.733717 105.122247 92.218066 66.062707 42.801617 27.522599 286.351596 235.912783 181.753863 153.029772 103.045617 157.360837
91.600000 296.576039 212.662047 159.579993 125.811998 105.189759 92.278816 66.109681 42.836218 27.548962 286.513094 236.048232 181.861272 153.122266 103.112042 157.455582
91.650000 296.742721 212.785402 159.675839 125.890276 105.257270 92.339564 66.156654 42.870818 27.575325 286.674588 236.183677 181.968678 153.214758 103.178466 157.550325
91.700000 296.909399 212.908754 159.771683 125.968553 105.324779 92.400312 66.203626 42.905418 27.601687 286.836077 236.319120 182.076081 153.307247 103.244888 157.645066
91.750000 297.076072 213.032102 159.867525 126.046828 105.392287 92.461058 66.250598 42.940018 27.628049 286.997562 236.454558 182.183482 153.399734 103.311309 157.739804
91.800000 297.242741 213.155448 159.963364 126.125102 105.459793 92.521803 66.297568 42.974617 27.654411 287.159043 236.589993 182.290880 153.492220 103.377728 157.834540
91.850000 297.409405 213.278790 160.059201 126.203373 105.527298 92.582546 66.344538 43.009215 27.680773 287.320520 236.725425 182.398276 153.584702 103.444146 157.929274
91.900000 297.576065 213.402130 160.155036 126.281643 105.594801 92.643288 66.391507 43.043814 27.707135 287.481992 236.860853 182.505668 153.677183 103.510563 158.024006
91.950000 297.742720 213.525466 160.250869 126.359911 105.662303 92.704030 66.438476 43.078411 27.733496 287.643460 236.996278 182.613059 153.769662 103.576978 158.118735
92.000000 297.909371 213.648799 160.346699 126.438177 105.729804 92.764769 66.485443 43.113009 27.759858 287.804924 237.131699 182.720446 153.862138 103.643392 158.213462
92.050000 298.076018 213.772129 160.442527 126.516442 105.797303 92.825508 66.532410 43.147606 27.786219 287.966383 237.267117 182.827831 153.954612 103.709805 158.308187
92.100000 298.242660 213.895456 160.538352 126.594705 105.864801 92.886245 66.579376 43.182202 27.812580 288.127838 237.402531 182.935213 154.047084 103.776216 158.402910
92.150000 298.409298 214.018780 160.634176 126.672966 105.932297 92.946982 66.626341 43.216798 27.838941 288.289289 237.537942 183.042593 154.139554 103.842625 158.497630
92.200000 298.575931 214.142100 160.729997 126.751225 105.999792 93.007717 66.673305 43.251394 27.865301 288.450736 237.673349 183.149970 154.232022 103.909033 158.592348
92.250000 298.742560 214.265418 160.825816 126.829482 106.067286 93.068450 66.720268 43.285989 27.891661 288.612178 237.808753 183.257344 154.324487 103.975440 158.687064
92.300000 298.909185 214.388732 160.921632 126.907738 106.134778 93.129183 66.767231 43.320583 27.918022 288.773616 237.944153 183.364716 154.416950 104.041846 158.781778
92.350000 299.075805 214.512044 161.017446 126.985992 106.202268 93.189914 66.814193 43.355178 27.944382 288.935050 238.079550 183.472085 154.509411 104.108250 158.876489
92.400000 299.242421 214.635352 161.113258 127.064244 106.269757 93.250644 66.861154 43.389771 27.970741 289.096480 238.214944 183.579452 154.601870 104.174652 158.971198
92.450000 299.409032 214.758657 161.209068 127.142495 106.337245 93.311373 66.908114 43.424365 27.997101 289.257905 238.350334 183.686816 154.694327 104.241054 159.065905
92.500000 299.575639 214.881959 161.304875 127.220744 106.404732 93.372100 66.955073 43.458958 28.023460 289.419326 238.485720 183.794177 154.786781 104.307454 159.160610
92.550000 299.742241 215.005258 161.400681 127.298991 106.472216 93.432827 67.002032 43.493550 28.049820 289.580743 238.621103 183.901536 154.879234 104.373852 159.255312
92.600000 299.908839 215.128554 161.496483 127.377236 106.539700 93.493552 67.048989 43.528142 28.076179 289.742156 238.756482 184.008892 154.971684 104.440249 159.350012
92.650000 300.075433 215.251846 161.592284 127.455479 106.607182 93.554276 67.095946 43.562734 28.102537 289.903564 238.891859 184.116245 155.064132 104.506645 159.444710
92.700000 300.242022 215.375136 161.688082 127.533721 106.674663 93.614999 67.142903 43.597325 28.128896 290.064968 239.027231 184.223596 155.156578 104.573039 159.539406
