web/models/kne/25/Metzger_0.111556_0.111034_0.100000.dat
# %ECSV 0.9
# ---
# datatype:
# - {name: time, datatype: float64}
# - {name: sdss_u, datatype: float64}
# - {name: sdss_g, datatype: float64}
# - {name: sdss_r, datatype: float64}
# - {name: sdss_i, datatype: float64}
# - {name: sdss_z, datatype: float64}
# - {name: PS1_y, datatype: float64}
# - {name: ukirt_J, datatype: float64}
# - {name: ukirt_H, datatype: float64}
# - {name: ukirt_K, datatype: float64}
# - {name: johnson_U, datatype: float64}
# - {name: johnson_B, datatype: float64}
# - {name: johnson_V, datatype: float64}
# - {name: johnson_R, datatype: float64}
# - {name: johnson_I, datatype: float64}
# - {name: Clear, datatype: float64}
# meta: !!omap
# - comment: [vej = 0.11103448275862068, mej = 0.11155639876849505, Ye = 0.1, redshift = 0.0]
# schema: astropy-2.0
time sdss_u sdss_g sdss_r sdss_i sdss_z PS1_y ukirt_J ukirt_H ukirt_K johnson_U johnson_B johnson_V johnson_R johnson_I Clear
[from data line 2941]
147.150000 287.158257 206.154161 154.919622 122.331492 102.432439 89.975652 64.731681 42.289186 27.555187 277.443775 228.728325 176.424534 148.687194 100.427727 152.869313
147.200000 287.260572 206.229877 154.978451 122.379536 102.473873 90.012935 64.760507 42.310416 27.571361 277.542904 228.811464 176.490459 148.743963 100.468494 152.927464
147.250000 287.362884 206.305592 155.037279 122.427579 102.515306 90.050217 64.789333 42.331647 27.587534 277.642031 228.894601 176.556383 148.800732 100.509260 152.985615
147.300000 287.465195 206.381306 155.096106 122.475622 102.556739 90.087498 64.818158 42.352877 27.603708 277.741157 228.977736 176.622307 148.857500 100.550025 153.043764
147.350000 287.567504 206.457018 155.154932 122.523664 102.598171 90.124780 64.846983 42.374107 27.619881 277.840281 229.060871 176.688229 148.914266 100.590790 153.101913
147.400000 287.669810 206.532729 155.213757 122.571705 102.639602 90.162060 64.875808 42.395337 27.636054 277.939403 229.144003 176.754149 148.971032 100.631554 153.160061
147.450000 287.772115 206.608439 155.272581 122.619746 102.681033 90.199340 64.904632 42.416566 27.652227 278.038523 229.227134 176.820069 149.027797 100.672318 153.218208
147.500000 287.874418 206.684147 155.331404 122.667785 102.722463 90.236620 64.933456 42.437796 27.668400 278.137641 229.310264 176.885988 149.084561 100.713081 153.276353
147.550000 287.976720 206.759854 155.390226 122.715824 102.763893 90.273898 64.962280 42.459025 27.684573 278.236758 229.393392 176.951905 149.141324 100.753843 153.334498
147.600000 288.079019 206.835559 155.449047 122.763863 102.805322 90.311177 64.991103 42.480254 27.700745 278.335873 229.476519 177.017821 149.198086 100.794605 153.392642
147.650000 288.181317 206.911264 155.507867 122.811900 102.846750 90.348455 65.019926 42.501483 27.716918 278.434985 229.559644 177.083737 149.254847 100.835366 153.450785
147.700000 288.283612 206.986967 155.566686 122.859937 102.888178 90.385732 65.048748 42.522711 27.733090 278.534097 229.642768 177.149651 149.311607 100.876126 153.508927
147.750000 288.385906 207.062668 155.625504 122.907973 102.929605 90.423009 65.077571 42.543940 27.749263 278.633206 229.725890 177.215564 149.368366 100.916886 153.567068
147.800000 288.488198 207.138369 155.684321 122.956008 102.971032 90.460285 65.106392 42.565168 27.765435 278.732313 229.809011 177.281476 149.425125 100.957646 153.625208
147.850000 288.590488 207.214068 155.743138 123.004042 103.012457 90.497561 65.135214 42.586396 27.781607 278.831419 229.892131 177.347386 149.481882 100.998404 153.683347
147.900000 288.692776 207.289765 155.801953 123.052076 103.053883 90.534836 65.164035 42.607624 27.797780 278.930523 229.975249 177.413296 149.538639 101.039163 153.741485
147.950000 288.795062 207.365462 155.860767 123.100109 103.095307 90.572111 65.192856 42.628851 27.813952 279.029625 230.058365 177.479204 149.595394 101.079920 153.799622
148.000000 288.897347 207.441157 155.919580 123.148141 103.136731 90.609385 65.221676 42.650078 27.830124 279.128726 230.141480 177.545112 149.652149 101.120677 153.857758
148.050000 288.999629 207.516851 155.978393 123.196173 103.178155 90.646658 65.250496 42.671306 27.846295 279.227824 230.224593 177.611018 149.708902 101.161433 153.915893
148.100000 289.101910 207.592543 156.037204 123.244203 103.219578 90.683931 65.279316 42.692533 27.862467 279.326921 230.307706 177.676923 149.765655 101.202189 153.974028
148.150000 289.204189 207.668234 156.096014 123.292233 103.261000 90.721204 65.308135 42.713759 27.878639 279.426016 230.390816 177.742827 149.822407 101.242944 154.032161
148.200000 289.306466 207.743924 156.154824 123.340262 103.302421 90.758476 65.336954 42.734986 27.894810 279.525109 230.473925 177.808730 149.879158 101.283699 154.090293
148.250000 289.408741 207.819613 156.213632 123.388291 103.343842 90.795748 65.365773 42.756212 27.910982 279.624200 230.557033 177.874632 149.935908 101.324453 154.148425
148.300000 289.511014 207.895300 156.272440 123.436318 103.385263 90.833019 65.394591 42.777438 27.927153 279.723290 230.640139 177.940533 149.992657 101.365206 154.206555
148.350000 289.613286 207.970986 156.331246 123.484345 103.426682 90.870289 65.423409 42.798664 27.943324 279.822378 230.723244 178.006432 150.049405 101.405959 154.264685
148.400000 289.715556 208.046670 156.390052 123.532372 103.468101 90.907559 65.452226 42.819890 27.959496 279.921464 230.806347 178.072331 150.106152 101.446711 154.322813
148.450000 289.817823 208.122353 156.448856 123.580397 103.509520 90.944828 65.481044 42.841116 27.975667 280.020548 230.889449 178.138228 150.162898 101.487462 154.380941
148.500000 289.920089 208.198035 156.507660 123.628422 103.550938 90.982097 65.509860 42.862341 27.991838 280.119631 230.972549 178.204124 150.219644 101.528213 154.439067
148.550000 290.022353 208.273716 156.566463 123.676446 103.592355 91.019366 65.538677 42.883566 28.008009 280.218711 231.055648 178.270020 150.276388 101.568964 154.497193
148.600000 290.124616 208.349395 156.625264 123.724469 103.633772 91.056633 65.567493 42.904791 28.024179 280.317790 231.138746 178.335914 150.333132 101.609714 154.555318
148.650000 290.226876 208.425074 156.684065 123.772492 103.675188 91.093901 65.596309 42.926016 28.040350 280.416867 231.221842 178.401807 150.389874 101.650463 154.613442
148.700000 290.329135 208.500750 156.742865 123.820513 103.716603 91.131167 65.625124 42.947241 28.056521 280.515943 231.304936 178.467699 150.446616 101.691211 154.671565
148.750000 290.431391 208.576426 156.801664 123.868534 103.758018 91.168434 65.653939 42.968465 28.072691 280.615016 231.388029 178.533589 150.503357 101.731959 154.729686
148.800000 290.533646 208.652100 156.860461 123.916555 103.799433 91.205699 65.682754 42.989689 28.088861 280.714088 231.471121 178.599479 150.560097 101.772707 154.787807
148.850000 290.635899 208.727773 156.919258 123.964574 103.840846 91.242965 65.711568 43.010913 28.105032 280.813158 231.554211 178.665368 150.616836 101.813453 154.845927
148.900000 290.738150 208.803444 156.978054 124.012593 103.882259 91.280229 65.740383 43.032137 28.121202 280.912227 231.637300 178.731255 150.673574 101.854200 154.904047
148.950000 290.840400 208.879115 157.036849 124.060611 103.923672 91.317493 65.769196 43.053360 28.137372 281.011293 231.720387 178.797141 150.730311 101.894945 154.962165
149.000000 290.942647 208.954784 157.095643 124.108628 103.965083 91.354757 65.798010 43.074584 28.153542 281.110358 231.803473 178.863027 150.787047 101.935690 155.020282
149.050000 291.044893 209.030451 157.154436 124.156645 104.006495 91.392020 65.826822 43.095807 28.169712 281.209421 231.886557 178.928911 150.843782 101.976435 155.078398
149.100000 291.147137 209.106118 157.213229 124.204661 104.047905 91.429283 65.855635 43.117030 28.185882 281.308482 231.969640 178.994794 150.900517 102.017179 155.136514
149.150000 291.249379 209.181783 157.272020 124.252676 104.089315 91.466545 65.884447 43.138253 28.202051 281.407542 232.052722 179.060676 150.957250 102.057922 155.194628
149.200000 291.351619 209.257447 157.330810 124.300690 104.130725 91.503806 65.913259 43.159475 28.218221 281.506599 232.135802 179.126557 151.013983 102.098664 155.252741
149.250000 291.453858 209.333109 157.389599 124.348704 104.172134 91.541067 65.942071 43.180698 28.234391 281.605655 232.218881 179.192436 151.070714 102.139407 155.310854
149.300000 291.556094 209.408770 157.448388 124.396717 104.213542 91.578328 65.970882 43.201920 28.250560 281.704709 232.301958 179.258315 151.127445 102.180148 155.368965
149.350000 291.658329 209.484430 157.507175 124.444729 104.254949 91.615588 65.999693 43.223142 28.266729 281.803762 232.385034 179.324193 151.184175 102.220889 155.427076
149.400000 291.760562 209.560089 157.565961 124.492740 104.296356 91.652848 66.028503 43.244364 28.282899 281.902813 232.468108 179.390069 151.240904 102.261629 155.485186
149.450000 291.862793 209.635746 157.624747 124.540751 104.337763 91.690106 66.057314 43.265585 28.299068 282.001861 232.551181 179.455945 151.297632 102.302369 155.543295
149.500000 291.965023 209.711402 157.683531 124.588761 104.379169 91.727365 66.086123 43.286807 28.315237 282.100909 232.634252 179.521819 151.354359 102.343108 155.601402
149.550000 292.067250 209.787057 157.742315 124.636770 104.420574 91.764623 66.114933 43.308028 28.331406 282.199954 232.717323 179.587692 151.411085 102.383847 155.659509
149.600000 292.169476 209.862711 157.801098 124.684779 104.461979 91.801880 66.143742 43.329249 28.347575 282.298998 232.800391 179.653564 151.467810 102.424585 155.717615
149.650000 292.271700 209.938363 157.859879 124.732787 104.503383 91.839137 66.172551 43.350470 28.363743 282.398040 232.883458 179.719436 151.524535 102.465322 155.775720
149.700000 292.373922 210.014014 157.918660 124.780794 104.544786 91.876394 66.201359 43.371690 28.379912 282.497080 232.966524 179.785306 151.581258 102.506059 155.833824
149.750000 292.476142 210.089664 157.977440 124.828800 104.586189 91.913649 66.230167 43.392911 28.396081 282.596118 233.049588 179.851174 151.637981 102.546795 155.891928
149.800000 292.578360 210.165312 158.036219 124.876806 104.627591 91.950905 66.258975 43.414131 28.412249 282.695155 233.132651 179.917042 151.694702 102.587531 155.950030
149.850000 292.680577 210.240959 158.094997 124.924811 104.668993 91.988160 66.287783 43.435351 28.428417 282.794190 233.215713 179.982909 151.751423 102.628266 156.008131
149.900000 292.782792 210.316605 158.153774 124.972815 104.710394 92.025414 66.316590 43.456571 28.444586 282.893223 233.298773 180.048775 151.808143 102.669000 156.066231
149.950000 292.885005 210.392250 158.212550 125.020818 104.751794 92.062668 66.345396 43.477791 28.460754 282.992254 233.381831 180.114639 151.864862 102.709734 156.124331
150.000000 292.987218 210.467894 158.271326 125.068821 104.793195 92.099922 66.374203 43.499010 28.476922 283.091286 233.464890 180.180504 151.921581 102.750468 156.182430
