web/models/kne/25/Metzger_0.212177_0.305517_0.100000.dat
# %ECSV 0.9
# ---
# datatype:
# - {name: time, datatype: float64}
# - {name: sdss_u, datatype: float64}
# - {name: sdss_g, datatype: float64}
# - {name: sdss_r, datatype: float64}
# - {name: sdss_i, datatype: float64}
# - {name: sdss_z, datatype: float64}
# - {name: PS1_y, datatype: float64}
# - {name: ukirt_J, datatype: float64}
# - {name: ukirt_H, datatype: float64}
# - {name: ukirt_K, datatype: float64}
# - {name: johnson_U, datatype: float64}
# - {name: johnson_B, datatype: float64}
# - {name: johnson_V, datatype: float64}
# - {name: johnson_R, datatype: float64}
# - {name: johnson_I, datatype: float64}
# - {name: Clear, datatype: float64}
# meta: !!omap
# - comment: [vej = 0.30551724137931036, mej = 0.2121769878034849, Ye = 0.1, redshift = 0.0]
# schema: astropy-2.0
time sdss_u sdss_g sdss_r sdss_i sdss_z PS1_y ukirt_J ukirt_H ukirt_K johnson_U johnson_B johnson_V johnson_R johnson_I Clear
0.100000 nan nan nan nan nan nan nan nan nan nan nan nan nan nan nan
0.150000 nan nan nan nan nan nan nan nan nan nan nan nan nan nan nan
0.200000 -11.793754 -13.161415 -13.839467 -14.149266 -14.271258 -14.313500 -14.290235 -14.087567 -13.797731 -11.971558 -12.809739 -13.578427 -13.907492 -14.280017 -13.862254
0.250000 -11.690882 -13.209502 -13.982173 -14.350991 -14.508154 -14.571926 -14.590726 -14.423151 -14.154894 -11.886811 -12.815827 -13.681594 -14.061586 -14.520407 -14.008711
0.300000 -11.487842 -13.160598 -14.030158 -14.459633 -14.653058 -14.739072 -14.801430 -14.670261 -14.424392 -11.702263 -12.724005 -13.689048 -14.121257 -14.668917 -14.060544
0.350000 -11.239310 -13.062311 -14.026526 -14.515454 -14.744524 -14.852449 -14.957814 -14.862671 -14.638962 -11.471747 -12.583858 -13.645785 -14.129066 -14.763934 -14.060679
0.400000 -10.966669 -12.934682 -13.990417 -14.536984 -14.800704 -14.929969 -15.077317 -15.017428 -14.815419 -11.216487 -12.415810 -13.571331 -14.104036 -14.823569 -14.028216
0.450000 -10.680175 -12.788015 -13.932115 -14.534460 -14.831790 -14.981791 -15.170029 -15.144559 -14.963757 -10.946748 -12.230157 -13.475983 -14.056445 -14.858011 -13.973440
0.500000 -10.385396 -12.628282 -13.857812 -14.514184 -14.844136 -15.014298 -15.242375 -15.250525 -15.090459 -10.668149 -12.032763 -13.365849 -13.992508 -14.873618 -13.902548
0.550000 -10.085620 -12.459236 -13.771531 -14.480327 -14.841990 -15.031779 -15.298720 -15.339752 -15.199992 -10.384033 -11.827253 -13.244843 -13.916279 -14.874645 -13.819575
0.600000 -9.782907 -12.283379 -13.676034 -14.435797 -14.828339 -15.037265 -15.342176 -15.415413 -15.295569 -10.096515 -11.616008 -13.115619 -13.830550 -14.864086 -13.727292
0.650000 -9.478609 -12.102454 -13.573298 -14.382705 -14.805366 -15.032983 -15.375043 -15.479867 -15.379584 -9.806994 -11.400664 -12.980060 -13.737322 -14.844131 -13.627684
0.700000 -9.173646 -11.917717 -13.464786 -14.322631 -14.774716 -15.020613 -15.399068 -15.534912 -15.453869 -9.516431 -11.182384 -12.839543 -13.638083 -14.816433 -13.522223
0.750000 -8.868660 -11.730101 -13.351606 -14.256790 -14.737660 -15.001458 -15.415613 -15.581956 -15.519859 -9.225501 -10.962021 -12.695105 -13.533963 -14.782266 -13.412023
0.800000 -8.564107 -11.540315 -13.234620 -14.186131 -14.695200 -14.976550 -15.425759 -15.622119 -15.578697 -8.934693 -10.740212 -12.547544 -13.425841 -14.742637 -13.297953
0.850000 -8.260318 -11.348906 -13.114508 -14.111416 -14.648138 -14.946715 -15.430378 -15.656306 -15.631311 -8.644362 -10.517445 -12.397486 -13.314412 -14.698353 -13.180698
0.900000 -7.957534 -11.156301 -12.991816 -14.033257 -14.597126 -14.912629 -15.430186 -15.685262 -15.678461 -8.354773 -10.294097 -12.245426 -13.200236 -14.650071 -13.060807
0.950000 -7.655932 -10.962842 -12.866985 -13.952158 -14.542703 -14.874848 -15.425774 -15.709603 -15.720780 -8.066121 -10.070461 -12.091765 -13.083766 -14.598330 -12.938726
1.000000 -7.355640 -10.768802 -12.740378 -13.868536 -14.485315 -14.833838 -15.417636 -15.729849 -15.758801 -7.778554 -9.846772 -11.936829 -12.965376 -14.543582 -12.814823
1.050000 -7.056752 -10.574401 -12.612296 -13.782738 -14.425338 -14.789988 -15.406193 -15.746439 -15.792975 -7.492178 -9.623214 -11.780884 -12.845376 -14.486203 -12.689398
1.100000 -6.759332 -10.379817 -12.482987 -13.695058 -14.363089 -14.743631 -15.391801 -15.759746 -15.823686 -7.207073 -9.399935 -11.624150 -12.724023 -14.426514 -12.562706
1.150000 -6.463426 -10.185197 -12.352661 -13.605745 -14.298838 -14.695050 -15.374765 -15.770095 -15.851266 -6.923296 -9.177051 -11.466810 -12.601534 -14.364787 -12.434959
1.200000 -6.169059 -9.990660 -12.221495 -13.515008 -14.232818 -14.644489 -15.355351 -15.777762 -15.876003 -6.640883 -8.954656 -11.309018 -12.478093 -14.301256 -12.306333
1.250000 -5.876246 -9.796301 -12.089638 -13.423031 -14.165227 -14.592157 -15.333787 -15.782993 -15.898148 -6.359861 -8.732823 -11.150899 -12.353854 -14.236122 -12.176982
1.300000 -5.584991 -9.602202 -11.957215 -13.329967 -14.096239 -14.538237 -15.310273 -15.786000 -15.917920 -6.080240 -8.511612 -10.992560 -12.228951 -14.169559 -12.047033
1.350000 -5.295289 -9.408425 -11.824336 -13.235954 -14.026003 -14.482889 -15.284987 -15.786969 -15.935513 -5.802026 -8.291067 -10.834092 -12.103496 -14.101720 -11.916595
1.400000 -5.007130 -9.215023 -11.691092 -13.141106 -13.954651 -14.426252 -15.258081 -15.786067 -15.951099 -5.525214 -8.071223 -10.675570 -11.977587 -14.032736 -11.785763
1.450000 -4.720496 -9.022038 -11.557561 -13.045525 -13.882298 -14.368449 -15.229695 -15.783441 -15.964830 -5.249795 -7.852105 -10.517056 -11.851305 -13.962725 -11.654617
1.500000 -4.435368 -8.829503 -11.423810 -12.949301 -13.809045 -14.309589 -15.199947 -15.779221 -15.976842 -4.975755 -7.633731 -10.358604 -11.724722 -13.891787 -11.523224
1.550000 -4.151722 -8.637444 -11.289898 -12.852509 -13.734980 -14.249767 -15.168949 -15.773524 -15.987258 -4.703076 -7.416114 -10.200259 -11.597900 -13.820014 -11.391644
1.600000 -3.877036 -8.450959 -11.159410 -12.757771 -13.662132 -14.190639 -15.137602 -15.766591 -15.995891 -4.438952 -7.205017 -10.046240 -11.474240 -13.749373 -11.263402
1.650000 -3.759964 -8.370809 -11.102702 -12.716029 -13.629554 -14.163807 -15.122404 -15.761627 -15.997457 -4.326302 -7.114564 -9.979682 -11.420390 -13.717719 -11.207634
1.700000 -3.648785 -8.294517 -11.048558 -12.676026 -13.598210 -14.137892 -15.107487 -15.756386 -15.998393 -4.219301 -7.028536 -9.916231 -11.368947 -13.687250 -11.154378
1.750000 -3.377284 -8.109337 -10.918184 -12.580643 -13.524256 -14.077375 -15.074193 -15.747061 -16.004386 -3.958137 -6.819268 -9.762827 -11.245255 -13.615457 -11.026202
1.800000 -3.276184 -8.039579 -10.868325 -12.543489 -13.494884 -14.052881 -15.059589 -15.741168 -16.004066 -3.860790 -6.740764 -9.704606 -11.197823 -13.586869 -10.977141
1.850000 -3.010281 -7.857663 -10.739731 -12.448942 -13.421189 -13.992264 -15.025481 -15.730430 -16.008287 -3.604945 -6.535411 -9.553605 -11.075731 -13.515278 -10.850686
1.900000 -2.918795 -7.794196 -10.694053 -12.414621 -13.393826 -13.969264 -15.011328 -15.724081 -16.006937 -3.516814 -6.464125 -9.500451 -11.032222 -13.488617 -10.805721
1.950000 -2.658242 -7.615451 -10.567247 -12.320980 -13.320499 -13.908679 -14.976584 -15.712143 -16.009620 -3.266057 -6.262551 -9.351820 -10.911750 -13.417340 -10.680998
2.000000 -2.575931 -7.558033 -10.525635 -12.289459 -13.295160 -13.887218 -14.962988 -15.705493 -16.007426 -3.186727 -6.198187 -9.303566 -10.872064 -13.392624 -10.640019
2.050000 -2.498476 -7.503868 -10.486256 -12.259522 -13.271008 -13.866693 -14.949823 -15.698829 -16.004934 -3.112061 -6.137523 -9.257974 -10.834489 -13.369055 -10.601234
2.100000 -2.246944 -7.330763 -10.362944 -12.168005 -13.198968 -13.806873 -14.914794 -15.685707 -16.005881 -2.869921 -5.942532 -9.113738 -10.717249 -13.298981 -10.479920
2.150000 -2.178002 -7.282263 -10.327422 -12.140770 -13.176810 -13.787899 -14.902283 -15.678911 -16.002757 -2.803427 -5.888327 -9.072762 -10.683309 -13.277335 -10.444918
2.200000 -1.931225 -7.112064 -10.205844 -12.050238 -13.105298 -13.728320 -14.866924 -15.664974 -16.002594 -2.565820 -5.696759 -8.930753 -10.567660 -13.207742 -10.325289
2.250000 -1.870423 -7.069010 -10.174057 -12.025646 -13.085115 -13.710903 -14.855121 -15.658138 -15.998955 -2.507143 -5.648752 -8.894231 -10.537247 -13.188004 -10.293955
2.300000 -1.628202 -6.901625 -10.054187 -11.936116 -13.014174 -13.651625 -14.819521 -15.643500 -15.997811 -2.273884 -5.460484 -8.754395 -10.423171 -13.118938 -10.175990
2.350000 -1.386838 -6.734611 -9.934378 -11.846451 -12.942978 -13.592018 -14.783448 -15.628271 -15.996015 -2.041423 -5.272722 -8.614749 -10.309118 -13.049606 -10.058074
2.400000 -1.337338 -6.699146 -9.907824 -11.825587 -12.925600 -13.576829 -14.772701 -15.621461 -15.991743 -1.993604 -5.233341 -8.584451 -10.283651 -13.032580 -10.031878
2.450000 -1.100285 -6.534834 -9.789694 -11.736949 -12.855033 -13.517601 -14.736504 -15.605681 -15.989132 -1.765261 -5.048730 -8.446914 -10.171153 -12.963836 -9.915601
2.500000 -1.058128 -6.504340 -9.766605 -11.718589 -12.839570 -13.503956 -14.726553 -15.599004 -15.984569 -1.724502 -5.014982 -8.420714 -10.148967 -12.948665 -9.892809
2.550000 -0.825217 -6.342642 -9.650122 -11.630978 -12.769651 -13.445140 -14.690292 -15.582749 -15.981233 -1.500118 -4.833411 -8.285230 -10.037997 -12.880532 -9.778139
2.600000 -0.790100 -6.316932 -9.630383 -11.615052 -12.756062 -13.433018 -14.681150 -15.576251 -15.976442 -1.466128 -4.805076 -8.262982 -10.018987 -12.867179 -9.758639
2.650000 -0.561172 -6.157766 -9.515511 -11.528465 -12.686807 -13.374640 -14.644874 -15.559591 -15.972461 -1.245554 -4.626443 -8.129497 -9.909516 -12.799672 -9.645543
2.700000 -0.332918 -5.998902 -9.400702 -11.441790 -12.617371 -13.316025 -14.608247 -15.542489 -15.967990 -1.025609 -4.448215 -7.996175 -9.800079 -12.731977 -9.532502
2.750000 -0.307715 -5.979947 -9.385714 -11.429335 -12.606469 -13.306097 -14.600300 -15.536300 -15.962939 -1.001155 -4.427517 -7.979520 -9.785575 -12.721231 -9.517673
2.800000 -0.083251 -5.823517 -9.272479 -11.343684 -12.537721 -13.247959 -14.563725 -15.518884 -15.957926 -0.784838 -4.252101 -7.848133 -9.677607 -12.654189 -9.406170
2.850000 -0.064439 -5.808939 -9.260590 -11.333511 -12.528601 -13.239499 -14.556608 -15.512959 -15.952774 -0.766533 -4.236342 -7.835114 -9.666046 -12.645175 -9.394389
2.900000 0.156371 -5.654869 -9.148892 -11.248873 -12.460545 -13.181852 -14.520119 -15.495276 -15.947276 -0.553715 -4.063648 -7.705611 -9.559516 -12.578793 -9.284391
2.950000 0.376609 -5.501056 -9.037253 -11.164166 -12.392343 -13.124009 -14.483339 -15.477225 -15.941368 -0.341432 -3.891299 -7.576250 -9.453020 -12.512256 -9.174443
3.000000 0.386324 -5.492727 -9.029805 -11.157280 -12.385801 -13.117684 -14.477452 -15.471730 -15.936126 -0.331883 -3.882583 -7.568431 -9.445679 -12.505749 -9.167030
3.050000 0.603072 -5.341187 -8.919665 -11.073579 -12.318302 -13.060356 -14.440804 -15.453478 -15.929811 -0.122943 -3.712846 -7.440894 -9.340587 -12.439886 -9.058551
3.100000 0.819299 -5.189883 -8.809580 -10.989817 -12.250672 -13.002852 -14.403893 -15.434892 -15.923124 0.085509 -3.543425 -7.313488 -9.235529 -12.373884 -8.950119
3.150000 0.820337 -5.187539 -8.806408 -10.986115 -12.246646 -12.998623 -14.399249 -15.429880 -15.917873 0.086703 -3.541446 -7.310664 -9.232256 -12.369825 -8.946914
3.200000 1.033224 -5.038425 -8.697784 -10.903349 -12.179726 -12.941651 -14.362508 -15.411149 -15.910843 0.291954 -3.374535 -7.185025 -9.128570 -12.304505 -8.839914
3.250000 1.245636 -4.889527 -8.589211 -10.820528 -12.112688 -12.884521 -14.325529 -15.392116 -15.903477 0.496760 -3.207913 -7.059507 -9.024915 -12.239059 -8.732959
3.300000 1.238386 -4.892922 -8.590158 -10.819912 -12.111113 -12.882345 -14.322130 -15.387627 -15.898280 0.489971 -3.212384 -7.061483 -9.025563 -12.237388 -8.733808
3.350000 1.447596 -4.746138 -8.483009 -10.738074 -12.044788 -12.825758 -14.285351 -15.368494 -15.890625 0.691706 -3.048180 -6.937678 -8.923247 -12.172628 -8.628248
3.400000 1.656372 -4.599551 -8.375907 -10.656186 -11.978354 -12.769026 -14.248354 -15.349084 -15.882663 0.893035 -2.884239 -6.813983 -8.820960 -12.107754 -8.522729
3.450000 1.641194 -4.608452 -8.380823 -10.658558 -11.979166 -12.768859 -14.246196 -15.345150 -15.877573 0.878609 -2.894891 -6.820574 -8.825390 -12.108409 -8.527486
3.500000 1.846894 -4.463909 -8.275108 -10.577639 -11.913444 -12.712678 -14.209424 -15.325680 -15.869370 1.076986 -2.733282 -6.698542 -8.724410 -12.044221 -8.423328
3.550000 2.052199 -4.319544 -8.169435 -10.496674 -11.847623 -12.656364 -14.172453 -15.305956 -15.860883 1.274992 -2.571912 -6.576610 -8.623455 -11.979928 -8.319207
3.600000 2.029430 -4.333734 -8.178178 -10.501939 -11.850756 -12.658159 -14.171525 -15.302599 -15.855943 1.253251 -2.588496 -6.587642 -8.631534 -11.982846 -8.327731
3.650000 2.231774 -4.191347 -8.073857 -10.421928 -11.785644 -12.602401 -14.134800 -15.282847 -15.847257 1.448415 -2.429377 -6.467325 -8.531855 -11.919238 -8.224937
3.700000 2.433756 -4.049122 -7.969574 -10.341874 -11.720440 -12.546521 -14.097890 -15.262861 -15.838310 1.643241 -2.270477 -6.347098 -8.432198 -11.855533 -8.122176
3.750000 2.635384 -3.907058 -7.865327 -10.261779 -11.655146 -12.490521 -14.060801 -15.242646 -15.829107 1.837736 -2.111792 -6.226960 -8.332564 -11.791733 -8.019446
3.800000 2.602839 -3.928086 -7.879042 -10.270824 -11.661329 -12.494906 -14.061530 -15.240112 -15.824443 1.806570 -2.136033 -6.243748 -8.345387 -11.797627 -8.032868
3.850000 2.801637 -3.787925 -7.776110 -10.191667 -11.596744 -12.439470 -14.024711 -15.219910 -15.815089 1.998346 -1.979509 -6.125171 -8.246995 -11.734513 -7.931429
3.900000 3.000111 -3.647910 -7.673211 -10.112470 -11.532075 -12.383923 -13.987726 -15.199496 -15.805498 2.189820 -1.823181 -6.006675 -8.148622 -11.671310 -7.830018
3.950000 2.960652 -3.673782 -7.690458 -10.124209 -11.540437 -12.390165 -13.989655 -15.197573 -15.801060 2.151988 -1.852844 -6.027547 -8.164817 -11.679332 -7.846920
4.000000 3.156393 -3.535613 -7.588841 -10.045935 -11.476470 -12.335182 -13.952953 -15.177194 -15.791347 2.340835 -1.698609 -5.910570 -8.067658 -11.616809 -7.746769
4.050000 3.351838 -3.397576 -7.487252 -9.967623 -11.412424 -12.280093 -13.916096 -15.156618 -15.781414 2.529405 -1.544552 -5.793664 -7.970513 -11.554203 -7.646642
4.100000 3.546993 -3.259668 -7.385691 -9.889273 -11.348301 -12.224903 -13.879087 -15.135849 -15.771267 2.717705 -1.390669 -5.676829 -7.873384 -11.491516 -7.546538
4.150000 3.498540 -3.291867 -7.407571 -9.904563 -11.359552 -12.233618 -13.882640 -15.134791 -15.767192 2.671198 -1.427404 -5.703046 -7.894006 -11.502360 -7.568005
4.200000 3.691072 -3.155741 -7.307257 -9.827120 -11.296126 -12.178993 -13.845930 -15.114085 -15.756957 2.856975 -1.275538 -5.587683 -7.798060 -11.440348 -7.469127
4.250000 3.883338 -3.019733 -7.206967 -9.749639 -11.232627 -12.124272 -13.809077 -15.093199 -15.746522 3.042504 -1.123830 -5.472383 -7.702125 -11.378260 -7.370269
4.300000 4.075345 -2.883838 -7.106699 -9.672123 -11.169055 -12.069457 -13.772086 -15.072138 -15.735890 3.227792 -0.972277 -5.357144 -7.606202 -11.316097 -7.271430
4.350000 4.018284 -2.922110 -7.133042 -9.690848 -11.183110 -12.080580 -13.777241 -15.071958 -15.732217 3.172981 -1.015793 -5.388500 -7.631090 -11.329680 -7.297294
4.400000 4.207767 -2.787939 -7.033988 -9.614221 -11.120230 -12.026331 -13.740561 -15.050982 -15.721527 3.355840 -0.866187 -5.274689 -7.536319 -11.268187 -7.199650
4.450000 4.397012 -2.653871 -6.934953 -9.537559 -11.057280 -11.971991 -13.703750 -15.029841 -15.710654 3.538478 -0.716721 -5.160933 -7.441556 -11.206621 -7.102020
4.500000 4.586027 -2.519904 -6.835937 -9.460862 -10.994263 -11.917565 -13.666811 -15.008538 -15.699600 3.720901 -0.567393 -5.047229 -7.346801 -11.144986 -7.004405
4.550000 4.520716 -2.564010 -6.866579 -9.482907 -11.011038 -11.931031 -13.673541 -15.009244 -15.696357 3.658130 -0.617416 -5.083529 -7.375802 -11.161229 -7.034508
4.600000 4.707297 -2.431712 -6.768745 -9.407083 -10.948704 -11.877168 -13.636922 -14.988047 -15.685270 3.838210 -0.469970 -4.971213 -7.282171 -11.100256 -6.938056
4.650000 4.893667 -2.299504 -6.670925 -9.331223 -10.886305 -11.823221 -13.600182 -14.966696 -15.674014 4.018094 -0.322648 -4.858942 -7.188545 -11.039216 -6.841615
4.700000 5.079830 -2.167385 -6.573119 -9.255329 -10.823842 -11.769191 -13.563324 -14.945196 -15.662591 4.197785 -0.175447 -4.746717 -7.094922 -10.978109 -6.745185
4.750000 5.265791 -2.035351 -6.475325 -9.179402 -10.761317 -11.715081 -13.526348 -14.923550 -15.651006 4.377289 -0.028365 -4.634535 -7.001304 -10.916936 -6.648764
4.800000 5.190418 -2.086599 -6.511254 -9.205548 -10.781467 -11.731467 -13.535068 -14.925412 -15.648366 4.304804 -0.086345 -4.676901 -7.035365 -10.936482 -6.684079
4.850000 5.374043 -1.956176 -6.414610 -9.130476 -10.719617 -11.677919 -13.498424 -14.903892 -15.636774 4.482058 0.058924 -4.566062 -6.942840 -10.875966 -6.588790
