web/models/kne/25/Metzger_0.500000_0.467586_0.100000.dat
# %ECSV 0.9
# ---
# datatype:
# - {name: time, datatype: float64}
# - {name: sdss_u, datatype: float64}
# - {name: sdss_g, datatype: float64}
# - {name: sdss_r, datatype: float64}
# - {name: sdss_i, datatype: float64}
# - {name: sdss_z, datatype: float64}
# - {name: PS1_y, datatype: float64}
# - {name: ukirt_J, datatype: float64}
# - {name: ukirt_H, datatype: float64}
# - {name: ukirt_K, datatype: float64}
# - {name: johnson_U, datatype: float64}
# - {name: johnson_B, datatype: float64}
# - {name: johnson_V, datatype: float64}
# - {name: johnson_R, datatype: float64}
# - {name: johnson_I, datatype: float64}
# - {name: Clear, datatype: float64}
# meta: !!omap
# - comment: [vej = 0.4675862068965517, mej = 0.5000000000045836, Ye = 0.1, redshift = 0.0]
# schema: astropy-2.0
time sdss_u sdss_g sdss_r sdss_i sdss_z PS1_y ukirt_J ukirt_H ukirt_K johnson_U johnson_B johnson_V johnson_R johnson_I Clear
[from data line 2249]
112.550000 316.785346 227.477882 170.971472 135.016607 113.053947 99.301229 71.417308 46.603652 30.290937 306.076529 252.369143 194.691742 164.096156 110.840916 168.709715
112.600000 316.936630 227.589870 171.058511 135.087712 113.115286 99.356435 71.460021 46.635143 30.314958 306.223108 252.492096 194.789265 164.180152 110.901270 168.795753
112.650000 317.087910 227.701856 171.145548 135.158817 113.176625 99.411641 71.502733 46.666634 30.338977 306.369682 252.615047 194.886786 164.264147 110.961622 168.881789
112.700000 317.239187 227.813839 171.232583 135.229919 113.237962 99.466845 71.545445 46.698125 30.362997 306.516253 252.737995 194.984304 164.348139 111.021974 168.967823
112.750000 317.390460 227.925819 171.319616 135.301020 113.299298 99.522049 71.588155 46.729615 30.387016 306.662821 252.860940 195.081821 164.432130 111.082324 169.053856
112.800000 317.541729 228.037796 171.406647 135.372120 113.360632 99.577251 71.630865 46.761104 30.411035 306.809385 252.983882 195.179335 164.516119 111.142672 169.139886
112.850000 317.692994 228.149771 171.493676 135.443218 113.421965 99.632452 71.673574 46.792593 30.435054 306.955945 253.106821 195.276846 164.600106 111.203020 169.225914
112.900000 317.844256 228.261743 171.580702 135.514314 113.483297 99.687652 71.716283 46.824082 30.459073 307.102502 253.229757 195.374356 164.684091 111.263366 169.311941
112.950000 317.995514 228.373713 171.667727 135.585409 113.544628 99.742851 71.758990 46.855570 30.483091 307.249055 253.352690 195.471863 164.768074 111.323711 169.397965
113.000000 318.146768 228.485679 171.754751 135.656503 113.605957 99.798048 71.801697 46.887058 30.507109 307.395604 253.475621 195.569368 164.852055 111.384055 169.483988
113.050000 318.298018 228.597644 171.841772 135.727594 113.667286 99.853245 71.844403 46.918545 30.531127 307.542150 253.598548 195.666871 164.936034 111.444397 169.570009
113.100000 318.449265 228.709605 171.928791 135.798685 113.728612 99.908441 71.887109 46.950032 30.555144 307.688692 253.721472 195.764371 165.020012 111.504739 169.656027
113.150000 318.600508 228.821564 172.015808 135.869773 113.789938 99.963635 71.929813 46.981518 30.579162 307.835231 253.844393 195.861869 165.103987 111.565079 169.742044
113.200000 318.751747 228.933520 172.102823 135.940860 113.851262 100.018828 71.972517 47.013004 30.603179 307.981766 253.967311 195.959365 165.187961 111.625417 169.828059
113.250000 318.902982 229.045474 172.189836 136.011946 113.912585 100.074020 72.015220 47.044489 30.627195 308.128297 254.090227 196.056859 165.271932 111.685755 169.914071
113.300000 319.054214 229.157424 172.276847 136.083030 113.973907 100.129211 72.057922 47.075974 30.651212 308.274825 254.213139 196.154350 165.355902 111.746091 170.000082
113.350000 319.205442 229.269373 172.363856 136.154113 114.035228 100.184401 72.100623 47.107459 30.675228 308.421349 254.336049 196.251839 165.439870 111.806426 170.086091
113.400000 319.356666 229.381318 172.450863 136.225194 114.096547 100.239590 72.143324 47.138943 30.699244 308.567870 254.458955 196.349326 165.523836 111.866760 170.172098
113.450000 319.507887 229.493261 172.537869 136.296273 114.157865 100.294778 72.186024 47.170426 30.723260 308.714387 254.581858 196.446811 165.607800 111.927092 170.258103
113.500000 319.659103 229.605201 172.624872 136.367351 114.219181 100.349965 72.228723 47.201909 30.747275 308.860900 254.704759 196.544293 165.691763 111.987424 170.344106
113.550000 319.810316 229.717139 172.711873 136.438427 114.280497 100.405150 72.271422 47.233392 30.771290 309.007410 254.827657 196.641773 165.775723 112.047754 170.430107
113.600000 319.961526 229.829074 172.798872 136.509502 114.341811 100.460335 72.314119 47.264874 30.795305 309.153916 254.950551 196.739251 165.859681 112.108082 170.516106
113.650000 320.112731 229.941006 172.885870 136.580576 114.403124 100.515518 72.356816 47.296356 30.819320 309.300419 255.073443 196.836727 165.943638 112.168410 170.602104
113.700000 320.263933 230.052936 172.972865 136.651647 114.464435 100.570700 72.399512 47.327837 30.843334 309.446918 255.196332 196.934200 166.027593 112.228736 170.688099
113.750000 320.415131 230.164863 173.059858 136.722718 114.525745 100.625881 72.442207 47.359318 30.867349 309.593413 255.319217 197.031671 166.111545 112.289061 170.774092
113.800000 320.566326 230.276787 173.146850 136.793786 114.587054 100.681061 72.484902 47.390798 30.891362 309.739905 255.442100 197.129140 166.195496 112.349385 170.860083
113.850000 320.717517 230.388708 173.233839 136.864853 114.648362 100.736240 72.527596 47.422278 30.915376 309.886393 255.564980 197.226606 166.279445 112.409707 170.946073
113.900000 320.868704 230.500627 173.320827 136.935919 114.709668 100.791418 72.570289 47.453757 30.939389 310.032878 255.687857 197.324070 166.363392 112.470029 171.032060
113.950000 321.019887 230.612544 173.407812 137.006983 114.770974 100.846594 72.612981 47.485236 30.963403 310.179359 255.810731 197.421532 166.447338 112.530349 171.118046
114.000000 321.171066 230.724457 173.494795 137.078045 114.832278 100.901770 72.655672 47.516715 30.987415 310.325836 255.933602 197.518992 166.531281 112.590667 171.204029
114.050000 321.322242 230.836369 173.581777 137.149106 114.893580 100.956944 72.698363 47.548193 31.011428 310.472310 256.056470 197.616449 166.615222 112.650985 171.290011
114.100000 321.473414 230.948277 173.668757 137.220166 114.954881 101.012118 72.741053 47.579670 31.035440 310.618781 256.179335 197.713905 166.699162 112.711301 171.375991
114.150000 321.624583 231.060183 173.755734 137.291224 115.016182 101.067290 72.783742 47.611147 31.059452 310.765247 256.302197 197.811358 166.783100 112.771616 171.461968
114.200000 321.775748 231.172086 173.842710 137.362280 115.077480 101.122461 72.826431 47.642624 31.083464 310.911710 256.425057 197.908808 166.867035 112.831930 171.547944
114.250000 321.926909 231.283986 173.929683 137.433335 115.138778 101.177631 72.869118 47.674100 31.107476 311.058170 256.547913 198.006257 166.950969 112.892243 171.633918
114.300000 322.078066 231.395884 174.016655 137.504388 115.200074 101.232800 72.911805 47.705576 31.131487 311.204626 256.670766 198.103703 167.034901 112.952554 171.719890
114.350000 322.229219 231.507779 174.103625 137.575440 115.261369 101.287968 72.954491 47.737051 31.155498 311.351078 256.793617 198.201147 167.118831 113.012864 171.805860
114.400000 322.380369 231.619672 174.190592 137.646490 115.322663 101.343134 72.997176 47.768526 31.179509 311.497527 256.916464 198.298588 167.202760 113.073173 171.891828
114.450000 322.531515 231.731561 174.277558 137.717539 115.383955 101.398300 73.039861 47.800000 31.203519 311.643972 257.039309 198.396028 167.286686 113.133480 171.977794
114.500000 322.682658 231.843449 174.364522 137.788586 115.445246 101.453465 73.082545 47.831474 31.227530 311.790414 257.162150 198.493465 167.370610 113.193787 172.063758
114.550000 322.833797 231.955333 174.451484 137.859631 115.506536 101.508628 73.125228 47.862947 31.251540 311.936852 257.284989 198.590900 167.454533 113.254092 172.149720
114.600000 322.984932 232.067215 174.538444 137.930675 115.567825 101.563790 73.167910 47.894420 31.275549 312.083286 257.407825 198.688333 167.538454 113.314395 172.235681
114.650000 323.136063 232.179095 174.625401 138.001718 115.629112 101.618951 73.210592 47.925892 31.299559 312.229717 257.530657 198.785763 167.622372 113.374698 172.321639
114.700000 323.287190 232.290971 174.712357 138.072759 115.690398 101.674111 73.253272 47.957364 31.323568 312.376144 257.653487 198.883191 167.706289 113.434999 172.407595
114.750000 323.438314 232.402845 174.799311 138.143798 115.751683 101.729270 73.295952 47.988836 31.347577 312.522568 257.776314 198.980617 167.790204 113.495299 172.493550
114.800000 323.589435 232.514717 174.886263 138.214836 115.812967 101.784428 73.338631 48.020307 31.371586 312.668988 257.899138 199.078041 167.874117 113.555598 172.579502
114.850000 323.740551 232.626585 174.973213 138.285873 115.874249 101.839585 73.381310 48.051778 31.395594 312.815405 258.021959 199.175462 167.958029 113.615896 172.665453
114.900000 323.891664 232.738451 175.060161 138.356907 115.935530 101.894741 73.423987 48.083248 31.419602 312.961818 258.144777 199.272881 168.041938 113.676192 172.751401
114.950000 324.042773 232.850315 175.147107 138.427941 115.996809 101.949895 73.466664 48.114717 31.443610 313.108227 258.267592 199.370298 168.125846 113.736487 172.837348
115.000000 324.193879 232.962176 175.234052 138.498973 116.058088 102.005048 73.509340 48.146186 31.467618 313.254633 258.390405 199.467713 168.209751 113.796781 172.923293
115.050000 324.344980 233.074034 175.320994 138.570003 116.119365 102.060201 73.552016 48.177655 31.491625 313.401035 258.513214 199.565125 168.293655 113.857074 173.009236
115.100000 324.496078 233.185889 175.407934 138.641031 116.180641 102.115352 73.594690 48.209123 31.515632 313.547434 258.636020 199.662536 168.377557 113.917365 173.095176
115.150000 324.647173 233.297742 175.494872 138.712059 116.241916 102.170502 73.637364 48.240591 31.539639 313.693829 258.758824 199.759943 168.461457 113.977655 173.181115
115.200000 324.798263 233.409593 175.581808 138.783084 116.303189 102.225651 73.680037 48.272058 31.563645 313.840221 258.881624 199.857349 168.545355 114.037944 173.267052
115.250000 324.949350 233.521440 175.668743 138.854108 116.364461 102.280799 73.722709 48.303525 31.587652 313.986609 259.004422 199.954753 168.629251 114.098232 173.352988
115.300000 325.100433 233.633285 175.755675 138.925131 116.425732 102.335946 73.765381 48.334992 31.611658 314.132993 259.127216 200.052154 168.713145 114.158518 173.438921
115.350000 325.251513 233.745128 175.842606 138.996152 116.487001 102.391091 73.808052 48.366458 31.635663 314.279374 259.250008 200.149553 168.797038 114.218803 173.524852
115.400000 325.402589 233.856967 175.929534 139.067171 116.548270 102.446236 73.850722 48.397923 31.659669 314.425751 259.372797 200.246950 168.880928 114.279087 173.610781
115.450000 325.553661 233.968805 176.016460 139.138189 116.609537 102.501380 73.893391 48.429388 31.683674 314.572125 259.495583 200.344344 168.964817 114.339370 173.696708
115.500000 325.704730 234.080639 176.103385 139.209206 116.670803 102.556522 73.936059 48.460853 31.707679 314.718495 259.618366 200.441736 169.048704 114.399651 173.782634
115.550000 325.855795 234.192471 176.190308 139.280221 116.732067 102.611663 73.978727 48.492317 31.731684 314.864862 259.741146 200.539126 169.132589 114.459931 173.868557
115.600000 326.006856 234.304300 176.277228 139.351234 116.793330 102.666803 74.021394 48.523780 31.755688 315.011225 259.863923 200.636514 169.216472 114.520210 173.954479
115.650000 326.157913 234.416127 176.364147 139.422246 116.854592 102.721942 74.064060 48.555243 31.779692 315.157585 259.986697 200.733900 169.300353 114.580488 174.040399
115.700000 326.308967 234.527951 176.451063 139.493256 116.915853 102.777080 74.106725 48.586706 31.803696 315.303941 260.109468 200.831283 169.384232 114.640765 174.126316
115.750000 326.460017 234.639772 176.537978 139.564265 116.977112 102.832217 74.149390 48.618168 31.827700 315.450293 260.232237 200.928664 169.468110 114.701040 174.212232
115.800000 326.611063 234.751591 176.624891 139.635272 117.038370 102.887353 74.192054 48.649630 31.851703 315.596642 260.355002 201.026043 169.551986 114.761314 174.298146
115.850000 326.762106 234.863407 176.711802 139.706278 117.099627 102.942488 74.234717 48.681091 31.875707 315.742987 260.477765 201.123419 169.635859 114.821587 174.384058
115.900000 326.913145 234.975220 176.798711 139.777282 117.160883 102.997621 74.277379 48.712552 31.899709 315.889329 260.600524 201.220794 169.719731 114.881858 174.469968
115.950000 327.064181 235.087031 176.885618 139.848285 117.222137 103.052754 74.320041 48.744012 31.923712 316.035667 260.723281 201.318166 169.803601 114.942128 174.555876
116.000000 327.215212 235.198840 176.972523 139.919286 117.283390 103.107885 74.362701 48.775472 31.947714 316.182002 260.846035 201.415536 169.887469 115.002397 174.641782
116.050000 327.366240 235.310645 177.059426 139.990286 117.344642 103.163015 74.405361 48.806932 31.971716 316.328333 260.968785 201.512903 169.971335 115.062665 174.727686
116.100000 327.517265 235.422448 177.146327 140.061284 117.405893 103.218145 74.448021 48.838390 31.995718 316.474661 261.091533 201.610269 170.055200 115.122932 174.813588
116.150000 327.668285 235.534249 177.233226 140.132281 117.467142 103.273273 74.490679 48.869849 32.019720 316.620985 261.214278 201.707632 170.139062 115.183197 174.899489
116.200000 327.819303 235.646046 177.320123 140.203276 117.528390 103.328400 74.533337 48.901307 32.043721 316.767305 261.337020 201.804993 170.222923 115.243461 174.985387
116.250000 327.970316 235.757841 177.407018 140.274269 117.589637 103.383526 74.575994 48.932764 32.067722 316.913622 261.459760 201.902352 170.306781 115.303724 175.071284
116.300000 328.121326 235.869634 177.493911 140.345261 117.650882 103.438650 74.618650 48.964222 32.091723 317.059936 261.582496 201.999708 170.390638 115.363986 175.157178
116.350000 328.272332 235.981424 177.580803 140.416252 117.712127 103.493774 74.661305 48.995678 32.115723 317.206245 261.705229 202.097062 170.474493 115.424246 175.243071
116.400000 328.423334 236.093211 177.667692 140.487241 117.773370 103.548897 74.703960 49.027134 32.139723 317.352552 261.827960 202.194414 170.558346 115.484505 175.328962
116.450000 328.574333 236.204996 177.754579 140.558228 117.834611 103.604018 74.746614 49.058590 32.163723 317.498855 261.950687 202.291764 170.642198 115.544763 175.414850
116.500000 328.725328 236.316778 177.841465 140.629214 117.895852 103.659138 74.789267 49.090045 32.187723 317.645154 262.073412 202.389112 170.726047 115.605020 175.500737
116.550000 328.876319 236.428557 177.928348 140.700198 117.957091 103.714258 74.831919 49.121500 32.211722 317.791450 262.196134 202.486457 170.809895 115.665275 175.586622
116.600000 329.027307 236.540334 178.015230 140.771181 118.018329 103.769376 74.874571 49.152954 32.235721 317.937742 262.318852 202.583800 170.893740 115.725529 175.672505
116.650000 329.178291 236.652108 178.102109 140.842163 118.079566 103.824493 74.917222 49.184408 32.259720 318.084030 262.441568 202.681141 170.977584 115.785782 175.758386
116.700000 329.329271 236.763880 178.188987 140.913143 118.140801 103.879609 74.959872 49.215861 32.283719 318.230316 262.564281 202.778480 171.061426 115.846034 175.844266
116.750000 329.480248 236.875649 178.275863 140.984121 118.202035 103.934724 75.002521 49.247314 32.307717 318.376597 262.686991 202.875816 171.145266 115.906284 175.930143
116.800000 329.631221 236.987415 178.362737 141.055098 118.263268 103.989837 75.045169 49.278767 32.331715 318.522875 262.809699 202.973150 171.229104 115.966534 176.016018
116.850000 329.782190 237.099179 178.449608 141.126073 118.324500 104.044950 75.087817 49.310219 32.355713 318.669150 262.932403 203.070482 171.312940 116.026782 176.101892
116.900000 329.933156 237.210940 178.536478 141.197047 118.385730 104.100062 75.130464 49.341670 32.379711 318.815421 263.055104 203.167812 171.396775 116.087028 176.187763
116.950000 330.084118 237.322699 178.623346 141.268019 118.446959 104.155172 75.173110 49.373121 32.403708 318.961688 263.177803 203.265140 171.480608 116.147274 176.273633
117.000000 330.235077 237.434455 178.710212 141.338990 118.508187 104.210282 75.215756 49.404572 32.427705 319.107952 263.300499 203.362465 171.564438 116.207518 176.359500
117.050000 330.386032 237.546208 178.797076 141.409959 118.569413 104.265390 75.258400 49.436022 32.451701 319.254212 263.423191 203.459788 171.648267 116.267761 176.445366
117.100000 330.536983 237.657959 178.883938 141.480926 118.630639 104.320497 75.301044 49.467471 32.475698 319.400469 263.545881 203.557109 171.732094 116.328003 176.531230
