web/models/kne/25/Metzger_0.001000_0.435172_0.450000.dat
# %ECSV 0.9
# ---
# datatype:
# - {name: time, datatype: float64}
# - {name: sdss_u, datatype: float64}
# - {name: sdss_g, datatype: float64}
# - {name: sdss_r, datatype: float64}
# - {name: sdss_i, datatype: float64}
# - {name: sdss_z, datatype: float64}
# - {name: PS1_y, datatype: float64}
# - {name: ukirt_J, datatype: float64}
# - {name: ukirt_H, datatype: float64}
# - {name: ukirt_K, datatype: float64}
# - {name: johnson_U, datatype: float64}
# - {name: johnson_B, datatype: float64}
# - {name: johnson_V, datatype: float64}
# - {name: johnson_R, datatype: float64}
# - {name: johnson_I, datatype: float64}
# - {name: Clear, datatype: float64}
# meta: !!omap
# - comment: [vej = 0.43517241379310345, mej = 0.001, Ye = 0.45, redshift = 0.0]
# schema: astropy-2.0
time sdss_u sdss_g sdss_r sdss_i sdss_z PS1_y ukirt_J ukirt_H ukirt_K johnson_U johnson_B johnson_V johnson_R johnson_I Clear
[from data line 2601]
130.150000 nan nan nan nan 736.671048 661.517137 508.552434 371.393184 280.280938 nan nan nan nan 724.587879 nan
130.200000 nan nan nan nan 736.946071 661.765006 508.744986 371.536051 280.390726 nan nan nan nan 724.858537 nan
130.250000 nan nan nan nan 737.221089 662.012871 508.937535 371.678916 280.500511 nan nan nan nan 725.129190 nan
130.300000 nan nan nan nan 737.496103 662.260731 509.130080 371.821779 280.610295 nan nan nan nan 725.399839 nan
130.350000 nan nan nan nan 737.771112 662.508587 509.322623 371.964639 280.720078 nan nan nan nan 725.670483 nan
130.400000 nan nan nan nan 738.046117 662.756438 509.515162 372.107497 280.829858 nan nan nan nan 725.941123 nan
130.450000 nan nan nan nan 738.321116 663.004286 509.707698 372.250353 280.939637 nan nan nan nan 726.211758 nan
130.500000 nan nan nan nan 738.596111 663.252129 509.900230 372.393206 281.049414 nan nan nan nan 726.482388 nan
130.550000 nan nan nan nan 738.871101 663.499968 510.092760 372.536058 281.159190 nan nan nan nan 726.753014 nan
130.600000 nan nan nan nan 739.146087 663.747803 510.285286 372.678907 281.268964 nan nan nan nan 727.023635 nan
130.650000 nan nan nan nan 739.421068 663.995634 510.477809 372.821753 281.378736 nan nan nan nan 727.294252 nan
130.700000 nan nan nan nan 739.696044 664.243460 510.670329 372.964597 281.488506 nan nan nan nan 727.564863 nan
130.750000 nan nan nan nan 739.971015 664.491283 510.862846 373.107439 281.598275 nan nan nan nan 727.835471 nan
130.800000 nan nan nan nan 740.245982 664.739101 511.055359 373.250279 281.708042 nan nan nan nan 728.106073 nan
130.850000 nan nan nan nan inf 664.986915 511.247869 373.393117 281.817807 nan nan nan nan 728.376671 nan
130.900000 nan nan nan nan nan 665.234724 511.440376 373.535952 281.927571 nan nan nan nan 728.647264 nan
130.950000 nan nan nan nan nan 665.482530 511.632880 373.678784 282.037333 nan nan nan nan 728.917853 nan
131.000000 nan nan nan nan nan 665.730331 511.825381 373.821615 282.147093 nan nan nan nan 729.188437 nan
131.050000 nan nan nan nan nan 665.978128 512.017878 373.964443 282.256851 nan nan nan nan 729.459017 nan
131.100000 nan nan nan nan nan 666.225921 512.210372 374.107269 282.366608 nan nan nan nan 729.729592 nan
131.150000 nan nan nan nan nan 666.473709 512.402863 374.250093 282.476363 nan nan nan nan 730.000162 nan
131.200000 nan nan nan nan nan 666.721494 512.595351 374.392914 282.586117 nan nan nan nan 730.270727 nan
131.250000 nan nan nan nan nan 666.969274 512.787836 374.535733 282.695869 nan nan nan nan 730.541289 nan
131.300000 nan nan nan nan nan 667.217050 512.980318 374.678550 282.805619 nan nan nan nan 730.811845 nan
131.350000 nan nan nan nan nan 667.464822 513.172796 374.821365 282.915367 nan nan nan nan 731.082397 nan
131.400000 nan nan nan nan nan 667.712590 513.365271 374.964177 283.025114 nan nan nan nan 731.352944 nan
131.450000 nan nan nan nan nan 667.960353 513.557743 375.106987 283.134859 nan nan nan nan 731.623487 nan
131.500000 nan nan nan nan nan 668.208113 513.750212 375.249794 283.244602 nan nan nan nan 731.894025 nan
131.550000 nan nan nan nan nan 668.455868 513.942677 375.392600 283.354344 nan nan nan nan 732.164558 nan
131.600000 nan nan nan nan nan 668.703619 514.135140 375.535403 283.464084 nan nan nan nan 732.435087 nan
131.650000 nan nan nan nan nan 668.951366 514.327599 375.678204 283.573822 nan nan nan nan 732.705612 nan
131.700000 nan nan nan nan nan 669.199108 514.520055 375.821002 283.683559 nan nan nan nan 732.976131 nan
131.750000 nan nan nan nan nan 669.446847 514.712508 375.963798 283.793294 nan nan nan nan 733.246646 nan
131.800000 nan nan nan nan nan 669.694581 514.904958 376.106592 283.903027 nan nan nan nan 733.517157 nan
131.850000 nan nan nan nan nan 669.942311 515.097404 376.249384 284.012758 nan nan nan nan 733.787663 nan
131.900000 nan nan nan nan nan 670.190037 515.289848 376.392173 284.122488 nan nan nan nan 734.058164 nan
131.950000 nan nan nan nan nan 670.437759 515.482288 376.534961 284.232217 nan nan nan nan 734.328661 nan
132.000000 nan nan nan nan nan 670.685477 515.674725 376.677745 284.341943 nan nan nan nan 734.599154 nan
132.050000 nan nan nan nan nan 670.933190 515.867159 376.820528 284.451668 nan nan nan nan 734.869641 nan
132.100000 nan nan nan nan nan 671.180900 516.059589 376.963308 284.561391 nan nan nan nan 735.140124 nan
132.150000 nan nan nan nan nan 671.428605 516.252017 377.106087 284.671113 nan nan nan nan 735.410603 nan
132.200000 nan nan nan nan nan 671.676306 516.444441 377.248862 284.780833 nan nan nan nan 735.681077 nan
132.250000 nan nan nan nan nan 671.924003 516.636863 377.391636 284.890551 nan nan nan nan 735.951546 nan
132.300000 nan nan nan nan nan 672.171695 516.829281 377.534407 285.000267 nan nan nan nan 736.222011 nan
132.350000 nan nan nan nan nan 672.419384 517.021696 377.677176 285.109982 nan nan nan nan 736.492472 nan
132.400000 nan nan nan nan nan 672.667068 517.214107 377.819943 285.219695 nan nan nan nan 736.762927 nan
132.450000 nan nan nan nan nan 672.914749 517.406516 377.962707 285.329407 nan nan nan nan 737.033379 nan
132.500000 nan nan nan nan nan 673.162425 517.598922 378.105470 285.439116 nan nan nan nan 737.303825 nan
132.550000 nan nan nan nan nan 673.410097 517.791324 378.248229 285.548825 nan nan nan nan 737.574268 nan
132.600000 nan nan nan nan nan 673.657765 517.983723 378.390987 285.658531 nan nan nan nan 737.844705 nan
132.650000 nan nan nan nan nan 673.905428 518.176119 378.533743 285.768236 nan nan nan nan 738.115138 nan
132.700000 nan nan nan nan nan 674.153088 518.368512 378.676496 285.877939 nan nan nan nan 738.385567 nan
132.750000 nan nan nan nan nan 674.400744 518.560902 378.819247 285.987640 nan nan nan nan 738.655991 nan
132.800000 nan nan nan nan nan 674.648395 518.753288 378.961995 286.097340 nan nan nan nan 738.926410 nan
132.850000 nan nan nan nan nan 674.896042 518.945672 379.104742 286.207038 nan nan nan nan 739.196825 nan
132.900000 nan nan nan nan nan 675.143685 519.138052 379.247486 286.316735 nan nan nan nan 739.467235 nan
132.950000 nan nan nan nan nan 675.391324 519.330429 379.390228 286.426430 nan nan nan nan 739.737641 nan
133.000000 nan nan nan nan nan 675.638959 519.522803 379.532967 286.536123 nan nan nan nan 740.008043 nan
133.050000 nan nan nan nan nan 675.886590 519.715174 379.675705 286.645814 nan nan nan nan 740.278439 nan
133.100000 nan nan nan nan nan 676.134216 519.907542 379.818440 286.755504 nan nan nan nan inf nan
133.150000 nan nan nan nan nan 676.381839 520.099907 379.961173 286.865192 nan nan nan nan nan nan
133.200000 nan nan nan nan nan 676.629457 520.292268 380.103904 286.974879 nan nan nan nan nan nan
133.250000 nan nan nan nan nan 676.877072 520.484627 380.246632 287.084564 nan nan nan nan nan nan
133.300000 nan nan nan nan nan 677.124682 520.676982 380.389358 287.194247 nan nan nan nan nan nan
133.350000 nan nan nan nan nan 677.372288 520.869334 380.532082 287.303928 nan nan nan nan nan nan
133.400000 nan nan nan nan nan 677.619890 521.061683 380.674804 287.413608 nan nan nan nan nan nan
133.450000 nan nan nan nan nan 677.867488 521.254029 380.817523 287.523286 nan nan nan nan nan nan
133.500000 nan nan nan nan nan 678.115081 521.446372 380.960240 287.632963 nan nan nan nan nan nan
133.550000 nan nan nan nan nan 678.362671 521.638711 381.102955 287.742638 nan nan nan nan nan nan
133.600000 nan nan nan nan nan 678.610256 521.831048 381.245668 287.852311 nan nan nan nan nan nan
133.650000 nan nan nan nan nan 678.857838 522.023381 381.388378 287.961983 nan nan nan nan nan nan
133.700000 nan nan nan nan nan 679.105415 522.215711 381.531087 288.071653 nan nan nan nan nan nan
133.750000 nan nan nan nan nan 679.352988 522.408038 381.673793 288.181321 nan nan nan nan nan nan
133.800000 nan nan nan nan nan 679.600558 522.600363 381.816496 288.290987 nan nan nan nan nan nan
133.850000 nan nan nan nan nan 679.848123 522.792683 381.959198 288.400652 nan nan nan nan nan nan
133.900000 nan nan nan nan nan 680.095684 522.985001 382.101897 288.510316 nan nan nan nan nan nan
133.950000 nan nan nan nan nan 680.343241 523.177316 382.244594 288.619977 nan nan nan nan nan nan
134.000000 nan nan nan nan nan 680.590793 523.369628 382.387289 288.729638 nan nan nan nan nan nan
134.050000 nan nan nan nan nan 680.838342 523.561936 382.529982 288.839296 nan nan nan nan nan nan
134.100000 nan nan nan nan nan 681.085887 523.754241 382.672672 288.948953 nan nan nan nan nan nan
134.150000 nan nan nan nan nan 681.333427 523.946544 382.815360 289.058608 nan nan nan nan nan nan
134.200000 nan nan nan nan nan 681.580964 524.138843 382.958046 289.168261 nan nan nan nan nan nan
134.250000 nan nan nan nan nan 681.828496 524.331139 383.100730 289.277913 nan nan nan nan nan nan
134.300000 nan nan nan nan nan 682.076025 524.523432 383.243411 289.387563 nan nan nan nan nan nan
134.350000 nan nan nan nan nan 682.323549 524.715722 383.386090 289.497212 nan nan nan nan nan nan
134.400000 nan nan nan nan nan 682.571069 524.908009 383.528767 289.606859 nan nan nan nan nan nan
134.450000 nan nan nan nan nan 682.818585 525.100292 383.671442 289.716504 nan nan nan nan nan nan
134.500000 nan nan nan nan nan 683.066097 525.292573 383.814115 289.826147 nan nan nan nan nan nan
134.550000 nan nan nan nan nan 683.313605 525.484851 383.956785 289.935789 nan nan nan nan nan nan
134.600000 nan nan nan nan nan 683.561109 525.677125 384.099453 290.045430 nan nan nan nan nan nan
134.650000 nan nan nan nan nan 683.808609 525.869396 384.242119 290.155068 nan nan nan nan nan nan
134.700000 nan nan nan nan nan 684.056105 526.061664 384.384783 290.264705 nan nan nan nan nan nan
134.750000 nan nan nan nan nan 684.303597 526.253930 384.527444 290.374341 nan nan nan nan nan nan
134.800000 nan nan nan nan nan 684.551085 526.446192 384.670103 290.483975 nan nan nan nan nan nan
134.850000 nan nan nan nan nan 684.798568 526.638451 384.812760 290.593607 nan nan nan nan nan nan
134.900000 nan nan nan nan nan 685.046048 526.830707 384.955415 290.703237 nan nan nan nan nan nan
134.950000 nan nan nan nan nan 685.293523 527.022959 385.098068 290.812866 nan nan nan nan nan nan
135.000000 nan nan nan nan nan 685.540995 527.215209 385.240718 290.922493 nan nan nan nan nan nan
135.050000 nan nan nan nan nan 685.788462 527.407456 385.383366 291.032119 nan nan nan nan nan nan
135.100000 nan nan nan nan nan 686.035926 527.599699 385.526012 291.141743 nan nan nan nan nan nan
135.150000 nan nan nan nan nan 686.283385 527.791940 385.668656 291.251365 nan nan nan nan nan nan
135.200000 nan nan nan nan nan 686.530841 527.984177 385.811298 291.360986 nan nan nan nan nan nan
135.250000 nan nan nan nan nan 686.778292 528.176412 385.953937 291.470605 nan nan nan nan nan nan
135.300000 nan nan nan nan nan 687.025739 528.368643 386.096574 291.580222 nan nan nan nan nan nan
135.350000 nan nan nan nan nan 687.273182 528.560871 386.239209 291.689838 nan nan nan nan nan nan
135.400000 nan nan nan nan nan 687.520622 528.753096 386.381842 291.799452 nan nan nan nan nan nan
135.450000 nan nan nan nan nan 687.768057 528.945318 386.524472 291.909065 nan nan nan nan nan nan
135.500000 nan nan nan nan nan 688.015488 529.137537 386.667101 292.018676 nan nan nan nan nan nan
135.550000 nan nan nan nan nan 688.262915 529.329753 386.809727 292.128285 nan nan nan nan nan nan
135.600000 nan nan nan nan nan 688.510338 529.521966 386.952351 292.237893 nan nan nan nan nan nan
135.650000 nan nan nan nan nan 688.757757 529.714176 387.094972 292.347499 nan nan nan nan nan nan
135.700000 nan nan nan nan nan 689.005172 529.906383 387.237592 292.457103 nan nan nan nan nan nan
135.750000 nan nan nan nan nan 689.252583 530.098586 387.380209 292.566706 nan nan nan nan nan nan
135.800000 nan nan nan nan nan 689.499990 530.290787 387.522824 292.676307 nan nan nan nan nan nan
135.850000 nan nan nan nan nan 689.747393 530.482985 387.665437 292.785906 nan nan nan nan nan nan
135.900000 nan nan nan nan nan 689.994792 530.675179 387.808048 292.895504 nan nan nan nan nan nan
135.950000 nan nan nan nan nan 690.242187 530.867371 387.950657 293.005101 nan nan nan nan nan nan
136.000000 nan nan nan nan nan 690.489578 531.059559 388.093263 293.114695 nan nan nan nan nan nan
136.050000 nan nan nan nan nan 690.736965 531.251744 388.235867 293.224288 nan nan nan nan nan nan
136.100000 nan nan nan nan nan 690.984348 531.443927 388.378469 293.333880 nan nan nan nan nan nan
136.150000 nan nan nan nan nan 691.231727 531.636106 388.521069 293.443470 nan nan nan nan nan nan
136.200000 nan nan nan nan nan 691.479102 531.828282 388.663666 293.553058 nan nan nan nan nan nan
136.250000 nan nan nan nan nan 691.726473 532.020455 388.806262 293.662644 nan nan nan nan nan nan
136.300000 nan nan nan nan nan 691.973840 532.212626 388.948855 293.772229 nan nan nan nan nan nan
136.350000 nan nan nan nan nan 692.221203 532.404793 389.091446 293.881813 nan nan nan nan nan nan
136.400000 nan nan nan nan nan 692.468562 532.596957 389.234035 293.991394 nan nan nan nan nan nan
136.450000 nan nan nan nan nan 692.715917 532.789118 389.376621 294.100975 nan nan nan nan nan nan
136.500000 nan nan nan nan nan 692.963268 532.981276 389.519206 294.210553 nan nan nan nan nan nan
136.550000 nan nan nan nan nan 693.210615 533.173431 389.661788 294.320130 nan nan nan nan nan nan
136.600000 nan nan nan nan nan 693.457958 533.365582 389.804368 294.429705 nan nan nan nan nan nan
136.650000 nan nan nan nan nan 693.705297 533.557731 389.946946 294.539279 nan nan nan nan nan nan
136.700000 nan nan nan nan nan 693.952632 533.749877 390.089522 294.648851 nan nan nan nan nan nan
136.750000 nan nan nan nan nan 694.199963 533.942020 390.232096 294.758421 nan nan nan nan nan nan
136.800000 nan nan nan nan nan 694.447290 534.134160 390.374667 294.867990 nan nan nan nan nan nan
136.850000 nan nan nan nan nan 694.694613 534.326296 390.517236 294.977557 nan nan nan nan nan nan
136.900000 nan nan nan nan nan 694.941932 534.518430 390.659803 295.087123 nan nan nan nan nan nan
136.950000 nan nan nan nan nan 695.189248 534.710561 390.802368 295.196687 nan nan nan nan nan nan
137.000000 nan nan nan nan nan 695.436559 534.902688 390.944931 295.306249 nan nan nan nan nan nan
137.050000 nan nan nan nan nan 695.683866 535.094813 391.087491 295.415810 nan nan nan nan nan nan
137.100000 nan nan nan nan nan 695.931169 535.286935 391.230050 295.525369 nan nan nan nan nan nan
137.150000 nan nan nan nan nan 696.178468 535.479053 391.372606 295.634927 nan nan nan nan nan nan
137.200000 nan nan nan nan nan 696.425764 535.671169 391.515160 295.744483 nan nan nan nan nan nan
137.250000 nan nan nan nan nan 696.673055 535.863281 391.657712 295.854037 nan nan nan nan nan nan
137.300000 nan nan nan nan nan 696.920342 536.055391 391.800261 295.963590 nan nan nan nan nan nan
137.350000 nan nan nan nan nan 697.167626 536.247497 391.942809 296.073141 nan nan nan nan nan nan
137.400000 nan nan nan nan nan 697.414905 536.439601 392.085354 296.182691 nan nan nan nan nan nan
137.450000 nan nan nan nan nan 697.662181 536.631701 392.227897 296.292239 nan nan nan nan nan nan
137.500000 nan nan nan nan nan 697.909452 536.823799 392.370438 296.401785 nan nan nan nan nan nan
137.550000 nan nan nan nan nan 698.156720 537.015893 392.512977 296.511330 nan nan nan nan nan nan
137.600000 nan nan nan nan nan 698.403983 537.207985 392.655514 296.620873 nan nan nan nan nan nan
137.650000 nan nan nan nan nan 698.651243 537.400073 392.798048 296.730415 nan nan nan nan nan nan
137.700000 nan nan nan nan nan 698.898499 537.592159 392.940581 296.839955 nan nan nan nan nan nan
137.750000 nan nan nan nan nan 699.145750 537.784241 393.083111 296.949493 nan nan nan nan nan nan
137.800000 nan nan nan nan nan 699.392998 537.976320 393.225639 297.059030 nan nan nan nan nan nan
137.850000 nan nan nan nan nan 699.640242 538.168397 393.368165 297.168565 nan nan nan nan nan nan
