web/models/kne/25/Metzger_0.171250_0.046207_0.100000.dat
# %ECSV 0.9
# ---
# datatype:
# - {name: time, datatype: float64}
# - {name: sdss_u, datatype: float64}
# - {name: sdss_g, datatype: float64}
# - {name: sdss_r, datatype: float64}
# - {name: sdss_i, datatype: float64}
# - {name: sdss_z, datatype: float64}
# - {name: PS1_y, datatype: float64}
# - {name: ukirt_J, datatype: float64}
# - {name: ukirt_H, datatype: float64}
# - {name: ukirt_K, datatype: float64}
# - {name: johnson_U, datatype: float64}
# - {name: johnson_B, datatype: float64}
# - {name: johnson_V, datatype: float64}
# - {name: johnson_R, datatype: float64}
# - {name: johnson_I, datatype: float64}
# - {name: Clear, datatype: float64}
# meta: !!omap
# - comment: [vej = 0.046206896551724136, mej = 0.17124990861880945, Ye = 0.1, redshift = 0.0]
# schema: astropy-2.0
time sdss_u sdss_g sdss_r sdss_i sdss_z PS1_y ukirt_J ukirt_H ukirt_K johnson_U johnson_B johnson_V johnson_R johnson_I Clear
[from data line 1210]
60.600000 58.145891 36.999689 23.769383 15.451604 10.428829 7.314239 1.101321 -4.247782 -7.601027 55.599432 42.870208 29.304067 22.171450 9.925860 23.243374
60.650000 58.217756 37.052543 23.810167 15.484679 10.457180 7.339623 1.120660 -4.233871 -7.590731 55.669021 42.928367 29.349923 22.210762 9.953734 23.283674
60.700000 58.289646 37.105417 23.850966 15.517768 10.485543 7.365018 1.140008 -4.219954 -7.580429 55.738634 42.986548 29.395797 22.250090 9.981619 23.323989
60.750000 58.361563 37.158310 23.891781 15.550870 10.513916 7.390422 1.159365 -4.206029 -7.570122 55.808273 43.044749 29.441687 22.289432 10.009516 23.364320
60.800000 58.433505 37.211222 23.932611 15.583984 10.542302 7.415838 1.178730 -4.192099 -7.559809 55.877936 43.102972 29.487595 22.328789 10.037423 23.404666
60.850000 58.505473 37.264154 23.973457 15.617112 10.570698 7.441263 1.198103 -4.178161 -7.549491 55.947624 43.161216 29.533519 22.368161 10.065342 23.445027
60.900000 58.577466 37.317106 24.014319 15.650252 10.599106 7.466699 1.217485 -4.164217 -7.539168 56.017338 43.219481 29.579461 22.407548 10.093273 23.485403
60.950000 57.893085 36.819313 23.634992 15.346581 10.341807 7.238522 1.048631 -4.279788 -7.619263 55.355300 42.669620 29.150353 22.042668 9.840655 23.110828
61.000000 57.964447 36.871797 23.675490 15.379424 10.369959 7.263727 1.067834 -4.265976 -7.609040 55.424402 42.727372 29.195887 22.081704 9.868333 23.150845
61.050000 58.035835 36.924300 23.716003 15.412280 10.398121 7.288942 1.087045 -4.252158 -7.598812 55.493528 42.785145 29.241439 22.120755 9.896021 23.190878
61.100000 58.107248 36.976822 23.756532 15.445149 10.426295 7.314168 1.106264 -4.238333 -7.588579 55.562679 42.842939 29.287007 22.159821 9.923721 23.230925
61.150000 58.178687 37.029364 23.797075 15.478031 10.454480 7.339403 1.125492 -4.224502 -7.578341 55.631855 42.900754 29.332593 22.198901 9.951433 23.270987
61.200000 58.250151 37.081924 23.837634 15.510925 10.482677 7.364649 1.144728 -4.210664 -7.568097 55.701055 42.958590 29.378195 22.237997 9.979155 23.311065
61.250000 58.321640 37.134504 23.878208 15.543832 10.510884 7.389906 1.163973 -4.196819 -7.557847 55.770279 43.016446 29.423814 22.277107 10.006888 23.351157
61.300000 58.393154 37.187103 23.918797 15.576752 10.539103 7.415172 1.183225 -4.182968 -7.547593 55.839529 43.074323 29.469450 22.316231 10.034632 23.391265
61.350000 58.464693 37.239721 23.959402 15.609684 10.567333 7.440449 1.202486 -4.169111 -7.537333 55.908802 43.132221 29.515103 22.355371 10.062387 23.431388
61.400000 58.536258 37.292358 24.000022 15.642629 10.595574 7.465736 1.221755 -4.155247 -7.527067 55.978100 43.190140 29.560772 22.394525 10.090153 23.471525
61.450000 58.607848 37.345014 24.040656 15.675587 10.623826 7.491033 1.241033 -4.141376 -7.516797 56.047423 43.248080 29.606459 22.433694 10.117930 23.511678
61.500000 58.679463 37.397689 24.081306 15.708557 10.652089 7.516340 1.260318 -4.127499 -7.506521 56.116770 43.306040 29.652162 22.472877 10.145719 23.551845
61.550000 58.751103 37.450383 24.121971 15.741540 10.680364 7.541658 1.279612 -4.113616 -7.496239 56.186141 43.364021 29.697882 22.512076 10.173518 23.592028
61.600000 58.822768 37.503096 24.162651 15.774536 10.708649 7.566986 1.298914 -4.099726 -7.485953 56.255536 43.422023 29.743618 22.551288 10.201328 23.632226
61.650000 58.894458 37.555828 24.203347 15.807544 10.736946 7.592323 1.318224 -4.085829 -7.475661 56.324956 43.480045 29.789372 22.590516 10.229149 23.672438
61.700000 58.966173 37.608579 24.244057 15.840565 10.765254 7.617671 1.337543 -4.071926 -7.465364 56.394401 43.538088 29.835142 22.629758 10.256981 23.712665
61.750000 59.037914 37.661348 24.284782 15.873599 10.793573 7.643029 1.356870 -4.058017 -7.455061 56.463869 43.596152 29.880928 22.669014 10.284824 23.752908
61.800000 59.109679 37.714137 24.325523 15.906645 10.821903 7.668398 1.376204 -4.044101 -7.444753 56.533362 43.654236 29.926732 22.708285 10.312677 23.793165
61.850000 59.181469 37.766945 24.366278 15.939704 10.850244 7.693776 1.395547 -4.030179 -7.434440 56.602879 43.712341 29.972552 22.747571 10.340542 23.833437
61.900000 59.253284 37.819771 24.407049 15.972775 10.878596 7.719164 1.414899 -4.016250 -7.424122 56.672420 43.770466 30.018388 22.786871 10.368418 23.873724
61.950000 59.325124 37.872617 24.447834 16.005858 10.906959 7.744563 1.434258 -4.002315 -7.413798 56.741986 43.828612 30.064242 22.826186 10.396304 23.914025
62.000000 59.396989 37.925481 24.488634 16.038955 10.935333 7.769971 1.453625 -3.988374 -7.403469 56.811575 43.886778 30.110112 22.865515 10.424202 23.954342
62.050000 59.468879 37.978364 24.529450 16.072064 10.963718 7.795390 1.473001 -3.974426 -7.393135 56.881189 43.944965 30.155998 22.904859 10.452110 23.994673
62.100000 59.540794 38.031265 24.570280 16.105185 10.992114 7.820819 1.492385 -3.960471 -7.382795 56.950827 44.003173 30.201901 22.944218 10.480029 24.035020
62.150000 59.612733 38.084186 24.611125 16.138319 11.020521 7.846257 1.511777 -3.946511 -7.372451 57.020489 44.061401 30.247821 22.983590 10.507959 24.075381
62.200000 59.684697 38.137125 24.651986 16.171465 11.048939 7.871706 1.531177 -3.932543 -7.362101 57.090175 44.119649 30.293757 23.022977 10.535900 24.115756
62.250000 59.756686 38.190083 24.692861 16.204623 11.077368 7.897165 1.550585 -3.918570 -7.351746 57.159885 44.177918 30.339710 23.062379 10.563851 24.156147
62.300000 59.828700 38.243060 24.733751 16.237795 11.105808 7.922634 1.570001 -3.904590 -7.341385 57.229619 44.236207 30.385679 23.101795 10.591813 24.196552
62.350000 59.900739 38.296056 24.774656 16.270978 11.134259 7.948112 1.589425 -3.890604 -7.331020 57.299377 44.294516 30.431664 23.141226 10.619787 24.236972
62.400000 59.972802 38.349070 24.815575 16.304174 11.162720 7.973601 1.608858 -3.876611 -7.320649 57.369159 44.352846 30.477666 23.180671 10.647770 24.277407
62.450000 60.044890 38.402102 24.856510 16.337383 11.191193 7.999100 1.628298 -3.862612 -7.310273 57.438965 44.411196 30.523685 23.220130 10.675765 24.317856
62.500000 60.117002 38.455154 24.897459 16.370603 11.219677 8.024609 1.647747 -3.848607 -7.299891 57.508795 44.469567 30.569720 23.259603 10.703771 24.358320
62.550000 60.189139 38.508224 24.938424 16.403837 11.248171 8.050127 1.667203 -3.834595 -7.289505 57.578649 44.527958 30.615771 23.299091 10.731787 24.398799
62.600000 60.261301 38.561312 24.979403 16.437082 11.276677 8.075656 1.686668 -3.820577 -7.279113 57.648526 44.586369 30.661839 23.338594 10.759814 24.439292
62.650000 60.333487 38.614420 25.020396 16.470340 11.305193 8.101194 1.706140 -3.806553 -7.268716 57.718428 44.644800 30.707923 23.378110 10.787851 24.479800
62.700000 60.405698 38.667545 25.061405 16.503610 11.333720 8.126743 1.725621 -3.792522 -7.258314 57.788353 44.703251 30.754023 23.417641 10.815899 24.520322
62.750000 60.477933 38.720690 25.102428 16.536893 11.362258 8.152301 1.745110 -3.778485 -7.247907 57.858302 44.761723 30.800140 23.457186 10.843958 24.560860
62.800000 60.550193 38.773852 25.143466 16.570188 11.390807 8.177869 1.764606 -3.764442 -7.237495 57.928275 44.820215 30.846273 23.496746 10.872028 24.601411
62.850000 60.622477 38.827034 25.184519 16.603495 11.419366 8.203448 1.784111 -3.750393 -7.227077 57.998271 44.878727 30.892423 23.536319 10.900108 24.641978
62.900000 60.694785 38.880233 25.225586 16.636814 11.447937 8.229036 1.803624 -3.736337 -7.216655 58.068292 44.937259 30.938588 23.575907 10.928199 24.682558
62.950000 60.767118 38.933452 25.266669 16.670146 11.476518 8.254634 1.823144 -3.722275 -7.206227 58.138335 44.995811 30.984770 23.615509 10.956301 24.723154
63.000000 60.839475 38.986688 25.307765 16.703490 11.505110 8.280241 1.842673 -3.708206 -7.195794 58.208403 45.054384 31.030969 23.655126 10.984413 24.763763
63.050000 60.911857 39.039943 25.348877 16.736846 11.533713 8.305859 1.862209 -3.694132 -7.185356 58.278494 45.112976 31.077183 23.694756 11.012536 24.804388
63.100000 60.984263 39.093217 25.390003 16.770215 11.562326 8.331486 1.881754 -3.680051 -7.174912 58.348609 45.171588 31.123414 23.734401 11.040670 24.845027
63.150000 61.056693 39.146509 25.431143 16.803595 11.590951 8.357124 1.901306 -3.665964 -7.164464 58.418747 45.230221 31.169660 23.774060 11.068814 24.885680
63.200000 61.129148 39.199819 25.472299 16.836988 11.619585 8.382771 1.920867 -3.651870 -7.154011 58.488909 45.288873 31.215923 23.813733 11.096969 24.926348
63.250000 61.201626 39.253147 25.513468 16.870393 11.648231 8.408428 1.940435 -3.637771 -7.143552 58.559095 45.347546 31.262203 23.853420 11.125134 24.967030
63.300000 61.274129 39.306494 25.554653 16.903810 11.676888 8.434094 1.960011 -3.623665 -7.133088 58.629304 45.406238 31.308498 23.893121 11.153310 25.007726
63.350000 61.346656 39.359859 25.595852 16.937240 11.705555 8.459771 1.979595 -3.609553 -7.122620 58.699536 45.464951 31.354809 23.932836 11.181496 25.048437
63.400000 61.419208 39.413242 25.637065 16.970681 11.734232 8.485457 1.999187 -3.595435 -7.112146 58.769792 45.523683 31.401137 23.972566 11.209693 25.089163
63.450000 61.491783 39.466644 25.678293 17.004135 11.762921 8.511153 2.018787 -3.581310 -7.101667 58.840071 45.582435 31.447480 24.012309 11.237900 25.129902
63.500000 61.564382 39.520064 25.719536 17.037601 11.791620 8.536858 2.038395 -3.567180 -7.091183 58.910374 45.641207 31.493840 24.052067 11.266118 25.170656
63.550000 61.637006 39.573502 25.760793 17.071079 11.820330 8.562574 2.058010 -3.553043 -7.080693 58.980700 45.699999 31.540216 24.091838 11.294346 25.211425
63.600000 61.709654 39.626958 25.802064 17.104568 11.849050 8.588299 2.077634 -3.538900 -7.070199 59.051049 45.758810 31.586607 24.131624 11.322585 25.252207
63.650000 61.782325 39.680432 25.843350 17.138070 11.877781 8.614034 2.097265 -3.524750 -7.059700 59.121422 45.817642 31.633015 24.171423 11.350835 25.293004
63.700000 61.855021 39.733924 25.884650 17.171585 11.906523 8.639778 2.116904 -3.510595 -7.049196 59.191818 45.876493 31.679439 24.211237 11.379095 25.333816
63.750000 61.927740 39.787435 25.925965 17.205111 11.935275 8.665532 2.136551 -3.496434 -7.038686 59.262237 45.935364 31.725878 24.251064 11.407365 25.374641
63.800000 62.000484 39.840964 25.967294 17.238649 11.964038 8.691296 2.156206 -3.482266 -7.028172 59.332680 45.994254 31.772334 24.290906 11.435645 25.415481
63.850000 61.284650 39.319857 25.569821 16.920132 11.693915 8.451566 1.978386 -3.604478 -7.113361 58.640165 45.418808 31.322908 23.908510 11.170409 25.022967
63.900000 61.356753 39.372911 25.610781 16.953368 11.722418 8.477095 1.997859 -3.590445 -7.102949 58.709987 45.477178 31.368950 23.947995 11.198433 25.063442
63.950000 61.428879 39.425983 25.651755 16.986616 11.750930 8.502634 2.017340 -3.576405 -7.092533 58.779831 45.535567 31.415008 23.987494 11.226467 25.103931
64.000000 61.501029 39.479073 25.692744 17.019876 11.779453 8.528182 2.036828 -3.562360 -7.082111 58.849699 45.593976 31.461082 24.027006 11.254512 25.144434
64.050000 61.573203 39.532181 25.733746 17.053148 11.807987 8.553740 2.056324 -3.548308 -7.071685 58.919589 45.652404 31.507171 24.066533 11.282568 25.184951
64.100000 61.645400 39.585306 25.774763 17.086432 11.836531 8.579307 2.075828 -3.534251 -7.061253 58.989502 45.710851 31.553276 24.106073 11.310633 25.225482
64.150000 61.717620 39.638449 25.815794 17.119727 11.865085 8.604884 2.095339 -3.520187 -7.050817 59.059438 45.769318 31.599397 24.145626 11.338709 25.266027
64.200000 61.789864 39.691610 25.856838 17.153035 11.893650 8.630470 2.114859 -3.506118 -7.040376 59.129397 45.827804 31.645533 24.185194 11.366795 25.306586
64.250000 61.862132 39.744789 25.897898 17.186354 11.922225 8.656066 2.134385 -3.492042 -7.029929 59.199379 45.886310 31.691685 24.224775 11.394891 25.347159
64.300000 61.934423 39.797985 25.938971 17.219685 11.950810 8.681671 2.153920 -3.477961 -7.019478 59.269383 45.944835 31.737853 24.264370 11.422997 25.387746
64.350000 62.006737 39.851200 25.980058 17.253027 11.979406 8.707286 2.173462 -3.463873 -7.009022 59.339410 46.003379 31.784036 24.303978 11.451114 25.428346
64.400000 62.079075 39.904431 26.021159 17.286382 12.008012 8.732910 2.193012 -3.449779 -6.998561 59.409460 46.061942 31.830235 24.343600 11.479240 25.468961
64.450000 62.151436 39.957681 26.062275 17.319748 12.036628 8.758544 2.212569 -3.435679 -6.988095 59.479533 46.120525 31.876449 24.383236 11.507377 25.509590
64.500000 62.223821 40.010948 26.103404 17.353126 12.065255 8.784187 2.232134 -3.421574 -6.977624 59.549628 46.179127 31.922679 24.422885 11.535525 25.550232
64.550000 62.296228 40.064233 26.144547 17.386516 12.093892 8.809839 2.251706 -3.407462 -6.967148 59.619746 46.237748 31.968924 24.462548 11.563682 25.590889
64.600000 62.368659 40.117535 26.185705 17.419917 12.122540 8.835501 2.271287 -3.393344 -6.956667 59.689886 46.296388 32.015185 24.502224 11.591849 25.631559
64.650000 62.441113 40.170855 26.226876 17.453330 12.151197 8.861173 2.290874 -3.379221 -6.946181 59.760049 46.355048 32.061462 24.541914 11.620027 25.672243
64.700000 62.513591 40.224192 26.268061 17.486755 12.179865 8.886853 2.310470 -3.365091 -6.935691 59.830234 46.413726 32.107753 24.581617 11.648215 25.712941
64.750000 62.586091 40.277547 26.309260 17.520191 12.208543 8.912543 2.330073 -3.350956 -6.925195 59.900442 46.472424 32.154061 24.621334 11.676412 25.753653
64.800000 62.658615 40.330919 26.350474 17.553639 12.237232 8.938243 2.349683 -3.336814 -6.914695 59.970672 46.531140 32.200383 24.661064 11.704620 25.794378
64.850000 62.731162 40.384309 26.391701 17.587099 12.265930 8.963951 2.369301 -3.322667 -6.904190 60.040925 46.589876 32.246722 24.700808 11.732838 25.835117
64.900000 62.803732 40.437717 26.432941 17.620570 12.294639 8.989669 2.388927 -3.308513 -6.893680 60.111200 46.648631 32.293075 24.740565 11.761066 25.875870
64.950000 62.876324 40.491141 26.474196 17.654052 12.323358 9.015397 2.408560 -3.294354 -6.883165 60.181497 46.707405 32.339444 24.780336 11.789304 25.916637
65.000000 62.948940 40.544584 26.515465 17.687547 12.352087 9.041133 2.428200 -3.280189 -6.872645 60.251817 46.766197 32.385828 24.820120 11.817552 25.957417
65.050000 63.021579 40.598043 26.556747 17.721053 12.380826 9.066879 2.447848 -3.266017 -6.862121 60.322159 46.825009 32.432228 24.859918 11.845811 25.998211
65.100000 63.094241 40.651520 26.598044 17.754570 12.409576 9.092635 2.467504 -3.251840 -6.851591 60.392524 46.883839 32.478643 24.899728 11.874079 26.039019
65.150000 63.166926 40.705014 26.639354 17.788099 12.438335 9.118399 2.487167 -3.237657 -6.841057 60.462910 46.942689 32.525073 24.939553 11.902357 26.079840
65.200000 63.239633 40.758526 26.680677 17.821640 12.467105 9.144173 2.506838 -3.223469 -6.830518 60.533319 47.001557 32.571518 24.979390 11.930645 26.120675
65.250000 63.312364 40.812055 26.722015 17.855191 12.495885 9.169956 2.526516 -3.209274 -6.819974 60.603750 47.060444 32.617979 25.019241 11.958943 26.161524
65.300000 63.385117 40.865601 26.763366 17.888755 12.524675 9.195748 2.546201 -3.195073 -6.809425 60.674204 47.119350 32.664455 25.059105 11.987251 26.202386
65.350000 63.457893 40.919164 26.804731 17.922330 12.553475 9.221549 2.565894 -3.180867 -6.798872 60.744679 47.178275 32.710946 25.098983 12.015569 26.243262
65.400000 63.530692 40.972745 26.846110 17.955916 12.582285 9.247360 2.585595 -3.166655 -6.788313 60.815177 47.237219 32.757452 25.138874 12.043897 26.284151
65.450000 63.603514 41.026343 26.887503 17.989514 12.611105 9.273180 2.605303 -3.152436 -6.777750 60.885696 47.296181 32.803973 25.178778 12.072235 26.325054
65.500000 63.676358 41.079958 26.928909 18.023123 12.639935 9.299009 2.625018 -3.138212 -6.767182 60.956238 47.355162 32.850510 25.218695 12.100583 26.365970
65.550000 63.749225 41.133590 26.970328 18.056744 12.668776 9.324847 2.644741 -3.123983 -6.756609 61.026801 47.414162 32.897061 25.258625 12.128940 26.406900
