web/models/kne/25/Metzger_0.004482_0.435172_0.100000.dat
# %ECSV 0.9
# ---
# datatype:
# - {name: time, datatype: float64}
# - {name: sdss_u, datatype: float64}
# - {name: sdss_g, datatype: float64}
# - {name: sdss_r, datatype: float64}
# - {name: sdss_i, datatype: float64}
# - {name: sdss_z, datatype: float64}
# - {name: PS1_y, datatype: float64}
# - {name: ukirt_J, datatype: float64}
# - {name: ukirt_H, datatype: float64}
# - {name: ukirt_K, datatype: float64}
# - {name: johnson_U, datatype: float64}
# - {name: johnson_B, datatype: float64}
# - {name: johnson_V, datatype: float64}
# - {name: johnson_R, datatype: float64}
# - {name: johnson_I, datatype: float64}
# - {name: Clear, datatype: float64}
# meta: !!omap
# - comment: [vej = 0.43517241379310345, mej = 0.004482037834891008, Ye = 0.1, redshift = 0.0]
# schema: astropy-2.0
time sdss_u sdss_g sdss_r sdss_i sdss_z PS1_y ukirt_J ukirt_H ukirt_K johnson_U johnson_B johnson_V johnson_R johnson_I Clear
[from data line 203]
10.250000 93.924307 63.524252 44.418604 32.348701 25.026098 20.467232 11.312169 3.320479 -1.792195 90.269693 71.977105 52.422238 42.104192 24.290963 43.656943
10.300000 94.481358 63.934799 44.736134 32.606828 25.247815 20.666084 11.464442 3.430915 -1.709614 90.809200 72.428535 52.778856 42.410379 24.509005 43.970742
10.350000 95.038133 64.345154 45.053526 32.864852 25.469450 20.864866 11.616672 3.541333 -1.627035 91.348442 72.879749 53.135314 42.716435 24.726966 44.284406
10.400000 95.594633 64.755319 45.370781 33.122773 25.691002 21.063579 11.768859 3.651731 -1.544459 91.887418 73.330749 53.491611 43.022360 24.944847 44.597934
10.450000 96.150859 65.165292 45.687898 33.380590 25.912471 21.262223 11.921004 3.762111 -1.461886 92.426130 73.781535 53.847748 43.328153 25.162647 44.911327
10.500000 96.706810 65.575075 46.004878 33.638303 26.133858 21.460797 12.073105 3.872472 -1.379316 92.964577 74.232107 54.203726 43.633816 25.380367 45.224584
10.550000 97.262488 65.984668 46.321720 33.895913 26.355162 21.659300 12.225163 3.982813 -1.296750 93.502761 74.682466 54.559544 43.939348 25.598005 45.537707
10.600000 97.817893 66.394071 46.638425 34.153419 26.576383 21.857734 12.377178 4.093134 -1.214188 94.040683 75.132612 54.915203 44.244749 25.815563 45.850694
10.650000 98.373027 66.803285 46.954994 34.410822 26.797521 22.056099 12.529149 4.203435 -1.131631 94.578342 75.582545 55.270703 44.550019 26.033041 46.163547
10.700000 98.927889 67.212310 47.271426 34.668122 27.018576 22.254393 12.681076 4.313717 -1.049077 95.115740 76.032267 55.626045 44.855160 26.250437 46.476265
10.750000 99.482480 67.621146 47.587721 34.925319 27.239549 22.452617 12.832959 4.423977 -0.966529 95.652877 76.481777 55.981228 45.160170 26.467753 46.788848
10.800000 100.036801 68.029795 47.903880 35.182413 27.460439 22.650772 12.984799 4.534217 -0.883986 96.189754 76.931076 56.336253 45.465051 26.684989 47.101298
10.850000 100.590854 68.438255 48.219904 35.439403 27.681247 22.848856 13.136594 4.644437 -0.801448 96.726372 77.380165 56.691121 45.769802 26.902143 47.413614
10.900000 101.144638 68.846529 48.535792 35.696292 27.901971 23.046871 13.288346 4.754635 -0.718915 97.262731 77.829044 57.045831 46.074423 27.119218 47.725796
10.950000 101.698155 69.254616 48.851544 35.953077 28.122614 23.244816 13.440053 4.864813 -0.636388 97.798832 78.277713 57.400385 46.378916 27.336212 48.037845
11.000000 102.251405 69.662517 49.167161 36.209760 28.343174 23.442690 13.591716 4.974969 -0.553867 98.334677 78.726175 57.754782 46.683280 27.553125 48.349761
11.050000 102.804389 70.070232 49.482644 36.466341 28.563652 23.640496 13.743335 5.085104 -0.471352 98.870265 79.174428 58.109022 46.987515 27.769958 48.661545
11.100000 103.357108 70.477762 49.797992 36.722820 28.784047 23.838231 13.894909 5.195217 -0.388844 99.405597 79.622473 58.463108 47.291622 27.986711 48.973196
11.150000 103.909563 70.885107 50.113207 36.979197 29.004361 24.035897 14.046439 5.305309 -0.306342 99.940676 80.070312 58.817037 47.595601 28.203384 49.284715
11.200000 104.461755 71.292268 50.428287 37.235473 29.224593 24.233493 14.197925 5.415379 -0.223846 100.475500 80.517945 59.170812 47.899452 28.419977 49.596102
11.250000 105.013684 71.699247 50.743234 37.491647 29.444742 24.431020 14.349366 5.525427 -0.141358 101.010071 80.965373 59.524433 48.203177 28.636491 49.907358
11.300000 105.565353 72.106042 51.058048 37.747720 29.664811 24.628478 14.500763 5.635453 -0.058876 101.544391 81.412596 59.877900 48.506774 28.852924 50.218483
11.350000 106.116760 72.512655 51.372730 38.003692 29.884797 24.825866 14.652116 5.745457 0.023598 102.078460 81.859614 60.231213 48.810245 29.069278 50.529477
11.400000 106.667909 72.919086 51.687279 38.259564 30.104703 25.023185 14.803424 5.855439 0.106065 102.612278 82.306430 60.584373 49.113590 29.285553 50.840341
11.450000 107.218798 73.325336 52.001697 38.515335 30.324527 25.220435 14.954688 5.965399 0.188524 103.145847 82.753042 60.937381 49.416808 29.501749 51.151075
11.500000 107.769431 73.731406 52.315983 38.771006 30.544271 25.417616 15.105907 6.075336 0.270976 103.679168 83.199453 61.290236 49.719902 29.717865 51.461680
11.550000 108.319806 74.137296 52.630138 39.026577 30.763933 25.614729 15.257082 6.185251 0.353420 104.212241 83.645662 61.642941 50.022870 29.933903 51.772156
11.600000 108.869926 74.543007 52.944163 39.282049 30.983515 25.811772 15.408213 6.295143 0.435856 104.745068 84.091671 61.995494 50.325714 30.149862 52.082503
11.650000 109.419791 74.948539 53.258057 39.537421 31.203017 26.008748 15.559300 6.405013 0.518284 105.277649 84.537480 62.347896 50.628433 30.365743 52.392722
11.700000 109.969403 75.353894 53.571822 39.792694 31.422439 26.205655 15.710342 6.514860 0.600704 105.809986 84.983091 62.700149 50.931029 30.581545 52.702813
11.750000 110.518762 75.759071 53.885457 40.047869 31.641780 26.402493 15.861340 6.624685 0.683115 106.342079 85.428502 63.052252 51.233501 30.797269 53.012777
11.800000 111.067869 76.164072 54.198963 40.302945 31.861042 26.599264 16.012294 6.734487 0.765518 106.873929 85.873717 63.404207 51.535850 31.012916 53.322613
11.850000 111.616726 76.568897 54.512341 40.557923 32.080224 26.795967 16.163204 6.844266 0.847913 107.405538 86.318734 63.756013 51.838076 31.228484 53.632324
11.900000 112.165333 76.973546 54.825591 40.812803 32.299327 26.992602 16.314069 6.954022 0.930299 107.936906 86.763556 64.107671 52.140180 31.443976 53.941908
11.950000 112.713691 77.378022 55.138714 41.067586 32.518351 27.189170 16.464891 7.063756 1.012676 108.468034 87.208183 64.459182 52.442163 31.659390 54.251366
12.000000 113.261802 77.782323 55.451710 41.322272 32.737296 27.385670 16.615669 7.173467 1.095044 108.998924 87.652615 64.810546 52.744024 31.874727 54.560700
12.050000 113.809667 78.186451 55.764579 41.576860 32.956163 27.582103 16.766403 7.283154 1.177403 109.529576 88.096853 65.161764 53.045764 32.089987 54.869908
12.100000 114.357286 78.590407 56.077321 41.831353 33.174951 27.778469 16.917093 7.392819 1.259754 110.059991 88.540899 65.512837 53.347384 32.305171 55.178993
12.150000 114.904660 78.994191 56.389939 42.085749 33.393661 27.974769 17.067740 7.502461 1.342095 110.590171 88.984753 65.863765 53.648883 32.520279 55.487953
12.200000 115.451791 79.397804 56.702431 42.340049 33.612293 28.171002 17.218343 7.612080 1.424427 111.120116 89.428415 66.214548 53.950264 32.735310 55.796791
12.250000 115.998681 79.801247 57.014798 42.594254 33.830848 28.367168 17.368902 7.721677 1.506749 111.649827 89.871887 66.565187 54.251525 32.950266 56.105505
12.300000 116.545328 80.204520 57.327041 42.848363 34.049325 28.563268 17.519419 7.831250 1.589063 112.179305 90.315170 66.915683 54.552667 33.165146 56.414097
12.350000 117.091736 80.607624 57.639161 43.102378 34.267725 28.759303 17.669891 7.940800 1.671367 112.708552 90.758264 67.266036 54.853692 33.379951 56.722568
12.400000 117.637904 81.010560 57.951158 43.356299 34.486048 28.955271 17.820321 8.050327 1.753661 113.237569 91.201169 67.616248 55.154598 33.594681 57.030917
12.450000 118.183835 81.413328 58.263031 43.610125 34.704295 29.151174 17.970707 8.159831 1.835946 113.766355 91.643888 67.966317 55.455388 33.809336 57.339145
12.500000 118.729528 81.815930 58.574783 43.863858 34.922466 29.347012 18.121051 8.269313 1.918221 114.294913 92.086420 68.316246 55.756060 34.023916 57.647252
12.550000 119.274986 82.218365 58.886413 44.117497 35.140560 29.542785 18.271352 8.378771 2.000487 114.823244 92.528766 68.666035 56.056617 34.238423 57.955240
12.600000 119.820209 82.620635 59.197921 44.371043 35.358579 29.738492 18.421609 8.488206 2.082743 115.351348 92.970928 69.015683 56.357057 34.452855 58.263108
12.650000 120.365198 83.022741 59.509309 44.624497 35.576522 29.934135 18.571824 8.597619 2.164989 115.879227 93.412906 69.365193 56.657382 34.667214 58.570858
12.700000 120.909954 83.424683 59.820577 44.877858 35.794390 30.129714 18.721997 8.707008 2.247225 116.406881 93.854701 69.714564 56.957593 34.881499 58.878489
12.750000 121.454479 83.826462 60.131725 45.131127 36.012184 30.325228 18.872127 8.816375 2.329452 116.934312 94.296314 70.063797 57.257689 35.095711 59.186002
12.800000 121.998773 84.228078 60.442754 45.384305 36.229902 30.520679 19.022215 8.925719 2.411668 117.461520 94.737745 70.412893 57.557671 35.309850 59.493397
12.850000 122.542838 84.629532 60.753664 45.637392 36.447546 30.716065 19.172260 9.035040 2.493875 117.988507 95.178996 70.761851 57.857539 35.523916 59.800676
12.900000 123.086674 85.030826 61.064456 45.890388 36.665116 30.911389 19.322264 9.144338 2.576071 118.515274 95.620066 71.110674 58.157295 35.737910 60.107838
12.950000 123.630283 85.431959 61.375131 46.143293 36.882613 31.106648 19.472225 9.253613 2.658258 119.041821 96.060958 71.459362 58.456938 35.951832 60.414884
13.000000 124.173665 85.832933 61.685688 46.396108 37.100036 31.301845 19.622145 9.362866 2.740434 119.568150 96.501672 71.807914 58.756470 36.165682 60.721815
13.050000 124.716823 86.233748 61.996129 46.648834 37.317386 31.496979 19.772023 9.472095 2.822600 120.094262 96.942208 72.156332 59.055889 36.379461 61.028631
13.100000 125.259756 86.634405 62.306453 46.901470 37.534662 31.692051 19.921860 9.581303 2.904757 120.620157 97.382568 72.504616 59.355198 36.593168 61.335333
13.150000 125.802466 87.034904 62.616662 47.154018 37.751867 31.887060 20.071655 9.690487 2.986903 121.145838 97.822752 72.852767 59.654397 36.806804 61.641920
13.200000 126.344954 87.435247 62.926756 47.406477 37.968999 32.082006 20.221408 9.799649 3.069038 121.671304 98.262761 73.200786 59.953485 37.020370 61.948394
13.250000 126.887221 87.835434 63.236735 47.658847 38.186059 32.276892 20.371121 9.908788 3.151164 122.196557 98.702597 73.548672 60.252464 37.233865 62.254755
13.300000 127.429269 88.235466 63.546600 47.911130 38.403047 32.471715 20.520792 10.017905 3.233279 122.721598 99.142258 73.896428 60.551333 37.447291 62.561004
13.350000 127.971097 88.635343 63.856352 48.163325 38.619963 32.666477 20.670423 10.126999 3.315384 123.246427 99.581748 74.244052 60.850094 37.660646 62.867141
13.400000 128.512707 89.035067 64.165991 48.415434 38.836809 32.861178 20.820013 10.236071 3.397479 123.771047 100.021066 74.591546 61.148747 37.873932 63.173166
13.450000 129.054101 89.434638 64.475517 48.667455 39.053584 33.055818 20.969562 10.345120 3.479564 124.295457 100.460213 74.938911 61.447293 38.087149 63.479081
13.500000 129.595279 89.834056 64.784931 48.919390 39.270288 33.250397 21.119070 10.454147 3.561638 124.819659 100.899190 75.286147 61.745731 38.300296 63.784885
13.550000 130.136243 90.233323 65.094233 49.171240 39.486922 33.444916 21.268539 10.563151 3.643702 125.343655 101.337998 75.633255 62.044063 38.513375 64.090579
13.600000 130.676993 90.632439 65.403425 49.423004 39.703486 33.639375 21.417967 10.672134 3.725755 125.867444 101.776638 75.980234 62.342288 38.726386 64.396164
13.650000 131.217530 91.031405 65.712506 49.674682 39.919980 33.833774 21.567355 10.781094 3.807798 126.391028 102.215110 76.327087 62.640408 38.939329 64.701640
13.700000 131.757855 91.430221 66.021477 49.926276 40.136405 34.028113 21.716703 10.890032 3.889831 126.914407 102.653415 76.673813 62.938423 39.152203 65.007007
13.750000 132.297971 91.828889 66.330339 50.177785 40.352761 34.222393 21.866012 10.998947 3.971854 127.437584 103.091554 77.020413 63.236333 39.365011 65.312267
13.800000 132.837876 92.227408 66.639091 50.429211 40.569049 34.416614 22.015280 11.107841 4.053866 127.960559 103.529528 77.366888 63.534139 39.577751 65.617419
13.850000 133.377573 92.625781 66.947735 50.680552 40.785267 34.610775 22.164510 11.216713 4.135867 128.483332 103.967338 77.713238 63.831841 39.790424 65.922464
13.900000 133.917063 93.024006 67.256271 50.931811 41.001418 34.804878 22.313700 11.325563 4.217859 129.005905 104.404984 78.059463 64.129440 40.003030 66.227403
13.950000 134.456346 93.422086 67.564700 51.182986 41.217500 34.998923 22.462850 11.434390 4.299839 129.528279 104.842468 78.405566 64.426936 40.215570 66.532236
14.000000 134.995424 93.820021 67.873022 51.434079 41.433515 35.192909 22.611962 11.543196 4.381810 130.050455 105.279789 78.751545 64.724329 40.428044 66.836963
14.050000 135.534297 94.217811 68.181237 51.685090 41.649463 35.386838 22.761035 11.651981 4.463770 130.572434 105.716949 79.097401 65.021621 40.640452 67.141586
14.100000 136.072967 94.615457 68.489346 51.936019 41.865344 35.580709 22.910069 11.760743 4.545720 131.094216 106.153949 79.443136 65.318812 40.852795 67.446104
14.150000 136.611435 95.012960 68.797350 52.186866 42.081158 35.774522 23.059065 11.869484 4.627659 131.615803 106.590789 79.788749 65.615901 41.065072 67.750518
14.200000 137.149701 95.410321 69.105249 52.437633 42.296906 35.968278 23.208022 11.978203 4.709588 132.137195 107.027470 80.134242 65.912890 41.277285 68.054828
14.250000 137.687767 95.807540 69.413043 52.688318 42.512587 36.161977 23.356940 12.086901 4.791507 132.658395 107.463993 80.479614 66.209780 41.489433 68.359036
14.300000 138.225633 96.204618 69.720733 52.938924 42.728203 36.355620 23.505821 12.195577 4.873415 133.179401 107.900358 80.824867 66.506569 41.701516 68.663141
14.350000 138.763301 96.601555 70.028320 53.189449 42.943753 36.549206 23.654663 12.304232 4.955312 133.700217 108.336567 81.170001 66.803260 41.913536 68.967144
14.400000 139.300771 96.998353 70.335804 53.439895 43.159238 36.742736 23.803468 12.412865 5.037200 134.220841 108.772620 81.515017 67.099852 42.125492 69.271045
14.450000 139.838045 97.395012 70.643185 53.690261 43.374658 36.936209 23.952235 12.521477 5.119077 134.741276 109.208518 81.859914 67.396346 42.337384 69.574846
14.500000 140.375123 97.791532 70.950464 53.940549 43.590013 37.129627 24.100965 12.630068 5.200944 135.261523 109.644262 82.204695 67.692743 42.549213 69.878546
14.550000 140.912007 98.187915 71.257642 54.190758 43.805304 37.322990 24.249657 12.738638 5.282800 135.781581 110.079852 82.549358 67.989042 42.760979 70.182145
14.600000 141.448697 98.584161 71.564718 54.440889 44.020531 37.516297 24.398312 12.847186 5.364646 136.301453 110.515290 82.893906 68.285245 42.972682 70.485645
14.650000 141.985194 98.980270 71.871694 54.690943 44.235694 37.709549 24.546929 12.955714 5.446482 136.821139 110.950575 83.238337 68.581351 43.184323 70.789046
14.700000 142.521500 99.376243 72.178570 54.940918 44.450794 37.902747 24.695510 13.064221 5.528307 137.340640 111.385709 83.582654 68.877361 43.395902 71.092348
14.750000 143.057615 99.772082 72.485346 55.190817 44.665830 38.095890 24.844054 13.172706 5.610122 137.859956 111.820692 83.926856 69.173277 43.607419 71.395552
14.800000 143.593540 100.167786 72.792023 55.440639 44.880803 38.288979 24.992561 13.281171 5.691927 138.379090 112.255526 84.270944 69.469097 43.818874 71.698658
14.850000 144.129276 100.563357 73.098601 55.690385 45.095714 38.482013 25.141032 13.389615 5.773721 138.898041 112.690210 84.614919 69.764823 44.030268 72.001667
14.900000 144.664824 100.958794 73.405081 55.940054 45.310563 38.674994 25.289466 13.498039 5.855505 139.416811 113.124746 84.958781 70.060454 44.241602 72.304579
14.950000 145.200186 101.354099 73.711463 56.189648 45.525349 38.867921 25.437864 13.606442 5.937279 139.935400 113.559135 85.302530 70.355993 44.452874 72.607394
15.000000 145.735361 101.749272 74.017747 56.439167 45.740073 39.060795 25.586226 13.714824 6.019043 140.453810 113.993376 85.646168 70.651438 44.664086 72.910114
15.050000 146.270350 102.144314 74.323935 56.688611 45.954736 39.253616 25.734553 13.823186 6.100797 140.972041 114.427471 85.989694 70.946790 44.875238 73.212738
15.100000 146.805156 102.539225 74.630027 56.937980 46.169338 39.446384 25.882843 13.931527 6.182540 141.490094 114.861420 86.333110 71.242050 45.086330 73.515267
15.150000 147.339778 102.934007 74.936022 57.187275 46.383878 39.639099 26.031098 14.039848 6.264273 142.007970 115.295225 86.676415 71.537218 45.297362 73.817701
