web/models/kne/25/Metzger_0.072671_0.240690_0.450000.dat
# %ECSV 0.9
# ---
# datatype:
# - {name: time, datatype: float64}
# - {name: sdss_u, datatype: float64}
# - {name: sdss_g, datatype: float64}
# - {name: sdss_r, datatype: float64}
# - {name: sdss_i, datatype: float64}
# - {name: sdss_z, datatype: float64}
# - {name: PS1_y, datatype: float64}
# - {name: ukirt_J, datatype: float64}
# - {name: ukirt_H, datatype: float64}
# - {name: ukirt_K, datatype: float64}
# - {name: johnson_U, datatype: float64}
# - {name: johnson_B, datatype: float64}
# - {name: johnson_V, datatype: float64}
# - {name: johnson_R, datatype: float64}
# - {name: johnson_I, datatype: float64}
# - {name: Clear, datatype: float64}
# meta: !!omap
# - comment: [vej = 0.24068965517241378, mej = 0.07267057954405587, Ye = 0.45, redshift = 0.0]
# schema: astropy-2.0
time sdss_u sdss_g sdss_r sdss_i sdss_z PS1_y ukirt_J ukirt_H ukirt_K johnson_U johnson_B johnson_V johnson_R johnson_I Clear
[from data line 193]
9.750000 15.130972 5.425983 -0.540211 -4.218965 -6.398294 -7.727221 -10.302571 -12.384752 -13.564453 13.954607 8.103775 1.941932 -1.252307 -6.614221 -0.774865
9.800000 15.332786 5.572841 -0.428244 -4.129281 -6.322269 -7.659773 -10.252594 -12.350457 -13.540552 14.149840 8.265968 2.068560 -1.144596 -6.539574 -0.664298
9.850000 15.534539 5.719669 -0.316289 -4.039597 -6.246234 -7.592311 -10.202594 -12.316130 -13.516617 14.345015 8.428123 2.195169 -1.036893 -6.464918 -0.553742
9.900000 15.736230 5.866464 -0.204347 -3.949912 -6.170193 -7.524836 -10.152572 -12.281773 -13.492647 14.540132 8.590238 2.321758 -0.929201 -6.390254 -0.443197
9.950000 15.937856 6.013227 -0.092418 -3.860229 -6.094144 -7.457351 -10.102529 -12.247387 -13.468644 14.735189 8.752310 2.448325 -0.821520 -6.315582 -0.332665
10.000000 16.139417 6.159955 0.019496 -3.770547 -6.018091 -7.389855 -10.052466 -12.212972 -13.444607 14.930184 8.914340 2.574869 -0.713851 -6.240904 -0.222147
10.050000 16.340911 6.306647 0.131394 -3.680869 -5.942032 -7.322350 -10.002383 -12.178529 -13.420538 15.125115 9.076324 2.701388 -0.606196 -6.166220 -0.111645
10.100000 16.542336 6.453302 0.243275 -3.591196 -5.865971 -7.254836 -9.952282 -12.144058 -13.396437 15.319981 9.238263 2.827882 -0.498556 -6.091533 -0.001159
10.150000 16.743690 6.599918 0.355138 -3.501527 -5.789906 -7.187315 -9.902163 -12.109562 -13.372305 15.514781 9.400155 2.954349 -0.390931 -6.016842 0.109310
10.200000 16.944973 6.746495 0.466982 -3.411865 -5.713840 -7.119787 -9.852028 -12.075040 -13.348142 15.709512 9.561997 3.080788 -0.283323 -5.942148 0.219761
10.250000 17.146183 6.893031 0.578805 -3.322210 -5.637773 -7.052252 -9.801876 -12.040492 -13.323949 15.904175 9.723790 3.207198 -0.175733 -5.867452 0.330192
10.300000 17.347318 7.039526 0.690607 -3.232563 -5.561705 -6.984713 -9.751708 -12.005920 -13.299727 16.098767 9.885532 3.333579 -0.068161 -5.792756 0.440603
10.350000 17.548378 7.185977 0.802387 -3.142925 -5.485639 -6.917169 -9.701526 -11.971325 -13.275476 16.293287 10.047222 3.459929 0.039391 -5.718059 0.550992
10.400000 17.749361 7.332384 0.914144 -3.053297 -5.409574 -6.849622 -9.651330 -11.936706 -13.251197 16.487734 10.208859 3.586246 0.146922 -5.643363 0.661359
10.450000 17.950265 7.478747 1.025877 -2.963678 -5.333511 -6.782072 -9.601120 -11.902065 -13.226890 16.682108 10.370442 3.712532 0.254432 -5.568669 0.771703
10.500000 18.151091 7.625063 1.137586 -2.874072 -5.257451 -6.714519 -9.550898 -11.867401 -13.202556 16.876406 10.531970 3.838783 0.361920 -5.493977 0.882024
10.550000 18.351837 7.771333 1.249269 -2.784477 -5.181395 -6.646965 -9.500663 -11.832717 -13.178195 17.070629 10.693442 3.965000 0.469386 -5.419287 0.992319
10.600000 18.552502 7.917556 1.360926 -2.694895 -5.105343 -6.579410 -9.450417 -11.798011 -13.153808 17.264774 10.854857 4.091182 0.576827 -5.344601 1.102590
10.650000 18.753085 8.063730 1.472555 -2.605326 -5.029296 -6.511855 -9.400160 -11.763285 -13.129395 17.458841 11.016214 4.217328 0.684244 -5.269919 1.212834
10.700000 18.953585 8.209855 1.584157 -2.515771 -4.953255 -6.444301 -9.349893 -11.728540 -13.104957 17.652830 11.177512 4.343438 0.791636 -5.195242 1.323051
10.750000 19.154001 8.355930 1.695731 -2.426231 -4.877220 -6.376747 -9.299616 -11.693775 -13.080495 17.846739 11.338752 4.469510 0.899003 -5.120571 1.433241
10.800000 19.354333 8.501955 1.807276 -2.336706 -4.801192 -6.309194 -9.249329 -11.658992 -13.056008 18.040567 11.499931 4.595544 1.006342 -5.045905 1.543403
10.850000 19.554580 8.647929 1.918791 -2.247197 -4.725171 -6.241644 -9.199034 -11.624190 -13.031497 18.234315 11.661050 4.721539 1.113655 -4.971246 1.653536
10.900000 19.754740 8.793850 2.030275 -2.157704 -4.649158 -6.174097 -9.148731 -11.589371 -13.006963 18.427980 11.822107 4.847495 1.220941 -4.896594 1.763639
10.950000 19.954814 8.939719 2.141729 -2.068228 -4.573154 -6.106552 -9.098420 -11.554534 -12.982406 18.621563 11.983102 4.973411 1.328198 -4.821949 1.873713
11.000000 20.154801 9.085536 2.253152 -1.978770 -4.497158 -6.039011 -9.048101 -11.519681 -12.957827 18.815063 12.144035 5.099287 1.435427 -4.747313 1.983756
11.050000 20.354700 9.231298 2.364543 -1.889329 -4.421172 -5.971474 -8.997776 -11.484811 -12.933225 19.008479 12.304905 5.225121 1.542626 -4.672685 2.093769
11.100000 20.554511 9.377007 2.475902 -1.799907 -4.345196 -5.903942 -8.947445 -11.449925 -12.908602 19.201811 12.465711 5.350915 1.649796 -4.598066 2.203750
11.150000 20.754233 9.522661 2.587228 -1.710504 -4.269230 -5.836415 -8.897108 -11.415024 -12.883957 19.395058 12.626453 5.476666 1.756935 -4.523457 2.313699
11.200000 20.953865 9.668260 2.698520 -1.621120 -4.193275 -5.768893 -8.846765 -11.380107 -12.859291 19.588220 12.787130 5.602375 1.864045 -4.448857 2.423615
11.250000 21.153408 9.813803 2.809779 -1.531756 -4.117331 -5.701377 -8.796417 -11.345176 -12.834605 19.781297 12.947742 5.728041 1.971123 -4.374268 2.533499
11.300000 21.352861 9.959291 2.921004 -1.442412 -4.041399 -5.633867 -8.746064 -11.310230 -12.809898 19.974287 13.108289 5.853664 2.078169 -4.299690 2.643350
11.350000 21.552223 10.104722 3.032195 -1.353089 -3.965478 -5.566364 -8.695707 -11.275271 -12.785172 20.167191 13.268770 5.979243 2.185184 -4.225122 2.753167
11.400000 21.751494 10.250097 3.143351 -1.263786 -3.889570 -5.498867 -8.645346 -11.240297 -12.760426 20.360008 13.429185 6.104778 2.292167 -4.150567 2.862950
11.450000 21.950673 10.395415 3.254471 -1.174505 -3.813675 -5.431378 -8.594982 -11.205311 -12.735661 20.552737 13.589533 6.230270 2.399118 -4.076023 2.972699
11.500000 22.149762 10.540676 3.365556 -1.085245 -3.737793 -5.363897 -8.544614 -11.170311 -12.710877 20.745380 13.749815 6.355716 2.506035 -4.001491 3.082414
11.550000 22.348758 10.685879 3.476606 -0.996007 -3.661924 -5.296423 -8.494244 -11.135299 -12.686074 20.937934 13.910029 6.481118 2.612920 -3.926971 3.192093
11.600000 22.547662 10.831024 3.587619 -0.906791 -3.586068 -5.228958 -8.443870 -11.100275 -12.661253 21.130401 14.070177 6.606474 2.719771 -3.852464 3.301738
11.650000 22.746475 10.976112 3.698596 -0.817597 -3.510227 -5.161502 -8.393495 -11.065239 -12.636414 21.322780 14.230256 6.731785 2.826588 -3.777971 3.411347
11.700000 22.945194 11.121141 3.809537 -0.728426 -3.434399 -5.094054 -8.343117 -11.030191 -12.611558 21.515070 14.390268 6.857051 2.933372 -3.703490 3.520920
11.750000 23.143822 11.266112 3.920441 -0.639278 -3.358586 -5.026615 -8.292738 -10.995132 -12.586684 21.707272 14.550212 6.982270 3.040121 -3.629024 3.630458
11.800000 23.342356 11.411024 4.031308 -0.550153 -3.282788 -4.959186 -8.242357 -10.960061 -12.561794 21.899385 14.710087 7.107443 3.146837 -3.554571 3.739959
11.850000 23.540798 11.555877 4.142137 -0.461052 -3.207005 -4.891767 -8.191975 -10.924980 -12.536886 22.091409 14.869895 7.232571 3.253517 -3.480132 3.849424
11.900000 23.739147 11.700671 4.252930 -0.371974 -3.131237 -4.824357 -8.141592 -10.889888 -12.511962 22.283345 15.029634 7.357651 3.360163 -3.405707 3.958853
11.950000 23.937402 11.845407 4.363684 -0.282920 -3.055484 -4.756957 -8.091209 -10.854786 -12.487021 22.475192 15.189304 7.482685 3.466774 -3.331297 4.068244
12.000000 24.135565 11.990083 4.474401 -0.193890 -2.979747 -4.689568 -8.040825 -10.819675 -12.462065 22.666949 15.348906 7.607673 3.573350 -3.256902 4.177599
12.050000 24.333635 12.134700 4.585081 -0.104884 -2.904026 -4.622189 -7.990441 -10.784553 -12.437093 22.858618 15.508439 7.732613 3.679890 -3.182522 4.286917
12.100000 24.531612 12.279257 4.695722 -0.015903 -2.828320 -4.554821 -7.940056 -10.749422 -12.412105 23.050198 15.667904 7.857507 3.786395 -3.108157 4.396198
12.150000 24.729496 12.423755 4.806325 0.073054 -2.752631 -4.487464 -7.889673 -10.714281 -12.387102 23.241689 15.827299 7.982354 3.892865 -3.033807 4.505442
12.200000 24.927287 12.568194 4.916890 0.161986 -2.676958 -4.420118 -7.839289 -10.679132 -12.362084 23.433091 15.986626 8.107153 3.999299 -2.959473 4.614648
12.250000 25.124985 12.712573 5.027416 0.250894 -2.601302 -4.352784 -7.788906 -10.643973 -12.337052 23.624404 16.145884 8.231905 4.105698 -2.885154 4.723817
12.300000 25.322590 12.856893 5.137904 0.339776 -2.525662 -4.285460 -7.738525 -10.608806 -12.312004 23.815628 16.305073 8.356610 4.212060 -2.810851 4.832948
12.350000 25.520102 13.001153 5.248354 0.428634 -2.450039 -4.218148 -7.688144 -10.573631 -12.286943 24.006763 16.464194 8.481267 4.318387 -2.736564 4.942041
12.400000 25.717522 13.145353 5.358765 0.517467 -2.374433 -4.150848 -7.637764 -10.538447 -12.261867 24.197810 16.623245 8.605878 4.424677 -2.662293 5.051097
12.450000 25.914849 13.289494 5.469138 0.606274 -2.298844 -4.083560 -7.587386 -10.503256 -12.236777 24.388768 16.782228 8.730440 4.530932 -2.588038 5.160115
12.500000 26.112084 13.433575 5.579472 0.695056 -2.223272 -4.016284 -7.537009 -10.468057 -12.211674 24.579638 16.941142 8.854956 4.637150 -2.513800 5.269096
12.550000 26.309226 13.577597 5.689767 0.783813 -2.147717 -3.949020 -7.486634 -10.432850 -12.186557 24.770419 17.099988 8.979424 4.743333 -2.439578 5.378038
12.600000 26.506277 13.721560 5.800023 0.872544 -2.072180 -3.881768 -7.436260 -10.397635 -12.161426 24.961112 17.258765 9.103844 4.849479 -2.365372 5.486943
12.650000 26.703236 13.865463 5.910241 0.961250 -1.996660 -3.814528 -7.385889 -10.362414 -12.136283 25.151717 17.417473 9.228218 4.955589 -2.291183 5.595810
12.700000 26.900102 14.009307 6.020421 1.049930 -1.921157 -3.747301 -7.335520 -10.327185 -12.111126 25.342235 17.576114 9.352543 5.061663 -2.217011 5.704639
12.750000 27.096878 14.153092 6.130561 1.138584 -1.845672 -3.680087 -7.285153 -10.291949 -12.085957 25.532664 17.734686 9.476822 5.167701 -2.142856 5.813430
12.800000 27.293562 14.296817 6.240663 1.227213 -1.770205 -3.612885 -7.234788 -10.256707 -12.060775 25.723007 17.893190 9.601053 5.273702 -2.068717 5.922183
12.850000 27.490155 14.440484 6.350726 1.315817 -1.694755 -3.545696 -7.184426 -10.221458 -12.035580 25.913262 18.051625 9.725237 5.379668 -1.994595 6.030899
12.900000 27.686657 14.584091 6.460751 1.404394 -1.619323 -3.478519 -7.134067 -10.186202 -12.010374 26.103430 18.209994 9.849374 5.485597 -1.920490 6.139576
12.950000 27.883068 14.727640 6.570736 1.492946 -1.543909 -3.411355 -7.083710 -10.150941 -11.985155 26.293511 18.368294 9.973464 5.591490 -1.846402 6.248216
13.000000 28.079389 14.871130 6.680684 1.581472 -1.468513 -3.344205 -7.033356 -10.115673 -11.959924 26.483505 18.526527 10.097507 5.697347 -1.772332 6.356818
13.050000 28.275620 15.014562 6.790593 1.669973 -1.393134 -3.277067 -6.983006 -10.080399 -11.934682 26.673414 18.684692 10.221502 5.803167 -1.698278 6.465382
13.100000 28.471762 15.157935 6.900463 1.758447 -1.317774 -3.209942 -6.932658 -10.045119 -11.909427 26.863236 18.842791 10.345451 5.908952 -1.624241 6.573909
13.150000 28.667813 15.301250 7.010295 1.846896 -1.242432 -3.142830 -6.882313 -10.009833 -11.884162 27.052972 19.000822 10.469354 6.014701 -1.550222 6.682398
13.200000 28.863776 15.444507 7.120088 1.935319 -1.167107 -3.075732 -6.831972 -9.974542 -11.858885 27.242623 19.158787 10.593209 6.120414 -1.476220 6.790849
13.250000 29.059649 15.587706 7.229844 2.023717 -1.091801 -3.008646 -6.781633 -9.939245 -11.833596 27.432189 19.316685 10.717018 6.226091 -1.402235 6.899263
13.300000 29.255434 15.730847 7.339561 2.112089 -1.016512 -2.941574 -6.731298 -9.903943 -11.808297 27.621669 19.474516 10.840781 6.331732 -1.328267 7.007639
13.350000 29.451130 15.873930 7.449240 2.200435 -0.941242 -2.874515 -6.680967 -9.868635 -11.782987 27.811065 19.632281 10.964497 6.437337 -1.254317 7.115979
13.400000 29.646739 16.016956 7.558881 2.288756 -0.865989 -2.807470 -6.630639 -9.833322 -11.757665 28.000377 19.789981 11.088167 6.542907 -1.180383 7.224281
13.450000 29.842260 16.159925 7.668484 2.377051 -0.790755 -2.740437 -6.580315 -9.798005 -11.732334 28.189605 19.947614 11.211791 6.648441 -1.106467 7.332545
13.500000 30.037693 16.302836 7.778049 2.465320 -0.715538 -2.673418 -6.529995 -9.762682 -11.706991 28.378748 20.105183 11.335369 6.753940 -1.032569 7.440773
13.550000 30.233039 16.445691 7.887577 2.553564 -0.640340 -2.606412 -6.479678 -9.727354 -11.681639 28.567809 20.262685 11.458902 6.859403 -0.958687 7.548964
13.600000 30.428299 16.588489 7.997066 2.641782 -0.565160 -2.539420 -6.429365 -9.692022 -11.656276 28.756786 20.420123 11.582388 6.964831 -0.884823 7.657118
13.650000 30.623472 16.731231 8.106519 2.729975 -0.489997 -2.472440 -6.379055 -9.656685 -11.630902 28.945681 20.577496 11.705830 7.070224 -0.810976 7.765235
13.700000 30.818560 16.873916 8.215934 2.818143 -0.414853 -2.405475 -6.328750 -9.621343 -11.605519 29.134493 20.734804 11.829225 7.175582 -0.737147 7.873315
13.750000 31.013561 17.016545 8.325311 2.906285 -0.339727 -2.338522 -6.278449 -9.585997 -11.580126 29.323223 20.892048 11.952576 7.280905 -0.663334 7.981359
13.800000 31.208478 17.159119 8.434652 2.994402 -0.264618 -2.271583 -6.228151 -9.550647 -11.554722 29.511871 21.049228 12.075882 7.386192 -0.589539 8.089367
13.850000 31.403309 17.301636 8.543955 3.082494 -0.189528 -2.204657 -6.177858 -9.515292 -11.529310 29.700438 21.206344 12.199143 7.491445 -0.515761 8.197338
13.900000 31.598056 17.444099 8.653221 3.170561 -0.114455 -2.137745 -6.127569 -9.479933 -11.503887 29.888924 21.363397 12.322359 7.596664 -0.442000 8.305273
13.950000 31.792719 17.586506 8.762451 3.258603 -0.039400 -2.070845 -6.077284 -9.444570 -11.478455 30.077329 21.520386 12.445530 7.701847 -0.368256 8.413172
14.000000 31.987298 17.728858 8.871644 3.346620 0.035637 -2.003960 -6.027003 -9.409203 -11.453014 30.265654 21.677313 12.568657 7.806997 -0.294529 8.521035
14.050000 32.181793 17.871155 8.980800 3.434612 0.110656 -1.937087 -5.976726 -9.373832 -11.427563 30.453899 21.834176 12.691740 7.912112 -0.220820 8.628862
14.100000 32.376206 18.013398 9.089920 3.522579 0.185658 -1.870228 -5.926453 -9.338456 -11.402103 30.642064 21.990977 12.814780 8.017193 -0.147127 8.736654
14.150000 32.570536 18.155587 9.199004 3.610521 0.260642 -1.803382 -5.876185 -9.303077 -11.376634 30.830150 22.147716 12.937775 8.122239 -0.073451 8.844410
14.200000 32.764783 18.297722 9.308052 3.698439 0.335608 -1.736549 -5.825921 -9.267695 -11.351156 31.018157 22.304393 13.060726 8.227252 0.000208 8.952130
14.250000 32.958949 18.439803 9.417064 3.786332 0.410556 -1.669729 -5.775661 -9.232308 -11.325668 31.206085 22.461009 13.183634 8.332231 0.073850 9.059816
14.300000 33.153033 18.581830 9.526040 3.874200 0.485487 -1.602923 -5.725405 -9.196918 -11.300172 31.393936 22.617563 13.306499 8.437177 0.147475 9.167466
14.350000 33.347037 18.723804 9.634980 3.962045 0.560401 -1.536130 -5.675154 -9.161524 -11.274668 31.581708 22.774056 13.429321 8.542089 0.221083 9.275081
14.400000 33.540959 18.865725 9.743885 4.049864 0.635297 -1.469350 -5.624907 -9.126127 -11.249154 31.769404 22.930488 13.552100 8.646967 0.294674 9.382662
14.450000 33.734801 19.007593 9.852754 4.137660 0.710176 -1.402583 -5.574665 -9.090726 -11.223632 31.957022 23.086860 13.674836 8.751813 0.368249 9.490208
14.500000 33.928564 19.149409 9.961588 4.225432 0.785037 -1.335829 -5.524427 -9.055322 -11.198102 32.144564 23.243172 13.797530 8.856625 0.441807 9.597719
14.550000 34.122247 19.291172 10.070388 4.313179 0.859881 -1.269088 -5.474193 -9.019915 -11.172563 32.332029 23.399423 13.920181 8.961404 0.515349 9.705196
14.600000 34.315850 19.432883 10.179152 4.400903 0.934708 -1.202360 -5.423963 -8.984504 -11.147015 32.519419 23.555615 14.042791 9.066151 0.588874 9.812639
14.650000 34.509376 19.574543 10.287881 4.488603 1.009518 -1.135645 -5.373739 -8.949090 -11.121460 32.706733 23.711748 14.165358 9.170864 0.662382 9.920048
14.700000 34.702822 19.716151 10.396576 4.576279 1.084311 -1.068943 -5.323518 -8.913672 -11.095896 32.893972 23.867822 14.287884 9.275546 0.735874 10.027423
14.750000 34.896191 19.857707 10.505237 4.663931 1.159087 -1.002254 -5.273302 -8.878252 -11.070324 33.081137 24.023837 14.410368 9.380195 0.809350 10.134764
