web/models/kne/25/Metzger_0.016214_0.224483_0.100000.dat
# %ECSV 0.9
# ---
# datatype:
# - {name: time, datatype: float64}
# - {name: sdss_u, datatype: float64}
# - {name: sdss_g, datatype: float64}
# - {name: sdss_r, datatype: float64}
# - {name: sdss_i, datatype: float64}
# - {name: sdss_z, datatype: float64}
# - {name: PS1_y, datatype: float64}
# - {name: ukirt_J, datatype: float64}
# - {name: ukirt_H, datatype: float64}
# - {name: ukirt_K, datatype: float64}
# - {name: johnson_U, datatype: float64}
# - {name: johnson_B, datatype: float64}
# - {name: johnson_V, datatype: float64}
# - {name: johnson_R, datatype: float64}
# - {name: johnson_I, datatype: float64}
# - {name: Clear, datatype: float64}
# meta: !!omap
# - comment: [vej = 0.22448275862068964, mej = 0.016213736300560038, Ye = 0.1, redshift = 0.0]
# schema: astropy-2.0
time sdss_u sdss_g sdss_r sdss_i sdss_z PS1_y ukirt_J ukirt_H ukirt_K johnson_U johnson_B johnson_V johnson_R johnson_I Clear
[from data line 1738]
87.000000 421.471133 305.701598 232.394218 185.709877 157.170689 139.287958 102.990760 70.620430 49.276494 407.593465 337.977232 263.174630 223.470076 154.293766 229.458595
87.050000 421.713269 305.880916 232.533651 185.823841 157.269040 139.376505 103.059335 70.671066 49.315186 407.828079 338.174079 263.330824 223.604646 154.390541 229.596429
87.100000 421.955398 306.060229 232.673082 185.937801 157.367389 139.465050 103.127908 70.721701 49.353878 408.062685 338.370921 263.487014 223.739213 154.487314 229.734260
87.150000 422.197521 306.239537 232.812509 186.051759 157.465736 139.553593 103.196480 70.772336 49.392570 408.297286 338.567758 263.643200 223.873776 154.584085 229.872087
87.200000 422.439636 306.418840 232.951932 186.165714 157.564080 139.642134 103.265051 70.822969 49.431261 408.531880 338.764590 263.799382 224.008336 154.680853 230.009911
87.250000 422.681746 306.598139 233.091352 186.279666 157.662423 139.730674 103.333620 70.873602 49.469951 408.766467 338.961416 263.955559 224.142893 154.777620 230.147731
87.300000 422.923848 306.777432 233.230768 186.393615 157.760762 139.819211 103.402188 70.924234 49.508641 409.001048 339.158237 264.111733 224.277446 154.874384 230.285548
87.350000 423.165944 306.956721 233.370180 186.507562 157.859100 139.907746 103.470754 70.974865 49.547331 409.235623 339.355052 264.267903 224.411996 154.971145 230.423361
87.400000 423.408033 307.136006 233.509589 186.621506 157.957435 139.996279 103.539319 71.025495 49.586020 409.470191 339.551863 264.424068 224.546542 155.067905 230.561170
87.450000 423.650116 307.315285 233.648995 186.735447 158.055768 140.084810 103.607883 71.076124 49.624708 409.704753 339.748668 264.580230 224.681085 155.164662 230.698977
87.500000 423.892191 307.494560 233.788397 186.849385 158.154098 140.173339 103.676445 71.126752 49.663396 409.939308 339.945467 264.736387 224.815625 155.261417 230.836779
87.550000 424.134261 307.673830 233.927795 186.963321 158.252427 140.261866 103.745006 71.177380 49.702084 410.173858 340.142262 264.892541 224.950161 155.358170 230.974579
87.600000 424.376323 307.853096 234.067190 187.077253 158.350753 140.350391 103.813566 71.228007 49.740771 410.408400 340.339051 265.048690 225.084694 155.454920 231.112374
87.650000 424.618379 308.032356 234.206582 187.191183 158.449076 140.438914 103.882124 71.278632 49.779458 410.642936 340.535835 265.204835 225.219224 155.551669 231.250167
87.700000 424.860429 308.211612 234.345970 187.305111 158.547398 140.527435 103.950680 71.329257 49.818144 410.877466 340.732614 265.360977 225.353750 155.648415 231.387956
87.750000 425.102472 308.390864 234.485354 187.419035 158.645717 140.615954 104.019236 71.379881 49.856829 411.111990 340.929388 265.517114 225.488273 155.745158 231.525741
87.800000 425.344508 308.570110 234.624735 187.532957 158.744034 140.704471 104.087789 71.430505 49.895514 411.346507 341.126156 265.673247 225.622792 155.841900 231.663523
87.850000 425.586537 308.749352 234.764112 187.646876 158.842348 140.792986 104.156342 71.481127 49.934199 411.581018 341.322919 265.829377 225.757308 155.938639 231.801301
87.900000 425.828560 308.928589 234.903486 187.760792 158.940661 140.881499 104.224893 71.531749 49.972883 411.815522 341.519677 265.985502 225.891820 156.035376 231.939076
87.950000 426.070577 309.107821 235.042856 187.874706 159.038971 140.970010 104.293443 71.582369 50.011567 412.050020 341.716429 266.141623 226.026330 156.132111 232.076848
88.000000 426.312587 309.287049 235.182223 187.988616 159.137278 141.058519 104.361991 71.632989 50.050250 412.284511 341.913177 266.297740 226.160836 156.228844 232.214616
88.050000 426.554590 309.466272 235.321586 188.102524 159.235584 141.147026 104.430538 71.683608 50.088932 412.518997 342.109919 266.453853 226.295338 156.325574 232.352380
88.100000 426.796587 309.645490 235.460946 188.216430 159.333887 141.235532 104.499084 71.734226 50.127614 412.753476 342.306656 266.609963 226.429837 156.422302 232.490141
88.150000 427.038577 309.824704 235.600302 188.330332 159.432188 141.324035 104.567628 71.784844 50.166296 412.987948 342.503387 266.766068 226.564333 156.519028 232.627899
88.200000 427.280560 310.003913 235.739655 188.444232 159.530486 141.412536 104.636170 71.835460 50.204977 413.222415 342.700114 266.922169 226.698826 156.615752 232.765653
88.250000 427.522537 310.183117 235.879005 188.558129 159.628783 141.501035 104.704712 71.886076 50.243658 413.456875 342.896835 267.078266 226.833315 156.712473 232.903404
88.300000 427.764508 310.362317 236.018350 188.672023 159.727077 141.589532 104.773252 71.936691 50.282338 413.691328 343.093551 267.234360 226.967800 156.809193 233.041151
88.350000 428.006472 310.541511 236.157693 188.785915 159.825369 141.678028 104.841791 71.987304 50.321018 413.925775 343.290262 267.390449 227.102283 156.905910 233.178895
88.400000 428.248429 310.720702 236.297031 188.899804 159.923658 141.766521 104.910328 72.037918 50.359697 414.160216 343.486968 267.546534 227.236762 157.002624 233.316636
88.450000 428.490380 310.899887 236.436367 189.013690 160.021945 141.855012 104.978864 72.088530 50.398375 414.394651 343.683668 267.702615 227.371238 157.099337 233.454373
88.500000 428.732324 311.079068 236.575699 189.127573 160.120230 141.943502 105.047398 72.139141 50.437054 414.629079 343.880364 267.858693 227.505710 157.196047 233.592106
88.550000 428.974262 311.258244 236.715027 189.241454 160.218513 142.031989 105.115931 72.189752 50.475731 414.863501 344.077054 268.014766 227.640179 157.292756 233.729836
88.600000 429.216193 311.437416 236.854352 189.355332 160.316794 142.120474 105.184463 72.240361 50.514409 415.097917 344.273739 268.170835 227.774645 157.389461 233.867563
88.650000 429.458118 311.616583 236.993673 189.469207 160.415072 142.208958 105.252993 72.290970 50.553085 415.332327 344.470419 268.326901 227.909107 157.486165 234.005286
88.700000 429.700036 311.795745 237.132991 189.583080 160.513348 142.297439 105.321522 72.341578 50.591762 415.566730 344.667093 268.482962 228.043566 157.582867 234.143006
88.750000 429.941948 311.974902 237.272306 189.696949 160.611622 142.385919 105.390050 72.392185 50.630437 415.801127 344.863763 268.639020 228.178022 157.679566 234.280723
88.800000 430.183853 312.154055 237.411617 189.810817 160.709893 142.474396 105.458576 72.442792 50.669112 416.035517 345.060427 268.795073 228.312475 157.776263 234.418436
88.850000 430.425752 312.333204 237.550924 189.924681 160.808162 142.562872 105.527101 72.493397 50.707787 416.269902 345.257086 268.951123 228.446924 157.872958 234.556145
88.900000 430.667645 312.512347 237.690229 190.038543 160.906429 142.651345 105.595625 72.544002 50.746462 416.504280 345.453740 269.107168 228.581370 157.969651 234.693852
88.950000 430.909530 312.691486 237.829529 190.152402 161.004694 142.739817 105.664147 72.594606 50.785135 416.738652 345.650389 269.263210 228.715812 158.066341 234.831554
89.000000 431.151410 312.870621 237.968826 190.266258 161.102957 142.828287 105.732668 72.645208 50.823809 416.973017 345.847033 269.419248 228.850251 158.163030 234.969254
89.050000 431.393282 313.049751 238.108120 190.380111 161.201217 142.916755 105.801187 72.695811 50.862481 417.207377 346.043671 269.575281 228.984687 158.259716 235.106950
89.100000 431.635149 313.228876 238.247410 190.493962 161.299475 143.005220 105.869705 72.746412 50.901154 417.441730 346.240305 269.731311 229.119120 158.356400 235.244642
89.150000 431.877009 313.407996 238.386697 190.607810 161.397731 143.093684 105.938222 72.797012 50.939825 417.676076 346.436933 269.887337 229.253549 158.453081 235.382331
89.200000 432.118862 313.587112 238.525981 190.721656 161.495984 143.182146 106.006737 72.847612 50.978497 417.910417 346.633556 270.043359 229.387975 158.549761 235.520017
89.250000 432.360709 313.766224 238.665261 190.835499 161.594235 143.270606 106.075251 72.898211 51.017168 418.144751 346.830174 270.199377 229.522397 158.646438 235.657700
89.300000 432.602550 313.945330 238.804537 190.949339 161.692484 143.359064 106.143763 72.948809 51.055838 418.379080 347.026787 270.355391 229.656817 158.743113 235.795379
89.350000 432.844384 314.124432 238.943810 191.063176 161.790731 143.447520 106.212275 72.999406 51.094508 418.613401 347.223395 270.511401 229.791233 158.839786 235.933054
89.400000 433.086212 314.303530 239.083080 191.177011 161.888976 143.535974 106.280785 73.050002 51.133177 418.847717 347.419997 270.667407 229.925646 158.936457 236.070726
89.450000 433.328033 314.482623 239.222346 191.290843 161.987218 143.624426 106.349293 73.100597 51.171846 419.082027 347.616595 270.823410 230.060055 159.033126 236.208395
89.500000 433.569848 314.661711 239.361609 191.404672 162.085458 143.712877 106.417800 73.151192 51.210515 419.316330 347.813187 270.979408 230.194461 159.129792 236.346061
89.550000 433.811656 314.840795 239.500868 191.518499 162.183696 143.801325 106.486306 73.201785 51.249182 419.550627 348.009775 271.135402 230.328864 159.226456 236.483723
89.600000 434.053458 315.019874 239.640124 191.632323 162.281932 143.889771 106.554810 73.252378 51.287850 419.784918 348.206357 271.291393 230.463264 159.323118 236.621381
89.650000 434.295253 315.198949 239.779377 191.746144 162.380165 143.978216 106.623313 73.302970 51.326517 420.019202 348.402934 271.447380 230.597660 159.419778 236.759037
89.700000 434.537043 315.378019 239.918626 191.859963 162.478396 144.066658 106.691815 73.353562 51.365183 420.253481 348.599506 271.603362 230.732053 159.516436 236.896689
89.750000 434.778825 315.557084 240.057872 191.973779 162.576625 144.155099 106.760315 73.404152 51.403849 420.487753 348.796073 271.759341 230.866443 159.613092 237.034337
89.800000 435.020602 315.736145 240.197114 192.087592 162.674852 144.243537 106.828814 73.454742 51.442515 420.722019 348.992635 271.915316 231.000830 159.709745 237.171982
89.850000 435.262372 315.915201 240.336353 192.201402 162.773077 144.331974 106.897312 73.505330 51.481180 420.956279 349.189192 272.071287 231.135213 159.806396 237.309624
89.900000 435.504135 316.094253 240.475588 192.315210 162.871299 144.420408 106.965808 73.555918 51.519844 421.190533 349.385744 272.227254 231.269593 159.903045 237.447263
89.950000 435.745892 316.273300 240.614820 192.429015 162.969519 144.508841 107.034303 73.606505 51.558508 421.424781 349.582290 272.383217 231.403970 159.999692 237.584898
90.000000 435.987643 316.452342 240.754049 192.542818 163.067737 144.597272 107.102797 73.657091 51.597172 421.659022 349.778832 272.539177 231.538343 160.096337 237.722530
90.050000 436.229388 316.631380 240.893274 192.656618 163.165953 144.685701 107.171289 73.707677 51.635835 421.893257 349.975369 272.695132 231.672713 160.192979 237.860158
90.100000 436.471126 316.810414 241.032496 192.770415 163.264166 144.774128 107.239780 73.758261 51.674497 422.127487 350.171900 272.851084 231.807080 160.289619 237.997783
90.150000 436.712857 316.989443 241.171714 192.884210 163.362378 144.862553 107.308269 73.808845 51.713159 422.361710 350.368426 273.007031 231.941444 160.386257 238.135405
90.200000 436.954583 317.168467 241.310929 192.998002 163.460587 144.950976 107.376758 73.859428 51.751821 422.595926 350.564948 273.162975 232.075804 160.482893 238.273023
90.250000 437.196302 317.347487 241.450141 193.111791 163.558794 145.039397 107.445244 73.910010 51.790482 422.830137 350.761464 273.318915 232.210161 160.579527 238.410638
90.300000 437.438014 317.526502 241.589349 193.225578 163.656998 145.127817 107.513730 73.960591 51.829143 423.064342 350.957975 273.474851 232.344515 160.676159 238.548250
90.350000 437.679721 317.705513 241.728554 193.339362 163.755201 145.216234 107.582214 74.011172 51.867803 423.298540 351.154482 273.630783 232.478866 160.772789 238.685858
90.400000 437.921421 317.884519 241.867756 193.453143 163.853401 145.304650 107.650697 74.061751 51.906462 423.532732 351.350983 273.786712 232.613213 160.869416 238.823463
90.450000 438.163114 318.063521 242.006954 193.566922 163.951599 145.393063 107.719178 74.112330 51.945122 423.766919 351.547479 273.942636 232.747558 160.966041 238.961065
90.500000 438.404801 318.242518 242.146149 193.680698 164.049795 145.481475 107.787658 74.162908 51.983780 424.001099 351.743970 274.098557 232.881899 161.062664 239.098663
90.550000 438.646482 318.421511 242.285340 193.794471 164.147988 145.569884 107.856137 74.213485 52.022438 424.235273 351.940456 274.254474 233.016236 161.159285 239.236258
90.600000 438.888157 318.600499 242.424528 193.908242 164.246180 145.658292 107.924615 74.264061 52.061096 424.469441 352.136938 274.410387 233.150571 161.255904 239.373850
90.650000 439.129825 318.779482 242.563712 194.022010 164.344369 145.746698 107.993091 74.314637 52.099753 424.703602 352.333414 274.566296 233.284902 161.352520 239.511438
90.700000 439.371487 318.958462 242.702894 194.135775 164.442556 145.835102 108.061565 74.365211 52.138410 424.937758 352.529885 274.722201 233.419230 161.449135 239.649023
90.750000 439.613143 319.137436 242.842072 194.249538 164.540741 145.923504 108.130039 74.415785 52.177066 425.171908 352.726351 274.878102 233.553555 161.545747 239.786605
90.800000 439.854792 319.316406 242.981246 194.363298 164.638924 146.011904 108.198511 74.466358 52.215722 425.406051 352.922812 275.034000 233.687876 161.642357 239.924183
90.850000 440.096436 319.495372 243.120417 194.477056 164.737104 146.100303 108.266982 74.516930 52.254378 425.640189 353.119268 275.189893 233.822195 161.738965 240.061758
90.900000 440.338072 319.674333 243.259585 194.590811 164.835283 146.188699 108.335451 74.567502 52.293032 425.874320 353.315719 275.345783 233.956510 161.835571 240.199330
90.950000 440.579703 319.853290 243.398749 194.704563 164.933459 146.277093 108.403919 74.618072 52.331687 426.108445 353.512165 275.501669 234.090822 161.932175 240.336898
91.000000 440.821327 320.032242 243.537911 194.818313 165.031633 146.365486 108.472386 74.668642 52.370341 426.342564 353.708606 275.657551 234.225131 162.028777 240.474463
91.050000 441.062945 320.211189 243.677068 194.932060 165.129805 146.453877 108.540851 74.719211 52.408994 426.576678 353.905042 275.813430 234.359436 162.125376 240.612025
91.100000 441.304557 320.390132 243.816223 195.045804 165.227974 146.542265 108.609315 74.769779 52.447647 426.810785 354.101473 275.969304 234.493738 162.221973 240.749584
91.150000 441.546162 320.569071 243.955374 195.159546 165.326142 146.630652 108.677778 74.820346 52.486299 427.044886 354.297899 276.125175 234.628037 162.318569 240.887139
91.200000 441.787761 320.748005 244.094521 195.273285 165.424307 146.719037 108.746239 74.870912 52.524951 427.278981 354.494321 276.281042 234.762333 162.415162 241.024691
91.250000 442.029354 320.926935 244.233666 195.387021 165.522470 146.807420 108.814699 74.921478 52.563603 427.513070 354.690737 276.436905 234.896626 162.511753 241.162239
91.300000 442.270941 321.105860 244.372807 195.500755 165.620631 146.895801 108.883158 74.972043 52.602253 427.747153 354.887148 276.592764 235.030915 162.608341 241.299785
91.350000 442.512521 321.284781 244.511944 195.614487 165.718789 146.984180 108.951615 75.022607 52.640904 427.981229 355.083554 276.748619 235.165202 162.704928 241.437327
91.400000 442.754096 321.463697 244.651079 195.728215 165.816946 147.072558 109.020072 75.073170 52.679554 428.215300 355.279956 276.904471 235.299485 162.801513 241.574865
91.450000 442.995663 321.642609 244.790210 195.841941 165.915100 147.160933 109.088526 75.123732 52.718203 428.449365 355.476352 277.060319 235.433764 162.898095 241.712401
91.500000 443.237225 321.821516 244.929337 195.955665 166.013253 147.249307 109.156980 75.174293 52.756853 428.683424 355.672743 277.216163 235.568041 162.994675 241.849933
