web/models/kne/25/Metzger_0.020089_0.062414_0.450000.dat
# %ECSV 0.9
# ---
# datatype:
# - {name: time, datatype: float64}
# - {name: sdss_u, datatype: float64}
# - {name: sdss_g, datatype: float64}
# - {name: sdss_r, datatype: float64}
# - {name: sdss_i, datatype: float64}
# - {name: sdss_z, datatype: float64}
# - {name: PS1_y, datatype: float64}
# - {name: ukirt_J, datatype: float64}
# - {name: ukirt_H, datatype: float64}
# - {name: ukirt_K, datatype: float64}
# - {name: johnson_U, datatype: float64}
# - {name: johnson_B, datatype: float64}
# - {name: johnson_V, datatype: float64}
# - {name: johnson_R, datatype: float64}
# - {name: johnson_I, datatype: float64}
# - {name: Clear, datatype: float64}
# meta: !!omap
# - comment: [vej = 0.06241379310344827, mej = 0.02008866315339448, Ye = 0.45, redshift = 0.0]
# schema: astropy-2.0
time sdss_u sdss_g sdss_r sdss_i sdss_z PS1_y ukirt_J ukirt_H ukirt_K johnson_U johnson_B johnson_V johnson_R johnson_I Clear
[from data line 1788]
89.500000 200.777488 142.671188 105.974634 82.670785 68.462444 59.579383 41.615473 25.711815 15.331365 193.805032 158.855608 121.370360 101.515067 67.032202 104.507424
89.550000 200.896197 142.758945 106.042739 82.726340 68.510306 59.622415 41.648664 25.736167 15.349832 193.920035 158.952002 121.446723 101.580775 67.079288 104.574741
89.600000 201.014903 142.846700 106.110842 82.781894 68.558168 59.665446 41.681854 25.760519 15.368299 194.035035 159.048394 121.523084 101.646483 67.126373 104.642057
89.650000 201.133607 142.934453 106.178945 82.837447 68.606029 59.708476 41.715045 25.784871 15.386766 194.150032 159.144784 121.599445 101.712189 67.173458 104.709371
89.700000 201.252309 143.022205 106.247047 82.893000 68.653889 59.751506 41.748235 25.809223 15.405233 194.265028 159.241172 121.675804 101.777894 67.220542 104.776684
89.750000 201.371008 143.109955 106.315147 82.948551 68.701749 59.794536 41.781424 25.833574 15.423701 194.380021 159.337559 121.752161 101.843598 67.267625 104.843997
89.800000 201.489705 143.197703 106.383246 83.004102 68.749609 59.837565 41.814614 25.857926 15.442168 194.495011 159.433944 121.828518 101.909301 67.314708 104.911308
89.850000 201.608399 143.285450 106.451344 83.059652 68.797467 59.880594 41.847803 25.882278 15.460636 194.609999 159.530327 121.904872 101.975003 67.361791 104.978618
89.900000 201.727091 143.373195 106.519441 83.115201 68.845326 59.923622 41.880992 25.906630 15.479104 194.724985 159.626708 121.981226 102.040704 67.408872 105.045927
89.950000 201.845780 143.460939 106.587537 83.170749 68.893183 59.966650 41.914181 25.930982 15.497572 194.839969 159.723087 122.057578 102.106404 67.455953 105.113234
90.000000 201.964467 143.548681 106.655632 83.226297 68.941040 60.009677 41.947370 25.955333 15.516041 194.954950 159.819464 122.133929 102.172103 67.503034 105.180541
90.050000 202.083151 143.636421 106.723725 83.281844 68.988896 60.052704 41.980559 25.979685 15.534509 195.069929 159.915839 122.210279 102.237801 67.550114 105.247847
90.100000 202.201834 143.724160 106.791818 83.337390 69.036752 60.095730 42.013747 26.004037 15.552978 195.184906 160.012213 122.286627 102.303497 67.597193 105.315151
90.150000 202.320513 143.811897 106.859909 83.392935 69.084607 60.138756 42.046935 26.028389 15.571446 195.299880 160.108585 122.362974 102.369193 67.644272 105.382455
90.200000 202.439190 143.899632 106.927999 83.448479 69.132462 60.181781 42.080123 26.052741 15.589915 195.414852 160.204955 122.439320 102.434888 67.691350 105.449757
90.250000 202.557865 143.987366 106.996089 83.504023 69.180316 60.224806 42.113310 26.077093 15.608384 195.529821 160.301323 122.515664 102.500581 67.738428 105.517058
90.300000 202.676538 144.075098 107.064177 83.559566 69.228169 60.267830 42.146498 26.101445 15.626854 195.644789 160.397689 122.592007 102.566274 67.785505 105.584358
90.350000 202.795208 144.162829 107.132264 83.615108 69.276022 60.310854 42.179685 26.125797 15.645323 195.759754 160.494053 122.668348 102.631965 67.832582 105.651657
90.400000 202.913875 144.250558 107.200349 83.670649 69.323874 60.353878 42.212872 26.150149 15.663793 195.874716 160.590416 122.744689 102.697655 67.879658 105.718955
90.450000 203.032540 144.338285 107.268434 83.726189 69.371725 60.396901 42.246058 26.174500 15.682262 195.989677 160.686776 122.821028 102.763345 67.926733 105.786252
90.500000 203.151203 144.426011 107.336518 83.781729 69.419576 60.439923 42.279245 26.198852 15.700732 196.104635 160.783135 122.897365 102.829033 67.973808 105.853548
90.550000 203.269863 144.513735 107.404600 83.837268 69.467427 60.482945 42.312431 26.223204 15.719202 196.219590 160.879492 122.973702 102.894720 68.020882 105.920842
90.600000 203.388521 144.601457 107.472681 83.892806 69.515277 60.525967 42.345617 26.247556 15.737673 196.334544 160.975847 123.050037 102.960406 68.067956 105.988136
90.650000 203.507177 144.689178 107.540761 83.948343 69.563126 60.568988 42.378803 26.271908 15.756143 196.449495 161.072201 123.126370 103.026091 68.115029 106.055428
90.700000 203.625830 144.776897 107.608841 84.003880 69.610974 60.612009 42.411989 26.296260 15.774613 196.564443 161.168552 123.202702 103.091775 68.162101 106.122720
90.750000 203.744480 144.864615 107.676919 84.059415 69.658822 60.655029 42.445174 26.320612 15.793084 196.679390 161.264902 123.279033 103.157458 68.209173 106.190010
90.800000 203.863129 144.952331 107.744995 84.114950 69.706670 60.698049 42.478359 26.344964 15.811555 196.794334 161.361250 123.355363 103.223140 68.256245 106.257299
90.850000 203.981774 145.040045 107.813071 84.170484 69.754516 60.741068 42.511544 26.369316 15.830026 196.909276 161.457596 123.431691 103.288821 68.303315 106.324587
90.900000 204.100418 145.127758 107.881146 84.226018 69.802363 60.784087 42.544729 26.393668 15.848497 197.024215 161.553940 123.508018 103.354501 68.350386 106.391874
90.950000 204.219059 145.215469 107.949219 84.281550 69.850208 60.827105 42.577914 26.418020 15.866968 197.139152 161.650282 123.584344 103.420180 68.397455 106.459160
91.000000 204.337698 145.303179 108.017292 84.337082 69.898053 60.870123 42.611098 26.442372 15.885440 197.254087 161.746622 123.660669 103.485858 68.444524 106.526445
91.050000 204.456334 145.390887 108.085363 84.392613 69.945898 60.913140 42.644282 26.466724 15.903911 197.369020 161.842961 123.736992 103.551534 68.491593 106.593729
91.100000 204.574968 145.478593 108.153433 84.448143 69.993741 60.956157 42.677466 26.491076 15.922383 197.483950 161.939298 123.813313 103.617210 68.538661 106.661011
91.150000 204.693599 145.566298 108.221502 84.503672 70.041585 60.999173 42.710649 26.515428 15.940855 197.598878 162.035633 123.889634 103.682884 68.585728 106.728293
91.200000 204.812228 145.654001 108.289570 84.559201 70.089427 61.042189 42.743833 26.539780 15.959327 197.713804 162.131966 123.965953 103.748558 68.632795 106.795573
91.250000 204.930855 145.741702 108.357637 84.614728 70.137269 61.085205 42.777016 26.564132 15.977799 197.828727 162.228297 124.042271 103.814230 68.679861 106.862852
91.300000 205.049479 145.829402 108.425703 84.670255 70.185111 61.128220 42.810199 26.588484 15.996272 197.943648 162.324627 124.118587 103.879902 68.726926 106.930131
91.350000 205.168101 145.917101 108.493768 84.725782 70.232952 61.171234 42.843382 26.612836 16.014744 198.058567 162.420954 124.194902 103.945572 68.773991 106.997408
91.400000 205.286720 146.004797 108.561831 84.781307 70.280792 61.214248 42.876564 26.637188 16.033217 198.173483 162.517280 124.271216 104.011242 68.821056 107.064684
91.450000 205.405338 146.092492 108.629894 84.836832 70.328632 61.257262 42.909747 26.661540 16.051690 198.288397 162.613604 124.347529 104.076910 68.868120 107.131959
91.500000 205.523952 146.180186 108.697955 84.892355 70.376471 61.300275 42.942929 26.685892 16.070163 198.403309 162.709926 124.423840 104.142577 68.915183 107.199233
91.550000 205.642565 146.267878 108.766015 84.947878 70.424309 61.343287 42.976110 26.710244 16.088636 198.518219 162.806247 124.500150 104.208243 68.962246 107.266506
91.600000 205.761175 146.355568 108.834074 85.003401 70.472147 61.386300 43.009292 26.734596 16.107109 198.633126 162.902565 124.576458 104.273909 69.009308 107.333777
91.650000 205.879782 146.443257 108.902132 85.058922 70.519984 61.429311 43.042474 26.758948 16.125583 198.748031 162.998882 124.652765 104.339573 69.056369 107.401048
91.700000 205.998387 146.530944 108.970189 85.114443 70.567821 61.472323 43.075655 26.783300 16.144056 198.862934 163.095197 124.729071 104.405236 69.103430 107.468318
91.750000 206.116990 146.618629 109.038245 85.169963 70.615657 61.515333 43.108836 26.807652 16.162530 198.977834 163.191510 124.805376 104.470898 69.150491 107.535586
91.800000 206.235590 146.706313 109.106300 85.225482 70.663493 61.558344 43.142016 26.832004 16.181004 199.092732 163.287821 124.881679 104.536559 69.197551 107.602854
91.850000 206.354189 146.793995 109.174353 85.281000 70.711327 61.601353 43.175197 26.856356 16.199478 199.207628 163.384131 124.957981 104.602219 69.244610 107.670120
91.900000 206.472784 146.881676 109.242406 85.336518 70.759162 61.644363 43.208377 26.880708 16.217952 199.322522 163.480439 125.034282 104.667878 69.291669 107.737385
91.950000 206.591378 146.969355 109.310457 85.392034 70.806996 61.687372 43.241557 26.905060 16.236426 199.437413 163.576744 125.110581 104.733536 69.338727 107.804649
92.000000 206.709968 147.057032 109.378508 85.447550 70.854829 61.730380 43.274737 26.929412 16.254901 199.552302 163.673048 125.186880 104.799192 69.385784 107.871912
92.050000 206.828557 147.144708 109.446557 85.503066 70.902661 61.773388 43.307917 26.953764 16.273375 199.667189 163.769351 125.263176 104.864848 69.432841 107.939174
92.100000 206.947143 147.232383 109.514605 85.558580 70.950493 61.816395 43.341096 26.978116 16.291850 199.782073 163.865651 125.339472 104.930503 69.479898 108.006435
92.150000 207.065727 147.320055 109.582652 85.614094 70.998325 61.859402 43.374275 27.002468 16.310325 199.896956 163.961950 125.415766 104.996157 69.526954 108.073695
92.200000 207.184308 147.407727 109.650698 85.669606 71.046155 61.902409 43.407454 27.026820 16.328800 200.011835 164.058247 125.492059 105.061809 69.574009 108.140954
92.250000 207.302888 147.495396 109.718743 85.725118 71.093986 61.945415 43.440633 27.051172 16.347275 200.126713 164.154542 125.568350 105.127461 69.621064 108.208212
92.300000 207.421464 147.583064 109.786786 85.780630 71.141815 61.988420 43.473812 27.075524 16.365751 200.241588 164.250835 125.644641 105.193112 69.668118 108.275468
92.350000 207.540039 147.670730 109.854829 85.836140 71.189644 62.031426 43.506990 27.099876 16.384226 200.356462 164.347126 125.720930 105.258761 69.715171 108.342724
92.400000 207.658611 147.758395 109.922870 85.891650 71.237473 62.074430 43.540168 27.124228 16.402702 200.471332 164.443416 125.797217 105.324410 69.762224 108.409978
92.450000 207.777180 147.846058 109.990911 85.947159 71.285300 62.117434 43.573346 27.148580 16.421177 200.586201 164.539704 125.873504 105.390057 69.809277 108.477232
92.500000 207.895748 147.933720 110.058950 86.002667 71.333128 62.160438 43.606524 27.172933 16.439653 200.701067 164.635990 125.949789 105.455704 69.856329 108.544484
92.550000 208.014313 148.021380 110.126989 86.058174 71.380954 62.203441 43.639701 27.197285 16.458129 200.815931 164.732274 126.026072 105.521349 69.903380 108.611735
92.600000 208.132875 148.109038 110.195026 86.113681 71.428780 62.246444 43.672878 27.221637 16.476606 200.930793 164.828556 126.102355 105.586994 69.950431 108.678986
92.650000 208.251435 148.196695 110.263062 86.169187 71.476606 62.289446 43.706055 27.245989 16.495082 201.045653 164.924837 126.178636 105.652637 69.997481 108.746235
92.700000 208.369993 148.284350 110.331097 86.224692 71.524431 62.332448 43.739232 27.270341 16.513559 201.160510 165.021115 126.254916 105.718279 70.044531 108.813483
92.750000 208.488549 148.372004 110.399131 86.280196 71.572255 62.375450 43.772408 27.294692 16.532035 201.275365 165.117392 126.331194 105.783921 70.091580 108.880730
92.800000 208.607102 148.459656 110.467163 86.335699 71.620079 62.418450 43.805585 27.319044 16.550512 201.390218 165.213668 126.407472 105.849561 70.138628 108.947975
92.850000 208.725653 148.547307 110.535195 86.391202 71.667902 62.461451 43.838761 27.343396 16.568989 201.505068 165.309941 126.483748 105.915200 70.185676 109.015220
92.900000 208.844201 148.634956 110.603226 86.446704 71.715724 62.504451 43.871937 27.367748 16.587466 201.619916 165.406213 126.560022 105.980838 70.232723 109.082464
92.950000 208.962747 148.722603 110.671255 86.502205 71.763546 62.547450 43.905112 27.392100 16.605943 201.734762 165.502483 126.636296 106.046475 70.279770 109.149707
93.000000 209.081291 148.810249 110.739284 86.557705 71.811368 62.590449 43.938288 27.416452 16.624420 201.849606 165.598751 126.712568 106.112112 70.326816 109.216948
93.050000 209.199833 148.897893 110.807311 86.613205 71.859188 62.633448 43.971463 27.440804 16.642898 201.964448 165.695017 126.788839 106.177747 70.373862 109.284189
93.100000 209.318372 148.985536 110.875337 86.668704 71.907009 62.676446 44.004638 27.465156 16.661376 202.079287 165.791281 126.865108 106.243381 70.420907 109.351428
93.150000 209.436909 149.073177 110.943362 86.724202 71.954828 62.719444 44.037812 27.489508 16.679853 202.194124 165.887544 126.941376 106.309014 70.467951 109.418667
93.200000 209.555443 149.160816 111.011386 86.779699 72.002647 62.762441 44.070987 27.513860 16.698331 202.308959 165.983805 127.017643 106.374646 70.514995 109.485904
93.250000 209.673975 149.248454 111.079409 86.835195 72.050466 62.805437 44.104161 27.538212 16.716809 202.423791 166.080064 127.093909 106.440277 70.562038 109.553140
93.300000 209.792505 149.336091 111.147431 86.890691 72.098284 62.848434 44.137335 27.562564 16.735287 202.538621 166.176321 127.170173 106.505907 70.609081 109.620375
93.350000 209.911032 149.423725 111.215452 86.946186 72.146101 62.891429 44.170509 27.586916 16.753766 202.653449 166.272577 127.246436 106.571536 70.656123 109.687610
93.400000 210.029557 149.511359 111.283472 87.001680 72.193917 62.934425 44.203683 27.611268 16.772244 202.768275 166.368831 127.322698 106.637164 70.703165 109.754843
93.450000 210.148080 149.598990 111.351490 87.057173 72.241733 62.977419 44.236856 27.635620 16.790723 202.883099 166.465083 127.398958 106.702791 70.750206 109.822075
93.500000 210.266601 149.686620 111.419508 87.112666 72.289549 63.020414 44.270029 27.659972 16.809202 202.997920 166.561333 127.475218 106.768417 70.797247 109.889305
93.550000 210.385119 149.774249 111.487525 87.168158 72.337364 63.063408 44.303202 27.684324 16.827680 203.112739 166.657581 127.551475 106.834041 70.844287 109.956535
93.600000 210.503634 149.861876 111.555540 87.223649 72.385178 63.106401 44.336375 27.708676 16.846159 203.227556 166.753828 127.627732 106.899665 70.891326 110.023764
93.650000 210.622148 149.949501 111.623554 87.279139 72.432992 63.149394 44.369547 27.733027 16.864639 203.342370 166.850073 127.703987 106.965288 70.938365 110.090992
93.700000 210.740659 150.037125 111.691567 87.334628 72.480805 63.192386 44.402719 27.757379 16.883118 203.457183 166.946316 127.780241 107.030910 70.985403 110.158219
93.750000 210.859168 150.124747 111.759580 87.390117 72.528618 63.235378 44.435891 27.781731 16.901597 203.571993 167.042557 127.856494 107.096531 71.032441 110.225444
93.800000 210.977674 150.212368 111.827591 87.445605 72.576430 63.278370 44.469063 27.806083 16.920077 203.686801 167.138797 127.932746 107.162150 71.079478 110.292669
93.850000 211.096179 150.299987 111.895601 87.501092 72.624241 63.321361 44.502235 27.830435 16.938557 203.801607 167.235034 128.008996 107.227769 71.126514 110.359892
93.900000 211.214680 150.387605 111.963610 87.556578 72.672052 63.364352 44.535406 27.854787 16.957036 203.916410 167.331270 128.085245 107.293387 71.173550 110.427115
93.950000 211.333180 150.475221 112.031617 87.612064 72.719862 63.407342 44.568577 27.879138 16.975516 204.031211 167.427505 128.161492 107.359003 71.220586 110.494336
94.000000 211.451677 150.562835 112.099624 87.667549 72.767672 63.450331 44.601748 27.903490 16.993996 204.146010 167.523737 128.237739 107.424619 71.267620 110.561556
94.050000 211.570172 150.650448 112.167630 87.723033 72.815481 63.493321 44.634919 27.927842 17.012477 204.260807 167.619968 128.313984 107.490234 71.314655 110.628776
94.100000 211.688665 150.738059 112.235634 87.778516 72.863289 63.536309 44.668089 27.952194 17.030957 204.375601 167.716197 128.390228 107.555847 71.361688 110.695994
94.150000 211.807155 150.825669 112.303638 87.833999 72.911097 63.579298 44.701260 27.976546 17.049437 204.490394 167.812424 128.466470 107.621460 71.408722 110.763211
