web/models/kne/25/mosfit_kn_0.002290_0.3590_10.0000.dat
# %ECSV 1.0
# ---
# datatype:
# - {name: time, datatype: float64}
# - {name: PS1_g, datatype: float64}
# - {name: PS1_i, datatype: float64}
# - {name: PS1_r, datatype: float64}
# - {name: PS1_w, datatype: float64}
# - {name: PS1_y, datatype: float64}
# - {name: PS1_z, datatype: float64}
# - {name: swift_uvot_B, datatype: float64}
# - {name: swift_uvot_U, datatype: float64}
# - {name: swift_uvot_uvm2, datatype: float64}
# - {name: swift_uvot_uvw1, datatype: float64}
# - {name: swift_uvot_uvw2, datatype: float64}
# - {name: swift_uvot_V, datatype: float64}
# - {name: johnson_B, datatype: float64}
# - {name: johnson_I, datatype: float64}
# - {name: johnson_R, datatype: float64}
# - {name: johnson_U, datatype: float64}
# - {name: johnson_V, datatype: float64}
# - {name: sdss_g, datatype: float64}
# - {name: sdss_i, datatype: float64}
# - {name: sdss_r, datatype: float64}
# - {name: sdss_u, datatype: float64}
# - {name: sdss_z, datatype: float64}
# - {name: ATLAS_c, datatype: float64}
# - {name: ATLAS_o, datatype: float64}
# - {name: ukirt_H, datatype: float64}
# - {name: ukirt_J, datatype: float64}
# - {name: ukirt_K, datatype: float64}
# - {name: Clear, datatype: float64}
# meta: !!omap
# - comment: [kappa = 10.0, type = rprocess, mass = 0.0022901433483143324, velocity = 0.359, theta_obs = 0.0, tfloor = 1000.0]
# schema: astropy-2.0
time PS1_g PS1_i PS1_r PS1_w PS1_y PS1_z swift_uvot_B swift_uvot_U swift_uvot_uvm2 swift_uvot_uvw1 swift_uvot_uvw2 swift_uvot_V johnson_B johnson_I johnson_R johnson_U johnson_V sdss_g sdss_i sdss_r sdss_u sdss_z ATLAS_c ATLAS_o ukirt_H ukirt_J ukirt_K Clear
[from data line 206]
12.444889779559118 13.271478279207454 4.389649466008176 7.8647202440460084 5.89679643254204 0.8664594174829077 2.284135382330046 16.81138485577194 23.47032895366685 37.358924257696025 19.43591148574141 21.948927992221062 11.23099497207824 15.60744753880575 2.836136159586226 5.8061689263112255 22.4393277744151 10.275972636909485 14.08401838052189 4.470905418121163 8.09320890354245 23.971434483841676 1.7107077703080442 9.84379681378865 5.391384289178873 -4.082527960432588 -1.9330386649428974 -5.442816640905759 3.6109023887806835
12.50501002004008 13.291831693871305 4.410002880672028 7.885073658709878 5.917149847205891 0.8868128321467772 2.3044887969938976 16.831738270435793 23.490682368330713 37.37927767235988 19.45626490040527 21.969281406884914 11.251348386742109 15.627800953469603 2.8564895742500775 5.826522340975077 22.459681189078964 10.296326051573354 14.10437179518576 4.4912588327850145 8.113562318206302 23.99178789850554 1.731061184971896 9.86415022845252 5.411737703842725 -4.062174545768719 -1.912685250279028 -5.4224632262419075 3.6312558034445352
12.565130260521041 13.31211704665801 4.430288233458715 7.905359011496564 5.937435199992578 0.9070981849334636 2.324774149780584 16.85202362322248 23.5109677211174 37.399563025146584 19.476550253191956 21.989566759671607 11.271633739528795 15.648086306256289 2.876774927036764 5.846807693761764 22.479966541865657 10.31661140436004 14.124657147972446 4.511544185571719 8.133847670993006 24.012073251292225 1.7513465377586002 9.884435581239206 5.432023056629429 -4.041889192982032 -1.8923998974923415 -5.402177873455203 3.6515411562312394
12.625250501002004 13.332337454275383 4.4505086410760875 7.925579419113937 5.957655607609951 0.9273185925508365 2.344994557397957 16.872244030839852 23.531188128734772 37.41978343276396 19.49677066080933 22.00978716728898 11.291854147146168 15.668306713873662 2.8969953346541546 5.8670281013791366 22.50018694948303 10.336831811977413 14.144877555589819 4.5317645931890915 8.15406807861038 24.032293658909598 1.771566945375973 9.904655988856579 5.452243464246802 -4.0216687853646595 -1.8721794898749686 -5.38195746583783 3.6717615638486123
12.685370741482965 13.352486486882 4.470657673682723 7.945728451720555 5.977804640216586 0.9474676251574543 2.3651435900045925 16.892393063446487 23.5513371613414 37.43993246537057 19.516919693415957 22.02993619989561 11.312003179752786 15.688455746480297 2.9171443672607724 5.887177133985772 22.520335982089648 10.356980844584031 14.165026588196437 4.551913625795709 8.174217111216997 24.052442691516227 1.7917159779825909 9.924805021463197 5.47239249685342 -4.001519752758042 -1.8520304572683508 -5.361808433231213 3.69191059645523
12.745490981963927 13.372568971942052 4.490740158742774 7.965810936780606 5.9978871252766375 0.9675501102175055 2.3852260750646437 16.91247554850654 23.571419646401452 37.46001495043063 19.53700217847601 22.05001868495566 11.332085664812837 15.708538231540349 2.9372268523208236 5.907259619045823 22.540418467149706 10.377063329644082 14.185109073256505 4.5719961108557605 8.194299596277048 24.072525176576278 1.811798463042642 9.944887506523266 5.492474981913471 -3.9814372676979906 -1.8319479722082996 -5.341725948171161 3.7119930815152813
12.80561122244489 13.392585046624799 4.510756233425521 7.985827011463353 6.017903199959385 0.9875661849002526 2.405242149747391 16.932491623189286 23.591435721084196 37.48003102511338 19.557018253158756 22.070034759638407 11.352101739495584 15.728554306223096 2.9572429270035707 5.92727569372857 22.560434541832457 10.39707940432683 14.205125147939253 4.592012185538508 8.214315670959795 24.09254125125902 1.8318145377253892 9.964903581206013 5.512491056596218 -3.9614211930152434 -1.8119318975255525 -5.321709873488414 3.7320091561980284
12.86573146292585 13.412534888742496 4.530706075543218 8.00577685358105 6.0378530420770815 1.0075160270179495 2.4251919918650877 16.952441465306983 23.611385563201893 37.499980867231066 19.576968095276452 22.089984601756104 11.372051581613281 15.748504148340793 2.9771927691212676 5.947225535846267 22.580384383950143 10.417029246444526 14.225074990056932 4.6119620276562046 8.234265513077492 24.11249109337672 1.851764379843086 9.984853423323692 5.532440898713915 -3.9414713508975465 -1.7919820554078556 -5.301760031370717 3.7519589983157253
12.925851703406813 13.43241878193382 4.550589968734542 8.025660746772374 6.057736935268405 1.0273999202092732 2.4450758850564114 16.972325358498306 23.63126945639322 37.51986476042239 19.596851988467776 22.109868494947428 11.391935474804605 15.768388041532116 2.9970766623125913 5.967109429037591 22.600268277141474 10.43691313963585 14.244958883248273 4.631845920847528 8.254149406268816 24.132374986568045 1.8716482730344097 10.004737316515033 5.552324791905239 -3.921587457706223 -1.772098162216532 -5.281876138179394 3.771842891507049
12.985971943887774 13.452237046071325 4.5704082328720474 8.04547901090988 6.077555199405893 1.0472181843467787 2.464894149193917 16.992143622635812 23.651087720530725 37.5396830245599 19.61667025260527 22.129686759084922 11.41175373894211 15.788206305669604 3.016894926450097 5.986927693175079 22.620086541278972 10.456731403773356 14.264777147385761 4.651664184985034 8.273967670406321 24.15219325070555 1.8914665371719153 10.024555580652521 5.572143056042744 -3.9017691935687173 -1.7522798980790264 -5.262057874041888 3.7916611556445545
13.046092184368737 13.471989984538606 4.590161171339311 8.06523194937716 6.097308137873174 1.06697112281406 2.4846470876611804 17.011896561103093 23.670840658997996 37.55943596302718 19.636423191072556 22.149439697552207 11.431506677409391 15.807959244136885 3.036647864917378 6.00668063164236 22.639839479746254 10.476484342240637 14.284530085853042 4.671417123452315 8.293720608873603 24.17194618917282 1.9112194756391965 10.044308519119802 5.5918959945100255 -3.882016255101436 -1.7325269596117452 -5.242304935574607 3.8114140941118357
13.1062124248497 13.491677883054756 4.609849069855478 8.08491984789331 6.116996036389342 1.0866590213302096 2.504334986177348 17.031584459619243 23.690528557514156 37.57912386154333 19.656111089588713 22.169127596068364 11.451194575925541 15.827647142653053 3.0563357634335278 6.0263685301585275 22.65952737826241 10.496172240756787 14.304217984369192 4.691105021968465 8.313408507389752 24.191634087688982 1.9309073741553462 10.06399641763597 5.611583893026175 -3.8623283565852864 -1.7128390610955955 -5.222617037058457 3.8311019926279855
13.16633266533066 13.511301077454654 4.629472264255359 8.104543042293209 6.136619230789222 1.1062822157301078 2.523958180577228 17.051207654019123 23.710151751914044 37.598747055943214 19.6757342839886 22.18875079046825 11.47081777032544 15.847270337052933 3.075958957833408 6.045991724558408 22.6791505726623 10.515795435156685 14.32384117876909 4.710728216368363 8.333031701789633 24.21125728208887 1.9505305685552443 10.08361961203585 5.631207087426073 -3.8427051621853883 -1.6932158666956973 -5.202993842658559 3.8507251870278836
13.226452905811623 13.530859907064965 4.64903109386567 8.12410187190352 6.156178060399533 1.1258410453404188 2.5435170101875393 17.070766483629434 23.729710581524355 37.61830588555353 19.69529311359891 22.208309620078563 11.49037659993575 15.866829166663244 3.095517787443719 6.065550554168719 22.698709402272613 10.535354264766996 14.343400008379401 4.730287045978674 8.352590531399962 24.23081611169918 1.9700893981655554 10.103178441646161 5.650765917036384 -3.823146332575077 -1.6736570370853863 -5.183435013048248 3.8702840166381947
13.286573146292584 13.550354697342168 4.668525884142891 8.143596662180723 6.175672850676754 1.1453358356176224 2.5630118004647606 17.090261273906656 23.749205371801565 37.637800675830746 19.714787903876125 22.227804410355777 11.509871390212954 15.886323956940466 3.1150125777209405 6.08504534444594 22.718204192549827 10.5548490550442 14.362894798656622 4.7497818362558775 8.372085321677165 24.25031090197639 1.989584188442759 10.122673231923383 5.670260707313588 -3.8036515422978736 -1.6541622468081827 -5.1639402227710445 3.8897788069153982
13.346693386773547 13.569785758641899 4.687956945442622 8.163027723480454 6.195103911976485 1.164766896917353 2.5824428617644912 17.109692335206386 23.7686364331013 37.65723173713048 19.734218965175856 22.247235471655507 11.529302451512685 15.905755018240196 3.134443639020671 6.104476405745671 22.737635253849554 10.574280116343948 14.382325859956353 4.769212897555608 8.391516382976896 24.269741963276125 2.0090152497424896 10.142104293223113 5.689691768613319 -3.784220480998143 -1.634731185508452 -5.144509161471314 3.909209868215129
13.40681362725451 13.589153406498173 4.707324593298896 8.182395371336746 6.214471559832759 1.184134544773645 2.6018105096207655 17.12905998306266 23.78800408095758 37.67659938498675 19.753586613032137 22.26660311951179 11.548670099368977 15.92512266609647 3.1538112868769455 6.123844053601945 22.75700290170583 10.593647764200222 14.401693507812627 4.788580545411882 8.41088403083317 24.289109611132407 2.0283828975987817 10.161471941079387 5.709059416469593 -3.764852833141851 -1.61536353765216 -5.125141513615022 3.928577516071421
13.46693386773547 13.60845797770807 4.726629164508793 8.201699942546625 6.2337761310426565 1.2034391159835245 2.6211150808306627 17.148364554272558 23.80730865216747 37.69590395619665 19.772891184242027 22.28590769072168 11.567974670578856 15.944427237306368 3.1731158580868426 6.143148624811842 22.776307472915725 10.612952335410101 14.420998079022525 4.8078851166217795 8.430188602043067 24.308414182342297 2.047687468808661 10.180776512289285 5.72836398767949 -3.7455482619319715 -1.5960589664422806 -5.105836942405142 3.9478820872813003
13.527054108216433 13.627699802815556 4.745870989616279 8.22094176765411 6.253017956150142 1.22268094109101 2.640356905938148 17.167606379380043 23.826550477274957 37.71514578130414 19.792133009349513 22.305149515829164 11.587216495686341 15.963669062413853 3.192357683194328 6.162390449919328 22.79554929802321 10.632194160517587 14.44023990413001 4.827126941729265 8.449430427150553 24.327656007449782 2.0669292939161465 10.20001833739677 5.747605812786976 -3.726306436824486 -1.5768171413347951 -5.086595117297657 3.967123912388786
13.587174348697394 13.646879200480981 4.765050387281704 8.240121165319536 6.2721973538155495 1.2418603387564353 2.6595363036035735 17.18678577704547 23.845729874940382 37.73432517896955 19.81131240701494 22.32432891349459 11.606395893351767 15.982848460079278 3.2115370808597534 6.181569847584753 22.81472869568863 10.651373558183012 14.459419301795418 4.84630633939469 8.468609824815978 24.346835405115208 2.086108691581572 10.219197735062178 5.766785210452401 -3.7071270391590607 -1.5576377436693698 -5.067415719632232 3.986303310054211
13.647294589178356 13.665996461811094 4.784167648611817 8.259238426649649 6.29131461514568 1.260977600086548 2.6786535649336862 17.20590303837558 23.86484713627049 37.75344244029967 19.83042966834505 22.343446174824702 11.62551315468188 16.00196572140939 3.230654342189866 6.200687108914866 22.833845957018752 10.670490819513143 14.478536563125548 4.865423600724803 8.48772708614609 24.365952666445317 2.1052259529116846 10.238314996392308 5.785902471782514 -3.688009777828948 -1.538520482339257 -5.048298458302119 4.005420571384324
13.707414829659317 13.685051920704527 4.803223107505232 8.278293885543082 6.310370074039096 1.2800330589799813 2.6977090238271018 17.224958497268997 23.883902595163917 37.77249789919309 19.849485127238477 22.36250163371813 11.644568613575313 16.021021180302807 3.2497098010832817 6.219742567808281 22.852901415912175 10.689546278406558 14.497592022018964 4.884479059618236 8.506782545039506 24.385008125338743 2.124281411805118 10.257370455285724 5.804957930675947 -3.6689543189355147 -1.5194650234458238 -5.029242999408686 4.024476030277757
13.76753507014028 13.70404590584334 4.822217092644063 8.297287870681895 6.3293640591779265 1.2990270441187945 2.7167030089659328 17.243952482407828 23.902896580302738 37.79149188433192 19.868479112377297 22.38149561885695 11.663562598714126 16.040015165441638 3.2687037862221127 6.238736552947112 22.871895401051 10.708540263545371 14.516586007157795 4.90347304475705 8.525776530178337 24.404002110477563 2.143275396943931 10.276364440424555 5.82395191581476 -3.6499603337967015 -1.5004710383070106 -5.010249014269872 4.04347001541657
13.827655310621243 13.722978732339879 4.841149919140584 8.316220697178434 6.348296885674447 1.3179598706153328 2.7356358354624533 17.262885308904348 23.92182940679927 37.81042471082844 19.88741193887383 22.40042844535348 11.682495425210664 16.058947991938158 3.287636612718633 6.257669379443633 22.890828227547516 10.72747309004191 14.535518833654315 4.922405871253588 8.544709356674858 24.422934936974094 2.1622082234404694 10.295297266921075 5.842884742311281 -3.631027507300163 -1.4815382118104723 -4.991316187773334 4.062402841913109
13.887775551102203 13.741850694007969 4.8600218808086915 8.335092658846524 6.367168847342537 1.3368318322834227 2.754507797130561 17.281757270572456 23.940701368467366 37.82929667249654 19.90628390054192 22.41930040702157 11.701367386878754 16.077819953606248 3.306508574386741 6.276541341111723 22.909700189215616 10.74634505171 14.554390795322405 4.941277832921678 8.563581318342965 24.44180689864219 2.1810801851085593 10.314169228589165 5.861756703979388 -3.6121555456320733 -1.4626662501423824 -4.972444226105244 4.0812748035811985
13.947895791583166 13.760662105631383 4.878833292432105 8.353904070469937 6.385980258965951 1.3556432439068367 2.773319208753975 17.30056868219587 23.959512780090783 37.84810808411995 19.92509531216534 22.43811181864498 11.720178798502168 16.09663136522968 3.3253199860101548 6.295352752735137 22.92851160083903 10.765156463333414 14.573202206945819 4.960089244545092 8.58239272996638 24.46061831026561 2.199891596731973 10.332980640212579 5.880568115602802 -3.5933441340086594 -1.4438548385189685 -4.95363281448183 4.1000862152046125
14.008016032064127 13.779413284547815 4.897584471348537 8.37265524938637 6.4047314378824005 1.3743944228232685 2.7920703876704067 17.3193198611123 23.978263959007215 37.866859263036396 19.94384649108177 22.456862997561423 11.7389299774186 16.11538254414611 3.3440711649265866 6.314103931651586 22.94726277975547 10.783907642249845 14.591953385862269 4.978840423461524 8.601143908882811 24.47936948918204 2.218642775648405 10.351731819129029 5.899319294519234 -3.5745929550922275 -1.4251036596025366 -4.934881635565398 4.118837394121044
14.06813627254509 13.798104545570524 4.916275732371229 8.391346510409079 6.423422698905092 1.3930856838459782 2.8107616486930986 17.33801112213501 23.996955220029914 37.88555052405909 19.96253775210447 22.475554258584122 11.75762123844131 16.134073805168804 3.3627624259492963 6.332795192674278 22.965954040778172 10.802598903272555 14.61064464688496 4.997531684484233 8.619835169905521 24.49806075020474 2.2373340366711147 10.37042308015172 5.918010555541944 -3.555901694069518 -1.406412398579827 -4.916190374542689 4.137528655143754
14.128256513026052 13.816736198190451 4.934907384991174 8.409978163029006 6.4420543515250195 1.4117173364659052 2.8293933013130435 17.35664277475494 24.01558687264985 37.90418217667902 19.981169404724408 22.494185911204053 11.776252891061237 16.15270545778875 3.3813940785692234 6.351426845294205 22.9845856933981 10.821230555892482 14.629276299504888 5.01616333710416 8.638466822525448 24.516692402824674 2.255965689291042 10.389054732771648 5.936642208161871 -3.537270041449591 -1.3877807459598999 -4.897558721922762 4.156160307763681
