web/models/kne/25/mosfit_kn_0.051209_0.0300_0.5000.dat
# %ECSV 1.0
# ---
# datatype:
# - {name: time, datatype: float64}
# - {name: PS1_g, datatype: float64}
# - {name: PS1_i, datatype: float64}
# - {name: PS1_r, datatype: float64}
# - {name: PS1_w, datatype: float64}
# - {name: PS1_y, datatype: float64}
# - {name: PS1_z, datatype: float64}
# - {name: swift_uvot_B, datatype: float64}
# - {name: swift_uvot_U, datatype: float64}
# - {name: swift_uvot_uvm2, datatype: float64}
# - {name: swift_uvot_uvw1, datatype: float64}
# - {name: swift_uvot_uvw2, datatype: float64}
# - {name: swift_uvot_V, datatype: float64}
# - {name: johnson_B, datatype: float64}
# - {name: johnson_I, datatype: float64}
# - {name: johnson_R, datatype: float64}
# - {name: johnson_U, datatype: float64}
# - {name: johnson_V, datatype: float64}
# - {name: sdss_g, datatype: float64}
# - {name: sdss_i, datatype: float64}
# - {name: sdss_r, datatype: float64}
# - {name: sdss_u, datatype: float64}
# - {name: sdss_z, datatype: float64}
# - {name: ATLAS_c, datatype: float64}
# - {name: ATLAS_o, datatype: float64}
# - {name: ukirt_H, datatype: float64}
# - {name: ukirt_J, datatype: float64}
# - {name: ukirt_K, datatype: float64}
# - {name: Clear, datatype: float64}
# meta: !!omap
# - comment: [kappa = 0.5, type = rprocess, mass = 0.051209162050732976, velocity = 0.030000000000000023, theta_obs = 0.0, tfloor = 1000.0]
# schema: astropy-2.0
time PS1_g PS1_i PS1_r PS1_w PS1_y PS1_z swift_uvot_B swift_uvot_U swift_uvot_uvm2 swift_uvot_uvw1 swift_uvot_uvw2 swift_uvot_V johnson_B johnson_I johnson_R johnson_U johnson_V sdss_g sdss_i sdss_r sdss_u sdss_z ATLAS_c ATLAS_o ukirt_H ukirt_J ukirt_K Clear
[from data line 29]
1.8036072144288577 -13.857258689170635 -13.699640718549961 -13.818447298363772 -13.81552658743244 -13.43884555524765 -13.557787801352301 -13.713044990935412 -14.65171852413281 -14.29485137879935 -14.455335124474757 -13.91940474694325 -13.8633221007657 -13.728703948950955 -14.077897502002063 -14.005382586598191 -14.446328489938224 -13.875481016719265 -13.85439205214027 -13.712223849809195 -13.820874477667822 -13.677574133259292 -13.531547790767391 -13.854976889107729 -13.786371154369021 -12.66312644001905 -13.118676540759571 -12.205381455539841 -13.76235859615834
1.8637274549098195 -13.887081698627846 -13.741420360134917 -13.855755582831968 -13.850804511105856 -13.484815977585498 -13.602163849396689 -13.739157843556146 -14.667617898533898 -14.283060034763423 -14.453784260989941 -13.901519616129864 -13.897185947862322 -13.755068895172297 -14.120861572014284 -14.043747202376863 -14.464216588971663 -13.909560016594645 -13.883165186980087 -13.753890888046243 -13.858174082628096 -13.694951196220106 -13.576317512869629 -13.88743325155545 -13.825445117605213 -12.714649481444125 -13.16766130860058 -12.25861356133242 -13.798599926826238
1.9238476953907815 -13.915285404147575 -13.78145023115934 -13.891361030342608 -13.884424002965154 -13.528993449636602 -13.644763286156465 -13.7636888015473 -14.682054844717474 -14.270181000605401 -14.451060978776304 -13.882727487271062 -13.929381074924045 -13.77985142088303 -14.162063992977007 -14.080399687192433 -14.480616713315452 -13.941969692280656 -13.910330460423843 -13.7938092920146 -13.893770232878495 -13.710844454491227 -13.619306954406252 -13.918247971116742 -13.86280102178647 -12.764321002503427 -13.214821977342977 -12.309974984517565 -13.833181998861992
1.9839679358717435 -13.941962898942553 -13.819833290005281 -13.925362940999708 -13.916482011389206 -13.571484382253711 -13.685691205224462 -13.786728027301713 -14.695110924037227 -14.256270216671702 -14.447228551909124 -13.863075894938554 -13.96000404703533 -13.803141833316882 -14.201608685143025 -14.115440156211047 -14.495612175634946 -13.972806737602726 -13.935980107773851 -13.832081928736777 -13.927762241043986 -13.725336851002634 -13.660621523909366 -13.947516115151775 -13.898539517003083 -12.812252114093832 -13.260267477923191 -12.359578337044306 -13.866202254782145
2.0440881763527052 -13.967190246208698 -13.8566571799943 -13.957844653624196 -13.947059321812425 -13.61238047631522 -13.725037760134509 -13.808348104787893 -14.706848674543824 -14.24136093675504 -14.442329190958691 -13.84258927913406 -13.98913495985352 -13.825012906284705 -14.239584426388642 -14.148952923134026 -14.509267537335113 -14.002151414654127 -13.96018918279065 -13.86879633376644 -13.960233454444442 -13.738492497433459 -13.700351748144772 -13.975316125450732 -13.932745560553883 -12.85854000701814 -13.304092463652244 -12.407522547719283 -13.897742151835217
2.1042084168336674 -13.991048166559423 -13.892009955292597 -13.988891503684755 -13.976239491398044 -13.651772355889875 -13.762892593781508 -13.828627582287336 -14.717340234984064 -14.225506041258281 -14.436421201018383 -13.821314154316692 -14.016857120483898 -13.845543293683104 -14.276079986085001 -14.18102392797324 -14.521656246811194 -14.030087124636717 -13.983037768730568 -13.904040493369632 -13.99126921847909 -13.750384569647522 -13.738587504340956 -14.001730182333603 -13.965505488194516 -12.903278815402109 -13.346389438605167 -12.453902875147056 -13.927885600765801
2.164328657314629 -14.013614271157593 -13.925974864208346 -14.0185846538591 -14.00410223235692 -13.689745244330389 -13.799340174864287 -13.847642416544723 -14.726656606763733 -14.208761346637363 -14.429564453422419 -13.799301046209823 -14.04325014561919 -13.864809026004451 -14.311179160482165 -14.21173479155134 -14.532850327764148 -14.056693550793893 -14.004602987651644 -13.9378976038536 -14.020950705783264 -13.761084888009325 -13.775413440262323 -14.02683699525534 -13.99690121880754 -12.946556477178353 -13.38724507618039 -12.498808133640614 -13.956712548386108
2.224448897795591 -14.034936434401466 -13.958611893427939 -14.046979575155216 -14.030700586748015 -13.726363383166902 -13.8344431226934 -13.865436799258799 -14.73483153124203 -14.191130816770915 -14.421772687890613 -13.77654595678122 -14.068366075975167 -13.882854517304647 -14.344943130520821 -14.241142026883129 -14.542885601335637 -14.082022926318592 -14.024931655683233 -13.970427538486874 -14.049333388786724 -13.770628785295713 -13.81089257050423 -14.050686998458985 -14.026989957272331 -12.988442958197338 -13.426726705896568 -12.542310084743507 -13.984276846083326
2.284569138276553 -14.055087265076303 -13.989996382302436 -14.074150604634479 -14.056108016446291 -13.76170306970403 -13.868277367120267 -13.882082570603782 -14.741934390620788 -14.172675671339569 -14.413108845562395 -13.753106729395967 -14.092278527009238 -13.899751628305793 -14.377447497677071 -14.269320179795752 -14.551831977161058 -14.10614888712235 -14.04409614657796 -14.001705611794684 -14.076491614104683 -13.779086085577728 -13.845100909743788 -14.073353283647592 -14.0558463812477 -13.029015910058115 -13.464911340165136 -12.584486831642925 -14.010651992338126
2.344689378757515 -14.074102683291905 -14.020176022847224 -14.100141038321947 -14.08036556837212 -13.795816139425394 -13.900893163732011 -13.897612052844323 -14.747987379007395 -14.153389529520467 -14.403576225957249 -13.72896983629808 -14.115027443317267 -13.915532908647638 -14.40874111888067 -14.296313569935439 -14.559713653758639 -14.129111573599163 -14.062131351098337 -14.031779405185407 -14.102468675588806 -13.786480504783416 -13.87808910044038 -14.094874292018886 -14.083515491647365 -13.068332731692072 -13.501853819554073 -12.625397511732535 -14.035879869592591
2.4048096192384767 -14.092039162304797 -14.049211277834388 -14.125009858822573 -14.103531248215688 -13.828764461854526 -13.932351843785682 -13.912080541042855 -14.753042287367322 -14.13331348418524 -14.39321890035167 -13.704172942777774 -14.136670705601368 -13.93025371170339 -14.438884847819946 -14.322181510672085 -14.566583141617084 -14.150968918250351 -14.07909339606828 -14.060709344381994 -14.127323560948764 -13.79286440600577 -13.909918602727434 -14.11530729025225 -14.110056817189331 -13.106457229656757 -13.537617049066311 -12.665106555515225 -14.060018670792953
2.464929859719439 -14.108932298783774 -14.077146463872818 -14.14879812426113 -14.12564445291963 -13.860595430769127 -13.96269962687402 -13.92552096839789 -14.757124542973106 -14.112451694950238 -14.382048217662877 -13.678714990337703 -14.157246888754102 -13.943947140711263 -14.467923865941163 -14.346965820739623 -14.57246735459676 -14.171759642250306 -14.095017116057456 -14.088539663924724 -14.1510973261585 -13.798264345722178 -13.940635924076172 -14.134689744898914 -14.13551268223113 -13.143440939856157 -13.572250658645897 -12.703666795233095 -14.083108413190288
2.5250501002004007 -14.124837956656968 -14.10403869572491 -14.171562493259664 -14.146761355241573 -13.891366605976323 -13.991993900658652 -13.937988863807053 -14.760288510021109 -14.090854272870942 -14.370114990327032 -13.65264420603561 -14.176812334241966 -13.956668727744152 -14.49591540777875 -14.370723249746533 -14.577420918064796 -14.191540091533701 -14.10995826832643 -14.115327467299412 -14.173846636152305 -13.802734916479675 -13.970298491079571 -14.153077718495908 -14.159939891095537 -13.17934207871964 -13.60581254992782 -12.741136674666736 -14.1052052478393
2.5851703406813624 -14.13977488885676 -14.129917912751502 -14.193328713832454 -14.166905762661841 -13.921111882212376 -14.020267051139719 -13.949499530299125 -14.762539921874307 -14.068500423829441 -14.357407922883958 -13.625934055284684 -14.195389574461725 -13.96843401200137 -14.522890527917049 -14.393480538196279 -14.581451439579187 -14.210333000162299 -14.123934626624326 -14.141102588035448 -14.195597230516164 -13.806283253691056 -13.998939062570681 -14.17049241794528 -14.18336584749035 -13.214199836560903 -13.638339484319387 -12.77755702791575 -14.126333862160045
2.6452905811623246 -14.153802828324782 -14.154841504853604 -14.214155066975493 -14.186136063692754 -13.949887828432264 -14.047575957159921 -13.960113480526097 -14.763941182226645 -14.04545658632529 -14.343991089524017 -13.598650851154556 -14.213037611051 -13.97930343184964 -14.548906378236907 -14.41529573846043 -14.584620990521532 -14.228197308162896 -14.137006132177419 -14.165922438754706 -14.216407399759596 -13.808971549833977 -14.026614437049147 -14.18699297920437 -14.205848443656173 -13.24806975832569 -13.669887460384318 -12.812983109776662 -14.146552326398076
2.7054108216432864 -14.16693591203968 -14.178834034963117 -14.23406220429765 -14.204471164015882 -13.977722701685948 -14.07394746628606 -13.9698416267881 -14.764494300585849 -14.02170021823807 -14.329850900295735 -13.570767052800722 -14.229774088762525 -13.989288126436858 -14.573988564150337 -14.436190433984752 -14.586933318043542 -14.245150853458826 -14.149186009119408 -14.18981148349113 -14.23629778550362 -13.810803107784011 -14.053351811536281 -14.202595845259776 -14.227409886349509 -13.280985044857497 -13.70048741304547 -12.847449652807812 -14.165880393573769
2.7655310621242486 -14.179205175742986 -14.20193090904716 -14.253083894144094 -14.221944018851733 -14.004653465803507 -14.099417946198276 -13.978713670804687 -14.764225210168096 -13.997246431369565 -14.315006134224308 -13.542295374895467 -14.245631528400803 -13.998417887051747 -14.598172929105441 -14.456198780050908 -14.588415102875924 -14.261226233484424 -14.160504911776215 -14.212805086791835 -14.255302153606522 -13.811804428421901 -14.079187700776838 -14.217332997067391 -14.248084586946774 -13.312984776284205 -13.730177446684076 -12.880996402733194 -14.184351336962031
2.8256513026052104 -14.190639681517858 -14.224165285915191 -14.271251758607075 -14.238585505378492 -14.030714743252002 -14.124021459004759 -13.98675742180145 -14.763158190503383 -13.972109388119915 -14.299474424183405 -13.51324784324833 -14.260640379860103 -14.006720608995828 -14.621493043140099 -14.47535276372924 -14.589091323340242 -14.276453971591392 -14.17099154465511 -14.23493636854868 -14.273452123161956 -13.812000320325062 -14.104156305492257 -14.231234388269627 -14.267904774121316 -13.344105564704199 -13.758993256280208 -12.913660596996104 -14.201996339299061
2.885771543086172 -14.201274365849894 -14.245573584588183 -14.288601662991134 -14.254431134499068 -14.055943491972727 -14.14779475449821 -13.994007380588062 -14.761326423130026 -13.946318048384509 -14.283285911620673 -13.483652344941714 -14.274836097576522 -14.01423081866636 -14.643985474503289 -14.493688378734088 -14.588995434649654 -14.290869544380163 -14.18068071593753 -14.256241733748976 -14.290783560121358 -13.811424183699668 -14.128294426249077 -14.24433525614063 -14.286906523606007 -13.374385133310243 -13.786972206404629 -12.945480209414695 -14.218850983360678
2.9458917835671343 -14.211113837664264 -14.26617047865129 -14.30514449188017 -14.269490269809655 -14.080357971232651 -14.170754722942931 -14.000465019417813 -14.758722835896627 -13.919842130196688 -14.266419193226536 -13.453474668764102 -14.288226637694585 -14.020950224537966 -14.6656659110693 -14.511217426581037 -14.588122016129816 -14.304481107867415 -14.189576152945005 -14.276735759822952 -14.30730733395528 -13.810070158167065 -14.151619295620161 -14.25664248434785 -14.305102252155937 -13.403846532937605 -13.814135156207177 -12.976479767536 -14.23492552219221
3.006012024048096 -14.220193875249976 -14.285991557567872 -14.320915906420968 -14.283798507546717 -14.103993722657773 -14.192936921094166 -14.00616619741773 -14.755383393467199 -13.892717266950982 -14.24890968072928 -13.42275027559037 -14.300847730974652 -14.02691467685527 -14.686569925883319 -14.527975549790082 -14.586507028097586 -14.31732438543923 -14.197713652108241 -14.296454037949555 -14.323059107461216 -13.807974219713799 -14.174166466155071 -14.268191786128241 -14.322527585541067 -13.432525291729503 -13.840517631528291 -13.006694809865989 -14.250255491829531
3.066132264529058 -14.228532655890973 -14.305059592690235 -14.335936945901082 -14.297376180911101 -14.12687516882551 -14.214365139236484 -14.011127666077378 -14.751320928682308 -13.864945404001222 -14.230763401989286 -13.39147939792872 -14.31271908183356 -14.032141036591653 -14.706720756422317 -14.543984209458724 -14.584164065550695 -14.329419173930125 -14.20511098899933 -14.315419295392733 -14.338059912487164 -13.80514976400125 -14.195959886690126 -14.279002376529295 -14.339204266019099 -13.460448063847908 -13.866145262342043 -13.036152684193192 -14.264861624813108
3.12625250501002 -14.236161044517264 -14.323405527976902 -14.350238523899588 -14.310254123916781 -14.149033302092278 -14.23507034815552 -14.015380282710456 -14.746566182532721 -13.836556430977382 -14.212010310705043 -13.359691794192038 -14.32387159138533 -14.036660161131035 -14.726149357957176 -14.559274327408335 -14.581123905167736 -14.34079637442755 -14.211799022901168 -14.333662475200928 -14.352340663044885 -13.801627569645056 -14.217030533432826 -14.289105123865706 -14.355163217013356 -13.487645953294185 -13.891049094147617 -13.064884541654214 -14.278774730048536
3.186372745490982 -14.243086454361347 -14.341043586853477 -14.363832292209544 -14.322443031724408 -14.170484790241655 -14.255068280820247 -14.018929330031444 -14.741118668545177 -13.807534218563053 -14.192640423009504 -13.327369168031765 -14.334314918472792 -14.040477502491132 -14.744870645949224 -14.573858186363744 -14.57738717048213 -14.35146578828675 -14.217784570703973 -14.351197735289869 -14.365912997702317 -13.797407958162218 -14.23739437478595 -14.29850900397673 -14.370417144299257 -13.514138906135019 -13.915247573565457 -13.092911338444713 -14.292006135157624
3.2464929859719436 -14.249327400141727 -14.357995161671475 -14.37673855314916 -14.33396280122361 -14.191252074940746 -14.274380975568146 -14.021792426821833 -14.734993549983422 -13.777887041793115 -14.172664666690924 -13.29451903666801 -14.344068523404331 -14.043610754075718 -14.762906308994694 -14.587756360016499 -14.572969501144126 -14.361446938290603 -14.223085895772574 -14.368046440080207 -14.378797212212309 -13.792506442166168 -14.257073551361898 -14.307233194890543 -14.384986801603752 -13.53995079743308 -13.93876391668872 -13.120257396993152 -14.3045760021635
3.306613226452906 -14.254899250104813 -14.374279014401683 -14.388974782166883 -14.344830455742432 -14.211355153790333 -14.293027955509245 -14.023983879623689 -14.72820225020616 -13.747618360123045 -14.152089652910131 -13.261144063898701 -14.353148884520845 -14.046074312275113 -14.780275458535563 -14.600986645215059 -14.567882876146633 -14.37075637791933 -14.227718069650859 -14.384227318571678 -14.391010773703652 -13.786934848928585 -14.276087706847242 -14.315293853919417 -14.398890199831964 -13.565103304013329 -13.96161903000811 -13.146944915375476 -14.316501678861133
