web/models/kne/25/mosfit_kn_0.002290_0.1553_3.6500.dat
# %ECSV 1.0
# ---
# datatype:
# - {name: time, datatype: float64}
# - {name: PS1_g, datatype: float64}
# - {name: PS1_i, datatype: float64}
# - {name: PS1_r, datatype: float64}
# - {name: PS1_w, datatype: float64}
# - {name: PS1_y, datatype: float64}
# - {name: PS1_z, datatype: float64}
# - {name: swift_uvot_B, datatype: float64}
# - {name: swift_uvot_U, datatype: float64}
# - {name: swift_uvot_uvm2, datatype: float64}
# - {name: swift_uvot_uvw1, datatype: float64}
# - {name: swift_uvot_uvw2, datatype: float64}
# - {name: swift_uvot_V, datatype: float64}
# - {name: johnson_B, datatype: float64}
# - {name: johnson_I, datatype: float64}
# - {name: johnson_R, datatype: float64}
# - {name: johnson_U, datatype: float64}
# - {name: johnson_V, datatype: float64}
# - {name: sdss_g, datatype: float64}
# - {name: sdss_i, datatype: float64}
# - {name: sdss_r, datatype: float64}
# - {name: sdss_u, datatype: float64}
# - {name: sdss_z, datatype: float64}
# - {name: ATLAS_c, datatype: float64}
# - {name: ATLAS_o, datatype: float64}
# - {name: ukirt_H, datatype: float64}
# - {name: ukirt_J, datatype: float64}
# - {name: ukirt_K, datatype: float64}
# - {name: Clear, datatype: float64}
# meta: !!omap
# - comment: [kappa = 3.65, type = rprocess, mass = 0.0022901433483143324, velocity = 0.15533333333333332, theta_obs = 0.0, tfloor = 1000.0]
# schema: astropy-2.0
time PS1_g PS1_i PS1_r PS1_w PS1_y PS1_z swift_uvot_B swift_uvot_U swift_uvot_uvm2 swift_uvot_uvw1 swift_uvot_uvw2 swift_uvot_V johnson_B johnson_I johnson_R johnson_U johnson_V sdss_g sdss_i sdss_r sdss_u sdss_z ATLAS_c ATLAS_o ukirt_H ukirt_J ukirt_K Clear
[from data line 204]
12.324649298597194 10.851340606243625 1.9695117930443473 5.444582571082197 3.4766587595782106 -1.5536782554809037 -0.13600229063378322 14.391247182808112 21.050191280703032 34.938786584732206 17.01577381277758 19.528790319257233 8.810857299114428 13.187309865841922 0.4159984866223967 3.3860312533473964 20.01919010145128 7.855834963945674 11.663880707558079 2.0507677451573336 5.673071230578621 21.551296810877858 -0.7094299026557849 7.423659140824839 2.971246616215044 -6.5026656333964 -4.353176337906708 -7.862954313869588 1.1907647158168544
12.384769539078157 10.863196854222483 1.981368041023206 5.456438819061038 3.4885150075570515 -1.5418220075020628 -0.12414604265492457 14.40310343078697 21.06204752868188 34.950642832711054 17.02763006075644 19.540646567236085 8.822713547093269 13.19916611382078 0.42785473460125534 3.3978875013262373 20.03104634943013 7.867691211924515 11.67573695553692 2.0626239931361923 5.68492747855748 21.563153058856706 -0.6975736546769262 7.43551538880368 2.983102864193903 -6.490809385417559 -4.341320089927867 -7.85109806589073 1.202620963795713
12.444889779559118 10.875016834678792 1.993188021479515 5.468258799517347 3.5003349880133605 -1.5300020270457537 -0.11232606219861552 14.41492341124328 21.07386750913819 34.96246281316736 17.03945004121275 19.5524665476924 8.834533527549578 13.21098609427709 0.4396747150575644 3.409707481782564 20.04286632988644 7.879511192380824 11.687556935993229 2.0744439735925013 5.696747459013789 21.574973039313015 -0.6857536742206172 7.447335369259989 2.994922844650212 -6.47898940496125 -4.329500109471558 -7.839278085434421 1.214440944252022
12.50501002004008 10.886801224535887 2.0049724113366096 5.4800431893744594 3.512119377870473 -1.5182176371886413 -0.1005416723415209 14.426707801100374 21.085651898995295 34.97424720302447 17.051234431069844 19.564250937549495 8.84631791740669 13.222770484134184 0.451459104914659 3.4214918716396587 20.05465071974354 7.8912955822379365 11.699341325850341 2.086228363449596 5.708531848870884 21.58675742917012 -0.6739692843635225 7.459119759117101 3.0067072345073065 -6.467205015104137 -4.317715719614446 -7.827493695577326 1.2262253341091345
12.565130260521041 10.89855067876309 2.016721865563813 5.491792643601645 3.5238688320976586 -1.5064681829614557 -0.08879221811431748 14.438457255327577 21.097401353222487 34.98599665725166 17.062983885297047 19.57600039177669 8.858067371633876 13.23451993836137 0.46320855914186243 3.4332413258668444 20.066400173970738 7.903045036465122 11.711090780077527 2.0979778176767994 5.720281303098087 21.598506883397313 -0.6622198301363191 7.470869213344287 3.01845668873451 -6.455455560876952 -4.30596626538726 -7.815744241350123 1.2379747883363201
12.625250501002004 10.910268124014184 2.028439310814907 5.503510088852739 3.5355862773487523 -1.494750737710362 -0.07707477286322373 14.450174700578671 21.10911879847358 34.997714102502755 17.07470133054814 19.587717837027792 8.86978481688497 13.246237383612481 0.4749260043929562 3.444958771117956 20.078117619221832 7.914762481716216 11.72280822532862 2.109695262927893 5.731998748349181 21.610224328648407 -0.6505023848852254 7.48258665859538 3.0301741339856036 -6.443738115625858 -4.294248820136167 -7.804026796099029 1.2496922335874139
12.685370741482965 10.921948570036317 2.04011975683704 5.51519053487489 3.547266723370903 -1.483070291688211 -0.06539432684109059 14.461855146600804 21.120799244495725 35.009394548524895 17.086381776570274 19.599398283049933 8.88146526290712 13.257917829634614 0.4866064504150893 3.456639217140089 20.089798065243976 7.926442927738367 11.734488671350771 2.121375708950044 5.743679194371314 21.62190477467055 -0.6388219388630745 7.494267104617531 3.041854580007737 -6.432057669603707 -4.282568374114016 -7.792346350076878 1.2613726796095648
12.745490981963927 10.933596475941982 2.051767662742705 5.526838440780555 3.5589146292765683 -1.471422385782546 -0.053746420935425476 14.47350305250647 21.13244715040139 35.021042454430564 17.09802968247594 19.6110461889556 8.893113168812786 13.26956573554028 0.49825435632075443 3.468287123045754 20.101445971149637 7.938090833644032 11.746136577256436 2.133023614855709 5.755327100276979 21.633552680576216 -0.6271740329574094 7.505915010523196 3.053502485913402 -6.420409763698042 -4.270920468208351 -7.780698444171213 1.27302058551523
12.80561122244489 10.945212212095772 2.0633833988964767 5.5384541769343265 3.57053036543034 -1.4598066496287743 -0.04213068478165383 14.485118788660241 21.14406288655516 35.032658190584336 17.10964541862971 19.622661925109373 8.904728904966557 13.281181471694051 0.5098700924745261 3.479902859199526 20.11306170730341 7.9497065697978035 11.757752313410208 2.1446393510094808 5.766942836430751 21.645168416729987 -0.6155582968036377 7.517530746676968 3.0651182220671735 -6.40879402754427 -4.259304732054579 -7.769082708017441 1.2846363216690015
12.86573146292585 10.95679625068831 2.0749674374890326 5.550038215526865 3.582114404022878 -1.4482226110362362 -0.03054664618909797 14.496702827252797 21.155646925147707 35.04424222917688 17.121229457222267 19.634245963701918 8.916312943559095 13.292765510286607 0.5214541310670819 3.4914868977920817 20.124645745895958 7.961290608390342 11.769336352002746 2.156223389602019 5.7785268750233065 21.656752455322533 -0.6039742582110996 7.529114785269506 3.0767022606597294 -6.397209988951732 -4.247720693462041 -7.757498669424903 1.2962203602615396
12.925851703406813 10.968349093387726 2.0865202801884486 5.561591058226281 3.593667246722294 -1.4366697683368201 -0.018993803489681937 14.508255669952213 21.167199767847123 35.0557950718763 17.132782299921683 19.645798806401327 8.927865786258511 13.304318352986023 0.533006973766498 3.50303974049148 20.136198588595374 7.972843451089758 11.780889194702162 2.167776232301435 5.790079717722723 21.66830529802195 -0.5924214155116836 7.540667627968922 3.0882551033591454 -6.385657146252316 -4.236167850762625 -7.745945826725487 1.3077732029609557
12.985971943887774 10.979871255716862 2.098042442517567 5.573113220555417 3.6051894090514303 -1.425147606007684 -0.007471641160563536 14.519777832281349 21.17872193017626 35.06731723420543 17.14430446225082 19.657320968730463 8.939387948587648 13.315840515315141 0.5445291360956341 3.514561902820616 20.14772075092451 7.984365613418894 11.792411357031298 2.179298394630571 5.801601880051859 21.679827460351085 -0.5808992531825474 7.552189790298058 3.0997772656882816 -6.37413498392318 -4.224645688433489 -7.734423664396351 1.3192953652900918
13.046092184368737 10.991363280141435 2.109534466942158 5.584605244980008 3.616681433476021 -1.4136555815830931 0.004020383264027316 14.531269856705922 21.190213954600843 35.07880925863002 17.155796486675392 19.668812993155044 8.95087997301222 13.327332539739732 0.5560211605202072 3.526053927245207 20.15921277534909 7.995857637843485 11.80390338145589 2.190790419055144 5.813093904476432 21.69131948477567 -0.5694072287579743 7.563681814722649 3.1112692901128547 -6.362642959498589 -4.213153664008898 -7.722931639971778 1.330787389714665
13.1062124248497 11.002825698605214 2.120996885405919 5.596067663443769 3.6281438519397824 -1.4021931631193318 0.015482801727788598 14.542732275169683 21.201676373064604 35.090271677093774 17.167258905139153 19.680275411618812 8.962342391476 13.338794958203493 0.5674835789839685 3.5375163457089682 20.170675193812855 8.007320056307245 11.81536579991965 2.202252837518923 5.824556322940193 21.70278190323943 -0.5579448102941953 7.5751442331864105 3.1227317085766337 -6.351180541034828 -4.2016912455451365 -7.711469221507999 1.342249808178444
13.16633266533066 11.014259037127037 2.1324302239277593 5.607501001965609 3.6395771904616225 -1.3907598245974917 0.02691614024962874 14.554165613691524 21.213109711586444 35.101705015615615 17.178692243660993 19.691708750140645 8.97377572999784 13.350228296725334 0.5789169175058086 3.5489496842308084 20.182108532334695 8.018753394829085 11.82679913844149 2.2136861760407456 5.835989661462033 21.71421524176127 -0.5465114717723729 7.586577571708251 3.134165047098456 -6.339747202512988 -4.190257907023296 -7.700035882986176 1.3536831467002663
13.226452905811623 11.025663783408302 2.1438349702090242 5.618905748246856 3.6509819367428697 -1.3793550783162445 0.038320886530893716 14.565570359972789 21.2245144578677 35.11310976189687 17.19009698994226 19.70311349642191 8.985180476279087 13.361633043006599 0.5903216637870736 3.5603544305120733 20.19351327861595 8.030158141110332 11.838203884722738 2.2250909223220106 5.847394407743298 21.725619988042524 -0.5351067254911079 7.597982317989498 3.145569793379721 -6.3283424562317405 -4.178853160742049 -7.688631136704911 1.3650878929815313
13.286573146292584 11.037040448629991 2.155211635430714 5.630282413468546 3.6623586019645593 -1.367978413094555 0.04969755175258328 14.576947025194478 21.235891123089388 35.12448642711856 17.201473655163948 19.714490161643592 8.996557141500777 13.373009708228288 0.6016983290087632 3.571731095733763 20.20488994383764 8.041534806332022 11.849580549944427 2.2364675875437 5.858771072964988 21.736996653264214 -0.5237300602694184 7.609358983211187 3.1569464586014107 -6.316965791010051 -4.16747649552036 -7.677254471483222 1.376464558203221
13.346693386773547 11.04838951920664 2.1665607060073633 5.641631484045195 3.6737076725412265 -1.3566293425179055 0.06104662232923275 14.588296095771128 21.247240193666038 35.13583549769522 17.212822725740597 19.72583923222025 9.007906212077426 13.384358778804938 0.6130473995854127 3.5830801663104124 20.2162390144143 8.052883876908671 11.860929620521095 2.2478166581203496 5.870120143541637 21.748345723840863 -0.5123809896927689 7.620708053787855 3.16829552917806 -6.3056167204334015 -4.15612742494371 -7.665905400906572 1.3878136287798704
13.40681362725451 11.059711485686137 2.1778826724868416 5.6529534505246914 3.685029639020705 -1.3453073760384093 0.07236858880871111 14.599618062250606 21.258562160145527 35.147157464174704 17.224144692220094 19.737161198699734 9.019228178556922 13.395680745284416 0.6243693660649088 3.5944021327898907 20.227560980893784 8.064205843388168 11.872251587000573 2.2591386245998457 5.881442110021133 21.759667690320352 -0.5010590232132728 7.632030020267333 3.1796174956575562 -6.294294753953905 -4.144805458464214 -7.654583434427076 1.3991355952593665
13.46693386773547 11.071006793632847 2.18917798043357 5.66424875847142 3.696324946967433 -1.334012068091699 0.08366389675543928 14.610913370197334 21.269857468092255 35.15845277212143 17.235440000166804 19.748456506646455 9.030523486503633 13.406976053231144 0.6356646740116192 3.605697440736619 20.238856288840502 8.075501151334896 11.883546894947301 2.270433932546556 5.892737417967844 21.77096299826708 -0.48976371526656237 7.643325328214061 3.1909128036042667 -6.282999446007177 -4.133510150517486 -7.643288126480366 1.410430903206077
13.527054108216433 11.08227590131829 2.200447088119013 5.675517866156863 3.7075940546528763 -1.322742960406238 0.09493300444088248 14.622182477882777 21.281126575777698 35.16972187980687 17.246709107852247 19.7597256143319 9.041792594189076 13.418245160916587 0.6469337816970624 3.616966548422062 20.250125396525945 8.086770259020339 11.894816002632744 2.2817030402319993 5.904006525653287 21.782232105952524 -0.47849460758111917 7.654594435899504 3.20218191128971 -6.271730338321734 -4.122241042832043 -7.632019018794923 1.42170001089152
13.587174348697394 11.093519250479265 2.2116904372799695 5.686761215317819 3.7188374038138328 -1.3114996112452815 0.10617635360183897 14.633425827043752 21.29236992493866 35.180965228967835 17.25795245701322 19.770968963492866 9.05303594335005 13.429488510077544 0.6581771308580366 3.6282098975830186 20.261368745686912 8.098013608181295 11.9060593517937 2.2929463893929736 5.915249874814261 21.793475455113487 -0.4672512584201449 7.665837785060461 3.213425260450684 -6.2604869891607775 -4.110997693671086 -7.620775669633948 1.4329433600524943
13.647294589178356 11.104737281763217 2.222908468563922 5.697979246601772 3.7300554350977855 -1.3002815799613288 0.11739438488579168 14.644643858327704 21.303587956222607 35.19218326025179 17.269170488297174 19.78218699477682 9.064253974634003 13.440706541361497 0.6693951621419894 3.6394279288669713 20.272586776970865 8.109231639465248 11.917277383077653 2.3041644206769263 5.926467906098214 21.804693486397433 -0.4560332271361922 7.677055816344414 3.224643291734637 -6.249268957876825 -4.099779662387133 -7.609557638349996 1.444161391336447
13.707414829659317 11.11593041284543 2.234101599646152 5.709172377683984 3.7412485661799977 -1.2890884488791166 0.12858751596802165 14.655836989409917 21.31478108730483 35.203376391334 17.280363619379386 19.793380125859027 9.075447105716215 13.451899672443727 0.6805882932242016 3.6506210599491835 20.283779908053077 8.12042477054746 11.928470514159866 2.3153575517591385 5.937661037180426 21.815886617479656 -0.44484009605398 7.688248947426626 3.235836422816849 -6.238075826794613 -4.088586531304921 -7.5983645072677835 1.4553545224186593
13.76753507014028 11.127099040274366 2.245270227075089 5.720341005112921 3.7524171936089523 -1.2779198214501797 0.13975614339695852 14.667005616838853 21.325949714733767 35.21454501876294 17.291532246808323 19.804548753287975 9.086615733145152 13.463068299872663 0.6917569206531384 3.661789687378138 20.294948535482014 8.131593397976397 11.939639141588803 2.3265261791880754 5.948829664609363 21.827055244908593 -0.43367146862504313 7.699417574855563 3.247005050245786 -6.226907199365676 -4.077417903875984 -7.587195879838847 1.4665231498475961
13.827655310621243 11.138243571777178 2.2564147585778827 5.7314855366157325 3.763561725111746 -1.2667752899473683 0.15090067489975212 14.678150148341647 21.337094246236568 35.22568955026574 17.302676778311117 19.81569328479078 9.097760264647963 13.474212831375457 0.702901452155932 3.6729342188809317 20.306093066984825 8.142737929479209 11.950783673091614 2.3376707106908867 5.959974196112157 21.838199776411393 -0.42252693712223177 7.710562106358374 3.2581495817485973 -6.215762667862864 -4.066273372373173 -7.576051348336035 1.4776676813504075
13.887775551102203 11.149364394518226 2.267535581318949 5.742606359356781 3.7746825478528123 -1.2556544672063197 0.16202149764081852 14.689270971082713 21.348215068977623 35.2368103730068 17.313797601052183 19.826814107531835 9.108881087389012 13.485333654116523 0.7140222748969984 3.684055041621998 20.317213889725885 8.153858752220257 11.96190449583268 2.3487915334319354 5.971095018853223 21.84932059915245 -0.41140611438118313 7.72168292909944 3.269270404489646 -6.204641845121816 -4.055152549632124 -7.564930525594987 1.4887885040914561
13.947895791583166 11.160461898079603 2.278633084880326 5.753703862918176 3.7857800514141893 -1.244556963644925 0.17311900120219548 14.70036847464409 21.35931257253901 35.247907876568185 17.32489510461356 19.83791161109321 9.119978590950407 13.4964311576779 0.7251197784583754 3.695152545183375 20.328311393287258 8.164956255781652 11.973001999394057 2.3598890369933123 5.9821925224146 21.860418102713837 -0.4003086108198062 7.732780432660817 3.280367908051023 -6.193544341560421 -4.04405504607073 -7.55383302203361 1.499886007652833
14.008016032064127 11.17153643355035 2.289707620351056 5.764778398388906 3.796854586884919 -1.2334824281741952 0.18419353667292526 14.71144301011482 21.37038710800974 35.25898241203891 17.33596964008429 19.84898614656395 9.131053126421136 13.50750569314863 0.7361943139291052 3.706227080654105 20.33938592875799 8.176030791252382 11.984076534864787 2.37096357246406 5.99326705788533 21.871492638184566 -0.38923407534905863 7.743854968131547 3.2914424435217526 -6.182469806089691 -4.0329805106 -7.542758486562862 1.5109605431235806
