web/models/kne/25/mosfit_kn_0.004263_0.4530_3.6500.dat
# %ECSV 1.0
# ---
# datatype:
# - {name: time, datatype: float64}
# - {name: PS1_g, datatype: float64}
# - {name: PS1_i, datatype: float64}
# - {name: PS1_r, datatype: float64}
# - {name: PS1_w, datatype: float64}
# - {name: PS1_y, datatype: float64}
# - {name: PS1_z, datatype: float64}
# - {name: swift_uvot_B, datatype: float64}
# - {name: swift_uvot_U, datatype: float64}
# - {name: swift_uvot_uvm2, datatype: float64}
# - {name: swift_uvot_uvw1, datatype: float64}
# - {name: swift_uvot_uvw2, datatype: float64}
# - {name: swift_uvot_V, datatype: float64}
# - {name: johnson_B, datatype: float64}
# - {name: johnson_I, datatype: float64}
# - {name: johnson_R, datatype: float64}
# - {name: johnson_U, datatype: float64}
# - {name: johnson_V, datatype: float64}
# - {name: sdss_g, datatype: float64}
# - {name: sdss_i, datatype: float64}
# - {name: sdss_r, datatype: float64}
# - {name: sdss_u, datatype: float64}
# - {name: sdss_z, datatype: float64}
# - {name: ATLAS_c, datatype: float64}
# - {name: ATLAS_o, datatype: float64}
# - {name: ukirt_H, datatype: float64}
# - {name: ukirt_J, datatype: float64}
# - {name: ukirt_K, datatype: float64}
# - {name: Clear, datatype: float64}
# meta: !!omap
# - comment: [kappa = 3.65, type = rprocess, mass = 0.004263435211354371, velocity = 0.45299999999999996, theta_obs = 0.0, tfloor = 1000.0]
# schema: astropy-2.0
time PS1_g PS1_i PS1_r PS1_w PS1_y PS1_z swift_uvot_B swift_uvot_U swift_uvot_uvm2 swift_uvot_uvw1 swift_uvot_uvw2 swift_uvot_V johnson_B johnson_I johnson_R johnson_U johnson_V sdss_g sdss_i sdss_r sdss_u sdss_z ATLAS_c ATLAS_o ukirt_H ukirt_J ukirt_K Clear
[from data line 324]
19.539078156312623 14.369824522311596 5.487995709112319 8.96306648715015 6.995142675646164 1.96480566058705 3.3824816254341883 17.909731098876083 24.568675196770997 38.45727050080017 20.534257728845553 23.047274235325204 12.329341215182382 16.705793781909893 3.934482402690368 6.904515169415368 23.537674017519244 11.374318880013627 15.182364623626032 5.569251661225305 9.191555146646593 25.069780726945822 2.8090540134121866 10.942143056892792 6.489730532283016 -2.984181717328446 -0.8346924218387551 -4.344470397801617 4.709248631884826
19.599198396793586 14.384018316652813 5.502189503453518 8.977260281491368 7.009336469987382 1.9789994549282675 3.396675419775388 17.923924893217283 24.582868991112203 38.471464295141374 20.54845152318676 23.06146802966641 12.343535009523599 16.719987576251093 3.948676197031568 6.9187089637565675 23.551867811860454 11.388512674354844 15.19655841796725 5.5834454555665225 9.205748940987792 25.08397452128703 2.823247807753404 10.95633685123401 6.503924326624233 -2.9699879229872286 -0.8204986274975378 -4.330276603460399 4.723442426226043
19.65931863727455 14.398176051184528 5.516347237985251 8.991418016023083 7.023494204519096 1.993157189459982 3.41083315430712 17.938082627749015 24.59702672564393 38.4856220296731 20.562609257718485 23.075625764198126 12.357692744055313 16.734145310782825 3.9628339315633 6.932866698288282 23.566025546392176 11.402670408886559 15.210716152498964 5.597603190098237 9.219906675519525 25.098132255818754 2.8374055422851185 10.970494585765724 6.518082061155948 -2.955830188455514 -0.8063408929658232 -4.316118868928685 4.737600160757758
19.71943887775551 14.412297887913823 5.530469074714546 9.005539852752378 7.037616041248409 2.007279026189277 3.424954991036415 17.95220446447831 24.611148562373224 38.49974386640239 20.57673109444778 23.08974760092743 12.371814580784608 16.74826714751212 3.976955768292595 6.946988535017595 23.58014738312147 11.416792245615854 15.22483798922826 5.611725026827532 9.23402851224882 25.11225409254805 2.8515273790144136 10.98461642249502 6.532203897885243 -2.941708351726219 -0.7922190562365282 -4.30199703219939 4.751721997487053
19.779559118236474 14.426383988490663 5.544555175291386 9.019625953329218 7.051702141825231 2.021365126766117 3.439041091613255 17.96629056505515 24.625234662950064 38.51382996697924 20.59081719502462 23.10383370150427 12.385900681361449 16.76235324808896 3.991041868869435 6.961074635594435 23.59423348369831 11.430878346192694 15.2389240898051 5.625811127404372 9.24811461282566 25.12634019312489 2.8656134795912536 10.99870252307186 6.546289998462083 -2.927622251149379 -0.7781329556596882 -4.28791093162255 4.765808098063893
19.839679358717433 14.440434512612477 5.558605699413199 9.03367647745105 7.065752665947063 2.0354156508879484 3.453091615735069 17.980341089176964 24.639285187071884 38.52788049110106 20.604867719146444 23.117884225626096 12.39995120548328 16.776403772210774 4.005092392991249 6.9751251597162485 23.60828400782013 11.444928870314525 15.25297461392693 5.639861651526186 9.262165136947473 25.14039071724671 2.879664003713067 11.01275304719369 6.560340522583896 -2.9135717270275476 -0.7640824315378568 -4.273860407500736 4.779858622185724
19.899799599198396 14.454449618621918 5.572620805422641 9.047691583460473 7.079767771956504 2.0494307568973724 3.4671067217445106 17.994356195186406 24.653300293081315 38.541895597110496 20.618882825155875 23.131899331635527 12.413966311492704 16.790418878220216 4.0191074990006905 6.98914026572569 23.622299113829577 11.458943976323967 15.266989719936372 5.6538767575356275 9.276180242956915 25.15440582325614 2.893679109722509 11.026768153203133 6.574355628593338 -2.899556621018106 -0.7500673255284328 -4.2598453014912945 4.793873728195148
19.95991983967936 14.468429468858961 5.586600655659684 9.061671433697533 7.093747622193547 2.0634106071344327 3.481086571981553 18.008336045423448 24.66728014331837 38.55587544734754 20.632862675392925 23.145879181872576 12.427946161729764 16.804398728457258 4.033087349237733 7.003120115962733 23.63627896406662 11.47292382656101 15.280969570173415 5.667856607772688 9.290160093193958 25.168385673493194 2.9076589599595692 11.040748003440175 6.5883354788303805 -2.8855767707810633 -0.7360874752913725 -4.245865451254234 4.8078535784322085
20.02004008016032 14.482374218179128 5.600545404979851 9.075616183017683 7.107692371513714 2.077355356454582 3.4950313213017203 18.022280794743615 24.681224892638525 38.5698201966677 20.646807424713085 23.159823931192737 12.441890911049914 16.818343477777425 4.0470320985579 7.0170648652829 23.650223713386787 11.486868575881159 15.294914319493564 5.681801357092837 9.304104842514125 25.18233042281335 2.9216037092797187 11.054692752760342 6.602280228150548 -2.871632021460914 -0.7221427259712231 -4.231920701934085 4.821798327752358
20.080160320641284 14.496284022979626 5.614455209780331 9.089525987818181 7.121602176314195 2.0912651612550803 3.5089411261022008 18.036190599544113 24.695134697439016 38.5837300014682 20.660717229513576 23.173733735993228 12.455800715850412 16.832253282577906 4.060941903358398 7.03097467008338 23.664133518187274 11.500778380681657 15.308824124294063 5.695711161893335 9.318014647314623 25.196240227613842 2.935513514080217 11.068602557560823 6.616190032951046 -2.8577222166604157 -0.7082329211707249 -4.218010897133587 4.835708132552856
20.140280561122243 14.510159042885284 5.628330229685989 9.10340100772384 7.135477196219853 2.1051401811607384 3.522816146007859 18.05006561944977 24.709009717344674 38.59760502137386 20.67459224941923 23.187608755898882 12.46967573575607 16.846128302483564 4.0748169232640565 7.0448496899890385 23.678008538092932 11.514653400587315 15.32269914419972 5.7095861817989935 9.331889667220281 25.2101152475195 2.949388533985875 11.08247757746648 6.630065052856704 -2.8438471967547576 -0.6943579012650668 -4.2041358772279285 4.849583152458514
20.200400801603205 14.523999427664602 5.642170614465325 9.117241392503157 7.149317580999188 2.1189805659400562 3.5366565307871944 18.06390600422909 24.722850102124 38.61144540615317 20.68843263419856 23.20144914067821 12.483516120535388 16.8599686872629 4.088657308043374 7.058690074768374 23.69184892287226 11.528493785366633 15.336539528979038 5.723426566578311 9.345730051999599 25.223955632298825 2.963228918765193 11.096317962245816 6.643905437636022 -2.83000681197544 -0.680517516485749 -4.190295492448611 4.863423537237832
20.260521042084168 14.537805335997973 5.655976522798678 9.131047300836528 7.163123489332541 2.132786474273427 3.5504624391205475 18.077711912562442 24.736656010457363 38.62525131448654 20.70223854253192 23.21525504901157 12.497322028868759 16.873774595596252 4.102463216376745 7.072495983101727 23.70565483120562 11.542299693700004 15.35034543731241 5.737232474911682 9.35953596033297 25.23776154063219 2.9770348270985636 11.11012387057917 6.657711345969393 -2.816200903642069 -0.6667116081523782 -4.17648958411524 4.877229445571203
20.32064128256513 14.551576919295801 5.669748106096524 9.144818884134374 7.176895072630387 2.146558057571273 3.5642340224183933 18.091483495860288 24.75042759375521 38.63902289778438 20.716010125829765 23.22902663230941 12.511093612166604 16.887546178894098 4.116234799674573 7.086267566399573 23.71942641450346 11.55607127699785 15.364117020610255 5.75100405820951 9.373307543630798 25.251533123930034 2.9908064103963916 11.123895453877015 6.671482929267221 -2.802429320344223 -0.6529400248545324 -4.162718000817412 4.891001028869031
20.38076152304609 14.565314330478287 5.68348551727901 9.15855629531686 7.190632483812873 2.1602954687537412 3.5779714336008794 18.105220907042774 24.764165004937688 38.65276030896687 20.729747537012244 23.242764043491896 12.524831023349073 16.901283590076584 4.129972210857059 7.100004977582059 23.733163825685942 11.569808688180336 15.377854431792741 5.764741469391996 9.387044954813284 25.265270535112514 3.004543821578878 11.137632865059501 6.685220340449707 -2.788691909161737 -0.639202613672064 -4.148980589634926 4.904738440051517
20.440881763527052 14.579017722409748 5.697188909210471 9.172259687248303 7.2043358757443166 2.1739988606852023 3.5916748255323405 18.118924298974235 24.777868396869145 38.66646370089832 20.743450928943705 23.25646743542335 12.538534415280534 16.914986982008045 4.14367560278852 7.113708369513502 23.746867217617396 11.58351208011178 15.391557823724185 5.778444861323457 9.400748346744745 25.27897392704397 3.018247213510339 11.151336256990945 6.698923732381168 -2.7749885172302937 -0.6254992217406029 -4.135277197703465 4.918441831982978
20.501002004008015 14.59268724599168 5.710858432792403 9.185929210830235 7.218005399326266 2.187668384267134 3.6053443491142723 18.132593822556167 24.791537920451077 38.68013322448026 20.757120452525637 23.27013695900529 12.552203938862466 16.928656505589977 4.157345126370452 7.127377893095452 23.76053674119934 11.597181603693729 15.405227347306134 5.792114384905389 9.414417870326677 25.292643450625903 3.0319167370922706 11.165005780572894 6.7125932559631 -2.761318993648344 -0.6118296981586712 -4.121607674121533 4.93211135556491
20.561122244488978 14.606323051059409 5.724494237860132 9.199565015897964 7.231641204393977 2.201304189334863 3.618980154182001 18.146229627623896 24.805173725518806 38.69376902954798 20.770756257593366 23.283772764073017 12.565839743930194 16.942292310657706 4.170980931438181 7.141013698163181 23.774172546267057 11.61081740876144 15.418863152373845 5.805750189973118 9.428053675394406 25.30627925569363 3.0455525421599994 11.178641585640605 6.726229061030828 -2.747683188580633 -0.5981938930909424 -4.107971869053804 4.945747160632639
20.62124248496994 14.61992528213738 5.738096468938103 9.213167246975935 7.245243435471966 2.2149064204128344 3.6325823852599726 18.159831858701867 24.81877595659678 38.707371260625955 20.784358488671337 23.29737499515099 12.579441975008166 16.955894541735677 4.1845831625161525 7.154615929241152 23.787774777345035 11.624419639839411 15.432465383451834 5.819352421051089 9.441655906472377 25.319881486771607 3.059154773237971 11.192243816718594 6.7398312921088 -2.7340809575026617 -0.5845916620129709 -4.0943696379758325 4.95934939171061
20.6813627254509 14.633494093733752 5.751665280534475 9.226736058572307 7.25881224706832 2.228475232009206 3.6461511968563443 18.17340067029824 24.832344768193153 38.72094007222233 20.7979273002677 23.31094380674735 12.593010786604538 16.96946335333203 4.198151974112524 7.168184740837506 23.8013435889414 11.637988451435783 15.446034195048188 5.832921232647461 9.455224718068749 25.33345029836798 3.0727235848343426 11.205812628314948 6.753400103705172 -2.72051214590629 -0.5710228504165992 -4.080800826379461 4.972918203306982
20.741482965931862 14.64702963020672 5.765200817007425 9.240271595045275 7.272347783541289 2.2420107684821744 3.659686733329295 18.18693620677119 24.84588030466611 38.73447560869529 20.81146283674067 23.32447934322032 12.606546323077506 16.982998889805 4.211687510585475 7.1817202773104745 23.814879125414368 11.651523987908751 15.459569731521157 5.846456769120429 9.468760254541717 25.346985834840936 3.086259121307311 11.219348164787917 6.76693564017814 -2.7069766094333216 -0.5574873139436308 -4.0672652899064925 4.98645373977995
20.801603206412825 14.660532042459344 5.778703229260067 9.253774007297917 7.28585019579393 2.255513180734816 3.6731891455819365 18.20043861902383 24.859382716918752 38.747978020947926 20.824965248993312 23.337981755472953 12.620048735330148 16.99650130205764 4.2251899228381165 7.195222689563116 23.828381537667 11.665026400161393 15.473072143773798 5.859959181373053 9.482262666794341 25.360488247093578 3.099761533559935 11.232850577040558 6.780438052430764 -2.69347419718068 -0.5439849016909891 -4.053762877653869 4.999956152032574
20.861723446893787 14.674001475872824 5.792172662673547 9.267243440711397 7.29931962920741 2.268982614148296 3.6866585789954165 18.21390805243731 24.872852150332232 38.7614474543614 20.83843468240679 23.35145118888644 12.633518168743628 17.00997073547112 4.238659356251596 7.208692122976596 23.841850971080483 11.678495833574873 15.486541577187278 5.873428614786551 9.495732100207821 25.373957680507058 3.1132309669734326 11.246320010454038 6.793907485844244 -2.6800047637672 -0.5305154682775092 -4.040293444240371 5.013425585446072
20.92184368737475 14.687438072672983 5.8056092594736874 9.280680037511537 7.312756226007551 2.2824192109484365 3.700095175795557 18.227344649237452 24.886288747132372 38.77488405116154 20.85187127920693 23.36488778568658 12.646954765543768 17.023407332271262 4.252095953051737 7.2221287197767365 23.855287567880623 11.691932430375013 15.499978173987419 5.8868652115866915 9.509168697007961 25.387394277307198 3.126667563773573 11.259756607254179 6.807344082644384 -2.6665681669670596 -0.5170788714773688 -4.02685684744023 5.026862182246212
20.98196392785571 14.700841975163232 5.819013161963955 9.294083940001787 7.326160128497818 2.2958231134386864 3.7134990782858246 18.24074855172772 24.89969264962263 38.7882879536518 20.86527518169719 23.37829168817684 12.660358668034018 17.03681123476153 4.2654998555420045 7.235532622267004 23.86869147037089 11.705336332865263 15.513382076477669 5.900269114076941 9.522572599498229 25.400798179797455 3.140071466263823 11.273160509744447 6.820747985134652 -2.6531642644768096 -0.5036749689871188 -4.0134529449499805 5.040266084736462
21.04208416833667 14.714213329647432 5.832384516448155 9.307455294486005 7.339531482982018 2.3091944679229037 3.726870432770024 18.25411990621192 24.91306400410684 38.80165930813601 20.878646536181396 23.39166304266104 12.673730022518235 17.05018258924573 4.278871210026204 7.248903976751204 23.88206282485509 11.71870768734948 15.526753430961886 5.913640468561141 9.535943953982429 25.414169534281665 3.1534428207480225 11.286531864228646 6.8341193396188515 -2.6397929099925923 -0.4903036145029015 -4.000081590465781 5.0536374392206795
21.102204408817634 14.72755228143443 5.845723468235136 9.320794246272985 7.352870434768999 2.3225334197098846 3.740209384557005 18.2674588579989 24.92640295589382 38.814998259922994 20.89198548796838 23.405001994448032 12.687068974305216 17.06352154103271 4.292210161813185 7.262242928538185 23.895401776642068 11.732046639136462 15.540092382748867 5.92697942034814 9.54928290576941 25.427508486068646 3.166781772535021 11.299870816015627 6.847458291405832 -2.6264539582056114 -0.47696466271592064 -3.986742638678782 5.06697639100766
21.162324649298597 14.740858968814017 5.8590301556147395 9.33410093365259 7.366177122148603 2.3358401070894885 3.753516071936609 18.280765545378504 24.939709643273424 38.8283049473026 20.905292175347984 23.418308681827636 12.70037566168482 17.076828228412314 4.305516849192789 7.275549615917789 23.90870846402167 11.745353326516065 15.55339907012847 5.940286107727726 9.562589593149013 25.44081517344825 3.1800884599146073 11.31317750339523 6.860764978785436 -2.6131472708260075 -0.4636579753363167 -3.9734359512991957 5.080283078387264
21.22244488977956 14.754137165660701 5.872308352461424 9.347379130499274 7.379455318995287 2.349118303936173 3.7667942687832934 18.29404374222519 24.95298784012011 38.84158314414928 20.918570372194658 23.43158687867431 12.713653858531487 17.090106425259 4.318795046039473 7.288827812764473 23.921986660868356 11.75863152336275 15.566677266975155 5.95356430457441 9.575867789995698 25.454093370294935 3.1933666567612917 11.326455700241915 6.874043175632121 -2.599869073979322 -0.4503797784896323 -3.9601577544525113 5.093561275233931
