web/models/kne/25/mosfit_kn_0.003466_0.5000_10.0000.dat
# %ECSV 1.0
# ---
# datatype:
# - {name: time, datatype: float64}
# - {name: PS1_g, datatype: float64}
# - {name: PS1_i, datatype: float64}
# - {name: PS1_r, datatype: float64}
# - {name: PS1_w, datatype: float64}
# - {name: PS1_y, datatype: float64}
# - {name: PS1_z, datatype: float64}
# - {name: swift_uvot_B, datatype: float64}
# - {name: swift_uvot_U, datatype: float64}
# - {name: swift_uvot_uvm2, datatype: float64}
# - {name: swift_uvot_uvw1, datatype: float64}
# - {name: swift_uvot_uvw2, datatype: float64}
# - {name: swift_uvot_V, datatype: float64}
# - {name: johnson_B, datatype: float64}
# - {name: johnson_I, datatype: float64}
# - {name: johnson_R, datatype: float64}
# - {name: johnson_U, datatype: float64}
# - {name: johnson_V, datatype: float64}
# - {name: sdss_g, datatype: float64}
# - {name: sdss_i, datatype: float64}
# - {name: sdss_r, datatype: float64}
# - {name: sdss_u, datatype: float64}
# - {name: sdss_z, datatype: float64}
# - {name: ATLAS_c, datatype: float64}
# - {name: ATLAS_o, datatype: float64}
# - {name: ukirt_H, datatype: float64}
# - {name: ukirt_J, datatype: float64}
# - {name: ukirt_K, datatype: float64}
# - {name: Clear, datatype: float64}
# meta: !!omap
# - comment: [kappa = 10.0, type = rprocess, mass = 0.003465724215782086, velocity = 0.5, theta_obs = 0.0, tfloor = 1000.0]
# schema: astropy-2.0
time PS1_g PS1_i PS1_r PS1_w PS1_y PS1_z swift_uvot_B swift_uvot_U swift_uvot_uvm2 swift_uvot_uvw1 swift_uvot_uvw2 swift_uvot_V johnson_B johnson_I johnson_R johnson_U johnson_V sdss_g sdss_i sdss_r sdss_u sdss_z ATLAS_c ATLAS_o ukirt_H ukirt_J ukirt_K Clear
[from data line 58]
3.5470941883767533 8.285740017677963 -0.5960887955213146 2.8789819825165175 0.9110581710125487 -4.119278844046583 -2.701602879199445 11.82564659424245 18.48459069213737 32.373185996166534 14.45017322421192 16.96318973069157 6.245256710548747 10.62170927727626 -2.149602101943265 0.8204306647817348 17.45358951288561 5.2902343753799945 9.098280118992399 -0.5148328434083282 3.1074706420129594 18.985696222312196 -3.2750304912214467 4.858058552259177 0.4056460276493823 -9.068266221962078 -6.918776926472388 -10.42855490243525 -1.3748358727488075
3.6072144288577155 8.371106829331385 -0.5107219838678922 2.96434879416994 0.9964249826659533 -4.033912032393161 -2.616236067546023 11.911013405895872 18.569957503790775 32.458552807819956 14.535540035865342 17.048556542344993 6.33062352220217 10.707076088929682 -2.064235290289843 0.9057974764351571 17.538956324539033 5.375601187033417 9.183646930645821 -0.42946603175490594 3.1928374536663817 19.0710630339656 -3.1896636795680244 4.943425363912581 0.4910128393028046 -8.982899410308656 -6.833410114818966 -10.343188090781828 -1.2894690610953852
3.6673346693386772 8.455298652287695 -0.42653016091158236 3.0485406171262497 1.0806168056222631 -3.949720209436851 -2.532044244589713 11.995205228852182 18.654149326747085 32.54274463077626 14.619731858821652 17.132748365301303 6.4148153451584795 10.791267911885992 -1.980043467333533 0.989989299391467 17.623148147495343 5.459793009989727 9.267838753602131 -0.34527420879859605 3.2770292766226916 19.15525485692191 -3.1054718566117145 5.027617186868891 0.5752046622591145 -8.898707587352346 -6.749218291862656 -10.258996267825518 -1.2052772381390753
3.727454909819639 8.53819222673767 -0.34363658646160644 3.1314341915762256 1.163510380072239 -3.866826634986875 -2.449150670139737 12.078098803302158 18.73704290119706 32.625638205226245 14.702625433271628 17.21564193975128 6.497708919608455 10.874161486335968 -1.897149892883557 1.0728828738414429 17.70604172194532 5.542686584439703 9.350732328052107 -0.26238063434862013 3.3599228510726675 19.238148431371886 -3.0225782821617386 5.110510761318867 0.6580982367090904 -8.81581401290237 -6.66632471741268 -10.176102693375542 -1.1223836636890994
3.787575150300601 8.619635308059692 -0.26219350513960293 3.212877272898247 1.2449534613942603 -3.785383553664854 -2.3677075888177335 12.159541884624161 18.818485982519082 32.70708128654825 14.784068514593631 17.297085021073283 6.579152000930477 10.955604567657971 -1.8157068115615536 1.1543259551634464 17.78748480326734 5.624129665761724 9.432175409374128 -0.18093755302659886 3.441365932394671 19.319591512693908 -2.9411352008397174 5.191953842640888 0.7395413180310939 -8.734370931580349 -6.584881636090659 -10.09465961205352 -1.040940582367078
3.847695390781563 8.699527504532227 -0.18230130866704997 3.292769469370782 1.3248456578668133 -3.7054913571923187 -2.2878153923451805 12.239434081096714 18.898378178991635 32.786973483020795 14.863960711066184 17.376977217545836 6.659044197403012 11.035496764130524 -1.7358146150890006 1.2342181516359993 17.867376999739875 5.704021862234259 9.512067605846664 -0.10104535655406366 3.521258128867224 19.39948370916646 -2.861243004367182 5.271846039113441 0.8194335145036469 -8.654478735107814 -6.504989439618123 -10.014767415580986 -0.9610483858945429
3.9078156312625247 8.777757333294929 -0.10407147990434851 3.3709992981334835 1.403075486629497 -3.6272615284296172 -2.209585563582479 12.317663909859416 18.97660800775432 32.865203311783496 14.942190539828886 17.455207046308537 6.737274026165713 11.113726592893226 -1.6575847863262991 1.3124479803987008 17.945606828502576 5.782251690996961 9.590297434609365 -0.0228155277913622 3.5994879576299255 19.477713537929144 -2.7830131756044807 5.350075867876125 0.8976633432663483 -8.576248906345112 -6.426759610855422 -9.936537586818284 -0.8828185571318414
3.967935871743487 8.8542377268163 -0.02759108638297647 3.4474796916548556 1.4795558801508868 -3.550781134908245 -2.133105170061107 12.394144303380788 19.05308840127571 32.94168370530488 15.018670933350258 17.53168743982991 6.813754419687085 11.190206986414598 -1.581104392804927 1.3889283739200728 18.02208722202395 5.858732084518333 9.666777828130755 0.053664865730009836 3.6759683511512975 19.554193931450534 -2.7065327820831087 5.426556261397515 0.9741437367877204 -8.49976851282374 -6.35027921733405 -9.860057193296912 -0.8063381636104694
4.028056112224449 8.92891048793917 0.047081674739892776 3.522152452777725 1.5542286412737383 -3.476108373785376 -2.0584324089382378 12.468817064503657 19.12776116239856 33.016356466427744 15.093343694473127 17.60636020095278 6.888427180809955 11.264879747537467 -1.5064316316820578 1.463601135042942 18.096759983146818 5.933404845641202 9.741450589253606 0.12833762685287908 3.7506411122741667 19.628866692573386 -2.6318600209602394 5.501229022520366 1.0488164979105896 -8.425095751700871 -6.275606456211181 -9.785384432174043 -0.7316654024876001
4.0881763527054105 9.001710164624495 0.11988135142521728 3.594952129463067 1.6270283179590805 -3.4033086971000337 -1.9856327322529133 12.541616741188982 19.200560839083902 33.08915614311307 15.166143371158451 17.679159877638103 6.961226857495297 11.337679424222792 -1.4336319549967333 1.5364008117282666 18.16955965983216 6.006204522326544 9.814250265938949 0.20113730353822135 3.8234407889594912 19.701666369258728 -2.559060344274897 5.574028699205709 1.1216161745959141 -8.352296075015529 -6.202806779525838 -9.7125847554887 -0.6588657258022579
4.148296593186372 9.072598718930376 0.19076990573108077 3.6658406837689306 1.697916872264944 -3.33242014279417 -1.9147441779470498 12.612505295494845 19.271449393389766 33.16004469741895 15.237031925464333 17.750048431943984 7.03211541180116 11.408567978528655 -1.3627434006908699 1.60728936603413 18.240448214138024 6.077093076632408 9.885138820244812 0.27202585784408484 3.8943293432653725 19.77255492356459 -2.4881717899690337 5.644917253511572 1.1925047289017954 -8.281407520709665 -6.131918225219975 -9.641696201182837 -0.5879771714963944
4.208416833667335 9.141553984254998 0.2597251710557025 3.7347959490935523 1.7668721375895657 -3.2634648774695485 -1.845788912622428 12.681460560819467 19.340404658714387 33.228999962743565 15.305987190788954 17.819003697268588 7.101070677125782 11.477523243853277 -1.2937881353662481 1.6762446313587518 18.309403479462645 6.146048341957029 9.954094085569434 0.34098112316870655 3.963284608589994 19.841510188889213 -2.419216524644412 5.713872518836194 1.261459994226417 -8.212452255385044 -6.062962959895353 -9.572740935858215 -0.5190219061717727
4.268537074148297 9.208577519402734 0.32674870620345686 3.801819484241289 1.8338956727373024 -3.196441342321812 -1.7787653774746737 12.748484095967221 19.40742819386213 33.296023497891305 15.373010725936691 17.886027232416343 7.168094212273519 11.544546779001013 -1.2267646002184938 1.7432681665064884 18.376427014610382 6.213071877104766 10.02111762071717 0.40800465831644317 4.030308143737731 19.90853372403695 -2.3521929894966753 5.7808960539839305 1.3284835293741537 -8.145428720237307 -5.9959394247476165 -9.505717400710479 -0.45199837102403606
4.328657314629258 9.273671122125524 0.39184230892624683 3.8669130869640966 1.89898927546011 -3.131347739599022 -1.7136717747518837 12.813577698690011 19.47252179658492 33.3611171006141 15.438104328659481 17.951120835139132 7.233187814996309 11.609640381723821 -1.1616709974957038 1.8083617692292961 18.441520617333172 6.278165479827574 10.086211223439978 0.47309826103923314 4.095401746460521 19.973627326759757 -2.2870993867738854 5.845989656706738 1.3935771320969437 -8.0803351175145 -5.930845822024827 -9.440623797987689 -0.3869047683012461
4.38877755511022 9.336863486532021 0.4550346733327437 3.9301054513705758 1.9621816398665892 -3.068155375192525 -1.6504794103453868 12.876770063096508 19.535714160991418 33.42430946502059 15.501296693065978 18.01431319954563 7.296380179402806 11.6728327461303 -1.098478633089207 1.8715541336357753 18.50471298173967 6.341357844234053 10.149403587846457 0.53629062544573 4.158594110867018 20.036819691166237 -2.2239070223673885 5.909182021113217 1.4567694965034406 -8.01714275310802 -5.86765345761833 -9.377431433581192 -0.3237124038947492
4.448897795591182 9.398203802845071 0.5163749896457936 3.9914457676836257 2.023521956179639 -3.006815058879475 -1.5891390940323369 12.938110379409558 19.597054477304468 33.48564978133364 15.562637009379028 18.07565351585868 7.3577204957158555 11.73417306244335 -1.037138316776157 1.9328944499488252 18.56605329805272 6.402698160547103 10.210743904159507 0.59763094175878 4.219934427180068 20.098160007479287 -2.1625667060543385 5.970522337426267 1.5181098128164905 -7.955802436794971 -5.80631314130528 -9.316091117268142 -0.2623720875816993
4.509018036072144 9.457716182693705 0.57588736949441 4.05095814753226 2.0830343360282733 -2.947302679030841 -1.5296267141837205 12.997622759258174 19.656566857153095 33.545162161182276 15.622149389227662 18.135165895707313 7.41723287556449 11.793685442291984 -0.9776259369275406 1.9924068297974593 18.625565677901353 6.462210540395737 10.270256284008141 0.6571433216074141 4.279446807028702 20.15767238732792 -2.1030543262057044 6.030034717274901 1.5776221926651246 -7.896290056946337 -5.746800761456646 -9.256578737419508 -0.20285970773306516
4.569138276553106 9.515469533769778 0.6336407205705008 4.108711498608333 2.140787687104364 -2.889549327954768 -1.4718733631076297 13.055376110334265 19.714320208229175 33.60291551225835 15.679902740303735 18.192919246783386 7.474986226640563 11.851438793368075 -0.9198725858514498 2.05016018087355 18.683319028977426 6.51996389147181 10.328009635084214 0.7148966726834871 4.337200158104775 20.215425738404 -2.0453009751296314 6.087788068350974 1.6353755437411976 -7.838536705870264 -5.689047410380573 -9.198825386343435 -0.14510635665699212
4.629258517034068 9.571533127608394 0.6897043144091164 4.164775092446966 2.1968512809429797 -2.8334857341161346 -1.4158097692690141 13.11143970417288 19.7703838020678 33.65897910609697 15.73596633414235 18.248982840622002 7.531049820479196 11.90750238720669 -0.8638089920128342 2.1062237747121655 18.73938262281606 6.576027485310443 10.384073228922848 0.7709602665221027 4.39326375194339 20.271489332242627 -1.9892373812910158 6.143851662189608 1.6914391375798132 -7.782473112031631 -5.632983816541939 -9.14276179250482 -0.08904276281835877
4.68937875751503 9.625979976965091 0.7441511637658138 4.219221941803646 2.2512981302996593 -2.779038884759455 -1.3613629199123167 13.165886553529578 19.82483065142449 33.713425955453665 15.790413183499048 18.3034296899787 7.585496669835876 11.961949236563388 -0.8093621426561368 2.160670624068863 18.79382947217274 6.630474334667123 10.438520078279527 0.8254071158788001 4.447710601300088 20.325936181599317 -1.9347905319343184 6.198298511546287 1.7458859869365106 -7.728026262674951 -5.57853696718526 -9.088314943148122 -0.03459591346167912
4.749498997995992 9.678886722833244 0.7970579096339669 4.272128687671817 2.30420487616783 -2.726132138891284 -1.3084561740441636 13.218793299397731 19.877737397292652 33.76633270132182 15.843319929367201 18.356336435846853 7.638403415704047 12.014855982431541 -0.7564553967879837 2.213577369937016 18.84673621804091 6.683381080535294 10.491426824147698 0.878313861746971 4.500617347168241 20.378842927467478 -1.8818837860661475 6.251205257414458 1.7987927328046638 -7.67511951680678 -5.525630221317089 -9.035408197279951 0.018310832406491784
4.809619238476953 9.730335984610132 0.8485071714108372 4.323577949448687 2.3556541379447005 -2.6746828771144138 -1.2570069122672933 13.270242561174602 19.929186659069522 33.817781963098696 15.894769191144071 18.407785697623723 7.689852677480917 12.066305244208412 -0.7050061350111134 2.2650266317138863 18.89818547981778 6.734830342312164 10.542876085924568 0.9297631235238413 4.552066608945111 20.430292189244348 -1.8304345242892772 6.302654519191329 1.8502419945815518 -7.62367025502991 -5.474180959540218 -8.98395893550308 0.06976009418336204
4.869739478957916 9.780406880584334 0.8985780673850563 4.373648845422888 2.4057250339189196 -2.6246119811402124 -1.2069360162930742 13.32031345714882 19.97925755504373 33.86785285907291 15.94484008711829 18.457856593597942 7.739923573455118 12.11637614018263 -0.6549352390368943 2.3150975276881054 18.94825637579198 6.784901238286365 10.592946981898788 0.9798340194980426 4.60213750491933 20.480363085218556 -1.7803636283150759 6.352725415165548 1.9003128905557531 -7.5735993590557085 -5.424110063566017 -8.93388803952888 0.11983099015756338
4.929859719438878 9.829182761323452 0.9473539481241744 4.422424726162006 2.45450091465802 -2.5758361004010943 -1.1581601355539561 13.369089337887939 20.028033435782852 33.91662873981202 15.993615967857409 18.50663247433705 7.788699454194236 12.165152020921731 -0.6061593582977762 2.3638734084272057 18.9970322565311 6.8336771190254835 10.641722862637888 1.0286099002371607 4.650913385658448 20.529138965957678 -1.7315877475759578 6.401501295904648 1.9490887712948712 -7.52482347831659 -5.375334182826899 -8.885112158789761 0.16860687089668147
4.98997995991984 9.87674785808327 0.9949190448839929 4.469989822921843 2.502066011417856 -2.528271003641258 -1.1105950387941377 13.416654434647757 20.075598532542678 33.96419383657185 16.041181064617227 18.55419757109689 7.8362645509540725 12.212717117681567 -0.5585942615379578 2.411438505187042 19.044597353290936 6.88124221578532 10.689287959397724 1.0761749969969792 4.698478482418267 20.576704062717504 -1.6840226508161393 6.449066392664484 1.9966538680546897 -7.477258381556754 -5.327769086067063 -8.837547062029943 0.2161719676565177
5.050100200400801 9.923177313733405 1.0413485005341272 4.516419278571959 2.5484954670679905 -2.4818415479911415 -1.0641655831440033 13.463083890297892 20.122027988192805 34.01062329222197 16.08761052026736 18.600627026747013 7.882694006604189 12.259146573331702 -0.5121648058878234 2.4578679608371763 19.091026808941052 6.927671671435436 10.73571741504784 1.1226044526471135 4.744907938068401 20.62313351836763 -1.637593195166005 6.495495848314619 2.043083323704824 -7.430828925906638 -5.281339630416946 -8.791117606379808 0.2626014233066343
5.110220440881763 9.968552127074961 1.0867233138756838 4.561794091913534 2.593870280409547 -2.436466734649567 -1.0187907698024468 13.508458703639448 20.16740280153437 34.05599810556354 16.132985333608918 18.646001840088577 7.928068819945763 12.304521386673258 -0.46678999254626685 2.503242774178733 19.136401622282627 6.973046484777011 10.781092228389415 1.16797926598867 4.790282751409958 20.668508331709194 -1.5922183818244307 6.540870661656175 2.0884581370463806 -7.385454112565063 -5.235964817075372 -8.745742793038252 0.3079762366482086
5.170340681362725 10.012945380748839 1.1311165675495616 4.606187345587394 2.638263534083407 -2.392073480975707 -0.974397516128569 13.552851957313326 20.21179605520824 34.10039135923741 16.177378587282796 18.690395093762447 7.9724620736196234 12.348914640347136 -0.42239673887238904 2.5476360278526107 19.180794875956487 7.017439738450871 10.825485482063275 1.2123725196625479 4.8346760050838355 20.712901585383065 -1.5478251281505706 6.585263915330035 2.1328513907202584 -7.341060858891203 -5.191571563401512 -8.701349539364374 0.35236949032206866
