web/models/kne/25/mosfit_kn_0.500000_0.0927_10.0000.dat
# %ECSV 1.0
# ---
# datatype:
# - {name: time, datatype: float64}
# - {name: PS1_g, datatype: float64}
# - {name: PS1_i, datatype: float64}
# - {name: PS1_r, datatype: float64}
# - {name: PS1_w, datatype: float64}
# - {name: PS1_y, datatype: float64}
# - {name: PS1_z, datatype: float64}
# - {name: swift_uvot_B, datatype: float64}
# - {name: swift_uvot_U, datatype: float64}
# - {name: swift_uvot_uvm2, datatype: float64}
# - {name: swift_uvot_uvw1, datatype: float64}
# - {name: swift_uvot_uvw2, datatype: float64}
# - {name: swift_uvot_V, datatype: float64}
# - {name: johnson_B, datatype: float64}
# - {name: johnson_I, datatype: float64}
# - {name: johnson_R, datatype: float64}
# - {name: johnson_U, datatype: float64}
# - {name: johnson_V, datatype: float64}
# - {name: sdss_g, datatype: float64}
# - {name: sdss_i, datatype: float64}
# - {name: sdss_r, datatype: float64}
# - {name: sdss_u, datatype: float64}
# - {name: sdss_z, datatype: float64}
# - {name: ATLAS_c, datatype: float64}
# - {name: ATLAS_o, datatype: float64}
# - {name: ukirt_H, datatype: float64}
# - {name: ukirt_J, datatype: float64}
# - {name: ukirt_K, datatype: float64}
# - {name: Clear, datatype: float64}
# meta: !!omap
# - comment: [kappa = 10.0, type = rprocess, mass = 0.5000000000045836, velocity = 0.09266666666666673, theta_obs = 0.0, tfloor = 1000.0]
# schema: astropy-2.0
time PS1_g PS1_i PS1_r PS1_w PS1_y PS1_z swift_uvot_B swift_uvot_U swift_uvot_uvm2 swift_uvot_uvw1 swift_uvot_uvw2 swift_uvot_V johnson_B johnson_I johnson_R johnson_U johnson_V sdss_g sdss_i sdss_r sdss_u sdss_z ATLAS_c ATLAS_o ukirt_H ukirt_J ukirt_K Clear
[from data line 114]
6.913827655310621 -7.0992689927916075 -10.974090612497296 -9.499513185474004 -9.842312617375697 -12.319889849435803 -11.807778085667024 -5.549664403277435 -3.2047339982737277 4.614395480479751 -1.9484450196427079 -0.044351028549168614 -8.194211369017445 -5.824451652854496 -11.82295205066768 -10.224048103241412 -3.5489883030095126 -8.406985926390592 -6.738886818355692 -10.94378224216987 -9.451053228034656 -2.5268102659664926 -11.969684881791256 -8.351796175820638 -10.329403691238408 -13.81498754064953 -13.237550923840507 -14.052198031657158 -10.556083276153228
6.973947895791583 -7.051961163206091 -10.948553095294606 -9.465179025103847 -9.813618468667187 -12.303701685599489 -11.787809818163595 -5.494014196079756 -3.1310722283942916 4.721768865312527 -1.8909943240733535 0.012641249901538476 -8.15163745043223 -5.771382142920171 -11.800264489695522 -10.193834567671828 -3.4780424299200985 -8.366342699825998 -6.689605551124114 -10.918001065867049 -9.416175020542461 -2.4540468147425187 -11.951061059656247 -8.313005307262014 -10.301137232391895 -13.812989015673887 -13.229061927325583 -14.054693087822708 -10.533212434000081
7.034068136272545 -7.010076249163646 -10.926593222174574 -9.435168158883869 -9.788789418711339 -12.290301436150965 -11.77094788268386 -5.444489078243207 -3.065055746991696 4.818573522317455 -1.8399122249322981 0.06333005853825258 -8.114077455998078 -5.724231442278004 -11.780915163385448 -10.167608198189743 -3.414511915492391 -8.33055905341986 -6.645914171299481 -10.895818217181557 -9.385663827225077 -2.3888489189809725 -11.935432818718201 -8.278927426565552 -10.276691416892199 -13.812587071951901 -13.222714289878732 -14.058409157995902 -10.51372359914037
7.0941883767535066 -6.959587399512408 -10.898802372883107 -9.398205928187746 -9.757753069797701 -12.272264586144352 -11.748965289369995 -5.3852910471033075 -2.987063708356814 4.931561447933174 -1.7790448032094015 0.123780218154256 -8.068506460969253 -5.667752788092212 -11.756100669884201 -10.134972468993936 -3.339352170878531 -8.287022472891541 -6.5933671088324886 -10.867773399133629 -9.348128857718958 -2.311785258501491 -11.914859348555051 -8.237345965491372 -10.246082244149086 -13.809370650166402 -13.212718533586932 -14.05988999478584 -10.488782824347709
7.154308617234468 -6.911455038069754 -10.872533852817803 -9.36310316341567 -9.7283812753839 -12.255394718644332 -11.728292392200395 -5.328763887301636 -2.9124256212639743 5.039831511687198 -1.7210130628598281 0.18144117133553594 -8.025102248319957 -5.613859683134098 -11.732701631714654 -10.104052647721026 -3.2674426880930274 -8.245588858028954 -6.543251835904655 -10.84126028465052 -9.312471607878727 -2.238037324526516 -11.89554755401712 -8.197807499769336 -10.21711262802464 -13.806789687787651 -13.203601216017587 -14.06183980635429 -10.465294778563212
7.214428857715431 -6.869700613285161 -10.850488417584714 -9.333094255504246 -9.703557562217657 -12.241824210620127 -11.71129175899651 -5.279437301701054 -2.846766681630779 5.135742152615223 -1.6704159192353525 0.23173038646776023 -7.987602474245279 -5.566919837144212 -11.713244969725924 -10.07782742153979 -3.2042437951951652 -8.20987468748635 -6.499709650985928 -10.81899439809968 -9.281960518995742 -2.1731773962400958 -11.879777045143403 -8.163811549030804 -10.192643767724867 -13.806110751085397 -13.197025000590779 -14.06525022774783 -10.445785124964697
7.274549098196393 -6.823698020602276 -10.825536026838769 -9.299636580785453 -9.675657717176982 -12.225926143729193 -11.691728155689862 -5.225342342302187 -2.7752212341068194 5.239529127270186 -1.61505244648346 0.2867926520240762 -7.946136253502758 -5.515386907077836 -11.691059712202343 -10.04842453703689 -3.1353262209245902 -8.1703252564656 -6.451797351353665 -10.793806594335464 -9.247964039857308 -2.1024818066538664 -11.86153059803793 -8.126107439243633 -10.16511500715282 -13.803992906173635 -13.188603240043404 -14.067505355858676 -10.423571595625969
7.3346693386773545 -6.774226708444644 -10.79819957349466 -9.26335673082285 -9.645243915630939 -12.208113493959658 -11.67005889656016 -5.167356260943726 -2.6988780182906424 5.34969833922984 -1.55582970697365 0.3457296245441168 -7.90142640718986 -5.460109206677121 -11.666635407354466 -10.016423604199957 -3.0617467885324534 -8.127641762834903 -6.4003176147660845 -10.766222644878951 -9.21111489962863 -2.027028359719587 -11.841250067186273 -8.085375529237595 -10.135082738931391 -13.800683093282425 -13.178658816552351 -14.068799739463527 -10.399148896108432
7.394789579158316 -6.7333281953342095 -10.776564354564506 -9.233938478258228 -9.62094876571566 -12.19476896850928 -11.65335626139095 -5.119043117297784 -2.634582982983442 5.443366869535599 -1.506520317081907 0.3948162472149943 -7.864664476009431 -5.41416504438374 -11.647536564626375 -9.990741851268982 -2.999857440484004 -8.092652326269947 -6.357670972136571 -10.74437207877665 -9.181198944881572 -1.9635044672334168 -11.825759091463954 -8.052093691539941 -10.111112511973221 -13.799970335316159 -13.172167307330154 -14.072098757795695 -10.380077406785482
7.454909819639278 -6.679901617270065 -10.746463191686981 -9.194413229414895 -9.587649237333373 -12.174709756979585 -11.629228554171345 -5.05663282273214 -2.5528128665924754 5.560624389327342 -1.4430019046457683 0.45809733183121226 -7.816237889118878 -5.354638182805175 -11.620509141818218 -9.955756851558164 -2.9210009081909694 -8.04638326321985 -6.302127313563393 -10.714010211409484 -9.14106822555583 -1.8826641786800558 -11.8031024048965 -8.00790360112682 -10.078197716566084 -13.795219427887202 -13.160413079617468 -14.072211643431467 -10.35311520332403
7.51503006012024 -6.637743856239204 -10.72387673814374 -9.163919620326375 -9.562398023047827 -12.160551529207915 -11.611654748145241 -5.006932592858187 -2.486862111949293 5.65628313334203 -1.3924537760088636 0.508473813199807 -7.778267928773304 -5.30736989847933 -11.600503837912399 -9.929086142922252 -2.8574953506361145 -8.010233112639325 -6.258192942693697 -10.6912050598336 -9.110064219203817 -1.8174903230697659 -11.786766125972648 -7.973507225304992 -10.053262078866307 -13.793916461969394 -13.153228935332047 -14.07499473456978 -10.333191558809158
7.575150300601202 -6.595579325380605 -10.701234586477195 -9.133390250971054 -9.537114767138455 -12.146318752999417 -11.594013230823261 -4.957240273331403 -2.4209539218648146 5.751763209391318 -1.341989099266811 0.5587923321185042 -7.74027398042912 -5.260114884107473 -11.580438296230515 -9.90238229155927 -2.794026764162283 -7.974063100192478 -6.214256009049279 -10.668344801764604 -9.079023575525014 -1.7523541487976857 -11.770362007633626 -7.939095026735519 -10.028287144357169 -13.792516501348294 -13.145957991991162 -14.077675188578825 -10.313231787769439
7.635270541082164 -6.543271936384123 -10.671727520954324 -9.0946718810636 -9.504544456048443 -12.126635825531178 -11.570347075189993 -4.896135895301966 -2.3409033631669196 5.8662726668448935 -1.280074279316565 0.6205682268184067 -7.692828960608485 -5.2018715119815475 -11.55394288164078 -9.868147176746824 -2.71682612861617 -7.928759254092321 -6.159878327443646 -10.638583067258729 -9.03970536912933 -1.6732015626412533 -11.748144771636717 -7.895854639697841 -9.996068886084952 -13.787833260891878 -13.134412346138793 -14.077763232772218 -10.286890433487645
7.695390781563126 -6.5062226178742755 -10.65242167689684 -9.068197879637498 -9.48287053077717 -12.114977276535601 -11.555587151705993 -4.852236792889012 -2.282254494453646 5.95167937195187 -1.2356118961039892 0.6649462430573796 -7.659557305188714 -5.160209654442788 -11.536982529308013 -9.845173589834967 -2.660395645590896 -7.89716208711521 -6.121217670421544 -10.61907908249232 -9.012762548379172 -1.615248805286491 -11.734515213886905 -7.865870993566126 -9.974663038626108 -13.78785662674163 -13.129091141584473 -14.08150391616452 -10.270072579483465
7.755511022044088 -6.452787797430037 -10.622056130307413 -9.028512875119876 -9.449446585722221 -12.094557031423445 -11.531132585355461 -4.789891177652584 -2.200724522430395 6.067922035561765 -1.1726209755760304 0.7278586275898715 -7.611025852789386 -5.100786905511189 -11.509668820579996 -9.810054722516341 -2.5817506657672884 -7.850818481672072 -6.0656875863436 -10.588455984171539 -8.972465369379847 -1.5346203990698726 -11.71153396590281 -7.821635156828659 -9.941580057613102 -13.782636345026498 -13.116916688419645 -14.081122243936564 -10.242973517259362
7.8156312625250495 -6.410270587953413 -10.598978596236197 -8.997582400515238 -9.423809678772752 -12.079862334645277 -11.513036517944748 -4.739860792368083 -2.1345216792398602 6.163308684111681 -1.1221222522095071 0.7783185727944866 -7.572633401917284 -5.0532318896188 -11.489165005523436 -9.782985195484663 -2.517979589779149 -7.814279103839945 -6.021404535824448 -10.565161476480647 -8.941016728259825 -1.46917425337044 -11.694682633881595 -7.786880519818542 -9.916223928116406 -13.780760278530034 -13.10917588953412 -14.083328314907389 -10.22267618694233
7.875751503006012 -6.36988908006451 -10.577289326240802 -8.968342350018563 -9.399674703809726 -12.06623552729333 -11.4961375884101 -4.692251258440666 -2.07135592581297 6.2544779606638174 -1.0741266310159854 0.8263005882707444 -7.536211937516229 -5.008013216442823 -11.469952251715931 -9.75746905555684 -2.457152720680551 -7.779647626865136 -5.979324883003301 -10.543263625480908 -8.91127644823385 -1.4067335325104402 -11.678983361422866 -7.753972466207859 -9.892353388810342 -13.779467918565354 -13.10224028153385 -14.085965256060982 -10.203683917007869
7.935871743486974 -6.3171672981817295 -10.547257029457349 -8.929144881872002 -9.366693649446436 -12.045992330830693 -11.471920539693574 -4.630750909582711 -1.9909653867439479 6.368783691067088 -1.0122412039072866 0.888200751244185 -7.488289018344585 -4.949429048684561 -11.442928365004985 -9.722806882889447 -2.3796020709490517 -7.733908244489435 -5.924541559207608 -10.512978211874238 -8.871469169249142 -1.3272197300443977 -11.656226176567 -7.710334529580365 -9.859686136307193 -13.774208174859302 -13.0901252776861 -14.085480461241618 -10.176956366687868
7.995991983967936 -6.281154439581549 -10.528412256423945 -8.903365482507866 -9.34563211886939 -12.034556328935171 -11.457476258478856 -4.5880922033416125 -1.9340079930473484 6.45134714274121 -0.9693513073525923 0.9311246087197103 -7.455901427456191 -4.908987114324933 -11.426361589150027 -9.700470102922171 -2.324794130156118 -7.703180694067748 -5.886968643682433 -10.493941968271194 -8.845226457046778 -1.2709233195448633 -11.64288918049186 -7.681203850735194 -9.838856896709753 -13.77411765967082 -13.084843927858001 -14.08900682637375 -10.160634596745108
8.056112224448897 -6.227363475875762 -10.497567375875168 -8.863252428207637 -9.31184367843045 -12.013616076939275 -11.43251334282029 -4.525414023663138 -1.8522116386774987 6.56729197419734 -0.9064440577918194 0.9941079798052468 -7.406948063798898 -4.849285528816786 -11.3985636171092 -9.664973064159412 -2.2458715312811894 -7.656456652044203 -5.831092337451214 -10.462841247951538 -8.804491614712138 -1.190007218722755 -11.61940981115361 -7.636623121890498 -9.805372122705851 -13.768352205772272 -13.072135612247846 -14.088080732699842 -10.13319184798041
8.11623246492986 -6.184508167842502 -10.474031113339137 -8.831913300384144 -9.285846092271335 -11.99842094158928 -11.413929693988063 -4.475072170916113 -1.7857671957119867 6.662420151161592 -0.85597940583181 1.0446640166606405 -7.368158835734271 -4.801461964683721 -11.377594625746987 -9.637533415284498 -2.1818474171188673 -7.6195537657885 -5.786481102877339 -10.439089650562945 -8.772626731561033 -1.124301101050662 -11.602078403023306 -7.601532627795606 -9.779624269521694 -13.765942843674582 -13.06387641401196 -14.089750365198269 -10.112546392668627
8.176352705410821 -6.141374643427984 -10.450263601947185 -8.800324249033586 -9.259626707578033 -11.983016737348784 -11.395127186775547 -4.424430164290164 -1.718977595576021 6.757901717380361 -0.8052778016637236 1.0954823021117979 -7.329095028274922 -4.753355555291602 -11.356402437804924 -9.609865356023228 -2.1174848105231026 -7.582389526699662 -5.741587194955589 -10.415106342059364 -8.74050858597439 -1.0582490989585835 -11.584534115038796 -7.5661922901177014 -9.753649876016155 -13.763364251642736 -13.055429751144752 -14.091264856495547 -10.091700818289677
8.236472945891784 -6.095638390223517 -10.424701524891589 -8.766614558187342 -9.231526749113215 -11.966168973924436 -11.374737665450851 -4.3708681503095645 -1.6485879004781088 6.858115183673285 -0.7517205363877362 1.149187842630909 -7.287591710841721 -4.702446855958392 -11.33352507640262 -9.580253103160771 -2.0496242479431293 -7.542874260756489 -5.6940168997884655 -10.38931952943182 -8.706245532748333 -0.9886251337769991 -11.56545844624274 -7.528584484477747 -9.72579953276064 -13.759886572997855 -13.045834889178954 -14.092055479872554 -10.06920811457178
8.296593186372744 -6.054361418632883 -10.402096594774974 -8.736468979999277 -9.206587626018532 -11.95163129634972 -11.35692046203145 -4.322344558858965 -1.584483923521631 6.9497626659439655 -0.703261425206509 1.1978085105759964 -7.250226517699983 -4.656389836587515 -11.313406703661634 -9.553911536863062 -1.9878618930552183 -7.507357479619576 -5.6510422716410424 -10.366506659636379 -8.67558580971103 -0.9252274961334983 -11.548860113270223 -7.494839802558602 -9.701086432088175 -13.757731807930076 -13.038014604021305 -14.093855187835443 -10.049467061213093
8.356713426853707 -6.003763000737727 -10.373176831954574 -8.6987947428144 -9.174975431811685 -11.932079923643624 -11.333559713548844 -4.263328411572412 -1.5073717739900159 7.058781464308319 -0.6443917606194378 1.256895100784782 -7.204162592619466 -4.6002504737142615 -11.287375981363194 -9.520667913458666 -1.9134694190512502 -7.463449730462146 -5.598472631532054 -10.337345551529218 -8.637312251649494 -0.8489325983360985 -11.526917934379153 -7.452997406686173 -9.669730721876366 -13.752567248258527 -13.026267697958305 -14.093286624936814 -10.02389993391322
8.41683366733467 -5.968062708745219 -10.354241075601482 -8.673089270703738 -9.15397045138393 -11.920390478820444 -11.318923104905103 -4.221115424206544 -1.4511597592217915 7.139614468920141 -0.6023442443022371 1.299132010848926 -7.171963662364996 -4.560271762301799 -11.270675913767693 -9.498399095210292 -1.8593613413247323 -7.432925685496891 -5.561247806342866 -10.318223216378328 -8.611141558437474 -0.7933505285395981 -11.513380865727836 -7.424076274916764 -9.648919786589829 -13.752010705290852 -13.02061757323665 -14.096287744095493 -10.007577056258121
8.47695390781563 -5.915225098456087 -10.323730015381525 -8.63356289929353 -9.120720972262966 -11.899531925843032 -11.294137855115842 -4.159600230009498 -1.3709942372309312 7.252497663839425 -0.5411192914203506 1.3606385155039793 -7.1237820007798485 -4.501745109408727 -11.243144355532142 -9.463463617806244 -1.781998841233421 -7.38698472151414 -5.506379669165948 -10.287463756558175 -8.570993249104415 -0.7140212119632317 -11.49006338468773 -7.38027766187578 -9.6159230123898 -13.74598844053853 -13.007807361358735 -14.095008161926897 -9.980572960155172
