web/models/kne/25/villar_0.0224_0.2337_10.0000.dat
# %ECSV 1.0
# ---
# datatype:
# - {name: time, datatype: float64}
# - {name: swift_uvot_uvw2, datatype: float64}
# - {name: swift_uvot_uvm2, datatype: float64}
# - {name: swift_uvot_uvw1, datatype: float64}
# - {name: swift_uvot_U, datatype: float64}
# - {name: swift_uvot_B, datatype: float64}
# - {name: swift_uvot_V, datatype: float64}
# - {name: swift_uvot_W, datatype: float64}
# - {name: johnson_U, datatype: float64}
# - {name: johnson_B, datatype: float64}
# - {name: johnson_V, datatype: float64}
# - {name: johnson_R, datatype: float64}
# - {name: johnson_I, datatype: float64}
# - {name: sdss_u, datatype: float64}
# - {name: sdss_g, datatype: float64}
# - {name: sdss_r, datatype: float64}
# - {name: sdss_i, datatype: float64}
# - {name: sdss_z, datatype: float64}
# - {name: PS1_g, datatype: float64}
# - {name: PS1_r, datatype: float64}
# - {name: PS1_i, datatype: float64}
# - {name: PS1_z, datatype: float64}
# - {name: PS1_Y, datatype: float64}
# - {name: PS1_w, datatype: float64}
# - {name: ATLAS_c, datatype: float64}
# - {name: ATLAS_o, datatype: float64}
# - {name: ukirt_J, datatype: float64}
# - {name: ukirt_H, datatype: float64}
# - {name: ukirt_K, datatype: float64}
# - {name: Clear, datatype: float64}
# meta: !!omap
# - comment: [kappa = 10.0, type = villar, mass = 0.022360679775100388, velocity = 0.2336666666666667, theta_obs = 0.0]
# schema: astropy-2.0
time swift_uvot_uvw2 swift_uvot_uvm2 swift_uvot_uvw1 swift_uvot_U swift_uvot_B swift_uvot_V swift_uvot_W johnson_U johnson_B johnson_V johnson_R johnson_I sdss_u sdss_g sdss_r sdss_i sdss_z PS1_g PS1_r PS1_i PS1_z PS1_Y PS1_w ATLAS_c ATLAS_o ukirt_J ukirt_H ukirt_K Clear
[from data line 359]
44.212178 40.847 43.707 41.263 39.205 37.549 36.397 38.296 38.904 37.506 36.353 35.56 35.049 39.01 37.084 35.888 35.33 34.996 36.842 35.851 35.301 35.021 34.835 35.855 36.462 35.604 34.716 34.751 34.971 35.836
45.549345 43.925 46.785 44.341 42.283 40.627 39.474 41.374 41.982 40.583 39.431 38.638 38.126 42.088 40.162 38.966 38.408 38.074 39.92 38.929 38.379 38.099 37.913 38.933 39.539 38.682 37.794 37.828 38.049 38.914
46.926954 47.192 50.052 47.607 45.55 43.894 42.741 44.641 45.249 43.85 42.697 41.905 41.393 45.355 43.429 42.233 41.675 41.341 43.187 42.195 41.646 41.366 41.18 42.2 42.806 41.949 41.061 41.095 41.316 42.181
48.346227 50.659 53.519 51.075 49.017 47.361 46.209 48.109 48.716 47.318 46.165 45.372 44.861 48.822 46.896 45.7 45.142 44.808 46.654 45.663 45.113 44.834 44.647 45.668 46.274 45.416 44.528 44.563 44.783 45.648
49.808426 54.34 57.2 54.755 52.698 51.042 49.889 51.789 52.397 50.998 49.845 49.053 48.541 52.503 50.577 49.381 48.822 48.488 50.335 49.343 48.794 48.514 48.327 49.348 49.954 49.097 48.208 48.243 48.464 49.329
51.314848 58.246 61.106 58.661 56.604 54.948 53.795 55.695 56.303 54.904 53.752 52.959 52.447 56.409 54.483 53.287 52.729 52.395 54.241 53.249 52.7 52.42 52.234 53.254 53.86 53.003 52.115 52.149 52.37 53.235
52.86683 62.392 65.252 62.808 60.75 59.094 57.942 59.841 60.449 59.051 57.898 57.105 56.593 60.555 58.629 57.433 56.875 56.541 58.387 57.396 56.846 56.566 56.38 57.4 58.007 57.149 56.261 56.296 56.516 57.381
54.465752 66.793 69.653 67.208 65.151 63.495 62.342 64.242 64.85 63.451 62.299 61.506 60.994 64.956 63.03 61.834 61.276 60.942 62.788 61.796 61.247 60.967 60.781 61.801 62.407 61.55 60.662 60.696 60.917 61.782
56.113031 71.464 74.324 71.879 69.822 68.166 67.013 68.913 69.521 68.122 66.97 66.177 65.665 69.627 67.701 66.505 65.947 65.613 67.459 66.467 65.918 65.638 65.452 66.472 67.078 66.221 65.333 65.367 65.588 66.453
57.810132 76.422 79.282 76.837 74.78 73.124 71.971 73.871 74.479 73.08 71.927 71.135 70.623 74.585 72.659 71.463 70.905 70.57 72.417 71.425 70.876 70.596 70.41 71.43 72.036 71.179 70.291 70.325 70.546 71.411
59.55856 81.684 84.544 82.099 80.042 78.386 77.233 79.133 79.741 78.342 77.19 76.397 75.885 79.847 77.921 76.725 76.167 75.833 77.679 76.687 76.138 75.858 75.672 76.692 77.298 76.441 75.553 75.587 75.808 76.673
61.359868 87.269 90.129 87.685 85.628 83.972 82.819 84.719 85.326 83.928 82.775 81.982 81.471 85.432 83.506 82.31 81.752 81.418 83.264 82.273 81.723 81.444 81.257 82.278 82.884 82.026 81.138 81.173 81.393 82.258
63.215655 93.198 96.058 93.613 91.556 89.9 88.747 90.647 91.255 89.856 88.703 87.911 87.399 91.361 89.435 88.239 87.68 87.346 89.193 88.201 87.652 87.372 87.186 88.206 88.812 87.955 87.066 87.101 87.322 88.187
65.127569 99.49 102.35 99.905 97.848 96.192 95.039 96.939 97.547 96.148 94.996 94.203 93.691 97.653 95.727 94.531 93.973 93.639 95.485 94.493 93.944 93.664 93.478 94.498 95.104 94.247 93.359 93.393 93.614 94.479
67.097308 106.169 109.029 106.584 104.527 102.871 101.718 103.618 104.226 102.827 101.674 100.882 100.37 104.332 102.406 101.21 100.652 100.317 102.164 101.172 100.623 100.343 100.157 101.177 101.783 100.926 100.038 100.072 100.293 101.158
69.126621 113.258 116.118 113.673 111.616 109.96 108.807 110.707 111.314 109.916 108.763 107.97 107.459 111.421 109.495 108.298 107.74 107.406 109.252 108.261 107.712 107.432 107.245 108.266 108.872 108.015 107.126 107.161 107.382 108.247
71.217308 120.782 123.642 121.197 119.14 117.484 116.331 118.231 118.839 117.44 116.287 115.495 114.983 118.945 117.019 115.823 115.264 114.93 116.777 115.785 115.236 114.956 114.769 115.79 116.396 115.539 114.65 114.685 114.906 115.771
73.371227 128.768 131.628 129.183 127.126 125.47 124.317 126.217 126.825 125.426 124.273 123.481 122.969 126.931 125.005 123.809 123.25 122.916 124.763 123.771 123.222 122.942 122.756 123.776 124.382 123.525 122.637 122.671 122.892 123.757
75.59029 137.244 140.104 137.66 135.602 133.946 132.794 134.693 135.301 133.903 132.75 131.957 131.445 135.407 133.481 132.285 131.727 131.393 133.239 132.248 131.698 131.418 131.232 132.252 132.859 132.001 131.113 131.148 131.368 132.233
77.876467 146.241 149.101 146.657 144.599 142.943 141.791 143.69 144.298 142.899 141.747 140.954 140.442 144.404 142.478 141.282 140.724 140.39 142.236 141.245 140.695 140.415 140.229 141.249 141.855 140.998 140.11 140.144 140.365 141.23
80.231787 155.791 158.65 156.206 154.149 152.493 151.34 153.24 153.847 152.449 151.296 150.503 149.992 153.954 152.028 150.831 150.273 149.939 151.785 150.794 150.245 149.965 149.778 150.799 151.405 150.548 149.659 149.694 149.915 150.779
82.658343 165.926 168.786 166.342 164.284 162.628 161.476 163.375 163.983 162.585 161.432 160.639 160.128 164.089 162.163 160.967 160.409 160.075 161.921 160.93 160.38 160.1 159.914 160.934 161.541 160.683 159.795 159.83 160.05 160.915
85.158288 176.684 179.544 177.1 175.043 173.386 172.234 174.134 174.741 173.343 172.19 171.397 170.886 174.847 172.921 171.725 171.167 170.833 172.679 171.688 171.138 170.859 170.672 171.693 172.299 171.441 170.553 170.588 170.808 171.673
87.733843 188.103 190.963 188.519 186.461 184.805 183.652 185.552 186.16 184.761 183.609 182.816 182.304 186.266 184.34 183.144 182.586 182.252 184.098 183.107 182.557 182.277 182.091 183.111 183.717 182.86 181.972 182.006 182.227 183.092
90.387293 200.223 203.083 200.638 198.581 196.925 195.772 197.672 198.28 196.881 195.728 194.936 194.424 198.386 196.46 195.264 194.706 194.372 196.218 195.226 194.677 194.397 194.211 195.231 195.837 194.98 194.092 194.126 194.347 195.212
93.120995 213.087 215.947 213.502 211.445 209.789 208.636 210.536 211.144 209.745 208.593 207.8 207.288 211.25 209.324 208.128 207.57 207.236 209.082 208.09 207.541 207.261 207.075 208.095 208.701 207.844 206.956 206.99 207.211 208.076
95.937376 226.741 229.601 227.156 225.099 223.443 222.29 224.19 224.798 223.399 222.246 221.454 220.942 224.904 222.978 221.782 221.224 220.89 222.736 221.744 221.195 220.915 220.729 221.749 222.355 221.498 220.61 220.644 220.865 221.73
98.838937 241.233 244.093 241.649 239.591 237.935 236.783 238.682 239.29 237.892 236.739 235.946 235.435 239.396 237.47 236.274 235.716 235.382 237.228 236.237 235.687 235.407 235.221 236.241 236.848 235.99 235.102 235.137 235.357 236.222
101.828253 256.615 259.475 257.031 254.974 253.318 252.165 254.065 254.672 253.274 252.121 251.328 250.817 254.779 252.852 251.656 251.098 250.764 252.61 251.619 251.07 250.79 250.603 251.624 252.23 251.373 250.484 250.519 250.74 251.604
104.907979 272.942 275.802 273.358 271.3 269.644 268.492 270.391 270.999 269.601 268.448 267.655 267.144 271.105 269.179 267.983 267.425 267.091 268.937 267.946 267.396 267.116 266.93 267.95 268.557 267.699 266.811 266.846 267.066 267.931
108.080849 290.271 293.131 290.687 288.63 286.974 285.821 287.721 288.328 286.93 285.777 284.984 284.473 288.435 286.508 285.312 284.754 284.42 286.266 285.275 284.726 284.446 284.259 285.28 285.886 285.028 284.14 284.175 284.396 285.26
111.349681 308.665 311.525 309.08 307.023 305.367 304.214 306.114 306.722 305.323 304.17 303.378 302.866 306.828 304.902 303.706 303.148 302.813 304.66 303.668 303.119 302.839 302.653 303.673 304.279 303.422 302.534 302.568 302.789 303.654
114.717376 328.188 331.047 328.603 326.546 324.89 323.737 325.637 326.244 324.846 323.693 322.9 322.389 326.351 324.425 323.228 322.67 322.336 324.182 323.191 322.642 322.362 322.175 323.196 323.802 322.945 322.056 322.091 322.312 323.176
118.186925 348.909 351.769 349.324 347.267 345.611 344.458 346.358 346.966 345.567 344.415 343.622 343.11 347.072 345.146 343.95 343.392 343.058 344.904 343.912 343.363 343.083 342.897 343.917 344.523 343.666 342.778 342.812 343.033 343.898
121.761408 370.903 373.763 371.318 369.261 367.605 366.452 368.352 368.96 367.561 366.408 365.616 365.104 369.066 367.14 365.944 365.386 365.052 366.898 365.906 365.357 365.077 364.891 365.911 366.517 365.66 364.772 364.806 365.027 365.892
125.443999 394.247 397.107 394.663 392.605 390.949 389.797 391.696 392.304 390.906 389.753 388.96 388.449 392.41 390.484 389.288 388.73 388.396 390.242 389.251 388.701 388.421 388.235 389.255 389.862 389.004 388.116 388.151 388.371 389.236
129.237967 419.025 421.885 419.441 417.383 415.727 414.574 416.474 417.082 415.683 414.531 413.738 413.226 417.188 415.262 414.066 413.508 413.174 415.02 414.029 413.479 413.199 413.013 414.033 414.639 413.782 412.894 412.928 413.149 414.014
133.146681 445.324 448.184 445.74 443.682 442.026 440.874 442.774 443.381 441.983 440.83 440.037 439.526 443.487 441.561 440.365 439.807 439.473 441.319 440.328 439.778 439.499 439.312 440.333 440.939 440.081 439.193 439.228 439.448 440.313
137.173612 473.238 476.098 473.654 471.597 469.941 468.788 470.688 471.295 469.897 468.744 467.951 467.44 471.402 469.475 468.279 467.721 467.387 469.233 468.242 467.693 467.413 467.226 468.247 468.853 467.995 467.107 467.142 467.362 468.227
141.322334 502.867 505.726 503.282 501.225 499.569 498.416 500.316 500.923 499.525 498.372 497.579 497.068 501.03 499.104 497.907 497.349 497.015 498.861 497.87 497.321 497.041 496.854 497.875 498.481 497.624 496.735 496.77 496.991 497.855
145.596532 534.314 537.174 534.729 532.672 531.016 529.863 531.763 532.371 530.972 529.819 529.027 528.515 532.477 530.551 529.355 528.797 528.463 530.309 529.317 528.768 528.488 528.302 529.322 529.928 529.071 528.183 528.217 528.438 529.303
150.0 567.692 570.552 568.108 566.05 564.394 563.242 565.141 565.749 564.351 563.198 562.405 561.894 565.855 563.929 562.733 562.175 561.841 563.687 562.696 562.146 561.866 561.68 562.7 563.307 562.449 561.561 561.596 561.816 562.681
