web/models/kne/25/villar_0.0015_0.3590_10.0000.dat
# %ECSV 1.0
# ---
# datatype:
# - {name: time, datatype: float64}
# - {name: swift_uvot_uvw2, datatype: float64}
# - {name: swift_uvot_uvm2, datatype: float64}
# - {name: swift_uvot_uvw1, datatype: float64}
# - {name: swift_uvot_U, datatype: float64}
# - {name: swift_uvot_B, datatype: float64}
# - {name: swift_uvot_V, datatype: float64}
# - {name: swift_uvot_W, datatype: float64}
# - {name: johnson_U, datatype: float64}
# - {name: johnson_B, datatype: float64}
# - {name: johnson_V, datatype: float64}
# - {name: johnson_R, datatype: float64}
# - {name: johnson_I, datatype: float64}
# - {name: sdss_u, datatype: float64}
# - {name: sdss_g, datatype: float64}
# - {name: sdss_r, datatype: float64}
# - {name: sdss_i, datatype: float64}
# - {name: sdss_z, datatype: float64}
# - {name: PS1_g, datatype: float64}
# - {name: PS1_r, datatype: float64}
# - {name: PS1_i, datatype: float64}
# - {name: PS1_z, datatype: float64}
# - {name: PS1_Y, datatype: float64}
# - {name: PS1_w, datatype: float64}
# - {name: ATLAS_c, datatype: float64}
# - {name: ATLAS_o, datatype: float64}
# - {name: ukirt_J, datatype: float64}
# - {name: ukirt_H, datatype: float64}
# - {name: ukirt_K, datatype: float64}
# - {name: Clear, datatype: float64}
# meta: !!omap
# - comment: [kappa = 10.0, type = villar, mass = 0.001513321957917195, velocity = 0.359, theta_obs = 0.0]
# schema: astropy-2.0
time swift_uvot_uvw2 swift_uvot_uvm2 swift_uvot_uvw1 swift_uvot_U swift_uvot_B swift_uvot_V swift_uvot_W johnson_U johnson_B johnson_V johnson_R johnson_I sdss_u sdss_g sdss_r sdss_i sdss_z PS1_g PS1_r PS1_i PS1_z PS1_Y PS1_w ATLAS_c ATLAS_o ukirt_J ukirt_H ukirt_K Clear
[from data line 221]
0.724086 -6.338 -3.478 -5.923 -7.98 -9.636 -10.789 -8.889 -8.282 -9.68 -10.833 -11.626 -12.137 -8.175 -10.101 -11.298 -11.856 -12.19 -10.343 -11.335 -11.884 -12.164 -12.351 -11.33 -10.724 -11.581 -12.47 -12.435 -12.214 -11.349
0.745986 -6.33 -3.47 -5.914 -7.972 -9.628 -10.78 -8.881 -8.273 -9.671 -10.824 -11.617 -12.129 -8.167 -10.093 -11.289 -11.847 -12.181 -10.335 -11.326 -11.876 -12.156 -12.342 -11.322 -10.715 -11.573 -12.461 -12.426 -12.206 -11.341
0.768548 -6.32 -3.46 -5.904 -7.962 -9.618 -10.77 -8.871 -8.263 -9.661 -10.814 -11.607 -12.119 -8.157 -10.083 -11.279 -11.837 -12.171 -10.325 -11.316 -11.866 -12.146 -12.332 -11.312 -10.706 -11.563 -12.451 -12.417 -12.196 -11.331
0.791792 -6.308 -3.449 -5.893 -7.95 -9.606 -10.759 -8.859 -8.252 -9.65 -10.803 -11.596 -12.107 -8.145 -10.071 -11.268 -11.826 -12.16 -10.314 -11.305 -11.854 -12.134 -12.321 -11.3 -10.694 -11.551 -12.44 -12.405 -12.184 -11.32
0.815739 -6.296 -3.436 -5.88 -7.937 -9.593 -10.746 -8.846 -8.239 -9.637 -10.79 -11.583 -12.094 -8.132 -10.059 -11.255 -11.813 -12.147 -10.301 -11.292 -11.841 -12.121 -12.308 -11.287 -10.681 -11.538 -12.427 -12.392 -12.171 -11.307
0.840411 -6.281 -3.421 -5.866 -7.923 -9.579 -10.732 -8.832 -8.224 -9.623 -10.775 -11.568 -12.08 -8.118 -10.044 -11.24 -11.798 -12.132 -10.286 -11.278 -11.827 -12.107 -12.293 -11.273 -10.667 -11.524 -12.412 -12.378 -12.157 -11.292
0.865828 -6.265 -3.405 -5.849 -7.907 -9.563 -10.715 -8.816 -8.208 -9.606 -10.759 -11.552 -12.063 -8.102 -10.028 -11.224 -11.782 -12.116 -10.27 -11.261 -11.811 -12.091 -12.277 -11.257 -10.65 -11.508 -12.396 -12.361 -12.141 -11.276
0.892015 -6.247 -3.387 -5.831 -7.888 -9.545 -10.697 -8.797 -8.19 -9.588 -10.741 -11.534 -12.045 -8.084 -10.01 -11.206 -11.764 -12.098 -10.252 -11.243 -11.793 -12.072 -12.259 -11.238 -10.632 -11.49 -12.378 -12.343 -12.123 -11.258
0.918993 -6.227 -3.367 -5.811 -7.869 -9.525 -10.677 -8.777 -8.17 -9.568 -10.721 -11.514 -12.025 -8.064 -9.99 -11.186 -11.744 -12.078 -10.232 -11.223 -11.773 -12.052 -12.239 -11.218 -10.612 -11.47 -12.358 -12.323 -12.103 -11.238
0.946787 -6.205 -3.345 -5.789 -7.847 -9.503 -10.655 -8.755 -8.148 -9.546 -10.699 -11.492 -12.003 -8.042 -9.968 -11.164 -11.722 -12.056 -10.21 -11.201 -11.751 -12.03 -12.217 -11.197 -10.59 -11.448 -12.336 -12.301 -12.081 -11.216
0.975422 -6.181 -3.321 -5.765 -7.822 -9.478 -10.631 -8.731 -8.124 -9.522 -10.675 -11.468 -11.979 -8.017 -9.944 -11.14 -11.698 -12.032 -10.186 -11.177 -11.726 -12.006 -12.193 -11.172 -10.566 -11.424 -12.312 -12.277 -12.057 -11.192
1.004923 -6.154 -3.294 -5.739 -7.796 -9.452 -10.605 -8.705 -8.097 -9.496 -10.649 -11.441 -11.953 -7.991 -9.917 -11.113 -11.671 -12.006 -10.159 -11.151 -11.7 -11.98 -12.166 -11.146 -10.54 -11.397 -12.285 -12.251 -12.03 -11.165
1.035317 -6.126 -3.266 -5.71 -7.767 -9.423 -10.576 -8.676 -8.069 -9.467 -10.62 -11.413 -11.924 -7.962 -9.889 -11.085 -11.643 -11.977 -10.131 -11.122 -11.671 -11.951 -12.138 -11.117 -10.511 -11.368 -12.257 -12.222 -12.001 -11.137
1.066629 -6.094 -3.234 -5.679 -7.736 -9.392 -10.545 -8.645 -8.037 -9.436 -10.589 -11.381 -11.893 -7.931 -9.857 -11.053 -11.612 -11.946 -10.099 -11.091 -11.64 -11.92 -12.106 -11.086 -10.48 -11.337 -12.225 -12.191 -11.97 -11.105
1.098888 -6.06 -3.2 -5.645 -7.702 -9.358 -10.511 -8.611 -8.004 -9.402 -10.555 -11.348 -11.859 -7.897 -9.823 -11.02 -11.578 -11.912 -10.066 -11.057 -11.606 -11.886 -12.073 -11.052 -10.446 -11.303 -12.192 -12.157 -11.936 -11.071
1.132124 -6.024 -3.164 -5.608 -7.666 -9.322 -10.474 -8.575 -7.967 -9.365 -10.518 -11.311 -11.822 -7.861 -9.787 -10.983 -11.541 -11.875 -10.029 -11.02 -11.57 -11.85 -12.036 -11.016 -10.409 -11.267 -12.155 -12.12 -11.9 -11.035
1.166364 -5.984 -3.124 -5.569 -7.626 -9.282 -10.435 -8.535 -7.927 -9.326 -10.479 -11.271 -11.783 -7.821 -9.747 -10.943 -11.501 -11.836 -9.989 -10.981 -11.53 -11.81 -11.996 -10.976 -10.37 -11.227 -12.115 -12.081 -11.86 -10.995
1.20164 -5.941 -3.082 -5.526 -7.583 -9.239 -10.392 -8.492 -7.885 -9.283 -10.436 -11.229 -11.74 -7.778 -9.704 -10.901 -11.459 -11.793 -9.947 -10.938 -11.487 -11.767 -11.954 -10.933 -10.327 -11.184 -12.073 -12.038 -11.817 -10.953
1.237983 -5.896 -3.036 -5.48 -7.537 -9.193 -10.346 -8.446 -7.839 -9.237 -10.39 -11.183 -11.694 -7.732 -9.658 -10.855 -11.413 -11.747 -9.901 -10.892 -11.441 -11.721 -11.908 -10.887 -10.281 -11.138 -12.027 -11.992 -11.771 -10.907
1.275425 -5.846 -2.986 -5.431 -7.488 -9.144 -10.297 -8.397 -7.789 -9.188 -10.34 -11.133 -11.645 -7.683 -9.609 -10.805 -11.363 -11.697 -9.851 -10.843 -11.392 -11.672 -11.858 -10.838 -10.232 -11.089 -11.977 -11.943 -11.722 -10.857
1.313999 -5.793 -2.933 -5.377 -7.435 -9.091 -10.244 -8.344 -7.736 -9.135 -10.287 -11.08 -11.592 -7.63 -9.556 -10.752 -11.31 -11.644 -9.798 -10.789 -11.339 -11.619 -11.805 -10.785 -10.179 -11.036 -11.924 -11.89 -11.669 -10.804
1.35374 -5.736 -2.876 -5.32 -7.378 -9.034 -10.187 -8.287 -7.679 -9.078 -10.23 -11.023 -11.535 -7.573 -9.499 -10.695 -11.253 -11.587 -9.741 -10.732 -11.282 -11.562 -11.748 -10.728 -10.122 -10.979 -11.867 -11.833 -11.612 -10.747
1.394683 -5.675 -2.815 -5.259 -7.317 -8.973 -10.125 -8.226 -7.618 -9.017 -10.169 -10.962 -11.474 -7.512 -9.438 -10.634 -11.192 -11.526 -9.68 -10.671 -11.221 -11.501 -11.687 -10.667 -10.061 -10.918 -11.806 -11.772 -11.551 -10.686
1.436864 -5.609 -2.75 -5.194 -7.251 -8.907 -10.06 -8.16 -7.553 -8.951 -10.104 -10.897 -11.408 -7.446 -9.372 -10.569 -11.127 -11.461 -9.615 -10.606 -11.155 -11.435 -11.622 -10.601 -9.995 -10.852 -11.741 -11.706 -11.485 -10.621
1.480321 -5.54 -2.68 -5.124 -7.181 -8.837 -9.99 -8.09 -7.483 -8.881 -10.034 -10.827 -11.338 -7.376 -9.303 -10.499 -11.057 -11.391 -9.545 -10.536 -11.085 -11.365 -11.552 -10.531 -9.925 -10.783 -11.671 -11.636 -11.416 -10.551
1.525092 -5.465 -2.605 -5.049 -7.107 -8.763 -9.915 -8.016 -7.408 -8.806 -9.959 -10.752 -11.263 -7.302 -9.228 -10.424 -10.982 -11.316 -9.47 -10.461 -11.011 -11.291 -11.477 -10.457 -9.85 -10.708 -11.596 -11.561 -11.341 -10.476
1.571218 -5.385 -2.525 -4.969 -7.027 -8.683 -9.836 -7.936 -7.328 -8.727 -9.879 -10.672 -11.184 -7.222 -9.148 -10.344 -10.902 -11.236 -9.39 -10.381 -10.931 -11.211 -11.397 -10.377 -9.771 -10.628 -11.516 -11.482 -11.261 -10.396
1.618738 -5.3 -2.44 -4.884 -6.942 -8.598 -9.75 -7.851 -7.243 -8.641 -9.794 -10.587 -11.098 -7.137 -9.063 -10.259 -10.817 -11.151 -9.305 -10.296 -10.846 -11.126 -11.312 -10.292 -9.685 -10.543 -11.431 -11.396 -11.176 -10.311
1.667696 -5.209 -2.349 -4.793 -6.851 -8.507 -9.659 -7.76 -7.152 -8.55 -9.703 -10.496 -11.007 -7.046 -8.972 -10.168 -10.726 -11.06 -9.214 -10.205 -10.755 -11.035 -11.221 -10.201 -9.594 -10.452 -11.34 -11.305 -11.085 -10.22
1.718134 -5.112 -2.252 -4.696 -6.754 -8.41 -9.563 -7.663 -7.055 -8.454 -9.606 -10.399 -10.911 -6.949 -8.875 -10.071 -10.629 -10.963 -9.117 -10.108 -10.658 -10.938 -11.124 -10.104 -9.498 -10.355 -11.243 -11.209 -10.988 -10.123
1.770098 -5.009 -2.149 -4.593 -6.65 -8.307 -9.459 -7.559 -6.952 -8.35 -9.503 -10.296 -10.807 -6.846 -8.772 -9.968 -10.526 -10.86 -9.014 -10.005 -10.555 -10.834 -11.021 -10.0 -9.394 -10.252 -11.14 -11.105 -10.885 -10.02
1.823633 -4.899 -2.039 -4.483 -6.541 -8.197 -9.349 -7.449 -6.842 -8.24 -9.393 -10.186 -10.697 -6.736 -8.662 -9.858 -10.416 -10.75 -8.904 -9.895 -10.445 -10.724 -10.911 -9.891 -9.284 -10.142 -11.03 -10.995 -10.775 -9.91
1.878788 -4.782 -1.922 -4.366 -6.423 -8.079 -9.232 -7.332 -6.725 -8.123 -9.276 -10.069 -10.58 -6.619 -8.545 -9.741 -10.299 -10.633 -8.787 -9.778 -10.328 -10.607 -10.794 -9.773 -9.167 -10.025 -10.913 -10.878 -10.658 -9.793
1.93561 -4.657 -1.797 -4.242 -6.299 -7.955 -9.108 -7.208 -6.6 -7.999 -9.151 -9.944 -10.456 -6.494 -8.42 -9.616 -10.174 -10.508 -8.662 -9.654 -10.203 -10.483 -10.669 -9.649 -9.043 -9.9 -10.788 -10.754 -10.533 -9.668
1.994152 -4.525 -1.665 -4.109 -6.166 -7.822 -8.975 -7.075 -6.468 -7.866 -9.019 -9.812 -10.323 -6.361 -8.288 -9.484 -10.042 -10.376 -8.53 -9.521 -10.07 -10.35 -10.537 -9.516 -8.91 -9.768 -10.656 -10.621 -10.401 -9.536
2.054463 -4.384 -1.524 -3.968 -6.025 -7.682 -8.834 -6.934 -6.327 -7.725 -8.878 -9.671 -10.182 -6.221 -8.147 -9.343 -9.901 -10.235 -8.389 -9.38 -9.93 -10.209 -10.396 -9.375 -8.769 -9.627 -10.515 -10.48 -10.26 -9.395
2.116599 -4.234 -1.374 -3.818 -5.876 -7.532 -8.684 -6.785 -6.177 -7.575 -8.728 -9.521 -10.033 -6.071 -7.997 -9.193 -9.751 -10.085 -8.239 -9.23 -9.78 -10.06 -10.246 -9.226 -8.619 -9.477 -10.365 -10.33 -10.11 -9.245
2.180614 -4.075 -1.215 -3.659 -5.716 -7.372 -8.525 -6.625 -6.018 -7.416 -8.569 -9.362 -9.873 -5.912 -7.838 -9.034 -9.592 -9.926 -8.08 -9.071 -9.621 -9.9 -10.087 -9.066 -8.46 -9.318 -10.206 -10.171 -9.951 -9.086
2.246566 -3.905 -1.045 -3.49 -5.547 -7.203 -8.356 -6.456 -5.849 -7.247 -8.4 -9.193 -9.704 -5.742 -7.668 -8.865 -9.423 -9.757 -7.911 -8.902 -9.451 -9.731 -9.918 -8.897 -8.291 -9.148 -10.037 -10.002 -9.781 -8.916
2.314511 -3.726 -0.866 -3.31 -5.368 -7.024 -8.176 -6.276 -5.669 -7.067 -8.22 -9.013 -9.524 -5.563 -7.489 -8.685 -9.243 -9.577 -7.731 -8.722 -9.272 -9.551 -9.738 -8.718 -8.111 -8.969 -9.857 -9.822 -9.602 -8.737
2.384512 -3.535 -0.675 -3.119 -5.177 -6.833 -7.985 -6.086 -5.478 -6.876 -8.029 -8.822 -9.333 -5.372 -7.298 -8.494 -9.052 -9.386 -7.54 -8.531 -9.081 -9.361 -9.547 -8.527 -7.92 -8.778 -9.666 -9.631 -9.411 -8.546
2.45663 -3.332 -0.472 -2.917 -4.974 -6.63 -7.783 -5.883 -5.275 -6.674 -7.826 -8.619 -9.131 -5.169 -7.095 -8.291 -8.849 -9.183 -7.337 -8.329 -8.878 -9.158 -9.344 -8.324 -7.718 -8.575 -9.463 -9.429 -9.208 -8.343
2.530929 -3.117 -0.257 -2.701 -4.758 -6.414 -7.567 -5.667 -5.06 -6.458 -7.611 -8.404 -8.915 -4.954 -6.88 -8.076 -8.634 -8.968 -7.122 -8.113 -8.663 -8.942 -9.129 -8.108 -7.502 -8.36 -9.248 -9.213 -8.993 -8.128
2.607475 -2.888 -0.028 -2.472 -4.53 -6.186 -7.339 -5.439 -4.831 -6.23 -7.382 -8.175 -8.687 -4.725 -6.651 -7.847 -8.405 -8.739 -6.893 -7.884 -8.434 -8.714 -8.9 -7.88 -7.274 -8.131 -9.019 -8.985 -8.764 -7.899
2.686337 -2.645 0.215 -2.23 -4.287 -5.943 -7.096 -5.196 -4.588 -5.987 -7.14 -7.932 -8.444 -4.482 -6.408 -7.604 -8.162 -8.496 -6.65 -7.642 -8.191 -8.471 -8.657 -7.637 -7.031 -7.888 -8.776 -8.742 -8.521 -7.656
2.767583 -2.387 0.473 -1.972 -4.029 -5.685 -6.838 -4.938 -4.33 -5.729 -6.882 -7.675 -8.186 -4.224 -6.15 -7.347 -7.905 -8.239 -6.392 -7.384 -7.933 -8.213 -8.4 -7.379 -6.773 -7.63 -8.519 -8.484 -8.263 -7.398
2.851287 -2.114 0.746 -1.698 -3.756 -5.412 -6.564 -4.665 -4.057 -5.455 -6.608 -7.401 -7.912 -3.951 -5.877 -7.073 -7.631 -7.965 -6.119 -7.11 -7.66 -7.94 -8.126 -7.106 -6.499 -7.357 -8.245 -8.21 -7.99 -7.125
2.937522 -1.823 1.037 -1.408 -3.465 -5.121 -6.274 -4.374 -3.766 -5.165 -6.318 -7.11 -7.622 -3.66 -5.586 -6.782 -7.34 -7.675 -5.828 -6.82 -7.369 -7.649 -7.835 -6.815 -6.209 -7.066 -7.954 -7.92 -7.699 -6.834
3.026365 -1.515 1.345 -1.099 -3.157 -4.813 -5.965 -4.066 -3.458 -4.857 -6.009 -6.802 -7.314 -3.352 -5.278 -6.474 -7.032 -7.366 -5.52 -6.511 -7.061 -7.341 -7.527 -6.507 -5.901 -6.758 -7.646 -7.612 -7.391 -6.526
3.117896 -1.188 1.672 -0.772 -2.829 -4.485 -5.638 -3.738 -3.131 -4.529 -5.682 -6.475 -6.986 -3.024 -4.951 -6.147 -6.705 -7.039 -5.193 -6.184 -6.733 -7.013 -7.2 -6.179 -5.573 -6.431 -7.319 -7.284 -7.064 -6.199
3.212194 -0.84 2.02 -0.425 -2.482 -4.138 -5.291 -3.391 -2.783 -4.182 -5.335 -6.127 -6.639 -2.677 -4.603 -5.799 -6.357 -6.691 -4.845 -5.837 -6.386 -6.666 -6.852 -5.832 -5.226 -6.083 -6.971 -6.937 -6.716 -5.851
3.309345 -0.471 2.389 -0.056 -2.113 -3.769 -4.922 -3.022 -2.414 -3.813 -4.966 -5.758 -6.27 -2.308 -4.234 -5.43 -5.989 -6.323 -4.476 -5.468 -6.017 -6.297 -6.484 -5.463 -4.857 -5.714 -6.603 -6.568 -6.347 -5.482
3.409434 -0.08 2.78 0.336 -1.722 -3.378 -4.53 -2.631 -2.023 -3.422 -4.574 -5.367 -5.879 -1.917 -3.843 -5.039 -5.597 -5.931 -4.085 -5.076 -5.626 -5.906 -6.092 -5.072 -4.466 -5.323 -6.211 -6.177 -5.956 -5.091
3.51255 0.336 3.196 0.751 -1.306 -2.962 -4.115 -2.215 -1.607 -3.006 -4.159 -4.951 -5.463 -1.501 -3.427 -4.624 -5.182 -5.516 -3.669 -4.661 -5.21 -5.49 -5.677 -4.656 -4.05 -4.907 -5.796 -5.761 -5.54 -4.675
3.618785 0.777 3.637 1.192 -0.865 -2.521 -3.674 -1.774 -1.166 -2.565 -3.718 -4.51 -5.022 -1.06 -2.986 -4.182 -4.741 -5.075 -3.228 -4.22 -4.769 -5.049 -5.236 -4.215 -3.609 -4.466 -5.355 -5.32 -5.099 -4.234
3.728232 1.245 4.105 1.66 -0.397 -2.053 -3.206 -1.306 -0.698 -2.097 -3.25 -4.042 -4.554 -0.592 -2.518 -3.714 -4.272 -4.607 -2.76 -3.752 -4.301 -4.581 -4.767 -3.747 -3.141 -3.998 -4.886 -4.852 -4.631 -3.766
3.84099 1.742 4.602 2.157 0.1 -1.556 -2.709 -0.809 -0.202 -1.6 -2.753 -3.546 -4.057 -0.095 -2.021 -3.218 -3.776 -4.11 -2.264 -3.255 -3.804 -4.084 -4.271 -3.25 -2.644 -3.501 -4.39 -4.355 -4.134 -3.269
3.957158 2.269 5.129 2.684 0.627 -1.029 -2.182 -0.282 0.326 -1.073 -2.226 -3.018 -3.53 0.432 -1.494 -2.69 -3.248 -3.582 -1.736 -2.728 -3.277 -3.557 -3.743 -2.723 -2.117 -2.974 -3.862 -3.828 -3.607 -2.742
4.07684 2.829 5.689 3.244 1.187 -0.469 -1.622 0.278 0.886 -0.513 -1.666 -2.458 -2.97 0.992 -0.934 -2.13 -2.689 -3.023 -1.176 -2.168 -2.717 -2.997 -3.184 -2.163 -1.557 -2.414 -3.303 -3.268 -3.047 -2.182
4.200141 3.423 6.283 3.838 1.781 0.125 -1.028 0.872 1.48 0.081 -1.072 -1.864 -2.376 1.586 -0.34 -1.536 -2.094 -2.429 -0.582 -1.574 -2.123 -2.403 -2.589 -1.569 -0.963 -1.82 -2.708 -2.674 -2.453 -1.588
4.327172 4.053 6.913 4.469 2.411 0.755 -0.397 1.503 2.11 0.712 -0.441 -1.234 -1.745 2.216 0.29 -0.906 -1.464 -1.798 0.048 -0.943 -1.493 -1.772 -1.959 -0.938 -0.332 -1.19 -2.078 -2.043 -1.823 -0.958
4.458044 4.723 7.583 5.138 3.081 1.425 0.272 2.172 2.78 1.381 0.228 -0.564 -1.076 2.886 0.96 -0.236 -0.795 -1.129 0.718 -0.274 -0.823 -1.103 -1.29 -0.269 0.337 -0.52 -1.409 -1.374 -1.153 -0.288
4.592874 5.433 8.293 5.848 3.791 2.135 0.982 2.882 3.49 2.091 0.939 0.146 -0.366 3.596 1.67 0.474 -0.084 -0.418 1.428 0.436 -0.113 -0.393 -0.579 0.441 1.047 0.19 -0.698 -0.664 -0.443 0.422
4.731783 6.187 9.047 6.603 4.545 2.889 1.736 3.636 4.244 2.845 1.693 0.9 0.388 4.35 2.424 1.228 0.67 0.336 2.182 1.191 0.641 0.361 0.175 1.195 1.801 0.944 0.056 0.09 0.311 1.176
4.874892 6.987 9.847 7.403 5.346 3.69 2.537 4.437 5.044 3.646 2.493 1.7 1.189 5.15 3.224 2.028 1.47 1.136 2.982 1.991 1.441 1.162 0.975 1.996 2.602 1.744 0.856 0.891 1.111 1.976
5.02233 7.837 10.697 8.252 6.195 4.539 3.386 5.286 5.894 4.495 3.342 2.55 2.038 6.0 4.074 2.878 2.32 1.985 3.832 2.84 2.291 2.011 1.825 2.845 3.451 2.594 1.706 1.74 1.961 2.826
5.174227 8.738 11.598 9.154 7.097 5.441 4.288 6.188 6.795 5.397 4.244 3.451 2.94 6.902 4.975 3.779 3.221 2.887 4.733 3.742 3.193 2.913 2.726 3.747 4.353 3.495 2.607 2.642 2.862 3.727
5.330718 9.695 12.555 10.111 8.054 6.398 5.245 7.145 7.752 6.354 5.201 4.408 3.897 7.859 5.932 4.736 4.178 3.844 5.69 4.699 4.15 3.87 3.683 4.704 5.31 4.452 3.564 3.599 3.819 4.684
5.491942 10.711 13.571 11.127 9.069 7.413 6.261 8.16 8.768 7.37 6.217 5.424 4.913 8.874 6.948 5.752 5.194 4.86 6.706 5.715 5.165 4.885 4.699 5.719 6.326 5.468 4.58 4.615 4.835 5.7
5.658042 11.789 14.649 12.205 10.147 8.491 7.339 9.239 9.846 8.448 7.295 6.502 5.991 9.952 8.026 6.83 6.272 5.938 7.784 6.793 6.243 5.964 5.777 6.797 7.404 6.546 5.658 5.693 5.913 6.778
5.829166 12.934 15.794 13.349 11.292 9.636 8.483 10.383 10.991 9.592 8.439 7.647 7.135 11.097 9.171 7.975 7.416 7.082 8.929 7.937 7.388 7.108 6.921 7.942 8.548 7.691 6.802 6.837 7.058 7.923
6.005465 14.148 17.008 14.564 12.506 10.85 9.698 11.597 12.205 10.807 9.654 8.861 8.35 12.311 10.385 9.189 8.631 8.297 10.143 9.152 8.602 8.322 8.136 9.156 9.763 8.905 8.017 8.052 8.272 9.137
6.187096 15.437 18.297 15.853 13.796 12.14 10.987 12.887 13.494 12.096 10.943 10.15 9.639 13.6 11.674 10.478 9.92 9.586 11.432 10.441 9.891 9.612 9.425 10.446 11.052 10.194 9.306 9.341 9.561 10.426
6.37422 16.806 19.666 17.221 15.164 13.508 12.355 14.255 14.863 13.464 12.311 11.519 11.007 14.969 13.043 11.847 11.288 10.954 12.801 11.809 11.26 10.98 10.794 11.814 12.42 11.563 10.674 10.709 10.93 11.795
