web/models/kne/25/villar_0.2183_0.2337_10.0000.dat
# %ECSV 1.0
# ---
# datatype:
# - {name: time, datatype: float64}
# - {name: swift_uvot_uvw2, datatype: float64}
# - {name: swift_uvot_uvm2, datatype: float64}
# - {name: swift_uvot_uvw1, datatype: float64}
# - {name: swift_uvot_U, datatype: float64}
# - {name: swift_uvot_B, datatype: float64}
# - {name: swift_uvot_V, datatype: float64}
# - {name: swift_uvot_W, datatype: float64}
# - {name: johnson_U, datatype: float64}
# - {name: johnson_B, datatype: float64}
# - {name: johnson_V, datatype: float64}
# - {name: johnson_R, datatype: float64}
# - {name: johnson_I, datatype: float64}
# - {name: sdss_u, datatype: float64}
# - {name: sdss_g, datatype: float64}
# - {name: sdss_r, datatype: float64}
# - {name: sdss_i, datatype: float64}
# - {name: sdss_z, datatype: float64}
# - {name: PS1_g, datatype: float64}
# - {name: PS1_r, datatype: float64}
# - {name: PS1_i, datatype: float64}
# - {name: PS1_z, datatype: float64}
# - {name: PS1_Y, datatype: float64}
# - {name: PS1_w, datatype: float64}
# - {name: ATLAS_c, datatype: float64}
# - {name: ATLAS_o, datatype: float64}
# - {name: ukirt_J, datatype: float64}
# - {name: ukirt_H, datatype: float64}
# - {name: ukirt_K, datatype: float64}
# - {name: Clear, datatype: float64}
# meta: !!omap
# - comment: [kappa = 10.0, type = villar, mass = 0.21832694463104688, velocity = 0.2336666666666667, theta_obs = 0.0]
# schema: astropy-2.0
time swift_uvot_uvw2 swift_uvot_uvm2 swift_uvot_uvw1 swift_uvot_U swift_uvot_B swift_uvot_V swift_uvot_W johnson_U johnson_B johnson_V johnson_R johnson_I sdss_u sdss_g sdss_r sdss_i sdss_z PS1_g PS1_r PS1_i PS1_z PS1_Y PS1_w ATLAS_c ATLAS_o ukirt_J ukirt_H ukirt_K Clear
[from data line 214]
0.587772 -11.798 -12.182 -12.941 -14.037 -14.549 -14.822 -13.73 -14.136 -14.552 -14.824 -14.898 -14.846 -14.115 -14.659 -14.89 -14.904 -14.835 -14.711 -14.899 -14.913 -14.868 -14.842 -14.839 -14.776 -14.897 -14.543 -14.202 -13.738 -14.808
0.605549 -11.771 -12.152 -12.926 -14.038 -14.563 -14.845 -13.737 -14.139 -14.566 -14.847 -14.929 -14.882 -14.117 -14.676 -14.918 -14.937 -14.872 -14.73 -14.926 -14.946 -14.904 -14.88 -14.865 -14.798 -14.927 -14.585 -14.247 -13.786 -14.834
0.623863 -11.744 -12.121 -12.91 -14.039 -14.576 -14.867 -13.744 -14.142 -14.579 -14.87 -14.959 -14.918 -14.12 -14.693 -14.945 -14.969 -14.908 -14.748 -14.954 -14.978 -14.94 -14.918 -14.892 -14.819 -14.957 -14.628 -14.292 -13.834 -14.86
0.642731 -11.715 -12.088 -12.893 -14.039 -14.588 -14.889 -13.75 -14.144 -14.592 -14.893 -14.988 -14.953 -14.121 -14.709 -14.971 -15.002 -14.945 -14.766 -14.98 -15.011 -14.976 -14.956 -14.918 -14.84 -14.986 -14.67 -14.338 -13.881 -14.885
0.66217 -11.687 -12.055 -12.875 -14.038 -14.6 -14.911 -13.756 -14.146 -14.604 -14.915 -15.018 -14.989 -14.122 -14.725 -14.997 -15.034 -14.981 -14.783 -15.007 -15.043 -15.011 -14.993 -14.944 -14.861 -15.015 -14.712 -14.383 -13.929 -14.91
0.682197 -11.657 -12.02 -12.856 -14.036 -14.611 -14.932 -13.761 -14.146 -14.616 -14.936 -15.046 -15.024 -14.121 -14.739 -15.023 -15.065 -15.017 -14.799 -15.032 -15.075 -15.047 -15.03 -14.969 -14.881 -15.043 -14.754 -14.428 -13.976 -14.935
0.70283 -11.627 -11.984 -12.837 -14.033 -14.622 -14.953 -13.765 -14.146 -14.626 -14.957 -15.075 -15.058 -14.12 -14.754 -15.049 -15.096 -15.052 -14.815 -15.058 -15.106 -15.081 -15.067 -14.994 -14.9 -15.071 -14.795 -14.472 -14.024 -14.959
0.724086 -11.597 -11.947 -12.816 -14.03 -14.631 -14.973 -13.77 -14.145 -14.637 -14.977 -15.103 -15.093 -14.119 -14.768 -15.073 -15.127 -15.087 -14.831 -15.083 -15.137 -15.116 -15.104 -15.019 -14.919 -15.099 -14.837 -14.517 -14.071 -14.983
0.745986 -11.566 -11.909 -12.795 -14.026 -14.641 -14.992 -13.773 -14.143 -14.646 -14.997 -15.131 -15.127 -14.116 -14.781 -15.098 -15.158 -15.122 -14.845 -15.108 -15.168 -15.15 -15.14 -15.043 -14.938 -15.126 -14.878 -14.562 -14.118 -15.007
0.768548 -11.535 -11.87 -12.773 -14.021 -14.649 -15.011 -13.777 -14.14 -14.655 -15.017 -15.158 -15.161 -14.113 -14.793 -15.122 -15.188 -15.157 -14.86 -15.132 -15.198 -15.184 -15.176 -15.067 -14.956 -15.153 -14.919 -14.606 -14.165 -15.03
0.791792 -11.503 -11.829 -12.749 -14.015 -14.657 -15.03 -13.78 -14.137 -14.663 -15.035 -15.185 -15.194 -14.108 -14.805 -15.145 -15.218 -15.191 -14.873 -15.155 -15.228 -15.218 -15.212 -15.09 -14.973 -15.179 -14.96 -14.65 -14.212 -15.052
0.815739 -11.47 -11.787 -12.725 -14.008 -14.664 -15.048 -13.782 -14.133 -14.671 -15.054 -15.212 -15.228 -14.103 -14.817 -15.169 -15.247 -15.226 -14.886 -15.179 -15.258 -15.251 -15.248 -15.113 -14.99 -15.205 -15.0 -14.694 -14.259 -15.075
0.840411 -11.438 -11.744 -12.7 -14.001 -14.671 -15.065 -13.784 -14.128 -14.677 -15.071 -15.238 -15.261 -14.097 -14.827 -15.191 -15.276 -15.259 -14.899 -15.201 -15.287 -15.284 -15.283 -15.135 -15.007 -15.231 -15.04 -14.738 -14.305 -15.097
0.865828 -11.405 -11.699 -12.674 -13.992 -14.677 -15.082 -13.785 -14.122 -14.684 -15.089 -15.263 -15.293 -14.09 -14.837 -15.213 -15.305 -15.293 -14.911 -15.224 -15.316 -15.317 -15.318 -15.157 -15.023 -15.256 -15.081 -14.782 -14.352 -15.118
0.892015 -11.371 -11.653 -12.647 -13.983 -14.682 -15.098 -13.786 -14.115 -14.689 -15.105 -15.289 -15.325 -14.082 -14.847 -15.235 -15.333 -15.326 -14.922 -15.245 -15.344 -15.349 -15.353 -15.179 -15.038 -15.281 -15.12 -14.825 -14.398 -15.139
0.918993 -11.337 -11.606 -12.619 -13.972 -14.686 -15.114 -13.786 -14.107 -14.694 -15.121 -15.313 -15.357 -14.074 -14.855 -15.256 -15.361 -15.359 -14.932 -15.267 -15.372 -15.381 -15.387 -15.2 -15.053 -15.305 -15.16 -14.868 -14.445 -15.16
0.946787 -11.303 -11.557 -12.59 -13.961 -14.69 -15.129 -13.786 -14.098 -14.697 -15.137 -15.338 -15.389 -14.064 -14.863 -15.276 -15.389 -15.391 -14.942 -15.287 -15.4 -15.413 -15.421 -15.22 -15.067 -15.329 -15.2 -14.912 -14.491 -15.18
0.975422 -11.269 -11.507 -12.559 -13.948 -14.692 -15.143 -13.785 -14.088 -14.701 -15.151 -15.362 -15.42 -14.054 -14.87 -15.296 -15.415 -15.423 -14.952 -15.308 -15.427 -15.444 -15.455 -15.24 -15.08 -15.352 -15.239 -14.955 -14.537 -15.2
1.004923 -11.235 -11.456 -12.528 -13.935 -14.694 -15.157 -13.783 -14.078 -14.703 -15.166 -15.385 -15.451 -14.042 -14.877 -15.316 -15.442 -15.455 -14.96 -15.327 -15.454 -15.475 -15.489 -15.26 -15.093 -15.375 -15.278 -14.997 -14.583 -15.219
1.035317 -11.201 -11.403 -12.496 -13.921 -14.695 -15.17 -13.781 -14.066 -14.705 -15.179 -15.408 -15.481 -14.029 -14.883 -15.335 -15.468 -15.486 -14.968 -15.346 -15.48 -15.506 -15.522 -15.279 -15.105 -15.397 -15.316 -15.04 -14.628 -15.238
1.066629 -11.166 -11.349 -12.463 -13.905 -14.696 -15.183 -13.779 -14.054 -14.705 -15.192 -15.43 -15.511 -14.016 -14.888 -15.353 -15.494 -15.517 -14.975 -15.365 -15.506 -15.536 -15.555 -15.298 -15.117 -15.419 -15.355 -15.083 -14.674 -15.256
1.098888 -11.132 -11.293 -12.428 -13.889 -14.695 -15.194 -13.776 -14.04 -14.705 -15.204 -15.452 -15.541 -14.001 -14.892 -15.371 -15.519 -15.548 -14.982 -15.383 -15.531 -15.565 -15.587 -15.316 -15.128 -15.44 -15.393 -15.125 -14.719 -15.274
1.132124 -11.098 -11.235 -12.393 -13.872 -14.694 -15.206 -13.772 -14.026 -14.704 -15.216 -15.474 -15.57 -13.986 -14.896 -15.388 -15.544 -15.578 -14.987 -15.401 -15.556 -15.595 -15.619 -15.333 -15.138 -15.461 -15.431 -15.167 -14.765 -15.291
1.166364 -11.064 -11.177 -12.357 -13.853 -14.692 -15.216 -13.767 -14.01 -14.703 -15.227 -15.494 -15.599 -13.969 -14.898 -15.405 -15.568 -15.608 -14.992 -15.417 -15.581 -15.624 -15.651 -15.35 -15.148 -15.481 -15.469 -15.209 -14.81 -15.308
1.20164 -11.03 -11.116 -12.319 -13.833 -14.689 -15.226 -13.763 -13.993 -14.7 -15.237 -15.515 -15.627 -13.951 -14.9 -15.421 -15.592 -15.637 -14.997 -15.434 -15.605 -15.652 -15.683 -15.367 -15.157 -15.501 -15.506 -15.25 -14.855 -15.325
1.237983 -10.996 -11.054 -12.28 -13.813 -14.685 -15.235 -13.757 -13.975 -14.697 -15.247 -15.535 -15.655 -13.932 -14.902 -15.436 -15.615 -15.666 -15.0 -15.449 -15.628 -15.68 -15.714 -15.382 -15.165 -15.52 -15.543 -15.292 -14.9 -15.34
1.275425 -10.963 -10.991 -12.24 -13.791 -14.68 -15.243 -13.751 -13.957 -14.692 -15.255 -15.554 -15.683 -13.912 -14.902 -15.451 -15.637 -15.694 -15.003 -15.464 -15.651 -15.708 -15.744 -15.398 -15.173 -15.539 -15.58 -15.333 -14.945 -15.356
1.313999 -10.93 -10.925 -12.199 -13.768 -14.674 -15.25 -13.744 -13.937 -14.687 -15.264 -15.572 -15.71 -13.891 -14.901 -15.465 -15.66 -15.723 -15.005 -15.479 -15.673 -15.735 -15.775 -15.412 -15.179 -15.557 -15.617 -15.374 -14.989 -15.371
1.35374 -10.898 -10.858 -12.157 -13.743 -14.667 -15.257 -13.736 -13.915 -14.681 -15.271 -15.59 -15.737 -13.868 -14.9 -15.478 -15.681 -15.75 -15.006 -15.492 -15.695 -15.762 -15.805 -15.427 -15.186 -15.574 -15.653 -15.415 -15.034 -15.385
1.394683 -10.867 -10.79 -12.114 -13.718 -14.66 -15.263 -13.728 -13.893 -14.673 -15.277 -15.608 -15.763 -13.845 -14.898 -15.491 -15.702 -15.778 -15.006 -15.505 -15.717 -15.789 -15.834 -15.44 -15.191 -15.591 -15.689 -15.455 -15.078 -15.399
1.436864 -10.836 -10.719 -12.069 -13.691 -14.651 -15.268 -13.719 -13.87 -14.665 -15.283 -15.625 -15.789 -13.82 -14.894 -15.503 -15.723 -15.804 -15.005 -15.518 -15.737 -15.814 -15.863 -15.453 -15.196 -15.608 -15.724 -15.496 -15.122 -15.412
1.480321 -10.806 -10.647 -12.024 -13.663 -14.641 -15.273 -13.71 -13.845 -14.656 -15.288 -15.641 -15.814 -13.794 -14.89 -15.514 -15.743 -15.831 -15.004 -15.53 -15.758 -15.84 -15.892 -15.465 -15.199 -15.623 -15.76 -15.536 -15.166 -15.424
1.525092 -10.777 -10.573 -11.977 -13.634 -14.631 -15.276 -13.699 -13.819 -14.646 -15.292 -15.657 -15.839 -13.767 -14.885 -15.525 -15.762 -15.857 -15.002 -15.541 -15.777 -15.865 -15.92 -15.477 -15.202 -15.638 -15.795 -15.576 -15.209 -15.436
1.571218 -10.748 -10.498 -11.929 -13.604 -14.619 -15.279 -13.688 -13.792 -14.635 -15.296 -15.672 -15.863 -13.738 -14.879 -15.535 -15.781 -15.882 -14.998 -15.551 -15.797 -15.889 -15.948 -15.488 -15.205 -15.652 -15.829 -15.615 -15.253 -15.448
1.618738 -10.721 -10.42 -11.879 -13.572 -14.606 -15.281 -13.677 -13.763 -14.623 -15.298 -15.686 -15.887 -13.709 -14.872 -15.544 -15.799 -15.907 -14.994 -15.56 -15.815 -15.913 -15.976 -15.498 -15.206 -15.666 -15.864 -15.655 -15.296 -15.459
1.667696 -10.695 -10.341 -11.829 -13.539 -14.592 -15.282 -13.664 -13.734 -14.609 -15.3 -15.7 -15.91 -13.677 -14.865 -15.552 -15.817 -15.931 -14.989 -15.569 -15.833 -15.936 -16.003 -15.508 -15.207 -15.679 -15.898 -15.694 -15.34 -15.469
1.718134 -10.67 -10.26 -11.777 -13.504 -14.577 -15.282 -13.651 -13.702 -14.595 -15.301 -15.713 -15.933 -13.645 -14.856 -15.56 -15.834 -15.955 -14.983 -15.577 -15.85 -15.959 -16.029 -15.517 -15.206 -15.691 -15.931 -15.733 -15.382 -15.479
1.770098 -10.647 -10.176 -11.724 -13.468 -14.561 -15.281 -13.637 -13.67 -14.58 -15.3 -15.725 -15.955 -13.611 -14.846 -15.567 -15.85 -15.978 -14.977 -15.585 -15.867 -15.982 -16.055 -15.525 -15.205 -15.703 -15.965 -15.771 -15.425 -15.488
1.823633 -10.625 -10.091 -11.67 -13.431 -14.544 -15.279 -13.622 -13.636 -14.563 -15.299 -15.737 -15.977 -13.576 -14.835 -15.573 -15.866 -16.001 -14.969 -15.591 -15.883 -16.003 -16.081 -15.533 -15.203 -15.714 -15.997 -15.81 -15.468 -15.496
1.878788 -10.604 -10.004 -11.614 -13.392 -14.525 -15.277 -13.606 -13.601 -14.545 -15.298 -15.748 -15.998 -13.539 -14.823 -15.578 -15.881 -16.023 -14.96 -15.597 -15.898 -16.025 -16.106 -15.54 -15.2 -15.724 -16.03 -15.848 -15.51 -15.504
1.93561 -10.584 -9.915 -11.557 -13.352 -14.506 -15.273 -13.59 -13.564 -14.527 -15.295 -15.758 -16.018 -13.501 -14.809 -15.582 -15.895 -16.045 -14.95 -15.602 -15.913 -16.045 -16.13 -15.546 -15.196 -15.734 -16.062 -15.885 -15.552 -15.512
1.994152 -10.566 -9.824 -11.499 -13.31 -14.485 -15.268 -13.573 -13.526 -14.506 -15.291 -15.768 -16.038 -13.461 -14.795 -15.586 -15.909 -16.066 -14.939 -15.606 -15.927 -16.065 -16.154 -15.552 -15.191 -15.742 -16.094 -15.923 -15.594 -15.518
2.054463 -10.55 -9.731 -11.439 -13.267 -14.463 -15.263 -13.555 -13.487 -14.485 -15.286 -15.777 -16.057 -13.42 -14.78 -15.588 -15.921 -16.087 -14.928 -15.609 -15.94 -16.085 -16.178 -15.556 -15.186 -15.75 -16.125 -15.96 -15.636 -15.524
2.116599 -10.534 -9.636 -11.378 -13.222 -14.439 -15.256 -13.536 -13.446 -14.463 -15.28 -15.785 -16.076 -13.377 -14.763 -15.59 -15.934 -16.107 -14.915 -15.611 -15.953 -16.104 -16.201 -15.56 -15.179 -15.757 -16.156 -15.997 -15.678 -15.529
2.180614 -10.521 -9.539 -11.316 -13.175 -14.415 -15.248 -13.516 -13.403 -14.439 -15.273 -15.792 -16.094 -13.332 -14.746 -15.591 -15.945 -16.126 -14.901 -15.613 -15.965 -16.122 -16.223 -15.563 -15.171 -15.764 -16.187 -16.033 -15.719 -15.534
2.246566 -10.509 -9.44 -11.253 -13.127 -14.389 -15.239 -13.495 -13.359 -14.414 -15.265 -15.798 -16.112 -13.287 -14.727 -15.591 -15.956 -16.145 -14.886 -15.613 -15.976 -16.139 -16.245 -15.566 -15.163 -15.769 -16.217 -16.07 -15.76 -15.538
2.314511 -10.499 -9.339 -11.188 -13.077 -14.362 -15.229 -13.474 -13.313 -14.388 -15.256 -15.804 -16.129 -13.239 -14.707 -15.59 -15.966 -16.163 -14.87 -15.613 -15.986 -16.156 -16.267 -15.567 -15.153 -15.774 -16.246 -16.106 -15.801 -15.541
2.384512 -10.49 -9.236 -11.121 -13.026 -14.333 -15.218 -13.451 -13.266 -14.36 -15.246 -15.808 -16.145 -13.19 -14.685 -15.588 -15.975 -16.18 -14.853 -15.612 -15.996 -16.172 -16.287 -15.568 -15.142 -15.778 -16.276 -16.141 -15.842 -15.544
2.45663 -10.482 -9.13 -11.054 -12.973 -14.303 -15.206 -13.428 -13.216 -14.331 -15.235 -15.812 -16.16 -13.139 -14.663 -15.585 -15.983 -16.197 -14.834 -15.609 -16.004 -16.188 -16.307 -15.568 -15.13 -15.781 -16.304 -16.176 -15.882 -15.546
2.530929 -10.476 -9.023 -10.985 -12.918 -14.272 -15.193 -13.404 -13.166 -14.301 -15.223 -15.815 -16.175 -13.086 -14.639 -15.581 -15.99 -16.213 -14.815 -15.606 -16.012 -16.203 -16.327 -15.567 -15.117 -15.783 -16.333 -16.211 -15.922 -15.547
2.607475 -10.471 -8.913 -10.915 -12.861 -14.239 -15.178 -13.378 -13.113 -14.269 -15.209 -15.818 -16.189 -13.031 -14.614 -15.576 -15.997 -16.228 -14.794 -15.602 -16.019 -16.217 -16.346 -15.565 -15.103 -15.784 -16.361 -16.246 -15.962 -15.547
2.686337 -10.468 -8.801 -10.843 -12.802 -14.204 -15.163 -13.352 -13.059 -14.235 -15.195 -15.819 -16.203 -12.975 -14.587 -15.57 -16.003 -16.243 -14.772 -15.597 -16.026 -16.23 -16.364 -15.562 -15.088 -15.784 -16.388 -16.28 -16.001 -15.547
2.767583 -10.466 -8.688 -10.77 -12.742 -14.169 -15.146 -13.325 -13.003 -14.201 -15.179 -15.819 -16.215 -12.917 -14.559 -15.562 -16.008 -16.257 -14.749 -15.59 -16.031 -16.243 -16.382 -15.558 -15.072 -15.784 -16.415 -16.314 -16.041 -15.546
2.851287 -10.465 -8.572 -10.695 -12.679 -14.131 -15.128 -13.296 -12.945 -14.165 -15.162 -15.818 -16.227 -12.857 -14.53 -15.554 -16.012 -16.27 -14.725 -15.583 -16.036 -16.255 -16.399 -15.554 -15.054 -15.782 -16.441 -16.347 -16.08 -15.544
2.937522 -10.466 -8.455 -10.619 -12.615 -14.092 -15.108 -13.267 -12.885 -14.127 -15.143 -15.817 -16.238 -12.795 -14.499 -15.545 -16.015 -16.282 -14.7 -15.575 -16.039 -16.266 -16.415 -15.548 -15.035 -15.78 -16.467 -16.38 -16.119 -15.541
3.026365 -10.467 -8.335 -10.542 -12.549 -14.052 -15.087 -13.236 -12.823 -14.087 -15.124 -15.814 -16.249 -12.73 -14.467 -15.534 -16.017 -16.294 -14.673 -15.565 -16.042 -16.276 -16.431 -15.541 -15.016 -15.776 -16.492 -16.413 -16.157 -15.538
3.117896 -10.47 -8.214 -10.463 -12.48 -14.009 -15.065 -13.205 -12.759 -14.047 -15.103 -15.811 -16.258 -12.664 -14.433 -15.523 -16.018 -16.305 -14.645 -15.554 -16.044 -16.286 -16.446 -15.534 -14.994 -15.771 -16.517 -16.445 -16.195 -15.534
3.212194 -10.473 -8.091 -10.383 -12.41 -13.966 -15.042 -13.172 -12.693 -14.004 -15.08 -15.806 -16.267 -12.596 -14.398 -15.51 -16.018 -16.315 -14.616 -15.543 -16.044 -16.295 -16.46 -15.525 -14.972 -15.766 -16.541 -16.477 -16.233 -15.529
3.309345 -10.478 -7.967 -10.301 -12.337 -13.92 -15.017 -13.139 -12.626 -13.96 -15.057 -15.8 -16.275 -12.526 -14.361 -15.496 -16.017 -16.324 -14.585 -15.53 -16.044 -16.302 -16.473 -15.515 -14.948 -15.759 -16.565 -16.509 -16.271 -15.523
3.409434 -10.483 -7.842 -10.218 -12.263 -13.873 -14.99 -13.104 -12.556 -13.914 -15.032 -15.794 -16.282 -12.454 -14.323 -15.48 -16.016 -16.332 -14.553 -15.515 -16.043 -16.309 -16.486 -15.505 -14.923 -15.751 -16.588 -16.54 -16.308 -15.517
3.51255 -10.489 -7.715 -10.133 -12.186 -13.823 -14.962 -13.068 -12.484 -13.866 -15.005 -15.786 -16.288 -12.379 -14.283 -15.463 -16.013 -16.34 -14.52 -15.5 -16.041 -16.315 -16.498 -15.493 -14.896 -15.742 -16.61 -16.57 -16.345 -15.509
3.618785 -10.497 -7.637 -10.081 -12.139 -13.795 -14.947 -13.048 -12.44 -13.839 -14.991 -15.784 -16.296 -12.334 -14.26 -15.456 -16.014 -16.348 -14.502 -15.493 -16.043 -16.323 -16.509 -15.489 -14.883 -15.74 -16.628 -16.594 -16.373 -15.508
3.728232 -10.508 -7.648 -10.092 -12.15 -13.806 -14.959 -13.059 -12.451 -13.85 -15.002 -15.795 -16.307 -12.345 -14.271 -15.467 -16.025 -16.359 -14.513 -15.504 -16.054 -16.334 -16.52 -15.5 -14.894 -15.751 -16.639 -16.605 -16.384 -15.519
3.84099 -10.519 -7.659 -10.103 -12.161 -13.817 -14.969 -13.069 -12.462 -13.86 -15.013 -15.806 -16.317 -12.356 -14.282 -15.478 -16.036 -16.37 -14.524 -15.515 -16.065 -16.344 -16.531 -15.511 -14.904 -15.762 -16.65 -16.615 -16.395 -15.53
3.957158 -10.529 -7.669 -10.114 -12.171 -13.827 -14.98 -13.08 -12.472 -13.871 -15.024 -15.816 -16.328 -12.366 -14.292 -15.488 -16.046 -16.381 -14.534 -15.526 -16.075 -16.355 -16.541 -15.521 -14.915 -15.772 -16.66 -16.626 -16.405 -15.54
4.07684 -10.54 -7.68 -10.124 -12.181 -13.837 -14.99 -13.09 -12.483 -13.881 -15.034 -15.827 -16.338 -12.376 -14.303 -15.499 -16.057 -16.391 -14.545 -15.536 -16.085 -16.365 -16.552 -15.531 -14.925 -15.783 -16.671 -16.636 -16.416 -15.551
4.200141 -10.55 -7.69 -10.134 -12.191 -13.847 -15.0 -13.1 -12.493 -13.891 -15.044 -15.837 -16.348 -12.387 -14.313 -15.509 -16.067 -16.401 -14.555 -15.546 -16.096 -16.375 -16.562 -15.541 -14.935 -15.793 -16.681 -16.646 -16.426 -15.561
