web/models/kne/25/villar_0.0512_0.2493_10.0000.dat
# %ECSV 1.0
# ---
# datatype:
# - {name: time, datatype: float64}
# - {name: swift_uvot_uvw2, datatype: float64}
# - {name: swift_uvot_uvm2, datatype: float64}
# - {name: swift_uvot_uvw1, datatype: float64}
# - {name: swift_uvot_U, datatype: float64}
# - {name: swift_uvot_B, datatype: float64}
# - {name: swift_uvot_V, datatype: float64}
# - {name: swift_uvot_W, datatype: float64}
# - {name: johnson_U, datatype: float64}
# - {name: johnson_B, datatype: float64}
# - {name: johnson_V, datatype: float64}
# - {name: johnson_R, datatype: float64}
# - {name: johnson_I, datatype: float64}
# - {name: sdss_u, datatype: float64}
# - {name: sdss_g, datatype: float64}
# - {name: sdss_r, datatype: float64}
# - {name: sdss_i, datatype: float64}
# - {name: sdss_z, datatype: float64}
# - {name: PS1_g, datatype: float64}
# - {name: PS1_r, datatype: float64}
# - {name: PS1_i, datatype: float64}
# - {name: PS1_z, datatype: float64}
# - {name: PS1_Y, datatype: float64}
# - {name: PS1_w, datatype: float64}
# - {name: ATLAS_c, datatype: float64}
# - {name: ATLAS_o, datatype: float64}
# - {name: ukirt_J, datatype: float64}
# - {name: ukirt_H, datatype: float64}
# - {name: ukirt_K, datatype: float64}
# - {name: Clear, datatype: float64}
# meta: !!omap
# - comment: [kappa = 10.0, type = villar, mass = 0.051209162050732976, velocity = 0.24933333333333335, theta_obs = 0.0]
# schema: astropy-2.0
time swift_uvot_uvw2 swift_uvot_uvm2 swift_uvot_uvw1 swift_uvot_U swift_uvot_B swift_uvot_V swift_uvot_W johnson_U johnson_B johnson_V johnson_R johnson_I sdss_u sdss_g sdss_r sdss_i sdss_z PS1_g PS1_r PS1_i PS1_z PS1_Y PS1_w ATLAS_c ATLAS_o ukirt_J ukirt_H ukirt_K Clear
[from data line 78]
0.010217 -9.771 -9.776 -9.753 -9.615 -9.392 -9.11 -9.623 -9.585 -9.388 -9.1 -8.779 -8.389 -9.592 -9.304 -8.927 -8.627 -8.332 -9.287 -8.949 -8.652 -8.443 -8.385 -8.964 -9.157 -8.803 -7.72 -7.207 -6.605 -9.019
0.010526 -9.804 -9.812 -9.791 -9.659 -9.439 -9.159 -9.663 -9.629 -9.435 -9.149 -8.829 -8.441 -9.636 -9.351 -8.977 -8.677 -8.383 -9.334 -8.998 -8.702 -8.493 -8.435 -9.013 -9.206 -8.853 -7.773 -7.261 -6.659 -9.068
0.010845 -9.836 -9.847 -9.829 -9.703 -9.485 -9.207 -9.702 -9.673 -9.482 -9.198 -8.879 -8.492 -9.681 -9.398 -9.027 -8.728 -8.435 -9.381 -9.047 -8.752 -8.544 -8.485 -9.062 -9.254 -8.903 -7.825 -7.314 -6.713 -9.116
0.011173 -9.867 -9.882 -9.867 -9.746 -9.531 -9.256 -9.741 -9.717 -9.528 -9.246 -8.929 -8.543 -9.725 -9.445 -9.076 -8.779 -8.486 -9.429 -9.097 -8.803 -8.595 -8.534 -9.111 -9.302 -8.953 -7.878 -7.368 -6.767 -9.165
0.011511 -9.898 -9.917 -9.904 -9.789 -9.578 -9.304 -9.779 -9.761 -9.574 -9.295 -8.979 -8.594 -9.768 -9.492 -9.125 -8.829 -8.538 -9.476 -9.146 -8.853 -8.645 -8.584 -9.16 -9.35 -9.003 -7.931 -7.421 -6.821 -9.213
0.011859 -9.929 -9.952 -9.941 -9.832 -9.624 -9.352 -9.818 -9.805 -9.62 -9.343 -9.029 -8.646 -9.812 -9.539 -9.175 -8.88 -8.589 -9.522 -9.194 -8.903 -8.695 -8.633 -9.208 -9.397 -9.052 -7.983 -7.474 -6.875 -9.261
0.012217 -9.96 -9.986 -9.978 -9.875 -9.67 -9.4 -9.856 -9.848 -9.666 -9.391 -9.079 -8.697 -9.855 -9.586 -9.224 -8.93 -8.64 -9.569 -9.243 -8.953 -8.746 -8.682 -9.257 -9.445 -9.102 -8.036 -7.528 -6.928 -9.309
0.012587 -9.99 -10.02 -10.015 -9.918 -9.715 -9.448 -9.894 -9.891 -9.712 -9.439 -9.128 -8.748 -9.898 -9.632 -9.273 -8.98 -8.691 -9.616 -9.292 -9.002 -8.796 -8.732 -9.305 -9.493 -9.151 -8.088 -7.581 -6.982 -9.357
0.012968 -10.02 -10.053 -10.051 -9.961 -9.761 -9.496 -9.932 -9.935 -9.757 -9.487 -9.178 -8.798 -9.941 -9.678 -9.321 -9.03 -8.742 -9.662 -9.341 -9.052 -8.846 -8.781 -9.353 -9.54 -9.201 -8.141 -7.634 -7.036 -9.405
0.01336 -10.05 -10.087 -10.087 -10.003 -9.806 -9.544 -9.969 -9.977 -9.803 -9.535 -9.227 -8.849 -9.984 -9.725 -9.37 -9.08 -8.793 -9.708 -9.389 -9.102 -8.896 -8.83 -9.402 -9.587 -9.25 -8.193 -7.687 -7.089 -9.452
0.013764 -10.079 -10.12 -10.123 -10.045 -9.852 -9.592 -10.007 -10.02 -9.848 -9.582 -9.276 -8.9 -10.027 -9.771 -9.419 -9.13 -8.844 -9.755 -9.437 -9.151 -8.946 -8.879 -9.45 -9.634 -9.299 -8.245 -7.74 -7.143 -9.5
0.01418 -10.108 -10.152 -10.158 -10.087 -9.897 -9.639 -10.044 -10.062 -9.893 -9.63 -9.325 -8.95 -10.069 -9.817 -9.467 -9.18 -8.895 -9.801 -9.486 -9.201 -8.996 -8.929 -9.498 -9.681 -9.348 -8.298 -7.793 -7.197 -9.547
0.014609 -10.136 -10.184 -10.193 -10.129 -9.942 -9.686 -10.08 -10.105 -9.938 -9.677 -9.374 -9.001 -10.111 -9.862 -9.516 -9.23 -8.946 -9.847 -9.534 -9.25 -9.046 -8.978 -9.545 -9.728 -9.397 -8.35 -7.846 -7.25 -9.594
0.015051 -10.164 -10.216 -10.228 -10.17 -9.986 -9.734 -10.117 -10.147 -9.983 -9.725 -9.423 -9.051 -10.153 -9.908 -9.564 -9.28 -8.996 -9.892 -9.582 -9.3 -9.096 -9.027 -9.593 -9.775 -9.446 -8.402 -7.899 -7.304 -9.642
0.015506 -10.192 -10.248 -10.263 -10.211 -10.031 -9.781 -10.153 -10.189 -10.027 -9.772 -9.472 -9.102 -10.195 -9.953 -9.612 -9.329 -9.047 -9.938 -9.63 -9.349 -9.145 -9.076 -9.641 -9.821 -9.495 -8.454 -7.951 -7.357 -9.689
0.015975 -10.219 -10.279 -10.297 -10.252 -10.075 -9.828 -10.19 -10.23 -10.072 -9.819 -9.521 -9.152 -10.237 -9.999 -9.66 -9.379 -9.097 -9.983 -9.677 -9.398 -9.195 -9.124 -9.688 -9.868 -9.543 -8.506 -8.004 -7.411 -9.735
0.016458 -10.246 -10.31 -10.331 -10.293 -10.12 -9.874 -10.226 -10.272 -10.116 -9.866 -9.569 -9.202 -10.278 -10.044 -9.708 -9.428 -9.148 -10.029 -9.725 -9.447 -9.245 -9.173 -9.735 -9.914 -9.592 -8.558 -8.057 -7.464 -9.782
0.016956 -10.273 -10.341 -10.365 -10.334 -10.164 -9.921 -10.261 -10.313 -10.16 -9.912 -9.618 -9.252 -10.319 -10.089 -9.756 -9.477 -9.198 -10.074 -9.773 -9.496 -9.294 -9.222 -9.783 -9.96 -9.64 -8.609 -8.109 -7.517 -9.829
0.017469 -10.3 -10.371 -10.399 -10.374 -10.208 -9.968 -10.297 -10.354 -10.204 -9.959 -9.666 -9.302 -10.36 -10.134 -9.804 -9.526 -9.248 -10.119 -9.82 -9.545 -9.344 -9.271 -9.83 -10.006 -9.688 -8.661 -8.162 -7.57 -9.875
0.017997 -10.325 -10.401 -10.432 -10.415 -10.251 -10.014 -10.332 -10.395 -10.248 -10.005 -9.715 -9.352 -10.401 -10.178 -9.851 -9.576 -9.299 -10.164 -9.868 -9.594 -9.393 -9.32 -9.877 -10.052 -9.737 -8.713 -8.215 -7.624 -9.922
0.018541 -10.351 -10.43 -10.465 -10.455 -10.295 -10.06 -10.367 -10.436 -10.292 -10.052 -9.763 -9.402 -10.441 -10.223 -9.899 -9.625 -9.349 -10.208 -9.915 -9.642 -9.442 -9.368 -9.923 -10.098 -9.785 -8.764 -8.267 -7.677 -9.968
0.019102 -10.376 -10.459 -10.497 -10.495 -10.339 -10.107 -10.402 -10.476 -10.335 -10.098 -9.811 -9.452 -10.482 -10.267 -9.946 -9.673 -9.399 -10.253 -9.962 -9.691 -9.491 -9.417 -9.97 -10.143 -9.833 -8.816 -8.319 -7.73 -10.014
0.01968 -10.401 -10.488 -10.53 -10.534 -10.382 -10.153 -10.436 -10.516 -10.378 -10.144 -9.859 -9.501 -10.522 -10.312 -9.993 -9.722 -9.449 -10.297 -10.009 -9.739 -9.54 -9.465 -10.017 -10.189 -9.881 -8.868 -8.372 -7.783 -10.06
0.020275 -10.426 -10.517 -10.562 -10.573 -10.425 -10.199 -10.471 -10.556 -10.422 -10.19 -9.907 -9.551 -10.562 -10.356 -10.041 -9.771 -9.498 -10.342 -10.056 -9.788 -9.589 -9.514 -10.063 -10.234 -9.928 -8.919 -8.424 -7.836 -10.106
0.020888 -10.45 -10.545 -10.593 -10.613 -10.468 -10.244 -10.505 -10.596 -10.465 -10.236 -9.955 -9.6 -10.602 -10.4 -10.088 -9.82 -9.548 -10.386 -10.103 -9.836 -9.638 -9.562 -10.11 -10.279 -9.976 -8.97 -8.476 -7.889 -10.152
0.02152 -10.474 -10.573 -10.625 -10.652 -10.511 -10.29 -10.538 -10.636 -10.507 -10.281 -10.002 -9.65 -10.641 -10.443 -10.135 -9.868 -9.598 -10.43 -10.149 -9.884 -9.687 -9.611 -10.156 -10.324 -10.023 -9.022 -8.529 -7.942 -10.197
0.022171 -10.497 -10.6 -10.656 -10.69 -10.553 -10.336 -10.572 -10.675 -10.55 -10.327 -10.05 -9.699 -10.68 -10.487 -10.181 -9.916 -9.647 -10.474 -10.196 -9.932 -9.736 -9.659 -10.202 -10.369 -10.071 -9.073 -8.581 -7.995 -10.243
0.022841 -10.52 -10.627 -10.687 -10.729 -10.596 -10.381 -10.605 -10.714 -10.592 -10.372 -10.097 -9.749 -10.719 -10.53 -10.228 -9.965 -9.697 -10.517 -10.242 -9.98 -9.785 -9.707 -10.248 -10.414 -10.118 -9.124 -8.633 -8.048 -10.288
0.023532 -10.542 -10.654 -10.717 -10.767 -10.638 -10.426 -10.639 -10.753 -10.635 -10.418 -10.145 -9.798 -10.758 -10.574 -10.275 -10.013 -9.746 -10.561 -10.289 -10.028 -9.834 -9.756 -10.294 -10.458 -10.165 -9.175 -8.685 -8.101 -10.333
0.024244 -10.565 -10.68 -10.747 -10.805 -10.68 -10.471 -10.672 -10.792 -10.677 -10.463 -10.192 -9.847 -10.797 -10.617 -10.321 -10.061 -9.796 -10.604 -10.335 -10.076 -9.882 -9.804 -10.339 -10.503 -10.213 -9.226 -8.737 -8.154 -10.378
0.024977 -10.586 -10.706 -10.777 -10.843 -10.722 -10.516 -10.704 -10.83 -10.719 -10.508 -10.239 -9.896 -10.835 -10.66 -10.367 -10.109 -9.845 -10.647 -10.381 -10.124 -9.931 -9.852 -10.385 -10.547 -10.26 -9.277 -8.789 -8.206 -10.423
0.025733 -10.608 -10.731 -10.807 -10.88 -10.764 -10.561 -10.737 -10.869 -10.76 -10.553 -10.286 -9.945 -10.873 -10.702 -10.414 -10.157 -9.894 -10.691 -10.427 -10.172 -9.979 -9.9 -10.43 -10.591 -10.306 -9.328 -8.841 -8.259 -10.468
0.026511 -10.629 -10.756 -10.836 -10.918 -10.805 -10.606 -10.769 -10.907 -10.802 -10.597 -10.333 -9.993 -10.911 -10.745 -10.46 -10.205 -9.943 -10.733 -10.473 -10.219 -10.028 -9.948 -10.476 -10.635 -10.353 -9.379 -8.893 -8.312 -10.513
0.027313 -10.649 -10.781 -10.865 -10.955 -10.846 -10.65 -10.801 -10.945 -10.843 -10.642 -10.38 -10.042 -10.949 -10.787 -10.506 -10.253 -9.992 -10.776 -10.519 -10.267 -10.076 -9.996 -10.521 -10.679 -10.4 -9.43 -8.945 -8.364 -10.557
0.028139 -10.67 -10.806 -10.893 -10.992 -10.888 -10.695 -10.833 -10.982 -10.884 -10.687 -10.426 -10.091 -10.986 -10.83 -10.551 -10.3 -10.041 -10.819 -10.564 -10.314 -10.124 -10.044 -10.566 -10.723 -10.446 -9.481 -8.997 -8.417 -10.602
0.02899 -10.689 -10.829 -10.921 -11.028 -10.929 -10.739 -10.864 -11.02 -10.925 -10.731 -10.473 -10.139 -11.024 -10.872 -10.597 -10.348 -10.09 -10.861 -10.61 -10.361 -10.172 -10.092 -10.611 -10.767 -10.493 -9.532 -9.048 -8.47 -10.646
0.029867 -10.709 -10.853 -10.949 -11.064 -10.969 -10.783 -10.895 -11.057 -10.966 -10.775 -10.519 -10.188 -11.061 -10.914 -10.643 -10.395 -10.139 -10.903 -10.655 -10.409 -10.22 -10.139 -10.656 -10.81 -10.539 -9.582 -9.1 -8.522 -10.69
0.03077 -10.728 -10.876 -10.977 -11.101 -11.01 -10.827 -10.926 -11.094 -11.007 -10.819 -10.566 -10.236 -11.097 -10.956 -10.688 -10.443 -10.187 -10.946 -10.701 -10.456 -10.268 -10.187 -10.701 -10.853 -10.585 -9.633 -9.152 -8.575 -10.734
0.031701 -10.746 -10.899 -11.004 -11.136 -11.05 -10.871 -10.957 -11.13 -11.047 -10.863 -10.612 -10.285 -11.134 -10.997 -10.733 -10.49 -10.236 -10.987 -10.746 -10.503 -10.316 -10.235 -10.745 -10.896 -10.631 -9.684 -9.203 -8.627 -10.778
0.032659 -10.764 -10.921 -11.031 -11.172 -11.091 -10.914 -10.988 -11.167 -11.087 -10.907 -10.658 -10.333 -11.17 -11.039 -10.779 -10.537 -10.285 -11.029 -10.791 -10.55 -10.364 -10.282 -10.79 -10.939 -10.677 -9.734 -9.255 -8.68 -10.822
0.033647 -10.782 -10.943 -11.057 -11.207 -11.131 -10.958 -11.018 -11.203 -11.128 -10.95 -10.704 -10.381 -11.206 -11.08 -10.824 -10.584 -10.333 -11.071 -10.836 -10.596 -10.412 -10.33 -10.834 -10.982 -10.723 -9.784 -9.306 -8.732 -10.865
0.034665 -10.799 -10.965 -11.083 -11.242 -11.17 -11.001 -11.048 -11.239 -11.167 -10.994 -10.75 -10.429 -11.242 -11.121 -10.869 -10.631 -10.381 -11.112 -10.88 -10.643 -10.459 -10.377 -10.878 -11.025 -10.769 -9.835 -9.358 -8.784 -10.909
0.035713 -10.816 -10.986 -11.109 -11.277 -11.21 -11.045 -11.078 -11.274 -11.207 -11.037 -10.796 -10.477 -11.278 -11.162 -10.913 -10.678 -10.43 -11.153 -10.925 -10.69 -10.507 -10.425 -10.922 -11.067 -10.814 -9.885 -9.409 -8.837 -10.952
0.036793 -10.832 -11.006 -11.135 -11.312 -11.249 -11.088 -11.108 -11.31 -11.246 -11.08 -10.841 -10.525 -11.313 -11.202 -10.958 -10.724 -10.478 -11.195 -10.97 -10.736 -10.554 -10.472 -10.966 -11.11 -10.86 -9.935 -9.46 -8.889 -10.995
0.037906 -10.848 -11.027 -11.16 -11.346 -11.289 -11.13 -11.137 -11.345 -11.286 -11.123 -10.887 -10.572 -11.348 -11.243 -11.003 -10.771 -10.526 -11.235 -11.014 -10.783 -10.602 -10.52 -11.01 -11.152 -10.905 -9.985 -9.512 -8.941 -11.038
0.039052 -10.864 -11.047 -11.185 -11.38 -11.328 -11.173 -11.166 -11.38 -11.325 -11.166 -10.932 -10.62 -11.383 -11.283 -11.047 -10.817 -10.574 -11.276 -11.058 -10.829 -10.649 -10.567 -11.053 -11.194 -10.951 -10.035 -9.563 -8.993 -11.081
0.040234 -10.879 -11.066 -11.209 -11.414 -11.366 -11.216 -11.195 -11.414 -11.364 -11.208 -10.978 -10.668 -11.417 -11.323 -11.091 -10.864 -10.622 -11.317 -11.102 -10.875 -10.696 -10.614 -11.097 -11.236 -10.996 -10.086 -9.614 -9.045 -11.124
0.04145 -10.893 -11.085 -11.233 -11.447 -11.405 -11.258 -11.224 -11.449 -11.402 -11.251 -11.023 -10.715 -11.451 -11.363 -11.135 -10.91 -10.669 -11.357 -11.146 -10.921 -10.743 -10.661 -11.14 -11.277 -11.041 -10.135 -9.665 -9.098 -11.166
0.042704 -10.907 -11.103 -11.257 -11.481 -11.443 -11.3 -11.252 -11.483 -11.441 -11.293 -11.068 -10.762 -11.485 -11.403 -11.179 -10.956 -10.717 -11.397 -11.19 -10.967 -10.79 -10.708 -11.183 -11.319 -11.085 -10.185 -9.716 -9.15 -11.209
0.043996 -10.921 -11.121 -11.28 -11.513 -11.482 -11.343 -11.28 -11.517 -11.479 -11.335 -11.113 -10.81 -11.519 -11.442 -11.223 -11.002 -10.765 -11.437 -11.234 -11.013 -10.837 -10.755 -11.226 -11.36 -11.13 -10.235 -9.767 -9.202 -11.251
0.045326 -10.934 -11.139 -11.303 -11.546 -11.52 -11.384 -11.308 -11.55 -11.517 -11.377 -11.157 -10.857 -11.552 -11.482 -11.267 -11.048 -10.812 -11.477 -11.277 -11.059 -10.884 -10.802 -11.269 -11.401 -11.175 -10.285 -9.818 -9.254 -11.293
0.046697 -10.947 -11.156 -11.325 -11.578 -11.557 -11.426 -11.336 -11.583 -11.554 -11.419 -11.202 -10.904 -11.585 -11.521 -11.31 -11.094 -10.86 -11.517 -11.321 -11.104 -10.931 -10.849 -11.312 -11.442 -11.219 -10.335 -9.869 -9.306 -11.335
0.048109 -10.959 -11.173 -11.347 -11.61 -11.595 -11.468 -11.363 -11.616 -11.592 -11.461 -11.246 -10.951 -11.618 -11.56 -11.354 -11.14 -10.907 -11.556 -11.364 -11.15 -10.978 -10.896 -11.354 -11.483 -11.263 -10.384 -9.92 -9.357 -11.377
0.049564 -10.971 -11.189 -11.369 -11.642 -11.632 -11.509 -11.39 -11.649 -11.629 -11.502 -11.291 -10.998 -11.651 -11.599 -11.397 -11.185 -10.954 -11.595 -11.407 -11.195 -11.024 -10.942 -11.397 -11.524 -11.308 -10.434 -9.971 -9.409 -11.418
0.051063 -10.982 -11.204 -11.39 -11.674 -11.669 -11.55 -11.417 -11.682 -11.666 -11.544 -11.335 -11.044 -11.683 -11.637 -11.44 -11.231 -11.001 -11.634 -11.45 -11.241 -11.071 -10.989 -11.439 -11.564 -11.352 -10.483 -10.022 -9.461 -11.46
0.052608 -10.993 -11.22 -11.411 -11.705 -11.706 -11.592 -11.444 -11.714 -11.703 -11.585 -11.379 -11.091 -11.715 -11.675 -11.483 -11.276 -11.048 -11.673 -11.493 -11.286 -11.117 -11.036 -11.481 -11.604 -11.396 -10.533 -10.073 -9.513 -11.501
0.054199 -11.004 -11.234 -11.432 -11.736 -11.742 -11.632 -11.471 -11.746 -11.74 -11.626 -11.423 -11.138 -11.747 -11.713 -11.526 -11.321 -11.095 -11.712 -11.536 -11.331 -11.163 -11.082 -11.523 -11.644 -11.439 -10.582 -10.123 -9.565 -11.542
0.055838 -11.014 -11.249 -11.452 -11.766 -11.779 -11.673 -11.497 -11.777 -11.776 -11.666 -11.467 -11.184 -11.778 -11.751 -11.568 -11.366 -11.142 -11.75 -11.578 -11.376 -11.21 -11.128 -11.565 -11.684 -11.483 -10.631 -10.174 -9.616 -11.583
0.057527 -11.023 -11.262 -11.472 -11.796 -11.815 -11.714 -11.523 -11.808 -11.812 -11.707 -11.511 -11.23 -11.809 -11.789 -11.611 -11.411 -11.189 -11.788 -11.621 -11.421 -11.256 -11.175 -11.606 -11.724 -11.526 -10.681 -10.224 -9.668 -11.624
0.059267 -11.032 -11.276 -11.491 -11.826 -11.851 -11.754 -11.548 -11.839 -11.848 -11.747 -11.554 -11.277 -11.84 -11.826 -11.653 -11.456 -11.235 -11.826 -11.663 -11.465 -11.302 -11.221 -11.648 -11.763 -11.57 -10.73 -10.275 -9.72 -11.665
0.061059 -11.04 -11.288 -11.51 -11.856 -11.886 -11.794 -11.574 -11.87 -11.884 -11.788 -11.598 -11.323 -11.87 -11.864 -11.695 -11.501 -11.282 -11.864 -11.705 -11.51 -11.348 -11.267 -11.689 -11.803 -11.613 -10.779 -10.325 -9.771 -11.705
0.062906 -11.048 -11.301 -11.528 -11.885 -11.922 -11.834 -11.599 -11.9 -11.919 -11.828 -11.641 -11.369 -11.9 -11.901 -11.737 -11.545 -11.328 -11.901 -11.747 -11.554 -11.393 -11.313 -11.73 -11.842 -11.656 -10.828 -10.376 -9.823 -11.745
0.064808 -11.056 -11.312 -11.547 -11.914 -11.957 -11.874 -11.624 -11.93 -11.955 -11.868 -11.684 -11.415 -11.93 -11.937 -11.779 -11.59 -11.374 -11.939 -11.788 -11.599 -11.439 -11.359 -11.771 -11.881 -11.699 -10.877 -10.426 -9.874 -11.786
0.066769 -11.062 -11.323 -11.564 -11.943 -11.992 -11.913 -11.649 -11.96 -11.989 -11.907 -11.727 -11.46 -11.96 -11.974 -11.821 -11.634 -11.421 -11.976 -11.83 -11.643 -11.485 -11.405 -11.812 -11.92 -11.742 -10.926 -10.476 -9.926 -11.826
0.068788 -11.069 -11.334 -11.581 -11.971 -12.026 -11.953 -11.673 -11.99 -12.024 -11.947 -11.77 -11.506 -11.989 -12.01 -11.862 -11.678 -11.467 -12.013 -11.871 -11.687 -11.53 -11.451 -11.853 -11.958 -11.784 -10.974 -10.527 -9.977 -11.865
0.070868 -11.075 -11.344 -11.598 -11.999 -12.061 -11.992 -11.697 -12.019 -12.059 -11.986 -11.812 -11.552 -12.018 -12.046 -11.904 -11.722 -11.513 -12.05 -11.913 -11.731 -11.576 -11.497 -11.893 -11.996 -11.827 -11.023 -10.577 -10.029 -11.905
0.073012 -11.08 -11.354 -11.614 -12.027 -12.095 -12.031 -11.721 -12.047 -12.093 -12.025 -11.855 -11.597 -12.046 -12.082 -11.945 -11.766 -11.559 -12.086 -11.954 -11.775 -11.621 -11.543 -11.933 -12.034 -11.869 -11.072 -10.627 -10.08 -11.944
0.07522 -11.085 -11.363 -11.63 -12.054 -12.129 -12.07 -11.745 -12.076 -12.127 -12.064 -11.897 -11.642 -12.074 -12.118 -11.986 -11.81 -11.604 -12.122 -11.995 -11.818 -11.666 -11.588 -11.973 -12.072 -11.911 -11.12 -10.677 -10.131 -11.984
0.077495 -11.089 -11.371 -11.646 -12.081 -12.162 -12.108 -11.768 -12.104 -12.16 -12.103 -11.939 -11.688 -12.102 -12.153 -12.027 -11.853 -11.65 -12.158 -12.035 -11.862 -11.711 -11.634 -12.013 -12.11 -11.953 -11.169 -10.727 -10.182 -12.023
