web/models/linear/70/-18_245_0_578.dat
# %ECSV 1.0
# ---
# datatype:
# - {name: time, datatype: float64}
# - {name: sdss_u, datatype: float64}
# - {name: sdss_g, datatype: float64}
# - {name: sdss_r, datatype: float64}
# - {name: sdss_i, datatype: float64}
# - {name: sdss_z, datatype: float64}
# - {name: Clear, datatype: float64}
# - {name: johnson_B, datatype: float64}
# - {name: johnson_V, datatype: float64}
# - {name: johnson_R, datatype: float64}
# - {name: johnson_I, datatype: float64}
# - {name: ukirt_J, datatype: float64}
# - {name: ukirt_H, datatype: float64}
# - {name: ukirt_K, datatype: float64}
# meta: !!omap
# - comment: [M=-18.244897959183675, dM=0.5782109645659659]
# schema: astropy-2.0
time sdss_u sdss_g sdss_r sdss_i sdss_z Clear johnson_B johnson_V johnson_R johnson_I ukirt_J ukirt_H ukirt_K
0.0 -18.244897959183675 -18.244897959183675 -18.244897959183675 -18.244897959183675 -18.244897959183675 -18.244897959183675 -18.244897959183675 -18.244897959183675 -18.244897959183675 -18.244897959183675 -18.244897959183675 -18.244897959183675 -18.244897959183675
0.07537688442211055 -18.201314218135987 -18.201314218135987 -18.201314218135987 -18.201314218135987 -18.201314218135987 -18.201314218135987 -18.201314218135987 -18.201314218135987 -18.201314218135987 -18.201314218135987 -18.201314218135987 -18.201314218135987 -18.201314218135987
0.1507537688442211 -18.157730477088304 -18.157730477088304 -18.157730477088304 -18.157730477088304 -18.157730477088304 -18.157730477088304 -18.157730477088304 -18.157730477088304 -18.157730477088304 -18.157730477088304 -18.157730477088304 -18.157730477088304 -18.157730477088304
0.22613065326633164 -18.114146736040617 -18.114146736040617 -18.114146736040617 -18.114146736040617 -18.114146736040617 -18.114146736040617 -18.114146736040617 -18.114146736040617 -18.114146736040617 -18.114146736040617 -18.114146736040617 -18.114146736040617 -18.114146736040617
0.3015075376884422 -18.07056299499293 -18.07056299499293 -18.07056299499293 -18.07056299499293 -18.07056299499293 -18.07056299499293 -18.07056299499293 -18.07056299499293 -18.07056299499293 -18.07056299499293 -18.07056299499293 -18.07056299499293 -18.07056299499293
0.37688442211055273 -18.026979253945246 -18.026979253945246 -18.026979253945246 -18.026979253945246 -18.026979253945246 -18.026979253945246 -18.026979253945246 -18.026979253945246 -18.026979253945246 -18.026979253945246 -18.026979253945246 -18.026979253945246 -18.026979253945246
0.4522613065326633 -17.98339551289756 -17.98339551289756 -17.98339551289756 -17.98339551289756 -17.98339551289756 -17.98339551289756 -17.98339551289756 -17.98339551289756 -17.98339551289756 -17.98339551289756 -17.98339551289756 -17.98339551289756 -17.98339551289756
0.5276381909547738 -17.939811771849875 -17.939811771849875 -17.939811771849875 -17.939811771849875 -17.939811771849875 -17.939811771849875 -17.939811771849875 -17.939811771849875 -17.939811771849875 -17.939811771849875 -17.939811771849875 -17.939811771849875 -17.939811771849875
0.6030150753768844 -17.896228030802188 -17.896228030802188 -17.896228030802188 -17.896228030802188 -17.896228030802188 -17.896228030802188 -17.896228030802188 -17.896228030802188 -17.896228030802188 -17.896228030802188 -17.896228030802188 -17.896228030802188 -17.896228030802188
0.6783919597989949 -17.8526442897545 -17.8526442897545 -17.8526442897545 -17.8526442897545 -17.8526442897545 -17.8526442897545 -17.8526442897545 -17.8526442897545 -17.8526442897545 -17.8526442897545 -17.8526442897545 -17.8526442897545 -17.8526442897545
0.7537688442211055 -17.809060548706817 -17.809060548706817 -17.809060548706817 -17.809060548706817 -17.809060548706817 -17.809060548706817 -17.809060548706817 -17.809060548706817 -17.809060548706817 -17.809060548706817 -17.809060548706817 -17.809060548706817 -17.809060548706817
0.829145728643216 -17.76547680765913 -17.76547680765913 -17.76547680765913 -17.76547680765913 -17.76547680765913 -17.76547680765913 -17.76547680765913 -17.76547680765913 -17.76547680765913 -17.76547680765913 -17.76547680765913 -17.76547680765913 -17.76547680765913
0.9045226130653266 -17.721893066611443 -17.721893066611443 -17.721893066611443 -17.721893066611443 -17.721893066611443 -17.721893066611443 -17.721893066611443 -17.721893066611443 -17.721893066611443 -17.721893066611443 -17.721893066611443 -17.721893066611443 -17.721893066611443
0.9798994974874371 -17.67830932556376 -17.67830932556376 -17.67830932556376 -17.67830932556376 -17.67830932556376 -17.67830932556376 -17.67830932556376 -17.67830932556376 -17.67830932556376 -17.67830932556376 -17.67830932556376 -17.67830932556376 -17.67830932556376
1.0552763819095476 -17.634725584516072 -17.634725584516072 -17.634725584516072 -17.634725584516072 -17.634725584516072 -17.634725584516072 -17.634725584516072 -17.634725584516072 -17.634725584516072 -17.634725584516072 -17.634725584516072 -17.634725584516072 -17.634725584516072
1.1306532663316582 -17.591141843468385 -17.591141843468385 -17.591141843468385 -17.591141843468385 -17.591141843468385 -17.591141843468385 -17.591141843468385 -17.591141843468385 -17.591141843468385 -17.591141843468385 -17.591141843468385 -17.591141843468385 -17.591141843468385
1.2060301507537687 -17.5475581024207 -17.5475581024207 -17.5475581024207 -17.5475581024207 -17.5475581024207 -17.5475581024207 -17.5475581024207 -17.5475581024207 -17.5475581024207 -17.5475581024207 -17.5475581024207 -17.5475581024207 -17.5475581024207
1.2814070351758793 -17.503974361373015 -17.503974361373015 -17.503974361373015 -17.503974361373015 -17.503974361373015 -17.503974361373015 -17.503974361373015 -17.503974361373015 -17.503974361373015 -17.503974361373015 -17.503974361373015 -17.503974361373015 -17.503974361373015
1.3567839195979898 -17.460390620325327 -17.460390620325327 -17.460390620325327 -17.460390620325327 -17.460390620325327 -17.460390620325327 -17.460390620325327 -17.460390620325327 -17.460390620325327 -17.460390620325327 -17.460390620325327 -17.460390620325327 -17.460390620325327
1.4321608040201004 -17.416806879277644 -17.416806879277644 -17.416806879277644 -17.416806879277644 -17.416806879277644 -17.416806879277644 -17.416806879277644 -17.416806879277644 -17.416806879277644 -17.416806879277644 -17.416806879277644 -17.416806879277644 -17.416806879277644
1.507537688442211 -17.373223138229957 -17.373223138229957 -17.373223138229957 -17.373223138229957 -17.373223138229957 -17.373223138229957 -17.373223138229957 -17.373223138229957 -17.373223138229957 -17.373223138229957 -17.373223138229957 -17.373223138229957 -17.373223138229957
1.5829145728643215 -17.329639397182273 -17.329639397182273 -17.329639397182273 -17.329639397182273 -17.329639397182273 -17.329639397182273 -17.329639397182273 -17.329639397182273 -17.329639397182273 -17.329639397182273 -17.329639397182273 -17.329639397182273 -17.329639397182273
1.658291457286432 -17.286055656134586 -17.286055656134586 -17.286055656134586 -17.286055656134586 -17.286055656134586 -17.286055656134586 -17.286055656134586 -17.286055656134586 -17.286055656134586 -17.286055656134586 -17.286055656134586 -17.286055656134586 -17.286055656134586
1.7336683417085426 -17.2424719150869 -17.2424719150869 -17.2424719150869 -17.2424719150869 -17.2424719150869 -17.2424719150869 -17.2424719150869 -17.2424719150869 -17.2424719150869 -17.2424719150869 -17.2424719150869 -17.2424719150869 -17.2424719150869
1.809045226130653 -17.198888174039215 -17.198888174039215 -17.198888174039215 -17.198888174039215 -17.198888174039215 -17.198888174039215 -17.198888174039215 -17.198888174039215 -17.198888174039215 -17.198888174039215 -17.198888174039215 -17.198888174039215 -17.198888174039215
1.8844221105527637 -17.155304432991528 -17.155304432991528 -17.155304432991528 -17.155304432991528 -17.155304432991528 -17.155304432991528 -17.155304432991528 -17.155304432991528 -17.155304432991528 -17.155304432991528 -17.155304432991528 -17.155304432991528 -17.155304432991528
1.9597989949748742 -17.11172069194384 -17.11172069194384 -17.11172069194384 -17.11172069194384 -17.11172069194384 -17.11172069194384 -17.11172069194384 -17.11172069194384 -17.11172069194384 -17.11172069194384 -17.11172069194384 -17.11172069194384 -17.11172069194384
2.0351758793969847 -17.068136950896157 -17.068136950896157 -17.068136950896157 -17.068136950896157 -17.068136950896157 -17.068136950896157 -17.068136950896157 -17.068136950896157 -17.068136950896157 -17.068136950896157 -17.068136950896157 -17.068136950896157 -17.068136950896157
2.1105527638190953 -17.02455320984847 -17.02455320984847 -17.02455320984847 -17.02455320984847 -17.02455320984847 -17.02455320984847 -17.02455320984847 -17.02455320984847 -17.02455320984847 -17.02455320984847 -17.02455320984847 -17.02455320984847 -17.02455320984847
2.185929648241206 -16.980969468800783 -16.980969468800783 -16.980969468800783 -16.980969468800783 -16.980969468800783 -16.980969468800783 -16.980969468800783 -16.980969468800783 -16.980969468800783 -16.980969468800783 -16.980969468800783 -16.980969468800783 -16.980969468800783
2.2613065326633164 -16.9373857277531 -16.9373857277531 -16.9373857277531 -16.9373857277531 -16.9373857277531 -16.9373857277531 -16.9373857277531 -16.9373857277531 -16.9373857277531 -16.9373857277531 -16.9373857277531 -16.9373857277531 -16.9373857277531
2.336683417085427 -16.893801986705412 -16.893801986705412 -16.893801986705412 -16.893801986705412 -16.893801986705412 -16.893801986705412 -16.893801986705412 -16.893801986705412 -16.893801986705412 -16.893801986705412 -16.893801986705412 -16.893801986705412 -16.893801986705412
2.4120603015075375 -16.85021824565773 -16.85021824565773 -16.85021824565773 -16.85021824565773 -16.85021824565773 -16.85021824565773 -16.85021824565773 -16.85021824565773 -16.85021824565773 -16.85021824565773 -16.85021824565773 -16.85021824565773 -16.85021824565773
2.487437185929648 -16.80663450461004 -16.80663450461004 -16.80663450461004 -16.80663450461004 -16.80663450461004 -16.80663450461004 -16.80663450461004 -16.80663450461004 -16.80663450461004 -16.80663450461004 -16.80663450461004 -16.80663450461004 -16.80663450461004
2.5628140703517586 -16.763050763562354 -16.763050763562354 -16.763050763562354 -16.763050763562354 -16.763050763562354 -16.763050763562354 -16.763050763562354 -16.763050763562354 -16.763050763562354 -16.763050763562354 -16.763050763562354 -16.763050763562354 -16.763050763562354
2.638190954773869 -16.71946702251467 -16.71946702251467 -16.71946702251467 -16.71946702251467 -16.71946702251467 -16.71946702251467 -16.71946702251467 -16.71946702251467 -16.71946702251467 -16.71946702251467 -16.71946702251467 -16.71946702251467 -16.71946702251467
2.7135678391959797 -16.675883281466984 -16.675883281466984 -16.675883281466984 -16.675883281466984 -16.675883281466984 -16.675883281466984 -16.675883281466984 -16.675883281466984 -16.675883281466984 -16.675883281466984 -16.675883281466984 -16.675883281466984 -16.675883281466984
2.78894472361809 -16.632299540419297 -16.632299540419297 -16.632299540419297 -16.632299540419297 -16.632299540419297 -16.632299540419297 -16.632299540419297 -16.632299540419297 -16.632299540419297 -16.632299540419297 -16.632299540419297 -16.632299540419297 -16.632299540419297
2.8643216080402008 -16.588715799371613 -16.588715799371613 -16.588715799371613 -16.588715799371613 -16.588715799371613 -16.588715799371613 -16.588715799371613 -16.588715799371613 -16.588715799371613 -16.588715799371613 -16.588715799371613 -16.588715799371613 -16.588715799371613
2.9396984924623113 -16.545132058323926 -16.545132058323926 -16.545132058323926 -16.545132058323926 -16.545132058323926 -16.545132058323926 -16.545132058323926 -16.545132058323926 -16.545132058323926 -16.545132058323926 -16.545132058323926 -16.545132058323926 -16.545132058323926
3.015075376884422 -16.50154831727624 -16.50154831727624 -16.50154831727624 -16.50154831727624 -16.50154831727624 -16.50154831727624 -16.50154831727624 -16.50154831727624 -16.50154831727624 -16.50154831727624 -16.50154831727624 -16.50154831727624 -16.50154831727624
3.0904522613065324 -16.457964576228555 -16.457964576228555 -16.457964576228555 -16.457964576228555 -16.457964576228555 -16.457964576228555 -16.457964576228555 -16.457964576228555 -16.457964576228555 -16.457964576228555 -16.457964576228555 -16.457964576228555 -16.457964576228555
3.165829145728643 -16.414380835180868 -16.414380835180868 -16.414380835180868 -16.414380835180868 -16.414380835180868 -16.414380835180868 -16.414380835180868 -16.414380835180868 -16.414380835180868 -16.414380835180868 -16.414380835180868 -16.414380835180868 -16.414380835180868
3.2412060301507535 -16.37079709413318 -16.37079709413318 -16.37079709413318 -16.37079709413318 -16.37079709413318 -16.37079709413318 -16.37079709413318 -16.37079709413318 -16.37079709413318 -16.37079709413318 -16.37079709413318 -16.37079709413318 -16.37079709413318
3.316582914572864 -16.327213353085497 -16.327213353085497 -16.327213353085497 -16.327213353085497 -16.327213353085497 -16.327213353085497 -16.327213353085497 -16.327213353085497 -16.327213353085497 -16.327213353085497 -16.327213353085497 -16.327213353085497 -16.327213353085497
3.3919597989949746 -16.28362961203781 -16.28362961203781 -16.28362961203781 -16.28362961203781 -16.28362961203781 -16.28362961203781 -16.28362961203781 -16.28362961203781 -16.28362961203781 -16.28362961203781 -16.28362961203781 -16.28362961203781 -16.28362961203781
3.467336683417085 -16.240045870990123 -16.240045870990123 -16.240045870990123 -16.240045870990123 -16.240045870990123 -16.240045870990123 -16.240045870990123 -16.240045870990123 -16.240045870990123 -16.240045870990123 -16.240045870990123 -16.240045870990123 -16.240045870990123
3.5427135678391957 -16.19646212994244 -16.19646212994244 -16.19646212994244 -16.19646212994244 -16.19646212994244 -16.19646212994244 -16.19646212994244 -16.19646212994244 -16.19646212994244 -16.19646212994244 -16.19646212994244 -16.19646212994244 -16.19646212994244
3.618090452261306 -16.152878388894752 -16.152878388894752 -16.152878388894752 -16.152878388894752 -16.152878388894752 -16.152878388894752 -16.152878388894752 -16.152878388894752 -16.152878388894752 -16.152878388894752 -16.152878388894752 -16.152878388894752 -16.152878388894752
3.6934673366834168 -16.10929464784707 -16.10929464784707 -16.10929464784707 -16.10929464784707 -16.10929464784707 -16.10929464784707 -16.10929464784707 -16.10929464784707 -16.10929464784707 -16.10929464784707 -16.10929464784707 -16.10929464784707 -16.10929464784707
3.7688442211055273 -16.06571090679938 -16.06571090679938 -16.06571090679938 -16.06571090679938 -16.06571090679938 -16.06571090679938 -16.06571090679938 -16.06571090679938 -16.06571090679938 -16.06571090679938 -16.06571090679938 -16.06571090679938 -16.06571090679938
3.844221105527638 -16.022127165751694 -16.022127165751694 -16.022127165751694 -16.022127165751694 -16.022127165751694 -16.022127165751694 -16.022127165751694 -16.022127165751694 -16.022127165751694 -16.022127165751694 -16.022127165751694 -16.022127165751694 -16.022127165751694
3.9195979899497484 -15.978543424704009 -15.978543424704009 -15.978543424704009 -15.978543424704009 -15.978543424704009 -15.978543424704009 -15.978543424704009 -15.978543424704009 -15.978543424704009 -15.978543424704009 -15.978543424704009 -15.978543424704009 -15.978543424704009
3.994974874371859 -15.934959683656324 -15.934959683656324 -15.934959683656324 -15.934959683656324 -15.934959683656324 -15.934959683656324 -15.934959683656324 -15.934959683656324 -15.934959683656324 -15.934959683656324 -15.934959683656324 -15.934959683656324 -15.934959683656324
4.0703517587939695 -15.891375942608638 -15.891375942608638 -15.891375942608638 -15.891375942608638 -15.891375942608638 -15.891375942608638 -15.891375942608638 -15.891375942608638 -15.891375942608638 -15.891375942608638 -15.891375942608638 -15.891375942608638 -15.891375942608638
4.14572864321608 -15.847792201560953 -15.847792201560953 -15.847792201560953 -15.847792201560953 -15.847792201560953 -15.847792201560953 -15.847792201560953 -15.847792201560953 -15.847792201560953 -15.847792201560953 -15.847792201560953 -15.847792201560953 -15.847792201560953
4.221105527638191 -15.804208460513266 -15.804208460513266 -15.804208460513266 -15.804208460513266 -15.804208460513266 -15.804208460513266 -15.804208460513266 -15.804208460513266 -15.804208460513266 -15.804208460513266 -15.804208460513266 -15.804208460513266 -15.804208460513266
4.296482412060302 -15.76062471946558 -15.76062471946558 -15.76062471946558 -15.76062471946558 -15.76062471946558 -15.76062471946558 -15.76062471946558 -15.76062471946558 -15.76062471946558 -15.76062471946558 -15.76062471946558 -15.76062471946558 -15.76062471946558
