web/models/linear/70/-18_245_0_789.dat
# %ECSV 1.0
# ---
# datatype:
# - {name: time, datatype: float64}
# - {name: sdss_u, datatype: float64}
# - {name: sdss_g, datatype: float64}
# - {name: sdss_r, datatype: float64}
# - {name: sdss_i, datatype: float64}
# - {name: sdss_z, datatype: float64}
# - {name: Clear, datatype: float64}
# - {name: johnson_B, datatype: float64}
# - {name: johnson_V, datatype: float64}
# - {name: johnson_R, datatype: float64}
# - {name: johnson_I, datatype: float64}
# - {name: ukirt_J, datatype: float64}
# - {name: ukirt_H, datatype: float64}
# - {name: ukirt_K, datatype: float64}
# meta: !!omap
# - comment: [M=-18.244897959183675, dM=0.7885372992905649]
# schema: astropy-2.0
time sdss_u sdss_g sdss_r sdss_i sdss_z Clear johnson_B johnson_V johnson_R johnson_I ukirt_J ukirt_H ukirt_K
[from data line 117]
8.819095477386934 -11.290712229259345 -11.290712229259345 -11.290712229259345 -11.290712229259345 -11.290712229259345 -11.290712229259345 -11.290712229259345 -11.290712229259345 -11.290712229259345 -11.290712229259345 -11.290712229259345 -11.290712229259345 -11.290712229259345
8.894472361809044 -11.231274744388198 -11.231274744388198 -11.231274744388198 -11.231274744388198 -11.231274744388198 -11.231274744388198 -11.231274744388198 -11.231274744388198 -11.231274744388198 -11.231274744388198 -11.231274744388198 -11.231274744388198 -11.231274744388198
8.969849246231155 -11.171837259517051 -11.171837259517051 -11.171837259517051 -11.171837259517051 -11.171837259517051 -11.171837259517051 -11.171837259517051 -11.171837259517051 -11.171837259517051 -11.171837259517051 -11.171837259517051 -11.171837259517051 -11.171837259517051
9.045226130653266 -11.112399774645901 -11.112399774645901 -11.112399774645901 -11.112399774645901 -11.112399774645901 -11.112399774645901 -11.112399774645901 -11.112399774645901 -11.112399774645901 -11.112399774645901 -11.112399774645901 -11.112399774645901 -11.112399774645901
9.120603015075377 -11.052962289774754 -11.052962289774754 -11.052962289774754 -11.052962289774754 -11.052962289774754 -11.052962289774754 -11.052962289774754 -11.052962289774754 -11.052962289774754 -11.052962289774754 -11.052962289774754 -11.052962289774754 -11.052962289774754
9.195979899497488 -10.993524804903604 -10.993524804903604 -10.993524804903604 -10.993524804903604 -10.993524804903604 -10.993524804903604 -10.993524804903604 -10.993524804903604 -10.993524804903604 -10.993524804903604 -10.993524804903604 -10.993524804903604 -10.993524804903604
9.271356783919597 -10.934087320032457 -10.934087320032457 -10.934087320032457 -10.934087320032457 -10.934087320032457 -10.934087320032457 -10.934087320032457 -10.934087320032457 -10.934087320032457 -10.934087320032457 -10.934087320032457 -10.934087320032457 -10.934087320032457
9.346733668341708 -10.87464983516131 -10.87464983516131 -10.87464983516131 -10.87464983516131 -10.87464983516131 -10.87464983516131 -10.87464983516131 -10.87464983516131 -10.87464983516131 -10.87464983516131 -10.87464983516131 -10.87464983516131 -10.87464983516131
9.422110552763819 -10.81521235029016 -10.81521235029016 -10.81521235029016 -10.81521235029016 -10.81521235029016 -10.81521235029016 -10.81521235029016 -10.81521235029016 -10.81521235029016 -10.81521235029016 -10.81521235029016 -10.81521235029016 -10.81521235029016
9.497487437185928 -10.755774865419014 -10.755774865419014 -10.755774865419014 -10.755774865419014 -10.755774865419014 -10.755774865419014 -10.755774865419014 -10.755774865419014 -10.755774865419014 -10.755774865419014 -10.755774865419014 -10.755774865419014 -10.755774865419014
9.572864321608039 -10.696337380547867 -10.696337380547867 -10.696337380547867 -10.696337380547867 -10.696337380547867 -10.696337380547867 -10.696337380547867 -10.696337380547867 -10.696337380547867 -10.696337380547867 -10.696337380547867 -10.696337380547867 -10.696337380547867
9.64824120603015 -10.636899895676716 -10.636899895676716 -10.636899895676716 -10.636899895676716 -10.636899895676716 -10.636899895676716 -10.636899895676716 -10.636899895676716 -10.636899895676716 -10.636899895676716 -10.636899895676716 -10.636899895676716 -10.636899895676716
9.72361809045226 -10.57746241080557 -10.57746241080557 -10.57746241080557 -10.57746241080557 -10.57746241080557 -10.57746241080557 -10.57746241080557 -10.57746241080557 -10.57746241080557 -10.57746241080557 -10.57746241080557 -10.57746241080557 -10.57746241080557
9.798994974874372 -10.51802492593442 -10.51802492593442 -10.51802492593442 -10.51802492593442 -10.51802492593442 -10.51802492593442 -10.51802492593442 -10.51802492593442 -10.51802492593442 -10.51802492593442 -10.51802492593442 -10.51802492593442 -10.51802492593442
9.874371859296481 -10.458587441063273 -10.458587441063273 -10.458587441063273 -10.458587441063273 -10.458587441063273 -10.458587441063273 -10.458587441063273 -10.458587441063273 -10.458587441063273 -10.458587441063273 -10.458587441063273 -10.458587441063273 -10.458587441063273
9.949748743718592 -10.399149956192126 -10.399149956192126 -10.399149956192126 -10.399149956192126 -10.399149956192126 -10.399149956192126 -10.399149956192126 -10.399149956192126 -10.399149956192126 -10.399149956192126 -10.399149956192126 -10.399149956192126 -10.399149956192126
10.025125628140703 -10.339712471320976 -10.339712471320976 -10.339712471320976 -10.339712471320976 -10.339712471320976 -10.339712471320976 -10.339712471320976 -10.339712471320976 -10.339712471320976 -10.339712471320976 -10.339712471320976 -10.339712471320976 -10.339712471320976
10.100502512562812 -10.280274986449829 -10.280274986449829 -10.280274986449829 -10.280274986449829 -10.280274986449829 -10.280274986449829 -10.280274986449829 -10.280274986449829 -10.280274986449829 -10.280274986449829 -10.280274986449829 -10.280274986449829 -10.280274986449829
10.175879396984923 -10.22083750157868 -10.22083750157868 -10.22083750157868 -10.22083750157868 -10.22083750157868 -10.22083750157868 -10.22083750157868 -10.22083750157868 -10.22083750157868 -10.22083750157868 -10.22083750157868 -10.22083750157868 -10.22083750157868
10.251256281407034 -10.161400016707532 -10.161400016707532 -10.161400016707532 -10.161400016707532 -10.161400016707532 -10.161400016707532 -10.161400016707532 -10.161400016707532 -10.161400016707532 -10.161400016707532 -10.161400016707532 -10.161400016707532 -10.161400016707532
10.326633165829145 -10.101962531836383 -10.101962531836383 -10.101962531836383 -10.101962531836383 -10.101962531836383 -10.101962531836383 -10.101962531836383 -10.101962531836383 -10.101962531836383 -10.101962531836383 -10.101962531836383 -10.101962531836383 -10.101962531836383
10.402010050251256 -10.042525046965235 -10.042525046965235 -10.042525046965235 -10.042525046965235 -10.042525046965235 -10.042525046965235 -10.042525046965235 -10.042525046965235 -10.042525046965235 -10.042525046965235 -10.042525046965235 -10.042525046965235 -10.042525046965235
10.477386934673365 -9.983087562094088 -9.983087562094088 -9.983087562094088 -9.983087562094088 -9.983087562094088 -9.983087562094088 -9.983087562094088 -9.983087562094088 -9.983087562094088 -9.983087562094088 -9.983087562094088 -9.983087562094088 -9.983087562094088
10.552763819095476 -9.92365007722294 -9.92365007722294 -9.92365007722294 -9.92365007722294 -9.92365007722294 -9.92365007722294 -9.92365007722294 -9.92365007722294 -9.92365007722294 -9.92365007722294 -9.92365007722294 -9.92365007722294 -9.92365007722294
10.628140703517587 -9.864212592351791 -9.864212592351791 -9.864212592351791 -9.864212592351791 -9.864212592351791 -9.864212592351791 -9.864212592351791 -9.864212592351791 -9.864212592351791 -9.864212592351791 -9.864212592351791 -9.864212592351791 -9.864212592351791
10.703517587939697 -9.804775107480644 -9.804775107480644 -9.804775107480644 -9.804775107480644 -9.804775107480644 -9.804775107480644 -9.804775107480644 -9.804775107480644 -9.804775107480644 -9.804775107480644 -9.804775107480644 -9.804775107480644 -9.804775107480644
10.778894472361808 -9.745337622609496 -9.745337622609496 -9.745337622609496 -9.745337622609496 -9.745337622609496 -9.745337622609496 -9.745337622609496 -9.745337622609496 -9.745337622609496 -9.745337622609496 -9.745337622609496 -9.745337622609496 -9.745337622609496
10.854271356783919 -9.685900137738347 -9.685900137738347 -9.685900137738347 -9.685900137738347 -9.685900137738347 -9.685900137738347 -9.685900137738347 -9.685900137738347 -9.685900137738347 -9.685900137738347 -9.685900137738347 -9.685900137738347 -9.685900137738347
10.92964824120603 -9.626462652867199 -9.626462652867199 -9.626462652867199 -9.626462652867199 -9.626462652867199 -9.626462652867199 -9.626462652867199 -9.626462652867199 -9.626462652867199 -9.626462652867199 -9.626462652867199 -9.626462652867199 -9.626462652867199
11.00502512562814 -9.56702516799605 -9.56702516799605 -9.56702516799605 -9.56702516799605 -9.56702516799605 -9.56702516799605 -9.56702516799605 -9.56702516799605 -9.56702516799605 -9.56702516799605 -9.56702516799605 -9.56702516799605 -9.56702516799605
11.08040201005025 -9.507587683124903 -9.507587683124903 -9.507587683124903 -9.507587683124903 -9.507587683124903 -9.507587683124903 -9.507587683124903 -9.507587683124903 -9.507587683124903 -9.507587683124903 -9.507587683124903 -9.507587683124903 -9.507587683124903
11.15577889447236 -9.448150198253755 -9.448150198253755 -9.448150198253755 -9.448150198253755 -9.448150198253755 -9.448150198253755 -9.448150198253755 -9.448150198253755 -9.448150198253755 -9.448150198253755 -9.448150198253755 -9.448150198253755 -9.448150198253755
11.231155778894472 -9.388712713382606 -9.388712713382606 -9.388712713382606 -9.388712713382606 -9.388712713382606 -9.388712713382606 -9.388712713382606 -9.388712713382606 -9.388712713382606 -9.388712713382606 -9.388712713382606 -9.388712713382606 -9.388712713382606
11.306532663316581 -9.32927522851146 -9.32927522851146 -9.32927522851146 -9.32927522851146 -9.32927522851146 -9.32927522851146 -9.32927522851146 -9.32927522851146 -9.32927522851146 -9.32927522851146 -9.32927522851146 -9.32927522851146 -9.32927522851146
11.381909547738692 -9.269837743640311 -9.269837743640311 -9.269837743640311 -9.269837743640311 -9.269837743640311 -9.269837743640311 -9.269837743640311 -9.269837743640311 -9.269837743640311 -9.269837743640311 -9.269837743640311 -9.269837743640311 -9.269837743640311
11.457286432160803 -9.210400258769162 -9.210400258769162 -9.210400258769162 -9.210400258769162 -9.210400258769162 -9.210400258769162 -9.210400258769162 -9.210400258769162 -9.210400258769162 -9.210400258769162 -9.210400258769162 -9.210400258769162 -9.210400258769162
11.532663316582914 -9.150962773898014 -9.150962773898014 -9.150962773898014 -9.150962773898014 -9.150962773898014 -9.150962773898014 -9.150962773898014 -9.150962773898014 -9.150962773898014 -9.150962773898014 -9.150962773898014 -9.150962773898014 -9.150962773898014
11.608040201005025 -9.091525289026865 -9.091525289026865 -9.091525289026865 -9.091525289026865 -9.091525289026865 -9.091525289026865 -9.091525289026865 -9.091525289026865 -9.091525289026865 -9.091525289026865 -9.091525289026865 -9.091525289026865 -9.091525289026865
11.683417085427134 -9.032087804155719 -9.032087804155719 -9.032087804155719 -9.032087804155719 -9.032087804155719 -9.032087804155719 -9.032087804155719 -9.032087804155719 -9.032087804155719 -9.032087804155719 -9.032087804155719 -9.032087804155719 -9.032087804155719
11.758793969849245 -8.97265031928457 -8.97265031928457 -8.97265031928457 -8.97265031928457 -8.97265031928457 -8.97265031928457 -8.97265031928457 -8.97265031928457 -8.97265031928457 -8.97265031928457 -8.97265031928457 -8.97265031928457 -8.97265031928457
11.834170854271356 -8.913212834413422 -8.913212834413422 -8.913212834413422 -8.913212834413422 -8.913212834413422 -8.913212834413422 -8.913212834413422 -8.913212834413422 -8.913212834413422 -8.913212834413422 -8.913212834413422 -8.913212834413422 -8.913212834413422
11.909547738693465 -8.853775349542275 -8.853775349542275 -8.853775349542275 -8.853775349542275 -8.853775349542275 -8.853775349542275 -8.853775349542275 -8.853775349542275 -8.853775349542275 -8.853775349542275 -8.853775349542275 -8.853775349542275 -8.853775349542275
11.984924623115576 -8.794337864671126 -8.794337864671126 -8.794337864671126 -8.794337864671126 -8.794337864671126 -8.794337864671126 -8.794337864671126 -8.794337864671126 -8.794337864671126 -8.794337864671126 -8.794337864671126 -8.794337864671126 -8.794337864671126
12.060301507537687 -8.734900379799978 -8.734900379799978 -8.734900379799978 -8.734900379799978 -8.734900379799978 -8.734900379799978 -8.734900379799978 -8.734900379799978 -8.734900379799978 -8.734900379799978 -8.734900379799978 -8.734900379799978 -8.734900379799978
12.135678391959798 -8.67546289492883 -8.67546289492883 -8.67546289492883 -8.67546289492883 -8.67546289492883 -8.67546289492883 -8.67546289492883 -8.67546289492883 -8.67546289492883 -8.67546289492883 -8.67546289492883 -8.67546289492883 -8.67546289492883
12.21105527638191 -8.61602541005768 -8.61602541005768 -8.61602541005768 -8.61602541005768 -8.61602541005768 -8.61602541005768 -8.61602541005768 -8.61602541005768 -8.61602541005768 -8.61602541005768 -8.61602541005768 -8.61602541005768 -8.61602541005768
12.286432160804019 -8.556587925186534 -8.556587925186534 -8.556587925186534 -8.556587925186534 -8.556587925186534 -8.556587925186534 -8.556587925186534 -8.556587925186534 -8.556587925186534 -8.556587925186534 -8.556587925186534 -8.556587925186534 -8.556587925186534
12.36180904522613 -8.497150440315385 -8.497150440315385 -8.497150440315385 -8.497150440315385 -8.497150440315385 -8.497150440315385 -8.497150440315385 -8.497150440315385 -8.497150440315385 -8.497150440315385 -8.497150440315385 -8.497150440315385 -8.497150440315385
12.43718592964824 -8.437712955444237 -8.437712955444237 -8.437712955444237 -8.437712955444237 -8.437712955444237 -8.437712955444237 -8.437712955444237 -8.437712955444237 -8.437712955444237 -8.437712955444237 -8.437712955444237 -8.437712955444237 -8.437712955444237
12.51256281407035 -8.37827547057309 -8.37827547057309 -8.37827547057309 -8.37827547057309 -8.37827547057309 -8.37827547057309 -8.37827547057309 -8.37827547057309 -8.37827547057309 -8.37827547057309 -8.37827547057309 -8.37827547057309 -8.37827547057309
12.58793969849246 -8.318837985701942 -8.318837985701942 -8.318837985701942 -8.318837985701942 -8.318837985701942 -8.318837985701942 -8.318837985701942 -8.318837985701942 -8.318837985701942 -8.318837985701942 -8.318837985701942 -8.318837985701942 -8.318837985701942
12.663316582914572 -8.259400500830793 -8.259400500830793 -8.259400500830793 -8.259400500830793 -8.259400500830793 -8.259400500830793 -8.259400500830793 -8.259400500830793 -8.259400500830793 -8.259400500830793 -8.259400500830793 -8.259400500830793 -8.259400500830793
12.738693467336683 -8.199963015959645 -8.199963015959645 -8.199963015959645 -8.199963015959645 -8.199963015959645 -8.199963015959645 -8.199963015959645 -8.199963015959645 -8.199963015959645 -8.199963015959645 -8.199963015959645 -8.199963015959645 -8.199963015959645
12.814070351758794 -8.140525531088496 -8.140525531088496 -8.140525531088496 -8.140525531088496 -8.140525531088496 -8.140525531088496 -8.140525531088496 -8.140525531088496 -8.140525531088496 -8.140525531088496 -8.140525531088496 -8.140525531088496 -8.140525531088496
12.889447236180903 -8.08108804621735 -8.08108804621735 -8.08108804621735 -8.08108804621735 -8.08108804621735 -8.08108804621735 -8.08108804621735 -8.08108804621735 -8.08108804621735 -8.08108804621735 -8.08108804621735 -8.08108804621735 -8.08108804621735
12.964824120603014 -8.0216505613462 -8.0216505613462 -8.0216505613462 -8.0216505613462 -8.0216505613462 -8.0216505613462 -8.0216505613462 -8.0216505613462 -8.0216505613462 -8.0216505613462 -8.0216505613462 -8.0216505613462 -8.0216505613462
13.040201005025125 -7.962213076475052 -7.962213076475052 -7.962213076475052 -7.962213076475052 -7.962213076475052 -7.962213076475052 -7.962213076475052 -7.962213076475052 -7.962213076475052 -7.962213076475052 -7.962213076475052 -7.962213076475052 -7.962213076475052
13.115577889447234 -7.9027755916039055 -7.9027755916039055 -7.9027755916039055 -7.9027755916039055 -7.9027755916039055 -7.9027755916039055 -7.9027755916039055 -7.9027755916039055 -7.9027755916039055 -7.9027755916039055 -7.9027755916039055 -7.9027755916039055 -7.9027755916039055
13.190954773869345 -7.843338106732757 -7.843338106732757 -7.843338106732757 -7.843338106732757 -7.843338106732757 -7.843338106732757 -7.843338106732757 -7.843338106732757 -7.843338106732757 -7.843338106732757 -7.843338106732757 -7.843338106732757 -7.843338106732757
