web/models/linear/70/-18_245_0_143.dat
# %ECSV 1.0
# ---
# datatype:
# - {name: time, datatype: float64}
# - {name: swift_uvot_uvw2, datatype: float64}
# - {name: swift_uvot_uvm2, datatype: float64}
# - {name: swift_uvot_uvw1, datatype: float64}
# - {name: swift_uvot_U, datatype: float64}
# - {name: swift_uvot_B, datatype: float64}
# - {name: swift_uvot_V, datatype: float64}
# - {name: swift_uvot_W, datatype: float64}
# - {name: johnson_U, datatype: float64}
# - {name: johnson_B, datatype: float64}
# - {name: johnson_V, datatype: float64}
# - {name: johnson_R, datatype: float64}
# - {name: johnson_I, datatype: float64}
# - {name: sdss_u, datatype: float64}
# - {name: sdss_g, datatype: float64}
# - {name: sdss_r, datatype: float64}
# - {name: sdss_i, datatype: float64}
# - {name: sdss_z, datatype: float64}
# - {name: PS1_g, datatype: float64}
# - {name: PS1_r, datatype: float64}
# - {name: PS1_i, datatype: float64}
# - {name: PS1_z, datatype: float64}
# - {name: PS1_Y, datatype: float64}
# - {name: PS1_w, datatype: float64}
# - {name: ATLAS_c, datatype: float64}
# - {name: ATLAS_o, datatype: float64}
# - {name: ukirt_J, datatype: float64}
# - {name: ukirt_H, datatype: float64}
# - {name: ukirt_K, datatype: float64}
# - {name: Clear, datatype: float64}
# meta: !!omap
# - comment: [M=-18.244897959183675, dM=0.14314450828613579]
# schema: astropy-2.0
time swift_uvot_uvw2 swift_uvot_uvm2 swift_uvot_uvw1 swift_uvot_U swift_uvot_B swift_uvot_V swift_uvot_W johnson_U johnson_B johnson_V johnson_R johnson_I sdss_u sdss_g sdss_r sdss_i sdss_z PS1_g PS1_r PS1_i PS1_z PS1_Y PS1_w ATLAS_c ATLAS_o ukirt_J ukirt_H ukirt_K Clear
[from data line 164]
12.36180904522613 -16.475372881877675 -16.475372881877675 -16.475372881877675 -16.475372881877675 -16.475372881877675 -16.475372881877675 -16.475372881877675 -16.475372881877675 -16.475372881877675 -16.475372881877675 -16.475372881877675 -16.475372881877675 -16.475372881877675 -16.475372881877675 -16.475372881877675 -16.475372881877675 -16.475372881877675 -16.475372881877675 -16.475372881877675 -16.475372881877675 -16.475372881877675 -16.475372881877675 -16.475372881877675 -16.475372881877675 -16.475372881877675 -16.475372881877675 -16.475372881877675 -16.475372881877675 -16.475372881877675
12.43718592964824 -16.46458309482093 -16.46458309482093 -16.46458309482093 -16.46458309482093 -16.46458309482093 -16.46458309482093 -16.46458309482093 -16.46458309482093 -16.46458309482093 -16.46458309482093 -16.46458309482093 -16.46458309482093 -16.46458309482093 -16.46458309482093 -16.46458309482093 -16.46458309482093 -16.46458309482093 -16.46458309482093 -16.46458309482093 -16.46458309482093 -16.46458309482093 -16.46458309482093 -16.46458309482093 -16.46458309482093 -16.46458309482093 -16.46458309482093 -16.46458309482093 -16.46458309482093 -16.46458309482093
12.51256281407035 -16.453793307764187 -16.453793307764187 -16.453793307764187 -16.453793307764187 -16.453793307764187 -16.453793307764187 -16.453793307764187 -16.453793307764187 -16.453793307764187 -16.453793307764187 -16.453793307764187 -16.453793307764187 -16.453793307764187 -16.453793307764187 -16.453793307764187 -16.453793307764187 -16.453793307764187 -16.453793307764187 -16.453793307764187 -16.453793307764187 -16.453793307764187 -16.453793307764187 -16.453793307764187 -16.453793307764187 -16.453793307764187 -16.453793307764187 -16.453793307764187 -16.453793307764187 -16.453793307764187
12.58793969849246 -16.443003520707443 -16.443003520707443 -16.443003520707443 -16.443003520707443 -16.443003520707443 -16.443003520707443 -16.443003520707443 -16.443003520707443 -16.443003520707443 -16.443003520707443 -16.443003520707443 -16.443003520707443 -16.443003520707443 -16.443003520707443 -16.443003520707443 -16.443003520707443 -16.443003520707443 -16.443003520707443 -16.443003520707443 -16.443003520707443 -16.443003520707443 -16.443003520707443 -16.443003520707443 -16.443003520707443 -16.443003520707443 -16.443003520707443 -16.443003520707443 -16.443003520707443 -16.443003520707443
12.663316582914572 -16.4322137336507 -16.4322137336507 -16.4322137336507 -16.4322137336507 -16.4322137336507 -16.4322137336507 -16.4322137336507 -16.4322137336507 -16.4322137336507 -16.4322137336507 -16.4322137336507 -16.4322137336507 -16.4322137336507 -16.4322137336507 -16.4322137336507 -16.4322137336507 -16.4322137336507 -16.4322137336507 -16.4322137336507 -16.4322137336507 -16.4322137336507 -16.4322137336507 -16.4322137336507 -16.4322137336507 -16.4322137336507 -16.4322137336507 -16.4322137336507 -16.4322137336507 -16.4322137336507
12.738693467336683 -16.421423946593954 -16.421423946593954 -16.421423946593954 -16.421423946593954 -16.421423946593954 -16.421423946593954 -16.421423946593954 -16.421423946593954 -16.421423946593954 -16.421423946593954 -16.421423946593954 -16.421423946593954 -16.421423946593954 -16.421423946593954 -16.421423946593954 -16.421423946593954 -16.421423946593954 -16.421423946593954 -16.421423946593954 -16.421423946593954 -16.421423946593954 -16.421423946593954 -16.421423946593954 -16.421423946593954 -16.421423946593954 -16.421423946593954 -16.421423946593954 -16.421423946593954 -16.421423946593954
12.814070351758794 -16.41063415953721 -16.41063415953721 -16.41063415953721 -16.41063415953721 -16.41063415953721 -16.41063415953721 -16.41063415953721 -16.41063415953721 -16.41063415953721 -16.41063415953721 -16.41063415953721 -16.41063415953721 -16.41063415953721 -16.41063415953721 -16.41063415953721 -16.41063415953721 -16.41063415953721 -16.41063415953721 -16.41063415953721 -16.41063415953721 -16.41063415953721 -16.41063415953721 -16.41063415953721 -16.41063415953721 -16.41063415953721 -16.41063415953721 -16.41063415953721 -16.41063415953721 -16.41063415953721
12.889447236180903 -16.399844372480466 -16.399844372480466 -16.399844372480466 -16.399844372480466 -16.399844372480466 -16.399844372480466 -16.399844372480466 -16.399844372480466 -16.399844372480466 -16.399844372480466 -16.399844372480466 -16.399844372480466 -16.399844372480466 -16.399844372480466 -16.399844372480466 -16.399844372480466 -16.399844372480466 -16.399844372480466 -16.399844372480466 -16.399844372480466 -16.399844372480466 -16.399844372480466 -16.399844372480466 -16.399844372480466 -16.399844372480466 -16.399844372480466 -16.399844372480466 -16.399844372480466 -16.399844372480466
12.964824120603014 -16.38905458542372 -16.38905458542372 -16.38905458542372 -16.38905458542372 -16.38905458542372 -16.38905458542372 -16.38905458542372 -16.38905458542372 -16.38905458542372 -16.38905458542372 -16.38905458542372 -16.38905458542372 -16.38905458542372 -16.38905458542372 -16.38905458542372 -16.38905458542372 -16.38905458542372 -16.38905458542372 -16.38905458542372 -16.38905458542372 -16.38905458542372 -16.38905458542372 -16.38905458542372 -16.38905458542372 -16.38905458542372 -16.38905458542372 -16.38905458542372 -16.38905458542372 -16.38905458542372
13.040201005025125 -16.378264798366978 -16.378264798366978 -16.378264798366978 -16.378264798366978 -16.378264798366978 -16.378264798366978 -16.378264798366978 -16.378264798366978 -16.378264798366978 -16.378264798366978 -16.378264798366978 -16.378264798366978 -16.378264798366978 -16.378264798366978 -16.378264798366978 -16.378264798366978 -16.378264798366978 -16.378264798366978 -16.378264798366978 -16.378264798366978 -16.378264798366978 -16.378264798366978 -16.378264798366978 -16.378264798366978 -16.378264798366978 -16.378264798366978 -16.378264798366978 -16.378264798366978 -16.378264798366978
13.115577889447234 -16.367475011310237 -16.367475011310237 -16.367475011310237 -16.367475011310237 -16.367475011310237 -16.367475011310237 -16.367475011310237 -16.367475011310237 -16.367475011310237 -16.367475011310237 -16.367475011310237 -16.367475011310237 -16.367475011310237 -16.367475011310237 -16.367475011310237 -16.367475011310237 -16.367475011310237 -16.367475011310237 -16.367475011310237 -16.367475011310237 -16.367475011310237 -16.367475011310237 -16.367475011310237 -16.367475011310237 -16.367475011310237 -16.367475011310237 -16.367475011310237 -16.367475011310237 -16.367475011310237
13.190954773869345 -16.356685224253493 -16.356685224253493 -16.356685224253493 -16.356685224253493 -16.356685224253493 -16.356685224253493 -16.356685224253493 -16.356685224253493 -16.356685224253493 -16.356685224253493 -16.356685224253493 -16.356685224253493 -16.356685224253493 -16.356685224253493 -16.356685224253493 -16.356685224253493 -16.356685224253493 -16.356685224253493 -16.356685224253493 -16.356685224253493 -16.356685224253493 -16.356685224253493 -16.356685224253493 -16.356685224253493 -16.356685224253493 -16.356685224253493 -16.356685224253493 -16.356685224253493 -16.356685224253493
13.266331658291456 -16.34589543719675 -16.34589543719675 -16.34589543719675 -16.34589543719675 -16.34589543719675 -16.34589543719675 -16.34589543719675 -16.34589543719675 -16.34589543719675 -16.34589543719675 -16.34589543719675 -16.34589543719675 -16.34589543719675 -16.34589543719675 -16.34589543719675 -16.34589543719675 -16.34589543719675 -16.34589543719675 -16.34589543719675 -16.34589543719675 -16.34589543719675 -16.34589543719675 -16.34589543719675 -16.34589543719675 -16.34589543719675 -16.34589543719675 -16.34589543719675 -16.34589543719675 -16.34589543719675
13.341708542713567 -16.335105650140004 -16.335105650140004 -16.335105650140004 -16.335105650140004 -16.335105650140004 -16.335105650140004 -16.335105650140004 -16.335105650140004 -16.335105650140004 -16.335105650140004 -16.335105650140004 -16.335105650140004 -16.335105650140004 -16.335105650140004 -16.335105650140004 -16.335105650140004 -16.335105650140004 -16.335105650140004 -16.335105650140004 -16.335105650140004 -16.335105650140004 -16.335105650140004 -16.335105650140004 -16.335105650140004 -16.335105650140004 -16.335105650140004 -16.335105650140004 -16.335105650140004 -16.335105650140004
13.417085427135678 -16.32431586308326 -16.32431586308326 -16.32431586308326 -16.32431586308326 -16.32431586308326 -16.32431586308326 -16.32431586308326 -16.32431586308326 -16.32431586308326 -16.32431586308326 -16.32431586308326 -16.32431586308326 -16.32431586308326 -16.32431586308326 -16.32431586308326 -16.32431586308326 -16.32431586308326 -16.32431586308326 -16.32431586308326 -16.32431586308326 -16.32431586308326 -16.32431586308326 -16.32431586308326 -16.32431586308326 -16.32431586308326 -16.32431586308326 -16.32431586308326 -16.32431586308326 -16.32431586308326
13.492462311557787 -16.313526076026516 -16.313526076026516 -16.313526076026516 -16.313526076026516 -16.313526076026516 -16.313526076026516 -16.313526076026516 -16.313526076026516 -16.313526076026516 -16.313526076026516 -16.313526076026516 -16.313526076026516 -16.313526076026516 -16.313526076026516 -16.313526076026516 -16.313526076026516 -16.313526076026516 -16.313526076026516 -16.313526076026516 -16.313526076026516 -16.313526076026516 -16.313526076026516 -16.313526076026516 -16.313526076026516 -16.313526076026516 -16.313526076026516 -16.313526076026516 -16.313526076026516 -16.313526076026516
13.567839195979898 -16.302736288969772 -16.302736288969772 -16.302736288969772 -16.302736288969772 -16.302736288969772 -16.302736288969772 -16.302736288969772 -16.302736288969772 -16.302736288969772 -16.302736288969772 -16.302736288969772 -16.302736288969772 -16.302736288969772 -16.302736288969772 -16.302736288969772 -16.302736288969772 -16.302736288969772 -16.302736288969772 -16.302736288969772 -16.302736288969772 -16.302736288969772 -16.302736288969772 -16.302736288969772 -16.302736288969772 -16.302736288969772 -16.302736288969772 -16.302736288969772 -16.302736288969772 -16.302736288969772
13.64321608040201 -16.291946501913028 -16.291946501913028 -16.291946501913028 -16.291946501913028 -16.291946501913028 -16.291946501913028 -16.291946501913028 -16.291946501913028 -16.291946501913028 -16.291946501913028 -16.291946501913028 -16.291946501913028 -16.291946501913028 -16.291946501913028 -16.291946501913028 -16.291946501913028 -16.291946501913028 -16.291946501913028 -16.291946501913028 -16.291946501913028 -16.291946501913028 -16.291946501913028 -16.291946501913028 -16.291946501913028 -16.291946501913028 -16.291946501913028 -16.291946501913028 -16.291946501913028 -16.291946501913028
13.718592964824118 -16.281156714856284 -16.281156714856284 -16.281156714856284 -16.281156714856284 -16.281156714856284 -16.281156714856284 -16.281156714856284 -16.281156714856284 -16.281156714856284 -16.281156714856284 -16.281156714856284 -16.281156714856284 -16.281156714856284 -16.281156714856284 -16.281156714856284 -16.281156714856284 -16.281156714856284 -16.281156714856284 -16.281156714856284 -16.281156714856284 -16.281156714856284 -16.281156714856284 -16.281156714856284 -16.281156714856284 -16.281156714856284 -16.281156714856284 -16.281156714856284 -16.281156714856284 -16.281156714856284
13.79396984924623 -16.27036692779954 -16.27036692779954 -16.27036692779954 -16.27036692779954 -16.27036692779954 -16.27036692779954 -16.27036692779954 -16.27036692779954 -16.27036692779954 -16.27036692779954 -16.27036692779954 -16.27036692779954 -16.27036692779954 -16.27036692779954 -16.27036692779954 -16.27036692779954 -16.27036692779954 -16.27036692779954 -16.27036692779954 -16.27036692779954 -16.27036692779954 -16.27036692779954 -16.27036692779954 -16.27036692779954 -16.27036692779954 -16.27036692779954 -16.27036692779954 -16.27036692779954 -16.27036692779954
13.86934673366834 -16.259577140742795 -16.259577140742795 -16.259577140742795 -16.259577140742795 -16.259577140742795 -16.259577140742795 -16.259577140742795 -16.259577140742795 -16.259577140742795 -16.259577140742795 -16.259577140742795 -16.259577140742795 -16.259577140742795 -16.259577140742795 -16.259577140742795 -16.259577140742795 -16.259577140742795 -16.259577140742795 -16.259577140742795 -16.259577140742795 -16.259577140742795 -16.259577140742795 -16.259577140742795 -16.259577140742795 -16.259577140742795 -16.259577140742795 -16.259577140742795 -16.259577140742795 -16.259577140742795
13.944723618090451 -16.24878735368605 -16.24878735368605 -16.24878735368605 -16.24878735368605 -16.24878735368605 -16.24878735368605 -16.24878735368605 -16.24878735368605 -16.24878735368605 -16.24878735368605 -16.24878735368605 -16.24878735368605 -16.24878735368605 -16.24878735368605 -16.24878735368605 -16.24878735368605 -16.24878735368605 -16.24878735368605 -16.24878735368605 -16.24878735368605 -16.24878735368605 -16.24878735368605 -16.24878735368605 -16.24878735368605 -16.24878735368605 -16.24878735368605 -16.24878735368605 -16.24878735368605 -16.24878735368605
14.020100502512562 -16.23799756662931 -16.23799756662931 -16.23799756662931 -16.23799756662931 -16.23799756662931 -16.23799756662931 -16.23799756662931 -16.23799756662931 -16.23799756662931 -16.23799756662931 -16.23799756662931 -16.23799756662931 -16.23799756662931 -16.23799756662931 -16.23799756662931 -16.23799756662931 -16.23799756662931 -16.23799756662931 -16.23799756662931 -16.23799756662931 -16.23799756662931 -16.23799756662931 -16.23799756662931 -16.23799756662931 -16.23799756662931 -16.23799756662931 -16.23799756662931 -16.23799756662931 -16.23799756662931
14.095477386934672 -16.227207779572566 -16.227207779572566 -16.227207779572566 -16.227207779572566 -16.227207779572566 -16.227207779572566 -16.227207779572566 -16.227207779572566 -16.227207779572566 -16.227207779572566 -16.227207779572566 -16.227207779572566 -16.227207779572566 -16.227207779572566 -16.227207779572566 -16.227207779572566 -16.227207779572566 -16.227207779572566 -16.227207779572566 -16.227207779572566 -16.227207779572566 -16.227207779572566 -16.227207779572566 -16.227207779572566 -16.227207779572566 -16.227207779572566 -16.227207779572566 -16.227207779572566 -16.227207779572566
14.170854271356783 -16.216417992515822 -16.216417992515822 -16.216417992515822 -16.216417992515822 -16.216417992515822 -16.216417992515822 -16.216417992515822 -16.216417992515822 -16.216417992515822 -16.216417992515822 -16.216417992515822 -16.216417992515822 -16.216417992515822 -16.216417992515822 -16.216417992515822 -16.216417992515822 -16.216417992515822 -16.216417992515822 -16.216417992515822 -16.216417992515822 -16.216417992515822 -16.216417992515822 -16.216417992515822 -16.216417992515822 -16.216417992515822 -16.216417992515822 -16.216417992515822 -16.216417992515822 -16.216417992515822
14.246231155778894 -16.205628205459078 -16.205628205459078 -16.205628205459078 -16.205628205459078 -16.205628205459078 -16.205628205459078 -16.205628205459078 -16.205628205459078 -16.205628205459078 -16.205628205459078 -16.205628205459078 -16.205628205459078 -16.205628205459078 -16.205628205459078 -16.205628205459078 -16.205628205459078 -16.205628205459078 -16.205628205459078 -16.205628205459078 -16.205628205459078 -16.205628205459078 -16.205628205459078 -16.205628205459078 -16.205628205459078 -16.205628205459078 -16.205628205459078 -16.205628205459078 -16.205628205459078 -16.205628205459078
