web/models/linear/70/-18_245_0_105.dat
# %ECSV 1.0
# ---
# datatype:
# - {name: time, datatype: float64}
# - {name: swift_uvot_uvw2, datatype: float64}
# - {name: swift_uvot_uvm2, datatype: float64}
# - {name: swift_uvot_uvw1, datatype: float64}
# - {name: swift_uvot_U, datatype: float64}
# - {name: swift_uvot_B, datatype: float64}
# - {name: swift_uvot_V, datatype: float64}
# - {name: swift_uvot_W, datatype: float64}
# - {name: johnson_U, datatype: float64}
# - {name: johnson_B, datatype: float64}
# - {name: johnson_V, datatype: float64}
# - {name: johnson_R, datatype: float64}
# - {name: johnson_I, datatype: float64}
# - {name: sdss_u, datatype: float64}
# - {name: sdss_g, datatype: float64}
# - {name: sdss_r, datatype: float64}
# - {name: sdss_i, datatype: float64}
# - {name: sdss_z, datatype: float64}
# - {name: PS1_g, datatype: float64}
# - {name: PS1_r, datatype: float64}
# - {name: PS1_i, datatype: float64}
# - {name: PS1_z, datatype: float64}
# - {name: PS1_Y, datatype: float64}
# - {name: PS1_w, datatype: float64}
# - {name: ATLAS_c, datatype: float64}
# - {name: ATLAS_o, datatype: float64}
# - {name: ukirt_J, datatype: float64}
# - {name: ukirt_H, datatype: float64}
# - {name: ukirt_K, datatype: float64}
# - {name: Clear, datatype: float64}
# meta: !!omap
# - comment: [M=-18.244897959183675, dM=0.10496361336732253]
# schema: astropy-2.0
time swift_uvot_uvw2 swift_uvot_uvm2 swift_uvot_uvw1 swift_uvot_U swift_uvot_B swift_uvot_V swift_uvot_W johnson_U johnson_B johnson_V johnson_R johnson_I sdss_u sdss_g sdss_r sdss_i sdss_z PS1_g PS1_r PS1_i PS1_z PS1_Y PS1_w ATLAS_c ATLAS_o ukirt_J ukirt_H ukirt_K Clear
[from data line 55]
4.14572864321608 -17.809747300751308 -17.809747300751308 -17.809747300751308 -17.809747300751308 -17.809747300751308 -17.809747300751308 -17.809747300751308 -17.809747300751308 -17.809747300751308 -17.809747300751308 -17.809747300751308 -17.809747300751308 -17.809747300751308 -17.809747300751308 -17.809747300751308 -17.809747300751308 -17.809747300751308 -17.809747300751308 -17.809747300751308 -17.809747300751308 -17.809747300751308 -17.809747300751308 -17.809747300751308 -17.809747300751308 -17.809747300751308 -17.809747300751308 -17.809747300751308 -17.809747300751308 -17.809747300751308
4.221105527638191 -17.801835470597993 -17.801835470597993 -17.801835470597993 -17.801835470597993 -17.801835470597993 -17.801835470597993 -17.801835470597993 -17.801835470597993 -17.801835470597993 -17.801835470597993 -17.801835470597993 -17.801835470597993 -17.801835470597993 -17.801835470597993 -17.801835470597993 -17.801835470597993 -17.801835470597993 -17.801835470597993 -17.801835470597993 -17.801835470597993 -17.801835470597993 -17.801835470597993 -17.801835470597993 -17.801835470597993 -17.801835470597993 -17.801835470597993 -17.801835470597993 -17.801835470597993 -17.801835470597993
4.296482412060302 -17.793923640444675 -17.793923640444675 -17.793923640444675 -17.793923640444675 -17.793923640444675 -17.793923640444675 -17.793923640444675 -17.793923640444675 -17.793923640444675 -17.793923640444675 -17.793923640444675 -17.793923640444675 -17.793923640444675 -17.793923640444675 -17.793923640444675 -17.793923640444675 -17.793923640444675 -17.793923640444675 -17.793923640444675 -17.793923640444675 -17.793923640444675 -17.793923640444675 -17.793923640444675 -17.793923640444675 -17.793923640444675 -17.793923640444675 -17.793923640444675 -17.793923640444675 -17.793923640444675
4.371859296482412 -17.78601181029136 -17.78601181029136 -17.78601181029136 -17.78601181029136 -17.78601181029136 -17.78601181029136 -17.78601181029136 -17.78601181029136 -17.78601181029136 -17.78601181029136 -17.78601181029136 -17.78601181029136 -17.78601181029136 -17.78601181029136 -17.78601181029136 -17.78601181029136 -17.78601181029136 -17.78601181029136 -17.78601181029136 -17.78601181029136 -17.78601181029136 -17.78601181029136 -17.78601181029136 -17.78601181029136 -17.78601181029136 -17.78601181029136 -17.78601181029136 -17.78601181029136 -17.78601181029136
4.447236180904522 -17.778099980138045 -17.778099980138045 -17.778099980138045 -17.778099980138045 -17.778099980138045 -17.778099980138045 -17.778099980138045 -17.778099980138045 -17.778099980138045 -17.778099980138045 -17.778099980138045 -17.778099980138045 -17.778099980138045 -17.778099980138045 -17.778099980138045 -17.778099980138045 -17.778099980138045 -17.778099980138045 -17.778099980138045 -17.778099980138045 -17.778099980138045 -17.778099980138045 -17.778099980138045 -17.778099980138045 -17.778099980138045 -17.778099980138045 -17.778099980138045 -17.778099980138045 -17.778099980138045
4.522613065326633 -17.77018814998473 -17.77018814998473 -17.77018814998473 -17.77018814998473 -17.77018814998473 -17.77018814998473 -17.77018814998473 -17.77018814998473 -17.77018814998473 -17.77018814998473 -17.77018814998473 -17.77018814998473 -17.77018814998473 -17.77018814998473 -17.77018814998473 -17.77018814998473 -17.77018814998473 -17.77018814998473 -17.77018814998473 -17.77018814998473 -17.77018814998473 -17.77018814998473 -17.77018814998473 -17.77018814998473 -17.77018814998473 -17.77018814998473 -17.77018814998473 -17.77018814998473 -17.77018814998473
4.597989949748744 -17.76227631983141 -17.76227631983141 -17.76227631983141 -17.76227631983141 -17.76227631983141 -17.76227631983141 -17.76227631983141 -17.76227631983141 -17.76227631983141 -17.76227631983141 -17.76227631983141 -17.76227631983141 -17.76227631983141 -17.76227631983141 -17.76227631983141 -17.76227631983141 -17.76227631983141 -17.76227631983141 -17.76227631983141 -17.76227631983141 -17.76227631983141 -17.76227631983141 -17.76227631983141 -17.76227631983141 -17.76227631983141 -17.76227631983141 -17.76227631983141 -17.76227631983141 -17.76227631983141
4.673366834170854 -17.754364489678096 -17.754364489678096 -17.754364489678096 -17.754364489678096 -17.754364489678096 -17.754364489678096 -17.754364489678096 -17.754364489678096 -17.754364489678096 -17.754364489678096 -17.754364489678096 -17.754364489678096 -17.754364489678096 -17.754364489678096 -17.754364489678096 -17.754364489678096 -17.754364489678096 -17.754364489678096 -17.754364489678096 -17.754364489678096 -17.754364489678096 -17.754364489678096 -17.754364489678096 -17.754364489678096 -17.754364489678096 -17.754364489678096 -17.754364489678096 -17.754364489678096 -17.754364489678096
4.748743718592964 -17.74645265952478 -17.74645265952478 -17.74645265952478 -17.74645265952478 -17.74645265952478 -17.74645265952478 -17.74645265952478 -17.74645265952478 -17.74645265952478 -17.74645265952478 -17.74645265952478 -17.74645265952478 -17.74645265952478 -17.74645265952478 -17.74645265952478 -17.74645265952478 -17.74645265952478 -17.74645265952478 -17.74645265952478 -17.74645265952478 -17.74645265952478 -17.74645265952478 -17.74645265952478 -17.74645265952478 -17.74645265952478 -17.74645265952478 -17.74645265952478 -17.74645265952478 -17.74645265952478
4.824120603015075 -17.738540829371466 -17.738540829371466 -17.738540829371466 -17.738540829371466 -17.738540829371466 -17.738540829371466 -17.738540829371466 -17.738540829371466 -17.738540829371466 -17.738540829371466 -17.738540829371466 -17.738540829371466 -17.738540829371466 -17.738540829371466 -17.738540829371466 -17.738540829371466 -17.738540829371466 -17.738540829371466 -17.738540829371466 -17.738540829371466 -17.738540829371466 -17.738540829371466 -17.738540829371466 -17.738540829371466 -17.738540829371466 -17.738540829371466 -17.738540829371466 -17.738540829371466 -17.738540829371466
4.899497487437186 -17.73062899921815 -17.73062899921815 -17.73062899921815 -17.73062899921815 -17.73062899921815 -17.73062899921815 -17.73062899921815 -17.73062899921815 -17.73062899921815 -17.73062899921815 -17.73062899921815 -17.73062899921815 -17.73062899921815 -17.73062899921815 -17.73062899921815 -17.73062899921815 -17.73062899921815 -17.73062899921815 -17.73062899921815 -17.73062899921815 -17.73062899921815 -17.73062899921815 -17.73062899921815 -17.73062899921815 -17.73062899921815 -17.73062899921815 -17.73062899921815 -17.73062899921815 -17.73062899921815
4.974874371859296 -17.722717169064833 -17.722717169064833 -17.722717169064833 -17.722717169064833 -17.722717169064833 -17.722717169064833 -17.722717169064833 -17.722717169064833 -17.722717169064833 -17.722717169064833 -17.722717169064833 -17.722717169064833 -17.722717169064833 -17.722717169064833 -17.722717169064833 -17.722717169064833 -17.722717169064833 -17.722717169064833 -17.722717169064833 -17.722717169064833 -17.722717169064833 -17.722717169064833 -17.722717169064833 -17.722717169064833 -17.722717169064833 -17.722717169064833 -17.722717169064833 -17.722717169064833 -17.722717169064833
5.050251256281406 -17.714805338911518 -17.714805338911518 -17.714805338911518 -17.714805338911518 -17.714805338911518 -17.714805338911518 -17.714805338911518 -17.714805338911518 -17.714805338911518 -17.714805338911518 -17.714805338911518 -17.714805338911518 -17.714805338911518 -17.714805338911518 -17.714805338911518 -17.714805338911518 -17.714805338911518 -17.714805338911518 -17.714805338911518 -17.714805338911518 -17.714805338911518 -17.714805338911518 -17.714805338911518 -17.714805338911518 -17.714805338911518 -17.714805338911518 -17.714805338911518 -17.714805338911518 -17.714805338911518
5.125628140703517 -17.706893508758203 -17.706893508758203 -17.706893508758203 -17.706893508758203 -17.706893508758203 -17.706893508758203 -17.706893508758203 -17.706893508758203 -17.706893508758203 -17.706893508758203 -17.706893508758203 -17.706893508758203 -17.706893508758203 -17.706893508758203 -17.706893508758203 -17.706893508758203 -17.706893508758203 -17.706893508758203 -17.706893508758203 -17.706893508758203 -17.706893508758203 -17.706893508758203 -17.706893508758203 -17.706893508758203 -17.706893508758203 -17.706893508758203 -17.706893508758203 -17.706893508758203 -17.706893508758203
5.201005025125628 -17.698981678604888 -17.698981678604888 -17.698981678604888 -17.698981678604888 -17.698981678604888 -17.698981678604888 -17.698981678604888 -17.698981678604888 -17.698981678604888 -17.698981678604888 -17.698981678604888 -17.698981678604888 -17.698981678604888 -17.698981678604888 -17.698981678604888 -17.698981678604888 -17.698981678604888 -17.698981678604888 -17.698981678604888 -17.698981678604888 -17.698981678604888 -17.698981678604888 -17.698981678604888 -17.698981678604888 -17.698981678604888 -17.698981678604888 -17.698981678604888 -17.698981678604888 -17.698981678604888
5.276381909547738 -17.69106984845157 -17.69106984845157 -17.69106984845157 -17.69106984845157 -17.69106984845157 -17.69106984845157 -17.69106984845157 -17.69106984845157 -17.69106984845157 -17.69106984845157 -17.69106984845157 -17.69106984845157 -17.69106984845157 -17.69106984845157 -17.69106984845157 -17.69106984845157 -17.69106984845157 -17.69106984845157 -17.69106984845157 -17.69106984845157 -17.69106984845157 -17.69106984845157 -17.69106984845157 -17.69106984845157 -17.69106984845157 -17.69106984845157 -17.69106984845157 -17.69106984845157 -17.69106984845157
5.351758793969848 -17.683158018298254 -17.683158018298254 -17.683158018298254 -17.683158018298254 -17.683158018298254 -17.683158018298254 -17.683158018298254 -17.683158018298254 -17.683158018298254 -17.683158018298254 -17.683158018298254 -17.683158018298254 -17.683158018298254 -17.683158018298254 -17.683158018298254 -17.683158018298254 -17.683158018298254 -17.683158018298254 -17.683158018298254 -17.683158018298254 -17.683158018298254 -17.683158018298254 -17.683158018298254 -17.683158018298254 -17.683158018298254 -17.683158018298254 -17.683158018298254 -17.683158018298254 -17.683158018298254
5.427135678391959 -17.67524618814494 -17.67524618814494 -17.67524618814494 -17.67524618814494 -17.67524618814494 -17.67524618814494 -17.67524618814494 -17.67524618814494 -17.67524618814494 -17.67524618814494 -17.67524618814494 -17.67524618814494 -17.67524618814494 -17.67524618814494 -17.67524618814494 -17.67524618814494 -17.67524618814494 -17.67524618814494 -17.67524618814494 -17.67524618814494 -17.67524618814494 -17.67524618814494 -17.67524618814494 -17.67524618814494 -17.67524618814494 -17.67524618814494 -17.67524618814494 -17.67524618814494 -17.67524618814494
5.50251256281407 -17.667334357991624 -17.667334357991624 -17.667334357991624 -17.667334357991624 -17.667334357991624 -17.667334357991624 -17.667334357991624 -17.667334357991624 -17.667334357991624 -17.667334357991624 -17.667334357991624 -17.667334357991624 -17.667334357991624 -17.667334357991624 -17.667334357991624 -17.667334357991624 -17.667334357991624 -17.667334357991624 -17.667334357991624 -17.667334357991624 -17.667334357991624 -17.667334357991624 -17.667334357991624 -17.667334357991624 -17.667334357991624 -17.667334357991624 -17.667334357991624 -17.667334357991624 -17.667334357991624
5.57788944723618 -17.65942252783831 -17.65942252783831 -17.65942252783831 -17.65942252783831 -17.65942252783831 -17.65942252783831 -17.65942252783831 -17.65942252783831 -17.65942252783831 -17.65942252783831 -17.65942252783831 -17.65942252783831 -17.65942252783831 -17.65942252783831 -17.65942252783831 -17.65942252783831 -17.65942252783831 -17.65942252783831 -17.65942252783831 -17.65942252783831 -17.65942252783831 -17.65942252783831 -17.65942252783831 -17.65942252783831 -17.65942252783831 -17.65942252783831 -17.65942252783831 -17.65942252783831 -17.65942252783831
5.6532663316582905 -17.65151069768499 -17.65151069768499 -17.65151069768499 -17.65151069768499 -17.65151069768499 -17.65151069768499 -17.65151069768499 -17.65151069768499 -17.65151069768499 -17.65151069768499 -17.65151069768499 -17.65151069768499 -17.65151069768499 -17.65151069768499 -17.65151069768499 -17.65151069768499 -17.65151069768499 -17.65151069768499 -17.65151069768499 -17.65151069768499 -17.65151069768499 -17.65151069768499 -17.65151069768499 -17.65151069768499 -17.65151069768499 -17.65151069768499 -17.65151069768499 -17.65151069768499 -17.65151069768499
5.7286432160804015 -17.643598867531676 -17.643598867531676 -17.643598867531676 -17.643598867531676 -17.643598867531676 -17.643598867531676 -17.643598867531676 -17.643598867531676 -17.643598867531676 -17.643598867531676 -17.643598867531676 -17.643598867531676 -17.643598867531676 -17.643598867531676 -17.643598867531676 -17.643598867531676 -17.643598867531676 -17.643598867531676 -17.643598867531676 -17.643598867531676 -17.643598867531676 -17.643598867531676 -17.643598867531676 -17.643598867531676 -17.643598867531676 -17.643598867531676 -17.643598867531676 -17.643598867531676 -17.643598867531676
5.8040201005025125 -17.63568703737836 -17.63568703737836 -17.63568703737836 -17.63568703737836 -17.63568703737836 -17.63568703737836 -17.63568703737836 -17.63568703737836 -17.63568703737836 -17.63568703737836 -17.63568703737836 -17.63568703737836 -17.63568703737836 -17.63568703737836 -17.63568703737836 -17.63568703737836 -17.63568703737836 -17.63568703737836 -17.63568703737836 -17.63568703737836 -17.63568703737836 -17.63568703737836 -17.63568703737836 -17.63568703737836 -17.63568703737836 -17.63568703737836 -17.63568703737836 -17.63568703737836 -17.63568703737836
5.879396984924623 -17.627775207225046 -17.627775207225046 -17.627775207225046 -17.627775207225046 -17.627775207225046 -17.627775207225046 -17.627775207225046 -17.627775207225046 -17.627775207225046 -17.627775207225046 -17.627775207225046 -17.627775207225046 -17.627775207225046 -17.627775207225046 -17.627775207225046 -17.627775207225046 -17.627775207225046 -17.627775207225046 -17.627775207225046 -17.627775207225046 -17.627775207225046 -17.627775207225046 -17.627775207225046 -17.627775207225046 -17.627775207225046 -17.627775207225046 -17.627775207225046 -17.627775207225046 -17.627775207225046
5.954773869346733 -17.61986337707173 -17.61986337707173 -17.61986337707173 -17.61986337707173 -17.61986337707173 -17.61986337707173 -17.61986337707173 -17.61986337707173 -17.61986337707173 -17.61986337707173 -17.61986337707173 -17.61986337707173 -17.61986337707173 -17.61986337707173 -17.61986337707173 -17.61986337707173 -17.61986337707173 -17.61986337707173 -17.61986337707173 -17.61986337707173 -17.61986337707173 -17.61986337707173 -17.61986337707173 -17.61986337707173 -17.61986337707173 -17.61986337707173 -17.61986337707173 -17.61986337707173 -17.61986337707173
6.030150753768844 -17.611951546918412 -17.611951546918412 -17.611951546918412 -17.611951546918412 -17.611951546918412 -17.611951546918412 -17.611951546918412 -17.611951546918412 -17.611951546918412 -17.611951546918412 -17.611951546918412 -17.611951546918412 -17.611951546918412 -17.611951546918412 -17.611951546918412 -17.611951546918412 -17.611951546918412 -17.611951546918412 -17.611951546918412 -17.611951546918412 -17.611951546918412 -17.611951546918412 -17.611951546918412 -17.611951546918412 -17.611951546918412 -17.611951546918412 -17.611951546918412 -17.611951546918412 -17.611951546918412
