web/models/linear/70/-18_245_0_424.dat
# %ECSV 1.0
# ---
# datatype:
# - {name: time, datatype: float64}
# - {name: swift_uvot_uvw2, datatype: float64}
# - {name: swift_uvot_uvm2, datatype: float64}
# - {name: swift_uvot_uvw1, datatype: float64}
# - {name: swift_uvot_U, datatype: float64}
# - {name: swift_uvot_B, datatype: float64}
# - {name: swift_uvot_V, datatype: float64}
# - {name: swift_uvot_W, datatype: float64}
# - {name: johnson_U, datatype: float64}
# - {name: johnson_B, datatype: float64}
# - {name: johnson_V, datatype: float64}
# - {name: johnson_R, datatype: float64}
# - {name: johnson_I, datatype: float64}
# - {name: sdss_u, datatype: float64}
# - {name: sdss_g, datatype: float64}
# - {name: sdss_r, datatype: float64}
# - {name: sdss_i, datatype: float64}
# - {name: sdss_z, datatype: float64}
# - {name: PS1_g, datatype: float64}
# - {name: PS1_r, datatype: float64}
# - {name: PS1_i, datatype: float64}
# - {name: PS1_z, datatype: float64}
# - {name: PS1_Y, datatype: float64}
# - {name: PS1_w, datatype: float64}
# - {name: ATLAS_c, datatype: float64}
# - {name: ATLAS_o, datatype: float64}
# - {name: ukirt_J, datatype: float64}
# - {name: ukirt_H, datatype: float64}
# - {name: ukirt_K, datatype: float64}
# - {name: Clear, datatype: float64}
# meta: !!omap
# - comment: [M=-18.244897959183675, dM=0.42398491465793026]
# schema: astropy-2.0
time swift_uvot_uvw2 swift_uvot_uvm2 swift_uvot_uvw1 swift_uvot_U swift_uvot_B swift_uvot_V swift_uvot_W johnson_U johnson_B johnson_V johnson_R johnson_I sdss_u sdss_g sdss_r sdss_i sdss_z PS1_g PS1_r PS1_i PS1_z PS1_Y PS1_w ATLAS_c ATLAS_o ukirt_J ukirt_H ukirt_K Clear
[from data line 28]
2.1105527638190953 -17.350055425734777 -17.350055425734777 -17.350055425734777 -17.350055425734777 -17.350055425734777 -17.350055425734777 -17.350055425734777 -17.350055425734777 -17.350055425734777 -17.350055425734777 -17.350055425734777 -17.350055425734777 -17.350055425734777 -17.350055425734777 -17.350055425734777 -17.350055425734777 -17.350055425734777 -17.350055425734777 -17.350055425734777 -17.350055425734777 -17.350055425734777 -17.350055425734777 -17.350055425734777 -17.350055425734777 -17.350055425734777 -17.350055425734777 -17.350055425734777 -17.350055425734777 -17.350055425734777
2.185929648241206 -17.31809676382589 -17.31809676382589 -17.31809676382589 -17.31809676382589 -17.31809676382589 -17.31809676382589 -17.31809676382589 -17.31809676382589 -17.31809676382589 -17.31809676382589 -17.31809676382589 -17.31809676382589 -17.31809676382589 -17.31809676382589 -17.31809676382589 -17.31809676382589 -17.31809676382589 -17.31809676382589 -17.31809676382589 -17.31809676382589 -17.31809676382589 -17.31809676382589 -17.31809676382589 -17.31809676382589 -17.31809676382589 -17.31809676382589 -17.31809676382589 -17.31809676382589 -17.31809676382589
2.2613065326633164 -17.286138101916997 -17.286138101916997 -17.286138101916997 -17.286138101916997 -17.286138101916997 -17.286138101916997 -17.286138101916997 -17.286138101916997 -17.286138101916997 -17.286138101916997 -17.286138101916997 -17.286138101916997 -17.286138101916997 -17.286138101916997 -17.286138101916997 -17.286138101916997 -17.286138101916997 -17.286138101916997 -17.286138101916997 -17.286138101916997 -17.286138101916997 -17.286138101916997 -17.286138101916997 -17.286138101916997 -17.286138101916997 -17.286138101916997 -17.286138101916997 -17.286138101916997 -17.286138101916997
2.336683417085427 -17.25417944000811 -17.25417944000811 -17.25417944000811 -17.25417944000811 -17.25417944000811 -17.25417944000811 -17.25417944000811 -17.25417944000811 -17.25417944000811 -17.25417944000811 -17.25417944000811 -17.25417944000811 -17.25417944000811 -17.25417944000811 -17.25417944000811 -17.25417944000811 -17.25417944000811 -17.25417944000811 -17.25417944000811 -17.25417944000811 -17.25417944000811 -17.25417944000811 -17.25417944000811 -17.25417944000811 -17.25417944000811 -17.25417944000811 -17.25417944000811 -17.25417944000811 -17.25417944000811
2.4120603015075375 -17.22222077809922 -17.22222077809922 -17.22222077809922 -17.22222077809922 -17.22222077809922 -17.22222077809922 -17.22222077809922 -17.22222077809922 -17.22222077809922 -17.22222077809922 -17.22222077809922 -17.22222077809922 -17.22222077809922 -17.22222077809922 -17.22222077809922 -17.22222077809922 -17.22222077809922 -17.22222077809922 -17.22222077809922 -17.22222077809922 -17.22222077809922 -17.22222077809922 -17.22222077809922 -17.22222077809922 -17.22222077809922 -17.22222077809922 -17.22222077809922 -17.22222077809922 -17.22222077809922
2.487437185929648 -17.19026211619033 -17.19026211619033 -17.19026211619033 -17.19026211619033 -17.19026211619033 -17.19026211619033 -17.19026211619033 -17.19026211619033 -17.19026211619033 -17.19026211619033 -17.19026211619033 -17.19026211619033 -17.19026211619033 -17.19026211619033 -17.19026211619033 -17.19026211619033 -17.19026211619033 -17.19026211619033 -17.19026211619033 -17.19026211619033 -17.19026211619033 -17.19026211619033 -17.19026211619033 -17.19026211619033 -17.19026211619033 -17.19026211619033 -17.19026211619033 -17.19026211619033 -17.19026211619033
2.5628140703517586 -17.15830345428144 -17.15830345428144 -17.15830345428144 -17.15830345428144 -17.15830345428144 -17.15830345428144 -17.15830345428144 -17.15830345428144 -17.15830345428144 -17.15830345428144 -17.15830345428144 -17.15830345428144 -17.15830345428144 -17.15830345428144 -17.15830345428144 -17.15830345428144 -17.15830345428144 -17.15830345428144 -17.15830345428144 -17.15830345428144 -17.15830345428144 -17.15830345428144 -17.15830345428144 -17.15830345428144 -17.15830345428144 -17.15830345428144 -17.15830345428144 -17.15830345428144 -17.15830345428144
2.638190954773869 -17.126344792372553 -17.126344792372553 -17.126344792372553 -17.126344792372553 -17.126344792372553 -17.126344792372553 -17.126344792372553 -17.126344792372553 -17.126344792372553 -17.126344792372553 -17.126344792372553 -17.126344792372553 -17.126344792372553 -17.126344792372553 -17.126344792372553 -17.126344792372553 -17.126344792372553 -17.126344792372553 -17.126344792372553 -17.126344792372553 -17.126344792372553 -17.126344792372553 -17.126344792372553 -17.126344792372553 -17.126344792372553 -17.126344792372553 -17.126344792372553 -17.126344792372553 -17.126344792372553
2.7135678391959797 -17.09438613046366 -17.09438613046366 -17.09438613046366 -17.09438613046366 -17.09438613046366 -17.09438613046366 -17.09438613046366 -17.09438613046366 -17.09438613046366 -17.09438613046366 -17.09438613046366 -17.09438613046366 -17.09438613046366 -17.09438613046366 -17.09438613046366 -17.09438613046366 -17.09438613046366 -17.09438613046366 -17.09438613046366 -17.09438613046366 -17.09438613046366 -17.09438613046366 -17.09438613046366 -17.09438613046366 -17.09438613046366 -17.09438613046366 -17.09438613046366 -17.09438613046366 -17.09438613046366
2.78894472361809 -17.062427468554773 -17.062427468554773 -17.062427468554773 -17.062427468554773 -17.062427468554773 -17.062427468554773 -17.062427468554773 -17.062427468554773 -17.062427468554773 -17.062427468554773 -17.062427468554773 -17.062427468554773 -17.062427468554773 -17.062427468554773 -17.062427468554773 -17.062427468554773 -17.062427468554773 -17.062427468554773 -17.062427468554773 -17.062427468554773 -17.062427468554773 -17.062427468554773 -17.062427468554773 -17.062427468554773 -17.062427468554773 -17.062427468554773 -17.062427468554773 -17.062427468554773 -17.062427468554773
2.8643216080402008 -17.030468806645885 -17.030468806645885 -17.030468806645885 -17.030468806645885 -17.030468806645885 -17.030468806645885 -17.030468806645885 -17.030468806645885 -17.030468806645885 -17.030468806645885 -17.030468806645885 -17.030468806645885 -17.030468806645885 -17.030468806645885 -17.030468806645885 -17.030468806645885 -17.030468806645885 -17.030468806645885 -17.030468806645885 -17.030468806645885 -17.030468806645885 -17.030468806645885 -17.030468806645885 -17.030468806645885 -17.030468806645885 -17.030468806645885 -17.030468806645885 -17.030468806645885 -17.030468806645885
2.9396984924623113 -16.998510144736997 -16.998510144736997 -16.998510144736997 -16.998510144736997 -16.998510144736997 -16.998510144736997 -16.998510144736997 -16.998510144736997 -16.998510144736997 -16.998510144736997 -16.998510144736997 -16.998510144736997 -16.998510144736997 -16.998510144736997 -16.998510144736997 -16.998510144736997 -16.998510144736997 -16.998510144736997 -16.998510144736997 -16.998510144736997 -16.998510144736997 -16.998510144736997 -16.998510144736997 -16.998510144736997 -16.998510144736997 -16.998510144736997 -16.998510144736997 -16.998510144736997 -16.998510144736997
3.015075376884422 -16.966551482828105 -16.966551482828105 -16.966551482828105 -16.966551482828105 -16.966551482828105 -16.966551482828105 -16.966551482828105 -16.966551482828105 -16.966551482828105 -16.966551482828105 -16.966551482828105 -16.966551482828105 -16.966551482828105 -16.966551482828105 -16.966551482828105 -16.966551482828105 -16.966551482828105 -16.966551482828105 -16.966551482828105 -16.966551482828105 -16.966551482828105 -16.966551482828105 -16.966551482828105 -16.966551482828105 -16.966551482828105 -16.966551482828105 -16.966551482828105 -16.966551482828105 -16.966551482828105
3.0904522613065324 -16.934592820919217 -16.934592820919217 -16.934592820919217 -16.934592820919217 -16.934592820919217 -16.934592820919217 -16.934592820919217 -16.934592820919217 -16.934592820919217 -16.934592820919217 -16.934592820919217 -16.934592820919217 -16.934592820919217 -16.934592820919217 -16.934592820919217 -16.934592820919217 -16.934592820919217 -16.934592820919217 -16.934592820919217 -16.934592820919217 -16.934592820919217 -16.934592820919217 -16.934592820919217 -16.934592820919217 -16.934592820919217 -16.934592820919217 -16.934592820919217 -16.934592820919217 -16.934592820919217
3.165829145728643 -16.90263415901033 -16.90263415901033 -16.90263415901033 -16.90263415901033 -16.90263415901033 -16.90263415901033 -16.90263415901033 -16.90263415901033 -16.90263415901033 -16.90263415901033 -16.90263415901033 -16.90263415901033 -16.90263415901033 -16.90263415901033 -16.90263415901033 -16.90263415901033 -16.90263415901033 -16.90263415901033 -16.90263415901033 -16.90263415901033 -16.90263415901033 -16.90263415901033 -16.90263415901033 -16.90263415901033 -16.90263415901033 -16.90263415901033 -16.90263415901033 -16.90263415901033 -16.90263415901033
3.2412060301507535 -16.870675497101438 -16.870675497101438 -16.870675497101438 -16.870675497101438 -16.870675497101438 -16.870675497101438 -16.870675497101438 -16.870675497101438 -16.870675497101438 -16.870675497101438 -16.870675497101438 -16.870675497101438 -16.870675497101438 -16.870675497101438 -16.870675497101438 -16.870675497101438 -16.870675497101438 -16.870675497101438 -16.870675497101438 -16.870675497101438 -16.870675497101438 -16.870675497101438 -16.870675497101438 -16.870675497101438 -16.870675497101438 -16.870675497101438 -16.870675497101438 -16.870675497101438 -16.870675497101438
3.316582914572864 -16.83871683519255 -16.83871683519255 -16.83871683519255 -16.83871683519255 -16.83871683519255 -16.83871683519255 -16.83871683519255 -16.83871683519255 -16.83871683519255 -16.83871683519255 -16.83871683519255 -16.83871683519255 -16.83871683519255 -16.83871683519255 -16.83871683519255 -16.83871683519255 -16.83871683519255 -16.83871683519255 -16.83871683519255 -16.83871683519255 -16.83871683519255 -16.83871683519255 -16.83871683519255 -16.83871683519255 -16.83871683519255 -16.83871683519255 -16.83871683519255 -16.83871683519255 -16.83871683519255
3.3919597989949746 -16.80675817328366 -16.80675817328366 -16.80675817328366 -16.80675817328366 -16.80675817328366 -16.80675817328366 -16.80675817328366 -16.80675817328366 -16.80675817328366 -16.80675817328366 -16.80675817328366 -16.80675817328366 -16.80675817328366 -16.80675817328366 -16.80675817328366 -16.80675817328366 -16.80675817328366 -16.80675817328366 -16.80675817328366 -16.80675817328366 -16.80675817328366 -16.80675817328366 -16.80675817328366 -16.80675817328366 -16.80675817328366 -16.80675817328366 -16.80675817328366 -16.80675817328366 -16.80675817328366
3.467336683417085 -16.77479951137477 -16.77479951137477 -16.77479951137477 -16.77479951137477 -16.77479951137477 -16.77479951137477 -16.77479951137477 -16.77479951137477 -16.77479951137477 -16.77479951137477 -16.77479951137477 -16.77479951137477 -16.77479951137477 -16.77479951137477 -16.77479951137477 -16.77479951137477 -16.77479951137477 -16.77479951137477 -16.77479951137477 -16.77479951137477 -16.77479951137477 -16.77479951137477 -16.77479951137477 -16.77479951137477 -16.77479951137477 -16.77479951137477 -16.77479951137477 -16.77479951137477 -16.77479951137477
3.5427135678391957 -16.742840849465882 -16.742840849465882 -16.742840849465882 -16.742840849465882 -16.742840849465882 -16.742840849465882 -16.742840849465882 -16.742840849465882 -16.742840849465882 -16.742840849465882 -16.742840849465882 -16.742840849465882 -16.742840849465882 -16.742840849465882 -16.742840849465882 -16.742840849465882 -16.742840849465882 -16.742840849465882 -16.742840849465882 -16.742840849465882 -16.742840849465882 -16.742840849465882 -16.742840849465882 -16.742840849465882 -16.742840849465882 -16.742840849465882 -16.742840849465882 -16.742840849465882 -16.742840849465882
3.618090452261306 -16.710882187556994 -16.710882187556994 -16.710882187556994 -16.710882187556994 -16.710882187556994 -16.710882187556994 -16.710882187556994 -16.710882187556994 -16.710882187556994 -16.710882187556994 -16.710882187556994 -16.710882187556994 -16.710882187556994 -16.710882187556994 -16.710882187556994 -16.710882187556994 -16.710882187556994 -16.710882187556994 -16.710882187556994 -16.710882187556994 -16.710882187556994 -16.710882187556994 -16.710882187556994 -16.710882187556994 -16.710882187556994 -16.710882187556994 -16.710882187556994 -16.710882187556994 -16.710882187556994
3.6934673366834168 -16.678923525648102 -16.678923525648102 -16.678923525648102 -16.678923525648102 -16.678923525648102 -16.678923525648102 -16.678923525648102 -16.678923525648102 -16.678923525648102 -16.678923525648102 -16.678923525648102 -16.678923525648102 -16.678923525648102 -16.678923525648102 -16.678923525648102 -16.678923525648102 -16.678923525648102 -16.678923525648102 -16.678923525648102 -16.678923525648102 -16.678923525648102 -16.678923525648102 -16.678923525648102 -16.678923525648102 -16.678923525648102 -16.678923525648102 -16.678923525648102 -16.678923525648102 -16.678923525648102
3.7688442211055273 -16.646964863739214 -16.646964863739214 -16.646964863739214 -16.646964863739214 -16.646964863739214 -16.646964863739214 -16.646964863739214 -16.646964863739214 -16.646964863739214 -16.646964863739214 -16.646964863739214 -16.646964863739214 -16.646964863739214 -16.646964863739214 -16.646964863739214 -16.646964863739214 -16.646964863739214 -16.646964863739214 -16.646964863739214 -16.646964863739214 -16.646964863739214 -16.646964863739214 -16.646964863739214 -16.646964863739214 -16.646964863739214 -16.646964863739214 -16.646964863739214 -16.646964863739214 -16.646964863739214
3.844221105527638 -16.615006201830326 -16.615006201830326 -16.615006201830326 -16.615006201830326 -16.615006201830326 -16.615006201830326 -16.615006201830326 -16.615006201830326 -16.615006201830326 -16.615006201830326 -16.615006201830326 -16.615006201830326 -16.615006201830326 -16.615006201830326 -16.615006201830326 -16.615006201830326 -16.615006201830326 -16.615006201830326 -16.615006201830326 -16.615006201830326 -16.615006201830326 -16.615006201830326 -16.615006201830326 -16.615006201830326 -16.615006201830326 -16.615006201830326 -16.615006201830326 -16.615006201830326 -16.615006201830326
3.9195979899497484 -16.583047539921434 -16.583047539921434 -16.583047539921434 -16.583047539921434 -16.583047539921434 -16.583047539921434 -16.583047539921434 -16.583047539921434 -16.583047539921434 -16.583047539921434 -16.583047539921434 -16.583047539921434 -16.583047539921434 -16.583047539921434 -16.583047539921434 -16.583047539921434 -16.583047539921434 -16.583047539921434 -16.583047539921434 -16.583047539921434 -16.583047539921434 -16.583047539921434 -16.583047539921434 -16.583047539921434 -16.583047539921434 -16.583047539921434 -16.583047539921434 -16.583047539921434 -16.583047539921434
3.994974874371859 -16.551088878012546 -16.551088878012546 -16.551088878012546 -16.551088878012546 -16.551088878012546 -16.551088878012546 -16.551088878012546 -16.551088878012546 -16.551088878012546 -16.551088878012546 -16.551088878012546 -16.551088878012546 -16.551088878012546 -16.551088878012546 -16.551088878012546 -16.551088878012546 -16.551088878012546 -16.551088878012546 -16.551088878012546 -16.551088878012546 -16.551088878012546 -16.551088878012546 -16.551088878012546 -16.551088878012546 -16.551088878012546 -16.551088878012546 -16.551088878012546 -16.551088878012546 -16.551088878012546
