web/models/linear/70/-18_245_0_311.dat
# %ECSV 1.0
# ---
# datatype:
# - {name: time, datatype: float64}
# - {name: sdss_u, datatype: float64}
# - {name: sdss_g, datatype: float64}
# - {name: sdss_r, datatype: float64}
# - {name: sdss_i, datatype: float64}
# - {name: sdss_z, datatype: float64}
# - {name: Clear, datatype: float64}
# - {name: johnson_B, datatype: float64}
# - {name: johnson_V, datatype: float64}
# - {name: johnson_R, datatype: float64}
# - {name: johnson_I, datatype: float64}
# - {name: ukirt_J, datatype: float64}
# - {name: ukirt_H, datatype: float64}
# - {name: ukirt_K, datatype: float64}
# meta: !!omap
# - comment: [M=-18.244897959183675, dM=0.3108955361862286]
# schema: astropy-2.0
time sdss_u sdss_g sdss_r sdss_i sdss_z Clear johnson_B johnson_V johnson_R johnson_I ukirt_J ukirt_H ukirt_K
[from data line 117]
8.819095477386934 -15.50308054206392 -15.50308054206392 -15.50308054206392 -15.50308054206392 -15.50308054206392 -15.50308054206392 -15.50308054206392 -15.50308054206392 -15.50308054206392 -15.50308054206392 -15.50308054206392 -15.50308054206392 -15.50308054206392
8.894472361809044 -15.47964620516546 -15.47964620516546 -15.47964620516546 -15.47964620516546 -15.47964620516546 -15.47964620516546 -15.47964620516546 -15.47964620516546 -15.47964620516546 -15.47964620516546 -15.47964620516546 -15.47964620516546 -15.47964620516546
8.969849246231155 -15.456211868267001 -15.456211868267001 -15.456211868267001 -15.456211868267001 -15.456211868267001 -15.456211868267001 -15.456211868267001 -15.456211868267001 -15.456211868267001 -15.456211868267001 -15.456211868267001 -15.456211868267001 -15.456211868267001
9.045226130653266 -15.432777531368542 -15.432777531368542 -15.432777531368542 -15.432777531368542 -15.432777531368542 -15.432777531368542 -15.432777531368542 -15.432777531368542 -15.432777531368542 -15.432777531368542 -15.432777531368542 -15.432777531368542 -15.432777531368542
9.120603015075377 -15.409343194470082 -15.409343194470082 -15.409343194470082 -15.409343194470082 -15.409343194470082 -15.409343194470082 -15.409343194470082 -15.409343194470082 -15.409343194470082 -15.409343194470082 -15.409343194470082 -15.409343194470082 -15.409343194470082
9.195979899497488 -15.385908857571621 -15.385908857571621 -15.385908857571621 -15.385908857571621 -15.385908857571621 -15.385908857571621 -15.385908857571621 -15.385908857571621 -15.385908857571621 -15.385908857571621 -15.385908857571621 -15.385908857571621 -15.385908857571621
9.271356783919597 -15.362474520673164 -15.362474520673164 -15.362474520673164 -15.362474520673164 -15.362474520673164 -15.362474520673164 -15.362474520673164 -15.362474520673164 -15.362474520673164 -15.362474520673164 -15.362474520673164 -15.362474520673164 -15.362474520673164
9.346733668341708 -15.339040183774703 -15.339040183774703 -15.339040183774703 -15.339040183774703 -15.339040183774703 -15.339040183774703 -15.339040183774703 -15.339040183774703 -15.339040183774703 -15.339040183774703 -15.339040183774703 -15.339040183774703 -15.339040183774703
9.422110552763819 -15.315605846876245 -15.315605846876245 -15.315605846876245 -15.315605846876245 -15.315605846876245 -15.315605846876245 -15.315605846876245 -15.315605846876245 -15.315605846876245 -15.315605846876245 -15.315605846876245 -15.315605846876245 -15.315605846876245
9.497487437185928 -15.292171509977786 -15.292171509977786 -15.292171509977786 -15.292171509977786 -15.292171509977786 -15.292171509977786 -15.292171509977786 -15.292171509977786 -15.292171509977786 -15.292171509977786 -15.292171509977786 -15.292171509977786 -15.292171509977786
9.572864321608039 -15.268737173079327 -15.268737173079327 -15.268737173079327 -15.268737173079327 -15.268737173079327 -15.268737173079327 -15.268737173079327 -15.268737173079327 -15.268737173079327 -15.268737173079327 -15.268737173079327 -15.268737173079327 -15.268737173079327
9.64824120603015 -15.245302836180866 -15.245302836180866 -15.245302836180866 -15.245302836180866 -15.245302836180866 -15.245302836180866 -15.245302836180866 -15.245302836180866 -15.245302836180866 -15.245302836180866 -15.245302836180866 -15.245302836180866 -15.245302836180866
9.72361809045226 -15.221868499282406 -15.221868499282406 -15.221868499282406 -15.221868499282406 -15.221868499282406 -15.221868499282406 -15.221868499282406 -15.221868499282406 -15.221868499282406 -15.221868499282406 -15.221868499282406 -15.221868499282406 -15.221868499282406
9.798994974874372 -15.198434162383947 -15.198434162383947 -15.198434162383947 -15.198434162383947 -15.198434162383947 -15.198434162383947 -15.198434162383947 -15.198434162383947 -15.198434162383947 -15.198434162383947 -15.198434162383947 -15.198434162383947 -15.198434162383947
9.874371859296481 -15.174999825485488 -15.174999825485488 -15.174999825485488 -15.174999825485488 -15.174999825485488 -15.174999825485488 -15.174999825485488 -15.174999825485488 -15.174999825485488 -15.174999825485488 -15.174999825485488 -15.174999825485488 -15.174999825485488
9.949748743718592 -15.151565488587028 -15.151565488587028 -15.151565488587028 -15.151565488587028 -15.151565488587028 -15.151565488587028 -15.151565488587028 -15.151565488587028 -15.151565488587028 -15.151565488587028 -15.151565488587028 -15.151565488587028 -15.151565488587028
10.025125628140703 -15.128131151688569 -15.128131151688569 -15.128131151688569 -15.128131151688569 -15.128131151688569 -15.128131151688569 -15.128131151688569 -15.128131151688569 -15.128131151688569 -15.128131151688569 -15.128131151688569 -15.128131151688569 -15.128131151688569
10.100502512562812 -15.10469681479011 -15.10469681479011 -15.10469681479011 -15.10469681479011 -15.10469681479011 -15.10469681479011 -15.10469681479011 -15.10469681479011 -15.10469681479011 -15.10469681479011 -15.10469681479011 -15.10469681479011 -15.10469681479011
10.175879396984923 -15.08126247789165 -15.08126247789165 -15.08126247789165 -15.08126247789165 -15.08126247789165 -15.08126247789165 -15.08126247789165 -15.08126247789165 -15.08126247789165 -15.08126247789165 -15.08126247789165 -15.08126247789165 -15.08126247789165
10.251256281407034 -15.057828140993191 -15.057828140993191 -15.057828140993191 -15.057828140993191 -15.057828140993191 -15.057828140993191 -15.057828140993191 -15.057828140993191 -15.057828140993191 -15.057828140993191 -15.057828140993191 -15.057828140993191 -15.057828140993191
10.326633165829145 -15.03439380409473 -15.03439380409473 -15.03439380409473 -15.03439380409473 -15.03439380409473 -15.03439380409473 -15.03439380409473 -15.03439380409473 -15.03439380409473 -15.03439380409473 -15.03439380409473 -15.03439380409473 -15.03439380409473
10.402010050251256 -15.010959467196272 -15.010959467196272 -15.010959467196272 -15.010959467196272 -15.010959467196272 -15.010959467196272 -15.010959467196272 -15.010959467196272 -15.010959467196272 -15.010959467196272 -15.010959467196272 -15.010959467196272 -15.010959467196272
10.477386934673365 -14.987525130297811 -14.987525130297811 -14.987525130297811 -14.987525130297811 -14.987525130297811 -14.987525130297811 -14.987525130297811 -14.987525130297811 -14.987525130297811 -14.987525130297811 -14.987525130297811 -14.987525130297811 -14.987525130297811
10.552763819095476 -14.964090793399354 -14.964090793399354 -14.964090793399354 -14.964090793399354 -14.964090793399354 -14.964090793399354 -14.964090793399354 -14.964090793399354 -14.964090793399354 -14.964090793399354 -14.964090793399354 -14.964090793399354 -14.964090793399354
10.628140703517587 -14.940656456500893 -14.940656456500893 -14.940656456500893 -14.940656456500893 -14.940656456500893 -14.940656456500893 -14.940656456500893 -14.940656456500893 -14.940656456500893 -14.940656456500893 -14.940656456500893 -14.940656456500893 -14.940656456500893
10.703517587939697 -14.917222119602435 -14.917222119602435 -14.917222119602435 -14.917222119602435 -14.917222119602435 -14.917222119602435 -14.917222119602435 -14.917222119602435 -14.917222119602435 -14.917222119602435 -14.917222119602435 -14.917222119602435 -14.917222119602435
10.778894472361808 -14.893787782703974 -14.893787782703974 -14.893787782703974 -14.893787782703974 -14.893787782703974 -14.893787782703974 -14.893787782703974 -14.893787782703974 -14.893787782703974 -14.893787782703974 -14.893787782703974 -14.893787782703974 -14.893787782703974
10.854271356783919 -14.870353445805515 -14.870353445805515 -14.870353445805515 -14.870353445805515 -14.870353445805515 -14.870353445805515 -14.870353445805515 -14.870353445805515 -14.870353445805515 -14.870353445805515 -14.870353445805515 -14.870353445805515 -14.870353445805515
10.92964824120603 -14.846919108907056 -14.846919108907056 -14.846919108907056 -14.846919108907056 -14.846919108907056 -14.846919108907056 -14.846919108907056 -14.846919108907056 -14.846919108907056 -14.846919108907056 -14.846919108907056 -14.846919108907056 -14.846919108907056
11.00502512562814 -14.823484772008596 -14.823484772008596 -14.823484772008596 -14.823484772008596 -14.823484772008596 -14.823484772008596 -14.823484772008596 -14.823484772008596 -14.823484772008596 -14.823484772008596 -14.823484772008596 -14.823484772008596 -14.823484772008596
11.08040201005025 -14.800050435110137 -14.800050435110137 -14.800050435110137 -14.800050435110137 -14.800050435110137 -14.800050435110137 -14.800050435110137 -14.800050435110137 -14.800050435110137 -14.800050435110137 -14.800050435110137 -14.800050435110137 -14.800050435110137
11.15577889447236 -14.776616098211678 -14.776616098211678 -14.776616098211678 -14.776616098211678 -14.776616098211678 -14.776616098211678 -14.776616098211678 -14.776616098211678 -14.776616098211678 -14.776616098211678 -14.776616098211678 -14.776616098211678 -14.776616098211678
11.231155778894472 -14.753181761313218 -14.753181761313218 -14.753181761313218 -14.753181761313218 -14.753181761313218 -14.753181761313218 -14.753181761313218 -14.753181761313218 -14.753181761313218 -14.753181761313218 -14.753181761313218 -14.753181761313218 -14.753181761313218
11.306532663316581 -14.729747424414759 -14.729747424414759 -14.729747424414759 -14.729747424414759 -14.729747424414759 -14.729747424414759 -14.729747424414759 -14.729747424414759 -14.729747424414759 -14.729747424414759 -14.729747424414759 -14.729747424414759 -14.729747424414759
11.381909547738692 -14.7063130875163 -14.7063130875163 -14.7063130875163 -14.7063130875163 -14.7063130875163 -14.7063130875163 -14.7063130875163 -14.7063130875163 -14.7063130875163 -14.7063130875163 -14.7063130875163 -14.7063130875163 -14.7063130875163
11.457286432160803 -14.682878750617839 -14.682878750617839 -14.682878750617839 -14.682878750617839 -14.682878750617839 -14.682878750617839 -14.682878750617839 -14.682878750617839 -14.682878750617839 -14.682878750617839 -14.682878750617839 -14.682878750617839 -14.682878750617839
11.532663316582914 -14.65944441371938 -14.65944441371938 -14.65944441371938 -14.65944441371938 -14.65944441371938 -14.65944441371938 -14.65944441371938 -14.65944441371938 -14.65944441371938 -14.65944441371938 -14.65944441371938 -14.65944441371938 -14.65944441371938
11.608040201005025 -14.63601007682092 -14.63601007682092 -14.63601007682092 -14.63601007682092 -14.63601007682092 -14.63601007682092 -14.63601007682092 -14.63601007682092 -14.63601007682092 -14.63601007682092 -14.63601007682092 -14.63601007682092 -14.63601007682092
11.683417085427134 -14.61257573992246 -14.61257573992246 -14.61257573992246 -14.61257573992246 -14.61257573992246 -14.61257573992246 -14.61257573992246 -14.61257573992246 -14.61257573992246 -14.61257573992246 -14.61257573992246 -14.61257573992246 -14.61257573992246
11.758793969849245 -14.589141403024001 -14.589141403024001 -14.589141403024001 -14.589141403024001 -14.589141403024001 -14.589141403024001 -14.589141403024001 -14.589141403024001 -14.589141403024001 -14.589141403024001 -14.589141403024001 -14.589141403024001 -14.589141403024001
11.834170854271356 -14.565707066125542 -14.565707066125542 -14.565707066125542 -14.565707066125542 -14.565707066125542 -14.565707066125542 -14.565707066125542 -14.565707066125542 -14.565707066125542 -14.565707066125542 -14.565707066125542 -14.565707066125542 -14.565707066125542
11.909547738693465 -14.542272729227083 -14.542272729227083 -14.542272729227083 -14.542272729227083 -14.542272729227083 -14.542272729227083 -14.542272729227083 -14.542272729227083 -14.542272729227083 -14.542272729227083 -14.542272729227083 -14.542272729227083 -14.542272729227083
11.984924623115576 -14.518838392328623 -14.518838392328623 -14.518838392328623 -14.518838392328623 -14.518838392328623 -14.518838392328623 -14.518838392328623 -14.518838392328623 -14.518838392328623 -14.518838392328623 -14.518838392328623 -14.518838392328623 -14.518838392328623
12.060301507537687 -14.495404055430164 -14.495404055430164 -14.495404055430164 -14.495404055430164 -14.495404055430164 -14.495404055430164 -14.495404055430164 -14.495404055430164 -14.495404055430164 -14.495404055430164 -14.495404055430164 -14.495404055430164 -14.495404055430164
12.135678391959798 -14.471969718531705 -14.471969718531705 -14.471969718531705 -14.471969718531705 -14.471969718531705 -14.471969718531705 -14.471969718531705 -14.471969718531705 -14.471969718531705 -14.471969718531705 -14.471969718531705 -14.471969718531705 -14.471969718531705
12.21105527638191 -14.448535381633246 -14.448535381633246 -14.448535381633246 -14.448535381633246 -14.448535381633246 -14.448535381633246 -14.448535381633246 -14.448535381633246 -14.448535381633246 -14.448535381633246 -14.448535381633246 -14.448535381633246 -14.448535381633246
12.286432160804019 -14.425101044734786 -14.425101044734786 -14.425101044734786 -14.425101044734786 -14.425101044734786 -14.425101044734786 -14.425101044734786 -14.425101044734786 -14.425101044734786 -14.425101044734786 -14.425101044734786 -14.425101044734786 -14.425101044734786
12.36180904522613 -14.401666707836327 -14.401666707836327 -14.401666707836327 -14.401666707836327 -14.401666707836327 -14.401666707836327 -14.401666707836327 -14.401666707836327 -14.401666707836327 -14.401666707836327 -14.401666707836327 -14.401666707836327 -14.401666707836327
12.43718592964824 -14.378232370937866 -14.378232370937866 -14.378232370937866 -14.378232370937866 -14.378232370937866 -14.378232370937866 -14.378232370937866 -14.378232370937866 -14.378232370937866 -14.378232370937866 -14.378232370937866 -14.378232370937866 -14.378232370937866
12.51256281407035 -14.354798034039408 -14.354798034039408 -14.354798034039408 -14.354798034039408 -14.354798034039408 -14.354798034039408 -14.354798034039408 -14.354798034039408 -14.354798034039408 -14.354798034039408 -14.354798034039408 -14.354798034039408 -14.354798034039408
12.58793969849246 -14.331363697140947 -14.331363697140947 -14.331363697140947 -14.331363697140947 -14.331363697140947 -14.331363697140947 -14.331363697140947 -14.331363697140947 -14.331363697140947 -14.331363697140947 -14.331363697140947 -14.331363697140947 -14.331363697140947
12.663316582914572 -14.307929360242488 -14.307929360242488 -14.307929360242488 -14.307929360242488 -14.307929360242488 -14.307929360242488 -14.307929360242488 -14.307929360242488 -14.307929360242488 -14.307929360242488 -14.307929360242488 -14.307929360242488 -14.307929360242488
12.738693467336683 -14.284495023344029 -14.284495023344029 -14.284495023344029 -14.284495023344029 -14.284495023344029 -14.284495023344029 -14.284495023344029 -14.284495023344029 -14.284495023344029 -14.284495023344029 -14.284495023344029 -14.284495023344029 -14.284495023344029
12.814070351758794 -14.26106068644557 -14.26106068644557 -14.26106068644557 -14.26106068644557 -14.26106068644557 -14.26106068644557 -14.26106068644557 -14.26106068644557 -14.26106068644557 -14.26106068644557 -14.26106068644557 -14.26106068644557 -14.26106068644557
12.889447236180903 -14.23762634954711 -14.23762634954711 -14.23762634954711 -14.23762634954711 -14.23762634954711 -14.23762634954711 -14.23762634954711 -14.23762634954711 -14.23762634954711 -14.23762634954711 -14.23762634954711 -14.23762634954711 -14.23762634954711
12.964824120603014 -14.21419201264865 -14.21419201264865 -14.21419201264865 -14.21419201264865 -14.21419201264865 -14.21419201264865 -14.21419201264865 -14.21419201264865 -14.21419201264865 -14.21419201264865 -14.21419201264865 -14.21419201264865 -14.21419201264865
13.040201005025125 -14.190757675750191 -14.190757675750191 -14.190757675750191 -14.190757675750191 -14.190757675750191 -14.190757675750191 -14.190757675750191 -14.190757675750191 -14.190757675750191 -14.190757675750191 -14.190757675750191 -14.190757675750191 -14.190757675750191
13.115577889447234 -14.167323338851732 -14.167323338851732 -14.167323338851732 -14.167323338851732 -14.167323338851732 -14.167323338851732 -14.167323338851732 -14.167323338851732 -14.167323338851732 -14.167323338851732 -14.167323338851732 -14.167323338851732 -14.167323338851732
