web/models/linear/57/-17_143_0_009.dat
# %ECSV 1.0
# ---
# datatype:
# - {name: time, datatype: float64}
# - {name: sdss_u, datatype: float64}
# - {name: sdss_g, datatype: float64}
# - {name: sdss_r, datatype: float64}
# - {name: sdss_i, datatype: float64}
# - {name: sdss_z, datatype: float64}
# - {name: Clear, datatype: float64}
# - {name: johnson_B, datatype: float64}
# - {name: johnson_V, datatype: float64}
# - {name: johnson_R, datatype: float64}
# - {name: johnson_I, datatype: float64}
# - {name: ukirt_J, datatype: float64}
# - {name: ukirt_H, datatype: float64}
# - {name: ukirt_K, datatype: float64}
# meta: !!omap
# - comment: [M=-17.142857142857142, dM=0.008773066621237415]
# schema: astropy-2.0
time sdss_u sdss_g sdss_r sdss_i sdss_z Clear johnson_B johnson_V johnson_R johnson_I ukirt_J ukirt_H ukirt_K
[from data line 176]
13.266331658291456 -17.02647073139952 -17.02647073139952 -17.02647073139952 -17.02647073139952 -17.02647073139952 -17.02647073139952 -17.02647073139952 -17.02647073139952 -17.02647073139952 -17.02647073139952 -17.02647073139952 -17.02647073139952 -17.02647073139952
13.341708542713567 -17.025809444970783 -17.025809444970783 -17.025809444970783 -17.025809444970783 -17.025809444970783 -17.025809444970783 -17.025809444970783 -17.025809444970783 -17.025809444970783 -17.025809444970783 -17.025809444970783 -17.025809444970783 -17.025809444970783
13.417085427135678 -17.02514815854205 -17.02514815854205 -17.02514815854205 -17.02514815854205 -17.02514815854205 -17.02514815854205 -17.02514815854205 -17.02514815854205 -17.02514815854205 -17.02514815854205 -17.02514815854205 -17.02514815854205 -17.02514815854205
13.492462311557787 -17.02448687211331 -17.02448687211331 -17.02448687211331 -17.02448687211331 -17.02448687211331 -17.02448687211331 -17.02448687211331 -17.02448687211331 -17.02448687211331 -17.02448687211331 -17.02448687211331 -17.02448687211331 -17.02448687211331
13.567839195979898 -17.023825585684573 -17.023825585684573 -17.023825585684573 -17.023825585684573 -17.023825585684573 -17.023825585684573 -17.023825585684573 -17.023825585684573 -17.023825585684573 -17.023825585684573 -17.023825585684573 -17.023825585684573 -17.023825585684573
13.64321608040201 -17.02316429925584 -17.02316429925584 -17.02316429925584 -17.02316429925584 -17.02316429925584 -17.02316429925584 -17.02316429925584 -17.02316429925584 -17.02316429925584 -17.02316429925584 -17.02316429925584 -17.02316429925584 -17.02316429925584
13.718592964824118 -17.0225030128271 -17.0225030128271 -17.0225030128271 -17.0225030128271 -17.0225030128271 -17.0225030128271 -17.0225030128271 -17.0225030128271 -17.0225030128271 -17.0225030128271 -17.0225030128271 -17.0225030128271 -17.0225030128271
13.79396984924623 -17.021841726398364 -17.021841726398364 -17.021841726398364 -17.021841726398364 -17.021841726398364 -17.021841726398364 -17.021841726398364 -17.021841726398364 -17.021841726398364 -17.021841726398364 -17.021841726398364 -17.021841726398364 -17.021841726398364
13.86934673366834 -17.02118043996963 -17.02118043996963 -17.02118043996963 -17.02118043996963 -17.02118043996963 -17.02118043996963 -17.02118043996963 -17.02118043996963 -17.02118043996963 -17.02118043996963 -17.02118043996963 -17.02118043996963 -17.02118043996963
13.944723618090451 -17.020519153540892 -17.020519153540892 -17.020519153540892 -17.020519153540892 -17.020519153540892 -17.020519153540892 -17.020519153540892 -17.020519153540892 -17.020519153540892 -17.020519153540892 -17.020519153540892 -17.020519153540892 -17.020519153540892
14.020100502512562 -17.019857867112155 -17.019857867112155 -17.019857867112155 -17.019857867112155 -17.019857867112155 -17.019857867112155 -17.019857867112155 -17.019857867112155 -17.019857867112155 -17.019857867112155 -17.019857867112155 -17.019857867112155 -17.019857867112155
14.095477386934672 -17.01919658068342 -17.01919658068342 -17.01919658068342 -17.01919658068342 -17.01919658068342 -17.01919658068342 -17.01919658068342 -17.01919658068342 -17.01919658068342 -17.01919658068342 -17.01919658068342 -17.01919658068342 -17.01919658068342
14.170854271356783 -17.018535294254683 -17.018535294254683 -17.018535294254683 -17.018535294254683 -17.018535294254683 -17.018535294254683 -17.018535294254683 -17.018535294254683 -17.018535294254683 -17.018535294254683 -17.018535294254683 -17.018535294254683 -17.018535294254683
14.246231155778894 -17.017874007825945 -17.017874007825945 -17.017874007825945 -17.017874007825945 -17.017874007825945 -17.017874007825945 -17.017874007825945 -17.017874007825945 -17.017874007825945 -17.017874007825945 -17.017874007825945 -17.017874007825945 -17.017874007825945
14.321608040201003 -17.01721272139721 -17.01721272139721 -17.01721272139721 -17.01721272139721 -17.01721272139721 -17.01721272139721 -17.01721272139721 -17.01721272139721 -17.01721272139721 -17.01721272139721 -17.01721272139721 -17.01721272139721 -17.01721272139721
14.396984924623114 -17.016551434968473 -17.016551434968473 -17.016551434968473 -17.016551434968473 -17.016551434968473 -17.016551434968473 -17.016551434968473 -17.016551434968473 -17.016551434968473 -17.016551434968473 -17.016551434968473 -17.016551434968473 -17.016551434968473
14.472361809045225 -17.015890148539736 -17.015890148539736 -17.015890148539736 -17.015890148539736 -17.015890148539736 -17.015890148539736 -17.015890148539736 -17.015890148539736 -17.015890148539736 -17.015890148539736 -17.015890148539736 -17.015890148539736 -17.015890148539736
14.547738693467336 -17.015228862111 -17.015228862111 -17.015228862111 -17.015228862111 -17.015228862111 -17.015228862111 -17.015228862111 -17.015228862111 -17.015228862111 -17.015228862111 -17.015228862111 -17.015228862111 -17.015228862111
14.623115577889447 -17.014567575682264 -17.014567575682264 -17.014567575682264 -17.014567575682264 -17.014567575682264 -17.014567575682264 -17.014567575682264 -17.014567575682264 -17.014567575682264 -17.014567575682264 -17.014567575682264 -17.014567575682264 -17.014567575682264
14.698492462311556 -17.013906289253526 -17.013906289253526 -17.013906289253526 -17.013906289253526 -17.013906289253526 -17.013906289253526 -17.013906289253526 -17.013906289253526 -17.013906289253526 -17.013906289253526 -17.013906289253526 -17.013906289253526 -17.013906289253526
14.773869346733667 -17.013245002824792 -17.013245002824792 -17.013245002824792 -17.013245002824792 -17.013245002824792 -17.013245002824792 -17.013245002824792 -17.013245002824792 -17.013245002824792 -17.013245002824792 -17.013245002824792 -17.013245002824792 -17.013245002824792
14.849246231155778 -17.012583716396055 -17.012583716396055 -17.012583716396055 -17.012583716396055 -17.012583716396055 -17.012583716396055 -17.012583716396055 -17.012583716396055 -17.012583716396055 -17.012583716396055 -17.012583716396055 -17.012583716396055 -17.012583716396055
14.924623115577887 -17.011922429967317 -17.011922429967317 -17.011922429967317 -17.011922429967317 -17.011922429967317 -17.011922429967317 -17.011922429967317 -17.011922429967317 -17.011922429967317 -17.011922429967317 -17.011922429967317 -17.011922429967317 -17.011922429967317
15.0 -17.01126114353858 -17.01126114353858 -17.01126114353858 -17.01126114353858 -17.01126114353858 -17.01126114353858 -17.01126114353858 -17.01126114353858 -17.01126114353858 -17.01126114353858 -17.01126114353858 -17.01126114353858 -17.01126114353858
