web/models/linear/57/-17_143_0_014.dat
# %ECSV 1.0
# ---
# datatype:
# - {name: time, datatype: float64}
# - {name: sdss_u, datatype: float64}
# - {name: sdss_g, datatype: float64}
# - {name: sdss_r, datatype: float64}
# - {name: sdss_i, datatype: float64}
# - {name: sdss_z, datatype: float64}
# - {name: Clear, datatype: float64}
# - {name: johnson_B, datatype: float64}
# - {name: johnson_V, datatype: float64}
# - {name: johnson_R, datatype: float64}
# - {name: johnson_I, datatype: float64}
# - {name: ukirt_J, datatype: float64}
# - {name: ukirt_H, datatype: float64}
# - {name: ukirt_K, datatype: float64}
# meta: !!omap
# - comment: [M=-17.142857142857142, dM=0.013971894723352866]
# schema: astropy-2.0
time sdss_u sdss_g sdss_r sdss_i sdss_z Clear johnson_B johnson_V johnson_R johnson_I ukirt_J ukirt_H ukirt_K
[from data line 176]
13.266331658291456 -16.95750135356241 -16.95750135356241 -16.95750135356241 -16.95750135356241 -16.95750135356241 -16.95750135356241 -16.95750135356241 -16.95750135356241 -16.95750135356241 -16.95750135356241 -16.95750135356241 -16.95750135356241 -16.95750135356241
13.341708542713567 -16.956448195668692 -16.956448195668692 -16.956448195668692 -16.956448195668692 -16.956448195668692 -16.956448195668692 -16.956448195668692 -16.956448195668692 -16.956448195668692 -16.956448195668692 -16.956448195668692 -16.956448195668692 -16.956448195668692
13.417085427135678 -16.95539503777497 -16.95539503777497 -16.95539503777497 -16.95539503777497 -16.95539503777497 -16.95539503777497 -16.95539503777497 -16.95539503777497 -16.95539503777497 -16.95539503777497 -16.95539503777497 -16.95539503777497 -16.95539503777497
13.492462311557787 -16.95434187988125 -16.95434187988125 -16.95434187988125 -16.95434187988125 -16.95434187988125 -16.95434187988125 -16.95434187988125 -16.95434187988125 -16.95434187988125 -16.95434187988125 -16.95434187988125 -16.95434187988125 -16.95434187988125
13.567839195979898 -16.95328872198753 -16.95328872198753 -16.95328872198753 -16.95328872198753 -16.95328872198753 -16.95328872198753 -16.95328872198753 -16.95328872198753 -16.95328872198753 -16.95328872198753 -16.95328872198753 -16.95328872198753 -16.95328872198753
13.64321608040201 -16.95223556409381 -16.95223556409381 -16.95223556409381 -16.95223556409381 -16.95223556409381 -16.95223556409381 -16.95223556409381 -16.95223556409381 -16.95223556409381 -16.95223556409381 -16.95223556409381 -16.95223556409381 -16.95223556409381
13.718592964824118 -16.95118240620009 -16.95118240620009 -16.95118240620009 -16.95118240620009 -16.95118240620009 -16.95118240620009 -16.95118240620009 -16.95118240620009 -16.95118240620009 -16.95118240620009 -16.95118240620009 -16.95118240620009 -16.95118240620009
13.79396984924623 -16.95012924830637 -16.95012924830637 -16.95012924830637 -16.95012924830637 -16.95012924830637 -16.95012924830637 -16.95012924830637 -16.95012924830637 -16.95012924830637 -16.95012924830637 -16.95012924830637 -16.95012924830637 -16.95012924830637
13.86934673366834 -16.94907609041265 -16.94907609041265 -16.94907609041265 -16.94907609041265 -16.94907609041265 -16.94907609041265 -16.94907609041265 -16.94907609041265 -16.94907609041265 -16.94907609041265 -16.94907609041265 -16.94907609041265 -16.94907609041265
13.944723618090451 -16.94802293251893 -16.94802293251893 -16.94802293251893 -16.94802293251893 -16.94802293251893 -16.94802293251893 -16.94802293251893 -16.94802293251893 -16.94802293251893 -16.94802293251893 -16.94802293251893 -16.94802293251893 -16.94802293251893
14.020100502512562 -16.94696977462521 -16.94696977462521 -16.94696977462521 -16.94696977462521 -16.94696977462521 -16.94696977462521 -16.94696977462521 -16.94696977462521 -16.94696977462521 -16.94696977462521 -16.94696977462521 -16.94696977462521 -16.94696977462521
14.095477386934672 -16.94591661673149 -16.94591661673149 -16.94591661673149 -16.94591661673149 -16.94591661673149 -16.94591661673149 -16.94591661673149 -16.94591661673149 -16.94591661673149 -16.94591661673149 -16.94591661673149 -16.94591661673149 -16.94591661673149
14.170854271356783 -16.94486345883777 -16.94486345883777 -16.94486345883777 -16.94486345883777 -16.94486345883777 -16.94486345883777 -16.94486345883777 -16.94486345883777 -16.94486345883777 -16.94486345883777 -16.94486345883777 -16.94486345883777 -16.94486345883777
14.246231155778894 -16.94381030094405 -16.94381030094405 -16.94381030094405 -16.94381030094405 -16.94381030094405 -16.94381030094405 -16.94381030094405 -16.94381030094405 -16.94381030094405 -16.94381030094405 -16.94381030094405 -16.94381030094405 -16.94381030094405
14.321608040201003 -16.94275714305033 -16.94275714305033 -16.94275714305033 -16.94275714305033 -16.94275714305033 -16.94275714305033 -16.94275714305033 -16.94275714305033 -16.94275714305033 -16.94275714305033 -16.94275714305033 -16.94275714305033 -16.94275714305033
14.396984924623114 -16.94170398515661 -16.94170398515661 -16.94170398515661 -16.94170398515661 -16.94170398515661 -16.94170398515661 -16.94170398515661 -16.94170398515661 -16.94170398515661 -16.94170398515661 -16.94170398515661 -16.94170398515661 -16.94170398515661
14.472361809045225 -16.94065082726289 -16.94065082726289 -16.94065082726289 -16.94065082726289 -16.94065082726289 -16.94065082726289 -16.94065082726289 -16.94065082726289 -16.94065082726289 -16.94065082726289 -16.94065082726289 -16.94065082726289 -16.94065082726289
14.547738693467336 -16.93959766936917 -16.93959766936917 -16.93959766936917 -16.93959766936917 -16.93959766936917 -16.93959766936917 -16.93959766936917 -16.93959766936917 -16.93959766936917 -16.93959766936917 -16.93959766936917 -16.93959766936917 -16.93959766936917
14.623115577889447 -16.93854451147545 -16.93854451147545 -16.93854451147545 -16.93854451147545 -16.93854451147545 -16.93854451147545 -16.93854451147545 -16.93854451147545 -16.93854451147545 -16.93854451147545 -16.93854451147545 -16.93854451147545 -16.93854451147545
14.698492462311556 -16.93749135358173 -16.93749135358173 -16.93749135358173 -16.93749135358173 -16.93749135358173 -16.93749135358173 -16.93749135358173 -16.93749135358173 -16.93749135358173 -16.93749135358173 -16.93749135358173 -16.93749135358173 -16.93749135358173
14.773869346733667 -16.93643819568801 -16.93643819568801 -16.93643819568801 -16.93643819568801 -16.93643819568801 -16.93643819568801 -16.93643819568801 -16.93643819568801 -16.93643819568801 -16.93643819568801 -16.93643819568801 -16.93643819568801 -16.93643819568801
14.849246231155778 -16.93538503779429 -16.93538503779429 -16.93538503779429 -16.93538503779429 -16.93538503779429 -16.93538503779429 -16.93538503779429 -16.93538503779429 -16.93538503779429 -16.93538503779429 -16.93538503779429 -16.93538503779429 -16.93538503779429
14.924623115577887 -16.93433187990057 -16.93433187990057 -16.93433187990057 -16.93433187990057 -16.93433187990057 -16.93433187990057 -16.93433187990057 -16.93433187990057 -16.93433187990057 -16.93433187990057 -16.93433187990057 -16.93433187990057 -16.93433187990057
15.0 -16.93327872200685 -16.93327872200685 -16.93327872200685 -16.93327872200685 -16.93327872200685 -16.93327872200685 -16.93327872200685 -16.93327872200685 -16.93327872200685 -16.93327872200685 -16.93327872200685 -16.93327872200685 -16.93327872200685
