web/models/kne.last_good/kappa_1_10/39/villar_0.4064_0.3433_10.0000.dat
# %ECSV 1.0
# ---
# datatype:
# - {name: time, datatype: float64}
# - {name: swift_uvot_uvw2, datatype: float64}
# - {name: swift_uvot_uvm2, datatype: float64}
# - {name: swift_uvot_uvw1, datatype: float64}
# - {name: swift_uvot_U, datatype: float64}
# - {name: swift_uvot_B, datatype: float64}
# - {name: swift_uvot_V, datatype: float64}
# - {name: swift_uvot_W, datatype: float64}
# - {name: johnson_U, datatype: float64}
# - {name: johnson_B, datatype: float64}
# - {name: johnson_V, datatype: float64}
# - {name: johnson_R, datatype: float64}
# - {name: johnson_I, datatype: float64}
# - {name: sdss_u, datatype: float64}
# - {name: sdss_g, datatype: float64}
# - {name: sdss_r, datatype: float64}
# - {name: sdss_i, datatype: float64}
# - {name: sdss_z, datatype: float64}
# - {name: PS1_g, datatype: float64}
# - {name: PS1_r, datatype: float64}
# - {name: PS1_i, datatype: float64}
# - {name: PS1_z, datatype: float64}
# - {name: PS1_Y, datatype: float64}
# - {name: PS1_w, datatype: float64}
# - {name: ATLAS_c, datatype: float64}
# - {name: ATLAS_o, datatype: float64}
# - {name: ukirt_J, datatype: float64}
# - {name: ukirt_H, datatype: float64}
# - {name: ukirt_K, datatype: float64}
# - {name: Clear, datatype: float64}
# meta: !!omap
# - comment: [kappa = 10.0, type = villar, mass = 0.4064473885499596, velocity = 0.3433333333333334, theta_obs = 0.0]
# schema: astropy-2.0
time swift_uvot_uvw2 swift_uvot_uvm2 swift_uvot_uvw1 swift_uvot_U swift_uvot_B swift_uvot_V swift_uvot_W johnson_U johnson_B johnson_V johnson_R johnson_I sdss_u sdss_g sdss_r sdss_i sdss_z PS1_g PS1_r PS1_i PS1_z PS1_Y PS1_w ATLAS_c ATLAS_o ukirt_J ukirt_H ukirt_K Clear
[from data line 77]
0.009917 -10.934 -10.879 -10.817 -10.589 -10.323 -10.008 -10.673 -10.551 -10.319 -9.998 -9.654 -9.244 -10.56 -10.223 -9.811 -9.492 -9.183 -10.207 -9.839 -9.525 -9.313 -9.277 -9.856 -10.063 -9.679 -8.552 -8.029 -7.418 -9.919
0.010217 -10.97 -10.919 -10.858 -10.635 -10.371 -10.058 -10.715 -10.598 -10.367 -10.048 -9.705 -9.296 -10.606 -10.272 -9.861 -9.543 -9.236 -10.255 -9.889 -9.576 -9.364 -9.327 -9.906 -10.112 -9.73 -8.606 -8.083 -7.472 -9.969
0.010526 -11.005 -10.957 -10.899 -10.681 -10.419 -10.107 -10.757 -10.644 -10.415 -10.097 -9.756 -9.348 -10.652 -10.32 -9.912 -9.595 -9.288 -10.304 -9.939 -9.627 -9.415 -9.377 -9.956 -10.161 -9.781 -8.659 -8.137 -7.526 -10.019
0.010845 -11.04 -10.996 -10.94 -10.726 -10.467 -10.157 -10.798 -10.69 -10.463 -10.147 -9.807 -9.4 -10.698 -10.369 -9.962 -9.646 -9.34 -10.352 -9.989 -9.678 -9.466 -9.426 -10.006 -10.211 -9.832 -8.712 -8.191 -7.581 -10.068
0.011173 -11.075 -11.034 -10.98 -10.771 -10.514 -10.206 -10.839 -10.735 -10.511 -10.197 -9.858 -9.452 -10.743 -10.417 -10.013 -9.697 -9.392 -10.4 -10.039 -9.729 -9.517 -9.476 -10.056 -10.26 -9.883 -8.765 -8.244 -7.635 -10.117
0.011511 -11.11 -11.072 -11.02 -10.817 -10.562 -10.256 -10.88 -10.781 -10.558 -10.246 -9.908 -9.504 -10.789 -10.465 -10.063 -9.749 -9.444 -10.448 -10.089 -9.78 -9.568 -9.525 -10.106 -10.309 -9.933 -8.818 -8.298 -7.689 -10.167
0.011859 -11.144 -11.11 -11.06 -10.862 -10.609 -10.305 -10.92 -10.826 -10.606 -10.295 -9.959 -9.555 -10.834 -10.513 -10.113 -9.8 -9.496 -10.497 -10.138 -9.83 -9.619 -9.575 -10.155 -10.358 -9.984 -8.871 -8.351 -7.743 -10.216
0.012217 -11.178 -11.147 -11.1 -10.906 -10.657 -10.354 -10.961 -10.872 -10.653 -10.345 -10.009 -9.607 -10.88 -10.561 -10.163 -9.851 -9.548 -10.544 -10.188 -9.881 -9.669 -9.624 -10.205 -10.406 -10.034 -8.924 -8.405 -7.797 -10.265
0.012587 -11.212 -11.184 -11.139 -10.951 -10.704 -10.403 -11.001 -10.917 -10.7 -10.394 -10.06 -9.659 -10.925 -10.609 -10.213 -9.902 -9.599 -10.592 -10.237 -9.931 -9.72 -9.673 -10.254 -10.455 -10.084 -8.977 -8.458 -7.851 -10.314
0.012968 -11.245 -11.221 -11.178 -10.995 -10.751 -10.452 -11.041 -10.962 -10.747 -10.443 -10.11 -9.71 -10.969 -10.657 -10.263 -9.953 -9.651 -10.64 -10.287 -9.982 -9.771 -9.722 -10.303 -10.503 -10.135 -9.03 -8.512 -7.905 -10.363
0.01336 -11.278 -11.258 -11.217 -11.04 -10.798 -10.501 -11.081 -11.006 -10.794 -10.491 -10.16 -9.761 -11.014 -10.704 -10.312 -10.003 -9.703 -10.687 -10.336 -10.032 -9.821 -9.772 -10.353 -10.552 -10.185 -9.082 -8.565 -7.959 -10.411
0.013764 -11.311 -11.294 -11.256 -11.084 -10.844 -10.55 -11.12 -11.051 -10.841 -10.54 -10.21 -9.813 -11.059 -10.752 -10.362 -10.054 -9.754 -10.735 -10.385 -10.082 -9.872 -9.821 -10.402 -10.6 -10.235 -9.135 -8.619 -8.013 -10.46
0.01418 -11.344 -11.33 -11.294 -11.128 -10.891 -10.598 -11.16 -11.095 -10.887 -10.589 -10.26 -9.864 -11.103 -10.799 -10.411 -10.105 -9.805 -10.782 -10.435 -10.132 -9.922 -9.87 -10.451 -10.648 -10.285 -9.188 -8.672 -8.066 -10.508
0.014609 -11.376 -11.366 -11.332 -11.172 -10.937 -10.647 -11.199 -11.14 -10.934 -10.637 -10.31 -9.915 -11.147 -10.846 -10.461 -10.155 -9.857 -10.829 -10.484 -10.182 -9.972 -9.919 -10.499 -10.696 -10.334 -9.24 -8.725 -8.12 -10.557
0.015051 -11.408 -11.401 -11.37 -11.215 -10.984 -10.695 -11.238 -11.184 -10.98 -10.686 -10.36 -9.966 -11.191 -10.893 -10.51 -10.206 -9.908 -10.876 -10.533 -10.232 -10.022 -9.968 -10.548 -10.744 -10.384 -9.293 -8.778 -8.174 -10.605
0.015506 -11.439 -11.437 -11.408 -11.259 -11.03 -10.744 -11.276 -11.228 -11.026 -10.734 -10.41 -10.017 -11.235 -10.94 -10.559 -10.256 -9.959 -10.923 -10.581 -10.282 -10.073 -10.017 -10.597 -10.792 -10.434 -9.345 -8.831 -8.227 -10.653
0.015975 -11.47 -11.472 -11.445 -11.302 -11.076 -10.792 -11.315 -11.271 -11.072 -10.782 -10.459 -10.068 -11.279 -10.987 -10.608 -10.306 -10.01 -10.97 -10.63 -10.332 -10.123 -10.066 -10.645 -10.84 -10.483 -9.397 -8.884 -8.281 -10.701
0.016458 -11.501 -11.506 -11.483 -11.345 -11.122 -10.84 -11.353 -11.315 -11.118 -10.83 -10.509 -10.119 -11.322 -11.034 -10.657 -10.356 -10.062 -11.017 -10.679 -10.382 -10.173 -10.115 -10.694 -10.887 -10.533 -9.45 -8.937 -8.335 -10.749
0.016956 -11.532 -11.54 -11.52 -11.388 -11.168 -10.888 -11.391 -11.358 -11.164 -10.878 -10.558 -10.17 -11.365 -11.08 -10.706 -10.407 -10.113 -11.063 -10.727 -10.431 -10.223 -10.164 -10.742 -10.935 -10.582 -9.502 -8.99 -8.388 -10.797
0.017469 -11.562 -11.574 -11.556 -11.43 -11.213 -10.936 -11.429 -11.401 -11.21 -10.926 -10.608 -10.221 -11.409 -11.126 -10.755 -10.457 -10.163 -11.11 -10.776 -10.481 -10.273 -10.213 -10.79 -10.982 -10.632 -9.554 -9.043 -8.442 -10.845
0.017997 -11.592 -11.608 -11.593 -11.473 -11.259 -10.983 -11.467 -11.444 -11.255 -10.974 -10.657 -10.271 -11.451 -11.173 -10.804 -10.507 -10.214 -11.156 -10.824 -10.53 -10.322 -10.262 -10.839 -11.029 -10.681 -9.606 -9.096 -8.495 -10.892
0.018541 -11.622 -11.642 -11.629 -11.515 -11.304 -11.031 -11.504 -11.487 -11.301 -11.022 -10.706 -10.322 -11.494 -11.219 -10.852 -10.556 -10.265 -11.202 -10.873 -10.58 -10.372 -10.311 -10.887 -11.076 -10.73 -9.659 -9.149 -8.549 -10.94
0.019102 -11.651 -11.675 -11.665 -11.557 -11.349 -11.078 -11.542 -11.53 -11.346 -11.069 -10.755 -10.372 -11.537 -11.265 -10.901 -10.606 -10.316 -11.248 -10.921 -10.629 -10.422 -10.359 -10.934 -11.123 -10.779 -9.711 -9.202 -8.602 -10.987
0.01968 -11.68 -11.708 -11.7 -11.599 -11.394 -11.126 -11.579 -11.572 -11.391 -11.117 -10.804 -10.423 -11.579 -11.311 -10.949 -10.656 -10.366 -11.294 -10.969 -10.678 -10.472 -10.408 -10.982 -11.17 -10.828 -9.763 -9.254 -8.655 -11.034
0.020275 -11.709 -11.74 -11.736 -11.641 -11.439 -11.173 -11.615 -11.615 -11.436 -11.164 -10.853 -10.473 -11.621 -11.356 -10.998 -10.706 -10.417 -11.34 -11.017 -10.728 -10.521 -10.457 -11.03 -11.217 -10.876 -9.814 -9.307 -8.709 -11.082
0.020888 -11.738 -11.772 -11.771 -11.683 -11.484 -11.22 -11.652 -11.657 -11.48 -11.211 -10.902 -10.523 -11.664 -11.402 -11.046 -10.755 -10.467 -11.386 -11.065 -10.777 -10.571 -10.505 -11.078 -11.264 -10.925 -9.866 -9.36 -8.762 -11.129
0.02152 -11.766 -11.804 -11.806 -11.724 -11.529 -11.267 -11.688 -11.699 -11.525 -11.258 -10.951 -10.574 -11.705 -11.447 -11.094 -10.804 -10.518 -11.431 -11.113 -10.826 -10.62 -10.554 -11.125 -11.31 -10.974 -9.918 -9.412 -8.815 -11.176
0.022171 -11.793 -11.836 -11.84 -11.765 -11.573 -11.314 -11.725 -11.74 -11.57 -11.305 -10.999 -10.624 -11.747 -11.493 -11.142 -10.854 -10.568 -11.477 -11.16 -10.875 -10.67 -10.603 -11.172 -11.356 -11.022 -9.97 -9.465 -8.868 -11.222
0.022841 -11.821 -11.867 -11.875 -11.806 -11.617 -11.361 -11.761 -11.782 -11.614 -11.352 -11.048 -10.674 -11.789 -11.538 -11.19 -10.903 -10.618 -11.522 -11.208 -10.924 -10.719 -10.651 -11.22 -11.403 -11.071 -10.022 -9.517 -8.921 -11.269
0.023532 -11.848 -11.898 -11.909 -11.847 -11.662 -11.408 -11.796 -11.823 -11.658 -11.399 -11.096 -10.724 -11.83 -11.583 -11.237 -10.952 -10.669 -11.567 -11.255 -10.973 -10.768 -10.7 -11.267 -11.449 -11.119 -10.073 -9.57 -8.975 -11.316
0.024244 -11.874 -11.929 -11.942 -11.888 -11.706 -11.454 -11.832 -11.865 -11.702 -11.445 -11.145 -10.774 -11.871 -11.628 -11.285 -11.001 -10.719 -11.612 -11.303 -11.021 -10.818 -10.748 -11.314 -11.495 -11.167 -10.125 -9.622 -9.028 -11.362
0.024977 -11.901 -11.959 -11.976 -11.928 -11.749 -11.501 -11.867 -11.906 -11.746 -11.492 -11.193 -10.823 -11.912 -11.672 -11.333 -11.05 -10.769 -11.657 -11.35 -11.07 -10.867 -10.797 -11.361 -11.541 -11.215 -10.176 -9.675 -9.081 -11.408
0.025733 -11.927 -11.989 -12.009 -11.968 -11.793 -11.547 -11.902 -11.946 -11.79 -11.538 -11.241 -10.873 -11.953 -11.717 -11.38 -11.099 -10.819 -11.702 -11.397 -11.118 -10.916 -10.845 -11.408 -11.586 -11.263 -10.228 -9.727 -9.134 -11.455
0.026511 -11.953 -12.019 -12.042 -12.008 -11.837 -11.593 -11.937 -11.987 -11.833 -11.584 -11.289 -10.923 -11.993 -11.761 -11.427 -11.148 -10.869 -11.746 -11.444 -11.167 -10.965 -10.893 -11.454 -11.632 -11.311 -10.279 -9.779 -9.187 -11.501
0.027313 -11.978 -12.048 -12.075 -12.048 -11.88 -11.639 -11.972 -12.027 -11.877 -11.63 -11.337 -10.972 -12.033 -11.806 -11.475 -11.197 -10.919 -11.791 -11.491 -11.215 -11.014 -10.942 -11.501 -11.678 -11.359 -10.331 -9.831 -9.24 -11.547
0.028139 -12.003 -12.077 -12.107 -12.088 -11.923 -11.685 -12.006 -12.068 -11.92 -11.676 -11.385 -11.022 -12.074 -11.85 -11.522 -11.246 -10.968 -11.835 -11.538 -11.264 -11.063 -10.99 -11.547 -11.723 -11.407 -10.382 -9.884 -9.292 -11.593
0.02899 -12.027 -12.105 -12.139 -12.127 -11.966 -11.731 -12.041 -12.108 -11.963 -11.722 -11.433 -11.071 -12.113 -11.894 -11.569 -11.294 -11.018 -11.879 -11.585 -11.312 -11.112 -11.038 -11.594 -11.768 -11.455 -10.433 -9.936 -9.345 -11.638
0.029867 -12.052 -12.134 -12.171 -12.166 -12.009 -11.777 -12.075 -12.147 -12.006 -11.768 -11.48 -11.121 -12.153 -11.938 -11.616 -11.343 -11.068 -11.923 -11.632 -11.36 -11.16 -11.086 -11.64 -11.813 -11.502 -10.485 -9.988 -9.398 -11.684
0.03077 -12.076 -12.162 -12.202 -12.205 -12.052 -11.822 -12.108 -12.187 -12.049 -11.813 -11.528 -11.17 -12.193 -11.981 -11.663 -11.391 -11.117 -11.967 -11.678 -11.408 -11.209 -11.134 -11.686 -11.858 -11.55 -10.536 -10.04 -9.451 -11.729
0.031701 -12.099 -12.189 -12.234 -12.244 -12.095 -11.868 -12.142 -12.227 -12.091 -11.859 -11.575 -11.219 -12.232 -12.025 -11.709 -11.439 -11.167 -12.011 -11.725 -11.456 -11.258 -11.182 -11.732 -11.903 -11.597 -10.587 -10.092 -9.504 -11.775
0.032659 -12.122 -12.216 -12.264 -12.282 -12.137 -11.913 -12.175 -12.266 -12.134 -11.904 -11.623 -11.268 -12.271 -12.068 -11.756 -11.488 -11.216 -12.055 -11.771 -11.504 -11.306 -11.23 -11.778 -11.948 -11.644 -10.638 -10.144 -9.556 -11.82
0.033647 -12.145 -12.243 -12.295 -12.321 -12.179 -11.958 -12.208 -12.305 -12.176 -11.95 -11.67 -11.317 -12.31 -12.112 -11.802 -11.536 -11.265 -12.098 -11.817 -11.552 -11.355 -11.278 -11.824 -11.992 -11.691 -10.689 -10.196 -9.609 -11.865
0.034665 -12.167 -12.27 -12.325 -12.359 -12.221 -12.003 -12.241 -12.343 -12.218 -11.995 -11.717 -11.366 -12.349 -12.155 -11.849 -11.584 -11.315 -12.142 -11.863 -11.6 -11.403 -11.326 -11.869 -12.037 -11.738 -10.74 -10.248 -9.662 -11.91
0.035713 -12.189 -12.296 -12.355 -12.397 -12.263 -12.048 -12.274 -12.382 -12.26 -12.04 -11.764 -11.415 -12.387 -12.198 -11.895 -11.632 -11.364 -12.185 -11.91 -11.647 -11.452 -11.374 -11.915 -12.081 -11.785 -10.791 -10.299 -9.714 -11.955
0.036793 -12.211 -12.322 -12.385 -12.434 -12.305 -12.093 -12.306 -12.42 -12.302 -12.084 -11.811 -11.464 -12.425 -12.24 -11.941 -11.68 -11.413 -12.228 -11.955 -11.695 -11.5 -11.422 -11.96 -12.125 -11.832 -10.842 -10.351 -9.767 -12.0
0.037906 -12.232 -12.347 -12.414 -12.472 -12.346 -12.138 -12.338 -12.459 -12.343 -12.129 -11.858 -11.513 -12.463 -12.283 -11.987 -11.727 -11.462 -12.271 -12.001 -11.742 -11.548 -11.47 -12.006 -12.169 -11.879 -10.892 -10.403 -9.819 -12.045
0.039052 -12.253 -12.372 -12.443 -12.509 -12.388 -12.182 -12.37 -12.496 -12.385 -12.174 -11.905 -11.561 -12.501 -12.326 -12.033 -11.775 -11.511 -12.313 -12.047 -11.79 -11.596 -11.518 -12.051 -12.213 -11.925 -10.943 -10.455 -9.872 -12.089
0.040234 -12.273 -12.397 -12.472 -12.546 -12.429 -12.226 -12.402 -12.534 -12.426 -12.218 -11.951 -11.61 -12.539 -12.368 -12.079 -11.822 -11.56 -12.356 -12.093 -11.837 -11.645 -11.565 -12.096 -12.257 -11.972 -10.994 -10.506 -9.924 -12.133
0.04145 -12.293 -12.421 -12.501 -12.583 -12.47 -12.271 -12.434 -12.572 -12.467 -12.262 -11.998 -11.658 -12.576 -12.41 -12.125 -11.87 -11.608 -12.398 -12.138 -11.884 -11.693 -11.613 -12.141 -12.3 -12.018 -11.044 -10.558 -9.977 -12.178
0.042704 -12.313 -12.445 -12.529 -12.619 -12.511 -12.315 -12.465 -12.609 -12.508 -12.307 -12.044 -11.707 -12.613 -12.452 -12.17 -11.917 -11.657 -12.441 -12.183 -11.931 -11.74 -11.66 -12.186 -12.344 -12.064 -11.095 -10.609 -10.029 -12.222
0.043996 -12.332 -12.468 -12.556 -12.655 -12.552 -12.359 -12.496 -12.646 -12.548 -12.351 -12.091 -11.755 -12.65 -12.494 -12.216 -11.965 -11.706 -12.483 -12.229 -11.978 -11.788 -11.708 -12.23 -12.387 -12.111 -11.145 -10.661 -10.082 -12.266
0.045326 -12.351 -12.492 -12.584 -12.691 -12.592 -12.403 -12.527 -12.683 -12.589 -12.394 -12.137 -11.803 -12.687 -12.535 -12.261 -12.012 -11.754 -12.525 -12.274 -12.025 -11.836 -11.756 -12.275 -12.43 -12.157 -11.196 -10.712 -10.134 -12.31
0.046697 -12.369 -12.514 -12.611 -12.727 -12.632 -12.446 -12.557 -12.719 -12.629 -12.438 -12.183 -11.852 -12.723 -12.577 -12.306 -12.059 -11.802 -12.567 -12.319 -12.072 -11.884 -11.803 -12.319 -12.473 -12.203 -11.246 -10.764 -10.186 -12.353
0.048109 -12.387 -12.537 -12.638 -12.762 -12.672 -12.49 -12.588 -12.755 -12.669 -12.482 -12.229 -11.9 -12.759 -12.618 -12.351 -12.106 -11.851 -12.608 -12.364 -12.119 -11.931 -11.85 -12.363 -12.516 -12.248 -11.297 -10.815 -10.238 -12.397
0.049564 -12.405 -12.558 -12.664 -12.798 -12.712 -12.533 -12.618 -12.792 -12.709 -12.525 -12.275 -11.948 -12.795 -12.659 -12.396 -12.153 -11.899 -12.65 -12.408 -12.166 -11.979 -11.898 -12.408 -12.559 -12.294 -11.347 -10.867 -10.291 -12.44
0.051063 -12.422 -12.58 -12.69 -12.833 -12.752 -12.576 -12.648 -12.827 -12.749 -12.569 -12.32 -11.995 -12.831 -12.7 -12.441 -12.199 -11.947 -12.691 -12.453 -12.212 -12.026 -11.945 -12.452 -12.601 -12.34 -11.397 -10.918 -10.343 -12.484
0.052608 -12.439 -12.601 -12.716 -12.867 -12.792 -12.619 -12.677 -12.863 -12.788 -12.612 -12.366 -12.043 -12.866 -12.741 -12.485 -12.246 -11.995 -12.732 -12.497 -12.259 -12.074 -11.992 -12.495 -12.644 -12.385 -11.447 -10.969 -10.395 -12.527
0.054199 -12.455 -12.622 -12.741 -12.902 -12.831 -12.662 -12.707 -12.898 -12.828 -12.655 -12.412 -12.091 -12.902 -12.781 -12.53 -12.293 -12.043 -12.773 -12.542 -12.305 -12.121 -12.039 -12.539 -12.686 -12.43 -11.497 -11.02 -10.447 -12.57
0.055838 -12.471 -12.642 -12.766 -12.936 -12.87 -12.705 -12.736 -12.933 -12.867 -12.697 -12.457 -12.138 -12.937 -12.822 -12.574 -12.339 -12.091 -12.814 -12.586 -12.351 -12.168 -12.086 -12.583 -12.728 -12.476 -11.547 -11.071 -10.499 -12.613
0.057527 -12.486 -12.662 -12.791 -12.97 -12.909 -12.748 -12.765 -12.968 -12.906 -12.74 -12.502 -12.186 -12.971 -12.862 -12.619 -12.385 -12.139 -12.854 -12.63 -12.397 -12.216 -12.133 -12.626 -12.77 -12.521 -11.597 -11.123 -10.551 -12.655
0.059267 -12.501 -12.681 -12.815 -13.004 -12.948 -12.79 -12.794 -13.003 -12.945 -12.783 -12.547 -12.233 -13.006 -12.902 -12.663 -12.432 -12.187 -12.895 -12.674 -12.443 -12.263 -12.18 -12.67 -12.811 -12.566 -11.647 -11.174 -10.603 -12.698
0.061059 -12.516 -12.7 -12.839 -13.037 -12.986 -12.833 -12.822 -13.037 -12.983 -12.825 -12.592 -12.281 -13.04 -12.942 -12.707 -12.478 -12.234 -12.935 -12.718 -12.489 -12.31 -12.227 -12.713 -12.853 -12.611 -11.697 -11.225 -10.655 -12.74
0.062906 -12.53 -12.718 -12.863 -13.07 -13.024 -12.875 -12.85 -13.071 -13.021 -12.867 -12.637 -12.328 -13.074 -12.982 -12.751 -12.524 -12.282 -12.975 -12.762 -12.535 -12.356 -12.274 -12.756 -12.894 -12.655 -11.747 -11.275 -10.707 -12.783
0.064808 -12.543 -12.736 -12.886 -13.103 -13.062 -12.917 -12.878 -13.105 -13.059 -12.909 -12.682 -12.375 -13.107 -13.021 -12.794 -12.57 -12.329 -13.015 -12.805 -12.581 -12.403 -12.321 -12.799 -12.936 -12.7 -11.796 -11.326 -10.759 -12.825
0.066769 -12.557 -12.754 -12.909 -13.136 -13.1 -12.959 -12.906 -13.138 -13.097 -12.951 -12.727 -12.422 -13.141 -13.06 -12.838 -12.615 -12.377 -13.055 -12.849 -12.626 -12.45 -12.368 -12.841 -12.977 -12.744 -11.846 -11.377 -10.811 -12.867
0.068788 -12.569 -12.771 -12.931 -13.168 -13.138 -13.0 -12.933 -13.171 -13.135 -12.993 -12.771 -12.469 -13.174 -13.099 -12.881 -12.661 -12.424 -13.094 -12.892 -12.672 -12.497 -12.414 -12.884 -13.018 -12.789 -11.895 -11.428 -10.863 -12.909
0.070868 -12.581 -12.787 -12.953 -13.2 -13.175 -13.042 -12.96 -13.204 -13.172 -13.034 -12.816 -12.516 -13.206 -13.138 -12.925 -12.707 -12.471 -13.133 -12.935 -12.717 -12.543 -12.461 -12.926 -13.058 -12.833 -11.945 -11.479 -10.914 -12.95
