web/models/kne.last_good/kappa_1_10/39/villar_0.2183_0.1240_1.0000.dat
# %ECSV 1.0
# ---
# datatype:
# - {name: time, datatype: float64}
# - {name: swift_uvot_uvw2, datatype: float64}
# - {name: swift_uvot_uvm2, datatype: float64}
# - {name: swift_uvot_uvw1, datatype: float64}
# - {name: swift_uvot_U, datatype: float64}
# - {name: swift_uvot_B, datatype: float64}
# - {name: swift_uvot_V, datatype: float64}
# - {name: swift_uvot_W, datatype: float64}
# - {name: johnson_U, datatype: float64}
# - {name: johnson_B, datatype: float64}
# - {name: johnson_V, datatype: float64}
# - {name: johnson_R, datatype: float64}
# - {name: johnson_I, datatype: float64}
# - {name: sdss_u, datatype: float64}
# - {name: sdss_g, datatype: float64}
# - {name: sdss_r, datatype: float64}
# - {name: sdss_i, datatype: float64}
# - {name: sdss_z, datatype: float64}
# - {name: PS1_g, datatype: float64}
# - {name: PS1_r, datatype: float64}
# - {name: PS1_i, datatype: float64}
# - {name: PS1_z, datatype: float64}
# - {name: PS1_Y, datatype: float64}
# - {name: PS1_w, datatype: float64}
# - {name: ATLAS_c, datatype: float64}
# - {name: ATLAS_o, datatype: float64}
# - {name: ukirt_J, datatype: float64}
# - {name: ukirt_H, datatype: float64}
# - {name: ukirt_K, datatype: float64}
# - {name: Clear, datatype: float64}
# meta: !!omap
# - comment: [kappa = 1.0, type = villar, mass = 0.21832694463104688, velocity = 0.124, theta_obs = 0.0]
# schema: astropy-2.0
time swift_uvot_uvw2 swift_uvot_uvm2 swift_uvot_uvw1 swift_uvot_U swift_uvot_B swift_uvot_V swift_uvot_W johnson_U johnson_B johnson_V johnson_R johnson_I sdss_u sdss_g sdss_r sdss_i sdss_z PS1_g PS1_r PS1_i PS1_z PS1_Y PS1_w ATLAS_c ATLAS_o ukirt_J ukirt_H ukirt_K Clear
[from data line 355]
39.244698 12.45 17.666 40.901 51.467 39.638 31.65 14.719 49.424 37.353 29.601 21.245 16.258 50.738 35.583 26.736 21.216 16.75 11.185 11.39 11.368 10.953 9.207 22.454 29.005 22.189 11.024 7.523 4.897 9.421
40.431627 13.769 18.984 42.219 52.785 40.957 32.968 16.037 50.742 38.671 30.919 22.563 17.576 52.056 36.902 28.054 22.534 18.068 12.503 12.708 12.686 12.271 10.525 23.772 30.323 23.507 12.342 8.841 6.215 10.739
41.654454 15.167 20.383 43.618 54.184 42.355 34.367 17.436 52.141 40.07 32.318 23.962 18.975 53.455 38.3 29.453 23.933 19.467 13.902 14.107 14.085 13.67 11.924 25.171 31.722 24.906 13.741 10.24 7.614 12.138
42.914265 16.652 21.868 45.103 55.669 43.84 35.852 18.921 53.626 41.555 33.803 25.447 20.46 54.94 39.785 30.938 25.418 20.952 15.387 15.592 15.57 15.155 13.409 26.656 33.207 26.39 15.226 11.725 9.099 13.623
44.212178 18.228 23.444 46.679 57.245 45.416 37.428 20.497 55.202 43.131 35.379 27.023 22.036 56.516 41.361 32.514 26.994 22.528 16.963 17.168 17.146 16.731 14.985 28.232 34.783 27.967 16.802 13.301 10.675 15.199
45.549345 19.901 25.117 48.352 58.918 47.089 39.101 22.17 56.875 44.804 37.052 28.696 23.709 58.189 43.034 34.186 28.667 24.201 18.636 18.84 18.819 18.404 16.658 29.905 36.456 29.639 18.475 14.974 12.348 16.872
46.926954 21.677 26.892 50.127 60.693 48.865 40.876 23.945 58.65 46.579 38.828 30.471 25.484 59.964 44.81 35.962 30.442 25.977 20.411 20.616 20.594 20.179 18.433 31.68 38.232 31.415 20.25 16.749 14.124 18.647
48.346227 23.561 28.777 52.012 62.578 50.749 42.761 25.83 60.535 48.464 40.712 32.356 27.369 61.849 46.694 37.847 32.327 27.861 22.296 22.5 22.479 22.064 20.318 33.565 40.116 33.299 22.135 18.634 16.008 20.532
49.808426 25.562 30.777 54.012 64.578 52.75 44.761 27.83 62.535 50.464 42.713 34.356 29.369 63.849 48.695 39.847 34.327 29.861 24.296 24.501 24.479 24.064 22.318 35.565 42.116 35.3 24.135 20.634 18.008 22.532
51.314848 27.685 32.9 56.135 66.701 54.873 46.884 29.953 64.658 52.587 44.836 36.479 31.492 65.972 50.818 41.97 36.45 31.985 26.419 26.624 26.602 26.187 24.441 37.688 44.24 37.423 26.258 22.757 20.132 24.655
52.86683 29.938 35.154 58.389 68.955 57.126 49.138 32.207 66.912 54.84 47.089 38.733 33.746 68.226 53.071 44.223 38.704 34.238 28.673 28.877 28.856 28.441 26.695 39.942 46.493 39.676 28.512 25.011 22.385 26.909
54.465752 32.33 37.546 60.781 71.347 59.518 51.53 34.598 69.303 57.232 49.481 41.124 36.138 70.617 55.463 46.615 41.095 36.63 31.064 31.269 31.248 30.832 29.086 42.333 48.885 42.068 30.903 27.403 24.777 29.301
56.113031 34.869 40.084 63.319 73.885 62.057 54.068 37.137 71.842 59.771 52.02 43.663 38.676 73.156 58.002 49.154 43.634 39.169 33.603 33.808 33.786 33.371 31.625 44.872 51.424 44.607 33.442 29.941 27.316 31.839
57.810132 37.563 42.779 66.014 76.58 64.751 56.763 39.832 74.537 62.466 54.714 46.358 41.371 75.851 60.696 51.849 46.329 41.863 36.298 36.502 36.481 36.066 34.32 47.567 54.118 47.301 36.137 32.636 30.01 34.534
59.55856 40.423 45.639 68.874 79.44 67.611 59.623 42.692 77.397 65.326 57.574 49.218 44.231 78.711 63.556 54.709 49.189 44.723 39.158 39.363 39.341 38.926 37.18 50.427 56.978 50.161 38.997 35.496 32.87 37.394
61.359868 43.459 48.675 71.91 82.476 70.647 62.659 45.727 80.432 68.361 60.61 52.253 47.267 81.747 66.592 57.744 52.224 47.759 42.193 42.398 42.377 41.961 40.215 53.462 60.014 53.197 42.032 38.532 35.906 40.43
63.215655 46.681 51.897 75.132 85.698 73.869 65.881 48.949 83.655 71.583 63.832 55.475 50.489 84.969 69.814 60.966 55.447 50.981 45.415 45.62 45.599 45.183 43.438 56.684 63.236 56.419 45.254 41.754 39.128 43.652
65.127569 50.101 55.317 78.552 89.118 77.289 69.301 52.369 87.074 75.003 67.252 58.895 53.909 88.388 73.234 64.386 58.866 54.401 48.835 49.04 49.019 48.603 46.857 60.104 66.656 59.839 48.674 45.174 42.548 47.072
67.097308 53.731 58.947 82.181 92.748 80.919 72.931 55.999 90.704 78.633 70.882 62.525 57.538 92.018 76.864 68.016 62.496 58.031 52.465 52.67 52.649 52.233 50.487 63.734 70.286 63.469 52.304 48.804 46.178 50.701
69.126621 57.584 62.799 86.034 96.6 84.772 76.783 59.852 94.557 82.486 74.735 66.378 61.391 95.871 80.717 71.869 66.349 61.884 56.318 56.523 56.501 56.086 54.34 67.587 74.139 67.322 56.157 52.656 50.031 54.554
71.217308 61.673 66.889 90.124 100.69 88.861 80.873 63.941 98.647 86.575 78.824 70.467 65.481 99.961 84.806 75.958 70.438 65.973 60.407 60.612 60.591 60.175 58.43 71.676 78.228 71.411 60.246 56.746 54.12 58.644
73.371227 66.014 71.229 94.464 105.03 93.202 85.213 68.282 102.987 90.916 83.164 74.808 69.821 104.301 89.147 80.299 74.779 70.313 64.748 64.953 64.931 64.516 62.77 76.017 82.568 75.752 64.587 61.086 58.46 62.984
75.59029 70.621 75.836 99.071 109.637 97.809 89.82 72.889 107.594 95.523 87.771 79.415 74.428 108.908 93.754 84.906 79.386 74.92 69.355 69.56 69.538 69.123 67.377 80.624 87.175 80.359 69.194 65.693 63.067 67.591
77.876467 75.51 80.726 103.961 114.527 102.698 94.71 77.779 112.484 100.413 92.661 84.305 79.318 113.798 98.643 89.796 84.276 79.81 74.245 74.45 74.428 74.013 72.267 85.514 92.065 85.249 74.084 70.583 67.957 72.481
80.231787 80.701 85.916 109.151 119.717 107.889 99.9 82.969 117.674 105.603 97.851 89.495 84.508 118.988 103.834 94.986 89.466 85.0 79.435 79.64 79.618 79.203 77.457 90.704 97.255 90.439 79.274 75.773 73.147 77.671
82.658343 86.209 91.425 114.66 125.226 113.397 105.409 88.478 123.183 111.112 103.36 95.004 90.017 124.497 109.342 100.495 94.975 90.509 84.944 85.148 85.127 84.712 82.966 96.213 102.764 95.947 84.783 81.282 78.656 83.18
85.158288 92.056 97.272 120.507 131.073 119.244 111.256 94.325 129.03 116.959 109.207 100.851 95.864 130.344 115.189 106.342 100.822 96.356 90.791 90.996 90.974 90.559 88.813 102.06 108.611 101.795 90.63 87.129 84.503 89.027
87.733843 98.263 103.478 126.713 137.279 125.451 117.462 100.531 135.236 123.165 115.413 107.057 102.07 136.55 121.396 112.548 107.028 102.562 96.997 97.202 97.18 96.765 95.019 108.266 114.817 108.001 96.836 93.335 90.709 95.233
90.387293 104.85 110.065 133.3 143.866 132.038 124.049 107.118 141.823 129.752 122.001 113.644 108.657 143.137 127.983 119.135 113.615 109.15 103.584 103.789 103.767 103.352 101.606 114.853 121.405 114.588 103.423 99.922 97.297 101.82
93.120995 111.841 117.057 140.292 150.858 139.029 131.041 114.11 148.815 136.744 128.992 120.636 115.649 150.129 134.974 126.127 120.607 116.141 110.576 110.781 110.759 110.344 108.598 121.845 128.396 121.579 110.415 106.914 104.288 108.812
95.937376 119.262 124.478 147.713 158.279 146.45 138.462 121.531 156.236 144.165 136.413 128.057 123.07 157.55 142.395 133.548 128.028 123.562 117.997 118.201 118.18 117.765 116.019 129.266 135.817 129.0 117.836 114.335 111.709 116.233
98.838937 127.139 132.355 155.589 166.156 154.327 146.339 129.407 164.112 152.041 144.29 135.933 130.946 165.426 150.272 141.424 135.904 131.439 125.873 126.078 126.057 125.641 123.895 137.142 143.694 136.877 125.712 122.212 119.586 124.11
101.828253 135.499 140.715 163.95 174.516 162.687 154.699 137.768 172.473 160.402 152.65 144.294 139.307 173.787 158.632 149.784 144.265 139.799 134.234 134.438 134.417 134.002 132.256 145.503 152.054 145.237 134.073 130.572 127.946 132.47
104.907979 144.373 149.589 172.823 183.39 171.561 163.573 146.641 181.346 169.275 161.524 153.167 148.18 182.66 167.506 158.658 153.138 148.673 143.107 143.312 143.291 142.875 141.129 154.376 160.928 154.111 142.946 139.446 136.82 141.343
108.080849 153.791 159.007 182.242 192.808 180.979 172.991 156.06 190.765 178.694 170.942 162.586 157.599 192.079 176.924 168.077 162.557 158.091 152.526 152.731 152.709 152.294 150.548 163.795 170.346 163.53 152.365 148.864 146.238 150.762
111.349681 163.788 169.004 192.239 202.805 190.976 182.988 166.057 200.762 188.691 180.939 172.583 167.596 202.076 186.921 178.073 172.554 168.088 162.523 162.727 162.706 162.291 160.545 173.792 180.343 173.526 162.362 158.861 156.235 160.759
114.717376 174.399 179.615 202.849 213.416 201.587 193.599 176.667 211.372 199.301 191.55 183.193 178.206 212.686 197.532 188.684 183.164 178.699 173.133 173.338 173.317 172.901 171.155 184.402 190.954 184.137 172.972 169.472 166.846 171.37
118.186925 185.661 190.877 214.112 224.678 212.849 204.861 187.93 222.635 210.563 202.812 194.456 189.469 223.949 208.794 199.946 194.427 189.961 184.396 184.6 184.579 184.164 182.418 195.665 202.216 195.399 184.235 180.734 178.108 182.632
121.761408 197.615 202.831 226.065 236.632 224.803 216.815 199.883 234.588 222.517 214.766 206.409 201.422 235.902 220.748 211.9 206.38 201.915 196.349 196.554 196.533 196.117 194.371 207.618 214.17 207.353 196.188 192.688 190.062 194.585
125.443999 210.303 215.518 238.753 249.319 237.491 229.502 212.571 247.276 235.205 227.454 219.097 214.11 248.59 233.436 224.588 219.068 214.603 209.037 209.242 209.22 208.805 207.059 220.306 226.858 220.041 208.876 205.375 202.75 207.273
129.237967 223.77 228.985 252.22 262.786 250.958 242.969 226.038 260.743 248.672 240.92 232.564 227.577 262.057 246.903 238.055 232.535 228.069 222.504 222.709 222.687 222.272 220.526 233.773 240.324 233.508 222.343 218.842 216.216 220.74
133.146681 238.063 243.279 266.514 277.08 265.251 257.263 240.332 275.037 262.966 255.214 246.858 241.871 276.351 261.196 252.348 246.829 242.363 236.798 237.002 236.981 236.566 234.82 248.067 254.618 247.801 236.637 233.136 230.51 235.034
137.173612 253.235 258.45 281.685 292.251 280.423 272.434 255.503 290.208 278.137 270.386 262.029 257.042 291.522 276.368 267.52 262.0 257.534 251.969 252.174 252.152 251.737 249.991 263.238 269.79 262.973 251.808 248.307 245.682 250.205
141.322334 269.338 274.553 297.788 308.354 296.526 288.537 271.606 306.311 294.24 286.489 278.132 273.145 307.625 292.471 283.623 278.103 273.637 268.072 268.277 268.255 267.84 266.094 279.341 285.893 279.076 267.911 264.41 261.785 266.308
145.596532 286.429 291.645 314.88 325.446 313.617 305.629 288.698 323.403 311.332 303.58 295.224 290.237 324.717 309.562 300.715 295.195 290.729 285.164 285.369 285.347 284.932 283.186 296.433 302.984 296.168 285.003 281.502 278.876 283.4
150.0 304.571 309.786 333.021 343.587 331.759 323.77 306.839 341.544 329.473 321.722 313.365 308.378 342.858 327.704 318.856 313.336 308.871 303.305 303.51 303.488 303.073 301.327 314.574 321.126 314.309 303.144 299.643 297.018 301.541
