web/models/kne/32/Metzger_0.001239_0.030000_0.100000.dat
# %ECSV 0.9
# ---
# datatype:
# - {name: time, datatype: float64}
# - {name: sdss_u, datatype: float64}
# - {name: sdss_g, datatype: float64}
# - {name: sdss_r, datatype: float64}
# - {name: sdss_i, datatype: float64}
# - {name: sdss_z, datatype: float64}
# - {name: PS1_y, datatype: float64}
# - {name: ukirt_J, datatype: float64}
# - {name: ukirt_H, datatype: float64}
# - {name: ukirt_K, datatype: float64}
# - {name: johnson_U, datatype: float64}
# - {name: johnson_B, datatype: float64}
# - {name: johnson_V, datatype: float64}
# - {name: johnson_R, datatype: float64}
# - {name: johnson_I, datatype: float64}
# - {name: Clear, datatype: float64}
# meta: !!omap
# - comment: [vej = 0.03, mej = 0.0012389903709424822, Ye = 0.1, redshift = 0.0]
# schema: astropy-2.0
time sdss_u sdss_g sdss_r sdss_i sdss_z PS1_y ukirt_J ukirt_H ukirt_K johnson_U johnson_B johnson_V johnson_R johnson_I Clear
[from data line 1862]
93.200000 302.612838 218.612085 165.474946 131.671773 111.027971 98.103487 71.906767 48.608529 33.304777 292.539504 242.022481 187.779373 159.010502 108.948078 163.348326
93.250000 302.777591 218.734014 165.569686 131.749149 111.094705 98.163537 71.953202 48.642734 33.330840 292.699128 242.156360 187.885538 159.101926 109.013737 163.441975
93.300000 302.942340 218.855941 165.664424 131.826524 111.161437 98.223586 71.999635 48.676939 33.356903 292.858750 242.290237 187.991701 159.193348 109.079394 163.535623
93.350000 303.107086 218.977865 165.759160 131.903897 111.228168 98.283633 72.046069 48.711143 33.382966 293.018368 242.424111 188.097863 159.284769 109.145051 163.629268
93.400000 303.271829 219.099787 165.853895 131.981269 111.294898 98.343680 72.092501 48.745348 33.409029 293.177982 242.557982 188.204022 159.376188 109.210707 163.722912
93.450000 303.436568 219.221706 165.948627 132.058640 111.361627 98.403726 72.138933 48.779552 33.435092 293.337594 242.691850 188.310179 159.467606 109.276362 163.816555
93.500000 303.601304 219.343623 166.043359 132.136010 111.428355 98.463772 72.185365 48.813756 33.461155 293.497202 242.825716 188.416334 159.559022 109.342015 163.910196
93.550000 303.766036 219.465538 166.138088 132.213378 111.495082 98.523816 72.231796 48.847960 33.487218 293.656807 242.959579 188.522488 159.650436 109.407668 164.003835
93.600000 303.930765 219.587450 166.232816 132.290745 111.561808 98.583859 72.278226 48.882163 33.513280 293.816408 243.093440 188.628639 159.741848 109.473320 164.097472
93.650000 304.095490 219.709360 166.327541 132.368110 111.628533 98.643902 72.324656 48.916366 33.539343 293.976006 243.227297 188.734788 159.833259 109.538971 164.191107
93.700000 304.260212 219.831267 166.422266 132.445475 111.695256 98.703943 72.371085 48.950569 33.565406 294.135601 243.361152 188.840935 159.924669 109.604620 164.284741
93.750000 304.424930 219.953172 166.516988 132.522838 111.761979 98.763984 72.417514 48.984772 33.591468 294.295193 243.495005 188.947080 160.016076 109.670269 164.378373
93.800000 304.589645 220.075075 166.611709 132.600200 111.828701 98.824024 72.463942 49.018974 33.617531 294.454781 243.628854 189.053223 160.107482 109.735916 164.472004
93.850000 304.754357 220.196975 166.706428 132.677560 111.895422 98.884063 72.510370 49.053176 33.643593 294.614366 243.762701 189.159365 160.198886 109.801563 164.565633
93.900000 304.919065 220.318873 166.801145 132.754919 111.962141 98.944101 72.556797 49.087378 33.669656 294.773947 243.896545 189.265504 160.290289 109.867209 164.659260
93.950000 305.083770 220.440768 166.895861 132.832277 112.028860 99.004138 72.603223 49.121580 33.695718 294.933526 244.030387 189.371641 160.381690 109.932853 164.752885
94.000000 305.248471 220.562661 166.990574 132.909634 112.095577 99.064175 72.649650 49.155782 33.721780 295.093101 244.164226 189.477776 160.473090 109.998497 164.846509
94.050000 305.413169 220.684552 167.085286 132.986989 112.162294 99.124210 72.696075 49.189983 33.747843 295.252672 244.298062 189.583909 160.564487 110.064139 164.940131
94.100000 305.577863 220.806440 167.179997 133.064343 112.229009 99.184245 72.742500 49.224184 33.773905 295.412241 244.431896 189.690040 160.655883 110.129781 165.033751
94.150000 305.742554 220.928326 167.274706 133.141695 112.295724 99.244278 72.788924 49.258384 33.799967 295.571806 244.565727 189.796170 160.747278 110.195421 165.127370
94.200000 305.907242 221.050210 167.369412 133.219047 112.362437 99.304311 72.835348 49.292585 33.826029 295.731368 244.699555 189.902297 160.838671 110.261061 165.220987
94.250000 306.071926 221.172091 167.464118 133.296397 112.429150 99.364343 72.881772 49.326785 33.852091 295.890926 244.833381 190.008422 160.930062 110.326700 165.314602
94.300000 306.236607 221.293970 167.558821 133.373746 112.495861 99.424374 72.928194 49.360985 33.878153 296.050481 244.967203 190.114545 161.021452 110.392337 165.408216
94.350000 306.401284 221.415846 167.653523 133.451093 112.562571 99.484405 72.974617 49.395185 33.904216 296.210033 245.101024 190.220666 161.112840 110.457974 165.501827
94.400000 306.565958 221.537720 167.748223 133.528439 112.629281 99.544434 73.021038 49.429384 33.930277 296.369582 245.234841 190.326785 161.204226 110.523609 165.595438
94.450000 306.730629 221.659592 167.842921 133.605784 112.695989 99.604462 73.067459 49.463584 33.956339 296.529127 245.368656 190.432903 161.295610 110.589243 165.689046
94.500000 306.895296 221.781461 167.937618 133.683128 112.762696 99.664490 73.113880 49.497783 33.982401 296.688669 245.502468 190.539018 161.386994 110.654877 165.782653
94.550000 307.059960 221.903328 168.032313 133.760470 112.829402 99.724517 73.160300 49.531981 34.008463 296.848208 245.636278 190.645131 161.478375 110.720509 165.876258
94.600000 307.224620 222.025193 168.127006 133.837811 112.896107 99.784543 73.206720 49.566180 34.034525 297.007744 245.770085 190.751242 161.569755 110.786141 165.969861
94.650000 307.389277 222.147055 168.221698 133.915151 112.962811 99.844568 73.253138 49.600378 34.060586 297.167276 245.903889 190.857352 161.661133 110.851771 166.063463
94.700000 307.553930 222.268915 168.316388 133.992489 113.029514 99.904592 73.299557 49.634576 34.086648 297.326805 246.037691 190.963459 161.752509 110.917401 166.157063
94.750000 307.718581 222.390772 168.411076 134.069826 113.096216 99.964615 73.345975 49.668774 34.112710 297.486330 246.171490 191.069564 161.843884 110.983029 166.250662
94.800000 307.883227 222.512627 168.505762 134.147162 113.162917 100.024637 73.392392 49.702971 34.138771 297.645853 246.305286 191.175667 161.935258 111.048657 166.344258
94.850000 308.047871 222.634480 168.600447 134.224497 113.229617 100.084659 73.438809 49.737169 34.164833 297.805372 246.439080 191.281769 162.026629 111.114283 166.437853
94.900000 308.212511 222.756331 168.695130 134.301830 113.296316 100.144680 73.485225 49.771366 34.190894 297.964888 246.572871 191.387868 162.117999 111.179908 166.531447
94.950000 308.377147 222.878179 168.789811 134.379162 113.363014 100.204699 73.531641 49.805562 34.216956 298.124401 246.706659 191.493966 162.209368 111.245533 166.625038
95.000000 308.541780 223.000024 168.884491 134.456493 113.429711 100.264718 73.578056 49.839759 34.243017 298.283910 246.840445 191.600061 162.300734 111.311156 166.718628
95.050000 308.706410 223.121868 168.979169 134.533822 113.496407 100.324736 73.624471 49.873955 34.269078 298.443416 246.974228 191.706154 162.392100 111.376779 166.812217
95.100000 308.871037 223.243709 169.073845 134.611150 113.563102 100.384754 73.670885 49.908151 34.295140 298.602919 247.108009 191.812246 162.483463 111.442400 166.905803
95.150000 309.035660 223.365547 169.168519 134.688477 113.629796 100.444770 73.717298 49.942347 34.321201 298.762418 247.241787 191.918335 162.574825 111.508020 166.999388
95.200000 309.200279 223.487384 169.263192 134.765803 113.696488 100.504785 73.763711 49.976542 34.347262 298.921915 247.375562 192.024423 162.666185 111.573640 167.092972
95.250000 309.364896 223.609218 169.357863 134.843127 113.763180 100.564800 73.810124 50.010738 34.373323 299.081408 247.509334 192.130508 162.757544 111.639258 167.186553
95.300000 309.529509 223.731049 169.452533 134.920450 113.829871 100.624814 73.856536 50.044933 34.399384 299.240898 247.643104 192.236592 162.848901 111.704876 167.280133
95.350000 309.694118 223.852878 169.547200 134.997772 113.896561 100.684826 73.902947 50.079127 34.425445 299.400384 247.776872 192.342673 162.940256 111.770492 167.373711
95.400000 309.858724 223.974705 169.641866 135.075092 113.963249 100.744838 73.949358 50.113322 34.451506 299.559868 247.910636 192.448753 163.031610 111.836107 167.467288
95.450000 310.023327 224.096530 169.736531 135.152411 114.029937 100.804850 73.995768 50.147516 34.477567 299.719348 248.044398 192.554831 163.122962 111.901722 167.560863
95.500000 310.187927 224.218352 169.831193 135.229729 114.096623 100.864860 74.042178 50.181710 34.503628 299.878825 248.178158 192.660906 163.214313 111.967335 167.654436
95.550000 310.352523 224.340172 169.925854 135.307046 114.163309 100.924869 74.088587 50.215904 34.529688 300.038298 248.311915 192.766980 163.305662 112.032948 167.748008
95.600000 310.517116 224.461990 170.020513 135.384361 114.229994 100.984878 74.134996 50.250098 34.555749 300.197769 248.445669 192.873052 163.397009 112.098559 167.841578
95.650000 310.681705 224.583805 170.115171 135.461675 114.296677 101.044885 74.181404 50.284291 34.581810 300.357236 248.579420 192.979122 163.488355 112.164169 167.935146
95.700000 310.846291 224.705618 170.209827 135.538988 114.363360 101.104892 74.227812 50.318484 34.607870 300.516700 248.713169 193.085190 163.579699 112.229779 168.028713
95.750000 311.010874 224.827428 170.304481 135.616300 114.430041 101.164898 74.274219 50.352677 34.633931 300.676160 248.846916 193.191255 163.671042 112.295387 168.122278
95.800000 311.175453 224.949236 170.399134 135.693610 114.496722 101.224903 74.320625 50.386869 34.659991 300.835618 248.980659 193.297319 163.762383 112.360995 168.215841
95.850000 311.340029 225.071042 170.493784 135.770919 114.563401 101.284907 74.367031 50.421062 34.686052 300.995072 249.114400 193.403381 163.853722 112.426601 168.309403
95.900000 311.504602 225.192846 170.588433 135.848226 114.630080 101.344911 74.413437 50.455254 34.712112 301.154523 249.248139 193.509441 163.945060 112.492207 168.402963
95.950000 311.669171 225.314647 170.683081 135.925533 114.696757 101.404913 74.459842 50.489445 34.738172 301.313971 249.381875 193.615499 164.036396 112.557811 168.496521
96.000000 311.833737 225.436446 170.777727 136.002838 114.763433 101.464915 74.506246 50.523637 34.764233 301.473415 249.515608 193.721555 164.127730 112.623414 168.590078
96.050000 311.998299 225.558242 170.872371 136.080142 114.830109 101.524915 74.552650 50.557828 34.790293 301.632857 249.649339 193.827610 164.219063 112.689017 168.683633
96.100000 312.162859 225.680037 170.967013 136.157445 114.896783 101.584915 74.599053 50.592019 34.816353 301.792295 249.783067 193.933662 164.310395 112.754618 168.777186
96.150000 312.327415 225.801829 171.061654 136.234746 114.963456 101.644914 74.645456 50.626210 34.842413 301.951730 249.916792 194.039712 164.401724 112.820219 168.870738
96.200000 312.491967 225.923618 171.156293 136.312046 115.030129 101.704913 74.691858 50.660401 34.868473 302.111161 250.050515 194.145760 164.493052 112.885818 168.964288
96.250000 312.656516 226.045405 171.250930 136.389345 115.096800 101.764910 74.738260 50.694591 34.894533 302.270590 250.184235 194.251807 164.584379 112.951417 169.057836
96.300000 312.821062 226.167190 171.345566 136.466642 115.163470 101.824906 74.784661 50.728781 34.920593 302.430015 250.317953 194.357851 164.675704 113.017014 169.151383
96.350000 312.985605 226.288973 171.440200 136.543939 115.230140 101.884902 74.831062 50.762971 34.946653 302.589437 250.451668 194.463894 164.767027 113.082611 169.244928
96.400000 313.150144 226.410753 171.534832 136.621234 115.296808 101.944897 74.877462 50.797160 34.972713 302.748856 250.585380 194.569934 164.858349 113.148206 169.338472
96.450000 313.314680 226.532531 171.629463 136.698527 115.363475 102.004891 74.923861 50.831350 34.998772 302.908272 250.719090 194.675973 164.949669 113.213801 169.432013
96.500000 313.479213 226.654307 171.724092 136.775820 115.430141 102.064884 74.970260 50.865539 35.024832 303.067684 250.852797 194.782009 165.040987 113.279394 169.525553
96.550000 313.643742 226.776080 171.818719 136.853111 115.496807 102.124876 75.016659 50.899728 35.050892 303.227093 250.986502 194.888044 165.132304 113.344987 169.619092
96.600000 313.808268 226.897851 171.913345 136.930401 115.563471 102.184867 75.063057 50.933916 35.076951 303.386499 251.120204 194.994077 165.223620 113.410578 169.712629
96.650000 313.972791 227.019620 172.007969 137.007690 115.630134 102.244858 75.109454 50.968104 35.103011 303.545902 251.253903 195.100107 165.314933 113.476169 169.806164
96.700000 314.137310 227.141386 172.102591 137.084977 115.696796 102.304847 75.155851 51.002292 35.129070 303.705302 251.387600 195.206136 165.406246 113.541758 169.899698
96.750000 314.301826 227.263151 172.197211 137.162263 115.763457 102.364836 75.202247 51.036480 35.155130 303.864698 251.521294 195.312163 165.497556 113.607347 169.993229
96.800000 314.466339 227.384912 172.291830 137.239548 115.830117 102.424824 75.248643 51.070668 35.181189 304.024092 251.654986 195.418188 165.588865 113.672935 170.086760
96.850000 314.630848 227.506672 172.386448 137.316832 115.896777 102.484811 75.295038 51.104855 35.207248 304.183482 251.788675 195.524211 165.680172 113.738521 170.180288
96.900000 314.795354 227.628429 172.481063 137.394114 115.963435 102.544797 75.341433 51.139042 35.233308 304.342869 251.922362 195.630232 165.771478 113.804107 170.273815
96.950000 314.959857 227.750184 172.575677 137.471395 116.030092 102.604782 75.387827 51.173229 35.259367 304.502252 252.056045 195.736252 165.862782 113.869691 170.367341
97.000000 315.124357 227.871937 172.670289 137.548675 116.096748 102.664767 75.434221 51.207416 35.285426 304.661633 252.189727 195.842269 165.954085 113.935275 170.460864
97.050000 315.288853 227.993687 172.764900 137.625954 116.163403 102.724750 75.480614 51.241602 35.311485 304.821010 252.323406 195.948284 166.045386 114.000858 170.554386
97.100000 315.453346 228.115435 172.859509 137.703231 116.230057 102.784733 75.527006 51.275788 35.337544 304.980385 252.457082 196.054297 166.136685 114.066439 170.647907
97.150000 315.617835 228.237181 172.954116 137.780507 116.296710 102.844715 75.573398 51.309974 35.363603 305.139756 252.590755 196.160309 166.227983 114.132020 170.741426
97.200000 315.782322 228.358924 173.048722 137.857782 116.363362 102.904696 75.619790 51.344159 35.389662 305.299123 252.724426 196.266318 166.319279 114.197600 170.834943
97.250000 315.946805 228.480665 173.143326 137.935055 116.430013 102.964676 75.666181 51.378345 35.415721 305.458488 252.858095 196.372326 166.410574 114.263179 170.928458
97.300000 316.111285 228.602404 173.237928 138.012328 116.496663 103.024656 75.712571 51.412530 35.441779 305.617850 252.991761 196.478332 166.501867 114.328756 171.021972
97.350000 316.275761 228.724141 173.332529 138.089599 116.563312 103.084634 75.758961 51.446715 35.467838 305.777208 253.125424 196.584336 166.593159 114.394333 171.115485
97.400000 316.440234 228.845875 173.427128 138.166868 116.629960 103.144612 75.805351 51.480899 35.493897 305.936563 253.259085 196.690337 166.684449 114.459909 171.208995
97.450000 316.604704 228.967607 173.521725 138.244137 116.696607 103.204589 75.851739 51.515083 35.519955 306.095915 253.392743 196.796337 166.775737 114.525484 171.302504
97.500000 316.769171 229.089336 173.616321 138.321404 116.763254 103.264565 75.898128 51.549267 35.546014 306.255264 253.526399 196.902335 166.867024 114.591058 171.396012
97.550000 316.933634 229.211064 173.710915 138.398670 116.829899 103.324540 75.944515 51.583451 35.572072 306.414609 253.660052 197.008331 166.958309 114.656630 171.489517
97.600000 317.098094 229.332789 173.805507 138.475935 116.896543 103.384514 75.990903 51.617635 35.598131 306.573952 253.793702 197.114325 167.049593 114.722202 171.583021
97.650000 317.262551 229.454512 173.900098 138.553199 116.963186 103.444487 76.037289 51.651818 35.624189 306.733291 253.927350 197.220318 167.140875 114.787773 171.676524
97.700000 317.427004 229.576232 173.994687 138.630461 117.029828 103.504460 76.083676 51.686001 35.650247 306.892628 254.060996 197.326308 167.232155 114.853343 171.770025
97.750000 317.591455 229.697951 174.089274 138.707722 117.096469 103.564432 76.130061 51.720184 35.676305 307.051961 254.194638 197.432296 167.323434 114.918912 171.863524
