web/models/kne/32/Metzger_0.030838_0.305517_0.450000.dat
# %ECSV 0.9
# ---
# datatype:
# - {name: time, datatype: float64}
# - {name: sdss_u, datatype: float64}
# - {name: sdss_g, datatype: float64}
# - {name: sdss_r, datatype: float64}
# - {name: sdss_i, datatype: float64}
# - {name: sdss_z, datatype: float64}
# - {name: PS1_y, datatype: float64}
# - {name: ukirt_J, datatype: float64}
# - {name: ukirt_H, datatype: float64}
# - {name: ukirt_K, datatype: float64}
# - {name: johnson_U, datatype: float64}
# - {name: johnson_B, datatype: float64}
# - {name: johnson_V, datatype: float64}
# - {name: johnson_R, datatype: float64}
# - {name: johnson_I, datatype: float64}
# - {name: Clear, datatype: float64}
# meta: !!omap
# - comment: [vej = 0.30551724137931036, mej = 0.030838049338899946, Ye = 0.45, redshift = 0.0]
# schema: astropy-2.0
time sdss_u sdss_g sdss_r sdss_i sdss_z PS1_y ukirt_J ukirt_H ukirt_K johnson_U johnson_B johnson_V johnson_R johnson_I Clear
[from data line 2928]
146.500000 705.863322 516.225903 396.019242 319.383973 272.486653 243.075145 183.292597 129.828095 94.439689 683.139924 569.114740 446.507780 381.375881 267.756498 391.202549
146.550000 706.099540 516.400961 396.155469 319.495402 272.582881 243.161828 183.359835 129.877868 94.477834 683.368817 569.306864 446.660324 381.507373 267.851192 391.337218
146.600000 706.335754 516.576016 396.291693 319.606829 272.679109 243.248510 183.427072 129.927640 94.515979 683.597707 569.498986 446.812866 381.638862 267.945885 391.471886
146.650000 706.571964 516.751069 396.427916 319.718254 272.775335 243.335191 183.494309 129.977412 94.554123 683.826594 569.691105 446.965407 381.770350 268.040577 391.606551
146.700000 706.808171 516.926119 396.564138 319.829678 272.871560 243.421871 183.561545 130.027184 94.592266 684.055478 569.883222 447.117945 381.901836 268.135267 391.741215
146.750000 707.044375 517.101167 396.700357 319.941101 272.967783 243.508550 183.628780 130.076955 94.630410 684.284359 570.075335 447.270481 382.033321 268.229957 391.875877
146.800000 707.280576 517.276212 396.836575 320.052522 273.064006 243.595228 183.696014 130.126725 94.668553 684.513236 570.267446 447.423014 382.164803 268.324645 392.010537
146.850000 707.516773 517.451255 396.972790 320.163942 273.160227 243.681904 183.763248 130.176495 94.706696 684.742110 570.459555 447.575546 382.296284 268.419332 392.145196
146.900000 707.752967 517.626296 397.109004 320.275360 273.256447 243.768580 183.830481 130.226264 94.744838 684.970980 570.651660 447.728076 382.427763 268.514018 392.279852
146.950000 707.989158 517.801334 397.245216 320.386777 273.352666 243.855255 183.897713 130.276033 94.782980 685.199848 570.843763 447.880604 382.559240 268.608702 392.414507
147.000000 708.225345 517.976369 397.381426 320.498192 273.448884 243.941928 183.964944 130.325802 94.821122 685.428712 571.035864 448.033129 382.690716 268.703386 392.549160
147.050000 708.461529 518.151403 397.517635 320.609606 273.545100 244.028601 184.032174 130.375570 94.859263 685.657573 571.227961 448.185653 382.822190 268.798068 392.683811
147.100000 708.697709 518.326434 397.653841 320.721019 273.641315 244.115272 184.099404 130.425337 94.897404 685.886431 571.420056 448.338174 382.953662 268.892749 392.818460
147.150000 708.933886 518.501462 397.790046 320.832430 273.737529 244.201942 184.166633 130.475104 94.935545 686.115285 571.612149 448.490693 383.085132 268.987429 392.953108
147.200000 709.170060 518.676488 397.926249 320.943839 273.833742 244.288611 184.233861 130.524870 94.973685 686.344137 571.804238 448.643211 383.216601 269.082107 393.087754
147.250000 709.406230 518.851512 398.062450 321.055247 273.929953 244.375280 184.301088 130.574636 95.011825 686.572985 571.996325 448.795726 383.348067 269.176785 393.222398
147.300000 709.642397 519.026533 398.198649 321.166654 274.026164 244.461947 184.368314 130.624401 95.049965 686.801830 572.188410 448.948239 383.479532 269.271461 393.357040
147.350000 709.878561 519.201552 398.334847 321.278059 274.122373 244.548613 184.435540 130.674166 95.088104 687.030671 572.380491 449.100750 383.610996 269.366136 393.491680
147.400000 710.114722 519.376568 398.471042 321.389463 274.218581 244.635278 184.502765 130.723930 95.126243 687.259510 572.572570 449.253259 383.742457 269.460810 393.626319
147.450000 710.350879 519.551582 398.607236 321.500865 274.314787 244.721941 184.569989 130.773694 95.164382 687.488345 572.764646 449.405766 383.873917 269.555483 393.760955
147.500000 710.587032 519.726594 398.743428 321.612266 274.410993 244.808604 184.637213 130.823457 95.202520 687.717177 572.956720 449.558270 384.005375 269.650154 393.895590
147.550000 710.823183 519.901603 398.879618 321.723665 274.507197 244.895266 184.704435 130.873220 95.240658 687.946005 573.148791 449.710773 384.136831 269.744824 394.030223
147.600000 711.059330 520.076610 399.015806 321.835063 274.603400 244.981926 184.771657 130.922982 95.278796 688.174831 573.340859 449.863274 384.268286 269.839493 394.164855
147.650000 711.295474 520.251614 399.151993 321.946460 274.699601 245.068586 184.838878 130.972744 95.316933 688.403653 573.532925 450.015772 384.399738 269.934161 394.299484
147.700000 711.531614 520.426616 399.288177 322.057855 274.795802 245.155244 184.906098 131.022505 95.355070 688.632472 573.724988 450.168269 384.531189 270.028828 394.434112
147.750000 711.767751 520.601615 399.424360 322.169249 274.892001 245.241902 184.973318 131.072266 95.393207 688.861288 573.917048 450.320763 384.662639 270.123493 394.568738
147.800000 712.003885 520.776613 399.560541 322.280641 274.988199 245.328558 185.040537 131.122026 95.431343 689.090100 574.109105 450.473256 384.794086 270.218157 394.703362
147.850000 712.240015 520.951607 399.696720 322.392031 275.084396 245.415213 185.107755 131.171786 95.469479 689.318910 574.301160 450.625746 384.925532 270.312821 394.837985
147.900000 712.476142 521.126600 399.832898 322.503421 275.180592 245.501868 185.174972 131.221545 95.507614 689.547716 574.493213 450.778235 385.056976 270.407482 394.972605
147.950000 712.712266 521.301589 399.969073 322.614809 275.276786 245.588521 185.242188 131.271304 95.545750 689.776519 574.685262 450.930721 385.188418 270.502143 395.107224
148.000000 712.948387 521.476577 400.105247 322.726195 275.372980 245.675173 185.309404 131.321062 95.583885 690.005319 574.877309 451.083205 385.319859 270.596803 395.241841
148.050000 713.184504 521.651562 400.241419 322.837580 275.469172 245.761824 185.376619 131.370819 95.622019 690.234115 575.069354 451.235687 385.451298 270.691461 395.376456
148.100000 713.420617 521.826545 400.377589 322.948964 275.565362 245.848474 185.443833 131.420576 95.660153 690.462909 575.261395 451.388167 385.582735 270.786118 395.511069
148.150000 713.656728 522.001525 400.513757 323.060346 275.661552 245.935122 185.511046 131.470333 95.698287 690.691699 575.453434 451.540645 385.714170 270.880774 395.645681
148.200000 713.892835 522.176503 400.649924 323.171726 275.757740 246.021770 185.578258 131.520089 95.736421 690.920486 575.645471 451.693121 385.845603 270.975429 395.780291
148.250000 714.128939 522.351479 400.786089 323.283105 275.853928 246.108417 185.645470 131.569845 95.774554 691.149269 575.837504 451.845595 385.977035 271.070082 395.914899
148.300000 714.365040 522.526452 400.922251 323.394483 275.950114 246.195063 185.712681 131.619600 95.812687 691.378050 576.029535 451.998067 386.108465 271.164735 396.049505
148.350000 714.601137 522.701422 401.058412 323.505860 276.046298 246.281707 185.779891 131.669354 95.850820 691.606827 576.221564 452.150536 386.239894 271.259386 396.184110
148.400000 714.837231 522.876391 401.194572 323.617234 276.142482 246.368351 185.847101 131.719108 95.888952 691.835601 576.413589 452.303004 386.371320 271.354036 396.318712
148.450000 715.073321 523.051357 401.330729 323.728608 276.238664 246.454993 185.914309 131.768862 95.927084 692.064372 576.605613 452.455470 386.502745 271.448685 396.453313
148.500000 715.309409 523.226320 401.466885 323.839980 276.334845 246.541635 185.981517 131.818615 95.965215 692.293140 576.797633 452.607933 386.634168 271.543332 396.587912
148.550000 715.545493 523.401281 401.603039 323.951350 276.431025 246.628275 186.048724 131.868367 96.003347 692.521904 576.989651 452.760395 386.765590 271.637979 396.722509
148.600000 715.781573 523.576240 401.739191 324.062720 276.527204 246.714914 186.115931 131.918119 96.041477 692.750666 577.181666 452.912854 386.897009 271.732624 396.857105
148.650000 716.017651 523.751197 401.875341 324.174087 276.623382 246.801552 186.183136 131.967870 96.079608 692.979424 577.373678 453.065312 387.028427 271.827268 396.991699
148.700000 716.253725 523.926151 402.011489 324.285454 276.719558 246.888189 186.250341 132.017621 96.117738 693.208179 577.565688 453.217767 387.159843 271.921911 397.126291
148.750000 716.489796 524.101102 402.147636 324.396818 276.815733 246.974825 186.317545 132.067372 96.155868 693.436930 577.757696 453.370220 387.291258 272.016553 397.260881
148.800000 716.725863 524.276052 402.283781 324.508182 276.911907 247.061460 186.384748 132.117122 96.193998 693.665679 577.949700 453.522672 387.422671 272.111193 397.395469
148.850000 716.961927 524.450998 402.419924 324.619544 277.008080 247.148094 186.451951 132.166871 96.232127 693.894424 578.141702 453.675121 387.554082 272.205833 397.530056
148.900000 717.197988 524.625943 402.556065 324.730904 277.104251 247.234727 186.519152 132.216620 96.270256 694.123166 578.333701 453.827568 387.685491 272.300471 397.664641
148.950000 717.434046 524.800885 402.692204 324.842263 277.200421 247.321359 186.586353 132.266368 96.308384 694.351905 578.525698 453.980013 387.816898 272.395108 397.799224
149.000000 717.670100 524.975825 402.828342 324.953621 277.296591 247.407990 186.653553 132.316116 96.346512 694.580641 578.717692 454.132456 387.948304 272.489744 397.933805
149.050000 717.906151 525.150762 402.964478 325.064977 277.392758 247.494619 186.720753 132.365864 96.384640 694.809374 578.909684 454.284897 388.079708 272.584378 398.068385
149.100000 718.142199 525.325697 403.100612 325.176332 277.488925 247.581248 186.787951 132.415611 96.422768 695.038103 579.101672 454.437336 388.211110 272.679012 398.202962
149.150000 718.378243 525.500629 403.236744 325.287686 277.585091 247.667876 186.855149 132.465357 96.460895 695.266829 579.293658 454.589773 388.342511 272.773644 398.337538
149.200000 718.614284 525.675560 403.372874 325.399038 277.681255 247.754502 186.922346 132.515103 96.499022 695.495552 579.485642 454.742208 388.473910 272.868275 398.472112
149.250000 718.850322 525.850487 403.509003 325.510388 277.777418 247.841128 186.989543 132.564848 96.537148 695.724272 579.677623 454.894641 388.605307 272.962905 398.606685
149.300000 719.086357 526.025413 403.645129 325.621737 277.873580 247.927752 187.056738 132.614593 96.575275 695.952989 579.869601 455.047072 388.736703 273.057534 398.741255
149.350000 719.322388 526.200336 403.781254 325.733085 277.969740 248.014375 187.123933 132.664337 96.613400 696.181702 580.061577 455.199501 388.868096 273.152161 398.875824
149.400000 719.558416 526.375257 403.917378 325.844431 278.065900 248.100998 187.191127 132.714081 96.651526 696.410413 580.253550 455.351928 388.999488 273.246788 399.010391
149.450000 719.794441 526.550175 404.053499 325.955776 278.162058 248.187619 187.258320 132.763824 96.689651 696.639120 580.445520 455.504352 389.130878 273.341413 399.144957
149.500000 720.030462 526.725091 404.189619 326.067119 278.258215 248.274239 187.325513 132.813567 96.727776 696.867824 580.637488 455.656775 389.262267 273.436037 399.279520
149.550000 720.266480 526.900004 404.325736 326.178461 278.354371 248.360858 187.392704 132.863309 96.765900 697.096525 580.829453 455.809196 389.393654 273.530660 399.414082
149.600000 720.502495 527.074916 404.461853 326.289802 278.450526 248.447476 187.459895 132.913051 96.804025 697.325222 581.021415 455.961614 389.525039 273.625282 399.548642
149.650000 720.738507 527.249824 404.597967 326.401141 278.546679 248.534093 187.527085 132.962792 96.842148 697.553917 581.213375 456.114031 389.656422 273.719902 399.683200
149.700000 720.974515 527.424731 404.734079 326.512479 278.642832 248.620709 187.594275 133.012533 96.880272 697.782608 581.405332 456.266446 389.787804 273.814521 399.817757
149.750000 721.210520 527.599635 404.870190 326.623815 278.738983 248.707324 187.661463 133.062273 96.918395 698.011296 581.597287 456.418858 389.919184 273.909140 399.952311
149.800000 721.446522 527.774537 405.006299 326.735150 278.835132 248.793938 187.728651 133.112013 96.956518 698.239981 581.789239 456.571269 390.050562 274.003757 400.086864
149.850000 721.682520 527.949436 405.142406 326.846483 278.931281 248.880551 187.795838 133.161752 96.994640 698.468663 581.981188 456.723677 390.181938 274.098372 400.221415
149.900000 721.918515 528.124333 405.278511 326.957815 279.027429 248.967162 187.863025 133.211491 97.032762 698.697342 582.173135 456.876083 390.313313 274.192987 400.355965
149.950000 722.154507 528.299228 405.414615 327.069146 279.123575 249.053773 187.930210 133.261229 97.070884 698.926017 582.365079 457.028488 390.444686 274.287600 400.490512
150.000000 722.390499 528.474122 405.550718 327.180477 279.219721 249.140384 187.997396 133.310968 97.109006 699.154693 582.557024 457.180892 390.576059 274.382214 400.625060
