web/models/kne/32/Metzger_0.138217_0.094828_0.100000.dat
# %ECSV 0.9
# ---
# datatype:
# - {name: time, datatype: float64}
# - {name: sdss_u, datatype: float64}
# - {name: sdss_g, datatype: float64}
# - {name: sdss_r, datatype: float64}
# - {name: sdss_i, datatype: float64}
# - {name: sdss_z, datatype: float64}
# - {name: PS1_y, datatype: float64}
# - {name: ukirt_J, datatype: float64}
# - {name: ukirt_H, datatype: float64}
# - {name: ukirt_K, datatype: float64}
# - {name: johnson_U, datatype: float64}
# - {name: johnson_B, datatype: float64}
# - {name: johnson_V, datatype: float64}
# - {name: johnson_R, datatype: float64}
# - {name: johnson_I, datatype: float64}
# - {name: Clear, datatype: float64}
# meta: !!omap
# - comment: [vej = 0.09482758620689655, mej = 0.13821730389118514, Ye = 0.1, redshift = 0.0]
# schema: astropy-2.0
time sdss_u sdss_g sdss_r sdss_i sdss_z PS1_y ukirt_J ukirt_H ukirt_K johnson_U johnson_B johnson_V johnson_R johnson_I Clear
[from data line 1310]
65.600000 98.050748 66.366262 46.445119 33.854422 26.212604 21.453273 11.889842 3.531361 -1.825521 94.242323 75.177542 54.791443 44.031260 25.445245 45.650750
65.650000 98.152605 66.441402 46.503297 33.901767 26.253309 21.489808 11.917883 3.551773 -1.810189 94.340981 75.260138 54.856748 44.087369 25.485280 45.708247
65.700000 98.254459 66.516541 46.561473 33.949111 26.294013 21.526343 11.945924 3.572185 -1.794856 94.439635 75.342731 54.922052 44.143477 25.525314 45.765743
65.750000 98.356309 66.591677 46.619648 33.996454 26.334717 21.562878 11.973965 3.592597 -1.779523 94.538286 75.425322 54.987355 44.199584 25.565348 45.823237
65.800000 98.458156 66.666810 46.677821 34.043796 26.375421 21.599412 12.002006 3.613010 -1.764190 94.636934 75.507910 55.052655 44.255689 25.605381 45.880731
65.850000 98.559999 66.741942 46.735993 34.091138 26.416123 21.635945 12.030047 3.633423 -1.748855 94.735579 75.590496 55.117954 44.311793 25.645413 45.938222
65.900000 98.661839 66.817071 46.794163 34.138478 26.456825 21.672478 12.058087 3.653836 -1.733521 94.834220 75.673078 55.183251 44.367895 25.685445 45.995712
65.950000 98.763675 66.892198 46.852332 34.185817 26.497526 21.709011 12.086128 3.674249 -1.718186 94.932857 75.755659 55.248545 44.423996 25.725476 46.053201
66.000000 98.865507 66.967322 46.910499 34.233155 26.538226 21.745543 12.114168 3.694663 -1.702850 95.031492 75.838236 55.313838 44.480095 25.765506 46.110688
66.050000 98.967336 67.042444 46.968665 34.280492 26.578926 21.782074 12.142209 3.715076 -1.687514 95.130122 75.920811 55.379130 44.536193 25.805536 46.168174
66.100000 99.069161 67.117564 47.026829 34.327827 26.619625 21.818605 12.170249 3.735490 -1.672178 95.228749 76.003383 55.444419 44.592289 25.845564 46.225658
66.150000 99.170983 67.192681 47.084991 34.375162 26.660323 21.855135 12.198289 3.755904 -1.656841 95.327373 76.085952 55.509706 44.648384 25.885592 46.283140
66.200000 99.272800 67.267795 47.143152 34.422496 26.701020 21.891665 12.226328 3.776318 -1.641504 95.425993 76.168518 55.574991 44.704477 25.925619 46.340620
66.250000 99.374614 67.342907 47.201311 34.469828 26.741716 21.928193 12.254368 3.796733 -1.626167 95.524609 76.251081 55.640274 44.760569 25.965646 46.398099
66.300000 99.476423 67.418017 47.259468 34.517159 26.782411 21.964722 12.282407 3.817147 -1.610829 95.623221 76.333641 55.705555 44.816659 26.005671 46.455577
66.350000 99.578229 67.493123 47.317623 34.564489 26.823106 22.001249 12.310446 3.837562 -1.595490 95.721830 76.416198 55.770833 44.872747 26.045696 46.513052
66.400000 99.680031 67.568227 47.375777 34.611818 26.863799 22.037776 12.338484 3.857977 -1.580152 95.820434 76.498753 55.836110 44.928833 26.085720 46.570526
66.450000 99.781829 67.643329 47.433929 34.659145 26.904492 22.074302 12.366523 3.878391 -1.564812 95.919035 76.581304 55.901384 44.984918 26.125743 46.627998
66.500000 99.883622 67.718428 47.492079 34.706471 26.945184 22.110827 12.394561 3.898806 -1.549473 96.017632 76.663852 55.966657 45.041001 26.165765 46.685468
66.550000 99.985412 67.793524 47.550227 34.753796 26.985875 22.147352 12.422599 3.919221 -1.534133 96.116225 76.746397 56.031927 45.097083 26.205786 46.742936
66.600000 100.087197 67.868617 47.608373 34.801119 27.026564 22.183876 12.450636 3.939636 -1.518793 96.214814 76.828939 56.097194 45.153162 26.245806 46.800403
66.650000 100.188978 67.943707 47.666517 34.848441 27.067253 22.220399 12.478673 3.960052 -1.503453 96.313399 76.911477 56.162460 45.209240 26.285825 46.857868
66.700000 100.290755 68.018795 47.724660 34.895762 27.107941 22.256921 12.506710 3.980467 -1.488112 96.411979 76.994012 56.227723 45.265316 26.325843 46.915330
66.750000 100.392527 68.093879 47.782800 34.943081 27.148627 22.293443 12.534746 4.000882 -1.472771 96.510556 77.076544 56.292983 45.321390 26.365860 46.972791
66.800000 100.494295 68.168961 47.840938 34.990399 27.189313 22.329963 12.562782 4.021297 -1.457429 96.609128 77.159073 56.358242 45.377462 26.405876 47.030250
66.850000 100.596059 68.244040 47.899075 35.037716 27.229998 22.366483 12.590818 4.041713 -1.442088 96.707696 77.241598 56.423498 45.433532 26.445891 47.087706
66.900000 100.697818 68.319116 47.957209 35.085031 27.270681 22.403002 12.618853 4.062128 -1.426746 96.806260 77.324120 56.488751 45.489601 26.485905 47.145161
66.950000 100.799573 68.394188 48.015341 35.132344 27.311363 22.439520 12.646888 4.082543 -1.411403 96.904820 77.406639 56.554002 45.545667 26.525918 47.202614
67.000000 100.901323 68.469258 48.073471 35.179656 27.352045 22.476037 12.674922 4.102958 -1.396061 97.003375 77.489154 56.619251 45.601731 26.565930 47.260065
67.050000 101.003069 68.544325 48.131599 35.226967 27.392725 22.512553 12.702956 4.123374 -1.380718 97.101926 77.571666 56.684497 45.657794 26.605941 47.317513
67.100000 101.104810 68.619388 48.189725 35.274276 27.433403 22.549068 12.730990 4.143789 -1.365375 97.200473 77.654174 56.749740 45.713854 26.645950 47.374960
67.150000 101.206547 68.694449 48.247848 35.321583 27.474081 22.585583 12.759022 4.164204 -1.350032 97.299015 77.736678 56.814981 45.769912 26.685959 47.432404
67.200000 101.308279 68.769506 48.305970 35.368889 27.514758 22.622096 12.787055 4.184619 -1.334688 97.397552 77.819179 56.880219 45.825968 26.725966 47.489846
67.250000 101.410006 68.844560 48.364089 35.416193 27.555433 22.658608 12.815087 4.205034 -1.319344 97.496085 77.901676 56.945455 45.882022 26.765972 47.547286
67.300000 101.511728 68.919611 48.422206 35.463496 27.596107 22.695120 12.843118 4.225449 -1.304001 97.594613 77.984170 57.010688 45.938074 26.805977 47.604724
67.350000 101.613445 68.994659 48.480321 35.510797 27.636780 22.731630 12.871149 4.245864 -1.288656 97.693137 78.066660 57.075918 45.994124 26.845981 47.662159
67.400000 101.715158 69.069703 48.538433 35.558096 27.677451 22.768139 12.899180 4.266279 -1.273312 97.791656 78.149146 57.141145 46.050171 26.885983 47.719592
67.450000 101.816866 69.144744 48.596543 35.605393 27.718121 22.804647 12.927210 4.286694 -1.257967 97.890170 78.231629 57.206370 46.106217 26.925984 47.777023
67.500000 101.918568 69.219781 48.654651 35.652689 27.758790 22.841154 12.955239 4.307108 -1.242623 97.988680 78.314107 57.271592 46.162260 26.965984 47.834452
67.550000 102.020266 69.294816 48.712756 35.699983 27.799458 22.877660 12.983268 4.327523 -1.227278 98.087185 78.396582 57.336811 46.218301 27.005983 47.891878
67.600000 102.121959 69.369846 48.770859 35.747276 27.840124 22.914165 13.011296 4.347937 -1.211933 98.185685 78.479053 57.402028 46.274339 27.045980 47.949302
67.650000 101.070472 68.599611 48.179192 35.269647 27.432393 22.550331 12.736881 4.153839 -1.352557 97.167878 77.630333 56.735323 45.704449 26.645306 47.364798
67.700000 101.171213 68.673936 48.236746 35.316490 27.472671 22.586486 12.764638 4.174052 -1.337366 97.265455 77.712029 56.799924 45.759957 26.684921 47.421678
67.750000 101.271948 68.748257 48.294297 35.363331 27.512948 22.622640 12.792394 4.194265 -1.322175 97.363028 77.793722 56.864522 45.815463 26.724534 47.478557
67.800000 101.372678 68.822575 48.351845 35.410170 27.553223 22.658793 12.820149 4.214478 -1.306984 97.460595 77.875410 56.929117 45.870966 26.764147 47.535433
67.850000 101.473403 68.896890 48.409391 35.457007 27.593496 22.694944 12.847904 4.234691 -1.291793 97.558157 77.957094 56.993710 45.926467 26.803758 47.592306
67.900000 101.574123 68.971200 48.466935 35.503843 27.633769 22.731095 12.875658 4.254903 -1.276601 97.655714 78.038775 57.058299 45.981966 26.843367 47.649177
67.950000 101.674838 69.045508 48.524476 35.550677 27.674039 22.767244 12.903411 4.275115 -1.261410 97.753267 78.120451 57.122886 46.037462 26.882976 47.706046
68.000000 101.775547 69.119811 48.582014 35.597508 27.714309 22.803392 12.931164 4.295328 -1.246218 97.850814 78.202123 57.187469 46.092956 26.922583 47.762912
68.050000 101.876251 69.194111 48.639550 35.644338 27.754576 22.839539 12.958916 4.315540 -1.231026 97.948356 78.283792 57.252050 46.148448 26.962188 47.819775
68.100000 101.976950 69.268408 48.697083 35.691166 27.794843 22.875685 12.986667 4.335751 -1.215834 98.045893 78.365456 57.316627 46.203937 27.001792 47.876636
68.150000 102.077643 69.342700 48.754614 35.737992 27.835108 22.911829 13.014418 4.355963 -1.200642 98.143425 78.447116 57.381202 46.259424 27.041394 47.933494
68.200000 102.178331 69.416989 48.812142 35.784817 27.875371 22.947972 13.042168 4.376174 -1.185450 98.240952 78.528771 57.445773 46.314908 27.080995 47.990350
68.250000 102.279013 69.491274 48.869667 35.831639 27.915633 22.984114 13.069917 4.396385 -1.170258 98.338473 78.610423 57.510341 46.370389 27.120595 48.047203
68.300000 102.379690 69.565556 48.927190 35.878459 27.955893 23.020254 13.097666 4.416596 -1.155066 98.435989 78.692070 57.574906 46.425868 27.160193 48.104054
68.350000 102.480362 69.639833 48.984710 35.925277 27.996151 23.056394 13.125413 4.436806 -1.139874 98.533500 78.773713 57.639468 46.481345 27.199789 48.160902
68.400000 102.581028 69.714107 49.042227 35.972093 28.036408 23.092532 13.153160 4.457017 -1.124682 98.631005 78.855352 57.704027 46.536819 27.239384 48.217747
68.450000 102.681688 69.788377 49.099742 36.018907 28.076664 23.128668 13.180906 4.477226 -1.109489 98.728505 78.936986 57.768583 46.592290 27.278977 48.274589
68.500000 102.782343 69.862643 49.157253 36.065720 28.116918 23.164804 13.208652 4.497436 -1.094297 98.826000 79.018616 57.833135 46.647759 27.318569 48.331429
68.550000 102.882992 69.936905 49.214762 36.112530 28.157170 23.200937 13.236396 4.517646 -1.079104 98.923489 79.100241 57.897684 46.703224 27.358159 48.388266
68.600000 102.983635 70.011164 49.272269 36.159337 28.197420 23.237070 13.264140 4.537855 -1.063912 99.020973 79.181862 57.962230 46.758688 27.397748 48.445100
68.650000 103.084272 70.085418 49.329772 36.206143 28.237669 23.273201 13.291883 4.558063 -1.048719 99.118451 79.263479 58.026772 46.814148 27.437335 48.501932
68.700000 103.184904 70.159668 49.387272 36.252947 28.277916 23.309331 13.319625 4.578272 -1.033527 99.215923 79.345091 58.091311 46.869606 27.476920 48.558760
68.750000 103.285530 70.233914 49.444770 36.299748 28.318162 23.345459 13.347366 4.598480 -1.018334 99.313390 79.426699 58.155847 46.925061 27.516504 48.615586
68.800000 103.386150 70.308157 49.502265 36.346548 28.358406 23.381586 13.375107 4.618688 -1.003142 99.410852 79.508302 58.220379 46.980514 27.556086 48.672409
68.850000 103.486765 70.382395 49.559756 36.393345 28.398648 23.417712 13.402846 4.638895 -0.987949 99.508307 79.589901 58.284908 47.035963 27.595666 48.729229
68.900000 103.587373 70.456629 49.617245 36.440140 28.438888 23.453836 13.430585 4.659102 -0.972757 99.605757 79.671495 58.349434 47.091410 27.635245 48.786047
68.950000 103.687975 70.530859 49.674731 36.486933 28.479127 23.489958 13.458323 4.679309 -0.957564 99.703202 79.753084 58.413956 47.146854 27.674822 48.842861
69.000000 103.788572 70.605085 49.732214 36.533723 28.519363 23.526079 13.486059 4.699515 -0.942372 99.800640 79.834669 58.478475 47.202296 27.714397 48.899672
69.050000 103.889162 70.679306 49.789694 36.580512 28.559598 23.562199 13.513795 4.719721 -0.927179 99.898073 79.916249 58.542990 47.257734 27.753970 48.956481
69.100000 103.989746 70.753524 49.847171 36.627298 28.599831 23.598317 13.541530 4.739926 -0.911987 99.995500 79.997824 58.607502 47.313169 27.793542 49.013286
69.150000 104.090325 70.827737 49.904645 36.674082 28.640063 23.634433 13.569264 4.760132 -0.896795 100.092921 80.079394 58.672010 47.368602 27.833112 49.070089
69.200000 104.190897 70.901946 49.962116 36.720863 28.680292 23.670548 13.596998 4.780336 -0.881602 100.190336 80.160960 58.736515 47.424032 27.872680 49.126888
69.250000 104.291463 70.976151 50.019584 36.767642 28.720520 23.706662 13.624730 4.800541 -0.866410 100.287745 80.242521 58.801016 47.479458 27.912246 49.183685
69.300000 104.392023 71.050351 50.077048 36.814419 28.760746 23.742773 13.652461 4.820744 -0.851218 100.385149 80.324077 58.865513 47.534882 27.951811 49.240478
69.350000 104.492576 71.124547 50.134510 36.861193 28.800970 23.778884 13.680191 4.840948 -0.836026 100.482546 80.405629 58.930007 47.590303 27.991373 49.297269
69.400000 104.593124 71.198739 50.191968 36.907966 28.841192 23.814992 13.707920 4.861151 -0.820834 100.579937 80.487175 58.994497 47.645721 28.030934 49.354056
69.450000 104.693665 71.272927 50.249424 36.954735 28.881412 23.851099 13.735649 4.881353 -0.805642 100.677322 80.568717 59.058983 47.701136 28.070493 49.410840
69.500000 104.794200 71.347110 50.306876 37.001503 28.921630 23.887205 13.763376 4.901555 -0.790450 100.774702 80.650253 59.123466 47.756548 28.110050 49.467621
69.550000 104.894728 71.421288 50.364325 37.048268 28.961847 23.923309 13.791102 4.921757 -0.775258 100.872075 80.731785 59.187945 47.811956 28.149606 49.524399
69.600000 104.995250 71.495463 50.421770 37.095030 29.002061 23.959411 13.818827 4.941958 -0.760067 100.969442 80.813312 59.252421 47.867362 28.189159 49.581174
69.650000 105.095766 71.569632 50.479213 37.141790 29.042273 23.995511 13.846551 4.962159 -0.744875 101.066802 80.894833 59.316892 47.922765 28.228710 49.637945
69.700000 105.196275 71.643798 50.536652 37.188548 29.082484 24.031610 13.874275 4.982359 -0.729684 101.164157 80.976350 59.381360 47.978164 28.268260 49.694714
69.750000 105.296778 71.717958 50.594088 37.235303 29.122692 24.067707 13.901997 5.002559 -0.714493 101.261505 81.057862 59.445824 48.033561 28.307808 49.751479
69.800000 105.397274 71.792114 50.651521 37.282056 29.162899 24.103803 13.929718 5.022758 -0.699302 101.358847 81.139368 59.510285 48.088954 28.347353 49.808241
69.850000 105.497764 71.866266 50.708950 37.328806 29.203103 24.139897 13.957438 5.042956 -0.684111 101.456183 81.220870 59.574741 48.144344 28.386897 49.865000
69.900000 105.598247 71.940413 50.766376 37.375554 29.243306 24.175989 13.985156 5.063154 -0.668920 101.553512 81.302366 59.639194 48.199731 28.426439 49.921755
69.950000 105.698724 72.014556 50.823799 37.422299 29.283506 24.212079 14.012874 5.083352 -0.653729 101.650836 81.383857 59.703642 48.255115 28.465978 49.978507
70.000000 105.799194 72.088694 50.881218 37.469041 29.323704 24.248168 14.040591 5.103549 -0.638538 101.748152 81.465343 59.768087 48.310496 28.505516 50.035256
70.050000 105.899657 72.162827 50.938634 37.515781 29.363901 24.284254 14.068306 5.123746 -0.623348 101.845463 81.546824 59.832528 48.365873 28.545052 50.092001
70.100000 106.000114 72.236955 50.996047 37.562519 29.404095 24.320340 14.096021 5.143942 -0.608158 101.942766 81.628299 59.896965 48.421247 28.584585 50.148744
70.150000 106.100564 72.311079 51.053456 37.609254 29.444287 24.356423 14.123734 5.164137 -0.592968 102.040064 81.709770 59.961398 48.476618 28.624117 50.205482
70.200000 106.201007 72.385198 51.110862 37.655986 29.484477 24.392504 14.151446 5.184332 -0.577778 102.137355 81.791235 60.025827 48.531986 28.663646 50.262218
70.250000 106.301444 72.459313 51.168264 37.702715 29.524665 24.428584 14.179157 5.204526 -0.562588 102.234639 81.872694 60.090253 48.587350 28.703174 50.318950
70.300000 106.401873 72.533422 51.225663 37.749442 29.564851 24.464662 14.206867 5.224720 -0.547399 102.331917 81.954149 60.154674 48.642711 28.742699 50.375678
70.350000 106.502296 72.607527 51.283058 37.796167 29.605034 24.500738 14.234575 5.244913 -0.532210 102.429188 82.035598 60.219091 48.698069 28.782223 50.432404
70.400000 106.602712 72.681627 51.340450 37.842888 29.645216 24.536812 14.262283 5.265105 -0.517021 102.526453 82.117042 60.283504 48.753423 28.821744 50.489125
70.450000 106.703121 72.755723 51.397839 37.889607 29.685395 24.572885 14.289989 5.285297 -0.501832 102.623711 82.198480 60.347913 48.808774 28.861263 50.545844
70.500000 106.803524 72.829813 51.455223 37.936324 29.725572 24.608955 14.317694 5.305488 -0.486643 102.720962 82.279913 60.412318 48.864122 28.900780 50.602558
