web/models/kne/32/Metzger_0.047339_0.256897_0.450000.dat
# %ECSV 0.9
# ---
# datatype:
# - {name: time, datatype: float64}
# - {name: sdss_u, datatype: float64}
# - {name: sdss_g, datatype: float64}
# - {name: sdss_r, datatype: float64}
# - {name: sdss_i, datatype: float64}
# - {name: sdss_z, datatype: float64}
# - {name: PS1_y, datatype: float64}
# - {name: ukirt_J, datatype: float64}
# - {name: ukirt_H, datatype: float64}
# - {name: ukirt_K, datatype: float64}
# - {name: johnson_U, datatype: float64}
# - {name: johnson_B, datatype: float64}
# - {name: johnson_V, datatype: float64}
# - {name: johnson_R, datatype: float64}
# - {name: johnson_I, datatype: float64}
# - {name: Clear, datatype: float64}
# meta: !!omap
# - comment: [vej = 0.25689655172413794, mej = 0.04733940132137338, Ye = 0.45, redshift = 0.0]
# schema: astropy-2.0
time sdss_u sdss_g sdss_r sdss_i sdss_z PS1_y ukirt_J ukirt_H ukirt_K johnson_U johnson_B johnson_V johnson_R johnson_I Clear
[from data line 1279]
64.050000 249.177894 177.973258 132.960470 104.345689 86.882063 75.954706 53.826348 34.182247 21.311416 240.636904 197.812834 151.850863 127.486765 85.123204 131.159707
64.100000 249.378932 178.121969 133.075959 104.439962 86.963331 76.027808 53.882813 34.223770 21.342990 240.831675 197.976147 151.980313 127.598203 85.203160 131.273864
64.150000 249.579961 178.270675 133.191445 104.534232 87.044598 76.100908 53.939278 34.265293 21.374565 241.026439 198.139454 152.109759 127.709637 85.283113 131.388017
64.200000 249.780984 178.419376 133.306927 104.628499 87.125862 76.174006 53.995741 34.306815 21.406139 241.221196 198.302756 152.239200 127.821068 85.363065 131.502167
64.250000 249.981999 178.568072 133.422405 104.722764 87.207124 76.247103 54.052203 34.348337 21.437713 241.415945 198.466051 152.368637 127.932495 85.443014 131.616312
64.300000 250.183006 178.716763 133.537879 104.817026 87.288383 76.320197 54.108664 34.389858 21.469287 241.610688 198.629342 152.498070 128.043919 85.522961 131.730455
64.350000 250.384006 178.865449 133.653350 104.911285 87.369641 76.393290 54.165124 34.431378 21.500861 241.805424 198.792626 152.627498 128.155340 85.602906 131.844593
64.400000 250.584999 179.014129 133.768817 105.005541 87.450896 76.466380 54.221583 34.472898 21.532435 242.000152 198.955905 152.756922 128.266757 85.682849 131.958728
64.450000 250.785985 179.162805 133.884281 105.099794 87.532149 76.539469 54.278040 34.514418 21.564009 242.194874 199.119177 152.886342 128.378170 85.762790 132.072860
64.500000 250.986963 179.311475 133.999741 105.194045 87.613400 76.612556 54.334496 34.555937 21.595583 242.389588 199.282445 153.015758 128.489580 85.842728 132.186987
64.550000 251.187934 179.460141 134.115197 105.288293 87.694648 76.685641 54.390952 34.597455 21.627156 242.584295 199.445706 153.145169 128.600986 85.922664 132.301111
64.600000 251.388898 179.608801 134.230649 105.382538 87.775895 76.758724 54.447406 34.638973 21.658730 242.778996 199.608962 153.274576 128.712389 86.002599 132.415232
64.650000 251.589855 179.757456 134.346098 105.476781 87.857139 76.831806 54.503858 34.680491 21.690303 242.973689 199.772212 153.403979 128.823788 86.082531 132.529349
64.700000 251.790804 179.906106 134.461543 105.571020 87.938381 76.904885 54.560310 34.722007 21.721876 243.168375 199.935456 153.533378 128.935184 86.162460 132.643462
64.750000 251.991745 180.054751 134.576984 105.665257 88.019620 76.977963 54.616761 34.763524 21.753449 243.363055 200.098695 153.662772 129.046576 86.242388 132.757572
64.800000 252.192680 180.203391 134.692422 105.759491 88.100858 77.051038 54.673210 34.805039 21.785022 243.557727 200.261928 153.792162 129.157965 86.322314 132.871678
64.850000 252.393607 180.352026 134.807856 105.853722 88.182093 77.124112 54.729658 34.846555 21.816595 243.752392 200.425156 153.921548 129.269351 86.402237 132.985780
64.900000 252.594527 180.500656 134.923287 105.947951 88.263326 77.197184 54.786105 34.888069 21.848168 243.947050 200.588377 154.050930 129.380732 86.482158 133.099879
64.950000 252.795440 180.649281 135.038713 106.042177 88.344557 77.270254 54.842551 34.929583 21.879741 244.141702 200.751593 154.180307 129.492111 86.562077 133.213974
65.000000 252.996346 180.797901 135.154137 106.136400 88.425786 77.343323 54.898996 34.971097 21.911313 244.336346 200.914804 154.309680 129.603486 86.641994 133.328066
65.050000 253.197244 180.946515 135.269556 106.230620 88.507012 77.416389 54.955439 35.012610 21.942886 244.530983 201.078008 154.439049 129.714857 86.721909 133.442154
65.100000 253.398135 181.095125 135.384972 106.324838 88.588236 77.489454 55.011881 35.054123 21.974458 244.725614 201.241208 154.568414 129.826225 86.801821 133.556239
65.150000 253.599019 181.243730 135.500384 106.419052 88.669458 77.562516 55.068323 35.095635 22.006030 244.920237 201.404401 154.697774 129.937590 86.881732 133.670320
65.200000 253.799895 181.392329 135.615793 106.513265 88.750678 77.635577 55.124763 35.137146 22.037602 245.114853 201.567589 154.827130 130.048951 86.961640 133.784397
65.250000 254.000765 181.540924 135.731198 106.607474 88.831896 77.708636 55.181202 35.178657 22.069174 245.309463 201.730771 154.956482 130.160308 87.041546 133.898471
65.300000 254.201627 181.689514 135.846599 106.701680 88.913111 77.781693 55.237639 35.220168 22.100746 245.504065 201.893947 155.085830 130.271663 87.121450 134.012541
65.350000 254.402482 181.838098 135.961997 106.795884 88.994325 77.854748 55.294076 35.261678 22.132318 245.698661 202.057118 155.215174 130.383013 87.201352 134.126608
65.400000 254.603330 181.986678 136.077391 106.890085 89.075536 77.927802 55.350511 35.303187 22.163890 245.893249 202.220284 155.344513 130.494360 87.281252 134.240671
65.450000 254.804170 182.135252 136.192781 106.984284 89.156745 78.000853 55.406945 35.344696 22.195461 246.087831 202.383443 155.473848 130.605704 87.361149 134.354730
65.500000 255.005004 182.283822 136.308168 107.078479 89.237951 78.073903 55.463379 35.386204 22.227033 246.282406 202.546597 155.603179 130.717045 87.441045 134.468786
65.550000 255.205830 182.432386 136.423552 107.172672 89.319156 78.146951 55.519810 35.427712 22.258604 246.476974 202.709746 155.732506 130.828381 87.520938 134.582838
65.600000 255.406649 182.580946 136.538931 107.266862 89.400358 78.219997 55.576241 35.469219 22.290175 246.671535 202.872889 155.861828 130.939715 87.600829 134.696887
65.650000 255.607461 182.729501 136.654307 107.361050 89.481558 78.293041 55.632671 35.510726 22.321746 246.866089 203.036026 155.991147 131.051045 87.680718 134.810933
65.700000 255.808266 182.878050 136.769680 107.455235 89.562756 78.366083 55.689099 35.552232 22.353317 247.060636 203.199158 156.120461 131.162371 87.760605 134.924974
65.750000 256.009063 183.026595 136.885048 107.549417 89.643952 78.439124 55.745527 35.593738 22.384888 247.255176 203.362284 156.249771 131.273695 87.840490 135.039012
65.800000 256.209854 183.175135 137.000414 107.643596 89.725145 78.512163 55.801953 35.635243 22.416458 247.449710 203.525404 156.379077 131.385014 87.920373 135.153047
65.850000 256.410637 183.323669 137.115775 107.737773 89.806337 78.585199 55.858378 35.676747 22.448029 247.644236 203.688519 156.508379 131.496331 88.000253 135.267078
65.900000 256.611413 183.472199 137.231133 107.831946 89.887526 78.658234 55.914802 35.718251 22.479599 247.838756 203.851629 156.637676 131.607643 88.080132 135.381106
65.950000 256.812183 183.620724 137.346488 107.926118 89.968713 78.731267 55.971224 35.759755 22.511170 248.033269 204.014732 156.766970 131.718953 88.160008 135.495130
66.000000 257.012945 183.769244 137.461839 108.020286 90.049898 78.804299 56.027646 35.801258 22.542740 248.227775 204.177831 156.896259 131.830259 88.239882 135.609150
66.050000 257.213699 183.917759 137.577186 108.114452 90.131081 78.877328 56.084066 35.842760 22.574310 248.422274 204.340923 157.025544 131.941562 88.319755 135.723167
66.100000 257.414447 184.066268 137.692530 108.208615 90.212261 78.950356 56.140486 35.884262 22.605880 248.616766 204.504011 157.154825 132.052861 88.399624 135.837181
66.150000 257.615188 184.214773 137.807870 108.302775 90.293440 79.023382 56.196904 35.925763 22.637450 248.811251 204.667092 157.284102 132.164157 88.479492 135.951191
66.200000 257.815922 184.363273 137.923206 108.396933 90.374616 79.096406 56.253321 35.967264 22.669019 249.005730 204.830168 157.413374 132.275449 88.559358 136.065197
66.250000 258.016648 184.511769 138.038539 108.491088 90.455790 79.169428 56.309737 36.008765 22.700589 249.200202 204.993239 157.542643 132.386738 88.639222 136.179200
66.300000 258.217368 184.660259 138.153869 108.585240 90.536962 79.242448 56.366151 36.050264 22.732158 249.394667 205.156304 157.671907 132.498024 88.719083 136.293199
66.350000 258.418080 184.808744 138.269195 108.679389 90.618131 79.315466 56.422565 36.091764 22.763728 249.589125 205.319363 157.801167 132.609306 88.798943 136.407195
66.400000 258.618785 184.957224 138.384517 108.773536 90.699299 79.388483 56.478977 36.133262 22.795297 249.783576 205.482417 157.930423 132.720585 88.878800 136.521188
66.450000 258.819484 185.105700 138.499836 108.867680 90.780464 79.461498 56.535388 36.174760 22.826866 249.978021 205.645466 158.059675 132.831860 88.958655 136.635177
66.500000 259.020175 185.254170 138.615151 108.961822 90.861628 79.534511 56.591798 36.216258 22.858435 250.172459 205.808509 158.188923 132.943132 89.038508 136.749162
66.550000 259.220859 185.402636 138.730463 109.055961 90.942789 79.607522 56.648207 36.257755 22.890004 250.366890 205.971546 158.318167 133.054401 89.118359 136.863144
66.600000 259.421536 185.551097 138.845771 109.150097 91.023948 79.680531 56.704615 36.299252 22.921572 250.561314 206.134578 158.447406 133.165666 89.198208 136.977122
66.650000 259.622206 185.699553 138.961075 109.244230 91.105104 79.753539 56.761022 36.340748 22.953141 250.755731 206.297605 158.576642 133.276928 89.278055 137.091097
66.700000 259.822870 185.848004 139.076376 109.338361 91.186259 79.826545 56.817427 36.382243 22.984709 250.950142 206.460626 158.705873 133.388186 89.357900 137.205069
66.750000 260.023526 185.996450 139.191674 109.432489 91.267412 79.899549 56.873832 36.423738 23.016277 251.144546 206.623641 158.835100 133.499441 89.437742 137.319037
66.800000 260.224175 186.144891 139.306968 109.526614 91.348562 79.972551 56.930235 36.465232 23.047846 251.338943 206.786651 158.964323 133.610693 89.517583 137.433001
66.850000 260.424817 186.293327 139.422258 109.620737 91.429710 80.045551 56.986637 36.506726 23.079414 251.533334 206.949656 159.093542 133.721941 89.597421 137.546962
66.900000 260.625452 186.441758 139.537545 109.714857 91.510856 80.118549 57.043038 36.548220 23.110981 251.727717 207.112655 159.222757 133.833186 89.677258 137.660920
66.950000 260.826080 186.590185 139.652828 109.808975 91.592000 80.191546 57.099438 36.589712 23.142549 251.922094 207.275649 159.351968 133.944428 89.757092 137.774874
67.000000 261.026701 186.738607 139.768108 109.903089 91.673142 80.264541 57.155837 36.631205 23.174117 252.116465 207.438637 159.481175 134.055666 89.836924 137.888824
67.050000 261.227315 186.887024 139.883385 109.997201 91.754281 80.337534 57.212234 36.672696 23.205684 252.310828 207.601620 159.610378 134.166901 89.916754 138.002771
67.100000 261.427923 187.035435 139.998657 110.091311 91.835419 80.410525 57.268630 36.714188 23.237252 252.505185 207.764597 159.739576 134.278133 89.996582 138.116715
67.150000 261.628523 187.183843 140.113927 110.185418 91.916554 80.483515 57.325026 36.755678 23.268819 252.699535 207.927569 159.868771 134.389361 90.076408 138.230655
67.200000 261.829116 187.332245 140.229192 110.279522 91.997687 80.556502 57.381420 36.797168 23.300386 252.893878 208.090535 159.997961 134.500586 90.156232 138.344592
67.250000 262.029703 187.480642 140.344455 110.373623 92.078819 80.629488 57.437813 36.838658 23.331953 253.088215 208.253496 160.127148 134.611808 90.236053 138.458525
67.300000 262.230282 187.629035 140.459714 110.467722 92.159947 80.702472 57.494205 36.880147 23.363520 253.282545 208.416452 160.256330 134.723026 90.315873 138.572455
67.350000 262.430854 187.777423 140.574969 110.561818 92.241074 80.775454 57.550595 36.921636 23.395086 253.476868 208.579402 160.385508 134.834241 90.395691 138.686381
67.400000 262.631420 187.925806 140.690221 110.655911 92.322199 80.848435 57.606985 36.963124 23.426653 253.671185 208.742347 160.514683 134.945452 90.475506 138.800304
67.450000 262.831979 188.074184 140.805469 110.750002 92.403322 80.921413 57.663373 37.004611 23.458219 253.865495 208.905286 160.643853 135.056660 90.555320 138.914224
67.500000 263.032530 188.222557 140.920714 110.844090 92.484442 80.994390 57.719761 37.046098 23.489785 254.059798 209.068220 160.773019 135.167865 90.635131 139.028140
67.550000 263.233075 188.370925 141.035955 110.938176 92.565560 81.067365 57.776147 37.087584 23.521352 254.254095 209.231149 160.902181 135.279067 90.714940 139.142052
67.600000 263.433613 188.519289 141.151193 111.032259 92.646676 81.140338 57.832532 37.129070 23.552917 254.448385 209.394072 161.031339 135.390265 90.794747 139.255961
67.650000 263.634144 188.667648 141.266427 111.126339 92.727791 81.213310 57.888916 37.170556 23.584483 254.642668 209.556989 161.160493 135.501460 90.874553 139.369867
67.700000 263.834668 188.816002 141.381658 111.220417 92.808902 81.286279 57.945299 37.212040 23.616049 254.836945 209.719902 161.289643 135.612651 90.954356 139.483769
67.750000 264.035185 188.964351 141.496885 111.314492 92.890012 81.359247 58.001680 37.253525 23.647615 255.031215 209.882809 161.418789 135.723840 91.034157 139.597668
67.800000 264.235696 189.112695 141.612109 111.408564 92.971120 81.432213 58.058061 37.295008 23.679180 255.225478 210.045710 161.547931 135.835024 91.113956 139.711564
67.850000 264.436199 189.261035 141.727329 111.502634 93.052226 81.505177 58.114440 37.336491 23.710745 255.419735 210.208607 161.677068 135.946206 91.193753 139.825456
67.900000 264.636696 189.409370 141.842546 111.596701 93.133329 81.578140 58.170819 37.377974 23.742310 255.613985 210.371497 161.806202 136.057384 91.273547 139.939344
67.950000 264.837186 189.557700 141.957760 111.690765 93.214431 81.651100 58.227196 37.419456 23.773875 255.808229 210.534383 161.935332 136.168559 91.353340 140.053229
68.000000 265.037669 189.706025 142.072970 111.784827 93.295530 81.724059 58.283572 37.460938 23.805440 256.002466 210.697263 162.064458 136.279731 91.433131 140.167111
68.050000 265.238145 189.854346 142.188176 111.878886 93.376627 81.797016 58.339947 37.502419 23.837005 256.196696 210.860138 162.193580 136.390899 91.512920 140.280990
68.100000 265.438614 190.002661 142.303379 111.972943 93.457722 81.869972 58.396320 37.543899 23.868570 256.390920 211.023007 162.322697 136.502065 91.592706 140.394865
68.150000 265.639076 190.150972 142.418579 112.066997 93.538815 81.942925 58.452693 37.585379 23.900134 256.585137 211.185871 162.451811 136.613226 91.672491 140.508736
68.200000 265.839532 190.299279 142.533775 112.161048 93.619906 82.015877 58.509065 37.626859 23.931698 256.779348 211.348730 162.580921 136.724385 91.752273 140.622604
68.250000 266.039980 190.447580 142.648968 112.255097 93.700995 82.088827 58.565435 37.668338 23.963262 256.973552 211.511583 162.710026 136.835540 91.832054 140.736469
68.300000 266.240422 190.595877 142.764157 112.349143 93.782081 82.161775 58.621804 37.709816 23.994826 257.167750 211.674431 162.839128 136.946692 91.911832 140.850330
68.350000 266.440858 190.744169 142.879343 112.443186 93.863166 82.234721 58.678172 37.751294 24.026390 257.361941 211.837274 162.968226 137.057841 91.991608 140.964188
68.400000 266.641286 190.892456 142.994525 112.537227 93.944248 82.307666 58.734539 37.792771 24.057954 257.556125 212.000112 163.097320 137.168986 92.071383 141.078043
68.450000 266.841707 191.040738 143.109704 112.631266 94.025329 82.380609 58.790905 37.834248 24.089518 257.750303 212.162944 163.226409 137.280128 92.151155 141.191894
68.500000 267.042122 191.189016 143.224880 112.725301 94.106407 82.453550 58.847270 37.875724 24.121081 257.944474 212.325770 163.355495 137.391267 92.230925 141.305742
68.550000 267.242530 191.337289 143.340052 112.819334 94.187483 82.526489 58.903634 37.917200 24.152644 258.138639 212.488592 163.484577 137.502402 92.310693 141.419586
68.600000 267.442931 191.485557 143.455220 112.913365 94.268557 82.599427 58.959996 37.958675 24.184207 258.332797 212.651408 163.613655 137.613535 92.390460 141.533427
68.650000 267.643326 191.633821 143.570386 113.007393 94.349629 82.672363 59.016358 38.000149 24.215770 258.526949 212.814219 163.742729 137.724663 92.470224 141.647265
68.700000 267.843713 191.782079 143.685547 113.101418 94.430699 82.745297 59.072718 38.041623 24.247333 258.721094 212.977025 163.871799 137.835789 92.549986 141.761099
