web/models/kne/32/Metzger_0.090038_0.192069_0.450000.dat
# %ECSV 0.9
# ---
# datatype:
# - {name: time, datatype: float64}
# - {name: sdss_u, datatype: float64}
# - {name: sdss_g, datatype: float64}
# - {name: sdss_r, datatype: float64}
# - {name: sdss_i, datatype: float64}
# - {name: sdss_z, datatype: float64}
# - {name: PS1_y, datatype: float64}
# - {name: ukirt_J, datatype: float64}
# - {name: ukirt_H, datatype: float64}
# - {name: ukirt_K, datatype: float64}
# - {name: johnson_U, datatype: float64}
# - {name: johnson_B, datatype: float64}
# - {name: johnson_V, datatype: float64}
# - {name: johnson_R, datatype: float64}
# - {name: johnson_I, datatype: float64}
# - {name: Clear, datatype: float64}
# meta: !!omap
# - comment: [vej = 0.19206896551724137, mej = 0.09003814830589497, Ye = 0.45, redshift = 0.0]
# schema: astropy-2.0
time sdss_u sdss_g sdss_r sdss_i sdss_z PS1_y ukirt_J ukirt_H ukirt_K johnson_U johnson_B johnson_V johnson_R johnson_I Clear
0.100000 nan nan nan nan nan nan nan nan nan nan nan nan nan nan nan
0.150000 nan nan nan nan nan nan nan nan nan nan nan nan nan nan nan
0.200000 -14.784990 -15.321439 -15.486494 -15.481095 -15.417199 -15.346333 -15.103207 -14.717542 -14.314757 -14.862476 -15.199821 -15.438796 -15.493389 -15.407573 -15.489133
0.250000 -14.869861 -15.457344 -15.653363 -15.666734 -15.613823 -15.549615 -15.319405 -14.944507 -14.548406 -14.953548 -15.321691 -15.592848 -15.663914 -15.605280 -15.657207
0.300000 -14.885118 -15.528813 -15.759035 -15.793179 -15.752434 -15.695603 -15.479703 -15.116725 -14.728017 -14.975626 -15.377683 -15.684353 -15.773629 -15.745091 -15.764213
0.350000 -14.878742 -15.568996 -15.827622 -15.879048 -15.848433 -15.797748 -15.593768 -15.240715 -14.858157 -14.974894 -15.405034 -15.741167 -15.845579 -15.842090 -15.833909
0.400000 -14.844152 -15.586712 -15.877324 -15.948246 -15.929070 -15.885327 -15.694813 -15.352969 -14.977348 -14.946638 -15.408320 -15.777603 -15.899072 -15.923856 -15.884861
0.450000 -14.782756 -15.585719 -15.913368 -16.006908 -16.001018 -15.965341 -15.790480 -15.461659 -15.094090 -14.892548 -15.390646 -15.798275 -15.939512 -15.997116 -15.922355
0.500000 -14.741257 -15.583145 -15.934716 -16.042890 -16.045605 -16.015155 -15.850438 -15.530055 -15.167701 -14.855753 -15.377314 -15.809688 -15.963702 -16.042553 -15.944639
0.550000 -14.675782 -15.567046 -15.949019 -16.075821 -16.089498 -16.065710 -15.913927 -15.604302 -15.248590 -14.796241 -15.347558 -15.811358 -15.981621 -16.087530 -15.960134
0.600000 -14.610160 -15.546367 -15.956065 -16.099884 -16.123585 -16.105892 -15.965945 -15.666164 -15.316527 -14.736043 -15.314440 -15.806877 -15.991970 -16.122607 -15.968269
0.650000 -14.545439 -15.522588 -15.957587 -16.116957 -16.149827 -16.137711 -16.008600 -15.717831 -15.373752 -14.676260 -15.279322 -15.797875 -15.996507 -16.149756 -15.970785
0.700000 -14.452153 -15.484182 -15.953155 -16.133440 -16.178656 -16.174054 -16.059547 -15.780923 -15.444333 -14.589588 -15.225708 -15.779303 -15.996130 -16.179806 -15.967690
0.750000 -14.389839 -15.456202 -15.946465 -16.139876 -16.192847 -16.192968 -16.087643 -15.816658 -15.484774 -14.531409 -15.188208 -15.763748 -15.991983 -16.194765 -15.961837
0.800000 -14.296869 -15.412866 -15.933950 -16.146389 -16.210612 -16.217589 -16.125601 -15.865710 -15.540661 -14.444415 -15.131103 -15.738394 -15.983152 -16.213645 -15.950536
0.850000 -14.238511 -15.383261 -15.922222 -16.145712 -16.216476 -16.227440 -16.143211 -15.889776 -15.568702 -14.389518 -15.093519 -15.719216 -15.973563 -16.220156 -15.939513
0.900000 -14.147267 -15.337202 -15.904288 -16.145184 -16.226258 -16.243510 -16.171524 -15.928277 -15.613475 -14.303710 -15.034916 -15.689557 -15.958997 -16.230960 -15.922689
0.950000 -14.056440 -15.289776 -15.883911 -16.141570 -16.232585 -16.255902 -16.195731 -15.962319 -15.653570 -14.218103 -14.975435 -15.657899 -15.941862 -16.238271 -15.903380
1.000000 -13.966223 -15.241294 -15.861472 -16.135290 -16.235896 -16.265069 -16.216310 -15.992401 -15.689499 -14.132902 -14.915357 -15.624594 -15.922547 -16.242533 -15.881970
1.050000 -13.876762 -15.192010 -15.837284 -16.126693 -16.236561 -16.271392 -16.233665 -16.018947 -15.721699 -14.048270 -14.854906 -15.589931 -15.901371 -16.244117 -15.858774
1.100000 -13.788172 -15.142131 -15.811611 -16.116075 -16.234893 -16.275195 -16.248141 -16.042317 -15.750539 -13.964331 -14.794266 -15.554152 -15.878606 -16.243337 -15.834059
1.150000 -13.700540 -15.091833 -15.784677 -16.103687 -16.231161 -16.276756 -16.260035 -16.062823 -15.776343 -13.881183 -14.733585 -15.517459 -15.854480 -16.240464 -15.808050
1.200000 -13.613934 -15.041258 -15.756670 -16.089745 -16.225594 -16.276314 -16.269601 -16.080735 -15.799387 -13.798903 -14.672987 -15.480024 -15.829188 -16.235729 -15.780937
1.250000 -13.528403 -14.990526 -15.727752 -16.074434 -16.218393 -16.274076 -16.277062 -16.096288 -15.819915 -13.717550 -14.612574 -15.441990 -15.802896 -16.229333 -15.752884
1.300000 -13.443984 -14.939740 -15.698063 -16.057916 -16.209729 -16.270223 -16.282613 -16.109687 -15.838140 -13.637169 -14.552429 -15.403483 -15.775747 -16.221450 -15.724031
1.350000 -13.360705 -14.888985 -15.667721 -16.040329 -16.199755 -16.264913 -16.286425 -16.121115 -15.854251 -13.557793 -14.492621 -15.364606 -15.747864 -16.212232 -15.694499
1.400000 -13.278584 -14.838332 -15.636831 -16.021798 -16.188603 -16.258285 -16.288649 -16.130733 -15.868415 -13.479448 -14.433208 -15.325451 -15.719356 -16.201814 -15.664394
1.450000 -13.147407 -14.760520 -15.592558 -15.998519 -16.177873 -16.255251 -16.300683 -16.155360 -15.900785 -13.354674 -14.340537 -15.267149 -15.679129 -16.192332 -15.621453
1.500000 -13.066605 -14.709488 -15.560250 -15.977941 -16.164312 -16.245997 -16.299867 -16.161598 -15.911362 -13.277443 -14.281215 -15.227007 -15.649081 -16.179470 -15.589889
1.550000 -12.987013 -14.658739 -15.527650 -15.956719 -16.149900 -16.235765 -16.297830 -16.166416 -15.920396 -13.201310 -14.222433 -15.186812 -15.618671 -16.165735 -15.558010
1.600000 -12.908628 -14.608309 -15.494818 -15.934925 -16.134717 -16.224643 -16.294669 -16.169918 -15.927995 -13.126278 -14.164216 -15.146614 -15.587964 -16.151210 -15.525878
1.650000 -12.776466 -14.527398 -15.446186 -15.906559 -16.118496 -16.215885 -16.300555 -16.188066 -15.953686 -13.000262 -14.069027 -15.084469 -15.543233 -16.136199 -15.478530
1.700000 -12.699562 -14.477019 -15.412522 -15.883397 -16.101633 -16.202894 -16.295167 -16.189049 -15.958587 -12.926539 -14.011258 -15.043806 -15.511589 -16.119963 -15.445531
1.750000 -12.623870 -14.427059 -15.378782 -15.859854 -16.084208 -16.189232 -16.288896 -16.188973 -15.962323 -12.853931 -13.954127 -15.003274 -15.479811 -16.103148 -15.412437
1.800000 -12.490874 -14.344098 -15.327376 -15.828298 -16.064571 -16.176929 -16.291006 -16.203172 -15.983961 -12.726933 -13.857222 -14.938650 -15.432222 -16.084698 -15.362288
1.850000 -12.416725 -14.294402 -15.293109 -15.803742 -16.045850 -16.161800 -16.282942 -16.201037 -15.985475 -12.655716 -13.800712 -14.897919 -15.399822 -16.066559 -15.328635
1.900000 -12.343775 -14.245189 -15.258876 -15.778943 -16.026722 -16.146164 -16.274176 -16.198038 -15.986026 -12.585611 -13.744882 -14.857410 -15.367403 -16.047997 -15.294999
1.950000 -12.210154 -14.160554 -15.205166 -15.744720 -16.004219 -16.130883 -16.273109 -16.208913 -16.004252 -12.457861 -13.646592 -14.790741 -15.317437 -16.026664 -15.242522
2.000000 -12.138776 -14.111757 -15.170630 -15.719176 -15.984087 -16.114086 -16.262881 -16.204207 -16.002948 -12.389189 -13.591500 -14.750229 -15.284629 -16.007071 -15.208555
2.050000 -12.004269 -14.025757 -15.115273 -15.683149 -15.959701 -16.096879 -16.259820 -16.213045 -16.019114 -12.260496 -13.491977 -14.682026 -15.232985 -15.983847 -15.154419
2.100000 -11.934483 -13.977462 -15.080560 -15.657009 -15.938726 -16.079090 -16.248314 -16.206827 -16.016154 -12.193284 -13.437690 -14.641620 -15.199918 -15.963388 -15.120248
2.150000 -11.799160 -13.890213 -15.023699 -15.619338 -15.912623 -16.060128 -16.243437 -16.213813 -16.030450 -12.063722 -13.337036 -14.572018 -15.146741 -15.938440 -15.064600
2.200000 -11.730976 -13.842491 -14.988914 -15.592728 -15.890943 -16.041492 -16.230809 -16.206249 -16.026008 -11.997990 -13.283609 -14.531808 -15.113526 -15.917253 -15.030332
2.250000 -11.594896 -13.754094 -14.930674 -15.553549 -15.863268 -16.020922 -16.224272 -16.211545 -16.038600 -11.867623 -13.181915 -14.460922 -15.058944 -15.890727 -14.973295
2.300000 -11.528323 -13.707004 -14.895908 -15.526577 -15.841001 -16.001563 -16.210658 -16.202780 -16.032824 -11.803384 -13.129391 -14.420987 -15.025674 -15.868930 -14.939022
2.350000 -11.391537 -13.617548 -14.836398 -15.486012 -15.811879 -15.979515 -16.202596 -16.206526 -16.043855 -11.672268 -13.026735 -14.348915 -14.969798 -15.840953 -14.880708
2.400000 -11.326577 -13.571138 -14.801728 -15.458771 -15.789129 -15.959541 -16.188114 -16.196684 -16.036877 -11.609531 -12.975152 -14.309321 -14.936553 -15.818651 -14.846506
2.450000 -11.189131 -13.480699 -14.741043 -15.416925 -15.758671 -15.936130 -16.178647 -16.199004 -16.046474 -11.477716 -12.871602 -14.236153 -14.879481 -15.789333 -14.787011
2.500000 -11.125784 -13.435012 -14.706535 -15.389497 -15.735527 -15.915636 -16.163400 -16.188197 -16.038408 -11.416485 -12.820989 -14.196955 -14.846331 -15.766617 -14.752950
2.550000 -10.987719 -13.343660 -14.644762 -15.346464 -15.703832 -15.890961 -16.152632 -16.189200 -16.046681 -11.284015 -12.716607 -14.122770 -14.788150 -15.736057 -14.692358
2.600000 -10.925985 -13.298731 -14.610475 -15.318921 -15.680373 -15.870031 -16.136712 -16.177524 -16.037628 -11.224295 -12.666991 -14.084018 -14.755156 -15.713006 -14.658497
2.650000 -10.787339 -13.206529 -14.547688 -15.274784 -15.647529 -15.844183 -16.124737 -16.177306 -16.044677 -11.091212 -12.561833 -14.008887 -14.695944 -15.681293 -14.596886
2.700000 -10.647612 -13.113327 -14.483960 -15.229750 -15.613821 -15.817496 -16.111980 -16.176364 -16.051043 -10.957058 -12.455653 -13.932789 -14.635798 -15.648720 -14.534337
2.750000 -10.588024 -13.069393 -14.449943 -15.202026 -15.589911 -15.795950 -16.095128 -16.163497 -16.040640 -10.899344 -12.407351 -13.894609 -14.602987 -15.625192 -14.500717
2.800000 -10.447772 -12.975427 -14.385306 -15.156000 -15.555171 -15.768209 -16.081287 -16.161461 -16.045911 -10.764637 -12.300473 -13.817661 -14.541916 -15.591582 -14.437252
2.850000 -10.389804 -12.932331 -14.351635 -15.128313 -15.531112 -15.746402 -16.063952 -16.147927 -16.034730 -10.708450 -12.253228 -13.780034 -14.509391 -15.567887 -14.403959
2.900000 -10.249060 -12.837650 -14.286149 -15.081362 -15.495408 -15.717677 -16.049100 -16.144872 -16.038980 -10.573223 -12.145697 -13.702292 -14.447455 -15.533310 -14.339640
2.950000 -10.107286 -12.742039 -14.219800 -15.033599 -15.458927 -15.688200 -16.033555 -16.141185 -16.042640 -10.436978 -12.037207 -13.623658 -14.384665 -15.497960 -14.274463
3.000000 -10.051505 -12.700068 -14.186582 -15.005943 -15.434648 -15.666018 -16.015546 -16.126729 -16.030387 -10.382851 -11.991382 -13.586765 -14.352512 -15.474020 -14.241595
3.050000 -9.909288 -12.603813 -14.119467 -14.957345 -15.397296 -15.635652 -15.999086 -16.122120 -16.033127 -10.246139 -11.882304 -13.507416 -14.288943 -15.437795 -14.175647
3.100000 -9.855135 -12.562743 -14.086692 -14.929842 -15.372996 -15.613342 -15.980740 -16.107153 -16.020256 -10.193553 -11.837584 -13.471158 -14.257177 -15.413817 -14.143204
3.150000 -9.712506 -12.465888 -14.018861 -14.880461 -15.334827 -15.582142 -15.963423 -16.101680 -16.022134 -10.056405 -11.727957 -13.391139 -14.192877 -15.376773 -14.076535
3.200000 -9.568889 -12.368159 -13.950233 -14.830336 -15.295952 -15.550261 -15.945486 -16.095648 -16.023496 -9.918285 -11.617426 -13.310291 -14.127791 -15.339027 -14.009071
3.250000 -9.516966 -12.328320 -13.918058 -14.803035 -15.271614 -15.527767 -15.926667 -16.079971 -16.009769 -9.867809 -11.574215 -13.274898 -14.096548 -15.314987 -13.977203
3.300000 -9.372985 -12.230053 -13.848783 -14.752202 -15.231999 -15.495129 -15.907950 -16.073154 -16.010348 -9.729302 -11.463193 -13.193447 -14.030803 -15.276497 -13.909089
3.350000 -9.228041 -12.130943 -13.778745 -14.700661 -15.191713 -15.461846 -15.888648 -16.065814 -16.010446 -9.589847 -11.351294 -13.111200 -13.964304 -15.237341 -13.840215
3.400000 -9.178381 -12.092397 -13.747249 -14.673651 -15.167434 -15.439267 -15.869462 -16.049533 -15.995973 -9.541519 -11.309647 -13.076744 -13.933667 -15.213336 -13.809002
3.450000 -9.033119 -11.992806 -13.676629 -14.621469 -15.126475 -15.405296 -15.849450 -16.041478 -15.995359 -9.401726 -11.197313 -12.993956 -13.866574 -15.173505 -13.739542
3.500000 -8.886918 -11.892401 -13.605277 -14.568611 -15.084879 -15.370713 -15.828885 -16.032931 -15.994296 -9.261010 -11.084129 -12.910401 -13.798759 -15.133040 -13.669354
3.550000 -8.839556 -11.855207 -13.574534 -14.541975 -15.060744 -15.348137 -15.809424 -16.016142 -15.979172 -9.214866 -11.044098 -12.876949 -13.768802 -15.109157 -13.638870
3.600000 -8.693084 -11.754376 -13.502659 -14.488538 -15.018539 -15.312929 -15.788212 -16.006942 -15.977459 -9.073859 -10.930532 -12.792911 -13.700454 -15.068079 -13.568155
3.650000 -8.545698 -11.652758 -13.430081 -14.434453 -14.975725 -15.277137 -15.766476 -15.997280 -15.975326 -8.931954 -10.816143 -12.708135 -13.631413 -15.026398 -13.496741
3.700000 -8.397403 -11.550362 -13.356809 -14.379731 -14.932310 -15.240772 -15.744224 -15.987163 -15.972782 -8.789156 -10.700940 -12.622629 -13.561688 -14.984120 -13.424635
3.750000 -8.353059 -11.514980 -13.327114 -14.353660 -14.908447 -15.218286 -15.724497 -15.969808 -15.956909 -8.745885 -10.663057 -12.590546 -13.532686 -14.960479 -13.395169
3.800000 -8.204557 -11.412229 -13.253394 -14.298435 -14.864500 -15.181372 -15.701673 -15.959111 -15.953786 -8.602862 -10.547540 -12.504631 -13.462503 -14.917666 -13.322612
3.850000 -8.055172 -11.308725 -13.179006 -14.242600 -14.819980 -15.143910 -15.678360 -15.947985 -15.950278 -8.458971 -10.431233 -12.418011 -13.391662 -14.874283 -13.249391
3.900000 -8.013224 -11.274830 -13.150222 -14.217072 -14.796439 -15.121609 -15.658544 -15.930311 -15.933942 -8.417988 -10.395091 -12.387080 -13.363500 -14.850942 -13.220811
3.950000 -7.863679 -11.171021 -13.075439 -14.160786 -14.751438 -15.083650 -15.634709 -15.918654 -15.929903 -8.273920 -10.278520 -12.300103 -13.292253 -14.807076 -13.147191
4.000000 -7.713274 -11.066485 -13.000013 -14.103915 -14.705889 -15.045168 -15.610408 -15.906591 -15.925500 -8.129008 -10.161185 -12.212448 -13.220375 -14.762666 -13.072932
4.050000 -7.673763 -11.034129 -12.972197 -14.078994 -14.682735 -15.023116 -15.590570 -15.888663 -15.908770 -8.090354 -10.126831 -12.182725 -13.193112 -14.739689 -13.045298
4.100000 -7.523247 -10.929338 -12.896426 -14.021722 -14.636755 -14.984187 -15.565795 -15.876115 -15.903881 -7.945314 -10.009281 -12.094762 -13.120877 -14.694846 -12.970690
4.150000 -7.371897 -10.823844 -12.820037 -13.963889 -14.590251 -14.944757 -15.540576 -15.863181 -15.898648 -7.799455 -9.890992 -12.006145 -13.048035 -14.649481 -12.895468
4.200000 -7.219719 -10.717655 -12.743038 -13.905501 -14.543229 -14.904834 -15.514920 -15.849868 -15.893078 -7.652784 -9.771969 -11.916882 -12.974593 -14.603603 -12.819639
4.250000 -7.183452 -10.687376 -12.716559 -13.881447 -14.520654 -14.883184 -15.495128 -15.831685 -15.875905 -7.617234 -9.740019 -11.888807 -12.948578 -14.581177 -12.793313
4.300000 -7.031231 -10.580997 -12.639279 -13.822722 -14.473263 -14.842875 -15.469056 -15.817941 -15.869902 -7.470503 -9.620849 -11.799302 -12.874844 -14.534927 -12.717199
4.350000 -6.878206 -10.473948 -12.561412 -13.763466 -14.425377 -14.802093 -15.442566 -15.803837 -15.863580 -7.322984 -9.500970 -11.709174 -12.800533 -14.488185 -12.640502
4.400000 -6.724386 -10.366234 -12.482964 -13.703685 -14.377001 -14.760847 -15.415665 -15.789378 -15.856944 -7.174685 -9.380390 -11.618430 -12.725653 -14.440958 -12.563227
4.450000 -6.691468 -10.338140 -12.457932 -13.680606 -14.355115 -14.739707 -15.396027 -15.771043 -15.839429 -7.142345 -9.350950 -11.592111 -12.700994 -14.419192 -12.538318
4.500000 -6.537673 -10.230302 -12.379266 -13.620548 -14.306429 -14.698131 -15.368763 -15.756203 -15.832407 -6.994054 -9.230288 -11.501188 -12.625884 -14.371651 -12.460822
4.550000 -6.383109 -10.121823 -12.300043 -13.559987 -14.257275 -14.656109 -15.341106 -15.741026 -15.825088 -6.845008 -9.108949 -11.409673 -12.550226 -14.323646 -12.382771
4.600000 -6.227781 -10.012711 -12.220268 -13.498929 -14.207658 -14.613648 -15.313063 -15.725516 -15.817476 -6.695214 -8.986940 -11.317571 -12.474028 -14.275181 -12.304173
4.650000 -6.198319 -9.986907 -12.196786 -13.476928 -14.186563 -14.593120 -15.293676 -15.707122 -15.799709 -6.666190 -8.960115 -11.293114 -12.450829 -14.254178 -12.280784
4.700000 -6.043087 -9.877735 -12.116853 -13.415650 -14.136691 -14.550383 -15.265320 -15.691277 -15.791755 -6.516474 -8.838090 -11.200895 -12.374460 -14.205454 -12.202023
