web/models/kne/32/Metzger_0.500000_0.240690_0.450000.dat
# %ECSV 0.9
# ---
# datatype:
# - {name: time, datatype: float64}
# - {name: sdss_u, datatype: float64}
# - {name: sdss_g, datatype: float64}
# - {name: sdss_r, datatype: float64}
# - {name: sdss_i, datatype: float64}
# - {name: sdss_z, datatype: float64}
# - {name: PS1_y, datatype: float64}
# - {name: ukirt_J, datatype: float64}
# - {name: ukirt_H, datatype: float64}
# - {name: ukirt_K, datatype: float64}
# - {name: johnson_U, datatype: float64}
# - {name: johnson_B, datatype: float64}
# - {name: johnson_V, datatype: float64}
# - {name: johnson_R, datatype: float64}
# - {name: johnson_I, datatype: float64}
# - {name: Clear, datatype: float64}
# meta: !!omap
# - comment: [vej = 0.24068965517241378, mej = 0.5000000000045836, Ye = 0.45, redshift = 0.0]
# schema: astropy-2.0
time sdss_u sdss_g sdss_r sdss_i sdss_z PS1_y ukirt_J ukirt_H ukirt_K johnson_U johnson_B johnson_V johnson_R johnson_I Clear
[from data line 2549]
127.550000 253.436183 180.781443 134.847974 105.645225 87.821209 76.667531 54.078130 34.019929 20.873390 244.721541 201.025677 154.125257 129.261994 86.025969 133.010283
127.600000 253.540722 180.858780 134.908040 105.694262 87.863486 76.705562 54.107514 34.041545 20.889834 244.822823 201.110605 154.192582 129.319955 86.067564 133.069657
127.650000 253.645259 180.936116 134.968106 105.743299 87.905763 76.743594 54.136897 34.063161 20.906278 244.924103 201.195532 154.259905 129.377915 86.109159 133.129031
127.700000 253.749794 181.013451 135.028172 105.792335 87.948039 76.781625 54.166280 34.084776 20.922722 245.025381 201.280457 154.327227 129.435874 86.150752 133.188403
127.750000 253.854328 181.090785 135.088236 105.841371 87.990315 76.819655 54.195663 34.106391 20.939166 245.126657 201.365381 154.394549 129.493832 86.192346 133.247775
127.800000 253.958860 181.168117 135.148299 105.890406 88.032590 76.857686 54.225045 34.128007 20.955609 245.227932 201.450304 154.461869 129.551790 86.233939 133.307146
127.850000 254.063390 181.245449 135.208362 105.939440 88.074865 76.895715 54.254427 34.149622 20.972053 245.329205 201.535226 154.529188 129.609747 86.275531 133.366516
127.900000 254.167919 181.322779 135.268424 105.988474 88.117139 76.933745 54.283809 34.171237 20.988497 245.430477 201.620146 154.596507 129.667703 86.317123 133.425885
127.950000 254.272446 181.400108 135.328485 106.037507 88.159413 76.971774 54.313191 34.192852 21.004941 245.531747 201.705064 154.663824 129.725658 86.358714 133.485253
128.000000 254.376971 181.477436 135.388545 106.086540 88.201686 77.009802 54.342572 34.214466 21.021385 245.633015 201.789982 154.731141 129.783612 86.400305 133.544621
128.050000 254.481494 181.554763 135.448604 106.135572 88.243959 77.047830 54.371954 34.236081 21.037828 245.734282 201.874898 154.798456 129.841566 86.441896 133.603987
128.100000 254.586016 181.632088 135.508662 106.184603 88.286231 77.085858 54.401335 34.257696 21.054272 245.835547 201.959813 154.865770 129.899518 86.483486 133.663353
128.150000 254.690536 181.709413 135.568720 106.233634 88.328503 77.123885 54.430715 34.279310 21.070716 245.936810 202.044726 154.933084 129.957470 86.525075 133.722718
128.200000 254.795054 181.786736 135.628777 106.282663 88.370774 77.161912 54.460096 34.300925 21.087160 246.038072 202.129638 155.000396 130.015421 86.566664 133.782082
128.250000 254.899571 181.864058 135.688833 106.331693 88.413045 77.199938 54.489476 34.322539 21.103604 246.139332 202.214549 155.067708 130.073372 86.608252 133.841446
128.300000 255.004086 181.941378 135.748888 106.380722 88.455315 77.237964 54.518856 34.344153 21.120047 246.240590 202.299458 155.135018 130.131321 86.649840 133.900808
128.350000 255.108599 182.018698 135.808942 106.429750 88.497585 77.275990 54.548235 34.365767 21.136491 246.341847 202.384367 155.202328 130.189270 86.691428 133.960170
128.400000 255.213111 182.096017 135.868995 106.478777 88.539854 77.314015 54.577615 34.387381 21.152935 246.443102 202.469273 155.269636 130.247218 86.733015 134.019531
128.450000 255.317621 182.173334 135.929048 106.527804 88.582123 77.352039 54.606994 34.408995 21.169379 246.544356 202.554179 155.336944 130.305165 86.774601 134.078891
128.500000 255.422129 182.250650 135.989099 106.576830 88.624391 77.390064 54.636373 34.430609 21.185823 246.645608 202.639083 155.404250 130.363111 86.816187 134.138250
128.550000 255.526635 182.327965 136.049150 106.625856 88.666659 77.428088 54.665752 34.452223 21.202266 246.746858 202.723986 155.471556 130.421057 86.857773 134.197608
128.600000 255.631140 182.405279 136.109200 106.674881 88.708926 77.466111 54.695130 34.473836 21.218710 246.848107 202.808887 155.538861 130.479001 86.899358 134.256966
128.650000 255.735643 182.482591 136.169249 106.723905 88.751193 77.504134 54.724508 34.495450 21.235154 246.949354 202.893788 155.606164 130.536945 86.940943 134.316323
128.700000 255.840145 182.559903 136.229297 106.772929 88.793459 77.542157 54.753886 34.517063 21.251598 247.050599 202.978687 155.673467 130.594888 86.982527 134.375679
128.750000 255.944644 182.637213 136.289345 106.821952 88.835725 77.580179 54.783264 34.538676 21.268041 247.151843 203.063584 155.740768 130.652831 87.024110 134.435034
128.800000 256.049142 182.714522 136.349391 106.870974 88.877990 77.618201 54.812641 34.560289 21.284485 247.253085 203.148480 155.808069 130.710772 87.065693 134.494388
128.850000 256.153639 182.791830 136.409437 106.919996 88.920255 77.656222 54.842018 34.581903 21.300929 247.354325 203.233375 155.875369 130.768713 87.107276 134.553741
128.900000 256.258133 182.869137 136.469482 106.969017 88.962519 77.694243 54.871395 34.603516 21.317373 247.455564 203.318269 155.942668 130.826653 87.148858 134.613094
128.950000 256.362626 182.946442 136.529526 107.018037 89.004783 77.732264 54.900772 34.625128 21.333816 247.556801 203.403161 156.009965 130.884592 87.190440 134.672446
129.000000 256.467118 183.023747 136.589570 107.067057 89.047046 77.770284 54.930148 34.646741 21.350260 247.658037 203.488052 156.077262 130.942530 87.232021 134.731797
129.050000 256.571607 183.101050 136.649612 107.116077 89.089309 77.808303 54.959525 34.668354 21.366704 247.759271 203.572942 156.144558 131.000468 87.273602 134.791147
129.100000 256.676095 183.178352 136.709654 107.165095 89.131571 77.846323 54.988900 34.689966 21.383148 247.860503 203.657831 156.211853 131.058405 87.315182 134.850496
129.150000 256.780581 183.255653 136.769694 107.214113 89.173833 77.884342 55.018276 34.711579 21.399591 247.961734 203.742718 156.279147 131.116341 87.356762 134.909844
129.200000 256.885066 183.332952 136.829734 107.263131 89.216094 77.922360 55.047652 34.733191 21.416035 248.062963 203.827603 156.346439 131.174276 87.398341 134.969192
129.250000 256.989549 183.410251 136.889773 107.312148 89.258355 77.960378 55.077027 34.754803 21.432479 248.164191 203.912488 156.413731 131.232210 87.439920 135.028539
129.300000 257.094030 183.487548 136.949812 107.361164 89.300615 77.998396 55.106402 34.776416 21.448922 248.265417 203.997371 156.481022 131.290144 87.481498 135.087885
129.350000 257.198509 183.564845 137.009849 107.410179 89.342875 78.036413 55.135776 34.798028 21.465366 248.366641 204.082253 156.548312 131.348076 87.523076 135.147230
129.400000 257.302987 183.642140 137.069886 107.459194 89.385134 78.074430 55.165151 34.819640 21.481810 248.467864 204.167134 156.615601 131.406008 87.564653 135.206574
129.450000 257.407463 183.719434 137.129921 107.508208 89.427393 78.112446 55.194525 34.841251 21.498253 248.569085 204.252013 156.682889 131.463939 87.606230 135.265918
129.500000 257.511938 183.796727 137.189956 107.557222 89.469651 78.150462 55.223899 34.862863 21.514697 248.670304 204.336891 156.750176 131.521870 87.647806 135.325261
129.550000 257.616410 183.874018 137.249990 107.606235 89.511909 78.188478 55.253272 34.884475 21.531141 248.771522 204.421767 156.817462 131.579799 87.689382 135.384603
129.600000 257.720881 183.951309 137.310024 107.655248 89.554166 78.226493 55.282646 34.906086 21.547585 248.872738 204.506643 156.884748 131.637728 87.730958 135.443944
129.650000 257.825351 184.028598 137.370056 107.704259 89.596423 78.264508 55.312019 34.927698 21.564028 248.973953 204.591517 156.952032 131.695656 87.772532 135.503284
129.700000 257.929819 184.105886 137.430088 107.753271 89.638680 78.302522 55.341392 34.949309 21.580472 249.075166 204.676390 157.019315 131.753583 87.814107 135.562623
129.750000 258.034285 184.183173 137.490118 107.802281 89.680935 78.340536 55.370764 34.970920 21.596916 249.176377 204.761261 157.086597 131.811510 87.855681 135.621962
129.800000 258.138749 184.260459 137.550148 107.851291 89.723191 78.378549 55.400137 34.992531 21.613359 249.277587 204.846131 157.153878 131.869435 87.897254 135.681300
129.850000 258.243212 184.337743 137.610177 107.900300 89.765446 78.416562 55.429509 35.014142 21.629803 249.378795 204.931000 157.221159 131.927360 87.938827 135.740637
129.900000 258.347673 184.415027 137.670206 107.949309 89.807700 78.454575 55.458881 35.035753 21.646247 249.480001 205.015867 157.288438 131.985284 87.980400 135.799973
129.950000 258.452132 184.492309 137.730233 107.998317 89.849954 78.492587 55.488253 35.057364 21.662690 249.581206 205.100734 157.355716 132.043208 88.021972 135.859308
130.000000 258.556590 184.569590 137.790260 108.047324 89.892207 78.530599 55.517624 35.078975 21.679134 249.682410 205.185599 157.422994 132.101130 88.063543 135.918643
130.050000 258.661046 184.646870 137.850285 108.096331 89.934460 78.568610 55.546995 35.100585 21.695577 249.783611 205.270462 157.490270 132.159052 88.105114 135.977977
130.100000 258.765500 184.724149 137.910310 108.145338 89.976712 78.606621 55.576366 35.122196 21.712021 249.884811 205.355325 157.557545 132.216973 88.146685 136.037310
130.150000 258.869953 184.801427 137.970334 108.194343 90.018964 78.644632 55.605737 35.143806 21.728465 249.986010 205.440186 157.624820 132.274893 88.188255 136.096642
130.200000 258.974404 184.878704 138.030358 108.243348 90.061216 78.682642 55.635107 35.165417 21.744908 250.087207 205.525045 157.692093 132.332812 88.229825 136.155973
130.250000 259.078853 184.955979 138.090380 108.292352 90.103466 78.720652 55.664477 35.187027 21.761352 250.188402 205.609904 157.759366 132.390730 88.271394 136.215303
130.300000 259.183301 185.033253 138.150402 108.341356 90.145717 78.758661 55.693847 35.208637 21.777796 250.289596 205.694761 157.826637 132.448648 88.312962 136.274633
130.350000 259.287747 185.110526 138.210423 108.390359 90.187967 78.796670 55.723217 35.230247 21.794239 250.390788 205.779617 157.893908 132.506565 88.354531 136.333962
130.400000 259.392192 185.187798 138.270443 108.439362 90.230216 78.834679 55.752586 35.251857 21.810683 250.491978 205.864471 157.961178 132.564481 88.396098 136.393290
130.450000 259.496634 185.265069 138.330462 108.488364 90.272465 78.872687 55.781955 35.273466 21.827126 250.593167 205.949325 158.028446 132.622397 88.437665 136.452617
130.500000 259.601075 185.342339 138.390480 108.537365 90.314713 78.910695 55.811324 35.295076 21.843570 250.694354 206.034177 158.095714 132.680311 88.479232 136.511944
130.550000 259.705515 185.419607 138.450498 108.586365 90.356961 78.948702 55.840693 35.316686 21.860014 250.795540 206.119027 158.162981 132.738225 88.520798 136.571269
130.600000 259.809953 185.496875 138.510514 108.635365 90.399209 78.986709 55.870061 35.338295 21.876457 250.896724 206.203877 158.230247 132.796138 88.562364 136.630594
130.650000 259.914389 185.574141 138.570530 108.684365 90.441456 79.024715 55.899429 35.359905 21.892901 250.997907 206.288725 158.297512 132.854050 88.603930 136.689918
130.700000 260.018823 185.651406 138.630545 108.733364 90.483702 79.062721 55.928797 35.381514 21.909344 251.099087 206.373572 158.364775 132.911962 88.645494 136.749241
130.750000 260.123256 185.728670 138.690559 108.782362 90.525948 79.100727 55.958165 35.403123 21.925788 251.200267 206.458417 158.432038 132.969872 88.687059 136.808563
130.800000 260.227687 185.805933 138.750573 108.831359 90.568194 79.138732 55.987532 35.424732 21.942231 251.301444 206.543261 158.499300 133.027782 88.728623 136.867885
130.850000 260.332116 185.883194 138.810585 108.880356 90.610439 79.176737 56.016900 35.446341 21.958675 251.402621 206.628104 158.566561 133.085691 88.770186 136.927206
130.900000 260.436544 185.960455 138.870597 108.929353 90.652683 79.214742 56.046267 35.467950 21.975118 251.503795 206.712946 158.633821 133.143600 88.811749 136.986526
130.950000 260.540970 186.037714 138.930608 108.978348 90.694927 79.252746 56.075633 35.489559 21.991562 251.604968 206.797786 158.701080 133.201507 88.853311 137.045845
131.000000 260.645395 186.114972 138.990618 109.027343 90.737171 79.290749 56.105000 35.511167 22.008005 251.706139 206.882626 158.768339 133.259414 88.894873 137.105163
131.050000 260.749818 186.192229 139.050627 109.076338 90.779414 79.328752 56.134366 35.532776 22.024449 251.807309 206.967463 158.835596 133.317320 88.936435 137.164480
131.100000 260.854239 186.269485 139.110636 109.125332 90.821656 79.366755 56.163732 35.554384 22.040893 251.908477 207.052300 158.902852 133.375225 88.977996 137.223797
131.150000 260.958659 186.346740 139.170644 109.174325 90.863899 79.404758 56.193097 35.575993 22.057336 252.009644 207.137135 158.970107 133.433130 89.019556 137.283113
131.200000 261.063077 186.423994 139.230650 109.223318 90.906140 79.442759 56.222463 35.597601 22.073780 252.110809 207.221969 159.037362 133.491033 89.061117 137.342428
131.250000 261.167493 186.501246 139.290656 109.272310 90.948381 79.480761 56.251828 35.619209 22.090223 252.211972 207.306802 159.104615 133.548936 89.102676 137.401742
131.300000 261.271907 186.578498 139.350662 109.321301 90.990622 79.518762 56.281193 35.640817 22.106667 252.313134 207.391633 159.171867 133.606838 89.144235 137.461056
131.350000 261.376320 186.655748 139.410666 109.370292 91.032862 79.556763 56.310558 35.662425 22.123110 252.414294 207.476463 159.239119 133.664739 89.185794 137.520369
131.400000 261.480732 186.732997 139.470669 109.419282 91.075102 79.594763 56.339922 35.684033 22.139553 252.515453 207.561292 159.306369 133.722640 89.227352 137.579680
131.450000 261.585141 186.810245 139.530672 109.468271 91.117341 79.632763 56.369286 35.705640 22.155997 252.616610 207.646120 159.373619 133.780540 89.268910 137.638991
131.500000 261.689549 186.887492 139.590674 109.517260 91.159579 79.670763 56.398650 35.727248 22.172440 252.717765 207.730946 159.440868 133.838439 89.310467 137.698302
131.550000 261.793956 186.964737 139.650675 109.566249 91.201818 79.708762 56.428014 35.748856 22.188884 252.818919 207.815771 159.508115 133.896337 89.352024 137.757611
131.600000 261.898361 187.041982 139.710676 109.615236 91.244055 79.746761 56.457377 35.770463 22.205327 252.920071 207.900595 159.575362 133.954234 89.393580 137.816920
131.650000 262.002764 187.119225 139.770675 109.664224 91.286292 79.784759 56.486741 35.792070 22.221771 253.021222 207.985417 159.642608 134.012131 89.435136 137.876228
131.700000 262.107165 187.196467 139.830674 109.713210 91.328529 79.822757 56.516104 35.813677 22.238214 253.122371 208.070238 159.709852 134.070027 89.476691 137.935535
131.750000 262.211565 187.273709 139.890671 109.762196 91.370765 79.860754 56.545466 35.835285 22.254658 253.223519 208.155058 159.777096 134.127922 89.518246 137.994841
131.800000 262.315963 187.350949 139.950668 109.811181 91.413001 79.898751 56.574829 35.856892 22.271101 253.324665 208.239877 159.844339 134.185816 89.559800 138.054146
131.850000 262.420360 187.428187 140.010665 109.860166 91.455236 79.936748 56.604191 35.878498 22.287544 253.425809 208.324694 159.911581 134.243710 89.601354 138.113451
131.900000 262.524755 187.505425 140.070660 109.909150 91.497471 79.974744 56.633553 35.900105 22.303988 253.526952 208.409510 159.978822 134.301602 89.642908 138.172755
131.950000 262.629148 187.582662 140.130655 109.958133 91.539705 80.012740 56.662915 35.921712 22.320431 253.628093 208.494325 160.046062 134.359494 89.684461 138.232058
132.000000 262.733540 187.659897 140.190648 110.007116 91.581939 80.050736 56.692276 35.943318 22.336875 253.729233 208.579139 160.113301 134.417385 89.726013 138.291360
132.050000 262.837930 187.737131 140.250641 110.056099 91.624172 80.088731 56.721637 35.964925 22.353318 253.830371 208.663951 160.180539 134.475276 89.767565 138.350661
132.100000 262.942318 187.814365 140.310634 110.105080 91.666405 80.126725 56.750998 35.986531 22.369761 253.931508 208.748762 160.247777 134.533166 89.809117 138.409962
132.150000 263.046705 187.891597 140.370625 110.154061 91.708638 80.164719 56.780359 36.008138 22.386205 254.032643 208.833571 160.315013 134.591054 89.850668 138.469262
