web/models/kne/32/mosfit_kn_0.007937_0.2650_0.5000.dat
# %ECSV 1.0
# ---
# datatype:
# - {name: time, datatype: float64}
# - {name: PS1_g, datatype: float64}
# - {name: PS1_i, datatype: float64}
# - {name: PS1_r, datatype: float64}
# - {name: PS1_w, datatype: float64}
# - {name: PS1_y, datatype: float64}
# - {name: PS1_z, datatype: float64}
# - {name: swift_uvot_B, datatype: float64}
# - {name: swift_uvot_U, datatype: float64}
# - {name: swift_uvot_uvm2, datatype: float64}
# - {name: swift_uvot_uvw1, datatype: float64}
# - {name: swift_uvot_uvw2, datatype: float64}
# - {name: swift_uvot_V, datatype: float64}
# - {name: johnson_B, datatype: float64}
# - {name: johnson_I, datatype: float64}
# - {name: johnson_R, datatype: float64}
# - {name: johnson_U, datatype: float64}
# - {name: johnson_V, datatype: float64}
# - {name: sdss_g, datatype: float64}
# - {name: sdss_i, datatype: float64}
# - {name: sdss_r, datatype: float64}
# - {name: sdss_u, datatype: float64}
# - {name: sdss_z, datatype: float64}
# - {name: ATLAS_c, datatype: float64}
# - {name: ATLAS_o, datatype: float64}
# - {name: ukirt_H, datatype: float64}
# - {name: ukirt_J, datatype: float64}
# - {name: ukirt_K, datatype: float64}
# - {name: Clear, datatype: float64}
# meta: !!omap
# - comment: [kappa = 0.5, type = rprocess, mass = 0.00793700525986525, velocity = 0.265, theta_obs = 0.0, tfloor = 1000.0]
# schema: astropy-2.0
time PS1_g PS1_i PS1_r PS1_w PS1_y PS1_z swift_uvot_B swift_uvot_U swift_uvot_uvm2 swift_uvot_uvw1 swift_uvot_uvw2 swift_uvot_V johnson_B johnson_I johnson_R johnson_U johnson_V sdss_g sdss_i sdss_r sdss_u sdss_z ATLAS_c ATLAS_o ukirt_H ukirt_J ukirt_K Clear
[from data line 233]
14.06813627254509 9.840786744383845 0.9589579311845498 4.4340287092223996 2.466104897718413 -2.5642321173407012 -1.1465561524935808 13.380693320948314 20.039637418843235 33.928232722872416 16.0052199509178 18.518236457397446 7.800303437254629 12.176756003982124 -0.5945553752374009 2.375477391487599 19.008636239591493 6.845281102085877 10.653326845698281 1.0402138832975538 4.662517368718824 20.54074294901806 -1.7199837645155647 6.413105278965041 1.9606927543552644 -7.513219495256197 -5.363730199766506 -8.873508175729368 0.1802108539570746
14.128256513026052 9.851583419823982 0.9697546066247043 4.444825384662536 2.4769015731585675 -2.5534354419005645 -1.1357594770534263 13.391489996388469 20.050434094283382 33.93902939831256 16.01601662635794 18.52903313283759 7.811100112694766 12.187552679422279 -0.5837586997972464 2.3862740669277533 19.01943291503163 6.856077777526013 10.664123521138436 1.0510105587376906 4.673314044158978 20.551539624458208 -1.709187089075428 6.423901954405196 1.971489429795401 -7.5024228198160605 -5.352933524326369 -8.862711500289231 0.19100752939721133
14.188376753507013 9.862354662671802 0.9805258494725244 4.4555966275103565 2.4876728160063877 -2.5426641990527443 -1.1249882342056061 13.402261239236289 20.0612053371312 33.94980064116037 16.02678786920576 18.53980437568541 7.821871355542586 12.198323922270099 -0.5729874569494262 2.3970453097755735 19.03020415787945 6.8668490203738335 10.674894763986238 1.0617818015855107 4.684085287006798 20.562310867306024 -1.6984158462276078 6.434673197252998 1.9822606726432213 -7.49165157696824 -5.342162281478549 -8.851940257441411 0.2017787722450315
14.248496993987976 9.873100876064864 0.9912720628655869 4.466342840903437 2.49841902939945 -2.531917985659664 -1.1142420208125436 13.413007452629351 20.071951550524272 33.96054685455344 16.03753408259882 18.550550589078473 7.832617568935649 12.209070135663161 -0.5622412435563637 2.407791523168636 19.04095037127253 6.877595233766914 10.685640977379318 1.0725280149785732 4.694831500399861 20.573057080699098 -1.6876696328345453 6.445419410646078 1.9930068860362837 -7.48090536357516 -5.331416068085469 -8.841194044048349 0.21252498563809397
14.308617234468937 9.883822456540088 1.0019936433408105 4.47706442137866 2.509140609874674 -2.521196405184458 -1.10352044033732 13.423729033104575 20.08267313099949 33.97126843502867 16.048255663074045 18.561272169553696 7.843339149410872 12.219791716138385 -0.5515196630811401 2.4185131036438596 19.051671951747736 6.888316814242137 10.696362557854542 1.0832495954537968 4.7055530808750845 20.583778661174314 -1.6769480523593217 6.456140991121302 2.0037284665115074 -7.4701837830999365 -5.320694487610263 -8.830472463573125 0.2232465661133176
14.3687374749499 9.89451979144631 1.0126909782470328 4.487761756284865 2.519837944780896 -2.510499070278236 -1.0928231054310977 13.434426368010797 20.093370465905707 33.98196576993489 16.058952997980267 18.57196950445992 7.854036484317095 12.230489051044607 -0.5408223281749178 2.429210438550082 19.062369286653958 6.89901414914836 10.707059892760764 1.093946930360019 4.716250415781307 20.594475996080533 -1.6662507174530994 6.466838326027524 2.0144258014177296 -7.459486448193732 -5.309997152704041 -8.819775128666903 0.23394390101953988
14.428857715430862 9.90519326750416 1.0233644543048825 4.498435232342732 2.530511420838746 -2.4998255942203684 -1.082149629373248 13.445099844068647 20.104043941963567 33.99263924599274 16.069626474038117 18.58264298051778 7.864709960374962 12.241162527102457 -0.5301488521170681 2.4398839146079316 19.073042762711825 6.909687625206209 10.717733368818614 1.1046204064178688 4.7269238918391565 20.605149472138393 -1.6555772413952496 6.477511802085374 2.0250992774755794 -7.4488129721358645 -5.299323676646173 -8.809101652609053 0.24461737707740738
14.488977955911823 9.915843249413054 1.034014436213777 4.509085214251609 2.5411614027476226 -2.4891756123114916 -1.0714996474643534 13.455749825977541 20.11469392387245 34.003289227901625 16.08027645594701 18.593292962426656 7.875359942283839 12.251812509011334 -0.5194988702081735 2.4505338965168084 19.083692744620702 6.920337607115086 10.72838335072749 1.1152703883267634 4.737573873748051 20.615799454047277 -1.644927259486355 6.488161783994251 2.035749259384474 -7.438162990226988 -5.288673694737296 -8.798451670700159 0.25526735898628417
14.549098196392785 9.926470100525666 1.0446412873263888 4.519712065364221 2.5517882538602343 -2.47854876119888 -1.0608727963517417 13.466376677090153 20.125320774985063 34.01391607901424 16.090903307059623 18.603919813539267 7.885986793396451 12.262439360123963 -0.5088720190955618 2.46116074762942 19.094319595733314 6.930964458227698 10.739010201840102 1.1258972394393751 4.748200724860663 20.62642630515989 -1.6343004083737434 6.498788635106862 2.0463761104970857 -7.427536139114376 -5.278046843624685 -8.787824819587547 0.2658942100988959
14.609218436873746 9.937074180773564 1.055245367574269 4.530316145612119 2.5623923341081323 -2.467944680950982 -1.0502687161038615 13.476980757338033 20.135924855232954 34.024520159262124 16.101507387307503 18.61452389378716 7.896590873644349 12.273043440371843 -0.4982679388476816 2.471764827877318 19.10492367598121 6.941568538475596 10.749614282088 1.136501319687273 4.758804805108543 20.63703038540778 -1.6236963281258454 6.50939271535476 2.0569801907449836 -7.416932058866478 -5.267442763376787 -8.777220739339649 0.27649829034679385
14.669338677354709 9.94765583661021 1.0658270234109324 4.540897801448764 2.572973989944778 -2.4573630251143364 -1.0396870602671981 13.487562413174697 20.14650651106961 34.03510181509878 16.112089043144167 18.625105549623818 7.907172529480994 12.283625096208507 -0.48768628301101824 2.4823464837139815 19.115505331817857 6.9521501943122415 10.760195937924646 1.1470829755239187 4.769386460945206 20.647612041244436 -1.6131146722891998 6.519974371191406 2.0675618465816292 -7.406350403029832 -5.256861107540141 -8.766639083503003 0.28707994618343946
14.729458917835672 9.95821540682904 1.0763865936297456 4.5514573716675955 2.583533560163609 -2.4468034548955053 -1.0291274900483849 13.498121983393528 20.15706608128844 34.04566138531761 16.122648613362998 18.63566511984264 7.917732099699825 12.29418466642732 -0.4771267127921872 2.4929060539327947 19.12606490203669 6.9627097645310725 10.770755508143477 1.1576425457427497 4.779946031164037 20.658171611463267 -1.6025551020703688 6.530533941410237 2.0781214168004603 -7.395790832811001 -5.24630153732131 -8.756079513284172 0.2976395164022705
14.789579158316633 9.968753227007081 1.0869244138078038 4.561995191845654 2.594071380341667 -2.436265634717465 -1.0185896698703267 13.508659803571568 20.16760390146649 34.05619920549566 16.133186433541038 18.64620294002069 7.928269919877866 12.304722486605378 -0.4665888926141468 2.503443874110853 19.13660272221473 6.973247584709131 10.781293328321535 1.16818036592079 4.790483851342078 20.668709431641314 -1.5920172818923284 6.541071761588295 2.0886592369785006 -7.385253012632943 -5.235763717143252 -8.745541693106132 0.3081773365803109
14.849699398797595 9.97926961543735 1.0974408022380544 4.572511580275904 2.6045877687719177 -2.4257492462871966 -1.0080732814400761 13.519176192001837 20.17812028989674 34.06671559392592 16.143702821971306 18.65671932845095 7.938786308308134 12.315238875035629 -0.45607250418387846 2.5139602625411035 19.147119110644997 6.983763973139381 10.791809716751786 1.1786967543510585 4.801000239772346 20.679225820071565 -1.58150089346206 6.551588150018546 2.099175625408769 -7.374736624202693 -5.225247328713001 -8.735025304675863 0.31869372501057924
14.909819639278556 9.98976489301338 1.1079360798140847 4.5830068578519345 2.615083046347948 -2.4152539687111663 -0.9975780038640458 13.529671469577849 20.18861556747277 34.07721087150194 16.15419809954732 18.667214606026977 7.949281585884164 12.325734152611659 -0.4455772266078659 2.524455540117134 19.157614388221027 6.9942592507154115 10.802304994327816 1.1891920319270888 4.811495517348359 20.689721097647595 -1.5710056158860297 6.562083427594576 2.1096709029847815 -7.364241346626662 -5.214752051136971 -8.724530027099833 0.32918900258660955
14.969939879759519 10.0002430015968 1.118414188397523 4.593484966435373 2.625561154931386 -2.404775860127746 -0.9870998952806076 13.540149578161287 20.1990936760562 34.08768898008538 16.164676208130757 18.67769271461041 7.959759694467585 12.336212261195097 -0.4350991180244277 2.534933648700572 19.168092496804448 7.00473735929885 10.812783102911254 1.1996701405105092 4.821973625931797 20.700199206231026 -1.5605275073026093 6.572561536178014 2.1201490115682198 -7.353763238043224 -5.204273942553533 -8.714051918516413 0.33966711117003
15.03006012024048 10.010693577941918 1.1288647647426409 4.603935542780491 2.636011731276504 -2.394325283782628 -0.9766493189354897 13.550600154506405 20.209544252401326 34.098139556430496 16.175126784475875 18.688143290955527 7.970210270812703 12.346662837540215 -0.42464854167930977 2.54538422504569 19.178543073149566 7.015187935643968 10.823233679256372 1.2101207168556272 4.832424202276915 20.71064978257615 -1.5500769309574913 6.583012112523132 2.1305995879133377 -7.343312661698106 -5.193823366208415 -8.703601342171295 0.35011768751514794
15.090180360721442 10.021127141490265 1.1392983282909697 4.6143691063288195 2.646445294824833 -2.3838917202342813 -0.9662157553871609 13.561033718054752 20.219977815949655 34.108573119978836 16.18556034802422 18.698576854503866 7.980643834361049 12.357096401088544 -0.4142149781309632 2.5558177885940188 19.188976636697912 7.0256214991922965 10.833667242804701 1.2205542804039737 4.842857765825261 20.72108334612448 -1.5396433674091448 6.593445676071461 2.1410331514616843 -7.332879098149777 -5.183389802660086 -8.693167778622948 0.3605512510634945
15.150300601202405 10.031540990977206 1.1497121777779284 4.6247829558157605 2.656859144311774 -2.3734778707473403 -0.9558019059002021 13.571447567541693 20.230391665436606 34.11898696946577 16.195974197511163 18.708990703990803 7.99105768384799 12.367510250575485 -0.4038011286440222 2.5662316380809598 19.199390486184853 7.0360353486792375 10.844081092291642 1.2309681298909148 4.853271615312202 20.731497195611432 -1.5292295179222037 6.603859525558402 2.1514470009486253 -7.322465248662836 -5.172975953173145 -8.682753929136007 0.3709651005504355
15.210420841683366 10.041935221493823 1.1601064082945278 4.635177186332378 2.667253374828391 -2.363083640230723 -0.9454076753836027 13.581841798058292 20.240785895953213 34.1293811999824 16.20636842802778 18.71938493450742 8.001451914364608 12.377904481092102 -0.3934068981274228 2.576625868597577 19.20978471670147 7.046429579195855 10.854475322808259 1.241362360407532 4.86366584582882 20.74189142612804 -1.5188352874055866 6.614253756075019 2.1618412314652424 -7.312071018146219 -5.162581722656528 -8.67235969861939 0.38135933106705266
15.270541082164328 10.052310093443744 1.1704812802444664 4.645552058282316 2.6776282467783297 -2.3527087682808023 -0.9350328034336641 13.59221667000823 20.25116076790315 34.139756071932325 16.2167432999777 18.729759806457352 8.01182678631453 12.38827935304204 -0.3830320261774842 2.5870007405475155 19.22015958865141 7.056804451145793 10.864850194758198 1.2517372323574527 4.87404071777874 20.752266298077977 -1.5084604154556658 6.624628628024958 2.1722161034151632 -7.301696146196281 -5.152206850706589 -8.66198482666947 0.3917342030169735
15.33066132264529 10.062665874026102 1.1808370608268248 4.655907838864675 2.687984027360688 -2.342352987698444 -0.9246770228513057 13.60257245059059 20.26151654848551 34.150111852514684 16.22709908056006 18.74011558703971 8.022182566896888 12.3986351336244 -0.3726762455951258 2.597356521129874 19.230515369233768 7.067160231728152 10.875205975340556 1.2620930129398111 4.884396498361099 20.762622078660335 -1.4981046348733074 6.634984408607316 2.1825718839975217 -7.291340365613922 -5.141851070124231 -8.65162904608711 0.4020899835993319
15.390781563126252 10.073002827666162 1.1911740144668848 4.666244792504717 2.6983209810007303 -2.332016034058384 -0.9143400692112458 13.612909404230649 20.27185350212556 34.16044880615473 16.23743603420012 18.750452540679763 8.032519520536948 12.408972087264459 -0.36233929195506587 2.607693474769916 19.24085232287381 7.077497185368194 10.885542928980598 1.272429966579871 4.894733452001159 20.772959032300385 -1.4877676812332474 6.645321362247358 2.1929088376375816 -7.28100341197388 -5.131514116484189 -8.64129209244705 0.41242693723939183
15.450901803607215 10.083321207890013 1.2014923946907174 4.676563172728567 2.7086393612245807 -2.3216976538345335 -0.9040216889874131 13.6232277844545 20.282171882349402 34.17076718637858 16.24775441442397 18.760770920903614 8.042837900760798 12.419290467488292 -0.3520209117312154 2.6180118549937665 19.25117070309766 7.087815565592044 10.895861309204449 1.2827483468037215 4.905051832225009 20.783277412524228 -1.477449301009397 6.655639742471209 2.203227217861432 -7.27068503175003 -5.121195736260338 -8.6309737122232 0.4227453174632423
15.511022044088175 10.093621261720163 1.2117924485208853 4.686863226558735 2.7189394150547486 -2.3113976000043834 -0.8937216351572452 13.63352783828465 20.29247193617957 34.18106724020874 16.25805446825412 18.77107097473377 8.053137954590948 12.42959052131846 -0.3417208579010653 2.6283119088239344 19.26147075692781 7.098115619422212 10.906161363034617 1.2930484006338716 4.915351886055159 20.793577466354396 -1.4671492471792469 6.665939796301377 2.213527271691582 -7.260384977919862 -5.11089568243017 -8.62067365839305 0.4330453712933924
15.571142284569138 10.103903234843177 1.2220744216438995 4.6971451996817315 2.7292213881777627 -2.3011156268813693 -0.8834396620342311 13.643809811407664 20.302753909302574 34.19134921333175 16.268336441377134 18.781352947856785 8.063419927713962 12.439872494441474 -0.33143888477805117 2.6385938819469485 19.271752730050824 7.1083975925452085 10.916443336157613 1.3033303737568858 4.925633859178173 20.8038594394774 -1.4568672740562327 6.676221769424391 2.2238092448145963 -7.250103004796865 -5.100613709307174 -8.610391685270036 0.44332734441640653
15.631262525050099 10.114167360325723 1.2323385471264459 4.707409325164278 2.7394855136602914 -2.290851501398823 -0.8731755365516847 13.65407393689021 20.313018034785124 34.20161333881429 16.27860056685968 18.79161707333932 8.073684053196509 12.450136619924002 -0.32117475929550476 2.648858007429477 19.28201685553337 7.118661718027755 10.92670746164016 1.3135944992394322 4.93589798466072 20.81412356495995 -1.4466031485736863 6.6864858949069195 2.2340733702971427 -7.239838879314319 -5.0903495838246275 -8.60012755978749 0.45359146989895294
15.691382765531062 10.124413871182512 1.2425850579832343 4.717655836021084 2.7497320245170975 -2.2806049905420345 -0.8629290256948963 13.664320447746999 20.323264545641912 34.21185984967109 16.28884707771647 18.80186358419612 8.083930564053297 12.460383130780809 -0.31092824843871636 2.6591045182862834 19.29226336639016 7.128908228884561 10.936953972496966 1.3238410100962206 4.946144495517508 20.824370075816738 -1.436356637716898 6.696732405763726 2.244319881153931 -7.229592368457513 -5.080103072967821 -8.589881048930701 0.46383798075574134
15.751503006012024 10.134642989124423 1.2528141759251454 4.727884953962995 2.7599611424590087 -2.2703758726001055 -0.8526999077529851 13.67454956568891 20.33349366358383 34.222088967613004 16.29907619565838 18.81209270213804 8.094159681995226 12.47061224872272 -0.3006991304968052 2.6693336362281945 19.302492484332088 7.139137346826472 10.947183090438877 1.3340701280381495 4.956373613459419 20.834599193758656 -1.426127519774969 6.706961523705637 2.2545489990958423 -7.219363250515602 -5.06987395502591 -8.579651930988772 0.4740670986976703
