web/models/kne/32/mosfit_kn_0.014776_0.2807_3.6500.dat
# %ECSV 1.0
# ---
# datatype:
# - {name: time, datatype: float64}
# - {name: PS1_g, datatype: float64}
# - {name: PS1_i, datatype: float64}
# - {name: PS1_r, datatype: float64}
# - {name: PS1_w, datatype: float64}
# - {name: PS1_y, datatype: float64}
# - {name: PS1_z, datatype: float64}
# - {name: swift_uvot_B, datatype: float64}
# - {name: swift_uvot_U, datatype: float64}
# - {name: swift_uvot_uvm2, datatype: float64}
# - {name: swift_uvot_uvw1, datatype: float64}
# - {name: swift_uvot_uvw2, datatype: float64}
# - {name: swift_uvot_V, datatype: float64}
# - {name: johnson_B, datatype: float64}
# - {name: johnson_I, datatype: float64}
# - {name: johnson_R, datatype: float64}
# - {name: johnson_U, datatype: float64}
# - {name: johnson_V, datatype: float64}
# - {name: sdss_g, datatype: float64}
# - {name: sdss_i, datatype: float64}
# - {name: sdss_r, datatype: float64}
# - {name: sdss_u, datatype: float64}
# - {name: sdss_z, datatype: float64}
# - {name: ATLAS_c, datatype: float64}
# - {name: ATLAS_o, datatype: float64}
# - {name: ukirt_H, datatype: float64}
# - {name: ukirt_J, datatype: float64}
# - {name: ukirt_K, datatype: float64}
# - {name: Clear, datatype: float64}
# meta: !!omap
# - comment: [kappa = 3.65, type = rprocess, mass = 0.014775890654408853, velocity = 0.2806666666666667, theta_obs = 0.0, tfloor = 1000.0]
# schema: astropy-2.0
time PS1_g PS1_i PS1_r PS1_w PS1_y PS1_z swift_uvot_B swift_uvot_U swift_uvot_uvm2 swift_uvot_uvw1 swift_uvot_uvw2 swift_uvot_V johnson_B johnson_I johnson_R johnson_U johnson_V sdss_g sdss_i sdss_r sdss_u sdss_z ATLAS_c ATLAS_o ukirt_H ukirt_J ukirt_K Clear
[from data line 232]
14.008016032064127 8.921379540538226 0.039550727338930614 3.5146215053767804 1.5466976938727939 -3.4836393211863204 -2.0659633563392 12.461286117102713 19.120230214997616 33.00882551902679 15.085812747072183 17.598829253551834 6.88089623340901 11.257348800136505 -1.5139625790830022 1.45607018764198 18.089229035745873 5.9258738982402575 9.733919641852662 0.12080667945193468 3.7431101648732223 19.62133574517244 -2.639390968361184 5.493698075119422 1.0412855505096452 -8.432626699101816 -6.283137403612125 -9.792915379574987 -0.7391963498885445
14.06813627254509 8.93185317525127 0.05002436205197469 3.5250951400898245 1.557171328585838 -3.4731656864732763 -2.055489721626156 12.471759751815739 19.13070384971066 33.019299153739844 15.096286381785227 17.609302888264878 6.891369868122054 11.267822434849549 -1.5034889443699582 1.466543822355024 18.099702670458917 5.9363475329533015 9.744393276565706 0.13128031416497876 3.7535837995862664 19.631809379885485 -2.6289173336481397 5.504171709832466 1.0517591852226893 -8.422153064388771 -6.272663768899081 -9.782441744861943 -0.7287227151755005
14.128256513026052 8.942284290838476 0.06045547763919856 3.5355262556770484 1.5676024441730618 -3.4627345708860524 -2.045058606038932 12.482190867402963 19.141134965297883 33.029730269327054 15.106717497372433 17.619734003852084 6.901800983709278 11.278253550436773 -1.493057828782752 1.4769749379422479 18.11013378604614 5.946778648540525 9.75482439215293 0.14171142975218487 3.7640149151734725 19.64224049547271 -2.6184862180609336 5.51460282541969 1.0621903008098954 -8.411721948801548 -6.262232653311857 -9.772010629274737 -0.7182915995882766
14.188376753507013 8.952673450888131 0.07084463768885385 3.545915415726686 1.5779916042226994 -3.452345410836415 -2.0346694459892767 12.492580027452618 19.15152412534752 33.0401194293767 15.117106657422088 17.63012316390174 6.912190143758916 11.288642710486428 -1.4826686687330968 1.4873640979919032 18.12052294609578 5.957167808590163 9.765213552202567 0.15210058980184016 3.774404075223128 19.652629655522347 -2.6080970580112783 5.5249919854693275 1.0725794608595507 -8.40133278875191 -6.2518434932622196 -9.761621469225082 -0.7079024395386391
14.248496993987976 8.963021172236587 0.08119235903730981 3.556263137075142 1.588339325571173 -3.441997689487959 -2.0243217246408207 12.502927748801074 19.161871846695995 33.05046715072517 15.127454378770544 17.640470885250195 6.922537865107372 11.298990431834884 -1.4723209473846408 1.4977118193403591 18.130870667444235 5.967515529938637 9.775561273551041 0.16244831115029612 3.784751796571584 19.66297737687082 -2.5977493366628224 5.535339706817801 1.0829271822080067 -8.390985067403454 -6.241495771913764 -9.751273747876626 -0.6975547181901831
14.308617234468937 8.973327994297886 0.09149918109860877 3.5665699591364586 1.598646147632472 -3.431690867426642 -2.0140149025795218 12.513234570862373 19.172178668757294 33.060773972786464 15.137761200831843 17.650777707311494 6.932844687168688 11.309297253896183 -1.4620141253233419 1.508018641401658 18.14117748950555 5.977822351999936 9.78586809561234 0.17275513321159508 3.7950586186328827 19.67328419893212 -2.5874425146015056 5.5456465288791 1.0932340042693056 -8.380678245342137 -6.231188949852447 -9.740966925815309 -0.6872478961288664
14.3687374749499 8.983594404133086 0.10176559093379112 3.576836368971641 1.6089125574676544 -3.42142445759146 -2.0037484927443394 12.523500980697555 19.182445078592476 33.07104038262165 15.148027610667043 17.661044117146695 6.943111097003871 11.319563663731365 -1.4517477154881417 1.5182850512368404 18.151443899340734 5.988088761835118 9.796134505447522 0.1830215430467952 3.805325028468083 19.683550608767302 -2.5771761047663233 5.5559129387142825 1.1035004141045057 -8.370411835506955 -6.2209225400172645 -9.730700515980127 -0.676981486293684
14.428857715430862 8.993820963341612 0.11199215014233488 3.587062928180167 1.6191391166761804 -3.411197898382934 -1.9935219335357957 12.5337275399061 19.192671637801002 33.08126694183019 15.158254169875569 17.67127067635522 6.953337656212397 11.32979022293991 -1.4415211562796157 1.5285116104453842 18.16167045854926 5.998315321043644 9.806361064656048 0.19324810225532119 3.815551587676609 19.693777167975828 -2.5669495455577973 5.5661394979228085 1.1137269733130317 -8.360185276298429 -6.2106959808087385 -9.7204739567716 -0.666754927085158
14.488977955911823 9.004008153475471 0.12217934027619393 3.5972501183140437 1.6293263068100572 -3.401010708249057 -1.9833347434019366 12.543914730039958 19.20285882793488 33.09145413196405 15.168441360009428 17.68145786648908 6.9635248463462736 11.339977413073768 -1.4313339661457567 1.5386988005792432 18.171857648683137 6.008502511177521 9.816548254789925 0.20343529238918023 3.825738777810468 19.703964358109705 -2.5567623554239383 5.576326688056685 1.1239141634468908 -8.349998086164552 -6.200508790674862 -9.710286766637724 -0.6565677369512812
14.549098196392785 9.014156489718541 0.1323276765192638 3.607398454557096 1.6394746430531093 -3.390862372006005 -1.9731864071588667 12.554063066283028 19.213007164177938 33.10160246820711 15.178589696252498 17.69160620273215 6.973673182589326 11.35012574931682 -1.4211856299026868 1.5488471368222954 18.18200598492619 6.018650847420573 9.826696591032977 0.2135836286322501 3.8358871140535378 19.714112694352757 -2.5466140191808684 5.586475024299737 1.1340624996899606 -8.3398497499215 -6.19036045443181 -9.700138430394672 -0.6464194007082291
14.609218436873746 9.024266473480509 0.14243766028123162 3.6175084383190814 1.6495846268150949 -3.3807523882440194 -1.963076423396899 12.564173050044996 19.223117147939917 33.11171245196909 15.188699680014466 17.701716186494117 6.983783166351311 11.360235733078806 -1.411075646140719 1.558957120584281 18.192115968688174 6.0287608311825585 9.836806574794963 0.22369361239423569 3.8459970978155056 19.724222678114742 -2.536504035418883 5.596585008061723 1.1441724834519285 -8.329739766159515 -6.180250470669824 -9.690028446632686 -0.6363094169462435
14.669338677354709 9.034338590888389 0.15250977768911156 3.6275805557269614 1.6596567442229748 -3.3706802708361394 -1.953004305989019 12.574245167452876 19.233189265347796 33.12178456937697 15.198771797422346 17.711788303901997 6.993855283759191 11.370307850486686 -1.401003528732839 1.5690292379921609 18.202188086096054 6.038832948590438 9.846878692202843 0.23376572980209787 3.8560692152233855 19.734294795522622 -2.5264319180110206 5.606657125469603 1.1542446008598084 -8.319667648751635 -6.170178353261944 -9.679956329224824 -0.6262372995383636
14.729458917835672 9.044373344835872 0.16254453163659477 3.6376153096744446 1.669691498170458 -3.360645516888656 -1.9429695520415358 12.58427992140036 19.24322401929528 33.13181932332445 15.208806551369829 17.72182305784948 7.003890037706657 11.38034260443417 -1.3909687747853559 1.579063991939644 18.212222840043538 6.048867702537922 9.856913446150326 0.24380048374958108 3.8661039691708687 19.744329549470105 -2.5163971640635374 5.616691879417086 1.1642793548072916 -8.309632894804151 -6.160143599314461 -9.66992157527734 -0.6162025455908982
14.789579158316633 9.054371196652369 0.17254238345309147 3.6476131614909413 1.6796893499869547 -3.3506476650721595 -1.932971700225039 12.594277773216856 19.253221871111776 33.14181717514095 15.218804403186326 17.731820909665977 7.013887889523171 11.390340456250666 -1.3809709229688591 1.5890618437561408 18.222220691860034 6.058865554354418 9.866911297966823 0.25379833556609555 3.8761018209873654 19.754327401286602 -2.506399312247023 5.626689731233583 1.1742772066237883 -8.299635042987655 -6.150145747497964 -9.659923723460826 -0.6062046937743837
14.849699398797595 9.06433264283038 0.18250382963108436 3.657574607668934 1.6896507961649476 -3.3406862188941666 -1.9230102540470462 12.604239219394849 19.26318331728977 33.15177862131895 15.228765849364336 17.741782355843988 7.023849335701164 11.400301902428659 -1.3710094767908485 1.5990232899341337 18.232182138038027 6.068827000532411 9.876872744144816 0.26375978174408843 3.886063267165376 19.764288847464595 -2.49643786606903 5.636651177411576 1.184238652801799 -8.289673596809662 -6.140184301319971 -9.649962277282834 -0.5962432475963908
14.909819639278556 9.074258114143312 0.19242930094403476 3.6675000789818846 1.699576267477898 -3.330760747581234 -1.9130847827340958 12.614164690707799 19.27310878860272 33.161704092631894 15.238691320677269 17.75170782715692 7.033774807014097 11.41022737374161 -1.3610840054779159 1.608948761247084 18.242107609350978 6.078752471845362 9.886798215457766 0.27368525305702107 3.8959887384783087 19.774214318777545 -2.4865123947560974 5.646576648724526 1.1941641241147316 -8.279748125496711 -6.130258830007021 -9.6400368059699 -0.5863177762834582
14.969939879759519 9.084148687461617 0.20231987426234 3.677390652300172 1.7094668407962033 -3.3208701742629287 -1.9031942094157905 12.624055264026104 19.282999361921014 33.171594665950195 15.248581893995574 17.761598400475226 7.043665380332402 11.420117947059914 -1.3511934321596106 1.6188393345653893 18.251998182669265 6.088643045163667 9.896688788776071 0.2835758263753263 3.905879311796614 19.78410489209585 -2.476621821437792 5.656467222042831 1.2040546974330368 -8.269857552178424 -6.120368256688733 -9.630146232651596 -0.5764272029651529
15.03006012024048 9.094003559341335 0.21217474614205756 3.6872455241799074 1.7193217126759208 -3.3110153023831934 -1.893339337536073 12.633910135905822 19.292854233800742 33.18144953782991 15.258436765875292 17.771453272354943 7.053520252212137 11.429972818939632 -1.341338560279893 1.6286942064451069 18.261853054549 6.098497917043384 9.906543660655789 0.29343069825506163 3.9157341836763315 19.793959763975568 -2.466766949558057 5.666322093922549 1.2139095693127544 -8.260002680298689 -6.110513384808998 -9.62029136077186 -0.5665723310854176
15.090180360721442 9.103823889318239 0.22199507611894376 3.6970658541567936 1.729142042652807 -3.301194972406307 -1.8835190075591868 12.643730465882708 19.30267456377763 33.1912698678068 15.268257095852178 17.78127360233183 7.063340582189023 11.439793148916518 -1.3315182303030069 1.638514536421993 18.271673384525887 6.108318247020271 9.916363990632675 0.30325102823194783 3.9255545136532177 19.803780093952454 -2.4569466195811707 5.676142423899435 1.2237298992896584 -8.250182350321802 -6.100693054832112 -9.610471030794974 -0.5567520011085314
15.150300601202405 9.113610125998033 0.23178131279875558 3.7068520908365876 1.738928279332601 -3.291408735726513 -1.873732770879375 12.65351670256252 19.31246080045743 33.201056104486604 15.27804333253199 17.79105983901164 7.0731268188688174 11.44957938559633 -1.321731993623195 1.6483007731017871 18.28145962120568 6.118104483700065 9.926150227312469 0.3130372649117419 3.9353407503330295 19.81356633063225 -2.4471603829013766 5.685928660579229 1.2335161359694524 -8.240396113642008 -6.090906818152318 -9.60068479411518 -0.5469657644287373
15.210420841683366 9.123362689299146 0.24153387609986865 3.7166046541377007 1.748680842633732 -3.2816561724254 -1.8639802075782619 12.663269265863633 19.322213363758543 33.210808667787724 15.287795895833103 17.800812402312754 7.0828793821699305 11.459331948897443 -1.311979430322082 1.658053336402918 18.291212184506794 6.1278570470011955 9.9359027906136 0.32278982821285496 3.9450933136341426 19.82331889393338 -2.4374078196002635 5.69568122388036 1.2432686992705655 -8.230643550340895 -6.081154254851205 -9.590932230814067 -0.5372132011276243
15.270541082164328 9.133082035285316 0.2512532220860386 3.7263240001238884 1.7584001886199019 -3.27193682643923 -1.854260861592092 12.672988611849803 19.331932709744713 33.220528013773894 15.297515241819273 17.810531748298924 7.0925987281561005 11.469051294883613 -1.302260084335912 1.667772682389088 18.300931530492964 6.1375763929873655 9.94562213659977 0.3325091741990249 3.9548126596203126 19.83303823991955 -2.4276884736140936 5.70540056986653 1.2529880452567355 -8.220924204354707 -6.071434908865035 -9.581212884827897 -0.5274938551414543
15.33066132264529 9.142768595749597 0.26093978255030237 3.736010560588152 1.7680867490841656 -3.2622502659749486 -1.8445743011278282 12.682675172314067 19.341619270208987 33.23021457423816 15.307201802283537 17.820218308763188 7.102285288620382 11.478737855347877 -1.2925735238716483 1.6774592428533517 18.310618090957245 6.147262953451629 9.955308697064034 0.34219573466330644 3.9644992200845763 19.842724800383813 -2.418001913149812 5.715087130330794 1.262674605721017 -8.211237643890444 -6.061748348400753 -9.571526324363616 -0.5178072946771728
15.390781563126252 9.152422796594273 0.27059398339497776 3.7456647614328276 1.777740949928841 -3.252596065130273 -1.8349201002831528 12.692329373158742 19.351273471053663 33.23986877508283 15.316856003128212 17.829872509607863 7.111939489465057 11.488392056192552 -1.2829193230269729 1.687113443698027 18.32027229180192 6.156917154296305 9.964962897908709 0.3518499355079818 3.9741534209292517 19.85237900122849 -2.4083477123051367 5.724741331175469 1.2723288065656924 -8.201583443045768 -6.052094147556078 -9.56187212351894 -0.5081530938324974
15.450901803607215 9.16204506152651 0.2802162483272319 3.755287026365064 1.7873632148610952 -3.242973800198037 -1.8252978353508986 12.701951638090996 19.360895735985906 33.24949104001509 15.326478268060466 17.839494774540118 7.121561754397294 11.498014321124806 -1.2732970580947187 1.6967357086302812 18.329894556734157 6.166539419228541 9.974585162840963 0.3614722004402182 3.983775685861506 19.862001266160743 -2.3987254473729003 5.734363596107723 1.2819510714979288 -8.191961178113532 -6.0424718826238415 -9.552249858586704 -0.498530828900261
15.511022044088175 9.171635798601159 0.28980698540186367 3.7648777634397135 1.796953951935727 -3.2333830631233873 -1.8157070982762669 12.711542375165628 19.37048647306055 33.25908177708972 15.336069005135098 17.84908551161475 7.131152491471943 11.507605058199438 -1.263706321020087 1.706326445704913 18.339485293808806 6.1761301563031905 9.984175899915595 0.37106293751486774 3.9933664229361376 19.871592003235374 -2.3891347102982508 5.743954333182355 1.2915418085725783 -8.182370441038882 -6.032881145549192 -9.542659121512054 -0.4889400918256115
15.571142284569138 9.181195448155925 0.2993666349566304 3.77443741299448 1.8065136014904937 -3.2238234135686206 -1.8061474487215001 12.721102024720395 19.380046122615315 33.268641426644486 15.345628654689865 17.858645161169516 7.14071214102671 11.517164707754205 -1.2541466714653202 1.7158860952596797 18.349044943363573 6.185689805857957 9.993735549470362 0.3806225870696345 4.002926072490904 19.88115165279014 -2.379575060743484 5.753513982737122 1.301101458127345 -8.172810791484116 -6.023321495994425 -9.533099471957287 -0.47938044227084475
15.631262525050099 9.19072437813302 0.30889556493374215 3.783966342971574 1.8160425314676054 -3.2142944835915266 -1.7966185187443884 12.730630954697506 19.38957505259242 33.2781703566216 15.355157584666976 17.868174091146628 7.150241071003804 11.526693637731316 -1.2446177414882085 1.7254150252367915 18.358573873340667 6.195218735835051 10.003264479447473 0.39015151704672846 4.012455002468016 19.890680582767253 -2.37004613076639 5.7630429127142335 1.310630388104439 -8.163281861507022 -6.013792566017331 -9.523570541980193 -0.4698515122937508
