web/models/kne/32/mosfit_kn_0.005245_0.0457_3.6500.dat
# %ECSV 1.0
# ---
# datatype:
# - {name: time, datatype: float64}
# - {name: PS1_g, datatype: float64}
# - {name: PS1_i, datatype: float64}
# - {name: PS1_r, datatype: float64}
# - {name: PS1_w, datatype: float64}
# - {name: PS1_y, datatype: float64}
# - {name: PS1_z, datatype: float64}
# - {name: swift_uvot_B, datatype: float64}
# - {name: swift_uvot_U, datatype: float64}
# - {name: swift_uvot_uvm2, datatype: float64}
# - {name: swift_uvot_uvw1, datatype: float64}
# - {name: swift_uvot_uvw2, datatype: float64}
# - {name: swift_uvot_V, datatype: float64}
# - {name: johnson_B, datatype: float64}
# - {name: johnson_I, datatype: float64}
# - {name: johnson_R, datatype: float64}
# - {name: johnson_U, datatype: float64}
# - {name: johnson_V, datatype: float64}
# - {name: sdss_g, datatype: float64}
# - {name: sdss_i, datatype: float64}
# - {name: sdss_r, datatype: float64}
# - {name: sdss_u, datatype: float64}
# - {name: sdss_z, datatype: float64}
# - {name: ATLAS_c, datatype: float64}
# - {name: ATLAS_o, datatype: float64}
# - {name: ukirt_H, datatype: float64}
# - {name: ukirt_J, datatype: float64}
# - {name: ukirt_K, datatype: float64}
# - {name: Clear, datatype: float64}
# meta: !!omap
# - comment: [kappa = 3.65, type = rprocess, mass = 0.005244756555828381, velocity = 0.04566666666666669, theta_obs = 0.0, tfloor = 1000.0]
# schema: astropy-2.0
time PS1_g PS1_i PS1_r PS1_w PS1_y PS1_z swift_uvot_B swift_uvot_U swift_uvot_uvm2 swift_uvot_uvw1 swift_uvot_uvw2 swift_uvot_V johnson_B johnson_I johnson_R johnson_U johnson_V sdss_g sdss_i sdss_r sdss_u sdss_z ATLAS_c ATLAS_o ukirt_H ukirt_J ukirt_K Clear
[from data line 200]
12.084168336673347 5.5602445863756955 -2.294189604719641 0.7753698493232442 -0.8288179725783351 -5.370978543318703 -4.142927327243786 8.687195597211524 14.437837822233188 27.273831899824202 11.647313046288996 13.945935953666893 3.7000220537573965 7.721285966565091 -3.6967609096193774 -0.9507569735870838 13.562475130254803 2.9466675670562408 6.281557390991637 -2.222087113461111 0.9603270310291734 14.977760535855644 -4.614464288031943 2.6003298369987604 -1.3325553181465466 -9.593887441539104 -7.772731634522605 -10.716023819474001 -2.7620829384927603
12.144288577154308 5.6894885342673085 -2.2095663522706843 0.8776589567333204 -0.7421637542780068 -5.305779030373259 -4.069517972494872 8.834375891968048 14.624281971648738 27.507075998557394 11.78073448787229 14.08806799173696 3.821371450748827 7.8585422647585155 -3.618640250783339 -0.8623523645429045 13.742343283524708 3.0597745551903115 6.414792307740438 -2.1370482932986334 1.0644615326366669 15.162598632215243 -4.545287181927957 2.7093822509926113 -1.245948375569963 -9.560137578679411 -7.72473405436603 -10.69258749271494 -2.6904883116747946
12.20440881763527 5.818450962089994 -2.125112426214919 0.9797292547757941 -0.6557057576131697 -5.24069705948115 -3.996244287689361 8.981230037525084 14.81031925400874 27.739681692999735 11.913781111187554 14.229864565060769 3.9424663445010273 7.995457977734684 -3.5406776108411995 -0.7741835916515007 13.921804643653733 3.172600452255792 6.5477332816943346 -2.052181412531624 1.1683771533707343 15.347027300159173 -4.476252483721783 2.8181912544472 -1.159539666331444 -9.526435238612317 -7.6768181209528645 -10.66917614057603 -2.6190762070702256
12.264529058116231 5.9471317662639045 -2.040828259591354 1.0815804997580791 -0.5694439001506524 -5.175733174959802 -3.923106805191967 9.127757965606936 14.995949564175177 27.9716525442131 12.04645480008324 14.371326125379934 4.063306331649989 8.132033544685214 -3.4628733952374366 -0.6862503406544576 14.100859152415282 3.2851452295878785 6.680380223981803 -1.967486898897235 1.2720735583588194 15.53104637365399 -4.40736063842726 2.926756912228985 -1.0733291280842394 -9.49278091505345 -7.62898433044233 -10.645790198074872 -2.547846312735409
12.324649298597194 6.075532080405743 -1.956713434991002 1.1832134515319126 -0.48337724363070933 -5.110887241411248 -3.850105305171958 9.273961004238458 15.181174538836082 28.202994167425505 12.178758669236487 14.512454461693839 4.183892183800288 8.268270706511661 -3.385227216686469 -0.5985514216908363 14.279508437358047 3.3974099587937294 6.812734318006779 -1.8829643259149975 1.3755514342043007 15.71465741785083 -4.33861137642074 3.035080343270362 -0.9873158401172333 -9.45917470186435 -7.581232652140633 -10.622429793739341 -2.4767975974607204
12.384769539078157 6.203658876512499 -1.8727635488074768 1.2846335884307436 -0.39750079524425885 -5.046155945228161 -3.7772360470437683 9.419847067933691 15.366004039523968 28.43372223326536 12.310701787953597 14.653257721111977 4.304230190595912 8.404177362748669 -3.307734973907986 -0.5110815201703225 14.457762075621854 3.5094008750941112 6.94480275122384 -1.7986092637975304 1.4788162653515435 15.897870157942613 -4.27000108720053 3.143167656496857 -0.9014948267724954 -9.425614828890703 -7.533560596232041 -10.59909362466067 -2.4059256110819938
12.444889779559118 6.331521294910392 -1.7889727116557275 1.3858481434461112 -0.3118080621299413 -4.981534785570556 -3.7044939755398154 9.565426517341258 15.550450983998552 28.66385606890724 12.442295397047953 14.793746400199353 4.42432869679769 8.539763689156846 -3.230391181861335 -0.4238337996925281 14.635632596578432 3.6211261275444278 7.076594940291621 -1.71441579087098 1.5818753221028459 16.080697352058664 -4.201524915608701 3.251026809610522 -0.8158596110156324 -9.392098828799822 -7.485964754145725 -10.575779853020284 -2.3352246455173997
12.50501002004008 6.459123836619973 -1.7053381880758245 1.4868606073974178 -0.22629578424599117 -4.917021770986878 -3.631876816845292 9.710704479938393 15.734521754915125 28.893406822205026 12.57354591878487 14.93392591667973 4.544191676362732 8.67503495009991 -3.1531932942854644 -0.33680471182887994 14.813126213873094 3.732589764896839 7.208115530094226 -1.6303811530984191 1.6847320730084192 16.263145279437357 -4.133180648172985 3.3586617857051593 -0.7304069446488981 -9.358625703350805 -7.438443657567449 -10.552487770357073 -2.264691730062367
12.565130260521041 6.586463481531926 -1.6218623617608507 1.587668402375737 -0.140965934415771 -4.852618986559456 -3.559386815192269 9.855677599593012 15.918212137231489 29.12237247368289 12.70445201505094 15.073793469783393 4.663816010555776 8.809988464320671 -3.0761435337585317 -0.2499960211631993 14.990238903115952 3.8437891980035337 7.339361430716185 -1.546507737340388 1.787383818989241 16.445209712913922 -4.064970357212214 3.4660701302293795 -0.6451388068176378 -9.325196841650365 -7.3909989899187405 -10.5292185028898 -2.1943283144314307
12.625250501002004 6.713553665008085 -1.538536393825094 1.6882822402891762 -0.05580905331356689 -4.788319571961708 -3.487016303330517 10.000361082305432 16.10154110272635 29.350779505219617 12.835029186574918 15.213364198052833 4.783214121402117 8.944638907285182 -2.999233668389528 -0.1633978827162188 15.166989041633759 3.95473636742594 7.470346473975962 -1.4627866604051754 1.8898413727491281 16.626909420399603 -3.996886716010426 3.573263458739273 -0.5600457498483813 -9.291808389185404 -7.343625515941577 -10.50596914876518 -2.124126208362558
12.685370741482965 6.840396048601907 -1.4553594631145472 1.7887033303098754 0.029176129027970177 -4.724123052805744 -3.4147646910256135 10.144756853190014 16.284511033955216 29.578633840327722 12.965280807752873 15.352640381508614 4.90238732381633 9.078988518578065 -2.922462935601323 -0.07700876965718773 15.343378978967433 4.0654328182798976 7.601072383410763 -1.3792170909760237 1.9921058886340504 16.80824672133399 -3.9289291116975633 3.6802433114385558 -0.4751265084322043 -9.258460232128678 -7.296322938270128 -10.482739680468372 -2.0540841378114116
12.745490981963927 6.966996616189327 -1.3723277956843027 1.8889363747618937 0.11399388111607678 -4.660026598842393 -3.3426287783247055 10.288871713008277 16.467130404573815 29.805948819527504 13.095214642015005 15.491629002450559 5.02134101988841 9.21304408850483 -2.8458278223881015 0.009175887818730688 15.519416948824183 4.175883910956347 7.73154532689313 -1.2957952326053324 2.09418207386582 16.989229977026206 -3.8610944582806006 3.7870149207352455 -0.39037681902147625 -9.225150874562223 -7.24908913700231 -10.459529009050142 -1.9841983053376744
12.80561122244489 7.093354254724158 -1.28944244899305 1.9889803496085356 0.19864353649083455 -4.596031228178674 -3.270609630483605 10.432704457557776 16.649397686636664 30.03272537790703 13.224831143108986 15.63032929237458 5.140073917666725 9.346804915738765 -2.769329315951011 0.09515565361195333 15.695101524906761 4.2860887478705605 7.861764174208989 -1.212522140519443 2.196068815340322 17.169857634128434 -3.7933837132419512 3.893577446234353 -0.30579734784794255 -9.1918810741058 -7.201924967140643 -10.436337777175664 -1.9144690783947205
12.86573146292585 7.219483235435522 -1.2066939866992676 2.088846654194878 0.28313510991672786 -4.532129591537153 -3.198699041490052 10.576271235351918 16.831333034690683 30.258991059537255 13.354146474637325 15.768757245477293 5.25859925701394 9.480286507700853 -2.69295862974393 0.18094092110204163 15.870452221587737 4.396059996143989 7.991743613868234 -1.1293883325722653 2.2977776326150057 17.35014963881998 -3.725789050038557 3.999943197807525 -0.22137808636568224 -9.158646683637793 -7.154824813266261 -10.413162859742664 -1.8448878287659376
12.925851703406813 7.345384575050886 -1.1240820017314235 2.1885359899976287 0.36746940400437467 -4.468321534094226 -3.126896778359125 10.719573244365897 17.01293792365469 30.484750321386446 13.483163186412455 15.90691439139842 5.376917769694997 9.613490388137912 -2.6167153874255353 0.2665327393675263 16.045470511459985 4.505798634291216 8.121484704553623 -1.0463933936880743 2.3993091703443703 17.530107418119716 -3.6583101995989864 4.106113147490049 -0.13711823010570612 -9.125447770342257 -7.107788622168039 -10.39000436952797 -1.7754536979591506
12.985971943887774 7.4710606118094525 -1.041605180399472 2.288050128483583 0.4516481356680835 -4.404606176167132 -3.055201805648995 10.862613173250704 17.194215690643073 30.710009837735587 13.611885146574245 16.044803690930976 5.495031440839948 9.746419467317843 -2.5405983681622244 0.3519330852010214 16.22015966627283 4.615306808398716 8.250989863547318 -0.9635359984132918 2.5006651623839105 17.70973424741234 -3.590946132832631 4.212089393920078 -0.05301605955311928 -9.092283975057194 -7.060815779311421 -10.366862091954372 -1.7061650607908163
13.046092184368737 7.596515180422472 -0.9592611830665554 2.3873920521379333 0.5356740570377561 -4.340981817825256 -2.983612179717543 11.005395398544316 17.375171782094654 30.93477880179289 13.740317718006558 16.182429726096444 5.612943674284174 9.879078224630412 -2.464605395685818 0.4371449837292716 16.39452499473978 4.724587984206077 8.38026304647915 -0.8808137911816161 2.601848575337158 17.88903549500347 -3.523694961288175 4.317875311614099 0.030931180459070617 -9.059154456395467 -7.013905035222814 -10.343735442135065 -1.637019424605466
13.1062124248497 7.721758672055348 -0.8770431940077827 2.4865700388439826 0.6195544668558561 -4.277443187353871 -2.912121999549573 11.14793169154768 17.55582088765223 31.159077689104127 13.868472923569257 16.319804213054564 5.73066407126501 10.01147803389079 -2.3887301257595004 0.5221760602567536 16.568580728527554 4.8336513987488265 8.509314949595588 -0.7982199222298014 2.702867762040597 18.068025693306122 -3.4565510518013376 4.423479875637355 0.11473078886796273 -9.026056278443678 -6.967052378596213 -10.320622226219472 -1.5680104757171698
13.16633266533066 7.846792977971688 -0.7949501871756404 2.5855855074069645 0.7032907587005965 -4.213989626894605 -2.840730477626856 11.290224236391555 17.736165715585273 31.382912169470334 13.996354062008827 16.456929594103165 5.848194211884887 10.143621307751665 -2.3129716060113656 0.6070279577511137 16.74232953059934 4.942498802555753 8.638147529146565 -0.7157533553385242 2.8037241022875037 18.24670749833018 -3.3895136146547244 4.5289047914264735 0.19838416534627257 -8.992989207320486 -6.9202573643730485 -10.297522326232487 -1.4991368767535462
13.226452905811623 7.971619104629379 -0.7129817347035861 2.6844391651487953 0.7868837091724501 -4.150620953675066 -2.7694373536239247 11.432274219262151 17.916207726328768 31.60628631446919 14.123963498305443 16.59380733919329 5.965534845561755 10.275509521807052 -2.2373294409621556 0.6917016954202169 16.91577286002956 5.051131169948227 8.766761831459178 -0.6334136548913882 2.904418253523726 18.425082330972504 -3.3225823592429116 4.6341510053750845 0.28189209425450557 -8.959953285949725 -6.873519913884712 -10.274435836895604 -1.4303978124975458
13.286573146292584 8.09624254422653 -0.6311343449122653 2.783135342916232 0.870337204443743 -4.08733453937117 -2.698239657826438 11.574087885495821 18.095954704462915 31.82921189669864 14.251308144281936 16.730443796700364 6.082690963163706 10.407148865825203 -2.1618003823242047 0.7762014373229384 17.088918280471724 5.159553422896013 8.895163514419835 -0.5511973091271827 3.0049545592870253 18.603157882264565 -3.255754431808633 4.739223294722645 0.3652584676664006 -8.926947122677598 -6.826838057305922 -10.251361750857145 -1.3617898559472685
13.346693386773547 8.220671565853905 -0.5494026272715402 2.8816806152573093 0.9536570528580413 -4.024126238524222 -2.6271327398787925 11.715674611964005 18.275418350709582 32.051705424226526 14.378397707564847 16.866848329753235 6.199670183562886 10.538548440936864 -2.086379414206788 0.8605332867443203 17.261777133783205 5.2677729224390495 9.023361090174031 -0.4690989000305734 3.105339646414933 18.780945725451055 -3.1890253910112243 4.844128806197627 0.44848909867265974 -8.89396843531683 -6.780208651615245 -10.228298376607244 -1.2933079697917549
13.40681362725451 8.34490827309251 -0.46778539049585177 2.9800765822667152 1.0368447812586545 -3.960995252627484 -2.5561156590622325 11.857036821615548 18.454601673211446 32.273772667288476 14.505235572681663 17.003023576274995 6.316474307382236 10.669710852882496 -2.0110654308015716 0.9446990148955934 17.434352371211606 5.375791605897773 9.151356731655156 -0.3871172258643618 3.20557508429701 18.958448818801674 -3.122394306609415 4.948869414336858 0.5315855235798672 -8.861016901323458 -6.7336311401999875 -10.205245528056908 -1.2249507215790167
13.46693386773547 8.468952736849023 -0.3862828248324135 3.0783232058093724 1.1199005041055266 -3.897941883431155 -2.485188694624423 11.99817464485755 18.633504813444386 32.49541582177646 14.631823024974544 17.138969953210946 6.433103219694291 10.800636564548075 -1.9358586124108 1.0286989660147825 17.606644178194298 5.483609626194517 9.279150521904231 -0.30525247192395355 3.305660777270596 19.135667280982727 -3.055861402158566 5.053445254383444 0.6145478685617611 -8.828092841309639 -6.6871058160021395 -10.182203513154311 -1.1567178685201362
13.527054108216433 8.550246305670228 -0.33158250752904905 3.1434882705088008 1.1755644590048142 -3.8547725560543 -2.4370965912071796 12.090152882234715 18.749096980129636 32.63769228415881 14.714679512204185 17.227696018683837 6.509762998541031 10.886215565268525 -1.8850958139509997 1.0849369527740003 17.718095800877894 5.554740663372278 9.362786406984682 -0.25032655541606275 3.371976930005225 19.25020251030446 -3.0105242032291812 5.122564840251442 0.6701523156416478 -8.803759933969795 -6.654270638480105 -10.164048614442985 -1.1103295847565242
13.587174348697394 8.560182889005148 -0.32164592419414717 3.1534248538437026 1.185501042339716 -3.844835972719398 -2.4271600078722777 12.100089465569617 18.759033563464538 32.647628867493715 14.724616095539105 17.237632602018756 6.5196995818759325 10.896152148603427 -1.87515923061608 1.0948735361089021 17.728032384212796 5.56467724670718 9.372722990319584 -0.2403899720811431 3.3819135133401446 19.260139093639363 -3.0005876198942616 5.132501423586344 0.6800888989765674 -8.793823350634893 -6.644334055145203 -10.154112031108065 -1.1003930014216223
13.647294589178356 8.57004584160519 -0.3117829715941056 3.163287806443744 1.1953639949397576 -3.8349730201193566 -2.417297055272236 12.109952418169676 18.76889651606458 32.65749182009376 14.734479048139146 17.247495554618798 6.529562534475974 10.906015101203469 -1.8652962780160385 1.1047364887089437 17.737895336812837 5.574540199307221 9.382585942919626 -0.23052701948110155 3.391776465940186 19.270002046239405 -2.99072466729422 5.142364376186386 0.689951851576609 -8.783960398034852 -6.634471102545161 -10.144249078508023 -1.0905300488215808
13.707414829659317 8.579835949339838 -0.30199286385943935 3.1730779141783927 1.2051541026744061 -3.825182912384708 -2.40750694753757 12.119742525904325 18.778686623799228 32.667281927828405 14.744269155873795 17.257285662353446 6.5393526422106225 10.915805208938117 -1.85550617028139 1.1145265964435922 17.747685444547486 5.58433030704187 9.392376050654274 -0.22073691174645305 3.4015665736748346 19.279792153974054 -2.9809345595595715 5.152154483921034 0.6997419593112575 -8.774170290300203 -6.624680994810513 -10.134458970773375 -1.0807399410869323
