web/models/kne/32/mosfit_kn_0.012011_0.3120_3.6500.dat
# %ECSV 1.0
# ---
# datatype:
# - {name: time, datatype: float64}
# - {name: PS1_g, datatype: float64}
# - {name: PS1_i, datatype: float64}
# - {name: PS1_r, datatype: float64}
# - {name: PS1_w, datatype: float64}
# - {name: PS1_y, datatype: float64}
# - {name: PS1_z, datatype: float64}
# - {name: swift_uvot_B, datatype: float64}
# - {name: swift_uvot_U, datatype: float64}
# - {name: swift_uvot_uvm2, datatype: float64}
# - {name: swift_uvot_uvw1, datatype: float64}
# - {name: swift_uvot_uvw2, datatype: float64}
# - {name: swift_uvot_V, datatype: float64}
# - {name: johnson_B, datatype: float64}
# - {name: johnson_I, datatype: float64}
# - {name: johnson_R, datatype: float64}
# - {name: johnson_U, datatype: float64}
# - {name: johnson_V, datatype: float64}
# - {name: sdss_g, datatype: float64}
# - {name: sdss_i, datatype: float64}
# - {name: sdss_r, datatype: float64}
# - {name: sdss_u, datatype: float64}
# - {name: sdss_z, datatype: float64}
# - {name: ATLAS_c, datatype: float64}
# - {name: ATLAS_o, datatype: float64}
# - {name: ukirt_H, datatype: float64}
# - {name: ukirt_J, datatype: float64}
# - {name: ukirt_K, datatype: float64}
# - {name: Clear, datatype: float64}
# meta: !!omap
# - comment: [kappa = 3.65, type = rprocess, mass = 0.012011244339858356, velocity = 0.312, theta_obs = 0.0, tfloor = 1000.0]
# schema: astropy-2.0
time PS1_g PS1_i PS1_r PS1_w PS1_y PS1_z swift_uvot_B swift_uvot_U swift_uvot_uvm2 swift_uvot_uvw1 swift_uvot_uvw2 swift_uvot_V johnson_B johnson_I johnson_R johnson_U johnson_V sdss_g sdss_i sdss_r sdss_u sdss_z ATLAS_c ATLAS_o ukirt_H ukirt_J ukirt_K Clear
[from data line 262]
15.811623246492985 9.721346311483892 0.8395174982846143 4.314588276322464 2.3466644648184776 -2.6836725502406367 -1.2659965853935162 13.261252888048379 19.9201969859433 33.80879228997247 15.885779518017848 18.3987960244975 7.680863004354694 12.057315571082189 -0.7139958081373363 2.2560369585876634 18.889195806691557 6.725840669185941 10.533886412798346 0.9207734503976006 4.543076935818888 20.421302516118125 -1.8394241974155001 6.293664846065106 1.8412523214553111 -7.632659928156133 -5.483170632666441 -8.992948608629321 0.060770421057139146
15.871743486973948 9.731674142637772 0.8498453294384944 4.324916107476344 2.3569922959723577 -2.6733447190867743 -1.255668754239636 13.271580719202259 19.93052481709718 33.81912012112635 15.896107349171729 18.40912385565138 7.691190835508556 12.067643402236069 -0.7036679769834562 2.2663647897415435 18.899523637845437 6.736168500339821 10.544214243952226 0.9311012815514808 4.553404766972768 20.431630347272005 -1.8290963662616377 6.303992677218986 1.8515801526091913 -7.622332097002253 -5.472842801512561 -8.982620777475441 0.07109825221100152
15.931863727454909 9.741981102018915 0.86015228881962 4.33522306685747 2.3672992553534833 -2.663037759705631 -1.2453617948585105 13.281887678583384 19.940831776478305 33.82942708050748 15.906414308552854 18.419430815032506 7.7014977948897 12.077950361617194 -0.6933610176023306 2.276671749122669 18.909830597226563 6.746475459720947 10.554521203333351 0.9414082409326241 4.563711726353894 20.44193730665313 -1.8187894068804944 6.314299636600111 1.8618871119903346 -7.612025137621127 -5.462535842131436 -8.972313818094298 0.08140521159214487
15.991983967935871 9.752267452429066 0.8704386392297891 4.345509417267621 2.3775856057636346 -2.6527514092954796 -1.2350754444483414 13.292174028993553 19.951118126888467 33.839713430917634 15.916700658963023 18.429717165442675 7.711784145299851 12.088236712027346 -0.6830746671921615 2.2869580995328205 18.920116947636714 6.756761810131098 10.564807553743503 0.9516945913427755 4.573998076764063 20.452223657063293 -1.808503056470343 6.324585987010263 1.872173462400486 -7.601738787210976 -5.452249491721284 -8.962027467684146 0.09169156200229622
16.052104208416832 9.762533444103703 0.8807046309044253 4.355775408942257 2.3878515974382886 -2.6424854176208434 -1.2248094527737052 13.30244002066819 19.961384118563103 33.84997942259228 15.92696665063766 18.43998315711731 7.722050136974487 12.098502703702 -0.6728086755175253 2.2972240912074744 18.93038293931135 6.767027801805734 10.575073545418157 0.9619605830174116 4.584264068438699 20.46248964873793 -1.7982370647957069 6.334851978684917 1.8824394540751221 -7.5914727955363395 -5.441983500046648 -8.95176147600951 0.10195755367693238
16.112224448897795 9.77277936883116 0.890950555631882 4.366021333669732 2.3980975221657452 -2.6322394928933868 -1.2145635280462486 13.312685945395646 19.97163004329056 33.86022534731974 15.937212575365116 18.450229081844768 7.732296061701944 12.108748628429456 -0.6625627507900687 2.307470015934931 18.940628864038807 6.777273726533209 10.585319470145613 0.9722065077448683 4.594509993166156 20.472735573465386 -1.7879911400682502 6.345097903412373 1.8926853788025788 -7.581226870808865 -5.431737575319174 -8.941515551282054 0.11220347840438905
16.172344689378757 9.78300548893646 0.9011766757371831 4.376247453775015 2.4083236422710463 -2.6220133727880857 -1.2043374079409475 13.322912065500947 19.98185616339586 33.87045146742504 15.947438695470417 18.46045520195007 7.742522181807245 12.118974748534757 -0.6523366306847675 2.317696136040232 18.950854984144108 6.787499846638492 10.595545590250914 0.9824326278501694 4.604736113271457 20.482961693570687 -1.7777650199629491 6.3553240235176744 1.90291149890788 -7.571000750703582 -5.42151145521389 -8.931289431176753 0.12242959850969015
16.23246492985972 9.793212075255404 0.9113832620561091 4.386454040093959 2.4185302285899724 -2.611806786469142 -1.1941308216220214 13.333118651819873 19.992062749714794 33.88065805374398 15.957645281789361 18.470661788269002 7.752728768126189 12.129181334853683 -0.6421300443658415 2.327902722359158 18.961061570463052 6.797706432957436 10.60575217656984 0.9926392141691132 4.614942699590401 20.49316827988962 -1.7675584336440053 6.3655306098366005 1.9131180852268237 -7.560794164384638 -5.4113048688949466 -8.921082844857809 0.13263618482863393
16.29258517034068 9.80339935805242 0.921570544853143 4.396641322890975 2.4287175113869885 -2.6016195036721257 -1.1839435388249875 13.343305934616907 20.002250032511817 33.89084533654099 15.967832564586377 18.48084907106603 7.762916050923205 12.139368617650717 -0.6319427615688076 2.338090005156192 18.971248853260068 6.807893715754452 10.615939459366857 1.0028264969661294 4.625129982387417 20.503355562686643 -1.7573711508469891 6.375717892633617 1.92330536802384 -7.550606881587622 -5.40111758609793 -8.910895562060793 0.14282346762565012
16.352705410821642 9.813567566396753 0.9317387531974575 4.406809531235307 2.4388857197313207 -2.5914512953277935 -1.173775330480673 13.353474142961222 20.012418240856142 33.901013544885316 15.978000772930692 18.491017279410354 7.773084259267537 12.149536825995032 -0.6217745532244932 2.3482582135005066 18.9814170616044 6.818061924098784 10.626107667711189 1.0129947053104615 4.635298190731731 20.513523771030968 -1.747202942502657 6.385886100977949 1.933473576368172 -7.5404386732432895 -5.390949377753598 -8.90072735371646 0.1529916759699823
16.412825651302605 9.823716950949404 0.9418881377501265 4.4169589157879585 2.449035104283972 -2.5813019107751423 -1.163625945928004 13.36362352751389 20.022567625408804 33.91116292943797 15.98815015748336 18.501166663963012 7.783233643820188 12.1596862105477 -0.6116251686718241 2.3584075980531756 18.99156644615705 6.8282113086514356 10.63625705226384 1.0231440898631128 4.6454475752844 20.52367315558363 -1.7370535579500057 6.3960354855306 1.9436229609208233 -7.530289288690638 -5.380799993200947 -8.89057796916381 0.16314106052263355
16.472945891783567 9.833847753246854 0.9520189400475765 4.4270897180854085 2.4591659065814397 -2.5711711084776923 -1.153495143630554 13.37375432981134 20.03269842770625 33.92129373173543 15.99828095978081 18.511297466260462 7.793364446117638 12.16981701284515 -0.6014943663743741 2.3685384003506256 19.0016972484545 6.838342110948903 10.646387854561308 1.0332748921605628 4.6555783775818504 20.533803957881076 -1.7269227556525557 6.406166287828068 1.9537537632182733 -7.520158486393188 -5.370669190903497 -8.88044716686636 0.17327186282008356
16.53306613226453 9.84396021134895 0.9621313981496549 4.437202176187505 2.469278364683518 -2.561058650375596 -1.1433826855284757 13.38386678791342 20.04281088580834 33.93140618983751 16.00839341788289 18.521409924362548 7.8034769042197345 12.17992947094723 -0.5913819082722958 2.378650858452704 19.011809706556598 6.848454569050982 10.656500312663386 1.043387350262659 4.665690835683929 20.543916415983166 -1.7168102975504596 6.416278745930146 1.9638662213203695 -7.510046028291092 -5.360556732801401 -8.870334708764263 0.1833843209221797
16.59318637274549 9.854054537074255 0.9722257238749776 4.44729650191281 2.479372690408841 -2.550964324650291 -1.133288359803153 13.393961113638742 20.052905211533655 33.941500515562836 16.018487743608212 18.531504250087863 7.8135712299450395 12.190023796672552 -0.581287582546973 2.3887451841780267 19.021904032281903 6.858548894776287 10.666594638388709 1.053481675987964 4.675785161409252 20.55401074170848 -1.7067159718251546 6.426373071655469 1.9739605470456745 -7.499951702565787 -5.350462407076096 -8.860240383038958 0.1934786466474847
16.65330661322645 9.864130924975107 0.9823021117758302 4.457372889813662 2.4894490783096934 -2.5408879367494386 -1.1232119719023004 13.404037501539595 20.062981599434508 33.95157690346368 16.028564131509064 18.541580637988716 7.823647617845892 12.200100184573405 -0.5712111946461205 2.3988215720788792 19.031980420182755 6.868625282677139 10.676671026289561 1.0635580638888165 4.685861549310104 20.564087129609334 -1.696639583924302 6.4364494595563215 1.984036934946527 -7.489875314664935 -5.340386019175243 -8.850163995138105 0.20355503454833723
16.713426853707414 9.874189593120928 0.9923607799216327 4.4674315579594825 2.499507746455496 -2.5308292686036182 -1.1131533037564978 13.414096169685397 20.073040267580318 33.9616355716095 16.038622799654885 18.55163930613453 7.833706285991712 12.210158852719207 -0.5611525265003179 2.408880240224682 19.042039088328576 6.87868395082296 10.686729694435364 1.0736167320346368 4.6959202174559245 20.574145797755143 -1.6865809157784817 6.446508127702124 1.9940956030923473 -7.479816646519114 -5.330327351029423 -8.840105326992285 0.21361370269415758
16.773547094188377 9.884230759179236 1.0024019459799582 4.477472724017808 2.5095489125138215 -2.5207881025453105 -1.1031121376981723 13.424137335743723 20.083081433638633 33.97167673766781 16.048663965713192 18.561680472192844 7.84374745205002 12.220200018777533 -0.5511113604419924 2.4189214062830073 19.052080254386883 6.888725116881285 10.69677086049369 1.0836578980929445 4.705961383514232 20.58418696381346 -1.676539749720174 6.45654929376045 2.004136769150655 -7.469775480460789 -5.320286184971115 -8.830064160933977 0.22365486875246532
16.83366733466934 9.894254634901536 1.0124258217022586 4.487496599740091 2.519572788236104 -2.51076422682301 -1.093088261975872 13.434161211466023 20.093105309360936 33.98170061339011 16.058687841435493 18.571704347915144 7.8537713277723205 12.230223894499833 -0.541087484719692 2.4289452820053077 19.062104130109184 6.898748992603568 10.706794736215972 1.093681773815245 4.715985259236533 20.594210839535762 -1.6665158739978736 6.466573169482732 2.0141606448729554 -7.459751604738506 -5.310262309248815 -8.820040285211677 0.23367874447476567
16.8937875751503 9.904261411994835 1.0224325987955396 4.497503376833389 2.529579565329403 -2.5007574497297114 -1.083081484882591 13.444167988559304 20.103112086454225 33.991707390483406 16.06869461852879 18.581711125008436 7.863778104865619 12.240230671593114 -0.531080707626411 2.4389520590985887 19.072110907202482 6.9087557696968664 10.71680151330927 1.1036885509085437 4.725992036329831 20.60421761662905 -1.6565090969045748 6.476579946576031 2.024167421966254 -7.449744827645207 -5.300255532155516 -8.810033508118378 0.24368552156806444
16.95390781563126 9.914251262740041 1.0324224495407641 4.507493227578596 2.5395694160746096 -2.4907675989845046 -1.0730916341373664 13.454157839304528 20.11310193719944 34.00169724122861 16.078684469274 18.59170097575365 7.873767955610826 12.250220522338338 -0.5210908568811865 2.448941909843813 19.08210075794769 6.918745620442073 10.726791364054478 1.1136784016537504 4.735981887075038 20.614207467374264 -1.646519246159368 6.486569797321238 2.034157272711461 -7.439754976900001 -5.290265681410309 -8.800043657373172 0.2536753723132712
17.014028056112224 9.924224367141505 1.042395553942228 4.517466331980078 2.5495425204760913 -2.4807944945830407 -1.0631185297359025 13.464130943705992 20.123075041600906 34.01167034563009 16.088657573675462 18.601674080155114 7.88374106001229 12.260193626739802 -0.5111177524797226 2.458915014245277 19.092073862349153 6.928718724843555 10.73676446845596 1.1236515060552144 4.745954991476502 20.62418057177573 -1.6365461417579041 6.496542901722719 2.044130377112925 -7.429781872498519 -5.280292577008828 -8.790070552971708 0.2636484767147351
17.074148296593187 9.934180927984677 1.0523521147853998 4.52742289282325 2.559499081319263 -2.470837933739869 -1.0531619688927307 13.474087504549164 20.133031602444078 34.02162690647326 16.098614134518634 18.611630640998285 7.893697620855462 12.270150187582974 -0.5011611916365508 2.468871575088449 19.102030423192325 6.938675285686727 10.746721029299131 1.1336080668983861 4.755911552319674 20.634137132618903 -1.6265895809147324 6.506499462565891 2.0540869379560966 -7.419825311655347 -5.270336016165656 -8.780113992128536 0.2736050375579069
17.13426853707415 9.944121127588392 1.0622923143890972 4.537363092426947 2.5694392809229605 -2.4608977341361538 -1.0432217692890333 13.48402770415288 20.142971802047782 34.03156710607696 16.10855433412235 18.621570840601994 7.903637820459177 12.280090387186672 -0.49122099203283565 2.4788117746921463 19.11197062279604 6.948615485290424 10.756661228902828 1.1435482665021013 4.765851751923389 20.644077332222608 -1.6166493813110172 6.516439662169589 2.064027137559812 -7.40988511205165 -5.260395816561958 -8.77017379252482 0.28354523716162205
17.19438877755511 9.954045141926464 1.072216328727169 4.547287106765019 2.5793632952610324 -2.450973719798082 -1.0332977549509614 13.493951718490933 20.152895816385854 34.041491120415024 16.118478348460403 18.631494854940062 7.913561834797249 12.290014401524743 -0.4812969776947815 2.488735789030218 19.121894637134112 6.958539499628496 10.7665852432409 1.1534722808401732 4.775775766261443 20.65400134656068 -1.6067253669729453 6.5263636765076605 2.0739511518978837 -7.399961097713578 -5.2504718022238865 -8.760249778186749 0.29346925149969394
17.25450901803607 9.963953121853883 1.0821243086545884 4.557195086692438 2.5892712751884517 -2.4410657398706626 -1.0233897750235421 13.50385969841837 20.162803796313284 34.05139910034246 16.12838632838784 18.64140283486748 7.923469814724668 12.299922381452163 -0.47138899776734444 2.4986437689576375 19.13180261706153 6.968447479555915 10.77649322316832 1.1633802607675925 4.78568374618888 20.6639093264881 -1.596817387045526 6.53627165643508 2.083859131825303 -7.390053117786159 -5.240563822296467 -8.75034179825933 0.30337723142711326
17.314629258517034 9.973845220345137 1.0920164071458593 4.567087185183691 2.599163373679705 -2.4311736413794094 -1.0134976765322712 13.513751796909624 20.172695894804534 34.06129119883371 16.138278426879094 18.651294933358745 7.933361913215921 12.309814479943434 -0.4614968992760913 2.5085358674489084 19.141694715552784 6.978339578047168 10.786385321659573 1.1732723592588457 4.795575844680133 20.67380142497936 -1.5869252885542728 6.546163754926333 2.093751230316556 -7.380161019294905 -5.230671723805214 -8.740449699768076 0.3132693299183664
17.374749498997996 9.983721615581054 1.1018928023817587 4.5769635804196085 2.609039768915622 -2.4212972461434923 -1.0036212812963718 13.523628192145523 20.182572290040444 34.071167594069614 16.148154822114993 18.66117132859465 7.943238308451838 12.319690875179333 -0.45162050404019194 2.518412262684808 19.1515711107887 6.9882159732830855 10.79626171689549 1.1831487544947628 4.805452239916033 20.68367782021527 -1.5770488933183557 6.55604015016225 2.1036276255524733 -7.370284624058988 -5.220795328569297 -8.73057330453216 0.3231457251542835
17.43486973947896 9.993582467150386 1.1117536539511086 4.586824431988941 2.618900620484972 -2.41143639457416 -0.9937604297270219 13.533489043714873 20.192433141609783 34.081028445638964 16.158015673684343 18.671032180163994 7.9530991600211705 12.329551726748683 -0.44175965247084203 2.5282731142541577 19.161431962358034 6.998076824852418 10.80612256846484 1.193009606064095 4.815313091485383 20.69353867178461 -1.5671880417490236 6.5659010017316 2.1134884771218054 -7.360423772489656 -5.210934476999965 -8.720712452962827 0.33300657672361567
