web/models/kne/32/mosfit_kn_0.022361_0.5000_10.0000.dat
# %ECSV 1.0
# ---
# datatype:
# - {name: time, datatype: float64}
# - {name: PS1_g, datatype: float64}
# - {name: PS1_i, datatype: float64}
# - {name: PS1_r, datatype: float64}
# - {name: PS1_w, datatype: float64}
# - {name: PS1_y, datatype: float64}
# - {name: PS1_z, datatype: float64}
# - {name: swift_uvot_B, datatype: float64}
# - {name: swift_uvot_U, datatype: float64}
# - {name: swift_uvot_uvm2, datatype: float64}
# - {name: swift_uvot_uvw1, datatype: float64}
# - {name: swift_uvot_uvw2, datatype: float64}
# - {name: swift_uvot_V, datatype: float64}
# - {name: johnson_B, datatype: float64}
# - {name: johnson_I, datatype: float64}
# - {name: johnson_R, datatype: float64}
# - {name: johnson_U, datatype: float64}
# - {name: johnson_V, datatype: float64}
# - {name: sdss_g, datatype: float64}
# - {name: sdss_i, datatype: float64}
# - {name: sdss_r, datatype: float64}
# - {name: sdss_u, datatype: float64}
# - {name: sdss_z, datatype: float64}
# - {name: ATLAS_c, datatype: float64}
# - {name: ATLAS_o, datatype: float64}
# - {name: ukirt_H, datatype: float64}
# - {name: ukirt_J, datatype: float64}
# - {name: ukirt_K, datatype: float64}
# - {name: Clear, datatype: float64}
# meta: !!omap
# - comment: [kappa = 10.0, type = rprocess, mass = 0.022360679775100388, velocity = 0.5, theta_obs = 0.0, tfloor = 1000.0]
# schema: astropy-2.0
time PS1_g PS1_i PS1_r PS1_w PS1_y PS1_z swift_uvot_B swift_uvot_U swift_uvot_uvm2 swift_uvot_uvw1 swift_uvot_uvw2 swift_uvot_V johnson_B johnson_I johnson_R johnson_U johnson_V sdss_g sdss_i sdss_r sdss_u sdss_z ATLAS_c ATLAS_o ukirt_H ukirt_J ukirt_K Clear
[from data line 468]
28.196392785571142 11.756742285957369 2.8749134727580916 6.349984250795941 4.382060439291955 -0.6482765757671594 0.7693993890799611 15.296648862521856 21.955592960416777 35.84418826444595 17.921175492491326 20.434191998970977 9.716258978828172 14.092711545555666 1.321400166336141 4.291432933061141 20.924591781165027 8.761236643659418 12.569282387271823 2.956169424871078 6.578472910292366 22.456698490591602 0.19597177705795943 8.329060820538583 3.8766482959287885 -5.597263953682655 -3.447774658192964 -6.957552634155844 2.0961663955306165
28.256513026052104 11.76557302756608 2.8837442143667857 6.3588149924046355 4.390891180900649 -0.6394458341584652 0.7782301306886552 15.30547960413055 21.96442370202547 35.85301900605465 17.930006234100038 20.443022740579682 9.725089720436866 14.10154228716436 1.3302309079448529 4.300263674669835 20.93342252277373 8.770067385268112 12.578113128880517 2.96500016647979 6.5873036519010775 22.465529232200296 0.20480251866667132 8.337891562147277 3.8854790375375003 -5.588433212073961 -3.43894391658427 -6.948721892547132 2.1049971371393106
28.316633266533064 11.774390541149184 2.892561727949907 6.367632505987739 4.39970869448377 -0.6306283205753616 0.7870476442717766 15.314297117713672 21.97324121560858 35.86183651963776 17.93882374768314 20.451840254162793 9.73390723401997 14.110359800747482 1.3390484215279566 4.309081188252956 20.942240036356843 8.778884898851233 12.586930642463638 2.9738176800628935 6.596121165484181 22.474346745783407 0.213620032249775 8.346709075730399 3.894296551120604 -5.579615698490858 -3.4301264030011662 -6.9399043789640285 2.1138146507224143
28.376753507014026 11.78319485168938 2.901366038490103 6.376436816527953 4.408513005023966 -0.6218240100351657 0.7958519548119725 15.323101428253867 21.982045526148788 35.87064083017796 17.947628058223337 20.46064456470299 9.742711544560166 14.119164111287677 1.3478527320681524 4.317885498793152 20.951044346897035 8.787689209391429 12.595734953003834 2.9826219906030893 6.604925476024377 22.483151056323614 0.2224243427899708 8.355513386270594 3.9031008616608 -5.570811387950644 -3.4213220924609526 -6.931100068423833 2.12261896126261
28.43687374749499 11.791985983093767 2.9101571698944895 6.385227947932339 4.417304136428353 -0.6130328786307615 0.8046430862163589 15.331892559658254 21.990836657553174 35.87943196158235 17.956419189627724 20.469435696107375 9.751502675964552 14.127955242692064 1.3566438634725388 4.326676630197539 20.95983547830142 8.796480340795815 12.60452608440822 2.9914131220074758 6.613716607428763 22.491942187728 0.23121547419435728 8.36430451767498 3.9118919930651863 -5.5620202565462575 -3.412530961056566 -6.922308937019446 2.1314100926669965
28.49699398797595 11.800763955744316 2.9189351425450383 6.39400592058287 4.4260821090789015 -0.6042549059802305 0.8134210588669077 15.340670532308803 21.999614630203716 35.88820993423288 17.965197162278272 20.478213668757924 9.760280648615101 14.136733215342613 1.3654218361230877 4.335454602848087 20.96861345095197 8.805258313446346 12.613304057058752 3.0001910946580246 6.622494580079312 22.500720160378542 0.2399934468449061 8.37308249032553 3.920669965715735 -5.5532422838957265 -3.403752988406035 -6.913530964368897 2.1401880653175454
28.557114228456914 11.809528810185128 2.927699996985851 6.402770775023701 4.434846963519714 -0.5954900515394002 0.8221859133077203 15.349435386749615 22.008379484644536 35.89697478867371 17.973962016719085 20.486978523198736 9.769045503055914 14.145498069783425 1.3741866905639002 4.3442194572889 20.977378305392783 8.814023167887177 12.622068911499582 3.008955949098837 6.631259434520125 22.50948501481936 0.24875830128571863 8.381847344766342 3.9294348201565477 -5.544477429454896 -3.394988133965205 -6.904766109928085 2.148952919758358
28.617234468937873 11.81828057762937 2.9364517644300925 6.411522542467942 4.443598730963956 -0.5867382840951585 0.830937680751962 15.358187154193857 22.017131252088777 35.90572655611795 17.982713784163327 20.495730290642978 9.777797270500155 14.154249837227667 1.3829384580081419 4.352971224733142 20.986130072837028 8.822774935331418 12.630820678943824 3.017707716543079 6.6400112019643664 22.518236782263603 0.2575100687299603 8.390599112210584 3.9381865876007893 -5.5357256620106545 -3.386236366520963 -6.896014342483843 2.1577046872025996
28.677354709418836 11.827019291664822 2.9451904784655447 6.420261256503377 4.45233744499939 -0.577999570059724 0.8396763947874142 15.366925868229309 22.02586996612422 35.91446527015339 17.99145249819878 20.504469004678423 9.786535984535607 14.162988551263119 1.391677172043594 4.361709938768576 20.99486878687247 8.831513649366853 12.639559392979258 3.026446430578531 6.648749915999819 22.526975496299045 0.26624878276541253 8.399337826246018 3.9469253016362416 -5.52698694797522 -3.3774976524855287 -6.887275628448391 2.166443401238052
28.7374749498998 11.835744986492003 2.9539161732927255 6.4289869513305575 4.461063139826589 -0.5692738752325432 0.848402089614595 15.37565156305649 22.034595660951403 35.923190964980584 18.00017819302596 20.51319469950561 9.795261679362788 14.1717142460903 1.4004028668707749 4.370435633595775 21.003594481699658 8.840239344194034 12.648285087806457 3.035172125405712 6.6574756108269995 22.53570119112623 0.2749744775925933 8.408063521073217 3.9556509964634223 -5.518261253148039 -3.368771957658348 -6.87854993362121 2.1751690960652326
28.79759519038076 11.844457695407407 2.9626288822081293 6.437699660245961 4.469775848741975 -0.5605611663171395 0.8571147985299987 15.384364271971894 22.043308369866807 35.93190367389598 18.008890901941363 20.521907408421015 9.803974388278192 14.180426955005704 1.4091155757861786 4.379148342511178 21.012307190615054 8.848952053109437 12.656997796721843 3.0438848343211156 6.666188319742403 22.544413900041633 0.28368718650799707 8.416776229988603 3.964363705378826 -5.5095485442326355 -3.360059248742944 -6.869837224705806 2.1838818049806363
28.857715430861724 11.85315745294865 2.9713286397493555 6.446399417787205 4.478475606283219 -0.5518614087758955 0.8658145560712249 15.39306402951312 22.05200812740804 35.94060343143722 18.017590659482607 20.530607165962248 9.812674145819436 14.18912671254693 1.4178153333274226 4.3878481000524046 21.021006948156298 8.857651810650681 12.665697554263087 3.0525845918623595 6.674888077283647 22.553113657582866 0.29238694404924104 8.425475987529847 3.97306346292007 -5.5008487866913915 -3.3513594912017 -6.861137467164562 2.1925815625218803
28.917835671342683 11.861844275816473 2.980015462617196 6.455086240655046 4.487162429151059 -0.543174585908055 0.8745013789390654 15.40175085238096 22.06069495027588 35.949290254305055 18.02627748235043 20.539293988830092 9.821360968687276 14.19781353541477 1.4265021561952453 4.396534922920245 21.029693771024128 8.866338633518522 12.674384377130927 3.0612714147301823 6.68357490015147 22.561800480450707 0.30107376691708154 8.434162810397687 3.981750285787893 -5.492161963823551 -3.3426726683338597 -6.852450644296722 2.201268385389721
28.977955911823646 11.870518189469887 2.98868937627061 6.46376015430846 4.495836342804473 -0.5345006722546408 0.8831752925924796 15.410424766034374 22.069368863929295 35.957964167958465 18.034951396003844 20.547967902483503 9.83003488234069 14.206487449068185 1.4351760698486595 4.405208836573659 21.038367684677546 8.875012547171936 12.683058290784341 3.0699453283836142 6.692248813804884 22.57047439410412 0.30974768057049573 8.442836724051102 3.990424199441307 -5.483488050170137 -3.3339987546804455 -6.843776730643308 2.209942299043135
29.03807615230461 11.879179224891061 2.9973504116917837 6.4724211897296335 4.504497378225647 -0.5258396368334672 0.8918363280136532 15.419085801455548 22.07802989935047 35.96662520337964 18.043612431425018 20.55662893790468 9.838695917761864 14.215148484489358 1.443837105269833 4.413869871994833 21.047028720098716 8.88367358259311 12.691719326205515 3.07860636380477 6.700909849226058 22.579135429525294 0.3184087159916693 8.451497759472275 3.9990852348624806 -5.474827014748963 -3.325337719259272 -6.835115695222134 2.2186033344643086
29.09819639278557 11.887827413468024 3.0059986002687467 6.4810693783065965 4.51314556680261 -0.5171914482565043 0.9004845165906161 15.427733990032511 22.08667808792743 35.975273391956605 18.05226062000198 20.565277126481643 9.847344106338827 14.223796673066321 1.452485293846796 4.422518060571796 21.05567690867568 8.892321771170073 12.700367514782478 3.087254552381733 6.709558037803021 22.587783618102257 0.32705690456861447 8.460145948049238 4.0077334234394435 -5.466178826172 -3.316689530682309 -6.826467506645189 2.2272515230412715
29.158316633266534 11.89646279002277 3.014633976823493 6.489704754861325 4.521780943357356 -0.5085560717017756 0.9091198931453626 15.436369366587257 22.095313464482167 35.98390876851135 18.060895996556727 20.57391250303638 9.855979482893556 14.232432049621067 1.4611206704015425 4.431153437126542 21.06431228523043 8.900957147724801 12.709002891337224 3.0958899289364794 6.718193414357767 22.596418994656993 0.3356922811233609 8.468781324603984 4.01636879999419 -5.457543449617272 -3.3080541541275803 -6.8178321300904425 2.235886899596
29.218436873747493 11.90508538683332 3.0232565736340256 6.498327351671875 4.530403540167889 -0.4999334748912254 0.917742489955895 15.44499196339779 22.10393606129271 35.99253136532189 18.069518593367278 20.58253509984692 9.864602079704106 14.2410546464316 1.469743267212075 4.439776033937075 21.07293488204097 8.909579744535352 12.717625488147757 3.1045125257470296 6.726816011168317 22.605041591467536 0.34431487793391113 8.477403921414517 4.02499139680474 -5.4489208528067214 -3.29943155731703 -6.809209533279892 2.2445094964065504
29.278557114228455 11.913695235981745 3.0318664227824677 6.5069372008203 4.539013389316331 -0.4913236257428011 0.9263523391043371 15.453601812546232 22.112545910441142 36.001141214470316 18.078128442515702 20.591144948995353 9.87321192885253 14.249664495580042 1.478353116360517 4.448385883085517 21.081544731189393 8.918189593683776 12.726235337296181 3.113122374895454 6.735425860316742 22.613651440615968 0.35292472708233547 8.486013770562941 4.0336012459531645 -5.440311003658297 -3.2908217081686058 -6.800599684131468 2.2531193455549747
29.338677354709418 11.922292372621595 3.0404635594222995 6.515534337460149 4.547610525956163 -0.48272648910295146 0.934949475744169 15.462198949186064 22.121143047080984 36.00973835111016 18.086725579155534 20.599742085635196 9.88180906549238 14.258261632219874 1.4869502530003489 4.456983019725349 21.090141867829242 8.926786730323625 12.73483247393603 3.1217195115353036 6.7440229969565735 22.62224857725581 0.3615218637221851 8.49461090720279 4.042198382593014 -5.4317138670184475 -3.282224571528756 -6.792002547491618 2.2617164821948244
29.39879759519038 11.93087682083549 3.0490480076362125 6.524118785674045 4.556194974170076 -0.4741420408890562 0.943533923958082 15.470783397399977 22.129727495294887 36.01832279932406 18.095310027369447 20.608326533849098 9.890393513706275 14.266846080433787 1.495534701214262 4.465567467939262 21.098726316043138 8.93537117853752 12.743416922149926 3.130303959749199 6.7526074451704865 22.630833025469713 0.37010631193608035 8.503195355416704 4.050782830806909 -5.423129418804552 -3.273640123314861 -6.783418099277723 2.2703009304087196
29.458917835671343 11.93944860268319 3.057619789483912 6.532690567521744 4.564766756017757 -0.46557025904135685 0.9521057058057814 15.479355179247676 22.138299277142586 36.02689458117176 18.103881809217146 20.61689831569679 9.898965295553975 14.275417862281468 1.5041064830619613 4.474139249786943 21.107298097890837 8.94394296038522 12.751988703997625 3.138875741596898 6.761179227018186 22.639404807317412 0.3786780937837797 8.511767137264385 4.059354612654609 -5.414557636956853 -3.2650683414671615 -6.774846317430024 2.278872712256419
29.519038076152302 11.948007742492699 3.0661789292934216 6.541249707331271 4.573325895827285 -0.45701111923182935 0.9606648456152911 15.487914319057186 22.146858416952107 36.03545372098128 18.112440949026656 20.625457455506318 9.907524435363502 14.283977002090996 1.512665622871471 4.482698389596471 21.115857237700354 8.952502100194748 12.760547843807153 3.147434881406408 6.769738366827696 22.647963947126932 0.38723723359328943 8.520326277073913 4.0679137524641185 -5.405998497147325 -3.256509201657634 -6.766287177620514 2.2874318520659465
29.579158316633265 11.956554276779858 3.074725463580563 6.549796241618413 4.5818724301144265 -0.44846458494468777 0.9692113799024327 15.496460853344328 22.155404951239248 36.04400025526842 18.120987483313797 20.63400398979346 9.916070969650644 14.292523536378138 1.5212121571586126 4.491244923883612 21.124403771987506 8.96104863448189 12.769094378094294 3.1559814156935673 6.778284901114837 22.656510481414074 0.3957837678804488 8.528872811361055 4.076460286751278 -5.397451962860184 -3.2479626673704924 -6.757740643333355 2.295978386353088
29.639278557114228 11.965088234616559 3.0832594214172815 6.5583301994551135 4.590406387951127 -0.43993062710798725 0.977745337739151 15.504994811181046 22.16393890907596 36.052534213105126 18.129521441150516 20.642537947630167 9.924604927487344 14.301057494214856 1.5297461149953309 4.499778881720331 21.132937729824206 8.96958259231859 12.777628335930995 3.164515373530268 6.7868188589515555 22.665044439250785 0.4043177257171493 8.537406769197755 4.084994244587978 -5.388918005023483 -3.239428709533792 -6.749206685496654 2.3045123441897886
29.69939879759519 11.973609648132992 3.091780834933715 6.566851612971565 4.598927801467578 -0.4314092135915537 0.9862667512555845 15.51351622469748 22.172460322592393 36.061055626621574 18.13804285466695 20.6510593611466 9.933126341003778 14.30957890773129 1.5382675285117644 4.508300295236764 21.141459143340647 8.978104005835041 12.786149749447446 3.1730367870467013 6.795340272467989 22.67356585276722 0.41283913923358284 8.545928182714206 4.093515658104412 -5.380396591507032 -3.2309072960173584 -6.740685271980221 2.313033757706222
29.75951903807615 11.982118550038212 3.100289736838935 6.575360514876767 4.60743670337278 -0.4229003116863339 0.9947756531608043 15.5220251266027 22.18096922449761 36.06956452852678 18.14655175657217 20.659568263051813 9.941635242908998 14.31808780963651 1.5467764304169842 4.516809197141966 21.14996804524586 8.986612907740243 12.794658651352648 3.181545688951921 6.803849174373209 22.682074754672435 0.42134804113880264 8.554437084619408 4.102024560009632 -5.37188768960183 -3.2223983941121386 -6.732176370075001 2.321542659611442
29.819639278557112 11.99061496920196 3.108786156002683 6.583856934040515 4.6159331225365285 -0.4144038925225857 1.0032720723245525 15.530521545766447 22.189465643661357 36.07806094769053 18.155048175735917 20.66806468221557 9.950131662072746 14.326584228800257 1.5552728495807324 4.525305616305732 21.158464464409608 8.995109326903991 12.803155070516397 3.1900421081156694 6.812345593536957 22.690571173836183 0.42984446030255086 8.562933503783157 4.11052097917338 -5.363391270438082 -3.2139019749483904 -6.723679950911253 2.33003907877519
29.879759519038075 11.99909894104458 3.117270127845302 6.592340905883134 4.624417094379165 -0.40591992067996685 1.0117560441671714 15.539005517609066 22.19794961550398 36.08654491953315 18.163532147578536 20.676548654058188 9.958615633915365 14.335068200642876 1.5637568214233513 4.533789588148351 21.166948436252227 9.00359329874661 12.811639042359015 3.198526079958288 6.820829565379576 22.699055145678805 0.4383284321451697 8.571417475625775 4.119004951015999 -5.354907298595463 -3.2054180031057715 -6.715195979068634 2.338523050617809
