web/models/kne/32/mosfit_kn_0.041628_0.3903_0.5000.dat
# %ECSV 1.0
# ---
# datatype:
# - {name: time, datatype: float64}
# - {name: PS1_g, datatype: float64}
# - {name: PS1_i, datatype: float64}
# - {name: PS1_r, datatype: float64}
# - {name: PS1_w, datatype: float64}
# - {name: PS1_y, datatype: float64}
# - {name: PS1_z, datatype: float64}
# - {name: swift_uvot_B, datatype: float64}
# - {name: swift_uvot_U, datatype: float64}
# - {name: swift_uvot_uvm2, datatype: float64}
# - {name: swift_uvot_uvw1, datatype: float64}
# - {name: swift_uvot_uvw2, datatype: float64}
# - {name: swift_uvot_V, datatype: float64}
# - {name: johnson_B, datatype: float64}
# - {name: johnson_I, datatype: float64}
# - {name: johnson_R, datatype: float64}
# - {name: johnson_U, datatype: float64}
# - {name: johnson_V, datatype: float64}
# - {name: sdss_g, datatype: float64}
# - {name: sdss_i, datatype: float64}
# - {name: sdss_r, datatype: float64}
# - {name: sdss_u, datatype: float64}
# - {name: sdss_z, datatype: float64}
# - {name: ATLAS_c, datatype: float64}
# - {name: ATLAS_o, datatype: float64}
# - {name: ukirt_H, datatype: float64}
# - {name: ukirt_J, datatype: float64}
# - {name: ukirt_K, datatype: float64}
# - {name: Clear, datatype: float64}
# meta: !!omap
# - comment: [kappa = 0.5, type = rprocess, mass = 0.04162766037032262, velocity = 0.3903333333333333, theta_obs = 0.0, tfloor = 1000.0]
# schema: astropy-2.0
time PS1_g PS1_i PS1_r PS1_w PS1_y PS1_z swift_uvot_B swift_uvot_U swift_uvot_uvm2 swift_uvot_uvw1 swift_uvot_uvw2 swift_uvot_V johnson_B johnson_I johnson_R johnson_U johnson_V sdss_g sdss_i sdss_r sdss_u sdss_z ATLAS_c ATLAS_o ukirt_H ukirt_J ukirt_K Clear
[from data line 115]
6.973947895791583 6.113086638033476 -2.7687421751658015 0.7063286028720484 -1.2615952086319382 -6.29193222369107 -4.874256258843932 9.652993214597963 16.311937312492883 30.20053261652205 12.277519844567433 14.790536351047084 4.07260333090426 8.449055897631773 -4.322255481587752 -1.3522227148627521 15.280936133241141 3.1175809957355254 6.92562673934793 -2.687486223052815 0.9348172623684725 16.81304284266771 -5.447683870865934 2.68540517261469 -1.7670073519951046 -11.240919601606548 -9.091430306116857 -12.601208282079737 -3.5474892523932944
7.034068136272545 6.132606618950227 -2.749222194249068 0.7258485837887818 -1.2420752277152047 -6.272412242774319 -4.8547362779271985 9.672513195514696 16.331457293409617 30.220052597438784 12.297039825484166 14.810056331963818 4.092123311821012 8.468575878548506 -4.302735500671019 -1.3327027339460187 15.300456114157875 3.137100976652259 6.945146720264663 -2.667966242136064 0.954337243285206 16.832562823584443 -5.428163889949182 2.7049251535314234 -1.7474873710783534 -11.221399620689814 -9.071910325200124 -12.581688301162986 -3.527969271476543
7.0941883767535066 6.151959507266085 -2.72986930593321 0.7452014721046396 -1.222722339399347 -6.253059354458461 -4.835383389611341 9.691866083830554 16.350810181725475 30.23940548575464 12.316392713800024 14.829409220279675 4.111476200136869 8.487928766864364 -4.283382612355161 -1.3133498456301609 15.319809002473733 3.1564538649681166 6.964499608580521 -2.648613353820206 0.9736901316010638 16.8519157119003 -5.408811001633325 2.724278041847281 -1.7281344827624956 -11.202046732373956 -9.052557436884266 -12.562335412847128 -3.5086163831606854
7.154308617234468 6.171148748576876 -2.7106800646224016 0.7643907134154304 -1.2035330980885561 -6.23387011314767 -4.816194148300532 9.711055325141363 16.369999423036266 30.258594727065443 12.335581955110833 14.848598461590484 4.13066544144766 8.507118008175173 -4.264193371044352 -1.2941606043193523 15.338998243784523 3.1756431062789074 6.983688849891312 -2.6294241125094153 0.9928793729118723 16.87110495321109 -5.389621760322534 2.743467283158072 -1.7089452414517048 -11.182857491063166 -9.033368195573475 -12.543146171536337 -3.4894271418498946
7.214428857715431 6.190177097198806 -2.6916517160004716 0.7834190620373782 -1.1845047494666083 -6.214841764525723 -4.797165799678602 9.730083673763293 16.389027771658213 30.277623075687384 12.354610303732763 14.867626810212414 4.149693790069608 8.526146356797103 -4.245165022422422 -1.2751322556974223 15.358026592406471 3.1946714549008552 7.00271719851326 -2.6103957638874853 1.0119077215338024 16.89013330183304 -5.370593411700604 2.76249563178002 -1.6899168928297748 -11.163829142441218 -9.014339846951527 -12.524117822914407 -3.4703987932279468
7.274549098196393 6.209047852901186 -2.672780960298109 0.8022898177397408 -1.1656339937642457 -6.19597100882336 -4.7782950439762395 9.748954429465655 16.407898527360576 30.296493831389753 12.373481059435143 14.886497565914777 4.168564545771971 8.545017112499465 -4.22629426672006 -1.2562614999950596 15.376897348108834 3.213542210603218 7.021587954215622 -2.591525008185105 1.030778477236165 16.9090040575354 -5.351722655998223 2.7813663874823824 -1.6710461371273944 -11.144958386738855 -8.995469091249165 -12.505247067212027 -3.451528037525584
7.3346693386773545 6.227763594878937 -2.6540652183203406 0.8210055597174915 -1.1469182517864773 -6.177255266845609 -4.759579301998471 9.767670171443424 16.426614269338344 30.315209573367515 12.392196801412894 14.905213307892545 4.187280287749721 8.563732854477234 -4.207578524742291 -1.2375457580172913 15.395613090086584 3.2322579525809862 7.040303696193391 -2.5728092662073543 1.0494942192139334 16.92771979951317 -5.333006914020473 2.800082129460151 -1.6523303951496437 -11.126242644761104 -8.976753349271414 -12.486531325234276 -3.4328122955478335
7.394789579158316 6.246327259990423 -2.635501553208872 0.8395692248289777 -1.1283545866750089 -6.158691601734123 -4.741015636887003 9.786233836554892 16.445177934449813 30.33377323847898 12.410760466524362 14.923776973004014 4.2058439528612075 8.582296519588702 -4.189014859630823 -1.2189820929058228 15.41417675519807 3.2508216176924547 7.058867361304859 -2.554245601095868 1.0680578843254018 16.94628346462464 -5.314443248908987 2.8186457945716192 -1.6337667300381575 -11.107678979649618 -8.958189684159928 -12.46796766012279 -3.4142486304363473
7.454909819639278 6.264741655277444 -2.6170871579218513 0.8579836201159985 -1.109940191387988 -6.140277206447102 -4.722601241599982 9.804648231841913 16.463592329736834 30.35218763376601 12.4291748618114 14.942191368291034 4.224258348148228 8.600710914875723 -4.170600464343802 -1.200567697618802 15.432591150485091 3.2692360129794755 7.07728175659188 -2.5358312058088472 1.0864722796124404 16.96469785991166 -5.296028853621966 2.83706018985864 -1.6153523347511367 -11.089264584362597 -8.939775288872907 -12.44955326483577 -3.3958342351493265
7.51503006012024 6.283012665718637 -2.5988161474806404 0.8762546305572094 -1.0916691809467771 -6.122006196005909 -4.704330231158771 9.822919242283124 16.481863340178045 30.370458644207215 12.447445872252594 14.960462378732245 4.2425293585894215 8.618981925316934 -4.152329453902591 -1.182296687177591 15.450862160926285 3.2875070234206865 7.095552767033091 -2.517560195367654 1.1047432900536336 16.98296887035287 -5.277757843180773 2.855331200299851 -1.5970813243099435 -11.070993573921386 -8.921504278431714 -12.431282254394576 -3.3775632247081333
7.575150300601202 6.301135051324636 -2.5806937618746417 0.8943770161631903 -1.0735467953407785 -6.1038838103999105 -4.686207845552772 9.841041627889123 16.499985725784043 30.388581029813214 12.465568257858592 14.978584764338244 4.26065174419542 8.637104310922933 -4.134207068296592 -1.1641743015715924 15.468984546532283 3.3056294090266674 7.11367515263909 -2.4994378097616554 1.1228656756596322 17.00109125595887 -5.259635457574774 2.8734535859058496 -1.5789589387039449 -11.052871188315406 -8.903381892825715 -12.413159868788577 -3.3594408391021346
7.635270541082164 6.319115995029225 -2.562712818170052 0.91235795986778 -1.0555658516361888 -6.085902866695321 -4.668226901848183 9.859022571593712 16.517966669488633 30.406561973517793 12.483549201563182 14.996565708042834 4.27863268790001 8.655085254627522 -4.116226124592003 -1.1461933578670027 15.486965490236873 3.323610352731257 7.1316560963436615 -2.4814568660570657 1.140846619364222 17.01907219966346 -5.241654513870184 2.8914345296104393 -1.5609779949993552 -11.034890244610816 -8.885400949121125 -12.395178925083988 -3.341459895397545
7.695390781563126 6.336957906766685 -2.5448709064326103 0.9301998716052395 -1.037723939898747 -6.068060954957861 -4.650384990110741 9.876864483331154 16.535808581226075 30.42440388525525 12.501391113300642 15.014407619780275 4.296474599637469 8.672927166364964 -4.098384212854561 -1.128351446129561 15.504807401974332 3.3414522644687166 7.149498008081121 -2.463614954319606 1.1586885311016815 17.0369141114009 -5.223812602132725 2.909276441347881 -1.5431360832618957 -11.017048332873356 -8.867559037383666 -12.377337013346528 -3.3236179836600854
7.755511022044088 6.35466310189349 -2.5271657113058055 0.9479050667320443 -1.0200187447719422 -6.0503557598310564 -4.632679794983936 9.894569678457959 16.55351377635288 30.442109080382057 12.519096308427446 15.03211281490708 4.314179794764274 8.690632361491769 -4.080679017727756 -1.1106462510027562 15.522512597101137 3.3591574595955214 7.167203203207926 -2.4459097591928014 1.1763937262284863 17.054619306527705 -5.20610740700592 2.926981636474686 -1.5254308881350909 -10.999343137746552 -8.849853842256861 -12.359631818219723 -3.3059127885332806
7.8156312625250495 6.372233656359949 -2.509595156839346 0.9654756211985038 -1.0024481903054827 -6.032785205364597 -4.6151092405174765 9.912140232924418 16.57108433081934 30.45967963484851 12.536666862893888 15.04968336937354 4.331750349230734 8.708202915958228 -4.063108463261297 -1.0930756965362967 15.540083151567597 3.376728014061981 7.184773757674385 -2.428339204726342 1.193964280694928 17.072189860994165 -5.18853685253946 2.9445521909411454 -1.5078603336686314 -10.981772583280092 -8.832283287790402 -12.342061263753264 -3.288342234066821
7.875751503006012 6.3896720059850765 -2.492156807214201 0.9829139708236312 -0.9850098406803376 -6.01534685573947 -4.597670890892331 9.929578582549563 16.588522680444484 30.47711798447364 12.554105212519033 15.067121718998685 4.349188698855861 8.725641265583373 -4.0456701136361515 -1.0756373469111515 15.557521501192724 3.3941663636871082 7.202212107299513 -2.4109008551012145 1.2114026303200731 17.08962821061931 -5.171098502914333 2.9619905405662905 -1.490421984043504 -10.964334233654965 -8.814844938165274 -12.324622914128136 -3.2709038844416938
7.935871743486974 6.406980037778709 -2.4748487754205684 1.0002220026172814 -0.9677018088867051 -5.998038823945819 -4.580362859098699 9.946886614343196 16.605830712238117 30.494426016267287 12.571413244312666 15.084429750792317 4.366496730649511 8.742949297377006 -4.028362081842519 -1.058329315117519 15.574829532986374 3.4114743954807585 7.219520139093163 -2.393592823307582 1.2287106621137056 17.106936242412942 -5.153790471120683 2.979298572359923 -1.4731139522498715 -10.947026201861314 -8.797536906371624 -12.307314882334504 -3.2535958526480435
7.995991983967936 6.424159931736799 -2.457668881462478 1.017401896575354 -0.9505219149286326 -5.980858929987747 -4.563182965140609 9.964066508301286 16.62301060619619 30.511605910225367 12.588593138270756 15.101609644750408 4.383676624607584 8.760129191335096 -4.011182187884429 -1.0411494211594465 15.592009426944447 3.428654289438831 7.236700033051235 -2.3764129293494918 1.2458905560717959 17.124116136371015 -5.13661057716261 2.9964784663179955 -1.4559340582917812 -10.929846307903242 -8.780357012413551 -12.290134988376414 -3.236415958689971
8.056112224448897 6.441213839526778 -2.440614973672499 1.034455804365333 -0.9334680071386536 -5.963805022197768 -4.54612905735063 9.981120416091265 16.640064513986168 30.528659818015345 12.605647046060735 15.118663552540387 4.400730532397563 8.777183099125075 -3.9941282800944498 -1.0240955133694498 15.609063334734426 3.44570819722881 7.253753940841214 -2.359359021559513 1.2629444638617748 17.141170044160994 -5.119556669372631 3.0135323741079745 -1.4388801505018023 -10.912792400113263 -8.763303104623573 -12.273081080586435 -3.219362050899992
8.11623246492986 6.458143552832922 -2.423685260366355 1.051385517671477 -0.9165382938324917 -5.946875308891624 -4.5291993440444855 9.99805012939741 16.65699422729233 30.5455895313215 12.62257675936688 15.13559326584653 4.417660245703707 8.79411281243122 -3.9771985667883056 -1.0071658000633057 15.62599304804057 3.462637910534972 7.270683654147376 -2.3424293082533687 1.279874177167919 17.158099757467156 -5.102626956066487 3.0304620874141364 -1.4219504371956582 -10.895862686807119 -8.746373391317428 -12.25615136728029 -3.202432337593848
8.176352705410821 6.474951159999804 -2.4068776531994907 1.0681931248383592 -0.8997306866656274 -5.930067701724742 -4.512391736877621 10.014857736564274 16.673801834459194 30.562397138488368 12.639384366533761 15.152400873013413 4.434467852870589 8.810920419598084 -3.9603909596214413 -0.9903581928964413 15.642800655207452 3.479445517701836 7.287491261314241 -2.3256217010864866 1.296681784334801 17.17490736463402 -5.085819348899605 3.0472696945810007 -1.405142830028776 -10.879055079640237 -8.729565784150546 -12.239343760113409 -3.185624730426966
8.236472945891784 6.491638499457633 -2.3901903137416625 1.0848804642961873 -0.8830433472077992 -5.913380362266913 -4.495704397419793 10.03154507602212 16.690489173917022 30.5790844779462 12.65607170599159 15.169088212471241 4.451155192328417 8.827607759055912 -3.9437036201635953 -0.9736708534386131 15.65948799466528 3.4961328571596644 7.304178600772069 -2.3089343616286584 1.3133691237926293 17.191594704091848 -5.069132009441777 3.063957034038829 -1.3884554905709479 -10.862367740182409 -8.712878444692718 -12.22265642065558 -3.1689373909691376
8.296593186372744 6.508207353089368 -2.3736214601099093 1.1014493179279228 -0.866474493576046 -5.896811508635178 -4.47913554378804 10.048113929653855 16.707058027548776 30.59565333157794 12.672640559623325 15.185657066102976 4.467724045960153 8.844176612687665 -3.92713476653186 -0.95710199980686 15.676056848297016 3.5127017107914 7.320747454403822 -2.292365507996923 1.3299379774243647 17.2081635577236 -5.0525631558100415 3.080525887670582 -1.3718866369392124 -10.845798886550673 -8.696309591060983 -12.206087567023845 -3.152368537337402
8.356713426853707 6.524659681848171 -2.3571691313511067 1.117901646686743 -0.8500221648172435 -5.880359179876358 -4.462683215029237 10.064566258412658 16.723510356307578 30.61210566033675 12.689092888382127 15.202109394861779 4.484176374718973 8.860628941446468 -3.9106824377730574 -0.9406496710480574 15.692509177055836 3.52915403955022 7.3371997831626246 -2.2759131792381204 1.3463903061831672 17.224615886482404 -5.036110827051239 3.0969782164293846 -1.3554343081804099 -10.829346557791853 -8.679857262302162 -12.189635238265042 -3.1359162085785997
8.41683366733467 6.540997079810449 -2.3408317333888284 1.1342390446490214 -0.8336847668549652 -5.864021781914079 -4.446345817066959 10.080903656374936 16.739847754269856 30.628443058299023 12.705430286344406 15.218446792824057 4.500513772681233 8.876966339408746 -3.894345039810779 -0.9243122730857791 15.708846575018114 3.5454914375124984 7.353537181124903 -2.259575781275842 1.3627277041454455 17.240953284444682 -5.019773429088961 3.113315614391663 -1.3390969102181316 -10.813009159829575 -8.663519864339884 -12.173297840302764 -3.1195788106163214
8.47695390781563 6.5572213122742085 -2.3246075009250866 1.1504632771127632 -0.8174605343912233 -5.847797549450338 -4.430121584603217 10.097127888838678 16.7560719867336 30.644667290762772 12.721654518808165 15.234671025287799 4.516738005144993 8.893190571872488 -3.8781208073470372 -0.9080880406220373 15.725070807481856 3.5617156699762402 7.369761413588645 -2.2433515488120825 1.3789519366092051 17.257177516908424 -5.003549196625201 3.1295398468554048 -1.322872677754372 -10.796784927365833 -8.647295631876142 -12.157073607839004 -3.1033545781525618
8.537074148296593 6.573334161000126 -2.308494652199151 1.1665761258386986 -0.8013476856652879 -5.831684700724402 -4.414008735877282 10.113240737564613 16.772184835459534 30.660780139488704 12.737767367534083 15.250783874013734 4.5328508538709285 8.909303420598423 -3.862007958621102 -0.8919751918961019 15.741183656207792 3.5778285187021757 7.38587426231458 -2.227238700086165 1.3950647853351228 17.27329036563436 -4.987436347899266 3.14565269558134 -1.3067598290284543 -10.780672078639897 -8.631182783150207 -12.140960759113069 -3.0872417294266263
8.597194388777554 6.589337109916915 -2.29249170328238 1.1825790747554699 -0.7853447367485167 -5.815681751807631 -4.398005786960493 10.129243686481402 16.788187784376305 30.676783088405482 12.753770316450872 15.266786822930523 4.5488538027877 8.925306369515194 -3.846005009704313 -0.8759722429793306 15.757186605124563 3.593831467618947 7.401877211231351 -2.211235751169376 1.4110677342519118 17.28929331455113 -4.971433398982494 3.1616556444981114 -1.2907568801116653 -10.764669129723126 -8.615179834233436 -12.124957810196298 -3.071238780509855
