web/models/kne/32/mosfit_kn_0.062996_0.0613_3.6500.dat
# %ECSV 1.0
# ---
# datatype:
# - {name: time, datatype: float64}
# - {name: PS1_g, datatype: float64}
# - {name: PS1_i, datatype: float64}
# - {name: PS1_r, datatype: float64}
# - {name: PS1_w, datatype: float64}
# - {name: PS1_y, datatype: float64}
# - {name: PS1_z, datatype: float64}
# - {name: swift_uvot_B, datatype: float64}
# - {name: swift_uvot_U, datatype: float64}
# - {name: swift_uvot_uvm2, datatype: float64}
# - {name: swift_uvot_uvw1, datatype: float64}
# - {name: swift_uvot_uvw2, datatype: float64}
# - {name: swift_uvot_V, datatype: float64}
# - {name: johnson_B, datatype: float64}
# - {name: johnson_I, datatype: float64}
# - {name: johnson_R, datatype: float64}
# - {name: johnson_U, datatype: float64}
# - {name: johnson_V, datatype: float64}
# - {name: sdss_g, datatype: float64}
# - {name: sdss_i, datatype: float64}
# - {name: sdss_r, datatype: float64}
# - {name: sdss_u, datatype: float64}
# - {name: sdss_z, datatype: float64}
# - {name: ATLAS_c, datatype: float64}
# - {name: ATLAS_o, datatype: float64}
# - {name: ukirt_H, datatype: float64}
# - {name: ukirt_J, datatype: float64}
# - {name: ukirt_K, datatype: float64}
# - {name: Clear, datatype: float64}
# meta: !!omap
# - comment: [kappa = 3.65, type = rprocess, mass = 0.06299605249512866, velocity = 0.061333333333333344, theta_obs = 0.0, tfloor = 1000.0]
# schema: astropy-2.0
time PS1_g PS1_i PS1_r PS1_w PS1_y PS1_z swift_uvot_B swift_uvot_U swift_uvot_uvm2 swift_uvot_uvw1 swift_uvot_uvw2 swift_uvot_V johnson_B johnson_I johnson_R johnson_U johnson_V sdss_g sdss_i sdss_r sdss_u sdss_z ATLAS_c ATLAS_o ukirt_H ukirt_J ukirt_K Clear
[from data line 141]
8.537074148296593 -10.262047773565808 -12.939111708707767 -11.947899432830855 -12.022184937531648 -13.776769292939086 -13.468509015022452 -9.161229603454075 -7.796274332271427 -1.9407846127984056 -5.881754035680906 -3.919675773687604 -11.081403778532312 -9.315690097936237 -13.635276734082346 -12.46819002201039 -7.990382798787287 -11.203691217158836 -10.00956108577645 -12.922191606968596 -11.925010581942814 -7.061074535725513 -13.562009956822365 -11.06984450033039 -12.465733153352687 -14.514879691091805 -14.283187135134801 -14.515493857223161 -12.436074022687365
8.597194388777554 -10.233699649285875 -12.925410649890665 -11.92830362119631 -12.005288586214 -13.769188909155048 -13.458493104259865 -9.127531604897065 -7.75071449701457 -1.8700097288074096 -5.840565133308804 -3.8792712203091493 -11.056623012497255 -9.283212172245449 -13.623390284922785 -12.450834409563118 -7.946682041375219 -11.179838152751385 -9.979903181691085 -12.90832788165364 -11.905155188954009 -7.0163261906272645 -13.552765260151585 -11.046619749850777 -12.44968188811768 -14.516229272316037 -14.28046681958614 -14.519596064699714 -12.422574244674323
8.657314629258517 -10.205185285719374 -12.911559756202369 -11.908550723459879 -11.988255000578611 -13.761468390365259 -13.448332676045727 -9.093657550296339 -7.704962599556371 -1.7990422841940505 -5.7993055346939215 -3.838808079388055 -11.031674680393301 -9.25056559571939 -13.611357447573369 -12.433330351681022 -7.902790376274666 -11.155822794388948 -9.950077300377753 -12.894314091966166 -11.885141077431207 -6.9713835072751 -13.543378516930531 -11.023243064657677 -12.433484514306858 -14.517458008357236 -14.27761659392308 -14.523584329396344 -12.408948504551098
8.71743486973948 -10.17650826760331 -12.897561884605366 -11.88864389805346 -11.971087163210257 -13.75361027570209 -13.438030395178231 -9.059611291595921 -7.659023056036531 -1.7278881039050402 -5.757978807790636 -3.798289143844865 -11.006562188869975 -9.217754188808897 -13.5991809888312 -12.415680926050953 -7.858712138117358 -11.131648524395848 -9.920087091646774 -12.88015310362832 -11.864971414945185 -6.926250867232291 -13.533852359145015 -10.999717775798814 -12.417144028284035 -14.51856797821465 -14.274638747127407 -14.527460594470616 -12.395199607704903
8.77755511022044 -10.147662599550316 -12.883413519347418 -11.868578639490135 -11.95378099321207 -13.745612073505704 -13.42758336139438 -9.025385927107756 -7.612886930101599 -1.6565341562120954 -5.716576181706969 -3.7577050582181424 -10.981280142691904 -9.184771288913932 -13.58685770094641 -12.397882040527303 -7.814438715690983 -11.107310128817039 -9.889926338242514 -12.865841374003804 -11.84464164755946 -6.880919475578331 -13.524184023528445 -10.976038760697815 -12.400656542527138 -14.519558190608455 -14.271531604279948 -14.531224337592333 -12.381324044077573
8.837675350701403 -10.118668737822425 -12.869128705614887 -11.848371582609705 -11.936351876935323 -13.737485132060154 -13.417003996099996 -8.991004262138624 -7.566582198305731 -1.5850195721521159 -5.67512289999943 -3.7170799970511257 -10.955847443867867 -9.151639187392199 -13.574400832757114 -12.379949370912808 -7.769997284176561 -11.082826119161505 -9.859616070171331 -12.85139302023131 -11.824168522000669 -6.835416964340766 -13.51438559707212 -10.952224220765672 -12.38403714381315 -14.52043605457243 -14.268304370536063 -14.534881757953853 -12.367335693926371
8.897795591182364 -10.089499083578328 -12.854689556635801 -11.828000938752066 -11.918779820386849 -13.729215617304824 -13.406276850320413 -8.956435141664844 -7.520069808009673 -1.5132888189034714 -5.6335824752160235 -3.6763773234294947 -10.930238843432402 -9.118327584335603 -13.561793704687563 -12.361862661979945 -7.725350032155511 -11.058171895484977 -9.829127819426997 -12.836790048236661 -11.803530069997645 -6.7897048161234785 -13.504442152259593 -10.928249978448576 -12.367266427163504 -14.521193666174932 -14.264946438924946 -14.53842678804097 -12.353216828013043
8.957915831663327 -10.060176963254879 -12.840112007395756 -11.807485627487395 -11.90108230306203 -13.720816355910852 -13.395415987891326 -8.921704601996218 -7.473381762852522 -1.4413867277296637 -5.591983797146032 -3.6356248251414445 -10.904475878299522 -9.084861916536887 -13.549051333035262 -12.343639720484926 -7.680528038165157 -11.033368539505036 -9.798485574082552 -12.822048475881171 -11.782745341266345 -6.74381463794079 -13.494367365903468 -10.904136756487297 -12.350361522146471 -14.521839308884788 -14.261468164565548 -14.541866314553785 -12.33898318777447
9.018036072144287 -10.030684721739878 -12.825384755202247 -11.786811796300807 -11.883246648647905 -13.712278694170301 -13.384411698721035 -8.886792659018383 -7.426492901976989 -1.3692774469997664 -5.550303258629672 -3.5947985892585197 -10.87854242473447 -9.051222775639975 -13.536163206193194 -12.325267714144339 -7.635506956257807 -11.008400364208802 -9.76767111032311 -12.80715693048748 -11.761800363143102 -6.69772161805362 -13.484151872645782 -10.879869145999432 -12.333310147213297 -14.522368211036357 -14.257863006265906 -14.545196770870861 -12.324623583158818
9.07815631262525 -10.001029395327858 -12.81051289447353 -11.765985329779465 -11.865278337829643 -13.703606900876615 -13.373268579435695 -8.85170706140504 -7.379412523063369 -1.2969737779708828 -5.50854887610841 -3.553905864852197 -10.852445046676753 -9.017417776483011 -13.5231341777667 -12.306752260283098 -7.590295849116934 -10.983273831878718 -9.736691638294808 -12.792120528747724 -11.740701051209133 -6.651434953562241 -13.473800172188213 -10.855453501763535 -12.31611772905051 -14.522783438086185 -14.254134578540876 -14.548420856905205 -12.310143034928664
9.138276553106213 -9.97120632189473 -12.795493736475017 -11.745002752413995 -11.847174245774035 -13.694799103344906 -13.361984430885752 -8.816442421917642 -7.332133611696321 -1.2244655276317067 -5.46671374257091 -3.512939216621763 -10.826179552707622 -8.983441736343142 -13.50996180608605 -12.28809022743378 -7.544887962586497 -10.957984906067269 -9.705542319098939 -12.776936560633985 -11.719443888878676 -6.604947740208047 -13.463310177867331 -10.830885866448252 -12.298781295656944 -14.523084319215227 -14.25028166295 -14.551538279561223 -12.29553888109443
9.198396793587174 -9.941210616409233 -12.780324434147747 -11.723860404051063 -11.828931084108554 -13.685853299117863 -13.350556912484812 -8.780993104810275 -7.284648851124889 -1.1517421078219874 -5.424790724510391 -3.4718910010514956 -10.799741541261387 -8.949289232969825 -13.496643499971974 -12.26927831309504 -7.499276247980681 -10.932529346875802 -9.674218085026052 -12.761602157057368 -11.698025173004591 -6.558252773302478 -13.452679665954221 -10.806162087047646 -12.281297709977377 -14.523270098222907 -14.246302935336422 -14.554548674550263 -12.280808315365643
9.258517034068136 -9.911063695227629 -12.765019619758817 -11.702575658166818 -11.810564867142794 -13.676781261003423 -13.338998936142694 -8.745383022225337 -7.236987635014422 -1.078844650094342 -5.382806045052391 -3.430786420607038 -10.773150797153807 -8.91498361821139 -13.483193045703985 -12.250332859611792 -7.453489252894087 -10.906926514764377 -9.64274096037915 -12.746132026512846 -11.676462398998702 -6.511379089821574 -13.441921190435213 -10.781301171826758 -12.263682688976463 -14.523348357319781 -14.242207889602463 -14.557458333834584 -12.26596574154998
9.318637274549097 -9.880738981718853 -12.749562007542945 -11.681127493677046 -11.792056371974944 -13.667569593715019 -13.3272955535746 -8.70958217731281 -7.189112396631749 -1.0057199888447803 -5.340725086070925 -3.3895908001564865 -10.746382964956986 -8.88049574645898 -13.4695943196338 -12.231234347135988 -7.40749059468363 -10.881152699092416 -9.611083535859741 -12.73050878042806 -11.654734366885204 -6.464289620057109 -13.431020310698045 -10.756279859128579 -12.245917528026933 -14.523311418891021 -14.237986240926704 -14.560261355217994 -12.250994141084774
9.37875751503006 -9.850258070793831 -12.733966335056213 -11.659533419112265 -11.773421726191096 -13.658230143440608 -13.315459763018609 -8.673614689677375 -7.141052798126282 -0.9324096396866137 -5.298574252843515 -3.348329541043394 -10.719457992898331 -8.845849167924364 -13.455861203587453 -12.211999238959532 -7.361309080698703 -10.855227417136602 -9.579268021057956 -12.714747233429353 -11.632858709110323 -6.417013667145639 -13.419989662460399 -10.731117305547269 -12.228018057787402 -14.523166889086808 -14.233647529913503 -14.562964038740878 -12.235908010600802
9.438877755511022 -9.819604004533584 -12.718221693656613 -11.63778009604222 -11.754648767373865 -13.648754533327754 -13.303482176024346 -8.637461371041361 -7.092784710739739 -0.8588794187162234 -5.256331218447325 -3.3069800929107127 -10.6923603626134 -8.811025266831209 -13.441983547408373 -12.192615193395977 -7.314921356351 -10.829135584049839 -9.547276915703353 -12.698836410145518 -11.610821967766665 -6.369527424609522 -13.408820191994195 -10.70579872136948 -12.209972461467054 -14.522910118570687 -14.229185407545637 -14.565562895500966 -12.220696629588765
9.498997995991983 -9.788780134506023 -12.702330673392392 -11.615870429075574 -11.735740229484701 -13.639145023907613 -13.291365182983057 -8.601125851393167 -7.044312355454494 -0.7851350612803847 -5.213999347445792 -3.2655452019228224 -10.66509323575768 -8.776027644341177 -13.42796384808332 -12.173085035634614 -7.268331557199403 -10.80288033982862 -9.515113639564383 -12.682778909779362 -11.588627056179028 -6.321835075816207 -13.397514256842431 -10.680327196719492 -12.191783478119884 -14.522542892280262 -14.22460187621814 -14.568059569787211 -12.205362553785157
9.559118236472946 -9.757788313206497 -12.686294860771294 -11.593806119657621 -11.716697740074089 -13.629403080180857 -13.279110295802337 -8.56461007951885 -6.995637869889926 -0.7111793778687341 -5.171580102350237 -3.2240257520793345 -10.637658393867905 -8.7408582638326 -13.413803660937031 -12.153410465745058 -7.221541798138819 -10.776463477322372 -9.482780068958885 -12.66657632248041 -11.566275675272344 -6.273938747277352 -13.386073362746505 -10.654704498648808 -12.173452765864496 -14.522066504662002 -14.219898308769723 -14.570455309693847 -12.189907349989326
9.619238476953907 -9.72662063494992 -12.670109341963585 -11.571581055608036 -11.697515775034386 -13.619525038428897 -13.266713349891983 -8.527905041983097 -6.946749780266099 -0.6369960700209836 -5.129062717819952 -3.182410606139466 -10.610048633877344 -8.705508421395404 -13.39949844987591 -12.133585892485279 -7.174540993134759 -10.7498780277702 -9.450268029713058 -12.650223701729324 -11.543761649475694 -6.225827122982217 -13.374493516716193 -10.62892380743417 -12.154974984162106 -14.521479141749206 -14.215072047898898 -14.572748881343232 -12.174326216595208
9.67935871743487 -9.695306269767148 -12.653793870127306 -11.549218794128375 -11.678215951835842 -13.609526676681796 -13.254191709354064 -8.491043389140238 -6.897688368499271 -0.5626415335700079 -5.086482856557986 -3.14073431783321 -10.582290884099159 -8.67000995162606 -13.385066787835875 -12.113633402986743 -7.127368249168253 -10.723150303484557 -9.417607536959096 -12.633740906415394 -11.521108712560757 -6.177540001020265 -13.36279157698204 -10.603010913330362 -12.136371354914175 -14.520790732262777 -14.210135691875612 -14.57494840562873 -12.158638508014068
9.739478957915832 -9.663809595331188 -12.637325072151526 -11.526691031678151 -11.658772445102752 -13.599389770926269 -13.241525091888011 -8.453984967338315 -6.848403490983976 -0.4880451937937762 -5.04379507782982 -3.098951652851699 -10.554352419997752 -8.634323852017939 -13.370486842184299 -12.093526702389525 -7.079974976263401 -10.696248450323525 -9.384761869092042 -12.617104427476171 -11.49828831816956 -6.129027873630477 -13.350947938883877 -10.57693461350528 -12.117616666057298 -14.519990647892767 -14.205075147387001 -14.577045616611224 -12.142821351040407
9.799599198396793 -9.632139221230549 -12.620709003260142 -11.504004860732362 -11.6391918152366 -13.58911929265508 -13.228718899890755 -8.416739327099478 -6.798906746805606 -0.4132232084955261 -5.001009363810702 -3.057071917808013 -10.526241234559201 -8.598459484003683 -13.355764350459093 -12.073272518838174 -7.032372462609253 -10.669180318812844 -9.351739864837718 -12.60032034930763 -11.475307601753766 -6.0803022092697745 -13.338967874811978 -10.55070261235418 -12.098717397437841 -14.519082273925468 -14.199894524090658 -14.579043414480067 -12.126880698937086
9.859719438877756 -9.600298960564864 -12.60394852165895 -11.481163532101029 -11.619477102261424 -13.578717689160253 -13.215775742972884 -8.379310632244838 -6.749203048437149 -0.33818234400156566 -4.958129664621094 -3.015098493294935 -10.497960905303191 -8.562420965699328 -13.340902053631797 -12.05287399384866 -6.984565511532292 -10.641949452541242 -9.318545422992717 -12.58339154146185 -11.452169826547856 -6.03136787344992 -13.326853951291149 -10.524318390871095 -12.079676585701602 -14.518067461232407 -14.194595945741868 -14.580943471653212 -12.110819367523042
9.919839679358716 -9.568288967443337 -12.587044044067497 -11.458167364245213 -11.599628663800576 -13.568185479268653 -13.202696097301558 -8.341698937098318 -6.699292208321754 -0.2629222186012852 -4.9151553633077505 -2.973030275716425 -10.469511639003095 -8.526208417107991 -13.32590040425168 -12.03233153302601 -6.936553979683612 -10.614556108568445 -9.2851786740931 -12.566318418425535 -11.428875299705314 -5.982224694333276 -13.314606668156994 -10.497782210129696 -12.060494640888866 -14.516946888629663 -14.189180018931838 -14.582746523171755 -12.09463778419595
9.97995991983968 -9.536126060496581 -12.570007080069221 -11.435030015650547 -11.579659028492095 -13.55753192300913 -13.189490120623013 -8.303923028680959 -6.6491973097875245 -0.18747505809969578 -4.872106502926936 -2.9308864979400826 -10.440908996256894 -8.489840171662294 -13.310770245192362 -12.011657973775726 -6.888360294483046 -10.587015506133229 -9.251656913789681 -12.54911254977575 -11.405437779151963 -5.932895489429821 -13.302235899006352 -10.471108972315779 -12.041183902548944 -14.515726500131281 -14.183654202028249 -14.584457488914724 -12.078347191337127
10.040080160320642 -9.503793440604227 -12.552826746315127 -11.411738224985495 -11.559556150978949 -13.546748623783529 -13.17614842038683 -8.265963912177885 -6.5988945135705634 -0.1118073445176142 -4.828961400508369 -2.8886453488672745 -10.41213756360624 -8.453297823639318 -13.295501441004973 -11.990841060151258 -6.839961371938205 -10.559312677270361 -9.21796281169403 -12.531762986830035 -11.381843880670335 -5.883356722901016 -13.289732586466219 -10.444284032932138 -12.021732627850064 -14.51440158057295 -14.178012100612667 -14.586072803659603 -12.061936985401154
10.100200400801603 -9.471277346397784 -12.535494171473616 -11.3882811560247 -11.53931021764972 -13.535828767586793 -13.162663357599609 -8.227806006176046 -6.5483642247907525 -0.0358915690232946 -4.785702274542274 -2.8462888629735548 -10.38318471669297 -8.416566294534377 -13.280085740901157 -11.969870803796045 -6.791338242733673 -10.531435377759573 -9.184082166980456 -12.514260804341806 -11.35808266355463 -5.833589047360643 -13.277089372516073 -10.417295424412405 -12.00213124950384 -14.512968369642765 -14.172248561339591 -14.587589663347982 -12.045398555132252
