web/models/kne/32/mosfit_kn_0.009764_0.2650_0.5000.dat
# %ECSV 1.0
# ---
# datatype:
# - {name: time, datatype: float64}
# - {name: PS1_g, datatype: float64}
# - {name: PS1_i, datatype: float64}
# - {name: PS1_r, datatype: float64}
# - {name: PS1_w, datatype: float64}
# - {name: PS1_y, datatype: float64}
# - {name: PS1_z, datatype: float64}
# - {name: swift_uvot_B, datatype: float64}
# - {name: swift_uvot_U, datatype: float64}
# - {name: swift_uvot_uvm2, datatype: float64}
# - {name: swift_uvot_uvw1, datatype: float64}
# - {name: swift_uvot_uvw2, datatype: float64}
# - {name: swift_uvot_V, datatype: float64}
# - {name: johnson_B, datatype: float64}
# - {name: johnson_I, datatype: float64}
# - {name: johnson_R, datatype: float64}
# - {name: johnson_U, datatype: float64}
# - {name: johnson_V, datatype: float64}
# - {name: sdss_g, datatype: float64}
# - {name: sdss_i, datatype: float64}
# - {name: sdss_r, datatype: float64}
# - {name: sdss_u, datatype: float64}
# - {name: sdss_z, datatype: float64}
# - {name: ATLAS_c, datatype: float64}
# - {name: ATLAS_o, datatype: float64}
# - {name: ukirt_H, datatype: float64}
# - {name: ukirt_J, datatype: float64}
# - {name: ukirt_K, datatype: float64}
# - {name: Clear, datatype: float64}
# meta: !!omap
# - comment: [kappa = 0.5, type = rprocess, mass = 0.009763877790252312, velocity = 0.265, theta_obs = 0.0, tfloor = 1000.0]
# schema: astropy-2.0
time PS1_g PS1_i PS1_r PS1_w PS1_y PS1_z swift_uvot_B swift_uvot_U swift_uvot_uvm2 swift_uvot_uvw1 swift_uvot_uvw2 swift_uvot_V johnson_B johnson_I johnson_R johnson_U johnson_V sdss_g sdss_i sdss_r sdss_u sdss_z ATLAS_c ATLAS_o ukirt_H ukirt_J ukirt_K Clear
[from data line 86]
5.2304609218436875 7.209439397844584 -1.6723894153546937 1.8026813626831562 -0.1652424488208304 -5.195579463879945 -3.777903499032824 10.74934597440907 17.40829007230399 31.29688537633316 13.37387260437854 15.886889110858192 5.168956090715386 9.54540865744288 -3.2259027217766443 -0.25586995505164434 16.37728889305225 4.213933755546633 8.021979499159038 -1.5911334632417073 2.0311700221795803 17.909395602478817 -4.351331111054826 3.7817579324257977 -0.6706545921839968 -10.14456684179544 -7.995077546305749 -11.50485552226863 -2.4511364925821866
5.290581162324649 7.2344541848996435 -1.6473746282996515 1.8276961497381983 -0.14022766176578827 -5.1705646768249025 -3.752888711977782 10.774360761464113 17.433304859359033 31.321900163388204 13.398887391433583 15.911903897913234 5.193970877770428 9.570423444497923 -3.200887934721602 -0.23085516799660222 16.40230368010729 4.238948542601675 8.04699428621408 -1.5661186761866475 2.0561848092346224 17.93441038953386 -4.326316323999766 3.80677271948084 -0.6456398051289369 -10.119552054740398 -7.970062759250707 -11.47984073521357 -2.4261217055271267
5.350701402805611 7.25916272542511 -1.6226660877741672 1.8524046902636826 -0.11551912124030395 -5.145856136299436 -3.7281801714522977 10.799069301989597 17.458013399884518 31.346608703913684 13.423595931959067 15.936612438438718 5.218679418295895 9.595131985023407 -3.176179394196118 -0.2061466274711179 16.427012220632758 4.26365708312716 8.071702826739564 -1.541410135661181 2.0808933497601068 17.959118930059343 -4.301607783474299 3.831481260006324 -0.6209312646034704 -10.094843514214913 -7.945354218725223 -11.455132194688103 -2.40141316500166
5.410821643286573 7.283615805013426 -1.5982130081858692 1.8768577698519806 -0.09106604165200594 -5.12140305671112 -3.7037270918639997 10.823522381577895 17.482466479472816 31.371061783501982 13.448049011547365 15.961065518027016 5.24313249788421 9.619585064611705 -3.15172631460782 -0.18169354788281988 16.451465300221074 4.288110162715458 8.096155906327862 -1.5169570560728651 2.1053464293484048 17.98357200964764 -4.277154703885984 3.855934339594622 -0.5964781850151546 -10.070390434626615 -7.920901139136925 -11.430679115099787 -2.3769600854133444
5.4709418837675345 7.307815617863991 -1.5740131953352865 1.9010575827025455 -0.06686622880142323 -5.097203243860555 -3.679527279013417 10.847722194428478 17.5066662923234 31.395261596352565 13.472248824397948 15.9852653308776 5.267332310734775 9.643784877462288 -3.127526501757237 -0.15749373503223718 16.47566511307164 4.31230997556604 8.120355719178445 -1.4927572432223002 2.1295462421989875 18.007771822498224 -4.252954891035419 3.880134152445205 -0.5722783721645897 -10.046190621776033 -7.89670132628636 -11.406479302249222 -2.3527602725627794
5.531062124248497 7.331766182745412 -1.5500626304538656 1.9250081475839664 -0.042915663920002345 -5.073252678979134 -3.655576714131996 10.871672759309899 17.53061685720482 31.41921216123399 13.496199389279369 16.00921589575902 5.291282875616196 9.667735442343709 -3.1035759368758162 -0.1335431701508163 16.49961567795306 4.3362605404474435 8.144306284059866 -1.4688066783408793 2.1534968070804084 18.031722387379645 -4.229004326153998 3.9040847173266258 -0.5483278072831688 -10.02224005689463 -7.872750761404939 -11.382528737367801 -2.3288097076813585
5.591182364729459 7.355472277856343 -1.5263565353429343 1.9487142426949156 -0.019209568809070987 -5.049546583868203 -3.631870619021065 10.89537885442083 17.55432295231575 31.44291825634492 13.5199054843903 16.03292199086995 5.314988970727128 9.69144153745464 -3.079869841764885 -0.10983707503988493 16.52332177306399 4.359966635558393 8.168012379170797 -1.445100583229948 2.1772029021913397 18.055428482490576 -4.205298231043066 3.927790812437557 -0.5246217121722374 -9.99853396178368 -7.84904466629399 -11.35882264225687 -2.305103612570427
5.651302605210421 7.378938861428015 -1.5028899517712624 1.9721808262665874 0.004257014762600875 -5.026080000296513 -3.608404035449393 10.918845437992502 17.577789535887423 31.46638483991659 13.543372067961972 16.056388574441623 5.338455554298817 9.714908121026312 -3.056403258193213 -0.08637049146821307 16.54678835663568 4.3834332191300645 8.191478962742469 -1.4216339996582583 2.2006694857630116 18.07889506606225 -4.181831647471377 3.951257396009229 -0.5011551286005655 -9.975067378212009 -7.825578082722318 -11.33535605868518 -2.2816370289987375
5.7114228456913825 7.402170977420344 -1.4796578357789336 1.9954129422589162 0.027489130754929647 -5.002847884304185 -3.585171919457064 10.94207755398483 17.60102165187975 31.489616955908918 13.5666041839543 16.079620690433952 5.361687670291146 9.73814023701864 -3.0331711422008842 -0.0631383754758843 16.57002047262801 4.406665335122393 8.214711078734798 -1.3984018836659473 2.2239016017553404 18.102127182054577 -4.158599531479066 3.9744895120015578 -0.4779230126082368 -9.95183526221968 -7.802345966729989 -11.31212394269287 -2.2584049130064265
5.771543086172344 7.42517353161686 -1.4566552815824352 2.0184154964554146 0.050491684951428084 -4.979845330107686 -3.5621693652605657 10.96508010818133 17.62402420607625 31.51261951010542 13.589606738150799 16.10262324463045 5.3846902244876444 9.76114279121514 -3.010168588004386 -0.040135821279385864 16.593023026824508 4.429667889318892 8.237713632931296 -1.375399329469431 2.246904155951839 18.125129736251075 -4.13559697728255 3.997492066198056 -0.4549204584117206 -9.928832708023181 -7.779343412533491 -11.289121388496353 -2.2354023588099103
5.831663326653306 7.447951338394283 -1.4338774748049943 2.0411933032328555 0.07326949172886899 -4.957067523330245 -3.539391558483125 10.98785791495877 17.64680201285369 31.53539731688286 13.61238454492824 16.12540105140789 5.407468031265085 9.78392059799258 -2.987390781226945 -0.017358014501944963 16.61580083360195 4.452445696096333 8.260491439708737 -1.352621522692008 2.2696819627292797 18.147907543028516 -4.1128191705051265 4.020269872975497 -0.43214265163429744 -9.90605490124574 -7.75656560575605 -11.26634358171893 -2.212624552032487
5.891783567134269 7.4705090155456055 -1.4113197976536718 2.063750980384178 0.0958271688801915 -4.934509846178923 -3.5168338813318023 11.010415592110093 17.669359690005013 31.55795499403418 13.634942222079562 16.147958728559214 5.43002570841639 9.806478275143903 -2.9648331040756224 0.0051996626493775455 16.63835851075327 4.475003373247655 8.28304911686006 -1.3300638455406855 2.292239639880602 18.17046522017984 -4.090261493353804 4.04282755012682 -0.40958497448297493 -9.883497224094418 -7.734007928604727 -11.243785904567607 -2.1900668748811647
5.95190380761523 7.4928511264986675 -1.3889776867006098 2.086093091337222 0.11816927983325343 -4.912167735225879 -3.4944917703787404 11.032757703063155 17.691701800958057 31.580297104987235 13.657284333032624 16.170300839512276 5.452367819369452 9.828820386096965 -2.9424909931225605 0.02754177360243948 16.660700621706315 4.497345484200699 8.305391227813104 -1.3077217345876235 2.314581750833664 18.192807331132883 -4.067919382400742 4.065169661079864 -0.387242863529913 -9.861155113141374 -7.711665817651683 -11.221443793614545 -2.1677247639281028
6.012024048096192 7.514981988189504 -1.3668468250097732 2.108223953028059 0.14030014152407233 -4.890036873535042 -3.4723609086879037 11.054888564753991 17.713832662648894 31.602427966678068 13.679415194723461 16.192431701203112 5.474498681060289 9.850951247787801 -2.920360131431724 0.04967263529325838 16.682831483397152 4.519476345891536 8.32752208950394 -1.2855908728967869 2.336712612524501 18.21493819282372 -4.045788520709905 4.0873005227707 -0.36511200183907633 -9.839024251450537 -7.689534955960847 -11.199312931923709 -2.145593902237266
6.072144288577154 7.5369058564320035 -1.3449229567672916 2.1301478212705582 0.1622240097665717 -4.8681130052925425 -3.450437040445422 11.076812432996473 17.735756530891393 31.62435183492057 13.70133906296596 16.214355569445612 5.496422549302788 9.872875116030283 -2.8984362631892244 0.07159650353575775 16.70475535163965 4.541400214134035 8.34944595774644 -1.2636670046542875 2.358636480767 18.23686206106622 -4.023864652467406 4.1092243910132 -0.34318813359657696 -9.817100383208038 -7.667611087718347 -11.17738906368121 -2.1236700339947667
6.132264529058116 7.558626808490878 -1.3232020047083992 2.151868773329433 0.18394496182546405 -4.846392053233668 -3.4287160883865297 11.098533385055365 17.757477482950286 31.64607278697945 13.723060015024835 16.236076521504486 5.518143501361663 9.894596068089175 -2.87671531113035 0.0933174555946501 16.726476303698526 4.56312116619291 8.371166909805332 -1.241946052595413 2.3803574328258748 18.25858301312511 -4.002143700408531 4.130945343072092 -0.3214671815377024 -9.795379431149163 -7.645890135659473 -11.155668111622335 -2.101949081935892
6.192384769539078 7.580148806463178 -1.301680006736099 2.173390771301733 0.20546695979774654 -4.824870055261368 -3.4071940904142295 11.120055383027665 17.778999480922568 31.66759478495175 13.744582012997135 16.257598519476787 5.539665499333963 9.916118066061475 -2.8551933131580496 0.11483945356695036 16.747998301670826 4.58464316416521 8.392688907777615 -1.2204240546231127 2.401879430798175 18.280105011097394 -3.980621702436231 4.152467341044375 -0.2999451835654021 -9.773857433176863 -7.624368137687172 -11.134146113650035 -2.080427083963592
6.25250501002004 7.601475705208873 -1.280353107990404 2.194717670047428 0.22679385854344147 -4.803543156515673 -3.3858671916685346 11.14138228177336 17.800326379668263 31.68892168369744 13.76590891174283 16.27892541822248 5.560992398079658 9.93744496480717 -2.8338664144123547 0.1361663523126453 16.76932520041652 4.605970062910905 8.41401580652331 -1.1990971558774177 2.42320632954387 18.30143190984309 -3.959294803690536 4.17379423979007 -0.2786182848197072 -9.752530534431168 -7.603041238941477 -11.11281921490434 -2.059100185217897
6.312625250501002 7.6226286903162865 -1.2592001228830085 2.2158706551548413 0.24794684365085473 -4.7823901714082595 -3.364714206561139 11.162535266880756 17.821479364775676 31.710074668804847 13.787061896850226 16.300078403329877 5.582145383187071 9.958597949914566 -2.812713429304959 0.15731933742004078 16.790478185523934 4.627123048018318 8.435168791630723 -1.1779441707700045 2.4443593146512654 18.322584894950502 -3.938141818583123 4.194947224897483 -0.2574652997122939 -9.731377549323755 -7.581888253834064 -11.091666229796926 -2.0379472001104837
6.372745490981964 7.64356578204751 -1.2382630311517673 2.2368077468860648 0.2688839353820782 -4.761453079677036 -3.343777114829898 11.183472358611997 17.8424164565069 31.73101176053608 13.807998988581467 16.32101549506112 5.603082474918295 9.97953504164579 -2.791776337573718 0.17825642915126427 16.811415277255158 4.648060139749542 8.456105883361946 -1.157007079038781 2.4652964063825067 18.343521986681726 -3.9172047268518995 4.215884316628706 -0.23652820798107044 -9.710440457592531 -7.560951162102841 -11.070729138065703 -2.01701010837926
6.432865731462925 7.664325032569526 -1.2175037806297517 2.2575669974080803 0.28964318590411153 -4.7406938291550205 -3.3230178643078823 11.204231609134013 17.863175707028915 31.751771011058093 13.828758239103482 16.341774745583134 5.62384172544031 10.000294292167823 -2.7710170870517024 0.19901567967329759 16.832174527777173 4.668819390271557 8.476865133883962 -1.1362478285167654 2.4860556569045222 18.36428123720374 -3.896445476329884 4.236643567150722 -0.2157689574590549 -9.689681207070516 -7.540191911580825 -11.049969887543687 -1.9962508578572447
6.492985971943887 7.684905994276541 -1.1969228189227543 2.2781479591150955 0.31022414761110895 -4.720112867448005 -3.302436902600885 11.224812570841028 17.88375666873593 31.77235197276511 13.849339200810498 16.36235570729015 5.644422687147325 10.02087525387482 -2.750436125344687 0.219596641380295 16.85275548948419 4.6894003519785725 8.497446095590977 -1.1156668668097502 2.5066366186115374 18.384862198910756 -3.8758645146228687 4.257224528857737 -0.1951879957520397 -9.6691002453635 -7.51961094987381 -11.029388925836672 -1.9756698961502295
6.55310621242485 7.705310356786708 -1.1765184564125697 2.29855232162528 0.3306285101212936 -4.699708504937821 -3.2820325400907002 11.245216933351195 17.904161031246115 31.792756335275282 13.869743563320664 16.382760069800316 5.66482704965751 10.041279616385005 -2.7300317628345203 0.24000100389047963 16.873159851994373 4.709804714488757 8.517850458101162 -1.0952625042995656 2.5270409811217043 18.40526656142094 -3.855460152112684 4.277628891367922 -0.17478363324187285 -9.648695882853316 -7.499206587363625 -11.008984563326488 -1.9552655336400449
6.613226452905812 7.725540762258092 -1.1562880509412032 2.3187827270966466 0.35085891559266 -4.679478099466454 -3.2618021346193338 11.265447338822561 17.92439143671748 31.812986740746656 13.889973968792049 16.402990475271682 5.685057455128876 10.061510021856371 -2.709801357363154 0.2602314093618461 16.89339025746574 4.730035119960124 8.538080863572528 -1.0750320988281992 2.5472713865930885 18.425496966892307 -3.8352297466413177 4.297859296839288 -0.15455322777048863 -9.62846547738195 -7.478976181892259 -10.988754157855121 -1.9350351281686784
6.673346693386773 7.745600053909669 -1.136228759289608 2.3388420187482417 0.37091820724425517 -4.659418807814877 -3.2417428429677386 11.285506630474156 17.944450728369077 31.833046032398247 13.910033260443626 16.423049766923278 5.705116746780454 10.081569313507966 -2.6897420657115587 0.2802907010134412 16.913449549117317 4.750094411611719 8.558140155224123 -1.0549728071766218 2.567330678244666 18.445556258543903 -3.8151704549897403 4.317918588490883 -0.13449393611891125 -9.608406185730354 -7.458916890240664 -10.968694866203544 -1.914975836517101
6.733466933867735 7.765491189424001 -1.1163376237752765 2.3587331542625556 0.39080934275856904 -4.639527672300545 -3.221851707453407 11.305397765988488 17.96434186388339 31.852937167912568 13.929924395957958 16.44294090243761 5.725007882294785 10.10146044902228 -2.669850930197227 0.3001818365277551 16.93334068463165 4.769985547126033 8.578031290738437 -1.0350816716622901 2.5872218137589975 18.465447394058216 -3.7952793194754086 4.337809724005197 -0.11460280060457961 -9.58851505021604 -7.43902575472635 -10.948803730689212 -1.8950847010027694
6.793587174348697 7.785217075404223 -1.0966117377950546 2.3784590402427774 0.41053522873880866 -4.619801786320323 -3.202125821473185 11.32512365196871 17.98406774986363 31.87266305389279 13.94965028193818 16.46266678841783 5.744733768275007 10.12118633500252 -2.6501250442170052 0.3199077225079947 16.95306657061187 4.7897114331062545 8.597757176718677 -1.0153557856820683 2.6069476997392194 18.485173280038456 -3.775553433495187 4.357535609985437 -0.09487691462435777 -9.568789164235818 -7.419299868746128 -10.92907784470899 -1.8753588150225475
6.853707414829659 7.804780546152834 -1.0770482670464432 2.3980225109914066 0.4300986994874201 -4.600238315571712 -3.1825623507245737 11.344687122717321 18.00363122061224 31.892226524641412 13.969213752686791 16.482230259166442 5.764297239023619 10.140749805751131 -2.630561573468394 0.33947119325660613 16.972630041360482 4.809274903854884 8.617320647467288 -0.9957923149334569 2.626511170487831 18.504736750787067 -3.7559899627465754 4.377099080734048 -0.07531344387574634 -9.54922569348719 -7.399736397997499 -10.909514373960379 -1.855795344273936
