web/models/kne/32/villar_0.0338_0.0300_1.0000.dat
# %ECSV 1.0
# ---
# datatype:
# - {name: time, datatype: float64}
# - {name: swift_uvot_uvw2, datatype: float64}
# - {name: swift_uvot_uvm2, datatype: float64}
# - {name: swift_uvot_uvw1, datatype: float64}
# - {name: swift_uvot_U, datatype: float64}
# - {name: swift_uvot_B, datatype: float64}
# - {name: swift_uvot_V, datatype: float64}
# - {name: swift_uvot_W, datatype: float64}
# - {name: johnson_U, datatype: float64}
# - {name: johnson_B, datatype: float64}
# - {name: johnson_V, datatype: float64}
# - {name: johnson_R, datatype: float64}
# - {name: johnson_I, datatype: float64}
# - {name: sdss_u, datatype: float64}
# - {name: sdss_g, datatype: float64}
# - {name: sdss_r, datatype: float64}
# - {name: sdss_i, datatype: float64}
# - {name: sdss_z, datatype: float64}
# - {name: PS1_g, datatype: float64}
# - {name: PS1_r, datatype: float64}
# - {name: PS1_i, datatype: float64}
# - {name: PS1_z, datatype: float64}
# - {name: PS1_Y, datatype: float64}
# - {name: PS1_w, datatype: float64}
# - {name: ATLAS_c, datatype: float64}
# - {name: ATLAS_o, datatype: float64}
# - {name: ukirt_J, datatype: float64}
# - {name: ukirt_H, datatype: float64}
# - {name: ukirt_K, datatype: float64}
# - {name: Clear, datatype: float64}
# meta: !!omap
# - comment: [kappa = 1.0, type = villar, mass = 0.03383890769761434, velocity = 0.030000000000000027, theta_obs = 0.0]
# schema: astropy-2.0
time swift_uvot_uvw2 swift_uvot_uvm2 swift_uvot_uvw1 swift_uvot_U swift_uvot_B swift_uvot_V swift_uvot_W johnson_U johnson_B johnson_V johnson_R johnson_I sdss_u sdss_g sdss_r sdss_i sdss_z PS1_g PS1_r PS1_i PS1_z PS1_Y PS1_w ATLAS_c ATLAS_o ukirt_J ukirt_H ukirt_K Clear
[from data line 222]
0.745986 -13.021 -13.172 -13.276 -13.406 -13.318 -13.137 -13.228 -13.399 -13.315 -13.13 -12.878 -12.55 -13.403 -13.265 -13.0 -12.755 -12.501 -13.255 -13.012 -12.768 -12.581 -12.5 -13.012 -13.163 -12.897 -11.948 -11.467 -10.891 -13.045
0.768548 -13.034 -13.19 -13.298 -13.438 -13.356 -13.179 -13.255 -13.432 -13.352 -13.171 -12.922 -12.596 -13.436 -13.303 -13.043 -12.8 -12.548 -13.294 -13.055 -12.813 -12.627 -12.546 -13.054 -13.204 -12.941 -11.997 -11.517 -10.942 -13.086
0.791792 -13.046 -13.207 -13.32 -13.47 -13.393 -13.22 -13.281 -13.465 -13.39 -13.212 -12.966 -12.642 -13.469 -13.342 -13.085 -12.845 -12.594 -13.333 -13.097 -12.858 -12.673 -12.591 -13.095 -13.244 -12.985 -12.046 -11.567 -10.993 -13.127
0.815739 -13.057 -13.223 -13.342 -13.501 -13.429 -13.26 -13.307 -13.497 -13.426 -13.253 -13.009 -12.688 -13.501 -13.38 -13.128 -12.89 -12.641 -13.371 -13.14 -12.902 -12.719 -12.637 -13.137 -13.284 -13.028 -12.094 -11.617 -11.044 -13.168
0.840411 -13.068 -13.239 -13.363 -13.532 -13.466 -13.301 -13.332 -13.53 -13.463 -13.293 -13.053 -12.734 -13.533 -13.418 -13.17 -12.935 -12.687 -13.41 -13.182 -12.947 -12.764 -12.682 -13.179 -13.324 -13.071 -12.143 -11.667 -11.095 -13.208
0.865828 -13.078 -13.254 -13.383 -13.563 -13.502 -13.341 -13.358 -13.561 -13.499 -13.334 -13.096 -12.78 -13.564 -13.455 -13.212 -12.979 -12.733 -13.448 -13.224 -12.991 -12.809 -12.727 -13.22 -13.363 -13.114 -12.191 -11.717 -11.145 -13.249
0.892015 -13.088 -13.268 -13.403 -13.593 -13.538 -13.381 -13.382 -13.593 -13.535 -13.374 -13.139 -12.825 -13.595 -13.493 -13.254 -13.023 -12.779 -13.486 -13.266 -13.035 -12.855 -12.772 -13.261 -13.403 -13.157 -12.239 -11.766 -11.196 -13.289
0.918993 -13.097 -13.282 -13.423 -13.623 -13.574 -13.421 -13.407 -13.623 -13.571 -13.414 -13.182 -12.871 -13.626 -13.53 -13.296 -13.068 -12.825 -13.523 -13.307 -13.079 -12.9 -12.817 -13.302 -13.442 -13.2 -12.288 -11.816 -11.246 -13.329
0.946787 -13.105 -13.295 -13.442 -13.653 -13.609 -13.461 -13.431 -13.654 -13.606 -13.453 -13.224 -12.916 -13.657 -13.567 -13.337 -13.111 -12.87 -13.56 -13.348 -13.123 -12.944 -12.862 -13.342 -13.48 -13.242 -12.336 -11.865 -11.297 -13.369
0.975422 -13.113 -13.308 -13.46 -13.682 -13.644 -13.5 -13.455 -13.684 -13.641 -13.493 -13.267 -12.961 -13.687 -13.603 -13.379 -13.155 -12.916 -13.597 -13.39 -13.166 -12.989 -12.907 -13.383 -13.519 -13.285 -12.384 -11.914 -11.347 -13.408
1.004923 -13.12 -13.32 -13.478 -13.711 -13.679 -13.539 -13.478 -13.714 -13.676 -13.532 -13.309 -13.006 -13.716 -13.639 -13.42 -13.199 -12.961 -13.634 -13.43 -13.209 -13.034 -12.952 -13.423 -13.557 -13.327 -12.431 -11.964 -11.398 -13.448
1.035317 -13.126 -13.331 -13.495 -13.739 -13.713 -13.578 -13.501 -13.743 -13.71 -13.571 -13.351 -13.051 -13.745 -13.675 -13.461 -13.242 -13.006 -13.67 -13.471 -13.253 -13.078 -12.996 -13.463 -13.595 -13.369 -12.479 -12.013 -11.448 -13.487
1.066629 -13.131 -13.341 -13.512 -13.767 -13.747 -13.617 -13.523 -13.772 -13.744 -13.61 -13.393 -13.095 -13.774 -13.711 -13.501 -13.285 -13.051 -13.706 -13.512 -13.296 -13.122 -13.04 -13.502 -13.633 -13.41 -12.527 -12.062 -11.498 -13.525
1.098888 -13.136 -13.351 -13.527 -13.794 -13.78 -13.655 -13.545 -13.8 -13.778 -13.648 -13.435 -13.14 -13.802 -13.746 -13.541 -13.328 -13.096 -13.742 -13.552 -13.338 -13.167 -13.085 -13.542 -13.67 -13.452 -12.574 -12.111 -11.548 -13.564
1.132124 -13.14 -13.36 -13.543 -13.821 -13.814 -13.693 -13.567 -13.828 -13.811 -13.686 -13.476 -13.184 -13.83 -13.781 -13.582 -13.371 -13.141 -13.778 -13.592 -13.381 -13.21 -13.129 -13.581 -13.707 -13.493 -12.622 -12.159 -11.598 -13.602
1.166364 -13.143 -13.368 -13.557 -13.847 -13.846 -13.73 -13.588 -13.856 -13.844 -13.724 -13.517 -13.228 -13.857 -13.815 -13.621 -13.413 -13.185 -13.813 -13.631 -13.423 -13.254 -13.173 -13.62 -13.744 -13.534 -12.669 -12.208 -11.648 -13.64
1.20164 -13.145 -13.375 -13.571 -13.873 -13.879 -13.768 -13.609 -13.883 -13.876 -13.761 -13.558 -13.272 -13.884 -13.849 -13.661 -13.456 -13.229 -13.847 -13.671 -13.465 -13.298 -13.216 -13.658 -13.78 -13.574 -12.716 -12.257 -11.698 -13.678
1.237983 -13.147 -13.381 -13.585 -13.898 -13.911 -13.805 -13.629 -13.909 -13.908 -13.798 -13.598 -13.315 -13.91 -13.883 -13.7 -13.498 -13.273 -13.882 -13.71 -13.507 -13.341 -13.26 -13.696 -13.816 -13.615 -12.763 -12.305 -11.748 -13.715
1.275425 -13.147 -13.387 -13.597 -13.923 -13.942 -13.841 -13.649 -13.935 -13.94 -13.835 -13.639 -13.359 -13.936 -13.916 -13.739 -13.539 -13.317 -13.916 -13.748 -13.549 -13.384 -13.303 -13.734 -13.852 -13.655 -12.809 -12.353 -11.797 -13.752
1.313999 -13.147 -13.392 -13.609 -13.947 -13.973 -13.878 -13.668 -13.96 -13.971 -13.871 -13.679 -13.402 -13.961 -13.949 -13.778 -13.581 -13.361 -13.949 -13.787 -13.59 -13.427 -13.346 -13.772 -13.887 -13.694 -12.856 -12.401 -11.847 -13.788
1.35374 -13.145 -13.395 -13.62 -13.971 -14.004 -13.914 -13.687 -13.985 -14.001 -13.907 -13.718 -13.445 -13.985 -13.982 -13.816 -13.622 -13.404 -13.982 -13.825 -13.631 -13.47 -13.389 -13.809 -13.922 -13.734 -12.902 -12.449 -11.896 -13.825
1.394683 -13.143 -13.398 -13.63 -13.994 -14.034 -13.949 -13.705 -14.009 -14.032 -13.943 -13.758 -13.488 -14.009 -14.014 -13.854 -13.663 -13.447 -14.015 -13.863 -13.672 -13.512 -13.432 -13.846 -13.956 -13.773 -12.949 -12.497 -11.945 -13.861
1.436864 -13.14 -13.4 -13.639 -14.016 -14.064 -13.984 -13.722 -14.033 -14.061 -13.978 -13.797 -13.53 -14.033 -14.045 -13.891 -13.704 -13.49 -14.047 -13.9 -13.713 -13.554 -13.475 -13.883 -13.991 -13.812 -12.995 -12.545 -11.994 -13.896
1.480321 -13.135 -13.401 -13.648 -14.037 -14.093 -14.019 -13.739 -14.056 -14.09 -14.013 -13.836 -13.572 -14.055 -14.076 -13.929 -13.744 -13.533 -14.079 -13.938 -13.753 -13.596 -13.517 -13.919 -14.024 -13.85 -13.041 -12.593 -12.043 -13.932
1.525092 -13.13 -13.4 -13.655 -14.058 -14.121 -14.053 -13.756 -14.078 -14.119 -14.047 -13.874 -13.614 -14.077 -14.107 -13.965 -13.784 -13.575 -14.11 -13.974 -13.793 -13.638 -13.559 -13.955 -14.057 -13.889 -13.086 -12.64 -12.092 -13.966
1.571218 -13.123 -13.399 -13.662 -14.079 -14.149 -14.087 -13.772 -14.1 -14.147 -14.081 -13.912 -13.656 -14.098 -14.137 -14.002 -13.824 -13.617 -14.141 -14.011 -13.833 -13.679 -13.601 -13.99 -14.09 -13.926 -13.132 -12.687 -12.141 -14.001
1.618738 -13.116 -13.396 -13.668 -14.098 -14.177 -14.121 -13.787 -14.121 -14.175 -14.115 -13.95 -13.697 -14.119 -14.167 -14.038 -13.863 -13.659 -14.172 -14.047 -13.872 -13.721 -13.643 -14.025 -14.123 -13.964 -13.177 -12.734 -12.189 -14.035
1.667696 -13.107 -13.393 -13.673 -14.117 -14.204 -14.153 -13.801 -14.141 -14.201 -14.148 -13.987 -13.738 -14.139 -14.196 -14.074 -13.903 -13.701 -14.201 -14.082 -13.911 -13.761 -13.684 -14.06 -14.154 -14.001 -13.222 -12.781 -12.238 -14.068
1.718134 -13.097 -13.388 -13.676 -14.135 -14.23 -14.186 -13.815 -14.16 -14.228 -14.18 -14.024 -13.779 -14.158 -14.224 -14.109 -13.941 -13.742 -14.231 -14.117 -13.95 -13.802 -13.726 -14.094 -14.186 -14.038 -13.267 -12.828 -12.286 -14.101
1.770098 -13.086 -13.381 -13.679 -14.152 -14.255 -14.218 -13.828 -14.179 -14.253 -14.212 -14.061 -13.819 -14.176 -14.252 -14.144 -13.98 -13.783 -14.259 -14.152 -13.988 -13.842 -13.766 -14.127 -14.217 -14.074 -13.311 -12.874 -12.334 -14.134
1.823633 -13.073 -13.374 -13.681 -14.168 -14.28 -14.249 -13.841 -14.197 -14.278 -14.244 -14.097 -13.859 -14.194 -14.279 -14.178 -14.018 -13.823 -14.287 -14.186 -14.026 -13.882 -13.807 -14.161 -14.247 -14.11 -13.356 -12.921 -12.382 -14.166
1.878788 -13.059 -13.365 -13.681 -14.183 -14.304 -14.28 -13.852 -14.213 -14.303 -14.275 -14.133 -13.899 -14.21 -14.306 -14.212 -14.055 -13.864 -14.315 -14.22 -14.063 -13.922 -13.847 -14.193 -14.277 -14.145 -13.4 -12.967 -12.43 -14.198
1.93561 -13.043 -13.355 -13.68 -14.198 -14.328 -14.31 -13.863 -14.229 -14.326 -14.305 -14.168 -13.938 -14.226 -14.332 -14.245 -14.092 -13.904 -14.341 -14.253 -14.1 -13.961 -13.887 -14.225 -14.306 -14.18 -13.443 -13.013 -12.477 -14.229
1.994152 -13.027 -13.343 -13.678 -14.211 -14.35 -14.34 -13.873 -14.244 -14.349 -14.335 -14.203 -13.977 -14.241 -14.357 -14.278 -14.129 -13.943 -14.368 -14.286 -14.137 -14.0 -13.927 -14.257 -14.334 -14.214 -13.487 -13.058 -12.524 -14.259
2.054463 -13.008 -13.329 -13.675 -14.224 -14.372 -14.369 -13.882 -14.259 -14.371 -14.364 -14.237 -14.016 -14.254 -14.381 -14.31 -14.165 -13.982 -14.393 -14.318 -14.173 -14.038 -13.966 -14.288 -14.362 -14.248 -13.53 -13.103 -12.571 -14.289
2.116599 -12.988 -13.314 -13.67 -14.235 -14.393 -14.397 -13.891 -14.272 -14.392 -14.393 -14.27 -14.054 -14.267 -14.405 -14.342 -14.201 -14.021 -14.417 -14.35 -14.209 -14.076 -14.005 -14.319 -14.389 -14.282 -13.573 -13.148 -12.618 -14.319
2.180614 -12.967 -13.297 -13.664 -14.245 -14.413 -14.425 -13.898 -14.283 -14.412 -14.42 -14.303 -14.091 -14.279 -14.428 -14.373 -14.236 -14.059 -14.441 -14.381 -14.244 -14.113 -14.043 -14.348 -14.415 -14.314 -13.615 -13.193 -12.665 -14.347
2.246566 -12.943 -13.279 -13.657 -14.254 -14.433 -14.452 -13.905 -14.294 -14.431 -14.447 -14.336 -14.128 -14.289 -14.45 -14.403 -14.271 -14.097 -14.464 -14.411 -14.278 -14.15 -14.081 -14.378 -14.441 -14.347 -13.657 -13.238 -12.711 -14.375
2.314511 -12.918 -13.259 -13.647 -14.262 -14.451 -14.478 -13.91 -14.304 -14.45 -14.474 -14.368 -14.165 -14.298 -14.471 -14.433 -14.305 -14.134 -14.486 -14.44 -14.313 -14.187 -14.119 -14.406 -14.466 -14.378 -13.699 -13.282 -12.757 -14.403
2.384512 -12.891 -13.236 -13.637 -14.269 -14.468 -14.503 -13.914 -14.312 -14.467 -14.499 -14.399 -14.201 -14.306 -14.491 -14.462 -14.338 -14.171 -14.508 -14.469 -14.346 -14.223 -14.156 -14.434 -14.49 -14.409 -13.741 -13.326 -12.803 -14.429
2.45663 -12.862 -13.212 -13.624 -14.274 -14.484 -14.527 -13.918 -14.32 -14.483 -14.524 -14.43 -14.237 -14.313 -14.51 -14.49 -14.371 -14.207 -14.528 -14.498 -14.379 -14.258 -14.193 -14.461 -14.513 -14.439 -13.782 -13.369 -12.849 -14.455
2.530929 -12.831 -13.185 -13.61 -14.278 -14.499 -14.551 -13.92 -14.325 -14.498 -14.548 -14.459 -14.272 -14.318 -14.528 -14.517 -14.404 -14.243 -14.547 -14.525 -14.411 -14.293 -14.229 -14.487 -14.535 -14.469 -13.822 -13.413 -12.894 -14.48
2.607475 -12.797 -13.156 -13.594 -14.28 -14.513 -14.574 -13.921 -14.33 -14.512 -14.57 -14.489 -14.306 -14.322 -14.545 -14.544 -14.435 -14.278 -14.566 -14.551 -14.443 -14.328 -14.265 -14.512 -14.556 -14.497 -13.862 -13.455 -12.939 -14.504
2.686337 -12.762 -13.125 -13.576 -14.28 -14.526 -14.595 -13.92 -14.332 -14.525 -14.592 -14.517 -14.34 -14.324 -14.561 -14.569 -14.466 -14.312 -14.583 -14.577 -14.473 -14.361 -14.3 -14.537 -14.576 -14.525 -13.902 -13.498 -12.984 -14.528
2.767583 -12.724 -13.091 -13.556 -14.28 -14.537 -14.616 -13.918 -14.334 -14.537 -14.613 -14.544 -14.373 -14.325 -14.575 -14.594 -14.496 -14.346 -14.599 -14.602 -14.504 -14.395 -14.334 -14.561 -14.595 -14.552 -13.941 -13.54 -13.028 -14.55
2.851287 -12.684 -13.055 -13.533 -14.277 -14.547 -14.635 -13.915 -14.333 -14.547 -14.633 -14.571 -14.405 -14.324 -14.589 -14.618 -14.525 -14.379 -14.613 -14.626 -14.533 -14.427 -14.368 -14.583 -14.613 -14.578 -13.98 -13.581 -13.072 -14.571
2.937522 -12.641 -13.016 -13.509 -14.272 -14.555 -14.654 -13.911 -14.331 -14.555 -14.651 -14.597 -14.437 -14.321 -14.601 -14.641 -14.554 -14.412 -14.627 -14.649 -14.561 -14.458 -14.401 -14.605 -14.63 -14.604 -14.018 -13.622 -13.116 -14.592
3.026365 -12.595 -12.974 -13.482 -14.266 -14.562 -14.671 -13.905 -14.327 -14.562 -14.668 -14.621 -14.468 -14.316 -14.612 -14.663 -14.581 -14.444 -14.639 -14.67 -14.589 -14.489 -14.434 -14.625 -14.646 -14.628 -14.055 -13.663 -13.159 -14.611
3.117896 -12.547 -12.929 -13.452 -14.257 -14.568 -14.686 -13.897 -14.321 -14.568 -14.684 -14.645 -14.498 -14.31 -14.621 -14.683 -14.608 -14.474 -14.65 -14.691 -14.615 -14.519 -14.465 -14.645 -14.66 -14.651 -14.092 -13.703 -13.201 -14.629
3.212194 -12.495 -12.881 -13.42 -14.247 -14.571 -14.701 -13.887 -14.313 -14.572 -14.699 -14.667 -14.527 -14.301 -14.628 -14.703 -14.633 -14.504 -14.659 -14.71 -14.641 -14.548 -14.496 -14.663 -14.673 -14.673 -14.129 -13.743 -13.244 -14.646
3.309345 -12.441 -12.829 -13.385 -14.234 -14.573 -14.714 -13.876 -14.302 -14.574 -14.712 -14.689 -14.555 -14.29 -14.634 -14.721 -14.658 -14.534 -14.666 -14.728 -14.665 -14.577 -14.526 -14.68 -14.684 -14.694 -14.164 -13.782 -13.286 -14.661
3.409434 -12.383 -12.773 -13.347 -14.218 -14.573 -14.725 -13.863 -14.29 -14.574 -14.724 -14.709 -14.582 -14.276 -14.638 -14.737 -14.681 -14.562 -14.672 -14.745 -14.689 -14.604 -14.556 -14.695 -14.694 -14.713 -14.199 -13.82 -13.327 -14.676
3.51255 -12.322 -12.714 -13.306 -14.2 -14.57 -14.735 -13.848 -14.274 -14.572 -14.734 -14.728 -14.609 -14.26 -14.64 -14.753 -14.703 -14.589 -14.676 -14.76 -14.711 -14.63 -14.584 -14.709 -14.702 -14.732 -14.233 -13.858 -13.368 -14.688
3.618785 -12.257 -12.651 -13.261 -14.18 -14.566 -14.743 -13.831 -14.257 -14.567 -14.742 -14.745 -14.634 -14.242 -14.64 -14.766 -14.724 -14.615 -14.678 -14.774 -14.732 -14.655 -14.611 -14.722 -14.708 -14.749 -14.267 -13.895 -13.408 -14.7
3.728232 -12.188 -12.583 -13.213 -14.156 -14.559 -14.749 -13.811 -14.236 -14.561 -14.749 -14.761 -14.657 -14.22 -14.639 -14.778 -14.744 -14.64 -14.678 -14.786 -14.752 -14.679 -14.638 -14.733 -14.713 -14.764 -14.299 -13.932 -13.447 -14.709
3.84099 -12.116 -12.511 -13.161 -14.129 -14.55 -14.753 -13.789 -14.212 -14.552 -14.754 -14.776 -14.68 -14.196 -14.634 -14.789 -14.762 -14.664 -14.676 -14.797 -14.77 -14.702 -14.663 -14.742 -14.715 -14.778 -14.33 -13.967 -13.486 -14.717
3.957158 -12.039 -12.434 -13.105 -14.099 -14.538 -14.755 -13.765 -14.186 -14.541 -14.756 -14.788 -14.701 -14.168 -14.628 -14.797 -14.778 -14.686 -14.671 -14.806 -14.787 -14.723 -14.687 -14.75 -14.716 -14.79 -14.361 -14.002 -13.525 -14.723
4.07684 -11.958 -12.351 -13.045 -14.066 -14.524 -14.755 -13.738 -14.155 -14.526 -14.756 -14.799 -14.721 -14.137 -14.618 -14.804 -14.793 -14.707 -14.664 -14.812 -14.802 -14.743 -14.709 -14.755 -14.714 -14.8 -14.391 -14.036 -13.562 -14.728
4.200141 -11.872 -12.263 -12.981 -14.029 -14.506 -14.753 -13.708 -14.122 -14.509 -14.754 -14.808 -14.74 -14.102 -14.607 -14.809 -14.807 -14.727 -14.655 -14.817 -14.815 -14.762 -14.731 -14.758 -14.709 -14.809 -14.419 -14.069 -13.599 -14.73
4.327172 -11.782 -12.169 -12.911 -13.988 -14.486 -14.748 -13.675 -14.084 -14.489 -14.75 -14.816 -14.756 -14.064 -14.592 -14.811 -14.818 -14.744 -14.642 -14.819 -14.827 -14.779 -14.75 -14.76 -14.703 -14.815 -14.446 -14.102 -13.635 -14.73
4.458044 -11.687 -12.069 -12.837 -13.942 -14.461 -14.74 -13.639 -14.042 -14.465 -14.742 -14.82 -14.771 -14.021 -14.574 -14.811 -14.827 -14.761 -14.627 -14.819 -14.836 -14.794 -14.769 -14.759 -14.693 -14.819 -14.472 -14.133 -13.671 -14.727
4.592874 -11.586 -11.962 -12.757 -13.892 -14.434 -14.729 -13.599 -13.996 -14.438 -14.732 -14.823 -14.784 -13.973 -14.552 -14.808 -14.835 -14.775 -14.608 -14.817 -14.844 -14.807 -14.786 -14.755 -14.68 -14.821 -14.497 -14.163 -13.705 -14.722
4.731783 -11.481 -11.848 -12.671 -13.837 -14.402 -14.715 -13.556 -13.946 -14.406 -14.719 -14.823 -14.796 -13.921 -14.527 -14.802 -14.84 -14.788 -14.586 -14.812 -14.849 -14.818 -14.8 -14.749 -14.665 -14.82 -14.52 -14.192 -13.738 -14.715
4.874892 -11.369 -11.726 -12.579 -13.777 -14.366 -14.698 -13.51 -13.89 -14.371 -14.702 -14.821 -14.805 -13.864 -14.499 -14.794 -14.842 -14.798 -14.56 -14.803 -14.852 -14.828 -14.813 -14.74 -14.645 -14.817 -14.542 -14.219 -13.771 -14.705
5.02233 -11.252 -11.595 -12.481 -13.711 -14.326 -14.677 -13.459 -13.828 -14.331 -14.682 -14.815 -14.811 -13.801 -14.466 -14.783 -14.842 -14.807 -14.53 -14.792 -14.852 -14.835 -14.824 -14.728 -14.623 -14.811 -14.562 -14.246 -13.802 -14.691
5.174227 -11.129 -11.456 -12.375 -13.639 -14.281 -14.652 -13.403 -13.761 -14.286 -14.658 -14.807 -14.816 -13.733 -14.428 -14.768 -14.84 -14.813 -14.496 -14.778 -14.85 -14.839 -14.833 -14.712 -14.596 -14.801 -14.58 -14.27 -13.832 -14.675
