web/models/kne/32/villar_0.0512_0.1083_10.0000.dat
# %ECSV 1.0
# ---
# datatype:
# - {name: time, datatype: float64}
# - {name: swift_uvot_uvw2, datatype: float64}
# - {name: swift_uvot_uvm2, datatype: float64}
# - {name: swift_uvot_uvw1, datatype: float64}
# - {name: swift_uvot_U, datatype: float64}
# - {name: swift_uvot_B, datatype: float64}
# - {name: swift_uvot_V, datatype: float64}
# - {name: swift_uvot_W, datatype: float64}
# - {name: johnson_U, datatype: float64}
# - {name: johnson_B, datatype: float64}
# - {name: johnson_V, datatype: float64}
# - {name: johnson_R, datatype: float64}
# - {name: johnson_I, datatype: float64}
# - {name: sdss_u, datatype: float64}
# - {name: sdss_g, datatype: float64}
# - {name: sdss_r, datatype: float64}
# - {name: sdss_i, datatype: float64}
# - {name: sdss_z, datatype: float64}
# - {name: PS1_g, datatype: float64}
# - {name: PS1_r, datatype: float64}
# - {name: PS1_i, datatype: float64}
# - {name: PS1_z, datatype: float64}
# - {name: PS1_Y, datatype: float64}
# - {name: PS1_w, datatype: float64}
# - {name: ATLAS_c, datatype: float64}
# - {name: ATLAS_o, datatype: float64}
# - {name: ukirt_J, datatype: float64}
# - {name: ukirt_H, datatype: float64}
# - {name: ukirt_K, datatype: float64}
# - {name: Clear, datatype: float64}
# meta: !!omap
# - comment: [kappa = 10.0, type = villar, mass = 0.051209162050732976, velocity = 0.10833333333333334, theta_obs = 0.0]
# schema: astropy-2.0
time swift_uvot_uvw2 swift_uvot_uvm2 swift_uvot_uvw1 swift_uvot_U swift_uvot_B swift_uvot_V swift_uvot_W johnson_U johnson_B johnson_V johnson_R johnson_I sdss_u sdss_g sdss_r sdss_i sdss_z PS1_g PS1_r PS1_i PS1_z PS1_Y PS1_w ATLAS_c ATLAS_o ukirt_J ukirt_H ukirt_K Clear
[from data line 151]
0.089944 -11.121 -11.281 -11.394 -11.541 -11.463 -11.289 -11.353 -11.536 -11.46 -11.281 -11.035 -10.711 -11.54 -11.412 -11.155 -10.914 -10.663 -11.403 -11.167 -10.927 -10.742 -10.66 -11.165 -11.314 -11.054 -10.114 -9.635 -9.061 -11.197
0.092665 -11.137 -11.301 -11.419 -11.575 -11.502 -11.332 -11.383 -11.571 -11.499 -11.324 -11.08 -10.758 -11.575 -11.452 -11.199 -10.961 -10.711 -11.444 -11.211 -10.973 -10.789 -10.707 -11.209 -11.356 -11.099 -10.164 -9.686 -9.113 -11.239
0.095467 -11.152 -11.321 -11.444 -11.609 -11.541 -11.375 -11.411 -11.606 -11.538 -11.367 -11.125 -10.806 -11.61 -11.492 -11.243 -11.007 -10.759 -11.484 -11.255 -11.019 -10.836 -10.754 -11.252 -11.398 -11.144 -10.214 -9.737 -9.165 -11.282
0.098355 -11.168 -11.341 -11.468 -11.643 -11.58 -11.417 -11.44 -11.641 -11.577 -11.41 -11.17 -10.853 -11.644 -11.532 -11.287 -11.053 -10.806 -11.525 -11.299 -11.065 -10.883 -10.801 -11.295 -11.439 -11.189 -10.263 -9.788 -9.217 -11.325
0.101329 -11.182 -11.36 -11.492 -11.677 -11.618 -11.46 -11.469 -11.675 -11.615 -11.452 -11.215 -10.901 -11.678 -11.572 -11.331 -11.099 -10.854 -11.565 -11.343 -11.111 -10.93 -10.848 -11.338 -11.481 -11.234 -10.313 -9.839 -9.268 -11.367
0.104394 -11.196 -11.379 -11.516 -11.71 -11.657 -11.502 -11.497 -11.709 -11.654 -11.494 -11.26 -10.948 -11.712 -11.612 -11.375 -11.145 -10.901 -11.605 -11.386 -11.157 -10.977 -10.895 -11.382 -11.522 -11.279 -10.363 -9.89 -9.32 -11.409
0.107551 -11.21 -11.397 -11.539 -11.743 -11.695 -11.544 -11.525 -11.743 -11.692 -11.536 -11.305 -10.995 -11.746 -11.652 -11.419 -11.191 -10.949 -11.645 -11.43 -11.203 -11.024 -10.941 -11.424 -11.564 -11.323 -10.412 -9.941 -9.372 -11.452
0.110804 -11.224 -11.415 -11.562 -11.776 -11.733 -11.586 -11.553 -11.777 -11.73 -11.578 -11.35 -11.042 -11.779 -11.691 -11.463 -11.237 -10.996 -11.685 -11.474 -11.248 -11.07 -10.988 -11.467 -11.605 -11.368 -10.462 -9.992 -9.424 -11.494
0.114155 -11.237 -11.432 -11.585 -11.808 -11.771 -11.627 -11.58 -11.81 -11.768 -11.62 -11.394 -11.089 -11.813 -11.73 -11.506 -11.283 -11.043 -11.724 -11.517 -11.294 -11.117 -11.035 -11.51 -11.646 -11.412 -10.512 -10.042 -9.476 -11.535
0.117608 -11.249 -11.449 -11.607 -11.84 -11.808 -11.669 -11.607 -11.843 -11.805 -11.662 -11.439 -11.136 -11.846 -11.769 -11.549 -11.328 -11.091 -11.764 -11.56 -11.339 -11.163 -11.081 -11.552 -11.687 -11.456 -10.561 -10.093 -9.527 -11.577
0.121165 -11.261 -11.465 -11.629 -11.872 -11.845 -11.71 -11.634 -11.876 -11.843 -11.703 -11.483 -11.182 -11.878 -11.808 -11.593 -11.374 -11.138 -11.803 -11.603 -11.384 -11.21 -11.128 -11.595 -11.727 -11.5 -10.611 -10.144 -9.579 -11.619
0.124829 -11.273 -11.481 -11.651 -11.904 -11.882 -11.751 -11.661 -11.909 -11.88 -11.744 -11.527 -11.229 -11.911 -11.846 -11.636 -11.419 -11.185 -11.842 -11.646 -11.43 -11.256 -11.174 -11.637 -11.768 -11.544 -10.66 -10.194 -9.631 -11.66
0.128605 -11.284 -11.497 -11.672 -11.935 -11.919 -11.793 -11.688 -11.941 -11.917 -11.785 -11.571 -11.276 -11.943 -11.884 -11.678 -11.464 -11.232 -11.881 -11.689 -11.475 -11.302 -11.22 -11.679 -11.808 -11.588 -10.709 -10.245 -9.682 -11.701
0.132494 -11.294 -11.512 -11.692 -11.966 -11.956 -11.833 -11.714 -11.973 -11.953 -11.826 -11.615 -11.322 -11.975 -11.923 -11.721 -11.509 -11.278 -11.919 -11.731 -11.52 -11.349 -11.267 -11.721 -11.848 -11.632 -10.758 -10.296 -9.734 -11.743
0.136502 -11.304 -11.527 -11.713 -11.997 -11.992 -11.874 -11.74 -12.005 -11.99 -11.867 -11.659 -11.368 -12.006 -11.961 -11.764 -11.554 -11.325 -11.958 -11.774 -11.564 -11.395 -11.313 -11.763 -11.888 -11.676 -10.808 -10.346 -9.785 -11.783
0.14063 -11.314 -11.541 -11.733 -12.027 -12.029 -11.915 -11.766 -12.036 -12.026 -11.908 -11.703 -11.415 -12.037 -11.998 -11.806 -11.599 -11.372 -11.996 -11.816 -11.609 -11.441 -11.359 -11.804 -11.927 -11.719 -10.857 -10.396 -9.837 -11.824
0.144883 -11.323 -11.554 -11.752 -12.057 -12.065 -11.955 -11.792 -12.067 -12.062 -11.948 -11.746 -11.461 -12.068 -12.036 -11.849 -11.644 -11.418 -12.034 -11.858 -11.654 -11.487 -11.405 -11.846 -11.967 -11.762 -10.906 -10.447 -9.888 -11.865
0.149265 -11.332 -11.567 -11.772 -12.087 -12.1 -11.995 -11.817 -12.098 -12.098 -11.988 -11.789 -11.507 -12.099 -12.073 -11.891 -11.689 -11.465 -12.072 -11.9 -11.698 -11.532 -11.451 -11.887 -12.006 -11.805 -10.955 -10.497 -9.94 -11.905
0.15378 -11.34 -11.58 -11.79 -12.117 -12.136 -12.035 -11.842 -12.129 -12.133 -12.029 -11.833 -11.553 -12.129 -12.11 -11.933 -11.733 -11.511 -12.109 -11.942 -11.743 -11.578 -11.497 -11.928 -12.045 -11.848 -11.003 -10.547 -9.991 -11.946
0.15843 -11.348 -11.592 -11.809 -12.146 -12.171 -12.075 -11.867 -12.159 -12.169 -12.068 -11.876 -11.599 -12.159 -12.147 -11.975 -11.778 -11.557 -12.147 -11.984 -11.787 -11.624 -11.543 -11.969 -12.084 -11.891 -11.052 -10.598 -10.043 -11.986
0.163222 -11.355 -11.604 -11.827 -12.175 -12.206 -12.115 -11.892 -12.189 -12.204 -12.108 -11.919 -11.644 -12.189 -12.184 -12.016 -11.822 -11.603 -12.184 -12.026 -11.831 -11.669 -11.589 -12.01 -12.123 -11.934 -11.101 -10.648 -10.094 -12.026
0.168159 -11.362 -11.615 -11.844 -12.203 -12.241 -12.154 -11.916 -12.218 -12.238 -12.148 -11.961 -11.69 -12.218 -12.22 -12.058 -11.866 -11.649 -12.221 -12.067 -11.875 -11.715 -11.635 -12.05 -12.162 -11.977 -11.15 -10.698 -10.145 -12.066
0.173245 -11.368 -11.625 -11.861 -12.231 -12.275 -12.193 -11.94 -12.248 -12.273 -12.187 -12.004 -11.735 -12.247 -12.256 -12.099 -11.91 -11.695 -12.258 -12.108 -11.919 -11.76 -11.68 -12.091 -12.2 -12.019 -11.198 -10.748 -10.196 -12.105
0.178484 -11.373 -11.636 -11.878 -12.259 -12.31 -12.232 -11.964 -12.277 -12.307 -12.226 -12.047 -11.781 -12.276 -12.292 -12.14 -11.954 -11.741 -12.294 -12.149 -11.963 -11.805 -11.726 -12.131 -12.238 -12.061 -11.247 -10.798 -10.248 -12.145
0.183882 -11.379 -11.645 -11.894 -12.287 -12.344 -12.271 -11.988 -12.305 -12.341 -12.265 -12.089 -11.826 -12.305 -12.328 -12.181 -11.998 -11.787 -12.331 -12.19 -12.007 -11.85 -11.771 -12.171 -12.276 -12.104 -11.295 -10.848 -10.299 -12.184
0.189444 -11.383 -11.654 -11.91 -12.314 -12.377 -12.31 -12.011 -12.334 -12.375 -12.304 -12.131 -11.871 -12.333 -12.363 -12.222 -12.041 -11.833 -12.367 -12.231 -12.05 -11.895 -11.817 -12.211 -12.314 -12.146 -11.344 -10.898 -10.35 -12.223
0.195173 -11.387 -11.663 -11.925 -12.341 -12.411 -12.348 -12.034 -12.362 -12.409 -12.342 -12.173 -11.916 -12.361 -12.399 -12.263 -12.085 -11.878 -12.403 -12.272 -12.093 -11.94 -11.862 -12.251 -12.352 -12.187 -11.392 -10.948 -10.401 -12.262
0.201076 -11.391 -11.67 -11.94 -12.367 -12.444 -12.387 -12.057 -12.39 -12.442 -12.381 -12.215 -11.961 -12.388 -12.434 -12.304 -12.128 -11.923 -12.438 -12.312 -12.137 -11.985 -11.907 -12.291 -12.389 -12.229 -11.44 -10.997 -10.452 -12.301
0.207158 -11.394 -11.678 -11.955 -12.393 -12.477 -12.425 -12.079 -12.417 -12.475 -12.419 -12.257 -12.006 -12.415 -12.468 -12.344 -12.171 -11.969 -12.474 -12.352 -12.18 -12.03 -11.952 -12.33 -12.426 -12.271 -11.489 -11.047 -10.503 -12.339
0.213423 -11.396 -11.685 -11.969 -12.419 -12.51 -12.463 -12.102 -12.444 -12.508 -12.457 -12.299 -12.051 -12.442 -12.503 -12.384 -12.214 -12.014 -12.509 -12.393 -12.223 -12.074 -11.997 -12.369 -12.463 -12.312 -11.537 -11.097 -10.554 -12.378
0.219878 -11.398 -11.691 -11.982 -12.445 -12.542 -12.5 -12.124 -12.471 -12.54 -12.495 -12.34 -12.096 -12.468 -12.537 -12.424 -12.257 -12.059 -12.544 -12.432 -12.266 -12.119 -12.042 -12.408 -12.5 -12.353 -11.585 -11.146 -10.605 -12.416
0.226528 -11.4 -11.696 -11.995 -12.47 -12.574 -12.538 -12.146 -12.497 -12.572 -12.532 -12.381 -12.14 -12.494 -12.571 -12.464 -12.3 -12.104 -12.579 -12.472 -12.308 -12.163 -12.087 -12.447 -12.536 -12.394 -11.633 -11.196 -10.656 -12.454
0.233379 -11.401 -11.702 -12.008 -12.494 -12.606 -12.575 -12.167 -12.523 -12.604 -12.57 -12.422 -12.184 -12.52 -12.605 -12.503 -12.343 -12.149 -12.613 -12.512 -12.351 -12.207 -12.132 -12.486 -12.572 -12.435 -11.68 -11.245 -10.707 -12.492
0.240437 -11.401 -11.706 -12.02 -12.519 -12.638 -12.612 -12.189 -12.548 -12.636 -12.607 -12.463 -12.229 -12.545 -12.638 -12.543 -12.385 -12.193 -12.647 -12.551 -12.393 -12.251 -12.177 -12.525 -12.609 -12.476 -11.728 -11.295 -10.757 -12.529
0.247709 -11.401 -11.71 -12.031 -12.543 -12.669 -12.649 -12.21 -12.574 -12.667 -12.643 -12.504 -12.273 -12.57 -12.672 -12.582 -12.428 -12.238 -12.681 -12.59 -12.436 -12.295 -12.221 -12.563 -12.644 -12.516 -11.776 -11.344 -10.808 -12.567
0.255201 -11.4 -11.713 -12.043 -12.566 -12.7 -12.685 -12.23 -12.598 -12.698 -12.68 -12.545 -12.317 -12.595 -12.705 -12.621 -12.47 -12.282 -12.715 -12.629 -12.478 -12.339 -12.266 -12.601 -12.68 -12.557 -11.823 -11.394 -10.859 -12.604
0.262919 -11.399 -11.716 -12.053 -12.589 -12.73 -12.721 -12.251 -12.623 -12.729 -12.717 -12.585 -12.36 -12.619 -12.737 -12.66 -12.512 -12.327 -12.748 -12.668 -12.52 -12.383 -12.31 -12.639 -12.715 -12.597 -11.871 -11.443 -10.909 -12.641
0.270871 -11.397 -11.718 -12.063 -12.612 -12.761 -12.757 -12.271 -12.647 -12.759 -12.753 -12.625 -12.404 -12.643 -12.77 -12.699 -12.554 -12.371 -12.781 -12.707 -12.562 -12.426 -12.355 -12.677 -12.75 -12.637 -11.918 -11.492 -10.96 -12.678
0.279064 -11.394 -11.719 -12.073 -12.635 -12.791 -12.793 -12.291 -12.671 -12.789 -12.789 -12.665 -12.448 -12.666 -12.802 -12.737 -12.595 -12.415 -12.814 -12.745 -12.603 -12.47 -12.399 -12.714 -12.785 -12.677 -11.966 -11.541 -11.01 -12.715
0.287504 -11.391 -11.72 -12.082 -12.657 -12.821 -12.829 -12.311 -12.694 -12.819 -12.824 -12.705 -12.491 -12.689 -12.834 -12.775 -12.637 -12.459 -12.847 -12.783 -12.645 -12.513 -12.443 -12.752 -12.82 -12.716 -12.013 -11.59 -11.061 -12.751
0.296199 -11.388 -11.72 -12.091 -12.678 -12.85 -12.864 -12.33 -12.717 -12.849 -12.86 -12.745 -12.534 -12.712 -12.865 -12.813 -12.678 -12.502 -12.879 -12.821 -12.686 -12.556 -12.487 -12.789 -12.854 -12.756 -12.06 -11.639 -11.111 -12.787
0.305157 -11.383 -11.72 -12.099 -12.699 -12.879 -12.899 -12.349 -12.74 -12.878 -12.895 -12.784 -12.578 -12.734 -12.896 -12.851 -12.72 -12.546 -12.911 -12.859 -12.727 -12.6 -12.531 -12.826 -12.888 -12.795 -12.107 -11.688 -11.162 -12.823
0.314387 -11.378 -11.719 -12.107 -12.72 -12.908 -12.934 -12.368 -12.762 -12.907 -12.93 -12.824 -12.621 -12.756 -12.927 -12.889 -12.761 -12.59 -12.943 -12.897 -12.768 -12.642 -12.574 -12.862 -12.922 -12.834 -12.154 -11.737 -11.212 -12.859
0.323895 -11.373 -11.717 -12.114 -12.74 -12.936 -12.969 -12.387 -12.783 -12.935 -12.965 -12.863 -12.663 -12.777 -12.958 -12.926 -12.801 -12.633 -12.975 -12.934 -12.809 -12.685 -12.618 -12.899 -12.956 -12.873 -12.201 -11.786 -11.262 -12.895
0.333691 -11.367 -11.714 -12.12 -12.76 -12.964 -13.003 -12.405 -12.805 -12.963 -12.999 -12.902 -12.706 -12.798 -12.988 -12.963 -12.842 -12.676 -13.006 -12.971 -12.85 -12.728 -12.662 -12.935 -12.989 -12.911 -12.248 -11.834 -11.313 -12.93
0.343783 -11.36 -11.711 -12.126 -12.779 -12.992 -13.037 -12.423 -12.826 -12.991 -13.033 -12.941 -12.749 -12.819 -13.018 -13.0 -12.883 -12.719 -13.037 -13.008 -12.89 -12.77 -12.705 -12.971 -13.022 -12.95 -12.295 -11.883 -11.363 -12.965
0.354181 -11.353 -11.707 -12.132 -12.798 -13.02 -13.071 -12.441 -12.846 -13.019 -13.067 -12.979 -12.791 -12.839 -13.048 -13.037 -12.923 -12.762 -13.067 -13.045 -12.931 -12.813 -12.748 -13.007 -13.055 -12.988 -12.341 -11.931 -11.413 -13.0
0.364893 -11.345 -11.703 -12.136 -12.817 -13.047 -13.104 -12.458 -12.866 -13.046 -13.101 -13.017 -12.833 -12.858 -13.077 -13.073 -12.963 -12.805 -13.098 -13.081 -12.971 -12.855 -12.791 -13.042 -13.087 -13.026 -12.388 -11.98 -11.463 -13.035
0.375929 -11.337 -11.698 -12.141 -12.835 -13.073 -13.138 -12.475 -12.886 -13.073 -13.134 -13.056 -12.875 -12.878 -13.107 -13.11 -13.003 -12.848 -13.128 -13.117 -13.011 -12.897 -12.834 -13.078 -13.12 -13.064 -12.434 -12.028 -11.513 -13.069
0.387298 -11.328 -11.692 -12.145 -12.852 -13.1 -13.171 -12.492 -12.905 -13.099 -13.168 -13.093 -12.917 -12.896 -13.135 -13.146 -13.043 -12.89 -13.157 -13.153 -13.05 -12.939 -12.877 -13.113 -13.152 -13.102 -12.48 -12.077 -11.563 -13.103
0.399012 -11.318 -11.685 -12.148 -12.87 -13.126 -13.203 -12.508 -12.923 -13.125 -13.2 -13.131 -12.959 -12.915 -13.164 -13.181 -13.082 -12.932 -13.187 -13.189 -13.09 -12.981 -12.92 -13.148 -13.183 -13.139 -12.527 -12.125 -11.613 -13.137
0.41108 -11.308 -11.678 -12.15 -12.886 -13.151 -13.236 -12.525 -12.942 -13.151 -13.233 -13.169 -13.001 -12.932 -13.192 -13.217 -13.122 -12.975 -13.216 -13.225 -13.129 -13.022 -12.963 -13.182 -13.215 -13.176 -12.573 -12.173 -11.663 -13.171
0.423513 -11.297 -11.67 -12.152 -12.902 -13.176 -13.268 -12.541 -12.959 -13.176 -13.265 -13.206 -13.042 -12.95 -13.22 -13.252 -13.161 -13.017 -13.244 -13.26 -13.169 -13.064 -13.005 -13.217 -13.246 -13.213 -12.619 -12.221 -11.713 -13.205
0.436321 -11.285 -11.661 -12.154 -12.918 -13.201 -13.3 -12.556 -12.976 -13.201 -13.297 -13.243 -13.083 -12.967 -13.247 -13.287 -13.2 -13.058 -13.273 -13.295 -13.208 -13.105 -13.048 -13.251 -13.276 -13.25 -12.665 -12.269 -11.762 -13.238
0.449518 -11.273 -11.651 -12.155 -12.933 -13.226 -13.331 -12.572 -12.993 -13.226 -13.329 -13.28 -13.125 -12.983 -13.274 -13.322 -13.239 -13.1 -13.301 -13.33 -13.246 -13.146 -13.09 -13.285 -13.307 -13.286 -12.71 -12.317 -11.812 -13.271
0.463113 -11.26 -11.641 -12.155 -12.948 -13.25 -13.362 -12.587 -13.01 -13.25 -13.36 -13.316 -13.166 -12.999 -13.301 -13.356 -13.277 -13.142 -13.329 -13.364 -13.285 -13.187 -13.132 -13.319 -13.337 -13.323 -12.756 -12.365 -11.862 -13.304
0.47712 -11.247 -11.63 -12.154 -12.962 -13.273 -13.393 -12.601 -13.025 -13.274 -13.391 -13.353 -13.206 -13.014 -13.327 -13.391 -13.316 -13.183 -13.356 -13.398 -13.323 -13.228 -13.174 -13.352 -13.367 -13.359 -12.802 -12.413 -11.911 -13.336
0.49155 -11.233 -11.618 -12.153 -12.975 -13.297 -13.424 -12.616 -13.041 -13.297 -13.422 -13.389 -13.247 -13.029 -13.353 -13.425 -13.354 -13.224 -13.383 -13.432 -13.362 -13.268 -13.216 -13.385 -13.396 -13.394 -12.847 -12.46 -11.961 -13.368
0.506416 -11.218 -11.605 -12.152 -12.988 -13.319 -13.454 -12.63 -13.055 -13.32 -13.453 -13.425 -13.287 -13.043 -13.378 -13.458 -13.392 -13.265 -13.41 -13.466 -13.4 -13.309 -13.257 -13.418 -13.426 -13.43 -12.892 -12.508 -12.01 -13.4
0.521733 -11.203 -11.591 -12.149 -13.001 -13.342 -13.484 -12.644 -13.07 -13.343 -13.483 -13.46 -13.327 -13.057 -13.404 -13.492 -13.43 -13.306 -13.436 -13.499 -13.437 -13.349 -13.299 -13.45 -13.454 -13.465 -12.937 -12.556 -12.059 -13.432
0.537512 -11.187 -11.577 -12.146 -13.013 -13.364 -13.514 -12.657 -13.083 -13.365 -13.513 -13.496 -13.367 -13.07 -13.428 -13.525 -13.467 -13.347 -13.462 -13.532 -13.475 -13.389 -13.34 -13.483 -13.483 -13.5 -12.982 -12.603 -12.109 -13.464
0.553769 -11.17 -11.562 -12.143 -13.024 -13.385 -13.543 -12.67 -13.097 -13.386 -13.542 -13.531 -13.407 -13.083 -13.453 -13.558 -13.504 -13.387 -13.487 -13.565 -13.512 -13.429 -13.381 -13.515 -13.511 -13.535 -13.027 -12.65 -12.158 -13.495
0.570517 -11.153 -11.546 -12.138 -13.035 -13.406 -13.572 -12.683 -13.109 -13.408 -13.571 -13.565 -13.447 -13.095 -13.477 -13.59 -13.541 -13.427 -13.512 -13.598 -13.549 -13.468 -13.422 -13.547 -13.539 -13.569 -13.072 -12.697 -12.207 -13.526
0.587772 -11.135 -11.529 -12.134 -13.045 -13.427 -13.6 -12.695 -13.121 -13.428 -13.6 -13.6 -13.486 -13.107 -13.5 -13.622 -13.578 -13.467 -13.537 -13.63 -13.586 -13.508 -13.463 -13.578 -13.566 -13.604 -13.117 -12.745 -12.256 -13.556
0.605549 -11.117 -11.511 -12.128 -13.055 -13.447 -13.629 -12.707 -13.133 -13.449 -13.628 -13.634 -13.525 -13.118 -13.523 -13.654 -13.615 -13.507 -13.562 -13.662 -13.623 -13.547 -13.504 -13.609 -13.594 -13.638 -13.161 -12.792 -12.305 -13.587
0.623863 -11.097 -11.492 -12.122 -13.064 -13.467 -13.656 -12.719 -13.144 -13.469 -13.656 -13.668 -13.565 -13.128 -13.546 -13.686 -13.651 -13.547 -13.586 -13.694 -13.659 -13.586 -13.545 -13.64 -13.62 -13.671 -13.206 -12.838 -12.354 -13.617
