web/models/kne/32/villar_0.0010_0.2180_10.0000.dat
# %ECSV 1.0
# ---
# datatype:
# - {name: time, datatype: float64}
# - {name: swift_uvot_uvw2, datatype: float64}
# - {name: swift_uvot_uvm2, datatype: float64}
# - {name: swift_uvot_uvw1, datatype: float64}
# - {name: swift_uvot_U, datatype: float64}
# - {name: swift_uvot_B, datatype: float64}
# - {name: swift_uvot_V, datatype: float64}
# - {name: swift_uvot_W, datatype: float64}
# - {name: johnson_U, datatype: float64}
# - {name: johnson_B, datatype: float64}
# - {name: johnson_V, datatype: float64}
# - {name: johnson_R, datatype: float64}
# - {name: johnson_I, datatype: float64}
# - {name: sdss_u, datatype: float64}
# - {name: sdss_g, datatype: float64}
# - {name: sdss_r, datatype: float64}
# - {name: sdss_i, datatype: float64}
# - {name: sdss_z, datatype: float64}
# - {name: PS1_g, datatype: float64}
# - {name: PS1_r, datatype: float64}
# - {name: PS1_i, datatype: float64}
# - {name: PS1_z, datatype: float64}
# - {name: PS1_Y, datatype: float64}
# - {name: PS1_w, datatype: float64}
# - {name: ATLAS_c, datatype: float64}
# - {name: ATLAS_o, datatype: float64}
# - {name: ukirt_J, datatype: float64}
# - {name: ukirt_H, datatype: float64}
# - {name: ukirt_K, datatype: float64}
# - {name: Clear, datatype: float64}
# meta: !!omap
# - comment: [kappa = 10.0, type = villar, mass = 0.001, velocity = 0.21800000000000003, theta_obs = 0.0]
# schema: astropy-2.0
time swift_uvot_uvw2 swift_uvot_uvm2 swift_uvot_uvw1 swift_uvot_U swift_uvot_B swift_uvot_V swift_uvot_W johnson_U johnson_B johnson_V johnson_R johnson_I sdss_u sdss_g sdss_r sdss_i sdss_z PS1_g PS1_r PS1_i PS1_z PS1_Y PS1_w ATLAS_c ATLAS_o ukirt_J ukirt_H ukirt_K Clear
[from data line 223]
0.768548 -5.935 -3.075 -5.52 -7.577 -9.233 -10.386 -8.486 -7.878 -9.277 -10.43 -11.222 -11.734 -7.772 -9.698 -10.894 -11.453 -11.787 -9.94 -10.932 -11.481 -11.761 -11.948 -10.927 -10.321 -11.178 -12.067 -12.032 -11.811 -10.946
0.791792 -5.926 -3.066 -5.511 -7.568 -9.224 -10.377 -8.477 -7.869 -9.268 -10.421 -11.213 -11.725 -7.763 -9.689 -10.885 -11.443 -11.778 -9.931 -10.923 -11.472 -11.752 -11.938 -10.918 -10.312 -11.169 -12.057 -12.023 -11.802 -10.937
0.815739 -5.916 -3.056 -5.5 -7.558 -9.214 -10.366 -8.467 -7.859 -9.257 -10.41 -11.203 -11.714 -7.753 -9.679 -10.875 -11.433 -11.767 -9.921 -10.912 -11.462 -11.742 -11.928 -10.908 -10.301 -11.159 -12.047 -12.012 -11.792 -10.927
0.840411 -5.904 -3.044 -5.488 -7.546 -9.202 -10.354 -8.455 -7.847 -9.245 -10.398 -11.191 -11.702 -7.741 -9.667 -10.863 -11.421 -11.755 -9.909 -10.9 -11.45 -11.73 -11.916 -10.896 -10.289 -11.147 -12.035 -12.0 -11.78 -10.915
0.865828 -5.89 -3.03 -5.475 -7.532 -9.188 -10.341 -8.441 -7.833 -9.232 -10.385 -11.177 -11.689 -7.727 -9.653 -10.849 -11.407 -11.742 -9.895 -10.887 -11.436 -11.716 -11.902 -10.882 -10.276 -11.133 -12.021 -11.987 -11.766 -10.901
0.892015 -5.875 -3.015 -5.46 -7.517 -9.173 -10.326 -8.426 -7.818 -9.217 -10.369 -11.162 -11.674 -7.712 -9.638 -10.834 -11.392 -11.726 -9.88 -10.872 -11.421 -11.701 -11.887 -10.867 -10.261 -11.118 -12.006 -11.972 -11.751 -10.886
0.918993 -5.858 -2.998 -5.443 -7.5 -9.156 -10.309 -8.409 -7.801 -9.2 -10.352 -11.145 -11.657 -7.695 -9.621 -10.817 -11.375 -11.709 -9.863 -10.855 -11.404 -11.684 -11.87 -10.85 -10.244 -11.101 -11.989 -11.955 -11.734 -10.869
0.946787 -5.839 -2.979 -5.424 -7.481 -9.137 -10.29 -8.39 -7.782 -9.181 -10.334 -11.126 -11.638 -7.676 -9.602 -10.798 -11.356 -11.691 -9.844 -10.836 -11.385 -11.665 -11.851 -10.831 -10.225 -11.082 -11.97 -11.936 -11.715 -10.85
0.975422 -5.818 -2.958 -5.403 -7.46 -9.116 -10.269 -8.369 -7.761 -9.16 -10.313 -11.105 -11.617 -7.655 -9.581 -10.777 -11.336 -11.67 -9.823 -10.815 -11.364 -11.644 -11.831 -10.81 -10.204 -11.061 -11.95 -11.915 -11.694 -10.829
1.004923 -5.795 -2.936 -5.38 -7.437 -9.093 -10.246 -8.346 -7.739 -9.137 -10.29 -11.083 -11.594 -7.632 -9.558 -10.755 -11.313 -11.647 -9.801 -10.792 -11.341 -11.621 -11.808 -10.787 -10.181 -11.038 -11.927 -11.892 -11.671 -10.807
1.035317 -5.77 -2.91 -5.355 -7.412 -9.068 -10.221 -8.321 -7.713 -9.112 -10.265 -11.058 -11.569 -7.607 -9.533 -10.73 -11.288 -11.622 -9.775 -10.767 -11.316 -11.596 -11.783 -10.762 -10.156 -11.013 -11.902 -11.867 -11.646 -10.781
1.066629 -5.743 -2.883 -5.328 -7.385 -9.041 -10.194 -8.294 -7.686 -9.085 -10.237 -11.03 -11.542 -7.58 -9.506 -10.702 -11.26 -11.594 -9.748 -10.74 -11.289 -11.569 -11.755 -10.735 -10.129 -10.986 -11.874 -11.84 -11.619 -10.754
1.098888 -5.713 -2.853 -5.298 -7.355 -9.011 -10.164 -8.264 -7.656 -9.055 -10.208 -11.0 -11.512 -7.55 -9.476 -10.672 -11.23 -11.565 -9.718 -10.71 -11.259 -11.539 -11.725 -10.705 -10.099 -10.956 -11.844 -11.81 -11.589 -10.724
1.132124 -5.681 -2.821 -5.265 -7.323 -8.979 -10.131 -8.232 -7.624 -9.022 -10.175 -10.968 -11.479 -7.518 -9.444 -10.64 -11.198 -11.532 -9.686 -10.677 -11.227 -11.507 -11.693 -10.673 -10.066 -10.924 -11.812 -11.777 -11.557 -10.692
1.166364 -5.646 -2.786 -5.23 -7.287 -8.943 -10.096 -8.196 -7.589 -8.987 -10.14 -10.933 -11.444 -7.483 -9.409 -10.605 -11.163 -11.497 -9.651 -10.642 -11.192 -11.471 -11.658 -10.637 -10.031 -10.889 -11.777 -11.742 -11.522 -10.657
1.20164 -5.608 -2.748 -5.192 -7.249 -8.905 -10.058 -8.158 -7.551 -8.949 -10.102 -10.895 -11.406 -7.445 -9.371 -10.567 -11.125 -11.459 -9.613 -10.604 -11.154 -11.433 -11.62 -10.599 -9.993 -10.851 -11.739 -11.704 -11.484 -10.619
1.237983 -5.567 -2.707 -5.151 -7.208 -8.864 -10.017 -8.117 -7.51 -8.908 -10.061 -10.854 -11.365 -7.403 -9.33 -10.526 -11.084 -11.418 -9.572 -10.563 -11.112 -11.392 -11.579 -10.558 -9.952 -10.81 -11.698 -11.663 -11.443 -10.578
1.275425 -5.522 -2.662 -5.107 -7.164 -8.82 -9.973 -8.073 -7.465 -8.864 -10.017 -10.809 -11.321 -7.359 -9.285 -10.481 -11.039 -11.374 -9.527 -10.519 -11.068 -11.348 -11.534 -10.514 -9.908 -10.765 -11.653 -11.619 -11.398 -10.533
1.313999 -5.475 -2.615 -5.059 -7.116 -8.772 -9.925 -8.025 -7.418 -8.816 -9.969 -10.762 -11.273 -7.312 -9.238 -10.434 -10.992 -11.326 -9.48 -10.471 -11.021 -11.3 -11.487 -10.466 -9.86 -10.718 -11.606 -11.571 -11.351 -10.486
1.35374 -5.423 -2.563 -5.008 -7.065 -8.721 -9.874 -7.974 -7.366 -8.765 -9.918 -10.71 -11.222 -7.26 -9.186 -10.382 -10.941 -11.275 -9.428 -10.42 -10.969 -11.249 -11.436 -10.415 -9.809 -10.666 -11.555 -11.52 -11.299 -10.434
1.394683 -5.368 -2.508 -4.953 -7.01 -8.666 -9.819 -7.919 -7.311 -8.71 -9.863 -10.655 -11.167 -7.205 -9.131 -10.327 -10.886 -11.22 -9.373 -10.365 -10.914 -11.194 -11.38 -10.36 -9.754 -10.611 -11.5 -11.465 -11.244 -10.379
1.436864 -5.309 -2.449 -4.894 -6.951 -8.607 -9.76 -7.86 -7.252 -8.651 -9.804 -10.596 -11.108 -7.146 -9.072 -10.268 -10.827 -11.161 -9.314 -10.306 -10.855 -11.135 -11.321 -10.301 -9.695 -10.552 -11.44 -11.406 -11.185 -10.32
1.480321 -5.246 -2.386 -4.831 -6.888 -8.544 -9.697 -7.797 -7.189 -8.588 -9.74 -10.533 -11.045 -7.083 -9.009 -10.205 -10.763 -11.097 -9.251 -10.243 -10.792 -11.072 -11.258 -10.238 -9.632 -10.489 -11.377 -11.343 -11.122 -10.257
1.525092 -5.178 -2.318 -4.763 -6.82 -8.476 -9.629 -7.729 -7.121 -8.52 -9.673 -10.465 -10.977 -7.015 -8.941 -10.137 -10.696 -11.03 -9.183 -10.175 -10.724 -11.004 -11.19 -10.17 -9.564 -10.421 -11.309 -11.275 -11.054 -10.189
1.571218 -5.106 -2.246 -4.69 -6.748 -8.404 -9.556 -7.657 -7.049 -8.447 -9.6 -10.393 -10.905 -6.943 -8.869 -10.065 -10.623 -10.957 -9.111 -10.102 -10.652 -10.932 -11.118 -10.098 -9.492 -10.349 -11.237 -11.203 -10.982 -10.117
1.618738 -5.028 -2.168 -4.613 -6.67 -8.326 -9.479 -7.579 -6.972 -8.37 -9.523 -10.316 -10.827 -6.865 -8.791 -9.988 -10.546 -10.88 -9.034 -10.025 -10.574 -10.854 -11.041 -10.02 -9.414 -10.271 -11.16 -11.125 -10.904 -10.039
1.667696 -4.946 -2.086 -4.53 -6.588 -8.244 -9.396 -7.497 -6.889 -8.287 -9.44 -10.233 -10.744 -6.783 -8.709 -9.905 -10.463 -10.797 -8.951 -9.942 -10.492 -10.772 -10.958 -9.938 -9.331 -10.189 -11.077 -11.042 -10.822 -9.957
1.718134 -4.857 -1.998 -4.442 -6.499 -8.155 -9.308 -7.408 -6.801 -8.199 -9.352 -10.145 -10.656 -6.694 -8.62 -9.817 -10.375 -10.709 -8.863 -9.854 -10.403 -10.683 -10.87 -9.849 -9.243 -10.1 -10.989 -10.954 -10.733 -9.869
1.770098 -4.763 -1.903 -4.348 -6.405 -8.061 -9.214 -7.314 -6.706 -8.105 -9.258 -10.05 -10.562 -6.6 -8.526 -9.722 -10.281 -10.615 -8.768 -9.76 -10.309 -10.589 -10.776 -9.755 -9.149 -10.006 -10.895 -10.86 -10.639 -9.774
1.823633 -4.663 -1.803 -4.248 -6.305 -7.961 -9.114 -7.214 -6.606 -8.005 -9.157 -9.95 -10.462 -6.5 -8.426 -9.622 -10.18 -10.514 -8.668 -9.66 -10.209 -10.489 -10.675 -9.655 -9.049 -9.906 -10.794 -10.76 -10.539 -9.674
1.878788 -4.556 -1.696 -4.141 -6.198 -7.854 -9.007 -7.107 -6.499 -7.898 -9.051 -9.843 -10.355 -6.393 -8.319 -9.515 -10.073 -10.407 -8.561 -9.553 -10.102 -10.382 -10.568 -9.548 -8.942 -9.799 -10.687 -10.653 -10.432 -9.567
1.93561 -4.442 -1.582 -4.027 -6.084 -7.74 -8.893 -6.993 -6.385 -7.784 -8.937 -9.729 -10.241 -6.279 -8.205 -9.401 -9.959 -10.294 -8.447 -9.439 -9.988 -10.268 -10.454 -9.434 -8.828 -9.685 -10.573 -10.539 -10.318 -9.453
1.994152 -4.321 -1.461 -3.906 -5.963 -7.619 -8.772 -6.872 -6.264 -7.663 -8.815 -9.608 -10.12 -6.158 -8.084 -9.28 -9.838 -10.172 -8.326 -9.318 -9.867 -10.147 -10.333 -9.313 -8.707 -9.564 -10.452 -10.418 -10.197 -9.332
2.054463 -4.192 -1.332 -3.777 -5.834 -7.49 -8.643 -6.743 -6.135 -7.534 -8.686 -9.479 -9.991 -6.029 -7.955 -9.151 -9.709 -10.043 -8.197 -9.189 -9.738 -10.018 -10.204 -9.184 -8.578 -9.435 -10.323 -10.289 -10.068 -9.203
2.116599 -4.055 -1.195 -3.639 -5.697 -7.353 -8.505 -6.606 -5.998 -7.396 -8.549 -9.342 -9.854 -5.892 -7.818 -9.014 -9.572 -9.906 -8.06 -9.051 -9.601 -9.881 -10.067 -9.047 -8.441 -9.298 -10.186 -10.152 -9.931 -9.066
2.180614 -3.909 -1.049 -3.494 -5.551 -7.207 -8.36 -6.46 -5.852 -7.251 -8.403 -9.196 -9.708 -5.746 -7.672 -8.868 -9.426 -9.76 -7.914 -8.906 -9.455 -9.735 -9.921 -8.901 -8.295 -9.152 -10.04 -10.006 -9.785 -8.92
2.246566 -3.754 -0.894 -3.338 -5.396 -7.052 -8.204 -6.305 -5.697 -7.095 -8.248 -9.041 -9.553 -5.591 -7.517 -8.713 -9.271 -9.605 -7.759 -8.75 -9.3 -9.58 -9.766 -8.746 -8.14 -8.997 -9.885 -9.851 -9.63 -8.765
2.314511 -3.589 -0.729 -3.174 -5.231 -6.887 -8.04 -6.14 -5.532 -6.931 -8.083 -8.876 -9.388 -5.426 -7.352 -8.548 -9.106 -9.44 -7.594 -8.586 -9.135 -9.415 -9.601 -8.581 -7.975 -8.832 -9.72 -9.686 -9.465 -8.6
2.384512 -3.414 -0.554 -2.998 -5.056 -6.712 -7.864 -5.965 -5.357 -6.755 -7.908 -8.701 -9.213 -5.251 -7.177 -8.373 -8.931 -9.265 -7.419 -8.41 -8.96 -9.24 -9.426 -8.406 -7.799 -8.657 -9.545 -9.51 -9.29 -8.425
2.45663 -3.228 -0.368 -2.812 -4.87 -6.526 -7.678 -5.779 -5.171 -6.569 -7.722 -8.515 -9.026 -5.065 -6.991 -8.187 -8.745 -9.079 -7.233 -8.224 -8.774 -9.054 -9.24 -8.22 -7.613 -8.471 -9.359 -9.324 -9.104 -8.239
2.530929 -3.03 -0.17 -2.615 -4.672 -6.328 -7.481 -5.581 -4.973 -6.372 -7.524 -8.317 -8.829 -4.867 -6.793 -7.989 -8.547 -8.881 -7.035 -8.027 -8.576 -8.856 -9.042 -8.022 -7.416 -8.273 -9.161 -9.127 -8.906 -8.041
2.607475 -2.82 0.04 -2.405 -4.462 -6.118 -7.271 -5.371 -4.763 -6.162 -7.314 -8.107 -8.619 -4.657 -6.583 -7.779 -8.337 -8.671 -6.825 -7.817 -8.366 -8.646 -8.832 -7.812 -7.206 -8.063 -8.951 -8.917 -8.696 -7.831
2.686337 -2.597 0.263 -2.182 -4.239 -5.895 -7.048 -5.148 -4.54 -5.939 -7.092 -7.884 -8.396 -4.434 -6.36 -7.556 -8.114 -8.448 -6.602 -7.594 -8.143 -8.423 -8.609 -7.589 -6.983 -7.84 -8.728 -8.694 -8.473 -7.608
2.767583 -2.36 0.5 -1.945 -4.002 -5.658 -6.811 -4.911 -4.303 -5.702 -6.855 -7.647 -8.159 -4.197 -6.123 -7.319 -7.878 -8.212 -6.365 -7.357 -7.906 -8.186 -8.373 -7.352 -6.746 -7.603 -8.492 -8.457 -8.236 -7.371
2.851287 -2.109 0.751 -1.694 -3.751 -5.407 -6.56 -4.66 -4.052 -5.451 -6.603 -7.396 -7.908 -3.946 -5.872 -7.068 -7.626 -7.96 -6.114 -7.106 -7.655 -7.935 -8.121 -7.101 -6.495 -7.352 -8.24 -8.206 -7.985 -7.12
2.937522 -1.842 1.018 -1.427 -3.484 -5.14 -6.293 -4.393 -3.785 -5.184 -6.337 -7.129 -7.641 -3.679 -5.605 -6.801 -7.359 -7.693 -5.847 -6.839 -7.388 -7.668 -7.854 -6.834 -6.228 -7.085 -7.973 -7.939 -7.718 -6.853
3.026365 -1.559 1.301 -1.143 -3.201 -4.857 -6.009 -4.11 -3.502 -4.9 -6.053 -6.846 -7.358 -3.396 -5.322 -6.518 -7.076 -7.41 -5.564 -6.555 -7.105 -7.385 -7.571 -6.551 -5.944 -6.802 -7.69 -7.655 -7.435 -6.57
3.117896 -1.258 1.602 -0.843 -2.9 -4.556 -5.709 -3.809 -3.201 -4.6 -5.753 -6.545 -7.057 -3.095 -5.021 -6.217 -6.775 -7.109 -5.263 -6.255 -6.804 -7.084 -7.27 -6.25 -5.644 -6.501 -7.389 -7.355 -7.134 -6.269
3.212194 -0.939 1.921 -0.523 -2.581 -4.237 -5.389 -3.49 -2.882 -4.28 -5.433 -6.226 -6.738 -2.776 -4.702 -5.898 -6.456 -6.79 -4.944 -5.935 -6.485 -6.765 -6.951 -5.931 -5.324 -6.182 -7.07 -7.035 -6.815 -5.95
3.309345 -0.6 2.26 -0.185 -2.242 -3.898 -5.051 -3.151 -2.543 -3.942 -5.094 -5.887 -6.399 -2.437 -4.363 -5.559 -6.117 -6.451 -4.605 -5.597 -6.146 -6.426 -6.612 -5.592 -4.986 -5.843 -6.731 -6.697 -6.476 -5.611
3.409434 -0.24 2.62 0.175 -1.882 -3.538 -4.691 -2.791 -2.183 -3.582 -4.735 -5.527 -6.039 -2.077 -4.003 -5.199 -5.757 -6.092 -4.245 -5.237 -5.786 -6.066 -6.252 -5.232 -4.626 -5.483 -6.371 -6.337 -6.116 -5.251
3.51255 0.142 3.001 0.557 -1.5 -3.156 -4.309 -2.409 -1.802 -3.2 -4.353 -5.146 -5.657 -1.695 -3.621 -4.818 -5.376 -5.71 -3.864 -4.855 -5.404 -5.684 -5.871 -4.85 -4.244 -5.101 -5.99 -5.955 -5.734 -4.87
3.618785 0.547 3.407 0.962 -1.095 -2.751 -3.904 -2.004 -1.396 -2.795 -3.948 -4.74 -5.252 -1.29 -3.216 -4.412 -4.97 -5.305 -3.458 -4.45 -4.999 -5.279 -5.465 -4.445 -3.839 -4.696 -5.584 -5.55 -5.329 -4.464
3.728232 0.977 3.837 1.392 -0.665 -2.321 -3.474 -1.574 -0.966 -2.365 -3.517 -4.31 -4.822 -0.86 -2.786 -3.982 -4.54 -4.874 -3.028 -4.02 -4.569 -4.849 -5.035 -4.015 -3.409 -4.266 -5.154 -5.12 -4.899 -4.034
3.84099 1.434 4.293 1.849 -0.208 -1.864 -3.017 -1.117 -0.51 -1.908 -3.061 -3.854 -4.365 -0.403 -2.329 -3.526 -4.084 -4.418 -2.572 -3.563 -4.112 -4.392 -4.579 -3.558 -2.952 -3.809 -4.698 -4.663 -4.442 -3.578
3.957158 1.918 4.778 2.334 0.276 -1.38 -2.532 -0.633 -0.025 -1.424 -2.576 -3.369 -3.881 0.081 -1.845 -3.041 -3.599 -3.933 -2.087 -3.078 -3.628 -3.908 -4.094 -3.074 -2.468 -3.325 -4.213 -4.179 -3.958 -3.093
4.07684 2.432 5.292 2.848 0.791 -0.865 -2.018 -0.118 0.489 -0.909 -2.062 -2.855 -3.366 0.596 -1.331 -2.527 -3.085 -3.419 -1.573 -2.564 -3.113 -3.393 -3.58 -2.559 -1.953 -2.81 -3.699 -3.664 -3.443 -2.579
4.200141 2.978 5.838 3.394 1.337 -0.319 -1.472 0.428 1.035 -0.363 -1.516 -2.309 -2.82 1.142 -0.785 -1.981 -2.539 -2.873 -1.027 -2.018 -2.567 -2.847 -3.034 -2.013 -1.407 -2.265 -3.153 -3.118 -2.898 -2.033
4.327172 3.558 6.418 3.973 1.916 0.26 -0.893 1.007 1.615 0.216 -0.937 -1.729 -2.241 1.721 -0.205 -1.401 -1.959 -2.293 -0.447 -1.439 -1.988 -2.268 -2.454 -1.434 -0.828 -1.685 -2.573 -2.539 -2.318 -1.453
4.458044 4.173 7.033 4.588 2.531 0.875 -0.278 1.622 2.23 0.831 -0.321 -1.114 -1.626 2.336 0.41 -0.786 -1.344 -1.678 0.168 -0.824 -1.373 -1.653 -1.839 -0.819 -0.213 -1.07 -1.958 -1.924 -1.703 -0.838
4.592874 4.826 7.686 5.241 3.184 1.528 0.375 2.275 2.883 1.484 0.331 -0.461 -0.973 2.989 1.063 -0.133 -0.691 -1.026 0.821 -0.171 -0.72 -1.0 -1.186 -0.166 0.44 -0.417 -1.305 -1.271 -1.05 -0.185
4.731783 5.519 8.379 5.934 3.877 2.221 1.068 2.968 3.576 2.177 1.024 0.232 -0.28 3.682 1.756 0.56 0.001 -0.333 1.514 0.522 -0.027 -0.307 -0.493 0.527 1.133 0.276 -0.612 -0.578 -0.357 0.508
4.874892 6.254 9.114 6.67 4.612 2.956 1.804 3.703 4.311 2.913 1.76 0.967 0.455 4.417 2.491 1.295 0.737 0.403 2.249 1.258 0.708 0.428 0.242 1.262 1.869 1.011 0.123 0.158 0.378 1.243
5.02233 7.035 9.895 7.45 5.393 3.737 2.584 4.484 5.092 3.693 2.54 1.748 1.236 5.198 3.272 2.076 1.518 1.183 3.03 2.038 1.489 1.209 1.023 2.043 2.649 1.792 0.904 0.938 1.159 2.024
5.174227 7.863 10.723 8.279 6.221 4.565 3.413 5.313 5.92 4.522 3.369 2.576 2.065 6.026 4.1 2.904 2.346 2.012 3.858 2.867 2.317 2.038 1.851 2.872 3.478 2.62 1.732 1.767 1.987 2.852
5.330718 8.743 11.603 9.158 7.101 5.445 4.292 6.192 6.8 5.401 4.248 3.456 2.944 6.906 4.98 3.784 3.226 2.891 4.738 3.746 3.197 2.917 2.731 3.751 4.357 3.5 2.612 2.646 2.867 3.732
5.491942 9.676 12.536 10.092 8.034 6.378 5.226 7.125 7.733 6.335 5.182 4.389 3.877 7.839 5.913 4.717 4.159 3.825 5.671 4.68 4.13 3.85 3.664 4.684 5.291 4.433 3.545 3.58 3.8 4.665
5.658042 10.667 13.527 11.082 9.025 7.369 6.216 8.116 8.724 7.325 6.172 5.38 4.868 8.83 6.904 5.708 5.15 4.816 6.662 5.67 5.121 4.841 4.655 5.675 6.281 5.424 4.536 4.57 4.791 5.656
5.829166 11.718 14.578 12.134 10.077 8.421 7.268 9.168 9.775 8.377 7.224 6.431 5.92 9.882 7.955 6.759 6.201 5.867 7.713 6.722 6.173 5.893 5.706 6.727 7.333 6.476 5.587 5.622 5.843 6.707
6.005465 12.835 15.695 13.25 11.193 9.537 8.384 10.284 10.892 9.493 8.34 7.548 7.036 10.998 9.072 7.876 7.317 6.983 8.83 7.838 7.289 7.009 6.822 7.843 8.449 7.592 6.703 6.738 6.959 7.824
6.187096 14.019 16.879 14.435 12.377 10.721 9.569 11.469 12.076 10.678 9.525 8.732 8.221 12.182 10.256 9.06 8.502 8.168 10.014 9.023 8.473 8.194 8.007 9.028 9.634 8.776 7.888 7.923 8.143 9.008
6.37422 15.277 18.137 15.692 13.635 11.979 10.826 12.726 13.334 11.935 10.782 9.99 9.478 13.44 11.514 10.318 9.76 9.425 11.272 10.28 9.731 9.451 9.265 10.285 10.891 10.034 9.146 9.18 9.401 10.266
6.567004 16.611 19.471 17.027 14.97 13.314 12.161 14.061 14.668 13.27 12.117 11.324 10.813 14.774 12.848 11.652 11.094 10.76 12.606 11.615 11.065 10.786 10.599 11.62 12.226 11.368 10.48 10.515 10.735 11.6
6.765619 18.028 20.888 18.443 16.386 14.73 13.577 15.477 16.085 14.686 13.534 12.741 12.229 16.191 14.265 13.069 12.511 12.177 14.023 13.031 12.482 12.202 12.016 13.036 13.642 12.785 11.897 11.931 12.152 13.017
6.97024 19.532 22.391 19.947 17.89 16.234 15.081 16.981 17.588 16.19 15.037 14.244 13.733 17.695 15.769 14.572 14.014 13.68 15.526 14.535 13.986 13.706 13.519 14.54 15.146 14.289 13.4 13.435 13.656 14.52
