web/models/linear/62/-17_510_0_363.dat
# %ECSV 1.0
# ---
# datatype:
# - {name: time, datatype: float64}
# - {name: swift_uvot_uvw2, datatype: float64}
# - {name: swift_uvot_uvm2, datatype: float64}
# - {name: swift_uvot_uvw1, datatype: float64}
# - {name: swift_uvot_U, datatype: float64}
# - {name: swift_uvot_B, datatype: float64}
# - {name: swift_uvot_V, datatype: float64}
# - {name: swift_uvot_W, datatype: float64}
# - {name: johnson_U, datatype: float64}
# - {name: johnson_B, datatype: float64}
# - {name: johnson_V, datatype: float64}
# - {name: johnson_R, datatype: float64}
# - {name: johnson_I, datatype: float64}
# - {name: sdss_u, datatype: float64}
# - {name: sdss_g, datatype: float64}
# - {name: sdss_r, datatype: float64}
# - {name: sdss_i, datatype: float64}
# - {name: sdss_z, datatype: float64}
# - {name: PS1_g, datatype: float64}
# - {name: PS1_r, datatype: float64}
# - {name: PS1_i, datatype: float64}
# - {name: PS1_z, datatype: float64}
# - {name: PS1_Y, datatype: float64}
# - {name: PS1_w, datatype: float64}
# - {name: ATLAS_c, datatype: float64}
# - {name: ATLAS_o, datatype: float64}
# - {name: ukirt_J, datatype: float64}
# - {name: ukirt_H, datatype: float64}
# - {name: ukirt_K, datatype: float64}
# - {name: Clear, datatype: float64}
# meta: !!omap
# - comment: [M=-17.510204081632654, dM=0.3630633792844572]
# schema: astropy-2.0
time swift_uvot_uvw2 swift_uvot_uvm2 swift_uvot_uvw1 swift_uvot_U swift_uvot_B swift_uvot_V swift_uvot_W johnson_U johnson_B johnson_V johnson_R johnson_I sdss_u sdss_g sdss_r sdss_i sdss_z PS1_g PS1_r PS1_i PS1_z PS1_Y PS1_w ATLAS_c ATLAS_o ukirt_J ukirt_H ukirt_K Clear
[from data line 109]
8.21608040201005 -14.527246166406083 -14.527246166406083 -14.527246166406083 -14.527246166406083 -14.527246166406083 -14.527246166406083 -14.527246166406083 -14.527246166406083 -14.527246166406083 -14.527246166406083 -14.527246166406083 -14.527246166406083 -14.527246166406083 -14.527246166406083 -14.527246166406083 -14.527246166406083 -14.527246166406083 -14.527246166406083 -14.527246166406083 -14.527246166406083 -14.527246166406083 -14.527246166406083 -14.527246166406083 -14.527246166406083 -14.527246166406083 -14.527246166406083 -14.527246166406083 -14.527246166406083 -14.527246166406083
8.29145728643216 -14.499879580027859 -14.499879580027859 -14.499879580027859 -14.499879580027859 -14.499879580027859 -14.499879580027859 -14.499879580027859 -14.499879580027859 -14.499879580027859 -14.499879580027859 -14.499879580027859 -14.499879580027859 -14.499879580027859 -14.499879580027859 -14.499879580027859 -14.499879580027859 -14.499879580027859 -14.499879580027859 -14.499879580027859 -14.499879580027859 -14.499879580027859 -14.499879580027859 -14.499879580027859 -14.499879580027859 -14.499879580027859 -14.499879580027859 -14.499879580027859 -14.499879580027859 -14.499879580027859
8.36683417085427 -14.472512993649634 -14.472512993649634 -14.472512993649634 -14.472512993649634 -14.472512993649634 -14.472512993649634 -14.472512993649634 -14.472512993649634 -14.472512993649634 -14.472512993649634 -14.472512993649634 -14.472512993649634 -14.472512993649634 -14.472512993649634 -14.472512993649634 -14.472512993649634 -14.472512993649634 -14.472512993649634 -14.472512993649634 -14.472512993649634 -14.472512993649634 -14.472512993649634 -14.472512993649634 -14.472512993649634 -14.472512993649634 -14.472512993649634 -14.472512993649634 -14.472512993649634 -14.472512993649634
8.442211055276381 -14.445146407271409 -14.445146407271409 -14.445146407271409 -14.445146407271409 -14.445146407271409 -14.445146407271409 -14.445146407271409 -14.445146407271409 -14.445146407271409 -14.445146407271409 -14.445146407271409 -14.445146407271409 -14.445146407271409 -14.445146407271409 -14.445146407271409 -14.445146407271409 -14.445146407271409 -14.445146407271409 -14.445146407271409 -14.445146407271409 -14.445146407271409 -14.445146407271409 -14.445146407271409 -14.445146407271409 -14.445146407271409 -14.445146407271409 -14.445146407271409 -14.445146407271409 -14.445146407271409
8.517587939698492 -14.417779820893182 -14.417779820893182 -14.417779820893182 -14.417779820893182 -14.417779820893182 -14.417779820893182 -14.417779820893182 -14.417779820893182 -14.417779820893182 -14.417779820893182 -14.417779820893182 -14.417779820893182 -14.417779820893182 -14.417779820893182 -14.417779820893182 -14.417779820893182 -14.417779820893182 -14.417779820893182 -14.417779820893182 -14.417779820893182 -14.417779820893182 -14.417779820893182 -14.417779820893182 -14.417779820893182 -14.417779820893182 -14.417779820893182 -14.417779820893182 -14.417779820893182 -14.417779820893182
8.592964824120603 -14.390413234514957 -14.390413234514957 -14.390413234514957 -14.390413234514957 -14.390413234514957 -14.390413234514957 -14.390413234514957 -14.390413234514957 -14.390413234514957 -14.390413234514957 -14.390413234514957 -14.390413234514957 -14.390413234514957 -14.390413234514957 -14.390413234514957 -14.390413234514957 -14.390413234514957 -14.390413234514957 -14.390413234514957 -14.390413234514957 -14.390413234514957 -14.390413234514957 -14.390413234514957 -14.390413234514957 -14.390413234514957 -14.390413234514957 -14.390413234514957 -14.390413234514957 -14.390413234514957
8.668341708542712 -14.36304664813673 -14.36304664813673 -14.36304664813673 -14.36304664813673 -14.36304664813673 -14.36304664813673 -14.36304664813673 -14.36304664813673 -14.36304664813673 -14.36304664813673 -14.36304664813673 -14.36304664813673 -14.36304664813673 -14.36304664813673 -14.36304664813673 -14.36304664813673 -14.36304664813673 -14.36304664813673 -14.36304664813673 -14.36304664813673 -14.36304664813673 -14.36304664813673 -14.36304664813673 -14.36304664813673 -14.36304664813673 -14.36304664813673 -14.36304664813673 -14.36304664813673 -14.36304664813673
8.743718592964823 -14.335680061758506 -14.335680061758506 -14.335680061758506 -14.335680061758506 -14.335680061758506 -14.335680061758506 -14.335680061758506 -14.335680061758506 -14.335680061758506 -14.335680061758506 -14.335680061758506 -14.335680061758506 -14.335680061758506 -14.335680061758506 -14.335680061758506 -14.335680061758506 -14.335680061758506 -14.335680061758506 -14.335680061758506 -14.335680061758506 -14.335680061758506 -14.335680061758506 -14.335680061758506 -14.335680061758506 -14.335680061758506 -14.335680061758506 -14.335680061758506 -14.335680061758506 -14.335680061758506
8.819095477386934 -14.308313475380281 -14.308313475380281 -14.308313475380281 -14.308313475380281 -14.308313475380281 -14.308313475380281 -14.308313475380281 -14.308313475380281 -14.308313475380281 -14.308313475380281 -14.308313475380281 -14.308313475380281 -14.308313475380281 -14.308313475380281 -14.308313475380281 -14.308313475380281 -14.308313475380281 -14.308313475380281 -14.308313475380281 -14.308313475380281 -14.308313475380281 -14.308313475380281 -14.308313475380281 -14.308313475380281 -14.308313475380281 -14.308313475380281 -14.308313475380281 -14.308313475380281 -14.308313475380281
8.894472361809044 -14.280946889002056 -14.280946889002056 -14.280946889002056 -14.280946889002056 -14.280946889002056 -14.280946889002056 -14.280946889002056 -14.280946889002056 -14.280946889002056 -14.280946889002056 -14.280946889002056 -14.280946889002056 -14.280946889002056 -14.280946889002056 -14.280946889002056 -14.280946889002056 -14.280946889002056 -14.280946889002056 -14.280946889002056 -14.280946889002056 -14.280946889002056 -14.280946889002056 -14.280946889002056 -14.280946889002056 -14.280946889002056 -14.280946889002056 -14.280946889002056 -14.280946889002056 -14.280946889002056
8.969849246231155 -14.25358030262383 -14.25358030262383 -14.25358030262383 -14.25358030262383 -14.25358030262383 -14.25358030262383 -14.25358030262383 -14.25358030262383 -14.25358030262383 -14.25358030262383 -14.25358030262383 -14.25358030262383 -14.25358030262383 -14.25358030262383 -14.25358030262383 -14.25358030262383 -14.25358030262383 -14.25358030262383 -14.25358030262383 -14.25358030262383 -14.25358030262383 -14.25358030262383 -14.25358030262383 -14.25358030262383 -14.25358030262383 -14.25358030262383 -14.25358030262383 -14.25358030262383 -14.25358030262383
9.045226130653266 -14.226213716245605 -14.226213716245605 -14.226213716245605 -14.226213716245605 -14.226213716245605 -14.226213716245605 -14.226213716245605 -14.226213716245605 -14.226213716245605 -14.226213716245605 -14.226213716245605 -14.226213716245605 -14.226213716245605 -14.226213716245605 -14.226213716245605 -14.226213716245605 -14.226213716245605 -14.226213716245605 -14.226213716245605 -14.226213716245605 -14.226213716245605 -14.226213716245605 -14.226213716245605 -14.226213716245605 -14.226213716245605 -14.226213716245605 -14.226213716245605 -14.226213716245605 -14.226213716245605
9.120603015075377 -14.198847129867378 -14.198847129867378 -14.198847129867378 -14.198847129867378 -14.198847129867378 -14.198847129867378 -14.198847129867378 -14.198847129867378 -14.198847129867378 -14.198847129867378 -14.198847129867378 -14.198847129867378 -14.198847129867378 -14.198847129867378 -14.198847129867378 -14.198847129867378 -14.198847129867378 -14.198847129867378 -14.198847129867378 -14.198847129867378 -14.198847129867378 -14.198847129867378 -14.198847129867378 -14.198847129867378 -14.198847129867378 -14.198847129867378 -14.198847129867378 -14.198847129867378 -14.198847129867378
9.195979899497488 -14.171480543489153 -14.171480543489153 -14.171480543489153 -14.171480543489153 -14.171480543489153 -14.171480543489153 -14.171480543489153 -14.171480543489153 -14.171480543489153 -14.171480543489153 -14.171480543489153 -14.171480543489153 -14.171480543489153 -14.171480543489153 -14.171480543489153 -14.171480543489153 -14.171480543489153 -14.171480543489153 -14.171480543489153 -14.171480543489153 -14.171480543489153 -14.171480543489153 -14.171480543489153 -14.171480543489153 -14.171480543489153 -14.171480543489153 -14.171480543489153 -14.171480543489153 -14.171480543489153
9.271356783919597 -14.144113957110928 -14.144113957110928 -14.144113957110928 -14.144113957110928 -14.144113957110928 -14.144113957110928 -14.144113957110928 -14.144113957110928 -14.144113957110928 -14.144113957110928 -14.144113957110928 -14.144113957110928 -14.144113957110928 -14.144113957110928 -14.144113957110928 -14.144113957110928 -14.144113957110928 -14.144113957110928 -14.144113957110928 -14.144113957110928 -14.144113957110928 -14.144113957110928 -14.144113957110928 -14.144113957110928 -14.144113957110928 -14.144113957110928 -14.144113957110928 -14.144113957110928 -14.144113957110928
9.346733668341708 -14.116747370732703 -14.116747370732703 -14.116747370732703 -14.116747370732703 -14.116747370732703 -14.116747370732703 -14.116747370732703 -14.116747370732703 -14.116747370732703 -14.116747370732703 -14.116747370732703 -14.116747370732703 -14.116747370732703 -14.116747370732703 -14.116747370732703 -14.116747370732703 -14.116747370732703 -14.116747370732703 -14.116747370732703 -14.116747370732703 -14.116747370732703 -14.116747370732703 -14.116747370732703 -14.116747370732703 -14.116747370732703 -14.116747370732703 -14.116747370732703 -14.116747370732703 -14.116747370732703
9.422110552763819 -14.089380784354477 -14.089380784354477 -14.089380784354477 -14.089380784354477 -14.089380784354477 -14.089380784354477 -14.089380784354477 -14.089380784354477 -14.089380784354477 -14.089380784354477 -14.089380784354477 -14.089380784354477 -14.089380784354477 -14.089380784354477 -14.089380784354477 -14.089380784354477 -14.089380784354477 -14.089380784354477 -14.089380784354477 -14.089380784354477 -14.089380784354477 -14.089380784354477 -14.089380784354477 -14.089380784354477 -14.089380784354477 -14.089380784354477 -14.089380784354477 -14.089380784354477 -14.089380784354477
9.497487437185928 -14.062014197976252 -14.062014197976252 -14.062014197976252 -14.062014197976252 -14.062014197976252 -14.062014197976252 -14.062014197976252 -14.062014197976252 -14.062014197976252 -14.062014197976252 -14.062014197976252 -14.062014197976252 -14.062014197976252 -14.062014197976252 -14.062014197976252 -14.062014197976252 -14.062014197976252 -14.062014197976252 -14.062014197976252 -14.062014197976252 -14.062014197976252 -14.062014197976252 -14.062014197976252 -14.062014197976252 -14.062014197976252 -14.062014197976252 -14.062014197976252 -14.062014197976252 -14.062014197976252
9.572864321608039 -14.034647611598027 -14.034647611598027 -14.034647611598027 -14.034647611598027 -14.034647611598027 -14.034647611598027 -14.034647611598027 -14.034647611598027 -14.034647611598027 -14.034647611598027 -14.034647611598027 -14.034647611598027 -14.034647611598027 -14.034647611598027 -14.034647611598027 -14.034647611598027 -14.034647611598027 -14.034647611598027 -14.034647611598027 -14.034647611598027 -14.034647611598027 -14.034647611598027 -14.034647611598027 -14.034647611598027 -14.034647611598027 -14.034647611598027 -14.034647611598027 -14.034647611598027 -14.034647611598027
9.64824120603015 -14.0072810252198 -14.0072810252198 -14.0072810252198 -14.0072810252198 -14.0072810252198 -14.0072810252198 -14.0072810252198 -14.0072810252198 -14.0072810252198 -14.0072810252198 -14.0072810252198 -14.0072810252198 -14.0072810252198 -14.0072810252198 -14.0072810252198 -14.0072810252198 -14.0072810252198 -14.0072810252198 -14.0072810252198 -14.0072810252198 -14.0072810252198 -14.0072810252198 -14.0072810252198 -14.0072810252198 -14.0072810252198 -14.0072810252198 -14.0072810252198 -14.0072810252198 -14.0072810252198
9.72361809045226 -13.979914438841575 -13.979914438841575 -13.979914438841575 -13.979914438841575 -13.979914438841575 -13.979914438841575 -13.979914438841575 -13.979914438841575 -13.979914438841575 -13.979914438841575 -13.979914438841575 -13.979914438841575 -13.979914438841575 -13.979914438841575 -13.979914438841575 -13.979914438841575 -13.979914438841575 -13.979914438841575 -13.979914438841575 -13.979914438841575 -13.979914438841575 -13.979914438841575 -13.979914438841575 -13.979914438841575 -13.979914438841575 -13.979914438841575 -13.979914438841575 -13.979914438841575 -13.979914438841575
9.798994974874372 -13.95254785246335 -13.95254785246335 -13.95254785246335 -13.95254785246335 -13.95254785246335 -13.95254785246335 -13.95254785246335 -13.95254785246335 -13.95254785246335 -13.95254785246335 -13.95254785246335 -13.95254785246335 -13.95254785246335 -13.95254785246335 -13.95254785246335 -13.95254785246335 -13.95254785246335 -13.95254785246335 -13.95254785246335 -13.95254785246335 -13.95254785246335 -13.95254785246335 -13.95254785246335 -13.95254785246335 -13.95254785246335 -13.95254785246335 -13.95254785246335 -13.95254785246335 -13.95254785246335
9.874371859296481 -13.925181266085126 -13.925181266085126 -13.925181266085126 -13.925181266085126 -13.925181266085126 -13.925181266085126 -13.925181266085126 -13.925181266085126 -13.925181266085126 -13.925181266085126 -13.925181266085126 -13.925181266085126 -13.925181266085126 -13.925181266085126 -13.925181266085126 -13.925181266085126 -13.925181266085126 -13.925181266085126 -13.925181266085126 -13.925181266085126 -13.925181266085126 -13.925181266085126 -13.925181266085126 -13.925181266085126 -13.925181266085126 -13.925181266085126 -13.925181266085126 -13.925181266085126 -13.925181266085126
9.949748743718592 -13.897814679706899 -13.897814679706899 -13.897814679706899 -13.897814679706899 -13.897814679706899 -13.897814679706899 -13.897814679706899 -13.897814679706899 -13.897814679706899 -13.897814679706899 -13.897814679706899 -13.897814679706899 -13.897814679706899 -13.897814679706899 -13.897814679706899 -13.897814679706899 -13.897814679706899 -13.897814679706899 -13.897814679706899 -13.897814679706899 -13.897814679706899 -13.897814679706899 -13.897814679706899 -13.897814679706899 -13.897814679706899 -13.897814679706899 -13.897814679706899 -13.897814679706899 -13.897814679706899
10.025125628140703 -13.870448093328674 -13.870448093328674 -13.870448093328674 -13.870448093328674 -13.870448093328674 -13.870448093328674 -13.870448093328674 -13.870448093328674 -13.870448093328674 -13.870448093328674 -13.870448093328674 -13.870448093328674 -13.870448093328674 -13.870448093328674 -13.870448093328674 -13.870448093328674 -13.870448093328674 -13.870448093328674 -13.870448093328674 -13.870448093328674 -13.870448093328674 -13.870448093328674 -13.870448093328674 -13.870448093328674 -13.870448093328674 -13.870448093328674 -13.870448093328674 -13.870448093328674 -13.870448093328674
10.100502512562812 -13.84308150695045 -13.84308150695045 -13.84308150695045 -13.84308150695045 -13.84308150695045 -13.84308150695045 -13.84308150695045 -13.84308150695045 -13.84308150695045 -13.84308150695045 -13.84308150695045 -13.84308150695045 -13.84308150695045 -13.84308150695045 -13.84308150695045 -13.84308150695045 -13.84308150695045 -13.84308150695045 -13.84308150695045 -13.84308150695045 -13.84308150695045 -13.84308150695045 -13.84308150695045 -13.84308150695045 -13.84308150695045 -13.84308150695045 -13.84308150695045 -13.84308150695045 -13.84308150695045
