web/models/linear/62/-17_510_0_077.dat
# %ECSV 1.0
# ---
# datatype:
# - {name: time, datatype: float64}
# - {name: sdss_u, datatype: float64}
# - {name: sdss_g, datatype: float64}
# - {name: sdss_r, datatype: float64}
# - {name: sdss_i, datatype: float64}
# - {name: sdss_z, datatype: float64}
# - {name: Clear, datatype: float64}
# - {name: johnson_B, datatype: float64}
# - {name: johnson_V, datatype: float64}
# - {name: johnson_R, datatype: float64}
# - {name: johnson_I, datatype: float64}
# - {name: ukirt_J, datatype: float64}
# - {name: ukirt_H, datatype: float64}
# - {name: ukirt_K, datatype: float64}
# meta: !!omap
# - comment: [M=-17.510204081632654, dM=0.07696669794067013]
# schema: astropy-2.0
time sdss_u sdss_g sdss_r sdss_i sdss_z Clear johnson_B johnson_V johnson_R johnson_I ukirt_J ukirt_H ukirt_K
[from data line 118]
8.894472361809044 -16.82562591401966 -16.82562591401966 -16.82562591401966 -16.82562591401966 -16.82562591401966 -16.82562591401966 -16.82562591401966 -16.82562591401966 -16.82562591401966 -16.82562591401966 -16.82562591401966 -16.82562591401966 -16.82562591401966
8.969849246231155 -16.819824404124635 -16.819824404124635 -16.819824404124635 -16.819824404124635 -16.819824404124635 -16.819824404124635 -16.819824404124635 -16.819824404124635 -16.819824404124635 -16.819824404124635 -16.819824404124635 -16.819824404124635 -16.819824404124635
9.045226130653266 -16.81402289422961 -16.81402289422961 -16.81402289422961 -16.81402289422961 -16.81402289422961 -16.81402289422961 -16.81402289422961 -16.81402289422961 -16.81402289422961 -16.81402289422961 -16.81402289422961 -16.81402289422961 -16.81402289422961
9.120603015075377 -16.808221384334583 -16.808221384334583 -16.808221384334583 -16.808221384334583 -16.808221384334583 -16.808221384334583 -16.808221384334583 -16.808221384334583 -16.808221384334583 -16.808221384334583 -16.808221384334583 -16.808221384334583 -16.808221384334583
9.195979899497488 -16.802419874439558 -16.802419874439558 -16.802419874439558 -16.802419874439558 -16.802419874439558 -16.802419874439558 -16.802419874439558 -16.802419874439558 -16.802419874439558 -16.802419874439558 -16.802419874439558 -16.802419874439558 -16.802419874439558
9.271356783919597 -16.796618364544532 -16.796618364544532 -16.796618364544532 -16.796618364544532 -16.796618364544532 -16.796618364544532 -16.796618364544532 -16.796618364544532 -16.796618364544532 -16.796618364544532 -16.796618364544532 -16.796618364544532 -16.796618364544532
9.346733668341708 -16.790816854649506 -16.790816854649506 -16.790816854649506 -16.790816854649506 -16.790816854649506 -16.790816854649506 -16.790816854649506 -16.790816854649506 -16.790816854649506 -16.790816854649506 -16.790816854649506 -16.790816854649506 -16.790816854649506
9.422110552763819 -16.78501534475448 -16.78501534475448 -16.78501534475448 -16.78501534475448 -16.78501534475448 -16.78501534475448 -16.78501534475448 -16.78501534475448 -16.78501534475448 -16.78501534475448 -16.78501534475448 -16.78501534475448 -16.78501534475448
9.497487437185928 -16.779213834859455 -16.779213834859455 -16.779213834859455 -16.779213834859455 -16.779213834859455 -16.779213834859455 -16.779213834859455 -16.779213834859455 -16.779213834859455 -16.779213834859455 -16.779213834859455 -16.779213834859455 -16.779213834859455
9.572864321608039 -16.77341232496443 -16.77341232496443 -16.77341232496443 -16.77341232496443 -16.77341232496443 -16.77341232496443 -16.77341232496443 -16.77341232496443 -16.77341232496443 -16.77341232496443 -16.77341232496443 -16.77341232496443 -16.77341232496443
9.64824120603015 -16.767610815069403 -16.767610815069403 -16.767610815069403 -16.767610815069403 -16.767610815069403 -16.767610815069403 -16.767610815069403 -16.767610815069403 -16.767610815069403 -16.767610815069403 -16.767610815069403 -16.767610815069403 -16.767610815069403
9.72361809045226 -16.76180930517438 -16.76180930517438 -16.76180930517438 -16.76180930517438 -16.76180930517438 -16.76180930517438 -16.76180930517438 -16.76180930517438 -16.76180930517438 -16.76180930517438 -16.76180930517438 -16.76180930517438 -16.76180930517438
9.798994974874372 -16.756007795279356 -16.756007795279356 -16.756007795279356 -16.756007795279356 -16.756007795279356 -16.756007795279356 -16.756007795279356 -16.756007795279356 -16.756007795279356 -16.756007795279356 -16.756007795279356 -16.756007795279356 -16.756007795279356
9.874371859296481 -16.75020628538433 -16.75020628538433 -16.75020628538433 -16.75020628538433 -16.75020628538433 -16.75020628538433 -16.75020628538433 -16.75020628538433 -16.75020628538433 -16.75020628538433 -16.75020628538433 -16.75020628538433 -16.75020628538433
9.949748743718592 -16.744404775489304 -16.744404775489304 -16.744404775489304 -16.744404775489304 -16.744404775489304 -16.744404775489304 -16.744404775489304 -16.744404775489304 -16.744404775489304 -16.744404775489304 -16.744404775489304 -16.744404775489304 -16.744404775489304
10.025125628140703 -16.73860326559428 -16.73860326559428 -16.73860326559428 -16.73860326559428 -16.73860326559428 -16.73860326559428 -16.73860326559428 -16.73860326559428 -16.73860326559428 -16.73860326559428 -16.73860326559428 -16.73860326559428 -16.73860326559428
10.100502512562812 -16.732801755699253 -16.732801755699253 -16.732801755699253 -16.732801755699253 -16.732801755699253 -16.732801755699253 -16.732801755699253 -16.732801755699253 -16.732801755699253 -16.732801755699253 -16.732801755699253 -16.732801755699253 -16.732801755699253
10.175879396984923 -16.727000245804227 -16.727000245804227 -16.727000245804227 -16.727000245804227 -16.727000245804227 -16.727000245804227 -16.727000245804227 -16.727000245804227 -16.727000245804227 -16.727000245804227 -16.727000245804227 -16.727000245804227 -16.727000245804227
10.251256281407034 -16.7211987359092 -16.7211987359092 -16.7211987359092 -16.7211987359092 -16.7211987359092 -16.7211987359092 -16.7211987359092 -16.7211987359092 -16.7211987359092 -16.7211987359092 -16.7211987359092 -16.7211987359092 -16.7211987359092
10.326633165829145 -16.715397226014176 -16.715397226014176 -16.715397226014176 -16.715397226014176 -16.715397226014176 -16.715397226014176 -16.715397226014176 -16.715397226014176 -16.715397226014176 -16.715397226014176 -16.715397226014176 -16.715397226014176 -16.715397226014176
10.402010050251256 -16.70959571611915 -16.70959571611915 -16.70959571611915 -16.70959571611915 -16.70959571611915 -16.70959571611915 -16.70959571611915 -16.70959571611915 -16.70959571611915 -16.70959571611915 -16.70959571611915 -16.70959571611915 -16.70959571611915
10.477386934673365 -16.703794206224124 -16.703794206224124 -16.703794206224124 -16.703794206224124 -16.703794206224124 -16.703794206224124 -16.703794206224124 -16.703794206224124 -16.703794206224124 -16.703794206224124 -16.703794206224124 -16.703794206224124 -16.703794206224124
10.552763819095476 -16.697992696329102 -16.697992696329102 -16.697992696329102 -16.697992696329102 -16.697992696329102 -16.697992696329102 -16.697992696329102 -16.697992696329102 -16.697992696329102 -16.697992696329102 -16.697992696329102 -16.697992696329102 -16.697992696329102
10.628140703517587 -16.692191186434076 -16.692191186434076 -16.692191186434076 -16.692191186434076 -16.692191186434076 -16.692191186434076 -16.692191186434076 -16.692191186434076 -16.692191186434076 -16.692191186434076 -16.692191186434076 -16.692191186434076 -16.692191186434076
10.703517587939697 -16.68638967653905 -16.68638967653905 -16.68638967653905 -16.68638967653905 -16.68638967653905 -16.68638967653905 -16.68638967653905 -16.68638967653905 -16.68638967653905 -16.68638967653905 -16.68638967653905 -16.68638967653905 -16.68638967653905
10.778894472361808 -16.680588166644025 -16.680588166644025 -16.680588166644025 -16.680588166644025 -16.680588166644025 -16.680588166644025 -16.680588166644025 -16.680588166644025 -16.680588166644025 -16.680588166644025 -16.680588166644025 -16.680588166644025 -16.680588166644025
10.854271356783919 -16.674786656749 -16.674786656749 -16.674786656749 -16.674786656749 -16.674786656749 -16.674786656749 -16.674786656749 -16.674786656749 -16.674786656749 -16.674786656749 -16.674786656749 -16.674786656749 -16.674786656749
10.92964824120603 -16.668985146853974 -16.668985146853974 -16.668985146853974 -16.668985146853974 -16.668985146853974 -16.668985146853974 -16.668985146853974 -16.668985146853974 -16.668985146853974 -16.668985146853974 -16.668985146853974 -16.668985146853974 -16.668985146853974
11.00502512562814 -16.663183636958948 -16.663183636958948 -16.663183636958948 -16.663183636958948 -16.663183636958948 -16.663183636958948 -16.663183636958948 -16.663183636958948 -16.663183636958948 -16.663183636958948 -16.663183636958948 -16.663183636958948 -16.663183636958948
11.08040201005025 -16.657382127063922 -16.657382127063922 -16.657382127063922 -16.657382127063922 -16.657382127063922 -16.657382127063922 -16.657382127063922 -16.657382127063922 -16.657382127063922 -16.657382127063922 -16.657382127063922 -16.657382127063922 -16.657382127063922
11.15577889447236 -16.651580617168896 -16.651580617168896 -16.651580617168896 -16.651580617168896 -16.651580617168896 -16.651580617168896 -16.651580617168896 -16.651580617168896 -16.651580617168896 -16.651580617168896 -16.651580617168896 -16.651580617168896 -16.651580617168896
11.231155778894472 -16.64577910727387 -16.64577910727387 -16.64577910727387 -16.64577910727387 -16.64577910727387 -16.64577910727387 -16.64577910727387 -16.64577910727387 -16.64577910727387 -16.64577910727387 -16.64577910727387 -16.64577910727387 -16.64577910727387
11.306532663316581 -16.639977597378845 -16.639977597378845 -16.639977597378845 -16.639977597378845 -16.639977597378845 -16.639977597378845 -16.639977597378845 -16.639977597378845 -16.639977597378845 -16.639977597378845 -16.639977597378845 -16.639977597378845 -16.639977597378845
11.381909547738692 -16.63417608748382 -16.63417608748382 -16.63417608748382 -16.63417608748382 -16.63417608748382 -16.63417608748382 -16.63417608748382 -16.63417608748382 -16.63417608748382 -16.63417608748382 -16.63417608748382 -16.63417608748382 -16.63417608748382
11.457286432160803 -16.628374577588797 -16.628374577588797 -16.628374577588797 -16.628374577588797 -16.628374577588797 -16.628374577588797 -16.628374577588797 -16.628374577588797 -16.628374577588797 -16.628374577588797 -16.628374577588797 -16.628374577588797 -16.628374577588797
11.532663316582914 -16.62257306769377 -16.62257306769377 -16.62257306769377 -16.62257306769377 -16.62257306769377 -16.62257306769377 -16.62257306769377 -16.62257306769377 -16.62257306769377 -16.62257306769377 -16.62257306769377 -16.62257306769377 -16.62257306769377
11.608040201005025 -16.616771557798746 -16.616771557798746 -16.616771557798746 -16.616771557798746 -16.616771557798746 -16.616771557798746 -16.616771557798746 -16.616771557798746 -16.616771557798746 -16.616771557798746 -16.616771557798746 -16.616771557798746 -16.616771557798746
11.683417085427134 -16.61097004790372 -16.61097004790372 -16.61097004790372 -16.61097004790372 -16.61097004790372 -16.61097004790372 -16.61097004790372 -16.61097004790372 -16.61097004790372 -16.61097004790372 -16.61097004790372 -16.61097004790372 -16.61097004790372
11.758793969849245 -16.605168538008694 -16.605168538008694 -16.605168538008694 -16.605168538008694 -16.605168538008694 -16.605168538008694 -16.605168538008694 -16.605168538008694 -16.605168538008694 -16.605168538008694 -16.605168538008694 -16.605168538008694 -16.605168538008694
11.834170854271356 -16.59936702811367 -16.59936702811367 -16.59936702811367 -16.59936702811367 -16.59936702811367 -16.59936702811367 -16.59936702811367 -16.59936702811367 -16.59936702811367 -16.59936702811367 -16.59936702811367 -16.59936702811367 -16.59936702811367
11.909547738693465 -16.593565518218643 -16.593565518218643 -16.593565518218643 -16.593565518218643 -16.593565518218643 -16.593565518218643 -16.593565518218643 -16.593565518218643 -16.593565518218643 -16.593565518218643 -16.593565518218643 -16.593565518218643 -16.593565518218643
11.984924623115576 -16.587764008323617 -16.587764008323617 -16.587764008323617 -16.587764008323617 -16.587764008323617 -16.587764008323617 -16.587764008323617 -16.587764008323617 -16.587764008323617 -16.587764008323617 -16.587764008323617 -16.587764008323617 -16.587764008323617
12.060301507537687 -16.58196249842859 -16.58196249842859 -16.58196249842859 -16.58196249842859 -16.58196249842859 -16.58196249842859 -16.58196249842859 -16.58196249842859 -16.58196249842859 -16.58196249842859 -16.58196249842859 -16.58196249842859 -16.58196249842859
12.135678391959798 -16.576160988533566 -16.576160988533566 -16.576160988533566 -16.576160988533566 -16.576160988533566 -16.576160988533566 -16.576160988533566 -16.576160988533566 -16.576160988533566 -16.576160988533566 -16.576160988533566 -16.576160988533566 -16.576160988533566
12.21105527638191 -16.57035947863854 -16.57035947863854 -16.57035947863854 -16.57035947863854 -16.57035947863854 -16.57035947863854 -16.57035947863854 -16.57035947863854 -16.57035947863854 -16.57035947863854 -16.57035947863854 -16.57035947863854 -16.57035947863854
12.286432160804019 -16.564557968743518 -16.564557968743518 -16.564557968743518 -16.564557968743518 -16.564557968743518 -16.564557968743518 -16.564557968743518 -16.564557968743518 -16.564557968743518 -16.564557968743518 -16.564557968743518 -16.564557968743518 -16.564557968743518
12.36180904522613 -16.558756458848492 -16.558756458848492 -16.558756458848492 -16.558756458848492 -16.558756458848492 -16.558756458848492 -16.558756458848492 -16.558756458848492 -16.558756458848492 -16.558756458848492 -16.558756458848492 -16.558756458848492 -16.558756458848492
12.43718592964824 -16.552954948953467 -16.552954948953467 -16.552954948953467 -16.552954948953467 -16.552954948953467 -16.552954948953467 -16.552954948953467 -16.552954948953467 -16.552954948953467 -16.552954948953467 -16.552954948953467 -16.552954948953467 -16.552954948953467
12.51256281407035 -16.54715343905844 -16.54715343905844 -16.54715343905844 -16.54715343905844 -16.54715343905844 -16.54715343905844 -16.54715343905844 -16.54715343905844 -16.54715343905844 -16.54715343905844 -16.54715343905844 -16.54715343905844 -16.54715343905844
12.58793969849246 -16.541351929163415 -16.541351929163415 -16.541351929163415 -16.541351929163415 -16.541351929163415 -16.541351929163415 -16.541351929163415 -16.541351929163415 -16.541351929163415 -16.541351929163415 -16.541351929163415 -16.541351929163415 -16.541351929163415
12.663316582914572 -16.53555041926839 -16.53555041926839 -16.53555041926839 -16.53555041926839 -16.53555041926839 -16.53555041926839 -16.53555041926839 -16.53555041926839 -16.53555041926839 -16.53555041926839 -16.53555041926839 -16.53555041926839 -16.53555041926839
12.738693467336683 -16.529748909373364 -16.529748909373364 -16.529748909373364 -16.529748909373364 -16.529748909373364 -16.529748909373364 -16.529748909373364 -16.529748909373364 -16.529748909373364 -16.529748909373364 -16.529748909373364 -16.529748909373364 -16.529748909373364
12.814070351758794 -16.523947399478338 -16.523947399478338 -16.523947399478338 -16.523947399478338 -16.523947399478338 -16.523947399478338 -16.523947399478338 -16.523947399478338 -16.523947399478338 -16.523947399478338 -16.523947399478338 -16.523947399478338 -16.523947399478338
12.889447236180903 -16.518145889583312 -16.518145889583312 -16.518145889583312 -16.518145889583312 -16.518145889583312 -16.518145889583312 -16.518145889583312 -16.518145889583312 -16.518145889583312 -16.518145889583312 -16.518145889583312 -16.518145889583312 -16.518145889583312
12.964824120603014 -16.512344379688287 -16.512344379688287 -16.512344379688287 -16.512344379688287 -16.512344379688287 -16.512344379688287 -16.512344379688287 -16.512344379688287 -16.512344379688287 -16.512344379688287 -16.512344379688287 -16.512344379688287 -16.512344379688287
13.040201005025125 -16.50654286979326 -16.50654286979326 -16.50654286979326 -16.50654286979326 -16.50654286979326 -16.50654286979326 -16.50654286979326 -16.50654286979326 -16.50654286979326 -16.50654286979326 -16.50654286979326 -16.50654286979326 -16.50654286979326
13.115577889447234 -16.50074135989824 -16.50074135989824 -16.50074135989824 -16.50074135989824 -16.50074135989824 -16.50074135989824 -16.50074135989824 -16.50074135989824 -16.50074135989824 -16.50074135989824 -16.50074135989824 -16.50074135989824 -16.50074135989824
