web/models/linear/62/-17_510_0_921.dat
# %ECSV 1.0
# ---
# datatype:
# - {name: time, datatype: float64}
# - {name: swift_uvot_uvw2, datatype: float64}
# - {name: swift_uvot_uvm2, datatype: float64}
# - {name: swift_uvot_uvw1, datatype: float64}
# - {name: swift_uvot_U, datatype: float64}
# - {name: swift_uvot_B, datatype: float64}
# - {name: swift_uvot_V, datatype: float64}
# - {name: swift_uvot_W, datatype: float64}
# - {name: johnson_U, datatype: float64}
# - {name: johnson_B, datatype: float64}
# - {name: johnson_V, datatype: float64}
# - {name: johnson_R, datatype: float64}
# - {name: johnson_I, datatype: float64}
# - {name: sdss_u, datatype: float64}
# - {name: sdss_g, datatype: float64}
# - {name: sdss_r, datatype: float64}
# - {name: sdss_i, datatype: float64}
# - {name: sdss_z, datatype: float64}
# - {name: PS1_g, datatype: float64}
# - {name: PS1_r, datatype: float64}
# - {name: PS1_i, datatype: float64}
# - {name: PS1_z, datatype: float64}
# - {name: PS1_Y, datatype: float64}
# - {name: PS1_w, datatype: float64}
# - {name: ATLAS_c, datatype: float64}
# - {name: ATLAS_o, datatype: float64}
# - {name: ukirt_J, datatype: float64}
# - {name: ukirt_H, datatype: float64}
# - {name: ukirt_K, datatype: float64}
# - {name: Clear, datatype: float64}
# meta: !!omap
# - comment: [M=-17.510204081632654, dM=0.9208527728773267]
# schema: astropy-2.0
time swift_uvot_uvw2 swift_uvot_uvm2 swift_uvot_uvw1 swift_uvot_U swift_uvot_B swift_uvot_V swift_uvot_W johnson_U johnson_B johnson_V johnson_R johnson_I sdss_u sdss_g sdss_r sdss_i sdss_z PS1_g PS1_r PS1_i PS1_z PS1_Y PS1_w ATLAS_c ATLAS_o ukirt_J ukirt_H ukirt_K Clear
[from data line 108]
8.140703517587939 -10.013814674289593 -10.013814674289593 -10.013814674289593 -10.013814674289593 -10.013814674289593 -10.013814674289593 -10.013814674289593 -10.013814674289593 -10.013814674289593 -10.013814674289593 -10.013814674289593 -10.013814674289593 -10.013814674289593 -10.013814674289593 -10.013814674289593 -10.013814674289593 -10.013814674289593 -10.013814674289593 -10.013814674289593 -10.013814674289593 -10.013814674289593 -10.013814674289593 -10.013814674289593 -10.013814674289593 -10.013814674289593 -10.013814674289593 -10.013814674289593 -10.013814674289593 -10.013814674289593
8.21608040201005 -9.944403661258638 -9.944403661258638 -9.944403661258638 -9.944403661258638 -9.944403661258638 -9.944403661258638 -9.944403661258638 -9.944403661258638 -9.944403661258638 -9.944403661258638 -9.944403661258638 -9.944403661258638 -9.944403661258638 -9.944403661258638 -9.944403661258638 -9.944403661258638 -9.944403661258638 -9.944403661258638 -9.944403661258638 -9.944403661258638 -9.944403661258638 -9.944403661258638 -9.944403661258638 -9.944403661258638 -9.944403661258638 -9.944403661258638 -9.944403661258638 -9.944403661258638 -9.944403661258638
8.29145728643216 -9.874992648227686 -9.874992648227686 -9.874992648227686 -9.874992648227686 -9.874992648227686 -9.874992648227686 -9.874992648227686 -9.874992648227686 -9.874992648227686 -9.874992648227686 -9.874992648227686 -9.874992648227686 -9.874992648227686 -9.874992648227686 -9.874992648227686 -9.874992648227686 -9.874992648227686 -9.874992648227686 -9.874992648227686 -9.874992648227686 -9.874992648227686 -9.874992648227686 -9.874992648227686 -9.874992648227686 -9.874992648227686 -9.874992648227686 -9.874992648227686 -9.874992648227686 -9.874992648227686
8.36683417085427 -9.80558163519673 -9.80558163519673 -9.80558163519673 -9.80558163519673 -9.80558163519673 -9.80558163519673 -9.80558163519673 -9.80558163519673 -9.80558163519673 -9.80558163519673 -9.80558163519673 -9.80558163519673 -9.80558163519673 -9.80558163519673 -9.80558163519673 -9.80558163519673 -9.80558163519673 -9.80558163519673 -9.80558163519673 -9.80558163519673 -9.80558163519673 -9.80558163519673 -9.80558163519673 -9.80558163519673 -9.80558163519673 -9.80558163519673 -9.80558163519673 -9.80558163519673 -9.80558163519673
8.442211055276381 -9.736170622165776 -9.736170622165776 -9.736170622165776 -9.736170622165776 -9.736170622165776 -9.736170622165776 -9.736170622165776 -9.736170622165776 -9.736170622165776 -9.736170622165776 -9.736170622165776 -9.736170622165776 -9.736170622165776 -9.736170622165776 -9.736170622165776 -9.736170622165776 -9.736170622165776 -9.736170622165776 -9.736170622165776 -9.736170622165776 -9.736170622165776 -9.736170622165776 -9.736170622165776 -9.736170622165776 -9.736170622165776 -9.736170622165776 -9.736170622165776 -9.736170622165776 -9.736170622165776
8.517587939698492 -9.666759609134822 -9.666759609134822 -9.666759609134822 -9.666759609134822 -9.666759609134822 -9.666759609134822 -9.666759609134822 -9.666759609134822 -9.666759609134822 -9.666759609134822 -9.666759609134822 -9.666759609134822 -9.666759609134822 -9.666759609134822 -9.666759609134822 -9.666759609134822 -9.666759609134822 -9.666759609134822 -9.666759609134822 -9.666759609134822 -9.666759609134822 -9.666759609134822 -9.666759609134822 -9.666759609134822 -9.666759609134822 -9.666759609134822 -9.666759609134822 -9.666759609134822 -9.666759609134822
8.592964824120603 -9.597348596103867 -9.597348596103867 -9.597348596103867 -9.597348596103867 -9.597348596103867 -9.597348596103867 -9.597348596103867 -9.597348596103867 -9.597348596103867 -9.597348596103867 -9.597348596103867 -9.597348596103867 -9.597348596103867 -9.597348596103867 -9.597348596103867 -9.597348596103867 -9.597348596103867 -9.597348596103867 -9.597348596103867 -9.597348596103867 -9.597348596103867 -9.597348596103867 -9.597348596103867 -9.597348596103867 -9.597348596103867 -9.597348596103867 -9.597348596103867 -9.597348596103867 -9.597348596103867
8.668341708542712 -9.527937583072914 -9.527937583072914 -9.527937583072914 -9.527937583072914 -9.527937583072914 -9.527937583072914 -9.527937583072914 -9.527937583072914 -9.527937583072914 -9.527937583072914 -9.527937583072914 -9.527937583072914 -9.527937583072914 -9.527937583072914 -9.527937583072914 -9.527937583072914 -9.527937583072914 -9.527937583072914 -9.527937583072914 -9.527937583072914 -9.527937583072914 -9.527937583072914 -9.527937583072914 -9.527937583072914 -9.527937583072914 -9.527937583072914 -9.527937583072914 -9.527937583072914 -9.527937583072914
8.743718592964823 -9.45852657004196 -9.45852657004196 -9.45852657004196 -9.45852657004196 -9.45852657004196 -9.45852657004196 -9.45852657004196 -9.45852657004196 -9.45852657004196 -9.45852657004196 -9.45852657004196 -9.45852657004196 -9.45852657004196 -9.45852657004196 -9.45852657004196 -9.45852657004196 -9.45852657004196 -9.45852657004196 -9.45852657004196 -9.45852657004196 -9.45852657004196 -9.45852657004196 -9.45852657004196 -9.45852657004196 -9.45852657004196 -9.45852657004196 -9.45852657004196 -9.45852657004196 -9.45852657004196
8.819095477386934 -9.389115557011005 -9.389115557011005 -9.389115557011005 -9.389115557011005 -9.389115557011005 -9.389115557011005 -9.389115557011005 -9.389115557011005 -9.389115557011005 -9.389115557011005 -9.389115557011005 -9.389115557011005 -9.389115557011005 -9.389115557011005 -9.389115557011005 -9.389115557011005 -9.389115557011005 -9.389115557011005 -9.389115557011005 -9.389115557011005 -9.389115557011005 -9.389115557011005 -9.389115557011005 -9.389115557011005 -9.389115557011005 -9.389115557011005 -9.389115557011005 -9.389115557011005 -9.389115557011005
8.894472361809044 -9.319704543980052 -9.319704543980052 -9.319704543980052 -9.319704543980052 -9.319704543980052 -9.319704543980052 -9.319704543980052 -9.319704543980052 -9.319704543980052 -9.319704543980052 -9.319704543980052 -9.319704543980052 -9.319704543980052 -9.319704543980052 -9.319704543980052 -9.319704543980052 -9.319704543980052 -9.319704543980052 -9.319704543980052 -9.319704543980052 -9.319704543980052 -9.319704543980052 -9.319704543980052 -9.319704543980052 -9.319704543980052 -9.319704543980052 -9.319704543980052 -9.319704543980052 -9.319704543980052
8.969849246231155 -9.250293530949097 -9.250293530949097 -9.250293530949097 -9.250293530949097 -9.250293530949097 -9.250293530949097 -9.250293530949097 -9.250293530949097 -9.250293530949097 -9.250293530949097 -9.250293530949097 -9.250293530949097 -9.250293530949097 -9.250293530949097 -9.250293530949097 -9.250293530949097 -9.250293530949097 -9.250293530949097 -9.250293530949097 -9.250293530949097 -9.250293530949097 -9.250293530949097 -9.250293530949097 -9.250293530949097 -9.250293530949097 -9.250293530949097 -9.250293530949097 -9.250293530949097 -9.250293530949097
9.045226130653266 -9.180882517918143 -9.180882517918143 -9.180882517918143 -9.180882517918143 -9.180882517918143 -9.180882517918143 -9.180882517918143 -9.180882517918143 -9.180882517918143 -9.180882517918143 -9.180882517918143 -9.180882517918143 -9.180882517918143 -9.180882517918143 -9.180882517918143 -9.180882517918143 -9.180882517918143 -9.180882517918143 -9.180882517918143 -9.180882517918143 -9.180882517918143 -9.180882517918143 -9.180882517918143 -9.180882517918143 -9.180882517918143 -9.180882517918143 -9.180882517918143 -9.180882517918143 -9.180882517918143
9.120603015075377 -9.111471504887188 -9.111471504887188 -9.111471504887188 -9.111471504887188 -9.111471504887188 -9.111471504887188 -9.111471504887188 -9.111471504887188 -9.111471504887188 -9.111471504887188 -9.111471504887188 -9.111471504887188 -9.111471504887188 -9.111471504887188 -9.111471504887188 -9.111471504887188 -9.111471504887188 -9.111471504887188 -9.111471504887188 -9.111471504887188 -9.111471504887188 -9.111471504887188 -9.111471504887188 -9.111471504887188 -9.111471504887188 -9.111471504887188 -9.111471504887188 -9.111471504887188 -9.111471504887188
9.195979899497488 -9.042060491856233 -9.042060491856233 -9.042060491856233 -9.042060491856233 -9.042060491856233 -9.042060491856233 -9.042060491856233 -9.042060491856233 -9.042060491856233 -9.042060491856233 -9.042060491856233 -9.042060491856233 -9.042060491856233 -9.042060491856233 -9.042060491856233 -9.042060491856233 -9.042060491856233 -9.042060491856233 -9.042060491856233 -9.042060491856233 -9.042060491856233 -9.042060491856233 -9.042060491856233 -9.042060491856233 -9.042060491856233 -9.042060491856233 -9.042060491856233 -9.042060491856233 -9.042060491856233
9.271356783919597 -8.97264947882528 -8.97264947882528 -8.97264947882528 -8.97264947882528 -8.97264947882528 -8.97264947882528 -8.97264947882528 -8.97264947882528 -8.97264947882528 -8.97264947882528 -8.97264947882528 -8.97264947882528 -8.97264947882528 -8.97264947882528 -8.97264947882528 -8.97264947882528 -8.97264947882528 -8.97264947882528 -8.97264947882528 -8.97264947882528 -8.97264947882528 -8.97264947882528 -8.97264947882528 -8.97264947882528 -8.97264947882528 -8.97264947882528 -8.97264947882528 -8.97264947882528 -8.97264947882528
9.346733668341708 -8.903238465794326 -8.903238465794326 -8.903238465794326 -8.903238465794326 -8.903238465794326 -8.903238465794326 -8.903238465794326 -8.903238465794326 -8.903238465794326 -8.903238465794326 -8.903238465794326 -8.903238465794326 -8.903238465794326 -8.903238465794326 -8.903238465794326 -8.903238465794326 -8.903238465794326 -8.903238465794326 -8.903238465794326 -8.903238465794326 -8.903238465794326 -8.903238465794326 -8.903238465794326 -8.903238465794326 -8.903238465794326 -8.903238465794326 -8.903238465794326 -8.903238465794326 -8.903238465794326
9.422110552763819 -8.833827452763371 -8.833827452763371 -8.833827452763371 -8.833827452763371 -8.833827452763371 -8.833827452763371 -8.833827452763371 -8.833827452763371 -8.833827452763371 -8.833827452763371 -8.833827452763371 -8.833827452763371 -8.833827452763371 -8.833827452763371 -8.833827452763371 -8.833827452763371 -8.833827452763371 -8.833827452763371 -8.833827452763371 -8.833827452763371 -8.833827452763371 -8.833827452763371 -8.833827452763371 -8.833827452763371 -8.833827452763371 -8.833827452763371 -8.833827452763371 -8.833827452763371 -8.833827452763371
9.497487437185928 -8.764416439732418 -8.764416439732418 -8.764416439732418 -8.764416439732418 -8.764416439732418 -8.764416439732418 -8.764416439732418 -8.764416439732418 -8.764416439732418 -8.764416439732418 -8.764416439732418 -8.764416439732418 -8.764416439732418 -8.764416439732418 -8.764416439732418 -8.764416439732418 -8.764416439732418 -8.764416439732418 -8.764416439732418 -8.764416439732418 -8.764416439732418 -8.764416439732418 -8.764416439732418 -8.764416439732418 -8.764416439732418 -8.764416439732418 -8.764416439732418 -8.764416439732418 -8.764416439732418
9.572864321608039 -8.695005426701464 -8.695005426701464 -8.695005426701464 -8.695005426701464 -8.695005426701464 -8.695005426701464 -8.695005426701464 -8.695005426701464 -8.695005426701464 -8.695005426701464 -8.695005426701464 -8.695005426701464 -8.695005426701464 -8.695005426701464 -8.695005426701464 -8.695005426701464 -8.695005426701464 -8.695005426701464 -8.695005426701464 -8.695005426701464 -8.695005426701464 -8.695005426701464 -8.695005426701464 -8.695005426701464 -8.695005426701464 -8.695005426701464 -8.695005426701464 -8.695005426701464 -8.695005426701464
9.64824120603015 -8.625594413670507 -8.625594413670507 -8.625594413670507 -8.625594413670507 -8.625594413670507 -8.625594413670507 -8.625594413670507 -8.625594413670507 -8.625594413670507 -8.625594413670507 -8.625594413670507 -8.625594413670507 -8.625594413670507 -8.625594413670507 -8.625594413670507 -8.625594413670507 -8.625594413670507 -8.625594413670507 -8.625594413670507 -8.625594413670507 -8.625594413670507 -8.625594413670507 -8.625594413670507 -8.625594413670507 -8.625594413670507 -8.625594413670507 -8.625594413670507 -8.625594413670507 -8.625594413670507
9.72361809045226 -8.556183400639553 -8.556183400639553 -8.556183400639553 -8.556183400639553 -8.556183400639553 -8.556183400639553 -8.556183400639553 -8.556183400639553 -8.556183400639553 -8.556183400639553 -8.556183400639553 -8.556183400639553 -8.556183400639553 -8.556183400639553 -8.556183400639553 -8.556183400639553 -8.556183400639553 -8.556183400639553 -8.556183400639553 -8.556183400639553 -8.556183400639553 -8.556183400639553 -8.556183400639553 -8.556183400639553 -8.556183400639553 -8.556183400639553 -8.556183400639553 -8.556183400639553 -8.556183400639553
9.798994974874372 -8.486772387608598 -8.486772387608598 -8.486772387608598 -8.486772387608598 -8.486772387608598 -8.486772387608598 -8.486772387608598 -8.486772387608598 -8.486772387608598 -8.486772387608598 -8.486772387608598 -8.486772387608598 -8.486772387608598 -8.486772387608598 -8.486772387608598 -8.486772387608598 -8.486772387608598 -8.486772387608598 -8.486772387608598 -8.486772387608598 -8.486772387608598 -8.486772387608598 -8.486772387608598 -8.486772387608598 -8.486772387608598 -8.486772387608598 -8.486772387608598 -8.486772387608598 -8.486772387608598
9.874371859296481 -8.417361374577645 -8.417361374577645 -8.417361374577645 -8.417361374577645 -8.417361374577645 -8.417361374577645 -8.417361374577645 -8.417361374577645 -8.417361374577645 -8.417361374577645 -8.417361374577645 -8.417361374577645 -8.417361374577645 -8.417361374577645 -8.417361374577645 -8.417361374577645 -8.417361374577645 -8.417361374577645 -8.417361374577645 -8.417361374577645 -8.417361374577645 -8.417361374577645 -8.417361374577645 -8.417361374577645 -8.417361374577645 -8.417361374577645 -8.417361374577645 -8.417361374577645 -8.417361374577645
9.949748743718592 -8.34795036154669 -8.34795036154669 -8.34795036154669 -8.34795036154669 -8.34795036154669 -8.34795036154669 -8.34795036154669 -8.34795036154669 -8.34795036154669 -8.34795036154669 -8.34795036154669 -8.34795036154669 -8.34795036154669 -8.34795036154669 -8.34795036154669 -8.34795036154669 -8.34795036154669 -8.34795036154669 -8.34795036154669 -8.34795036154669 -8.34795036154669 -8.34795036154669 -8.34795036154669 -8.34795036154669 -8.34795036154669 -8.34795036154669 -8.34795036154669 -8.34795036154669 -8.34795036154669
10.025125628140703 -8.278539348515736 -8.278539348515736 -8.278539348515736 -8.278539348515736 -8.278539348515736 -8.278539348515736 -8.278539348515736 -8.278539348515736 -8.278539348515736 -8.278539348515736 -8.278539348515736 -8.278539348515736 -8.278539348515736 -8.278539348515736 -8.278539348515736 -8.278539348515736 -8.278539348515736 -8.278539348515736 -8.278539348515736 -8.278539348515736 -8.278539348515736 -8.278539348515736 -8.278539348515736 -8.278539348515736 -8.278539348515736 -8.278539348515736 -8.278539348515736 -8.278539348515736 -8.278539348515736
10.100502512562812 -8.209128335484783 -8.209128335484783 -8.209128335484783 -8.209128335484783 -8.209128335484783 -8.209128335484783 -8.209128335484783 -8.209128335484783 -8.209128335484783 -8.209128335484783 -8.209128335484783 -8.209128335484783 -8.209128335484783 -8.209128335484783 -8.209128335484783 -8.209128335484783 -8.209128335484783 -8.209128335484783 -8.209128335484783 -8.209128335484783 -8.209128335484783 -8.209128335484783 -8.209128335484783 -8.209128335484783 -8.209128335484783 -8.209128335484783 -8.209128335484783 -8.209128335484783 -8.209128335484783
10.175879396984923 -8.139717322453828 -8.139717322453828 -8.139717322453828 -8.139717322453828 -8.139717322453828 -8.139717322453828 -8.139717322453828 -8.139717322453828 -8.139717322453828 -8.139717322453828 -8.139717322453828 -8.139717322453828 -8.139717322453828 -8.139717322453828 -8.139717322453828 -8.139717322453828 -8.139717322453828 -8.139717322453828 -8.139717322453828 -8.139717322453828 -8.139717322453828 -8.139717322453828 -8.139717322453828 -8.139717322453828 -8.139717322453828 -8.139717322453828 -8.139717322453828 -8.139717322453828 -8.139717322453828
