web/models/kne.last_good/3/villar_0.0043_0.3433_10.0000.dat
# %ECSV 1.0
# ---
# datatype:
# - {name: time, datatype: float64}
# - {name: swift_uvot_uvw2, datatype: float64}
# - {name: swift_uvot_uvm2, datatype: float64}
# - {name: swift_uvot_uvw1, datatype: float64}
# - {name: swift_uvot_U, datatype: float64}
# - {name: swift_uvot_B, datatype: float64}
# - {name: swift_uvot_V, datatype: float64}
# - {name: swift_uvot_W, datatype: float64}
# - {name: johnson_U, datatype: float64}
# - {name: johnson_B, datatype: float64}
# - {name: johnson_V, datatype: float64}
# - {name: johnson_R, datatype: float64}
# - {name: johnson_I, datatype: float64}
# - {name: sdss_u, datatype: float64}
# - {name: sdss_g, datatype: float64}
# - {name: sdss_r, datatype: float64}
# - {name: sdss_i, datatype: float64}
# - {name: sdss_z, datatype: float64}
# - {name: PS1_g, datatype: float64}
# - {name: PS1_r, datatype: float64}
# - {name: PS1_i, datatype: float64}
# - {name: PS1_z, datatype: float64}
# - {name: PS1_Y, datatype: float64}
# - {name: PS1_w, datatype: float64}
# - {name: ATLAS_c, datatype: float64}
# - {name: ATLAS_o, datatype: float64}
# - {name: ukirt_J, datatype: float64}
# - {name: ukirt_H, datatype: float64}
# - {name: ukirt_K, datatype: float64}
# - {name: Clear, datatype: float64}
# meta: !!omap
# - comment: [kappa = 10.0, type = villar, mass = 0.004263435211354371, velocity = 0.3433333333333334, theta_obs = 0.0, tfloor = 2500.0]
# schema: astropy-2.0
time swift_uvot_uvw2 swift_uvot_uvm2 swift_uvot_uvw1 swift_uvot_U swift_uvot_B swift_uvot_V swift_uvot_W johnson_U johnson_B johnson_V johnson_R johnson_I sdss_u sdss_g sdss_r sdss_i sdss_z PS1_g PS1_r PS1_i PS1_z PS1_Y PS1_w ATLAS_c ATLAS_o ukirt_J ukirt_H ukirt_K Clear
[from data line 353]
36.974349 1.225 6.423 5.457 3.754 0.968 -1.035 0.85 3.258 0.837 -1.153 -2.738 -3.815 3.48 0.117 -2.012 -3.136 -3.907 -0.857 -2.181 -3.215 -3.83 -4.29 -2.335 -1.096 -2.648 -4.818 -5.139 -5.199 -2.795
38.092613 1.306 6.504 5.538 3.836 1.049 -0.953 0.931 3.339 0.918 -1.072 -2.657 -3.734 3.561 0.198 -1.93 -3.055 -3.826 -0.776 -2.1 -3.134 -3.749 -4.209 -2.253 -1.015 -2.567 -4.737 -5.057 -5.118 -2.713
39.244698 1.387 6.585 5.62 3.917 1.13 -0.872 1.012 3.42 0.999 -0.991 -2.576 -3.652 3.643 0.28 -1.849 -2.974 -3.745 -0.695 -2.019 -3.052 -3.668 -4.127 -2.172 -0.934 -2.486 -4.656 -4.976 -5.037 -2.632
40.431627 1.468 6.667 5.701 3.998 1.211 -0.791 1.093 3.501 1.08 -0.909 -2.494 -3.571 3.724 0.361 -1.768 -2.893 -3.663 -0.614 -1.937 -2.971 -3.587 -4.046 -2.091 -0.853 -2.405 -4.575 -4.895 -4.955 -2.551
41.654454 1.55 6.748 5.782 4.079 1.292 -0.71 1.175 3.582 1.161 -0.828 -2.413 -3.49 3.805 0.442 -1.687 -2.811 -3.582 -0.533 -1.856 -2.89 -3.506 -3.965 -2.01 -0.771 -2.323 -4.493 -4.814 -4.874 -2.47
42.914265 1.631 6.829 5.864 4.161 1.374 -0.628 1.256 3.664 1.243 -0.747 -2.332 -3.408 3.887 0.524 -1.605 -2.73 -3.501 -0.451 -1.775 -2.808 -3.424 -3.883 -1.928 -0.69 -2.242 -4.412 -4.732 -4.793 -2.388
44.212178 1.712 6.911 5.945 4.242 1.455 -0.547 1.338 3.745 1.324 -0.665 -2.25 -3.327 3.968 0.605 -1.524 -2.648 -3.419 -0.37 -1.693 -2.727 -3.343 -3.802 -1.847 -0.608 -2.16 -4.331 -4.651 -4.711 -2.307
45.549345 1.794 6.992 6.026 4.324 1.537 -0.465 1.419 3.827 1.406 -0.584 -2.169 -3.246 4.049 0.686 -1.442 -2.567 -3.338 -0.288 -1.612 -2.646 -3.261 -3.72 -1.765 -0.527 -2.079 -4.249 -4.569 -4.63 -2.225
46.926954 1.875 7.074 6.108 4.405 1.618 -0.384 1.501 3.908 1.487 -0.502 -2.087 -3.164 4.131 0.768 -1.361 -2.485 -3.256 -0.207 -1.53 -2.564 -3.18 -3.639 -1.684 -0.445 -1.997 -4.167 -4.488 -4.548 -2.144
48.346227 1.957 7.155 6.19 4.487 1.7 -0.302 1.582 3.99 1.569 -0.421 -2.005 -3.082 4.213 0.85 -1.279 -2.404 -3.175 -0.125 -1.449 -2.482 -3.098 -3.557 -1.602 -0.364 -1.916 -4.086 -4.406 -4.467 -2.062
49.808426 2.039 7.237 6.271 4.568 1.782 -0.221 1.664 4.072 1.651 -0.339 -1.924 -3.001 4.294 0.931 -1.197 -2.322 -3.093 -0.043 -1.367 -2.401 -3.016 -3.476 -1.52 -0.282 -1.834 -4.004 -4.324 -4.385 -1.981
51.314848 2.12 7.319 6.353 4.65 1.863 -0.139 1.746 4.153 1.732 -0.257 -1.842 -2.919 4.376 1.013 -1.116 -2.24 -3.011 0.038 -1.285 -2.319 -2.935 -3.394 -1.439 -0.2 -1.752 -3.922 -4.243 -4.303 -1.899
52.86683 2.202 7.401 6.435 4.732 1.945 -0.057 1.827 4.235 1.814 -0.175 -1.76 -2.837 4.458 1.095 -1.034 -2.159 -2.93 0.12 -1.203 -2.237 -2.853 -3.312 -1.357 -0.119 -1.671 -3.841 -4.161 -4.222 -1.817
54.465752 2.284 7.482 6.517 4.814 2.027 0.025 1.909 4.317 1.896 -0.094 -1.679 -2.755 4.54 1.177 -0.952 -2.077 -2.848 0.202 -1.122 -2.155 -2.771 -3.23 -1.275 -0.037 -1.589 -3.759 -4.079 -4.14 -1.735
56.113031 2.366 7.564 6.598 4.896 2.109 0.107 1.991 4.399 1.978 -0.012 -1.597 -2.674 4.621 1.258 -0.87 -1.995 -2.766 0.284 -1.04 -2.074 -2.689 -3.148 -1.193 0.045 -1.507 -3.677 -3.997 -4.058 -1.653
57.810132 2.448 7.646 6.68 4.978 2.191 0.189 2.073 4.481 2.06 0.07 -1.515 -2.592 4.703 1.34 -0.788 -1.913 -2.684 0.366 -0.958 -1.992 -2.607 -3.067 -1.111 0.127 -1.425 -3.595 -3.915 -3.976 -1.571
59.55856 2.53 7.728 6.762 5.059 2.273 0.271 2.155 4.563 2.142 0.152 -1.433 -2.51 4.785 1.422 -0.706 -1.831 -2.602 0.448 -0.876 -1.91 -2.525 -2.985 -1.029 0.209 -1.343 -3.513 -3.833 -3.894 -1.49
61.359868 2.612 7.81 6.844 5.142 2.355 0.353 2.237 4.645 2.224 0.234 -1.351 -2.428 4.867 1.504 -0.624 -1.749 -2.52 0.53 -0.794 -1.828 -2.443 -2.903 -0.947 0.291 -1.261 -3.431 -3.751 -3.812 -1.407
63.215655 2.694 7.892 6.926 5.224 2.437 0.435 2.319 4.727 2.306 0.316 -1.269 -2.346 4.949 1.586 -0.542 -1.667 -2.438 0.612 -0.712 -1.746 -2.361 -2.82 -0.865 0.373 -1.179 -3.349 -3.669 -3.73 -1.325
65.127569 2.776 7.974 7.009 5.306 2.519 0.517 2.401 4.809 2.388 0.398 -1.187 -2.263 5.032 1.669 -0.46 -1.585 -2.356 0.694 -0.63 -1.663 -2.279 -2.738 -0.783 0.455 -1.097 -3.267 -3.587 -3.648 -1.243
67.097308 2.858 8.057 7.091 5.388 2.601 0.599 2.483 4.891 2.47 0.48 -1.104 -2.181 5.114 1.751 -0.378 -1.503 -2.274 0.776 -0.547 -1.581 -2.197 -2.656 -0.701 0.537 -1.015 -3.185 -3.505 -3.566 -1.161
69.126621 2.94 8.139 7.173 5.47 2.683 0.681 2.566 4.973 2.552 0.563 -1.022 -2.099 5.196 1.833 -0.296 -1.42 -2.191 0.858 -0.465 -1.499 -2.115 -2.574 -0.619 0.62 -0.932 -3.103 -3.423 -3.483 -1.079
71.217308 3.023 8.221 7.255 5.552 2.766 0.763 2.648 5.056 2.635 0.645 -0.94 -2.017 5.278 1.915 -0.214 -1.338 -2.109 0.941 -0.383 -1.417 -2.033 -2.492 -0.537 0.702 -0.85 -3.02 -3.341 -3.401 -0.997
73.371227 3.105 8.303 7.337 5.635 2.848 0.846 2.73 5.138 2.717 0.727 -0.858 -1.934 5.361 1.998 -0.131 -1.256 -2.027 1.023 -0.301 -1.334 -1.95 -2.409 -0.454 0.784 -0.768 -2.938 -3.258 -3.319 -0.914
75.59029 3.187 8.386 7.42 5.717 2.93 0.928 2.812 5.22 2.799 0.81 -0.775 -1.852 5.443 2.08 -0.049 -1.174 -1.944 1.105 -0.218 -1.252 -1.868 -2.327 -0.372 0.866 -0.686 -2.856 -3.176 -3.236 -0.832
77.876467 3.27 8.468 7.502 5.799 3.013 1.01 2.895 5.303 2.882 0.892 -0.693 -1.77 5.525 2.162 0.034 -1.091 -1.862 1.188 -0.136 -1.17 -1.785 -2.245 -0.29 0.949 -0.603 -2.773 -3.093 -3.154 -0.75
80.231787 3.352 8.551 7.585 5.882 3.095 1.093 2.977 5.385 2.964 0.974 -0.61 -1.687 5.608 2.245 0.116 -1.009 -1.78 1.27 -0.053 -1.087 -1.703 -2.162 -0.207 1.031 -0.521 -2.691 -3.011 -3.072 -0.667
82.658343 3.435 8.633 7.667 5.964 3.178 1.175 3.06 5.468 3.047 1.057 -0.528 -1.605 5.69 2.327 0.198 -0.926 -1.697 1.353 0.029 -1.005 -1.621 -2.08 -0.125 1.114 -0.438 -2.608 -2.929 -2.989 -0.585
85.158288 3.517 8.716 7.75 6.047 3.26 1.258 3.142 5.55 3.129 1.139 -0.445 -1.522 5.773 2.41 0.281 -0.844 -1.615 1.435 0.112 -0.922 -1.538 -1.997 -0.042 1.196 -0.356 -2.526 -2.846 -2.907 -0.502
87.733843 3.6 8.798 7.832 6.129 3.343 1.34 3.225 5.633 3.212 1.222 -0.363 -1.44 5.855 2.492 0.364 -0.761 -1.532 1.518 0.194 -0.84 -1.455 -1.915 0.041 1.279 -0.273 -2.443 -2.763 -2.824 -0.42
90.387293 3.682 8.881 7.915 6.212 3.425 1.423 3.308 5.715 3.294 1.305 -0.28 -1.357 5.938 2.575 0.446 -0.678 -1.449 1.6 0.277 -0.757 -1.373 -1.832 0.123 1.362 -0.191 -2.361 -2.681 -2.741 -0.337
93.120995 3.765 8.963 7.998 6.295 3.508 1.506 3.39 5.798 3.377 1.387 -0.198 -1.274 6.021 2.658 0.529 -0.596 -1.367 1.683 0.359 -0.674 -1.29 -1.749 0.206 1.444 -0.108 -2.278 -2.598 -2.659 -0.254
95.937376 3.848 9.046 8.08 6.377 3.591 1.588 3.473 5.881 3.46 1.47 -0.115 -1.192 6.103 2.74 0.612 -0.513 -1.284 1.766 0.442 -0.592 -1.207 -1.667 0.289 1.527 -0.025 -2.195 -2.515 -2.576 -0.172
98.838937 3.93 9.129 8.163 6.46 3.673 1.671 3.556 5.963 3.542 1.553 -0.032 -1.109 6.186 2.823 0.694 -0.43 -1.201 1.848 0.525 -0.509 -1.125 -1.584 0.371 1.61 0.058 -2.112 -2.433 -2.493 -0.089
101.828253 4.013 9.212 8.246 6.543 3.756 1.754 3.638 6.046 3.625 1.636 0.051 -1.026 6.269 2.906 0.777 -0.348 -1.118 1.931 0.608 -0.426 -1.042 -1.501 0.454 1.692 0.14 -2.03 -2.35 -2.411 -0.006
104.907979 4.096 9.294 8.329 6.626 3.839 1.837 3.721 6.129 3.708 1.718 0.134 -0.943 6.352 2.989 0.86 -0.265 -1.036 2.014 0.69 -0.343 -0.959 -1.418 0.537 1.775 0.223 -1.947 -2.267 -2.328 0.077
108.080849 4.179 9.377 8.411 6.709 3.922 1.92 3.804 6.212 3.791 1.801 0.216 -0.86 6.434 3.071 0.943 -0.182 -0.953 2.097 0.773 -0.261 -0.876 -1.335 0.62 1.858 0.306 -1.864 -2.184 -2.245 0.16
111.349681 4.262 9.46 8.494 6.792 4.005 2.003 3.887 6.295 3.874 1.884 0.299 -0.778 6.517 3.154 1.026 -0.099 -0.87 2.18 0.856 -0.178 -0.793 -1.253 0.703 1.941 0.389 -1.781 -2.101 -2.162 0.243
114.717376 4.345 9.543 8.577 6.874 4.088 2.085 3.97 6.378 3.957 1.967 0.382 -0.695 6.6 3.237 1.109 -0.016 -0.787 2.263 0.939 -0.095 -0.71 -1.17 0.786 2.024 0.472 -1.698 -2.018 -2.079 0.325
118.186925 4.428 9.626 8.66 6.957 4.171 2.168 4.053 6.461 4.04 2.05 0.465 -0.612 6.683 3.32 1.192 0.067 -0.704 2.346 1.022 -0.012 -0.627 -1.087 0.869 2.107 0.555 -1.615 -1.935 -1.996 0.408
121.761408 4.511 9.709 8.743 7.04 4.254 2.251 4.136 6.544 4.123 2.133 0.548 -0.529 6.766 3.403 1.275 0.15 -0.621 2.429 1.105 0.071 -0.544 -1.004 0.952 2.19 0.638 -1.532 -1.852 -1.913 0.491
125.443999 4.594 9.792 8.826 7.123 4.337 2.335 4.219 6.627 4.206 2.216 0.631 -0.446 6.849 3.486 1.358 0.233 -0.538 2.512 1.188 0.154 -0.461 -0.921 1.035 2.273 0.721 -1.449 -1.769 -1.83 0.574
129.237967 4.677 9.875 8.909 7.207 4.42 2.418 4.302 6.71 4.289 2.299 0.714 -0.363 6.932 3.569 1.441 0.316 -0.455 2.595 1.271 0.237 -0.378 -0.837 1.118 2.356 0.804 -1.366 -1.686 -1.747 0.658
133.146681 4.76 9.958 8.993 7.29 4.503 2.501 4.385 6.793 4.372 2.382 0.797 -0.279 7.016 3.653 1.524 0.399 -0.372 2.678 1.354 0.321 -0.295 -0.754 1.201 2.439 0.887 -1.283 -1.603 -1.664 0.741
137.173612 4.843 10.042 9.076 7.373 4.586 2.584 4.468 6.876 4.455 2.465 0.881 -0.196 7.099 3.736 1.607 0.482 -0.289 2.761 1.438 0.404 -0.212 -0.671 1.284 2.522 0.97 -1.2 -1.52 -1.581 0.824
141.322334 4.926 10.125 9.159 7.456 4.669 2.667 4.552 6.959 4.538 2.549 0.964 -0.113 7.182 3.819 1.69 0.565 -0.205 2.844 1.521 0.487 -0.129 -0.588 1.367 2.606 1.053 -1.117 -1.437 -1.497 0.907
145.596532 5.01 10.208 9.242 7.539 4.752 2.75 4.635 7.042 4.621 2.632 1.047 -0.03 7.265 3.902 1.773 0.649 -0.122 2.927 1.604 0.57 -0.046 -0.505 1.45 2.689 1.137 -1.033 -1.354 -1.414 0.99
150.0 5.093 10.291 9.325 7.623 4.836 2.834 4.718 7.126 4.705 2.715 1.13 0.053 7.348 3.985 1.857 0.732 -0.039 3.011 1.687 0.653 0.038 -0.422 1.534 2.772 1.22 -0.95 -1.27 -1.331 1.074
