web/models/kne.last_good/3/villar_0.0028_0.0613_10.0000.dat
# %ECSV 1.0
# ---
# datatype:
# - {name: time, datatype: float64}
# - {name: swift_uvot_uvw2, datatype: float64}
# - {name: swift_uvot_uvm2, datatype: float64}
# - {name: swift_uvot_uvw1, datatype: float64}
# - {name: swift_uvot_U, datatype: float64}
# - {name: swift_uvot_B, datatype: float64}
# - {name: swift_uvot_V, datatype: float64}
# - {name: swift_uvot_W, datatype: float64}
# - {name: johnson_U, datatype: float64}
# - {name: johnson_B, datatype: float64}
# - {name: johnson_V, datatype: float64}
# - {name: johnson_R, datatype: float64}
# - {name: johnson_I, datatype: float64}
# - {name: sdss_u, datatype: float64}
# - {name: sdss_g, datatype: float64}
# - {name: sdss_r, datatype: float64}
# - {name: sdss_i, datatype: float64}
# - {name: sdss_z, datatype: float64}
# - {name: PS1_g, datatype: float64}
# - {name: PS1_r, datatype: float64}
# - {name: PS1_i, datatype: float64}
# - {name: PS1_z, datatype: float64}
# - {name: PS1_Y, datatype: float64}
# - {name: PS1_w, datatype: float64}
# - {name: ATLAS_c, datatype: float64}
# - {name: ATLAS_o, datatype: float64}
# - {name: ukirt_J, datatype: float64}
# - {name: ukirt_H, datatype: float64}
# - {name: ukirt_K, datatype: float64}
# - {name: Clear, datatype: float64}
# meta: !!omap
# - comment: [kappa = 10.0, type = villar, mass = 0.0028172691138521437, velocity = 0.06133333333333335, theta_obs = 0.0, tfloor = 2500.0]
# schema: astropy-2.0
time swift_uvot_uvw2 swift_uvot_uvm2 swift_uvot_uvw1 swift_uvot_U swift_uvot_B swift_uvot_V swift_uvot_W johnson_U johnson_B johnson_V johnson_R johnson_I sdss_u sdss_g sdss_r sdss_i sdss_z PS1_g PS1_r PS1_i PS1_z PS1_Y PS1_w ATLAS_c ATLAS_o ukirt_J ukirt_H ukirt_K Clear
[from data line 280]
4.200141 -5.335 -0.136 -1.102 -2.805 -5.592 -7.594 -5.709 -3.302 -5.723 -7.712 -9.297 -10.374 -3.079 -6.442 -8.571 -9.696 -10.466 -7.417 -8.74 -9.774 -10.39 -10.849 -8.894 -7.655 -9.208 -11.378 -11.698 -11.758 -9.354
4.327172 -5.279 -0.08 -1.046 -2.749 -5.536 -7.538 -5.654 -3.246 -5.667 -7.656 -9.241 -10.318 -3.023 -6.386 -8.515 -9.64 -10.41 -7.361 -8.684 -9.718 -10.334 -10.793 -8.838 -7.6 -9.152 -11.322 -11.642 -11.703 -9.298
4.458044 -5.223 -0.025 -0.99 -2.693 -5.48 -7.482 -5.598 -3.19 -5.611 -7.601 -9.186 -10.262 -2.967 -6.33 -8.459 -9.584 -10.355 -7.305 -8.629 -9.662 -10.278 -10.737 -8.782 -7.544 -9.096 -11.266 -11.586 -11.647 -9.242
4.592874 -5.167 0.031 -0.935 -2.638 -5.424 -7.427 -5.542 -3.134 -5.555 -7.545 -9.13 -10.207 -2.912 -6.275 -8.404 -9.528 -10.299 -7.249 -8.573 -9.607 -10.223 -10.682 -8.727 -7.488 -9.04 -11.21 -11.531 -11.591 -9.187
4.731783 -5.112 0.087 -0.879 -2.582 -5.369 -7.371 -5.487 -3.079 -5.5 -7.49 -9.074 -10.151 -2.856 -6.219 -8.348 -9.473 -10.244 -7.194 -8.517 -9.551 -10.167 -10.626 -8.671 -7.433 -8.985 -11.155 -11.475 -11.536 -9.131
4.874892 -5.057 0.142 -0.824 -2.527 -5.314 -7.316 -5.431 -3.024 -5.445 -7.434 -9.019 -10.096 -2.801 -6.164 -8.293 -9.417 -10.188 -7.139 -8.462 -9.496 -10.112 -10.571 -8.616 -7.377 -8.929 -11.1 -11.42 -11.48 -9.076
5.02233 -5.001 0.197 -0.769 -2.472 -5.259 -7.261 -5.376 -2.969 -5.39 -7.379 -8.964 -10.041 -2.746 -6.109 -8.238 -9.362 -10.133 -7.084 -8.407 -9.441 -10.057 -10.516 -8.561 -7.322 -8.874 -11.044 -11.365 -11.425 -9.021
5.174227 -4.946 0.252 -0.714 -2.417 -5.204 -7.206 -5.321 -2.914 -5.335 -7.324 -8.909 -9.986 -2.691 -6.054 -8.183 -9.307 -10.078 -7.029 -8.352 -9.386 -10.002 -10.461 -8.506 -7.267 -8.819 -10.989 -11.31 -11.37 -8.966
5.330718 -4.892 0.307 -0.659 -2.362 -5.149 -7.151 -5.266 -2.859 -5.28 -7.269 -8.854 -9.931 -2.636 -5.999 -8.128 -9.252 -10.023 -6.974 -8.297 -9.331 -9.947 -10.406 -8.451 -7.212 -8.764 -10.934 -11.255 -11.315 -8.911
5.491942 -4.837 0.362 -0.604 -2.307 -5.094 -7.096 -5.212 -2.804 -5.225 -7.215 -8.799 -9.876 -2.581 -5.944 -8.073 -9.198 -9.969 -6.919 -8.242 -9.276 -9.892 -10.351 -8.396 -7.158 -8.71 -10.88 -11.2 -11.261 -8.856
5.658042 -4.782 0.416 -0.55 -2.253 -5.039 -7.042 -5.157 -2.749 -5.17 -7.16 -8.745 -9.822 -2.527 -5.89 -8.018 -9.143 -9.914 -6.864 -8.188 -9.222 -9.837 -10.297 -8.341 -7.103 -8.655 -10.825 -11.145 -11.206 -8.802
5.829166 -4.728 0.471 -0.495 -2.198 -4.985 -6.987 -5.103 -2.695 -5.116 -7.105 -8.69 -9.767 -2.472 -5.835 -7.964 -9.089 -9.859 -6.81 -8.133 -9.167 -9.783 -10.242 -8.287 -7.049 -8.601 -10.771 -11.091 -11.152 -8.747
6.005465 -4.673 0.525 -0.441 -2.144 -4.931 -6.933 -5.048 -2.641 -5.062 -7.051 -8.636 -9.713 -2.418 -5.781 -7.91 -9.034 -9.805 -6.756 -8.079 -9.113 -9.729 -10.188 -8.233 -6.994 -8.546 -10.716 -11.037 -11.097 -8.693
6.187096 -4.619 0.579 -0.387 -2.089 -4.876 -6.878 -4.994 -2.586 -5.007 -6.997 -8.582 -9.659 -2.364 -5.727 -7.855 -8.98 -9.751 -6.701 -8.025 -9.059 -9.674 -10.133 -8.178 -6.94 -8.492 -10.662 -10.982 -11.043 -8.638
6.37422 -4.565 0.633 -0.332 -2.035 -4.822 -6.824 -4.94 -2.532 -4.953 -6.943 -8.527 -9.604 -2.309 -5.672 -7.801 -8.926 -9.697 -6.647 -7.971 -9.004 -9.62 -10.079 -8.124 -6.886 -8.438 -10.608 -10.928 -10.989 -8.584
6.567004 -4.511 0.688 -0.278 -1.981 -4.768 -6.77 -4.886 -2.478 -4.899 -6.889 -8.473 -9.55 -2.255 -5.618 -7.747 -8.872 -9.643 -6.593 -7.916 -8.95 -9.566 -10.025 -8.07 -6.832 -8.384 -10.554 -10.874 -10.935 -8.53
6.765619 -4.457 0.742 -0.224 -1.927 -4.714 -6.716 -4.832 -2.424 -4.845 -6.834 -8.419 -9.496 -2.201 -5.564 -7.693 -8.818 -9.588 -6.539 -7.862 -8.896 -9.512 -9.971 -8.016 -6.778 -8.33 -10.5 -10.82 -10.881 -8.476
6.97024 -4.403 0.796 -0.17 -1.873 -4.66 -6.662 -4.778 -2.37 -4.791 -6.781 -8.365 -9.442 -2.147 -5.51 -7.639 -8.764 -9.535 -6.485 -7.808 -8.842 -9.458 -9.917 -7.962 -6.724 -8.276 -10.446 -10.766 -10.827 -8.422
7.181051 -4.349 0.85 -0.116 -1.819 -4.606 -6.608 -4.724 -2.316 -4.737 -6.727 -8.311 -9.388 -2.093 -5.456 -7.585 -8.71 -9.481 -6.431 -7.754 -8.788 -9.404 -9.863 -7.908 -6.67 -8.222 -10.392 -10.712 -10.773 -8.368
7.398237 -4.295 0.903 -0.062 -1.765 -4.552 -6.554 -4.67 -2.262 -4.683 -6.673 -8.257 -9.334 -2.039 -5.402 -7.531 -8.656 -9.427 -6.377 -7.701 -8.734 -9.35 -9.809 -7.854 -6.616 -8.168 -10.338 -10.658 -10.719 -8.314
7.621991 -4.241 0.957 -0.009 -1.711 -4.498 -6.5 -4.616 -2.208 -4.629 -6.619 -8.204 -9.28 -1.985 -5.348 -7.477 -8.602 -9.373 -6.323 -7.647 -8.68 -9.296 -9.755 -7.8 -6.562 -8.114 -10.284 -10.604 -10.665 -8.26
7.852513 -4.187 1.011 0.045 -1.657 -4.444 -6.446 -4.562 -2.154 -4.575 -6.565 -8.15 -9.227 -1.932 -5.295 -7.423 -8.548 -9.319 -6.269 -7.593 -8.627 -9.242 -9.701 -7.746 -6.508 -8.06 -10.23 -10.55 -10.611 -8.206
8.090007 -4.133 1.065 0.099 -1.604 -4.39 -6.393 -4.508 -2.1 -4.521 -6.511 -8.096 -9.173 -1.878 -5.241 -7.369 -8.494 -9.265 -6.215 -7.539 -8.573 -9.188 -9.648 -7.692 -6.454 -8.006 -10.176 -10.496 -10.557 -8.153
8.334684 -4.079 1.119 0.153 -1.55 -4.336 -6.339 -4.454 -2.046 -4.467 -6.457 -8.042 -9.119 -1.824 -5.187 -7.316 -8.44 -9.211 -6.161 -7.485 -8.519 -9.135 -9.594 -7.639 -6.4 -7.952 -10.122 -10.443 -10.503 -8.099
8.586761 -4.025 1.173 0.207 -1.496 -4.283 -6.285 -4.4 -1.993 -4.414 -6.403 -7.988 -9.065 -1.77 -5.133 -7.262 -8.386 -9.157 -6.108 -7.431 -8.465 -9.081 -9.54 -7.585 -6.346 -7.898 -10.068 -10.389 -10.449 -8.045
8.846461 -3.971 1.227 0.261 -1.442 -4.229 -6.231 -4.346 -1.939 -4.36 -6.349 -7.934 -9.011 -1.716 -5.079 -7.208 -8.332 -9.103 -6.054 -7.377 -8.411 -9.027 -9.486 -7.531 -6.292 -7.844 -10.014 -10.335 -10.395 -7.991
9.114017 -3.917 1.281 0.315 -1.388 -4.175 -6.177 -4.292 -1.885 -4.306 -6.295 -7.88 -8.957 -1.662 -5.025 -7.154 -8.278 -9.049 -6.0 -7.323 -8.357 -8.973 -9.432 -7.477 -6.238 -7.79 -9.96 -10.281 -10.341 -7.937
9.389664 -3.863 1.335 0.369 -1.334 -4.12 -6.123 -4.238 -1.83 -4.251 -6.241 -7.826 -8.903 -1.608 -4.971 -7.1 -8.224 -8.995 -5.945 -7.269 -8.303 -8.919 -9.378 -7.423 -6.184 -7.736 -9.906 -10.227 -10.287 -7.883
9.673648 -3.809 1.389 0.423 -1.28 -4.066 -6.068 -4.184 -1.776 -4.197 -6.187 -7.772 -8.849 -1.554 -4.917 -7.045 -8.17 -8.941 -5.891 -7.215 -8.249 -8.864 -9.324 -7.368 -6.13 -7.682 -9.852 -10.172 -10.233 -7.829
9.966221 -3.755 1.443 0.478 -1.225 -4.012 -6.014 -4.13 -1.722 -4.143 -6.133 -7.718 -8.794 -1.499 -4.862 -6.991 -8.116 -8.887 -5.837 -7.161 -8.194 -8.81 -9.269 -7.314 -6.076 -7.628 -9.798 -10.118 -10.179 -7.774
10.267642 -3.701 1.498 0.532 -1.171 -3.958 -5.96 -4.076 -1.668 -4.089 -6.078 -7.663 -8.74 -1.445 -4.808 -6.937 -8.062 -8.832 -5.783 -7.106 -8.14 -8.756 -9.215 -7.26 -6.022 -7.574 -9.744 -10.064 -10.125 -7.72
10.57818 -3.646 1.552 0.586 -1.117 -3.903 -5.906 -4.021 -1.614 -4.034 -6.024 -7.609 -8.686 -1.391 -4.754 -6.883 -8.007 -8.778 -5.728 -7.052 -8.086 -8.702 -9.161 -7.206 -5.967 -7.519 -9.689 -10.01 -10.07 -7.666
10.89811 -3.592 1.606 0.641 -1.062 -3.849 -5.851 -3.967 -1.559 -3.98 -5.97 -7.554 -8.631 -1.336 -4.699 -6.828 -7.953 -8.724 -5.674 -6.998 -8.031 -8.647 -9.106 -7.151 -5.913 -7.465 -9.635 -9.955 -10.016 -7.611
11.227716 -3.537 1.661 0.695 -1.008 -3.794 -5.797 -3.912 -1.505 -3.926 -5.915 -7.5 -8.577 -1.282 -4.645 -6.774 -7.898 -8.669 -5.619 -6.943 -7.977 -8.593 -9.052 -7.097 -5.858 -7.41 -9.58 -9.901 -9.961 -7.557
11.56729 -3.483 1.716 0.75 -0.953 -3.74 -5.742 -3.858 -1.45 -3.871 -5.86 -7.445 -8.522 -1.227 -4.59 -6.719 -7.844 -8.614 -5.565 -6.888 -7.922 -8.538 -8.997 -7.042 -5.804 -7.356 -9.526 -9.846 -9.907 -7.502
11.917135 -3.428 1.77 0.805 -0.898 -3.685 -5.687 -3.803 -1.395 -3.816 -5.806 -7.391 -8.467 -1.172 -4.535 -6.664 -7.789 -8.56 -5.51 -6.834 -7.867 -8.483 -8.942 -6.987 -5.749 -7.301 -9.471 -9.791 -9.852 -7.447
12.277561 -3.373 1.825 0.859 -0.843 -3.63 -5.632 -3.748 -1.34 -3.761 -5.751 -7.336 -8.413 -1.118 -4.481 -6.609 -7.734 -8.505 -5.455 -6.779 -7.813 -8.428 -8.888 -6.932 -5.694 -7.246 -9.416 -9.736 -9.797 -7.392
12.648887 -3.318 1.88 0.914 -0.789 -3.575 -5.578 -3.693 -1.285 -3.706 -5.696 -7.281 -8.358 -1.063 -4.426 -6.554 -7.679 -8.45 -5.4 -6.724 -7.758 -8.373 -8.833 -6.877 -5.639 -7.191 -9.361 -9.681 -9.742 -7.338
13.031444 -3.263 1.935 0.969 -0.733 -3.52 -5.522 -3.638 -1.23 -3.651 -5.641 -7.226 -8.303 -1.008 -4.371 -6.499 -7.624 -8.395 -5.345 -6.669 -7.703 -8.318 -8.778 -6.822 -5.584 -7.136 -9.306 -9.626 -9.687 -7.282
13.425571 -3.208 1.99 1.025 -0.678 -3.465 -5.467 -3.583 -1.175 -3.596 -5.586 -7.171 -8.247 -0.952 -4.315 -6.444 -7.569 -8.34 -5.29 -6.614 -7.647 -8.263 -8.722 -6.767 -5.529 -7.081 -9.251 -9.571 -9.632 -7.227
13.831619 -3.153 2.046 1.08 -0.623 -3.41 -5.412 -3.528 -1.12 -3.541 -5.53 -7.115 -8.192 -0.897 -4.26 -6.389 -7.514 -8.284 -5.235 -6.558 -7.592 -8.208 -8.667 -6.712 -5.474 -7.026 -9.196 -9.516 -9.577 -7.172
14.249947 -3.097 2.101 1.135 -0.568 -3.354 -5.357 -3.472 -1.065 -3.486 -5.475 -7.06 -8.137 -0.842 -4.205 -6.334 -7.458 -8.229 -5.179 -6.503 -7.537 -8.153 -8.612 -6.657 -5.418 -6.97 -9.14 -9.461 -9.521 -7.117
14.680926 -3.042 2.157 1.191 -0.512 -3.299 -5.301 -3.417 -1.009 -3.43 -5.42 -7.004 -8.081 -0.786 -4.149 -6.278 -7.403 -8.174 -5.124 -6.447 -7.481 -8.097 -8.556 -6.601 -5.363 -6.915 -9.085 -9.405 -9.466 -7.061
15.124941 -2.986 2.212 1.246 -0.457 -3.243 -5.246 -3.361 -0.953 -3.374 -5.364 -6.949 -8.026 -0.731 -4.094 -6.222 -7.347 -8.118 -5.068 -6.392 -7.426 -8.041 -8.501 -6.545 -5.307 -6.859 -9.029 -9.349 -9.41 -7.006
15.582385 -2.931 2.268 1.302 -0.401 -3.188 -5.19 -3.305 -0.898 -3.319 -5.308 -6.893 -7.97 -0.675 -4.038 -6.167 -7.291 -8.062 -5.013 -6.336 -7.37 -7.986 -8.445 -6.49 -5.251 -6.803 -8.973 -9.294 -9.354 -6.95
16.053663 -2.875 2.324 1.358 -0.345 -3.132 -5.134 -3.25 -0.842 -3.263 -5.252 -6.837 -7.914 -0.619 -3.982 -6.111 -7.236 -8.006 -4.957 -6.28 -7.314 -7.93 -8.389 -6.434 -5.196 -6.748 -8.918 -9.238 -9.299 -6.894
16.539195 -2.819 2.38 1.414 -0.289 -3.076 -5.078 -3.194 -0.786 -3.207 -5.196 -6.781 -7.858 -0.563 -3.926 -6.055 -7.18 -7.95 -4.901 -6.224 -7.258 -7.874 -8.333 -6.378 -5.14 -6.692 -8.862 -9.182 -9.243 -6.838
17.039412 -2.763 2.436 1.47 -0.233 -3.02 -5.022 -3.138 -0.73 -3.151 -5.14 -6.725 -7.802 -0.507 -3.87 -5.999 -7.124 -7.894 -4.845 -6.168 -7.202 -7.818 -8.277 -6.322 -5.084 -6.636 -8.806 -9.126 -9.187 -6.782
17.554757 -2.707 2.492 1.526 -0.177 -2.964 -4.966 -3.081 -0.674 -3.095 -5.084 -6.669 -7.746 -0.451 -3.814 -5.943 -7.067 -7.838 -4.789 -6.112 -7.146 -7.762 -8.221 -6.266 -5.027 -6.579 -8.749 -9.07 -9.13 -6.726
18.085689 -2.65 2.548 1.582 -0.121 -2.907 -4.91 -3.025 -0.617 -3.038 -5.028 -6.613 -7.69 -0.395 -3.758 -5.886 -7.011 -7.782 -4.732 -6.056 -7.09 -7.705 -8.165 -6.209 -4.971 -6.523 -8.693 -9.013 -9.074 -6.67
18.632678 -2.594 2.605 1.639 -0.064 -2.851 -4.853 -2.969 -0.561 -2.982 -4.972 -6.556 -7.633 -0.338 -3.701 -5.83 -6.955 -7.726 -4.676 -5.999 -7.033 -7.649 -8.108 -6.153 -4.915 -6.467 -8.637 -8.957 -9.018 -6.613
19.196211 -2.537 2.661 1.695 -0.008 -2.794 -4.797 -2.912 -0.505 -2.926 -4.915 -6.5 -7.577 -0.282 -3.645 -5.774 -6.898 -7.669 -4.619 -5.943 -6.977 -7.593 -8.052 -6.097 -4.858 -6.41 -8.58 -8.901 -8.961 -6.557
19.776787 -2.481 2.718 1.752 0.049 -2.738 -4.74 -2.856 -0.448 -2.869 -4.858 -6.443 -7.52 -0.225 -3.588 -5.717 -6.842 -7.612 -4.563 -5.886 -6.92 -7.536 -7.995 -6.04 -4.802 -6.354 -8.524 -8.844 -8.905 -6.5
20.374923 -2.424 2.774 1.808 0.106 -2.681 -4.683 -2.799 -0.391 -2.812 -4.802 -6.387 -7.463 -0.168 -3.532 -5.66 -6.785 -7.556 -4.506 -5.83 -6.864 -7.479 -7.938 -5.983 -4.745 -6.297 -8.467 -8.787 -8.848 -6.443
20.991149 -2.367 2.831 1.865 0.162 -2.624 -4.626 -2.742 -0.334 -2.755 -4.745 -6.33 -7.407 -0.112 -3.475 -5.603 -6.728 -7.499 -4.449 -5.773 -6.807 -7.422 -7.882 -5.926 -4.688 -6.24 -8.41 -8.73 -8.791 -6.387
21.626011 -2.31 2.888 1.922 0.219 -2.567 -4.57 -2.685 -0.277 -2.698 -4.688 -6.273 -7.35 -0.055 -3.418 -5.546 -6.671 -7.442 -4.392 -5.716 -6.75 -7.365 -7.825 -5.869 -4.631 -6.183 -8.353 -8.673 -8.734 -6.33
22.280075 -2.253 2.945 1.979 0.276 -2.51 -4.513 -2.628 -0.22 -2.641 -4.631 -6.216 -7.293 0.002 -3.361 -5.489 -6.614 -7.385 -4.335 -5.659 -6.693 -7.308 -7.768 -5.812 -4.574 -6.126 -8.296 -8.616 -8.677 -6.273
22.953921 -2.196 3.002 2.036 0.334 -2.453 -4.455 -2.571 -0.163 -2.584 -4.574 -6.159 -7.235 0.059 -3.304 -5.432 -6.557 -7.328 -4.278 -5.602 -6.636 -7.251 -7.71 -5.755 -4.517 -6.069 -8.239 -8.559 -8.62 -6.215
23.648147 -2.139 3.06 2.094 0.391 -2.396 -4.398 -2.514 -0.106 -2.527 -4.517 -6.101 -7.178 0.117 -3.246 -5.375 -6.5 -7.271 -4.221 -5.544 -6.578 -7.194 -7.653 -5.698 -4.46 -6.012 -8.182 -8.502 -8.563 -6.158
24.363369 -2.081 3.117 2.151 0.448 -2.339 -4.341 -2.456 -0.049 -2.47 -4.459 -6.044 -7.121 0.174 -3.189 -5.318 -6.442 -7.213 -4.164 -5.487 -6.521 -7.137 -7.596 -5.641 -4.402 -5.954 -8.124 -8.445 -8.505 -6.101
25.100222 -2.024 3.174 2.209 0.506 -2.281 -4.283 -2.399 0.009 -2.412 -4.402 -5.987 -7.063 0.232 -3.131 -5.26 -6.385 -7.156 -4.106 -5.43 -6.463 -7.079 -7.538 -5.583 -4.345 -5.897 -8.067 -8.387 -8.448 -6.043
25.859362 -1.966 3.232 2.266 0.563 -2.224 -4.226 -2.341 0.066 -2.355 -4.344 -5.929 -7.006 0.289 -3.074 -5.203 -6.327 -7.098 -4.049 -5.372 -6.406 -7.022 -7.481 -5.526 -4.287 -5.839 -8.009 -8.33 -8.39 -5.986
26.64146 -1.909 3.29 2.324 0.621 -2.166 -4.168 -2.284 0.124 -2.297 -4.286 -5.871 -6.948 0.347 -3.016 -5.145 -6.27 -7.04 -3.991 -5.314 -6.348 -6.964 -7.423 -5.468 -4.23 -5.782 -7.952 -8.272 -8.333 -5.928
27.447213 -1.851 3.347 2.382 0.679 -2.108 -4.11 -2.226 0.182 -2.239 -4.229 -5.814 -6.89 0.405 -2.958 -5.087 -6.212 -6.983 -3.933 -5.257 -6.29 -6.906 -7.365 -5.41 -4.172 -5.724 -7.894 -8.214 -8.275 -5.87
28.277335 -1.793 3.405 2.439 0.737 -2.05 -4.052 -2.168 0.24 -2.181 -4.171 -5.756 -6.833 0.462 -2.901 -5.029 -6.154 -6.925 -3.875 -5.199 -6.233 -6.848 -7.307 -5.352 -4.114 -5.666 -7.836 -8.156 -8.217 -5.812
29.132564 -1.735 3.463 2.497 0.795 -1.992 -3.994 -2.11 0.298 -2.123 -4.113 -5.698 -6.775 0.52 -2.843 -4.971 -6.096 -6.867 -3.817 -5.141 -6.175 -6.79 -7.249 -5.294 -4.056 -5.608 -7.778 -8.098 -8.159 -5.754
30.013659 -1.677 3.521 2.555 0.853 -1.934 -3.936 -2.052 0.356 -2.065 -4.055 -5.64 -6.716 0.579 -2.785 -4.913 -6.038 -6.809 -3.759 -5.083 -6.117 -6.732 -7.191 -5.236 -3.998 -5.55 -7.72 -8.04 -8.101 -5.696
30.921401 -1.619 3.58 2.614 0.911 -1.876 -3.878 -1.994 0.414 -2.007 -3.997 -5.581 -6.658 0.637 -2.726 -4.855 -5.98 -6.751 -3.701 -5.024 -6.058 -6.674 -7.133 -5.178 -3.94 -5.492 -7.662 -7.982 -8.043 -5.638
31.856598 -1.561 3.638 2.672 0.969 -1.818 -3.82 -1.935 0.472 -1.949 -3.938 -5.523 -6.6 0.695 -2.668 -4.797 -5.922 -6.692 -3.643 -4.966 -6.0 -6.616 -7.075 -5.12 -3.881 -5.434 -7.604 -7.924 -7.984 -5.58
32.820079 -1.502 3.696 2.73 1.027 -1.759 -3.762 -1.877 0.531 -1.89 -3.88 -5.465 -6.542 0.753 -2.61 -4.738 -5.863 -6.634 -3.584 -4.908 -5.942 -6.557 -7.017 -5.061 -3.823 -5.375 -7.545 -7.865 -7.926 -5.522
33.8127 -1.444 3.755 2.789 1.086 -1.701 -3.703 -1.819 0.589 -1.832 -3.822 -5.406 -6.483 0.812 -2.551 -4.68 -5.805 -6.576 -3.526 -4.849 -5.883 -6.499 -6.958 -5.003 -3.765 -5.317 -7.487 -7.807 -7.868 -5.463
34.835342 -1.385 3.813 2.847 1.144 -1.642 -3.645 -1.76 0.648 -1.773 -3.763 -5.348 -6.425 0.87 -2.493 -4.621 -5.746 -6.517 -3.467 -4.791 -5.825 -6.44 -6.9 -4.944 -3.706 -5.258 -7.428 -7.748 -7.809 -5.405
35.888913 -1.327 3.872 2.906 1.203 -1.584 -3.586 -1.701 0.706 -1.715 -3.704 -5.289 -6.366 0.929 -2.434 -4.563 -5.687 -6.458 -3.409 -4.732 -5.766 -6.382 -6.841 -4.886 -3.647 -5.199 -7.37 -7.69 -7.75 -5.346
36.974349 -1.268 3.931 2.965 1.262 -1.525 -3.527 -1.643 0.765 -1.656 -3.646 -5.23 -6.307 0.988 -2.375 -4.504 -5.629 -6.4 -3.35 -4.673 -5.707 -6.323 -6.782 -4.827 -3.589 -5.141 -7.311 -7.631 -7.692 -5.287
38.092613 -1.209 3.989 3.023 1.321 -1.466 -3.468 -1.584 0.824 -1.597 -3.587 -5.172 -6.248 1.047 -2.317 -4.445 -5.57 -6.341 -3.291 -4.615 -5.649 -6.264 -6.723 -4.768 -3.53 -5.082 -7.252 -7.572 -7.633 -5.228
39.244698 -1.15 4.048 3.082 1.38 -1.407 -3.409 -1.525 0.883 -1.538 -3.528 -5.113 -6.19 1.105 -2.258 -4.386 -5.511 -6.282 -3.232 -4.556 -5.59 -6.205 -6.664 -4.709 -3.471 -5.023 -7.193 -7.513 -7.574 -5.169
