web/models/linear/30/-14_571_0_228.dat
# %ECSV 1.0
# ---
# datatype:
# - {name: time, datatype: float64}
# - {name: sdss_u, datatype: float64}
# - {name: sdss_g, datatype: float64}
# - {name: sdss_r, datatype: float64}
# - {name: sdss_i, datatype: float64}
# - {name: sdss_z, datatype: float64}
# - {name: Clear, datatype: float64}
# - {name: johnson_B, datatype: float64}
# - {name: johnson_V, datatype: float64}
# - {name: johnson_R, datatype: float64}
# - {name: johnson_I, datatype: float64}
# - {name: ukirt_J, datatype: float64}
# - {name: ukirt_H, datatype: float64}
# - {name: ukirt_K, datatype: float64}
# meta: !!omap
# - comment: [M=-14.571428571428571, dM=0.22797045620951936]
# schema: astropy-2.0
time sdss_u sdss_g sdss_r sdss_i sdss_z Clear johnson_B johnson_V johnson_R johnson_I ukirt_J ukirt_H ukirt_K
[from data line 117]
8.819095477386934 -12.560935352093363 -12.560935352093363 -12.560935352093363 -12.560935352093363 -12.560935352093363 -12.560935352093363 -12.560935352093363 -12.560935352093363 -12.560935352093363 -12.560935352093363 -12.560935352093363 -12.560935352093363 -12.560935352093363
8.894472361809044 -12.543751649364003 -12.543751649364003 -12.543751649364003 -12.543751649364003 -12.543751649364003 -12.543751649364003 -12.543751649364003 -12.543751649364003 -12.543751649364003 -12.543751649364003 -12.543751649364003 -12.543751649364003 -12.543751649364003
8.969849246231155 -12.526567946634641 -12.526567946634641 -12.526567946634641 -12.526567946634641 -12.526567946634641 -12.526567946634641 -12.526567946634641 -12.526567946634641 -12.526567946634641 -12.526567946634641 -12.526567946634641 -12.526567946634641 -12.526567946634641
9.045226130653266 -12.50938424390528 -12.50938424390528 -12.50938424390528 -12.50938424390528 -12.50938424390528 -12.50938424390528 -12.50938424390528 -12.50938424390528 -12.50938424390528 -12.50938424390528 -12.50938424390528 -12.50938424390528 -12.50938424390528
9.120603015075377 -12.492200541175919 -12.492200541175919 -12.492200541175919 -12.492200541175919 -12.492200541175919 -12.492200541175919 -12.492200541175919 -12.492200541175919 -12.492200541175919 -12.492200541175919 -12.492200541175919 -12.492200541175919 -12.492200541175919
9.195979899497488 -12.475016838446559 -12.475016838446559 -12.475016838446559 -12.475016838446559 -12.475016838446559 -12.475016838446559 -12.475016838446559 -12.475016838446559 -12.475016838446559 -12.475016838446559 -12.475016838446559 -12.475016838446559 -12.475016838446559
9.271356783919597 -12.457833135717198 -12.457833135717198 -12.457833135717198 -12.457833135717198 -12.457833135717198 -12.457833135717198 -12.457833135717198 -12.457833135717198 -12.457833135717198 -12.457833135717198 -12.457833135717198 -12.457833135717198 -12.457833135717198
9.346733668341708 -12.440649432987838 -12.440649432987838 -12.440649432987838 -12.440649432987838 -12.440649432987838 -12.440649432987838 -12.440649432987838 -12.440649432987838 -12.440649432987838 -12.440649432987838 -12.440649432987838 -12.440649432987838 -12.440649432987838
9.422110552763819 -12.423465730258476 -12.423465730258476 -12.423465730258476 -12.423465730258476 -12.423465730258476 -12.423465730258476 -12.423465730258476 -12.423465730258476 -12.423465730258476 -12.423465730258476 -12.423465730258476 -12.423465730258476 -12.423465730258476
9.497487437185928 -12.406282027529116 -12.406282027529116 -12.406282027529116 -12.406282027529116 -12.406282027529116 -12.406282027529116 -12.406282027529116 -12.406282027529116 -12.406282027529116 -12.406282027529116 -12.406282027529116 -12.406282027529116 -12.406282027529116
9.572864321608039 -12.389098324799756 -12.389098324799756 -12.389098324799756 -12.389098324799756 -12.389098324799756 -12.389098324799756 -12.389098324799756 -12.389098324799756 -12.389098324799756 -12.389098324799756 -12.389098324799756 -12.389098324799756 -12.389098324799756
9.64824120603015 -12.371914622070395 -12.371914622070395 -12.371914622070395 -12.371914622070395 -12.371914622070395 -12.371914622070395 -12.371914622070395 -12.371914622070395 -12.371914622070395 -12.371914622070395 -12.371914622070395 -12.371914622070395 -12.371914622070395
9.72361809045226 -12.354730919341034 -12.354730919341034 -12.354730919341034 -12.354730919341034 -12.354730919341034 -12.354730919341034 -12.354730919341034 -12.354730919341034 -12.354730919341034 -12.354730919341034 -12.354730919341034 -12.354730919341034 -12.354730919341034
9.798994974874372 -12.337547216611673 -12.337547216611673 -12.337547216611673 -12.337547216611673 -12.337547216611673 -12.337547216611673 -12.337547216611673 -12.337547216611673 -12.337547216611673 -12.337547216611673 -12.337547216611673 -12.337547216611673 -12.337547216611673
9.874371859296481 -12.320363513882313 -12.320363513882313 -12.320363513882313 -12.320363513882313 -12.320363513882313 -12.320363513882313 -12.320363513882313 -12.320363513882313 -12.320363513882313 -12.320363513882313 -12.320363513882313 -12.320363513882313 -12.320363513882313
9.949748743718592 -12.303179811152951 -12.303179811152951 -12.303179811152951 -12.303179811152951 -12.303179811152951 -12.303179811152951 -12.303179811152951 -12.303179811152951 -12.303179811152951 -12.303179811152951 -12.303179811152951 -12.303179811152951 -12.303179811152951
10.025125628140703 -12.285996108423591 -12.285996108423591 -12.285996108423591 -12.285996108423591 -12.285996108423591 -12.285996108423591 -12.285996108423591 -12.285996108423591 -12.285996108423591 -12.285996108423591 -12.285996108423591 -12.285996108423591 -12.285996108423591
10.100502512562812 -12.26881240569423 -12.26881240569423 -12.26881240569423 -12.26881240569423 -12.26881240569423 -12.26881240569423 -12.26881240569423 -12.26881240569423 -12.26881240569423 -12.26881240569423 -12.26881240569423 -12.26881240569423 -12.26881240569423
10.175879396984923 -12.251628702964869 -12.251628702964869 -12.251628702964869 -12.251628702964869 -12.251628702964869 -12.251628702964869 -12.251628702964869 -12.251628702964869 -12.251628702964869 -12.251628702964869 -12.251628702964869 -12.251628702964869 -12.251628702964869
10.251256281407034 -12.234445000235509 -12.234445000235509 -12.234445000235509 -12.234445000235509 -12.234445000235509 -12.234445000235509 -12.234445000235509 -12.234445000235509 -12.234445000235509 -12.234445000235509 -12.234445000235509 -12.234445000235509 -12.234445000235509
10.326633165829145 -12.217261297506148 -12.217261297506148 -12.217261297506148 -12.217261297506148 -12.217261297506148 -12.217261297506148 -12.217261297506148 -12.217261297506148 -12.217261297506148 -12.217261297506148 -12.217261297506148 -12.217261297506148 -12.217261297506148
10.402010050251256 -12.200077594776786 -12.200077594776786 -12.200077594776786 -12.200077594776786 -12.200077594776786 -12.200077594776786 -12.200077594776786 -12.200077594776786 -12.200077594776786 -12.200077594776786 -12.200077594776786 -12.200077594776786 -12.200077594776786
10.477386934673365 -12.182893892047426 -12.182893892047426 -12.182893892047426 -12.182893892047426 -12.182893892047426 -12.182893892047426 -12.182893892047426 -12.182893892047426 -12.182893892047426 -12.182893892047426 -12.182893892047426 -12.182893892047426 -12.182893892047426
10.552763819095476 -12.165710189318066 -12.165710189318066 -12.165710189318066 -12.165710189318066 -12.165710189318066 -12.165710189318066 -12.165710189318066 -12.165710189318066 -12.165710189318066 -12.165710189318066 -12.165710189318066 -12.165710189318066 -12.165710189318066
10.628140703517587 -12.148526486588704 -12.148526486588704 -12.148526486588704 -12.148526486588704 -12.148526486588704 -12.148526486588704 -12.148526486588704 -12.148526486588704 -12.148526486588704 -12.148526486588704 -12.148526486588704 -12.148526486588704 -12.148526486588704
10.703517587939697 -12.131342783859344 -12.131342783859344 -12.131342783859344 -12.131342783859344 -12.131342783859344 -12.131342783859344 -12.131342783859344 -12.131342783859344 -12.131342783859344 -12.131342783859344 -12.131342783859344 -12.131342783859344 -12.131342783859344
10.778894472361808 -12.114159081129984 -12.114159081129984 -12.114159081129984 -12.114159081129984 -12.114159081129984 -12.114159081129984 -12.114159081129984 -12.114159081129984 -12.114159081129984 -12.114159081129984 -12.114159081129984 -12.114159081129984 -12.114159081129984
10.854271356783919 -12.096975378400622 -12.096975378400622 -12.096975378400622 -12.096975378400622 -12.096975378400622 -12.096975378400622 -12.096975378400622 -12.096975378400622 -12.096975378400622 -12.096975378400622 -12.096975378400622 -12.096975378400622 -12.096975378400622
10.92964824120603 -12.079791675671261 -12.079791675671261 -12.079791675671261 -12.079791675671261 -12.079791675671261 -12.079791675671261 -12.079791675671261 -12.079791675671261 -12.079791675671261 -12.079791675671261 -12.079791675671261 -12.079791675671261 -12.079791675671261
11.00502512562814 -12.062607972941901 -12.062607972941901 -12.062607972941901 -12.062607972941901 -12.062607972941901 -12.062607972941901 -12.062607972941901 -12.062607972941901 -12.062607972941901 -12.062607972941901 -12.062607972941901 -12.062607972941901 -12.062607972941901
11.08040201005025 -12.045424270212541 -12.045424270212541 -12.045424270212541 -12.045424270212541 -12.045424270212541 -12.045424270212541 -12.045424270212541 -12.045424270212541 -12.045424270212541 -12.045424270212541 -12.045424270212541 -12.045424270212541 -12.045424270212541
11.15577889447236 -12.028240567483179 -12.028240567483179 -12.028240567483179 -12.028240567483179 -12.028240567483179 -12.028240567483179 -12.028240567483179 -12.028240567483179 -12.028240567483179 -12.028240567483179 -12.028240567483179 -12.028240567483179 -12.028240567483179
11.231155778894472 -12.011056864753819 -12.011056864753819 -12.011056864753819 -12.011056864753819 -12.011056864753819 -12.011056864753819 -12.011056864753819 -12.011056864753819 -12.011056864753819 -12.011056864753819 -12.011056864753819 -12.011056864753819 -12.011056864753819
11.306532663316581 -11.993873162024459 -11.993873162024459 -11.993873162024459 -11.993873162024459 -11.993873162024459 -11.993873162024459 -11.993873162024459 -11.993873162024459 -11.993873162024459 -11.993873162024459 -11.993873162024459 -11.993873162024459 -11.993873162024459
11.381909547738692 -11.976689459295098 -11.976689459295098 -11.976689459295098 -11.976689459295098 -11.976689459295098 -11.976689459295098 -11.976689459295098 -11.976689459295098 -11.976689459295098 -11.976689459295098 -11.976689459295098 -11.976689459295098 -11.976689459295098
11.457286432160803 -11.959505756565736 -11.959505756565736 -11.959505756565736 -11.959505756565736 -11.959505756565736 -11.959505756565736 -11.959505756565736 -11.959505756565736 -11.959505756565736 -11.959505756565736 -11.959505756565736 -11.959505756565736 -11.959505756565736
11.532663316582914 -11.942322053836376 -11.942322053836376 -11.942322053836376 -11.942322053836376 -11.942322053836376 -11.942322053836376 -11.942322053836376 -11.942322053836376 -11.942322053836376 -11.942322053836376 -11.942322053836376 -11.942322053836376 -11.942322053836376
11.608040201005025 -11.925138351107014 -11.925138351107014 -11.925138351107014 -11.925138351107014 -11.925138351107014 -11.925138351107014 -11.925138351107014 -11.925138351107014 -11.925138351107014 -11.925138351107014 -11.925138351107014 -11.925138351107014 -11.925138351107014
11.683417085427134 -11.907954648377654 -11.907954648377654 -11.907954648377654 -11.907954648377654 -11.907954648377654 -11.907954648377654 -11.907954648377654 -11.907954648377654 -11.907954648377654 -11.907954648377654 -11.907954648377654 -11.907954648377654 -11.907954648377654
11.758793969849245 -11.890770945648294 -11.890770945648294 -11.890770945648294 -11.890770945648294 -11.890770945648294 -11.890770945648294 -11.890770945648294 -11.890770945648294 -11.890770945648294 -11.890770945648294 -11.890770945648294 -11.890770945648294 -11.890770945648294
11.834170854271356 -11.873587242918934 -11.873587242918934 -11.873587242918934 -11.873587242918934 -11.873587242918934 -11.873587242918934 -11.873587242918934 -11.873587242918934 -11.873587242918934 -11.873587242918934 -11.873587242918934 -11.873587242918934 -11.873587242918934
11.909547738693465 -11.856403540189572 -11.856403540189572 -11.856403540189572 -11.856403540189572 -11.856403540189572 -11.856403540189572 -11.856403540189572 -11.856403540189572 -11.856403540189572 -11.856403540189572 -11.856403540189572 -11.856403540189572 -11.856403540189572
11.984924623115576 -11.839219837460211 -11.839219837460211 -11.839219837460211 -11.839219837460211 -11.839219837460211 -11.839219837460211 -11.839219837460211 -11.839219837460211 -11.839219837460211 -11.839219837460211 -11.839219837460211 -11.839219837460211 -11.839219837460211
12.060301507537687 -11.822036134730851 -11.822036134730851 -11.822036134730851 -11.822036134730851 -11.822036134730851 -11.822036134730851 -11.822036134730851 -11.822036134730851 -11.822036134730851 -11.822036134730851 -11.822036134730851 -11.822036134730851 -11.822036134730851
12.135678391959798 -11.80485243200149 -11.80485243200149 -11.80485243200149 -11.80485243200149 -11.80485243200149 -11.80485243200149 -11.80485243200149 -11.80485243200149 -11.80485243200149 -11.80485243200149 -11.80485243200149 -11.80485243200149 -11.80485243200149
12.21105527638191 -11.787668729272129 -11.787668729272129 -11.787668729272129 -11.787668729272129 -11.787668729272129 -11.787668729272129 -11.787668729272129 -11.787668729272129 -11.787668729272129 -11.787668729272129 -11.787668729272129 -11.787668729272129 -11.787668729272129
12.286432160804019 -11.770485026542769 -11.770485026542769 -11.770485026542769 -11.770485026542769 -11.770485026542769 -11.770485026542769 -11.770485026542769 -11.770485026542769 -11.770485026542769 -11.770485026542769 -11.770485026542769 -11.770485026542769 -11.770485026542769
12.36180904522613 -11.753301323813407 -11.753301323813407 -11.753301323813407 -11.753301323813407 -11.753301323813407 -11.753301323813407 -11.753301323813407 -11.753301323813407 -11.753301323813407 -11.753301323813407 -11.753301323813407 -11.753301323813407 -11.753301323813407
12.43718592964824 -11.736117621084047 -11.736117621084047 -11.736117621084047 -11.736117621084047 -11.736117621084047 -11.736117621084047 -11.736117621084047 -11.736117621084047 -11.736117621084047 -11.736117621084047 -11.736117621084047 -11.736117621084047 -11.736117621084047
12.51256281407035 -11.718933918354686 -11.718933918354686 -11.718933918354686 -11.718933918354686 -11.718933918354686 -11.718933918354686 -11.718933918354686 -11.718933918354686 -11.718933918354686 -11.718933918354686 -11.718933918354686 -11.718933918354686 -11.718933918354686
12.58793969849246 -11.701750215625324 -11.701750215625324 -11.701750215625324 -11.701750215625324 -11.701750215625324 -11.701750215625324 -11.701750215625324 -11.701750215625324 -11.701750215625324 -11.701750215625324 -11.701750215625324 -11.701750215625324 -11.701750215625324
12.663316582914572 -11.684566512895964 -11.684566512895964 -11.684566512895964 -11.684566512895964 -11.684566512895964 -11.684566512895964 -11.684566512895964 -11.684566512895964 -11.684566512895964 -11.684566512895964 -11.684566512895964 -11.684566512895964 -11.684566512895964
12.738693467336683 -11.667382810166604 -11.667382810166604 -11.667382810166604 -11.667382810166604 -11.667382810166604 -11.667382810166604 -11.667382810166604 -11.667382810166604 -11.667382810166604 -11.667382810166604 -11.667382810166604 -11.667382810166604 -11.667382810166604
12.814070351758794 -11.650199107437242 -11.650199107437242 -11.650199107437242 -11.650199107437242 -11.650199107437242 -11.650199107437242 -11.650199107437242 -11.650199107437242 -11.650199107437242 -11.650199107437242 -11.650199107437242 -11.650199107437242 -11.650199107437242
12.889447236180903 -11.633015404707882 -11.633015404707882 -11.633015404707882 -11.633015404707882 -11.633015404707882 -11.633015404707882 -11.633015404707882 -11.633015404707882 -11.633015404707882 -11.633015404707882 -11.633015404707882 -11.633015404707882 -11.633015404707882
12.964824120603014 -11.615831701978522 -11.615831701978522 -11.615831701978522 -11.615831701978522 -11.615831701978522 -11.615831701978522 -11.615831701978522 -11.615831701978522 -11.615831701978522 -11.615831701978522 -11.615831701978522 -11.615831701978522 -11.615831701978522
