web/models/kne.last_good/kappa_1_10/25/villar_0.2183_0.2650_10.0000.dat
# %ECSV 1.0
# ---
# datatype:
# - {name: time, datatype: float64}
# - {name: swift_uvot_uvw2, datatype: float64}
# - {name: swift_uvot_uvm2, datatype: float64}
# - {name: swift_uvot_uvw1, datatype: float64}
# - {name: swift_uvot_U, datatype: float64}
# - {name: swift_uvot_B, datatype: float64}
# - {name: swift_uvot_V, datatype: float64}
# - {name: swift_uvot_W, datatype: float64}
# - {name: johnson_U, datatype: float64}
# - {name: johnson_B, datatype: float64}
# - {name: johnson_V, datatype: float64}
# - {name: johnson_R, datatype: float64}
# - {name: johnson_I, datatype: float64}
# - {name: sdss_u, datatype: float64}
# - {name: sdss_g, datatype: float64}
# - {name: sdss_r, datatype: float64}
# - {name: sdss_i, datatype: float64}
# - {name: sdss_z, datatype: float64}
# - {name: PS1_g, datatype: float64}
# - {name: PS1_r, datatype: float64}
# - {name: PS1_i, datatype: float64}
# - {name: PS1_z, datatype: float64}
# - {name: PS1_Y, datatype: float64}
# - {name: PS1_w, datatype: float64}
# - {name: ATLAS_c, datatype: float64}
# - {name: ATLAS_o, datatype: float64}
# - {name: ukirt_J, datatype: float64}
# - {name: ukirt_H, datatype: float64}
# - {name: ukirt_K, datatype: float64}
# - {name: Clear, datatype: float64}
# meta: !!omap
# - comment: [kappa = 10.0, type = villar, mass = 0.21832694463104688, velocity = 0.265, theta_obs = 0.0]
# schema: astropy-2.0
time swift_uvot_uvw2 swift_uvot_uvm2 swift_uvot_uvw1 swift_uvot_U swift_uvot_B swift_uvot_V swift_uvot_W johnson_U johnson_B johnson_V johnson_R johnson_I sdss_u sdss_g sdss_r sdss_i sdss_z PS1_g PS1_r PS1_i PS1_z PS1_Y PS1_w ATLAS_c ATLAS_o ukirt_J ukirt_H ukirt_K Clear
[from data line 214]
0.587772 -11.62 -11.983 -12.817 -13.995 -14.568 -14.888 -13.719 -14.105 -14.573 -14.892 -15.001 -14.977 -14.08 -14.696 -14.978 -15.019 -14.97 -14.755 -14.987 -15.029 -15.0 -14.984 -14.924 -14.836 -14.998 -14.706 -14.38 -13.928 -14.89
0.605549 -11.59 -11.948 -12.798 -13.992 -14.579 -14.908 -13.723 -14.104 -14.583 -14.913 -15.03 -15.012 -14.079 -14.71 -15.004 -15.051 -15.006 -14.772 -15.013 -15.06 -15.035 -15.021 -14.949 -14.856 -15.026 -14.748 -14.425 -13.976 -14.914
0.623863 -11.56 -11.911 -12.778 -13.989 -14.589 -14.929 -13.728 -14.104 -14.594 -14.933 -15.058 -15.047 -14.077 -14.724 -15.029 -15.082 -15.041 -14.787 -15.038 -15.091 -15.07 -15.057 -14.974 -14.875 -15.054 -14.79 -14.47 -14.023 -14.938
0.642731 -11.529 -11.873 -12.756 -13.985 -14.598 -14.948 -13.732 -14.102 -14.603 -14.953 -15.086 -15.081 -14.075 -14.738 -15.053 -15.112 -15.076 -14.802 -15.063 -15.122 -15.104 -15.094 -14.998 -14.894 -15.081 -14.831 -14.514 -14.07 -14.962
0.66217 -11.498 -11.834 -12.734 -13.98 -14.607 -14.967 -13.735 -14.1 -14.612 -14.973 -15.113 -15.115 -14.072 -14.75 -15.077 -15.143 -15.111 -14.816 -15.087 -15.153 -15.138 -15.13 -15.022 -14.912 -15.108 -14.872 -14.558 -14.117 -14.985
0.682197 -11.466 -11.793 -12.711 -13.975 -14.615 -14.986 -13.738 -14.096 -14.621 -14.992 -15.14 -15.149 -14.068 -14.762 -15.101 -15.173 -15.145 -14.83 -15.111 -15.183 -15.172 -15.166 -15.045 -14.93 -15.135 -14.913 -14.603 -14.164 -15.008
0.70283 -11.434 -11.752 -12.687 -13.968 -14.622 -15.004 -13.74 -14.092 -14.628 -15.01 -15.167 -15.182 -14.063 -14.774 -15.124 -15.202 -15.18 -14.843 -15.134 -15.212 -15.205 -15.202 -15.068 -14.947 -15.161 -14.953 -14.647 -14.211 -15.03
0.724086 -11.401 -11.709 -12.662 -13.961 -14.629 -15.022 -13.742 -14.087 -14.635 -15.028 -15.193 -15.215 -14.057 -14.785 -15.147 -15.231 -15.213 -14.856 -15.157 -15.242 -15.238 -15.237 -15.091 -14.963 -15.186 -14.994 -14.691 -14.258 -15.053
0.745986 -11.368 -11.664 -12.637 -13.952 -14.635 -15.039 -13.744 -14.081 -14.642 -15.045 -15.219 -15.247 -14.05 -14.795 -15.169 -15.26 -15.247 -14.868 -15.179 -15.271 -15.271 -15.272 -15.113 -14.979 -15.212 -15.034 -14.734 -14.304 -15.074
0.768548 -11.335 -11.619 -12.61 -13.943 -14.64 -15.055 -13.745 -14.075 -14.647 -15.062 -15.244 -15.28 -14.043 -14.804 -15.191 -15.288 -15.28 -14.879 -15.201 -15.299 -15.304 -15.307 -15.135 -14.995 -15.236 -15.074 -14.778 -14.351 -15.095
0.791792 -11.301 -11.572 -12.582 -13.933 -14.644 -15.071 -13.745 -14.067 -14.652 -15.078 -15.269 -15.312 -14.034 -14.813 -15.212 -15.316 -15.313 -14.89 -15.223 -15.327 -15.336 -15.341 -15.156 -15.01 -15.261 -15.114 -14.821 -14.397 -15.116
0.815739 -11.268 -11.524 -12.553 -13.922 -14.648 -15.086 -13.745 -14.059 -14.656 -15.094 -15.293 -15.343 -14.025 -14.821 -15.233 -15.344 -15.345 -14.9 -15.244 -15.355 -15.367 -15.376 -15.176 -15.024 -15.285 -15.153 -14.865 -14.443 -15.136
0.840411 -11.234 -11.474 -12.523 -13.91 -14.651 -15.1 -13.744 -14.049 -14.659 -15.109 -15.317 -15.375 -14.014 -14.829 -15.253 -15.371 -15.378 -14.91 -15.264 -15.382 -15.399 -15.409 -15.197 -15.037 -15.308 -15.192 -14.908 -14.489 -15.156
0.865828 -11.199 -11.423 -12.492 -13.896 -14.653 -15.114 -13.743 -14.039 -14.662 -15.123 -15.341 -15.405 -14.003 -14.835 -15.272 -15.397 -15.409 -14.918 -15.284 -15.409 -15.43 -15.443 -15.216 -15.05 -15.331 -15.231 -14.95 -14.535 -15.175
0.892015 -11.165 -11.37 -12.46 -13.882 -14.655 -15.128 -13.741 -14.027 -14.664 -15.137 -15.364 -15.436 -13.991 -14.841 -15.291 -15.424 -15.441 -14.926 -15.303 -15.435 -15.46 -15.476 -15.236 -15.063 -15.353 -15.27 -14.993 -14.581 -15.194
0.918993 -11.131 -11.316 -12.427 -13.867 -14.655 -15.14 -13.739 -14.015 -14.665 -15.15 -15.386 -15.466 -13.977 -14.847 -15.31 -15.449 -15.472 -14.934 -15.322 -15.461 -15.491 -15.509 -15.254 -15.075 -15.375 -15.309 -15.036 -14.627 -15.213
0.946787 -11.097 -11.261 -12.393 -13.851 -14.655 -15.152 -13.736 -14.002 -14.665 -15.162 -15.408 -15.496 -13.963 -14.851 -15.328 -15.475 -15.502 -14.94 -15.34 -15.487 -15.521 -15.542 -15.272 -15.086 -15.397 -15.347 -15.078 -14.672 -15.231
0.975422 -11.062 -11.204 -12.358 -13.834 -14.654 -15.163 -13.732 -13.987 -14.664 -15.174 -15.43 -15.525 -13.948 -14.855 -15.345 -15.499 -15.533 -14.946 -15.357 -15.512 -15.55 -15.574 -15.29 -15.096 -15.418 -15.385 -15.12 -14.717 -15.248
1.004923 -11.028 -11.145 -12.322 -13.816 -14.652 -15.174 -13.728 -13.972 -14.663 -15.185 -15.451 -15.554 -13.931 -14.858 -15.362 -15.524 -15.563 -14.951 -15.374 -15.536 -15.579 -15.606 -15.307 -15.106 -15.438 -15.423 -15.162 -14.763 -15.265
1.035317 -10.995 -11.085 -12.285 -13.796 -14.649 -15.184 -13.723 -13.956 -14.66 -15.195 -15.471 -15.583 -13.914 -14.86 -15.378 -15.548 -15.592 -14.956 -15.391 -15.561 -15.608 -15.637 -15.324 -15.115 -15.458 -15.46 -15.204 -14.808 -15.282
1.066629 -10.961 -11.024 -12.246 -13.776 -14.645 -15.193 -13.718 -13.938 -14.657 -15.205 -15.491 -15.611 -13.895 -14.861 -15.393 -15.571 -15.621 -14.959 -15.407 -15.584 -15.636 -15.669 -15.34 -15.124 -15.477 -15.497 -15.245 -14.853 -15.298
1.098888 -10.928 -10.96 -12.207 -13.754 -14.641 -15.202 -13.712 -13.919 -14.653 -15.214 -15.511 -15.638 -13.875 -14.862 -15.408 -15.594 -15.65 -14.962 -15.422 -15.607 -15.664 -15.699 -15.355 -15.131 -15.496 -15.534 -15.286 -14.897 -15.313
1.132124 -10.895 -10.896 -12.166 -13.731 -14.635 -15.209 -13.705 -13.9 -14.648 -15.222 -15.529 -15.666 -13.854 -14.861 -15.422 -15.616 -15.678 -14.964 -15.436 -15.63 -15.691 -15.73 -15.37 -15.138 -15.514 -15.571 -15.328 -14.942 -15.328
1.166364 -10.863 -10.829 -12.124 -13.707 -14.629 -15.216 -13.698 -13.879 -14.642 -15.23 -15.548 -15.692 -13.832 -14.86 -15.436 -15.638 -15.706 -14.966 -15.45 -15.652 -15.718 -15.76 -15.384 -15.145 -15.532 -15.607 -15.368 -14.987 -15.343
1.20164 -10.832 -10.761 -12.081 -13.682 -14.621 -15.222 -13.69 -13.857 -14.635 -15.237 -15.565 -15.719 -13.809 -14.858 -15.449 -15.659 -15.733 -14.966 -15.463 -15.673 -15.745 -15.79 -15.398 -15.15 -15.549 -15.643 -15.409 -15.031 -15.356
1.237983 -10.801 -10.691 -12.037 -13.656 -14.613 -15.228 -13.681 -13.834 -14.627 -15.243 -15.582 -15.745 -13.784 -14.855 -15.461 -15.68 -15.76 -14.966 -15.476 -15.694 -15.771 -15.819 -15.411 -15.155 -15.565 -15.679 -15.449 -15.075 -15.37
1.275425 -10.771 -10.619 -11.992 -13.628 -14.603 -15.232 -13.671 -13.809 -14.618 -15.248 -15.599 -15.77 -13.759 -14.851 -15.473 -15.7 -15.787 -14.965 -15.488 -15.715 -15.796 -15.848 -15.424 -15.159 -15.581 -15.714 -15.49 -15.119 -15.383
1.313999 -10.742 -10.546 -11.945 -13.599 -14.593 -15.236 -13.661 -13.784 -14.608 -15.252 -15.615 -15.795 -13.732 -14.847 -15.484 -15.719 -15.813 -14.962 -15.499 -15.735 -15.821 -15.876 -15.435 -15.162 -15.596 -15.749 -15.53 -15.163 -15.395
1.35374 -10.713 -10.471 -11.897 -13.569 -14.581 -15.239 -13.651 -13.757 -14.597 -15.256 -15.63 -15.819 -13.704 -14.841 -15.494 -15.738 -15.838 -14.96 -15.51 -15.754 -15.846 -15.904 -15.447 -15.165 -15.611 -15.784 -15.569 -15.206 -15.407
1.394683 -10.686 -10.394 -11.848 -13.538 -14.569 -15.241 -13.639 -13.729 -14.585 -15.258 -15.645 -15.843 -13.674 -14.834 -15.503 -15.757 -15.863 -14.956 -15.519 -15.773 -15.87 -15.932 -15.457 -15.166 -15.624 -15.819 -15.609 -15.25 -15.418
1.436864 -10.66 -10.315 -11.798 -13.505 -14.555 -15.242 -13.627 -13.699 -14.572 -15.26 -15.658 -15.867 -13.643 -14.827 -15.512 -15.775 -15.888 -14.951 -15.528 -15.791 -15.893 -15.959 -15.467 -15.167 -15.638 -15.853 -15.648 -15.293 -15.428
1.480321 -10.635 -10.234 -11.747 -13.471 -14.541 -15.243 -13.614 -13.669 -14.558 -15.261 -15.672 -15.89 -13.611 -14.818 -15.519 -15.792 -15.912 -14.945 -15.537 -15.808 -15.916 -15.985 -15.476 -15.167 -15.65 -15.886 -15.687 -15.336 -15.438
1.525092 -10.612 -10.152 -11.694 -13.435 -14.525 -15.242 -13.6 -13.637 -14.543 -15.261 -15.684 -15.912 -13.578 -14.808 -15.526 -15.808 -15.935 -14.939 -15.544 -15.825 -15.939 -16.012 -15.485 -15.166 -15.662 -15.92 -15.725 -15.379 -15.447
1.571218 -10.589 -10.067 -11.64 -13.398 -14.508 -15.241 -13.586 -13.603 -14.527 -15.261 -15.696 -15.934 -13.543 -14.798 -15.533 -15.824 -15.958 -14.931 -15.551 -15.841 -15.961 -16.037 -15.493 -15.164 -15.673 -15.953 -15.764 -15.421 -15.456
1.618738 -10.568 -9.981 -11.585 -13.36 -14.49 -15.238 -13.57 -13.568 -14.51 -15.259 -15.707 -15.955 -13.507 -14.786 -15.538 -15.839 -15.981 -14.923 -15.557 -15.857 -15.982 -16.062 -15.5 -15.162 -15.684 -15.985 -15.802 -15.464 -15.464
1.667696 -10.549 -9.893 -11.528 -13.32 -14.471 -15.235 -13.554 -13.532 -14.491 -15.256 -15.718 -15.976 -13.469 -14.773 -15.543 -15.854 -16.002 -14.913 -15.562 -15.872 -16.003 -16.087 -15.506 -15.158 -15.693 -16.018 -15.84 -15.506 -15.472
1.718134 -10.531 -9.802 -11.471 -13.279 -14.45 -15.231 -13.537 -13.495 -14.472 -15.253 -15.728 -15.996 -13.43 -14.759 -15.547 -15.868 -16.024 -14.903 -15.566 -15.886 -16.023 -16.111 -15.512 -15.154 -15.702 -16.05 -15.877 -15.548 -15.478
1.770098 -10.514 -9.71 -11.412 -13.236 -14.428 -15.225 -13.52 -13.456 -14.451 -15.248 -15.737 -16.016 -13.389 -14.744 -15.549 -15.881 -16.044 -14.891 -15.57 -15.899 -16.043 -16.135 -15.517 -15.148 -15.71 -16.081 -15.915 -15.59 -15.485
1.823633 -10.499 -9.616 -11.351 -13.192 -14.406 -15.219 -13.501 -13.415 -14.429 -15.243 -15.745 -16.034 -13.346 -14.728 -15.552 -15.893 -16.065 -14.879 -15.573 -15.912 -16.062 -16.158 -15.521 -15.142 -15.718 -16.112 -15.952 -15.632 -15.49
1.878788 -10.485 -9.519 -11.29 -13.146 -14.381 -15.211 -13.482 -13.373 -14.405 -15.236 -15.752 -16.053 -13.303 -14.711 -15.553 -15.905 -16.084 -14.865 -15.574 -15.924 -16.08 -16.181 -15.525 -15.135 -15.724 -16.143 -15.988 -15.673 -15.495
1.93561 -10.473 -9.421 -11.227 -13.098 -14.356 -15.203 -13.461 -13.329 -14.381 -15.229 -15.759 -16.071 -13.257 -14.692 -15.553 -15.916 -16.103 -14.851 -15.575 -15.936 -16.098 -16.203 -15.527 -15.126 -15.73 -16.173 -16.025 -15.714 -15.499
1.994152 -10.463 -9.32 -11.162 -13.049 -14.329 -15.194 -13.44 -13.284 -14.355 -15.22 -15.765 -16.088 -13.21 -14.673 -15.552 -15.926 -16.121 -14.835 -15.575 -15.946 -16.115 -16.225 -15.529 -15.117 -15.735 -16.203 -16.061 -15.755 -15.503
2.054463 -10.453 -9.218 -11.097 -12.998 -14.301 -15.183 -13.418 -13.237 -14.328 -15.21 -15.77 -16.104 -13.162 -14.652 -15.551 -15.935 -16.139 -14.818 -15.574 -15.956 -16.132 -16.246 -15.53 -15.107 -15.739 -16.232 -16.097 -15.796 -15.506
2.116599 -10.446 -9.113 -11.03 -12.946 -14.272 -15.171 -13.395 -13.189 -14.299 -15.2 -15.774 -16.12 -13.111 -14.63 -15.548 -15.944 -16.156 -14.8 -15.572 -15.965 -16.147 -16.266 -15.53 -15.095 -15.743 -16.261 -16.132 -15.836 -15.508
2.180614 -10.44 -9.007 -10.961 -12.891 -14.241 -15.158 -13.371 -13.139 -14.269 -15.188 -15.778 -16.135 -13.059 -14.606 -15.544 -15.952 -16.172 -14.781 -15.57 -15.973 -16.163 -16.286 -15.53 -15.083 -15.745 -16.29 -16.167 -15.877 -15.509
2.246566 -10.435 -8.898 -10.892 -12.835 -14.208 -15.144 -13.346 -13.087 -14.238 -15.175 -15.78 -16.149 -13.005 -14.582 -15.54 -15.959 -16.188 -14.761 -15.566 -15.981 -16.177 -16.305 -15.528 -15.069 -15.747 -16.318 -16.202 -15.917 -15.51
2.314511 -10.432 -8.788 -10.821 -12.777 -14.175 -15.129 -13.321 -13.033 -14.206 -15.161 -15.782 -16.163 -12.95 -14.556 -15.534 -15.965 -16.203 -14.74 -15.561 -15.988 -16.191 -16.324 -15.526 -15.054 -15.748 -16.345 -16.236 -15.956 -15.51
2.384512 -10.43 -8.675 -10.748 -12.718 -14.139 -15.113 -13.294 -12.978 -14.171 -15.145 -15.782 -16.176 -12.892 -14.528 -15.527 -15.97 -16.217 -14.717 -15.555 -15.993 -16.204 -16.341 -15.522 -15.039 -15.747 -16.372 -16.27 -15.996 -15.509
2.45663 -10.429 -8.56 -10.675 -12.656 -14.103 -15.095 -13.266 -12.921 -14.136 -15.129 -15.782 -16.188 -12.833 -14.5 -15.52 -15.974 -16.231 -14.694 -15.548 -15.998 -16.216 -16.359 -15.518 -15.022 -15.746 -16.399 -16.304 -16.035 -15.508
2.530929 -10.429 -8.444 -10.599 -12.593 -14.065 -15.076 -13.237 -12.862 -14.099 -15.111 -15.781 -16.2 -12.772 -14.47 -15.511 -15.978 -16.243 -14.669 -15.54 -16.002 -16.227 -16.375 -15.513 -15.003 -15.744 -16.425 -16.337 -16.074 -15.506
2.607475 -10.431 -8.326 -10.523 -12.527 -14.025 -15.056 -13.207 -12.801 -14.06 -15.092 -15.779 -16.211 -12.709 -14.438 -15.501 -15.981 -16.255 -14.643 -15.531 -16.005 -16.238 -16.391 -15.507 -14.984 -15.741 -16.451 -16.37 -16.113 -15.503
2.686337 -10.433 -8.206 -10.445 -12.46 -13.983 -15.034 -13.176 -12.738 -14.02 -15.072 -15.776 -16.221 -12.644 -14.405 -15.49 -15.982 -16.267 -14.616 -15.521 -16.008 -16.248 -16.407 -15.5 -14.963 -15.737 -16.476 -16.402 -16.151 -15.499
2.767583 -10.437 -8.084 -10.366 -12.391 -13.94 -15.012 -13.144 -12.673 -13.978 -15.05 -15.772 -16.23 -12.577 -14.371 -15.477 -15.983 -16.277 -14.587 -15.51 -16.009 -16.257 -16.421 -15.492 -14.942 -15.732 -16.5 -16.434 -16.189 -15.495
2.851287 -10.441 -7.961 -10.285 -12.319 -13.896 -14.987 -13.111 -12.607 -13.935 -15.027 -15.767 -16.238 -12.508 -14.335 -15.464 -15.983 -16.287 -14.557 -15.498 -16.009 -16.265 -16.435 -15.483 -14.919 -15.726 -16.524 -16.466 -16.227 -15.489
2.937522 -10.447 -7.837 -10.203 -12.246 -13.849 -14.962 -13.077 -12.538 -13.89 -15.003 -15.76 -16.246 -12.436 -14.297 -15.449 -15.981 -16.296 -14.526 -15.484 -16.009 -16.273 -16.448 -15.473 -14.894 -15.718 -16.547 -16.497 -16.265 -15.483
3.026365 -10.453 -7.711 -10.119 -12.17 -13.801 -14.935 -13.042 -12.467 -13.843 -14.977 -15.753 -16.252 -12.363 -14.258 -15.433 -15.979 -16.304 -14.494 -15.469 -16.007 -16.279 -16.461 -15.461 -14.868 -15.71 -16.57 -16.528 -16.302 -15.477
3.117896 -10.46 -7.6 -10.045 -12.102 -13.758 -14.911 -13.011 -12.403 -13.802 -14.954 -15.747 -16.259 -12.297 -14.223 -15.419 -15.977 -16.311 -14.465 -15.457 -16.006 -16.286 -16.472 -15.452 -14.846 -15.703 -16.591 -16.557 -16.336 -15.471
3.212194 -10.471 -7.611 -10.056 -12.113 -13.769 -14.922 -13.022 -12.414 -13.813 -14.966 -15.758 -16.27 -12.308 -14.234 -15.43 -15.989 -16.323 -14.476 -15.468 -16.017 -16.297 -16.484 -15.463 -14.857 -15.714 -16.603 -16.568 -16.347 -15.482
3.309345 -10.483 -7.623 -10.067 -12.124 -13.78 -14.933 -13.033 -12.426 -13.824 -14.977 -15.77 -16.281 -12.319 -14.246 -15.442 -16.0 -16.334 -14.488 -15.479 -16.028 -16.308 -16.495 -15.474 -14.868 -15.725 -16.614 -16.579 -16.358 -15.494
3.409434 -10.493 -7.634 -10.078 -12.135 -13.791 -14.944 -13.044 -12.437 -13.835 -14.988 -15.781 -16.292 -12.33 -14.256 -15.453 -16.011 -16.345 -14.499 -15.49 -16.039 -16.319 -16.506 -15.485 -14.879 -15.736 -16.625 -16.59 -16.369 -15.505
3.51255 -10.504 -7.644 -10.089 -12.146 -13.802 -14.955 -13.055 -12.447 -13.846 -14.999 -15.791 -16.303 -12.341 -14.267 -15.463 -16.021 -16.356 -14.509 -15.501 -16.05 -16.33 -16.516 -15.496 -14.89 -15.747 -16.635 -16.601 -16.38 -15.515
3.618785 -10.515 -7.655 -10.099 -12.157 -13.813 -14.965 -13.066 -12.458 -13.856 -15.009 -15.802 -16.313 -12.352 -14.278 -15.474 -16.032 -16.366 -14.52 -15.511 -16.061 -16.34 -16.527 -15.507 -14.9 -15.758 -16.646 -16.611 -16.391 -15.526
3.728232 -10.525 -7.665 -10.11 -12.167 -13.823 -14.976 -13.076 -12.468 -13.867 -15.019 -15.812 -16.324 -12.362 -14.288 -15.484 -16.042 -16.376 -14.53 -15.522 -16.071 -16.351 -16.537 -15.517 -14.911 -15.768 -16.656 -16.622 -16.401 -15.536
3.84099 -10.535 -7.675 -10.12 -12.177 -13.833 -14.986 -13.086 -12.478 -13.877 -15.029 -15.822 -16.334 -12.372 -14.298 -15.494 -16.052 -16.386 -14.54 -15.532 -16.081 -16.361 -16.547 -15.527 -14.921 -15.778 -16.666 -16.632 -16.411 -15.546
3.957158 -10.545 -7.685 -10.129 -12.187 -13.843 -14.995 -13.096 -12.488 -13.886 -15.039 -15.832 -16.343 -12.382 -14.308 -15.504 -16.062 -16.396 -14.55 -15.541 -16.091 -16.371 -16.557 -15.537 -14.93 -15.788 -16.676 -16.641 -16.421 -15.556
4.07684 -10.554 -7.694 -10.139 -12.196 -13.852 -15.005 -13.105 -12.497 -13.896 -15.049 -15.841 -16.353 -12.391 -14.317 -15.513 -16.071 -16.406 -14.559 -15.551 -16.1 -16.38 -16.566 -15.546 -14.94 -15.797 -16.685 -16.651 -16.43 -15.565
