web/models/kne.last_good/kappa_0.5_3.0.v1/33/villar_0.0015_0.4217_0.5000.dat
# %ECSV 1.0
# ---
# datatype:
# - {name: time, datatype: float64}
# - {name: swift_uvot_uvw2, datatype: float64}
# - {name: swift_uvot_uvm2, datatype: float64}
# - {name: swift_uvot_uvw1, datatype: float64}
# - {name: swift_uvot_U, datatype: float64}
# - {name: swift_uvot_B, datatype: float64}
# - {name: swift_uvot_V, datatype: float64}
# - {name: swift_uvot_W, datatype: float64}
# - {name: johnson_U, datatype: float64}
# - {name: johnson_B, datatype: float64}
# - {name: johnson_V, datatype: float64}
# - {name: johnson_R, datatype: float64}
# - {name: johnson_I, datatype: float64}
# - {name: sdss_u, datatype: float64}
# - {name: sdss_g, datatype: float64}
# - {name: sdss_r, datatype: float64}
# - {name: sdss_i, datatype: float64}
# - {name: sdss_z, datatype: float64}
# - {name: PS1_g, datatype: float64}
# - {name: PS1_r, datatype: float64}
# - {name: PS1_i, datatype: float64}
# - {name: PS1_z, datatype: float64}
# - {name: PS1_Y, datatype: float64}
# - {name: PS1_w, datatype: float64}
# - {name: ATLAS_c, datatype: float64}
# - {name: ATLAS_o, datatype: float64}
# - {name: ukirt_J, datatype: float64}
# - {name: ukirt_H, datatype: float64}
# - {name: ukirt_K, datatype: float64}
# - {name: Clear, datatype: float64}
# meta: !!omap
# - comment: [kappa = 0.5, type = villar, mass = 0.001513321957917195, velocity = 0.4216666666666667, theta_obs = 0.0]
# schema: astropy-2.0
time swift_uvot_uvw2 swift_uvot_uvm2 swift_uvot_uvw1 swift_uvot_U swift_uvot_B swift_uvot_V swift_uvot_W johnson_U johnson_B johnson_V johnson_R johnson_I sdss_u sdss_g sdss_r sdss_i sdss_z PS1_g PS1_r PS1_i PS1_z PS1_Y PS1_w ATLAS_c ATLAS_o ukirt_J ukirt_H ukirt_K Clear
[from data line 146]
0.077495 -9.993 -10.381 -10.942 -11.798 -12.141 -12.285 -11.441 -11.867 -12.142 -12.284 -12.263 -12.131 -11.854 -12.204 -12.294 -12.233 -12.11 -12.236 -12.301 -12.241 -12.153 -12.103 -12.252 -12.255 -12.268 -11.743 -11.361 -10.866 -12.234
0.079839 -9.963 -10.354 -10.928 -11.801 -12.156 -12.309 -11.446 -11.872 -12.157 -12.308 -12.293 -12.167 -11.859 -12.222 -12.322 -12.266 -12.147 -12.256 -12.329 -12.274 -12.189 -12.141 -12.279 -12.278 -12.298 -11.784 -11.406 -10.912 -12.26
0.082253 -9.932 -10.324 -10.912 -11.803 -12.17 -12.332 -11.449 -11.876 -12.171 -12.331 -12.323 -12.203 -11.862 -12.239 -12.349 -12.298 -12.183 -12.274 -12.356 -12.306 -12.224 -12.178 -12.306 -12.299 -12.327 -11.826 -11.45 -10.959 -12.285
0.084741 -9.899 -10.292 -10.895 -11.803 -12.182 -12.354 -11.452 -11.879 -12.184 -12.353 -12.352 -12.237 -11.864 -12.255 -12.375 -12.33 -12.218 -12.292 -12.383 -12.338 -12.259 -12.214 -12.331 -12.32 -12.356 -11.867 -11.494 -11.005 -12.309
0.087304 -9.865 -10.259 -10.875 -11.802 -12.194 -12.375 -11.454 -11.88 -12.196 -12.375 -12.381 -12.272 -11.865 -12.27 -12.401 -12.361 -12.253 -12.308 -12.409 -12.369 -12.293 -12.25 -12.356 -12.34 -12.384 -11.907 -11.538 -11.051 -12.333
0.089944 -9.828 -10.223 -10.855 -11.8 -12.205 -12.395 -11.455 -11.88 -12.206 -12.395 -12.408 -12.305 -11.864 -12.284 -12.425 -12.391 -12.288 -12.324 -12.433 -12.399 -12.327 -12.286 -12.38 -12.359 -12.411 -11.948 -11.581 -11.097 -12.356
0.092665 -9.79 -10.185 -10.832 -11.796 -12.214 -12.415 -11.455 -11.878 -12.216 -12.415 -12.435 -12.339 -11.862 -12.297 -12.449 -12.421 -12.322 -12.338 -12.457 -12.429 -12.36 -12.321 -12.403 -12.377 -12.438 -11.988 -11.624 -11.142 -12.378
0.095467 -9.75 -10.144 -10.807 -11.791 -12.222 -12.433 -11.453 -11.875 -12.224 -12.434 -12.462 -12.371 -11.858 -12.309 -12.472 -12.45 -12.355 -12.352 -12.481 -12.458 -12.393 -12.355 -12.425 -12.394 -12.463 -12.027 -11.666 -11.187 -12.399
0.098355 -9.707 -10.101 -10.78 -11.783 -12.229 -12.45 -11.451 -11.871 -12.231 -12.451 -12.487 -12.403 -11.853 -12.32 -12.495 -12.478 -12.388 -12.364 -12.503 -12.487 -12.425 -12.389 -12.446 -12.41 -12.488 -12.066 -11.708 -11.232 -12.42
0.101329 -9.663 -10.056 -10.752 -11.775 -12.234 -12.466 -11.447 -11.864 -12.236 -12.467 -12.511 -12.434 -11.846 -12.329 -12.516 -12.506 -12.42 -12.375 -12.524 -12.514 -12.456 -12.422 -12.467 -12.425 -12.512 -12.104 -11.75 -11.277 -12.439
0.104394 -9.616 -10.007 -10.721 -11.764 -12.238 -12.481 -11.441 -11.856 -12.24 -12.483 -12.535 -12.464 -11.837 -12.337 -12.536 -12.532 -12.451 -12.385 -12.544 -12.541 -12.486 -12.455 -12.486 -12.438 -12.535 -12.142 -11.791 -11.321 -12.457
0.107551 -9.567 -9.956 -10.687 -11.751 -12.24 -12.495 -11.435 -11.846 -12.243 -12.497 -12.558 -12.494 -11.826 -12.343 -12.555 -12.558 -12.482 -12.393 -12.563 -12.567 -12.516 -12.487 -12.504 -12.451 -12.557 -12.179 -11.832 -11.364 -12.475
0.110804 -9.516 -9.902 -10.651 -11.736 -12.241 -12.507 -11.426 -11.834 -12.244 -12.509 -12.579 -12.523 -11.813 -12.348 -12.573 -12.583 -12.511 -12.4 -12.581 -12.592 -12.545 -12.518 -12.521 -12.462 -12.578 -12.216 -11.873 -11.408 -12.491
0.114155 -9.462 -9.844 -10.613 -11.719 -12.239 -12.518 -11.417 -11.82 -12.243 -12.521 -12.599 -12.551 -11.798 -12.352 -12.589 -12.607 -12.54 -12.405 -12.598 -12.616 -12.573 -12.548 -12.537 -12.471 -12.598 -12.252 -11.913 -11.451 -12.506
0.117608 -9.406 -9.783 -10.572 -11.7 -12.236 -12.528 -11.405 -11.803 -12.24 -12.531 -12.619 -12.578 -11.781 -12.354 -12.605 -12.629 -12.568 -12.409 -12.614 -12.638 -12.6 -12.578 -12.552 -12.48 -12.617 -12.287 -11.952 -11.493 -12.52
0.121165 -9.347 -9.719 -10.528 -11.679 -12.232 -12.536 -11.392 -11.785 -12.236 -12.539 -12.637 -12.604 -11.761 -12.354 -12.619 -12.651 -12.595 -12.411 -12.628 -12.66 -12.626 -12.607 -12.566 -12.486 -12.634 -12.322 -11.991 -11.535 -12.532
0.124829 -9.286 -9.651 -10.481 -11.654 -12.225 -12.542 -11.377 -11.764 -12.229 -12.546 -12.654 -12.629 -11.739 -12.352 -12.632 -12.671 -12.621 -12.411 -12.641 -12.681 -12.651 -12.634 -12.578 -12.491 -12.65 -12.356 -12.029 -11.577 -12.543
0.128605 -9.222 -9.578 -10.431 -11.628 -12.216 -12.547 -11.36 -11.74 -12.22 -12.551 -12.669 -12.652 -11.714 -12.348 -12.643 -12.69 -12.646 -12.409 -12.652 -12.7 -12.675 -12.661 -12.588 -12.494 -12.665 -12.389 -12.066 -11.618 -12.553
0.132494 -9.154 -9.502 -10.377 -11.598 -12.204 -12.55 -11.34 -11.714 -12.21 -12.554 -12.683 -12.675 -11.687 -12.342 -12.652 -12.708 -12.67 -12.406 -12.662 -12.718 -12.698 -12.687 -12.597 -12.496 -12.679 -12.422 -12.103 -11.658 -12.561
0.136502 -9.084 -9.421 -10.32 -11.565 -12.191 -12.55 -11.319 -11.684 -12.196 -12.555 -12.695 -12.697 -11.656 -12.334 -12.66 -12.725 -12.693 -12.4 -12.67 -12.735 -12.72 -12.712 -12.605 -12.495 -12.69 -12.453 -12.139 -11.698 -12.568
0.14063 -9.011 -9.335 -10.26 -11.529 -12.174 -12.549 -11.296 -11.652 -12.18 -12.555 -12.706 -12.717 -11.623 -12.323 -12.666 -12.74 -12.714 -12.392 -12.676 -12.75 -12.74 -12.735 -12.61 -12.492 -12.7 -12.484 -12.175 -11.737 -12.573
0.144883 -8.935 -9.245 -10.195 -11.49 -12.155 -12.546 -11.269 -11.616 -12.162 -12.552 -12.715 -12.736 -11.586 -12.31 -12.67 -12.753 -12.734 -12.381 -12.68 -12.763 -12.759 -12.758 -12.614 -12.488 -12.709 -12.513 -12.209 -11.776 -12.576
0.149265 -8.856 -9.149 -10.126 -11.447 -12.133 -12.54 -11.241 -11.576 -12.14 -12.547 -12.723 -12.753 -11.545 -12.294 -12.672 -12.765 -12.753 -12.368 -12.682 -12.775 -12.777 -12.779 -12.616 -12.48 -12.715 -12.542 -12.243 -11.814 -12.577
0.15378 -8.773 -9.047 -10.053 -11.4 -12.108 -12.532 -11.209 -11.533 -12.116 -12.539 -12.728 -12.769 -11.501 -12.276 -12.672 -12.775 -12.77 -12.352 -12.683 -12.786 -12.793 -12.798 -12.616 -12.471 -12.72 -12.569 -12.276 -11.851 -12.576
0.15843 -8.688 -8.939 -9.975 -11.349 -12.08 -12.521 -11.175 -11.486 -12.088 -12.529 -12.731 -12.783 -11.452 -12.254 -12.669 -12.782 -12.786 -12.334 -12.68 -12.794 -12.807 -12.816 -12.613 -12.459 -12.722 -12.595 -12.308 -11.888 -12.573
0.163222 -8.599 -8.825 -9.892 -11.293 -12.048 -12.507 -11.138 -11.435 -12.056 -12.516 -12.732 -12.796 -11.4 -12.229 -12.664 -12.788 -12.8 -12.312 -12.676 -12.8 -12.82 -12.833 -12.608 -12.443 -12.722 -12.62 -12.339 -11.923 -12.568
0.168159 -8.508 -8.704 -9.803 -11.233 -12.012 -12.49 -11.097 -11.379 -12.021 -12.5 -12.731 -12.806 -11.342 -12.201 -12.657 -12.792 -12.812 -12.287 -12.668 -12.804 -12.831 -12.848 -12.601 -12.425 -12.72 -12.644 -12.369 -11.958 -12.56
0.173245 -8.413 -8.576 -9.709 -11.168 -11.973 -12.47 -11.053 -11.319 -11.983 -12.48 -12.727 -12.815 -11.28 -12.169 -12.646 -12.794 -12.822 -12.258 -12.658 -12.806 -12.84 -12.861 -12.591 -12.404 -12.715 -12.666 -12.398 -11.992 -12.549
0.178484 -8.315 -8.44 -9.61 -11.098 -11.929 -12.447 -11.005 -11.253 -11.939 -12.458 -12.721 -12.821 -11.213 -12.133 -12.633 -12.792 -12.83 -12.226 -12.645 -12.805 -12.846 -12.872 -12.578 -12.379 -12.708 -12.687 -12.425 -12.025 -12.536
0.183882 -8.215 -8.296 -9.503 -11.021 -11.88 -12.42 -10.954 -11.182 -11.892 -12.431 -12.711 -12.825 -11.139 -12.093 -12.616 -12.789 -12.835 -12.19 -12.629 -12.802 -12.85 -12.881 -12.562 -12.351 -12.697 -12.706 -12.451 -12.057 -12.52
0.189444 -8.112 -8.142 -9.39 -10.939 -11.827 -12.389 -10.898 -11.105 -11.839 -12.401 -12.699 -12.827 -11.06 -12.048 -12.596 -12.782 -12.839 -12.149 -12.609 -12.795 -12.852 -12.888 -12.543 -12.318 -12.684 -12.723 -12.476 -12.087 -12.501
0.195173 -8.007 -7.98 -9.27 -10.85 -11.768 -12.353 -10.837 -11.021 -11.781 -12.367 -12.683 -12.826 -10.975 -11.999 -12.572 -12.772 -12.839 -12.104 -12.586 -12.786 -12.852 -12.893 -12.52 -12.282 -12.667 -12.739 -12.499 -12.117 -12.478
0.201076 -7.901 -7.807 -9.142 -10.754 -11.704 -12.313 -10.772 -10.931 -11.718 -12.328 -12.663 -12.822 -10.882 -11.944 -12.544 -12.759 -12.837 -12.054 -12.559 -12.774 -12.848 -12.895 -12.494 -12.241 -12.646 -12.752 -12.521 -12.145 -12.452
0.207158 -7.793 -7.623 -9.007 -10.651 -11.633 -12.269 -10.702 -10.833 -11.648 -12.284 -12.64 -12.815 -10.782 -11.884 -12.512 -12.743 -12.832 -11.998 -12.527 -12.758 -12.841 -12.894 -12.463 -12.195 -12.622 -12.764 -12.541 -12.172 -12.422
0.213423 -7.684 -7.428 -8.862 -10.539 -11.556 -12.218 -10.626 -10.728 -11.573 -12.235 -12.613 -12.805 -10.674 -11.818 -12.475 -12.722 -12.824 -11.937 -12.491 -12.738 -12.831 -12.891 -12.428 -12.144 -12.593 -12.773 -12.559 -12.197 -12.388
0.219878 -7.575 -7.22 -8.708 -10.419 -11.472 -12.162 -10.544 -10.613 -11.49 -12.181 -12.581 -12.791 -10.557 -11.745 -12.433 -12.698 -12.812 -11.87 -12.45 -12.714 -12.818 -12.884 -12.389 -12.087 -12.56 -12.779 -12.575 -12.221 -12.35
0.226528 -7.467 -6.998 -8.545 -10.289 -11.381 -12.1 -10.457 -10.49 -11.399 -12.12 -12.544 -12.774 -10.431 -11.665 -12.386 -12.669 -12.797 -11.796 -12.404 -12.686 -12.8 -12.874 -12.345 -12.024 -12.522 -12.783 -12.589 -12.243 -12.307
0.233379 -7.359 -6.762 -8.371 -10.148 -11.281 -12.032 -10.362 -10.357 -11.301 -12.053 -12.503 -12.752 -10.295 -11.578 -12.333 -12.635 -12.778 -11.715 -12.352 -12.653 -12.779 -12.86 -12.295 -11.955 -12.479 -12.784 -12.601 -12.264 -12.259
0.240437 -7.253 -6.511 -8.186 -9.997 -11.172 -11.956 -10.26 -10.213 -11.194 -11.978 -12.455 -12.726 -10.148 -11.483 -12.273 -12.596 -12.754 -11.627 -12.293 -12.614 -12.753 -12.842 -12.239 -11.879 -12.43 -12.782 -12.611 -12.282 -12.206
0.247709 -7.15 -6.243 -7.989 -9.834 -11.054 -11.872 -10.151 -10.058 -11.077 -11.896 -12.402 -12.695 -9.989 -11.378 -12.207 -12.552 -12.725 -11.53 -12.228 -12.571 -12.722 -12.82 -12.177 -11.795 -12.375 -12.776 -12.617 -12.299 -12.147
0.255201 -7.049 -5.958 -7.779 -9.657 -10.925 -11.78 -10.033 -9.89 -10.95 -11.806 -12.342 -12.659 -9.817 -11.264 -12.133 -12.501 -12.692 -11.425 -12.156 -12.521 -12.686 -12.793 -12.109 -11.703 -12.313 -12.767 -12.621 -12.313 -12.081
0.262919 -6.951 -5.653 -7.556 -9.467 -10.785 -11.678 -9.906 -9.709 -10.812 -11.706 -12.275 -12.617 -9.632 -11.14 -12.052 -12.443 -12.653 -11.309 -12.076 -12.465 -12.644 -12.761 -12.033 -11.602 -12.244 -12.754 -12.622 -12.325 -12.01
0.270871 -6.856 -5.329 -7.319 -9.261 -10.632 -11.566 -9.769 -9.512 -10.662 -11.597 -12.201 -12.569 -9.431 -11.005 -11.961 -12.379 -12.607 -11.184 -11.987 -12.401 -12.596 -12.724 -11.949 -11.491 -12.168 -12.736 -12.619 -12.334 -11.931
0.279064 -6.765 -4.984 -7.067 -9.039 -10.466 -11.444 -9.623 -9.3 -10.499 -11.477 -12.118 -12.514 -9.214 -10.857 -11.861 -12.306 -12.556 -11.047 -11.889 -12.33 -12.542 -12.681 -11.857 -11.37 -12.082 -12.714 -12.613 -12.34 -11.844
0.287504 -6.676 -4.617 -6.798 -8.798 -10.286 -11.309 -9.464 -9.07 -10.321 -11.345 -12.025 -12.452 -8.979 -10.696 -11.75 -12.225 -12.497 -10.899 -11.78 -12.25 -12.48 -12.631 -11.755 -11.237 -11.988 -12.686 -12.603 -12.344 -11.75
0.296199 -6.589 -4.228 -6.512 -8.538 -10.089 -11.162 -9.294 -8.821 -10.128 -11.201 -11.923 -12.382 -8.724 -10.52 -11.628 -12.135 -12.43 -10.737 -11.661 -12.161 -12.41 -12.574 -11.643 -11.092 -11.883 -12.653 -12.588 -12.344 -11.646
0.305157 -6.504 -3.818 -6.208 -8.256 -9.875 -11.0 -9.111 -8.551 -9.917 -11.042 -11.81 -12.303 -8.448 -10.328 -11.494 -12.034 -12.354 -10.561 -11.53 -12.062 -12.331 -12.509 -11.52 -10.933 -11.767 -12.614 -12.569 -12.34 -11.533
0.314387 -6.419 -3.389 -5.885 -7.95 -9.642 -10.823 -8.913 -8.258 -9.688 -10.868 -11.685 -12.215 -8.148 -10.119 -11.346 -11.922 -12.269 -10.371 -11.385 -11.951 -12.242 -12.436 -11.385 -10.76 -11.64 -12.569 -12.545 -12.332 -11.41
0.323895 -6.335 -2.947 -5.541 -7.618 -9.388 -10.628 -8.7 -7.939 -9.438 -10.678 -11.547 -12.116 -7.823 -9.891 -11.182 -11.797 -12.174 -10.164 -11.226 -11.829 -12.143 -12.353 -11.237 -10.57 -11.499 -12.516 -12.515 -12.321 -11.276
0.333691 -6.248 -2.499 -5.174 -7.258 -9.111 -10.414 -8.47 -7.593 -9.166 -10.468 -11.395 -12.006 -7.469 -9.641 -11.003 -11.659 -12.067 -9.94 -11.051 -11.693 -12.032 -12.26 -11.074 -10.362 -11.343 -12.454 -12.479 -12.304 -11.131
0.343783 -6.159 -2.059 -4.785 -6.865 -8.808 -10.179 -8.222 -7.217 -8.869 -10.239 -11.227 -11.883 -7.083 -9.369 -10.804 -11.505 -11.948 -9.698 -10.858 -11.542 -11.908 -12.156 -10.895 -10.134 -11.171 -12.384 -12.436 -12.283 -10.973
0.354181 -6.066 -1.646 -4.37 -6.438 -8.477 -9.921 -7.954 -6.807 -8.545 -9.987 -11.041 -11.745 -6.664 -9.07 -10.586 -11.335 -11.815 -9.437 -10.647 -11.375 -11.769 -12.039 -10.699 -9.885 -10.982 -12.304 -12.385 -12.256 -10.802
0.364893 -5.968 -1.278 -3.928 -5.973 -8.116 -9.638 -7.665 -6.359 -8.191 -9.71 -10.836 -11.593 -6.206 -8.744 -10.345 -11.146 -11.666 -9.156 -10.414 -11.189 -11.615 -11.909 -10.484 -9.612 -10.773 -12.213 -12.326 -12.222 -10.616
0.375929 -5.864 -0.967 -3.456 -5.465 -7.719 -9.326 -7.353 -5.87 -7.803 -9.405 -10.61 -11.423 -5.705 -8.386 -10.08 -10.937 -11.5 -8.856 -10.159 -10.984 -11.444 -11.763 -10.247 -9.312 -10.542 -12.11 -12.258 -12.182 -10.416
0.387298 -5.752 -0.713 -2.952 -4.909 -7.285 -8.982 -7.015 -5.335 -7.378 -9.07 -10.36 -11.233 -5.158 -7.993 -9.787 -10.705 -11.315 -8.537 -9.879 -10.757 -11.252 -11.6 -9.987 -8.984 -10.287 -11.993 -12.18 -12.134 -10.2
0.399012 -5.632 -0.506 -2.412 -4.3 -6.808 -8.603 -6.65 -4.749 -6.913 -8.7 -10.084 -11.023 -4.558 -7.561 -9.463 -10.447 -11.108 -8.201 -9.571 -10.505 -11.039 -11.419 -9.7 -8.622 -10.006 -11.86 -12.09 -12.078 -9.968
0.41108 -5.502 -0.328 -1.834 -3.633 -6.283 -8.185 -6.256 -4.106 -6.401 -8.292 -9.779 -10.789 -3.899 -7.086 -9.104 -10.161 -10.878 -7.852 -9.234 -10.225 -10.802 -11.216 -9.385 -8.225 -9.695 -11.711 -11.987 -12.012 -9.718
0.423513 -5.36 -0.162 -1.211 -2.899 -5.706 -7.722 -5.831 -3.399 -5.839 -7.842 -9.441 -10.528 -3.174 -6.563 -8.707 -9.842 -10.621 -7.495 -8.865 -9.916 -10.538 -10.991 -9.037 -7.787 -9.351 -11.543 -11.87 -11.936 -9.452
0.436321 -5.206 0.003 -0.539 -2.091 -5.068 -7.21 -5.375 -2.62 -5.219 -7.344 -9.067 -10.237 -2.376 -5.985 -8.267 -9.487 -10.333 -7.136 -8.463 -9.572 -10.244 -10.739 -8.652 -7.304 -8.969 -11.353 -11.736 -11.847 -9.169
0.449518 -5.037 0.176 0.189 -1.2 -4.363 -6.641 -4.887 -1.76 -4.535 -6.792 -8.652 -9.913 -1.495 -5.346 -7.778 -9.092 -10.012 -6.785 -8.027 -9.192 -9.915 -10.46 -8.227 -6.77 -8.546 -11.139 -11.585 -11.746 -8.87
0.463113 -4.853 0.362 0.981 -0.214 -3.583 -6.009 -4.369 -0.809 -3.779 -6.18 -8.191 -9.551 -0.519 -4.638 -7.234 -8.651 -9.652 -6.446 -7.557 -8.77 -9.549 -10.148 -7.755 -6.178 -8.076 -10.897 -11.412 -11.629 -8.555
0.47712 -4.651 0.565 1.844 0.878 -2.716 -5.305 -3.827 0.246 -2.942 -5.499 -7.678 -9.147 0.562 -3.852 -6.627 -8.158 -9.249 -6.124 -7.059 -8.304 -9.141 -9.802 -7.232 -5.522 -7.553 -10.624 -11.216 -11.495 -8.227
0.49155 -4.428 0.787 2.789 2.092 -1.752 -4.519 -3.27 1.419 -2.013 -4.741 -7.106 -8.694 1.765 -2.978 -5.948 -7.605 -8.796 -5.815 -6.538 -7.79 -8.685 -9.419 -6.649 -4.792 -6.97 -10.314 -10.993 -11.341 -7.887
0.506416 -4.183 1.032 3.829 3.445 -0.677 -3.64 -2.713 2.726 -0.98 -3.894 -6.468 -8.186 3.106 -2.002 -5.189 -6.984 -8.286 -5.514 -6.009 -7.226 -8.178 -8.994 -5.999 -3.978 -6.318 -9.964 -10.739 -11.165 -7.535
0.521733 -3.912 1.303 4.975 4.957 0.526 -2.653 -2.173 4.187 0.173 -2.947 -5.754 -7.616 4.605 -0.91 -4.337 -6.286 -7.712 -5.21 -5.487 -6.613 -7.615 -8.526 -5.272 -3.069 -5.589 -9.566 -10.449 -10.962 -7.173
0.537512 -3.612 1.604 6.243 6.651 1.875 -1.543 -1.662 5.826 1.462 -1.884 -4.954 -6.974 6.286 0.315 -3.377 -5.499 -7.063 -4.892 -4.986 -5.959 -6.993 -8.015 -4.457 -2.049 -4.77 -9.114 -10.118 -10.73 -6.798
0.553769 -3.278 1.937 7.652 8.557 3.393 -0.291 -1.183 7.668 2.907 -0.69 -4.055 -6.251 8.177 1.694 -2.295 -4.608 -6.328 -4.549 -4.51 -5.277 -6.313 -7.461 -3.539 -0.902 -3.848 -8.599 -9.739 -10.463 -6.408
0.570517 -2.906 2.31 9.224 10.708 5.106 1.126 -0.721 9.748 4.532 0.657 -3.042 -5.433 10.31 3.25 -1.069 -3.598 -5.494 -4.173 -4.049 -4.59 -5.582 -6.869 -2.504 0.392 -2.808 -8.01 -9.305 -10.155 -5.994
0.587772 -2.488 2.728 10.985 13.145 7.047 2.736 -0.256 12.104 6.365 2.179 -1.898 -4.508 12.727 5.014 0.323 -2.449 -4.545 -3.754 -3.584 -3.92 -4.815 -6.245 -1.331 1.857 -1.629 -7.336 -8.807 -9.8 -5.55
