web/models/kne.last_good/kappa_0.5_3.0.v1/33/villar_0.0052_0.1553_0.5000.dat
# %ECSV 1.0
# ---
# datatype:
# - {name: time, datatype: float64}
# - {name: swift_uvot_uvw2, datatype: float64}
# - {name: swift_uvot_uvm2, datatype: float64}
# - {name: swift_uvot_uvw1, datatype: float64}
# - {name: swift_uvot_U, datatype: float64}
# - {name: swift_uvot_B, datatype: float64}
# - {name: swift_uvot_V, datatype: float64}
# - {name: swift_uvot_W, datatype: float64}
# - {name: johnson_U, datatype: float64}
# - {name: johnson_B, datatype: float64}
# - {name: johnson_V, datatype: float64}
# - {name: johnson_R, datatype: float64}
# - {name: johnson_I, datatype: float64}
# - {name: sdss_u, datatype: float64}
# - {name: sdss_g, datatype: float64}
# - {name: sdss_r, datatype: float64}
# - {name: sdss_i, datatype: float64}
# - {name: sdss_z, datatype: float64}
# - {name: PS1_g, datatype: float64}
# - {name: PS1_r, datatype: float64}
# - {name: PS1_i, datatype: float64}
# - {name: PS1_z, datatype: float64}
# - {name: PS1_Y, datatype: float64}
# - {name: PS1_w, datatype: float64}
# - {name: ATLAS_c, datatype: float64}
# - {name: ATLAS_o, datatype: float64}
# - {name: ukirt_J, datatype: float64}
# - {name: ukirt_H, datatype: float64}
# - {name: ukirt_K, datatype: float64}
# - {name: Clear, datatype: float64}
# meta: !!omap
# - comment: [kappa = 0.5, type = villar, mass = 0.005244756555828381, velocity = 0.15533333333333332, theta_obs = 0.0]
# schema: astropy-2.0
time swift_uvot_uvw2 swift_uvot_uvm2 swift_uvot_uvw1 swift_uvot_U swift_uvot_B swift_uvot_V swift_uvot_W johnson_U johnson_B johnson_V johnson_R johnson_I sdss_u sdss_g sdss_r sdss_i sdss_z PS1_g PS1_r PS1_i PS1_z PS1_Y PS1_w ATLAS_c ATLAS_o ukirt_J ukirt_H ukirt_K Clear
[from data line 290]
5.658042 40.576 45.791 69.026 79.592 67.764 59.775 42.844 77.549 65.478 57.727 49.37 44.383 78.863 63.709 54.861 49.341 44.875 39.31 39.515 39.493 39.078 37.332 50.579 57.13 50.314 39.149 35.648 33.022 37.546
5.829166 43.433 48.648 71.883 82.449 70.621 62.633 45.701 80.406 68.335 60.584 52.227 47.24 81.72 66.566 57.718 52.198 47.733 42.167 42.372 42.35 41.935 40.189 53.436 59.988 53.171 42.006 38.506 35.88 40.403
6.005465 46.466 51.681 74.916 85.482 73.654 65.665 48.734 83.439 71.368 63.617 55.26 50.273 84.753 69.599 60.751 55.231 50.765 45.2 45.405 45.383 44.968 43.222 56.469 63.02 56.204 45.039 41.538 38.912 43.436
6.187096 49.684 54.9 78.135 88.701 76.873 68.884 51.953 86.658 74.587 66.835 58.479 53.492 87.972 72.818 63.97 58.45 53.984 48.419 48.624 48.602 48.187 46.441 59.688 66.239 59.423 48.258 44.757 42.131 46.655
6.37422 53.101 58.317 81.552 92.118 80.289 72.301 55.369 90.075 78.003 70.252 61.896 56.909 91.389 76.234 67.386 61.867 57.401 51.836 52.04 52.019 51.603 49.858 63.105 69.656 62.839 51.674 48.174 45.548 50.072
6.567004 56.727 61.943 85.178 95.744 83.915 75.927 58.996 93.701 81.63 73.878 65.522 60.535 95.015 79.86 71.013 65.493 61.027 55.462 55.667 55.645 55.23 53.484 66.731 73.282 66.466 55.301 51.8 49.174 53.698
6.765619 60.577 65.792 89.027 99.593 87.765 79.776 62.845 97.55 85.479 77.728 69.371 64.384 98.864 83.71 74.862 69.342 64.876 59.311 59.516 59.494 59.079 57.333 70.58 77.131 70.315 59.15 55.649 53.023 57.547
6.97024 64.662 69.878 93.112 103.679 91.85 83.862 66.93 101.635 89.564 81.813 73.456 68.469 102.949 87.795 78.947 73.427 68.962 63.396 63.601 63.58 63.164 61.418 74.665 81.217 74.4 63.235 59.735 57.109 61.633
7.181051 68.998 74.214 97.449 108.015 96.186 88.198 71.267 105.972 93.901 86.149 77.793 72.806 107.286 92.131 83.283 77.764 73.298 67.733 67.937 67.916 67.501 65.755 79.002 85.553 78.736 67.572 64.071 61.445 65.969
7.398237 73.601 78.816 102.051 112.617 100.789 92.8 75.869 110.574 98.503 90.752 82.395 77.408 111.888 96.734 87.886 82.366 77.901 72.335 72.54 72.518 72.103 70.357 83.604 90.156 83.339 72.174 68.673 66.048 70.571
7.621991 78.486 83.702 106.936 117.503 105.674 97.686 80.754 115.459 103.388 95.637 87.28 82.293 116.773 101.619 92.771 87.251 82.786 77.22 77.425 77.404 76.988 75.242 88.489 95.041 88.224 77.059 73.559 70.933 75.456
7.852513 83.671 88.887 112.122 122.688 110.859 102.871 85.939 120.644 108.573 100.822 92.465 87.479 121.958 106.804 97.956 92.436 87.971 82.405 82.61 82.589 82.173 80.427 93.674 100.226 93.409 82.244 78.744 76.118 80.642
8.090007 89.174 94.39 117.625 128.191 116.362 108.374 91.443 126.148 114.077 106.325 97.969 92.982 127.462 112.307 103.46 97.94 93.474 87.909 88.114 88.092 87.677 85.931 99.178 105.729 98.913 87.748 84.247 81.621 86.145
8.334684 95.016 100.232 123.466 134.033 122.204 114.216 97.284 131.989 119.918 112.167 103.81 98.823 133.303 118.149 109.301 103.781 99.316 93.75 93.955 93.934 93.518 91.772 105.019 111.571 104.754 93.589 90.089 87.463 91.986
8.586761 101.216 106.432 129.667 140.233 128.404 120.416 103.484 138.189 126.118 118.367 110.01 105.024 139.503 124.349 115.501 109.981 105.516 99.95 100.155 100.134 99.718 97.972 111.219 117.771 110.954 99.789 96.289 93.663 98.187
8.846461 107.797 113.012 136.247 146.813 134.985 126.997 110.065 144.77 132.699 124.948 116.591 111.604 146.084 130.93 122.082 116.562 112.097 106.531 106.736 106.714 106.299 104.553 117.8 124.352 117.535 106.37 102.87 100.244 104.767
9.114017 114.782 119.997 143.232 153.798 141.97 133.981 117.05 151.755 139.684 131.933 123.576 118.589 153.069 137.915 129.067 123.547 119.082 113.516 113.721 113.699 113.284 111.538 124.785 131.337 124.52 113.355 109.854 107.229 111.752
9.389664 122.195 127.411 150.646 161.212 149.383 141.395 124.464 159.169 147.098 139.346 130.99 126.003 160.483 145.328 136.481 130.961 126.495 120.93 121.135 121.113 120.698 118.952 132.199 138.75 131.934 120.769 117.268 114.642 119.166
9.673648 130.064 135.28 158.515 169.081 157.253 149.264 132.333 167.038 154.967 147.215 138.859 133.872 168.352 153.198 144.35 138.83 134.364 128.799 129.004 128.982 128.567 126.821 140.068 146.619 139.803 128.638 125.137 122.511 127.035
9.966221 138.417 143.632 166.867 177.433 165.605 157.616 140.685 175.39 163.319 155.568 147.211 142.224 176.704 161.55 152.702 147.182 142.717 137.151 137.356 137.334 136.919 135.173 148.42 154.972 148.155 136.99 133.489 130.864 135.387
10.267642 147.282 152.497 175.732 186.298 174.47 166.481 149.55 184.255 172.184 164.433 156.076 151.089 185.569 170.415 161.567 156.047 151.582 146.016 146.221 146.199 145.784 144.038 157.285 163.837 157.02 145.855 142.354 139.729 144.252
10.57818 156.691 161.907 185.142 195.708 183.879 175.891 158.96 193.665 181.593 173.842 165.486 160.499 194.979 179.824 170.976 165.457 160.991 155.426 155.63 155.609 155.194 153.448 166.695 173.246 166.429 155.264 151.764 149.138 153.662
10.89811 166.678 171.894 195.129 205.695 193.866 185.878 168.947 203.652 191.581 183.829 175.473 170.486 204.966 189.811 180.964 175.444 170.978 165.413 165.617 165.596 165.181 163.435 176.682 183.233 176.416 165.252 161.751 159.125 163.649
11.227716 177.279 182.494 205.729 216.295 204.467 196.478 179.547 214.252 202.181 194.43 186.073 181.086 215.566 200.412 191.564 186.044 181.579 176.013 176.218 176.196 175.781 174.035 187.282 193.834 187.017 175.852 172.351 169.726 174.249
11.56729 188.53 193.746 216.981 227.547 215.718 207.73 190.798 225.504 213.432 205.681 197.324 192.338 226.818 211.663 202.815 197.295 192.83 187.264 187.469 187.448 187.032 185.287 198.533 205.085 198.268 187.103 183.603 180.977 185.501
11.917135 200.472 205.688 228.923 239.489 227.66 219.672 202.741 237.446 225.375 217.623 209.267 204.28 238.76 223.605 214.757 209.238 204.772 199.207 199.411 199.39 198.975 197.229 210.476 217.027 210.21 199.046 195.545 192.919 197.443
12.277561 213.148 218.363 241.598 252.164 240.336 232.347 215.416 250.121 238.05 230.299 221.942 216.955 251.435 236.281 227.433 221.913 217.448 211.882 212.087 212.065 211.65 209.904 223.151 229.703 222.886 211.721 208.22 205.595 210.118
12.648887 226.601 231.817 255.052 265.618 253.79 245.801 228.87 263.575 251.504 243.752 235.396 230.409 264.889 249.735 240.887 235.367 230.901 225.336 225.541 225.519 225.104 223.358 236.605 243.156 236.34 225.175 221.674 219.048 223.572
13.031444 240.881 246.097 269.332 279.898 268.069 260.081 243.15 277.855 265.784 258.032 249.676 244.689 279.169 264.014 255.167 249.647 245.181 239.616 239.821 239.799 239.384 237.638 250.885 257.436 250.62 239.455 235.954 233.328 237.852
13.425571 256.038 261.254 284.489 295.055 283.226 275.238 258.307 293.012 280.94 273.189 264.833 259.846 294.326 279.171 270.323 264.804 260.338 254.773 254.977 254.956 254.54 252.795 266.042 272.593 265.776 254.611 251.111 248.485 253.009
13.831619 272.126 277.341 300.576 311.142 299.314 291.325 274.394 309.099 297.028 289.276 280.92 275.933 310.413 295.259 286.411 280.891 276.425 270.86 271.065 271.043 270.628 268.882 282.129 288.68 281.864 270.699 267.198 264.572 269.096
14.249947 289.201 294.416 317.651 328.217 316.389 308.4 291.469 326.174 314.103 306.352 297.995 293.008 327.488 312.334 303.486 297.966 293.501 287.935 288.14 288.118 287.703 285.957 299.204 305.756 298.939 287.774 284.273 281.648 286.171
14.680926 307.324 312.54 335.775 346.341 334.512 326.524 309.593 344.298 332.227 324.475 316.119 311.132 345.612 330.457 321.61 316.09 311.624 306.059 306.264 306.242 305.827 304.081 317.328 323.879 317.063 305.898 302.397 299.771 304.295
15.124941 326.561 331.777 355.012 365.578 353.749 345.761 328.829 363.534 351.463 343.712 335.355 330.369 364.848 349.694 340.846 335.326 330.861 325.295 325.5 325.479 325.063 323.317 336.564 343.116 336.299 325.134 321.634 319.008 323.532
15.582385 346.979 352.194 375.429 385.995 374.167 366.178 349.247 383.952 371.881 364.13 355.773 350.786 385.266 370.112 361.264 355.744 351.279 345.713 345.918 345.896 345.481 343.735 356.982 363.534 356.717 345.552 342.051 339.426 343.949
16.053663 368.65 373.866 397.101 407.667 395.838 387.85 370.919 405.624 393.553 385.801 377.445 372.458 406.938 391.783 382.935 377.416 372.95 367.385 367.589 367.568 367.153 365.407 378.654 385.205 378.388 367.224 363.723 361.097 365.621
16.539195 391.652 396.868 420.103 430.669 418.84 410.852 393.921 428.626 416.555 408.803 400.447 395.46 429.94 414.785 405.938 400.418 395.952 390.387 390.592 390.57 390.155 388.409 401.656 408.207 401.391 390.226 386.725 384.099 388.623
17.039412 416.067 421.283 444.517 455.084 443.255 435.267 418.335 453.04 440.969 433.218 424.861 419.874 454.354 439.2 430.352 424.832 420.367 414.801 415.006 414.985 414.569 412.823 426.07 432.622 425.805 414.64 411.14 408.514 413.038
17.554757 441.981 447.196 470.431 480.997 469.169 461.18 444.249 478.954 466.883 459.132 450.775 445.788 480.268 465.114 456.266 450.746 446.281 440.715 440.92 440.898 440.483 438.737 451.984 458.536 451.719 440.554 437.053 434.428 438.951
18.085689 469.486 474.701 497.936 508.502 496.674 488.685 471.754 506.459 494.388 486.637 478.28 473.293 507.773 492.619 483.771 478.251 473.785 468.22 468.425 468.403 467.988 466.242 479.489 486.04 479.224 468.059 464.558 461.932 466.456
18.632678 498.679 503.895 527.13 537.696 525.867 517.879 500.948 535.653 523.582 515.83 507.474 502.487 536.967 521.812 512.965 507.445 502.979 497.414 497.619 497.597 497.182 495.436 508.683 515.234 508.418 497.253 493.752 491.126 495.65
19.196211 529.666 534.881 558.116 568.682 556.854 548.865 531.934 566.639 554.568 546.817 538.46 533.473 567.953 552.799 543.951 538.431 533.966 528.4 528.605 528.583 528.168 526.422 539.669 546.221 539.404 528.239 524.738 522.113 526.636
19.776787 562.555 567.77 591.005 601.571 589.743 581.755 564.823 599.528 587.457 579.706 571.349 566.362 600.842 585.688 576.84 571.32 566.855 561.289 561.494 561.472 561.057 559.311 572.558 579.11 572.293 561.128 557.628 555.002 559.525
20.374923 597.463 602.679 625.914 636.48 624.651 616.663 599.732 634.437 622.366 614.614 606.258 601.271 635.751 620.596 611.749 606.229 601.763 596.198 596.403 596.381 595.966 594.22 607.467 614.018 607.202 596.037 592.536 589.91 594.434
20.991149 634.515 639.731 662.966 673.532 661.703 653.715 636.784 671.489 659.418 651.666 643.31 638.323 672.803 657.648 648.801 643.281 638.815 633.25 633.455 633.433 633.018 631.272 644.519 651.07 644.254 633.089 629.588 626.962 631.486
21.626011 673.843 679.058 702.293 712.859 701.031 693.042 676.111 710.816 698.745 690.994 682.637 677.65 712.13 696.976 688.128 682.608 678.142 672.577 672.782 672.76 672.345 670.599 683.846 690.398 683.581 672.416 668.915 666.29 670.813
22.280075 715.585 720.8 744.035 754.601 742.773 734.784 717.853 752.558 740.487 732.736 724.379 719.392 753.872 738.718 729.87 724.35 719.884 714.319 714.524 714.502 714.087 712.341 725.588 732.14 725.323 714.158 710.657 708.032 712.555
22.953921 759.89 765.105 788.341 nan 787.102 779.089 762.158 nan 784.795 777.041 768.684 763.697 nan 783.023 774.175 768.655 764.19 758.624 758.829 758.807 758.392 756.646 769.893 776.445 769.628 758.463 754.962 752.337 756.86
23.648147 759.89 765.105 788.341 nan 787.102 779.089 762.158 nan 784.795 777.041 768.684 763.697 nan 783.023 774.175 768.655 764.19 758.624 758.829 758.807 758.392 756.646 769.893 776.445 769.628 758.463 754.962 752.337 756.86
24.363369 759.89 765.105 788.341 nan 787.102 779.089 762.158 nan 784.795 777.041 768.684 763.697 nan 783.023 774.175 768.655 764.19 758.624 758.829 758.807 758.392 756.646 769.893 776.445 769.628 758.463 754.962 752.337 756.86
25.100222 759.89 765.105 788.341 nan 787.102 779.089 762.158 nan 784.795 777.041 768.684 763.697 nan 783.023 774.175 768.655 764.19 758.624 758.829 758.807 758.392 756.646 769.893 776.445 769.628 758.463 754.962 752.337 756.86
25.859362 759.89 765.105 788.341 nan 787.102 779.089 762.158 nan 784.795 777.041 768.684 763.697 nan 783.023 774.175 768.655 764.19 758.624 758.829 758.807 758.392 756.646 769.893 776.445 769.628 758.463 754.962 752.337 756.86
26.64146 759.89 765.105 788.341 nan 787.102 779.089 762.158 nan 784.795 777.041 768.684 763.697 nan 783.023 774.175 768.655 764.19 758.624 758.829 758.807 758.392 756.646 769.893 776.445 769.628 758.463 754.962 752.337 756.86
27.447213 759.89 765.105 788.341 nan 787.102 779.089 762.158 nan 784.795 777.041 768.684 763.697 nan 783.023 774.175 768.655 764.19 758.624 758.829 758.807 758.392 756.646 769.893 776.445 769.628 758.463 754.962 752.337 756.86
28.277335 759.89 765.105 788.341 nan 787.102 779.089 762.158 nan 784.795 777.041 768.684 763.697 nan 783.023 774.175 768.655 764.19 758.624 758.829 758.807 758.392 756.646 769.893 776.445 769.628 758.463 754.962 752.337 756.86
29.132564 759.89 765.105 788.341 nan 787.102 779.089 762.158 nan 784.795 777.041 768.684 763.697 nan 783.023 774.175 768.655 764.19 758.624 758.829 758.807 758.392 756.646 769.893 776.445 769.628 758.463 754.962 752.337 756.86
30.013659 759.89 765.105 788.341 nan 787.102 779.089 762.158 nan 784.795 777.041 768.684 763.697 nan 783.023 774.175 768.655 764.19 758.624 758.829 758.807 758.392 756.646 769.893 776.445 769.628 758.463 754.962 752.337 756.86
30.921401 759.89 765.105 788.341 nan 787.102 779.089 762.158 nan 784.795 777.041 768.684 763.697 nan 783.023 774.175 768.655 764.19 758.624 758.829 758.807 758.392 756.646 769.893 776.445 769.628 758.463 754.962 752.337 756.86
31.856598 759.89 765.105 788.341 nan 787.102 779.089 762.158 nan 784.795 777.041 768.684 763.697 nan 783.023 774.175 768.655 764.19 758.624 758.829 758.807 758.392 756.646 769.893 776.445 769.628 758.463 754.962 752.337 756.86
32.820079 759.89 765.105 788.341 nan 787.102 779.089 762.158 nan 784.795 777.041 768.684 763.697 nan 783.023 774.175 768.655 764.19 758.624 758.829 758.807 758.392 756.646 769.893 776.445 769.628 758.463 754.962 752.337 756.86
33.8127 759.89 765.105 788.341 nan 787.102 779.089 762.158 nan 784.795 777.041 768.684 763.697 nan 783.023 774.175 768.655 764.19 758.624 758.829 758.807 758.392 756.646 769.893 776.445 769.628 758.463 754.962 752.337 756.86
34.835342 759.89 765.105 788.341 nan 787.102 779.089 762.158 nan 784.795 777.041 768.684 763.697 nan 783.023 774.175 768.655 764.19 758.624 758.829 758.807 758.392 756.646 769.893 776.445 769.628 758.463 754.962 752.337 756.86
35.888913 759.89 765.105 788.341 nan 787.102 779.089 762.158 nan 784.795 777.041 768.684 763.697 nan 783.023 774.175 768.655 764.19 758.624 758.829 758.807 758.392 756.646 769.893 776.445 769.628 758.463 754.962 752.337 756.86
36.974349 759.89 765.105 788.341 nan 787.102 779.089 762.158 nan 784.795 777.041 768.684 763.697 nan 783.023 774.175 768.655 764.19 758.624 758.829 758.807 758.392 756.646 769.893 776.445 769.628 758.463 754.962 752.337 756.86
38.092613 759.89 765.105 788.341 nan 787.102 779.089 762.158 nan 784.795 777.041 768.684 763.697 nan 783.023 774.175 768.655 764.19 758.624 758.829 758.807 758.392 756.646 769.893 776.445 769.628 758.463 754.962 752.337 756.86
39.244698 759.89 765.105 788.341 nan 787.102 779.089 762.158 nan 784.795 777.041 768.684 763.697 nan 783.023 774.175 768.655 764.19 758.624 758.829 758.807 758.392 756.646 769.893 776.445 769.628 758.463 754.962 752.337 756.86
40.431627 759.89 765.105 788.341 nan 787.102 779.089 762.158 nan 784.795 777.041 768.684 763.697 nan 783.023 774.175 768.655 764.19 758.624 758.829 758.807 758.392 756.646 769.893 776.445 769.628 758.463 754.962 752.337 756.86
41.654454 759.89 765.105 788.341 nan 787.102 779.089 762.158 nan 784.795 777.041 768.684 763.697 nan 783.023 774.175 768.655 764.19 758.624 758.829 758.807 758.392 756.646 769.893 776.445 769.628 758.463 754.962 752.337 756.86
42.914265 759.89 765.105 788.341 nan 787.102 779.089 762.158 nan 784.795 777.041 768.684 763.697 nan 783.023 774.175 768.655 764.19 758.624 758.829 758.807 758.392 756.646 769.893 776.445 769.628 758.463 754.962 752.337 756.86
