web/models/kne.last_good/kappa_0.5_3.0.v1/33/villar_0.1443_0.3433_0.5000.dat
# %ECSV 1.0
# ---
# datatype:
# - {name: time, datatype: float64}
# - {name: swift_uvot_uvw2, datatype: float64}
# - {name: swift_uvot_uvm2, datatype: float64}
# - {name: swift_uvot_uvw1, datatype: float64}
# - {name: swift_uvot_U, datatype: float64}
# - {name: swift_uvot_B, datatype: float64}
# - {name: swift_uvot_V, datatype: float64}
# - {name: swift_uvot_W, datatype: float64}
# - {name: johnson_U, datatype: float64}
# - {name: johnson_B, datatype: float64}
# - {name: johnson_V, datatype: float64}
# - {name: johnson_R, datatype: float64}
# - {name: johnson_I, datatype: float64}
# - {name: sdss_u, datatype: float64}
# - {name: sdss_g, datatype: float64}
# - {name: sdss_r, datatype: float64}
# - {name: sdss_i, datatype: float64}
# - {name: sdss_z, datatype: float64}
# - {name: PS1_g, datatype: float64}
# - {name: PS1_r, datatype: float64}
# - {name: PS1_i, datatype: float64}
# - {name: PS1_z, datatype: float64}
# - {name: PS1_Y, datatype: float64}
# - {name: PS1_w, datatype: float64}
# - {name: ATLAS_c, datatype: float64}
# - {name: ATLAS_o, datatype: float64}
# - {name: ukirt_J, datatype: float64}
# - {name: ukirt_H, datatype: float64}
# - {name: ukirt_K, datatype: float64}
# - {name: Clear, datatype: float64}
# meta: !!omap
# - comment: [kappa = 0.5, type = villar, mass = 0.1442699905917794, velocity = 0.3433333333333334, theta_obs = 0.0]
# schema: astropy-2.0
time swift_uvot_uvw2 swift_uvot_uvm2 swift_uvot_uvw1 swift_uvot_U swift_uvot_B swift_uvot_V swift_uvot_W johnson_U johnson_B johnson_V johnson_R johnson_I sdss_u sdss_g sdss_r sdss_i sdss_z PS1_g PS1_r PS1_i PS1_z PS1_Y PS1_w ATLAS_c ATLAS_o ukirt_J ukirt_H ukirt_K Clear
[from data line 279]
4.07684 -9.91 -4.719 -5.946 -7.678 -10.424 -12.397 -10.49 -8.168 -10.551 -12.512 -14.067 -15.124 -7.95 -11.261 -13.357 -14.461 -15.216 -12.125 -13.503 -14.531 -15.136 -15.573 -13.667 -12.452 -13.979 -16.104 -16.411 -16.461 -14.049
4.200141 -9.79 -4.585 -5.391 -7.016 -9.904 -11.981 -10.115 -7.53 -10.046 -12.108 -13.766 -14.893 -7.296 -10.79 -13.001 -14.177 -14.987 -11.822 -13.176 -14.255 -14.901 -15.374 -13.357 -12.059 -13.672 -15.957 -16.31 -16.398 -13.819
4.327172 -9.659 -4.448 -4.795 -6.292 -9.334 -11.524 -9.715 -6.832 -9.492 -11.664 -13.435 -14.637 -6.58 -10.274 -12.609 -13.862 -14.734 -11.521 -12.822 -13.952 -14.642 -15.154 -13.016 -11.629 -13.334 -15.791 -16.196 -16.325 -13.575
4.458044 -9.516 -4.302 -4.153 -5.499 -8.709 -11.02 -9.289 -6.067 -8.886 -11.176 -13.069 -14.353 -5.796 -9.708 -12.177 -13.514 -14.452 -11.225 -12.441 -13.618 -14.354 -14.91 -12.642 -11.157 -12.962 -15.606 -16.067 -16.24 -13.318
4.592874 -9.361 -4.145 -3.457 -4.629 -8.021 -10.464 -8.839 -5.228 -8.221 -10.638 -12.666 -14.038 -4.935 -9.085 -11.699 -13.128 -14.139 -10.939 -12.033 -13.25 -14.035 -14.641 -12.229 -10.638 -12.55 -15.397 -15.921 -16.144 -13.049
4.731783 -9.19 -3.974 -2.703 -3.672 -7.264 -9.85 -8.37 -4.304 -7.489 -10.044 -12.221 -13.688 -3.988 -8.399 -11.171 -12.7 -13.79 -10.664 -11.601 -12.846 -13.682 -14.343 -11.775 -10.067 -12.096 -15.164 -15.755 -16.033 -12.768
4.874892 -9.003 -3.787 -1.883 -2.617 -6.428 -9.17 -7.887 -3.285 -6.684 -9.388 -11.728 -13.3 -2.943 -7.641 -10.585 -12.225 -13.402 -10.399 -11.151 -12.403 -13.291 -14.015 -11.273 -9.436 -11.594 -14.901 -15.568 -15.906 -12.476
5.02233 -8.797 -3.582 -0.987 -1.452 -5.503 -8.416 -7.4 -2.16 -5.795 -8.662 -11.183 -12.867 -1.788 -6.802 -9.935 -11.695 -12.968 -10.139 -10.691 -11.92 -12.859 -13.654 -10.717 -8.738 -11.036 -14.606 -15.356 -15.762 -12.174
5.174227 -8.571 -3.355 -0.007 -0.161 -4.478 -7.577 -6.921 -0.912 -4.812 -7.856 -10.577 -12.386 -0.508 -5.873 -9.211 -11.104 -12.484 -9.878 -10.231 -11.396 -12.381 -13.257 -10.1 -7.964 -10.418 -14.273 -15.115 -15.597 -11.862
5.330718 -8.322 -3.106 1.07 1.272 -3.339 -6.642 -6.462 0.473 -3.722 -6.96 -9.904 -11.848 0.913 -4.839 -8.404 -10.443 -11.941 -9.608 -9.782 -10.834 -11.856 -12.824 -9.414 -7.104 -9.729 -13.898 -14.843 -15.408 -11.54
5.491942 -8.046 -2.83 2.256 2.869 -2.069 -5.597 -6.026 2.017 -2.512 -5.962 -9.154 -11.247 2.497 -3.686 -7.502 -9.703 -11.332 -9.321 -9.352 -10.242 -11.281 -12.355 -8.649 -6.146 -8.96 -13.474 -14.534 -15.193 -11.205
5.658042 -7.74 -2.525 3.567 4.652 -0.65 -4.426 -5.61 3.741 -1.163 -4.847 -8.316 -10.574 4.266 -2.398 -6.49 -8.872 -10.647 -9.01 -8.938 -9.631 -10.658 -11.851 -7.794 -5.076 -8.101 -12.995 -14.183 -14.946 -10.855
5.829166 -7.4 -2.185 5.022 6.651 0.941 -3.111 -5.202 5.673 0.344 -3.599 -7.379 -9.818 6.249 -0.953 -5.353 -7.935 -9.875 -8.667 -8.53 -9.021 -9.995 -11.315 -6.835 -3.876 -7.138 -12.451 -13.783 -14.664 -10.482
6.005465 -7.021 -1.806 6.641 8.898 2.73 -1.628 -4.785 7.846 2.033 -2.198 -6.328 -8.968 8.478 0.672 -4.071 -6.878 -9.002 -8.287 -8.113 -8.425 -9.304 -10.752 -5.756 -2.527 -6.054 -11.832 -13.327 -14.34 -10.081
6.187096 -6.597 -1.381 8.452 11.435 4.749 0.049 -4.342 10.298 3.931 -0.621 -5.145 -8.01 10.993 2.506 -2.621 -5.681 -8.014 -7.862 -7.67 -7.85 -8.604 -10.168 -4.539 -1.004 -4.831 -11.127 -12.806 -13.968 -9.642
6.37422 -6.12 -0.904 10.487 14.308 7.036 1.952 -3.856 13.074 6.074 1.159 -3.811 -6.927 13.841 4.585 -0.976 -4.32 -6.892 -7.385 -7.185 -7.281 -7.91 -9.564 -3.159 0.721 -3.446 -10.321 -12.208 -13.54 -9.157
6.567004 -5.581 -0.366 12.786 17.577 9.636 4.119 -3.314 16.231 8.5 3.175 -2.301 -5.699 17.079 6.949 0.898 -2.768 -5.612 -6.847 -6.643 -6.696 -7.225 -8.936 -1.591 2.683 -1.872 -9.396 -11.52 -13.044 -8.614
6.765619 -4.971 0.245 15.397 21.312 12.605 6.597 -2.703 19.834 11.261 5.464 -0.586 -4.304 20.775 9.648 3.041 -0.993 -4.15 -6.236 -6.032 -6.064 -6.531 -8.268 0.201 4.923 -0.076 -8.332 -10.727 -12.471 -8.002
6.97024 -4.275 0.94 18.38 25.597 16.011 9.442 -2.007 23.966 14.414 8.074 1.367 -2.712 25.013 12.745 5.502 1.048 -2.473 -5.541 -5.336 -5.361 -5.795 -7.54 2.257 7.495 1.984 -7.103 -9.809 -11.804 -7.305
7.181051 -3.479 1.737 21.807 30.539 19.937 12.723 -1.21 28.724 18.035 11.06 3.602 -0.891 29.893 16.313 8.341 3.403 -0.543 -4.744 -4.54 -4.562 -4.982 -6.729 4.626 10.459 4.357 -5.678 -8.744 -11.026 -6.508
7.398237 -2.562 2.654 25.77 36.267 24.484 16.525 -0.293 34.232 22.213 14.491 6.168 1.2 35.541 20.445 11.63 6.133 1.687 -3.827 -3.623 -3.644 -4.06 -5.805 7.37 13.894 7.105 -4.018 -7.502 -10.115 -5.591
7.621991 -2.147 3.068 26.303 36.869 25.041 17.052 0.121 34.826 22.755 15.004 6.647 1.66 36.14 20.986 12.138 6.618 2.153 -3.413 -3.208 -3.23 -3.645 -5.391 7.856 14.408 7.591 -3.574 -7.075 -9.7 -5.177
7.852513 -1.731 3.485 26.72 37.286 25.457 17.469 0.538 35.243 23.172 15.42 7.064 2.077 36.557 21.402 12.555 7.035 2.569 -2.996 -2.792 -2.813 -3.228 -4.974 8.273 14.824 8.007 -3.157 -6.658 -9.284 -4.76
8.090007 -1.288 3.927 27.162 37.728 25.9 17.911 0.98 35.685 23.614 15.862 7.506 2.519 36.999 21.845 12.997 7.477 3.011 -2.554 -2.349 -2.371 -2.786 -4.532 8.715 15.266 8.45 -2.715 -6.216 -8.842 -4.318
8.334684 -0.819 4.397 27.631 38.197 26.369 18.381 1.449 36.154 24.083 16.332 7.975 2.988 37.468 22.314 13.466 7.946 3.481 -2.085 -1.88 -1.901 -2.317 -4.063 9.184 15.736 8.919 -2.246 -5.746 -8.372 -3.849
8.586761 -0.321 4.895 28.13 38.696 26.867 18.879 1.947 36.653 24.581 16.83 8.473 3.487 37.967 22.812 13.964 8.444 3.979 -1.587 -1.382 -1.403 -1.819 -3.564 9.682 16.234 9.417 -1.748 -5.248 -7.874 -3.35
8.846461 0.208 5.423 28.658 39.224 27.396 19.408 2.476 37.181 25.11 17.359 9.002 4.015 38.495 23.341 14.493 8.973 4.508 -1.058 -0.853 -0.875 -1.29 -3.036 10.211 16.763 9.946 -1.219 -4.719 -7.345 -2.822
9.114017 0.769 5.985 29.22 39.786 27.957 19.969 3.038 37.743 25.671 17.92 9.564 4.577 39.057 23.902 15.054 9.535 5.069 -0.496 -0.292 -0.313 -0.729 -2.474 10.773 17.324 10.507 -0.658 -4.158 -6.784 -2.26
9.389664 1.365 6.58 29.815 40.381 28.553 20.565 3.633 38.338 26.267 18.516 10.159 5.172 39.652 24.498 15.65 10.13 5.665 0.099 0.304 0.282 -0.133 -1.879 11.368 17.92 11.103 -0.062 -3.562 -6.188 -1.665
9.673648 1.997 7.213 30.448 41.014 29.185 21.197 4.266 38.971 26.899 19.148 10.792 5.805 40.285 25.13 16.282 10.763 6.297 0.732 0.936 0.915 0.499 -1.246 12.001 18.552 11.735 0.57 -2.93 -5.556 -1.032
9.966221 2.668 7.884 31.119 41.685 29.856 21.868 4.937 39.642 27.571 19.819 11.463 6.476 40.956 25.801 16.953 11.434 6.968 1.403 1.607 1.586 1.171 -0.575 12.672 19.223 12.406 1.242 -2.259 -4.885 -0.361
10.267642 3.381 8.596 31.831 42.397 30.569 22.58 5.649 40.354 28.283 20.532 12.175 7.188 41.668 26.514 17.666 12.146 7.68 2.115 2.32 2.298 1.883 0.137 13.384 19.935 13.119 1.954 -1.547 -4.173 0.351
10.57818 4.137 9.352 32.587 43.153 31.325 23.336 6.405 41.11 29.039 21.288 12.931 7.944 42.424 27.27 18.422 12.902 8.436 2.871 3.076 3.054 2.639 0.893 14.14 20.692 13.875 2.71 -0.791 -3.416 1.107
10.89811 4.939 10.155 33.39 43.956 32.127 24.139 7.208 41.913 29.841 22.09 13.734 8.747 43.227 28.072 19.224 13.705 9.239 3.674 3.878 3.857 3.441 1.696 14.943 21.494 14.677 3.512 0.012 -2.614 1.91
11.227716 5.791 11.007 34.241 44.808 32.979 24.991 8.059 42.764 30.693 22.942 14.585 9.598 44.078 28.924 20.076 14.556 10.091 4.525 4.73 4.709 4.293 2.547 15.794 22.346 15.529 4.364 0.864 -1.762 2.761
11.56729 6.695 11.911 35.145 45.712 33.883 25.895 8.963 43.668 31.597 23.846 15.489 10.502 44.982 29.828 20.98 15.46 10.995 5.429 5.634 5.613 5.197 3.451 16.698 23.25 16.433 5.268 1.768 -0.858 3.666
11.917135 7.655 12.87 36.105 46.671 34.843 26.854 9.923 44.628 32.557 24.806 16.449 11.462 45.942 30.788 21.94 16.42 11.954 6.389 6.594 6.572 6.157 4.411 17.658 24.209 17.393 6.228 2.727 0.101 4.625
12.277561 8.673 13.889 37.124 47.69 35.861 27.873 10.941 45.647 33.575 25.824 17.467 12.481 46.961 31.806 22.958 17.438 12.973 7.407 7.612 7.591 7.175 5.43 18.676 25.228 18.411 7.246 3.746 1.12 5.644
12.648887 9.754 14.97 38.205 48.771 36.942 28.954 12.023 46.728 34.656 26.905 18.549 13.562 48.042 32.887 24.039 18.52 14.054 8.489 8.693 8.672 8.256 6.511 19.758 26.309 19.492 8.327 4.827 2.201 6.725
13.031444 10.902 16.117 39.352 49.918 38.09 30.101 13.17 47.875 35.804 28.053 19.696 14.709 49.189 34.035 25.187 19.667 15.201 9.636 9.841 9.819 9.404 7.658 20.905 27.456 20.64 9.475 5.974 3.348 7.872
13.425571 12.119 17.335 40.57 51.136 39.307 31.319 14.388 49.093 37.022 29.27 20.914 15.927 50.407 35.252 26.405 20.885 16.419 10.854 11.059 11.037 10.622 8.876 22.123 28.674 21.858 10.693 7.192 4.566 9.09
13.831619 13.412 18.628 41.863 52.429 40.6 32.612 15.681 50.386 38.314 30.563 22.207 17.22 51.7 36.545 27.697 22.178 17.712 12.147 12.351 12.33 11.914 10.169 23.416 29.967 23.15 11.985 8.485 5.859 10.383
14.249947 14.784 20.0 43.235 53.801 41.972 33.984 17.053 51.758 39.686 31.935 23.579 18.592 53.072 37.917 29.069 23.55 19.084 13.519 13.723 13.702 13.286 11.541 24.788 31.339 24.522 13.357 9.857 7.231 11.755
14.680926 16.24 21.456 44.691 55.257 43.428 35.44 18.509 53.214 41.143 33.391 25.035 20.048 54.528 39.373 30.526 25.006 20.54 14.975 15.18 15.158 14.743 12.997 26.244 32.795 25.979 14.814 11.313 8.687 13.211
15.124941 17.786 23.002 46.237 56.803 44.974 36.986 20.055 54.76 42.688 34.937 26.581 21.594 56.074 40.919 32.071 26.552 22.086 16.521 16.725 16.704 16.288 14.543 27.79 34.341 27.524 16.359 12.859 10.233 14.757
15.582385 19.427 24.642 47.877 58.443 46.615 38.626 21.695 56.4 44.329 36.578 28.221 23.234 57.714 42.56 33.712 28.192 23.727 18.161 18.366 18.344 17.929 16.183 29.43 35.982 29.165 18.0 14.499 11.874 16.397
16.053663 21.168 26.384 49.619 60.185 48.356 40.368 23.437 58.142 46.07 38.319 29.963 24.976 59.456 44.301 35.453 29.934 25.468 19.903 20.107 20.086 19.67 17.925 31.172 37.723 30.906 19.741 16.241 13.615 18.139
16.539195 23.016 28.232 51.467 62.033 50.204 42.216 25.285 59.99 47.919 40.167 31.811 26.824 61.304 46.149 37.302 31.782 27.316 21.751 21.956 21.934 21.519 19.773 33.02 39.571 32.755 21.59 18.089 15.463 19.987
17.039412 24.978 30.194 53.429 63.995 52.166 44.178 27.247 61.952 49.88 42.129 33.773 28.786 63.266 48.111 39.263 33.744 29.278 23.713 23.917 23.896 23.481 21.735 34.982 41.533 34.716 23.552 20.051 17.425 21.949
17.554757 27.06 32.276 55.511 66.077 54.248 46.26 29.329 64.034 51.963 44.211 35.855 30.868 65.348 50.193 41.346 35.826 31.36 25.795 26.0 25.978 25.563 23.817 37.064 43.615 36.799 25.634 22.133 19.507 24.031
18.085689 29.271 34.486 57.721 68.287 56.459 48.47 31.539 66.244 54.173 46.421 38.065 33.078 67.558 52.404 43.556 38.036 33.57 28.005 28.21 28.188 27.773 26.027 39.274 45.825 39.009 27.844 24.343 21.717 26.241
18.632678 31.616 36.832 60.067 70.633 58.804 50.816 33.885 68.59 56.519 48.767 40.411 35.424 69.904 54.749 45.902 40.382 35.916 30.351 30.555 30.534 30.119 28.373 41.62 48.171 41.354 30.19 26.689 24.063 28.587
19.196211 34.106 39.322 62.557 73.123 61.294 53.306 36.375 71.08 59.008 51.257 42.901 37.914 72.394 57.239 48.391 42.872 38.406 32.841 33.045 33.024 32.609 30.863 44.11 50.661 43.844 32.68 29.179 26.553 31.077
19.776787 36.749 41.965 65.199 75.766 63.937 55.949 39.017 73.722 61.651 53.9 45.543 40.556 75.036 59.882 51.034 45.514 41.049 35.483 35.688 35.667 35.251 33.505 46.752 53.304 46.487 35.322 31.822 29.196 33.719
20.374923 39.554 44.77 68.004 78.571 66.742 58.754 41.822 76.527 64.456 56.705 48.348 43.361 77.841 62.687 53.839 48.319 43.854 38.288 38.493 38.472 38.056 36.31 49.557 56.109 49.292 38.127 34.627 32.001 36.524
20.991149 42.531 47.747 70.982 81.548 69.719 61.731 44.8 79.505 67.433 59.682 51.326 46.339 80.819 65.664 56.816 51.297 46.831 41.266 41.47 41.449 41.033 39.288 52.535 59.086 52.269 41.104 37.604 34.978 39.502
21.626011 45.691 50.907 74.142 84.708 72.879 64.891 47.96 82.665 70.593 62.842 54.486 49.499 83.979 68.824 59.976 54.457 49.991 44.426 44.63 44.609 44.194 42.448 55.695 62.246 55.429 44.265 40.764 38.138 42.662
22.280075 49.045 54.261 77.496 88.062 76.233 68.245 51.314 86.019 73.948 66.196 57.84 52.853 87.333 72.178 63.33 57.811 53.345 47.78 47.984 47.963 47.548 45.802 59.049 65.6 58.783 47.619 44.118 41.492 46.016
22.953921 52.605 57.821 81.056 91.622 79.793 71.805 54.874 89.579 77.508 69.756 61.4 56.413 90.893 75.738 66.891 61.371 56.905 51.34 51.544 51.523 51.108 49.362 62.609 69.16 62.343 51.179 47.678 45.052 49.576
23.648147 56.384 61.6 84.834 95.401 83.572 75.584 58.652 93.357 81.286 73.535 65.178 60.191 94.671 79.517 70.669 65.149 60.684 55.118 55.323 55.302 54.886 53.14 66.387 72.939 66.122 54.957 51.457 48.831 53.354
24.363369 60.395 65.61 88.845 99.411 87.583 79.594 62.663 97.368 85.297 77.546 69.189 64.202 98.682 83.528 74.68 69.16 64.694 59.129 59.334 59.312 58.897 57.151 70.398 76.949 70.133 58.968 55.467 52.841 57.365
25.100222 64.652 69.867 93.102 103.668 91.84 83.851 66.92 101.625 89.554 81.802 73.446 68.459 102.939 87.785 78.937 73.417 68.951 63.386 63.591 63.569 63.154 61.408 74.655 81.206 74.39 63.225 59.724 57.098 61.622
25.859362 69.17 74.385 97.62 108.186 96.358 88.37 71.438 106.143 94.072 86.321 77.964 72.977 107.457 92.303 83.455 77.935 73.47 67.904 68.109 68.087 67.672 65.926 79.173 85.725 78.908 67.743 64.243 61.617 66.14
26.64146 73.966 79.181 102.416 112.982 101.154 93.165 76.234 110.939 98.868 91.117 82.76 77.773 112.253 97.099 88.251 82.731 78.265 72.7 72.905 72.883 72.468 70.722 83.969 90.52 83.704 72.539 69.038 66.412 70.936
27.447213 79.056 84.271 107.506 118.072 106.244 98.256 81.324 116.029 103.958 96.207 87.85 82.863 117.343 102.189 93.341 87.821 83.356 77.79 77.995 77.973 77.558 75.812 89.059 95.611 88.794 77.629 74.128 71.503 76.026
28.277335 84.459 89.674 112.909 123.475 111.647 103.658 86.727 121.432 109.361 101.61 93.253 88.266 122.746 107.592 98.744 93.224 88.758 83.193 83.398 83.376 82.961 81.215 94.462 101.013 94.197 83.032 79.531 76.905 81.429
29.132564 90.193 95.409 118.644 129.21 117.381 109.393 92.462 127.167 115.095 107.344 98.988 94.001 128.481 113.326 104.478 98.959 94.493 88.928 89.132 89.111 88.695 86.95 100.197 106.748 99.931 88.766 85.266 82.64 87.164
30.013659 96.28 101.495 124.73 135.296 123.468 115.479 98.548 133.253 121.182 113.431 105.074 100.087 134.567 119.413 110.565 105.045 100.58 95.014 95.219 95.197 94.782 93.036 106.283 112.835 106.018 94.853 91.352 88.727 93.25
30.921401 102.74 107.956 131.191 141.757 129.928 121.94 105.009 139.714 127.642 119.891 111.535 106.548 141.028 125.873 117.025 111.506 107.04 101.475 101.679 101.658 101.243 99.497 112.744 119.295 112.478 101.313 97.813 95.187 99.711
31.856598 109.597 114.813 138.048 148.614 136.785 128.797 111.866 146.571 134.5 126.748 118.392 113.405 147.885 132.73 123.882 118.363 113.897 108.332 108.536 108.515 108.1 106.354 119.601 126.152 119.335 108.171 104.67 102.044 106.568
32.820079 116.875 122.091 145.326 155.892 144.063 136.075 119.144 153.849 141.778 134.026 125.67 120.683 155.163 140.008 131.161 125.641 121.175 115.61 115.815 115.793 115.378 113.632 126.879 133.43 126.614 115.449 111.948 109.322 113.846
33.8127 124.6 129.816 153.051 163.617 151.788 143.8 126.869 161.574 149.503 141.751 133.395 128.408 162.888 147.733 138.886 133.366 128.9 123.335 123.54 123.518 123.103 121.357 134.604 141.155 134.339 123.174 119.673 117.047 121.571
34.835342 132.8 138.015 161.25 171.816 159.988 151.999 135.068 169.773 157.702 149.951 141.594 136.607 171.087 155.933 147.085 141.565 137.1 131.534 131.739 131.717 131.302 129.556 142.803 149.355 142.538 131.373 127.872 125.247 129.77
35.888913 141.503 146.718 169.953 180.519 168.691 160.702 143.771 178.476 166.405 158.654 150.297 145.31 179.79 164.636 155.788 150.268 145.802 140.237 140.442 140.42 140.005 138.259 151.506 158.058 151.241 140.076 136.575 133.949 138.473
