web/models/kne.last_good/kappa_0.5_3.0.v1/33/villar_0.0148_0.2493_3.0000.dat
# %ECSV 1.0
# ---
# datatype:
# - {name: time, datatype: float64}
# - {name: swift_uvot_uvw2, datatype: float64}
# - {name: swift_uvot_uvm2, datatype: float64}
# - {name: swift_uvot_uvw1, datatype: float64}
# - {name: swift_uvot_U, datatype: float64}
# - {name: swift_uvot_B, datatype: float64}
# - {name: swift_uvot_V, datatype: float64}
# - {name: swift_uvot_W, datatype: float64}
# - {name: johnson_U, datatype: float64}
# - {name: johnson_B, datatype: float64}
# - {name: johnson_V, datatype: float64}
# - {name: johnson_R, datatype: float64}
# - {name: johnson_I, datatype: float64}
# - {name: sdss_u, datatype: float64}
# - {name: sdss_g, datatype: float64}
# - {name: sdss_r, datatype: float64}
# - {name: sdss_i, datatype: float64}
# - {name: sdss_z, datatype: float64}
# - {name: PS1_g, datatype: float64}
# - {name: PS1_r, datatype: float64}
# - {name: PS1_i, datatype: float64}
# - {name: PS1_z, datatype: float64}
# - {name: PS1_Y, datatype: float64}
# - {name: PS1_w, datatype: float64}
# - {name: ATLAS_c, datatype: float64}
# - {name: ATLAS_o, datatype: float64}
# - {name: ukirt_J, datatype: float64}
# - {name: ukirt_H, datatype: float64}
# - {name: ukirt_K, datatype: float64}
# - {name: Clear, datatype: float64}
# meta: !!omap
# - comment: [kappa = 3.0, type = villar, mass = 0.014775890654408853, velocity = 0.24933333333333335, theta_obs = 0.0]
# schema: astropy-2.0
time swift_uvot_uvw2 swift_uvot_uvm2 swift_uvot_uvw1 swift_uvot_U swift_uvot_B swift_uvot_V swift_uvot_W johnson_U johnson_B johnson_V johnson_R johnson_I sdss_u sdss_g sdss_r sdss_i sdss_z PS1_g PS1_r PS1_i PS1_z PS1_Y PS1_w ATLAS_c ATLAS_o ukirt_J ukirt_H ukirt_K Clear
[from data line 215]
0.605549 -9.656 -9.735 -10.944 -12.463 -13.323 -13.863 -12.396 -12.624 -13.334 -13.875 -14.155 -14.27 -12.581 -13.536 -14.06 -14.233 -14.28 -13.633 -14.073 -14.246 -14.295 -14.326 -14.006 -13.794 -14.142 -14.151 -13.897 -13.502 -13.964
0.623863 -9.615 -9.663 -10.897 -12.436 -13.314 -13.868 -12.385 -12.6 -13.326 -13.88 -14.172 -14.295 -12.556 -13.532 -14.072 -14.253 -14.306 -13.632 -14.085 -14.266 -14.321 -14.355 -14.018 -13.798 -14.157 -14.186 -13.937 -13.546 -13.976
0.642731 -9.575 -9.589 -10.849 -12.407 -13.303 -13.872 -12.373 -12.574 -13.315 -13.884 -14.187 -14.32 -12.529 -13.527 -14.082 -14.272 -14.332 -13.629 -14.096 -14.286 -14.345 -14.383 -14.029 -13.801 -14.172 -14.221 -13.976 -13.589 -13.987
0.66217 -9.534 -9.512 -10.799 -12.376 -13.291 -13.874 -12.36 -12.546 -13.304 -13.888 -14.202 -14.344 -12.5 -13.521 -14.092 -14.291 -14.357 -13.625 -14.106 -14.305 -14.369 -14.41 -14.04 -13.803 -14.186 -14.255 -14.015 -13.632 -13.998
0.682197 -9.494 -9.433 -10.746 -12.343 -13.278 -13.875 -12.346 -12.517 -13.291 -13.889 -14.216 -14.367 -12.469 -13.513 -14.1 -14.308 -14.381 -13.621 -14.115 -14.323 -14.392 -14.437 -14.049 -13.803 -14.199 -14.289 -14.053 -13.674 -14.008
0.70283 -9.454 -9.351 -10.693 -12.309 -13.263 -13.876 -12.331 -12.486 -13.277 -13.89 -14.228 -14.389 -12.437 -13.504 -14.108 -14.325 -14.405 -13.614 -14.123 -14.34 -14.415 -14.463 -14.058 -13.803 -14.211 -14.322 -14.092 -13.717 -14.016
0.724086 -9.415 -9.266 -10.637 -12.272 -13.246 -13.874 -12.314 -12.453 -13.261 -13.89 -14.24 -14.411 -12.403 -13.494 -14.114 -14.341 -14.427 -13.607 -14.13 -14.356 -14.437 -14.488 -14.065 -13.801 -14.222 -14.354 -14.129 -13.758 -14.024
0.745986 -9.376 -9.178 -10.579 -12.234 -13.228 -13.872 -12.297 -12.418 -13.243 -13.888 -14.251 -14.432 -12.366 -13.482 -14.12 -14.356 -14.449 -13.598 -14.135 -14.371 -14.458 -14.513 -14.072 -13.798 -14.232 -14.386 -14.167 -13.8 -14.031
0.768548 -9.338 -9.088 -10.519 -12.193 -13.208 -13.868 -12.278 -12.381 -13.224 -13.885 -14.261 -14.452 -12.328 -13.469 -14.124 -14.37 -14.471 -13.588 -14.14 -14.385 -14.478 -14.537 -14.077 -13.794 -14.241 -14.418 -14.204 -13.841 -14.037
0.791792 -9.301 -8.994 -10.456 -12.151 -13.187 -13.863 -12.257 -12.342 -13.203 -13.88 -14.27 -14.471 -12.287 -13.454 -14.127 -14.383 -14.491 -13.576 -14.143 -14.399 -14.497 -14.56 -14.081 -13.788 -14.249 -14.449 -14.24 -13.882 -14.042
0.815739 -9.264 -8.898 -10.392 -12.106 -13.163 -13.856 -12.235 -12.301 -13.181 -13.874 -14.277 -14.489 -12.245 -13.437 -14.128 -14.395 -14.51 -13.562 -14.145 -14.411 -14.516 -14.582 -14.084 -13.781 -14.256 -14.479 -14.276 -13.923 -14.045
0.840411 -9.228 -8.798 -10.325 -12.058 -13.138 -13.848 -12.212 -12.258 -13.156 -13.867 -14.283 -14.506 -12.2 -13.418 -14.128 -14.405 -14.529 -13.547 -14.146 -14.422 -14.533 -14.604 -14.086 -13.772 -14.262 -14.509 -14.312 -13.963 -14.048
0.865828 -9.194 -8.694 -10.256 -12.008 -13.111 -13.838 -12.188 -12.212 -13.13 -13.858 -14.289 -14.523 -12.152 -13.398 -14.127 -14.415 -14.547 -13.531 -14.145 -14.432 -14.55 -14.625 -14.087 -13.762 -14.266 -14.538 -14.347 -14.003 -14.05
0.892015 -9.16 -8.587 -10.184 -11.956 -13.081 -13.826 -12.161 -12.163 -13.101 -13.847 -14.293 -14.538 -12.102 -13.376 -14.125 -14.424 -14.563 -13.512 -14.143 -14.441 -14.565 -14.645 -14.086 -13.75 -14.269 -14.566 -14.381 -14.042 -14.05
0.918993 -9.128 -8.476 -10.11 -11.901 -13.05 -13.813 -12.133 -12.113 -13.07 -13.835 -14.295 -14.552 -12.049 -13.352 -14.12 -14.431 -14.579 -13.492 -14.14 -14.448 -14.579 -14.663 -14.084 -13.736 -14.271 -14.593 -14.415 -14.081 -14.049
0.946787 -9.097 -8.362 -10.033 -11.843 -13.016 -13.798 -12.104 -12.059 -13.037 -13.82 -14.296 -14.566 -11.994 -13.326 -14.115 -14.437 -14.593 -13.47 -14.135 -14.455 -14.593 -14.681 -14.08 -13.721 -14.271 -14.62 -14.449 -14.12 -14.047
0.975422 -9.067 -8.243 -9.953 -11.782 -12.98 -13.781 -12.072 -12.002 -13.002 -13.804 -14.296 -14.577 -11.935 -13.297 -14.107 -14.441 -14.607 -13.445 -14.128 -14.46 -14.605 -14.698 -14.075 -13.704 -14.269 -14.646 -14.481 -14.158 -14.043
1.004923 -9.039 -8.12 -9.871 -11.718 -12.941 -13.762 -12.039 -11.943 -12.965 -13.786 -14.294 -14.588 -11.874 -13.267 -14.098 -14.444 -14.619 -13.419 -14.119 -14.463 -14.616 -14.714 -14.069 -13.685 -14.267 -14.671 -14.513 -14.195 -14.038
1.035317 -9.012 -7.993 -9.785 -11.651 -12.9 -13.74 -12.003 -11.88 -12.924 -13.766 -14.29 -14.598 -11.809 -13.234 -14.087 -14.446 -14.63 -13.39 -14.109 -14.465 -14.625 -14.729 -14.06 -13.664 -14.262 -14.695 -14.545 -14.232 -14.032
1.066629 -8.986 -7.861 -9.696 -11.58 -12.856 -13.717 -11.966 -11.814 -12.881 -13.743 -14.285 -14.606 -11.741 -13.198 -14.074 -14.445 -14.639 -13.36 -14.097 -14.466 -14.633 -14.742 -14.05 -13.64 -14.256 -14.719 -14.575 -14.269 -14.024
1.098888 -8.962 -7.725 -9.604 -11.506 -12.809 -13.691 -11.926 -11.745 -12.836 -13.719 -14.278 -14.612 -11.669 -13.16 -14.059 -14.444 -14.647 -13.326 -14.082 -14.464 -14.64 -14.754 -14.038 -13.615 -14.248 -14.741 -14.605 -14.305 -14.014
1.132124 -8.939 -7.584 -9.509 -11.428 -12.759 -13.663 -11.884 -11.672 -12.787 -13.692 -14.269 -14.618 -11.594 -13.119 -14.042 -14.44 -14.654 -13.291 -14.066 -14.461 -14.645 -14.765 -14.025 -13.587 -14.238 -14.762 -14.634 -14.34 -14.003
1.166364 -8.917 -7.438 -9.41 -11.346 -12.706 -13.632 -11.84 -11.595 -12.735 -13.662 -14.258 -14.621 -11.515 -13.075 -14.022 -14.435 -14.659 -13.252 -14.048 -14.457 -14.649 -14.774 -14.009 -13.556 -14.226 -14.782 -14.662 -14.375 -13.989
1.20164 -8.897 -7.286 -9.307 -11.26 -12.65 -13.598 -11.793 -11.514 -12.68 -13.63 -14.246 -14.623 -11.431 -13.028 -14.0 -14.427 -14.663 -13.211 -14.027 -14.45 -14.651 -14.782 -13.991 -13.523 -14.212 -14.801 -14.69 -14.408 -13.974
1.237983 -8.878 -7.13 -9.201 -11.169 -12.59 -13.562 -11.743 -11.429 -12.622 -13.594 -14.23 -14.623 -11.344 -12.978 -13.976 -14.418 -14.664 -13.167 -14.003 -14.441 -14.651 -14.789 -13.971 -13.488 -14.195 -14.819 -14.716 -14.442 -13.958
1.275425 -8.86 -6.968 -9.09 -11.074 -12.526 -13.522 -11.691 -11.34 -12.559 -13.556 -14.213 -14.622 -11.252 -12.925 -13.949 -14.406 -14.664 -13.12 -13.978 -14.43 -14.649 -14.793 -13.948 -13.449 -14.177 -14.835 -14.742 -14.474 -13.939
1.313999 -8.843 -6.8 -8.975 -10.974 -12.458 -13.479 -11.636 -11.245 -12.493 -13.515 -14.193 -14.618 -11.154 -12.867 -13.919 -14.392 -14.662 -13.069 -13.949 -14.417 -14.646 -14.796 -13.923 -13.407 -14.156 -14.85 -14.766 -14.506 -13.917
1.35374 -8.827 -6.627 -8.856 -10.869 -12.387 -13.433 -11.577 -11.146 -12.423 -13.47 -14.171 -14.612 -11.052 -12.806 -13.886 -14.376 -14.658 -13.016 -13.917 -14.401 -14.64 -14.797 -13.895 -13.362 -14.132 -14.864 -14.789 -14.537 -13.894
1.394683 -8.811 -6.448 -8.733 -10.759 -12.31 -13.384 -11.516 -11.042 -12.349 -13.422 -14.145 -14.604 -10.945 -12.742 -13.85 -14.357 -14.652 -12.959 -13.883 -14.383 -14.632 -14.796 -13.865 -13.314 -14.105 -14.876 -14.811 -14.566 -13.868
1.436864 -8.796 -6.263 -8.604 -10.642 -12.23 -13.33 -11.45 -10.931 -12.27 -13.37 -14.117 -14.594 -10.831 -12.672 -13.811 -14.335 -14.644 -12.898 -13.845 -14.362 -14.622 -14.793 -13.832 -13.262 -14.076 -14.887 -14.832 -14.595 -13.84
1.480321 -8.782 -6.073 -8.471 -10.52 -12.144 -13.272 -11.382 -10.815 -12.186 -13.315 -14.086 -14.581 -10.712 -12.599 -13.768 -14.31 -14.633 -12.833 -13.804 -14.338 -14.609 -14.788 -13.795 -13.206 -14.043 -14.895 -14.851 -14.623 -13.809
1.525092 -8.768 -5.878 -8.332 -10.391 -12.053 -13.21 -11.309 -10.693 -12.097 -13.254 -14.051 -14.566 -10.586 -12.52 -13.721 -14.283 -14.619 -12.764 -13.759 -14.311 -14.593 -14.781 -13.755 -13.146 -14.007 -14.902 -14.87 -14.65 -13.775
1.571218 -8.754 -5.679 -8.187 -10.255 -11.956 -13.144 -11.232 -10.564 -12.003 -13.19 -14.013 -14.548 -10.453 -12.436 -13.671 -14.251 -14.603 -12.69 -13.71 -14.281 -14.575 -14.771 -13.712 -13.081 -13.967 -14.907 -14.886 -14.676 -13.739
1.618738 -8.739 -5.476 -8.037 -10.111 -11.854 -13.072 -11.151 -10.428 -11.902 -13.121 -13.972 -14.527 -10.313 -12.347 -13.616 -14.217 -14.583 -12.613 -13.658 -14.248 -14.553 -14.758 -13.665 -13.012 -13.924 -14.91 -14.901 -14.701 -13.699
1.667696 -8.725 -5.27 -7.881 -9.96 -11.745 -12.996 -11.065 -10.284 -11.796 -13.046 -13.926 -14.503 -10.166 -12.252 -13.556 -14.178 -14.561 -12.53 -13.6 -14.21 -14.529 -14.743 -13.614 -12.939 -13.877 -14.911 -14.914 -14.724 -13.656
1.718134 -8.709 -5.063 -7.718 -9.8 -11.629 -12.914 -10.974 -10.132 -11.683 -12.967 -13.876 -14.475 -10.01 -12.151 -13.492 -14.136 -14.535 -12.442 -13.539 -14.169 -14.501 -14.724 -13.558 -12.86 -13.825 -14.909 -14.926 -14.746 -13.61
1.770098 -8.693 -4.857 -7.549 -9.632 -11.506 -12.826 -10.878 -9.971 -11.563 -12.881 -13.822 -14.444 -9.845 -12.044 -13.423 -14.089 -14.506 -12.349 -13.472 -14.124 -14.469 -14.703 -13.499 -12.775 -13.769 -14.905 -14.935 -14.766 -13.56
1.823633 -8.676 -4.654 -7.372 -9.454 -11.376 -12.731 -10.777 -9.802 -11.435 -12.789 -13.763 -14.408 -9.67 -11.929 -13.348 -14.038 -14.473 -12.251 -13.4 -14.074 -14.434 -14.678 -13.434 -12.684 -13.708 -14.898 -14.943 -14.785 -13.507
1.878788 -8.658 -4.456 -7.187 -9.265 -11.237 -12.63 -10.669 -9.622 -11.3 -12.691 -13.699 -14.369 -9.486 -11.807 -13.267 -13.982 -14.436 -12.147 -13.322 -14.019 -14.394 -14.649 -13.364 -12.587 -13.642 -14.888 -14.948 -14.802 -13.449
1.93561 -8.639 -4.267 -6.995 -9.066 -11.089 -12.521 -10.556 -9.432 -11.156 -12.586 -13.629 -14.325 -9.29 -11.677 -13.18 -13.921 -14.394 -12.037 -13.239 -13.96 -14.35 -14.616 -13.289 -12.484 -13.57 -14.875 -14.951 -14.818 -13.387
1.994152 -8.617 -4.089 -6.794 -8.855 -10.932 -12.405 -10.435 -9.23 -11.003 -12.473 -13.553 -14.277 -9.083 -11.538 -13.086 -13.854 -14.348 -11.921 -13.149 -13.894 -14.301 -14.579 -13.208 -12.372 -13.493 -14.858 -14.951 -14.831 -13.321
2.054463 -8.594 -3.924 -6.584 -8.631 -10.765 -12.28 -10.308 -9.016 -10.839 -12.351 -13.472 -14.224 -8.864 -11.39 -12.984 -13.78 -14.296 -11.798 -13.052 -13.823 -14.246 -14.538 -13.12 -12.253 -13.409 -14.838 -14.949 -14.843 -13.25
2.116599 -8.569 -3.776 -6.364 -8.394 -10.587 -12.147 -10.173 -8.789 -10.666 -12.222 -13.383 -14.165 -8.631 -11.232 -12.875 -13.701 -14.24 -11.669 -12.948 -13.746 -14.186 -14.491 -13.026 -12.126 -13.318 -14.814 -14.943 -14.852 -13.174
2.180614 -8.541 -3.644 -6.134 -8.142 -10.397 -12.003 -10.03 -8.548 -10.481 -12.082 -13.287 -14.1 -8.383 -11.063 -12.757 -13.614 -14.177 -11.533 -12.836 -13.661 -14.121 -14.44 -12.924 -11.99 -13.219 -14.786 -14.935 -14.859 -13.093
2.246566 -8.51 -3.529 -5.892 -7.875 -10.195 -11.849 -9.878 -8.292 -10.283 -11.933 -13.183 -14.028 -8.12 -10.883 -12.63 -13.52 -14.108 -11.391 -12.716 -13.569 -14.048 -14.383 -12.815 -11.844 -13.113 -14.754 -14.923 -14.863 -13.007
2.314511 -8.477 -3.428 -5.639 -7.59 -9.978 -11.684 -9.718 -8.019 -10.073 -11.772 -13.071 -13.95 -7.84 -10.69 -12.494 -13.417 -14.032 -11.242 -12.587 -13.47 -13.969 -14.319 -12.697 -11.687 -12.998 -14.716 -14.907 -14.864 -12.915
2.384512 -8.44 -3.34 -5.373 -7.288 -9.747 -11.507 -9.547 -7.729 -9.848 -11.6 -12.95 -13.865 -7.542 -10.484 -12.346 -13.306 -13.949 -11.087 -12.448 -13.362 -13.882 -14.25 -12.57 -11.519 -12.874 -14.674 -14.887 -14.863 -12.816
2.45663 -8.4 -3.262 -5.093 -6.965 -9.5 -11.316 -9.367 -7.419 -9.607 -11.415 -12.819 -13.771 -7.224 -10.263 -12.187 -13.185 -13.857 -10.925 -12.299 -13.244 -13.787 -14.173 -12.433 -11.339 -12.74 -14.625 -14.863 -14.858 -12.712
2.530929 -8.356 -3.19 -4.799 -6.621 -9.236 -11.111 -9.175 -7.089 -9.351 -11.216 -12.677 -13.669 -6.885 -10.027 -12.016 -13.054 -13.757 -10.759 -12.14 -13.117 -13.683 -14.089 -12.285 -11.146 -12.595 -14.57 -14.834 -14.85 -12.602
2.607475 -8.307 -3.123 -4.488 -6.254 -8.953 -10.891 -8.972 -6.736 -9.076 -11.002 -12.524 -13.558 -6.523 -9.773 -11.831 -12.911 -13.648 -10.587 -11.968 -12.979 -13.57 -13.996 -12.126 -10.938 -12.438 -14.509 -14.801 -14.838 -12.484
2.686337 -8.254 -3.058 -4.16 -5.861 -8.65 -10.653 -8.757 -6.358 -8.781 -10.772 -12.358 -13.436 -6.135 -9.501 -11.631 -12.757 -13.528 -10.412 -11.785 -12.829 -13.446 -13.894 -11.955 -10.715 -12.268 -14.44 -14.761 -14.822 -12.36
2.767583 -8.196 -2.992 -3.812 -5.441 -8.324 -10.397 -8.53 -5.954 -8.465 -10.524 -12.179 -13.303 -5.721 -9.208 -11.415 -12.588 -13.397 -10.234 -11.589 -12.667 -13.311 -13.783 -11.769 -10.475 -12.085 -14.364 -14.716 -14.802 -12.229
2.851287 -8.132 -2.923 -3.444 -4.991 -7.975 -10.121 -8.289 -5.521 -8.126 -10.256 -11.984 -13.158 -5.276 -8.894 -11.182 -12.406 -13.254 -10.055 -11.379 -12.491 -13.164 -13.662 -11.569 -10.217 -11.886 -14.278 -14.664 -14.776 -12.091
2.937522 -8.063 -2.851 -3.053 -4.508 -7.598 -9.823 -8.035 -5.056 -7.762 -9.968 -11.774 -13.0 -4.799 -8.556 -10.929 -12.207 -13.098 -9.876 -11.156 -12.3 -13.004 -13.529 -11.353 -9.938 -11.672 -14.183 -14.604 -14.746 -11.945
3.026365 -7.987 -2.773 -2.638 -3.989 -7.194 -9.501 -7.768 -4.556 -7.37 -9.656 -11.546 -12.827 -4.286 -8.191 -10.656 -11.991 -12.927 -9.699 -10.918 -12.094 -12.829 -13.384 -11.119 -9.638 -11.439 -14.077 -14.537 -14.709 -11.792
3.117896 -7.904 -2.689 -2.195 -3.431 -6.757 -9.153 -7.487 -4.019 -6.948 -9.32 -11.299 -12.639 -3.734 -7.798 -10.359 -11.755 -12.74 -9.525 -10.666 -11.87 -12.638 -13.226 -10.866 -9.313 -11.186 -13.96 -14.461 -14.666 -11.632
3.212194 -7.813 -2.598 -1.722 -2.83 -6.286 -8.775 -7.193 -3.439 -6.494 -8.955 -11.031 -12.433 -3.139 -7.373 -10.038 -11.499 -12.535 -9.354 -10.4 -11.628 -12.43 -13.053 -10.591 -8.963 -10.913 -13.831 -14.376 -14.616 -11.464
3.309345 -7.714 -2.499 -1.217 -2.181 -5.777 -8.366 -6.889 -2.814 -6.003 -8.561 -10.74 -12.209 -2.497 -6.913 -9.688 -11.22 -12.311 -9.187 -10.121 -11.366 -12.203 -12.865 -10.294 -8.583 -10.615 -13.687 -14.279 -14.559 -11.29
3.409434 -7.606 -2.391 -0.675 -1.481 -5.226 -7.922 -6.575 -2.138 -5.473 -8.133 -10.424 -11.964 -1.803 -6.416 -9.308 -10.915 -12.066 -9.022 -9.83 -11.083 -11.956 -12.661 -9.971 -8.172 -10.292 -13.528 -14.172 -14.492 -11.109
3.51255 -7.488 -2.273 -0.093 -0.722 -4.628 -7.439 -6.255 -1.406 -4.898 -7.668 -10.079 -11.696 -1.052 -5.876 -8.895 -10.582 -11.798 -8.86 -9.531 -10.778 -11.687 -12.438 -9.619 -7.726 -9.94 -13.352 -14.051 -14.417 -10.921
3.618785 -7.359 -2.144 0.532 0.1 -3.98 -6.913 -5.932 -0.613 -4.276 -7.162 -9.704 -11.402 -0.237 -5.289 -8.444 -10.218 -11.503 -8.697 -9.225 -10.45 -11.394 -12.197 -9.237 -7.241 -9.557 -13.157 -13.916 -14.331 -10.726
3.728232 -7.218 -2.003 1.206 0.992 -3.275 -6.339 -5.611 0.25 -3.601 -6.612 -9.296 -11.081 0.647 -4.652 -7.952 -9.82 -11.18 -8.531 -8.918 -10.098 -11.075 -11.936 -8.82 -6.714 -9.138 -12.941 -13.766 -14.233 -10.524
3.84099 -7.064 -1.849 1.934 1.964 -2.507 -5.713 -5.296 1.188 -2.866 -6.012 -8.849 -10.729 1.611 -3.956 -7.414 -9.383 -10.824 -8.359 -8.612 -9.723 -10.729 -11.654 -8.365 -6.139 -8.682 -12.701 -13.598 -14.122 -10.315
3.957158 -6.895 -1.68 2.721 3.023 -1.668 -5.027 -4.99 2.211 -2.066 -5.357 -8.361 -10.342 2.661 -3.197 -6.824 -8.903 -10.433 -8.178 -8.312 -9.327 -10.355 -11.349 -7.868 -5.511 -8.182 -12.436 -13.41 -13.997 -10.097
4.07684 -6.71 -1.495 3.575 4.18 -0.752 -4.276 -4.693 3.329 -1.193 -4.64 -7.827 -9.918 3.808 -2.367 -6.178 -8.376 -10.002 -7.986 -8.018 -8.912 -9.951 -11.023 -7.323 -4.823 -7.634 -12.141 -13.2 -13.856 -9.871
4.200141 -6.507 -1.292 4.503 5.446 0.253 -3.451 -4.404 4.553 -0.239 -3.854 -7.241 -9.45 5.065 -1.457 -5.467 -7.795 -9.527 -7.778 -7.731 -8.483 -9.517 -10.675 -6.724 -4.07 -7.033 -11.814 -12.965 -13.697 -9.633
4.327172 -6.284 -1.069 5.514 6.836 1.355 -2.542 -4.119 5.896 0.806 -2.992 -6.598 -8.936 6.443 -0.457 -4.685 -7.155 -9.002 -7.553 -7.446 -8.047 -9.056 -10.305 -6.066 -3.243 -6.372 -11.45 -12.702 -13.517 -9.382
4.458044 -6.039 -0.823 6.618 8.365 2.569 -1.541 -3.831 7.374 1.953 -2.044 -5.891 -8.368 7.96 0.644 -3.822 -6.446 -8.42 -7.306 -7.159 -7.611 -8.57 -9.915 -5.341 -2.331 -5.643 -11.044 -12.408 -13.314 -9.115
4.592874 -5.863 -0.647 6.875 8.663 2.837 -1.293 -3.652 7.666 2.215 -1.801 -5.671 -8.161 8.256 0.901 -3.587 -6.226 -8.212 -7.129 -6.98 -7.42 -8.372 -9.727 -5.12 -2.092 -5.421 -10.853 -12.227 -13.141 -8.938
