web/models/kne.last_good/kappa_0.5_3.0.v1/33/villar_0.0015_0.3433_3.0000.dat
# %ECSV 1.0
# ---
# datatype:
# - {name: time, datatype: float64}
# - {name: swift_uvot_uvw2, datatype: float64}
# - {name: swift_uvot_uvm2, datatype: float64}
# - {name: swift_uvot_uvw1, datatype: float64}
# - {name: swift_uvot_U, datatype: float64}
# - {name: swift_uvot_B, datatype: float64}
# - {name: swift_uvot_V, datatype: float64}
# - {name: swift_uvot_W, datatype: float64}
# - {name: johnson_U, datatype: float64}
# - {name: johnson_B, datatype: float64}
# - {name: johnson_V, datatype: float64}
# - {name: johnson_R, datatype: float64}
# - {name: johnson_I, datatype: float64}
# - {name: sdss_u, datatype: float64}
# - {name: sdss_g, datatype: float64}
# - {name: sdss_r, datatype: float64}
# - {name: sdss_i, datatype: float64}
# - {name: sdss_z, datatype: float64}
# - {name: PS1_g, datatype: float64}
# - {name: PS1_r, datatype: float64}
# - {name: PS1_i, datatype: float64}
# - {name: PS1_z, datatype: float64}
# - {name: PS1_Y, datatype: float64}
# - {name: PS1_w, datatype: float64}
# - {name: ATLAS_c, datatype: float64}
# - {name: ATLAS_o, datatype: float64}
# - {name: ukirt_J, datatype: float64}
# - {name: ukirt_H, datatype: float64}
# - {name: ukirt_K, datatype: float64}
# - {name: Clear, datatype: float64}
# meta: !!omap
# - comment: [kappa = 3.0, type = villar, mass = 0.001513321957917195, velocity = 0.3433333333333334, theta_obs = 0.0]
# schema: astropy-2.0
time swift_uvot_uvw2 swift_uvot_uvm2 swift_uvot_uvw1 swift_uvot_U swift_uvot_B swift_uvot_V swift_uvot_W johnson_U johnson_B johnson_V johnson_R johnson_I sdss_u sdss_g sdss_r sdss_i sdss_z PS1_g PS1_r PS1_i PS1_z PS1_Y PS1_w ATLAS_c ATLAS_o ukirt_J ukirt_H ukirt_K Clear
[from data line 218]
0.66217 -6.34 -1.235 -3.245 -5.154 -7.623 -9.389 -7.431 -5.597 -7.724 -9.483 -10.839 -11.759 -5.409 -8.363 -10.232 -11.197 -11.843 -8.972 -10.335 -11.253 -11.776 -12.146 -10.458 -9.403 -10.763 -12.573 -12.789 -12.767 -10.709
0.682197 -6.298 -1.156 -2.959 -4.825 -7.37 -9.194 -7.246 -5.281 -7.478 -9.293 -10.705 -11.662 -5.085 -8.137 -10.069 -11.072 -11.749 -8.808 -10.183 -11.132 -11.678 -12.066 -10.318 -9.218 -10.625 -12.522 -12.764 -12.761 -10.602
0.70283 -6.252 -1.084 -2.658 -4.473 -7.1 -8.984 -7.05 -4.943 -7.215 -9.089 -10.559 -11.557 -4.738 -7.894 -9.893 -10.937 -11.645 -8.638 -10.019 -11.001 -11.571 -11.979 -10.166 -9.02 -10.476 -12.465 -12.733 -12.752 -10.488
0.724086 -6.202 -1.016 -2.341 -4.097 -6.81 -8.757 -6.842 -4.581 -6.934 -8.87 -10.401 -11.442 -4.367 -7.634 -9.703 -10.791 -11.532 -8.463 -9.843 -10.859 -11.454 -11.883 -10.003 -8.807 -10.315 -12.401 -12.697 -12.739 -10.368
0.745986 -6.146 -0.948 -2.005 -3.695 -6.499 -8.513 -6.622 -4.194 -6.631 -8.633 -10.231 -11.316 -3.97 -7.355 -9.498 -10.631 -11.409 -8.284 -9.655 -10.705 -11.326 -11.778 -9.826 -8.578 -10.14 -12.33 -12.656 -12.721 -10.24
0.768548 -6.086 -0.88 -1.649 -3.263 -6.164 -8.25 -6.389 -3.78 -6.307 -8.378 -10.046 -11.179 -3.544 -7.055 -9.275 -10.458 -11.273 -8.103 -9.453 -10.537 -11.187 -11.663 -9.635 -8.331 -9.951 -12.25 -12.608 -12.698 -10.106
0.791792 -6.02 -0.81 -1.271 -2.801 -5.805 -7.966 -6.142 -3.334 -5.958 -8.103 -9.845 -11.029 -3.087 -6.731 -9.035 -10.269 -11.125 -7.921 -9.238 -10.356 -11.035 -11.537 -9.429 -8.065 -9.747 -12.161 -12.553 -12.671 -9.963
0.815739 -5.947 -0.734 -0.87 -2.304 -5.418 -7.659 -5.881 -2.856 -5.584 -7.806 -9.628 -10.865 -2.596 -6.383 -8.774 -10.063 -10.963 -7.739 -9.008 -10.159 -10.868 -11.4 -9.206 -7.778 -9.525 -12.062 -12.49 -12.638 -9.814
0.840411 -5.868 -0.654 -0.443 -1.77 -5.0 -7.327 -5.606 -2.342 -5.18 -7.484 -9.393 -10.686 -2.068 -6.007 -8.492 -9.84 -10.786 -7.56 -8.763 -9.945 -10.687 -11.249 -8.964 -7.468 -9.284 -11.951 -12.42 -12.599 -9.656
0.865828 -5.781 -0.566 0.013 -1.195 -4.55 -6.967 -5.318 -1.787 -4.745 -7.136 -9.137 -10.491 -1.499 -5.601 -8.186 -9.596 -10.592 -7.383 -8.504 -9.714 -10.489 -11.085 -8.703 -7.133 -9.023 -11.829 -12.34 -12.553 -9.492
0.892015 -5.687 -0.472 0.5 -0.575 -4.063 -6.576 -5.018 -1.189 -4.276 -6.76 -8.86 -10.278 -0.885 -5.162 -7.853 -9.331 -10.38 -7.21 -8.231 -9.463 -10.274 -10.906 -8.419 -6.771 -8.74 -11.694 -12.25 -12.5 -9.32
0.918993 -5.584 -0.368 1.021 0.095 -3.537 -6.153 -4.706 -0.543 -3.768 -6.351 -8.558 -10.045 -0.222 -4.687 -7.491 -9.041 -10.147 -7.041 -7.944 -9.192 -10.038 -10.711 -8.11 -6.378 -8.432 -11.544 -12.149 -12.439 -9.141
0.946787 -5.471 -0.255 1.581 0.82 -2.967 -5.692 -4.385 0.156 -3.219 -5.908 -8.23 -9.79 0.496 -4.171 -7.097 -8.725 -9.892 -6.874 -7.647 -8.899 -9.782 -10.499 -7.775 -5.952 -8.096 -11.378 -12.036 -12.368 -8.955
0.975422 -5.348 -0.132 2.182 1.606 -2.347 -5.191 -4.059 0.914 -2.624 -5.426 -7.872 -9.511 1.274 -3.612 -6.668 -8.378 -9.613 -6.709 -7.34 -8.583 -9.502 -10.268 -7.411 -5.489 -7.731 -11.194 -11.91 -12.288 -8.761
1.004923 -5.213 0.002 2.829 2.458 -1.675 -4.645 -3.732 1.737 -1.979 -4.901 -7.483 -9.206 2.119 -3.003 -6.199 -8.0 -9.306 -6.543 -7.029 -8.244 -9.198 -10.017 -7.013 -4.986 -7.332 -10.99 -11.768 -12.197 -8.561
1.035317 -5.066 0.15 3.528 3.385 -0.942 -4.048 -3.408 2.632 -1.278 -4.329 -7.057 -8.871 3.038 -2.34 -5.687 -7.585 -8.968 -6.372 -6.718 -7.88 -8.866 -9.746 -6.58 -4.438 -6.897 -10.764 -11.61 -12.094 -8.354
1.066629 -4.905 0.311 4.283 4.395 -0.143 -3.396 -3.091 3.608 -0.514 -3.704 -6.592 -8.503 4.039 -1.617 -5.126 -7.129 -8.597 -6.195 -6.409 -7.493 -8.507 -9.452 -6.106 -3.839 -6.421 -10.513 -11.433 -11.977 -8.139
1.098888 -4.728 0.487 5.101 5.498 0.73 -2.681 -2.783 4.673 0.319 -3.021 -6.084 -8.1 5.133 -0.826 -4.511 -6.628 -8.189 -6.008 -6.107 -7.085 -8.118 -9.137 -5.587 -3.185 -5.9 -10.235 -11.235 -11.845 -7.916
1.132124 -4.535 0.681 5.989 6.704 1.686 -1.897 -2.485 5.839 1.229 -2.273 -5.526 -7.656 6.329 0.04 -3.836 -6.077 -7.738 -5.808 -5.811 -6.659 -7.698 -8.798 -5.017 -2.467 -5.328 -9.925 -11.014 -11.695 -7.683
1.166364 -4.322 0.894 6.956 8.026 2.735 -1.034 -2.194 7.117 2.225 -1.453 -4.914 -7.167 7.641 0.991 -3.093 -5.469 -7.24 -5.592 -5.522 -6.221 -7.249 -8.438 -4.392 -1.68 -4.699 -9.582 -10.766 -11.526 -7.437
1.20164 -4.088 1.128 8.011 9.48 3.889 -0.083 -1.905 8.522 3.317 -0.551 -4.241 -6.627 9.083 2.037 -2.274 -4.797 -6.689 -5.356 -5.233 -5.779 -6.773 -8.056 -3.703 -0.814 -4.007 -9.199 -10.489 -11.336 -7.178
1.237983 -3.858 1.358 8.88 10.667 4.841 0.712 -1.647 9.671 4.219 0.203 -3.666 -6.156 10.261 2.905 -1.582 -4.221 -6.208 -5.125 -4.975 -5.415 -6.368 -7.722 -3.115 -0.087 -3.417 -8.848 -10.222 -11.137 -6.933
1.275425 -3.684 1.531 9.054 10.841 5.015 0.885 -1.474 9.845 4.393 0.377 -3.492 -5.983 10.435 3.079 -1.408 -4.048 -6.034 -4.951 -4.801 -5.241 -6.194 -7.548 -2.941 0.086 -3.243 -8.675 -10.049 -10.963 -6.759
1.313999 -3.5 1.716 9.238 11.026 5.2 1.07 -1.289 10.029 4.578 0.562 -3.308 -5.798 10.619 3.264 -1.224 -3.863 -5.849 -4.766 -4.617 -5.057 -6.009 -7.364 -2.757 0.271 -3.058 -8.49 -9.864 -10.778 -6.574
1.35374 -3.303 1.912 9.435 11.222 5.396 1.266 -1.093 10.226 4.774 0.758 -3.112 -5.602 10.815 3.46 -1.028 -3.667 -5.653 -4.57 -4.421 -4.861 -5.813 -7.167 -2.561 0.467 -2.862 -8.294 -9.668 -10.582 -6.378
1.394683 -3.095 2.12 9.643 11.43 5.604 1.474 -0.885 10.434 4.982 0.966 -2.903 -5.394 11.024 3.668 -0.819 -3.459 -5.445 -4.362 -4.212 -4.652 -5.605 -6.959 -2.353 0.675 -2.654 -8.086 -9.46 -10.374 -6.17
1.436864 -2.874 2.342 9.864 11.651 5.825 1.695 -0.663 10.655 5.203 1.187 -2.682 -5.173 11.245 3.889 -0.598 -3.238 -5.224 -4.141 -3.991 -4.431 -5.384 -6.738 -2.131 0.896 -2.433 -7.864 -9.238 -10.153 -5.949
1.480321 -2.639 2.577 10.099 11.886 6.06 1.93 -0.429 10.89 5.438 1.422 -2.447 -4.938 11.48 4.124 -0.363 -3.003 -4.989 -3.906 -3.756 -4.196 -5.149 -6.503 -1.896 1.131 -2.198 -7.629 -9.004 -9.918 -5.714
1.525092 -2.39 2.826 10.348 12.135 6.309 2.18 -0.179 11.139 5.688 1.672 -2.198 -4.688 11.729 4.374 -0.114 -2.753 -4.739 -3.656 -3.507 -3.947 -4.899 -6.254 -1.647 1.381 -1.948 -7.38 -8.754 -9.668 -5.465
1.571218 -2.125 3.091 10.613 12.4 6.574 2.445 0.086 11.404 5.952 1.936 -1.933 -4.423 11.994 4.638 0.151 -2.488 -4.475 -3.392 -3.242 -3.682 -4.635 -5.989 -1.382 1.645 -1.684 -7.115 -8.489 -9.404 -5.2
1.618738 -1.844 3.372 10.894 12.681 6.855 2.726 0.367 11.685 6.234 2.218 -1.652 -4.142 12.275 4.92 0.432 -2.207 -4.194 -3.11 -2.961 -3.401 -4.354 -5.708 -1.101 1.927 -1.402 -6.834 -8.208 -9.123 -4.919
1.667696 -1.545 3.67 11.193 12.98 7.154 3.024 0.665 11.984 6.532 2.516 -1.353 -3.844 12.574 5.218 0.731 -1.909 -3.895 -2.812 -2.662 -3.102 -4.055 -5.409 -0.803 2.225 -1.104 -6.536 -7.91 -8.824 -4.62
1.718134 -1.228 3.987 11.51 13.297 7.471 3.341 0.982 12.301 6.849 2.833 -1.037 -3.527 12.89 5.535 1.047 -1.592 -3.578 -2.495 -2.346 -2.786 -3.738 -5.092 -0.486 2.542 -0.787 -6.219 -7.593 -8.507 -4.303
1.770098 -0.892 4.324 11.846 13.633 7.807 3.677 1.318 12.637 7.185 3.169 -0.7 -3.191 13.227 5.871 1.384 -1.256 -3.242 -2.159 -2.009 -2.449 -3.402 -4.756 -0.149 2.878 -0.451 -5.883 -7.257 -8.171 -3.967
1.823633 -0.535 4.68 12.203 13.99 8.164 4.034 1.675 12.994 7.542 3.526 -0.343 -2.834 13.584 6.228 1.741 -0.899 -2.885 -1.802 -1.652 -2.092 -3.045 -4.399 0.208 3.235 -0.094 -5.526 -6.9 -7.814 -3.61
1.878788 -0.156 5.059 12.582 14.369 8.543 4.413 2.054 13.373 7.921 3.905 0.036 -2.455 13.963 6.607 2.12 -0.52 -2.506 -1.423 -1.273 -1.713 -2.666 -4.02 0.586 3.614 0.285 -5.147 -6.521 -7.435 -3.231
1.93561 0.246 5.462 12.984 14.771 8.945 4.815 2.457 13.775 8.323 4.307 0.438 -2.053 14.365 7.009 2.522 -0.118 -2.104 -1.021 -0.871 -1.311 -2.264 -3.618 0.989 4.016 0.687 -4.744 -6.118 -7.033 -2.829
1.994152 0.673 5.889 13.411 15.198 9.372 5.242 2.883 14.202 8.75 4.734 0.865 -1.626 14.792 7.436 2.949 0.309 -1.677 -0.594 -0.444 -0.884 -1.837 -3.191 1.416 4.443 1.114 -4.318 -5.692 -6.606 -2.402
2.054463 1.126 6.342 13.864 15.651 9.825 5.695 3.337 14.655 9.203 5.187 1.318 -1.173 15.245 7.889 3.402 0.762 -1.224 -0.141 0.009 -0.431 -1.384 -2.738 1.869 4.896 1.567 -3.864 -5.238 -6.153 -1.949
2.116599 1.607 6.823 14.345 16.132 10.306 6.176 3.817 15.136 9.684 5.668 1.799 -0.692 15.726 8.37 3.883 1.243 -0.743 0.34 0.49 0.05 -0.903 -2.257 2.35 5.377 2.048 -3.383 -4.757 -5.672 -1.468
2.180614 2.117 7.333 14.855 16.643 10.817 6.687 4.328 15.646 10.195 6.179 2.309 -0.181 16.236 8.881 4.393 1.754 -0.232 0.851 1.0 0.56 -0.392 -1.747 2.86 5.888 2.559 -2.873 -4.247 -5.161 -0.957
2.246566 2.659 7.875 15.397 17.184 11.358 7.229 4.87 16.188 10.737 6.721 2.851 0.361 16.778 9.423 4.935 2.296 0.309 1.393 1.542 1.102 0.149 -1.205 3.402 6.43 3.101 -2.331 -3.705 -4.62 -0.416
2.314511 3.234 8.45 15.972 17.76 11.934 7.804 5.445 16.763 11.312 7.296 3.426 0.936 17.353 9.998 5.51 2.871 0.885 1.968 2.117 1.677 0.725 -0.63 3.977 7.005 3.676 -1.756 -3.13 -4.044 0.159
2.384512 3.845 9.06 16.583 18.37 12.544 8.414 6.055 17.374 11.922 7.906 4.037 1.546 17.964 10.608 6.121 3.481 1.495 2.578 2.728 2.288 1.335 -0.019 4.588 7.615 4.286 -1.146 -2.52 -3.434 0.77
2.45663 4.493 9.708 17.231 19.018 13.192 9.062 6.703 18.022 12.57 8.554 4.685 2.194 18.612 11.256 6.769 4.129 2.143 3.226 3.376 2.936 1.983 0.629 5.235 8.263 4.934 -0.498 -1.872 -2.786 1.418
2.530929 5.18 10.396 17.918 19.706 13.88 9.75 7.391 18.709 13.258 9.242 5.372 2.882 19.299 11.944 7.456 4.817 2.831 3.914 4.063 3.623 2.671 1.316 5.923 8.951 5.622 0.19 -1.184 -2.098 2.106
2.607475 5.91 11.126 18.648 20.436 14.609 10.48 8.121 19.439 13.988 9.972 6.102 3.612 20.029 12.674 8.186 5.547 3.561 4.644 4.793 4.353 3.401 2.046 6.653 9.681 6.352 0.92 -0.454 -1.368 2.835
2.686337 6.685 11.901 19.423 21.21 15.384 11.255 8.896 20.214 14.762 10.746 6.877 4.387 20.804 13.448 8.961 6.322 4.335 5.418 5.568 5.128 4.175 2.821 7.428 10.455 7.126 1.695 0.321 -0.594 3.61
2.767583 7.507 12.723 20.245 22.033 16.207 12.077 9.718 21.036 15.585 11.569 7.699 5.209 21.626 14.271 9.783 7.144 5.158 6.241 6.39 5.95 4.998 3.643 8.25 11.278 7.949 2.517 1.143 0.229 4.432
2.851287 8.38 13.596 21.118 22.905 17.079 12.95 10.591 21.909 16.458 12.441 8.572 6.082 22.499 15.143 10.656 8.017 6.03 7.113 7.263 6.823 5.87 4.516 9.123 12.151 8.821 3.39 2.016 1.101 5.305
2.937522 9.307 14.522 22.045 23.832 18.006 13.876 11.517 22.836 17.384 13.368 9.498 7.008 23.425 16.07 11.582 8.943 6.957 8.04 8.189 7.749 6.797 5.443 10.049 13.077 9.748 4.316 2.942 2.028 6.232
3.026365 10.29 15.506 23.028 24.815 18.989 14.859 12.5 23.819 18.367 14.351 10.482 7.991 24.409 17.053 12.566 9.926 7.94 9.023 9.173 8.733 7.78 6.426 11.033 14.06 10.731 5.299 3.925 3.011 7.215
3.117896 11.334 16.549 24.072 25.859 20.033 15.903 13.544 24.863 19.411 15.395 11.525 9.035 25.452 18.097 13.609 10.97 8.984 10.067 10.216 9.776 8.824 7.47 12.076 15.104 11.775 6.343 4.969 4.055 8.259
3.212194 12.441 17.657 25.179 26.966 21.14 17.011 14.652 25.97 20.519 16.502 12.633 10.143 26.56 19.205 14.717 12.078 10.091 11.174 11.324 10.884 9.931 8.577 13.184 16.212 12.883 7.451 6.077 5.162 9.366
3.309345 13.617 18.833 26.355 28.142 22.316 18.186 15.828 27.146 21.694 17.678 13.809 11.318 27.736 20.38 15.893 13.253 11.267 12.35 12.5 12.06 11.107 9.753 14.36 17.387 14.058 8.627 7.253 6.338 10.542
3.409434 14.865 20.081 27.603 29.39 23.564 19.434 17.076 28.394 22.942 18.926 15.057 12.566 28.984 21.628 17.141 14.501 12.515 13.598 13.748 13.308 12.355 11.001 15.608 18.635 15.306 9.875 8.501 7.586 11.79
3.51255 16.19 21.405 28.928 30.715 24.889 20.759 18.4 29.719 24.267 20.251 16.381 13.891 30.308 22.953 18.465 15.826 13.84 14.923 15.072 14.632 13.68 12.326 16.932 19.96 16.631 11.199 9.825 8.911 13.115
3.618785 17.595 22.811 30.333 32.121 26.295 22.165 19.806 31.125 25.673 21.657 17.787 15.297 31.714 24.359 19.871 17.232 15.246 16.329 16.478 16.038 15.086 13.732 18.338 21.366 18.037 12.605 11.231 10.317 14.521
3.728232 19.088 24.303 31.826 33.613 27.787 23.657 21.298 32.617 27.165 23.149 19.28 16.789 33.206 25.851 21.364 18.724 16.738 17.821 17.971 17.531 16.578 15.224 19.83 22.858 19.529 14.097 12.723 11.809 16.013
3.84099 20.672 25.887 33.41 35.197 29.371 25.241 22.882 34.201 28.749 24.733 20.863 18.373 34.79 27.435 22.947 20.308 18.322 19.405 19.554 19.114 18.162 16.808 21.414 24.442 21.113 15.681 14.307 13.393 17.597
3.957158 22.353 27.568 35.091 36.878 31.052 26.922 24.563 35.882 30.43 26.414 22.545 20.054 36.471 29.116 24.629 21.989 20.003 21.086 21.236 20.796 19.843 18.489 23.095 26.123 22.794 17.362 15.988 15.074 19.278
4.07684 24.137 29.353 36.875 38.662 32.836 28.707 26.348 37.666 32.214 28.198 24.329 21.838 38.256 30.9 26.413 23.774 21.787 22.87 23.02 22.58 21.627 20.273 24.88 27.907 24.578 19.147 17.773 16.858 21.062
4.200141 26.031 31.247 38.769 40.556 34.73 30.6 28.242 39.56 34.108 30.092 26.223 23.732 40.15 32.794 28.307 25.667 23.681 24.764 24.914 24.474 23.521 22.167 26.774 29.801 26.472 21.041 19.667 18.752 22.956
4.327172 28.041 33.257 40.779 42.566 36.74 32.611 30.252 41.57 36.119 32.102 28.233 25.743 42.16 34.804 30.317 27.678 25.691 26.774 26.924 26.484 25.531 24.177 28.784 31.812 28.482 23.051 21.677 20.762 24.966
4.458044 30.175 35.39 42.913 44.7 38.874 34.744 32.385 43.704 38.252 34.236 30.367 27.876 44.294 36.938 32.451 29.811 27.825 28.908 29.058 28.618 27.665 26.311 30.918 33.945 30.616 25.184 23.81 22.896 27.1
4.592874 32.44 37.655 45.178 46.965 41.139 37.009 34.65 45.969 40.517 36.501 32.631 30.141 46.558 39.203 34.715 32.076 30.09 31.173 31.322 30.882 29.93 28.576 33.182 36.21 32.881 27.449 26.075 25.161 29.365
4.731783 34.843 40.059 47.581 49.368 43.542 39.413 37.054 48.372 42.921 38.904 35.035 32.545 48.962 41.606 37.119 34.48 32.493 33.576 33.726 33.286 32.333 30.979 35.586 38.614 35.284 29.853 28.479 27.564 31.768
4.874892 37.395 42.61 50.133 51.92 46.094 41.964 39.605 50.924 45.472 41.456 37.586 35.096 51.513 44.158 39.67 37.031 35.045 36.128 36.277 35.837 34.885 33.531 38.137 41.165 37.836 32.404 31.03 30.116 34.32
5.02233 40.103 45.318 52.841 54.628 48.802 44.672 42.313 53.632 48.18 44.164 40.294 37.804 54.221 46.866 42.378 39.739 37.753 38.836 38.985 38.545 37.593 36.239 40.845 43.873 40.544 35.112 33.738 32.824 37.028
5.174227 42.977 48.192 55.715 57.502 51.676 47.546 45.187 56.506 51.054 47.038 43.169 40.678 57.096 49.74 45.253 42.613 40.627 41.71 41.86 41.42 40.467 39.113 43.719 46.747 43.418 37.986 36.612 35.698 39.902
5.330718 46.028 51.243 58.766 60.553 54.727 50.597 48.238 59.557 54.105 50.089 46.219 43.729 60.146 52.791 48.303 45.664 43.678 44.761 44.91 44.47 43.518 42.164 46.77 49.798 46.469 41.037 39.663 38.749 42.953
5.491942 49.266 54.481 62.004 63.791 57.965 53.835 51.476 62.795 57.343 53.327 49.457 46.967 63.384 56.029 51.541 48.902 46.916 47.999 48.148 47.708 46.756 45.402 50.008 53.036 49.707 44.275 42.901 41.987 46.191
5.658042 52.702 57.918 65.44 67.228 61.402 57.272 54.913 66.232 60.78 56.764 52.894 50.404 66.821 59.466 54.978 52.339 50.353 51.436 51.585 51.145 50.193 48.839 53.445 56.473 53.144 47.712 46.338 45.424 49.628
5.829166 56.35 61.566 69.088 70.876 65.05 60.92 58.561 69.879 64.428 60.412 56.542 54.052 70.469 63.114 58.626 55.987 54.001 55.084 55.233 54.793 53.841 52.486 57.093 60.121 56.792 51.36 49.986 49.072 53.276
6.005465 60.222 65.438 72.96 74.748 68.922 64.792 62.433 73.751 68.3 64.284 60.414 57.924 74.341 66.986 62.498 59.859 57.873 58.956 59.105 58.665 57.713 56.358 60.965 63.993 60.664 55.232 53.858 52.944 57.147
6.187096 64.332 69.548 77.07 78.857 73.031 68.901 66.543 77.861 72.409 68.393 64.524 62.033 78.451 71.095 66.608 63.968 61.982 63.065 63.215 62.775 61.822 60.468 65.075 68.102 64.773 59.342 57.968 57.053 61.257
6.37422 68.694 73.91 81.432 83.219 77.393 73.264 70.905 82.223 76.771 72.755 68.886 66.395 82.813 75.457 70.97 68.331 66.344 67.427 67.577 67.137 66.184 64.83 69.437 72.464 69.135 63.704 62.33 61.415 65.619
