web/models/kne.last_good/kappa_0.5_3.0.v1/33/villar_0.5000_0.4373_0.5000.dat
# %ECSV 1.0
# ---
# datatype:
# - {name: time, datatype: float64}
# - {name: swift_uvot_uvw2, datatype: float64}
# - {name: swift_uvot_uvm2, datatype: float64}
# - {name: swift_uvot_uvw1, datatype: float64}
# - {name: swift_uvot_U, datatype: float64}
# - {name: swift_uvot_B, datatype: float64}
# - {name: swift_uvot_V, datatype: float64}
# - {name: swift_uvot_W, datatype: float64}
# - {name: johnson_U, datatype: float64}
# - {name: johnson_B, datatype: float64}
# - {name: johnson_V, datatype: float64}
# - {name: johnson_R, datatype: float64}
# - {name: johnson_I, datatype: float64}
# - {name: sdss_u, datatype: float64}
# - {name: sdss_g, datatype: float64}
# - {name: sdss_r, datatype: float64}
# - {name: sdss_i, datatype: float64}
# - {name: sdss_z, datatype: float64}
# - {name: PS1_g, datatype: float64}
# - {name: PS1_r, datatype: float64}
# - {name: PS1_i, datatype: float64}
# - {name: PS1_z, datatype: float64}
# - {name: PS1_Y, datatype: float64}
# - {name: PS1_w, datatype: float64}
# - {name: ATLAS_c, datatype: float64}
# - {name: ATLAS_o, datatype: float64}
# - {name: ukirt_J, datatype: float64}
# - {name: ukirt_H, datatype: float64}
# - {name: ukirt_K, datatype: float64}
# - {name: Clear, datatype: float64}
# meta: !!omap
# - comment: [kappa = 0.5, type = villar, mass = 0.5000000000045836, velocity = 0.43733333333333335, theta_obs = 0.0]
# schema: astropy-2.0
time swift_uvot_uvw2 swift_uvot_uvm2 swift_uvot_uvw1 swift_uvot_U swift_uvot_B swift_uvot_V swift_uvot_W johnson_U johnson_B johnson_V johnson_R johnson_I sdss_u sdss_g sdss_r sdss_i sdss_z PS1_g PS1_r PS1_i PS1_z PS1_Y PS1_w ATLAS_c ATLAS_o ukirt_J ukirt_H ukirt_K Clear
[from data line 277]
3.84099 -12.169 -9.672 -12.001 -14.037 -15.616 -16.711 -14.834 -14.325 -15.656 -16.751 -17.492 -17.966 -14.225 -16.057 -17.189 -17.709 -18.015 -16.28 -17.223 -17.736 -17.993 -18.163 -17.208 -16.642 -17.451 -18.254 -18.197 -17.958 -17.215
3.957158 -12.126 -9.391 -11.797 -13.847 -15.477 -16.61 -14.717 -14.144 -15.519 -16.652 -17.427 -17.925 -14.04 -15.933 -17.107 -17.653 -17.977 -16.169 -17.144 -17.681 -17.953 -18.133 -17.135 -16.543 -17.384 -18.242 -18.2 -17.973 -17.15
4.07684 -12.083 -9.101 -11.582 -13.645 -15.327 -16.5 -14.593 -13.951 -15.373 -16.545 -17.355 -17.88 -13.843 -15.801 -17.019 -17.59 -17.934 -16.05 -17.058 -17.619 -17.907 -18.099 -17.056 -16.436 -17.31 -18.228 -18.201 -17.986 -17.08
4.200141 -12.04 -8.802 -11.357 -13.43 -15.167 -16.381 -14.461 -13.745 -15.215 -16.429 -17.277 -17.829 -13.632 -15.659 -16.923 -17.521 -17.885 -15.922 -16.964 -17.552 -17.856 -18.059 -16.97 -16.321 -17.229 -18.209 -18.198 -17.997 -17.004
4.327172 -11.997 -8.498 -11.119 -13.199 -14.994 -16.253 -14.32 -13.525 -15.046 -16.304 -17.19 -17.772 -13.406 -15.505 -16.817 -17.444 -17.831 -15.785 -16.862 -17.477 -17.798 -18.014 -16.877 -16.196 -17.141 -18.186 -18.193 -18.005 -16.922
4.458044 -11.952 -8.191 -10.869 -12.952 -14.808 -16.114 -14.169 -13.289 -14.864 -16.168 -17.096 -17.708 -13.164 -15.34 -16.703 -17.361 -17.77 -15.639 -16.751 -17.395 -17.734 -17.964 -16.775 -16.061 -17.044 -18.159 -18.184 -18.01 -16.833
4.592874 -11.905 -7.889 -10.606 -12.688 -14.609 -15.963 -14.009 -13.036 -14.668 -16.021 -16.993 -17.638 -12.905 -15.162 -16.579 -17.268 -17.702 -15.483 -16.631 -17.304 -17.663 -17.907 -16.665 -15.916 -16.939 -18.126 -18.171 -18.013 -16.737
4.731783 -11.856 -7.597 -10.329 -12.405 -14.394 -15.799 -13.837 -12.765 -14.458 -15.861 -16.881 -17.56 -12.627 -14.97 -16.443 -17.167 -17.627 -15.316 -16.5 -17.205 -17.584 -17.843 -16.545 -15.758 -16.824 -18.088 -18.154 -18.012 -16.634
4.874892 -11.805 -7.322 -10.037 -12.102 -14.162 -15.622 -13.654 -12.474 -14.231 -15.689 -16.758 -17.473 -12.329 -14.762 -16.296 -17.056 -17.543 -15.138 -16.358 -17.096 -17.497 -17.772 -16.414 -15.588 -16.698 -18.045 -18.132 -18.008 -16.523
5.02233 -11.75 -7.073 -9.729 -11.776 -13.913 -15.431 -13.458 -12.161 -13.987 -15.502 -16.624 -17.378 -12.008 -14.539 -16.136 -16.934 -17.451 -14.948 -16.204 -16.976 -17.4 -17.693 -16.273 -15.404 -16.561 -17.995 -18.106 -18.001 -16.403
5.174227 -11.692 -6.853 -9.403 -11.425 -13.643 -15.222 -13.248 -11.825 -13.724 -15.299 -16.478 -17.272 -11.663 -14.297 -15.961 -16.8 -17.348 -14.747 -16.037 -16.845 -17.294 -17.605 -16.119 -15.205 -16.412 -17.937 -18.074 -17.989 -16.275
5.330718 -11.629 -6.664 -9.059 -11.048 -13.353 -14.996 -13.025 -11.462 -13.44 -15.079 -16.319 -17.156 -11.292 -14.036 -15.771 -16.653 -17.235 -14.535 -15.855 -16.702 -17.176 -17.507 -15.951 -14.989 -16.249 -17.873 -18.037 -17.973 -16.138
5.491942 -11.561 -6.504 -8.695 -10.642 -13.038 -14.751 -12.785 -11.072 -13.133 -14.84 -16.145 -17.028 -10.892 -13.753 -15.564 -16.492 -17.11 -14.311 -15.658 -16.545 -17.047 -17.399 -15.77 -14.755 -16.071 -17.8 -17.993 -17.953 -15.991
5.658042 -11.487 -6.368 -8.308 -10.203 -12.698 -14.484 -12.529 -10.65 -12.802 -14.58 -15.955 -16.887 -10.46 -13.447 -15.338 -16.316 -16.972 -14.077 -15.445 -16.373 -16.904 -17.28 -15.572 -14.501 -15.877 -17.717 -17.942 -17.927 -15.834
5.829166 -11.408 -6.247 -7.898 -9.73 -12.33 -14.194 -12.255 -10.195 -12.443 -14.298 -15.748 -16.732 -9.993 -13.115 -15.092 -16.123 -16.82 -13.834 -15.213 -16.185 -16.747 -17.148 -15.357 -14.226 -15.666 -17.625 -17.884 -17.896 -15.666
6.005465 -11.321 -6.135 -7.461 -9.218 -11.93 -13.878 -11.962 -9.702 -12.054 -13.99 -15.521 -16.562 -9.488 -12.755 -14.823 -15.911 -16.652 -13.583 -14.963 -15.979 -16.574 -17.003 -15.123 -13.927 -15.435 -17.521 -17.817 -17.858 -15.488
6.187096 -11.227 -6.027 -6.995 -8.663 -11.496 -13.533 -11.65 -9.168 -11.632 -13.655 -15.274 -16.374 -8.94 -12.363 -14.53 -15.678 -16.467 -13.327 -14.693 -15.753 -16.383 -16.843 -14.868 -13.602 -15.182 -17.405 -17.741 -17.814 -15.298
6.37422 -11.125 -5.916 -6.498 -8.061 -11.025 -13.157 -11.317 -8.588 -11.174 -13.29 -15.003 -16.167 -8.345 -11.937 -14.208 -15.422 -16.263 -13.07 -14.401 -15.506 -16.174 -16.666 -14.589 -13.248 -14.906 -17.275 -17.654 -17.761 -15.098
6.567004 -11.013 -5.801 -5.964 -7.407 -10.511 -12.745 -10.963 -7.957 -10.676 -12.891 -14.707 -15.939 -7.698 -11.473 -13.857 -15.141 -16.037 -12.814 -14.087 -15.236 -15.943 -16.471 -14.285 -12.863 -14.604 -17.13 -17.556 -17.701 -14.886
6.765619 -10.892 -5.677 -5.391 -6.695 -9.95 -12.295 -10.589 -7.271 -10.133 -12.455 -14.383 -15.688 -6.994 -10.966 -13.471 -14.832 -15.788 -12.564 -13.751 -14.94 -15.688 -16.257 -13.953 -12.442 -14.273 -16.968 -17.445 -17.631 -14.664
6.97024 -10.759 -5.544 -4.774 -5.919 -9.338 -11.802 -10.195 -6.522 -9.541 -11.978 -14.027 -15.411 -6.226 -10.412 -13.048 -14.491 -15.513 -12.32 -13.394 -14.616 -15.408 -16.022 -13.589 -11.981 -13.91 -16.787 -17.32 -17.551 -14.431
7.181051 -10.614 -5.398 -4.109 -5.071 -8.669 -11.26 -9.784 -5.703 -8.895 -11.455 -13.636 -15.106 -5.386 -9.806 -12.583 -14.116 -15.208 -12.085 -13.017 -14.262 -15.1 -15.763 -13.19 -11.477 -13.511 -16.585 -17.179 -17.459 -14.188
7.398237 -10.455 -5.239 -3.388 -4.142 -7.934 -10.664 -9.362 -4.807 -8.188 -10.88 -13.206 -14.769 -4.467 -9.141 -12.071 -13.701 -14.871 -11.856 -12.624 -13.877 -14.761 -15.479 -12.751 -10.925 -13.072 -16.36 -17.02 -17.354 -13.936
7.621991 -10.281 -5.065 -2.605 -3.124 -7.128 -10.008 -8.935 -3.824 -7.413 -10.248 -12.733 -14.396 -3.458 -8.41 -11.506 -13.243 -14.497 -11.632 -12.221 -13.458 -14.387 -15.168 -12.269 -10.318 -12.589 -16.107 -16.841 -17.234 -13.675
7.852513 -10.09 -4.874 -1.754 -2.005 -6.24 -9.283 -8.511 -2.742 -6.561 -9.552 -12.212 -13.983 -2.348 -7.606 -10.882 -12.734 -14.082 -11.406 -11.815 -13.004 -13.977 -14.828 -11.738 -9.65 -12.056 -15.825 -16.639 -17.098 -13.405
8.090007 -9.88 -4.665 -0.825 -0.771 -5.261 -8.482 -8.098 -1.55 -5.624 -8.784 -11.636 -13.525 -1.125 -6.718 -10.191 -12.171 -13.62 -11.174 -11.415 -12.518 -13.527 -14.457 -11.151 -8.913 -11.467 -15.509 -16.412 -16.943 -13.126
8.334684 -9.649 -4.434 0.19 0.592 -4.179 -7.593 -7.702 -0.233 -4.591 -7.934 -10.999 -13.017 0.227 -5.737 -9.425 -11.544 -13.106 -10.93 -11.026 -12.002 -13.035 -14.056 -10.502 -8.098 -10.815 -15.154 -16.156 -16.766 -12.837
8.586761 -9.395 -4.179 1.305 2.101 -2.98 -6.606 -7.324 1.226 -3.449 -6.992 -10.294 -12.452 1.724 -4.649 -8.573 -10.846 -12.532 -10.667 -10.651 -11.464 -12.502 -13.623 -9.782 -7.194 -10.092 -14.756 -15.866 -16.566 -12.534
8.846461 -9.113 -3.898 2.531 3.778 -1.647 -5.506 -6.958 2.847 -2.184 -5.947 -9.51 -11.822 3.387 -3.439 -7.624 -10.066 -11.891 -10.382 -10.285 -10.915 -11.93 -13.162 -8.981 -6.19 -9.287 -14.307 -15.539 -16.338 -12.216
9.114017 -8.801 -3.586 3.884 5.645 -0.161 -4.278 -6.593 4.652 -0.779 -4.783 -8.638 -11.12 5.24 -2.09 -6.563 -9.193 -11.172 -10.068 -9.92 -10.369 -11.325 -12.673 -8.088 -5.072 -8.39 -13.802 -15.169 -16.078 -11.877
9.389664 -8.455 -3.239 5.384 7.732 1.499 -2.903 -6.215 6.67 0.787 -3.485 -7.665 -10.334 7.31 -0.583 -5.375 -8.214 -10.365 -9.721 -9.543 -9.835 -10.698 -12.163 -7.089 -3.821 -7.386 -13.23 -14.749 -15.781 -11.512
9.673648 -8.068 -2.852 7.052 10.072 3.36 -1.357 -5.812 8.931 2.536 -2.033 -6.577 -9.454 9.63 1.108 -4.04 -7.112 -9.456 -9.334 -9.141 -9.315 -10.063 -11.633 -5.969 -2.419 -6.261 -12.583 -14.272 -15.442 -11.113
9.966221 -7.635 -2.42 8.914 12.705 5.453 0.384 -5.372 11.474 4.497 -0.404 -5.358 -8.465 12.239 3.01 -2.535 -5.868 -8.431 -8.901 -8.701 -8.799 -9.432 -11.084 -4.708 -0.841 -4.995 -11.849 -13.728 -15.054 -10.673
10.267642 -7.15 -1.934 11.005 15.678 7.817 2.353 -4.883 14.345 6.703 1.428 -3.987 -7.351 15.184 5.159 -0.833 -4.46 -7.271 -8.415 -8.212 -8.268 -8.807 -10.513 -3.284 0.941 -3.567 -11.012 -13.107 -14.608 -10.183
10.57818 -6.602 -1.387 13.361 19.048 10.496 4.587 -4.334 17.597 9.195 3.494 -2.441 -6.094 18.52 7.594 1.099 -2.86 -5.954 -7.868 -7.664 -7.698 -8.175 -9.908 -1.67 2.962 -1.947 -10.056 -12.396 -14.096 -9.633
10.89811 -5.983 -0.767 16.033 22.885 13.545 7.132 -3.714 21.296 12.02 5.832 -0.691 -4.67 22.314 10.365 3.3 -1.037 -4.455 -7.248 -7.044 -7.069 -7.51 -9.254 0.168 5.262 -0.105 -8.961 -11.58 -13.504 -9.013
11.227716 -5.278 -0.062 19.077 27.271 17.029 10.043 -3.01 25.522 15.237 8.487 1.295 -3.052 26.647 13.532 5.818 1.051 -2.744 -6.544 -6.339 -6.362 -6.785 -8.532 2.269 7.891 1.999 -7.701 -10.64 -12.82 -8.308
11.56729 -4.473 0.743 22.564 32.31 21.029 13.387 -2.205 30.37 18.917 11.514 3.558 -1.209 31.619 17.167 8.71 3.45 -0.782 -5.739 -5.534 -5.556 -5.972 -7.719 4.681 10.912 4.415 -6.247 -9.553 -12.025 -7.503
11.917135 -3.863 1.353 24.588 35.154 23.325 15.337 -1.594 33.111 21.04 13.288 4.932 -0.055 34.425 19.27 10.423 4.903 0.437 -5.128 -4.923 -4.945 -5.36 -7.106 6.141 12.692 5.876 -5.289 -8.79 -11.416 -6.892
12.277561 -3.488 1.727 24.962 35.528 23.7 15.711 -1.22 33.485 21.414 13.663 5.306 0.319 34.799 19.645 10.797 5.277 0.812 -4.754 -4.549 -4.571 -4.986 -6.732 6.515 13.067 6.25 -4.915 -8.416 -11.041 -6.518
12.648887 -3.091 2.125 25.36 35.926 24.097 16.109 -0.823 33.882 21.811 14.06 5.703 0.717 35.196 20.042 11.194 5.674 1.209 -4.357 -4.152 -4.173 -4.589 -6.335 6.912 13.464 6.647 -4.518 -8.018 -10.644 -6.12
13.031444 -2.669 2.546 25.781 36.347 24.519 16.53 -0.401 34.304 22.233 14.482 6.125 1.138 35.618 20.464 11.616 6.096 1.631 -3.935 -3.73 -3.752 -4.167 -5.913 7.334 13.886 7.069 -4.096 -7.597 -10.222 -5.699
13.425571 -2.222 2.994 26.229 36.795 24.966 16.978 0.047 34.752 22.681 14.929 6.573 1.586 36.066 20.911 12.064 6.544 2.078 -3.487 -3.283 -3.304 -3.719 -5.465 7.782 14.333 7.516 -3.648 -7.149 -9.775 -5.251
13.831619 -1.747 3.469 26.704 37.27 25.441 17.453 0.522 35.227 23.156 15.404 7.048 2.061 36.541 21.386 12.539 7.019 2.553 -3.012 -2.807 -2.829 -3.244 -4.99 8.257 14.808 7.992 -3.173 -6.674 -9.3 -4.776
14.249947 -1.242 3.973 27.208 37.774 25.946 17.957 1.026 35.731 23.66 15.909 7.552 2.565 37.045 21.891 13.043 7.523 3.058 -2.508 -2.303 -2.325 -2.74 -4.486 8.761 15.313 8.496 -2.669 -6.17 -8.795 -4.272
14.680926 -0.707 4.509 27.743 38.31 26.481 18.493 1.561 36.266 24.195 16.444 8.087 3.1 37.58 22.426 13.578 8.058 3.593 -1.973 -1.768 -1.789 -2.205 -3.951 9.296 15.848 9.031 -2.134 -5.634 -8.26 -3.737
15.124941 -0.139 5.077 28.312 38.878 27.049 19.061 2.129 36.834 24.763 17.012 8.655 3.669 38.149 22.994 14.146 8.626 4.161 -1.405 -1.2 -1.221 -1.637 -3.383 9.864 16.416 9.599 -1.566 -5.066 -7.692 -3.168
15.582385 0.464 5.68 28.915 39.481 27.652 19.664 2.732 37.437 25.366 17.615 9.258 4.272 38.751 23.597 14.749 9.229 4.764 -0.802 -0.597 -0.618 -1.034 -2.78 10.467 17.019 10.202 -0.963 -4.463 -7.089 -2.565
16.053663 1.104 6.32 29.555 40.121 28.292 20.304 3.372 38.077 26.006 18.255 9.898 4.912 39.392 24.237 15.389 9.869 5.404 -0.162 0.043 0.022 -0.394 -2.139 11.107 17.659 10.842 -0.323 -3.823 -6.449 -1.925
16.539195 1.783 6.999 30.234 40.8 28.971 20.983 4.052 38.757 26.686 18.934 10.578 5.591 40.071 24.916 16.069 10.549 6.083 0.518 0.722 0.701 0.286 -1.46 11.787 18.338 11.521 0.357 -3.144 -5.77 -1.246
17.039412 2.504 7.72 30.955 41.521 29.692 21.704 4.773 39.478 27.407 19.655 11.299 6.312 40.792 25.637 16.79 11.27 6.804 1.239 1.444 1.422 1.007 -0.739 12.508 19.059 12.243 1.078 -2.423 -5.049 -0.525
17.554757 3.27 8.485 31.72 42.286 30.458 22.469 5.538 40.243 28.172 20.421 12.064 7.077 41.557 26.403 17.555 12.035 7.57 2.004 2.209 2.187 1.772 0.026 13.273 19.825 13.008 1.843 -1.658 -4.283 0.24
18.085689 4.082 9.298 32.532 43.099 31.27 23.282 6.35 41.055 28.984 21.233 12.876 7.889 42.369 27.215 18.367 12.847 8.382 2.816 3.021 3.0 2.584 0.838 14.085 20.637 13.82 2.655 -0.845 -3.471 1.053
18.632678 4.944 10.16 33.395 43.961 32.132 24.144 7.213 41.918 29.846 22.095 13.739 8.752 43.232 28.077 19.229 13.71 9.244 3.679 3.883 3.862 3.446 1.701 14.948 21.499 14.682 3.517 0.017 -2.609 1.915
19.196211 5.859 11.075 34.31 44.876 33.047 25.059 8.128 42.833 30.762 23.01 14.654 9.667 44.147 28.992 20.144 14.625 10.159 4.594 4.798 4.777 4.362 2.616 15.863 22.414 15.597 4.433 0.932 -1.694 2.83
19.776787 6.831 12.046 35.281 45.847 34.019 26.03 9.099 43.804 31.733 23.982 15.625 10.638 45.118 29.964 21.116 15.596 11.13 5.565 5.77 5.748 5.333 3.587 16.834 23.385 16.569 5.404 1.903 -0.723 3.801
20.374923 7.862 13.077 36.312 46.878 35.05 27.061 10.13 44.835 32.764 25.012 16.656 11.669 46.149 30.995 22.147 16.627 12.161 6.596 6.801 6.779 6.364 4.618 17.865 24.416 17.6 6.435 2.934 0.308 4.832
20.991149 8.956 14.171 37.406 47.972 36.144 28.155 11.224 45.929 33.858 26.107 17.75 12.763 47.243 32.089 23.241 17.721 13.256 7.69 7.895 7.873 7.458 5.712 18.959 25.511 18.694 7.529 4.028 1.403 5.926
21.626011 10.117 15.333 38.568 49.134 37.305 29.317 12.386 47.091 35.019 27.268 18.912 13.925 48.405 33.25 24.402 18.883 14.417 8.852 9.056 9.035 8.62 6.874 20.121 26.672 19.855 8.691 5.19 2.564 7.088
22.280075 11.35 16.566 39.8 50.367 38.538 30.55 13.618 48.323 36.252 28.501 20.144 15.157 49.637 34.483 25.635 20.115 15.65 10.084 10.289 10.268 9.852 8.106 21.353 27.905 21.088 9.923 6.423 3.797 8.32
22.953921 12.658 17.874 41.109 51.675 39.846 31.858 14.927 49.632 37.561 29.809 21.453 16.466 50.946 35.791 26.944 21.424 16.958 11.393 11.598 11.576 11.161 9.415 22.662 29.213 22.397 11.232 7.731 5.105 9.629
23.648147 14.047 19.263 42.498 53.064 41.235 33.247 16.316 51.021 38.949 31.198 22.842 17.855 52.335 37.18 28.332 22.813 18.347 12.782 12.986 12.965 12.55 10.804 24.051 30.602 23.785 12.621 9.12 6.494 11.018
24.363369 15.521 20.737 43.972 54.538 42.709 34.721 17.79 52.495 40.424 32.672 24.316 19.329 53.809 38.654 29.806 24.287 19.821 14.256 14.46 14.439 14.024 12.278 25.525 32.076 25.259 14.095 10.594 7.968 12.492
25.100222 17.086 22.301 45.536 56.102 44.274 36.286 19.354 54.059 41.988 34.237 25.88 20.893 55.373 40.219 31.371 25.851 21.386 15.82 16.025 16.003 15.588 13.842 27.089 33.641 26.824 15.659 12.159 9.533 14.056
25.859362 18.746 23.962 47.197 57.763 45.934 37.946 21.015 55.72 43.649 35.897 27.541 22.554 57.034 41.879 33.032 27.512 23.046 17.481 17.686 17.664 17.249 15.503 28.75 35.301 28.485 17.32 13.819 11.193 15.717
26.64146 20.509 25.725 48.96 59.526 47.697 39.709 22.778 57.483 45.411 37.66 29.304 24.317 58.797 43.642 34.794 29.275 24.809 19.244 19.448 19.427 19.011 17.266 30.513 37.064 30.247 19.082 15.582 12.956 17.48
27.447213 22.38 27.596 50.83 61.397 49.568 41.58 24.648 59.353 47.282 39.531 31.174 26.187 60.667 45.513 36.665 31.145 26.68 21.114 21.319 21.298 20.882 19.136 32.383 38.935 32.118 20.953 17.453 14.827 19.351
28.277335 24.366 29.581 52.816 63.382 51.554 43.565 26.634 61.339 49.268 41.517 33.16 28.173 62.653 47.499 38.651 33.131 28.666 23.1 23.305 23.283 22.868 21.122 34.369 40.921 34.104 22.939 19.438 16.813 21.336
29.132564 26.473 31.689 54.924 65.49 53.661 45.673 28.742 63.447 51.376 43.624 35.268 30.281 64.761 49.606 40.759 35.239 30.773 25.208 25.413 25.391 24.976 23.23 36.477 43.028 36.211 25.047 21.546 18.92 23.444
30.013659 28.71 33.926 57.161 67.727 55.898 47.91 30.979 65.684 53.613 45.861 37.505 32.518 66.998 51.843 42.996 37.476 33.01 27.445 27.65 27.628 27.213 25.467 38.714 45.265 38.449 27.284 23.783 21.157 25.681
30.921401 31.085 36.301 59.535 70.101 58.273 50.285 33.353 68.058 55.987 48.236 39.879 34.892 69.372 54.218 45.37 39.85 35.385 29.819 30.024 30.003 29.587 27.841 41.088 47.64 40.823 29.658 26.158 23.532 28.055
31.856598 33.605 38.821 62.056 72.622 60.793 52.805 35.874 70.579 58.507 50.756 42.4 37.413 71.893 56.738 47.89 42.371 37.905 32.34 32.544 32.523 32.107 30.362 43.609 50.16 43.343 32.178 28.678 26.052 30.576
32.820079 36.28 41.496 64.731 75.297 63.468 55.48 38.549 73.254 61.182 53.431 45.075 40.088 74.568 59.413 50.565 45.046 40.58 35.015 35.219 35.198 34.782 33.037 46.284 52.835 46.018 34.853 31.353 28.727 33.251
33.8127 39.119 44.335 67.57 78.136 66.307 58.319 41.388 76.093 64.022 56.27 47.914 42.927 77.407 62.252 53.405 47.885 43.419 37.854 38.059 38.037 37.622 35.876 49.123 55.674 48.857 37.693 34.192 31.566 36.09
