web/models/kne.last_good/kappa_0.5_3.0.v1/33/villar_0.2183_0.3277_0.5000.dat
# %ECSV 1.0
# ---
# datatype:
# - {name: time, datatype: float64}
# - {name: swift_uvot_uvw2, datatype: float64}
# - {name: swift_uvot_uvm2, datatype: float64}
# - {name: swift_uvot_uvw1, datatype: float64}
# - {name: swift_uvot_U, datatype: float64}
# - {name: swift_uvot_B, datatype: float64}
# - {name: swift_uvot_V, datatype: float64}
# - {name: swift_uvot_W, datatype: float64}
# - {name: johnson_U, datatype: float64}
# - {name: johnson_B, datatype: float64}
# - {name: johnson_V, datatype: float64}
# - {name: johnson_R, datatype: float64}
# - {name: johnson_I, datatype: float64}
# - {name: sdss_u, datatype: float64}
# - {name: sdss_g, datatype: float64}
# - {name: sdss_r, datatype: float64}
# - {name: sdss_i, datatype: float64}
# - {name: sdss_z, datatype: float64}
# - {name: PS1_g, datatype: float64}
# - {name: PS1_r, datatype: float64}
# - {name: PS1_i, datatype: float64}
# - {name: PS1_z, datatype: float64}
# - {name: PS1_Y, datatype: float64}
# - {name: PS1_w, datatype: float64}
# - {name: ATLAS_c, datatype: float64}
# - {name: ATLAS_o, datatype: float64}
# - {name: ukirt_J, datatype: float64}
# - {name: ukirt_H, datatype: float64}
# - {name: ukirt_K, datatype: float64}
# - {name: Clear, datatype: float64}
# meta: !!omap
# - comment: [kappa = 0.5, type = villar, mass = 0.21832694463104688, velocity = 0.32766666666666666, theta_obs = 0.0]
# schema: astropy-2.0
time swift_uvot_uvw2 swift_uvot_uvm2 swift_uvot_uvw1 swift_uvot_U swift_uvot_B swift_uvot_V swift_uvot_W johnson_U johnson_B johnson_V johnson_R johnson_I sdss_u sdss_g sdss_r sdss_i sdss_z PS1_g PS1_r PS1_i PS1_z PS1_Y PS1_w ATLAS_c ATLAS_o ukirt_J ukirt_H ukirt_K Clear
[from data line 354]
38.092613 97.643 102.859 126.094 136.66 124.831 116.843 99.912 134.617 122.546 114.794 106.438 101.451 135.931 120.776 111.929 106.409 101.943 96.378 96.582 96.561 96.146 94.4 107.647 114.198 107.381 96.217 92.716 90.09 94.614
39.244698 104.206 109.422 132.657 143.223 131.394 123.406 106.474 141.18 129.108 121.357 113.0 108.014 142.494 127.339 118.491 112.971 108.506 102.94 103.145 103.124 102.708 100.963 114.209 120.761 113.944 102.779 99.279 96.653 101.177
40.431627 111.172 116.387 139.622 150.188 138.36 130.372 113.44 148.145 136.074 128.323 119.966 114.979 149.459 134.305 125.457 119.937 115.472 109.906 110.111 110.089 109.674 107.928 121.175 127.727 120.91 109.745 106.245 103.619 108.142
41.654454 118.565 123.781 147.016 157.582 145.753 137.765 120.834 155.539 143.468 135.716 127.36 122.373 156.853 141.698 132.851 127.331 122.865 117.3 117.504 117.483 117.068 115.322 128.569 135.12 128.303 117.139 113.638 111.012 115.536
42.914265 126.413 131.628 154.863 165.429 153.601 145.612 128.681 163.386 151.315 143.564 135.207 130.22 164.7 149.546 140.698 135.178 130.713 125.147 125.352 125.33 124.915 123.169 136.416 142.968 136.151 124.986 121.485 118.86 123.383
44.212178 134.742 139.958 163.193 173.759 161.93 153.942 137.01 171.716 159.644 151.893 143.536 138.55 173.03 157.875 149.027 143.507 139.042 133.476 133.681 133.66 133.244 131.499 144.745 151.297 144.48 133.315 129.815 127.189 131.713
45.549345 143.583 148.798 172.033 182.599 170.771 162.783 145.851 180.556 168.485 160.734 152.377 147.39 181.87 166.716 157.868 152.348 147.883 142.317 142.522 142.5 142.085 140.339 153.586 160.138 153.321 142.156 138.656 136.03 140.553
46.926954 152.966 158.182 181.417 191.983 180.154 172.166 155.235 189.94 177.869 170.117 161.761 156.774 191.254 176.099 167.252 161.732 157.266 151.701 151.906 151.884 151.469 149.723 162.97 169.521 162.705 151.54 148.039 145.413 149.937
48.346227 162.926 168.142 191.377 201.943 190.114 182.126 165.195 199.9 187.829 180.077 171.721 166.734 201.214 186.059 177.211 171.692 167.226 161.661 161.865 161.844 161.429 159.683 172.93 179.481 172.664 161.5 157.999 155.373 159.897
49.808426 173.498 178.713 201.948 212.514 200.686 192.697 175.766 210.471 198.4 190.649 182.292 177.305 211.785 196.631 187.783 182.263 177.797 172.232 172.437 172.415 172.0 170.254 183.501 190.053 183.236 172.071 168.57 165.945 170.468
51.314848 184.718 189.934 213.169 223.735 211.906 203.918 186.987 221.692 209.62 201.869 193.513 188.526 223.006 207.851 199.003 193.484 189.018 183.453 183.657 183.636 183.22 181.475 194.722 201.273 194.456 183.291 179.791 177.165 181.689
52.86683 196.628 201.843 225.078 235.644 223.816 215.827 198.896 233.601 221.53 213.779 205.422 200.435 234.915 219.761 210.913 205.393 200.927 195.362 195.567 195.545 195.13 193.384 206.631 213.182 206.366 195.201 191.7 189.074 193.598
54.465752 209.268 214.484 237.719 248.285 236.456 228.468 211.537 246.242 234.171 226.419 218.063 213.076 247.556 232.401 223.554 218.034 213.568 208.003 208.207 208.186 207.771 206.025 219.272 225.823 219.006 207.842 204.341 201.715 206.239
56.113031 222.685 227.901 251.136 261.702 249.873 241.885 224.954 259.659 247.588 239.836 231.48 226.493 260.973 245.818 236.97 231.451 226.985 221.42 221.624 221.603 221.188 219.442 232.689 239.24 232.423 221.259 217.758 215.132 219.656
57.810132 236.926 242.142 265.377 275.943 264.114 256.126 239.194 273.899 261.828 254.077 245.72 240.734 275.214 260.059 251.211 245.691 241.226 235.66 235.865 235.844 235.428 233.682 246.929 253.481 246.664 235.499 231.999 229.373 233.897
59.55856 252.041 257.257 280.492 291.058 279.229 271.241 254.31 289.015 276.944 269.192 260.836 255.849 290.329 275.174 266.326 260.807 256.341 250.776 250.98 250.959 250.544 248.798 262.045 268.596 261.779 250.615 247.114 244.488 249.012
61.359868 268.085 273.3 296.535 307.101 295.273 287.284 270.353 305.058 292.987 285.236 276.879 271.892 306.372 291.218 282.37 276.85 272.384 266.819 267.024 267.002 266.587 264.841 278.088 284.639 277.823 266.658 263.157 260.531 265.055
63.215655 285.113 290.329 313.564 324.13 312.301 304.313 287.381 322.086 310.015 302.264 293.907 288.92 323.4 308.246 299.398 293.878 289.413 283.847 284.052 284.031 283.615 281.869 295.116 301.668 294.851 283.686 280.186 277.56 282.084
65.127569 303.187 308.403 331.638 342.204 330.375 322.387 305.455 340.16 328.089 320.338 311.981 306.995 341.475 326.32 317.472 311.952 307.487 301.921 302.126 302.105 301.689 299.944 313.19 319.742 312.925 301.76 298.26 295.634 300.158
67.097308 322.371 327.587 350.821 361.387 349.559 341.571 324.639 359.344 347.273 339.522 331.165 326.178 360.658 345.504 336.656 331.136 326.671 321.105 321.31 321.289 320.873 319.127 332.374 338.926 332.109 320.944 317.444 314.818 319.341
69.126621 342.733 347.948 371.183 381.749 369.921 361.932 345.001 379.706 367.635 359.884 351.527 346.54 381.02 365.866 357.018 351.498 347.033 341.467 341.672 341.65 341.235 339.489 352.736 359.288 352.471 341.306 337.805 335.18 339.703
71.217308 364.345 369.56 392.795 403.361 391.533 383.544 366.613 401.318 389.247 381.496 373.139 368.152 402.632 387.478 378.63 373.11 368.645 363.079 363.284 363.262 362.847 361.101 374.348 380.9 374.083 362.918 359.417 356.792 361.315
73.371227 387.284 392.5 415.734 426.301 414.472 406.484 389.552 424.257 412.186 404.435 396.078 391.091 425.571 410.417 401.569 396.049 391.584 386.018 386.223 386.202 385.786 384.04 397.287 403.839 397.022 385.857 382.357 379.731 384.254
75.59029 411.632 416.847 440.082 450.648 438.82 430.831 413.9 448.605 436.534 428.783 420.426 415.439 449.919 434.765 425.917 420.397 415.931 410.366 410.571 410.549 410.134 408.388 421.635 428.186 421.37 410.205 406.704 404.078 408.602
77.876467 437.474 442.69 465.925 476.491 464.662 456.674 439.743 474.448 462.377 454.625 446.269 441.282 475.762 460.607 451.76 446.24 441.774 436.209 436.413 436.392 435.977 434.231 447.478 454.029 447.212 436.048 432.547 429.921 434.445
80.231787 464.904 470.119 493.354 503.92 492.092 484.104 467.172 501.877 489.806 482.055 473.698 468.711 503.191 488.037 479.189 473.669 469.204 463.638 463.843 463.821 463.406 461.66 474.907 481.459 474.642 463.477 459.977 457.351 461.874
82.658343 494.018 499.233 522.468 533.034 521.206 513.217 496.286 530.991 518.92 511.169 502.812 497.825 532.305 517.151 508.303 502.783 498.317 492.752 492.957 492.935 492.52 490.774 504.021 510.573 503.756 492.591 489.09 486.465 490.988
85.158288 524.919 530.135 553.37 563.936 552.107 544.119 527.188 561.893 549.821 542.07 533.714 528.727 563.207 548.052 539.204 533.685 529.219 523.654 523.858 523.837 523.421 521.676 534.923 541.474 534.657 523.492 519.992 517.366 521.89
87.733843 557.718 562.934 586.169 596.735 584.906 576.918 559.986 594.692 582.62 574.869 566.512 561.526 596.006 580.851 572.003 566.484 562.018 556.452 556.657 556.636 556.22 554.475 567.721 574.273 567.456 556.291 552.791 550.165 554.689
90.387293 592.531 597.747 620.982 631.548 619.719 611.731 594.799 629.504 617.433 609.682 601.325 596.339 630.818 615.664 606.816 601.296 596.831 591.265 591.47 591.449 591.033 589.287 602.534 609.086 602.269 591.104 587.604 584.978 589.502
93.120995 629.482 634.697 657.932 668.498 656.67 648.681 631.75 666.455 654.384 646.632 638.276 633.289 667.769 652.615 643.767 638.247 633.781 628.216 628.421 628.399 627.984 626.238 639.485 646.036 639.22 628.055 624.554 621.928 626.452
95.937376 668.701 673.917 697.151 707.718 695.889 687.901 670.969 705.674 693.603 685.852 677.495 672.508 706.988 691.834 682.986 677.466 673.001 667.435 667.64 667.619 667.203 665.457 678.704 685.256 678.439 667.274 663.774 661.148 665.672
98.838937 710.329 715.544 738.779 749.345 737.517 729.528 712.597 747.302 735.231 727.48 719.123 714.136 748.616 733.462 724.614 719.094 714.628 709.063 709.268 709.246 708.831 707.085 720.332 726.884 720.067 708.902 705.401 702.775 707.299
101.828253 754.512 759.728 782.963 799.589 781.7 773.712 756.781 792.611 779.415 771.663 763.307 758.32 795.748 777.645 768.798 763.278 758.812 753.247 753.451 753.43 753.015 751.269 764.516 771.067 764.25 753.086 749.585 746.959 751.483
104.907979 754.512 759.728 782.963 799.589 781.7 773.712 756.781 792.611 779.415 771.663 763.307 758.32 795.748 777.645 768.798 763.278 758.812 753.247 753.451 753.43 753.015 751.269 764.516 771.067 764.25 753.086 749.585 746.959 751.483
108.080849 754.512 759.728 782.963 799.589 781.7 773.712 756.781 792.611 779.415 771.663 763.307 758.32 795.748 777.645 768.798 763.278 758.812 753.247 753.451 753.43 753.015 751.269 764.516 771.067 764.25 753.086 749.585 746.959 751.483
111.349681 754.512 759.728 782.963 799.589 781.7 773.712 756.781 792.611 779.415 771.663 763.307 758.32 795.748 777.645 768.798 763.278 758.812 753.247 753.451 753.43 753.015 751.269 764.516 771.067 764.25 753.086 749.585 746.959 751.483
114.717376 754.512 759.728 782.963 799.589 781.7 773.712 756.781 792.611 779.415 771.663 763.307 758.32 795.748 777.645 768.798 763.278 758.812 753.247 753.451 753.43 753.015 751.269 764.516 771.067 764.25 753.086 749.585 746.959 751.483
118.186925 754.512 759.728 782.963 799.589 781.7 773.712 756.781 792.611 779.415 771.663 763.307 758.32 795.748 777.645 768.798 763.278 758.812 753.247 753.451 753.43 753.015 751.269 764.516 771.067 764.25 753.086 749.585 746.959 751.483
121.761408 754.512 759.728 782.963 799.589 781.7 773.712 756.781 792.611 779.415 771.663 763.307 758.32 795.748 777.645 768.798 763.278 758.812 753.247 753.451 753.43 753.015 751.269 764.516 771.067 764.25 753.086 749.585 746.959 751.483
125.443999 754.512 759.728 782.963 799.589 781.7 773.712 756.781 792.611 779.415 771.663 763.307 758.32 795.748 777.645 768.798 763.278 758.812 753.247 753.451 753.43 753.015 751.269 764.516 771.067 764.25 753.086 749.585 746.959 751.483
129.237967 754.512 759.728 782.963 799.589 781.7 773.712 756.781 792.611 779.415 771.663 763.307 758.32 795.748 777.645 768.798 763.278 758.812 753.247 753.451 753.43 753.015 751.269 764.516 771.067 764.25 753.086 749.585 746.959 751.483
133.146681 754.512 759.728 782.963 799.589 781.7 773.712 756.781 792.611 779.415 771.663 763.307 758.32 795.748 777.645 768.798 763.278 758.812 753.247 753.451 753.43 753.015 751.269 764.516 771.067 764.25 753.086 749.585 746.959 751.483
137.173612 754.512 759.728 782.963 799.589 781.7 773.712 756.781 792.611 779.415 771.663 763.307 758.32 795.748 777.645 768.798 763.278 758.812 753.247 753.451 753.43 753.015 751.269 764.516 771.067 764.25 753.086 749.585 746.959 751.483
141.322334 754.512 759.728 782.963 799.589 781.7 773.712 756.781 792.611 779.415 771.663 763.307 758.32 795.748 777.645 768.798 763.278 758.812 753.247 753.451 753.43 753.015 751.269 764.516 771.067 764.25 753.086 749.585 746.959 751.483
145.596532 754.512 759.728 782.963 799.589 781.7 773.712 756.781 792.611 779.415 771.663 763.307 758.32 795.748 777.645 768.798 763.278 758.812 753.247 753.451 753.43 753.015 751.269 764.516 771.067 764.25 753.086 749.585 746.959 751.483
150.0 754.512 759.728 782.963 799.589 781.7 773.712 756.781 792.611 779.415 771.663 763.307 758.32 795.748 777.645 768.798 763.278 758.812 753.247 753.451 753.43 753.015 751.269 764.516 771.067 764.25 753.086 749.585 746.959 751.483
