web/models/kne.last_good/kappa_0.5_3.0.v1/13/villar_0.0052_0.3277_0.5000.dat
# %ECSV 1.0
# ---
# datatype:
# - {name: time, datatype: float64}
# - {name: swift_uvot_uvw2, datatype: float64}
# - {name: swift_uvot_uvm2, datatype: float64}
# - {name: swift_uvot_uvw1, datatype: float64}
# - {name: swift_uvot_U, datatype: float64}
# - {name: swift_uvot_B, datatype: float64}
# - {name: swift_uvot_V, datatype: float64}
# - {name: swift_uvot_W, datatype: float64}
# - {name: johnson_U, datatype: float64}
# - {name: johnson_B, datatype: float64}
# - {name: johnson_V, datatype: float64}
# - {name: johnson_R, datatype: float64}
# - {name: johnson_I, datatype: float64}
# - {name: sdss_u, datatype: float64}
# - {name: sdss_g, datatype: float64}
# - {name: sdss_r, datatype: float64}
# - {name: sdss_i, datatype: float64}
# - {name: sdss_z, datatype: float64}
# - {name: PS1_g, datatype: float64}
# - {name: PS1_r, datatype: float64}
# - {name: PS1_i, datatype: float64}
# - {name: PS1_z, datatype: float64}
# - {name: PS1_Y, datatype: float64}
# - {name: PS1_w, datatype: float64}
# - {name: ATLAS_c, datatype: float64}
# - {name: ATLAS_o, datatype: float64}
# - {name: ukirt_J, datatype: float64}
# - {name: ukirt_H, datatype: float64}
# - {name: ukirt_K, datatype: float64}
# - {name: Clear, datatype: float64}
# meta: !!omap
# - comment: [kappa = 0.5, type = villar, mass = 0.005244756555828381, velocity = 0.32766666666666666, theta_obs = 0.0]
# schema: astropy-2.0
time swift_uvot_uvw2 swift_uvot_uvm2 swift_uvot_uvw1 swift_uvot_U swift_uvot_B swift_uvot_V swift_uvot_W johnson_U johnson_B johnson_V johnson_R johnson_I sdss_u sdss_g sdss_r sdss_i sdss_z PS1_g PS1_r PS1_i PS1_z PS1_Y PS1_w ATLAS_c ATLAS_o ukirt_J ukirt_H ukirt_K Clear
[from data line 367]
56.113031 784.211 789.426 nan nan nan nan 786.479 nan nan nan nan 788.441 nan nan nan nan 789.889 782.945 783.15 783.129 782.715 780.969 nan nan nan 782.784 779.283 776.658 781.181
57.810132 784.211 789.426 nan nan nan nan 786.479 nan nan nan nan 788.441 nan nan nan nan 789.889 782.945 783.15 783.129 782.715 780.969 nan nan nan 782.784 779.283 776.658 781.181
59.55856 784.211 789.426 nan nan nan nan 786.479 nan nan nan nan 788.441 nan nan nan nan 789.889 782.945 783.15 783.129 782.715 780.969 nan nan nan 782.784 779.283 776.658 781.181
61.359868 784.211 789.426 nan nan nan nan 786.479 nan nan nan nan 788.441 nan nan nan nan 789.889 782.945 783.15 783.129 782.715 780.969 nan nan nan 782.784 779.283 776.658 781.181
63.215655 784.211 789.426 nan nan nan nan 786.479 nan nan nan nan 788.441 nan nan nan nan 789.889 782.945 783.15 783.129 782.715 780.969 nan nan nan 782.784 779.283 776.658 781.181
65.127569 784.211 789.426 nan nan nan nan 786.479 nan nan nan nan 788.441 nan nan nan nan 789.889 782.945 783.15 783.129 782.715 780.969 nan nan nan 782.784 779.283 776.658 781.181
67.097308 784.211 789.426 nan nan nan nan 786.479 nan nan nan nan 788.441 nan nan nan nan 789.889 782.945 783.15 783.129 782.715 780.969 nan nan nan 782.784 779.283 776.658 781.181
69.126621 784.211 789.426 nan nan nan nan 786.479 nan nan nan nan 788.441 nan nan nan nan 789.889 782.945 783.15 783.129 782.715 780.969 nan nan nan 782.784 779.283 776.658 781.181
71.217308 784.211 789.426 nan nan nan nan 786.479 nan nan nan nan 788.441 nan nan nan nan 789.889 782.945 783.15 783.129 782.715 780.969 nan nan nan 782.784 779.283 776.658 781.181
73.371227 784.211 789.426 nan nan nan nan 786.479 nan nan nan nan 788.441 nan nan nan nan 789.889 782.945 783.15 783.129 782.715 780.969 nan nan nan 782.784 779.283 776.658 781.181
75.59029 784.211 789.426 nan nan nan nan 786.479 nan nan nan nan 788.441 nan nan nan nan 789.889 782.945 783.15 783.129 782.715 780.969 nan nan nan 782.784 779.283 776.658 781.181
77.876467 784.211 789.426 nan nan nan nan 786.479 nan nan nan nan 788.441 nan nan nan nan 789.889 782.945 783.15 783.129 782.715 780.969 nan nan nan 782.784 779.283 776.658 781.181
80.231787 784.211 789.426 nan nan nan nan 786.479 nan nan nan nan 788.441 nan nan nan nan 789.889 782.945 783.15 783.129 782.715 780.969 nan nan nan 782.784 779.283 776.658 781.181
82.658343 784.211 789.426 nan nan nan nan 786.479 nan nan nan nan 788.441 nan nan nan nan 789.889 782.945 783.15 783.129 782.715 780.969 nan nan nan 782.784 779.283 776.658 781.181
85.158288 784.211 789.426 nan nan nan nan 786.479 nan nan nan nan 788.441 nan nan nan nan 789.889 782.945 783.15 783.129 782.715 780.969 nan nan nan 782.784 779.283 776.658 781.181
87.733843 784.211 789.426 nan nan nan nan 786.479 nan nan nan nan 788.441 nan nan nan nan 789.889 782.945 783.15 783.129 782.715 780.969 nan nan nan 782.784 779.283 776.658 781.181
90.387293 784.211 789.426 nan nan nan nan 786.479 nan nan nan nan 788.441 nan nan nan nan 789.889 782.945 783.15 783.129 782.715 780.969 nan nan nan 782.784 779.283 776.658 781.181
93.120995 784.211 789.426 nan nan nan nan 786.479 nan nan nan nan 788.441 nan nan nan nan 789.889 782.945 783.15 783.129 782.715 780.969 nan nan nan 782.784 779.283 776.658 781.181
95.937376 784.211 789.426 nan nan nan nan 786.479 nan nan nan nan 788.441 nan nan nan nan 789.889 782.945 783.15 783.129 782.715 780.969 nan nan nan 782.784 779.283 776.658 781.181
98.838937 784.211 789.426 nan nan nan nan 786.479 nan nan nan nan 788.441 nan nan nan nan 789.889 782.945 783.15 783.129 782.715 780.969 nan nan nan 782.784 779.283 776.658 781.181
101.828253 784.211 789.426 nan nan nan nan 786.479 nan nan nan nan 788.441 nan nan nan nan 789.889 782.945 783.15 783.129 782.715 780.969 nan nan nan 782.784 779.283 776.658 781.181
104.907979 784.211 789.426 nan nan nan nan 786.479 nan nan nan nan 788.441 nan nan nan nan 789.889 782.945 783.15 783.129 782.715 780.969 nan nan nan 782.784 779.283 776.658 781.181
108.080849 784.211 789.426 nan nan nan nan 786.479 nan nan nan nan 788.441 nan nan nan nan 789.889 782.945 783.15 783.129 782.715 780.969 nan nan nan 782.784 779.283 776.658 781.181
111.349681 784.211 789.426 nan nan nan nan 786.479 nan nan nan nan 788.441 nan nan nan nan 789.889 782.945 783.15 783.129 782.715 780.969 nan nan nan 782.784 779.283 776.658 781.181
114.717376 784.211 789.426 nan nan nan nan 786.479 nan nan nan nan 788.441 nan nan nan nan 789.889 782.945 783.15 783.129 782.715 780.969 nan nan nan 782.784 779.283 776.658 781.181
118.186925 784.211 789.426 nan nan nan nan 786.479 nan nan nan nan 788.441 nan nan nan nan 789.889 782.945 783.15 783.129 782.715 780.969 nan nan nan 782.784 779.283 776.658 781.181
121.761408 784.211 789.426 nan nan nan nan 786.479 nan nan nan nan 788.441 nan nan nan nan 789.889 782.945 783.15 783.129 782.715 780.969 nan nan nan 782.784 779.283 776.658 781.181
125.443999 784.211 789.426 nan nan nan nan 786.479 nan nan nan nan 788.441 nan nan nan nan 789.889 782.945 783.15 783.129 782.715 780.969 nan nan nan 782.784 779.283 776.658 781.181
129.237967 784.211 789.426 nan nan nan nan 786.479 nan nan nan nan 788.441 nan nan nan nan 789.889 782.945 783.15 783.129 782.715 780.969 nan nan nan 782.784 779.283 776.658 781.181
133.146681 784.211 789.426 nan nan nan nan 786.479 nan nan nan nan 788.441 nan nan nan nan 789.889 782.945 783.15 783.129 782.715 780.969 nan nan nan 782.784 779.283 776.658 781.181
137.173612 784.211 789.426 nan nan nan nan 786.479 nan nan nan nan 788.441 nan nan nan nan 789.889 782.945 783.15 783.129 782.715 780.969 nan nan nan 782.784 779.283 776.658 781.181
141.322334 784.211 789.426 nan nan nan nan 786.479 nan nan nan nan 788.441 nan nan nan nan 789.889 782.945 783.15 783.129 782.715 780.969 nan nan nan 782.784 779.283 776.658 781.181
145.596532 784.211 789.426 nan nan nan nan 786.479 nan nan nan nan 788.441 nan nan nan nan 789.889 782.945 783.15 783.129 782.715 780.969 nan nan nan 782.784 779.283 776.658 781.181
150.0 784.211 789.426 nan nan nan nan 786.479 nan nan nan nan 788.441 nan nan nan nan 789.889 782.945 783.15 783.129 782.715 780.969 nan nan nan 782.784 779.283 776.658 781.181
