web/models/kne.last_good/kappa_0.5_3.0.v1/13/villar_0.2183_0.3747_0.5000.dat
# %ECSV 1.0
# ---
# datatype:
# - {name: time, datatype: float64}
# - {name: swift_uvot_uvw2, datatype: float64}
# - {name: swift_uvot_uvm2, datatype: float64}
# - {name: swift_uvot_uvw1, datatype: float64}
# - {name: swift_uvot_U, datatype: float64}
# - {name: swift_uvot_B, datatype: float64}
# - {name: swift_uvot_V, datatype: float64}
# - {name: swift_uvot_W, datatype: float64}
# - {name: johnson_U, datatype: float64}
# - {name: johnson_B, datatype: float64}
# - {name: johnson_V, datatype: float64}
# - {name: johnson_R, datatype: float64}
# - {name: johnson_I, datatype: float64}
# - {name: sdss_u, datatype: float64}
# - {name: sdss_g, datatype: float64}
# - {name: sdss_r, datatype: float64}
# - {name: sdss_i, datatype: float64}
# - {name: sdss_z, datatype: float64}
# - {name: PS1_g, datatype: float64}
# - {name: PS1_r, datatype: float64}
# - {name: PS1_i, datatype: float64}
# - {name: PS1_z, datatype: float64}
# - {name: PS1_Y, datatype: float64}
# - {name: PS1_w, datatype: float64}
# - {name: ATLAS_c, datatype: float64}
# - {name: ATLAS_o, datatype: float64}
# - {name: ukirt_J, datatype: float64}
# - {name: ukirt_H, datatype: float64}
# - {name: ukirt_K, datatype: float64}
# - {name: Clear, datatype: float64}
# meta: !!omap
# - comment: [kappa = 0.5, type = villar, mass = 0.21832694463104688, velocity = 0.3746666666666667, theta_obs = 0.0]
# schema: astropy-2.0
time swift_uvot_uvw2 swift_uvot_uvm2 swift_uvot_uvw1 swift_uvot_U swift_uvot_B swift_uvot_V swift_uvot_W johnson_U johnson_B johnson_V johnson_R johnson_I sdss_u sdss_g sdss_r sdss_i sdss_z PS1_g PS1_r PS1_i PS1_z PS1_Y PS1_w ATLAS_c ATLAS_o ukirt_J ukirt_H ukirt_K Clear
[from data line 143]
0.070868 -14.082 -14.167 -14.207 -14.209 -14.056 -13.826 -14.113 -14.191 -14.052 -13.817 -13.531 -13.173 -14.197 -13.985 -13.666 -13.394 -13.12 -13.971 -13.682 -13.411 -13.212 -13.137 -13.689 -13.862 -13.553 -12.539 -12.043 -11.454 -13.733
0.073012 -14.104 -14.194 -14.238 -14.247 -14.098 -13.87 -14.146 -14.23 -14.094 -13.862 -13.578 -13.222 -14.235 -14.028 -13.712 -13.442 -13.169 -14.014 -13.728 -13.459 -13.26 -13.185 -13.735 -13.906 -13.6 -12.589 -12.094 -11.506 -13.778
0.07522 -14.126 -14.22 -14.267 -14.285 -14.139 -13.915 -14.178 -14.268 -14.136 -13.907 -13.625 -13.27 -14.274 -14.071 -13.758 -13.49 -13.218 -14.057 -13.773 -13.506 -13.309 -13.232 -13.78 -13.95 -13.646 -12.64 -12.146 -11.558 -13.822
0.077495 -14.147 -14.245 -14.297 -14.322 -14.181 -13.96 -14.21 -14.306 -14.177 -13.951 -13.672 -13.319 -14.312 -14.113 -13.804 -13.537 -13.267 -14.1 -13.819 -13.553 -13.356 -13.28 -13.825 -13.994 -13.693 -12.69 -12.197 -11.611 -13.867
0.079839 -14.168 -14.271 -14.326 -14.36 -14.222 -14.004 -14.242 -14.344 -14.219 -13.996 -13.718 -13.367 -14.35 -14.156 -13.85 -13.585 -13.316 -14.142 -13.864 -13.601 -13.404 -13.327 -13.87 -14.038 -13.739 -12.741 -12.249 -11.663 -13.911
0.082253 -14.189 -14.295 -14.355 -14.397 -14.263 -14.048 -14.274 -14.382 -14.26 -14.04 -13.765 -13.416 -14.387 -14.198 -13.895 -13.632 -13.364 -14.185 -13.91 -13.648 -13.452 -13.375 -13.915 -14.081 -13.786 -12.791 -12.3 -11.715 -13.956
0.084741 -14.209 -14.32 -14.383 -14.433 -14.304 -14.093 -14.305 -14.42 -14.301 -14.084 -13.811 -13.464 -14.425 -14.24 -13.941 -13.679 -13.413 -14.227 -13.955 -13.695 -13.5 -13.422 -13.96 -14.125 -13.832 -12.842 -12.351 -11.767 -14.0
0.087304 -14.229 -14.344 -14.412 -14.47 -14.345 -14.137 -14.336 -14.457 -14.342 -14.128 -13.857 -13.512 -14.462 -14.282 -13.986 -13.727 -13.461 -14.269 -14.0 -13.742 -13.548 -13.469 -14.005 -14.168 -13.878 -12.892 -12.403 -11.819 -14.044
0.089944 -14.248 -14.368 -14.44 -14.506 -14.386 -14.18 -14.367 -14.494 -14.382 -14.172 -13.904 -13.56 -14.499 -14.324 -14.032 -13.774 -13.51 -14.312 -14.046 -13.789 -13.595 -13.516 -14.049 -14.211 -13.924 -12.942 -12.454 -11.871 -14.088
0.092665 -14.267 -14.391 -14.467 -14.542 -14.426 -14.224 -14.398 -14.531 -14.423 -14.216 -13.95 -13.608 -14.535 -14.365 -14.077 -13.821 -13.558 -14.353 -14.091 -13.835 -13.643 -13.564 -14.094 -14.254 -13.97 -12.993 -12.505 -11.924 -14.131
0.095467 -14.286 -14.414 -14.494 -14.578 -14.466 -14.268 -14.428 -14.567 -14.463 -14.26 -13.996 -13.656 -14.572 -14.407 -14.122 -13.868 -13.606 -14.395 -14.135 -13.882 -13.69 -13.611 -14.138 -14.297 -14.016 -13.043 -12.557 -11.976 -14.175
0.098355 -14.304 -14.437 -14.521 -14.614 -14.507 -14.311 -14.458 -14.604 -14.503 -14.303 -14.041 -13.704 -14.608 -14.448 -14.167 -13.915 -13.654 -14.437 -14.18 -13.929 -13.738 -13.658 -14.182 -14.34 -14.061 -13.093 -12.608 -12.028 -14.218
0.101329 -14.322 -14.459 -14.548 -14.649 -14.546 -14.355 -14.488 -14.64 -14.543 -14.346 -14.087 -13.752 -14.644 -14.489 -14.212 -13.961 -13.703 -14.478 -14.225 -13.975 -13.785 -13.705 -14.226 -14.383 -14.107 -13.143 -12.659 -12.08 -14.262
0.104394 -14.339 -14.481 -14.574 -14.684 -14.586 -14.398 -14.518 -14.676 -14.583 -14.39 -14.133 -13.8 -14.68 -14.53 -14.256 -14.008 -13.751 -14.519 -14.269 -14.021 -13.832 -13.752 -14.27 -14.425 -14.152 -13.193 -12.71 -12.132 -14.305
0.107551 -14.356 -14.502 -14.6 -14.719 -14.626 -14.441 -14.548 -14.711 -14.622 -14.433 -14.178 -13.847 -14.715 -14.571 -14.301 -14.054 -13.798 -14.56 -14.314 -14.068 -13.88 -13.799 -14.314 -14.467 -14.198 -13.243 -12.761 -12.183 -14.348
0.110804 -14.372 -14.523 -14.625 -14.753 -14.665 -14.484 -14.577 -14.747 -14.662 -14.476 -14.224 -13.895 -14.751 -14.611 -14.345 -14.101 -13.846 -14.601 -14.358 -14.114 -13.927 -13.846 -14.357 -14.51 -14.243 -13.293 -12.812 -12.235 -14.391
0.114155 -14.388 -14.543 -14.651 -14.788 -14.704 -14.526 -14.606 -14.782 -14.701 -14.518 -14.269 -13.942 -14.786 -14.651 -14.39 -14.147 -13.894 -14.642 -14.402 -14.16 -13.974 -13.892 -14.401 -14.552 -14.288 -13.343 -12.863 -12.287 -14.433
0.117608 -14.404 -14.563 -14.675 -14.822 -14.743 -14.569 -14.635 -14.817 -14.74 -14.561 -14.314 -13.99 -14.82 -14.692 -14.434 -14.193 -13.942 -14.682 -14.446 -14.206 -14.021 -13.939 -14.444 -14.593 -14.333 -13.392 -12.914 -12.339 -14.476
0.121165 -14.419 -14.583 -14.7 -14.855 -14.782 -14.611 -14.663 -14.851 -14.778 -14.603 -14.359 -14.037 -14.855 -14.732 -14.478 -14.239 -13.989 -14.723 -14.49 -14.252 -14.067 -13.986 -14.487 -14.635 -14.378 -13.442 -12.964 -12.391 -14.518
0.124829 -14.433 -14.602 -14.724 -14.889 -14.82 -14.653 -14.691 -14.886 -14.817 -14.646 -14.404 -14.084 -14.889 -14.771 -14.522 -14.285 -14.037 -14.763 -14.533 -14.297 -14.114 -14.032 -14.531 -14.676 -14.423 -13.492 -13.015 -12.442 -14.561
0.128605 -14.448 -14.621 -14.747 -14.922 -14.858 -14.695 -14.719 -14.92 -14.855 -14.688 -14.448 -14.131 -14.923 -14.811 -14.565 -14.331 -14.084 -14.803 -14.577 -14.343 -14.161 -14.079 -14.573 -14.718 -14.467 -13.541 -13.066 -12.494 -14.603
0.132494 -14.461 -14.639 -14.771 -14.955 -14.896 -14.737 -14.747 -14.953 -14.893 -14.73 -14.493 -14.178 -14.956 -14.85 -14.609 -14.377 -14.131 -14.843 -14.62 -14.389 -14.207 -14.125 -14.616 -14.759 -14.512 -13.591 -13.117 -12.546 -14.645
0.136502 -14.474 -14.656 -14.794 -14.987 -14.934 -14.779 -14.774 -14.987 -14.931 -14.771 -14.538 -14.225 -14.99 -14.889 -14.652 -14.422 -14.179 -14.882 -14.664 -14.434 -14.254 -14.172 -14.659 -14.8 -14.556 -13.64 -13.167 -12.597 -14.687
0.14063 -14.487 -14.674 -14.816 -15.02 -14.972 -14.821 -14.802 -15.02 -14.969 -14.813 -14.582 -14.272 -15.023 -14.928 -14.696 -14.468 -14.226 -14.922 -14.707 -14.479 -14.3 -14.218 -14.701 -14.841 -14.6 -13.689 -13.218 -12.649 -14.728
0.144883 -14.499 -14.69 -14.838 -15.052 -15.009 -14.862 -14.829 -15.053 -15.006 -14.854 -14.626 -14.318 -15.056 -14.967 -14.739 -14.513 -14.273 -14.961 -14.75 -14.525 -14.347 -14.264 -14.744 -14.881 -14.644 -13.739 -13.268 -12.7 -14.77
0.149265 -14.511 -14.707 -14.86 -15.083 -15.046 -14.903 -14.855 -15.086 -15.043 -14.896 -14.67 -14.365 -15.088 -15.006 -14.782 -14.559 -14.319 -15.0 -14.793 -14.57 -14.393 -14.311 -14.786 -14.921 -14.688 -13.788 -13.319 -12.752 -14.811
0.15378 -14.522 -14.723 -14.881 -15.115 -15.083 -14.944 -14.882 -15.118 -15.08 -14.937 -14.714 -14.411 -15.12 -15.044 -14.825 -14.604 -14.366 -15.039 -14.835 -14.615 -14.439 -14.357 -14.828 -14.962 -14.732 -13.837 -13.369 -12.803 -14.852
0.15843 -14.533 -14.738 -14.902 -15.146 -15.12 -14.985 -14.908 -15.15 -15.117 -14.978 -14.758 -14.457 -15.152 -15.082 -14.867 -14.649 -14.413 -15.077 -14.878 -14.659 -14.485 -14.403 -14.869 -15.002 -14.775 -13.886 -13.419 -12.855 -14.893
0.163222 -14.543 -14.753 -14.922 -15.177 -15.156 -15.025 -14.934 -15.182 -15.153 -15.018 -14.802 -14.504 -15.184 -15.12 -14.91 -14.694 -14.459 -15.116 -14.92 -14.704 -14.531 -14.449 -14.911 -15.041 -14.819 -13.935 -13.47 -12.906 -14.934
0.168159 -14.553 -14.767 -14.942 -15.207 -15.192 -15.066 -14.959 -15.213 -15.189 -15.059 -14.845 -14.55 -15.215 -15.158 -14.952 -14.738 -14.506 -15.154 -14.962 -14.749 -14.577 -14.495 -14.952 -15.081 -14.862 -13.984 -13.52 -12.957 -14.975
0.173245 -14.562 -14.78 -14.962 -15.237 -15.228 -15.106 -14.984 -15.244 -15.225 -15.099 -14.888 -14.596 -15.246 -15.195 -14.994 -14.783 -14.552 -15.192 -15.004 -14.793 -14.622 -14.54 -14.994 -15.12 -14.905 -14.033 -13.57 -13.008 -15.015
0.178484 -14.571 -14.794 -14.981 -15.267 -15.264 -15.146 -15.01 -15.275 -15.261 -15.139 -14.932 -14.642 -15.276 -15.232 -15.036 -14.827 -14.598 -15.229 -15.046 -14.837 -14.668 -14.586 -15.035 -15.16 -14.948 -14.081 -13.62 -13.06 -15.056
0.183882 -14.579 -14.806 -15.0 -15.296 -15.299 -15.186 -15.034 -15.306 -15.296 -15.179 -14.975 -14.687 -15.307 -15.269 -15.078 -14.872 -14.645 -15.267 -15.088 -14.882 -14.713 -14.632 -15.076 -15.199 -14.991 -14.13 -13.67 -13.111 -15.096
0.189444 -14.586 -14.818 -15.018 -15.325 -15.334 -15.226 -15.059 -15.336 -15.332 -15.219 -15.017 -14.733 -15.337 -15.306 -15.12 -14.916 -14.691 -15.304 -15.13 -14.926 -14.759 -14.677 -15.117 -15.237 -15.034 -14.178 -13.72 -13.162 -15.136
0.195173 -14.593 -14.83 -15.036 -15.354 -15.369 -15.265 -15.083 -15.365 -15.366 -15.258 -15.06 -14.778 -15.366 -15.342 -15.161 -14.96 -14.736 -15.341 -15.171 -14.969 -14.804 -14.723 -15.157 -15.276 -15.076 -14.227 -13.77 -13.213 -15.175
0.201076 -14.599 -14.841 -15.053 -15.382 -15.404 -15.304 -15.107 -15.395 -15.401 -15.298 -15.103 -14.824 -15.395 -15.378 -15.203 -15.004 -14.782 -15.378 -15.212 -15.013 -14.849 -14.768 -15.198 -15.314 -15.119 -14.275 -13.82 -13.264 -15.215
0.207158 -14.605 -14.851 -15.07 -15.41 -15.438 -15.343 -15.13 -15.424 -15.435 -15.337 -15.145 -14.869 -15.424 -15.414 -15.244 -15.048 -14.828 -15.414 -15.253 -15.057 -14.894 -14.813 -15.238 -15.352 -15.161 -14.324 -13.869 -13.315 -15.254
0.213423 -14.61 -14.861 -15.086 -15.438 -15.472 -15.382 -15.153 -15.453 -15.469 -15.376 -15.187 -14.914 -15.453 -15.45 -15.285 -15.091 -14.873 -15.451 -15.294 -15.1 -14.939 -14.859 -15.278 -15.39 -15.203 -14.372 -13.919 -13.366 -15.293
0.219878 -14.615 -14.87 -15.102 -15.465 -15.506 -15.421 -15.176 -15.481 -15.503 -15.414 -15.229 -14.959 -15.481 -15.485 -15.325 -15.135 -14.919 -15.487 -15.334 -15.144 -14.984 -14.904 -15.317 -15.428 -15.245 -14.42 -13.969 -13.417 -15.332
0.226528 -14.619 -14.879 -15.117 -15.492 -15.539 -15.459 -15.199 -15.509 -15.537 -15.453 -15.271 -15.004 -15.509 -15.521 -15.366 -15.178 -14.964 -15.522 -15.375 -15.187 -15.028 -14.949 -15.357 -15.465 -15.286 -14.468 -14.018 -13.467 -15.371
0.233379 -14.622 -14.886 -15.132 -15.519 -15.572 -15.497 -15.221 -15.537 -15.57 -15.491 -15.313 -15.049 -15.536 -15.555 -15.406 -15.221 -15.009 -15.558 -15.415 -15.23 -15.073 -14.994 -15.396 -15.503 -15.328 -14.516 -14.068 -13.518 -15.409
0.240437 -14.625 -14.894 -15.146 -15.545 -15.605 -15.535 -15.243 -15.564 -15.603 -15.529 -15.354 -15.093 -15.563 -15.59 -15.446 -15.264 -15.054 -15.593 -15.455 -15.273 -15.117 -15.038 -15.436 -15.539 -15.369 -14.564 -14.117 -13.569 -15.448
0.247709 -14.627 -14.9 -15.16 -15.57 -15.637 -15.572 -15.265 -15.591 -15.635 -15.567 -15.396 -15.137 -15.59 -15.624 -15.486 -15.307 -15.099 -15.628 -15.495 -15.315 -15.161 -15.083 -15.475 -15.576 -15.41 -14.612 -14.166 -13.619 -15.486
0.255201 -14.629 -14.906 -15.173 -15.595 -15.669 -15.61 -15.287 -15.617 -15.667 -15.604 -15.437 -15.182 -15.616 -15.658 -15.526 -15.349 -15.144 -15.663 -15.534 -15.358 -15.205 -15.127 -15.513 -15.613 -15.451 -14.659 -14.216 -13.67 -15.524
0.262919 -14.63 -14.912 -15.186 -15.62 -15.701 -15.647 -15.308 -15.643 -15.699 -15.641 -15.478 -15.226 -15.642 -15.692 -15.565 -15.392 -15.188 -15.697 -15.574 -15.4 -15.249 -15.172 -15.552 -15.649 -15.492 -14.707 -14.265 -13.72 -15.561
0.270871 -14.63 -14.916 -15.198 -15.645 -15.733 -15.684 -15.328 -15.669 -15.731 -15.678 -15.518 -15.27 -15.667 -15.725 -15.604 -15.434 -15.232 -15.731 -15.613 -15.442 -15.293 -15.216 -15.59 -15.685 -15.532 -14.754 -14.314 -13.771 -15.599
0.279064 -14.629 -14.92 -15.209 -15.668 -15.764 -15.72 -15.349 -15.694 -15.762 -15.715 -15.559 -15.314 -15.692 -15.758 -15.643 -15.476 -15.277 -15.765 -15.652 -15.484 -15.337 -15.26 -15.628 -15.72 -15.572 -14.802 -14.363 -13.821 -15.636
0.287504 -14.628 -14.924 -15.22 -15.692 -15.795 -15.757 -15.369 -15.719 -15.793 -15.751 -15.599 -15.357 -15.716 -15.791 -15.682 -15.518 -15.321 -15.798 -15.691 -15.526 -15.38 -15.304 -15.666 -15.755 -15.612 -14.849 -14.412 -13.871 -15.673
0.296199 -14.626 -14.926 -15.231 -15.715 -15.825 -15.793 -15.388 -15.743 -15.823 -15.787 -15.639 -15.401 -15.74 -15.824 -15.721 -15.56 -15.365 -15.831 -15.729 -15.568 -15.424 -15.348 -15.704 -15.791 -15.652 -14.896 -14.461 -13.921 -15.709
0.305157 -14.624 -14.928 -15.241 -15.737 -15.855 -15.828 -15.408 -15.767 -15.853 -15.823 -15.679 -15.444 -15.764 -15.856 -15.759 -15.601 -15.409 -15.864 -15.767 -15.609 -15.467 -15.392 -15.741 -15.825 -15.692 -14.943 -14.509 -13.972 -15.746
0.314387 -14.62 -14.929 -15.25 -15.76 -15.885 -15.864 -15.427 -15.79 -15.883 -15.859 -15.719 -15.487 -15.787 -15.887 -15.797 -15.642 -15.452 -15.897 -15.805 -15.65 -15.51 -15.436 -15.778 -15.86 -15.731 -14.99 -14.558 -14.022 -15.782
0.323895 -14.617 -14.929 -15.258 -15.781 -15.914 -15.899 -15.445 -15.813 -15.912 -15.894 -15.758 -15.53 -15.81 -15.919 -15.835 -15.683 -15.496 -15.929 -15.843 -15.691 -15.553 -15.479 -15.815 -15.894 -15.77 -15.037 -14.607 -14.072 -15.818
0.333691 -14.612 -14.929 -15.266 -15.802 -15.943 -15.934 -15.464 -15.836 -15.941 -15.929 -15.797 -15.573 -15.832 -15.95 -15.872 -15.724 -15.539 -15.961 -15.881 -15.732 -15.595 -15.523 -15.851 -15.928 -15.809 -15.083 -14.655 -14.122 -15.854
0.343783 -14.606 -14.928 -15.273 -15.823 -15.972 -15.968 -15.481 -15.858 -15.97 -15.964 -15.836 -15.615 -15.853 -15.981 -15.91 -15.765 -15.582 -15.992 -15.918 -15.773 -15.638 -15.566 -15.888 -15.961 -15.848 -15.13 -14.703 -14.171 -15.889
0.354181 -14.6 -14.926 -15.28 -15.843 -16.0 -16.003 -15.499 -15.879 -15.998 -15.998 -15.875 -15.658 -15.874 -16.011 -15.947 -15.805 -15.625 -16.023 -15.955 -15.813 -15.68 -15.609 -15.924 -15.994 -15.886 -15.176 -14.752 -14.221 -15.924
0.364893 -14.593 -14.923 -15.286 -15.862 -16.027 -16.037 -15.516 -15.9 -16.026 -16.032 -15.914 -15.7 -15.895 -16.041 -15.983 -15.846 -15.668 -16.054 -15.991 -15.853 -15.722 -15.652 -15.959 -16.027 -15.925 -15.222 -14.8 -14.271 -15.959
0.375929 -14.585 -14.919 -15.291 -15.881 -16.055 -16.07 -15.533 -15.92 -16.053 -16.066 -15.952 -15.742 -15.915 -16.07 -16.02 -15.886 -15.71 -16.085 -16.028 -15.893 -15.764 -15.694 -15.995 -16.06 -15.962 -15.269 -14.848 -14.32 -15.993
0.387298 -14.577 -14.914 -15.296 -15.899 -16.082 -16.103 -15.549 -15.94 -16.08 -16.099 -15.99 -15.784 -15.935 -16.099 -16.056 -15.925 -15.752 -16.115 -16.064 -15.933 -15.806 -15.737 -16.03 -16.092 -16.0 -15.315 -14.896 -14.37 -16.028
0.399012 -14.567 -14.909 -15.3 -15.917 -16.108 -16.136 -15.565 -15.96 -16.107 -16.132 -16.027 -15.825 -15.954 -16.128 -16.092 -15.965 -15.795 -16.144 -16.1 -15.972 -15.847 -15.779 -16.065 -16.124 -16.037 -15.36 -14.944 -14.419 -16.061
0.41108 -14.557 -14.902 -15.303 -15.934 -16.134 -16.169 -15.58 -15.978 -16.133 -16.165 -16.065 -15.867 -15.972 -16.156 -16.127 -16.004 -15.836 -16.173 -16.135 -16.012 -15.889 -15.822 -16.1 -16.155 -16.075 -15.406 -14.991 -14.469 -16.095
0.423513 -14.546 -14.895 -15.305 -15.951 -16.159 -16.201 -15.595 -15.996 -16.158 -16.197 -16.102 -15.908 -15.99 -16.184 -16.162 -16.043 -15.878 -16.202 -16.17 -16.051 -15.93 -15.864 -16.134 -16.186 -16.111 -15.452 -15.039 -14.518 -16.128
0.436321 -14.534 -14.887 -15.307 -15.967 -16.184 -16.233 -15.61 -16.014 -16.183 -16.229 -16.139 -15.949 -16.007 -16.212 -16.197 -16.082 -15.92 -16.231 -16.205 -16.089 -15.97 -15.906 -16.168 -16.217 -16.148 -15.497 -15.086 -14.567 -16.161
0.449518 -14.521 -14.878 -15.307 -15.982 -16.209 -16.264 -15.624 -16.031 -16.208 -16.261 -16.175 -15.99 -16.024 -16.239 -16.232 -16.12 -15.961 -16.259 -16.24 -16.128 -16.011 -15.947 -16.201 -16.247 -16.184 -15.542 -15.134 -14.616 -16.194
0.463113 -14.508 -14.867 -15.307 -15.997 -16.233 -16.295 -15.638 -16.047 -16.232 -16.292 -16.211 -16.03 -16.039 -16.265 -16.266 -16.158 -16.002 -16.286 -16.274 -16.166 -16.052 -15.989 -16.234 -16.277 -16.22 -15.587 -15.181 -14.665 -16.226
0.47712 -14.493 -14.856 -15.307 -16.011 -16.256 -16.326 -15.651 -16.063 -16.256 -16.323 -16.247 -16.07 -16.055 -16.291 -16.3 -16.196 -16.043 -16.313 -16.308 -16.204 -16.092 -16.03 -16.267 -16.307 -16.255 -15.632 -15.228 -14.714 -16.258
0.49155 -14.477 -14.844 -15.305 -16.024 -16.279 -16.356 -15.663 -16.078 -16.279 -16.353 -16.283 -16.11 -16.069 -16.317 -16.333 -16.234 -16.083 -16.34 -16.341 -16.241 -16.132 -16.071 -16.3 -16.336 -16.291 -15.677 -15.275 -14.763 -16.29
0.506416 -14.461 -14.83 -15.302 -16.037 -16.301 -16.386 -15.676 -16.092 -16.301 -16.383 -16.318 -16.15 -16.083 -16.342 -16.366 -16.271 -16.124 -16.366 -16.374 -16.279 -16.171 -16.112 -16.332 -16.364 -16.326 -15.721 -15.322 -14.811 -16.321
