web/models/kne.last_good/kappa_0.5_3.0.v1/13/villar_0.0015_0.4843_3.0000.dat
# %ECSV 1.0
# ---
# datatype:
# - {name: time, datatype: float64}
# - {name: swift_uvot_uvw2, datatype: float64}
# - {name: swift_uvot_uvm2, datatype: float64}
# - {name: swift_uvot_uvw1, datatype: float64}
# - {name: swift_uvot_U, datatype: float64}
# - {name: swift_uvot_B, datatype: float64}
# - {name: swift_uvot_V, datatype: float64}
# - {name: swift_uvot_W, datatype: float64}
# - {name: johnson_U, datatype: float64}
# - {name: johnson_B, datatype: float64}
# - {name: johnson_V, datatype: float64}
# - {name: johnson_R, datatype: float64}
# - {name: johnson_I, datatype: float64}
# - {name: sdss_u, datatype: float64}
# - {name: sdss_g, datatype: float64}
# - {name: sdss_r, datatype: float64}
# - {name: sdss_i, datatype: float64}
# - {name: sdss_z, datatype: float64}
# - {name: PS1_g, datatype: float64}
# - {name: PS1_r, datatype: float64}
# - {name: PS1_i, datatype: float64}
# - {name: PS1_z, datatype: float64}
# - {name: PS1_Y, datatype: float64}
# - {name: PS1_w, datatype: float64}
# - {name: ATLAS_c, datatype: float64}
# - {name: ATLAS_o, datatype: float64}
# - {name: ukirt_J, datatype: float64}
# - {name: ukirt_H, datatype: float64}
# - {name: ukirt_K, datatype: float64}
# - {name: Clear, datatype: float64}
# meta: !!omap
# - comment: [kappa = 3.0, type = villar, mass = 0.001513321957917195, velocity = 0.48433333333333334, theta_obs = 0.0]
# schema: astropy-2.0
time swift_uvot_uvw2 swift_uvot_uvm2 swift_uvot_uvw1 swift_uvot_U swift_uvot_B swift_uvot_V swift_uvot_W johnson_U johnson_B johnson_V johnson_R johnson_I sdss_u sdss_g sdss_r sdss_i sdss_z PS1_g PS1_r PS1_i PS1_z PS1_Y PS1_w ATLAS_c ATLAS_o ukirt_J ukirt_H ukirt_K Clear
[from data line 78]
0.010217 -8.608 -8.856 -9.077 -9.421 -9.45 -9.357 -9.139 -9.435 -9.448 -9.351 -9.16 -8.885 -9.435 -9.428 -9.259 -9.063 -8.844 -9.428 -9.268 -9.073 -8.91 -8.83 -9.252 -9.366 -9.176 -8.341 -7.887 -7.333 -9.269
0.010526 -8.622 -8.873 -9.099 -9.454 -9.489 -9.4 -9.168 -9.469 -9.486 -9.393 -9.206 -8.933 -9.469 -9.467 -9.303 -9.11 -8.892 -9.468 -9.312 -9.119 -8.958 -8.878 -9.296 -9.408 -9.221 -8.391 -7.939 -7.386 -9.311
0.010845 -8.635 -8.89 -9.122 -9.486 -9.527 -9.442 -9.197 -9.502 -9.524 -9.436 -9.251 -8.981 -9.502 -9.507 -9.347 -9.156 -8.94 -9.508 -9.356 -9.165 -9.005 -8.925 -9.339 -9.449 -9.266 -8.442 -7.991 -7.438 -9.354
0.011173 -8.647 -8.906 -9.144 -9.518 -9.564 -9.484 -9.225 -9.535 -9.562 -9.478 -9.296 -9.028 -9.534 -9.546 -9.39 -9.202 -8.988 -9.547 -9.4 -9.211 -9.053 -8.973 -9.382 -9.49 -9.311 -8.492 -8.042 -7.491 -9.396
0.011511 -8.658 -8.922 -9.165 -9.55 -9.602 -9.525 -9.253 -9.567 -9.599 -9.519 -9.341 -9.076 -9.567 -9.585 -9.434 -9.248 -9.036 -9.587 -9.443 -9.257 -9.1 -9.021 -9.425 -9.531 -9.355 -8.542 -8.094 -7.544 -9.438
0.011859 -8.669 -8.937 -9.186 -9.581 -9.639 -9.567 -9.281 -9.6 -9.636 -9.561 -9.385 -9.123 -9.599 -9.623 -9.477 -9.294 -9.084 -9.626 -9.486 -9.303 -9.147 -9.068 -9.467 -9.572 -9.4 -8.592 -8.145 -7.596 -9.48
0.012217 -8.68 -8.951 -9.207 -9.612 -9.675 -9.608 -9.308 -9.632 -9.673 -9.602 -9.43 -9.17 -9.631 -9.661 -9.521 -9.34 -9.131 -9.665 -9.529 -9.348 -9.194 -9.115 -9.51 -9.612 -9.444 -8.642 -8.197 -7.649 -9.521
0.012587 -8.69 -8.965 -9.227 -9.642 -9.712 -9.649 -9.335 -9.663 -9.71 -9.643 -9.474 -9.217 -9.662 -9.7 -9.564 -9.385 -9.178 -9.703 -9.572 -9.394 -9.241 -9.162 -9.552 -9.652 -9.488 -8.692 -8.248 -7.701 -9.563
0.012968 -8.699 -8.978 -9.247 -9.672 -9.748 -9.69 -9.362 -9.694 -9.746 -9.684 -9.518 -9.264 -9.693 -9.737 -9.606 -9.431 -9.226 -9.742 -9.615 -9.439 -9.287 -9.209 -9.594 -9.692 -9.532 -8.742 -8.299 -7.753 -9.604
0.01336 -8.708 -8.99 -9.266 -9.702 -9.784 -9.73 -9.389 -9.725 -9.782 -9.725 -9.562 -9.31 -9.723 -9.775 -9.649 -9.476 -9.273 -9.78 -9.658 -9.484 -9.334 -9.256 -9.635 -9.732 -9.575 -8.792 -8.35 -7.806 -9.645
0.013764 -8.716 -9.002 -9.284 -9.731 -9.819 -9.771 -9.415 -9.755 -9.817 -9.765 -9.605 -9.357 -9.753 -9.812 -9.691 -9.521 -9.319 -9.818 -9.7 -9.529 -9.38 -9.303 -9.677 -9.771 -9.619 -8.841 -8.401 -7.858 -9.686
0.01418 -8.723 -9.014 -9.302 -9.76 -9.855 -9.81 -9.44 -9.785 -9.853 -9.805 -9.649 -9.403 -9.783 -9.849 -9.733 -9.566 -9.366 -9.855 -9.742 -9.574 -9.426 -9.35 -9.718 -9.81 -9.662 -8.891 -8.452 -7.91 -9.726
0.014609 -8.73 -9.025 -9.32 -9.788 -9.889 -9.85 -9.466 -9.815 -9.888 -9.845 -9.692 -9.449 -9.813 -9.886 -9.775 -9.61 -9.413 -9.893 -9.784 -9.618 -9.472 -9.396 -9.759 -9.849 -9.705 -8.94 -8.503 -7.962 -9.766
0.015051 -8.736 -9.035 -9.337 -9.816 -9.924 -9.89 -9.491 -9.844 -9.922 -9.884 -9.735 -9.495 -9.842 -9.922 -9.817 -9.655 -9.459 -9.93 -9.825 -9.663 -9.518 -9.443 -9.8 -9.888 -9.748 -8.989 -8.553 -8.014 -9.806
0.015506 -8.742 -9.044 -9.353 -9.844 -9.958 -9.929 -9.516 -9.873 -9.957 -9.924 -9.778 -9.541 -9.87 -9.958 -9.859 -9.699 -9.506 -9.966 -9.867 -9.707 -9.564 -9.489 -9.841 -9.926 -9.791 -9.038 -8.604 -8.066 -9.846
0.015975 -8.747 -9.053 -9.369 -9.871 -9.992 -9.968 -9.54 -9.901 -9.991 -9.963 -9.821 -9.587 -9.898 -9.994 -9.9 -9.743 -9.552 -10.003 -9.908 -9.751 -9.61 -9.535 -9.881 -9.964 -9.833 -9.088 -8.655 -8.117 -9.886
0.016458 -8.751 -9.061 -9.384 -9.898 -10.026 -10.007 -9.565 -9.929 -10.024 -10.002 -9.863 -9.632 -9.926 -10.029 -9.941 -9.787 -9.598 -10.039 -9.949 -9.795 -9.655 -9.581 -9.922 -10.002 -9.875 -9.136 -8.705 -8.169 -9.925
0.016956 -8.755 -9.069 -9.399 -9.925 -10.059 -10.045 -9.588 -9.957 -10.058 -10.04 -9.905 -9.678 -9.953 -10.064 -9.982 -9.831 -9.644 -10.075 -9.99 -9.839 -9.7 -9.627 -9.961 -10.04 -9.917 -9.185 -8.756 -8.221 -9.964
0.017469 -8.758 -9.076 -9.414 -9.951 -10.092 -10.084 -9.612 -9.984 -10.091 -10.079 -9.947 -9.723 -9.98 -10.099 -10.022 -9.874 -9.689 -10.11 -10.03 -9.882 -9.746 -9.673 -10.001 -10.077 -9.959 -9.234 -8.806 -8.273 -10.003
0.017997 -8.761 -9.082 -9.428 -9.976 -10.125 -10.122 -9.635 -10.011 -10.123 -10.117 -9.989 -9.768 -10.007 -10.134 -10.063 -9.918 -9.735 -10.146 -10.071 -9.926 -9.791 -9.719 -10.041 -10.114 -10.001 -9.283 -8.856 -8.324 -10.042
0.018541 -8.763 -9.088 -9.441 -10.001 -10.157 -10.159 -9.658 -10.038 -10.156 -10.155 -10.031 -9.813 -10.033 -10.168 -10.103 -9.961 -9.78 -10.181 -10.111 -9.969 -9.835 -9.764 -10.08 -10.151 -10.042 -9.331 -8.906 -8.376 -10.081
0.019102 -8.764 -9.092 -9.454 -10.026 -10.189 -10.197 -9.681 -10.064 -10.188 -10.192 -10.073 -9.858 -10.059 -10.202 -10.143 -10.004 -9.825 -10.215 -10.151 -10.012 -9.88 -9.81 -10.119 -10.188 -10.084 -9.379 -8.956 -8.427 -10.119
0.01968 -8.765 -9.097 -9.466 -10.05 -10.221 -10.234 -9.703 -10.089 -10.22 -10.23 -10.114 -9.903 -10.084 -10.236 -10.182 -10.047 -9.871 -10.25 -10.19 -10.055 -9.925 -9.855 -10.158 -10.224 -10.125 -9.428 -9.006 -8.478 -10.157
0.020275 -8.765 -9.1 -9.477 -10.074 -10.252 -10.271 -9.725 -10.114 -10.251 -10.267 -10.155 -9.947 -10.109 -10.269 -10.222 -10.09 -9.915 -10.284 -10.23 -10.097 -9.969 -9.9 -10.197 -10.26 -10.165 -9.476 -9.056 -8.529 -10.195
0.020888 -8.764 -9.103 -9.488 -10.098 -10.283 -10.307 -9.746 -10.139 -10.282 -10.303 -10.196 -9.991 -10.133 -10.302 -10.261 -10.132 -9.96 -10.317 -10.269 -10.14 -10.013 -9.945 -10.235 -10.296 -10.206 -9.524 -9.106 -8.581 -10.232
0.02152 -8.763 -9.105 -9.499 -10.12 -10.314 -10.344 -9.768 -10.163 -10.313 -10.34 -10.236 -10.036 -10.157 -10.335 -10.3 -10.174 -10.005 -10.351 -10.308 -10.182 -10.057 -9.99 -10.273 -10.331 -10.246 -9.572 -9.156 -8.632 -10.269
0.022171 -8.761 -9.107 -9.509 -10.143 -10.344 -10.38 -9.788 -10.187 -10.343 -10.376 -10.277 -10.079 -10.181 -10.367 -10.339 -10.216 -10.049 -10.384 -10.347 -10.224 -10.101 -10.035 -10.311 -10.366 -10.286 -9.62 -9.205 -8.683 -10.306
0.022841 -8.758 -9.107 -9.518 -10.165 -10.374 -10.416 -9.809 -10.21 -10.373 -10.412 -10.317 -10.123 -10.204 -10.399 -10.377 -10.258 -10.094 -10.417 -10.385 -10.266 -10.145 -10.079 -10.349 -10.401 -10.326 -9.667 -9.255 -8.734 -10.343
0.023532 -8.755 -9.107 -9.527 -10.186 -10.403 -10.451 -9.829 -10.233 -10.402 -10.448 -10.357 -10.167 -10.226 -10.431 -10.416 -10.3 -10.138 -10.449 -10.423 -10.307 -10.189 -10.124 -10.386 -10.436 -10.366 -9.715 -9.304 -8.785 -10.38
0.024244 -8.751 -9.107 -9.535 -10.207 -10.432 -10.486 -9.849 -10.256 -10.432 -10.483 -10.397 -10.21 -10.248 -10.462 -10.454 -10.341 -10.182 -10.482 -10.461 -10.349 -10.232 -10.168 -10.423 -10.47 -10.406 -9.762 -9.353 -8.836 -10.416
0.024977 -8.746 -9.105 -9.542 -10.228 -10.461 -10.521 -9.869 -10.278 -10.46 -10.518 -10.436 -10.254 -10.27 -10.493 -10.491 -10.383 -10.225 -10.513 -10.499 -10.39 -10.275 -10.212 -10.46 -10.504 -10.445 -9.81 -9.403 -8.886 -10.452
0.025733 -8.741 -9.103 -9.549 -10.248 -10.489 -10.556 -9.888 -10.299 -10.489 -10.553 -10.475 -10.297 -10.291 -10.523 -10.529 -10.424 -10.269 -10.545 -10.537 -10.431 -10.318 -10.256 -10.497 -10.537 -10.484 -9.857 -9.452 -8.937 -10.488
0.026511 -8.735 -9.1 -9.556 -10.268 -10.517 -10.59 -9.907 -10.32 -10.517 -10.587 -10.514 -10.34 -10.312 -10.554 -10.566 -10.464 -10.312 -10.576 -10.574 -10.472 -10.361 -10.3 -10.533 -10.571 -10.523 -9.904 -9.501 -8.988 -10.523
0.027313 -8.729 -9.096 -9.561 -10.287 -10.545 -10.624 -9.925 -10.341 -10.544 -10.621 -10.553 -10.382 -10.332 -10.584 -10.603 -10.505 -10.356 -10.607 -10.611 -10.513 -10.404 -10.344 -10.569 -10.604 -10.561 -9.951 -9.55 -9.038 -10.559
0.028139 -8.721 -9.092 -9.566 -10.305 -10.572 -10.658 -9.944 -10.361 -10.572 -10.655 -10.592 -10.425 -10.352 -10.613 -10.64 -10.545 -10.399 -10.637 -10.647 -10.553 -10.446 -10.387 -10.605 -10.637 -10.599 -9.998 -9.599 -9.089 -10.594
0.02899 -8.713 -9.086 -9.571 -10.323 -10.599 -10.691 -9.961 -10.38 -10.599 -10.689 -10.63 -10.467 -10.371 -10.642 -10.676 -10.586 -10.442 -10.667 -10.684 -10.593 -10.489 -10.43 -10.641 -10.669 -10.637 -10.044 -9.647 -9.139 -10.628
0.029867 -8.705 -9.08 -9.575 -10.341 -10.625 -10.724 -9.979 -10.399 -10.625 -10.722 -10.668 -10.509 -10.389 -10.671 -10.712 -10.626 -10.484 -10.697 -10.72 -10.633 -10.531 -10.474 -10.676 -10.701 -10.675 -10.091 -9.696 -9.189 -10.663
0.03077 -8.695 -9.073 -9.578 -10.358 -10.651 -10.757 -9.996 -10.418 -10.651 -10.755 -10.706 -10.551 -10.408 -10.699 -10.748 -10.665 -10.527 -10.727 -10.756 -10.673 -10.573 -10.517 -10.711 -10.733 -10.713 -10.138 -9.745 -9.24 -10.697
0.031701 -8.685 -9.066 -9.58 -10.374 -10.676 -10.789 -10.013 -10.436 -10.677 -10.787 -10.744 -10.593 -10.425 -10.727 -10.784 -10.705 -10.569 -10.756 -10.791 -10.712 -10.615 -10.56 -10.746 -10.764 -10.75 -10.184 -9.793 -9.29 -10.731
0.032659 -8.675 -9.057 -9.582 -10.39 -10.701 -10.822 -10.029 -10.453 -10.702 -10.82 -10.781 -10.635 -10.442 -10.755 -10.819 -10.744 -10.611 -10.784 -10.827 -10.752 -10.656 -10.602 -10.78 -10.795 -10.787 -10.23 -9.841 -9.34 -10.764
0.033647 -8.663 -9.048 -9.583 -10.405 -10.726 -10.853 -10.045 -10.47 -10.727 -10.852 -10.818 -10.676 -10.459 -10.782 -10.854 -10.783 -10.653 -10.812 -10.862 -10.791 -10.698 -10.645 -10.814 -10.826 -10.824 -10.276 -9.89 -9.39 -10.798
0.034665 -8.651 -9.037 -9.584 -10.42 -10.75 -10.885 -10.061 -10.487 -10.751 -10.883 -10.855 -10.717 -10.475 -10.809 -10.889 -10.822 -10.695 -10.84 -10.896 -10.83 -10.739 -10.687 -10.848 -10.856 -10.86 -10.322 -9.938 -9.44 -10.831
0.035713 -8.638 -9.026 -9.583 -10.434 -10.774 -10.916 -10.076 -10.502 -10.775 -10.914 -10.891 -10.758 -10.49 -10.835 -10.923 -10.86 -10.737 -10.868 -10.931 -10.868 -10.78 -10.73 -10.882 -10.886 -10.896 -10.368 -9.986 -9.49 -10.864
0.036793 -8.624 -9.014 -9.583 -10.447 -10.797 -10.946 -10.091 -10.518 -10.798 -10.945 -10.928 -10.799 -10.505 -10.861 -10.957 -10.899 -10.778 -10.895 -10.965 -10.907 -10.82 -10.772 -10.915 -10.916 -10.932 -10.413 -10.034 -9.539 -10.896
0.037906 -8.61 -9.001 -9.581 -10.46 -10.82 -10.977 -10.106 -10.532 -10.821 -10.976 -10.963 -10.839 -10.519 -10.887 -10.991 -10.937 -10.819 -10.921 -10.998 -10.945 -10.861 -10.813 -10.948 -10.945 -10.968 -10.459 -10.081 -9.589 -10.928
0.039052 -8.595 -8.987 -9.579 -10.473 -10.842 -11.006 -10.12 -10.547 -10.843 -11.006 -10.999 -10.88 -10.533 -10.912 -11.024 -10.975 -10.86 -10.948 -11.032 -10.982 -10.901 -10.855 -10.981 -10.974 -11.003 -10.504 -10.129 -9.638 -10.96
0.040234 -8.579 -8.973 -9.575 -10.484 -10.864 -11.036 -10.134 -10.56 -10.865 -11.035 -11.035 -10.92 -10.546 -10.937 -11.057 -11.012 -10.901 -10.974 -11.065 -11.02 -10.941 -10.897 -11.013 -11.002 -11.038 -10.549 -10.177 -9.688 -10.992
0.04145 -8.563 -8.957 -9.572 -10.496 -10.886 -11.065 -10.147 -10.573 -10.887 -11.065 -11.07 -10.96 -10.558 -10.961 -11.09 -11.049 -10.941 -10.999 -11.098 -11.057 -10.981 -10.938 -11.045 -11.03 -11.073 -10.594 -10.224 -9.737 -11.023
0.042704 -8.546 -8.94 -9.567 -10.506 -10.906 -11.094 -10.16 -10.585 -10.908 -11.094 -11.104 -10.999 -10.57 -10.985 -11.122 -11.086 -10.982 -11.024 -11.13 -11.094 -11.021 -10.979 -11.077 -11.058 -11.107 -10.639 -10.271 -9.787 -11.054
0.043996 -8.528 -8.923 -9.562 -10.516 -10.927 -11.122 -10.173 -10.597 -10.928 -11.122 -11.139 -11.039 -10.581 -11.008 -11.154 -11.123 -11.022 -11.048 -11.162 -11.131 -11.06 -11.02 -11.108 -11.085 -11.141 -10.684 -10.319 -9.836 -11.084
0.045326 -8.509 -8.904 -9.556 -10.525 -10.947 -11.15 -10.185 -10.608 -10.948 -11.15 -11.173 -11.078 -10.592 -11.031 -11.186 -11.159 -11.061 -11.072 -11.194 -11.168 -11.1 -11.061 -11.139 -11.112 -11.175 -10.729 -10.366 -9.885 -11.114
0.046697 -8.49 -8.885 -9.549 -10.534 -10.966 -11.178 -10.197 -10.618 -10.968 -11.178 -11.207 -11.117 -10.601 -11.053 -11.217 -11.196 -11.101 -11.096 -11.226 -11.204 -11.139 -11.101 -11.17 -11.139 -11.209 -10.773 -10.413 -9.934 -11.144
0.048109 -8.47 -8.864 -9.541 -10.541 -10.985 -11.205 -10.208 -10.628 -10.987 -11.206 -11.24 -11.155 -10.611 -11.075 -11.248 -11.231 -11.14 -11.119 -11.257 -11.24 -11.177 -11.141 -11.2 -11.165 -11.242 -10.817 -10.46 -9.983 -11.174
0.049564 -8.449 -8.843 -9.533 -10.549 -11.003 -11.231 -10.219 -10.637 -11.005 -11.233 -11.274 -11.194 -10.619 -11.097 -11.279 -11.267 -11.179 -11.142 -11.287 -11.275 -11.216 -11.181 -11.23 -11.19 -11.275 -10.861 -10.506 -10.032 -11.203
0.051063 -8.428 -8.82 -9.523 -10.555 -11.02 -11.258 -10.229 -10.646 -11.023 -11.259 -11.307 -11.232 -10.627 -11.117 -11.309 -11.302 -11.218 -11.164 -11.318 -11.311 -11.254 -11.221 -11.26 -11.216 -11.307 -10.905 -10.553 -10.081 -11.232
0.052608 -8.406 -8.796 -9.513 -10.561 -11.038 -11.284 -10.239 -10.653 -11.04 -11.285 -11.339 -11.27 -10.634 -11.138 -11.339 -11.337 -11.257 -11.186 -11.348 -11.346 -11.292 -11.261 -11.289 -11.24 -11.339 -10.949 -10.599 -10.129 -11.26
0.054199 -8.383 -8.772 -9.502 -10.566 -11.054 -11.309 -10.249 -10.66 -11.057 -11.311 -11.371 -11.307 -10.64 -11.158 -11.369 -11.372 -11.295 -11.207 -11.377 -11.38 -11.33 -11.3 -11.318 -11.265 -11.371 -10.993 -10.646 -10.178 -11.289
0.055838 -8.359 -8.746 -9.49 -10.57 -11.07 -11.334 -10.258 -10.667 -11.073 -11.336 -11.403 -11.345 -10.646 -11.177 -11.398 -11.406 -11.333 -11.228 -11.406 -11.415 -11.367 -11.339 -11.347 -11.289 -11.402 -11.036 -10.692 -10.226 -11.316
0.057527 -8.335 -8.719 -9.478 -10.573 -11.085 -11.358 -10.267 -10.672 -11.089 -11.36 -11.434 -11.382 -10.651 -11.196 -11.426 -11.44 -11.371 -11.248 -11.435 -11.449 -11.404 -11.378 -11.375 -11.312 -11.433 -11.079 -10.738 -10.274 -11.344
0.059267 -8.31 -8.691 -9.464 -10.576 -11.1 -11.382 -10.275 -10.677 -11.104 -11.385 -11.466 -11.419 -10.655 -11.214 -11.455 -11.474 -11.408 -11.267 -11.463 -11.483 -11.441 -11.417 -11.402 -11.335 -11.464 -11.122 -10.784 -10.323 -11.371
0.061059 -8.284 -8.661 -9.45 -10.578 -11.114 -11.405 -10.283 -10.681 -11.118 -11.408 -11.496 -11.455 -10.659 -11.231 -11.482 -11.507 -11.446 -11.286 -11.491 -11.516 -11.478 -11.455 -11.43 -11.357 -11.494 -11.165 -10.829 -10.371 -11.397
0.062906 -8.258 -8.631 -9.434 -10.579 -11.128 -11.428 -10.29 -10.684 -11.132 -11.431 -11.527 -11.491 -10.661 -11.248 -11.51 -11.54 -11.483 -11.305 -11.519 -11.549 -11.514 -11.494 -11.457 -11.379 -11.524 -11.207 -10.875 -10.419 -11.424
0.064808 -8.23 -8.599 -9.418 -10.579 -11.14 -11.451 -10.297 -10.687 -11.145 -11.454 -11.557 -11.527 -10.663 -11.265 -11.537 -11.572 -11.519 -11.323 -11.546 -11.582 -11.55 -11.531 -11.483 -11.4 -11.554 -11.25 -10.92 -10.466 -11.449
0.066769 -8.203 -8.566 -9.401 -10.579 -11.152 -11.473 -10.303 -10.689 -11.157 -11.476 -11.586 -11.563 -10.664 -11.28 -11.563 -11.605 -11.556 -11.34 -11.572 -11.614 -11.586 -11.569 -11.509 -11.421 -11.583 -11.292 -10.966 -10.514 -11.475
0.068788 -8.174 -8.532 -9.382 -10.577 -11.164 -11.494 -10.308 -10.689 -11.169 -11.498 -11.615 -11.598 -10.664 -11.296 -11.589 -11.636 -11.592 -11.357 -11.599 -11.646 -11.621 -11.606 -11.535 -11.441 -11.611 -11.334 -11.011 -10.562 -11.5
0.070868 -8.145 -8.496 -9.363 -10.575 -11.175 -11.515 -10.314 -10.689 -11.18 -11.519 -11.644 -11.633 -10.663 -11.31 -11.615 -11.668 -11.627 -11.373 -11.624 -11.678 -11.656 -11.643 -11.56 -11.461 -11.64 -11.376 -11.056 -10.609 -11.524
0.073012 -8.116 -8.46 -9.343 -10.572 -11.185 -11.535 -10.318 -10.689 -11.19 -11.54 -11.672 -11.667 -10.662 -11.324 -11.64 -11.699 -11.663 -11.389 -11.649 -11.709 -11.691 -11.68 -11.585 -11.48 -11.668 -11.417 -11.1 -10.657 -11.548
0.07522 -8.085 -8.421 -9.322 -10.568 -11.194 -11.554 -10.322 -10.687 -11.2 -11.559 -11.7 -11.702 -10.659 -11.337 -11.664 -11.729 -11.698 -11.403 -11.674 -11.739 -11.725 -11.717 -11.609 -11.499 -11.695 -11.458 -11.145 -10.704 -11.572
0.077495 -8.054 -8.382 -9.3 -10.562 -11.202 -11.573 -10.326 -10.684 -11.208 -11.579 -11.727 -11.736 -10.656 -11.35 -11.688 -11.76 -11.732 -11.418 -11.698 -11.77 -11.759 -11.753 -11.633 -11.517 -11.722 -11.499 -11.189 -10.751 -11.595
