web/models/kne.last_good/kappa_0.5_3.0.v1/13/villar_0.0775_0.4687_0.5000.dat
# %ECSV 1.0
# ---
# datatype:
# - {name: time, datatype: float64}
# - {name: swift_uvot_uvw2, datatype: float64}
# - {name: swift_uvot_uvm2, datatype: float64}
# - {name: swift_uvot_uvw1, datatype: float64}
# - {name: swift_uvot_U, datatype: float64}
# - {name: swift_uvot_B, datatype: float64}
# - {name: swift_uvot_V, datatype: float64}
# - {name: swift_uvot_W, datatype: float64}
# - {name: johnson_U, datatype: float64}
# - {name: johnson_B, datatype: float64}
# - {name: johnson_V, datatype: float64}
# - {name: johnson_R, datatype: float64}
# - {name: johnson_I, datatype: float64}
# - {name: sdss_u, datatype: float64}
# - {name: sdss_g, datatype: float64}
# - {name: sdss_r, datatype: float64}
# - {name: sdss_i, datatype: float64}
# - {name: sdss_z, datatype: float64}
# - {name: PS1_g, datatype: float64}
# - {name: PS1_r, datatype: float64}
# - {name: PS1_i, datatype: float64}
# - {name: PS1_z, datatype: float64}
# - {name: PS1_Y, datatype: float64}
# - {name: PS1_w, datatype: float64}
# - {name: ATLAS_c, datatype: float64}
# - {name: ATLAS_o, datatype: float64}
# - {name: ukirt_J, datatype: float64}
# - {name: ukirt_H, datatype: float64}
# - {name: ukirt_K, datatype: float64}
# - {name: Clear, datatype: float64}
# meta: !!omap
# - comment: [kappa = 0.5, type = villar, mass = 0.07749594937791414, velocity = 0.4686666666666667, theta_obs = 0.0]
# schema: astropy-2.0
time swift_uvot_uvw2 swift_uvot_uvm2 swift_uvot_uvw1 swift_uvot_U swift_uvot_B swift_uvot_V swift_uvot_W johnson_U johnson_B johnson_V johnson_R johnson_I sdss_u sdss_g sdss_r sdss_i sdss_z PS1_g PS1_r PS1_i PS1_z PS1_Y PS1_w ATLAS_c ATLAS_o ukirt_J ukirt_H ukirt_K Clear
[from data line 279]
4.07684 -5.338 -0.123 12.686 17.287 9.476 4.044 -3.072 15.963 8.375 3.13 -2.247 -5.59 16.796 6.835 0.88 -2.724 -5.514 -6.604 -6.401 -6.459 -7.005 -8.707 -1.549 2.648 -1.832 -9.23 -11.307 -12.794 -8.372
4.200141 -4.748 0.468 15.213 20.898 12.348 6.439 -2.48 19.448 11.047 5.346 -0.588 -4.24 20.37 9.446 2.952 -1.007 -4.101 -6.013 -5.809 -5.844 -6.32 -8.053 0.183 4.814 -0.094 -8.202 -10.542 -12.241 -7.779
4.327172 -4.076 1.14 18.095 25.036 15.636 9.185 -1.807 23.437 14.094 7.869 1.301 -2.702 24.462 12.435 5.327 0.962 -2.482 -5.341 -5.137 -5.162 -5.601 -7.346 2.168 7.296 1.894 -7.018 -9.658 -11.599 -7.106
4.458044 -3.307 1.908 21.4 29.798 19.42 12.347 -1.039 28.024 17.586 10.751 3.458 -0.945 29.166 15.875 8.062 3.231 -0.621 -4.573 -4.368 -4.391 -4.813 -6.56 4.451 10.153 4.181 -5.646 -8.633 -10.851 -6.337
4.592874 -2.424 2.791 25.214 35.308 23.795 16.005 -0.156 33.325 21.609 14.058 5.932 1.071 34.601 19.851 11.227 5.857 1.526 -3.69 -3.485 -3.507 -3.923 -5.669 7.091 13.458 6.825 -4.051 -7.44 -9.977 -5.454
4.731783 -1.891 3.325 26.559 37.126 25.297 17.309 0.377 35.082 23.011 15.26 6.903 1.916 36.396 21.242 12.394 6.874 2.409 -3.157 -2.952 -2.973 -3.389 -5.135 8.112 14.664 7.847 -3.318 -6.818 -9.444 -4.921
4.874892 -1.483 3.733 26.967 37.534 25.705 17.717 0.785 35.49 23.419 15.668 7.311 2.324 36.804 21.65 12.802 7.282 2.817 -2.749 -2.544 -2.565 -2.981 -4.727 8.52 15.072 8.255 -2.91 -6.41 -9.036 -4.513
5.02233 -1.05 4.166 27.401 37.967 26.138 18.15 1.218 35.923 23.852 16.101 7.744 2.758 37.237 22.083 13.235 7.715 3.25 -2.316 -2.111 -2.132 -2.548 -4.294 8.953 15.505 8.688 -2.477 -5.977 -8.603 -4.079
5.174227 -0.59 4.625 27.86 38.426 26.598 18.609 1.678 36.383 24.312 16.561 8.204 3.217 37.697 22.543 13.695 8.175 3.71 -1.856 -1.651 -1.673 -2.088 -3.834 9.413 15.965 9.148 -2.017 -5.518 -8.143 -3.62
5.330718 -0.102 5.113 28.348 38.914 27.086 19.097 2.166 36.871 24.8 17.049 8.692 3.705 38.185 23.031 14.183 8.663 4.197 -1.368 -1.163 -1.185 -1.6 -3.346 9.901 16.453 9.636 -1.529 -5.03 -7.656 -3.132
5.491942 0.416 5.631 28.866 39.432 27.604 19.615 2.684 37.389 25.318 17.566 9.21 4.223 38.703 23.549 14.701 9.181 4.715 -0.85 -0.645 -0.667 -1.082 -2.828 10.419 16.97 10.154 -1.011 -4.512 -7.138 -2.614
5.658042 0.965 6.181 29.416 39.982 28.153 20.165 3.234 37.939 25.867 18.116 9.76 4.773 39.253 24.098 15.25 9.731 5.265 -0.3 -0.096 -0.117 -0.532 -2.278 10.969 17.52 10.703 -0.461 -3.962 -6.588 -2.064
5.829166 1.549 6.764 29.999 40.565 28.737 20.748 3.817 38.522 26.451 18.7 10.343 5.356 39.836 24.682 15.834 10.314 5.848 0.283 0.488 0.466 0.051 -1.695 11.552 18.104 11.287 0.122 -3.379 -6.004 -1.481
6.005465 2.168 7.384 30.618 41.185 29.356 21.368 4.436 39.141 27.07 19.319 10.962 5.975 40.455 25.301 16.453 10.933 6.468 0.902 1.107 1.086 0.67 -1.076 12.171 18.723 11.906 0.741 -2.759 -5.385 -0.862
6.187096 2.825 8.041 31.276 41.842 30.013 22.025 5.094 39.799 27.727 19.976 11.62 6.633 41.113 25.958 17.11 11.591 7.125 1.56 1.764 1.743 1.328 -0.418 12.829 19.38 12.563 1.399 -2.102 -4.728 -0.204
6.37422 3.523 8.738 31.973 42.539 30.711 22.723 5.791 40.496 28.425 20.674 12.317 7.33 41.81 26.656 17.808 12.288 7.823 2.257 2.462 2.44 2.025 0.279 13.526 20.078 13.261 2.096 -1.404 -4.03 0.493
6.567004 4.263 9.479 32.714 43.28 31.451 23.463 6.532 41.237 29.166 21.414 13.058 8.071 42.551 27.396 18.549 13.029 8.563 2.998 3.202 3.181 2.766 1.02 14.267 20.818 14.001 2.837 -0.664 -3.29 1.234
6.765619 5.049 10.265 33.5 44.066 32.237 24.249 7.318 42.023 29.952 22.2 13.844 8.857 43.337 28.182 19.335 13.815 9.349 3.784 3.988 3.967 3.552 1.806 15.053 21.604 14.787 3.623 0.122 -2.504 2.02
6.97024 5.884 11.099 34.334 44.9 33.072 25.083 8.152 42.857 30.786 23.034 14.678 9.691 44.171 29.017 20.169 14.649 10.183 4.618 4.823 4.801 4.386 2.64 15.887 22.438 15.622 4.457 0.956 -1.67 2.854
7.181051 6.769 11.985 35.219 45.786 33.957 25.969 9.037 43.742 31.671 23.92 15.563 10.576 45.056 29.902 21.054 15.534 11.069 5.503 5.708 5.687 5.271 3.525 16.772 23.324 16.507 5.342 1.842 -0.784 3.74
7.398237 7.709 12.924 36.159 46.725 34.897 26.909 9.977 44.682 32.611 24.86 16.503 11.516 45.996 30.842 21.994 16.474 12.009 6.443 6.648 6.626 6.211 4.465 17.712 24.264 17.447 6.282 2.781 0.156 4.679
7.621991 8.706 13.922 37.157 47.723 35.894 27.906 10.975 45.68 33.609 25.857 17.501 12.514 46.994 31.839 22.992 17.472 13.006 7.441 7.645 7.624 7.209 5.463 18.71 25.261 18.444 7.28 3.779 1.153 5.677
7.852513 9.765 14.981 38.216 48.782 36.953 28.965 12.033 46.739 34.667 26.916 18.559 13.573 48.053 32.898 24.05 18.53 14.065 8.499 8.704 8.683 8.267 6.522 19.768 26.32 19.503 8.338 4.838 2.212 6.736
8.090007 10.889 16.105 39.339 49.905 38.077 30.089 13.157 47.862 35.791 28.04 19.683 14.696 49.176 34.022 25.174 19.654 15.189 9.623 9.828 9.807 9.391 7.645 20.892 27.444 20.627 9.462 5.962 3.336 7.859
8.334684 12.082 17.297 40.532 51.098 39.27 31.281 14.35 49.055 36.984 29.233 20.876 15.889 50.369 35.215 26.367 20.847 16.381 10.816 11.021 10.999 10.584 8.838 22.085 28.637 21.82 10.655 7.154 4.529 9.052
8.586761 13.348 18.563 41.798 52.364 40.536 32.547 15.616 50.321 38.25 30.499 22.142 17.155 51.635 36.481 27.633 22.113 17.648 12.082 12.287 12.265 11.85 10.104 23.351 29.903 23.086 11.921 8.42 5.795 10.318
8.846461 14.691 19.907 43.142 53.708 41.879 33.891 16.96 51.665 39.594 31.842 23.486 18.499 52.979 37.824 28.977 23.457 18.991 13.426 13.631 13.609 13.194 11.448 24.695 31.246 24.43 13.265 9.764 7.138 11.662
9.114017 16.118 21.333 44.568 55.134 43.306 35.317 18.386 53.091 41.02 33.269 24.912 19.925 54.405 39.251 30.403 24.883 20.418 14.852 15.057 15.035 14.62 12.874 26.121 32.673 25.856 14.691 11.19 8.565 13.088
9.389664 17.632 22.847 46.082 56.648 44.82 36.831 19.9 54.605 42.534 34.783 26.426 21.439 55.919 40.765 31.917 26.397 21.931 16.366 16.571 16.549 16.134 14.388 27.635 34.186 27.37 16.205 12.704 10.078 14.602
9.673648 19.238 24.454 47.689 58.255 46.426 38.438 21.507 56.212 44.141 36.389 28.033 23.046 57.526 42.371 33.524 28.004 23.538 17.973 18.178 18.156 17.741 15.995 29.242 35.793 28.977 17.812 14.311 11.685 16.209
9.966221 20.944 26.16 49.394 59.961 48.132 40.144 23.212 57.917 45.846 38.095 29.738 24.751 59.231 44.077 35.229 29.709 25.244 19.678 19.883 19.862 19.446 17.7 30.947 37.499 30.682 19.517 16.017 13.391 17.914
10.267642 22.754 27.97 51.205 61.771 49.942 41.954 25.022 59.728 47.656 39.905 31.549 26.562 61.042 45.887 37.039 31.52 27.054 21.488 21.693 21.672 21.256 19.511 32.758 39.309 32.492 21.327 17.827 15.201 19.725
10.57818 24.675 29.891 53.126 63.692 51.863 43.875 26.944 61.649 49.578 41.826 33.47 28.483 62.963 47.808 38.961 33.441 28.975 23.41 23.615 23.593 23.178 21.432 34.679 41.23 34.414 23.249 19.748 17.122 21.646
10.89811 26.715 31.93 55.165 65.731 53.903 45.915 28.983 63.688 51.617 43.866 35.509 30.522 65.002 49.848 41.0 35.48 31.015 25.449 25.654 25.632 25.217 23.471 36.718 43.27 36.453 25.288 21.787 19.162 23.685
11.227716 28.879 34.095 57.33 67.896 56.067 48.079 31.148 65.853 53.782 46.03 37.674 32.687 67.167 52.012 43.165 37.645 33.179 27.614 27.818 27.797 27.382 25.636 38.883 45.434 38.617 27.453 23.952 21.326 25.85
11.56729 31.177 36.392 59.627 70.193 58.365 50.377 33.445 68.15 56.079 48.328 39.971 34.984 69.464 54.31 45.462 39.942 35.477 29.911 30.116 30.094 29.679 27.933 41.18 47.732 40.915 29.75 26.249 23.624 28.147
11.917135 33.615 38.831 62.066 72.632 60.803 52.815 35.884 70.589 58.518 50.766 42.41 37.423 71.903 56.748 47.901 42.381 37.915 32.35 32.554 32.533 32.118 30.372 43.619 50.17 43.353 32.189 28.688 26.062 30.586
12.277561 36.204 41.419 64.654 75.22 63.392 55.403 38.472 73.177 61.106 53.355 44.998 40.011 74.491 59.337 50.489 44.969 40.503 34.938 35.143 35.121 34.706 32.96 46.207 52.759 45.942 34.777 31.276 28.65 33.174
12.648887 38.951 44.166 67.401 77.967 66.139 58.151 41.219 75.924 63.853 56.102 47.745 42.758 77.238 62.084 53.236 47.716 43.251 37.685 37.89 37.868 37.453 35.707 48.954 55.506 48.689 37.524 34.024 31.398 35.921
13.031444 41.867 47.082 70.317 80.883 69.055 61.066 44.135 78.84 66.769 59.018 50.661 45.674 80.154 65.0 56.152 50.632 46.167 40.601 40.806 40.784 40.369 38.623 51.87 58.422 51.605 40.44 36.939 34.314 38.837
13.425571 44.962 50.177 73.412 83.978 72.15 64.161 47.23 81.935 69.864 62.113 53.756 48.769 83.249 68.095 59.247 53.727 49.261 43.696 43.901 43.879 43.464 41.718 54.965 61.517 54.7 43.535 40.034 37.409 41.932
13.831619 48.247 53.462 76.697 87.263 75.435 67.446 50.515 85.22 73.149 65.398 57.041 52.054 86.534 71.38 62.532 57.012 52.546 46.981 47.186 47.164 46.749 45.003 58.25 64.802 57.985 46.82 43.319 40.693 45.217
14.249947 51.733 56.949 80.184 90.75 78.921 70.933 54.002 88.707 76.636 68.884 60.528 55.541 90.021 74.866 66.018 60.499 56.033 50.468 50.672 50.651 50.236 48.49 61.737 68.288 61.471 50.307 46.806 44.18 48.704
14.680926 55.434 60.65 83.885 94.451 82.622 74.634 57.702 92.408 80.336 72.585 64.228 59.242 93.722 78.567 69.719 64.199 59.734 54.168 54.373 54.352 53.936 52.191 65.437 71.989 65.172 54.007 50.507 47.881 52.405
15.124941 59.362 64.578 87.813 98.379 86.55 78.562 61.63 96.336 84.264 76.513 68.156 63.17 97.65 82.495 73.647 68.127 63.662 58.096 58.301 58.28 57.864 56.119 69.365 75.917 69.1 57.935 54.435 51.809 56.333
15.582385 63.531 68.747 91.982 102.548 90.719 82.731 65.8 100.505 88.434 80.682 72.326 67.339 101.819 86.664 77.816 72.297 67.831 62.266 62.47 62.449 62.034 60.288 73.535 80.086 73.269 62.105 58.604 55.978 60.502
16.053663 67.956 73.172 96.407 106.973 95.145 87.156 70.225 104.93 92.859 85.107 76.751 71.764 106.244 91.09 82.242 76.722 72.256 66.691 66.896 66.874 66.459 64.713 77.96 84.511 77.695 66.53 63.029 60.403 64.927
16.539195 72.653 77.869 101.104 111.67 99.841 91.853 74.922 109.627 97.556 89.804 81.448 76.461 110.941 95.786 86.939 81.419 76.953 71.388 71.593 71.571 71.156 69.41 82.657 89.208 82.392 71.227 67.726 65.1 69.624
17.039412 77.639 82.854 106.089 116.655 104.827 96.838 79.907 114.612 102.541 94.79 86.433 81.446 115.926 100.772 91.924 86.404 81.939 76.373 76.578 76.556 76.141 74.395 87.642 94.194 87.377 76.212 72.711 70.086 74.609
17.554757 82.93 88.146 111.381 121.947 110.118 102.13 85.199 119.904 107.833 100.081 91.725 86.738 121.218 106.063 97.215 91.696 87.23 81.665 81.869 81.848 81.433 79.687 92.934 99.485 92.668 81.504 78.003 75.377 79.901
18.085689 88.547 93.762 116.997 127.563 115.735 107.746 90.815 125.52 113.449 105.698 97.341 92.354 126.834 111.68 102.832 97.312 92.846 87.281 87.486 87.464 87.049 85.303 98.55 105.102 98.285 87.12 83.619 80.993 85.517
18.632678 94.508 99.723 122.958 133.524 121.696 113.708 96.776 131.481 119.41 111.659 103.302 98.315 132.795 117.641 108.793 103.273 98.808 93.242 93.447 93.425 93.01 91.264 104.511 111.063 104.246 93.081 89.581 86.955 91.478
19.196211 100.835 106.051 129.286 139.852 128.023 120.035 103.104 137.809 125.737 117.986 109.63 104.643 139.123 123.968 115.12 109.601 105.135 99.57 99.774 99.753 99.337 97.592 110.839 117.39 110.573 99.408 95.908 93.282 97.806
19.776787 107.551 112.767 136.001 146.568 134.739 126.751 109.819 144.524 132.453 124.702 116.345 111.358 145.838 130.684 121.836 116.316 111.851 106.285 106.49 106.469 106.053 104.307 117.554 124.106 117.289 106.124 102.624 99.998 104.521
20.374923 114.679 119.895 143.13 153.696 141.867 133.879 116.947 151.653 139.581 131.83 123.473 118.487 152.967 137.812 128.964 123.444 118.979 113.413 113.618 113.597 113.181 111.436 124.682 131.234 124.417 113.252 109.752 107.126 111.65
20.991149 122.245 127.461 150.695 161.262 149.433 141.445 124.513 159.218 147.147 139.396 131.039 126.052 160.532 145.378 136.53 131.01 126.545 120.979 121.184 121.163 120.747 119.001 132.248 138.8 131.983 120.818 117.318 114.692 119.215
21.626011 130.275 135.491 158.726 169.292 157.463 149.475 132.544 167.249 155.178 147.426 139.07 134.083 168.563 153.408 144.561 139.041 134.575 129.01 129.214 129.193 128.778 127.032 140.279 146.83 140.013 128.849 125.348 122.722 127.246
22.280075 138.799 144.015 167.249 177.815 165.987 157.999 141.067 175.772 163.701 155.95 147.593 142.606 177.086 161.932 153.084 147.564 143.099 137.533 137.738 137.717 137.301 135.555 148.802 155.354 148.537 137.372 133.872 131.246 135.769
22.953921 147.846 153.061 176.296 186.862 175.034 167.045 150.114 184.819 172.748 164.997 156.64 151.653 186.133 170.979 162.131 156.611 152.146 146.58 146.785 146.763 146.348 144.602 157.849 164.401 157.584 146.419 142.918 140.293 144.816
23.648147 157.448 162.664 185.899 196.465 184.636 176.648 159.717 194.422 182.35 174.599 166.243 161.256 195.736 180.581 171.733 166.214 161.748 156.183 156.387 156.366 155.951 154.205 167.452 174.003 167.186 156.022 152.521 149.895 154.419
24.363369 167.64 172.856 196.091 206.657 194.828 186.84 169.909 204.614 192.542 184.791 176.435 171.448 205.928 190.773 181.925 176.406 171.94 166.375 166.579 166.558 166.143 164.397 177.644 184.195 177.378 166.214 162.713 160.087 164.611
25.100222 178.458 183.674 206.909 217.475 205.646 197.658 180.726 215.431 203.36 195.609 187.252 182.266 216.746 201.591 192.743 187.223 182.758 177.192 177.397 177.376 176.96 175.215 188.461 195.013 188.196 177.031 173.531 170.905 175.429
25.859362 189.94 195.156 218.391 228.957 217.128 209.14 192.209 226.914 214.842 207.091 198.735 193.748 228.228 213.073 204.225 198.706 194.24 188.675 188.879 188.858 188.442 186.697 199.944 206.495 199.678 188.513 185.013 182.387 186.911
26.64146 202.127 207.343 230.578 241.144 229.315 221.327 204.396 239.101 227.03 219.278 210.922 205.935 240.415 225.26 216.412 210.893 206.427 200.862 201.066 201.045 200.63 198.884 212.131 218.682 211.865 200.701 197.2 194.574 199.098
27.447213 215.063 220.278 243.513 254.079 242.251 234.262 217.331 252.036 239.965 232.214 223.857 218.87 253.35 238.196 229.348 223.828 219.363 213.797 214.002 213.98 213.565 211.819 225.066 231.618 224.801 213.636 210.135 207.51 212.033
28.277335 228.792 234.008 257.243 267.809 255.981 247.992 231.061 265.766 253.695 245.943 237.587 232.6 267.08 251.926 243.078 237.558 233.092 227.527 227.732 227.71 227.295 225.549 238.796 245.347 238.531 227.366 223.865 221.239 225.763
29.132564 243.365 248.581 271.816 282.382 270.553 262.565 245.634 280.339 268.268 260.516 252.16 247.173 281.653 266.498 257.651 252.131 247.665 242.1 242.304 242.283 241.868 240.122 253.369 259.92 253.103 241.939 238.438 235.812 240.336
30.013659 258.833 264.049 287.283 297.85 286.021 278.033 261.101 295.806 283.735 275.984 267.627 262.64 297.12 281.966 273.118 267.598 263.133 257.567 257.772 257.751 257.335 255.589 268.836 275.388 268.571 257.406 253.906 251.28 255.803
30.921401 275.25 280.466 303.701 314.267 302.438 294.45 277.519 312.224 300.153 292.401 284.045 279.058 313.538 298.383 289.536 284.016 279.55 273.985 274.189 274.168 273.753 272.007 285.254 291.805 284.988 273.824 270.323 267.697 272.221
31.856598 292.676 297.891 321.126 331.692 319.864 311.876 294.944 329.649 317.578 309.827 301.47 296.483 330.963 315.809 306.961 301.441 296.976 291.41 291.615 291.593 291.178 289.432 302.679 309.231 302.414 291.249 287.748 285.123 289.646
32.820079 311.171 316.387 339.622 350.188 338.359 330.371 313.44 348.145 336.074 328.322 319.966 314.979 349.459 334.304 325.456 319.937 315.471 309.906 310.11 310.089 309.674 307.928 321.175 327.726 320.909 309.745 306.244 303.618 308.142
33.8127 330.802 336.018 359.253 369.819 357.99 350.002 333.071 367.776 355.705 347.953 339.597 334.61 369.09 353.935 345.088 339.568 335.102 329.537 329.742 329.72 329.305 327.559 340.806 347.357 340.541 329.376 325.875 323.249 327.773
34.835342 351.639 356.855 380.089 390.656 378.827 370.839 353.907 388.612 376.541 368.79 360.433 355.446 389.926 374.772 365.924 360.404 355.939 350.373 350.578 350.557 350.141 348.395 361.642 368.194 361.377 350.212 346.712 344.086 348.609
35.888913 373.755 378.971 402.205 412.772 400.943 392.955 376.023 410.728 398.657 390.906 382.549 377.562 412.042 396.888 388.04 382.52 378.055 372.489 372.694 372.673 372.257 370.511 383.758 390.31 383.493 372.328 368.828 366.202 370.725
