web/models/kne.last_good/kappa_0.5_3.0.v1/13/villar_0.0953_0.4217_0.5000.dat
# %ECSV 1.0
# ---
# datatype:
# - {name: time, datatype: float64}
# - {name: swift_uvot_uvw2, datatype: float64}
# - {name: swift_uvot_uvm2, datatype: float64}
# - {name: swift_uvot_uvw1, datatype: float64}
# - {name: swift_uvot_U, datatype: float64}
# - {name: swift_uvot_B, datatype: float64}
# - {name: swift_uvot_V, datatype: float64}
# - {name: swift_uvot_W, datatype: float64}
# - {name: johnson_U, datatype: float64}
# - {name: johnson_B, datatype: float64}
# - {name: johnson_V, datatype: float64}
# - {name: johnson_R, datatype: float64}
# - {name: johnson_I, datatype: float64}
# - {name: sdss_u, datatype: float64}
# - {name: sdss_g, datatype: float64}
# - {name: sdss_r, datatype: float64}
# - {name: sdss_i, datatype: float64}
# - {name: sdss_z, datatype: float64}
# - {name: PS1_g, datatype: float64}
# - {name: PS1_r, datatype: float64}
# - {name: PS1_i, datatype: float64}
# - {name: PS1_z, datatype: float64}
# - {name: PS1_Y, datatype: float64}
# - {name: PS1_w, datatype: float64}
# - {name: ATLAS_c, datatype: float64}
# - {name: ATLAS_o, datatype: float64}
# - {name: ukirt_J, datatype: float64}
# - {name: ukirt_H, datatype: float64}
# - {name: ukirt_K, datatype: float64}
# - {name: Clear, datatype: float64}
# meta: !!omap
# - comment: [kappa = 0.5, type = villar, mass = 0.09533330950298248, velocity = 0.4216666666666667, theta_obs = 0.0]
# schema: astropy-2.0
time swift_uvot_uvw2 swift_uvot_uvm2 swift_uvot_uvw1 swift_uvot_U swift_uvot_B swift_uvot_V swift_uvot_W johnson_U johnson_B johnson_V johnson_R johnson_I sdss_u sdss_g sdss_r sdss_i sdss_z PS1_g PS1_r PS1_i PS1_z PS1_Y PS1_w ATLAS_c ATLAS_o ukirt_J ukirt_H ukirt_K Clear
[from data line 211]
0.537512 -13.381 -13.775 -14.456 -15.462 -15.909 -16.132 -15.13 -15.549 -15.911 -16.133 -16.17 -16.086 -15.531 -16.0 -16.177 -16.161 -16.071 -16.045 -16.185 -16.17 -16.108 -16.073 -16.128 -16.091 -16.171 -15.75 -15.393 -14.917 -16.102
0.553769 -13.346 -13.739 -14.436 -15.459 -15.919 -16.152 -15.132 -15.549 -15.922 -16.153 -16.198 -16.12 -15.531 -16.015 -16.202 -16.192 -16.106 -16.06 -16.21 -16.201 -16.143 -16.109 -16.153 -16.111 -16.198 -15.791 -15.437 -14.964 -16.125
0.570517 -13.31 -13.701 -14.414 -15.456 -15.929 -16.172 -15.133 -15.548 -15.932 -16.173 -16.225 -16.154 -15.529 -16.028 -16.226 -16.222 -16.141 -16.075 -16.235 -16.231 -16.176 -16.145 -16.176 -16.129 -16.225 -15.831 -15.481 -15.01 -16.148
0.587772 -13.273 -13.662 -14.39 -15.451 -15.937 -16.191 -15.134 -15.545 -15.94 -16.192 -16.252 -16.187 -15.525 -16.04 -16.25 -16.252 -16.175 -16.089 -16.258 -16.261 -16.209 -16.18 -16.199 -16.147 -16.252 -15.871 -15.524 -15.056 -16.17
0.605549 -13.234 -13.62 -14.365 -15.445 -15.945 -16.209 -15.133 -15.542 -15.948 -16.211 -16.278 -16.22 -15.521 -16.052 -16.273 -16.281 -16.208 -16.102 -16.281 -16.29 -16.242 -16.214 -16.222 -16.164 -16.277 -15.911 -15.567 -15.101 -16.191
0.623863 -13.193 -13.577 -14.339 -15.437 -15.951 -16.226 -15.132 -15.536 -15.955 -16.228 -16.304 -16.252 -15.515 -16.062 -16.295 -16.31 -16.241 -16.115 -16.304 -16.318 -16.274 -16.249 -16.243 -16.179 -16.302 -15.95 -15.61 -15.147 -16.212
0.642731 -13.152 -13.531 -14.31 -15.428 -15.957 -16.242 -15.129 -15.53 -15.96 -16.245 -16.328 -16.283 -15.508 -16.071 -16.316 -16.337 -16.274 -16.126 -16.325 -16.346 -16.306 -16.282 -16.264 -16.194 -16.327 -15.989 -15.652 -15.192 -16.232
0.66217 -13.108 -13.483 -14.28 -15.417 -15.961 -16.257 -15.126 -15.522 -15.964 -16.26 -16.352 -16.314 -15.499 -16.08 -16.337 -16.364 -16.305 -16.136 -16.346 -16.373 -16.337 -16.316 -16.284 -16.208 -16.35 -16.028 -15.694 -15.236 -16.251
0.682197 -13.063 -13.433 -14.248 -15.405 -15.963 -16.271 -15.121 -15.512 -15.967 -16.275 -16.375 -16.345 -15.488 -16.087 -16.356 -16.391 -16.336 -16.144 -16.365 -16.4 -16.367 -16.348 -16.303 -16.221 -16.373 -16.066 -15.736 -15.281 -16.269
0.70283 -13.016 -13.38 -14.214 -15.391 -15.965 -16.284 -15.115 -15.501 -15.969 -16.288 -16.398 -16.374 -15.476 -16.093 -16.375 -16.416 -16.367 -16.152 -16.384 -16.426 -16.397 -16.38 -16.321 -16.233 -16.394 -16.103 -15.777 -15.325 -16.287
0.724086 -12.968 -13.324 -14.178 -15.375 -15.964 -16.296 -15.108 -15.488 -15.969 -16.3 -16.419 -16.403 -15.462 -16.097 -16.393 -16.441 -16.397 -16.158 -16.402 -16.45 -16.426 -16.412 -16.338 -16.244 -16.415 -16.14 -15.818 -15.369 -16.303
0.745986 -12.917 -13.266 -14.139 -15.358 -15.963 -16.307 -15.1 -15.473 -15.968 -16.312 -16.44 -16.431 -15.447 -16.1 -16.409 -16.465 -16.426 -16.164 -16.419 -16.474 -16.454 -16.443 -16.354 -16.253 -16.435 -16.177 -15.858 -15.413 -16.318
0.768548 -12.866 -13.205 -14.099 -15.338 -15.96 -16.317 -15.09 -15.457 -15.965 -16.322 -16.459 -16.459 -15.429 -16.102 -16.425 -16.488 -16.454 -16.167 -16.434 -16.498 -16.482 -16.473 -16.369 -16.262 -16.454 -16.213 -15.898 -15.456 -16.333
0.791792 -12.812 -13.141 -14.056 -15.317 -15.955 -16.325 -15.079 -15.438 -15.961 -16.33 -16.478 -16.485 -15.41 -16.102 -16.439 -16.51 -16.482 -16.17 -16.449 -16.52 -16.509 -16.502 -16.384 -16.269 -16.472 -16.248 -15.938 -15.499 -16.346
0.815739 -12.756 -13.073 -14.011 -15.293 -15.949 -16.332 -15.066 -15.418 -15.955 -16.338 -16.495 -16.511 -15.388 -16.101 -16.452 -16.531 -16.509 -16.17 -16.462 -16.541 -16.534 -16.531 -16.396 -16.274 -16.489 -16.283 -15.977 -15.541 -16.358
0.840411 -12.699 -13.003 -13.963 -15.267 -15.94 -16.337 -15.052 -15.395 -15.947 -16.343 -16.512 -16.536 -15.364 -16.098 -16.464 -16.551 -16.535 -16.17 -16.474 -16.561 -16.559 -16.559 -16.408 -16.278 -16.505 -16.317 -16.015 -15.583 -16.37
0.865828 -12.64 -12.929 -13.912 -15.239 -15.93 -16.341 -15.037 -15.37 -15.937 -16.348 -16.527 -16.56 -15.338 -16.093 -16.475 -16.57 -16.56 -16.167 -16.485 -16.58 -16.583 -16.586 -16.419 -16.281 -16.519 -16.351 -16.053 -15.625 -16.379
0.892015 -12.579 -12.851 -13.859 -15.208 -15.918 -16.343 -15.019 -15.342 -15.926 -16.351 -16.541 -16.583 -15.309 -16.086 -16.484 -16.587 -16.584 -16.163 -16.495 -16.598 -16.607 -16.612 -16.428 -16.282 -16.532 -16.384 -16.091 -15.666 -16.388
0.918993 -12.516 -12.769 -13.803 -15.175 -15.904 -16.344 -15.0 -15.312 -15.912 -16.352 -16.553 -16.604 -15.278 -16.078 -16.492 -16.604 -16.607 -16.157 -16.503 -16.615 -16.629 -16.637 -16.435 -16.282 -16.544 -16.416 -16.128 -15.707 -16.395
0.946787 -12.452 -12.684 -13.743 -15.138 -15.888 -16.343 -14.979 -15.279 -15.896 -16.351 -16.564 -16.625 -15.244 -16.067 -16.498 -16.619 -16.629 -16.149 -16.509 -16.631 -16.649 -16.661 -16.442 -16.279 -16.555 -16.447 -16.164 -15.747 -16.401
0.975422 -12.385 -12.594 -13.68 -15.099 -15.869 -16.339 -14.956 -15.244 -15.878 -16.348 -16.574 -16.645 -15.207 -16.055 -16.502 -16.633 -16.649 -16.139 -16.514 -16.645 -16.669 -16.685 -16.446 -16.275 -16.564 -16.477 -16.2 -15.787 -16.405
1.004923 -12.317 -12.5 -13.614 -15.057 -15.847 -16.334 -14.93 -15.205 -15.857 -16.344 -16.582 -16.663 -15.167 -16.04 -16.505 -16.646 -16.669 -16.127 -16.517 -16.658 -16.688 -16.707 -16.449 -16.269 -16.571 -16.507 -16.235 -15.826 -16.408
1.035317 -12.248 -12.4 -13.544 -15.011 -15.824 -16.327 -14.903 -15.163 -15.834 -16.337 -16.589 -16.68 -15.124 -16.022 -16.506 -16.657 -16.687 -16.112 -16.518 -16.669 -16.705 -16.728 -16.451 -16.26 -16.577 -16.536 -16.269 -15.865 -16.409
1.066629 -12.177 -12.296 -13.47 -14.962 -15.797 -16.318 -14.873 -15.118 -15.807 -16.328 -16.593 -16.696 -15.077 -16.002 -16.505 -16.666 -16.704 -16.095 -16.517 -16.679 -16.721 -16.747 -16.45 -16.25 -16.581 -16.563 -16.302 -15.903 -16.408
1.098888 -12.104 -12.187 -13.393 -14.909 -15.767 -16.306 -14.841 -15.07 -15.778 -16.317 -16.596 -16.71 -15.027 -15.979 -16.502 -16.674 -16.72 -16.076 -16.515 -16.687 -16.735 -16.766 -16.448 -16.237 -16.583 -16.59 -16.335 -15.94 -16.406
1.132124 -12.03 -12.071 -13.31 -14.853 -15.734 -16.291 -14.806 -15.017 -15.746 -16.304 -16.597 -16.723 -14.973 -15.954 -16.496 -16.679 -16.734 -16.054 -16.51 -16.693 -16.748 -16.783 -16.443 -16.221 -16.583 -16.616 -16.367 -15.977 -16.401
1.166364 -11.955 -11.95 -13.224 -14.792 -15.698 -16.274 -14.768 -14.961 -15.711 -16.287 -16.596 -16.733 -14.915 -15.925 -16.488 -16.683 -16.746 -16.029 -16.502 -16.697 -16.759 -16.798 -16.436 -16.203 -16.581 -16.64 -16.397 -16.012 -16.394
1.20164 -11.878 -11.822 -13.133 -14.727 -15.659 -16.254 -14.727 -14.9 -15.672 -16.268 -16.593 -16.743 -14.853 -15.893 -16.478 -16.685 -16.757 -16.0 -16.493 -16.699 -16.768 -16.812 -16.427 -16.182 -16.576 -16.663 -16.427 -16.048 -16.385
1.237983 -11.801 -11.688 -13.036 -14.657 -15.615 -16.231 -14.683 -14.835 -15.629 -16.246 -16.587 -16.75 -14.785 -15.858 -16.465 -16.685 -16.766 -15.969 -16.48 -16.699 -16.776 -16.824 -16.415 -16.158 -16.57 -16.685 -16.456 -16.082 -16.374
1.275425 -11.724 -11.547 -12.935 -14.582 -15.568 -16.205 -14.636 -14.765 -15.583 -16.221 -16.579 -16.755 -14.713 -15.819 -16.45 -16.682 -16.772 -15.934 -16.465 -16.697 -16.781 -16.835 -16.401 -16.131 -16.56 -16.705 -16.484 -16.115 -16.36
1.313999 -11.646 -11.397 -12.827 -14.501 -15.516 -16.175 -14.585 -14.689 -15.532 -16.192 -16.568 -16.758 -14.636 -15.776 -16.431 -16.677 -16.777 -15.895 -16.447 -16.692 -16.785 -16.843 -16.384 -16.101 -16.548 -16.724 -16.51 -16.148 -16.344
1.35374 -11.568 -11.24 -12.714 -14.415 -15.46 -16.142 -14.531 -14.609 -15.476 -16.16 -16.554 -16.759 -14.553 -15.729 -16.409 -16.669 -16.78 -15.852 -16.426 -16.685 -16.786 -16.85 -16.364 -16.067 -16.533 -16.742 -16.535 -16.179 -16.325
1.394683 -11.491 -11.074 -12.595 -14.323 -15.398 -16.105 -14.472 -14.522 -15.416 -16.123 -16.537 -16.758 -14.464 -15.677 -16.383 -16.658 -16.78 -15.806 -16.401 -16.675 -16.784 -16.854 -16.341 -16.029 -16.515 -16.757 -16.559 -16.209 -16.302
1.436864 -11.414 -10.899 -12.469 -14.225 -15.332 -16.063 -14.409 -14.429 -15.351 -16.083 -16.517 -16.753 -14.369 -15.621 -16.354 -16.644 -16.778 -15.754 -16.372 -16.661 -16.78 -16.856 -16.314 -15.987 -16.494 -16.771 -16.581 -16.239 -16.277
1.480321 -11.338 -10.715 -12.335 -14.119 -15.26 -16.017 -14.342 -14.33 -15.28 -16.038 -16.493 -16.746 -14.267 -15.559 -16.321 -16.627 -16.772 -15.698 -16.34 -16.645 -16.773 -16.856 -16.284 -15.94 -16.469 -16.783 -16.602 -16.267 -16.248
1.525092 -11.263 -10.52 -12.195 -14.006 -15.182 -15.966 -14.27 -14.223 -15.204 -15.988 -16.466 -16.736 -14.157 -15.492 -16.284 -16.607 -16.764 -15.637 -16.304 -16.625 -16.764 -16.853 -16.249 -15.889 -16.44 -16.792 -16.622 -16.293 -16.216
1.571218 -11.19 -10.313 -12.046 -13.885 -15.098 -15.91 -14.193 -14.108 -15.121 -15.934 -16.434 -16.723 -14.04 -15.42 -16.242 -16.582 -16.753 -15.57 -16.263 -16.601 -16.75 -16.847 -16.211 -15.833 -16.407 -16.8 -16.639 -16.319 -16.18
1.618738 -11.119 -10.096 -11.889 -13.756 -15.006 -15.848 -14.11 -13.986 -15.031 -15.873 -16.399 -16.707 -13.914 -15.34 -16.195 -16.554 -16.739 -15.497 -16.217 -16.574 -16.734 -16.838 -16.168 -15.771 -16.37 -16.805 -16.655 -16.343 -16.14
1.667696 -11.049 -9.865 -11.724 -13.617 -14.908 -15.78 -14.021 -13.854 -14.934 -15.807 -16.358 -16.686 -13.779 -15.254 -16.143 -16.521 -16.72 -15.419 -16.166 -16.542 -16.714 -16.825 -16.121 -15.703 -16.328 -16.807 -16.668 -16.365 -16.095
1.718134 -10.982 -9.622 -11.549 -13.468 -14.801 -15.706 -13.926 -13.713 -14.829 -15.734 -16.313 -16.662 -13.635 -15.161 -16.085 -16.484 -16.698 -15.333 -16.109 -16.505 -16.689 -16.809 -16.068 -15.63 -16.281 -16.807 -16.679 -16.385 -16.046
1.770098 -10.916 -9.365 -11.364 -13.309 -14.686 -15.624 -13.825 -13.561 -14.716 -15.655 -16.262 -16.633 -13.479 -15.06 -16.021 -16.441 -16.672 -15.24 -16.047 -16.464 -16.661 -16.79 -16.01 -15.549 -16.229 -16.804 -16.688 -16.404 -15.992
1.823633 -10.853 -9.093 -11.168 -13.138 -14.561 -15.535 -13.716 -13.398 -14.593 -15.568 -16.206 -16.6 -13.313 -14.95 -15.95 -16.394 -16.641 -15.14 -15.978 -16.417 -16.628 -16.766 -15.945 -15.461 -16.171 -16.797 -16.695 -16.421 -15.933
1.878788 -10.791 -8.806 -10.962 -12.955 -14.427 -15.438 -13.599 -13.224 -14.461 -15.473 -16.143 -16.562 -13.134 -14.831 -15.873 -16.34 -16.605 -15.031 -15.902 -16.364 -16.589 -16.737 -15.875 -15.365 -16.106 -16.787 -16.699 -16.436 -15.868
1.93561 -10.731 -8.504 -10.743 -12.758 -14.281 -15.332 -13.474 -13.036 -14.318 -15.369 -16.073 -16.518 -12.942 -14.703 -15.787 -16.28 -16.564 -14.913 -15.819 -16.305 -16.545 -16.704 -15.797 -15.261 -16.034 -16.773 -16.7 -16.448 -15.797
1.994152 -10.672 -8.187 -10.512 -12.547 -14.124 -15.217 -13.34 -12.834 -14.164 -15.256 -15.996 -16.468 -12.735 -14.563 -15.693 -16.212 -16.517 -14.786 -15.727 -16.239 -16.496 -16.665 -15.712 -15.148 -15.955 -16.755 -16.697 -16.458 -15.719
2.054463 -10.613 -7.855 -10.268 -12.32 -13.954 -15.091 -13.197 -12.617 -13.997 -15.133 -15.912 -16.412 -12.513 -14.412 -15.59 -16.138 -16.464 -14.649 -15.627 -16.166 -16.439 -16.621 -15.619 -15.024 -15.868 -16.732 -16.691 -16.466 -15.635
2.116599 -10.554 -7.51 -10.009 -12.075 -13.771 -14.953 -13.043 -12.383 -13.816 -14.999 -15.818 -16.349 -12.274 -14.249 -15.478 -16.055 -16.404 -14.501 -15.517 -16.085 -16.376 -16.571 -15.517 -14.89 -15.772 -16.705 -16.682 -16.47 -15.543
2.180614 -10.495 -7.154 -9.736 -11.812 -13.572 -14.804 -12.878 -12.132 -13.621 -14.853 -15.715 -16.279 -12.016 -14.071 -15.354 -15.963 -16.336 -14.341 -15.397 -15.995 -16.306 -16.514 -15.406 -14.745 -15.667 -16.672 -16.668 -16.472 -15.444
2.246566 -10.435 -6.793 -9.447 -11.529 -13.357 -14.64 -12.701 -11.86 -13.411 -14.693 -15.602 -16.2 -11.738 -13.879 -15.219 -15.862 -16.261 -14.169 -15.265 -15.895 -16.226 -16.45 -15.285 -14.586 -15.551 -16.634 -16.65 -16.47 -15.336
2.314511 -10.372 -6.433 -9.141 -11.224 -13.124 -14.463 -12.511 -11.568 -13.182 -14.52 -15.478 -16.113 -11.439 -13.67 -15.07 -15.75 -16.176 -13.984 -15.121 -15.785 -16.138 -16.377 -15.152 -14.414 -15.424 -16.589 -16.628 -16.465 -15.219
2.384512 -10.307 -6.085 -8.817 -10.894 -12.872 -14.269 -12.308 -11.252 -12.935 -14.33 -15.342 -16.016 -11.115 -13.444 -14.908 -15.626 -16.082 -13.786 -14.964 -15.664 -16.04 -16.296 -15.007 -14.227 -15.285 -16.537 -16.6 -16.455 -15.093
2.45663 -10.239 -5.758 -8.473 -10.538 -12.598 -14.058 -12.089 -10.91 -12.667 -14.124 -15.193 -15.908 -10.765 -13.198 -14.731 -15.49 -15.978 -13.573 -14.793 -15.53 -15.931 -16.206 -14.849 -14.023 -15.133 -16.478 -16.566 -16.441 -14.957
2.530929 -10.166 -5.465 -8.109 -10.153 -12.301 -13.827 -11.854 -10.54 -12.376 -13.899 -15.029 -15.788 -10.386 -12.931 -14.536 -15.34 -15.861 -13.345 -14.606 -15.383 -15.81 -16.105 -14.676 -13.801 -14.965 -16.411 -16.526 -16.423 -14.81
2.607475 -10.089 -5.211 -7.723 -9.736 -11.978 -13.575 -11.601 -10.14 -12.061 -13.653 -14.849 -15.655 -9.976 -12.64 -14.324 -15.174 -15.732 -13.103 -14.401 -15.221 -15.676 -15.993 -14.487 -13.56 -14.782 -16.334 -16.479 -16.4 -14.652
2.686337 -10.006 -4.998 -7.312 -9.284 -11.627 -13.3 -11.33 -9.705 -11.718 -13.385 -14.652 -15.508 -9.531 -12.324 -14.09 -14.992 -15.589 -12.846 -14.178 -15.042 -15.528 -15.868 -14.281 -13.297 -14.58 -16.248 -16.424 -16.37 -14.482
2.767583 -9.916 -4.821 -6.875 -8.794 -11.245 -12.999 -11.038 -9.233 -11.345 -13.091 -14.435 -15.346 -9.047 -11.979 -13.835 -14.79 -15.43 -12.576 -13.935 -14.846 -15.364 -15.729 -14.056 -13.01 -14.36 -16.15 -16.361 -16.335 -14.299
2.851287 -9.819 -4.668 -6.409 -8.26 -10.829 -12.669 -10.725 -8.72 -10.939 -12.77 -14.198 -15.167 -8.521 -11.603 -13.554 -14.569 -15.254 -12.293 -13.671 -14.629 -15.182 -15.576 -13.809 -12.697 -14.117 -16.04 -16.289 -16.293 -14.104
2.937522 -9.714 -4.531 -5.91 -7.68 -10.374 -12.308 -10.388 -8.161 -10.496 -12.419 -13.937 -14.968 -7.949 -11.192 -13.246 -14.324 -15.058 -12.001 -13.382 -14.391 -14.981 -15.405 -13.54 -12.355 -13.851 -15.916 -16.206 -16.243 -13.895
3.026365 -9.599 -4.399 -5.377 -7.047 -9.877 -11.912 -10.028 -7.551 -10.013 -12.034 -13.65 -14.748 -7.323 -10.743 -12.907 -14.053 -14.841 -11.703 -13.069 -14.129 -14.758 -15.216 -13.244 -11.98 -13.558 -15.778 -16.112 -16.184 -13.673
3.117896 -9.475 -4.266 -4.804 -6.356 -9.333 -11.476 -9.642 -6.885 -9.484 -11.611 -13.334 -14.505 -6.64 -10.251 -12.534 -13.755 -14.601 -11.404 -12.73 -13.84 -14.511 -15.007 -12.919 -11.57 -13.237 -15.622 -16.005 -16.117 -13.437
3.212194 -9.339 -4.126 -4.187 -5.599 -8.737 -10.997 -9.23 -6.155 -8.906 -11.146 -12.987 -14.236 -5.892 -9.711 -12.123 -13.425 -14.334 -11.108 -12.364 -13.522 -14.238 -14.776 -12.563 -11.12 -12.882 -15.447 -15.884 -16.038 -13.188
3.309345 -9.19 -3.976 -3.521 -4.77 -8.083 -10.469 -8.795 -5.355 -8.272 -10.634 -12.604 -13.937 -5.072 -9.118 -11.669 -13.059 -14.038 -10.821 -11.971 -13.172 -13.936 -14.52 -12.171 -10.626 -12.492 -15.251 -15.747 -15.948 -12.927
3.409434 -9.028 -3.812 -2.799 -3.859 -7.362 -9.886 -8.337 -4.476 -7.576 -10.07 -12.181 -13.606 -4.171 -8.466 -11.168 -12.653 -13.708 -10.544 -11.553 -12.788 -13.602 -14.238 -11.739 -10.083 -12.06 -15.03 -15.591 -15.845 -12.653
3.51255 -8.85 -3.634 -2.015 -2.857 -6.568 -9.241 -7.863 -3.508 -6.81 -9.448 -11.714 -13.238 -3.178 -7.746 -10.613 -12.203 -13.341 -10.277 -11.114 -12.366 -13.231 -13.926 -11.262 -9.483 -11.584 -14.783 -15.416 -15.727 -12.368
3.618785 -8.655 -3.439 -1.16 -1.75 -5.691 -8.526 -7.381 -2.44 -5.966 -8.759 -11.197 -12.83 -2.082 -6.951 -9.997 -11.702 -12.931 -10.019 -10.66 -11.904 -12.821 -13.583 -10.735 -8.821 -11.056 -14.505 -15.217 -15.592 -12.073
3.728232 -8.44 -3.225 -0.226 -0.527 -4.72 -7.733 -6.901 -1.258 -5.034 -7.996 -10.624 -12.375 -0.869 -6.07 -9.313 -11.144 -12.474 -9.761 -10.202 -11.403 -12.367 -13.205 -10.151 -8.089 -10.47 -14.193 -14.992 -15.438 -11.769
3.84099 -8.204 -2.988 0.798 0.829 -3.642 -6.849 -6.435 0.053 -4.002 -7.149 -9.987 -11.867 0.476 -5.092 -8.551 -10.521 -11.963 -9.499 -9.751 -10.861 -11.868 -12.792 -9.503 -7.275 -9.819 -13.84 -14.737 -15.262 -11.454
