web/models/kne.last_good/kappa_0.5_3.0.v1/13/villar_0.0512_0.4373_0.5000.dat
# %ECSV 1.0
# ---
# datatype:
# - {name: time, datatype: float64}
# - {name: swift_uvot_uvw2, datatype: float64}
# - {name: swift_uvot_uvm2, datatype: float64}
# - {name: swift_uvot_uvw1, datatype: float64}
# - {name: swift_uvot_U, datatype: float64}
# - {name: swift_uvot_B, datatype: float64}
# - {name: swift_uvot_V, datatype: float64}
# - {name: swift_uvot_W, datatype: float64}
# - {name: johnson_U, datatype: float64}
# - {name: johnson_B, datatype: float64}
# - {name: johnson_V, datatype: float64}
# - {name: johnson_R, datatype: float64}
# - {name: johnson_I, datatype: float64}
# - {name: sdss_u, datatype: float64}
# - {name: sdss_g, datatype: float64}
# - {name: sdss_r, datatype: float64}
# - {name: sdss_i, datatype: float64}
# - {name: sdss_z, datatype: float64}
# - {name: PS1_g, datatype: float64}
# - {name: PS1_r, datatype: float64}
# - {name: PS1_i, datatype: float64}
# - {name: PS1_z, datatype: float64}
# - {name: PS1_Y, datatype: float64}
# - {name: PS1_w, datatype: float64}
# - {name: ATLAS_c, datatype: float64}
# - {name: ATLAS_o, datatype: float64}
# - {name: ukirt_J, datatype: float64}
# - {name: ukirt_H, datatype: float64}
# - {name: ukirt_K, datatype: float64}
# - {name: Clear, datatype: float64}
# meta: !!omap
# - comment: [kappa = 0.5, type = villar, mass = 0.051209162050732976, velocity = 0.43733333333333335, theta_obs = 0.0]
# schema: astropy-2.0
time swift_uvot_uvw2 swift_uvot_uvm2 swift_uvot_uvw1 swift_uvot_U swift_uvot_B swift_uvot_V swift_uvot_W johnson_U johnson_B johnson_V johnson_R johnson_I sdss_u sdss_g sdss_r sdss_i sdss_z PS1_g PS1_r PS1_i PS1_z PS1_Y PS1_w ATLAS_c ATLAS_o ukirt_J ukirt_H ukirt_K Clear
0.001 763.71 768.925 792.173 nan 792.926 782.909 765.978 nan 788.682 780.861 772.504 767.517 nan 786.861 777.995 772.475 768.009 762.444 762.649 762.627 762.212 760.466 773.713 780.265 773.448 762.283 758.782 756.156 760.68
0.00103 -6.001 -6.007 -5.984 -5.848 -5.626 -5.344 -5.855 -5.818 -5.622 -5.335 -5.014 -4.624 -5.825 -5.537 -5.162 -4.861 -4.566 -5.52 -5.183 -4.886 -4.677 -4.62 -5.198 -5.391 -5.037 -3.955 -3.443 -2.84 -5.253
0.001061 -6.646 -6.587 -6.522 -6.287 -6.018 -5.701 -6.377 -6.249 -6.014 -5.691 -5.345 -4.934 -6.258 -5.918 -5.503 -5.182 -4.873 -5.901 -5.531 -5.217 -5.005 -4.971 -5.549 -5.756 -5.371 -4.241 -3.717 -3.105 -5.612
0.001094 -7.004 -6.91 -6.826 -6.544 -6.252 -5.918 -6.676 -6.502 -6.248 -5.908 -5.551 -5.129 -6.511 -6.146 -5.713 -5.383 -5.067 -6.131 -5.746 -5.424 -5.212 -5.195 -5.764 -5.977 -5.577 -4.424 -3.895 -3.278 -5.831
0.001127 -7.255 -7.139 -7.043 -6.732 -6.427 -6.082 -6.891 -6.688 -6.423 -6.072 -5.708 -5.279 -6.697 -6.317 -5.872 -5.537 -5.216 -6.303 -5.909 -5.583 -5.372 -5.368 -5.926 -6.144 -5.735 -4.568 -4.035 -3.415 -5.996
0.001161 -7.452 -7.319 -7.215 -6.884 -6.569 -6.218 -7.062 -6.838 -6.565 -6.208 -5.839 -5.406 -6.847 -6.458 -6.005 -5.665 -5.342 -6.445 -6.045 -5.716 -5.506 -5.512 -6.06 -6.281 -5.866 -4.689 -4.154 -3.532 -6.133
0.001196 -7.615 -7.469 -7.36 -7.014 -6.693 -6.336 -7.206 -6.967 -6.689 -6.326 -5.953 -5.517 -6.977 -6.579 -6.121 -5.778 -5.453 -6.568 -6.163 -5.832 -5.623 -5.638 -6.178 -6.401 -5.981 -4.797 -4.26 -3.637 -6.252
0.001232 -7.756 -7.6 -7.487 -7.13 -6.803 -6.443 -7.332 -7.082 -6.799 -6.432 -6.057 -5.619 -7.091 -6.688 -6.226 -5.881 -5.554 -6.678 -6.27 -5.937 -5.729 -5.751 -6.284 -6.508 -6.084 -4.895 -4.357 -3.733 -6.358
0.001269 -7.881 -7.718 -7.601 -7.235 -6.904 -6.541 -7.446 -7.186 -6.9 -6.53 -6.153 -5.713 -7.196 -6.788 -6.322 -5.976 -5.647 -6.779 -6.368 -6.035 -5.828 -5.855 -6.381 -6.607 -6.18 -4.987 -4.448 -3.823 -6.457
0.001308 -7.995 -7.824 -7.705 -7.332 -6.998 -6.632 -7.55 -7.283 -6.994 -6.622 -6.243 -5.801 -7.293 -6.882 -6.413 -6.065 -5.736 -6.873 -6.46 -6.126 -5.92 -5.952 -6.473 -6.699 -6.271 -5.074 -4.534 -3.908 -6.549
0.001347 -8.099 -7.923 -7.802 -7.424 -7.087 -6.719 -7.647 -7.374 -7.083 -6.709 -6.328 -5.885 -7.384 -6.97 -6.499 -6.15 -5.819 -6.961 -6.547 -6.212 -6.007 -6.043 -6.559 -6.786 -6.356 -5.157 -4.616 -3.99 -6.636
0.001388 -8.196 -8.016 -7.893 -7.51 -7.171 -6.802 -7.737 -7.46 -7.167 -6.791 -6.41 -5.966 -7.47 -7.053 -6.581 -6.231 -5.9 -7.046 -6.63 -6.295 -6.09 -6.129 -6.642 -6.869 -6.438 -5.236 -4.695 -4.068 -6.718
0.00143 -8.287 -8.104 -7.979 -7.592 -7.252 -6.881 -7.823 -7.542 -7.248 -6.871 -6.488 -6.043 -7.552 -7.134 -6.66 -6.309 -5.977 -7.126 -6.709 -6.374 -6.169 -6.212 -6.721 -6.949 -6.516 -5.313 -4.771 -4.144 -6.798
0.001473 -8.373 -8.187 -8.061 -7.671 -7.33 -6.958 -7.905 -7.621 -7.326 -6.947 -6.564 -6.119 -7.631 -7.211 -6.736 -6.384 -6.053 -7.204 -6.786 -6.45 -6.246 -6.291 -6.797 -7.026 -6.592 -5.387 -4.846 -4.218 -6.875
0.001518 -8.455 -8.266 -8.14 -7.748 -7.405 -7.032 -7.984 -7.697 -7.401 -7.022 -6.638 -6.192 -7.707 -7.286 -6.81 -6.458 -6.126 -7.279 -6.861 -6.525 -6.321 -6.368 -6.872 -7.101 -6.666 -5.46 -4.918 -4.29 -6.949
0.001564 -8.533 -8.343 -8.215 -7.822 -7.478 -7.105 -8.06 -7.771 -7.474 -7.094 -6.71 -6.263 -7.781 -7.359 -6.882 -6.53 -6.197 -7.352 -6.933 -6.597 -6.394 -6.442 -6.944 -7.173 -6.738 -5.531 -4.989 -4.361 -7.022
0.001611 -8.609 -8.417 -8.289 -7.894 -7.549 -7.175 -8.133 -7.843 -7.545 -7.165 -6.78 -6.333 -7.852 -7.43 -6.953 -6.6 -6.267 -7.424 -7.004 -6.668 -6.465 -6.514 -7.015 -7.244 -6.808 -5.601 -5.058 -4.43 -7.093
0.00166 -8.681 -8.489 -8.36 -7.964 -7.619 -7.245 -8.204 -7.913 -7.615 -7.234 -6.849 -6.402 -7.922 -7.5 -7.022 -6.669 -6.336 -7.493 -7.074 -6.737 -6.534 -6.584 -7.084 -7.313 -6.877 -5.669 -5.127 -4.499 -7.162
0.00171 -8.752 -8.558 -8.429 -8.032 -7.687 -7.313 -8.274 -7.981 -7.683 -7.302 -6.917 -6.47 -7.991 -7.568 -7.089 -6.736 -6.404 -7.562 -7.142 -6.805 -6.602 -6.653 -7.152 -7.381 -6.945 -5.737 -5.194 -4.566 -7.23
0.001761 -8.82 -8.626 -8.497 -8.099 -7.754 -7.379 -8.341 -8.048 -7.75 -7.369 -6.984 -6.536 -8.058 -7.634 -7.156 -6.803 -6.47 -7.629 -7.208 -6.872 -6.669 -6.72 -7.218 -7.448 -7.012 -5.803 -5.26 -4.632 -7.297
0.001815 -8.887 -8.692 -8.563 -8.165 -7.82 -7.445 -8.407 -8.114 -7.816 -7.434 -7.049 -6.602 -8.124 -7.7 -7.222 -6.869 -6.536 -7.694 -7.274 -6.937 -6.735 -6.786 -7.284 -7.514 -7.077 -5.869 -5.326 -4.698 -7.362
0.00187 -8.951 -8.757 -8.628 -8.23 -7.884 -7.51 -8.472 -8.179 -7.881 -7.499 -7.114 -6.667 -8.189 -7.765 -7.287 -6.933 -6.6 -7.759 -7.339 -7.002 -6.799 -6.851 -7.349 -7.578 -7.142 -5.933 -5.39 -4.762 -7.427
0.001926 -9.015 -8.82 -8.691 -8.294 -7.948 -7.574 -8.536 -8.243 -7.944 -7.563 -7.178 -6.731 -8.252 -7.829 -7.35 -6.997 -6.664 -7.823 -7.403 -7.066 -6.863 -6.914 -7.413 -7.642 -7.206 -5.997 -5.455 -4.826 -7.491
0.001984 -9.077 -8.883 -8.754 -8.357 -8.011 -7.637 -8.598 -8.305 -8.007 -7.626 -7.241 -6.794 -8.315 -7.892 -7.414 -7.061 -6.728 -7.886 -7.466 -7.129 -6.926 -6.977 -7.476 -7.705 -7.269 -6.061 -5.518 -4.89 -7.554
0.002044 -9.137 -8.944 -8.815 -8.419 -8.073 -7.699 -8.66 -8.367 -8.07 -7.689 -7.304 -6.856 -8.377 -7.954 -7.476 -7.123 -6.79 -7.948 -7.528 -7.192 -6.989 -7.039 -7.538 -7.768 -7.332 -6.124 -5.581 -4.953 -7.616
0.002106 -9.197 -9.004 -8.876 -8.48 -8.135 -7.761 -8.72 -8.429 -8.131 -7.75 -7.366 -6.919 -8.438 -8.016 -7.538 -7.185 -6.852 -8.01 -7.59 -7.253 -7.05 -7.1 -7.6 -7.83 -7.394 -6.186 -5.643 -5.015 -7.678
0.00217 -9.255 -9.063 -8.935 -8.54 -8.196 -7.822 -8.78 -8.489 -8.192 -7.811 -7.427 -6.98 -8.499 -8.077 -7.599 -7.247 -6.914 -8.07 -7.651 -7.315 -7.111 -7.16 -7.661 -7.891 -7.455 -6.248 -5.705 -5.077 -7.739
0.002236 -9.313 -9.122 -8.994 -8.6 -8.256 -7.883 -8.839 -8.549 -8.252 -7.872 -7.488 -7.041 -8.559 -8.137 -7.66 -7.308 -6.975 -8.131 -7.712 -7.375 -7.172 -7.22 -7.722 -7.951 -7.516 -6.309 -5.767 -5.139 -7.8
0.002303 -9.369 -9.179 -9.052 -8.659 -8.316 -7.943 -8.897 -8.608 -8.312 -7.932 -7.548 -7.102 -8.618 -8.197 -7.72 -7.368 -7.036 -8.19 -7.772 -7.435 -7.232 -7.279 -7.782 -8.011 -7.576 -6.37 -5.828 -5.2 -7.86
0.002373 -9.425 -9.236 -9.11 -8.718 -8.375 -8.002 -8.954 -8.667 -8.371 -7.992 -7.608 -7.162 -8.677 -8.256 -7.78 -7.428 -7.096 -8.249 -7.831 -7.495 -7.291 -7.338 -7.842 -8.071 -7.636 -6.43 -5.888 -5.261 -7.919
0.002445 -9.479 -9.292 -9.166 -8.776 -8.434 -8.062 -9.011 -8.725 -8.43 -8.051 -7.668 -7.222 -8.735 -8.315 -7.839 -7.488 -7.156 -8.308 -7.89 -7.554 -7.35 -7.396 -7.901 -8.13 -7.696 -6.491 -5.948 -5.321 -7.979
0.002519 -9.534 -9.348 -9.222 -8.833 -8.492 -8.12 -9.067 -8.783 -8.488 -8.11 -7.727 -7.281 -8.793 -8.373 -7.898 -7.547 -7.215 -8.366 -7.949 -7.613 -7.409 -7.453 -7.96 -8.188 -7.755 -6.55 -6.008 -5.381 -8.037
0.002595 -9.587 -9.403 -9.278 -8.89 -8.55 -8.179 -9.122 -8.84 -8.546 -8.168 -7.786 -7.34 -8.85 -8.431 -7.957 -7.606 -7.274 -8.424 -8.007 -7.671 -7.467 -7.51 -8.018 -8.246 -7.813 -6.61 -6.068 -5.441 -8.095
0.002673 -9.639 -9.457 -9.333 -8.947 -8.607 -8.237 -9.177 -8.897 -8.603 -8.226 -7.844 -7.399 -8.906 -8.489 -8.015 -7.664 -7.333 -8.481 -8.065 -7.729 -7.525 -7.566 -8.076 -8.304 -7.872 -6.669 -6.127 -5.5 -8.153
0.002754 -9.692 -9.511 -9.387 -9.003 -8.664 -8.294 -9.232 -8.953 -8.66 -8.284 -7.902 -7.457 -8.963 -8.546 -8.073 -7.723 -7.392 -8.538 -8.122 -7.787 -7.582 -7.622 -8.134 -8.362 -7.93 -6.728 -6.186 -5.56 -8.211
0.002837 -9.743 -9.564 -9.441 -9.059 -8.721 -8.351 -9.286 -9.009 -8.717 -8.341 -7.96 -7.516 -9.019 -8.603 -8.131 -7.781 -7.45 -8.595 -8.179 -7.844 -7.639 -7.678 -8.191 -8.419 -7.987 -6.786 -6.245 -5.619 -8.268
0.002923 -9.794 -9.617 -9.494 -9.114 -8.777 -8.408 -9.339 -9.065 -8.773 -8.398 -8.017 -7.573 -9.074 -8.66 -8.188 -7.838 -7.508 -8.651 -8.236 -7.901 -7.696 -7.734 -8.248 -8.476 -8.045 -6.845 -6.304 -5.678 -8.325
0.003012 -9.844 -9.669 -9.547 -9.169 -8.833 -8.465 -9.392 -9.12 -8.829 -8.455 -8.074 -7.631 -9.129 -8.716 -8.245 -7.896 -7.566 -8.707 -8.293 -7.958 -7.753 -7.789 -8.305 -8.532 -8.102 -6.903 -6.362 -5.736 -8.382
0.003103 -9.894 -9.721 -9.6 -9.224 -8.888 -8.521 -9.445 -9.175 -8.885 -8.511 -8.131 -7.688 -9.184 -8.772 -8.302 -7.953 -7.623 -8.763 -8.349 -8.015 -7.809 -7.843 -8.362 -8.588 -8.159 -6.961 -6.42 -5.794 -8.438
0.003196 -9.943 -9.772 -9.652 -9.278 -8.944 -8.578 -9.497 -9.229 -8.94 -8.567 -8.188 -7.746 -9.239 -8.827 -8.358 -8.01 -7.68 -8.818 -8.405 -8.071 -7.865 -7.898 -8.418 -8.644 -8.215 -7.018 -6.478 -5.853 -8.494
0.003293 -9.992 -9.823 -9.704 -9.332 -8.999 -8.633 -9.549 -9.283 -8.995 -8.623 -8.244 -7.802 -9.293 -8.883 -8.414 -8.066 -7.737 -8.873 -8.461 -8.127 -7.921 -7.952 -8.474 -8.7 -8.272 -7.076 -6.536 -5.911 -8.55
0.003393 -10.04 -9.873 -9.755 -9.386 -9.054 -8.689 -9.6 -9.337 -9.05 -8.679 -8.3 -7.859 -9.347 -8.938 -8.47 -8.123 -7.794 -8.928 -8.516 -8.183 -7.976 -8.006 -8.53 -8.755 -8.328 -7.133 -6.594 -5.968 -8.605
0.003495 -10.088 -9.923 -9.806 -9.44 -9.108 -8.744 -9.651 -9.391 -9.104 -8.734 -8.356 -7.916 -9.4 -8.992 -8.526 -8.179 -7.851 -8.983 -8.572 -8.238 -8.031 -8.059 -8.585 -8.811 -8.384 -7.19 -6.651 -6.026 -8.66
0.003601 -10.135 -9.973 -9.857 -9.493 -9.162 -8.8 -9.702 -9.444 -9.159 -8.789 -8.412 -7.972 -9.454 -9.047 -8.581 -8.235 -7.907 -9.037 -8.627 -8.294 -8.086 -8.113 -8.64 -8.865 -8.44 -7.247 -6.708 -6.083 -8.715
0.00371 -10.182 -10.022 -9.907 -9.545 -9.216 -8.854 -9.752 -9.497 -9.213 -8.844 -8.468 -8.028 -9.507 -9.101 -8.637 -8.291 -7.963 -9.091 -8.681 -8.349 -8.141 -8.166 -8.695 -8.92 -8.495 -7.304 -6.765 -6.141 -8.77
0.003822 -10.229 -10.071 -9.957 -9.598 -9.27 -8.909 -9.802 -9.55 -9.266 -8.899 -8.523 -8.084 -9.559 -9.155 -8.692 -8.346 -8.019 -9.145 -8.736 -8.404 -8.196 -8.219 -8.75 -8.975 -8.55 -7.36 -6.822 -6.198 -8.825
0.003938 -10.275 -10.12 -10.007 -9.65 -9.324 -8.964 -9.852 -9.602 -9.32 -8.953 -8.578 -8.14 -9.612 -9.209 -8.747 -8.402 -8.075 -9.199 -8.791 -8.458 -8.25 -8.272 -8.805 -9.029 -8.606 -7.417 -6.879 -6.255 -8.879
0.004057 -10.321 -10.168 -10.056 -9.702 -9.377 -9.018 -9.902 -9.655 -9.373 -9.008 -8.633 -8.195 -9.664 -9.263 -8.802 -8.457 -8.131 -9.252 -8.845 -8.513 -8.305 -8.324 -8.859 -9.083 -8.66 -7.473 -6.935 -6.312 -8.934
0.00418 -10.366 -10.216 -10.105 -9.754 -9.43 -9.072 -9.951 -9.707 -9.426 -9.062 -8.688 -8.251 -9.716 -9.316 -8.856 -8.512 -8.186 -9.305 -8.899 -8.567 -8.359 -8.377 -8.914 -9.137 -8.715 -7.529 -6.992 -6.368 -8.988
0.004306 -10.411 -10.264 -10.154 -9.806 -9.483 -9.126 -9.999 -9.759 -9.479 -9.116 -8.743 -8.306 -9.768 -9.37 -8.91 -8.567 -8.242 -9.358 -8.953 -8.622 -8.413 -8.429 -8.968 -9.191 -8.77 -7.585 -7.048 -6.425 -9.041
0.004436 -10.456 -10.311 -10.202 -9.857 -9.536 -9.18 -10.048 -9.81 -9.532 -9.169 -8.797 -8.361 -9.819 -9.423 -8.965 -8.622 -8.297 -9.411 -9.006 -8.676 -8.467 -8.481 -9.022 -9.244 -8.824 -7.641 -7.104 -6.482 -9.095
0.00457 -10.5 -10.358 -10.25 -9.908 -9.588 -9.233 -10.096 -9.861 -9.585 -9.223 -8.851 -8.416 -9.871 -9.476 -9.019 -8.677 -8.352 -9.464 -9.06 -8.73 -8.52 -8.533 -9.075 -9.297 -8.879 -7.697 -7.16 -6.538 -9.148
0.004709 -10.544 -10.404 -10.298 -9.959 -9.641 -9.287 -10.144 -9.913 -9.637 -9.276 -8.906 -8.471 -9.922 -9.528 -9.073 -8.731 -8.407 -9.516 -9.113 -8.783 -8.574 -8.585 -9.129 -9.351 -8.933 -7.752 -7.216 -6.594 -9.202
0.004851 -10.588 -10.451 -10.346 -10.01 -9.693 -9.34 -10.192 -9.964 -9.689 -9.33 -8.96 -8.526 -9.973 -9.581 -9.126 -8.786 -8.462 -9.568 -9.167 -8.837 -8.627 -8.636 -9.182 -9.404 -8.987 -7.808 -7.272 -6.65 -9.255
0.004998 -10.631 -10.497 -10.393 -10.06 -9.745 -9.393 -10.239 -10.014 -9.741 -9.383 -9.014 -8.58 -10.024 -9.633 -9.18 -8.84 -8.516 -9.621 -9.22 -8.891 -8.681 -8.688 -9.236 -9.456 -9.04 -7.863 -7.328 -6.706 -9.308
0.005149 -10.674 -10.542 -10.44 -10.111 -9.797 -9.446 -10.287 -10.065 -9.793 -9.436 -9.067 -8.635 -10.074 -9.685 -9.233 -8.894 -8.571 -9.673 -9.273 -8.944 -8.734 -8.739 -9.289 -9.509 -9.094 -7.919 -7.384 -6.762 -9.361
0.005305 -10.717 -10.588 -10.487 -10.161 -9.848 -9.499 -10.334 -10.115 -9.844 -9.488 -9.121 -8.689 -10.124 -9.737 -9.287 -8.948 -8.625 -9.724 -9.325 -8.997 -8.787 -8.791 -9.342 -9.562 -9.148 -7.974 -7.439 -6.818 -9.413
0.005465 -10.759 -10.633 -10.533 -10.211 -9.9 -9.551 -10.38 -10.165 -9.896 -9.541 -9.174 -8.743 -10.174 -9.789 -9.34 -9.002 -8.68 -9.776 -9.378 -9.05 -8.84 -8.842 -9.394 -9.614 -9.201 -8.029 -7.495 -6.874 -9.466
0.00563 -10.801 -10.678 -10.579 -10.26 -9.951 -9.604 -10.427 -10.215 -9.947 -9.594 -9.228 -8.797 -10.224 -9.841 -9.393 -9.055 -8.734 -9.827 -9.431 -9.103 -8.893 -8.893 -9.447 -9.666 -9.254 -8.084 -7.55 -6.93 -9.518
0.005801 -10.843 -10.723 -10.625 -10.31 -10.002 -9.656 -10.473 -10.265 -9.998 -9.646 -9.281 -8.851 -10.274 -9.892 -9.446 -9.109 -8.788 -9.879 -9.483 -9.156 -8.945 -8.944 -9.5 -9.718 -9.308 -8.138 -7.605 -6.985 -9.57
0.005976 -10.884 -10.767 -10.671 -10.359 -10.053 -9.708 -10.519 -10.315 -10.049 -9.698 -9.334 -8.905 -10.324 -9.944 -9.498 -9.162 -8.842 -9.93 -9.535 -9.209 -8.998 -8.995 -9.552 -9.77 -9.361 -8.193 -7.66 -7.041 -9.623
0.006157 -10.925 -10.811 -10.716 -10.408 -10.104 -9.761 -10.565 -10.364 -10.1 -9.75 -9.387 -8.959 -10.373 -9.995 -9.551 -9.216 -8.896 -9.981 -9.587 -9.262 -9.05 -9.045 -9.604 -9.822 -9.413 -8.248 -7.715 -7.096 -9.674
0.006343 -10.966 -10.855 -10.762 -10.457 -10.154 -9.812 -10.61 -10.413 -10.151 -9.802 -9.44 -9.013 -10.422 -10.046 -9.604 -9.269 -8.95 -10.032 -9.639 -9.314 -9.103 -9.096 -9.656 -9.873 -9.466 -8.302 -7.77 -7.152 -9.726
0.006535 -11.007 -10.898 -10.807 -10.506 -10.205 -9.864 -10.655 -10.462 -10.201 -9.854 -9.492 -9.066 -10.471 -10.097 -9.656 -9.322 -9.003 -10.082 -9.691 -9.367 -9.155 -9.146 -9.708 -9.925 -9.519 -8.357 -7.825 -7.207 -9.778
0.006732 -11.047 -10.941 -10.851 -10.554 -10.255 -9.916 -10.7 -10.511 -10.251 -9.906 -9.545 -9.12 -10.52 -10.148 -9.708 -9.375 -9.057 -10.133 -9.743 -9.419 -9.207 -9.197 -9.76 -9.976 -9.571 -8.411 -7.88 -7.262 -9.83
0.006936 -11.087 -10.984 -10.896 -10.603 -10.305 -9.967 -10.745 -10.56 -10.302 -9.957 -9.598 -9.173 -10.569 -10.198 -9.76 -9.428 -9.11 -10.184 -9.795 -9.471 -9.26 -9.247 -9.812 -10.028 -9.624 -8.466 -7.935 -7.317 -9.881
0.007146 -11.126 -11.027 -10.94 -10.651 -10.355 -10.019 -10.79 -10.608 -10.352 -10.009 -9.65 -9.226 -10.617 -10.249 -9.812 -9.481 -9.164 -10.234 -9.846 -9.523 -9.312 -9.298 -9.864 -10.079 -9.676 -8.52 -7.99 -7.372 -9.932
0.007362 -11.166 -11.069 -10.984 -10.699 -10.405 -10.07 -10.834 -10.657 -10.402 -10.06 -9.702 -9.279 -10.665 -10.299 -9.864 -9.534 -9.217 -10.284 -9.898 -9.575 -9.364 -9.348 -9.915 -10.13 -9.728 -8.574 -8.044 -7.427 -9.983
0.007585 -11.205 -11.112 -11.028 -10.747 -10.455 -10.121 -10.878 -10.705 -10.451 -10.111 -9.754 -9.333 -10.713 -10.349 -9.916 -9.586 -9.27 -10.334 -9.949 -9.627 -9.415 -9.398 -9.967 -10.18 -9.781 -8.628 -8.099 -7.482 -10.034
0.007814 -11.244 -11.153 -11.071 -10.794 -10.505 -10.172 -10.922 -10.753 -10.501 -10.162 -9.806 -9.385 -10.761 -10.399 -9.968 -9.639 -9.323 -10.384 -10.0 -9.679 -9.467 -9.448 -10.018 -10.231 -9.833 -8.682 -8.153 -7.537 -10.085
0.00805 -11.282 -11.195 -11.115 -10.842 -10.554 -10.223 -10.966 -10.8 -10.55 -10.213 -9.858 -9.438 -10.809 -10.449 -10.019 -9.691 -9.376 -10.434 -10.051 -9.731 -9.519 -9.498 -10.069 -10.282 -9.884 -8.736 -8.208 -7.592 -10.136
0.008294 -11.32 -11.236 -11.158 -10.889 -10.603 -10.274 -11.009 -10.848 -10.6 -10.264 -9.91 -9.491 -10.857 -10.499 -10.071 -9.743 -9.429 -10.483 -10.102 -9.783 -9.57 -9.548 -10.12 -10.332 -9.936 -8.79 -8.262 -7.647 -10.187
0.008545 -11.358 -11.278 -11.201 -10.936 -10.653 -10.325 -11.053 -10.896 -10.649 -10.315 -9.962 -9.544 -10.904 -10.549 -10.122 -9.796 -9.482 -10.533 -10.153 -9.834 -9.622 -9.598 -10.171 -10.383 -9.988 -8.843 -8.316 -7.701 -10.237
0.008803 -11.396 -11.318 -11.243 -10.983 -10.702 -10.375 -11.096 -10.943 -10.698 -10.365 -10.014 -9.596 -10.952 -10.598 -10.174 -9.848 -9.535 -10.582 -10.204 -9.886 -9.674 -9.648 -10.222 -10.433 -10.04 -8.897 -8.37 -7.756 -10.288
0.009069 -11.433 -11.359 -11.286 -11.03 -10.75 -10.426 -11.139 -10.99 -10.747 -10.416 -10.065 -9.649 -10.999 -10.648 -10.225 -9.9 -9.588 -10.632 -10.255 -9.937 -9.725 -9.698 -10.273 -10.483 -10.091 -8.951 -8.425 -7.81 -10.338
