web/models/linear/21/-13_837_0_004.dat
# %ECSV 1.0
# ---
# datatype:
# - {name: time, datatype: float64}
# - {name: swift_uvot_uvw2, datatype: float64}
# - {name: swift_uvot_uvm2, datatype: float64}
# - {name: swift_uvot_uvw1, datatype: float64}
# - {name: swift_uvot_U, datatype: float64}
# - {name: swift_uvot_B, datatype: float64}
# - {name: swift_uvot_V, datatype: float64}
# - {name: swift_uvot_W, datatype: float64}
# - {name: johnson_U, datatype: float64}
# - {name: johnson_B, datatype: float64}
# - {name: johnson_V, datatype: float64}
# - {name: johnson_R, datatype: float64}
# - {name: johnson_I, datatype: float64}
# - {name: sdss_u, datatype: float64}
# - {name: sdss_g, datatype: float64}
# - {name: sdss_r, datatype: float64}
# - {name: sdss_i, datatype: float64}
# - {name: sdss_z, datatype: float64}
# - {name: PS1_g, datatype: float64}
# - {name: PS1_r, datatype: float64}
# - {name: PS1_i, datatype: float64}
# - {name: PS1_z, datatype: float64}
# - {name: PS1_Y, datatype: float64}
# - {name: PS1_w, datatype: float64}
# - {name: ATLAS_c, datatype: float64}
# - {name: ATLAS_o, datatype: float64}
# - {name: ukirt_J, datatype: float64}
# - {name: ukirt_H, datatype: float64}
# - {name: ukirt_K, datatype: float64}
# - {name: Clear, datatype: float64}
# meta: !!omap
# - comment: [M=-13.83673469387755, dM=0.004039351362401992]
# schema: astropy-2.0
time swift_uvot_uvw2 swift_uvot_uvm2 swift_uvot_uvw1 swift_uvot_U swift_uvot_B swift_uvot_V swift_uvot_W johnson_U johnson_B johnson_V johnson_R johnson_I sdss_u sdss_g sdss_r sdss_i sdss_z PS1_g PS1_r PS1_i PS1_z PS1_Y PS1_w ATLAS_c ATLAS_o ukirt_J ukirt_H ukirt_K Clear
[from data line 163]
12.286432160804019 -13.787105477389748 -13.787105477389748 -13.787105477389748 -13.787105477389748 -13.787105477389748 -13.787105477389748 -13.787105477389748 -13.787105477389748 -13.787105477389748 -13.787105477389748 -13.787105477389748 -13.787105477389748 -13.787105477389748 -13.787105477389748 -13.787105477389748 -13.787105477389748 -13.787105477389748 -13.787105477389748 -13.787105477389748 -13.787105477389748 -13.787105477389748 -13.787105477389748 -13.787105477389748 -13.787105477389748 -13.787105477389748 -13.787105477389748 -13.787105477389748 -13.787105477389748 -13.787105477389748
12.36180904522613 -13.786801003668963 -13.786801003668963 -13.786801003668963 -13.786801003668963 -13.786801003668963 -13.786801003668963 -13.786801003668963 -13.786801003668963 -13.786801003668963 -13.786801003668963 -13.786801003668963 -13.786801003668963 -13.786801003668963 -13.786801003668963 -13.786801003668963 -13.786801003668963 -13.786801003668963 -13.786801003668963 -13.786801003668963 -13.786801003668963 -13.786801003668963 -13.786801003668963 -13.786801003668963 -13.786801003668963 -13.786801003668963 -13.786801003668963 -13.786801003668963 -13.786801003668963 -13.786801003668963
12.43718592964824 -13.78649652994818 -13.78649652994818 -13.78649652994818 -13.78649652994818 -13.78649652994818 -13.78649652994818 -13.78649652994818 -13.78649652994818 -13.78649652994818 -13.78649652994818 -13.78649652994818 -13.78649652994818 -13.78649652994818 -13.78649652994818 -13.78649652994818 -13.78649652994818 -13.78649652994818 -13.78649652994818 -13.78649652994818 -13.78649652994818 -13.78649652994818 -13.78649652994818 -13.78649652994818 -13.78649652994818 -13.78649652994818 -13.78649652994818 -13.78649652994818 -13.78649652994818 -13.78649652994818
12.51256281407035 -13.786192056227396 -13.786192056227396 -13.786192056227396 -13.786192056227396 -13.786192056227396 -13.786192056227396 -13.786192056227396 -13.786192056227396 -13.786192056227396 -13.786192056227396 -13.786192056227396 -13.786192056227396 -13.786192056227396 -13.786192056227396 -13.786192056227396 -13.786192056227396 -13.786192056227396 -13.786192056227396 -13.786192056227396 -13.786192056227396 -13.786192056227396 -13.786192056227396 -13.786192056227396 -13.786192056227396 -13.786192056227396 -13.786192056227396 -13.786192056227396 -13.786192056227396 -13.786192056227396
12.58793969849246 -13.78588758250661 -13.78588758250661 -13.78588758250661 -13.78588758250661 -13.78588758250661 -13.78588758250661 -13.78588758250661 -13.78588758250661 -13.78588758250661 -13.78588758250661 -13.78588758250661 -13.78588758250661 -13.78588758250661 -13.78588758250661 -13.78588758250661 -13.78588758250661 -13.78588758250661 -13.78588758250661 -13.78588758250661 -13.78588758250661 -13.78588758250661 -13.78588758250661 -13.78588758250661 -13.78588758250661 -13.78588758250661 -13.78588758250661 -13.78588758250661 -13.78588758250661 -13.78588758250661
12.663316582914572 -13.785583108785827 -13.785583108785827 -13.785583108785827 -13.785583108785827 -13.785583108785827 -13.785583108785827 -13.785583108785827 -13.785583108785827 -13.785583108785827 -13.785583108785827 -13.785583108785827 -13.785583108785827 -13.785583108785827 -13.785583108785827 -13.785583108785827 -13.785583108785827 -13.785583108785827 -13.785583108785827 -13.785583108785827 -13.785583108785827 -13.785583108785827 -13.785583108785827 -13.785583108785827 -13.785583108785827 -13.785583108785827 -13.785583108785827 -13.785583108785827 -13.785583108785827 -13.785583108785827
12.738693467336683 -13.785278635065042 -13.785278635065042 -13.785278635065042 -13.785278635065042 -13.785278635065042 -13.785278635065042 -13.785278635065042 -13.785278635065042 -13.785278635065042 -13.785278635065042 -13.785278635065042 -13.785278635065042 -13.785278635065042 -13.785278635065042 -13.785278635065042 -13.785278635065042 -13.785278635065042 -13.785278635065042 -13.785278635065042 -13.785278635065042 -13.785278635065042 -13.785278635065042 -13.785278635065042 -13.785278635065042 -13.785278635065042 -13.785278635065042 -13.785278635065042 -13.785278635065042 -13.785278635065042
12.814070351758794 -13.784974161344259 -13.784974161344259 -13.784974161344259 -13.784974161344259 -13.784974161344259 -13.784974161344259 -13.784974161344259 -13.784974161344259 -13.784974161344259 -13.784974161344259 -13.784974161344259 -13.784974161344259 -13.784974161344259 -13.784974161344259 -13.784974161344259 -13.784974161344259 -13.784974161344259 -13.784974161344259 -13.784974161344259 -13.784974161344259 -13.784974161344259 -13.784974161344259 -13.784974161344259 -13.784974161344259 -13.784974161344259 -13.784974161344259 -13.784974161344259 -13.784974161344259 -13.784974161344259
12.889447236180903 -13.784669687623476 -13.784669687623476 -13.784669687623476 -13.784669687623476 -13.784669687623476 -13.784669687623476 -13.784669687623476 -13.784669687623476 -13.784669687623476 -13.784669687623476 -13.784669687623476 -13.784669687623476 -13.784669687623476 -13.784669687623476 -13.784669687623476 -13.784669687623476 -13.784669687623476 -13.784669687623476 -13.784669687623476 -13.784669687623476 -13.784669687623476 -13.784669687623476 -13.784669687623476 -13.784669687623476 -13.784669687623476 -13.784669687623476 -13.784669687623476 -13.784669687623476 -13.784669687623476
12.964824120603014 -13.78436521390269 -13.78436521390269 -13.78436521390269 -13.78436521390269 -13.78436521390269 -13.78436521390269 -13.78436521390269 -13.78436521390269 -13.78436521390269 -13.78436521390269 -13.78436521390269 -13.78436521390269 -13.78436521390269 -13.78436521390269 -13.78436521390269 -13.78436521390269 -13.78436521390269 -13.78436521390269 -13.78436521390269 -13.78436521390269 -13.78436521390269 -13.78436521390269 -13.78436521390269 -13.78436521390269 -13.78436521390269 -13.78436521390269 -13.78436521390269 -13.78436521390269 -13.78436521390269
13.040201005025125 -13.784060740181907 -13.784060740181907 -13.784060740181907 -13.784060740181907 -13.784060740181907 -13.784060740181907 -13.784060740181907 -13.784060740181907 -13.784060740181907 -13.784060740181907 -13.784060740181907 -13.784060740181907 -13.784060740181907 -13.784060740181907 -13.784060740181907 -13.784060740181907 -13.784060740181907 -13.784060740181907 -13.784060740181907 -13.784060740181907 -13.784060740181907 -13.784060740181907 -13.784060740181907 -13.784060740181907 -13.784060740181907 -13.784060740181907 -13.784060740181907 -13.784060740181907 -13.784060740181907
13.115577889447234 -13.783756266461122 -13.783756266461122 -13.783756266461122 -13.783756266461122 -13.783756266461122 -13.783756266461122 -13.783756266461122 -13.783756266461122 -13.783756266461122 -13.783756266461122 -13.783756266461122 -13.783756266461122 -13.783756266461122 -13.783756266461122 -13.783756266461122 -13.783756266461122 -13.783756266461122 -13.783756266461122 -13.783756266461122 -13.783756266461122 -13.783756266461122 -13.783756266461122 -13.783756266461122 -13.783756266461122 -13.783756266461122 -13.783756266461122 -13.783756266461122 -13.783756266461122 -13.783756266461122
13.190954773869345 -13.783451792740339 -13.783451792740339 -13.783451792740339 -13.783451792740339 -13.783451792740339 -13.783451792740339 -13.783451792740339 -13.783451792740339 -13.783451792740339 -13.783451792740339 -13.783451792740339 -13.783451792740339 -13.783451792740339 -13.783451792740339 -13.783451792740339 -13.783451792740339 -13.783451792740339 -13.783451792740339 -13.783451792740339 -13.783451792740339 -13.783451792740339 -13.783451792740339 -13.783451792740339 -13.783451792740339 -13.783451792740339 -13.783451792740339 -13.783451792740339 -13.783451792740339 -13.783451792740339
13.266331658291456 -13.783147319019555 -13.783147319019555 -13.783147319019555 -13.783147319019555 -13.783147319019555 -13.783147319019555 -13.783147319019555 -13.783147319019555 -13.783147319019555 -13.783147319019555 -13.783147319019555 -13.783147319019555 -13.783147319019555 -13.783147319019555 -13.783147319019555 -13.783147319019555 -13.783147319019555 -13.783147319019555 -13.783147319019555 -13.783147319019555 -13.783147319019555 -13.783147319019555 -13.783147319019555 -13.783147319019555 -13.783147319019555 -13.783147319019555 -13.783147319019555 -13.783147319019555 -13.783147319019555
13.341708542713567 -13.78284284529877 -13.78284284529877 -13.78284284529877 -13.78284284529877 -13.78284284529877 -13.78284284529877 -13.78284284529877 -13.78284284529877 -13.78284284529877 -13.78284284529877 -13.78284284529877 -13.78284284529877 -13.78284284529877 -13.78284284529877 -13.78284284529877 -13.78284284529877 -13.78284284529877 -13.78284284529877 -13.78284284529877 -13.78284284529877 -13.78284284529877 -13.78284284529877 -13.78284284529877 -13.78284284529877 -13.78284284529877 -13.78284284529877 -13.78284284529877 -13.78284284529877 -13.78284284529877
13.417085427135678 -13.782538371577987 -13.782538371577987 -13.782538371577987 -13.782538371577987 -13.782538371577987 -13.782538371577987 -13.782538371577987 -13.782538371577987 -13.782538371577987 -13.782538371577987 -13.782538371577987 -13.782538371577987 -13.782538371577987 -13.782538371577987 -13.782538371577987 -13.782538371577987 -13.782538371577987 -13.782538371577987 -13.782538371577987 -13.782538371577987 -13.782538371577987 -13.782538371577987 -13.782538371577987 -13.782538371577987 -13.782538371577987 -13.782538371577987 -13.782538371577987 -13.782538371577987 -13.782538371577987
13.492462311557787 -13.782233897857202 -13.782233897857202 -13.782233897857202 -13.782233897857202 -13.782233897857202 -13.782233897857202 -13.782233897857202 -13.782233897857202 -13.782233897857202 -13.782233897857202 -13.782233897857202 -13.782233897857202 -13.782233897857202 -13.782233897857202 -13.782233897857202 -13.782233897857202 -13.782233897857202 -13.782233897857202 -13.782233897857202 -13.782233897857202 -13.782233897857202 -13.782233897857202 -13.782233897857202 -13.782233897857202 -13.782233897857202 -13.782233897857202 -13.782233897857202 -13.782233897857202 -13.782233897857202
13.567839195979898 -13.781929424136418 -13.781929424136418 -13.781929424136418 -13.781929424136418 -13.781929424136418 -13.781929424136418 -13.781929424136418 -13.781929424136418 -13.781929424136418 -13.781929424136418 -13.781929424136418 -13.781929424136418 -13.781929424136418 -13.781929424136418 -13.781929424136418 -13.781929424136418 -13.781929424136418 -13.781929424136418 -13.781929424136418 -13.781929424136418 -13.781929424136418 -13.781929424136418 -13.781929424136418 -13.781929424136418 -13.781929424136418 -13.781929424136418 -13.781929424136418 -13.781929424136418 -13.781929424136418
13.64321608040201 -13.781624950415635 -13.781624950415635 -13.781624950415635 -13.781624950415635 -13.781624950415635 -13.781624950415635 -13.781624950415635 -13.781624950415635 -13.781624950415635 -13.781624950415635 -13.781624950415635 -13.781624950415635 -13.781624950415635 -13.781624950415635 -13.781624950415635 -13.781624950415635 -13.781624950415635 -13.781624950415635 -13.781624950415635 -13.781624950415635 -13.781624950415635 -13.781624950415635 -13.781624950415635 -13.781624950415635 -13.781624950415635 -13.781624950415635 -13.781624950415635 -13.781624950415635 -13.781624950415635
13.718592964824118 -13.78132047669485 -13.78132047669485 -13.78132047669485 -13.78132047669485 -13.78132047669485 -13.78132047669485 -13.78132047669485 -13.78132047669485 -13.78132047669485 -13.78132047669485 -13.78132047669485 -13.78132047669485 -13.78132047669485 -13.78132047669485 -13.78132047669485 -13.78132047669485 -13.78132047669485 -13.78132047669485 -13.78132047669485 -13.78132047669485 -13.78132047669485 -13.78132047669485 -13.78132047669485 -13.78132047669485 -13.78132047669485 -13.78132047669485 -13.78132047669485 -13.78132047669485 -13.78132047669485
13.79396984924623 -13.781016002974066 -13.781016002974066 -13.781016002974066 -13.781016002974066 -13.781016002974066 -13.781016002974066 -13.781016002974066 -13.781016002974066 -13.781016002974066 -13.781016002974066 -13.781016002974066 -13.781016002974066 -13.781016002974066 -13.781016002974066 -13.781016002974066 -13.781016002974066 -13.781016002974066 -13.781016002974066 -13.781016002974066 -13.781016002974066 -13.781016002974066 -13.781016002974066 -13.781016002974066 -13.781016002974066 -13.781016002974066 -13.781016002974066 -13.781016002974066 -13.781016002974066 -13.781016002974066
13.86934673366834 -13.780711529253281 -13.780711529253281 -13.780711529253281 -13.780711529253281 -13.780711529253281 -13.780711529253281 -13.780711529253281 -13.780711529253281 -13.780711529253281 -13.780711529253281 -13.780711529253281 -13.780711529253281 -13.780711529253281 -13.780711529253281 -13.780711529253281 -13.780711529253281 -13.780711529253281 -13.780711529253281 -13.780711529253281 -13.780711529253281 -13.780711529253281 -13.780711529253281 -13.780711529253281 -13.780711529253281 -13.780711529253281 -13.780711529253281 -13.780711529253281 -13.780711529253281 -13.780711529253281
13.944723618090451 -13.780407055532498 -13.780407055532498 -13.780407055532498 -13.780407055532498 -13.780407055532498 -13.780407055532498 -13.780407055532498 -13.780407055532498 -13.780407055532498 -13.780407055532498 -13.780407055532498 -13.780407055532498 -13.780407055532498 -13.780407055532498 -13.780407055532498 -13.780407055532498 -13.780407055532498 -13.780407055532498 -13.780407055532498 -13.780407055532498 -13.780407055532498 -13.780407055532498 -13.780407055532498 -13.780407055532498 -13.780407055532498 -13.780407055532498 -13.780407055532498 -13.780407055532498 -13.780407055532498
14.020100502512562 -13.780102581811715 -13.780102581811715 -13.780102581811715 -13.780102581811715 -13.780102581811715 -13.780102581811715 -13.780102581811715 -13.780102581811715 -13.780102581811715 -13.780102581811715 -13.780102581811715 -13.780102581811715 -13.780102581811715 -13.780102581811715 -13.780102581811715 -13.780102581811715 -13.780102581811715 -13.780102581811715 -13.780102581811715 -13.780102581811715 -13.780102581811715 -13.780102581811715 -13.780102581811715 -13.780102581811715 -13.780102581811715 -13.780102581811715 -13.780102581811715 -13.780102581811715 -13.780102581811715
14.095477386934672 -13.77979810809093 -13.77979810809093 -13.77979810809093 -13.77979810809093 -13.77979810809093 -13.77979810809093 -13.77979810809093 -13.77979810809093 -13.77979810809093 -13.77979810809093 -13.77979810809093 -13.77979810809093 -13.77979810809093 -13.77979810809093 -13.77979810809093 -13.77979810809093 -13.77979810809093 -13.77979810809093 -13.77979810809093 -13.77979810809093 -13.77979810809093 -13.77979810809093 -13.77979810809093 -13.77979810809093 -13.77979810809093 -13.77979810809093 -13.77979810809093 -13.77979810809093 -13.77979810809093
14.170854271356783 -13.779493634370146 -13.779493634370146 -13.779493634370146 -13.779493634370146 -13.779493634370146 -13.779493634370146 -13.779493634370146 -13.779493634370146 -13.779493634370146 -13.779493634370146 -13.779493634370146 -13.779493634370146 -13.779493634370146 -13.779493634370146 -13.779493634370146 -13.779493634370146 -13.779493634370146 -13.779493634370146 -13.779493634370146 -13.779493634370146 -13.779493634370146 -13.779493634370146 -13.779493634370146 -13.779493634370146 -13.779493634370146 -13.779493634370146 -13.779493634370146 -13.779493634370146 -13.779493634370146
