web/models/linear/21/-13_837_0_014.dat
# %ECSV 1.0
# ---
# datatype:
# - {name: time, datatype: float64}
# - {name: sdss_u, datatype: float64}
# - {name: sdss_g, datatype: float64}
# - {name: sdss_r, datatype: float64}
# - {name: sdss_i, datatype: float64}
# - {name: sdss_z, datatype: float64}
# - {name: Clear, datatype: float64}
# - {name: johnson_B, datatype: float64}
# - {name: johnson_V, datatype: float64}
# - {name: johnson_R, datatype: float64}
# - {name: johnson_I, datatype: float64}
# - {name: ukirt_J, datatype: float64}
# - {name: ukirt_H, datatype: float64}
# - {name: ukirt_K, datatype: float64}
# meta: !!omap
# - comment: [M=-13.83673469387755, dM=0.013971894723352866]
# schema: astropy-2.0
time sdss_u sdss_g sdss_r sdss_i sdss_z Clear johnson_B johnson_V johnson_R johnson_I ukirt_J ukirt_H ukirt_K
[from data line 117]
8.819095477386934 -13.713515220312303 -13.713515220312303 -13.713515220312303 -13.713515220312303 -13.713515220312303 -13.713515220312303 -13.713515220312303 -13.713515220312303 -13.713515220312303 -13.713515220312303 -13.713515220312303 -13.713515220312303 -13.713515220312303
8.894472361809044 -13.712462062418583 -13.712462062418583 -13.712462062418583 -13.712462062418583 -13.712462062418583 -13.712462062418583 -13.712462062418583 -13.712462062418583 -13.712462062418583 -13.712462062418583 -13.712462062418583 -13.712462062418583 -13.712462062418583
8.969849246231155 -13.711408904524863 -13.711408904524863 -13.711408904524863 -13.711408904524863 -13.711408904524863 -13.711408904524863 -13.711408904524863 -13.711408904524863 -13.711408904524863 -13.711408904524863 -13.711408904524863 -13.711408904524863 -13.711408904524863
9.045226130653266 -13.710355746631143 -13.710355746631143 -13.710355746631143 -13.710355746631143 -13.710355746631143 -13.710355746631143 -13.710355746631143 -13.710355746631143 -13.710355746631143 -13.710355746631143 -13.710355746631143 -13.710355746631143 -13.710355746631143
9.120603015075377 -13.709302588737422 -13.709302588737422 -13.709302588737422 -13.709302588737422 -13.709302588737422 -13.709302588737422 -13.709302588737422 -13.709302588737422 -13.709302588737422 -13.709302588737422 -13.709302588737422 -13.709302588737422 -13.709302588737422
9.195979899497488 -13.708249430843702 -13.708249430843702 -13.708249430843702 -13.708249430843702 -13.708249430843702 -13.708249430843702 -13.708249430843702 -13.708249430843702 -13.708249430843702 -13.708249430843702 -13.708249430843702 -13.708249430843702 -13.708249430843702
9.271356783919597 -13.707196272949982 -13.707196272949982 -13.707196272949982 -13.707196272949982 -13.707196272949982 -13.707196272949982 -13.707196272949982 -13.707196272949982 -13.707196272949982 -13.707196272949982 -13.707196272949982 -13.707196272949982 -13.707196272949982
9.346733668341708 -13.706143115056262 -13.706143115056262 -13.706143115056262 -13.706143115056262 -13.706143115056262 -13.706143115056262 -13.706143115056262 -13.706143115056262 -13.706143115056262 -13.706143115056262 -13.706143115056262 -13.706143115056262 -13.706143115056262
9.422110552763819 -13.705089957162542 -13.705089957162542 -13.705089957162542 -13.705089957162542 -13.705089957162542 -13.705089957162542 -13.705089957162542 -13.705089957162542 -13.705089957162542 -13.705089957162542 -13.705089957162542 -13.705089957162542 -13.705089957162542
9.497487437185928 -13.704036799268822 -13.704036799268822 -13.704036799268822 -13.704036799268822 -13.704036799268822 -13.704036799268822 -13.704036799268822 -13.704036799268822 -13.704036799268822 -13.704036799268822 -13.704036799268822 -13.704036799268822 -13.704036799268822
9.572864321608039 -13.702983641375102 -13.702983641375102 -13.702983641375102 -13.702983641375102 -13.702983641375102 -13.702983641375102 -13.702983641375102 -13.702983641375102 -13.702983641375102 -13.702983641375102 -13.702983641375102 -13.702983641375102 -13.702983641375102
9.64824120603015 -13.701930483481382 -13.701930483481382 -13.701930483481382 -13.701930483481382 -13.701930483481382 -13.701930483481382 -13.701930483481382 -13.701930483481382 -13.701930483481382 -13.701930483481382 -13.701930483481382 -13.701930483481382 -13.701930483481382
9.72361809045226 -13.700877325587662 -13.700877325587662 -13.700877325587662 -13.700877325587662 -13.700877325587662 -13.700877325587662 -13.700877325587662 -13.700877325587662 -13.700877325587662 -13.700877325587662 -13.700877325587662 -13.700877325587662 -13.700877325587662
9.798994974874372 -13.699824167693942 -13.699824167693942 -13.699824167693942 -13.699824167693942 -13.699824167693942 -13.699824167693942 -13.699824167693942 -13.699824167693942 -13.699824167693942 -13.699824167693942 -13.699824167693942 -13.699824167693942 -13.699824167693942
9.874371859296481 -13.698771009800222 -13.698771009800222 -13.698771009800222 -13.698771009800222 -13.698771009800222 -13.698771009800222 -13.698771009800222 -13.698771009800222 -13.698771009800222 -13.698771009800222 -13.698771009800222 -13.698771009800222 -13.698771009800222
9.949748743718592 -13.697717851906502 -13.697717851906502 -13.697717851906502 -13.697717851906502 -13.697717851906502 -13.697717851906502 -13.697717851906502 -13.697717851906502 -13.697717851906502 -13.697717851906502 -13.697717851906502 -13.697717851906502 -13.697717851906502
10.025125628140703 -13.696664694012782 -13.696664694012782 -13.696664694012782 -13.696664694012782 -13.696664694012782 -13.696664694012782 -13.696664694012782 -13.696664694012782 -13.696664694012782 -13.696664694012782 -13.696664694012782 -13.696664694012782 -13.696664694012782
10.100502512562812 -13.695611536119062 -13.695611536119062 -13.695611536119062 -13.695611536119062 -13.695611536119062 -13.695611536119062 -13.695611536119062 -13.695611536119062 -13.695611536119062 -13.695611536119062 -13.695611536119062 -13.695611536119062 -13.695611536119062
10.175879396984923 -13.694558378225341 -13.694558378225341 -13.694558378225341 -13.694558378225341 -13.694558378225341 -13.694558378225341 -13.694558378225341 -13.694558378225341 -13.694558378225341 -13.694558378225341 -13.694558378225341 -13.694558378225341 -13.694558378225341
10.251256281407034 -13.693505220331621 -13.693505220331621 -13.693505220331621 -13.693505220331621 -13.693505220331621 -13.693505220331621 -13.693505220331621 -13.693505220331621 -13.693505220331621 -13.693505220331621 -13.693505220331621 -13.693505220331621 -13.693505220331621
10.326633165829145 -13.692452062437901 -13.692452062437901 -13.692452062437901 -13.692452062437901 -13.692452062437901 -13.692452062437901 -13.692452062437901 -13.692452062437901 -13.692452062437901 -13.692452062437901 -13.692452062437901 -13.692452062437901 -13.692452062437901
10.402010050251256 -13.691398904544181 -13.691398904544181 -13.691398904544181 -13.691398904544181 -13.691398904544181 -13.691398904544181 -13.691398904544181 -13.691398904544181 -13.691398904544181 -13.691398904544181 -13.691398904544181 -13.691398904544181 -13.691398904544181
10.477386934673365 -13.690345746650461 -13.690345746650461 -13.690345746650461 -13.690345746650461 -13.690345746650461 -13.690345746650461 -13.690345746650461 -13.690345746650461 -13.690345746650461 -13.690345746650461 -13.690345746650461 -13.690345746650461 -13.690345746650461
10.552763819095476 -13.689292588756741 -13.689292588756741 -13.689292588756741 -13.689292588756741 -13.689292588756741 -13.689292588756741 -13.689292588756741 -13.689292588756741 -13.689292588756741 -13.689292588756741 -13.689292588756741 -13.689292588756741 -13.689292588756741
10.628140703517587 -13.688239430863021 -13.688239430863021 -13.688239430863021 -13.688239430863021 -13.688239430863021 -13.688239430863021 -13.688239430863021 -13.688239430863021 -13.688239430863021 -13.688239430863021 -13.688239430863021 -13.688239430863021 -13.688239430863021
10.703517587939697 -13.687186272969301 -13.687186272969301 -13.687186272969301 -13.687186272969301 -13.687186272969301 -13.687186272969301 -13.687186272969301 -13.687186272969301 -13.687186272969301 -13.687186272969301 -13.687186272969301 -13.687186272969301 -13.687186272969301
10.778894472361808 -13.686133115075581 -13.686133115075581 -13.686133115075581 -13.686133115075581 -13.686133115075581 -13.686133115075581 -13.686133115075581 -13.686133115075581 -13.686133115075581 -13.686133115075581 -13.686133115075581 -13.686133115075581 -13.686133115075581
10.854271356783919 -13.68507995718186 -13.68507995718186 -13.68507995718186 -13.68507995718186 -13.68507995718186 -13.68507995718186 -13.68507995718186 -13.68507995718186 -13.68507995718186 -13.68507995718186 -13.68507995718186 -13.68507995718186 -13.68507995718186
10.92964824120603 -13.68402679928814 -13.68402679928814 -13.68402679928814 -13.68402679928814 -13.68402679928814 -13.68402679928814 -13.68402679928814 -13.68402679928814 -13.68402679928814 -13.68402679928814 -13.68402679928814 -13.68402679928814 -13.68402679928814
11.00502512562814 -13.68297364139442 -13.68297364139442 -13.68297364139442 -13.68297364139442 -13.68297364139442 -13.68297364139442 -13.68297364139442 -13.68297364139442 -13.68297364139442 -13.68297364139442 -13.68297364139442 -13.68297364139442 -13.68297364139442
11.08040201005025 -13.6819204835007 -13.6819204835007 -13.6819204835007 -13.6819204835007 -13.6819204835007 -13.6819204835007 -13.6819204835007 -13.6819204835007 -13.6819204835007 -13.6819204835007 -13.6819204835007 -13.6819204835007 -13.6819204835007
11.15577889447236 -13.68086732560698 -13.68086732560698 -13.68086732560698 -13.68086732560698 -13.68086732560698 -13.68086732560698 -13.68086732560698 -13.68086732560698 -13.68086732560698 -13.68086732560698 -13.68086732560698 -13.68086732560698 -13.68086732560698
11.231155778894472 -13.67981416771326 -13.67981416771326 -13.67981416771326 -13.67981416771326 -13.67981416771326 -13.67981416771326 -13.67981416771326 -13.67981416771326 -13.67981416771326 -13.67981416771326 -13.67981416771326 -13.67981416771326 -13.67981416771326
11.306532663316581 -13.67876100981954 -13.67876100981954 -13.67876100981954 -13.67876100981954 -13.67876100981954 -13.67876100981954 -13.67876100981954 -13.67876100981954 -13.67876100981954 -13.67876100981954 -13.67876100981954 -13.67876100981954 -13.67876100981954
11.381909547738692 -13.67770785192582 -13.67770785192582 -13.67770785192582 -13.67770785192582 -13.67770785192582 -13.67770785192582 -13.67770785192582 -13.67770785192582 -13.67770785192582 -13.67770785192582 -13.67770785192582 -13.67770785192582 -13.67770785192582
11.457286432160803 -13.6766546940321 -13.6766546940321 -13.6766546940321 -13.6766546940321 -13.6766546940321 -13.6766546940321 -13.6766546940321 -13.6766546940321 -13.6766546940321 -13.6766546940321 -13.6766546940321 -13.6766546940321 -13.6766546940321
11.532663316582914 -13.67560153613838 -13.67560153613838 -13.67560153613838 -13.67560153613838 -13.67560153613838 -13.67560153613838 -13.67560153613838 -13.67560153613838 -13.67560153613838 -13.67560153613838 -13.67560153613838 -13.67560153613838 -13.67560153613838
11.608040201005025 -13.67454837824466 -13.67454837824466 -13.67454837824466 -13.67454837824466 -13.67454837824466 -13.67454837824466 -13.67454837824466 -13.67454837824466 -13.67454837824466 -13.67454837824466 -13.67454837824466 -13.67454837824466 -13.67454837824466
11.683417085427134 -13.67349522035094 -13.67349522035094 -13.67349522035094 -13.67349522035094 -13.67349522035094 -13.67349522035094 -13.67349522035094 -13.67349522035094 -13.67349522035094 -13.67349522035094 -13.67349522035094 -13.67349522035094 -13.67349522035094
11.758793969849245 -13.67244206245722 -13.67244206245722 -13.67244206245722 -13.67244206245722 -13.67244206245722 -13.67244206245722 -13.67244206245722 -13.67244206245722 -13.67244206245722 -13.67244206245722 -13.67244206245722 -13.67244206245722 -13.67244206245722
11.834170854271356 -13.6713889045635 -13.6713889045635 -13.6713889045635 -13.6713889045635 -13.6713889045635 -13.6713889045635 -13.6713889045635 -13.6713889045635 -13.6713889045635 -13.6713889045635 -13.6713889045635 -13.6713889045635 -13.6713889045635
11.909547738693465 -13.67033574666978 -13.67033574666978 -13.67033574666978 -13.67033574666978 -13.67033574666978 -13.67033574666978 -13.67033574666978 -13.67033574666978 -13.67033574666978 -13.67033574666978 -13.67033574666978 -13.67033574666978 -13.67033574666978
11.984924623115576 -13.66928258877606 -13.66928258877606 -13.66928258877606 -13.66928258877606 -13.66928258877606 -13.66928258877606 -13.66928258877606 -13.66928258877606 -13.66928258877606 -13.66928258877606 -13.66928258877606 -13.66928258877606 -13.66928258877606
12.060301507537687 -13.66822943088234 -13.66822943088234 -13.66822943088234 -13.66822943088234 -13.66822943088234 -13.66822943088234 -13.66822943088234 -13.66822943088234 -13.66822943088234 -13.66822943088234 -13.66822943088234 -13.66822943088234 -13.66822943088234
12.135678391959798 -13.66717627298862 -13.66717627298862 -13.66717627298862 -13.66717627298862 -13.66717627298862 -13.66717627298862 -13.66717627298862 -13.66717627298862 -13.66717627298862 -13.66717627298862 -13.66717627298862 -13.66717627298862 -13.66717627298862
12.21105527638191 -13.6661231150949 -13.6661231150949 -13.6661231150949 -13.6661231150949 -13.6661231150949 -13.6661231150949 -13.6661231150949 -13.6661231150949 -13.6661231150949 -13.6661231150949 -13.6661231150949 -13.6661231150949 -13.6661231150949
12.286432160804019 -13.66506995720118 -13.66506995720118 -13.66506995720118 -13.66506995720118 -13.66506995720118 -13.66506995720118 -13.66506995720118 -13.66506995720118 -13.66506995720118 -13.66506995720118 -13.66506995720118 -13.66506995720118 -13.66506995720118
12.36180904522613 -13.66401679930746 -13.66401679930746 -13.66401679930746 -13.66401679930746 -13.66401679930746 -13.66401679930746 -13.66401679930746 -13.66401679930746 -13.66401679930746 -13.66401679930746 -13.66401679930746 -13.66401679930746 -13.66401679930746
12.43718592964824 -13.66296364141374 -13.66296364141374 -13.66296364141374 -13.66296364141374 -13.66296364141374 -13.66296364141374 -13.66296364141374 -13.66296364141374 -13.66296364141374 -13.66296364141374 -13.66296364141374 -13.66296364141374 -13.66296364141374
12.51256281407035 -13.66191048352002 -13.66191048352002 -13.66191048352002 -13.66191048352002 -13.66191048352002 -13.66191048352002 -13.66191048352002 -13.66191048352002 -13.66191048352002 -13.66191048352002 -13.66191048352002 -13.66191048352002 -13.66191048352002
12.58793969849246 -13.6608573256263 -13.6608573256263 -13.6608573256263 -13.6608573256263 -13.6608573256263 -13.6608573256263 -13.6608573256263 -13.6608573256263 -13.6608573256263 -13.6608573256263 -13.6608573256263 -13.6608573256263 -13.6608573256263
12.663316582914572 -13.65980416773258 -13.65980416773258 -13.65980416773258 -13.65980416773258 -13.65980416773258 -13.65980416773258 -13.65980416773258 -13.65980416773258 -13.65980416773258 -13.65980416773258 -13.65980416773258 -13.65980416773258 -13.65980416773258
12.738693467336683 -13.65875100983886 -13.65875100983886 -13.65875100983886 -13.65875100983886 -13.65875100983886 -13.65875100983886 -13.65875100983886 -13.65875100983886 -13.65875100983886 -13.65875100983886 -13.65875100983886 -13.65875100983886 -13.65875100983886
12.814070351758794 -13.657697851945139 -13.657697851945139 -13.657697851945139 -13.657697851945139 -13.657697851945139 -13.657697851945139 -13.657697851945139 -13.657697851945139 -13.657697851945139 -13.657697851945139 -13.657697851945139 -13.657697851945139 -13.657697851945139
12.889447236180903 -13.656644694051419 -13.656644694051419 -13.656644694051419 -13.656644694051419 -13.656644694051419 -13.656644694051419 -13.656644694051419 -13.656644694051419 -13.656644694051419 -13.656644694051419 -13.656644694051419 -13.656644694051419 -13.656644694051419
12.964824120603014 -13.655591536157699 -13.655591536157699 -13.655591536157699 -13.655591536157699 -13.655591536157699 -13.655591536157699 -13.655591536157699 -13.655591536157699 -13.655591536157699 -13.655591536157699 -13.655591536157699 -13.655591536157699 -13.655591536157699
13.040201005025125 -13.654538378263979 -13.654538378263979 -13.654538378263979 -13.654538378263979 -13.654538378263979 -13.654538378263979 -13.654538378263979 -13.654538378263979 -13.654538378263979 -13.654538378263979 -13.654538378263979 -13.654538378263979 -13.654538378263979
13.115577889447234 -13.653485220370259 -13.653485220370259 -13.653485220370259 -13.653485220370259 -13.653485220370259 -13.653485220370259 -13.653485220370259 -13.653485220370259 -13.653485220370259 -13.653485220370259 -13.653485220370259 -13.653485220370259 -13.653485220370259
