web/models/kne/37/mosfit_kn_0.001862_0.3433_10.0000.dat
# %ECSV 1.0
# ---
# datatype:
# - {name: time, datatype: float64}
# - {name: PS1_g, datatype: float64}
# - {name: PS1_i, datatype: float64}
# - {name: PS1_r, datatype: float64}
# - {name: PS1_w, datatype: float64}
# - {name: PS1_y, datatype: float64}
# - {name: PS1_z, datatype: float64}
# - {name: swift_uvot_B, datatype: float64}
# - {name: swift_uvot_U, datatype: float64}
# - {name: swift_uvot_uvm2, datatype: float64}
# - {name: swift_uvot_uvw1, datatype: float64}
# - {name: swift_uvot_uvw2, datatype: float64}
# - {name: swift_uvot_V, datatype: float64}
# - {name: johnson_B, datatype: float64}
# - {name: johnson_I, datatype: float64}
# - {name: johnson_R, datatype: float64}
# - {name: johnson_U, datatype: float64}
# - {name: johnson_V, datatype: float64}
# - {name: sdss_g, datatype: float64}
# - {name: sdss_i, datatype: float64}
# - {name: sdss_r, datatype: float64}
# - {name: sdss_u, datatype: float64}
# - {name: sdss_z, datatype: float64}
# - {name: ATLAS_c, datatype: float64}
# - {name: ATLAS_o, datatype: float64}
# - {name: ukirt_H, datatype: float64}
# - {name: ukirt_J, datatype: float64}
# - {name: ukirt_K, datatype: float64}
# - {name: Clear, datatype: float64}
# meta: !!omap
# - comment: [kappa = 10.0, type = rprocess, mass = 0.001861645566637777, velocity = 0.3433333333333334, theta_obs = 0.0, tfloor = 1000.0]
# schema: astropy-2.0
time PS1_g PS1_i PS1_r PS1_w PS1_y PS1_z swift_uvot_B swift_uvot_U swift_uvot_uvm2 swift_uvot_uvw1 swift_uvot_uvw2 swift_uvot_V johnson_B johnson_I johnson_R johnson_U johnson_V sdss_g sdss_i sdss_r sdss_u sdss_z ATLAS_c ATLAS_o ukirt_H ukirt_J ukirt_K Clear
[from data line 177]
10.701402805611222 12.936928636144849 4.0550998229455715 7.5301706009834035 5.562246789479435 0.5319097744203027 1.949585739267441 16.476835212709336 23.13577931060425 37.02437461463343 19.101361842678806 21.614378349158457 10.896445329015634 15.272897895743146 2.501586516523621 5.471619283248621 22.104778131352504 9.94142299384688 13.749468737459303 4.136355775058558 7.758659260479845 23.636884840779075 1.3761581272454393 9.509247170726063 5.056834646116268 -4.417077603495193 -2.2675883080055024 -5.777366283968364 3.2763527457180786
10.761523046092185 12.959811279931177 4.0779824667319 7.553053244769732 5.585129433265745 0.554792418206631 1.9724683830537693 16.499717856495664 23.158661954390574 37.04725725841975 19.124244486465134 21.63726099294478 10.919327972801963 15.295780539529474 2.524469160309949 5.494501927034931 22.127660775138825 9.964305637633208 13.772351381245613 4.159238418844886 7.781541904266174 23.6597674845654 1.3990407710317676 9.532129814512373 5.079717289902597 -4.394194959708865 -2.244705664219174 -5.754483640182036 3.299235389504407
10.821643286573146 12.982611192956846 4.100782379757568 7.575853157795418 5.6079293462914315 0.5775923312322995 1.9952682960794377 16.522517769521333 23.181461867416253 37.07005717144543 19.147044399490802 21.660060905970454 10.942127885827631 15.318580452555143 2.5472690733356176 5.517301840060617 22.1504606881645 9.987105550658894 13.7951512942713 4.1820383318705545 7.804341817291842 23.68256739759107 1.421840684057436 9.55492972753806 5.102517202928265 -4.371395046683179 -2.221905751193488 -5.731683727156367 3.3220353025300753
10.881763527054108 13.005328666815643 4.123499853616366 7.598570631654198 5.630646820150229 0.6003098050910971 2.0179857699382353 16.54523524338013 23.204179341275044 37.09277464530421 19.1697618733496 21.68277837982925 10.964845359686429 15.34129792641394 2.569986547194415 5.540019313919415 22.17317816202329 10.009823024517674 13.81786876813008 4.204755805729352 7.82705929115064 23.70528487144987 1.4445581579162337 9.57764720139684 5.125234676787063 -4.348677572824399 -2.199188277334708 -5.70896625329757 3.344752776388873
10.941883767535069 13.027964033559343 4.146135220360048 7.6212059983978975 5.653282186893911 0.6229451718347967 2.040621136681917 16.567870610123812 23.226814708018733 37.11541001204791 19.19239724009329 21.70541374657294 10.987480726430128 15.363933293157622 2.592621913938097 5.562654680663097 22.19581352876699 10.032458391261374 13.840504134873779 4.227391172473052 7.849694657894339 23.72792023819356 1.4671935246599332 9.600282568140539 5.147870043530762 -4.326042206080699 -2.1765529105910084 -5.68633088655387 3.3673881431325725
11.002004008016032 13.050517730538242 4.168688917338965 7.643759695376797 5.675835883872811 0.6454988688136964 2.0631748336608347 16.59042430710273 23.24936840499764 37.13796370902681 19.2149509370722 21.72796744355185 11.010034423409028 15.38648699013654 2.6151756109170146 5.585208377642014 22.21836722574589 10.055012088240273 13.863057831852679 4.2499448694519515 7.872248354873239 23.750473935172465 1.489747221638833 9.622836265119439 5.170423740509662 -4.3034885091018 -2.1539992136121087 -5.6637771895749704 3.3899418401114723
11.062124248496994 13.072990069687034 4.1911612564877565 7.666232034525606 5.69830822302162 0.6679712079625055 2.085647172809626 16.61289664625152 23.27184074414644 37.16043604817561 19.23742327622099 21.750439782700642 11.032506762557837 15.40895932928533 2.637647950065806 5.607680716790806 22.240839564894692 10.077484427389082 13.885530171001488 4.272417208600743 7.8947206940220305 23.772946274321267 1.5122195607876243 9.645308604268248 5.192896079658453 -4.2810161699529905 -2.1315268744632996 -5.641304850426179 3.4124141792602636
11.122244488977955 13.095381471769887 4.21355265857061 7.688623436608442 5.720699625104473 0.6903626100453408 2.108038574892479 16.635288048334374 23.294232146229284 37.18282745025846 19.259814678303844 21.772831184783495 11.054898164640672 15.431350731368184 2.660039352148659 5.630072118873659 22.263230966977535 10.099875829471918 13.907921573084323 4.294808610683596 7.9171120961048835 23.79533767640411 1.5346109628704774 9.667700006351083 5.215287481741306 -4.258624767870155 -2.1091354723804643 -5.618913448343326 3.4348055813431166
11.182364729458918 13.117692384407764 4.235863571208487 7.710934349246337 5.74301053774235 0.7126735226832359 2.1303494875303564 16.65759896097225 23.316543058867172 37.20513836289634 19.282125590941728 21.795142097421373 11.077209077278567 15.453661644006061 2.6823502647865363 5.652383031511536 22.285541879615423 10.122186742109813 13.930232485722218 4.317119523321473 7.939423008742761 23.817648589041998 1.5569218755083547 9.690010918988978 5.237598394379184 -4.23631385523226 -2.086824559742569 -5.596602535705449 3.4571164939810117
11.242484969939879 13.139923201204926 4.258094388005631 7.733165166043481 5.765241354539494 0.73490433948038 2.1525803043275005 16.679829777769413 23.338773875664316 37.2273691796935 19.304356407738876 21.817372914218527 11.099439894075712 15.475892460803205 2.704581081583698 5.67461384830868 22.307772696412574 10.144417558906957 13.952463302519362 4.339350340118635 7.961653825539923 23.83987940583914 1.5791526923055166 9.712241735786122 5.259829211176346 -4.214083038435116 -2.064593742945425 -5.574371718908287 3.479347310778156
11.302605210420841 13.162074306473563 4.280245493274268 7.755316271312118 5.787392459808132 0.7570554447490174 2.174731409596138 16.701980883038033 23.360924980932953 37.24952028496214 19.32650751300751 21.83952401948716 11.121590999344349 15.498043566071843 2.7267321868523178 5.6967649535773175 22.32992380168121 10.166568664175594 13.974614407788 4.3615014453872725 7.98380493080856 23.86203051110778 1.601303797574154 9.73439284105476 5.281980316444983 -4.191931933166479 -2.0424426376767877 -5.5522206136396495 3.5014984160467932
11.362725450901802 13.184146119719493 4.302317306520216 7.777388084558048 5.809464273054079 0.7791272579949471 2.1968032228420853 16.72405269628398 23.382996794178894 37.27159209820807 19.34857932625345 21.8615958327331 11.143662812590279 15.52011537931779 2.748804000098265 5.718836766823265 22.351995614927148 10.188640477421524 13.99668622103393 4.383573258633202 8.00587674405449 23.88410232435372 1.6233756108200836 9.756464654300707 5.304052129690913 -4.169860119920549 -2.020370824430858 -5.53014880039372 3.523570229292723
11.422845691382765 13.206139098084222 4.324310284884945 7.799381062922794 5.831457251418808 0.8011202363596936 2.218796201206814 16.74604567464871 23.40498977254363 37.2935850765728 19.37057230461818 21.88358881109783 11.165655790955007 15.542108357682519 2.770796978462994 5.740829745187994 22.373988593291877 10.21063345578627 14.018679199398676 4.405566236997931 8.027869722419219 23.906095302718455 1.6453685891848124 9.778457632665436 5.3260451080556415 -4.147867141555802 -1.9983778460661115 -5.508155822028991 3.5455632076574517
11.482965931863728 13.228053599372362 4.346224786173085 7.821295564210935 5.853371752706948 0.8230347376478164 2.2407107024949546 16.76796017593685 23.42690427383176 37.31549957786094 19.39248680590632 21.90550331238597 11.187570292243148 15.56402285897066 2.7927114797511345 5.762744246476134 22.39590309458002 10.232547957074411 14.040593700686816 4.4274807382860715 8.04978422370736 23.928009804006585 1.667283090472953 9.800372133953577 5.347959609343782 -4.125952640267662 -1.976463344777971 -5.4862413207408505 3.5674777089455922
11.543086172344688 13.24989004052533 4.368061227326052 7.843132005363902 5.875208193859915 0.8448711788007834 2.2625471436479216 16.789796617089817 23.448740714984737 37.33733601901391 19.414323247059286 21.927339753538938 11.209406733396115 15.585859300123627 2.8145479209041016 5.784580687629101 22.417739535732984 10.254384398227378 14.062430141839783 4.4493171794390385 8.071620664860326 23.949846245159563 1.68911953162592 9.822208575106544 5.369796050496749 -4.104116199114695 -1.954626903625004 -5.4644048795878835 3.5893141500985593
11.603206412825651 13.271648824570565 4.389820011371288 7.86489078940912 5.8969669779051515 0.8666299628460195 2.2843059276931577 16.811555401135053 23.470499499029962 37.359094803059136 19.436082031104522 21.949098537584174 11.231165517441351 15.607618084168863 2.8363067049493376 5.806339471674337 22.439498319778213 10.276143182272596 14.084188925885002 4.4710759634842745 8.093379448905562 23.971605029204788 1.710878315671156 9.843967359151762 5.391554834541985 -4.082357415069477 -1.9328681195797857 -5.4426460955426474 3.6110729341437953
11.663326653306612 13.293330409056026 4.411501595856748 7.886572373894598 5.9186485623906115 0.8883115473314973 2.3059875121786177 16.833236985620513 23.492181083515433 37.38077638754461 19.457763615589993 21.970780122069645 11.252847101926829 15.629299668654323 2.8579882894347977 5.828021056159797 22.46117990426368 10.297824766758074 14.10587051037048 4.492757547969752 8.115061033391022 23.99328661369026 1.7325599001566339 9.86564894363724 5.413236419027445 -4.060675830583999 -1.9111865350943078 -5.42096451105717 3.632754518629273
11.723446893787575 13.3149351293833 4.433106316184023 7.908177094221873 5.940253282717887 0.9099162676587547 2.327592232505893 16.854841705947788 23.5137858038427 37.40238110787188 19.479368335917258 21.99238484239691 11.274451822254086 15.650904388981598 2.8795930097620728 5.8496257764870725 22.482784624590956 10.31942948708535 14.127475230697755 4.51436226829701 8.136665753718297 24.014891334017527 1.7541646204838912 9.887253663964515 5.43484113935472 -4.039071110256724 -1.8895818147670504 -5.399359790729912 3.6543592389565305
11.783567134268537 13.336463409022343 4.454634595823066 7.929705373860898 5.9617815623569115 0.9314445472977972 2.3491205121449354 16.87636998558683 23.535314083481744 37.42390938751091 19.5008966155563 22.01391312203595 11.295980101893129 15.67243266862064 2.9011212894011154 5.871154056126115 22.50431290422999 10.340957766724374 14.14900351033678 4.535890547936052 8.15819403335734 24.03641961365657 1.7756929001229338 9.90878194360354 5.456369418993763 -4.017542830617699 -1.8680535351280079 -5.37783151109087 3.675887518595573
11.843687374749498 13.357915656217632 4.476086843018354 7.951157621056204 5.9832338095522175 0.9528967944931033 2.3705727593402237 16.89782223278212 23.55676633067704 37.44536163470621 19.52234886275159 22.03536536923124 11.317432349088417 15.693884915815929 2.9225735365964036 5.892606303321403 22.52576515142529 10.36241001391968 14.170455757532086 4.5573427951313406 8.179646280552628 24.057871860851865 1.797145147318222 9.930234190798846 5.477821666189051 -3.9960905834223928 -1.8466012879327018 -5.356379263895581 3.6973397657908613
11.90380761523046 13.379292302010235 4.49746348881094 7.97253426684879 6.004610455344803 0.974273440285689 2.3919494051328094 16.919198878574704 23.578142976469625 37.46673828049881 19.54372550854418 22.056742015023833 11.33880899488102 15.715261561608514 2.9439501823889893 5.913982949113989 22.547141797217883 10.383786659712266 14.191832403324671 4.578719440923944 8.201022926345232 24.07924850664445 1.8185217931108255 9.951610836591431 5.4991983119816545 -3.974713937629807 -1.8252246421401161 -5.335002618102978 3.7187164115834648
11.963927855711422 13.400593687181033 4.518764873981755 7.9938356520195875 6.025911840515601 0.9955748254564867 2.413250790303625 16.94050026374552 23.59944436164043 37.4880396656696 19.565026893714982 22.078043400194634 11.360110380051818 15.736562946779312 2.965251567559805 5.935284334284787 22.56844318238868 10.405088044883064 14.213133788495469 4.600020826094742 8.22232431151603 24.100549891815255 1.8398231782816232 9.972912221762229 5.520499697152452 -3.9534125524590094 -1.8039232569693184 -5.31370123293218 3.7400177967542625
12.024048096192384 13.421820227046108 4.539991413846831 8.015062191884663 6.047138380380677 1.0168013653215624 2.4344773301687006 16.961726803610595 23.620670901505505 37.50926620553468 19.586253433580065 22.099269940059717 11.381336919916894 15.757789486644405 2.9864781074248805 5.95651087414988 22.589669722253756 10.42631458474814 14.234360328360545 4.621247365959817 8.243550851381105 24.12177643168033 1.861049718146699 9.994138761627305 5.541726237017528 -3.9321860125939336 -1.7826967171042427 -5.2924746930671045 3.761244336619338
12.084168336673347 13.442972328442355 4.56114351524306 8.03621429328091 6.068290481776923 1.0379534667178092 2.4556294315649296 16.982878905006842 23.641823002901752 37.530418306930926 19.607405534976305 22.120422041455956 11.40248902131314 15.778941588040635 3.0076302088211273 5.977662975546109 22.610821823650003 10.447466686144386 14.255512429756791 4.642399467356064 8.264702952777352 24.142928533076578 1.8822018195429457 10.015290863023552 5.562878338413775 -3.911033911197687 -1.761544615707996 -5.271322591670858 3.782396438015585
12.144288577154308 13.464050405240133 4.582221592040856 8.057292370078688 6.0893685585747015 1.0590315435155873 2.4767075083627255 17.00395698180462 23.66290107969953 37.551496383728704 19.628483611774083 22.141500118253735 11.423567098110919 15.800019664838413 3.0287082856189054 5.998741052343887 22.63189990044778 10.468544762942164 14.27659050655457 4.663477544153842 8.28578102957513 24.164006609874356 1.9032798963407238 10.03636893982133 5.583956415211553 -3.8899558343999088 -1.7404665389102179 -5.25024451487308 3.803474514813363
12.20440881763527 13.485054804972414 4.603225991773119 8.078296769810969 6.110372958306982 1.080035943247868 2.4977119080949883 17.024961381536883 23.683905479431804 37.57250078346099 19.64948801150636 22.16250451798601 11.4445714978432 15.821024064570693 3.049712685351186 6.019745452076168 22.65290430018006 10.489549162674445 14.29759490628685 4.684481943886123 8.30678542930741 24.18501100960663 1.9242842960730044 10.05737333955361 5.6049608149438335 -3.868951434667628 -1.7194621391779372 -5.229240115140799 3.8244789145456437
12.264529058116231 13.505985929750572 4.624157116551277 8.099227894589127 6.131304083085141 1.1009670680260264 2.518643032873147 17.04589250631506 23.704836604209962 37.59343190823915 19.67041913628452 22.18343564276417 11.465502622621358 15.841955189348852 3.0706438101293445 6.0406765768543265 22.67383542495822 10.510480287452603 14.318526031065009 4.705413068664281 8.327716554085569 24.205942134384788 1.945215420851163 10.078304464331769 5.625891939721992 -3.8480203098894696 -1.6985310143997787 -5.2083089903626405 3.845410039323802
12.324649298597194 13.526844169475929 4.645015356276652 8.120086134314501 6.152162322810515 1.1218253077514007 2.539501272598521 17.066750746040416 23.725694843935337 37.61429014796451 19.691277376009886 22.204293882489537 11.486360862346714 15.862813429074226 3.091502049854701 6.061534816579701 22.694693664683584 10.531338527177978 14.339384270790383 4.726271308389638 8.348574793810926 24.226800374110162 1.9660736605765194 10.099162704057143 5.6467501794473485 -3.8271620701640954 -1.6776727746744045 -5.187450750637284 3.8662682790491587
