web/models/kne/37/mosfit_kn_0.041628_0.1710_10.0000.dat
# %ECSV 1.0
# ---
# datatype:
# - {name: time, datatype: float64}
# - {name: PS1_g, datatype: float64}
# - {name: PS1_i, datatype: float64}
# - {name: PS1_r, datatype: float64}
# - {name: PS1_w, datatype: float64}
# - {name: PS1_y, datatype: float64}
# - {name: PS1_z, datatype: float64}
# - {name: swift_uvot_B, datatype: float64}
# - {name: swift_uvot_U, datatype: float64}
# - {name: swift_uvot_uvm2, datatype: float64}
# - {name: swift_uvot_uvw1, datatype: float64}
# - {name: swift_uvot_uvw2, datatype: float64}
# - {name: swift_uvot_V, datatype: float64}
# - {name: johnson_B, datatype: float64}
# - {name: johnson_I, datatype: float64}
# - {name: johnson_R, datatype: float64}
# - {name: johnson_U, datatype: float64}
# - {name: johnson_V, datatype: float64}
# - {name: sdss_g, datatype: float64}
# - {name: sdss_i, datatype: float64}
# - {name: sdss_r, datatype: float64}
# - {name: sdss_u, datatype: float64}
# - {name: sdss_z, datatype: float64}
# - {name: ATLAS_c, datatype: float64}
# - {name: ATLAS_o, datatype: float64}
# - {name: ukirt_H, datatype: float64}
# - {name: ukirt_J, datatype: float64}
# - {name: ukirt_K, datatype: float64}
# - {name: Clear, datatype: float64}
# meta: !!omap
# - comment: [kappa = 10.0, type = rprocess, mass = 0.04162766037032262, velocity = 0.17100000000000004, theta_obs = 0.0, tfloor = 1000.0]
# schema: astropy-2.0
time PS1_g PS1_i PS1_r PS1_w PS1_y PS1_z swift_uvot_B swift_uvot_U swift_uvot_uvm2 swift_uvot_uvw1 swift_uvot_uvw2 swift_uvot_V johnson_B johnson_I johnson_R johnson_U johnson_V sdss_g sdss_i sdss_r sdss_u sdss_z ATLAS_c ATLAS_o ukirt_H ukirt_J ukirt_K Clear
[from data line 201]
12.144288577154308 3.587869855771686 -4.554992126082311 -1.3713299399219636 -3.07686976482902 -7.757282332297919 -6.476118965297921 6.830767147740059 12.835524723961313 25.972079258565458 9.700509020112076 12.056495712952074 1.6767391366786442 5.800018190546258 -5.999684534953352 -3.1881195412664036 11.91736234365833 0.8692692529364112 4.3349370534279785 -4.48023145688321 -1.174365021949626 13.364946364730237 -6.975321541047297 0.49721861248306354 -3.5809513603001797 -12.183636422587652 -10.27035582993024 -13.372496535808176 -5.107904002424277
12.20440881763527 3.700602932474304 -4.481572272275596 -1.2823738702033083 -3.0017788712204663 -7.7009583526122505 -6.412547873903591 6.959304374200749 12.998754575677687 26.175934332783704 9.816473922102613 12.180466360053078 1.7825544579307782 5.919593093818559 -5.932021804733526 -3.1116864766436096 12.074704756656292 0.9675558465884062 4.451172361541893 -4.406454491864569 -1.0837582578557203 13.526722346544027 -6.915577909064634 0.5920934999824112 -3.5059146815408404 -12.155069337514453 -10.22922753024181 -13.353033756533248 -5.0462158884596064
12.264529058116231 3.81386522788544 -4.407771360503858 -1.1929820462540164 -2.926316082326057 -7.64431518805786 -6.348628454542862 7.088430308940471 13.162717048062245 26.380597615718305 9.932921806892079 12.304993121366682 1.8888776407967243 6.0396934697506275 -5.864003481706908 -3.034904197400235 12.232744584303433 1.0662852723142027 4.5679480544921525 -4.332296397820166 -0.9927062841918932 13.689219833917612 -6.8555140499858425 0.6874214465197603 -3.430508127663874 -12.126293741840877 -10.18784249736832 -13.333398909341783 -4.984224555623538
12.324649298597194 3.927681316844307 -4.333572861663111 -1.1031347874548914 -2.85046449609494 -7.587339747688251 -6.284346129471778 7.218172703865332 13.327447018373562 26.586112909995794 10.04987808810112 12.430102876513317 1.9957317802948424 6.160345082599644 -5.795614234719962 -2.9577558589177437 12.391515332975132 1.165478714694095 4.6852893776465265 -4.257740593685586 -0.9011890915153131 13.85247328042535 -6.79511633800276 0.783223407776017 -3.3547148438989716 -12.097302160096158 -10.146190733132856 -13.31358633905374 -4.921915955056857
12.384769539078157 4.041992374467966 -4.259017092444584 -1.012879746340687 -2.7742651602769364 -7.530064243253278 -6.219736521403476 7.348465236443901 13.492861834589522 26.792379169622745 10.167282693002893 12.555731539451727 2.103061236309915 6.281485723250913 -5.726891683844705 -2.880283427880504 12.55093697668017 1.265083765721793 4.803135813762971 -4.182827583527544 -0.8092551240169499 14.016400600837358 -6.734418741963744 0.8794490160925861 -3.2785758849717084 -12.068113661092974 -10.104297269545606 -13.29361078182689 -4.859324906384224
12.444889779559118 4.156828228174003 -4.184083941024568 -0.922192997757616 -2.6976975141440818 -7.472472728307089 -6.15478188946609 7.479341582436473 13.659003765525686 26.999449333480595 10.285166449881089 12.681911724170188 2.2108940601409506 6.4031467093404935 -5.657817158698722 -2.8024663338891935 12.711050166251734 1.3651262553907297 4.921518009009063 -4.107537188331101 -0.7168800593714586 14.181043579143822 -6.673404633856297 0.9761237240775245 -3.202070737625551 -12.038719089917345 -10.062149895931965 -13.273465288862807 -4.796434266727729
12.50501002004008 4.272225241274636 -4.108748835024016 -0.8310453401654883 -2.620736466384379 -7.414545695238406 -6.089460546664824 7.610842787494211 13.825924296143146 27.207387608309926 10.403566827926234 12.808683155301242 2.319264478683489 6.5253662202479354 -5.588367836874105 -2.7242794384850315 12.871904441281934 1.465637745764197 5.040473327153148 -4.0318447514311195 -0.6240342082965 14.346453131015444 -6.612053659756647 1.0732785671637934 -3.1251743623988126 -12.009107202220333 -10.019733648305047 -13.253141304816774 -4.733223092647059
12.565130260521041 4.388138599601756 -4.033042538430145 -0.7394731081903139 -2.543413312972369 -7.35630774379981 -6.023799682445041 7.742918332015262 13.993560500692475 27.416117318774994 10.522438176406741 12.935997040813053 2.4281300738425733 6.6480968531055815 -5.518572436463841 -2.645754784885626 13.033438840934178 1.5665782161526234 5.159955658314619 -3.9557811833969936 -0.5307545129811686 14.512566734487358 -6.550391784694263 1.1708751688544083 -3.0479180649476234 -11.979292597181546 -9.977067665433308 -13.232650127053612 -4.669717962214985
12.625250501002004 4.50457569913306 -3.9569602231769885 -0.6474704831861722 -2.4657230769355998 -7.297755104083663 -5.957795049916594 7.875576586848031 14.161923029779064 27.625652408219544 10.641788327515886 13.063861523378733 2.537497720648971 6.771346258364957 -5.4484265234602445 -2.566887622001624 13.195663469546737 1.667953693697888 5.2799725790964835 -3.879341654121191 -0.4370350596199124 14.679394819164031 -6.488415179660052 1.2689197994286516 -2.970296903239653 -11.949273246795096 -9.934149147907137 -13.21199027755945 -4.605914876934669
12.685370741482965 4.621545106833693 -3.880496260436228 -0.5550307001545463 -2.3876599688820477 -7.238883365833537 -5.891441692878363 8.008827242555714 14.33102418314764 27.8360088279106 10.76162630221786 13.192286018253686 2.647375400698759 6.895123314113253 -5.377924918427111 -2.4876723808688377 13.3585900208699 1.7697712295834502 5.4005328688382725 -3.802520529912865 -0.3428689720252365 14.846949447817348 -6.426119347646129 1.3674197296783852 -2.8923051231251584 -11.919046745116331 -9.89097480001593 -13.19115998653954 -4.5418091577098885
12.745490981963927 4.739077516535897 -3.803629932647752 -0.4621291310140663 -2.309202839977811 -7.179676085600555 -5.824721320842983 8.142704945295918 14.50090745089419 28.047240849620746 10.881983722623971 13.321304050622707 2.7577919917343037 7.019460193845891 -5.307048391140646 -2.4080879465656873 13.522260298751892 1.8720573505790685 5.521668055910194 -3.7252970271479846 -0.24823120985137948 15.015273601086587 -6.363487170894917 1.466401144033469 -2.813921623658917 -11.888603632414279 -9.847532022349109 -13.170152063821979 -4.4773832008053205
12.80561122244489 4.857151374396622 -3.7263761420313912 -0.3687833249429673 -2.230366816012559 -7.1201452184043035 -5.757647113031226 8.277185409936035 14.671542672620959 28.259312162716515 11.002838794253371 13.45089219712175 2.8687270341195754 7.144334032255056 -5.235810883241331 -2.3281499481628147 13.686644992066402 1.9747925573739546 5.643355946483322 -3.6476861286408813 -0.1531396193837864 15.184337243958854 -6.3005313356714865 1.5658455620983958 -2.7351615483182457 -11.857951087105201 -9.80383016905863 -13.14897209983206 -4.412649946168372
12.86573146292585 4.975756290957403 -3.6487421787858487 -0.2750018160381984 -2.1511592644680633 -7.0602966515166266 -5.690225525273345 8.412256943809691 14.8429154183955 28.472205829568868 11.124181163641396 13.581039209474032 2.980170608555272 7.2697337382058045 -5.164219245784159 -2.247866142661146 13.851729983739343 2.077967198515778 5.765585826342541 -3.5696951734617777 -0.05760288204642805 15.354125938270737 -6.237258156142946 1.6657440514909716 -2.6560322869820396 -11.827092729339517 -9.75987390079476 -13.12762294998773 -4.347615792573105
12.925851703406813 5.094920390573545 -3.5707090709027156 -0.1807620475419469 -2.0715608212284664 -7.000115328353882 -5.622439804579482 8.547951292019736 15.015065551484295 28.68597161188323 11.246039807803943 13.711775803455396 3.0921491679462383 7.39568876405794 -5.0922558748713795 -2.1672172355058033 14.017553567851902 2.181605517467065 5.888386578184388 -3.491305132022884 0.03840193633049438 15.524679064151439 -6.173651980863202 1.7661205992017592 -2.5765145208090345 -11.796019904247375 -9.71565168659369 -13.106098038265317 -4.282264647663752
12.985971943887774 5.214635450838845 -3.4922826272380014 -0.0860708020713119 -1.9915773489850785 -6.939605952302266 -5.554295095284214 8.684259204340943 15.187981692908572 28.90059629534611 11.36840658015398 13.843093088033328 3.2046548400429193 7.522190293844876 -5.019926242317104 -2.086209465906202 14.18410456882948 2.2856997605704192 6.011749713634895 -3.412521856742199 0.1348679350340909 15.695985205124217 -6.109717887981105 1.866968125250672 -2.496614135225812 -11.764735533162723 -9.671167269264307 -13.084399680521235 -4.216601647753837
13.046092184368737 5.334883951315383 -3.4134749963945765 0.009057634612457122 -1.911221155904812 -6.878778284255471 -5.485802146762069 8.821160943926419 15.361639348137022 29.11605058414588 11.491263870018997 13.97497204883075 3.3176709691585655 7.649219739990777 -4.947241721405905 -2.0048555791287486 14.351359156760786 2.390234007876713 6.13565718522473 -3.3333575649401226 0.2317805814791818 15.86801994660437 -6.04546625440701 1.9682716067417338 -2.4163434536403905 -11.733245498387086 -9.62642829858783 -13.062532466032282 -4.150637341724153
13.1062124248497 5.455668156669606 -3.334284834792065 0.10462494905247866 -1.8304908178174806 -6.817631324622475 -5.416959784274127 8.958659088156196 15.536041913075387 29.332339437924045 11.614614268680103 14.10741522786649 3.4311995847742933 7.776779340861456 -4.8742011218034795 -1.9231544252047363 14.519320424349 2.495209749219039 6.260111286427339 -3.253810927245695 0.3291415849298218 16.040786519811547 -5.980896173096717 2.070032931823267 -2.335701078668748 -11.701549374478864 -9.581434104890308 -13.040496136990283 -4.084370725654889
13.16633266533066 5.5770044355773685 -3.254701178972219 0.20064421285047374 -1.7493751273118718 -6.756156398795632 -5.347758327837244 9.09677212013938 15.711212669495183 29.54949220031551 11.738474740231624 14.240440525414662 3.5452560384415284 7.904886163855199 -4.800794297082805 -1.8410949713296112 14.688010652411474 2.6006408656970796 6.385128809180802 -3.1738709564382184 0.4269642332607759 16.214307863476858 -5.915998696679452 2.172266040377888 -2.254675838883813 -11.669642236334122 -9.536178085279177 -13.018286977506486 -4.017792575840566
13.226452905811623 5.698873199488368 -3.1747375846807913 0.29709947609065424 -1.6678878165372701 -6.694364390682637 -5.27820977228723 9.235477969772468 15.887124193860505 29.767476000449303 11.862825599595634 14.37402668176492 3.659821718540914 8.03351946333947 -4.727033928168033 -1.758691383489215 14.857403190531578 2.7065096350698985 6.510689578907023 -3.0935512823563904 0.5252322985636404 16.388556661899933 -5.8507853756943184 2.274954147973496 -2.1732814770565234 -11.637530617004062 -9.490668752001595 -12.995910073098232 -3.950914627115143
13.286573146292584 5.730518169081655 -3.151310644117622 0.3237601339202101 -1.6441636775837765 -6.674500692642891 -5.2568247277957525 9.270424745646142 15.929368843541045 29.817964147570223 11.894951375615612 14.407967882095264 3.69003486195244 8.066487428679952 -4.704823950539573 -1.7347911838145726 14.898367664289303 2.735012526783687 6.543058270396092 -3.0700546920046357 0.552248793416652 16.43047437371587 -5.830252339817754 2.3028367036628516 -2.149575820946925 -11.623488070558386 -9.473998775068695 -12.983776751031558 -3.930057721345115
13.346693386773547 5.740169254634289 -3.1416595585649887 0.3334112194728611 -1.6345125920311254 -6.664849607090257 -5.247173642243119 9.280075831198776 15.939019929093696 29.827615233122867 11.904602461168245 14.417618967647897 3.699685947505073 8.076138514232586 -4.695172864986939 -1.7251400982619394 14.908018749841936 2.744663612336338 6.552709355948743 -3.0604036064520024 0.5618998789692853 16.440125459268522 -5.820601254265121 2.3124877892155027 -2.139924735394292 -11.613836985005735 -9.464347689516044 -12.974125665478924 -3.9204066357924816
13.40681362725451 5.749855311721905 -3.1319735014773897 0.3430972765604601 -1.6248265349435265 -6.655163550002641 -5.23748758515552 9.289761888286375 15.948705986181295 29.837301290210473 11.914288518255862 14.427305024735496 3.70937200459269 8.085824571320185 -4.68548680789934 -1.7154540411743404 14.917704806929553 2.754349669423937 6.5623954130363416 -3.0507175493643857 0.571585936056902 16.44981151635612 -5.810915197177504 2.3221738463031016 -2.130238678306675 -11.604150927918136 -9.454661632428445 -12.964439608391308 -3.910720578704865
13.46693386773547 5.759573913769618 -3.1222548994296773 0.35281587860817254 -1.615107932895814 -6.645444947954928 -5.227768983107808 9.299480490334087 15.958424588229008 29.847019892258185 11.924007120303575 14.437023626783226 3.7190906066404024 8.095543173367897 -4.67576820585161 -1.705735439126628 14.927423408977265 2.7640682714716496 6.572114015084054 -3.040998947316673 0.5813045381046145 16.459530118403833 -5.801196595129792 2.331892448350814 -2.1205200762589627 -11.594432325870423 -9.444943030380733 -12.954721006343595 -3.9010019766571524
13.527054108216433 5.769321616734899 -3.1125071964643958 0.36256358157345403 -1.6053602299305325 -6.635697244989647 -5.218021280142526 9.309228193299369 15.96817229119429 29.856767595223456 11.933754823268838 14.44677132974849 3.728838309605684 8.105290876333179 -4.666020502886346 -1.6959877361613465 14.937171111942547 2.773815974436931 6.5818617180493355 -3.0312512443513917 0.5910522410698782 16.469277821369115 -5.79144889216451 2.3416401513160956 -2.110772373293681 -11.584684622905142 -9.435195327415451 -12.944973303378314 -3.891254273691871
13.587174348697394 5.779103522491003 -3.1027252907082747 0.3723454873295573 -1.5955783241744115 -6.6259153392335435 -5.208239374386405 9.31901009905549 15.97795419695041 29.86654950097957 11.94353672902496 14.456553235504611 3.738620215361787 8.1150727820893 -4.656238597130225 -1.6862058304052254 14.94695301769865 2.7835978801930343 6.591643623805439 -3.0214693385952884 0.6008341468259992 16.479059727125236 -5.781666986408407 2.3514220570722166 -2.100990467537578 -11.574902717149039 -9.425413421659348 -12.93519139762221 -3.8814723679357677
13.647294589178356 5.788917152968054 -3.0929116602312234 0.3821591178066086 -1.5857646936973602 -6.616101708756492 -5.198425743909354 9.328823729532541 15.987767827427461 29.87636313145662 11.95335035950201 14.466366865981662 3.7484338458388384 8.124886412566351 -4.646424966653174 -1.6763921999281741 14.956766648175702 2.7934115106700856 6.60145725428249 -3.011655708118237 0.6106477773030505 16.488873357602287 -5.771853355931356 2.361235687549268 -2.0911768370605266 -11.565089086671987 -9.415599791182297 -12.925377767145159 -3.8716587374587164
13.707414829659317 5.798762599225835 -3.083066213973442 0.39200456406440765 -1.575919247439579 -6.606256262498711 -5.188580297651573 9.338669175790322 15.997613273685243 29.88620857771441 11.963195805759792 14.476212312239443 3.7582792920966197 8.134731858824132 -4.636579520395393 -1.6665467536703928 14.966612094433483 2.8032569569278847 6.611302700540289 -3.001810261860456 0.6204932235608318 16.49871880386007 -5.762007909673574 2.371081133807049 -2.0813313908027453 -11.555243640414188 -9.405754344924498 -12.915532320887378 -3.861813291200935
13.76753507014028 5.8086432941578 -3.073185519041477 0.4018852589963551 -1.5660385525076137 -6.596375567566746 -5.1786996027196075 9.348549870722287 16.007493968617208 29.896089272646368 11.973076500691757 14.486093007171409 3.768159987028585 8.144612553756097 -4.626698825463428 -1.6566660587384276 14.976492789365448 2.813137651859832 6.6211833954722366 -2.9919295669284907 0.630373918492797 16.508599498792034 -5.752127214741609 2.3809618287390144 -2.07145069587078 -11.54536294548224 -9.39587364999255 -12.905651625955413 -3.85193259626897
