web/models/kne/37/mosfit_kn_0.051209_0.3433_10.0000.dat
# %ECSV 1.0
# ---
# datatype:
# - {name: time, datatype: float64}
# - {name: PS1_g, datatype: float64}
# - {name: PS1_i, datatype: float64}
# - {name: PS1_r, datatype: float64}
# - {name: PS1_w, datatype: float64}
# - {name: PS1_y, datatype: float64}
# - {name: PS1_z, datatype: float64}
# - {name: swift_uvot_B, datatype: float64}
# - {name: swift_uvot_U, datatype: float64}
# - {name: swift_uvot_uvm2, datatype: float64}
# - {name: swift_uvot_uvw1, datatype: float64}
# - {name: swift_uvot_uvw2, datatype: float64}
# - {name: swift_uvot_V, datatype: float64}
# - {name: johnson_B, datatype: float64}
# - {name: johnson_I, datatype: float64}
# - {name: johnson_R, datatype: float64}
# - {name: johnson_U, datatype: float64}
# - {name: johnson_V, datatype: float64}
# - {name: sdss_g, datatype: float64}
# - {name: sdss_i, datatype: float64}
# - {name: sdss_r, datatype: float64}
# - {name: sdss_u, datatype: float64}
# - {name: sdss_z, datatype: float64}
# - {name: ATLAS_c, datatype: float64}
# - {name: ATLAS_o, datatype: float64}
# - {name: ukirt_H, datatype: float64}
# - {name: ukirt_J, datatype: float64}
# - {name: ukirt_K, datatype: float64}
# - {name: Clear, datatype: float64}
# meta: !!omap
# - comment: [kappa = 10.0, type = rprocess, mass = 0.051209162050732976, velocity = 0.3433333333333334, theta_obs = 0.0, tfloor = 1000.0]
# schema: astropy-2.0
time PS1_g PS1_i PS1_r PS1_w PS1_y PS1_z swift_uvot_B swift_uvot_U swift_uvot_uvm2 swift_uvot_uvw1 swift_uvot_uvw2 swift_uvot_V johnson_B johnson_I johnson_R johnson_U johnson_V sdss_g sdss_i sdss_r sdss_u sdss_z ATLAS_c ATLAS_o ukirt_H ukirt_J ukirt_K Clear
[from data line 57]
3.4869739478957915 -6.26380773472583 -10.857240721243944 -9.092421064458929 -9.632288943888039 -12.513079253027843 -11.875086224050122 -4.436131541095857 -1.4927490476425118 7.398579484424965 -0.8230001163754248 1.0823784286819174 -7.510625782024516 -4.80359919536037 -11.801423737591865 -9.960965578609244 -1.9270218645949488 -7.792834887139148 -5.838135916635956 -10.818920869878301 -9.024597021753422 -0.8425885027792646 -12.083320239216864 -7.804187062302379 -10.129348947399563 -14.48284002510414 -13.68824669810383 -14.87134283386993 -10.544298070984404
3.5470941883767533 -6.162412454693698 -10.801002680855998 -9.017959852998665 -9.570886839850878 -12.476407142007169 -11.830434203149132 -4.317096426463865 -1.335838805325 7.620035831712195 -0.7060347626478243 1.2005770908034354 -7.418493246141094 -4.690901332411958 -11.751257902993892 -9.896108467337143 -1.7758087256322175 -7.705465255219026 -5.732629963138329 -10.762182511969574 -8.948825177725315 -0.6873129305287762 -12.041714913124455 -7.721306224284437 -10.068341461969617 -14.476386552486547 -13.667969033459995 -14.874583158909578 -10.495745967169672
3.6072144288577155 -6.0607974227549555 -10.744388198496413 -8.943188066125654 -9.50919939554474 -12.439298684266547 -11.785366104633503 -4.197885713866159 -1.1788530740854595 7.841009855091003 -0.5891709520901673 1.3188059914436114 -7.3260783995946825 -4.578065658533696 -11.70070377197063 -9.83097302416547 -1.6245068882850089 -7.617844582019477 -5.626917893785297 -10.705069936009615 -8.872736686445855 -0.5319457526122662 -11.999699048823746 -7.638186962851421 -10.007026093437315 -14.469432918870842 -13.647220921188906 -14.877309459821289 -10.44690755454095
3.6673346693386772 -5.9589870397054945 -10.687421046270185 -8.868129820850985 -9.44724845901506 -12.40177702240361 -11.73990537560023 -4.078524616277202 -1.0218179995045593 8.06147854789678 -0.4724246932430449 1.437047443754548 -7.233406261661231 -4.465116536385153 -11.64978486262908 -9.76558256601723 -1.473142631095723 -7.529997434806483 -5.521024222867776 -10.647606935613556 -8.79635586747991 -0.37651359501177595 -11.957295911153079 -7.554852228034843 -9.945425780430064 -14.46200065986792 -13.626024694316728 -14.879542582107879 -10.397803649804818
3.727454909819639 -5.856918306883205 -10.63006570135176 -8.792738598163456 -9.384993571623301 -12.363818208280097 -11.694023385754253 -3.9589399202007334 -0.8646376649004492 8.281580554375193 -0.355715848474762 1.5553809221188222 -7.140420141313613 -4.351983970582992 -11.598469199089784 -9.699895885035225 -1.3216237209201975 -7.441869732660835 -5.414883504473895 -10.58975769869237 -8.71963556523804 -0.2209220047970284 -11.914478618004498 -7.4712492125372165 -9.883501312753395 -14.454083142726882 -13.604365859830148 -14.881281288263802 -10.34840086778841
3.787575150300601 -5.754613969055953 -10.572344126725053 -8.717036762292203 -9.322455007664114 -12.32544354228235 -11.647741745557028 -3.8391551888087703 -0.7073366461589001 8.50129388869307 -0.23906000801494143 1.6737893101239867 -7.047143296011467 -4.238690750908919 -11.54677849001984 -9.63393461593964 -1.169974840924699 -7.353484340479246 -5.308518607663437 -10.531544211449742 -8.64259833083441 -0.06519599145823562 -11.87126861527057 -7.387399270545298 -9.821273934074508 -14.445700084097018 -13.582264917497875 -14.882544626230095 -10.298718512020795
3.847695390781563 -5.652065092034189 -10.514256611478938 -8.641020964561967 -9.2596303468917 -12.286657003544832 -11.601062963954636 -3.719158367934866 -0.549895477358646 8.720654646773959 -0.12243824768866274 1.7922903987731478 -6.9535693124048885 -4.125225519395531 -11.494714127918872 -9.567696878195228 -1.018177894319312 -7.2648355588591125 -5.20191981018213 -10.472966675545106 -8.565240699314565 0.09068313728610278 -11.827668940800624 -7.303296250744058 -9.758742219895993 -14.436860645460106 -13.55972871515103 -14.883343267906033 -10.248756100722183
3.9078156312625247 -5.5492396703862035 -10.455787574440123 -8.56466908108942 -9.196500642788052 -12.247449842654508 -11.553975532108733 -3.598911479271659 -0.39226267433404494 8.939740742545826 -0.005806842810951007 1.9109271917963047 -6.859670119875994 -4.011552110995215 -11.442262621699008 -9.501163662987768 -0.8661836801093802 -7.1758968755839065 -5.095053661234683 -10.414009343227626 -8.487540201701549 0.24676585872372314 -11.78366913022483 -7.21891398234753 -9.695888211883936 -14.42756617371982 -13.536754037250043 -14.883681659781852 -10.198498765166484
3.967935871743487 -5.4461989028868985 -10.396984080673963 -8.488033951121192 -9.133112872915206 -12.20786269753976 -11.506522750885146 -3.478481733728805 -0.2345176872735164 9.15845678965654 0.11077484063385201 2.0296382481965627 -6.765504681076913 -3.897735044278616 -11.389468986496134 -9.434384183575439 -0.7140700427156798 -7.0867254116704155 -4.987982696911946 -10.354719449272523 -8.409550256124732 0.4029727974531383 -11.739311408686852 -7.134306830004373 -9.632759643850743 -14.417846834718604 -13.513375892193656 -14.883586447477553 -10.147988722290258
4.028056112224449 -5.342881448003212 -10.337810212650869 -8.411069482021425 -9.069426972607193 -12.167870415138609 -11.458675092847894 -3.3577982415933247 -0.07656849854800618 9.376933481389319 0.2273818225032902 2.148498396063229 -6.671017344418282 -3.7837066513111357 -11.33630063112265 -9.367317533194399 -0.5617483873752359 -6.997268138971912 -4.88064330826484 -10.295060810606014 -8.331224136112123 0.5593946806544814 -11.694567941527811 -7.049423122082263 -9.569317405478994 -14.407693735362537 -13.489578002695664 -14.883053833002345 -10.097192675560986
4.0881763527054105 -5.239263388426441 -10.278255057718706 -8.333759593459451 -9.005429302419845 -12.127467469014626 -11.41042485209887 -3.236832387701397 0.08162420347504828 9.595231292833063 0.344047313757994 2.267540234344484 -6.576187340492166 -3.6694397697739807 -11.282748296934503 -9.299950146103939 -0.4091812502077662 -6.907505580650619 -4.773010440805905 -10.2350223862247 -8.252545491814782 0.7160699823388583 -11.649431871639173 -6.964243515446427 -9.505548684237528 -14.397109299487203 -13.465359208061168 -14.88208866783898 -10.046100211295634
4.148296593186372 -5.1353146084859524 -10.218303275001457 -8.256083064136384 -8.94110172201044 -12.086644687352095 -11.361760351582149 -3.115548636514439 0.240108179837222 9.813421284622233 0.46081077566460893 2.386802838184391 -6.48098801539436 -3.5549006524368605 -11.22879854976355 -9.232263787465442 -0.25632294772180975 -6.817412633262216 -4.665052679449229 -10.174588687970854 -8.173492765205346 0.8730455819240035 -11.603892515091783 -6.878743271853693 -9.441436130135425 -14.386093563453793 -13.440715384387348 -14.880693829554248 -9.994696990328134
4.208416833667335 -5.031008726636106 -10.157941817542966 -8.178021547906429 -8.876428632967226 -12.045394578938105 -11.312671841085713 -2.9939157294598493 0.39892573160276634 10.031566810586746 0.5777070585156712 2.506320726326955 -6.385396123794778 -3.440059676856841 -11.174440064599438 -9.164242845973966 -0.1031330772442306 -6.726967491569426 -4.5567424736482565 -10.113746537951176 -8.094047305996401 1.0303629643833645 -11.55794103253255 -6.792900845504839 -9.376964884557992 -14.37464732773927 -13.415643590579618 -14.878872671781183 -9.942970849867159
4.268537074148297 -4.926398401125542 -10.097210856707797 -8.099620315276823 -8.811450233835387 -12.003751648407786 -11.263196167697291 -2.871991617490518 0.5580081075841827 10.249585314579118 0.6946843385994765 2.6260402186621126 -6.289462325694644 -3.324972454164094 -11.119711211168514 -9.095929442419159 0.05032102134141747 -6.636219243560981 -4.44813366497284 -10.05253625902645 -8.014254890488335 1.1879534531516 -11.51161334359557 -6.706762906489914 -9.312175738320523 -14.362795902343224 -13.3901733881048 -14.87664741311544 -9.89095783641849
4.328657314629258 -4.821414105344033 -10.036067788216947 -8.020825988583926 -8.74612016882196 -11.961684774429013 -11.213297514322935 -2.7496965072535415 0.7174576768658449 10.467618331991254 0.8118238889205647 2.7460431952955813 -6.193122878264668 -3.209562999569972 -11.064572976826092 -9.027276117065892 0.2041380771893554 -6.545107238088527 -4.339154318466978 -9.990914967847502 -7.9340613953286265 1.3459181600124026 -11.464875534076064 -6.620270550226373 -9.247023072033844 -14.35052574897785 -13.36428324777543 -14.874010078109341 -9.838619101272137
4.38877755511022 -4.716012243413399 -9.974487327435178 -7.941605981732014 -8.680410368648825 -11.919176423449809 -11.162955175324445 -2.6269799038359585 0.8773402710384028 10.685758804430417 0.9291780929152798 2.866382326262468 -6.096338214440434 -3.093783388831963 -11.009002507119796 -8.958254338257554 0.35838137368053646 -6.453594070121828 -4.229759214070761 -9.928857195917438 -7.853433743702922 1.5043219694241827 -11.41770821390665 -6.533387258686485 -9.181479471092882 -14.337831145051945 -13.337962095574126 -14.8709586524423 -9.785931616955938
4.448897795591182 -4.610269378586231 -9.91252528017629 -7.8620245239262765 -8.614377574742065 -11.876273154637946 -11.112219518389779 -2.5039268985111383 1.0375530068938945 10.903879019966421 1.0466683288892402 2.986976631323316 -5.999181231412643 -2.9777151136212905 -10.953052683232293 -8.888923312556393 0.5129505088073639 -6.361750111488289 -4.120026850624754 -9.866418990794958 -7.772436926136592 1.6630623769670017 -11.370160240703537 -6.446180184669892 -9.115602159417033 -14.32474390283202 -13.311248529778686 -14.867520068869487 -9.73294557446815
4.509018036072144 -4.504151046115847 -9.85016221564166 -7.782056198365908 -8.547999946780376 -11.832961872675938 -11.061074855684794 -2.3804974052145864 1.1981485353633305 11.122054436574476 1.164336621500706 3.1078682084796196 -5.90162082883196 -2.8613201583585064 -10.896706060276895 -8.819260933576196 0.6678960121240852 -6.269546045740417 -4.009921437103259 -9.803580773518945 -7.691045136220005 1.8221912109048155 -11.32221701188385 -6.3586205930706186 -9.049369893808539 -14.311260546852916 -13.284134722776775 -14.863693855180456 -9.67964322968685
4.569138276553106 -4.397576121165017 -9.78734695770962 -7.701637846523788 -8.481222650158688 -11.789204242772051 -11.009477577651232 -2.2565987506471705 1.3592448131733017 11.34044498668922 1.2822751288286232 3.229150592234579 -5.80358211628709 -2.744510415866341 -10.83991551404446 -8.749210976638075 0.8233317792320239 -6.176910676674489 -3.899359163170679 -9.740291059065669 -7.609194323933544 1.9818251195735215 -11.273837123668287 -6.270639487592469 -8.982728449016939 -14.297362595727277 -13.256593165765123 -14.859467855848044 -9.625978374027824
4.629258517034068 -4.290632235415686 -9.724142369618836 -7.620842361055082 -8.414109905979341 -11.745052146821795 -10.957484087927654 -2.1323286653457805 1.5207229022655435 11.558901910199012 1.400392787659133 3.3507299944800697 -5.705148263313984 -2.627379361130093 -10.782740433520505 -8.678840350989596 0.9791418845413237 -6.0839241487804125 -3.7884299606422545 -9.676612995545835 -7.526958274201583 2.141845693775526 -11.225075175757944 -6.182313415759335 -8.915742460122598 -14.283084483003455 -13.228666308852846 -14.854870752224743 -9.572007493931292
4.68937875751503 -4.183199272967819 -9.660470583387486 -7.5395749487884345 -8.346579232683986 -11.700445930672334 -10.905027238209879 -2.007550580643321 1.6827551708505697 11.777655139752131 1.518823313208451 3.472742689309222 -5.606207727170827 -2.509797105795219 -10.725108715427922 -8.608064249220028 1.1354930279193698 -5.990480239228064 -3.6770099073454254 -9.612468274325146 -7.444240878980608 2.302423601887398 -11.17586716759627 -6.093539711841416 -8.848330037433545 -14.268394888333036 -13.200309930294123 -14.84988030862002 -9.517660513672137
4.749498997995992 -4.075418713035734 -9.596430672392255 -7.457951797283968 -8.278732619079072 -11.65546600687751 -10.85219512711511 -1.8824230617872317 1.8451468104506754 11.996457521400515 1.6374172974548888 3.595034989143994 -5.506894108005878 -2.3919150226561254 -10.667113521350473 -8.536988603063318 1.292195716470157 -5.896707276975108 -3.5652443890295693 -9.547956443630099 -7.361159807808839 2.4633651572110082 -11.126298075735335 -6.004441248408163 -8.78059350878674 -14.253344721596529 -13.171588460140649 -14.84453777336311 -9.46302636229131
4.809619238476953 -3.967222055997688 -9.531979454208717 -7.375919605680377 -8.210523840214137 -11.610080040437563 -10.798950955159246 -1.7568678482185363 2.007997488371558 12.215444244143857 1.756252259147129 3.7176856535128313 -5.407144166919118 -2.2736587904143275 -10.608715104810635 -8.465566085883093 1.4493461451227385 -5.8025452551237295 -3.453062642140221 -9.483034063880798 -7.2776609982327045 2.6247689024259557 -11.07633300614598 -5.914959802665027 -8.712487156136817 -14.237918451341736 -13.142478731899006 -14.838832966758913 -9.408066160873254
4.869739478957916 -3.8585099516911114 -9.467052699480334 -7.293400095081868 -8.141884926709348 -11.564238933417865 -10.7452393840153 -1.6307719088342154 2.17145006993146 12.43480561537735 1.8754384187834998 3.840807286518594 -5.306865648762067 -2.1549210888716037 -10.54985404891558 -8.393726927018676 1.6070824046951482 -5.707906523757786 -3.340362160146384 -9.417636545033456 -7.193665058805934 2.7867762667726126 -11.025919302398268 -5.825010584667023 -8.643943505271174 -14.222090576017068 -13.112944509396039 -14.832747954632149 -9.35272235022838
4.929859719438878 -3.749284798586352 -9.401654954922929 -7.210397017724386 -8.072819592848663 -11.517948000120644 -10.69106540294598 -1.5041370291053113 2.3355045256246143 12.654546455384011 1.9949759454131493 3.964399694817168 -5.2060616511832984 -2.035703978159788 -10.490535160603589 -8.321475465286714 1.7654039763278706 -5.612794633393407 -3.2271451892851744 -9.351768429305185 -7.109175723986372 2.949386882503866 -10.97506218495445 -5.734596492628636 -8.574966666074708 -14.205867465728728 -13.082991724120221 -14.826289366029053 -9.296999116845974
4.98997995991984 -3.639656377867073 -9.335863429307292 -7.127000728800557 -8.003407083015652 -11.47127007973733 -10.63649777525228 -1.3770861752814867 2.5000099708196544 12.874476973187715 2.1147495767511697 4.088343903056014 -5.104836001986642 -1.916124766281872 -10.430831086034289 -8.248894058767828 1.9241640417208283 -5.517309306258579 -3.113524520460711 -9.285507292725104 -7.024284517523878 3.112450670990956 -10.923828004916523 -5.643812880380619 -8.505636202882645 -14.189289175990323 -13.052670876054806 -14.819489769955146 -9.240965575761635
5.050100200400801 -3.529487869158441 -9.269588156591784 -7.0431025080768705 -7.933552903870922 -11.424135469579557 -10.581458427636168 -1.2494641439475729 2.6651615433580744 13.094853975273338 2.234909031680346 4.212793421165696 -5.003061155766038 -1.7960361115628347 -10.370658324547623 -8.1758855641949 2.083551401012389 -5.4213292776008055 -2.999359109455213 -9.218762685380764 -6.93888118182894 3.2761609664406244 -10.872142312496429 -5.552542642029792 -8.4358580806615 -14.172317756585231 -13.021929558539965 -14.812321446619928 -9.184541338668843
5.110220440881763 -3.418809310291273 -9.202852116770384 -6.958728235743266 -7.863280026536099 -11.376563911485675 -10.525968427712762 -1.1213040031890131 2.8309200755329833 13.315631554788144 2.3554244529878337 4.337717167511347 -4.9007660661141665 -1.6754698130552763 -10.310038843771807 -8.102474205711331 2.2435276037682317 -5.324882776056296 -2.884679680650173 -9.15155768197108 -6.85299188891257 3.4404785760781387 -10.820025718324988 -5.460812393611221 -8.365655609254556 -14.154967719581764 -12.990784713212358 -14.804797128632801 -9.127747070149432
