web/models/kne/37/mosfit_kn_0.001862_0.0927_3.6500.dat
# %ECSV 1.0
# ---
# datatype:
# - {name: time, datatype: float64}
# - {name: PS1_g, datatype: float64}
# - {name: PS1_i, datatype: float64}
# - {name: PS1_r, datatype: float64}
# - {name: PS1_w, datatype: float64}
# - {name: PS1_y, datatype: float64}
# - {name: PS1_z, datatype: float64}
# - {name: swift_uvot_B, datatype: float64}
# - {name: swift_uvot_U, datatype: float64}
# - {name: swift_uvot_uvm2, datatype: float64}
# - {name: swift_uvot_uvw1, datatype: float64}
# - {name: swift_uvot_uvw2, datatype: float64}
# - {name: swift_uvot_V, datatype: float64}
# - {name: johnson_B, datatype: float64}
# - {name: johnson_I, datatype: float64}
# - {name: johnson_R, datatype: float64}
# - {name: johnson_U, datatype: float64}
# - {name: johnson_V, datatype: float64}
# - {name: sdss_g, datatype: float64}
# - {name: sdss_i, datatype: float64}
# - {name: sdss_r, datatype: float64}
# - {name: sdss_u, datatype: float64}
# - {name: sdss_z, datatype: float64}
# - {name: ATLAS_c, datatype: float64}
# - {name: ATLAS_o, datatype: float64}
# - {name: ukirt_H, datatype: float64}
# - {name: ukirt_J, datatype: float64}
# - {name: ukirt_K, datatype: float64}
# - {name: Clear, datatype: float64}
# meta: !!omap
# - comment: [kappa = 3.65, type = rprocess, mass = 0.001861645566637777, velocity = 0.09266666666666673, theta_obs = 0.0, tfloor = 1000.0]
# schema: astropy-2.0
time PS1_g PS1_i PS1_r PS1_w PS1_y PS1_z swift_uvot_B swift_uvot_U swift_uvot_uvm2 swift_uvot_uvw1 swift_uvot_uvw2 swift_uvot_V johnson_B johnson_I johnson_R johnson_U johnson_V sdss_g sdss_i sdss_r sdss_u sdss_z ATLAS_c ATLAS_o ukirt_H ukirt_J ukirt_K Clear
[from data line 116]
7.034068136272545 9.27822149555741 0.3963926823581332 3.871463460395983 1.9035396488919964 -3.126797366167118 -1.7091214013199973 12.818128072121898 19.477072170016818 33.36566747404599 15.442654702091367 17.95567120857102 7.237738188428213 11.614190755155708 -1.1571206240638174 1.8129121426611825 18.446070990765076 6.28271585325946 10.090761596871864 0.4776486344711195 4.099952119892407 19.978177700191644 -2.282549013341999 5.850540030138625 1.39812750552883 -8.075784744082613 -5.9262954485929225 -9.436073424555802 -0.382354394869342
7.0941883767535066 9.296248124728042 0.41441931152874645 3.8894900895665963 1.9215662780626097 -3.1087707369965045 -1.691094772149384 12.83615470129251 19.49509879918743 33.38369410321661 15.460681331261998 17.97369783774165 7.255764817598826 11.63221738432632 -1.1390939948931864 1.8309387718317958 18.46409761993569 6.300742482430073 10.108788226042478 0.4956752636417505 4.117978749063038 19.996204329362257 -2.264522384171368 5.868566659309238 1.416154134699461 -8.057758114912 -5.908268819422309 -9.418046795385171 -0.3643277656987287
7.154308617234468 9.314107857032106 0.43227904383282834 3.907349821870678 1.9394260103666916 -3.0909110046924226 -1.6732350398453022 12.854014433596593 19.512958531491513 33.40155383552069 15.478541063566063 17.991557570045714 7.273624549902908 11.650077116630403 -1.1212342625891223 1.8487985041358777 18.48195735223977 6.318602214734155 10.12664795834656 0.5135349959458146 4.135838481367102 20.01406406166634 -2.246662651867304 5.88642639161332 1.4340138670035252 -8.039898382607918 -5.890409087118227 -9.400187063081107 -0.3464680333946468
7.214428857715431 9.331804521358045 0.4499757081587674 3.9250464861965995 1.9571226746926307 -3.0732143403665013 -1.6555383755193631 12.871711097922532 19.530655195817445 33.41925049984662 15.496237727892002 18.009254234371653 7.291321214228829 11.667773780956342 -1.1035375982631832 1.8664951684618167 18.499654016565692 6.3362988790600765 10.144344622672481 0.5312316602717537 4.153535145693041 20.031760725992278 -2.2289659875413648 5.904123055939259 1.4517105313294643 -8.022201718281996 -5.872712422792306 -9.382490398755168 -0.3287713690687255
7.274549098196393 9.349341664273716 0.46751285107442087 3.9425836291122707 1.9746598176082841 -3.05567719745083 -1.6380012326037097 12.889248240838185 19.548192338733106 33.43678764276229 15.513774870807673 18.026791377287324 7.3088583571445005 11.685310923871995 -1.0860004553475298 1.8840323113774702 18.517191159481364 6.353836021975748 10.161881765588152 0.5487688031874249 4.171072288608713 20.04929786890793 -2.2114288446256936 5.921660198854912 1.4692476742451355 -8.004664575366325 -5.855175279876635 -9.364953255839497 -0.3112342261530543
7.3346693386773545 9.366722688370608 0.48489387517133054 3.9599646532091803 1.9920408417051938 -3.038296173353938 -1.6206202085068 12.906629264935095 19.56557336283001 33.45416866685919 15.531155894904565 18.044172401384216 7.326239381241392 11.702691947968905 -1.06861943125062 1.9014133354743799 18.534572183578256 6.371217046072657 10.179262789685062 0.5661498272843168 4.1884533127056045 20.06667889300484 -2.1940478205288017 5.939041222951822 1.4866286983420274 -7.9872835512694165 -5.837794255779743 -9.347572231742605 -0.2938532020561624
7.394789579158316 9.383950934084915 0.5021221208856375 3.9771928989234695 2.0092690874195007 -3.0210679276396313 -1.603391962792493 12.923857510649402 19.582801608544315 33.47139691257349 15.548384140618872 18.061400647098523 7.343467626955699 11.719920193683212 -1.0513911855363132 1.9186415811886868 18.551800429292562 6.3884452917869465 10.196491035399351 0.5833780729986238 4.205681558419911 20.08390713871913 -2.1768195748144947 5.956269468666111 1.5038569440563343 -7.970055305555127 -5.820566010065436 -9.330343986028298 -0.27662495634185547
7.454909819639278 9.401029489671693 0.5192006764724155 3.9942714545102476 2.026347643006261 -3.003989372052853 -1.586313407205715 12.94093606623618 19.599880164131093 33.48847546816027 15.56546269620565 18.0784792026853 7.360546182542477 11.736998749269972 -1.034312629949535 1.935720136775447 18.56887898487934 6.405523847373725 10.213569590986129 0.6004566285854018 4.2227601140066895 20.10098569430591 -2.1597410192277167 5.973348024252889 1.5209354996431124 -7.952976749968349 -5.803487454478658 -9.31326543044152 -0.2595464007550774
7.51503006012024 9.417963717388016 0.5361349041887387 4.0112056822265885 2.043281870722602 -2.9870551443365123 -1.5693791794893919 12.957870293952503 19.616814391847424 33.505409695876594 15.582396923921973 18.095413430401624 7.377480410258818 11.753932976986313 -1.017378402233212 1.952654364491788 18.58581321259568 6.4224580750900655 10.23050381870247 0.617390856301725 4.239694341723013 20.11791992202225 -2.1428067915113935 5.99028225196923 1.5378697273594355 -7.936042522252008 -5.786553226762317 -9.296331202725197 -0.2426121730387365
7.575150300601202 9.434751349937915 0.5529225367386381 4.02799331477647 2.0600695032724836 -2.9702675117866306 -1.5525915469394924 12.974657926502402 19.633602024397312 33.522197328426486 15.599184556471872 18.112201062951524 7.3942680428087 11.770720609536212 -1.0005907696833125 1.9694419970416697 18.602600845145563 6.439245707639947 10.247291451252352 0.6341784888516244 4.256481974272912 20.13470755457213 -2.126019158961494 6.007069884519112 1.554657359909335 -7.919254889702127 -5.769765594212435 -9.279543570175298 -0.2258245404888548
7.635270541082164 9.451398163710891 0.5695693505115962 4.044640128549446 2.0767163170454594 -2.953620698013655 -1.5359447331665343 12.991304740275378 19.65024883817029 33.53884414219946 15.615831370244848 18.1288478767245 7.410914856581676 11.78736742330917 -0.9839439559103367 1.9860888108146455 18.61924765891854 6.455892521412923 10.263938265025327 0.6508253026246003 4.273128788045888 20.151354368345107 -2.1093723451885182 6.023716698292088 1.5713041736823108 -7.902608075929151 -5.7531187804394595 -9.262896756402322 -0.20917772671587898
7.695390781563126 9.467906977788996 0.5860781645897006 4.06114894262755 2.093225131123564 -2.9371118839355503 -1.51943591908843 13.007813554353465 19.666757652248386 33.55535295627756 15.632340184322935 18.145356690802586 7.42742367065978 11.803876237387275 -0.96743514183225 2.0025976248927497 18.635756472996643 6.4724013354910275 10.280447079103432 0.6673341167027047 4.289637602123975 20.16786318242321 -2.092863531110414 6.040225512370192 1.5878129877603975 -7.886099261851046 -5.736609966361355 -9.246387942324217 -0.19266891263777453
7.755511022044088 9.484280284913833 0.6024514717145557 4.077522249752388 2.109598438248419 -2.920738576810713 -1.5030626119635748 13.02418686147832 19.68313095937323 33.571726263402404 15.64871349144779 18.16172999792744 7.443796977784618 11.82024954451213 -0.9510618347073949 2.018970932017605 18.65212978012148 6.488774642615865 10.296820386228287 0.683707423827542 4.30601090924883 20.184236489548066 -2.0764902239855765 6.056598819495047 1.6041862948852526 -7.869725954726209 -5.720236659236518 -9.23001463519938 -0.17629560551293721
7.8156312625250495 9.500520637539438 0.6186918243401607 4.093762602377993 2.125838790874024 -2.904498224185108 -1.4868222593379699 13.040427214103925 19.69937131199884 33.58796661602802 15.664953844073395 18.177970350553046 7.4600373304102225 11.836489897137735 -0.93482148208179 2.0352112846432098 18.668370132747086 6.50501499524147 10.313060738853892 0.699947776453147 4.322251261874435 20.200476842173664 -2.0602498713599715 6.072839172120652 1.6204266475108575 -7.853485602100604 -5.703996306610913 -9.213774282573775 -0.16005525288733224
7.875751503006012 9.51663044599698 0.6348016327977035 4.109872410835553 2.141948599331567 -2.8883884157275475 -1.470712450880427 13.056537022561468 19.71548112045639 33.60407642448556 15.681063652530938 18.19408015901059 7.476147138867783 11.852599705595278 -0.9187116736242471 2.0513210931007526 18.684479941204646 6.52112480369903 10.329170547311435 0.7160575849106898 4.3383610703319775 20.216586650631214 -2.0441400629024287 6.088948980578195 1.6365364559684004 -7.8373757936430435 -5.687886498153352 -9.197664474116232 -0.14394544442977164
7.935871743486974 9.532612073589508 0.6507832603902308 4.125854038428081 2.157930226924094 -2.872406788135038 -1.4547308232878997 13.072518650153995 19.731462748048916 33.620058052078086 15.697045280123465 18.210061786603116 7.492128766460293 11.868581333187805 -0.9027300460317198 2.06730272069328 18.700461568797156 6.537106431291558 10.345152174903962 0.7320392125032171 4.354342697924505 20.23256827822373 -2.0281584353099014 6.104930608170722 1.6525180835609277 -7.821394166050516 -5.671904870560825 -9.181682846523705 -0.1279638168372621
7.995991983967936 9.548467895980046 0.6666390827807689 4.141709860818619 2.173786049314632 -2.856550965744482 -1.4388750008973616 13.088374472544533 19.747318570439454 33.63591387446863 15.712901102514003 18.225917608993655 7.5079845888508485 11.884437155578343 -0.8868742236411817 2.083158543083818 18.71631739118771 6.552962253682096 10.3610079972945 0.7478950348937552 4.370198520315043 20.24842410061428 -2.0123026129193633 6.12078643056126 1.6683739059514657 -7.805538343659978 -5.656049048170287 -9.165827024133167 -0.11210799444670627
8.056112224448897 9.56420001189949 0.6823711987002135 4.1574419767380455 2.189518165234059 -2.8408188498250553 -1.423142884977917 13.104106588463978 19.763050686358888 33.65164599038806 15.728633218433448 18.2416497249131 7.523716704770275 11.900169271497788 -0.8711421077217372 2.098890659003245 18.73204950710714 6.5686943696015225 10.376740113213927 0.7636271508131998 4.385930636234487 20.264156216533713 -1.9965704969999187 6.136518546480687 1.6841060218709103 -7.789806227740551 -5.64031693225086 -9.150094908213722 -0.09637587852727947
8.11623246492986 9.57981070449188 0.6979818912926028 4.173052669330435 2.2051288578264483 -2.825208157232666 -1.4075321923855277 13.119717281056367 19.778661378951277 33.66725668298045 15.744243911025837 18.25726041750549 7.539327397362665 11.915779964090177 -0.8555314151293478 2.114501351595652 18.747660199699528 6.584305062193912 10.392350805806316 0.7792378434055891 4.401541328826877 20.279766909126103 -1.9809598044075294 6.152129239073076 1.6997167144632996 -7.774195535148162 -5.624706239658471 -9.134484215621333 -0.08076518593489013
8.176352705410821 9.595301985599178 0.7134731723998833 4.188543950437733 2.2206201389337465 -2.8097168761253677 -1.3920409112782473 13.135208562163648 19.794152660058568 33.68274796408774 15.759735192133117 18.27275169861277 7.554818678469963 11.931271245197458 -0.8400401340220673 2.1299926327029324 18.763151480806826 6.59979634330121 10.407842086913615 0.7947291245128874 4.417032609934157 20.295258190233394 -1.9654685233002311 6.167620520180375 1.7152079955705979 -7.758704254040864 -5.609214958551172 -9.118992934514035 -0.06527390482759188
8.236472945891784 9.610675883898239 0.7288470706989614 4.203917848736811 2.2359940372328246 -2.7943429778263074 -1.3766670129791692 13.150582460462726 19.809526558357646 33.69812186238682 15.775109090432196 18.288125596911847 7.570192576769023 11.946645143496536 -0.8246662357229892 2.1453665310020105 18.778525379105886 6.615170241600288 10.423215985212693 0.8101030228119477 4.432406508233235 20.310632088532472 -1.9500946250011708 6.182994418479453 1.7305818938696582 -7.743330355741786 -5.593841060252094 -9.103619036214974 -0.04990000652853155
8.296593186372744 9.625934466751218 0.744105653551923 4.219176431589773 2.2512526200857863 -2.779084394973328 -1.3614084301262075 13.165841043315687 19.824785141210608 33.713380445239785 15.790367673285175 18.30338417976481 7.585451159622003 11.961903726349497 -0.8094076528700276 2.160625113854972 18.793783961958866 6.63042882445325 10.438474568065654 0.8253616056649271 4.447665091086215 20.325890671385434 -1.9348360421481914 6.198253001332414 1.7458404767226376 -7.728071772888824 -5.578582477399133 -9.088360453361995 -0.03464142367555212
8.356713426853707 9.641079557124907 0.7592507439256302 4.23432152196348 2.2663977104594935 -2.7639393045996385 -1.3462633397525003 13.180986133689395 19.839930231584304 33.728525535613485 15.805512763658864 18.318529270138516 7.600596249995692 11.977048816723205 -0.7942625624963204 2.1757702042286793 18.808929052332555 6.645573914826957 10.453619658439361 0.8405066960386165 4.462810181459904 20.34103576175913 -1.919690951774502 6.213398091706122 1.760985567096327 -7.712926682515117 -5.5634373870254255 -9.073215362988305 -0.019496333301862734
8.41683366733467 9.656113056501656 0.7742842433023789 4.249355021340211 2.2814312098362244 -2.74890580522289 -1.3312298403757516 13.196019633066143 19.854963730961053 33.74355903499023 15.820546263035613 18.333562769515265 7.615629749372441 11.992082316099935 -0.7792290631195717 2.19080370360541 18.823962551709304 6.660607414203688 10.468653157816092 0.8555401954153652 4.477843680836653 20.35606926113588 -1.9046574523977533 6.2284315910828525 1.7760190664730757 -7.697893183138386 -5.5484038876486945 -9.058181863611557 -0.00446283392511404
8.47695390781563 9.671036813038505 0.7892079998392099 4.26427877787706 2.296354966373073 -2.733982048686041 -1.3163060838389207 13.210943389602992 19.869887487497895 33.75848279152708 15.835470019572462 18.348486526052113 7.6305535059092895 12.007006072636784 -0.764305306582723 2.205727460142259 18.838886308246153 6.675531170740537 10.483576914352941 0.8704639519522139 4.492767437373502 20.37099301767272 -1.8897336958609046 6.243355347619701 1.7909428230099245 -7.682969426601537 -5.533480131111846 -9.043258107074708 0.010460922611734702
8.537074148296593 9.68585252008932 0.8040237068900424 4.279094484927892 2.3111706734239057 -2.7191663416352085 -1.301490376788088 13.225759096653807 19.884703194548727 33.7732984985779 15.850285726623277 18.363302233102928 7.645369212960122 12.021821779687617 -0.7494895995319082 2.2205431671930915 18.853702015296985 6.690346877791369 10.498392621403774 0.8852796590030465 4.507583144424316 20.385808724723553 -1.874917988810072 6.258171054670534 1.8057585300607393 -7.668153719550705 -5.518664424061013 -9.028442400023875 0.025276629662567274
8.597194388777554 9.700561973678141 0.8187331604788639 4.293803938516714 2.325880127012727 -2.704456888046405 -1.2867809231992666 13.240468550242628 19.89941264813754 33.78800795216672 15.864995180212098 18.37801168669175 7.660078666548926 12.036531233276438 -0.7347801459430867 2.235252620781913 18.86841146888579 6.705056331380191 10.513102074992595 0.8999891125918502 4.522292598013138 20.400518178312367 -1.8602085352212683 6.272880508259355 1.8204679836495608 -7.653444265961883 -5.503954970472192 -9.013732946435072 0.039986083251370985
8.657314629258517 9.715166815629956 0.8333380024306614 4.308408780468511 2.3404849689645246 -2.6898520460945896 -1.2721760812474692 13.255073392194426 19.914017490089346 33.802612794118524 15.879600022163913 18.392616528643547 7.674683508500741 12.051136075228236 -0.7201753039912893 2.2498574627337105 18.883016310837604 6.719661173331988 10.527706916944393 0.9145939545436654 4.536897439964953 20.415123020264172 -1.845603693269453 6.287485350211153 1.835072825601376 -7.638839424010086 -5.489350128520394 -8.999128104483257 0.0545909252031862
