web/models/kne/37/mosfit_kn_0.077496_0.0457_3.6500.dat
# %ECSV 1.0
# ---
# datatype:
# - {name: time, datatype: float64}
# - {name: PS1_g, datatype: float64}
# - {name: PS1_i, datatype: float64}
# - {name: PS1_r, datatype: float64}
# - {name: PS1_w, datatype: float64}
# - {name: PS1_y, datatype: float64}
# - {name: PS1_z, datatype: float64}
# - {name: swift_uvot_B, datatype: float64}
# - {name: swift_uvot_U, datatype: float64}
# - {name: swift_uvot_uvm2, datatype: float64}
# - {name: swift_uvot_uvw1, datatype: float64}
# - {name: swift_uvot_uvw2, datatype: float64}
# - {name: swift_uvot_V, datatype: float64}
# - {name: johnson_B, datatype: float64}
# - {name: johnson_I, datatype: float64}
# - {name: johnson_R, datatype: float64}
# - {name: johnson_U, datatype: float64}
# - {name: johnson_V, datatype: float64}
# - {name: sdss_g, datatype: float64}
# - {name: sdss_i, datatype: float64}
# - {name: sdss_r, datatype: float64}
# - {name: sdss_u, datatype: float64}
# - {name: sdss_z, datatype: float64}
# - {name: ATLAS_c, datatype: float64}
# - {name: ATLAS_o, datatype: float64}
# - {name: ukirt_H, datatype: float64}
# - {name: ukirt_J, datatype: float64}
# - {name: ukirt_K, datatype: float64}
# - {name: Clear, datatype: float64}
# meta: !!omap
# - comment: [kappa = 3.65, type = rprocess, mass = 0.07749594937791414, velocity = 0.04566666666666669, theta_obs = 0.0, tfloor = 1000.0]
# schema: astropy-2.0
time PS1_g PS1_i PS1_r PS1_w PS1_y PS1_z swift_uvot_B swift_uvot_U swift_uvot_uvm2 swift_uvot_uvw1 swift_uvot_uvw2 swift_uvot_V johnson_B johnson_I johnson_R johnson_U johnson_V sdss_g sdss_i sdss_r sdss_u sdss_z ATLAS_c ATLAS_o ukirt_H ukirt_J ukirt_K Clear
[from data line 484]
29.158316633266534 1.402042517834392 -5.735923625905439 -2.9507324621673625 -4.3064617949314155 -8.500476376755639 -7.403876105209939 4.241144339824733 9.363970111955311 21.430607996729055 7.409477314692712 9.577556805781718 -0.3302651959909511 3.4289277112043197 -7.034809840581185 -4.46127815720778 8.591966326363519 -0.9578347865627255 2.0589727453836737 -5.670700812005123 -2.7947178674414275 9.928866190291998 -7.809833892072913 -1.2356013472157557 -4.809690929009491 -12.219841040958508 -10.627137513601637 -13.17693961144929 -6.001378487450566
29.218436873747493 1.4554379191245026 -5.7010167846542 -2.9084704146016627 -4.270543090074419 -8.473633851275348 -7.373650965873146 4.301962012825599 9.440922663796556 21.52789022822677 7.465251776283868 9.636459004709273 -0.2802018545719179 3.485918471175054 -7.002560671110053 -4.424400298410743 8.666303616882434 -0.9108609131232879 2.114036023505488 -5.635611741031248 -2.75172661073924 10.005191350726221 -7.781245045456959 -1.1904714963749008 -4.773780599727182 -12.205953982959146 -10.607364908892317 -13.167295632752294 -5.9715252782002
29.278557114228455 1.5088850893458527 -5.666070311803928 -2.8661648183933153 -4.234588978199767 -8.446756687400434 -7.343388429025932 4.36283674309819 9.517946541999667 21.62522914228563 7.521061015025694 9.695411826653878 -0.23008707621019728 3.542956135876945 -6.970274603980516 -4.387492137623135 8.740707813338833 -0.8638459739745106 2.169151853330895 -5.60048315778733 -2.708690322597338 10.08158664017147 -7.75262283004631 -1.1452982379620558 -4.737835047754668 -12.19204307093628 -10.587563961754077 -13.157631544366682 -5.9416453199187735
29.338677354709418 1.562386510042213 -5.63108254190082 -2.823813684985357 -4.198597727152027 -8.4198435686063 -7.3130870307843665 4.4237713306855655 9.595045251946708 21.72262931875531 7.576907695097663 9.75441801783068 -0.17991853987403136 3.6000433420153892 -6.937950089877179 -4.350551926243125 8.81518229528864 -0.8167877984583403 2.2243227867641124 -5.565313390148177 -2.6656069858308484 10.158055524163139 -7.7239658615877005 -1.100079439886894 -4.701852548801995 -12.178107544622668 -10.567733660567276 -13.147946764479721 -5.91173714405647
29.39879759519038 1.6159334436168038 -5.596059444800794 -2.7814240863735584 -4.162575433889479 -8.392899250682522 -7.282752035521707 4.484755917602045 9.67220651151301 21.820075622834313 7.632782809577634 9.813468040019583 -0.12970449867603126 3.657170813968374 -6.905592699136608 -4.313585927564614 8.88971516313826 -0.7696941869444072 2.27953983342033 -5.530108436500694 -2.6224837856687344 10.234585802795397 -7.6952791654222885 -1.0548225856093474 -4.66583920585693 -12.164150203696503 -10.5478776947786 -13.138243448306602 -5.881805933114048
29.458917835671343 1.6695233873110027 -5.561002747576165 -2.738998059141604 -4.126523843138923 -8.365925115609087 -7.2523849693862275 4.545787680429435 9.749426811145199 21.91756388528987 7.688683844655486 9.872559183457984 -0.07944733006732181 3.714335899267876 -6.873204045554885 -4.276595948379598 8.964303008452806 -0.7225673959968024 2.334800417492815 -5.494870032784842 -2.5793227934774343 10.311173981288722 -7.666564204629367 -1.0095298140818443 -4.62979677043224 -12.150171869735667 -10.527997141611268 -13.128522230074358 -5.851853170383734
29.519038076152302 1.7231717720582296 -5.525901971017753 -2.6965231564499703 -4.090432187426476 -8.338912836822931 -7.221976601279163 4.6068840293901205 9.826727878783643 22.015121429279628 7.744626928906033 9.931708370517956 -0.029132507175060624 3.7715549819570486 -6.840774361457643 -4.239570994741276 9.038966846021584 -0.6753937476582526 2.3901204130538645 -5.459587652576197 -2.5361113697845994 10.38784160682404 -7.63781219647667 -0.9641878956075978 -4.593714484609066 -12.136167672649998 -10.50808556240648 -13.11877936825544 -5.821869713101897
29.579158316633265 1.7768706764680609 -5.490762529430384 -2.654005790823213 -4.054305993595655 -8.311866728423567 -7.191531706221923 4.668036027456769 9.90409858013388 22.11273455662275 7.800603907257404 9.990906956750166 0.02123248598956377 3.8288196545832736 -6.808308698978492 -4.202516744790022 9.113695887729072 -0.6281803154731389 2.4454916694688933 -5.424266736107537 -2.4928560302197056 10.464577618749455 -7.609027699638755 -0.9188036138209021 -4.557597880998081 -12.122140152976593 -10.488146304432016 -13.109016818746662 -5.791860258621604
29.639278557114228 1.8306258511936413 -5.455580531367321 -2.611441333099709 -4.018141249796123 -8.284783702895595 -7.161046858109987 4.7292501630375385 9.98154702121452 22.210413576348223 7.856620835973196 10.050161264268201 0.07165305281838312 3.8861360220876366 -6.775803433349053 -4.165429118297042 9.188497964864098 -0.5809220253799705 2.500920101639963 -5.38890337511992 -2.4495520753048616 10.541390047616517 -7.58020746173111 -0.8733720359385977 -4.521442955619328 -12.108087512027888 -10.468176985004847 -13.099233201460974 -5.761821403767247
29.69939879759519 1.884426043789631 -5.420363658956759 -2.5688388857477307 -3.98194580496261 -8.257669878769462 -7.130528831350649 4.790513740992112 10.059057378517036 22.308138954457913 7.912666107644348 10.10945900448522 0.12211856838224759 3.943492145652115 -6.7432657308476704 -4.128316165131712 9.26335775296338 -0.5336289068179643 2.5563941322334216 -5.353505287937175 -2.406208753415804 10.61826318046176 -7.551357944149117 -0.8279027989910048 -4.485257562285447 -12.094013347947941 -10.448182347881508 -13.08943128517864 -5.731759815198938
29.75951903807615 1.9382736154707203 -5.385110327972313 -2.5261965567120725 -3.9457180108930245 -8.230524004003215 -7.0999762336176 4.851829425701472 10.136632987212106 22.405915055217886 7.968742261106652 10.168802790255405 0.17263124061700022 4.000890535099227 -6.710694117747106 -4.091176220680375 9.338278467388104 -0.4862988949253808 2.611916189282031 -5.318070884031556 -2.3628241455012677 10.6952003143474 -7.522477830629004 -0.7823938741583802 -4.449040059814564 -12.079916937914062 -10.428161431029517 -13.079610516814258 -5.7016740954575695
29.819639278557112 1.9921639191486662 -5.349823724822578 -2.483518113731993 -3.909461107345038 -8.203348621572975 -7.0693918775661935 4.913191974569128 10.214267318658816 22.503733947820773 8.024844558797017 10.228187564550609 0.22318667050454902 4.058326264839259 -6.6780915682223805 -4.054012617722472 9.41325377927808 -0.4389361486056995 2.6674814910067823 -5.28260336529609 -2.319402081649571 10.77219495943016 -7.493569808576215 -0.736849237479813 -4.41279369362773 -12.065799783764389 -10.408116210001806 -13.06977205343795 -5.67156699585583
29.879759519038075 2.046089376182181 -5.314509031981434 -2.440809691919057 -3.8731803772465767 -8.176147862835474 -7.0387803358381085 4.974592837634465 10.291949717198605 22.601582568930876 8.080965227091816 10.287605064048378 0.27377769454665496 4.115791302354147 -6.64546291717227 -4.016830775236085 9.488273367604918 -0.391547427356149 2.7230822399789645 -5.247107938687332 -2.2759487970929726 10.84923653142356 -7.464638239916734 -0.691275375892193 -4.376523751576773 -12.051664318332554 -10.388049889599936 -13.05991776766973 -5.64144299986685
29.939879759519037 2.1000607582224617 -5.2791589395313565 -2.3980626066786925 -3.8368683069969656 -8.14891592075222 -7.008135169111682 5.036044168226316 10.369695355037614 22.69948003091287 8.1371155341858 10.347067104362765 0.32441444997344887 4.1732970799416655 -6.6128013525226335 -3.979623031522224 9.563351901241422 -0.34412319746900377 2.7787295163886405 -5.211577261870204 -2.232455472948871 10.926340072301723 -7.435677003266932 -0.6456630547498854 -4.3402227282546235 -12.03750714845947 -10.367957981814138 -13.05004505368858 -5.6112957321520796
30.0 2.1540807614921142 -5.243771634434307 -2.3552746950385206 -3.800523015672699 -8.121651360865254 -6.977454782995469 5.097549008699812 10.4475080389631 22.797431275667957 8.193298361565358 10.406576662757821 0.375099461296535 4.23084646130302 -6.580105187312038 -3.942387484518542 9.638493051528101 -0.2966610975454895 2.8344260927440246 -5.176009514528204 -2.188919914782712 11.003509347106615 -7.406684590602772 -0.6000099588844776 -4.303888749425013 -12.023327444253072 -10.347839383369893 -13.040153276163442 -5.58112359887307
