web/models/kne/37/mosfit_kn_0.006452_0.4530_0.5000.dat
# %ECSV 1.0
# ---
# datatype:
# - {name: time, datatype: float64}
# - {name: PS1_g, datatype: float64}
# - {name: PS1_i, datatype: float64}
# - {name: PS1_r, datatype: float64}
# - {name: PS1_w, datatype: float64}
# - {name: PS1_y, datatype: float64}
# - {name: PS1_z, datatype: float64}
# - {name: swift_uvot_B, datatype: float64}
# - {name: swift_uvot_U, datatype: float64}
# - {name: swift_uvot_uvm2, datatype: float64}
# - {name: swift_uvot_uvw1, datatype: float64}
# - {name: swift_uvot_uvw2, datatype: float64}
# - {name: swift_uvot_V, datatype: float64}
# - {name: johnson_B, datatype: float64}
# - {name: johnson_I, datatype: float64}
# - {name: johnson_R, datatype: float64}
# - {name: johnson_U, datatype: float64}
# - {name: johnson_V, datatype: float64}
# - {name: sdss_g, datatype: float64}
# - {name: sdss_i, datatype: float64}
# - {name: sdss_r, datatype: float64}
# - {name: sdss_u, datatype: float64}
# - {name: sdss_z, datatype: float64}
# - {name: ATLAS_c, datatype: float64}
# - {name: ATLAS_o, datatype: float64}
# - {name: ukirt_H, datatype: float64}
# - {name: ukirt_J, datatype: float64}
# - {name: ukirt_K, datatype: float64}
# - {name: Clear, datatype: float64}
# meta: !!omap
# - comment: [kappa = 0.5, type = rprocess, mass = 0.006451950121499907, velocity = 0.45299999999999996, theta_obs = 0.0, tfloor = 1000.0]
# schema: astropy-2.0
time PS1_g PS1_i PS1_r PS1_w PS1_y PS1_z swift_uvot_B swift_uvot_U swift_uvot_uvm2 swift_uvot_uvw1 swift_uvot_uvw2 swift_uvot_V johnson_B johnson_I johnson_R johnson_U johnson_V sdss_g sdss_i sdss_r sdss_u sdss_z ATLAS_c ATLAS_o ukirt_H ukirt_J ukirt_K Clear
[from data line 116]
7.034068136272545 9.332016802213765 0.45018798901448775 3.9252587670523376 1.957334955548351 -3.073002059510781 -1.6553260946636428 12.871923378778252 19.530867476673173 33.41946278070235 15.496450008747722 18.009466515227373 7.29153349508455 11.667986061812062 -1.1033253174074629 1.866707449317537 18.499866297421413 6.336511159915815 10.144556903528219 0.5314439411274741 4.153747426548762 20.031973006848 -2.2287537066856444 5.904335336794979 1.4519228121851846 -8.021989437426258 -5.872500141936568 -9.382278117899448 -0.32855908821300517
7.0941883767535066 9.355146579336733 0.47331776613745546 3.9483885441753053 1.9804647326713187 -3.0498722823878133 -1.632196317540675 12.89505315590122 19.55399725379614 33.442592557825314 15.51957978587069 18.03259629235034 7.314663272207517 11.69111583893503 -1.0801955402844952 1.8898372264405048 18.5229960745444 6.359640937038782 10.167686680651187 0.5545737182504418 4.176877203671729 20.055102783970966 -2.2056239295626767 5.927465113917947 1.4750525893081523 -7.9988596603032915 -5.8493703648136 -9.35914834077648 -0.30542931109003746
7.154308617234468 9.378150272030226 0.49632145883094836 3.9713922368687804 2.003468425364794 -3.0268685896943204 -1.6091926248471822 12.918056848594713 19.577000946489626 33.46559625051879 15.542583478564183 18.055599985043834 7.33766696490101 11.714119531628505 -1.0571918475910023 1.91284091913398 18.545999767237873 6.382644629732257 10.190690373344662 0.5775774109439347 4.199880896365222 20.07810647666444 -2.182620236869184 5.950468806611422 1.4980562820016452 -7.975855967609816 -5.826366672120125 -9.336144648082987 -0.28242561839654456
7.214428857715431 9.401031546780647 0.519202733581352 3.994273511619202 2.0263497001152153 -3.003987314943899 -1.5863113500967785 12.940938123345116 19.599882221240037 33.48847752526921 15.565464753314586 18.078481259794238 7.360548239651432 11.737000806378926 -1.0343105728405986 1.9357221938844014 18.568881041988295 6.405525904482679 10.213571648095083 0.6004586856943561 4.222762171115626 20.100987751414863 -2.1597389621187624 5.973350081361843 1.5209375567520667 -7.952974692859395 -5.803485397369704 -9.313263373332566 -0.2595443436461231
7.274549098196393 9.423793964592377 0.5419651513931001 4.017035929430932 2.0491121179269456 -2.9812248971321686 -1.5635489322850304 12.963700541156864 19.622644639051778 33.511239943080945 15.588227171126334 18.101243677605986 7.383310657463162 11.759763224190674 -1.0115481550288505 1.9584846116961494 18.591643459800025 6.428288322294409 10.236334065906814 0.6232211035060864 4.245524588927374 20.123750169226593 -2.136976544307032 5.996112499173574 1.543699974563797 -7.930212275047665 -5.780722979557973 -9.290500955520836 -0.23678192583439284
7.3346693386773545 9.446440961127696 0.5646121479284183 4.039682925966268 2.0717591144622816 -2.9585779005968504 -1.5409019357497122 12.986347537692183 19.645291635587103 33.53388693961627 15.610874167661652 18.123890674141304 7.40595765399848 11.782410220725993 -0.9889011584935323 1.9811316082314676 18.61429045633536 6.450935318829745 10.25898106244215 0.6458681000414046 4.268171585462692 20.14639716576193 -2.114329547771714 6.01875949570891 1.5663469710991151 -7.907565278512329 -5.758075983022637 -9.267853958985517 -0.21413492929907463
7.394789579158316 9.46897582640803 0.5871470132087531 4.062217791246603 2.0942939797426163 -2.936043035316498 -1.5183670704693775 13.008882402972517 19.667826500867438 33.55642180489661 15.633409032941987 18.14642553942164 7.428492519278833 11.804945086006327 -0.9663662932131976 2.003666473511802 18.636825321615696 6.47347018411008 10.281515927722484 0.6684029653217571 4.290706450743027 20.168932031042264 -2.0917946824913614 6.041294360989244 1.58888183637945 -7.885030413231994 -5.735541117742303 -9.245319093705165 -0.1916000640187221
7.454909819639278 9.491401763273704 0.6095729500744262 4.084643728112258 2.1167199166082895 -2.9136170984508425 -1.4959411336037043 13.03130833983819 19.6902524377331 33.57884774176228 15.65583496980766 18.168851476287312 7.450918456144488 11.827371022872 -0.9439403563475244 2.0260924103774753 18.65925125848135 6.495896120975735 10.303941864588158 0.6908289021874126 4.3131323876087 20.191357967907937 -2.069368745625706 6.063720297854918 1.611307773245123 -7.8626044763663385 -5.713115180876647 -9.22289315683951 -0.16917412715306668
7.51503006012024 9.513731475545093 0.631902662345798 4.106973440383648 2.139049628879661 -2.891287386179453 -1.4736114213323326 13.053638052109562 19.712582150004483 33.60117745403365 15.678164682079032 18.191181188558684 7.473248168415878 11.849700735143372 -0.9216106440761527 2.048422122648847 18.68158097075274 6.518225833247125 10.32627157685953 0.713158614458802 4.335462099880072 20.21368768017931 -2.0470390333543165 6.086050010126289 1.6336374855165126 -7.840274764094949 -5.690785468605258 -9.20056344456812 -0.1468444148816772
7.575150300601202 9.535939493949588 0.6541106807503105 4.129181458788143 2.161257647284174 -2.869079367774958 -1.45140340292782 13.075846070514075 19.734790168408985 33.623385472438166 15.700372700483545 18.213389206963196 7.495456186820372 11.871908753547885 -0.8994026256716401 2.0706301410533596 18.703788989157236 6.54043385165162 10.348479595264042 0.7353666328632968 4.3576701182845845 20.23589569858381 -2.0248310149498217 6.108258028530802 1.6558455039210074 -7.818066745690454 -5.668577450200763 -9.178355426163625 -0.12463639647718239
7.635270541082164 9.558056074524917 0.6762272613256215 4.151298039363471 2.1833742278594848 -2.8469627871996295 -1.429286822352509 13.097962651089386 19.756906748984306 33.64550205301349 15.722489281058873 18.235505787538507 7.517572767395701 11.894025334123196 -0.8772860450963291 2.0927467216286706 18.725905569732564 6.562550432226948 10.370596175839353 0.7574832134386256 4.379786698859913 20.258012279159132 -2.002714434374493 6.130374609106113 1.677962084496336 -7.7959501651151255 -5.646460869625434 -9.156238845588296 -0.10251981590185366
7.695390781563126 9.5800757625676 0.6982469493683219 4.173317727406154 2.2053939159021674 -2.824943099156947 -1.4072671343098087 13.119982339132086 19.778926437026996 33.66752174105617 15.744508969101556 18.257525475581208 7.539592455438384 11.916045022165896 -0.8552663570536287 2.114766409671371 18.747925257775247 6.584570120269631 10.392615863882035 0.7795029014813082 4.401806386902596 20.280031967201822 -1.9806947463318103 6.1523942971487955 1.6999817725390187 -7.773930477072443 -5.6244411815827515 -9.134219157545614 -0.08050012785917104
7.755511022044088 9.602000738244971 0.7201719250456939 4.195242703083526 2.2273188915795394 -2.803018123479575 -1.3853421586324366 13.141907314809458 19.800851412704368 33.68944671673354 15.766433944778928 18.27945045125858 7.561517431115756 11.93796999784325 -0.8333413813762567 2.1366913853487253 18.76985023345262 6.606495095947003 10.414540839559407 0.8014278771586802 4.423731362579968 20.301956942879194 -1.9587697706544382 6.1743192728261675 1.7219067482163908 -7.752005501395071 -5.6025162059053795 -9.112294181868242 -0.058575152181798984
7.8156312625250495 9.623833493884426 0.7420046806851488 4.217075458722981 2.249151647219012 -2.78118536784012 -1.3635094029929817 13.163740070448913 19.822684168343827 33.711279472373 15.788266700418383 18.301283206898034 7.583350186755211 11.959802753482723 -0.8115086257368018 2.158524140988198 18.791682989092074 6.628327851586458 10.436373595198862 0.8232606327981351 4.445564118219423 20.323789698518652 -1.9369370150149834 6.19615202846564 1.7437395038558456 -7.730172745755616 -5.580683450265925 -9.090461426228787 -0.036742396542344125
7.875751503006012 9.64557642892105 0.7637476157217726 4.238818393759622 2.270894582255636 -2.759442432803496 -1.341766467956358 13.185483005485537 19.844427103380447 33.73302240740963 15.810009635455007 18.32302614193466 7.6050931217918345 11.981545688519347 -0.789765690700178 2.1802670760248217 18.813425924128698 6.6500707866230995 10.458116530235504 0.8450035678347589 4.467307053256047 20.345532633555273 -1.9151940799783596 6.217894963502264 1.7654824388924695 -7.708429810718974 -5.558940515229283 -9.068718491192163 -0.01499946150572029
7.935871743486974 9.667231860119134 0.785403046919857 4.260473824957707 2.2925500134537202 -2.737787001605394 -1.3201110367582736 13.207138436683621 19.866082534578542 33.75467783860771 15.831665066653091 18.344681573132743 7.626748552989937 12.003201119717431 -0.7681102595020937 2.201922507222906 18.8350813553268 6.671726217821184 10.479771961433588 0.8666589990328433 4.488962484454131 20.367188064753368 -1.8935386487802575 6.239550394700348 1.7871378700905538 -7.68677437952089 -5.537285084031199 -9.047063059994061 0.006655969692381802
7.995991983967936 9.688801998939773 0.806973185740496 4.282043963778328 2.3141201522743415 -2.7162168627847727 -1.2985408979376345 13.22870857550426 19.887652673399174 33.77624797742835 15.85323520547373 18.36625171195338 7.648318691810558 12.024771258538053 -0.7465401206814546 2.2234926460435274 18.85665149414742 6.693296356641805 10.50134210025421 0.8882291378534823 4.51053262327477 20.388758203574 -1.8719685099596362 6.26112053352097 1.8087080089111929 -7.665204240700269 -5.515714945210577 -9.02549292117344 0.028226108513003112
8.056112224448897 9.710288951801083 0.8284601386018053 4.303530916639637 2.335607105135651 -2.6947299099234634 -1.2770539450763252 13.25019552836557 19.909139626260483 33.79773493028966 15.87472215833504 18.38773866481469 7.669805644671867 12.046258211399362 -0.7250531678201453 2.2449795989048367 18.87813844700873 6.714783309503114 10.522829053115519 0.9097160907147916 4.532019576136079 20.41024515643531 -1.8504815570983268 6.282607486382279 1.8301949617725022 -7.643717287838959 -5.494227992349268 -9.00400596831213 0.04971306137431242
8.11623246492986 9.731694753232016 0.8498659400327213 4.324936718070571 2.3570129065665846 -2.6733241084925297 -1.2556481436454092 13.271601329796486 19.930545427691406 33.81914073172058 15.896127959765955 18.409144466245607 7.691211446102801 12.067664012830296 -0.7036473663892293 2.2663854003357704 18.899544248439664 6.736189110934048 10.544234854546453 0.9311218921457254 4.553425377566995 20.431650957866232 -1.829075755667393 6.304013287813213 1.851600763203436 -7.622311486408026 -5.472822190918334 -8.982600166881197 0.07111886280524615
8.176352705410821 9.753021341767454 0.8711925285681765 4.346263306606009 2.37833949510204 -2.651997519957092 -1.234321555109954 13.29292791833194 19.95187201622685 33.840467320256025 15.91745454830141 18.430471054781062 7.712538034638238 12.08899060136575 -0.6823207778537741 2.2877119888712256 18.9208708369751 6.757515699469486 10.56556144308189 0.9524484806811628 4.5747519661024505 20.452977546401677 -1.8077491671319557 6.325339876348668 1.8729273517388734 -7.600984897872588 -5.451495602382897 -8.961273578345759 0.0924454513406836
8.236472945891784 9.774270558188647 0.8924417449893696 4.367512523027219 2.399588711523233 -2.6307483035358814 -1.213072338688761 13.314177134753134 19.973121232648055 33.86171653667723 15.938703764722604 18.451720271202255 7.733787251059449 12.110239817786944 -0.6610715614325811 2.3089612052924187 18.942120053396312 6.778764915890696 10.5868106595031 0.9736976971023559 4.5960011825236435 20.47422676282288 -1.7864999507107626 6.346589092769861 1.8941765681600664 -7.579735681451377 -5.430246385961686 -8.940024361924566 0.11369466776189441
8.296593186372744 9.7954441782273 0.9136153650280043 4.388686143065854 2.4207623315618676 -2.6095746834972466 -1.1918987186501262 13.335350754791786 19.9942948526867 33.88289015671587 15.959877384761256 18.472893891240897 7.754960871098084 12.131413437825579 -0.6398979413939285 2.3301348253310534 18.963293673434947 6.799938535929331 10.607984279541736 0.9948713171410084 4.617174802562296 20.495400382861526 -1.76532633067211 6.367762712808496 1.915350188198719 -7.558562061412743 -5.409072765923051 -8.918850741885914 0.13486828780052917
8.356713426853707 9.816543889306626 0.9347150761073486 4.409785854145181 2.441862042641194 -2.58847497241792 -1.170799007570782 13.356450465871113 20.015394563766023 33.9039898677952 15.980977095840583 18.493993602320234 7.7760605821774105 12.152513148904923 -0.618798230314602 2.3512345364103977 18.984393384514274 6.821038247008658 10.629083990621062 1.015971028220335 4.638274513641623 20.51650009394085 -1.7442266195927836 6.388862423887822 1.9364498992780455 -7.537462350333416 -5.387973054843725 -8.897751030806587 0.15596799887985568
8.41683366733467 9.837571293580147 0.9557424803808701 4.43081325841872 2.4628894469147333 -2.567447568144381 -1.1497716032972605 13.377477870144634 20.036421968039555 33.92501727206873 16.002004500114104 18.515021006593766 7.79708798645095 12.173540553178444 -0.5977708260410806 2.372261940683919 19.005420788787813 6.842065651282197 10.650111394894601 1.0369984324938741 4.659301917915144 20.53752749821438 -1.7231992153192444 6.409889828161361 1.957477303551567 -7.516434946059877 -5.366945650570186 -8.876723626533048 0.1769954031533949
8.47695390781563 9.85852793430844 0.9766991211091636 4.451769899146996 2.483846087643009 -2.546490927416105 -1.128814962568967 13.398434510872928 20.05737860876784 33.94597391279701 16.022961140842398 18.53597764732204 7.818044627179225 12.194497193906738 -0.576814185312787 2.393218581412195 19.02637742951609 6.863022292010473 10.671068035622877 1.0579550732221499 4.6802585586434375 20.558484138942667 -1.7022425745909686 6.430846468889637 1.9784339442798604 -7.495478305331601 -5.34598900984191 -8.855766985804772 0.19795204388167065
8.537074148296593 9.879415276046775 0.9975864628474973 4.472657240885329 2.504733429381343 -2.5256035856777714 -1.1079276208306332 13.419321852611262 20.07826595050617 33.966861254535345 16.04384848258073 18.556864989060383 7.838931968917559 12.215384535645072 -0.5559268435744533 2.4141059231505464 19.047264771254422 6.883909633748806 10.69195537736121 1.0788424149604836 4.701145900381771 20.579371480680997 -1.6813552328526349 6.451733810627971 1.9993212860181941 -7.4745909635932675 -5.325101668103576 -8.834879644066438 0.21883938562000438
8.597194388777554 9.9002347066385 1.0184058934392048 4.493476671477055 2.525552859973068 -2.504784155086046 -1.0871081902389257 13.44014128320297 20.09908538109789 33.98768068512707 16.064667913172457 18.577684419652098 7.8597513995092845 12.23620396623678 -0.5351074129827458 2.434925353742254 19.068084201846148 6.904729064340532 10.712774807952936 1.099661845552209 4.721965330973497 20.600190911272716 -1.6605358022609096 6.472553241219696 2.0201407166099195 -7.453771533001542 -5.304282237511851 -8.814060213474713 0.23965881621172969
8.657314629258517 9.920987560002263 1.0391587468029684 4.514229524840818 2.5463057133368316 -2.4840313017222826 -1.0663553368751622 13.46089413656675 20.11983823446166 34.008433538490834 16.08542076653622 18.598437273015865 7.880504252873048 12.256956819600543 -0.5143545596189645 2.4556782071060175 19.08883705520991 6.925481917704295 10.7335276613167 1.1204146989159725 4.74271818433726 20.620943764636486 -1.639782948897146 6.49330609458346 2.040893569973683 -7.433018679637779 -5.283529384148087 -8.79330736011095 0.2604116695754932
8.71743486973948 9.941675101511684 1.0598462883124071 4.534917066350239 2.5669932548462526 -2.4633437602128616 -1.0456677953657234 13.481581678076171 20.140525775971085 34.02912108000026 16.10610830804564 18.619124814525293 7.901191794382469 12.277644361109981 -0.4936670181095435 2.476365748615456 19.109524596719332 6.946169459213716 10.75421520282612 1.1411022404253934 4.763405725846681 20.64163130614591 -1.619095407387725 6.513993636092881 2.061581111483104 -7.412331138128358 -5.262841842638666 -8.772619818601529 0.2810992110849142
