web/models/kne/37/mosfit_kn_0.002290_0.2180_0.5000.dat
# %ECSV 1.0
# ---
# datatype:
# - {name: time, datatype: float64}
# - {name: PS1_g, datatype: float64}
# - {name: PS1_i, datatype: float64}
# - {name: PS1_r, datatype: float64}
# - {name: PS1_w, datatype: float64}
# - {name: PS1_y, datatype: float64}
# - {name: PS1_z, datatype: float64}
# - {name: swift_uvot_B, datatype: float64}
# - {name: swift_uvot_U, datatype: float64}
# - {name: swift_uvot_uvm2, datatype: float64}
# - {name: swift_uvot_uvw1, datatype: float64}
# - {name: swift_uvot_uvw2, datatype: float64}
# - {name: swift_uvot_V, datatype: float64}
# - {name: johnson_B, datatype: float64}
# - {name: johnson_I, datatype: float64}
# - {name: johnson_R, datatype: float64}
# - {name: johnson_U, datatype: float64}
# - {name: johnson_V, datatype: float64}
# - {name: sdss_g, datatype: float64}
# - {name: sdss_i, datatype: float64}
# - {name: sdss_r, datatype: float64}
# - {name: sdss_u, datatype: float64}
# - {name: sdss_z, datatype: float64}
# - {name: ATLAS_c, datatype: float64}
# - {name: ATLAS_o, datatype: float64}
# - {name: ukirt_H, datatype: float64}
# - {name: ukirt_J, datatype: float64}
# - {name: ukirt_K, datatype: float64}
# - {name: Clear, datatype: float64}
# meta: !!omap
# - comment: [kappa = 0.5, type = rprocess, mass = 0.0022901433483143324, velocity = 0.21800000000000003, theta_obs = 0.0, tfloor = 1000.0]
# schema: astropy-2.0
time PS1_g PS1_i PS1_r PS1_w PS1_y PS1_z swift_uvot_B swift_uvot_U swift_uvot_uvm2 swift_uvot_uvw1 swift_uvot_uvw2 swift_uvot_V johnson_B johnson_I johnson_R johnson_U johnson_V sdss_g sdss_i sdss_r sdss_u sdss_z ATLAS_c ATLAS_o ukirt_H ukirt_J ukirt_K Clear
[from data line 294]
17.73547094188377 12.825900420339433 3.944071607140156 7.419142385177988 5.451218573674019 0.4208815586148873 1.8385575234620255 16.36580699690392 23.02475109479883 36.91334639882801 18.99033362687339 21.50335013335304 10.785417113210219 15.16186967993773 2.3905583007182054 5.360591067443205 21.99374991554709 9.830394778041464 13.638440521653887 4.025327559253142 7.64763104467443 23.525856624973656 1.2651299114400238 9.398218954920647 4.945806430310853 -4.528105819300609 -2.378616523810918 -5.88839449977378 3.165324529912663
17.795591182364728 12.838554134206568 3.9567253210072906 7.431796099045123 5.463872287541136 0.43353527248202184 1.85121123732916 16.378460710771055 23.03740480866597 36.92600011269514 19.002987340740514 21.516003847220166 10.798070827077353 15.174523393804847 2.40321201458534 5.373244781310322 22.006403629414216 9.843048491908599 13.651094235521004 4.037981273120277 7.6602847585415645 23.538510338840794 1.2777836253071584 9.410872668787764 4.958460144177987 -4.515452105433474 -2.3659628099437833 -5.875740785906645 3.1779782437797977
17.85571142284569 12.851184578660995 3.9693557654617173 7.444426543499549 5.476502731995563 0.4461657169364486 1.8638416817835868 16.39109115522548 23.05003525312039 36.938630557149565 19.015617785194944 21.528634291674596 10.81070127153178 15.187153838259292 2.4158424590397667 5.385875225764749 22.019034073868642 9.855678936363025 13.66372467997543 4.050611717574704 7.672915202995991 23.551140783295217 1.2904140697615851 9.423503113242191 4.971090588632414 -4.5028216609790475 -2.3533323654893565 -5.863110341452218 3.1906086882342244
17.915831663326653 12.86378942151945 3.981960608320172 7.457031386358004 5.489107574854035 0.4587705597949032 1.8764465246420414 16.403695998083936 23.06264009597885 36.95123540000803 19.028222628053406 21.541239134533058 10.823306114390235 15.199758681117746 2.4284473018982213 5.398480068623221 22.031638916727104 9.86828377922148 13.676329522833903 4.063216560433158 7.685520045854446 23.563745626153676 1.3030189126200398 9.436107956100663 4.983695431490869 -4.490216818120593 -2.340727522630902 -5.850505498593764 3.203213531092679
17.975951903807616 12.876371062450378 3.9945422492511007 7.4696130272889505 5.501689215784964 0.47135220072583195 1.8890281655729702 16.416277639014865 23.075221736909775 36.963817040938956 19.040804268984335 21.553820775463986 10.835887755321163 15.212340322048675 2.44102894282915 5.41106170955415 22.044220557658036 9.880865420152427 13.688911163764832 4.075798201364087 7.698101686785375 23.5763272670846 1.3156005535509685 9.448689597031592 4.9962770724217975 -4.477635177189646 -2.328145881699973 -5.837923857662835 3.2157951720236078
18.036072144288575 12.888928760460256 4.007099947260979 7.482170725298811 5.514246913794842 0.48390989873571044 1.9015858635828486 16.428835337024744 23.087779434919653 36.976374738948834 19.053361966994213 21.566378473473865 10.848445453331042 15.224898020058554 2.4535866408390286 5.423619407564028 22.056778255667915 9.893423118162287 13.70146886177471 4.0883558993739655 7.710659384795253 23.58888496509448 1.328158251560847 9.46124729504147 5.008834770431676 -4.465077479179786 -2.3155881836900947 -5.8253661596529565 3.2283528700334863
18.096192384769537 12.901462550144824 4.019633736945529 7.494704514983379 5.5267807034793925 0.4964436884202783 1.9141196532673987 16.441369126709294 23.100313224604214 36.98890852863339 19.065895756678774 21.578912263158426 10.86097924301561 15.237431809743104 2.4661204305235787 5.436153197248578 22.06931204535246 9.905956907846855 13.71400265145926 4.100889689058533 7.723193174479803 23.60141875477904 1.3406920412454149 9.47378108472602 5.021368560116244 -4.452543689495218 -2.303054394005527 -5.812832369968389 3.240886659718054
18.1563126252505 12.91397246885543 4.032143655656135 7.507214433693985 5.5392906221899985 0.5089536071308842 1.9266295719780047 16.4538790454199 23.11282314331482 37.001418447343994 19.07840567538938 21.59142218186903 10.873489161726216 15.24994172845371 2.4786303492341846 5.448663115959184 22.081821964063078 9.918466826557461 13.726512570169866 4.113399607769139 7.735703093190409 23.613928673489646 1.3532019599560208 9.486291003436627 5.03387847882685 -4.440033770784612 -2.290544475294921 -5.800322451257783 3.25339657842866
18.216432865731463 12.926458555312657 4.044629742113379 7.519700520151211 5.551776708647225 0.5214396935881105 1.939115658435231 16.466365131877144 23.125309229772057 37.01390453380123 19.090891761846603 21.603908268326254 10.885975248183442 15.262427814910936 2.4911164356914286 5.4611492024164106 22.094308050520304 9.930952913014687 13.738998656627093 4.1258856942263655 7.748189179647653 23.626414759946883 1.365688046413247 9.498777089893853 5.046364565284076 -4.4275476843273855 -2.2780583888376946 -5.787836364800556 3.2658826648858863
18.276553106212425 12.938920855506915 4.0570920423076196 7.532162820345469 5.564239008841483 0.5339019937823686 1.951577958629489 16.478827432071384 23.137771529966304 37.026366833995475 19.10335406204086 21.616370568520512 10.8984375483777 15.274890115105194 2.503578735885669 5.473611502610669 22.106770350714555 9.943415213208946 13.75146095682135 4.138347994420624 7.7606514798418935 23.63887706014113 1.3781503466075051 9.511239390088111 5.058826865478334 -4.4150853841331275 -2.2655960886434365 -5.775374064606298 3.2783449650801444
18.336673346693384 12.951359401253661 4.069530588054384 7.544601366092216 5.57667755458823 0.5463405395291154 1.9640165043762536 16.49126597781815 23.150210075713062 37.038805379742236 19.115792607787608 21.62880911426726 10.910876094124447 15.28732866085194 2.5160172816324335 5.4860500483574155 22.11920889646131 9.955853758955692 13.763899502568098 4.1507865401673705 7.773090025588658 23.651315605887888 1.390588892354252 9.523677935834858 5.071265411225081 -4.402646838386381 -2.2531575428966897 -5.7629355188595515 3.2907835108268912
18.396793587174347 12.963774239151213 4.081945425951936 7.557016203989768 5.589092392485782 0.5587553774266674 1.9764313422738056 16.5036808157157 23.162624913610614 37.05122021763979 19.12820744568517 21.64122395216481 10.923290932021999 15.29974349874951 2.5284321195299855 5.498464886254967 22.13162373435886 9.968268596853244 13.77631434046565 4.163201378064922 7.78550486348621 23.66373044378544 1.403003730251804 9.53609277373241 5.083680249122633 -4.390232000488829 -2.2407427049991377 -5.7505206809619995 3.303198348724443
18.45691382765531 12.976165405675069 4.094336592475791 7.569407370513623 5.6014835590096546 0.5711465439505226 1.9888225087976608 16.516071982239556 23.17501608013447 37.06361138416365 19.140598612209025 21.653615118688677 10.935682098545854 15.312134665273366 2.5408232860538407 5.51085605277884 22.144014900882723 9.9806597633771 13.788705506989523 4.175592544588778 7.797896030010065 23.676121610309295 1.415394896775659 9.548483940256283 5.096071415646488 -4.3778408339649735 -2.2283515384752826 -5.738129514438144 3.3155895152482984
18.517034068136272 12.98853294606678 4.106704132867485 7.5817749109053345 5.613851099401348 0.5835140843422337 2.001190049189354 16.52843952263125 23.18738362052617 37.07597892455534 19.15296615260073 21.66598265908038 10.948049638937565 15.324502205665059 2.553190826445534 5.523223593170534 22.156382441274427 9.99302730376881 13.801073047381216 4.187960084980489 7.810263570401759 23.688489150700995 1.4277624371673703 9.560851480647976 5.108438956038199 -4.365473293573262 -2.2159839980835714 -5.725761974046433 3.3279570556400095
18.577154308617235 13.00087690089283 4.119048087693553 7.594118865731403 5.626195054227416 0.5958580391683022 2.0135340040154226 16.540783477457317 23.199727575352238 37.08832287938141 19.165310107426794 21.67832661390644 10.960393593763634 15.336846160491127 2.5655347812716025 5.535567547996602 22.16872639610049 10.005371258594879 13.813417002207284 4.200304039806539 7.822607525227827 23.700833105527064 1.440106391993421 9.573195435474045 5.12078291086425 -4.353129338747194 -2.203640043257503 -5.7134180192203825 3.34030101046606
18.637274549098194 13.013197313737557 4.131368500538279 7.606439278576129 5.638515467072143 0.6081784520130284 2.025854416860149 16.553103890302044 23.212047988196964 37.10064329222614 19.177630520271524 21.690647026751176 10.97271400660836 15.349166573335854 2.577855194116329 5.5478879608413285 22.18104680894521 10.017691671439605 13.82573741505201 4.2126244526512835 7.834927938072553 23.71315351837179 1.452426804838165 9.58551584831877 5.133103323708976 -4.340808925902468 -2.1913196304127767 -5.7010976063756384 3.3526214233108043
18.697394789579157 13.025494219311504 4.143665406112227 7.618736184150059 5.650812372646072 0.6204753575869582 2.0381513224340964 16.56540079587599 23.224344893770905 37.11294019780008 19.18992742584546 21.702943932325102 10.98501091218229 15.361463478909801 2.5901520996902763 5.560184866415258 22.193343714519152 10.029988577013535 13.83803432062594 4.224921358225213 7.847224843646501 23.72545042394573 1.4647237104120947 9.5978127538927 5.145400229282924 -4.328512020328538 -2.179022724838847 -5.688800700801709 3.364918328884734
18.75751503006012 13.037767667816258 4.155938854616963 7.631009632654813 5.663085821150826 0.6327488060917119 2.0504247709388324 16.577674244380727 23.236618342275648 37.12521364630483 19.202200874350208 21.71521738082986 10.997284360687043 15.373736927414537 2.6024255481950123 5.572458314920012 22.205617163023906 10.042262025518289 13.850307769130694 4.237194806729967 7.859498292151255 23.737723872450474 1.4769971589168485 9.610086202397454 5.1576736777876775 -4.316238571823784 -2.166749276334093 -5.676527252296955 3.3771917773894877
18.817635270541082 13.050017698669993 4.168188885470716 7.643259663508548 5.675335852004562 0.6449988369454474 2.0626748017925856 16.58992427523448 23.24886837312939 37.137463677158564 19.21445090520395 21.727467411683595 11.009534391540779 15.38598695826829 2.6146755790487655 5.584708345773747 22.21786719387764 10.054512056372024 13.86255779998443 4.249444837583702 7.87174832300499 23.749973903304216 1.489247189770584 9.62233623325119 5.169923708641413 -4.303988540970049 -2.1544992454803578 -5.6642772214432195 3.389441808243223
18.877755511022045 13.062244359884954 4.180415546685676 7.655486324723508 5.6875625132195395 0.6572254981604075 2.0749014630075457 16.60215093644944 23.26109503434435 37.149690338373524 19.22667756641891 21.739694072898562 11.021761052755739 15.39821361948325 2.6269022402637257 5.596935006988725 22.230093855092612 10.066738717586984 13.87478446119939 4.261671498798663 7.88397498421995 23.762200564519176 1.501473850985544 9.634562894466168 5.182150369856373 -4.2917618797550885 -2.1422725842653976 -5.652050560228259 3.4016684694581834
18.937875751503004 13.074447690984723 4.192618877785446 7.667689655823278 5.699765844319291 0.6694288292601769 2.087104794107315 16.61435426754921 23.27329836544412 37.161893669473294 19.23888089751868 21.75189740399833 11.033964383855508 15.41041695058302 2.639105571363495 5.609138338088495 22.24229718619237 10.078942048686754 13.88698779229916 4.273874829898432 7.89617831531972 23.774403895618946 1.5136771820853134 9.64676622556592 5.1943537009561425 -4.279558548655319 -2.1300692531656282 -5.63984722912849 3.4138718005579527
18.997995991983966 13.086627733785328 4.20479892058605 7.679869698623882 5.711945887119896 0.6816088720607816 2.09928483690792 16.626534310349815 23.285478408244728 37.1740737122739 19.251060940319284 21.764077446798925 11.046144426656113 15.422596993383625 2.6512856141640997 5.621318380889082 22.254477228992975 10.091122091487359 13.899167835099764 4.286054872699037 7.908358358120324 23.786583938419554 1.5258572248859181 9.658946268366524 5.206533743756747 -4.2673785058547145 -2.1178892103650235 -5.627667186327885 3.4260518433585574
19.05811623246493 13.09878453717289 4.216955723973612 7.692026502011444 5.724102690507475 0.6937656754483434 2.1114416402954816 16.638691113737377 23.29763521163229 37.18623051566146 19.263217743706846 21.776234250186498 11.058301230043675 15.434753796771187 2.6634424175516616 5.633475184276661 22.266634032380537 10.10327889487492 13.911324638487326 4.2982116760865985 7.920515161507886 23.798740741807116 1.53801402827348 9.671103071754086 5.218690547144309 -4.255221702467153 -2.1057324069774617 -5.6155103829403235 3.4382086467461193
19.118236472945892 13.110918144210544 4.229089331011249 7.7041601090490985 5.736236297545112 0.7058992824859978 2.123575247333118 16.65082472077503 23.309768818669934 37.19836412269911 19.27535135074449 21.78836785722414 11.07043483708133 15.446887403808823 2.675576024589316 5.645608791314298 22.27876763941819 10.115412501912575 13.92345824552498 4.310345283124253 7.9326487685455405 23.81087434884476 1.5501476353111343 9.68323667879174 5.230824154181963 -4.243088095429498 -2.0935987999398074 -5.603376775902669 3.4503422537837736
19.178356713426854 13.123028597171977 4.241199783972682 7.716270562010532 5.7483467505065455 0.7180097354474313 2.1356857002945517 16.662935173736464 23.321879271631367 37.21047457566055 19.287461803705927 21.80047831018558 11.082545290042763 15.458997856770257 2.6876864775507494 5.657719244275731 22.290878092379625 10.127522954874008 13.935568698486414 4.322455736085686 7.944759221506974 23.822984801806193 1.5622580882725678 9.695347131753174 5.242934607143397 -4.230977642468065 -2.081488346978374 -5.591266322941236 3.462452706745207
19.238476953907814 13.135115944910982 4.253287131711687 7.728357909749537 5.76043409824555 0.7300970831864362 2.1477730480335566 16.67502252147545 23.333966619370372 37.22256192339955 19.299549151444932 21.812565657924583 11.094632637781768 15.471085204509262 2.6997738252897543 5.669806592014736 22.30296544011863 10.139610302613013 13.947656046225418 4.334543083824691 7.956846569245979 23.835072149545198 1.5743454360115727 9.707434479492179 5.255021954882402 -4.21889029472906 -2.069400999239369 -5.579178975202231 3.474540054484212
19.298597194388776 13.147180230196476 4.265351416997181 7.7404221950350305 5.772498383531044 0.7421613684719297 2.15983733331905 16.687086806760945 23.346030904655866 37.234626208685036 19.311613436730422 21.824629943210073 11.106696923067261 15.483149489794755 2.71183811057523 5.68187087730023 22.315029725404123 10.151674587898507 13.959720331510912 4.346607369110185 7.968910854531455 23.84713643483069 1.5864097212970663 9.719498764777672 5.267086240167895 -4.206826009443566 -2.0573367139538754 -5.567114689916737 3.4866043397697055
19.35871743486974 13.159221501562559 4.277392688363282 7.752463466401132 5.784539654897145 0.7542026398380308 2.1718786046851513 16.699128078127046 23.358072176021967 37.24666748005114 19.323654708096523 21.836671214576175 11.118738194433362 15.495190761160856 2.723879381941331 5.693912148666331 22.327070996770217 10.163715859264608 13.971761602877013 4.358648640476268 7.980952125897556 23.859177706196792 1.5984509926631674 9.731540036143773 5.279127511533979 -4.194784738077465 -2.0452954425877743 -5.555073418550636 3.4986456111358066
19.4188376753507 13.171239801283914 4.2894109880846365 7.764481766122486 5.7965579546185 0.7662209395593678 2.183896904406506 16.7111463778484 23.37009047574332 37.25868577977249 19.33567300781787 21.848689514297522 11.1307564941547 15.50720906088221 2.735897681662686 5.705930448387686 22.339089296491572 10.175734158985962 13.983779902598368 4.370666940197623 7.9929704256189105 23.871196005918137 1.6104692923845043 9.743558335865128 5.291145811255333 -4.1827664383561105 -2.0332771428664196 -5.543055118829299 3.5106639108571436
