web/models/kne/37/mosfit_kn_0.077496_0.1240_3.6500.dat
# %ECSV 1.0
# ---
# datatype:
# - {name: time, datatype: float64}
# - {name: PS1_g, datatype: float64}
# - {name: PS1_i, datatype: float64}
# - {name: PS1_r, datatype: float64}
# - {name: PS1_w, datatype: float64}
# - {name: PS1_y, datatype: float64}
# - {name: PS1_z, datatype: float64}
# - {name: swift_uvot_B, datatype: float64}
# - {name: swift_uvot_U, datatype: float64}
# - {name: swift_uvot_uvm2, datatype: float64}
# - {name: swift_uvot_uvw1, datatype: float64}
# - {name: swift_uvot_uvw2, datatype: float64}
# - {name: swift_uvot_V, datatype: float64}
# - {name: johnson_B, datatype: float64}
# - {name: johnson_I, datatype: float64}
# - {name: johnson_R, datatype: float64}
# - {name: johnson_U, datatype: float64}
# - {name: johnson_V, datatype: float64}
# - {name: sdss_g, datatype: float64}
# - {name: sdss_i, datatype: float64}
# - {name: sdss_r, datatype: float64}
# - {name: sdss_u, datatype: float64}
# - {name: sdss_z, datatype: float64}
# - {name: ATLAS_c, datatype: float64}
# - {name: ATLAS_o, datatype: float64}
# - {name: ukirt_H, datatype: float64}
# - {name: ukirt_J, datatype: float64}
# - {name: ukirt_K, datatype: float64}
# - {name: Clear, datatype: float64}
# meta: !!omap
# - comment: [kappa = 3.65, type = rprocess, mass = 0.07749594937791414, velocity = 0.12399999999999999, theta_obs = 0.0, tfloor = 1000.0]
# schema: astropy-2.0
time PS1_g PS1_i PS1_r PS1_w PS1_y PS1_z swift_uvot_B swift_uvot_U swift_uvot_uvm2 swift_uvot_uvw1 swift_uvot_uvw2 swift_uvot_V johnson_B johnson_I johnson_R johnson_U johnson_V sdss_g sdss_i sdss_r sdss_u sdss_z ATLAS_c ATLAS_o ukirt_H ukirt_J ukirt_K Clear
[from data line 489]
29.458917835671343 6.839369865239533 -2.0424589479597444 1.4326118300781054 -0.5353119814258811 -5.565648996484995 -4.147973031637875 10.37927644180402 17.03822053969894 30.92681584372811 13.00380307177349 15.516819578253141 4.7988865581103175 9.17533912483783 -3.595972254381695 -0.625939487656695 16.0072193604472 3.8438642229415825 7.651909966553987 -1.961202995846758 1.6611004895745296 17.539326069873766 -4.7214006436598766 3.411688399820747 -1.0407241247890475 -10.51463637440049 -8.3651470789108 -11.87492505487368 -2.8212060251872373
29.519038076152302 6.843524619723063 -2.0383041934762147 1.436766584561635 -0.5311572269423515 -5.561494242001466 -4.143818277154345 10.38343119628755 17.04237529418247 30.93097059821164 13.00795782625702 15.520974332736671 4.803041312593865 9.17949387932136 -3.5918174998981653 -0.6217847331731654 16.011374114930728 3.848018977425112 7.656064721037517 -1.9570482413632284 1.6652552440580592 17.543480824357296 -4.717245889176329 3.4158431543042767 -1.0365693703055179 -10.51048161991696 -8.36099232442727 -11.870770300390133 -2.81705127070369
29.579158316633265 6.8476645420422955 -2.034164271156982 1.4409065068808502 -0.5270173046231363 -5.557354319682251 -4.139678354835112 10.387571118606783 17.046515216501685 30.93511052053086 13.012097748576252 15.525114255055904 4.80718123491308 9.183633801640593 -3.5876775775789325 -0.6176448108539325 16.015514037249943 3.8521588997443272 7.660204643356732 -1.9529083190439955 1.6693951663772921 17.54762074667651 -4.713105966857114 3.4199830766234918 -1.032429447986285 -10.506341697597746 -8.356852402108055 -11.866630378070917 -2.8129113483844748
29.639278557114228 6.8517897441244635 -2.030039069074814 1.4450317089630182 -0.5228921025409505 -5.5532291176000825 -4.135553152752944 10.39169632068895 17.05064041858387 30.93923572261303 13.01622295065842 15.529239457138072 4.811306436995248 9.18775900372276 -3.5835523754967644 -0.6135196087717645 16.01963923933211 3.8562841018264953 7.6643298454389 -1.9487831169618275 1.6735203684594602 17.55174594875868 -4.708980764774946 3.42410827870566 -1.028304245904117 -10.502216495515578 -8.352727200025887 -11.86250517598875 -2.8087861463023067
29.69939879759519 6.855900461566282 -2.025928351632995 1.449142426404837 -0.5187813850991496 -5.549118400158264 -4.131442435311126 10.39580703813077 17.054751136025672 30.94334644005485 13.020333668100239 15.53335017457989 4.815417154437067 9.191869721164561 -3.5794416580549457 -0.6094088913299636 16.02374995677393 3.860394819268314 7.668440562880718 -1.9446723995200088 1.6776310859012789 17.555856666200498 -4.704870047333127 3.4282189961474785 -1.0241935284622983 -10.498105778073759 -8.348616482584069 -11.85839445854693 -2.804675428860488
29.75951903807615 6.859996809688109 -2.021832003511168 1.4532387745266817 -0.5146850369773048 -5.545022052036419 -4.127346087189299 10.399903386252596 17.058847484147517 30.947442788176684 13.024430016222066 15.537446522701718 4.8195135025589115 9.195966069286406 -3.5753453099331187 -0.6053125432081188 16.027846304895775 3.8644911673901587 7.672536911002563 -1.9405760513981818 1.6817274340231059 17.559953014322343 -4.7007736992113 3.4323153442693233 -1.0200971803404713 -10.494009429951914 -8.344520134462224 -11.854298110425104 -2.800579080738661
29.819639278557112 6.864078922168471 -2.0177498910308067 1.457320887007043 -0.5106029244969434 -5.5409399395560754 -4.123263974708937 10.403985498732958 17.06292959662788 30.951524900657045 13.028512128702427 15.541528635182079 4.823595615039255 9.200048181766768 -3.5712631974527573 -0.6012304307277574 16.03192841737612 3.86857327987052 7.676619023482925 -1.9364939389178204 1.6858095465034673 17.564035126802704 -4.696691586730939 3.4363974567496847 -1.0160150678601099 -10.489927317471553 -8.340438021981862 -11.850215997944742 -2.7964969682582996
29.879759519038075 6.868146966639372 -2.013681846559905 1.4613889314779271 -0.5065348800260594 -5.536871895085174 -4.119195930238035 10.40805354320386 17.066997641098762 30.955592945127936 13.03258017317333 15.54559667965298 4.827663659510157 9.204116226237652 -3.5671951529818555 -0.5971623862568733 16.03599646184702 3.872641324341404 7.680687067953809 -1.9324258944469186 1.689877590974369 17.568103171273588 -4.692623542260037 3.4404655012205687 -1.011947023389208 -10.485859273000669 -8.336369977510978 -11.84614795347384 -2.792428923787398
29.939879759519037 6.872200999970719 -2.009627813228576 1.4654429648092737 -0.5024808466947128 -5.532817861753827 -4.115141896906707 10.412107576535188 17.07105167443011 30.959646978459286 13.036634206504676 15.549650712984327 4.8317176928415035 9.208170259568998 -3.5631411196505267 -0.5931083529255268 16.040050495178367 3.8766953576727508 7.684741101285155 -1.928371861115572 1.6939316243057156 17.572157204604935 -4.6885695089286905 3.4445195345519153 -1.0078929900578615 -10.481805239669322 -8.332315944179632 -11.842093920142494 -2.7883748904560512
30.0 6.876241168769468 -2.005587644429827 1.4694831336080227 -0.4984406778959638 -5.528777692955078 -4.111101728107958 10.416147745333937 17.075091843228858 30.963687147258025 13.040674375303407 15.553690881783059 4.835757861640253 9.212210428367747 -3.5591009508517777 -0.5890681841267777 16.044090663977116 3.8807355264714998 7.688781270083904 -1.924331692316823 1.697971793104447 17.576197373403684 -4.6845293401299415 3.4485597033506643 -1.0038528212591125 -10.477765070870573 -8.328275775380883 -11.838053751343745 -2.7843347216573022
