web/models/kne/37/villar_0.0065_0.2650_10.0000.dat
# %ECSV 1.0
# ---
# datatype:
# - {name: time, datatype: float64}
# - {name: swift_uvot_uvw2, datatype: float64}
# - {name: swift_uvot_uvm2, datatype: float64}
# - {name: swift_uvot_uvw1, datatype: float64}
# - {name: swift_uvot_U, datatype: float64}
# - {name: swift_uvot_B, datatype: float64}
# - {name: swift_uvot_V, datatype: float64}
# - {name: swift_uvot_W, datatype: float64}
# - {name: johnson_U, datatype: float64}
# - {name: johnson_B, datatype: float64}
# - {name: johnson_V, datatype: float64}
# - {name: johnson_R, datatype: float64}
# - {name: johnson_I, datatype: float64}
# - {name: sdss_u, datatype: float64}
# - {name: sdss_g, datatype: float64}
# - {name: sdss_r, datatype: float64}
# - {name: sdss_i, datatype: float64}
# - {name: sdss_z, datatype: float64}
# - {name: PS1_g, datatype: float64}
# - {name: PS1_r, datatype: float64}
# - {name: PS1_i, datatype: float64}
# - {name: PS1_z, datatype: float64}
# - {name: PS1_Y, datatype: float64}
# - {name: PS1_w, datatype: float64}
# - {name: ATLAS_c, datatype: float64}
# - {name: ATLAS_o, datatype: float64}
# - {name: ukirt_J, datatype: float64}
# - {name: ukirt_H, datatype: float64}
# - {name: ukirt_K, datatype: float64}
# - {name: Clear, datatype: float64}
# meta: !!omap
# - comment: [kappa = 10.0, type = villar, mass = 0.006451950121499907, velocity = 0.265, theta_obs = 0.0]
# schema: astropy-2.0
time swift_uvot_uvw2 swift_uvot_uvm2 swift_uvot_uvw1 swift_uvot_U swift_uvot_B swift_uvot_V swift_uvot_W johnson_U johnson_B johnson_V johnson_R johnson_I sdss_u sdss_g sdss_r sdss_i sdss_z PS1_g PS1_r PS1_i PS1_z PS1_Y PS1_w ATLAS_c ATLAS_o ukirt_J ukirt_H ukirt_K Clear
[from data line 288]
5.330718 -5.278 -2.418 -4.862 -6.919 -8.575 -9.728 -7.828 -7.221 -8.619 -9.772 -10.565 -11.076 -7.115 -9.041 -10.237 -10.795 -11.129 -9.283 -10.274 -10.824 -11.103 -11.29 -10.269 -9.663 -10.521 -11.409 -11.374 -11.154 -10.289
5.491942 -5.102 -2.243 -4.687 -6.744 -8.4 -9.553 -7.653 -7.046 -8.444 -9.597 -10.39 -10.901 -6.939 -8.865 -10.062 -10.62 -10.954 -9.108 -10.099 -10.648 -10.928 -11.115 -10.094 -9.488 -10.345 -11.234 -11.199 -10.978 -10.114
5.658042 -4.916 -2.056 -4.501 -6.558 -8.214 -9.367 -7.467 -6.86 -8.258 -9.411 -10.204 -10.715 -6.753 -8.679 -9.876 -10.434 -10.768 -8.922 -9.913 -10.462 -10.742 -10.929 -9.908 -9.302 -10.159 -11.048 -11.013 -10.792 -9.927
5.829166 -4.719 -1.859 -4.303 -6.361 -8.017 -9.169 -7.27 -6.662 -8.06 -9.213 -10.006 -10.518 -6.556 -8.482 -9.678 -10.236 -10.57 -8.724 -9.715 -10.265 -10.545 -10.731 -9.711 -9.104 -9.962 -10.85 -10.815 -10.595 -9.73
6.005465 -4.509 -1.649 -4.094 -6.151 -7.807 -8.96 -7.06 -6.452 -7.851 -9.003 -9.796 -10.308 -6.346 -8.272 -9.468 -10.026 -10.36 -8.514 -9.506 -10.055 -10.335 -10.521 -9.501 -8.895 -9.752 -10.64 -10.606 -10.385 -9.52
6.187096 -4.286 -1.426 -3.871 -5.928 -7.584 -8.737 -6.837 -6.229 -7.628 -8.781 -9.573 -10.085 -6.123 -8.049 -9.245 -9.803 -10.137 -8.291 -9.283 -9.832 -10.112 -10.298 -9.278 -8.672 -9.529 -10.417 -10.383 -10.162 -9.297
6.37422 -4.049 -1.19 -3.634 -5.691 -7.347 -8.5 -6.6 -5.993 -7.391 -8.544 -9.337 -9.848 -5.886 -7.812 -9.009 -9.567 -9.901 -8.055 -9.046 -9.595 -9.875 -10.062 -9.041 -8.435 -9.292 -10.181 -10.146 -9.925 -9.061
6.567004 -3.798 -0.938 -3.383 -5.44 -7.096 -8.249 -6.349 -5.741 -7.14 -8.293 -9.085 -9.597 -5.635 -7.561 -8.757 -9.315 -9.65 -7.803 -8.795 -9.344 -9.624 -9.81 -8.79 -8.184 -9.041 -9.929 -9.895 -9.674 -8.809
6.765619 -3.531 -0.672 -3.116 -5.173 -6.829 -7.982 -6.082 -5.475 -6.873 -8.026 -8.819 -9.33 -5.368 -7.294 -8.491 -9.049 -9.383 -7.537 -8.528 -9.077 -9.357 -9.544 -8.523 -7.917 -8.774 -9.663 -9.628 -9.407 -8.543
6.97024 -3.248 -0.388 -2.833 -4.89 -6.546 -7.699 -5.799 -5.191 -6.59 -7.743 -8.535 -9.047 -5.085 -7.011 -8.207 -8.766 -9.1 -7.253 -8.245 -8.794 -9.074 -9.261 -8.24 -7.634 -8.491 -9.38 -9.345 -9.124 -8.259
7.181051 -2.948 -0.088 -2.532 -4.59 -6.246 -7.398 -5.499 -4.891 -6.289 -7.442 -8.235 -8.746 -4.785 -6.711 -7.907 -8.465 -8.799 -6.953 -7.944 -8.494 -8.774 -8.96 -7.94 -7.333 -8.191 -9.079 -9.044 -8.824 -7.959
7.398237 -2.629 0.231 -2.213 -4.271 -5.927 -7.079 -5.179 -4.572 -5.97 -7.123 -7.916 -8.427 -4.466 -6.392 -7.588 -8.146 -8.48 -6.634 -7.625 -8.175 -8.454 -8.641 -7.621 -7.014 -7.872 -8.76 -8.725 -8.505 -7.64
7.621991 -2.29 0.57 -1.875 -3.932 -5.588 -6.741 -4.841 -4.233 -5.632 -6.784 -7.577 -8.089 -4.127 -6.053 -7.249 -7.807 -8.141 -6.295 -7.287 -7.836 -8.116 -8.302 -7.282 -6.676 -7.533 -8.421 -8.387 -8.166 -7.301
7.852513 -1.931 0.929 -1.515 -3.572 -5.228 -6.381 -4.481 -3.874 -5.272 -6.425 -7.218 -7.729 -3.767 -5.694 -6.89 -7.448 -7.782 -5.936 -6.927 -7.476 -7.756 -7.943 -6.922 -6.316 -7.173 -8.062 -8.027 -7.806 -6.942
8.090007 -1.549 1.311 -1.133 -3.191 -4.847 -6.0 -4.1 -3.492 -4.891 -6.043 -6.836 -7.348 -3.386 -5.312 -6.508 -7.066 -7.4 -5.554 -6.545 -7.095 -7.375 -7.561 -6.541 -5.935 -6.792 -7.68 -7.646 -7.425 -6.56
8.334684 -1.144 1.716 -0.728 -2.786 -4.442 -5.595 -3.695 -3.087 -4.486 -5.638 -6.431 -6.943 -2.981 -4.907 -6.103 -6.661 -6.995 -5.149 -6.14 -6.69 -6.97 -7.156 -6.136 -5.53 -6.387 -7.275 -7.241 -7.02 -6.155
8.586761 -0.714 2.146 -0.299 -2.356 -4.012 -5.165 -3.265 -2.657 -4.056 -5.208 -6.001 -6.513 -2.551 -4.477 -5.673 -6.231 -6.565 -4.719 -5.711 -6.26 -6.54 -6.726 -5.706 -5.1 -5.957 -6.845 -6.811 -6.59 -5.725
8.846461 -0.258 2.602 0.158 -1.9 -3.556 -4.708 -2.808 -2.201 -3.599 -4.752 -5.545 -6.056 -2.095 -4.021 -5.217 -5.775 -6.109 -4.263 -5.254 -5.804 -6.083 -6.27 -5.25 -4.643 -5.501 -6.389 -6.354 -6.134 -5.269
9.114017 0.227 3.087 0.642 -1.415 -3.071 -4.224 -2.324 -1.716 -3.115 -4.268 -5.06 -5.572 -1.61 -3.536 -4.732 -5.291 -5.625 -3.778 -4.77 -5.319 -5.599 -5.786 -4.765 -4.159 -5.016 -5.905 -5.87 -5.649 -4.784
9.389664 0.741 3.601 1.156 -0.901 -2.557 -3.71 -1.81 -1.202 -2.601 -3.754 -4.546 -5.058 -1.096 -3.022 -4.218 -4.777 -5.111 -3.264 -4.256 -4.805 -5.085 -5.271 -4.251 -3.645 -4.502 -5.39 -5.356 -5.135 -4.27
9.673648 1.286 4.146 1.702 -0.355 -2.012 -3.164 -1.264 -0.657 -2.055 -3.208 -4.001 -4.512 -0.551 -2.477 -3.673 -4.231 -4.565 -2.719 -3.71 -4.26 -4.539 -4.726 -3.705 -3.099 -3.957 -4.845 -4.81 -4.59 -3.725
9.966221 1.865 4.725 2.281 0.224 -1.432 -2.585 -0.685 -0.078 -1.476 -2.629 -3.422 -3.933 0.029 -1.897 -3.094 -3.652 -3.986 -2.14 -3.131 -3.68 -3.96 -4.147 -3.126 -2.52 -3.377 -4.266 -4.231 -4.01 -3.146
10.267642 2.48 5.34 2.896 0.838 -0.818 -1.97 -0.071 0.537 -0.861 -2.014 -2.807 -3.318 0.643 -1.283 -2.479 -3.037 -3.371 -1.525 -2.516 -3.066 -3.346 -3.532 -2.512 -1.905 -2.763 -3.651 -3.616 -3.396 -2.531
10.57818 3.133 5.993 3.548 1.491 -0.165 -1.318 0.582 1.19 -0.209 -1.362 -2.154 -2.666 1.296 -0.63 -1.826 -2.385 -2.719 -0.872 -1.864 -2.413 -2.693 -2.88 -1.859 -1.253 -2.11 -2.999 -2.964 -2.743 -1.878
10.89811 3.825 6.685 4.241 2.183 0.527 -0.625 1.274 1.882 0.484 -0.669 -1.462 -1.974 1.988 0.062 -1.134 -1.692 -2.026 -0.18 -1.171 -1.721 -2.001 -2.187 -1.167 -0.56 -1.418 -2.306 -2.271 -2.051 -1.186
11.227716 4.56 7.42 4.976 2.918 1.262 0.11 2.009 2.617 1.219 0.066 -0.727 -1.238 2.723 0.797 -0.399 -0.957 -1.291 0.555 -0.436 -0.986 -1.266 -1.452 -0.432 0.175 -0.683 -1.571 -1.536 -1.316 -0.451
11.56729 5.34 8.2 5.756 3.699 2.042 0.89 2.79 3.397 1.999 0.846 0.053 -0.458 3.503 1.577 0.381 -0.177 -0.511 1.335 0.344 -0.206 -0.485 -0.672 0.349 0.955 0.097 -0.791 -0.756 -0.536 0.329
11.917135 6.168 9.028 6.584 4.527 2.871 1.718 3.618 4.225 2.827 1.674 0.881 0.37 4.332 2.405 1.209 0.651 0.317 2.163 1.172 0.623 0.343 0.156 1.177 1.783 0.925 0.037 0.072 0.292 1.157
12.277561 7.047 9.907 7.463 5.406 3.749 2.597 4.497 5.104 3.706 2.553 1.76 1.249 5.21 3.284 2.088 1.53 1.196 3.042 2.051 1.501 1.222 1.035 2.056 2.662 1.804 0.916 0.951 1.171 2.036
12.648887 7.98 10.84 8.396 6.338 4.682 3.53 5.429 6.037 4.639 3.486 2.693 2.182 6.143 4.217 3.021 2.463 2.129 3.975 2.984 2.434 2.154 1.968 2.988 3.595 2.737 1.849 1.884 2.104 2.969
13.031444 8.97 11.83 9.386 7.329 5.673 4.52 6.42 7.027 5.629 4.476 3.683 3.172 7.134 5.207 4.011 3.453 3.119 4.965 3.974 3.425 3.145 2.958 3.979 4.585 3.727 2.839 2.874 3.094 3.959
13.425571 10.021 12.881 10.437 8.38 6.724 5.571 7.471 8.078 6.68 5.527 4.734 4.223 8.184 6.258 5.062 4.504 4.17 6.016 5.025 4.475 4.196 4.009 5.03 5.636 4.778 3.89 3.925 4.145 5.01
13.831619 11.137 13.997 11.552 9.495 7.839 6.686 8.586 9.194 7.795 6.642 5.85 5.338 9.3 7.374 6.178 5.62 5.286 7.132 6.14 5.591 5.311 5.125 6.145 6.751 5.894 5.006 5.04 5.261 6.126
14.249947 12.321 15.181 12.736 10.679 9.023 7.87 9.77 10.378 8.979 7.826 7.034 6.522 10.484 8.558 7.362 6.804 6.47 8.316 7.324 6.775 6.495 6.309 7.329 7.935 7.078 6.19 6.224 6.445 7.31
14.680926 13.578 16.438 13.993 11.936 10.28 9.127 11.027 11.635 10.236 9.083 8.29 7.779 11.741 9.815 8.618 8.06 7.726 9.573 8.581 8.032 7.752 7.565 8.586 9.192 8.335 7.446 7.481 7.702 8.567
15.124941 14.911 17.771 15.327 13.27 11.614 10.461 12.361 12.968 11.57 10.417 9.624 9.113 13.075 11.148 9.952 9.394 9.06 10.906 9.915 9.366 9.086 8.899 9.92 10.526 9.669 8.78 8.815 9.036 9.9
15.582385 16.327 19.187 16.743 14.685 13.029 11.877 13.776 14.384 12.986 11.833 11.04 10.529 14.49 12.564 11.368 10.81 10.476 12.322 11.331 10.781 10.501 10.315 11.335 11.942 11.084 10.196 10.231 10.451 11.316
16.053663 17.83 20.69 18.245 16.188 14.532 13.379 15.279 15.887 14.488 13.336 12.543 12.031 15.993 14.067 12.871 12.313 11.979 13.825 12.833 12.284 12.004 11.818 12.838 13.444 12.587 11.699 11.733 11.954 12.819
16.539195 19.425 22.285 19.84 17.783 16.127 14.974 16.874 17.482 16.083 14.931 14.138 13.626 17.588 15.662 14.466 13.908 13.574 15.42 14.428 13.879 13.599 13.413 14.433 15.039 14.182 13.294 13.328 13.549 14.414
17.039412 21.118 23.978 21.533 19.476 17.82 16.667 18.567 19.175 17.776 16.623 15.831 15.319 19.281 17.355 16.159 15.601 15.266 17.113 16.121 15.572 15.292 15.106 16.126 16.732 15.875 14.987 15.021 15.242 16.107
17.554757 22.915 25.775 23.33 21.273 19.617 18.464 20.364 20.972 19.573 18.42 17.628 17.116 21.078 19.152 17.956 17.397 17.063 18.91 17.918 17.369 17.089 16.903 17.923 18.529 17.672 16.784 16.818 17.039 17.904
18.085689 24.822 27.682 25.237 23.18 21.524 20.371 22.271 22.879 21.48 20.327 19.535 19.023 22.985 21.059 19.863 19.305 18.971 20.817 19.825 19.276 18.996 18.81 19.83 20.436 19.579 18.691 18.725 18.946 19.811
18.632678 26.846 29.706 27.262 25.204 23.548 22.396 24.295 24.903 23.505 22.352 21.559 21.048 25.009 23.083 21.887 21.329 20.995 22.841 21.85 21.3 21.02 20.834 21.854 22.461 21.603 20.715 20.75 20.97 21.835
19.196211 28.995 31.855 29.41 27.353 25.697 24.544 26.444 27.052 25.653 24.5 23.708 23.196 27.158 25.232 24.036 23.478 23.143 24.99 23.998 23.449 23.169 22.983 24.003 24.609 23.752 22.864 22.898 23.119 23.984
19.776787 31.275 34.135 31.691 29.634 27.977 26.825 28.725 29.332 27.934 26.781 25.988 25.477 29.438 27.512 26.316 25.758 25.424 27.27 26.279 25.729 25.45 25.263 26.284 26.89 26.032 25.144 25.179 25.399 26.264
20.374923 33.696 36.556 34.111 32.054 30.398 29.245 31.145 31.753 30.354 29.201 28.409 27.897 31.859 29.933 28.737 28.179 27.845 29.691 28.699 28.15 27.87 27.684 28.704 29.31 28.453 27.565 27.599 27.82 28.685
20.991149 36.265 39.125 36.681 34.623 32.967 31.815 33.714 34.322 32.923 31.771 30.978 30.466 34.428 32.502 31.306 30.748 30.414 32.26 31.269 30.719 30.439 30.253 31.273 31.879 31.022 30.134 30.168 30.389 31.254
21.626011 38.992 41.852 39.408 37.35 35.694 34.541 36.441 37.049 35.65 34.498 33.705 33.193 37.155 35.229 34.033 33.475 33.141 34.987 33.996 33.446 33.166 32.98 34.0 34.606 33.749 32.861 32.895 33.116 33.981
22.280075 41.886 44.746 42.302 40.245 38.589 37.436 39.336 39.943 38.545 37.392 36.599 36.088 40.05 38.123 36.927 36.369 36.035 37.881 36.89 36.341 36.061 35.874 36.895 37.501 36.644 35.755 35.79 36.011 36.875
22.953921 44.959 47.819 45.374 43.317 41.661 40.508 42.408 43.016 41.617 40.464 39.671 39.16 43.122 41.196 39.999 39.441 39.107 40.954 39.962 39.413 39.133 38.946 39.967 40.573 39.716 38.827 38.862 39.083 39.948
23.648147 48.219 51.079 48.635 46.578 44.922 43.769 45.669 46.276 44.878 43.725 42.932 42.421 46.382 44.456 43.26 42.702 42.368 44.214 43.223 42.673 42.394 42.207 43.228 43.834 42.976 42.088 42.123 42.343 43.208
24.363369 51.68 54.54 52.096 50.039 48.382 47.23 49.13 49.737 48.339 47.186 46.393 45.882 49.843 47.917 46.721 46.163 45.829 47.675 46.684 46.134 45.855 45.668 46.689 47.295 46.437 45.549 45.584 45.804 46.669
25.100222 55.354 58.214 55.769 53.712 52.056 50.903 52.803 53.411 52.012 50.859 50.067 49.555 53.517 51.591 50.395 49.837 49.503 51.349 50.357 49.808 49.528 49.342 50.362 50.968 50.111 49.223 49.257 49.478 50.343
25.859362 59.253 62.113 59.668 57.611 55.955 54.802 56.702 57.31 55.911 54.759 53.966 53.454 57.416 55.49 54.294 53.736 53.402 55.248 54.256 53.707 53.427 53.241 54.261 54.867 54.01 53.122 53.156 53.377 54.242
26.64146 63.391 66.251 63.807 61.75 60.094 58.941 60.841 61.448 60.05 58.897 58.104 57.593 61.555 59.628 58.432 57.874 57.54 59.386 58.395 57.846 57.566 57.379 58.4 59.006 58.148 57.26 57.295 57.515 58.38
27.447213 67.784 70.644 68.199 66.142 64.486 63.333 65.233 65.841 64.442 63.29 62.497 61.985 65.947 64.021 62.825 62.267 61.933 63.779 62.787 62.238 61.958 61.772 62.792 63.398 62.541 61.653 61.687 61.908 62.773
28.277335 72.446 75.306 72.862 70.805 69.148 67.996 69.896 70.503 69.105 67.952 67.159 66.648 70.609 68.683 67.487 66.929 66.595 68.441 67.45 66.9 66.621 66.434 67.455 68.061 67.203 66.315 66.35 66.57 67.435
29.132564 77.395 80.255 77.81 75.753 74.097 72.944 74.844 75.452 74.053 72.901 72.108 71.596 75.558 73.632 72.436 71.878 71.544 73.39 72.398 71.849 71.569 71.383 72.403 73.009 72.152 71.264 71.298 71.519 72.384
30.013659 82.647 85.507 83.063 81.006 79.35 78.197 80.097 80.704 79.306 78.153 77.36 76.849 80.811 78.884 77.688 77.13 76.796 78.642 77.651 77.102 76.822 76.635 77.656 78.262 77.404 76.516 76.551 76.771 77.636
30.921401 88.222 91.082 88.638 86.581 84.925 83.772 85.672 86.279 84.881 83.728 82.935 82.424 86.386 84.459 83.263 82.705 82.371 84.217 83.226 82.677 82.397 82.21 83.231 83.837 82.979 82.091 82.126 82.346 83.211
31.856598 94.14 97.0 94.555 92.498 90.842 89.689 91.589 92.197 90.798 89.645 88.853 88.341 92.303 90.377 89.181 88.622 88.288 90.135 89.143 88.594 88.314 88.128 89.148 89.754 88.897 88.009 88.043 88.264 89.129
32.820079 100.42 103.28 100.836 98.779 97.123 95.97 97.87 98.477 97.079 95.926 95.133 94.622 98.583 96.657 95.461 94.903 94.569 96.415 95.424 94.874 94.595 94.408 95.429 96.035 95.177 94.289 94.324 94.544 95.409
33.8127 107.087 109.947 107.502 105.445 103.789 102.636 104.536 105.144 103.745 102.592 101.8 101.288 105.25 103.324 102.128 101.569 101.235 103.082 102.09 101.541 101.261 101.074 102.095 102.701 101.844 100.955 100.99 101.211 102.076
34.835342 114.162 117.022 114.578 112.52 110.864 109.712 111.612 112.219 110.821 109.668 108.875 108.364 112.325 110.399 109.203 108.645 108.311 110.157 109.166 108.616 108.337 108.15 109.171 109.777 108.919 108.031 108.066 108.286 109.151
35.888913 121.672 124.532 122.088 120.031 118.375 117.222 119.122 119.729 118.331 117.178 116.385 115.874 119.836 117.909 116.713 116.155 115.821 117.667 116.676 116.127 115.847 115.66 116.681 117.287 116.429 115.541 115.576 115.796 116.661
36.974349 129.644 132.504 130.059 128.002 126.346 125.193 127.093 127.701 126.302 125.149 124.357 123.845 127.807 125.881 124.685 124.126 123.792 125.639 124.647 124.098 123.818 123.631 124.652 125.258 124.401 123.512 123.547 123.768 124.633
38.092613 138.104 140.964 138.52 136.463 134.807 133.654 135.554 136.161 134.763 133.61 132.817 132.306 136.267 134.341 133.145 132.587 132.253 134.099 133.108 132.558 132.279 132.092 133.113 133.719 132.861 131.973 132.008 132.228 133.093
39.244698 147.085 149.945 147.5 145.443 143.787 142.634 144.534 145.142 143.743 142.59 141.798 141.286 145.248 143.322 142.126 141.567 141.233 143.08 142.088 141.539 141.259 141.072 142.093 142.699 141.842 140.953 140.988 141.209 142.074
40.431627 156.616 159.476 157.032 154.974 153.318 152.166 154.065 154.673 153.275 152.122 151.329 150.818 154.779 152.853 151.657 151.099 150.765 152.611 151.62 151.07 150.79 150.604 151.624 152.231 151.373 150.485 150.52 150.74 151.605
41.654454 166.733 169.593 167.149 165.091 163.435 162.283 164.182 164.79 163.392 162.239 161.446 160.935 164.896 162.97 161.774 161.216 160.882 162.728 161.737 161.187 160.907 160.721 161.741 162.348 161.49 160.602 160.637 160.857 161.722
42.914265 177.471 180.331 177.887 175.829 174.173 173.021 174.921 175.528 174.13 172.977 172.184 171.673 175.634 173.708 172.512 171.954 171.62 173.466 172.475 171.925 171.646 171.459 172.48 173.086 172.228 171.34 171.375 171.595 172.46
44.212178 188.869 191.729 189.284 187.227 185.571 184.418 186.318 186.926 185.527 184.374 183.582 183.07 187.032 185.106 183.91 183.352 183.017 184.864 183.872 183.323 183.043 182.857 183.877 184.483 183.626 182.738 182.772 182.993 183.858
45.549345 200.966 203.826 201.382 199.324 197.668 196.516 198.415 199.023 197.625 196.472 195.679 195.167 199.129 197.203 196.007 195.449 195.115 196.961 195.97 195.42 195.14 194.954 195.974 196.581 195.723 194.835 194.87 195.09 195.955
46.926954 213.806 216.666 214.222 212.164 210.508 209.356 211.256 211.863 210.465 209.312 208.519 208.008 211.969 210.043 208.847 208.289 207.955 209.801 208.81 208.26 207.981 207.794 208.815 209.421 208.563 207.675 207.71 207.93 208.795
