web/models/kne/37/villar_0.0224_0.1710_10.0000.dat
# %ECSV 1.0
# ---
# datatype:
# - {name: time, datatype: float64}
# - {name: swift_uvot_uvw2, datatype: float64}
# - {name: swift_uvot_uvm2, datatype: float64}
# - {name: swift_uvot_uvw1, datatype: float64}
# - {name: swift_uvot_U, datatype: float64}
# - {name: swift_uvot_B, datatype: float64}
# - {name: swift_uvot_V, datatype: float64}
# - {name: swift_uvot_W, datatype: float64}
# - {name: johnson_U, datatype: float64}
# - {name: johnson_B, datatype: float64}
# - {name: johnson_V, datatype: float64}
# - {name: johnson_R, datatype: float64}
# - {name: johnson_I, datatype: float64}
# - {name: sdss_u, datatype: float64}
# - {name: sdss_g, datatype: float64}
# - {name: sdss_r, datatype: float64}
# - {name: sdss_i, datatype: float64}
# - {name: sdss_z, datatype: float64}
# - {name: PS1_g, datatype: float64}
# - {name: PS1_r, datatype: float64}
# - {name: PS1_i, datatype: float64}
# - {name: PS1_z, datatype: float64}
# - {name: PS1_Y, datatype: float64}
# - {name: PS1_w, datatype: float64}
# - {name: ATLAS_c, datatype: float64}
# - {name: ATLAS_o, datatype: float64}
# - {name: ukirt_J, datatype: float64}
# - {name: ukirt_H, datatype: float64}
# - {name: ukirt_K, datatype: float64}
# - {name: Clear, datatype: float64}
# meta: !!omap
# - comment: [kappa = 10.0, type = villar, mass = 0.022360679775100388, velocity = 0.17100000000000004, theta_obs = 0.0]
# schema: astropy-2.0
time swift_uvot_uvw2 swift_uvot_uvm2 swift_uvot_uvw1 swift_uvot_U swift_uvot_B swift_uvot_V swift_uvot_W johnson_U johnson_B johnson_V johnson_R johnson_I sdss_u sdss_g sdss_r sdss_i sdss_z PS1_g PS1_r PS1_i PS1_z PS1_Y PS1_w ATLAS_c ATLAS_o ukirt_J ukirt_H ukirt_K Clear
[from data line 150]
0.087304 -10.523 -10.806 -11.081 -11.517 -11.599 -11.546 -11.204 -11.54 -11.597 -11.54 -11.377 -11.126 -11.539 -11.59 -11.464 -11.291 -11.088 -11.595 -11.473 -11.3 -11.149 -11.072 -11.451 -11.547 -11.391 -10.607 -10.165 -9.621 -11.46
0.089944 -10.527 -10.814 -11.096 -11.544 -11.632 -11.584 -11.227 -11.568 -11.63 -11.578 -11.419 -11.171 -11.566 -11.625 -11.505 -11.335 -11.133 -11.631 -11.513 -11.343 -11.194 -11.117 -11.49 -11.585 -11.433 -10.656 -10.215 -9.672 -11.499
0.092665 -10.529 -10.821 -11.11 -11.57 -11.665 -11.622 -11.25 -11.595 -11.663 -11.616 -11.461 -11.216 -11.593 -11.66 -11.545 -11.378 -11.179 -11.666 -11.554 -11.386 -11.239 -11.162 -11.53 -11.622 -11.474 -10.704 -10.265 -9.723 -11.538
0.095467 -10.532 -10.827 -11.124 -11.595 -11.698 -11.66 -11.272 -11.622 -11.696 -11.654 -11.502 -11.26 -11.62 -11.694 -11.585 -11.421 -11.224 -11.701 -11.594 -11.429 -11.283 -11.207 -11.569 -11.659 -11.515 -10.752 -10.315 -9.774 -11.576
0.098355 -10.533 -10.833 -11.137 -11.62 -11.73 -11.697 -11.294 -11.648 -11.728 -11.692 -11.544 -11.305 -11.646 -11.728 -11.625 -11.464 -11.269 -11.736 -11.634 -11.472 -11.328 -11.252 -11.608 -11.695 -11.557 -10.8 -10.365 -9.825 -11.614
0.101329 -10.535 -10.838 -11.15 -11.645 -11.762 -11.735 -11.316 -11.675 -11.76 -11.729 -11.585 -11.349 -11.672 -11.762 -11.665 -11.507 -11.314 -11.771 -11.673 -11.515 -11.372 -11.297 -11.647 -11.732 -11.598 -10.848 -10.414 -9.876 -11.652
0.104394 -10.535 -10.843 -11.162 -11.67 -11.794 -11.772 -11.337 -11.7 -11.792 -11.767 -11.626 -11.394 -11.697 -11.796 -11.705 -11.549 -11.359 -11.805 -11.713 -11.557 -11.416 -11.342 -11.686 -11.768 -11.638 -10.896 -10.464 -9.927 -11.69
0.107551 -10.535 -10.847 -11.174 -11.694 -11.825 -11.809 -11.359 -11.726 -11.823 -11.804 -11.667 -11.438 -11.722 -11.829 -11.744 -11.592 -11.403 -11.839 -11.752 -11.6 -11.46 -11.387 -11.724 -11.804 -11.679 -10.944 -10.513 -9.978 -11.727
0.110804 -10.535 -10.851 -11.185 -11.718 -11.856 -11.845 -11.38 -11.751 -11.855 -11.84 -11.708 -11.482 -11.747 -11.862 -11.783 -11.634 -11.448 -11.873 -11.791 -11.642 -11.504 -11.432 -11.762 -11.839 -11.72 -10.991 -10.563 -10.029 -11.765
0.114155 -10.534 -10.853 -11.196 -11.741 -11.887 -11.882 -11.401 -11.775 -11.886 -11.877 -11.748 -11.526 -11.771 -11.895 -11.822 -11.676 -11.492 -11.907 -11.83 -11.684 -11.548 -11.476 -11.8 -11.875 -11.76 -11.039 -10.612 -10.079 -11.802
0.117608 -10.532 -10.856 -11.207 -11.764 -11.918 -11.918 -11.421 -11.8 -11.916 -11.913 -11.789 -11.57 -11.795 -11.928 -11.861 -11.718 -11.537 -11.94 -11.869 -11.726 -11.592 -11.521 -11.838 -11.91 -11.8 -11.087 -10.661 -10.13 -11.839
0.121165 -10.53 -10.857 -11.217 -11.786 -11.948 -11.954 -11.441 -11.823 -11.946 -11.949 -11.829 -11.613 -11.819 -11.96 -11.899 -11.76 -11.581 -11.973 -11.907 -11.768 -11.636 -11.565 -11.876 -11.945 -11.84 -11.134 -10.71 -10.181 -11.876
0.124829 -10.527 -10.858 -11.226 -11.808 -11.978 -11.99 -11.461 -11.847 -11.976 -11.985 -11.869 -11.657 -11.842 -11.992 -11.938 -11.802 -11.625 -12.006 -11.946 -11.809 -11.679 -11.609 -11.913 -11.98 -11.88 -11.181 -10.76 -10.231 -11.912
0.128605 -10.523 -10.859 -11.235 -11.83 -12.007 -12.025 -11.481 -11.87 -12.006 -12.021 -11.909 -11.7 -11.865 -12.024 -11.976 -11.843 -11.669 -12.038 -11.984 -11.851 -11.722 -11.653 -11.951 -12.014 -11.919 -11.229 -10.809 -10.282 -11.949
0.132494 -10.519 -10.858 -11.243 -11.851 -12.036 -12.06 -11.5 -11.893 -12.035 -12.056 -11.948 -11.744 -11.887 -12.055 -12.014 -11.884 -11.712 -12.07 -12.022 -11.892 -11.765 -11.697 -11.988 -12.049 -11.958 -11.276 -10.858 -10.332 -11.985
0.136502 -10.515 -10.857 -11.251 -11.872 -12.065 -12.095 -11.519 -11.915 -12.064 -12.091 -11.988 -11.787 -11.909 -12.086 -12.051 -11.925 -11.756 -12.102 -12.059 -11.933 -11.809 -11.741 -12.024 -12.082 -11.998 -11.323 -10.907 -10.383 -12.021
0.14063 -10.51 -10.856 -11.258 -11.893 -12.094 -12.13 -11.538 -11.937 -12.093 -12.126 -12.027 -11.83 -11.93 -12.117 -12.089 -11.966 -11.799 -12.134 -12.097 -11.974 -11.851 -11.785 -12.061 -12.116 -12.037 -11.37 -10.955 -10.433 -12.056
0.144883 -10.504 -10.853 -11.265 -11.912 -12.122 -12.164 -11.556 -11.958 -12.121 -12.161 -12.066 -11.872 -11.951 -12.147 -12.126 -12.007 -11.843 -12.165 -12.134 -12.015 -11.894 -11.828 -12.097 -12.15 -12.075 -11.417 -11.004 -10.484 -12.092
0.149265 -10.497 -10.85 -11.271 -11.932 -12.15 -12.198 -11.575 -11.979 -12.149 -12.195 -12.105 -11.915 -11.972 -12.177 -12.163 -12.048 -11.886 -12.196 -12.171 -12.055 -11.937 -11.872 -12.134 -12.183 -12.114 -11.464 -11.053 -10.534 -12.127
0.15378 -10.49 -10.847 -11.276 -11.951 -12.177 -12.232 -11.593 -11.999 -12.176 -12.229 -12.143 -11.958 -11.992 -12.207 -12.2 -12.088 -11.929 -12.227 -12.208 -12.096 -11.979 -11.915 -12.169 -12.216 -12.152 -11.51 -11.102 -10.584 -12.162
0.15843 -10.483 -10.842 -11.281 -11.97 -12.204 -12.266 -11.61 -12.02 -12.204 -12.263 -12.182 -12.0 -12.012 -12.237 -12.237 -12.128 -11.972 -12.257 -12.244 -12.136 -12.021 -11.958 -12.205 -12.248 -12.19 -11.557 -11.15 -10.634 -12.197
0.163222 -10.475 -10.837 -11.286 -11.988 -12.231 -12.299 -11.627 -12.039 -12.231 -12.296 -12.22 -12.042 -12.031 -12.266 -12.273 -12.168 -12.015 -12.287 -12.281 -12.176 -12.064 -12.002 -12.241 -12.28 -12.228 -11.603 -11.199 -10.684 -12.231
0.168159 -10.466 -10.831 -11.29 -12.005 -12.257 -12.332 -11.644 -12.058 -12.257 -12.329 -12.258 -12.084 -12.05 -12.294 -12.309 -12.208 -12.057 -12.317 -12.317 -12.216 -12.106 -12.045 -12.276 -12.313 -12.266 -11.65 -11.247 -10.734 -12.266
0.173245 -10.456 -10.825 -11.293 -12.022 -12.283 -12.365 -11.661 -12.077 -12.283 -12.362 -12.296 -12.126 -12.068 -12.323 -12.345 -12.248 -12.099 -12.347 -12.352 -12.256 -12.147 -12.087 -12.311 -12.344 -12.303 -11.696 -11.295 -10.784 -12.3
0.178484 -10.446 -10.817 -11.296 -12.039 -12.309 -12.397 -11.678 -12.095 -12.309 -12.395 -12.333 -12.168 -12.086 -12.351 -12.38 -12.287 -12.142 -12.376 -12.388 -12.295 -12.189 -12.13 -12.345 -12.376 -12.341 -11.742 -11.344 -10.834 -12.334
0.183882 -10.435 -10.809 -11.298 -12.055 -12.334 -12.43 -11.694 -12.113 -12.334 -12.427 -12.37 -12.209 -12.103 -12.379 -12.416 -12.327 -12.184 -12.404 -12.423 -12.334 -12.231 -12.173 -12.38 -12.407 -12.378 -11.788 -11.392 -10.884 -12.367
0.189444 -10.424 -10.801 -11.299 -12.071 -12.359 -12.461 -11.709 -12.13 -12.359 -12.459 -12.408 -12.25 -12.12 -12.406 -12.451 -12.366 -12.226 -12.433 -12.458 -12.373 -12.272 -12.215 -12.414 -12.438 -12.414 -11.834 -11.44 -10.934 -12.401
0.195173 -10.412 -10.791 -11.3 -12.086 -12.384 -12.493 -11.725 -12.147 -12.384 -12.491 -12.444 -12.292 -12.137 -12.433 -12.485 -12.405 -12.267 -12.461 -12.493 -12.412 -12.313 -12.257 -12.448 -12.468 -12.451 -11.88 -11.488 -10.984 -12.434
0.201076 -10.399 -10.781 -11.3 -12.101 -12.408 -12.524 -11.74 -12.164 -12.408 -12.522 -12.481 -12.333 -12.153 -12.46 -12.52 -12.443 -12.309 -12.489 -12.528 -12.451 -12.354 -12.3 -12.482 -12.498 -12.487 -11.926 -11.536 -11.033 -12.466
0.207158 -10.386 -10.77 -11.3 -12.115 -12.432 -12.555 -11.755 -12.179 -12.432 -12.553 -12.517 -12.373 -12.168 -12.486 -12.554 -12.482 -12.35 -12.516 -12.562 -12.489 -12.395 -12.342 -12.515 -12.528 -12.523 -11.971 -11.584 -11.083 -12.499
0.213423 -10.372 -10.758 -11.299 -12.129 -12.455 -12.586 -11.769 -12.195 -12.455 -12.584 -12.554 -12.414 -12.183 -12.512 -12.588 -12.52 -12.392 -12.543 -12.596 -12.527 -12.435 -12.384 -12.548 -12.558 -12.559 -12.017 -11.631 -11.132 -12.531
0.219878 -10.357 -10.745 -11.297 -12.142 -12.478 -12.616 -11.784 -12.21 -12.478 -12.615 -12.589 -12.454 -12.197 -12.538 -12.622 -12.558 -12.433 -12.57 -12.63 -12.565 -12.476 -12.425 -12.581 -12.587 -12.595 -12.062 -11.679 -11.182 -12.563
0.226528 -10.342 -10.731 -11.295 -12.154 -12.5 -12.646 -11.797 -12.224 -12.501 -12.645 -12.625 -12.495 -12.211 -12.563 -12.655 -12.595 -12.473 -12.596 -12.663 -12.603 -12.516 -12.467 -12.614 -12.616 -12.63 -12.107 -11.726 -11.231 -12.595
0.233379 -10.326 -10.717 -11.292 -12.166 -12.522 -12.676 -11.811 -12.238 -12.523 -12.675 -12.66 -12.535 -12.224 -12.588 -12.688 -12.633 -12.514 -12.622 -12.696 -12.641 -12.556 -12.508 -12.646 -12.644 -12.665 -12.152 -11.774 -11.281 -12.627
0.240437 -10.31 -10.702 -11.289 -12.178 -12.544 -12.705 -11.824 -12.251 -12.545 -12.704 -12.696 -12.575 -12.237 -12.612 -12.721 -12.67 -12.555 -12.647 -12.729 -12.678 -12.596 -12.549 -12.678 -12.673 -12.7 -12.197 -11.821 -11.33 -12.658
0.247709 -10.293 -10.686 -11.284 -12.188 -12.565 -12.734 -11.837 -12.263 -12.566 -12.733 -12.73 -12.614 -12.249 -12.636 -12.754 -12.707 -12.595 -12.673 -12.762 -12.715 -12.636 -12.59 -12.71 -12.701 -12.734 -12.242 -11.868 -11.379 -12.689
0.255201 -10.275 -10.669 -11.279 -12.199 -12.585 -12.762 -11.85 -12.275 -12.587 -12.762 -12.765 -12.654 -12.261 -12.66 -12.786 -12.744 -12.635 -12.697 -12.794 -12.752 -12.675 -12.631 -12.742 -12.728 -12.768 -12.287 -11.916 -11.428 -12.719
0.262919 -10.256 -10.651 -11.274 -12.208 -12.606 -12.791 -11.862 -12.287 -12.607 -12.79 -12.799 -12.693 -12.272 -12.683 -12.818 -12.781 -12.675 -12.722 -12.826 -12.789 -12.715 -12.672 -12.773 -12.755 -12.802 -12.331 -11.963 -11.477 -12.75
0.270871 -10.237 -10.632 -11.267 -12.217 -12.625 -12.818 -11.874 -12.298 -12.627 -12.819 -12.833 -12.732 -12.282 -12.706 -12.85 -12.817 -12.715 -12.746 -12.858 -12.825 -12.754 -12.713 -12.804 -12.782 -12.836 -12.376 -12.01 -11.526 -12.78
0.279064 -10.218 -10.612 -11.26 -12.226 -12.645 -12.846 -11.885 -12.308 -12.646 -12.846 -12.867 -12.771 -12.292 -12.728 -12.881 -12.853 -12.754 -12.769 -12.889 -12.861 -12.792 -12.753 -12.834 -12.808 -12.869 -12.42 -12.056 -11.575 -12.81
0.287504 -10.197 -10.592 -11.253 -12.234 -12.663 -12.873 -11.896 -12.318 -12.665 -12.874 -12.901 -12.809 -12.301 -12.75 -12.912 -12.889 -12.793 -12.792 -12.92 -12.897 -12.831 -12.793 -12.865 -12.834 -12.903 -12.464 -12.103 -11.624 -12.839
0.296199 -10.176 -10.57 -11.244 -12.241 -12.682 -12.9 -11.907 -12.327 -12.684 -12.9 -12.934 -12.848 -12.31 -12.771 -12.943 -12.924 -12.832 -12.815 -12.951 -12.933 -12.87 -12.833 -12.895 -12.86 -12.935 -12.508 -12.15 -11.673 -12.868
0.305157 -10.155 -10.548 -11.235 -12.248 -12.699 -12.926 -11.917 -12.336 -12.702 -12.927 -12.967 -12.886 -12.318 -12.792 -12.973 -12.96 -12.871 -12.837 -12.981 -12.968 -12.908 -12.873 -12.924 -12.885 -12.968 -12.552 -12.196 -11.721 -12.897
0.314387 -10.132 -10.525 -11.225 -12.253 -12.717 -12.952 -11.927 -12.344 -12.719 -12.953 -12.999 -12.924 -12.325 -12.813 -13.003 -12.995 -12.91 -12.859 -13.011 -13.003 -12.946 -12.913 -12.953 -12.91 -13.0 -12.596 -12.243 -11.77 -12.926
0.323895 -10.109 -10.5 -11.215 -12.259 -12.733 -12.978 -11.937 -12.351 -12.736 -12.979 -13.032 -12.961 -12.332 -12.833 -13.032 -13.029 -12.948 -12.881 -13.041 -13.038 -12.983 -12.952 -12.982 -12.935 -13.032 -12.639 -12.289 -11.818 -12.954
0.333691 -10.086 -10.475 -11.203 -12.263 -12.75 -13.003 -11.946 -12.358 -12.752 -13.004 -13.064 -12.999 -12.338 -12.852 -13.062 -13.064 -12.986 -12.901 -13.07 -13.072 -13.021 -12.991 -13.011 -12.959 -13.064 -12.683 -12.335 -11.867 -12.982
0.343783 -10.062 -10.449 -11.191 -12.267 -12.765 -13.027 -11.955 -12.364 -12.768 -13.029 -13.095 -13.036 -12.343 -12.871 -13.091 -13.098 -13.024 -12.922 -13.099 -13.107 -13.058 -13.03 -13.039 -12.982 -13.095 -12.726 -12.381 -11.915 -13.009
0.354181 -10.037 -10.422 -11.178 -12.271 -12.78 -13.052 -11.963 -12.369 -12.784 -13.054 -13.127 -13.073 -12.348 -12.89 -13.119 -13.132 -13.062 -12.942 -13.128 -13.141 -13.095 -13.069 -13.067 -13.006 -13.126 -12.769 -12.427 -11.963 -13.037
0.364893 -10.012 -10.393 -11.164 -12.273 -12.795 -13.075 -11.971 -12.374 -12.799 -13.078 -13.158 -13.11 -12.352 -12.908 -13.147 -13.165 -13.099 -12.961 -13.156 -13.174 -13.132 -13.108 -13.095 -13.028 -13.156 -12.812 -12.473 -12.012 -13.064
0.375929 -9.986 -10.364 -11.15 -12.275 -12.809 -13.099 -11.979 -12.378 -12.813 -13.102 -13.188 -13.146 -12.355 -12.926 -13.175 -13.198 -13.137 -12.98 -13.184 -13.208 -13.169 -13.146 -13.122 -13.051 -13.187 -12.855 -12.519 -12.06 -13.09
0.387298 -9.959 -10.333 -11.134 -12.276 -12.822 -13.122 -11.986 -12.381 -12.827 -13.125 -13.219 -13.182 -12.358 -12.943 -13.202 -13.231 -13.173 -12.999 -13.211 -13.241 -13.205 -13.184 -13.149 -13.073 -13.216 -12.897 -12.564 -12.108 -13.116
0.399012 -9.932 -10.302 -11.118 -12.276 -12.835 -13.144 -11.993 -12.384 -12.84 -13.148 -13.249 -13.218 -12.36 -12.959 -13.229 -13.264 -13.21 -13.017 -13.238 -13.273 -13.241 -13.222 -13.176 -13.094 -13.246 -12.94 -12.61 -12.155 -13.142
0.41108 -9.905 -10.269 -11.101 -12.276 -12.848 -13.166 -11.999 -12.386 -12.852 -13.17 -13.278 -13.254 -12.361 -12.975 -13.256 -13.296 -13.247 -13.034 -13.265 -13.306 -13.277 -13.26 -13.202 -13.115 -13.275 -12.982 -12.655 -12.203 -13.168
0.423513 -9.877 -10.235 -11.083 -12.275 -12.859 -13.188 -12.005 -12.387 -12.864 -13.192 -13.308 -13.289 -12.361 -12.99 -13.282 -13.328 -13.283 -13.051 -13.291 -13.338 -13.312 -13.297 -13.228 -13.135 -13.304 -13.024 -12.7 -12.251 -13.193
0.436321 -9.848 -10.201 -11.065 -12.273 -12.87 -13.209 -12.01 -12.387 -12.875 -13.213 -13.336 -13.324 -12.361 -13.005 -13.308 -13.36 -13.319 -13.068 -13.317 -13.37 -13.347 -13.335 -13.253 -13.155 -13.332 -13.066 -12.745 -12.298 -13.218
0.449518 -9.819 -10.165 -11.045 -12.27 -12.881 -13.229 -12.015 -12.387 -12.886 -13.234 -13.365 -13.359 -12.36 -13.02 -13.333 -13.391 -13.354 -13.084 -13.343 -13.401 -13.382 -13.372 -13.278 -13.175 -13.36 -13.108 -12.79 -12.346 -13.242
0.463113 -9.79 -10.127 -11.025 -12.267 -12.891 -13.249 -12.02 -12.386 -12.896 -13.254 -13.393 -13.394 -12.358 -13.033 -13.358 -13.422 -13.39 -13.099 -13.368 -13.432 -13.417 -13.408 -13.303 -13.194 -13.388 -13.149 -12.835 -12.393 -13.266
0.47712 -9.76 -10.089 -11.003 -12.263 -12.9 -13.269 -12.024 -12.384 -12.906 -13.274 -13.421 -13.428 -12.355 -13.046 -13.382 -13.453 -13.425 -13.114 -13.392 -13.463 -13.451 -13.445 -13.327 -13.213 -13.415 -13.19 -12.88 -12.44 -13.29
0.49155 -9.729 -10.05 -10.981 -12.257 -12.908 -13.288 -12.028 -12.381 -12.914 -13.293 -13.448 -13.462 -12.352 -13.059 -13.406 -13.483 -13.459 -13.128 -13.417 -13.493 -13.485 -13.481 -13.351 -13.231 -13.442 -13.231 -12.924 -12.488 -13.313
0.506416 -9.698 -10.009 -10.958 -12.251 -12.916 -13.306 -12.031 -12.378 -12.923 -13.312 -13.475 -13.495 -12.347 -13.071 -13.43 -13.513 -13.494 -13.142 -13.44 -13.523 -13.519 -13.517 -13.374 -13.248 -13.469 -13.272 -12.968 -12.535 -13.336
0.521733 -9.667 -9.967 -10.934 -12.245 -12.923 -13.324 -12.033 -12.373 -12.93 -13.33 -13.502 -13.529 -12.342 -13.082 -13.453 -13.542 -13.528 -13.155 -13.463 -13.553 -13.552 -13.553 -13.397 -13.265 -13.495 -13.313 -13.012 -12.582 -13.358
0.537512 -9.636 -9.923 -10.909 -12.237 -12.93 -13.341 -12.036 -12.368 -12.937 -13.348 -13.528 -13.562 -12.336 -13.093 -13.476 -13.571 -13.562 -13.167 -13.486 -13.582 -13.585 -13.588 -13.42 -13.281 -13.52 -13.353 -13.056 -12.628 -13.38
0.553769 -9.604 -9.879 -10.883 -12.228 -12.935 -13.358 -12.037 -12.362 -12.943 -13.365 -13.554 -13.594 -12.329 -13.103 -13.498 -13.6 -13.595 -13.179 -13.508 -13.611 -13.618 -13.623 -13.442 -13.297 -13.546 -13.394 -13.1 -12.675 -13.402
0.570517 -9.572 -9.833 -10.856 -12.219 -12.94 -13.374 -12.038 -12.355 -12.948 -13.382 -13.579 -13.626 -12.321 -13.112 -13.519 -13.628 -13.628 -13.19 -13.53 -13.639 -13.651 -13.658 -13.463 -13.313 -13.57 -13.434 -13.144 -12.722 -13.423
0.587772 -9.54 -9.786 -10.828 -12.208 -12.945 -13.39 -12.039 -12.347 -12.953 -13.398 -13.604 -13.658 -12.313 -13.121 -13.54 -13.656 -13.661 -13.201 -13.552 -13.667 -13.683 -13.692 -13.484 -13.327 -13.595 -13.473 -13.187 -12.768 -13.444
0.605549 -9.507 -9.737 -10.799 -12.197 -12.948 -13.405 -12.039 -12.338 -12.957 -13.413 -13.628 -13.69 -12.303 -13.129 -13.561 -13.683 -13.694 -13.211 -13.572 -13.695 -13.714 -13.727 -13.505 -13.341 -13.618 -13.513 -13.231 -12.814 -13.464
