web/models/linear/32/-14_755_0_090.dat
# %ECSV 1.0
# ---
# datatype:
# - {name: time, datatype: float64}
# - {name: swift_uvot_uvw2, datatype: float64}
# - {name: swift_uvot_uvm2, datatype: float64}
# - {name: swift_uvot_uvw1, datatype: float64}
# - {name: swift_uvot_U, datatype: float64}
# - {name: swift_uvot_B, datatype: float64}
# - {name: swift_uvot_V, datatype: float64}
# - {name: swift_uvot_W, datatype: float64}
# - {name: johnson_U, datatype: float64}
# - {name: johnson_B, datatype: float64}
# - {name: johnson_V, datatype: float64}
# - {name: johnson_R, datatype: float64}
# - {name: johnson_I, datatype: float64}
# - {name: sdss_u, datatype: float64}
# - {name: sdss_g, datatype: float64}
# - {name: sdss_r, datatype: float64}
# - {name: sdss_i, datatype: float64}
# - {name: sdss_z, datatype: float64}
# - {name: PS1_g, datatype: float64}
# - {name: PS1_r, datatype: float64}
# - {name: PS1_i, datatype: float64}
# - {name: PS1_z, datatype: float64}
# - {name: PS1_Y, datatype: float64}
# - {name: PS1_w, datatype: float64}
# - {name: ATLAS_c, datatype: float64}
# - {name: ATLAS_o, datatype: float64}
# - {name: ukirt_J, datatype: float64}
# - {name: ukirt_H, datatype: float64}
# - {name: ukirt_K, datatype: float64}
# - {name: Clear, datatype: float64}
# meta: !!omap
# - comment: [M=-14.755102040816327, dM=0.08988160392874614]
# schema: astropy-2.0
time swift_uvot_uvw2 swift_uvot_uvm2 swift_uvot_uvw1 swift_uvot_U swift_uvot_B swift_uvot_V swift_uvot_W johnson_U johnson_B johnson_V johnson_R johnson_I sdss_u sdss_g sdss_r sdss_i sdss_z PS1_g PS1_r PS1_i PS1_z PS1_Y PS1_w ATLAS_c ATLAS_o ukirt_J ukirt_H ukirt_K Clear
0.0 -14.755102040816327 -14.755102040816327 -14.755102040816327 -14.755102040816327 -14.755102040816327 -14.755102040816327 -14.755102040816327 -14.755102040816327 -14.755102040816327 -14.755102040816327 -14.755102040816327 -14.755102040816327 -14.755102040816327 -14.755102040816327 -14.755102040816327 -14.755102040816327 -14.755102040816327 -14.755102040816327 -14.755102040816327 -14.755102040816327 -14.755102040816327 -14.755102040816327 -14.755102040816327 -14.755102040816327 -14.755102040816327 -14.755102040816327 -14.755102040816327 -14.755102040816327 -14.755102040816327
0.07537688442211055 -14.748327045545317 -14.748327045545317 -14.748327045545317 -14.748327045545317 -14.748327045545317 -14.748327045545317 -14.748327045545317 -14.748327045545317 -14.748327045545317 -14.748327045545317 -14.748327045545317 -14.748327045545317 -14.748327045545317 -14.748327045545317 -14.748327045545317 -14.748327045545317 -14.748327045545317 -14.748327045545317 -14.748327045545317 -14.748327045545317 -14.748327045545317 -14.748327045545317 -14.748327045545317 -14.748327045545317 -14.748327045545317 -14.748327045545317 -14.748327045545317 -14.748327045545317 -14.748327045545317
0.1507537688442211 -14.741552050274304 -14.741552050274304 -14.741552050274304 -14.741552050274304 -14.741552050274304 -14.741552050274304 -14.741552050274304 -14.741552050274304 -14.741552050274304 -14.741552050274304 -14.741552050274304 -14.741552050274304 -14.741552050274304 -14.741552050274304 -14.741552050274304 -14.741552050274304 -14.741552050274304 -14.741552050274304 -14.741552050274304 -14.741552050274304 -14.741552050274304 -14.741552050274304 -14.741552050274304 -14.741552050274304 -14.741552050274304 -14.741552050274304 -14.741552050274304 -14.741552050274304 -14.741552050274304
0.22613065326633164 -14.734777055003294 -14.734777055003294 -14.734777055003294 -14.734777055003294 -14.734777055003294 -14.734777055003294 -14.734777055003294 -14.734777055003294 -14.734777055003294 -14.734777055003294 -14.734777055003294 -14.734777055003294 -14.734777055003294 -14.734777055003294 -14.734777055003294 -14.734777055003294 -14.734777055003294 -14.734777055003294 -14.734777055003294 -14.734777055003294 -14.734777055003294 -14.734777055003294 -14.734777055003294 -14.734777055003294 -14.734777055003294 -14.734777055003294 -14.734777055003294 -14.734777055003294 -14.734777055003294
0.3015075376884422 -14.728002059732283 -14.728002059732283 -14.728002059732283 -14.728002059732283 -14.728002059732283 -14.728002059732283 -14.728002059732283 -14.728002059732283 -14.728002059732283 -14.728002059732283 -14.728002059732283 -14.728002059732283 -14.728002059732283 -14.728002059732283 -14.728002059732283 -14.728002059732283 -14.728002059732283 -14.728002059732283 -14.728002059732283 -14.728002059732283 -14.728002059732283 -14.728002059732283 -14.728002059732283 -14.728002059732283 -14.728002059732283 -14.728002059732283 -14.728002059732283 -14.728002059732283 -14.728002059732283
0.37688442211055273 -14.721227064461273 -14.721227064461273 -14.721227064461273 -14.721227064461273 -14.721227064461273 -14.721227064461273 -14.721227064461273 -14.721227064461273 -14.721227064461273 -14.721227064461273 -14.721227064461273 -14.721227064461273 -14.721227064461273 -14.721227064461273 -14.721227064461273 -14.721227064461273 -14.721227064461273 -14.721227064461273 -14.721227064461273 -14.721227064461273 -14.721227064461273 -14.721227064461273 -14.721227064461273 -14.721227064461273 -14.721227064461273 -14.721227064461273 -14.721227064461273 -14.721227064461273 -14.721227064461273
0.4522613065326633 -14.71445206919026 -14.71445206919026 -14.71445206919026 -14.71445206919026 -14.71445206919026 -14.71445206919026 -14.71445206919026 -14.71445206919026 -14.71445206919026 -14.71445206919026 -14.71445206919026 -14.71445206919026 -14.71445206919026 -14.71445206919026 -14.71445206919026 -14.71445206919026 -14.71445206919026 -14.71445206919026 -14.71445206919026 -14.71445206919026 -14.71445206919026 -14.71445206919026 -14.71445206919026 -14.71445206919026 -14.71445206919026 -14.71445206919026 -14.71445206919026 -14.71445206919026 -14.71445206919026
0.5276381909547738 -14.70767707391925 -14.70767707391925 -14.70767707391925 -14.70767707391925 -14.70767707391925 -14.70767707391925 -14.70767707391925 -14.70767707391925 -14.70767707391925 -14.70767707391925 -14.70767707391925 -14.70767707391925 -14.70767707391925 -14.70767707391925 -14.70767707391925 -14.70767707391925 -14.70767707391925 -14.70767707391925 -14.70767707391925 -14.70767707391925 -14.70767707391925 -14.70767707391925 -14.70767707391925 -14.70767707391925 -14.70767707391925 -14.70767707391925 -14.70767707391925 -14.70767707391925 -14.70767707391925
0.6030150753768844 -14.70090207864824 -14.70090207864824 -14.70090207864824 -14.70090207864824 -14.70090207864824 -14.70090207864824 -14.70090207864824 -14.70090207864824 -14.70090207864824 -14.70090207864824 -14.70090207864824 -14.70090207864824 -14.70090207864824 -14.70090207864824 -14.70090207864824 -14.70090207864824 -14.70090207864824 -14.70090207864824 -14.70090207864824 -14.70090207864824 -14.70090207864824 -14.70090207864824 -14.70090207864824 -14.70090207864824 -14.70090207864824 -14.70090207864824 -14.70090207864824 -14.70090207864824 -14.70090207864824
0.6783919597989949 -14.694127083377229 -14.694127083377229 -14.694127083377229 -14.694127083377229 -14.694127083377229 -14.694127083377229 -14.694127083377229 -14.694127083377229 -14.694127083377229 -14.694127083377229 -14.694127083377229 -14.694127083377229 -14.694127083377229 -14.694127083377229 -14.694127083377229 -14.694127083377229 -14.694127083377229 -14.694127083377229 -14.694127083377229 -14.694127083377229 -14.694127083377229 -14.694127083377229 -14.694127083377229 -14.694127083377229 -14.694127083377229 -14.694127083377229 -14.694127083377229 -14.694127083377229 -14.694127083377229
0.7537688442211055 -14.687352088106216 -14.687352088106216 -14.687352088106216 -14.687352088106216 -14.687352088106216 -14.687352088106216 -14.687352088106216 -14.687352088106216 -14.687352088106216 -14.687352088106216 -14.687352088106216 -14.687352088106216 -14.687352088106216 -14.687352088106216 -14.687352088106216 -14.687352088106216 -14.687352088106216 -14.687352088106216 -14.687352088106216 -14.687352088106216 -14.687352088106216 -14.687352088106216 -14.687352088106216 -14.687352088106216 -14.687352088106216 -14.687352088106216 -14.687352088106216 -14.687352088106216 -14.687352088106216
0.829145728643216 -14.680577092835206 -14.680577092835206 -14.680577092835206 -14.680577092835206 -14.680577092835206 -14.680577092835206 -14.680577092835206 -14.680577092835206 -14.680577092835206 -14.680577092835206 -14.680577092835206 -14.680577092835206 -14.680577092835206 -14.680577092835206 -14.680577092835206 -14.680577092835206 -14.680577092835206 -14.680577092835206 -14.680577092835206 -14.680577092835206 -14.680577092835206 -14.680577092835206 -14.680577092835206 -14.680577092835206 -14.680577092835206 -14.680577092835206 -14.680577092835206 -14.680577092835206 -14.680577092835206
0.9045226130653266 -14.673802097564195 -14.673802097564195 -14.673802097564195 -14.673802097564195 -14.673802097564195 -14.673802097564195 -14.673802097564195 -14.673802097564195 -14.673802097564195 -14.673802097564195 -14.673802097564195 -14.673802097564195 -14.673802097564195 -14.673802097564195 -14.673802097564195 -14.673802097564195 -14.673802097564195 -14.673802097564195 -14.673802097564195 -14.673802097564195 -14.673802097564195 -14.673802097564195 -14.673802097564195 -14.673802097564195 -14.673802097564195 -14.673802097564195 -14.673802097564195 -14.673802097564195 -14.673802097564195
0.9798994974874371 -14.667027102293185 -14.667027102293185 -14.667027102293185 -14.667027102293185 -14.667027102293185 -14.667027102293185 -14.667027102293185 -14.667027102293185 -14.667027102293185 -14.667027102293185 -14.667027102293185 -14.667027102293185 -14.667027102293185 -14.667027102293185 -14.667027102293185 -14.667027102293185 -14.667027102293185 -14.667027102293185 -14.667027102293185 -14.667027102293185 -14.667027102293185 -14.667027102293185 -14.667027102293185 -14.667027102293185 -14.667027102293185 -14.667027102293185 -14.667027102293185 -14.667027102293185 -14.667027102293185
1.0552763819095476 -14.660252107022172 -14.660252107022172 -14.660252107022172 -14.660252107022172 -14.660252107022172 -14.660252107022172 -14.660252107022172 -14.660252107022172 -14.660252107022172 -14.660252107022172 -14.660252107022172 -14.660252107022172 -14.660252107022172 -14.660252107022172 -14.660252107022172 -14.660252107022172 -14.660252107022172 -14.660252107022172 -14.660252107022172 -14.660252107022172 -14.660252107022172 -14.660252107022172 -14.660252107022172 -14.660252107022172 -14.660252107022172 -14.660252107022172 -14.660252107022172 -14.660252107022172 -14.660252107022172
1.1306532663316582 -14.653477111751162 -14.653477111751162 -14.653477111751162 -14.653477111751162 -14.653477111751162 -14.653477111751162 -14.653477111751162 -14.653477111751162 -14.653477111751162 -14.653477111751162 -14.653477111751162 -14.653477111751162 -14.653477111751162 -14.653477111751162 -14.653477111751162 -14.653477111751162 -14.653477111751162 -14.653477111751162 -14.653477111751162 -14.653477111751162 -14.653477111751162 -14.653477111751162 -14.653477111751162 -14.653477111751162 -14.653477111751162 -14.653477111751162 -14.653477111751162 -14.653477111751162 -14.653477111751162
1.2060301507537687 -14.646702116480151 -14.646702116480151 -14.646702116480151 -14.646702116480151 -14.646702116480151 -14.646702116480151 -14.646702116480151 -14.646702116480151 -14.646702116480151 -14.646702116480151 -14.646702116480151 -14.646702116480151 -14.646702116480151 -14.646702116480151 -14.646702116480151 -14.646702116480151 -14.646702116480151 -14.646702116480151 -14.646702116480151 -14.646702116480151 -14.646702116480151 -14.646702116480151 -14.646702116480151 -14.646702116480151 -14.646702116480151 -14.646702116480151 -14.646702116480151 -14.646702116480151 -14.646702116480151
1.2814070351758793 -14.63992712120914 -14.63992712120914 -14.63992712120914 -14.63992712120914 -14.63992712120914 -14.63992712120914 -14.63992712120914 -14.63992712120914 -14.63992712120914 -14.63992712120914 -14.63992712120914 -14.63992712120914 -14.63992712120914 -14.63992712120914 -14.63992712120914 -14.63992712120914 -14.63992712120914 -14.63992712120914 -14.63992712120914 -14.63992712120914 -14.63992712120914 -14.63992712120914 -14.63992712120914 -14.63992712120914 -14.63992712120914 -14.63992712120914 -14.63992712120914 -14.63992712120914 -14.63992712120914
1.3567839195979898 -14.633152125938128 -14.633152125938128 -14.633152125938128 -14.633152125938128 -14.633152125938128 -14.633152125938128 -14.633152125938128 -14.633152125938128 -14.633152125938128 -14.633152125938128 -14.633152125938128 -14.633152125938128 -14.633152125938128 -14.633152125938128 -14.633152125938128 -14.633152125938128 -14.633152125938128 -14.633152125938128 -14.633152125938128 -14.633152125938128 -14.633152125938128 -14.633152125938128 -14.633152125938128 -14.633152125938128 -14.633152125938128 -14.633152125938128 -14.633152125938128 -14.633152125938128 -14.633152125938128
1.4321608040201004 -14.626377130667118 -14.626377130667118 -14.626377130667118 -14.626377130667118 -14.626377130667118 -14.626377130667118 -14.626377130667118 -14.626377130667118 -14.626377130667118 -14.626377130667118 -14.626377130667118 -14.626377130667118 -14.626377130667118 -14.626377130667118 -14.626377130667118 -14.626377130667118 -14.626377130667118 -14.626377130667118 -14.626377130667118 -14.626377130667118 -14.626377130667118 -14.626377130667118 -14.626377130667118 -14.626377130667118 -14.626377130667118 -14.626377130667118 -14.626377130667118 -14.626377130667118 -14.626377130667118
1.507537688442211 -14.619602135396107 -14.619602135396107 -14.619602135396107 -14.619602135396107 -14.619602135396107 -14.619602135396107 -14.619602135396107 -14.619602135396107 -14.619602135396107 -14.619602135396107 -14.619602135396107 -14.619602135396107 -14.619602135396107 -14.619602135396107 -14.619602135396107 -14.619602135396107 -14.619602135396107 -14.619602135396107 -14.619602135396107 -14.619602135396107 -14.619602135396107 -14.619602135396107 -14.619602135396107 -14.619602135396107 -14.619602135396107 -14.619602135396107 -14.619602135396107 -14.619602135396107 -14.619602135396107
1.5829145728643215 -14.612827140125097 -14.612827140125097 -14.612827140125097 -14.612827140125097 -14.612827140125097 -14.612827140125097 -14.612827140125097 -14.612827140125097 -14.612827140125097 -14.612827140125097 -14.612827140125097 -14.612827140125097 -14.612827140125097 -14.612827140125097 -14.612827140125097 -14.612827140125097 -14.612827140125097 -14.612827140125097 -14.612827140125097 -14.612827140125097 -14.612827140125097 -14.612827140125097 -14.612827140125097 -14.612827140125097 -14.612827140125097 -14.612827140125097 -14.612827140125097 -14.612827140125097 -14.612827140125097
1.658291457286432 -14.606052144854084 -14.606052144854084 -14.606052144854084 -14.606052144854084 -14.606052144854084 -14.606052144854084 -14.606052144854084 -14.606052144854084 -14.606052144854084 -14.606052144854084 -14.606052144854084 -14.606052144854084 -14.606052144854084 -14.606052144854084 -14.606052144854084 -14.606052144854084 -14.606052144854084 -14.606052144854084 -14.606052144854084 -14.606052144854084 -14.606052144854084 -14.606052144854084 -14.606052144854084 -14.606052144854084 -14.606052144854084 -14.606052144854084 -14.606052144854084 -14.606052144854084 -14.606052144854084
1.7336683417085426 -14.599277149583074 -14.599277149583074 -14.599277149583074 -14.599277149583074 -14.599277149583074 -14.599277149583074 -14.599277149583074 -14.599277149583074 -14.599277149583074 -14.599277149583074 -14.599277149583074 -14.599277149583074 -14.599277149583074 -14.599277149583074 -14.599277149583074 -14.599277149583074 -14.599277149583074 -14.599277149583074 -14.599277149583074 -14.599277149583074 -14.599277149583074 -14.599277149583074 -14.599277149583074 -14.599277149583074 -14.599277149583074 -14.599277149583074 -14.599277149583074 -14.599277149583074 -14.599277149583074
1.809045226130653 -14.592502154312063 -14.592502154312063 -14.592502154312063 -14.592502154312063 -14.592502154312063 -14.592502154312063 -14.592502154312063 -14.592502154312063 -14.592502154312063 -14.592502154312063 -14.592502154312063 -14.592502154312063 -14.592502154312063 -14.592502154312063 -14.592502154312063 -14.592502154312063 -14.592502154312063 -14.592502154312063 -14.592502154312063 -14.592502154312063 -14.592502154312063 -14.592502154312063 -14.592502154312063 -14.592502154312063 -14.592502154312063 -14.592502154312063 -14.592502154312063 -14.592502154312063 -14.592502154312063
1.8844221105527637 -14.585727159041053 -14.585727159041053 -14.585727159041053 -14.585727159041053 -14.585727159041053 -14.585727159041053 -14.585727159041053 -14.585727159041053 -14.585727159041053 -14.585727159041053 -14.585727159041053 -14.585727159041053 -14.585727159041053 -14.585727159041053 -14.585727159041053 -14.585727159041053 -14.585727159041053 -14.585727159041053 -14.585727159041053 -14.585727159041053 -14.585727159041053 -14.585727159041053 -14.585727159041053 -14.585727159041053 -14.585727159041053 -14.585727159041053 -14.585727159041053 -14.585727159041053 -14.585727159041053
