web/models/linear/32/-14_755_0_105.dat
# %ECSV 1.0
# ---
# datatype:
# - {name: time, datatype: float64}
# - {name: sdss_u, datatype: float64}
# - {name: sdss_g, datatype: float64}
# - {name: sdss_r, datatype: float64}
# - {name: sdss_i, datatype: float64}
# - {name: sdss_z, datatype: float64}
# - {name: Clear, datatype: float64}
# - {name: johnson_B, datatype: float64}
# - {name: johnson_V, datatype: float64}
# - {name: johnson_R, datatype: float64}
# - {name: johnson_I, datatype: float64}
# - {name: ukirt_J, datatype: float64}
# - {name: ukirt_H, datatype: float64}
# - {name: ukirt_K, datatype: float64}
# meta: !!omap
# - comment: [M=-14.755102040816327, dM=0.10496361336732253]
# schema: astropy-2.0
time sdss_u sdss_g sdss_r sdss_i sdss_z Clear johnson_B johnson_V johnson_R johnson_I ukirt_J ukirt_H ukirt_K
0.0 -14.755102040816327 -14.755102040816327 -14.755102040816327 -14.755102040816327 -14.755102040816327 -14.755102040816327 -14.755102040816327 -14.755102040816327 -14.755102040816327 -14.755102040816327 -14.755102040816327 -14.755102040816327 -14.755102040816327
0.07537688442211055 -14.747190210663012 -14.747190210663012 -14.747190210663012 -14.747190210663012 -14.747190210663012 -14.747190210663012 -14.747190210663012 -14.747190210663012 -14.747190210663012 -14.747190210663012 -14.747190210663012 -14.747190210663012 -14.747190210663012
0.1507537688442211 -14.739278380509695 -14.739278380509695 -14.739278380509695 -14.739278380509695 -14.739278380509695 -14.739278380509695 -14.739278380509695 -14.739278380509695 -14.739278380509695 -14.739278380509695 -14.739278380509695 -14.739278380509695 -14.739278380509695
0.22613065326633164 -14.73136655035638 -14.73136655035638 -14.73136655035638 -14.73136655035638 -14.73136655035638 -14.73136655035638 -14.73136655035638 -14.73136655035638 -14.73136655035638 -14.73136655035638 -14.73136655035638 -14.73136655035638 -14.73136655035638
0.3015075376884422 -14.723454720203064 -14.723454720203064 -14.723454720203064 -14.723454720203064 -14.723454720203064 -14.723454720203064 -14.723454720203064 -14.723454720203064 -14.723454720203064 -14.723454720203064 -14.723454720203064 -14.723454720203064 -14.723454720203064
0.37688442211055273 -14.715542890049749 -14.715542890049749 -14.715542890049749 -14.715542890049749 -14.715542890049749 -14.715542890049749 -14.715542890049749 -14.715542890049749 -14.715542890049749 -14.715542890049749 -14.715542890049749 -14.715542890049749 -14.715542890049749
0.4522613065326633 -14.707631059896432 -14.707631059896432 -14.707631059896432 -14.707631059896432 -14.707631059896432 -14.707631059896432 -14.707631059896432 -14.707631059896432 -14.707631059896432 -14.707631059896432 -14.707631059896432 -14.707631059896432 -14.707631059896432
0.5276381909547738 -14.699719229743117 -14.699719229743117 -14.699719229743117 -14.699719229743117 -14.699719229743117 -14.699719229743117 -14.699719229743117 -14.699719229743117 -14.699719229743117 -14.699719229743117 -14.699719229743117 -14.699719229743117 -14.699719229743117
0.6030150753768844 -14.6918073995898 -14.6918073995898 -14.6918073995898 -14.6918073995898 -14.6918073995898 -14.6918073995898 -14.6918073995898 -14.6918073995898 -14.6918073995898 -14.6918073995898 -14.6918073995898 -14.6918073995898 -14.6918073995898
0.6783919597989949 -14.683895569436485 -14.683895569436485 -14.683895569436485 -14.683895569436485 -14.683895569436485 -14.683895569436485 -14.683895569436485 -14.683895569436485 -14.683895569436485 -14.683895569436485 -14.683895569436485 -14.683895569436485 -14.683895569436485
0.7537688442211055 -14.67598373928317 -14.67598373928317 -14.67598373928317 -14.67598373928317 -14.67598373928317 -14.67598373928317 -14.67598373928317 -14.67598373928317 -14.67598373928317 -14.67598373928317 -14.67598373928317 -14.67598373928317 -14.67598373928317
0.829145728643216 -14.668071909129853 -14.668071909129853 -14.668071909129853 -14.668071909129853 -14.668071909129853 -14.668071909129853 -14.668071909129853 -14.668071909129853 -14.668071909129853 -14.668071909129853 -14.668071909129853 -14.668071909129853 -14.668071909129853
0.9045226130653266 -14.660160078976539 -14.660160078976539 -14.660160078976539 -14.660160078976539 -14.660160078976539 -14.660160078976539 -14.660160078976539 -14.660160078976539 -14.660160078976539 -14.660160078976539 -14.660160078976539 -14.660160078976539 -14.660160078976539
0.9798994974874371 -14.652248248823222 -14.652248248823222 -14.652248248823222 -14.652248248823222 -14.652248248823222 -14.652248248823222 -14.652248248823222 -14.652248248823222 -14.652248248823222 -14.652248248823222 -14.652248248823222 -14.652248248823222 -14.652248248823222
1.0552763819095476 -14.644336418669907 -14.644336418669907 -14.644336418669907 -14.644336418669907 -14.644336418669907 -14.644336418669907 -14.644336418669907 -14.644336418669907 -14.644336418669907 -14.644336418669907 -14.644336418669907 -14.644336418669907 -14.644336418669907
1.1306532663316582 -14.63642458851659 -14.63642458851659 -14.63642458851659 -14.63642458851659 -14.63642458851659 -14.63642458851659 -14.63642458851659 -14.63642458851659 -14.63642458851659 -14.63642458851659 -14.63642458851659 -14.63642458851659 -14.63642458851659
1.2060301507537687 -14.628512758363275 -14.628512758363275 -14.628512758363275 -14.628512758363275 -14.628512758363275 -14.628512758363275 -14.628512758363275 -14.628512758363275 -14.628512758363275 -14.628512758363275 -14.628512758363275 -14.628512758363275 -14.628512758363275
1.2814070351758793 -14.620600928209958 -14.620600928209958 -14.620600928209958 -14.620600928209958 -14.620600928209958 -14.620600928209958 -14.620600928209958 -14.620600928209958 -14.620600928209958 -14.620600928209958 -14.620600928209958 -14.620600928209958 -14.620600928209958
1.3567839195979898 -14.612689098056643 -14.612689098056643 -14.612689098056643 -14.612689098056643 -14.612689098056643 -14.612689098056643 -14.612689098056643 -14.612689098056643 -14.612689098056643 -14.612689098056643 -14.612689098056643 -14.612689098056643 -14.612689098056643
1.4321608040201004 -14.604777267903328 -14.604777267903328 -14.604777267903328 -14.604777267903328 -14.604777267903328 -14.604777267903328 -14.604777267903328 -14.604777267903328 -14.604777267903328 -14.604777267903328 -14.604777267903328 -14.604777267903328 -14.604777267903328
1.507537688442211 -14.596865437750012 -14.596865437750012 -14.596865437750012 -14.596865437750012 -14.596865437750012 -14.596865437750012 -14.596865437750012 -14.596865437750012 -14.596865437750012 -14.596865437750012 -14.596865437750012 -14.596865437750012 -14.596865437750012
1.5829145728643215 -14.588953607596697 -14.588953607596697 -14.588953607596697 -14.588953607596697 -14.588953607596697 -14.588953607596697 -14.588953607596697 -14.588953607596697 -14.588953607596697 -14.588953607596697 -14.588953607596697 -14.588953607596697 -14.588953607596697
1.658291457286432 -14.58104177744338 -14.58104177744338 -14.58104177744338 -14.58104177744338 -14.58104177744338 -14.58104177744338 -14.58104177744338 -14.58104177744338 -14.58104177744338 -14.58104177744338 -14.58104177744338 -14.58104177744338 -14.58104177744338
1.7336683417085426 -14.573129947290065 -14.573129947290065 -14.573129947290065 -14.573129947290065 -14.573129947290065 -14.573129947290065 -14.573129947290065 -14.573129947290065 -14.573129947290065 -14.573129947290065 -14.573129947290065 -14.573129947290065 -14.573129947290065
1.809045226130653 -14.565218117136748 -14.565218117136748 -14.565218117136748 -14.565218117136748 -14.565218117136748 -14.565218117136748 -14.565218117136748 -14.565218117136748 -14.565218117136748 -14.565218117136748 -14.565218117136748 -14.565218117136748 -14.565218117136748
1.8844221105527637 -14.557306286983433 -14.557306286983433 -14.557306286983433 -14.557306286983433 -14.557306286983433 -14.557306286983433 -14.557306286983433 -14.557306286983433 -14.557306286983433 -14.557306286983433 -14.557306286983433 -14.557306286983433 -14.557306286983433
1.9597989949748742 -14.549394456830116 -14.549394456830116 -14.549394456830116 -14.549394456830116 -14.549394456830116 -14.549394456830116 -14.549394456830116 -14.549394456830116 -14.549394456830116 -14.549394456830116 -14.549394456830116 -14.549394456830116 -14.549394456830116
2.0351758793969847 -14.541482626676801 -14.541482626676801 -14.541482626676801 -14.541482626676801 -14.541482626676801 -14.541482626676801 -14.541482626676801 -14.541482626676801 -14.541482626676801 -14.541482626676801 -14.541482626676801 -14.541482626676801 -14.541482626676801
2.1105527638190953 -14.533570796523486 -14.533570796523486 -14.533570796523486 -14.533570796523486 -14.533570796523486 -14.533570796523486 -14.533570796523486 -14.533570796523486 -14.533570796523486 -14.533570796523486 -14.533570796523486 -14.533570796523486 -14.533570796523486
2.185929648241206 -14.52565896637017 -14.52565896637017 -14.52565896637017 -14.52565896637017 -14.52565896637017 -14.52565896637017 -14.52565896637017 -14.52565896637017 -14.52565896637017 -14.52565896637017 -14.52565896637017 -14.52565896637017 -14.52565896637017
2.2613065326633164 -14.517747136216855 -14.517747136216855 -14.517747136216855 -14.517747136216855 -14.517747136216855 -14.517747136216855 -14.517747136216855 -14.517747136216855 -14.517747136216855 -14.517747136216855 -14.517747136216855 -14.517747136216855 -14.517747136216855
2.336683417085427 -14.509835306063538 -14.509835306063538 -14.509835306063538 -14.509835306063538 -14.509835306063538 -14.509835306063538 -14.509835306063538 -14.509835306063538 -14.509835306063538 -14.509835306063538 -14.509835306063538 -14.509835306063538 -14.509835306063538
2.4120603015075375 -14.501923475910223 -14.501923475910223 -14.501923475910223 -14.501923475910223 -14.501923475910223 -14.501923475910223 -14.501923475910223 -14.501923475910223 -14.501923475910223 -14.501923475910223 -14.501923475910223 -14.501923475910223 -14.501923475910223
2.487437185929648 -14.494011645756906 -14.494011645756906 -14.494011645756906 -14.494011645756906 -14.494011645756906 -14.494011645756906 -14.494011645756906 -14.494011645756906 -14.494011645756906 -14.494011645756906 -14.494011645756906 -14.494011645756906 -14.494011645756906
2.5628140703517586 -14.486099815603591 -14.486099815603591 -14.486099815603591 -14.486099815603591 -14.486099815603591 -14.486099815603591 -14.486099815603591 -14.486099815603591 -14.486099815603591 -14.486099815603591 -14.486099815603591 -14.486099815603591 -14.486099815603591
2.638190954773869 -14.478187985450274 -14.478187985450274 -14.478187985450274 -14.478187985450274 -14.478187985450274 -14.478187985450274 -14.478187985450274 -14.478187985450274 -14.478187985450274 -14.478187985450274 -14.478187985450274 -14.478187985450274 -14.478187985450274
2.7135678391959797 -14.47027615529696 -14.47027615529696 -14.47027615529696 -14.47027615529696 -14.47027615529696 -14.47027615529696 -14.47027615529696 -14.47027615529696 -14.47027615529696 -14.47027615529696 -14.47027615529696 -14.47027615529696 -14.47027615529696
2.78894472361809 -14.462364325143644 -14.462364325143644 -14.462364325143644 -14.462364325143644 -14.462364325143644 -14.462364325143644 -14.462364325143644 -14.462364325143644 -14.462364325143644 -14.462364325143644 -14.462364325143644 -14.462364325143644 -14.462364325143644
2.8643216080402008 -14.454452494990328 -14.454452494990328 -14.454452494990328 -14.454452494990328 -14.454452494990328 -14.454452494990328 -14.454452494990328 -14.454452494990328 -14.454452494990328 -14.454452494990328 -14.454452494990328 -14.454452494990328 -14.454452494990328
2.9396984924623113 -14.446540664837013 -14.446540664837013 -14.446540664837013 -14.446540664837013 -14.446540664837013 -14.446540664837013 -14.446540664837013 -14.446540664837013 -14.446540664837013 -14.446540664837013 -14.446540664837013 -14.446540664837013 -14.446540664837013
3.015075376884422 -14.438628834683696 -14.438628834683696 -14.438628834683696 -14.438628834683696 -14.438628834683696 -14.438628834683696 -14.438628834683696 -14.438628834683696 -14.438628834683696 -14.438628834683696 -14.438628834683696 -14.438628834683696 -14.438628834683696
3.0904522613065324 -14.430717004530381 -14.430717004530381 -14.430717004530381 -14.430717004530381 -14.430717004530381 -14.430717004530381 -14.430717004530381 -14.430717004530381 -14.430717004530381 -14.430717004530381 -14.430717004530381 -14.430717004530381 -14.430717004530381
3.165829145728643 -14.422805174377064 -14.422805174377064 -14.422805174377064 -14.422805174377064 -14.422805174377064 -14.422805174377064 -14.422805174377064 -14.422805174377064 -14.422805174377064 -14.422805174377064 -14.422805174377064 -14.422805174377064 -14.422805174377064
3.2412060301507535 -14.41489334422375 -14.41489334422375 -14.41489334422375 -14.41489334422375 -14.41489334422375 -14.41489334422375 -14.41489334422375 -14.41489334422375 -14.41489334422375 -14.41489334422375 -14.41489334422375 -14.41489334422375 -14.41489334422375
3.316582914572864 -14.406981514070434 -14.406981514070434 -14.406981514070434 -14.406981514070434 -14.406981514070434 -14.406981514070434 -14.406981514070434 -14.406981514070434 -14.406981514070434 -14.406981514070434 -14.406981514070434 -14.406981514070434 -14.406981514070434
3.3919597989949746 -14.399069683917118 -14.399069683917118 -14.399069683917118 -14.399069683917118 -14.399069683917118 -14.399069683917118 -14.399069683917118 -14.399069683917118 -14.399069683917118 -14.399069683917118 -14.399069683917118 -14.399069683917118 -14.399069683917118
3.467336683417085 -14.391157853763803 -14.391157853763803 -14.391157853763803 -14.391157853763803 -14.391157853763803 -14.391157853763803 -14.391157853763803 -14.391157853763803 -14.391157853763803 -14.391157853763803 -14.391157853763803 -14.391157853763803 -14.391157853763803
3.5427135678391957 -14.383246023610486 -14.383246023610486 -14.383246023610486 -14.383246023610486 -14.383246023610486 -14.383246023610486 -14.383246023610486 -14.383246023610486 -14.383246023610486 -14.383246023610486 -14.383246023610486 -14.383246023610486 -14.383246023610486
3.618090452261306 -14.37533419345717 -14.37533419345717 -14.37533419345717 -14.37533419345717 -14.37533419345717 -14.37533419345717 -14.37533419345717 -14.37533419345717 -14.37533419345717 -14.37533419345717 -14.37533419345717 -14.37533419345717 -14.37533419345717
3.6934673366834168 -14.367422363303854 -14.367422363303854 -14.367422363303854 -14.367422363303854 -14.367422363303854 -14.367422363303854 -14.367422363303854 -14.367422363303854 -14.367422363303854 -14.367422363303854 -14.367422363303854 -14.367422363303854 -14.367422363303854
3.7688442211055273 -14.359510533150539 -14.359510533150539 -14.359510533150539 -14.359510533150539 -14.359510533150539 -14.359510533150539 -14.359510533150539 -14.359510533150539 -14.359510533150539 -14.359510533150539 -14.359510533150539 -14.359510533150539 -14.359510533150539
3.844221105527638 -14.351598702997222 -14.351598702997222 -14.351598702997222 -14.351598702997222 -14.351598702997222 -14.351598702997222 -14.351598702997222 -14.351598702997222 -14.351598702997222 -14.351598702997222 -14.351598702997222 -14.351598702997222 -14.351598702997222
3.9195979899497484 -14.343686872843907 -14.343686872843907 -14.343686872843907 -14.343686872843907 -14.343686872843907 -14.343686872843907 -14.343686872843907 -14.343686872843907 -14.343686872843907 -14.343686872843907 -14.343686872843907 -14.343686872843907 -14.343686872843907
3.994974874371859 -14.335775042690592 -14.335775042690592 -14.335775042690592 -14.335775042690592 -14.335775042690592 -14.335775042690592 -14.335775042690592 -14.335775042690592 -14.335775042690592 -14.335775042690592 -14.335775042690592 -14.335775042690592 -14.335775042690592
4.0703517587939695 -14.327863212537276 -14.327863212537276 -14.327863212537276 -14.327863212537276 -14.327863212537276 -14.327863212537276 -14.327863212537276 -14.327863212537276 -14.327863212537276 -14.327863212537276 -14.327863212537276 -14.327863212537276 -14.327863212537276
4.14572864321608 -14.31995138238396 -14.31995138238396 -14.31995138238396 -14.31995138238396 -14.31995138238396 -14.31995138238396 -14.31995138238396 -14.31995138238396 -14.31995138238396 -14.31995138238396 -14.31995138238396 -14.31995138238396 -14.31995138238396
4.221105527638191 -14.312039552230644 -14.312039552230644 -14.312039552230644 -14.312039552230644 -14.312039552230644 -14.312039552230644 -14.312039552230644 -14.312039552230644 -14.312039552230644 -14.312039552230644 -14.312039552230644 -14.312039552230644 -14.312039552230644
