web/models/linear/32/-14_755_0_048.dat
# %ECSV 1.0
# ---
# datatype:
# - {name: time, datatype: float64}
# - {name: swift_uvot_uvw2, datatype: float64}
# - {name: swift_uvot_uvm2, datatype: float64}
# - {name: swift_uvot_uvw1, datatype: float64}
# - {name: swift_uvot_U, datatype: float64}
# - {name: swift_uvot_B, datatype: float64}
# - {name: swift_uvot_V, datatype: float64}
# - {name: swift_uvot_W, datatype: float64}
# - {name: johnson_U, datatype: float64}
# - {name: johnson_B, datatype: float64}
# - {name: johnson_V, datatype: float64}
# - {name: johnson_R, datatype: float64}
# - {name: johnson_I, datatype: float64}
# - {name: sdss_u, datatype: float64}
# - {name: sdss_g, datatype: float64}
# - {name: sdss_r, datatype: float64}
# - {name: sdss_i, datatype: float64}
# - {name: sdss_z, datatype: float64}
# - {name: PS1_g, datatype: float64}
# - {name: PS1_r, datatype: float64}
# - {name: PS1_i, datatype: float64}
# - {name: PS1_z, datatype: float64}
# - {name: PS1_Y, datatype: float64}
# - {name: PS1_w, datatype: float64}
# - {name: ATLAS_c, datatype: float64}
# - {name: ATLAS_o, datatype: float64}
# - {name: ukirt_J, datatype: float64}
# - {name: ukirt_H, datatype: float64}
# - {name: ukirt_K, datatype: float64}
# - {name: Clear, datatype: float64}
# meta: !!omap
# - comment: [M=-14.755102040816327, dM=0.04832801721026124]
# schema: astropy-2.0
time swift_uvot_uvw2 swift_uvot_uvm2 swift_uvot_uvw1 swift_uvot_U swift_uvot_B swift_uvot_V swift_uvot_W johnson_U johnson_B johnson_V johnson_R johnson_I sdss_u sdss_g sdss_r sdss_i sdss_z PS1_g PS1_r PS1_i PS1_z PS1_Y PS1_w ATLAS_c ATLAS_o ukirt_J ukirt_H ukirt_K Clear
0.0 -14.755102040816327 -14.755102040816327 -14.755102040816327 -14.755102040816327 -14.755102040816327 -14.755102040816327 -14.755102040816327 -14.755102040816327 -14.755102040816327 -14.755102040816327 -14.755102040816327 -14.755102040816327 -14.755102040816327 -14.755102040816327 -14.755102040816327 -14.755102040816327 -14.755102040816327 -14.755102040816327 -14.755102040816327 -14.755102040816327 -14.755102040816327 -14.755102040816327 -14.755102040816327 -14.755102040816327 -14.755102040816327 -14.755102040816327 -14.755102040816327 -14.755102040816327 -14.755102040816327
0.07537688442211055 -14.75145922544872 -14.75145922544872 -14.75145922544872 -14.75145922544872 -14.75145922544872 -14.75145922544872 -14.75145922544872 -14.75145922544872 -14.75145922544872 -14.75145922544872 -14.75145922544872 -14.75145922544872 -14.75145922544872 -14.75145922544872 -14.75145922544872 -14.75145922544872 -14.75145922544872 -14.75145922544872 -14.75145922544872 -14.75145922544872 -14.75145922544872 -14.75145922544872 -14.75145922544872 -14.75145922544872 -14.75145922544872 -14.75145922544872 -14.75145922544872 -14.75145922544872 -14.75145922544872
0.1507537688442211 -14.747816410081112 -14.747816410081112 -14.747816410081112 -14.747816410081112 -14.747816410081112 -14.747816410081112 -14.747816410081112 -14.747816410081112 -14.747816410081112 -14.747816410081112 -14.747816410081112 -14.747816410081112 -14.747816410081112 -14.747816410081112 -14.747816410081112 -14.747816410081112 -14.747816410081112 -14.747816410081112 -14.747816410081112 -14.747816410081112 -14.747816410081112 -14.747816410081112 -14.747816410081112 -14.747816410081112 -14.747816410081112 -14.747816410081112 -14.747816410081112 -14.747816410081112 -14.747816410081112
0.22613065326633164 -14.744173594713505 -14.744173594713505 -14.744173594713505 -14.744173594713505 -14.744173594713505 -14.744173594713505 -14.744173594713505 -14.744173594713505 -14.744173594713505 -14.744173594713505 -14.744173594713505 -14.744173594713505 -14.744173594713505 -14.744173594713505 -14.744173594713505 -14.744173594713505 -14.744173594713505 -14.744173594713505 -14.744173594713505 -14.744173594713505 -14.744173594713505 -14.744173594713505 -14.744173594713505 -14.744173594713505 -14.744173594713505 -14.744173594713505 -14.744173594713505 -14.744173594713505 -14.744173594713505
0.3015075376884422 -14.740530779345896 -14.740530779345896 -14.740530779345896 -14.740530779345896 -14.740530779345896 -14.740530779345896 -14.740530779345896 -14.740530779345896 -14.740530779345896 -14.740530779345896 -14.740530779345896 -14.740530779345896 -14.740530779345896 -14.740530779345896 -14.740530779345896 -14.740530779345896 -14.740530779345896 -14.740530779345896 -14.740530779345896 -14.740530779345896 -14.740530779345896 -14.740530779345896 -14.740530779345896 -14.740530779345896 -14.740530779345896 -14.740530779345896 -14.740530779345896 -14.740530779345896 -14.740530779345896
0.37688442211055273 -14.736887963978289 -14.736887963978289 -14.736887963978289 -14.736887963978289 -14.736887963978289 -14.736887963978289 -14.736887963978289 -14.736887963978289 -14.736887963978289 -14.736887963978289 -14.736887963978289 -14.736887963978289 -14.736887963978289 -14.736887963978289 -14.736887963978289 -14.736887963978289 -14.736887963978289 -14.736887963978289 -14.736887963978289 -14.736887963978289 -14.736887963978289 -14.736887963978289 -14.736887963978289 -14.736887963978289 -14.736887963978289 -14.736887963978289 -14.736887963978289 -14.736887963978289 -14.736887963978289
0.4522613065326633 -14.733245148610681 -14.733245148610681 -14.733245148610681 -14.733245148610681 -14.733245148610681 -14.733245148610681 -14.733245148610681 -14.733245148610681 -14.733245148610681 -14.733245148610681 -14.733245148610681 -14.733245148610681 -14.733245148610681 -14.733245148610681 -14.733245148610681 -14.733245148610681 -14.733245148610681 -14.733245148610681 -14.733245148610681 -14.733245148610681 -14.733245148610681 -14.733245148610681 -14.733245148610681 -14.733245148610681 -14.733245148610681 -14.733245148610681 -14.733245148610681 -14.733245148610681 -14.733245148610681
0.5276381909547738 -14.729602333243074 -14.729602333243074 -14.729602333243074 -14.729602333243074 -14.729602333243074 -14.729602333243074 -14.729602333243074 -14.729602333243074 -14.729602333243074 -14.729602333243074 -14.729602333243074 -14.729602333243074 -14.729602333243074 -14.729602333243074 -14.729602333243074 -14.729602333243074 -14.729602333243074 -14.729602333243074 -14.729602333243074 -14.729602333243074 -14.729602333243074 -14.729602333243074 -14.729602333243074 -14.729602333243074 -14.729602333243074 -14.729602333243074 -14.729602333243074 -14.729602333243074 -14.729602333243074
0.6030150753768844 -14.725959517875467 -14.725959517875467 -14.725959517875467 -14.725959517875467 -14.725959517875467 -14.725959517875467 -14.725959517875467 -14.725959517875467 -14.725959517875467 -14.725959517875467 -14.725959517875467 -14.725959517875467 -14.725959517875467 -14.725959517875467 -14.725959517875467 -14.725959517875467 -14.725959517875467 -14.725959517875467 -14.725959517875467 -14.725959517875467 -14.725959517875467 -14.725959517875467 -14.725959517875467 -14.725959517875467 -14.725959517875467 -14.725959517875467 -14.725959517875467 -14.725959517875467 -14.725959517875467
0.6783919597989949 -14.72231670250786 -14.72231670250786 -14.72231670250786 -14.72231670250786 -14.72231670250786 -14.72231670250786 -14.72231670250786 -14.72231670250786 -14.72231670250786 -14.72231670250786 -14.72231670250786 -14.72231670250786 -14.72231670250786 -14.72231670250786 -14.72231670250786 -14.72231670250786 -14.72231670250786 -14.72231670250786 -14.72231670250786 -14.72231670250786 -14.72231670250786 -14.72231670250786 -14.72231670250786 -14.72231670250786 -14.72231670250786 -14.72231670250786 -14.72231670250786 -14.72231670250786 -14.72231670250786
0.7537688442211055 -14.71867388714025 -14.71867388714025 -14.71867388714025 -14.71867388714025 -14.71867388714025 -14.71867388714025 -14.71867388714025 -14.71867388714025 -14.71867388714025 -14.71867388714025 -14.71867388714025 -14.71867388714025 -14.71867388714025 -14.71867388714025 -14.71867388714025 -14.71867388714025 -14.71867388714025 -14.71867388714025 -14.71867388714025 -14.71867388714025 -14.71867388714025 -14.71867388714025 -14.71867388714025 -14.71867388714025 -14.71867388714025 -14.71867388714025 -14.71867388714025 -14.71867388714025 -14.71867388714025
0.829145728643216 -14.715031071772643 -14.715031071772643 -14.715031071772643 -14.715031071772643 -14.715031071772643 -14.715031071772643 -14.715031071772643 -14.715031071772643 -14.715031071772643 -14.715031071772643 -14.715031071772643 -14.715031071772643 -14.715031071772643 -14.715031071772643 -14.715031071772643 -14.715031071772643 -14.715031071772643 -14.715031071772643 -14.715031071772643 -14.715031071772643 -14.715031071772643 -14.715031071772643 -14.715031071772643 -14.715031071772643 -14.715031071772643 -14.715031071772643 -14.715031071772643 -14.715031071772643 -14.715031071772643
0.9045226130653266 -14.711388256405035 -14.711388256405035 -14.711388256405035 -14.711388256405035 -14.711388256405035 -14.711388256405035 -14.711388256405035 -14.711388256405035 -14.711388256405035 -14.711388256405035 -14.711388256405035 -14.711388256405035 -14.711388256405035 -14.711388256405035 -14.711388256405035 -14.711388256405035 -14.711388256405035 -14.711388256405035 -14.711388256405035 -14.711388256405035 -14.711388256405035 -14.711388256405035 -14.711388256405035 -14.711388256405035 -14.711388256405035 -14.711388256405035 -14.711388256405035 -14.711388256405035 -14.711388256405035
0.9798994974874371 -14.707745441037428 -14.707745441037428 -14.707745441037428 -14.707745441037428 -14.707745441037428 -14.707745441037428 -14.707745441037428 -14.707745441037428 -14.707745441037428 -14.707745441037428 -14.707745441037428 -14.707745441037428 -14.707745441037428 -14.707745441037428 -14.707745441037428 -14.707745441037428 -14.707745441037428 -14.707745441037428 -14.707745441037428 -14.707745441037428 -14.707745441037428 -14.707745441037428 -14.707745441037428 -14.707745441037428 -14.707745441037428 -14.707745441037428 -14.707745441037428 -14.707745441037428 -14.707745441037428
1.0552763819095476 -14.70410262566982 -14.70410262566982 -14.70410262566982 -14.70410262566982 -14.70410262566982 -14.70410262566982 -14.70410262566982 -14.70410262566982 -14.70410262566982 -14.70410262566982 -14.70410262566982 -14.70410262566982 -14.70410262566982 -14.70410262566982 -14.70410262566982 -14.70410262566982 -14.70410262566982 -14.70410262566982 -14.70410262566982 -14.70410262566982 -14.70410262566982 -14.70410262566982 -14.70410262566982 -14.70410262566982 -14.70410262566982 -14.70410262566982 -14.70410262566982 -14.70410262566982 -14.70410262566982
1.1306532663316582 -14.700459810302213 -14.700459810302213 -14.700459810302213 -14.700459810302213 -14.700459810302213 -14.700459810302213 -14.700459810302213 -14.700459810302213 -14.700459810302213 -14.700459810302213 -14.700459810302213 -14.700459810302213 -14.700459810302213 -14.700459810302213 -14.700459810302213 -14.700459810302213 -14.700459810302213 -14.700459810302213 -14.700459810302213 -14.700459810302213 -14.700459810302213 -14.700459810302213 -14.700459810302213 -14.700459810302213 -14.700459810302213 -14.700459810302213 -14.700459810302213 -14.700459810302213 -14.700459810302213
1.2060301507537687 -14.696816994934606 -14.696816994934606 -14.696816994934606 -14.696816994934606 -14.696816994934606 -14.696816994934606 -14.696816994934606 -14.696816994934606 -14.696816994934606 -14.696816994934606 -14.696816994934606 -14.696816994934606 -14.696816994934606 -14.696816994934606 -14.696816994934606 -14.696816994934606 -14.696816994934606 -14.696816994934606 -14.696816994934606 -14.696816994934606 -14.696816994934606 -14.696816994934606 -14.696816994934606 -14.696816994934606 -14.696816994934606 -14.696816994934606 -14.696816994934606 -14.696816994934606 -14.696816994934606
1.2814070351758793 -14.693174179566997 -14.693174179566997 -14.693174179566997 -14.693174179566997 -14.693174179566997 -14.693174179566997 -14.693174179566997 -14.693174179566997 -14.693174179566997 -14.693174179566997 -14.693174179566997 -14.693174179566997 -14.693174179566997 -14.693174179566997 -14.693174179566997 -14.693174179566997 -14.693174179566997 -14.693174179566997 -14.693174179566997 -14.693174179566997 -14.693174179566997 -14.693174179566997 -14.693174179566997 -14.693174179566997 -14.693174179566997 -14.693174179566997 -14.693174179566997 -14.693174179566997 -14.693174179566997
1.3567839195979898 -14.68953136419939 -14.68953136419939 -14.68953136419939 -14.68953136419939 -14.68953136419939 -14.68953136419939 -14.68953136419939 -14.68953136419939 -14.68953136419939 -14.68953136419939 -14.68953136419939 -14.68953136419939 -14.68953136419939 -14.68953136419939 -14.68953136419939 -14.68953136419939 -14.68953136419939 -14.68953136419939 -14.68953136419939 -14.68953136419939 -14.68953136419939 -14.68953136419939 -14.68953136419939 -14.68953136419939 -14.68953136419939 -14.68953136419939 -14.68953136419939 -14.68953136419939 -14.68953136419939
1.4321608040201004 -14.685888548831782 -14.685888548831782 -14.685888548831782 -14.685888548831782 -14.685888548831782 -14.685888548831782 -14.685888548831782 -14.685888548831782 -14.685888548831782 -14.685888548831782 -14.685888548831782 -14.685888548831782 -14.685888548831782 -14.685888548831782 -14.685888548831782 -14.685888548831782 -14.685888548831782 -14.685888548831782 -14.685888548831782 -14.685888548831782 -14.685888548831782 -14.685888548831782 -14.685888548831782 -14.685888548831782 -14.685888548831782 -14.685888548831782 -14.685888548831782 -14.685888548831782 -14.685888548831782
1.507537688442211 -14.682245733464175 -14.682245733464175 -14.682245733464175 -14.682245733464175 -14.682245733464175 -14.682245733464175 -14.682245733464175 -14.682245733464175 -14.682245733464175 -14.682245733464175 -14.682245733464175 -14.682245733464175 -14.682245733464175 -14.682245733464175 -14.682245733464175 -14.682245733464175 -14.682245733464175 -14.682245733464175 -14.682245733464175 -14.682245733464175 -14.682245733464175 -14.682245733464175 -14.682245733464175 -14.682245733464175 -14.682245733464175 -14.682245733464175 -14.682245733464175 -14.682245733464175 -14.682245733464175
1.5829145728643215 -14.678602918096567 -14.678602918096567 -14.678602918096567 -14.678602918096567 -14.678602918096567 -14.678602918096567 -14.678602918096567 -14.678602918096567 -14.678602918096567 -14.678602918096567 -14.678602918096567 -14.678602918096567 -14.678602918096567 -14.678602918096567 -14.678602918096567 -14.678602918096567 -14.678602918096567 -14.678602918096567 -14.678602918096567 -14.678602918096567 -14.678602918096567 -14.678602918096567 -14.678602918096567 -14.678602918096567 -14.678602918096567 -14.678602918096567 -14.678602918096567 -14.678602918096567 -14.678602918096567
1.658291457286432 -14.67496010272896 -14.67496010272896 -14.67496010272896 -14.67496010272896 -14.67496010272896 -14.67496010272896 -14.67496010272896 -14.67496010272896 -14.67496010272896 -14.67496010272896 -14.67496010272896 -14.67496010272896 -14.67496010272896 -14.67496010272896 -14.67496010272896 -14.67496010272896 -14.67496010272896 -14.67496010272896 -14.67496010272896 -14.67496010272896 -14.67496010272896 -14.67496010272896 -14.67496010272896 -14.67496010272896 -14.67496010272896 -14.67496010272896 -14.67496010272896 -14.67496010272896 -14.67496010272896
1.7336683417085426 -14.67131728736135 -14.67131728736135 -14.67131728736135 -14.67131728736135 -14.67131728736135 -14.67131728736135 -14.67131728736135 -14.67131728736135 -14.67131728736135 -14.67131728736135 -14.67131728736135 -14.67131728736135 -14.67131728736135 -14.67131728736135 -14.67131728736135 -14.67131728736135 -14.67131728736135 -14.67131728736135 -14.67131728736135 -14.67131728736135 -14.67131728736135 -14.67131728736135 -14.67131728736135 -14.67131728736135 -14.67131728736135 -14.67131728736135 -14.67131728736135 -14.67131728736135 -14.67131728736135
1.809045226130653 -14.667674471993744 -14.667674471993744 -14.667674471993744 -14.667674471993744 -14.667674471993744 -14.667674471993744 -14.667674471993744 -14.667674471993744 -14.667674471993744 -14.667674471993744 -14.667674471993744 -14.667674471993744 -14.667674471993744 -14.667674471993744 -14.667674471993744 -14.667674471993744 -14.667674471993744 -14.667674471993744 -14.667674471993744 -14.667674471993744 -14.667674471993744 -14.667674471993744 -14.667674471993744 -14.667674471993744 -14.667674471993744 -14.667674471993744 -14.667674471993744 -14.667674471993744 -14.667674471993744
1.8844221105527637 -14.664031656626136 -14.664031656626136 -14.664031656626136 -14.664031656626136 -14.664031656626136 -14.664031656626136 -14.664031656626136 -14.664031656626136 -14.664031656626136 -14.664031656626136 -14.664031656626136 -14.664031656626136 -14.664031656626136 -14.664031656626136 -14.664031656626136 -14.664031656626136 -14.664031656626136 -14.664031656626136 -14.664031656626136 -14.664031656626136 -14.664031656626136 -14.664031656626136 -14.664031656626136 -14.664031656626136 -14.664031656626136 -14.664031656626136 -14.664031656626136 -14.664031656626136 -14.664031656626136
1.9597989949748742 -14.660388841258529 -14.660388841258529 -14.660388841258529 -14.660388841258529 -14.660388841258529 -14.660388841258529 -14.660388841258529 -14.660388841258529 -14.660388841258529 -14.660388841258529 -14.660388841258529 -14.660388841258529 -14.660388841258529 -14.660388841258529 -14.660388841258529 -14.660388841258529 -14.660388841258529 -14.660388841258529 -14.660388841258529 -14.660388841258529 -14.660388841258529 -14.660388841258529 -14.660388841258529 -14.660388841258529 -14.660388841258529 -14.660388841258529 -14.660388841258529 -14.660388841258529 -14.660388841258529
