web/models/linear/32/-14_755_0_077.dat
# %ECSV 1.0
# ---
# datatype:
# - {name: time, datatype: float64}
# - {name: sdss_u, datatype: float64}
# - {name: sdss_g, datatype: float64}
# - {name: sdss_r, datatype: float64}
# - {name: sdss_i, datatype: float64}
# - {name: sdss_z, datatype: float64}
# - {name: Clear, datatype: float64}
# - {name: johnson_B, datatype: float64}
# - {name: johnson_V, datatype: float64}
# - {name: johnson_R, datatype: float64}
# - {name: johnson_I, datatype: float64}
# - {name: ukirt_J, datatype: float64}
# - {name: ukirt_H, datatype: float64}
# - {name: ukirt_K, datatype: float64}
# meta: !!omap
# - comment: [M=-14.755102040816327, dM=0.07696669794067013]
# schema: astropy-2.0
time sdss_u sdss_g sdss_r sdss_i sdss_z Clear johnson_B johnson_V johnson_R johnson_I ukirt_J ukirt_H ukirt_K
[from data line 117]
8.819095477386934 -14.076325383098357 -14.076325383098357 -14.076325383098357 -14.076325383098357 -14.076325383098357 -14.076325383098357 -14.076325383098357 -14.076325383098357 -14.076325383098357 -14.076325383098357 -14.076325383098357 -14.076325383098357 -14.076325383098357
8.894472361809044 -14.070523873203332 -14.070523873203332 -14.070523873203332 -14.070523873203332 -14.070523873203332 -14.070523873203332 -14.070523873203332 -14.070523873203332 -14.070523873203332 -14.070523873203332 -14.070523873203332 -14.070523873203332 -14.070523873203332
8.969849246231155 -14.064722363308306 -14.064722363308306 -14.064722363308306 -14.064722363308306 -14.064722363308306 -14.064722363308306 -14.064722363308306 -14.064722363308306 -14.064722363308306 -14.064722363308306 -14.064722363308306 -14.064722363308306 -14.064722363308306
9.045226130653266 -14.05892085341328 -14.05892085341328 -14.05892085341328 -14.05892085341328 -14.05892085341328 -14.05892085341328 -14.05892085341328 -14.05892085341328 -14.05892085341328 -14.05892085341328 -14.05892085341328 -14.05892085341328 -14.05892085341328
9.120603015075377 -14.053119343518256 -14.053119343518256 -14.053119343518256 -14.053119343518256 -14.053119343518256 -14.053119343518256 -14.053119343518256 -14.053119343518256 -14.053119343518256 -14.053119343518256 -14.053119343518256 -14.053119343518256 -14.053119343518256
9.195979899497488 -14.04731783362323 -14.04731783362323 -14.04731783362323 -14.04731783362323 -14.04731783362323 -14.04731783362323 -14.04731783362323 -14.04731783362323 -14.04731783362323 -14.04731783362323 -14.04731783362323 -14.04731783362323 -14.04731783362323
9.271356783919597 -14.041516323728205 -14.041516323728205 -14.041516323728205 -14.041516323728205 -14.041516323728205 -14.041516323728205 -14.041516323728205 -14.041516323728205 -14.041516323728205 -14.041516323728205 -14.041516323728205 -14.041516323728205 -14.041516323728205
9.346733668341708 -14.035714813833179 -14.035714813833179 -14.035714813833179 -14.035714813833179 -14.035714813833179 -14.035714813833179 -14.035714813833179 -14.035714813833179 -14.035714813833179 -14.035714813833179 -14.035714813833179 -14.035714813833179 -14.035714813833179
9.422110552763819 -14.029913303938153 -14.029913303938153 -14.029913303938153 -14.029913303938153 -14.029913303938153 -14.029913303938153 -14.029913303938153 -14.029913303938153 -14.029913303938153 -14.029913303938153 -14.029913303938153 -14.029913303938153 -14.029913303938153
9.497487437185928 -14.02411179404313 -14.02411179404313 -14.02411179404313 -14.02411179404313 -14.02411179404313 -14.02411179404313 -14.02411179404313 -14.02411179404313 -14.02411179404313 -14.02411179404313 -14.02411179404313 -14.02411179404313 -14.02411179404313
9.572864321608039 -14.018310284148104 -14.018310284148104 -14.018310284148104 -14.018310284148104 -14.018310284148104 -14.018310284148104 -14.018310284148104 -14.018310284148104 -14.018310284148104 -14.018310284148104 -14.018310284148104 -14.018310284148104 -14.018310284148104
9.64824120603015 -14.012508774253078 -14.012508774253078 -14.012508774253078 -14.012508774253078 -14.012508774253078 -14.012508774253078 -14.012508774253078 -14.012508774253078 -14.012508774253078 -14.012508774253078 -14.012508774253078 -14.012508774253078 -14.012508774253078
9.72361809045226 -14.006707264358052 -14.006707264358052 -14.006707264358052 -14.006707264358052 -14.006707264358052 -14.006707264358052 -14.006707264358052 -14.006707264358052 -14.006707264358052 -14.006707264358052 -14.006707264358052 -14.006707264358052 -14.006707264358052
9.798994974874372 -14.000905754463027 -14.000905754463027 -14.000905754463027 -14.000905754463027 -14.000905754463027 -14.000905754463027 -14.000905754463027 -14.000905754463027 -14.000905754463027 -14.000905754463027 -14.000905754463027 -14.000905754463027 -14.000905754463027
9.874371859296481 -13.995104244568001 -13.995104244568001 -13.995104244568001 -13.995104244568001 -13.995104244568001 -13.995104244568001 -13.995104244568001 -13.995104244568001 -13.995104244568001 -13.995104244568001 -13.995104244568001 -13.995104244568001 -13.995104244568001
9.949748743718592 -13.989302734672977 -13.989302734672977 -13.989302734672977 -13.989302734672977 -13.989302734672977 -13.989302734672977 -13.989302734672977 -13.989302734672977 -13.989302734672977 -13.989302734672977 -13.989302734672977 -13.989302734672977 -13.989302734672977
10.025125628140703 -13.983501224777951 -13.983501224777951 -13.983501224777951 -13.983501224777951 -13.983501224777951 -13.983501224777951 -13.983501224777951 -13.983501224777951 -13.983501224777951 -13.983501224777951 -13.983501224777951 -13.983501224777951 -13.983501224777951
10.100502512562812 -13.977699714882926 -13.977699714882926 -13.977699714882926 -13.977699714882926 -13.977699714882926 -13.977699714882926 -13.977699714882926 -13.977699714882926 -13.977699714882926 -13.977699714882926 -13.977699714882926 -13.977699714882926 -13.977699714882926
10.175879396984923 -13.9718982049879 -13.9718982049879 -13.9718982049879 -13.9718982049879 -13.9718982049879 -13.9718982049879 -13.9718982049879 -13.9718982049879 -13.9718982049879 -13.9718982049879 -13.9718982049879 -13.9718982049879 -13.9718982049879
10.251256281407034 -13.966096695092874 -13.966096695092874 -13.966096695092874 -13.966096695092874 -13.966096695092874 -13.966096695092874 -13.966096695092874 -13.966096695092874 -13.966096695092874 -13.966096695092874 -13.966096695092874 -13.966096695092874 -13.966096695092874
10.326633165829145 -13.960295185197849 -13.960295185197849 -13.960295185197849 -13.960295185197849 -13.960295185197849 -13.960295185197849 -13.960295185197849 -13.960295185197849 -13.960295185197849 -13.960295185197849 -13.960295185197849 -13.960295185197849 -13.960295185197849
10.402010050251256 -13.954493675302825 -13.954493675302825 -13.954493675302825 -13.954493675302825 -13.954493675302825 -13.954493675302825 -13.954493675302825 -13.954493675302825 -13.954493675302825 -13.954493675302825 -13.954493675302825 -13.954493675302825 -13.954493675302825
10.477386934673365 -13.948692165407799 -13.948692165407799 -13.948692165407799 -13.948692165407799 -13.948692165407799 -13.948692165407799 -13.948692165407799 -13.948692165407799 -13.948692165407799 -13.948692165407799 -13.948692165407799 -13.948692165407799 -13.948692165407799
10.552763819095476 -13.942890655512773 -13.942890655512773 -13.942890655512773 -13.942890655512773 -13.942890655512773 -13.942890655512773 -13.942890655512773 -13.942890655512773 -13.942890655512773 -13.942890655512773 -13.942890655512773 -13.942890655512773 -13.942890655512773
10.628140703517587 -13.937089145617747 -13.937089145617747 -13.937089145617747 -13.937089145617747 -13.937089145617747 -13.937089145617747 -13.937089145617747 -13.937089145617747 -13.937089145617747 -13.937089145617747 -13.937089145617747 -13.937089145617747 -13.937089145617747
10.703517587939697 -13.931287635722722 -13.931287635722722 -13.931287635722722 -13.931287635722722 -13.931287635722722 -13.931287635722722 -13.931287635722722 -13.931287635722722 -13.931287635722722 -13.931287635722722 -13.931287635722722 -13.931287635722722 -13.931287635722722
10.778894472361808 -13.925486125827696 -13.925486125827696 -13.925486125827696 -13.925486125827696 -13.925486125827696 -13.925486125827696 -13.925486125827696 -13.925486125827696 -13.925486125827696 -13.925486125827696 -13.925486125827696 -13.925486125827696 -13.925486125827696
10.854271356783919 -13.919684615932672 -13.919684615932672 -13.919684615932672 -13.919684615932672 -13.919684615932672 -13.919684615932672 -13.919684615932672 -13.919684615932672 -13.919684615932672 -13.919684615932672 -13.919684615932672 -13.919684615932672 -13.919684615932672
10.92964824120603 -13.913883106037646 -13.913883106037646 -13.913883106037646 -13.913883106037646 -13.913883106037646 -13.913883106037646 -13.913883106037646 -13.913883106037646 -13.913883106037646 -13.913883106037646 -13.913883106037646 -13.913883106037646 -13.913883106037646
11.00502512562814 -13.90808159614262 -13.90808159614262 -13.90808159614262 -13.90808159614262 -13.90808159614262 -13.90808159614262 -13.90808159614262 -13.90808159614262 -13.90808159614262 -13.90808159614262 -13.90808159614262 -13.90808159614262 -13.90808159614262
11.08040201005025 -13.902280086247595 -13.902280086247595 -13.902280086247595 -13.902280086247595 -13.902280086247595 -13.902280086247595 -13.902280086247595 -13.902280086247595 -13.902280086247595 -13.902280086247595 -13.902280086247595 -13.902280086247595 -13.902280086247595
11.15577889447236 -13.89647857635257 -13.89647857635257 -13.89647857635257 -13.89647857635257 -13.89647857635257 -13.89647857635257 -13.89647857635257 -13.89647857635257 -13.89647857635257 -13.89647857635257 -13.89647857635257 -13.89647857635257 -13.89647857635257
11.231155778894472 -13.890677066457545 -13.890677066457545 -13.890677066457545 -13.890677066457545 -13.890677066457545 -13.890677066457545 -13.890677066457545 -13.890677066457545 -13.890677066457545 -13.890677066457545 -13.890677066457545 -13.890677066457545 -13.890677066457545
11.306532663316581 -13.88487555656252 -13.88487555656252 -13.88487555656252 -13.88487555656252 -13.88487555656252 -13.88487555656252 -13.88487555656252 -13.88487555656252 -13.88487555656252 -13.88487555656252 -13.88487555656252 -13.88487555656252 -13.88487555656252
11.381909547738692 -13.879074046667494 -13.879074046667494 -13.879074046667494 -13.879074046667494 -13.879074046667494 -13.879074046667494 -13.879074046667494 -13.879074046667494 -13.879074046667494 -13.879074046667494 -13.879074046667494 -13.879074046667494 -13.879074046667494
11.457286432160803 -13.873272536772468 -13.873272536772468 -13.873272536772468 -13.873272536772468 -13.873272536772468 -13.873272536772468 -13.873272536772468 -13.873272536772468 -13.873272536772468 -13.873272536772468 -13.873272536772468 -13.873272536772468 -13.873272536772468
11.532663316582914 -13.867471026877443 -13.867471026877443 -13.867471026877443 -13.867471026877443 -13.867471026877443 -13.867471026877443 -13.867471026877443 -13.867471026877443 -13.867471026877443 -13.867471026877443 -13.867471026877443 -13.867471026877443 -13.867471026877443
11.608040201005025 -13.861669516982417 -13.861669516982417 -13.861669516982417 -13.861669516982417 -13.861669516982417 -13.861669516982417 -13.861669516982417 -13.861669516982417 -13.861669516982417 -13.861669516982417 -13.861669516982417 -13.861669516982417 -13.861669516982417
11.683417085427134 -13.855868007087393 -13.855868007087393 -13.855868007087393 -13.855868007087393 -13.855868007087393 -13.855868007087393 -13.855868007087393 -13.855868007087393 -13.855868007087393 -13.855868007087393 -13.855868007087393 -13.855868007087393 -13.855868007087393
11.758793969849245 -13.850066497192367 -13.850066497192367 -13.850066497192367 -13.850066497192367 -13.850066497192367 -13.850066497192367 -13.850066497192367 -13.850066497192367 -13.850066497192367 -13.850066497192367 -13.850066497192367 -13.850066497192367 -13.850066497192367
11.834170854271356 -13.844264987297342 -13.844264987297342 -13.844264987297342 -13.844264987297342 -13.844264987297342 -13.844264987297342 -13.844264987297342 -13.844264987297342 -13.844264987297342 -13.844264987297342 -13.844264987297342 -13.844264987297342 -13.844264987297342
11.909547738693465 -13.838463477402316 -13.838463477402316 -13.838463477402316 -13.838463477402316 -13.838463477402316 -13.838463477402316 -13.838463477402316 -13.838463477402316 -13.838463477402316 -13.838463477402316 -13.838463477402316 -13.838463477402316 -13.838463477402316
11.984924623115576 -13.83266196750729 -13.83266196750729 -13.83266196750729 -13.83266196750729 -13.83266196750729 -13.83266196750729 -13.83266196750729 -13.83266196750729 -13.83266196750729 -13.83266196750729 -13.83266196750729 -13.83266196750729 -13.83266196750729
12.060301507537687 -13.826860457612266 -13.826860457612266 -13.826860457612266 -13.826860457612266 -13.826860457612266 -13.826860457612266 -13.826860457612266 -13.826860457612266 -13.826860457612266 -13.826860457612266 -13.826860457612266 -13.826860457612266 -13.826860457612266
12.135678391959798 -13.82105894771724 -13.82105894771724 -13.82105894771724 -13.82105894771724 -13.82105894771724 -13.82105894771724 -13.82105894771724 -13.82105894771724 -13.82105894771724 -13.82105894771724 -13.82105894771724 -13.82105894771724 -13.82105894771724
12.21105527638191 -13.815257437822215 -13.815257437822215 -13.815257437822215 -13.815257437822215 -13.815257437822215 -13.815257437822215 -13.815257437822215 -13.815257437822215 -13.815257437822215 -13.815257437822215 -13.815257437822215 -13.815257437822215 -13.815257437822215
12.286432160804019 -13.80945592792719 -13.80945592792719 -13.80945592792719 -13.80945592792719 -13.80945592792719 -13.80945592792719 -13.80945592792719 -13.80945592792719 -13.80945592792719 -13.80945592792719 -13.80945592792719 -13.80945592792719 -13.80945592792719
12.36180904522613 -13.803654418032163 -13.803654418032163 -13.803654418032163 -13.803654418032163 -13.803654418032163 -13.803654418032163 -13.803654418032163 -13.803654418032163 -13.803654418032163 -13.803654418032163 -13.803654418032163 -13.803654418032163 -13.803654418032163
12.43718592964824 -13.797852908137138 -13.797852908137138 -13.797852908137138 -13.797852908137138 -13.797852908137138 -13.797852908137138 -13.797852908137138 -13.797852908137138 -13.797852908137138 -13.797852908137138 -13.797852908137138 -13.797852908137138 -13.797852908137138
12.51256281407035 -13.792051398242114 -13.792051398242114 -13.792051398242114 -13.792051398242114 -13.792051398242114 -13.792051398242114 -13.792051398242114 -13.792051398242114 -13.792051398242114 -13.792051398242114 -13.792051398242114 -13.792051398242114 -13.792051398242114
12.58793969849246 -13.786249888347088 -13.786249888347088 -13.786249888347088 -13.786249888347088 -13.786249888347088 -13.786249888347088 -13.786249888347088 -13.786249888347088 -13.786249888347088 -13.786249888347088 -13.786249888347088 -13.786249888347088 -13.786249888347088
12.663316582914572 -13.780448378452062 -13.780448378452062 -13.780448378452062 -13.780448378452062 -13.780448378452062 -13.780448378452062 -13.780448378452062 -13.780448378452062 -13.780448378452062 -13.780448378452062 -13.780448378452062 -13.780448378452062 -13.780448378452062
12.738693467336683 -13.774646868557037 -13.774646868557037 -13.774646868557037 -13.774646868557037 -13.774646868557037 -13.774646868557037 -13.774646868557037 -13.774646868557037 -13.774646868557037 -13.774646868557037 -13.774646868557037 -13.774646868557037 -13.774646868557037
12.814070351758794 -13.768845358662011 -13.768845358662011 -13.768845358662011 -13.768845358662011 -13.768845358662011 -13.768845358662011 -13.768845358662011 -13.768845358662011 -13.768845358662011 -13.768845358662011 -13.768845358662011 -13.768845358662011 -13.768845358662011
12.889447236180903 -13.763043848766987 -13.763043848766987 -13.763043848766987 -13.763043848766987 -13.763043848766987 -13.763043848766987 -13.763043848766987 -13.763043848766987 -13.763043848766987 -13.763043848766987 -13.763043848766987 -13.763043848766987 -13.763043848766987
12.964824120603014 -13.757242338871961 -13.757242338871961 -13.757242338871961 -13.757242338871961 -13.757242338871961 -13.757242338871961 -13.757242338871961 -13.757242338871961 -13.757242338871961 -13.757242338871961 -13.757242338871961 -13.757242338871961 -13.757242338871961
13.040201005025125 -13.751440828976936 -13.751440828976936 -13.751440828976936 -13.751440828976936 -13.751440828976936 -13.751440828976936 -13.751440828976936 -13.751440828976936 -13.751440828976936 -13.751440828976936 -13.751440828976936 -13.751440828976936 -13.751440828976936
