web/models/linear/32/-14_755_0_056.dat
# %ECSV 1.0
# ---
# datatype:
# - {name: time, datatype: float64}
# - {name: swift_uvot_uvw2, datatype: float64}
# - {name: swift_uvot_uvm2, datatype: float64}
# - {name: swift_uvot_uvw1, datatype: float64}
# - {name: swift_uvot_U, datatype: float64}
# - {name: swift_uvot_B, datatype: float64}
# - {name: swift_uvot_V, datatype: float64}
# - {name: swift_uvot_W, datatype: float64}
# - {name: johnson_U, datatype: float64}
# - {name: johnson_B, datatype: float64}
# - {name: johnson_V, datatype: float64}
# - {name: johnson_R, datatype: float64}
# - {name: johnson_I, datatype: float64}
# - {name: sdss_u, datatype: float64}
# - {name: sdss_g, datatype: float64}
# - {name: sdss_r, datatype: float64}
# - {name: sdss_i, datatype: float64}
# - {name: sdss_z, datatype: float64}
# - {name: PS1_g, datatype: float64}
# - {name: PS1_r, datatype: float64}
# - {name: PS1_i, datatype: float64}
# - {name: PS1_z, datatype: float64}
# - {name: PS1_Y, datatype: float64}
# - {name: PS1_w, datatype: float64}
# - {name: ATLAS_c, datatype: float64}
# - {name: ATLAS_o, datatype: float64}
# - {name: ukirt_J, datatype: float64}
# - {name: ukirt_H, datatype: float64}
# - {name: ukirt_K, datatype: float64}
# - {name: Clear, datatype: float64}
# meta: !!omap
# - comment: [M=-14.755102040816327, dM=0.05643739198611264]
# schema: astropy-2.0
time swift_uvot_uvw2 swift_uvot_uvm2 swift_uvot_uvw1 swift_uvot_U swift_uvot_B swift_uvot_V swift_uvot_W johnson_U johnson_B johnson_V johnson_R johnson_I sdss_u sdss_g sdss_r sdss_i sdss_z PS1_g PS1_r PS1_i PS1_z PS1_Y PS1_w ATLAS_c ATLAS_o ukirt_J ukirt_H ukirt_K Clear
[from data line 81]
6.105527638190955 -14.4105219842177 -14.4105219842177 -14.4105219842177 -14.4105219842177 -14.4105219842177 -14.4105219842177 -14.4105219842177 -14.4105219842177 -14.4105219842177 -14.4105219842177 -14.4105219842177 -14.4105219842177 -14.4105219842177 -14.4105219842177 -14.4105219842177 -14.4105219842177 -14.4105219842177 -14.4105219842177 -14.4105219842177 -14.4105219842177 -14.4105219842177 -14.4105219842177 -14.4105219842177 -14.4105219842177 -14.4105219842177 -14.4105219842177 -14.4105219842177 -14.4105219842177 -14.4105219842177
6.180904522613065 -14.406267909444876 -14.406267909444876 -14.406267909444876 -14.406267909444876 -14.406267909444876 -14.406267909444876 -14.406267909444876 -14.406267909444876 -14.406267909444876 -14.406267909444876 -14.406267909444876 -14.406267909444876 -14.406267909444876 -14.406267909444876 -14.406267909444876 -14.406267909444876 -14.406267909444876 -14.406267909444876 -14.406267909444876 -14.406267909444876 -14.406267909444876 -14.406267909444876 -14.406267909444876 -14.406267909444876 -14.406267909444876 -14.406267909444876 -14.406267909444876 -14.406267909444876 -14.406267909444876
6.256281407035175 -14.402013834672054 -14.402013834672054 -14.402013834672054 -14.402013834672054 -14.402013834672054 -14.402013834672054 -14.402013834672054 -14.402013834672054 -14.402013834672054 -14.402013834672054 -14.402013834672054 -14.402013834672054 -14.402013834672054 -14.402013834672054 -14.402013834672054 -14.402013834672054 -14.402013834672054 -14.402013834672054 -14.402013834672054 -14.402013834672054 -14.402013834672054 -14.402013834672054 -14.402013834672054 -14.402013834672054 -14.402013834672054 -14.402013834672054 -14.402013834672054 -14.402013834672054 -14.402013834672054
6.331658291457286 -14.397759759899232 -14.397759759899232 -14.397759759899232 -14.397759759899232 -14.397759759899232 -14.397759759899232 -14.397759759899232 -14.397759759899232 -14.397759759899232 -14.397759759899232 -14.397759759899232 -14.397759759899232 -14.397759759899232 -14.397759759899232 -14.397759759899232 -14.397759759899232 -14.397759759899232 -14.397759759899232 -14.397759759899232 -14.397759759899232 -14.397759759899232 -14.397759759899232 -14.397759759899232 -14.397759759899232 -14.397759759899232 -14.397759759899232 -14.397759759899232 -14.397759759899232 -14.397759759899232
6.407035175879397 -14.39350568512641 -14.39350568512641 -14.39350568512641 -14.39350568512641 -14.39350568512641 -14.39350568512641 -14.39350568512641 -14.39350568512641 -14.39350568512641 -14.39350568512641 -14.39350568512641 -14.39350568512641 -14.39350568512641 -14.39350568512641 -14.39350568512641 -14.39350568512641 -14.39350568512641 -14.39350568512641 -14.39350568512641 -14.39350568512641 -14.39350568512641 -14.39350568512641 -14.39350568512641 -14.39350568512641 -14.39350568512641 -14.39350568512641 -14.39350568512641 -14.39350568512641 -14.39350568512641
6.482412060301507 -14.389251610353586 -14.389251610353586 -14.389251610353586 -14.389251610353586 -14.389251610353586 -14.389251610353586 -14.389251610353586 -14.389251610353586 -14.389251610353586 -14.389251610353586 -14.389251610353586 -14.389251610353586 -14.389251610353586 -14.389251610353586 -14.389251610353586 -14.389251610353586 -14.389251610353586 -14.389251610353586 -14.389251610353586 -14.389251610353586 -14.389251610353586 -14.389251610353586 -14.389251610353586 -14.389251610353586 -14.389251610353586 -14.389251610353586 -14.389251610353586 -14.389251610353586 -14.389251610353586
6.557788944723617 -14.384997535580764 -14.384997535580764 -14.384997535580764 -14.384997535580764 -14.384997535580764 -14.384997535580764 -14.384997535580764 -14.384997535580764 -14.384997535580764 -14.384997535580764 -14.384997535580764 -14.384997535580764 -14.384997535580764 -14.384997535580764 -14.384997535580764 -14.384997535580764 -14.384997535580764 -14.384997535580764 -14.384997535580764 -14.384997535580764 -14.384997535580764 -14.384997535580764 -14.384997535580764 -14.384997535580764 -14.384997535580764 -14.384997535580764 -14.384997535580764 -14.384997535580764 -14.384997535580764
6.633165829145728 -14.380743460807942 -14.380743460807942 -14.380743460807942 -14.380743460807942 -14.380743460807942 -14.380743460807942 -14.380743460807942 -14.380743460807942 -14.380743460807942 -14.380743460807942 -14.380743460807942 -14.380743460807942 -14.380743460807942 -14.380743460807942 -14.380743460807942 -14.380743460807942 -14.380743460807942 -14.380743460807942 -14.380743460807942 -14.380743460807942 -14.380743460807942 -14.380743460807942 -14.380743460807942 -14.380743460807942 -14.380743460807942 -14.380743460807942 -14.380743460807942 -14.380743460807942 -14.380743460807942
6.708542713567839 -14.37648938603512 -14.37648938603512 -14.37648938603512 -14.37648938603512 -14.37648938603512 -14.37648938603512 -14.37648938603512 -14.37648938603512 -14.37648938603512 -14.37648938603512 -14.37648938603512 -14.37648938603512 -14.37648938603512 -14.37648938603512 -14.37648938603512 -14.37648938603512 -14.37648938603512 -14.37648938603512 -14.37648938603512 -14.37648938603512 -14.37648938603512 -14.37648938603512 -14.37648938603512 -14.37648938603512 -14.37648938603512 -14.37648938603512 -14.37648938603512 -14.37648938603512 -14.37648938603512
6.783919597989949 -14.372235311262298 -14.372235311262298 -14.372235311262298 -14.372235311262298 -14.372235311262298 -14.372235311262298 -14.372235311262298 -14.372235311262298 -14.372235311262298 -14.372235311262298 -14.372235311262298 -14.372235311262298 -14.372235311262298 -14.372235311262298 -14.372235311262298 -14.372235311262298 -14.372235311262298 -14.372235311262298 -14.372235311262298 -14.372235311262298 -14.372235311262298 -14.372235311262298 -14.372235311262298 -14.372235311262298 -14.372235311262298 -14.372235311262298 -14.372235311262298 -14.372235311262298 -14.372235311262298
6.859296482412059 -14.367981236489474 -14.367981236489474 -14.367981236489474 -14.367981236489474 -14.367981236489474 -14.367981236489474 -14.367981236489474 -14.367981236489474 -14.367981236489474 -14.367981236489474 -14.367981236489474 -14.367981236489474 -14.367981236489474 -14.367981236489474 -14.367981236489474 -14.367981236489474 -14.367981236489474 -14.367981236489474 -14.367981236489474 -14.367981236489474 -14.367981236489474 -14.367981236489474 -14.367981236489474 -14.367981236489474 -14.367981236489474 -14.367981236489474 -14.367981236489474 -14.367981236489474 -14.367981236489474
6.93467336683417 -14.363727161716652 -14.363727161716652 -14.363727161716652 -14.363727161716652 -14.363727161716652 -14.363727161716652 -14.363727161716652 -14.363727161716652 -14.363727161716652 -14.363727161716652 -14.363727161716652 -14.363727161716652 -14.363727161716652 -14.363727161716652 -14.363727161716652 -14.363727161716652 -14.363727161716652 -14.363727161716652 -14.363727161716652 -14.363727161716652 -14.363727161716652 -14.363727161716652 -14.363727161716652 -14.363727161716652 -14.363727161716652 -14.363727161716652 -14.363727161716652 -14.363727161716652 -14.363727161716652
7.010050251256281 -14.35947308694383 -14.35947308694383 -14.35947308694383 -14.35947308694383 -14.35947308694383 -14.35947308694383 -14.35947308694383 -14.35947308694383 -14.35947308694383 -14.35947308694383 -14.35947308694383 -14.35947308694383 -14.35947308694383 -14.35947308694383 -14.35947308694383 -14.35947308694383 -14.35947308694383 -14.35947308694383 -14.35947308694383 -14.35947308694383 -14.35947308694383 -14.35947308694383 -14.35947308694383 -14.35947308694383 -14.35947308694383 -14.35947308694383 -14.35947308694383 -14.35947308694383 -14.35947308694383
7.085427135678391 -14.355219012171007 -14.355219012171007 -14.355219012171007 -14.355219012171007 -14.355219012171007 -14.355219012171007 -14.355219012171007 -14.355219012171007 -14.355219012171007 -14.355219012171007 -14.355219012171007 -14.355219012171007 -14.355219012171007 -14.355219012171007 -14.355219012171007 -14.355219012171007 -14.355219012171007 -14.355219012171007 -14.355219012171007 -14.355219012171007 -14.355219012171007 -14.355219012171007 -14.355219012171007 -14.355219012171007 -14.355219012171007 -14.355219012171007 -14.355219012171007 -14.355219012171007 -14.355219012171007
7.160804020100501 -14.350964937398183 -14.350964937398183 -14.350964937398183 -14.350964937398183 -14.350964937398183 -14.350964937398183 -14.350964937398183 -14.350964937398183 -14.350964937398183 -14.350964937398183 -14.350964937398183 -14.350964937398183 -14.350964937398183 -14.350964937398183 -14.350964937398183 -14.350964937398183 -14.350964937398183 -14.350964937398183 -14.350964937398183 -14.350964937398183 -14.350964937398183 -14.350964937398183 -14.350964937398183 -14.350964937398183 -14.350964937398183 -14.350964937398183 -14.350964937398183 -14.350964937398183 -14.350964937398183
7.236180904522612 -14.346710862625361 -14.346710862625361 -14.346710862625361 -14.346710862625361 -14.346710862625361 -14.346710862625361 -14.346710862625361 -14.346710862625361 -14.346710862625361 -14.346710862625361 -14.346710862625361 -14.346710862625361 -14.346710862625361 -14.346710862625361 -14.346710862625361 -14.346710862625361 -14.346710862625361 -14.346710862625361 -14.346710862625361 -14.346710862625361 -14.346710862625361 -14.346710862625361 -14.346710862625361 -14.346710862625361 -14.346710862625361 -14.346710862625361 -14.346710862625361 -14.346710862625361 -14.346710862625361
7.311557788944723 -14.342456787852539 -14.342456787852539 -14.342456787852539 -14.342456787852539 -14.342456787852539 -14.342456787852539 -14.342456787852539 -14.342456787852539 -14.342456787852539 -14.342456787852539 -14.342456787852539 -14.342456787852539 -14.342456787852539 -14.342456787852539 -14.342456787852539 -14.342456787852539 -14.342456787852539 -14.342456787852539 -14.342456787852539 -14.342456787852539 -14.342456787852539 -14.342456787852539 -14.342456787852539 -14.342456787852539 -14.342456787852539 -14.342456787852539 -14.342456787852539 -14.342456787852539 -14.342456787852539
7.3869346733668335 -14.338202713079717 -14.338202713079717 -14.338202713079717 -14.338202713079717 -14.338202713079717 -14.338202713079717 -14.338202713079717 -14.338202713079717 -14.338202713079717 -14.338202713079717 -14.338202713079717 -14.338202713079717 -14.338202713079717 -14.338202713079717 -14.338202713079717 -14.338202713079717 -14.338202713079717 -14.338202713079717 -14.338202713079717 -14.338202713079717 -14.338202713079717 -14.338202713079717 -14.338202713079717 -14.338202713079717 -14.338202713079717 -14.338202713079717 -14.338202713079717 -14.338202713079717 -14.338202713079717
7.462311557788944 -14.333948638306893 -14.333948638306893 -14.333948638306893 -14.333948638306893 -14.333948638306893 -14.333948638306893 -14.333948638306893 -14.333948638306893 -14.333948638306893 -14.333948638306893 -14.333948638306893 -14.333948638306893 -14.333948638306893 -14.333948638306893 -14.333948638306893 -14.333948638306893 -14.333948638306893 -14.333948638306893 -14.333948638306893 -14.333948638306893 -14.333948638306893 -14.333948638306893 -14.333948638306893 -14.333948638306893 -14.333948638306893 -14.333948638306893 -14.333948638306893 -14.333948638306893 -14.333948638306893
7.537688442211055 -14.329694563534071 -14.329694563534071 -14.329694563534071 -14.329694563534071 -14.329694563534071 -14.329694563534071 -14.329694563534071 -14.329694563534071 -14.329694563534071 -14.329694563534071 -14.329694563534071 -14.329694563534071 -14.329694563534071 -14.329694563534071 -14.329694563534071 -14.329694563534071 -14.329694563534071 -14.329694563534071 -14.329694563534071 -14.329694563534071 -14.329694563534071 -14.329694563534071 -14.329694563534071 -14.329694563534071 -14.329694563534071 -14.329694563534071 -14.329694563534071 -14.329694563534071 -14.329694563534071
7.613065326633166 -14.325440488761249 -14.325440488761249 -14.325440488761249 -14.325440488761249 -14.325440488761249 -14.325440488761249 -14.325440488761249 -14.325440488761249 -14.325440488761249 -14.325440488761249 -14.325440488761249 -14.325440488761249 -14.325440488761249 -14.325440488761249 -14.325440488761249 -14.325440488761249 -14.325440488761249 -14.325440488761249 -14.325440488761249 -14.325440488761249 -14.325440488761249 -14.325440488761249 -14.325440488761249 -14.325440488761249 -14.325440488761249 -14.325440488761249 -14.325440488761249 -14.325440488761249 -14.325440488761249
7.688442211055276 -14.321186413988427 -14.321186413988427 -14.321186413988427 -14.321186413988427 -14.321186413988427 -14.321186413988427 -14.321186413988427 -14.321186413988427 -14.321186413988427 -14.321186413988427 -14.321186413988427 -14.321186413988427 -14.321186413988427 -14.321186413988427 -14.321186413988427 -14.321186413988427 -14.321186413988427 -14.321186413988427 -14.321186413988427 -14.321186413988427 -14.321186413988427 -14.321186413988427 -14.321186413988427 -14.321186413988427 -14.321186413988427 -14.321186413988427 -14.321186413988427 -14.321186413988427 -14.321186413988427
7.763819095477386 -14.316932339215603 -14.316932339215603 -14.316932339215603 -14.316932339215603 -14.316932339215603 -14.316932339215603 -14.316932339215603 -14.316932339215603 -14.316932339215603 -14.316932339215603 -14.316932339215603 -14.316932339215603 -14.316932339215603 -14.316932339215603 -14.316932339215603 -14.316932339215603 -14.316932339215603 -14.316932339215603 -14.316932339215603 -14.316932339215603 -14.316932339215603 -14.316932339215603 -14.316932339215603 -14.316932339215603 -14.316932339215603 -14.316932339215603 -14.316932339215603 -14.316932339215603 -14.316932339215603
7.839195979899497 -14.31267826444278 -14.31267826444278 -14.31267826444278 -14.31267826444278 -14.31267826444278 -14.31267826444278 -14.31267826444278 -14.31267826444278 -14.31267826444278 -14.31267826444278 -14.31267826444278 -14.31267826444278 -14.31267826444278 -14.31267826444278 -14.31267826444278 -14.31267826444278 -14.31267826444278 -14.31267826444278 -14.31267826444278 -14.31267826444278 -14.31267826444278 -14.31267826444278 -14.31267826444278 -14.31267826444278 -14.31267826444278 -14.31267826444278 -14.31267826444278 -14.31267826444278 -14.31267826444278
7.914572864321608 -14.308424189669958 -14.308424189669958 -14.308424189669958 -14.308424189669958 -14.308424189669958 -14.308424189669958 -14.308424189669958 -14.308424189669958 -14.308424189669958 -14.308424189669958 -14.308424189669958 -14.308424189669958 -14.308424189669958 -14.308424189669958 -14.308424189669958 -14.308424189669958 -14.308424189669958 -14.308424189669958 -14.308424189669958 -14.308424189669958 -14.308424189669958 -14.308424189669958 -14.308424189669958 -14.308424189669958 -14.308424189669958 -14.308424189669958 -14.308424189669958 -14.308424189669958 -14.308424189669958
7.989949748743718 -14.304170114897136 -14.304170114897136 -14.304170114897136 -14.304170114897136 -14.304170114897136 -14.304170114897136 -14.304170114897136 -14.304170114897136 -14.304170114897136 -14.304170114897136 -14.304170114897136 -14.304170114897136 -14.304170114897136 -14.304170114897136 -14.304170114897136 -14.304170114897136 -14.304170114897136 -14.304170114897136 -14.304170114897136 -14.304170114897136 -14.304170114897136 -14.304170114897136 -14.304170114897136 -14.304170114897136 -14.304170114897136 -14.304170114897136 -14.304170114897136 -14.304170114897136 -14.304170114897136
