web/models/linear/52/-16_592_2_000.dat
# %ECSV 1.0
# ---
# datatype:
# - {name: time, datatype: float64}
# - {name: swift_uvot_uvw2, datatype: float64}
# - {name: swift_uvot_uvm2, datatype: float64}
# - {name: swift_uvot_uvw1, datatype: float64}
# - {name: swift_uvot_U, datatype: float64}
# - {name: swift_uvot_B, datatype: float64}
# - {name: swift_uvot_V, datatype: float64}
# - {name: swift_uvot_W, datatype: float64}
# - {name: johnson_U, datatype: float64}
# - {name: johnson_B, datatype: float64}
# - {name: johnson_V, datatype: float64}
# - {name: johnson_R, datatype: float64}
# - {name: johnson_I, datatype: float64}
# - {name: sdss_u, datatype: float64}
# - {name: sdss_g, datatype: float64}
# - {name: sdss_r, datatype: float64}
# - {name: sdss_i, datatype: float64}
# - {name: sdss_z, datatype: float64}
# - {name: PS1_g, datatype: float64}
# - {name: PS1_r, datatype: float64}
# - {name: PS1_i, datatype: float64}
# - {name: PS1_z, datatype: float64}
# - {name: PS1_Y, datatype: float64}
# - {name: PS1_w, datatype: float64}
# - {name: ATLAS_c, datatype: float64}
# - {name: ATLAS_o, datatype: float64}
# - {name: ukirt_J, datatype: float64}
# - {name: ukirt_H, datatype: float64}
# - {name: ukirt_K, datatype: float64}
# - {name: Clear, datatype: float64}
# meta: !!omap
# - comment: [M=-16.591836734693878, dM=2.0]
# schema: astropy-2.0
time swift_uvot_uvw2 swift_uvot_uvm2 swift_uvot_uvw1 swift_uvot_U swift_uvot_B swift_uvot_V swift_uvot_W johnson_U johnson_B johnson_V johnson_R johnson_I sdss_u sdss_g sdss_r sdss_i sdss_z PS1_g PS1_r PS1_i PS1_z PS1_Y PS1_w ATLAS_c ATLAS_o ukirt_J ukirt_H ukirt_K Clear
[from data line 83]
6.256281407035175 -4.079273920623528 -4.079273920623528 -4.079273920623528 -4.079273920623528 -4.079273920623528 -4.079273920623528 -4.079273920623528 -4.079273920623528 -4.079273920623528 -4.079273920623528 -4.079273920623528 -4.079273920623528 -4.079273920623528 -4.079273920623528 -4.079273920623528 -4.079273920623528 -4.079273920623528 -4.079273920623528 -4.079273920623528 -4.079273920623528 -4.079273920623528 -4.079273920623528 -4.079273920623528 -4.079273920623528 -4.079273920623528 -4.079273920623528 -4.079273920623528 -4.079273920623528 -4.079273920623528
6.331658291457286 -3.9285201517793062 -3.9285201517793062 -3.9285201517793062 -3.9285201517793062 -3.9285201517793062 -3.9285201517793062 -3.9285201517793062 -3.9285201517793062 -3.9285201517793062 -3.9285201517793062 -3.9285201517793062 -3.9285201517793062 -3.9285201517793062 -3.9285201517793062 -3.9285201517793062 -3.9285201517793062 -3.9285201517793062 -3.9285201517793062 -3.9285201517793062 -3.9285201517793062 -3.9285201517793062 -3.9285201517793062 -3.9285201517793062 -3.9285201517793062 -3.9285201517793062 -3.9285201517793062 -3.9285201517793062 -3.9285201517793062 -3.9285201517793062
6.407035175879397 -3.7777663829350843 -3.7777663829350843 -3.7777663829350843 -3.7777663829350843 -3.7777663829350843 -3.7777663829350843 -3.7777663829350843 -3.7777663829350843 -3.7777663829350843 -3.7777663829350843 -3.7777663829350843 -3.7777663829350843 -3.7777663829350843 -3.7777663829350843 -3.7777663829350843 -3.7777663829350843 -3.7777663829350843 -3.7777663829350843 -3.7777663829350843 -3.7777663829350843 -3.7777663829350843 -3.7777663829350843 -3.7777663829350843 -3.7777663829350843 -3.7777663829350843 -3.7777663829350843 -3.7777663829350843 -3.7777663829350843 -3.7777663829350843
6.482412060301507 -3.627012614090864 -3.627012614090864 -3.627012614090864 -3.627012614090864 -3.627012614090864 -3.627012614090864 -3.627012614090864 -3.627012614090864 -3.627012614090864 -3.627012614090864 -3.627012614090864 -3.627012614090864 -3.627012614090864 -3.627012614090864 -3.627012614090864 -3.627012614090864 -3.627012614090864 -3.627012614090864 -3.627012614090864 -3.627012614090864 -3.627012614090864 -3.627012614090864 -3.627012614090864 -3.627012614090864 -3.627012614090864 -3.627012614090864 -3.627012614090864 -3.627012614090864 -3.627012614090864
6.557788944723617 -3.476258845246644 -3.476258845246644 -3.476258845246644 -3.476258845246644 -3.476258845246644 -3.476258845246644 -3.476258845246644 -3.476258845246644 -3.476258845246644 -3.476258845246644 -3.476258845246644 -3.476258845246644 -3.476258845246644 -3.476258845246644 -3.476258845246644 -3.476258845246644 -3.476258845246644 -3.476258845246644 -3.476258845246644 -3.476258845246644 -3.476258845246644 -3.476258845246644 -3.476258845246644 -3.476258845246644 -3.476258845246644 -3.476258845246644 -3.476258845246644 -3.476258845246644 -3.476258845246644
6.633165829145728 -3.325505076402422 -3.325505076402422 -3.325505076402422 -3.325505076402422 -3.325505076402422 -3.325505076402422 -3.325505076402422 -3.325505076402422 -3.325505076402422 -3.325505076402422 -3.325505076402422 -3.325505076402422 -3.325505076402422 -3.325505076402422 -3.325505076402422 -3.325505076402422 -3.325505076402422 -3.325505076402422 -3.325505076402422 -3.325505076402422 -3.325505076402422 -3.325505076402422 -3.325505076402422 -3.325505076402422 -3.325505076402422 -3.325505076402422 -3.325505076402422 -3.325505076402422 -3.325505076402422
6.708542713567839 -3.1747513075582 -3.1747513075582 -3.1747513075582 -3.1747513075582 -3.1747513075582 -3.1747513075582 -3.1747513075582 -3.1747513075582 -3.1747513075582 -3.1747513075582 -3.1747513075582 -3.1747513075582 -3.1747513075582 -3.1747513075582 -3.1747513075582 -3.1747513075582 -3.1747513075582 -3.1747513075582 -3.1747513075582 -3.1747513075582 -3.1747513075582 -3.1747513075582 -3.1747513075582 -3.1747513075582 -3.1747513075582 -3.1747513075582 -3.1747513075582 -3.1747513075582 -3.1747513075582
6.783919597989949 -3.0239975387139797 -3.0239975387139797 -3.0239975387139797 -3.0239975387139797 -3.0239975387139797 -3.0239975387139797 -3.0239975387139797 -3.0239975387139797 -3.0239975387139797 -3.0239975387139797 -3.0239975387139797 -3.0239975387139797 -3.0239975387139797 -3.0239975387139797 -3.0239975387139797 -3.0239975387139797 -3.0239975387139797 -3.0239975387139797 -3.0239975387139797 -3.0239975387139797 -3.0239975387139797 -3.0239975387139797 -3.0239975387139797 -3.0239975387139797 -3.0239975387139797 -3.0239975387139797 -3.0239975387139797 -3.0239975387139797 -3.0239975387139797
6.859296482412059 -2.8732437698697595 -2.8732437698697595 -2.8732437698697595 -2.8732437698697595 -2.8732437698697595 -2.8732437698697595 -2.8732437698697595 -2.8732437698697595 -2.8732437698697595 -2.8732437698697595 -2.8732437698697595 -2.8732437698697595 -2.8732437698697595 -2.8732437698697595 -2.8732437698697595 -2.8732437698697595 -2.8732437698697595 -2.8732437698697595 -2.8732437698697595 -2.8732437698697595 -2.8732437698697595 -2.8732437698697595 -2.8732437698697595 -2.8732437698697595 -2.8732437698697595 -2.8732437698697595 -2.8732437698697595 -2.8732437698697595 -2.8732437698697595
6.93467336683417 -2.7224900010255375 -2.7224900010255375 -2.7224900010255375 -2.7224900010255375 -2.7224900010255375 -2.7224900010255375 -2.7224900010255375 -2.7224900010255375 -2.7224900010255375 -2.7224900010255375 -2.7224900010255375 -2.7224900010255375 -2.7224900010255375 -2.7224900010255375 -2.7224900010255375 -2.7224900010255375 -2.7224900010255375 -2.7224900010255375 -2.7224900010255375 -2.7224900010255375 -2.7224900010255375 -2.7224900010255375 -2.7224900010255375 -2.7224900010255375 -2.7224900010255375 -2.7224900010255375 -2.7224900010255375 -2.7224900010255375 -2.7224900010255375
7.010050251256281 -2.5717362321813155 -2.5717362321813155 -2.5717362321813155 -2.5717362321813155 -2.5717362321813155 -2.5717362321813155 -2.5717362321813155 -2.5717362321813155 -2.5717362321813155 -2.5717362321813155 -2.5717362321813155 -2.5717362321813155 -2.5717362321813155 -2.5717362321813155 -2.5717362321813155 -2.5717362321813155 -2.5717362321813155 -2.5717362321813155 -2.5717362321813155 -2.5717362321813155 -2.5717362321813155 -2.5717362321813155 -2.5717362321813155 -2.5717362321813155 -2.5717362321813155 -2.5717362321813155 -2.5717362321813155 -2.5717362321813155 -2.5717362321813155
7.085427135678391 -2.4209824633370953 -2.4209824633370953 -2.4209824633370953 -2.4209824633370953 -2.4209824633370953 -2.4209824633370953 -2.4209824633370953 -2.4209824633370953 -2.4209824633370953 -2.4209824633370953 -2.4209824633370953 -2.4209824633370953 -2.4209824633370953 -2.4209824633370953 -2.4209824633370953 -2.4209824633370953 -2.4209824633370953 -2.4209824633370953 -2.4209824633370953 -2.4209824633370953 -2.4209824633370953 -2.4209824633370953 -2.4209824633370953 -2.4209824633370953 -2.4209824633370953 -2.4209824633370953 -2.4209824633370953 -2.4209824633370953 -2.4209824633370953
7.160804020100501 -2.270228694492875 -2.270228694492875 -2.270228694492875 -2.270228694492875 -2.270228694492875 -2.270228694492875 -2.270228694492875 -2.270228694492875 -2.270228694492875 -2.270228694492875 -2.270228694492875 -2.270228694492875 -2.270228694492875 -2.270228694492875 -2.270228694492875 -2.270228694492875 -2.270228694492875 -2.270228694492875 -2.270228694492875 -2.270228694492875 -2.270228694492875 -2.270228694492875 -2.270228694492875 -2.270228694492875 -2.270228694492875 -2.270228694492875 -2.270228694492875 -2.270228694492875 -2.270228694492875
7.236180904522612 -2.119474925648653 -2.119474925648653 -2.119474925648653 -2.119474925648653 -2.119474925648653 -2.119474925648653 -2.119474925648653 -2.119474925648653 -2.119474925648653 -2.119474925648653 -2.119474925648653 -2.119474925648653 -2.119474925648653 -2.119474925648653 -2.119474925648653 -2.119474925648653 -2.119474925648653 -2.119474925648653 -2.119474925648653 -2.119474925648653 -2.119474925648653 -2.119474925648653 -2.119474925648653 -2.119474925648653 -2.119474925648653 -2.119474925648653 -2.119474925648653 -2.119474925648653 -2.119474925648653
7.311557788944723 -1.9687211568044312 -1.9687211568044312 -1.9687211568044312 -1.9687211568044312 -1.9687211568044312 -1.9687211568044312 -1.9687211568044312 -1.9687211568044312 -1.9687211568044312 -1.9687211568044312 -1.9687211568044312 -1.9687211568044312 -1.9687211568044312 -1.9687211568044312 -1.9687211568044312 -1.9687211568044312 -1.9687211568044312 -1.9687211568044312 -1.9687211568044312 -1.9687211568044312 -1.9687211568044312 -1.9687211568044312 -1.9687211568044312 -1.9687211568044312 -1.9687211568044312 -1.9687211568044312 -1.9687211568044312 -1.9687211568044312 -1.9687211568044312
7.3869346733668335 -1.817967387960211 -1.817967387960211 -1.817967387960211 -1.817967387960211 -1.817967387960211 -1.817967387960211 -1.817967387960211 -1.817967387960211 -1.817967387960211 -1.817967387960211 -1.817967387960211 -1.817967387960211 -1.817967387960211 -1.817967387960211 -1.817967387960211 -1.817967387960211 -1.817967387960211 -1.817967387960211 -1.817967387960211 -1.817967387960211 -1.817967387960211 -1.817967387960211 -1.817967387960211 -1.817967387960211 -1.817967387960211 -1.817967387960211 -1.817967387960211 -1.817967387960211 -1.817967387960211
7.462311557788944 -1.6672136191159908 -1.6672136191159908 -1.6672136191159908 -1.6672136191159908 -1.6672136191159908 -1.6672136191159908 -1.6672136191159908 -1.6672136191159908 -1.6672136191159908 -1.6672136191159908 -1.6672136191159908 -1.6672136191159908 -1.6672136191159908 -1.6672136191159908 -1.6672136191159908 -1.6672136191159908 -1.6672136191159908 -1.6672136191159908 -1.6672136191159908 -1.6672136191159908 -1.6672136191159908 -1.6672136191159908 -1.6672136191159908 -1.6672136191159908 -1.6672136191159908 -1.6672136191159908 -1.6672136191159908 -1.6672136191159908 -1.6672136191159908
7.537688442211055 -1.5164598502717688 -1.5164598502717688 -1.5164598502717688 -1.5164598502717688 -1.5164598502717688 -1.5164598502717688 -1.5164598502717688 -1.5164598502717688 -1.5164598502717688 -1.5164598502717688 -1.5164598502717688 -1.5164598502717688 -1.5164598502717688 -1.5164598502717688 -1.5164598502717688 -1.5164598502717688 -1.5164598502717688 -1.5164598502717688 -1.5164598502717688 -1.5164598502717688 -1.5164598502717688 -1.5164598502717688 -1.5164598502717688 -1.5164598502717688 -1.5164598502717688 -1.5164598502717688 -1.5164598502717688 -1.5164598502717688 -1.5164598502717688
7.613065326633166 -1.3657060814275468 -1.3657060814275468 -1.3657060814275468 -1.3657060814275468 -1.3657060814275468 -1.3657060814275468 -1.3657060814275468 -1.3657060814275468 -1.3657060814275468 -1.3657060814275468 -1.3657060814275468 -1.3657060814275468 -1.3657060814275468 -1.3657060814275468 -1.3657060814275468 -1.3657060814275468 -1.3657060814275468 -1.3657060814275468 -1.3657060814275468 -1.3657060814275468 -1.3657060814275468 -1.3657060814275468 -1.3657060814275468 -1.3657060814275468 -1.3657060814275468 -1.3657060814275468 -1.3657060814275468 -1.3657060814275468 -1.3657060814275468
7.688442211055276 -1.2149523125833266 -1.2149523125833266 -1.2149523125833266 -1.2149523125833266 -1.2149523125833266 -1.2149523125833266 -1.2149523125833266 -1.2149523125833266 -1.2149523125833266 -1.2149523125833266 -1.2149523125833266 -1.2149523125833266 -1.2149523125833266 -1.2149523125833266 -1.2149523125833266 -1.2149523125833266 -1.2149523125833266 -1.2149523125833266 -1.2149523125833266 -1.2149523125833266 -1.2149523125833266 -1.2149523125833266 -1.2149523125833266 -1.2149523125833266 -1.2149523125833266 -1.2149523125833266 -1.2149523125833266 -1.2149523125833266 -1.2149523125833266
7.763819095477386 -1.0641985437391064 -1.0641985437391064 -1.0641985437391064 -1.0641985437391064 -1.0641985437391064 -1.0641985437391064 -1.0641985437391064 -1.0641985437391064 -1.0641985437391064 -1.0641985437391064 -1.0641985437391064 -1.0641985437391064 -1.0641985437391064 -1.0641985437391064 -1.0641985437391064 -1.0641985437391064 -1.0641985437391064 -1.0641985437391064 -1.0641985437391064 -1.0641985437391064 -1.0641985437391064 -1.0641985437391064 -1.0641985437391064 -1.0641985437391064 -1.0641985437391064 -1.0641985437391064 -1.0641985437391064 -1.0641985437391064 -1.0641985437391064
7.839195979899497 -0.9134447748948844 -0.9134447748948844 -0.9134447748948844 -0.9134447748948844 -0.9134447748948844 -0.9134447748948844 -0.9134447748948844 -0.9134447748948844 -0.9134447748948844 -0.9134447748948844 -0.9134447748948844 -0.9134447748948844 -0.9134447748948844 -0.9134447748948844 -0.9134447748948844 -0.9134447748948844 -0.9134447748948844 -0.9134447748948844 -0.9134447748948844 -0.9134447748948844 -0.9134447748948844 -0.9134447748948844 -0.9134447748948844 -0.9134447748948844 -0.9134447748948844 -0.9134447748948844 -0.9134447748948844 -0.9134447748948844 -0.9134447748948844
7.914572864321608 -0.7626910060506624 -0.7626910060506624 -0.7626910060506624 -0.7626910060506624 -0.7626910060506624 -0.7626910060506624 -0.7626910060506624 -0.7626910060506624 -0.7626910060506624 -0.7626910060506624 -0.7626910060506624 -0.7626910060506624 -0.7626910060506624 -0.7626910060506624 -0.7626910060506624 -0.7626910060506624 -0.7626910060506624 -0.7626910060506624 -0.7626910060506624 -0.7626910060506624 -0.7626910060506624 -0.7626910060506624 -0.7626910060506624 -0.7626910060506624 -0.7626910060506624 -0.7626910060506624 -0.7626910060506624 -0.7626910060506624 -0.7626910060506624
7.989949748743718 -0.6119372372064422 -0.6119372372064422 -0.6119372372064422 -0.6119372372064422 -0.6119372372064422 -0.6119372372064422 -0.6119372372064422 -0.6119372372064422 -0.6119372372064422 -0.6119372372064422 -0.6119372372064422 -0.6119372372064422 -0.6119372372064422 -0.6119372372064422 -0.6119372372064422 -0.6119372372064422 -0.6119372372064422 -0.6119372372064422 -0.6119372372064422 -0.6119372372064422 -0.6119372372064422 -0.6119372372064422 -0.6119372372064422 -0.6119372372064422 -0.6119372372064422 -0.6119372372064422 -0.6119372372064422 -0.6119372372064422 -0.6119372372064422
8.065326633165828 -0.461183468362222 -0.461183468362222 -0.461183468362222 -0.461183468362222 -0.461183468362222 -0.461183468362222 -0.461183468362222 -0.461183468362222 -0.461183468362222 -0.461183468362222 -0.461183468362222 -0.461183468362222 -0.461183468362222 -0.461183468362222 -0.461183468362222 -0.461183468362222 -0.461183468362222 -0.461183468362222 -0.461183468362222 -0.461183468362222 -0.461183468362222 -0.461183468362222 -0.461183468362222 -0.461183468362222 -0.461183468362222 -0.461183468362222 -0.461183468362222 -0.461183468362222 -0.461183468362222
8.140703517587939 -0.31042969951800004 -0.31042969951800004 -0.31042969951800004 -0.31042969951800004 -0.31042969951800004 -0.31042969951800004 -0.31042969951800004 -0.31042969951800004 -0.31042969951800004 -0.31042969951800004 -0.31042969951800004 -0.31042969951800004 -0.31042969951800004 -0.31042969951800004 -0.31042969951800004 -0.31042969951800004 -0.31042969951800004 -0.31042969951800004 -0.31042969951800004 -0.31042969951800004 -0.31042969951800004 -0.31042969951800004 -0.31042969951800004 -0.31042969951800004 -0.31042969951800004 -0.31042969951800004 -0.31042969951800004 -0.31042969951800004 -0.31042969951800004
