web/models/linear/52/-16_592_0_311.dat
# %ECSV 1.0
# ---
# datatype:
# - {name: time, datatype: float64}
# - {name: sdss_u, datatype: float64}
# - {name: sdss_g, datatype: float64}
# - {name: sdss_r, datatype: float64}
# - {name: sdss_i, datatype: float64}
# - {name: sdss_z, datatype: float64}
# - {name: Clear, datatype: float64}
# - {name: johnson_B, datatype: float64}
# - {name: johnson_V, datatype: float64}
# - {name: johnson_R, datatype: float64}
# - {name: johnson_I, datatype: float64}
# - {name: ukirt_J, datatype: float64}
# - {name: ukirt_H, datatype: float64}
# - {name: ukirt_K, datatype: float64}
# meta: !!omap
# - comment: [M=-16.591836734693878, dM=0.3108955361862286]
# schema: astropy-2.0
time sdss_u sdss_g sdss_r sdss_i sdss_z Clear johnson_B johnson_V johnson_R johnson_I ukirt_J ukirt_H ukirt_K
[from data line 117]
8.819095477386934 -13.850019317574123 -13.850019317574123 -13.850019317574123 -13.850019317574123 -13.850019317574123 -13.850019317574123 -13.850019317574123 -13.850019317574123 -13.850019317574123 -13.850019317574123 -13.850019317574123 -13.850019317574123 -13.850019317574123
8.894472361809044 -13.826584980675664 -13.826584980675664 -13.826584980675664 -13.826584980675664 -13.826584980675664 -13.826584980675664 -13.826584980675664 -13.826584980675664 -13.826584980675664 -13.826584980675664 -13.826584980675664 -13.826584980675664 -13.826584980675664
8.969849246231155 -13.803150643777204 -13.803150643777204 -13.803150643777204 -13.803150643777204 -13.803150643777204 -13.803150643777204 -13.803150643777204 -13.803150643777204 -13.803150643777204 -13.803150643777204 -13.803150643777204 -13.803150643777204 -13.803150643777204
9.045226130653266 -13.779716306878745 -13.779716306878745 -13.779716306878745 -13.779716306878745 -13.779716306878745 -13.779716306878745 -13.779716306878745 -13.779716306878745 -13.779716306878745 -13.779716306878745 -13.779716306878745 -13.779716306878745 -13.779716306878745
9.120603015075377 -13.756281969980286 -13.756281969980286 -13.756281969980286 -13.756281969980286 -13.756281969980286 -13.756281969980286 -13.756281969980286 -13.756281969980286 -13.756281969980286 -13.756281969980286 -13.756281969980286 -13.756281969980286 -13.756281969980286
9.195979899497488 -13.732847633081825 -13.732847633081825 -13.732847633081825 -13.732847633081825 -13.732847633081825 -13.732847633081825 -13.732847633081825 -13.732847633081825 -13.732847633081825 -13.732847633081825 -13.732847633081825 -13.732847633081825 -13.732847633081825
9.271356783919597 -13.709413296183367 -13.709413296183367 -13.709413296183367 -13.709413296183367 -13.709413296183367 -13.709413296183367 -13.709413296183367 -13.709413296183367 -13.709413296183367 -13.709413296183367 -13.709413296183367 -13.709413296183367 -13.709413296183367
9.346733668341708 -13.685978959284906 -13.685978959284906 -13.685978959284906 -13.685978959284906 -13.685978959284906 -13.685978959284906 -13.685978959284906 -13.685978959284906 -13.685978959284906 -13.685978959284906 -13.685978959284906 -13.685978959284906 -13.685978959284906
9.422110552763819 -13.662544622386449 -13.662544622386449 -13.662544622386449 -13.662544622386449 -13.662544622386449 -13.662544622386449 -13.662544622386449 -13.662544622386449 -13.662544622386449 -13.662544622386449 -13.662544622386449 -13.662544622386449 -13.662544622386449
9.497487437185928 -13.63911028548799 -13.63911028548799 -13.63911028548799 -13.63911028548799 -13.63911028548799 -13.63911028548799 -13.63911028548799 -13.63911028548799 -13.63911028548799 -13.63911028548799 -13.63911028548799 -13.63911028548799 -13.63911028548799
9.572864321608039 -13.61567594858953 -13.61567594858953 -13.61567594858953 -13.61567594858953 -13.61567594858953 -13.61567594858953 -13.61567594858953 -13.61567594858953 -13.61567594858953 -13.61567594858953 -13.61567594858953 -13.61567594858953 -13.61567594858953
9.64824120603015 -13.592241611691069 -13.592241611691069 -13.592241611691069 -13.592241611691069 -13.592241611691069 -13.592241611691069 -13.592241611691069 -13.592241611691069 -13.592241611691069 -13.592241611691069 -13.592241611691069 -13.592241611691069 -13.592241611691069
9.72361809045226 -13.56880727479261 -13.56880727479261 -13.56880727479261 -13.56880727479261 -13.56880727479261 -13.56880727479261 -13.56880727479261 -13.56880727479261 -13.56880727479261 -13.56880727479261 -13.56880727479261 -13.56880727479261 -13.56880727479261
9.798994974874372 -13.54537293789415 -13.54537293789415 -13.54537293789415 -13.54537293789415 -13.54537293789415 -13.54537293789415 -13.54537293789415 -13.54537293789415 -13.54537293789415 -13.54537293789415 -13.54537293789415 -13.54537293789415 -13.54537293789415
9.874371859296481 -13.521938600995691 -13.521938600995691 -13.521938600995691 -13.521938600995691 -13.521938600995691 -13.521938600995691 -13.521938600995691 -13.521938600995691 -13.521938600995691 -13.521938600995691 -13.521938600995691 -13.521938600995691 -13.521938600995691
9.949748743718592 -13.498504264097232 -13.498504264097232 -13.498504264097232 -13.498504264097232 -13.498504264097232 -13.498504264097232 -13.498504264097232 -13.498504264097232 -13.498504264097232 -13.498504264097232 -13.498504264097232 -13.498504264097232 -13.498504264097232
10.025125628140703 -13.475069927198772 -13.475069927198772 -13.475069927198772 -13.475069927198772 -13.475069927198772 -13.475069927198772 -13.475069927198772 -13.475069927198772 -13.475069927198772 -13.475069927198772 -13.475069927198772 -13.475069927198772 -13.475069927198772
10.100502512562812 -13.451635590300313 -13.451635590300313 -13.451635590300313 -13.451635590300313 -13.451635590300313 -13.451635590300313 -13.451635590300313 -13.451635590300313 -13.451635590300313 -13.451635590300313 -13.451635590300313 -13.451635590300313 -13.451635590300313
10.175879396984923 -13.428201253401854 -13.428201253401854 -13.428201253401854 -13.428201253401854 -13.428201253401854 -13.428201253401854 -13.428201253401854 -13.428201253401854 -13.428201253401854 -13.428201253401854 -13.428201253401854 -13.428201253401854 -13.428201253401854
10.251256281407034 -13.404766916503394 -13.404766916503394 -13.404766916503394 -13.404766916503394 -13.404766916503394 -13.404766916503394 -13.404766916503394 -13.404766916503394 -13.404766916503394 -13.404766916503394 -13.404766916503394 -13.404766916503394 -13.404766916503394
10.326633165829145 -13.381332579604933 -13.381332579604933 -13.381332579604933 -13.381332579604933 -13.381332579604933 -13.381332579604933 -13.381332579604933 -13.381332579604933 -13.381332579604933 -13.381332579604933 -13.381332579604933 -13.381332579604933 -13.381332579604933
10.402010050251256 -13.357898242706476 -13.357898242706476 -13.357898242706476 -13.357898242706476 -13.357898242706476 -13.357898242706476 -13.357898242706476 -13.357898242706476 -13.357898242706476 -13.357898242706476 -13.357898242706476 -13.357898242706476 -13.357898242706476
10.477386934673365 -13.334463905808015 -13.334463905808015 -13.334463905808015 -13.334463905808015 -13.334463905808015 -13.334463905808015 -13.334463905808015 -13.334463905808015 -13.334463905808015 -13.334463905808015 -13.334463905808015 -13.334463905808015 -13.334463905808015
10.552763819095476 -13.311029568909557 -13.311029568909557 -13.311029568909557 -13.311029568909557 -13.311029568909557 -13.311029568909557 -13.311029568909557 -13.311029568909557 -13.311029568909557 -13.311029568909557 -13.311029568909557 -13.311029568909557 -13.311029568909557
10.628140703517587 -13.287595232011096 -13.287595232011096 -13.287595232011096 -13.287595232011096 -13.287595232011096 -13.287595232011096 -13.287595232011096 -13.287595232011096 -13.287595232011096 -13.287595232011096 -13.287595232011096 -13.287595232011096 -13.287595232011096
10.703517587939697 -13.264160895112639 -13.264160895112639 -13.264160895112639 -13.264160895112639 -13.264160895112639 -13.264160895112639 -13.264160895112639 -13.264160895112639 -13.264160895112639 -13.264160895112639 -13.264160895112639 -13.264160895112639 -13.264160895112639
10.778894472361808 -13.240726558214178 -13.240726558214178 -13.240726558214178 -13.240726558214178 -13.240726558214178 -13.240726558214178 -13.240726558214178 -13.240726558214178 -13.240726558214178 -13.240726558214178 -13.240726558214178 -13.240726558214178 -13.240726558214178
10.854271356783919 -13.217292221315718 -13.217292221315718 -13.217292221315718 -13.217292221315718 -13.217292221315718 -13.217292221315718 -13.217292221315718 -13.217292221315718 -13.217292221315718 -13.217292221315718 -13.217292221315718 -13.217292221315718 -13.217292221315718
10.92964824120603 -13.193857884417259 -13.193857884417259 -13.193857884417259 -13.193857884417259 -13.193857884417259 -13.193857884417259 -13.193857884417259 -13.193857884417259 -13.193857884417259 -13.193857884417259 -13.193857884417259 -13.193857884417259 -13.193857884417259
11.00502512562814 -13.1704235475188 -13.1704235475188 -13.1704235475188 -13.1704235475188 -13.1704235475188 -13.1704235475188 -13.1704235475188 -13.1704235475188 -13.1704235475188 -13.1704235475188 -13.1704235475188 -13.1704235475188 -13.1704235475188
11.08040201005025 -13.14698921062034 -13.14698921062034 -13.14698921062034 -13.14698921062034 -13.14698921062034 -13.14698921062034 -13.14698921062034 -13.14698921062034 -13.14698921062034 -13.14698921062034 -13.14698921062034 -13.14698921062034 -13.14698921062034
11.15577889447236 -13.123554873721881 -13.123554873721881 -13.123554873721881 -13.123554873721881 -13.123554873721881 -13.123554873721881 -13.123554873721881 -13.123554873721881 -13.123554873721881 -13.123554873721881 -13.123554873721881 -13.123554873721881 -13.123554873721881
11.231155778894472 -13.100120536823422 -13.100120536823422 -13.100120536823422 -13.100120536823422 -13.100120536823422 -13.100120536823422 -13.100120536823422 -13.100120536823422 -13.100120536823422 -13.100120536823422 -13.100120536823422 -13.100120536823422 -13.100120536823422
11.306532663316581 -13.076686199924962 -13.076686199924962 -13.076686199924962 -13.076686199924962 -13.076686199924962 -13.076686199924962 -13.076686199924962 -13.076686199924962 -13.076686199924962 -13.076686199924962 -13.076686199924962 -13.076686199924962 -13.076686199924962
11.381909547738692 -13.053251863026503 -13.053251863026503 -13.053251863026503 -13.053251863026503 -13.053251863026503 -13.053251863026503 -13.053251863026503 -13.053251863026503 -13.053251863026503 -13.053251863026503 -13.053251863026503 -13.053251863026503 -13.053251863026503
11.457286432160803 -13.029817526128042 -13.029817526128042 -13.029817526128042 -13.029817526128042 -13.029817526128042 -13.029817526128042 -13.029817526128042 -13.029817526128042 -13.029817526128042 -13.029817526128042 -13.029817526128042 -13.029817526128042 -13.029817526128042
11.532663316582914 -13.006383189229583 -13.006383189229583 -13.006383189229583 -13.006383189229583 -13.006383189229583 -13.006383189229583 -13.006383189229583 -13.006383189229583 -13.006383189229583 -13.006383189229583 -13.006383189229583 -13.006383189229583 -13.006383189229583
11.608040201005025 -12.982948852331123 -12.982948852331123 -12.982948852331123 -12.982948852331123 -12.982948852331123 -12.982948852331123 -12.982948852331123 -12.982948852331123 -12.982948852331123 -12.982948852331123 -12.982948852331123 -12.982948852331123 -12.982948852331123
11.683417085427134 -12.959514515432664 -12.959514515432664 -12.959514515432664 -12.959514515432664 -12.959514515432664 -12.959514515432664 -12.959514515432664 -12.959514515432664 -12.959514515432664 -12.959514515432664 -12.959514515432664 -12.959514515432664 -12.959514515432664
11.758793969849245 -12.936080178534205 -12.936080178534205 -12.936080178534205 -12.936080178534205 -12.936080178534205 -12.936080178534205 -12.936080178534205 -12.936080178534205 -12.936080178534205 -12.936080178534205 -12.936080178534205 -12.936080178534205 -12.936080178534205
11.834170854271356 -12.912645841635745 -12.912645841635745 -12.912645841635745 -12.912645841635745 -12.912645841635745 -12.912645841635745 -12.912645841635745 -12.912645841635745 -12.912645841635745 -12.912645841635745 -12.912645841635745 -12.912645841635745 -12.912645841635745
11.909547738693465 -12.889211504737286 -12.889211504737286 -12.889211504737286 -12.889211504737286 -12.889211504737286 -12.889211504737286 -12.889211504737286 -12.889211504737286 -12.889211504737286 -12.889211504737286 -12.889211504737286 -12.889211504737286 -12.889211504737286
11.984924623115576 -12.865777167838827 -12.865777167838827 -12.865777167838827 -12.865777167838827 -12.865777167838827 -12.865777167838827 -12.865777167838827 -12.865777167838827 -12.865777167838827 -12.865777167838827 -12.865777167838827 -12.865777167838827 -12.865777167838827
12.060301507537687 -12.842342830940368 -12.842342830940368 -12.842342830940368 -12.842342830940368 -12.842342830940368 -12.842342830940368 -12.842342830940368 -12.842342830940368 -12.842342830940368 -12.842342830940368 -12.842342830940368 -12.842342830940368 -12.842342830940368
12.135678391959798 -12.818908494041908 -12.818908494041908 -12.818908494041908 -12.818908494041908 -12.818908494041908 -12.818908494041908 -12.818908494041908 -12.818908494041908 -12.818908494041908 -12.818908494041908 -12.818908494041908 -12.818908494041908 -12.818908494041908
12.21105527638191 -12.795474157143449 -12.795474157143449 -12.795474157143449 -12.795474157143449 -12.795474157143449 -12.795474157143449 -12.795474157143449 -12.795474157143449 -12.795474157143449 -12.795474157143449 -12.795474157143449 -12.795474157143449 -12.795474157143449
12.286432160804019 -12.77203982024499 -12.77203982024499 -12.77203982024499 -12.77203982024499 -12.77203982024499 -12.77203982024499 -12.77203982024499 -12.77203982024499 -12.77203982024499 -12.77203982024499 -12.77203982024499 -12.77203982024499 -12.77203982024499
12.36180904522613 -12.74860548334653 -12.74860548334653 -12.74860548334653 -12.74860548334653 -12.74860548334653 -12.74860548334653 -12.74860548334653 -12.74860548334653 -12.74860548334653 -12.74860548334653 -12.74860548334653 -12.74860548334653 -12.74860548334653
12.43718592964824 -12.72517114644807 -12.72517114644807 -12.72517114644807 -12.72517114644807 -12.72517114644807 -12.72517114644807 -12.72517114644807 -12.72517114644807 -12.72517114644807 -12.72517114644807 -12.72517114644807 -12.72517114644807 -12.72517114644807
12.51256281407035 -12.701736809549612 -12.701736809549612 -12.701736809549612 -12.701736809549612 -12.701736809549612 -12.701736809549612 -12.701736809549612 -12.701736809549612 -12.701736809549612 -12.701736809549612 -12.701736809549612 -12.701736809549612 -12.701736809549612
12.58793969849246 -12.67830247265115 -12.67830247265115 -12.67830247265115 -12.67830247265115 -12.67830247265115 -12.67830247265115 -12.67830247265115 -12.67830247265115 -12.67830247265115 -12.67830247265115 -12.67830247265115 -12.67830247265115 -12.67830247265115
12.663316582914572 -12.654868135752691 -12.654868135752691 -12.654868135752691 -12.654868135752691 -12.654868135752691 -12.654868135752691 -12.654868135752691 -12.654868135752691 -12.654868135752691 -12.654868135752691 -12.654868135752691 -12.654868135752691 -12.654868135752691
12.738693467336683 -12.631433798854232 -12.631433798854232 -12.631433798854232 -12.631433798854232 -12.631433798854232 -12.631433798854232 -12.631433798854232 -12.631433798854232 -12.631433798854232 -12.631433798854232 -12.631433798854232 -12.631433798854232 -12.631433798854232
12.814070351758794 -12.607999461955773 -12.607999461955773 -12.607999461955773 -12.607999461955773 -12.607999461955773 -12.607999461955773 -12.607999461955773 -12.607999461955773 -12.607999461955773 -12.607999461955773 -12.607999461955773 -12.607999461955773 -12.607999461955773
12.889447236180903 -12.584565125057313 -12.584565125057313 -12.584565125057313 -12.584565125057313 -12.584565125057313 -12.584565125057313 -12.584565125057313 -12.584565125057313 -12.584565125057313 -12.584565125057313 -12.584565125057313 -12.584565125057313 -12.584565125057313
12.964824120603014 -12.561130788158854 -12.561130788158854 -12.561130788158854 -12.561130788158854 -12.561130788158854 -12.561130788158854 -12.561130788158854 -12.561130788158854 -12.561130788158854 -12.561130788158854 -12.561130788158854 -12.561130788158854 -12.561130788158854
13.040201005025125 -12.537696451260395 -12.537696451260395 -12.537696451260395 -12.537696451260395 -12.537696451260395 -12.537696451260395 -12.537696451260395 -12.537696451260395 -12.537696451260395 -12.537696451260395 -12.537696451260395 -12.537696451260395 -12.537696451260395
