web/models/kne.last_good/kappa_0.5_3.0.v2/4/villar_0.0015_0.2963_0.5000.dat
# %ECSV 1.0
# ---
# datatype:
# - {name: time, datatype: float64}
# - {name: swift_uvot_uvw2, datatype: float64}
# - {name: swift_uvot_uvm2, datatype: float64}
# - {name: swift_uvot_uvw1, datatype: float64}
# - {name: swift_uvot_U, datatype: float64}
# - {name: swift_uvot_B, datatype: float64}
# - {name: swift_uvot_V, datatype: float64}
# - {name: swift_uvot_W, datatype: float64}
# - {name: johnson_U, datatype: float64}
# - {name: johnson_B, datatype: float64}
# - {name: johnson_V, datatype: float64}
# - {name: johnson_R, datatype: float64}
# - {name: johnson_I, datatype: float64}
# - {name: sdss_u, datatype: float64}
# - {name: sdss_g, datatype: float64}
# - {name: sdss_r, datatype: float64}
# - {name: sdss_i, datatype: float64}
# - {name: sdss_z, datatype: float64}
# - {name: PS1_g, datatype: float64}
# - {name: PS1_r, datatype: float64}
# - {name: PS1_i, datatype: float64}
# - {name: PS1_z, datatype: float64}
# - {name: PS1_Y, datatype: float64}
# - {name: PS1_w, datatype: float64}
# - {name: ATLAS_c, datatype: float64}
# - {name: ATLAS_o, datatype: float64}
# - {name: ukirt_J, datatype: float64}
# - {name: ukirt_H, datatype: float64}
# - {name: ukirt_K, datatype: float64}
# - {name: Clear, datatype: float64}
# meta: !!omap
# - comment: [kappa = 0.5, type = villar, mass = 0.001513321957917195, velocity = 0.29633333333333334, theta_obs = 0.0, tfloor = 2500.0]
# schema: astropy-2.0
time swift_uvot_uvw2 swift_uvot_uvm2 swift_uvot_uvw1 swift_uvot_U swift_uvot_B swift_uvot_V swift_uvot_W johnson_U johnson_B johnson_V johnson_R johnson_I sdss_u sdss_g sdss_r sdss_i sdss_z PS1_g PS1_r PS1_i PS1_z PS1_Y PS1_w ATLAS_c ATLAS_o ukirt_J ukirt_H ukirt_K Clear
[from data line 205]
0.449518 -8.087 -7.524 -9.104 -10.867 -11.981 -12.718 -11.06 -11.072 -12.0 -12.738 -13.176 -13.417 -11.012 -12.272 -13.012 -13.305 -13.441 -12.408 -13.031 -13.323 -13.444 -13.524 -12.972 -12.641 -13.153 -13.438 -13.251 -12.909 -12.94
0.463113 -7.951 -7.215 -8.873 -10.677 -11.842 -12.618 -10.928 -10.892 -11.863 -12.64 -13.111 -13.376 -10.827 -12.149 -12.931 -13.249 -13.403 -12.293 -12.952 -13.268 -13.404 -13.494 -12.896 -12.541 -13.085 -13.426 -13.252 -12.922 -12.867
0.47712 -7.826 -6.897 -8.637 -10.48 -11.697 -12.513 -10.794 -10.704 -11.721 -12.537 -13.041 -13.333 -10.635 -12.021 -12.847 -13.19 -13.363 -12.174 -12.869 -13.21 -13.361 -13.461 -12.817 -12.436 -13.014 -13.412 -13.253 -12.933 -12.792
0.49155 -7.711 -6.571 -8.396 -10.276 -11.547 -12.404 -10.656 -10.51 -11.572 -12.43 -12.969 -13.287 -10.437 -11.887 -12.759 -13.128 -13.32 -12.05 -12.783 -13.149 -13.315 -13.426 -12.735 -12.327 -12.94 -13.397 -13.252 -12.944 -12.714
0.506416 -7.608 -6.235 -8.15 -10.065 -11.391 -12.29 -10.515 -10.308 -11.418 -12.319 -12.893 -13.238 -10.231 -11.749 -12.667 -13.062 -13.274 -11.922 -12.692 -13.084 -13.267 -13.388 -12.649 -12.214 -12.861 -13.379 -13.25 -12.954 -12.633
0.521733 -7.514 -5.891 -7.898 -9.846 -11.228 -12.171 -10.37 -10.099 -11.259 -12.202 -12.813 -13.187 -10.017 -11.605 -12.57 -12.993 -13.226 -11.789 -12.598 -13.017 -13.216 -13.349 -12.56 -12.096 -12.78 -13.361 -13.247 -12.964 -12.55
0.537512 -7.429 -5.54 -7.641 -9.62 -11.06 -12.047 -10.221 -9.883 -11.093 -12.081 -12.73 -13.133 -9.796 -11.455 -12.469 -12.921 -13.175 -11.651 -12.499 -12.945 -13.161 -13.307 -12.467 -11.974 -12.694 -13.34 -13.243 -12.973 -12.464
0.553769 -7.352 -5.181 -7.379 -9.385 -10.885 -11.918 -10.069 -9.659 -10.92 -11.954 -12.643 -13.076 -9.566 -11.299 -12.364 -12.845 -13.121 -11.508 -12.396 -12.871 -13.104 -13.262 -12.37 -11.846 -12.605 -13.317 -13.237 -12.981 -12.376
0.570517 -7.283 -4.817 -7.112 -9.142 -10.703 -11.783 -9.913 -9.426 -10.742 -11.822 -12.552 -13.016 -9.329 -11.137 -12.254 -12.765 -13.064 -11.361 -12.288 -12.792 -13.044 -13.215 -12.27 -11.714 -12.511 -13.293 -13.231 -12.988 -12.284
0.587772 -7.219 -4.45 -6.841 -8.89 -10.514 -11.643 -9.753 -9.186 -10.557 -11.685 -12.457 -12.952 -9.082 -10.969 -12.139 -12.681 -13.003 -11.209 -12.177 -12.71 -12.981 -13.165 -12.166 -11.576 -12.414 -13.266 -13.222 -12.994 -12.191
0.605549 -7.161 -4.083 -6.565 -8.63 -10.319 -11.497 -9.589 -8.937 -10.364 -11.542 -12.357 -12.886 -8.827 -10.795 -12.019 -12.593 -12.94 -11.052 -12.06 -12.624 -12.914 -13.112 -12.058 -11.434 -12.312 -13.238 -13.213 -13.0 -12.094
0.623863 -7.107 -3.72 -6.284 -8.36 -10.116 -11.345 -9.421 -8.679 -10.165 -11.394 -12.254 -12.816 -8.563 -10.614 -11.894 -12.501 -12.873 -10.89 -11.939 -12.534 -12.844 -13.056 -11.945 -11.286 -12.206 -13.207 -13.202 -13.005 -11.996
0.642731 -7.056 -3.367 -5.999 -8.081 -9.905 -11.187 -9.249 -8.412 -9.959 -11.239 -12.146 -12.743 -8.29 -10.426 -11.763 -12.405 -12.803 -10.724 -11.812 -12.44 -12.77 -12.998 -11.829 -11.132 -12.095 -13.174 -13.19 -13.009 -11.894
0.66217 -7.008 -3.031 -5.709 -7.792 -9.687 -11.022 -9.073 -8.135 -9.745 -11.079 -12.034 -12.666 -8.007 -10.232 -11.628 -12.304 -12.729 -10.554 -11.681 -12.341 -12.693 -12.936 -11.708 -10.973 -11.98 -13.139 -13.176 -13.011 -11.791
0.682197 -6.962 -2.72 -5.415 -7.493 -9.461 -10.851 -8.892 -7.849 -9.524 -10.912 -11.917 -12.585 -7.713 -10.03 -11.486 -12.199 -12.651 -10.38 -11.545 -12.238 -12.612 -12.871 -11.583 -10.808 -11.86 -13.101 -13.16 -13.013 -11.685
0.70283 -6.918 -2.441 -5.116 -7.184 -9.227 -10.673 -8.708 -7.553 -9.294 -10.738 -11.795 -12.501 -7.41 -9.82 -11.339 -12.089 -12.57 -10.202 -11.403 -12.131 -12.527 -12.803 -11.453 -10.637 -11.735 -13.061 -13.143 -13.014 -11.576
0.724086 -6.875 -2.199 -4.813 -6.865 -8.984 -10.488 -8.518 -7.247 -9.057 -10.558 -11.668 -12.412 -7.096 -9.603 -11.185 -11.974 -12.485 -10.022 -11.257 -12.019 -12.437 -12.732 -11.318 -10.459 -11.605 -13.018 -13.124 -13.014 -11.466
0.745986 -6.832 -1.997 -4.505 -6.534 -8.732 -10.295 -8.325 -6.93 -8.811 -10.371 -11.536 -12.32 -6.771 -9.379 -11.026 -11.854 -12.395 -9.839 -11.105 -11.902 -12.344 -12.657 -11.178 -10.276 -11.47 -12.973 -13.103 -13.013 -11.354
0.768548 -6.79 -1.834 -4.192 -6.192 -8.471 -10.096 -8.127 -6.602 -8.556 -10.176 -11.398 -12.223 -6.434 -9.145 -10.86 -11.729 -12.301 -9.654 -10.947 -11.78 -12.247 -12.579 -11.033 -10.085 -11.33 -12.925 -13.081 -13.011 -11.239
0.791792 -6.748 -1.704 -3.875 -5.838 -8.201 -9.888 -7.924 -6.262 -8.293 -9.974 -11.256 -12.122 -6.086 -8.904 -10.687 -11.598 -12.203 -9.469 -10.785 -11.653 -12.145 -12.497 -10.884 -9.888 -11.183 -12.874 -13.056 -13.007 -11.124
0.815739 -6.706 -1.6 -3.552 -5.472 -7.921 -9.673 -7.718 -5.911 -8.02 -9.765 -11.108 -12.017 -5.725 -8.654 -10.508 -11.462 -12.101 -9.284 -10.616 -11.521 -12.038 -12.412 -10.728 -9.684 -11.032 -12.82 -13.03 -13.003 -11.007
0.840411 -6.665 -1.517 -3.223 -5.093 -7.631 -9.449 -7.507 -5.548 -7.738 -9.548 -10.954 -11.907 -5.353 -8.395 -10.321 -11.32 -11.993 -9.101 -10.443 -11.384 -11.927 -12.323 -10.567 -9.472 -10.874 -12.763 -13.002 -12.997 -10.889
0.865828 -6.623 -1.449 -2.889 -4.702 -7.331 -9.217 -7.292 -5.172 -7.447 -9.323 -10.794 -11.793 -4.967 -8.126 -10.127 -11.172 -11.881 -8.921 -10.265 -11.241 -11.811 -12.23 -10.401 -9.253 -10.711 -12.702 -12.971 -12.99 -10.77
0.892015 -6.581 -1.389 -2.548 -4.297 -7.02 -8.976 -7.073 -4.783 -7.145 -9.089 -10.628 -11.673 -4.568 -7.849 -9.926 -11.018 -11.764 -8.746 -10.081 -11.093 -11.69 -12.133 -10.229 -9.027 -10.541 -12.639 -12.938 -12.982 -10.65
0.918993 -6.532 -1.333 -2.299 -4.002 -6.789 -8.791 -6.906 -4.499 -6.92 -8.909 -10.494 -11.571 -4.276 -7.639 -9.768 -10.893 -11.663 -8.614 -9.937 -10.971 -11.587 -12.046 -10.091 -8.852 -10.405 -12.575 -12.895 -12.955 -10.551
0.946787 -6.47 -1.272 -2.238 -3.941 -6.728 -8.73 -6.845 -4.438 -6.859 -8.848 -10.433 -11.51 -4.215 -7.578 -9.707 -10.831 -11.602 -8.553 -9.876 -10.91 -11.526 -11.985 -10.03 -8.791 -10.343 -12.513 -12.834 -12.894 -10.49
0.975422 -6.409 -1.21 -2.176 -3.879 -6.666 -8.668 -6.784 -4.376 -6.797 -8.787 -10.371 -11.448 -4.153 -7.516 -9.645 -10.77 -11.541 -8.491 -9.814 -10.848 -11.464 -11.923 -9.968 -8.73 -10.282 -12.452 -12.772 -12.833 -10.428
1.004923 -6.347 -1.149 -2.114 -3.817 -6.604 -8.606 -6.722 -4.314 -6.735 -8.725 -10.31 -11.386 -4.091 -7.454 -9.583 -10.708 -11.479 -8.429 -9.753 -10.786 -11.402 -11.861 -9.906 -8.668 -10.22 -12.39 -12.71 -12.771 -10.366
1.035317 -6.285 -1.086 -2.052 -3.755 -6.542 -8.544 -6.66 -4.252 -6.673 -8.663 -10.247 -11.324 -4.029 -7.392 -9.521 -10.646 -11.417 -8.367 -9.69 -10.724 -11.34 -11.799 -9.844 -8.606 -10.158 -12.328 -12.648 -12.709 -10.304
1.066629 -6.222 -1.024 -1.99 -3.693 -6.479 -8.482 -6.597 -4.19 -6.611 -8.6 -10.185 -11.262 -3.967 -7.33 -9.459 -10.583 -11.354 -8.304 -9.628 -10.662 -11.278 -11.737 -9.782 -8.543 -10.095 -12.265 -12.586 -12.646 -10.242
1.098888 -6.16 -0.961 -1.927 -3.63 -6.417 -8.419 -6.534 -4.127 -6.548 -8.537 -10.122 -11.199 -3.904 -7.267 -9.396 -10.52 -11.291 -8.242 -9.565 -10.599 -11.215 -11.674 -9.719 -8.48 -10.032 -12.202 -12.523 -12.583 -10.179
1.132124 -6.096 -0.898 -1.864 -3.567 -6.354 -8.356 -6.471 -4.064 -6.485 -8.474 -10.059 -11.136 -3.841 -7.204 -9.333 -10.457 -11.228 -8.179 -9.502 -10.536 -11.152 -11.611 -9.656 -8.417 -9.969 -12.139 -12.46 -12.52 -10.116
1.166364 -6.033 -0.835 -1.8 -3.503 -6.29 -8.292 -6.408 -4.0 -6.421 -8.411 -9.996 -11.072 -3.777 -7.14 -9.269 -10.394 -11.165 -8.115 -9.439 -10.472 -11.088 -11.547 -9.592 -8.354 -9.906 -12.076 -12.396 -12.457 -10.052
1.20164 -5.969 -0.771 -1.737 -3.44 -6.226 -8.228 -6.344 -3.936 -6.357 -8.347 -9.932 -11.009 -3.714 -7.077 -9.205 -10.33 -11.101 -8.051 -9.375 -10.409 -11.024 -11.484 -9.528 -8.29 -9.842 -12.012 -12.332 -12.393 -9.989
1.237983 -5.905 -0.707 -1.673 -3.375 -6.162 -8.164 -6.28 -3.872 -6.293 -8.283 -9.868 -10.945 -3.65 -7.013 -9.141 -10.266 -11.037 -7.987 -9.311 -10.345 -10.96 -11.419 -9.464 -8.226 -9.778 -11.948 -12.268 -12.329 -9.924
1.275425 -5.841 -0.642 -1.608 -3.311 -6.098 -8.1 -6.216 -3.808 -6.229 -8.218 -9.803 -10.88 -3.585 -6.948 -9.077 -10.202 -10.972 -7.923 -9.246 -10.28 -10.896 -11.355 -9.4 -8.162 -9.714 -11.884 -12.204 -12.264 -9.86
1.313999 -5.776 -0.577 -1.543 -3.246 -6.033 -8.035 -6.151 -3.743 -6.164 -8.154 -9.738 -10.815 -3.52 -6.883 -9.012 -10.137 -10.908 -7.858 -9.181 -10.215 -10.831 -11.29 -9.335 -8.097 -9.649 -11.819 -12.139 -12.2 -9.795
1.35374 -5.711 -0.512 -1.478 -3.181 -5.968 -7.97 -6.086 -3.678 -6.099 -8.089 -9.673 -10.75 -3.455 -6.818 -8.947 -10.072 -10.843 -7.793 -9.116 -10.15 -10.766 -11.225 -9.27 -8.032 -9.584 -11.754 -12.074 -12.135 -9.73
1.394683 -5.645 -0.447 -1.413 -3.116 -5.903 -7.905 -6.02 -3.613 -6.034 -8.023 -9.608 -10.685 -3.39 -6.753 -8.882 -10.006 -10.777 -7.728 -9.051 -10.085 -10.701 -11.16 -9.205 -7.966 -9.518 -11.688 -12.009 -12.069 -9.665
1.436864 -5.58 -0.381 -1.347 -3.05 -5.837 -7.839 -5.955 -3.547 -5.968 -7.957 -9.542 -10.619 -3.324 -6.687 -8.816 -9.941 -10.711 -7.662 -8.985 -10.019 -10.635 -11.094 -9.139 -7.9 -9.453 -11.623 -11.943 -12.003 -9.599
1.480321 -5.514 -0.315 -1.281 -2.984 -5.771 -7.773 -5.888 -3.481 -5.902 -7.891 -9.476 -10.553 -3.258 -6.621 -8.75 -9.874 -10.645 -7.596 -8.919 -9.953 -10.569 -11.028 -9.073 -7.834 -9.386 -11.557 -11.877 -11.937 -9.533
1.525092 -5.447 -0.249 -1.215 -2.918 -5.704 -7.707 -5.822 -3.414 -5.835 -7.825 -9.41 -10.487 -3.192 -6.555 -8.683 -9.808 -10.579 -7.529 -8.853 -9.887 -10.502 -10.962 -9.006 -7.768 -9.32 -11.49 -11.81 -11.871 -9.467
1.571218 -5.381 -0.182 -1.148 -2.851 -5.638 -7.64 -5.755 -3.348 -5.769 -7.758 -9.343 -10.42 -3.125 -6.488 -8.617 -9.741 -10.512 -7.463 -8.786 -9.82 -10.436 -10.895 -8.94 -7.701 -9.253 -11.423 -11.744 -11.804 -9.4
1.618738 -5.314 -0.115 -1.081 -2.784 -5.571 -7.573 -5.688 -3.281 -5.702 -7.691 -9.276 -10.353 -3.058 -6.421 -8.55 -9.674 -10.445 -7.396 -8.719 -9.753 -10.369 -10.828 -8.873 -7.634 -9.186 -11.356 -11.677 -11.737 -9.333
1.667696 -5.246 -0.048 -1.014 -2.717 -5.503 -7.506 -5.621 -3.213 -5.634 -7.624 -9.209 -10.286 -2.991 -6.354 -8.482 -9.607 -10.378 -7.328 -8.652 -9.686 -10.301 -10.761 -8.805 -7.567 -9.119 -11.289 -11.609 -11.67 -9.266
1.718134 -5.179 0.02 -0.946 -2.649 -5.436 -7.438 -5.553 -3.146 -5.567 -7.556 -9.141 -10.218 -2.923 -6.286 -8.415 -9.539 -10.31 -7.261 -8.584 -9.618 -10.234 -10.693 -8.738 -7.499 -9.051 -11.222 -11.542 -11.602 -9.198
1.770098 -5.111 0.088 -0.878 -2.581 -5.368 -7.37 -5.486 -3.078 -5.499 -7.488 -9.073 -10.15 -2.855 -6.218 -8.347 -9.472 -10.242 -7.193 -8.516 -9.55 -10.166 -10.625 -8.67 -7.432 -8.984 -11.154 -11.474 -11.534 -9.13
1.823633 -5.043 0.156 -0.81 -2.513 -5.3 -7.302 -5.417 -3.01 -5.431 -7.42 -9.005 -10.082 -2.787 -6.15 -8.279 -9.403 -10.174 -7.125 -8.448 -9.482 -10.098 -10.557 -8.602 -7.363 -8.915 -11.085 -11.406 -11.466 -9.062
1.878788 -4.974 0.224 -0.741 -2.444 -5.231 -7.233 -5.349 -2.941 -5.362 -7.352 -8.937 -10.013 -2.718 -6.081 -8.21 -9.335 -10.106 -7.056 -8.38 -9.413 -10.029 -10.488 -8.533 -7.295 -8.847 -11.017 -11.337 -11.398 -8.993
1.93561 -4.905 0.293 -0.673 -2.375 -5.162 -7.164 -5.28 -2.872 -5.293 -7.283 -8.868 -9.945 -2.65 -6.013 -8.141 -9.266 -10.037 -6.987 -8.311 -9.345 -9.96 -10.42 -8.464 -7.226 -8.778 -10.948 -11.268 -11.329 -8.924
1.994152 -4.836 0.362 -0.604 -2.306 -5.093 -7.095 -5.211 -2.803 -5.224 -7.214 -8.799 -9.875 -2.58 -5.944 -8.072 -9.197 -9.968 -6.918 -8.242 -9.276 -9.891 -10.35 -8.395 -7.157 -8.709 -10.879 -11.199 -11.26 -8.855
2.054463 -4.767 0.432 -0.534 -2.237 -5.024 -7.026 -5.142 -2.734 -5.155 -7.144 -8.729 -9.806 -2.511 -5.874 -8.003 -9.128 -9.898 -6.849 -8.172 -9.206 -9.822 -10.281 -8.326 -7.088 -8.64 -10.81 -11.13 -11.19 -8.786
2.116599 -4.697 0.501 -0.465 -2.167 -4.954 -6.956 -5.072 -2.664 -5.085 -7.075 -8.66 -9.736 -2.441 -5.804 -7.933 -9.058 -9.829 -6.779 -8.103 -9.136 -9.752 -10.211 -8.256 -7.018 -8.57 -10.74 -11.06 -11.121 -8.716
2.180614 -4.627 0.571 -0.395 -2.097 -4.884 -6.886 -5.002 -2.594 -5.015 -7.005 -8.59 -9.667 -2.372 -5.735 -7.863 -8.988 -9.759 -6.709 -8.033 -9.067 -9.682 -10.141 -8.186 -6.948 -8.5 -10.67 -10.99 -11.051 -8.646
2.246566 -4.557 0.641 -0.324 -2.027 -4.814 -6.816 -4.932 -2.524 -4.945 -6.935 -8.519 -9.596 -2.301 -5.664 -7.793 -8.918 -9.689 -6.639 -7.962 -8.996 -9.612 -10.071 -8.116 -6.878 -8.43 -10.6 -10.92 -10.981 -8.576
2.314511 -4.486 0.712 -0.254 -1.957 -4.744 -6.746 -4.861 -2.454 -4.875 -6.864 -8.449 -9.526 -2.231 -5.594 -7.723 -8.847 -9.618 -6.569 -7.892 -8.926 -9.542 -10.001 -8.046 -6.807 -8.359 -10.529 -10.85 -10.91 -8.506
2.384512 -4.416 0.783 -0.183 -1.886 -4.673 -6.675 -4.791 -2.383 -4.804 -6.793 -8.378 -9.455 -2.16 -5.523 -7.652 -8.777 -9.547 -6.498 -7.821 -8.855 -9.471 -9.93 -7.975 -6.737 -8.289 -10.459 -10.779 -10.84 -8.435
2.45663 -4.345 0.854 -0.112 -1.815 -4.602 -6.604 -4.72 -2.312 -4.733 -6.722 -8.307 -9.384 -2.089 -5.452 -7.581 -8.706 -9.476 -6.427 -7.75 -8.784 -9.4 -9.859 -7.904 -6.666 -8.218 -10.388 -10.708 -10.769 -8.364
2.530929 -4.274 0.925 -0.041 -1.744 -4.531 -6.533 -4.648 -2.241 -4.662 -6.651 -8.236 -9.313 -2.018 -5.381 -7.51 -8.634 -9.405 -6.356 -7.679 -8.713 -9.329 -9.788 -7.833 -6.594 -8.146 -10.316 -10.637 -10.697 -8.293
2.607475 -4.202 0.996 0.031 -1.672 -4.459 -6.461 -4.577 -2.169 -4.59 -6.58 -8.165 -9.241 -1.946 -5.309 -7.438 -8.563 -9.334 -6.284 -7.608 -8.641 -9.257 -9.716 -7.761 -6.523 -8.075 -10.245 -10.565 -10.626 -8.221
2.686337 -4.13 1.068 0.102 -1.601 -4.387 -6.39 -4.505 -2.097 -4.518 -6.508 -8.093 -9.17 -1.875 -5.238 -7.366 -8.491 -9.262 -6.212 -7.536 -8.57 -9.185 -9.645 -7.69 -6.451 -8.003 -10.173 -10.493 -10.554 -8.15
2.767583 -4.058 1.14 0.174 -1.529 -4.315 -6.318 -4.433 -2.025 -4.446 -6.436 -8.021 -9.098 -1.803 -5.166 -7.295 -8.419 -9.19 -6.14 -7.464 -8.498 -9.113 -9.573 -7.618 -6.379 -7.931 -10.101 -10.422 -10.482 -8.078
2.851287 -3.986 1.212 0.246 -1.456 -4.243 -6.245 -4.361 -1.953 -4.374 -6.364 -7.949 -9.026 -1.731 -5.094 -7.222 -8.347 -9.118 -6.068 -7.392 -8.426 -9.041 -9.5 -7.545 -6.307 -7.859 -10.029 -10.349 -10.41 -8.005
2.937522 -3.914 1.285 0.319 -1.384 -4.171 -6.173 -4.288 -1.881 -4.302 -6.291 -7.876 -8.953 -1.658 -5.021 -7.15 -8.275 -9.045 -5.996 -7.319 -8.353 -8.969 -9.428 -7.473 -6.234 -7.787 -9.957 -10.277 -10.337 -7.933
3.026365 -3.841 1.357 0.392 -1.311 -4.098 -6.1 -4.216 -1.808 -4.229 -6.219 -7.804 -8.88 -1.585 -4.948 -7.077 -8.202 -8.973 -5.923 -7.247 -8.28 -8.896 -9.355 -7.4 -6.162 -7.714 -9.884 -10.204 -10.265 -7.86
3.117896 -3.768 1.43 0.464 -1.238 -4.025 -6.027 -4.143 -1.735 -4.156 -6.146 -7.731 -8.807 -1.513 -4.876 -7.004 -8.129 -8.9 -5.85 -7.174 -8.208 -8.823 -9.282 -7.327 -6.089 -7.641 -9.811 -10.131 -10.192 -7.787
3.212194 -3.695 1.503 0.538 -1.165 -3.952 -5.954 -4.07 -1.662 -4.083 -6.073 -7.658 -8.734 -1.439 -4.802 -6.931 -8.056 -8.827 -5.777 -7.101 -8.134 -8.75 -9.209 -7.254 -6.016 -7.568 -9.738 -10.058 -10.119 -7.714
3.309345 -3.622 1.577 0.611 -1.092 -3.879 -5.881 -3.996 -1.589 -4.01 -5.999 -7.584 -8.661 -1.366 -4.729 -6.858 -7.982 -8.753 -5.704 -7.027 -8.061 -8.677 -9.136 -7.181 -5.942 -7.495 -9.665 -9.985 -10.045 -7.641
3.409434 -3.548 1.65 0.684 -1.018 -3.805 -5.807 -3.923 -1.515 -3.936 -5.926 -7.511 -8.587 -1.292 -4.656 -6.784 -7.909 -8.68 -5.63 -6.954 -7.988 -8.603 -9.062 -7.107 -5.869 -7.421 -9.591 -9.911 -9.972 -7.567
3.51255 -3.474 1.724 0.758 -0.945 -3.731 -5.734 -3.849 -1.441 -3.862 -5.852 -7.437 -8.514 -1.219 -4.582 -6.711 -7.835 -8.606 -5.556 -6.88 -7.914 -8.529 -8.989 -7.034 -5.795 -7.347 -9.517 -9.837 -9.898 -7.494
3.618785 -3.4 1.798 0.832 -0.871 -3.657 -5.66 -3.775 -1.367 -3.788 -5.778 -7.363 -8.44 -1.145 -4.508 -6.637 -7.761 -8.532 -5.482 -6.806 -7.84 -8.456 -8.915 -6.96 -5.721 -7.273 -9.443 -9.764 -9.824 -7.42
3.728232 -3.326 1.872 0.906 -0.796 -3.583 -5.585 -3.701 -1.293 -3.714 -5.704 -7.289 -8.366 -1.071 -4.434 -6.562 -7.687 -8.458 -5.408 -6.732 -7.766 -8.381 -8.841 -6.885 -5.647 -7.199 -9.369 -9.689 -9.75 -7.345
