web/models/kne.last_good/kappa_0.5_3.0.v2/4/villar_0.0416_0.0457_0.5000.dat
# %ECSV 1.0
# ---
# datatype:
# - {name: time, datatype: float64}
# - {name: swift_uvot_uvw2, datatype: float64}
# - {name: swift_uvot_uvm2, datatype: float64}
# - {name: swift_uvot_uvw1, datatype: float64}
# - {name: swift_uvot_U, datatype: float64}
# - {name: swift_uvot_B, datatype: float64}
# - {name: swift_uvot_V, datatype: float64}
# - {name: swift_uvot_W, datatype: float64}
# - {name: johnson_U, datatype: float64}
# - {name: johnson_B, datatype: float64}
# - {name: johnson_V, datatype: float64}
# - {name: johnson_R, datatype: float64}
# - {name: johnson_I, datatype: float64}
# - {name: sdss_u, datatype: float64}
# - {name: sdss_g, datatype: float64}
# - {name: sdss_r, datatype: float64}
# - {name: sdss_i, datatype: float64}
# - {name: sdss_z, datatype: float64}
# - {name: PS1_g, datatype: float64}
# - {name: PS1_r, datatype: float64}
# - {name: PS1_i, datatype: float64}
# - {name: PS1_z, datatype: float64}
# - {name: PS1_Y, datatype: float64}
# - {name: PS1_w, datatype: float64}
# - {name: ATLAS_c, datatype: float64}
# - {name: ATLAS_o, datatype: float64}
# - {name: ukirt_J, datatype: float64}
# - {name: ukirt_H, datatype: float64}
# - {name: ukirt_K, datatype: float64}
# - {name: Clear, datatype: float64}
# meta: !!omap
# - comment: [kappa = 0.5, type = villar, mass = 0.04162766037032262, velocity = 0.04566666666666669, theta_obs = 0.0, tfloor = 2500.0]
# schema: astropy-2.0
time swift_uvot_uvw2 swift_uvot_uvm2 swift_uvot_uvw1 swift_uvot_U swift_uvot_B swift_uvot_V swift_uvot_W johnson_U johnson_B johnson_V johnson_R johnson_I sdss_u sdss_g sdss_r sdss_i sdss_z PS1_g PS1_r PS1_i PS1_z PS1_Y PS1_w ATLAS_c ATLAS_o ukirt_J ukirt_H ukirt_K Clear
[from data line 278]
3.957158 -9.702 -9.667 -10.954 -12.531 -13.446 -14.029 -12.515 -12.701 -13.459 -14.042 -14.357 -14.498 -12.655 -13.676 -14.247 -14.446 -14.512 -13.781 -14.261 -14.46 -14.525 -14.568 -14.195 -13.958 -14.341 -14.41 -14.169 -13.786 -14.156
4.07684 -9.541 -9.414 -10.761 -12.381 -13.339 -13.955 -12.407 -12.559 -13.353 -13.969 -14.31 -14.472 -12.509 -13.581 -14.188 -14.407 -14.488 -13.693 -14.204 -14.422 -14.499 -14.55 -14.138 -13.882 -14.292 -14.407 -14.178 -13.804 -14.101
4.200141 -9.386 -9.152 -10.563 -12.225 -13.227 -13.876 -12.296 -12.411 -13.242 -13.893 -14.26 -14.445 -12.358 -13.483 -14.127 -14.367 -14.463 -13.601 -14.143 -14.382 -14.471 -14.53 -14.079 -13.802 -14.241 -14.404 -14.186 -13.821 -14.043
4.327172 -9.238 -8.882 -10.36 -12.063 -13.11 -13.794 -12.181 -12.257 -13.127 -13.812 -14.208 -14.415 -12.201 -13.38 -14.062 -14.324 -14.435 -13.505 -14.08 -14.34 -14.442 -14.509 -14.018 -13.719 -14.187 -14.399 -14.193 -13.837 -13.983
4.458044 -9.098 -8.604 -10.151 -11.895 -12.988 -13.708 -12.064 -12.097 -13.007 -13.728 -14.153 -14.382 -12.038 -13.273 -13.994 -14.278 -14.406 -13.405 -14.013 -14.295 -14.41 -14.486 -13.953 -13.633 -14.131 -14.392 -14.199 -13.853 -13.92
4.592874 -8.967 -8.317 -9.937 -11.721 -12.862 -13.619 -11.944 -11.932 -12.882 -13.64 -14.095 -14.348 -11.869 -13.161 -13.923 -14.229 -14.374 -13.301 -13.942 -14.247 -14.376 -14.461 -13.885 -13.542 -14.071 -14.384 -14.204 -13.868 -13.855
4.731783 -8.846 -8.022 -9.719 -11.541 -12.73 -13.524 -11.821 -11.76 -12.752 -13.548 -14.034 -14.311 -11.693 -13.045 -13.848 -14.177 -14.34 -13.193 -13.869 -14.196 -14.339 -14.434 -13.815 -13.448 -14.008 -14.375 -14.208 -13.883 -13.788
4.874892 -8.735 -7.719 -9.495 -11.353 -12.593 -13.426 -11.694 -11.581 -12.617 -13.451 -13.97 -14.272 -11.511 -12.924 -13.769 -14.123 -14.304 -13.081 -13.791 -14.143 -14.3 -14.405 -13.741 -13.349 -13.942 -14.364 -14.211 -13.896 -13.718
5.02233 -8.633 -7.407 -9.266 -11.159 -12.451 -13.323 -11.565 -11.396 -12.477 -13.35 -13.902 -14.23 -11.322 -12.798 -13.686 -14.065 -14.265 -12.964 -13.711 -14.086 -14.259 -14.373 -13.664 -13.247 -13.872 -14.352 -14.213 -13.91 -13.645
5.174227 -8.54 -7.087 -9.032 -10.958 -12.302 -13.216 -11.432 -11.205 -12.331 -13.245 -13.831 -14.186 -11.126 -12.666 -13.6 -14.005 -14.223 -12.843 -13.626 -14.027 -14.215 -14.34 -13.584 -13.14 -13.799 -14.338 -14.214 -13.922 -13.571
5.330718 -8.456 -6.759 -8.793 -10.75 -12.149 -13.104 -11.295 -11.006 -12.179 -13.136 -13.757 -14.139 -10.922 -12.53 -13.509 -13.941 -14.179 -12.717 -13.537 -13.964 -14.168 -14.304 -13.501 -13.029 -13.723 -14.322 -14.213 -13.934 -13.493
5.491942 -8.38 -6.425 -8.549 -10.534 -11.989 -12.987 -11.155 -10.8 -12.022 -13.021 -13.68 -14.09 -10.712 -12.388 -13.415 -13.873 -14.133 -12.587 -13.445 -13.898 -14.118 -14.266 -13.414 -12.914 -13.643 -14.305 -14.212 -13.945 -13.413
5.658042 -8.311 -6.084 -8.301 -10.311 -11.823 -12.865 -11.012 -10.587 -11.859 -12.902 -13.598 -14.037 -10.494 -12.241 -13.316 -13.803 -14.083 -12.453 -13.348 -13.829 -14.066 -14.226 -13.324 -12.794 -13.56 -14.286 -14.209 -13.955 -13.331
5.829166 -8.249 -5.738 -8.048 -10.08 -11.651 -12.738 -10.865 -10.366 -11.69 -12.778 -13.514 -13.982 -10.268 -12.088 -13.213 -13.729 -14.031 -12.314 -13.248 -13.756 -14.011 -14.183 -13.23 -12.669 -13.473 -14.265 -14.205 -13.965 -13.246
6.005465 -8.191 -5.389 -7.79 -9.841 -11.472 -12.606 -10.714 -10.138 -11.515 -12.649 -13.425 -13.924 -10.034 -11.929 -13.105 -13.651 -13.976 -12.171 -13.143 -13.68 -13.953 -14.138 -13.133 -12.54 -13.382 -14.242 -14.2 -13.974 -13.159
6.187096 -8.139 -5.041 -7.528 -9.594 -11.287 -12.469 -10.56 -9.902 -11.333 -12.514 -13.332 -13.863 -9.792 -11.765 -12.992 -13.569 -13.917 -12.023 -13.034 -13.6 -13.891 -14.09 -13.032 -12.406 -13.287 -14.217 -14.194 -13.982 -13.07
6.37422 -8.09 -4.696 -7.262 -9.338 -11.095 -12.326 -10.402 -9.657 -11.145 -12.375 -13.236 -13.799 -9.541 -11.594 -12.875 -13.484 -13.856 -11.871 -12.92 -13.516 -13.827 -14.039 -12.927 -12.267 -13.188 -14.191 -14.186 -13.989 -12.978
6.567004 -8.044 -4.361 -6.992 -9.074 -10.897 -12.177 -10.24 -9.404 -10.95 -12.229 -13.135 -13.731 -9.282 -11.417 -12.753 -13.394 -13.791 -11.715 -12.802 -13.429 -13.759 -13.986 -12.818 -12.122 -13.085 -14.162 -14.177 -13.995 -12.883
6.765619 -8.001 -4.041 -6.717 -8.8 -10.691 -12.022 -10.074 -9.143 -10.748 -12.079 -13.031 -13.66 -9.014 -11.234 -12.626 -13.301 -13.723 -11.555 -12.679 -13.337 -13.687 -13.93 -12.705 -11.973 -12.977 -14.131 -14.166 -14.001 -12.787
6.97024 -7.96 -3.744 -6.439 -8.518 -10.478 -11.862 -9.904 -8.872 -10.54 -11.922 -12.922 -13.586 -8.737 -11.044 -12.494 -13.203 -13.652 -11.391 -12.552 -13.242 -13.613 -13.871 -12.588 -11.818 -12.865 -14.098 -14.154 -14.006 -12.688
7.181051 -7.92 -3.475 -6.156 -8.226 -10.257 -11.695 -9.73 -8.593 -10.324 -11.759 -12.808 -13.509 -8.451 -10.847 -12.356 -13.101 -13.577 -11.224 -12.42 -13.142 -13.535 -13.809 -12.467 -11.658 -12.749 -14.062 -14.141 -14.009 -12.588
7.398237 -7.881 -3.24 -5.869 -7.924 -10.029 -11.522 -9.553 -8.304 -10.101 -11.591 -12.69 -13.427 -8.154 -10.643 -12.213 -12.995 -13.499 -11.054 -12.283 -13.039 -13.453 -13.744 -12.342 -11.492 -12.628 -14.025 -14.126 -14.012 -12.485
7.621991 -7.843 -3.042 -5.578 -7.613 -9.792 -11.342 -9.371 -8.006 -9.87 -11.416 -12.568 -13.343 -7.848 -10.433 -12.065 -12.884 -13.417 -10.882 -12.141 -12.93 -13.367 -13.676 -12.212 -11.32 -12.503 -13.985 -14.109 -14.014 -12.381
7.852513 -7.805 -2.879 -5.283 -7.292 -9.548 -11.156 -9.186 -7.698 -9.632 -11.235 -12.441 -13.254 -7.532 -10.215 -11.91 -12.768 -13.331 -10.709 -11.995 -12.818 -13.278 -13.605 -12.078 -11.142 -12.373 -13.942 -14.091 -14.015 -12.275
8.090007 -7.768 -2.749 -4.984 -6.96 -9.295 -10.962 -8.997 -7.379 -9.385 -11.047 -12.309 -13.162 -7.206 -9.989 -11.75 -12.648 -13.242 -10.535 -11.844 -12.701 -13.184 -13.53 -11.939 -10.959 -12.238 -13.897 -14.071 -14.015 -12.168
8.334684 -7.731 -2.645 -4.68 -6.617 -9.034 -10.762 -8.804 -7.051 -9.131 -10.852 -12.172 -13.066 -6.869 -9.756 -11.584 -12.522 -13.148 -10.361 -11.688 -12.58 -13.087 -13.453 -11.795 -10.769 -12.098 -13.849 -14.049 -14.014 -12.059
8.586761 -7.695 -2.562 -4.372 -6.264 -8.765 -10.555 -8.607 -6.712 -8.869 -10.651 -12.03 -12.966 -6.521 -9.515 -11.412 -12.392 -13.051 -10.189 -11.528 -12.454 -12.986 -13.372 -11.647 -10.573 -11.953 -13.799 -14.026 -14.012 -11.95
8.846461 -7.658 -2.494 -4.059 -5.899 -8.486 -10.34 -8.407 -6.362 -8.598 -10.443 -11.884 -12.862 -6.162 -9.267 -11.233 -12.257 -12.949 -10.019 -11.363 -12.323 -12.88 -13.288 -11.494 -10.371 -11.802 -13.746 -14.001 -14.009 -11.84
9.114017 -7.621 -2.437 -3.741 -5.523 -8.198 -10.118 -8.204 -6.001 -8.319 -10.227 -11.732 -12.753 -5.791 -9.01 -11.048 -12.116 -12.843 -9.853 -11.194 -12.187 -12.771 -13.201 -11.336 -10.162 -11.647 -13.69 -13.974 -14.005 -11.73
9.389664 -7.584 -2.387 -3.417 -5.136 -7.902 -9.888 -7.997 -5.629 -8.03 -10.005 -11.574 -12.641 -5.409 -8.744 -10.856 -11.97 -12.733 -9.693 -11.021 -12.047 -12.657 -13.111 -11.172 -9.946 -11.486 -13.632 -13.945 -14.0 -11.62
9.673648 -7.533 -2.334 -3.3 -5.003 -7.79 -9.792 -7.908 -5.5 -7.921 -9.911 -11.495 -12.572 -5.277 -8.64 -10.769 -11.894 -12.665 -9.615 -10.938 -11.972 -12.588 -13.047 -11.092 -9.854 -11.406 -13.576 -13.896 -13.957 -11.552
9.966221 -7.478 -2.28 -3.246 -4.948 -7.735 -9.737 -7.853 -5.445 -7.866 -9.856 -11.441 -12.517 -5.222 -8.586 -10.714 -11.839 -12.61 -9.56 -10.884 -11.918 -12.533 -12.992 -11.037 -9.799 -11.351 -13.521 -13.841 -13.902 -11.497
10.267642 -7.423 -2.225 -3.191 -4.893 -7.68 -9.682 -7.798 -5.39 -7.811 -9.801 -11.386 -12.463 -5.168 -8.531 -10.659 -11.784 -12.555 -9.505 -10.829 -11.863 -12.478 -12.938 -10.982 -9.744 -11.296 -13.466 -13.786 -13.847 -11.442
10.57818 -7.368 -2.17 -3.136 -4.839 -7.625 -9.628 -7.743 -5.335 -7.756 -9.746 -11.331 -12.408 -5.113 -8.476 -10.604 -11.729 -12.5 -9.45 -10.774 -11.808 -12.423 -12.883 -10.927 -9.689 -11.241 -13.411 -13.731 -13.792 -11.388
10.89811 -7.313 -2.115 -3.081 -4.784 -7.57 -9.572 -7.688 -5.28 -7.701 -9.691 -11.276 -12.353 -5.058 -8.421 -10.549 -11.674 -12.445 -9.395 -10.719 -11.753 -12.368 -12.828 -10.872 -9.634 -11.186 -13.356 -13.676 -13.737 -11.333
11.227716 -7.258 -2.06 -3.026 -4.728 -7.515 -9.517 -7.633 -5.225 -7.646 -9.636 -11.221 -12.298 -5.003 -8.366 -10.494 -11.619 -12.39 -9.34 -10.664 -11.698 -12.313 -12.772 -10.817 -9.579 -11.131 -13.301 -13.621 -13.682 -11.277
11.56729 -7.203 -2.005 -2.97 -4.673 -7.46 -9.462 -7.578 -5.17 -7.591 -9.581 -11.166 -12.242 -4.947 -8.31 -10.439 -11.564 -12.335 -9.285 -10.609 -11.642 -12.258 -12.717 -10.762 -9.524 -11.076 -13.246 -13.566 -13.627 -11.222
11.917135 -7.148 -1.949 -2.915 -4.618 -7.405 -9.407 -7.523 -5.115 -7.536 -9.526 -11.11 -12.187 -4.892 -8.255 -10.384 -11.509 -12.28 -9.23 -10.553 -11.587 -12.203 -12.662 -10.707 -9.469 -11.021 -13.191 -13.511 -13.572 -11.167
12.277561 -7.093 -1.894 -2.86 -4.563 -7.35 -9.352 -7.468 -5.06 -7.481 -9.47 -11.055 -12.132 -4.837 -8.2 -10.329 -11.454 -12.224 -9.175 -10.498 -11.532 -12.148 -12.607 -10.652 -9.414 -10.966 -13.136 -13.456 -13.517 -11.112
12.648887 -7.038 -1.839 -2.805 -4.508 -7.295 -9.297 -7.412 -5.005 -7.426 -9.415 -11.0 -12.077 -4.782 -8.145 -10.274 -11.398 -12.169 -9.12 -10.443 -11.477 -12.093 -12.552 -10.597 -9.358 -10.91 -13.08 -13.401 -13.461 -11.057
13.031444 -6.982 -1.784 -2.75 -4.453 -7.24 -9.242 -7.357 -4.95 -7.371 -9.36 -10.945 -12.022 -4.727 -8.09 -10.219 -11.343 -12.114 -9.065 -10.388 -11.422 -12.038 -12.497 -10.542 -9.303 -10.855 -13.025 -13.346 -13.406 -11.002
13.425571 -6.927 -1.729 -2.695 -4.398 -7.184 -9.187 -7.302 -4.894 -7.315 -9.305 -10.89 -11.967 -4.672 -8.035 -10.164 -11.288 -12.059 -9.009 -10.333 -11.367 -11.982 -12.442 -10.487 -9.248 -10.8 -12.97 -13.29 -13.351 -10.947
13.831619 -6.872 -1.674 -2.64 -4.343 -7.129 -9.132 -7.247 -4.839 -7.26 -9.25 -10.835 -11.912 -4.617 -7.98 -10.108 -11.233 -12.004 -8.954 -10.278 -11.312 -11.927 -12.387 -10.431 -9.193 -10.745 -12.915 -13.235 -13.296 -10.892
14.249947 -6.817 -1.619 -2.585 -4.288 -7.074 -9.076 -7.192 -4.784 -7.205 -9.195 -10.78 -11.857 -4.562 -7.925 -10.053 -11.178 -11.949 -8.899 -10.223 -11.257 -11.872 -12.332 -10.376 -9.138 -10.69 -12.86 -13.18 -13.241 -10.837
14.680926 -6.762 -1.564 -2.53 -4.233 -7.019 -9.022 -7.137 -4.729 -7.15 -9.14 -10.725 -11.802 -4.507 -7.87 -9.998 -11.123 -11.894 -8.844 -10.168 -11.202 -11.817 -12.277 -10.321 -9.083 -10.635 -12.805 -13.125 -13.186 -10.782
15.124941 -6.707 -1.509 -2.475 -4.178 -6.965 -8.967 -7.082 -4.675 -7.096 -9.085 -10.67 -11.747 -4.452 -7.815 -9.944 -11.068 -11.839 -8.79 -10.113 -11.147 -11.763 -12.222 -10.267 -9.028 -10.58 -12.75 -13.071 -13.131 -10.727
15.582385 -6.653 -1.454 -2.42 -4.123 -6.91 -8.912 -7.027 -4.62 -7.041 -9.03 -10.615 -11.692 -4.397 -7.76 -9.889 -11.013 -11.784 -8.735 -10.058 -11.092 -11.708 -12.167 -10.212 -8.973 -10.525 -12.696 -13.016 -13.076 -10.672
16.053663 -6.598 -1.4 -2.365 -4.068 -6.855 -8.857 -6.973 -4.565 -6.986 -8.976 -10.561 -11.637 -4.342 -7.705 -9.834 -10.959 -11.73 -8.68 -10.004 -11.037 -11.653 -12.112 -10.157 -8.919 -10.471 -12.641 -12.961 -13.022 -10.617
16.539195 -6.543 -1.345 -2.311 -4.014 -6.801 -8.803 -6.918 -4.511 -6.932 -8.921 -10.506 -11.583 -4.288 -7.651 -9.78 -10.904 -11.675 -8.626 -9.949 -10.983 -11.599 -12.058 -10.103 -8.864 -10.416 -12.586 -12.907 -12.967 -10.563
17.039412 -6.489 -1.291 -2.257 -3.959 -6.746 -8.748 -6.864 -4.456 -6.877 -8.867 -10.452 -11.529 -4.234 -7.597 -9.725 -10.85 -11.621 -8.571 -9.895 -10.929 -11.544 -12.003 -10.048 -8.81 -10.362 -12.532 -12.852 -12.913 -10.508
17.554757 -6.435 -1.236 -2.202 -3.905 -6.692 -8.694 -6.81 -4.402 -6.823 -8.813 -10.397 -11.474 -4.179 -7.542 -9.671 -10.796 -11.567 -8.517 -9.84 -10.874 -11.49 -11.949 -9.994 -8.756 -10.308 -12.478 -12.798 -12.859 -10.454
18.085689 -6.381 -1.182 -2.148 -3.851 -6.638 -8.64 -6.756 -4.348 -6.769 -8.759 -10.343 -11.42 -4.125 -7.488 -9.617 -10.742 -11.513 -8.463 -9.786 -10.82 -11.436 -11.895 -9.94 -8.702 -10.254 -12.424 -12.744 -12.805 -10.4
18.632678 -6.327 -1.129 -2.094 -3.797 -6.584 -8.586 -6.702 -4.294 -6.715 -8.705 -10.29 -11.366 -4.071 -7.434 -9.563 -10.688 -11.459 -8.409 -9.733 -10.766 -11.382 -11.841 -9.886 -8.648 -10.2 -12.37 -12.69 -12.751 -10.346
19.196211 -6.273 -1.075 -2.041 -3.744 -6.53 -8.533 -6.648 -4.241 -6.662 -8.651 -10.236 -11.313 -4.018 -7.381 -9.51 -10.634 -11.405 -8.355 -9.679 -10.713 -11.329 -11.788 -9.833 -8.594 -10.146 -12.316 -12.637 -12.697 -10.293
19.776787 -6.22 -1.022 -1.987 -3.69 -6.477 -8.479 -6.595 -4.187 -6.608 -8.598 -10.183 -11.259 -3.964 -7.327 -9.456 -10.581 -11.352 -8.302 -9.626 -10.659 -11.275 -11.734 -9.779 -8.541 -10.093 -12.263 -12.583 -12.644 -10.239
20.374923 -6.167 -0.968 -1.934 -3.637 -6.424 -8.426 -6.542 -4.134 -6.555 -8.544 -10.129 -11.206 -3.911 -7.274 -9.403 -10.528 -11.298 -8.249 -9.572 -10.606 -11.222 -11.681 -9.726 -8.488 -10.04 -12.21 -12.53 -12.591 -10.186
20.991149 -6.114 -0.915 -1.881 -3.584 -6.371 -8.373 -6.489 -4.081 -6.502 -8.491 -10.076 -11.153 -3.858 -7.221 -9.35 -10.475 -11.245 -8.196 -9.519 -10.553 -11.169 -11.628 -9.673 -8.435 -9.987 -12.157 -12.477 -12.538 -10.133
21.626011 -6.061 -0.863 -1.829 -3.531 -6.318 -8.32 -6.436 -4.028 -6.449 -8.439 -10.024 -11.1 -3.805 -7.168 -9.297 -10.422 -11.193 -8.143 -9.467 -10.501 -11.116 -11.575 -9.62 -8.382 -9.934 -12.104 -12.424 -12.485 -10.08
22.280075 -6.009 -0.81 -1.776 -3.479 -6.266 -8.268 -6.383 -3.976 -6.397 -8.386 -9.971 -11.048 -3.753 -7.116 -9.245 -10.369 -11.14 -8.091 -9.414 -10.448 -11.064 -11.523 -9.568 -8.329 -9.881 -12.051 -12.372 -12.432 -10.028
22.953921 -5.956 -0.758 -1.724 -3.427 -6.213 -8.216 -6.331 -3.923 -6.344 -8.334 -9.919 -10.996 -3.701 -7.064 -9.193 -10.317 -11.088 -8.038 -9.362 -10.396 -11.012 -11.471 -9.516 -8.277 -9.829 -11.999 -12.32 -12.38 -9.976
23.648147 -5.904 -0.706 -1.672 -3.375 -6.161 -8.164 -6.279 -3.872 -6.293 -8.282 -9.867 -10.944 -3.649 -7.012 -9.141 -10.265 -11.036 -7.986 -9.31 -10.344 -10.96 -11.419 -9.464 -8.225 -9.777 -11.947 -12.268 -12.328 -9.924
24.363369 -5.853 -0.654 -1.62 -3.323 -6.11 -8.112 -6.228 -3.82 -6.241 -8.23 -9.815 -10.892 -3.597 -6.96 -9.089 -10.214 -10.984 -7.935 -9.258 -10.292 -10.908 -11.367 -9.412 -8.174 -9.726 -11.896 -12.216 -12.276 -9.872
25.100222 -5.801 -0.603 -1.569 -3.272 -6.058 -8.061 -6.176 -3.768 -6.189 -8.179 -9.764 -10.841 -3.546 -6.909 -9.037 -10.162 -10.933 -7.883 -9.207 -10.241 -10.856 -11.316 -9.36 -8.122 -9.674 -11.844 -12.164 -12.225 -9.821
25.859362 -5.75 -0.552 -1.518 -3.22 -6.007 -8.009 -6.125 -3.717 -6.138 -8.128 -9.713 -10.79 -3.495 -6.858 -8.986 -10.111 -10.882 -7.832 -9.156 -10.19 -10.805 -11.264 -9.309 -8.071 -9.623 -11.793 -12.113 -12.174 -9.769
26.64146 -5.699 -0.501 -1.467 -3.17 -5.956 -7.958 -6.074 -3.666 -6.087 -8.077 -9.662 -10.739 -3.444 -6.807 -8.935 -10.06 -10.831 -7.781 -9.105 -10.139 -10.754 -11.214 -9.258 -8.02 -9.572 -11.742 -12.062 -12.123 -9.719
27.447213 -5.649 -0.45 -1.416 -3.119 -5.906 -7.908 -6.023 -3.616 -6.037 -8.026 -9.611 -10.688 -3.393 -6.756 -8.885 -10.009 -10.78 -7.731 -9.054 -10.088 -10.704 -11.163 -9.208 -7.969 -9.521 -11.692 -12.012 -12.072 -9.668
28.277335 -5.598 -0.4 -1.366 -3.069 -5.855 -7.858 -5.973 -3.565 -5.986 -7.976 -9.561 -10.638 -3.343 -6.706 -8.834 -9.959 -10.73 -7.68 -9.004 -10.038 -10.653 -11.113 -9.157 -7.919 -9.471 -11.641 -11.961 -12.022 -9.618
29.132564 -5.548 -0.35 -1.316 -3.018 -5.805 -7.807 -5.923 -3.515 -5.936 -7.926 -9.511 -10.588 -3.293 -6.656 -8.784 -9.909 -10.68 -7.63 -8.954 -9.988 -10.603 -11.062 -9.107 -7.869 -9.421 -11.591 -11.911 -11.972 -9.567
30.013659 -5.498 -0.3 -1.266 -2.969 -5.755 -7.758 -5.873 -3.465 -5.886 -7.876 -9.461 -10.538 -3.243 -6.606 -8.734 -9.859 -10.63 -7.58 -8.904 -9.938 -10.553 -11.013 -9.058 -7.819 -9.371 -11.541 -11.861 -11.922 -9.518
30.921401 -5.449 -0.25 -1.216 -2.919 -5.706 -7.708 -5.824 -3.416 -5.837 -7.826 -9.411 -10.488 -3.193 -6.556 -8.685 -9.81 -10.58 -7.531 -8.854 -9.888 -10.504 -10.963 -9.008 -7.77 -9.322 -11.492 -11.812 -11.872 -9.468
