web/models/kne.last_good/kappa_0.5_3.0.v2/4/villar_0.0065_0.1397_0.5000.dat
# %ECSV 1.0
# ---
# datatype:
# - {name: time, datatype: float64}
# - {name: swift_uvot_uvw2, datatype: float64}
# - {name: swift_uvot_uvm2, datatype: float64}
# - {name: swift_uvot_uvw1, datatype: float64}
# - {name: swift_uvot_U, datatype: float64}
# - {name: swift_uvot_B, datatype: float64}
# - {name: swift_uvot_V, datatype: float64}
# - {name: swift_uvot_W, datatype: float64}
# - {name: johnson_U, datatype: float64}
# - {name: johnson_B, datatype: float64}
# - {name: johnson_V, datatype: float64}
# - {name: johnson_R, datatype: float64}
# - {name: johnson_I, datatype: float64}
# - {name: sdss_u, datatype: float64}
# - {name: sdss_g, datatype: float64}
# - {name: sdss_r, datatype: float64}
# - {name: sdss_i, datatype: float64}
# - {name: sdss_z, datatype: float64}
# - {name: PS1_g, datatype: float64}
# - {name: PS1_r, datatype: float64}
# - {name: PS1_i, datatype: float64}
# - {name: PS1_z, datatype: float64}
# - {name: PS1_Y, datatype: float64}
# - {name: PS1_w, datatype: float64}
# - {name: ATLAS_c, datatype: float64}
# - {name: ATLAS_o, datatype: float64}
# - {name: ukirt_J, datatype: float64}
# - {name: ukirt_H, datatype: float64}
# - {name: ukirt_K, datatype: float64}
# - {name: Clear, datatype: float64}
# meta: !!omap
# - comment: [kappa = 0.5, type = villar, mass = 0.006451950121499907, velocity = 0.13966666666666672, theta_obs = 0.0, tfloor = 2500.0]
# schema: astropy-2.0
time swift_uvot_uvw2 swift_uvot_uvm2 swift_uvot_uvw1 swift_uvot_U swift_uvot_B swift_uvot_V swift_uvot_W johnson_U johnson_B johnson_V johnson_R johnson_I sdss_u sdss_g sdss_r sdss_i sdss_z PS1_g PS1_r PS1_i PS1_z PS1_Y PS1_w ATLAS_c ATLAS_o ukirt_J ukirt_H ukirt_K Clear
[from data line 276]
3.728232 -6.238 -1.04 -2.006 -3.709 -6.495 -8.498 -6.613 -4.205 -6.626 -8.616 -10.201 -11.278 -3.983 -7.346 -9.474 -10.599 -11.37 -8.32 -9.644 -10.678 -11.293 -11.753 -9.797 -8.559 -10.111 -12.281 -12.601 -12.662 -10.258
3.84099 -6.182 -0.984 -1.95 -3.653 -6.439 -8.442 -6.557 -4.149 -6.57 -8.56 -10.145 -11.222 -3.927 -7.29 -9.419 -10.543 -11.314 -8.264 -9.588 -10.622 -11.237 -11.697 -9.742 -8.503 -10.055 -12.225 -12.546 -12.606 -10.202
3.957158 -6.127 -0.928 -1.894 -3.597 -6.384 -8.386 -6.501 -4.094 -6.515 -8.504 -10.089 -11.166 -3.871 -7.234 -9.363 -10.487 -11.258 -8.209 -9.532 -10.566 -11.182 -11.641 -9.686 -8.447 -9.999 -12.169 -12.49 -12.55 -10.146
4.07684 -6.071 -0.872 -1.838 -3.541 -6.328 -8.33 -6.446 -4.038 -6.459 -8.448 -10.033 -11.11 -3.815 -7.178 -9.307 -10.432 -11.202 -8.153 -9.476 -10.51 -11.126 -11.585 -9.63 -8.392 -9.944 -12.114 -12.434 -12.495 -10.09
4.200141 -6.015 -0.817 -1.782 -3.485 -6.272 -8.274 -6.39 -3.982 -6.403 -8.393 -9.978 -11.054 -3.759 -7.122 -9.251 -10.376 -11.147 -8.097 -9.421 -10.454 -11.07 -11.529 -9.574 -8.336 -9.888 -12.058 -12.378 -12.439 -10.034
4.327172 -5.959 -0.761 -1.727 -3.43 -6.216 -8.219 -6.334 -3.927 -6.348 -8.337 -9.922 -10.999 -3.704 -7.067 -9.196 -10.32 -11.091 -8.041 -9.365 -10.399 -11.015 -11.474 -9.519 -8.28 -9.832 -12.002 -12.323 -12.383 -9.979
4.458044 -5.904 -0.705 -1.671 -3.374 -6.161 -8.163 -6.279 -3.871 -6.292 -8.281 -9.866 -10.943 -3.648 -7.011 -9.14 -10.265 -11.035 -7.986 -9.309 -10.343 -10.959 -11.418 -9.463 -8.225 -9.777 -11.947 -12.267 -12.328 -9.923
4.592874 -5.848 -0.65 -1.616 -3.318 -6.105 -8.107 -6.223 -3.815 -6.236 -8.226 -9.811 -10.888 -3.593 -6.956 -9.084 -10.209 -10.98 -7.93 -9.254 -10.288 -10.903 -11.363 -9.407 -8.169 -9.721 -11.891 -12.211 -12.272 -9.868
4.731783 -5.793 -0.594 -1.56 -3.263 -6.05 -8.052 -6.167 -3.76 -6.181 -8.17 -9.755 -10.832 -3.537 -6.9 -9.029 -10.154 -10.924 -7.875 -9.198 -10.232 -10.848 -11.307 -9.352 -8.113 -9.666 -11.836 -12.156 -12.216 -9.812
4.874892 -5.737 -0.539 -1.505 -3.207 -5.994 -7.996 -6.112 -3.704 -6.125 -8.115 -9.7 -10.777 -3.482 -6.845 -8.973 -10.098 -10.869 -7.819 -9.143 -10.177 -10.792 -11.251 -9.296 -8.058 -9.61 -11.78 -12.1 -12.161 -9.756
5.02233 -5.682 -0.483 -1.449 -3.152 -5.939 -7.941 -6.056 -3.649 -6.07 -8.059 -9.644 -10.721 -3.426 -6.789 -8.918 -10.042 -10.813 -7.764 -9.087 -10.121 -10.737 -11.196 -9.241 -8.002 -9.554 -11.724 -12.045 -12.105 -9.701
5.174227 -5.626 -0.428 -1.393 -3.096 -5.883 -7.885 -6.001 -3.593 -6.014 -8.004 -9.589 -10.665 -3.37 -6.733 -8.862 -9.987 -10.758 -7.708 -9.032 -10.065 -10.681 -11.14 -9.185 -7.947 -9.499 -11.669 -11.989 -12.05 -9.645
5.330718 -5.57 -0.372 -1.338 -3.041 -5.827 -7.83 -5.945 -3.538 -5.959 -7.948 -9.533 -10.61 -3.315 -6.678 -8.807 -9.931 -10.702 -7.652 -8.976 -10.01 -10.626 -11.085 -9.13 -7.891 -9.443 -11.613 -11.934 -11.994 -9.59
5.491942 -5.515 -0.316 -1.282 -2.985 -5.772 -7.774 -5.89 -3.482 -5.903 -7.892 -9.477 -10.554 -3.259 -6.622 -8.751 -9.876 -10.646 -7.597 -8.92 -9.954 -10.57 -11.029 -9.074 -7.836 -9.388 -11.558 -11.878 -11.939 -9.534
5.658042 -5.459 -0.261 -1.227 -2.929 -5.716 -7.718 -5.834 -3.426 -5.847 -7.837 -9.422 -10.498 -3.203 -6.567 -8.695 -9.82 -10.591 -7.541 -8.865 -9.899 -10.514 -10.973 -9.018 -7.78 -9.332 -11.502 -11.822 -11.883 -9.478
5.829166 -5.403 -0.205 -1.171 -2.874 -5.66 -7.663 -5.778 -3.37 -5.791 -7.781 -9.366 -10.443 -3.148 -6.511 -8.64 -9.764 -10.535 -7.485 -8.809 -9.843 -10.458 -10.918 -8.963 -7.724 -9.276 -11.446 -11.767 -11.827 -9.423
6.005465 -5.348 -0.149 -1.115 -2.818 -5.605 -7.607 -5.722 -3.315 -5.736 -7.725 -9.31 -10.387 -3.092 -6.455 -8.584 -9.708 -10.479 -7.43 -8.753 -9.787 -10.403 -10.862 -8.907 -7.668 -9.22 -11.39 -11.711 -11.771 -9.367
6.187096 -5.292 -0.093 -1.059 -2.762 -5.549 -7.551 -5.666 -3.259 -5.68 -7.669 -9.254 -10.331 -3.036 -6.399 -8.528 -9.653 -10.423 -7.374 -8.697 -9.731 -10.347 -10.806 -8.851 -7.612 -9.165 -11.335 -11.655 -11.715 -9.311
6.37422 -5.236 -0.037 -1.003 -2.706 -5.493 -7.495 -5.611 -3.203 -5.624 -7.613 -9.198 -10.275 -2.98 -6.343 -8.472 -9.597 -10.367 -7.318 -8.641 -9.675 -10.291 -10.75 -8.795 -7.557 -9.109 -11.279 -11.599 -11.659 -9.255
6.567004 -5.18 0.019 -0.947 -2.65 -5.437 -7.439 -5.554 -3.147 -5.568 -7.557 -9.142 -10.219 -2.924 -6.287 -8.416 -9.54 -10.311 -7.262 -8.585 -9.619 -10.235 -10.694 -8.739 -7.5 -9.053 -11.223 -11.543 -11.603 -9.199
6.765619 -5.124 0.075 -0.891 -2.594 -5.381 -7.383 -5.498 -3.091 -5.512 -7.501 -9.086 -10.163 -2.868 -6.231 -8.36 -9.484 -10.255 -7.206 -8.529 -9.563 -10.179 -10.638 -8.683 -7.444 -8.996 -11.166 -11.487 -11.547 -9.143
6.97024 -5.067 0.131 -0.835 -2.538 -5.324 -7.327 -5.442 -3.034 -5.455 -7.445 -9.03 -10.107 -2.812 -6.175 -8.303 -9.428 -10.199 -7.149 -8.473 -9.507 -10.122 -10.582 -8.626 -7.388 -8.94 -11.11 -11.43 -11.491 -9.087
7.181051 -5.011 0.188 -0.778 -2.481 -5.268 -7.27 -5.386 -2.978 -5.399 -7.389 -8.973 -10.05 -2.755 -6.118 -8.247 -9.372 -10.143 -7.093 -8.416 -9.45 -10.066 -10.525 -8.57 -7.332 -8.884 -11.054 -11.374 -11.435 -9.03
7.398237 -4.954 0.244 -0.722 -2.425 -5.212 -7.214 -5.329 -2.922 -5.343 -7.332 -8.917 -9.994 -2.699 -6.062 -8.191 -9.315 -10.086 -7.037 -8.36 -9.394 -10.01 -10.469 -8.514 -7.275 -8.827 -10.997 -11.318 -11.378 -8.974
7.621991 -4.898 0.301 -0.665 -2.368 -5.155 -7.157 -5.273 -2.865 -5.286 -7.276 -8.86 -9.937 -2.642 -6.005 -8.134 -9.259 -10.03 -6.98 -8.303 -9.337 -9.953 -10.412 -8.457 -7.219 -8.771 -10.941 -11.261 -11.322 -8.917
7.852513 -4.841 0.357 -0.609 -2.311 -5.098 -7.1 -5.216 -2.808 -5.229 -7.219 -8.804 -9.881 -2.586 -5.949 -8.077 -9.202 -9.973 -6.923 -8.247 -9.281 -9.896 -10.355 -8.4 -7.162 -8.714 -10.884 -11.204 -11.265 -8.86
8.090007 -4.784 0.414 -0.552 -2.255 -5.041 -7.044 -5.159 -2.751 -5.172 -7.162 -8.747 -9.824 -2.529 -5.892 -8.02 -9.145 -9.916 -6.866 -8.19 -9.224 -9.839 -10.299 -8.344 -7.105 -8.657 -10.827 -11.147 -11.208 -8.804
8.334684 -4.727 0.471 -0.495 -2.198 -4.984 -6.987 -5.102 -2.694 -5.115 -7.105 -8.69 -9.767 -2.472 -5.835 -7.964 -9.088 -9.859 -6.809 -8.133 -9.167 -9.783 -10.242 -8.287 -7.048 -8.6 -10.77 -11.091 -11.151 -8.747
8.586761 -4.67 0.528 -0.438 -2.141 -4.927 -6.93 -5.045 -2.637 -5.058 -7.048 -8.633 -9.71 -2.415 -5.778 -7.906 -9.031 -9.802 -6.752 -8.076 -9.11 -9.725 -10.185 -8.229 -6.991 -8.543 -10.713 -11.033 -11.094 -8.69
8.846461 -4.613 0.585 -0.381 -2.083 -4.87 -6.872 -4.988 -2.58 -5.001 -6.991 -8.576 -9.652 -2.357 -5.721 -7.849 -8.974 -9.745 -6.695 -8.019 -9.053 -9.668 -10.127 -8.172 -6.934 -8.486 -10.656 -10.976 -11.037 -8.632
9.114017 -4.556 0.643 -0.323 -2.026 -4.813 -6.815 -4.931 -2.523 -4.944 -6.933 -8.518 -9.595 -2.3 -5.663 -7.792 -8.917 -9.687 -6.638 -7.961 -8.995 -9.611 -10.07 -8.115 -6.877 -8.429 -10.599 -10.919 -10.98 -8.575
9.389664 -4.498 0.7 -0.266 -1.969 -4.755 -6.758 -4.873 -2.465 -4.886 -6.876 -8.461 -9.538 -2.243 -5.606 -7.734 -8.859 -9.63 -6.58 -7.904 -8.938 -9.553 -10.013 -8.057 -6.819 -8.371 -10.541 -10.861 -10.922 -8.518
9.673648 -4.441 0.758 -0.208 -1.911 -4.698 -6.7 -4.815 -2.408 -4.829 -6.818 -8.403 -9.48 -2.185 -5.548 -7.677 -8.802 -9.572 -6.523 -7.846 -8.88 -9.496 -9.955 -8.0 -6.761 -8.314 -10.484 -10.804 -10.864 -8.46
9.966221 -4.383 0.815 -0.15 -1.853 -4.64 -6.642 -4.758 -2.35 -4.771 -6.761 -8.345 -9.422 -2.127 -5.49 -7.619 -8.744 -9.515 -6.465 -7.789 -8.822 -9.438 -9.897 -7.942 -6.704 -8.256 -10.426 -10.746 -10.807 -8.402
10.267642 -4.325 0.873 -0.093 -1.795 -4.582 -6.584 -4.7 -2.292 -4.713 -6.703 -8.288 -9.364 -2.069 -5.433 -7.561 -8.686 -9.457 -6.407 -7.731 -8.765 -9.38 -9.839 -7.884 -6.646 -8.198 -10.368 -10.688 -10.749 -8.344
10.57818 -4.267 0.931 -0.035 -1.737 -4.524 -6.526 -4.642 -2.234 -4.655 -6.645 -8.23 -9.307 -2.012 -5.375 -7.503 -8.628 -9.399 -6.349 -7.673 -8.707 -9.322 -9.781 -7.826 -6.588 -8.14 -10.31 -10.63 -10.691 -8.286
10.89811 -4.209 0.989 0.024 -1.679 -4.466 -6.468 -4.584 -2.176 -4.597 -6.587 -8.172 -9.248 -1.953 -5.316 -7.445 -8.57 -9.341 -6.291 -7.615 -8.648 -9.264 -9.723 -7.768 -6.53 -8.082 -10.252 -10.572 -10.633 -8.228
11.227716 -4.151 1.048 0.082 -1.621 -4.408 -6.41 -4.526 -2.118 -4.539 -6.528 -8.113 -9.19 -1.895 -5.258 -7.387 -8.512 -9.282 -6.233 -7.556 -8.59 -9.206 -9.665 -7.71 -6.472 -8.024 -10.194 -10.514 -10.575 -8.17
11.56729 -4.092 1.106 0.14 -1.563 -4.349 -6.352 -4.467 -2.059 -4.48 -6.47 -8.055 -9.132 -1.837 -5.2 -7.329 -8.453 -9.224 -6.174 -7.498 -8.532 -9.148 -9.607 -7.652 -6.413 -7.965 -10.135 -10.456 -10.516 -8.112
11.917135 -4.034 1.165 0.199 -1.504 -4.291 -6.293 -4.409 -2.001 -4.422 -6.412 -7.996 -9.073 -1.778 -5.141 -7.27 -8.395 -9.166 -6.116 -7.439 -8.473 -9.089 -9.548 -7.593 -6.355 -7.907 -10.077 -10.397 -10.458 -8.053
12.277561 -3.975 1.223 0.257 -1.446 -4.232 -6.234 -4.35 -1.942 -4.363 -6.353 -7.938 -9.015 -1.72 -5.083 -7.211 -8.336 -9.107 -6.057 -7.381 -8.415 -9.03 -9.49 -7.534 -6.296 -7.848 -10.018 -10.338 -10.399 -7.995
12.648887 -3.916 1.282 0.316 -1.387 -4.174 -6.176 -4.291 -1.884 -4.305 -6.294 -7.879 -8.956 -1.661 -5.024 -7.153 -8.277 -9.048 -5.999 -7.322 -8.356 -8.972 -9.431 -7.476 -6.237 -7.789 -9.959 -10.28 -10.34 -7.936
13.031444 -3.858 1.341 0.375 -1.328 -4.115 -6.117 -4.232 -1.825 -4.246 -6.235 -7.82 -8.897 -1.602 -4.965 -7.094 -8.218 -8.989 -5.94 -7.263 -8.297 -8.913 -9.372 -7.417 -6.178 -7.73 -9.9 -10.221 -10.281 -7.877
13.425571 -3.799 1.4 0.434 -1.269 -4.056 -6.058 -4.173 -1.766 -4.187 -6.176 -7.761 -8.838 -1.543 -4.906 -7.035 -8.159 -8.93 -5.881 -7.204 -8.238 -8.854 -9.313 -7.358 -6.119 -7.671 -9.841 -10.162 -10.222 -7.818
13.831619 -3.739 1.459 0.493 -1.21 -3.997 -5.999 -4.114 -1.707 -4.128 -6.117 -7.702 -8.779 -1.484 -4.847 -6.976 -8.1 -8.871 -5.822 -7.145 -8.179 -8.795 -9.254 -7.299 -6.06 -7.612 -9.782 -10.103 -10.163 -7.759
14.249947 -3.68 1.518 0.552 -1.15 -3.937 -5.939 -4.055 -1.647 -4.068 -6.058 -7.643 -8.72 -1.425 -4.788 -6.916 -8.041 -8.812 -5.762 -7.086 -8.12 -8.735 -9.195 -7.239 -6.001 -7.553 -9.723 -10.043 -10.104 -7.7
14.680926 -3.621 1.578 0.612 -1.091 -3.878 -5.88 -3.996 -1.588 -4.009 -5.999 -7.583 -8.66 -1.365 -4.728 -6.857 -7.982 -8.753 -5.703 -7.026 -8.06 -8.676 -9.135 -7.18 -5.942 -7.494 -9.664 -9.984 -10.045 -7.64
15.124941 -3.561 1.637 0.671 -1.032 -3.818 -5.821 -3.936 -1.528 -3.949 -5.939 -7.524 -8.601 -1.306 -4.669 -6.798 -7.922 -8.693 -5.643 -6.967 -8.001 -8.616 -9.076 -7.121 -5.882 -7.434 -9.604 -9.925 -9.985 -7.581
15.582385 -3.502 1.697 0.731 -0.972 -3.759 -5.761 -3.877 -1.469 -3.89 -5.879 -7.464 -8.541 -1.246 -4.609 -6.738 -7.863 -8.633 -5.584 -6.907 -7.941 -8.557 -9.016 -7.061 -5.823 -7.375 -9.545 -9.865 -9.925 -7.521
16.053663 -3.442 1.756 0.791 -0.912 -3.699 -5.701 -3.817 -1.409 -3.83 -5.82 -7.405 -8.481 -1.186 -4.549 -6.678 -7.803 -8.574 -5.524 -6.848 -7.881 -8.497 -8.956 -7.001 -5.763 -7.315 -9.485 -9.805 -9.866 -7.461
16.539195 -3.382 1.816 0.85 -0.852 -3.639 -5.641 -3.757 -1.349 -3.77 -5.76 -7.345 -8.422 -1.127 -4.49 -6.618 -7.743 -8.514 -5.464 -6.788 -7.822 -8.437 -8.896 -6.941 -5.703 -7.255 -9.425 -9.745 -9.806 -7.401
17.039412 -3.322 1.876 0.91 -0.792 -3.579 -5.581 -3.697 -1.289 -3.71 -5.7 -7.285 -8.362 -1.067 -4.43 -6.558 -7.683 -8.454 -5.404 -6.728 -7.762 -8.377 -8.837 -6.881 -5.643 -7.195 -9.365 -9.685 -9.746 -7.341
17.554757 -3.262 1.936 0.97 -0.732 -3.519 -5.521 -3.637 -1.229 -3.65 -5.64 -7.225 -8.302 -1.007 -4.37 -6.498 -7.623 -8.394 -5.344 -6.668 -7.702 -8.317 -8.776 -6.821 -5.583 -7.135 -9.305 -9.625 -9.686 -7.281
18.085689 -3.202 1.996 1.031 -0.672 -3.459 -5.461 -3.577 -1.169 -3.59 -5.58 -7.164 -8.241 -0.946 -4.309 -6.438 -7.563 -8.334 -5.284 -6.607 -7.641 -8.257 -8.716 -6.761 -5.523 -7.075 -9.245 -9.565 -9.626 -7.221
18.632678 -3.142 2.057 1.091 -0.612 -3.399 -5.401 -3.516 -1.109 -3.53 -5.519 -7.104 -8.181 -0.886 -4.249 -6.378 -7.502 -8.273 -5.224 -6.547 -7.581 -8.197 -8.656 -6.701 -5.462 -7.014 -9.185 -9.505 -9.565 -7.161
19.196211 -3.081 2.117 1.151 -0.552 -3.338 -5.34 -3.456 -1.048 -3.469 -5.459 -7.044 -8.121 -0.826 -4.189 -6.317 -7.442 -8.213 -5.163 -6.487 -7.521 -8.136 -8.596 -6.64 -5.402 -6.954 -9.124 -9.444 -9.505 -7.101
19.776787 -3.021 2.178 1.212 -0.491 -3.278 -5.28 -3.396 -0.988 -3.409 -5.398 -6.983 -8.06 -0.765 -4.128 -6.257 -7.382 -8.152 -5.103 -6.426 -7.46 -8.076 -8.535 -6.58 -5.342 -6.894 -9.064 -9.384 -9.444 -7.04
20.374923 -2.96 2.238 1.272 -0.43 -3.217 -5.219 -3.335 -0.927 -3.348 -5.338 -6.923 -7.999 -0.704 -4.068 -6.196 -7.321 -8.092 -5.042 -6.366 -7.4 -8.015 -8.474 -6.519 -5.281 -6.833 -9.003 -9.323 -9.384 -6.979
20.991149 -2.899 2.299 1.333 -0.37 -3.156 -5.159 -3.274 -0.866 -3.287 -5.277 -6.862 -7.939 -0.644 -4.007 -6.136 -7.26 -8.031 -4.981 -6.305 -7.339 -7.954 -8.414 -6.459 -5.22 -6.772 -8.942 -9.262 -9.323 -6.919
21.626011 -2.838 2.36 1.394 -0.309 -3.096 -5.098 -3.213 -0.806 -3.227 -5.216 -6.801 -7.878 -0.583 -3.946 -6.075 -7.199 -7.97 -4.921 -6.244 -7.278 -7.894 -8.353 -6.398 -5.159 -6.711 -8.881 -9.202 -9.262 -6.858
22.280075 -2.778 2.421 1.455 -0.248 -3.035 -5.037 -3.152 -0.745 -3.166 -5.155 -6.74 -7.817 -0.522 -3.885 -6.014 -7.138 -7.909 -4.86 -6.183 -7.217 -7.833 -8.292 -6.337 -5.098 -6.65 -8.82 -9.141 -9.201 -6.797
22.953921 -2.716 2.482 1.516 -0.187 -2.974 -4.976 -3.091 -0.684 -3.105 -5.094 -6.679 -7.756 -0.461 -3.824 -5.953 -7.077 -7.848 -4.799 -6.122 -7.156 -7.772 -8.231 -6.276 -5.037 -6.589 -8.759 -9.08 -9.14 -6.736
23.648147 -2.655 2.543 1.577 -0.126 -2.912 -4.915 -3.03 -0.622 -3.043 -5.033 -6.618 -7.695 -0.4 -3.763 -5.892 -7.016 -7.787 -4.737 -6.061 -7.095 -7.71 -8.17 -6.215 -4.976 -6.528 -8.698 -9.018 -9.079 -6.675
24.363369 -2.594 2.604 1.638 -0.064 -2.851 -4.853 -2.969 -0.561 -2.982 -4.972 -6.557 -7.633 -0.338 -3.701 -5.83 -6.955 -7.726 -4.676 -6.0 -7.034 -7.649 -8.108 -6.153 -4.915 -6.467 -8.637 -8.957 -9.018 -6.613
25.100222 -2.533 2.666 1.7 -0.003 -2.79 -4.792 -2.908 -0.5 -2.921 -4.91 -6.495 -7.572 -0.277 -3.64 -5.769 -6.894 -7.664 -4.615 -5.938 -6.972 -7.588 -8.047 -6.092 -4.854 -6.406 -8.576 -8.896 -8.956 -6.552
25.859362 -2.471 2.727 1.761 0.058 -2.728 -4.73 -2.846 -0.438 -2.859 -4.849 -6.434 -7.511 -0.216 -3.579 -5.707 -6.832 -7.603 -4.553 -5.877 -6.911 -7.526 -7.986 -6.03 -4.792 -6.344 -8.514 -8.834 -8.895 -6.491
26.64146 -2.41 2.789 1.823 0.12 -2.667 -4.669 -2.784 -0.377 -2.798 -4.787 -6.372 -7.449 -0.154 -3.517 -5.646 -6.771 -7.541 -4.492 -5.815 -6.849 -7.465 -7.924 -5.969 -4.73 -6.283 -8.453 -8.773 -8.833 -6.429
27.447213 -2.348 2.85 1.885 0.182 -2.605 -4.607 -2.723 -0.315 -2.736 -4.726 -6.311 -7.387 -0.092 -3.455 -5.584 -6.709 -7.48 -4.43 -5.754 -6.787 -7.403 -7.862 -5.907 -4.669 -6.221 -8.391 -8.711 -8.772 -6.367
28.277335 -2.286 2.912 1.946 0.243 -2.543 -4.546 -2.661 -0.253 -2.674 -4.664 -6.249 -7.326 -0.031 -3.394 -5.522 -6.647 -7.418 -4.368 -5.692 -6.726 -7.341 -7.801 -5.845 -4.607 -6.159 -8.329 -8.649 -8.71 -6.306
29.132564 -2.224 2.974 2.008 0.305 -2.482 -4.484 -2.599 -0.192 -2.613 -4.602 -6.187 -7.264 0.031 -3.332 -5.461 -6.585 -7.356 -4.307 -5.63 -6.664 -7.28 -7.739 -5.784 -4.545 -6.097 -8.267 -8.588 -8.648 -6.244
30.013659 -2.162 3.036 2.07 0.367 -2.42 -4.422 -2.537 -0.13 -2.551 -4.54 -6.125 -7.202 0.093 -3.27 -5.399 -6.523 -7.294 -4.245 -5.568 -6.602 -7.218 -7.677 -5.722 -4.483 -6.035 -8.205 -8.526 -8.586 -6.182
30.921401 -2.1 3.098 2.132 0.429 -2.358 -4.36 -2.475 -0.068 -2.489 -4.478 -6.063 -7.14 0.155 -3.208 -5.337 -6.461 -7.232 -4.183 -5.506 -6.54 -7.156 -7.615 -5.66 -4.421 -5.973 -8.143 -8.464 -8.524 -6.12
31.856598 -2.038 3.16 2.194 0.491 -2.295 -4.298 -2.413 -0.005 -2.426 -4.416 -6.001 -7.078 0.217 -3.146 -5.274 -6.399 -7.17 -4.12 -5.444 -6.478 -7.093 -7.553 -5.598 -4.359 -5.911 -8.081 -8.401 -8.462 -6.058
32.820079 -1.976 3.222 2.256 0.554 -2.233 -4.235 -2.351 0.057 -2.364 -4.354 -5.939 -7.015 0.28 -3.084 -5.212 -6.337 -7.108 -4.058 -5.382 -6.416 -7.031 -7.49 -5.535 -4.297 -5.849 -8.019 -8.339 -8.4 -5.995
33.8127 -1.914 3.285 2.319 0.616 -2.171 -4.173 -2.289 0.119 -2.302 -4.291 -5.876 -6.953 0.342 -3.021 -5.15 -6.275 -7.045 -3.996 -5.319 -6.353 -6.969 -7.428 -5.473 -4.235 -5.787 -7.957 -8.277 -8.338 -5.933
