web/models/kne.last_good/kappa_1_10/38/villar_0.0512_0.0457_1.0000.dat
# %ECSV 1.0
# ---
# datatype:
# - {name: time, datatype: float64}
# - {name: swift_uvot_uvw2, datatype: float64}
# - {name: swift_uvot_uvm2, datatype: float64}
# - {name: swift_uvot_uvw1, datatype: float64}
# - {name: swift_uvot_U, datatype: float64}
# - {name: swift_uvot_B, datatype: float64}
# - {name: swift_uvot_V, datatype: float64}
# - {name: swift_uvot_W, datatype: float64}
# - {name: johnson_U, datatype: float64}
# - {name: johnson_B, datatype: float64}
# - {name: johnson_V, datatype: float64}
# - {name: johnson_R, datatype: float64}
# - {name: johnson_I, datatype: float64}
# - {name: sdss_u, datatype: float64}
# - {name: sdss_g, datatype: float64}
# - {name: sdss_r, datatype: float64}
# - {name: sdss_i, datatype: float64}
# - {name: sdss_z, datatype: float64}
# - {name: PS1_g, datatype: float64}
# - {name: PS1_r, datatype: float64}
# - {name: PS1_i, datatype: float64}
# - {name: PS1_z, datatype: float64}
# - {name: PS1_Y, datatype: float64}
# - {name: PS1_w, datatype: float64}
# - {name: ATLAS_c, datatype: float64}
# - {name: ATLAS_o, datatype: float64}
# - {name: ukirt_J, datatype: float64}
# - {name: ukirt_H, datatype: float64}
# - {name: ukirt_K, datatype: float64}
# - {name: Clear, datatype: float64}
# meta: !!omap
# - comment: [kappa = 1.0, type = villar, mass = 0.051209162050732976, velocity = 0.04566666666666669, theta_obs = 0.0]
# schema: astropy-2.0
time swift_uvot_uvw2 swift_uvot_uvm2 swift_uvot_uvw1 swift_uvot_U swift_uvot_B swift_uvot_V swift_uvot_W johnson_U johnson_B johnson_V johnson_R johnson_I sdss_u sdss_g sdss_r sdss_i sdss_z PS1_g PS1_r PS1_i PS1_z PS1_Y PS1_w ATLAS_c ATLAS_o ukirt_J ukirt_H ukirt_K Clear
[from data line 361]
46.926954 40.559 45.775 69.009 79.576 67.747 59.759 42.827 77.532 65.461 57.71 49.353 44.366 78.846 63.692 54.844 49.324 44.859 39.293 39.498 39.477 39.061 37.315 50.562 57.114 50.297 39.132 35.632 33.006 37.529
48.346227 43.518 48.734 71.968 82.535 70.706 62.718 45.786 80.491 68.42 60.669 52.312 47.325 81.805 66.651 57.803 52.283 47.818 42.252 42.457 42.436 42.02 40.274 53.521 60.073 53.256 42.091 38.591 35.965 40.488
49.808426 46.659 51.874 75.109 85.675 73.847 65.858 48.927 83.632 71.561 63.81 55.453 50.466 84.946 69.792 60.944 55.424 50.958 45.393 45.598 45.576 45.161 43.415 56.662 63.214 56.397 45.232 41.731 39.105 43.629
51.314848 49.992 55.208 78.443 89.009 77.18 69.192 52.261 86.966 74.894 67.143 58.787 53.8 88.28 73.125 64.277 58.758 54.292 48.727 48.931 48.91 48.495 46.749 59.996 66.547 59.73 48.566 45.065 42.439 46.963
52.86683 53.53 58.746 81.981 92.547 80.718 72.73 55.799 90.504 78.433 70.681 62.325 57.338 91.818 76.663 67.816 62.296 57.83 52.265 52.47 52.448 52.033 50.287 63.534 70.085 63.269 52.104 48.603 45.977 50.501
54.465752 57.286 62.502 85.736 96.303 84.474 76.486 59.554 94.259 82.188 74.437 66.08 61.093 95.573 80.419 71.571 66.051 61.586 56.02 56.225 56.204 55.788 54.042 67.289 73.841 67.024 55.859 52.359 49.733 54.256
56.113031 61.272 66.488 89.723 100.289 88.46 80.472 63.54 98.246 86.174 78.423 70.066 65.08 99.56 84.405 75.557 70.037 65.572 60.006 60.211 60.19 59.774 58.029 71.275 77.827 71.01 59.845 56.345 53.719 58.243
57.810132 65.503 70.719 93.953 104.52 92.691 84.703 67.771 102.476 90.405 82.654 74.297 69.31 103.79 88.636 79.788 74.268 69.803 64.237 64.442 64.421 64.005 62.259 75.506 82.058 75.241 64.076 60.576 57.95 62.473
59.55856 69.994 75.209 98.444 109.01 97.182 89.193 72.262 106.967 94.896 87.145 78.788 73.801 108.281 93.127 84.279 78.759 74.293 68.728 68.933 68.911 68.496 66.75 79.997 86.549 79.732 68.567 65.066 62.44 66.964
61.359868 74.76 79.976 103.211 113.777 101.948 93.96 77.028 111.733 99.662 91.911 83.554 78.568 113.047 97.893 89.045 83.525 79.06 73.494 73.699 73.678 73.262 71.516 84.763 91.315 84.498 73.333 69.833 67.207 71.731
63.215655 79.819 85.035 108.27 118.836 107.007 99.019 82.087 116.793 104.721 96.97 88.613 83.627 118.107 102.952 94.104 88.585 84.119 78.553 78.758 78.737 78.321 76.576 89.822 96.374 89.557 78.392 74.892 72.266 76.79
65.127569 85.189 90.404 113.639 124.205 112.377 104.389 87.457 122.162 110.091 102.34 93.983 88.996 123.476 108.322 99.474 93.954 89.489 83.923 84.128 84.106 83.691 81.945 95.192 101.744 94.927 83.762 80.262 77.636 82.159
67.097308 90.888 96.104 119.339 129.905 118.076 110.088 93.157 127.862 115.791 108.039 99.683 94.696 129.176 114.021 105.173 99.654 95.188 89.623 89.827 89.806 89.391 87.645 100.892 107.443 100.626 89.462 85.961 83.335 87.859
69.126621 96.938 102.153 125.388 135.954 124.126 116.137 99.206 133.911 121.84 114.089 105.732 100.745 135.225 120.071 111.223 105.703 101.237 95.672 95.877 95.855 95.44 93.694 106.941 113.493 106.676 95.511 92.01 89.385 93.908
71.217308 103.359 108.574 131.809 142.375 130.547 122.558 105.627 140.332 128.261 120.509 112.153 107.166 141.646 126.492 117.644 112.124 107.658 102.093 102.298 102.276 101.861 100.115 113.362 119.913 113.097 101.932 98.431 95.805 100.329
73.371227 110.174 115.389 138.624 149.19 137.362 129.373 112.442 147.147 135.076 127.325 118.968 113.981 148.461 133.307 124.459 118.939 114.473 108.908 109.113 109.091 108.676 106.93 120.177 126.729 119.912 108.747 105.246 102.621 107.144
75.59029 117.407 122.623 145.858 156.424 144.595 136.607 119.676 154.381 142.31 134.558 126.202 121.215 155.695 140.54 131.692 126.173 121.707 116.142 116.346 116.325 115.91 114.164 127.411 133.962 127.145 115.981 112.48 109.854 114.378
77.876467 125.085 130.301 153.536 164.102 152.273 144.285 127.353 162.058 149.987 142.236 133.879 128.893 163.372 148.218 139.37 133.85 129.385 123.819 124.024 124.003 123.587 121.841 135.088 141.64 134.823 123.658 120.158 117.532 122.056
80.231787 133.234 138.45 161.685 172.251 160.422 152.434 135.503 170.208 158.137 150.385 142.029 137.042 171.522 156.367 147.519 142.0 137.534 131.969 132.173 132.152 131.737 129.991 143.238 149.789 142.972 131.808 128.307 125.681 130.205
82.658343 141.884 147.099 170.334 180.9 169.072 161.084 144.152 178.857 166.786 159.035 150.678 145.691 180.171 165.017 156.169 150.649 146.184 140.618 140.823 140.801 140.386 138.64 151.887 158.439 151.622 140.457 136.957 134.331 138.854
85.158288 151.065 156.28 179.515 190.081 178.253 170.264 153.333 188.038 175.967 168.215 159.859 154.872 189.352 174.198 165.35 159.83 155.364 149.799 150.004 149.982 149.567 147.821 161.068 167.619 160.803 149.638 146.137 143.511 148.035
87.733843 160.809 166.025 189.259 199.826 187.997 180.009 163.077 197.782 185.711 177.96 169.603 164.616 199.096 183.942 175.094 169.574 165.109 159.543 159.748 159.727 159.311 157.565 170.812 177.364 170.547 159.382 155.882 153.256 157.78
90.387293 171.152 176.367 199.602 210.168 198.34 190.351 173.42 208.125 196.054 188.303 179.946 174.959 209.439 194.285 185.437 179.917 175.452 169.886 170.091 170.069 169.654 167.908 181.155 187.707 180.89 169.725 166.224 163.599 168.122
93.120995 182.13 187.345 210.58 221.146 209.318 201.329 184.398 219.103 207.032 199.281 190.924 185.937 220.417 205.263 196.415 190.895 186.429 180.864 181.069 181.047 180.632 178.886 192.133 198.684 191.868 180.703 177.202 174.576 179.1
95.937376 193.782 198.997 222.232 232.798 220.97 212.981 196.05 230.755 218.684 210.932 202.576 197.589 232.069 216.915 208.067 202.547 198.081 192.516 192.721 192.699 192.284 190.538 203.785 210.336 203.52 192.355 188.854 186.228 190.752
98.838937 206.149 211.365 234.599 245.166 233.337 225.349 208.417 243.122 231.051 223.3 214.943 209.956 244.436 229.282 220.434 214.914 210.449 204.883 205.088 205.067 204.651 202.905 216.152 222.704 215.887 204.722 201.222 198.596 203.119
101.828253 219.276 224.491 247.726 258.292 246.464 238.475 221.544 256.249 244.178 236.427 228.07 223.083 257.563 242.409 233.561 228.041 223.576 218.01 218.215 218.193 217.778 216.032 229.279 235.831 229.014 217.849 214.348 211.723 216.246
104.907979 233.209 238.424 261.659 272.225 260.397 252.408 235.477 270.182 258.111 250.36 242.003 237.016 271.496 256.342 247.494 241.974 237.508 231.943 232.148 232.126 231.711 229.965 243.212 249.763 242.947 231.782 228.281 225.655 230.179
108.080849 247.997 253.213 276.447 287.014 275.185 267.197 250.265 284.97 272.899 265.148 256.791 251.804 286.284 271.13 262.282 256.762 252.297 246.731 246.936 246.915 246.499 244.753 258.0 264.552 257.735 246.57 243.07 240.444 244.967
111.349681 263.693 268.909 292.144 302.71 290.881 282.893 265.962 300.667 288.596 280.844 272.488 267.501 301.981 286.826 277.979 272.459 267.993 262.428 262.632 262.611 262.196 260.45 273.697 280.248 273.431 262.267 258.766 256.14 260.664
114.717376 280.354 285.569 308.804 319.37 307.542 299.553 282.622 317.327 305.256 297.504 289.148 284.161 318.641 303.487 294.639 289.119 284.653 279.088 279.293 279.271 278.856 277.11 290.357 296.908 290.092 278.927 275.426 272.8 277.324
118.186925 298.037 303.252 326.487 337.053 325.225 317.236 300.305 335.01 322.939 315.188 306.831 301.844 336.324 321.17 312.322 306.802 302.337 296.771 296.976 296.954 296.539 294.793 308.04 314.592 307.775 296.61 293.109 290.484 295.007
121.761408 316.806 322.021 345.256 355.822 343.994 336.005 319.074 353.779 341.708 333.957 325.6 320.613 355.093 339.939 331.091 325.571 321.106 315.54 315.745 315.723 315.308 313.562 326.809 333.361 326.544 315.379 311.878 309.253 313.776
125.443999 336.727 341.943 365.178 375.744 363.915 355.927 338.996 373.701 361.63 353.878 345.522 340.535 375.015 359.86 351.012 345.493 341.027 335.462 335.666 335.645 335.23 333.484 346.731 353.282 346.465 335.301 331.8 329.174 333.698
129.237967 357.872 363.088 386.323 396.889 385.06 377.072 360.14 394.845 382.774 375.023 366.666 361.68 396.159 381.005 372.157 366.637 362.172 356.606 356.811 356.79 356.374 354.628 367.875 374.427 367.61 356.445 352.945 350.319 354.843
133.146681 380.315 385.531 408.766 419.332 407.503 399.515 382.584 417.289 405.217 397.466 389.11 384.123 418.603 403.448 394.6 389.081 384.615 379.05 379.254 379.233 378.817 377.072 390.319 396.87 390.053 378.888 375.388 372.762 377.286
137.173612 404.136 409.352 432.587 443.153 431.324 423.336 406.405 441.11 429.039 421.287 412.931 407.944 442.424 427.269 418.422 412.902 408.436 402.871 403.075 403.054 402.639 400.893 414.14 420.691 413.874 402.71 399.209 396.583 401.107
141.322334 429.42 434.636 457.871 468.437 456.608 448.62 431.689 466.394 454.322 446.571 438.215 433.228 467.708 452.553 443.705 438.186 433.72 428.155 428.359 428.338 427.923 426.177 439.424 445.975 439.158 427.994 424.493 421.867 426.391
145.596532 456.257 461.472 484.707 495.273 483.445 475.456 458.525 493.23 481.159 473.408 465.051 460.064 494.544 479.39 470.542 465.022 460.556 454.991 455.196 455.174 454.759 453.013 466.26 472.812 465.995 454.83 451.329 448.703 453.227
150.0 484.741 489.957 513.191 523.757 511.929 503.941 487.009 521.714 509.643 501.892 493.535 488.548 523.028 507.874 499.026 493.506 489.041 483.475 483.68 483.659 483.243 481.497 494.744 501.296 494.479 483.314 479.814 477.188 481.711
