web/models/kne.last_good/kappa_1_10/38/villar_0.0023_0.4373_10.0000.dat
# %ECSV 1.0
# ---
# datatype:
# - {name: time, datatype: float64}
# - {name: swift_uvot_uvw2, datatype: float64}
# - {name: swift_uvot_uvm2, datatype: float64}
# - {name: swift_uvot_uvw1, datatype: float64}
# - {name: swift_uvot_U, datatype: float64}
# - {name: swift_uvot_B, datatype: float64}
# - {name: swift_uvot_V, datatype: float64}
# - {name: swift_uvot_W, datatype: float64}
# - {name: johnson_U, datatype: float64}
# - {name: johnson_B, datatype: float64}
# - {name: johnson_V, datatype: float64}
# - {name: johnson_R, datatype: float64}
# - {name: johnson_I, datatype: float64}
# - {name: sdss_u, datatype: float64}
# - {name: sdss_g, datatype: float64}
# - {name: sdss_r, datatype: float64}
# - {name: sdss_i, datatype: float64}
# - {name: sdss_z, datatype: float64}
# - {name: PS1_g, datatype: float64}
# - {name: PS1_r, datatype: float64}
# - {name: PS1_i, datatype: float64}
# - {name: PS1_z, datatype: float64}
# - {name: PS1_Y, datatype: float64}
# - {name: PS1_w, datatype: float64}
# - {name: ATLAS_c, datatype: float64}
# - {name: ATLAS_o, datatype: float64}
# - {name: ukirt_J, datatype: float64}
# - {name: ukirt_H, datatype: float64}
# - {name: ukirt_K, datatype: float64}
# - {name: Clear, datatype: float64}
# meta: !!omap
# - comment: [kappa = 10.0, type = villar, mass = 0.0022901433483143324, velocity = 0.43733333333333335, theta_obs = 0.0]
# schema: astropy-2.0
time swift_uvot_uvw2 swift_uvot_uvm2 swift_uvot_uvw1 swift_uvot_U swift_uvot_B swift_uvot_V swift_uvot_W johnson_U johnson_B johnson_V johnson_R johnson_I sdss_u sdss_g sdss_r sdss_i sdss_z PS1_g PS1_r PS1_i PS1_z PS1_Y PS1_w ATLAS_c ATLAS_o ukirt_J ukirt_H ukirt_K Clear
[from data line 219]
0.682197 -6.801 -3.941 -6.386 -8.443 -10.099 -11.252 -9.352 -8.744 -10.143 -11.296 -12.088 -12.6 -8.638 -10.564 -11.76 -12.318 -12.653 -10.806 -11.798 -12.347 -12.627 -12.813 -11.793 -11.187 -12.044 -12.932 -12.898 -12.677 -11.812
0.70283 -6.799 -3.939 -6.384 -8.441 -10.097 -11.25 -9.35 -8.742 -10.141 -11.294 -12.086 -12.598 -8.636 -10.562 -11.758 -12.316 -12.65 -10.804 -11.796 -12.345 -12.625 -12.811 -11.791 -11.185 -12.042 -12.93 -12.896 -12.675 -11.81
0.724086 -6.796 -3.936 -6.381 -8.438 -10.094 -11.247 -9.347 -8.739 -10.138 -11.29 -12.083 -12.595 -8.633 -10.559 -11.755 -12.313 -12.647 -10.801 -11.793 -12.342 -12.622 -12.808 -11.788 -11.182 -12.039 -12.927 -12.893 -12.672 -11.807
0.745986 -6.792 -3.932 -6.376 -8.434 -10.09 -11.242 -9.343 -8.735 -10.133 -11.286 -12.079 -12.591 -8.629 -10.555 -11.751 -12.309 -12.643 -10.797 -11.788 -12.338 -12.618 -12.804 -11.784 -11.177 -12.035 -12.923 -12.888 -12.668 -11.803
0.768548 -6.787 -3.927 -6.371 -8.428 -10.084 -11.237 -9.337 -8.73 -10.128 -11.281 -12.074 -12.585 -8.623 -10.55 -11.746 -12.304 -12.638 -10.792 -11.783 -12.332 -12.612 -12.799 -11.778 -11.172 -12.029 -12.918 -12.883 -12.662 -11.798
0.791792 -6.78 -3.92 -6.365 -8.422 -10.078 -11.231 -9.331 -8.723 -10.122 -11.274 -12.067 -12.579 -8.617 -10.543 -11.739 -12.297 -12.631 -10.785 -11.777 -12.326 -12.606 -12.792 -11.772 -11.166 -12.023 -12.911 -12.877 -12.656 -11.791
0.815739 -6.772 -3.912 -6.357 -8.414 -10.07 -11.223 -9.323 -8.715 -10.114 -11.267 -12.059 -12.571 -8.609 -10.535 -11.731 -12.29 -12.624 -10.777 -11.769 -12.318 -12.598 -12.784 -11.764 -11.158 -12.015 -12.903 -12.869 -12.648 -11.783
0.840411 -6.763 -3.903 -6.348 -8.405 -10.061 -11.214 -9.314 -8.706 -10.105 -11.258 -12.05 -12.562 -8.6 -10.526 -11.722 -12.28 -12.615 -10.768 -11.76 -12.309 -12.589 -12.775 -11.755 -11.149 -12.006 -12.894 -12.86 -12.639 -11.774
0.865828 -6.753 -3.893 -6.337 -8.395 -10.051 -11.203 -9.304 -8.696 -10.094 -11.247 -12.04 -12.551 -8.59 -10.516 -11.712 -12.27 -12.604 -10.758 -11.749 -12.299 -12.579 -12.765 -11.745 -11.138 -11.996 -12.884 -12.849 -12.629 -11.764
0.892015 -6.741 -3.881 -6.325 -8.383 -10.039 -11.191 -9.292 -8.684 -10.082 -11.235 -12.028 -12.539 -8.578 -10.504 -11.7 -12.258 -12.592 -10.746 -11.737 -12.287 -12.567 -12.753 -11.733 -11.126 -11.984 -12.872 -12.837 -12.617 -11.752
0.918993 -6.727 -3.867 -6.312 -8.369 -10.025 -11.178 -9.278 -8.67 -10.069 -11.222 -12.014 -12.526 -8.564 -10.49 -11.686 -12.244 -12.579 -10.732 -11.724 -12.273 -12.553 -12.739 -11.719 -11.113 -11.97 -12.858 -12.824 -12.603 -11.738
0.946787 -6.712 -3.852 -6.297 -8.354 -10.01 -11.163 -9.263 -8.655 -10.054 -11.207 -11.999 -12.511 -8.549 -10.475 -11.671 -12.229 -12.563 -10.717 -11.709 -12.258 -12.538 -12.724 -11.704 -11.098 -11.955 -12.843 -12.809 -12.588 -11.723
0.975422 -6.695 -3.835 -6.28 -8.337 -9.993 -11.146 -9.246 -8.638 -10.037 -11.19 -11.982 -12.494 -8.532 -10.458 -11.654 -12.212 -12.547 -10.7 -11.692 -12.241 -12.521 -12.707 -11.687 -11.081 -11.938 -12.826 -12.792 -12.571 -11.706
1.004923 -6.676 -3.817 -6.261 -8.318 -9.974 -11.127 -9.227 -8.62 -10.018 -11.171 -11.964 -12.475 -8.513 -10.439 -11.636 -12.194 -12.528 -10.682 -11.673 -12.222 -12.502 -12.689 -11.668 -11.062 -11.919 -12.808 -12.773 -12.552 -11.688
1.035317 -6.656 -3.796 -6.24 -8.298 -9.954 -11.106 -9.207 -8.599 -9.997 -11.15 -11.943 -12.454 -8.493 -10.419 -11.615 -12.173 -12.507 -10.661 -11.652 -12.202 -12.482 -12.668 -11.648 -11.041 -11.899 -12.787 -12.752 -12.532 -11.667
1.066629 -6.633 -3.773 -6.218 -8.275 -9.931 -11.084 -9.184 -8.576 -9.975 -11.127 -11.92 -12.432 -8.47 -10.396 -11.592 -12.15 -12.484 -10.638 -11.63 -12.179 -12.459 -12.645 -11.625 -11.019 -11.876 -12.764 -12.73 -12.509 -11.644
1.098888 -6.608 -3.748 -6.193 -8.25 -9.906 -11.059 -9.159 -8.551 -9.95 -11.103 -11.895 -12.407 -8.445 -10.371 -11.567 -12.125 -12.46 -10.613 -11.605 -12.154 -12.434 -12.62 -11.6 -10.994 -11.851 -12.739 -12.705 -12.484 -11.619
1.132124 -6.581 -3.721 -6.166 -8.223 -9.879 -11.032 -9.132 -8.524 -9.923 -11.075 -11.868 -12.38 -8.418 -10.344 -11.54 -12.098 -12.432 -10.586 -11.578 -12.127 -12.407 -12.593 -11.573 -10.967 -11.824 -12.712 -12.678 -12.457 -11.592
1.166364 -6.551 -3.691 -6.136 -8.193 -9.849 -11.002 -9.102 -8.495 -9.893 -11.046 -11.839 -12.35 -8.388 -10.314 -11.511 -12.069 -12.403 -10.557 -11.548 -12.097 -12.377 -12.564 -11.543 -10.937 -11.794 -12.683 -12.648 -12.427 -11.562
1.20164 -6.519 -3.659 -6.104 -8.161 -9.817 -10.97 -9.07 -8.462 -9.861 -11.014 -11.806 -12.318 -8.356 -10.282 -11.478 -12.037 -12.371 -10.524 -11.516 -12.065 -12.345 -12.531 -11.511 -10.905 -11.762 -12.651 -12.616 -12.395 -11.53
1.237983 -6.484 -3.625 -6.069 -8.126 -9.782 -10.935 -9.035 -8.428 -9.826 -10.979 -11.772 -12.283 -8.321 -10.247 -11.444 -12.002 -12.336 -10.49 -11.481 -12.03 -12.31 -12.497 -11.476 -10.87 -11.727 -12.616 -12.581 -12.36 -11.496
1.275425 -6.447 -3.587 -6.031 -8.089 -9.745 -10.897 -8.998 -8.39 -9.788 -10.941 -11.734 -12.246 -8.284 -10.21 -11.406 -11.964 -12.298 -10.452 -11.443 -11.993 -12.273 -12.459 -11.439 -10.832 -11.69 -12.578 -12.543 -12.323 -11.458
1.313999 -6.406 -3.546 -5.991 -8.048 -9.704 -10.857 -8.957 -8.349 -9.748 -10.901 -11.693 -12.205 -8.243 -10.169 -11.365 -11.923 -12.258 -10.411 -11.403 -11.952 -12.232 -12.418 -11.398 -10.792 -11.649 -12.537 -12.503 -12.282 -11.417
1.35374 -6.362 -3.502 -5.947 -8.004 -9.66 -10.813 -8.913 -8.305 -9.704 -10.857 -11.649 -12.161 -8.199 -10.125 -11.321 -11.88 -12.214 -10.367 -11.359 -11.908 -12.188 -12.375 -11.354 -10.748 -11.605 -12.494 -12.459 -12.238 -11.373
1.394683 -6.315 -3.455 -5.9 -7.957 -9.613 -10.766 -8.866 -8.258 -9.657 -10.81 -11.602 -12.114 -8.152 -10.078 -11.274 -11.832 -12.167 -10.32 -11.312 -11.861 -12.141 -12.327 -11.307 -10.701 -11.558 -12.446 -12.412 -12.191 -11.326
1.436864 -6.264 -3.404 -5.849 -7.906 -9.562 -10.715 -8.815 -8.208 -9.606 -10.759 -11.552 -12.063 -8.101 -10.027 -11.224 -11.782 -12.116 -10.27 -11.261 -11.81 -12.09 -12.277 -11.256 -10.65 -11.507 -12.396 -12.361 -12.14 -11.275
1.480321 -6.21 -3.35 -5.795 -7.852 -9.508 -10.661 -8.761 -8.153 -9.552 -10.704 -11.497 -12.009 -8.047 -9.973 -11.169 -11.727 -12.061 -10.215 -11.207 -11.756 -12.036 -12.222 -11.202 -10.596 -11.453 -12.341 -12.307 -12.086 -11.221
1.525092 -6.152 -3.292 -5.736 -7.793 -9.449 -10.602 -8.702 -8.095 -9.493 -10.646 -11.439 -11.95 -7.989 -9.915 -11.111 -11.669 -12.003 -10.157 -11.148 -11.698 -11.977 -12.164 -11.143 -10.537 -11.395 -12.283 -12.248 -12.028 -11.163
1.571218 -6.089 -3.229 -5.674 -7.731 -9.387 -10.54 -8.64 -8.032 -9.431 -10.583 -11.376 -11.888 -7.926 -9.852 -11.048 -11.606 -11.94 -10.094 -11.086 -11.635 -11.915 -12.101 -11.081 -10.475 -11.332 -12.22 -12.186 -11.965 -11.1
1.618738 -6.022 -3.162 -5.607 -7.664 -9.32 -10.473 -8.573 -7.965 -9.364 -10.517 -11.309 -11.821 -7.859 -9.785 -10.981 -11.539 -11.873 -10.027 -11.019 -11.568 -11.848 -12.034 -11.014 -10.408 -11.265 -12.153 -12.119 -11.898 -11.033
1.667696 -5.951 -3.091 -5.535 -7.592 -9.248 -10.401 -8.501 -7.894 -9.292 -10.445 -11.238 -11.749 -7.787 -9.714 -10.91 -11.468 -11.802 -9.956 -10.947 -11.496 -11.776 -11.963 -10.942 -10.336 -11.193 -12.082 -12.047 -11.826 -10.962
1.718134 -5.874 -3.014 -5.459 -7.516 -9.172 -10.325 -8.425 -7.817 -9.216 -10.368 -11.161 -11.673 -7.711 -9.637 -10.833 -11.391 -11.725 -9.879 -10.871 -11.42 -11.7 -11.886 -10.866 -10.26 -11.117 -12.005 -11.971 -11.75 -10.885
1.770098 -5.792 -2.932 -5.377 -7.434 -9.09 -10.243 -8.343 -7.735 -9.134 -10.287 -11.079 -11.591 -7.629 -9.555 -10.751 -11.31 -11.644 -9.797 -10.789 -11.338 -11.618 -11.804 -10.784 -10.178 -11.035 -11.923 -11.889 -11.668 -10.803
1.823633 -5.705 -2.845 -5.29 -7.347 -9.003 -10.156 -8.256 -7.648 -9.047 -10.2 -10.992 -11.504 -7.542 -9.468 -10.664 -11.222 -11.556 -9.71 -10.702 -11.251 -11.531 -11.717 -10.697 -10.091 -10.948 -11.836 -11.802 -11.581 -10.716
1.878788 -5.612 -2.752 -5.197 -7.254 -8.91 -10.063 -8.163 -7.555 -8.954 -10.107 -10.899 -11.411 -7.449 -9.375 -10.571 -11.129 -11.463 -9.617 -10.609 -11.158 -11.438 -11.624 -10.604 -9.998 -10.855 -11.743 -11.709 -11.488 -10.623
1.93561 -5.513 -2.653 -5.098 -7.155 -8.811 -9.964 -8.064 -7.456 -8.855 -10.007 -10.8 -11.312 -7.35 -9.276 -10.472 -11.03 -11.364 -9.518 -10.51 -11.059 -11.339 -11.525 -10.505 -9.899 -10.756 -11.644 -11.61 -11.389 -10.524
1.994152 -5.407 -2.547 -4.992 -7.049 -8.705 -9.858 -7.958 -7.351 -8.749 -9.902 -10.695 -11.206 -7.244 -9.17 -10.367 -10.925 -11.259 -9.413 -10.404 -10.953 -11.233 -11.42 -10.399 -9.793 -10.65 -11.539 -11.504 -11.283 -10.418
2.054463 -5.295 -2.435 -4.88 -6.937 -8.593 -9.746 -7.846 -7.238 -8.637 -9.789 -10.582 -11.094 -7.132 -9.058 -10.254 -10.812 -11.146 -9.3 -10.292 -10.841 -11.121 -11.307 -10.287 -9.681 -10.538 -11.426 -11.392 -11.171 -10.306
2.116599 -5.175 -2.315 -4.76 -6.817 -8.473 -9.626 -7.726 -7.118 -8.517 -9.67 -10.462 -10.974 -7.012 -8.938 -10.134 -10.693 -11.027 -9.18 -10.172 -10.721 -11.001 -11.187 -10.167 -9.561 -10.418 -11.307 -11.272 -11.051 -10.186
2.180614 -5.048 -2.188 -4.633 -6.69 -8.346 -9.499 -7.599 -6.991 -8.39 -9.542 -10.335 -10.847 -6.885 -8.811 -10.007 -10.565 -10.899 -9.053 -10.045 -10.594 -10.874 -11.06 -10.04 -9.434 -10.291 -11.179 -11.145 -10.924 -10.059
2.246566 -4.913 -2.053 -4.497 -6.554 -8.21 -9.363 -7.463 -6.856 -8.254 -9.407 -10.2 -10.711 -6.749 -8.676 -9.872 -10.43 -10.764 -8.918 -9.909 -10.458 -10.738 -10.925 -9.904 -9.298 -10.155 -11.044 -11.009 -10.788 -9.924
2.314511 -4.769 -1.909 -4.353 -6.41 -8.066 -9.219 -7.319 -6.712 -8.11 -9.263 -10.056 -10.567 -6.605 -8.531 -9.728 -10.286 -10.62 -8.774 -9.765 -10.314 -10.594 -10.781 -9.76 -9.154 -10.011 -10.9 -10.865 -10.644 -9.78
2.384512 -4.615 -1.755 -4.2 -6.257 -7.913 -9.066 -7.166 -6.559 -7.957 -9.11 -9.903 -10.414 -6.452 -8.378 -9.575 -10.133 -10.467 -8.62 -9.612 -10.161 -10.441 -10.628 -9.607 -9.001 -9.858 -10.747 -10.712 -10.491 -9.626
2.45663 -4.453 -1.593 -4.037 -6.095 -7.751 -8.903 -7.003 -6.396 -7.794 -8.947 -9.74 -10.251 -6.29 -8.216 -9.412 -9.97 -10.304 -8.458 -9.449 -9.999 -10.278 -10.465 -9.444 -8.838 -9.696 -10.584 -10.549 -10.329 -9.464
2.530929 -4.28 -1.42 -3.864 -5.922 -7.578 -8.73 -6.831 -6.223 -7.621 -8.774 -9.567 -10.078 -6.117 -8.043 -9.239 -9.797 -10.131 -8.285 -9.276 -9.826 -10.106 -10.292 -9.272 -8.665 -9.523 -10.411 -10.376 -10.156 -9.291
2.607475 -4.096 -1.236 -3.681 -5.738 -7.394 -8.547 -6.647 -6.039 -7.438 -8.591 -9.383 -9.895 -5.933 -7.859 -9.055 -9.613 -9.947 -8.101 -9.093 -9.642 -9.922 -10.108 -9.088 -8.482 -9.339 -10.227 -10.193 -9.972 -9.107
2.686337 -3.901 -1.041 -3.486 -5.543 -7.199 -8.352 -6.452 -5.844 -7.243 -8.395 -9.188 -9.7 -5.738 -7.664 -8.86 -9.418 -9.752 -7.906 -8.898 -9.447 -9.727 -9.913 -8.893 -8.287 -9.144 -10.032 -9.998 -9.777 -8.912
2.767583 -3.694 -0.834 -3.278 -5.336 -6.992 -8.144 -6.245 -5.637 -7.035 -8.188 -8.981 -9.492 -5.531 -7.457 -8.653 -9.211 -9.545 -7.699 -8.69 -9.24 -9.52 -9.706 -8.686 -8.079 -8.937 -9.825 -9.79 -9.57 -8.705
2.851287 -3.474 -0.614 -3.058 -5.116 -6.772 -7.924 -6.025 -5.417 -6.815 -7.968 -8.761 -9.272 -5.311 -7.237 -8.433 -8.991 -9.325 -7.479 -8.47 -9.02 -9.3 -9.486 -8.466 -7.859 -8.717 -9.605 -9.57 -9.35 -8.485
2.937522 -3.24 -0.38 -2.825 -4.882 -6.538 -7.691 -5.791 -5.183 -6.582 -7.735 -8.527 -9.039 -5.077 -7.003 -8.199 -8.757 -9.091 -7.245 -8.237 -8.786 -9.066 -9.252 -8.232 -7.626 -8.483 -9.371 -9.337 -9.116 -8.251
3.026365 -2.992 -0.132 -2.577 -4.634 -6.29 -7.443 -5.543 -4.935 -6.334 -7.486 -8.279 -8.791 -4.829 -6.755 -7.951 -8.509 -8.843 -6.997 -7.989 -8.538 -8.818 -9.004 -7.984 -7.378 -8.235 -9.123 -9.089 -8.868 -8.003
3.117896 -2.729 0.131 -2.313 -4.371 -6.027 -7.179 -5.279 -4.672 -6.07 -7.223 -8.016 -8.527 -4.566 -6.492 -7.688 -8.246 -8.58 -6.734 -7.725 -8.275 -8.554 -8.741 -7.72 -7.114 -7.972 -8.86 -8.825 -8.605 -7.74
3.212194 -2.449 0.411 -2.034 -4.091 -5.747 -6.9 -5.0 -4.392 -5.791 -6.943 -7.736 -8.248 -4.286 -6.212 -7.408 -7.966 -8.3 -6.454 -7.446 -7.995 -8.275 -8.461 -7.441 -6.835 -7.692 -8.58 -8.546 -8.325 -7.46
3.309345 -2.152 0.708 -1.737 -3.794 -5.45 -6.603 -4.703 -4.095 -5.494 -6.647 -7.439 -7.951 -3.989 -5.915 -7.111 -7.67 -8.004 -6.157 -7.149 -7.698 -7.978 -8.164 -7.144 -6.538 -7.395 -8.283 -8.249 -8.028 -7.163
3.409434 -1.837 1.023 -1.422 -3.479 -5.135 -6.288 -4.388 -3.78 -5.179 -6.332 -7.124 -7.636 -3.674 -5.6 -6.796 -7.354 -7.689 -5.842 -6.834 -7.383 -7.663 -7.849 -6.829 -6.223 -7.08 -7.968 -7.934 -7.713 -6.848
3.51255 -1.503 1.357 -1.087 -3.145 -4.801 -5.953 -4.054 -3.446 -4.844 -5.997 -6.79 -7.301 -3.34 -5.266 -6.462 -7.02 -7.354 -5.508 -6.499 -7.049 -7.329 -7.515 -6.495 -5.888 -6.746 -7.634 -7.599 -7.379 -6.514
3.618785 -1.148 1.712 -0.732 -2.79 -4.446 -5.598 -3.699 -3.091 -4.489 -5.642 -6.435 -6.947 -2.985 -4.911 -6.107 -6.665 -6.999 -5.153 -6.144 -6.694 -6.974 -7.16 -6.14 -5.533 -6.391 -7.279 -7.244 -7.024 -6.159
3.728232 -0.771 2.089 -0.356 -2.413 -4.069 -5.222 -3.322 -2.714 -4.113 -5.265 -6.058 -6.57 -2.608 -4.534 -5.73 -6.288 -6.622 -4.776 -5.768 -6.317 -6.597 -6.783 -5.763 -5.157 -6.014 -6.902 -6.868 -6.647 -5.782
3.84099 -0.371 2.489 0.044 -2.013 -3.669 -4.822 -2.922 -2.314 -3.713 -4.866 -5.658 -6.17 -2.208 -4.134 -5.33 -5.888 -6.222 -4.376 -5.368 -5.917 -6.197 -6.383 -5.363 -4.757 -5.614 -6.502 -6.468 -6.247 -5.382
3.957158 0.053 2.913 0.469 -1.588 -3.244 -4.397 -2.497 -1.89 -3.288 -4.441 -5.234 -5.745 -1.784 -3.71 -4.906 -5.464 -5.798 -3.952 -4.943 -5.493 -5.772 -5.959 -4.938 -4.332 -5.19 -6.078 -6.043 -5.823 -4.958
4.07684 0.504 3.364 0.919 -1.138 -2.794 -3.947 -2.047 -1.439 -2.838 -3.99 -4.783 -5.295 -1.333 -3.259 -4.455 -5.013 -5.347 -3.501 -4.493 -5.042 -5.322 -5.508 -4.488 -3.882 -4.739 -5.627 -5.593 -5.372 -4.507
4.200141 0.982 3.842 1.398 -0.66 -2.316 -3.468 -1.569 -0.961 -2.359 -3.512 -4.305 -4.816 -0.855 -2.781 -3.977 -4.535 -4.869 -3.023 -4.014 -4.564 -4.844 -5.03 -4.01 -3.403 -4.261 -5.149 -5.114 -4.894 -4.029
4.327172 1.49 4.35 1.905 -0.152 -1.808 -2.961 -1.061 -0.453 -1.852 -3.005 -3.797 -4.309 -0.347 -2.273 -3.469 -4.027 -4.362 -2.515 -3.507 -4.056 -4.336 -4.522 -3.502 -2.896 -3.753 -4.641 -4.607 -4.386 -3.521
4.458044 2.029 4.889 2.444 0.387 -1.269 -2.422 -0.522 0.085 -1.313 -2.466 -3.259 -3.77 0.192 -1.734 -2.931 -3.489 -3.823 -1.977 -2.968 -3.517 -3.797 -3.984 -2.963 -2.357 -3.214 -4.103 -4.068 -3.847 -2.982
4.592874 2.6 5.46 3.016 0.959 -0.697 -1.85 0.05 0.657 -0.741 -1.894 -2.687 -3.198 0.764 -1.163 -2.359 -2.917 -3.251 -1.405 -2.396 -2.945 -3.225 -3.412 -2.391 -1.785 -2.643 -3.531 -3.496 -3.276 -2.411
4.731783 3.207 6.067 3.623 1.566 -0.09 -1.243 0.657 1.264 -0.134 -1.287 -2.08 -2.591 1.37 -0.556 -1.752 -2.31 -2.644 -0.798 -1.789 -2.339 -2.618 -2.805 -1.784 -1.178 -2.036 -2.924 -2.889 -2.669 -1.804
4.874892 3.852 6.712 4.267 2.21 0.554 -0.599 1.301 1.909 0.51 -0.643 -1.435 -1.947 2.015 0.089 -1.107 -1.666 -2.0 -0.153 -1.145 -1.694 -1.974 -2.161 -1.14 -0.534 -1.391 -2.28 -2.245 -2.024 -1.159
5.02233 4.535 7.395 4.951 2.894 1.238 0.085 1.985 2.592 1.194 0.041 -0.752 -1.263 2.699 0.772 -0.424 -0.982 -1.316 0.53 -0.461 -1.01 -1.29 -1.477 -0.456 0.15 -0.708 -1.596 -1.561 -1.341 -0.476
5.174227 5.261 8.121 5.677 3.619 1.963 0.811 2.71 3.318 1.92 0.767 -0.026 -0.537 3.424 1.498 0.302 -0.256 -0.59 1.256 0.265 -0.285 -0.565 -0.751 0.269 0.876 0.018 -0.87 -0.835 -0.615 0.25
5.330718 6.032 8.892 6.447 4.39 2.734 1.581 3.481 4.088 2.69 1.537 0.744 0.233 4.195 2.269 1.072 0.514 0.18 2.027 1.035 0.486 0.206 0.019 1.04 1.646 0.789 -0.1 -0.065 0.156 1.021
5.491942 6.849 9.709 7.265 5.207 3.551 2.399 4.298 4.906 3.508 2.355 1.562 1.051 5.012 3.086 1.89 1.332 0.998 2.844 1.853 1.303 1.023 0.837 1.857 2.464 1.606 0.718 0.753 0.973 1.838
5.658042 7.717 10.577 8.133 6.075 4.419 3.267 5.166 5.774 4.375 3.223 2.43 1.918 5.88 3.954 2.758 2.2 1.866 3.712 2.721 2.171 1.891 1.705 2.725 3.331 2.474 1.586 1.62 1.841 2.706
5.829166 8.638 11.498 9.054 6.996 5.34 4.188 6.087 6.695 5.297 4.144 3.351 2.84 6.801 4.875 3.679 3.121 2.787 4.633 3.642 3.092 2.812 2.626 3.646 4.253 3.395 2.507 2.542 2.762 3.627
