web/models/kne.last_good/kappa_1_10/38/villar_0.0015_0.2023_1.0000.dat
# %ECSV 1.0
# ---
# datatype:
# - {name: time, datatype: float64}
# - {name: swift_uvot_uvw2, datatype: float64}
# - {name: swift_uvot_uvm2, datatype: float64}
# - {name: swift_uvot_uvw1, datatype: float64}
# - {name: swift_uvot_U, datatype: float64}
# - {name: swift_uvot_B, datatype: float64}
# - {name: swift_uvot_V, datatype: float64}
# - {name: swift_uvot_W, datatype: float64}
# - {name: johnson_U, datatype: float64}
# - {name: johnson_B, datatype: float64}
# - {name: johnson_V, datatype: float64}
# - {name: johnson_R, datatype: float64}
# - {name: johnson_I, datatype: float64}
# - {name: sdss_u, datatype: float64}
# - {name: sdss_g, datatype: float64}
# - {name: sdss_r, datatype: float64}
# - {name: sdss_i, datatype: float64}
# - {name: sdss_z, datatype: float64}
# - {name: PS1_g, datatype: float64}
# - {name: PS1_r, datatype: float64}
# - {name: PS1_i, datatype: float64}
# - {name: PS1_z, datatype: float64}
# - {name: PS1_Y, datatype: float64}
# - {name: PS1_w, datatype: float64}
# - {name: ATLAS_c, datatype: float64}
# - {name: ATLAS_o, datatype: float64}
# - {name: ukirt_J, datatype: float64}
# - {name: ukirt_H, datatype: float64}
# - {name: ukirt_K, datatype: float64}
# - {name: Clear, datatype: float64}
# meta: !!omap
# - comment: [kappa = 1.0, type = villar, mass = 0.001513321957917195, velocity = 0.20233333333333337, theta_obs = 0.0]
# schema: astropy-2.0
time swift_uvot_uvw2 swift_uvot_uvm2 swift_uvot_uvw1 swift_uvot_U swift_uvot_B swift_uvot_V swift_uvot_W johnson_U johnson_B johnson_V johnson_R johnson_I sdss_u sdss_g sdss_r sdss_i sdss_z PS1_g PS1_r PS1_i PS1_z PS1_Y PS1_w ATLAS_c ATLAS_o ukirt_J ukirt_H ukirt_K Clear
[from data line 294]
6.37422 128.687 133.903 157.138 167.704 155.875 147.887 130.956 165.661 153.589 145.838 137.482 132.495 166.975 151.82 142.972 137.453 132.987 127.422 127.626 127.605 127.19 125.444 138.691 145.242 138.425 127.261 123.76 121.134 125.658
6.567004 136.873 142.088 165.323 175.889 164.061 156.072 139.141 173.846 161.775 154.024 145.667 140.68 175.16 160.006 151.158 145.638 141.172 135.607 135.812 135.79 135.375 133.629 146.876 153.427 146.611 135.446 131.945 129.319 133.843
6.765619 145.561 150.776 174.011 184.577 172.749 164.76 147.829 182.534 170.463 162.712 154.355 149.368 183.848 168.694 159.846 154.326 149.86 144.295 144.5 144.478 144.063 142.317 155.564 162.116 155.299 144.134 140.633 138.008 142.531
6.97024 154.782 159.998 183.233 193.799 181.97 173.982 157.051 191.756 179.684 171.933 163.577 158.59 193.07 177.915 169.067 163.548 159.082 153.517 153.721 153.7 153.285 151.539 164.786 171.337 164.52 153.355 149.855 147.229 151.753
7.181051 164.57 169.786 193.02 203.587 191.758 183.77 166.838 201.543 189.472 181.721 173.364 168.377 202.857 187.703 178.855 173.335 168.87 163.304 163.509 163.488 163.072 161.326 174.573 181.125 174.308 163.143 159.643 157.017 161.54
7.398237 174.959 180.174 203.409 213.975 202.147 194.158 177.227 211.932 199.861 192.11 183.753 178.766 213.246 198.092 189.244 183.724 179.258 173.693 173.898 173.876 173.461 171.715 184.962 191.514 184.697 173.532 170.031 167.406 171.929
7.621991 185.985 191.201 214.436 225.002 213.173 205.185 188.254 222.959 210.888 203.136 194.78 189.793 224.273 209.118 200.271 194.751 190.285 184.72 184.924 184.903 184.488 182.742 195.989 202.54 195.723 184.559 181.058 178.432 182.956
7.852513 197.689 202.905 226.14 236.706 224.877 216.889 199.957 234.662 222.591 214.84 206.483 201.497 235.977 220.822 211.974 206.454 201.989 196.423 196.628 196.607 196.191 194.445 207.692 214.244 207.427 196.262 192.762 190.136 194.66
8.090007 210.111 215.327 238.562 249.128 237.299 229.311 212.38 247.085 235.014 227.262 218.906 213.919 248.399 233.244 224.397 218.877 214.411 208.846 209.051 209.029 208.614 206.868 220.115 226.666 219.85 208.685 205.184 202.558 207.082
8.334684 223.297 228.512 251.747 262.313 250.485 242.496 225.565 260.27 248.199 240.447 232.091 227.104 261.584 246.43 237.582 232.062 227.596 222.031 222.236 222.214 221.799 220.053 233.3 239.851 233.035 221.87 218.369 215.743 220.267
8.586761 237.291 242.507 265.742 276.308 264.479 256.491 239.56 274.265 262.194 254.442 246.086 241.099 275.579 260.424 251.577 246.057 241.591 236.026 236.23 236.209 235.794 234.048 247.295 253.846 247.029 235.865 232.364 229.738 234.262
8.846461 252.145 257.361 280.596 291.162 279.333 271.345 254.414 289.119 277.048 269.296 260.94 255.953 290.433 275.278 266.431 260.911 256.445 250.88 251.085 251.063 250.648 248.902 262.149 268.7 261.884 250.719 247.218 244.592 249.116
9.114017 267.912 273.127 296.362 306.928 295.1 287.111 270.18 304.885 292.814 285.063 276.706 271.719 306.199 291.045 282.197 276.677 272.211 266.646 266.851 266.829 266.414 264.668 277.915 284.466 277.65 266.485 262.984 260.358 264.882
9.389664 284.646 289.861 313.096 323.662 311.834 303.846 286.914 321.619 309.548 301.797 293.44 288.453 322.933 307.779 298.931 293.411 288.946 283.38 283.585 283.563 283.148 281.402 294.649 301.201 294.384 283.219 279.719 277.093 281.616
9.673648 302.408 307.623 330.858 341.424 329.596 321.607 304.676 339.381 327.31 319.559 311.202 306.215 340.695 325.541 316.693 311.173 306.707 301.142 301.347 301.325 300.91 299.164 312.411 318.963 312.146 300.981 297.48 294.855 299.378
9.966221 321.26 326.476 349.711 360.277 348.448 340.46 323.529 358.234 346.162 338.411 330.055 325.068 359.548 344.393 335.545 330.026 325.56 319.995 320.199 320.178 319.762 318.017 331.264 337.815 330.998 319.833 316.333 313.707 318.231
10.267642 341.27 346.486 369.721 380.287 368.458 360.47 343.539 378.244 366.172 358.421 350.065 345.078 379.558 364.403 355.555 350.036 345.57 340.005 340.209 340.188 339.773 338.027 351.274 357.825 351.008 339.843 336.343 333.717 338.241
10.57818 362.509 367.725 390.959 401.526 389.697 381.709 364.777 399.482 387.411 379.66 371.303 366.316 400.796 385.642 376.794 371.274 366.809 361.243 361.448 361.427 361.011 359.265 372.512 379.064 372.247 361.082 357.582 354.956 359.479
10.89811 385.052 390.267 413.502 424.068 412.24 404.251 387.32 422.025 409.954 402.203 393.846 388.859 423.339 408.185 399.337 393.817 389.352 383.786 383.991 383.969 383.554 381.808 395.055 401.607 394.79 383.625 380.124 377.499 382.022
11.227716 408.979 414.194 437.429 447.995 436.167 428.179 411.247 445.952 433.881 426.13 417.773 412.786 447.266 432.112 423.264 417.744 413.279 407.713 407.918 407.896 407.481 405.735 418.982 425.534 418.717 407.552 404.052 401.426 405.949
11.56729 434.375 439.591 462.826 473.392 461.563 453.575 436.644 471.349 459.277 451.526 443.17 438.183 472.663 457.508 448.66 443.141 438.675 433.11 433.314 433.293 432.877 431.132 444.379 450.93 444.113 432.948 429.448 426.822 431.346
11.917135 461.331 466.546 489.781 500.347 488.519 480.531 463.599 498.304 486.233 478.482 470.125 465.138 499.618 484.464 475.616 470.096 465.631 460.065 460.27 460.248 459.833 458.087 471.334 477.886 471.069 459.904 456.403 453.778 458.301
12.277561 489.942 495.157 518.392 528.958 517.13 509.141 492.21 526.915 514.844 507.093 498.736 493.749 528.229 513.075 504.227 498.707 494.241 488.676 488.881 488.859 488.444 486.698 499.945 506.497 499.68 488.515 485.014 482.389 486.912
12.648887 520.309 525.525 548.76 559.326 547.497 539.509 522.578 557.283 545.212 537.46 529.104 524.117 558.597 543.442 534.595 529.075 524.609 519.044 519.248 519.227 518.812 517.066 530.313 536.864 530.047 518.883 515.382 512.756 517.28
13.031444 552.542 557.757 580.992 591.558 579.73 571.741 554.81 589.515 577.444 569.693 561.336 556.349 590.829 575.675 566.827 561.307 556.841 551.276 551.481 551.459 551.044 549.298 562.545 569.097 562.28 551.115 547.614 544.989 549.512
13.425571 586.753 591.969 615.204 625.77 613.941 605.953 589.022 623.727 611.655 603.904 595.548 590.561 625.041 609.886 601.038 595.519 591.053 585.488 585.692 585.671 585.256 583.51 596.757 603.308 596.491 585.327 581.826 579.2 583.724
13.831619 623.065 628.281 651.516 662.082 650.253 642.265 625.334 660.039 647.968 640.216 631.86 626.873 661.353 646.198 637.351 631.831 627.365 621.8 622.005 621.983 621.568 619.822 633.069 639.62 632.804 621.639 618.138 615.512 620.036
14.249947 661.607 666.823 690.058 700.624 688.795 680.807 663.876 698.581 686.51 678.758 670.402 665.415 699.895 684.74 675.893 670.373 665.907 660.342 660.546 660.525 660.11 658.364 671.611 678.162 671.345 660.181 656.68 654.054 658.578
14.680926 702.516 707.731 730.966 741.532 729.704 721.716 704.784 739.489 727.418 719.667 711.31 706.323 740.803 725.649 716.801 711.281 706.816 701.25 701.455 701.433 701.018 699.272 712.519 719.071 712.254 701.089 697.589 694.963 699.486
15.124941 745.936 751.152 774.387 784.955 773.124 765.136 748.205 782.91 770.839 763.087 754.731 749.744 784.225 769.069 760.221 754.702 750.236 744.671 744.875 744.854 744.439 742.693 755.94 762.491 755.674 744.51 741.009 738.383 742.907
15.582385 792.123 797.339 nan nan nan nan 794.392 nan nan nan nan nan nan nan nan nan nan 790.858 791.062 791.041 790.627 788.883 nan nan nan nan nan 784.175 789.094
16.053663 nan nan nan nan nan nan nan nan nan nan nan nan nan nan nan nan nan nan nan nan nan nan nan nan nan nan nan nan nan
16.539195 nan nan nan nan nan nan nan nan nan nan nan nan nan nan nan nan nan nan nan nan nan nan nan nan nan nan nan nan nan
17.039412 nan nan nan nan nan nan nan nan nan nan nan nan nan nan nan nan nan nan nan nan nan nan nan nan nan nan nan nan nan
17.554757 nan nan nan nan nan nan nan nan nan nan nan nan nan nan nan nan nan nan nan nan nan nan nan nan nan nan nan nan nan
18.085689 nan nan nan nan nan nan nan nan nan nan nan nan nan nan nan nan nan nan nan nan nan nan nan nan nan nan nan nan nan
18.632678 nan nan nan nan nan nan nan nan nan nan nan nan nan nan nan nan nan nan nan nan nan nan nan nan nan nan nan nan nan
19.196211 nan nan nan nan nan nan nan nan nan nan nan nan nan nan nan nan nan nan nan nan nan nan nan nan nan nan nan nan nan
19.776787 nan nan nan nan nan nan nan nan nan nan nan nan nan nan nan nan nan nan nan nan nan nan nan nan nan nan nan nan nan
20.374923 nan nan nan nan nan nan nan nan nan nan nan nan nan nan nan nan nan nan nan nan nan nan nan nan nan nan nan nan nan
20.991149 nan nan nan nan nan nan nan nan nan nan nan nan nan nan nan nan nan nan nan nan nan nan nan nan nan nan nan nan nan
21.626011 nan nan nan nan nan nan nan nan nan nan nan nan nan nan nan nan nan nan nan nan nan nan nan nan nan nan nan nan nan
22.280075 nan nan nan nan nan nan nan nan nan nan nan nan nan nan nan nan nan nan nan nan nan nan nan nan nan nan nan nan nan
22.953921 nan nan nan nan nan nan nan nan nan nan nan nan nan nan nan nan nan nan nan nan nan nan nan nan nan nan nan nan nan
23.648147 nan nan nan nan nan nan nan nan nan nan nan nan nan nan nan nan nan nan nan nan nan nan nan nan nan nan nan nan nan
24.363369 nan nan nan nan nan nan nan nan nan nan nan nan nan nan nan nan nan nan nan nan nan nan nan nan nan nan nan nan nan
25.100222 nan nan nan nan nan nan nan nan nan nan nan nan nan nan nan nan nan nan nan nan nan nan nan nan nan nan nan nan nan
25.859362 nan nan nan nan nan nan nan nan nan nan nan nan nan nan nan nan nan nan nan nan nan nan nan nan nan nan nan nan nan
26.64146 nan nan nan nan nan nan nan nan nan nan nan nan nan nan nan nan nan nan nan nan nan nan nan nan nan nan nan nan nan
27.447213 nan nan nan nan nan nan nan nan nan nan nan nan nan nan nan nan nan nan nan nan nan nan nan nan nan nan nan nan nan
28.277335 nan nan nan nan nan nan nan nan nan nan nan nan nan nan nan nan nan nan nan nan nan nan nan nan nan nan nan nan nan
29.132564 nan nan nan nan nan nan nan nan nan nan nan nan nan nan nan nan nan nan nan nan nan nan nan nan nan nan nan nan nan
30.013659 nan nan nan nan nan nan nan nan nan nan nan nan nan nan nan nan nan nan nan nan nan nan nan nan nan nan nan nan nan
30.921401 nan nan nan nan nan nan nan nan nan nan nan nan nan nan nan nan nan nan nan nan nan nan nan nan nan nan nan nan nan
31.856598 nan nan nan nan nan nan nan nan nan nan nan nan nan nan nan nan nan nan nan nan nan nan nan nan nan nan nan nan nan
32.820079 nan nan nan nan nan nan nan nan nan nan nan nan nan nan nan nan nan nan nan nan nan nan nan nan nan nan nan nan nan
33.8127 nan nan nan nan nan nan nan nan nan nan nan nan nan nan nan nan nan nan nan nan nan nan nan nan nan nan nan nan nan
34.835342 nan nan nan nan nan nan nan nan nan nan nan nan nan nan nan nan nan nan nan nan nan nan nan nan nan nan nan nan nan
35.888913 nan nan nan nan nan nan nan nan nan nan nan nan nan nan nan nan nan nan nan nan nan nan nan nan nan nan nan nan nan
36.974349 nan nan nan nan nan nan nan nan nan nan nan nan nan nan nan nan nan nan nan nan nan nan nan nan nan nan nan nan nan
38.092613 nan nan nan nan nan nan nan nan nan nan nan nan nan nan nan nan nan nan nan nan nan nan nan nan nan nan nan nan nan
39.244698 nan nan nan nan nan nan nan nan nan nan nan nan nan nan nan nan nan nan nan nan nan nan nan nan nan nan nan nan nan
40.431627 nan nan nan nan nan nan nan nan nan nan nan nan nan nan nan nan nan nan nan nan nan nan nan nan nan nan nan nan nan
41.654454 nan nan nan nan nan nan nan nan nan nan nan nan nan nan nan nan nan nan nan nan nan nan nan nan nan nan nan nan nan
42.914265 nan nan nan nan nan nan nan nan nan nan nan nan nan nan nan nan nan nan nan nan nan nan nan nan nan nan nan nan nan
44.212178 nan nan nan nan nan nan nan nan nan nan nan nan nan nan nan nan nan nan nan nan nan nan nan nan nan nan nan nan nan
45.549345 nan nan nan nan nan nan nan nan nan nan nan nan nan nan nan nan nan nan nan nan nan nan nan nan nan nan nan nan nan
46.926954 nan nan nan nan nan nan nan nan nan nan nan nan nan nan nan nan nan nan nan nan nan nan nan nan nan nan nan nan nan
48.346227 nan nan nan nan nan nan nan nan nan nan nan nan nan nan nan nan nan nan nan nan nan nan nan nan nan nan nan nan nan
49.808426 nan nan nan nan nan nan nan nan nan nan nan nan nan nan nan nan nan nan nan nan nan nan nan nan nan nan nan nan nan
51.314848 nan nan nan nan nan nan nan nan nan nan nan nan nan nan nan nan nan nan nan nan nan nan nan nan nan nan nan nan nan
52.86683 nan nan nan nan nan nan nan nan nan nan nan nan nan nan nan nan nan nan nan nan nan nan nan nan nan nan nan nan nan
54.465752 nan nan nan nan nan nan nan nan nan nan nan nan nan nan nan nan nan nan nan nan nan nan nan nan nan nan nan nan nan
56.113031 nan nan nan nan nan nan nan nan nan nan nan nan nan nan nan nan nan nan nan nan nan nan nan nan nan nan nan nan nan
57.810132 nan nan nan nan nan nan nan nan nan nan nan nan nan nan nan nan nan nan nan nan nan nan nan nan nan nan nan nan nan
59.55856 nan nan nan nan nan nan nan nan nan nan nan nan nan nan nan nan nan nan nan nan nan nan nan nan nan nan nan nan nan
61.359868 nan nan nan nan nan nan nan nan nan nan nan nan nan nan nan nan nan nan nan nan nan nan nan nan nan nan nan nan nan
63.215655 nan nan nan nan nan nan nan nan nan nan nan nan nan nan nan nan nan nan nan nan nan nan nan nan nan nan nan nan nan
65.127569 nan nan nan nan nan nan nan nan nan nan nan nan nan nan nan nan nan nan nan nan nan nan nan nan nan nan nan nan nan
67.097308 nan nan nan nan nan nan nan nan nan nan nan nan nan nan nan nan nan nan nan nan nan nan nan nan nan nan nan nan nan
69.126621 nan nan nan nan nan nan nan nan nan nan nan nan nan nan nan nan nan nan nan nan nan nan nan nan nan nan nan nan nan
71.217308 nan nan nan nan nan nan nan nan nan nan nan nan nan nan nan nan nan nan nan nan nan nan nan nan nan nan nan nan nan
73.371227 nan nan nan nan nan nan nan nan nan nan nan nan nan nan nan nan nan nan nan nan nan nan nan nan nan nan nan nan nan
75.59029 nan nan nan nan nan nan nan nan nan nan nan nan nan nan nan nan nan nan nan nan nan nan nan nan nan nan nan nan nan
77.876467 nan nan nan nan nan nan nan nan nan nan nan nan nan nan nan nan nan nan nan nan nan nan nan nan nan nan nan nan nan
80.231787 nan nan nan nan nan nan nan nan nan nan nan nan nan nan nan nan nan nan nan nan nan nan nan nan nan nan nan nan nan
82.658343 nan nan nan nan nan nan nan nan nan nan nan nan nan nan nan nan nan nan nan nan nan nan nan nan nan nan nan nan nan
85.158288 nan nan nan nan nan nan nan nan nan nan nan nan nan nan nan nan nan nan nan nan nan nan nan nan nan nan nan nan nan
87.733843 nan nan nan nan nan nan nan nan nan nan nan nan nan nan nan nan nan nan nan nan nan nan nan nan nan nan nan nan nan
90.387293 nan nan nan nan nan nan nan nan nan nan nan nan nan nan nan nan nan nan nan nan nan nan nan nan nan nan nan nan nan
93.120995 nan nan nan nan nan nan nan nan nan nan nan nan nan nan nan nan nan nan nan nan nan nan nan nan nan nan nan nan nan
95.937376 nan nan nan nan nan nan nan nan nan nan nan nan nan nan nan nan nan nan nan nan nan nan nan nan nan nan nan nan nan
98.838937 nan nan nan nan nan nan nan nan nan nan nan nan nan nan nan nan nan nan nan nan nan nan nan nan nan nan nan nan nan
101.828253 nan nan nan nan nan nan nan nan nan nan nan nan nan nan nan nan nan nan nan nan nan nan nan nan nan nan nan nan nan
104.907979 nan nan nan nan nan nan nan nan nan nan nan nan nan nan nan nan nan nan nan nan nan nan nan nan nan nan nan nan nan
108.080849 nan nan nan nan nan nan nan nan nan nan nan nan nan nan nan nan nan nan nan nan nan nan nan nan nan nan nan nan nan
111.349681 nan nan nan nan nan nan nan nan nan nan nan nan nan nan nan nan nan nan nan nan nan nan nan nan nan nan nan nan nan
114.717376 nan nan nan nan nan nan nan nan nan nan nan nan nan nan nan nan nan nan nan nan nan nan nan nan nan nan nan nan nan
118.186925 nan nan nan nan nan nan nan nan nan nan nan nan nan nan nan nan nan nan nan nan nan nan nan nan nan nan nan nan nan
