web/models/kne.last_good/kappa_0.5_3.0.v1/10/villar_0.0015_0.0457_3.0000.dat
# %ECSV 1.0
# ---
# datatype:
# - {name: time, datatype: float64}
# - {name: swift_uvot_uvw2, datatype: float64}
# - {name: swift_uvot_uvm2, datatype: float64}
# - {name: swift_uvot_uvw1, datatype: float64}
# - {name: swift_uvot_U, datatype: float64}
# - {name: swift_uvot_B, datatype: float64}
# - {name: swift_uvot_V, datatype: float64}
# - {name: swift_uvot_W, datatype: float64}
# - {name: johnson_U, datatype: float64}
# - {name: johnson_B, datatype: float64}
# - {name: johnson_V, datatype: float64}
# - {name: johnson_R, datatype: float64}
# - {name: johnson_I, datatype: float64}
# - {name: sdss_u, datatype: float64}
# - {name: sdss_g, datatype: float64}
# - {name: sdss_r, datatype: float64}
# - {name: sdss_i, datatype: float64}
# - {name: sdss_z, datatype: float64}
# - {name: PS1_g, datatype: float64}
# - {name: PS1_r, datatype: float64}
# - {name: PS1_i, datatype: float64}
# - {name: PS1_z, datatype: float64}
# - {name: PS1_Y, datatype: float64}
# - {name: PS1_w, datatype: float64}
# - {name: ATLAS_c, datatype: float64}
# - {name: ATLAS_o, datatype: float64}
# - {name: ukirt_J, datatype: float64}
# - {name: ukirt_H, datatype: float64}
# - {name: ukirt_K, datatype: float64}
# - {name: Clear, datatype: float64}
# meta: !!omap
# - comment: [kappa = 3.0, type = villar, mass = 0.001513321957917195, velocity = 0.04566666666666669, theta_obs = 0.0]
# schema: astropy-2.0
time swift_uvot_uvw2 swift_uvot_uvm2 swift_uvot_uvw1 swift_uvot_U swift_uvot_B swift_uvot_V swift_uvot_W johnson_U johnson_B johnson_V johnson_R johnson_I sdss_u sdss_g sdss_r sdss_i sdss_z PS1_g PS1_r PS1_i PS1_z PS1_Y PS1_w ATLAS_c ATLAS_o ukirt_J ukirt_H ukirt_K Clear
[from data line 155]
0.101329 -9.444 -9.61 -9.728 -9.887 -9.815 -9.646 -9.693 -9.883 -9.812 -9.638 -9.394 -9.073 -9.886 -9.765 -9.513 -9.275 -9.025 -9.757 -9.525 -9.287 -9.103 -9.021 -9.522 -9.669 -9.413 -8.479 -8.001 -7.428 -9.553
0.104394 -9.458 -9.628 -9.752 -9.92 -9.853 -9.687 -9.721 -9.917 -9.85 -9.68 -9.439 -9.12 -9.92 -9.805 -9.556 -9.321 -9.073 -9.796 -9.568 -9.333 -9.15 -9.068 -9.565 -9.71 -9.457 -8.528 -8.052 -7.48 -9.595
0.107551 -9.472 -9.646 -9.775 -9.953 -9.891 -9.729 -9.748 -9.951 -9.888 -9.722 -9.483 -9.167 -9.954 -9.844 -9.6 -9.366 -9.12 -9.836 -9.611 -9.378 -9.196 -9.114 -9.608 -9.751 -9.502 -8.577 -8.103 -7.531 -9.637
0.110804 -9.485 -9.664 -9.798 -9.985 -9.928 -9.771 -9.776 -9.984 -9.925 -9.763 -9.528 -9.213 -9.987 -9.883 -9.643 -9.412 -9.167 -9.875 -9.655 -9.423 -9.243 -9.161 -9.65 -9.792 -9.546 -8.627 -8.153 -7.583 -9.678
0.114155 -9.497 -9.681 -9.82 -10.017 -9.966 -9.812 -9.803 -10.017 -9.963 -9.805 -9.572 -9.26 -10.02 -9.922 -9.686 -9.457 -9.214 -9.915 -9.698 -9.469 -9.289 -9.207 -9.692 -9.833 -9.59 -8.676 -8.204 -7.634 -9.72
0.117608 -9.509 -9.698 -9.842 -10.049 -10.003 -9.853 -9.829 -10.05 -10.0 -9.846 -9.616 -9.306 -10.053 -9.96 -9.729 -9.502 -9.261 -9.954 -9.74 -9.514 -9.335 -9.253 -9.734 -9.873 -9.634 -8.725 -8.254 -7.686 -9.761
0.121165 -9.521 -9.714 -9.863 -10.081 -10.04 -9.894 -9.856 -10.082 -10.037 -9.887 -9.66 -9.353 -10.085 -9.999 -9.772 -9.547 -9.307 -9.993 -9.783 -9.559 -9.381 -9.299 -9.776 -9.913 -9.678 -8.774 -8.304 -7.737 -9.803
0.124829 -9.532 -9.729 -9.884 -10.112 -10.077 -9.935 -9.882 -10.115 -10.074 -9.928 -9.704 -9.399 -10.117 -10.037 -9.815 -9.592 -9.354 -10.031 -9.826 -9.603 -9.427 -9.345 -9.818 -9.953 -9.721 -8.823 -8.355 -7.788 -9.844
0.128605 -9.542 -9.744 -9.905 -10.143 -10.113 -9.976 -9.908 -10.146 -10.11 -9.969 -9.747 -9.445 -10.148 -10.075 -9.857 -9.637 -9.4 -10.07 -9.868 -9.648 -9.473 -9.391 -9.86 -9.993 -9.765 -8.872 -8.405 -7.839 -9.884
0.132494 -9.552 -9.758 -9.925 -10.173 -10.149 -10.016 -9.933 -10.178 -10.147 -10.009 -9.791 -9.491 -10.18 -10.112 -9.9 -9.682 -9.447 -10.108 -9.91 -9.693 -9.519 -9.436 -9.901 -10.033 -9.808 -8.921 -8.455 -7.891 -9.925
0.136502 -9.561 -9.772 -9.945 -10.203 -10.185 -10.057 -9.958 -10.209 -10.182 -10.049 -9.834 -9.537 -10.211 -10.15 -9.942 -9.726 -9.493 -10.146 -9.952 -9.737 -9.564 -9.482 -9.943 -10.072 -9.851 -8.97 -8.505 -7.942 -9.965
0.14063 -9.57 -9.786 -9.964 -10.233 -10.221 -10.097 -9.983 -10.24 -10.218 -10.09 -9.877 -9.583 -10.241 -10.187 -9.984 -9.771 -9.539 -10.183 -9.994 -9.781 -9.61 -9.528 -9.984 -10.111 -9.894 -9.018 -8.555 -7.993 -10.006
0.144883 -9.578 -9.798 -9.982 -10.263 -10.256 -10.136 -10.008 -10.27 -10.254 -10.129 -9.92 -9.629 -10.272 -10.224 -10.025 -9.815 -9.585 -10.221 -10.035 -9.825 -9.655 -9.573 -10.024 -10.15 -9.937 -9.067 -8.605 -8.044 -10.046
0.149265 -9.585 -9.81 -10.001 -10.292 -10.291 -10.176 -10.032 -10.3 -10.289 -10.169 -9.963 -9.674 -10.301 -10.26 -10.067 -9.859 -9.631 -10.258 -10.077 -9.869 -9.7 -9.619 -10.065 -10.189 -9.979 -9.115 -8.655 -8.095 -10.085
0.15378 -9.592 -9.822 -10.018 -10.32 -10.326 -10.215 -10.056 -10.33 -10.323 -10.208 -10.005 -9.719 -10.331 -10.297 -10.108 -9.903 -9.677 -10.295 -10.118 -9.913 -9.745 -9.664 -10.106 -10.227 -10.022 -9.164 -8.704 -8.146 -10.125
0.15843 -9.598 -9.833 -10.036 -10.349 -10.361 -10.254 -10.08 -10.359 -10.358 -10.248 -10.048 -9.765 -10.36 -10.333 -10.149 -9.947 -9.723 -10.331 -10.159 -9.957 -9.79 -9.709 -10.146 -10.266 -10.064 -9.212 -8.754 -8.196 -10.164
0.163222 -9.604 -9.843 -10.052 -10.376 -10.395 -10.293 -10.103 -10.388 -10.392 -10.287 -10.09 -9.81 -10.389 -10.369 -10.19 -9.99 -9.768 -10.368 -10.2 -10.0 -9.835 -9.754 -10.186 -10.304 -10.106 -9.26 -8.804 -8.247 -10.204
0.168159 -9.609 -9.853 -10.068 -10.404 -10.429 -10.332 -10.126 -10.417 -10.426 -10.325 -10.132 -9.855 -10.417 -10.404 -10.231 -10.034 -9.813 -10.404 -10.241 -10.043 -9.88 -9.799 -10.226 -10.341 -10.148 -9.308 -8.853 -8.298 -10.243
0.173245 -9.613 -9.862 -10.084 -10.431 -10.462 -10.37 -10.148 -10.445 -10.46 -10.364 -10.174 -9.899 -10.445 -10.44 -10.272 -10.077 -9.859 -10.44 -10.281 -10.086 -9.924 -9.844 -10.265 -10.379 -10.189 -9.356 -8.903 -8.349 -10.281
0.178484 -9.617 -9.87 -10.099 -10.458 -10.495 -10.408 -10.171 -10.473 -10.493 -10.402 -10.216 -9.944 -10.473 -10.474 -10.312 -10.12 -9.904 -10.475 -10.321 -10.129 -9.969 -9.889 -10.305 -10.416 -10.231 -9.404 -8.952 -8.399 -10.32
0.183882 -9.62 -9.878 -10.114 -10.484 -10.528 -10.446 -10.193 -10.501 -10.526 -10.44 -10.257 -9.989 -10.5 -10.509 -10.352 -10.163 -9.949 -10.511 -10.361 -10.172 -10.013 -9.933 -10.344 -10.453 -10.272 -9.452 -9.001 -8.45 -10.358
0.189444 -9.622 -9.885 -10.128 -10.51 -10.561 -10.484 -10.214 -10.528 -10.558 -10.478 -10.298 -10.033 -10.527 -10.543 -10.392 -10.206 -9.993 -10.546 -10.401 -10.215 -10.057 -9.978 -10.383 -10.49 -10.313 -9.499 -9.05 -8.5 -10.396
0.195173 -9.624 -9.891 -10.141 -10.535 -10.593 -10.521 -10.235 -10.554 -10.591 -10.515 -10.339 -10.077 -10.553 -10.578 -10.432 -10.248 -10.038 -10.58 -10.441 -10.257 -10.101 -10.022 -10.422 -10.526 -10.354 -9.547 -9.099 -8.55 -10.434
0.201076 -9.625 -9.897 -10.154 -10.56 -10.625 -10.558 -10.256 -10.58 -10.623 -10.552 -10.38 -10.121 -10.579 -10.611 -10.471 -10.291 -10.082 -10.615 -10.48 -10.299 -10.145 -10.066 -10.46 -10.562 -10.395 -9.594 -9.148 -8.601 -10.472
0.207158 -9.625 -9.902 -10.166 -10.585 -10.656 -10.595 -10.277 -10.606 -10.654 -10.589 -10.421 -10.165 -10.605 -10.645 -10.51 -10.333 -10.127 -10.649 -10.519 -10.342 -10.189 -10.111 -10.498 -10.598 -10.435 -9.641 -9.197 -8.651 -10.509
0.213423 -9.625 -9.906 -10.178 -10.609 -10.688 -10.632 -10.297 -10.631 -10.685 -10.626 -10.461 -10.209 -10.63 -10.678 -10.549 -10.375 -10.171 -10.682 -10.558 -10.383 -10.232 -10.155 -10.536 -10.634 -10.475 -9.689 -9.246 -8.701 -10.546
0.219878 -9.624 -9.909 -10.189 -10.632 -10.718 -10.668 -10.317 -10.656 -10.716 -10.662 -10.502 -10.252 -10.654 -10.71 -10.588 -10.417 -10.215 -10.716 -10.597 -10.425 -10.275 -10.198 -10.574 -10.669 -10.515 -9.736 -9.295 -8.751 -10.583
0.226528 -9.622 -9.912 -10.199 -10.655 -10.749 -10.704 -10.336 -10.68 -10.747 -10.698 -10.542 -10.295 -10.678 -10.743 -10.626 -10.458 -10.258 -10.749 -10.635 -10.466 -10.319 -10.242 -10.611 -10.704 -10.555 -9.783 -9.344 -8.801 -10.619
0.233379 -9.619 -9.913 -10.209 -10.677 -10.779 -10.739 -10.355 -10.704 -10.777 -10.734 -10.581 -10.338 -10.702 -10.775 -10.665 -10.499 -10.302 -10.782 -10.673 -10.508 -10.362 -10.286 -10.649 -10.738 -10.594 -9.829 -9.392 -8.851 -10.655
0.240437 -9.615 -9.914 -10.218 -10.699 -10.808 -10.775 -10.373 -10.727 -10.806 -10.769 -10.621 -10.381 -10.725 -10.806 -10.702 -10.541 -10.345 -10.814 -10.711 -10.549 -10.404 -10.329 -10.685 -10.773 -10.634 -9.876 -9.44 -8.901 -10.691
0.247709 -9.611 -9.914 -10.226 -10.721 -10.837 -10.81 -10.392 -10.75 -10.836 -10.804 -10.66 -10.424 -10.747 -10.837 -10.74 -10.581 -10.389 -10.846 -10.748 -10.589 -10.447 -10.372 -10.722 -10.807 -10.672 -9.923 -9.489 -8.951 -10.727
0.255201 -9.606 -9.914 -10.233 -10.742 -10.866 -10.844 -10.409 -10.772 -10.864 -10.839 -10.699 -10.467 -10.769 -10.868 -10.777 -10.622 -10.432 -10.878 -10.785 -10.63 -10.489 -10.415 -10.758 -10.84 -10.711 -9.969 -9.537 -9.0 -10.762
0.262919 -9.6 -9.912 -10.24 -10.762 -10.894 -10.879 -10.426 -10.794 -10.893 -10.874 -10.737 -10.509 -10.79 -10.899 -10.814 -10.662 -10.474 -10.909 -10.822 -10.67 -10.531 -10.458 -10.794 -10.874 -10.75 -10.015 -9.585 -9.05 -10.798
0.270871 -9.593 -9.91 -10.247 -10.782 -10.922 -10.913 -10.443 -10.815 -10.921 -10.908 -10.776 -10.551 -10.811 -10.929 -10.851 -10.703 -10.517 -10.94 -10.859 -10.71 -10.573 -10.501 -10.83 -10.906 -10.788 -10.061 -9.633 -9.099 -10.832
0.279064 -9.585 -9.906 -10.252 -10.801 -10.949 -10.946 -10.46 -10.836 -10.948 -10.941 -10.814 -10.593 -10.831 -10.958 -10.887 -10.742 -10.559 -10.97 -10.895 -10.75 -10.615 -10.543 -10.865 -10.939 -10.826 -10.107 -9.681 -9.149 -10.867
0.287504 -9.577 -9.902 -10.257 -10.819 -10.976 -10.979 -10.475 -10.856 -10.975 -10.975 -10.852 -10.635 -10.851 -10.987 -10.923 -10.782 -10.602 -11.0 -10.931 -10.79 -10.657 -10.586 -10.9 -10.971 -10.863 -10.153 -9.728 -9.198 -10.901
0.296199 -9.567 -9.897 -10.26 -10.837 -11.003 -11.012 -10.491 -10.875 -11.001 -11.008 -10.889 -10.676 -10.87 -11.016 -10.959 -10.821 -10.644 -11.03 -10.967 -10.829 -10.698 -10.628 -10.935 -11.003 -10.9 -10.199 -9.776 -9.247 -10.934
0.305157 -9.557 -9.89 -10.264 -10.854 -11.029 -11.045 -10.506 -10.894 -11.027 -11.04 -10.927 -10.717 -10.889 -11.044 -10.994 -10.86 -10.685 -11.059 -11.002 -10.868 -10.739 -10.67 -10.97 -11.034 -10.937 -10.244 -9.823 -9.296 -10.968
0.314387 -9.545 -9.883 -10.266 -10.871 -11.054 -11.077 -10.52 -10.912 -11.053 -11.072 -10.963 -10.758 -10.906 -11.072 -11.029 -10.899 -10.727 -11.087 -11.037 -10.907 -10.78 -10.711 -11.004 -11.065 -10.974 -10.289 -9.871 -9.345 -11.001
0.323895 -9.533 -9.875 -10.267 -10.887 -11.079 -11.108 -10.534 -10.929 -11.078 -11.104 -11.0 -10.799 -10.923 -11.099 -11.064 -10.938 -10.768 -11.116 -11.072 -10.945 -10.821 -10.753 -11.037 -11.096 -11.01 -10.334 -9.918 -9.394 -11.034
0.333691 -9.519 -9.865 -10.268 -10.902 -11.103 -11.139 -10.548 -10.946 -11.102 -11.136 -11.036 -10.839 -10.94 -11.126 -11.098 -10.976 -10.809 -11.143 -11.106 -10.984 -10.861 -10.794 -11.071 -11.126 -11.046 -10.379 -9.965 -9.443 -11.066
0.343783 -9.505 -9.855 -10.267 -10.917 -11.127 -11.17 -10.56 -10.962 -11.126 -11.166 -11.072 -10.879 -10.956 -11.152 -11.132 -11.014 -10.85 -11.171 -11.14 -11.021 -10.901 -10.835 -11.103 -11.155 -11.082 -10.424 -10.012 -9.491 -11.098
0.354181 -9.49 -9.843 -10.266 -10.93 -11.15 -11.2 -10.573 -10.978 -11.149 -11.197 -11.108 -10.919 -10.971 -11.178 -11.166 -11.051 -10.89 -11.197 -11.174 -11.059 -10.941 -10.876 -11.136 -11.184 -11.117 -10.469 -10.058 -9.54 -11.129
0.364893 -9.473 -9.83 -10.264 -10.943 -11.173 -11.23 -10.584 -10.992 -11.172 -11.227 -11.143 -10.959 -10.985 -11.203 -11.199 -11.089 -10.93 -11.224 -11.207 -11.096 -10.98 -10.917 -11.168 -11.213 -11.152 -10.513 -10.105 -9.588 -11.16
0.375929 -9.455 -9.816 -10.26 -10.955 -11.194 -11.259 -10.596 -11.006 -11.194 -11.256 -11.178 -10.998 -10.998 -11.228 -11.232 -11.125 -10.97 -11.249 -11.239 -11.133 -11.019 -10.957 -11.2 -11.241 -11.186 -10.557 -10.151 -9.636 -11.191
0.387298 -9.437 -9.801 -10.256 -10.967 -11.216 -11.288 -10.606 -11.019 -11.215 -11.285 -11.212 -11.037 -11.011 -11.252 -11.264 -11.162 -11.01 -11.274 -11.271 -11.169 -11.058 -10.997 -11.231 -11.269 -11.22 -10.601 -10.197 -9.684 -11.221
0.399012 -9.417 -9.785 -10.251 -10.977 -11.236 -11.316 -10.616 -11.032 -11.236 -11.314 -11.246 -11.075 -11.023 -11.275 -11.296 -11.198 -11.049 -11.299 -11.303 -11.206 -11.097 -11.037 -11.262 -11.296 -11.254 -10.644 -10.243 -9.732 -11.251
0.41108 -9.396 -9.767 -10.244 -10.987 -11.256 -11.344 -10.625 -11.043 -11.256 -11.342 -11.28 -11.114 -11.034 -11.298 -11.327 -11.234 -11.088 -11.323 -11.334 -11.241 -11.135 -11.076 -11.292 -11.322 -11.287 -10.688 -10.289 -9.78 -11.28
0.423513 -9.373 -9.748 -10.237 -10.996 -11.276 -11.371 -10.634 -11.054 -11.275 -11.369 -11.313 -11.152 -11.044 -11.32 -11.358 -11.269 -11.126 -11.346 -11.365 -11.277 -11.173 -11.115 -11.322 -11.348 -11.32 -10.731 -10.335 -9.827 -11.309
0.436321 -9.35 -9.727 -10.228 -11.003 -11.294 -11.398 -10.642 -11.063 -11.294 -11.396 -11.345 -11.189 -11.053 -11.342 -11.388 -11.304 -11.165 -11.368 -11.396 -11.312 -11.211 -11.154 -11.351 -11.374 -11.352 -10.774 -10.38 -9.875 -11.337
0.449518 -9.325 -9.705 -10.218 -11.01 -11.312 -11.424 -10.649 -11.072 -11.312 -11.422 -11.377 -11.226 -11.061 -11.362 -11.418 -11.338 -11.203 -11.39 -11.425 -11.346 -11.248 -11.193 -11.38 -11.399 -11.384 -10.817 -10.426 -9.922 -11.365
0.463113 -9.298 -9.681 -10.207 -11.016 -11.329 -11.449 -10.656 -11.08 -11.329 -11.447 -11.409 -11.263 -11.069 -11.382 -11.447 -11.373 -11.24 -11.412 -11.455 -11.38 -11.285 -11.231 -11.408 -11.423 -11.415 -10.859 -10.47 -9.969 -11.392
0.47712 -9.271 -9.656 -10.195 -11.021 -11.345 -11.474 -10.661 -11.087 -11.345 -11.472 -11.44 -11.3 -11.075 -11.402 -11.476 -11.406 -11.277 -11.432 -11.483 -11.414 -11.321 -11.269 -11.436 -11.446 -11.446 -10.901 -10.515 -10.016 -11.419
0.49155 -9.242 -9.629 -10.181 -11.025 -11.36 -11.498 -10.666 -11.092 -11.361 -11.497 -11.471 -11.336 -11.08 -11.42 -11.504 -11.439 -11.314 -11.452 -11.511 -11.447 -11.357 -11.306 -11.463 -11.469 -11.476 -10.943 -10.56 -10.063 -11.445
0.506416 -9.211 -9.601 -10.166 -11.027 -11.374 -11.521 -10.671 -11.097 -11.375 -11.52 -11.501 -11.371 -11.084 -11.438 -11.531 -11.472 -11.35 -11.471 -11.539 -11.48 -11.393 -11.344 -11.49 -11.491 -11.506 -10.985 -10.604 -10.109 -11.471
0.521733 -9.179 -9.571 -10.15 -11.029 -11.388 -11.544 -10.674 -11.101 -11.389 -11.543 -11.531 -11.406 -11.087 -11.455 -11.558 -11.504 -11.386 -11.489 -11.566 -11.512 -11.428 -11.38 -11.515 -11.512 -11.535 -11.026 -10.648 -10.156 -11.495
0.537512 -9.146 -9.539 -10.132 -11.029 -11.4 -11.566 -10.676 -11.103 -11.401 -11.565 -11.56 -11.441 -11.089 -11.471 -11.584 -11.535 -11.422 -11.506 -11.592 -11.543 -11.463 -11.417 -11.541 -11.533 -11.564 -11.067 -10.692 -10.202 -11.52
0.553769 -9.111 -9.505 -10.112 -11.028 -11.412 -11.587 -10.678 -11.104 -11.413 -11.586 -11.588 -11.475 -11.089 -11.486 -11.61 -11.566 -11.456 -11.523 -11.617 -11.574 -11.497 -11.453 -11.565 -11.553 -11.591 -11.107 -10.735 -10.247 -11.543
0.570517 -9.074 -9.469 -10.091 -11.025 -11.422 -11.607 -10.679 -11.104 -11.424 -11.607 -11.616 -11.509 -11.089 -11.5 -11.634 -11.597 -11.491 -11.538 -11.642 -11.605 -11.531 -11.488 -11.589 -11.572 -11.619 -11.147 -10.778 -10.293 -11.566
0.587772 -9.036 -9.431 -10.069 -11.022 -11.432 -11.626 -10.678 -11.103 -11.433 -11.627 -11.643 -11.542 -11.087 -11.513 -11.658 -11.627 -11.525 -11.553 -11.666 -11.635 -11.564 -11.523 -11.612 -11.59 -11.645 -11.187 -10.821 -10.338 -11.588
0.605549 -8.996 -9.391 -10.044 -11.017 -11.44 -11.645 -10.677 -11.1 -11.442 -11.645 -11.669 -11.575 -11.083 -11.525 -11.682 -11.656 -11.558 -11.567 -11.69 -11.664 -11.596 -11.558 -11.635 -11.607 -11.671 -11.226 -10.864 -10.384 -11.61
0.623863 -8.954 -9.349 -10.018 -11.01 -11.447 -11.663 -10.675 -11.096 -11.449 -11.663 -11.695 -11.607 -11.078 -11.536 -11.704 -11.684 -11.591 -11.579 -11.712 -11.693 -11.629 -11.592 -11.656 -11.623 -11.696 -11.265 -10.906 -10.428 -11.63
0.642731 -8.911 -9.304 -9.99 -11.002 -11.453 -11.679 -10.671 -11.09 -11.455 -11.68 -11.719 -11.638 -11.072 -11.546 -11.726 -11.712 -11.623 -11.591 -11.734 -11.72 -11.66 -11.625 -11.677 -11.638 -11.72 -11.304 -10.948 -10.473 -11.65
0.66217 -8.865 -9.257 -9.961 -10.992 -11.457 -11.695 -10.666 -11.083 -11.46 -11.696 -11.743 -11.669 -11.064 -11.554 -11.746 -11.739 -11.655 -11.601 -11.755 -11.748 -11.691 -11.658 -11.697 -11.653 -11.744 -11.342 -10.99 -10.517 -11.669
0.682197 -8.818 -9.208 -9.929 -10.981 -11.461 -11.709 -10.661 -11.074 -11.464 -11.711 -11.767 -11.699 -11.054 -11.562 -11.766 -11.765 -11.686 -11.61 -11.774 -11.774 -11.721 -11.69 -11.716 -11.666 -11.767 -11.38 -11.031 -10.561 -11.687
0.70283 -8.768 -9.156 -9.895 -10.967 -11.463 -11.722 -10.654 -11.063 -11.466 -11.724 -11.789 -11.728 -11.043 -11.568 -11.785 -11.791 -11.716 -11.618 -11.793 -11.8 -11.751 -11.722 -11.734 -11.678 -11.788 -11.417 -11.071 -10.605 -11.704
0.724086 -8.717 -9.101 -9.859 -10.952 -11.463 -11.735 -10.645 -11.051 -11.466 -11.737 -11.81 -11.757 -11.03 -11.573 -11.802 -11.815 -11.746 -11.625 -11.811 -11.824 -11.779 -11.753 -11.751 -11.689 -11.809 -11.453 -11.112 -10.648 -11.72
0.745986 -8.663 -9.043 -9.82 -10.935 -11.462 -11.746 -10.635 -11.037 -11.465 -11.748 -11.831 -11.785 -11.015 -11.576 -11.819 -11.839 -11.775 -11.63 -11.828 -11.848 -11.807 -11.784 -11.767 -11.698 -11.829 -11.49 -11.152 -10.691 -11.735
