web/models/kne.last_good/kappa_0.5_3.0.v1/10/villar_0.0512_0.0770_3.0000.dat
# %ECSV 1.0
# ---
# datatype:
# - {name: time, datatype: float64}
# - {name: swift_uvot_uvw2, datatype: float64}
# - {name: swift_uvot_uvm2, datatype: float64}
# - {name: swift_uvot_uvw1, datatype: float64}
# - {name: swift_uvot_U, datatype: float64}
# - {name: swift_uvot_B, datatype: float64}
# - {name: swift_uvot_V, datatype: float64}
# - {name: swift_uvot_W, datatype: float64}
# - {name: johnson_U, datatype: float64}
# - {name: johnson_B, datatype: float64}
# - {name: johnson_V, datatype: float64}
# - {name: johnson_R, datatype: float64}
# - {name: johnson_I, datatype: float64}
# - {name: sdss_u, datatype: float64}
# - {name: sdss_g, datatype: float64}
# - {name: sdss_r, datatype: float64}
# - {name: sdss_i, datatype: float64}
# - {name: sdss_z, datatype: float64}
# - {name: PS1_g, datatype: float64}
# - {name: PS1_r, datatype: float64}
# - {name: PS1_i, datatype: float64}
# - {name: PS1_z, datatype: float64}
# - {name: PS1_Y, datatype: float64}
# - {name: PS1_w, datatype: float64}
# - {name: ATLAS_c, datatype: float64}
# - {name: ATLAS_o, datatype: float64}
# - {name: ukirt_J, datatype: float64}
# - {name: ukirt_H, datatype: float64}
# - {name: ukirt_K, datatype: float64}
# - {name: Clear, datatype: float64}
# meta: !!omap
# - comment: [kappa = 3.0, type = villar, mass = 0.051209162050732976, velocity = 0.07700000000000001, theta_obs = 0.0]
# schema: astropy-2.0
time swift_uvot_uvw2 swift_uvot_uvm2 swift_uvot_uvw1 swift_uvot_U swift_uvot_B swift_uvot_V swift_uvot_W johnson_U johnson_B johnson_V johnson_R johnson_I sdss_u sdss_g sdss_r sdss_i sdss_z PS1_g PS1_r PS1_i PS1_z PS1_Y PS1_w ATLAS_c ATLAS_o ukirt_J ukirt_H ukirt_K Clear
[from data line 78]
0.010217 -9.073 -8.85 -8.711 -8.285 -7.927 -7.543 -8.555 -8.232 -7.923 -7.532 -7.141 -6.687 -8.242 -7.805 -7.315 -6.957 -6.62 -7.803 -7.375 -7.036 -6.838 -6.914 -7.381 -7.614 -7.169 -5.947 -5.401 -4.77 -7.461
0.010526 -9.116 -8.896 -8.757 -8.335 -7.978 -7.595 -8.602 -8.282 -7.974 -7.584 -7.193 -6.74 -8.292 -7.856 -7.368 -7.01 -6.673 -7.854 -7.427 -7.088 -6.89 -6.963 -7.433 -7.666 -7.222 -6.001 -5.455 -4.825 -7.513
0.010845 -9.158 -8.941 -8.804 -8.385 -8.029 -7.647 -8.648 -8.332 -8.025 -7.636 -7.246 -6.794 -8.342 -7.907 -7.42 -7.063 -6.727 -7.904 -7.478 -7.14 -6.941 -7.011 -7.485 -7.717 -7.274 -6.055 -5.51 -4.879 -7.565
0.011173 -9.201 -8.987 -8.851 -8.434 -8.08 -7.699 -8.695 -8.382 -8.076 -7.688 -7.299 -6.847 -8.391 -7.958 -7.473 -7.116 -6.78 -7.955 -7.53 -7.191 -6.992 -7.059 -7.537 -7.769 -7.327 -6.109 -5.564 -4.934 -7.617
0.011511 -9.243 -9.032 -8.897 -8.484 -8.131 -7.751 -8.741 -8.431 -8.127 -7.74 -7.351 -6.9 -8.441 -8.009 -7.525 -7.169 -6.833 -8.006 -7.581 -7.243 -7.043 -7.108 -7.589 -7.821 -7.379 -6.163 -5.618 -4.989 -7.669
0.011859 -9.284 -9.077 -8.943 -8.533 -8.181 -7.802 -8.787 -8.481 -8.178 -7.792 -7.404 -6.953 -8.49 -8.06 -7.577 -7.221 -6.887 -8.056 -7.633 -7.295 -7.094 -7.156 -7.641 -7.872 -7.432 -6.217 -5.673 -5.043 -7.72
0.012217 -9.326 -9.122 -8.989 -8.582 -8.232 -7.854 -8.834 -8.53 -8.228 -7.843 -7.456 -7.006 -8.54 -8.111 -7.629 -7.274 -6.94 -8.107 -7.684 -7.346 -7.145 -7.204 -7.692 -7.923 -7.484 -6.271 -5.727 -5.098 -7.772
0.012587 -9.368 -9.167 -9.035 -8.631 -8.282 -7.905 -8.879 -8.579 -8.279 -7.895 -7.508 -7.059 -8.589 -8.162 -7.681 -7.327 -6.993 -8.157 -7.735 -7.398 -7.196 -7.253 -7.744 -7.975 -7.536 -6.325 -5.781 -5.152 -7.823
0.012968 -9.409 -9.211 -9.081 -8.68 -8.333 -7.957 -8.925 -8.628 -8.329 -7.946 -7.561 -7.112 -8.638 -8.213 -7.733 -7.379 -7.046 -8.207 -7.786 -7.449 -7.247 -7.301 -7.796 -8.026 -7.589 -6.378 -5.835 -5.207 -7.874
0.01336 -9.45 -9.256 -9.127 -8.729 -8.383 -8.008 -8.971 -8.678 -8.379 -7.998 -7.613 -7.165 -8.687 -8.264 -7.785 -7.432 -7.099 -8.258 -7.838 -7.501 -7.298 -7.349 -7.847 -8.077 -7.641 -6.432 -5.889 -5.261 -7.926
0.013764 -9.491 -9.3 -9.172 -8.777 -8.433 -8.06 -9.016 -8.726 -8.429 -8.049 -7.665 -7.218 -8.736 -8.314 -7.837 -7.484 -7.152 -8.308 -7.889 -7.552 -7.349 -7.398 -7.899 -8.128 -7.693 -6.486 -5.943 -5.315 -7.977
0.01418 -9.532 -9.344 -9.217 -8.826 -8.483 -8.111 -9.062 -8.775 -8.48 -8.1 -7.717 -7.271 -8.785 -8.365 -7.889 -7.537 -7.205 -8.358 -7.94 -7.604 -7.4 -7.446 -7.95 -8.179 -7.745 -6.539 -5.997 -5.37 -8.028
0.014609 -9.572 -9.388 -9.262 -8.874 -8.533 -8.162 -9.107 -8.824 -8.53 -8.152 -7.769 -7.324 -8.834 -8.415 -7.94 -7.589 -7.258 -8.408 -7.991 -7.655 -7.451 -7.494 -8.002 -8.23 -7.797 -6.593 -6.051 -5.424 -8.079
0.015051 -9.613 -9.431 -9.307 -8.923 -8.583 -8.213 -9.152 -8.873 -8.579 -8.203 -7.821 -7.376 -8.882 -8.465 -7.992 -7.642 -7.311 -8.458 -8.041 -7.706 -7.501 -7.542 -8.053 -8.281 -7.849 -6.646 -6.105 -5.478 -8.13
0.015506 -9.653 -9.475 -9.352 -8.971 -8.633 -8.264 -9.197 -8.921 -8.629 -8.254 -7.873 -7.429 -8.931 -8.516 -8.044 -7.694 -7.363 -8.508 -8.092 -7.757 -7.552 -7.59 -8.104 -8.332 -7.9 -6.7 -6.159 -5.532 -8.181
0.015975 -9.693 -9.518 -9.397 -9.019 -8.683 -8.315 -9.242 -8.97 -8.679 -8.305 -7.925 -7.481 -8.979 -8.566 -8.095 -7.746 -7.416 -8.557 -8.143 -7.808 -7.603 -7.638 -8.155 -8.382 -7.952 -6.753 -6.213 -5.587 -8.232
0.016458 -9.733 -9.561 -9.441 -9.067 -8.732 -8.366 -9.286 -9.018 -8.729 -8.356 -7.976 -7.534 -9.028 -8.616 -8.147 -7.798 -7.469 -8.607 -8.194 -7.859 -7.653 -7.687 -8.206 -8.433 -8.004 -6.807 -6.267 -5.641 -8.282
0.016956 -9.772 -9.604 -9.486 -9.115 -8.782 -8.417 -9.331 -9.066 -8.778 -8.406 -8.028 -7.586 -9.076 -8.666 -8.198 -7.85 -7.521 -8.657 -8.244 -7.911 -7.704 -7.735 -8.257 -8.483 -8.056 -6.86 -6.32 -5.695 -8.333
0.017469 -9.812 -9.647 -9.53 -9.163 -8.832 -8.468 -9.375 -9.114 -8.828 -8.457 -8.08 -7.639 -9.124 -8.716 -8.249 -7.902 -7.574 -8.706 -8.295 -7.962 -7.755 -7.783 -8.308 -8.534 -8.107 -6.913 -6.374 -5.749 -8.384
0.017997 -9.851 -9.69 -9.574 -9.211 -8.881 -8.518 -9.419 -9.162 -8.877 -8.508 -8.131 -7.691 -9.172 -8.766 -8.3 -7.954 -7.626 -8.756 -8.345 -8.012 -7.805 -7.831 -8.359 -8.584 -8.159 -6.967 -6.428 -5.803 -8.434
0.018541 -9.89 -9.732 -9.618 -9.258 -8.93 -8.569 -9.463 -9.21 -8.926 -8.558 -8.183 -7.744 -9.22 -8.815 -8.352 -8.006 -7.679 -8.805 -8.396 -8.063 -7.856 -7.879 -8.41 -8.634 -8.21 -7.02 -6.481 -5.857 -8.485
0.019102 -9.929 -9.775 -9.662 -9.306 -8.979 -8.619 -9.507 -9.258 -8.976 -8.609 -8.234 -7.796 -9.267 -8.865 -8.403 -8.058 -7.731 -8.854 -8.446 -8.114 -7.906 -7.927 -8.461 -8.685 -8.261 -7.073 -6.535 -5.911 -8.535
0.01968 -9.968 -9.817 -9.705 -9.353 -9.029 -8.67 -9.551 -9.305 -9.025 -8.659 -8.285 -7.848 -9.315 -8.914 -8.454 -8.11 -7.783 -8.903 -8.497 -8.165 -7.957 -7.975 -8.511 -8.735 -8.313 -7.126 -6.589 -5.965 -8.585
0.020275 -10.007 -9.859 -9.749 -9.4 -9.078 -8.72 -9.594 -9.353 -9.074 -8.71 -8.337 -7.9 -9.362 -8.964 -8.505 -8.161 -7.836 -8.953 -8.547 -8.216 -8.007 -8.023 -8.562 -8.785 -8.364 -7.179 -6.642 -6.019 -8.636
0.020888 -10.045 -9.9 -9.792 -9.447 -9.126 -8.771 -9.638 -9.4 -9.123 -8.76 -8.388 -7.952 -9.41 -9.013 -8.556 -8.213 -7.888 -9.002 -8.597 -8.267 -8.057 -8.071 -8.612 -8.835 -8.415 -7.232 -6.696 -6.073 -8.686
0.02152 -10.083 -9.942 -9.835 -9.494 -9.175 -8.821 -9.681 -9.448 -9.171 -8.81 -8.439 -8.004 -9.457 -9.063 -8.606 -8.265 -7.94 -9.051 -8.647 -8.317 -8.108 -8.12 -8.663 -8.885 -8.466 -7.285 -6.749 -6.127 -8.736
0.022171 -10.121 -9.983 -9.878 -9.541 -9.224 -8.871 -9.724 -9.495 -9.22 -8.861 -8.49 -8.056 -9.504 -9.112 -8.657 -8.316 -7.992 -9.1 -8.697 -8.368 -8.158 -8.168 -8.713 -8.935 -8.517 -7.338 -6.803 -6.181 -8.786
0.022841 -10.159 -10.024 -9.921 -9.588 -9.273 -8.921 -9.767 -9.542 -9.269 -8.911 -8.541 -8.108 -9.551 -9.161 -8.708 -8.368 -8.044 -9.148 -8.748 -8.419 -8.209 -8.216 -8.763 -8.984 -8.568 -7.391 -6.856 -6.234 -8.836
0.023532 -10.196 -10.065 -9.963 -9.635 -9.321 -8.971 -9.81 -9.589 -9.317 -8.961 -8.592 -8.16 -9.598 -9.21 -8.758 -8.419 -8.096 -9.197 -8.798 -8.469 -8.259 -8.264 -8.814 -9.034 -8.619 -7.444 -6.909 -6.288 -8.886
0.024244 -10.234 -10.106 -10.006 -9.681 -9.37 -9.021 -9.853 -9.636 -9.366 -9.011 -8.643 -8.212 -9.645 -9.259 -8.809 -8.471 -8.148 -9.246 -8.848 -8.52 -8.309 -8.312 -8.864 -9.084 -8.67 -7.497 -6.963 -6.342 -8.935
0.024977 -10.271 -10.147 -10.048 -9.728 -9.418 -9.071 -9.895 -9.683 -9.414 -9.06 -8.694 -8.264 -9.692 -9.308 -8.86 -8.522 -8.2 -9.294 -8.897 -8.57 -8.359 -8.36 -8.914 -9.133 -8.721 -7.55 -7.016 -6.396 -8.985
0.025733 -10.308 -10.187 -10.09 -9.774 -9.466 -9.12 -9.937 -9.729 -9.463 -9.11 -8.745 -8.316 -9.738 -9.357 -8.91 -8.573 -8.252 -9.343 -8.947 -8.62 -8.41 -8.408 -8.964 -9.182 -8.772 -7.603 -7.069 -6.449 -9.035
0.026511 -10.344 -10.227 -10.132 -9.82 -9.515 -9.17 -9.98 -9.776 -9.511 -9.16 -8.796 -8.367 -9.785 -9.405 -8.96 -8.624 -8.304 -9.391 -8.997 -8.671 -8.46 -8.456 -9.014 -9.232 -8.822 -7.655 -7.123 -6.503 -9.084
0.027313 -10.381 -10.267 -10.173 -9.866 -9.563 -9.22 -10.022 -9.822 -9.559 -9.21 -8.846 -8.419 -9.831 -9.454 -9.011 -8.675 -8.356 -9.44 -9.047 -8.721 -8.51 -8.504 -9.064 -9.281 -8.873 -7.708 -7.176 -6.557 -9.134
0.028139 -10.417 -10.307 -10.215 -9.912 -9.611 -9.269 -10.064 -9.869 -9.607 -9.259 -8.897 -8.47 -9.878 -9.502 -9.061 -8.727 -8.407 -9.488 -9.096 -8.771 -8.56 -8.552 -9.113 -9.33 -8.924 -7.761 -7.229 -6.61 -9.183
0.02899 -10.453 -10.347 -10.256 -9.958 -9.659 -9.319 -10.105 -9.915 -9.655 -9.309 -8.948 -8.522 -9.924 -9.551 -9.111 -8.778 -8.459 -9.536 -9.146 -8.822 -8.61 -8.6 -9.163 -9.379 -8.974 -7.813 -7.282 -6.664 -9.232
0.029867 -10.489 -10.386 -10.298 -10.004 -9.706 -9.368 -10.147 -9.961 -9.703 -9.358 -8.998 -8.573 -9.97 -9.599 -9.161 -8.829 -8.511 -9.584 -9.195 -8.872 -8.66 -8.648 -9.213 -9.428 -9.024 -7.866 -7.335 -6.717 -9.282
0.03077 -10.525 -10.426 -10.339 -10.049 -9.754 -9.418 -10.188 -10.007 -9.75 -9.407 -9.049 -8.625 -10.016 -9.647 -9.211 -8.88 -8.562 -9.632 -9.245 -8.922 -8.71 -8.696 -9.262 -9.477 -9.075 -7.918 -7.388 -6.771 -9.331
0.031701 -10.56 -10.465 -10.379 -10.095 -9.802 -9.467 -10.23 -10.053 -9.798 -9.457 -9.099 -8.676 -10.061 -9.695 -9.261 -8.93 -8.614 -9.68 -9.294 -8.972 -8.76 -8.744 -9.312 -9.526 -9.125 -7.971 -7.441 -6.824 -9.38
0.032659 -10.596 -10.503 -10.42 -10.14 -9.849 -9.516 -10.271 -10.098 -9.845 -9.506 -9.149 -8.728 -10.107 -9.744 -9.311 -8.981 -8.665 -9.728 -9.344 -9.022 -8.81 -8.792 -9.361 -9.575 -9.175 -8.023 -7.494 -6.878 -9.429
0.033647 -10.631 -10.542 -10.461 -10.185 -9.897 -9.565 -10.312 -10.144 -9.893 -9.555 -9.2 -8.779 -10.153 -9.792 -9.361 -9.032 -8.717 -9.776 -9.393 -9.072 -8.86 -8.84 -9.411 -9.624 -9.226 -8.076 -7.547 -6.931 -9.478
0.034665 -10.665 -10.58 -10.501 -10.23 -9.944 -9.614 -10.352 -10.189 -9.94 -9.604 -9.25 -8.83 -10.198 -9.839 -9.41 -9.083 -8.768 -9.824 -9.442 -9.122 -8.91 -8.889 -9.46 -9.672 -9.276 -8.128 -7.6 -6.985 -9.527
0.035713 -10.7 -10.618 -10.541 -10.275 -9.991 -9.663 -10.393 -10.235 -9.987 -9.653 -9.3 -8.881 -10.243 -9.887 -9.46 -9.133 -8.82 -9.871 -9.491 -9.172 -8.96 -8.937 -9.509 -9.721 -9.326 -8.181 -7.653 -7.038 -9.575
0.036793 -10.734 -10.656 -10.581 -10.32 -10.038 -9.712 -10.433 -10.28 -10.034 -9.702 -9.35 -8.933 -10.288 -9.935 -9.51 -9.184 -8.871 -9.919 -9.541 -9.222 -9.01 -8.985 -9.558 -9.769 -9.376 -8.233 -7.706 -7.092 -9.624
0.037906 -10.769 -10.694 -10.621 -10.365 -10.085 -9.761 -10.474 -10.325 -10.081 -9.751 -9.4 -8.984 -10.333 -9.982 -9.559 -9.234 -8.922 -9.966 -9.59 -9.272 -9.06 -9.033 -9.607 -9.818 -9.426 -8.285 -7.759 -7.145 -9.673
0.039052 -10.802 -10.732 -10.66 -10.409 -10.132 -9.809 -10.514 -10.37 -10.128 -9.799 -9.45 -9.035 -10.378 -10.03 -9.609 -9.285 -8.973 -10.014 -9.639 -9.322 -9.109 -9.081 -9.656 -9.866 -9.475 -8.338 -7.812 -7.198 -9.721
0.040234 -10.836 -10.769 -10.7 -10.454 -10.179 -9.858 -10.554 -10.415 -10.175 -9.848 -9.5 -9.086 -10.423 -10.077 -9.658 -9.335 -9.024 -10.061 -9.687 -9.371 -9.159 -9.129 -9.705 -9.914 -9.525 -8.39 -7.865 -7.251 -9.77
0.04145 -10.869 -10.806 -10.739 -10.498 -10.226 -9.906 -10.593 -10.459 -10.222 -9.896 -9.549 -9.137 -10.468 -10.125 -9.707 -9.386 -9.076 -10.108 -9.736 -9.421 -9.209 -9.177 -9.754 -9.962 -9.575 -8.442 -7.917 -7.305 -9.818
0.042704 -10.903 -10.843 -10.778 -10.542 -10.272 -9.955 -10.633 -10.504 -10.268 -9.945 -9.599 -9.187 -10.512 -10.172 -9.757 -9.436 -9.127 -10.155 -9.785 -9.471 -9.259 -9.225 -9.803 -10.01 -9.625 -8.494 -7.97 -7.358 -9.866
0.043996 -10.936 -10.879 -10.817 -10.586 -10.319 -10.003 -10.672 -10.548 -10.315 -9.993 -9.649 -9.238 -10.557 -10.219 -9.806 -9.486 -9.178 -10.202 -9.834 -9.52 -9.308 -9.273 -9.851 -10.058 -9.674 -8.546 -8.023 -7.411 -9.915
0.045326 -10.968 -10.916 -10.855 -10.63 -10.365 -10.051 -10.712 -10.593 -10.361 -10.042 -9.698 -9.289 -10.601 -10.266 -9.855 -9.536 -9.229 -10.249 -9.882 -9.57 -9.358 -9.321 -9.9 -10.106 -9.724 -8.598 -8.076 -7.464 -9.963
0.046697 -11.001 -10.952 -10.893 -10.674 -10.411 -10.1 -10.751 -10.637 -10.408 -10.09 -9.748 -9.34 -10.645 -10.313 -9.904 -9.587 -9.279 -10.296 -9.931 -9.619 -9.407 -9.369 -9.948 -10.154 -9.773 -8.65 -8.128 -7.518 -10.011
0.048109 -11.033 -10.988 -10.932 -10.717 -10.457 -10.148 -10.79 -10.681 -10.454 -10.138 -9.797 -9.39 -10.689 -10.36 -9.953 -9.637 -9.33 -10.343 -9.98 -9.669 -9.457 -9.417 -9.997 -10.201 -9.823 -8.702 -8.181 -7.571 -10.059
0.049564 -11.065 -11.024 -10.97 -10.761 -10.504 -10.196 -10.828 -10.725 -10.5 -10.186 -9.847 -9.441 -10.733 -10.406 -10.002 -9.687 -9.381 -10.39 -10.028 -9.718 -9.506 -9.465 -10.045 -10.249 -9.872 -8.754 -8.233 -7.624 -10.107
0.051063 -11.097 -11.059 -11.007 -10.804 -10.549 -10.244 -10.867 -10.768 -10.546 -10.234 -9.896 -9.492 -10.777 -10.453 -10.051 -9.736 -9.432 -10.436 -10.076 -9.768 -9.556 -9.513 -10.094 -10.296 -9.921 -8.806 -8.286 -7.677 -10.154
0.052608 -11.128 -11.094 -11.045 -10.847 -10.595 -10.291 -10.905 -10.812 -10.592 -10.282 -9.945 -9.542 -10.82 -10.5 -10.099 -9.786 -9.483 -10.483 -10.125 -9.817 -9.605 -9.561 -10.142 -10.344 -9.97 -8.858 -8.339 -7.73 -10.202
0.054199 -11.159 -11.129 -11.082 -10.89 -10.641 -10.339 -10.943 -10.856 -10.637 -10.33 -9.995 -9.593 -10.863 -10.546 -10.148 -9.836 -9.533 -10.529 -10.173 -9.866 -9.655 -9.609 -10.19 -10.391 -10.019 -8.91 -8.391 -7.783 -10.25
0.055838 -11.19 -11.164 -11.119 -10.933 -10.687 -10.387 -10.981 -10.899 -10.683 -10.377 -10.044 -9.643 -10.907 -10.592 -10.197 -9.886 -9.584 -10.575 -10.221 -9.915 -9.704 -9.657 -10.238 -10.438 -10.068 -8.962 -8.444 -7.836 -10.297
0.057527 -11.221 -11.198 -11.156 -10.976 -10.732 -10.434 -11.019 -10.942 -10.728 -10.425 -10.093 -9.693 -10.95 -10.638 -10.245 -9.936 -9.634 -10.621 -10.269 -9.964 -9.753 -9.705 -10.286 -10.485 -10.117 -9.013 -8.496 -7.889 -10.345
0.059267 -11.251 -11.232 -11.193 -11.018 -10.777 -10.482 -11.057 -10.985 -10.774 -10.472 -10.142 -9.744 -10.993 -10.685 -10.294 -9.985 -9.685 -10.668 -10.317 -10.013 -9.803 -9.753 -10.334 -10.532 -10.166 -9.065 -8.548 -7.942 -10.392
0.061059 -11.281 -11.266 -11.229 -11.061 -10.823 -10.529 -11.094 -11.028 -10.819 -10.52 -10.191 -9.794 -11.036 -10.731 -10.342 -10.035 -9.735 -10.714 -10.365 -10.062 -9.852 -9.801 -10.381 -10.579 -10.215 -9.117 -8.601 -7.995 -10.439
0.062906 -11.311 -11.3 -11.266 -11.103 -10.868 -10.577 -11.132 -11.071 -10.864 -10.567 -10.239 -9.844 -11.078 -10.776 -10.39 -10.084 -9.786 -10.759 -10.413 -10.111 -9.901 -9.849 -10.429 -10.626 -10.264 -9.169 -8.653 -8.048 -10.487
0.064808 -11.34 -11.333 -11.302 -11.145 -10.913 -10.624 -11.169 -11.113 -10.909 -10.614 -10.288 -9.894 -11.121 -10.822 -10.438 -10.134 -9.836 -10.805 -10.461 -10.16 -9.95 -9.897 -10.477 -10.673 -10.312 -9.22 -8.705 -8.101 -10.534
0.066769 -11.37 -11.367 -11.337 -11.187 -10.958 -10.671 -11.206 -11.156 -10.954 -10.661 -10.337 -9.944 -11.163 -10.868 -10.486 -10.183 -9.886 -10.851 -10.509 -10.209 -10.0 -9.945 -10.524 -10.719 -10.361 -9.272 -8.758 -8.154 -10.581
0.068788 -11.399 -11.399 -11.373 -11.229 -11.003 -10.718 -11.242 -11.198 -10.999 -10.709 -10.386 -9.994 -11.205 -10.913 -10.534 -10.232 -9.936 -10.896 -10.556 -10.258 -10.049 -9.992 -10.572 -10.766 -10.409 -9.323 -8.81 -8.207 -10.627
0.070868 -11.427 -11.432 -11.408 -11.27 -11.047 -10.765 -11.279 -11.24 -11.044 -10.756 -10.434 -10.044 -11.247 -10.959 -10.582 -10.281 -9.986 -10.942 -10.604 -10.307 -10.098 -10.04 -10.619 -10.812 -10.458 -9.375 -8.862 -8.259 -10.674
0.073012 -11.456 -11.464 -11.443 -11.312 -11.092 -10.812 -11.315 -11.282 -11.088 -10.802 -10.483 -10.094 -11.289 -11.004 -10.63 -10.331 -10.037 -10.987 -10.651 -10.355 -10.147 -10.088 -10.666 -10.859 -10.506 -9.426 -8.914 -8.312 -10.721
0.07522 -11.484 -11.496 -11.478 -11.353 -11.136 -10.859 -11.351 -11.324 -11.132 -10.849 -10.531 -10.144 -11.331 -11.049 -10.678 -10.38 -10.087 -11.032 -10.699 -10.404 -10.196 -10.136 -10.713 -10.905 -10.555 -9.478 -8.966 -8.365 -10.768
0.077495 -11.512 -11.528 -11.513 -11.394 -11.18 -10.905 -11.387 -11.366 -11.177 -10.896 -10.579 -10.194 -11.373 -11.094 -10.726 -10.429 -10.137 -11.078 -10.746 -10.452 -10.245 -10.184 -10.76 -10.951 -10.603 -9.529 -9.019 -8.418 -10.814
0.079839 -11.539 -11.56 -11.547 -11.435 -11.224 -10.952 -11.423 -11.407 -11.221 -10.942 -10.627 -10.243 -11.414 -11.139 -10.773 -10.478 -10.186 -11.123 -10.793 -10.501 -10.294 -10.232 -10.807 -10.997 -10.651 -9.58 -9.071 -8.471 -10.861
0.082253 -11.566 -11.591 -11.581 -11.476 -11.268 -10.998 -11.459 -11.448 -11.265 -10.989 -10.676 -10.293 -11.455 -11.184 -10.821 -10.527 -10.236 -11.168 -10.841 -10.549 -10.342 -10.28 -10.854 -11.043 -10.699 -9.631 -9.123 -8.523 -10.907
0.084741 -11.593 -11.622 -11.615 -11.516 -11.312 -11.045 -11.494 -11.489 -11.309 -11.035 -10.724 -10.342 -11.496 -11.229 -10.868 -10.575 -10.286 -11.212 -10.888 -10.598 -10.391 -10.327 -10.901 -11.089 -10.747 -9.683 -9.175 -8.576 -10.953
