web/models/kne.last_good/kappa_0.5_3.0.v1/10/villar_0.0028_0.2807_0.5000.dat
# %ECSV 1.0
# ---
# datatype:
# - {name: time, datatype: float64}
# - {name: swift_uvot_uvw2, datatype: float64}
# - {name: swift_uvot_uvm2, datatype: float64}
# - {name: swift_uvot_uvw1, datatype: float64}
# - {name: swift_uvot_U, datatype: float64}
# - {name: swift_uvot_B, datatype: float64}
# - {name: swift_uvot_V, datatype: float64}
# - {name: swift_uvot_W, datatype: float64}
# - {name: johnson_U, datatype: float64}
# - {name: johnson_B, datatype: float64}
# - {name: johnson_V, datatype: float64}
# - {name: johnson_R, datatype: float64}
# - {name: johnson_I, datatype: float64}
# - {name: sdss_u, datatype: float64}
# - {name: sdss_g, datatype: float64}
# - {name: sdss_r, datatype: float64}
# - {name: sdss_i, datatype: float64}
# - {name: sdss_z, datatype: float64}
# - {name: PS1_g, datatype: float64}
# - {name: PS1_r, datatype: float64}
# - {name: PS1_i, datatype: float64}
# - {name: PS1_z, datatype: float64}
# - {name: PS1_Y, datatype: float64}
# - {name: PS1_w, datatype: float64}
# - {name: ATLAS_c, datatype: float64}
# - {name: ATLAS_o, datatype: float64}
# - {name: ukirt_J, datatype: float64}
# - {name: ukirt_H, datatype: float64}
# - {name: ukirt_K, datatype: float64}
# - {name: Clear, datatype: float64}
# meta: !!omap
# - comment: [kappa = 0.5, type = villar, mass = 0.0028172691138521437, velocity = 0.2806666666666667, theta_obs = 0.0]
# schema: astropy-2.0
time swift_uvot_uvw2 swift_uvot_uvm2 swift_uvot_uvw1 swift_uvot_U swift_uvot_B swift_uvot_V swift_uvot_W johnson_U johnson_B johnson_V johnson_R johnson_I sdss_u sdss_g sdss_r sdss_i sdss_z PS1_g PS1_r PS1_i PS1_z PS1_Y PS1_w ATLAS_c ATLAS_o ukirt_J ukirt_H ukirt_K Clear
[from data line 147]
0.079839 -10.975 -11.287 -11.612 -12.13 -12.26 -12.242 -11.795 -12.161 -12.258 -12.237 -12.1 -11.87 -12.158 -12.264 -12.177 -12.024 -11.836 -12.274 -12.185 -12.032 -11.893 -11.819 -12.158 -12.238 -12.112 -11.375 -10.945 -10.409 -12.161
0.082253 -10.969 -11.285 -11.619 -12.15 -12.288 -12.277 -11.812 -12.183 -12.286 -12.272 -12.139 -11.913 -12.179 -12.294 -12.214 -12.065 -11.878 -12.305 -12.222 -12.073 -11.935 -11.862 -12.194 -12.271 -12.15 -11.422 -10.993 -10.459 -12.196
0.084741 -10.962 -11.282 -11.625 -12.169 -12.316 -12.31 -11.829 -12.204 -12.314 -12.306 -12.177 -11.955 -12.2 -12.324 -12.251 -12.105 -11.921 -12.335 -12.259 -12.113 -11.977 -11.905 -12.229 -12.304 -12.188 -11.468 -11.041 -10.508 -12.231
0.087304 -10.953 -11.278 -11.629 -12.188 -12.343 -12.344 -11.845 -12.224 -12.341 -12.339 -12.215 -11.996 -12.219 -12.353 -12.287 -12.144 -11.963 -12.365 -12.295 -12.152 -12.019 -11.947 -12.264 -12.336 -12.226 -11.514 -11.088 -10.558 -12.265
0.089944 -10.944 -11.273 -11.634 -12.206 -12.369 -12.377 -11.86 -12.243 -12.368 -12.372 -12.252 -12.038 -12.239 -12.382 -12.323 -12.184 -12.005 -12.395 -12.331 -12.192 -12.06 -11.989 -12.299 -12.368 -12.263 -11.559 -11.136 -10.607 -12.299
0.092665 -10.934 -11.266 -11.637 -12.223 -12.395 -12.409 -11.875 -12.262 -12.394 -12.405 -12.29 -12.079 -12.257 -12.41 -12.358 -12.223 -12.047 -12.424 -12.366 -12.231 -12.101 -12.031 -12.333 -12.399 -12.3 -11.605 -11.183 -10.656 -12.332
0.095467 -10.922 -11.259 -11.639 -12.24 -12.42 -12.441 -11.89 -12.28 -12.419 -12.437 -12.326 -12.12 -12.275 -12.438 -12.393 -12.262 -12.088 -12.453 -12.401 -12.269 -12.142 -12.073 -12.367 -12.43 -12.337 -11.65 -11.231 -10.705 -12.365
0.098355 -10.91 -11.251 -11.64 -12.256 -12.445 -12.473 -11.904 -12.298 -12.444 -12.468 -12.363 -12.16 -12.292 -12.465 -12.428 -12.3 -12.13 -12.481 -12.435 -12.308 -12.182 -12.114 -12.401 -12.46 -12.373 -11.695 -11.278 -10.753 -12.398
0.101329 -10.896 -11.241 -11.64 -12.271 -12.469 -12.504 -11.917 -12.314 -12.468 -12.5 -12.399 -12.201 -12.308 -12.492 -12.462 -12.338 -12.17 -12.509 -12.47 -12.346 -12.223 -12.156 -12.434 -12.49 -12.409 -11.74 -11.325 -10.802 -12.43
0.104394 -10.881 -11.23 -11.64 -12.285 -12.493 -12.534 -11.929 -12.33 -12.492 -12.53 -12.435 -12.241 -12.324 -12.518 -12.495 -12.376 -12.211 -12.536 -12.503 -12.383 -12.262 -12.196 -12.467 -12.52 -12.444 -11.784 -11.371 -10.85 -12.461
0.107551 -10.865 -11.218 -11.638 -12.298 -12.516 -12.564 -11.941 -12.345 -12.515 -12.56 -12.47 -12.28 -12.338 -12.543 -12.529 -12.413 -12.251 -12.562 -12.536 -12.421 -12.302 -12.237 -12.499 -12.548 -12.479 -11.829 -11.418 -10.899 -12.493
0.110804 -10.847 -11.204 -11.635 -12.311 -12.538 -12.593 -11.952 -12.359 -12.537 -12.59 -12.505 -12.32 -12.352 -12.568 -12.561 -12.45 -12.291 -12.588 -12.569 -12.458 -12.341 -12.277 -12.531 -12.577 -12.514 -11.873 -11.464 -10.947 -12.523
0.114155 -10.829 -11.189 -11.63 -12.322 -12.559 -12.622 -11.963 -12.373 -12.558 -12.619 -12.539 -12.358 -12.365 -12.592 -12.594 -12.487 -12.331 -12.613 -12.601 -12.494 -12.38 -12.317 -12.562 -12.604 -12.548 -11.916 -11.51 -10.995 -12.554
0.117608 -10.809 -11.173 -11.625 -12.333 -12.58 -12.651 -11.972 -12.385 -12.579 -12.647 -12.573 -12.397 -12.377 -12.615 -12.625 -12.523 -12.37 -12.637 -12.633 -12.53 -12.419 -12.357 -12.593 -12.631 -12.581 -11.96 -11.556 -11.043 -12.583
0.121165 -10.787 -11.154 -11.618 -12.342 -12.599 -12.678 -11.981 -12.396 -12.599 -12.675 -12.607 -12.435 -12.387 -12.638 -12.657 -12.558 -12.408 -12.661 -12.664 -12.566 -12.457 -12.396 -12.623 -12.658 -12.614 -12.003 -11.602 -11.09 -12.612
0.124829 -10.764 -11.135 -11.611 -12.351 -12.618 -12.705 -11.989 -12.406 -12.618 -12.702 -12.639 -12.473 -12.397 -12.66 -12.687 -12.593 -12.447 -12.684 -12.695 -12.601 -12.494 -12.435 -12.652 -12.683 -12.647 -12.046 -11.647 -11.137 -12.641
0.128605 -10.74 -11.114 -11.601 -12.358 -12.636 -12.731 -11.996 -12.416 -12.636 -12.729 -12.672 -12.51 -12.406 -12.681 -12.717 -12.628 -12.485 -12.706 -12.725 -12.635 -12.532 -12.474 -12.681 -12.709 -12.679 -12.089 -11.692 -11.185 -12.669
0.132494 -10.714 -11.091 -11.591 -12.364 -12.654 -12.757 -12.003 -12.424 -12.654 -12.755 -12.704 -12.547 -12.414 -12.701 -12.746 -12.662 -12.522 -12.728 -12.754 -12.67 -12.568 -12.512 -12.71 -12.733 -12.71 -12.131 -11.737 -11.232 -12.696
0.136502 -10.686 -11.066 -11.578 -12.369 -12.67 -12.782 -12.008 -12.431 -12.67 -12.78 -12.735 -12.583 -12.42 -12.72 -12.775 -12.696 -12.559 -12.748 -12.783 -12.703 -12.605 -12.55 -12.737 -12.756 -12.741 -12.173 -11.782 -11.278 -12.723
0.14063 -10.657 -11.039 -11.565 -12.373 -12.685 -12.806 -12.013 -12.437 -12.686 -12.804 -12.765 -12.619 -12.426 -12.739 -12.803 -12.729 -12.596 -12.768 -12.811 -12.736 -12.641 -12.587 -12.764 -12.779 -12.771 -12.215 -11.826 -11.325 -12.749
0.144883 -10.626 -11.011 -11.549 -12.376 -12.7 -12.829 -12.016 -12.441 -12.7 -12.827 -12.795 -12.655 -12.43 -12.756 -12.83 -12.761 -12.632 -12.787 -12.838 -12.769 -12.676 -12.624 -12.791 -12.801 -12.801 -12.256 -11.87 -11.371 -12.774
0.149265 -10.593 -10.98 -11.533 -12.377 -12.713 -12.851 -12.019 -12.445 -12.713 -12.85 -12.824 -12.689 -12.432 -12.773 -12.857 -12.793 -12.668 -12.805 -12.865 -12.8 -12.711 -12.66 -12.816 -12.822 -12.83 -12.297 -11.914 -11.417 -12.798
0.15378 -10.558 -10.947 -11.514 -12.376 -12.725 -12.873 -12.02 -12.446 -12.726 -12.871 -12.853 -12.724 -12.434 -12.788 -12.883 -12.824 -12.703 -12.822 -12.89 -12.832 -12.745 -12.696 -12.841 -12.842 -12.858 -12.337 -11.957 -11.463 -12.822
0.15843 -10.521 -10.912 -11.493 -12.375 -12.736 -12.893 -12.02 -12.447 -12.737 -12.892 -12.881 -12.757 -12.433 -12.803 -12.908 -12.854 -12.737 -12.837 -12.915 -12.862 -12.779 -12.731 -12.865 -12.861 -12.885 -12.377 -12.0 -11.508 -12.845
0.163222 -10.482 -10.875 -11.471 -12.371 -12.745 -12.913 -12.019 -12.446 -12.746 -12.912 -12.908 -12.79 -12.432 -12.816 -12.932 -12.884 -12.771 -12.852 -12.939 -12.892 -12.812 -12.766 -12.888 -12.879 -12.911 -12.417 -12.043 -11.553 -12.867
0.168159 -10.441 -10.835 -11.446 -12.366 -12.753 -12.931 -12.017 -12.443 -12.755 -12.931 -12.934 -12.823 -12.428 -12.828 -12.955 -12.913 -12.804 -12.866 -12.963 -12.921 -12.844 -12.8 -12.91 -12.896 -12.937 -12.456 -12.085 -11.598 -12.888
0.173245 -10.398 -10.793 -11.42 -12.36 -12.76 -12.948 -12.014 -12.439 -12.762 -12.948 -12.959 -12.854 -12.423 -12.839 -12.977 -12.941 -12.836 -12.878 -12.985 -12.949 -12.876 -12.834 -12.931 -12.912 -12.962 -12.495 -12.127 -11.642 -12.908
0.178484 -10.353 -10.747 -11.391 -12.351 -12.766 -12.964 -12.009 -12.433 -12.768 -12.965 -12.983 -12.885 -12.417 -12.848 -12.998 -12.968 -12.868 -12.889 -13.006 -12.977 -12.907 -12.867 -12.952 -12.927 -12.986 -12.533 -12.168 -11.686 -12.927
0.183882 -10.305 -10.699 -11.36 -12.34 -12.77 -12.979 -12.003 -12.425 -12.772 -12.98 -13.007 -12.915 -12.408 -12.856 -13.018 -12.995 -12.899 -12.899 -13.026 -13.003 -12.937 -12.899 -12.971 -12.941 -13.009 -12.57 -12.209 -11.73 -12.945
0.189444 -10.254 -10.648 -11.326 -12.328 -12.772 -12.993 -11.995 -12.415 -12.774 -12.994 -13.029 -12.945 -12.397 -12.863 -13.037 -13.02 -12.93 -12.907 -13.045 -13.029 -12.967 -12.931 -12.989 -12.953 -13.031 -12.607 -12.25 -11.773 -12.962
0.195173 -10.201 -10.594 -11.29 -12.313 -12.773 -13.005 -11.986 -12.403 -12.775 -13.006 -13.051 -12.973 -12.384 -12.868 -13.055 -13.045 -12.959 -12.914 -13.063 -13.053 -12.995 -12.961 -13.006 -12.964 -13.051 -12.643 -12.289 -11.816 -12.978
0.201076 -10.146 -10.537 -11.251 -12.296 -12.772 -13.016 -11.975 -12.389 -12.774 -13.018 -13.071 -13.001 -12.37 -12.871 -13.071 -13.068 -12.988 -12.919 -13.08 -13.077 -13.023 -12.991 -13.021 -12.973 -13.071 -12.679 -12.329 -11.858 -12.993
0.207158 -10.087 -10.475 -11.21 -12.277 -12.768 -13.026 -11.962 -12.372 -12.772 -13.027 -13.09 -13.027 -12.352 -12.873 -13.086 -13.091 -13.015 -12.922 -13.095 -13.1 -13.05 -13.021 -13.036 -12.981 -13.089 -12.714 -12.368 -11.9 -13.006
0.213423 -10.026 -10.41 -11.165 -12.255 -12.763 -13.033 -11.947 -12.354 -12.767 -13.035 -13.107 -13.053 -12.332 -12.873 -13.1 -13.112 -13.042 -12.924 -13.109 -13.121 -13.075 -13.049 -13.049 -12.987 -13.106 -12.748 -12.406 -11.942 -13.018
0.219878 -9.961 -10.342 -11.117 -12.231 -12.756 -13.039 -11.93 -12.332 -12.76 -13.042 -13.124 -13.077 -12.31 -12.87 -13.112 -13.132 -13.067 -12.924 -13.121 -13.141 -13.1 -13.076 -13.06 -12.992 -13.122 -12.782 -12.444 -11.983 -13.028
0.226528 -9.894 -10.269 -11.066 -12.203 -12.747 -13.043 -11.912 -12.308 -12.751 -13.047 -13.139 -13.101 -12.285 -12.866 -13.123 -13.151 -13.092 -12.922 -13.132 -13.16 -13.123 -13.102 -13.07 -12.995 -13.136 -12.814 -12.48 -12.023 -13.037
0.233379 -9.823 -10.191 -11.011 -12.173 -12.735 -13.046 -11.891 -12.281 -12.739 -13.049 -13.152 -13.123 -12.257 -12.859 -13.132 -13.168 -13.115 -12.918 -13.141 -13.177 -13.146 -13.127 -13.078 -12.995 -13.149 -12.846 -12.517 -12.063 -13.045
0.240437 -9.749 -10.109 -10.952 -12.14 -12.72 -13.046 -11.868 -12.251 -12.725 -13.05 -13.164 -13.144 -12.226 -12.851 -13.139 -13.184 -13.137 -12.911 -13.148 -13.193 -13.167 -13.151 -13.085 -12.994 -13.16 -12.877 -12.552 -12.102 -13.05
0.247709 -9.671 -10.022 -10.89 -12.103 -12.703 -13.044 -11.842 -12.217 -12.708 -13.048 -13.174 -13.163 -12.191 -12.839 -13.144 -13.198 -13.158 -12.902 -13.154 -13.208 -13.186 -13.174 -13.09 -12.991 -13.17 -12.907 -12.587 -12.141 -13.054
0.255201 -9.59 -9.929 -10.823 -12.062 -12.683 -13.04 -11.813 -12.18 -12.689 -13.045 -13.182 -13.181 -12.153 -12.825 -13.148 -13.211 -13.177 -12.891 -13.157 -13.221 -13.205 -13.196 -13.093 -12.985 -13.177 -12.935 -12.621 -12.179 -13.056
0.262919 -9.505 -9.831 -10.752 -12.018 -12.66 -13.033 -11.782 -12.14 -12.666 -13.039 -13.188 -13.198 -12.111 -12.808 -13.149 -13.221 -13.195 -12.876 -13.159 -13.232 -13.221 -13.216 -13.093 -12.977 -13.183 -12.963 -12.654 -12.216 -13.056
0.270871 -9.416 -9.727 -10.676 -11.969 -12.634 -13.024 -11.748 -12.095 -12.64 -13.03 -13.193 -13.213 -12.065 -12.788 -13.148 -13.23 -13.211 -12.859 -13.158 -13.241 -13.236 -13.234 -13.092 -12.966 -13.186 -12.99 -12.686 -12.252 -13.053
0.279064 -9.324 -9.616 -10.595 -11.916 -12.604 -13.012 -11.711 -12.046 -12.611 -13.018 -13.195 -13.226 -12.015 -12.765 -13.144 -13.237 -13.226 -12.839 -13.154 -13.248 -13.25 -13.251 -13.088 -12.952 -13.187 -13.015 -12.717 -12.288 -13.049
0.287504 -9.228 -9.499 -10.508 -11.859 -12.57 -12.996 -11.671 -11.993 -12.578 -13.004 -13.195 -13.237 -11.96 -12.739 -13.138 -13.242 -13.238 -12.816 -13.148 -13.253 -13.261 -13.267 -13.081 -12.935 -13.186 -13.039 -12.747 -12.322 -13.042
0.296199 -9.128 -9.374 -10.416 -11.796 -12.533 -12.978 -11.627 -11.935 -12.541 -12.986 -13.192 -13.246 -11.901 -12.709 -13.128 -13.244 -13.249 -12.789 -13.14 -13.255 -13.271 -13.28 -13.072 -12.915 -13.183 -13.061 -12.775 -12.356 -13.032
0.305157 -9.024 -9.241 -10.318 -11.729 -12.491 -12.956 -11.579 -11.872 -12.5 -12.965 -13.186 -13.253 -11.836 -12.675 -13.116 -13.244 -13.258 -12.758 -13.128 -13.256 -13.278 -13.292 -13.06 -12.892 -13.176 -13.082 -12.803 -12.389 -13.019
0.314387 -8.917 -9.101 -10.214 -11.655 -12.445 -12.931 -11.528 -11.803 -12.454 -12.94 -13.178 -13.258 -11.765 -12.636 -13.101 -13.241 -13.264 -12.724 -13.113 -13.253 -13.283 -13.302 -13.045 -12.865 -13.167 -13.102 -12.829 -12.42 -13.004
0.323895 -8.806 -8.951 -10.102 -11.576 -12.393 -12.901 -11.472 -11.729 -12.404 -12.912 -13.166 -13.261 -11.689 -12.594 -13.082 -13.236 -13.268 -12.685 -13.095 -13.248 -13.285 -13.309 -13.027 -12.834 -13.154 -13.119 -12.854 -12.451 -12.985
0.333691 -8.692 -8.792 -9.984 -11.489 -12.337 -12.868 -11.411 -11.648 -12.348 -12.879 -13.152 -13.26 -11.606 -12.546 -13.06 -13.227 -13.27 -12.641 -13.072 -13.24 -13.285 -13.314 -13.005 -12.799 -13.138 -13.135 -12.877 -12.48 -12.963
0.343783 -8.575 -8.622 -9.857 -11.396 -12.275 -12.829 -11.346 -11.56 -12.287 -12.842 -13.133 -13.257 -11.516 -12.493 -13.033 -13.215 -13.268 -12.593 -13.047 -13.228 -13.283 -13.317 -12.98 -12.76 -13.119 -13.149 -12.899 -12.508 -12.938
0.354181 -8.456 -8.442 -9.722 -11.295 -12.206 -12.786 -11.276 -11.465 -12.219 -12.8 -13.111 -13.251 -11.419 -12.435 -13.002 -13.199 -13.264 -12.539 -13.016 -13.213 -13.277 -13.317 -12.95 -12.715 -13.096 -13.16 -12.919 -12.535 -12.908
0.364893 -8.334 -8.249 -9.579 -11.186 -12.132 -12.738 -11.2 -11.362 -12.145 -12.752 -13.085 -13.242 -11.314 -12.371 -12.967 -13.18 -13.256 -12.479 -12.982 -13.194 -13.267 -13.314 -12.916 -12.665 -13.068 -13.169 -12.937 -12.56 -12.875
0.375929 -8.211 -8.045 -9.426 -11.069 -12.05 -12.684 -11.118 -11.251 -12.065 -12.699 -13.054 -13.229 -11.2 -12.3 -12.926 -13.157 -13.246 -12.414 -12.942 -13.172 -13.255 -13.307 -12.878 -12.61 -13.036 -13.176 -12.953 -12.584 -12.837
0.387298 -8.087 -7.826 -9.263 -10.941 -11.96 -12.623 -11.03 -11.13 -11.976 -12.64 -13.019 -13.212 -11.076 -12.222 -12.881 -13.129 -13.231 -12.342 -12.897 -13.144 -13.238 -13.298 -12.834 -12.549 -12.999 -13.18 -12.967 -12.606 -12.794
0.399012 -7.963 -7.593 -9.089 -10.804 -11.863 -12.556 -10.935 -11.0 -11.88 -12.575 -12.978 -13.191 -10.943 -12.137 -12.829 -13.096 -13.212 -12.262 -12.846 -13.112 -13.217 -13.284 -12.785 -12.481 -12.957 -13.181 -12.979 -12.626 -12.746
0.41108 -7.839 -7.344 -8.904 -10.655 -11.756 -12.482 -10.833 -10.858 -11.775 -12.502 -12.932 -13.165 -10.799 -12.043 -12.771 -13.058 -13.189 -12.175 -12.789 -13.075 -13.192 -13.267 -12.73 -12.406 -12.909 -13.179 -12.988 -12.644 -12.693
0.423513 -7.718 -7.079 -8.707 -10.494 -11.64 -12.4 -10.723 -10.706 -11.66 -12.421 -12.88 -13.135 -10.642 -11.941 -12.706 -13.015 -13.161 -12.08 -12.725 -13.032 -13.162 -13.245 -12.669 -12.323 -12.855 -13.174 -12.995 -12.66 -12.634
0.436321 -7.598 -6.795 -8.496 -10.321 -11.513 -12.309 -10.604 -10.54 -11.535 -12.333 -12.821 -13.1 -10.473 -11.829 -12.634 -12.965 -13.129 -11.976 -12.654 -12.983 -13.127 -13.219 -12.601 -12.233 -12.795 -13.165 -12.999 -12.674 -12.569
0.449518 -7.482 -6.492 -8.272 -10.133 -11.375 -12.21 -10.476 -10.361 -11.399 -12.235 -12.755 -13.058 -10.29 -11.706 -12.553 -12.908 -13.09 -11.862 -12.575 -12.928 -13.086 -13.188 -12.526 -12.133 -12.727 -13.152 -12.999 -12.685 -12.497
0.463113 -7.369 -6.168 -8.033 -9.929 -11.224 -12.1 -10.339 -10.167 -11.25 -12.127 -12.681 -13.011 -10.092 -11.572 -12.464 -12.845 -13.045 -11.737 -12.487 -12.865 -13.039 -13.151 -12.443 -12.023 -12.651 -13.135 -12.997 -12.694 -12.418
0.47712 -7.26 -5.821 -7.778 -9.709 -11.06 -11.979 -10.191 -9.957 -11.089 -12.008 -12.599 -12.957 -9.877 -11.426 -12.365 -12.773 -12.994 -11.601 -12.39 -12.795 -12.984 -13.108 -12.351 -11.903 -12.566 -13.113 -12.99 -12.7 -12.33
0.49155 -7.156 -5.452 -7.507 -9.471 -10.881 -11.846 -10.031 -9.729 -10.912 -11.878 -12.507 -12.895 -9.644 -11.266 -12.256 -12.693 -12.936 -11.453 -12.283 -12.716 -12.923 -13.059 -12.249 -11.771 -12.473 -13.085 -12.98 -12.703 -12.235
0.506416 -7.054 -5.058 -7.217 -9.212 -10.686 -11.699 -9.859 -9.481 -10.72 -11.734 -12.406 -12.826 -9.391 -11.092 -12.135 -12.603 -12.87 -11.292 -12.164 -12.628 -12.853 -13.002 -12.137 -11.627 -12.369 -13.052 -12.965 -12.703 -12.131
0.521733 -6.956 -4.64 -6.909 -8.931 -10.473 -11.539 -9.674 -9.213 -10.511 -11.577 -12.293 -12.747 -9.117 -10.901 -12.001 -12.503 -12.794 -11.116 -12.034 -12.529 -12.775 -12.937 -12.014 -11.468 -12.254 -13.013 -12.945 -12.698 -12.016
0.537512 -6.86 -4.198 -6.58 -8.627 -10.241 -11.362 -9.474 -8.921 -10.283 -11.404 -12.169 -12.659 -8.818 -10.693 -11.854 -12.391 -12.71 -10.924 -11.889 -12.419 -12.686 -12.864 -11.879 -11.295 -12.126 -12.967 -12.921 -12.69 -11.892
0.553769 -6.765 -3.735 -6.23 -8.296 -9.988 -11.168 -9.259 -8.603 -10.033 -11.214 -12.031 -12.56 -8.494 -10.465 -11.691 -12.267 -12.615 -10.716 -11.73 -12.297 -12.587 -12.781 -11.73 -11.105 -11.985 -12.914 -12.89 -12.678 -11.756
0.570517 -6.67 -3.257 -5.857 -7.935 -9.711 -10.955 -9.026 -8.257 -9.761 -11.005 -11.878 -12.45 -8.14 -10.215 -11.512 -12.129 -12.508 -10.49 -11.555 -12.161 -12.476 -12.688 -11.567 -10.897 -11.829 -12.853 -12.853 -12.661 -11.608
