web/models/kne.last_good/kappa_0.5_3.0.v1/10/villar_0.1443_0.2650_3.0000.dat
# %ECSV 1.0
# ---
# datatype:
# - {name: time, datatype: float64}
# - {name: swift_uvot_uvw2, datatype: float64}
# - {name: swift_uvot_uvm2, datatype: float64}
# - {name: swift_uvot_uvw1, datatype: float64}
# - {name: swift_uvot_U, datatype: float64}
# - {name: swift_uvot_B, datatype: float64}
# - {name: swift_uvot_V, datatype: float64}
# - {name: swift_uvot_W, datatype: float64}
# - {name: johnson_U, datatype: float64}
# - {name: johnson_B, datatype: float64}
# - {name: johnson_V, datatype: float64}
# - {name: johnson_R, datatype: float64}
# - {name: johnson_I, datatype: float64}
# - {name: sdss_u, datatype: float64}
# - {name: sdss_g, datatype: float64}
# - {name: sdss_r, datatype: float64}
# - {name: sdss_i, datatype: float64}
# - {name: sdss_z, datatype: float64}
# - {name: PS1_g, datatype: float64}
# - {name: PS1_r, datatype: float64}
# - {name: PS1_i, datatype: float64}
# - {name: PS1_z, datatype: float64}
# - {name: PS1_Y, datatype: float64}
# - {name: PS1_w, datatype: float64}
# - {name: ATLAS_c, datatype: float64}
# - {name: ATLAS_o, datatype: float64}
# - {name: ukirt_J, datatype: float64}
# - {name: ukirt_H, datatype: float64}
# - {name: ukirt_K, datatype: float64}
# - {name: Clear, datatype: float64}
# meta: !!omap
# - comment: [kappa = 3.0, type = villar, mass = 0.1442699905917794, velocity = 0.265, theta_obs = 0.0]
# schema: astropy-2.0
time swift_uvot_uvw2 swift_uvot_uvm2 swift_uvot_uvw1 swift_uvot_U swift_uvot_B swift_uvot_V swift_uvot_W johnson_U johnson_B johnson_V johnson_R johnson_I sdss_u sdss_g sdss_r sdss_i sdss_z PS1_g PS1_r PS1_i PS1_z PS1_Y PS1_w ATLAS_c ATLAS_o ukirt_J ukirt_H ukirt_K Clear
[from data line 281]
4.327172 -10.721 -6.78 -9.487 -11.57 -13.471 -14.81 -12.859 -11.914 -13.53 -14.867 -15.827 -16.461 -11.785 -14.018 -15.419 -16.098 -16.525 -14.332 -15.469 -16.134 -16.487 -16.726 -15.5 -14.762 -15.773 -16.938 -16.977 -16.814 -15.568
4.458044 -10.714 -6.613 -9.339 -11.419 -13.363 -14.734 -12.777 -11.771 -13.424 -14.793 -15.781 -16.438 -11.637 -13.923 -15.359 -16.06 -16.503 -14.252 -15.413 -16.097 -16.463 -16.711 -15.45 -14.689 -15.726 -16.939 -16.991 -16.838 -15.528
4.592874 -10.707 -6.452 -9.185 -11.261 -13.248 -14.652 -12.69 -11.62 -13.312 -14.714 -15.733 -16.411 -11.483 -13.823 -15.296 -16.018 -16.478 -14.169 -15.352 -16.056 -16.435 -16.694 -15.396 -14.611 -15.675 -16.938 -17.003 -16.861 -15.485
4.731783 -10.698 -6.299 -9.025 -11.095 -13.127 -14.566 -12.599 -11.462 -13.194 -14.63 -15.68 -16.381 -11.32 -13.718 -15.228 -15.973 -16.45 -14.081 -15.287 -16.012 -16.405 -16.673 -15.339 -14.529 -15.621 -16.935 -17.014 -16.883 -15.439
4.874892 -10.688 -6.156 -8.86 -10.921 -13.0 -14.474 -12.504 -11.296 -13.07 -14.541 -15.623 -16.347 -11.149 -13.606 -15.155 -15.923 -16.418 -13.989 -15.218 -15.964 -16.371 -16.65 -15.277 -14.441 -15.562 -16.929 -17.023 -16.903 -15.391
5.02233 -10.678 -6.023 -8.689 -10.738 -12.865 -14.376 -12.403 -11.122 -12.939 -14.446 -15.562 -16.311 -10.97 -13.488 -15.077 -15.87 -16.383 -13.893 -15.144 -15.912 -16.333 -16.623 -15.211 -14.348 -15.499 -16.921 -17.03 -16.922 -15.339
5.174227 -10.665 -5.902 -8.51 -10.546 -12.723 -14.271 -12.298 -10.938 -12.801 -14.345 -15.496 -16.27 -10.781 -13.363 -14.993 -15.811 -16.344 -13.792 -15.065 -15.856 -16.292 -16.593 -15.14 -14.249 -15.431 -16.911 -17.035 -16.939 -15.284
5.330718 -10.651 -5.793 -8.325 -10.343 -12.573 -14.161 -12.187 -10.745 -12.655 -14.238 -15.425 -16.225 -10.582 -13.231 -14.904 -15.748 -16.302 -13.687 -14.981 -15.795 -16.247 -16.56 -15.065 -14.144 -15.358 -16.897 -17.038 -16.955 -15.225
5.491942 -10.636 -5.698 -8.133 -10.13 -12.414 -14.043 -12.07 -10.541 -12.5 -14.123 -15.349 -16.176 -10.373 -13.09 -14.809 -15.68 -16.254 -13.577 -14.891 -15.729 -16.197 -16.523 -14.984 -14.033 -15.28 -16.88 -17.038 -16.969 -15.163
5.658042 -10.618 -5.613 -7.932 -9.906 -12.246 -13.917 -11.947 -10.326 -12.337 -14.002 -15.267 -16.123 -10.152 -12.942 -14.707 -15.607 -16.203 -13.463 -14.794 -15.657 -16.142 -16.481 -14.897 -13.914 -15.196 -16.86 -17.036 -16.982 -15.096
5.829166 -10.598 -5.54 -7.723 -9.669 -12.069 -13.783 -11.818 -10.1 -12.164 -13.872 -15.179 -16.064 -9.919 -12.784 -14.597 -15.527 -16.146 -13.344 -14.692 -15.58 -16.083 -16.436 -14.804 -13.788 -15.105 -16.837 -17.031 -16.992 -15.026
6.005465 -10.576 -5.475 -7.505 -9.419 -11.88 -13.641 -11.681 -9.86 -11.981 -13.734 -15.085 -16.0 -9.674 -12.617 -14.48 -15.441 -16.084 -13.221 -14.583 -15.497 -16.018 -16.385 -14.705 -13.653 -15.008 -16.81 -17.024 -17.0 -14.952
6.187096 -10.552 -5.418 -7.278 -9.155 -11.68 -13.489 -11.538 -9.608 -11.787 -13.587 -14.983 -15.931 -9.414 -12.44 -14.355 -15.348 -16.016 -13.094 -14.466 -15.407 -15.947 -16.33 -14.598 -13.51 -14.904 -16.778 -17.013 -17.006 -14.873
6.37422 -10.525 -5.366 -7.039 -8.876 -11.468 -13.327 -11.386 -9.34 -11.581 -13.43 -14.874 -15.855 -9.139 -12.251 -14.221 -15.248 -15.942 -12.962 -14.342 -15.31 -15.87 -16.269 -14.484 -13.358 -14.793 -16.743 -16.999 -17.009 -14.79
6.567004 -10.494 -5.318 -6.79 -8.581 -11.243 -13.154 -11.227 -9.057 -11.362 -13.262 -14.757 -15.773 -8.848 -12.05 -14.078 -15.14 -15.862 -12.828 -14.209 -15.206 -15.786 -16.203 -14.362 -13.195 -14.673 -16.702 -16.982 -17.01 -14.702
6.765619 -10.461 -5.271 -6.528 -8.268 -11.004 -12.969 -11.059 -8.756 -11.13 -13.083 -14.631 -15.683 -8.539 -11.837 -13.924 -15.024 -15.774 -12.69 -14.069 -15.093 -15.695 -16.13 -14.231 -13.022 -14.544 -16.657 -16.96 -17.008 -14.609
6.97024 -10.424 -5.225 -6.253 -7.936 -10.749 -12.771 -10.883 -8.437 -10.883 -12.892 -14.496 -15.586 -8.212 -11.609 -13.76 -14.898 -15.679 -12.55 -13.919 -14.972 -15.596 -16.051 -14.091 -12.837 -14.405 -16.606 -16.935 -17.002 -14.511
7.181051 -10.383 -5.178 -5.964 -7.583 -10.478 -12.56 -10.697 -8.099 -10.621 -12.688 -14.351 -15.481 -7.864 -11.367 -13.583 -14.762 -15.576 -12.408 -13.759 -14.841 -15.489 -15.964 -13.941 -12.64 -14.257 -16.549 -16.905 -16.994 -14.408
7.398237 -10.339 -5.13 -5.66 -7.209 -10.189 -12.334 -10.501 -7.738 -10.341 -12.469 -14.195 -15.367 -7.494 -11.108 -13.393 -14.616 -15.463 -12.265 -13.59 -14.701 -15.373 -15.87 -13.78 -12.429 -14.097 -16.485 -16.87 -16.982 -14.299
7.621991 -10.29 -5.078 -5.338 -6.81 -9.881 -12.092 -10.295 -7.355 -10.042 -12.235 -14.027 -15.243 -7.1 -10.831 -13.189 -14.457 -15.341 -12.122 -13.41 -14.549 -15.247 -15.767 -13.607 -12.203 -13.925 -16.415 -16.829 -16.966 -14.185
7.852513 -10.236 -5.022 -4.999 -6.385 -9.552 -11.832 -10.079 -6.946 -9.724 -11.984 -13.846 -15.109 -6.68 -10.536 -12.97 -14.286 -15.207 -11.98 -13.22 -14.386 -15.111 -15.656 -13.421 -11.961 -13.74 -16.337 -16.783 -16.945 -14.066
8.090007 -10.177 -4.962 -4.64 -5.932 -9.2 -11.553 -9.854 -6.51 -9.384 -11.715 -13.651 -14.963 -6.232 -10.22 -12.735 -14.102 -15.063 -11.84 -13.019 -14.211 -14.963 -15.535 -13.221 -11.702 -13.541 -16.25 -16.731 -16.92 -13.941
8.334684 -10.113 -4.897 -4.26 -5.448 -8.823 -11.254 -9.618 -6.044 -9.02 -11.426 -13.441 -14.805 -5.753 -9.881 -12.481 -13.902 -14.906 -11.701 -12.808 -14.022 -14.803 -15.404 -13.006 -11.424 -13.326 -16.155 -16.672 -16.89 -13.811
8.586761 -10.042 -4.827 -3.856 -4.93 -8.419 -10.932 -9.373 -5.545 -8.631 -11.115 -13.215 -14.633 -5.241 -9.517 -12.208 -13.686 -14.735 -11.565 -12.586 -13.819 -14.629 -15.261 -12.774 -11.126 -13.095 -16.049 -16.605 -16.855 -13.675
8.846461 -9.965 -4.75 -3.426 -4.376 -7.986 -10.585 -9.119 -5.011 -8.214 -10.781 -12.971 -14.447 -4.692 -9.127 -11.913 -13.452 -14.549 -11.432 -12.354 -13.6 -14.441 -15.107 -12.524 -10.805 -12.846 -15.933 -16.53 -16.814 -13.534
9.114017 -9.881 -4.666 -2.969 -3.782 -7.52 -10.212 -8.858 -4.438 -7.766 -10.421 -12.708 -14.245 -4.104 -8.707 -11.595 -13.199 -14.347 -11.299 -12.113 -13.366 -14.237 -14.94 -12.255 -10.46 -12.576 -15.805 -16.447 -16.766 -13.387
9.389664 -9.789 -4.574 -2.481 -3.143 -7.019 -9.808 -8.592 -3.822 -7.285 -10.034 -12.423 -14.025 -3.471 -8.256 -11.251 -12.924 -14.127 -11.168 -11.865 -13.114 -14.016 -14.759 -11.964 -10.088 -12.285 -15.664 -16.353 -16.71 -13.234
9.673648 -9.689 -4.474 -1.959 -2.456 -6.479 -9.373 -8.323 -3.159 -6.767 -9.615 -12.115 -13.786 -2.791 -7.769 -10.879 -12.625 -13.887 -11.037 -11.61 -12.844 -13.778 -14.564 -11.65 -9.687 -11.97 -15.509 -16.249 -16.647 -13.076
9.966221 -9.58 -4.365 -1.401 -1.717 -5.897 -8.901 -8.052 -2.445 -6.209 -9.163 -11.781 -13.526 -2.058 -7.243 -10.476 -12.301 -13.626 -10.903 -11.353 -12.556 -13.519 -14.353 -11.31 -9.254 -11.628 -15.338 -16.133 -16.575 -12.913
10.267642 -9.461 -4.245 -0.803 -0.919 -5.268 -8.39 -7.784 -1.675 -5.608 -8.674 -11.42 -13.244 -1.267 -6.675 -10.039 -11.948 -13.341 -10.765 -11.095 -12.25 -13.24 -14.126 -10.941 -8.786 -11.258 -15.149 -16.003 -16.494 -12.743
10.57818 -9.331 -4.115 -0.161 -0.056 -4.587 -7.836 -7.521 -0.842 -4.958 -8.144 -11.027 -12.935 -0.411 -6.059 -9.564 -11.564 -13.03 -10.622 -10.839 -11.925 -12.939 -13.882 -10.541 -8.278 -10.857 -14.942 -15.859 -16.402 -12.567
10.89811 -9.189 -3.973 0.531 0.878 -3.85 -7.234 -7.264 0.06 -4.254 -7.569 -10.601 -12.599 0.515 -5.392 -9.047 -11.145 -12.689 -10.471 -10.586 -11.584 -12.614 -13.621 -10.106 -7.727 -10.42 -14.713 -15.7 -16.298 -12.384
11.227716 -9.034 -3.818 1.276 1.891 -3.049 -6.579 -7.013 1.039 -3.492 -6.944 -10.138 -12.232 1.52 -4.667 -8.485 -10.687 -12.317 -10.309 -10.338 -11.227 -12.266 -13.341 -9.633 -7.129 -9.944 -14.461 -15.522 -16.181 -12.193
11.56729 -8.864 -3.648 2.081 2.992 -2.177 -5.864 -6.767 2.103 -2.664 -6.264 -9.633 -11.831 2.612 -3.878 -7.87 -10.186 -11.909 -10.135 -10.094 -10.859 -11.894 -13.044 -9.117 -6.477 -9.426 -14.182 -15.324 -16.049 -11.993
11.917135 -8.678 -3.462 2.952 4.192 -1.227 -5.084 -6.524 3.262 -1.764 -5.523 -9.082 -11.392 3.801 -3.018 -7.199 -9.638 -11.461 -9.947 -9.851 -10.483 -11.499 -12.729 -8.554 -5.766 -8.86 -13.874 -15.105 -15.901 -11.781
12.277561 -8.474 -3.258 3.897 5.5 -0.19 -4.229 -6.278 4.526 -0.783 -4.714 -8.48 -10.911 5.099 -2.078 -6.464 -9.037 -10.968 -9.741 -9.606 -10.105 -11.083 -12.397 -7.937 -4.989 -8.24 -13.534 -14.86 -15.735 -11.557
12.648887 -8.298 -3.082 4.44 6.227 0.401 -3.728 -6.087 5.231 -0.22 -4.236 -8.106 -10.596 5.821 -1.534 -6.022 -8.661 -10.647 -9.564 -9.415 -9.855 -10.807 -12.162 -7.555 -4.527 -7.856 -13.288 -14.662 -15.576 -11.373
13.031444 -8.151 -2.936 4.587 6.374 0.548 -3.582 -5.941 5.378 -0.074 -4.09 -7.96 -10.45 5.967 -1.388 -5.876 -8.515 -10.501 -9.418 -9.268 -9.709 -10.661 -12.015 -7.409 -4.381 -7.71 -13.142 -14.516 -15.43 -11.226
13.425571 -7.996 -2.78 4.742 6.529 0.703 -3.426 -5.785 5.533 0.081 -3.935 -7.804 -10.294 6.123 -1.233 -5.72 -8.359 -10.346 -9.263 -9.113 -9.553 -10.506 -11.86 -7.253 -4.225 -7.555 -12.986 -14.36 -15.275 -11.071
13.831619 -7.831 -2.615 4.907 6.695 0.869 -3.261 -5.62 5.698 0.247 -3.769 -7.639 -10.129 6.288 -1.067 -5.555 -8.194 -10.18 -9.097 -8.948 -9.388 -10.34 -11.695 -7.088 -4.06 -7.389 -12.821 -14.195 -15.109 -10.905
14.249947 -7.655 -2.439 5.083 6.87 1.044 -3.085 -5.444 5.874 0.422 -3.594 -7.463 -9.953 6.464 -0.892 -5.379 -8.018 -10.005 -8.922 -8.772 -9.212 -10.165 -11.519 -6.912 -3.885 -7.214 -12.645 -14.019 -14.934 -10.73
14.680926 -7.468 -2.253 5.27 7.057 1.231 -2.899 -5.258 6.061 0.609 -3.407 -7.276 -9.767 6.651 -0.705 -5.192 -7.832 -9.818 -8.735 -8.585 -9.025 -9.978 -11.332 -6.726 -3.698 -7.027 -12.459 -13.833 -14.747 -10.543
15.124941 -7.27 -2.054 5.468 7.255 1.429 -2.701 -5.059 6.259 0.807 -3.209 -7.078 -9.569 6.849 -0.507 -4.994 -7.634 -9.62 -8.537 -8.387 -8.827 -9.78 -11.134 -6.527 -3.5 -6.829 -12.26 -13.634 -14.549 -10.345
15.582385 -7.059 -1.844 5.679 7.466 1.64 -2.49 -4.849 6.47 1.018 -2.998 -6.868 -9.358 7.059 -0.296 -4.784 -7.423 -9.409 -8.326 -8.177 -8.617 -9.569 -10.923 -6.317 -3.289 -6.618 -12.05 -13.424 -14.338 -10.134
16.053663 -6.836 -1.62 5.902 7.689 1.863 -2.266 -4.625 6.693 1.241 -2.775 -6.644 -9.134 7.283 -0.073 -4.56 -7.199 -9.186 -8.103 -7.953 -8.393 -9.346 -10.7 -6.093 -3.065 -6.395 -11.826 -13.2 -14.115 -9.911
16.539195 -6.598 -1.383 6.14 7.927 2.101 -2.029 -4.388 6.931 1.479 -2.537 -6.407 -8.897 7.52 0.165 -4.323 -6.962 -8.948 -7.865 -7.716 -8.156 -9.108 -10.462 -5.856 -2.828 -6.157 -11.589 -12.963 -13.877 -9.673
17.039412 -6.346 -1.131 6.392 8.179 2.353 -1.777 -4.136 7.183 1.731 -2.285 -6.154 -8.645 7.772 0.417 -4.07 -6.71 -8.696 -7.613 -7.463 -7.903 -8.856 -10.21 -5.604 -2.576 -5.905 -11.337 -12.711 -13.625 -9.421
17.554757 -6.079 -0.863 6.659 8.447 2.621 -1.509 -3.868 7.45 1.999 -2.017 -5.887 -8.377 8.04 0.685 -3.803 -6.442 -8.428 -7.345 -7.196 -7.636 -8.588 -9.943 -5.336 -2.308 -5.637 -11.069 -12.443 -13.357 -9.154
18.085689 -5.794 -0.579 6.944 8.731 2.905 -1.225 -3.584 7.735 2.283 -1.733 -5.603 -8.093 8.324 0.969 -3.519 -6.158 -8.144 -7.061 -6.912 -7.352 -8.304 -9.658 -5.052 -2.024 -5.353 -10.785 -12.159 -13.073 -8.869
18.632678 -5.493 -0.277 7.245 9.032 3.206 -0.923 -3.282 8.036 2.584 -1.432 -5.301 -7.791 8.626 1.27 -3.217 -5.856 -7.843 -6.76 -6.61 -7.05 -8.003 -9.357 -4.75 -1.722 -5.052 -10.483 -11.857 -12.772 -8.568
19.196211 -5.173 0.043 7.565 9.353 3.527 -0.603 -2.962 8.356 2.905 -1.111 -4.981 -7.471 8.946 1.591 -2.897 -5.536 -7.522 -6.439 -6.29 -6.73 -7.682 -9.037 -4.43 -1.402 -4.731 -10.163 -11.537 -12.451 -8.248
19.776787 -4.833 0.383 7.905 9.692 3.866 -0.263 -2.622 8.696 3.245 -0.771 -4.641 -7.131 9.286 1.931 -2.557 -5.196 -7.183 -6.099 -5.95 -6.39 -7.343 -8.697 -4.09 -1.062 -4.391 -9.823 -11.197 -12.112 -7.908
20.374923 -4.472 0.744 8.266 10.053 4.227 0.098 -2.261 9.057 3.605 -0.411 -4.28 -6.771 9.647 2.291 -2.196 -4.835 -6.822 -5.739 -5.589 -6.029 -6.982 -8.336 -3.729 -0.702 -4.031 -9.462 -10.836 -11.751 -7.547
20.991149 -4.089 1.127 8.649 10.436 4.61 0.48 -1.878 9.44 3.988 -0.028 -3.897 -6.388 10.03 2.674 -1.813 -4.452 -6.439 -5.356 -5.206 -5.646 -6.599 -7.953 -3.346 -0.319 -3.648 -9.079 -10.453 -11.368 -7.164
21.626011 -3.682 1.533 9.056 10.843 5.017 0.887 -1.472 9.847 4.395 0.379 -3.491 -5.981 10.436 3.081 -1.407 -4.046 -6.032 -4.949 -4.8 -5.24 -6.192 -7.546 -2.94 0.088 -3.241 -8.673 -10.047 -10.961 -6.757
22.280075 -3.251 1.965 9.487 11.274 5.448 1.318 -1.04 10.278 4.826 0.81 -3.059 -5.55 10.868 3.512 -0.975 -3.615 -5.601 -4.518 -4.368 -4.808 -5.761 -7.115 -2.508 0.519 -2.81 -8.241 -9.615 -10.53 -6.326
22.953921 -2.793 2.423 9.945 11.732 5.906 1.776 -0.583 10.736 5.284 1.268 -2.601 -5.092 11.326 3.97 -0.517 -3.157 -5.143 -4.06 -3.91 -4.35 -5.303 -6.657 -2.05 0.977 -2.352 -7.783 -9.158 -10.072 -5.868
23.648147 -2.307 2.909 10.431 12.218 6.392 2.262 -0.096 11.222 5.77 1.754 -2.115 -4.606 11.812 4.456 -0.031 -2.671 -4.657 -3.574 -3.424 -3.864 -4.817 -6.171 -1.564 1.463 -1.866 -7.297 -8.671 -9.586 -5.382
24.363369 -1.791 3.425 10.947 12.734 6.908 2.778 0.419 11.738 6.286 2.27 -1.599 -4.09 12.328 4.972 0.485 -2.155 -4.141 -3.058 -2.908 -3.348 -4.301 -5.655 -1.048 1.979 -1.35 -6.781 -8.155 -9.07 -4.866
25.100222 -1.243 3.972 11.495 13.282 7.456 3.326 0.967 12.286 6.834 2.818 -1.052 -3.542 12.875 5.52 1.032 -1.607 -3.593 -2.51 -2.361 -2.801 -3.753 -5.107 -0.501 2.527 -0.802 -6.234 -7.608 -8.522 -4.318
25.859362 -0.662 4.553 12.076 13.863 8.037 3.907 1.548 12.867 7.415 3.399 -0.47 -2.961 13.457 6.101 1.614 -1.026 -3.012 -1.929 -1.779 -2.219 -3.172 -4.526 0.08 3.108 -0.221 -5.653 -7.027 -7.941 -3.737
26.64146 -0.045 5.17 12.693 14.48 8.654 4.524 2.165 13.484 8.032 4.016 0.147 -2.344 14.073 6.718 2.231 -0.409 -2.395 -1.312 -1.162 -1.602 -2.555 -3.909 0.697 3.725 0.396 -5.036 -6.41 -7.324 -3.12
27.447213 0.61 5.825 13.348 15.135 9.309 5.179 2.82 14.139 8.687 4.671 0.801 -1.689 14.728 7.373 2.885 0.246 -1.74 -0.657 -0.508 -0.948 -1.9 -3.254 1.352 4.38 1.051 -4.381 -5.755 -6.669 -2.465
28.277335 1.305 6.52 14.043 15.83 10.004 5.874 3.515 14.834 9.382 5.366 1.496 -0.994 15.423 8.068 3.58 0.941 -1.045 0.038 0.187 -0.253 -1.205 -2.559 2.047 5.075 1.746 -3.686 -5.06 -5.974 -1.77
29.132564 2.042 7.258 14.78 16.567 10.741 6.612 4.253 15.571 10.12 6.103 2.234 -0.256 16.161 8.805 4.318 1.679 -0.308 0.775 0.925 0.485 -0.468 -1.822 2.785 5.813 2.483 -2.948 -4.322 -5.237 -1.033
30.013659 2.825 8.041 15.563 17.35 11.524 7.395 5.036 16.354 10.903 6.886 3.017 0.527 16.944 9.588 5.101 2.462 0.475 1.558 1.708 1.268 0.315 -1.039 3.568 6.596 3.266 -2.165 -3.539 -4.454 -0.25
30.921401 3.656 8.872 16.394 18.181 12.355 8.226 5.867 17.185 11.734 7.718 3.848 1.358 17.775 10.42 5.932 3.293 1.307 2.39 2.539 2.099 1.146 -0.208 4.399 7.427 4.098 -1.334 -2.708 -3.623 0.581
31.856598 4.538 9.754 17.276 19.064 13.238 9.108 6.749 18.067 12.616 8.6 4.73 2.24 18.657 11.302 6.814 4.175 2.189 3.272 3.421 2.981 2.029 0.674 5.281 8.309 4.98 -0.452 -1.826 -2.74 1.463
32.820079 5.475 10.69 18.213 20.0 14.174 10.044 7.685 19.004 13.552 9.536 5.666 3.176 19.593 12.238 7.75 5.111 3.125 4.208 4.358 3.918 2.965 1.611 6.217 9.245 5.916 0.484 -0.89 -1.804 2.4
33.8127 6.468 11.684 19.206 20.994 15.168 11.038 8.679 19.997 14.546 10.53 6.66 4.17 20.587 13.232 8.744 6.105 4.119 5.202 5.351 4.911 3.959 2.604 7.211 10.239 6.91 1.478 0.104 -0.81 3.394
34.835342 7.523 12.739 20.261 22.048 16.222 12.093 9.734 21.052 15.601 11.584 7.715 5.225 21.642 14.286 9.799 7.16 5.173 6.256 6.406 5.966 5.013 3.659 8.266 11.294 7.964 2.533 1.159 0.244 4.448
35.888913 8.643 13.858 21.381 23.168 17.342 13.212 10.853 22.172 16.72 12.704 8.835 6.344 22.762 15.406 10.919 8.279 6.293 7.376 7.526 7.086 6.133 4.779 9.385 12.413 9.084 3.652 2.278 1.364 5.568
36.974349 9.831 15.047 22.569 24.356 18.53 14.4 12.042 23.36 17.908 13.892 10.023 7.532 23.95 16.594 12.107 9.467 7.481 8.564 8.714 8.274 7.321 5.967 10.574 13.601 10.272 4.841 3.467 2.552 6.756
