web/models/kne.last_good/kappa_0.5_3.0.v1/10/villar_0.2686_0.4530_0.5000.dat
# %ECSV 1.0
# ---
# datatype:
# - {name: time, datatype: float64}
# - {name: swift_uvot_uvw2, datatype: float64}
# - {name: swift_uvot_uvm2, datatype: float64}
# - {name: swift_uvot_uvw1, datatype: float64}
# - {name: swift_uvot_U, datatype: float64}
# - {name: swift_uvot_B, datatype: float64}
# - {name: swift_uvot_V, datatype: float64}
# - {name: swift_uvot_W, datatype: float64}
# - {name: johnson_U, datatype: float64}
# - {name: johnson_B, datatype: float64}
# - {name: johnson_V, datatype: float64}
# - {name: johnson_R, datatype: float64}
# - {name: johnson_I, datatype: float64}
# - {name: sdss_u, datatype: float64}
# - {name: sdss_g, datatype: float64}
# - {name: sdss_r, datatype: float64}
# - {name: sdss_i, datatype: float64}
# - {name: sdss_z, datatype: float64}
# - {name: PS1_g, datatype: float64}
# - {name: PS1_r, datatype: float64}
# - {name: PS1_i, datatype: float64}
# - {name: PS1_z, datatype: float64}
# - {name: PS1_Y, datatype: float64}
# - {name: PS1_w, datatype: float64}
# - {name: ATLAS_c, datatype: float64}
# - {name: ATLAS_o, datatype: float64}
# - {name: ukirt_J, datatype: float64}
# - {name: ukirt_H, datatype: float64}
# - {name: ukirt_K, datatype: float64}
# - {name: Clear, datatype: float64}
# meta: !!omap
# - comment: [kappa = 0.5, type = villar, mass = 0.2685795883840597, velocity = 0.453, theta_obs = 0.0]
# schema: astropy-2.0
time swift_uvot_uvw2 swift_uvot_uvm2 swift_uvot_uvw1 swift_uvot_U swift_uvot_B swift_uvot_V swift_uvot_W johnson_U johnson_B johnson_V johnson_R johnson_I sdss_u sdss_g sdss_r sdss_i sdss_z PS1_g PS1_r PS1_i PS1_z PS1_Y PS1_w ATLAS_c ATLAS_o ukirt_J ukirt_H ukirt_K Clear
[from data line 210]
0.521733 -14.503 -14.886 -15.417 -16.233 -16.55 -16.674 -15.873 -16.298 -16.551 -16.673 -16.637 -16.493 -16.286 -16.605 -16.674 -16.601 -16.47 -16.635 -16.681 -16.609 -16.515 -16.462 -16.635 -16.647 -16.643 -16.091 -15.704 -15.203 -16.618
0.537512 -14.481 -14.867 -15.41 -16.242 -16.57 -16.702 -15.883 -16.309 -16.57 -16.7 -16.67 -16.532 -16.297 -16.628 -16.705 -16.637 -16.509 -16.659 -16.713 -16.645 -16.553 -16.501 -16.665 -16.674 -16.676 -16.135 -15.75 -15.251 -16.648
0.553769 -14.459 -14.847 -15.402 -16.25 -16.589 -16.729 -15.893 -16.319 -16.589 -16.728 -16.704 -16.57 -16.306 -16.65 -16.736 -16.672 -16.548 -16.682 -16.743 -16.68 -16.591 -16.541 -16.695 -16.7 -16.709 -16.178 -15.796 -15.299 -16.677
0.570517 -14.436 -14.826 -15.393 -16.257 -16.607 -16.755 -15.901 -16.328 -16.608 -16.754 -16.736 -16.607 -16.315 -16.671 -16.766 -16.707 -16.587 -16.704 -16.774 -16.715 -16.629 -16.58 -16.724 -16.725 -16.741 -16.222 -15.842 -15.347 -16.705
0.587772 -14.412 -14.803 -15.383 -16.264 -16.624 -16.781 -15.91 -16.336 -16.625 -16.78 -16.769 -16.645 -16.323 -16.691 -16.796 -16.742 -16.625 -16.726 -16.804 -16.75 -16.667 -16.619 -16.753 -16.75 -16.773 -16.265 -15.887 -15.395 -16.733
0.605549 -14.386 -14.779 -15.372 -16.269 -16.641 -16.807 -15.917 -16.344 -16.642 -16.806 -16.801 -16.682 -16.33 -16.711 -16.825 -16.776 -16.663 -16.747 -16.833 -16.784 -16.704 -16.658 -16.782 -16.774 -16.804 -16.308 -15.933 -15.443 -16.761
0.623863 -14.36 -14.754 -15.36 -16.274 -16.657 -16.832 -15.924 -16.35 -16.658 -16.831 -16.832 -16.719 -16.336 -16.731 -16.854 -16.81 -16.7 -16.768 -16.862 -16.818 -16.741 -16.696 -16.81 -16.797 -16.836 -16.35 -15.978 -15.49 -16.788
0.642731 -14.332 -14.727 -15.347 -16.278 -16.673 -16.856 -15.931 -16.356 -16.674 -16.856 -16.863 -16.755 -16.341 -16.749 -16.882 -16.844 -16.737 -16.788 -16.89 -16.852 -16.777 -16.734 -16.837 -16.821 -16.866 -16.393 -16.023 -15.538 -16.814
0.66217 -14.304 -14.699 -15.332 -16.281 -16.687 -16.879 -15.936 -16.361 -16.689 -16.879 -16.894 -16.791 -16.345 -16.767 -16.91 -16.877 -16.774 -16.807 -16.918 -16.885 -16.813 -16.772 -16.864 -16.843 -16.896 -16.435 -16.068 -15.585 -16.84
0.682197 -14.274 -14.669 -15.317 -16.282 -16.701 -16.902 -15.941 -16.365 -16.703 -16.903 -16.924 -16.827 -16.348 -16.785 -16.937 -16.91 -16.811 -16.826 -16.945 -16.918 -16.849 -16.809 -16.891 -16.865 -16.926 -16.477 -16.113 -15.632 -16.866
0.70283 -14.243 -14.638 -15.3 -16.283 -16.714 -16.925 -15.946 -16.368 -16.716 -16.925 -16.953 -16.863 -16.351 -16.801 -16.964 -16.942 -16.847 -16.844 -16.972 -16.95 -16.884 -16.847 -16.917 -16.886 -16.955 -16.518 -16.157 -15.679 -16.891
0.724086 -14.211 -14.605 -15.282 -16.283 -16.726 -16.947 -15.95 -16.37 -16.728 -16.947 -16.982 -16.897 -16.352 -16.817 -16.99 -16.973 -16.882 -16.861 -16.999 -16.982 -16.919 -16.883 -16.942 -16.907 -16.984 -16.559 -16.202 -15.725 -16.916
0.745986 -14.177 -14.571 -15.263 -16.281 -16.738 -16.968 -15.952 -16.37 -16.74 -16.969 -17.011 -16.932 -16.352 -16.832 -17.016 -17.005 -16.918 -16.877 -17.024 -17.013 -16.954 -16.92 -16.967 -16.926 -17.012 -16.6 -16.246 -15.772 -16.94
0.768548 -14.143 -14.535 -15.242 -16.279 -16.748 -16.988 -15.955 -16.37 -16.751 -16.989 -17.039 -16.966 -16.351 -16.846 -17.041 -17.035 -16.952 -16.893 -17.049 -17.044 -16.988 -16.956 -16.991 -16.946 -17.039 -16.641 -16.29 -15.818 -16.963
0.791792 -14.107 -14.497 -15.22 -16.275 -16.757 -17.008 -15.956 -16.369 -16.76 -17.009 -17.066 -17.0 -16.349 -16.859 -17.065 -17.066 -16.987 -16.908 -17.074 -17.074 -17.022 -16.991 -17.015 -16.964 -17.066 -16.682 -16.333 -15.864 -16.986
0.815739 -14.07 -14.457 -15.197 -16.27 -16.766 -17.026 -15.957 -16.366 -16.769 -17.028 -17.093 -17.033 -16.346 -16.872 -17.089 -17.095 -17.021 -16.922 -17.097 -17.104 -17.055 -17.027 -17.038 -16.982 -17.093 -16.722 -16.377 -15.91 -17.008
0.840411 -14.031 -14.416 -15.172 -16.264 -16.774 -17.044 -15.956 -16.363 -16.777 -17.047 -17.119 -17.066 -16.341 -16.883 -17.112 -17.124 -17.054 -16.935 -17.12 -17.133 -17.088 -17.062 -17.06 -16.998 -17.118 -16.761 -16.42 -15.956 -17.029
0.865828 -13.991 -14.372 -15.145 -16.257 -16.78 -17.062 -15.955 -16.358 -16.784 -17.064 -17.145 -17.098 -16.336 -16.894 -17.134 -17.153 -17.088 -16.947 -17.143 -17.162 -17.12 -17.096 -17.082 -17.014 -17.143 -16.801 -16.462 -16.001 -17.05
0.892015 -13.95 -14.327 -15.117 -16.248 -16.785 -17.078 -15.953 -16.351 -16.789 -17.081 -17.17 -17.129 -16.329 -16.903 -17.156 -17.181 -17.12 -16.958 -17.164 -17.19 -17.152 -17.13 -17.103 -17.03 -17.168 -16.84 -16.505 -16.046 -17.07
0.918993 -13.908 -14.28 -15.088 -16.237 -16.79 -17.093 -15.95 -16.344 -16.794 -17.097 -17.194 -17.161 -16.32 -16.912 -17.176 -17.208 -17.152 -16.969 -17.185 -17.217 -17.183 -17.163 -17.123 -17.044 -17.192 -16.879 -16.547 -16.091 -17.09
0.946787 -13.864 -14.23 -15.056 -16.226 -16.793 -17.108 -15.946 -16.335 -16.797 -17.112 -17.218 -17.191 -16.31 -16.919 -17.196 -17.235 -17.184 -16.978 -17.205 -17.244 -17.214 -17.196 -17.142 -17.057 -17.215 -16.917 -16.589 -16.136 -17.108
0.975422 -13.819 -14.178 -15.023 -16.213 -16.795 -17.122 -15.941 -16.324 -16.8 -17.126 -17.24 -17.221 -16.299 -16.925 -17.215 -17.261 -17.214 -16.986 -17.225 -17.27 -17.244 -17.229 -17.161 -17.07 -17.237 -16.955 -16.63 -16.181 -17.126
1.004923 -13.772 -14.124 -14.989 -16.198 -16.796 -17.134 -15.935 -16.312 -16.801 -17.138 -17.262 -17.25 -16.286 -16.931 -17.233 -17.286 -17.245 -16.993 -17.243 -17.295 -17.273 -17.261 -17.179 -17.081 -17.258 -16.992 -16.672 -16.225 -17.143
1.035317 -13.724 -14.067 -14.952 -16.181 -16.795 -17.146 -15.928 -16.298 -16.8 -17.15 -17.283 -17.279 -16.271 -16.935 -17.251 -17.31 -17.274 -16.999 -17.26 -17.32 -17.302 -17.292 -17.196 -17.091 -17.279 -17.029 -16.713 -16.269 -17.159
1.066629 -13.674 -14.008 -14.913 -16.163 -16.793 -17.156 -15.92 -16.283 -16.799 -17.161 -17.304 -17.307 -16.255 -16.937 -17.267 -17.334 -17.303 -17.004 -17.277 -17.344 -17.33 -17.323 -17.212 -17.1 -17.298 -17.066 -16.753 -16.313 -17.175
1.098888 -13.623 -13.946 -14.872 -16.143 -16.789 -17.165 -15.91 -16.266 -16.795 -17.171 -17.323 -17.334 -16.237 -16.939 -17.282 -17.357 -17.332 -17.007 -17.292 -17.367 -17.358 -17.353 -17.227 -17.108 -17.317 -17.102 -16.793 -16.356 -17.189
1.132124 -13.571 -13.882 -14.829 -16.121 -16.784 -17.173 -15.9 -16.247 -16.791 -17.179 -17.342 -17.361 -16.217 -16.939 -17.297 -17.379 -17.359 -17.009 -17.307 -17.389 -17.385 -17.382 -17.241 -17.115 -17.335 -17.137 -16.833 -16.399 -17.203
1.166364 -13.517 -13.815 -14.784 -16.097 -16.778 -17.18 -15.887 -16.226 -16.785 -17.187 -17.359 -17.387 -16.195 -16.937 -17.31 -17.4 -17.386 -17.01 -17.32 -17.41 -17.41 -17.411 -17.254 -17.121 -17.352 -17.172 -16.872 -16.442 -17.215
1.20164 -13.461 -13.744 -14.737 -16.071 -16.77 -17.186 -15.874 -16.203 -16.777 -17.193 -17.376 -17.412 -16.171 -16.934 -17.322 -17.42 -17.412 -17.01 -17.332 -17.431 -17.436 -17.439 -17.266 -17.125 -17.368 -17.206 -16.911 -16.484 -17.226
1.237983 -13.405 -13.671 -14.687 -16.043 -16.76 -17.19 -15.859 -16.179 -16.767 -17.197 -17.391 -17.436 -16.145 -16.93 -17.333 -17.439 -17.437 -17.007 -17.344 -17.45 -17.46 -17.466 -17.277 -17.128 -17.383 -17.24 -16.949 -16.526 -17.237
1.275425 -13.347 -13.594 -14.634 -16.013 -16.748 -17.192 -15.843 -16.152 -16.756 -17.2 -17.405 -17.459 -16.117 -16.924 -17.342 -17.457 -17.462 -17.004 -17.353 -17.469 -17.483 -17.493 -17.286 -17.13 -17.396 -17.273 -16.987 -16.567 -17.246
1.313999 -13.287 -13.514 -14.579 -15.98 -16.735 -17.193 -15.825 -16.122 -16.743 -17.202 -17.418 -17.482 -16.087 -16.916 -17.35 -17.474 -17.485 -16.998 -17.362 -17.486 -17.506 -17.519 -17.294 -17.13 -17.409 -17.306 -17.024 -16.609 -17.254
1.35374 -13.226 -13.43 -14.522 -15.945 -16.719 -17.193 -15.805 -16.091 -16.728 -17.202 -17.43 -17.503 -16.054 -16.906 -17.357 -17.49 -17.508 -16.991 -17.369 -17.502 -17.527 -17.544 -17.302 -17.128 -17.42 -17.338 -17.061 -16.649 -17.26
1.394683 -13.164 -13.342 -14.461 -15.908 -16.701 -17.191 -15.784 -16.056 -16.711 -17.201 -17.441 -17.523 -16.018 -16.895 -17.363 -17.505 -17.529 -16.982 -17.375 -17.517 -17.548 -17.567 -17.307 -17.125 -17.429 -17.369 -17.097 -16.69 -17.266
1.436864 -13.101 -13.251 -14.397 -15.867 -16.682 -17.187 -15.761 -16.02 -16.692 -17.197 -17.45 -17.542 -15.98 -16.881 -17.366 -17.518 -17.55 -16.971 -17.379 -17.531 -17.567 -17.59 -17.311 -17.12 -17.438 -17.399 -17.133 -16.729 -17.27
1.480321 -13.037 -13.155 -14.331 -15.824 -16.659 -17.181 -15.735 -15.98 -16.67 -17.192 -17.458 -17.561 -15.939 -16.865 -17.369 -17.53 -17.569 -16.959 -17.381 -17.543 -17.586 -17.612 -17.314 -17.113 -17.445 -17.429 -17.168 -16.769 -17.272
1.525092 -12.972 -13.055 -14.26 -15.777 -16.635 -17.173 -15.708 -15.937 -16.646 -17.185 -17.464 -17.577 -15.895 -16.847 -17.369 -17.541 -17.587 -16.944 -17.382 -17.554 -17.603 -17.633 -17.315 -17.104 -17.45 -17.458 -17.202 -16.807 -17.273
1.571218 -12.906 -12.95 -14.187 -15.728 -16.608 -17.164 -15.679 -15.892 -16.62 -17.176 -17.469 -17.593 -15.848 -16.827 -17.368 -17.55 -17.604 -16.926 -17.381 -17.564 -17.618 -17.653 -17.315 -17.094 -17.454 -17.485 -17.236 -16.846 -17.273
1.618738 -12.839 -12.84 -14.11 -15.675 -16.578 -17.152 -15.648 -15.843 -16.59 -17.165 -17.471 -17.607 -15.797 -16.804 -17.365 -17.558 -17.62 -16.907 -17.378 -17.572 -17.633 -17.672 -17.312 -17.081 -17.456 -17.512 -17.269 -16.883 -17.27
1.667696 -12.771 -12.725 -14.029 -15.618 -16.545 -17.137 -15.614 -15.79 -16.558 -17.151 -17.473 -17.62 -15.743 -16.779 -17.359 -17.564 -17.634 -16.885 -17.374 -17.578 -17.646 -17.689 -17.308 -17.066 -17.456 -17.538 -17.301 -16.92 -17.266
1.718134 -12.704 -12.605 -13.944 -15.558 -16.509 -17.121 -15.578 -15.734 -16.523 -17.135 -17.472 -17.632 -15.686 -16.75 -17.352 -17.568 -17.647 -16.86 -17.367 -17.583 -17.657 -17.705 -17.302 -17.048 -17.455 -17.563 -17.332 -16.957 -17.26
1.770098 -12.636 -12.479 -13.854 -15.493 -16.47 -17.101 -15.539 -15.675 -16.485 -17.117 -17.469 -17.641 -15.624 -16.719 -17.342 -17.571 -17.658 -16.833 -17.358 -17.585 -17.667 -17.719 -17.293 -17.028 -17.451 -17.587 -17.363 -16.992 -17.252
1.823633 -12.568 -12.347 -13.761 -15.425 -16.428 -17.079 -15.497 -15.611 -16.444 -17.095 -17.464 -17.649 -15.558 -16.685 -17.33 -17.571 -17.668 -16.802 -17.346 -17.586 -17.676 -17.732 -17.283 -17.005 -17.445 -17.609 -17.392 -17.027 -17.242
1.878788 -12.5 -12.209 -13.662 -15.352 -16.382 -17.054 -15.452 -15.542 -16.399 -17.071 -17.457 -17.656 -15.488 -16.647 -17.316 -17.569 -17.675 -16.769 -17.332 -17.585 -17.682 -17.744 -17.27 -16.979 -17.437 -17.631 -17.421 -17.061 -17.23
1.93561 -12.432 -12.064 -13.559 -15.274 -16.332 -17.026 -15.405 -15.469 -16.35 -17.044 -17.447 -17.66 -15.413 -16.606 -17.298 -17.565 -17.681 -16.732 -17.315 -17.581 -17.687 -17.754 -17.254 -16.95 -17.426 -17.651 -17.448 -17.095 -17.216
1.994152 -12.366 -11.911 -13.451 -15.191 -16.278 -16.994 -15.354 -15.392 -16.297 -17.014 -17.435 -17.662 -15.333 -16.561 -17.278 -17.559 -17.685 -16.692 -17.296 -17.576 -17.689 -17.761 -17.236 -16.919 -17.413 -17.669 -17.474 -17.127 -17.199
2.054463 -12.3 -11.751 -13.337 -15.102 -16.22 -16.959 -15.299 -15.309 -16.24 -16.98 -17.421 -17.662 -15.248 -16.513 -17.255 -17.55 -17.687 -16.648 -17.273 -17.567 -17.689 -17.767 -17.216 -16.883 -17.397 -17.686 -17.499 -17.159 -17.179
2.116599 -12.236 -11.584 -13.218 -15.008 -16.157 -16.921 -15.241 -15.22 -16.178 -16.942 -17.403 -17.66 -15.157 -16.46 -17.228 -17.539 -17.687 -16.6 -17.248 -17.556 -17.687 -17.771 -17.192 -16.844 -17.378 -17.701 -17.523 -17.189 -17.157
2.180614 -12.172 -11.407 -13.092 -14.908 -16.09 -16.878 -15.179 -15.126 -16.112 -16.901 -17.382 -17.656 -15.06 -16.402 -17.198 -17.524 -17.684 -16.547 -17.218 -17.543 -17.683 -17.773 -17.165 -16.801 -17.356 -17.715 -17.546 -17.219 -17.132
2.246566 -12.111 -11.222 -12.96 -14.801 -16.017 -16.831 -15.113 -15.025 -16.04 -16.855 -17.358 -17.649 -14.956 -16.34 -17.164 -17.507 -17.679 -16.491 -17.186 -17.526 -17.676 -17.773 -17.134 -16.754 -17.331 -17.727 -17.567 -17.247 -17.103
2.314511 -12.051 -11.027 -12.821 -14.688 -15.938 -16.78 -15.042 -14.917 -15.963 -16.805 -17.331 -17.638 -14.846 -16.272 -17.127 -17.486 -17.671 -16.429 -17.149 -17.506 -17.666 -17.77 -17.1 -16.703 -17.302 -17.737 -17.587 -17.275 -17.072
2.384512 -11.992 -10.822 -12.675 -14.567 -15.854 -16.723 -14.966 -14.803 -15.88 -16.75 -17.299 -17.625 -14.728 -16.199 -17.085 -17.462 -17.66 -16.363 -17.108 -17.482 -17.653 -17.764 -17.062 -16.647 -17.27 -17.745 -17.605 -17.3 -17.037
2.45663 -11.936 -10.607 -12.522 -14.437 -15.763 -16.662 -14.886 -14.68 -15.79 -16.69 -17.264 -17.609 -14.603 -16.121 -17.038 -17.434 -17.645 -16.291 -17.062 -17.455 -17.637 -17.755 -17.02 -16.586 -17.233 -17.75 -17.621 -17.325 -16.998
2.530929 -11.882 -10.381 -12.361 -14.3 -15.665 -16.594 -14.8 -14.55 -15.694 -16.625 -17.224 -17.59 -14.469 -16.035 -16.987 -17.402 -17.628 -16.213 -17.012 -17.424 -17.617 -17.744 -16.974 -16.519 -17.192 -17.753 -17.635 -17.348 -16.955
2.607475 -11.829 -10.143 -12.191 -14.153 -15.56 -16.521 -14.709 -14.41 -15.591 -16.553 -17.18 -17.566 -14.326 -15.944 -16.93 -17.365 -17.607 -16.13 -16.957 -17.388 -17.594 -17.729 -16.923 -16.447 -17.146 -17.754 -17.647 -17.37 -16.908
2.686337 -11.778 -9.893 -12.013 -13.996 -15.446 -16.441 -14.611 -14.261 -15.48 -16.475 -17.131 -17.539 -14.173 -15.844 -16.867 -17.324 -17.582 -16.039 -16.896 -17.348 -17.567 -17.71 -16.866 -16.368 -17.095 -17.752 -17.658 -17.39 -16.857
2.767583 -11.728 -9.63 -11.825 -13.829 -15.325 -16.355 -14.507 -14.102 -15.36 -16.391 -17.077 -17.507 -14.01 -15.737 -16.799 -17.278 -17.552 -15.942 -16.829 -17.303 -17.535 -17.688 -16.805 -16.283 -17.039 -17.747 -17.665 -17.408 -16.801
2.851287 -11.68 -9.355 -11.627 -13.65 -15.194 -16.261 -14.395 -13.932 -15.232 -16.299 -17.016 -17.471 -13.836 -15.622 -16.724 -17.226 -17.519 -15.837 -16.756 -17.252 -17.499 -17.662 -16.737 -16.19 -16.977 -17.738 -17.671 -17.424 -16.739
2.937522 -11.632 -9.068 -11.419 -13.459 -15.053 -16.158 -14.277 -13.75 -15.093 -16.199 -16.95 -17.43 -13.649 -15.498 -16.642 -17.169 -17.48 -15.725 -16.676 -17.196 -17.458 -17.631 -16.663 -16.09 -16.908 -17.726 -17.674 -17.438 -16.673
3.026365 -11.585 -8.769 -11.2 -13.255 -14.902 -16.047 -14.15 -13.555 -14.945 -16.09 -16.877 -17.384 -13.449 -15.364 -16.552 -17.105 -17.436 -15.603 -16.589 -17.134 -17.411 -17.595 -16.583 -15.982 -16.833 -17.711 -17.673 -17.451 -16.601
3.117896 -11.537 -8.46 -10.969 -13.036 -14.739 -15.927 -14.015 -13.346 -14.785 -15.973 -16.797 -17.331 -13.235 -15.219 -16.454 -17.035 -17.386 -15.473 -16.493 -17.065 -17.358 -17.555 -16.495 -15.864 -16.751 -17.691 -17.67 -17.46 -16.522
3.212194 -11.489 -8.142 -10.726 -12.802 -14.563 -15.796 -13.87 -13.122 -14.613 -15.845 -16.709 -17.273 -13.006 -15.063 -16.347 -16.957 -17.33 -15.333 -16.389 -16.988 -17.299 -17.508 -16.399 -15.737 -16.66 -17.667 -17.663 -17.467 -16.437
3.309345 -11.44 -7.82 -10.469 -12.551 -14.374 -15.654 -13.715 -12.882 -14.427 -15.706 -16.612 -17.208 -12.76 -14.894 -16.23 -16.871 -17.268 -15.183 -16.276 -16.904 -17.234 -17.456 -16.295 -15.599 -16.561 -17.638 -17.653 -17.472 -16.345
3.409434 -11.39 -7.498 -10.199 -12.282 -14.17 -15.5 -13.55 -12.624 -14.228 -15.556 -16.506 -17.135 -12.496 -14.712 -16.103 -16.776 -17.198 -15.022 -16.153 -16.811 -17.16 -17.397 -16.181 -15.45 -16.453 -17.604 -17.639 -17.473 -16.246
3.51255 -11.337 -7.184 -9.913 -11.993 -13.95 -15.332 -13.373 -12.347 -14.012 -15.393 -16.391 -17.054 -12.212 -14.516 -15.964 -16.672 -17.12 -14.85 -16.018 -16.709 -17.079 -17.331 -16.058 -15.289 -16.335 -17.564 -17.62 -17.471 -16.139
3.618785 -11.282 -6.886 -9.612 -11.682 -13.713 -15.151 -13.184 -12.049 -13.78 -15.215 -16.264 -16.965 -11.907 -14.303 -15.812 -16.557 -17.034 -14.666 -15.872 -16.596 -16.989 -17.257 -15.923 -15.114 -16.205 -17.518 -17.597 -17.466 -16.024
3.728232 -11.223 -6.612 -9.294 -11.348 -13.457 -14.954 -12.982 -11.728 -13.529 -15.023 -16.126 -16.866 -11.578 -14.073 -15.647 -16.431 -16.938 -14.47 -15.713 -16.473 -16.889 -17.175 -15.777 -14.924 -16.064 -17.466 -17.569 -17.456 -15.899
