web/models/kne.last_good/kappa_0.5_3.0.v1/10/villar_0.0079_0.3903_3.0000.dat
# %ECSV 1.0
# ---
# datatype:
# - {name: time, datatype: float64}
# - {name: swift_uvot_uvw2, datatype: float64}
# - {name: swift_uvot_uvm2, datatype: float64}
# - {name: swift_uvot_uvw1, datatype: float64}
# - {name: swift_uvot_U, datatype: float64}
# - {name: swift_uvot_B, datatype: float64}
# - {name: swift_uvot_V, datatype: float64}
# - {name: swift_uvot_W, datatype: float64}
# - {name: johnson_U, datatype: float64}
# - {name: johnson_B, datatype: float64}
# - {name: johnson_V, datatype: float64}
# - {name: johnson_R, datatype: float64}
# - {name: johnson_I, datatype: float64}
# - {name: sdss_u, datatype: float64}
# - {name: sdss_g, datatype: float64}
# - {name: sdss_r, datatype: float64}
# - {name: sdss_i, datatype: float64}
# - {name: sdss_z, datatype: float64}
# - {name: PS1_g, datatype: float64}
# - {name: PS1_r, datatype: float64}
# - {name: PS1_i, datatype: float64}
# - {name: PS1_z, datatype: float64}
# - {name: PS1_Y, datatype: float64}
# - {name: PS1_w, datatype: float64}
# - {name: ATLAS_c, datatype: float64}
# - {name: ATLAS_o, datatype: float64}
# - {name: ukirt_J, datatype: float64}
# - {name: ukirt_H, datatype: float64}
# - {name: ukirt_K, datatype: float64}
# - {name: Clear, datatype: float64}
# meta: !!omap
# - comment: [kappa = 3.0, type = villar, mass = 0.00793700525986525, velocity = 0.3903333333333333, theta_obs = 0.0]
# schema: astropy-2.0
time swift_uvot_uvw2 swift_uvot_uvm2 swift_uvot_uvw1 swift_uvot_U swift_uvot_B swift_uvot_V swift_uvot_W johnson_U johnson_B johnson_V johnson_R johnson_I sdss_u sdss_g sdss_r sdss_i sdss_z PS1_g PS1_r PS1_i PS1_z PS1_Y PS1_w ATLAS_c ATLAS_o ukirt_J ukirt_H ukirt_K Clear
[from data line 215]
0.605549 -8.397 -6.81 -8.822 -10.772 -12.156 -13.101 -11.298 -11.025 -12.186 -13.132 -13.744 -14.119 -10.943 -12.533 -13.501 -13.925 -14.159 -12.715 -13.527 -13.948 -14.147 -14.277 -13.491 -13.026 -13.711 -14.294 -14.181 -13.899 -13.474
0.623863 -8.383 -6.669 -8.728 -10.693 -12.106 -13.072 -11.257 -10.951 -12.137 -13.104 -13.735 -14.124 -10.867 -12.492 -13.483 -13.921 -14.165 -12.679 -13.51 -13.944 -14.152 -14.288 -13.477 -12.997 -13.701 -14.316 -14.211 -13.935 -13.463
0.642731 -8.371 -6.525 -8.631 -10.61 -12.052 -13.041 -11.213 -10.874 -12.085 -13.074 -13.724 -14.128 -10.787 -12.447 -13.463 -13.916 -14.17 -12.64 -13.492 -13.939 -14.156 -14.297 -13.461 -12.967 -13.688 -14.336 -14.239 -13.969 -13.45
0.66217 -8.359 -6.375 -8.53 -10.524 -11.995 -13.007 -11.168 -10.792 -12.029 -13.041 -13.711 -14.13 -10.703 -12.4 -13.441 -13.908 -14.173 -12.599 -13.471 -13.932 -14.157 -14.305 -13.443 -12.934 -13.674 -14.355 -14.267 -14.004 -13.436
0.682197 -8.349 -6.222 -8.426 -10.433 -11.935 -12.97 -11.119 -10.707 -11.971 -13.006 -13.696 -14.13 -10.615 -12.35 -13.416 -13.899 -14.175 -12.556 -13.447 -13.924 -14.158 -14.312 -13.423 -12.898 -13.658 -14.373 -14.293 -14.037 -13.42
0.70283 -8.339 -6.063 -8.319 -10.338 -11.871 -12.93 -11.068 -10.617 -11.909 -12.968 -13.679 -14.128 -10.522 -12.296 -13.389 -13.887 -14.175 -12.509 -13.421 -13.913 -14.156 -14.317 -13.401 -12.859 -13.639 -14.389 -14.319 -14.07 -13.402
0.724086 -8.33 -5.9 -8.207 -10.238 -11.804 -12.887 -11.015 -10.523 -11.843 -12.927 -13.659 -14.125 -10.425 -12.239 -13.36 -13.873 -14.173 -12.459 -13.393 -13.899 -14.152 -14.32 -13.377 -12.818 -13.618 -14.405 -14.344 -14.102 -13.382
0.745986 -8.321 -5.733 -8.092 -10.133 -11.732 -12.841 -10.958 -10.424 -11.773 -12.882 -13.637 -14.12 -10.323 -12.179 -13.327 -13.857 -14.17 -12.407 -13.362 -13.884 -14.147 -14.321 -13.35 -12.774 -13.595 -14.419 -14.368 -14.134 -13.36
0.768548 -8.313 -5.561 -7.972 -10.023 -11.657 -12.792 -10.899 -10.321 -11.699 -12.835 -13.612 -14.112 -10.216 -12.114 -13.291 -13.838 -14.164 -12.351 -13.328 -13.866 -14.139 -14.321 -13.32 -12.726 -13.569 -14.431 -14.39 -14.164 -13.335
0.791792 -8.305 -5.385 -7.848 -9.908 -11.577 -12.739 -10.836 -10.211 -11.621 -12.783 -13.585 -14.102 -10.104 -12.046 -13.253 -13.817 -14.156 -12.291 -13.291 -13.846 -14.13 -14.319 -13.288 -12.675 -13.54 -14.442 -14.412 -14.194 -13.309
0.815739 -8.297 -5.206 -7.719 -9.787 -11.492 -12.682 -10.769 -10.097 -11.538 -12.728 -13.554 -14.09 -9.986 -11.973 -13.21 -13.793 -14.145 -12.228 -13.25 -13.823 -14.117 -14.314 -13.252 -12.62 -13.508 -14.452 -14.432 -14.222 -13.28
0.840411 -8.289 -5.024 -7.585 -9.659 -11.402 -12.621 -10.699 -9.976 -11.451 -12.669 -13.521 -14.076 -9.862 -11.896 -13.165 -13.766 -14.133 -12.161 -13.207 -13.797 -14.103 -14.307 -13.214 -12.561 -13.473 -14.459 -14.451 -14.25 -13.248
0.865828 -8.28 -4.839 -7.447 -9.525 -11.307 -12.556 -10.626 -9.849 -11.358 -12.606 -13.484 -14.059 -9.731 -11.814 -13.115 -13.736 -14.117 -12.09 -13.159 -13.768 -14.085 -14.298 -13.172 -12.498 -13.435 -14.465 -14.468 -14.277 -13.214
0.892015 -8.271 -4.654 -7.303 -9.385 -11.207 -12.486 -10.548 -9.715 -11.26 -12.539 -13.444 -14.039 -9.593 -11.727 -13.062 -13.702 -14.099 -12.015 -13.108 -13.735 -14.065 -14.287 -13.127 -12.431 -13.393 -14.469 -14.484 -14.302 -13.177
0.918993 -8.262 -4.469 -7.153 -9.236 -11.1 -12.411 -10.466 -9.574 -11.156 -12.466 -13.4 -14.016 -9.448 -11.634 -13.004 -13.665 -14.078 -11.936 -13.053 -13.7 -14.042 -14.273 -13.078 -12.36 -13.347 -14.471 -14.498 -14.326 -13.137
0.946787 -8.252 -4.287 -6.998 -9.08 -10.987 -12.331 -10.379 -9.426 -11.046 -12.389 -13.352 -13.99 -9.296 -11.536 -12.942 -13.625 -14.054 -11.852 -12.993 -13.66 -14.015 -14.256 -13.025 -12.283 -13.298 -14.47 -14.511 -14.349 -13.094
0.975422 -8.241 -4.108 -6.836 -8.916 -10.868 -12.246 -10.288 -9.269 -10.93 -12.306 -13.3 -13.96 -9.135 -11.431 -12.875 -13.58 -14.026 -11.764 -12.929 -13.617 -13.985 -14.236 -12.968 -12.202 -13.244 -14.467 -14.522 -14.371 -13.047
1.004923 -8.229 -3.936 -6.668 -8.743 -10.741 -12.154 -10.191 -9.104 -10.806 -12.217 -13.243 -13.927 -8.965 -11.32 -12.802 -13.531 -13.995 -11.67 -12.86 -13.569 -13.952 -14.213 -12.906 -12.114 -13.186 -14.462 -14.53 -14.391 -12.998
1.035317 -8.215 -3.772 -6.493 -8.56 -10.607 -12.057 -10.089 -8.93 -10.675 -12.122 -13.182 -13.891 -8.786 -11.202 -12.725 -13.477 -13.96 -11.572 -12.786 -13.517 -13.914 -14.186 -12.84 -12.021 -13.123 -14.454 -14.537 -14.41 -12.944
1.066629 -8.2 -3.619 -6.31 -8.367 -10.464 -11.952 -9.981 -8.745 -10.536 -12.021 -13.116 -13.85 -8.597 -11.077 -12.641 -13.419 -13.921 -11.468 -12.706 -13.461 -13.873 -14.156 -12.768 -11.922 -13.054 -14.443 -14.542 -14.427 -12.887
1.098888 -8.184 -3.478 -6.12 -8.163 -10.313 -11.841 -9.867 -8.551 -10.389 -11.913 -13.044 -13.804 -8.396 -10.943 -12.551 -13.355 -13.878 -11.359 -12.62 -13.399 -13.827 -14.122 -12.691 -11.815 -12.98 -14.429 -14.544 -14.442 -12.826
1.132124 -8.165 -3.35 -5.921 -7.948 -10.152 -11.721 -9.747 -8.345 -10.232 -11.797 -12.967 -13.754 -8.185 -10.801 -12.454 -13.286 -13.83 -11.245 -12.528 -13.331 -13.776 -14.084 -12.608 -11.702 -12.901 -14.411 -14.544 -14.455 -12.76
1.166364 -8.145 -3.237 -5.714 -7.72 -9.982 -11.593 -9.62 -8.127 -10.066 -11.673 -12.883 -13.699 -7.961 -10.65 -12.35 -13.211 -13.776 -11.124 -12.43 -13.258 -13.72 -14.041 -12.519 -11.581 -12.815 -14.39 -14.541 -14.466 -12.691
1.20164 -8.122 -3.137 -5.497 -7.478 -9.8 -11.457 -9.486 -7.896 -9.889 -11.54 -12.792 -13.638 -7.724 -10.489 -12.238 -13.129 -13.718 -10.999 -12.324 -13.179 -13.658 -13.993 -12.424 -11.451 -12.722 -14.365 -14.535 -14.475 -12.616
1.237983 -8.096 -3.05 -5.27 -7.223 -9.607 -11.31 -9.344 -7.651 -9.701 -11.398 -12.695 -13.572 -7.472 -10.318 -12.118 -13.04 -13.653 -10.867 -12.211 -13.093 -13.591 -13.94 -12.321 -11.313 -12.622 -14.336 -14.526 -14.482 -12.537
1.275425 -8.068 -2.974 -5.032 -6.951 -9.401 -11.154 -9.193 -7.391 -9.501 -11.246 -12.589 -13.499 -7.205 -10.135 -11.989 -12.944 -13.583 -10.73 -12.09 -12.999 -13.517 -13.882 -12.21 -11.165 -12.513 -14.302 -14.513 -14.486 -12.453
1.313999 -8.037 -2.906 -4.782 -6.663 -9.182 -10.986 -9.034 -7.114 -9.288 -11.083 -12.476 -13.42 -6.921 -9.939 -11.85 -12.84 -13.506 -10.588 -11.96 -12.898 -13.436 -13.818 -12.091 -11.007 -12.397 -14.264 -14.497 -14.488 -12.363
1.35374 -8.002 -2.844 -4.52 -6.357 -8.949 -10.806 -8.866 -6.821 -9.061 -10.909 -12.353 -13.333 -6.62 -9.731 -11.701 -12.727 -13.421 -10.441 -11.821 -12.789 -13.348 -13.747 -11.963 -10.837 -12.272 -14.221 -14.477 -14.486 -12.268
1.394683 -7.964 -2.787 -4.244 -6.032 -8.699 -10.613 -8.688 -6.508 -8.819 -10.722 -12.221 -13.239 -6.299 -9.508 -11.54 -12.604 -13.328 -10.29 -11.672 -12.67 -13.252 -13.67 -11.825 -10.656 -12.136 -14.171 -14.452 -14.482 -12.167
1.436864 -7.922 -2.731 -3.954 -5.685 -8.433 -10.406 -8.5 -6.176 -8.56 -10.522 -12.078 -13.136 -5.957 -9.27 -11.367 -12.472 -13.227 -10.135 -11.513 -12.542 -13.147 -13.585 -11.677 -10.462 -11.99 -14.116 -14.423 -14.474 -12.061
1.480321 -7.876 -2.676 -3.648 -5.316 -8.148 -10.184 -8.301 -5.821 -8.284 -10.306 -11.924 -13.024 -5.593 -9.015 -11.18 -12.328 -13.117 -9.978 -11.343 -12.403 -13.033 -13.492 -11.518 -10.253 -11.833 -14.054 -14.389 -14.462 -11.948
1.525092 -7.825 -2.619 -3.324 -4.922 -7.844 -9.945 -8.091 -5.442 -7.989 -10.075 -11.758 -12.901 -5.204 -8.742 -10.98 -12.172 -12.996 -9.818 -11.162 -12.253 -12.909 -13.391 -11.346 -10.03 -11.663 -13.985 -14.35 -14.446 -11.829
1.571218 -7.77 -2.56 -2.982 -4.501 -7.518 -9.689 -7.869 -5.037 -7.673 -9.827 -11.579 -12.768 -4.788 -8.449 -10.763 -12.004 -12.865 -9.658 -10.969 -12.091 -12.774 -13.28 -11.162 -9.79 -11.479 -13.908 -14.305 -14.426 -11.704
1.618738 -7.709 -2.496 -2.62 -4.051 -7.168 -9.412 -7.636 -4.604 -7.335 -9.559 -11.385 -12.624 -4.343 -8.135 -10.529 -11.82 -12.722 -9.498 -10.764 -11.916 -12.627 -13.159 -10.962 -9.532 -11.281 -13.822 -14.253 -14.401 -11.573
1.667696 -7.642 -2.428 -2.236 -3.569 -6.793 -9.114 -7.391 -4.139 -6.972 -9.272 -11.176 -12.466 -3.866 -7.797 -10.277 -11.622 -12.566 -9.339 -10.546 -11.727 -12.467 -13.027 -10.747 -9.255 -11.067 -13.728 -14.194 -14.371 -11.435
1.718134 -7.569 -2.354 -1.827 -3.052 -6.389 -8.793 -7.134 -3.641 -6.582 -8.961 -10.949 -12.295 -3.355 -7.434 -10.005 -11.406 -12.395 -9.183 -10.316 -11.522 -12.293 -12.884 -10.515 -8.956 -10.836 -13.622 -14.127 -14.335 -11.29
1.770098 -7.49 -2.274 -1.392 -2.497 -5.955 -8.446 -6.866 -3.107 -6.163 -8.627 -10.704 -12.108 -2.806 -7.043 -9.71 -11.172 -12.209 -9.029 -10.073 -11.302 -12.104 -12.728 -10.264 -8.634 -10.586 -13.506 -14.052 -14.293 -11.14
1.823633 -7.403 -2.187 -0.927 -1.9 -5.488 -8.072 -6.588 -2.531 -5.713 -8.265 -10.439 -11.904 -2.216 -6.622 -9.39 -10.918 -12.007 -8.878 -9.819 -11.063 -11.898 -12.558 -9.993 -8.287 -10.314 -13.378 -13.968 -14.245 -10.982
1.878788 -7.307 -2.092 -0.431 -1.258 -4.984 -7.666 -6.301 -1.912 -5.228 -7.875 -10.151 -11.683 -1.579 -6.167 -9.045 -10.642 -11.785 -8.73 -9.554 -10.807 -11.675 -12.374 -9.699 -7.912 -10.021 -13.236 -13.873 -14.188 -10.819
1.93561 -7.204 -1.988 0.099 -0.565 -4.439 -7.227 -6.009 -1.244 -4.704 -7.452 -9.84 -11.441 -0.893 -5.675 -8.669 -10.34 -11.543 -8.583 -9.281 -10.53 -11.432 -12.174 -9.381 -7.507 -9.702 -13.079 -13.767 -14.124 -10.649
1.994152 -7.09 -1.874 0.669 0.183 -3.85 -6.75 -5.712 -0.522 -4.139 -6.994 -9.501 -11.177 -0.152 -5.143 -8.261 -10.012 -11.278 -8.435 -9.001 -10.234 -11.169 -11.958 -9.036 -7.067 -9.356 -12.905 -13.649 -14.05 -10.473
2.054463 -6.966 -1.75 1.28 0.992 -3.212 -6.232 -5.416 0.26 -3.528 -6.497 -9.133 -10.89 0.65 -4.566 -7.818 -9.654 -10.989 -8.286 -8.718 -9.916 -10.883 -11.724 -8.661 -6.591 -8.979 -12.714 -13.517 -13.967 -10.291
2.116599 -6.831 -1.615 1.938 1.869 -2.52 -5.669 -5.123 1.107 -2.865 -5.958 -8.733 -10.575 1.519 -3.94 -7.335 -9.263 -10.672 -8.132 -8.436 -9.577 -10.573 -11.471 -8.253 -6.074 -8.57 -12.503 -13.37 -13.872 -10.102
2.180614 -6.683 -1.467 2.647 2.821 -1.767 -5.055 -4.836 2.026 -2.147 -5.37 -8.297 -10.231 2.463 -3.259 -6.808 -8.836 -10.324 -7.97 -8.156 -9.218 -10.237 -11.199 -7.808 -5.512 -8.123 -12.269 -13.206 -13.765 -9.906
2.246566 -6.521 -1.305 3.413 3.857 -0.948 -4.385 -4.558 3.026 -1.366 -4.731 -7.822 -9.855 3.49 -2.518 -6.232 -8.367 -9.943 -7.8 -7.882 -8.841 -9.876 -10.907 -7.323 -4.899 -7.636 -12.01 -13.024 -13.644 -9.702
2.314511 -6.343 -1.128 4.242 4.985 -0.054 -3.652 -4.286 4.117 -0.516 -4.033 -7.302 -9.442 4.61 -1.708 -5.602 -7.854 -9.523 -7.617 -7.613 -8.448 -9.487 -10.595 -6.793 -4.229 -7.103 -11.724 -12.82 -13.508 -9.488
2.384512 -6.149 -0.933 5.141 6.218 0.922 -2.85 -4.02 5.308 0.411 -3.27 -6.734 -8.989 5.832 -0.823 -4.911 -7.289 -9.062 -7.419 -7.348 -8.045 -9.072 -10.263 -6.212 -3.498 -6.519 -11.406 -12.593 -13.354 -9.264
2.45663 -5.935 -0.72 6.119 7.567 1.992 -1.969 -3.755 6.611 1.423 -2.434 -6.112 -8.491 7.17 0.146 -4.153 -6.668 -8.553 -7.203 -7.083 -7.637 -8.633 -9.911 -5.575 -2.696 -5.879 -11.054 -12.339 -13.181 -9.026
2.530929 -5.716 -0.501 7.021 8.809 2.983 -1.147 -3.506 7.813 2.361 -1.655 -5.525 -8.015 8.402 1.047 -3.441 -6.08 -8.066 -6.983 -6.834 -7.274 -8.226 -9.58 -4.974 -1.946 -5.275 -10.707 -12.081 -12.995 -8.791
2.607475 -5.559 -0.344 7.179 8.966 3.14 -0.99 -3.349 7.97 2.518 -1.498 -5.368 -7.858 8.559 1.204 -3.284 -5.923 -7.909 -6.826 -6.677 -7.117 -8.069 -9.423 -4.817 -1.789 -5.118 -10.55 -11.924 -12.838 -8.634
2.686337 -5.393 -0.177 7.345 9.133 3.307 -0.823 -3.182 8.136 2.685 -1.331 -5.201 -7.691 8.726 1.371 -3.117 -5.756 -7.742 -6.659 -6.51 -6.95 -7.902 -9.257 -4.65 -1.622 -4.951 -10.383 -11.757 -12.671 -8.467
2.767583 -5.215 0.0 7.523 9.31 3.484 -0.646 -3.005 8.314 2.862 -1.154 -5.023 -7.514 8.904 1.548 -2.939 -5.579 -7.565 -6.482 -6.332 -6.772 -7.725 -9.079 -4.472 -1.445 -4.774 -10.206 -11.58 -12.494 -8.29
2.851287 -5.027 0.189 7.711 9.498 3.672 -0.457 -2.816 8.502 3.051 -0.965 -4.835 -7.325 9.092 1.737 -2.751 -5.39 -7.377 -6.293 -6.144 -6.584 -7.537 -8.891 -4.284 -1.256 -4.585 -10.017 -11.391 -12.306 -8.102
2.937522 -4.827 0.389 7.911 9.699 3.873 -0.257 -2.616 8.703 3.251 -0.765 -4.635 -7.125 9.292 1.937 -2.551 -5.19 -7.176 -6.093 -5.944 -6.384 -7.336 -8.69 -4.084 -1.056 -4.385 -9.817 -11.191 -12.105 -7.901
3.026365 -4.614 0.602 8.124 9.911 4.085 -0.044 -2.403 8.915 3.463 -0.553 -4.422 -6.912 9.505 2.149 -2.338 -4.977 -6.964 -5.881 -5.731 -6.171 -7.124 -8.478 -3.871 -0.844 -4.173 -9.604 -10.978 -11.893 -7.689
3.117896 -4.388 0.828 8.35 10.137 4.311 0.181 -2.178 9.141 3.689 -0.327 -4.196 -6.687 9.731 2.375 -2.112 -4.752 -6.738 -5.655 -5.505 -5.945 -6.898 -8.252 -3.645 -0.618 -3.947 -9.378 -10.752 -11.667 -7.463
3.212194 -4.148 1.067 8.59 10.377 4.551 0.421 -1.938 9.381 3.929 -0.087 -3.956 -6.447 9.971 2.615 -1.872 -4.512 -6.498 -5.415 -5.265 -5.705 -6.658 -8.012 -3.406 -0.378 -3.707 -9.139 -10.513 -11.427 -7.223
3.309345 -3.894 1.322 8.844 10.632 4.806 0.676 -1.683 9.635 4.184 0.168 -3.702 -6.192 10.225 2.87 -1.618 -4.257 -6.243 -5.16 -5.011 -5.451 -6.403 -7.758 -3.151 -0.123 -3.452 -8.884 -10.258 -11.172 -6.969
3.409434 -3.623 1.592 9.115 10.902 5.076 0.946 -1.413 9.906 4.454 0.438 -3.431 -5.922 10.495 3.14 -1.348 -3.987 -5.973 -4.89 -4.74 -5.18 -6.133 -7.487 -2.881 0.147 -3.182 -8.614 -9.988 -10.902 -6.698
3.51255 -3.336 1.879 9.402 11.189 5.363 1.233 -1.126 10.193 4.741 0.725 -3.145 -5.635 10.782 3.427 -1.061 -3.7 -5.686 -4.603 -4.453 -4.893 -5.846 -7.2 -2.594 0.434 -2.895 -8.327 -9.701 -10.615 -6.411
3.618785 -3.032 2.184 9.706 11.493 5.667 1.538 -0.821 10.497 5.046 1.03 -2.84 -5.33 11.087 3.732 -0.756 -3.395 -5.382 -4.298 -4.149 -4.589 -5.542 -6.896 -2.289 0.739 -2.59 -8.022 -9.396 -10.311 -6.107
3.728232 -2.708 2.507 10.03 11.817 5.991 1.861 -0.498 10.821 5.369 1.353 -2.517 -5.007 11.41 4.055 -0.433 -3.072 -5.058 -3.975 -3.825 -4.265 -5.218 -6.572 -1.966 1.062 -2.267 -7.699 -9.073 -9.987 -5.783
3.84099 -2.365 2.851 10.373 12.16 6.334 2.204 -0.155 11.164 5.712 1.696 -2.173 -4.664 11.754 4.398 -0.089 -2.729 -4.715 -3.632 -3.482 -3.922 -4.875 -6.229 -1.622 1.405 -1.924 -7.355 -8.729 -9.644 -5.44
3.957158 -2.001 3.215 10.737 12.524 6.698 2.569 0.21 11.528 6.077 2.061 -1.809 -4.299 12.118 4.763 0.275 -2.364 -4.35 -3.267 -3.118 -3.558 -4.511 -5.865 -1.258 1.77 -1.559 -6.991 -8.365 -9.28 -5.076
4.07684 -1.614 3.602 11.124 12.911 7.085 2.956 0.597 11.915 6.463 2.447 -1.422 -3.913 12.505 5.149 0.662 -1.977 -3.964 -2.881 -2.731 -3.171 -4.124 -5.478 -0.871 2.156 -1.173 -6.604 -7.978 -8.893 -4.689
4.200141 -1.203 4.012 11.535 13.322 7.496 3.366 1.007 12.326 6.874 2.858 -1.012 -3.502 12.915 5.56 1.072 -1.567 -3.553 -2.47 -2.321 -2.761 -3.713 -5.067 -0.461 2.567 -0.762 -6.194 -7.568 -8.482 -4.278
4.327172 -0.768 4.448 11.97 13.757 7.931 3.802 1.443 12.761 7.31 3.294 -0.576 -3.066 13.351 5.996 1.508 -1.131 -3.117 -2.034 -1.885 -2.325 -3.278 -4.632 -0.025 3.003 -0.326 -5.758 -7.132 -8.046 -3.843
4.458044 -0.305 4.91 12.433 14.22 8.394 4.264 1.905 13.224 7.772 3.756 -0.113 -2.604 13.814 6.458 1.971 -0.669 -2.655 -1.572 -1.422 -1.862 -2.815 -4.169 0.437 3.465 0.136 -5.296 -6.67 -7.584 -3.38
4.592874 0.186 5.401 12.924 14.711 8.885 4.755 2.396 13.715 8.263 4.247 0.378 -2.113 14.304 6.949 2.462 -0.178 -2.164 -1.081 -0.931 -1.371 -2.324 -3.678 0.928 3.956 0.627 -4.805 -6.179 -7.093 -2.889
4.731783 0.707 5.922 13.445 15.232 9.406 5.276 2.917 14.236 8.784 4.768 0.899 -1.592 14.826 7.47 2.983 0.343 -1.643 -0.56 -0.41 -0.85 -1.803 -3.157 1.449 4.477 1.148 -4.284 -5.658 -6.572 -2.368
4.874892 1.26 6.475 13.998 15.785 9.959 5.829 3.47 14.789 9.337 5.321 1.452 -1.039 15.379 8.023 3.536 0.896 -1.09 -0.007 0.143 -0.297 -1.25 -2.604 2.002 5.03 1.701 -3.731 -5.105 -6.019 -1.815
5.02233 1.847 7.062 14.585 16.372 10.546 6.416 4.057 15.376 9.924 5.908 2.039 -0.452 15.966 8.61 4.123 1.483 -0.503 0.58 0.73 0.29 -0.663 -2.017 2.589 5.617 2.288 -3.144 -4.518 -5.432 -1.228
