web/models/kne.last_good/kappa_0.5_3.0.v1/10/villar_0.0775_0.2650_3.0000.dat
# %ECSV 1.0
# ---
# datatype:
# - {name: time, datatype: float64}
# - {name: swift_uvot_uvw2, datatype: float64}
# - {name: swift_uvot_uvm2, datatype: float64}
# - {name: swift_uvot_uvw1, datatype: float64}
# - {name: swift_uvot_U, datatype: float64}
# - {name: swift_uvot_B, datatype: float64}
# - {name: swift_uvot_V, datatype: float64}
# - {name: swift_uvot_W, datatype: float64}
# - {name: johnson_U, datatype: float64}
# - {name: johnson_B, datatype: float64}
# - {name: johnson_V, datatype: float64}
# - {name: johnson_R, datatype: float64}
# - {name: johnson_I, datatype: float64}
# - {name: sdss_u, datatype: float64}
# - {name: sdss_g, datatype: float64}
# - {name: sdss_r, datatype: float64}
# - {name: sdss_i, datatype: float64}
# - {name: sdss_z, datatype: float64}
# - {name: PS1_g, datatype: float64}
# - {name: PS1_r, datatype: float64}
# - {name: PS1_i, datatype: float64}
# - {name: PS1_z, datatype: float64}
# - {name: PS1_Y, datatype: float64}
# - {name: PS1_w, datatype: float64}
# - {name: ATLAS_c, datatype: float64}
# - {name: ATLAS_o, datatype: float64}
# - {name: ukirt_J, datatype: float64}
# - {name: ukirt_H, datatype: float64}
# - {name: ukirt_K, datatype: float64}
# - {name: Clear, datatype: float64}
# meta: !!omap
# - comment: [kappa = 3.0, type = villar, mass = 0.07749594937791414, velocity = 0.265, theta_obs = 0.0]
# schema: astropy-2.0
time swift_uvot_uvw2 swift_uvot_uvm2 swift_uvot_uvw1 swift_uvot_U swift_uvot_B swift_uvot_V swift_uvot_W johnson_U johnson_B johnson_V johnson_R johnson_I sdss_u sdss_g sdss_r sdss_i sdss_z PS1_g PS1_r PS1_i PS1_z PS1_Y PS1_w ATLAS_c ATLAS_o ukirt_J ukirt_H ukirt_K Clear
[from data line 146]
0.077495 -12.281 -12.481 -12.64 -12.874 -12.842 -12.703 -12.64 -12.877 -12.839 -12.696 -12.473 -12.171 -12.879 -12.803 -12.584 -12.363 -12.126 -12.798 -12.595 -12.374 -12.198 -12.116 -12.587 -12.721 -12.491 -11.596 -11.128 -10.563 -12.612
0.079839 -12.293 -12.498 -12.662 -12.906 -12.88 -12.745 -12.668 -12.91 -12.877 -12.738 -12.518 -12.217 -12.912 -12.842 -12.627 -12.409 -12.173 -12.837 -12.638 -12.419 -12.245 -12.163 -12.629 -12.762 -12.535 -11.646 -11.179 -10.614 -12.653
0.082253 -12.305 -12.514 -12.683 -12.937 -12.917 -12.786 -12.695 -12.943 -12.914 -12.779 -12.562 -12.264 -12.944 -12.881 -12.67 -12.454 -12.22 -12.876 -12.681 -12.464 -12.291 -12.209 -12.672 -12.802 -12.579 -11.695 -11.23 -10.666 -12.695
0.084741 -12.316 -12.529 -12.705 -12.969 -12.954 -12.827 -12.721 -12.975 -12.951 -12.82 -12.606 -12.311 -12.977 -12.919 -12.713 -12.499 -12.267 -12.915 -12.724 -12.51 -12.338 -12.256 -12.714 -12.842 -12.623 -11.744 -11.28 -10.718 -12.736
0.087304 -12.326 -12.545 -12.726 -13.0 -12.99 -12.868 -12.748 -13.007 -12.988 -12.861 -12.65 -12.357 -13.008 -12.957 -12.756 -12.544 -12.314 -12.954 -12.766 -12.555 -12.384 -12.302 -12.756 -12.882 -12.667 -11.794 -11.331 -10.769 -12.777
0.089944 -12.337 -12.559 -12.746 -13.031 -13.027 -12.909 -12.774 -13.039 -13.024 -12.902 -12.694 -12.404 -13.04 -12.995 -12.799 -12.59 -12.36 -12.992 -12.809 -12.6 -12.43 -12.348 -12.797 -12.922 -12.71 -11.843 -11.382 -10.821 -12.818
0.092665 -12.346 -12.573 -12.766 -13.061 -13.063 -12.949 -12.8 -13.07 -13.06 -12.943 -12.738 -12.45 -13.071 -13.033 -12.841 -12.634 -12.407 -13.031 -12.851 -12.644 -12.476 -12.394 -12.839 -12.962 -12.754 -11.892 -11.432 -10.873 -12.859
0.095467 -12.356 -12.587 -12.786 -13.091 -13.099 -12.99 -12.825 -13.101 -13.097 -12.983 -12.781 -12.496 -13.102 -13.07 -12.884 -12.679 -12.454 -13.069 -12.893 -12.689 -12.522 -12.44 -12.881 -13.002 -12.797 -11.941 -11.482 -10.924 -12.9
0.098355 -12.364 -12.6 -12.805 -13.121 -13.135 -13.03 -12.851 -13.132 -13.132 -13.023 -12.824 -12.542 -13.133 -13.108 -12.926 -12.724 -12.5 -13.106 -12.935 -12.734 -12.568 -12.487 -12.922 -13.041 -12.841 -11.99 -11.533 -10.976 -12.94
0.101329 -12.373 -12.613 -12.824 -13.151 -13.17 -13.07 -12.876 -13.163 -13.168 -13.063 -12.868 -12.588 -13.163 -13.145 -12.968 -12.768 -12.546 -13.144 -12.977 -12.778 -12.613 -12.533 -12.963 -13.08 -12.884 -12.039 -11.583 -11.027 -12.981
0.104394 -12.38 -12.625 -12.842 -13.18 -13.206 -13.11 -12.901 -13.193 -13.203 -13.103 -12.911 -12.634 -13.193 -13.182 -13.01 -12.813 -12.593 -13.182 -13.019 -12.822 -12.659 -12.578 -13.004 -13.119 -12.926 -12.088 -11.633 -11.078 -13.021
0.107551 -12.388 -12.637 -12.86 -13.209 -13.241 -13.15 -12.926 -13.223 -13.238 -13.143 -12.954 -12.68 -13.223 -13.218 -13.051 -12.857 -12.639 -13.219 -13.061 -12.866 -12.705 -12.624 -13.045 -13.158 -12.969 -12.137 -11.683 -11.13 -13.061
0.110804 -12.394 -12.648 -12.878 -13.237 -13.276 -13.189 -12.95 -13.253 -13.273 -13.183 -12.997 -12.725 -13.253 -13.255 -13.093 -12.901 -12.685 -13.256 -13.102 -12.91 -12.75 -12.67 -13.085 -13.197 -13.012 -12.185 -11.734 -11.181 -13.101
0.114155 -12.401 -12.659 -12.895 -13.266 -13.31 -13.228 -12.974 -13.282 -13.308 -13.222 -13.039 -12.771 -13.282 -13.291 -13.134 -12.945 -12.731 -13.293 -13.143 -12.954 -12.795 -12.716 -13.126 -13.235 -13.054 -12.234 -11.784 -11.232 -13.14
0.117608 -12.406 -12.669 -12.911 -13.293 -13.344 -13.267 -12.998 -13.311 -13.342 -13.261 -13.082 -12.816 -13.31 -13.327 -13.175 -12.989 -12.777 -13.329 -13.185 -12.998 -12.841 -12.761 -13.166 -13.273 -13.097 -12.282 -11.834 -11.283 -13.18
0.121165 -12.411 -12.678 -12.927 -13.321 -13.378 -13.306 -13.021 -13.34 -13.376 -13.3 -13.124 -12.862 -13.339 -13.363 -13.216 -13.033 -12.822 -13.365 -13.225 -13.042 -12.886 -12.807 -13.206 -13.311 -13.139 -12.331 -11.884 -11.334 -13.219
0.124829 -12.416 -12.687 -12.943 -13.348 -13.412 -13.345 -13.045 -13.368 -13.41 -13.339 -13.166 -12.907 -13.367 -13.398 -13.257 -13.077 -12.868 -13.401 -13.266 -13.085 -12.931 -12.852 -13.246 -13.349 -13.181 -12.379 -11.933 -11.386 -13.258
0.128605 -12.42 -12.695 -12.958 -13.375 -13.445 -13.383 -13.068 -13.396 -13.443 -13.377 -13.208 -12.952 -13.395 -13.433 -13.298 -13.12 -12.913 -13.437 -13.307 -13.129 -12.975 -12.897 -13.286 -13.386 -13.223 -12.428 -11.983 -11.437 -13.297
0.132494 -12.423 -12.703 -12.973 -13.401 -13.479 -13.421 -13.091 -13.424 -13.476 -13.416 -13.25 -12.997 -13.422 -13.468 -13.338 -13.163 -12.959 -13.473 -13.347 -13.172 -13.02 -12.943 -13.326 -13.424 -13.264 -12.476 -12.033 -11.488 -13.336
0.136502 -12.426 -12.71 -12.988 -13.427 -13.511 -13.459 -13.113 -13.451 -13.509 -13.454 -13.292 -13.041 -13.449 -13.503 -13.379 -13.207 -13.004 -13.508 -13.387 -13.215 -13.065 -12.988 -13.365 -13.461 -13.306 -12.524 -12.083 -11.539 -13.374
0.14063 -12.429 -12.717 -13.002 -13.453 -13.544 -13.497 -13.135 -13.478 -13.542 -13.492 -13.333 -13.086 -13.476 -13.537 -13.419 -13.25 -13.049 -13.543 -13.427 -13.258 -13.109 -13.033 -13.404 -13.498 -13.347 -12.572 -12.132 -11.59 -13.412
0.144883 -12.43 -12.723 -13.015 -13.478 -13.576 -13.535 -13.157 -13.504 -13.574 -13.529 -13.375 -13.131 -13.502 -13.572 -13.459 -13.292 -13.094 -13.578 -13.467 -13.301 -13.154 -13.078 -13.443 -13.534 -13.388 -12.62 -12.182 -11.64 -13.451
0.149265 -12.432 -12.729 -13.028 -13.503 -13.608 -13.572 -13.179 -13.531 -13.606 -13.567 -13.416 -13.175 -13.528 -13.605 -13.499 -13.335 -13.139 -13.613 -13.507 -13.343 -13.198 -13.122 -13.482 -13.571 -13.429 -12.668 -12.231 -11.691 -13.489
0.15378 -12.432 -12.733 -13.04 -13.528 -13.64 -13.609 -13.2 -13.556 -13.638 -13.604 -13.457 -13.219 -13.554 -13.639 -13.538 -13.378 -13.184 -13.647 -13.546 -13.386 -13.242 -13.167 -13.521 -13.607 -13.47 -12.716 -12.281 -11.742 -13.526
0.15843 -12.432 -12.738 -13.052 -13.552 -13.671 -13.646 -13.222 -13.582 -13.67 -13.641 -13.498 -13.263 -13.579 -13.672 -13.577 -13.42 -13.228 -13.681 -13.586 -13.428 -13.286 -13.212 -13.559 -13.643 -13.51 -12.763 -12.33 -11.793 -13.564
0.163222 -12.432 -12.741 -13.064 -13.576 -13.703 -13.683 -13.242 -13.607 -13.701 -13.678 -13.539 -13.307 -13.603 -13.706 -13.616 -13.462 -13.273 -13.715 -13.625 -13.47 -13.33 -13.256 -13.597 -13.678 -13.551 -12.811 -12.38 -11.843 -13.601
0.168159 -12.431 -12.744 -13.074 -13.599 -13.733 -13.719 -13.263 -13.631 -13.732 -13.714 -13.579 -13.351 -13.628 -13.738 -13.655 -13.504 -13.317 -13.749 -13.664 -13.512 -13.374 -13.301 -13.635 -13.714 -13.591 -12.859 -12.429 -11.894 -13.638
0.173245 -12.429 -12.747 -13.085 -13.622 -13.764 -13.755 -13.283 -13.656 -13.762 -13.75 -13.619 -13.395 -13.652 -13.771 -13.694 -13.546 -13.361 -13.782 -13.702 -13.554 -13.417 -13.345 -13.673 -13.749 -13.631 -12.906 -12.478 -11.945 -13.675
0.178484 -12.427 -12.748 -13.095 -13.645 -13.794 -13.791 -13.303 -13.68 -13.793 -13.786 -13.659 -13.439 -13.675 -13.803 -13.733 -13.588 -13.405 -13.815 -13.741 -13.596 -13.461 -13.389 -13.711 -13.784 -13.671 -12.953 -12.527 -11.995 -13.712
0.183882 -12.424 -12.749 -13.104 -13.667 -13.824 -13.827 -13.323 -13.703 -13.822 -13.822 -13.699 -13.482 -13.699 -13.835 -13.771 -13.63 -13.449 -13.848 -13.779 -13.637 -13.504 -13.433 -13.748 -13.819 -13.711 -13.001 -12.576 -12.046 -13.748
0.189444 -12.42 -12.75 -13.113 -13.688 -13.853 -13.862 -13.342 -13.726 -13.852 -13.858 -13.739 -13.525 -13.721 -13.867 -13.809 -13.671 -13.493 -13.88 -13.817 -13.679 -13.547 -13.477 -13.785 -13.853 -13.75 -13.048 -12.625 -12.096 -13.785
0.195173 -12.416 -12.749 -13.121 -13.71 -13.883 -13.897 -13.361 -13.749 -13.881 -13.893 -13.779 -13.569 -13.744 -13.898 -13.847 -13.712 -13.537 -13.912 -13.855 -13.72 -13.591 -13.521 -13.822 -13.887 -13.789 -13.095 -12.674 -12.146 -13.821
0.201076 -12.411 -12.748 -13.129 -13.73 -13.911 -13.932 -13.38 -13.771 -13.91 -13.928 -13.818 -13.612 -13.765 -13.929 -13.884 -13.753 -13.58 -13.944 -13.892 -13.761 -13.633 -13.565 -13.859 -13.921 -13.828 -13.142 -12.723 -12.197 -13.856
0.207158 -12.406 -12.747 -13.136 -13.751 -13.94 -13.967 -13.399 -13.793 -13.939 -13.963 -13.857 -13.654 -13.787 -13.96 -13.922 -13.794 -13.623 -13.975 -13.93 -13.802 -13.676 -13.608 -13.895 -13.955 -13.867 -13.189 -12.771 -12.247 -13.892
0.213423 -12.4 -12.744 -13.142 -13.771 -13.968 -14.001 -13.417 -13.814 -13.967 -13.997 -13.896 -13.697 -13.808 -13.99 -13.959 -13.835 -13.667 -14.007 -13.967 -13.842 -13.719 -13.652 -13.931 -13.988 -13.906 -13.235 -12.82 -12.297 -13.927
0.219878 -12.393 -12.741 -13.148 -13.79 -13.996 -14.035 -13.435 -13.835 -13.995 -14.031 -13.935 -13.74 -13.828 -14.02 -13.996 -13.875 -13.71 -14.038 -14.004 -13.883 -13.761 -13.695 -13.967 -14.021 -13.944 -13.282 -12.869 -12.347 -13.962
0.226528 -12.386 -12.737 -13.154 -13.809 -14.023 -14.069 -13.452 -13.855 -14.022 -14.065 -13.973 -13.782 -13.849 -14.05 -14.033 -13.916 -13.753 -14.068 -14.04 -13.923 -13.804 -13.738 -14.003 -14.054 -13.982 -13.329 -12.917 -12.397 -13.997
0.233379 -12.378 -12.733 -13.159 -13.828 -14.05 -14.102 -13.47 -13.875 -14.049 -14.099 -14.011 -13.824 -13.868 -14.079 -14.069 -13.956 -13.795 -14.098 -14.077 -13.963 -13.846 -13.781 -14.039 -14.086 -14.02 -13.375 -12.965 -12.447 -14.032
0.240437 -12.369 -12.728 -13.163 -13.845 -14.077 -14.136 -13.486 -13.895 -14.076 -14.132 -14.049 -13.866 -13.887 -14.108 -14.105 -13.996 -13.838 -14.128 -14.113 -14.003 -13.888 -13.824 -14.074 -14.118 -14.058 -13.421 -13.014 -12.497 -14.066
0.247709 -12.36 -12.722 -13.166 -13.863 -14.103 -14.169 -13.503 -13.914 -14.102 -14.165 -14.087 -13.908 -13.906 -14.137 -14.141 -14.035 -13.88 -14.158 -14.149 -14.043 -13.93 -13.867 -14.109 -14.15 -14.096 -13.467 -13.062 -12.547 -14.1
0.255201 -12.35 -12.715 -13.169 -13.88 -14.129 -14.201 -13.519 -13.933 -14.128 -14.198 -14.125 -13.95 -13.924 -14.165 -14.177 -14.075 -13.922 -14.187 -14.184 -14.082 -13.971 -13.91 -14.144 -14.182 -14.133 -13.514 -13.11 -12.597 -14.134
0.262919 -12.34 -12.707 -13.172 -13.896 -14.154 -14.233 -13.535 -13.951 -14.154 -14.231 -14.162 -13.991 -13.942 -14.193 -14.212 -14.114 -13.964 -14.216 -14.22 -14.122 -14.013 -13.952 -14.178 -14.213 -14.17 -13.56 -13.158 -12.647 -14.168
0.270871 -12.328 -12.699 -13.174 -13.912 -14.179 -14.265 -13.551 -13.968 -14.179 -14.263 -14.199 -14.032 -13.959 -14.221 -14.247 -14.153 -14.006 -14.245 -14.255 -14.161 -14.054 -13.995 -14.213 -14.244 -14.207 -13.605 -13.206 -12.696 -14.201
0.279064 -12.316 -12.69 -13.175 -13.928 -14.204 -14.297 -13.566 -13.985 -14.204 -14.295 -14.236 -14.074 -13.976 -14.248 -14.282 -14.192 -14.048 -14.273 -14.29 -14.199 -14.095 -14.037 -14.247 -14.275 -14.243 -13.651 -13.254 -12.746 -14.234
0.287504 -12.304 -12.68 -13.175 -13.943 -14.228 -14.328 -13.581 -14.002 -14.228 -14.326 -14.273 -14.115 -13.992 -14.275 -14.317 -14.231 -14.09 -14.301 -14.324 -14.238 -14.136 -14.079 -14.28 -14.305 -14.28 -13.697 -13.302 -12.795 -14.267
0.296199 -12.29 -12.669 -13.175 -13.957 -14.252 -14.359 -13.596 -14.018 -14.252 -14.357 -14.309 -14.155 -14.007 -14.301 -14.351 -14.269 -14.131 -14.328 -14.359 -14.277 -14.177 -14.121 -14.314 -14.335 -14.316 -13.742 -13.35 -12.845 -14.3
0.305157 -12.276 -12.657 -13.174 -13.971 -14.276 -14.39 -13.61 -14.033 -14.276 -14.388 -14.345 -14.196 -14.022 -14.327 -14.385 -14.307 -14.172 -14.355 -14.393 -14.315 -14.217 -14.163 -14.347 -14.364 -14.352 -13.788 -13.397 -12.894 -14.332
0.314387 -12.262 -12.645 -13.173 -13.984 -14.298 -14.42 -13.624 -14.048 -14.299 -14.419 -14.381 -14.236 -14.037 -14.353 -14.419 -14.345 -14.213 -14.382 -14.426 -14.353 -14.258 -14.204 -14.38 -14.394 -14.387 -13.833 -13.445 -12.944 -14.364
0.323895 -12.246 -12.632 -13.171 -13.997 -14.321 -14.45 -13.638 -14.063 -14.321 -14.449 -14.417 -14.276 -14.051 -14.378 -14.452 -14.383 -14.254 -14.408 -14.46 -14.39 -14.298 -14.246 -14.412 -14.423 -14.422 -13.878 -13.492 -12.993 -14.395
0.333691 -12.23 -12.617 -13.168 -14.009 -14.343 -14.48 -13.651 -14.077 -14.344 -14.479 -14.452 -14.316 -14.064 -14.403 -14.485 -14.42 -14.294 -14.434 -14.493 -14.428 -14.338 -14.287 -14.445 -14.451 -14.457 -13.923 -13.539 -13.042 -14.427
0.343783 -12.213 -12.602 -13.164 -14.02 -14.365 -14.509 -13.664 -14.09 -14.365 -14.508 -14.487 -14.356 -14.077 -14.427 -14.518 -14.457 -14.335 -14.46 -14.526 -14.465 -14.378 -14.328 -14.477 -14.479 -14.492 -13.968 -13.587 -13.091 -14.458
0.354181 -12.196 -12.586 -13.16 -14.031 -14.386 -14.538 -13.676 -14.103 -14.387 -14.537 -14.522 -14.396 -14.089 -14.451 -14.55 -14.494 -14.375 -14.485 -14.558 -14.502 -14.417 -14.369 -14.508 -14.507 -14.527 -14.012 -13.634 -13.14 -14.489
0.364893 -12.178 -12.569 -13.155 -14.042 -14.406 -14.567 -13.688 -14.115 -14.407 -14.566 -14.557 -14.435 -14.101 -14.475 -14.583 -14.531 -14.415 -14.51 -14.59 -14.539 -14.456 -14.41 -14.54 -14.535 -14.561 -14.057 -13.681 -13.189 -14.519
0.375929 -12.159 -12.552 -13.149 -14.051 -14.427 -14.595 -13.7 -14.126 -14.428 -14.594 -14.591 -14.474 -14.112 -14.498 -14.614 -14.567 -14.455 -14.534 -14.622 -14.575 -14.496 -14.45 -14.571 -14.562 -14.595 -14.101 -13.727 -13.238 -14.549
0.387298 -12.139 -12.533 -13.142 -14.06 -14.446 -14.623 -13.711 -14.137 -14.448 -14.622 -14.625 -14.513 -14.122 -14.52 -14.646 -14.604 -14.494 -14.558 -14.654 -14.612 -14.534 -14.49 -14.601 -14.588 -14.628 -14.146 -13.774 -13.287 -14.579
0.399012 -12.119 -12.513 -13.135 -14.069 -14.465 -14.65 -13.722 -14.147 -14.467 -14.65 -14.658 -14.551 -14.132 -14.543 -14.677 -14.639 -14.533 -14.581 -14.685 -14.647 -14.573 -14.531 -14.632 -14.615 -14.661 -14.19 -13.821 -13.335 -14.609
0.41108 -12.097 -12.492 -13.127 -14.076 -14.484 -14.677 -13.733 -14.157 -14.486 -14.677 -14.692 -14.59 -14.141 -14.564 -14.708 -14.675 -14.573 -14.604 -14.716 -14.683 -14.612 -14.571 -14.662 -14.64 -14.694 -14.234 -13.867 -13.384 -14.638
0.423513 -12.076 -12.47 -13.118 -14.084 -14.502 -14.703 -13.743 -14.166 -14.504 -14.704 -14.725 -14.628 -14.15 -14.586 -14.738 -14.71 -14.611 -14.627 -14.746 -14.719 -14.65 -14.61 -14.692 -14.666 -14.727 -14.277 -13.914 -13.432 -14.667
0.436321 -12.053 -12.448 -13.109 -14.09 -14.52 -14.73 -13.752 -14.174 -14.522 -14.73 -14.757 -14.666 -14.157 -14.606 -14.768 -14.745 -14.65 -14.649 -14.777 -14.754 -14.688 -14.65 -14.721 -14.691 -14.759 -14.321 -13.96 -13.481 -14.696
0.449518 -12.03 -12.424 -13.098 -14.096 -14.537 -14.755 -13.762 -14.182 -14.539 -14.756 -14.79 -14.704 -14.164 -14.627 -14.798 -14.78 -14.688 -14.67 -14.806 -14.788 -14.725 -14.689 -14.75 -14.715 -14.791 -14.364 -14.006 -13.529 -14.724
0.463113 -12.006 -12.399 -13.087 -14.1 -14.553 -14.78 -13.77 -14.189 -14.555 -14.781 -14.822 -14.741 -14.171 -14.646 -14.827 -14.815 -14.726 -14.691 -14.836 -14.823 -14.763 -14.728 -14.779 -14.74 -14.823 -14.408 -14.052 -13.577 -14.752
0.47712 -11.981 -12.373 -13.075 -14.105 -14.569 -14.805 -13.779 -14.195 -14.572 -14.806 -14.853 -14.778 -14.176 -14.665 -14.856 -14.849 -14.764 -14.712 -14.865 -14.857 -14.8 -14.767 -14.807 -14.763 -14.854 -14.451 -14.098 -13.625 -14.779
0.49155 -11.955 -12.346 -13.062 -14.108 -14.584 -14.83 -13.787 -14.201 -14.587 -14.831 -14.885 -14.815 -14.181 -14.684 -14.885 -14.883 -14.802 -14.732 -14.893 -14.891 -14.837 -14.806 -14.835 -14.787 -14.885 -14.494 -14.144 -13.673 -14.806
0.506416 -11.929 -12.318 -13.048 -14.111 -14.599 -14.853 -13.794 -14.206 -14.602 -14.855 -14.916 -14.852 -14.186 -14.702 -14.913 -14.916 -14.839 -14.752 -14.922 -14.925 -14.874 -14.844 -14.863 -14.809 -14.915 -14.536 -14.189 -13.721 -14.833
0.521733 -11.902 -12.289 -13.033 -14.113 -14.613 -14.877 -13.801 -14.21 -14.616 -14.879 -14.946 -14.888 -14.189 -14.72 -14.941 -14.949 -14.876 -14.771 -14.949 -14.958 -14.91 -14.882 -14.89 -14.832 -14.945 -14.579 -14.235 -13.769 -14.859
0.537512 -11.874 -12.258 -13.018 -14.114 -14.626 -14.9 -13.808 -14.213 -14.63 -14.902 -14.976 -14.924 -14.192 -14.737 -14.968 -14.982 -14.913 -14.789 -14.977 -14.991 -14.946 -14.92 -14.916 -14.853 -14.975 -14.621 -14.28 -13.817 -14.885
0.553769 -11.846 -12.227 -13.001 -14.114 -14.639 -14.922 -13.814 -14.216 -14.643 -14.925 -15.006 -14.96 -14.194 -14.753 -14.995 -15.014 -14.95 -14.807 -15.004 -15.023 -14.982 -14.958 -14.943 -14.875 -15.005 -14.664 -14.325 -13.864 -14.911
