web/models/kne.last_good/kappa_0.5_3.0.v1/10/villar_0.1443_0.1240_0.5000.dat
# %ECSV 1.0
# ---
# datatype:
# - {name: time, datatype: float64}
# - {name: swift_uvot_uvw2, datatype: float64}
# - {name: swift_uvot_uvm2, datatype: float64}
# - {name: swift_uvot_uvw1, datatype: float64}
# - {name: swift_uvot_U, datatype: float64}
# - {name: swift_uvot_B, datatype: float64}
# - {name: swift_uvot_V, datatype: float64}
# - {name: swift_uvot_W, datatype: float64}
# - {name: johnson_U, datatype: float64}
# - {name: johnson_B, datatype: float64}
# - {name: johnson_V, datatype: float64}
# - {name: johnson_R, datatype: float64}
# - {name: johnson_I, datatype: float64}
# - {name: sdss_u, datatype: float64}
# - {name: sdss_g, datatype: float64}
# - {name: sdss_r, datatype: float64}
# - {name: sdss_i, datatype: float64}
# - {name: sdss_z, datatype: float64}
# - {name: PS1_g, datatype: float64}
# - {name: PS1_r, datatype: float64}
# - {name: PS1_i, datatype: float64}
# - {name: PS1_z, datatype: float64}
# - {name: PS1_Y, datatype: float64}
# - {name: PS1_w, datatype: float64}
# - {name: ATLAS_c, datatype: float64}
# - {name: ATLAS_o, datatype: float64}
# - {name: ukirt_J, datatype: float64}
# - {name: ukirt_H, datatype: float64}
# - {name: ukirt_K, datatype: float64}
# - {name: Clear, datatype: float64}
# meta: !!omap
# - comment: [kappa = 0.5, type = villar, mass = 0.1442699905917794, velocity = 0.124, theta_obs = 0.0]
# schema: astropy-2.0
time swift_uvot_uvw2 swift_uvot_uvm2 swift_uvot_uvw1 swift_uvot_U swift_uvot_B swift_uvot_V swift_uvot_W johnson_U johnson_B johnson_V johnson_R johnson_I sdss_u sdss_g sdss_r sdss_i sdss_z PS1_g PS1_r PS1_i PS1_z PS1_Y PS1_w ATLAS_c ATLAS_o ukirt_J ukirt_H ukirt_K Clear
[from data line 356]
40.431627 60.07 65.285 88.52 99.086 87.258 79.269 62.338 97.043 84.972 77.221 68.864 63.877 98.357 83.203 74.355 68.835 64.37 58.804 59.009 58.987 58.572 56.826 70.073 76.625 69.808 58.643 55.142 52.517 57.04
41.654454 64.304 69.52 92.754 103.321 91.492 83.504 66.572 101.277 89.206 81.455 73.098 68.111 102.591 87.437 78.589 73.069 68.604 63.038 63.243 63.222 62.806 61.06 74.307 80.859 74.042 62.877 59.377 56.751 61.275
42.914265 68.798 74.014 97.249 107.815 95.986 87.998 71.067 105.772 93.7 85.949 77.593 72.606 107.086 91.931 83.083 77.564 73.098 67.533 67.737 67.716 67.3 65.555 78.802 85.353 78.536 67.371 63.871 61.245 65.769
44.212178 73.568 78.784 102.019 112.585 100.756 92.768 75.837 110.542 98.471 90.719 82.363 77.376 111.856 96.701 87.853 82.334 77.868 72.303 72.507 72.486 72.071 70.325 83.572 90.123 83.306 72.142 68.641 66.015 70.539
45.549345 78.631 83.847 107.082 117.648 105.819 97.831 80.9 115.605 103.534 95.782 87.426 82.439 116.919 101.764 92.916 87.397 82.931 77.366 77.57 77.549 77.134 75.388 88.635 95.186 88.369 77.205 73.704 71.078 75.602
46.926954 84.005 89.221 112.456 123.022 111.193 103.205 86.274 120.979 108.907 101.156 92.8 87.813 122.293 107.138 98.29 92.771 88.305 82.74 82.944 82.923 82.508 80.762 94.009 100.56 93.743 82.579 79.078 76.452 80.976
48.346227 89.709 94.925 118.16 128.726 116.897 108.909 91.977 126.683 114.611 106.86 98.504 93.517 127.997 112.842 103.994 98.475 94.009 88.443 88.648 88.627 88.211 86.466 99.713 106.264 99.447 88.282 84.782 82.156 86.68
49.808426 95.763 100.979 124.214 134.78 122.951 114.963 98.032 132.737 120.666 112.914 104.558 99.571 134.051 118.896 110.048 104.529 100.063 94.498 94.702 94.681 94.266 92.52 105.767 112.318 105.501 94.337 90.836 88.21 92.734
51.314848 102.189 107.405 130.64 141.206 129.377 121.389 104.458 139.163 127.091 119.34 110.984 105.997 140.477 125.322 116.474 110.955 106.489 100.924 101.128 101.107 100.691 98.946 112.193 118.744 111.927 100.762 97.262 94.636 99.16
52.86683 109.01 114.225 137.46 148.026 136.198 128.209 111.278 145.983 133.912 126.161 117.804 112.817 147.297 132.143 123.295 117.775 113.309 107.744 107.949 107.927 107.512 105.766 119.013 125.564 118.748 107.583 104.082 101.456 105.98
54.465752 116.249 121.464 144.699 155.265 143.437 135.449 118.517 153.222 141.151 133.4 125.043 120.056 154.536 139.382 130.534 125.014 120.549 114.983 115.188 115.166 114.751 113.005 126.252 132.804 125.987 114.822 111.321 108.696 113.219
56.113031 123.933 129.148 152.383 162.949 151.121 143.132 126.201 160.906 148.835 141.084 132.727 127.74 162.22 147.066 138.218 132.698 128.232 122.667 122.872 122.85 122.435 120.689 133.936 140.487 133.671 122.506 119.005 116.379 120.903
57.810132 132.088 137.304 160.539 171.105 159.276 151.288 134.357 169.062 156.99 149.239 140.883 135.896 170.376 155.221 146.373 140.854 136.388 130.823 131.027 131.006 130.59 128.845 142.092 148.643 141.826 130.661 127.161 124.535 129.059
59.55856 140.744 145.96 169.195 179.761 167.932 159.944 143.013 177.718 165.647 157.895 149.539 144.552 179.032 163.877 155.03 149.51 145.044 139.479 139.684 139.662 139.247 137.501 150.748 157.299 150.483 139.318 135.817 133.191 137.715
61.359868 149.932 155.148 178.383 188.949 177.12 169.132 152.201 186.906 174.835 167.083 158.727 153.74 188.22 173.065 164.218 158.698 154.232 148.667 148.872 148.85 148.435 146.689 159.936 166.487 159.67 148.506 145.005 142.379 146.903
63.215655 159.684 164.9 188.135 198.701 186.872 178.884 161.953 196.658 184.587 176.835 168.479 163.492 197.972 182.817 173.97 168.45 163.984 158.419 158.624 158.602 158.187 156.441 169.688 176.239 169.423 158.258 154.757 152.131 156.655
65.127569 170.035 175.251 198.486 209.052 197.223 189.235 172.304 207.009 194.938 187.186 178.83 173.843 208.323 193.168 184.32 178.801 174.335 168.77 168.974 168.953 168.538 166.792 180.039 186.59 179.773 168.609 165.108 162.482 167.006
67.097308 181.022 186.237 209.472 220.038 208.21 200.221 183.29 217.995 205.924 198.173 189.816 184.829 219.309 204.155 195.307 189.787 185.322 179.756 179.961 179.939 179.524 177.778 191.025 197.577 190.76 179.595 176.094 173.469 177.992
69.126621 192.683 197.898 221.133 231.699 219.871 211.882 194.951 229.656 217.585 209.834 201.477 196.49 230.97 215.816 206.968 201.448 196.983 191.417 191.622 191.6 191.185 189.439 202.686 209.238 202.421 191.256 187.755 185.13 189.653
71.217308 205.06 210.275 233.51 244.076 232.248 224.259 207.328 242.033 229.962 222.211 213.854 208.867 243.347 228.193 219.345 213.825 209.36 203.794 203.999 203.977 203.562 201.816 215.063 221.615 214.798 203.633 200.132 197.507 202.03
73.371227 218.197 223.412 246.647 257.213 245.385 237.397 220.465 255.17 243.099 235.348 226.991 222.004 256.484 241.33 232.482 226.962 222.497 216.931 217.136 217.114 216.699 214.953 228.2 234.752 227.935 216.77 213.27 210.644 215.167
75.59029 232.141 237.356 260.591 271.157 259.329 251.34 234.409 269.114 257.043 249.291 240.935 235.948 270.428 255.274 246.426 240.906 236.44 230.875 231.08 231.058 230.643 228.897 242.144 248.695 241.879 230.714 227.213 224.587 229.111
77.876467 246.94 252.156 275.391 285.957 274.128 266.14 249.209 283.914 271.843 264.091 255.735 250.748 285.228 270.073 261.226 255.706 251.24 245.675 245.88 245.858 245.443 243.697 256.944 263.495 256.679 245.514 242.013 239.387 243.911
80.231787 262.649 267.865 291.1 301.666 289.837 281.849 264.917 299.623 287.551 279.8 271.444 266.457 300.937 285.782 276.934 271.415 266.949 261.384 261.588 261.567 261.151 259.406 272.653 279.204 272.387 261.222 257.722 255.096 259.62
82.658343 279.322 284.538 307.773 318.339 306.51 298.522 281.591 316.296 304.225 296.473 288.117 283.13 317.61 302.455 293.608 288.088 283.622 278.057 278.261 278.24 277.825 276.079 289.326 295.877 289.06 277.896 274.395 271.769 276.293
85.158288 297.019 302.235 325.47 336.036 324.207 316.219 299.288 333.993 321.922 314.17 305.814 300.827 335.307 320.152 311.305 305.785 301.319 295.754 295.958 295.937 295.522 293.776 307.023 313.574 306.757 295.593 292.092 289.466 293.99
87.733843 315.803 321.019 344.254 354.82 342.991 335.003 318.071 352.776 340.705 332.954 324.597 319.611 354.091 338.936 330.088 324.568 320.103 314.537 314.742 314.721 314.305 312.559 325.806 332.358 325.541 314.376 310.876 308.25 312.774
90.387293 335.74 340.956 364.191 374.757 362.928 354.94 338.008 372.714 360.642 352.891 344.534 339.548 374.028 358.873 350.025 344.506 340.04 334.474 334.679 334.658 334.242 332.497 345.743 352.295 345.478 334.313 330.813 328.187 332.711
93.120995 356.901 362.117 385.352 395.918 384.089 376.101 359.17 393.875 381.804 374.052 365.696 360.709 395.189 380.034 371.187 365.667 361.201 355.636 355.84 355.819 355.404 353.658 366.905 373.456 366.639 355.475 351.974 349.348 353.872
95.937376 379.362 384.578 407.813 418.379 406.55 398.562 381.63 416.335 404.264 396.513 388.156 383.169 417.649 402.495 393.647 388.127 383.662 378.096 378.301 378.28 377.864 376.118 389.365 395.917 389.1 377.935 374.435 371.809 376.333
98.838937 403.202 408.417 431.652 442.218 430.39 422.401 405.47 440.175 428.104 420.353 411.996 407.009 441.489 426.335 417.487 411.967 407.502 401.936 402.141 402.119 401.704 399.958 413.205 419.757 412.94 401.775 398.274 395.649 400.172
101.828253 428.505 433.721 456.956 467.522 455.693 447.705 430.774 465.479 453.408 445.656 437.3 432.313 466.793 451.638 442.791 437.271 432.805 427.24 427.445 427.423 427.008 425.262 438.509 445.06 438.244 427.079 423.578 420.952 425.476
104.907979 455.363 460.578 483.813 494.379 482.551 474.562 457.631 492.336 480.265 472.514 464.157 459.17 493.65 478.496 469.648 464.128 459.663 454.097 454.302 454.28 453.865 452.119 465.366 471.918 465.101 453.936 450.435 447.81 452.333
108.080849 483.869 489.085 512.32 522.886 511.057 503.069 486.138 520.843 508.772 501.02 492.664 487.677 522.157 507.002 498.154 492.635 488.169 482.604 482.808 482.787 482.372 480.626 493.873 500.424 493.607 482.443 478.942 476.316 480.84
111.349681 514.126 519.342 542.577 553.143 541.314 533.326 516.395 551.1 539.028 531.277 522.921 517.934 552.414 537.259 528.411 522.892 518.426 512.861 513.065 513.044 512.629 510.883 524.13 530.681 523.864 512.7 509.199 506.573 511.097
114.717376 546.241 551.457 574.691 585.258 573.429 565.441 548.509 583.214 571.143 563.392 555.035 550.048 584.528 569.374 560.526 555.006 550.541 544.975 545.18 545.159 544.743 542.997 556.244 562.796 555.979 544.814 541.314 538.688 543.211
118.186925 580.328 585.543 608.778 619.344 607.516 599.527 582.596 617.301 605.23 597.479 589.122 584.135 618.615 603.461 594.613 589.093 584.627 579.062 579.267 579.245 578.83 577.084 590.331 596.883 590.066 578.901 575.4 572.775 577.298
121.761408 616.507 621.723 644.958 655.524 643.695 635.707 618.776 653.481 641.41 633.658 625.302 620.315 654.795 639.64 630.793 625.273 620.807 615.242 615.447 615.425 615.01 613.264 626.511 633.062 626.246 615.081 611.58 608.954 613.478
125.443999 654.909 660.124 683.359 693.925 682.097 674.108 657.177 691.882 679.811 672.06 663.703 658.716 693.196 678.042 669.194 663.674 659.209 653.643 653.848 653.826 653.411 651.665 664.912 671.464 664.647 653.482 649.981 647.356 651.879
129.237967 695.668 700.884 724.119 734.685 722.856 714.868 697.936 732.641 720.57 712.819 704.462 699.476 733.955 718.801 709.953 704.433 699.968 694.402 694.607 694.586 694.17 692.424 705.671 712.223 705.406 694.241 690.741 688.115 692.639
133.146681 738.93 744.146 767.381 777.947 766.118 758.13 741.198 775.904 763.832 756.081 747.724 742.738 777.218 762.063 753.215 747.695 743.23 737.664 737.869 737.848 737.432 735.687 748.933 755.485 748.668 737.503 734.003 731.377 735.901
137.173612 784.849 790.064 nan nan nan nan 787.117 nan nan nan nan 789.375 nan nan nan nan 791.458 783.583 783.788 783.766 783.353 781.608 nan nan nan 783.421 779.921 777.295 781.819
141.322334 784.849 790.064 nan nan nan nan 787.117 nan nan nan nan 789.375 nan nan nan nan 791.458 783.583 783.788 783.766 783.353 781.608 nan nan nan 783.421 779.921 777.295 781.819
145.596532 784.849 790.064 nan nan nan nan 787.117 nan nan nan nan 789.375 nan nan nan nan 791.458 783.583 783.788 783.766 783.353 781.608 nan nan nan 783.421 779.921 777.295 781.819
150.0 784.849 790.064 nan nan nan nan 787.117 nan nan nan nan 789.375 nan nan nan nan 791.458 783.583 783.788 783.766 783.353 781.608 nan nan nan 783.421 779.921 777.295 781.819
