web/models/kne.last_good/kappa_0.5_3.0.v1/10/villar_0.0035_0.2337_0.5000.dat
# %ECSV 1.0
# ---
# datatype:
# - {name: time, datatype: float64}
# - {name: swift_uvot_uvw2, datatype: float64}
# - {name: swift_uvot_uvm2, datatype: float64}
# - {name: swift_uvot_uvw1, datatype: float64}
# - {name: swift_uvot_U, datatype: float64}
# - {name: swift_uvot_B, datatype: float64}
# - {name: swift_uvot_V, datatype: float64}
# - {name: swift_uvot_W, datatype: float64}
# - {name: johnson_U, datatype: float64}
# - {name: johnson_B, datatype: float64}
# - {name: johnson_V, datatype: float64}
# - {name: johnson_R, datatype: float64}
# - {name: johnson_I, datatype: float64}
# - {name: sdss_u, datatype: float64}
# - {name: sdss_g, datatype: float64}
# - {name: sdss_r, datatype: float64}
# - {name: sdss_i, datatype: float64}
# - {name: sdss_z, datatype: float64}
# - {name: PS1_g, datatype: float64}
# - {name: PS1_r, datatype: float64}
# - {name: PS1_i, datatype: float64}
# - {name: PS1_z, datatype: float64}
# - {name: PS1_Y, datatype: float64}
# - {name: PS1_w, datatype: float64}
# - {name: ATLAS_c, datatype: float64}
# - {name: ATLAS_o, datatype: float64}
# - {name: ukirt_J, datatype: float64}
# - {name: ukirt_H, datatype: float64}
# - {name: ukirt_K, datatype: float64}
# - {name: Clear, datatype: float64}
# meta: !!omap
# - comment: [kappa = 0.5, type = villar, mass = 0.003465724215782086, velocity = 0.2336666666666667, theta_obs = 0.0]
# schema: astropy-2.0
time swift_uvot_uvw2 swift_uvot_uvm2 swift_uvot_uvw1 swift_uvot_U swift_uvot_B swift_uvot_V swift_uvot_W johnson_U johnson_B johnson_V johnson_R johnson_I sdss_u sdss_g sdss_r sdss_i sdss_z PS1_g PS1_r PS1_i PS1_z PS1_Y PS1_w ATLAS_c ATLAS_o ukirt_J ukirt_H ukirt_K Clear
[from data line 148]
0.082253 -11.244 -11.514 -11.77 -12.173 -12.236 -12.169 -11.87 -12.193 -12.234 -12.163 -11.99 -11.73 -12.192 -12.222 -12.081 -11.9 -11.691 -12.226 -12.09 -11.909 -11.754 -11.675 -12.07 -12.173 -12.004 -11.202 -10.756 -10.208 -12.082
0.084741 -11.244 -11.52 -11.782 -12.198 -12.268 -12.206 -11.891 -12.219 -12.266 -12.2 -12.031 -11.774 -12.218 -12.256 -12.12 -11.942 -11.735 -12.26 -12.129 -11.951 -11.798 -11.719 -12.108 -12.209 -12.045 -11.25 -10.805 -10.258 -12.119
0.087304 -11.244 -11.524 -11.794 -12.222 -12.299 -12.242 -11.911 -12.244 -12.297 -12.237 -12.071 -11.818 -12.243 -12.289 -12.159 -11.984 -11.78 -12.294 -12.168 -11.993 -11.841 -11.763 -12.147 -12.245 -12.085 -11.297 -10.854 -10.309 -12.156
0.089944 -11.243 -11.528 -11.805 -12.246 -12.33 -12.279 -11.931 -12.269 -12.328 -12.273 -12.111 -11.861 -12.268 -12.322 -12.198 -12.026 -11.824 -12.327 -12.207 -12.034 -11.885 -11.807 -12.184 -12.28 -12.125 -11.344 -10.903 -10.359 -12.193
0.092665 -11.241 -11.53 -11.816 -12.269 -12.361 -12.315 -11.951 -12.294 -12.359 -12.309 -12.151 -11.904 -12.292 -12.354 -12.237 -12.068 -11.867 -12.36 -12.245 -12.076 -11.928 -11.851 -12.222 -12.315 -12.165 -11.391 -10.951 -10.409 -12.23
0.095467 -11.239 -11.532 -11.826 -12.291 -12.391 -12.35 -11.97 -12.318 -12.389 -12.345 -12.191 -11.948 -12.315 -12.386 -12.275 -12.109 -11.911 -12.393 -12.283 -12.117 -11.971 -11.895 -12.259 -12.35 -12.204 -11.438 -11.0 -10.459 -12.266
0.098355 -11.235 -11.533 -11.835 -12.313 -12.42 -12.386 -11.988 -12.341 -12.418 -12.38 -12.231 -11.99 -12.338 -12.418 -12.313 -12.15 -11.954 -12.426 -12.321 -12.158 -12.013 -11.938 -12.296 -12.384 -12.243 -11.484 -11.048 -10.508 -12.302
0.101329 -11.231 -11.533 -11.843 -12.335 -12.449 -12.42 -12.006 -12.364 -12.448 -12.415 -12.27 -12.033 -12.361 -12.449 -12.35 -12.191 -11.997 -12.457 -12.358 -12.199 -12.056 -11.981 -12.332 -12.418 -12.282 -11.531 -11.096 -10.558 -12.338
0.104394 -11.225 -11.532 -11.85 -12.355 -12.478 -12.455 -12.024 -12.386 -12.476 -12.45 -12.309 -12.076 -12.382 -12.48 -12.387 -12.231 -12.04 -12.489 -12.396 -12.239 -12.098 -12.024 -12.369 -12.451 -12.321 -11.577 -11.145 -10.608 -12.373
0.107551 -11.219 -11.53 -11.857 -12.375 -12.506 -12.489 -12.041 -12.407 -12.504 -12.484 -12.347 -12.118 -12.404 -12.51 -12.424 -12.272 -12.083 -12.52 -12.432 -12.28 -12.14 -12.067 -12.404 -12.484 -12.359 -11.623 -11.192 -10.657 -12.408
0.110804 -11.212 -11.527 -11.862 -12.395 -12.534 -12.523 -12.057 -12.428 -12.532 -12.518 -12.385 -12.16 -12.424 -12.54 -12.461 -12.312 -12.126 -12.551 -12.469 -12.319 -12.182 -12.109 -12.44 -12.517 -12.397 -11.669 -11.24 -10.706 -12.442
0.114155 -11.203 -11.523 -11.867 -12.414 -12.561 -12.556 -12.073 -12.448 -12.559 -12.551 -12.423 -12.201 -12.444 -12.569 -12.497 -12.351 -12.168 -12.581 -12.505 -12.359 -12.224 -12.152 -12.475 -12.549 -12.435 -11.715 -11.288 -10.756 -12.476
0.117608 -11.194 -11.518 -11.871 -12.432 -12.587 -12.589 -12.088 -12.468 -12.586 -12.584 -12.461 -12.243 -12.463 -12.598 -12.532 -12.39 -12.21 -12.61 -12.54 -12.398 -12.265 -12.194 -12.51 -12.581 -12.472 -11.76 -11.335 -10.805 -12.51
0.121165 -11.183 -11.512 -11.874 -12.449 -12.613 -12.621 -12.103 -12.486 -12.612 -12.617 -12.498 -12.284 -12.482 -12.626 -12.568 -12.429 -12.251 -12.639 -12.576 -12.437 -12.306 -12.235 -12.544 -12.612 -12.509 -11.806 -11.383 -10.854 -12.543
0.124829 -11.171 -11.505 -11.876 -12.465 -12.638 -12.653 -12.117 -12.504 -12.637 -12.649 -12.534 -12.324 -12.499 -12.654 -12.603 -12.468 -12.293 -12.668 -12.611 -12.476 -12.346 -12.277 -12.578 -12.643 -12.545 -11.851 -11.43 -10.902 -12.576
0.128605 -11.159 -11.496 -11.877 -12.481 -12.663 -12.685 -12.13 -12.522 -12.662 -12.68 -12.571 -12.365 -12.516 -12.681 -12.637 -12.506 -12.334 -12.696 -12.645 -12.514 -12.387 -12.318 -12.611 -12.673 -12.581 -11.896 -11.477 -10.951 -12.609
0.132494 -11.144 -11.486 -11.877 -12.496 -12.687 -12.715 -12.143 -12.538 -12.686 -12.711 -12.607 -12.405 -12.532 -12.707 -12.671 -12.544 -12.374 -12.723 -12.679 -12.552 -12.427 -12.359 -12.644 -12.703 -12.617 -11.94 -11.524 -10.999 -12.641
0.136502 -11.129 -11.475 -11.876 -12.51 -12.71 -12.746 -12.155 -12.554 -12.709 -12.742 -12.642 -12.445 -12.547 -12.733 -12.705 -12.582 -12.415 -12.75 -12.712 -12.589 -12.467 -12.4 -12.677 -12.732 -12.652 -11.985 -11.57 -11.048 -12.672
0.14063 -11.113 -11.462 -11.874 -12.523 -12.733 -12.776 -12.167 -12.568 -12.732 -12.772 -12.677 -12.484 -12.562 -12.758 -12.738 -12.619 -12.455 -12.776 -12.745 -12.627 -12.506 -12.44 -12.709 -12.761 -12.687 -12.029 -11.616 -11.096 -12.703
0.144883 -11.095 -11.448 -11.871 -12.535 -12.755 -12.805 -12.177 -12.582 -12.754 -12.801 -12.712 -12.523 -12.575 -12.783 -12.77 -12.656 -12.494 -12.802 -12.778 -12.663 -12.545 -12.48 -12.74 -12.789 -12.721 -12.073 -11.663 -11.144 -12.734
0.149265 -11.075 -11.433 -11.866 -12.546 -12.776 -12.833 -12.187 -12.595 -12.775 -12.83 -12.746 -12.562 -12.588 -12.807 -12.802 -12.692 -12.534 -12.827 -12.81 -12.699 -12.584 -12.52 -12.771 -12.816 -12.755 -12.116 -11.709 -11.192 -12.764
0.15378 -11.055 -11.416 -11.86 -12.556 -12.796 -12.861 -12.196 -12.607 -12.795 -12.858 -12.78 -12.6 -12.599 -12.83 -12.834 -12.728 -12.573 -12.851 -12.841 -12.735 -12.622 -12.559 -12.802 -12.843 -12.788 -12.16 -11.754 -11.239 -12.793
0.15843 -11.032 -11.397 -11.853 -12.565 -12.815 -12.889 -12.205 -12.618 -12.815 -12.886 -12.813 -12.638 -12.61 -12.852 -12.865 -12.763 -12.611 -12.874 -12.872 -12.771 -12.66 -12.598 -12.832 -12.869 -12.821 -12.203 -11.8 -11.287 -12.822
0.163222 -11.008 -11.377 -11.845 -12.573 -12.834 -12.915 -12.212 -12.628 -12.834 -12.912 -12.846 -12.676 -12.619 -12.873 -12.895 -12.798 -12.649 -12.897 -12.902 -12.805 -12.697 -12.637 -12.861 -12.895 -12.853 -12.245 -11.845 -11.334 -12.85
0.168159 -10.983 -11.355 -11.835 -12.58 -12.852 -12.941 -12.219 -12.637 -12.851 -12.938 -12.878 -12.713 -12.627 -12.894 -12.924 -12.832 -12.687 -12.919 -12.932 -12.84 -12.734 -12.675 -12.889 -12.919 -12.885 -12.288 -11.89 -11.381 -12.877
0.173245 -10.956 -11.331 -11.823 -12.586 -12.868 -12.966 -12.224 -12.644 -12.868 -12.964 -12.909 -12.749 -12.635 -12.914 -12.953 -12.866 -12.724 -12.94 -12.961 -12.873 -12.771 -12.713 -12.917 -12.943 -12.916 -12.33 -11.934 -11.427 -12.904
0.178484 -10.927 -11.305 -11.81 -12.59 -12.884 -12.991 -12.229 -12.651 -12.884 -12.988 -12.94 -12.785 -12.64 -12.933 -12.982 -12.899 -12.761 -12.96 -12.989 -12.907 -12.807 -12.751 -12.945 -12.966 -12.946 -12.371 -11.979 -11.474 -12.93
0.183882 -10.896 -11.278 -11.795 -12.593 -12.899 -13.014 -12.233 -12.656 -12.899 -13.012 -12.97 -12.821 -12.645 -12.951 -13.009 -12.932 -12.797 -12.979 -13.017 -12.939 -12.842 -12.787 -12.971 -12.988 -12.976 -12.413 -12.022 -11.52 -12.956
0.189444 -10.864 -11.248 -11.779 -12.595 -12.912 -13.037 -12.235 -12.66 -12.913 -13.035 -12.999 -12.855 -12.648 -12.967 -13.036 -12.964 -12.833 -12.997 -13.044 -12.971 -12.877 -12.824 -12.997 -13.01 -13.005 -12.454 -12.066 -11.566 -12.98
0.195173 -10.829 -11.216 -11.761 -12.595 -12.925 -13.058 -12.237 -12.662 -12.925 -13.057 -13.028 -12.89 -12.65 -12.983 -13.062 -12.995 -12.868 -13.014 -13.07 -13.002 -12.911 -12.86 -13.022 -13.03 -13.033 -12.494 -12.109 -11.611 -13.004
0.201076 -10.793 -11.181 -11.741 -12.594 -12.936 -13.079 -12.237 -12.663 -12.937 -13.078 -13.056 -12.923 -12.65 -12.998 -13.087 -13.025 -12.902 -13.03 -13.095 -13.033 -12.945 -12.895 -13.046 -13.049 -13.061 -12.534 -12.152 -11.657 -13.027
0.207158 -10.754 -11.145 -11.719 -12.591 -12.946 -13.099 -12.236 -12.662 -12.947 -13.098 -13.083 -12.957 -12.649 -13.011 -13.111 -13.055 -12.936 -13.045 -13.119 -13.063 -12.978 -12.93 -13.069 -13.068 -13.087 -12.574 -12.195 -11.702 -13.049
0.213423 -10.713 -11.105 -11.695 -12.586 -12.954 -13.117 -12.233 -12.66 -12.956 -13.117 -13.109 -12.989 -12.646 -13.024 -13.134 -13.084 -12.969 -13.059 -13.142 -13.092 -13.01 -12.964 -13.091 -13.085 -13.113 -12.613 -12.237 -11.746 -13.071
0.219878 -10.67 -11.063 -11.668 -12.58 -12.962 -13.135 -12.23 -12.656 -12.963 -13.134 -13.134 -13.021 -12.641 -13.035 -13.157 -13.112 -13.002 -13.072 -13.164 -13.12 -13.042 -12.998 -13.112 -13.101 -13.138 -12.651 -12.279 -11.79 -13.091
0.226528 -10.624 -11.019 -11.64 -12.572 -12.967 -13.151 -12.225 -12.65 -12.969 -13.151 -13.159 -13.051 -12.635 -13.044 -13.178 -13.14 -13.033 -13.083 -13.186 -13.148 -13.073 -13.03 -13.133 -13.116 -13.162 -12.689 -12.32 -11.834 -13.11
0.233379 -10.576 -10.971 -11.609 -12.561 -12.971 -13.166 -12.218 -12.642 -12.973 -13.166 -13.182 -13.082 -12.626 -13.052 -13.198 -13.166 -13.064 -13.093 -13.206 -13.174 -13.103 -13.063 -13.152 -13.129 -13.185 -12.726 -12.361 -11.878 -13.128
0.240437 -10.525 -10.92 -11.575 -12.549 -12.974 -13.18 -12.21 -12.633 -12.976 -13.18 -13.204 -13.111 -12.616 -13.059 -13.217 -13.192 -13.094 -13.101 -13.225 -13.2 -13.133 -13.094 -13.17 -13.142 -13.207 -12.763 -12.401 -11.921 -13.145
0.247709 -10.472 -10.866 -11.539 -12.534 -12.974 -13.192 -12.2 -12.621 -12.977 -13.193 -13.226 -13.139 -12.603 -13.064 -13.235 -13.216 -13.124 -13.108 -13.243 -13.224 -13.161 -13.125 -13.187 -13.152 -13.227 -12.799 -12.441 -11.964 -13.16
0.255201 -10.415 -10.808 -11.5 -12.517 -12.973 -13.203 -12.188 -12.607 -12.976 -13.204 -13.246 -13.167 -12.588 -13.067 -13.251 -13.239 -13.152 -13.113 -13.259 -13.248 -13.189 -13.154 -13.202 -13.162 -13.247 -12.835 -12.48 -12.006 -13.175
0.262919 -10.355 -10.747 -11.458 -12.498 -12.97 -13.212 -12.175 -12.59 -12.973 -13.213 -13.265 -13.193 -12.571 -13.069 -13.266 -13.262 -13.18 -13.116 -13.274 -13.27 -13.215 -13.183 -13.216 -13.169 -13.265 -12.869 -12.519 -12.047 -13.188
0.270871 -10.293 -10.682 -11.412 -12.476 -12.965 -13.22 -12.16 -12.571 -12.968 -13.221 -13.282 -13.218 -12.551 -13.068 -13.279 -13.283 -13.206 -13.117 -13.288 -13.291 -13.24 -13.211 -13.229 -13.175 -13.282 -12.903 -12.557 -12.089 -13.199
0.279064 -10.227 -10.612 -11.364 -12.451 -12.957 -13.225 -12.142 -12.549 -12.96 -13.227 -13.298 -13.242 -12.528 -13.066 -13.291 -13.302 -13.231 -13.117 -13.3 -13.311 -13.265 -13.238 -13.24 -13.18 -13.297 -12.937 -12.594 -12.129 -13.209
0.287504 -10.158 -10.538 -11.312 -12.423 -12.947 -13.229 -12.122 -12.524 -12.951 -13.232 -13.313 -13.266 -12.503 -13.061 -13.302 -13.321 -13.255 -13.114 -13.31 -13.33 -13.288 -13.264 -13.249 -13.182 -13.311 -12.969 -12.63 -12.169 -13.218
0.296199 -10.085 -10.46 -11.256 -12.392 -12.935 -13.231 -12.1 -12.497 -12.939 -13.234 -13.326 -13.287 -12.474 -13.054 -13.31 -13.337 -13.278 -13.11 -13.319 -13.347 -13.31 -13.289 -13.257 -13.182 -13.323 -13.0 -12.666 -12.209 -13.225
0.305157 -10.008 -10.377 -11.196 -12.358 -12.92 -13.231 -12.076 -12.466 -12.924 -13.234 -13.337 -13.308 -12.442 -13.044 -13.317 -13.353 -13.3 -13.102 -13.326 -13.362 -13.33 -13.312 -13.263 -13.18 -13.334 -13.031 -12.701 -12.247 -13.229
0.314387 -9.928 -10.288 -11.132 -12.32 -12.902 -13.228 -12.049 -12.432 -12.907 -13.232 -13.346 -13.327 -12.406 -13.032 -13.321 -13.366 -13.32 -13.093 -13.331 -13.376 -13.35 -13.334 -13.267 -13.176 -13.343 -13.06 -12.735 -12.286 -13.232
0.323895 -9.844 -10.194 -11.064 -12.279 -12.881 -13.223 -12.019 -12.394 -12.886 -13.227 -13.354 -13.344 -12.367 -13.017 -13.324 -13.378 -13.339 -13.08 -13.333 -13.388 -13.367 -13.355 -13.269 -13.169 -13.35 -13.088 -12.769 -12.323 -13.233
0.333691 -9.756 -10.093 -10.991 -12.233 -12.857 -13.215 -11.986 -12.352 -12.862 -13.22 -13.359 -13.36 -12.324 -12.999 -13.324 -13.388 -13.356 -13.065 -13.334 -13.398 -13.383 -13.374 -13.269 -13.16 -13.354 -13.115 -12.801 -12.359 -13.232
0.343783 -9.663 -9.987 -10.912 -12.183 -12.829 -13.205 -11.95 -12.306 -12.835 -13.211 -13.363 -13.374 -12.277 -12.978 -13.322 -13.396 -13.371 -13.047 -13.332 -13.407 -13.397 -13.392 -13.266 -13.148 -13.357 -13.141 -12.833 -12.395 -13.229
0.354181 -9.567 -9.874 -10.829 -12.128 -12.798 -13.192 -11.911 -12.255 -12.804 -13.198 -13.364 -13.386 -12.225 -12.954 -13.317 -13.402 -13.385 -13.026 -13.327 -13.413 -13.41 -13.408 -13.261 -13.133 -13.357 -13.166 -12.863 -12.43 -13.223
0.364893 -9.466 -9.753 -10.74 -12.069 -12.763 -13.175 -11.868 -12.2 -12.77 -13.182 -13.362 -13.396 -12.168 -12.926 -13.31 -13.406 -13.396 -13.001 -13.32 -13.417 -13.42 -13.423 -13.254 -13.115 -13.355 -13.189 -12.892 -12.464 -13.214
0.375929 -9.361 -9.625 -10.644 -12.004 -12.723 -13.155 -11.822 -12.14 -12.731 -13.163 -13.358 -13.404 -12.106 -12.894 -13.299 -13.407 -13.406 -12.972 -13.31 -13.418 -13.428 -13.435 -13.243 -13.093 -13.35 -13.21 -12.92 -12.497 -13.203
0.387298 -9.252 -9.488 -10.542 -11.934 -12.679 -13.132 -11.771 -12.074 -12.688 -13.14 -13.351 -13.41 -12.039 -12.858 -13.285 -13.405 -13.413 -12.939 -13.297 -13.417 -13.434 -13.446 -13.229 -13.068 -13.342 -13.23 -12.946 -12.529 -13.189
0.399012 -9.139 -9.342 -10.434 -11.857 -12.63 -13.104 -11.716 -12.002 -12.639 -13.113 -13.341 -13.414 -11.965 -12.817 -13.268 -13.401 -13.418 -12.902 -13.28 -13.413 -13.438 -13.454 -13.212 -13.039 -13.33 -13.248 -12.972 -12.56 -13.171
0.41108 -9.021 -9.187 -10.318 -11.774 -12.576 -13.072 -11.657 -11.924 -12.586 -13.082 -13.328 -13.414 -11.886 -12.772 -13.247 -13.394 -13.421 -12.861 -13.259 -13.406 -13.439 -13.46 -13.192 -13.006 -13.316 -13.265 -12.995 -12.589 -13.15
0.423513 -8.9 -9.022 -10.194 -11.684 -12.517 -13.036 -11.593 -11.84 -12.527 -13.047 -13.311 -13.412 -11.799 -12.721 -13.222 -13.383 -13.421 -12.814 -13.235 -13.396 -13.437 -13.463 -13.168 -12.968 -13.298 -13.279 -13.017 -12.617 -13.126
0.436321 -8.775 -8.846 -10.062 -11.586 -12.451 -12.995 -11.524 -11.748 -12.462 -13.007 -13.29 -13.407 -11.705 -12.665 -13.193 -13.369 -13.417 -12.763 -13.207 -13.382 -13.432 -13.464 -13.14 -12.926 -13.276 -13.291 -13.038 -12.644 -13.098
0.449518 -8.647 -8.658 -9.921 -11.48 -12.379 -12.949 -11.449 -11.648 -12.391 -12.961 -13.265 -13.399 -11.603 -12.603 -13.16 -13.351 -13.411 -12.705 -13.173 -13.364 -13.424 -13.462 -13.107 -12.878 -13.25 -13.301 -13.056 -12.67 -13.065
0.463113 -8.517 -8.458 -9.77 -11.366 -12.299 -12.896 -11.368 -11.539 -12.313 -12.91 -13.236 -13.387 -11.492 -12.535 -13.121 -13.329 -13.401 -12.642 -13.135 -13.343 -13.412 -13.457 -13.07 -12.824 -13.22 -13.308 -13.073 -12.693 -13.028
0.47712 -8.385 -8.243 -9.609 -11.242 -12.212 -12.838 -11.281 -11.422 -12.227 -12.853 -13.202 -13.371 -11.372 -12.459 -13.077 -13.302 -13.387 -12.572 -13.092 -13.317 -13.397 -13.448 -13.028 -12.765 -13.184 -13.313 -13.087 -12.715 -12.987
0.49155 -8.251 -8.014 -9.438 -11.108 -12.117 -12.773 -11.187 -11.295 -12.133 -12.79 -13.163 -13.351 -11.242 -12.376 -13.027 -13.271 -13.37 -12.495 -13.043 -13.286 -13.377 -13.435 -12.98 -12.699 -13.143 -13.315 -13.099 -12.736 -12.94
0.506416 -8.118 -7.77 -9.254 -10.962 -12.013 -12.701 -11.085 -11.157 -12.031 -12.719 -13.118 -13.327 -11.101 -12.285 -12.971 -13.234 -13.348 -12.41 -12.988 -13.25 -13.353 -13.419 -12.927 -12.626 -13.097 -13.313 -13.109 -12.754 -12.888
0.521733 -7.985 -7.508 -9.059 -10.805 -11.9 -12.621 -10.976 -11.007 -11.918 -12.641 -13.067 -13.298 -10.948 -12.185 -12.908 -13.192 -13.321 -12.316 -12.926 -13.209 -13.324 -13.398 -12.867 -12.545 -13.045 -13.309 -13.116 -12.77 -12.829
0.537512 -7.854 -7.228 -8.85 -10.634 -11.776 -12.533 -10.858 -10.845 -11.796 -12.554 -13.01 -13.263 -10.782 -12.075 -12.837 -13.144 -13.289 -12.214 -12.856 -13.162 -13.29 -13.373 -12.8 -12.456 -12.986 -13.3 -13.12 -12.784 -12.765
0.553769 -7.725 -6.928 -8.627 -10.45 -11.64 -12.435 -10.731 -10.669 -11.662 -12.458 -12.945 -13.223 -10.602 -11.955 -12.759 -13.089 -13.252 -12.102 -12.779 -13.108 -13.25 -13.342 -12.726 -12.358 -12.919 -13.288 -13.121 -12.796 -12.694
0.570517 -7.6 -6.608 -8.389 -10.25 -11.492 -12.328 -10.594 -10.478 -11.516 -12.353 -12.873 -13.177 -10.407 -11.824 -12.671 -13.027 -13.209 -11.979 -12.693 -13.046 -13.204 -13.307 -12.644 -12.251 -12.845 -13.271 -13.118 -12.805 -12.615
