web/models/kne.last_good/kappa_0.5_3.0.v1/10/villar_0.1173_0.3120_3.0000.dat
# %ECSV 1.0
# ---
# datatype:
# - {name: time, datatype: float64}
# - {name: swift_uvot_uvw2, datatype: float64}
# - {name: swift_uvot_uvm2, datatype: float64}
# - {name: swift_uvot_uvw1, datatype: float64}
# - {name: swift_uvot_U, datatype: float64}
# - {name: swift_uvot_B, datatype: float64}
# - {name: swift_uvot_V, datatype: float64}
# - {name: swift_uvot_W, datatype: float64}
# - {name: johnson_U, datatype: float64}
# - {name: johnson_B, datatype: float64}
# - {name: johnson_V, datatype: float64}
# - {name: johnson_R, datatype: float64}
# - {name: johnson_I, datatype: float64}
# - {name: sdss_u, datatype: float64}
# - {name: sdss_g, datatype: float64}
# - {name: sdss_r, datatype: float64}
# - {name: sdss_i, datatype: float64}
# - {name: sdss_z, datatype: float64}
# - {name: PS1_g, datatype: float64}
# - {name: PS1_r, datatype: float64}
# - {name: PS1_i, datatype: float64}
# - {name: PS1_z, datatype: float64}
# - {name: PS1_Y, datatype: float64}
# - {name: PS1_w, datatype: float64}
# - {name: ATLAS_c, datatype: float64}
# - {name: ATLAS_o, datatype: float64}
# - {name: ukirt_J, datatype: float64}
# - {name: ukirt_H, datatype: float64}
# - {name: ukirt_K, datatype: float64}
# - {name: Clear, datatype: float64}
# meta: !!omap
# - comment: [kappa = 3.0, type = villar, mass = 0.11727632184323686, velocity = 0.312, theta_obs = 0.0]
# schema: astropy-2.0
time swift_uvot_uvw2 swift_uvot_uvm2 swift_uvot_uvw1 swift_uvot_U swift_uvot_B swift_uvot_V swift_uvot_W johnson_U johnson_B johnson_V johnson_R johnson_I sdss_u sdss_g sdss_r sdss_i sdss_z PS1_g PS1_r PS1_i PS1_z PS1_Y PS1_w ATLAS_c ATLAS_o ukirt_J ukirt_H ukirt_K Clear
[from data line 281]
4.327172 -10.516 -5.619 -8.109 -10.118 -12.372 -13.979 -12.005 -10.523 -12.456 -14.057 -15.262 -16.075 -10.358 -13.038 -14.732 -15.589 -16.152 -13.508 -14.811 -15.636 -16.096 -16.415 -14.899 -13.965 -15.194 -16.761 -16.91 -16.834 -15.068
4.458044 -10.502 -5.533 -7.92 -9.907 -12.215 -13.862 -11.89 -10.322 -12.303 -13.945 -15.187 -16.027 -10.151 -12.9 -14.638 -15.522 -16.106 -13.401 -14.723 -15.571 -16.047 -16.379 -14.82 -13.855 -15.117 -16.745 -16.911 -16.848 -15.007
4.592874 -10.485 -5.457 -7.723 -9.685 -12.05 -13.738 -11.77 -10.11 -12.142 -13.824 -15.107 -15.974 -9.933 -12.753 -14.538 -15.45 -16.055 -13.29 -14.628 -15.501 -15.993 -16.338 -14.734 -13.738 -15.034 -16.726 -16.91 -16.861 -14.943
4.731783 -10.467 -5.391 -7.517 -9.451 -11.874 -13.606 -11.643 -9.886 -11.971 -13.697 -15.02 -15.917 -9.703 -12.598 -14.43 -15.371 -16.0 -13.174 -14.527 -15.425 -15.935 -16.294 -14.643 -13.614 -14.946 -16.704 -16.906 -16.872 -14.875
4.874892 -10.446 -5.333 -7.304 -9.205 -11.688 -13.466 -11.509 -9.65 -11.791 -13.561 -14.928 -15.854 -9.461 -12.433 -14.315 -15.287 -15.939 -13.054 -14.42 -15.344 -15.871 -16.245 -14.546 -13.482 -14.851 -16.678 -16.899 -16.881 -14.802
5.02233 -10.423 -5.281 -7.08 -8.945 -11.492 -13.316 -11.369 -9.401 -11.6 -13.416 -14.828 -15.786 -9.205 -12.259 -14.192 -15.196 -15.873 -12.931 -14.306 -15.256 -15.802 -16.191 -14.441 -13.341 -14.748 -16.647 -16.889 -16.887 -14.726
5.174227 -10.398 -5.233 -6.847 -8.67 -11.283 -13.157 -11.221 -9.137 -11.397 -13.262 -14.721 -15.713 -8.934 -12.073 -14.061 -15.098 -15.801 -12.804 -14.184 -15.161 -15.727 -16.132 -14.33 -13.191 -14.639 -16.613 -16.876 -16.892 -14.645
5.330718 -10.369 -5.188 -6.602 -8.38 -11.062 -12.987 -11.065 -8.859 -11.183 -13.097 -14.607 -15.632 -8.648 -11.876 -13.92 -14.992 -15.722 -12.673 -14.055 -15.059 -15.645 -16.067 -14.21 -13.032 -14.522 -16.574 -16.86 -16.893 -14.56
5.491942 -10.338 -5.145 -6.346 -8.072 -10.827 -12.806 -10.901 -8.563 -10.955 -12.922 -14.484 -15.545 -8.344 -11.666 -13.77 -14.878 -15.637 -12.54 -13.917 -14.949 -15.557 -15.996 -14.083 -12.862 -14.396 -16.53 -16.84 -16.892 -14.47
5.658042 -10.303 -5.102 -6.077 -7.746 -10.578 -12.613 -10.729 -8.251 -10.713 -12.735 -14.352 -15.451 -8.023 -11.444 -13.608 -14.756 -15.544 -12.405 -13.771 -14.831 -15.46 -15.919 -13.946 -12.681 -14.26 -16.481 -16.816 -16.888 -14.375
5.829166 -10.264 -5.058 -5.794 -7.4 -10.312 -12.406 -10.548 -7.918 -10.456 -12.535 -14.21 -15.348 -7.682 -11.206 -13.436 -14.623 -15.443 -12.269 -13.616 -14.703 -15.356 -15.835 -13.799 -12.488 -14.115 -16.426 -16.787 -16.881 -14.276
6.005465 -10.221 -5.012 -5.497 -7.033 -10.029 -12.185 -10.357 -7.566 -10.182 -12.321 -14.058 -15.237 -7.319 -10.953 -13.25 -14.48 -15.334 -12.131 -13.451 -14.566 -15.243 -15.744 -13.642 -12.282 -13.959 -16.364 -16.754 -16.87 -14.171
6.187096 -10.175 -4.963 -5.184 -6.643 -9.728 -11.948 -10.157 -7.191 -9.891 -12.092 -13.894 -15.117 -6.934 -10.683 -13.052 -14.326 -15.215 -11.994 -13.276 -14.419 -15.121 -15.644 -13.473 -12.062 -13.792 -16.296 -16.716 -16.855 -14.061
6.37422 -10.124 -4.91 -4.853 -6.228 -9.406 -11.695 -9.948 -6.791 -9.58 -11.848 -13.718 -14.986 -6.524 -10.395 -12.838 -14.16 -15.085 -11.858 -13.092 -14.261 -14.988 -15.537 -13.292 -11.826 -13.612 -16.221 -16.672 -16.837 -13.946
6.567004 -10.067 -4.853 -4.503 -5.786 -9.063 -11.423 -9.729 -6.365 -9.248 -11.586 -13.529 -14.845 -6.086 -10.086 -12.609 -13.98 -14.945 -11.723 -12.897 -14.09 -14.845 -15.42 -13.098 -11.574 -13.418 -16.138 -16.622 -16.814 -13.826
6.765619 -10.006 -4.791 -4.132 -5.314 -8.696 -11.132 -9.5 -5.911 -8.894 -11.304 -13.325 -14.692 -5.62 -9.756 -12.362 -13.787 -14.793 -11.59 -12.692 -13.907 -14.69 -15.293 -12.889 -11.304 -13.21 -16.046 -16.566 -16.786 -13.7
6.97024 -9.939 -4.723 -3.74 -4.81 -8.303 -10.819 -9.263 -5.425 -8.516 -11.003 -13.106 -14.526 -5.121 -9.403 -12.097 -13.577 -14.628 -11.46 -12.477 -13.71 -14.522 -15.155 -12.664 -11.014 -12.986 -15.944 -16.502 -16.753 -13.569
7.181051 -9.865 -4.65 -3.322 -4.271 -7.882 -10.482 -9.018 -4.906 -8.11 -10.678 -12.869 -14.346 -4.587 -9.024 -11.811 -13.35 -14.448 -11.331 -12.252 -13.499 -14.34 -15.006 -12.423 -10.703 -12.744 -15.833 -16.431 -16.714 -13.433
7.398237 -9.785 -4.569 -2.878 -3.693 -7.43 -10.12 -8.765 -4.349 -7.676 -10.33 -12.614 -14.151 -4.016 -8.617 -11.503 -13.105 -14.253 -11.204 -12.019 -13.272 -14.143 -14.845 -12.162 -10.368 -12.483 -15.71 -16.351 -16.669 -13.292
7.621991 -9.698 -4.482 -2.405 -3.074 -6.944 -9.73 -8.507 -3.752 -7.209 -9.954 -12.339 -13.939 -3.402 -8.179 -11.17 -12.84 -14.041 -11.078 -11.779 -13.029 -13.93 -14.671 -11.881 -10.008 -12.201 -15.574 -16.261 -16.617 -13.145
7.852513 -9.602 -4.386 -1.901 -2.409 -6.422 -9.308 -8.246 -3.11 -6.708 -9.55 -12.042 -13.708 -2.743 -7.708 -10.811 -12.551 -13.81 -10.951 -11.533 -12.769 -13.7 -14.483 -11.577 -9.621 -11.897 -15.425 -16.162 -16.557 -12.993
8.090007 -9.498 -4.282 -1.361 -1.693 -5.859 -8.853 -7.984 -2.42 -6.169 -9.113 -11.72 -13.458 -2.034 -7.2 -10.422 -12.239 -13.558 -10.823 -11.284 -12.491 -13.451 -14.28 -11.249 -9.202 -11.568 -15.261 -16.051 -16.49 -12.835
8.334684 -9.384 -4.169 -0.783 -0.922 -5.252 -8.36 -7.724 -1.676 -5.588 -8.641 -11.372 -13.186 -1.27 -6.651 -10.0 -11.899 -13.284 -10.691 -11.034 -12.195 -13.182 -14.062 -10.894 -8.75 -11.212 -15.081 -15.928 -16.413 -12.672
8.586761 -9.26 -4.045 -0.163 -0.09 -4.596 -7.827 -7.468 -0.872 -4.962 -8.131 -10.995 -12.89 -0.445 -6.058 -9.543 -11.53 -12.985 -10.553 -10.785 -11.882 -12.893 -13.828 -10.509 -8.262 -10.825 -14.882 -15.791 -16.326 -12.502
8.846461 -9.125 -3.909 0.503 0.809 -3.886 -7.248 -7.217 -0.003 -4.284 -7.577 -10.585 -12.568 0.447 -5.416 -9.046 -11.127 -12.659 -10.408 -10.539 -11.552 -12.581 -13.577 -10.091 -7.732 -10.405 -14.664 -15.639 -16.228 -12.326
9.114017 -8.977 -3.762 1.22 1.783 -3.116 -6.618 -6.972 0.938 -3.552 -6.977 -10.14 -12.216 1.413 -4.72 -8.506 -10.689 -12.302 -10.253 -10.298 -11.208 -12.246 -13.308 -9.637 -7.157 -9.949 -14.423 -15.47 -16.117 -12.143
9.389664 -8.816 -3.6 1.993 2.84 -2.28 -5.933 -6.733 1.959 -2.757 -6.326 -9.657 -11.833 2.462 -3.963 -7.918 -10.21 -11.912 -10.087 -10.06 -10.851 -11.889 -13.022 -9.143 -6.532 -9.453 -14.158 -15.282 -15.993 -11.95
9.673648 -8.639 -3.423 2.828 3.99 -1.37 -5.186 -6.496 3.069 -1.895 -5.616 -9.13 -11.413 3.601 -3.139 -7.276 -9.686 -11.484 -9.908 -9.824 -10.487 -11.508 -12.719 -8.604 -5.852 -8.911 -13.865 -15.074 -15.854 -11.748
9.966221 -8.445 -3.229 3.733 5.241 -0.379 -4.37 -6.258 4.279 -0.957 -4.843 -8.555 -10.955 4.843 -2.241 -6.573 -9.112 -11.015 -9.713 -9.586 -10.119 -11.107 -12.4 -8.016 -5.11 -8.32 -13.541 -14.842 -15.697 -11.533
10.267642 -8.255 -3.04 4.483 6.27 0.444 -3.686 -6.045 5.274 -0.178 -4.194 -8.064 -10.554 5.863 -1.492 -5.98 -8.619 -10.605 -9.522 -9.373 -9.813 -10.765 -12.119 -7.513 -4.485 -7.814 -13.246 -14.62 -15.534 -11.33
10.57818 -8.116 -2.9 4.622 6.409 0.583 -3.547 -5.905 5.413 -0.039 -4.055 -7.924 -10.415 6.003 -1.353 -5.84 -8.479 -10.466 -9.383 -9.233 -9.673 -10.626 -11.98 -7.373 -4.346 -7.675 -13.106 -14.48 -15.395 -11.191
10.89811 -7.968 -2.752 4.77 6.557 0.731 -3.398 -5.757 5.561 0.11 -3.906 -7.776 -10.266 6.151 -1.204 -5.692 -8.331 -10.317 -9.234 -9.085 -9.525 -10.478 -11.832 -7.225 -4.197 -7.526 -12.958 -14.332 -15.246 -11.043
11.227716 -7.81 -2.594 4.928 6.715 0.889 -3.241 -5.6 5.719 0.267 -3.749 -7.618 -10.109 6.309 -1.047 -5.534 -8.174 -10.16 -9.077 -8.927 -9.367 -10.32 -11.674 -7.067 -4.04 -7.369 -12.8 -14.174 -15.089 -10.885
11.56729 -7.643 -2.427 5.095 6.883 1.057 -3.073 -5.432 5.887 0.435 -3.581 -7.451 -9.941 6.476 -0.879 -5.367 -8.006 -9.992 -8.909 -8.76 -9.2 -10.152 -11.506 -6.9 -3.872 -7.201 -12.633 -14.007 -14.921 -10.717
11.917135 -7.465 -2.249 5.273 7.061 1.235 -2.895 -5.254 6.065 0.613 -3.403 -7.273 -9.763 6.654 -0.701 -5.189 -7.828 -9.814 -8.731 -8.582 -9.022 -9.974 -11.328 -6.722 -3.694 -7.023 -12.455 -13.829 -14.743 -10.539
12.277561 -7.275 -2.06 5.463 7.25 1.424 -2.706 -5.065 6.254 0.802 -3.214 -7.084 -9.574 6.843 -0.512 -5.0 -7.639 -9.625 -8.542 -8.393 -8.833 -9.785 -11.139 -6.533 -3.505 -6.834 -12.266 -13.64 -14.554 -10.35
12.648887 -7.075 -1.859 5.663 7.451 1.625 -2.505 -4.864 6.455 1.003 -3.013 -6.883 -9.373 7.044 -0.311 -4.799 -7.438 -9.424 -8.341 -8.192 -8.632 -9.584 -10.938 -6.332 -3.304 -6.633 -12.065 -13.439 -14.353 -10.149
13.031444 -6.861 -1.646 5.877 7.664 1.838 -2.292 -4.651 6.668 1.216 -2.8 -6.669 -9.16 7.258 -0.098 -4.585 -7.225 -9.211 -8.128 -7.978 -8.418 -9.371 -10.725 -6.119 -3.091 -6.42 -11.852 -13.226 -14.14 -9.936
13.425571 -6.635 -1.419 6.103 7.891 2.065 -2.065 -4.424 6.894 1.443 -2.573 -6.443 -8.933 7.484 0.129 -4.359 -6.998 -8.984 -7.901 -7.752 -8.192 -9.144 -10.499 -5.892 -2.864 -6.193 -11.625 -12.999 -13.913 -9.71
13.831619 -6.394 -1.178 6.344 8.131 2.305 -1.825 -4.184 7.135 1.683 -2.333 -6.202 -8.693 7.725 0.369 -4.118 -6.758 -8.744 -7.661 -7.511 -7.951 -8.904 -10.258 -5.651 -2.624 -5.953 -11.384 -12.759 -13.673 -9.469
14.249947 -6.139 -0.923 6.599 8.386 2.56 -1.569 -3.928 7.39 1.939 -2.077 -5.947 -8.437 7.98 0.625 -3.863 -6.502 -8.488 -7.405 -7.256 -7.696 -8.648 -10.003 -5.396 -2.368 -5.697 -11.129 -12.503 -13.417 -9.214
14.680926 -5.868 -0.652 6.87 8.658 2.832 -1.298 -3.657 7.662 2.21 -1.806 -5.676 -8.166 8.251 0.896 -3.592 -6.231 -8.217 -7.134 -6.985 -7.425 -8.377 -9.731 -5.125 -2.097 -5.426 -10.858 -12.232 -13.146 -8.942
15.124941 -5.58 -0.364 7.158 8.945 3.119 -1.01 -3.369 7.949 2.498 -1.518 -5.388 -7.878 8.539 1.184 -3.304 -5.943 -7.929 -6.846 -6.697 -7.137 -8.089 -9.444 -4.837 -1.809 -5.138 -10.57 -11.944 -12.858 -8.655
15.582385 -5.274 -0.058 7.464 9.251 3.425 -0.705 -3.064 8.255 2.803 -1.213 -5.082 -7.573 8.845 1.489 -2.998 -5.638 -7.624 -6.541 -6.391 -6.831 -7.784 -9.138 -4.531 -1.504 -4.833 -10.264 -11.639 -12.553 -8.349
16.053663 -4.95 0.266 7.788 9.575 3.749 -0.38 -2.739 8.579 3.128 -0.889 -4.758 -7.248 9.169 1.814 -2.674 -5.313 -7.3 -6.217 -6.067 -6.507 -7.46 -8.814 -4.207 -1.179 -4.508 -9.94 -11.314 -12.229 -8.025
16.539195 -4.605 0.61 8.133 9.92 4.094 -0.036 -2.395 8.924 3.472 -0.544 -4.414 -6.904 9.513 2.158 -2.33 -4.969 -6.955 -5.872 -5.723 -6.163 -7.115 -8.469 -3.863 -0.835 -4.164 -9.596 -10.97 -11.884 -7.68
17.039412 -4.24 0.976 8.498 10.285 4.459 0.33 -2.029 9.289 3.837 -0.179 -4.048 -6.539 9.879 2.523 -1.964 -4.603 -6.59 -5.507 -5.357 -5.797 -6.75 -8.104 -3.497 -0.47 -3.799 -9.23 -10.604 -11.519 -7.315
17.554757 -3.852 1.364 8.886 10.673 4.847 0.717 -1.641 9.677 4.225 0.209 -3.66 -6.151 10.267 2.911 -1.576 -4.216 -6.202 -5.119 -4.969 -5.409 -6.362 -7.716 -3.109 -0.082 -3.411 -8.842 -10.216 -11.131 -6.927
18.085689 -3.44 1.775 9.298 11.085 5.259 1.129 -1.23 10.089 4.637 0.621 -3.248 -5.739 10.679 3.323 -1.164 -3.804 -5.79 -4.707 -4.557 -4.997 -5.95 -7.304 -2.698 0.33 -2.999 -8.431 -9.805 -10.719 -6.515
18.632678 -3.003 2.212 9.735 11.522 5.696 1.566 -0.793 10.526 5.074 1.058 -2.811 -5.302 11.116 3.76 -0.727 -3.367 -5.353 -4.27 -4.12 -4.56 -5.513 -6.867 -2.261 0.767 -2.562 -7.994 -9.368 -10.282 -6.078
19.196211 -2.539 2.676 10.199 11.986 6.16 2.03 -0.329 10.99 5.538 1.522 -2.347 -4.838 11.579 4.224 -0.264 -2.903 -4.889 -3.806 -3.656 -4.096 -5.049 -6.403 -1.797 1.231 -2.098 -7.53 -8.904 -9.818 -5.614
19.776787 -2.047 3.169 10.691 12.478 6.652 2.523 0.164 11.482 6.03 2.014 -1.855 -4.346 12.072 4.716 0.229 -2.41 -4.397 -3.314 -3.164 -3.604 -4.557 -5.911 -1.304 1.723 -1.606 -7.037 -8.411 -9.326 -5.122
20.374923 -1.524 3.691 11.214 13.001 7.175 3.045 0.686 12.005 6.553 2.537 -1.332 -3.823 12.594 5.239 0.751 -1.888 -3.874 -2.791 -2.641 -3.081 -4.034 -5.388 -0.782 2.246 -1.083 -6.515 -7.889 -8.803 -4.599
20.991149 -0.97 4.246 11.768 13.556 7.73 3.6 1.241 12.559 7.108 3.092 -0.778 -3.268 13.149 5.794 1.306 -1.333 -3.319 -2.236 -2.087 -2.527 -3.479 -4.834 -0.227 2.801 -0.528 -5.96 -7.334 -8.248 -4.045
21.626011 -0.381 4.835 12.357 14.144 8.318 4.189 1.83 13.148 7.696 3.68 -0.189 -2.679 13.738 6.382 1.895 -0.744 -2.731 -1.648 -1.498 -1.938 -2.891 -4.245 0.362 3.39 0.06 -5.371 -6.745 -7.66 -3.456
22.280075 0.244 5.46 12.982 14.769 8.943 4.814 2.455 13.773 8.321 4.305 0.436 -2.055 14.363 7.007 2.52 -0.119 -2.106 -1.023 -0.873 -1.313 -2.266 -3.62 0.987 4.014 0.685 -4.746 -6.12 -7.035 -2.831
22.953921 0.907 6.123 13.645 15.433 9.607 5.477 3.118 14.436 8.985 4.969 1.099 -1.391 15.026 7.671 3.183 0.544 -1.442 -0.359 -0.21 -0.65 -1.602 -2.957 1.65 4.678 1.349 -4.083 -5.457 -6.371 -2.168
23.648147 1.611 6.827 14.349 16.137 10.311 6.181 3.822 15.14 9.689 5.673 1.803 -0.687 15.73 8.375 3.887 1.248 -0.738 0.345 0.494 0.054 -0.898 -2.253 2.354 5.382 2.053 -3.379 -4.753 -5.667 -1.464
24.363369 2.359 7.574 15.097 16.884 11.058 6.928 4.569 15.888 10.436 6.42 2.55 0.06 16.477 9.122 4.634 1.995 0.009 1.092 1.242 0.802 -0.151 -1.505 3.101 6.129 2.8 -2.632 -4.006 -4.92 -0.716
25.100222 3.152 8.367 15.89 17.677 11.851 7.721 5.362 16.681 11.229 7.213 3.344 0.853 17.271 9.915 5.428 2.788 0.802 1.885 2.035 1.595 0.642 -0.712 3.894 6.922 3.593 -1.839 -3.213 -4.127 0.077
25.859362 3.994 9.209 16.732 18.519 12.693 8.563 6.204 17.523 12.071 8.055 4.185 1.695 18.112 10.757 6.269 3.63 1.644 2.727 2.877 2.437 1.484 0.13 4.736 7.764 4.435 -0.997 -2.371 -3.285 0.919
26.64146 4.887 10.103 17.625 19.412 13.586 9.457 7.098 18.416 12.964 8.948 5.079 2.589 19.006 11.65 7.163 4.524 2.537 3.62 3.77 3.33 2.377 1.023 5.63 8.658 5.328 -0.103 -1.477 -2.392 1.812
27.447213 5.836 11.051 18.574 20.361 14.535 10.405 8.046 19.365 13.913 9.897 6.027 3.537 19.954 12.599 8.111 5.472 3.486 4.569 4.718 4.278 3.326 1.972 6.578 9.606 6.277 0.845 -0.529 -1.443 2.761
28.277335 6.842 12.058 19.58 21.367 15.541 11.412 9.053 20.371 14.919 10.903 7.034 4.544 20.961 13.605 9.118 6.479 4.492 5.575 5.725 5.285 4.332 2.978 7.585 10.613 7.283 1.852 0.478 -0.437 3.767
29.132564 7.911 13.126 20.649 22.436 16.61 12.48 10.121 21.44 15.988 11.972 8.102 5.612 22.029 14.674 10.186 7.547 5.561 6.644 6.794 6.354 5.401 4.047 8.653 11.681 8.352 2.92 1.546 0.632 4.836
30.013659 9.045 14.26 21.783 23.57 17.744 13.614 11.255 22.574 17.122 13.106 9.237 6.746 23.163 15.808 11.32 8.681 6.695 7.778 7.928 7.488 6.535 5.181 9.787 12.815 9.486 4.054 2.68 1.766 5.97
30.921401 10.248 15.464 22.986 24.774 18.948 14.818 12.459 23.777 18.326 14.31 10.44 7.95 24.367 17.012 12.524 9.885 7.899 8.982 9.131 8.691 7.739 6.384 10.991 14.019 10.69 5.258 3.884 2.97 7.173
31.856598 11.526 16.742 24.264 26.051 20.225 16.095 13.736 25.055 19.603 15.587 11.718 9.227 25.645 18.289 13.802 11.162 9.176 10.259 10.409 9.969 9.016 7.662 12.269 15.296 11.967 6.536 5.162 4.247 8.451
32.820079 12.882 18.098 25.62 27.407 21.581 17.451 15.093 26.411 20.959 16.943 13.074 10.583 27.001 19.645 15.158 12.518 10.532 11.615 11.765 11.325 10.372 9.018 13.625 16.652 13.323 7.892 6.518 5.603 9.807
33.8127 14.321 19.537 27.059 28.846 23.02 18.891 16.532 27.85 22.399 18.383 14.513 12.023 28.44 21.085 16.597 13.958 11.971 13.055 13.204 12.764 11.811 10.457 15.064 18.092 14.763 9.331 7.957 7.042 11.246
34.835342 15.849 21.065 28.587 30.374 24.548 20.418 18.06 29.378 23.926 19.91 16.041 13.55 29.968 22.612 18.125 15.485 13.499 14.582 14.732 14.292 13.339 11.985 16.592 19.619 16.29 10.859 9.485 8.57 12.774
35.888913 17.47 22.686 30.208 31.996 26.17 22.04 19.681 31.0 25.548 21.532 17.662 15.172 31.589 24.234 19.746 17.107 15.121 16.204 16.353 15.913 14.961 13.607 18.213 21.241 17.912 12.48 11.106 10.192 14.396
36.974349 19.192 24.407 31.93 33.717 27.891 23.761 21.402 32.721 27.269 23.253 19.383 16.893 33.31 25.955 21.467 18.828 16.842 17.925 18.074 17.634 16.682 15.328 19.934 22.962 19.633 14.201 12.827 11.913 16.117
38.092613 21.018 26.234 33.756 35.543 29.717 25.588 23.229 34.547 29.096 25.079 21.21 18.72 35.137 27.782 23.294 20.655 18.668 19.751 19.901 19.461 18.508 17.154 21.761 24.789 21.46 16.028 14.654 13.739 17.943
