web/models/linear/16/-13_286_1_467.dat
# %ECSV 1.0
# ---
# datatype:
# - {name: time, datatype: float64}
# - {name: sdss_u, datatype: float64}
# - {name: sdss_g, datatype: float64}
# - {name: sdss_r, datatype: float64}
# - {name: sdss_i, datatype: float64}
# - {name: sdss_z, datatype: float64}
# - {name: Clear, datatype: float64}
# - {name: johnson_B, datatype: float64}
# - {name: johnson_V, datatype: float64}
# - {name: johnson_R, datatype: float64}
# - {name: johnson_I, datatype: float64}
# - {name: ukirt_J, datatype: float64}
# - {name: ukirt_H, datatype: float64}
# - {name: ukirt_K, datatype: float64}
# meta: !!omap
# - comment: [M=-13.285714285714286, dM=1.4665405557509434]
# schema: astropy-2.0
time sdss_u sdss_g sdss_r sdss_i sdss_z Clear johnson_B johnson_V johnson_R johnson_I ukirt_J ukirt_H ukirt_K
[from data line 181]
13.64321608040201 6.722615407068686 6.722615407068686 6.722615407068686 6.722615407068686 6.722615407068686 6.722615407068686 6.722615407068686 6.722615407068686 6.722615407068686 6.722615407068686 6.722615407068686 6.722615407068686 6.722615407068686
13.718592964824118 6.833158665039859 6.833158665039859 6.833158665039859 6.833158665039859 6.833158665039859 6.833158665039859 6.833158665039859 6.833158665039859 6.833158665039859 6.833158665039859 6.833158665039859 6.833158665039859 6.833158665039859
13.79396984924623 6.9437019230110355 6.9437019230110355 6.9437019230110355 6.9437019230110355 6.9437019230110355 6.9437019230110355 6.9437019230110355 6.9437019230110355 6.9437019230110355 6.9437019230110355 6.9437019230110355 6.9437019230110355 6.9437019230110355
13.86934673366834 7.054245180982212 7.054245180982212 7.054245180982212 7.054245180982212 7.054245180982212 7.054245180982212 7.054245180982212 7.054245180982212 7.054245180982212 7.054245180982212 7.054245180982212 7.054245180982212 7.054245180982212
13.944723618090451 7.1647884389533925 7.1647884389533925 7.1647884389533925 7.1647884389533925 7.1647884389533925 7.1647884389533925 7.1647884389533925 7.1647884389533925 7.1647884389533925 7.1647884389533925 7.1647884389533925 7.1647884389533925 7.1647884389533925
14.020100502512562 7.275331696924569 7.275331696924569 7.275331696924569 7.275331696924569 7.275331696924569 7.275331696924569 7.275331696924569 7.275331696924569 7.275331696924569 7.275331696924569 7.275331696924569 7.275331696924569 7.275331696924569
14.095477386934672 7.385874954895742 7.385874954895742 7.385874954895742 7.385874954895742 7.385874954895742 7.385874954895742 7.385874954895742 7.385874954895742 7.385874954895742 7.385874954895742 7.385874954895742 7.385874954895742 7.385874954895742
14.170854271356783 7.496418212866919 7.496418212866919 7.496418212866919 7.496418212866919 7.496418212866919 7.496418212866919 7.496418212866919 7.496418212866919 7.496418212866919 7.496418212866919 7.496418212866919 7.496418212866919 7.496418212866919
14.246231155778894 7.606961470838099 7.606961470838099 7.606961470838099 7.606961470838099 7.606961470838099 7.606961470838099 7.606961470838099 7.606961470838099 7.606961470838099 7.606961470838099 7.606961470838099 7.606961470838099 7.606961470838099
14.321608040201003 7.717504728809272 7.717504728809272 7.717504728809272 7.717504728809272 7.717504728809272 7.717504728809272 7.717504728809272 7.717504728809272 7.717504728809272 7.717504728809272 7.717504728809272 7.717504728809272 7.717504728809272
14.396984924623114 7.828047986780449 7.828047986780449 7.828047986780449 7.828047986780449 7.828047986780449 7.828047986780449 7.828047986780449 7.828047986780449 7.828047986780449 7.828047986780449 7.828047986780449 7.828047986780449 7.828047986780449
14.472361809045225 7.938591244751626 7.938591244751626 7.938591244751626 7.938591244751626 7.938591244751626 7.938591244751626 7.938591244751626 7.938591244751626 7.938591244751626 7.938591244751626 7.938591244751626 7.938591244751626 7.938591244751626
14.547738693467336 8.049134502722803 8.049134502722803 8.049134502722803 8.049134502722803 8.049134502722803 8.049134502722803 8.049134502722803 8.049134502722803 8.049134502722803 8.049134502722803 8.049134502722803 8.049134502722803 8.049134502722803
14.623115577889447 8.159677760693983 8.159677760693983 8.159677760693983 8.159677760693983 8.159677760693983 8.159677760693983 8.159677760693983 8.159677760693983 8.159677760693983 8.159677760693983 8.159677760693983 8.159677760693983 8.159677760693983
14.698492462311556 8.270221018665156 8.270221018665156 8.270221018665156 8.270221018665156 8.270221018665156 8.270221018665156 8.270221018665156 8.270221018665156 8.270221018665156 8.270221018665156 8.270221018665156 8.270221018665156 8.270221018665156
14.773869346733667 8.380764276636333 8.380764276636333 8.380764276636333 8.380764276636333 8.380764276636333 8.380764276636333 8.380764276636333 8.380764276636333 8.380764276636333 8.380764276636333 8.380764276636333 8.380764276636333 8.380764276636333
14.849246231155778 8.49130753460751 8.49130753460751 8.49130753460751 8.49130753460751 8.49130753460751 8.49130753460751 8.49130753460751 8.49130753460751 8.49130753460751 8.49130753460751 8.49130753460751 8.49130753460751 8.49130753460751
14.924623115577887 8.601850792578686 8.601850792578686 8.601850792578686 8.601850792578686 8.601850792578686 8.601850792578686 8.601850792578686 8.601850792578686 8.601850792578686 8.601850792578686 8.601850792578686 8.601850792578686 8.601850792578686
15.0 8.712394050549866 8.712394050549866 8.712394050549866 8.712394050549866 8.712394050549866 8.712394050549866 8.712394050549866 8.712394050549866 8.712394050549866 8.712394050549866 8.712394050549866 8.712394050549866 8.712394050549866
