web/models/linear/16/-13_286_0_789.dat
# %ECSV 1.0
# ---
# datatype:
# - {name: time, datatype: float64}
# - {name: swift_uvot_uvw2, datatype: float64}
# - {name: swift_uvot_uvm2, datatype: float64}
# - {name: swift_uvot_uvw1, datatype: float64}
# - {name: swift_uvot_U, datatype: float64}
# - {name: swift_uvot_B, datatype: float64}
# - {name: swift_uvot_V, datatype: float64}
# - {name: swift_uvot_W, datatype: float64}
# - {name: johnson_U, datatype: float64}
# - {name: johnson_B, datatype: float64}
# - {name: johnson_V, datatype: float64}
# - {name: johnson_R, datatype: float64}
# - {name: johnson_I, datatype: float64}
# - {name: sdss_u, datatype: float64}
# - {name: sdss_g, datatype: float64}
# - {name: sdss_r, datatype: float64}
# - {name: sdss_i, datatype: float64}
# - {name: sdss_z, datatype: float64}
# - {name: PS1_g, datatype: float64}
# - {name: PS1_r, datatype: float64}
# - {name: PS1_i, datatype: float64}
# - {name: PS1_z, datatype: float64}
# - {name: PS1_Y, datatype: float64}
# - {name: PS1_w, datatype: float64}
# - {name: ATLAS_c, datatype: float64}
# - {name: ATLAS_o, datatype: float64}
# - {name: ukirt_J, datatype: float64}
# - {name: ukirt_H, datatype: float64}
# - {name: ukirt_K, datatype: float64}
# - {name: Clear, datatype: float64}
# meta: !!omap
# - comment: [M=-13.285714285714286, dM=0.7885372992905649]
# schema: astropy-2.0
time swift_uvot_uvw2 swift_uvot_uvm2 swift_uvot_uvw1 swift_uvot_U swift_uvot_B swift_uvot_V swift_uvot_W johnson_U johnson_B johnson_V johnson_R johnson_I sdss_u sdss_g sdss_r sdss_i sdss_z PS1_g PS1_r PS1_i PS1_z PS1_Y PS1_w ATLAS_c ATLAS_o ukirt_J ukirt_H ukirt_K Clear
0.0 -13.285714285714286 -13.285714285714286 -13.285714285714286 -13.285714285714286 -13.285714285714286 -13.285714285714286 -13.285714285714286 -13.285714285714286 -13.285714285714286 -13.285714285714286 -13.285714285714286 -13.285714285714286 -13.285714285714286 -13.285714285714286 -13.285714285714286 -13.285714285714286 -13.285714285714286 -13.285714285714286 -13.285714285714286 -13.285714285714286 -13.285714285714286 -13.285714285714286 -13.285714285714286 -13.285714285714286 -13.285714285714286 -13.285714285714286 -13.285714285714286 -13.285714285714286 -13.285714285714286
0.07537688442211055 -13.226276800843138 -13.226276800843138 -13.226276800843138 -13.226276800843138 -13.226276800843138 -13.226276800843138 -13.226276800843138 -13.226276800843138 -13.226276800843138 -13.226276800843138 -13.226276800843138 -13.226276800843138 -13.226276800843138 -13.226276800843138 -13.226276800843138 -13.226276800843138 -13.226276800843138 -13.226276800843138 -13.226276800843138 -13.226276800843138 -13.226276800843138 -13.226276800843138 -13.226276800843138 -13.226276800843138 -13.226276800843138 -13.226276800843138 -13.226276800843138 -13.226276800843138 -13.226276800843138
0.1507537688442211 -13.16683931597199 -13.16683931597199 -13.16683931597199 -13.16683931597199 -13.16683931597199 -13.16683931597199 -13.16683931597199 -13.16683931597199 -13.16683931597199 -13.16683931597199 -13.16683931597199 -13.16683931597199 -13.16683931597199 -13.16683931597199 -13.16683931597199 -13.16683931597199 -13.16683931597199 -13.16683931597199 -13.16683931597199 -13.16683931597199 -13.16683931597199 -13.16683931597199 -13.16683931597199 -13.16683931597199 -13.16683931597199 -13.16683931597199 -13.16683931597199 -13.16683931597199 -13.16683931597199
0.22613065326633164 -13.107401831100843 -13.107401831100843 -13.107401831100843 -13.107401831100843 -13.107401831100843 -13.107401831100843 -13.107401831100843 -13.107401831100843 -13.107401831100843 -13.107401831100843 -13.107401831100843 -13.107401831100843 -13.107401831100843 -13.107401831100843 -13.107401831100843 -13.107401831100843 -13.107401831100843 -13.107401831100843 -13.107401831100843 -13.107401831100843 -13.107401831100843 -13.107401831100843 -13.107401831100843 -13.107401831100843 -13.107401831100843 -13.107401831100843 -13.107401831100843 -13.107401831100843 -13.107401831100843
0.3015075376884422 -13.047964346229694 -13.047964346229694 -13.047964346229694 -13.047964346229694 -13.047964346229694 -13.047964346229694 -13.047964346229694 -13.047964346229694 -13.047964346229694 -13.047964346229694 -13.047964346229694 -13.047964346229694 -13.047964346229694 -13.047964346229694 -13.047964346229694 -13.047964346229694 -13.047964346229694 -13.047964346229694 -13.047964346229694 -13.047964346229694 -13.047964346229694 -13.047964346229694 -13.047964346229694 -13.047964346229694 -13.047964346229694 -13.047964346229694 -13.047964346229694 -13.047964346229694 -13.047964346229694
0.37688442211055273 -12.988526861358546 -12.988526861358546 -12.988526861358546 -12.988526861358546 -12.988526861358546 -12.988526861358546 -12.988526861358546 -12.988526861358546 -12.988526861358546 -12.988526861358546 -12.988526861358546 -12.988526861358546 -12.988526861358546 -12.988526861358546 -12.988526861358546 -12.988526861358546 -12.988526861358546 -12.988526861358546 -12.988526861358546 -12.988526861358546 -12.988526861358546 -12.988526861358546 -12.988526861358546 -12.988526861358546 -12.988526861358546 -12.988526861358546 -12.988526861358546 -12.988526861358546 -12.988526861358546
0.4522613065326633 -12.929089376487397 -12.929089376487397 -12.929089376487397 -12.929089376487397 -12.929089376487397 -12.929089376487397 -12.929089376487397 -12.929089376487397 -12.929089376487397 -12.929089376487397 -12.929089376487397 -12.929089376487397 -12.929089376487397 -12.929089376487397 -12.929089376487397 -12.929089376487397 -12.929089376487397 -12.929089376487397 -12.929089376487397 -12.929089376487397 -12.929089376487397 -12.929089376487397 -12.929089376487397 -12.929089376487397 -12.929089376487397 -12.929089376487397 -12.929089376487397 -12.929089376487397 -12.929089376487397
0.5276381909547738 -12.86965189161625 -12.86965189161625 -12.86965189161625 -12.86965189161625 -12.86965189161625 -12.86965189161625 -12.86965189161625 -12.86965189161625 -12.86965189161625 -12.86965189161625 -12.86965189161625 -12.86965189161625 -12.86965189161625 -12.86965189161625 -12.86965189161625 -12.86965189161625 -12.86965189161625 -12.86965189161625 -12.86965189161625 -12.86965189161625 -12.86965189161625 -12.86965189161625 -12.86965189161625 -12.86965189161625 -12.86965189161625 -12.86965189161625 -12.86965189161625 -12.86965189161625 -12.86965189161625
0.6030150753768844 -12.810214406745102 -12.810214406745102 -12.810214406745102 -12.810214406745102 -12.810214406745102 -12.810214406745102 -12.810214406745102 -12.810214406745102 -12.810214406745102 -12.810214406745102 -12.810214406745102 -12.810214406745102 -12.810214406745102 -12.810214406745102 -12.810214406745102 -12.810214406745102 -12.810214406745102 -12.810214406745102 -12.810214406745102 -12.810214406745102 -12.810214406745102 -12.810214406745102 -12.810214406745102 -12.810214406745102 -12.810214406745102 -12.810214406745102 -12.810214406745102 -12.810214406745102 -12.810214406745102
0.6783919597989949 -12.750776921873953 -12.750776921873953 -12.750776921873953 -12.750776921873953 -12.750776921873953 -12.750776921873953 -12.750776921873953 -12.750776921873953 -12.750776921873953 -12.750776921873953 -12.750776921873953 -12.750776921873953 -12.750776921873953 -12.750776921873953 -12.750776921873953 -12.750776921873953 -12.750776921873953 -12.750776921873953 -12.750776921873953 -12.750776921873953 -12.750776921873953 -12.750776921873953 -12.750776921873953 -12.750776921873953 -12.750776921873953 -12.750776921873953 -12.750776921873953 -12.750776921873953 -12.750776921873953
0.7537688442211055 -12.691339437002805 -12.691339437002805 -12.691339437002805 -12.691339437002805 -12.691339437002805 -12.691339437002805 -12.691339437002805 -12.691339437002805 -12.691339437002805 -12.691339437002805 -12.691339437002805 -12.691339437002805 -12.691339437002805 -12.691339437002805 -12.691339437002805 -12.691339437002805 -12.691339437002805 -12.691339437002805 -12.691339437002805 -12.691339437002805 -12.691339437002805 -12.691339437002805 -12.691339437002805 -12.691339437002805 -12.691339437002805 -12.691339437002805 -12.691339437002805 -12.691339437002805 -12.691339437002805
0.829145728643216 -12.631901952131658 -12.631901952131658 -12.631901952131658 -12.631901952131658 -12.631901952131658 -12.631901952131658 -12.631901952131658 -12.631901952131658 -12.631901952131658 -12.631901952131658 -12.631901952131658 -12.631901952131658 -12.631901952131658 -12.631901952131658 -12.631901952131658 -12.631901952131658 -12.631901952131658 -12.631901952131658 -12.631901952131658 -12.631901952131658 -12.631901952131658 -12.631901952131658 -12.631901952131658 -12.631901952131658 -12.631901952131658 -12.631901952131658 -12.631901952131658 -12.631901952131658 -12.631901952131658
0.9045226130653266 -12.57246446726051 -12.57246446726051 -12.57246446726051 -12.57246446726051 -12.57246446726051 -12.57246446726051 -12.57246446726051 -12.57246446726051 -12.57246446726051 -12.57246446726051 -12.57246446726051 -12.57246446726051 -12.57246446726051 -12.57246446726051 -12.57246446726051 -12.57246446726051 -12.57246446726051 -12.57246446726051 -12.57246446726051 -12.57246446726051 -12.57246446726051 -12.57246446726051 -12.57246446726051 -12.57246446726051 -12.57246446726051 -12.57246446726051 -12.57246446726051 -12.57246446726051 -12.57246446726051
0.9798994974874371 -12.513026982389361 -12.513026982389361 -12.513026982389361 -12.513026982389361 -12.513026982389361 -12.513026982389361 -12.513026982389361 -12.513026982389361 -12.513026982389361 -12.513026982389361 -12.513026982389361 -12.513026982389361 -12.513026982389361 -12.513026982389361 -12.513026982389361 -12.513026982389361 -12.513026982389361 -12.513026982389361 -12.513026982389361 -12.513026982389361 -12.513026982389361 -12.513026982389361 -12.513026982389361 -12.513026982389361 -12.513026982389361 -12.513026982389361 -12.513026982389361 -12.513026982389361 -12.513026982389361
1.0552763819095476 -12.453589497518212 -12.453589497518212 -12.453589497518212 -12.453589497518212 -12.453589497518212 -12.453589497518212 -12.453589497518212 -12.453589497518212 -12.453589497518212 -12.453589497518212 -12.453589497518212 -12.453589497518212 -12.453589497518212 -12.453589497518212 -12.453589497518212 -12.453589497518212 -12.453589497518212 -12.453589497518212 -12.453589497518212 -12.453589497518212 -12.453589497518212 -12.453589497518212 -12.453589497518212 -12.453589497518212 -12.453589497518212 -12.453589497518212 -12.453589497518212 -12.453589497518212 -12.453589497518212
1.1306532663316582 -12.394152012647066 -12.394152012647066 -12.394152012647066 -12.394152012647066 -12.394152012647066 -12.394152012647066 -12.394152012647066 -12.394152012647066 -12.394152012647066 -12.394152012647066 -12.394152012647066 -12.394152012647066 -12.394152012647066 -12.394152012647066 -12.394152012647066 -12.394152012647066 -12.394152012647066 -12.394152012647066 -12.394152012647066 -12.394152012647066 -12.394152012647066 -12.394152012647066 -12.394152012647066 -12.394152012647066 -12.394152012647066 -12.394152012647066 -12.394152012647066 -12.394152012647066 -12.394152012647066
1.2060301507537687 -12.334714527775917 -12.334714527775917 -12.334714527775917 -12.334714527775917 -12.334714527775917 -12.334714527775917 -12.334714527775917 -12.334714527775917 -12.334714527775917 -12.334714527775917 -12.334714527775917 -12.334714527775917 -12.334714527775917 -12.334714527775917 -12.334714527775917 -12.334714527775917 -12.334714527775917 -12.334714527775917 -12.334714527775917 -12.334714527775917 -12.334714527775917 -12.334714527775917 -12.334714527775917 -12.334714527775917 -12.334714527775917 -12.334714527775917 -12.334714527775917 -12.334714527775917 -12.334714527775917
1.2814070351758793 -12.275277042904769 -12.275277042904769 -12.275277042904769 -12.275277042904769 -12.275277042904769 -12.275277042904769 -12.275277042904769 -12.275277042904769 -12.275277042904769 -12.275277042904769 -12.275277042904769 -12.275277042904769 -12.275277042904769 -12.275277042904769 -12.275277042904769 -12.275277042904769 -12.275277042904769 -12.275277042904769 -12.275277042904769 -12.275277042904769 -12.275277042904769 -12.275277042904769 -12.275277042904769 -12.275277042904769 -12.275277042904769 -12.275277042904769 -12.275277042904769 -12.275277042904769 -12.275277042904769
1.3567839195979898 -12.21583955803362 -12.21583955803362 -12.21583955803362 -12.21583955803362 -12.21583955803362 -12.21583955803362 -12.21583955803362 -12.21583955803362 -12.21583955803362 -12.21583955803362 -12.21583955803362 -12.21583955803362 -12.21583955803362 -12.21583955803362 -12.21583955803362 -12.21583955803362 -12.21583955803362 -12.21583955803362 -12.21583955803362 -12.21583955803362 -12.21583955803362 -12.21583955803362 -12.21583955803362 -12.21583955803362 -12.21583955803362 -12.21583955803362 -12.21583955803362 -12.21583955803362 -12.21583955803362
1.4321608040201004 -12.156402073162472 -12.156402073162472 -12.156402073162472 -12.156402073162472 -12.156402073162472 -12.156402073162472 -12.156402073162472 -12.156402073162472 -12.156402073162472 -12.156402073162472 -12.156402073162472 -12.156402073162472 -12.156402073162472 -12.156402073162472 -12.156402073162472 -12.156402073162472 -12.156402073162472 -12.156402073162472 -12.156402073162472 -12.156402073162472 -12.156402073162472 -12.156402073162472 -12.156402073162472 -12.156402073162472 -12.156402073162472 -12.156402073162472 -12.156402073162472 -12.156402073162472 -12.156402073162472
1.507537688442211 -12.096964588291325 -12.096964588291325 -12.096964588291325 -12.096964588291325 -12.096964588291325 -12.096964588291325 -12.096964588291325 -12.096964588291325 -12.096964588291325 -12.096964588291325 -12.096964588291325 -12.096964588291325 -12.096964588291325 -12.096964588291325 -12.096964588291325 -12.096964588291325 -12.096964588291325 -12.096964588291325 -12.096964588291325 -12.096964588291325 -12.096964588291325 -12.096964588291325 -12.096964588291325 -12.096964588291325 -12.096964588291325 -12.096964588291325 -12.096964588291325 -12.096964588291325 -12.096964588291325
1.5829145728643215 -12.037527103420176 -12.037527103420176 -12.037527103420176 -12.037527103420176 -12.037527103420176 -12.037527103420176 -12.037527103420176 -12.037527103420176 -12.037527103420176 -12.037527103420176 -12.037527103420176 -12.037527103420176 -12.037527103420176 -12.037527103420176 -12.037527103420176 -12.037527103420176 -12.037527103420176 -12.037527103420176 -12.037527103420176 -12.037527103420176 -12.037527103420176 -12.037527103420176 -12.037527103420176 -12.037527103420176 -12.037527103420176 -12.037527103420176 -12.037527103420176 -12.037527103420176 -12.037527103420176
1.658291457286432 -11.978089618549028 -11.978089618549028 -11.978089618549028 -11.978089618549028 -11.978089618549028 -11.978089618549028 -11.978089618549028 -11.978089618549028 -11.978089618549028 -11.978089618549028 -11.978089618549028 -11.978089618549028 -11.978089618549028 -11.978089618549028 -11.978089618549028 -11.978089618549028 -11.978089618549028 -11.978089618549028 -11.978089618549028 -11.978089618549028 -11.978089618549028 -11.978089618549028 -11.978089618549028 -11.978089618549028 -11.978089618549028 -11.978089618549028 -11.978089618549028 -11.978089618549028 -11.978089618549028
1.7336683417085426 -11.918652133677881 -11.918652133677881 -11.918652133677881 -11.918652133677881 -11.918652133677881 -11.918652133677881 -11.918652133677881 -11.918652133677881 -11.918652133677881 -11.918652133677881 -11.918652133677881 -11.918652133677881 -11.918652133677881 -11.918652133677881 -11.918652133677881 -11.918652133677881 -11.918652133677881 -11.918652133677881 -11.918652133677881 -11.918652133677881 -11.918652133677881 -11.918652133677881 -11.918652133677881 -11.918652133677881 -11.918652133677881 -11.918652133677881 -11.918652133677881 -11.918652133677881 -11.918652133677881
1.809045226130653 -11.859214648806732 -11.859214648806732 -11.859214648806732 -11.859214648806732 -11.859214648806732 -11.859214648806732 -11.859214648806732 -11.859214648806732 -11.859214648806732 -11.859214648806732 -11.859214648806732 -11.859214648806732 -11.859214648806732 -11.859214648806732 -11.859214648806732 -11.859214648806732 -11.859214648806732 -11.859214648806732 -11.859214648806732 -11.859214648806732 -11.859214648806732 -11.859214648806732 -11.859214648806732 -11.859214648806732 -11.859214648806732 -11.859214648806732 -11.859214648806732 -11.859214648806732 -11.859214648806732
1.8844221105527637 -11.799777163935584 -11.799777163935584 -11.799777163935584 -11.799777163935584 -11.799777163935584 -11.799777163935584 -11.799777163935584 -11.799777163935584 -11.799777163935584 -11.799777163935584 -11.799777163935584 -11.799777163935584 -11.799777163935584 -11.799777163935584 -11.799777163935584 -11.799777163935584 -11.799777163935584 -11.799777163935584 -11.799777163935584 -11.799777163935584 -11.799777163935584 -11.799777163935584 -11.799777163935584 -11.799777163935584 -11.799777163935584 -11.799777163935584 -11.799777163935584 -11.799777163935584 -11.799777163935584
