web/models/linear/16/-13_286_0_675.dat
# %ECSV 1.0
# ---
# datatype:
# - {name: time, datatype: float64}
# - {name: sdss_u, datatype: float64}
# - {name: sdss_g, datatype: float64}
# - {name: sdss_r, datatype: float64}
# - {name: sdss_i, datatype: float64}
# - {name: sdss_z, datatype: float64}
# - {name: Clear, datatype: float64}
# - {name: johnson_B, datatype: float64}
# - {name: johnson_V, datatype: float64}
# - {name: johnson_R, datatype: float64}
# - {name: johnson_I, datatype: float64}
# - {name: ukirt_J, datatype: float64}
# - {name: ukirt_H, datatype: float64}
# - {name: ukirt_K, datatype: float64}
# meta: !!omap
# - comment: [M=-13.285714285714286, dM=0.675233968650156]
# schema: astropy-2.0
time sdss_u sdss_g sdss_r sdss_i sdss_z Clear johnson_B johnson_V johnson_R johnson_I ukirt_J ukirt_H ukirt_K
0.0 -13.285714285714286 -13.285714285714286 -13.285714285714286 -13.285714285714286 -13.285714285714286 -13.285714285714286 -13.285714285714286 -13.285714285714286 -13.285714285714286 -13.285714285714286 -13.285714285714286 -13.285714285714286 -13.285714285714286
0.07537688442211055 -13.234817252901461 -13.234817252901461 -13.234817252901461 -13.234817252901461 -13.234817252901461 -13.234817252901461 -13.234817252901461 -13.234817252901461 -13.234817252901461 -13.234817252901461 -13.234817252901461 -13.234817252901461 -13.234817252901461
0.1507537688442211 -13.183920220088634 -13.183920220088634 -13.183920220088634 -13.183920220088634 -13.183920220088634 -13.183920220088634 -13.183920220088634 -13.183920220088634 -13.183920220088634 -13.183920220088634 -13.183920220088634 -13.183920220088634 -13.183920220088634
0.22613065326633164 -13.133023187275809 -13.133023187275809 -13.133023187275809 -13.133023187275809 -13.133023187275809 -13.133023187275809 -13.133023187275809 -13.133023187275809 -13.133023187275809 -13.133023187275809 -13.133023187275809 -13.133023187275809 -13.133023187275809
0.3015075376884422 -13.082126154462983 -13.082126154462983 -13.082126154462983 -13.082126154462983 -13.082126154462983 -13.082126154462983 -13.082126154462983 -13.082126154462983 -13.082126154462983 -13.082126154462983 -13.082126154462983 -13.082126154462983 -13.082126154462983
0.37688442211055273 -13.031229121650158 -13.031229121650158 -13.031229121650158 -13.031229121650158 -13.031229121650158 -13.031229121650158 -13.031229121650158 -13.031229121650158 -13.031229121650158 -13.031229121650158 -13.031229121650158 -13.031229121650158 -13.031229121650158
0.4522613065326633 -12.980332088837331 -12.980332088837331 -12.980332088837331 -12.980332088837331 -12.980332088837331 -12.980332088837331 -12.980332088837331 -12.980332088837331 -12.980332088837331 -12.980332088837331 -12.980332088837331 -12.980332088837331 -12.980332088837331
0.5276381909547738 -12.929435056024506 -12.929435056024506 -12.929435056024506 -12.929435056024506 -12.929435056024506 -12.929435056024506 -12.929435056024506 -12.929435056024506 -12.929435056024506 -12.929435056024506 -12.929435056024506 -12.929435056024506 -12.929435056024506
0.6030150753768844 -12.87853802321168 -12.87853802321168 -12.87853802321168 -12.87853802321168 -12.87853802321168 -12.87853802321168 -12.87853802321168 -12.87853802321168 -12.87853802321168 -12.87853802321168 -12.87853802321168 -12.87853802321168 -12.87853802321168
0.6783919597989949 -12.827640990398853 -12.827640990398853 -12.827640990398853 -12.827640990398853 -12.827640990398853 -12.827640990398853 -12.827640990398853 -12.827640990398853 -12.827640990398853 -12.827640990398853 -12.827640990398853 -12.827640990398853 -12.827640990398853
0.7537688442211055 -12.776743957586028 -12.776743957586028 -12.776743957586028 -12.776743957586028 -12.776743957586028 -12.776743957586028 -12.776743957586028 -12.776743957586028 -12.776743957586028 -12.776743957586028 -12.776743957586028 -12.776743957586028 -12.776743957586028
0.829145728643216 -12.725846924773203 -12.725846924773203 -12.725846924773203 -12.725846924773203 -12.725846924773203 -12.725846924773203 -12.725846924773203 -12.725846924773203 -12.725846924773203 -12.725846924773203 -12.725846924773203 -12.725846924773203 -12.725846924773203
0.9045226130653266 -12.674949891960377 -12.674949891960377 -12.674949891960377 -12.674949891960377 -12.674949891960377 -12.674949891960377 -12.674949891960377 -12.674949891960377 -12.674949891960377 -12.674949891960377 -12.674949891960377 -12.674949891960377 -12.674949891960377
0.9798994974874371 -12.62405285914755 -12.62405285914755 -12.62405285914755 -12.62405285914755 -12.62405285914755 -12.62405285914755 -12.62405285914755 -12.62405285914755 -12.62405285914755 -12.62405285914755 -12.62405285914755 -12.62405285914755 -12.62405285914755
1.0552763819095476 -12.573155826334725 -12.573155826334725 -12.573155826334725 -12.573155826334725 -12.573155826334725 -12.573155826334725 -12.573155826334725 -12.573155826334725 -12.573155826334725 -12.573155826334725 -12.573155826334725 -12.573155826334725 -12.573155826334725
1.1306532663316582 -12.5222587935219 -12.5222587935219 -12.5222587935219 -12.5222587935219 -12.5222587935219 -12.5222587935219 -12.5222587935219 -12.5222587935219 -12.5222587935219 -12.5222587935219 -12.5222587935219 -12.5222587935219 -12.5222587935219
1.2060301507537687 -12.471361760709073 -12.471361760709073 -12.471361760709073 -12.471361760709073 -12.471361760709073 -12.471361760709073 -12.471361760709073 -12.471361760709073 -12.471361760709073 -12.471361760709073 -12.471361760709073 -12.471361760709073 -12.471361760709073
1.2814070351758793 -12.420464727896247 -12.420464727896247 -12.420464727896247 -12.420464727896247 -12.420464727896247 -12.420464727896247 -12.420464727896247 -12.420464727896247 -12.420464727896247 -12.420464727896247 -12.420464727896247 -12.420464727896247 -12.420464727896247
1.3567839195979898 -12.369567695083422 -12.369567695083422 -12.369567695083422 -12.369567695083422 -12.369567695083422 -12.369567695083422 -12.369567695083422 -12.369567695083422 -12.369567695083422 -12.369567695083422 -12.369567695083422 -12.369567695083422 -12.369567695083422
1.4321608040201004 -12.318670662270597 -12.318670662270597 -12.318670662270597 -12.318670662270597 -12.318670662270597 -12.318670662270597 -12.318670662270597 -12.318670662270597 -12.318670662270597 -12.318670662270597 -12.318670662270597 -12.318670662270597 -12.318670662270597
1.507537688442211 -12.26777362945777 -12.26777362945777 -12.26777362945777 -12.26777362945777 -12.26777362945777 -12.26777362945777 -12.26777362945777 -12.26777362945777 -12.26777362945777 -12.26777362945777 -12.26777362945777 -12.26777362945777 -12.26777362945777
1.5829145728643215 -12.216876596644944 -12.216876596644944 -12.216876596644944 -12.216876596644944 -12.216876596644944 -12.216876596644944 -12.216876596644944 -12.216876596644944 -12.216876596644944 -12.216876596644944 -12.216876596644944 -12.216876596644944 -12.216876596644944
1.658291457286432 -12.165979563832119 -12.165979563832119 -12.165979563832119 -12.165979563832119 -12.165979563832119 -12.165979563832119 -12.165979563832119 -12.165979563832119 -12.165979563832119 -12.165979563832119 -12.165979563832119 -12.165979563832119 -12.165979563832119
1.7336683417085426 -12.115082531019294 -12.115082531019294 -12.115082531019294 -12.115082531019294 -12.115082531019294 -12.115082531019294 -12.115082531019294 -12.115082531019294 -12.115082531019294 -12.115082531019294 -12.115082531019294 -12.115082531019294 -12.115082531019294
1.809045226130653 -12.064185498206466 -12.064185498206466 -12.064185498206466 -12.064185498206466 -12.064185498206466 -12.064185498206466 -12.064185498206466 -12.064185498206466 -12.064185498206466 -12.064185498206466 -12.064185498206466 -12.064185498206466 -12.064185498206466
1.8844221105527637 -12.013288465393641 -12.013288465393641 -12.013288465393641 -12.013288465393641 -12.013288465393641 -12.013288465393641 -12.013288465393641 -12.013288465393641 -12.013288465393641 -12.013288465393641 -12.013288465393641 -12.013288465393641 -12.013288465393641
1.9597989949748742 -11.962391432580816 -11.962391432580816 -11.962391432580816 -11.962391432580816 -11.962391432580816 -11.962391432580816 -11.962391432580816 -11.962391432580816 -11.962391432580816 -11.962391432580816 -11.962391432580816 -11.962391432580816 -11.962391432580816
2.0351758793969847 -11.911494399767989 -11.911494399767989 -11.911494399767989 -11.911494399767989 -11.911494399767989 -11.911494399767989 -11.911494399767989 -11.911494399767989 -11.911494399767989 -11.911494399767989 -11.911494399767989 -11.911494399767989 -11.911494399767989
2.1105527638190953 -11.860597366955163 -11.860597366955163 -11.860597366955163 -11.860597366955163 -11.860597366955163 -11.860597366955163 -11.860597366955163 -11.860597366955163 -11.860597366955163 -11.860597366955163 -11.860597366955163 -11.860597366955163 -11.860597366955163
2.185929648241206 -11.809700334142338 -11.809700334142338 -11.809700334142338 -11.809700334142338 -11.809700334142338 -11.809700334142338 -11.809700334142338 -11.809700334142338 -11.809700334142338 -11.809700334142338 -11.809700334142338 -11.809700334142338 -11.809700334142338
2.2613065326633164 -11.758803301329511 -11.758803301329511 -11.758803301329511 -11.758803301329511 -11.758803301329511 -11.758803301329511 -11.758803301329511 -11.758803301329511 -11.758803301329511 -11.758803301329511 -11.758803301329511 -11.758803301329511 -11.758803301329511
2.336683417085427 -11.707906268516686 -11.707906268516686 -11.707906268516686 -11.707906268516686 -11.707906268516686 -11.707906268516686 -11.707906268516686 -11.707906268516686 -11.707906268516686 -11.707906268516686 -11.707906268516686 -11.707906268516686 -11.707906268516686
2.4120603015075375 -11.65700923570386 -11.65700923570386 -11.65700923570386 -11.65700923570386 -11.65700923570386 -11.65700923570386 -11.65700923570386 -11.65700923570386 -11.65700923570386 -11.65700923570386 -11.65700923570386 -11.65700923570386 -11.65700923570386
2.487437185929648 -11.606112202891035 -11.606112202891035 -11.606112202891035 -11.606112202891035 -11.606112202891035 -11.606112202891035 -11.606112202891035 -11.606112202891035 -11.606112202891035 -11.606112202891035 -11.606112202891035 -11.606112202891035 -11.606112202891035
2.5628140703517586 -11.555215170078208 -11.555215170078208 -11.555215170078208 -11.555215170078208 -11.555215170078208 -11.555215170078208 -11.555215170078208 -11.555215170078208 -11.555215170078208 -11.555215170078208 -11.555215170078208 -11.555215170078208 -11.555215170078208
2.638190954773869 -11.504318137265383 -11.504318137265383 -11.504318137265383 -11.504318137265383 -11.504318137265383 -11.504318137265383 -11.504318137265383 -11.504318137265383 -11.504318137265383 -11.504318137265383 -11.504318137265383 -11.504318137265383 -11.504318137265383
2.7135678391959797 -11.453421104452557 -11.453421104452557 -11.453421104452557 -11.453421104452557 -11.453421104452557 -11.453421104452557 -11.453421104452557 -11.453421104452557 -11.453421104452557 -11.453421104452557 -11.453421104452557 -11.453421104452557 -11.453421104452557
2.78894472361809 -11.402524071639732 -11.402524071639732 -11.402524071639732 -11.402524071639732 -11.402524071639732 -11.402524071639732 -11.402524071639732 -11.402524071639732 -11.402524071639732 -11.402524071639732 -11.402524071639732 -11.402524071639732 -11.402524071639732
2.8643216080402008 -11.351627038826905 -11.351627038826905 -11.351627038826905 -11.351627038826905 -11.351627038826905 -11.351627038826905 -11.351627038826905 -11.351627038826905 -11.351627038826905 -11.351627038826905 -11.351627038826905 -11.351627038826905 -11.351627038826905
2.9396984924623113 -11.30073000601408 -11.30073000601408 -11.30073000601408 -11.30073000601408 -11.30073000601408 -11.30073000601408 -11.30073000601408 -11.30073000601408 -11.30073000601408 -11.30073000601408 -11.30073000601408 -11.30073000601408 -11.30073000601408
3.015075376884422 -11.249832973201254 -11.249832973201254 -11.249832973201254 -11.249832973201254 -11.249832973201254 -11.249832973201254 -11.249832973201254 -11.249832973201254 -11.249832973201254 -11.249832973201254 -11.249832973201254 -11.249832973201254 -11.249832973201254
3.0904522613065324 -11.198935940388427 -11.198935940388427 -11.198935940388427 -11.198935940388427 -11.198935940388427 -11.198935940388427 -11.198935940388427 -11.198935940388427 -11.198935940388427 -11.198935940388427 -11.198935940388427 -11.198935940388427 -11.198935940388427
3.165829145728643 -11.148038907575602 -11.148038907575602 -11.148038907575602 -11.148038907575602 -11.148038907575602 -11.148038907575602 -11.148038907575602 -11.148038907575602 -11.148038907575602 -11.148038907575602 -11.148038907575602 -11.148038907575602 -11.148038907575602
3.2412060301507535 -11.097141874762777 -11.097141874762777 -11.097141874762777 -11.097141874762777 -11.097141874762777 -11.097141874762777 -11.097141874762777 -11.097141874762777 -11.097141874762777 -11.097141874762777 -11.097141874762777 -11.097141874762777 -11.097141874762777
3.316582914572864 -11.04624484194995 -11.04624484194995 -11.04624484194995 -11.04624484194995 -11.04624484194995 -11.04624484194995 -11.04624484194995 -11.04624484194995 -11.04624484194995 -11.04624484194995 -11.04624484194995 -11.04624484194995 -11.04624484194995
3.3919597989949746 -10.995347809137124 -10.995347809137124 -10.995347809137124 -10.995347809137124 -10.995347809137124 -10.995347809137124 -10.995347809137124 -10.995347809137124 -10.995347809137124 -10.995347809137124 -10.995347809137124 -10.995347809137124 -10.995347809137124
3.467336683417085 -10.944450776324299 -10.944450776324299 -10.944450776324299 -10.944450776324299 -10.944450776324299 -10.944450776324299 -10.944450776324299 -10.944450776324299 -10.944450776324299 -10.944450776324299 -10.944450776324299 -10.944450776324299 -10.944450776324299
3.5427135678391957 -10.893553743511474 -10.893553743511474 -10.893553743511474 -10.893553743511474 -10.893553743511474 -10.893553743511474 -10.893553743511474 -10.893553743511474 -10.893553743511474 -10.893553743511474 -10.893553743511474 -10.893553743511474 -10.893553743511474
3.618090452261306 -10.842656710698646 -10.842656710698646 -10.842656710698646 -10.842656710698646 -10.842656710698646 -10.842656710698646 -10.842656710698646 -10.842656710698646 -10.842656710698646 -10.842656710698646 -10.842656710698646 -10.842656710698646 -10.842656710698646
3.6934673366834168 -10.791759677885821 -10.791759677885821 -10.791759677885821 -10.791759677885821 -10.791759677885821 -10.791759677885821 -10.791759677885821 -10.791759677885821 -10.791759677885821 -10.791759677885821 -10.791759677885821 -10.791759677885821 -10.791759677885821
3.7688442211055273 -10.740862645072996 -10.740862645072996 -10.740862645072996 -10.740862645072996 -10.740862645072996 -10.740862645072996 -10.740862645072996 -10.740862645072996 -10.740862645072996 -10.740862645072996 -10.740862645072996 -10.740862645072996 -10.740862645072996
3.844221105527638 -10.68996561226017 -10.68996561226017 -10.68996561226017 -10.68996561226017 -10.68996561226017 -10.68996561226017 -10.68996561226017 -10.68996561226017 -10.68996561226017 -10.68996561226017 -10.68996561226017 -10.68996561226017 -10.68996561226017
3.9195979899497484 -10.639068579447343 -10.639068579447343 -10.639068579447343 -10.639068579447343 -10.639068579447343 -10.639068579447343 -10.639068579447343 -10.639068579447343 -10.639068579447343 -10.639068579447343 -10.639068579447343 -10.639068579447343 -10.639068579447343
3.994974874371859 -10.588171546634518 -10.588171546634518 -10.588171546634518 -10.588171546634518 -10.588171546634518 -10.588171546634518 -10.588171546634518 -10.588171546634518 -10.588171546634518 -10.588171546634518 -10.588171546634518 -10.588171546634518 -10.588171546634518
4.0703517587939695 -10.537274513821693 -10.537274513821693 -10.537274513821693 -10.537274513821693 -10.537274513821693 -10.537274513821693 -10.537274513821693 -10.537274513821693 -10.537274513821693 -10.537274513821693 -10.537274513821693 -10.537274513821693 -10.537274513821693
4.14572864321608 -10.486377481008866 -10.486377481008866 -10.486377481008866 -10.486377481008866 -10.486377481008866 -10.486377481008866 -10.486377481008866 -10.486377481008866 -10.486377481008866 -10.486377481008866 -10.486377481008866 -10.486377481008866 -10.486377481008866
4.221105527638191 -10.43548044819604 -10.43548044819604 -10.43548044819604 -10.43548044819604 -10.43548044819604 -10.43548044819604 -10.43548044819604 -10.43548044819604 -10.43548044819604 -10.43548044819604 -10.43548044819604 -10.43548044819604 -10.43548044819604
