web/models/linear/16/-13_286_0_077.dat
# %ECSV 1.0
# ---
# datatype:
# - {name: time, datatype: float64}
# - {name: sdss_u, datatype: float64}
# - {name: sdss_g, datatype: float64}
# - {name: sdss_r, datatype: float64}
# - {name: sdss_i, datatype: float64}
# - {name: sdss_z, datatype: float64}
# - {name: Clear, datatype: float64}
# - {name: johnson_B, datatype: float64}
# - {name: johnson_V, datatype: float64}
# - {name: johnson_R, datatype: float64}
# - {name: johnson_I, datatype: float64}
# - {name: ukirt_J, datatype: float64}
# - {name: ukirt_H, datatype: float64}
# - {name: ukirt_K, datatype: float64}
# meta: !!omap
# - comment: [M=-13.285714285714286, dM=0.07696669794067013]
# schema: astropy-2.0
time sdss_u sdss_g sdss_r sdss_i sdss_z Clear johnson_B johnson_V johnson_R johnson_I ukirt_J ukirt_H ukirt_K
[from data line 175]
13.190954773869345 -12.270450054084844 -12.270450054084844 -12.270450054084844 -12.270450054084844 -12.270450054084844 -12.270450054084844 -12.270450054084844 -12.270450054084844 -12.270450054084844 -12.270450054084844 -12.270450054084844 -12.270450054084844 -12.270450054084844
13.266331658291456 -12.264648544189818 -12.264648544189818 -12.264648544189818 -12.264648544189818 -12.264648544189818 -12.264648544189818 -12.264648544189818 -12.264648544189818 -12.264648544189818 -12.264648544189818 -12.264648544189818 -12.264648544189818 -12.264648544189818
13.341708542713567 -12.258847034294792 -12.258847034294792 -12.258847034294792 -12.258847034294792 -12.258847034294792 -12.258847034294792 -12.258847034294792 -12.258847034294792 -12.258847034294792 -12.258847034294792 -12.258847034294792 -12.258847034294792 -12.258847034294792
13.417085427135678 -12.253045524399768 -12.253045524399768 -12.253045524399768 -12.253045524399768 -12.253045524399768 -12.253045524399768 -12.253045524399768 -12.253045524399768 -12.253045524399768 -12.253045524399768 -12.253045524399768 -12.253045524399768 -12.253045524399768
13.492462311557787 -12.247244014504743 -12.247244014504743 -12.247244014504743 -12.247244014504743 -12.247244014504743 -12.247244014504743 -12.247244014504743 -12.247244014504743 -12.247244014504743 -12.247244014504743 -12.247244014504743 -12.247244014504743 -12.247244014504743
13.567839195979898 -12.241442504609717 -12.241442504609717 -12.241442504609717 -12.241442504609717 -12.241442504609717 -12.241442504609717 -12.241442504609717 -12.241442504609717 -12.241442504609717 -12.241442504609717 -12.241442504609717 -12.241442504609717 -12.241442504609717
13.64321608040201 -12.235640994714691 -12.235640994714691 -12.235640994714691 -12.235640994714691 -12.235640994714691 -12.235640994714691 -12.235640994714691 -12.235640994714691 -12.235640994714691 -12.235640994714691 -12.235640994714691 -12.235640994714691 -12.235640994714691
13.718592964824118 -12.229839484819667 -12.229839484819667 -12.229839484819667 -12.229839484819667 -12.229839484819667 -12.229839484819667 -12.229839484819667 -12.229839484819667 -12.229839484819667 -12.229839484819667 -12.229839484819667 -12.229839484819667 -12.229839484819667
13.79396984924623 -12.224037974924642 -12.224037974924642 -12.224037974924642 -12.224037974924642 -12.224037974924642 -12.224037974924642 -12.224037974924642 -12.224037974924642 -12.224037974924642 -12.224037974924642 -12.224037974924642 -12.224037974924642 -12.224037974924642
13.86934673366834 -12.218236465029616 -12.218236465029616 -12.218236465029616 -12.218236465029616 -12.218236465029616 -12.218236465029616 -12.218236465029616 -12.218236465029616 -12.218236465029616 -12.218236465029616 -12.218236465029616 -12.218236465029616 -12.218236465029616
13.944723618090451 -12.21243495513459 -12.21243495513459 -12.21243495513459 -12.21243495513459 -12.21243495513459 -12.21243495513459 -12.21243495513459 -12.21243495513459 -12.21243495513459 -12.21243495513459 -12.21243495513459 -12.21243495513459 -12.21243495513459
14.020100502512562 -12.206633445239564 -12.206633445239564 -12.206633445239564 -12.206633445239564 -12.206633445239564 -12.206633445239564 -12.206633445239564 -12.206633445239564 -12.206633445239564 -12.206633445239564 -12.206633445239564 -12.206633445239564 -12.206633445239564
14.095477386934672 -12.200831935344539 -12.200831935344539 -12.200831935344539 -12.200831935344539 -12.200831935344539 -12.200831935344539 -12.200831935344539 -12.200831935344539 -12.200831935344539 -12.200831935344539 -12.200831935344539 -12.200831935344539 -12.200831935344539
14.170854271356783 -12.195030425449513 -12.195030425449513 -12.195030425449513 -12.195030425449513 -12.195030425449513 -12.195030425449513 -12.195030425449513 -12.195030425449513 -12.195030425449513 -12.195030425449513 -12.195030425449513 -12.195030425449513 -12.195030425449513
14.246231155778894 -12.189228915554489 -12.189228915554489 -12.189228915554489 -12.189228915554489 -12.189228915554489 -12.189228915554489 -12.189228915554489 -12.189228915554489 -12.189228915554489 -12.189228915554489 -12.189228915554489 -12.189228915554489 -12.189228915554489
14.321608040201003 -12.183427405659463 -12.183427405659463 -12.183427405659463 -12.183427405659463 -12.183427405659463 -12.183427405659463 -12.183427405659463 -12.183427405659463 -12.183427405659463 -12.183427405659463 -12.183427405659463 -12.183427405659463 -12.183427405659463
14.396984924623114 -12.177625895764438 -12.177625895764438 -12.177625895764438 -12.177625895764438 -12.177625895764438 -12.177625895764438 -12.177625895764438 -12.177625895764438 -12.177625895764438 -12.177625895764438 -12.177625895764438 -12.177625895764438 -12.177625895764438
14.472361809045225 -12.171824385869412 -12.171824385869412 -12.171824385869412 -12.171824385869412 -12.171824385869412 -12.171824385869412 -12.171824385869412 -12.171824385869412 -12.171824385869412 -12.171824385869412 -12.171824385869412 -12.171824385869412 -12.171824385869412
14.547738693467336 -12.166022875974386 -12.166022875974386 -12.166022875974386 -12.166022875974386 -12.166022875974386 -12.166022875974386 -12.166022875974386 -12.166022875974386 -12.166022875974386 -12.166022875974386 -12.166022875974386 -12.166022875974386 -12.166022875974386
14.623115577889447 -12.160221366079362 -12.160221366079362 -12.160221366079362 -12.160221366079362 -12.160221366079362 -12.160221366079362 -12.160221366079362 -12.160221366079362 -12.160221366079362 -12.160221366079362 -12.160221366079362 -12.160221366079362 -12.160221366079362
14.698492462311556 -12.154419856184337 -12.154419856184337 -12.154419856184337 -12.154419856184337 -12.154419856184337 -12.154419856184337 -12.154419856184337 -12.154419856184337 -12.154419856184337 -12.154419856184337 -12.154419856184337 -12.154419856184337 -12.154419856184337
14.773869346733667 -12.148618346289311 -12.148618346289311 -12.148618346289311 -12.148618346289311 -12.148618346289311 -12.148618346289311 -12.148618346289311 -12.148618346289311 -12.148618346289311 -12.148618346289311 -12.148618346289311 -12.148618346289311 -12.148618346289311
14.849246231155778 -12.142816836394285 -12.142816836394285 -12.142816836394285 -12.142816836394285 -12.142816836394285 -12.142816836394285 -12.142816836394285 -12.142816836394285 -12.142816836394285 -12.142816836394285 -12.142816836394285 -12.142816836394285 -12.142816836394285
14.924623115577887 -12.13701532649926 -12.13701532649926 -12.13701532649926 -12.13701532649926 -12.13701532649926 -12.13701532649926 -12.13701532649926 -12.13701532649926 -12.13701532649926 -12.13701532649926 -12.13701532649926 -12.13701532649926 -12.13701532649926
15.0 -12.131213816604234 -12.131213816604234 -12.131213816604234 -12.131213816604234 -12.131213816604234 -12.131213816604234 -12.131213816604234 -12.131213816604234 -12.131213816604234 -12.131213816604234 -12.131213816604234 -12.131213816604234 -12.131213816604234
