web/models/linear/16/-13_286_0_105.dat
# %ECSV 1.0
# ---
# datatype:
# - {name: time, datatype: float64}
# - {name: sdss_u, datatype: float64}
# - {name: sdss_g, datatype: float64}
# - {name: sdss_r, datatype: float64}
# - {name: sdss_i, datatype: float64}
# - {name: sdss_z, datatype: float64}
# - {name: Clear, datatype: float64}
# - {name: johnson_B, datatype: float64}
# - {name: johnson_V, datatype: float64}
# - {name: johnson_R, datatype: float64}
# - {name: johnson_I, datatype: float64}
# - {name: ukirt_J, datatype: float64}
# - {name: ukirt_H, datatype: float64}
# - {name: ukirt_K, datatype: float64}
# meta: !!omap
# - comment: [M=-13.285714285714286, dM=0.10496361336732253]
# schema: astropy-2.0
time sdss_u sdss_g sdss_r sdss_i sdss_z Clear johnson_B johnson_V johnson_R johnson_I ukirt_J ukirt_H ukirt_K
[from data line 58]
4.371859296482412 -12.826828136821971 -12.826828136821971 -12.826828136821971 -12.826828136821971 -12.826828136821971 -12.826828136821971 -12.826828136821971 -12.826828136821971 -12.826828136821971 -12.826828136821971 -12.826828136821971 -12.826828136821971 -12.826828136821971
4.447236180904522 -12.818916306668656 -12.818916306668656 -12.818916306668656 -12.818916306668656 -12.818916306668656 -12.818916306668656 -12.818916306668656 -12.818916306668656 -12.818916306668656 -12.818916306668656 -12.818916306668656 -12.818916306668656 -12.818916306668656
4.522613065326633 -12.81100447651534 -12.81100447651534 -12.81100447651534 -12.81100447651534 -12.81100447651534 -12.81100447651534 -12.81100447651534 -12.81100447651534 -12.81100447651534 -12.81100447651534 -12.81100447651534 -12.81100447651534 -12.81100447651534
4.597989949748744 -12.803092646362025 -12.803092646362025 -12.803092646362025 -12.803092646362025 -12.803092646362025 -12.803092646362025 -12.803092646362025 -12.803092646362025 -12.803092646362025 -12.803092646362025 -12.803092646362025 -12.803092646362025 -12.803092646362025
4.673366834170854 -12.79518081620871 -12.79518081620871 -12.79518081620871 -12.79518081620871 -12.79518081620871 -12.79518081620871 -12.79518081620871 -12.79518081620871 -12.79518081620871 -12.79518081620871 -12.79518081620871 -12.79518081620871 -12.79518081620871
4.748743718592964 -12.787268986055393 -12.787268986055393 -12.787268986055393 -12.787268986055393 -12.787268986055393 -12.787268986055393 -12.787268986055393 -12.787268986055393 -12.787268986055393 -12.787268986055393 -12.787268986055393 -12.787268986055393 -12.787268986055393
4.824120603015075 -12.779357155902078 -12.779357155902078 -12.779357155902078 -12.779357155902078 -12.779357155902078 -12.779357155902078 -12.779357155902078 -12.779357155902078 -12.779357155902078 -12.779357155902078 -12.779357155902078 -12.779357155902078 -12.779357155902078
4.899497487437186 -12.771445325748761 -12.771445325748761 -12.771445325748761 -12.771445325748761 -12.771445325748761 -12.771445325748761 -12.771445325748761 -12.771445325748761 -12.771445325748761 -12.771445325748761 -12.771445325748761 -12.771445325748761 -12.771445325748761
4.974874371859296 -12.763533495595446 -12.763533495595446 -12.763533495595446 -12.763533495595446 -12.763533495595446 -12.763533495595446 -12.763533495595446 -12.763533495595446 -12.763533495595446 -12.763533495595446 -12.763533495595446 -12.763533495595446 -12.763533495595446
5.050251256281406 -12.75562166544213 -12.75562166544213 -12.75562166544213 -12.75562166544213 -12.75562166544213 -12.75562166544213 -12.75562166544213 -12.75562166544213 -12.75562166544213 -12.75562166544213 -12.75562166544213 -12.75562166544213 -12.75562166544213
5.125628140703517 -12.747709835288815 -12.747709835288815 -12.747709835288815 -12.747709835288815 -12.747709835288815 -12.747709835288815 -12.747709835288815 -12.747709835288815 -12.747709835288815 -12.747709835288815 -12.747709835288815 -12.747709835288815 -12.747709835288815
5.201005025125628 -12.739798005135498 -12.739798005135498 -12.739798005135498 -12.739798005135498 -12.739798005135498 -12.739798005135498 -12.739798005135498 -12.739798005135498 -12.739798005135498 -12.739798005135498 -12.739798005135498 -12.739798005135498 -12.739798005135498
5.276381909547738 -12.731886174982183 -12.731886174982183 -12.731886174982183 -12.731886174982183 -12.731886174982183 -12.731886174982183 -12.731886174982183 -12.731886174982183 -12.731886174982183 -12.731886174982183 -12.731886174982183 -12.731886174982183 -12.731886174982183
5.351758793969848 -12.723974344828868 -12.723974344828868 -12.723974344828868 -12.723974344828868 -12.723974344828868 -12.723974344828868 -12.723974344828868 -12.723974344828868 -12.723974344828868 -12.723974344828868 -12.723974344828868 -12.723974344828868 -12.723974344828868
5.427135678391959 -12.716062514675551 -12.716062514675551 -12.716062514675551 -12.716062514675551 -12.716062514675551 -12.716062514675551 -12.716062514675551 -12.716062514675551 -12.716062514675551 -12.716062514675551 -12.716062514675551 -12.716062514675551 -12.716062514675551
5.50251256281407 -12.708150684522236 -12.708150684522236 -12.708150684522236 -12.708150684522236 -12.708150684522236 -12.708150684522236 -12.708150684522236 -12.708150684522236 -12.708150684522236 -12.708150684522236 -12.708150684522236 -12.708150684522236 -12.708150684522236
5.57788944723618 -12.70023885436892 -12.70023885436892 -12.70023885436892 -12.70023885436892 -12.70023885436892 -12.70023885436892 -12.70023885436892 -12.70023885436892 -12.70023885436892 -12.70023885436892 -12.70023885436892 -12.70023885436892 -12.70023885436892
5.6532663316582905 -12.692327024215604 -12.692327024215604 -12.692327024215604 -12.692327024215604 -12.692327024215604 -12.692327024215604 -12.692327024215604 -12.692327024215604 -12.692327024215604 -12.692327024215604 -12.692327024215604 -12.692327024215604 -12.692327024215604
5.7286432160804015 -12.684415194062288 -12.684415194062288 -12.684415194062288 -12.684415194062288 -12.684415194062288 -12.684415194062288 -12.684415194062288 -12.684415194062288 -12.684415194062288 -12.684415194062288 -12.684415194062288 -12.684415194062288 -12.684415194062288
5.8040201005025125 -12.676503363908973 -12.676503363908973 -12.676503363908973 -12.676503363908973 -12.676503363908973 -12.676503363908973 -12.676503363908973 -12.676503363908973 -12.676503363908973 -12.676503363908973 -12.676503363908973 -12.676503363908973 -12.676503363908973
5.879396984924623 -12.668591533755656 -12.668591533755656 -12.668591533755656 -12.668591533755656 -12.668591533755656 -12.668591533755656 -12.668591533755656 -12.668591533755656 -12.668591533755656 -12.668591533755656 -12.668591533755656 -12.668591533755656 -12.668591533755656
5.954773869346733 -12.66067970360234 -12.66067970360234 -12.66067970360234 -12.66067970360234 -12.66067970360234 -12.66067970360234 -12.66067970360234 -12.66067970360234 -12.66067970360234 -12.66067970360234 -12.66067970360234 -12.66067970360234 -12.66067970360234
6.030150753768844 -12.652767873449026 -12.652767873449026 -12.652767873449026 -12.652767873449026 -12.652767873449026 -12.652767873449026 -12.652767873449026 -12.652767873449026 -12.652767873449026 -12.652767873449026 -12.652767873449026 -12.652767873449026 -12.652767873449026
6.105527638190955 -12.64485604329571 -12.64485604329571 -12.64485604329571 -12.64485604329571 -12.64485604329571 -12.64485604329571 -12.64485604329571 -12.64485604329571 -12.64485604329571 -12.64485604329571 -12.64485604329571 -12.64485604329571 -12.64485604329571
6.180904522613065 -12.636944213142394 -12.636944213142394 -12.636944213142394 -12.636944213142394 -12.636944213142394 -12.636944213142394 -12.636944213142394 -12.636944213142394 -12.636944213142394 -12.636944213142394 -12.636944213142394 -12.636944213142394 -12.636944213142394
6.256281407035175 -12.629032382989077 -12.629032382989077 -12.629032382989077 -12.629032382989077 -12.629032382989077 -12.629032382989077 -12.629032382989077 -12.629032382989077 -12.629032382989077 -12.629032382989077 -12.629032382989077 -12.629032382989077 -12.629032382989077
6.331658291457286 -12.621120552835762 -12.621120552835762 -12.621120552835762 -12.621120552835762 -12.621120552835762 -12.621120552835762 -12.621120552835762 -12.621120552835762 -12.621120552835762 -12.621120552835762 -12.621120552835762 -12.621120552835762 -12.621120552835762
6.407035175879397 -12.613208722682446 -12.613208722682446 -12.613208722682446 -12.613208722682446 -12.613208722682446 -12.613208722682446 -12.613208722682446 -12.613208722682446 -12.613208722682446 -12.613208722682446 -12.613208722682446 -12.613208722682446 -12.613208722682446
6.482412060301507 -12.60529689252913 -12.60529689252913 -12.60529689252913 -12.60529689252913 -12.60529689252913 -12.60529689252913 -12.60529689252913 -12.60529689252913 -12.60529689252913 -12.60529689252913 -12.60529689252913 -12.60529689252913 -12.60529689252913
6.557788944723617 -12.597385062375814 -12.597385062375814 -12.597385062375814 -12.597385062375814 -12.597385062375814 -12.597385062375814 -12.597385062375814 -12.597385062375814 -12.597385062375814 -12.597385062375814 -12.597385062375814 -12.597385062375814 -12.597385062375814
6.633165829145728 -12.589473232222499 -12.589473232222499 -12.589473232222499 -12.589473232222499 -12.589473232222499 -12.589473232222499 -12.589473232222499 -12.589473232222499 -12.589473232222499 -12.589473232222499 -12.589473232222499 -12.589473232222499 -12.589473232222499
6.708542713567839 -12.581561402069184 -12.581561402069184 -12.581561402069184 -12.581561402069184 -12.581561402069184 -12.581561402069184 -12.581561402069184 -12.581561402069184 -12.581561402069184 -12.581561402069184 -12.581561402069184 -12.581561402069184 -12.581561402069184
6.783919597989949 -12.573649571915867 -12.573649571915867 -12.573649571915867 -12.573649571915867 -12.573649571915867 -12.573649571915867 -12.573649571915867 -12.573649571915867 -12.573649571915867 -12.573649571915867 -12.573649571915867 -12.573649571915867 -12.573649571915867
6.859296482412059 -12.565737741762552 -12.565737741762552 -12.565737741762552 -12.565737741762552 -12.565737741762552 -12.565737741762552 -12.565737741762552 -12.565737741762552 -12.565737741762552 -12.565737741762552 -12.565737741762552 -12.565737741762552 -12.565737741762552
6.93467336683417 -12.557825911609235 -12.557825911609235 -12.557825911609235 -12.557825911609235 -12.557825911609235 -12.557825911609235 -12.557825911609235 -12.557825911609235 -12.557825911609235 -12.557825911609235 -12.557825911609235 -12.557825911609235 -12.557825911609235
7.010050251256281 -12.54991408145592 -12.54991408145592 -12.54991408145592 -12.54991408145592 -12.54991408145592 -12.54991408145592 -12.54991408145592 -12.54991408145592 -12.54991408145592 -12.54991408145592 -12.54991408145592 -12.54991408145592 -12.54991408145592
7.085427135678391 -12.542002251302604 -12.542002251302604 -12.542002251302604 -12.542002251302604 -12.542002251302604 -12.542002251302604 -12.542002251302604 -12.542002251302604 -12.542002251302604 -12.542002251302604 -12.542002251302604 -12.542002251302604 -12.542002251302604
7.160804020100501 -12.534090421149289 -12.534090421149289 -12.534090421149289 -12.534090421149289 -12.534090421149289 -12.534090421149289 -12.534090421149289 -12.534090421149289 -12.534090421149289 -12.534090421149289 -12.534090421149289 -12.534090421149289 -12.534090421149289
7.236180904522612 -12.526178590995972 -12.526178590995972 -12.526178590995972 -12.526178590995972 -12.526178590995972 -12.526178590995972 -12.526178590995972 -12.526178590995972 -12.526178590995972 -12.526178590995972 -12.526178590995972 -12.526178590995972 -12.526178590995972
7.311557788944723 -12.518266760842657 -12.518266760842657 -12.518266760842657 -12.518266760842657 -12.518266760842657 -12.518266760842657 -12.518266760842657 -12.518266760842657 -12.518266760842657 -12.518266760842657 -12.518266760842657 -12.518266760842657 -12.518266760842657
7.3869346733668335 -12.510354930689342 -12.510354930689342 -12.510354930689342 -12.510354930689342 -12.510354930689342 -12.510354930689342 -12.510354930689342 -12.510354930689342 -12.510354930689342 -12.510354930689342 -12.510354930689342 -12.510354930689342 -12.510354930689342
7.462311557788944 -12.502443100536025 -12.502443100536025 -12.502443100536025 -12.502443100536025 -12.502443100536025 -12.502443100536025 -12.502443100536025 -12.502443100536025 -12.502443100536025 -12.502443100536025 -12.502443100536025 -12.502443100536025 -12.502443100536025
7.537688442211055 -12.49453127038271 -12.49453127038271 -12.49453127038271 -12.49453127038271 -12.49453127038271 -12.49453127038271 -12.49453127038271 -12.49453127038271 -12.49453127038271 -12.49453127038271 -12.49453127038271 -12.49453127038271 -12.49453127038271
7.613065326633166 -12.486619440229394 -12.486619440229394 -12.486619440229394 -12.486619440229394 -12.486619440229394 -12.486619440229394 -12.486619440229394 -12.486619440229394 -12.486619440229394 -12.486619440229394 -12.486619440229394 -12.486619440229394 -12.486619440229394
7.688442211055276 -12.478707610076079 -12.478707610076079 -12.478707610076079 -12.478707610076079 -12.478707610076079 -12.478707610076079 -12.478707610076079 -12.478707610076079 -12.478707610076079 -12.478707610076079 -12.478707610076079 -12.478707610076079 -12.478707610076079
7.763819095477386 -12.470795779922762 -12.470795779922762 -12.470795779922762 -12.470795779922762 -12.470795779922762 -12.470795779922762 -12.470795779922762 -12.470795779922762 -12.470795779922762 -12.470795779922762 -12.470795779922762 -12.470795779922762 -12.470795779922762
7.839195979899497 -12.462883949769447 -12.462883949769447 -12.462883949769447 -12.462883949769447 -12.462883949769447 -12.462883949769447 -12.462883949769447 -12.462883949769447 -12.462883949769447 -12.462883949769447 -12.462883949769447 -12.462883949769447 -12.462883949769447
7.914572864321608 -12.45497211961613 -12.45497211961613 -12.45497211961613 -12.45497211961613 -12.45497211961613 -12.45497211961613 -12.45497211961613 -12.45497211961613 -12.45497211961613 -12.45497211961613 -12.45497211961613 -12.45497211961613 -12.45497211961613
7.989949748743718 -12.447060289462815 -12.447060289462815 -12.447060289462815 -12.447060289462815 -12.447060289462815 -12.447060289462815 -12.447060289462815 -12.447060289462815 -12.447060289462815 -12.447060289462815 -12.447060289462815 -12.447060289462815 -12.447060289462815
8.065326633165828 -12.4391484593095 -12.4391484593095 -12.4391484593095 -12.4391484593095 -12.4391484593095 -12.4391484593095 -12.4391484593095 -12.4391484593095 -12.4391484593095 -12.4391484593095 -12.4391484593095 -12.4391484593095 -12.4391484593095
8.140703517587939 -12.431236629156183 -12.431236629156183 -12.431236629156183 -12.431236629156183 -12.431236629156183 -12.431236629156183 -12.431236629156183 -12.431236629156183 -12.431236629156183 -12.431236629156183 -12.431236629156183 -12.431236629156183 -12.431236629156183
8.21608040201005 -12.423324799002868 -12.423324799002868 -12.423324799002868 -12.423324799002868 -12.423324799002868 -12.423324799002868 -12.423324799002868 -12.423324799002868 -12.423324799002868 -12.423324799002868 -12.423324799002868 -12.423324799002868 -12.423324799002868
8.29145728643216 -12.415412968849552 -12.415412968849552 -12.415412968849552 -12.415412968849552 -12.415412968849552 -12.415412968849552 -12.415412968849552 -12.415412968849552 -12.415412968849552 -12.415412968849552 -12.415412968849552 -12.415412968849552 -12.415412968849552
8.36683417085427 -12.407501138696237 -12.407501138696237 -12.407501138696237 -12.407501138696237 -12.407501138696237 -12.407501138696237 -12.407501138696237 -12.407501138696237 -12.407501138696237 -12.407501138696237 -12.407501138696237 -12.407501138696237 -12.407501138696237
8.442211055276381 -12.39958930854292 -12.39958930854292 -12.39958930854292 -12.39958930854292 -12.39958930854292 -12.39958930854292 -12.39958930854292 -12.39958930854292 -12.39958930854292 -12.39958930854292 -12.39958930854292 -12.39958930854292 -12.39958930854292
8.517587939698492 -12.391677478389605 -12.391677478389605 -12.391677478389605 -12.391677478389605 -12.391677478389605 -12.391677478389605 -12.391677478389605 -12.391677478389605 -12.391677478389605 -12.391677478389605 -12.391677478389605 -12.391677478389605 -12.391677478389605
8.592964824120603 -12.383765648236288 -12.383765648236288 -12.383765648236288 -12.383765648236288 -12.383765648236288 -12.383765648236288 -12.383765648236288 -12.383765648236288 -12.383765648236288 -12.383765648236288 -12.383765648236288 -12.383765648236288 -12.383765648236288
8.668341708542712 -12.375853818082973 -12.375853818082973 -12.375853818082973 -12.375853818082973 -12.375853818082973 -12.375853818082973 -12.375853818082973 -12.375853818082973 -12.375853818082973 -12.375853818082973 -12.375853818082973 -12.375853818082973 -12.375853818082973
