web/models/grb/offaxis/23/grb_0.2967_26.8270_0.3981072.dat
# %ECSV 1.0
# ---
# datatype:
# - {name: time, datatype: float64}
# - {name: swift_uvot_uvw2, datatype: float64}
# - {name: swift_uvot_uvm2, datatype: float64}
# - {name: swift_uvot_uvw1, datatype: float64}
# - {name: swift_uvot_U, datatype: float64}
# - {name: swift_uvot_B, datatype: float64}
# - {name: swift_uvot_V, datatype: float64}
# - {name: swift_uvot_W, datatype: float64}
# - {name: johnson_U, datatype: float64}
# - {name: johnson_B, datatype: float64}
# - {name: johnson_V, datatype: float64}
# - {name: johnson_R, datatype: float64}
# - {name: johnson_I, datatype: float64}
# - {name: sdss_u, datatype: float64}
# - {name: sdss_g, datatype: float64}
# - {name: sdss_r, datatype: float64}
# - {name: sdss_i, datatype: float64}
# - {name: sdss_z, datatype: float64}
# - {name: PS1_g, datatype: float64}
# - {name: PS1_r, datatype: float64}
# - {name: PS1_i, datatype: float64}
# - {name: PS1_z, datatype: float64}
# - {name: PS1_Y, datatype: float64}
# - {name: PS1_w, datatype: float64}
# - {name: ATLAS_c, datatype: float64}
# - {name: ATLAS_o, datatype: float64}
# - {name: ukirt_J, datatype: float64}
# - {name: ukirt_H, datatype: float64}
# - {name: ukirt_K, datatype: float64}
# - {name: Clear, datatype: float64}
# meta: !!omap
# - comment: [E = 0.011641960487160343, Eta0 = 8.02, GammaB = 12.0, dL = 0.012188, epsb = 6.760829753919819e-06, epse = 0.1, n = 0.3981071705534969,
#     p = 2.15, theta_obs = 0.29670597283903605, xiN = 1.0, z = 0.0, type = grb, E_kiso = 26.826957952797247]
# schema: astropy-2.0
time swift_uvot_uvw2 swift_uvot_uvm2 swift_uvot_uvw1 swift_uvot_U swift_uvot_B swift_uvot_V swift_uvot_W johnson_U johnson_B johnson_V johnson_R johnson_I sdss_u sdss_g sdss_r sdss_i sdss_z PS1_g PS1_r PS1_i PS1_z PS1_Y PS1_w ATLAS_c ATLAS_o ukirt_J ukirt_H ukirt_K Clear
[from data line 155]
0.4023 -4.251 -4.202 -4.276 -4.469 -4.612 -4.751 -4.39 -4.492 -4.614 -4.756 -4.897 -5.045 -4.487 -4.659 -4.831 -4.952 -5.063 -4.723 -4.866 -4.986 -5.085 -5.253 -4.829 -4.734 -4.887 -5.275 -5.444 -5.634 -4.919
0.412 -4.267 -4.218 -4.293 -4.486 -4.628 -4.767 -4.406 -4.508 -4.63 -4.772 -4.913 -5.061 -4.503 -4.675 -4.847 -4.968 -5.079 -4.739 -4.882 -5.002 -5.101 -5.269 -4.845 -4.75 -4.903 -5.291 -5.46 -5.65 -4.935
0.422 -4.283 -4.234 -4.309 -4.502 -4.644 -4.783 -4.422 -4.524 -4.646 -4.788 -4.929 -5.077 -4.519 -4.692 -4.863 -4.984 -5.095 -4.755 -4.898 -5.018 -5.117 -5.285 -4.861 -4.766 -4.919 -5.307 -5.476 -5.666 -4.951
0.4322 -4.298 -4.249 -4.323 -4.516 -4.659 -4.798 -4.437 -4.539 -4.661 -4.803 -4.943 -5.092 -4.534 -4.706 -4.878 -4.999 -5.109 -4.77 -4.913 -5.032 -5.131 -5.3 -4.876 -4.781 -4.933 -5.321 -5.491 -5.681 -4.966
0.4426 -4.31 -4.261 -4.336 -4.529 -4.671 -4.81 -4.45 -4.551 -4.674 -4.816 -4.956 -5.105 -4.546 -4.719 -4.891 -5.011 -5.122 -4.783 -4.925 -5.045 -5.144 -5.312 -4.888 -4.793 -4.946 -5.334 -5.503 -5.694 -4.979
0.4533 -4.323 -4.274 -4.348 -4.541 -4.684 -4.823 -4.462 -4.564 -4.686 -4.828 -4.969 -5.117 -4.559 -4.731 -4.903 -5.024 -5.134 -4.795 -4.938 -5.057 -5.156 -5.325 -4.901 -4.806 -4.958 -5.346 -5.516 -5.706 -4.991
0.4642 -4.336 -4.286 -4.361 -4.554 -4.696 -4.835 -4.475 -4.576 -4.699 -4.841 -4.981 -5.13 -4.571 -4.744 -4.916 -5.036 -5.147 -4.808 -4.95 -5.07 -5.169 -5.337 -4.913 -4.818 -4.971 -5.359 -5.528 -5.719 -5.004
0.4754 -4.348 -4.299 -4.373 -4.566 -4.709 -4.848 -4.487 -4.589 -4.711 -4.853 -4.994 -5.142 -4.584 -4.756 -4.928 -5.049 -5.16 -4.82 -4.963 -5.082 -5.182 -5.35 -4.926 -4.831 -4.984 -5.371 -5.541 -5.731 -5.016
0.4869 -4.361 -4.311 -4.386 -4.579 -4.721 -4.86 -4.5 -4.601 -4.724 -4.866 -5.006 -5.155 -4.596 -4.769 -4.941 -5.061 -5.172 -4.833 -4.975 -5.095 -5.194 -5.362 -4.938 -4.843 -4.996 -5.384 -5.553 -5.744 -5.029
0.4986 -4.373 -4.324 -4.398 -4.591 -4.734 -4.873 -4.512 -4.614 -4.736 -4.878 -5.019 -5.167 -4.609 -4.781 -4.953 -5.074 -5.185 -4.845 -4.988 -5.108 -5.207 -5.375 -4.951 -4.856 -5.009 -5.397 -5.566 -5.756 -5.041
0.5106 -4.386 -4.336 -4.411 -4.604 -4.746 -4.885 -4.525 -4.626 -4.749 -4.891 -5.031 -5.18 -4.621 -4.794 -4.966 -5.086 -5.197 -4.858 -5.0 -5.12 -5.219 -5.387 -4.963 -4.868 -5.021 -5.409 -5.578 -5.769 -5.054
0.523 -4.398 -4.349 -4.424 -4.616 -4.759 -4.898 -4.537 -4.639 -4.761 -4.903 -5.044 -5.192 -4.634 -4.806 -4.978 -5.099 -5.21 -4.87 -5.013 -5.133 -5.232 -5.4 -4.976 -4.881 -5.034 -5.422 -5.591 -5.781 -5.066
0.5356 -4.411 -4.361 -4.436 -4.629 -4.771 -4.911 -4.55 -4.651 -4.774 -4.916 -5.056 -5.205 -4.646 -4.819 -4.991 -5.111 -5.222 -4.883 -5.025 -5.145 -5.244 -5.412 -4.989 -4.893 -5.046 -5.434 -5.603 -5.794 -5.079
0.5485 -4.42 -4.371 -4.446 -4.639 -4.781 -4.92 -4.559 -4.661 -4.783 -4.925 -5.066 -5.214 -4.656 -4.829 -5.0 -5.121 -5.232 -4.892 -5.035 -5.155 -5.254 -5.422 -4.998 -4.903 -5.056 -5.444 -5.613 -5.803 -5.088
0.5617 -4.427 -4.378 -4.453 -4.646 -4.788 -4.927 -4.567 -4.668 -4.791 -4.933 -5.073 -5.222 -4.663 -4.836 -5.008 -5.128 -5.239 -4.9 -5.042 -5.162 -5.261 -5.429 -5.005 -4.91 -5.063 -5.451 -5.62 -5.811 -5.096
0.5753 -4.435 -4.385 -4.46 -4.653 -4.795 -4.935 -4.574 -4.675 -4.798 -4.94 -5.08 -5.229 -4.67 -4.843 -5.015 -5.136 -5.246 -4.907 -5.049 -5.169 -5.268 -5.436 -5.013 -4.917 -5.07 -5.458 -5.627 -5.818 -5.103
0.5891 -4.442 -4.392 -4.467 -4.66 -4.803 -4.942 -4.581 -4.683 -4.805 -4.947 -5.087 -5.236 -4.678 -4.85 -5.022 -5.143 -5.253 -4.914 -5.057 -5.176 -5.275 -5.444 -5.02 -4.925 -5.077 -5.465 -5.635 -5.825 -5.11
0.6034 -4.449 -4.4 -4.475 -4.667 -4.81 -4.949 -4.588 -4.69 -4.812 -4.954 -5.095 -5.243 -4.685 -4.857 -5.029 -5.15 -5.261 -4.921 -5.064 -5.184 -5.283 -5.451 -5.027 -4.932 -5.085 -5.473 -5.642 -5.832 -5.117
0.6179 -4.456 -4.407 -4.482 -4.675 -4.817 -4.956 -4.595 -4.697 -4.82 -4.961 -5.102 -5.25 -4.692 -4.865 -5.036 -5.157 -5.268 -4.928 -5.071 -5.191 -5.29 -5.458 -5.034 -4.939 -5.092 -5.48 -5.649 -5.839 -5.124
0.6328 -4.464 -4.414 -4.489 -4.682 -4.824 -4.963 -4.603 -4.704 -4.827 -4.969 -5.109 -5.258 -4.699 -4.872 -5.044 -5.164 -5.275 -4.936 -5.078 -5.198 -5.297 -5.465 -5.041 -4.946 -5.099 -5.487 -5.656 -5.847 -5.132
0.6481 -4.471 -4.421 -4.496 -4.689 -4.832 -4.971 -4.61 -4.712 -4.834 -4.976 -5.116 -5.265 -4.706 -4.879 -5.051 -5.172 -5.282 -4.943 -5.085 -5.205 -5.304 -5.473 -5.049 -4.953 -5.106 -5.494 -5.664 -5.854 -5.139
0.6637 -4.478 -4.429 -4.503 -4.696 -4.839 -4.978 -4.617 -4.719 -4.841 -4.983 -5.124 -5.272 -4.714 -4.886 -5.058 -5.179 -5.289 -4.95 -5.093 -5.212 -5.311 -5.48 -5.056 -4.961 -5.113 -5.501 -5.671 -5.861 -5.146
0.6797 -4.485 -4.436 -4.511 -4.704 -4.846 -4.985 -4.624 -4.726 -4.848 -4.99 -5.131 -5.279 -4.721 -4.893 -5.065 -5.186 -5.297 -4.957 -5.1 -5.22 -5.319 -5.487 -5.063 -4.968 -5.121 -5.509 -5.678 -5.868 -5.153
0.6961 -4.496 -4.446 -4.521 -4.714 -4.857 -4.996 -4.635 -4.737 -4.859 -5.001 -5.141 -5.29 -4.732 -4.904 -5.076 -5.197 -5.307 -4.968 -5.11 -5.23 -5.329 -5.498 -5.074 -4.979 -5.131 -5.519 -5.689 -5.879 -5.164
0.7129 -4.508 -4.459 -4.533 -4.726 -4.869 -5.008 -4.647 -4.749 -4.871 -5.013 -5.154 -5.302 -4.744 -4.916 -5.088 -5.209 -5.32 -4.98 -5.123 -5.243 -5.342 -5.51 -5.086 -4.991 -5.144 -5.532 -5.701 -5.891 -5.176
0.7301 -4.52 -4.471 -4.546 -4.739 -4.881 -5.02 -4.659 -4.761 -4.884 -5.025 -5.166 -5.314 -4.756 -4.929 -5.1 -5.221 -5.332 -4.992 -5.135 -5.255 -5.354 -5.522 -5.098 -5.003 -5.156 -5.544 -5.713 -5.903 -5.188
0.7477 -4.533 -4.483 -4.558 -4.751 -4.893 -5.032 -4.672 -4.773 -4.896 -5.038 -5.178 -5.327 -4.768 -4.941 -5.113 -5.233 -5.344 -5.005 -5.147 -5.267 -5.366 -5.534 -5.11 -5.015 -5.168 -5.556 -5.725 -5.916 -5.201
0.7658 -4.545 -4.495 -4.57 -4.763 -4.906 -5.045 -4.684 -4.786 -4.908 -5.05 -5.19 -5.339 -4.781 -4.953 -5.125 -5.246 -5.356 -5.017 -5.159 -5.279 -5.378 -5.547 -5.123 -5.028 -5.18 -5.568 -5.738 -5.928 -5.213
0.7842 -4.557 -4.508 -4.582 -4.775 -4.918 -5.057 -4.696 -4.798 -4.92 -5.062 -5.203 -5.351 -4.793 -4.965 -5.137 -5.258 -5.369 -5.029 -5.172 -5.292 -5.391 -5.559 -5.135 -5.04 -5.193 -5.581 -5.75 -5.94 -5.225
0.8032 -4.569 -4.52 -4.595 -4.788 -4.93 -5.069 -4.708 -4.81 -4.933 -5.074 -5.215 -5.363 -4.805 -4.978 -5.149 -5.27 -5.381 -5.041 -5.184 -5.304 -5.403 -5.571 -5.147 -5.052 -5.205 -5.593 -5.762 -5.952 -5.237
0.8225 -4.582 -4.532 -4.607 -4.8 -4.942 -5.081 -4.721 -4.822 -4.945 -5.087 -5.227 -5.376 -4.817 -4.99 -5.162 -5.282 -5.393 -5.054 -5.196 -5.316 -5.415 -5.583 -5.159 -5.064 -5.217 -5.605 -5.774 -5.965 -5.25
0.8424 -4.594 -4.544 -4.619 -4.812 -4.955 -5.094 -4.733 -4.835 -4.957 -5.099 -5.239 -5.388 -4.83 -5.002 -5.174 -5.295 -5.405 -5.066 -5.208 -5.328 -5.427 -5.596 -5.172 -5.077 -5.229 -5.617 -5.787 -5.977 -5.262
0.8627 -4.606 -4.557 -4.631 -4.824 -4.967 -5.106 -4.745 -4.847 -4.969 -5.111 -5.252 -5.4 -4.842 -5.014 -5.186 -5.307 -5.418 -5.078 -5.221 -5.341 -5.44 -5.608 -5.184 -5.089 -5.242 -5.63 -5.799 -5.989 -5.274
0.8835 -4.614 -4.565 -4.639 -4.832 -4.975 -5.114 -4.753 -4.855 -4.977 -5.119 -5.26 -5.408 -4.85 -5.022 -5.194 -5.315 -5.426 -5.086 -5.229 -5.349 -5.448 -5.616 -5.192 -5.097 -5.25 -5.638 -5.807 -5.997 -5.282
0.9048 -4.621 -4.572 -4.647 -4.84 -4.982 -5.121 -4.76 -4.862 -4.984 -5.126 -5.267 -5.415 -4.857 -5.03 -5.201 -5.322 -5.433 -5.093 -5.236 -5.356 -5.455 -5.623 -5.199 -5.104 -5.257 -5.645 -5.814 -6.004 -5.289
0.9266 -4.628 -4.579 -4.654 -4.847 -4.989 -5.128 -4.767 -4.869 -4.992 -5.133 -5.274 -5.422 -4.864 -5.037 -5.208 -5.329 -5.44 -5.1 -5.243 -5.363 -5.462 -5.63 -5.206 -5.111 -5.264 -5.652 -5.821 -6.011 -5.296
0.949 -4.635 -4.586 -4.661 -4.854 -4.996 -5.135 -4.775 -4.876 -4.999 -5.141 -5.281 -5.43 -4.871 -5.044 -5.216 -5.336 -5.447 -5.108 -5.25 -5.37 -5.469 -5.637 -5.213 -5.118 -5.271 -5.659 -5.828 -6.019 -5.304
0.9719 -4.643 -4.593 -4.668 -4.861 -5.003 -5.142 -4.782 -4.883 -5.006 -5.148 -5.288 -5.437 -4.878 -5.051 -5.223 -5.343 -5.454 -5.115 -5.257 -5.377 -5.476 -5.644 -5.22 -5.125 -5.278 -5.666 -5.835 -6.026 -5.311
0.9953 -4.65 -4.6 -4.675 -4.868 -5.01 -5.15 -4.789 -4.89 -5.013 -5.155 -5.295 -5.444 -4.885 -5.058 -5.23 -5.351 -5.461 -5.122 -5.264 -5.384 -5.483 -5.651 -5.228 -5.132 -5.285 -5.673 -5.842 -6.033 -5.318
1.0194 -4.657 -4.607 -4.682 -4.875 -5.018 -5.157 -4.796 -4.898 -5.02 -5.162 -5.302 -5.451 -4.893 -5.065 -5.237 -5.358 -5.468 -5.129 -5.271 -5.391 -5.49 -5.659 -5.235 -5.14 -5.292 -5.68 -5.85 -6.04 -5.325
1.0439 -4.664 -4.615 -4.689 -4.882 -5.025 -5.164 -4.803 -4.905 -5.027 -5.169 -5.309 -5.458 -4.9 -5.072 -5.244 -5.365 -5.475 -5.136 -5.279 -5.398 -5.497 -5.666 -5.242 -5.147 -5.299 -5.687 -5.857 -6.047 -5.332
1.0691 -4.671 -4.622 -4.696 -4.889 -5.032 -5.171 -4.81 -4.912 -5.034 -5.176 -5.317 -5.465 -4.907 -5.079 -5.251 -5.372 -5.483 -5.143 -5.286 -5.406 -5.505 -5.673 -5.249 -5.154 -5.307 -5.695 -5.864 -6.054 -5.339
1.0949 -4.678 -4.629 -4.704 -4.897 -5.039 -5.178 -4.817 -4.919 -5.041 -5.183 -5.324 -5.472 -4.914 -5.086 -5.258 -5.379 -5.49 -5.15 -5.293 -5.413 -5.512 -5.68 -5.256 -5.161 -5.314 -5.702 -5.871 -6.061 -5.346
1.1213 -4.681 -4.631 -4.706 -4.899 -5.042 -5.181 -4.82 -4.922 -5.044 -5.186 -5.326 -5.475 -4.917 -5.089 -5.261 -5.382 -5.492 -5.153 -5.296 -5.415 -5.514 -5.683 -5.259 -5.164 -5.316 -5.704 -5.874 -6.064 -5.349
1.1484 -4.683 -4.634 -4.709 -4.902 -5.044 -5.183 -4.823 -4.924 -5.047 -5.188 -5.329 -5.478 -4.919 -5.092 -5.264 -5.384 -5.495 -5.155 -5.298 -5.418 -5.517 -5.685 -5.261 -5.166 -5.319 -5.707 -5.876 -6.067 -5.352
1.1761 -4.686 -4.637 -4.711 -4.904 -5.047 -5.186 -4.825 -4.927 -5.049 -5.191 -5.332 -5.48 -4.922 -5.094 -5.266 -5.387 -5.497 -5.158 -5.301 -5.42 -5.519 -5.688 -5.264 -5.169 -5.321 -5.709 -5.879 -6.069 -5.354
1.2044 -4.689 -4.639 -4.714 -4.907 -5.049 -5.188 -4.828 -4.929 -5.052 -5.194 -5.334 -5.483 -4.924 -5.097 -5.269 -5.389 -5.5 -5.161 -5.303 -5.423 -5.522 -5.69 -5.266 -5.171 -5.324 -5.712 -5.881 -6.072 -5.357
1.2335 -4.691 -4.642 -4.716 -4.909 -5.052 -5.191 -4.83 -4.932 -5.054 -5.196 -5.337 -5.485 -4.927 -5.099 -5.271 -5.392 -5.503 -5.163 -5.306 -5.426 -5.525 -5.693 -5.269 -5.174 -5.327 -5.715 -5.884 -6.074 -5.359
1.2633 -4.694 -4.644 -4.719 -4.912 -5.054 -5.194 -4.833 -4.934 -5.057 -5.199 -5.339 -5.488 -4.929 -5.102 -5.274 -5.394 -5.505 -5.166 -5.308 -5.428 -5.527 -5.695 -5.272 -5.176 -5.329 -5.717 -5.886 -6.077 -5.362
1.2937 -4.696 -4.647 -4.722 -4.915 -5.057 -5.196 -4.835 -4.937 -5.059 -5.201 -5.342 -5.49 -4.932 -5.104 -5.276 -5.397 -5.508 -5.168 -5.311 -5.431 -5.53 -5.698 -5.274 -5.179 -5.332 -5.72 -5.889 -6.079 -5.364
1.3249 -4.699 -4.649 -4.724 -4.917 -5.06 -5.199 -4.838 -4.939 -5.062 -5.204 -5.344 -5.493 -4.934 -5.107 -5.279 -5.4 -5.51 -5.171 -5.313 -5.433 -5.532 -5.7 -5.277 -5.181 -5.334 -5.722 -5.892 -6.082 -5.367
1.3569 -4.701 -4.652 -4.727 -4.92 -5.062 -5.201 -4.84 -4.942 -5.064 -5.206 -5.347 -5.495 -4.937 -5.11 -5.281 -5.402 -5.513 -5.173 -5.316 -5.436 -5.535 -5.703 -5.279 -5.184 -5.337 -5.725 -5.894 -6.084 -5.369
1.3896 -4.707 -4.657 -4.732 -4.925 -5.068 -5.207 -4.846 -4.948 -5.07 -5.212 -5.352 -5.501 -4.943 -5.115 -5.287 -5.408 -5.518 -5.179 -5.322 -5.441 -5.54 -5.709 -5.285 -5.19 -5.342 -5.73 -5.9 -6.09 -5.375
1.4232 -4.737 -4.687 -4.762 -4.955 -5.098 -5.237 -4.876 -4.978 -5.1 -5.242 -5.382 -5.531 -4.973 -5.145 -5.317 -5.438 -5.548 -5.209 -5.351 -5.471 -5.57 -5.739 -5.315 -5.22 -5.372 -5.76 -5.93 -6.12 -5.405
1.4575 -4.767 -4.717 -4.792 -4.985 -5.128 -5.267 -4.906 -5.008 -5.13 -5.272 -5.412 -5.561 -5.003 -5.175 -5.347 -5.468 -5.578 -5.239 -5.381 -5.501 -5.6 -5.769 -5.345 -5.25 -5.402 -5.79 -5.96 -6.15 -5.435
1.4927 -4.797 -4.747 -4.822 -5.015 -5.158 -5.297 -4.936 -5.038 -5.16 -5.302 -5.442 -5.591 -5.032 -5.205 -5.377 -5.498 -5.608 -5.269 -5.411 -5.531 -5.63 -5.799 -5.375 -5.279 -5.432 -5.82 -5.99 -6.18 -5.465
1.5287 -4.827 -4.777 -4.852 -5.045 -5.187 -5.327 -4.966 -5.067 -5.19 -5.332 -5.472 -5.621 -5.062 -5.235 -5.407 -5.528 -5.638 -5.299 -5.441 -5.561 -5.66 -5.828 -5.405 -5.309 -5.462 -5.85 -6.019 -6.21 -5.495
1.5655 -4.857 -4.807 -4.882 -5.075 -5.217 -5.357 -4.996 -5.097 -5.22 -5.362 -5.502 -5.651 -5.092 -5.265 -5.437 -5.558 -5.668 -5.329 -5.471 -5.591 -5.69 -5.858 -5.435 -5.339 -5.492 -5.88 -6.049 -6.24 -5.525
1.6033 -4.887 -4.837 -4.912 -5.105 -5.247 -5.387 -5.026 -5.127 -5.25 -5.392 -5.532 -5.681 -5.122 -5.295 -5.467 -5.587 -5.698 -5.359 -5.501 -5.621 -5.72 -5.888 -5.465 -5.369 -5.522 -5.91 -6.079 -6.27 -5.555
1.642 -4.917 -4.867 -4.942 -5.135 -5.277 -5.416 -5.056 -5.157 -5.28 -5.422 -5.562 -5.711 -5.152 -5.325 -5.497 -5.617 -5.728 -5.389 -5.531 -5.651 -5.75 -5.918 -5.494 -5.399 -5.552 -5.94 -6.109 -6.3 -5.585
1.6816 -4.947 -4.897 -4.972 -5.165 -5.307 -5.446 -5.086 -5.187 -5.31 -5.452 -5.592 -5.741 -5.182 -5.355 -5.527 -5.647 -5.758 -5.419 -5.561 -5.681 -5.78 -5.948 -5.524 -5.429 -5.582 -5.97 -6.139 -6.33 -5.615
1.7222 -4.976 -4.927 -5.002 -5.195 -5.337 -5.476 -5.116 -5.217 -5.34 -5.482 -5.622 -5.771 -5.212 -5.385 -5.557 -5.677 -5.788 -5.449 -5.591 -5.711 -5.81 -5.978 -5.554 -5.459 -5.612 -6.0 -6.169 -6.36 -5.645
1.7637 -4.999 -4.949 -5.024 -5.217 -5.359 -5.499 -5.138 -5.239 -5.362 -5.504 -5.644 -5.793 -5.234 -5.407 -5.579 -5.699 -5.81 -5.471 -5.613 -5.733 -5.832 -6.0 -5.577 -5.481 -5.634 -6.022 -6.191 -6.382 -5.667
1.8062 -4.998 -4.949 -5.023 -5.216 -5.359 -5.498 -5.137 -5.239 -5.361 -5.503 -5.644 -5.792 -5.234 -5.406 -5.578 -5.699 -5.81 -5.47 -5.613 -5.733 -5.832 -6.0 -5.576 -5.481 -5.634 -6.022 -6.191 -6.381 -5.666
1.8498 -4.998 -4.948 -5.023 -5.216 -5.358 -5.497 -5.137 -5.238 -5.361 -5.503 -5.643 -5.792 -5.233 -5.406 -5.578 -5.698 -5.809 -5.47 -5.612 -5.732 -5.831 -5.999 -5.575 -5.48 -5.633 -6.021 -6.19 -6.381 -5.666
1.8944 -4.997 -4.948 -5.022 -5.215 -5.358 -5.497 -5.136 -5.238 -5.36 -5.502 -5.643 -5.791 -5.233 -5.405 -5.577 -5.698 -5.808 -5.469 -5.612 -5.731 -5.83 -5.999 -5.575 -5.48 -5.632 -6.02 -6.19 -6.38 -5.665
1.9401 -4.996 -4.947 -5.022 -5.215 -5.357 -5.496 -5.136 -5.237 -5.36 -5.502 -5.642 -5.791 -5.232 -5.405 -5.577 -5.697 -5.808 -5.469 -5.611 -5.731 -5.83 -5.998 -5.574 -5.479 -5.632 -6.02 -6.189 -6.38 -5.665
1.9869 -4.996 -4.946 -5.021 -5.214 -5.357 -5.496 -5.135 -5.237 -5.359 -5.501 -5.641 -5.79 -5.232 -5.404 -5.576 -5.697 -5.807 -5.468 -5.611 -5.73 -5.829 -5.998 -5.574 -5.479 -5.631 -6.019 -6.189 -6.379 -5.664
2.0349 -4.995 -4.946 -5.021 -5.214 -5.356 -5.495 -5.134 -5.236 -5.359 -5.5 -5.641 -5.789 -5.231 -5.404 -5.576 -5.696 -5.807 -5.467 -5.61 -5.73 -5.829 -5.997 -5.573 -5.478 -5.631 -6.019 -6.188 -6.378 -5.663
2.084 -4.995 -4.945 -5.02 -5.213 -5.356 -5.495 -5.134 -5.236 -5.358 -5.5 -5.64 -5.789 -5.231 -5.403 -5.575 -5.696 -5.806 -5.467 -5.609 -5.729 -5.828 -5.997 -5.573 -5.478 -5.63 -6.018 -6.188 -6.378 -5.663
2.1342 -4.994 -4.945 -5.02 -5.213 -5.355 -5.494 -5.133 -5.235 -5.357 -5.499 -5.64 -5.788 -5.23 -5.403 -5.574 -5.695 -5.806 -5.466 -5.609 -5.729 -5.828 -5.996 -5.572 -5.477 -5.63 -6.018 -6.187 -6.377 -5.662
2.1857 -4.994 -4.944 -5.019 -5.212 -5.355 -5.494 -5.133 -5.234 -5.357 -5.499 -5.639 -5.788 -5.229 -5.402 -5.574 -5.695 -5.805 -5.466 -5.608 -5.728 -5.827 -5.995 -5.572 -5.476 -5.629 -6.017 -6.187 -6.377 -5.662
2.2384 -4.992 -4.943 -5.018 -5.211 -5.353 -5.492 -5.132 -5.233 -5.356 -5.498 -5.638 -5.787 -5.228 -5.401 -5.573 -5.693 -5.804 -5.465 -5.607 -5.727 -5.826 -5.994 -5.57 -5.475 -5.628 -6.016 -6.185 -6.376 -5.661
2.2924 -4.99 -4.941 -5.016 -5.209 -5.351 -5.49 -5.129 -5.231 -5.353 -5.495 -5.636 -5.784 -5.226 -5.398 -5.57 -5.691 -5.802 -5.462 -5.605 -5.725 -5.824 -5.992 -5.568 -5.473 -5.626 -6.014 -6.183 -6.373 -5.658
2.3477 -4.988 -4.938 -5.013 -5.206 -5.349 -5.488 -5.127 -5.229 -5.351 -5.493 -5.633 -5.782 -5.224 -5.396 -5.568 -5.689 -5.799 -5.46 -5.602 -5.722 -5.821 -5.99 -5.566 -5.471 -5.623 -6.011 -6.181 -6.371 -5.656
2.4044 -4.985 -4.936 -5.011 -5.204 -5.346 -5.485 -5.125 -5.226 -5.349 -5.491 -5.631 -5.78 -5.221 -5.394 -5.566 -5.686 -5.797 -5.458 -5.6 -5.72 -5.819 -5.987 -5.563 -5.468 -5.621 -6.009 -6.178 -6.369 -5.654
2.4624 -4.983 -4.934 -5.009 -5.201 -5.344 -5.483 -5.122 -5.224 -5.346 -5.488 -5.629 -5.777 -5.219 -5.391 -5.563 -5.684 -5.795 -5.455 -5.598 -5.718 -5.817 -5.985 -5.561 -5.466 -5.619 -6.007 -6.176 -6.366 -5.651
