web/models/grb/offaxis/23/grb_0.2967_13.8950_0.0010000.dat
# %ECSV 1.0
# ---
# datatype:
# - {name: time, datatype: float64}
# - {name: swift_uvot_uvw2, datatype: float64}
# - {name: swift_uvot_uvm2, datatype: float64}
# - {name: swift_uvot_uvw1, datatype: float64}
# - {name: swift_uvot_U, datatype: float64}
# - {name: swift_uvot_B, datatype: float64}
# - {name: swift_uvot_V, datatype: float64}
# - {name: swift_uvot_W, datatype: float64}
# - {name: johnson_U, datatype: float64}
# - {name: johnson_B, datatype: float64}
# - {name: johnson_V, datatype: float64}
# - {name: johnson_R, datatype: float64}
# - {name: johnson_I, datatype: float64}
# - {name: sdss_u, datatype: float64}
# - {name: sdss_g, datatype: float64}
# - {name: sdss_r, datatype: float64}
# - {name: sdss_i, datatype: float64}
# - {name: sdss_z, datatype: float64}
# - {name: PS1_g, datatype: float64}
# - {name: PS1_r, datatype: float64}
# - {name: PS1_i, datatype: float64}
# - {name: PS1_z, datatype: float64}
# - {name: PS1_Y, datatype: float64}
# - {name: ukirt_J, datatype: float64}
# - {name: ukirt_H, datatype: float64}
# - {name: ukirt_K, datatype: float64}
# meta: !!omap
# - comment: [E = 0.006029923955985727, Eta0 = 8.02, GammaB = 12.0, dL = 0.012188, epsb = 6.760829753919819e-06, epse = 0.1, n = 0.001,
#     p = 2.15, theta_obs = 0.29670597283903605, xiN = 1.0, z = 0.0, type = grb, E_kiso = 13.894954943731374]
# schema: astropy-2.0
time swift_uvot_uvw2 swift_uvot_uvm2 swift_uvot_uvw1 swift_uvot_U swift_uvot_B swift_uvot_V swift_uvot_W johnson_U johnson_B johnson_V johnson_R johnson_I sdss_u sdss_g sdss_r sdss_i sdss_z PS1_g PS1_r PS1_i PS1_z PS1_Y ukirt_J ukirt_H ukirt_K
[from data line 99]
0.1059 4.631 4.68 4.606 4.413 4.27 4.131 4.492 4.39 4.268 4.126 3.985 3.837 4.395 4.223 4.051 3.93 3.819 4.159 4.016 3.897 3.797 3.629 3.608 3.438 3.248
0.1084 4.564 4.614 4.539 4.346 4.203 4.064 4.425 4.323 4.201 4.059 3.919 3.77 4.328 4.156 3.984 3.863 3.753 4.092 3.95 3.83 3.731 3.562 3.541 3.371 3.181
0.1111 4.497 4.547 4.472 4.279 4.137 3.997 4.358 4.257 4.134 3.992 3.852 3.703 4.262 4.089 3.917 3.797 3.686 4.025 3.883 3.763 3.664 3.496 3.474 3.305 3.114
0.1137 4.431 4.48 4.405 4.212 4.07 3.931 4.291 4.19 4.067 3.926 3.785 3.636 4.195 4.022 3.85 3.73 3.619 3.959 3.816 3.696 3.597 3.429 3.407 3.238 3.047
0.1165 4.364 4.413 4.338 4.145 4.003 3.864 4.225 4.123 4.001 3.859 3.718 3.57 4.128 3.955 3.784 3.663 3.552 3.892 3.749 3.629 3.53 3.362 3.34 3.171 2.981
0.1193 4.297 4.347 4.272 4.079 3.937 3.797 4.158 4.057 3.934 3.792 3.652 3.503 4.062 3.889 3.717 3.597 3.486 3.825 3.683 3.563 3.464 3.296 3.274 3.105 2.914
0.1222 4.253 4.302 4.227 4.034 3.892 3.753 4.114 4.012 3.889 3.748 3.607 3.458 4.017 3.844 3.672 3.552 3.441 3.781 3.638 3.518 3.419 3.251 3.229 3.06 2.869
0.1251 4.208 4.257 4.182 3.989 3.847 3.708 4.069 3.967 3.845 3.703 3.562 3.414 3.972 3.799 3.628 3.507 3.396 3.736 3.593 3.473 3.374 3.206 3.184 3.015 2.825
0.1281 4.163 4.212 4.138 3.945 3.802 3.663 4.024 3.922 3.8 3.658 3.517 3.369 3.927 3.755 3.583 3.462 3.352 3.691 3.548 3.429 3.33 3.161 3.14 2.97 2.78
0.1312 4.118 4.168 4.093 3.9 3.757 3.618 3.979 3.877 3.755 3.613 3.473 3.324 3.882 3.71 3.538 3.417 3.307 3.646 3.504 3.384 3.285 3.116 3.095 2.925 2.735
0.1344 4.073 4.123 4.048 3.855 3.713 3.574 3.934 3.833 3.71 3.568 3.428 3.279 3.838 3.665 3.493 3.373 3.262 3.601 3.459 3.339 3.24 3.072 3.05 2.881 2.69
0.1376 4.029 4.078 4.003 3.81 3.668 3.529 3.89 3.788 3.665 3.524 3.383 3.235 3.793 3.62 3.448 3.328 3.217 3.557 3.414 3.294 3.195 3.027 3.005 2.836 2.645
0.141 3.984 4.033 3.958 3.765 3.623 3.484 3.845 3.743 3.621 3.479 3.338 3.19 3.748 3.576 3.404 3.283 3.172 3.512 3.369 3.249 3.15 2.982 2.96 2.791 2.601
0.1444 3.939 3.988 3.914 3.721 3.578 3.439 3.8 3.698 3.576 3.434 3.293 3.145 3.703 3.531 3.359 3.238 3.128 3.467 3.324 3.205 3.106 2.937 2.916 2.746 2.556
0.1478 3.894 3.944 3.869 3.676 3.533 3.394 3.755 3.653 3.531 3.389 3.249 3.1 3.659 3.486 3.314 3.193 3.083 3.422 3.28 3.16 3.061 2.892 2.871 2.701 2.511
0.1514 3.851 3.9 3.825 3.632 3.49 3.351 3.712 3.61 3.487 3.346 3.205 3.056 3.615 3.442 3.27 3.15 3.039 3.379 3.236 3.116 3.017 2.849 2.827 2.658 2.467
0.1551 3.813 3.862 3.788 3.595 3.452 3.313 3.674 3.572 3.45 3.308 3.168 3.019 3.577 3.405 3.233 3.112 3.002 3.341 3.198 3.079 2.98 2.811 2.79 2.62 2.43
0.1588 3.775 3.825 3.75 3.557 3.415 3.276 3.636 3.535 3.412 3.27 3.13 2.981 3.54 3.367 3.195 3.075 2.964 3.303 3.161 3.041 2.942 2.774 2.752 2.583 2.392
0.1626 3.738 3.787 3.713 3.52 3.377 3.238 3.599 3.497 3.375 3.233 3.092 2.944 3.502 3.33 3.158 3.037 2.926 3.266 3.123 3.003 2.904 2.736 2.714 2.545 2.355
0.1666 3.7 3.75 3.675 3.482 3.34 3.2 3.561 3.46 3.337 3.195 3.055 2.906 3.465 3.292 3.12 3.0 2.889 3.228 3.086 2.966 2.867 2.699 2.677 2.508 2.317
0.1706 3.663 3.712 3.637 3.444 3.302 3.163 3.524 3.422 3.3 3.158 3.017 2.869 3.427 3.255 3.083 2.962 2.851 3.191 3.048 2.928 2.829 2.661 2.639 2.47 2.28
0.1747 3.625 3.675 3.6 3.407 3.265 3.125 3.486 3.385 3.262 3.12 2.98 2.831 3.39 3.217 3.045 2.924 2.814 3.153 3.011 2.891 2.792 2.624 2.602 2.433 2.242
0.1789 3.588 3.637 3.562 3.369 3.227 3.088 3.449 3.347 3.225 3.083 2.942 2.794 3.352 3.179 3.008 2.887 2.776 3.116 2.973 2.853 2.754 2.586 2.564 2.395 2.205
0.1832 3.55 3.6 3.525 3.332 3.189 3.05 3.411 3.309 3.187 3.045 2.905 2.756 3.314 3.142 2.97 2.849 2.739 3.078 2.936 2.816 2.717 2.548 2.527 2.357 2.167
0.1876 3.513 3.562 3.487 3.294 3.152 3.013 3.374 3.272 3.149 3.008 2.867 2.719 3.277 3.104 2.932 2.812 2.701 3.041 2.898 2.778 2.679 2.511 2.489 2.32 2.13
0.1922 3.479 3.528 3.453 3.26 3.118 2.979 3.339 3.238 3.115 2.974 2.833 2.684 3.243 3.07 2.898 2.778 2.667 3.007 2.864 2.744 2.645 2.477 2.455 2.286 2.095
0.1968 3.452 3.502 3.427 3.234 3.092 2.953 3.313 3.212 3.089 2.947 2.807 2.658 3.217 3.044 2.872 2.752 2.641 2.98 2.838 2.718 2.619 2.451 2.429 2.26 2.069
0.2015 3.426 3.476 3.401 3.208 3.066 2.926 3.287 3.186 3.063 2.921 2.781 2.632 3.191 3.018 2.846 2.726 2.615 2.954 2.812 2.692 2.593 2.425 2.403 2.234 2.043
0.2064 3.4 3.45 3.375 3.182 3.039 2.9 3.261 3.16 3.037 2.895 2.755 2.606 3.165 2.992 2.82 2.699 2.589 2.928 2.786 2.666 2.567 2.399 2.377 2.208 2.017
0.2114 3.374 3.424 3.349 3.156 3.013 2.874 3.235 3.133 3.011 2.869 2.729 2.58 3.138 2.966 2.794 2.673 2.563 2.902 2.76 2.64 2.541 2.372 2.351 2.181 1.991
0.2165 3.348 3.398 3.323 3.13 2.987 2.848 3.209 3.107 2.985 2.843 2.703 2.554 3.112 2.94 2.768 2.647 2.537 2.876 2.733 2.614 2.515 2.346 2.325 2.155 1.965
0.2217 3.322 3.371 3.297 3.104 2.961 2.822 3.183 3.081 2.959 2.817 2.676 2.528 3.086 2.914 2.742 2.621 2.51 2.85 2.707 2.588 2.488 2.32 2.299 2.129 1.939
0.2271 3.296 3.345 3.27 3.078 2.935 2.796 3.157 3.055 2.933 2.791 2.65 2.502 3.06 2.888 2.716 2.595 2.484 2.824 2.681 2.561 2.462 2.294 2.272 2.103 1.913
0.2325 3.27 3.319 3.244 3.051 2.909 2.77 3.131 3.029 2.907 2.765 2.624 2.476 3.034 2.861 2.69 2.569 2.458 2.798 2.655 2.535 2.436 2.268 2.246 2.077 1.887
0.2381 3.244 3.293 3.218 3.025 2.883 2.744 3.105 3.003 2.88 2.739 2.598 2.45 3.008 2.835 2.664 2.543 2.432 2.772 2.629 2.509 2.41 2.242 2.22 2.051 1.861
0.2439 3.218 3.267 3.193 3.0 2.857 2.718 3.079 2.977 2.855 2.713 2.572 2.424 2.982 2.81 2.638 2.517 2.407 2.746 2.603 2.484 2.385 2.216 2.195 2.025 1.835
0.2498 3.193 3.242 3.168 2.975 2.832 2.693 3.054 2.952 2.83 2.688 2.547 2.399 2.957 2.785 2.613 2.492 2.381 2.721 2.578 2.458 2.359 2.191 2.169 2.0 1.81
0.2558 3.168 3.217 3.142 2.949 2.807 2.668 3.029 2.927 2.805 2.663 2.522 2.374 2.932 2.76 2.588 2.467 2.356 2.696 2.553 2.433 2.334 2.166 2.144 1.975 1.785
0.262 3.143 3.192 3.117 2.924 2.782 2.643 3.004 2.902 2.78 2.638 2.497 2.349 2.907 2.734 2.563 2.442 2.331 2.671 2.528 2.408 2.309 2.141 2.119 1.95 1.76
0.2683 3.118 3.167 3.092 2.899 2.757 2.618 2.979 2.877 2.755 2.613 2.472 2.324 2.882 2.709 2.538 2.417 2.306 2.646 2.503 2.383 2.284 2.116 2.094 1.925 1.735
0.2748 3.093 3.142 3.067 2.874 2.732 2.593 2.954 2.852 2.729 2.588 2.447 2.299 2.857 2.684 2.512 2.392 2.281 2.621 2.478 2.358 2.259 2.091 2.069 1.9 1.709
0.2814 3.068 3.117 3.042 2.849 2.707 2.568 2.928 2.827 2.704 2.562 2.422 2.273 2.832 2.659 2.487 2.367 2.256 2.595 2.453 2.333 2.234 2.066 2.044 1.875 1.684
0.2882 3.042 3.092 3.017 2.824 2.682 2.543 2.903 2.802 2.679 2.537 2.397 2.248 2.807 2.634 2.462 2.342 2.231 2.57 2.428 2.308 2.209 2.041 2.019 1.85 1.659
0.2951 3.017 3.067 2.992 2.799 2.657 2.517 2.878 2.777 2.654 2.512 2.372 2.223 2.782 2.609 2.437 2.317 2.206 2.545 2.403 2.283 2.184 2.016 1.994 1.825 1.634
0.3022 2.992 3.042 2.967 2.774 2.632 2.492 2.853 2.752 2.629 2.487 2.347 2.198 2.757 2.584 2.412 2.291 2.181 2.52 2.378 2.258 2.159 1.991 1.969 1.8 1.609
0.3095 2.967 3.017 2.942 2.749 2.607 2.467 2.828 2.727 2.604 2.462 2.322 2.173 2.732 2.559 2.387 2.266 2.156 2.495 2.353 2.233 2.134 1.966 1.944 1.775 1.584
0.317 2.942 2.992 2.917 2.724 2.582 2.442 2.803 2.702 2.579 2.437 2.297 2.148 2.707 2.534 2.362 2.242 2.131 2.47 2.328 2.208 2.109 1.941 1.919 1.75 1.559
0.3247 2.917 2.967 2.892 2.699 2.557 2.418 2.778 2.677 2.554 2.412 2.272 2.123 2.682 2.509 2.337 2.217 2.106 2.445 2.303 2.183 2.084 1.916 1.894 1.725 1.534
0.3325 2.893 2.942 2.867 2.674 2.532 2.393 2.753 2.652 2.529 2.388 2.247 2.098 2.657 2.484 2.312 2.192 2.081 2.421 2.278 2.158 2.059 1.891 1.869 1.7 1.509
0.3405 2.868 2.917 2.842 2.649 2.507 2.368 2.729 2.627 2.504 2.363 2.222 2.074 2.632 2.459 2.287 2.167 2.056 2.396 2.253 2.133 2.034 1.866 1.844 1.675 1.485
0.3487 2.843 2.892 2.817 2.624 2.482 2.343 2.704 2.602 2.48 2.338 2.197 2.049 2.607 2.434 2.263 2.142 2.031 2.371 2.228 2.108 2.009 1.841 1.819 1.65 1.46
0.3571 2.818 2.867 2.792 2.599 2.457 2.318 2.679 2.577 2.455 2.313 2.172 2.024 2.582 2.41 2.238 2.117 2.006 2.346 2.203 2.083 1.984 1.816 1.794 1.625 1.435
0.3657 2.793 2.842 2.767 2.575 2.432 2.293 2.654 2.552 2.43 2.288 2.147 1.999 2.557 2.385 2.213 2.092 1.981 2.321 2.178 2.058 1.959 1.791 1.769 1.6 1.41
0.3746 2.768 2.817 2.743 2.55 2.407 2.268 2.629 2.527 2.405 2.263 2.122 1.974 2.532 2.36 2.188 2.067 1.957 2.296 2.153 2.034 1.935 1.766 1.745 1.575 1.385
0.3836 2.743 2.793 2.718 2.525 2.382 2.243 2.604 2.502 2.38 2.238 2.098 1.949 2.507 2.335 2.163 2.042 1.932 2.271 2.128 2.009 1.91 1.741 1.72 1.55 1.36
0.3929 2.722 2.771 2.696 2.503 2.361 2.222 2.582 2.481 2.358 2.217 2.076 1.927 2.486 2.313 2.141 2.021 1.91 2.25 2.107 1.987 1.888 1.72 1.698 1.529 1.338
0.4023 2.701 2.751 2.676 2.483 2.341 2.201 2.562 2.461 2.338 2.196 2.056 1.907 2.466 2.293 2.121 2.0 1.89 2.229 2.087 1.967 1.868 1.7 1.678 1.509 1.318
0.412 2.681 2.73 2.656 2.463 2.32 2.181 2.542 2.44 2.318 2.176 2.036 1.887 2.445 2.273 2.101 1.98 1.87 2.209 2.066 1.947 1.848 1.679 1.658 1.488 1.298
0.422 2.661 2.71 2.635 2.442 2.3 2.161 2.522 2.42 2.298 2.156 2.015 1.867 2.425 2.252 2.081 1.96 1.849 2.189 2.046 1.926 1.827 1.659 1.637 1.468 1.278
0.4322 2.641 2.69 2.615 2.422 2.28 2.141 2.501 2.4 2.277 2.135 1.995 1.846 2.405 2.232 2.06 1.94 1.829 2.168 2.026 1.906 1.807 1.639 1.617 1.448 1.257
0.4426 2.62 2.67 2.595 2.402 2.259 2.12 2.481 2.38 2.257 2.115 1.975 1.826 2.385 2.212 2.04 1.919 1.809 2.148 2.006 1.886 1.787 1.619 1.597 1.427 1.237
0.4533 2.6 2.649 2.575 2.382 2.239 2.1 2.461 2.359 2.237 2.095 1.954 1.806 2.364 2.192 2.02 1.899 1.789 2.128 1.985 1.866 1.767 1.598 1.577 1.407 1.217
0.4642 2.58 2.629 2.554 2.361 2.219 2.08 2.441 2.339 2.217 2.075 1.934 1.786 2.344 2.171 2.0 1.879 1.768 2.108 1.965 1.845 1.746 1.578 1.556 1.387 1.197
0.4754 2.559 2.609 2.534 2.341 2.199 2.06 2.42 2.319 2.196 2.054 1.914 1.765 2.324 2.151 1.979 1.859 1.748 2.087 1.945 1.825 1.726 1.558 1.536 1.367 1.176
0.4869 2.539 2.589 2.514 2.321 2.178 2.039 2.4 2.298 2.176 2.034 1.894 1.745 2.303 2.131 1.959 1.838 1.728 2.067 1.925 1.805 1.706 1.537 1.516 1.346 1.156
0.4986 2.523 2.572 2.497 2.304 2.162 2.023 2.384 2.282 2.16 2.018 1.877 1.729 2.287 2.114 1.943 1.822 1.711 2.051 1.908 1.788 1.689 1.521 1.499 1.33 1.14
0.5106 2.507 2.556 2.481 2.289 2.146 2.007 2.368 2.266 2.144 2.002 1.861 1.713 2.271 2.099 1.927 1.806 1.695 2.035 1.892 1.772 1.673 1.505 1.483 1.314 1.124
0.523 2.491 2.54 2.466 2.273 2.13 1.991 2.352 2.25 2.128 1.986 1.845 1.697 2.255 2.083 1.911 1.79 1.68 2.019 1.876 1.757 1.658 1.489 1.468 1.298 1.108
0.5356 2.475 2.525 2.45 2.257 2.114 1.975 2.336 2.234 2.112 1.97 1.83 1.681 2.239 2.067 1.895 1.774 1.664 2.003 1.861 1.741 1.642 1.473 1.452 1.282 1.092
0.5485 2.459 2.509 2.434 2.241 2.098 1.959 2.32 2.219 2.096 1.954 1.814 1.665 2.224 2.051 1.879 1.758 1.648 1.987 1.845 1.725 1.626 1.458 1.436 1.266 1.076
0.5617 2.443 2.493 2.418 2.225 2.083 1.943 2.304 2.203 2.08 1.938 1.798 1.649 2.208 2.035 1.863 1.743 1.632 1.971 1.829 1.709 1.61 1.442 1.42 1.251 1.06
0.5753 2.428 2.477 2.402 2.209 2.067 1.928 2.288 2.187 2.064 1.922 1.782 1.633 2.192 2.019 1.847 1.727 1.616 1.955 1.813 1.693 1.594 1.426 1.404 1.235 1.044
0.5891 2.412 2.461 2.386 2.193 2.051 1.912 2.273 2.171 2.048 1.907 1.766 1.618 2.176 2.003 1.831 1.711 1.6 1.94 1.797 1.677 1.578 1.41 1.388 1.219 1.029
0.6034 2.396 2.445 2.37 2.177 2.035 1.896 2.257 2.155 2.033 1.891 1.75 1.602 2.16 1.987 1.816 1.695 1.584 1.924 1.781 1.661 1.562 1.394 1.372 1.203 1.013
0.6179 2.38 2.429 2.354 2.162 2.019 1.88 2.241 2.139 2.017 1.875 1.734 1.586 2.144 1.972 1.8 1.679 1.568 1.908 1.765 1.645 1.546 1.378 1.356 1.187 0.997
0.6328 2.366 2.415 2.34 2.147 2.005 1.866 2.226 2.125 2.002 1.861 1.72 1.571 2.13 1.957 1.785 1.665 1.554 1.894 1.751 1.631 1.532 1.364 1.342 1.173 0.982
0.6481 2.351 2.401 2.326 2.133 1.99 1.851 2.212 2.11 1.988 1.846 1.706 1.557 2.116 1.943 1.771 1.65 1.54 1.879 1.737 1.617 1.518 1.349 1.328 1.158 0.968
0.6637 2.337 2.386 2.311 2.119 1.976 1.837 2.198 2.096 1.974 1.832 1.691 1.543 2.101 1.929 1.757 1.636 1.525 1.865 1.722 1.602 1.503 1.335 1.313 1.144 0.954
0.6797 2.323 2.372 2.297 2.104 1.962 1.823 2.183 2.082 1.959 1.817 1.677 1.528 2.087 1.914 1.742 1.622 1.511 1.85 1.708 1.588 1.489 1.321 1.299 1.13 0.939
0.6961 2.308 2.358 2.283 2.09 1.947 1.808 2.169 2.067 1.945 1.803 1.663 1.514 2.072 1.9 1.728 1.607 1.497 1.836 1.694 1.574 1.475 1.306 1.285 1.115 0.925
0.7129 2.294 2.343 2.268 2.076 1.933 1.794 2.155 2.053 1.931 1.789 1.648 1.5 2.058 1.886 1.714 1.593 1.482 1.822 1.679 1.559 1.46 1.292 1.27 1.101 0.911
0.7301 2.28 2.329 2.254 2.061 1.919 1.78 2.14 2.039 1.916 1.774 1.634 1.485 2.044 1.871 1.699 1.579 1.468 1.807 1.665 1.545 1.446 1.278 1.256 1.087 0.896
0.7477 2.265 2.315 2.24 2.047 1.904 1.765 2.126 2.024 1.902 1.76 1.62 1.471 2.029 1.857 1.685 1.564 1.454 1.793 1.651 1.531 1.432 1.263 1.242 1.072 0.882
0.7658 2.251 2.3 2.225 2.032 1.89 1.751 2.112 2.01 1.888 1.746 1.605 1.457 2.015 1.843 1.671 1.55 1.439 1.779 1.636 1.516 1.417 1.249 1.227 1.058 0.868
0.7842 2.237 2.286 2.212 2.019 1.876 1.737 2.098 1.996 1.874 1.732 1.591 1.443 2.001 1.829 1.657 1.536 1.425 1.765 1.622 1.502 1.403 1.235 1.213 1.044 0.854
0.8032 2.225 2.275 2.2 2.007 1.864 1.725 2.086 1.984 1.862 1.72 1.58 1.431 1.989 1.817 1.645 1.524 1.414 1.753 1.611 1.491 1.392 1.223 1.202 1.032 0.842
0.8225 2.213 2.263 2.188 1.995 1.853 1.714 2.074 1.973 1.85 1.708 1.568 1.419 1.978 1.805 1.633 1.513 1.402 1.741 1.599 1.479 1.38 1.212 1.19 1.021 0.83
0.8424 2.202 2.251 2.176 1.983 1.841 1.702 2.063 1.961 1.839 1.697 1.556 1.408 1.966 1.793 1.622 1.501 1.39 1.73 1.587 1.467 1.368 1.2 1.178 1.009 0.819
0.8627 2.19 2.239 2.165 1.972 1.829 1.69 2.051 1.949 1.827 1.685 1.544 1.396 1.954 1.782 1.61 1.489 1.379 1.718 1.575 1.456 1.357 1.188 1.167 0.997 0.807
0.8835 2.178 2.228 2.153 1.96 1.817 1.678 2.039 1.938 1.815 1.673 1.533 1.384 1.943 1.77 1.598 1.477 1.367 1.706 1.564 1.444 1.345 1.177 1.155 0.985 0.795
0.9048 2.167 2.216 2.141 1.948 1.806 1.667 2.027 1.926 1.803 1.661 1.521 1.372 1.931 1.758 1.586 1.466 1.355 1.694 1.552 1.432 1.333 1.165 1.143 0.974 0.783
0.9266 2.155 2.204 2.129 1.936 1.794 1.655 2.016 1.914 1.792 1.65 1.509 1.361 1.919 1.746 1.575 1.454 1.343 1.683 1.54 1.42 1.321 1.153 1.131 0.962 0.772
0.949 2.143 2.192 2.118 1.925 1.782 1.643 2.004 1.902 1.78 1.638 1.498 1.349 1.907 1.735 1.563 1.442 1.332 1.671 1.528 1.409 1.31 1.141 1.12 0.95 0.76
0.9719 2.131 2.181 2.106 1.913 1.771 1.631 1.992 1.891 1.768 1.626 1.486 1.337 1.896 1.723 1.551 1.43 1.32 1.659 1.517 1.397 1.298 1.13 1.108 0.939 0.748
0.9953 2.119 2.169 2.094 1.901 1.758 1.619 1.98 1.878 1.756 1.614 1.474 1.325 1.883 1.711 1.539 1.418 1.308 1.647 1.505 1.385 1.286 1.117 1.096 0.926 0.736
1.0194 2.106 2.156 2.081 1.888 1.745 1.606 1.967 1.865 1.743 1.601 1.461 1.312 1.87 1.698 1.526 1.405 1.295 1.634 1.491 1.372 1.273 1.104 1.083 0.913 0.723
1.0439 2.093 2.142 2.068 1.875 1.732 1.593 1.954 1.852 1.73 1.588 1.448 1.299 1.857 1.685 1.513 1.392 1.282 1.621 1.478 1.359 1.26 1.091 1.07 0.9 0.71
1.0691 2.08 2.129 2.055 1.862 1.719 1.58 1.941 1.839 1.717 1.575 1.434 1.286 1.844 1.672 1.5 1.379 1.268 1.608 1.465 1.346 1.247 1.078 1.057 0.887 0.697
1.0949 2.067 2.116 2.041 1.849 1.706 1.567 1.928 1.826 1.704 1.562 1.421 1.273 1.831 1.659 1.487 1.366 1.255 1.595 1.452 1.332 1.233 1.065 1.043 0.874 0.684
1.1213 2.054 2.103 2.028 1.835 1.693 1.554 1.915 1.813 1.691 1.549 1.408 1.26 1.818 1.646 1.474 1.353 1.242 1.582 1.439 1.319 1.22 1.052 1.03 0.861 0.671
1.1484 2.041 2.09 2.015 1.822 1.68 1.541 1.902 1.8 1.678 1.536 1.395 1.247 1.805 1.632 1.461 1.34 1.229 1.569 1.426 1.306 1.207 1.039 1.017 0.848 0.658
1.1761 2.028 2.077 2.002 1.809 1.667 1.528 1.889 1.787 1.665 1.523 1.382 1.234 1.792 1.619 1.448 1.327 1.216 1.556 1.413 1.293 1.194 1.026 1.004 0.835 0.645
1.2044 2.015 2.064 1.989 1.796 1.654 1.515 1.876 1.774 1.651 1.51 1.369 1.221 1.779 1.606 1.434 1.314 1.203 1.543 1.4 1.28 1.181 1.013 0.991 0.822 0.632
