web/models/grb/offaxis/23/grb_0.2967_0.0268_0.0039811.dat
# %ECSV 1.0
# ---
# datatype:
# - {name: time, datatype: float64}
# - {name: swift_uvot_uvw2, datatype: float64}
# - {name: swift_uvot_uvm2, datatype: float64}
# - {name: swift_uvot_uvw1, datatype: float64}
# - {name: swift_uvot_U, datatype: float64}
# - {name: swift_uvot_B, datatype: float64}
# - {name: swift_uvot_V, datatype: float64}
# - {name: swift_uvot_W, datatype: float64}
# - {name: johnson_U, datatype: float64}
# - {name: johnson_B, datatype: float64}
# - {name: johnson_V, datatype: float64}
# - {name: johnson_R, datatype: float64}
# - {name: johnson_I, datatype: float64}
# - {name: sdss_u, datatype: float64}
# - {name: sdss_g, datatype: float64}
# - {name: sdss_r, datatype: float64}
# - {name: sdss_i, datatype: float64}
# - {name: sdss_z, datatype: float64}
# - {name: PS1_g, datatype: float64}
# - {name: PS1_r, datatype: float64}
# - {name: PS1_i, datatype: float64}
# - {name: PS1_z, datatype: float64}
# - {name: PS1_Y, datatype: float64}
# - {name: PS1_w, datatype: float64}
# - {name: ATLAS_c, datatype: float64}
# - {name: ATLAS_o, datatype: float64}
# - {name: ukirt_J, datatype: float64}
# - {name: ukirt_H, datatype: float64}
# - {name: ukirt_K, datatype: float64}
# - {name: Clear, datatype: float64}
# meta: !!omap
# - comment: [E = 1.164196048716035e-05, Eta0 = 8.02, GammaB = 12.0, dL = 0.012188, epsb = 6.760829753919819e-06, epse = 0.1, n = 0.003981071705534973,
#     p = 2.15, theta_obs = 0.29670597283903605, xiN = 1.0, z = 0.0, type = grb, E_kiso = 0.02682695795279726]
# schema: astropy-2.0
time swift_uvot_uvw2 swift_uvot_uvm2 swift_uvot_uvw1 swift_uvot_U swift_uvot_B swift_uvot_V swift_uvot_W johnson_U johnson_B johnson_V johnson_R johnson_I sdss_u sdss_g sdss_r sdss_i sdss_z PS1_g PS1_r PS1_i PS1_z PS1_Y PS1_w ATLAS_c ATLAS_o ukirt_J ukirt_H ukirt_K Clear
[from data line 350]
42.0014 13.309 13.359 13.284 13.091 12.949 12.81 13.17 13.069 12.946 12.804 12.664 12.515 13.074 12.901 12.729 12.609 12.498 12.837 12.695 12.575 12.476 12.308 12.732 12.827 12.674 12.286 12.117 11.926 12.641
43.0146 13.342 13.391 13.317 13.124 12.981 12.842 13.203 13.101 12.979 12.837 12.696 12.548 13.106 12.934 12.762 12.641 12.53 12.87 12.727 12.608 12.508 12.34 12.764 12.859 12.706 12.319 12.149 11.959 12.674
44.0523 13.374 13.424 13.349 13.156 13.014 12.875 13.235 13.134 13.011 12.869 12.729 12.58 13.139 12.966 12.794 12.674 12.563 12.902 12.76 12.64 12.541 12.373 12.797 12.892 12.739 12.351 12.182 11.991 12.706
45.1149 13.414 13.463 13.388 13.195 13.053 12.914 13.275 13.173 13.05 12.909 12.768 12.62 13.178 13.005 12.834 12.713 12.602 12.942 12.799 12.679 12.58 12.412 12.836 12.931 12.778 12.39 12.221 12.031 12.746
46.2033 13.454 13.503 13.428 13.235 13.093 12.954 13.315 13.213 13.091 12.949 12.808 12.66 13.218 13.045 12.874 12.753 12.642 12.982 12.839 12.719 12.62 12.452 12.876 12.971 12.818 12.43 12.261 12.071 12.786
47.3178 13.494 13.543 13.468 13.275 13.133 12.994 13.355 13.253 13.131 12.989 12.848 12.7 13.258 13.085 12.914 12.793 12.682 13.022 12.879 12.759 12.66 12.492 12.916 13.011 12.858 12.47 12.301 12.111 12.826
48.4593 13.534 13.583 13.508 13.315 13.173 13.034 13.395 13.293 13.171 13.029 12.888 12.74 13.298 13.126 12.954 12.833 12.722 13.062 12.919 12.799 12.7 12.532 12.956 13.051 12.898 12.51 12.341 12.151 12.866
49.6283 13.574 13.623 13.548 13.355 13.213 13.074 13.435 13.333 13.211 13.069 12.928 12.78 13.338 13.166 12.994 12.873 12.762 13.102 12.959 12.839 12.74 12.572 12.996 13.091 12.938 12.55 12.381 12.191 12.906
50.8255 13.614 13.663 13.588 13.396 13.253 13.114 13.475 13.373 13.251 13.109 12.968 12.82 13.378 13.206 13.034 12.913 12.802 13.142 12.999 12.879 12.78 12.612 13.036 13.131 12.978 12.59 12.421 12.231 12.946
52.0515 13.654 13.703 13.629 13.436 13.293 13.154 13.515 13.413 13.291 13.149 13.008 12.86 13.418 13.246 13.074 12.953 12.842 13.182 13.039 12.919 12.82 12.652 13.076 13.171 13.018 12.631 12.461 12.271 12.986
53.3072 13.694 13.743 13.669 13.476 13.333 13.194 13.555 13.453 13.331 13.189 13.048 12.9 13.458 13.286 13.114 12.993 12.883 13.222 13.079 12.96 12.861 12.692 13.116 13.211 13.059 12.671 12.501 12.311 13.026
54.5931 13.734 13.783 13.709 13.516 13.373 13.234 13.595 13.493 13.371 13.229 13.089 12.94 13.498 13.326 13.154 13.033 12.923 13.262 13.119 13.0 12.901 12.732 13.156 13.251 13.099 12.711 12.541 12.351 13.066
55.9101 13.775 13.824 13.749 13.557 13.414 13.275 13.636 13.534 13.412 13.27 13.129 12.981 13.539 13.367 13.195 13.074 12.963 13.303 13.16 13.04 12.941 12.773 13.197 13.292 13.139 12.751 12.582 12.392 13.107
57.2588 13.842 13.892 13.817 13.624 13.482 13.343 13.703 13.602 13.479 13.337 13.197 13.048 13.607 13.434 13.262 13.142 13.031 13.37 13.228 13.108 13.009 12.841 13.265 13.36 13.207 12.819 12.65 12.459 13.174
58.6401 13.91 13.959 13.885 13.692 13.549 13.41 13.771 13.669 13.547 13.405 13.264 13.116 13.674 13.502 13.33 13.209 13.099 13.438 13.295 13.176 13.077 12.908 13.332 13.427 13.275 12.887 12.717 12.527 13.242
60.0546 13.978 14.027 13.952 13.759 13.617 13.478 13.838 13.737 13.614 13.472 13.332 13.183 13.742 13.569 13.397 13.277 13.166 13.505 13.363 13.243 13.144 12.976 13.4 13.495 13.342 12.954 12.785 12.594 13.309
61.5034 14.045 14.095 14.02 13.827 13.684 13.545 13.906 13.804 13.682 13.54 13.4 13.251 13.809 13.637 13.465 13.344 13.234 13.573 13.43 13.311 13.212 13.043 13.467 13.562 13.41 13.022 12.852 12.662 13.377
62.987 14.113 14.162 14.087 13.894 13.752 13.613 13.974 13.872 13.749 13.608 13.467 13.319 13.877 13.704 13.532 13.412 13.301 13.641 13.498 13.378 13.279 13.111 13.535 13.63 13.477 13.089 12.92 12.73 13.445
64.5065 14.18 14.23 14.155 13.962 13.819 13.68 14.041 13.939 13.817 13.675 13.535 13.386 13.944 13.772 13.6 13.479 13.369 13.708 13.566 13.446 13.347 13.178 13.602 13.697 13.545 13.157 12.987 12.797 13.512
66.0626 14.248 14.297 14.222 14.029 13.887 13.748 14.109 14.007 13.885 13.743 13.602 13.454 14.012 13.839 13.668 13.547 13.436 13.776 13.633 13.513 13.414 13.246 13.67 13.765 13.612 13.224 13.055 12.865 13.58
67.6562 14.315 14.365 14.29 14.097 13.954 13.815 14.176 14.075 13.952 13.81 13.67 13.521 14.08 13.907 13.735 13.614 13.504 13.843 13.701 13.581 13.482 13.314 13.737 13.833 13.68 13.292 13.122 12.932 13.647
69.2883 14.383 14.432 14.357 14.164 14.022 13.883 14.244 14.142 14.02 13.878 13.737 13.589 14.147 13.974 13.803 13.682 13.571 13.911 13.768 13.648 13.549 13.381 13.805 13.9 13.747 13.359 13.19 13.0 13.715
70.9597 14.456 14.506 14.431 14.238 14.095 13.956 14.317 14.215 14.093 13.951 13.811 13.662 14.22 14.048 13.876 13.755 13.645 13.984 13.842 13.722 13.623 13.454 13.878 13.973 13.821 13.433 13.263 13.073 13.788
72.6715 14.558 14.607 14.532 14.339 14.197 14.058 14.418 14.317 14.194 14.052 13.912 13.763 14.322 14.149 13.977 13.857 13.746 14.085 13.943 13.823 13.724 13.556 13.98 14.075 13.922 13.534 13.365 13.174 13.889
74.4246 14.659 14.708 14.633 14.44 14.298 14.159 14.52 14.418 14.296 14.154 14.013 13.865 14.423 14.251 14.079 13.958 13.847 14.187 14.044 13.924 13.825 13.657 14.081 14.176 14.023 13.635 13.466 13.276 13.991
76.2199 14.76 14.81 14.735 14.542 14.399 14.26 14.621 14.519 14.397 14.255 14.115 13.966 14.524 14.352 14.18 14.059 13.949 14.288 14.146 14.026 13.927 13.758 14.182 14.277 14.125 13.737 13.567 13.377 14.092
78.0586 14.862 14.911 14.836 14.643 14.501 14.362 14.722 14.621 14.498 14.356 14.216 14.067 14.626 14.453 14.281 14.161 14.05 14.389 14.247 14.127 14.028 13.86 14.284 14.379 14.226 13.838 13.669 13.478 14.193
79.9416 14.963 15.012 14.937 14.744 14.602 14.463 14.824 14.722 14.6 14.458 14.317 14.169 14.727 14.555 14.383 14.262 14.151 14.491 14.348 14.228 14.129 13.961 14.385 14.48 14.327 13.939 13.77 13.58 14.295
81.87 15.064 15.114 15.039 14.846 14.703 14.564 14.925 14.823 14.701 14.559 14.419 14.27 14.828 14.656 14.484 14.363 14.253 14.592 14.45 14.33 14.231 14.062 14.486 14.581 14.429 14.041 13.871 13.681 14.396
83.845 15.166 15.215 15.14 14.947 14.805 14.666 15.026 14.925 14.802 14.66 14.52 14.371 14.93 14.757 14.585 14.465 14.354 14.693 14.551 14.431 14.332 14.164 14.588 14.683 14.53 14.142 13.973 13.782 14.497
85.8676 15.267 15.316 15.241 15.048 14.906 14.767 15.128 15.026 14.904 14.762 14.621 14.473 15.031 14.859 14.687 14.566 14.455 14.795 14.652 14.532 14.433 14.265 14.689 14.784 14.631 14.243 14.074 13.884 14.599
87.939 15.368 15.418 15.343 15.15 15.007 14.868 15.229 15.127 15.005 14.863 14.723 14.574 15.132 14.96 14.788 14.667 14.557 14.896 14.754 14.634 14.535 14.366 14.79 14.885 14.733 14.345 14.175 13.985 14.7
90.0604 15.489 15.539 15.464 15.271 15.129 14.989 15.35 15.249 15.126 14.984 14.844 14.695 15.254 15.081 14.909 14.788 14.678 15.017 14.875 14.755 14.656 14.488 14.911 15.007 14.854 14.466 14.297 14.106 14.821
92.2329 15.653 15.703 15.628 15.435 15.293 15.153 15.514 15.413 15.29 15.148 15.008 14.859 15.418 15.245 15.073 14.952 14.842 15.181 15.039 14.919 14.82 14.652 15.075 15.171 15.018 14.63 14.461 14.27 14.985
94.4579 15.817 15.867 15.792 15.599 15.457 15.317 15.678 15.577 15.454 15.312 15.172 15.023 15.582 15.409 15.237 15.116 15.006 15.345 15.203 15.083 14.984 14.816 15.239 15.335 15.182 14.794 14.625 14.434 15.149
96.7365 15.981 16.031 15.956 15.763 15.621 15.481 15.842 15.741 15.618 15.476 15.336 15.187 15.746 15.573 15.401 15.28 15.17 15.509 15.367 15.247 15.148 14.98 15.403 15.499 15.346 14.958 14.789 14.598 15.313
99.0701 16.145 16.195 16.12 15.927 15.785 15.645 16.006 15.905 15.782 15.64 15.5 15.351 15.91 15.737 15.565 15.444 15.334 15.673 15.531 15.411 15.312 15.144 15.567 15.663 15.51 15.122 14.953 14.762 15.477
101.4599 16.309 16.359 16.284 16.091 15.949 15.809 16.17 16.069 15.946 15.804 15.664 15.515 16.074 15.901 15.729 15.609 15.498 15.837 15.695 15.575 15.476 15.308 15.731 15.827 15.674 15.286 15.117 14.926 15.641
103.9075 16.473 16.523 16.448 16.255 16.113 15.973 16.334 16.233 16.11 15.968 15.828 15.679 16.238 16.065 15.893 15.773 15.662 16.001 15.859 15.739 15.64 15.472 15.895 15.991 15.838 15.45 15.281 15.09 15.805
106.4141 16.637 16.687 16.612 16.419 16.277 16.137 16.498 16.397 16.274 16.132 15.992 15.843 16.402 16.229 16.057 15.937 15.826 16.165 16.023 15.903 15.804 15.636 16.059 16.155 16.002 15.614 15.445 15.254 15.969
108.9811 16.801 16.851 16.776 16.583 16.441 16.301 16.662 16.561 16.438 16.296 16.156 16.007 16.566 16.393 16.221 16.101 15.99 16.329 16.187 16.067 15.968 15.8 16.223 16.319 16.166 15.778 15.609 15.418 16.133
111.6101 16.965 17.015 16.94 16.747 16.605 16.465 16.826 16.725 16.602 16.46 16.32 16.171 16.73 16.557 16.385 16.265 16.154 16.493 16.351 16.231 16.132 15.964 16.387 16.483 16.33 15.942 15.773 15.582 16.297
114.3025 17.198 17.248 17.173 16.98 16.837 16.698 17.059 16.957 16.835 16.693 16.553 16.404 16.962 16.79 16.618 16.497 16.387 16.726 16.583 16.464 16.365 16.196 16.62 16.715 16.563 16.175 16.005 15.815 16.53
117.0598 17.512 17.561 17.486 17.293 17.151 17.012 17.373 17.271 17.148 17.007 16.866 16.718 17.276 17.103 16.931 16.811 16.7 17.04 16.897 16.777 16.678 16.51 16.934 17.029 16.876 16.488 16.319 16.129 16.844
119.8836 17.825 17.875 17.8 17.607 17.464 17.325 17.686 17.584 17.462 17.32 17.18 17.031 17.589 17.417 17.245 17.124 17.014 17.353 17.211 17.091 16.992 16.823 17.247 17.343 17.19 16.802 16.632 16.442 17.157
122.7756 18.139 18.188 18.113 17.92 17.778 17.639 18.0 17.898 17.776 17.634 17.493 17.345 17.903 17.73 17.559 17.438 17.327 17.667 17.524 17.404 17.305 17.137 17.561 17.656 17.503 17.115 16.946 16.756 17.471
125.7373 18.452 18.502 18.427 18.234 18.092 17.952 18.313 18.212 18.089 17.947 17.807 17.658 18.217 18.044 17.872 17.751 17.641 17.98 17.838 17.718 17.619 17.451 17.874 17.97 17.817 17.429 17.26 17.069 17.784
128.7705 18.766 18.815 18.74 18.548 18.405 18.266 18.627 18.525 18.403 18.261 18.12 17.972 18.53 18.358 18.186 18.065 17.954 18.294 18.151 18.031 17.932 17.764 18.188 18.283 18.13 17.742 17.573 17.383 18.098
131.8769 19.079 19.129 19.054 18.861 18.719 18.58 18.94 18.839 18.716 18.574 18.434 18.285 18.844 18.671 18.499 18.379 18.268 18.607 18.465 18.345 18.246 18.078 18.502 18.597 18.444 18.056 17.887 17.696 18.411
135.0582 19.393 19.442 19.368 19.175 19.032 18.893 19.254 19.152 19.03 18.888 18.748 18.599 19.157 18.985 18.813 18.692 18.582 18.921 18.778 18.659 18.56 18.391 18.815 18.91 18.758 18.37 18.2 18.01 18.725
138.3162 19.707 19.756 19.681 19.488 19.346 19.207 19.568 19.466 19.343 19.202 19.061 18.913 19.471 19.298 19.126 19.006 18.895 19.235 19.092 18.972 18.873 18.705 19.129 19.224 19.071 18.683 18.514 18.323 19.038
141.6528 20.02 20.07 19.995 19.802 19.659 19.52 19.881 19.779 19.657 19.515 19.375 19.226 19.784 19.612 19.44 19.319 19.209 19.548 19.406 19.286 19.187 19.018 19.442 19.537 19.385 18.997 18.827 18.637 19.352
145.0699 20.334 20.383 20.308 20.115 19.973 19.834 20.195 20.093 19.971 19.829 19.688 19.54 20.098 19.925 19.754 19.633 19.522 19.862 19.719 19.599 19.5 19.332 19.756 19.851 19.698 19.31 19.141 18.951 19.666
148.5695 20.647 20.697 20.622 20.429 20.287 20.147 20.508 20.407 20.284 20.142 20.002 19.853 20.412 20.239 20.067 19.946 19.836 20.175 20.033 19.913 19.814 19.646 20.069 20.165 20.012 19.624 19.455 19.264 19.979
152.1534 20.961 21.01 20.935 20.743 20.6 20.461 20.822 20.72 20.598 20.456 20.315 20.167 20.725 20.553 20.381 20.26 20.149 20.489 20.346 20.226 20.127 19.959 20.383 20.478 20.325 19.937 19.768 19.578 20.293
155.8238 21.274 21.324 21.249 21.056 20.914 20.775 21.135 21.034 20.911 20.769 20.629 20.48 21.039 20.866 20.694 20.574 20.463 20.802 20.66 20.54 20.441 20.273 20.697 20.792 20.639 20.251 20.082 19.891 20.606
159.5828 21.588 21.637 21.563 21.37 21.227 21.088 21.449 21.347 21.225 21.083 20.942 20.794 21.352 21.18 21.008 20.887 20.777 21.116 20.973 20.854 20.755 20.586 21.01 21.105 20.953 20.565 20.395 20.205 20.92
163.4324 21.902 21.951 21.876 21.683 21.541 21.402 21.762 21.661 21.538 21.397 21.256 21.107 21.666 21.493 21.321 21.201 21.09 21.43 21.287 21.167 21.068 20.9 21.324 21.419 21.266 20.878 20.709 20.518 21.233
167.375 22.215 22.265 22.19 21.997 21.854 21.715 22.076 21.974 21.852 21.71 21.57 21.421 21.979 21.807 21.635 21.514 21.404 21.743 21.601 21.481 21.382 21.213 21.637 21.732 21.58 21.192 21.022 20.832 21.547
171.4126 22.529 22.578 22.503 22.31 22.168 22.029 22.39 22.288 22.166 22.024 21.883 21.735 22.293 22.12 21.949 21.828 21.717 22.057 21.914 21.794 21.695 21.527 21.951 22.046 21.893 21.505 21.336 21.146 21.861
175.5476 22.842 22.892 22.817 22.624 22.482 22.342 22.703 22.602 22.479 22.337 22.197 22.048 22.607 22.434 22.262 22.141 22.031 22.37 22.228 22.108 22.009 21.841 22.264 22.36 22.207 21.819 21.65 21.459 22.174
179.7823 23.156 23.205 23.13 22.937 22.795 22.656 23.017 22.915 22.793 22.651 22.51 22.362 22.92 22.748 22.576 22.455 22.344 22.684 22.541 22.421 22.322 22.154 22.578 22.673 22.52 22.132 21.963 21.773 22.488
184.1193 23.469 23.519 23.444 23.251 23.109 22.97 23.33 23.229 23.106 22.964 22.824 22.675 23.234 23.061 22.889 22.769 22.658 22.997 22.855 22.735 22.636 22.468 22.892 22.987 22.834 22.446 22.277 22.086 22.801
188.5608 23.783 23.832 23.758 23.565 23.422 23.283 23.644 23.542 23.42 23.278 23.137 22.989 23.547 23.375 23.203 23.082 22.971 23.311 23.168 23.049 22.95 22.781 23.205 23.3 23.147 22.76 22.59 22.4 23.115
193.1095 24.097 24.146 24.071 23.878 23.736 23.597 23.957 23.856 23.733 23.591 23.451 23.302 23.861 23.688 23.516 23.396 23.285 23.624 23.482 23.362 23.263 23.095 23.519 23.614 23.461 23.073 22.904 22.713 23.428
197.7679 24.41 24.46 24.385 24.192 24.049 23.91 24.271 24.169 24.047 23.905 23.765 23.616 24.174 24.002 23.83 23.709 23.599 23.938 23.795 23.676 23.577 23.408 23.832 23.927 23.775 23.387 23.217 23.027 23.742
202.5387 24.724 24.773 24.698 24.505 24.363 24.224 24.585 24.483 24.361 24.219 24.078 23.93 24.488 24.315 24.144 24.023 23.912 24.252 24.109 23.989 23.89 23.722 24.146 24.241 24.088 23.7 23.531 23.341 24.056
207.4245 25.037 25.087 25.012 24.819 24.676 24.537 24.898 24.796 24.674 24.532 24.392 24.243 24.802 24.629 24.457 24.336 24.226 24.565 24.423 24.303 24.204 24.036 24.459 24.555 24.402 24.014 23.844 23.654 24.369
212.4283 25.351 25.4 25.325 25.132 24.99 24.851 25.212 25.11 24.988 24.846 24.705 24.557 25.115 24.943 24.771 24.65 24.539 24.879 24.736 24.616 24.517 24.349 24.773 24.868 24.715 24.327 24.158 23.968 24.683
217.5527 25.664 25.714 25.639 25.446 25.304 25.164 25.525 25.424 25.301 25.159 25.019 24.87 25.429 25.256 25.084 24.964 24.853 25.192 25.05 24.93 24.831 24.663 25.086 25.182 25.029 24.641 24.472 24.281 24.996
222.8008 25.978 26.027 25.953 25.76 25.617 25.478 25.839 25.737 25.615 25.473 25.332 25.184 25.742 25.57 25.398 25.277 25.166 25.506 25.363 25.244 25.144 24.976 25.4 25.495 25.342 24.955 24.785 24.595 25.31
228.1754 26.292 26.341 26.266 26.073 25.931 25.792 26.152 26.051 25.928 25.786 25.646 25.497 26.056 25.883 25.711 25.591 25.48 25.819 25.677 25.557 25.458 25.29 25.714 25.809 25.656 25.268 25.099 24.908 25.623
233.6797 26.605 26.655 26.58 26.387 26.244 26.105 26.466 26.364 26.242 26.1 25.96 25.811 26.369 26.197 26.025 25.904 25.794 26.133 25.99 25.871 25.772 25.603 26.027 26.122 25.97 25.582 25.412 25.222 25.937
239.3168 26.919 26.968 26.893 26.7 26.558 26.419 26.78 26.678 26.555 26.414 26.273 26.125 26.683 26.51 26.339 26.218 26.107 26.447 26.304 26.184 26.085 25.917 26.341 26.436 26.283 25.895 25.726 25.536 26.251
245.0899 27.232 27.282 27.207 27.014 26.871 26.732 27.093 26.991 26.869 26.727 26.587 26.438 26.997 26.824 26.652 26.531 26.421 26.76 26.618 26.498 26.399 26.23 26.654 26.75 26.597 26.209 26.039 25.849 26.564
251.0022 27.546 27.595 27.52 27.327 27.185 27.046 27.407 27.305 27.183 27.041 26.9 26.752 27.31 27.137 26.966 26.845 26.734 27.074 26.931 26.811 26.712 26.544 26.968 27.063 26.91 26.522 26.353 26.163 26.878
