web/models/linear/95/-20_633_0_009.dat
# %ECSV 1.0
# ---
# datatype:
# - {name: time, datatype: float64}
# - {name: swift_uvot_uvw2, datatype: float64}
# - {name: swift_uvot_uvm2, datatype: float64}
# - {name: swift_uvot_uvw1, datatype: float64}
# - {name: swift_uvot_U, datatype: float64}
# - {name: swift_uvot_B, datatype: float64}
# - {name: swift_uvot_V, datatype: float64}
# - {name: swift_uvot_W, datatype: float64}
# - {name: johnson_U, datatype: float64}
# - {name: johnson_B, datatype: float64}
# - {name: johnson_V, datatype: float64}
# - {name: johnson_R, datatype: float64}
# - {name: johnson_I, datatype: float64}
# - {name: sdss_u, datatype: float64}
# - {name: sdss_g, datatype: float64}
# - {name: sdss_r, datatype: float64}
# - {name: sdss_i, datatype: float64}
# - {name: sdss_z, datatype: float64}
# - {name: PS1_g, datatype: float64}
# - {name: PS1_r, datatype: float64}
# - {name: PS1_i, datatype: float64}
# - {name: PS1_z, datatype: float64}
# - {name: PS1_Y, datatype: float64}
# - {name: PS1_w, datatype: float64}
# - {name: ATLAS_c, datatype: float64}
# - {name: ATLAS_o, datatype: float64}
# - {name: ukirt_J, datatype: float64}
# - {name: ukirt_H, datatype: float64}
# - {name: ukirt_K, datatype: float64}
# - {name: Clear, datatype: float64}
# meta: !!omap
# - comment: [M=-20.632653061224488, dM=0.008773066621237415]
# schema: astropy-2.0
time swift_uvot_uvw2 swift_uvot_uvm2 swift_uvot_uvw1 swift_uvot_U swift_uvot_B swift_uvot_V swift_uvot_W johnson_U johnson_B johnson_V johnson_R johnson_I sdss_u sdss_g sdss_r sdss_i sdss_z PS1_g PS1_r PS1_i PS1_z PS1_Y PS1_w ATLAS_c ATLAS_o ukirt_J ukirt_H ukirt_K Clear
[from data line 164]
12.36180904522613 -20.524202086911703 -20.524202086911703 -20.524202086911703 -20.524202086911703 -20.524202086911703 -20.524202086911703 -20.524202086911703 -20.524202086911703 -20.524202086911703 -20.524202086911703 -20.524202086911703 -20.524202086911703 -20.524202086911703 -20.524202086911703 -20.524202086911703 -20.524202086911703 -20.524202086911703 -20.524202086911703 -20.524202086911703 -20.524202086911703 -20.524202086911703 -20.524202086911703 -20.524202086911703 -20.524202086911703 -20.524202086911703 -20.524202086911703 -20.524202086911703 -20.524202086911703 -20.524202086911703
12.43718592964824 -20.523540800482966 -20.523540800482966 -20.523540800482966 -20.523540800482966 -20.523540800482966 -20.523540800482966 -20.523540800482966 -20.523540800482966 -20.523540800482966 -20.523540800482966 -20.523540800482966 -20.523540800482966 -20.523540800482966 -20.523540800482966 -20.523540800482966 -20.523540800482966 -20.523540800482966 -20.523540800482966 -20.523540800482966 -20.523540800482966 -20.523540800482966 -20.523540800482966 -20.523540800482966 -20.523540800482966 -20.523540800482966 -20.523540800482966 -20.523540800482966 -20.523540800482966 -20.523540800482966
12.51256281407035 -20.52287951405423 -20.52287951405423 -20.52287951405423 -20.52287951405423 -20.52287951405423 -20.52287951405423 -20.52287951405423 -20.52287951405423 -20.52287951405423 -20.52287951405423 -20.52287951405423 -20.52287951405423 -20.52287951405423 -20.52287951405423 -20.52287951405423 -20.52287951405423 -20.52287951405423 -20.52287951405423 -20.52287951405423 -20.52287951405423 -20.52287951405423 -20.52287951405423 -20.52287951405423 -20.52287951405423 -20.52287951405423 -20.52287951405423 -20.52287951405423 -20.52287951405423 -20.52287951405423
12.58793969849246 -20.522218227625494 -20.522218227625494 -20.522218227625494 -20.522218227625494 -20.522218227625494 -20.522218227625494 -20.522218227625494 -20.522218227625494 -20.522218227625494 -20.522218227625494 -20.522218227625494 -20.522218227625494 -20.522218227625494 -20.522218227625494 -20.522218227625494 -20.522218227625494 -20.522218227625494 -20.522218227625494 -20.522218227625494 -20.522218227625494 -20.522218227625494 -20.522218227625494 -20.522218227625494 -20.522218227625494 -20.522218227625494 -20.522218227625494 -20.522218227625494 -20.522218227625494 -20.522218227625494
12.663316582914572 -20.521556941196756 -20.521556941196756 -20.521556941196756 -20.521556941196756 -20.521556941196756 -20.521556941196756 -20.521556941196756 -20.521556941196756 -20.521556941196756 -20.521556941196756 -20.521556941196756 -20.521556941196756 -20.521556941196756 -20.521556941196756 -20.521556941196756 -20.521556941196756 -20.521556941196756 -20.521556941196756 -20.521556941196756 -20.521556941196756 -20.521556941196756 -20.521556941196756 -20.521556941196756 -20.521556941196756 -20.521556941196756 -20.521556941196756 -20.521556941196756 -20.521556941196756 -20.521556941196756
12.738693467336683 -20.520895654768022 -20.520895654768022 -20.520895654768022 -20.520895654768022 -20.520895654768022 -20.520895654768022 -20.520895654768022 -20.520895654768022 -20.520895654768022 -20.520895654768022 -20.520895654768022 -20.520895654768022 -20.520895654768022 -20.520895654768022 -20.520895654768022 -20.520895654768022 -20.520895654768022 -20.520895654768022 -20.520895654768022 -20.520895654768022 -20.520895654768022 -20.520895654768022 -20.520895654768022 -20.520895654768022 -20.520895654768022 -20.520895654768022 -20.520895654768022 -20.520895654768022 -20.520895654768022
12.814070351758794 -20.520234368339285 -20.520234368339285 -20.520234368339285 -20.520234368339285 -20.520234368339285 -20.520234368339285 -20.520234368339285 -20.520234368339285 -20.520234368339285 -20.520234368339285 -20.520234368339285 -20.520234368339285 -20.520234368339285 -20.520234368339285 -20.520234368339285 -20.520234368339285 -20.520234368339285 -20.520234368339285 -20.520234368339285 -20.520234368339285 -20.520234368339285 -20.520234368339285 -20.520234368339285 -20.520234368339285 -20.520234368339285 -20.520234368339285 -20.520234368339285 -20.520234368339285 -20.520234368339285
12.889447236180903 -20.519573081910547 -20.519573081910547 -20.519573081910547 -20.519573081910547 -20.519573081910547 -20.519573081910547 -20.519573081910547 -20.519573081910547 -20.519573081910547 -20.519573081910547 -20.519573081910547 -20.519573081910547 -20.519573081910547 -20.519573081910547 -20.519573081910547 -20.519573081910547 -20.519573081910547 -20.519573081910547 -20.519573081910547 -20.519573081910547 -20.519573081910547 -20.519573081910547 -20.519573081910547 -20.519573081910547 -20.519573081910547 -20.519573081910547 -20.519573081910547 -20.519573081910547 -20.519573081910547
12.964824120603014 -20.518911795481813 -20.518911795481813 -20.518911795481813 -20.518911795481813 -20.518911795481813 -20.518911795481813 -20.518911795481813 -20.518911795481813 -20.518911795481813 -20.518911795481813 -20.518911795481813 -20.518911795481813 -20.518911795481813 -20.518911795481813 -20.518911795481813 -20.518911795481813 -20.518911795481813 -20.518911795481813 -20.518911795481813 -20.518911795481813 -20.518911795481813 -20.518911795481813 -20.518911795481813 -20.518911795481813 -20.518911795481813 -20.518911795481813 -20.518911795481813 -20.518911795481813 -20.518911795481813
13.040201005025125 -20.518250509053075 -20.518250509053075 -20.518250509053075 -20.518250509053075 -20.518250509053075 -20.518250509053075 -20.518250509053075 -20.518250509053075 -20.518250509053075 -20.518250509053075 -20.518250509053075 -20.518250509053075 -20.518250509053075 -20.518250509053075 -20.518250509053075 -20.518250509053075 -20.518250509053075 -20.518250509053075 -20.518250509053075 -20.518250509053075 -20.518250509053075 -20.518250509053075 -20.518250509053075 -20.518250509053075 -20.518250509053075 -20.518250509053075 -20.518250509053075 -20.518250509053075 -20.518250509053075
13.115577889447234 -20.517589222624338 -20.517589222624338 -20.517589222624338 -20.517589222624338 -20.517589222624338 -20.517589222624338 -20.517589222624338 -20.517589222624338 -20.517589222624338 -20.517589222624338 -20.517589222624338 -20.517589222624338 -20.517589222624338 -20.517589222624338 -20.517589222624338 -20.517589222624338 -20.517589222624338 -20.517589222624338 -20.517589222624338 -20.517589222624338 -20.517589222624338 -20.517589222624338 -20.517589222624338 -20.517589222624338 -20.517589222624338 -20.517589222624338 -20.517589222624338 -20.517589222624338 -20.517589222624338
13.190954773869345 -20.516927936195604 -20.516927936195604 -20.516927936195604 -20.516927936195604 -20.516927936195604 -20.516927936195604 -20.516927936195604 -20.516927936195604 -20.516927936195604 -20.516927936195604 -20.516927936195604 -20.516927936195604 -20.516927936195604 -20.516927936195604 -20.516927936195604 -20.516927936195604 -20.516927936195604 -20.516927936195604 -20.516927936195604 -20.516927936195604 -20.516927936195604 -20.516927936195604 -20.516927936195604 -20.516927936195604 -20.516927936195604 -20.516927936195604 -20.516927936195604 -20.516927936195604 -20.516927936195604
13.266331658291456 -20.516266649766866 -20.516266649766866 -20.516266649766866 -20.516266649766866 -20.516266649766866 -20.516266649766866 -20.516266649766866 -20.516266649766866 -20.516266649766866 -20.516266649766866 -20.516266649766866 -20.516266649766866 -20.516266649766866 -20.516266649766866 -20.516266649766866 -20.516266649766866 -20.516266649766866 -20.516266649766866 -20.516266649766866 -20.516266649766866 -20.516266649766866 -20.516266649766866 -20.516266649766866 -20.516266649766866 -20.516266649766866 -20.516266649766866 -20.516266649766866 -20.516266649766866 -20.516266649766866
13.341708542713567 -20.51560536333813 -20.51560536333813 -20.51560536333813 -20.51560536333813 -20.51560536333813 -20.51560536333813 -20.51560536333813 -20.51560536333813 -20.51560536333813 -20.51560536333813 -20.51560536333813 -20.51560536333813 -20.51560536333813 -20.51560536333813 -20.51560536333813 -20.51560536333813 -20.51560536333813 -20.51560536333813 -20.51560536333813 -20.51560536333813 -20.51560536333813 -20.51560536333813 -20.51560536333813 -20.51560536333813 -20.51560536333813 -20.51560536333813 -20.51560536333813 -20.51560536333813 -20.51560536333813
13.417085427135678 -20.514944076909394 -20.514944076909394 -20.514944076909394 -20.514944076909394 -20.514944076909394 -20.514944076909394 -20.514944076909394 -20.514944076909394 -20.514944076909394 -20.514944076909394 -20.514944076909394 -20.514944076909394 -20.514944076909394 -20.514944076909394 -20.514944076909394 -20.514944076909394 -20.514944076909394 -20.514944076909394 -20.514944076909394 -20.514944076909394 -20.514944076909394 -20.514944076909394 -20.514944076909394 -20.514944076909394 -20.514944076909394 -20.514944076909394 -20.514944076909394 -20.514944076909394 -20.514944076909394
13.492462311557787 -20.514282790480657 -20.514282790480657 -20.514282790480657 -20.514282790480657 -20.514282790480657 -20.514282790480657 -20.514282790480657 -20.514282790480657 -20.514282790480657 -20.514282790480657 -20.514282790480657 -20.514282790480657 -20.514282790480657 -20.514282790480657 -20.514282790480657 -20.514282790480657 -20.514282790480657 -20.514282790480657 -20.514282790480657 -20.514282790480657 -20.514282790480657 -20.514282790480657 -20.514282790480657 -20.514282790480657 -20.514282790480657 -20.514282790480657 -20.514282790480657 -20.514282790480657 -20.514282790480657
13.567839195979898 -20.51362150405192 -20.51362150405192 -20.51362150405192 -20.51362150405192 -20.51362150405192 -20.51362150405192 -20.51362150405192 -20.51362150405192 -20.51362150405192 -20.51362150405192 -20.51362150405192 -20.51362150405192 -20.51362150405192 -20.51362150405192 -20.51362150405192 -20.51362150405192 -20.51362150405192 -20.51362150405192 -20.51362150405192 -20.51362150405192 -20.51362150405192 -20.51362150405192 -20.51362150405192 -20.51362150405192 -20.51362150405192 -20.51362150405192 -20.51362150405192 -20.51362150405192 -20.51362150405192
13.64321608040201 -20.512960217623185 -20.512960217623185 -20.512960217623185 -20.512960217623185 -20.512960217623185 -20.512960217623185 -20.512960217623185 -20.512960217623185 -20.512960217623185 -20.512960217623185 -20.512960217623185 -20.512960217623185 -20.512960217623185 -20.512960217623185 -20.512960217623185 -20.512960217623185 -20.512960217623185 -20.512960217623185 -20.512960217623185 -20.512960217623185 -20.512960217623185 -20.512960217623185 -20.512960217623185 -20.512960217623185 -20.512960217623185 -20.512960217623185 -20.512960217623185 -20.512960217623185 -20.512960217623185
13.718592964824118 -20.512298931194447 -20.512298931194447 -20.512298931194447 -20.512298931194447 -20.512298931194447 -20.512298931194447 -20.512298931194447 -20.512298931194447 -20.512298931194447 -20.512298931194447 -20.512298931194447 -20.512298931194447 -20.512298931194447 -20.512298931194447 -20.512298931194447 -20.512298931194447 -20.512298931194447 -20.512298931194447 -20.512298931194447 -20.512298931194447 -20.512298931194447 -20.512298931194447 -20.512298931194447 -20.512298931194447 -20.512298931194447 -20.512298931194447 -20.512298931194447 -20.512298931194447 -20.512298931194447
13.79396984924623 -20.51163764476571 -20.51163764476571 -20.51163764476571 -20.51163764476571 -20.51163764476571 -20.51163764476571 -20.51163764476571 -20.51163764476571 -20.51163764476571 -20.51163764476571 -20.51163764476571 -20.51163764476571 -20.51163764476571 -20.51163764476571 -20.51163764476571 -20.51163764476571 -20.51163764476571 -20.51163764476571 -20.51163764476571 -20.51163764476571 -20.51163764476571 -20.51163764476571 -20.51163764476571 -20.51163764476571 -20.51163764476571 -20.51163764476571 -20.51163764476571 -20.51163764476571 -20.51163764476571
13.86934673366834 -20.510976358336976 -20.510976358336976 -20.510976358336976 -20.510976358336976 -20.510976358336976 -20.510976358336976 -20.510976358336976 -20.510976358336976 -20.510976358336976 -20.510976358336976 -20.510976358336976 -20.510976358336976 -20.510976358336976 -20.510976358336976 -20.510976358336976 -20.510976358336976 -20.510976358336976 -20.510976358336976 -20.510976358336976 -20.510976358336976 -20.510976358336976 -20.510976358336976 -20.510976358336976 -20.510976358336976 -20.510976358336976 -20.510976358336976 -20.510976358336976 -20.510976358336976 -20.510976358336976
13.944723618090451 -20.510315071908238 -20.510315071908238 -20.510315071908238 -20.510315071908238 -20.510315071908238 -20.510315071908238 -20.510315071908238 -20.510315071908238 -20.510315071908238 -20.510315071908238 -20.510315071908238 -20.510315071908238 -20.510315071908238 -20.510315071908238 -20.510315071908238 -20.510315071908238 -20.510315071908238 -20.510315071908238 -20.510315071908238 -20.510315071908238 -20.510315071908238 -20.510315071908238 -20.510315071908238 -20.510315071908238 -20.510315071908238 -20.510315071908238 -20.510315071908238 -20.510315071908238 -20.510315071908238
14.020100502512562 -20.5096537854795 -20.5096537854795 -20.5096537854795 -20.5096537854795 -20.5096537854795 -20.5096537854795 -20.5096537854795 -20.5096537854795 -20.5096537854795 -20.5096537854795 -20.5096537854795 -20.5096537854795 -20.5096537854795 -20.5096537854795 -20.5096537854795 -20.5096537854795 -20.5096537854795 -20.5096537854795 -20.5096537854795 -20.5096537854795 -20.5096537854795 -20.5096537854795 -20.5096537854795 -20.5096537854795 -20.5096537854795 -20.5096537854795 -20.5096537854795 -20.5096537854795 -20.5096537854795
14.095477386934672 -20.508992499050766 -20.508992499050766 -20.508992499050766 -20.508992499050766 -20.508992499050766 -20.508992499050766 -20.508992499050766 -20.508992499050766 -20.508992499050766 -20.508992499050766 -20.508992499050766 -20.508992499050766 -20.508992499050766 -20.508992499050766 -20.508992499050766 -20.508992499050766 -20.508992499050766 -20.508992499050766 -20.508992499050766 -20.508992499050766 -20.508992499050766 -20.508992499050766 -20.508992499050766 -20.508992499050766 -20.508992499050766 -20.508992499050766 -20.508992499050766 -20.508992499050766 -20.508992499050766
14.170854271356783 -20.50833121262203 -20.50833121262203 -20.50833121262203 -20.50833121262203 -20.50833121262203 -20.50833121262203 -20.50833121262203 -20.50833121262203 -20.50833121262203 -20.50833121262203 -20.50833121262203 -20.50833121262203 -20.50833121262203 -20.50833121262203 -20.50833121262203 -20.50833121262203 -20.50833121262203 -20.50833121262203 -20.50833121262203 -20.50833121262203 -20.50833121262203 -20.50833121262203 -20.50833121262203 -20.50833121262203 -20.50833121262203 -20.50833121262203 -20.50833121262203 -20.50833121262203 -20.50833121262203
14.246231155778894 -20.50766992619329 -20.50766992619329 -20.50766992619329 -20.50766992619329 -20.50766992619329 -20.50766992619329 -20.50766992619329 -20.50766992619329 -20.50766992619329 -20.50766992619329 -20.50766992619329 -20.50766992619329 -20.50766992619329 -20.50766992619329 -20.50766992619329 -20.50766992619329 -20.50766992619329 -20.50766992619329 -20.50766992619329 -20.50766992619329 -20.50766992619329 -20.50766992619329 -20.50766992619329 -20.50766992619329 -20.50766992619329 -20.50766992619329 -20.50766992619329 -20.50766992619329 -20.50766992619329
