web/models/grb/offaxis/13/grb_0.2967_51.7947_0.0002512.dat
# %ECSV 1.0
# ---
# datatype:
# - {name: time, datatype: float64}
# - {name: swift_uvot_uvw2, datatype: float64}
# - {name: swift_uvot_uvm2, datatype: float64}
# - {name: swift_uvot_uvw1, datatype: float64}
# - {name: swift_uvot_U, datatype: float64}
# - {name: swift_uvot_B, datatype: float64}
# - {name: swift_uvot_V, datatype: float64}
# - {name: swift_uvot_W, datatype: float64}
# - {name: johnson_U, datatype: float64}
# - {name: johnson_B, datatype: float64}
# - {name: johnson_V, datatype: float64}
# - {name: johnson_R, datatype: float64}
# - {name: johnson_I, datatype: float64}
# - {name: sdss_u, datatype: float64}
# - {name: sdss_g, datatype: float64}
# - {name: sdss_r, datatype: float64}
# - {name: sdss_i, datatype: float64}
# - {name: sdss_z, datatype: float64}
# - {name: PS1_g, datatype: float64}
# - {name: PS1_r, datatype: float64}
# - {name: PS1_i, datatype: float64}
# - {name: PS1_z, datatype: float64}
# - {name: PS1_Y, datatype: float64}
# - {name: PS1_w, datatype: float64}
# - {name: ATLAS_c, datatype: float64}
# - {name: ATLAS_o, datatype: float64}
# - {name: ukirt_J, datatype: float64}
# - {name: ukirt_H, datatype: float64}
# - {name: ukirt_K, datatype: float64}
# - {name: Clear, datatype: float64}
# meta: !!omap
# - comment: [E = 0.022477106672309028, Eta0 = 8.02, GammaB = 12.0, dL = 0.012188, epsb = 6.760829753919819e-06, epse = 0.1, n = 0.00025118864315095795,
#     p = 2.15, theta_obs = 0.29670597283903605, xiN = 1.0, z = 0.0, type = grb, E_kiso = 51.794746792312125]
# schema: astropy-2.0
time swift_uvot_uvw2 swift_uvot_uvm2 swift_uvot_uvw1 swift_uvot_U swift_uvot_B swift_uvot_V swift_uvot_W johnson_U johnson_B johnson_V johnson_R johnson_I sdss_u sdss_g sdss_r sdss_i sdss_z PS1_g PS1_r PS1_i PS1_z PS1_Y PS1_w ATLAS_c ATLAS_o ukirt_J ukirt_H ukirt_K Clear
[from data line 278]
7.5493 1.191 1.24 1.165 0.972 0.83 0.691 1.051 0.95 0.827 0.686 0.545 0.396 0.955 0.782 0.61 0.49 0.379 0.719 0.576 0.456 0.357 0.189 0.613 0.708 0.555 0.167 -0.002 -0.193 0.522
7.7314 1.178 1.228 1.153 0.96 0.817 0.678 1.039 0.937 0.815 0.673 0.533 0.384 0.942 0.77 0.598 0.477 0.367 0.706 0.563 0.444 0.345 0.176 0.6 0.695 0.543 0.155 -0.015 -0.205 0.51
7.9179 1.167 1.217 1.142 0.949 0.806 0.667 1.028 0.926 0.804 0.662 0.522 0.373 0.931 0.759 0.587 0.466 0.356 0.695 0.553 0.433 0.334 0.165 0.589 0.684 0.532 0.144 -0.026 -0.216 0.499
8.1089 1.16 1.209 1.135 0.942 0.799 0.66 1.021 0.919 0.797 0.655 0.514 0.366 0.924 0.752 0.58 0.459 0.348 0.688 0.545 0.425 0.326 0.158 0.582 0.677 0.524 0.137 -0.033 -0.223 0.492
8.3045 1.153 1.202 1.127 0.934 0.792 0.653 1.014 0.912 0.79 0.648 0.507 0.359 0.917 0.744 0.573 0.452 0.341 0.681 0.538 0.418 0.319 0.151 0.575 0.67 0.517 0.129 -0.04 -0.23 0.485
8.5049 1.146 1.195 1.12 0.927 0.785 0.646 1.006 0.905 0.782 0.64 0.5 0.351 0.91 0.737 0.565 0.445 0.334 0.673 0.531 0.411 0.312 0.144 0.568 0.663 0.51 0.122 -0.047 -0.238 0.477
8.71 1.138 1.188 1.113 0.92 0.778 0.638 0.999 0.898 0.775 0.633 0.493 0.344 0.903 0.73 0.558 0.437 0.327 0.666 0.524 0.404 0.305 0.137 0.56 0.656 0.503 0.115 -0.054 -0.245 0.47
8.9201 1.131 1.181 1.106 0.913 0.77 0.631 0.992 0.89 0.768 0.626 0.486 0.337 0.895 0.723 0.551 0.43 0.32 0.659 0.516 0.397 0.298 0.129 0.553 0.648 0.496 0.108 -0.062 -0.252 0.463
9.1353 1.124 1.173 1.098 0.906 0.763 0.624 0.985 0.883 0.761 0.619 0.478 0.33 0.888 0.716 0.544 0.423 0.312 0.652 0.509 0.389 0.29 0.122 0.546 0.641 0.488 0.1 -0.069 -0.259 0.456
9.3557 1.117 1.166 1.091 0.898 0.756 0.617 0.978 0.876 0.753 0.612 0.471 0.323 0.881 0.708 0.537 0.416 0.305 0.645 0.502 0.382 0.283 0.115 0.539 0.634 0.481 0.093 -0.076 -0.266 0.449
9.5814 1.109 1.159 1.084 0.891 0.749 0.61 0.97 0.869 0.746 0.604 0.464 0.315 0.874 0.701 0.529 0.409 0.298 0.637 0.495 0.375 0.276 0.108 0.532 0.627 0.474 0.086 -0.083 -0.274 0.441
9.8125 1.102 1.152 1.077 0.884 0.741 0.602 0.963 0.861 0.739 0.597 0.457 0.308 0.867 0.694 0.522 0.401 0.291 0.63 0.488 0.368 0.269 0.1 0.524 0.62 0.467 0.079 -0.091 -0.281 0.434
10.0492 1.093 1.142 1.067 0.874 0.732 0.593 0.954 0.852 0.73 0.588 0.447 0.299 0.857 0.684 0.513 0.392 0.281 0.621 0.478 0.358 0.259 0.091 0.515 0.61 0.457 0.069 -0.1 -0.29 0.425
10.2917 1.081 1.13 1.055 0.862 0.72 0.581 0.941 0.84 0.717 0.575 0.435 0.286 0.845 0.672 0.5 0.38 0.269 0.608 0.466 0.346 0.247 0.079 0.503 0.598 0.445 0.057 -0.112 -0.303 0.412
10.5399 1.068 1.118 1.043 0.85 0.708 0.568 0.929 0.828 0.705 0.563 0.423 0.274 0.833 0.66 0.488 0.367 0.257 0.596 0.454 0.334 0.235 0.067 0.49 0.586 0.433 0.045 -0.124 -0.315 0.4
10.7942 1.056 1.105 1.031 0.838 0.695 0.556 0.917 0.815 0.693 0.551 0.411 0.262 0.82 0.648 0.476 0.355 0.245 0.584 0.441 0.322 0.223 0.054 0.478 0.573 0.421 0.033 -0.137 -0.327 0.388
11.0546 1.044 1.093 1.018 0.825 0.683 0.544 0.905 0.803 0.681 0.539 0.398 0.25 0.808 0.635 0.464 0.343 0.232 0.572 0.429 0.309 0.21 0.042 0.466 0.561 0.408 0.02 -0.149 -0.339 0.376
11.3212 1.032 1.081 1.006 0.813 0.671 0.532 0.892 0.791 0.668 0.526 0.386 0.237 0.796 0.623 0.451 0.331 0.22 0.559 0.417 0.297 0.198 0.03 0.454 0.549 0.396 0.008 -0.161 -0.352 0.363
11.5943 1.019 1.069 0.994 0.801 0.659 0.519 0.88 0.779 0.656 0.514 0.374 0.225 0.784 0.611 0.439 0.318 0.208 0.547 0.405 0.285 0.186 0.018 0.441 0.537 0.384 -0.004 -0.173 -0.364 0.351
11.874 1.007 1.056 0.982 0.789 0.646 0.507 0.868 0.766 0.644 0.502 0.362 0.213 0.771 0.599 0.427 0.306 0.196 0.535 0.392 0.273 0.174 0.005 0.429 0.524 0.372 -0.016 -0.186 -0.376 0.339
12.1605 0.995 1.044 0.969 0.776 0.634 0.495 0.856 0.754 0.632 0.49 0.349 0.201 0.759 0.586 0.415 0.294 0.183 0.523 0.38 0.26 0.161 -0.007 0.417 0.512 0.359 -0.029 -0.198 -0.388 0.327
12.4538 0.983 1.032 0.957 0.764 0.622 0.483 0.843 0.742 0.619 0.478 0.337 0.188 0.747 0.574 0.402 0.282 0.171 0.51 0.368 0.248 0.149 -0.019 0.405 0.5 0.347 -0.041 -0.21 -0.401 0.314
12.7542 0.973 1.023 0.948 0.755 0.613 0.473 0.834 0.733 0.61 0.468 0.328 0.179 0.738 0.565 0.393 0.272 0.162 0.501 0.359 0.239 0.14 -0.028 0.395 0.491 0.338 -0.05 -0.219 -0.41 0.305
13.0619 0.966 1.016 0.941 0.748 0.605 0.466 0.827 0.725 0.603 0.461 0.321 0.172 0.73 0.558 0.386 0.265 0.155 0.494 0.352 0.232 0.133 -0.036 0.388 0.484 0.331 -0.057 -0.227 -0.417 0.298
13.377 0.959 1.009 0.934 0.741 0.598 0.459 0.82 0.718 0.596 0.454 0.314 0.165 0.723 0.551 0.379 0.258 0.148 0.487 0.344 0.225 0.126 -0.043 0.381 0.476 0.324 -0.064 -0.234 -0.424 0.291
13.6997 0.952 1.001 0.927 0.734 0.591 0.452 0.813 0.711 0.589 0.447 0.306 0.158 0.716 0.544 0.372 0.251 0.14 0.48 0.337 0.218 0.118 -0.05 0.374 0.469 0.316 -0.071 -0.241 -0.431 0.284
14.0302 0.945 0.994 0.919 0.726 0.584 0.445 0.806 0.704 0.582 0.44 0.299 0.151 0.709 0.537 0.365 0.244 0.133 0.473 0.33 0.21 0.111 -0.057 0.367 0.462 0.309 -0.079 -0.248 -0.438 0.277
14.3686 0.938 0.987 0.912 0.719 0.577 0.438 0.799 0.697 0.575 0.433 0.292 0.144 0.702 0.529 0.358 0.237 0.126 0.466 0.323 0.203 0.104 -0.064 0.36 0.455 0.302 -0.086 -0.255 -0.445 0.27
14.7153 0.931 0.98 0.905 0.712 0.57 0.431 0.791 0.69 0.567 0.426 0.285 0.136 0.695 0.522 0.35 0.23 0.119 0.459 0.316 0.196 0.097 -0.071 0.353 0.448 0.295 -0.093 -0.262 -0.453 0.262
15.0702 0.923 0.973 0.898 0.705 0.563 0.424 0.784 0.683 0.56 0.418 0.278 0.129 0.688 0.515 0.343 0.223 0.112 0.451 0.309 0.189 0.09 -0.078 0.346 0.441 0.288 -0.1 -0.269 -0.46 0.255
15.4338 0.916 0.966 0.891 0.698 0.556 0.416 0.777 0.676 0.553 0.411 0.271 0.122 0.681 0.508 0.336 0.215 0.105 0.444 0.302 0.182 0.083 -0.085 0.338 0.434 0.281 -0.107 -0.276 -0.467 0.248
15.8061 0.909 0.959 0.884 0.691 0.548 0.409 0.77 0.668 0.546 0.404 0.264 0.115 0.673 0.501 0.329 0.208 0.098 0.437 0.295 0.175 0.076 -0.093 0.331 0.427 0.274 -0.114 -0.284 -0.474 0.241
16.1874 0.905 0.955 0.88 0.687 0.545 0.406 0.766 0.665 0.542 0.4 0.26 0.111 0.67 0.497 0.325 0.205 0.094 0.433 0.291 0.171 0.072 -0.096 0.328 0.423 0.27 -0.118 -0.287 -0.478 0.237
16.5779 0.903 0.952 0.877 0.685 0.542 0.403 0.764 0.662 0.54 0.398 0.257 0.109 0.667 0.495 0.323 0.202 0.091 0.431 0.288 0.168 0.069 -0.099 0.325 0.42 0.267 -0.121 -0.29 -0.48 0.235
16.9778 0.9 0.95 0.875 0.682 0.54 0.4 0.761 0.66 0.537 0.395 0.255 0.106 0.665 0.492 0.32 0.199 0.089 0.428 0.286 0.166 0.067 -0.101 0.322 0.418 0.265 -0.123 -0.292 -0.483 0.232
17.3873 0.898 0.947 0.872 0.679 0.537 0.398 0.759 0.657 0.535 0.393 0.252 0.104 0.662 0.489 0.318 0.197 0.086 0.426 0.283 0.163 0.064 -0.104 0.32 0.415 0.262 -0.126 -0.295 -0.485 0.23
17.8068 0.895 0.945 0.87 0.677 0.534 0.395 0.756 0.654 0.532 0.39 0.25 0.101 0.66 0.487 0.315 0.194 0.084 0.423 0.281 0.161 0.062 -0.107 0.317 0.413 0.26 -0.128 -0.298 -0.488 0.227
18.2363 0.893 0.942 0.867 0.674 0.532 0.393 0.754 0.652 0.53 0.388 0.247 0.099 0.657 0.484 0.313 0.192 0.081 0.421 0.278 0.158 0.059 -0.109 0.315 0.41 0.257 -0.131 -0.3 -0.49 0.225
18.6762 0.89 0.94 0.865 0.672 0.529 0.39 0.751 0.649 0.527 0.385 0.245 0.096 0.654 0.482 0.31 0.189 0.079 0.418 0.276 0.156 0.057 -0.112 0.312 0.407 0.255 -0.133 -0.303 -0.493 0.222
19.1268 0.888 0.937 0.862 0.669 0.527 0.388 0.748 0.647 0.524 0.383 0.242 0.093 0.652 0.479 0.307 0.187 0.076 0.416 0.273 0.153 0.054 -0.114 0.31 0.405 0.252 -0.136 -0.305 -0.496 0.219
19.5882 0.885 0.934 0.86 0.667 0.524 0.385 0.746 0.644 0.522 0.38 0.239 0.091 0.649 0.477 0.305 0.184 0.074 0.413 0.27 0.151 0.052 -0.117 0.307 0.402 0.25 -0.138 -0.308 -0.498 0.217
20.0607 0.882 0.932 0.857 0.664 0.522 0.383 0.743 0.642 0.519 0.377 0.237 0.088 0.647 0.474 0.302 0.182 0.071 0.41 0.268 0.148 0.049 -0.119 0.305 0.4 0.247 -0.141 -0.31 -0.501 0.214
20.5446 0.856 0.905 0.831 0.638 0.495 0.356 0.717 0.615 0.493 0.351 0.21 0.062 0.62 0.448 0.276 0.155 0.044 0.384 0.241 0.122 0.022 -0.146 0.278 0.373 0.22 -0.167 -0.337 -0.527 0.188
21.0402 0.826 0.875 0.801 0.608 0.465 0.326 0.687 0.585 0.463 0.321 0.18 0.032 0.59 0.418 0.246 0.125 0.015 0.354 0.211 0.092 -0.007 -0.176 0.248 0.343 0.191 -0.197 -0.367 -0.557 0.158
21.5478 0.796 0.845 0.771 0.578 0.435 0.296 0.657 0.555 0.433 0.291 0.151 0.002 0.56 0.388 0.216 0.095 -0.015 0.324 0.181 0.062 -0.037 -0.206 0.218 0.313 0.161 -0.227 -0.397 -0.587 0.128
22.0676 0.766 0.816 0.741 0.548 0.405 0.266 0.627 0.525 0.403 0.261 0.121 -0.028 0.53 0.358 0.186 0.065 -0.045 0.294 0.151 0.032 -0.067 -0.236 0.188 0.283 0.131 -0.257 -0.427 -0.617 0.098
22.5999 0.736 0.786 0.711 0.518 0.375 0.236 0.597 0.495 0.373 0.231 0.091 -0.058 0.5 0.328 0.156 0.035 -0.075 0.264 0.122 0.002 -0.097 -0.266 0.158 0.253 0.101 -0.287 -0.457 -0.647 0.068
23.1451 0.706 0.756 0.681 0.488 0.345 0.206 0.567 0.465 0.343 0.201 0.061 -0.088 0.47 0.298 0.126 0.005 -0.105 0.234 0.092 -0.028 -0.127 -0.296 0.128 0.224 0.071 -0.317 -0.487 -0.677 0.038
23.7034 0.676 0.726 0.651 0.458 0.315 0.176 0.537 0.436 0.313 0.171 0.031 -0.118 0.441 0.268 0.096 -0.025 -0.135 0.204 0.062 -0.058 -0.157 -0.325 0.098 0.194 0.041 -0.347 -0.517 -0.707 0.008
24.2752 0.646 0.696 0.621 0.428 0.286 0.146 0.507 0.406 0.283 0.141 0.001 -0.148 0.411 0.238 0.066 -0.055 -0.165 0.174 0.032 -0.088 -0.187 -0.355 0.068 0.164 0.011 -0.377 -0.546 -0.737 -0.022
24.8608 0.616 0.666 0.591 0.398 0.256 0.116 0.477 0.376 0.253 0.111 -0.029 -0.178 0.381 0.208 0.036 -0.084 -0.195 0.144 0.002 -0.118 -0.217 -0.385 0.038 0.134 -0.019 -0.407 -0.576 -0.767 -0.052
25.4606 0.587 0.636 0.562 0.369 0.226 0.087 0.448 0.346 0.224 0.082 -0.059 -0.207 0.351 0.179 0.007 -0.114 -0.225 0.115 -0.028 -0.147 -0.247 -0.415 0.009 0.104 -0.049 -0.436 -0.606 -0.796 -0.081
26.0748 0.587 0.637 0.562 0.369 0.227 0.088 0.448 0.347 0.224 0.082 -0.058 -0.207 0.352 0.179 0.007 -0.113 -0.224 0.115 -0.027 -0.147 -0.246 -0.414 0.01 0.105 -0.048 -0.436 -0.605 -0.796 -0.081
26.7038 0.588 0.637 0.563 0.37 0.227 0.088 0.449 0.347 0.225 0.083 -0.057 -0.206 0.352 0.18 0.008 -0.113 -0.223 0.116 -0.027 -0.146 -0.245 -0.414 0.01 0.105 -0.047 -0.435 -0.605 -0.795 -0.08
27.3479 0.589 0.638 0.563 0.37 0.228 0.089 0.449 0.348 0.225 0.084 -0.057 -0.206 0.353 0.18 0.008 -0.112 -0.223 0.117 -0.026 -0.146 -0.245 -0.413 0.011 0.106 -0.047 -0.435 -0.604 -0.795 -0.08
28.0077 0.589 0.639 0.564 0.371 0.228 0.089 0.45 0.348 0.226 0.084 -0.056 -0.205 0.353 0.181 0.009 -0.112 -0.222 0.117 -0.025 -0.145 -0.244 -0.413 0.011 0.106 -0.046 -0.434 -0.604 -0.794 -0.079
28.6833 0.59 0.639 0.564 0.371 0.229 0.09 0.451 0.349 0.226 0.085 -0.056 -0.204 0.354 0.181 0.01 -0.111 -0.222 0.118 -0.025 -0.145 -0.244 -0.412 0.012 0.107 -0.046 -0.434 -0.603 -0.793 -0.078
29.3752 0.59 0.64 0.565 0.372 0.229 0.09 0.451 0.349 0.227 0.085 -0.055 -0.204 0.354 0.182 0.01 -0.111 -0.221 0.118 -0.024 -0.144 -0.243 -0.412 0.012 0.108 -0.045 -0.433 -0.603 -0.793 -0.078
30.0838 0.591 0.64 0.565 0.372 0.23 0.091 0.452 0.35 0.228 0.086 -0.055 -0.203 0.355 0.182 0.011 -0.11 -0.221 0.119 -0.024 -0.144 -0.243 -0.411 0.013 0.108 -0.045 -0.433 -0.602 -0.792 -0.077
30.8096 0.591 0.641 0.566 0.373 0.231 0.091 0.452 0.351 0.228 0.086 -0.054 -0.203 0.356 0.183 0.011 -0.11 -0.22 0.119 -0.023 -0.143 -0.242 -0.41 0.013 0.109 -0.044 -0.432 -0.601 -0.792 -0.077
31.5528 0.592 0.641 0.566 0.373 0.231 0.092 0.453 0.351 0.229 0.087 -0.054 -0.202 0.356 0.184 0.012 -0.109 -0.22 0.12 -0.023 -0.143 -0.242 -0.41 0.014 0.109 -0.044 -0.432 -0.601 -0.791 -0.076
32.3139 0.593 0.642 0.567 0.374 0.232 0.093 0.454 0.352 0.229 0.088 -0.053 -0.201 0.357 0.184 0.013 -0.108 -0.219 0.121 -0.022 -0.142 -0.241 -0.409 0.015 0.11 -0.043 -0.431 -0.6 -0.79 -0.075
33.0935 0.595 0.644 0.57 0.377 0.234 0.095 0.456 0.354 0.232 0.09 -0.051 -0.199 0.359 0.187 0.015 -0.106 -0.216 0.123 -0.02 -0.139 -0.238 -0.407 0.017 0.112 -0.04 -0.428 -0.598 -0.788 -0.073
33.8918 0.597 0.647 0.572 0.379 0.237 0.097 0.458 0.357 0.234 0.092 -0.048 -0.197 0.362 0.189 0.017 -0.103 -0.214 0.125 -0.017 -0.137 -0.236 -0.404 0.019 0.115 -0.038 -0.426 -0.595 -0.786 -0.071
34.7093 0.6 0.649 0.574 0.381 0.239 0.1 0.461 0.359 0.237 0.095 -0.046 -0.194 0.364 0.191 0.02 -0.101 -0.212 0.128 -0.015 -0.135 -0.234 -0.402 0.022 0.117 -0.036 -0.424 -0.593 -0.783 -0.068
35.5466 0.602 0.651 0.577 0.384 0.241 0.102 0.463 0.361 0.239 0.097 -0.043 -0.192 0.366 0.194 0.022 -0.099 -0.209 0.13 -0.013 -0.132 -0.231 -0.4 0.024 0.119 -0.033 -0.421 -0.591 -0.781 -0.066
36.4041 0.604 0.654 0.579 0.386 0.244 0.104 0.465 0.364 0.241 0.099 -0.041 -0.19 0.369 0.196 0.024 -0.096 -0.207 0.132 -0.01 -0.13 -0.229 -0.397 0.026 0.122 -0.031 -0.419 -0.588 -0.779 -0.064
37.2823 0.607 0.656 0.581 0.388 0.246 0.107 0.468 0.366 0.244 0.102 -0.039 -0.187 0.371 0.198 0.027 -0.094 -0.205 0.135 -0.008 -0.128 -0.227 -0.395 0.029 0.124 -0.029 -0.417 -0.586 -0.776 -0.061
38.1817 0.609 0.659 0.584 0.391 0.248 0.109 0.47 0.368 0.246 0.104 -0.036 -0.185 0.373 0.201 0.029 -0.092 -0.202 0.137 -0.006 -0.125 -0.224 -0.393 0.031 0.126 -0.026 -0.414 -0.584 -0.774 -0.059
39.1028 0.611 0.661 0.586 0.393 0.251 0.112 0.472 0.371 0.248 0.106 -0.034 -0.183 0.376 0.203 0.031 -0.089 -0.2 0.139 -0.003 -0.123 -0.222 -0.39 0.034 0.129 -0.024 -0.412 -0.581 -0.772 -0.057
40.046 0.614 0.663 0.588 0.395 0.253 0.114 0.475 0.373 0.251 0.109 -0.032 -0.18 0.378 0.205 0.034 -0.087 -0.198 0.142 -0.001 -0.121 -0.22 -0.388 0.036 0.131 -0.022 -0.41 -0.579 -0.769 -0.054
41.0121 0.615 0.664 0.589 0.396 0.254 0.115 0.476 0.374 0.252 0.11 -0.031 -0.179 0.379 0.207 0.035 -0.086 -0.197 0.143 0.0 -0.12 -0.219 -0.387 0.037 0.132 -0.021 -0.409 -0.578 -0.768 -0.053
42.0014 0.613 0.663 0.588 0.395 0.252 0.113 0.474 0.372 0.25 0.108 -0.032 -0.181 0.377 0.205 0.033 -0.088 -0.198 0.141 -0.001 -0.121 -0.22 -0.389 0.035 0.13 -0.022 -0.41 -0.58 -0.77 -0.055
43.0146 0.611 0.661 0.586 0.393 0.251 0.112 0.472 0.371 0.248 0.106 -0.034 -0.183 0.376 0.203 0.031 -0.089 -0.2 0.139 -0.003 -0.123 -0.222 -0.39 0.034 0.129 -0.024 -0.412 -0.581 -0.772 -0.057
44.0523 0.61 0.659 0.584 0.391 0.249 0.11 0.471 0.369 0.247 0.105 -0.036 -0.184 0.374 0.201 0.03 -0.091 -0.202 0.138 -0.005 -0.125 -0.224 -0.392 0.032 0.127 -0.026 -0.414 -0.583 -0.773 -0.058
45.1149 0.608 0.657 0.583 0.39 0.247 0.108 0.469 0.367 0.245 0.103 -0.038 -0.186 0.372 0.2 0.028 -0.093 -0.204 0.136 -0.007 -0.126 -0.225 -0.394 0.03 0.125 -0.028 -0.415 -0.585 -0.775 -0.06
46.2033 0.606 0.656 0.581 0.388 0.245 0.106 0.467 0.366 0.243 0.101 -0.039 -0.188 0.371 0.198 0.026 -0.095 -0.205 0.134 -0.008 -0.128 -0.227 -0.395 0.028 0.124 -0.029 -0.417 -0.587 -0.777 -0.062
47.3178 0.605 0.654 0.579 0.386 0.244 0.105 0.465 0.364 0.241 0.099 -0.041 -0.19 0.369 0.196 0.024 -0.096 -0.207 0.132 -0.01 -0.13 -0.229 -0.397 0.027 0.122 -0.031 -0.419 -0.588 -0.779 -0.064
48.4593 0.603 0.652 0.577 0.384 0.242 0.103 0.464 0.362 0.24 0.098 -0.043 -0.191 0.367 0.195 0.023 -0.098 -0.209 0.131 -0.012 -0.132 -0.231 -0.399 0.025 0.12 -0.033 -0.421 -0.59 -0.78 -0.065
49.6283 0.601 0.651 0.576 0.383 0.24 0.101 0.462 0.36 0.238 0.096 -0.044 -0.193 0.365 0.193 0.021 -0.1 -0.21 0.129 -0.014 -0.133 -0.232 -0.401 0.023 0.118 -0.034 -0.422 -0.592 -0.782 -0.067
50.8255 0.599 0.649 0.574 0.381 0.239 0.099 0.46 0.359 0.236 0.094 -0.046 -0.195 0.364 0.191 0.019 -0.101 -0.212 0.127 -0.015 -0.135 -0.234 -0.402 0.021 0.117 -0.036 -0.424 -0.593 -0.784 -0.069
52.0515 0.616 0.665 0.591 0.398 0.255 0.116 0.477 0.375 0.253 0.111 -0.03 -0.178 0.38 0.208 0.036 -0.085 -0.195 0.144 0.001 -0.118 -0.217 -0.386 0.038 0.133 -0.019 -0.407 -0.577 -0.767 -0.052
53.3072 0.655 0.705 0.63 0.437 0.295 0.155 0.516 0.415 0.292 0.15 0.01 -0.139 0.42 0.247 0.075 -0.046 -0.156 0.183 0.041 -0.079 -0.178 -0.346 0.077 0.173 0.02 -0.368 -0.537 -0.728 -0.013
54.5931 0.695 0.744 0.669 0.476 0.334 0.195 0.556 0.454 0.331 0.19 0.049 -0.099 0.459 0.286 0.115 -0.006 -0.117 0.223 0.08 -0.04 -0.139 -0.307 0.117 0.212 0.059 -0.329 -0.498 -0.688 0.027
55.9101 0.734 0.783 0.709 0.516 0.373 0.234 0.595 0.493 0.371 0.229 0.088 -0.06 0.498 0.326 0.154 0.033 -0.078 0.262 0.119 -0.0 -0.1 -0.268 0.156 0.251 0.098 -0.289 -0.459 -0.649 0.066
