web/models/grb/offaxis/13/grb_0.2967_1.3895_0.0002512.dat
# %ECSV 1.0
# ---
# datatype:
# - {name: time, datatype: float64}
# - {name: swift_uvot_uvw2, datatype: float64}
# - {name: swift_uvot_uvm2, datatype: float64}
# - {name: swift_uvot_uvw1, datatype: float64}
# - {name: swift_uvot_U, datatype: float64}
# - {name: swift_uvot_B, datatype: float64}
# - {name: swift_uvot_V, datatype: float64}
# - {name: swift_uvot_W, datatype: float64}
# - {name: johnson_U, datatype: float64}
# - {name: johnson_B, datatype: float64}
# - {name: johnson_V, datatype: float64}
# - {name: johnson_R, datatype: float64}
# - {name: johnson_I, datatype: float64}
# - {name: sdss_u, datatype: float64}
# - {name: sdss_g, datatype: float64}
# - {name: sdss_r, datatype: float64}
# - {name: sdss_i, datatype: float64}
# - {name: sdss_z, datatype: float64}
# - {name: PS1_g, datatype: float64}
# - {name: PS1_r, datatype: float64}
# - {name: PS1_i, datatype: float64}
# - {name: PS1_z, datatype: float64}
# - {name: PS1_Y, datatype: float64}
# - {name: ukirt_J, datatype: float64}
# - {name: ukirt_H, datatype: float64}
# - {name: ukirt_K, datatype: float64}
# meta: !!omap
# - comment: [E = 0.0006029923955985727, Eta0 = 8.02, GammaB = 12.0, dL = 0.012188, epsb = 6.760829753919819e-06, epse = 0.1, n = 0.00025118864315095795,
#     p = 2.15, theta_obs = 0.29670597283903605, xiN = 1.0, z = 0.0, type = grb, E_kiso = 1.3894954943731375]
# schema: astropy-2.0
time swift_uvot_uvw2 swift_uvot_uvm2 swift_uvot_uvw1 swift_uvot_U swift_uvot_B swift_uvot_V swift_uvot_W johnson_U johnson_B johnson_V johnson_R johnson_I sdss_u sdss_g sdss_r sdss_i sdss_z PS1_g PS1_r PS1_i PS1_z PS1_Y ukirt_J ukirt_H ukirt_K
[from data line 303]
13.6997 4.536 4.585 4.51 4.317 4.175 4.036 4.396 4.295 4.172 4.03 3.89 3.741 4.3 4.127 3.955 3.835 3.724 4.063 3.921 3.801 3.702 3.534 3.512 3.343 3.152
14.0302 4.534 4.583 4.508 4.315 4.173 4.034 4.395 4.293 4.171 4.029 3.888 3.74 4.298 4.125 3.954 3.833 3.722 4.062 3.919 3.799 3.7 3.532 3.51 3.341 3.151
14.3686 4.532 4.582 4.507 4.314 4.171 4.032 4.393 4.291 4.169 4.027 3.887 3.738 4.296 4.124 3.952 3.831 3.721 4.06 3.917 3.798 3.699 3.53 3.509 3.339 3.149
14.7153 4.53 4.58 4.505 4.312 4.17 4.03 4.391 4.29 4.167 4.025 3.885 3.736 4.295 4.122 3.95 3.83 3.719 4.058 3.916 3.796 3.697 3.529 3.507 3.338 3.147
15.0702 4.529 4.578 4.503 4.31 4.168 4.029 4.39 4.288 4.165 4.024 3.883 3.735 4.293 4.12 3.948 3.828 3.717 4.057 3.914 3.794 3.695 3.527 3.505 3.336 3.146
15.4338 4.529 4.578 4.503 4.31 4.168 4.029 4.39 4.288 4.166 4.024 3.883 3.735 4.293 4.121 3.949 3.828 3.717 4.057 3.914 3.794 3.695 3.527 3.505 3.336 3.146
15.8061 4.568 4.618 4.543 4.35 4.207 4.068 4.429 4.327 4.205 4.063 3.923 3.774 4.332 4.16 3.988 3.867 3.757 4.096 3.954 3.834 3.735 3.566 3.545 3.375 3.185
16.1874 4.607 4.657 4.582 4.389 4.247 4.108 4.468 4.367 4.244 4.102 3.962 3.813 4.372 4.199 4.027 3.907 3.796 4.135 3.993 3.873 3.774 3.606 3.584 3.415 3.224
16.5779 4.647 4.696 4.621 4.428 4.286 4.147 4.508 4.406 4.284 4.142 4.001 3.853 4.411 4.238 4.067 3.946 3.835 4.175 4.032 3.912 3.813 3.645 3.623 3.454 3.264
16.9778 4.686 4.736 4.661 4.468 4.325 4.186 4.547 4.445 4.323 4.181 4.041 3.892 4.45 4.278 4.106 3.985 3.875 4.214 4.071 3.952 3.853 3.684 3.663 3.493 3.303
17.3873 4.725 4.775 4.7 4.507 4.365 4.226 4.586 4.485 4.362 4.22 4.08 3.931 4.49 4.317 4.145 4.025 3.914 4.253 4.111 3.991 3.892 3.724 3.702 3.533 3.342
17.8068 4.765 4.814 4.739 4.546 4.404 4.265 4.626 4.524 4.402 4.26 4.119 3.971 4.529 4.356 4.185 4.064 3.953 4.293 4.15 4.03 3.931 3.763 3.741 3.572 3.382
18.2363 4.804 4.853 4.779 4.586 4.443 4.304 4.665 4.563 4.441 4.299 4.159 4.01 4.568 4.396 4.224 4.103 3.993 4.332 4.189 4.07 3.971 3.802 3.781 3.611 3.421
18.6762 4.843 4.893 4.818 4.625 4.483 4.343 4.704 4.603 4.48 4.338 4.198 4.049 4.608 4.435 4.263 4.143 4.032 4.371 4.229 4.109 4.01 3.842 3.82 3.651 3.46
19.1268 4.883 4.932 4.857 4.664 4.522 4.383 4.744 4.642 4.52 4.378 4.237 4.089 4.647 4.474 4.303 4.182 4.071 4.411 4.268 4.148 4.049 3.881 3.859 3.69 3.5
19.5882 4.926 4.976 4.901 4.708 4.566 4.427 4.787 4.686 4.563 4.421 4.281 4.132 4.691 4.518 4.346 4.226 4.115 4.454 4.312 4.192 4.093 3.925 3.903 3.734 3.543
20.0607 4.989 5.039 4.964 4.771 4.628 4.489 4.85 4.748 4.626 4.484 4.344 4.195 4.753 4.581 4.409 4.288 4.178 4.517 4.374 4.255 4.156 3.987 3.966 3.796 3.606
20.5446 5.052 5.101 5.026 4.833 4.691 4.552 4.913 4.811 4.689 4.547 4.406 4.258 4.816 4.643 4.472 4.351 4.24 4.58 4.437 4.317 4.218 4.05 4.028 3.859 3.669
21.0402 5.114 5.164 5.089 4.896 4.754 4.615 4.975 4.874 4.751 4.609 4.469 4.32 4.879 4.706 4.534 4.414 4.303 4.642 4.5 4.38 4.281 4.113 4.091 3.922 3.731
21.5478 5.177 5.227 5.152 4.959 4.816 4.677 5.038 4.936 4.814 4.672 4.532 4.383 4.941 4.769 4.597 4.476 4.366 4.705 4.563 4.443 4.344 4.175 4.154 3.984 3.794
22.0676 5.24 5.289 5.214 5.021 4.879 4.74 5.101 4.999 4.877 4.735 4.594 4.446 5.004 4.832 4.66 4.539 4.428 4.768 4.625 4.505 4.406 4.238 4.216 4.047 3.857
22.5999 5.302 5.352 5.277 5.084 4.942 4.803 5.163 5.062 4.939 4.797 4.657 4.508 5.067 4.894 4.722 4.602 4.491 4.83 4.688 4.568 4.469 4.301 4.279 4.11 3.919
23.1451 5.365 5.415 5.34 5.147 5.004 4.865 5.226 5.124 5.002 4.86 4.72 4.571 5.129 4.957 4.785 4.664 4.554 4.893 4.751 4.631 4.532 4.363 4.342 4.172 3.982
23.7034 5.428 5.477 5.402 5.209 5.067 4.928 5.289 5.187 5.065 4.923 4.782 4.634 5.192 5.02 4.848 4.727 4.616 4.956 4.813 4.693 4.594 4.426 4.404 4.235 4.045
24.2752 5.491 5.54 5.465 5.272 5.13 4.991 5.351 5.25 5.127 4.985 4.845 4.696 5.255 5.082 4.91 4.79 4.679 5.018 4.876 4.756 4.657 4.489 4.467 4.298 4.107
24.8608 5.556 5.606 5.531 5.338 5.195 5.056 5.417 5.315 5.193 5.051 4.911 4.762 5.32 5.148 4.976 4.855 4.745 5.084 4.942 4.822 4.723 4.554 4.533 4.363 4.173
25.4606 5.628 5.677 5.603 5.41 5.267 5.128 5.489 5.387 5.265 5.123 4.982 4.834 5.392 5.22 5.048 4.927 4.816 5.156 5.013 4.893 4.794 4.626 4.604 4.435 4.245
26.0748 5.7 5.749 5.674 5.481 5.339 5.2 5.561 5.459 5.336 5.195 5.054 4.906 5.464 5.291 5.12 4.999 4.888 5.228 5.085 4.965 4.866 4.698 4.676 4.507 4.317
26.7038 5.771 5.821 5.746 5.553 5.411 5.271 5.632 5.531 5.408 5.266 5.126 4.977 5.536 5.363 5.191 5.071 4.96 5.299 5.157 5.037 4.938 4.77 4.748 4.579 4.388
27.3479 5.843 5.893 5.818 5.625 5.482 5.343 5.704 5.602 5.48 5.338 5.198 5.049 5.607 5.435 5.263 5.142 5.032 5.371 5.229 5.109 5.01 4.841 4.82 4.65 4.46
28.0077 5.915 5.964 5.889 5.696 5.554 5.415 5.776 5.674 5.552 5.41 5.269 5.121 5.679 5.507 5.335 5.214 5.103 5.443 5.3 5.18 5.081 4.913 4.891 4.722 4.532
28.6833 5.987 6.036 5.961 5.768 5.626 5.487 5.848 5.746 5.623 5.482 5.341 5.192 5.751 5.578 5.406 5.286 5.175 5.515 5.372 5.252 5.153 4.985 4.963 4.794 4.603
29.3752 6.058 6.108 6.033 5.84 5.698 5.558 5.919 5.818 5.695 5.553 5.413 5.264 5.823 5.65 5.478 5.357 5.247 5.586 5.444 5.324 5.225 5.057 5.035 4.866 4.675
30.0838 6.13 6.179 6.105 5.912 5.769 5.63 5.991 5.889 5.767 5.625 5.485 5.336 5.894 5.722 5.55 5.429 5.319 5.658 5.515 5.396 5.297 5.128 5.107 4.937 4.747
30.8096 6.202 6.251 6.176 5.983 5.841 5.702 6.063 5.961 5.839 5.697 5.556 5.408 5.966 5.793 5.622 5.501 5.39 5.73 5.587 5.467 5.368 5.2 5.178 5.009 4.819
31.5528 6.274 6.323 6.248 6.056 5.913 5.774 6.135 6.033 5.911 5.769 5.628 5.48 6.038 5.866 5.694 5.573 5.462 5.802 5.659 5.539 5.44 5.272 5.25 5.081 4.891
32.3139 6.346 6.396 6.321 6.128 5.986 5.847 6.207 6.106 5.983 5.841 5.701 5.552 6.111 5.938 5.766 5.646 5.535 5.874 5.732 5.612 5.513 5.345 5.323 5.154 4.963
33.0935 6.419 6.468 6.394 6.201 6.058 5.919 6.28 6.178 6.056 5.914 5.773 5.625 6.183 6.011 5.839 5.718 5.607 5.947 5.804 5.685 5.585 5.417 5.396 5.226 5.036
33.8918 6.491 6.541 6.466 6.273 6.131 5.992 6.352 6.251 6.128 5.986 5.846 5.697 6.256 6.083 5.911 5.791 5.68 6.019 5.877 5.757 5.658 5.49 5.468 5.299 5.108
34.7093 6.564 6.613 6.539 6.346 6.203 6.064 6.425 6.323 6.201 6.059 5.918 5.77 6.328 6.156 5.984 5.863 5.753 6.092 5.949 5.83 5.731 5.562 5.541 5.371 5.181
35.5466 6.637 6.686 6.611 6.418 6.276 6.137 6.497 6.396 6.273 6.131 5.991 5.842 6.401 6.228 6.056 5.936 5.825 6.164 6.022 5.902 5.803 5.635 5.613 5.444 5.253
36.4041 6.709 6.759 6.684 6.491 6.348 6.209 6.57 6.468 6.346 6.204 6.064 5.915 6.473 6.301 6.129 6.008 5.898 6.237 6.094 5.975 5.876 5.707 5.686 5.516 5.326
37.2823 6.782 6.831 6.756 6.563 6.421 6.282 6.643 6.541 6.418 6.277 6.136 5.988 6.546 6.373 6.201 6.081 5.97 6.31 6.167 6.047 5.948 5.78 5.758 5.589 5.398
38.1817 6.854 6.904 6.829 6.636 6.493 6.354 6.715 6.613 6.491 6.349 6.209 6.06 6.618 6.446 6.274 6.153 6.043 6.382 6.24 6.12 6.021 5.852 5.831 5.661 5.471
39.1028 6.927 6.976 6.901 6.708 6.566 6.427 6.788 6.686 6.563 6.422 6.281 6.133 6.691 6.518 6.347 6.226 6.115 6.455 6.312 6.192 6.093 5.925 5.903 5.734 5.544
40.046 6.995 7.044 6.97 6.777 6.634 6.495 6.856 6.754 6.632 6.49 6.349 6.201 6.759 6.587 6.415 6.294 6.183 6.523 6.38 6.261 6.162 5.993 5.972 5.802 5.612
41.0121 7.061 7.11 7.035 6.842 6.7 6.561 6.922 6.82 6.698 6.556 6.415 6.267 6.825 6.652 6.481 6.36 6.249 6.589 6.446 6.326 6.227 6.059 6.037 5.868 5.678
42.0014 7.126 7.176 7.101 6.908 6.766 6.627 6.987 6.886 6.763 6.621 6.481 6.332 6.891 6.718 6.546 6.426 6.315 6.654 6.512 6.392 6.293 6.125 6.103 5.934 5.743
43.0146 7.192 7.242 7.167 6.974 6.831 6.692 7.053 6.951 6.829 6.687 6.547 6.398 6.956 6.784 6.612 6.491 6.381 6.72 6.578 6.458 6.359 6.19 6.169 5.999 5.809
44.0523 7.258 7.307 7.232 7.039 6.897 6.758 7.119 7.017 6.895 6.753 6.612 6.464 7.022 6.85 6.678 6.557 6.446 6.786 6.643 6.523 6.424 6.256 6.234 6.065 5.875
45.1149 7.324 7.373 7.298 7.105 6.963 6.824 7.184 7.083 6.96 6.819 6.678 6.529 7.088 6.915 6.743 6.623 6.512 6.852 6.709 6.589 6.49 6.322 6.3 6.131 5.94
46.2033 7.389 7.439 7.364 7.171 7.029 6.889 7.25 7.149 7.026 6.884 6.744 6.595 7.154 6.981 6.809 6.688 6.578 6.917 6.775 6.655 6.556 6.388 6.366 6.197 6.006
47.3178 7.455 7.504 7.43 7.237 7.094 6.955 7.316 7.214 7.092 6.95 6.809 6.661 7.219 7.047 6.875 6.754 6.644 6.983 6.84 6.721 6.622 6.453 6.432 6.262 6.072
48.4593 7.521 7.57 7.495 7.302 7.16 7.021 7.382 7.28 7.158 7.016 6.875 6.727 7.285 7.112 6.941 6.82 6.709 7.049 6.906 6.786 6.687 6.519 6.497 6.328 6.138
49.6283 7.586 7.636 7.561 7.368 7.226 7.087 7.447 7.346 7.223 7.081 6.941 6.792 7.351 7.178 7.006 6.886 6.775 7.114 6.972 6.852 6.753 6.585 6.563 6.394 6.203
50.8255 7.645 7.694 7.619 7.426 7.284 7.145 7.506 7.404 7.282 7.14 6.999 6.851 7.409 7.237 7.065 6.944 6.833 7.173 7.03 6.91 6.811 6.643 6.621 6.452 6.262
52.0515 7.701 7.75 7.676 7.483 7.34 7.201 7.562 7.46 7.338 7.196 7.055 6.907 7.465 7.293 7.121 7.0 6.889 7.229 7.086 6.966 6.867 6.699 6.677 6.508 6.318
53.3072 7.757 7.806 7.732 7.539 7.396 7.257 7.618 7.516 7.394 7.252 7.111 6.963 7.521 7.349 7.177 7.056 6.946 7.285 7.142 7.023 6.924 6.755 6.734 6.564 6.374
54.5931 7.813 7.863 7.788 7.595 7.452 7.313 7.674 7.572 7.45 7.308 7.168 7.019 7.577 7.405 7.233 7.112 7.002 7.341 7.198 7.079 6.98 6.811 6.79 6.62 6.43
55.9101 7.869 7.919 7.844 7.651 7.508 7.369 7.73 7.628 7.506 7.364 7.224 7.075 7.633 7.461 7.289 7.168 7.058 7.397 7.255 7.135 7.036 6.867 6.846 6.676 6.486
57.2588 7.925 7.975 7.9 7.707 7.564 7.425 7.786 7.685 7.562 7.42 7.28 7.131 7.69 7.517 7.345 7.224 7.114 7.453 7.311 7.191 7.092 6.924 6.902 6.732 6.542
58.6401 7.981 8.031 7.956 7.763 7.621 7.481 7.842 7.741 7.618 7.476 7.336 7.187 7.746 7.573 7.401 7.281 7.17 7.509 7.367 7.247 7.148 6.98 6.958 6.789 6.598
60.0546 8.037 8.087 8.012 7.819 7.677 7.538 7.898 7.797 7.674 7.532 7.392 7.243 7.802 7.629 7.457 7.337 7.226 7.565 7.423 7.303 7.204 7.036 7.014 6.845 6.654
61.5034 8.094 8.143 8.068 7.875 7.733 7.594 7.954 7.853 7.73 7.588 7.448 7.299 7.858 7.685 7.513 7.393 7.282 7.621 7.479 7.359 7.26 7.092 7.07 6.901 6.71
62.987 8.15 8.199 8.124 7.931 7.789 7.65 8.011 7.909 7.786 7.645 7.504 7.356 7.914 7.741 7.569 7.449 7.338 7.678 7.535 7.415 7.316 7.148 7.126 6.957 6.766
64.5065 8.204 8.253 8.179 7.986 7.843 7.704 8.065 7.963 7.841 7.699 7.558 7.41 7.968 7.796 7.624 7.503 7.393 7.732 7.589 7.47 7.371 7.202 7.181 7.011 6.821
66.0626 8.258 8.308 8.233 8.04 7.897 7.758 8.119 8.017 7.895 7.753 7.613 7.464 8.023 7.85 7.678 7.557 7.447 7.786 7.644 7.524 7.425 7.256 7.235 7.065 6.875
67.6562 8.312 8.362 8.287 8.094 7.952 7.813 8.173 8.072 7.949 7.807 7.667 7.518 8.077 7.904 7.732 7.612 7.501 7.84 7.698 7.578 7.479 7.311 7.289 7.12 6.929
69.2883 8.367 8.416 8.341 8.148 8.006 7.867 8.228 8.126 8.004 7.862 7.721 7.573 8.131 7.958 7.787 7.666 7.555 7.895 7.752 7.632 7.533 7.365 7.343 7.174 6.984
70.9597 8.421 8.47 8.396 8.203 8.06 7.921 8.282 8.18 8.058 7.916 7.775 7.627 8.185 8.013 7.841 7.72 7.609 7.949 7.806 7.686 7.587 7.419 7.397 7.228 7.038
72.6715 8.475 8.525 8.45 8.257 8.114 7.975 8.336 8.234 8.112 7.97 7.83 7.681 8.239 8.067 7.895 7.774 7.664 8.003 7.861 7.741 7.642 7.473 7.452 7.282 7.092
74.4246 8.529 8.579 8.504 8.311 8.169 8.029 8.39 8.289 8.166 8.024 7.884 7.735 8.294 8.121 7.949 7.829 7.718 8.057 7.915 7.795 7.696 7.528 7.506 7.337 7.146
76.2199 8.584 8.633 8.558 8.365 8.223 8.084 8.445 8.343 8.22 8.079 7.938 7.789 8.348 8.175 8.003 7.883 7.772 8.112 7.969 7.849 7.75 7.582 7.56 7.391 7.2
78.0586 8.638 8.687 8.612 8.419 8.277 8.138 8.499 8.397 8.275 8.133 7.992 7.844 8.402 8.23 8.058 7.937 7.826 8.166 8.023 7.903 7.804 7.636 7.614 7.445 7.255
79.9416 8.692 8.741 8.666 8.473 8.331 8.192 8.553 8.451 8.329 8.187 8.046 7.898 8.456 8.283 8.112 7.991 7.88 8.22 8.077 7.957 7.858 7.69 7.668 7.499 7.309
81.87 8.741 8.79 8.715 8.522 8.38 8.241 8.602 8.5 8.377 8.236 8.095 7.947 8.505 8.332 8.161 8.04 7.929 8.269 8.126 8.006 7.907 7.739 7.717 7.548 7.358
83.845 8.79 8.839 8.764 8.571 8.429 8.29 8.65 8.549 8.426 8.284 8.144 7.995 8.554 8.381 8.209 8.089 7.978 8.317 8.175 8.055 7.956 7.788 7.766 7.597 7.406
85.8676 8.838 8.888 8.813 8.62 8.478 8.338 8.699 8.598 8.475 8.333 8.193 8.044 8.603 8.43 8.258 8.138 8.027 8.366 8.224 8.104 8.005 7.837 7.815 7.646 7.455
87.939 8.887 8.937 8.862 8.669 8.526 8.387 8.748 8.646 8.524 8.382 8.242 8.093 8.652 8.479 8.307 8.186 8.076 8.415 8.273 8.153 8.054 7.885 7.864 7.694 7.504
90.0604 8.936 8.986 8.911 8.718 8.575 8.436 8.797 8.695 8.573 8.431 8.291 8.142 8.7 8.528 8.356 8.235 8.125 8.464 8.321 8.202 8.103 7.934 7.913 7.743 7.553
92.2329 8.985 9.034 8.96 8.767 8.624 8.485 8.846 8.744 8.622 8.48 8.339 8.191 8.749 8.577 8.405 8.284 8.173 8.513 8.37 8.25 8.151 7.983 7.961 7.792 7.602
94.4579 9.034 9.083 9.008 8.815 8.673 8.534 8.895 8.793 8.671 8.529 8.388 8.24 8.798 8.625 8.454 8.333 8.222 8.562 8.419 8.299 8.2 8.032 8.01 7.841 7.651
96.7365 9.083 9.132 9.057 8.864 8.722 8.583 8.944 8.842 8.719 8.578 8.437 8.289 8.847 8.674 8.503 8.382 8.271 8.611 8.468 8.348 8.249 8.081 8.059 7.89 7.7
99.0701 9.132 9.181 9.106 8.913 8.771 8.632 8.992 8.891 8.768 8.626 8.486 8.337 8.896 8.723 8.551 8.431 8.32 8.659 8.517 8.397 8.298 8.13 8.108 7.939 7.748
101.4599 9.18 9.229 9.154 8.961 8.819 8.68 9.041 8.939 8.816 8.675 8.534 8.385 8.944 8.771 8.599 8.479 8.368 8.708 8.565 8.445 8.346 8.178 8.156 7.987 7.796
103.9075 9.224 9.274 9.199 9.006 8.864 8.724 9.085 8.984 8.861 8.719 8.579 8.43 8.989 8.816 8.644 8.524 8.413 8.752 8.61 8.49 8.391 8.223 8.201 8.032 7.841
106.4141 9.269 9.319 9.244 9.051 8.908 8.769 9.13 9.028 8.906 8.764 8.624 8.475 9.033 8.861 8.689 8.568 8.458 8.797 8.655 8.535 8.436 8.267 8.246 8.076 7.886
108.9811 9.314 9.363 9.289 9.096 8.953 8.814 9.175 9.073 8.951 8.809 8.668 8.52 9.078 8.906 8.734 8.613 8.502 8.842 8.699 8.58 8.481 8.312 8.291 8.121 7.931
111.6101 9.359 9.408 9.333 9.14 8.998 8.859 9.22 9.118 8.996 8.854 8.713 8.565 9.123 8.95 8.779 8.658 8.547 8.887 8.744 8.624 8.525 8.357 8.335 8.166 7.976
114.3025 9.404 9.453 9.378 9.185 9.043 8.904 9.264 9.163 9.04 8.899 8.758 8.609 9.168 8.995 8.823 8.703 8.592 8.932 8.789 8.669 8.57 8.402 8.38 8.211 8.02
117.0598 9.448 9.498 9.423 9.23 9.088 8.948 9.309 9.208 9.085 8.943 8.803 8.654 9.213 9.04 8.868 8.748 8.637 8.976 8.834 8.714 8.615 8.447 8.425 8.256 8.065
119.8836 9.493 9.543 9.468 9.275 9.132 8.993 9.354 9.252 9.13 8.988 8.848 8.699 9.257 9.085 8.913 8.792 8.682 9.021 8.879 8.759 8.66 8.491 8.47 8.3 8.11
122.7756 9.538 9.587 9.513 9.32 9.177 9.038 9.399 9.297 9.175 9.033 8.892 8.744 9.302 9.13 8.958 8.837 8.726 9.066 8.923 8.803 8.704 8.536 8.514 8.345 8.155
125.7373 9.583 9.632 9.557 9.364 9.222 9.083 9.444 9.342 9.22 9.078 8.937 8.789 9.347 9.174 9.003 8.882 8.771 9.111 8.968 8.848 8.749 8.581 8.559 8.39 8.2
128.7705 9.627 9.676 9.601 9.408 9.266 9.127 9.488 9.386 9.264 9.122 8.981 8.833 9.391 9.219 9.047 8.926 8.815 9.155 9.012 8.892 8.793 8.625 8.603 8.434 8.244
131.8769 9.669 9.719 9.644 9.451 9.309 9.17 9.53 9.429 9.306 9.164 9.024 8.875 9.434 9.261 9.089 8.969 8.858 9.197 9.055 8.935 8.836 8.668 8.646 8.477 8.286
135.0582 9.712 9.762 9.687 9.494 9.351 9.212 9.573 9.471 9.349 9.207 9.067 8.918 9.476 9.304 9.132 9.011 8.901 9.24 9.097 8.978 8.879 8.71 8.689 8.519 8.329
138.3162 9.755 9.804 9.729 9.536 9.394 9.255 9.616 9.514 9.392 9.25 9.109 8.961 9.519 9.346 9.175 9.054 8.943 9.283 9.14 9.02 8.921 8.753 8.731 8.562 8.372
141.6528 9.797 9.847 9.772 9.579 9.437 9.297 9.658 9.557 9.434 9.292 9.152 9.003 9.562 9.389 9.217 9.097 8.986 9.325 9.183 9.063 8.964 8.796 8.774 8.605 8.414
145.0699 9.84 9.889 9.815 9.622 9.479 9.34 9.701 9.599 9.477 9.335 9.194 9.046 9.604 9.432 9.26 9.139 9.029 9.368 9.225 9.106 9.007 8.838 8.817 8.647 8.457
148.5695 9.883 9.932 9.857 9.664 9.522 9.383 9.744 9.642 9.519 9.378 9.237 9.089 9.647 9.474 9.302 9.182 9.071 9.411 9.268 9.148 9.049 8.881 8.859 8.69 8.5
