web/models/grb/offaxis/13/grb_0.2967_1.9307_0.0000063.dat
# %ECSV 1.0
# ---
# datatype:
# - {name: time, datatype: float64}
# - {name: swift_uvot_uvw2, datatype: float64}
# - {name: swift_uvot_uvm2, datatype: float64}
# - {name: swift_uvot_uvw1, datatype: float64}
# - {name: swift_uvot_U, datatype: float64}
# - {name: swift_uvot_B, datatype: float64}
# - {name: swift_uvot_V, datatype: float64}
# - {name: swift_uvot_W, datatype: float64}
# - {name: johnson_U, datatype: float64}
# - {name: johnson_B, datatype: float64}
# - {name: johnson_V, datatype: float64}
# - {name: johnson_R, datatype: float64}
# - {name: johnson_I, datatype: float64}
# - {name: sdss_u, datatype: float64}
# - {name: sdss_g, datatype: float64}
# - {name: sdss_r, datatype: float64}
# - {name: sdss_i, datatype: float64}
# - {name: sdss_z, datatype: float64}
# - {name: PS1_g, datatype: float64}
# - {name: PS1_r, datatype: float64}
# - {name: PS1_i, datatype: float64}
# - {name: PS1_z, datatype: float64}
# - {name: PS1_Y, datatype: float64}
# - {name: ukirt_J, datatype: float64}
# - {name: ukirt_H, datatype: float64}
# - {name: ukirt_K, datatype: float64}
# meta: !!omap
# - comment: [E = 0.0008378552168254813, Eta0 = 8.02, GammaB = 12.0, dL = 0.012188, epsb = 6.760829753919819e-06, epse = 0.1, n = 6.30957344480193e-06,
#     p = 2.15, theta_obs = 0.29670597283903605, xiN = 1.0, z = 0.0, type = grb, E_kiso = 1.9306977288832496]
# schema: astropy-2.0
time swift_uvot_uvw2 swift_uvot_uvm2 swift_uvot_uvw1 swift_uvot_U swift_uvot_B swift_uvot_V swift_uvot_W johnson_U johnson_B johnson_V johnson_R johnson_I sdss_u sdss_g sdss_r sdss_i sdss_z PS1_g PS1_r PS1_i PS1_z PS1_Y ukirt_J ukirt_H ukirt_K
0.01 nan nan nan nan nan nan nan nan nan nan nan nan nan nan nan nan nan nan nan nan nan nan nan nan nan
0.0102 nan nan nan nan nan nan nan nan nan nan nan nan nan nan nan nan nan nan nan nan nan nan nan nan nan
0.0105 nan nan nan nan nan nan nan nan nan nan nan nan nan nan nan nan nan nan nan nan nan nan nan nan nan
0.0107 nan nan nan nan nan nan nan nan nan nan nan nan nan nan nan nan nan nan nan nan nan nan nan nan nan
0.011 nan nan nan nan nan nan nan nan nan nan nan nan nan nan nan nan nan nan nan nan nan nan nan nan nan
0.0113 nan nan nan nan nan nan nan nan nan nan nan nan nan nan nan nan nan nan nan nan nan nan nan nan nan
0.0115 nan nan nan nan nan nan nan nan nan nan nan nan nan nan nan nan nan nan nan nan nan nan nan nan nan
0.0118 nan nan nan nan nan nan nan nan nan nan nan nan nan nan nan nan nan nan nan nan nan nan nan nan nan
0.0121 nan nan nan nan nan nan nan nan nan nan nan nan nan nan nan nan nan nan nan nan nan nan nan nan nan
0.0124 nan nan nan nan nan nan nan nan nan nan nan nan nan nan nan nan nan nan nan nan nan nan nan nan nan
0.0127 nan nan nan nan nan nan nan nan nan nan nan nan nan nan nan nan nan nan nan nan nan nan nan nan nan
0.013 nan nan nan nan nan nan nan nan nan nan nan nan nan nan nan nan nan nan nan nan nan nan nan nan nan
0.0133 nan nan nan nan nan nan nan nan nan nan nan nan nan nan nan nan nan nan nan nan nan nan nan nan nan
0.0136 nan nan nan nan nan nan nan nan nan nan nan nan nan nan nan nan nan nan nan nan nan nan nan nan nan
0.014 nan nan nan nan nan nan nan nan nan nan nan nan nan nan nan nan nan nan nan nan nan nan nan nan nan
0.0143 nan nan nan nan nan nan nan nan nan nan nan nan nan nan nan nan nan nan nan nan nan nan nan nan nan
0.0146 nan nan nan nan nan nan nan nan nan nan nan nan nan nan nan nan nan nan nan nan nan nan nan nan nan
0.015 nan nan nan nan nan nan nan nan nan nan nan nan nan nan nan nan nan nan nan nan nan nan nan nan nan
0.0154 nan nan nan nan nan nan nan nan nan nan nan nan nan nan nan nan nan nan nan nan nan nan nan nan nan
0.0157 nan nan nan nan nan nan nan nan nan nan nan nan nan nan nan nan nan nan nan nan nan nan nan nan nan
0.0161 nan nan nan nan nan nan nan nan nan nan nan nan nan nan nan nan nan nan nan nan nan nan nan nan nan
0.0165 nan nan nan nan nan nan nan nan nan nan nan nan nan nan nan nan nan nan nan nan nan nan nan nan nan
0.0169 nan nan nan nan nan nan nan nan nan nan nan nan nan nan nan nan nan nan nan nan nan nan nan nan nan
0.0173 nan nan nan nan nan nan nan nan nan nan nan nan nan nan nan nan nan nan nan nan nan nan nan nan nan
0.0177 nan nan nan nan nan nan nan nan nan nan nan nan nan nan nan nan nan nan nan nan nan nan nan nan nan
0.0181 nan nan nan nan nan nan nan nan nan nan nan nan nan nan nan nan nan nan nan nan nan nan nan nan nan
0.0186 nan nan nan nan nan nan nan nan nan nan nan nan nan nan nan nan nan nan nan nan nan nan nan nan nan
0.019 nan nan nan nan nan nan nan nan nan nan nan nan nan nan nan nan nan nan nan nan nan nan nan nan nan
0.0195 nan nan nan nan nan nan nan nan nan nan nan nan nan nan nan nan nan nan nan nan nan nan nan nan nan
0.02 nan nan nan nan nan nan nan nan nan nan nan nan nan nan nan nan nan nan nan nan nan nan nan nan nan
0.0204 nan nan nan nan nan nan nan nan nan nan nan nan nan nan nan nan nan nan nan nan nan nan nan nan nan
0.0209 nan nan nan nan nan nan nan nan nan nan nan nan nan nan nan nan nan nan nan nan nan nan nan nan nan
0.0214 nan nan nan nan nan nan nan nan nan nan nan nan nan nan nan nan nan nan nan nan nan nan nan nan nan
0.022 nan nan nan nan nan nan nan nan nan nan nan nan nan nan nan nan nan nan nan nan nan nan nan nan nan
0.0225 nan nan nan nan nan nan nan nan nan nan nan nan nan nan nan nan nan nan nan nan nan nan nan nan nan
0.023 nan nan nan nan nan nan nan nan nan nan nan nan nan nan nan nan nan nan nan nan nan nan nan nan nan
0.0236 nan nan nan nan nan nan nan nan nan nan nan nan nan nan nan nan nan nan nan nan nan nan nan nan nan
0.0242 nan nan nan nan nan nan nan nan nan nan nan nan nan nan nan nan nan nan nan nan nan nan nan nan nan
0.0247 nan nan nan nan nan nan nan nan nan nan nan nan nan nan nan nan nan nan nan nan nan nan nan nan nan
0.0253 nan nan nan nan nan nan nan nan nan nan nan nan nan nan nan nan nan nan nan nan nan nan nan nan nan
0.0259 nan nan nan nan nan nan nan nan nan nan nan nan nan nan nan nan nan nan nan nan nan nan nan nan nan
0.0266 nan nan nan nan nan nan nan nan nan nan nan nan nan nan nan nan nan nan nan nan nan nan nan nan nan
0.0272 nan nan nan nan nan nan nan nan nan nan nan nan nan nan nan nan nan nan nan nan nan nan nan nan nan
0.0279 nan nan nan nan nan nan nan nan nan nan nan nan nan nan nan nan nan nan nan nan nan nan nan nan nan
0.0285 nan nan nan nan nan nan nan nan nan nan nan nan nan nan nan nan nan nan nan nan nan nan nan nan nan
0.0292 nan nan nan nan nan nan nan nan nan nan nan nan nan nan nan nan nan nan nan nan nan nan nan nan nan
0.0299 nan nan nan nan nan nan nan nan nan nan nan nan nan nan nan nan nan nan nan nan nan nan nan nan nan
0.0307 nan nan nan nan nan nan nan nan nan nan nan nan nan nan nan nan nan nan nan nan nan nan nan nan nan
0.0314 nan nan nan nan nan nan nan nan nan nan nan nan nan nan nan nan nan nan nan nan nan nan nan nan nan
0.0322 nan nan nan nan nan nan nan nan nan nan nan nan nan nan nan nan nan nan nan nan nan nan nan nan nan
0.0329 25.669 25.718 25.644 25.451 25.308 25.169 25.53 25.428 25.306 25.164 25.024 24.875 25.433 25.261 25.089 24.968 24.858 25.197 25.054 24.935 24.836 24.667 24.646 24.476 24.286
0.0337 25.106 25.155 25.08 24.887 24.745 24.606 24.967 24.865 24.742 24.601 24.46 24.312 24.87 24.697 24.525 24.405 24.294 24.634 24.491 24.371 24.272 24.104 24.082 23.913 23.723
0.0345 24.542 24.592 24.517 24.324 24.181 24.042 24.403 24.301 24.179 24.037 23.897 23.748 24.307 24.134 23.962 23.841 23.731 24.07 23.928 23.808 23.709 23.54 23.519 23.349 23.159
0.0354 23.979 24.028 23.953 23.76 23.618 23.479 23.84 23.738 23.616 23.474 23.333 23.185 23.743 23.571 23.399 23.278 23.167 23.507 23.364 23.244 23.145 22.977 22.955 22.786 22.596
0.0362 23.415 23.465 23.39 23.197 23.055 22.916 23.276 23.175 23.052 22.91 22.77 22.621 23.18 23.007 22.835 22.715 22.604 22.943 22.801 22.681 22.582 22.414 22.392 22.223 22.032
0.0371 22.852 22.901 22.827 22.634 22.491 22.352 22.713 22.611 22.489 22.347 22.206 22.058 22.616 22.444 22.272 22.151 22.041 22.38 22.237 22.118 22.019 21.85 21.829 21.659 21.469
0.038 22.289 22.338 22.263 22.07 21.928 21.789 22.15 22.048 21.925 21.784 21.643 21.495 22.053 21.88 21.708 21.588 21.477 21.817 21.674 21.554 21.455 21.287 21.265 21.096 20.906
0.0389 21.725 21.775 21.7 21.507 21.364 21.225 21.586 21.484 21.362 21.22 21.08 20.931 21.49 21.317 21.145 21.024 20.914 21.253 21.111 20.991 20.892 20.723 20.702 20.532 20.342
0.0398 21.162 21.211 21.136 20.943 20.801 20.662 21.023 20.921 20.799 20.657 20.516 20.368 20.926 20.754 20.582 20.461 20.35 20.69 20.547 20.427 20.328 20.16 20.138 19.969 19.779
0.0408 20.722 20.772 20.697 20.504 20.361 20.222 20.583 20.481 20.359 20.217 20.077 19.928 20.486 20.314 20.142 20.021 19.911 20.25 20.107 19.988 19.889 19.72 19.699 19.529 19.339
0.0418 20.578 20.627 20.552 20.359 20.217 20.078 20.439 20.337 20.215 20.073 19.932 19.784 20.342 20.17 19.998 19.877 19.766 20.106 19.963 19.843 19.744 19.576 19.554 19.385 19.195
0.0428 20.434 20.483 20.408 20.215 20.073 19.934 20.294 20.193 20.07 19.929 19.788 19.639 20.198 20.025 19.853 19.733 19.622 19.961 19.819 19.699 19.6 19.432 19.41 19.241 19.05
0.0438 20.289 20.339 20.264 20.071 19.928 19.789 20.15 20.049 19.926 19.784 19.644 19.495 20.054 19.881 19.709 19.588 19.478 19.817 19.675 19.555 19.456 19.288 19.266 19.097 18.906
0.0449 20.145 20.194 20.12 19.927 19.784 19.645 20.006 19.904 19.782 19.64 19.499 19.351 19.909 19.737 19.565 19.444 19.334 19.673 19.53 19.411 19.312 19.143 19.122 18.952 18.762
0.046 20.001 20.05 19.975 19.782 19.64 19.501 19.862 19.76 19.638 19.496 19.355 19.207 19.765 19.592 19.421 19.3 19.189 19.529 19.386 19.266 19.167 18.999 18.977 18.808 18.618
0.0471 19.856 19.906 19.831 19.638 19.496 19.357 19.717 19.616 19.493 19.351 19.211 19.062 19.621 19.448 19.276 19.156 19.045 19.384 19.242 19.122 19.023 18.855 18.833 18.664 18.473
0.0482 19.712 19.762 19.687 19.494 19.351 19.212 19.573 19.471 19.349 19.207 19.067 18.918 19.476 19.304 19.132 19.011 18.901 19.24 19.098 18.978 18.879 18.71 18.689 18.519 18.329
0.0494 19.568 19.617 19.542 19.349 19.207 19.068 19.429 19.327 19.205 19.063 18.922 18.774 19.332 19.16 18.988 18.867 18.756 19.096 18.953 18.833 18.734 18.566 18.544 18.375 18.185
0.0506 19.424 19.473 19.398 19.205 19.063 18.924 19.284 19.183 19.06 18.919 18.778 18.629 19.188 19.015 18.843 18.723 18.612 18.952 18.809 18.689 18.59 18.422 18.4 18.231 18.04
0.0518 19.335 19.385 19.31 19.117 18.974 18.835 19.196 19.094 18.972 18.83 18.69 18.541 19.099 18.927 18.755 18.634 18.524 18.863 18.721 18.601 18.502 18.333 18.312 18.142 17.952
0.053 19.279 19.328 19.253 19.06 18.918 18.779 19.14 19.038 18.916 18.774 18.633 18.485 19.043 18.87 18.699 18.578 18.467 18.807 18.664 18.544 18.445 18.277 18.255 18.086 17.896
0.0543 19.222 19.272 19.197 19.004 18.862 18.723 19.083 18.982 18.859 18.717 18.577 18.428 18.987 18.814 18.642 18.522 18.411 18.75 18.608 18.488 18.389 18.221 18.199 18.03 17.839
0.0556 19.166 19.215 19.141 18.948 18.805 18.666 19.027 18.925 18.803 18.661 18.521 18.372 18.93 18.758 18.586 18.465 18.355 18.694 18.551 18.432 18.333 18.164 18.143 17.973 17.783
0.057 19.11 19.159 19.084 18.891 18.749 18.61 18.971 18.869 18.746 18.605 18.464 18.316 18.874 18.701 18.53 18.409 18.298 18.638 18.495 18.375 18.276 18.108 18.086 17.917 17.727
0.0584 19.053 19.103 19.028 18.835 18.693 18.553 18.914 18.813 18.69 18.548 18.408 18.259 18.818 18.645 18.473 18.352 18.242 18.581 18.439 18.319 18.22 18.052 18.03 17.861 17.67
0.0598 18.997 19.046 18.972 18.779 18.636 18.497 18.858 18.756 18.634 18.492 18.351 18.203 18.761 18.589 18.417 18.296 18.185 18.525 18.382 18.262 18.163 17.995 17.973 17.804 17.614
0.0612 18.941 18.99 18.915 18.722 18.58 18.441 18.801 18.7 18.577 18.436 18.295 18.146 18.705 18.532 18.36 18.24 18.129 18.468 18.326 18.206 18.107 17.939 17.917 17.748 17.557
0.0627 18.884 18.934 18.859 18.666 18.523 18.384 18.745 18.643 18.521 18.379 18.239 18.09 18.648 18.476 18.304 18.183 18.073 18.412 18.27 18.15 18.051 17.882 17.861 17.691 17.501
0.0642 18.828 18.877 18.802 18.609 18.467 18.328 18.689 18.587 18.465 18.323 18.182 18.034 18.592 18.42 18.248 18.127 18.016 18.356 18.213 18.093 17.994 17.826 17.804 17.635 17.445
0.0657 18.75 18.8 18.725 18.532 18.389 18.25 18.611 18.509 18.387 18.245 18.105 17.956 18.514 18.342 18.17 18.049 17.939 18.278 18.136 18.016 17.917 17.748 17.727 17.557 17.367
0.0673 18.666 18.716 18.641 18.448 18.306 18.166 18.527 18.426 18.303 18.161 18.021 17.872 18.431 18.258 18.086 17.966 17.855 18.194 18.052 17.932 17.833 17.665 17.643 17.474 17.283
0.0689 18.583 18.632 18.557 18.364 18.222 18.083 18.444 18.342 18.219 18.078 17.937 17.789 18.347 18.174 18.002 17.882 17.771 18.111 17.968 17.848 17.749 17.581 17.559 17.39 17.2
0.0706 18.499 18.548 18.473 18.281 18.138 17.999 18.36 18.258 18.136 17.994 17.853 17.705 18.263 18.091 17.919 17.798 17.687 18.027 17.884 17.764 17.665 17.497 17.475 17.306 17.116
0.0723 18.415 18.465 18.39 18.197 18.054 17.915 18.276 18.174 18.052 17.91 17.77 17.621 18.179 18.007 17.835 17.714 17.604 17.943 17.801 17.681 17.582 17.413 17.392 17.222 17.032
0.0741 18.331 18.381 18.306 18.113 17.971 17.831 18.192 18.091 17.968 17.826 17.686 17.537 18.096 17.923 17.751 17.631 17.52 17.859 17.717 17.597 17.498 17.33 17.308 17.139 16.948
0.0758 18.248 18.297 18.222 18.029 17.887 17.748 18.109 18.007 17.884 17.743 17.602 17.454 18.012 17.839 17.667 17.547 17.436 17.776 17.633 17.513 17.414 17.246 17.224 17.055 16.865
0.0777 18.164 18.213 18.138 17.946 17.803 17.664 18.025 17.923 17.801 17.659 17.518 17.37 17.928 17.756 17.584 17.463 17.352 17.692 17.549 17.429 17.33 17.162 17.14 16.971 16.781
0.0795 18.08 18.13 18.055 17.862 17.719 17.58 17.941 17.839 17.717 17.575 17.435 17.286 17.844 17.672 17.5 17.379 17.269 17.608 17.465 17.346 17.247 17.078 17.057 16.887 16.697
0.0815 17.996 18.046 17.971 17.778 17.636 17.496 17.857 17.756 17.633 17.491 17.351 17.202 17.761 17.588 17.416 17.296 17.185 17.524 17.382 17.262 17.163 16.995 16.973 16.804 16.613
0.0834 17.699 17.749 17.674 17.481 17.338 17.199 17.56 17.458 17.336 17.194 17.054 16.905 17.463 17.291 17.119 16.998 16.888 17.227 17.084 16.965 16.866 16.697 16.676 16.506 16.316
0.0854 17.384 17.433 17.358 17.165 17.023 16.884 17.245 17.143 17.02 16.879 16.738 16.589 17.148 16.975 16.803 16.683 16.572 16.912 16.769 16.649 16.55 16.382 16.36 16.191 16.0
0.0875 17.068 17.118 17.043 16.85 16.707 16.568 16.929 16.827 16.705 16.563 16.423 16.274 16.832 16.66 16.488 16.367 16.257 16.596 16.454 16.334 16.235 16.066 16.045 15.875 15.685
0.0896 16.753 16.802 16.727 16.534 16.392 16.253 16.614 16.512 16.389 16.248 16.107 15.959 16.517 16.344 16.172 16.052 15.941 16.281 16.138 16.018 15.919 15.751 15.729 15.56 15.37
0.0918 16.437 16.487 16.412 16.219 16.076 15.937 16.298 16.196 16.074 15.932 15.792 15.643 16.201 16.029 15.857 15.736 15.626 15.965 15.823 15.703 15.604 15.435 15.414 15.244 15.054
0.094 16.122 16.171 16.096 15.903 15.761 15.622 15.983 15.881 15.759 15.617 15.476 15.328 15.886 15.713 15.542 15.421 15.31 15.65 15.507 15.387 15.288 15.12 15.098 14.929 14.739
0.0963 15.806 15.856 15.781 15.588 15.445 15.306 15.667 15.565 15.443 15.301 15.161 15.012 15.57 15.398 15.226 15.105 14.995 15.334 15.192 15.072 14.973 14.804 14.783 14.613 14.423
0.0986 15.491 15.54 15.465 15.272 15.13 14.991 15.352 15.25 15.128 14.986 14.845 14.697 15.255 15.082 14.911 14.79 14.679 15.019 14.876 14.756 14.657 14.489 14.467 14.298 14.108
0.101 15.175 15.225 15.15 14.957 14.814 14.675 15.036 14.934 14.812 14.67 14.53 14.381 14.94 14.767 14.595 14.474 14.364 14.703 14.561 14.441 14.342 14.174 14.152 13.982 13.792
0.1034 14.871 14.921 14.846 14.653 14.511 14.371 14.732 14.631 14.508 14.366 14.226 14.077 14.636 14.463 14.291 14.17 14.06 14.399 14.257 14.137 14.038 13.87 13.848 13.679 13.488
0.1059 14.734 14.784 14.709 14.516 14.374 14.235 14.595 14.494 14.371 14.229 14.089 13.94 14.499 14.326 14.154 14.034 13.923 14.262 14.12 14.0 13.901 13.733 13.711 13.542 13.351
0.1084 14.598 14.647 14.572 14.379 14.237 14.098 14.459 14.357 14.234 14.093 13.952 13.804 14.362 14.189 14.017 13.897 13.786 14.126 13.983 13.863 13.764 13.596 13.574 13.405 13.215
0.1111 14.461 14.51 14.435 14.242 14.1 13.961 14.322 14.22 14.098 13.956 13.815 13.667 14.225 14.052 13.881 13.76 13.649 13.989 13.846 13.726 13.627 13.459 13.437 13.268 13.078
0.1137 14.324 14.373 14.299 14.106 13.963 13.824 14.185 14.083 13.961 13.819 13.678 13.53 14.088 13.916 13.744 13.623 13.512 13.852 13.709 13.59 13.49 13.322 13.301 13.131 12.941
0.1165 14.187 14.237 14.162 13.969 13.826 13.687 14.048 13.946 13.824 13.682 13.542 13.393 13.951 13.779 13.607 13.486 13.376 13.715 13.572 13.453 13.354 13.185 13.164 12.994 12.804
0.1193 14.05 14.1 14.025 13.832 13.689 13.55 13.911 13.81 13.687 13.545 13.405 13.256 13.815 13.642 13.47 13.349 13.239 13.578 13.436 13.316 13.217 13.049 13.027 12.857 12.667
0.1222 13.913 13.963 13.888 13.695 13.553 13.414 13.774 13.673 13.55 13.408 13.268 13.119 13.678 13.505 13.333 13.213 13.102 13.441 13.299 13.179 13.08 12.912 12.89 12.721 12.53
0.1251 13.777 13.826 13.751 13.558 13.416 13.277 13.637 13.536 13.413 13.272 13.131 12.982 13.541 13.368 13.196 13.076 12.965 13.305 13.162 13.042 12.943 12.775 12.753 12.584 12.393
0.1281 13.64 13.689 13.614 13.421 13.279 13.14 13.501 13.399 13.277 13.135 12.994 12.846 13.404 13.231 13.06 12.939 12.828 13.168 13.025 12.905 12.806 12.638 12.616 12.447 12.257
0.1312 13.515 13.564 13.489 13.296 13.154 13.015 13.376 13.274 13.151 13.01 12.869 12.721 13.279 13.106 12.935 12.814 12.703 13.043 12.9 12.78 12.681 12.513 12.491 12.322 12.132
