web/models/grb/offaxis/13/grb_0.2967_0.0268_0.0000025.dat
# %ECSV 1.0
# ---
# datatype:
# - {name: time, datatype: float64}
# - {name: swift_uvot_uvw2, datatype: float64}
# - {name: swift_uvot_uvm2, datatype: float64}
# - {name: swift_uvot_uvw1, datatype: float64}
# - {name: swift_uvot_U, datatype: float64}
# - {name: swift_uvot_B, datatype: float64}
# - {name: swift_uvot_V, datatype: float64}
# - {name: swift_uvot_W, datatype: float64}
# - {name: johnson_U, datatype: float64}
# - {name: johnson_B, datatype: float64}
# - {name: johnson_V, datatype: float64}
# - {name: johnson_R, datatype: float64}
# - {name: johnson_I, datatype: float64}
# - {name: sdss_u, datatype: float64}
# - {name: sdss_g, datatype: float64}
# - {name: sdss_r, datatype: float64}
# - {name: sdss_i, datatype: float64}
# - {name: sdss_z, datatype: float64}
# - {name: PS1_g, datatype: float64}
# - {name: PS1_r, datatype: float64}
# - {name: PS1_i, datatype: float64}
# - {name: PS1_z, datatype: float64}
# - {name: PS1_Y, datatype: float64}
# - {name: ukirt_J, datatype: float64}
# - {name: ukirt_H, datatype: float64}
# - {name: ukirt_K, datatype: float64}
# meta: !!omap
# - comment: [E = 1.164196048716035e-05, Eta0 = 8.02, GammaB = 12.0, dL = 0.012188, epsb = 6.760829753919819e-06, epse = 0.1, n = 2.5118864315095823e-06,
#     p = 2.15, theta_obs = 0.29670597283903605, xiN = 1.0, z = 0.0, type = grb, E_kiso = 0.02682695795279726]
# schema: astropy-2.0
time swift_uvot_uvw2 swift_uvot_uvm2 swift_uvot_uvw1 swift_uvot_U swift_uvot_B swift_uvot_V swift_uvot_W johnson_U johnson_B johnson_V johnson_R johnson_I sdss_u sdss_g sdss_r sdss_i sdss_z PS1_g PS1_r PS1_i PS1_z PS1_Y ukirt_J ukirt_H ukirt_K
[from data line 447]
424.0583 19.413 19.462 19.388 19.195 19.052 18.913 19.274 19.172 19.05 18.908 18.767 18.619 19.177 19.005 18.833 18.712 18.602 18.941 18.798 18.679 18.58 18.411 18.39 18.22 18.03
434.2879 19.446 19.495 19.42 19.227 19.085 18.946 19.306 19.205 19.082 18.94 18.8 18.651 19.21 19.037 18.865 18.745 18.634 18.973 18.831 18.711 18.612 18.444 18.422 18.253 18.062
444.7643 19.478 19.528 19.453 19.26 19.117 18.978 19.339 19.237 19.115 18.973 18.833 18.684 19.242 19.07 18.898 18.777 18.667 19.006 18.863 18.744 18.645 18.476 18.455 18.285 18.095
455.4934 19.511 19.56 19.485 19.292 19.15 19.011 19.372 19.27 19.147 19.006 18.865 18.717 19.275 19.102 18.93 18.81 18.699 19.039 18.896 18.776 18.677 18.509 18.487 18.318 18.127
466.4814 19.543 19.593 19.518 19.325 19.182 19.043 19.404 19.302 19.18 19.038 18.898 18.749 19.307 19.135 18.963 18.842 18.732 19.071 18.929 18.809 18.71 18.541 18.52 18.35 18.16
477.7344 19.576 19.625 19.55 19.357 19.215 19.076 19.437 19.335 19.212 19.071 18.93 18.782 19.34 19.167 18.996 18.875 18.764 19.104 18.961 18.841 18.742 18.574 18.552 18.383 18.193
489.2588 19.608 19.658 19.583 19.39 19.247 19.108 19.469 19.367 19.245 19.103 18.963 18.814 19.372 19.2 19.028 18.907 18.797 19.136 18.994 18.874 18.775 18.606 18.585 18.415 18.225
501.0613 19.641 19.69 19.615 19.422 19.28 19.141 19.502 19.4 19.278 19.136 18.995 18.847 19.405 19.232 19.061 18.94 18.829 19.169 19.026 18.906 18.807 18.639 18.617 18.448 18.258
513.1485 19.673 19.723 19.648 19.455 19.312 19.173 19.534 19.432 19.31 19.168 19.028 18.879 19.438 19.265 19.093 18.972 18.862 19.201 19.059 18.939 18.84 18.672 18.65 18.48 18.29
525.5272 19.712 19.762 19.687 19.494 19.351 19.212 19.573 19.471 19.349 19.207 19.067 18.918 19.476 19.304 19.132 19.011 18.901 19.24 19.098 18.978 18.879 18.71 18.689 18.519 18.329
538.2046 19.752 19.802 19.727 19.534 19.391 19.252 19.613 19.511 19.389 19.247 19.107 18.958 19.516 19.344 19.172 19.051 18.941 19.28 19.138 19.018 18.919 18.75 18.729 18.559 18.369
551.1878 19.792 19.842 19.767 19.574 19.431 19.292 19.653 19.551 19.429 19.287 19.147 18.998 19.557 19.384 19.212 19.091 18.981 19.32 19.178 19.058 18.959 18.791 18.769 18.599 18.409
564.4842 19.832 19.882 19.807 19.614 19.472 19.332 19.693 19.592 19.469 19.327 19.187 19.038 19.597 19.424 19.252 19.131 19.021 19.36 19.218 19.098 18.999 18.831 18.809 18.64 18.449
578.1013 19.872 19.922 19.847 19.654 19.512 19.372 19.733 19.632 19.509 19.367 19.227 19.078 19.637 19.464 19.292 19.171 19.061 19.4 19.258 19.138 19.039 18.871 18.849 18.68 18.489
592.0469 19.912 19.962 19.887 19.694 19.552 19.412 19.773 19.672 19.549 19.407 19.267 19.118 19.677 19.504 19.332 19.212 19.101 19.44 19.298 19.178 19.079 18.911 18.889 18.72 18.529
606.329 19.952 20.002 19.927 19.734 19.592 19.453 19.813 19.712 19.589 19.447 19.307 19.158 19.717 19.544 19.372 19.252 19.141 19.48 19.338 19.218 19.119 18.951 18.929 18.76 18.569
620.9555 19.992 20.042 19.967 19.774 19.632 19.493 19.853 19.752 19.629 19.487 19.347 19.198 19.757 19.584 19.412 19.292 19.181 19.52 19.378 19.258 19.159 18.991 18.969 18.8 18.609
635.9349 20.033 20.082 20.007 19.814 19.672 19.533 19.893 19.792 19.669 19.527 19.387 19.238 19.797 19.624 19.452 19.332 19.221 19.56 19.418 19.298 19.199 19.031 19.009 18.84 18.649
651.2757 20.073 20.122 20.047 19.854 19.712 19.573 19.933 19.832 19.709 19.568 19.427 19.278 19.837 19.664 19.492 19.372 19.261 19.601 19.458 19.338 19.239 19.071 19.049 18.88 18.689
666.9865 20.14 20.189 20.114 19.922 19.779 19.64 20.001 19.899 19.777 19.635 19.494 19.346 19.904 19.732 19.56 19.439 19.328 19.668 19.525 19.405 19.306 19.138 19.116 18.947 18.757
683.0763 20.207 20.257 20.182 19.989 19.847 19.708 20.068 19.967 19.844 19.702 19.562 19.413 19.972 19.799 19.627 19.507 19.396 19.735 19.593 19.473 19.374 19.206 19.184 19.015 18.824
699.5543 20.275 20.324 20.25 20.057 19.914 19.775 20.136 20.034 19.912 19.77 19.629 19.481 20.039 19.867 19.695 19.574 19.463 19.803 19.66 19.541 19.442 19.273 19.252 19.082 18.892
716.4297 20.343 20.392 20.317 20.124 19.982 19.843 20.203 20.102 19.979 19.837 19.697 19.548 20.107 19.934 19.762 19.642 19.531 19.87 19.728 19.608 19.509 19.341 19.319 19.15 18.959
733.7123 20.41 20.46 20.385 20.192 20.049 19.91 20.271 20.169 20.047 19.905 19.765 19.616 20.174 20.002 19.83 19.709 19.599 19.938 19.795 19.676 19.577 19.408 19.387 19.217 19.027
751.4117 20.478 20.527 20.452 20.259 20.117 19.978 20.339 20.237 20.114 19.973 19.832 19.684 20.242 20.069 19.897 19.777 19.666 20.006 19.863 19.743 19.644 19.476 19.454 19.285 19.094
769.5381 20.545 20.595 20.52 20.327 20.184 20.045 20.406 20.304 20.182 20.04 19.9 19.751 20.309 20.137 19.965 19.844 19.734 20.073 19.931 19.811 19.712 19.543 19.522 19.352 19.162
788.1018 20.613 20.662 20.587 20.394 20.252 20.113 20.474 20.372 20.25 20.108 19.967 19.819 20.377 20.204 20.033 19.912 19.801 20.141 19.998 19.878 19.779 19.611 19.589 19.42 19.23
807.1133 20.68 20.73 20.655 20.462 20.319 20.18 20.541 20.439 20.317 20.175 20.035 19.886 20.445 20.272 20.1 19.979 19.869 20.208 20.066 19.946 19.847 19.679 19.657 19.487 19.297
826.5834 20.752 20.802 20.727 20.534 20.392 20.252 20.613 20.512 20.389 20.247 20.107 19.958 20.517 20.344 20.172 20.052 19.941 20.28 20.138 20.018 19.919 19.751 19.729 19.56 19.369
846.5232 20.854 20.903 20.828 20.635 20.493 20.354 20.715 20.613 20.491 20.349 20.208 20.06 20.618 20.445 20.274 20.153 20.042 20.382 20.239 20.119 20.02 19.852 19.83 19.661 19.471
866.944 20.955 21.004 20.93 20.737 20.594 20.455 20.816 20.714 20.592 20.45 20.309 20.161 20.719 20.547 20.375 20.254 20.144 20.483 20.34 20.221 20.122 19.953 19.932 19.762 19.572
887.8575 21.056 21.106 21.031 20.838 20.696 20.556 20.917 20.816 20.693 20.551 20.411 20.262 20.821 20.648 20.476 20.356 20.245 20.584 20.442 20.322 20.223 20.055 20.033 19.864 19.673
909.2754 21.158 21.207 21.132 20.939 20.797 20.658 21.019 20.917 20.795 20.653 20.512 20.364 20.922 20.749 20.578 20.457 20.346 20.686 20.543 20.423 20.324 20.156 20.134 19.965 19.775
931.21 21.259 21.308 21.234 21.041 20.898 20.759 21.12 21.018 20.896 20.754 20.613 20.465 21.023 20.851 20.679 20.558 20.448 20.787 20.644 20.525 20.426 20.257 20.236 20.066 19.876
953.6737 21.36 21.41 21.335 21.142 21.0 20.86 21.221 21.12 20.997 20.855 20.715 20.566 21.125 20.952 20.78 20.66 20.549 20.888 20.746 20.626 20.527 20.359 20.337 20.168 19.977
976.6793 21.462 21.511 21.436 21.243 21.101 20.962 21.323 21.221 21.099 20.957 20.816 20.668 21.226 21.053 20.882 20.761 20.65 20.99 20.847 20.727 20.628 20.46 20.438 20.269 20.079
1000.2399 21.563 21.612 21.538 21.345 21.202 21.063 21.424 21.322 21.2 21.058 20.917 20.769 21.327 21.155 20.983 20.862 20.752 21.091 20.948 20.829 20.73 20.561 20.54 20.37 20.18
1024.3688 21.664 21.714 21.639 21.446 21.304 21.164 21.525 21.424 21.301 21.159 21.019 20.87 21.429 21.256 21.084 20.963 20.853 21.192 21.05 20.93 20.831 20.663 20.641 20.472 20.281
1049.0798 21.783 21.833 21.758 21.565 21.422 21.283 21.644 21.542 21.42 21.278 21.138 20.989 21.547 21.375 21.203 21.082 20.972 21.311 21.168 21.049 20.95 20.781 20.76 20.59 20.4
1074.3869 21.947 21.997 21.922 21.729 21.586 21.447 21.808 21.706 21.584 21.442 21.302 21.153 21.711 21.539 21.367 21.246 21.136 21.475 21.333 21.213 21.114 20.945 20.924 20.754 20.564
1100.3045 22.111 22.161 22.086 21.893 21.75 21.611 21.972 21.87 21.748 21.606 21.466 21.317 21.875 21.703 21.531 21.41 21.3 21.639 21.497 21.377 21.278 21.109 21.088 20.918 20.728
1126.8473 22.275 22.325 22.25 22.057 21.914 21.775 22.136 22.034 21.912 21.77 21.63 21.481 22.039 21.867 21.695 21.574 21.464 21.803 21.661 21.541 21.442 21.273 21.252 21.082 20.892
1154.0304 22.439 22.489 22.414 22.221 22.078 21.939 22.3 22.198 22.076 21.934 21.794 21.645 22.203 22.031 21.859 21.738 21.628 21.967 21.825 21.705 21.606 21.437 21.416 21.246 21.056
1181.8693 22.603 22.653 22.578 22.385 22.242 22.103 22.464 22.362 22.24 22.098 21.958 21.809 22.367 22.195 22.023 21.902 21.792 22.131 21.989 21.869 21.77 21.601 21.58 21.41 21.22
1210.3797 22.767 22.817 22.742 22.549 22.406 22.267 22.628 22.526 22.404 22.262 22.122 21.973 22.531 22.359 22.187 22.066 21.956 22.295 22.153 22.033 21.934 21.765 21.744 21.574 21.384
1239.5778 22.931 22.981 22.906 22.713 22.57 22.431 22.792 22.69 22.568 22.426 22.286 22.137 22.695 22.523 22.351 22.23 22.12 22.459 22.317 22.197 22.098 21.929 21.908 21.738 21.548
1269.4803 23.095 23.145 23.07 22.877 22.734 22.595 22.956 22.854 22.732 22.59 22.45 22.301 22.859 22.687 22.515 22.394 22.284 22.623 22.481 22.361 22.262 22.093 22.072 21.902 21.712
1300.1042 23.259 23.309 23.234 23.041 22.898 22.759 23.12 23.018 22.896 22.754 22.614 22.465 23.023 22.851 22.679 22.558 22.448 22.787 22.645 22.525 22.426 22.257 22.236 22.066 21.876
1331.4668 23.486 23.536 23.461 23.268 23.125 22.986 23.347 23.245 23.123 22.981 22.841 22.692 23.25 23.078 22.906 22.785 22.675 23.014 22.872 22.752 22.653 22.484 22.463 22.293 22.103
1363.586 23.8 23.849 23.774 23.581 23.439 23.3 23.661 23.559 23.437 23.295 23.154 23.006 23.564 23.391 23.22 23.099 22.988 23.328 23.185 23.065 22.966 22.798 22.776 22.607 22.417
1396.48 24.113 24.163 24.088 23.895 23.753 23.613 23.974 23.873 23.75 23.608 23.468 23.319 23.878 23.705 23.533 23.412 23.302 23.641 23.499 23.379 23.28 23.112 23.09 22.921 22.73
1430.1675 24.427 24.476 24.401 24.209 24.066 23.927 24.288 24.186 24.064 23.922 23.781 23.633 24.191 24.019 23.847 23.726 23.615 23.955 23.812 23.692 23.593 23.425 23.403 23.234 23.044
1464.6676 24.74 24.79 24.715 24.522 24.38 24.241 24.601 24.5 24.377 24.235 24.095 23.946 24.505 24.332 24.16 24.04 23.929 24.268 24.126 24.006 23.907 23.739 23.717 23.548 23.357
1500.0 25.054 25.103 25.029 24.836 24.693 24.554 24.915 24.813 24.691 24.549 24.409 24.26 24.818 24.646 24.474 24.353 24.243 24.582 24.439 24.32 24.221 24.052 24.031 23.861 23.671
