web/models/grb/offaxis/13/grb_0.2967_0.7197_3.9810717.dat
# %ECSV 1.0
# ---
# datatype:
# - {name: time, datatype: float64}
# - {name: swift_uvot_uvw2, datatype: float64}
# - {name: swift_uvot_uvm2, datatype: float64}
# - {name: swift_uvot_uvw1, datatype: float64}
# - {name: swift_uvot_U, datatype: float64}
# - {name: swift_uvot_B, datatype: float64}
# - {name: swift_uvot_V, datatype: float64}
# - {name: swift_uvot_W, datatype: float64}
# - {name: johnson_U, datatype: float64}
# - {name: johnson_B, datatype: float64}
# - {name: johnson_V, datatype: float64}
# - {name: johnson_R, datatype: float64}
# - {name: johnson_I, datatype: float64}
# - {name: sdss_u, datatype: float64}
# - {name: sdss_g, datatype: float64}
# - {name: sdss_r, datatype: float64}
# - {name: sdss_i, datatype: float64}
# - {name: sdss_z, datatype: float64}
# - {name: PS1_g, datatype: float64}
# - {name: PS1_r, datatype: float64}
# - {name: PS1_i, datatype: float64}
# - {name: PS1_z, datatype: float64}
# - {name: PS1_Y, datatype: float64}
# - {name: PS1_w, datatype: float64}
# - {name: ATLAS_c, datatype: float64}
# - {name: ATLAS_o, datatype: float64}
# - {name: ukirt_J, datatype: float64}
# - {name: ukirt_H, datatype: float64}
# - {name: ukirt_K, datatype: float64}
# - {name: Clear, datatype: float64}
# meta: !!omap
# - comment: [E = 0.0003123183844771778, Eta0 = 8.02, GammaB = 12.0, dL = 0.012188, epsb = 6.760829753919819e-06, epse = 0.1, n = 3.981071705534969,
#     p = 2.15, theta_obs = 0.29670597283903605, xiN = 1.0, z = 0.0, type = grb, E_kiso = 0.7196856730011522]
# schema: astropy-2.0
time swift_uvot_uvw2 swift_uvot_uvm2 swift_uvot_uvw1 swift_uvot_U swift_uvot_B swift_uvot_V swift_uvot_W johnson_U johnson_B johnson_V johnson_R johnson_I sdss_u sdss_g sdss_r sdss_i sdss_z PS1_g PS1_r PS1_i PS1_z PS1_Y PS1_w ATLAS_c ATLAS_o ukirt_J ukirt_H ukirt_K Clear
[from data line 155]
0.4023 -3.013 -2.963 -3.038 -3.231 -3.374 -3.513 -3.152 -3.254 -3.376 -3.518 -3.658 -3.807 -3.249 -3.421 -3.593 -3.714 -3.824 -3.485 -3.627 -3.747 -3.846 -4.015 -3.591 -3.496 -3.648 -4.036 -4.206 -4.396 -3.681
0.412 -3.015 -2.965 -3.04 -3.233 -3.375 -3.514 -3.154 -3.255 -3.378 -3.52 -3.66 -3.809 -3.25 -3.423 -3.595 -3.715 -3.826 -3.487 -3.629 -3.749 -3.848 -4.016 -3.592 -3.497 -3.65 -4.038 -4.207 -4.398 -3.683
0.422 -3.016 -2.967 -3.042 -3.235 -3.377 -3.516 -3.155 -3.257 -3.379 -3.521 -3.662 -3.81 -3.252 -3.425 -3.596 -3.717 -3.828 -3.488 -3.631 -3.751 -3.85 -4.018 -3.594 -3.499 -3.652 -4.04 -4.209 -4.399 -3.684
0.4322 -3.018 -2.969 -3.043 -3.236 -3.379 -3.518 -3.157 -3.259 -3.381 -3.523 -3.664 -3.812 -3.254 -3.426 -3.598 -3.719 -3.829 -3.49 -3.633 -3.752 -3.851 -4.02 -3.596 -3.501 -3.653 -4.041 -4.211 -4.401 -3.686
0.4426 -3.02 -2.97 -3.045 -3.238 -3.38 -3.52 -3.159 -3.26 -3.383 -3.525 -3.665 -3.814 -3.255 -3.428 -3.6 -3.721 -3.831 -3.492 -3.634 -3.754 -3.853 -4.021 -3.598 -3.502 -3.655 -4.043 -4.212 -4.403 -3.688
0.4533 -3.021 -2.972 -3.047 -3.24 -3.382 -3.521 -3.161 -3.262 -3.385 -3.526 -3.667 -3.816 -3.257 -3.43 -3.602 -3.722 -3.833 -3.493 -3.636 -3.756 -3.855 -4.023 -3.599 -3.504 -3.657 -4.045 -4.214 -4.405 -3.69
0.4642 -3.023 -2.974 -3.049 -3.242 -3.384 -3.523 -3.162 -3.264 -3.386 -3.528 -3.669 -3.817 -3.259 -3.431 -3.603 -3.724 -3.835 -3.495 -3.638 -3.758 -3.857 -4.025 -3.601 -3.506 -3.659 -4.047 -4.216 -4.406 -3.691
0.4754 -3.025 -2.975 -3.05 -3.243 -3.386 -3.525 -3.164 -3.266 -3.388 -3.53 -3.67 -3.819 -3.261 -3.433 -3.605 -3.726 -3.836 -3.497 -3.639 -3.759 -3.858 -4.027 -3.603 -3.508 -3.66 -4.048 -4.218 -4.408 -3.693
0.4869 -3.027 -2.977 -3.052 -3.245 -3.387 -3.526 -3.166 -3.267 -3.39 -3.532 -3.672 -3.821 -3.262 -3.435 -3.607 -3.727 -3.838 -3.499 -3.641 -3.761 -3.86 -4.028 -3.604 -3.509 -3.662 -4.05 -4.219 -4.41 -3.695
0.4986 -3.008 -2.959 -3.034 -3.227 -3.369 -3.508 -3.148 -3.249 -3.372 -3.514 -3.654 -3.803 -3.244 -3.417 -3.589 -3.709 -3.82 -3.481 -3.623 -3.743 -3.842 -4.01 -3.586 -3.491 -3.644 -4.032 -4.201 -4.392 -3.677
0.5106 -2.969 -2.92 -2.995 -3.188 -3.33 -3.469 -3.108 -3.21 -3.332 -3.474 -3.615 -3.763 -3.205 -3.377 -3.549 -3.67 -3.781 -3.441 -3.584 -3.704 -3.803 -3.971 -3.547 -3.452 -3.605 -3.993 -4.162 -4.352 -3.637
0.523 -2.93 -2.88 -2.955 -3.148 -3.291 -3.43 -3.069 -3.171 -3.293 -3.435 -3.575 -3.724 -3.166 -3.338 -3.51 -3.631 -3.741 -3.402 -3.544 -3.664 -3.763 -3.932 -3.508 -3.413 -3.565 -3.953 -4.123 -4.313 -3.598
0.5356 -2.891 -2.841 -2.916 -3.109 -3.251 -3.39 -3.03 -3.131 -3.254 -3.396 -3.536 -3.685 -3.126 -3.299 -3.471 -3.591 -3.702 -3.363 -3.505 -3.625 -3.724 -3.892 -3.468 -3.373 -3.526 -3.914 -4.083 -4.274 -3.559
0.5485 -2.851 -2.802 -2.877 -3.07 -3.212 -3.351 -2.99 -3.092 -3.214 -3.356 -3.497 -3.645 -3.087 -3.259 -3.431 -3.552 -3.663 -3.323 -3.466 -3.586 -3.685 -3.853 -3.429 -3.334 -3.487 -3.875 -4.044 -4.234 -3.519
0.5617 -2.812 -2.762 -2.837 -3.03 -3.173 -3.312 -2.951 -3.053 -3.175 -3.317 -3.457 -3.606 -3.048 -3.22 -3.392 -3.513 -3.623 -3.284 -3.426 -3.546 -3.645 -3.814 -3.39 -3.295 -3.447 -3.835 -4.005 -4.195 -3.48
0.5753 -2.773 -2.723 -2.798 -2.991 -3.133 -3.272 -2.912 -3.013 -3.136 -3.278 -3.418 -3.567 -3.008 -3.181 -3.353 -3.473 -3.584 -3.245 -3.387 -3.507 -3.606 -3.774 -3.35 -3.255 -3.408 -3.796 -3.965 -4.156 -3.441
0.5891 -2.733 -2.684 -2.759 -2.952 -3.094 -3.233 -2.872 -2.974 -3.096 -3.238 -3.379 -3.527 -2.969 -3.142 -3.313 -3.434 -3.545 -3.205 -3.348 -3.468 -3.567 -3.735 -3.311 -3.216 -3.369 -3.757 -3.926 -4.116 -3.401
0.6034 -2.694 -2.644 -2.719 -2.912 -3.055 -3.194 -2.833 -2.935 -3.057 -3.199 -3.339 -3.488 -2.93 -3.102 -3.274 -3.395 -3.505 -3.166 -3.309 -3.428 -3.527 -3.696 -3.272 -3.177 -3.329 -3.717 -3.887 -4.077 -3.362
0.6179 -2.655 -2.605 -2.68 -2.873 -3.015 -3.154 -2.794 -2.895 -3.018 -3.16 -3.3 -3.449 -2.89 -3.063 -3.235 -3.355 -3.466 -3.127 -3.269 -3.389 -3.488 -3.656 -3.232 -3.137 -3.29 -3.678 -3.847 -4.038 -3.323
0.6328 -2.601 -2.551 -2.626 -2.819 -2.961 -3.101 -2.74 -2.841 -2.964 -3.106 -3.246 -3.395 -2.836 -3.009 -3.181 -3.301 -3.412 -3.073 -3.215 -3.335 -3.434 -3.602 -3.179 -3.083 -3.236 -3.624 -3.793 -3.984 -3.269
0.6481 -2.538 -2.489 -2.563 -2.756 -2.899 -3.038 -2.677 -2.779 -2.901 -3.043 -3.183 -3.332 -2.774 -2.946 -3.118 -3.239 -3.349 -3.01 -3.153 -3.272 -3.371 -3.54 -3.116 -3.021 -3.173 -3.561 -3.731 -3.921 -3.206
0.6637 -2.475 -2.426 -2.501 -2.694 -2.836 -2.975 -2.614 -2.716 -2.838 -2.98 -3.121 -3.269 -2.711 -2.884 -3.055 -3.176 -3.287 -2.947 -3.09 -3.21 -3.309 -3.477 -3.053 -2.958 -3.111 -3.499 -3.668 -3.858 -3.143
0.6797 -2.413 -2.363 -2.438 -2.631 -2.773 -2.913 -2.552 -2.653 -2.776 -2.918 -3.058 -3.207 -2.648 -2.821 -2.993 -3.113 -3.224 -2.885 -3.027 -3.147 -3.246 -3.414 -2.99 -2.895 -3.048 -3.436 -3.605 -3.796 -3.081
0.6961 -2.35 -2.3 -2.375 -2.568 -2.711 -2.85 -2.489 -2.591 -2.713 -2.855 -2.995 -3.144 -2.586 -2.758 -2.93 -3.051 -3.161 -2.822 -2.965 -3.084 -3.183 -3.352 -2.928 -2.833 -2.985 -3.373 -3.543 -3.733 -3.018
0.7129 -2.287 -2.238 -2.313 -2.506 -2.648 -2.787 -2.426 -2.528 -2.65 -2.792 -2.933 -3.081 -2.523 -2.696 -2.867 -2.988 -3.099 -2.759 -2.902 -3.022 -3.121 -3.289 -2.865 -2.77 -2.923 -3.311 -3.48 -3.67 -2.955
0.7301 -2.225 -2.175 -2.25 -2.443 -2.585 -2.724 -2.364 -2.465 -2.588 -2.73 -2.87 -3.019 -2.46 -2.633 -2.805 -2.925 -3.036 -2.697 -2.839 -2.959 -3.058 -3.226 -2.802 -2.707 -2.86 -3.248 -3.417 -3.608 -2.893
0.7477 -2.162 -2.112 -2.187 -2.38 -2.523 -2.662 -2.301 -2.403 -2.525 -2.667 -2.807 -2.956 -2.398 -2.57 -2.742 -2.863 -2.973 -2.634 -2.777 -2.896 -2.995 -3.164 -2.74 -2.645 -2.797 -3.185 -3.355 -3.545 -2.83
0.7658 -2.099 -2.05 -2.125 -2.318 -2.46 -2.599 -2.238 -2.34 -2.462 -2.604 -2.745 -2.893 -2.335 -2.508 -2.679 -2.8 -2.911 -2.571 -2.714 -2.834 -2.933 -3.101 -2.677 -2.582 -2.735 -3.123 -3.292 -3.482 -2.767
0.7842 -2.037 -1.987 -2.062 -2.255 -2.397 -2.536 -2.176 -2.277 -2.4 -2.542 -2.682 -2.831 -2.272 -2.445 -2.617 -2.737 -2.848 -2.509 -2.651 -2.771 -2.87 -3.038 -2.614 -2.519 -2.672 -3.06 -3.229 -3.42 -2.705
0.8032 -1.967 -1.917 -1.992 -2.185 -2.328 -2.467 -2.106 -2.208 -2.33 -2.472 -2.612 -2.761 -2.203 -2.375 -2.547 -2.668 -2.778 -2.439 -2.582 -2.701 -2.8 -2.969 -2.545 -2.45 -2.602 -2.99 -3.16 -3.35 -2.635
0.8225 -1.895 -1.846 -1.921 -2.114 -2.256 -2.395 -2.034 -2.136 -2.258 -2.4 -2.541 -2.689 -2.131 -2.303 -2.475 -2.596 -2.707 -2.367 -2.51 -2.63 -2.729 -2.897 -2.473 -2.378 -2.531 -2.919 -3.088 -3.278 -2.563
0.8424 -1.823 -1.774 -1.849 -2.042 -2.184 -2.323 -1.963 -2.064 -2.187 -2.329 -2.469 -2.618 -2.059 -2.232 -2.404 -2.524 -2.635 -2.296 -2.438 -2.558 -2.657 -2.825 -2.401 -2.306 -2.459 -2.847 -3.016 -3.207 -2.492
0.8627 -1.752 -1.702 -1.777 -1.97 -2.112 -2.252 -1.891 -1.992 -2.115 -2.257 -2.397 -2.546 -1.987 -2.16 -2.332 -2.453 -2.563 -2.224 -2.366 -2.486 -2.585 -2.753 -2.33 -2.234 -2.387 -2.775 -2.944 -3.135 -2.42
0.8835 -1.68 -1.631 -1.705 -1.898 -2.041 -2.18 -1.819 -1.921 -2.043 -2.185 -2.326 -2.474 -1.916 -2.088 -2.26 -2.381 -2.491 -2.152 -2.295 -2.414 -2.513 -2.682 -2.258 -2.163 -2.315 -2.703 -2.873 -3.063 -2.348
0.9048 -1.608 -1.559 -1.634 -1.827 -1.969 -2.108 -1.747 -1.849 -1.971 -2.113 -2.254 -2.402 -1.844 -2.017 -2.188 -2.309 -2.42 -2.08 -2.223 -2.343 -2.442 -2.61 -2.186 -2.091 -2.244 -2.632 -2.801 -2.991 -2.276
0.9266 -1.537 -1.487 -1.562 -1.755 -1.897 -2.036 -1.676 -1.777 -1.9 -2.042 -2.182 -2.331 -1.772 -1.945 -2.117 -2.237 -2.348 -2.009 -2.151 -2.271 -2.37 -2.538 -2.114 -2.019 -2.172 -2.56 -2.729 -2.92 -2.205
0.949 -1.465 -1.415 -1.49 -1.683 -1.826 -1.965 -1.604 -1.706 -1.828 -1.97 -2.11 -2.259 -1.701 -1.873 -2.045 -2.166 -2.276 -1.937 -2.079 -2.199 -2.298 -2.467 -2.043 -1.947 -2.1 -2.488 -2.658 -2.848 -2.133
0.9719 -1.393 -1.344 -1.418 -1.611 -1.754 -1.893 -1.532 -1.634 -1.756 -1.898 -2.039 -2.187 -1.629 -1.801 -1.973 -2.094 -2.205 -1.865 -2.008 -2.128 -2.227 -2.395 -1.971 -1.876 -2.029 -2.417 -2.586 -2.776 -2.061
0.9953 -1.321 -1.272 -1.347 -1.54 -1.682 -1.821 -1.46 -1.562 -1.685 -1.826 -1.967 -2.115 -1.557 -1.73 -1.901 -2.022 -2.133 -1.793 -1.936 -2.056 -2.155 -2.323 -1.899 -1.804 -1.957 -2.345 -2.514 -2.704 -1.989
1.0194 -1.249 -1.199 -1.274 -1.467 -1.61 -1.749 -1.388 -1.49 -1.612 -1.754 -1.894 -2.043 -1.485 -1.657 -1.829 -1.95 -2.06 -1.721 -1.863 -1.983 -2.082 -2.251 -1.827 -1.732 -1.884 -2.272 -2.442 -2.632 -1.917
1.0439 -1.176 -1.127 -1.202 -1.395 -1.537 -1.676 -1.315 -1.417 -1.54 -1.681 -1.822 -1.97 -1.412 -1.585 -1.756 -1.877 -1.988 -1.648 -1.791 -1.911 -2.01 -2.178 -1.754 -1.659 -1.812 -2.2 -2.369 -2.559 -1.844
1.0691 -1.104 -1.054 -1.129 -1.322 -1.465 -1.604 -1.243 -1.345 -1.467 -1.609 -1.749 -1.898 -1.34 -1.512 -1.684 -1.805 -1.915 -1.576 -1.718 -1.838 -1.937 -2.106 -1.682 -1.587 -1.739 -2.127 -2.297 -2.487 -1.772
1.0949 -1.031 -0.982 -1.057 -1.25 -1.392 -1.531 -1.17 -1.272 -1.394 -1.536 -1.677 -1.825 -1.267 -1.44 -1.611 -1.732 -1.843 -1.503 -1.646 -1.766 -1.865 -2.033 -1.609 -1.514 -1.667 -2.055 -2.224 -2.414 -1.699
1.1213 -0.959 -0.909 -0.984 -1.177 -1.32 -1.459 -1.098 -1.2 -1.322 -1.464 -1.604 -1.753 -1.194 -1.367 -1.539 -1.66 -1.77 -1.431 -1.573 -1.693 -1.792 -1.96 -1.537 -1.441 -1.594 -1.982 -2.152 -2.342 -1.627
1.1484 -0.886 -0.837 -0.912 -1.105 -1.247 -1.386 -1.025 -1.127 -1.249 -1.391 -1.532 -1.68 -1.122 -1.295 -1.466 -1.587 -1.698 -1.358 -1.501 -1.621 -1.72 -1.888 -1.464 -1.369 -1.522 -1.91 -2.079 -2.269 -1.554
1.1761 -0.814 -0.764 -0.839 -1.032 -1.174 -1.314 -0.953 -1.054 -1.177 -1.319 -1.459 -1.608 -1.049 -1.222 -1.394 -1.515 -1.625 -1.286 -1.428 -1.548 -1.647 -1.815 -1.392 -1.296 -1.449 -1.837 -2.006 -2.197 -1.482
1.2044 -0.741 -0.692 -0.767 -0.96 -1.102 -1.241 -0.88 -0.982 -1.104 -1.246 -1.387 -1.535 -0.977 -1.149 -1.321 -1.442 -1.553 -1.213 -1.356 -1.476 -1.575 -1.743 -1.319 -1.224 -1.377 -1.765 -1.934 -2.124 -1.409
1.2335 -0.669 -0.619 -0.694 -0.887 -1.029 -1.169 -0.808 -0.909 -1.032 -1.174 -1.314 -1.463 -0.904 -1.077 -1.249 -1.369 -1.48 -1.141 -1.283 -1.403 -1.502 -1.67 -1.247 -1.151 -1.304 -1.692 -1.861 -2.052 -1.337
1.2633 -0.596 -0.547 -0.622 -0.815 -0.957 -1.096 -0.736 -0.837 -0.96 -1.102 -1.242 -1.391 -0.832 -1.005 -1.177 -1.297 -1.408 -1.069 -1.211 -1.331 -1.43 -1.598 -1.174 -1.079 -1.232 -1.62 -1.789 -1.98 -1.265
1.2937 -0.531 -0.481 -0.556 -0.749 -0.892 -1.031 -0.67 -0.772 -0.894 -1.036 -1.176 -1.325 -0.766 -0.939 -1.111 -1.232 -1.342 -1.003 -1.145 -1.265 -1.364 -1.533 -1.109 -1.013 -1.166 -1.554 -1.724 -1.914 -1.199
1.3249 -0.465 -0.416 -0.49 -0.683 -0.826 -0.965 -0.604 -0.706 -0.828 -0.97 -1.111 -1.259 -0.701 -0.873 -1.045 -1.166 -1.277 -0.937 -1.08 -1.199 -1.299 -1.467 -1.043 -0.948 -1.101 -1.488 -1.658 -1.848 -1.133
1.3569 -0.399 -0.35 -0.425 -0.618 -0.76 -0.899 -0.538 -0.64 -0.763 -0.904 -1.045 -1.193 -0.635 -0.808 -0.979 -1.1 -1.211 -0.871 -1.014 -1.134 -1.233 -1.401 -0.977 -0.882 -1.035 -1.423 -1.592 -1.782 -1.067
1.3896 -0.334 -0.284 -0.359 -0.552 -0.694 -0.834 -0.473 -0.574 -0.697 -0.839 -0.979 -1.128 -0.569 -0.742 -0.914 -1.034 -1.145 -0.806 -0.948 -1.068 -1.167 -1.335 -0.911 -0.816 -0.969 -1.357 -1.526 -1.717 -1.002
1.4232 -0.268 -0.218 -0.293 -0.486 -0.629 -0.768 -0.407 -0.509 -0.631 -0.773 -0.913 -1.062 -0.504 -0.676 -0.848 -0.969 -1.079 -0.74 -0.883 -1.002 -1.101 -1.27 -0.846 -0.751 -0.903 -1.291 -1.461 -1.651 -0.936
1.4575 -0.202 -0.153 -0.228 -0.421 -0.563 -0.702 -0.341 -0.443 -0.565 -0.707 -0.848 -0.996 -0.438 -0.61 -0.782 -0.903 -1.014 -0.674 -0.817 -0.937 -1.036 -1.204 -0.78 -0.685 -0.838 -1.226 -1.395 -1.585 -0.87
1.4927 -0.136 -0.087 -0.162 -0.355 -0.497 -0.636 -0.276 -0.377 -0.5 -0.641 -0.782 -0.931 -0.372 -0.545 -0.717 -0.837 -0.948 -0.609 -0.751 -0.871 -0.97 -1.138 -0.714 -0.619 -0.772 -1.16 -1.329 -1.52 -0.805
1.5287 -0.071 -0.021 -0.096 -0.289 -0.432 -0.571 -0.21 -0.311 -0.434 -0.576 -0.716 -0.865 -0.306 -0.479 -0.651 -0.772 -0.882 -0.543 -0.685 -0.805 -0.904 -1.072 -0.649 -0.553 -0.706 -1.094 -1.264 -1.454 -0.739
1.5655 -0.005 0.044 -0.03 -0.223 -0.366 -0.505 -0.144 -0.246 -0.368 -0.51 -0.651 -0.799 -0.241 -0.413 -0.585 -0.706 -0.816 -0.477 -0.62 -0.739 -0.838 -1.007 -0.583 -0.488 -0.64 -1.028 -1.198 -1.388 -0.673
1.6033 0.059 0.108 0.033 -0.16 -0.302 -0.441 -0.08 -0.182 -0.304 -0.446 -0.587 -0.735 -0.177 -0.35 -0.521 -0.642 -0.753 -0.413 -0.556 -0.676 -0.775 -0.943 -0.519 -0.424 -0.577 -0.965 -1.134 -1.324 -0.609
1.642 0.115 0.164 0.089 -0.103 -0.246 -0.385 -0.024 -0.126 -0.248 -0.39 -0.531 -0.679 -0.121 -0.293 -0.465 -0.586 -0.697 -0.357 -0.5 -0.62 -0.719 -0.887 -0.463 -0.368 -0.521 -0.909 -1.078 -1.268 -0.553
1.6816 0.171 0.22 0.146 -0.047 -0.19 -0.329 0.032 -0.07 -0.192 -0.334 -0.475 -0.623 -0.065 -0.237 -0.409 -0.53 -0.641 -0.301 -0.444 -0.563 -0.663 -0.831 -0.407 -0.312 -0.465 -0.852 -1.022 -1.212 -0.497
1.7222 0.227 0.276 0.202 0.009 -0.134 -0.273 0.088 -0.014 -0.136 -0.278 -0.418 -0.567 -0.009 -0.181 -0.353 -0.474 -0.584 -0.245 -0.388 -0.507 -0.606 -0.775 -0.351 -0.256 -0.408 -0.796 -0.966 -1.156 -0.441
1.7637 0.283 0.333 0.258 0.065 -0.078 -0.217 0.144 0.042 -0.08 -0.222 -0.362 -0.511 0.047 -0.125 -0.297 -0.418 -0.528 -0.189 -0.331 -0.451 -0.55 -0.719 -0.295 -0.2 -0.352 -0.74 -0.91 -1.1 -0.385
1.8062 0.339 0.389 0.314 0.121 -0.022 -0.161 0.2 0.098 -0.024 -0.166 -0.306 -0.455 0.104 -0.069 -0.241 -0.362 -0.472 -0.133 -0.275 -0.395 -0.494 -0.663 -0.239 -0.143 -0.296 -0.684 -0.854 -1.044 -0.329
1.8498 0.395 0.445 0.37 0.177 0.035 -0.105 0.256 0.155 0.032 -0.11 -0.25 -0.399 0.16 -0.013 -0.185 -0.306 -0.416 -0.077 -0.219 -0.339 -0.438 -0.606 -0.183 -0.087 -0.24 -0.628 -0.797 -0.988 -0.273
1.8944 0.451 0.501 0.426 0.233 0.091 -0.049 0.312 0.211 0.088 -0.054 -0.194 -0.343 0.216 0.043 -0.129 -0.249 -0.36 -0.021 -0.163 -0.283 -0.382 -0.55 -0.126 -0.031 -0.184 -0.572 -0.741 -0.932 -0.217
1.9401 0.507 0.557 0.482 0.289 0.147 0.008 0.368 0.267 0.144 0.002 -0.138 -0.287 0.272 0.099 -0.073 -0.193 -0.304 0.035 -0.107 -0.227 -0.326 -0.494 -0.07 0.025 -0.128 -0.516 -0.685 -0.876 -0.161
1.9869 0.564 0.613 0.538 0.345 0.203 0.064 0.424 0.323 0.2 0.059 -0.082 -0.231 0.328 0.155 -0.017 -0.137 -0.248 0.092 -0.051 -0.171 -0.27 -0.438 -0.014 0.081 -0.072 -0.46 -0.629 -0.82 -0.105
2.0349 0.619 0.668 0.594 0.401 0.258 0.119 0.48 0.378 0.256 0.114 -0.027 -0.175 0.383 0.211 0.039 -0.082 -0.192 0.147 0.004 -0.115 -0.214 -0.383 0.041 0.136 -0.016 -0.404 -0.574 -0.764 -0.049
2.084 0.673 0.723 0.648 0.455 0.312 0.173 0.534 0.432 0.31 0.168 0.028 -0.121 0.438 0.265 0.093 -0.028 -0.138 0.201 0.059 -0.061 -0.16 -0.328 0.095 0.191 0.038 -0.35 -0.52 -0.71 0.005
2.1342 0.727 0.777 0.702 0.509 0.367 0.228 0.588 0.487 0.364 0.222 0.082 -0.067 0.492 0.319 0.147 0.027 -0.084 0.255 0.113 -0.007 -0.106 -0.274 0.15 0.245 0.092 -0.296 -0.465 -0.656 0.059
2.1857 0.782 0.831 0.756 0.563 0.421 0.282 0.643 0.541 0.419 0.277 0.136 -0.012 0.546 0.373 0.202 0.081 -0.03 0.31 0.167 0.047 -0.052 -0.22 0.204 0.299 0.146 -0.242 -0.411 -0.601 0.114
2.2384 0.836 0.885 0.811 0.618 0.475 0.336 0.697 0.595 0.473 0.331 0.19 0.042 0.6 0.428 0.256 0.135 0.024 0.364 0.221 0.101 0.002 -0.166 0.258 0.353 0.2 -0.188 -0.357 -0.547 0.168
2.2924 0.89 0.94 0.865 0.672 0.529 0.39 0.751 0.649 0.527 0.385 0.245 0.096 0.654 0.482 0.31 0.189 0.079 0.418 0.276 0.156 0.057 -0.112 0.312 0.407 0.255 -0.133 -0.303 -0.493 0.222
2.3477 0.944 0.994 0.919 0.726 0.584 0.444 0.805 0.704 0.581 0.439 0.299 0.15 0.709 0.536 0.364 0.244 0.133 0.472 0.33 0.21 0.111 -0.057 0.366 0.462 0.309 -0.079 -0.248 -0.439 0.276
2.4044 0.999 1.048 0.973 0.78 0.638 0.499 0.86 0.758 0.635 0.494 0.353 0.205 0.763 0.59 0.418 0.298 0.187 0.527 0.384 0.264 0.165 -0.003 0.421 0.516 0.363 -0.025 -0.194 -0.385 0.33
2.4624 1.053 1.102 1.027 0.834 0.692 0.553 0.914 0.812 0.69 0.548 0.407 0.259 0.817 0.645 0.473 0.352 0.241 0.581 0.438 0.318 0.219 0.051 0.475 0.57 0.417 0.029 -0.14 -0.33 0.385
2.5218 1.107 1.156 1.082 0.889 0.746 0.607 0.968 0.866 0.744 0.602 0.462 0.313 0.871 0.699 0.527 0.406 0.296 0.635 0.492 0.373 0.274 0.105 0.529 0.624 0.472 0.084 -0.086 -0.276 0.439
