web/models/grb/offaxis/13/grb_0.2967_0.0373_0.0000158.dat
# %ECSV 1.0
# ---
# datatype:
# - {name: time, datatype: float64}
# - {name: swift_uvot_uvw2, datatype: float64}
# - {name: swift_uvot_uvm2, datatype: float64}
# - {name: swift_uvot_uvw1, datatype: float64}
# - {name: swift_uvot_U, datatype: float64}
# - {name: swift_uvot_B, datatype: float64}
# - {name: swift_uvot_V, datatype: float64}
# - {name: swift_uvot_W, datatype: float64}
# - {name: johnson_U, datatype: float64}
# - {name: johnson_B, datatype: float64}
# - {name: johnson_V, datatype: float64}
# - {name: johnson_R, datatype: float64}
# - {name: johnson_I, datatype: float64}
# - {name: sdss_u, datatype: float64}
# - {name: sdss_g, datatype: float64}
# - {name: sdss_r, datatype: float64}
# - {name: sdss_i, datatype: float64}
# - {name: sdss_z, datatype: float64}
# - {name: PS1_g, datatype: float64}
# - {name: PS1_r, datatype: float64}
# - {name: PS1_i, datatype: float64}
# - {name: PS1_z, datatype: float64}
# - {name: PS1_Y, datatype: float64}
# - {name: PS1_w, datatype: float64}
# - {name: ATLAS_c, datatype: float64}
# - {name: ATLAS_o, datatype: float64}
# - {name: ukirt_J, datatype: float64}
# - {name: ukirt_H, datatype: float64}
# - {name: ukirt_K, datatype: float64}
# - {name: Clear, datatype: float64}
# meta: !!omap
# - comment: [E = 1.6176451642579403e-05, Eta0 = 8.02, GammaB = 12.0, dL = 0.012188, epsb = 6.760829753919819e-06, epse = 0.1, n = 1.584893192461114e-05,
#     p = 2.15, theta_obs = 0.29670597283903605, xiN = 1.0, z = 0.0, type = grb, E_kiso = 0.0372759372031494]
# schema: astropy-2.0
time swift_uvot_uvw2 swift_uvot_uvm2 swift_uvot_uvw1 swift_uvot_U swift_uvot_B swift_uvot_V swift_uvot_W johnson_U johnson_B johnson_V johnson_R johnson_I sdss_u sdss_g sdss_r sdss_i sdss_z PS1_g PS1_r PS1_i PS1_z PS1_Y PS1_w ATLAS_c ATLAS_o ukirt_J ukirt_H ukirt_K Clear
[from data line 233]
2.5826 11.244 11.294 11.219 11.026 10.884 10.744 11.105 11.004 10.881 10.739 10.599 10.45 11.009 10.836 10.664 10.543 10.433 10.772 10.63 10.51 10.411 10.243 10.666 10.762 10.609 10.221 10.052 9.861 10.576
2.6449 11.232 11.282 11.207 11.014 10.871 10.732 11.093 10.991 10.869 10.727 10.587 10.438 10.996 10.824 10.652 10.531 10.421 10.76 10.617 10.498 10.399 10.23 10.654 10.749 10.597 10.209 10.039 9.849 10.564
2.7087 11.22 11.269 11.194 11.001 10.859 10.72 11.081 10.979 10.857 10.715 10.574 10.426 10.984 10.812 10.64 10.519 10.408 10.748 10.605 10.485 10.386 10.218 10.642 10.737 10.584 10.196 10.027 9.837 10.552
2.7741 11.208 11.257 11.182 10.989 10.847 10.708 11.069 10.967 10.844 10.703 10.562 10.413 10.972 10.799 10.627 10.507 10.396 10.736 10.593 10.473 10.374 10.206 10.63 10.725 10.572 10.184 10.015 9.824 10.539
2.841 11.196 11.246 11.171 10.978 10.835 10.696 11.057 10.955 10.833 10.691 10.551 10.402 10.96 10.788 10.616 10.495 10.385 10.724 10.581 10.462 10.363 10.194 10.618 10.713 10.561 10.173 10.003 9.813 10.528
2.9095 11.189 11.238 11.164 10.971 10.828 10.689 11.05 10.948 10.826 10.684 10.543 10.395 10.953 10.781 10.609 10.488 10.377 10.717 10.574 10.455 10.356 10.187 10.611 10.706 10.554 10.166 9.996 9.806 10.521
2.9797 11.182 11.231 11.156 10.964 10.821 10.682 11.043 10.941 10.819 10.677 10.536 10.388 10.946 10.774 10.602 10.481 10.37 10.71 10.567 10.447 10.348 10.18 10.604 10.699 10.546 10.158 9.989 9.799 10.514
3.0516 11.175 11.224 11.149 10.956 10.814 10.675 11.036 10.934 10.812 10.67 10.529 10.381 10.939 10.766 10.595 10.474 10.363 10.703 10.56 10.44 10.341 10.173 10.597 10.692 10.539 10.151 9.982 9.792 10.507
3.1252 11.168 11.217 11.142 10.949 10.807 10.668 11.029 10.927 10.804 10.663 10.522 10.374 10.932 10.759 10.587 10.467 10.356 10.696 10.553 10.433 10.334 10.166 10.59 10.685 10.532 10.144 9.975 9.784 10.499
3.2006 11.16 11.21 11.135 10.942 10.8 10.661 11.021 10.92 10.797 10.655 10.515 10.366 10.925 10.752 10.58 10.46 10.349 10.688 10.546 10.426 10.327 10.159 10.583 10.678 10.525 10.137 9.968 9.777 10.492
3.2778 11.153 11.203 11.128 10.935 10.793 10.653 11.014 10.913 10.79 10.648 10.508 10.359 10.918 10.745 10.573 10.453 10.342 10.681 10.539 10.419 10.32 10.152 10.575 10.671 10.518 10.13 9.961 9.77 10.485
3.3569 11.146 11.196 11.121 10.928 10.785 10.646 11.007 10.906 10.783 10.641 10.501 10.352 10.911 10.738 10.566 10.445 10.335 10.674 10.532 10.412 10.313 10.145 10.568 10.664 10.511 10.123 9.953 9.763 10.478
3.4378 11.139 11.189 11.114 10.921 10.778 10.639 11.0 10.898 10.776 10.634 10.494 10.345 10.903 10.731 10.559 10.438 10.328 10.667 10.525 10.405 10.306 10.137 10.561 10.656 10.504 10.116 9.946 9.756 10.471
3.5208 11.132 11.181 11.107 10.914 10.771 10.632 10.993 10.891 10.769 10.627 10.486 10.338 10.896 10.724 10.552 10.431 10.321 10.66 10.517 10.398 10.299 10.13 10.554 10.649 10.497 10.109 9.939 9.749 10.464
3.6057 11.126 11.176 11.101 10.908 10.765 10.626 10.987 10.885 10.763 10.621 10.481 10.332 10.89 10.718 10.546 10.425 10.315 10.654 10.512 10.392 10.293 10.124 10.548 10.644 10.491 10.103 9.933 9.743 10.458
3.6927 11.124 11.173 11.098 10.905 10.763 10.624 10.985 10.883 10.76 10.619 10.478 10.33 10.888 10.715 10.544 10.423 10.312 10.652 10.509 10.389 10.29 10.122 10.546 10.641 10.488 10.1 9.931 9.741 10.456
3.7818 11.121 11.171 11.096 10.903 10.76 10.621 10.982 10.88 10.758 10.616 10.476 10.327 10.885 10.713 10.541 10.42 10.31 10.649 10.506 10.387 10.288 10.119 10.543 10.638 10.486 10.098 9.928 9.738 10.453
3.873 11.119 11.168 11.093 10.9 10.758 10.619 10.979 10.878 10.755 10.614 10.473 10.324 10.883 10.71 10.538 10.418 10.307 10.646 10.504 10.384 10.285 10.117 10.541 10.636 10.483 10.095 9.926 9.735 10.45
3.9664 11.116 11.165 11.091 10.898 10.755 10.616 10.977 10.875 10.753 10.611 10.47 10.322 10.88 10.708 10.536 10.415 10.305 10.644 10.501 10.382 10.283 10.114 10.538 10.633 10.481 10.093 9.923 9.733 10.448
4.0621 11.113 11.163 11.088 10.895 10.753 10.614 10.974 10.873 10.75 10.608 10.468 10.319 10.878 10.705 10.533 10.413 10.302 10.641 10.499 10.379 10.28 10.112 10.536 10.631 10.478 10.09 9.921 9.73 10.445
4.1601 11.111 11.16 11.085 10.893 10.75 10.611 10.972 10.87 10.748 10.606 10.465 10.317 10.875 10.703 10.531 10.41 10.299 10.639 10.496 10.376 10.277 10.109 10.533 10.628 10.475 10.087 9.918 9.728 10.443
4.2604 11.108 11.158 11.083 10.89 10.748 10.608 10.969 10.868 10.745 10.603 10.463 10.314 10.873 10.7 10.528 10.408 10.297 10.636 10.494 10.374 10.275 10.107 10.53 10.626 10.473 10.085 9.916 9.725 10.44
4.3632 11.106 11.155 11.08 10.887 10.745 10.606 10.967 10.865 10.743 10.601 10.46 10.312 10.87 10.697 10.526 10.405 10.294 10.634 10.491 10.371 10.272 10.104 10.528 10.623 10.47 10.082 9.913 9.723 10.438
4.4685 11.103 11.153 11.078 10.885 10.742 10.603 10.964 10.862 10.74 10.598 10.458 10.309 10.868 10.695 10.523 10.402 10.292 10.631 10.489 10.369 10.27 10.102 10.525 10.621 10.468 10.08 9.91 9.72 10.435
4.5763 11.089 11.138 11.063 10.87 10.728 10.589 10.95 10.848 10.726 10.584 10.443 10.295 10.853 10.681 10.509 10.388 10.277 10.617 10.474 10.354 10.255 10.087 10.511 10.606 10.453 10.065 9.896 9.706 10.421
4.6867 11.059 11.108 11.033 10.841 10.698 10.559 10.92 10.818 10.696 10.554 10.413 10.265 10.823 10.651 10.479 10.358 10.247 10.587 10.444 10.324 10.225 10.057 10.481 10.576 10.423 10.035 9.866 9.676 10.391
4.7997 11.029 11.078 11.004 10.811 10.668 10.529 10.89 10.788 10.666 10.524 10.383 10.235 10.793 10.621 10.449 10.328 10.217 10.557 10.414 10.294 10.195 10.027 10.451 10.546 10.393 10.005 9.836 9.646 10.361
4.9155 10.999 11.048 10.974 10.781 10.638 10.499 10.86 10.758 10.636 10.494 10.353 10.205 10.763 10.591 10.419 10.298 10.187 10.527 10.384 10.265 10.165 9.997 10.421 10.516 10.363 9.976 9.806 9.616 10.331
5.0341 10.969 11.018 10.944 10.751 10.608 10.469 10.83 10.728 10.606 10.464 10.323 10.175 10.733 10.561 10.389 10.268 10.158 10.497 10.354 10.235 10.136 9.967 10.391 10.486 10.334 9.946 9.776 9.586 10.301
5.1555 10.939 10.989 10.914 10.721 10.578 10.439 10.8 10.698 10.576 10.434 10.294 10.145 10.703 10.531 10.359 10.238 10.128 10.467 10.324 10.205 10.106 9.937 10.361 10.456 10.304 9.916 9.746 9.556 10.271
5.2799 10.909 10.959 10.884 10.691 10.548 10.409 10.77 10.668 10.546 10.404 10.264 10.115 10.673 10.501 10.329 10.208 10.098 10.437 10.294 10.175 10.076 9.907 10.331 10.426 10.274 9.886 9.716 9.526 10.241
5.4072 10.879 10.929 10.854 10.661 10.518 10.379 10.74 10.638 10.516 10.374 10.234 10.085 10.643 10.471 10.299 10.178 10.068 10.407 10.265 10.145 10.046 9.877 10.301 10.396 10.244 9.856 9.686 9.496 10.211
5.5377 10.849 10.899 10.824 10.631 10.488 10.349 10.71 10.608 10.486 10.344 10.204 10.055 10.614 10.441 10.269 10.148 10.038 10.377 10.235 10.115 10.016 9.847 10.271 10.367 10.214 9.826 9.656 9.466 10.181
5.6713 10.819 10.869 10.794 10.601 10.458 10.319 10.68 10.579 10.456 10.314 10.174 10.025 10.584 10.411 10.239 10.118 10.008 10.347 10.205 10.085 9.986 9.818 10.241 10.337 10.184 9.796 9.627 9.436 10.151
5.8081 10.807 10.856 10.781 10.589 10.446 10.307 10.668 10.566 10.444 10.302 10.161 10.013 10.571 10.399 10.227 10.106 9.995 10.335 10.192 10.072 9.973 9.805 10.229 10.324 10.171 9.783 9.614 9.424 10.139
5.9482 10.807 10.857 10.782 10.589 10.447 10.308 10.668 10.567 10.444 10.302 10.162 10.013 10.572 10.399 10.227 10.107 9.996 10.335 10.193 10.073 9.974 9.806 10.23 10.325 10.172 9.784 9.615 9.424 10.139
6.0917 10.808 10.857 10.783 10.59 10.447 10.308 10.669 10.567 10.445 10.303 10.162 10.014 10.572 10.4 10.228 10.107 9.997 10.336 10.193 10.074 9.975 9.806 10.23 10.325 10.173 9.785 9.615 9.425 10.14
6.2386 10.809 10.858 10.783 10.59 10.448 10.309 10.669 10.568 10.445 10.303 10.163 10.014 10.573 10.4 10.228 10.108 9.997 10.336 10.194 10.074 9.975 9.807 10.231 10.326 10.173 9.785 9.616 9.425 10.14
6.3891 10.809 10.859 10.784 10.591 10.448 10.309 10.67 10.568 10.446 10.304 10.164 10.015 10.573 10.401 10.229 10.108 9.998 10.337 10.194 10.075 9.976 9.807 10.231 10.326 10.174 9.786 9.616 9.426 10.141
6.5433 10.81 10.859 10.784 10.591 10.449 10.31 10.671 10.569 10.446 10.305 10.164 10.016 10.574 10.401 10.229 10.109 9.998 10.338 10.195 10.075 9.976 9.808 10.232 10.327 10.174 9.786 9.617 9.426 10.141
6.7011 10.81 10.86 10.785 10.592 10.449 10.31 10.671 10.569 10.447 10.305 10.165 10.016 10.574 10.402 10.23 10.109 9.999 10.338 10.196 10.076 9.977 9.808 10.232 10.327 10.175 9.787 9.617 9.427 10.142
6.8627 10.811 10.86 10.785 10.592 10.45 10.311 10.672 10.57 10.448 10.306 10.165 10.017 10.575 10.402 10.231 10.11 9.999 10.339 10.196 10.076 9.977 9.809 10.233 10.328 10.175 9.787 9.618 9.428 10.143
7.0283 10.811 10.861 10.786 10.593 10.45 10.311 10.672 10.57 10.448 10.306 10.166 10.017 10.576 10.403 10.231 10.11 10.0 10.339 10.197 10.077 9.978 9.809 10.233 10.329 10.176 9.788 9.618 9.428 10.143
7.1978 10.812 10.861 10.786 10.593 10.451 10.312 10.673 10.571 10.449 10.307 10.166 10.018 10.576 10.403 10.232 10.111 10.0 10.34 10.197 10.077 9.978 9.81 10.234 10.329 10.176 9.788 9.619 9.429 10.144
7.3715 10.814 10.863 10.788 10.595 10.453 10.314 10.675 10.573 10.45 10.309 10.168 10.02 10.578 10.405 10.233 10.113 10.002 10.342 10.199 10.079 9.98 9.812 10.236 10.331 10.178 9.79 9.621 9.43 10.145
7.5493 10.816 10.865 10.791 10.598 10.455 10.316 10.677 10.575 10.453 10.311 10.17 10.022 10.58 10.408 10.236 10.115 10.004 10.344 10.201 10.082 9.982 9.814 10.238 10.333 10.18 9.793 9.623 9.433 10.148
7.7314 10.818 10.868 10.793 10.6 10.458 10.318 10.679 10.578 10.455 10.313 10.173 10.024 10.583 10.41 10.238 10.117 10.007 10.346 10.204 10.084 9.985 9.817 10.24 10.336 10.183 9.795 9.626 9.435 10.15
7.9179 10.821 10.87 10.795 10.602 10.46 10.321 10.682 10.58 10.457 10.316 10.175 10.027 10.585 10.412 10.241 10.12 10.009 10.349 10.206 10.086 9.987 9.819 10.243 10.338 10.185 9.797 9.628 9.438 10.153
8.1089 10.823 10.872 10.798 10.605 10.462 10.323 10.684 10.582 10.46 10.318 10.177 10.029 10.587 10.415 10.243 10.122 10.012 10.351 10.208 10.089 9.99 9.821 10.245 10.34 10.188 9.8 9.63 9.44 10.155
8.3045 10.825 10.875 10.8 10.607 10.465 10.325 10.686 10.585 10.462 10.32 10.18 10.031 10.59 10.417 10.245 10.124 10.014 10.353 10.211 10.091 9.992 9.824 10.247 10.343 10.19 9.802 9.633 9.442 10.157
8.5049 10.828 10.877 10.802 10.609 10.467 10.328 10.689 10.587 10.465 10.323 10.182 10.034 10.592 10.419 10.248 10.127 10.016 10.356 10.213 10.093 9.994 9.826 10.25 10.345 10.192 9.804 9.635 9.445 10.16
8.71 10.83 10.879 10.805 10.612 10.469 10.33 10.691 10.589 10.467 10.325 10.184 10.036 10.594 10.422 10.25 10.129 10.019 10.358 10.215 10.096 9.997 9.828 10.252 10.347 10.195 9.807 9.637 9.447 10.162
8.9201 10.832 10.882 10.807 10.614 10.472 10.332 10.693 10.592 10.469 10.327 10.187 10.038 10.597 10.424 10.252 10.132 10.021 10.36 10.218 10.098 9.999 9.831 10.254 10.35 10.197 9.809 9.64 9.449 10.164
9.1353 10.835 10.884 10.809 10.616 10.474 10.335 10.696 10.594 10.472 10.33 10.189 10.041 10.599 10.426 10.255 10.134 10.023 10.363 10.22 10.1 10.001 9.833 10.257 10.352 10.199 9.811 9.642 9.452 10.167
9.3557 10.834 10.883 10.808 10.615 10.473 10.334 10.694 10.593 10.47 10.328 10.188 10.039 10.598 10.425 10.253 10.133 10.022 10.361 10.219 10.099 10.0 9.832 10.256 10.351 10.198 9.81 9.641 9.45 10.165
9.5814 10.832 10.881 10.806 10.613 10.471 10.332 10.693 10.591 10.469 10.327 10.186 10.038 10.596 10.424 10.252 10.131 10.02 10.36 10.217 10.097 9.998 9.83 10.254 10.349 10.196 9.808 9.639 9.449 10.164
9.8125 10.83 10.88 10.805 10.612 10.469 10.33 10.691 10.589 10.467 10.325 10.185 10.036 10.594 10.422 10.25 10.129 10.019 10.358 10.215 10.096 9.997 9.828 10.252 10.347 10.195 9.807 9.637 9.447 10.162
10.0492 10.828 10.878 10.803 10.61 10.468 10.328 10.689 10.588 10.465 10.323 10.183 10.034 10.593 10.42 10.248 10.128 10.017 10.356 10.214 10.094 9.995 9.827 10.25 10.346 10.193 9.805 9.636 9.445 10.16
10.2917 10.827 10.876 10.801 10.608 10.466 10.327 10.688 10.586 10.463 10.322 10.181 10.033 10.591 10.418 10.247 10.126 10.015 10.355 10.212 10.092 9.993 9.825 10.249 10.344 10.191 9.803 9.634 9.444 10.159
10.5399 10.825 10.874 10.8 10.607 10.464 10.325 10.686 10.584 10.462 10.32 10.179 10.031 10.589 10.417 10.245 10.124 10.013 10.353 10.21 10.09 9.991 9.823 10.247 10.342 10.189 9.801 9.632 9.442 10.157
10.7942 10.823 10.873 10.798 10.605 10.462 10.323 10.684 10.582 10.46 10.318 10.178 10.029 10.588 10.415 10.243 10.122 10.012 10.351 10.209 10.089 9.99 9.821 10.245 10.341 10.188 9.8 9.63 9.44 10.155
11.0546 10.821 10.871 10.796 10.603 10.461 10.322 10.682 10.581 10.458 10.316 10.176 10.027 10.586 10.413 10.241 10.121 10.01 10.349 10.207 10.087 9.988 9.82 10.244 10.339 10.186 9.798 9.629 9.438 10.153
11.3212 10.82 10.869 10.794 10.601 10.459 10.32 10.681 10.579 10.457 10.315 10.174 10.026 10.584 10.411 10.24 10.119 10.008 10.348 10.205 10.085 9.986 9.818 10.242 10.337 10.184 9.796 9.627 9.437 10.152
11.5943 10.818 10.868 10.793 10.6 10.458 10.318 10.679 10.578 10.455 10.313 10.173 10.024 10.583 10.41 10.238 10.117 10.007 10.346 10.204 10.084 9.985 9.817 10.24 10.336 10.183 9.795 9.626 9.435 10.15
11.874 10.858 10.907 10.832 10.639 10.497 10.358 10.719 10.617 10.494 10.353 10.212 10.064 10.622 10.449 10.277 10.157 10.046 10.386 10.243 10.123 10.024 9.856 10.28 10.375 10.222 9.834 9.665 9.474 10.189
12.1605 10.897 10.946 10.872 10.679 10.536 10.397 10.758 10.656 10.534 10.392 10.251 10.103 10.661 10.489 10.317 10.196 10.085 10.425 10.282 10.162 10.063 9.895 10.319 10.414 10.261 9.873 9.704 9.514 10.229
12.4538 10.936 10.986 10.911 10.718 10.575 10.436 10.797 10.696 10.573 10.431 10.291 10.142 10.701 10.528 10.356 10.235 10.125 10.464 10.322 10.202 10.103 9.935 10.358 10.454 10.301 9.913 9.743 9.553 10.268
12.7542 10.976 11.025 10.95 10.757 10.615 10.476 10.836 10.735 10.612 10.471 10.33 10.181 10.74 10.567 10.395 10.275 10.164 10.504 10.361 10.241 10.142 9.974 10.398 10.493 10.34 9.952 9.783 9.592 10.307
13.0619 11.015 11.064 10.989 10.797 10.654 10.515 10.876 10.774 10.652 10.51 10.369 10.221 10.779 10.607 10.435 10.314 10.203 10.543 10.4 10.28 10.181 10.013 10.437 10.532 10.379 9.991 9.822 9.632 10.347
13.377 11.054 11.104 11.029 10.836 10.693 10.554 10.915 10.813 10.691 10.549 10.409 10.26 10.819 10.646 10.474 10.353 10.243 10.582 10.44 10.32 10.221 10.052 10.476 10.572 10.419 10.031 9.861 9.671 10.386
13.6997 11.094 11.143 11.068 10.875 10.733 10.594 10.954 10.853 10.73 10.588 10.448 10.299 10.858 10.685 10.513 10.393 10.282 10.621 10.479 10.359 10.26 10.092 10.516 10.611 10.458 10.07 9.901 9.71 10.425
14.0302 11.133 11.182 11.107 10.915 10.772 10.633 10.994 10.892 10.77 10.628 10.487 10.339 10.897 10.725 10.553 10.432 10.321 10.661 10.518 10.398 10.299 10.131 10.555 10.65 10.497 10.109 9.94 9.75 10.465
14.3686 11.172 11.222 11.147 10.954 10.811 10.672 11.033 10.931 10.809 10.667 10.527 10.378 10.936 10.764 10.592 10.471 10.361 10.7 10.558 10.438 10.339 10.17 10.594 10.689 10.537 10.149 9.979 9.789 10.504
14.7153 11.215 11.264 11.19 10.997 10.854 10.715 11.076 10.974 10.852 10.71 10.569 10.421 10.979 10.807 10.635 10.514 10.404 10.743 10.6 10.481 10.382 10.213 10.637 10.732 10.58 10.192 10.022 9.832 10.547
15.0702 11.278 11.327 11.252 11.059 10.917 10.778 11.139 11.037 10.914 10.773 10.632 10.484 11.042 10.869 10.698 10.577 10.466 10.806 10.663 10.543 10.444 10.276 10.7 10.795 10.642 10.254 10.085 9.895 10.61
15.4338 11.34 11.39 11.315 11.122 10.98 10.84 11.201 11.1 10.977 10.835 10.695 10.546 11.105 10.932 10.76 10.639 10.529 10.868 10.726 10.606 10.507 10.339 10.762 10.858 10.705 10.317 10.148 9.957 10.672
15.8061 11.403 11.452 11.378 11.185 11.042 10.903 11.264 11.162 11.04 10.898 10.757 10.609 11.167 10.995 10.823 10.702 10.592 10.931 10.788 10.669 10.57 10.401 10.825 10.92 10.768 10.38 10.21 10.02 10.735
