web/models/grb/offaxis/13/grb_0.2967_1000.0000_0.0000100.dat
# %ECSV 1.0
# ---
# datatype:
# - {name: time, datatype: float64}
# - {name: swift_uvot_uvw2, datatype: float64}
# - {name: swift_uvot_uvm2, datatype: float64}
# - {name: swift_uvot_uvw1, datatype: float64}
# - {name: swift_uvot_U, datatype: float64}
# - {name: swift_uvot_B, datatype: float64}
# - {name: swift_uvot_V, datatype: float64}
# - {name: swift_uvot_W, datatype: float64}
# - {name: johnson_U, datatype: float64}
# - {name: johnson_B, datatype: float64}
# - {name: johnson_V, datatype: float64}
# - {name: johnson_R, datatype: float64}
# - {name: johnson_I, datatype: float64}
# - {name: sdss_u, datatype: float64}
# - {name: sdss_g, datatype: float64}
# - {name: sdss_r, datatype: float64}
# - {name: sdss_i, datatype: float64}
# - {name: sdss_z, datatype: float64}
# - {name: PS1_g, datatype: float64}
# - {name: PS1_r, datatype: float64}
# - {name: PS1_i, datatype: float64}
# - {name: PS1_z, datatype: float64}
# - {name: PS1_Y, datatype: float64}
# - {name: PS1_w, datatype: float64}
# - {name: ATLAS_c, datatype: float64}
# - {name: ATLAS_o, datatype: float64}
# - {name: ukirt_J, datatype: float64}
# - {name: ukirt_H, datatype: float64}
# - {name: ukirt_K, datatype: float64}
# - {name: Clear, datatype: float64}
# meta: !!omap
# - comment: [E = 0.43396498804093575, Eta0 = 8.02, GammaB = 12.0, dL = 0.012188, epsb = 6.760829753919819e-06, epse = 0.1, n = 1e-05,
#     p = 2.15, theta_obs = 0.29670597283903605, xiN = 1.0, z = 0.0, type = grb, E_kiso = 1000.0]
# schema: astropy-2.0
time swift_uvot_uvw2 swift_uvot_uvm2 swift_uvot_uvw1 swift_uvot_U swift_uvot_B swift_uvot_V swift_uvot_W johnson_U johnson_B johnson_V johnson_R johnson_I sdss_u sdss_g sdss_r sdss_i sdss_z PS1_g PS1_r PS1_i PS1_z PS1_Y PS1_w ATLAS_c ATLAS_o ukirt_J ukirt_H ukirt_K Clear
[from data line 215]
1.6816 4.509 4.558 4.483 4.29 4.148 4.009 4.37 4.268 4.146 4.004 3.863 3.715 4.273 4.101 3.929 3.808 3.697 4.037 3.894 3.774 3.675 3.507 3.931 4.026 3.873 3.485 3.316 3.126 3.841
1.7222 4.431 4.481 4.406 4.213 4.071 3.931 4.292 4.191 4.068 3.926 3.786 3.637 4.196 4.023 3.851 3.73 3.62 3.959 3.817 3.697 3.598 3.43 3.853 3.949 3.796 3.408 3.239 3.048 3.763
1.7637 4.354 4.403 4.328 4.135 3.993 3.854 4.215 4.113 3.991 3.849 3.708 3.56 4.118 3.945 3.774 3.653 3.542 3.882 3.739 3.619 3.52 3.352 3.776 3.871 3.718 3.33 3.161 2.971 3.686
1.8062 4.276 4.326 4.251 4.058 3.915 3.776 4.137 4.035 3.913 3.771 3.631 3.482 4.041 3.868 3.696 3.575 3.465 3.804 3.662 3.542 3.443 3.275 3.698 3.794 3.641 3.253 3.083 2.893 3.608
1.8498 4.206 4.255 4.181 3.988 3.845 3.706 4.067 3.965 3.843 3.701 3.56 3.412 3.97 3.798 3.626 3.505 3.395 3.734 3.591 3.472 3.373 3.204 3.628 3.723 3.571 3.183 3.013 2.823 3.538
1.8944 4.139 4.189 4.114 3.921 3.778 3.639 4.0 3.898 3.776 3.634 3.494 3.345 3.903 3.731 3.559 3.438 3.328 3.667 3.525 3.405 3.306 3.137 3.561 3.656 3.504 3.116 2.946 2.756 3.471
1.9401 4.072 4.122 4.047 3.854 3.712 3.572 3.933 3.832 3.709 3.567 3.427 3.278 3.837 3.664 3.492 3.372 3.261 3.6 3.458 3.338 3.239 3.071 3.495 3.59 3.437 3.049 2.88 2.689 3.404
1.9869 4.006 4.055 3.98 3.787 3.645 3.506 3.867 3.765 3.642 3.501 3.36 3.211 3.77 3.597 3.425 3.305 3.194 3.534 3.391 3.271 3.172 3.004 3.428 3.523 3.37 2.982 2.813 2.622 3.337
2.0349 3.939 3.988 3.913 3.72 3.578 3.439 3.8 3.698 3.576 3.434 3.293 3.145 3.703 3.53 3.359 3.238 3.127 3.467 3.324 3.204 3.105 2.937 3.361 3.456 3.303 2.915 2.746 2.556 3.271
2.084 3.872 3.921 3.847 3.654 3.511 3.372 3.733 3.631 3.509 3.367 3.226 3.078 3.636 3.464 3.292 3.171 3.061 3.4 3.257 3.138 3.039 2.87 3.294 3.389 3.237 2.849 2.679 2.489 3.204
2.1342 3.805 3.855 3.78 3.587 3.444 3.305 3.666 3.564 3.442 3.3 3.16 3.011 3.569 3.397 3.225 3.104 2.994 3.333 3.191 3.071 2.972 2.803 3.227 3.323 3.17 2.782 2.612 2.422 3.137
2.1857 3.738 3.788 3.713 3.52 3.378 3.238 3.599 3.498 3.375 3.233 3.093 2.944 3.503 3.33 3.158 3.038 2.927 3.266 3.124 3.004 2.905 2.737 3.161 3.256 3.103 2.715 2.546 2.355 3.07
2.2384 3.672 3.721 3.646 3.453 3.311 3.172 3.533 3.431 3.308 3.167 3.026 2.877 3.436 3.263 3.091 2.971 2.86 3.2 3.057 2.937 2.838 2.67 3.094 3.189 3.036 2.648 2.479 2.288 3.003
2.2924 3.605 3.654 3.579 3.386 3.244 3.105 3.466 3.364 3.242 3.1 2.959 2.811 3.369 3.196 3.025 2.904 2.793 3.133 2.99 2.87 2.771 2.603 3.027 3.122 2.969 2.581 2.412 2.222 2.937
2.3477 3.556 3.606 3.531 3.338 3.195 3.056 3.417 3.315 3.193 3.051 2.911 2.762 3.32 3.148 2.976 2.855 2.745 3.084 2.941 2.822 2.723 2.554 2.978 3.073 2.921 2.533 2.363 2.173 2.888
2.4044 3.511 3.561 3.486 3.293 3.151 3.011 3.372 3.271 3.148 3.006 2.866 2.717 3.276 3.103 2.931 2.81 2.7 3.039 2.897 2.777 2.678 2.51 2.933 3.029 2.876 2.488 2.319 2.128 2.843
2.4624 3.466 3.516 3.441 3.248 3.106 2.967 3.327 3.226 3.103 2.961 2.821 2.672 3.231 3.058 2.886 2.766 2.655 2.994 2.852 2.732 2.633 2.465 2.889 2.984 2.831 2.443 2.274 2.083 2.798
2.5218 3.422 3.471 3.396 3.203 3.061 2.922 3.283 3.181 3.059 2.917 2.776 2.628 3.186 3.013 2.842 2.721 2.61 2.95 2.807 2.687 2.588 2.42 2.844 2.939 2.786 2.398 2.229 2.039 2.754
2.5826 3.377 3.426 3.351 3.159 3.016 2.877 3.238 3.136 3.014 2.872 2.731 2.583 3.141 2.969 2.797 2.676 2.565 2.905 2.762 2.642 2.543 2.375 2.799 2.894 2.741 2.353 2.184 1.994 2.709
2.6449 3.332 3.382 3.307 3.114 2.971 2.832 3.193 3.091 2.969 2.827 2.687 2.538 3.096 2.924 2.752 2.631 2.521 2.86 2.717 2.598 2.499 2.33 2.754 2.849 2.697 2.309 2.139 1.949 2.664
2.7087 3.287 3.337 3.262 3.069 2.927 2.787 3.148 3.047 2.924 2.782 2.642 2.493 3.052 2.879 2.707 2.586 2.476 2.815 2.673 2.553 2.454 2.286 2.709 2.805 2.652 2.264 2.095 1.904 2.619
2.7741 3.242 3.292 3.217 3.024 2.882 2.743 3.103 3.002 2.879 2.737 2.597 2.448 3.007 2.834 2.662 2.542 2.431 2.77 2.628 2.508 2.409 2.241 2.665 2.76 2.607 2.219 2.05 1.859 2.574
2.841 3.198 3.247 3.172 2.979 2.837 2.698 3.059 2.957 2.835 2.693 2.552 2.404 2.962 2.789 2.618 2.497 2.386 2.726 2.583 2.463 2.364 2.196 2.62 2.715 2.562 2.174 2.005 1.815 2.53
2.9095 3.153 3.202 3.128 2.935 2.792 2.653 3.014 2.912 2.79 2.648 2.507 2.359 2.917 2.745 2.573 2.452 2.341 2.681 2.538 2.418 2.319 2.151 2.575 2.67 2.517 2.129 1.96 1.77 2.485
2.9797 3.115 3.165 3.09 2.897 2.754 2.615 2.976 2.874 2.752 2.61 2.47 2.321 2.879 2.707 2.535 2.414 2.304 2.643 2.5 2.381 2.282 2.113 2.537 2.632 2.48 2.092 1.922 1.732 2.447
3.0516 3.078 3.127 3.052 2.859 2.717 2.578 2.938 2.837 2.714 2.573 2.432 2.283 2.842 2.669 2.497 2.377 2.266 2.605 2.463 2.343 2.244 2.076 2.5 2.595 2.442 2.054 1.885 1.694 2.409
3.1252 3.04 3.089 3.015 2.822 2.679 2.54 2.901 2.799 2.677 2.535 2.394 2.246 2.804 2.632 2.46 2.339 2.229 2.568 2.425 2.306 2.207 2.038 2.462 2.557 2.405 2.017 1.847 1.657 2.372
3.2006 3.002 3.052 2.977 2.784 2.642 2.503 2.863 2.762 2.639 2.497 2.357 2.208 2.767 2.594 2.422 2.302 2.191 2.53 2.388 2.268 2.169 2.001 2.425 2.52 2.367 1.979 1.81 1.619 2.334
3.2778 2.965 3.014 2.939 2.747 2.604 2.465 2.826 2.724 2.602 2.46 2.319 2.171 2.729 2.557 2.385 2.264 2.153 2.493 2.35 2.23 2.131 1.963 2.387 2.482 2.329 1.941 1.772 1.582 2.297
3.3569 2.927 2.977 2.902 2.709 2.567 2.427 2.788 2.687 2.564 2.422 2.282 2.133 2.692 2.519 2.347 2.226 2.116 2.455 2.313 2.193 2.094 1.926 2.349 2.445 2.292 1.904 1.735 1.544 2.259
3.4378 2.89 2.939 2.864 2.671 2.529 2.39 2.751 2.649 2.527 2.385 2.244 2.096 2.654 2.481 2.31 2.189 2.078 2.418 2.275 2.155 2.056 1.888 2.312 2.407 2.254 1.866 1.697 1.507 2.222
3.5208 2.852 2.902 2.827 2.634 2.491 2.352 2.713 2.611 2.489 2.347 2.207 2.058 2.617 2.444 2.272 2.151 2.041 2.38 2.238 2.118 2.019 1.851 2.274 2.37 2.217 1.829 1.659 1.469 2.184
3.6057 2.815 2.864 2.789 2.596 2.454 2.315 2.676 2.574 2.452 2.31 2.169 2.021 2.579 2.406 2.235 2.114 2.003 2.343 2.2 2.08 1.981 1.813 2.237 2.332 2.179 1.791 1.622 1.432 2.147
3.6927 2.778 2.828 2.753 2.56 2.418 2.278 2.639 2.538 2.415 2.273 2.133 1.984 2.543 2.37 2.198 2.078 1.967 2.306 2.164 2.044 1.945 1.777 2.2 2.296 2.143 1.755 1.586 1.395 2.11
3.7818 2.752 2.802 2.727 2.534 2.391 2.252 2.613 2.512 2.389 2.247 2.107 1.958 2.517 2.344 2.172 2.051 1.941 2.28 2.138 2.018 1.919 1.751 2.174 2.27 2.117 1.729 1.559 1.369 2.084
3.873 2.726 2.776 2.701 2.508 2.365 2.226 2.587 2.485 2.363 2.221 2.081 1.932 2.49 2.318 2.146 2.025 1.915 2.254 2.112 1.992 1.893 1.724 2.148 2.243 2.091 1.703 1.533 1.343 2.058
3.9664 2.7 2.75 2.675 2.482 2.339 2.2 2.561 2.459 2.337 2.195 2.055 1.906 2.464 2.292 2.12 1.999 1.889 2.228 2.085 1.966 1.867 1.698 2.122 2.217 2.065 1.677 1.507 1.317 2.032
4.0621 2.674 2.723 2.649 2.456 2.313 2.174 2.535 2.433 2.311 2.169 2.028 1.88 2.438 2.266 2.094 1.973 1.862 2.202 2.059 1.94 1.84 1.672 2.096 2.191 2.038 1.651 1.481 1.291 2.006
4.1601 2.648 2.697 2.622 2.43 2.287 2.148 2.509 2.407 2.285 2.143 2.002 1.854 2.412 2.24 2.068 1.947 1.836 2.176 2.033 1.913 1.814 1.646 2.07 2.165 2.012 1.624 1.455 1.265 1.98
4.2604 2.622 2.671 2.596 2.403 2.261 2.122 2.483 2.381 2.259 2.117 1.976 1.828 2.386 2.213 2.042 1.921 1.81 2.15 2.007 1.887 1.788 1.62 2.044 2.139 1.986 1.598 1.429 1.239 1.954
4.3632 2.596 2.645 2.57 2.377 2.235 2.096 2.457 2.355 2.232 2.091 1.95 1.802 2.36 2.187 2.016 1.895 1.784 2.124 1.981 1.861 1.762 1.594 2.018 2.113 1.96 1.572 1.403 1.213 1.928
4.4685 2.57 2.619 2.544 2.351 2.209 2.07 2.43 2.329 2.206 2.065 1.924 1.775 2.334 2.161 1.989 1.869 1.758 2.098 1.955 1.835 1.736 1.568 1.992 2.087 1.934 1.546 1.377 1.186 1.901
4.5763 2.543 2.593 2.518 2.325 2.183 2.044 2.404 2.303 2.18 2.038 1.898 1.749 2.308 2.135 1.963 1.843 1.732 2.071 1.929 1.809 1.71 1.542 1.966 2.061 1.908 1.52 1.351 1.16 1.875
4.6867 2.518 2.567 2.492 2.299 2.157 2.018 2.379 2.277 2.154 2.013 1.872 1.724 2.282 2.109 1.937 1.817 1.706 2.046 1.903 1.783 1.684 1.516 1.94 2.035 1.882 1.494 1.325 1.134 1.849
4.7997 2.493 2.542 2.467 2.274 2.132 1.993 2.353 2.252 2.129 1.987 1.847 1.698 2.257 2.084 1.912 1.792 1.681 2.02 1.878 1.758 1.659 1.491 1.915 2.01 1.857 1.469 1.3 1.109 1.824
4.9155 2.467 2.517 2.442 2.249 2.107 1.968 2.328 2.227 2.104 1.962 1.822 1.673 2.232 2.059 1.887 1.767 1.656 1.995 1.853 1.733 1.634 1.466 1.89 1.985 1.832 1.444 1.275 1.084 1.799
5.0341 2.442 2.492 2.417 2.224 2.082 1.942 2.303 2.202 2.079 1.937 1.797 1.648 2.207 2.034 1.862 1.742 1.631 1.97 1.828 1.708 1.609 1.441 1.864 1.96 1.807 1.419 1.25 1.059 1.774
5.1555 2.417 2.467 2.392 2.199 2.057 1.917 2.278 2.177 2.054 1.912 1.772 1.623 2.182 2.009 1.837 1.716 1.606 1.945 1.803 1.683 1.584 1.416 1.839 1.935 1.782 1.394 1.225 1.034 1.749
5.2799 2.392 2.442 2.367 2.174 2.031 1.892 2.253 2.151 2.029 1.887 1.747 1.598 2.156 1.984 1.812 1.691 1.581 1.92 1.778 1.658 1.559 1.39 1.814 1.91 1.757 1.369 1.199 1.009 1.724
5.4072 2.367 2.417 2.342 2.149 2.006 1.867 2.228 2.126 2.004 1.862 1.722 1.573 2.131 1.959 1.787 1.666 1.556 1.895 1.753 1.633 1.534 1.365 1.789 1.884 1.732 1.344 1.174 0.984 1.699
5.5377 2.342 2.391 2.317 2.124 1.981 1.842 2.203 2.101 1.979 1.837 1.697 1.548 2.106 1.934 1.762 1.641 1.531 1.87 1.727 1.608 1.509 1.34 1.764 1.859 1.707 1.319 1.149 0.959 1.674
5.6713 2.317 2.366 2.292 2.099 1.956 1.817 2.178 2.076 1.954 1.812 1.671 1.523 2.081 1.909 1.737 1.616 1.505 1.845 1.702 1.583 1.483 1.315 1.739 1.834 1.681 1.294 1.124 0.934 1.649
5.8081 2.292 2.341 2.266 2.074 1.931 1.792 2.153 2.051 1.929 1.787 1.646 1.498 2.056 1.884 1.712 1.591 1.48 1.82 1.677 1.557 1.458 1.29 1.714 1.809 1.656 1.268 1.099 0.909 1.624
5.9482 2.267 2.316 2.241 2.048 1.906 1.767 2.128 2.026 1.904 1.762 1.621 1.473 2.031 1.859 1.687 1.566 1.455 1.795 1.652 1.532 1.433 1.265 1.689 1.784 1.631 1.243 1.074 0.884 1.599
6.0917 2.242 2.291 2.217 2.024 1.881 1.742 2.103 2.001 1.879 1.737 1.596 1.448 2.006 1.834 1.662 1.541 1.43 1.77 1.627 1.508 1.408 1.24 1.664 1.759 1.606 1.219 1.049 0.859 1.574
6.2386 2.217 2.266 2.192 1.999 1.856 1.717 2.078 1.976 1.854 1.712 1.572 1.423 1.981 1.809 1.637 1.516 1.406 1.745 1.602 1.483 1.384 1.215 1.639 1.734 1.582 1.194 1.024 0.834 1.549
6.3891 2.192 2.242 2.167 1.974 1.831 1.692 2.053 1.951 1.829 1.687 1.547 1.398 1.956 1.784 1.612 1.491 1.381 1.72 1.578 1.458 1.359 1.19 1.614 1.709 1.557 1.169 0.999 0.809 1.524
6.5433 2.167 2.217 2.142 1.949 1.806 1.667 2.028 1.926 1.804 1.662 1.522 1.373 1.931 1.759 1.587 1.466 1.356 1.695 1.553 1.433 1.334 1.165 1.589 1.685 1.532 1.144 0.974 0.784 1.499
6.7011 2.142 2.192 2.117 1.924 1.782 1.642 2.003 1.902 1.779 1.637 1.497 1.348 1.907 1.734 1.562 1.441 1.331 1.67 1.528 1.408 1.309 1.141 1.564 1.66 1.507 1.119 0.95 0.759 1.474
6.8627 2.117 2.167 2.092 1.899 1.757 1.617 1.978 1.877 1.754 1.612 1.472 1.323 1.882 1.709 1.537 1.417 1.306 1.645 1.503 1.383 1.284 1.116 1.539 1.635 1.482 1.094 0.925 0.734 1.449
7.0283 2.092 2.142 2.067 1.874 1.732 1.593 1.953 1.852 1.729 1.587 1.447 1.298 1.857 1.684 1.512 1.392 1.281 1.62 1.478 1.358 1.259 1.091 1.515 1.61 1.457 1.069 0.9 0.709 1.424
7.1978 2.068 2.117 2.042 1.849 1.707 1.568 1.928 1.827 1.704 1.563 1.422 1.273 1.832 1.659 1.487 1.367 1.256 1.595 1.453 1.333 1.234 1.066 1.49 1.585 1.432 1.044 0.875 0.684 1.399
7.3715 2.043 2.092 2.017 1.824 1.682 1.543 1.904 1.802 1.679 1.538 1.397 1.249 1.807 1.634 1.462 1.342 1.231 1.571 1.428 1.308 1.209 1.041 1.465 1.56 1.407 1.019 0.85 0.66 1.375
7.5493 2.02 2.07 1.995 1.802 1.659 1.52 1.881 1.779 1.657 1.515 1.375 1.226 1.785 1.612 1.44 1.319 1.209 1.548 1.406 1.286 1.187 1.018 1.442 1.538 1.385 0.997 0.827 0.637 1.352
7.7314 2.0 2.049 1.975 1.782 1.639 1.5 1.861 1.759 1.637 1.495 1.354 1.206 1.764 1.592 1.42 1.299 1.188 1.528 1.385 1.266 1.166 0.998 1.422 1.517 1.364 0.977 0.807 0.617 1.332
7.9179 1.98 2.029 1.954 1.761 1.619 1.48 1.841 1.739 1.617 1.475 1.334 1.186 1.744 1.571 1.4 1.279 1.168 1.508 1.365 1.245 1.146 0.978 1.402 1.497 1.344 0.956 0.787 0.597 1.312
8.1089 1.959 2.009 1.934 1.741 1.599 1.46 1.82 1.719 1.596 1.454 1.314 1.165 1.724 1.551 1.379 1.259 1.148 1.487 1.345 1.225 1.126 0.958 1.382 1.477 1.324 0.936 0.767 0.576 1.291
8.3045 1.939 1.989 1.914 1.721 1.578 1.439 1.8 1.698 1.576 1.434 1.294 1.145 1.703 1.531 1.359 1.238 1.128 1.467 1.325 1.205 1.106 0.937 1.361 1.456 1.304 0.916 0.746 0.556 1.271
8.5049 1.919 1.968 1.893 1.701 1.558 1.419 1.78 1.678 1.556 1.414 1.273 1.125 1.683 1.511 1.339 1.218 1.107 1.447 1.304 1.184 1.085 0.917 1.341 1.436 1.283 0.895 0.726 0.536 1.251
8.71 1.899 1.948 1.873 1.68 1.538 1.399 1.76 1.658 1.535 1.394 1.253 1.105 1.663 1.49 1.318 1.198 1.087 1.427 1.284 1.164 1.065 0.897 1.321 1.416 1.263 0.875 0.706 0.516 1.231
8.9201 1.878 1.928 1.853 1.66 1.518 1.378 1.739 1.638 1.515 1.373 1.233 1.084 1.643 1.47 1.298 1.178 1.067 1.406 1.264 1.144 1.045 0.877 1.3 1.396 1.243 0.855 0.686 0.495 1.21
9.1353 1.858 1.908 1.833 1.64 1.497 1.358 1.719 1.617 1.495 1.353 1.213 1.064 1.622 1.45 1.278 1.157 1.047 1.386 1.243 1.124 1.025 0.856 1.28 1.375 1.223 0.835 0.665 0.475 1.19
9.3557 1.838 1.887 1.812 1.619 1.477 1.338 1.699 1.597 1.475 1.333 1.192 1.044 1.602 1.43 1.258 1.137 1.026 1.366 1.223 1.103 1.004 0.836 1.26 1.355 1.202 0.814 0.645 0.455 1.17
9.5814 1.821 1.87 1.795 1.602 1.46 1.321 1.681 1.58 1.457 1.316 1.175 1.026 1.585 1.412 1.24 1.12 1.009 1.349 1.206 1.086 0.987 0.819 1.243 1.338 1.185 0.797 0.628 0.437 1.152
9.8125 1.805 1.854 1.779 1.586 1.444 1.305 1.666 1.564 1.442 1.3 1.159 1.011 1.569 1.396 1.225 1.104 0.993 1.333 1.19 1.07 0.971 0.803 1.227 1.322 1.169 0.781 0.612 0.422 1.137
10.0492 1.789 1.838 1.763 1.57 1.428 1.289 1.65 1.548 1.426 1.284 1.143 0.995 1.553 1.38 1.209 1.088 0.977 1.317 1.174 1.054 0.955 0.787 1.211 1.306 1.153 0.765 0.596 0.406 1.121
10.2917 1.773 1.822 1.748 1.555 1.412 1.273 1.634 1.532 1.41 1.268 1.127 0.979 1.537 1.365 1.193 1.072 0.961 1.301 1.158 1.038 0.939 0.771 1.195 1.29 1.137 0.749 0.58 0.39 1.105
10.5399 1.757 1.806 1.732 1.539 1.396 1.257 1.618 1.516 1.394 1.252 1.112 0.963 1.521 1.349 1.177 1.056 0.946 1.285 1.142 1.023 0.924 0.755 1.179 1.274 1.122 0.734 0.564 0.374 1.089
10.7942 1.741 1.791 1.716 1.523 1.38 1.241 1.602 1.5 1.378 1.236 1.096 0.947 1.505 1.333 1.161 1.04 0.93 1.269 1.127 1.007 0.908 0.739 1.163 1.258 1.106 0.718 0.548 0.358 1.073
11.0546 1.725 1.775 1.7 1.507 1.365 1.225 1.586 1.485 1.362 1.22 1.08 0.931 1.49 1.317 1.145 1.024 0.914 1.253 1.111 0.991 0.892 0.724 1.147 1.243 1.09 0.702 0.533 0.342 1.057
11.3212 1.709 1.759 1.684 1.491 1.349 1.21 1.57 1.469 1.346 1.204 1.064 0.915 1.474 1.301 1.129 1.009 0.898 1.237 1.095 0.975 0.876 0.708 1.132 1.227 1.074 0.686 0.517 0.326 1.041
11.5943 1.694 1.743 1.668 1.475 1.333 1.194 1.554 1.453 1.33 1.188 1.048 0.899 1.458 1.285 1.113 0.993 0.882 1.221 1.079 0.959 0.86 0.692 1.116 1.211 1.058 0.67 0.501 0.31 1.025
11.874 1.678 1.727 1.652 1.459 1.317 1.178 1.539 1.437 1.314 1.173 1.032 0.884 1.442 1.269 1.098 0.977 0.866 1.206 1.063 0.943 0.844 0.676 1.1 1.195 1.042 0.654 0.485 0.295 1.01
12.1605 1.663 1.712 1.638 1.445 1.302 1.163 1.524 1.422 1.3 1.158 1.018 0.869 1.427 1.255 1.083 0.962 0.852 1.191 1.048 0.929 0.83 0.661 1.085 1.18 1.028 0.64 0.47 0.28 0.995
12.4538 1.649 1.698 1.623 1.43 1.288 1.149 1.51 1.408 1.286 1.144 1.003 0.855 1.413 1.24 1.069 0.948 0.837 1.177 1.034 0.914 0.815 0.647 1.071 1.166 1.013 0.625 0.456 0.266 0.981
12.7542 1.634 1.684 1.609 1.416 1.274 1.134 1.495 1.394 1.271 1.129 0.989 0.84 1.399 1.226 1.054 0.934 0.823 1.162 1.02 0.9 0.801 0.633 1.056 1.152 0.999 0.611 0.442 0.251 0.966
13.0619 1.62 1.669 1.595 1.402 1.259 1.12 1.481 1.379 1.257 1.115 0.974 0.826 1.384 1.212 1.04 0.919 0.809 1.148 1.005 0.886 0.787 0.618 1.042 1.137 0.985 0.597 0.427 0.237 0.952
13.377 1.606 1.655 1.58 1.387 1.245 1.106 1.467 1.365 1.243 1.101 0.96 0.812 1.37 1.197 1.026 0.905 0.794 1.134 0.991 0.871 0.772 0.604 1.028 1.123 0.97 0.582 0.413 0.223 0.938
