web/models/kne.last_good/kappa_0.5_3.0.v2/10/villar_0.0035_0.3277_0.5000.dat
# %ECSV 1.0
# ---
# datatype:
# - {name: time, datatype: float64}
# - {name: swift_uvot_uvw2, datatype: float64}
# - {name: swift_uvot_uvm2, datatype: float64}
# - {name: swift_uvot_uvw1, datatype: float64}
# - {name: swift_uvot_U, datatype: float64}
# - {name: swift_uvot_B, datatype: float64}
# - {name: swift_uvot_V, datatype: float64}
# - {name: swift_uvot_W, datatype: float64}
# - {name: johnson_U, datatype: float64}
# - {name: johnson_B, datatype: float64}
# - {name: johnson_V, datatype: float64}
# - {name: johnson_R, datatype: float64}
# - {name: johnson_I, datatype: float64}
# - {name: sdss_u, datatype: float64}
# - {name: sdss_g, datatype: float64}
# - {name: sdss_r, datatype: float64}
# - {name: sdss_i, datatype: float64}
# - {name: sdss_z, datatype: float64}
# - {name: PS1_g, datatype: float64}
# - {name: PS1_r, datatype: float64}
# - {name: PS1_i, datatype: float64}
# - {name: PS1_z, datatype: float64}
# - {name: PS1_Y, datatype: float64}
# - {name: PS1_w, datatype: float64}
# - {name: ATLAS_c, datatype: float64}
# - {name: ATLAS_o, datatype: float64}
# - {name: ukirt_J, datatype: float64}
# - {name: ukirt_H, datatype: float64}
# - {name: ukirt_K, datatype: float64}
# - {name: Clear, datatype: float64}
# meta: !!omap
# - comment: [kappa = 0.5, type = villar, mass = 0.003465724215782086, velocity = 0.32766666666666666, theta_obs = 0.0, tfloor = 2500.0]
# schema: astropy-2.0
time swift_uvot_uvw2 swift_uvot_uvm2 swift_uvot_uvw1 swift_uvot_U swift_uvot_B swift_uvot_V swift_uvot_W johnson_U johnson_B johnson_V johnson_R johnson_I sdss_u sdss_g sdss_r sdss_i sdss_z PS1_g PS1_r PS1_i PS1_z PS1_Y PS1_w ATLAS_c ATLAS_o ukirt_J ukirt_H ukirt_K Clear
[from data line 70]
0.00805 -15.6 -14.115 -13.783 -13.109 -12.638 -12.166 -13.643 -13.037 -12.634 -12.154 -11.702 -11.191 -13.048 -12.486 -11.899 -11.49 -11.115 -13.129 -12.769 -12.615 -12.828 -13.649 -11.992 -12.259 -11.734 -10.386 -9.809 -9.151 -12.098
0.008294 -15.597 -14.143 -13.817 -13.144 -12.673 -12.202 -13.676 -13.071 -12.669 -12.19 -11.738 -11.228 -13.083 -12.522 -11.936 -11.526 -11.152 -13.14 -12.776 -12.618 -12.823 -13.637 -12.028 -12.294 -11.77 -10.423 -9.846 -9.188 -12.134
0.008545 -15.593 -14.171 -13.85 -13.178 -12.708 -12.238 -13.709 -13.106 -12.705 -12.226 -11.774 -11.264 -13.118 -12.558 -11.972 -11.563 -11.188 -13.152 -12.785 -12.621 -12.819 -13.626 -12.064 -12.33 -11.807 -10.46 -9.883 -9.226 -12.169
0.008803 -15.59 -14.199 -13.883 -13.213 -12.744 -12.273 -13.742 -13.141 -12.74 -12.262 -11.81 -11.301 -13.152 -12.593 -12.008 -11.599 -11.225 -13.164 -12.793 -12.625 -12.816 -13.615 -12.1 -12.366 -11.843 -10.497 -9.92 -9.263 -12.205
0.009069 -15.588 -14.226 -13.916 -13.248 -12.779 -12.309 -13.775 -13.176 -12.775 -12.298 -11.847 -11.337 -13.187 -12.628 -12.044 -11.635 -11.262 -13.177 -12.803 -12.629 -12.813 -13.604 -12.136 -12.401 -11.879 -10.534 -9.957 -9.3 -12.241
0.009344 -15.585 -14.254 -13.949 -13.282 -12.814 -12.345 -13.808 -13.21 -12.81 -12.333 -11.883 -11.374 -13.222 -12.664 -12.08 -11.671 -11.298 -13.191 -12.813 -12.634 -12.81 -13.593 -12.172 -12.437 -11.915 -10.571 -9.994 -9.338 -12.276
0.009626 -15.584 -14.283 -13.982 -13.316 -12.849 -12.38 -13.84 -13.244 -12.845 -12.369 -11.919 -11.41 -13.256 -12.699 -12.115 -11.708 -11.335 -13.204 -12.823 -12.64 -12.808 -13.582 -12.207 -12.472 -11.951 -10.608 -10.032 -9.375 -12.312
0.009917 -15.582 -14.311 -14.014 -13.35 -12.884 -12.416 -13.873 -13.279 -12.88 -12.404 -11.955 -11.446 -13.29 -12.734 -12.151 -11.744 -11.371 -13.219 -12.834 -12.646 -12.806 -13.572 -12.243 -12.508 -11.987 -10.645 -10.069 -9.412 -12.347
0.010217 -15.581 -14.339 -14.047 -13.385 -12.919 -12.451 -13.905 -13.313 -12.915 -12.44 -11.991 -11.483 -13.325 -12.769 -12.187 -11.78 -11.407 -13.234 -12.846 -12.652 -12.805 -13.562 -12.278 -12.543 -12.023 -10.681 -10.106 -9.449 -12.383
0.010526 -15.58 -14.367 -14.079 -13.419 -12.954 -12.487 -13.937 -13.347 -12.95 -12.475 -12.026 -11.519 -13.359 -12.804 -12.223 -11.816 -11.444 -13.249 -12.858 -12.659 -12.805 -13.552 -12.314 -12.578 -12.058 -10.718 -10.143 -9.487 -12.418
0.010845 -15.58 -14.395 -14.111 -13.452 -12.988 -12.522 -13.969 -13.381 -12.985 -12.511 -12.062 -11.555 -13.393 -12.839 -12.258 -11.852 -11.48 -13.266 -12.871 -12.667 -12.804 -13.543 -12.349 -12.614 -12.094 -10.755 -10.179 -9.524 -12.453
0.011173 -15.58 -14.423 -14.143 -13.486 -13.023 -12.558 -14.001 -13.415 -13.019 -12.546 -12.098 -11.591 -13.427 -12.874 -12.294 -11.888 -11.516 -13.282 -12.884 -12.676 -12.805 -13.533 -12.385 -12.649 -12.13 -10.792 -10.216 -9.561 -12.488
0.011511 -15.58 -14.451 -14.175 -13.52 -13.057 -12.593 -14.033 -13.449 -13.054 -12.581 -12.134 -11.628 -13.461 -12.909 -12.329 -11.924 -11.552 -13.299 -12.898 -12.685 -12.805 -13.524 -12.42 -12.684 -12.166 -10.828 -10.253 -9.598 -12.523
0.011859 -15.581 -14.479 -14.207 -13.554 -13.092 -12.628 -14.064 -13.483 -13.088 -12.616 -12.169 -11.664 -13.494 -12.943 -12.365 -11.96 -11.589 -13.317 -12.913 -12.694 -12.807 -13.516 -12.455 -12.719 -12.201 -10.865 -10.29 -9.635 -12.558
0.012217 -15.582 -14.507 -14.238 -13.587 -13.126 -12.663 -14.095 -13.516 -13.123 -12.651 -12.205 -11.7 -13.528 -12.978 -12.4 -11.996 -11.625 -13.335 -12.928 -12.704 -12.809 -13.507 -12.49 -12.754 -12.237 -10.901 -10.327 -9.672 -12.593
0.012587 -15.583 -14.535 -14.269 -13.62 -13.161 -12.698 -14.126 -13.55 -13.157 -12.686 -12.24 -11.736 -13.561 -13.012 -12.436 -12.031 -11.661 -13.353 -12.943 -12.715 -12.811 -13.499 -12.525 -12.788 -12.272 -10.938 -10.364 -9.709 -12.628
0.012968 -15.585 -14.563 -14.3 -13.654 -13.195 -12.733 -14.157 -13.583 -13.191 -12.721 -12.276 -11.772 -13.595 -13.047 -12.471 -12.067 -11.697 -13.372 -12.959 -12.726 -12.814 -13.491 -12.56 -12.823 -12.308 -10.975 -10.401 -9.746 -12.663
0.01336 -15.587 -14.59 -14.331 -13.687 -13.229 -12.768 -14.188 -13.616 -13.225 -12.756 -12.311 -11.807 -13.628 -13.081 -12.506 -12.103 -11.733 -13.391 -12.976 -12.738 -12.818 -13.484 -12.595 -12.858 -12.343 -11.011 -10.437 -9.783 -12.698
0.013764 -15.59 -14.618 -14.362 -13.72 -13.263 -12.802 -14.218 -13.65 -13.259 -12.791 -12.346 -11.843 -13.661 -13.115 -12.541 -12.138 -11.769 -13.411 -12.993 -12.751 -12.822 -13.476 -12.63 -12.892 -12.378 -11.047 -10.474 -9.82 -12.732
0.01418 -15.592 -14.645 -14.393 -13.752 -13.297 -12.837 -14.249 -13.683 -13.293 -12.825 -12.382 -11.879 -13.694 -13.149 -12.576 -12.174 -11.804 -13.431 -13.011 -12.764 -12.827 -13.469 -12.665 -12.927 -12.413 -11.084 -10.511 -9.857 -12.767
0.014609 -15.595 -14.673 -14.423 -13.785 -13.33 -12.872 -14.279 -13.715 -13.326 -12.86 -12.417 -11.915 -13.727 -13.183 -12.611 -12.209 -11.84 -13.452 -13.029 -12.777 -12.832 -13.463 -12.7 -12.961 -12.449 -11.12 -10.547 -9.894 -12.801
0.015051 -15.599 -14.7 -14.453 -13.818 -13.364 -12.906 -14.309 -13.748 -13.36 -12.895 -12.452 -11.95 -13.759 -13.217 -12.646 -12.244 -11.876 -13.472 -13.047 -12.791 -12.838 -13.457 -12.734 -12.995 -12.484 -11.156 -10.584 -9.931 -12.835
0.015506 -15.603 -14.727 -14.483 -13.85 -13.397 -12.94 -14.338 -13.781 -13.394 -12.929 -12.487 -11.986 -13.792 -13.251 -12.681 -12.28 -11.912 -13.494 -13.066 -12.806 -12.844 -13.451 -12.769 -13.029 -12.518 -11.193 -10.621 -9.968 -12.87
0.015975 -15.607 -14.754 -14.513 -13.882 -13.431 -12.975 -14.368 -13.813 -13.427 -12.963 -12.522 -12.021 -13.824 -13.285 -12.715 -12.315 -11.947 -13.515 -13.086 -12.821 -12.851 -13.446 -12.803 -13.063 -12.553 -11.229 -10.657 -10.005 -12.904
0.016458 -15.611 -14.781 -14.542 -13.914 -13.464 -13.009 -14.397 -13.845 -13.46 -12.997 -12.557 -12.057 -13.857 -13.318 -12.75 -12.35 -11.983 -13.537 -13.105 -12.837 -12.858 -13.441 -12.837 -13.097 -12.588 -11.265 -10.694 -10.041 -12.938
0.016956 -15.615 -14.807 -14.571 -13.946 -13.497 -13.043 -14.426 -13.877 -13.493 -13.031 -12.591 -12.092 -13.889 -13.352 -12.784 -12.385 -12.018 -13.559 -13.126 -12.853 -12.867 -13.436 -12.871 -13.131 -12.623 -11.301 -10.73 -10.078 -12.972
0.017469 -15.62 -14.834 -14.6 -13.978 -13.53 -13.077 -14.455 -13.909 -13.526 -13.065 -12.626 -12.128 -13.921 -13.385 -12.819 -12.42 -12.054 -13.582 -13.146 -12.87 -12.875 -13.432 -12.906 -13.165 -12.657 -11.337 -10.767 -10.115 -13.006
0.017997 -15.625 -14.86 -14.629 -14.009 -13.563 -13.111 -14.483 -13.941 -13.559 -13.099 -12.661 -12.163 -13.952 -13.418 -12.853 -12.455 -12.089 -13.605 -13.167 -12.887 -12.884 -13.428 -12.94 -13.199 -12.692 -11.373 -10.803 -10.151 -13.039
0.018541 -15.631 -14.886 -14.657 -14.041 -13.596 -13.144 -14.511 -13.973 -13.592 -13.133 -12.695 -12.198 -13.984 -13.451 -12.887 -12.49 -12.124 -13.628 -13.189 -12.905 -12.894 -13.425 -12.973 -13.232 -12.726 -11.409 -10.839 -10.188 -13.073
0.019102 -15.636 -14.912 -14.686 -14.072 -13.628 -13.178 -14.539 -14.004 -13.624 -13.167 -12.729 -12.233 -14.015 -13.484 -12.921 -12.525 -12.159 -13.651 -13.211 -12.923 -12.905 -13.422 -13.007 -13.265 -12.761 -11.445 -10.875 -10.225 -13.106
0.01968 -15.642 -14.937 -14.714 -14.103 -13.661 -13.212 -14.567 -14.035 -13.657 -13.2 -12.764 -12.268 -14.047 -13.517 -12.955 -12.559 -12.195 -13.675 -13.233 -12.942 -12.916 -13.419 -13.041 -13.299 -12.795 -11.481 -10.912 -10.261 -13.14
0.020275 -15.648 -14.963 -14.741 -14.134 -13.693 -13.245 -14.594 -14.066 -13.689 -13.234 -12.798 -12.303 -14.078 -13.549 -12.989 -12.594 -12.23 -13.699 -13.255 -12.961 -12.927 -13.417 -13.074 -13.332 -12.829 -11.517 -10.948 -10.298 -13.173
0.020888 -15.654 -14.988 -14.769 -14.164 -13.725 -13.278 -14.621 -14.097 -13.721 -13.267 -12.832 -12.338 -14.109 -13.582 -13.023 -12.628 -12.265 -13.722 -13.278 -12.98 -12.939 -13.416 -13.108 -13.365 -12.863 -11.552 -10.984 -10.334 -13.206
0.02152 -15.66 -15.013 -14.796 -14.195 -13.757 -13.311 -14.648 -14.128 -13.753 -13.3 -12.866 -12.373 -14.139 -13.614 -13.057 -12.663 -12.299 -13.747 -13.301 -13.0 -12.952 -13.414 -13.141 -13.398 -12.897 -11.588 -11.02 -10.371 -13.239
0.022171 -15.666 -15.037 -14.822 -14.225 -13.789 -13.344 -14.674 -14.158 -13.785 -13.333 -12.9 -12.407 -14.17 -13.646 -13.09 -12.697 -12.334 -13.771 -13.324 -13.021 -12.965 -13.414 -13.174 -13.43 -12.931 -11.624 -11.056 -10.407 -13.272
0.022841 -15.673 -15.061 -14.849 -14.255 -13.82 -13.377 -14.701 -14.189 -13.817 -13.366 -12.934 -12.442 -14.2 -13.678 -13.124 -12.731 -12.369 -13.796 -13.348 -13.041 -12.978 -13.414 -13.207 -13.463 -12.965 -11.659 -11.092 -10.444 -13.304
0.023532 -15.679 -15.085 -14.875 -14.285 -13.852 -13.41 -14.726 -14.219 -13.848 -13.399 -12.967 -12.476 -14.23 -13.71 -13.157 -12.765 -12.404 -13.82 -13.372 -13.062 -12.993 -13.414 -13.24 -13.495 -12.998 -11.695 -11.128 -10.48 -13.337
0.024244 -15.686 -15.109 -14.901 -14.314 -13.883 -13.443 -14.752 -14.249 -13.879 -13.431 -13.001 -12.511 -14.26 -13.742 -13.19 -12.799 -12.438 -13.845 -13.396 -13.084 -13.007 -13.415 -13.273 -13.527 -13.032 -11.73 -11.164 -10.516 -13.369
0.024977 -15.693 -15.132 -14.926 -14.344 -13.914 -13.475 -14.777 -14.278 -13.91 -13.464 -13.034 -12.545 -14.289 -13.773 -13.223 -12.833 -12.473 -13.87 -13.42 -13.106 -13.022 -13.416 -13.305 -13.559 -13.065 -11.765 -11.2 -10.553 -13.401
0.025733 -15.699 -15.155 -14.951 -14.373 -13.945 -13.507 -14.801 -14.308 -13.941 -13.496 -13.067 -12.579 -14.319 -13.805 -13.256 -12.867 -12.507 -13.895 -13.445 -13.128 -13.038 -13.418 -13.338 -13.591 -13.098 -11.801 -11.236 -10.589 -13.433
0.026511 -15.706 -15.177 -14.976 -14.401 -13.976 -13.539 -14.826 -14.337 -13.972 -13.528 -13.101 -12.613 -14.348 -13.836 -13.289 -12.9 -12.541 -13.92 -13.469 -13.15 -13.054 -13.42 -13.37 -13.623 -13.131 -11.836 -11.271 -10.625 -13.465
0.027313 -15.712 -15.199 -15.0 -14.43 -14.006 -13.571 -14.85 -14.365 -14.002 -13.56 -13.134 -12.647 -14.376 -13.867 -13.322 -12.934 -12.575 -13.945 -13.494 -13.173 -13.071 -13.423 -13.402 -13.655 -13.164 -11.871 -11.307 -10.661 -13.497
0.028139 -15.719 -15.221 -15.024 -14.458 -14.036 -13.603 -14.873 -14.394 -14.032 -13.592 -13.166 -12.681 -14.405 -13.898 -13.354 -12.967 -12.609 -13.97 -13.519 -13.196 -13.088 -13.427 -13.434 -13.686 -13.197 -11.906 -11.342 -10.697 -13.529
0.02899 -15.725 -15.242 -15.047 -14.486 -14.066 -13.635 -14.896 -14.422 -14.063 -13.624 -13.199 -12.715 -14.433 -13.928 -13.386 -13.0 -12.643 -13.996 -13.544 -13.219 -13.105 -13.431 -13.466 -13.717 -13.23 -11.941 -11.378 -10.733 -13.56
0.029867 -15.732 -15.263 -15.07 -14.514 -14.096 -13.666 -14.919 -14.45 -14.092 -13.655 -13.232 -12.749 -14.461 -13.959 -13.418 -13.033 -12.677 -14.021 -13.57 -13.243 -13.123 -13.435 -13.498 -13.748 -13.262 -11.976 -11.413 -10.769 -13.591
0.03077 -15.738 -15.283 -15.093 -14.541 -14.126 -13.697 -14.941 -14.478 -14.122 -13.686 -13.264 -12.782 -14.489 -13.989 -13.45 -13.066 -12.711 -14.046 -13.595 -13.266 -13.141 -13.44 -13.529 -13.779 -13.295 -12.01 -11.449 -10.805 -13.622
0.031701 -15.744 -15.303 -15.115 -14.568 -14.155 -13.728 -14.963 -14.506 -14.151 -13.717 -13.296 -12.816 -14.517 -14.019 -13.482 -13.099 -12.744 -14.072 -13.621 -13.29 -13.16 -13.446 -13.56 -13.81 -13.327 -12.045 -11.484 -10.841 -13.653
0.032659 -15.75 -15.323 -15.137 -14.595 -14.184 -13.759 -14.985 -14.533 -14.18 -13.748 -13.329 -12.849 -14.544 -14.048 -13.514 -13.132 -12.778 -14.097 -13.646 -13.315 -13.179 -13.452 -13.592 -13.84 -13.359 -12.08 -11.519 -10.876 -13.684
0.033647 -15.755 -15.342 -15.158 -14.622 -14.213 -13.79 -15.006 -14.56 -14.209 -13.779 -13.361 -12.882 -14.571 -14.078 -13.545 -13.164 -12.811 -14.122 -13.672 -13.339 -13.199 -13.458 -13.622 -13.87 -13.391 -12.114 -11.554 -10.912 -13.714
0.034665 -15.761 -15.36 -15.179 -14.648 -14.242 -13.82 -15.026 -14.586 -14.238 -13.809 -13.392 -12.915 -14.597 -14.107 -13.577 -13.197 -12.844 -14.147 -13.698 -13.364 -13.218 -13.465 -13.653 -13.9 -13.422 -12.149 -11.59 -10.948 -13.744
0.035713 -15.766 -15.378 -15.199 -14.674 -14.27 -13.851 -15.046 -14.612 -14.266 -13.84 -13.424 -12.948 -14.623 -14.136 -13.608 -13.229 -12.877 -14.172 -13.724 -13.388 -13.239 -13.473 -13.684 -13.93 -13.454 -12.183 -11.625 -10.983 -13.774
0.036793 -15.77 -15.395 -15.219 -14.699 -14.298 -13.881 -15.065 -14.638 -14.294 -13.87 -13.455 -12.981 -14.649 -14.164 -13.639 -13.261 -12.91 -14.197 -13.749 -13.413 -13.259 -13.481 -13.714 -13.96 -13.485 -12.217 -11.659 -11.019 -13.804
0.037906 -15.775 -15.412 -15.238 -14.724 -14.326 -13.911 -15.084 -14.664 -14.322 -13.899 -13.487 -13.013 -14.674 -14.193 -13.669 -13.293 -12.943 -14.222 -13.775 -13.438 -13.28 -13.489 -13.744 -13.989 -13.516 -12.251 -11.694 -11.054 -13.833
0.039052 -15.779 -15.428 -15.256 -14.749 -14.353 -13.94 -15.102 -14.689 -14.349 -13.929 -13.518 -13.046 -14.7 -14.221 -13.7 -13.325 -12.976 -14.247 -13.801 -13.463 -13.301 -13.498 -13.774 -14.018 -13.547 -12.285 -11.729 -11.09 -13.863
0.040234 -15.782 -15.443 -15.274 -14.773 -14.38 -13.969 -15.12 -14.714 -14.376 -13.958 -13.549 -13.078 -14.724 -14.249 -13.73 -13.356 -13.008 -14.272 -13.827 -13.489 -13.322 -13.508 -13.803 -14.047 -13.578 -12.319 -11.764 -11.125 -13.892
0.04145 -15.785 -15.458 -15.292 -14.797 -14.407 -13.999 -15.137 -14.738 -14.403 -13.988 -13.579 -13.11 -14.749 -14.276 -13.76 -13.388 -13.041 -14.297 -13.853 -13.514 -13.344 -13.518 -13.833 -14.075 -13.609 -12.353 -11.798 -11.16 -13.92
0.042704 -15.788 -15.472 -15.308 -14.82 -14.433 -14.027 -15.154 -14.762 -14.43 -14.016 -13.61 -13.142 -14.773 -14.304 -13.79 -13.419 -13.073 -14.321 -13.879 -13.539 -13.366 -13.529 -13.862 -14.104 -13.639 -12.386 -11.833 -11.195 -13.949
0.043996 -15.79 -15.486 -15.324 -14.843 -14.46 -14.056 -15.17 -14.786 -14.456 -14.045 -13.64 -13.174 -14.796 -14.331 -13.82 -13.45 -13.105 -14.345 -13.904 -13.565 -13.388 -13.539 -13.891 -14.132 -13.669 -12.42 -11.867 -11.23 -13.977
0.045326 -15.792 -15.498 -15.34 -14.866 -14.485 -14.084 -15.185 -14.809 -14.482 -14.073 -13.67 -13.205 -14.819 -14.357 -13.849 -13.481 -13.137 -14.369 -13.93 -13.59 -13.41 -13.551 -13.919 -14.159 -13.699 -12.453 -11.901 -11.265 -14.005
0.046697 -15.793 -15.51 -15.355 -14.888 -14.511 -14.112 -15.199 -14.831 -14.507 -14.101 -13.7 -13.237 -14.842 -14.384 -13.878 -13.511 -13.168 -14.393 -13.955 -13.616 -13.432 -13.563 -13.948 -14.187 -13.729 -12.487 -11.935 -11.3 -14.033
0.048109 -15.793 -15.521 -15.369 -14.91 -14.536 -14.14 -15.213 -14.854 -14.532 -14.129 -13.729 -13.268 -14.864 -14.409 -13.907 -13.542 -13.2 -14.417 -13.981 -13.641 -13.455 -13.575 -13.976 -14.214 -13.758 -12.52 -11.97 -11.335 -14.06
0.049564 -15.793 -15.532 -15.382 -14.931 -14.561 -14.167 -15.226 -14.875 -14.557 -14.156 -13.759 -13.299 -14.886 -14.435 -13.936 -13.572 -13.231 -14.44 -14.006 -13.667 -13.478 -13.588 -14.004 -14.241 -13.787 -12.553 -12.003 -11.37 -14.087
0.051063 -15.791 -15.541 -15.395 -14.951 -14.585 -14.194 -15.239 -14.897 -14.581 -14.184 -13.788 -13.33 -14.907 -14.46 -13.964 -13.602 -13.262 -14.464 -14.031 -13.692 -13.501 -13.601 -14.031 -14.267 -13.816 -12.586 -12.037 -11.405 -14.114
0.052608 -15.79 -15.55 -15.406 -14.972 -14.609 -14.221 -15.251 -14.917 -14.605 -14.21 -13.817 -13.361 -14.927 -14.485 -13.992 -13.632 -13.293 -14.486 -14.056 -13.717 -13.524 -13.614 -14.058 -14.293 -13.845 -12.618 -12.071 -11.439 -14.14
0.054199 -15.787 -15.558 -15.417 -14.991 -14.632 -14.248 -15.262 -14.938 -14.628 -14.237 -13.845 -13.391 -14.948 -14.51 -14.02 -13.661 -13.324 -14.509 -14.081 -13.743 -13.547 -13.628 -14.085 -14.319 -13.873 -12.651 -12.105 -11.474 -14.167
0.055838 -15.783 -15.564 -15.428 -15.01 -14.655 -14.274 -15.272 -14.957 -14.652 -14.263 -13.873 -13.421 -14.967 -14.534 -14.048 -13.69 -13.355 -14.532 -14.106 -13.768 -13.57 -13.643 -14.112 -14.344 -13.902 -12.683 -12.138 -11.508 -14.192
