web/models/kne.last_good/kappa_0.5_3.0.v2/10/villar_0.0416_0.2963_0.5000.dat
# %ECSV 1.0
# ---
# datatype:
# - {name: time, datatype: float64}
# - {name: swift_uvot_uvw2, datatype: float64}
# - {name: swift_uvot_uvm2, datatype: float64}
# - {name: swift_uvot_uvw1, datatype: float64}
# - {name: swift_uvot_U, datatype: float64}
# - {name: swift_uvot_B, datatype: float64}
# - {name: swift_uvot_V, datatype: float64}
# - {name: swift_uvot_W, datatype: float64}
# - {name: johnson_U, datatype: float64}
# - {name: johnson_B, datatype: float64}
# - {name: johnson_V, datatype: float64}
# - {name: johnson_R, datatype: float64}
# - {name: johnson_I, datatype: float64}
# - {name: sdss_u, datatype: float64}
# - {name: sdss_g, datatype: float64}
# - {name: sdss_r, datatype: float64}
# - {name: sdss_i, datatype: float64}
# - {name: sdss_z, datatype: float64}
# - {name: PS1_g, datatype: float64}
# - {name: PS1_r, datatype: float64}
# - {name: PS1_i, datatype: float64}
# - {name: PS1_z, datatype: float64}
# - {name: PS1_Y, datatype: float64}
# - {name: PS1_w, datatype: float64}
# - {name: ATLAS_c, datatype: float64}
# - {name: ATLAS_o, datatype: float64}
# - {name: ukirt_J, datatype: float64}
# - {name: ukirt_H, datatype: float64}
# - {name: ukirt_K, datatype: float64}
# - {name: Clear, datatype: float64}
# meta: !!omap
# - comment: [kappa = 0.5, type = villar, mass = 0.04162766037032262, velocity = 0.29633333333333334, theta_obs = 0.0, tfloor = 2500.0]
# schema: astropy-2.0
time swift_uvot_uvw2 swift_uvot_uvm2 swift_uvot_uvw1 swift_uvot_U swift_uvot_B swift_uvot_V swift_uvot_W johnson_U johnson_B johnson_V johnson_R johnson_I sdss_u sdss_g sdss_r sdss_i sdss_z PS1_g PS1_r PS1_i PS1_z PS1_Y PS1_w ATLAS_c ATLAS_o ukirt_J ukirt_H ukirt_K Clear
[from data line 136]
0.057527 -17.271 -16.714 -16.509 -15.928 -15.499 -15.06 -16.36 -15.862 -15.495 -15.049 -14.619 -14.13 -15.873 -15.358 -14.808 -14.418 -14.058 -15.453 -15.003 -14.688 -14.603 -14.993 -14.89 -15.144 -14.65 -13.351 -12.786 -12.138 -14.986
0.059267 -17.278 -16.737 -16.534 -15.957 -15.53 -15.093 -16.385 -15.892 -15.526 -15.081 -14.653 -14.165 -15.903 -15.39 -14.842 -14.452 -14.093 -15.478 -15.028 -14.71 -14.619 -14.996 -14.923 -15.177 -14.684 -13.387 -12.822 -12.175 -15.019
0.061059 -17.285 -16.76 -16.559 -15.986 -15.561 -15.125 -16.41 -15.921 -15.557 -15.114 -14.686 -14.199 -15.932 -15.421 -14.875 -14.486 -14.127 -15.504 -15.053 -14.733 -14.636 -14.999 -14.956 -15.209 -14.717 -13.422 -12.858 -12.211 -15.051
0.062906 -17.293 -16.783 -16.584 -16.015 -15.592 -15.157 -16.434 -15.951 -15.588 -15.146 -14.72 -14.234 -15.962 -15.453 -14.908 -14.52 -14.162 -15.53 -15.079 -14.757 -14.653 -15.003 -14.988 -15.241 -14.75 -13.457 -12.894 -12.248 -15.083
0.064808 -17.3 -16.805 -16.608 -16.044 -15.622 -15.189 -16.458 -15.98 -15.618 -15.178 -14.753 -14.268 -15.991 -15.484 -14.94 -14.554 -14.196 -15.555 -15.104 -14.78 -14.671 -15.007 -15.021 -15.272 -14.784 -13.493 -12.93 -12.284 -15.115
0.066769 -17.307 -16.827 -16.632 -16.072 -15.653 -15.221 -16.481 -16.008 -15.649 -15.21 -14.786 -14.302 -16.019 -15.515 -14.973 -14.587 -14.23 -15.581 -15.13 -14.804 -14.689 -15.012 -15.053 -15.304 -14.817 -13.528 -12.965 -12.321 -15.147
0.068788 -17.314 -16.848 -16.656 -16.1 -15.683 -15.253 -16.505 -16.037 -15.679 -15.242 -14.819 -14.336 -16.048 -15.545 -15.006 -14.621 -14.265 -15.607 -15.156 -14.828 -14.708 -15.017 -15.085 -15.335 -14.85 -13.563 -13.001 -12.357 -15.178
0.070868 -17.321 -16.869 -16.679 -16.128 -15.713 -15.285 -16.527 -16.065 -15.709 -15.274 -14.852 -14.37 -16.076 -15.576 -15.038 -14.654 -14.299 -15.633 -15.182 -14.853 -14.727 -15.023 -15.117 -15.367 -14.882 -13.599 -13.037 -12.393 -15.21
0.073012 -17.328 -16.889 -16.702 -16.156 -15.743 -15.316 -16.55 -16.093 -15.739 -15.305 -14.885 -14.404 -16.104 -15.606 -15.07 -14.687 -14.333 -15.659 -15.208 -14.877 -14.746 -15.03 -15.148 -15.398 -14.915 -13.634 -13.073 -12.429 -15.241
0.07522 -17.335 -16.909 -16.724 -16.183 -15.772 -15.348 -16.572 -16.121 -15.768 -15.337 -14.917 -14.438 -16.132 -15.636 -15.103 -14.721 -14.367 -15.684 -15.234 -14.902 -14.766 -15.037 -15.18 -15.429 -14.947 -13.669 -13.108 -12.466 -15.272
0.077495 -17.341 -16.929 -16.746 -16.21 -15.802 -15.379 -16.593 -16.148 -15.798 -15.368 -14.95 -14.471 -16.159 -15.666 -15.134 -14.754 -14.4 -15.71 -15.26 -14.927 -14.786 -15.044 -15.211 -15.459 -14.98 -13.704 -13.144 -12.502 -15.303
0.079839 -17.347 -16.948 -16.767 -16.237 -15.831 -15.41 -16.614 -16.175 -15.827 -15.399 -14.982 -14.505 -16.186 -15.696 -15.166 -14.786 -14.434 -15.736 -15.287 -14.952 -14.807 -15.052 -15.243 -15.49 -15.012 -13.738 -13.179 -12.538 -15.334
0.082253 -17.353 -16.966 -16.788 -16.263 -15.86 -15.441 -16.635 -16.202 -15.856 -15.43 -15.014 -14.538 -16.213 -15.726 -15.198 -14.819 -14.468 -15.762 -15.313 -14.978 -14.828 -15.06 -15.274 -15.52 -15.044 -13.773 -13.215 -12.574 -15.364
0.084741 -17.359 -16.984 -16.808 -16.289 -15.888 -15.471 -16.655 -16.228 -15.884 -15.46 -15.046 -14.571 -16.239 -15.755 -15.229 -14.852 -14.501 -15.787 -15.34 -15.003 -14.849 -15.069 -15.304 -15.55 -15.076 -13.808 -13.25 -12.61 -15.394
0.087304 -17.364 -17.002 -16.828 -16.315 -15.916 -15.502 -16.674 -16.255 -15.913 -15.49 -15.078 -14.604 -16.265 -15.784 -15.261 -14.884 -14.534 -15.813 -15.366 -15.029 -14.87 -15.079 -15.335 -15.58 -15.107 -13.842 -13.286 -12.646 -15.424
0.089944 -17.369 -17.019 -16.847 -16.34 -15.944 -15.532 -16.693 -16.28 -15.941 -15.521 -15.109 -14.637 -16.291 -15.812 -15.292 -14.916 -14.568 -15.839 -15.393 -15.055 -14.892 -15.089 -15.365 -15.61 -15.139 -13.877 -13.321 -12.682 -15.454
0.092665 -17.374 -17.035 -16.866 -16.365 -15.972 -15.562 -16.712 -16.306 -15.968 -15.551 -15.141 -14.67 -16.316 -15.841 -15.322 -14.949 -14.601 -15.864 -15.419 -15.081 -14.914 -15.099 -15.396 -15.639 -15.17 -13.911 -13.356 -12.717 -15.484
0.095467 -17.378 -17.051 -16.884 -16.39 -16.0 -15.591 -16.73 -16.331 -15.996 -15.58 -15.172 -14.703 -16.341 -15.869 -15.353 -14.981 -14.633 -15.889 -15.445 -15.107 -14.936 -15.11 -15.426 -15.668 -15.201 -13.946 -13.391 -12.753 -15.513
0.098355 -17.381 -17.066 -16.902 -16.414 -16.027 -15.621 -16.747 -16.355 -16.023 -15.61 -15.203 -14.735 -16.366 -15.897 -15.384 -15.012 -14.666 -15.914 -15.472 -15.133 -14.959 -15.122 -15.455 -15.697 -15.232 -13.98 -13.426 -12.789 -15.542
0.101329 -17.385 -17.08 -16.919 -16.437 -16.054 -15.65 -16.764 -16.38 -16.05 -15.639 -15.234 -14.768 -16.39 -15.925 -15.414 -15.044 -14.699 -15.939 -15.498 -15.159 -14.982 -15.134 -15.485 -15.726 -15.263 -14.014 -13.461 -12.824 -15.571
0.104394 -17.387 -17.094 -16.935 -16.461 -16.08 -15.679 -16.78 -16.404 -16.076 -15.668 -15.265 -14.8 -16.414 -15.952 -15.444 -15.075 -14.731 -15.964 -15.525 -15.185 -15.005 -15.146 -15.514 -15.754 -15.294 -14.048 -13.496 -12.86 -15.6
0.107551 -17.39 -17.107 -16.951 -16.484 -16.106 -15.708 -16.796 -16.427 -16.103 -15.697 -15.295 -14.832 -16.437 -15.979 -15.474 -15.107 -14.764 -15.989 -15.551 -15.211 -15.028 -15.159 -15.543 -15.782 -15.324 -14.082 -13.531 -12.895 -15.628
0.110804 -17.391 -17.119 -16.966 -16.506 -16.132 -15.736 -16.81 -16.45 -16.128 -15.725 -15.325 -14.864 -16.46 -16.006 -15.503 -15.138 -14.796 -16.013 -15.577 -15.237 -15.051 -15.172 -15.572 -15.81 -15.354 -14.115 -13.565 -12.931 -15.656
0.114155 -17.392 -17.13 -16.98 -16.528 -16.158 -15.764 -16.825 -16.473 -16.154 -15.753 -15.355 -14.896 -16.483 -16.032 -15.533 -15.169 -14.828 -16.038 -15.603 -15.264 -15.075 -15.186 -15.601 -15.838 -15.384 -14.149 -13.6 -12.966 -15.684
0.117608 -17.392 -17.141 -16.994 -16.55 -16.183 -15.792 -16.838 -16.495 -16.179 -15.781 -15.385 -14.927 -16.505 -16.058 -15.562 -15.199 -14.86 -16.062 -15.629 -15.29 -15.099 -15.2 -15.629 -15.865 -15.414 -14.183 -13.634 -13.001 -15.712
0.121165 -17.392 -17.151 -17.007 -16.571 -16.208 -15.82 -16.851 -16.517 -16.204 -15.809 -15.415 -14.959 -16.527 -16.084 -15.591 -15.23 -14.891 -16.086 -15.655 -15.316 -15.123 -15.215 -15.657 -15.892 -15.443 -14.216 -13.669 -13.037 -15.739
0.124829 -17.391 -17.16 -17.019 -16.592 -16.232 -15.847 -16.863 -16.538 -16.228 -15.836 -15.444 -14.99 -16.548 -16.109 -15.619 -15.26 -14.923 -16.109 -15.681 -15.342 -15.147 -15.23 -15.685 -15.918 -15.473 -14.249 -13.703 -13.072 -15.766
0.128605 -17.389 -17.168 -17.031 -16.612 -16.256 -15.874 -16.875 -16.559 -16.252 -15.863 -15.473 -15.021 -16.569 -16.134 -15.648 -15.29 -14.954 -16.132 -15.707 -15.368 -15.171 -15.245 -15.712 -15.945 -15.502 -14.282 -13.737 -13.107 -15.793
0.132494 -17.386 -17.175 -17.041 -16.631 -16.28 -15.901 -16.886 -16.579 -16.276 -15.89 -15.502 -15.052 -16.589 -16.159 -15.676 -15.32 -14.985 -16.155 -15.732 -15.395 -15.195 -15.26 -15.739 -15.97 -15.53 -14.315 -13.771 -13.142 -15.819
0.136502 -17.383 -17.182 -17.051 -16.65 -16.303 -15.927 -16.896 -16.599 -16.299 -15.916 -15.531 -15.082 -16.608 -16.183 -15.703 -15.349 -15.016 -16.178 -15.757 -15.421 -15.219 -15.276 -15.766 -15.996 -15.559 -14.348 -13.805 -13.177 -15.845
0.14063 -17.378 -17.187 -17.06 -16.668 -16.326 -15.953 -16.905 -16.618 -16.322 -15.943 -15.559 -15.113 -16.627 -16.207 -15.731 -15.379 -15.047 -16.201 -15.782 -15.447 -15.244 -15.293 -15.792 -16.021 -15.587 -14.381 -13.839 -13.211 -15.871
0.144883 -17.373 -17.191 -17.068 -16.686 -16.348 -15.979 -16.913 -16.636 -16.344 -15.968 -15.587 -15.143 -16.646 -16.23 -15.758 -15.408 -15.077 -16.223 -15.807 -15.472 -15.268 -15.309 -15.819 -16.046 -15.615 -14.414 -13.873 -13.246 -15.896
0.149265 -17.366 -17.195 -17.076 -16.704 -16.37 -16.004 -16.92 -16.654 -16.366 -15.994 -15.615 -15.173 -16.664 -16.253 -15.785 -15.437 -15.108 -16.245 -15.832 -15.498 -15.292 -15.326 -15.844 -16.071 -15.642 -14.446 -13.906 -13.281 -15.921
0.15378 -17.359 -17.197 -17.082 -16.72 -16.391 -16.029 -16.927 -16.672 -16.387 -16.019 -15.642 -15.203 -16.681 -16.276 -15.811 -15.465 -15.138 -16.266 -15.856 -15.524 -15.317 -15.343 -15.87 -16.095 -15.67 -14.478 -13.94 -13.315 -15.945
0.15843 -17.35 -17.198 -17.087 -16.736 -16.412 -16.054 -16.933 -16.688 -16.408 -16.043 -15.669 -15.232 -16.698 -16.298 -15.838 -15.494 -15.168 -16.287 -15.881 -15.549 -15.341 -15.361 -15.895 -16.118 -15.697 -14.511 -13.973 -13.35 -15.969
0.163222 -17.34 -17.198 -17.091 -16.751 -16.432 -16.078 -16.938 -16.705 -16.428 -16.067 -15.696 -15.261 -16.714 -16.319 -15.863 -15.522 -15.197 -16.308 -15.905 -15.575 -15.366 -15.379 -15.92 -16.142 -15.723 -14.542 -14.006 -13.384 -15.993
0.168159 -17.329 -17.197 -17.095 -16.766 -16.452 -16.101 -16.941 -16.72 -16.448 -16.091 -15.723 -15.29 -16.729 -16.341 -15.889 -15.549 -15.227 -16.328 -15.928 -15.6 -15.39 -15.396 -15.944 -16.165 -15.75 -14.574 -14.039 -13.418 -16.017
0.173245 -17.317 -17.195 -17.097 -16.78 -16.471 -16.125 -16.944 -16.735 -16.467 -16.115 -15.749 -15.319 -16.744 -16.361 -15.914 -15.577 -15.256 -16.348 -15.952 -15.625 -15.414 -15.415 -15.968 -16.187 -15.776 -14.606 -14.072 -13.452 -16.039
0.178484 -17.304 -17.191 -17.098 -16.793 -16.49 -16.148 -16.946 -16.749 -16.486 -16.137 -15.775 -15.348 -16.758 -16.381 -15.939 -15.604 -15.285 -16.367 -15.975 -15.65 -15.438 -15.433 -15.992 -16.209 -15.801 -14.637 -14.105 -13.486 -16.062
0.183882 -17.289 -17.186 -17.098 -16.805 -16.508 -16.17 -16.947 -16.762 -16.504 -16.16 -15.8 -15.376 -16.771 -16.401 -15.963 -15.631 -15.313 -16.386 -15.998 -15.674 -15.463 -15.451 -16.015 -16.23 -15.827 -14.669 -14.138 -13.52 -16.084
0.189444 -17.273 -17.18 -17.097 -16.816 -16.525 -16.192 -16.947 -16.775 -16.522 -16.182 -15.825 -15.404 -16.783 -16.42 -15.987 -15.657 -15.342 -16.405 -16.02 -15.699 -15.487 -15.47 -16.037 -16.251 -15.852 -14.7 -14.17 -13.554 -16.106
0.195173 -17.255 -17.172 -17.094 -16.827 -16.542 -16.214 -16.946 -16.786 -16.538 -16.204 -15.85 -15.431 -16.795 -16.438 -16.011 -15.684 -15.37 -16.423 -16.042 -15.723 -15.511 -15.489 -16.06 -16.272 -15.876 -14.73 -14.203 -13.588 -16.127
0.201076 -17.236 -17.163 -17.09 -16.837 -16.558 -16.235 -16.944 -16.797 -16.555 -16.225 -15.875 -15.459 -16.806 -16.456 -16.034 -15.709 -15.397 -16.44 -16.064 -15.747 -15.534 -15.508 -16.081 -16.291 -15.9 -14.761 -14.235 -13.621 -16.147
0.207158 -17.215 -17.152 -17.085 -16.846 -16.574 -16.255 -16.94 -16.807 -16.57 -16.245 -15.899 -15.486 -16.816 -16.473 -16.056 -15.735 -15.425 -16.457 -16.085 -15.77 -15.558 -15.527 -16.103 -16.311 -15.924 -14.792 -14.267 -13.655 -16.167
0.213423 -17.193 -17.14 -17.079 -16.854 -16.589 -16.275 -16.936 -16.816 -16.585 -16.265 -15.922 -15.513 -16.825 -16.49 -16.079 -15.76 -15.452 -16.473 -16.106 -15.794 -15.582 -15.546 -16.124 -16.33 -15.947 -14.822 -14.299 -13.688 -16.187
0.219878 -17.169 -17.126 -17.071 -16.861 -16.603 -16.294 -16.93 -16.825 -16.599 -16.285 -15.945 -15.539 -16.833 -16.506 -16.1 -15.785 -15.479 -16.489 -16.127 -15.817 -15.605 -15.565 -16.144 -16.348 -15.97 -14.852 -14.331 -13.721 -16.206
0.226528 -17.143 -17.111 -17.062 -16.867 -16.616 -16.313 -16.923 -16.832 -16.613 -16.304 -15.968 -15.565 -16.84 -16.521 -16.122 -15.809 -15.506 -16.504 -16.147 -15.839 -15.628 -15.584 -16.164 -16.365 -15.993 -14.882 -14.362 -13.754 -16.224
0.233379 -17.115 -17.093 -17.052 -16.872 -16.629 -16.332 -16.915 -16.838 -16.625 -16.322 -15.99 -15.591 -16.846 -16.535 -16.142 -15.833 -15.532 -16.518 -16.166 -15.862 -15.651 -15.603 -16.183 -16.382 -16.015 -14.911 -14.394 -13.787 -16.242
0.240437 -17.086 -17.074 -17.04 -16.876 -16.641 -16.349 -16.905 -16.844 -16.637 -16.34 -16.012 -15.616 -16.851 -16.549 -16.163 -15.856 -15.558 -16.532 -16.186 -15.884 -15.674 -15.622 -16.201 -16.399 -16.036 -14.94 -14.425 -13.82 -16.259
0.247709 -17.054 -17.053 -17.026 -16.879 -16.652 -16.366 -16.895 -16.848 -16.648 -16.357 -16.033 -15.641 -16.856 -16.562 -16.182 -15.879 -15.583 -16.545 -16.204 -15.905 -15.696 -15.641 -16.22 -16.414 -16.057 -14.969 -14.456 -13.852 -16.276
0.255201 -17.021 -17.031 -17.01 -16.881 -16.662 -16.383 -16.883 -16.851 -16.658 -16.373 -16.054 -15.666 -16.859 -16.574 -16.201 -15.902 -15.608 -16.558 -16.222 -15.927 -15.718 -15.66 -16.237 -16.429 -16.077 -14.998 -14.487 -13.885 -16.292
0.262919 -16.985 -17.006 -16.993 -16.881 -16.671 -16.398 -16.869 -16.853 -16.667 -16.389 -16.074 -15.69 -16.86 -16.586 -16.22 -15.924 -15.633 -16.569 -16.24 -15.948 -15.74 -15.679 -16.254 -16.444 -16.097 -15.027 -14.517 -13.917 -16.307
0.270871 -16.948 -16.979 -16.975 -16.881 -16.679 -16.413 -16.855 -16.854 -16.676 -16.404 -16.094 -15.713 -16.861 -16.596 -16.238 -15.946 -15.657 -16.58 -16.257 -15.968 -15.762 -15.698 -16.27 -16.457 -16.117 -15.055 -14.548 -13.949 -16.322
0.279064 -16.908 -16.95 -16.954 -16.879 -16.687 -16.427 -16.839 -16.854 -16.683 -16.418 -16.113 -15.737 -16.861 -16.606 -16.255 -15.967 -15.681 -16.59 -16.274 -15.988 -15.783 -15.717 -16.286 -16.47 -16.136 -15.083 -14.578 -13.981 -16.336
0.287504 -16.865 -16.919 -16.932 -16.876 -16.693 -16.441 -16.821 -16.853 -16.689 -16.432 -16.131 -15.76 -16.859 -16.615 -16.272 -15.988 -15.705 -16.599 -16.289 -16.008 -15.804 -15.736 -16.3 -16.482 -16.154 -15.111 -14.608 -14.013 -16.349
0.296199 -16.821 -16.885 -16.908 -16.871 -16.698 -16.454 -16.802 -16.85 -16.695 -16.445 -16.149 -15.782 -16.856 -16.623 -16.288 -16.008 -15.728 -16.608 -16.305 -16.027 -15.825 -15.754 -16.315 -16.493 -16.171 -15.138 -14.637 -14.045 -16.362
0.305157 -16.774 -16.85 -16.881 -16.865 -16.702 -16.466 -16.782 -16.846 -16.699 -16.457 -16.166 -15.804 -16.851 -16.63 -16.303 -16.027 -15.751 -16.615 -16.319 -16.045 -15.845 -15.772 -16.328 -16.503 -16.188 -15.165 -14.667 -14.076 -16.374
0.314387 -16.724 -16.811 -16.853 -16.858 -16.706 -16.477 -16.76 -16.84 -16.702 -16.468 -16.183 -15.826 -16.846 -16.635 -16.318 -16.046 -15.773 -16.621 -16.333 -16.064 -15.865 -15.791 -16.341 -16.513 -16.205 -15.192 -14.696 -14.107 -16.385
0.323895 -16.672 -16.771 -16.823 -16.849 -16.708 -16.487 -16.736 -16.833 -16.704 -16.478 -16.199 -15.847 -16.838 -16.64 -16.331 -16.065 -15.794 -16.627 -16.346 -16.081 -15.884 -15.808 -16.353 -16.521 -16.22 -15.218 -14.725 -14.138 -16.395
0.333691 -16.617 -16.727 -16.79 -16.838 -16.709 -16.496 -16.711 -16.825 -16.705 -16.488 -16.214 -15.867 -16.83 -16.644 -16.344 -16.083 -15.816 -16.631 -16.359 -16.098 -15.903 -15.826 -16.364 -16.529 -16.235 -15.244 -14.754 -14.169 -16.404
0.343783 -16.559 -16.681 -16.755 -16.826 -16.708 -16.505 -16.684 -16.815 -16.705 -16.496 -16.229 -15.887 -16.819 -16.647 -16.357 -16.1 -15.836 -16.635 -16.37 -16.114 -15.922 -15.844 -16.374 -16.535 -16.249 -15.27 -14.782 -14.2 -16.412
0.354181 -16.499 -16.633 -16.718 -16.813 -16.707 -16.512 -16.656 -16.803 -16.703 -16.504 -16.243 -15.906 -16.807 -16.648 -16.368 -16.116 -15.856 -16.637 -16.381 -16.13 -15.94 -15.861 -16.383 -16.541 -16.263 -15.295 -14.81 -14.231 -16.42
0.364893 -16.435 -16.581 -16.679 -16.797 -16.704 -16.519 -16.626 -16.79 -16.701 -16.511 -16.256 -15.925 -16.794 -16.649 -16.379 -16.132 -15.876 -16.638 -16.391 -16.145 -15.957 -15.877 -16.392 -16.545 -16.275 -15.32 -14.838 -14.261 -16.426
0.375929 -16.369 -16.527 -16.637 -16.78 -16.699 -16.524 -16.595 -16.775 -16.696 -16.516 -16.268 -15.943 -16.778 -16.648 -16.388 -16.147 -15.895 -16.638 -16.401 -16.16 -15.974 -15.894 -16.399 -16.549 -16.287 -15.345 -14.866 -14.291 -16.432
0.387298 -16.299 -16.469 -16.593 -16.761 -16.694 -16.528 -16.562 -16.758 -16.691 -16.521 -16.28 -15.961 -16.761 -16.645 -16.397 -16.162 -15.914 -16.637 -16.409 -16.174 -15.991 -15.91 -16.406 -16.551 -16.298 -15.369 -14.893 -14.321 -16.436
0.399012 -16.226 -16.408 -16.546 -16.74 -16.687 -16.532 -16.527 -16.739 -16.684 -16.524 -16.29 -15.978 -16.742 -16.642 -16.405 -16.175 -15.931 -16.635 -16.416 -16.187 -16.007 -15.926 -16.411 -16.552 -16.309 -15.393 -14.92 -14.35 -16.44
0.41108 -16.15 -16.344 -16.496 -16.717 -16.678 -16.534 -16.49 -16.719 -16.675 -16.526 -16.3 -15.994 -16.721 -16.637 -16.412 -16.188 -15.949 -16.631 -16.423 -16.199 -16.022 -15.941 -16.416 -16.552 -16.318 -15.416 -14.947 -14.38 -16.442
