web/models/kne.last_good/kappa_1_10/32/villar_0.0182_0.2807_1.0000.dat
# %ECSV 1.0
# ---
# datatype:
# - {name: time, datatype: float64}
# - {name: swift_uvot_uvw2, datatype: float64}
# - {name: swift_uvot_uvm2, datatype: float64}
# - {name: swift_uvot_uvw1, datatype: float64}
# - {name: swift_uvot_U, datatype: float64}
# - {name: swift_uvot_B, datatype: float64}
# - {name: swift_uvot_V, datatype: float64}
# - {name: swift_uvot_W, datatype: float64}
# - {name: johnson_U, datatype: float64}
# - {name: johnson_B, datatype: float64}
# - {name: johnson_V, datatype: float64}
# - {name: johnson_R, datatype: float64}
# - {name: johnson_I, datatype: float64}
# - {name: sdss_u, datatype: float64}
# - {name: sdss_g, datatype: float64}
# - {name: sdss_r, datatype: float64}
# - {name: sdss_i, datatype: float64}
# - {name: sdss_z, datatype: float64}
# - {name: PS1_g, datatype: float64}
# - {name: PS1_r, datatype: float64}
# - {name: PS1_i, datatype: float64}
# - {name: PS1_z, datatype: float64}
# - {name: PS1_Y, datatype: float64}
# - {name: PS1_w, datatype: float64}
# - {name: ATLAS_c, datatype: float64}
# - {name: ATLAS_o, datatype: float64}
# - {name: ukirt_J, datatype: float64}
# - {name: ukirt_H, datatype: float64}
# - {name: ukirt_K, datatype: float64}
# - {name: Clear, datatype: float64}
# meta: !!omap
# - comment: [kappa = 1.0, type = villar, mass = 0.018176879801416274, velocity = 0.2806666666666667, theta_obs = 0.0]
# schema: astropy-2.0
time swift_uvot_uvw2 swift_uvot_uvm2 swift_uvot_uvw1 swift_uvot_U swift_uvot_B swift_uvot_V swift_uvot_W johnson_U johnson_B johnson_V johnson_R johnson_I sdss_u sdss_g sdss_r sdss_i sdss_z PS1_g PS1_r PS1_i PS1_z PS1_Y PS1_w ATLAS_c ATLAS_o ukirt_J ukirt_H ukirt_K Clear
[from data line 214]
0.587772 -10.814 -11.09 -12.093 -13.438 -14.144 -14.566 -13.246 -13.571 -14.151 -14.573 -14.761 -14.801 -13.538 -14.311 -14.705 -14.807 -14.802 -14.387 -14.716 -14.818 -14.825 -14.83 -14.649 -14.505 -14.753 -14.6 -14.307 -13.881 -14.61
0.605549 -10.758 -11.016 -12.043 -13.409 -14.134 -14.57 -13.231 -13.546 -14.142 -14.578 -14.776 -14.825 -13.512 -14.306 -14.716 -14.826 -14.827 -14.385 -14.727 -14.837 -14.849 -14.857 -14.66 -14.508 -14.768 -14.634 -14.345 -13.923 -14.62
0.623863 -10.7 -10.938 -11.99 -13.378 -14.122 -14.572 -13.214 -13.518 -14.13 -14.58 -14.79 -14.848 -13.483 -14.3 -14.725 -14.844 -14.851 -14.381 -14.737 -14.856 -14.873 -14.884 -14.669 -14.509 -14.781 -14.667 -14.383 -13.965 -14.629
0.642731 -10.641 -10.857 -11.934 -13.345 -14.108 -14.573 -13.196 -13.488 -14.116 -14.582 -14.803 -14.871 -13.452 -14.291 -14.733 -14.861 -14.875 -14.375 -14.745 -14.873 -14.895 -14.909 -14.677 -14.509 -14.793 -14.699 -14.42 -14.006 -14.636
0.66217 -10.58 -10.773 -11.876 -13.309 -14.092 -14.572 -13.176 -13.456 -14.101 -14.581 -14.815 -14.892 -13.419 -14.281 -14.74 -14.877 -14.897 -14.367 -14.751 -14.889 -14.916 -14.934 -14.684 -14.507 -14.804 -14.731 -14.457 -14.047 -14.643
0.682197 -10.518 -10.684 -11.814 -13.271 -14.073 -14.57 -13.154 -13.421 -14.083 -14.579 -14.825 -14.912 -13.382 -14.269 -14.745 -14.891 -14.918 -14.358 -14.757 -14.903 -14.936 -14.957 -14.689 -14.503 -14.813 -14.762 -14.493 -14.087 -14.648
0.70283 -10.454 -10.591 -11.75 -13.229 -14.053 -14.565 -13.13 -13.383 -14.063 -14.576 -14.834 -14.931 -13.343 -14.255 -14.748 -14.904 -14.938 -14.347 -14.76 -14.916 -14.955 -14.98 -14.693 -14.498 -14.821 -14.792 -14.528 -14.126 -14.651
0.724086 -10.39 -10.493 -11.682 -13.185 -14.03 -14.559 -13.105 -13.343 -14.041 -14.57 -14.841 -14.948 -13.301 -14.238 -14.749 -14.916 -14.957 -14.333 -14.762 -14.928 -14.973 -15.002 -14.695 -14.49 -14.828 -14.821 -14.563 -14.165 -14.653
0.745986 -10.324 -10.391 -11.61 -13.137 -14.004 -14.55 -13.077 -13.299 -14.016 -14.562 -14.846 -14.965 -13.256 -14.219 -14.749 -14.926 -14.975 -14.317 -14.762 -14.939 -14.99 -15.022 -14.696 -14.481 -14.832 -14.85 -14.597 -14.204 -14.654
0.768548 -10.258 -10.284 -11.535 -13.086 -13.976 -14.539 -13.046 -13.252 -13.988 -14.552 -14.85 -14.98 -13.207 -14.198 -14.747 -14.934 -14.991 -14.299 -14.761 -14.948 -15.005 -15.041 -14.694 -14.469 -14.836 -14.877 -14.63 -14.242 -14.652
0.791792 -10.191 -10.172 -11.456 -13.031 -13.945 -14.526 -13.014 -13.201 -13.957 -14.539 -14.852 -14.993 -13.155 -14.174 -14.743 -14.941 -15.006 -14.278 -14.757 -14.955 -15.019 -15.059 -14.691 -14.455 -14.837 -14.904 -14.663 -14.279 -14.649
0.815739 -10.123 -10.055 -11.373 -12.973 -13.91 -14.511 -12.979 -13.147 -13.924 -14.525 -14.853 -15.005 -13.099 -14.147 -14.737 -14.946 -15.02 -14.255 -14.751 -14.96 -15.031 -15.076 -14.686 -14.438 -14.836 -14.929 -14.695 -14.316 -14.644
0.840411 -10.054 -9.932 -11.286 -12.91 -13.873 -14.492 -12.941 -13.089 -13.887 -14.507 -14.851 -15.016 -13.04 -14.117 -14.728 -14.949 -15.032 -14.229 -14.743 -14.964 -15.042 -15.091 -14.678 -14.419 -14.833 -14.953 -14.725 -14.352 -14.637
0.865828 -9.986 -9.802 -11.194 -12.844 -13.832 -14.472 -12.901 -13.027 -13.847 -14.487 -14.847 -15.025 -12.976 -14.084 -14.717 -14.951 -15.042 -14.199 -14.733 -14.966 -15.051 -15.105 -14.669 -14.398 -14.828 -14.976 -14.755 -14.387 -14.628
0.892015 -9.917 -9.666 -11.097 -12.772 -13.788 -14.448 -12.857 -12.96 -13.804 -14.464 -14.841 -15.032 -12.907 -14.048 -14.703 -14.95 -15.051 -14.167 -14.72 -14.965 -15.058 -15.117 -14.657 -14.373 -14.821 -14.998 -14.784 -14.422 -14.617
0.918993 -9.849 -9.524 -10.996 -12.696 -13.739 -14.421 -12.81 -12.889 -13.756 -14.438 -14.832 -15.037 -12.834 -14.008 -14.687 -14.947 -15.057 -14.132 -14.704 -14.963 -15.063 -15.127 -14.642 -14.346 -14.811 -15.018 -14.812 -14.455 -14.603
0.946787 -9.781 -9.374 -10.889 -12.615 -13.687 -14.39 -12.76 -12.813 -13.705 -14.409 -14.821 -15.04 -12.756 -13.965 -14.668 -14.941 -15.062 -14.092 -14.685 -14.958 -15.066 -15.136 -14.625 -14.315 -14.799 -15.037 -14.838 -14.488 -14.587
0.975422 -9.713 -9.216 -10.777 -12.528 -13.63 -14.357 -12.707 -12.732 -13.649 -14.376 -14.807 -15.04 -12.672 -13.917 -14.646 -14.933 -15.064 -14.049 -14.664 -14.95 -15.067 -15.142 -14.605 -14.28 -14.784 -15.055 -14.864 -14.52 -14.568
1.004923 -9.647 -9.051 -10.659 -12.436 -13.568 -14.319 -12.649 -12.645 -13.588 -14.34 -14.79 -15.039 -12.583 -13.865 -14.62 -14.922 -15.064 -14.003 -14.639 -14.94 -15.066 -15.147 -14.582 -14.242 -14.766 -15.071 -14.888 -14.551 -14.546
1.035317 -9.581 -8.876 -10.534 -12.337 -13.502 -14.277 -12.588 -12.552 -13.523 -14.299 -14.77 -15.035 -12.487 -13.809 -14.591 -14.908 -15.062 -13.951 -14.61 -14.927 -15.062 -15.149 -14.556 -14.2 -14.745 -15.085 -14.911 -14.58 -14.522
1.066629 -9.517 -8.693 -10.403 -12.232 -13.43 -14.231 -12.522 -12.452 -13.453 -14.255 -14.746 -15.028 -12.385 -13.748 -14.558 -14.892 -15.057 -13.896 -14.578 -14.91 -15.055 -15.149 -14.526 -14.154 -14.72 -15.097 -14.932 -14.609 -14.494
1.098888 -9.455 -8.499 -10.265 -12.12 -13.353 -14.181 -12.452 -12.346 -13.376 -14.205 -14.72 -15.019 -12.276 -13.681 -14.521 -14.871 -15.05 -13.835 -14.542 -14.891 -15.046 -15.146 -14.492 -14.104 -14.692 -15.107 -14.952 -14.636 -14.463
1.132124 -9.394 -8.296 -10.12 -12.0 -13.269 -14.125 -12.377 -12.233 -13.294 -14.151 -14.689 -15.006 -12.16 -13.609 -14.479 -14.848 -15.039 -13.769 -14.502 -14.868 -15.034 -15.141 -14.455 -14.048 -14.66 -15.115 -14.97 -14.662 -14.428
1.166364 -9.335 -8.082 -9.967 -11.872 -13.179 -14.064 -12.297 -12.111 -13.206 -14.092 -14.654 -14.99 -12.035 -13.531 -14.433 -14.82 -15.025 -13.698 -14.457 -14.841 -15.018 -15.133 -14.413 -13.988 -14.623 -15.121 -14.986 -14.687 -14.389
1.20164 -9.278 -7.856 -9.806 -11.735 -13.082 -13.997 -12.211 -11.982 -13.11 -14.027 -14.615 -14.971 -11.902 -13.447 -14.382 -14.789 -15.008 -13.621 -14.407 -14.81 -14.999 -15.121 -14.367 -13.922 -14.583 -15.124 -15.001 -14.71 -14.347
1.237983 -9.223 -7.618 -9.637 -11.589 -12.977 -13.925 -12.12 -11.843 -13.007 -13.956 -14.571 -14.948 -11.76 -13.355 -14.326 -14.752 -14.987 -13.538 -14.353 -14.775 -14.976 -15.107 -14.316 -13.85 -14.537 -15.125 -15.013 -14.732 -14.3
1.275425 -9.169 -7.368 -9.458 -11.433 -12.864 -13.845 -12.022 -11.694 -12.897 -13.878 -14.522 -14.921 -11.608 -13.256 -14.264 -14.712 -14.962 -13.448 -14.292 -14.735 -14.948 -15.088 -14.26 -13.771 -14.487 -15.123 -15.023 -14.752 -14.249
1.313999 -9.117 -7.105 -9.27 -11.266 -12.743 -13.759 -11.918 -11.535 -12.778 -13.794 -14.468 -14.889 -11.445 -13.15 -14.196 -14.666 -14.933 -13.35 -14.225 -14.69 -14.917 -15.066 -14.199 -13.686 -14.43 -15.118 -15.031 -14.77 -14.192
1.35374 -9.065 -6.829 -9.071 -11.087 -12.612 -13.665 -11.806 -11.365 -12.649 -13.702 -14.407 -14.853 -11.271 -13.034 -14.121 -14.614 -14.899 -13.245 -14.152 -14.64 -14.881 -15.04 -14.131 -13.594 -14.368 -15.109 -15.037 -14.786 -14.131
1.394683 -9.015 -6.539 -8.862 -10.896 -12.471 -13.562 -11.687 -11.183 -12.511 -13.602 -14.341 -14.812 -11.084 -12.91 -14.038 -14.557 -14.861 -13.132 -14.072 -14.583 -14.839 -15.009 -14.057 -13.493 -14.3 -15.097 -15.039 -14.8 -14.064
1.436864 -8.966 -6.237 -8.641 -10.691 -12.319 -13.451 -11.559 -10.987 -12.362 -13.493 -14.268 -14.765 -10.884 -12.775 -13.948 -14.493 -14.816 -13.011 -13.984 -14.521 -14.792 -14.973 -13.976 -13.385 -14.224 -15.081 -15.039 -14.812 -13.991
1.480321 -8.916 -5.924 -8.408 -10.472 -12.156 -13.33 -11.423 -10.778 -12.201 -13.375 -14.187 -14.712 -10.669 -12.63 -13.85 -14.422 -14.766 -12.879 -13.889 -14.451 -14.739 -14.932 -13.888 -13.267 -14.142 -15.061 -15.035 -14.821 -13.912
1.525092 -8.866 -5.6 -8.162 -10.236 -11.979 -13.198 -11.277 -10.553 -12.028 -13.247 -14.098 -14.653 -10.439 -12.473 -13.742 -14.343 -14.71 -12.738 -13.784 -14.374 -14.68 -14.885 -13.791 -13.138 -14.05 -15.037 -15.028 -14.828 -13.826
1.571218 -8.815 -5.271 -7.903 -9.984 -11.789 -13.055 -11.12 -10.311 -11.841 -13.107 -14.001 -14.587 -10.191 -12.303 -13.624 -14.257 -14.647 -12.587 -13.67 -14.289 -14.614 -14.832 -13.686 -13.0 -13.951 -15.008 -15.017 -14.832 -13.733
1.618738 -8.762 -4.94 -7.629 -9.712 -11.583 -12.9 -10.953 -10.051 -11.64 -12.955 -13.894 -14.514 -9.925 -12.12 -13.496 -14.161 -14.576 -12.424 -13.545 -14.195 -14.539 -14.772 -13.571 -12.849 -13.841 -14.973 -15.002 -14.832 -13.632
1.667696 -8.708 -4.615 -7.34 -9.421 -11.362 -12.731 -10.774 -9.772 -11.422 -12.79 -13.777 -14.432 -9.639 -11.921 -13.356 -14.055 -14.497 -12.25 -13.409 -14.092 -14.457 -14.705 -13.446 -12.686 -13.722 -14.932 -14.983 -14.83 -13.523
1.718134 -8.65 -4.304 -7.034 -9.107 -11.122 -12.548 -10.582 -9.471 -11.188 -12.611 -13.649 -14.341 -9.33 -11.707 -13.202 -13.939 -14.409 -12.063 -13.261 -13.978 -14.365 -14.63 -13.31 -12.509 -13.591 -14.885 -14.959 -14.824 -13.406
1.770098 -8.59 -4.017 -6.711 -8.769 -10.863 -12.348 -10.377 -9.146 -10.934 -12.416 -13.509 -14.241 -8.998 -11.474 -13.035 -13.811 -14.312 -11.864 -13.1 -13.853 -14.264 -14.546 -13.161 -12.317 -13.447 -14.832 -14.93 -14.814 -13.279
1.823633 -8.525 -3.761 -6.369 -8.404 -10.582 -12.13 -10.157 -8.796 -10.659 -12.204 -13.355 -14.129 -8.639 -11.222 -12.852 -13.671 -14.204 -11.651 -12.924 -13.715 -14.151 -14.453 -13.0 -12.108 -13.29 -14.77 -14.895 -14.799 -13.143
1.878788 -8.455 -3.54 -6.006 -8.01 -10.278 -11.894 -9.921 -8.418 -10.362 -11.973 -13.187 -14.006 -8.252 -10.948 -12.653 -13.516 -14.084 -11.426 -12.733 -13.564 -14.027 -14.349 -12.823 -11.882 -13.119 -14.701 -14.853 -14.78 -12.997
1.93561 -8.381 -3.354 -5.622 -7.585 -9.948 -11.636 -9.667 -8.009 -10.04 -11.722 -13.004 -13.87 -7.833 -10.652 -12.435 -13.346 -13.951 -11.187 -12.525 -13.398 -13.89 -14.234 -12.631 -11.636 -12.931 -14.622 -14.805 -14.756 -12.84
1.994152 -8.3 -3.196 -5.213 -7.125 -9.59 -11.355 -9.396 -7.567 -9.691 -11.448 -12.803 -13.721 -7.379 -10.329 -12.197 -13.16 -13.805 -10.937 -12.299 -13.215 -13.738 -14.107 -12.422 -11.368 -12.726 -14.533 -14.749 -14.726 -12.671
2.054463 -8.213 -3.06 -4.779 -6.626 -9.202 -11.048 -9.105 -7.087 -9.312 -11.149 -12.582 -13.555 -6.887 -9.978 -11.936 -12.954 -13.642 -10.675 -12.054 -13.015 -13.57 -13.966 -12.194 -11.077 -12.501 -14.433 -14.684 -14.69 -12.491
2.116599 -8.118 -2.935 -4.315 -6.084 -8.779 -10.712 -8.793 -6.565 -8.9 -10.823 -12.341 -13.372 -6.353 -9.596 -11.65 -12.728 -13.463 -10.406 -11.787 -12.795 -13.385 -13.81 -11.944 -10.759 -12.255 -14.321 -14.611 -14.647 -12.299
2.180614 -8.015 -2.816 -3.819 -5.496 -8.318 -10.345 -8.459 -5.999 -8.452 -10.467 -12.077 -13.171 -5.772 -9.18 -11.337 -12.479 -13.264 -10.13 -11.498 -12.554 -13.181 -13.637 -11.671 -10.413 -11.986 -14.195 -14.527 -14.597 -12.095
2.246566 -7.903 -2.694 -3.289 -4.856 -7.815 -9.944 -8.102 -5.382 -7.964 -10.077 -11.787 -12.948 -5.139 -8.726 -10.994 -12.205 -13.044 -9.853 -11.185 -12.289 -12.955 -13.446 -11.373 -10.035 -11.69 -14.054 -14.431 -14.538 -11.879
2.314511 -7.78 -2.568 -2.719 -4.157 -7.266 -9.503 -7.723 -4.709 -7.431 -9.649 -11.468 -12.703 -4.449 -8.229 -10.616 -11.903 -12.801 -9.577 -10.848 -11.998 -12.706 -13.236 -11.046 -9.621 -11.365 -13.896 -14.323 -14.469 -11.65
2.384512 -7.647 -2.432 -2.105 -3.395 -6.664 -9.019 -7.321 -3.973 -6.849 -9.181 -11.119 -12.431 -3.695 -7.685 -10.202 -11.569 -12.531 -9.308 -10.487 -11.679 -12.431 -13.004 -10.688 -9.169 -11.008 -13.719 -14.201 -14.391 -11.41
2.45663 -7.501 -2.286 -1.442 -2.56 -6.006 -8.487 -6.898 -3.168 -6.212 -8.666 -10.734 -12.131 -2.869 -7.088 -9.745 -11.201 -12.232 -9.048 -10.102 -11.328 -12.127 -12.748 -10.294 -8.672 -10.616 -13.522 -14.063 -14.301 -11.158
2.530929 -7.341 -2.126 -0.724 -1.645 -5.282 -7.901 -6.457 -2.285 -5.514 -8.1 -10.31 -11.798 -1.963 -6.433 -9.241 -10.793 -11.901 -8.796 -9.696 -10.945 -11.792 -12.466 -9.862 -8.127 -10.183 -13.3 -13.907 -14.197 -10.896
2.607475 -7.166 -1.951 0.056 -0.64 -4.486 -7.254 -6.006 -1.314 -4.747 -7.476 -9.842 -11.43 -0.967 -5.712 -8.684 -10.341 -11.532 -8.553 -9.275 -10.526 -11.422 -12.155 -9.385 -7.527 -9.706 -13.052 -13.731 -14.079 -10.624
2.686337 -6.974 -1.759 0.904 0.467 -3.608 -6.538 -5.552 -0.245 -3.904 -6.787 -9.326 -11.022 0.13 -4.916 -8.067 -9.839 -11.122 -8.312 -8.844 -10.07 -11.013 -11.815 -8.859 -6.865 -9.178 -12.773 -13.532 -13.945 -10.342
2.767583 -6.763 -1.548 1.831 1.689 -2.638 -5.745 -5.105 0.936 -2.974 -6.025 -8.754 -10.568 1.341 -4.037 -7.384 -9.282 -10.665 -8.07 -8.415 -9.577 -10.563 -11.443 -8.276 -6.134 -8.594 -12.461 -13.307 -13.791 -10.051
2.851287 -6.531 -1.315 2.846 3.041 -1.564 -4.864 -4.674 2.243 -1.947 -5.181 -8.121 -10.063 2.682 -3.063 -6.624 -8.66 -10.156 -7.818 -7.995 -9.049 -10.07 -11.037 -7.631 -5.325 -7.946 -12.11 -13.053 -13.616 -9.751
2.937522 -6.275 -1.059 3.96 4.541 -0.372 -3.883 -4.264 3.693 -0.81 -4.245 -7.418 -9.5 4.171 -1.98 -5.777 -7.967 -9.585 -7.551 -7.59 -8.493 -9.531 -10.598 -6.914 -4.426 -7.226 -11.714 -12.766 -13.417 -9.438
3.026365 -5.991 -0.775 5.188 6.211 0.956 -2.789 -3.872 5.307 0.452 -3.202 -6.636 -8.872 5.827 -0.775 -4.832 -7.19 -8.947 -7.261 -7.199 -7.918 -8.949 -10.126 -6.116 -3.425 -6.423 -11.268 -12.44 -13.19 -9.11
3.117896 -5.676 -0.461 6.544 8.074 2.438 -1.564 -3.488 7.109 1.857 -2.039 -5.764 -8.17 7.675 0.57 -3.774 -6.32 -8.23 -6.944 -6.815 -7.34 -8.327 -9.624 -5.223 -2.308 -5.527 -10.764 -12.071 -12.931 -8.763
3.212194 -5.327 -0.111 8.049 10.16 4.098 -0.189 -3.097 9.125 3.424 -0.74 -4.789 -7.383 9.744 2.078 -2.586 -5.341 -7.423 -6.593 -6.425 -6.773 -7.676 -9.097 -4.224 -1.057 -4.523 -10.194 -11.651 -12.634 -8.39
3.309345 -4.936 0.279 9.725 12.503 5.963 1.358 -2.685 11.391 5.18 0.717 -3.697 -6.499 12.068 3.772 -1.249 -4.237 -6.512 -6.202 -6.013 -6.223 -7.012 -8.548 -3.101 0.349 -3.395 -9.546 -11.173 -12.294 -7.985
3.409434 -4.499 0.717 11.6 15.146 8.065 3.106 -2.238 13.944 7.151 2.355 -2.47 -5.504 14.687 5.682 0.262 -2.989 -5.482 -5.765 -5.566 -5.684 -6.35 -7.98 -1.834 1.933 -2.123 -8.809 -10.628 -11.904 -7.538
3.51255 -4.008 1.208 13.707 18.136 10.443 5.087 -1.742 16.831 9.373 4.2 -1.088 -4.381 17.65 7.844 1.975 -1.572 -4.314 -5.273 -5.07 -5.135 -5.696 -7.39 -0.4 3.727 -0.684 -7.967 -10.003 -11.456 -7.042
3.618785 -3.453 1.763 16.086 21.534 13.145 7.34 -1.185 20.111 11.888 6.287 0.475 -3.111 21.014 10.299 3.923 0.041 -2.986 -4.718 -4.514 -4.552 -5.04 -6.769 1.229 5.765 0.95 -7.004 -9.286 -10.939 -6.484
3.728232 -2.824 2.392 18.789 25.411 16.226 9.912 -0.556 23.85 14.746 8.654 2.246 -1.669 24.849 13.101 6.148 1.885 -1.469 -4.089 -3.885 -3.912 -4.357 -6.1 3.087 8.09 2.813 -5.897 -8.461 -10.341 -5.854
3.84099 -2.107 3.108 21.875 29.855 19.757 12.862 0.161 28.132 18.008 11.348 4.262 -0.027 29.24 16.31 8.699 4.001 0.267 -3.373 -3.168 -3.191 -3.616 -5.363 5.217 10.755 4.947 -4.62 -7.508 -9.647 -5.137
3.957158 -1.287 3.928 25.419 34.973 23.821 16.259 0.981 33.057 21.749 14.427 6.565 1.85 34.291 20.004 11.638 6.439 2.261 -2.553 -2.348 -2.37 -2.787 -4.533 7.669 13.824 7.402 -3.141 -6.403 -8.839 -4.317
4.07684 -0.606 4.61 27.845 38.411 26.582 18.594 1.663 36.368 24.297 16.545 8.189 3.202 37.682 22.527 13.68 8.16 3.694 -1.871 -1.666 -1.688 -2.103 -3.849 9.398 15.949 9.132 -2.032 -5.533 -8.159 -3.635
4.200141 -0.219 4.997 28.232 38.798 26.969 18.981 2.049 36.754 24.683 16.932 8.575 3.589 38.068 22.914 14.066 8.546 4.081 -1.485 -1.28 -1.301 -1.717 -3.463 9.784 16.336 9.519 -1.646 -5.146 -7.772 -3.248
4.327172 0.191 5.407 28.642 39.208 27.379 19.391 2.46 37.165 25.094 17.342 8.986 3.999 38.479 23.324 14.477 8.957 4.491 -1.074 -0.869 -0.891 -1.306 -3.052 10.195 16.746 9.93 -1.235 -4.736 -7.362 -2.838
4.458044 0.627 5.843 29.078 39.644 27.815 19.827 2.895 37.601 25.529 17.778 9.421 4.435 38.915 23.76 14.912 9.392 4.927 -0.639 -0.434 -0.455 -0.871 -2.616 10.63 17.182 10.365 -0.8 -4.3 -6.926 -2.402
4.592874 1.089 6.305 29.54 40.106 28.277 20.289 3.358 38.063 25.992 18.24 9.884 4.897 39.377 24.222 15.375 9.855 5.389 -0.176 0.029 0.007 -0.408 -2.154 11.093 17.644 10.828 -0.337 -3.838 -6.464 -1.94
