web/models/kne.last_good/kappa_1_10/32/villar_0.0416_0.1710_10.0000.dat
# %ECSV 1.0
# ---
# datatype:
# - {name: time, datatype: float64}
# - {name: swift_uvot_uvw2, datatype: float64}
# - {name: swift_uvot_uvm2, datatype: float64}
# - {name: swift_uvot_uvw1, datatype: float64}
# - {name: swift_uvot_U, datatype: float64}
# - {name: swift_uvot_B, datatype: float64}
# - {name: swift_uvot_V, datatype: float64}
# - {name: swift_uvot_W, datatype: float64}
# - {name: johnson_U, datatype: float64}
# - {name: johnson_B, datatype: float64}
# - {name: johnson_V, datatype: float64}
# - {name: johnson_R, datatype: float64}
# - {name: johnson_I, datatype: float64}
# - {name: sdss_u, datatype: float64}
# - {name: sdss_g, datatype: float64}
# - {name: sdss_r, datatype: float64}
# - {name: sdss_i, datatype: float64}
# - {name: sdss_z, datatype: float64}
# - {name: PS1_g, datatype: float64}
# - {name: PS1_r, datatype: float64}
# - {name: PS1_i, datatype: float64}
# - {name: PS1_z, datatype: float64}
# - {name: PS1_Y, datatype: float64}
# - {name: PS1_w, datatype: float64}
# - {name: ATLAS_c, datatype: float64}
# - {name: ATLAS_o, datatype: float64}
# - {name: ukirt_J, datatype: float64}
# - {name: ukirt_H, datatype: float64}
# - {name: ukirt_K, datatype: float64}
# - {name: Clear, datatype: float64}
# meta: !!omap
# - comment: [kappa = 10.0, type = villar, mass = 0.04162766037032262, velocity = 0.17100000000000004, theta_obs = 0.0]
# schema: astropy-2.0
time swift_uvot_uvw2 swift_uvot_uvm2 swift_uvot_uvw1 swift_uvot_U swift_uvot_B swift_uvot_V swift_uvot_W johnson_U johnson_B johnson_V johnson_R johnson_I sdss_u sdss_g sdss_r sdss_i sdss_z PS1_g PS1_r PS1_i PS1_z PS1_Y PS1_w ATLAS_c ATLAS_o ukirt_J ukirt_H ukirt_K Clear
[from data line 149]
0.084741 -11.001 -11.244 -11.458 -11.791 -11.814 -11.717 -11.514 -11.804 -11.812 -11.71 -11.516 -11.238 -11.804 -11.79 -11.615 -11.418 -11.197 -11.789 -11.625 -11.427 -11.263 -11.182 -11.61 -11.726 -11.532 -10.691 -10.235 -9.68 -11.627
0.087304 -11.009 -11.256 -11.477 -11.82 -11.85 -11.756 -11.539 -11.834 -11.847 -11.75 -11.559 -11.284 -11.835 -11.827 -11.657 -11.462 -11.243 -11.827 -11.667 -11.471 -11.309 -11.228 -11.651 -11.765 -11.575 -10.74 -10.286 -9.731 -11.667
0.089944 -11.016 -11.268 -11.495 -11.85 -11.885 -11.796 -11.564 -11.864 -11.882 -11.79 -11.602 -11.33 -11.864 -11.863 -11.699 -11.506 -11.289 -11.864 -11.709 -11.516 -11.355 -11.274 -11.692 -11.804 -11.618 -10.788 -10.336 -9.783 -11.708
0.092665 -11.023 -11.279 -11.512 -11.878 -11.92 -11.836 -11.589 -11.894 -11.917 -11.83 -11.645 -11.376 -11.894 -11.9 -11.741 -11.551 -11.335 -11.901 -11.75 -11.56 -11.4 -11.32 -11.733 -11.843 -11.66 -10.837 -10.386 -9.834 -11.748
0.095467 -11.03 -11.29 -11.53 -11.907 -11.954 -11.875 -11.613 -11.924 -11.952 -11.869 -11.688 -11.421 -11.923 -11.936 -11.782 -11.595 -11.381 -11.938 -11.791 -11.604 -11.446 -11.366 -11.774 -11.882 -11.703 -10.886 -10.436 -9.886 -11.787
0.098355 -11.036 -11.3 -11.547 -11.935 -11.989 -11.914 -11.637 -11.953 -11.987 -11.908 -11.731 -11.467 -11.952 -11.972 -11.824 -11.639 -11.427 -11.975 -11.833 -11.648 -11.491 -11.412 -11.814 -11.92 -11.745 -10.935 -10.486 -9.937 -11.827
0.101329 -11.041 -11.31 -11.563 -11.962 -12.023 -11.953 -11.661 -11.982 -12.021 -11.947 -11.773 -11.512 -11.981 -12.008 -11.865 -11.683 -11.473 -12.011 -11.874 -11.692 -11.536 -11.457 -11.854 -11.958 -11.788 -10.983 -10.537 -9.988 -11.866
0.104394 -11.046 -11.319 -11.579 -11.99 -12.057 -11.992 -11.685 -12.01 -12.055 -11.986 -11.816 -11.557 -12.009 -12.044 -11.906 -11.727 -11.519 -12.048 -11.915 -11.735 -11.581 -11.503 -11.894 -11.996 -11.83 -11.032 -10.587 -10.039 -11.906
0.107551 -11.051 -11.328 -11.595 -12.017 -12.091 -12.031 -11.708 -12.038 -12.088 -12.025 -11.858 -11.603 -12.037 -12.079 -11.947 -11.77 -11.564 -12.084 -11.955 -11.779 -11.626 -11.548 -11.934 -12.034 -11.872 -11.08 -10.636 -10.091 -11.945
0.110804 -11.054 -11.336 -11.61 -12.043 -12.124 -12.069 -11.731 -12.066 -12.122 -12.063 -11.9 -11.648 -12.065 -12.114 -11.987 -11.814 -11.61 -12.119 -11.996 -11.822 -11.671 -11.594 -11.974 -12.071 -11.914 -11.128 -10.686 -10.142 -11.984
0.114155 -11.058 -11.344 -11.624 -12.07 -12.157 -12.107 -11.754 -12.094 -12.155 -12.102 -11.942 -11.693 -12.092 -12.149 -12.028 -11.857 -11.655 -12.155 -12.036 -11.865 -11.716 -11.639 -12.014 -12.108 -11.955 -11.177 -10.736 -10.193 -12.022
0.117608 -11.06 -11.351 -11.639 -12.096 -12.19 -12.145 -11.776 -12.121 -12.188 -12.14 -11.983 -11.737 -12.119 -12.184 -12.068 -11.9 -11.701 -12.19 -12.077 -11.908 -11.761 -11.684 -12.053 -12.145 -11.997 -11.225 -10.786 -10.244 -12.061
0.121165 -11.063 -11.357 -11.652 -12.121 -12.222 -12.183 -11.799 -12.148 -12.22 -12.178 -12.025 -11.782 -12.145 -12.218 -12.108 -11.943 -11.746 -12.225 -12.117 -11.951 -11.805 -11.729 -12.092 -12.182 -12.038 -11.273 -10.836 -10.295 -12.099
0.124829 -11.064 -11.363 -11.666 -12.146 -12.255 -12.221 -11.821 -12.174 -12.253 -12.215 -12.066 -11.827 -12.172 -12.253 -12.148 -11.986 -11.791 -12.26 -12.156 -11.994 -11.85 -11.774 -12.131 -12.219 -12.079 -11.321 -10.885 -10.346 -12.137
0.128605 -11.066 -11.368 -11.678 -12.171 -12.287 -12.258 -11.843 -12.2 -12.285 -12.253 -12.107 -11.871 -12.197 -12.286 -12.188 -12.029 -11.836 -12.295 -12.196 -12.037 -11.894 -11.819 -12.17 -12.255 -12.12 -11.369 -10.935 -10.397 -12.175
0.132494 -11.066 -11.373 -11.691 -12.196 -12.318 -12.295 -11.864 -12.226 -12.316 -12.29 -12.149 -11.916 -12.223 -12.32 -12.227 -12.071 -11.88 -12.329 -12.236 -12.079 -11.938 -11.864 -12.209 -12.291 -12.161 -11.417 -10.984 -10.448 -12.213
0.136502 -11.066 -11.377 -11.703 -12.22 -12.35 -12.332 -11.885 -12.251 -12.348 -12.327 -12.189 -11.96 -12.248 -12.353 -12.267 -12.114 -11.925 -12.363 -12.275 -12.122 -11.982 -11.909 -12.247 -12.327 -12.202 -11.465 -11.034 -10.498 -12.251
0.14063 -11.066 -11.381 -11.714 -12.244 -12.381 -12.369 -11.906 -12.276 -12.379 -12.364 -12.23 -12.004 -12.273 -12.386 -12.306 -12.156 -11.97 -12.397 -12.314 -12.164 -12.026 -11.953 -12.285 -12.363 -12.242 -11.512 -11.083 -10.549 -12.288
0.144883 -11.064 -11.383 -11.725 -12.267 -12.411 -12.405 -11.927 -12.301 -12.41 -12.4 -12.271 -12.048 -12.297 -12.419 -12.345 -12.198 -12.014 -12.431 -12.353 -12.206 -12.07 -11.998 -12.323 -12.398 -12.282 -11.56 -11.133 -10.6 -12.325
0.149265 -11.063 -11.386 -11.735 -12.29 -12.442 -12.441 -11.947 -12.325 -12.44 -12.437 -12.311 -12.092 -12.321 -12.452 -12.384 -12.24 -12.058 -12.464 -12.392 -12.248 -12.114 -12.042 -12.361 -12.434 -12.322 -11.608 -11.182 -10.651 -12.362
0.15378 -11.061 -11.387 -11.745 -12.312 -12.472 -12.477 -11.968 -12.349 -12.471 -12.473 -12.351 -12.135 -12.344 -12.484 -12.422 -12.282 -12.102 -12.497 -12.43 -12.29 -12.157 -12.086 -12.399 -12.469 -12.362 -11.655 -11.231 -10.701 -12.399
0.15843 -11.058 -11.388 -11.754 -12.334 -12.502 -12.513 -11.987 -12.373 -12.501 -12.508 -12.391 -12.179 -12.368 -12.516 -12.46 -12.324 -12.146 -12.53 -12.468 -12.331 -12.201 -12.131 -12.436 -12.503 -12.402 -11.702 -11.28 -10.752 -12.435
0.163222 -11.054 -11.389 -11.763 -12.356 -12.531 -12.548 -12.007 -12.396 -12.53 -12.544 -12.431 -12.222 -12.39 -12.548 -12.499 -12.365 -12.19 -12.562 -12.506 -12.373 -12.244 -12.175 -12.474 -12.538 -12.442 -11.75 -11.329 -10.802 -12.472
0.168159 -11.05 -11.388 -11.771 -12.377 -12.561 -12.583 -12.026 -12.418 -12.56 -12.579 -12.471 -12.265 -12.413 -12.579 -12.537 -12.406 -12.234 -12.594 -12.544 -12.414 -12.287 -12.219 -12.511 -12.572 -12.481 -11.797 -11.378 -10.853 -12.508
0.173245 -11.046 -11.387 -11.779 -12.398 -12.59 -12.618 -12.045 -12.441 -12.588 -12.614 -12.51 -12.308 -12.435 -12.61 -12.574 -12.448 -12.278 -12.626 -12.582 -12.455 -12.33 -12.263 -12.547 -12.606 -12.52 -11.844 -11.427 -10.903 -12.544
0.178484 -11.041 -11.386 -11.786 -12.419 -12.618 -12.653 -12.064 -12.462 -12.617 -12.649 -12.549 -12.351 -12.456 -12.641 -12.612 -12.489 -12.321 -12.658 -12.619 -12.496 -12.373 -12.306 -12.584 -12.64 -12.559 -11.891 -11.476 -10.954 -12.579
0.183882 -11.035 -11.384 -11.793 -12.438 -12.646 -12.688 -12.083 -12.484 -12.645 -12.684 -12.588 -12.394 -12.477 -12.671 -12.649 -12.529 -12.364 -12.689 -12.657 -12.537 -12.416 -12.35 -12.62 -12.673 -12.598 -11.938 -11.525 -11.004 -12.615
0.189444 -11.028 -11.381 -11.799 -12.458 -12.674 -12.722 -12.101 -12.505 -12.673 -12.718 -12.627 -12.437 -12.498 -12.701 -12.686 -12.57 -12.408 -12.72 -12.694 -12.577 -12.458 -12.393 -12.656 -12.706 -12.636 -11.984 -11.574 -11.054 -12.65
0.195173 -11.021 -11.377 -11.805 -12.477 -12.702 -12.756 -12.119 -12.525 -12.701 -12.752 -12.666 -12.479 -12.518 -12.731 -12.723 -12.61 -12.451 -12.751 -12.731 -12.618 -12.501 -12.437 -12.692 -12.739 -12.675 -12.031 -11.622 -11.104 -12.685
0.201076 -11.014 -11.373 -11.81 -12.496 -12.729 -12.789 -12.137 -12.545 -12.728 -12.786 -12.704 -12.522 -12.538 -12.761 -12.759 -12.651 -12.493 -12.781 -12.767 -12.658 -12.543 -12.48 -12.728 -12.772 -12.713 -12.078 -11.671 -11.154 -12.72
0.207158 -11.006 -11.368 -11.815 -12.514 -12.756 -12.823 -12.154 -12.565 -12.755 -12.819 -12.742 -12.564 -12.557 -12.79 -12.796 -12.691 -12.536 -12.811 -12.803 -12.698 -12.585 -12.523 -12.764 -12.804 -12.751 -12.124 -11.719 -11.205 -12.755
0.213423 -10.997 -11.362 -11.818 -12.532 -12.782 -12.856 -12.171 -12.584 -12.782 -12.853 -12.78 -12.606 -12.576 -12.819 -12.832 -12.731 -12.579 -12.841 -12.839 -12.738 -12.627 -12.566 -12.799 -12.836 -12.788 -12.171 -11.768 -11.255 -12.789
0.219878 -10.987 -11.355 -11.822 -12.549 -12.808 -12.889 -12.188 -12.603 -12.808 -12.886 -12.818 -12.648 -12.594 -12.847 -12.868 -12.77 -12.621 -12.871 -12.875 -12.778 -12.669 -12.609 -12.834 -12.868 -12.826 -12.217 -11.816 -11.305 -12.823
0.226528 -10.977 -11.348 -11.825 -12.566 -12.834 -12.921 -12.204 -12.622 -12.834 -12.918 -12.856 -12.689 -12.612 -12.875 -12.903 -12.81 -12.663 -12.9 -12.911 -12.817 -12.711 -12.652 -12.869 -12.899 -12.863 -12.263 -11.864 -11.355 -12.857
0.233379 -10.967 -11.34 -11.827 -12.582 -12.859 -12.953 -12.22 -12.639 -12.859 -12.951 -12.893 -12.731 -12.63 -12.903 -12.939 -12.849 -12.706 -12.929 -12.946 -12.857 -12.752 -12.694 -12.903 -12.931 -12.9 -12.309 -11.912 -11.404 -12.891
0.240437 -10.955 -11.332 -11.828 -12.598 -12.884 -12.985 -12.236 -12.657 -12.884 -12.983 -12.93 -12.772 -12.647 -12.931 -12.974 -12.888 -12.747 -12.957 -12.981 -12.896 -12.794 -12.737 -12.937 -12.961 -12.937 -12.355 -11.96 -11.454 -12.924
0.247709 -10.944 -11.322 -11.829 -12.613 -12.909 -13.017 -12.252 -12.674 -12.909 -13.015 -12.967 -12.814 -12.663 -12.958 -13.009 -12.927 -12.789 -12.985 -13.016 -12.935 -12.835 -12.779 -12.971 -12.992 -12.974 -12.401 -12.008 -11.504 -12.957
0.255201 -10.931 -11.312 -11.83 -12.628 -12.933 -13.048 -12.267 -12.69 -12.933 -13.046 -13.004 -12.855 -12.679 -12.985 -13.043 -12.966 -12.831 -13.013 -13.051 -12.973 -12.876 -12.821 -13.005 -13.022 -13.01 -12.447 -12.056 -11.554 -12.99
0.262919 -10.918 -11.301 -11.83 -12.642 -12.957 -13.079 -12.282 -12.706 -12.957 -13.077 -13.04 -12.895 -12.695 -13.011 -13.077 -13.004 -12.872 -13.041 -13.085 -13.012 -12.917 -12.863 -13.039 -13.052 -13.046 -12.492 -12.104 -11.603 -13.023
0.270871 -10.904 -11.289 -11.829 -12.656 -12.98 -13.11 -12.296 -12.721 -12.981 -13.108 -13.076 -12.936 -12.71 -13.037 -13.112 -13.042 -12.914 -13.068 -13.119 -13.05 -12.958 -12.905 -13.072 -13.082 -13.082 -12.538 -12.152 -11.653 -13.055
0.279064 -10.89 -11.277 -11.827 -12.669 -13.003 -13.14 -12.311 -12.736 -13.004 -13.139 -13.112 -12.976 -12.724 -13.063 -13.145 -13.08 -12.955 -13.094 -13.153 -13.088 -12.998 -12.947 -13.105 -13.111 -13.118 -12.583 -12.2 -11.702 -13.087
0.287504 -10.875 -11.263 -11.825 -12.681 -13.026 -13.17 -12.325 -12.751 -13.026 -13.169 -13.148 -13.017 -12.738 -13.088 -13.179 -13.118 -12.996 -13.121 -13.187 -13.126 -13.038 -12.989 -13.137 -13.14 -13.153 -12.628 -12.247 -11.752 -13.119
0.296199 -10.859 -11.249 -11.822 -12.694 -13.048 -13.2 -12.338 -12.765 -13.049 -13.199 -13.184 -13.057 -12.751 -13.113 -13.212 -13.156 -13.036 -13.147 -13.22 -13.163 -13.078 -13.03 -13.17 -13.169 -13.188 -12.674 -12.295 -11.801 -13.15
0.305157 -10.843 -11.234 -11.819 -12.705 -13.069 -13.229 -12.351 -12.778 -13.07 -13.228 -13.219 -13.097 -12.764 -13.138 -13.245 -13.193 -13.077 -13.172 -13.253 -13.201 -13.118 -13.071 -13.202 -13.197 -13.223 -12.719 -12.342 -11.85 -13.182
0.314387 -10.826 -11.218 -11.815 -12.716 -13.091 -13.258 -12.364 -12.791 -13.092 -13.258 -13.254 -13.136 -12.777 -13.162 -13.278 -13.23 -13.117 -13.198 -13.285 -13.238 -13.158 -13.113 -13.234 -13.225 -13.258 -12.763 -12.389 -11.9 -13.213
0.323895 -10.808 -11.202 -11.81 -12.727 -13.111 -13.287 -12.377 -12.803 -13.113 -13.286 -13.288 -13.176 -12.788 -13.185 -13.31 -13.267 -13.157 -13.223 -13.318 -13.275 -13.198 -13.153 -13.265 -13.253 -13.292 -12.808 -12.437 -11.949 -13.243
0.333691 -10.79 -11.184 -11.805 -12.736 -13.132 -13.315 -12.389 -12.815 -13.133 -13.315 -13.323 -13.215 -12.8 -13.209 -13.342 -13.304 -13.197 -13.247 -13.35 -13.312 -13.237 -13.194 -13.297 -13.28 -13.326 -12.853 -12.484 -11.998 -13.274
0.343783 -10.771 -11.166 -11.799 -12.746 -13.152 -13.343 -12.401 -12.826 -13.153 -13.343 -13.357 -13.254 -12.81 -13.231 -13.374 -13.34 -13.237 -13.271 -13.382 -13.348 -13.276 -13.235 -13.328 -13.307 -13.36 -12.897 -12.531 -12.047 -13.304
0.354181 -10.752 -11.147 -11.792 -12.754 -13.171 -13.371 -12.413 -12.837 -13.173 -13.371 -13.391 -13.293 -12.82 -13.254 -13.405 -13.376 -13.277 -13.295 -13.413 -13.384 -13.315 -13.275 -13.359 -13.333 -13.393 -12.942 -12.578 -12.096 -13.334
0.364893 -10.732 -11.126 -11.785 -12.762 -13.19 -13.398 -12.424 -12.847 -13.192 -13.399 -13.424 -13.332 -12.83 -13.276 -13.436 -13.412 -13.316 -13.318 -13.444 -13.42 -13.354 -13.316 -13.389 -13.36 -13.426 -12.986 -12.624 -12.145 -13.364
0.375929 -10.711 -11.105 -11.776 -12.77 -13.208 -13.425 -12.435 -12.856 -13.211 -13.426 -13.458 -13.37 -12.839 -13.298 -13.467 -13.448 -13.355 -13.341 -13.475 -13.456 -13.392 -13.356 -13.419 -13.385 -13.459 -13.03 -12.671 -12.194 -13.393
0.387298 -10.689 -11.083 -11.768 -12.777 -13.226 -13.451 -12.446 -12.865 -13.229 -13.452 -13.491 -13.409 -12.847 -13.319 -13.497 -13.483 -13.394 -13.363 -13.506 -13.491 -13.431 -13.396 -13.449 -13.411 -13.492 -13.074 -12.718 -12.242 -13.422
0.399012 -10.668 -11.06 -11.758 -12.783 -13.244 -13.477 -12.456 -12.873 -13.246 -13.479 -13.523 -13.447 -12.854 -13.339 -13.527 -13.518 -13.433 -13.385 -13.536 -13.527 -13.469 -13.435 -13.478 -13.436 -13.524 -13.118 -12.764 -12.291 -13.451
0.41108 -10.645 -11.036 -11.748 -12.789 -13.261 -13.503 -12.466 -12.881 -13.263 -13.505 -13.556 -13.485 -12.861 -13.36 -13.557 -13.553 -13.471 -13.407 -13.566 -13.562 -13.507 -13.475 -13.507 -13.461 -13.556 -13.161 -12.81 -12.339 -13.479
0.423513 -10.622 -11.011 -11.737 -12.793 -13.277 -13.528 -12.475 -12.887 -13.28 -13.53 -13.588 -13.522 -12.868 -13.379 -13.587 -13.588 -13.509 -13.428 -13.595 -13.596 -13.544 -13.514 -13.536 -13.485 -13.588 -13.205 -12.857 -12.388 -13.507
0.436321 -10.598 -10.986 -11.725 -12.798 -13.293 -13.553 -12.484 -12.894 -13.296 -13.555 -13.62 -13.559 -12.873 -13.399 -13.616 -13.622 -13.547 -13.449 -13.624 -13.631 -13.582 -13.553 -13.565 -13.509 -13.619 -13.248 -12.903 -12.436 -13.535
0.449518 -10.574 -10.959 -11.712 -12.801 -13.309 -13.578 -12.493 -12.899 -13.312 -13.58 -13.651 -13.597 -12.878 -13.417 -13.644 -13.656 -13.585 -13.469 -13.653 -13.665 -13.619 -13.592 -13.593 -13.532 -13.65 -13.291 -12.949 -12.485 -13.562
0.463113 -10.549 -10.931 -11.699 -12.804 -13.323 -13.602 -12.501 -12.904 -13.327 -13.604 -13.683 -13.633 -12.883 -13.436 -13.673 -13.69 -13.623 -13.489 -13.681 -13.699 -13.656 -13.631 -13.621 -13.555 -13.681 -13.334 -12.995 -12.533 -13.589
0.47712 -10.523 -10.902 -11.685 -12.806 -13.338 -13.625 -12.509 -12.909 -13.342 -13.628 -13.713 -13.67 -12.886 -13.454 -13.701 -13.723 -13.66 -13.508 -13.71 -13.732 -13.692 -13.669 -13.648 -13.578 -13.712 -13.377 -13.041 -12.581 -13.616
0.49155 -10.497 -10.872 -11.67 -12.808 -13.352 -13.649 -12.516 -12.912 -13.355 -13.652 -13.744 -13.706 -12.889 -13.471 -13.728 -13.756 -13.697 -13.527 -13.737 -13.765 -13.729 -13.708 -13.675 -13.6 -13.742 -13.42 -13.086 -12.629 -13.642
0.506416 -10.471 -10.841 -11.654 -12.809 -13.365 -13.671 -12.523 -12.915 -13.369 -13.675 -13.774 -13.742 -12.892 -13.488 -13.755 -13.789 -13.734 -13.545 -13.765 -13.798 -13.765 -13.746 -13.702 -13.621 -13.772 -13.462 -13.132 -12.677 -13.669
0.521733 -10.444 -10.809 -11.638 -12.809 -13.377 -13.694 -12.53 -12.918 -13.382 -13.697 -13.804 -13.778 -12.893 -13.504 -13.782 -13.821 -13.771 -13.563 -13.791 -13.831 -13.801 -13.784 -13.728 -13.643 -13.801 -13.505 -13.177 -12.725 -13.694
0.537512 -10.416 -10.776 -11.62 -12.808 -13.389 -13.715 -12.536 -12.919 -13.394 -13.719 -13.833 -13.814 -12.894 -13.52 -13.809 -13.854 -13.807 -13.58 -13.818 -13.863 -13.837 -13.821 -13.755 -13.663 -13.83 -13.547 -13.222 -12.772 -13.72
0.553769 -10.388 -10.742 -11.602 -12.807 -13.401 -13.737 -12.542 -12.92 -13.406 -13.741 -13.863 -13.849 -12.894 -13.535 -13.835 -13.885 -13.843 -13.597 -13.844 -13.895 -13.872 -13.859 -13.78 -13.684 -13.859 -13.589 -13.268 -12.82 -13.745
0.570517 -10.359 -10.707 -11.583 -12.804 -13.412 -13.757 -12.547 -12.92 -13.417 -13.762 -13.891 -13.884 -12.894 -13.549 -13.86 -13.917 -13.879 -13.613 -13.87 -13.927 -13.907 -13.896 -13.805 -13.704 -13.887 -13.631 -13.313 -12.868 -13.769
0.587772 -10.33 -10.67 -11.563 -12.801 -13.422 -13.778 -12.552 -12.92 -13.427 -13.783 -13.92 -13.919 -12.892 -13.563 -13.885 -13.948 -13.914 -13.629 -13.895 -13.958 -13.942 -13.933 -13.83 -13.723 -13.915 -13.672 -13.357 -12.915 -13.794
0.605549 -10.301 -10.633 -11.542 -12.798 -13.431 -13.798 -12.557 -12.918 -13.437 -13.803 -13.948 -13.953 -12.89 -13.577 -13.91 -13.979 -13.95 -13.644 -13.92 -13.989 -13.976 -13.969 -13.855 -13.742 -13.942 -13.714 -13.402 -12.962 -13.818
