web/models/kne.last_good/kappa_1_10/32/villar_0.0015_0.4843_10.0000.dat
# %ECSV 1.0
# ---
# datatype:
# - {name: time, datatype: float64}
# - {name: swift_uvot_uvw2, datatype: float64}
# - {name: swift_uvot_uvm2, datatype: float64}
# - {name: swift_uvot_uvw1, datatype: float64}
# - {name: swift_uvot_U, datatype: float64}
# - {name: swift_uvot_B, datatype: float64}
# - {name: swift_uvot_V, datatype: float64}
# - {name: swift_uvot_W, datatype: float64}
# - {name: johnson_U, datatype: float64}
# - {name: johnson_B, datatype: float64}
# - {name: johnson_V, datatype: float64}
# - {name: johnson_R, datatype: float64}
# - {name: johnson_I, datatype: float64}
# - {name: sdss_u, datatype: float64}
# - {name: sdss_g, datatype: float64}
# - {name: sdss_r, datatype: float64}
# - {name: sdss_i, datatype: float64}
# - {name: sdss_z, datatype: float64}
# - {name: PS1_g, datatype: float64}
# - {name: PS1_r, datatype: float64}
# - {name: PS1_i, datatype: float64}
# - {name: PS1_z, datatype: float64}
# - {name: PS1_Y, datatype: float64}
# - {name: PS1_w, datatype: float64}
# - {name: ATLAS_c, datatype: float64}
# - {name: ATLAS_o, datatype: float64}
# - {name: ukirt_J, datatype: float64}
# - {name: ukirt_H, datatype: float64}
# - {name: ukirt_K, datatype: float64}
# - {name: Clear, datatype: float64}
# meta: !!omap
# - comment: [kappa = 10.0, type = villar, mass = 0.001513321957917195, velocity = 0.48433333333333334, theta_obs = 0.0]
# schema: astropy-2.0
time swift_uvot_uvw2 swift_uvot_uvm2 swift_uvot_uvw1 swift_uvot_U swift_uvot_B swift_uvot_V swift_uvot_W johnson_U johnson_B johnson_V johnson_R johnson_I sdss_u sdss_g sdss_r sdss_i sdss_z PS1_g PS1_r PS1_i PS1_z PS1_Y PS1_w ATLAS_c ATLAS_o ukirt_J ukirt_H ukirt_K Clear
[from data line 150]
0.087304 -6.587 -6.568 -7.852 -9.427 -10.341 -10.922 -9.41 -9.597 -10.354 -10.936 -11.249 -11.39 -9.551 -10.57 -11.139 -11.337 -11.403 -10.674 -11.153 -11.351 -11.415 -11.456 -11.087 -10.851 -11.233 -11.3 -11.059 -10.676 -11.045
0.089944 -6.56 -6.508 -7.816 -9.408 -10.338 -10.932 -9.406 -9.581 -10.351 -10.946 -11.269 -11.418 -9.534 -10.572 -11.155 -11.361 -11.433 -10.679 -11.17 -11.376 -11.444 -11.488 -11.104 -10.86 -11.253 -11.338 -11.102 -10.722 -11.062
0.092665 -6.535 -6.447 -7.778 -9.387 -10.334 -10.941 -9.402 -9.563 -10.348 -10.956 -11.29 -11.447 -9.515 -10.574 -11.171 -11.385 -11.462 -10.683 -11.186 -11.399 -11.473 -11.519 -11.12 -10.869 -11.273 -11.376 -11.144 -10.767 -11.079
0.095467 -6.509 -6.384 -7.74 -9.366 -10.329 -10.95 -9.398 -9.545 -10.344 -10.965 -11.309 -11.475 -9.495 -10.574 -11.186 -11.408 -11.491 -10.686 -11.201 -11.422 -11.501 -11.55 -11.136 -10.877 -11.291 -11.413 -11.185 -10.812 -11.095
0.098355 -6.485 -6.319 -7.7 -9.343 -10.324 -10.958 -9.392 -9.525 -10.339 -10.973 -11.328 -11.502 -9.474 -10.574 -11.2 -11.43 -11.519 -10.688 -11.216 -11.445 -11.528 -11.581 -11.151 -10.884 -11.31 -11.45 -11.227 -10.857 -11.111
0.101329 -6.461 -6.253 -7.66 -9.319 -10.317 -10.965 -9.386 -9.504 -10.333 -10.981 -11.346 -11.529 -9.452 -10.573 -11.214 -11.452 -11.547 -10.689 -11.23 -11.467 -11.555 -11.611 -11.166 -10.891 -11.328 -11.486 -11.268 -10.902 -11.126
0.104394 -6.439 -6.185 -7.618 -9.294 -10.31 -10.971 -9.379 -9.482 -10.326 -10.987 -11.364 -11.556 -9.428 -10.571 -11.227 -11.474 -11.575 -10.69 -11.243 -11.489 -11.582 -11.641 -11.18 -10.896 -11.345 -11.523 -11.309 -10.947 -11.14
0.107551 -6.417 -6.116 -7.575 -9.267 -10.301 -10.976 -9.372 -9.459 -10.318 -10.993 -11.382 -11.582 -9.404 -10.568 -11.239 -11.494 -11.602 -10.69 -11.256 -11.51 -11.608 -11.671 -11.194 -10.901 -11.361 -11.559 -11.35 -10.991 -11.154
0.110804 -6.396 -6.045 -7.531 -9.24 -10.292 -10.981 -9.364 -9.434 -10.309 -10.999 -11.398 -11.607 -9.378 -10.564 -11.251 -11.515 -11.629 -10.689 -11.268 -11.531 -11.634 -11.7 -11.206 -10.905 -11.377 -11.595 -11.39 -11.036 -11.167
0.114155 -6.376 -5.972 -7.486 -9.211 -10.282 -10.985 -9.355 -9.409 -10.299 -11.003 -11.414 -11.633 -9.351 -10.559 -11.262 -11.534 -11.655 -10.687 -11.279 -11.551 -11.659 -11.729 -11.219 -10.909 -11.393 -11.63 -11.431 -11.08 -11.18
0.117608 -6.357 -5.897 -7.44 -9.181 -10.27 -10.988 -9.346 -9.382 -10.289 -11.007 -11.43 -11.657 -9.323 -10.554 -11.272 -11.554 -11.681 -10.684 -11.29 -11.57 -11.684 -11.757 -11.23 -10.912 -11.407 -11.665 -11.471 -11.124 -11.193
0.121165 -6.339 -5.821 -7.392 -9.149 -10.258 -10.99 -9.335 -9.354 -10.277 -11.01 -11.444 -11.681 -9.294 -10.547 -11.281 -11.572 -11.706 -10.681 -11.3 -11.589 -11.708 -11.785 -11.241 -10.913 -11.421 -11.7 -11.511 -11.168 -11.204
0.124829 -6.323 -5.743 -7.343 -9.117 -10.244 -10.991 -9.324 -9.325 -10.264 -11.012 -11.459 -11.705 -9.263 -10.54 -11.29 -11.59 -11.73 -10.676 -11.309 -11.607 -11.732 -11.812 -11.252 -10.914 -11.435 -11.734 -11.55 -11.212 -11.216
0.128605 -6.308 -5.663 -7.294 -9.083 -10.23 -10.991 -9.313 -9.294 -10.25 -11.013 -11.472 -11.728 -9.231 -10.531 -11.298 -11.607 -11.755 -10.671 -11.317 -11.625 -11.755 -11.839 -11.261 -10.915 -11.447 -11.768 -11.589 -11.255 -11.226
0.132494 -6.294 -5.581 -7.242 -9.047 -10.214 -10.991 -9.3 -9.262 -10.235 -11.013 -11.485 -11.751 -9.197 -10.521 -11.305 -11.624 -11.778 -10.664 -11.325 -11.642 -11.778 -11.865 -11.27 -10.914 -11.46 -11.802 -11.629 -11.298 -11.236
0.136502 -6.281 -5.497 -7.19 -9.01 -10.197 -10.989 -9.287 -9.229 -10.219 -11.012 -11.497 -11.773 -9.162 -10.511 -11.311 -11.64 -11.801 -10.657 -11.332 -11.658 -11.8 -11.891 -11.278 -10.912 -11.471 -11.835 -11.667 -11.341 -11.246
0.14063 -6.269 -5.412 -7.137 -8.972 -10.179 -10.987 -9.273 -9.194 -10.202 -11.011 -11.508 -11.794 -9.126 -10.499 -11.317 -11.655 -11.824 -10.649 -11.338 -11.674 -11.822 -11.917 -11.286 -10.91 -11.481 -11.868 -11.706 -11.384 -11.254
0.144883 -6.259 -5.324 -7.082 -8.932 -10.16 -10.983 -9.258 -9.158 -10.183 -11.008 -11.519 -11.815 -9.088 -10.486 -11.321 -11.67 -11.846 -10.64 -11.343 -11.689 -11.843 -11.942 -11.293 -10.907 -11.491 -11.901 -11.744 -11.427 -11.262
0.149265 -6.25 -5.235 -7.026 -8.891 -10.139 -10.979 -9.242 -9.12 -10.164 -11.004 -11.529 -11.836 -9.049 -10.473 -11.325 -11.684 -11.867 -10.629 -11.347 -11.703 -11.863 -11.966 -11.299 -10.902 -11.5 -11.933 -11.782 -11.469 -11.27
0.15378 -6.243 -5.143 -6.968 -8.848 -10.117 -10.974 -9.226 -9.081 -10.143 -11.0 -11.538 -11.855 -9.008 -10.458 -11.328 -11.697 -11.888 -10.618 -11.351 -11.717 -11.883 -11.99 -11.304 -10.897 -11.509 -11.965 -11.819 -11.512 -11.277
0.15843 -6.237 -5.05 -6.909 -8.803 -10.094 -10.967 -9.208 -9.04 -10.121 -10.994 -11.546 -11.874 -8.966 -10.441 -11.33 -11.709 -11.909 -10.606 -11.354 -11.73 -11.902 -12.013 -11.308 -10.891 -11.516 -11.996 -11.857 -11.554 -11.283
0.163222 -6.232 -4.954 -6.849 -8.757 -10.07 -10.96 -9.19 -8.998 -10.097 -10.988 -11.554 -11.893 -8.922 -10.424 -11.331 -11.721 -11.928 -10.592 -11.355 -11.742 -11.92 -12.036 -11.312 -10.883 -11.523 -12.027 -11.894 -11.595 -11.288
0.168159 -6.228 -4.857 -6.788 -8.709 -10.044 -10.951 -9.171 -8.954 -10.073 -10.98 -11.56 -11.911 -8.876 -10.406 -11.331 -11.732 -11.947 -10.578 -11.356 -11.753 -11.938 -12.058 -11.315 -10.875 -11.529 -12.057 -11.93 -11.637 -11.293
0.173245 -6.226 -4.757 -6.725 -8.66 -10.017 -10.941 -9.15 -8.909 -10.047 -10.971 -11.566 -11.928 -8.829 -10.386 -11.331 -11.742 -11.965 -10.562 -11.356 -11.764 -11.955 -12.08 -11.317 -10.866 -11.534 -12.087 -11.967 -11.678 -11.297
0.178484 -6.224 -4.656 -6.661 -8.609 -9.989 -10.93 -9.129 -8.861 -10.019 -10.961 -11.571 -11.944 -8.779 -10.365 -11.329 -11.751 -11.983 -10.546 -11.355 -11.773 -11.972 -12.101 -11.318 -10.855 -11.538 -12.117 -12.003 -11.719 -11.301
0.183882 -6.224 -4.552 -6.596 -8.556 -9.959 -10.918 -9.107 -8.813 -9.99 -10.95 -11.575 -11.96 -8.729 -10.342 -11.326 -11.76 -12.0 -10.528 -11.353 -11.782 -11.987 -12.122 -11.318 -10.844 -11.541 -12.146 -12.038 -11.76 -11.303
0.189444 -6.225 -4.447 -6.529 -8.501 -9.928 -10.905 -9.084 -8.762 -9.96 -10.938 -11.578 -11.975 -8.676 -10.318 -11.322 -11.767 -12.016 -10.509 -11.35 -11.79 -12.002 -12.141 -11.318 -10.831 -11.543 -12.174 -12.073 -11.8 -11.305
0.195173 -6.228 -4.339 -6.46 -8.444 -9.895 -10.891 -9.06 -8.709 -9.928 -10.925 -11.581 -11.989 -8.621 -10.293 -11.317 -11.774 -12.032 -10.488 -11.346 -11.798 -12.017 -12.16 -11.316 -10.817 -11.545 -12.202 -12.108 -11.841 -11.306
0.201076 -6.231 -4.229 -6.391 -8.385 -9.861 -10.875 -9.034 -8.655 -9.895 -10.91 -11.582 -12.003 -8.565 -10.267 -11.311 -11.78 -12.046 -10.467 -11.34 -11.804 -12.03 -12.179 -11.313 -10.802 -11.545 -12.23 -12.143 -11.881 -11.307
0.207158 -6.235 -4.118 -6.319 -8.325 -9.825 -10.858 -9.008 -8.599 -9.86 -10.894 -11.582 -12.015 -8.506 -10.239 -11.303 -11.784 -12.06 -10.444 -11.334 -11.809 -12.043 -12.197 -11.31 -10.786 -11.544 -12.257 -12.177 -11.92 -11.306
0.213423 -6.24 -4.005 -6.246 -8.262 -9.787 -10.839 -8.981 -8.54 -9.824 -10.877 -11.582 -12.027 -8.446 -10.209 -11.295 -11.788 -12.073 -10.42 -11.327 -11.814 -12.055 -12.214 -11.305 -10.768 -11.543 -12.283 -12.21 -11.959 -11.305
0.219878 -6.245 -3.889 -6.172 -8.197 -9.748 -10.819 -8.952 -8.48 -9.786 -10.858 -11.58 -12.038 -8.383 -10.178 -11.285 -11.791 -12.086 -10.395 -11.318 -11.817 -12.066 -12.23 -11.3 -10.749 -11.54 -12.309 -12.244 -11.998 -11.303
0.226528 -6.252 -3.773 -6.096 -8.13 -9.706 -10.798 -8.922 -8.418 -9.746 -10.838 -11.577 -12.048 -8.319 -10.145 -11.274 -11.793 -12.097 -10.368 -11.308 -11.82 -12.076 -12.245 -11.293 -10.729 -11.536 -12.334 -12.276 -12.037 -11.3
0.233379 -6.259 -3.654 -6.018 -8.061 -9.664 -10.775 -8.891 -8.353 -9.704 -10.816 -11.573 -12.058 -8.252 -10.111 -11.262 -11.794 -12.108 -10.34 -11.297 -11.821 -12.085 -12.26 -11.285 -10.708 -11.531 -12.359 -12.309 -12.076 -11.296
0.240437 -6.267 -3.534 -5.939 -7.99 -9.619 -10.751 -8.859 -8.286 -9.661 -10.793 -11.568 -12.066 -8.182 -10.075 -11.249 -11.793 -12.117 -10.31 -11.285 -11.821 -12.093 -12.274 -11.277 -10.685 -11.525 -12.383 -12.34 -12.114 -11.291
0.247709 -6.275 -3.415 -5.86 -7.917 -9.573 -10.726 -8.826 -8.218 -9.617 -10.769 -11.562 -12.074 -8.112 -10.038 -11.234 -11.792 -12.126 -10.28 -11.272 -11.821 -12.101 -12.287 -11.267 -10.661 -11.518 -12.406 -12.372 -12.151 -11.286
0.255201 -6.288 -3.428 -5.872 -7.93 -9.586 -10.738 -8.839 -8.231 -9.629 -10.782 -11.575 -12.086 -8.125 -10.051 -11.247 -11.805 -12.139 -10.293 -11.284 -11.834 -12.114 -12.3 -11.28 -10.673 -11.531 -12.419 -12.384 -12.164 -11.299
0.262919 -6.3 -3.44 -5.885 -7.942 -9.598 -10.751 -8.851 -8.243 -9.642 -10.795 -11.587 -12.099 -8.137 -10.063 -11.259 -11.817 -12.151 -10.305 -11.297 -11.846 -12.126 -12.312 -11.292 -10.686 -11.543 -12.431 -12.397 -12.176 -11.311
0.270871 -6.312 -3.452 -5.897 -7.954 -9.61 -10.763 -8.863 -8.255 -9.654 -10.807 -11.599 -12.111 -8.149 -10.075 -11.271 -11.829 -12.164 -10.317 -11.309 -11.858 -12.138 -12.324 -11.304 -10.698 -11.555 -12.443 -12.409 -12.188 -11.323
0.279064 -6.324 -3.464 -5.909 -7.966 -9.622 -10.775 -8.875 -8.267 -9.666 -10.818 -11.611 -12.123 -8.161 -10.087 -11.283 -11.841 -12.175 -10.329 -11.321 -11.87 -12.15 -12.336 -11.316 -10.71 -11.567 -12.455 -12.421 -12.2 -11.335
0.287504 -6.335 -3.475 -5.92 -7.977 -9.633 -10.786 -8.886 -8.278 -9.677 -10.83 -11.623 -12.134 -8.172 -10.098 -11.295 -11.853 -12.187 -10.34 -11.332 -11.881 -12.161 -12.348 -11.327 -10.721 -11.578 -12.467 -12.432 -12.211 -11.346
0.296199 -6.346 -3.486 -5.931 -7.988 -9.644 -10.797 -8.897 -8.29 -9.688 -10.841 -11.634 -12.145 -8.183 -10.109 -11.306 -11.864 -12.198 -10.351 -11.343 -11.892 -12.172 -12.359 -11.338 -10.732 -11.589 -12.478 -12.443 -12.222 -11.357
0.305157 -6.357 -3.497 -5.942 -7.999 -9.655 -10.808 -8.908 -8.3 -9.699 -10.851 -11.644 -12.156 -8.194 -10.12 -11.316 -11.874 -12.208 -10.362 -11.354 -11.903 -12.183 -12.369 -11.349 -10.743 -11.6 -12.488 -12.454 -12.233 -11.368
0.314387 -6.367 -3.507 -5.952 -8.009 -9.665 -10.818 -8.918 -8.31 -9.709 -10.862 -11.654 -12.166 -8.204 -10.13 -11.326 -11.884 -12.219 -10.372 -11.364 -11.913 -12.193 -12.379 -11.359 -10.753 -11.61 -12.498 -12.464 -12.243 -11.378
0.323895 -6.377 -3.517 -5.962 -8.019 -9.675 -10.828 -8.928 -8.32 -9.719 -10.871 -11.664 -12.176 -8.214 -10.14 -11.336 -11.894 -12.228 -10.382 -11.374 -11.923 -12.203 -12.389 -11.369 -10.763 -11.62 -12.508 -12.474 -12.253 -11.388
0.333691 -6.386 -3.526 -5.971 -8.028 -9.684 -10.837 -8.937 -8.33 -9.728 -10.881 -11.674 -12.185 -8.223 -10.149 -11.346 -11.904 -12.238 -10.391 -11.383 -11.932 -12.212 -12.399 -11.378 -10.772 -11.629 -12.518 -12.483 -12.262 -11.397
0.343783 -6.395 -3.535 -5.98 -8.037 -9.693 -10.846 -8.946 -8.338 -9.737 -10.89 -11.682 -12.194 -8.232 -10.158 -11.354 -11.913 -12.247 -10.4 -11.392 -11.941 -12.221 -12.407 -11.387 -10.781 -11.638 -12.526 -12.492 -12.271 -11.406
0.354181 -6.404 -3.544 -5.988 -8.046 -9.702 -10.854 -8.955 -8.347 -9.745 -10.898 -11.691 -12.202 -8.241 -10.167 -11.363 -11.921 -12.255 -10.409 -11.4 -11.95 -12.229 -12.416 -11.396 -10.789 -11.647 -12.535 -12.5 -12.28 -11.415
0.364893 -6.412 -3.552 -5.996 -8.053 -9.709 -10.862 -8.962 -8.355 -9.753 -10.906 -11.699 -12.21 -8.249 -10.175 -11.371 -11.929 -12.263 -10.417 -11.408 -11.958 -12.237 -12.424 -11.403 -10.797 -11.655 -12.543 -12.508 -12.288 -11.423
0.375929 -6.419 -3.559 -6.004 -8.061 -9.717 -10.87 -8.97 -8.362 -9.761 -10.913 -11.706 -12.218 -8.256 -10.182 -11.378 -11.936 -12.27 -10.424 -11.416 -11.965 -12.245 -12.431 -11.411 -10.805 -11.662 -12.55 -12.516 -12.295 -11.43
0.387298 -6.426 -3.566 -6.01 -8.068 -9.724 -10.876 -8.977 -8.369 -9.767 -10.92 -11.713 -12.225 -8.263 -10.189 -11.385 -11.943 -12.277 -10.431 -11.422 -11.972 -12.252 -12.438 -11.418 -10.811 -11.669 -12.557 -12.522 -12.302 -11.437
0.399012 -6.432 -3.572 -6.017 -8.074 -9.73 -10.883 -8.983 -8.375 -9.774 -10.927 -11.719 -12.231 -8.269 -10.195 -11.391 -11.949 -12.283 -10.437 -11.429 -11.978 -12.258 -12.444 -11.424 -10.818 -11.675 -12.563 -12.529 -12.308 -11.443
0.41108 -6.438 -3.578 -6.022 -8.08 -9.736 -10.888 -8.989 -8.381 -9.779 -10.932 -11.725 -12.236 -8.275 -10.201 -11.397 -11.955 -12.289 -10.443 -11.434 -11.984 -12.264 -12.45 -11.43 -10.823 -11.681 -12.569 -12.534 -12.314 -11.449
0.423513 -6.443 -3.583 -6.027 -8.085 -9.741 -10.893 -8.994 -8.386 -9.784 -10.937 -11.73 -12.241 -8.28 -10.206 -11.402 -11.96 -12.294 -10.448 -11.439 -11.989 -12.269 -12.455 -11.435 -10.828 -11.686 -12.574 -12.539 -12.319 -11.454
0.436321 -6.447 -3.587 -6.032 -8.089 -9.745 -10.898 -8.998 -8.39 -9.789 -10.942 -11.734 -12.246 -8.284 -10.21 -11.406 -11.964 -12.298 -10.452 -11.444 -11.993 -12.273 -12.459 -11.439 -10.833 -11.69 -12.578 -12.544 -12.323 -11.458
0.449518 -6.451 -3.591 -6.035 -8.093 -9.749 -10.901 -9.002 -8.394 -9.792 -10.945 -11.738 -12.249 -8.288 -10.214 -11.41 -11.968 -12.302 -10.456 -11.447 -11.997 -12.277 -12.463 -11.443 -10.836 -11.694 -12.582 -12.547 -12.327 -11.462
0.463113 -6.454 -3.594 -6.038 -8.095 -9.752 -10.904 -9.004 -8.397 -9.795 -10.948 -11.741 -12.252 -8.291 -10.217 -11.413 -11.971 -12.305 -10.459 -11.45 -12.0 -12.279 -12.466 -11.445 -10.839 -11.697 -12.585 -12.55 -12.33 -11.465
0.47712 -6.456 -3.596 -6.04 -8.098 -9.754 -10.906 -9.007 -8.399 -9.797 -10.95 -11.743 -12.254 -8.293 -10.219 -11.415 -11.973 -12.307 -10.461 -11.452 -12.002 -12.282 -12.468 -11.448 -10.841 -11.699 -12.587 -12.552 -12.332 -11.467
0.49155 -6.457 -3.597 -6.042 -8.099 -9.755 -10.908 -9.008 -8.4 -9.799 -10.952 -11.744 -12.256 -8.294 -10.22 -11.416 -11.974 -12.308 -10.462 -11.454 -12.003 -12.283 -12.469 -11.449 -10.843 -11.7 -12.588 -12.554 -12.333 -11.468
0.506416 -6.458 -3.598 -6.042 -8.099 -9.755 -10.908 -9.008 -8.401 -9.799 -10.952 -11.745 -12.256 -8.294 -10.221 -11.417 -11.975 -12.309 -10.463 -11.454 -12.004 -12.283 -12.47 -11.449 -10.843 -11.701 -12.589 -12.554 -12.334 -11.469
0.521733 -6.457 -3.597 -6.042 -8.099 -9.755 -10.908 -9.008 -8.4 -9.799 -10.952 -11.744 -12.256 -8.294 -10.22 -11.416 -11.974 -12.309 -10.462 -11.454 -12.003 -12.283 -12.469 -11.449 -10.843 -11.7 -12.588 -12.554 -12.333 -11.468
0.537512 -6.456 -3.596 -6.04 -8.098 -9.754 -10.906 -9.007 -8.399 -9.797 -10.95 -11.743 -12.254 -8.293 -10.219 -11.415 -11.973 -12.307 -10.461 -11.452 -12.002 -12.282 -12.468 -11.448 -10.841 -11.699 -12.587 -12.552 -12.332 -11.467
0.553769 -6.453 -3.593 -6.038 -8.095 -9.751 -10.904 -9.004 -8.396 -9.795 -10.948 -11.741 -12.252 -8.29 -10.216 -11.413 -11.971 -12.305 -10.458 -11.45 -11.999 -12.279 -12.466 -11.445 -10.839 -11.696 -12.585 -12.55 -12.329 -11.464
0.570517 -6.45 -3.59 -6.035 -8.092 -9.748 -10.901 -9.001 -8.393 -9.792 -10.944 -11.737 -12.249 -8.287 -10.213 -11.409 -11.967 -12.301 -10.455 -11.447 -11.996 -12.276 -12.462 -11.442 -10.836 -11.693 -12.581 -12.547 -12.326 -11.461
0.587772 -6.445 -3.585 -6.03 -8.087 -9.743 -10.896 -8.996 -8.389 -9.787 -10.94 -11.733 -12.244 -8.282 -10.208 -11.405 -11.963 -12.297 -10.45 -11.442 -11.991 -12.271 -12.458 -11.437 -10.831 -11.688 -12.577 -12.542 -12.321 -11.456
0.605549 -6.44 -3.58 -6.024 -8.082 -9.738 -10.89 -8.99 -8.383 -9.781 -10.934 -11.727 -12.238 -8.277 -10.203 -11.399 -11.957 -12.291 -10.445 -11.436 -11.986 -12.265 -12.452 -11.431 -10.825 -11.683 -12.571 -12.536 -12.316 -11.451
0.623863 -6.433 -3.573 -6.017 -8.075 -9.731 -10.883 -8.984 -8.376 -9.774 -10.927 -11.72 -12.231 -8.27 -10.196 -11.392 -11.95 -12.284 -10.438 -11.429 -11.979 -12.259 -12.445 -11.425 -10.818 -11.676 -12.564 -12.529 -12.309 -11.444
0.642731 -6.424 -3.564 -6.009 -8.066 -9.722 -10.875 -8.975 -8.368 -9.766 -10.919 -11.712 -12.223 -8.261 -10.187 -11.384 -11.942 -12.276 -10.43 -11.421 -11.97 -12.25 -12.437 -11.416 -10.81 -11.667 -12.556 -12.521 -12.3 -11.435
0.66217 -6.415 -3.555 -5.999 -8.057 -9.713 -10.865 -8.966 -8.358 -9.756 -10.909 -11.702 -12.213 -8.252 -10.178 -11.374 -11.932 -12.266 -10.42 -11.411 -11.961 -12.241 -12.427 -11.407 -10.8 -11.658 -12.546 -12.511 -12.291 -11.426
