web/models/kne.last_good/kappa_0.5_3.0.v2/33/villar_0.2686_0.1397_3.0000.dat
# %ECSV 1.0
# ---
# datatype:
# - {name: time, datatype: float64}
# - {name: swift_uvot_uvw2, datatype: float64}
# - {name: swift_uvot_uvm2, datatype: float64}
# - {name: swift_uvot_uvw1, datatype: float64}
# - {name: swift_uvot_U, datatype: float64}
# - {name: swift_uvot_B, datatype: float64}
# - {name: swift_uvot_V, datatype: float64}
# - {name: swift_uvot_W, datatype: float64}
# - {name: johnson_U, datatype: float64}
# - {name: johnson_B, datatype: float64}
# - {name: johnson_V, datatype: float64}
# - {name: johnson_R, datatype: float64}
# - {name: johnson_I, datatype: float64}
# - {name: sdss_u, datatype: float64}
# - {name: sdss_g, datatype: float64}
# - {name: sdss_r, datatype: float64}
# - {name: sdss_i, datatype: float64}
# - {name: sdss_z, datatype: float64}
# - {name: PS1_g, datatype: float64}
# - {name: PS1_r, datatype: float64}
# - {name: PS1_i, datatype: float64}
# - {name: PS1_z, datatype: float64}
# - {name: PS1_Y, datatype: float64}
# - {name: PS1_w, datatype: float64}
# - {name: ATLAS_c, datatype: float64}
# - {name: ATLAS_o, datatype: float64}
# - {name: ukirt_J, datatype: float64}
# - {name: ukirt_H, datatype: float64}
# - {name: ukirt_K, datatype: float64}
# - {name: Clear, datatype: float64}
# meta: !!omap
# - comment: [kappa = 3.0, type = villar, mass = 0.2685795883840597, velocity = 0.13966666666666672, theta_obs = 0.0, tfloor = 2500.0]
# schema: astropy-2.0
time swift_uvot_uvw2 swift_uvot_uvm2 swift_uvot_uvw1 swift_uvot_U swift_uvot_B swift_uvot_V swift_uvot_W johnson_U johnson_B johnson_V johnson_R johnson_I sdss_u sdss_g sdss_r sdss_i sdss_z PS1_g PS1_r PS1_i PS1_z PS1_Y PS1_w ATLAS_c ATLAS_o ukirt_J ukirt_H ukirt_K Clear
[from data line 271]
3.212194 -13.478 -13.81 -14.712 -15.96 -16.587 -16.949 -15.715 -16.079 -16.593 -16.954 -17.095 -17.098 -16.051 -16.731 -17.059 -17.125 -17.094 -16.798 -17.069 -17.136 -17.122 -17.115 -17.004 -16.894 -17.09 -16.855 -16.542 -16.101 -16.969
3.309345 -13.329 -13.64 -14.581 -15.867 -16.526 -16.911 -15.643 -15.992 -16.532 -16.917 -17.077 -17.094 -15.963 -16.679 -17.033 -17.113 -17.092 -16.75 -17.043 -17.124 -17.118 -17.117 -16.977 -16.854 -17.07 -16.868 -16.562 -16.127 -16.941
3.409434 -13.179 -13.465 -14.447 -15.772 -16.462 -16.872 -15.569 -15.902 -16.469 -16.878 -17.056 -17.089 -15.871 -16.624 -17.005 -17.099 -17.089 -16.699 -17.016 -17.11 -17.113 -17.117 -16.949 -16.812 -17.049 -16.879 -16.582 -16.153 -16.912
3.51255 -13.03 -13.285 -14.309 -15.673 -16.395 -16.83 -15.493 -15.809 -16.403 -16.837 -17.035 -17.083 -15.776 -16.567 -16.975 -17.084 -17.084 -16.646 -16.986 -17.096 -17.107 -17.117 -16.919 -16.768 -17.026 -16.89 -16.601 -16.178 -16.881
3.618785 -12.882 -13.101 -14.168 -15.571 -16.326 -16.786 -15.416 -15.713 -16.335 -16.794 -17.011 -17.075 -15.677 -16.508 -16.943 -17.068 -17.079 -16.591 -16.955 -17.08 -17.1 -17.115 -16.887 -16.722 -17.002 -16.9 -16.619 -16.204 -16.849
3.728232 -12.735 -12.911 -14.024 -15.465 -16.254 -16.74 -15.337 -15.613 -16.264 -16.749 -16.987 -17.067 -15.575 -16.446 -16.91 -17.05 -17.073 -16.534 -16.922 -17.062 -17.092 -17.113 -16.854 -16.674 -16.976 -16.91 -16.637 -16.229 -16.816
3.84099 -12.589 -12.717 -13.876 -15.356 -16.179 -16.692 -15.257 -15.51 -16.19 -16.702 -16.96 -17.057 -15.47 -16.381 -16.875 -17.031 -17.065 -16.474 -16.888 -17.044 -17.083 -17.109 -16.82 -16.624 -16.948 -16.919 -16.655 -16.253 -16.781
3.957158 -12.447 -12.518 -13.725 -15.243 -16.102 -16.641 -15.175 -15.404 -16.113 -16.653 -16.932 -17.047 -15.361 -16.315 -16.837 -17.01 -17.056 -16.412 -16.851 -17.023 -17.072 -17.105 -16.783 -16.572 -16.919 -16.927 -16.672 -16.278 -16.745
4.07684 -12.308 -12.314 -13.571 -15.127 -16.022 -16.589 -15.092 -15.294 -16.034 -16.601 -16.903 -17.034 -15.249 -16.245 -16.798 -16.988 -17.047 -16.348 -16.813 -17.002 -17.061 -17.1 -16.746 -16.518 -16.888 -16.935 -16.689 -16.302 -16.707
4.200141 -12.173 -12.105 -13.414 -15.007 -15.938 -16.534 -15.007 -15.18 -15.952 -16.548 -16.872 -17.021 -15.133 -16.173 -16.757 -16.964 -17.035 -16.281 -16.772 -16.978 -17.048 -17.093 -16.706 -16.462 -16.855 -16.941 -16.705 -16.325 -16.668
4.327172 -12.043 -11.891 -13.253 -14.884 -15.852 -16.476 -14.921 -15.064 -15.867 -16.492 -16.839 -17.007 -15.014 -16.098 -16.714 -16.938 -17.023 -16.212 -16.73 -16.954 -17.033 -17.086 -16.665 -16.403 -16.821 -16.947 -16.721 -16.349 -16.627
4.458044 -11.918 -11.671 -13.09 -14.757 -15.763 -16.417 -14.832 -14.943 -15.779 -16.433 -16.804 -16.991 -14.89 -16.021 -16.669 -16.912 -17.009 -16.14 -16.686 -16.927 -17.018 -17.078 -16.622 -16.343 -16.785 -16.953 -16.736 -16.372 -16.586
4.592874 -11.8 -11.447 -12.923 -14.626 -15.671 -16.355 -14.743 -14.819 -15.688 -16.373 -16.768 -16.974 -14.764 -15.941 -16.622 -16.883 -16.995 -16.066 -16.64 -16.899 -17.001 -17.068 -16.578 -16.28 -16.747 -16.957 -16.751 -16.395 -16.543
4.731783 -11.688 -11.218 -12.753 -14.491 -15.576 -16.29 -14.651 -14.691 -15.595 -16.31 -16.73 -16.955 -14.633 -15.858 -16.573 -16.853 -16.978 -15.99 -16.591 -16.87 -16.983 -17.057 -16.531 -16.215 -16.708 -16.961 -16.765 -16.418 -16.498
4.874892 -11.584 -10.983 -12.581 -14.352 -15.478 -16.224 -14.558 -14.56 -15.498 -16.244 -16.69 -16.936 -14.498 -15.773 -16.522 -16.821 -16.961 -15.911 -16.541 -16.839 -16.963 -17.046 -16.483 -16.147 -16.666 -16.964 -16.779 -16.44 -16.452
5.02233 -11.487 -10.744 -12.405 -14.21 -15.377 -16.154 -14.464 -14.425 -15.398 -16.176 -16.648 -16.915 -14.36 -15.685 -16.469 -16.787 -16.942 -15.829 -16.489 -16.806 -16.942 -17.033 -16.434 -16.077 -16.623 -16.966 -16.792 -16.462 -16.405
5.174227 -11.397 -10.5 -12.227 -14.064 -15.273 -16.082 -14.367 -14.286 -15.296 -16.106 -16.605 -16.892 -14.218 -15.594 -16.413 -16.752 -16.922 -15.746 -16.435 -16.772 -16.92 -17.019 -16.382 -16.005 -16.578 -16.967 -16.805 -16.484 -16.356
5.330718 -11.315 -10.251 -12.046 -13.914 -15.165 -16.008 -14.27 -14.143 -15.19 -16.033 -16.56 -16.868 -14.072 -15.5 -16.355 -16.715 -16.9 -15.659 -16.378 -16.736 -16.897 -17.003 -16.329 -15.931 -16.531 -16.967 -16.817 -16.506 -16.307
5.491942 -11.241 -9.997 -11.863 -13.759 -15.055 -15.931 -14.17 -13.997 -15.081 -15.958 -16.513 -16.843 -13.922 -15.403 -16.296 -16.677 -16.878 -15.571 -16.32 -16.698 -16.871 -16.987 -16.274 -15.854 -16.483 -16.967 -16.829 -16.527 -16.256
5.658042 -11.174 -9.739 -11.677 -13.601 -14.941 -15.851 -14.069 -13.847 -14.969 -15.88 -16.464 -16.816 -13.768 -15.304 -16.233 -16.636 -16.853 -15.479 -16.259 -16.658 -16.845 -16.969 -16.217 -15.775 -16.432 -16.966 -16.84 -16.548 -16.203
5.829166 -11.113 -9.477 -11.489 -13.439 -14.824 -15.769 -13.966 -13.692 -14.854 -15.8 -16.413 -16.788 -13.61 -15.201 -16.169 -16.594 -16.828 -15.386 -16.197 -16.617 -16.817 -16.951 -16.159 -15.694 -16.379 -16.964 -16.851 -16.569 -16.15
6.005465 -11.059 -9.212 -11.299 -13.273 -14.704 -15.684 -13.862 -13.534 -14.736 -15.717 -16.36 -16.759 -13.448 -15.096 -16.103 -16.55 -16.8 -15.29 -16.132 -16.574 -16.787 -16.931 -16.099 -15.61 -16.325 -16.961 -16.861 -16.589 -16.095
6.187096 -11.01 -8.944 -11.106 -13.102 -14.58 -15.597 -13.756 -13.372 -14.615 -15.632 -16.306 -16.728 -13.282 -14.987 -16.034 -16.504 -16.772 -15.192 -16.065 -16.529 -16.757 -16.909 -16.037 -15.524 -16.269 -16.957 -16.87 -16.609 -16.039
6.37422 -10.967 -8.673 -10.912 -12.928 -14.454 -15.507 -13.648 -13.206 -14.491 -15.544 -16.25 -16.695 -13.112 -14.876 -15.963 -16.456 -16.742 -15.091 -15.996 -16.483 -16.724 -16.887 -15.973 -15.436 -16.211 -16.952 -16.879 -16.629 -15.982
6.567004 -10.928 -8.401 -10.716 -12.75 -14.324 -15.414 -13.539 -13.036 -14.363 -15.454 -16.191 -16.662 -12.938 -14.762 -15.889 -16.407 -16.71 -14.989 -15.925 -16.435 -16.69 -16.863 -15.908 -15.345 -16.15 -16.946 -16.888 -16.648 -15.924
6.765619 -10.893 -8.129 -10.518 -12.567 -14.19 -15.318 -13.429 -12.863 -14.232 -15.36 -16.131 -16.626 -12.759 -14.645 -15.814 -16.356 -16.677 -14.884 -15.851 -16.385 -16.655 -16.838 -15.841 -15.252 -16.088 -16.94 -16.896 -16.667 -15.865
6.97024 -10.862 -7.859 -10.319 -12.381 -14.054 -15.22 -13.316 -12.685 -14.099 -15.265 -16.069 -16.59 -12.577 -14.525 -15.736 -16.302 -16.643 -14.777 -15.776 -16.333 -16.618 -16.812 -15.772 -15.156 -16.024 -16.932 -16.903 -16.686 -15.805
7.181051 -10.834 -7.592 -10.119 -12.19 -13.914 -15.119 -13.203 -12.503 -13.962 -15.167 -16.005 -16.551 -12.391 -14.402 -15.655 -16.247 -16.607 -14.669 -15.698 -16.279 -16.58 -16.785 -15.701 -15.058 -15.959 -16.924 -16.91 -16.705 -15.745
7.398237 -10.809 -7.331 -9.917 -11.995 -13.771 -15.016 -13.088 -12.318 -13.822 -15.066 -15.94 -16.512 -12.2 -14.276 -15.573 -16.191 -16.57 -14.559 -15.619 -16.224 -16.54 -16.756 -15.628 -14.958 -15.891 -16.915 -16.916 -16.723 -15.683
7.621991 -10.786 -7.079 -9.714 -11.796 -13.625 -14.91 -12.971 -12.128 -13.679 -14.963 -15.872 -16.471 -12.006 -14.147 -15.488 -16.132 -16.531 -14.447 -15.537 -16.167 -16.498 -16.727 -15.554 -14.855 -15.821 -16.905 -16.922 -16.742 -15.621
7.852513 -10.765 -6.839 -9.51 -11.594 -13.476 -14.801 -12.854 -11.935 -13.533 -14.857 -15.803 -16.428 -11.807 -14.016 -15.401 -16.071 -16.491 -14.334 -15.454 -16.108 -16.456 -16.696 -15.479 -14.751 -15.75 -16.894 -16.927 -16.759 -15.558
8.090007 -10.746 -6.614 -9.306 -11.387 -13.323 -14.689 -12.735 -11.737 -13.384 -14.748 -15.732 -16.384 -11.604 -13.881 -15.312 -16.009 -16.449 -14.219 -15.368 -16.047 -16.411 -16.664 -15.401 -14.644 -15.676 -16.882 -16.931 -16.777 -15.495
8.334684 -10.729 -6.407 -9.1 -11.176 -13.167 -14.575 -12.614 -11.536 -13.232 -14.637 -15.659 -16.339 -11.398 -13.744 -15.22 -15.945 -16.406 -14.104 -15.281 -15.985 -16.365 -16.63 -15.322 -14.534 -15.601 -16.869 -16.935 -16.794 -15.431
8.586761 -10.712 -6.221 -8.894 -10.962 -13.009 -14.458 -12.493 -11.331 -13.077 -14.524 -15.584 -16.292 -11.187 -13.604 -15.126 -15.879 -16.362 -13.988 -15.191 -15.921 -16.318 -16.596 -15.241 -14.423 -15.524 -16.856 -16.939 -16.812 -15.367
8.846461 -10.697 -6.058 -8.688 -10.743 -12.847 -14.339 -12.37 -11.123 -12.919 -14.408 -15.507 -16.244 -10.973 -13.461 -15.031 -15.812 -16.316 -13.872 -15.1 -15.856 -16.27 -16.561 -15.159 -14.309 -15.446 -16.841 -16.942 -16.829 -15.302
9.114017 -10.683 -5.918 -8.481 -10.521 -12.682 -14.217 -12.247 -10.91 -12.758 -14.29 -15.429 -16.195 -10.755 -13.316 -14.932 -15.742 -16.269 -13.756 -15.008 -15.788 -16.22 -16.524 -15.075 -14.193 -15.365 -16.826 -16.945 -16.845 -15.238
9.389664 -10.67 -5.8 -8.273 -10.295 -12.514 -14.093 -12.123 -10.694 -12.594 -14.17 -15.35 -16.144 -10.533 -13.168 -14.832 -15.671 -16.22 -13.64 -14.913 -15.72 -16.168 -16.486 -14.99 -14.076 -15.283 -16.81 -16.947 -16.862 -15.173
9.673648 -10.658 -5.704 -8.065 -10.065 -12.343 -13.967 -11.998 -10.475 -12.428 -14.047 -15.268 -16.092 -10.307 -13.017 -14.73 -15.599 -16.17 -13.524 -14.817 -15.649 -16.116 -16.448 -14.903 -13.956 -15.199 -16.793 -16.948 -16.878 -15.109
9.966221 -10.647 -5.626 -7.857 -9.832 -12.169 -13.838 -11.872 -10.252 -12.259 -13.922 -15.185 -16.039 -10.078 -12.864 -14.626 -15.524 -16.119 -13.41 -14.72 -15.578 -16.062 -16.408 -14.815 -13.834 -15.114 -16.775 -16.95 -16.894 -15.045
10.267642 -10.636 -5.563 -7.649 -9.595 -11.993 -13.706 -11.746 -10.026 -12.088 -13.795 -15.101 -15.985 -9.846 -12.708 -14.52 -15.448 -16.067 -13.298 -14.622 -15.505 -16.006 -16.367 -14.726 -13.71 -15.027 -16.757 -16.95 -16.91 -14.981
10.57818 -10.626 -5.514 -7.44 -9.355 -11.814 -13.573 -11.619 -9.796 -11.914 -13.666 -15.015 -15.929 -9.61 -12.55 -14.412 -15.371 -16.013 -13.188 -14.522 -15.43 -15.95 -16.326 -14.635 -13.585 -14.939 -16.738 -16.951 -16.926 -14.918
10.89811 -10.617 -5.476 -7.232 -9.112 -11.632 -13.437 -11.492 -9.564 -11.738 -13.535 -14.928 -15.873 -9.37 -12.39 -14.302 -15.292 -15.958 -13.08 -14.421 -15.355 -15.893 -16.284 -14.543 -13.458 -14.849 -16.718 -16.951 -16.942 -14.855
11.227716 -10.608 -5.446 -7.023 -8.866 -11.449 -13.299 -11.365 -9.328 -11.56 -13.402 -14.839 -15.815 -9.128 -12.228 -14.19 -15.212 -15.902 -12.976 -14.32 -15.278 -15.834 -16.241 -14.45 -13.329 -14.758 -16.697 -16.951 -16.958 -14.794
11.56729 -10.6 -5.422 -6.814 -8.617 -11.262 -13.16 -11.239 -9.09 -11.38 -13.267 -14.75 -15.757 -8.883 -12.063 -14.077 -15.13 -15.846 -12.875 -14.218 -15.2 -15.775 -16.197 -14.356 -13.199 -14.666 -16.676 -16.95 -16.973 -14.733
11.917135 -10.592 -5.403 -6.606 -8.365 -11.074 -13.018 -11.112 -8.849 -11.197 -13.131 -14.659 -15.697 -8.635 -11.897 -13.962 -15.048 -15.788 -12.778 -14.115 -15.121 -15.714 -16.153 -14.261 -13.067 -14.572 -16.654 -16.949 -16.989 -14.674
12.277561 -10.586 -5.389 -6.398 -8.111 -10.884 -12.875 -10.987 -8.605 -11.013 -12.993 -14.567 -15.637 -8.384 -11.729 -13.846 -14.964 -15.729 -12.686 -14.012 -15.041 -15.653 -16.108 -14.165 -12.935 -14.478 -16.632 -16.948 -17.005 -14.616
12.648887 -10.57 -5.372 -6.338 -8.04 -10.827 -12.829 -10.945 -8.537 -10.958 -12.948 -14.533 -15.61 -8.315 -11.678 -13.806 -14.931 -15.702 -12.652 -13.976 -15.01 -15.625 -16.085 -14.129 -12.891 -14.443 -16.613 -16.933 -16.994 -14.589
13.031444 -10.553 -5.355 -6.32 -8.023 -10.81 -12.812 -10.928 -8.52 -10.941 -12.931 -14.516 -15.592 -8.297 -11.66 -13.789 -14.914 -15.685 -12.635 -13.959 -14.992 -15.608 -16.067 -14.112 -12.874 -14.426 -16.596 -16.916 -16.977 -14.572
13.425571 -10.537 -5.338 -6.304 -8.007 -10.794 -12.796 -10.911 -8.504 -10.925 -12.914 -14.499 -15.576 -8.281 -11.644 -13.773 -14.898 -15.668 -12.619 -13.942 -14.976 -15.592 -16.051 -14.096 -12.857 -14.41 -16.58 -16.9 -16.96 -14.556
13.831619 -10.521 -5.323 -6.289 -7.992 -10.778 -12.781 -10.896 -8.488 -10.909 -12.899 -14.484 -15.561 -8.266 -11.629 -13.758 -14.882 -15.653 -12.603 -13.927 -14.961 -15.576 -16.036 -14.081 -12.842 -14.394 -16.564 -16.885 -16.945 -14.541
14.249947 -10.507 -5.309 -6.274 -7.977 -10.764 -12.766 -10.882 -8.474 -10.895 -12.885 -14.47 -15.546 -8.251 -11.614 -13.743 -14.868 -15.639 -12.589 -13.913 -14.946 -15.562 -16.021 -14.066 -12.828 -14.38 -16.55 -16.87 -16.931 -14.526
14.680926 -10.494 -5.295 -6.261 -7.964 -10.751 -12.753 -10.869 -8.461 -10.882 -12.871 -14.456 -15.533 -8.238 -11.601 -13.73 -14.855 -15.625 -12.576 -13.899 -14.933 -15.549 -16.008 -14.053 -12.815 -14.367 -16.537 -16.857 -16.917 -14.513
15.124941 -10.482 -5.283 -6.249 -7.952 -10.739 -12.741 -10.856 -8.449 -10.87 -12.859 -14.444 -15.521 -8.226 -11.589 -13.718 -14.842 -15.613 -12.564 -13.887 -14.921 -15.537 -15.996 -14.041 -12.802 -14.354 -16.524 -16.845 -16.905 -14.501
15.582385 -10.47 -5.272 -6.238 -7.941 -10.728 -12.73 -10.845 -8.438 -10.859 -12.848 -14.433 -15.51 -8.215 -11.578 -13.707 -14.831 -15.602 -12.553 -13.876 -14.91 -15.526 -15.985 -14.03 -12.791 -14.343 -16.513 -16.834 -16.894 -14.49
16.053663 -10.461 -5.262 -6.228 -7.931 -10.718 -12.72 -10.835 -8.428 -10.849 -12.838 -14.423 -15.5 -8.205 -11.568 -13.697 -14.821 -15.592 -12.543 -13.866 -14.9 -15.516 -15.975 -14.02 -12.781 -14.333 -16.503 -16.824 -16.884 -14.48
16.539195 -10.452 -5.253 -6.219 -7.922 -10.709 -12.711 -10.827 -8.419 -10.84 -12.83 -14.414 -15.491 -8.196 -11.559 -13.688 -14.813 -15.584 -12.534 -13.857 -14.891 -15.507 -15.966 -14.011 -12.773 -14.325 -16.495 -16.815 -16.876 -14.471
17.039412 -10.444 -5.246 -6.212 -7.915 -10.702 -12.704 -10.819 -8.412 -10.833 -12.822 -14.407 -15.484 -8.189 -11.552 -13.681 -14.805 -15.576 -12.527 -13.85 -14.884 -15.5 -15.959 -14.004 -12.765 -14.317 -16.487 -16.808 -16.868 -14.464
17.554757 -10.438 -5.24 -6.206 -7.909 -10.695 -12.698 -10.813 -8.405 -10.826 -12.816 -14.401 -15.478 -8.183 -11.546 -13.674 -14.799 -15.57 -12.52 -13.844 -14.878 -15.493 -15.953 -13.998 -12.759 -14.311 -16.481 -16.801 -16.862 -14.458
18.085689 -10.434 -5.235 -6.201 -7.904 -10.691 -12.693 -10.808 -8.401 -10.822 -12.811 -14.396 -15.473 -8.178 -11.541 -13.67 -14.794 -15.565 -12.516 -13.839 -14.873 -15.489 -15.948 -13.993 -12.754 -14.306 -16.476 -16.797 -16.857 -14.453
18.632678 -10.43 -5.232 -6.198 -7.901 -10.687 -12.689 -10.805 -8.397 -10.818 -12.808 -14.393 -15.47 -8.175 -11.538 -13.666 -14.791 -15.562 -12.512 -13.836 -14.87 -15.485 -15.945 -13.989 -12.751 -14.303 -16.473 -16.793 -16.854 -14.45
19.196211 -10.428 -5.23 -6.196 -7.899 -10.685 -12.688 -10.803 -8.395 -10.816 -12.806 -14.391 -15.468 -8.173 -11.536 -13.665 -14.789 -15.56 -12.51 -13.834 -14.868 -15.484 -15.943 -13.988 -12.749 -14.301 -16.471 -16.792 -16.852 -14.448
19.776787 -10.428 -5.23 -6.195 -7.898 -10.685 -12.687 -10.803 -8.395 -10.816 -12.806 -14.391 -15.467 -8.172 -11.535 -13.664 -14.789 -15.56 -12.51 -13.834 -14.867 -15.483 -15.942 -13.987 -12.749 -14.301 -16.471 -16.791 -16.852 -14.447
20.374923 -10.429 -5.231 -6.197 -7.9 -10.686 -12.689 -10.804 -8.396 -10.817 -12.807 -14.392 -15.469 -8.174 -11.537 -13.665 -14.79 -15.561 -12.511 -13.835 -14.869 -15.484 -15.944 -13.989 -12.75 -14.302 -16.472 -16.792 -16.853 -14.449
20.991149 -10.432 -5.234 -6.2 -7.902 -10.689 -12.691 -10.807 -8.399 -10.82 -12.81 -14.395 -15.472 -8.177 -11.54 -13.668 -14.793 -15.564 -12.514 -13.838 -14.872 -15.487 -15.947 -13.991 -12.753 -14.305 -16.475 -16.795 -16.856 -14.451
21.626011 -10.437 -5.238 -6.204 -7.907 -10.694 -12.696 -10.812 -8.404 -10.825 -12.815 -14.399 -15.476 -8.181 -11.544 -13.673 -14.798 -15.569 -12.519 -13.842 -14.876 -15.492 -15.951 -13.996 -12.758 -14.31 -16.48 -16.8 -16.861 -14.456
22.280075 -10.443 -5.245 -6.211 -7.913 -10.7 -12.702 -10.818 -8.41 -10.831 -12.821 -14.406 -15.483 -8.188 -11.551 -13.679 -14.804 -15.575 -12.525 -13.849 -14.883 -15.498 -15.958 -14.002 -12.764 -14.316 -16.486 -16.806 -16.867 -14.462
22.953921 -10.451 -5.253 -6.219 -7.922 -10.709 -12.711 -10.826 -8.419 -10.84 -12.829 -14.414 -15.491 -8.196 -11.559 -13.688 -14.812 -15.583 -12.534 -13.857 -14.891 -15.507 -15.966 -14.011 -12.772 -14.324 -16.494 -16.815 -16.875 -14.471
