web/models/kne.last_good/kappa_0.5_3.0.v2/33/villar_0.0120_0.2807_3.0000.dat
# %ECSV 1.0
# ---
# datatype:
# - {name: time, datatype: float64}
# - {name: swift_uvot_uvw2, datatype: float64}
# - {name: swift_uvot_uvm2, datatype: float64}
# - {name: swift_uvot_uvw1, datatype: float64}
# - {name: swift_uvot_U, datatype: float64}
# - {name: swift_uvot_B, datatype: float64}
# - {name: swift_uvot_V, datatype: float64}
# - {name: swift_uvot_W, datatype: float64}
# - {name: johnson_U, datatype: float64}
# - {name: johnson_B, datatype: float64}
# - {name: johnson_V, datatype: float64}
# - {name: johnson_R, datatype: float64}
# - {name: johnson_I, datatype: float64}
# - {name: sdss_u, datatype: float64}
# - {name: sdss_g, datatype: float64}
# - {name: sdss_r, datatype: float64}
# - {name: sdss_i, datatype: float64}
# - {name: sdss_z, datatype: float64}
# - {name: PS1_g, datatype: float64}
# - {name: PS1_r, datatype: float64}
# - {name: PS1_i, datatype: float64}
# - {name: PS1_z, datatype: float64}
# - {name: PS1_Y, datatype: float64}
# - {name: PS1_w, datatype: float64}
# - {name: ATLAS_c, datatype: float64}
# - {name: ATLAS_o, datatype: float64}
# - {name: ukirt_J, datatype: float64}
# - {name: ukirt_H, datatype: float64}
# - {name: ukirt_K, datatype: float64}
# - {name: Clear, datatype: float64}
# meta: !!omap
# - comment: [kappa = 3.0, type = villar, mass = 0.012011244339858356, velocity = 0.2806666666666667, theta_obs = 0.0, tfloor = 2500.0]
# schema: astropy-2.0
time swift_uvot_uvw2 swift_uvot_uvm2 swift_uvot_uvw1 swift_uvot_U swift_uvot_B swift_uvot_V swift_uvot_W johnson_U johnson_B johnson_V johnson_R johnson_I sdss_u sdss_g sdss_r sdss_i sdss_z PS1_g PS1_r PS1_i PS1_z PS1_Y PS1_w ATLAS_c ATLAS_o ukirt_J ukirt_H ukirt_K Clear
[from data line 349]
32.820079 -1.627 3.571 2.605 0.903 -1.884 -3.886 -2.002 0.406 -2.015 -4.005 -5.59 -6.666 0.629 -2.735 -4.863 -5.988 -6.759 -3.709 -5.033 -6.067 -6.682 -7.141 -5.186 -3.948 -5.5 -7.67 -7.99 -8.051 -5.646
33.8127 -1.554 3.644 2.678 0.976 -1.811 -3.813 -1.929 0.479 -1.942 -3.932 -5.517 -6.594 0.701 -2.662 -4.79 -5.915 -6.686 -3.636 -4.96 -5.994 -6.609 -7.068 -5.113 -3.875 -5.427 -7.597 -7.917 -7.978 -5.573
34.835342 -1.481 3.717 2.751 1.049 -1.738 -3.74 -1.856 0.552 -1.869 -3.859 -5.444 -6.521 0.774 -2.589 -4.717 -5.842 -6.613 -3.563 -4.887 -5.921 -6.536 -6.995 -5.04 -3.802 -5.354 -7.524 -7.844 -7.905 -5.5
35.888913 -1.408 3.79 2.825 1.122 -1.665 -3.667 -1.783 0.625 -1.796 -3.786 -5.371 -6.447 0.848 -2.515 -4.644 -5.769 -6.54 -3.49 -4.814 -5.847 -6.463 -6.922 -4.967 -3.729 -5.281 -7.451 -7.771 -7.832 -5.427
36.974349 -1.335 3.864 2.898 1.195 -1.592 -3.594 -1.71 0.698 -1.723 -3.712 -5.297 -6.374 0.921 -2.442 -4.571 -5.696 -6.466 -3.417 -4.74 -5.774 -6.39 -6.849 -4.894 -3.656 -5.208 -7.378 -7.698 -7.759 -5.354
38.092613 -1.262 3.937 2.971 1.268 -1.519 -3.521 -1.636 0.771 -1.65 -3.639 -5.224 -6.301 0.994 -2.369 -4.498 -5.622 -6.393 -3.344 -4.667 -5.701 -6.317 -6.776 -4.821 -3.582 -5.134 -7.304 -7.625 -7.685 -5.281
39.244698 -1.188 4.01 3.044 1.342 -1.445 -3.447 -1.563 0.845 -1.576 -3.566 -5.151 -6.228 1.067 -2.296 -4.424 -5.549 -6.32 -3.27 -4.594 -5.628 -6.243 -6.702 -4.747 -3.509 -5.061 -7.231 -7.551 -7.612 -5.207
40.431627 -1.115 4.084 3.118 1.415 -1.372 -3.374 -1.489 0.918 -1.503 -3.492 -5.077 -6.154 1.141 -2.222 -4.351 -5.476 -6.246 -3.197 -4.52 -5.554 -6.17 -6.629 -4.674 -3.435 -4.988 -7.158 -7.478 -7.538 -5.134
41.654454 -1.041 4.157 3.191 1.489 -1.298 -3.3 -1.416 0.992 -1.429 -3.419 -5.004 -6.081 1.214 -2.149 -4.277 -5.402 -6.173 -3.123 -4.447 -5.481 -6.096 -6.555 -4.6 -3.362 -4.914 -7.084 -7.404 -7.465 -5.06
42.914265 -0.968 4.231 3.265 1.562 -1.225 -3.227 -1.342 1.065 -1.356 -3.345 -4.93 -6.007 1.288 -2.075 -4.204 -5.328 -6.099 -3.05 -4.373 -5.407 -6.023 -6.482 -4.527 -3.288 -4.84 -7.01 -7.331 -7.391 -4.987
44.212178 -0.894 4.305 3.339 1.636 -1.151 -3.153 -1.269 1.139 -1.282 -3.272 -4.856 -5.933 1.362 -2.001 -4.13 -5.255 -6.026 -2.976 -4.299 -5.333 -5.949 -6.408 -4.453 -3.215 -4.767 -6.937 -7.257 -7.318 -4.913
45.549345 -0.82 4.378 3.413 1.71 -1.077 -3.079 -1.195 1.213 -1.208 -3.198 -4.783 -5.859 1.436 -1.927 -4.056 -5.181 -5.952 -2.902 -4.226 -5.259 -5.875 -6.334 -4.379 -3.141 -4.693 -6.863 -7.183 -7.244 -4.839
46.926954 -0.746 4.452 3.486 1.784 -1.003 -3.005 -1.121 1.287 -1.134 -3.124 -4.709 -5.786 1.509 -1.854 -3.982 -5.107 -5.878 -2.828 -4.152 -5.186 -5.801 -6.261 -4.305 -3.067 -4.619 -6.789 -7.109 -7.17 -4.765
48.346227 -0.672 4.526 3.56 1.857 -0.929 -2.932 -1.047 1.361 -1.06 -3.05 -4.635 -5.712 1.583 -1.78 -3.908 -5.033 -5.804 -2.754 -4.078 -5.112 -5.727 -6.187 -4.231 -2.993 -4.545 -6.715 -7.035 -7.096 -4.692
49.808426 -0.598 4.6 3.634 1.931 -0.855 -2.858 -0.973 1.435 -0.986 -2.976 -4.561 -5.638 1.657 -1.706 -3.834 -4.959 -5.73 -2.68 -4.004 -5.038 -5.653 -6.113 -4.157 -2.919 -4.471 -6.641 -6.961 -7.022 -4.618
51.314848 -0.524 4.674 3.708 2.006 -0.781 -2.783 -0.899 1.509 -0.912 -2.902 -4.487 -5.564 1.731 -1.632 -3.76 -4.885 -5.656 -2.606 -3.93 -4.964 -5.579 -6.039 -4.083 -2.845 -4.397 -6.567 -6.887 -6.948 -4.543
52.86683 -0.45 4.748 3.783 2.08 -0.707 -2.709 -0.825 1.583 -0.838 -2.828 -4.413 -5.489 1.806 -1.557 -3.686 -4.811 -5.582 -2.532 -3.856 -4.889 -5.505 -5.964 -4.009 -2.771 -4.323 -6.493 -6.813 -6.874 -4.469
54.465752 -0.376 4.823 3.857 2.154 -0.633 -2.635 -0.751 1.657 -0.764 -2.753 -4.338 -5.415 1.88 -1.483 -3.612 -4.737 -5.507 -2.458 -3.781 -4.815 -5.431 -5.89 -3.935 -2.697 -4.249 -6.419 -6.739 -6.8 -4.395
56.113031 -0.302 4.897 3.931 2.228 -0.559 -2.561 -0.676 1.731 -0.69 -2.679 -4.264 -5.341 1.954 -1.409 -3.538 -4.662 -5.433 -2.384 -3.707 -4.741 -5.357 -5.816 -3.861 -2.622 -4.174 -6.344 -6.665 -6.725 -4.321
57.810132 -0.227 4.971 4.005 2.303 -0.484 -2.486 -0.602 1.806 -0.615 -2.605 -4.19 -5.267 2.028 -1.335 -3.463 -4.588 -5.359 -2.309 -3.633 -4.667 -5.282 -5.741 -3.786 -2.548 -4.1 -6.27 -6.59 -6.651 -4.246
59.55856 -0.153 5.046 4.08 2.377 -0.41 -2.412 -0.528 1.88 -0.541 -2.53 -4.115 -5.192 2.103 -1.26 -3.389 -4.514 -5.284 -2.235 -3.558 -4.592 -5.208 -5.667 -3.712 -2.474 -4.026 -6.196 -6.516 -6.576 -4.172
61.359868 -0.078 5.12 4.154 2.452 -0.335 -2.337 -0.453 1.955 -0.466 -2.456 -4.041 -5.118 2.177 -1.186 -3.314 -4.439 -5.21 -2.16 -3.484 -4.518 -5.133 -5.593 -3.637 -2.399 -3.951 -6.121 -6.441 -6.502 -4.097
63.215655 -0.004 5.195 4.229 2.526 -0.261 -2.263 -0.378 2.029 -0.392 -2.381 -3.966 -5.043 2.252 -1.111 -3.24 -4.364 -5.135 -2.086 -3.409 -4.443 -5.059 -5.518 -3.563 -2.324 -3.876 -6.047 -6.367 -6.427 -4.023
65.127569 0.071 5.269 4.304 2.601 -0.186 -2.188 -0.304 2.104 -0.317 -2.307 -3.892 -4.968 2.327 -1.036 -3.165 -4.29 -5.061 -2.011 -3.335 -4.368 -4.984 -5.443 -3.488 -2.25 -3.802 -5.972 -6.292 -6.353 -3.948
67.097308 0.146 5.344 4.378 2.675 -0.111 -2.114 -0.229 2.179 -0.242 -2.232 -3.817 -4.894 2.401 -0.962 -3.09 -4.215 -4.986 -1.936 -3.26 -4.294 -4.909 -5.369 -3.414 -2.175 -3.727 -5.897 -6.217 -6.278 -3.874
69.126621 0.22 5.419 4.453 2.75 -0.037 -2.039 -0.154 2.253 -0.168 -2.157 -3.742 -4.819 2.476 -0.887 -3.016 -4.14 -4.911 -1.862 -3.185 -4.219 -4.835 -5.294 -3.339 -2.1 -3.652 -5.822 -6.143 -6.203 -3.799
71.217308 0.295 5.494 4.528 2.825 0.038 -1.964 -0.08 2.328 -0.093 -2.082 -3.667 -4.744 2.551 -0.812 -2.941 -4.066 -4.836 -1.787 -3.11 -4.144 -4.76 -5.219 -3.264 -2.026 -3.578 -5.748 -6.068 -6.128 -3.724
73.371227 0.37 5.569 4.603 2.9 0.113 -1.889 -0.005 2.403 -0.018 -2.008 -3.592 -4.669 2.626 -0.737 -2.866 -3.991 -4.762 -1.712 -3.035 -4.069 -4.685 -5.144 -3.189 -1.951 -3.503 -5.673 -5.993 -6.054 -3.649
75.59029 0.445 5.644 4.678 2.975 0.188 -1.814 0.07 2.478 0.057 -1.933 -3.517 -4.594 2.701 -0.662 -2.791 -3.916 -4.687 -1.637 -2.96 -3.994 -4.61 -5.069 -3.114 -1.876 -3.428 -5.598 -5.918 -5.979 -3.574
77.876467 0.52 5.719 4.753 3.05 0.263 -1.739 0.145 2.553 0.132 -1.858 -3.442 -4.519 2.776 -0.587 -2.716 -3.841 -4.612 -1.562 -2.885 -3.919 -4.535 -4.994 -3.039 -1.801 -3.353 -5.523 -5.843 -5.904 -3.499
80.231787 0.595 5.794 4.828 3.125 0.338 -1.664 0.22 2.628 0.207 -1.782 -3.367 -4.444 2.851 -0.512 -2.641 -3.766 -4.536 -1.487 -2.81 -3.844 -4.46 -4.919 -2.964 -1.726 -3.278 -5.448 -5.768 -5.829 -3.424
82.658343 0.67 5.869 4.903 3.2 0.413 -1.589 0.296 2.703 0.282 -1.707 -3.292 -4.369 2.926 -0.437 -2.566 -3.691 -4.461 -1.412 -2.735 -3.769 -4.385 -4.844 -2.889 -1.65 -3.203 -5.373 -5.693 -5.753 -3.349
85.158288 0.746 5.944 4.978 3.275 0.488 -1.514 0.371 2.778 0.357 -1.632 -3.217 -4.294 3.001 -0.362 -2.491 -3.615 -4.386 -1.337 -2.66 -3.694 -4.31 -4.769 -2.814 -1.575 -3.127 -5.297 -5.618 -5.678 -3.274
87.733843 0.821 6.019 5.053 3.35 0.564 -1.438 0.446 2.854 0.433 -1.557 -3.142 -4.219 3.076 -0.287 -2.415 -3.54 -4.311 -1.261 -2.585 -3.619 -4.234 -4.694 -2.738 -1.5 -3.052 -5.222 -5.542 -5.603 -3.199
90.387293 0.896 6.095 5.129 3.426 0.639 -1.363 0.521 2.929 0.508 -1.482 -3.066 -4.143 3.152 -0.211 -2.34 -3.465 -4.236 -1.186 -2.509 -3.543 -4.159 -4.618 -2.663 -1.425 -2.977 -5.147 -5.467 -5.528 -3.123
93.120995 0.971 6.17 5.204 3.501 0.714 -1.288 0.597 3.004 0.583 -1.406 -2.991 -4.068 3.227 -0.136 -2.265 -3.389 -4.16 -1.111 -2.434 -3.468 -4.084 -4.543 -2.588 -1.349 -2.901 -5.071 -5.392 -5.452 -3.048
95.937376 1.047 6.245 5.279 3.577 0.79 -1.212 0.672 3.08 0.659 -1.331 -2.916 -3.993 3.302 -0.061 -2.189 -3.314 -4.085 -1.035 -2.359 -3.393 -4.008 -4.467 -2.512 -1.274 -2.826 -4.996 -5.316 -5.377 -2.972
98.838937 1.122 6.321 5.355 3.652 0.865 -1.137 0.748 3.155 0.734 -1.255 -2.84 -3.917 3.378 0.015 -2.114 -3.239 -4.009 -0.96 -2.283 -3.317 -3.933 -4.392 -2.437 -1.198 -2.751 -4.921 -5.241 -5.301 -2.897
101.828253 1.198 6.396 5.43 3.728 0.941 -1.061 0.823 3.231 0.81 -1.18 -2.765 -3.842 3.453 0.09 -2.038 -3.163 -3.934 -0.884 -2.208 -3.242 -3.857 -4.316 -2.361 -1.123 -2.675 -4.845 -5.165 -5.226 -2.821
104.907979 1.273 6.472 5.506 3.803 1.016 -0.986 0.899 3.306 0.885 -1.104 -2.689 -3.766 3.529 0.166 -1.963 -3.087 -3.858 -0.809 -2.132 -3.166 -3.782 -4.241 -2.286 -1.047 -2.599 -4.769 -5.09 -5.15 -2.746
108.080849 1.349 6.547 5.582 3.879 1.092 -0.91 0.974 3.382 0.961 -1.029 -2.613 -3.69 3.605 0.242 -1.887 -3.012 -3.783 -0.733 -2.057 -3.09 -3.706 -4.165 -2.21 -0.972 -2.524 -4.694 -5.014 -5.075 -2.67
111.349681 1.425 6.623 5.657 3.954 1.168 -0.835 1.05 3.458 1.037 -0.953 -2.538 -3.615 3.68 0.317 -1.811 -2.936 -3.707 -0.657 -1.981 -3.015 -3.63 -4.09 -2.134 -0.896 -2.448 -4.618 -4.938 -4.999 -2.595
114.717376 1.5 6.699 5.733 4.03 1.243 -0.759 1.126 3.533 1.112 -0.877 -2.462 -3.539 3.756 0.393 -1.736 -2.86 -3.631 -0.582 -1.905 -2.939 -3.555 -4.014 -2.059 -0.82 -2.372 -4.542 -4.863 -4.923 -2.519
118.186925 1.576 6.775 5.809 4.106 1.319 -0.683 1.201 3.609 1.188 -0.801 -2.386 -3.463 3.832 0.469 -1.66 -2.785 -3.555 -0.506 -1.829 -2.863 -3.479 -3.938 -1.983 -0.745 -2.297 -4.467 -4.787 -4.848 -2.443
121.761408 1.652 6.851 5.885 4.182 1.395 -0.607 1.277 3.685 1.264 -0.726 -2.31 -3.387 3.908 0.545 -1.584 -2.709 -3.48 -0.43 -1.753 -2.787 -3.403 -3.862 -1.907 -0.669 -2.221 -4.391 -4.711 -4.772 -2.367
125.443999 1.728 6.926 5.96 4.258 1.471 -0.531 1.353 3.761 1.34 -0.65 -2.235 -3.311 3.984 0.621 -1.508 -2.633 -3.404 -0.354 -1.678 -2.711 -3.327 -3.786 -1.831 -0.593 -2.145 -4.315 -4.635 -4.696 -2.291
129.237967 1.804 7.002 6.036 4.334 1.547 -0.455 1.429 3.837 1.416 -0.574 -2.159 -3.236 4.059 0.696 -1.432 -2.557 -3.328 -0.278 -1.602 -2.636 -3.251 -3.71 -1.755 -0.517 -2.069 -4.239 -4.559 -4.62 -2.215
133.146681 1.88 7.078 6.112 4.41 1.623 -0.379 1.505 3.913 1.492 -0.498 -2.083 -3.16 4.135 0.772 -1.356 -2.481 -3.252 -0.202 -1.526 -2.56 -3.175 -3.634 -1.679 -0.441 -1.993 -4.163 -4.483 -4.544 -2.139
137.173612 1.956 7.154 6.188 4.486 1.699 -0.303 1.581 3.989 1.568 -0.422 -2.007 -3.084 4.211 0.848 -1.28 -2.405 -3.176 -0.126 -1.45 -2.484 -3.099 -3.558 -1.603 -0.365 -1.917 -4.087 -4.407 -4.468 -2.063
141.322334 2.032 7.23 6.264 4.562 1.775 -0.227 1.657 4.065 1.644 -0.346 -1.931 -3.007 4.288 0.925 -1.204 -2.329 -3.1 -0.05 -1.374 -2.407 -3.023 -3.482 -1.527 -0.289 -1.841 -4.011 -4.331 -4.392 -1.987
145.596532 2.108 7.307 6.341 4.638 1.851 -0.151 1.733 4.141 1.72 -0.27 -1.854 -2.931 4.364 1.001 -1.128 -2.253 -3.024 0.026 -1.297 -2.331 -2.947 -3.406 -1.451 -0.213 -1.765 -3.935 -4.255 -4.316 -1.911
150.0 2.184 7.383 6.417 4.714 1.927 -0.075 1.809 4.217 1.796 -0.193 -1.778 -2.855 4.44 1.077 -1.052 -2.177 -2.947 0.102 -1.221 -2.255 -2.871 -3.33 -1.375 -0.137 -1.689 -3.859 -4.179 -4.24 -1.835
