web/models/kne.last_good/kappa_0.5_3.0.v2/33/villar_0.0224_0.2337_3.0000.dat
# %ECSV 1.0
# ---
# datatype:
# - {name: time, datatype: float64}
# - {name: swift_uvot_uvw2, datatype: float64}
# - {name: swift_uvot_uvm2, datatype: float64}
# - {name: swift_uvot_uvw1, datatype: float64}
# - {name: swift_uvot_U, datatype: float64}
# - {name: swift_uvot_B, datatype: float64}
# - {name: swift_uvot_V, datatype: float64}
# - {name: swift_uvot_W, datatype: float64}
# - {name: johnson_U, datatype: float64}
# - {name: johnson_B, datatype: float64}
# - {name: johnson_V, datatype: float64}
# - {name: johnson_R, datatype: float64}
# - {name: johnson_I, datatype: float64}
# - {name: sdss_u, datatype: float64}
# - {name: sdss_g, datatype: float64}
# - {name: sdss_r, datatype: float64}
# - {name: sdss_i, datatype: float64}
# - {name: sdss_z, datatype: float64}
# - {name: PS1_g, datatype: float64}
# - {name: PS1_r, datatype: float64}
# - {name: PS1_i, datatype: float64}
# - {name: PS1_z, datatype: float64}
# - {name: PS1_Y, datatype: float64}
# - {name: PS1_w, datatype: float64}
# - {name: ATLAS_c, datatype: float64}
# - {name: ATLAS_o, datatype: float64}
# - {name: ukirt_J, datatype: float64}
# - {name: ukirt_H, datatype: float64}
# - {name: ukirt_K, datatype: float64}
# - {name: Clear, datatype: float64}
# meta: !!omap
# - comment: [kappa = 3.0, type = villar, mass = 0.022360679775100388, velocity = 0.2336666666666667, theta_obs = 0.0, tfloor = 2500.0]
# schema: astropy-2.0
time swift_uvot_uvw2 swift_uvot_uvm2 swift_uvot_uvw1 swift_uvot_U swift_uvot_B swift_uvot_V swift_uvot_W johnson_U johnson_B johnson_V johnson_R johnson_I sdss_u sdss_g sdss_r sdss_i sdss_z PS1_g PS1_r PS1_i PS1_z PS1_Y PS1_w ATLAS_c ATLAS_o ukirt_J ukirt_H ukirt_K Clear
[from data line 346]
30.013659 -3.137 2.062 1.096 -0.607 -3.394 -5.396 -3.512 -1.104 -3.525 -5.514 -7.099 -8.176 -0.881 -4.244 -6.373 -7.498 -8.268 -5.219 -6.542 -7.576 -8.192 -8.651 -6.696 -5.458 -7.01 -9.18 -9.5 -9.56 -7.156
30.921401 -3.07 2.129 1.163 -0.54 -3.327 -5.329 -3.444 -1.037 -3.458 -5.447 -7.032 -8.109 -0.814 -4.177 -6.306 -7.43 -8.201 -5.152 -6.475 -7.509 -8.125 -8.584 -6.629 -5.39 -6.943 -9.113 -9.433 -9.493 -7.089
31.856598 -3.002 2.196 1.23 -0.473 -3.26 -5.262 -3.377 -0.97 -3.391 -5.38 -6.965 -8.042 -0.747 -4.11 -6.239 -7.363 -8.134 -5.085 -6.408 -7.442 -8.058 -8.517 -6.562 -5.323 -6.875 -9.045 -9.366 -9.426 -7.022
32.820079 -2.935 2.263 1.297 -0.405 -3.192 -5.194 -3.31 -0.902 -3.323 -5.313 -6.898 -7.975 -0.68 -4.043 -6.171 -7.296 -8.067 -5.017 -6.341 -7.375 -7.99 -8.45 -6.494 -5.256 -6.808 -8.978 -9.298 -9.359 -6.954
33.8127 -2.868 2.331 1.365 -0.338 -3.125 -5.127 -3.243 -0.835 -3.256 -5.245 -6.83 -7.907 -0.612 -3.975 -6.104 -7.229 -7.999 -4.95 -6.273 -7.307 -7.923 -8.382 -6.427 -5.189 -6.741 -8.911 -9.231 -9.292 -6.887
34.835342 -2.8 2.398 1.432 -0.271 -3.057 -5.06 -3.175 -0.767 -3.188 -5.178 -6.763 -7.84 -0.545 -3.908 -6.036 -7.161 -7.932 -4.882 -6.206 -7.24 -7.855 -8.315 -6.36 -5.121 -6.673 -8.843 -9.163 -9.224 -6.82
35.888913 -2.733 2.466 1.5 -0.203 -2.99 -4.992 -3.108 -0.7 -3.121 -5.11 -6.695 -7.772 -0.477 -3.84 -5.969 -7.094 -7.864 -4.815 -6.138 -7.172 -7.788 -8.247 -6.292 -5.054 -6.606 -8.776 -9.096 -9.157 -6.752
36.974349 -2.665 2.533 1.567 -0.135 -2.922 -4.924 -3.04 -0.632 -3.053 -5.043 -6.628 -7.704 -0.409 -3.773 -5.901 -7.026 -7.797 -4.747 -6.071 -7.105 -7.72 -8.179 -6.224 -4.986 -6.538 -8.708 -9.028 -9.089 -6.684
38.092613 -2.597 2.601 1.635 -0.068 -2.854 -4.857 -2.972 -0.564 -2.985 -4.975 -6.56 -7.637 -0.342 -3.705 -5.833 -6.958 -7.729 -4.679 -6.003 -7.037 -7.652 -8.112 -6.157 -4.918 -6.47 -8.64 -8.96 -9.021 -6.617
39.244698 -2.529 2.669 1.703 0.0 -2.787 -4.789 -2.904 -0.497 -2.918 -4.907 -6.492 -7.569 -0.274 -3.637 -5.766 -6.89 -7.661 -4.612 -5.935 -6.969 -7.585 -8.044 -6.089 -4.85 -6.402 -8.572 -8.893 -8.953 -6.549
40.431627 -2.462 2.737 1.771 0.068 -2.719 -4.721 -2.836 -0.429 -2.85 -4.839 -6.424 -7.501 -0.206 -3.569 -5.698 -6.822 -7.593 -4.544 -5.867 -6.901 -7.517 -7.976 -6.021 -4.782 -6.334 -8.504 -8.825 -8.885 -6.481
41.654454 -2.393 2.805 1.839 0.136 -2.651 -4.653 -2.768 -0.361 -2.782 -4.771 -6.356 -7.433 -0.138 -3.501 -5.63 -6.754 -7.525 -4.476 -5.799 -6.833 -7.449 -7.908 -5.953 -4.714 -6.266 -8.436 -8.757 -8.817 -6.413
42.914265 -2.325 2.873 1.907 0.204 -2.582 -4.585 -2.7 -0.292 -2.713 -4.703 -6.288 -7.365 -0.07 -3.433 -5.562 -6.686 -7.457 -4.407 -5.731 -6.765 -7.381 -7.84 -5.885 -4.646 -6.198 -8.368 -8.689 -8.749 -6.345
44.212178 -2.257 2.941 1.975 0.273 -2.514 -4.516 -2.632 -0.224 -2.645 -4.635 -6.22 -7.297 -0.002 -3.365 -5.493 -6.618 -7.389 -4.339 -5.663 -6.697 -7.312 -7.771 -5.816 -4.578 -6.13 -8.3 -8.62 -8.681 -6.276
45.549345 -2.189 3.01 2.044 0.341 -2.446 -4.448 -2.564 -0.156 -2.577 -4.567 -6.151 -7.228 0.067 -3.296 -5.425 -6.55 -7.321 -4.271 -5.594 -6.628 -7.244 -7.703 -5.748 -4.51 -6.062 -8.232 -8.552 -8.613 -6.208
46.926954 -2.12 3.078 2.112 0.409 -2.378 -4.38 -2.495 -0.088 -2.509 -4.498 -6.083 -7.16 0.135 -3.228 -5.357 -6.481 -7.252 -4.203 -5.526 -6.56 -7.176 -7.635 -5.68 -4.441 -5.993 -8.163 -8.484 -8.544 -6.14
48.346227 -2.052 3.146 2.181 0.478 -2.309 -4.311 -2.427 -0.019 -2.44 -4.43 -6.015 -7.091 0.204 -3.159 -5.288 -6.413 -7.184 -4.134 -5.458 -6.491 -7.107 -7.566 -5.611 -4.373 -5.925 -8.095 -8.415 -8.476 -6.071
49.808426 -1.983 3.215 2.249 0.546 -2.241 -4.243 -2.358 0.049 -2.372 -4.361 -5.946 -7.023 0.272 -3.091 -5.22 -6.344 -7.115 -4.066 -5.389 -6.423 -7.039 -7.498 -5.543 -4.304 -5.856 -8.026 -8.347 -8.407 -6.003
51.314848 -1.915 3.284 2.318 0.615 -2.172 -4.174 -2.29 0.118 -2.303 -4.293 -5.877 -6.954 0.341 -3.022 -5.151 -6.276 -7.047 -3.997 -5.32 -6.354 -6.97 -7.429 -5.474 -4.236 -5.788 -7.958 -8.278 -8.339 -5.934
52.86683 -1.846 3.352 2.386 0.684 -2.103 -4.105 -2.221 0.187 -2.234 -4.224 -5.809 -6.886 0.409 -2.954 -5.082 -6.207 -6.978 -3.928 -5.252 -6.286 -6.901 -7.36 -5.405 -4.167 -5.719 -7.889 -8.209 -8.27 -5.865
54.465752 -1.777 3.421 2.455 0.752 -2.034 -4.037 -2.152 0.256 -2.165 -4.155 -5.74 -6.817 0.478 -2.885 -5.014 -6.138 -6.909 -3.859 -5.183 -6.217 -6.832 -7.292 -5.337 -4.098 -5.65 -7.82 -8.14 -8.201 -5.797
56.113031 -1.708 3.49 2.524 0.821 -1.966 -3.968 -2.083 0.324 -2.097 -4.086 -5.671 -6.748 0.547 -2.816 -4.945 -6.069 -6.84 -3.791 -5.114 -6.148 -6.764 -7.223 -5.268 -4.029 -5.581 -7.751 -8.072 -8.132 -5.728
57.810132 -1.64 3.559 2.593 0.89 -1.897 -3.899 -2.014 0.393 -2.028 -4.017 -5.602 -6.679 0.616 -2.747 -4.876 -6.0 -6.771 -3.722 -5.045 -6.079 -6.695 -7.154 -5.199 -3.96 -5.512 -7.682 -8.003 -8.063 -5.659
59.55856 -1.571 3.628 2.662 0.959 -1.828 -3.83 -1.945 0.462 -1.959 -3.948 -5.533 -6.61 0.685 -2.678 -4.807 -5.931 -6.702 -3.653 -4.976 -6.01 -6.626 -7.085 -5.13 -3.891 -5.443 -7.613 -7.934 -7.994 -5.59
61.359868 -1.501 3.697 2.731 1.028 -1.759 -3.761 -1.876 0.531 -1.89 -3.879 -5.464 -6.541 0.754 -2.609 -4.738 -5.862 -6.633 -3.584 -4.907 -5.941 -6.557 -7.016 -5.061 -3.822 -5.374 -7.544 -7.865 -7.925 -5.521
63.215655 -1.432 3.766 2.8 1.097 -1.689 -3.691 -1.807 0.601 -1.82 -3.81 -5.395 -6.472 0.823 -2.54 -4.668 -5.793 -6.564 -3.514 -4.838 -5.872 -6.487 -6.947 -4.991 -3.753 -5.305 -7.475 -7.795 -7.856 -5.452
65.127569 -1.363 3.835 2.87 1.167 -1.62 -3.622 -1.738 0.67 -1.751 -3.741 -5.326 -6.402 0.893 -2.47 -4.599 -5.724 -6.495 -3.445 -4.769 -5.802 -6.418 -6.877 -4.922 -3.684 -5.236 -7.406 -7.726 -7.787 -5.382
67.097308 -1.294 3.905 2.939 1.236 -1.551 -3.553 -1.668 0.739 -1.682 -3.671 -5.256 -6.333 0.962 -2.401 -4.53 -5.655 -6.425 -3.376 -4.699 -5.733 -6.349 -6.808 -4.853 -3.614 -5.167 -7.337 -7.657 -7.717 -5.313
69.126621 -1.224 3.974 3.008 1.305 -1.481 -3.484 -1.599 0.809 -1.612 -3.602 -5.187 -6.264 1.031 -2.332 -4.46 -5.585 -6.356 -3.306 -4.63 -5.664 -6.279 -6.739 -4.783 -3.545 -5.097 -7.267 -7.587 -7.648 -5.244
71.217308 -1.155 4.044 3.078 1.375 -1.412 -3.414 -1.53 0.878 -1.543 -3.533 -5.117 -6.194 1.101 -2.262 -4.391 -5.516 -6.287 -3.237 -4.56 -5.594 -6.21 -6.669 -4.714 -3.476 -5.028 -7.198 -7.518 -7.579 -5.174
73.371227 -1.085 4.113 3.147 1.444 -1.342 -3.345 -1.46 0.948 -1.473 -3.463 -5.048 -6.125 1.17 -2.193 -4.321 -5.446 -6.217 -3.167 -4.491 -5.525 -6.14 -6.6 -4.645 -3.406 -4.958 -7.128 -7.448 -7.509 -5.105
75.59029 -1.016 4.183 3.217 1.514 -1.273 -3.275 -1.391 1.017 -1.404 -3.393 -4.978 -6.055 1.24 -2.123 -4.252 -5.377 -6.147 -3.098 -4.421 -5.455 -6.071 -6.53 -4.575 -3.337 -4.889 -7.059 -7.379 -7.439 -5.035
77.876467 -0.946 4.252 3.286 1.584 -1.203 -3.205 -1.321 1.087 -1.334 -3.324 -4.909 -5.985 1.31 -2.054 -4.182 -5.307 -6.078 -3.028 -4.352 -5.386 -6.001 -6.46 -4.505 -3.267 -4.819 -6.989 -7.309 -7.37 -4.965
80.231787 -0.876 4.322 3.356 1.653 -1.133 -3.136 -1.251 1.157 -1.264 -3.254 -4.839 -5.916 1.379 -1.984 -4.113 -5.237 -6.008 -2.958 -4.282 -5.316 -5.931 -6.391 -4.436 -3.197 -4.749 -6.919 -7.24 -7.3 -4.896
82.658343 -0.807 4.392 3.426 1.723 -1.064 -3.066 -1.181 1.226 -1.195 -3.184 -4.769 -5.846 1.449 -1.914 -4.043 -5.167 -5.938 -2.889 -4.212 -5.246 -5.862 -6.321 -4.366 -3.127 -4.679 -6.849 -7.17 -7.23 -4.826
85.158288 -0.737 4.462 3.496 1.793 -0.994 -2.996 -1.112 1.296 -1.125 -3.114 -4.699 -5.776 1.519 -1.844 -3.973 -5.098 -5.868 -2.819 -4.142 -5.176 -5.792 -6.251 -4.296 -3.057 -4.61 -6.78 -7.1 -7.16 -4.756
87.733843 -0.667 4.532 3.566 1.863 -0.924 -2.926 -1.042 1.366 -1.055 -3.044 -4.629 -5.706 1.589 -1.774 -3.903 -5.028 -5.798 -2.749 -4.072 -5.106 -5.722 -6.181 -4.226 -2.988 -4.54 -6.71 -7.03 -7.091 -4.686
90.387293 -0.597 4.602 3.636 1.933 -0.854 -2.856 -0.972 1.436 -0.985 -2.974 -4.559 -5.636 1.659 -1.704 -3.833 -4.958 -5.728 -2.679 -4.002 -5.036 -5.652 -6.111 -4.156 -2.918 -4.47 -6.64 -6.96 -7.021 -4.616
93.120995 -0.527 4.672 3.706 2.003 -0.784 -2.786 -0.902 1.506 -0.915 -2.904 -4.489 -5.566 1.729 -1.634 -3.763 -4.888 -5.658 -2.609 -3.932 -4.966 -5.582 -6.041 -4.086 -2.848 -4.4 -6.57 -6.89 -6.95 -4.546
95.937376 -0.457 4.742 3.776 2.073 -0.714 -2.716 -0.831 1.576 -0.845 -2.834 -4.419 -5.496 1.799 -1.564 -3.693 -4.817 -5.588 -2.539 -3.862 -4.896 -5.512 -5.971 -4.016 -2.777 -4.329 -6.5 -6.82 -6.88 -4.476
98.838937 -0.386 4.812 3.846 2.143 -0.644 -2.646 -0.761 1.646 -0.775 -2.764 -4.349 -5.426 1.869 -1.494 -3.623 -4.747 -5.518 -2.469 -3.792 -4.826 -5.442 -5.901 -3.946 -2.707 -4.259 -6.429 -6.75 -6.81 -4.406
101.828253 -0.316 4.882 3.916 2.213 -0.573 -2.575 -0.691 1.717 -0.704 -2.694 -4.279 -5.356 1.939 -1.424 -3.552 -4.677 -5.448 -2.398 -3.722 -4.756 -5.371 -5.831 -3.875 -2.637 -4.189 -6.359 -6.679 -6.74 -4.336
104.907979 -0.246 4.952 3.987 2.284 -0.503 -2.505 -0.621 1.787 -0.634 -2.624 -4.208 -5.285 2.01 -1.353 -3.482 -4.607 -5.378 -2.328 -3.652 -4.685 -5.301 -5.76 -3.805 -2.567 -4.119 -6.289 -6.609 -6.67 -4.265
108.080849 -0.176 5.023 4.057 2.354 -0.433 -2.435 -0.55 1.857 -0.564 -2.553 -4.138 -5.215 2.08 -1.283 -3.412 -4.536 -5.307 -2.258 -3.581 -4.615 -5.231 -5.69 -3.735 -2.496 -4.048 -6.218 -6.539 -6.599 -4.195
111.349681 -0.105 5.093 4.127 2.425 -0.362 -2.364 -0.48 1.928 -0.493 -2.483 -4.068 -5.145 2.15 -1.213 -3.341 -4.466 -5.237 -2.187 -3.511 -4.545 -5.16 -5.62 -3.664 -2.426 -3.978 -6.148 -6.468 -6.529 -4.124
114.717376 -0.035 5.164 4.198 2.495 -0.292 -2.294 -0.41 1.998 -0.423 -2.412 -3.997 -5.074 2.221 -1.142 -3.271 -4.396 -5.166 -2.117 -3.44 -4.474 -5.09 -5.549 -3.594 -2.356 -3.908 -6.078 -6.398 -6.458 -4.054
118.186925 0.036 5.234 4.268 2.566 -0.221 -2.223 -0.339 2.069 -0.352 -2.342 -3.927 -5.004 2.291 -1.072 -3.2 -4.325 -5.096 -2.046 -3.37 -4.404 -5.019 -5.479 -3.523 -2.285 -3.837 -6.007 -6.327 -6.388 -3.984
121.761408 0.106 5.305 4.339 2.636 -0.151 -2.153 -0.268 2.139 -0.282 -2.271 -3.856 -4.933 2.362 -1.001 -3.13 -4.254 -5.025 -1.976 -3.299 -4.333 -4.949 -5.408 -3.453 -2.214 -3.766 -5.937 -6.257 -6.317 -3.913
125.443999 0.177 5.375 4.41 2.707 -0.08 -2.082 -0.198 2.21 -0.211 -2.201 -3.786 -4.862 2.433 -0.93 -3.059 -4.184 -4.955 -1.905 -3.229 -4.262 -4.878 -5.337 -3.382 -2.144 -3.696 -5.866 -6.186 -6.247 -3.842
129.237967 0.248 5.446 4.48 2.777 -0.009 -2.012 -0.127 2.281 -0.14 -2.13 -3.715 -4.792 2.503 -0.86 -2.989 -4.113 -4.884 -1.834 -3.158 -4.192 -4.807 -5.267 -3.312 -2.073 -3.625 -5.795 -6.115 -6.176 -3.772
133.146681 0.318 5.517 4.551 2.848 0.061 -1.941 -0.056 2.351 -0.07 -2.059 -3.644 -4.721 2.574 -0.789 -2.918 -4.042 -4.813 -1.764 -3.087 -4.121 -4.737 -5.196 -3.241 -2.002 -3.554 -5.724 -6.045 -6.105 -3.701
137.173612 0.389 5.588 4.622 2.919 0.132 -1.87 0.014 2.422 0.001 -1.988 -3.573 -4.65 2.645 -0.718 -2.847 -3.972 -4.742 -1.693 -3.016 -4.05 -4.666 -5.125 -3.17 -1.932 -3.484 -5.654 -5.974 -6.035 -3.63
141.322334 0.46 5.658 4.693 2.99 0.203 -1.799 0.085 2.493 0.072 -1.918 -3.502 -4.579 2.716 -0.647 -2.776 -3.901 -4.672 -1.622 -2.946 -3.979 -4.595 -5.054 -3.099 -1.861 -3.413 -5.583 -5.903 -5.964 -3.559
145.596532 0.531 5.729 4.763 3.061 0.274 -1.728 0.156 2.564 0.143 -1.847 -3.432 -4.508 2.787 -0.576 -2.705 -3.83 -4.601 -1.551 -2.875 -3.909 -4.524 -4.983 -3.028 -1.79 -3.342 -5.512 -5.832 -5.893 -3.488
150.0 0.602 5.8 4.834 3.132 0.345 -1.657 0.227 2.635 0.214 -1.776 -3.361 -4.438 2.857 -0.506 -2.634 -3.759 -4.53 -1.48 -2.804 -3.838 -4.453 -4.912 -2.957 -1.719 -3.271 -5.441 -5.761 -5.822 -3.417
