web/models/kne.last_good/kappa_0.5_3.0.v2/33/villar_0.0416_0.1710_3.0000.dat
# %ECSV 1.0
# ---
# datatype:
# - {name: time, datatype: float64}
# - {name: swift_uvot_uvw2, datatype: float64}
# - {name: swift_uvot_uvm2, datatype: float64}
# - {name: swift_uvot_uvw1, datatype: float64}
# - {name: swift_uvot_U, datatype: float64}
# - {name: swift_uvot_B, datatype: float64}
# - {name: swift_uvot_V, datatype: float64}
# - {name: swift_uvot_W, datatype: float64}
# - {name: johnson_U, datatype: float64}
# - {name: johnson_B, datatype: float64}
# - {name: johnson_V, datatype: float64}
# - {name: johnson_R, datatype: float64}
# - {name: johnson_I, datatype: float64}
# - {name: sdss_u, datatype: float64}
# - {name: sdss_g, datatype: float64}
# - {name: sdss_r, datatype: float64}
# - {name: sdss_i, datatype: float64}
# - {name: sdss_z, datatype: float64}
# - {name: PS1_g, datatype: float64}
# - {name: PS1_r, datatype: float64}
# - {name: PS1_i, datatype: float64}
# - {name: PS1_z, datatype: float64}
# - {name: PS1_Y, datatype: float64}
# - {name: PS1_w, datatype: float64}
# - {name: ATLAS_c, datatype: float64}
# - {name: ATLAS_o, datatype: float64}
# - {name: ukirt_J, datatype: float64}
# - {name: ukirt_H, datatype: float64}
# - {name: ukirt_K, datatype: float64}
# - {name: Clear, datatype: float64}
# meta: !!omap
# - comment: [kappa = 3.0, type = villar, mass = 0.04162766037032262, velocity = 0.17100000000000004, theta_obs = 0.0, tfloor = 2500.0]
# schema: astropy-2.0
time swift_uvot_uvw2 swift_uvot_uvm2 swift_uvot_uvw1 swift_uvot_U swift_uvot_B swift_uvot_V swift_uvot_W johnson_U johnson_B johnson_V johnson_R johnson_I sdss_u sdss_g sdss_r sdss_i sdss_z PS1_g PS1_r PS1_i PS1_z PS1_Y PS1_w ATLAS_c ATLAS_o ukirt_J ukirt_H ukirt_K Clear
[from data line 272]
3.309345 -8.715 -3.712 -5.984 -7.966 -10.286 -11.941 -9.974 -8.383 -10.374 -12.024 -13.275 -14.12 -8.211 -10.974 -12.722 -13.611 -14.199 -11.509 -12.814 -13.664 -14.143 -14.485 -12.906 -11.935 -13.204 -14.845 -15.014 -14.954 -13.128
3.409434 -8.675 -3.598 -5.67 -7.614 -10.017 -11.734 -9.774 -8.045 -10.112 -11.823 -13.133 -14.02 -7.864 -10.734 -12.55 -13.481 -14.102 -11.328 -12.652 -13.538 -14.041 -14.404 -12.757 -11.739 -13.059 -14.795 -14.99 -14.952 -13.015
3.51255 -8.635 -3.508 -5.352 -7.25 -9.739 -11.52 -9.57 -7.696 -9.842 -11.615 -12.986 -13.915 -7.506 -10.486 -12.372 -13.346 -14.0 -11.148 -12.486 -13.407 -13.936 -14.319 -12.604 -11.537 -12.909 -14.742 -14.965 -14.948 -12.901
3.618785 -8.595 -3.435 -5.029 -6.876 -9.452 -11.299 -9.364 -7.337 -9.563 -11.401 -12.834 -13.807 -7.137 -10.229 -12.187 -13.206 -13.894 -10.972 -12.316 -13.272 -13.826 -14.232 -12.445 -11.328 -12.753 -14.686 -14.937 -14.943 -12.786
3.728232 -8.556 -3.374 -4.702 -6.49 -9.157 -11.07 -9.154 -6.966 -9.276 -11.179 -12.677 -13.695 -6.757 -9.965 -11.997 -13.061 -13.785 -10.8 -12.141 -13.132 -13.713 -14.141 -12.282 -11.113 -12.593 -14.627 -14.908 -14.937 -12.672
3.84099 -8.516 -3.321 -4.369 -6.092 -8.852 -10.834 -8.942 -6.585 -8.98 -10.95 -12.515 -13.579 -6.365 -9.693 -11.799 -12.91 -13.67 -10.634 -11.963 -12.987 -13.595 -14.047 -12.114 -10.891 -12.427 -14.566 -14.877 -14.931 -12.557
3.957158 -8.464 -3.266 -4.232 -5.934 -8.721 -10.723 -8.839 -6.431 -8.852 -10.842 -12.427 -13.504 -6.209 -9.572 -11.7 -12.825 -13.596 -10.546 -11.87 -12.904 -13.519 -13.978 -12.023 -10.785 -12.337 -14.507 -14.827 -14.888 -12.483
4.07684 -8.407 -3.208 -4.174 -5.877 -8.664 -10.666 -8.782 -6.374 -8.795 -10.785 -12.369 -13.446 -6.151 -9.514 -11.643 -12.768 -13.539 -10.489 -11.812 -12.846 -13.462 -13.921 -11.966 -10.728 -12.28 -14.45 -14.77 -14.831 -12.426
4.200141 -8.35 -3.151 -4.117 -5.82 -8.607 -10.609 -8.725 -6.317 -8.738 -10.727 -12.312 -13.389 -6.094 -9.457 -11.586 -12.711 -13.481 -10.432 -11.755 -12.789 -13.405 -13.864 -11.909 -10.671 -12.223 -14.393 -14.713 -14.773 -12.369
4.327172 -8.293 -3.094 -4.06 -5.763 -8.55 -10.552 -8.668 -6.26 -8.681 -10.67 -12.255 -13.332 -6.037 -9.4 -11.529 -12.654 -13.424 -10.375 -11.698 -12.732 -13.348 -13.807 -11.852 -10.614 -12.166 -14.336 -14.656 -14.716 -12.312
4.458044 -8.236 -3.037 -4.003 -5.706 -8.493 -10.495 -8.611 -6.203 -8.624 -10.613 -12.198 -13.275 -5.98 -9.343 -11.472 -12.597 -13.368 -10.318 -11.641 -12.675 -13.291 -13.75 -11.795 -10.557 -12.109 -14.279 -14.599 -14.66 -12.255
4.592874 -8.179 -2.981 -3.946 -5.649 -8.436 -10.438 -8.554 -6.146 -8.567 -10.557 -12.142 -13.218 -5.923 -9.286 -11.415 -12.54 -13.311 -10.261 -11.585 -12.618 -13.234 -13.693 -11.738 -10.5 -12.052 -14.222 -14.542 -14.603 -12.198
4.731783 -8.122 -2.924 -3.89 -5.593 -8.38 -10.382 -8.497 -6.09 -8.511 -10.5 -12.085 -13.162 -5.867 -9.23 -11.359 -12.483 -13.254 -10.205 -11.528 -12.562 -13.178 -13.637 -11.682 -10.443 -11.995 -14.165 -14.486 -14.546 -12.142
4.874892 -8.066 -2.868 -3.833 -5.536 -8.323 -10.325 -8.441 -6.033 -8.454 -10.444 -12.028 -13.105 -5.81 -9.173 -11.302 -12.427 -13.198 -10.148 -11.472 -12.505 -13.121 -13.58 -11.625 -10.387 -11.939 -14.109 -14.429 -14.49 -12.085
5.02233 -8.01 -2.811 -3.777 -5.48 -8.267 -10.269 -8.384 -5.977 -8.398 -10.387 -11.972 -13.049 -5.754 -9.117 -11.246 -12.37 -13.141 -10.092 -11.415 -12.449 -13.065 -13.524 -11.569 -10.33 -11.882 -14.053 -14.373 -14.433 -12.029
5.174227 -7.953 -2.755 -3.721 -5.424 -8.211 -10.213 -8.328 -5.921 -8.342 -10.331 -11.916 -12.993 -5.698 -9.061 -11.19 -12.314 -13.085 -10.036 -11.359 -12.393 -13.009 -13.468 -11.513 -10.274 -11.826 -13.996 -14.317 -14.377 -11.973
5.330718 -7.897 -2.699 -3.665 -5.368 -8.155 -10.157 -8.272 -5.865 -8.286 -10.275 -11.86 -12.937 -5.642 -9.005 -11.134 -12.258 -13.029 -9.98 -11.303 -12.337 -12.953 -13.412 -11.457 -10.218 -11.77 -13.94 -14.261 -14.321 -11.917
5.491942 -7.842 -2.643 -3.609 -5.312 -8.099 -10.101 -8.216 -5.809 -8.23 -10.219 -11.804 -12.881 -5.586 -8.949 -11.078 -12.203 -12.973 -9.924 -11.247 -12.281 -12.897 -13.356 -11.401 -10.162 -11.715 -13.885 -14.205 -14.265 -11.861
5.658042 -7.786 -2.588 -3.553 -5.256 -8.043 -10.045 -8.161 -5.753 -8.174 -10.164 -11.749 -12.825 -5.53 -8.893 -11.022 -12.147 -12.918 -9.868 -11.192 -12.225 -12.841 -13.3 -11.345 -10.107 -11.659 -13.829 -14.149 -14.21 -11.805
5.829166 -7.731 -2.532 -3.498 -5.201 -7.988 -9.99 -8.105 -5.698 -8.119 -10.108 -11.693 -12.77 -5.475 -8.838 -10.967 -12.091 -12.862 -9.813 -11.136 -12.17 -12.786 -13.245 -11.29 -10.051 -11.603 -13.773 -14.094 -14.154 -11.75
6.005465 -7.675 -2.477 -3.443 -5.145 -7.932 -9.934 -8.05 -5.642 -8.063 -10.053 -11.638 -12.715 -5.42 -8.783 -10.911 -12.036 -12.807 -9.757 -11.081 -12.115 -12.73 -13.19 -11.234 -9.996 -11.548 -13.718 -14.038 -14.099 -11.694
6.187096 -7.62 -2.422 -3.387 -5.09 -7.877 -9.879 -7.995 -5.587 -8.008 -9.998 -11.583 -12.659 -5.364 -8.727 -10.856 -11.981 -12.752 -9.702 -11.026 -12.059 -12.675 -13.134 -11.179 -9.941 -11.493 -13.663 -13.983 -14.044 -11.639
6.37422 -7.565 -2.367 -3.332 -5.035 -7.822 -9.824 -7.94 -5.532 -7.953 -9.943 -11.528 -12.604 -5.309 -8.672 -10.801 -11.926 -12.697 -9.647 -10.971 -12.004 -12.62 -13.079 -11.124 -9.886 -11.438 -13.608 -13.928 -13.989 -11.584
6.567004 -7.51 -2.312 -3.278 -4.98 -7.767 -9.769 -7.885 -5.477 -7.898 -9.888 -11.473 -12.55 -5.255 -8.618 -10.746 -11.871 -12.642 -9.592 -10.916 -11.95 -12.565 -13.025 -11.069 -9.831 -11.383 -13.553 -13.873 -13.934 -11.529
6.765619 -7.456 -2.257 -3.223 -4.926 -7.713 -9.715 -7.83 -5.423 -7.844 -9.833 -11.418 -12.495 -5.2 -8.563 -10.692 -11.816 -12.587 -9.538 -10.861 -11.895 -12.511 -12.97 -11.015 -9.776 -11.328 -13.498 -13.819 -13.879 -11.475
6.97024 -7.401 -2.202 -3.168 -4.871 -7.658 -9.66 -7.776 -5.368 -7.789 -9.779 -11.363 -12.44 -5.145 -8.508 -10.637 -11.762 -12.533 -9.483 -10.806 -11.84 -12.456 -12.915 -10.96 -9.722 -11.274 -13.444 -13.764 -13.825 -11.42
7.181051 -7.347 -2.148 -3.114 -4.817 -7.604 -9.606 -7.721 -5.314 -7.735 -9.724 -11.309 -12.386 -5.091 -8.454 -10.583 -11.707 -12.478 -9.429 -10.752 -11.786 -12.402 -12.861 -10.906 -9.667 -11.219 -13.389 -13.71 -13.77 -11.366
7.398237 -7.292 -2.094 -3.06 -4.762 -7.549 -9.551 -7.667 -5.259 -7.68 -9.67 -11.255 -12.332 -5.037 -8.4 -10.528 -11.653 -12.424 -9.374 -10.698 -11.732 -12.347 -12.807 -10.851 -9.613 -11.165 -13.335 -13.655 -13.716 -11.311
7.621991 -7.238 -2.04 -3.005 -4.708 -7.495 -9.497 -7.613 -5.205 -7.626 -9.616 -11.201 -12.277 -4.982 -8.345 -10.474 -11.599 -12.37 -9.32 -10.644 -11.677 -12.293 -12.752 -10.797 -9.559 -11.111 -13.281 -13.601 -13.662 -11.257
7.852513 -7.184 -1.985 -2.951 -4.654 -7.441 -9.443 -7.559 -5.151 -7.572 -9.562 -11.146 -12.223 -4.928 -8.291 -10.42 -11.545 -12.316 -9.266 -10.589 -11.623 -12.239 -12.698 -10.743 -9.505 -11.057 -13.227 -13.547 -13.608 -11.203
8.090007 -7.13 -1.931 -2.897 -4.6 -7.387 -9.389 -7.505 -5.097 -7.518 -9.508 -11.092 -12.169 -4.874 -8.237 -10.366 -11.491 -12.262 -9.212 -10.535 -11.569 -12.185 -12.644 -10.689 -9.451 -11.003 -13.173 -13.493 -13.554 -11.149
8.334684 -7.076 -1.878 -2.843 -4.546 -7.333 -9.335 -7.451 -5.043 -7.464 -9.454 -11.039 -12.115 -4.82 -8.183 -10.312 -11.437 -12.208 -9.158 -10.482 -11.515 -12.131 -12.59 -10.635 -9.397 -10.949 -13.119 -13.439 -13.5 -11.095
8.586761 -7.022 -1.824 -2.79 -4.492 -7.279 -9.281 -7.397 -4.989 -7.41 -9.4 -10.985 -12.062 -4.767 -8.13 -10.258 -11.383 -12.154 -9.104 -10.428 -11.462 -12.077 -12.536 -10.581 -9.343 -10.895 -13.065 -13.385 -13.446 -11.041
8.846461 -6.968 -1.77 -2.736 -4.439 -7.225 -9.228 -7.343 -4.935 -7.356 -9.346 -10.931 -12.008 -4.713 -8.076 -10.205 -11.329 -12.1 -9.05 -10.374 -11.408 -12.023 -12.483 -10.528 -9.289 -10.841 -13.011 -13.332 -13.392 -10.988
9.114017 -6.915 -1.716 -2.682 -4.385 -7.172 -9.174 -7.289 -4.882 -7.303 -9.292 -10.877 -11.954 -4.659 -8.022 -10.151 -11.275 -12.046 -8.997 -10.32 -11.354 -11.97 -12.429 -10.474 -9.235 -10.787 -12.957 -13.278 -13.338 -10.934
9.389664 -6.861 -1.662 -2.628 -4.331 -7.118 -9.12 -7.236 -4.828 -7.249 -9.239 -10.823 -11.9 -4.605 -7.968 -10.097 -11.222 -11.993 -8.943 -10.266 -11.3 -11.916 -12.375 -10.42 -9.182 -10.734 -12.904 -13.224 -13.285 -10.88
9.673648 -6.807 -1.609 -2.575 -4.277 -7.064 -9.066 -7.182 -4.774 -7.195 -9.185 -10.77 -11.847 -4.552 -7.915 -10.043 -11.168 -11.939 -8.889 -10.213 -11.247 -11.862 -12.321 -10.366 -9.128 -10.68 -12.85 -13.17 -13.231 -10.826
9.966221 -6.753 -1.555 -2.521 -4.224 -7.011 -9.013 -7.128 -4.721 -7.142 -9.131 -10.716 -11.793 -4.498 -7.861 -9.99 -11.114 -11.885 -8.836 -10.159 -11.193 -11.809 -12.268 -10.313 -9.074 -10.626 -12.796 -13.117 -13.177 -10.773
10.267642 -6.7 -1.501 -2.467 -4.17 -6.957 -8.959 -7.075 -4.667 -7.088 -9.077 -10.662 -11.739 -4.444 -7.807 -9.936 -11.061 -11.831 -8.782 -10.105 -11.139 -11.755 -12.214 -10.259 -9.021 -10.573 -12.743 -13.063 -13.124 -10.719
10.57818 -6.646 -1.448 -2.414 -4.116 -6.903 -8.905 -7.021 -4.613 -7.034 -9.024 -10.609 -11.685 -4.39 -7.753 -9.882 -11.007 -11.778 -8.728 -10.052 -11.085 -11.701 -12.16 -10.205 -8.967 -10.519 -12.689 -13.009 -13.07 -10.665
10.89811 -6.592 -1.394 -2.36 -4.063 -6.849 -8.852 -6.967 -4.559 -6.98 -8.97 -10.555 -11.632 -4.337 -7.7 -9.828 -10.953 -11.724 -8.674 -9.998 -11.032 -11.647 -12.107 -10.152 -8.913 -10.465 -12.635 -12.955 -13.016 -10.612
11.227716 -6.539 -1.34 -2.306 -4.009 -6.796 -8.798 -6.913 -4.506 -6.927 -8.916 -10.501 -11.578 -4.283 -7.646 -9.775 -10.899 -11.67 -8.621 -9.944 -10.978 -11.594 -12.053 -10.098 -8.859 -10.411 -12.581 -12.902 -12.962 -10.558
11.56729 -6.485 -1.286 -2.252 -3.955 -6.742 -8.744 -6.86 -4.452 -6.873 -8.862 -10.447 -11.524 -4.229 -7.592 -9.721 -10.846 -11.616 -8.567 -9.89 -10.924 -11.54 -11.999 -10.044 -8.806 -10.358 -12.528 -12.848 -12.908 -10.504
11.917135 -6.431 -1.232 -2.198 -3.901 -6.688 -8.69 -6.806 -4.398 -6.819 -8.809 -10.393 -11.47 -4.175 -7.538 -9.667 -10.792 -11.563 -8.513 -9.836 -10.87 -11.486 -11.945 -9.99 -8.752 -10.304 -12.474 -12.794 -12.855 -10.45
12.277561 -6.377 -1.179 -2.144 -3.847 -6.634 -8.636 -6.752 -4.344 -6.765 -8.755 -10.339 -11.416 -4.121 -7.484 -9.613 -10.738 -11.509 -8.459 -9.783 -10.816 -11.432 -11.891 -9.936 -8.698 -10.25 -12.42 -12.74 -12.801 -10.396
12.648887 -6.323 -1.125 -2.09 -3.793 -6.58 -8.582 -6.698 -4.29 -6.711 -8.701 -10.285 -11.362 -4.067 -7.43 -9.559 -10.684 -11.455 -8.405 -9.729 -10.762 -11.378 -11.837 -9.882 -8.644 -10.196 -12.366 -12.686 -12.747 -10.342
13.031444 -6.269 -1.07 -2.036 -3.739 -6.526 -8.528 -6.644 -4.236 -6.657 -8.647 -10.231 -11.308 -4.013 -7.376 -9.505 -10.63 -11.401 -8.351 -9.674 -10.708 -11.324 -11.783 -9.828 -8.59 -10.142 -12.312 -12.632 -12.693 -10.288
13.425571 -6.215 -1.016 -1.982 -3.685 -6.472 -8.474 -6.59 -4.182 -6.603 -8.592 -10.177 -11.254 -3.959 -7.322 -9.451 -10.576 -11.346 -8.297 -9.62 -10.654 -11.27 -11.729 -9.774 -8.536 -10.088 -12.258 -12.578 -12.639 -10.234
13.831619 -6.161 -0.962 -1.928 -3.631 -6.418 -8.42 -6.535 -4.128 -6.549 -8.538 -10.123 -11.2 -3.905 -7.268 -9.397 -10.521 -11.292 -8.243 -9.566 -10.6 -11.216 -11.675 -9.72 -8.481 -10.033 -12.203 -12.524 -12.584 -10.18
14.249947 -6.106 -0.908 -1.874 -3.577 -6.363 -8.365 -6.481 -4.073 -6.494 -8.484 -10.069 -11.146 -3.851 -7.214 -9.342 -10.467 -11.238 -8.188 -9.512 -10.546 -11.161 -11.621 -9.665 -8.427 -9.979 -12.149 -12.469 -12.53 -10.126
14.680926 -6.052 -0.853 -1.819 -3.522 -6.309 -8.311 -6.427 -4.019 -6.44 -8.43 -10.014 -11.091 -3.796 -7.159 -9.288 -10.413 -11.184 -8.134 -9.457 -10.491 -11.107 -11.566 -9.611 -8.373 -9.925 -12.095 -12.415 -12.476 -10.071
15.124941 -5.997 -0.799 -1.765 -3.468 -6.254 -8.257 -6.372 -3.964 -6.385 -8.375 -9.96 -11.037 -3.742 -7.105 -9.234 -10.358 -11.129 -8.079 -9.403 -10.437 -11.052 -11.512 -9.557 -8.318 -9.87 -12.04 -12.36 -12.421 -10.017
15.582385 -5.943 -0.744 -1.71 -3.413 -6.2 -8.202 -6.318 -3.91 -6.331 -8.32 -9.905 -10.982 -3.687 -7.05 -9.179 -10.304 -11.074 -8.025 -9.348 -10.382 -10.998 -11.457 -9.502 -8.264 -9.816 -11.986 -12.306 -12.366 -9.962
16.053663 -5.888 -0.69 -1.656 -3.358 -6.145 -8.147 -6.263 -3.855 -6.276 -8.266 -9.851 -10.927 -3.632 -6.995 -9.124 -10.249 -11.02 -7.97 -9.294 -10.327 -10.943 -11.402 -9.447 -8.209 -9.761 -11.931 -12.251 -12.312 -9.907
16.539195 -5.833 -0.635 -1.601 -3.304 -6.09 -8.093 -6.208 -3.8 -6.221 -8.211 -9.796 -10.873 -3.578 -6.941 -9.069 -10.194 -10.965 -7.915 -9.239 -10.273 -10.888 -11.348 -9.392 -8.154 -9.706 -11.876 -12.196 -12.257 -9.853
17.039412 -5.778 -0.58 -1.546 -3.249 -6.035 -8.038 -6.153 -3.745 -6.166 -8.156 -9.741 -10.818 -3.523 -6.886 -9.015 -10.139 -10.91 -7.86 -9.184 -10.218 -10.834 -11.293 -9.338 -8.099 -9.651 -11.821 -12.142 -12.202 -9.798
17.554757 -5.723 -0.525 -1.491 -3.194 -5.98 -7.983 -6.098 -3.69 -6.111 -8.101 -9.686 -10.763 -3.468 -6.831 -8.96 -10.084 -10.855 -7.805 -9.129 -10.163 -10.779 -11.238 -9.283 -8.044 -9.596 -11.766 -12.087 -12.147 -9.743
18.085689 -5.668 -0.47 -1.436 -3.139 -5.925 -7.928 -6.043 -3.635 -6.056 -8.046 -9.631 -10.708 -3.413 -6.776 -8.904 -10.029 -10.8 -7.75 -9.074 -10.108 -10.723 -11.183 -9.227 -7.989 -9.541 -11.711 -12.031 -12.092 -9.688
18.632678 -5.613 -0.415 -1.381 -3.083 -5.87 -7.872 -5.988 -3.58 -6.001 -7.991 -9.576 -10.652 -3.357 -6.72 -8.849 -9.974 -10.745 -7.695 -9.019 -10.053 -10.668 -11.127 -9.172 -7.934 -9.486 -11.656 -11.976 -12.037 -9.632
19.196211 -5.558 -0.359 -1.325 -3.028 -5.815 -7.817 -5.933 -3.525 -5.946 -7.935 -9.52 -10.597 -3.302 -6.665 -8.794 -9.919 -10.689 -7.64 -8.963 -9.997 -10.613 -11.072 -9.117 -7.879 -9.431 -11.601 -11.921 -11.982 -9.577
19.776787 -5.502 -0.304 -1.27 -2.973 -5.759 -7.762 -5.877 -3.469 -5.89 -7.88 -9.465 -10.542 -3.247 -6.61 -8.739 -9.863 -10.634 -7.584 -8.908 -9.942 -10.557 -11.017 -9.062 -7.823 -9.375 -11.545 -11.866 -11.926 -9.522
20.374923 -5.447 -0.248 -1.214 -2.917 -5.704 -7.706 -5.822 -3.414 -5.835 -7.824 -9.409 -10.486 -3.191 -6.554 -8.683 -9.808 -10.579 -7.529 -8.852 -9.886 -10.502 -10.961 -9.006 -7.768 -9.32 -11.49 -11.81 -11.871 -9.466
20.991149 -5.391 -0.193 -1.159 -2.861 -5.648 -7.65 -5.766 -3.358 -5.779 -7.769 -9.354 -10.431 -3.136 -6.499 -8.627 -9.752 -10.523 -7.473 -8.797 -9.831 -10.446 -10.906 -8.95 -7.712 -9.264 -11.434 -11.754 -11.815 -9.41
21.626011 -5.335 -0.137 -1.103 -2.806 -5.593 -7.595 -5.71 -3.303 -5.724 -7.713 -9.298 -10.375 -3.08 -6.443 -8.572 -9.696 -10.467 -7.418 -8.741 -9.775 -10.391 -10.85 -8.895 -7.656 -9.208 -11.378 -11.699 -11.759 -9.355
22.280075 -5.28 -0.081 -1.047 -2.75 -5.537 -7.539 -5.654 -3.247 -5.668 -7.657 -9.242 -10.319 -3.024 -6.387 -8.516 -9.64 -10.411 -7.362 -8.685 -9.719 -10.335 -10.794 -8.839 -7.6 -9.152 -11.323 -11.643 -11.703 -9.299
22.953921 -5.224 -0.025 -0.991 -2.694 -5.481 -7.483 -5.598 -3.191 -5.612 -7.601 -9.186 -10.263 -2.968 -6.331 -8.46 -9.585 -10.355 -7.306 -8.629 -9.663 -10.279 -10.738 -8.783 -7.544 -9.097 -11.267 -11.587 -11.647 -9.243
23.648147 -5.168 0.031 -0.935 -2.638 -5.425 -7.427 -5.542 -3.135 -5.556 -7.545 -9.13 -10.207 -2.912 -6.275 -8.404 -9.528 -10.299 -7.25 -8.573 -9.607 -10.223 -10.682 -8.727 -7.488 -9.04 -11.211 -11.531 -11.591 -9.187
24.363369 -5.111 0.087 -0.879 -2.582 -5.369 -7.371 -5.486 -3.079 -5.5 -7.489 -9.074 -10.151 -2.856 -6.219 -8.348 -9.472 -10.243 -7.194 -8.517 -9.551 -10.167 -10.626 -8.671 -7.432 -8.984 -11.154 -11.475 -11.535 -9.131
25.100222 -5.055 0.143 -0.823 -2.526 -5.312 -7.314 -5.43 -3.022 -5.443 -7.433 -9.018 -10.095 -2.8 -6.163 -8.291 -9.416 -10.187 -7.137 -8.461 -9.495 -10.11 -10.57 -8.614 -7.376 -8.928 -11.098 -11.418 -11.479 -9.075
25.859362 -4.999 0.2 -0.766 -2.469 -5.256 -7.258 -5.374 -2.966 -5.387 -7.377 -8.961 -10.038 -2.743 -6.106 -8.235 -9.36 -10.131 -7.081 -8.404 -9.438 -10.054 -10.513 -8.558 -7.32 -8.872 -11.042 -11.362 -11.423 -9.018
26.64146 -4.942 0.256 -0.71 -2.413 -5.2 -7.202 -5.317 -2.91 -5.331 -7.32 -8.905 -9.982 -2.687 -6.05 -8.179 -9.303 -10.074 -7.025 -8.348 -9.382 -9.998 -10.457 -8.502 -7.263 -8.815 -10.985 -11.306 -11.366 -8.962
