web/models/kne.last_good/10/villar_0.0512_0.5000_10.0000.dat
# %ECSV 1.0
# ---
# datatype:
# - {name: time, datatype: float64}
# - {name: swift_uvot_uvw2, datatype: float64}
# - {name: swift_uvot_uvm2, datatype: float64}
# - {name: swift_uvot_uvw1, datatype: float64}
# - {name: swift_uvot_U, datatype: float64}
# - {name: swift_uvot_B, datatype: float64}
# - {name: swift_uvot_V, datatype: float64}
# - {name: swift_uvot_W, datatype: float64}
# - {name: johnson_U, datatype: float64}
# - {name: johnson_B, datatype: float64}
# - {name: johnson_V, datatype: float64}
# - {name: johnson_R, datatype: float64}
# - {name: johnson_I, datatype: float64}
# - {name: sdss_u, datatype: float64}
# - {name: sdss_g, datatype: float64}
# - {name: sdss_r, datatype: float64}
# - {name: sdss_i, datatype: float64}
# - {name: sdss_z, datatype: float64}
# - {name: PS1_g, datatype: float64}
# - {name: PS1_r, datatype: float64}
# - {name: PS1_i, datatype: float64}
# - {name: PS1_z, datatype: float64}
# - {name: PS1_Y, datatype: float64}
# - {name: PS1_w, datatype: float64}
# - {name: ATLAS_c, datatype: float64}
# - {name: ATLAS_o, datatype: float64}
# - {name: ukirt_J, datatype: float64}
# - {name: ukirt_H, datatype: float64}
# - {name: ukirt_K, datatype: float64}
# - {name: Clear, datatype: float64}
# meta: !!omap
# - comment: [kappa = 10.0, type = villar, mass = 0.051209162050732976, velocity = 0.5, theta_obs = 0.0, tfloor = 2500.0]
# schema: astropy-2.0
time swift_uvot_uvw2 swift_uvot_uvm2 swift_uvot_uvw1 swift_uvot_U swift_uvot_B swift_uvot_V swift_uvot_W johnson_U johnson_B johnson_V johnson_R johnson_I sdss_u sdss_g sdss_r sdss_i sdss_z PS1_g PS1_r PS1_i PS1_z PS1_Y PS1_w ATLAS_c ATLAS_o ukirt_J ukirt_H ukirt_K Clear
[from data line 203]
0.423513 -15.552 -15.877 -16.231 -16.794 -16.951 -16.954 -16.45 -16.83 -16.95 -16.949 -16.826 -16.609 -16.826 -16.962 -16.898 -16.756 -16.576 -16.975 -16.906 -16.764 -16.631 -16.561 -16.875 -16.946 -16.837 -16.127 -15.703 -15.172 -16.876
0.436321 -15.427 -15.763 -16.141 -16.739 -16.918 -16.937 -16.389 -16.779 -16.917 -16.933 -16.822 -16.614 -16.774 -16.935 -16.889 -16.757 -16.583 -16.95 -16.897 -16.765 -16.637 -16.569 -16.863 -16.926 -16.832 -16.144 -15.724 -15.198 -16.862
0.449518 -15.298 -15.644 -16.046 -16.681 -16.883 -16.919 -16.327 -16.725 -16.882 -16.915 -16.816 -16.619 -16.719 -16.906 -16.878 -16.756 -16.589 -16.923 -16.886 -16.764 -16.641 -16.576 -16.85 -16.905 -16.826 -16.159 -15.745 -15.223 -16.847
0.463113 -15.165 -15.52 -15.948 -16.62 -16.845 -16.899 -16.262 -16.668 -16.844 -16.895 -16.809 -16.623 -16.661 -16.874 -16.866 -16.754 -16.594 -16.894 -16.874 -16.761 -16.644 -16.582 -16.836 -16.882 -16.818 -16.174 -15.765 -15.248 -16.829
0.47712 -15.027 -15.391 -15.846 -16.556 -16.805 -16.877 -16.195 -16.608 -16.804 -16.874 -16.8 -16.625 -16.6 -16.841 -16.852 -16.75 -16.598 -16.863 -16.86 -16.758 -16.647 -16.587 -16.819 -16.857 -16.809 -16.189 -15.785 -15.272 -16.811
0.49155 -14.885 -15.257 -15.739 -16.488 -16.762 -16.853 -16.127 -16.545 -16.761 -16.85 -16.79 -16.626 -16.536 -16.805 -16.837 -16.745 -16.601 -16.83 -16.845 -16.753 -16.648 -16.591 -16.801 -16.83 -16.798 -16.203 -15.805 -15.296 -16.79
0.506416 -14.739 -15.118 -15.629 -16.417 -16.716 -16.827 -16.056 -16.478 -16.716 -16.824 -16.779 -16.627 -16.468 -16.766 -16.819 -16.739 -16.603 -16.794 -16.827 -16.747 -16.648 -16.594 -16.782 -16.801 -16.785 -16.216 -15.824 -15.32 -16.769
0.521733 -14.588 -14.973 -15.514 -16.342 -16.668 -16.798 -15.983 -16.408 -16.668 -16.797 -16.766 -16.626 -16.396 -16.725 -16.8 -16.732 -16.603 -16.756 -16.808 -16.74 -16.648 -16.597 -16.761 -16.77 -16.771 -16.228 -15.843 -15.344 -16.745
0.537512 -14.433 -14.823 -15.395 -16.264 -16.617 -16.768 -15.908 -16.335 -16.618 -16.767 -16.751 -16.624 -16.322 -16.682 -16.78 -16.723 -16.603 -16.716 -16.788 -16.731 -16.646 -16.598 -16.738 -16.737 -16.755 -16.24 -15.861 -15.367 -16.72
0.553769 -14.274 -14.667 -15.271 -16.182 -16.563 -16.735 -15.831 -16.258 -16.564 -16.735 -16.734 -16.62 -16.243 -16.636 -16.757 -16.712 -16.601 -16.673 -16.765 -16.72 -16.642 -16.599 -16.713 -16.701 -16.738 -16.251 -15.878 -15.39 -16.692
0.570517 -14.112 -14.505 -15.143 -16.096 -16.506 -16.7 -15.752 -16.177 -16.507 -16.7 -16.716 -16.616 -16.161 -16.587 -16.732 -16.7 -16.599 -16.627 -16.74 -16.709 -16.638 -16.599 -16.686 -16.664 -16.719 -16.261 -15.895 -15.412 -16.663
0.587772 -13.945 -14.338 -15.011 -16.006 -16.446 -16.663 -15.671 -16.092 -16.448 -16.664 -16.696 -16.61 -16.075 -16.535 -16.705 -16.687 -16.594 -16.579 -16.714 -16.695 -16.632 -16.597 -16.657 -16.623 -16.698 -16.27 -15.911 -15.434 -16.633
0.605549 -13.774 -14.164 -14.874 -15.912 -16.382 -16.623 -15.588 -16.003 -16.385 -16.625 -16.675 -16.603 -15.984 -16.48 -16.677 -16.672 -16.589 -16.528 -16.685 -16.68 -16.625 -16.594 -16.627 -16.581 -16.675 -16.278 -15.927 -15.456 -16.6
0.623863 -13.6 -13.985 -14.732 -15.814 -16.316 -16.581 -15.503 -15.911 -16.319 -16.583 -16.651 -16.594 -15.89 -16.423 -16.646 -16.655 -16.582 -16.474 -16.654 -16.664 -16.617 -16.591 -16.594 -16.536 -16.651 -16.286 -15.942 -15.477 -16.566
0.642731 -13.423 -13.799 -14.585 -15.711 -16.246 -16.536 -15.415 -15.814 -16.25 -16.539 -16.626 -16.584 -15.792 -16.363 -16.612 -16.636 -16.574 -16.418 -16.621 -16.645 -16.607 -16.586 -16.56 -16.488 -16.624 -16.293 -15.957 -15.498 -16.529
0.66217 -13.243 -13.606 -14.434 -15.604 -16.173 -16.488 -15.326 -15.713 -16.177 -16.492 -16.598 -16.572 -15.689 -16.299 -16.577 -16.616 -16.565 -16.358 -16.586 -16.625 -16.596 -16.58 -16.523 -16.437 -16.595 -16.299 -15.971 -15.518 -16.491
0.682197 -13.06 -13.407 -14.278 -15.493 -16.096 -16.438 -15.233 -15.608 -16.101 -16.442 -16.569 -16.559 -15.582 -16.232 -16.539 -16.593 -16.554 -16.296 -16.549 -16.603 -16.583 -16.573 -16.484 -16.384 -16.565 -16.304 -15.984 -15.538 -16.45
0.70283 -12.876 -13.202 -14.117 -15.377 -16.015 -16.385 -15.139 -15.499 -16.021 -16.39 -16.537 -16.545 -15.47 -16.162 -16.499 -16.569 -16.541 -16.23 -16.509 -16.58 -16.568 -16.564 -16.443 -16.328 -16.532 -16.308 -15.997 -15.558 -16.408
0.724086 -12.691 -12.989 -13.951 -15.257 -15.931 -16.329 -15.043 -15.384 -15.938 -16.335 -16.504 -16.528 -15.354 -16.089 -16.456 -16.543 -16.527 -16.161 -16.467 -16.554 -16.553 -16.554 -16.4 -16.27 -16.497 -16.311 -16.009 -15.577 -16.364
0.745986 -12.504 -12.77 -13.78 -15.131 -15.843 -16.269 -14.944 -15.266 -15.851 -16.277 -16.468 -16.511 -15.233 -16.012 -16.411 -16.515 -16.512 -16.089 -16.422 -16.526 -16.535 -16.543 -16.355 -16.208 -16.46 -16.313 -16.02 -15.596 -16.317
0.768548 -12.319 -12.543 -13.604 -15.001 -15.751 -16.207 -14.842 -15.142 -15.76 -16.216 -16.43 -16.491 -15.107 -15.931 -16.363 -16.485 -16.495 -16.014 -16.374 -16.497 -16.516 -16.53 -16.307 -16.144 -16.42 -16.314 -16.031 -15.614 -16.269
0.791792 -12.134 -12.309 -13.423 -14.865 -15.655 -16.142 -14.738 -15.013 -15.665 -16.151 -16.389 -16.47 -14.976 -15.847 -16.312 -16.453 -16.476 -15.935 -16.324 -16.465 -16.495 -16.516 -16.257 -16.076 -16.378 -16.313 -16.041 -15.632 -16.218
0.815739 -11.951 -12.068 -13.237 -14.725 -15.555 -16.073 -14.632 -14.88 -15.566 -16.084 -16.346 -16.447 -14.839 -15.759 -16.259 -16.418 -16.455 -15.853 -16.272 -16.431 -16.472 -16.5 -16.204 -16.005 -16.334 -16.312 -16.05 -15.65 -16.165
0.840411 -11.772 -11.82 -13.046 -14.579 -15.451 -16.001 -14.523 -14.741 -15.463 -16.013 -16.301 -16.422 -14.698 -15.668 -16.202 -16.381 -16.433 -15.767 -16.216 -16.395 -16.448 -16.483 -16.149 -15.931 -16.287 -16.31 -16.059 -15.667 -16.11
0.865828 -11.598 -11.563 -12.85 -14.427 -15.342 -15.926 -14.412 -14.598 -15.355 -15.939 -16.253 -16.395 -14.551 -15.572 -16.143 -16.342 -16.408 -15.678 -16.158 -16.357 -16.421 -16.464 -16.091 -15.854 -16.237 -16.307 -16.066 -15.683 -16.053
0.892015 -11.43 -11.299 -12.649 -14.27 -15.229 -15.847 -14.298 -14.448 -15.244 -15.861 -16.203 -16.366 -14.399 -15.473 -16.081 -16.301 -16.382 -15.585 -16.096 -16.316 -16.393 -16.444 -16.031 -15.774 -16.185 -16.302 -16.073 -15.699 -15.993
0.918993 -11.268 -11.027 -12.442 -14.107 -15.112 -15.764 -14.181 -14.294 -15.128 -15.78 -16.15 -16.336 -14.241 -15.369 -16.016 -16.257 -16.354 -15.488 -16.032 -16.273 -16.362 -16.422 -15.968 -15.69 -16.131 -16.296 -16.079 -15.715 -15.932
0.946787 -11.115 -10.747 -12.231 -13.939 -14.99 -15.677 -14.062 -14.133 -15.007 -15.695 -16.094 -16.303 -14.077 -15.261 -15.947 -16.21 -16.324 -15.387 -15.964 -16.227 -16.33 -16.398 -15.903 -15.602 -16.073 -16.289 -16.084 -15.73 -15.868
0.975422 -10.971 -10.459 -12.015 -13.764 -14.863 -15.587 -13.939 -13.967 -14.882 -15.607 -16.035 -16.268 -13.907 -15.149 -15.875 -16.161 -16.291 -15.282 -15.894 -16.179 -16.295 -16.372 -15.834 -15.511 -16.013 -16.281 -16.089 -15.744 -15.802
1.004923 -10.837 -10.163 -11.794 -13.583 -14.731 -15.493 -13.814 -13.795 -14.751 -15.514 -15.974 -16.231 -13.732 -15.032 -15.8 -16.109 -16.257 -15.174 -15.82 -16.128 -16.258 -16.345 -15.763 -15.416 -15.95 -16.271 -16.092 -15.758 -15.733
1.035317 -10.713 -9.858 -11.568 -13.396 -14.594 -15.395 -13.686 -13.617 -14.616 -15.418 -15.91 -16.191 -13.549 -14.911 -15.721 -16.055 -16.22 -15.061 -15.742 -16.074 -16.219 -16.315 -15.689 -15.318 -15.883 -16.26 -16.095 -15.771 -15.662
1.066629 -10.6 -9.546 -11.337 -13.203 -14.452 -15.292 -13.555 -13.432 -14.476 -15.318 -15.842 -16.149 -13.361 -14.785 -15.639 -15.997 -16.181 -14.944 -15.662 -16.018 -16.178 -16.284 -15.612 -15.215 -15.814 -16.247 -16.096 -15.784 -15.589
1.098888 -10.497 -9.226 -11.102 -13.002 -14.304 -15.185 -13.421 -13.241 -14.331 -15.213 -15.772 -16.105 -13.166 -14.655 -15.553 -15.937 -16.14 -14.823 -15.577 -15.958 -16.134 -16.251 -15.532 -15.109 -15.741 -16.233 -16.097 -15.796 -15.514
1.132124 -10.403 -8.898 -10.862 -12.795 -14.151 -15.074 -13.284 -13.044 -14.18 -15.104 -15.698 -16.059 -12.964 -14.519 -15.463 -15.873 -16.096 -14.698 -15.489 -15.896 -16.087 -16.215 -15.449 -14.999 -15.665 -16.217 -16.096 -15.808 -15.436
1.166364 -10.319 -8.562 -10.617 -12.581 -13.993 -14.958 -13.144 -12.84 -14.024 -14.991 -15.621 -16.01 -12.755 -14.379 -15.369 -15.807 -16.05 -14.569 -15.398 -15.831 -16.038 -16.177 -15.363 -14.884 -15.586 -16.2 -16.095 -15.818 -15.356
1.20164 -10.243 -8.221 -10.368 -12.36 -13.829 -14.838 -13.001 -12.628 -13.863 -14.873 -15.541 -15.958 -12.539 -14.233 -15.271 -15.737 -16.001 -14.435 -15.302 -15.762 -15.986 -16.137 -15.273 -14.765 -15.504 -16.181 -16.092 -15.829 -15.274
1.237983 -10.174 -7.873 -10.115 -12.132 -13.659 -14.713 -12.854 -12.41 -13.696 -14.75 -15.457 -15.903 -12.315 -14.082 -15.169 -15.664 -15.95 -14.297 -15.203 -15.69 -15.932 -16.095 -15.18 -14.642 -15.418 -16.161 -16.088 -15.838 -15.189
1.275425 -10.112 -7.522 -9.857 -11.895 -13.482 -14.582 -12.704 -12.184 -13.522 -14.623 -15.369 -15.846 -12.084 -13.925 -15.063 -15.587 -15.895 -14.155 -15.099 -15.615 -15.875 -16.051 -15.084 -14.514 -15.328 -16.138 -16.084 -15.847 -15.102
1.313999 -10.055 -7.17 -9.596 -11.651 -13.3 -14.447 -12.55 -11.951 -13.343 -14.49 -15.278 -15.786 -11.846 -13.763 -14.953 -15.507 -15.838 -14.008 -14.991 -15.537 -15.814 -16.003 -14.984 -14.382 -15.234 -16.114 -16.078 -15.855 -15.013
1.35374 -10.003 -6.819 -9.33 -11.399 -13.111 -14.306 -12.393 -11.71 -13.158 -14.353 -15.183 -15.723 -11.599 -13.595 -14.837 -15.423 -15.778 -13.858 -14.88 -15.455 -15.751 -15.954 -14.88 -14.245 -15.137 -16.088 -16.07 -15.862 -14.922
1.394683 -9.954 -6.474 -9.061 -11.139 -12.916 -14.16 -12.232 -11.461 -12.966 -14.21 -15.085 -15.657 -11.344 -13.421 -14.718 -15.336 -15.715 -13.703 -14.764 -15.369 -15.685 -15.902 -14.773 -14.103 -15.036 -16.06 -16.062 -15.869 -14.828
1.436864 -9.909 -6.141 -8.787 -10.87 -12.713 -14.009 -12.068 -11.204 -12.768 -14.062 -14.982 -15.588 -11.08 -13.24 -14.593 -15.244 -15.649 -13.545 -14.643 -15.279 -15.615 -15.847 -14.662 -13.956 -14.93 -16.03 -16.052 -15.875 -14.732
1.480321 -9.866 -5.825 -8.51 -10.593 -12.504 -13.851 -11.9 -10.939 -12.563 -13.909 -14.875 -15.515 -10.808 -13.054 -14.464 -15.149 -15.58 -13.383 -14.518 -15.186 -15.543 -15.789 -14.548 -13.804 -14.821 -15.998 -16.04 -15.88 -14.635
1.525092 -9.824 -5.535 -8.229 -10.306 -12.288 -13.688 -11.728 -10.664 -12.351 -13.75 -14.764 -15.44 -10.527 -12.861 -14.329 -15.049 -15.507 -13.217 -14.389 -15.089 -15.466 -15.729 -14.429 -13.646 -14.707 -15.964 -16.028 -15.884 -14.535
1.571218 -9.784 -5.275 -7.944 -10.01 -12.064 -13.519 -11.553 -10.381 -12.132 -13.585 -14.649 -15.361 -10.236 -12.661 -14.189 -14.945 -15.43 -13.048 -14.255 -14.987 -15.387 -15.666 -14.306 -13.484 -14.589 -15.928 -16.013 -15.887 -14.433
1.618738 -9.746 -5.051 -7.655 -9.705 -11.832 -13.343 -11.373 -10.088 -11.906 -13.413 -14.529 -15.278 -9.936 -12.455 -14.044 -14.837 -15.351 -12.877 -14.116 -14.882 -15.303 -15.6 -14.178 -13.315 -14.466 -15.889 -15.998 -15.89 -14.329
1.667696 -9.708 -4.864 -7.362 -9.389 -11.593 -13.161 -11.19 -9.786 -11.672 -13.236 -14.405 -15.192 -9.626 -12.241 -13.893 -14.724 -15.267 -12.704 -13.973 -14.772 -15.216 -15.53 -14.047 -13.141 -14.339 -15.848 -15.98 -15.891 -14.224
1.718134 -9.67 -4.711 -7.065 -9.064 -11.345 -12.972 -11.003 -9.474 -11.431 -13.052 -14.276 -15.102 -9.306 -12.02 -13.737 -14.607 -15.18 -12.53 -13.824 -14.658 -15.125 -15.458 -13.911 -12.961 -14.207 -15.805 -15.961 -15.892 -14.118
1.770098 -9.633 -4.59 -6.764 -8.728 -11.089 -12.776 -10.812 -9.152 -11.181 -12.862 -14.142 -15.008 -8.976 -11.792 -13.574 -14.485 -15.089 -12.356 -13.671 -14.539 -15.03 -15.382 -13.77 -12.775 -14.07 -15.758 -15.941 -15.892 -14.01
1.823633 -9.596 -4.493 -6.458 -8.381 -10.825 -12.573 -10.617 -8.819 -10.924 -12.665 -14.003 -14.91 -8.634 -11.556 -13.405 -14.357 -14.994 -12.182 -13.514 -14.416 -14.931 -15.304 -13.625 -12.583 -13.928 -15.71 -15.918 -15.89 -13.901
1.878788 -9.559 -4.415 -6.147 -8.023 -10.552 -12.362 -10.419 -8.476 -10.658 -12.461 -13.86 -14.809 -8.282 -11.312 -13.23 -14.225 -14.894 -12.009 -13.351 -14.288 -14.828 -15.222 -13.474 -12.384 -13.781 -15.658 -15.894 -15.888 -13.791
1.93561 -9.522 -4.351 -5.832 -7.654 -10.269 -12.144 -10.217 -8.121 -10.383 -12.249 -13.71 -14.703 -7.918 -11.06 -13.049 -14.087 -14.791 -11.84 -13.184 -14.155 -14.721 -15.136 -13.319 -12.179 -13.628 -15.604 -15.868 -15.884 -13.68
1.994152 -9.484 -4.296 -5.51 -7.272 -9.977 -11.919 -10.012 -7.755 -10.1 -12.03 -13.556 -14.592 -7.542 -10.799 -12.861 -13.944 -14.683 -11.675 -13.013 -14.017 -14.609 -15.047 -13.158 -11.967 -13.47 -15.547 -15.84 -15.879 -13.569
2.054463 -9.445 -4.246 -5.212 -6.915 -9.702 -11.704 -9.82 -7.412 -9.833 -11.822 -13.407 -14.484 -7.189 -10.552 -12.681 -13.806 -14.576 -11.527 -12.85 -13.884 -14.5 -14.959 -13.004 -11.766 -13.318 -15.488 -15.808 -15.868 -13.464
2.116599 -9.389 -4.191 -5.157 -6.86 -9.646 -11.649 -9.764 -7.356 -9.777 -11.767 -13.352 -14.429 -7.134 -10.497 -12.626 -13.75 -14.521 -11.471 -12.795 -13.829 -14.445 -14.904 -12.949 -11.71 -13.262 -15.432 -15.753 -15.813 -13.409
2.180614 -9.334 -4.135 -5.101 -6.804 -9.591 -11.593 -9.709 -7.301 -9.722 -11.711 -13.296 -14.373 -7.078 -10.441 -12.57 -13.695 -14.465 -11.416 -12.739 -13.773 -14.389 -14.848 -12.893 -11.655 -13.207 -15.377 -15.697 -15.758 -13.353
2.246566 -9.278 -4.08 -5.045 -6.748 -9.535 -11.537 -9.653 -7.245 -9.666 -11.656 -13.24 -14.317 -7.022 -10.385 -12.514 -13.639 -14.41 -11.36 -12.684 -13.717 -14.333 -14.792 -12.837 -11.599 -13.151 -15.321 -15.641 -15.702 -13.297
2.314511 -9.222 -4.023 -4.989 -6.692 -9.479 -11.481 -9.597 -7.189 -9.61 -11.6 -13.184 -14.261 -6.966 -10.329 -12.458 -13.583 -14.354 -11.304 -12.627 -13.661 -14.277 -14.736 -12.781 -11.543 -13.095 -15.265 -15.585 -15.646 -13.241
2.384512 -9.166 -3.967 -4.933 -6.636 -9.423 -11.425 -9.54 -7.133 -9.554 -11.543 -13.128 -14.205 -6.91 -10.273 -12.402 -13.526 -14.297 -11.248 -12.571 -13.605 -14.221 -14.68 -12.725 -11.486 -13.038 -15.208 -15.529 -15.589 -13.185
2.45663 -9.109 -3.911 -4.876 -6.579 -9.366 -11.368 -9.484 -7.076 -9.497 -11.487 -13.072 -14.148 -6.853 -10.216 -12.345 -13.47 -14.241 -11.191 -12.515 -13.548 -14.164 -14.623 -12.668 -11.43 -12.982 -15.152 -15.472 -15.533 -13.128
2.530929 -9.052 -3.854 -4.82 -6.522 -9.309 -11.311 -9.427 -7.019 -9.44 -11.43 -13.015 -14.092 -6.797 -10.16 -12.288 -13.413 -14.184 -11.134 -12.458 -13.492 -14.107 -14.567 -12.611 -11.373 -12.925 -15.095 -15.415 -15.476 -13.071
2.607475 -8.995 -3.797 -4.763 -6.465 -9.252 -11.254 -9.37 -6.962 -9.383 -11.373 -12.958 -14.034 -6.739 -10.102 -12.231 -13.356 -14.127 -11.077 -12.401 -13.435 -14.05 -14.509 -12.554 -11.316 -12.868 -15.038 -15.358 -15.419 -13.014
2.686337 -8.938 -3.739 -4.705 -6.408 -9.195 -11.197 -9.312 -6.905 -9.326 -11.315 -12.9 -13.977 -6.682 -10.045 -12.174 -13.299 -14.069 -11.02 -12.343 -13.377 -13.993 -14.452 -12.497 -11.258 -12.811 -14.981 -15.301 -15.361 -12.957
2.767583 -8.88 -3.682 -4.647 -6.35 -9.137 -11.139 -9.255 -6.847 -9.268 -11.258 -12.843 -13.919 -6.624 -9.987 -12.116 -13.241 -14.012 -10.962 -12.286 -13.319 -13.935 -14.394 -12.439 -11.201 -12.753 -14.923 -15.243 -15.304 -12.899
2.851287 -8.822 -3.624 -4.589 -6.292 -9.079 -11.081 -9.197 -6.789 -9.21 -11.2 -12.785 -13.861 -6.566 -9.929 -12.058 -13.183 -13.954 -10.904 -12.228 -13.261 -13.877 -14.336 -12.381 -11.143 -12.695 -14.865 -15.185 -15.246 -12.841
2.937522 -8.764 -3.565 -4.531 -6.234 -9.021 -11.023 -9.139 -6.731 -9.152 -11.141 -12.726 -13.803 -6.508 -9.871 -12.0 -13.125 -13.895 -10.846 -12.169 -13.203 -13.819 -14.278 -12.323 -11.085 -12.637 -14.807 -15.127 -15.188 -12.783
3.026365 -8.705 -3.507 -4.473 -6.176 -8.962 -10.964 -9.08 -6.672 -9.093 -11.083 -12.668 -13.745 -6.45 -9.813 -11.941 -13.066 -13.837 -10.787 -12.111 -13.145 -13.76 -14.22 -12.264 -11.026 -12.578 -14.748 -15.068 -15.129 -12.725
