web/models/kne.last_good/10/villar_0.0012_0.2963_10.0000.dat
# %ECSV 1.0
# ---
# datatype:
# - {name: time, datatype: float64}
# - {name: swift_uvot_uvw2, datatype: float64}
# - {name: swift_uvot_uvm2, datatype: float64}
# - {name: swift_uvot_uvw1, datatype: float64}
# - {name: swift_uvot_U, datatype: float64}
# - {name: swift_uvot_B, datatype: float64}
# - {name: swift_uvot_V, datatype: float64}
# - {name: swift_uvot_W, datatype: float64}
# - {name: johnson_U, datatype: float64}
# - {name: johnson_B, datatype: float64}
# - {name: johnson_V, datatype: float64}
# - {name: johnson_R, datatype: float64}
# - {name: johnson_I, datatype: float64}
# - {name: sdss_u, datatype: float64}
# - {name: sdss_g, datatype: float64}
# - {name: sdss_r, datatype: float64}
# - {name: sdss_i, datatype: float64}
# - {name: sdss_z, datatype: float64}
# - {name: PS1_g, datatype: float64}
# - {name: PS1_r, datatype: float64}
# - {name: PS1_i, datatype: float64}
# - {name: PS1_z, datatype: float64}
# - {name: PS1_Y, datatype: float64}
# - {name: PS1_w, datatype: float64}
# - {name: ATLAS_c, datatype: float64}
# - {name: ATLAS_o, datatype: float64}
# - {name: ukirt_J, datatype: float64}
# - {name: ukirt_H, datatype: float64}
# - {name: ukirt_K, datatype: float64}
# - {name: Clear, datatype: float64}
# meta: !!omap
# - comment: [kappa = 10.0, type = villar, mass = 0.0012301715156502338, velocity = 0.29633333333333334, theta_obs = 0.0, tfloor = 2500.0]
# schema: astropy-2.0
time swift_uvot_uvw2 swift_uvot_uvm2 swift_uvot_uvw1 swift_uvot_U swift_uvot_B swift_uvot_V swift_uvot_W johnson_U johnson_B johnson_V johnson_R johnson_I sdss_u sdss_g sdss_r sdss_i sdss_z PS1_g PS1_r PS1_i PS1_z PS1_Y PS1_w ATLAS_c ATLAS_o ukirt_J ukirt_H ukirt_K Clear
[from data line 358]
42.914265 3.5 8.698 7.732 6.029 3.242 1.24 3.125 5.532 3.111 1.122 -0.463 -1.54 5.755 2.392 0.263 -0.861 -1.632 1.417 0.094 -0.94 -1.556 -2.015 -0.06 1.179 -0.373 -2.543 -2.864 -2.924 -0.52
44.212178 3.583 8.781 7.815 6.113 3.326 1.324 3.208 5.616 3.195 1.205 -0.38 -1.456 5.839 2.475 0.347 -0.778 -1.549 1.501 0.177 -0.857 -1.472 -1.931 0.024 1.262 -0.29 -2.46 -2.78 -2.841 -0.436
45.549345 3.666 8.865 7.899 6.196 3.409 1.407 3.291 5.699 3.278 1.289 -0.296 -1.373 5.922 2.559 0.43 -0.695 -1.465 1.584 0.261 -0.773 -1.389 -1.848 0.107 1.345 -0.207 -2.377 -2.697 -2.757 -0.353
46.926954 3.75 8.948 7.982 6.279 3.493 1.49 3.375 5.783 3.362 1.372 -0.213 -1.29 6.005 2.642 0.514 -0.611 -1.382 1.668 0.344 -0.69 -1.305 -1.765 0.191 1.429 -0.123 -2.293 -2.613 -2.674 -0.27
48.346227 3.833 9.032 8.066 6.363 3.576 1.574 3.458 5.866 3.445 1.456 -0.129 -1.206 6.089 2.726 0.597 -0.528 -1.298 1.751 0.428 -0.606 -1.222 -1.681 0.274 1.512 -0.04 -2.21 -2.53 -2.591 -0.186
49.808426 3.917 9.115 8.149 6.446 3.66 1.658 3.542 5.95 3.529 1.539 -0.046 -1.123 6.172 2.809 0.681 -0.444 -1.215 1.835 0.511 -0.523 -1.138 -1.598 0.358 1.596 0.044 -2.126 -2.446 -2.507 -0.103
51.314848 4.0 9.199 8.233 6.53 3.743 1.741 3.626 6.033 3.612 1.623 0.038 -1.039 6.256 2.893 0.764 -0.36 -1.131 1.918 0.595 -0.439 -1.055 -1.514 0.441 1.68 0.128 -2.043 -2.363 -2.423 -0.019
52.86683 4.084 9.282 8.317 6.614 3.827 1.825 3.709 6.117 3.696 1.706 0.121 -0.955 6.34 2.977 0.848 -0.277 -1.048 2.002 0.678 -0.355 -0.971 -1.43 0.525 1.763 0.211 -1.959 -2.279 -2.34 0.065
54.465752 4.168 9.366 8.4 6.697 3.911 1.908 3.793 6.201 3.78 1.79 0.205 -0.872 6.423 3.06 0.932 -0.193 -0.964 2.086 0.762 -0.272 -0.887 -1.347 0.608 1.847 0.295 -1.875 -2.195 -2.256 0.148
56.113031 4.251 9.45 8.484 6.781 3.994 1.992 3.877 6.284 3.863 1.874 0.289 -0.788 6.507 3.144 1.015 -0.109 -0.88 2.169 0.846 -0.188 -0.804 -1.263 0.692 1.931 0.379 -1.791 -2.112 -2.172 0.232
57.810132 4.335 9.534 8.568 6.865 4.078 2.076 3.96 6.368 3.947 1.958 0.373 -0.704 6.591 3.228 1.099 -0.026 -0.797 2.253 0.93 -0.104 -0.72 -1.179 0.776 2.014 0.462 -1.708 -2.028 -2.089 0.316
59.55856 4.419 9.617 8.652 6.949 4.162 2.16 4.044 6.452 4.031 2.041 0.456 -0.62 6.675 3.312 1.183 0.058 -0.713 2.337 1.013 -0.02 -0.636 -1.095 0.86 2.098 0.546 -1.624 -1.944 -2.005 0.4
61.359868 4.503 9.701 8.735 7.033 4.246 2.244 4.128 6.536 4.115 2.125 0.54 -0.537 6.758 3.395 1.267 0.142 -0.629 2.421 1.097 0.063 -0.552 -1.011 0.944 2.182 0.63 -1.54 -1.86 -1.921 0.484
63.215655 4.587 9.785 8.819 7.117 4.33 2.328 4.212 6.62 4.199 2.209 0.624 -0.453 6.842 3.479 1.351 0.226 -0.545 2.505 1.181 0.147 -0.468 -0.928 1.028 2.266 0.714 -1.456 -1.776 -1.837 0.567
65.127569 4.671 9.869 8.903 7.2 4.414 2.411 4.296 6.704 4.283 2.293 0.708 -0.369 6.926 3.563 1.435 0.31 -0.461 2.589 1.265 0.231 -0.384 -0.844 1.112 2.35 0.798 -1.372 -1.692 -1.753 0.651
67.097308 4.755 9.953 8.987 7.284 4.498 2.495 4.38 6.788 4.367 2.377 0.792 -0.285 7.01 3.647 1.519 0.394 -0.377 2.673 1.349 0.315 -0.3 -0.76 1.196 2.434 0.882 -1.288 -1.608 -1.669 0.735
69.126621 4.839 10.037 9.071 7.368 4.582 2.58 4.464 6.872 4.451 2.461 0.876 -0.201 7.094 3.731 1.603 0.478 -0.293 2.757 1.433 0.399 -0.216 -0.676 1.28 2.518 0.966 -1.204 -1.524 -1.585 0.819
71.217308 4.923 10.121 9.155 7.453 4.666 2.664 4.548 6.956 4.535 2.545 0.96 -0.117 7.178 3.815 1.687 0.562 -0.209 2.841 1.517 0.483 -0.132 -0.591 1.364 2.602 1.05 -1.12 -1.44 -1.501 0.904
73.371227 5.007 10.205 9.24 7.537 4.75 2.748 4.632 7.04 4.619 2.629 1.044 -0.032 7.263 3.9 1.771 0.646 -0.125 2.925 1.601 0.568 -0.048 -0.507 1.448 2.686 1.134 -1.036 -1.356 -1.417 0.988
75.59029 5.091 10.29 9.324 7.621 4.834 2.832 4.716 7.124 4.703 2.713 1.129 0.052 7.347 3.984 1.855 0.73 -0.041 3.009 1.686 0.652 0.036 -0.423 1.532 2.77 1.218 -0.952 -1.272 -1.333 1.072
77.876467 5.175 10.374 9.408 7.705 4.918 2.916 4.801 7.208 4.787 2.798 1.213 0.136 7.431 4.068 1.939 0.815 0.044 3.093 1.77 0.736 0.12 -0.339 1.616 2.855 1.302 -0.868 -1.188 -1.248 1.156
80.231787 5.26 10.458 9.492 7.789 5.002 3.0 4.885 7.292 4.871 2.882 1.297 0.22 7.515 4.152 2.023 0.899 0.128 3.177 1.854 0.82 0.204 -0.255 1.7 2.939 1.387 -0.783 -1.104 -1.164 1.24
82.658343 5.344 10.542 9.576 7.874 5.087 3.085 4.969 7.377 4.956 2.966 1.381 0.304 7.599 4.236 2.108 0.983 0.212 3.262 1.938 0.904 0.289 -0.17 1.785 3.023 1.471 -0.699 -1.019 -1.08 1.325
85.158288 5.428 10.627 9.661 7.958 5.171 3.169 5.053 7.461 5.04 3.051 1.466 0.389 7.684 4.321 2.192 1.067 0.297 3.346 2.023 0.989 0.373 -0.086 1.869 3.107 1.555 -0.615 -0.935 -0.996 1.409
87.733843 5.513 10.711 9.745 8.042 5.255 3.253 5.138 7.545 5.124 3.135 1.55 0.473 7.768 4.405 2.276 1.152 0.381 3.43 2.107 1.073 0.457 -0.002 1.953 3.192 1.64 -0.53 -0.851 -0.911 1.493
90.387293 5.597 10.795 9.83 8.127 5.34 3.338 5.222 7.63 5.209 3.219 1.634 0.558 7.853 4.49 2.361 1.236 0.465 3.515 2.191 1.158 0.542 0.083 2.038 3.276 1.724 -0.446 -0.766 -0.827 1.578
93.120995 5.681 10.88 9.914 8.211 5.424 3.422 5.307 7.714 5.293 3.304 1.719 0.642 7.937 4.574 2.445 1.321 0.55 3.599 2.276 1.242 0.626 0.167 2.122 3.361 1.809 -0.362 -0.682 -0.742 1.662
95.937376 5.766 10.964 9.998 8.296 5.509 3.507 5.391 7.799 5.378 3.388 1.803 0.726 8.021 4.658 2.53 1.405 0.634 3.684 2.36 1.326 0.711 0.252 2.207 3.445 1.893 -0.277 -0.597 -0.658 1.747
98.838937 5.85 11.049 10.083 8.38 5.593 3.591 5.476 7.883 5.462 3.473 1.888 0.811 8.106 4.743 2.614 1.49 0.719 3.768 2.445 1.411 0.795 0.336 2.291 3.53 1.978 -0.193 -0.513 -0.573 1.831
101.828253 5.935 11.133 10.167 8.465 5.678 3.676 5.56 7.968 5.547 3.557 1.972 0.896 8.191 4.827 2.699 1.574 0.803 3.853 2.529 1.495 0.88 0.421 2.376 3.614 2.062 -0.108 -0.428 -0.489 1.916
104.907979 6.019 11.218 10.252 8.549 5.762 3.76 5.645 8.052 5.631 3.642 2.057 0.98 8.275 4.912 2.783 1.659 0.888 3.937 2.614 1.58 0.964 0.505 2.46 3.699 2.147 -0.023 -0.344 -0.404 2.0
108.080849 6.104 11.303 10.337 8.634 5.847 3.845 5.729 8.137 5.716 3.726 2.142 1.065 8.36 4.997 2.868 1.743 0.972 4.022 2.699 1.665 1.049 0.59 2.545 3.783 2.231 0.061 -0.259 -0.32 2.085
111.349681 6.189 11.387 10.421 8.718 5.932 3.93 5.814 8.222 5.801 3.811 2.226 1.149 8.444 5.081 2.953 1.828 1.057 4.107 2.783 1.749 1.134 0.674 2.63 3.868 2.316 0.146 -0.174 -0.235 2.169
114.717376 6.273 11.472 10.506 8.803 6.016 4.014 5.899 8.306 5.885 3.896 2.311 1.234 8.529 5.166 3.037 1.913 1.142 4.191 2.868 1.834 1.218 0.759 2.714 3.953 2.401 0.231 -0.09 -0.15 2.254
118.186925 6.358 11.557 10.591 8.888 6.101 4.099 5.983 8.391 5.97 3.981 2.396 1.319 8.614 5.251 3.122 1.997 1.227 4.276 2.953 1.919 1.303 0.844 2.799 4.037 2.485 0.315 -0.005 -0.066 2.339
121.761408 6.443 11.641 10.675 8.973 6.186 4.184 6.068 8.476 6.055 4.065 2.48 1.404 8.699 5.336 3.207 2.082 1.311 4.361 3.037 2.004 1.388 0.929 2.884 4.122 2.57 0.4 0.08 0.019 2.424
125.443999 6.528 11.726 10.76 9.057 6.271 4.268 6.153 8.561 6.14 4.15 2.565 1.488 8.783 5.42 3.292 2.167 1.396 4.446 3.122 2.088 1.473 1.013 2.969 4.207 2.655 0.485 0.165 0.104 2.508
129.237967 6.613 11.811 10.845 9.142 6.355 4.353 6.238 8.645 6.224 4.235 2.65 1.573 8.868 5.505 3.376 2.252 1.481 4.53 3.207 2.173 1.557 1.098 3.053 4.292 2.74 0.57 0.249 0.189 2.593
133.146681 6.697 11.896 10.93 9.227 6.44 4.438 6.323 8.73 6.309 4.32 2.735 1.658 8.953 5.59 3.461 2.337 1.566 4.615 3.292 2.258 1.642 1.183 3.138 4.377 2.825 0.655 0.334 0.274 2.678
137.173612 6.782 11.981 11.015 9.312 6.525 4.523 6.407 8.815 6.394 4.405 2.82 1.743 9.038 5.675 3.546 2.421 1.651 4.7 3.377 2.343 1.727 1.268 3.223 4.462 2.909 0.739 0.419 0.359 2.763
141.322334 6.867 12.066 11.1 9.397 6.61 4.608 6.492 8.9 6.479 4.49 2.905 1.828 9.123 5.76 3.631 2.506 1.736 4.785 3.462 2.428 1.812 1.353 3.308 4.546 2.994 0.824 0.504 0.443 2.848
145.596532 6.952 12.151 11.185 9.482 6.695 4.693 6.577 8.985 6.564 4.575 2.99 1.913 9.208 5.845 3.716 2.591 1.821 4.87 3.547 2.513 1.897 1.438 3.393 4.631 3.079 0.909 0.589 0.528 2.933
150.0 7.037 12.236 11.27 9.567 6.78 4.778 6.662 9.07 6.649 4.659 3.075 1.998 9.293 5.93 3.801 2.676 1.905 4.955 3.632 2.598 1.982 1.523 3.478 4.716 3.164 0.994 0.674 0.613 3.018
