web/models/kne.last_good/10/villar_0.0019_0.0457_10.0000.dat
# %ECSV 1.0
# ---
# datatype:
# - {name: time, datatype: float64}
# - {name: swift_uvot_uvw2, datatype: float64}
# - {name: swift_uvot_uvm2, datatype: float64}
# - {name: swift_uvot_uvw1, datatype: float64}
# - {name: swift_uvot_U, datatype: float64}
# - {name: swift_uvot_B, datatype: float64}
# - {name: swift_uvot_V, datatype: float64}
# - {name: swift_uvot_W, datatype: float64}
# - {name: johnson_U, datatype: float64}
# - {name: johnson_B, datatype: float64}
# - {name: johnson_V, datatype: float64}
# - {name: johnson_R, datatype: float64}
# - {name: johnson_I, datatype: float64}
# - {name: sdss_u, datatype: float64}
# - {name: sdss_g, datatype: float64}
# - {name: sdss_r, datatype: float64}
# - {name: sdss_i, datatype: float64}
# - {name: sdss_z, datatype: float64}
# - {name: PS1_g, datatype: float64}
# - {name: PS1_r, datatype: float64}
# - {name: PS1_i, datatype: float64}
# - {name: PS1_z, datatype: float64}
# - {name: PS1_Y, datatype: float64}
# - {name: PS1_w, datatype: float64}
# - {name: ATLAS_c, datatype: float64}
# - {name: ATLAS_o, datatype: float64}
# - {name: ukirt_J, datatype: float64}
# - {name: ukirt_H, datatype: float64}
# - {name: ukirt_K, datatype: float64}
# - {name: Clear, datatype: float64}
# meta: !!omap
# - comment: [kappa = 10.0, type = villar, mass = 0.001861645566637777, velocity = 0.04566666666666669, theta_obs = 0.0, tfloor = 2500.0]
# schema: astropy-2.0
time swift_uvot_uvw2 swift_uvot_uvm2 swift_uvot_uvw1 swift_uvot_U swift_uvot_B swift_uvot_V swift_uvot_W johnson_U johnson_B johnson_V johnson_R johnson_I sdss_u sdss_g sdss_r sdss_i sdss_z PS1_g PS1_r PS1_i PS1_z PS1_Y PS1_w ATLAS_c ATLAS_o ukirt_J ukirt_H ukirt_K Clear
[from data line 359]
44.212178 -0.638 4.561 3.595 1.892 -0.895 -2.897 -1.013 1.395 -1.026 -3.016 -4.6 -5.677 1.618 -1.745 -3.874 -4.999 -5.77 -2.72 -4.043 -5.077 -5.693 -6.152 -4.197 -2.959 -4.511 -6.681 -7.001 -7.062 -4.657
45.549345 -0.579 4.619 3.654 1.951 -0.836 -2.838 -0.954 1.454 -0.967 -2.957 -4.542 -5.618 1.677 -1.686 -3.815 -4.94 -5.711 -2.661 -3.985 -5.018 -5.634 -6.093 -4.138 -2.9 -4.452 -6.622 -6.942 -7.003 -4.598
46.926954 -0.52 4.678 3.713 2.01 -0.777 -2.779 -0.895 1.513 -0.908 -2.898 -4.483 -5.559 1.736 -1.627 -3.756 -4.881 -5.652 -2.602 -3.926 -4.959 -5.575 -6.034 -4.079 -2.841 -4.393 -6.563 -6.883 -6.944 -4.539
48.346227 -0.461 4.737 3.772 2.069 -0.718 -2.72 -0.836 1.572 -0.849 -2.839 -4.423 -5.5 1.795 -1.568 -3.697 -4.822 -5.593 -2.543 -3.867 -4.9 -5.516 -5.975 -4.02 -2.782 -4.334 -6.504 -6.824 -6.885 -4.48
49.808426 -0.402 4.797 3.831 2.128 -0.659 -2.661 -0.777 1.631 -0.79 -2.779 -4.364 -5.441 1.854 -1.509 -3.638 -4.763 -5.533 -2.484 -3.807 -4.841 -5.457 -5.916 -3.961 -2.723 -4.275 -6.445 -6.765 -6.826 -4.421
51.314848 -0.343 4.856 3.89 2.187 -0.6 -2.602 -0.717 1.69 -0.731 -2.72 -4.305 -5.382 1.913 -1.45 -3.579 -4.703 -5.474 -2.425 -3.748 -4.782 -5.398 -5.857 -3.902 -2.663 -4.215 -6.385 -6.706 -6.766 -4.362
52.86683 -0.283 4.915 3.949 2.247 -0.54 -2.542 -0.658 1.75 -0.671 -2.661 -4.246 -5.323 1.972 -1.391 -3.519 -4.644 -5.415 -2.365 -3.689 -4.723 -5.338 -5.797 -3.842 -2.604 -4.156 -6.326 -6.646 -6.707 -4.302
54.465752 -0.224 4.975 4.009 2.306 -0.481 -2.483 -0.598 1.809 -0.612 -2.601 -4.186 -5.263 2.032 -1.331 -3.46 -4.585 -5.355 -2.306 -3.629 -4.663 -5.279 -5.738 -3.783 -2.544 -4.097 -6.267 -6.587 -6.647 -4.243
56.113031 -0.164 5.034 4.068 2.366 -0.421 -2.423 -0.539 1.869 -0.552 -2.542 -4.127 -5.203 2.091 -1.272 -3.4 -4.525 -5.296 -2.246 -3.57 -4.604 -5.219 -5.678 -3.723 -2.485 -4.037 -6.207 -6.527 -6.588 -4.183
57.810132 -0.104 5.094 4.128 2.425 -0.362 -2.364 -0.479 1.928 -0.493 -2.482 -4.067 -5.144 2.151 -1.212 -3.341 -4.465 -5.236 -2.187 -3.51 -4.544 -5.16 -5.619 -3.664 -2.425 -3.977 -6.147 -6.468 -6.528 -4.124
59.55856 -0.045 5.154 4.188 2.485 -0.302 -2.304 -0.42 1.988 -0.433 -2.422 -4.007 -5.084 2.211 -1.152 -3.281 -4.406 -5.176 -2.127 -3.45 -4.484 -5.1 -5.559 -3.604 -2.366 -3.918 -6.088 -6.408 -6.468 -4.064
61.359868 0.015 5.214 4.248 2.545 -0.242 -2.244 -0.36 2.048 -0.373 -2.363 -3.947 -5.024 2.271 -1.092 -3.221 -4.346 -5.117 -2.067 -3.39 -4.424 -5.04 -5.499 -3.544 -2.306 -3.858 -6.028 -6.348 -6.409 -4.004
63.215655 0.075 5.273 4.308 2.605 -0.182 -2.184 -0.3 2.108 -0.313 -2.303 -3.887 -4.964 2.331 -1.032 -3.161 -4.286 -5.057 -2.007 -3.33 -4.364 -4.98 -5.439 -3.484 -2.246 -3.798 -5.968 -6.288 -6.349 -3.944
65.127569 0.135 5.334 4.368 2.665 -0.122 -2.124 -0.24 2.168 -0.253 -2.243 -3.827 -4.904 2.391 -0.972 -3.101 -4.226 -4.997 -1.947 -3.27 -4.304 -4.92 -5.379 -3.424 -2.186 -3.738 -5.908 -6.228 -6.289 -3.884
67.097308 0.195 5.394 4.428 2.725 -0.062 -2.064 -0.18 2.228 -0.193 -2.182 -3.767 -4.844 2.451 -0.912 -3.041 -4.166 -4.936 -1.887 -3.21 -4.244 -4.86 -5.319 -3.364 -2.126 -3.678 -5.848 -6.168 -6.229 -3.824
69.126621 0.255 5.454 4.488 2.785 -0.002 -2.004 -0.119 2.288 -0.133 -2.122 -3.707 -4.784 2.511 -0.852 -2.981 -4.105 -4.876 -1.827 -3.15 -4.184 -4.8 -5.259 -3.304 -2.065 -3.617 -5.788 -6.108 -6.168 -3.764
71.217308 0.316 5.514 4.548 2.845 0.059 -1.944 -0.059 2.349 -0.072 -2.062 -3.647 -4.724 2.571 -0.792 -2.921 -4.045 -4.816 -1.766 -3.09 -4.124 -4.739 -5.199 -3.244 -2.005 -3.557 -5.727 -6.047 -6.108 -3.704
73.371227 0.376 5.574 4.609 2.906 0.119 -1.883 0.001 2.409 -0.012 -2.002 -3.586 -4.663 2.632 -0.731 -2.86 -3.985 -4.756 -1.706 -3.03 -4.063 -4.679 -5.138 -3.183 -1.945 -3.497 -5.667 -5.987 -6.048 -3.643
75.59029 0.436 5.635 4.669 2.966 0.179 -1.823 0.062 2.469 0.048 -1.941 -3.526 -4.603 2.692 -0.671 -2.8 -3.924 -4.695 -1.646 -2.969 -4.003 -4.619 -5.078 -3.123 -1.884 -3.436 -5.606 -5.927 -5.987 -3.583
77.876467 0.497 5.695 4.73 3.027 0.24 -1.762 0.122 2.53 0.109 -1.881 -3.465 -4.542 2.753 -0.61 -2.739 -3.864 -4.635 -1.585 -2.909 -3.942 -4.558 -5.017 -3.062 -1.824 -3.376 -5.546 -5.866 -5.927 -3.522
80.231787 0.558 5.756 4.79 3.087 0.301 -1.702 0.183 2.591 0.17 -1.82 -3.405 -4.482 2.813 -0.55 -2.679 -3.803 -4.574 -1.524 -2.848 -3.882 -4.497 -4.957 -3.002 -1.763 -3.315 -5.485 -5.806 -5.866 -3.462
82.658343 0.618 5.817 4.851 3.148 0.361 -1.641 0.244 2.651 0.23 -1.759 -3.344 -4.421 2.874 -0.489 -2.618 -3.742 -4.513 -1.464 -2.787 -3.821 -4.437 -4.896 -2.941 -1.702 -3.254 -5.425 -5.745 -5.805 -3.401
85.158288 0.679 5.878 4.912 3.209 0.422 -1.58 0.304 2.712 0.291 -1.699 -3.283 -4.36 2.935 -0.428 -2.557 -3.682 -4.453 -1.403 -2.726 -3.76 -4.376 -4.835 -2.88 -1.642 -3.194 -5.364 -5.684 -5.745 -3.34
87.733843 0.74 5.938 4.973 3.27 0.483 -1.519 0.365 2.773 0.352 -1.638 -3.222 -4.299 2.996 -0.367 -2.496 -3.621 -4.392 -1.342 -2.666 -3.699 -4.315 -4.774 -2.819 -1.581 -3.133 -5.303 -5.623 -5.684 -3.279
90.387293 0.801 5.999 5.034 3.331 0.544 -1.458 0.426 2.834 0.413 -1.577 -3.162 -4.238 3.057 -0.306 -2.435 -3.56 -4.331 -1.281 -2.605 -3.638 -4.254 -4.713 -2.758 -1.52 -3.072 -5.242 -5.562 -5.623 -3.218
93.120995 0.862 6.06 5.095 3.392 0.605 -1.397 0.487 2.895 0.474 -1.516 -3.101 -4.177 3.118 -0.245 -2.374 -3.499 -4.27 -1.22 -2.544 -3.577 -4.193 -4.652 -2.697 -1.459 -3.011 -5.181 -5.501 -5.562 -3.157
95.937376 0.923 6.122 5.156 3.453 0.666 -1.336 0.548 2.956 0.535 -1.455 -3.039 -4.116 3.179 -0.184 -2.313 -3.438 -4.209 -1.159 -2.482 -3.516 -4.132 -4.591 -2.636 -1.398 -2.95 -5.12 -5.44 -5.501 -3.096
98.838937 0.984 6.183 5.217 3.514 0.727 -1.275 0.609 3.017 0.596 -1.393 -2.978 -4.055 3.24 -0.123 -2.252 -3.377 -4.147 -1.098 -2.421 -3.455 -4.071 -4.53 -2.575 -1.336 -2.889 -5.059 -5.379 -5.439 -3.035
101.828253 1.046 6.244 5.278 3.575 0.788 -1.214 0.671 3.078 0.657 -1.332 -2.917 -3.994 3.301 -0.062 -2.191 -3.315 -4.086 -1.037 -2.36 -3.394 -4.01 -4.469 -2.514 -1.275 -2.827 -4.997 -5.318 -5.378 -2.974
104.907979 1.107 6.305 5.339 3.637 0.85 -1.152 0.732 3.14 0.719 -1.271 -2.856 -3.932 3.363 -0.001 -2.129 -3.254 -4.025 -0.975 -2.299 -3.333 -3.948 -4.407 -2.452 -1.214 -2.766 -4.936 -5.256 -5.317 -2.912
108.080849 1.168 6.367 5.401 3.698 0.911 -1.091 0.794 3.201 0.78 -1.209 -2.794 -3.871 3.424 0.061 -2.068 -3.193 -3.963 -0.914 -2.237 -3.271 -3.887 -4.346 -2.391 -1.152 -2.705 -4.875 -5.195 -5.255 -2.851
111.349681 1.23 6.428 5.462 3.76 0.973 -1.029 0.855 3.263 0.842 -1.148 -2.733 -3.81 3.485 0.122 -2.006 -3.131 -3.902 -0.852 -2.176 -3.21 -3.825 -4.285 -2.329 -1.091 -2.643 -4.813 -5.133 -5.194 -2.789
114.717376 1.291 6.49 5.524 3.821 1.034 -0.968 0.917 3.324 0.903 -1.086 -2.671 -3.748 3.547 0.184 -1.945 -3.069 -3.84 -0.791 -2.114 -3.148 -3.764 -4.223 -2.268 -1.029 -2.581 -4.752 -5.072 -5.132 -2.728
118.186925 1.353 6.551 5.586 3.883 1.096 -0.906 0.978 3.386 0.965 -1.025 -2.61 -3.686 3.609 0.246 -1.883 -3.008 -3.779 -0.729 -2.053 -3.086 -3.702 -4.161 -2.206 -0.968 -2.52 -4.69 -5.01 -5.071 -2.666
121.761408 1.415 6.613 5.647 3.944 1.158 -0.845 1.04 3.448 1.027 -0.963 -2.548 -3.625 3.67 0.307 -1.821 -2.946 -3.717 -0.667 -1.991 -3.025 -3.64 -4.1 -2.144 -0.906 -2.458 -4.628 -4.948 -5.009 -2.605
125.443999 1.477 6.675 5.709 4.006 1.219 -0.783 1.102 3.509 1.088 -0.901 -2.486 -3.563 3.732 0.369 -1.76 -2.884 -3.655 -0.606 -1.929 -2.963 -3.579 -4.038 -2.083 -0.844 -2.396 -4.566 -4.887 -4.947 -2.543
129.237967 1.538 6.737 5.771 4.068 1.281 -0.721 1.164 3.571 1.15 -0.839 -2.424 -3.501 3.794 0.431 -1.698 -2.822 -3.593 -0.544 -1.867 -2.901 -3.517 -3.976 -2.021 -0.782 -2.334 -4.505 -4.825 -4.885 -2.481
133.146681 1.6 6.799 5.833 4.13 1.343 -0.659 1.225 3.633 1.212 -0.777 -2.362 -3.439 3.856 0.493 -1.636 -2.761 -3.531 -0.482 -1.805 -2.839 -3.455 -3.914 -1.959 -0.721 -2.273 -4.443 -4.763 -4.823 -2.419
137.173612 1.662 6.861 5.895 4.192 1.405 -0.597 1.287 3.695 1.274 -0.715 -2.3 -3.377 3.918 0.555 -1.574 -2.699 -3.469 -0.42 -1.743 -2.777 -3.393 -3.852 -1.897 -0.659 -2.211 -4.381 -4.701 -4.761 -2.357
141.322334 1.724 6.923 5.957 4.254 1.467 -0.535 1.35 3.757 1.336 -0.653 -2.238 -3.315 3.98 0.617 -1.512 -2.637 -3.407 -0.358 -1.681 -2.715 -3.331 -3.79 -1.835 -0.596 -2.149 -4.319 -4.639 -4.699 -2.295
145.596532 1.786 6.985 6.019 4.316 1.529 -0.473 1.412 3.819 1.398 -0.591 -2.176 -3.253 4.042 0.679 -1.45 -2.574 -3.345 -0.296 -1.619 -2.653 -3.269 -3.728 -1.773 -0.534 -2.086 -4.256 -4.577 -4.637 -2.233
150.0 1.849 7.047 6.081 4.378 1.592 -0.411 1.474 3.882 1.461 -0.529 -2.114 -3.191 4.104 0.741 -1.388 -2.512 -3.283 -0.233 -1.557 -2.591 -3.206 -3.666 -1.711 -0.472 -2.024 -4.194 -4.515 -4.575 -2.171
