web/models/kne.last_good/10/villar_0.2686_0.1867_10.0000.dat
# %ECSV 1.0
# ---
# datatype:
# - {name: time, datatype: float64}
# - {name: swift_uvot_uvw2, datatype: float64}
# - {name: swift_uvot_uvm2, datatype: float64}
# - {name: swift_uvot_uvw1, datatype: float64}
# - {name: swift_uvot_U, datatype: float64}
# - {name: swift_uvot_B, datatype: float64}
# - {name: swift_uvot_V, datatype: float64}
# - {name: swift_uvot_W, datatype: float64}
# - {name: johnson_U, datatype: float64}
# - {name: johnson_B, datatype: float64}
# - {name: johnson_V, datatype: float64}
# - {name: johnson_R, datatype: float64}
# - {name: johnson_I, datatype: float64}
# - {name: sdss_u, datatype: float64}
# - {name: sdss_g, datatype: float64}
# - {name: sdss_r, datatype: float64}
# - {name: sdss_i, datatype: float64}
# - {name: sdss_z, datatype: float64}
# - {name: PS1_g, datatype: float64}
# - {name: PS1_r, datatype: float64}
# - {name: PS1_i, datatype: float64}
# - {name: PS1_z, datatype: float64}
# - {name: PS1_Y, datatype: float64}
# - {name: PS1_w, datatype: float64}
# - {name: ATLAS_c, datatype: float64}
# - {name: ATLAS_o, datatype: float64}
# - {name: ukirt_J, datatype: float64}
# - {name: ukirt_H, datatype: float64}
# - {name: ukirt_K, datatype: float64}
# - {name: Clear, datatype: float64}
# meta: !!omap
# - comment: [kappa = 10.0, type = villar, mass = 0.2685795883840597, velocity = 0.1866666666666667, theta_obs = 0.0, tfloor = 2500.0]
# schema: astropy-2.0
time swift_uvot_uvw2 swift_uvot_uvm2 swift_uvot_uvw1 swift_uvot_U swift_uvot_B swift_uvot_V swift_uvot_W johnson_U johnson_B johnson_V johnson_R johnson_I sdss_u sdss_g sdss_r sdss_i sdss_z PS1_g PS1_r PS1_i PS1_z PS1_Y PS1_w ATLAS_c ATLAS_o ukirt_J ukirt_H ukirt_K Clear
[from data line 136]
0.057527 -17.983 -16.797 -16.513 -15.855 -15.39 -14.924 -16.371 -15.783 -15.387 -14.913 -14.464 -13.957 -15.795 -15.241 -14.66 -14.254 -13.882 -15.668 -15.273 -15.07 -15.207 -15.946 -14.751 -15.016 -14.496 -13.157 -12.582 -11.926 -14.855
0.059267 -17.983 -16.826 -16.546 -15.889 -15.425 -14.96 -16.403 -15.818 -15.422 -14.948 -14.5 -13.994 -15.829 -15.276 -14.696 -14.29 -13.919 -15.685 -15.287 -15.079 -15.208 -15.937 -14.787 -15.051 -14.532 -13.194 -12.619 -11.963 -14.891
0.061059 -17.984 -16.854 -16.578 -15.923 -15.46 -14.995 -16.435 -15.852 -15.456 -14.984 -14.536 -14.03 -15.863 -15.311 -14.732 -14.327 -13.955 -15.703 -15.302 -15.089 -15.21 -15.929 -14.823 -15.086 -14.568 -13.231 -12.656 -12.001 -14.926
0.062906 -17.986 -16.882 -16.61 -15.957 -15.495 -15.031 -16.467 -15.886 -15.491 -15.019 -14.572 -14.067 -15.897 -15.346 -14.768 -14.363 -13.992 -15.721 -15.317 -15.099 -15.212 -15.921 -14.858 -15.122 -14.604 -13.268 -12.693 -12.038 -14.961
0.064808 -17.988 -16.911 -16.642 -15.991 -15.53 -15.066 -16.499 -15.92 -15.526 -15.055 -14.608 -14.103 -15.931 -15.381 -14.804 -14.399 -14.028 -15.739 -15.333 -15.11 -15.215 -15.914 -14.894 -15.157 -14.64 -13.305 -12.73 -12.075 -14.997
0.066769 -17.99 -16.939 -16.674 -16.024 -15.564 -15.102 -16.531 -15.954 -15.561 -15.09 -14.644 -14.139 -15.965 -15.416 -14.839 -14.435 -14.065 -15.758 -15.349 -15.121 -15.218 -15.906 -14.929 -15.192 -14.676 -13.342 -12.768 -12.113 -15.032
0.068788 -17.992 -16.967 -16.705 -16.058 -15.599 -15.137 -16.562 -15.988 -15.595 -15.126 -14.68 -14.176 -15.999 -15.451 -14.875 -14.471 -14.101 -15.778 -15.365 -15.133 -15.221 -15.899 -14.965 -15.227 -14.712 -13.379 -12.805 -12.15 -15.067
0.070868 -17.995 -16.996 -16.736 -16.091 -15.634 -15.172 -16.593 -16.021 -15.63 -15.161 -14.716 -14.212 -16.033 -15.486 -14.911 -14.507 -14.137 -15.798 -15.383 -15.145 -15.226 -15.893 -15.0 -15.262 -14.748 -13.415 -12.842 -12.188 -15.102
0.073012 -17.999 -17.024 -16.768 -16.125 -15.668 -15.207 -16.624 -16.055 -15.664 -15.196 -14.751 -14.248 -16.066 -15.52 -14.946 -14.543 -14.174 -15.818 -15.4 -15.158 -15.231 -15.887 -15.035 -15.297 -14.783 -13.452 -12.879 -12.225 -15.137
0.07522 -18.002 -17.052 -16.799 -16.158 -15.702 -15.243 -16.655 -16.088 -15.698 -15.231 -14.787 -14.284 -16.1 -15.555 -14.982 -14.579 -14.21 -15.839 -15.418 -15.172 -15.236 -15.881 -15.07 -15.332 -14.819 -13.489 -12.916 -12.262 -15.172
0.077495 -18.006 -17.08 -16.83 -16.191 -15.736 -15.278 -16.686 -16.122 -15.733 -15.266 -14.823 -14.321 -16.133 -15.589 -15.017 -14.615 -14.246 -15.86 -15.437 -15.186 -15.242 -15.875 -15.106 -15.367 -14.854 -13.526 -12.953 -12.3 -15.207
0.079839 -18.01 -17.108 -16.86 -16.224 -15.77 -15.312 -16.716 -16.155 -15.767 -15.301 -14.858 -14.357 -16.166 -15.624 -15.052 -14.651 -14.282 -15.881 -15.456 -15.201 -15.249 -15.87 -15.141 -15.402 -14.89 -13.563 -12.99 -12.337 -15.242
0.082253 -18.015 -17.135 -16.891 -16.257 -15.804 -15.347 -16.746 -16.188 -15.801 -15.336 -14.894 -14.393 -16.199 -15.658 -15.087 -14.686 -14.318 -15.903 -15.476 -15.217 -15.256 -15.865 -15.176 -15.436 -14.925 -13.599 -13.027 -12.374 -15.277
0.084741 -18.02 -17.163 -16.921 -16.29 -15.838 -15.382 -16.776 -16.221 -15.835 -15.371 -14.929 -14.429 -16.232 -15.692 -15.123 -14.722 -14.354 -15.925 -15.496 -15.232 -15.264 -15.861 -15.21 -15.471 -14.961 -13.636 -13.064 -12.411 -15.311
0.087304 -18.025 -17.19 -16.951 -16.323 -15.872 -15.417 -16.806 -16.254 -15.868 -15.405 -14.964 -14.465 -16.265 -15.726 -15.158 -14.758 -14.39 -15.948 -15.516 -15.249 -15.272 -15.857 -15.245 -15.505 -14.996 -13.673 -13.101 -12.449 -15.346
0.089944 -18.031 -17.218 -16.981 -16.355 -15.906 -15.451 -16.836 -16.286 -15.902 -15.44 -15.0 -14.5 -16.298 -15.76 -15.193 -14.793 -14.426 -15.971 -15.537 -15.266 -15.281 -15.853 -15.28 -15.54 -15.031 -13.709 -13.138 -12.486 -15.38
0.092665 -18.037 -17.245 -17.011 -16.387 -15.939 -15.486 -16.865 -16.319 -15.936 -15.474 -15.035 -14.536 -16.33 -15.794 -15.228 -14.829 -14.462 -15.994 -15.559 -15.283 -15.29 -15.85 -15.315 -15.574 -15.066 -13.746 -13.175 -12.523 -15.415
0.095467 -18.043 -17.272 -17.04 -16.42 -15.973 -15.52 -16.894 -16.351 -15.969 -15.509 -15.07 -14.572 -16.363 -15.828 -15.263 -14.864 -14.498 -16.017 -15.58 -15.301 -15.301 -15.847 -15.349 -15.608 -15.101 -13.782 -13.212 -12.56 -15.449
0.098355 -18.049 -17.298 -17.069 -16.452 -16.006 -15.555 -16.923 -16.384 -16.002 -15.543 -15.105 -14.608 -16.395 -15.862 -15.297 -14.9 -14.534 -16.041 -15.602 -15.32 -15.311 -15.845 -15.384 -15.642 -15.136 -13.819 -13.249 -12.598 -15.483
0.101329 -18.055 -17.325 -17.098 -16.484 -16.039 -15.589 -16.952 -16.416 -16.036 -15.578 -15.14 -14.643 -16.427 -15.895 -15.332 -14.935 -14.57 -16.065 -15.625 -15.338 -15.322 -15.843 -15.418 -15.676 -15.171 -13.855 -13.285 -12.635 -15.517
0.104394 -18.062 -17.351 -17.127 -16.515 -16.072 -15.623 -16.98 -16.448 -16.069 -15.612 -15.175 -14.679 -16.459 -15.929 -15.367 -14.97 -14.606 -16.089 -15.648 -15.358 -15.334 -15.842 -15.452 -15.71 -15.206 -13.892 -13.322 -12.672 -15.551
0.107551 -18.069 -17.378 -17.155 -16.547 -16.105 -15.657 -17.008 -16.479 -16.102 -15.646 -15.21 -14.715 -16.491 -15.962 -15.401 -15.005 -14.641 -16.114 -15.671 -15.378 -15.347 -15.841 -15.486 -15.744 -15.241 -13.928 -13.359 -12.709 -15.585
0.110804 -18.076 -17.404 -17.184 -16.578 -16.138 -15.691 -17.036 -16.511 -16.134 -15.68 -15.244 -14.75 -16.522 -15.995 -15.436 -15.041 -14.677 -16.139 -15.694 -15.398 -15.359 -15.841 -15.52 -15.778 -15.276 -13.964 -13.396 -12.746 -15.619
0.114155 -18.084 -17.429 -17.211 -16.609 -16.171 -15.725 -17.064 -16.542 -16.167 -15.714 -15.279 -14.786 -16.554 -16.028 -15.47 -15.076 -14.712 -16.164 -15.718 -15.419 -15.373 -15.841 -15.554 -15.811 -15.31 -14.001 -13.433 -12.783 -15.652
0.117608 -18.091 -17.455 -17.239 -16.64 -16.203 -15.759 -17.091 -16.574 -16.2 -15.747 -15.314 -14.821 -16.585 -16.061 -15.504 -15.111 -14.748 -16.189 -15.742 -15.44 -15.387 -15.842 -15.588 -15.845 -15.345 -14.037 -13.469 -12.82 -15.686
0.121165 -18.099 -17.48 -17.267 -16.671 -16.236 -15.792 -17.118 -16.605 -16.232 -15.781 -15.348 -14.856 -16.616 -16.094 -15.538 -15.145 -14.783 -16.214 -15.767 -15.461 -15.402 -15.843 -15.622 -15.878 -15.379 -14.073 -13.506 -12.857 -15.719
0.124829 -18.107 -17.505 -17.294 -16.702 -16.268 -15.826 -17.145 -16.636 -16.264 -15.814 -15.383 -14.891 -16.647 -16.126 -15.573 -15.18 -14.819 -16.24 -15.791 -15.483 -15.417 -15.844 -15.656 -15.911 -15.414 -14.109 -13.542 -12.894 -15.753
0.128605 -18.115 -17.529 -17.32 -16.732 -16.3 -15.859 -17.172 -16.666 -16.296 -15.848 -15.417 -14.927 -16.678 -16.159 -15.607 -15.215 -14.854 -16.265 -15.816 -15.506 -15.432 -15.846 -15.689 -15.944 -15.448 -14.145 -13.579 -12.931 -15.786
0.132494 -18.123 -17.554 -17.347 -16.763 -16.332 -15.892 -17.198 -16.697 -16.328 -15.881 -15.451 -14.962 -16.708 -16.191 -15.64 -15.25 -14.889 -16.291 -15.841 -15.528 -15.448 -15.849 -15.723 -15.977 -15.482 -14.181 -13.616 -12.968 -15.819
0.136502 -18.131 -17.578 -17.373 -16.793 -16.364 -15.926 -17.224 -16.727 -16.36 -15.914 -15.485 -14.997 -16.738 -16.224 -15.674 -15.284 -14.924 -16.317 -15.867 -15.551 -15.465 -15.852 -15.756 -16.01 -15.516 -14.217 -13.652 -13.005 -15.852
0.14063 -18.139 -17.602 -17.399 -16.822 -16.396 -15.959 -17.249 -16.757 -16.392 -15.947 -15.519 -15.031 -16.769 -16.256 -15.708 -15.319 -14.959 -16.343 -15.893 -15.575 -15.482 -15.856 -15.789 -16.043 -15.55 -14.253 -13.688 -13.042 -15.885
0.144883 -18.147 -17.625 -17.424 -16.852 -16.427 -15.991 -17.275 -16.787 -16.423 -15.98 -15.553 -15.066 -16.798 -16.288 -15.741 -15.353 -14.994 -16.369 -15.918 -15.598 -15.5 -15.86 -15.822 -16.075 -15.584 -14.289 -13.725 -13.079 -15.917
0.149265 -18.155 -17.648 -17.45 -16.881 -16.458 -16.024 -17.299 -16.817 -16.455 -16.013 -15.587 -15.101 -16.828 -16.319 -15.775 -15.387 -15.029 -16.395 -15.944 -15.622 -15.518 -15.865 -15.855 -16.107 -15.618 -14.325 -13.761 -13.116 -15.95
0.15378 -18.163 -17.671 -17.474 -16.911 -16.489 -16.057 -17.324 -16.847 -16.486 -16.046 -15.621 -15.136 -16.858 -16.351 -15.808 -15.421 -15.064 -16.422 -15.971 -15.646 -15.536 -15.87 -15.888 -16.14 -15.651 -14.361 -13.798 -13.152 -15.982
0.15843 -18.171 -17.693 -17.499 -16.94 -16.52 -16.089 -17.348 -16.876 -16.517 -16.078 -15.654 -15.17 -16.887 -16.382 -15.841 -15.455 -15.099 -16.448 -15.997 -15.671 -15.555 -15.876 -15.921 -16.172 -15.685 -14.397 -13.834 -13.189 -16.015
0.163222 -18.179 -17.715 -17.523 -16.968 -16.551 -16.122 -17.372 -16.905 -16.547 -16.11 -15.688 -15.205 -16.916 -16.414 -15.874 -15.489 -15.133 -16.475 -16.023 -15.696 -15.574 -15.882 -15.953 -16.204 -15.718 -14.432 -13.87 -13.226 -16.047
0.168159 -18.187 -17.737 -17.547 -16.997 -16.582 -16.154 -17.395 -16.934 -16.578 -16.143 -15.721 -15.239 -16.945 -16.445 -15.907 -15.523 -15.168 -16.501 -16.05 -15.721 -15.594 -15.889 -15.986 -16.236 -15.751 -14.468 -13.906 -13.263 -16.079
0.173245 -18.195 -17.758 -17.57 -17.025 -16.612 -16.186 -17.418 -16.962 -16.608 -16.175 -15.754 -15.274 -16.973 -16.476 -15.94 -15.557 -15.202 -16.527 -16.077 -15.746 -15.614 -15.897 -16.018 -16.267 -15.784 -14.503 -13.943 -13.299 -16.11
0.178484 -18.202 -17.778 -17.593 -17.053 -16.642 -16.218 -17.441 -16.99 -16.638 -16.207 -15.787 -15.308 -17.001 -16.506 -15.973 -15.591 -15.237 -16.554 -16.104 -15.772 -15.635 -15.904 -16.05 -16.299 -15.817 -14.539 -13.979 -13.336 -16.142
0.183882 -18.21 -17.799 -17.616 -17.08 -16.672 -16.249 -17.463 -17.018 -16.668 -16.238 -15.82 -15.342 -17.029 -16.537 -16.005 -15.624 -15.271 -16.58 -16.131 -15.797 -15.656 -15.913 -16.082 -16.33 -15.85 -14.574 -14.015 -13.373 -16.173
0.189444 -18.217 -17.819 -17.638 -17.108 -16.702 -16.281 -17.485 -17.046 -16.698 -16.27 -15.853 -15.376 -17.057 -16.567 -16.037 -15.658 -15.305 -16.607 -16.158 -15.823 -15.677 -15.922 -16.114 -16.361 -15.883 -14.61 -14.051 -13.409 -16.205
0.195173 -18.224 -17.838 -17.659 -17.135 -16.731 -16.312 -17.506 -17.074 -16.727 -16.301 -15.886 -15.41 -17.084 -16.597 -16.07 -15.691 -15.339 -16.633 -16.185 -15.849 -15.699 -15.932 -16.145 -16.392 -15.916 -14.645 -14.087 -13.446 -16.236
0.201076 -18.231 -17.857 -17.68 -17.161 -16.761 -16.344 -17.527 -17.101 -16.757 -16.333 -15.918 -15.444 -17.111 -16.627 -16.102 -15.724 -15.373 -16.66 -16.212 -15.876 -15.721 -15.942 -16.177 -16.423 -15.948 -14.68 -14.123 -13.482 -16.267
0.207158 -18.237 -17.875 -17.701 -17.188 -16.79 -16.375 -17.548 -17.128 -16.786 -16.364 -15.951 -15.477 -17.138 -16.657 -16.134 -15.757 -15.407 -16.686 -16.239 -15.902 -15.743 -15.952 -16.208 -16.453 -15.981 -14.715 -14.159 -13.519 -16.297
0.213423 -18.244 -17.893 -17.721 -17.214 -16.818 -16.405 -17.567 -17.154 -16.815 -16.394 -15.983 -15.511 -17.165 -16.686 -16.165 -15.79 -15.441 -16.712 -16.266 -15.929 -15.766 -15.963 -16.239 -16.483 -16.013 -14.751 -14.194 -13.555 -16.328
0.219878 -18.249 -17.91 -17.741 -17.24 -16.847 -16.436 -17.587 -17.181 -16.843 -16.425 -16.015 -15.545 -17.191 -16.716 -16.197 -15.823 -15.475 -16.739 -16.294 -15.955 -15.789 -15.975 -16.27 -16.514 -16.045 -14.786 -14.23 -13.592 -16.358
0.226528 -18.255 -17.927 -17.76 -17.265 -16.875 -16.467 -17.606 -17.206 -16.871 -16.456 -16.047 -15.578 -17.217 -16.745 -16.228 -15.856 -15.509 -16.765 -16.321 -15.982 -15.812 -15.987 -16.301 -16.544 -16.077 -14.821 -14.266 -13.628 -16.389
0.233379 -18.26 -17.943 -17.779 -17.29 -16.903 -16.497 -17.624 -17.232 -16.899 -16.486 -16.079 -15.611 -17.243 -16.773 -16.26 -15.888 -15.542 -16.791 -16.348 -16.009 -15.836 -16.0 -16.331 -16.573 -16.108 -14.855 -14.302 -13.664 -16.418
0.240437 -18.265 -17.959 -17.797 -17.315 -16.931 -16.527 -17.642 -17.257 -16.927 -16.516 -16.111 -15.644 -17.268 -16.802 -16.291 -15.921 -15.575 -16.817 -16.376 -16.036 -15.86 -16.013 -16.362 -16.603 -16.14 -14.89 -14.337 -13.701 -16.448
0.247709 -18.269 -17.974 -17.815 -17.339 -16.958 -16.557 -17.66 -17.282 -16.955 -16.546 -16.142 -15.677 -17.293 -16.83 -16.322 -15.953 -15.609 -16.843 -16.403 -16.063 -15.883 -16.026 -16.392 -16.632 -16.171 -14.925 -14.373 -13.737 -16.478
0.255201 -18.273 -17.988 -17.832 -17.363 -16.986 -16.586 -17.677 -17.307 -16.982 -16.575 -16.174 -15.71 -17.317 -16.858 -16.352 -15.985 -15.642 -16.868 -16.43 -16.09 -15.908 -16.04 -16.422 -16.661 -16.203 -14.96 -14.408 -13.773 -16.507
0.262919 -18.276 -18.002 -17.848 -17.387 -17.012 -16.616 -17.693 -17.331 -17.009 -16.605 -16.205 -15.743 -17.341 -16.886 -16.383 -16.017 -15.675 -16.894 -16.457 -16.117 -15.932 -16.055 -16.452 -16.69 -16.234 -14.994 -14.444 -13.809 -16.536
0.270871 -18.279 -18.015 -17.864 -17.41 -17.039 -16.645 -17.708 -17.355 -17.035 -16.634 -16.236 -15.776 -17.365 -16.913 -16.413 -16.049 -15.708 -16.919 -16.484 -16.145 -15.957 -16.07 -16.481 -16.718 -16.264 -15.029 -14.479 -13.845 -16.565
0.279064 -18.281 -18.027 -17.879 -17.433 -17.065 -16.674 -17.724 -17.378 -17.062 -16.663 -16.266 -15.808 -17.388 -16.94 -16.443 -16.08 -15.74 -16.944 -16.511 -16.172 -15.982 -16.085 -16.51 -16.747 -16.295 -15.063 -14.514 -13.881 -16.594
0.287504 -18.282 -18.039 -17.894 -17.456 -17.091 -16.703 -17.738 -17.401 -17.087 -16.692 -16.297 -15.84 -17.411 -16.967 -16.473 -16.112 -15.773 -16.969 -16.538 -16.199 -16.006 -16.101 -16.54 -16.775 -16.326 -15.097 -14.55 -13.917 -16.622
0.296199 -18.283 -18.049 -17.908 -17.477 -17.117 -16.731 -17.752 -17.424 -17.113 -16.72 -16.327 -15.873 -17.434 -16.994 -16.503 -16.143 -15.805 -16.994 -16.565 -16.227 -16.032 -16.117 -16.568 -16.802 -16.356 -15.131 -14.585 -13.953 -16.65
0.305157 -18.284 -18.059 -17.921 -17.499 -17.142 -16.759 -17.765 -17.446 -17.138 -16.748 -16.358 -15.905 -17.456 -17.02 -16.532 -16.174 -15.838 -17.019 -16.592 -16.254 -16.057 -16.134 -16.597 -16.83 -16.386 -15.166 -14.62 -13.989 -16.678
0.314387 -18.283 -18.069 -17.933 -17.52 -17.167 -16.787 -17.778 -17.468 -17.163 -16.776 -16.388 -15.937 -17.478 -17.046 -16.561 -16.205 -15.87 -17.043 -16.619 -16.281 -16.082 -16.151 -16.625 -16.857 -16.416 -15.2 -14.655 -14.025 -16.705
0.323895 -18.282 -18.077 -17.945 -17.541 -17.192 -16.815 -17.79 -17.489 -17.188 -16.804 -16.417 -15.968 -17.499 -17.072 -16.59 -16.236 -15.902 -17.067 -16.645 -16.308 -16.108 -16.168 -16.653 -16.884 -16.445 -15.233 -14.69 -14.061 -16.733
0.333691 -18.28 -18.085 -17.956 -17.561 -17.216 -16.842 -17.801 -17.51 -17.212 -16.831 -16.447 -16.0 -17.519 -17.097 -16.619 -16.266 -15.934 -17.091 -16.672 -16.336 -16.133 -16.186 -16.681 -16.911 -16.475 -15.267 -14.725 -14.097 -16.76
0.343783 -18.277 -18.092 -17.967 -17.58 -17.24 -16.869 -17.811 -17.53 -17.236 -16.859 -16.476 -16.031 -17.54 -17.122 -16.648 -16.297 -15.965 -17.115 -16.698 -16.363 -16.159 -16.204 -16.709 -16.937 -16.504 -15.301 -14.759 -14.132 -16.786
0.354181 -18.273 -18.097 -17.976 -17.599 -17.263 -16.896 -17.821 -17.55 -17.259 -16.885 -16.505 -16.062 -17.559 -17.146 -16.676 -16.327 -15.997 -17.138 -16.724 -16.39 -16.185 -16.222 -16.736 -16.963 -16.533 -15.334 -14.794 -14.168 -16.813
0.364893 -18.269 -18.102 -17.985 -17.618 -17.286 -16.922 -17.83 -17.569 -17.282 -16.912 -16.534 -16.093 -17.579 -17.17 -16.704 -16.357 -16.028 -17.161 -16.75 -16.417 -16.21 -16.241 -16.763 -16.989 -16.562 -15.368 -14.829 -14.204 -16.839
0.375929 -18.263 -18.106 -17.993 -17.636 -17.309 -16.949 -17.838 -17.588 -17.305 -16.938 -16.563 -16.124 -17.597 -17.194 -16.732 -16.387 -16.06 -17.184 -16.776 -16.444 -16.236 -16.26 -16.79 -17.014 -16.59 -15.401 -14.863 -14.239 -16.865
0.387298 -18.257 -18.109 -18.0 -17.653 -17.331 -16.974 -17.846 -17.606 -17.327 -16.964 -16.591 -16.155 -17.615 -17.218 -16.759 -16.416 -16.091 -17.207 -16.801 -16.471 -16.262 -16.279 -16.816 -17.039 -16.618 -15.435 -14.898 -14.275 -16.89
0.399012 -18.249 -18.111 -18.006 -17.67 -17.353 -17.0 -17.852 -17.624 -17.349 -16.99 -16.619 -16.185 -17.633 -17.241 -16.786 -16.445 -16.121 -17.229 -16.827 -16.497 -16.288 -16.298 -16.842 -17.063 -16.646 -15.468 -14.932 -14.31 -16.915
0.41108 -18.241 -18.112 -18.011 -17.686 -17.374 -17.025 -17.858 -17.641 -17.37 -17.015 -16.647 -16.216 -17.65 -17.263 -16.813 -16.474 -16.152 -17.25 -16.852 -16.524 -16.314 -16.318 -16.868 -17.088 -16.674 -15.501 -14.966 -14.345 -16.94
