web/models/kne/14/Metzger_0.004482_0.175862_0.100000.dat
# %ECSV 0.9
# ---
# datatype:
# - {name: time, datatype: float64}
# - {name: sdss_u, datatype: float64}
# - {name: sdss_g, datatype: float64}
# - {name: sdss_r, datatype: float64}
# - {name: sdss_i, datatype: float64}
# - {name: sdss_z, datatype: float64}
# - {name: PS1_y, datatype: float64}
# - {name: ukirt_J, datatype: float64}
# - {name: ukirt_H, datatype: float64}
# - {name: ukirt_K, datatype: float64}
# - {name: johnson_U, datatype: float64}
# - {name: johnson_B, datatype: float64}
# - {name: johnson_V, datatype: float64}
# - {name: johnson_R, datatype: float64}
# - {name: johnson_I, datatype: float64}
# - {name: Clear, datatype: float64}
# meta: !!omap
# - comment: [vej = 0.17586206896551723, mej = 0.004482037834891008, Ye = 0.1, redshift = 0.0]
# schema: astropy-2.0
time sdss_u sdss_g sdss_r sdss_i sdss_z PS1_y ukirt_J ukirt_H ukirt_K johnson_U johnson_B johnson_V johnson_R johnson_I Clear
[from data line 2846]
142.400000 nan 617.331200 475.071690 384.352980 328.823351 293.990813 223.165050 159.781706 117.789350 nan 679.912718 534.827328 457.739055 323.221774 469.370486
142.450000 nan 617.544720 475.237879 384.488942 328.940785 294.096613 223.247148 159.842515 117.835986 nan 680.147041 535.013406 457.899471 323.337339 469.534776
142.500000 nan 617.758236 475.404065 384.624902 329.058218 294.202411 223.329245 159.903324 117.882621 nan 680.381361 535.199482 458.059886 323.452901 469.699064
142.550000 nan 617.971750 475.570249 384.760861 329.175650 294.308208 223.411341 159.964133 117.929256 nan 680.615677 535.385555 458.220298 323.568463 469.863350
142.600000 nan 618.185261 475.736431 384.896817 329.293080 294.414004 223.493437 160.024940 117.975891 nan 680.849990 535.571625 458.380708 323.684023 470.027633
142.650000 nan 618.398769 475.902611 385.032772 329.410508 294.519798 223.575531 160.085747 118.022525 nan 681.084299 535.757693 458.541116 323.799581 470.191915
142.700000 nan 618.612274 476.068788 385.168724 329.527935 294.625591 223.657624 160.146554 118.069158 nan 681.318606 535.943758 458.701522 323.915138 470.356194
142.750000 nan 618.825776 476.234963 385.304675 329.645361 294.731383 223.739716 160.207359 118.115791 nan 681.552909 536.129821 458.861926 324.030693 470.520471
142.800000 nan 619.039274 476.401136 385.440625 329.762785 294.837173 223.821807 160.268164 118.162424 nan 681.787208 536.315882 459.022327 324.146247 470.684745
142.850000 nan 619.252770 476.567306 385.576572 329.880207 294.942962 223.903897 160.328968 118.209056 nan 682.021505 536.501939 459.182727 324.261799 470.849017
142.900000 nan 619.466263 476.733474 385.712517 329.997628 295.048749 223.985986 160.389772 118.255688 nan 682.255798 536.687994 459.343124 324.377350 471.013287
142.950000 nan 619.679753 476.899640 385.848461 330.115048 295.154536 224.068074 160.450575 118.302319 nan 682.490088 536.874047 459.503519 324.492900 471.177555
143.000000 nan 619.893240 477.065804 385.984403 330.232465 295.260320 224.150162 160.511377 118.348950 nan 682.724374 537.060097 459.663911 324.608448 471.341821
143.050000 nan 620.106724 477.231965 386.120343 330.349882 295.366104 224.232248 160.572179 118.395580 nan 682.958658 537.246144 459.824302 324.723994 471.506084
143.100000 nan 620.320205 477.398125 386.256282 330.467297 295.471886 224.314333 160.632980 118.442210 nan 683.192938 537.432189 459.984690 324.839539 471.670345
143.150000 nan 620.533683 477.564281 386.392218 330.584710 295.577667 224.396417 160.693780 118.488840 nan 683.427214 537.618232 460.145077 324.955082 471.834604
143.200000 nan 620.747158 477.730436 386.528153 330.702122 295.683446 224.478500 160.754580 118.535469 nan 683.661488 537.804271 460.305461 325.070624 471.998861
143.250000 nan 620.960631 477.896589 386.664086 330.819532 295.789224 224.560583 160.815379 118.582097 nan 683.895758 537.990308 460.465843 325.186164 472.163115
143.300000 nan 621.174100 478.062739 386.800017 330.936941 295.895001 224.642664 160.876177 118.628726 nan 684.130025 538.176343 460.626222 325.301703 472.327368
143.350000 nan 621.387566 478.228887 386.935947 331.054348 296.000777 224.724744 160.936975 118.675353 nan 684.364288 538.362375 460.786600 325.417241 472.491618
143.400000 nan 621.601029 478.395032 387.071874 331.171754 296.106551 224.806823 160.997772 118.721981 nan 684.598549 538.548405 460.946975 325.532777 472.655866
143.450000 nan 621.814489 478.561176 387.207800 331.289158 296.212324 224.888902 161.058568 118.768607 nan 684.832806 538.734432 461.107349 325.648311 472.820111
143.500000 nan 622.027947 478.727317 387.343724 331.406560 296.318095 224.970979 161.119364 118.815234 nan 685.067059 538.920456 461.267720 325.763844 472.984354
143.550000 nan 622.241401 478.893456 387.479646 331.523962 296.423865 225.053055 161.180158 118.861860 nan 685.301310 539.106478 461.428089 325.879376 473.148596
143.600000 nan 622.454852 479.059592 387.615567 331.641361 296.529634 225.135131 161.240953 118.908485 nan 685.535557 539.292497 461.588455 325.994906 473.312835
143.650000 nan 622.668301 479.225727 387.751485 331.758759 296.635401 225.217205 161.301746 118.955110 nan 685.769801 539.478514 461.748820 326.110434 473.477071
143.700000 nan 622.881746 479.391859 387.887402 331.876156 296.741167 225.299278 161.362539 119.001734 nan 686.004041 539.664529 461.909182 326.225961 473.641306
143.750000 nan 623.095189 479.557989 388.023317 331.993551 296.846932 225.381351 161.423332 119.048359 nan 686.238279 539.850540 462.069543 326.341487 473.805538
143.800000 nan 623.308628 479.724116 388.159230 332.110945 296.952695 225.463422 161.484123 119.094982 nan 686.472513 540.036549 462.229901 326.457011 473.969768
143.850000 nan 623.522065 479.890242 388.295142 332.228337 297.058457 225.545493 161.544914 119.141605 nan 686.706744 540.222556 462.390257 326.572533 474.133996
143.900000 nan 623.735499 480.056365 388.431051 332.345727 297.164218 225.627562 161.605705 119.188228 nan 686.940971 540.408560 462.550611 326.688054 474.298221
143.950000 nan 623.948929 480.222486 388.566959 332.463116 297.269977 225.709631 161.666494 119.234850 nan 687.175196 540.594562 462.710962 326.803574 474.462445
144.000000 nan 624.162357 480.388605 388.702865 332.580504 297.375736 225.791698 161.727283 119.281472 nan 687.409417 540.780561 462.871312 326.919092 474.626666
144.050000 nan 624.375782 480.554721 388.838770 332.697890 297.481492 225.873765 161.788072 119.328094 nan 687.643634 540.966557 463.031659 327.034609 474.790885
144.100000 nan 624.589204 480.720835 388.974672 332.815274 297.587248 225.955830 161.848860 119.374715 nan 687.877849 541.152551 463.192004 327.150124 474.955102
144.150000 nan 624.802623 480.886947 389.110573 332.932658 297.693002 226.037895 161.909647 119.421335 nan 688.112060 541.338543 463.352347 327.265638 475.119316
144.200000 nan 625.016038 481.053057 389.246472 333.050039 297.798754 226.119958 161.970433 119.467955 nan 688.346268 541.524531 463.512688 327.381150 475.283529
144.250000 nan 625.229452 481.219165 389.382369 333.167419 297.904506 226.202021 162.031219 119.514575 nan 688.580473 541.710518 463.673027 327.496661 475.447739
144.300000 nan 625.442862 481.385270 389.518264 333.284798 298.010256 226.284083 162.092004 119.561194 nan 688.814674 541.896502 463.833364 327.612170 475.611947
144.350000 nan 625.656269 481.551373 389.654158 333.402175 298.116004 226.366143 162.152788 119.607813 nan 689.048873 542.082483 463.993698 327.727678 475.776152
144.400000 nan 625.869673 481.717474 389.790050 333.519550 298.221752 226.448203 162.213572 119.654431 nan 689.283068 542.268462 464.154030 327.843184 475.940356
144.450000 nan 626.083074 481.883572 389.925940 333.636924 298.327498 226.530262 162.274355 119.701049 nan 689.517259 542.454438 464.314360 327.958689 476.104557
144.500000 nan 626.296472 482.049668 390.061828 333.754296 298.433243 226.612319 162.335137 119.747666 nan 689.751448 542.640411 464.474688 328.074192 476.268756
144.550000 nan 626.509868 482.215763 390.197714 333.871667 298.538986 226.694376 162.395919 119.794283 nan 689.985633 542.826383 464.635014 328.189694 476.432953
144.600000 nan 626.723260 482.381854 390.333599 333.989037 298.644728 226.776432 162.456700 119.840899 nan 690.219815 543.012351 464.795338 328.305194 476.597148
144.650000 nan 626.936650 482.547944 390.469482 334.106405 298.750469 226.858486 162.517481 119.887515 nan 690.453994 543.198317 464.955660 328.420693 476.761340
144.700000 nan 627.150036 482.714032 390.605363 334.223771 298.856208 226.940540 162.578260 119.934131 nan 690.688169 543.384281 465.115979 328.536191 476.925531
144.750000 nan 627.363420 482.880117 390.741242 334.341136 298.961946 227.022593 162.639040 119.980746 nan 690.922342 543.570242 465.276296 328.651687 477.089719
144.800000 nan 627.576801 483.046200 390.877120 334.458500 299.067683 227.104645 162.699818 120.027361 nan 691.156511 543.756200 465.436611 328.767181 477.253905
144.850000 nan 627.790178 483.212280 391.012996 334.575862 299.173418 227.186696 162.760596 120.073975 nan 691.390677 543.942156 465.596925 328.882674 477.418089
144.900000 nan 628.003553 483.378359 391.148870 334.693222 299.279152 227.268746 162.821373 120.120589 nan 691.624839 544.128110 465.757235 328.998166 477.582270
144.950000 nan 628.216925 483.544435 391.284742 334.810581 299.384885 227.350795 162.882150 120.167202 nan 691.858998 544.314061 465.917544 329.113656 477.746449
145.000000 nan 628.430294 483.710509 391.420612 334.927939 299.490617 227.432843 162.942925 120.213815 nan 692.093155 544.500009 466.077851 329.229144 477.910627
145.050000 nan 628.643660 483.876581 391.556481 335.045295 299.596347 227.514890 163.003701 120.260427 nan 692.327307 544.685955 466.238155 329.344631 478.074801
145.100000 nan 628.857023 484.042651 391.692348 335.162649 299.702076 227.596936 163.064475 120.307039 nan 692.561457 544.871899 466.398458 329.460117 478.238974
145.150000 nan 629.070384 484.208718 391.828213 335.280002 299.807803 227.678981 163.125249 120.353651 nan 692.795603 545.057840 466.558758 329.575601 478.403145
145.200000 nan 629.283741 484.374783 391.964077 335.397354 299.913529 227.761025 163.186022 120.400262 nan 693.029747 545.243778 466.719056 329.691084 478.567313
145.250000 nan 629.497095 484.540846 392.099938 335.514704 300.019254 227.843068 163.246795 120.446873 nan 693.263887 545.429714 466.879352 329.806565 478.731479
145.300000 nan 629.710447 484.706907 392.235798 335.632052 300.124977 227.925110 163.307567 120.493483 nan 693.498023 545.615647 467.039646 329.922045 478.895643
145.350000 nan 629.923795 484.872966 392.371656 335.749399 300.230700 228.007151 163.368338 120.540093 nan 693.732157 545.801578 467.199937 330.037523 479.059805
145.400000 nan 630.137141 485.039022 392.507513 335.866745 300.336421 228.089191 163.429109 120.586702 nan 693.966287 545.987506 467.360227 330.153000 479.223965
145.450000 nan 630.350484 485.205076 392.643367 335.984089 300.442140 228.171231 163.489878 120.633311 nan 694.200414 546.173432 467.520514 330.268476 479.388122
145.500000 nan 630.563823 485.371128 392.779220 336.101431 300.547858 228.253269 163.550648 120.679920 nan 694.434538 546.359356 467.680799 330.383950 479.552277
145.550000 nan 630.777160 485.537178 392.915071 336.218772 300.653575 228.335306 163.611416 120.726528 nan 694.668658 546.545276 467.841083 330.499422 479.716430
145.600000 nan 630.990494 485.703225 393.050920 336.336112 300.759291 228.417343 163.672184 120.773135 nan 694.902776 546.731195 468.001364 330.614893 479.880581
145.650000 nan 631.203825 485.869270 393.186768 336.453450 300.865005 228.499378 163.732952 120.819742 nan 695.136890 546.917111 468.161643 330.730363 480.044730
145.700000 nan 631.417154 486.035313 393.322613 336.570786 300.970718 228.581412 163.793718 120.866349 nan 695.371001 547.103024 468.321919 330.845831 480.208876
145.750000 nan 631.630479 486.201354 393.458457 336.688121 301.076430 228.663446 163.854484 120.912955 nan 695.605109 547.288935 468.482194 330.961297 480.373021
145.800000 nan 631.843801 486.367393 393.594299 336.805455 301.182140 228.745478 163.915250 120.959561 nan 695.839213 547.474843 468.642466 331.076763 480.537163
145.850000 nan 632.057121 486.533429 393.730140 336.922787 301.287849 228.827510 163.976014 121.006166 nan 696.073314 547.660749 468.802737 331.192226 480.701303
145.900000 nan 632.270437 486.699464 393.865979 337.040118 301.393557 228.909540 164.036779 121.052771 nan 696.307413 547.846652 468.963005 331.307689 480.865441
145.950000 nan 632.483751 486.865496 394.001816 337.157447 301.499263 228.991570 164.097542 121.099376 nan 696.541507 548.032553 469.123271 331.423149 481.029576
146.000000 nan 632.697061 487.031525 394.137651 337.274774 301.604968 229.073598 164.158305 121.145980 nan 696.775599 548.218451 469.283535 331.538609 481.193710
146.050000 nan 632.910369 487.197553 394.273484 337.392101 301.710672 229.155626 164.219067 121.192583 nan 697.009688 548.404347 469.443797 331.654067 481.357841
146.100000 nan 633.123674 487.363578 394.409316 337.509425 301.816374 229.237653 164.279828 121.239186 nan 697.243773 548.590240 469.604057 331.769523 481.521970
146.150000 nan 633.336976 487.529602 394.545146 337.626748 301.922075 229.319678 164.340589 121.285789 nan 697.477855 548.776131 469.764315 331.884978 481.686097
146.200000 nan 633.550275 487.695623 394.680974 337.744070 302.027775 229.401703 164.401349 121.332391 nan 697.711934 548.962020 469.924570 332.000431 481.850222
146.250000 nan 633.763572 487.861641 394.816800 337.861390 302.133474 229.483727 164.462109 121.378993 nan 697.946009 549.147905 470.084824 332.115883 482.014344
146.300000 nan 633.976865 488.027658 394.952625 337.978709 302.239171 229.565750 164.522868 121.425594 nan 698.180082 549.333789 470.245075 332.231334 482.178465
146.350000 nan 634.190155 488.193672 395.088448 338.096026 302.344867 229.647771 164.583626 121.472195 nan 698.414151 549.519670 470.405325 332.346783 482.342583
146.400000 nan 634.403443 488.359685 395.224269 338.213342 302.450561 229.729792 164.644383 121.518796 nan 698.648217 549.705548 470.565572 332.462231 482.506699
146.450000 nan 634.616728 488.525695 395.360088 338.330656 302.556254 229.811812 164.705140 121.565396 nan 698.882280 549.891424 470.725817 332.577677 482.670813
146.500000 nan 634.830010 488.691703 395.495906 338.447969 302.661946 229.893831 164.765897 121.611995 nan 699.116340 550.077297 470.886060 332.693122 482.834925
146.550000 nan 635.043288 488.857708 395.631722 338.565281 302.767637 229.975849 164.826652 121.658594 nan 699.350396 550.263168 471.046300 332.808565 482.999034
146.600000 nan 635.256564 489.023712 395.767536 338.682590 302.873326 230.057866 164.887407 121.705193 nan 699.584450 550.449037 471.206539 332.924007 483.163142
146.650000 nan 635.469838 489.189713 395.903348 338.799899 302.979014 230.139882 164.948161 121.751791 nan 699.818500 550.634903 471.366776 333.039447 483.327247
146.700000 nan 635.683108 489.355712 396.039159 338.917206 303.084701 230.221897 165.008915 121.798389 nan 700.052547 550.820766 471.527010 333.154886 483.491350
146.750000 nan 635.896375 489.521709 396.174968 339.034511 303.190386 230.303911 165.069668 121.844987 nan 700.286590 551.006627 471.687243 333.270324 483.655451
146.800000 nan 636.109640 489.687703 396.310775 339.151815 303.296070 230.385925 165.130420 121.891583 nan 700.520631 551.192485 471.847473 333.385760 483.819550
146.850000 nan 636.322901 489.853696 396.446580 339.269118 303.401753 230.467937 165.191172 121.938180 nan 700.754668 551.378342 472.007701 333.501195 483.983646
146.900000 nan 636.536160 490.019686 396.582384 339.386419 303.507435 230.549948 165.251923 121.984776 nan 700.988702 551.564195 472.167927 333.616628 484.147741
146.950000 nan 636.749416 490.185674 396.718186 339.503718 303.613115 230.631958 165.312674 122.031372 nan 701.222733 551.750046 472.328151 333.732060 484.311833
147.000000 nan 636.962669 490.351660 396.853986 339.621016 303.718794 230.713968 165.373423 122.077967 nan 701.456761 551.935895 472.488373 333.847490 484.475923
147.050000 nan 637.175919 490.517644 396.989784 339.738313 303.824471 230.795976 165.434173 122.124562 nan 701.690786 552.121741 472.648593 333.962919 484.640011
147.100000 nan 637.389166 490.683625 397.125581 339.855608 303.930147 230.877984 165.494921 122.171156 nan 701.924807 552.307584 472.808810 334.078346 484.804097
147.150000 nan 637.602410 490.849605 397.261376 339.972901 304.035822 230.959990 165.555669 122.217750 nan 702.158825 552.493426 472.969026 334.193772 484.968180
147.200000 nan 637.815652 491.015582 397.397169 340.090194 304.141496 231.041996 165.616416 122.264343 nan 702.392841 552.679264 473.129239 334.309196 485.132262
147.250000 nan 638.028891 491.181557 397.532960 340.207484 304.247168 231.124000 165.677163 122.310936 nan 702.626853 552.865101 473.289451 334.424620 485.296341
