web/models/kne/14/Metzger_0.013086_0.078621_0.450000.dat
# %ECSV 0.9
# ---
# datatype:
# - {name: time, datatype: float64}
# - {name: sdss_u, datatype: float64}
# - {name: sdss_g, datatype: float64}
# - {name: sdss_r, datatype: float64}
# - {name: sdss_i, datatype: float64}
# - {name: sdss_z, datatype: float64}
# - {name: PS1_y, datatype: float64}
# - {name: ukirt_J, datatype: float64}
# - {name: ukirt_H, datatype: float64}
# - {name: ukirt_K, datatype: float64}
# - {name: johnson_U, datatype: float64}
# - {name: johnson_B, datatype: float64}
# - {name: johnson_V, datatype: float64}
# - {name: johnson_R, datatype: float64}
# - {name: johnson_I, datatype: float64}
# - {name: Clear, datatype: float64}
# meta: !!omap
# - comment: [vej = 0.07862068965517241, mej = 0.013086248836806117, Ye = 0.45, redshift = 0.0]
# schema: astropy-2.0
time sdss_u sdss_g sdss_r sdss_i sdss_z PS1_y ukirt_J ukirt_H ukirt_K johnson_U johnson_B johnson_V johnson_R johnson_I Clear
[from data line 399]
20.050000 46.360129 28.818866 17.877362 11.021264 6.894412 4.342456 -0.724319 -5.043973 -7.711831 44.245364 33.683409 22.450241 16.558542 6.481885 17.443155
20.100000 46.518337 28.934844 17.966528 11.093307 6.955960 4.397413 -0.682788 -5.014502 -7.690389 44.398515 33.811171 22.550674 16.644439 6.542374 17.531245
20.150000 46.676527 29.050812 18.055689 11.165348 7.017508 4.452371 -0.641254 -4.985025 -7.668938 44.551649 33.938921 22.651099 16.730330 6.602862 17.619331
20.200000 46.834698 29.166769 18.144845 11.237388 7.079057 4.507331 -0.599715 -4.955541 -7.647480 44.704765 34.066659 22.751518 16.816218 6.663352 17.707412
20.250000 46.992851 29.282717 18.233996 11.309427 7.140606 4.562293 -0.558172 -4.926050 -7.626013 44.857865 34.194385 22.851930 16.902102 6.723842 17.795488
20.300000 47.150987 29.398655 18.323143 11.381463 7.202156 4.617257 -0.516624 -4.896552 -7.604538 45.010947 34.322098 22.952335 16.987981 6.784333 17.883560
20.350000 47.309104 29.514583 18.412284 11.453498 7.263705 4.672222 -0.475072 -4.867049 -7.583056 45.164012 34.449799 23.052732 17.073856 6.844824 17.971627
20.400000 47.467203 29.630501 18.501421 11.525532 7.325256 4.727189 -0.433516 -4.837538 -7.561565 45.317060 34.577488 23.153123 17.159726 6.905316 18.059690
20.450000 47.625285 29.746409 18.590552 11.597564 7.386806 4.782158 -0.391956 -4.808021 -7.540066 45.470091 34.705164 23.253507 17.245593 6.965809 18.147748
20.500000 47.783348 29.862307 18.679679 11.669594 7.448358 4.837128 -0.350392 -4.778498 -7.518559 45.623105 34.832829 23.353884 17.331455 7.026302 18.235801
20.550000 47.941394 29.978195 18.768802 11.741623 7.509909 4.892100 -0.308824 -4.748969 -7.497045 45.776103 34.960482 23.454254 17.417313 7.086796 18.323849
20.600000 48.099422 30.094074 18.857919 11.813650 7.571461 4.947073 -0.267251 -4.719433 -7.475522 45.929083 35.088122 23.554617 17.503167 7.147290 18.411894
20.650000 48.257433 30.209943 18.947032 11.885676 7.633013 5.002048 -0.225675 -4.689890 -7.453992 46.082048 35.215751 23.654973 17.589017 7.207785 18.499933
20.700000 48.415426 30.325802 19.036140 11.957700 7.694566 5.057025 -0.184094 -4.660342 -7.432454 46.234995 35.343368 23.755322 17.674863 7.268281 18.587968
20.750000 48.573402 30.441651 19.125243 12.029722 7.756118 5.112003 -0.142510 -4.630787 -7.410908 46.387926 35.470973 23.855665 17.760704 7.328777 18.675998
20.800000 48.731360 30.557491 19.214341 12.101743 7.817672 5.166983 -0.100921 -4.601226 -7.389355 46.540841 35.598566 23.956000 17.846542 7.389273 18.764024
20.850000 48.889301 30.673321 19.303435 12.173762 7.879225 5.221964 -0.059328 -4.571659 -7.367794 46.693739 35.726147 24.056329 17.932375 7.449770 18.852046
20.900000 49.047225 30.789142 19.392524 12.245780 7.940779 5.276946 -0.017732 -4.542086 -7.346225 46.846621 35.853717 24.156652 18.018204 7.510268 18.940062
20.950000 49.205131 30.904953 19.481608 12.317796 8.002333 5.331931 0.023869 -4.512506 -7.324649 46.999486 35.981275 24.256967 18.104029 7.570766 19.028075
21.000000 49.363021 31.020754 19.570688 12.389810 8.063888 5.386916 0.065473 -4.482921 -7.303065 47.152336 36.108821 24.357276 18.189850 7.631265 19.116083
21.050000 49.520893 31.136547 19.659763 12.461823 8.125442 5.441903 0.107081 -4.453329 -7.281474 47.305169 36.236356 24.457578 18.275667 7.691764 19.204086
21.100000 49.678749 31.252329 19.748833 12.533834 8.186997 5.496892 0.148693 -4.423731 -7.259876 47.457986 36.363879 24.557873 18.361480 7.752263 19.292085
21.150000 49.836587 31.368102 19.837899 12.605844 8.248553 5.551882 0.190309 -4.394128 -7.238270 47.610787 36.491391 24.658162 18.447289 7.812763 19.380079
21.200000 49.994408 31.483866 19.926960 12.677852 8.310108 5.606874 0.231929 -4.364518 -7.216656 47.763572 36.618891 24.758444 18.533093 7.873263 19.468069
21.250000 50.152213 31.599621 20.016016 12.749858 8.371664 5.661867 0.273553 -4.334903 -7.195035 47.916341 36.746380 24.858720 18.618894 7.933764 19.556055
21.300000 50.310001 31.715366 20.105068 12.821863 8.433220 5.716861 0.315180 -4.305282 -7.173407 48.069095 36.873857 24.958989 18.704691 7.994266 19.644036
21.350000 50.467772 31.831101 20.194115 12.893866 8.494777 5.771857 0.356811 -4.275654 -7.151772 48.221832 37.001323 25.059251 18.790483 8.054767 19.732013
21.400000 50.625527 31.946828 20.283158 12.965868 8.556333 5.826854 0.398446 -4.246021 -7.130130 48.374554 37.128778 25.159507 18.876272 8.115269 19.819985
21.450000 50.783265 32.062545 20.372196 13.037868 8.617890 5.881852 0.440084 -4.216383 -7.108480 48.527260 37.256221 25.259756 18.962056 8.175772 19.907953
21.500000 50.940986 32.178253 20.461229 13.109866 8.679447 5.936852 0.481727 -4.186738 -7.086823 48.679950 37.383653 25.359999 19.047837 8.236275 19.995916
21.550000 51.098691 32.293952 20.550258 13.181863 8.741004 5.991853 0.523372 -4.157088 -7.065159 48.832625 37.511074 25.460235 19.133613 8.296778 20.083876
21.600000 51.256380 32.409642 20.639282 13.253858 8.802561 6.046855 0.565022 -4.127432 -7.043488 48.985284 37.638484 25.560464 19.219386 8.357282 20.171830
21.650000 51.414052 32.525322 20.728302 13.325852 8.864119 6.101859 0.606675 -4.097770 -7.021810 49.137928 37.765883 25.660688 19.305154 8.417786 20.259781
21.700000 51.571708 32.640994 20.817317 13.397843 8.925676 6.156864 0.648331 -4.068103 -7.000125 49.290556 37.893270 25.760904 19.390919 8.478290 20.347727
21.750000 51.729348 32.756656 20.906328 13.469834 8.987234 6.211870 0.689992 -4.038430 -6.978433 49.443169 38.020646 25.861115 19.476680 8.538795 20.435669
21.800000 51.886971 32.872309 20.995334 13.541822 9.048792 6.266878 0.731655 -4.008752 -6.956734 49.595766 38.148012 25.961319 19.562436 8.599300 20.523606
21.850000 52.044578 32.987954 21.084335 13.613810 9.110350 6.321887 0.773322 -3.979068 -6.935029 49.748348 38.275366 26.061516 19.648189 8.659805 20.611539
21.900000 52.202170 33.103589 21.173333 13.685795 9.171908 6.376897 0.814993 -3.949378 -6.913316 49.900915 38.402709 26.161707 19.733938 8.720311 20.699468
21.950000 52.359745 33.219215 21.262325 13.757779 9.233467 6.431908 0.856667 -3.919683 -6.891596 50.053467 38.530042 26.261892 19.819682 8.780817 20.787392
22.000000 52.517304 33.334833 21.351313 13.829761 9.295025 6.486921 0.898345 -3.889983 -6.869870 50.206004 38.657363 26.362070 19.905423 8.841323 20.875312
22.050000 52.674847 33.450441 21.440297 13.901741 9.356584 6.541934 0.940026 -3.860277 -6.848137 50.358525 38.784674 26.462242 19.991160 8.901829 20.963228
22.100000 52.832375 33.566041 21.529276 13.973720 9.418143 6.596949 0.981711 -3.830565 -6.826397 50.511032 38.911973 26.562408 20.076893 8.962336 21.051139
22.150000 52.989886 33.681631 21.618251 14.045698 9.479701 6.651965 1.023398 -3.800849 -6.804651 50.663523 39.039262 26.662567 20.162622 9.022843 21.139047
22.200000 53.147382 33.797213 21.707221 14.117673 9.541260 6.706983 1.065090 -3.771127 -6.782898 50.816000 39.166540 26.762720 20.248347 9.083351 21.226950
22.250000 53.304862 33.912786 21.796187 14.189647 9.602819 6.762001 1.106784 -3.741399 -6.761138 50.968462 39.293808 26.862867 20.334068 9.143858 21.314848
22.300000 53.462326 34.028350 21.885149 14.261619 9.664378 6.817021 1.148482 -3.711667 -6.739372 51.120908 39.421064 26.963007 20.419786 9.204366 21.402743
22.350000 53.619775 34.143906 21.974106 14.333590 9.725937 6.872041 1.190183 -3.681929 -6.717599 51.273340 39.548310 27.063142 20.505499 9.264874 21.490633
22.400000 53.777208 34.259452 22.063058 14.405559 9.787496 6.927063 1.231888 -3.652186 -6.695820 51.425758 39.675545 27.163270 20.591208 9.325382 21.578519
22.450000 53.934626 34.374990 22.152006 14.477526 9.849056 6.982086 1.273595 -3.622437 -6.674034 51.578160 39.802770 27.263391 20.676914 9.385891 21.666400
22.500000 54.092028 34.490519 22.240950 14.549492 9.910615 7.037110 1.315306 -3.592684 -6.652241 51.730548 39.929984 27.363507 20.762616 9.446399 21.754278
22.550000 54.249415 34.606040 22.329890 14.621456 9.972174 7.092135 1.357021 -3.562925 -6.630443 51.882921 40.057188 27.463616 20.848314 9.506908 21.842151
22.600000 54.406786 34.721552 22.418824 14.693419 10.033733 7.147161 1.398738 -3.533162 -6.608637 52.035280 40.184381 27.563720 20.934008 9.567417 21.930020
22.650000 54.564142 34.837055 22.507755 14.765379 10.095292 7.202188 1.440459 -3.503393 -6.586826 52.187624 40.311563 27.663817 21.019698 9.627926 22.017885
22.700000 54.721483 34.952550 22.596681 14.837338 10.156851 7.257216 1.482182 -3.473619 -6.565008 52.339953 40.438735 27.763907 21.105384 9.688435 22.105746
22.750000 54.878808 35.068036 22.685603 14.909296 10.218411 7.312245 1.523909 -3.443840 -6.543184 52.492268 40.565897 27.863992 21.191067 9.748945 22.193602
22.800000 55.036118 35.183513 22.774521 14.981251 10.279970 7.367275 1.565639 -3.414056 -6.521353 52.644569 40.693048 27.964071 21.276745 9.809455 22.281454
22.850000 55.193413 35.298982 22.863434 15.053205 10.341529 7.422306 1.607372 -3.384267 -6.499517 52.796856 40.820188 28.064143 21.362420 9.869964 22.369302
22.900000 55.350693 35.414442 22.952342 15.125158 10.403088 7.477339 1.649108 -3.354473 -6.477674 52.949128 40.947319 28.164209 21.448091 9.930474 22.457146
22.950000 55.507958 35.529894 23.041247 15.197108 10.464647 7.532372 1.690847 -3.324674 -6.455825 53.101385 41.074439 28.264270 21.533758 9.990984 22.544986
23.000000 55.665208 35.645337 23.130147 15.269057 10.526206 7.587406 1.732590 -3.294871 -6.433970 53.253629 41.201548 28.364324 21.619421 10.051494 22.632821
23.050000 55.822443 35.760772 23.219043 15.341005 10.587765 7.642441 1.774335 -3.265062 -6.412108 53.405858 41.328648 28.464372 21.705080 10.112004 22.720652
23.100000 55.979663 35.876199 23.307934 15.412950 10.649324 7.697477 1.816083 -3.235249 -6.390241 53.558073 41.455737 28.564414 21.790736 10.172515 22.808480
23.150000 56.136868 35.991617 23.396821 15.484894 10.710882 7.752514 1.857834 -3.205430 -6.368367 53.710274 41.582816 28.664450 21.876388 10.233025 22.896303
23.200000 56.294058 36.107026 23.485704 15.556836 10.772441 7.807552 1.899589 -3.175607 -6.346488 53.862461 41.709884 28.764480 21.962036 10.293535 22.984121
23.250000 56.451233 36.222428 23.574583 15.628777 10.833999 7.862590 1.941346 -3.145779 -6.324603 54.014634 41.836943 28.864504 22.047680 10.354046 23.071936
23.300000 56.608394 36.337820 23.663457 15.700716 10.895558 7.917630 1.983106 -3.115947 -6.302711 54.166793 41.963991 28.964522 22.133320 10.414556 23.159747
23.350000 56.765540 36.453205 23.752327 15.772653 10.957116 7.972670 2.024869 -3.086109 -6.280814 54.318938 42.091029 29.064534 22.218957 10.475067 23.247553
23.400000 56.922671 36.568581 23.841192 15.844588 11.018674 8.027712 2.066635 -3.056267 -6.258910 54.471069 42.218058 29.164540 22.304590 10.535578 23.335355
23.450000 57.079788 36.683949 23.930054 15.916522 11.080232 8.082754 2.108404 -3.026421 -6.237001 54.623186 42.345076 29.264540 22.390218 10.596088 23.423154
23.500000 57.236890 36.799309 24.018911 15.988454 11.141790 8.137797 2.150175 -2.996569 -6.215086 54.775289 42.472084 29.364534 22.475844 10.656599 23.510948
23.550000 57.393977 36.914660 24.107764 16.060384 11.203348 8.192841 2.191950 -2.966713 -6.193165 54.927379 42.599082 29.464522 22.561465 10.717109 23.598738
23.600000 57.551050 37.030003 24.196612 16.132313 11.264905 8.247885 2.233727 -2.936853 -6.171239 55.079454 42.726070 29.564504 22.647083 10.777620 23.686524
23.650000 57.708108 37.145338 24.285456 16.204239 11.326463 8.302931 2.275507 -2.906987 -6.149306 55.231516 42.853048 29.664480 22.732696 10.838131 23.774305
23.700000 57.865152 37.260665 24.374297 16.276164 11.388020 8.357977 2.317290 -2.877118 -6.127368 55.383565 42.980016 29.764451 22.818307 10.898641 23.862083
23.750000 58.022182 37.375983 24.463132 16.348088 11.449577 8.413024 2.359075 -2.847243 -6.105424 55.535599 43.106974 29.864415 22.903913 10.959152 23.949857
23.800000 58.179197 37.491293 24.551964 16.420009 11.511134 8.468072 2.400864 -2.817364 -6.083475 55.687620 43.233922 29.964373 22.989515 11.019662 24.037626
23.850000 58.336198 37.606596 24.640791 16.491929 11.572691 8.523121 2.442655 -2.787481 -6.061519 55.839628 43.360861 30.064326 23.075114 11.080173 24.125392
23.900000 58.493184 37.721890 24.729614 16.563848 11.634247 8.578170 2.484448 -2.757593 -6.039559 55.991622 43.487789 30.164273 23.160709 11.140683 24.213153
23.950000 58.650157 37.837175 24.818433 16.635764 11.695803 8.633220 2.526245 -2.727701 -6.017592 56.143602 43.614708 30.264214 23.246301 11.201194 24.300910
24.000000 58.807115 37.952453 24.907248 16.707679 11.757359 8.688271 2.568044 -2.697805 -5.995620 56.295569 43.741617 30.364149 23.331888 11.261704 24.388664
24.050000 58.964059 38.067723 24.996058 16.779592 11.818915 8.743323 2.609846 -2.667904 -5.973643 56.447522 43.868516 30.464078 23.417472 11.322214 24.476413
24.100000 59.120989 38.182985 25.084864 16.851503 11.880471 8.798375 2.651650 -2.637998 -5.951659 56.599462 43.995405 30.564001 23.503052 11.382725 24.564158
24.150000 59.277904 38.298238 25.173666 16.923412 11.942026 8.853428 2.693457 -2.608088 -5.929671 56.751389 44.122285 30.663919 23.588628 11.443235 24.651899
24.200000 59.434806 38.413484 25.262464 16.995320 12.003581 8.908482 2.735267 -2.578174 -5.907677 56.903302 44.249155 30.763831 23.674201 11.503745 24.739636
24.250000 59.591694 38.528721 25.351258 17.067226 12.065136 8.963536 2.777079 -2.548256 -5.885677 57.055202 44.376015 30.863737 23.759770 11.564254 24.827369
24.300000 59.748567 38.643951 25.440047 17.139130 12.126690 9.018591 2.818894 -2.518333 -5.863672 57.207089 44.502866 30.963637 23.845335 11.624764 24.915098
24.350000 59.905427 38.759173 25.528833 17.211032 12.188245 9.073647 2.860711 -2.488406 -5.841662 57.358962 44.629706 31.063531 23.930896 11.685274 25.002823
24.400000 60.062273 38.874386 25.617614 17.282933 12.249799 9.128703 2.902531 -2.458475 -5.819646 57.510823 44.756538 31.163420 24.016454 11.745783 25.090544
24.450000 60.219105 38.989592 25.706391 17.354832 12.311352 9.183760 2.944353 -2.428540 -5.797625 57.662670 44.883360 31.263303 24.102008 11.806293 25.178261
24.500000 60.375923 39.104790 25.795163 17.426729 12.372906 9.238817 2.986178 -2.398600 -5.775599 57.814504 45.010172 31.363180 24.187558 11.866802 25.265974
24.550000 60.532727 39.219980 25.883932 17.498624 12.434459 9.293876 3.028006 -2.368657 -5.753567 57.966325 45.136974 31.463051 24.273105 11.927311 25.353682
24.600000 60.689518 39.335162 25.972696 17.570518 12.496011 9.348934 3.069836 -2.338709 -5.731530 58.118133 45.263767 31.562917 24.358648 11.987820 25.441387
24.650000 60.846294 39.450336 26.061457 17.642410 12.557564 9.403994 3.111668 -2.308757 -5.709488 58.269928 45.390551 31.662777 24.444187 12.048328 25.529088
24.700000 61.003058 39.565502 26.150213 17.714300 12.619116 9.459054 3.153503 -2.278801 -5.687441 58.421709 45.517325 31.762631 24.529722 12.108837 25.616785
24.750000 61.159807 39.680660 26.238965 17.786188 12.680668 9.514114 3.195340 -2.248840 -5.665388 58.573478 45.644089 31.862480 24.615254 12.169345 25.704478
24.800000 61.316543 39.795811 26.327712 17.858074 12.742219 9.569175 3.237180 -2.218876 -5.643330 58.725234 45.770845 31.962323 24.700782 12.229853 25.792167
24.850000 61.473265 39.910954 26.416456 17.929959 12.803770 9.624237 3.279022 -2.188908 -5.621267 58.876977 45.897590 32.062160 24.786307 12.290361 25.879851
24.900000 61.629974 40.026089 26.505196 18.001842 12.865321 9.679299 3.320866 -2.158935 -5.599199 59.028707 46.024327 32.161991 24.871828 12.350869 25.967532
24.950000 61.786669 40.141216 26.593931 18.073723 12.926871 9.734362 3.362713 -2.128959 -5.577126 59.180425 46.151054 32.261817 24.957345 12.411376 26.055209
25.000000 61.943350 40.256335 26.682663 18.145602 12.988421 9.789425 3.404562 -2.098979 -5.555048 59.332129 46.277771 32.361637 25.042858 12.471883 26.142882
25.050000 62.100018 40.371447 26.771390 18.217480 13.049971 9.844489 3.446413 -2.068994 -5.532965 59.483821 46.404479 32.461452 25.128368 12.532390 26.230551
