web/models/kne/14/Metzger_0.212177_0.127241_0.100000.dat
# %ECSV 0.9
# ---
# datatype:
# - {name: time, datatype: float64}
# - {name: sdss_u, datatype: float64}
# - {name: sdss_g, datatype: float64}
# - {name: sdss_r, datatype: float64}
# - {name: sdss_i, datatype: float64}
# - {name: sdss_z, datatype: float64}
# - {name: PS1_y, datatype: float64}
# - {name: ukirt_J, datatype: float64}
# - {name: ukirt_H, datatype: float64}
# - {name: ukirt_K, datatype: float64}
# - {name: johnson_U, datatype: float64}
# - {name: johnson_B, datatype: float64}
# - {name: johnson_V, datatype: float64}
# - {name: johnson_R, datatype: float64}
# - {name: johnson_I, datatype: float64}
# - {name: Clear, datatype: float64}
# meta: !!omap
# - comment: [vej = 0.12724137931034482, mej = 0.2121769878034849, Ye = 0.1, redshift = 0.0]
# schema: astropy-2.0
time sdss_u sdss_g sdss_r sdss_i sdss_z PS1_y ukirt_J ukirt_H ukirt_K johnson_U johnson_B johnson_V johnson_R johnson_I Clear
[from data line 2003]
100.250000 167.705629 117.671033 86.099266 66.068220 53.865912 46.242626 30.845011 17.246359 8.400579 161.699766 131.603003 99.341442 82.264650 52.638177 84.837605
100.300000 167.804222 117.743899 86.155798 66.114321 53.905619 46.278317 30.872524 17.266525 8.415853 161.795277 131.683048 99.404838 82.319191 52.677238 84.893482
100.350000 167.902807 117.816760 86.212326 66.160419 53.945323 46.314007 30.900034 17.286690 8.431127 161.890782 131.763088 99.468229 82.373727 52.716298 84.949355
100.400000 168.001386 117.889616 86.268850 66.206513 53.985025 46.349694 30.927543 17.306853 8.446400 161.986281 131.843122 99.531617 82.428260 52.755354 85.005224
100.450000 168.099957 117.962467 86.325371 66.252605 54.024725 46.385379 30.955051 17.327016 8.461672 162.081772 131.923150 99.595000 82.482789 52.794408 85.061090
100.500000 168.198522 118.035313 86.381888 66.298694 54.064421 46.421062 30.982557 17.347177 8.476943 162.177257 132.003173 99.658378 82.537314 52.833460 85.116952
100.550000 168.297079 118.108153 86.438400 66.344779 54.104116 46.456743 31.010061 17.367338 8.492214 162.272735 132.083190 99.721752 82.591836 52.872509 85.172810
100.600000 168.395630 118.180989 86.494910 66.390862 54.143807 46.492421 31.037564 17.387497 8.507484 162.368206 132.163202 99.785122 82.646354 52.911555 85.228664
100.650000 168.494174 118.253820 86.551415 66.436941 54.183497 46.528097 31.065065 17.407655 8.522754 162.463671 132.243208 99.848488 82.700869 52.950600 85.284514
100.700000 168.592710 118.326645 86.607916 66.483018 54.223183 46.563771 31.092564 17.427812 8.538023 162.559128 132.323208 99.911849 82.755380 52.989641 85.340361
100.750000 168.691240 118.399466 86.664414 66.529092 54.262867 46.599443 31.120062 17.447969 8.553291 162.654579 132.403203 99.975206 82.809887 53.028680 85.396204
100.800000 168.789763 118.472282 86.720908 66.575162 54.302549 46.635112 31.147558 17.468124 8.568558 162.750024 132.483192 100.038559 82.864390 53.067717 85.452043
100.850000 168.888278 118.545092 86.777398 66.621230 54.342228 46.670779 31.175052 17.488278 8.583825 162.845461 132.563176 100.101907 82.918890 53.106751 85.507879
100.900000 168.986787 118.617898 86.833884 66.667294 54.381905 46.706444 31.202545 17.508431 8.599091 162.940892 132.643154 100.165251 82.973386 53.145783 85.563711
100.950000 169.085289 118.690698 86.890367 66.713356 54.421579 46.742107 31.230037 17.528582 8.614356 163.036316 132.723127 100.228591 83.027879 53.184812 85.619539
101.000000 169.183784 118.763494 86.946846 66.759414 54.461250 46.777767 31.257526 17.548733 8.629620 163.131733 132.803094 100.291926 83.082368 53.223839 85.675363
101.050000 169.282272 118.836284 87.003321 66.805469 54.500919 46.813426 31.285014 17.568883 8.644884 163.227144 132.883055 100.355257 83.136853 53.262863 85.731183
101.100000 169.380753 118.909070 87.059792 66.851522 54.540586 46.849082 31.312501 17.589032 8.660148 163.322548 132.963011 100.418584 83.191335 53.301885 85.787000
101.150000 169.479227 118.981850 87.116259 66.897571 54.580249 46.884736 31.339986 17.609179 8.675410 163.417945 133.042962 100.481906 83.245813 53.340904 85.842813
101.200000 169.577694 119.054626 87.172723 66.943618 54.619911 46.920387 31.367469 17.629326 8.690672 163.513336 133.122906 100.545225 83.300287 53.379921 85.898623
101.250000 169.676155 119.127396 87.229182 66.989661 54.659570 46.956037 31.394951 17.649471 8.705933 163.608720 133.202846 100.608539 83.354758 53.418935 85.954428
101.300000 169.774608 119.200161 87.285639 67.035702 54.699226 46.991684 31.422431 17.669616 8.721193 163.704097 133.282780 100.671848 83.409225 53.457947 86.010230
101.350000 169.873054 119.272922 87.342091 67.081739 54.738880 47.027329 31.449909 17.689759 8.736453 163.799467 133.362708 100.735153 83.463689 53.496957 86.066028
101.400000 169.971494 119.345677 87.398539 67.127774 54.778531 47.062971 31.477386 17.709902 8.751712 163.894831 133.442631 100.798455 83.518149 53.535964 86.121823
101.450000 170.069926 119.418428 87.454984 67.173805 54.818180 47.098612 31.504861 17.730043 8.766971 163.990188 133.522548 100.861751 83.572605 53.574968 86.177613
101.500000 170.168352 119.491173 87.511425 67.219834 54.857826 47.134250 31.532335 17.750183 8.782228 164.085539 133.602459 100.925044 83.627058 53.613970 86.233400
101.550000 170.266771 119.563914 87.567862 67.265859 54.897470 47.169886 31.559807 17.770322 8.797485 164.180883 133.682366 100.988332 83.681507 53.652970 86.289184
101.600000 170.365183 119.636649 87.624296 67.311882 54.937111 47.205520 31.587277 17.790460 8.812741 164.276220 133.762266 101.051616 83.735952 53.691967 86.344963
101.650000 170.463588 119.709380 87.680725 67.357901 54.976750 47.241152 31.614746 17.810597 8.827997 164.371550 133.842161 101.114896 83.790394 53.730961 86.400739
101.700000 170.561986 119.782106 87.737151 67.403918 55.016386 47.276781 31.642213 17.830733 8.843252 164.466874 133.922051 101.178171 83.844832 53.769953 86.456511
101.750000 170.660377 119.854826 87.793573 67.449931 55.056020 47.312409 31.669679 17.850868 8.858506 164.562191 134.001935 101.241442 83.899267 53.808943 86.512280
101.800000 170.758762 119.927542 87.849992 67.495942 55.095651 47.348034 31.697143 17.871002 8.873760 164.657502 134.081814 101.304709 83.953698 53.847930 86.568045
101.850000 170.857139 120.000253 87.906406 67.541950 55.135280 47.383657 31.724605 17.891135 8.889012 164.752806 134.161687 101.367972 84.008125 53.886915 86.623806
101.900000 170.955510 120.072958 87.962817 67.587954 55.174906 47.419277 31.752066 17.911267 8.904265 164.848103 134.241555 101.431230 84.062549 53.925898 86.679563
101.950000 171.053874 120.145659 88.019224 67.633956 55.214530 47.454896 31.779525 17.931398 8.919516 164.943394 134.321417 101.494484 84.116969 53.964878 86.735317
102.000000 171.152231 120.218355 88.075628 67.679955 55.254151 47.490512 31.806983 17.951527 8.934767 165.038678 134.401274 101.557734 84.171386 54.003855 86.791067
102.050000 171.250581 120.291046 88.132028 67.725951 55.293770 47.526126 31.834439 17.971656 8.950017 165.133955 134.481125 101.620980 84.225799 54.042830 86.846813
102.100000 171.348924 120.363732 88.188424 67.771943 55.333386 47.561738 31.861894 17.991784 8.965266 165.229226 134.560971 101.684221 84.280208 54.081803 86.902555
102.150000 171.447260 120.436413 88.244816 67.817933 55.373000 47.597348 31.889346 18.011910 8.980515 165.324490 134.640811 101.747458 84.334614 54.120773 86.958294
102.200000 171.545590 120.509089 88.301204 67.863920 55.412612 47.632955 31.916798 18.032036 8.995763 165.419748 134.720646 101.810691 84.389016 54.159740 87.014030
102.250000 171.643913 120.581760 88.357589 67.909904 55.452220 47.668560 31.944247 18.052160 9.011010 165.514999 134.800475 101.873920 84.443415 54.198706 87.069761
102.300000 171.742229 120.654427 88.413970 67.955885 55.491827 47.704163 31.971695 18.072283 9.026257 165.610243 134.880299 101.937144 84.497810 54.237668 87.125489
102.350000 171.840538 120.727088 88.470347 68.001863 55.531430 47.739764 31.999142 18.092406 9.041503 165.705481 134.960118 102.000364 84.552202 54.276629 87.181213
102.400000 171.938840 120.799744 88.526721 68.047838 55.571032 47.775363 32.026587 18.112527 9.056748 165.800712 135.039931 102.063580 84.606590 54.315587 87.236934
102.450000 172.037136 120.872396 88.583091 68.093810 55.610631 47.810960 32.054030 18.132647 9.071993 165.895937 135.119738 102.126792 84.660974 54.354542 87.292651
102.500000 172.135424 120.945042 88.639457 68.139779 55.650227 47.846554 32.081472 18.152767 9.087237 165.991155 135.199540 102.190000 84.715355 54.393495 87.348364
102.550000 172.233706 121.017684 88.695820 68.185745 55.689821 47.882146 32.108912 18.172885 9.102480 166.086366 135.279337 102.253203 84.769732 54.432446 87.404073
102.600000 172.331981 121.090321 88.752178 68.231709 55.729412 47.917736 32.136351 18.193002 9.117722 166.181571 135.359128 102.316402 84.824106 54.471394 87.459779
102.650000 172.430250 121.162952 88.808533 68.277669 55.769001 47.953324 32.163788 18.213118 9.132964 166.276769 135.438914 102.379597 84.878476 54.510340 87.515481
102.700000 172.528511 121.235579 88.864885 68.323626 55.808588 47.988910 32.191223 18.233233 9.148205 166.371961 135.518694 102.442788 84.932843 54.549283 87.571180
102.750000 172.626766 121.308201 88.921232 68.369581 55.848172 48.024493 32.218657 18.253347 9.163446 166.467146 135.598469 102.505974 84.987206 54.588224 87.626875
102.800000 172.725014 121.380819 88.977576 68.415532 55.887754 48.060074 32.246089 18.273460 9.178686 166.562325 135.678239 102.569157 85.041565 54.627163 87.682566
102.850000 172.823255 121.453431 89.033916 68.461481 55.927333 48.095653 32.273520 18.293572 9.193925 166.657497 135.758003 102.632335 85.095921 54.666099 87.738254
102.900000 172.921490 121.526038 89.090253 68.507427 55.966909 48.131230 32.300949 18.313683 9.209163 166.752663 135.837762 102.695509 85.150273 54.705033 87.793938
102.950000 173.019717 121.598641 89.146586 68.553369 56.006483 48.166805 32.328377 18.333793 9.224401 166.847822 135.917515 102.758678 85.204622 54.743964 87.849618
103.000000 173.117938 121.671238 89.202915 68.599309 56.046055 48.202378 32.355803 18.353902 9.239638 166.942974 135.997263 102.821844 85.258968 54.782893 87.905295
103.050000 173.216153 121.743831 89.259241 68.645246 56.085624 48.237948 32.383227 18.374009 9.254875 167.038120 136.077006 102.885005 85.313309 54.821819 87.960968
103.100000 173.314360 121.816419 89.315562 68.691180 56.125191 48.273516 32.410650 18.394116 9.270110 167.133260 136.156743 102.948162 85.367648 54.860743 88.016637
103.150000 173.412561 121.889002 89.371880 68.737111 56.164755 48.309082 32.438071 18.414222 9.285345 167.228393 136.236475 103.011315 85.421982 54.899665 88.072303
103.200000 173.510755 121.961580 89.428195 68.783039 56.204317 48.344646 32.465491 18.434327 9.300580 167.323519 136.316201 103.074464 85.476313 54.938584 88.127965
103.250000 173.608942 122.034153 89.484506 68.828964 56.243877 48.380208 32.492909 18.454430 9.315813 167.418639 136.395922 103.137609 85.530641 54.977501 88.183623
103.300000 173.707122 122.106722 89.540813 68.874886 56.283434 48.415768 32.520326 18.474533 9.331046 167.513753 136.475638 103.200749 85.584965 55.016415 88.239278
103.350000 173.805296 122.179285 89.597116 68.920806 56.322988 48.451325 32.547741 18.494635 9.346279 167.608860 136.555348 103.263886 85.639286 55.055327 88.294929
103.400000 173.903463 122.251844 89.653416 68.966722 56.362540 48.486881 32.575154 18.514735 9.361510 167.703960 136.635053 103.327018 85.693603 55.094237 88.350577
103.450000 174.001624 122.324398 89.709712 69.012636 56.402090 48.522434 32.602566 18.534835 9.376741 167.799054 136.714752 103.390146 85.747916 55.133144 88.406221
103.500000 174.099777 122.396947 89.766005 69.058546 56.441637 48.557985 32.629976 18.554933 9.391972 167.894142 136.794446 103.453270 85.802226 55.172049 88.461862
103.550000 174.197924 122.469491 89.822293 69.104454 56.481182 48.593534 32.657385 18.575031 9.407201 167.989223 136.874135 103.516389 85.856533 55.210951 88.517498
103.600000 174.296065 122.542031 89.878578 69.150359 56.520724 48.629080 32.684792 18.595127 9.422430 168.084297 136.953818 103.579505 85.910836 55.249851 88.573132
103.650000 174.394198 122.614565 89.934860 69.196261 56.560264 48.664625 32.712198 18.615222 9.437658 168.179365 137.033497 103.642616 85.965135 55.288749 88.628761
103.700000 174.492325 122.687095 89.991138 69.242160 56.599802 48.700167 32.739602 18.635317 9.452886 168.274427 137.113169 103.705723 86.019431 55.327644 88.684387
103.750000 174.590445 122.759620 90.047412 69.288056 56.639337 48.735707 32.767005 18.655410 9.468113 168.369482 137.192837 103.768827 86.073724 55.366537 88.740009
103.800000 174.688559 122.832140 90.103682 69.333949 56.678869 48.771246 32.794406 18.675503 9.483339 168.464531 137.272499 103.831925 86.128012 55.405427 88.795628
103.850000 174.786666 122.904655 90.159949 69.379839 56.718399 48.806782 32.821805 18.695594 9.498565 168.559573 137.352155 103.895020 86.182298 55.444316 88.851243
103.900000 174.884766 122.977165 90.216213 69.425727 56.757927 48.842315 32.849203 18.715684 9.513790 168.654609 137.431807 103.958111 86.236580 55.483201 88.906855
103.950000 174.982860 123.049671 90.272472 69.471611 56.797452 48.877847 32.876599 18.735773 9.529014 168.749638 137.511453 104.021197 86.290858 55.522085 88.962463
104.000000 175.080947 123.122172 90.328728 69.517493 56.836975 48.913377 32.903994 18.755862 9.544238 168.844661 137.591094 104.084280 86.345133 55.560965 89.018068
104.050000 175.179027 123.194668 90.384981 69.563372 56.876495 48.948904 32.931387 18.775949 9.559460 168.939678 137.670729 104.147358 86.399405 55.599844 89.073668
104.100000 175.277100 123.267159 90.441229 69.609248 56.916013 48.984429 32.958779 18.796035 9.574683 169.034688 137.750359 104.210432 86.453673 55.638720 89.129266
104.150000 175.375167 123.339645 90.497474 69.655121 56.955529 49.019952 32.986169 18.816120 9.589904 169.129692 137.829984 104.273502 86.507937 55.677594 89.184859
104.200000 175.473228 123.412127 90.553716 69.700991 56.995042 49.055473 33.013558 18.836204 9.605125 169.224689 137.909603 104.336568 86.562198 55.716465 89.240449
104.250000 175.571282 123.484604 90.609954 69.746858 57.034553 49.090992 33.040945 18.856288 9.620345 169.319680 137.989218 104.399630 86.616456 55.755335 89.296036
104.300000 175.669329 123.557076 90.666188 69.792723 57.074061 49.126509 33.068330 18.876370 9.635565 169.414664 138.068827 104.462688 86.670710 55.794201 89.351619
104.350000 175.767369 123.629543 90.722419 69.838584 57.113567 49.162024 33.095714 18.896451 9.650784 169.509642 138.148430 104.525742 86.724961 55.833066 89.407198
104.400000 175.865403 123.702006 90.778646 69.884443 57.153071 49.197536 33.123097 18.916531 9.666002 169.604614 138.228028 104.588791 86.779208 55.871928 89.462774
104.450000 175.963430 123.774463 90.834869 69.930299 57.192572 49.233047 33.150477 18.936610 9.681219 169.699579 138.307622 104.651837 86.833452 55.910787 89.518346
104.500000 176.061451 123.846916 90.891089 69.976152 57.232071 49.268555 33.177857 18.956688 9.696436 169.794538 138.387209 104.714878 86.887692 55.949644 89.573915
104.550000 176.159465 123.919365 90.947305 70.022002 57.271567 49.304061 33.205235 18.976765 9.711653 169.889491 138.466792 104.777915 86.941929 55.988499 89.629480
104.600000 176.257473 123.991808 91.003518 70.067849 57.311061 49.339565 33.232611 18.996841 9.726868 169.984437 138.546369 104.840948 86.996162 56.027352 89.685042
104.650000 176.355474 124.064247 91.059727 70.113694 57.350552 49.375067 33.259986 19.016916 9.742083 170.079377 138.625941 104.903977 87.050392 56.066202 89.740600
104.700000 176.453468 124.136681 91.115932 70.159535 57.390041 49.410567 33.287359 19.036990 9.757297 170.174310 138.705508 104.967002 87.104618 56.105050 89.796155
104.750000 176.551456 124.209110 91.172134 70.205374 57.429528 49.446065 33.314730 19.057063 9.772511 170.269238 138.785069 105.030023 87.158841 56.143895 89.851705
104.800000 176.649437 124.281534 91.228332 70.251210 57.469012 49.481560 33.342101 19.077135 9.787724 170.364158 138.864625 105.093040 87.213061 56.182738 89.907253
104.850000 176.747412 124.353954 91.284527 70.297043 57.508494 49.517054 33.369469 19.097206 9.802936 170.459073 138.944176 105.156053 87.267277 56.221579 89.962797
104.900000 176.845380 124.426369 91.340718 70.342873 57.547974 49.552545 33.396836 19.117276 9.818147 170.553981 139.023722 105.219062 87.321489 56.260418 90.018337
104.950000 176.943341 124.498779 91.396905 70.388700 57.587451 49.588034 33.424202 19.137345 9.833358 170.648883 139.103262 105.282066 87.375698 56.299254 90.073874
105.000000 177.041296 124.571184 91.453089 70.434525 57.626926 49.623521 33.451566 19.157413 9.848569 170.743778 139.182797 105.345067 87.429904 56.338087 90.129407
