web/models/kne/14/Metzger_0.138217_0.127241_0.100000.dat
# %ECSV 0.9
# ---
# datatype:
# - {name: time, datatype: float64}
# - {name: sdss_u, datatype: float64}
# - {name: sdss_g, datatype: float64}
# - {name: sdss_r, datatype: float64}
# - {name: sdss_i, datatype: float64}
# - {name: sdss_z, datatype: float64}
# - {name: PS1_y, datatype: float64}
# - {name: ukirt_J, datatype: float64}
# - {name: ukirt_H, datatype: float64}
# - {name: ukirt_K, datatype: float64}
# - {name: johnson_U, datatype: float64}
# - {name: johnson_B, datatype: float64}
# - {name: johnson_V, datatype: float64}
# - {name: johnson_R, datatype: float64}
# - {name: johnson_I, datatype: float64}
# - {name: Clear, datatype: float64}
# meta: !!omap
# - comment: [vej = 0.12724137931034482, mej = 0.13821730389118514, Ye = 0.1, redshift = 0.0]
# schema: astropy-2.0
time sdss_u sdss_g sdss_r sdss_i sdss_z PS1_y ukirt_J ukirt_H ukirt_K johnson_U johnson_B johnson_V johnson_R johnson_I Clear
[from data line 2281]
114.150000 222.414922 158.187149 117.604026 91.818127 76.088437 66.249980 46.339826 28.688082 17.143759 214.709416 176.079796 134.632975 112.670504 74.504617 115.980931
114.200000 222.521023 158.265620 117.664953 91.867851 76.131294 66.288525 46.369586 28.709952 17.160375 214.812208 176.165977 134.701274 112.729292 74.546781 116.041155
114.250000 222.627119 158.344087 117.725878 91.917574 76.174150 66.327068 46.399346 28.731822 17.176992 214.914996 176.252154 134.769571 112.788078 74.588944 116.101376
114.300000 222.733211 158.422551 117.786801 91.967294 76.217004 66.365611 46.429104 28.753690 17.193608 215.017779 176.338328 134.837865 112.846862 74.631105 116.161596
114.350000 222.839299 158.501012 117.847722 92.017013 76.259857 66.404152 46.458862 28.775559 17.210223 215.120559 176.424499 134.906157 112.905644 74.673265 116.221813
114.400000 222.945383 158.579470 117.908640 92.066730 76.302709 66.442692 46.488618 28.797426 17.226838 215.223334 176.510666 134.974446 112.964423 74.715423 116.282028
114.450000 223.051462 158.657925 117.969556 92.116446 76.345559 66.481230 46.518374 28.819293 17.243453 215.326106 176.596830 135.042732 113.023200 74.757580 116.342240
114.500000 223.157538 158.736377 118.030470 92.166159 76.388407 66.519768 46.548129 28.841160 17.260068 215.428873 176.682990 135.111016 113.081975 74.799735 116.402451
114.550000 223.263609 158.814826 118.091382 92.215871 76.431254 66.558303 46.577883 28.863026 17.276682 215.531636 176.769147 135.179297 113.140748 74.841889 116.462659
114.600000 223.369675 158.893272 118.152291 92.265581 76.474099 66.596838 46.607635 28.884891 17.293296 215.634395 176.855301 135.247575 113.199519 74.884042 116.522865
114.650000 223.475738 158.971715 118.213198 92.315289 76.516943 66.635371 46.637387 28.906756 17.309909 215.737150 176.941451 135.315851 113.258288 74.926193 116.583068
114.700000 223.581796 159.050155 118.274103 92.364996 76.559786 66.673903 46.667139 28.928620 17.326523 215.839901 177.027598 135.384125 113.317054 74.968342 116.643270
114.750000 223.687850 159.128591 118.335005 92.414700 76.602627 66.712434 46.696889 28.950484 17.343135 215.942648 177.113741 135.452396 113.375818 75.010491 116.703469
114.800000 223.793900 159.207025 118.395905 92.464403 76.645466 66.750963 46.726638 28.972347 17.359748 216.045391 177.199882 135.520664 113.434580 75.052637 116.763666
114.850000 223.899945 159.285456 118.456803 92.514104 76.688304 66.789492 46.756386 28.994209 17.376360 216.148130 177.286018 135.588929 113.493340 75.094783 116.823861
114.900000 224.005987 159.363884 118.517699 92.563803 76.731141 66.828018 46.786134 29.016071 17.392972 216.250864 177.372152 135.657192 113.552098 75.136926 116.884053
114.950000 224.112024 159.442309 118.578592 92.613501 76.773976 66.866544 46.815880 29.037933 17.409583 216.353595 177.458282 135.725453 113.610853 75.179069 116.944243
115.000000 224.218057 159.520730 118.639484 92.663197 76.816810 66.905068 46.845626 29.059793 17.426194 216.456321 177.544409 135.793711 113.669607 75.221210 117.004431
115.050000 224.324086 159.599149 118.700372 92.712891 76.859642 66.943591 46.875371 29.081654 17.442805 216.559044 177.630532 135.861966 113.728358 75.263349 117.064617
115.100000 224.430110 159.677565 118.761259 92.762583 76.902473 66.982113 46.905114 29.103513 17.459415 216.661762 177.716652 135.930219 113.787107 75.305487 117.124801
115.150000 224.536131 159.755978 118.822144 92.812273 76.945302 67.020633 46.934857 29.125372 17.476025 216.764477 177.802769 135.998469 113.845854 75.347624 117.184982
115.200000 224.642147 159.834387 118.883026 92.861962 76.988130 67.059152 46.964599 29.147231 17.492635 216.867187 177.888883 136.066717 113.904599 75.389759 117.245161
115.250000 224.748159 159.912794 118.943906 92.911649 77.030956 67.097670 46.994340 29.169089 17.509244 216.969893 177.974993 136.134962 113.963341 75.431892 117.305338
115.300000 224.854167 159.991198 119.004783 92.961334 77.073781 67.136187 47.024081 29.190946 17.525853 217.072596 178.061100 136.203205 114.022082 75.474025 117.365513
115.350000 224.960171 160.069599 119.065659 93.011017 77.116604 67.174702 47.053820 29.212803 17.542462 217.175294 178.147203 136.271445 114.080820 75.516156 117.425686
115.400000 225.066171 160.147997 119.126532 93.060699 77.159426 67.213216 47.083558 29.234659 17.559070 217.277988 178.233304 136.339682 114.139556 75.558285 117.485856
115.450000 225.172166 160.226392 119.187403 93.110379 77.202246 67.251729 47.113296 29.256515 17.575678 217.380679 178.319401 136.407917 114.198290 75.600413 117.546024
115.500000 225.278157 160.304784 119.248272 93.160057 77.245065 67.290240 47.143032 29.278370 17.592286 217.483365 178.405494 136.476149 114.257022 75.642539 117.606190
115.550000 225.384145 160.383172 119.309139 93.209734 77.287883 67.328750 47.172768 29.300225 17.608893 217.586047 178.491585 136.544379 114.315752 75.684665 117.666354
115.600000 225.490128 160.461558 119.370003 93.259408 77.330699 67.367259 47.202503 29.322079 17.625500 217.688726 178.577672 136.612607 114.374480 75.726788 117.726516
115.650000 225.596107 160.539942 119.430865 93.309081 77.373514 67.405767 47.232237 29.343932 17.642107 217.791400 178.663756 136.680832 114.433205 75.768911 117.786675
115.700000 225.702082 160.618322 119.491725 93.358753 77.416327 67.444273 47.261970 29.365785 17.658713 217.894070 178.749836 136.749054 114.491929 75.811032 117.846832
115.750000 225.808052 160.696699 119.552583 93.408422 77.459139 67.482779 47.291702 29.387637 17.675319 217.996737 178.835914 136.817274 114.550650 75.853151 117.906988
115.800000 225.914019 160.775073 119.613439 93.458090 77.501949 67.521282 47.321433 29.409489 17.691925 218.099399 178.921988 136.885491 114.609369 75.895269 117.967140
115.850000 226.019982 160.853444 119.674292 93.507756 77.544758 67.559785 47.351163 29.431340 17.708530 218.202058 179.008058 136.953706 114.668086 75.937386 118.027291
115.900000 226.125940 160.931813 119.735143 93.557420 77.587565 67.598286 47.380893 29.453191 17.725135 218.304712 179.094126 137.021918 114.726801 75.979501 118.087440
115.950000 226.231894 161.010178 119.795992 93.607083 77.630371 67.636787 47.410621 29.475041 17.741739 218.407363 179.180190 137.090128 114.785514 76.021615 118.147586
116.000000 226.337845 161.088540 119.856839 93.656744 77.673176 67.675285 47.440349 29.496890 17.758344 218.510009 179.266251 137.158335 114.844225 76.063727 118.207730
116.050000 226.443791 161.166900 119.917683 93.706403 77.715979 67.713783 47.470076 29.518739 17.774948 218.612652 179.352309 137.226540 114.902934 76.105838 118.267872
116.100000 226.549733 161.245257 119.978526 93.756060 77.758781 67.752279 47.499802 29.540588 17.791551 218.715291 179.438363 137.294742 114.961640 76.147948 118.328012
116.150000 226.655671 161.323610 120.039366 93.805716 77.801581 67.790774 47.529527 29.562436 17.808155 218.817925 179.524414 137.362942 115.020345 76.190056 118.388150
116.200000 226.761605 161.401961 120.100204 93.855370 77.844380 67.829268 47.559251 29.584283 17.824757 218.920556 179.610462 137.431139 115.079047 76.232163 118.448286
116.250000 226.867535 161.480309 120.161040 93.905022 77.887177 67.867761 47.588974 29.606130 17.841360 219.023183 179.696507 137.499334 115.137747 76.274268 118.508419
116.300000 226.973460 161.558654 120.221874 93.954673 77.929973 67.906252 47.618696 29.627976 17.857962 219.125806 179.782549 137.567526 115.196446 76.316372 118.568551
116.350000 227.079382 161.636996 120.282705 94.004322 77.972768 67.944742 47.648418 29.649822 17.874564 219.228425 179.868587 137.635716 115.255142 76.358475 118.628680
116.400000 227.185300 161.715335 120.343534 94.053969 78.015561 67.983231 47.678139 29.671667 17.891166 219.331040 179.954622 137.703903 115.313836 76.400576 118.688807
116.450000 227.291214 161.793671 120.404361 94.103614 78.058353 68.021719 47.707858 29.693511 17.907767 219.433652 180.040654 137.772088 115.372528 76.442676 118.748932
116.500000 227.397123 161.872005 120.465186 94.153258 78.101143 68.060205 47.737577 29.715355 17.924368 219.536259 180.126683 137.840271 115.431218 76.484775 118.809054
116.550000 227.503029 161.950335 120.526009 94.202900 78.143932 68.098691 47.767295 29.737199 17.940969 219.638862 180.212708 137.908451 115.489906 76.526872 118.869175
116.600000 227.608930 162.028663 120.586830 94.252540 78.186719 68.137174 47.797012 29.759042 17.957569 219.741462 180.298730 137.976628 115.548591 76.568967 118.929293
116.650000 227.714828 162.106988 120.647649 94.302179 78.229505 68.175657 47.826729 29.780884 17.974169 219.844058 180.384749 138.044803 115.607275 76.611062 118.989410
116.700000 227.820721 162.185309 120.708465 94.351816 78.272290 68.214139 47.856444 29.802726 17.990769 219.946649 180.470765 138.112976 115.665957 76.653155 119.049524
116.750000 227.926611 162.263628 120.769279 94.401451 78.315073 68.252619 47.886159 29.824567 18.007368 220.049237 180.556778 138.181146 115.724636 76.695246 119.109636
116.800000 228.032496 162.341944 120.830091 94.451085 78.357855 68.291098 47.915872 29.846408 18.023967 220.151821 180.642787 138.249313 115.783314 76.737336 119.169746
116.850000 228.138378 162.420258 120.890901 94.500717 78.400636 68.329576 47.945585 29.868248 18.040566 220.254402 180.728794 138.317479 115.841989 76.779425 119.229854
116.900000 228.244256 162.498568 120.951709 94.550347 78.443415 68.368052 47.975297 29.890088 18.057164 220.356978 180.814797 138.385641 115.900663 76.821513 119.289960
116.950000 228.350129 162.576876 121.012514 94.599976 78.486192 68.406528 48.005008 29.911927 18.073762 220.459550 180.900797 138.453802 115.959334 76.863599 119.350064
117.000000 228.455999 162.655180 121.073318 94.649602 78.528969 68.445002 48.034718 29.933766 18.090360 220.562119 180.986794 138.521959 116.018003 76.905683 119.410165
117.050000 228.561864 162.733482 121.134119 94.699228 78.571743 68.483475 48.064428 29.955604 18.106958 220.664684 181.072787 138.590115 116.076670 76.947767 119.470264
117.100000 228.667726 162.811781 121.194919 94.748851 78.614517 68.521946 48.094136 29.977442 18.123555 220.767245 181.158778 138.658268 116.135336 76.989849 119.530362
117.150000 228.773583 162.890077 121.255716 94.798473 78.657289 68.560417 48.123844 29.999279 18.140151 220.869802 181.244765 138.726418 116.193999 77.031929 119.590457
117.200000 228.879437 162.968370 121.316511 94.848093 78.700060 68.598886 48.153551 30.021115 18.156748 220.972355 181.330749 138.794567 116.252660 77.074009 119.650550
117.250000 228.985287 163.046661 121.377303 94.897712 78.742829 68.637354 48.183257 30.042951 18.173344 221.074904 181.416730 138.862712 116.311319 77.116086 119.710641
117.300000 229.091132 163.124948 121.438094 94.947328 78.785597 68.675821 48.212962 30.064786 18.189940 221.177450 181.502708 138.930856 116.369976 77.158163 119.770730
117.350000 229.196974 163.203233 121.498883 94.996944 78.828363 68.714287 48.242666 30.086621 18.206535 221.279992 181.588682 138.998997 116.428631 77.200238 119.830817
117.400000 229.302812 163.281515 121.559669 95.046557 78.871129 68.752751 48.272369 30.108456 18.223130 221.382530 181.674654 139.067135 116.487284 77.242312 119.890902
117.450000 229.408646 163.359794 121.620454 95.096169 78.913892 68.791214 48.302072 30.130290 18.239725 221.485064 181.760622 139.135271 116.545935 77.284384 119.950985
117.500000 229.514476 163.438070 121.681236 95.145779 78.956655 68.829676 48.331774 30.152123 18.256320 221.587594 181.846588 139.203405 116.604584 77.326456 120.011065
117.550000 229.620302 163.516344 121.742016 95.195388 78.999416 68.868137 48.361474 30.173956 18.272914 221.690121 181.932550 139.271536 116.663231 77.368525 120.071144
117.600000 229.726124 163.594614 121.802794 95.244995 79.042175 68.906597 48.391174 30.195788 18.289508 221.792644 182.018509 139.339665 116.721876 77.410594 120.131220
117.650000 229.831942 163.672882 121.863570 95.294600 79.084934 68.945055 48.420874 30.217620 18.306101 221.895163 182.104465 139.407791 116.780519 77.452661 120.191294
117.700000 229.937756 163.751147 121.924344 95.344203 79.127690 68.983512 48.450572 30.239451 18.322695 221.997678 182.190417 139.475915 116.839159 77.494726 120.251367
117.750000 230.043566 163.829410 121.985116 95.393805 79.170446 69.021968 48.480269 30.261281 18.339288 222.100189 182.276367 139.544037 116.897798 77.536791 120.311437
117.800000 230.149373 163.907669 122.045885 95.443406 79.213200 69.060423 48.509966 30.283111 18.355880 222.202697 182.362314 139.612156 116.956435 77.578854 120.371505
117.850000 230.255175 163.985926 122.106653 95.493004 79.255953 69.098877 48.539662 30.304941 18.372473 222.305201 182.448257 139.680273 117.015070 77.620916 120.431571
117.900000 230.360974 164.064180 122.167418 95.542601 79.298704 69.137329 48.569357 30.326770 18.389065 222.407701 182.534197 139.748387 117.073703 77.662976 120.491635
117.950000 230.466769 164.142431 122.228182 95.592197 79.341454 69.175780 48.599051 30.348599 18.405656 222.510197 182.620135 139.816500 117.132334 77.705035 120.551697
118.000000 230.572559 164.220679 122.288943 95.641791 79.384203 69.214230 48.628744 30.370427 18.422248 222.612690 182.706069 139.884609 117.190962 77.747093 120.611757
118.050000 230.678346 164.298924 122.349702 95.691383 79.426950 69.252679 48.658436 30.392254 18.438839 222.715179 182.792000 139.952717 117.249589 77.789149 120.671815
118.100000 230.784129 164.377167 122.410459 95.740973 79.469696 69.291127 48.688128 30.414081 18.455430 222.817664 182.877928 140.020822 117.308214 77.831204 120.731871
118.150000 230.889908 164.455407 122.471215 95.790562 79.512441 69.329573 48.717819 30.435908 18.472020 222.920145 182.963853 140.088924 117.366837 77.873258 120.791925
118.200000 230.995684 164.533644 122.531968 95.840149 79.555184 69.368019 48.747509 30.457734 18.488610 223.022622 183.049775 140.157024 117.425458 77.915310 120.851976
118.250000 231.101455 164.611879 122.592718 95.889735 79.597926 69.406463 48.777198 30.479559 18.505200 223.125096 183.135693 140.225122 117.484077 77.957361 120.912026
118.300000 231.207223 164.690110 122.653467 95.939319 79.640667 69.444906 48.806886 30.501384 18.521789 223.227566 183.221609 140.293218 117.542694 77.999411 120.972074
118.350000 231.312986 164.768339 122.714214 95.988901 79.683406 69.483348 48.836573 30.523208 18.538379 223.330033 183.307522 140.361311 117.601308 78.041459 121.032119
118.400000 231.418746 164.846565 122.774959 96.038482 79.726144 69.521788 48.866260 30.545032 18.554968 223.432496 183.393431 140.429402 117.659921 78.083506 121.092163
118.450000 231.524502 164.924788 122.835702 96.088061 79.768880 69.560228 48.895946 30.566856 18.571556 223.534954 183.479338 140.497490 117.718532 78.125552 121.152204
118.500000 231.630254 165.003009 122.896442 96.137638 79.811615 69.598666 48.925631 30.588679 18.588144 223.637410 183.565241 140.565576 117.777141 78.167597 121.212244
118.550000 231.736003 165.081227 122.957181 96.187214 79.854349 69.637103 48.955315 30.610501 18.604732 223.739861 183.651141 140.633660 117.835748 78.209640 121.272281
118.600000 231.841747 165.159442 123.017917 96.236789 79.897082 69.675539 48.984998 30.632323 18.621320 223.842309 183.737039 140.701741 117.894353 78.251682 121.332317
118.650000 231.947488 165.237654 123.078652 96.286361 79.939813 69.713974 49.014680 30.654144 18.637908 223.944753 183.822933 140.769821 117.952956 78.293722 121.392350
118.700000 232.053225 165.315864 123.139384 96.335932 79.982543 69.752407 49.044362 30.675965 18.654495 224.047194 183.908824 140.837897 118.011558 78.335761 121.452382
118.750000 232.158958 165.394071 123.200114 96.385502 80.025271 69.790839 49.074043 30.697785 18.671081 224.149630 183.994712 140.905972 118.070157 78.377799 121.512411
118.800000 232.264687 165.472275 123.260843 96.435070 80.067998 69.829271 49.103723 30.719605 18.687668 224.252063 184.080598 140.974044 118.128754 78.419836 121.572439
