web/models/kne/14/Metzger_0.500000_0.321724_0.450000.dat
# %ECSV 0.9
# ---
# datatype:
# - {name: time, datatype: float64}
# - {name: sdss_u, datatype: float64}
# - {name: sdss_g, datatype: float64}
# - {name: sdss_r, datatype: float64}
# - {name: sdss_i, datatype: float64}
# - {name: sdss_z, datatype: float64}
# - {name: PS1_y, datatype: float64}
# - {name: ukirt_J, datatype: float64}
# - {name: ukirt_H, datatype: float64}
# - {name: ukirt_K, datatype: float64}
# - {name: johnson_U, datatype: float64}
# - {name: johnson_B, datatype: float64}
# - {name: johnson_V, datatype: float64}
# - {name: johnson_R, datatype: float64}
# - {name: johnson_I, datatype: float64}
# - {name: Clear, datatype: float64}
# meta: !!omap
# - comment: [vej = 0.3217241379310345, mej = 0.5000000000045836, Ye = 0.45, redshift = 0.0]
# schema: astropy-2.0
time sdss_u sdss_g sdss_r sdss_i sdss_z PS1_y ukirt_J ukirt_H ukirt_K johnson_U johnson_B johnson_V johnson_R johnson_I Clear
[from data line 2905]
145.350000 342.713929 246.780417 186.067078 147.425574 123.816165 109.029300 79.038712 52.332880 34.760358 331.211639 273.520709 211.555193 178.678740 121.436897 183.636586
145.400000 342.834901 246.869973 186.136688 147.482446 123.865229 109.073461 79.072884 52.358081 34.779586 331.328848 273.619032 211.633185 178.745917 121.485172 183.705396
145.450000 342.955871 246.959527 186.206296 147.539316 123.914292 109.117621 79.107056 52.383281 34.798813 331.446056 273.717353 211.711175 178.813094 121.533447 183.774204
145.500000 343.076840 247.049081 186.275904 147.596186 123.963354 109.161780 79.141227 52.408482 34.818041 331.563263 273.815673 211.789164 178.880269 121.581722 183.843012
145.550000 343.197806 247.138633 186.345511 147.653056 124.012416 109.205939 79.175399 52.433682 34.837268 331.680468 273.913991 211.867153 178.947444 121.629996 183.911819
145.600000 343.318771 247.228184 186.415117 147.709924 124.061478 109.250098 79.209569 52.458882 34.856496 331.797671 274.012309 211.945140 179.014617 121.678269 183.980625
145.650000 343.439734 247.317733 186.484722 147.766792 124.110539 109.294256 79.243740 52.484082 34.875723 331.914872 274.110624 212.023126 179.081790 121.726542 184.049430
145.700000 343.560695 247.407282 186.554326 147.823659 124.159599 109.338413 79.277910 52.509282 34.894950 332.032072 274.208939 212.101111 179.148962 121.774814 184.118234
145.750000 343.681655 247.496829 186.623929 147.880526 124.208658 109.382570 79.312080 52.534481 34.914177 332.149269 274.307252 212.179095 179.216133 121.823085 184.187037
145.800000 343.802613 247.586375 186.693531 147.937392 124.257718 109.426727 79.346250 52.559681 34.933404 332.266466 274.405563 212.257078 179.283303 121.871356 184.255840
145.850000 343.923569 247.675919 186.763133 147.994257 124.306776 109.470883 79.380419 52.584880 34.952631 332.383660 274.503873 212.335060 179.350473 121.919627 184.324641
145.900000 344.044523 247.765463 186.832733 148.051121 124.355834 109.515039 79.414588 52.610079 34.971858 332.500853 274.602182 212.413041 179.417641 121.967897 184.393442
145.950000 344.165476 247.855005 186.902333 148.107985 124.404892 109.559194 79.448756 52.635278 34.991085 332.618044 274.700490 212.491021 179.484809 122.016166 184.462241
146.000000 344.286427 247.944546 186.971931 148.164848 124.453948 109.603349 79.482925 52.660477 35.010312 332.735234 274.798796 212.569000 179.551976 122.064435 184.531040
146.050000 344.407376 248.034086 187.041529 148.221710 124.503005 109.647503 79.517093 52.685675 35.029539 332.852422 274.897100 212.646978 179.619141 122.112703 184.599838
146.100000 344.528323 248.123624 187.111126 148.278572 124.552060 109.691656 79.551260 52.710874 35.048765 332.969608 274.995404 212.724955 179.686306 122.160971 184.668635
146.150000 344.649269 248.213162 187.180722 148.335433 124.601116 109.735810 79.585428 52.736072 35.067992 333.086792 275.093706 212.802931 179.753471 122.209238 184.737431
146.200000 344.770213 248.302698 187.250317 148.392293 124.650170 109.779962 79.619595 52.761270 35.087218 333.203975 275.192006 212.880905 179.820634 122.257505 184.806226
146.250000 344.891155 248.392233 187.319911 148.449153 124.699224 109.824114 79.653761 52.786468 35.106445 333.321156 275.290305 212.958879 179.887796 122.305771 184.875021
146.300000 345.012095 248.481766 187.389504 148.506012 124.748278 109.868266 79.687928 52.811665 35.125671 333.438335 275.388603 213.036852 179.954958 122.354036 184.943814
146.350000 345.133034 248.571299 187.459097 148.562870 124.797331 109.912417 79.722094 52.836863 35.144897 333.555513 275.486900 213.114823 180.022119 122.402301 185.012607
146.400000 345.253970 248.660830 187.528688 148.619727 124.846383 109.956568 79.756259 52.862060 35.164123 333.672689 275.585195 213.192794 180.089279 122.450566 185.081399
146.450000 345.374906 248.750360 187.598279 148.676584 124.895435 110.000718 79.790425 52.887257 35.183349 333.789863 275.683489 213.270763 180.156438 122.498830 185.150189
146.500000 345.495839 248.839888 187.667868 148.733440 124.944486 110.044868 79.824590 52.912454 35.202575 333.907036 275.781781 213.348732 180.223596 122.547093 185.218979
146.550000 345.616771 248.929416 187.737457 148.790296 124.993537 110.089018 79.858755 52.937651 35.221801 334.024207 275.880072 213.426699 180.290753 122.595356 185.287768
146.600000 345.737701 249.018942 187.807045 148.847150 125.042587 110.133166 79.892919 52.962848 35.241027 334.141376 275.978361 213.504666 180.357909 122.643618 185.356556
146.650000 345.858629 249.108467 187.876632 148.904004 125.091636 110.177315 79.927083 52.988044 35.260253 334.258544 276.076650 213.582631 180.425065 122.691880 185.425344
146.700000 345.979555 249.197991 187.946218 148.960858 125.140685 110.221463 79.961247 53.013240 35.279479 334.375710 276.174937 213.660595 180.492220 122.740141 185.494130
146.750000 346.100480 249.287514 188.015803 149.017711 125.189734 110.265610 79.995411 53.038436 35.298704 334.492874 276.273222 213.738559 180.559374 122.788401 185.562916
146.800000 346.221403 249.377035 188.085387 149.074562 125.238782 110.309757 80.029574 53.063632 35.317930 334.610037 276.371506 213.816521 180.626526 122.836661 185.631700
146.850000 346.342324 249.466555 188.154971 149.131414 125.287829 110.353903 80.063737 53.088828 35.337155 334.727198 276.469789 213.894482 180.693679 122.884921 185.700484
146.900000 346.463243 249.556074 188.224553 149.188264 125.336876 110.398049 80.097899 53.114024 35.356381 334.844357 276.568070 213.972442 180.760830 122.933180 185.769267
146.950000 346.584161 249.645592 188.294135 149.245114 125.385922 110.442195 80.132061 53.139219 35.375606 334.961514 276.666350 214.050402 180.827980 122.981438 185.838049
147.000000 346.705077 249.735108 188.363715 149.301963 125.434967 110.486340 80.166223 53.164414 35.394831 335.078670 276.764629 214.128360 180.895130 123.029696 185.906830
147.050000 346.825991 249.824623 188.433295 149.358812 125.484012 110.530484 80.200385 53.189610 35.414057 335.195824 276.862906 214.206317 180.962279 123.077953 185.975610
147.100000 346.946904 249.914138 188.502874 149.415660 125.533057 110.574628 80.234546 53.214804 35.433282 335.312977 276.961182 214.284273 181.029426 123.126210 186.044389
147.150000 347.067815 250.003650 188.572452 149.472507 125.582101 110.618772 80.268707 53.239999 35.452507 335.430128 277.059457 214.362228 181.096573 123.174466 186.113168
147.200000 347.188724 250.093162 188.642029 149.529353 125.631144 110.662915 80.302868 53.265194 35.471732 335.547277 277.157730 214.440182 181.163720 123.222722 186.181945
147.250000 347.309631 250.182672 188.711605 149.586199 125.680187 110.707057 80.337028 53.290388 35.490957 335.664425 277.256002 214.518135 181.230865 123.270977 186.250722
147.300000 347.430537 250.272181 188.781181 149.643044 125.729229 110.751200 80.371188 53.315582 35.510182 335.781570 277.354272 214.596087 181.298009 123.319232 186.319498
147.350000 347.551441 250.361689 188.850755 149.699889 125.778271 110.795341 80.405348 53.340776 35.529406 335.898715 277.452542 214.674038 181.365153 123.367486 186.388273
147.400000 347.672343 250.451196 188.920328 149.756732 125.827312 110.839482 80.439507 53.365970 35.548631 336.015857 277.550809 214.751988 181.432296 123.415739 186.457047
147.450000 347.793243 250.540702 188.989901 149.813576 125.876352 110.883623 80.473666 53.391164 35.567856 336.132998 277.649076 214.829936 181.499437 123.463992 186.525820
147.500000 347.914142 250.630206 189.059473 149.870418 125.925392 110.927763 80.507825 53.416358 35.587080 336.250137 277.747341 214.907884 181.566578 123.512244 186.594592
147.550000 348.035039 250.719709 189.129044 149.927260 125.974432 110.971903 80.541983 53.441551 35.606305 336.367275 277.845604 214.985831 181.633719 123.560496 186.663363
147.600000 348.155934 250.809211 189.198614 149.984101 126.023471 111.016042 80.576141 53.466744 35.625529 336.484411 277.943867 215.063777 181.700858 123.608747 186.732134
147.650000 348.276828 250.898711 189.268183 150.040941 126.072509 111.060181 80.610299 53.491937 35.644753 336.601545 278.042128 215.141722 181.767996 123.656998 186.800903
147.700000 348.397720 250.988211 189.337751 150.097780 126.121547 111.104319 80.644457 53.517130 35.663978 336.718677 278.140387 215.219665 181.835134 123.705248 186.869672
147.750000 348.518610 251.077709 189.407318 150.154619 126.170584 111.148457 80.678614 53.542323 35.683202 336.835808 278.238646 215.297608 181.902271 123.753498 186.938440
147.800000 348.639498 251.167206 189.476884 150.211458 126.219621 111.192594 80.712771 53.567515 35.702426 336.952938 278.336903 215.375550 181.969407 123.801747 187.007207
147.850000 348.760385 251.256702 189.546450 150.268295 126.268657 111.236731 80.746927 53.592708 35.721650 337.070065 278.435158 215.453490 182.036542 123.849996 187.075973
147.900000 348.881270 251.346196 189.616015 150.325132 126.317692 111.280867 80.781083 53.617900 35.740874 337.187191 278.533412 215.531430 182.103676 123.898244 187.144738
147.950000 349.002153 251.435690 189.685578 150.381968 126.366727 111.325003 80.815239 53.643092 35.760098 337.304315 278.631665 215.609369 182.170809 123.946491 187.213503
148.000000 349.123034 251.525182 189.755141 150.438804 126.415762 111.369139 80.849395 53.668284 35.779321 337.421438 278.729917 215.687306 182.237942 123.994738 187.282266
148.050000 349.243914 251.614673 189.824703 150.495639 126.464796 111.413274 80.883550 53.693475 35.798545 337.538559 278.828167 215.765243 182.305073 124.042984 187.351029
148.100000 349.364792 251.704163 189.894264 150.552473 126.513829 111.457408 80.917705 53.718667 35.817769 337.655678 278.926416 215.843178 182.372204 124.091230 187.419791
148.150000 349.485668 251.793651 189.963824 150.609306 126.562862 111.501542 80.951859 53.743858 35.836992 337.772796 279.024663 215.921113 182.439334 124.139475 187.488551
148.200000 349.606543 251.883138 190.033384 150.666139 126.611894 111.545675 80.986014 53.769049 35.856216 337.889912 279.122909 215.999046 182.506463 124.187720 187.557311
148.250000 349.727416 251.972625 190.102942 150.722971 126.660926 111.589808 81.020168 53.794240 35.875439 338.007026 279.221154 216.076979 182.573592 124.235964 187.626071
148.300000 349.848287 252.062109 190.172499 150.779802 126.709957 111.633941 81.054321 53.819431 35.894662 338.124139 279.319397 216.154910 182.640719 124.284208 187.694829
148.350000 349.969157 252.151593 190.242056 150.836633 126.758987 111.678073 81.088475 53.844622 35.913886 338.241250 279.417639 216.232840 182.707845 124.332451 187.763586
148.400000 350.090024 252.241076 190.311612 150.893463 126.808017 111.722205 81.122628 53.869812 35.933109 338.358359 279.515880 216.310770 182.774971 124.380694 187.832343
148.450000 350.210890 252.330557 190.381167 150.950293 126.857047 111.766336 81.156780 53.895002 35.952332 338.475467 279.614119 216.388698 182.842096 124.428936 187.901098
148.500000 350.331755 252.420037 190.450721 151.007121 126.906075 111.810466 81.190933 53.920192 35.971555 338.592573 279.712358 216.466626 182.909220 124.477177 187.969853
148.550000 350.452617 252.509516 190.520274 151.063949 126.955104 111.854597 81.225085 53.945382 35.990778 338.709677 279.810594 216.544552 182.976343 124.525418 188.038607
148.600000 350.573478 252.598993 190.589826 151.120777 127.004131 111.898726 81.259237 53.970572 36.010001 338.826780 279.908829 216.622477 183.043466 124.573659 188.107360
148.650000 350.694338 252.688470 190.659377 151.177603 127.053159 111.942855 81.293388 53.995762 36.029224 338.943881 280.007063 216.700402 183.110587 124.621898 188.176112
148.700000 350.815195 252.777945 190.728927 151.234429 127.102185 111.986984 81.327539 54.020951 36.048446 339.060981 280.105296 216.778325 183.177708 124.670138 188.244863
148.750000 350.936051 252.867419 190.798477 151.291255 127.151211 112.031112 81.361690 54.046140 36.067669 339.178078 280.203527 216.856247 183.244828 124.718377 188.313614
148.800000 351.056905 252.956892 190.868026 151.348079 127.200237 112.075240 81.395841 54.071329 36.086892 339.295175 280.301757 216.934168 183.311947 124.766615 188.382363
148.850000 351.177757 253.046364 190.937573 151.404903 127.249262 112.119368 81.429991 54.096518 36.106114 339.412269 280.399986 217.012089 183.379065 124.814852 188.451112
148.900000 351.298608 253.135834 191.007120 151.461726 127.298286 112.163494 81.464141 54.121707 36.125337 339.529362 280.498213 217.090008 183.446182 124.863090 188.519860
148.950000 351.419457 253.225303 191.076666 151.518549 127.347310 112.207621 81.498290 54.146896 36.144559 339.646453 280.596439 217.167926 183.513298 124.911326 188.588606
149.000000 351.540304 253.314771 191.146211 151.575371 127.396334 112.251747 81.532440 54.172084 36.163781 339.763543 280.694664 217.245843 183.580414 124.959562 188.657353
149.050000 351.661150 253.404238 191.215756 151.632192 127.445356 112.295872 81.566589 54.197272 36.183004 339.880631 280.792887 217.323759 183.647529 125.007798 188.726098
149.100000 351.781994 253.493704 191.285299 151.689013 127.494379 112.339997 81.600737 54.222460 36.202226 339.997717 280.891109 217.401674 183.714643 125.056033 188.794842
149.150000 351.902836 253.583168 191.354842 151.745833 127.543400 112.384121 81.634886 54.247648 36.221448 340.114802 280.989329 217.479589 183.781756 125.104267 188.863585
149.200000 352.023676 253.672632 191.424383 151.802652 127.592421 112.428245 81.669034 54.272836 36.240670 340.231885 281.087549 217.557502 183.848868 125.152501 188.932328
149.250000 352.144515 253.762094 191.493924 151.859470 127.641442 112.472369 81.703181 54.298024 36.259892 340.348966 281.185766 217.635414 183.915979 125.200735 189.001070
149.300000 352.265352 253.851554 191.563464 151.916288 127.690462 112.516492 81.737329 54.323211 36.279113 340.466046 281.283983 217.713325 183.983090 125.248967 189.069811
149.350000 352.386188 253.941014 191.633003 151.973105 127.739482 112.560615 81.771476 54.348398 36.298335 340.583124 281.382198 217.791235 184.050200 125.297200 189.138551
149.400000 352.507021 254.030473 191.702541 152.029922 127.788500 112.604737 81.805622 54.373585 36.317557 340.700200 281.480412 217.869144 184.117308 125.345432 189.207290
149.450000 352.627853 254.119930 191.772078 152.086738 127.837519 112.648858 81.839769 54.398772 36.336779 340.817275 281.578625 217.947052 184.184416 125.393663 189.276028
149.500000 352.748684 254.209386 191.841614 152.143553 127.886537 112.692979 81.873915 54.423959 36.356000 340.934348 281.676836 218.024959 184.251524 125.441893 189.344765
149.550000 352.869512 254.298841 191.911150 152.200367 127.935554 112.737100 81.908061 54.449145 36.375222 341.051420 281.775046 218.102865 184.318630 125.490124 189.413502
149.600000 352.990339 254.388294 191.980684 152.257181 127.984571 112.781220 81.942206 54.474332 36.394443 341.168490 281.873254 218.180770 184.385735 125.538353 189.482237
149.650000 353.111164 254.477747 192.050218 152.313994 128.033587 112.825340 81.976351 54.499518 36.413664 341.285558 281.971461 218.258674 184.452840 125.586582 189.550972
149.700000 353.231988 254.567198 192.119751 152.370807 128.082602 112.869459 82.010496 54.524704 36.432885 341.402625 282.069667 218.336577 184.519944 125.634811 189.619706
149.750000 353.352810 254.656648 192.189283 152.427618 128.131617 112.913578 82.044641 54.549890 36.452107 341.519690 282.167872 218.414479 184.587047 125.683039 189.688439
149.800000 353.473630 254.746097 192.258814 152.484429 128.180632 112.957696 82.078785 54.575075 36.471328 341.636753 282.266075 218.492380 184.654149 125.731266 189.757171
149.850000 353.594448 254.835545 192.328344 152.541240 128.229646 113.001814 82.112929 54.600261 36.490549 341.753815 282.364277 218.570280 184.721250 125.779493 189.825903
149.900000 353.715265 254.924991 192.397873 152.598050 128.278659 113.045932 82.147073 54.625446 36.509770 341.870875 282.462477 218.648179 184.788351 125.827720 189.894633
