web/models/kne/14/Metzger_0.325712_0.127241_0.450000.dat
# %ECSV 0.9
# ---
# datatype:
# - {name: time, datatype: float64}
# - {name: sdss_u, datatype: float64}
# - {name: sdss_g, datatype: float64}
# - {name: sdss_r, datatype: float64}
# - {name: sdss_i, datatype: float64}
# - {name: sdss_z, datatype: float64}
# - {name: PS1_y, datatype: float64}
# - {name: ukirt_J, datatype: float64}
# - {name: ukirt_H, datatype: float64}
# - {name: ukirt_K, datatype: float64}
# - {name: johnson_U, datatype: float64}
# - {name: johnson_B, datatype: float64}
# - {name: johnson_V, datatype: float64}
# - {name: johnson_R, datatype: float64}
# - {name: johnson_I, datatype: float64}
# - {name: Clear, datatype: float64}
# meta: !!omap
# - comment: [vej = 0.12724137931034482, mej = 0.3257122869999151, Ye = 0.45, redshift = 0.0]
# schema: astropy-2.0
time sdss_u sdss_g sdss_r sdss_i sdss_z PS1_y ukirt_J ukirt_H ukirt_K johnson_U johnson_B johnson_V johnson_R johnson_I Clear
[from data line 382]
19.200000 11.463031 2.627228 -2.787113 -6.113442 -8.076756 -9.270028 -11.569057 -13.403303 -14.418834 10.390751 5.062468 -0.536872 -3.431913 -8.270877 -2.999633
19.250000 11.560843 2.698337 -2.732958 -6.070114 -8.040065 -9.237504 -11.545022 -13.386882 -14.407449 10.485366 5.141029 -0.475592 -3.379826 -8.234855 -2.946158
19.300000 11.658700 2.769482 -2.678772 -6.026758 -8.003347 -9.204955 -11.520965 -13.370441 -14.396045 10.580024 5.219628 -0.414280 -3.327707 -8.198808 -2.892652
19.350000 11.756598 2.840663 -2.624555 -5.983375 -7.966604 -9.172382 -11.496885 -13.353980 -14.384624 10.674723 5.298265 -0.352934 -3.275559 -8.162735 -2.839115
19.400000 11.854539 2.911878 -2.570307 -5.939963 -7.929834 -9.139783 -11.472782 -13.337499 -14.373184 10.769463 5.376938 -0.291556 -3.223381 -8.126636 -2.785549
19.450000 11.952521 2.983128 -2.516030 -5.896525 -7.893039 -9.107161 -11.448658 -13.320998 -14.361726 10.864244 5.455648 -0.230146 -3.171173 -8.090512 -2.731952
19.500000 11.721790 2.821319 -2.634080 -5.986629 -7.966014 -9.169379 -11.488966 -13.341651 -14.369377 10.641766 5.274606 -0.366585 -3.283886 -8.161757 -2.848246
19.550000 11.818858 2.891899 -2.580318 -5.943608 -7.929576 -9.137075 -11.465083 -13.325322 -14.358045 10.735663 5.352577 -0.305756 -3.232176 -8.125984 -2.795159
19.600000 11.915966 2.962511 -2.526528 -5.900560 -7.893114 -9.104748 -11.441178 -13.308973 -14.346694 10.829598 5.430583 -0.244897 -3.180437 -8.090186 -2.742044
19.650000 12.013113 3.033156 -2.472709 -5.857487 -7.856627 -9.072397 -11.417253 -13.292605 -14.335327 10.923571 5.508623 -0.184008 -3.128670 -8.054365 -2.688900
19.700000 12.110297 3.103832 -2.418863 -5.814389 -7.820117 -9.040024 -11.393306 -13.276219 -14.323942 11.017581 5.586697 -0.123089 -3.076876 -8.018519 -2.635729
19.750000 12.207519 3.174540 -2.364989 -5.771266 -7.783583 -9.007628 -11.369339 -13.259813 -14.312540 11.111627 5.664804 -0.062141 -3.025055 -7.982651 -2.582530
19.800000 12.304777 3.245279 -2.311088 -5.728118 -7.747026 -8.975210 -11.345352 -13.243389 -14.301121 11.205710 5.742943 -0.001165 -2.973208 -7.946759 -2.529305
19.850000 12.402072 3.316048 -2.257161 -5.684946 -7.710446 -8.942770 -11.321344 -13.226947 -14.289685 11.299828 5.821114 0.059840 -2.921334 -7.910844 -2.476053
19.900000 12.499402 3.386846 -2.203207 -5.641749 -7.673843 -8.910308 -11.297317 -13.210486 -14.278233 11.393981 5.899316 0.120873 -2.869434 -7.874907 -2.422774
19.950000 12.596767 3.457675 -2.149227 -5.598529 -7.637218 -8.877825 -11.273269 -13.194008 -14.266764 11.488168 5.977550 0.181933 -2.817509 -7.838948 -2.369470
20.000000 12.694166 3.528532 -2.095221 -5.555285 -7.600571 -8.845320 -11.249202 -13.177511 -14.255279 11.582389 6.055814 0.243020 -2.765558 -7.802967 -2.316141
20.050000 12.791599 3.599418 -2.041191 -5.512019 -7.563902 -8.812794 -11.225116 -13.160997 -14.243778 11.676643 6.134108 0.304133 -2.713583 -7.766964 -2.262786
20.100000 12.889065 3.670331 -1.987135 -5.468729 -7.527211 -8.780247 -11.201011 -13.144466 -14.232260 11.770929 6.212431 0.365273 -2.661583 -7.730939 -2.209407
20.150000 12.986564 3.741273 -1.933055 -5.425417 -7.490500 -8.747681 -11.176886 -13.127917 -14.220727 11.865248 6.290783 0.426438 -2.609560 -7.694894 -2.156003
20.200000 13.084094 3.812241 -1.878951 -5.382083 -7.453767 -8.715093 -11.152743 -13.111351 -14.209178 11.959597 6.369164 0.487629 -2.557512 -7.658827 -2.102575
20.250000 13.181656 3.883236 -1.824823 -5.338727 -7.417013 -8.682486 -11.128582 -13.094768 -14.197613 12.053978 6.447573 0.548845 -2.505441 -7.622740 -2.049124
20.300000 13.279248 3.954258 -1.770672 -5.295350 -7.380240 -8.649859 -11.104402 -13.078168 -14.186033 12.148388 6.526009 0.610085 -2.453347 -7.586633 -1.995649
20.350000 13.376871 4.025305 -1.716498 -5.251951 -7.343446 -8.617213 -11.080205 -13.061552 -14.174438 12.242828 6.604472 0.671350 -2.401231 -7.550506 -1.942152
20.400000 13.474523 4.096377 -1.662301 -5.208532 -7.306632 -8.584548 -11.055989 -13.044919 -14.162827 12.337298 6.682961 0.732638 -2.349092 -7.514359 -1.888632
20.450000 13.228258 3.923111 -1.789220 -5.305852 -7.385810 -8.652333 -11.100568 -13.068673 -14.172789 12.099774 6.489324 0.586243 -2.470359 -7.591706 -2.013692
20.500000 13.324979 3.993499 -1.735551 -5.262860 -7.349362 -8.619995 -11.076601 -13.052218 -14.161309 12.193342 6.567061 0.646938 -2.418728 -7.555919 -1.960693
20.550000 13.421728 4.063911 -1.681860 -5.219847 -7.312895 -8.587638 -11.052617 -13.035747 -14.149814 12.286937 6.644823 0.707656 -2.367077 -7.520112 -1.907673
20.600000 13.518504 4.134347 -1.628148 -5.176815 -7.276409 -8.555263 -11.028616 -13.019260 -14.138304 12.380559 6.722609 0.768396 -2.315404 -7.484287 -1.854632
20.650000 13.615307 4.204806 -1.574415 -5.133764 -7.239905 -8.522871 -11.004598 -13.002758 -14.126780 12.474207 6.800419 0.829157 -2.263711 -7.448444 -1.801570
20.700000 13.712135 4.275287 -1.520662 -5.090693 -7.203383 -8.490460 -10.980564 -12.986240 -14.115242 12.567880 6.878253 0.889940 -2.211997 -7.412583 -1.748487
20.750000 13.808989 4.345791 -1.466888 -5.047604 -7.166842 -8.458032 -10.956513 -12.969707 -14.103689 12.661579 6.956109 0.950744 -2.160264 -7.376703 -1.695385
20.800000 13.905868 4.416316 -1.413095 -5.004497 -7.130284 -8.425588 -10.932447 -12.953159 -14.092123 12.755302 7.033989 1.011568 -2.108511 -7.340807 -1.642263
20.850000 14.002772 4.486863 -1.359282 -4.961371 -7.093709 -8.393126 -10.908364 -12.936596 -14.080542 12.849049 7.111891 1.072413 -2.056739 -7.304892 -1.589122
20.900000 14.099699 4.557431 -1.305451 -4.918227 -7.057116 -8.360647 -10.884266 -12.920018 -14.068948 12.942820 7.189814 1.133277 -2.004949 -7.268961 -1.535961
20.950000 14.196650 4.628019 -1.251600 -4.875066 -7.020507 -8.328152 -10.860152 -12.903426 -14.057340 13.036614 7.267759 1.194161 -1.953139 -7.233013 -1.482782
21.000000 14.293623 4.698627 -1.197732 -4.831887 -6.983881 -8.295641 -10.836022 -12.886819 -14.045718 13.130430 7.345725 1.255064 -1.901312 -7.197048 -1.429585
21.050000 14.390619 4.769255 -1.143845 -4.788692 -6.947238 -8.263114 -10.811878 -12.870198 -14.034083 13.224268 7.423711 1.315986 -1.849467 -7.161067 -1.376369
21.100000 14.487637 4.839902 -1.089940 -4.745479 -6.910580 -8.230571 -10.787719 -12.853563 -14.022435 13.318128 7.501717 1.376926 -1.797604 -7.125070 -1.323136
21.150000 14.584676 4.910568 -1.036018 -4.702251 -6.873905 -8.198012 -10.763544 -12.836914 -14.010773 13.412009 7.579742 1.437885 -1.745724 -7.089058 -1.269886
21.200000 14.681735 4.981253 -0.982079 -4.659006 -6.837215 -8.165438 -10.739356 -12.820251 -13.999099 13.505910 7.657787 1.498861 -1.693827 -7.053029 -1.216618
21.250000 14.778815 5.051956 -0.928123 -4.615745 -6.800509 -8.132850 -10.715152 -12.803574 -13.987411 13.599831 7.735851 1.559854 -1.641913 -7.016985 -1.163334
21.300000 14.875915 5.122677 -0.874151 -4.572468 -6.763789 -8.100246 -10.690935 -12.786884 -13.975711 13.693772 7.813932 1.620864 -1.589983 -6.980926 -1.110033
21.350000 14.973033 5.193415 -0.820162 -4.529176 -6.727053 -8.067627 -10.666704 -12.770180 -13.963998 13.787731 7.892032 1.681891 -1.538037 -6.944852 -1.056717
21.400000 15.070171 5.264169 -0.766158 -4.485869 -6.690303 -8.034995 -10.642458 -12.753464 -13.952273 13.881709 7.970149 1.742935 -1.486075 -6.908764 -1.003384
21.450000 14.807480 5.078781 -0.902466 -4.590834 -6.776056 -8.108684 -10.691571 -12.780518 -13.964703 13.628276 7.763189 1.586002 -1.616399 -6.992578 -1.137724
21.500000 14.903672 5.148841 -0.848998 -4.547962 -6.739679 -8.076385 -10.667580 -12.763984 -13.953113 13.721339 7.840541 1.646442 -1.564954 -6.956856 -1.084922
21.550000 14.999882 5.218916 -0.795515 -4.505075 -6.703287 -8.044072 -10.643576 -12.747437 -13.941510 13.814419 7.917909 1.706897 -1.513494 -6.921120 -1.032104
21.600000 15.096108 5.289007 -0.742018 -4.462175 -6.666882 -8.011745 -10.619559 -12.730878 -13.929895 13.907515 7.995294 1.767368 -1.462020 -6.885371 -0.979272
21.650000 15.192351 5.359113 -0.688506 -4.419260 -6.630463 -7.979406 -10.595528 -12.714305 -13.918268 14.000628 8.072693 1.827853 -1.410532 -6.849608 -0.926426
21.700000 15.288609 5.429234 -0.634980 -4.376332 -6.594031 -7.947053 -10.571485 -12.697721 -13.906629 14.093756 8.150108 1.888352 -1.359030 -6.813831 -0.873566
21.750000 15.384882 5.499369 -0.581441 -4.333391 -6.557586 -7.914687 -10.547429 -12.681124 -13.894979 14.186899 8.227537 1.948866 -1.307514 -6.778042 -0.820692
21.800000 15.481170 5.569518 -0.527888 -4.290437 -6.521128 -7.882309 -10.523361 -12.664516 -13.883317 14.280057 8.304980 2.009393 -1.255985 -6.742240 -0.767805
21.850000 15.577473 5.639680 -0.474322 -4.247470 -6.484657 -7.849918 -10.499281 -12.647895 -13.871643 14.373229 8.382437 2.069933 -1.204443 -6.706425 -0.714904
21.900000 15.673789 5.709856 -0.420743 -4.204490 -6.448174 -7.817515 -10.475188 -12.631262 -13.859959 14.466416 8.459907 2.130486 -1.152888 -6.670598 -0.661991
21.950000 15.770119 5.780045 -0.367152 -4.161498 -6.411679 -7.785100 -10.451084 -12.614618 -13.848263 14.559615 8.537391 2.191052 -1.101321 -6.634758 -0.609066
22.000000 15.866462 5.850246 -0.313548 -4.118494 -6.375172 -7.752672 -10.426968 -12.597963 -13.836555 14.652827 8.614887 2.251630 -1.049741 -6.598907 -0.556128
22.050000 15.962818 5.920459 -0.259932 -4.075478 -6.338653 -7.720234 -10.402840 -12.581296 -13.824837 14.746052 8.692395 2.312221 -0.998150 -6.563044 -0.503178
22.100000 16.059185 5.990685 -0.206305 -4.032451 -6.302122 -7.687783 -10.378701 -12.564617 -13.813108 14.839289 8.769916 2.372823 -0.946547 -6.527169 -0.450216
22.150000 16.155564 6.060921 -0.152666 -3.989412 -6.265581 -7.655322 -10.354551 -12.547928 -13.801368 14.932538 8.847448 2.433436 -0.894932 -6.491283 -0.397243
22.200000 16.251954 6.131169 -0.099017 -3.946362 -6.229028 -7.622849 -10.330389 -12.531227 -13.789618 15.025797 8.924991 2.494061 -0.843306 -6.455386 -0.344259
22.250000 16.348355 6.201428 -0.045356 -3.903301 -6.192464 -7.590365 -10.306217 -12.514516 -13.777856 15.119068 9.002544 2.554696 -0.791669 -6.419479 -0.291264
22.300000 16.444767 6.271697 0.008315 -3.860230 -6.155889 -7.557871 -10.282034 -12.497794 -13.766085 15.212349 9.080109 2.615343 -0.740022 -6.383560 -0.238259
22.350000 16.541188 6.341976 0.061997 -3.817148 -6.119304 -7.525366 -10.257840 -12.481061 -13.754303 15.305639 9.157683 2.675999 -0.688365 -6.347631 -0.185243
22.400000 16.637619 6.412266 0.115689 -3.774055 -6.082709 -7.492850 -10.233636 -12.464318 -13.742510 15.398940 9.235267 2.736665 -0.636697 -6.311691 -0.132217
22.450000 16.734059 6.482564 0.169390 -3.730953 -6.046104 -7.460325 -10.209421 -12.447565 -13.730708 15.492249 9.312861 2.797341 -0.585019 -6.275742 -0.079181
22.500000 16.454106 6.284431 0.023204 -3.843965 -6.138781 -7.540233 -10.263317 -12.478109 -13.745757 15.222095 9.091895 2.629325 -0.724871 -6.366367 -0.223284
22.550000 16.549591 6.354026 0.076362 -3.801304 -6.102554 -7.508046 -10.239361 -12.461542 -13.734092 15.314479 9.168715 2.689391 -0.673717 -6.330789 -0.170784
22.600000 16.645084 6.423631 0.129530 -3.758633 -6.066317 -7.475850 -10.215395 -12.444965 -13.722418 15.406872 9.245544 2.749466 -0.622554 -6.295202 -0.118276
22.650000 16.740584 6.493243 0.182706 -3.715953 -6.030071 -7.443644 -10.191420 -12.428378 -13.710734 15.499272 9.322381 2.809549 -0.571382 -6.259605 -0.065759
22.700000 16.836091 6.562864 0.235891 -3.673264 -5.993816 -7.411429 -10.167435 -12.411781 -13.699041 15.591679 9.399225 2.869641 -0.520201 -6.223999 -0.013233
22.750000 16.931605 6.632492 0.289085 -3.630567 -5.957551 -7.379205 -10.143440 -12.395175 -13.687338 15.684093 9.476077 2.929741 -0.469012 -6.188384 0.039301
22.800000 17.027125 6.702128 0.342286 -3.587860 -5.921278 -7.346971 -10.119436 -12.378559 -13.675625 15.776514 9.552936 2.989848 -0.417815 -6.152761 0.091843
22.850000 17.122651 6.771770 0.395495 -3.545146 -5.884997 -7.314730 -10.095424 -12.361934 -13.663903 15.868940 9.629801 3.049963 -0.366610 -6.117128 0.144393
22.900000 17.218183 6.841420 0.448712 -3.502424 -5.848707 -7.282479 -10.071402 -12.345300 -13.652172 15.961372 9.706673 3.110085 -0.315397 -6.081488 0.196951
22.950000 17.313720 6.911076 0.501936 -3.459694 -5.812409 -7.250220 -10.047371 -12.328656 -13.640432 16.053810 9.783551 3.170214 -0.264176 -6.045839 0.249516
23.000000 17.409261 6.980738 0.555167 -3.416956 -5.776102 -7.217953 -10.023332 -12.312004 -13.628682 16.146252 9.860435 3.230350 -0.212949 -6.010182 0.302088
23.050000 17.504807 7.050406 0.608405 -3.374210 -5.739788 -7.185678 -9.999284 -12.295342 -13.616924 16.238699 9.937325 3.290492 -0.161715 -5.974517 0.354667
23.100000 17.600357 7.120080 0.661650 -3.331457 -5.703466 -7.153394 -9.975227 -12.278672 -13.605157 16.331150 10.014219 3.350641 -0.110473 -5.938844 0.407253
23.150000 17.695910 7.189759 0.714901 -3.288698 -5.667137 -7.121103 -9.951162 -12.261993 -13.593381 16.423606 10.091119 3.410795 -0.059226 -5.903164 0.459845
23.200000 17.791467 7.259443 0.768158 -3.245931 -5.630801 -7.088805 -9.927090 -12.245305 -13.581596 16.516064 10.168023 3.470955 -0.007972 -5.867477 0.512443
23.250000 17.887027 7.329132 0.821421 -3.203158 -5.594457 -7.056499 -9.903009 -12.228609 -13.569802 16.608526 10.244931 3.531121 0.043288 -5.831782 0.565048
23.300000 17.982589 7.398825 0.874690 -3.160378 -5.558106 -7.024185 -9.878920 -12.211904 -13.558000 16.700990 10.321843 3.591292 0.094554 -5.796080 0.617658
23.350000 18.078154 7.468522 0.927965 -3.117591 -5.521748 -6.991865 -9.854823 -12.195191 -13.546190 16.793457 10.398759 3.651467 0.145826 -5.760372 0.670273
23.400000 18.173720 7.538224 0.981244 -3.074799 -5.485384 -6.959538 -9.830719 -12.178470 -13.534371 16.885926 10.475678 3.711648 0.197103 -5.724656 0.722894
23.450000 18.269288 7.607929 1.034529 -3.032001 -5.449013 -6.927203 -9.806607 -12.161741 -13.522544 16.978397 10.552601 3.771833 0.248386 -5.688934 0.775521
23.500000 18.364857 7.677638 1.087819 -2.989197 -5.412636 -6.894862 -9.782488 -12.145004 -13.510709 17.070870 10.629526 3.832022 0.299673 -5.653206 0.828152
23.550000 18.460427 7.747350 1.141113 -2.946387 -5.376253 -6.862515 -9.758362 -12.128259 -13.498866 17.163343 10.706453 3.892215 0.350965 -5.617472 0.880787
23.600000 18.555998 7.817064 1.194412 -2.903572 -5.339864 -6.830161 -9.734228 -12.111507 -13.487015 17.255817 10.783383 3.952413 0.402262 -5.581731 0.933428
23.650000 18.257055 7.604903 1.037348 -3.025449 -5.440174 -6.916927 -9.793404 -12.145910 -13.504968 16.967267 10.547005 3.772195 0.251917 -5.679864 0.778574
23.700000 18.351665 7.673909 1.090099 -2.983079 -5.404167 -6.884915 -9.769532 -12.129347 -13.493258 17.058810 10.623156 3.831778 0.302686 -5.644499 0.830673
23.750000 18.446274 7.742918 1.142854 -2.940704 -5.368154 -6.852898 -9.745654 -12.112776 -13.481540 17.150354 10.699309 3.891363 0.353459 -5.609128 0.882776
23.800000 18.540883 7.811929 1.195613 -2.898324 -5.332135 -6.820875 -9.721769 -12.096198 -13.469814 17.241897 10.775463 3.950951 0.404236 -5.573752 0.934884
23.850000 18.635490 7.880942 1.248376 -2.855939 -5.296112 -6.788846 -9.697877 -12.079613 -13.458081 17.333440 10.851618 4.010543 0.455017 -5.538370 0.986994
23.900000 18.730096 7.949956 1.301141 -2.813550 -5.260083 -6.756811 -9.673979 -12.063020 -13.446340 17.424981 10.927774 4.070136 0.505801 -5.502984 1.039108
23.950000 18.824701 8.018972 1.353910 -2.771157 -5.224049 -6.724771 -9.650075 -12.046421 -13.434592 17.516521 11.003930 4.129732 0.556589 -5.467592 1.091225
24.000000 18.919304 8.087989 1.406682 -2.728759 -5.188010 -6.692726 -9.626164 -12.029814 -13.422837 17.608060 11.080087 4.189331 0.607380 -5.432195 1.143346
24.050000 19.013904 8.157006 1.459456 -2.686358 -5.151967 -6.660675 -9.602247 -12.013201 -13.411074 17.699597 11.156243 4.248931 0.658173 -5.396794 1.195469
24.100000 19.108502 8.226024 1.512233 -2.643953 -5.115920 -6.628620 -9.578325 -11.996580 -13.399304 17.791132 11.232400 4.308532 0.708970 -5.361388 1.247594
