web/models/kne/14/Metzger_0.500000_0.386552_0.450000.dat
# %ECSV 0.9
# ---
# datatype:
# - {name: time, datatype: float64}
# - {name: sdss_u, datatype: float64}
# - {name: sdss_g, datatype: float64}
# - {name: sdss_r, datatype: float64}
# - {name: sdss_i, datatype: float64}
# - {name: sdss_z, datatype: float64}
# - {name: PS1_y, datatype: float64}
# - {name: ukirt_J, datatype: float64}
# - {name: ukirt_H, datatype: float64}
# - {name: ukirt_K, datatype: float64}
# - {name: johnson_U, datatype: float64}
# - {name: johnson_B, datatype: float64}
# - {name: johnson_V, datatype: float64}
# - {name: johnson_R, datatype: float64}
# - {name: johnson_I, datatype: float64}
# - {name: Clear, datatype: float64}
# meta: !!omap
# - comment: [vej = 0.38655172413793104, mej = 0.5000000000045836, Ye = 0.45, redshift = 0.0]
# schema: astropy-2.0
time sdss_u sdss_g sdss_r sdss_i sdss_z PS1_y ukirt_J ukirt_H ukirt_K johnson_U johnson_B johnson_V johnson_R johnson_I Clear
[from data line 2152]
107.700000 279.440775 199.903437 149.600154 117.606744 98.072220 85.844354 61.066720 39.043082 24.587957 269.901938 222.068295 170.713731 143.481289 96.104307 147.587196
107.750000 279.575828 200.003372 149.677793 117.670144 98.126892 85.893545 61.104746 39.071079 24.609277 270.032786 222.178030 170.800739 143.556209 96.158098 147.663940
107.800000 279.710879 200.103305 149.755430 117.733542 98.181563 85.942735 61.142771 39.099076 24.630597 270.163631 222.287763 170.887746 143.631127 96.211887 147.740683
107.850000 279.845926 200.203237 149.833065 117.796939 98.236233 85.991925 61.180795 39.127072 24.651918 270.294472 222.397493 170.974751 143.706044 96.265676 147.817425
107.900000 279.980970 200.303166 149.910699 117.860335 98.290902 86.041113 61.218819 39.155069 24.673237 270.425312 222.507221 171.061753 143.780959 96.319464 147.894165
107.950000 280.116011 200.403092 149.988332 117.923730 98.345570 86.090301 61.256843 39.183065 24.694557 270.556148 222.616947 171.148755 143.855873 96.373252 147.970903
108.000000 280.251049 200.503017 150.065963 117.987124 98.400237 86.139488 61.294866 39.211061 24.715877 270.686981 222.726670 171.235754 143.930786 96.427038 148.047640
108.050000 280.386084 200.602940 150.143593 118.050517 98.454903 86.188674 61.332889 39.239056 24.737197 270.817812 222.836391 171.322752 144.005697 96.480823 148.124375
108.100000 280.521117 200.702860 150.221221 118.113908 98.509568 86.237859 61.370911 39.267051 24.758516 270.948639 222.946110 171.409747 144.080606 96.534607 148.201109
108.150000 280.656146 200.802779 150.298847 118.177298 98.564233 86.287044 61.408932 39.295046 24.779836 271.079464 223.055826 171.496741 144.155514 96.588391 148.277841
108.200000 280.791172 200.902695 150.376472 118.240687 98.618896 86.336227 61.446953 39.323041 24.801155 271.210286 223.165540 171.583734 144.230421 96.642173 148.354572
108.250000 280.926195 201.002610 150.454095 118.304075 98.673558 86.385410 61.484973 39.351036 24.822474 271.341105 223.275252 171.670724 144.305326 96.695955 148.431301
108.300000 281.061215 201.102522 150.531717 118.367462 98.728220 86.434592 61.522993 39.379030 24.843793 271.471921 223.384961 171.757713 144.380229 96.749735 148.508029
108.350000 281.196233 201.202432 150.609337 118.430848 98.782880 86.483773 61.561013 39.407024 24.865112 271.602734 223.494668 171.844700 144.455131 96.803515 148.584756
108.400000 281.331247 201.302340 150.686956 118.494232 98.837540 86.532954 61.599031 39.435018 24.886431 271.733544 223.604373 171.931685 144.530032 96.857294 148.661480
108.450000 281.466258 201.402246 150.764574 118.557615 98.892199 86.582133 61.637050 39.463011 24.907750 271.864352 223.714075 172.018669 144.604931 96.911072 148.738204
108.500000 281.601267 201.502150 150.842189 118.620997 98.946856 86.631312 61.675067 39.491004 24.929069 271.995156 223.823775 172.105651 144.679829 96.964849 148.814926
108.550000 281.736272 201.602052 150.919804 118.684378 99.001513 86.680490 61.713085 39.518997 24.950387 272.125958 223.933473 172.192631 144.754725 97.018625 148.891646
108.600000 281.871275 201.701951 150.997416 118.747758 99.056169 86.729667 61.751101 39.546989 24.971706 272.256757 224.043168 172.279609 144.829620 97.072400 148.968365
108.650000 282.006274 201.801849 151.075028 118.811137 99.110824 86.778844 61.789118 39.574982 24.993024 272.387553 224.152861 172.366585 144.904514 97.126174 149.045082
108.700000 282.141271 201.901745 151.152637 118.874514 99.165478 86.828019 61.827133 39.602974 25.014343 272.518346 224.262552 172.453560 144.979406 97.179947 149.121798
108.750000 282.276264 202.001638 151.230245 118.937890 99.220131 86.877194 61.865149 39.630966 25.035661 272.649136 224.372240 172.540533 145.054296 97.233720 149.198512
108.800000 282.411255 202.101530 151.307852 119.001265 99.274783 86.926368 61.903163 39.658957 25.056979 272.779924 224.481926 172.627504 145.129185 97.287491 149.275225
108.850000 282.546242 202.201419 151.385457 119.064639 99.329434 86.975541 61.941177 39.686948 25.078297 272.910708 224.591610 172.714473 145.204073 97.341262 149.351936
108.900000 282.681227 202.301306 151.463061 119.128012 99.384084 87.024714 61.979191 39.714939 25.099615 273.041490 224.701291 172.801441 145.278959 97.395031 149.428646
108.950000 282.816209 202.401191 151.540663 119.191384 99.438733 87.073885 62.017204 39.742930 25.120933 273.172269 224.810970 172.888407 145.353844 97.448800 149.505355
109.000000 282.951188 202.501074 151.618263 119.254754 99.493381 87.123056 62.055217 39.770920 25.142251 273.303045 224.920647 172.975371 145.428727 97.502568 149.582061
109.050000 283.086163 202.600955 151.695863 119.318124 99.548029 87.172226 62.093229 39.798911 25.163568 273.433818 225.030321 173.062334 145.503609 97.556335 149.658767
109.100000 283.221136 202.700834 151.773460 119.381492 99.602675 87.221395 62.131240 39.826901 25.184886 273.564588 225.139993 173.149294 145.578490 97.610101 149.735471
109.150000 283.356106 202.800711 151.851056 119.444859 99.657321 87.270564 62.169251 39.854890 25.206203 273.695356 225.249663 173.236253 145.653369 97.663866 149.812173
109.200000 283.491073 202.900586 151.928651 119.508225 99.711965 87.319731 62.207262 39.882880 25.227520 273.826121 225.359331 173.323211 145.728246 97.717630 149.888874
109.250000 283.626037 203.000459 152.006244 119.571589 99.766609 87.368898 62.245272 39.910869 25.248838 273.956882 225.468996 173.410166 145.803122 97.771393 149.965573
109.300000 283.760998 203.100330 152.083835 119.634953 99.821251 87.418064 62.283281 39.938857 25.270155 274.087641 225.578659 173.497120 145.877997 97.825155 150.042271
109.350000 283.895957 203.200198 152.161425 119.698315 99.875893 87.467229 62.321290 39.966846 25.291472 274.218398 225.688319 173.584072 145.952870 97.878917 150.118968
109.400000 284.030912 203.300065 152.239014 119.761677 99.930534 87.516394 62.359298 39.994834 25.312788 274.349151 225.797977 173.671022 146.027742 97.932677 150.195663
109.450000 284.165864 203.399929 152.316601 119.825037 99.985174 87.565557 62.397306 40.022822 25.334105 274.479901 225.907633 173.757971 146.102612 97.986437 150.272356
109.500000 284.300813 203.499792 152.394186 119.888396 100.039813 87.614720 62.435314 40.050810 25.355422 274.610649 226.017287 173.844917 146.177481 98.040195 150.349048
109.550000 284.435760 203.599652 152.471770 119.951753 100.094451 87.663882 62.473321 40.078797 25.376739 274.741394 226.126938 173.931862 146.252349 98.093953 150.425739
109.600000 284.570703 203.699510 152.549353 120.015110 100.149088 87.713043 62.511327 40.106785 25.398055 274.872136 226.236587 174.018806 146.327215 98.147710 150.502428
109.650000 284.705644 203.799367 152.626934 120.078466 100.203724 87.762204 62.549333 40.134772 25.419371 275.002875 226.346234 174.105747 146.402079 98.201466 150.579115
109.700000 284.840582 203.899221 152.704513 120.141820 100.258359 87.811363 62.587338 40.162758 25.440688 275.133612 226.455878 174.192687 146.476942 98.255221 150.655802
109.750000 284.975516 203.999073 152.782091 120.205173 100.312993 87.860522 62.625343 40.190745 25.462004 275.264345 226.565521 174.279625 146.551804 98.308975 150.732486
109.800000 285.110448 204.098923 152.859668 120.268525 100.367627 87.909680 62.663347 40.218731 25.483320 275.395076 226.675160 174.366562 146.626665 98.362728 150.809169
109.850000 285.245377 204.198771 152.937243 120.331876 100.422259 87.958838 62.701351 40.246717 25.504636 275.525804 226.784798 174.453496 146.701523 98.416481 150.885851
109.900000 285.380303 204.298617 153.014816 120.395226 100.476890 88.007994 62.739354 40.274702 25.525952 275.656529 226.894433 174.540429 146.776381 98.470232 150.962531
109.950000 285.515226 204.398461 153.092388 120.458575 100.531521 88.057150 62.777357 40.302688 25.547267 275.787251 227.004066 174.627360 146.851237 98.523982 151.039210
110.000000 285.650146 204.498303 153.169959 120.521922 100.586151 88.106305 62.815359 40.330673 25.568583 275.917971 227.113697 174.714290 146.926091 98.577732 151.115887
110.050000 285.785063 204.598143 153.247528 120.585268 100.640779 88.155459 62.853361 40.358657 25.589899 276.048687 227.223325 174.801218 147.000945 98.631481 151.192563
110.100000 285.919978 204.697981 153.325095 120.648614 100.695407 88.204612 62.891362 40.386642 25.611214 276.179401 227.332951 174.888144 147.075796 98.685228 151.269237
110.150000 286.054889 204.797817 153.402662 120.711958 100.750034 88.253764 62.929363 40.414626 25.632529 276.310112 227.442575 174.975068 147.150647 98.738975 151.345910
110.200000 286.189798 204.897651 153.480226 120.775301 100.804660 88.302916 62.967363 40.442610 25.653845 276.440821 227.552197 175.061991 147.225496 98.792721 151.422581
110.250000 286.324703 204.997482 153.557789 120.838642 100.859285 88.352067 63.005362 40.470594 25.675160 276.571526 227.661816 175.148911 147.300343 98.846466 151.499251
110.300000 286.459606 205.097312 153.635351 120.901983 100.913909 88.401217 63.043361 40.498577 25.696475 276.702229 227.771433 175.235830 147.375189 98.900210 151.575920
110.350000 286.594506 205.197140 153.712911 120.965323 100.968532 88.450366 63.081360 40.526561 25.717790 276.832929 227.881048 175.322748 147.450034 98.953954 151.652587
110.400000 286.729402 205.296965 153.790469 121.028661 101.023154 88.499515 63.119358 40.554543 25.739105 276.963626 227.990660 175.409664 147.524877 99.007696 151.729252
110.450000 286.864296 205.396789 153.868026 121.091998 101.077776 88.548663 63.157356 40.582526 25.760419 277.094320 228.100270 175.496578 147.599719 99.061437 151.805916
110.500000 286.999188 205.496610 153.945582 121.155334 101.132396 88.597810 63.195353 40.610508 25.781734 277.225012 228.209878 175.583490 147.674559 99.115178 151.882579
110.550000 287.134076 205.596430 154.023136 121.218669 101.187016 88.646956 63.233349 40.638491 25.803049 277.355700 228.319484 175.670400 147.749398 99.168918 151.959240
110.600000 287.268961 205.696247 154.100689 121.282003 101.241634 88.696101 63.271345 40.666472 25.824363 277.486386 228.429087 175.757309 147.824235 99.222656 152.035899
110.650000 287.403843 205.796063 154.178240 121.345336 101.296252 88.745246 63.309341 40.694454 25.845677 277.617069 228.538688 175.844216 147.899072 99.276394 152.112558
110.700000 287.538723 205.895876 154.255790 121.408667 101.350868 88.794390 63.347336 40.722435 25.866991 277.747750 228.648287 175.931122 147.973906 99.330131 152.189214
110.750000 287.673600 205.995688 154.333338 121.471998 101.405484 88.843533 63.385330 40.750416 25.888306 277.878427 228.757883 176.018025 148.048739 99.383867 152.265870
110.800000 287.808473 206.095497 154.410885 121.535327 101.460099 88.892675 63.423324 40.778397 25.909620 278.009102 228.867478 176.104927 148.123571 99.437602 152.342523
110.850000 287.943344 206.195304 154.488430 121.598655 101.514713 88.941817 63.461318 40.806378 25.930933 278.139774 228.977070 176.191828 148.198402 99.491337 152.419176
110.900000 288.078212 206.295110 154.565974 121.661982 101.569326 88.990957 63.499311 40.834358 25.952247 278.270443 229.086659 176.278726 148.273231 99.545070 152.495826
110.950000 288.213077 206.394913 154.643516 121.725308 101.623938 89.040097 63.537303 40.862338 25.973561 278.401109 229.196247 176.365623 148.348058 99.598802 152.572476
111.000000 288.347940 206.494714 154.721057 121.788633 101.678549 89.089236 63.575295 40.890318 25.994875 278.531773 229.305832 176.452518 148.422885 99.652534 152.649124
111.050000 288.482799 206.594513 154.798596 121.851957 101.733160 89.138375 63.613287 40.918297 26.016188 278.662434 229.415415 176.539412 148.497709 99.706265 152.725770
111.100000 288.617655 206.694311 154.876134 121.915279 101.787769 89.187512 63.651278 40.946276 26.037501 278.793092 229.524996 176.626303 148.572533 99.759994 152.802415
111.150000 288.752509 206.794106 154.953670 121.978600 101.842377 89.236649 63.689268 40.974255 26.058815 278.923747 229.634574 176.713193 148.647355 99.813723 152.879059
111.200000 288.887360 206.893899 155.031205 122.041921 101.896985 89.285785 63.727258 41.002234 26.080128 279.054400 229.744150 176.800082 148.722175 99.867451 152.955701
111.250000 289.022208 206.993690 155.108738 122.105240 101.951591 89.334920 63.765247 41.030212 26.101441 279.185050 229.853724 176.886968 148.796994 99.921178 153.032342
111.300000 289.157053 207.093479 155.186270 122.168558 102.006197 89.384055 63.803236 41.058190 26.122754 279.315697 229.963296 176.973853 148.871812 99.974905 153.108981
111.350000 289.291895 207.193266 155.263801 122.231875 102.060802 89.433188 63.841224 41.086168 26.144067 279.446341 230.072865 177.060736 148.946629 100.028630 153.185619
111.400000 289.426734 207.293052 155.341330 122.295190 102.115406 89.482321 63.879212 41.114146 26.165380 279.576983 230.182432 177.147618 149.021444 100.082354 153.262255
111.450000 289.561570 207.392835 155.418857 122.358505 102.170009 89.531453 63.917200 41.142123 26.186692 279.707621 230.291997 177.234498 149.096257 100.136078 153.338890
111.500000 289.696404 207.492616 155.496384 122.421819 102.224611 89.580584 63.955187 41.170100 26.208005 279.838257 230.401560 177.321376 149.171069 100.189800 153.415524
111.550000 289.831235 207.592395 155.573908 122.485131 102.279212 89.629715 63.993173 41.198077 26.229317 279.968891 230.511120 177.408252 149.245880 100.243522 153.492156
111.600000 289.966062 207.692172 155.651431 122.548442 102.333812 89.678845 64.031159 41.226053 26.250630 280.099521 230.620679 177.495127 149.320689 100.297243 153.568786
111.650000 290.100887 207.791947 155.728953 122.611752 102.388411 89.727974 64.069144 41.254030 26.271942 280.230149 230.730235 177.582000 149.395497 100.350963 153.645415
111.700000 290.235709 207.891720 155.806473 122.675061 102.443010 89.777102 64.107129 41.282006 26.293254 280.360774 230.839788 177.668872 149.470304 100.404682 153.722043
111.750000 290.370529 207.991491 155.883992 122.738369 102.497607 89.826229 64.145113 41.309981 26.314566 280.491396 230.949340 177.755741 149.545109 100.458400 153.798669
111.800000 290.505345 208.091260 155.961509 122.801676 102.552204 89.875356 64.183097 41.337957 26.335878 280.622015 231.058889 177.842609 149.619913 100.512117 153.875294
111.850000 290.640159 208.191027 156.039025 122.864982 102.606800 89.924482 64.221080 41.365932 26.357190 280.752632 231.168436 177.929475 149.694715 100.565834 153.951917
111.900000 290.774969 208.290793 156.116539 122.928286 102.661394 89.973607 64.259063 41.393907 26.378501 280.883246 231.277981 178.016340 149.769516 100.619549 154.028539
111.950000 290.909777 208.390556 156.194052 122.991590 102.715988 90.022731 64.297045 41.421882 26.399813 281.013857 231.387523 178.103203 149.844315 100.673264 154.105160
112.000000 291.044582 208.490317 156.271564 123.054892 102.770581 90.071855 64.335027 41.449856 26.421124 281.144466 231.497063 178.190064 149.919114 100.726978 154.181779
112.050000 291.179384 208.590076 156.349074 123.118193 102.825173 90.120977 64.373008 41.477830 26.442436 281.275072 231.606601 178.276924 149.993910 100.780691 154.258396
112.100000 291.314184 208.689833 156.426582 123.181493 102.879764 90.170099 64.410989 41.505804 26.463747 281.405675 231.716137 178.363782 150.068706 100.834403 154.335012
112.150000 291.448980 208.789588 156.504089 123.244792 102.934355 90.219221 64.448969 41.533778 26.485058 281.536275 231.825671 178.450638 150.143500 100.888114 154.411627
112.200000 291.583774 208.889341 156.581595 123.308090 102.988944 90.268341 64.486949 41.561751 26.506369 281.666872 231.935202 178.537492 150.218292 100.941824 154.488240
112.250000 291.718565 208.989092 156.659099 123.371387 103.043532 90.317461 64.524928 41.589724 26.527680 281.797467 232.044731 178.624345 150.293083 100.995533 154.564852
