web/models/kne/14/Metzger_0.010562_0.224483_0.450000.dat
# %ECSV 0.9
# ---
# datatype:
# - {name: time, datatype: float64}
# - {name: sdss_u, datatype: float64}
# - {name: sdss_g, datatype: float64}
# - {name: sdss_r, datatype: float64}
# - {name: sdss_i, datatype: float64}
# - {name: sdss_z, datatype: float64}
# - {name: PS1_y, datatype: float64}
# - {name: ukirt_J, datatype: float64}
# - {name: ukirt_H, datatype: float64}
# - {name: ukirt_K, datatype: float64}
# - {name: johnson_U, datatype: float64}
# - {name: johnson_B, datatype: float64}
# - {name: johnson_V, datatype: float64}
# - {name: johnson_R, datatype: float64}
# - {name: johnson_I, datatype: float64}
# - {name: Clear, datatype: float64}
# meta: !!omap
# - comment: [vej = 0.22448275862068964, mej = 0.010562026262441078, Ye = 0.45, redshift = 0.0]
# schema: astropy-2.0
time sdss_u sdss_g sdss_r sdss_i sdss_z PS1_y ukirt_J ukirt_H ukirt_K johnson_U johnson_B johnson_V johnson_R johnson_I Clear
[from data line 1820]
91.100000 495.233020 360.399728 274.988623 220.574575 187.297536 166.439469 124.081192 86.266898 61.298377 479.072454 397.995199 310.855291 264.588471 183.942332 271.567536
91.150000 495.501626 360.598698 275.143381 220.701097 187.406753 166.537817 124.157401 86.323221 61.341461 479.332721 398.213601 311.028628 264.737837 184.049802 271.720520
91.200000 495.770225 360.797664 275.298136 220.827618 187.515967 166.636163 124.233608 86.379543 61.384543 479.592982 398.431998 311.201961 264.887200 184.157269 271.873501
91.250000 496.038818 360.996624 275.452886 220.954135 187.625179 166.734508 124.309814 86.435864 61.427625 479.853236 398.650390 311.375290 265.036560 184.264734 272.026479
91.300000 496.307404 361.195580 275.607634 221.080650 187.734389 166.832850 124.386019 86.492184 61.470707 480.113484 398.868777 311.548615 265.185916 184.372197 272.179453
91.350000 496.575984 361.394532 275.762378 221.207162 187.843596 166.931191 124.462222 86.548504 61.513788 480.373725 399.087158 311.721936 265.335269 184.479658 272.332424
91.400000 496.844557 361.593478 275.917118 221.333671 187.952802 167.029529 124.538423 86.604823 61.556869 480.633960 399.305534 311.895252 265.484619 184.587116 272.485391
91.450000 497.113123 361.792420 276.071855 221.460177 188.062005 167.127866 124.614623 86.661140 61.599949 480.894189 399.523905 312.068565 265.633965 184.694572 272.638355
91.500000 497.381683 361.991358 276.226588 221.586681 188.171205 167.226200 124.690822 86.717457 61.643029 481.154412 399.742271 312.241874 265.783308 184.802026 272.791316
91.550000 497.650237 362.190290 276.381318 221.713182 188.280403 167.324532 124.767019 86.773773 61.686108 481.414628 399.960632 312.415179 265.932647 184.909478 272.944272
91.600000 497.918784 362.389218 276.536044 221.839680 188.389600 167.422863 124.843215 86.830088 61.729186 481.674838 400.178987 312.588480 266.081983 185.016927 273.097226
91.650000 498.187324 362.588142 276.690767 221.966176 188.498793 167.521191 124.919410 86.886403 61.772264 481.935042 400.397338 312.761777 266.231316 185.124375 273.250176
91.700000 498.455858 362.787060 276.845487 222.092669 188.607985 167.619518 124.995603 86.942716 61.815341 482.195240 400.615683 312.935070 266.380645 185.231820 273.403123
91.750000 498.724386 362.985974 277.000203 222.219159 188.717174 167.717842 125.071795 86.999029 61.858418 482.455431 400.834023 313.108359 266.529971 185.339262 273.556066
91.800000 498.992907 363.184884 277.154915 222.345646 188.826361 167.816165 125.147985 87.055340 61.901495 482.715616 401.052358 313.281644 266.679294 185.446703 273.709006
91.850000 499.261421 363.383788 277.309624 222.472130 188.935546 167.914485 125.224174 87.111651 61.944571 482.975794 401.270687 313.454925 266.828614 185.554141 273.861942
91.900000 499.529929 363.582688 277.464330 222.598612 189.044728 168.012804 125.300362 87.167961 61.987646 483.235967 401.489012 313.628202 266.977930 185.661577 274.014875
91.950000 499.798431 363.781584 277.619032 222.725091 189.153908 168.111120 125.376548 87.224270 62.030721 483.496133 401.707331 313.801475 267.127242 185.769011 274.167804
92.000000 500.066926 363.980475 277.773730 222.851568 189.263086 168.209435 125.452733 87.280578 62.073795 483.756293 401.925646 313.974744 267.276552 185.876443 274.320730
92.050000 500.335414 364.179361 277.928425 222.978041 189.372262 168.307747 125.528916 87.336885 62.116869 484.016446 402.143955 314.148009 267.425858 185.983872 274.473653
92.100000 500.603896 364.378242 278.083117 223.104512 189.481435 168.406058 125.605098 87.393192 62.159942 484.276594 402.362259 314.321270 267.575161 186.091299 274.626572
92.150000 500.872372 364.577119 278.237805 223.230981 189.590606 168.504366 125.681278 87.449497 62.203015 484.536735 402.580557 314.494527 267.724460 186.198724 274.779488
92.200000 501.140841 364.775992 278.392490 223.357446 189.699775 168.602673 125.757458 87.505802 62.246087 484.796870 402.798851 314.667781 267.873756 186.306147 274.932400
92.250000 501.409304 364.974859 278.547171 223.483909 189.808941 168.700977 125.833635 87.562105 62.289159 485.056999 403.017139 314.841030 268.023049 186.413567 275.085309
92.300000 501.677760 365.173722 278.701848 223.610369 189.918106 168.799280 125.909812 87.618408 62.332230 485.317121 403.235423 315.014275 268.172339 186.520986 275.238215
92.350000 501.946210 365.372581 278.856523 223.736826 190.027268 168.897581 125.985987 87.674710 62.375300 485.577237 403.453701 315.187517 268.321625 186.628402 275.391117
92.400000 502.214653 365.571434 279.011194 223.863281 190.136427 168.995879 126.062160 87.731011 62.418371 485.837347 403.671974 315.360754 268.470908 186.735815 275.544016
92.450000 502.483090 365.770284 279.165861 223.989733 190.245585 169.094176 126.138332 87.787312 62.461440 486.097451 403.890242 315.533988 268.620187 186.843227 275.696911
92.500000 502.751521 365.969128 279.320525 224.116182 190.354740 169.192471 126.214503 87.843611 62.504509 486.357549 404.108505 315.707218 268.769463 186.950636 275.849803
92.550000 503.019945 366.167968 279.475185 224.242628 190.463893 169.290764 126.290673 87.899910 62.547578 486.617640 404.326763 315.880443 268.918736 187.058044 276.002691
92.600000 503.288363 366.366804 279.629842 224.369072 190.573044 169.389054 126.366841 87.956207 62.590646 486.877725 404.545015 316.053665 269.068006 187.165449 276.155576
92.650000 503.556774 366.565634 279.784496 224.495513 190.682192 169.487343 126.443007 88.012504 62.633713 487.137804 404.763263 316.226883 269.217272 187.272851 276.308458
92.700000 503.825179 366.764460 279.939146 224.621951 190.791338 169.585630 126.519172 88.068800 62.676780 487.397877 404.981505 316.400097 269.366535 187.380252 276.461336
92.750000 504.093577 366.963282 280.093793 224.748387 190.900482 169.683915 126.595336 88.125095 62.719847 487.657943 405.199743 316.573307 269.515795 187.487650 276.614211
92.800000 504.361969 367.162099 280.248436 224.874820 191.009624 169.782198 126.671499 88.181389 62.762912 487.918004 405.417975 316.746513 269.665051 187.595047 276.767083
92.850000 504.630355 367.360911 280.403076 225.001250 191.118764 169.880479 126.747660 88.237682 62.805978 488.178058 405.636202 316.919715 269.814305 187.702441 276.919951
92.900000 504.898734 367.559719 280.557712 225.127678 191.227901 169.978758 126.823819 88.293975 62.849043 488.438106 405.854424 317.092913 269.963554 187.809832 277.072816
92.950000 505.167107 367.758522 280.712345 225.254103 191.337036 170.077035 126.899978 88.350266 62.892107 488.698148 406.072641 317.266107 270.112801 187.917222 277.225677
93.000000 505.435473 367.957321 280.866975 225.380525 191.446168 170.175310 126.976135 88.406557 62.935171 488.958183 406.290853 317.439298 270.262044 188.024609 277.378535
93.050000 505.703833 368.156115 281.021601 225.506944 191.555299 170.273583 127.052290 88.462847 62.978234 489.218213 406.509060 317.612484 270.411284 188.131995 277.531390
93.100000 505.972187 368.354905 281.176224 225.633361 191.664427 170.371854 127.128444 88.519136 63.021297 489.478236 406.727262 317.785667 270.560521 188.239378 277.684241
93.150000 506.240534 368.553690 281.330843 225.759775 191.773553 170.470124 127.204597 88.575424 63.064359 489.738253 406.945458 317.958845 270.709754 188.346758 277.837089
93.200000 506.508875 368.752470 281.485459 225.886187 191.882677 170.568391 127.280748 88.631711 63.107421 489.998264 407.163650 318.132020 270.858984 188.454137 277.989933
93.250000 506.777209 368.951246 281.640071 226.012595 191.991799 170.666656 127.356898 88.687997 63.150482 490.258269 407.381836 318.305191 271.008211 188.561513 278.142774
93.300000 507.045538 369.150017 281.794680 226.139001 192.100918 170.764919 127.433047 88.744283 63.193543 490.518268 407.600018 318.478358 271.157435 188.668888 278.295612
93.350000 507.313859 369.348784 281.949286 226.265405 192.210035 170.863181 127.509194 88.800568 63.236603 490.778260 407.818194 318.651521 271.306655 188.776260 278.448446
93.400000 507.582175 369.547546 282.103888 226.391805 192.319150 170.961440 127.585340 88.856851 63.279662 491.038246 408.036366 318.824680 271.455872 188.883629 278.601277
93.450000 507.850484 369.746303 282.258487 226.518203 192.428262 171.059698 127.661484 88.913134 63.322721 491.298227 408.254532 318.997836 271.605086 188.990997 278.754105
93.500000 508.118787 369.945056 282.413082 226.644599 192.537373 171.157953 127.737627 88.969416 63.365780 491.558201 408.472693 319.170987 271.754296 189.098362 278.906929
93.550000 508.387083 370.143805 282.567674 226.770991 192.646481 171.256207 127.813769 89.025697 63.408838 491.818169 408.690849 319.344135 271.903504 189.205726 279.059750
93.600000 508.655373 370.342549 282.722263 226.897381 192.755587 171.354458 127.889909 89.081978 63.451896 492.078131 408.909000 319.517278 272.052708 189.313087 279.212568
93.650000 508.923657 370.541288 282.876848 227.023769 192.864690 171.452708 127.966048 89.138257 63.494953 492.338086 409.127146 319.690418 272.201908 189.420446 279.365382
93.700000 509.191934 370.740023 283.031430 227.150153 192.973792 171.550956 128.042186 89.194536 63.538009 492.598036 409.345287 319.863554 272.351106 189.527802 279.518193
93.750000 509.460205 370.938753 283.186008 227.276535 193.082891 171.649202 128.118322 89.250813 63.581065 492.857980 409.563423 320.036686 272.500300 189.635157 279.671000
93.800000 509.728470 371.137479 283.340583 227.402914 193.191988 171.747446 128.194457 89.307090 63.624120 493.117917 409.781554 320.209814 272.649491 189.742509 279.823804
93.850000 509.996728 371.336200 283.495155 227.529291 193.301083 171.845687 128.270590 89.363366 63.667175 493.377848 409.999680 320.382938 272.798679 189.849860 279.976605
93.900000 510.264981 371.534917 283.649723 227.655665 193.410175 171.943927 128.346723 89.419641 63.710230 493.637773 410.217801 320.556059 272.947863 189.957208 280.129403
93.950000 510.533226 371.733629 283.804288 227.782036 193.519266 172.042165 128.422853 89.475916 63.753284 493.897692 410.435917 320.729175 273.097044 190.064553 280.282197
94.000000 510.801466 371.932337 283.958849 227.908405 193.628354 172.140402 128.498983 89.532189 63.796337 494.157605 410.654028 320.902288 273.246222 190.171897 280.434987
94.050000 511.069699 372.131040 284.113407 228.034771 193.737440 172.238636 128.575111 89.588462 63.839390 494.417512 410.872134 321.075397 273.395397 190.279239 280.587775
94.100000 511.337926 372.329739 284.267962 228.161134 193.846523 172.336868 128.651237 89.644733 63.882442 494.677413 411.090235 321.248501 273.544568 190.386578 280.740559
94.150000 511.606146 372.528433 284.422513 228.287495 193.955605 172.435098 128.727362 89.701004 63.925494 494.937308 411.308331 321.421603 273.693736 190.493915 280.893340
94.200000 511.874361 372.727123 284.577061 228.413853 194.064684 172.533327 128.803486 89.757274 63.968545 495.197197 411.526421 321.594700 273.842901 190.601250 281.046117
94.250000 512.142569 372.925808 284.731605 228.540208 194.173761 172.631553 128.879609 89.813543 64.011596 495.457079 411.744507 321.767793 273.992063 190.708583 281.198891
94.300000 512.410771 373.124488 284.886146 228.666561 194.282836 172.729777 128.955730 89.869811 64.054646 495.716956 411.962588 321.940883 274.141221 190.815914 281.351662
94.350000 512.678966 373.323164 285.040684 228.792911 194.391909 172.828000 129.031850 89.926079 64.097696 495.976826 412.180664 322.113968 274.290377 190.923242 281.504429
94.400000 512.947155 373.521836 285.195219 228.919258 194.500979 172.926221 129.107968 89.982345 64.140745 496.236691 412.398735 322.287050 274.439529 191.030568 281.657193
94.450000 513.215338 373.720503 285.349750 229.045603 194.610047 173.024439 129.184085 90.038611 64.183794 496.496549 412.616801 322.460128 274.588677 191.137893 281.809954
94.500000 513.483515 373.919166 285.504277 229.171945 194.719113 173.122656 129.260201 90.094876 64.226842 496.756401 412.834861 322.633202 274.737823 191.245215 281.962712
94.550000 513.751685 374.117824 285.658802 229.298284 194.828177 173.220871 129.336315 90.151140 64.269890 497.016247 413.052917 322.806273 274.886965 191.352534 282.115466
94.600000 514.019849 374.316478 285.813323 229.424621 194.937239 173.319084 129.412428 90.207403 64.312937 497.276088 413.270968 322.979339 275.036104 191.459852 282.268217
94.650000 514.288007 374.515127 285.967840 229.550955 195.046298 173.417295 129.488540 90.263665 64.355983 497.535922 413.489014 323.152402 275.185240 191.567168 282.420964
94.700000 514.556159 374.713771 286.122354 229.677287 195.155355 173.515504 129.564650 90.319927 64.399029 497.795750 413.707055 323.325461 275.334373 191.674481 282.573708
94.750000 514.824304 374.912412 286.276865 229.803616 195.264410 173.613711 129.640759 90.376187 64.442075 498.055572 413.925091 323.498516 275.483502 191.781792 282.726449
94.800000 515.092443 375.111047 286.431373 229.929942 195.373463 173.711916 129.716866 90.432447 64.485120 498.315388 414.143122 323.671567 275.632629 191.889101 282.879187
94.850000 515.360576 375.309679 286.585877 230.056266 195.482514 173.810119 129.792972 90.488706 64.528164 498.575198 414.361148 323.844614 275.781752 191.996408 283.031921
94.900000 515.628703 375.508305 286.740378 230.182587 195.591562 173.908321 129.869077 90.544964 64.571208 498.835002 414.579169 324.017658 275.930871 192.103713 283.184652
94.950000 515.896823 375.706928 286.894875 230.308905 195.700608 174.006520 129.945181 90.601221 64.614252 499.094800 414.797185 324.190698 276.079988 192.211016 283.337380
95.000000 516.164937 375.905546 287.049369 230.435221 195.809652 174.104718 130.021283 90.657477 64.657295 499.354592 415.015196 324.363733 276.229101 192.318316 283.490104
95.050000 516.433045 376.104159 287.203860 230.561534 195.918694 174.202913 130.097383 90.713732 64.700337 499.614378 415.233203 324.536766 276.378211 192.425615 283.642825
95.100000 516.701147 376.302768 287.358348 230.687844 196.027734 174.301107 130.173483 90.769987 64.743379 499.874158 415.451204 324.709794 276.527318 192.532911 283.795543
95.150000 516.969242 376.501373 287.512832 230.814152 196.136771 174.399299 130.249581 90.826241 64.786421 500.133932 415.669200 324.882818 276.676422 192.640205 283.948258
95.200000 517.237332 376.699973 287.667312 230.940457 196.245807 174.497489 130.325677 90.882494 64.829462 500.393700 415.887192 325.055839 276.825523 192.747497 284.100969
95.250000 517.505415 376.898568 287.821790 231.066760 196.354840 174.595677 130.401773 90.938746 64.872502 500.653462 416.105178 325.228856 276.974620 192.854786 284.253677
95.300000 517.773492 377.097159 287.976264 231.193060 196.463871 174.693863 130.477867 90.994997 64.915542 500.913217 416.323160 325.401869 277.123714 192.962074 284.406381
95.350000 518.041562 377.295746 288.130735 231.319357 196.572899 174.792047 130.553959 91.051247 64.958581 501.172967 416.541136 325.574878 277.272805 193.069359 284.559083
95.400000 518.309627 377.494328 288.285202 231.445652 196.681926 174.890229 130.630050 91.107497 65.001620 501.432711 416.759108 325.747884 277.421893 193.176643 284.711781
95.450000 518.577685 377.692906 288.439666 231.571944 196.790950 174.988409 130.706140 91.163745 65.044658 501.692449 416.977074 325.920885 277.570978 193.283924 284.864475
95.500000 518.845737 377.891479 288.594127 231.698234 196.899972 175.086588 130.782229 91.219993 65.087696 501.952181 417.195036 326.093883 277.720059 193.391203 285.017167
95.550000 519.113783 378.090048 288.748584 231.824520 197.008992 175.184764 130.858316 91.276240 65.130733 502.211907 417.412993 326.266877 277.869137 193.498480 285.169855
95.600000 519.381823 378.288613 288.903039 231.950805 197.118010 175.282939 130.934402 91.332486 65.173770 502.471627 417.630945 326.439868 278.018212 193.605755 285.322540
95.650000 519.649857 378.487173 289.057489 232.077086 197.227026 175.381112 131.010486 91.388731 65.216806 502.731342 417.848892 326.612854 278.167284 193.713027 285.475222
