web/models/kne/14/mosfit_kn_0.144270_0.3903_3.6500.dat
# %ECSV 1.0
# ---
# datatype:
# - {name: time, datatype: float64}
# - {name: PS1_g, datatype: float64}
# - {name: PS1_i, datatype: float64}
# - {name: PS1_r, datatype: float64}
# - {name: PS1_w, datatype: float64}
# - {name: PS1_y, datatype: float64}
# - {name: PS1_z, datatype: float64}
# - {name: swift_uvot_B, datatype: float64}
# - {name: swift_uvot_U, datatype: float64}
# - {name: swift_uvot_uvm2, datatype: float64}
# - {name: swift_uvot_uvw1, datatype: float64}
# - {name: swift_uvot_uvw2, datatype: float64}
# - {name: swift_uvot_V, datatype: float64}
# - {name: johnson_B, datatype: float64}
# - {name: johnson_I, datatype: float64}
# - {name: johnson_R, datatype: float64}
# - {name: johnson_U, datatype: float64}
# - {name: johnson_V, datatype: float64}
# - {name: sdss_g, datatype: float64}
# - {name: sdss_i, datatype: float64}
# - {name: sdss_r, datatype: float64}
# - {name: sdss_u, datatype: float64}
# - {name: sdss_z, datatype: float64}
# - {name: ATLAS_c, datatype: float64}
# - {name: ATLAS_o, datatype: float64}
# - {name: ukirt_H, datatype: float64}
# - {name: ukirt_J, datatype: float64}
# - {name: ukirt_K, datatype: float64}
# - {name: Clear, datatype: float64}
# meta: !!omap
# - comment: [kappa = 3.65, type = rprocess, mass = 0.1442699905917794, velocity = 0.3903333333333333, theta_obs = 0.0, tfloor = 1000.0]
# schema: astropy-2.0
time PS1_g PS1_i PS1_r PS1_w PS1_y PS1_z swift_uvot_B swift_uvot_U swift_uvot_uvm2 swift_uvot_uvw1 swift_uvot_uvw2 swift_uvot_V johnson_B johnson_I johnson_R johnson_U johnson_V sdss_g sdss_i sdss_r sdss_u sdss_z ATLAS_c ATLAS_o ukirt_H ukirt_J ukirt_K Clear
[from data line 403]
24.288577154308616 4.544653238669891 -4.337175574529386 -0.862104796491554 -2.8300286079955406 -7.860365623054655 -6.442689658207517 8.084559815234378 14.743503913129281 28.63209921715846 10.709086445203848 13.2221029516835 2.504169931540676 6.8806224982681705 -5.890688880951337 -2.9206561142263547 13.712502733877539 1.5491475963719228 5.3571933399843275 -4.2559196224164 -0.6336161369951121 15.244609443304107 -7.016117270229518 1.1169717732510875 -3.3354407513586892 -12.80935300097015 -10.65986370548046 -14.169641681443322 -5.115922651756879
24.34869739478958 4.546919421313351 -4.334909391885926 -0.859838613848094 -2.8277624253520806 -7.858099440411195 -6.440423475564057 8.086825997877838 14.745770095772741 28.63436539980192 10.711352627847308 13.22436913432696 2.506436114184136 6.882888680911648 -5.888422698307877 -2.9183899315828947 13.714768916520999 1.5514137790153828 5.3594595226277875 -4.25365343977294 -0.6313499543516521 15.246875625947567 -7.013851087586058 1.1192379558945476 -3.333174568715229 -12.80708681832669 -10.657597522837 -14.167375498799862 -5.113656469113419
24.40881763527054 4.549170069810096 -4.332658743389182 -0.8575879653513496 -2.825511776855336 -7.85584879191445 -6.438172827067312 8.089076646374583 14.748020744269486 28.636616048298663 10.713603276344053 13.226619782823704 2.50868676268088 6.885139329408393 -5.886172049811132 -2.9161392830861503 13.717019565017743 1.5536644275121272 5.361710171124532 -4.251402791276195 -0.6290993058549077 15.249126274444311 -7.011600439089314 1.121488604391292 -3.330923920218485 -12.804836169829946 -10.655346874340255 -14.165124850303117 -5.111405820616675
24.468937875751504 4.55140532792857 -4.330423485270707 -0.8553527072328748 -2.8232765187368614 -7.853613533795976 -6.435937568948837 8.091311904493057 14.75025600238796 28.638851306417138 10.715838534462527 13.228855040942179 2.510922020799355 6.8873745875268675 -5.8839367916926575 -2.9139040249676578 13.719254823136218 1.555899685630602 5.363945429243007 -4.2491675331577206 -0.6268640477364329 15.251361532562786 -7.009365180970839 1.1237238625097667 -3.32868866210001 -12.80260091171147 -10.65311161622178 -14.162889592184642 -5.1091705624982
24.529058116232463 4.553625350001127 -4.32820346319815 -0.8531326851603005 -2.821056496664287 -7.851393511723419 -6.433717546876281 8.093531926565614 14.752476024460535 28.641071328489705 10.718058556535084 13.231075063014735 2.5131420428719116 6.889594609599424 -5.881716769620101 -2.911684002895101 13.721474845208775 1.5581197077031763 5.366165451315581 -4.246947511085164 -0.6246440256638763 15.25358155463536 -7.0071451588982825 1.125943884582341 -3.3264686400274535 -12.800380889638896 -10.650891594149206 -14.160669570112086 -5.106950540425643
24.589178356713425 4.555830272178056 -4.325998541021239 -0.8509277629833889 -2.8188515744873754 -7.84918858954649 -6.431512624699369 8.095736848742526 14.754680946637446 28.643276250666613 10.720263478711995 13.233279985191647 2.515346965048841 6.891799531776336 -5.879511847443189 -2.9094790807181896 13.723679767385704 1.560324629880088 5.368370373492493 -4.244742588908235 -0.6224391034869647 15.255786476812272 -7.004940236721353 1.1281488067592527 -3.324263717850524 -12.798175967461985 -10.648686671972294 -14.158464647935157 -5.104745618248714
24.649298597194388 4.558020221442547 -4.32380859175673 -0.8487378137188983 -2.816661625222867 -7.846998640281999 -6.429322675434861 8.097926798007034 14.756870895901955 28.645466199931114 10.722453427976504 13.235469934456155 2.5175369143133315 6.893989481040844 -5.877321898178681 -2.9072891314536813 13.725869716650195 1.5625145791445785 5.370560322756983 -4.242552639643744 -0.6202491542224564 15.25797642607678 -7.002750287456863 1.130338756023761 -3.3220737685860335 -12.795986018197494 -10.646496722707804 -14.156274698670666 -5.102555668984223
24.70941883767535 4.5601953323633815 -4.321633480835914 -0.8465627027980638 -2.8144865143020503 -7.844823529361165 -6.427147564514044 8.10010190892785 14.759046006822771 28.64764131085195 10.724628538897338 13.237645045376972 2.519712025234166 6.896164591961661 -5.875146787257864 -2.9051140205328645 13.72804482757103 1.564689690065413 5.372735433677818 -4.2403775287229095 -0.6180740433016219 15.260151536997597 -7.000575176536028 1.1325138669445778 -3.319898657665199 -12.79381090727666 -10.64432161178697 -14.154099587749831 -5.100380558063389
24.769539078156313 4.562355727129983 -4.319473086069294 -0.8444023080314622 -2.8123261195354488 -7.842663134594563 -6.424987169747425 8.10226230369447 14.761206401589373 28.64980170561855 10.72678893366394 13.239805440143591 2.5218724200007676 6.89832498672828 -5.872986392491245 -2.902953625766245 13.73020522233763 1.5668500848320146 5.374895828444419 -4.238217133956308 -0.6159136485350203 15.262311931764199 -6.998414781769426 1.1346742617111794 -3.3177382628985974 -12.791650512510058 -10.642161217020368 -14.15193919298323 -5.098220163296787
24.829659318637272 4.564501562300265 -4.317327250899012 -0.8422564728611803 -2.810180284365149 -7.840517299424281 -6.422841334577143 8.104408138864752 14.763352236759673 28.651947540788832 10.728934768834222 13.241951275313873 2.5240182551710495 6.900470821898562 -5.870840557320963 -2.9008077905959633 13.732351057507913 1.5689959200022965 5.377041663614701 -4.236071298786026 -0.6137678133647384 15.264457766934498 -6.9962689465991446 1.136820096881479 -3.3155924277283155 -12.789504677339776 -10.640015381850086 -14.149793357812948 -5.096074328126505
24.889779559118235 4.566632997201019 -4.315195815998258 -0.8401250379604264 -2.808048849464413 -7.838385864523527 -6.420709899676389 8.106539573765506 14.765483671660409 28.654078975689586 10.731066203734976 13.244082710214627 2.5261496900718035 6.902602256799316 -5.868709122420209 -2.8986763556952093 13.734482492408667 1.5711273549030504 5.379173098515455 -4.233939863885272 -0.6116363784639844 15.266589201835234 -6.994137511698391 1.1389515317822152 -3.3134609928275616 -12.787373242439022 -10.637883946949332 -14.147661922912194 -5.093942893225751
24.949899799599198 4.5687501556175825 -4.313078657581695 -0.838007879543845 -2.8059316910478316 -7.836268706106946 -6.418592741259825 8.10865673218207 14.76760083007699 28.656196134106157 10.73318336215154 13.24619986863119 2.528266848488385 6.9047194152158795 -5.8665919640036455 -2.8965591972786457 13.736599650825248 1.5732445133196318 5.381290256932036 -4.2318227054687085 -0.6095192200474209 15.268706360251816 -6.992020353281827 1.1410686901987965 -3.311343834410998 -12.785256084022441 -10.63576678853275 -14.14554476449563 -5.09182573480917
25.01002004008016 4.5708531551563425 -4.310975658042935 -0.8359048800051028 -2.8038286915090715 -7.8341657065682035 -6.416489741721065 8.11075973172083 14.76970382961575 28.65829913364491 10.7352863616903 13.24830286816995 2.530369848027127 6.9068224147546395 -5.864488964464885 -2.8944561977398857 13.73870265036399 1.575347512858374 5.383393256470779 -4.2297197059299485 -0.6074162205086608 15.270809359790576 -6.989917353743067 1.1431716897375566 -3.309240834872238 -12.783153084483699 -10.633663788994008 -14.14344176495687 -5.089722735270428
25.07014028056112 4.572942098444841 -4.308886714754454 -0.8338159367166043 -2.801739748220591 -7.832076763279705 -6.414400798432585 8.11284867500931 14.77179277290423 28.660388076933398 10.73737530497878 13.250391811458432 2.5324587913156256 6.90891135804312 -5.862400021176405 -2.892367254451405 13.740791593652489 1.5774364561468726 5.385482199759277 -4.22763076264145 -0.6053272772201801 15.272898303079057 -6.9878284104545685 1.1452606330260373 -3.3071518915837395 -12.7810641411952 -10.63157484570551 -14.141352821668372 -5.087633791981929
25.130260521042082 4.575017140670035 -4.3068116725292604 -0.8317408944914106 -2.799664705995397 -7.830001721054511 -6.412325756207391 8.114923717234504 14.773867815129424 28.662463119158602 10.739450347203991 13.252466853683643 2.534533833540819 6.910986400268314 -5.860324978951211 -2.8902922122262114 13.742866635877682 1.5795114983720662 5.387557241984471 -4.225555720416256 -0.6032522349949687 15.27497334530425 -6.985753368229375 1.147335675251231 -3.305076849358546 -12.778989098970007 -10.629499803480316 -14.139277779443178 -5.085558749756736
25.190380761523045 4.577078381623441 -4.304750431575837 -0.8296796535379869 -2.7976034650419734 -7.827940480101088 -6.410264515253967 8.116984958187928 14.775929056082848 28.664524360112015 10.741511588157397 13.254528094637049 2.536595074494225 6.913047641221738 -5.858263737997787 -2.8882309712727876 13.744927876831106 1.58157273932549 5.389618482937895 -4.22349447946285 -0.6011909940415627 15.277034586257674 -6.983692127275969 1.1493969162046547 -3.30301560840514 -12.776927858016583 -10.627438562526892 -14.137216538489772 -5.08349750880333
25.250501002004007 4.579125983237038 -4.302702829962239 -0.8276320519244074 -2.795555863428376 -7.825892878487508 -6.40821691364037 8.119032559801525 14.777976657696446 28.666571961725612 10.743559189770995 13.256575696250646 2.5386426761078225 6.915095242835335 -5.85621613638419 -2.8861833696591903 13.746975478444686 1.5836203409390872 5.391666084551492 -4.221446877849253 -0.5991433924279654 15.279082187871271 -6.981644525662372 1.151444517818252 -3.3009680067915426 -12.774880256402986 -10.625390960913313 -14.135168936876175 -5.081449907189732
25.31062124248497 4.581160022812778 -4.300668790386499 -0.8255980123486495 -2.793521823852636 -7.82385883891175 -6.40618287406463 8.121066599377265 14.780010697272186 28.668606001301352 10.745593229346735 13.258609735826386 2.5406767156835803 6.917129282411075 -5.85418209680845 -2.88414933008345 13.749009518020443 1.5856543805148273 5.393700124127232 -4.219412838273513 -0.5971093528522253 15.281116227447011 -6.9796104860866315 1.153478557393992 -3.2989339672158025 -12.772846216827245 -10.623356921337555 -14.133134897300435 -5.0794158676139745
25.37074148296593 4.583180657711701 -4.298648155487577 -0.8235773774497446 -2.7915011889537134 -7.821838204012845 -6.404162239165707 8.123087234276188 14.782031332171108 28.670626636200268 10.747613864245658 13.260630370725309 2.5426973505824852 6.919149917309998 -5.852161461909527 -2.8821286951845275 13.751030152919348 1.5876750154137322 5.395720759026155 -4.21739220337459 -0.5950887179533026 15.283136862345934 -6.977589851187709 1.1554991922929148 -3.2969133323168798 -12.77082558192834 -10.62133628643865 -14.131114262401512 -5.0773952327150695
25.430861723446892 4.58518798804981 -4.296640825149467 -0.821570047111635 -2.7894938586156037 -7.819830873674736 -6.4021549088275975 8.125094564614297 14.784038662509218 28.67263396653839 10.749621194583767 13.262637701063419 2.544704680920595 6.921157247648107 -5.850154131571418 -2.880121364846418 13.753037483257458 1.5896823457518596 5.397728089364264 -4.215384873036481 -0.593081387615193 15.285144192684044 -6.975582520849599 1.1575065226310244 -3.29490600197877 -12.76881825159023 -10.61932895610054 -14.129106932063403 -5.07538790237696
25.490981963927855 4.587182103908329 -4.294646709290948 -0.8195759312531159 -2.7874997427571024 -7.817836757816217 -6.4001607929690785 8.127088680472816 14.78603277836772 28.674628082396897 10.751615310442286 13.264631816921938 2.546698796779114 6.923151363506626 -5.848160015712899 -2.8781272489879166 13.755031599115977 1.591676461610361 5.399722205222766 -4.213390757177962 -0.591087271756674 15.287138308542545 -6.97358840499108 1.1595006384895257 -3.292911886120251 -12.766824135731712 -10.617334840242021 -14.127112816204884 -5.073393786518441
25.551102204408817 4.589163140766601 -4.292665672432676 -0.8175948943948441 -2.7855187058988307 -7.815855720957945 -6.398179756110807 8.129069717331088 14.788013815225991 28.67660911925517 10.753596347300558 13.26661285378021 2.5486798336373857 6.925132400364898 -5.846178978854627 -2.876146212129645 13.757012635974249 1.5936574984686327 5.401703242081037 -4.21140972031969 -0.5891062348984022 15.289119345400817 -6.971607368132808 1.1614816753477974 -3.2909308492619793 -12.76484309887344 -10.61535380338375 -14.125131779346612 -5.071412749660169
25.61122244488978 4.591131200362586 -4.290697612836691 -0.8156268347988593 -2.783550646302828 -7.81388766136196 -6.396211696514822 8.131037776927073 14.789981874821994 28.678577178851153 10.755564406896543 13.268580913376194 2.5506478932333705 6.927100459960883 -5.844210919258642 -2.8741781525336423 13.758980695570234 1.5956255580646175 5.403671301677022 -4.209441660723705 -0.5871381753024174 15.29108740499682 -6.969639308536824 1.1634497349438 -3.2889627896659945 -12.762875039277455 -10.613385743787765 -14.123163719750627 -5.069444690064184
25.67134268537074 4.593086397178006 -4.288742416021272 -0.8136716379834219 -2.7815954494874084 -7.811932464546523 -6.394256499699402 8.132992973742493 14.791937071637413 28.680532375666584 10.757519603711962 13.270536110191614 2.55260309004879 6.929055656776303 -5.842255722443222 -2.8722229557182226 13.760935892385671 1.597580754880055 5.40562649849246 -4.207486463908285 -0.5851829784869977 15.293042601812239 -6.967684111721404 1.1654049317592197 -3.287007592850575 -12.760919842462018 -10.611430546972327 -14.121208522935207 -5.067489493248765
25.7314629258517 4.5950288584954 -4.286799954703877 -0.811729176666045 -2.779652988170014 -7.809990003229146 -6.392314038382008 8.134935435059887 14.793879532954808 28.682474836983967 10.759462065029357 13.272478571509009 2.5545455513661848 6.930998118093697 -5.840313261125828 -2.870280494400828 13.762878353703048 1.5995232161974318 5.407568959809854 -4.205544002590891 -0.5832405171696031 15.294985063129634 -6.965741650404009 1.1673473930766143 -3.2850651315331802 -12.758977381144641 -10.60948808565495 -14.119266061617813 -5.06554703193137
25.791583166332664 4.5969586901988 -4.284870123000477 -0.8097993449626273 -2.777723156466614 -7.808060171525746 -6.390384206678608 8.136865266763287 14.795809364658208 28.684404668687375 10.761391896732757 13.274408403212409 2.5564753830695848 6.932927949797097 -5.838383429422428 -2.868350662697428 13.764808185406448 1.6014530479008495 5.409498791513254 -4.203614170887491 -0.5813106854662031 15.296914894833034 -6.963811818700609 1.1692772247800143 -3.2831352998297803 -12.757047549441223 -10.607558253951533 -14.117336229914413 -5.06361720022797
25.851703406813627 4.598875988723297 -4.282952824475981 -0.8078820464381309 -2.7758058579421174 -7.806142873001249 -6.388466908154111 8.138782565287784 14.797726663182704 28.68632196721187 10.763309195257253 13.276325701736905 2.558392681594081 6.934845248321594 -5.836466130897931 -2.8664333641729316 13.766725483930962 1.603370346425346 5.411416090037751 -4.201696872362994 -0.5793933869417067 15.29883219335753 -6.961894520176113 1.1711945233045107 -3.281218001305284 -12.755130250916727 -10.605640955427036 -14.115418931389916 -5.061699901703474
25.91182364729459 4.600780847594699 -4.281047965604579 -0.8059771875667465 -2.7739009990707153 -7.804238014129847 -6.386562049282709 8.140687424159186 14.799631522054106 28.688226826083277 10.765214054128656 13.278230560608307 2.5602975404654833 6.936750107192996 -5.834561272026529 -2.8645285053015295 13.768630342802346 1.605275205296748 5.413320948909153 -4.199792013491592 -0.5774885280703046 15.300737052228932 -6.959989661304711 1.1730993821759128 -3.2793131424338817 -12.753225392045342 -10.603736096555652 -14.113514072518514 -5.0597950428320715
