web/models/kne/14/mosfit_kn_0.004263_0.2963_3.6500.dat
# %ECSV 1.0
# ---
# datatype:
# - {name: time, datatype: float64}
# - {name: PS1_g, datatype: float64}
# - {name: PS1_i, datatype: float64}
# - {name: PS1_r, datatype: float64}
# - {name: PS1_w, datatype: float64}
# - {name: PS1_y, datatype: float64}
# - {name: PS1_z, datatype: float64}
# - {name: swift_uvot_B, datatype: float64}
# - {name: swift_uvot_U, datatype: float64}
# - {name: swift_uvot_uvm2, datatype: float64}
# - {name: swift_uvot_uvw1, datatype: float64}
# - {name: swift_uvot_uvw2, datatype: float64}
# - {name: swift_uvot_V, datatype: float64}
# - {name: johnson_B, datatype: float64}
# - {name: johnson_I, datatype: float64}
# - {name: johnson_R, datatype: float64}
# - {name: johnson_U, datatype: float64}
# - {name: johnson_V, datatype: float64}
# - {name: sdss_g, datatype: float64}
# - {name: sdss_i, datatype: float64}
# - {name: sdss_r, datatype: float64}
# - {name: sdss_u, datatype: float64}
# - {name: sdss_z, datatype: float64}
# - {name: ATLAS_c, datatype: float64}
# - {name: ATLAS_o, datatype: float64}
# - {name: ukirt_H, datatype: float64}
# - {name: ukirt_J, datatype: float64}
# - {name: ukirt_K, datatype: float64}
# - {name: Clear, datatype: float64}
# meta: !!omap
# - comment: [kappa = 3.65, type = rprocess, mass = 0.004263435211354371, velocity = 0.29633333333333334, theta_obs = 0.0, tfloor = 1000.0]
# schema: astropy-2.0
time PS1_g PS1_i PS1_r PS1_w PS1_y PS1_z swift_uvot_B swift_uvot_U swift_uvot_uvm2 swift_uvot_uvw1 swift_uvot_uvw2 swift_uvot_V johnson_B johnson_I johnson_R johnson_U johnson_V sdss_g sdss_i sdss_r sdss_u sdss_z ATLAS_c ATLAS_o ukirt_H ukirt_J ukirt_K Clear
[from data line 264]
15.931863727454909 11.840555764722787 2.9587269515235093 6.433797729561341 4.4658739180573725 -0.5644630970017595 0.8532128678453788 15.380462341287274 22.039406439182187 35.92800174321136 18.004988971256743 20.518005477736395 9.800072457593572 14.176525024321084 1.4052136451015587 4.375246411826558 21.008405259930434 8.845050122424817 12.653095866037223 3.0399829036364956 6.662286389057783 22.540511969357013 0.2797852558233771 8.412874299303983 3.960461774694206 -5.5134504749172555 -3.363961179427564 -6.873739155390426 2.1799798742960164
15.991983967935871 11.854190659318125 2.9723618461188472 6.447432624156679 4.479508812652693 -0.5508282024064215 0.8668477624407167 15.394097235882612 22.05304133377752 35.941636637806695 18.01862386585208 20.531640372331733 9.81370735218891 14.190159918916422 1.4188485396968966 4.388881306421896 21.022040154525772 8.858685017020155 12.66673076063256 3.0536177982318335 6.675921283653121 22.554146863952347 0.29342015041871505 8.42650919389932 3.974096669289544 -5.4998155803219175 -3.350326284832226 -6.860104260795088 2.1936147688913543
16.052104208416832 11.867799156628305 2.9859703434290275 6.461041121466877 4.493117309962891 -0.5372197050962235 0.8804562597508969 15.407705733192792 22.066649831087712 35.95524513511688 18.03223236316226 20.545248869641913 9.827315849499108 14.203768416226602 1.4324570370070768 4.4024898037320765 21.035648651835963 8.872293514330353 12.680339257942759 3.0672262955420138 6.689529780963301 22.567755361262538 0.30702864772889527 8.440117691209519 3.9877051665997243 -5.4862070830117196 -3.336717787522028 -6.846495763484908 2.2072232662015345
16.112224448897795 11.881381304353535 2.9995524911542404 6.47462326919209 4.506699457688104 -0.5236375573710106 0.8940384074761099 15.421287880918005 22.080231978812925 35.968827282842106 18.045814510887492 20.558831017367137 9.840897997224321 14.217350563951815 1.4460391847322898 4.4160719514572895 21.049230799561183 8.885875662055566 12.693921405667972 3.0808084432672445 6.703111928688532 22.58133750898775 0.32061079545412596 8.453699838934732 4.001287314324955 -5.472624935286507 -3.3231356397968153 -6.8329136157596775 2.2208054139267652
16.172344689378757 11.894937137786545 3.013108324587268 6.488179102625118 4.520255291121131 -0.5100817239379829 0.9075942409091375 15.434843714351032 22.093787812245953 35.98238311627512 18.059370344320502 20.572386850800154 9.854453830657349 14.230906397384842 1.4595950181653174 4.429627784890317 21.062786632994204 8.899431495488594 12.707477239101 3.0943642767002544 6.716667762121542 22.59489334242078 0.3341666288871359 8.46725567236776 4.014843147757965 -5.459069101853479 -3.3095798063637876 -6.819357782326668 2.234361247359775
16.23246492985972 11.908466699770699 3.0266378865714216 6.501708664609271 4.533784853105285 -0.49655216195382934 0.9211238028932911 15.448373276335186 22.107317374230107 35.99591267825928 18.072899906304656 20.585916412784307 9.867983392641502 14.244435959368996 1.473124580149471 4.443157346874471 21.076316194978354 8.912961057472748 12.721006801085153 3.107893838684408 6.730197324105696 22.608422904404932 0.34769619087128945 8.480785234351913 4.0283727097421185 -5.445539539869325 -3.296050244379634 -6.805828220342514 2.2478908093439465
16.29258517034068 11.921970039996701 3.0401412267974237 6.5152120048352735 4.547288193331287 -0.48304882172782726 0.9346271431192932 15.461876616561188 22.12082071445611 36.00941601848528 18.086403246530658 20.59941975301031 9.881486732867486 14.257939299594998 1.486627920375473 4.456660687100473 21.089819535204356 8.92646439769875 12.734510141311155 3.12139717891041 6.743700664331698 22.621926244630934 0.3611995310972915 8.494288574577915 4.0418760499681206 -5.432036199643323 -3.282546904153632 -6.792324880116512 2.261394149569931
16.352705410821642 11.935447201674396 3.053618388475101 6.528689166512951 4.560765355008964 -0.46957166005014983 0.9481043047969706 15.475353778238865 22.134297876133786 36.02289318016296 18.099880408208335 20.612896914687997 9.894963894545182 14.271416461272675 1.5001050820531505 4.47013784877815 21.103296696882044 8.939941559376427 12.747987302988832 3.134874340588105 6.757177826009375 22.635403406308612 0.3746766927749867 8.507765736255593 4.055353211645816 -5.418559037965646 -3.2690697424759545 -6.778847718438817 2.274871311247626
16.412825651302605 11.948898231662035 3.067069418462758 6.54214019650059 4.574216384996621 -0.4561206300625109 0.9615553347846273 15.488804808226522 22.147748906121436 36.03634421015061 18.113331438195992 20.626347944675643 9.90841492453282 14.284867491260332 1.5135561120408072 4.483588878765807 21.11674772686969 8.953392589364066 12.761438332976489 3.148325370575744 6.770628855997032 22.64885443629626 0.38812772276262564 8.52121676624325 4.068804241633455 -5.405108007978007 -3.2556187124883156 -6.765396688451178 2.288322341235265
16.472945891783567 11.962323168422149 3.0804943552228714 6.5555651332607034 4.587641321756717 -0.44269569330239733 0.9749802715447409 15.502229744986636 22.161173842881546 36.04976914691072 18.126756374956106 20.63977288143575 9.921839861292934 14.298292428020446 1.5269810488009208 4.497013815525903 21.130172663629796 8.96681752612418 12.774863269736585 3.1617503073358577 6.784053792757145 22.66227937305637 0.4015526595227392 8.534641703003345 4.082229178393568 -5.391683071217893 -3.242193775728202 -6.751971751691064 2.3017472779953785
16.53306613226453 11.975722051335609 3.0938932381363315 6.568964016174181 4.601040204670195 -0.4292968103889372 0.988379154458201 15.515628627900096 22.17457272579501 36.06316802982419 18.140155257869566 20.653171764349217 9.935238744206394 14.311691310933906 1.540379931714381 4.510412698439381 21.143571546543264 8.980216409037657 12.788262152650063 3.175149190249318 6.7974526756706055 22.675678255969835 0.41495154243619936 8.548040585916823 4.095628061307028 -5.3782841883044155 -3.228794892814742 -6.738572868777604 2.3151461609088386
16.59318637274549 11.9890949314936 3.107266118294323 6.582336896332173 4.614413084828186 -0.41592393023094587 1.0017520346161923 15.529001508058087 22.187945605953008 36.07654090998218 18.153528138027557 20.66654464450721 9.948611624364386 14.325064191091897 1.5537528118723722 4.523785578597372 21.15694442670126 8.993589289195649 12.801635032808054 3.188522070407309 6.810825555828597 22.689051136127834 0.4283244225941907 8.561413466074814 4.10900094146502 -5.364911308146424 -3.2154220126567328 -6.725199988619613 2.32851904106683
16.65330661322645 12.002441852647543 3.1206130394482656 6.595683817486098 4.627760005982129 -0.4025770090770031 1.015098955770135 15.54234842921203 22.201292527106943 36.08988783113612 18.1668750591815 20.67989156566115 9.961958545518328 14.33841111224584 1.567099733026315 4.537132499751315 21.170291347855198 9.006936210349574 12.81498195396198 3.201868991561252 6.82417247698254 22.70239805728177 0.44167134374813344 8.574760387228757 4.1223478626189625 -5.351564386992499 -3.202075091502808 -6.71185306746567 2.3418659622207727
16.713426853707414 12.01576286008466 3.1339340468853827 6.6090048249232325 4.641081013419246 -0.38925600163988605 1.0284199632072522 15.555669436649147 22.214613534544068 36.10320883857324 18.180196066618617 20.69321257309827 9.975279552955445 14.351732119682957 1.580420740463432 4.550453507188432 21.18361235529232 9.020257217786709 12.828302961399114 3.215189998998369 6.837493484419657 22.715719064718883 0.4549923511852505 8.588081394665874 4.1356688700560795 -5.338243379555364 -3.188754084065673 -6.698532060028553 2.3551869696578898
16.773547094188377 12.029057998322834 3.1472291851235568 6.622299963161389 4.654376151657402 -0.375960863401712 1.0417151014454262 15.568964574887321 22.227908672782235 36.11650397681141 18.19349120485679 20.706507711336442 9.98857469119362 14.365027257921131 1.5937158787016061 4.563748645426606 21.19690749353048 9.033552356024865 12.84159809963727 3.228485137236543 6.850788622657831 22.72901420295706 0.4682874894234246 8.60137653290403 4.148964008294254 -5.324948241317208 -3.1754589458275166 -6.685236921790379 2.368482107896064
16.83366733466934 12.042327304312508 3.1604984911132306 6.63556926915108 4.667645457647094 -0.3626915574120382 1.0549844074351 15.582233880876995 22.24117797877191 36.12977328280109 18.206760510846465 20.719777017326116 10.001843997183293 14.378296563910805 1.60698518469128 4.57701795141628 21.210176799520163 9.046821662014557 12.854867405626962 3.241754443226217 6.8640579286475045 22.742283508946734 0.48155679541309837 8.614645838893722 4.162233314283927 -5.3116789353275164 -3.162189639837843 -6.671967615800705 2.3817514138857376
16.8937875751503 12.055570825420023 3.173742012220746 6.648812790258578 4.6808889787545915 -0.3494480363045227 1.0682279285426155 15.59547740198451 22.25442149987942 36.143016803908594 18.22000403195398 20.73302053843363 10.015087518290809 14.39154008501832 1.6202287057987954 4.590261472523795 21.22342032062767 9.060065183122054 12.86811092673446 3.2549979643337323 6.87730144975502 22.755527030054246 0.49480031652061385 8.62788936000122 4.175476835391443 -5.298435414220019 -3.1489461187303274 -6.65872409469319 2.394994934993253
16.95390781563126 12.068788610268335 3.1869597970690577 6.6620305751069075 4.694106763602921 -0.33623025145619323 1.0814457133909272 15.608695186832822 22.267639284727743 36.15623458875692 18.233221816802292 20.746238323281954 10.028305303139138 14.404757869866632 1.6334464906471071 4.603479257372107 21.23663810547599 9.073282967970384 12.881328711582789 3.268215749182044 6.890519234603332 22.76874481490257 0.5080181013689433 8.64110714484955 4.188694620239755 -5.285217629371689 -3.135728333881998 -6.64550630984486 2.4082127198415826
17.014028056112224 12.08198070087068 3.200151887671403 6.675222665709253 4.707298854205266 -0.3230381608538657 1.0946378039932725 15.621887277435167 22.28083137533008 36.16942667935926 18.246413907404637 20.75943041388429 10.041497393741466 14.417949960468977 1.6466385812494524 4.616671347974452 21.249830196078335 9.086475058572729 12.894520802185134 3.2814078397843893 6.903711325205677 22.781936905504907 0.5212101919712708 8.654299235451894 4.2018867108421 -5.272025538769344 -3.1225362432796526 -6.632314219242533 2.42140481044391
17.074148296593187 12.095147145264296 3.2133183320650005 6.68838911010285 4.720465298598864 -0.30987171646025047 1.10780424838687 15.635053721828765 22.293997819723685 36.182593123752866 18.259580351798252 20.772596858277897 10.054663838135081 14.431116404862575 1.6598050256430676 4.62983779236805 21.262996640471943 9.099641502966326 12.907687246578732 3.2945742841780046 6.916877769599292 22.79510334989851 0.5343766363648861 8.667465679845492 4.215053155235715 -5.2588590943757465 -3.109369798886055 -6.619147774848917 2.4345712548375253
17.13426853707415 12.108287988481052 3.226459175281775 6.701529953319625 4.733606141815638 -0.2967308732434937 1.1209450916036445 15.64819456504554 22.30713866294046 36.195733966969634 18.27272119501501 20.78573770149466 10.067804681351838 14.44425724807935 1.6729458688598244 4.642978635584824 21.276137483688707 9.112782346183101 12.920828089795506 3.3077151273947614 6.930018612816049 22.808244193115286 0.5475174795816429 8.680606523062266 4.228193998452472 -5.245718251158972 -3.0962289556692806 -6.606006931632161 2.447712098054282
17.19438877755511 12.121403269193607 3.2395744559943296 6.714645234032179 4.746721422528193 -0.28361559253093915 1.134060372316199 15.661309845758094 22.320253943653015 36.20884924768219 18.285836475727564 20.798852982207215 10.080919962064392 14.457372528791904 1.686061149572379 4.656093916297379 21.28925276440126 9.125897626895656 12.93394337050806 3.320830408107316 6.9431338935286036 22.82135947382784 0.5606327602941974 8.693721803774821 4.241309279165026 -5.232602970446417 -3.0831136749567265 -6.592891650919606 2.4608273787668367
17.25450901803607 12.13449303552851 3.2526642223292335 6.7277350003670655 4.759811188863079 -0.27052582619603527 1.147150138651103 15.674399612092998 22.333343709987908 36.22193901401708 18.298926242062468 20.81194274854212 10.094009728399296 14.470462295126808 1.6991509159072828 4.669183682632283 21.30234253073616 9.138987393230542 12.947033136842947 3.3339201744422198 6.956223659863507 22.834449240162733 0.5737225266291013 8.706811570109707 4.25439904549993 -5.219513204111531 -3.0700239086218404 -6.579801884584702 2.4739171451017405
17.314629258517034 12.147557334784906 3.2657285215856113 6.740799299623461 4.772875488119475 -0.25746152693963964 1.1602144379074808 15.687463911349376 22.346408009244296 36.23500331327347 18.311990541318846 20.825007047798504 10.107074027655692 14.483526594383186 1.7122152151636607 4.68224798188866 21.315406829992547 9.152051692486937 12.960097436099343 3.3469844736986154 6.969287959119885 22.847513539419122 0.5867868258854969 8.719875869366103 4.267463344756326 -5.206448904855136 -3.0569596093654448 -6.5667375853283065 2.486981444358136
17.374749498997996 12.160596215251651 3.278767402052374 6.753838180090206 4.785914368586219 -0.2444226464728949 1.1732533183742433 15.700502791816138 22.35944688971105 36.248042193740226 18.325029421785608 20.83804592826525 10.120112908122437 14.496565474849948 1.7252540956304232 4.695286862355405 21.3284457104593 9.165090572953682 12.973136316566087 3.36002335416536 6.982326839586648 22.860552419885877 0.5998257063522416 8.732914749832847 4.280502225223071 -5.193410024388391 -3.0439207288987 -6.553698704861562 2.500020324824881
17.43486973947896 12.173609723700167 3.29178091050089 6.76685168853874 4.798927877034753 -0.23140913802436103 1.1862668268227594 15.713516300264654 22.372460398159575 36.26105570218875 18.338042930234124 20.851059436713776 10.13312641657097 14.509578983298464 1.7382676040789393 4.708300370803939 21.341459218907822 9.178104081402216 12.986149825014621 3.3730368626138763 6.995340348035164 22.8735659283344 0.6128392148007578 8.745928258281381 4.293515733671587 -5.180396515939857 -3.030907220450166 -6.540685196413046 2.513033833273415
17.494989979959918 12.186597902548986 3.3047690893497084 6.779839867387558 4.811916055883572 -0.2184209591755426 1.1992550056715778 15.726504479113473 22.385448577008393 36.274043881037564 18.351031109082943 20.8640476155626 10.146114595419789 14.522567162147283 1.7512557829277577 4.7212885496527575 21.354447397756644 9.191092260251034 12.99913800386344 3.3860250414626947 7.008328526883982 22.88655410718322 0.6258273936495762 8.7589164371302 4.306503912520405 -5.167408337091039 -3.0179190416013477 -6.527697017564227 2.526022012122233
17.55511022044088 12.199560794763684 3.317731981564389 6.792802759602239 4.824878948098252 -0.20545806696086188 1.2122178978862586 15.739467371328153 22.398411469223074 36.28700677325225 18.36399400129764 20.877010507777282 10.15907748763447 14.535530054361963 1.7642186751424385 4.734251441867438 21.367410289971332 9.204055152465715 13.01210089607812 3.398987933677393 7.021291419098681 22.8995169993979 0.6387902858642747 8.77187932934488 4.319466804735104 -5.154445444876358 -3.004956149386667 -6.514734125349529 2.538984904336914
