web/models/kne/14/mosfit_kn_0.004263_0.0300_3.6500.dat
# %ECSV 1.0
# ---
# datatype:
# - {name: time, datatype: float64}
# - {name: PS1_g, datatype: float64}
# - {name: PS1_i, datatype: float64}
# - {name: PS1_r, datatype: float64}
# - {name: PS1_w, datatype: float64}
# - {name: PS1_y, datatype: float64}
# - {name: PS1_z, datatype: float64}
# - {name: swift_uvot_B, datatype: float64}
# - {name: swift_uvot_U, datatype: float64}
# - {name: swift_uvot_uvm2, datatype: float64}
# - {name: swift_uvot_uvw1, datatype: float64}
# - {name: swift_uvot_uvw2, datatype: float64}
# - {name: swift_uvot_V, datatype: float64}
# - {name: johnson_B, datatype: float64}
# - {name: johnson_I, datatype: float64}
# - {name: johnson_R, datatype: float64}
# - {name: johnson_U, datatype: float64}
# - {name: johnson_V, datatype: float64}
# - {name: sdss_g, datatype: float64}
# - {name: sdss_i, datatype: float64}
# - {name: sdss_r, datatype: float64}
# - {name: sdss_u, datatype: float64}
# - {name: sdss_z, datatype: float64}
# - {name: ATLAS_c, datatype: float64}
# - {name: ATLAS_o, datatype: float64}
# - {name: ukirt_H, datatype: float64}
# - {name: ukirt_J, datatype: float64}
# - {name: ukirt_K, datatype: float64}
# - {name: Clear, datatype: float64}
# meta: !!omap
# - comment: [kappa = 3.65, type = rprocess, mass = 0.004263435211354371, velocity = 0.030000000000000023, theta_obs = 0.0, tfloor = 1000.0]
# schema: astropy-2.0
time PS1_g PS1_i PS1_r PS1_w PS1_y PS1_z swift_uvot_B swift_uvot_U swift_uvot_uvm2 swift_uvot_uvw1 swift_uvot_uvw2 swift_uvot_V johnson_B johnson_I johnson_R johnson_U johnson_V sdss_g sdss_i sdss_r sdss_u sdss_z ATLAS_c ATLAS_o ukirt_H ukirt_J ukirt_K Clear
[from data line 405]
24.40881763527054 9.633695829372861 0.7518670161735841 4.226937794211416 2.2590139827074474 -2.7713230323516846 -1.3536470675045464 13.173602405937348 19.832546503832262 33.72114180786144 15.798129035906818 18.31114554238647 7.593212522243646 11.969665088971158 -0.8016462902483665 2.168386476476633 18.80154532458051 6.638190187074893 10.446235930687315 0.8331229682865704 4.455426453707858 20.333652034007088 -1.927074679526548 6.2060143639540755 1.753601839344281 -7.720310410267181 -5.570821114777489 -9.080599090740352 -0.026880061053908832
24.468937875751504 9.638968899735385 0.75714008653609 4.23221086457394 2.2642870530699533 -2.766049961989161 -1.3483739971420405 13.178875476299854 19.837819574194775 33.72641487822395 15.803402106269324 18.316418612748976 7.59848559260617 11.974938159333664 -0.7963732198858606 2.173659546839139 18.806818394943033 6.643463257437417 10.451509001049821 0.8383960386490941 4.460699524070364 20.3389251043696 -1.9218016091640244 6.211287434316581 1.7588749097067868 -7.715037339904657 -5.565548044414966 -9.075326020377828 -0.021606990691385164
24.529058116232463 9.644227563063517 0.7623987498642393 4.237469527902089 2.2695457163981025 -2.7607912986610117 -1.3431153338138913 13.184134139628004 19.843078237522924 33.7316735415521 15.808660769597473 18.321677276077125 7.603744255934319 11.980196822661814 -0.7911145565577113 2.1789182101672884 18.812077058271182 6.648721920765566 10.45676766437797 0.8436547019772256 4.465958187398513 20.34418376769775 -1.916542945835893 6.216546097644731 1.7641335730349361 -7.709778676576508 -5.560289381086816 -9.070067357049696 -0.01634832736323588
24.589178356713425 9.649471881025455 0.7676430678261603 4.24271384586401 2.2747900343600236 -2.7555469806990907 -1.3378710158519702 13.189378457589925 19.848322555484845 33.736917859514016 15.813905087559395 18.326921594039046 7.60898857389624 11.985441140623735 -0.7858702385957903 2.1841625281292094 18.817321376233103 6.653966238727487 10.462011982339892 0.8488990199391644 4.471202505360434 20.34942808565967 -1.911298627873954 6.221790415606652 1.769377890996875 -7.704534358614587 -5.555045063124895 -9.064823039087758 -0.01110400940131484
24.649298597194388 9.65470191993223 0.7728731067329342 4.247943884770784 2.2800200732667975 -2.750316941792317 -1.3326409769451963 13.194608496496699 19.85355259439162 33.742147898420804 15.819135126466186 18.332151632945838 7.614218612803014 11.990671179530509 -0.7806401996889987 2.1893925670359833 18.822551415139877 6.659196277634261 10.467242021246665 0.8541290588459383 4.476432544267226 20.354658124566445 -1.9060685889671802 6.227020454513426 1.7746079299036488 -7.699304319707813 -5.5498150242181215 -9.059593000180984 -0.00587397049454097
24.70941883767535 9.659917755341105 0.778088942141828 4.25315972017966 2.2852359086756913 -2.7451011063834407 -1.3274251415363025 13.199824331905592 19.858768429800506 33.74736373382968 15.824350961875062 18.337367468354714 7.61943444821189 11.995887014939402 -0.7754243642801226 2.194608402444877 18.827767250548753 6.664412113043137 10.472457856655542 0.8593448942548143 4.481648379676102 20.35987395997533 -1.9008527535583042 6.232236289922302 1.7798237653125248 -7.694088484298937 -5.544599188809245 -9.054377164772108 -0.0006581350856649237
24.769539078156313 9.665119465156433 0.7832906519571559 4.258361429994988 2.2904376184910014 -2.739899396568113 -1.3222234317209747 13.20502604172092 19.86397013961583 33.752565443645004 15.82955267169039 18.34256917817004 7.624636158027218 12.001088724754712 -0.7702226544647948 2.199810112260187 18.83296896036408 6.669613822858465 10.47765956647087 0.8645466040701422 4.48685008949143 20.365075669790656 -1.8956510437429763 6.2374379997376295 1.7850254751278527 -7.688886774483609 -5.5393974789939175 -9.04917545495678 0.004543574729662936
24.829659318637272 9.670307103163935 0.7884782899646581 4.26354906800249 2.2956252564985213 -2.7347117585606107 -1.3170357937134725 13.210213679728422 19.869157777623336 33.75775308165252 15.834740309697892 18.347756816177544 7.62982379603472 12.006276362762232 -0.7650350164572925 2.204997750267707 18.838156598371583 6.674801460865985 10.48284720447839 0.8697342420776444 4.492037727498932 20.37026330779816 -1.8904634057354741 6.2426256377451494 1.790213113135355 -7.683699136476107 -5.534209840986415 -9.043987816949278 0.009731212737165151
24.889779559118235 9.675480741737381 0.7936519285381038 4.268722706575954 2.300798895071967 -2.729538119987147 -1.3118621551400267 13.215387318301868 19.87433141619679 33.76292672022596 15.839913948271338 18.35293045475099 7.6349974346081835 12.011450001335678 -0.7598613778838468 2.210171388841153 18.843330236945047 6.679975099439431 10.488020843051835 0.8749078806510902 4.497211366072378 20.375436946371615 -1.8852897671620283 6.247799276318595 1.7953867517088007 -7.678525497902643 -5.529036202412952 -9.038814178375832 0.014904851310610923
24.949899799599198 9.680640444742199 0.7988116315429217 4.2738824095807715 2.305958598076785 -2.724378416982347 -1.3067024521352089 13.220547021306686 19.879491119201607 33.76808642323078 15.845073651276156 18.358090157755807 7.6401571376129835 12.016609704340496 -0.754701674879029 2.2153310918459708 18.848489939949847 6.6851348024442485 10.493180546056653 0.880067583655908 4.502371069077196 20.380596649376432 -1.8801300641572105 6.252958979323413 1.8005464547136185 -7.673365794897825 -5.523876499408134 -9.033654475371014 0.02006455431542875
25.01002004008016 9.685786280083981 0.8039574668846861 4.279028244922536 2.3111044334185493 -2.719232581640565 -1.3015566167934445 13.22569285664845 19.88463695454337 33.773232258572556 15.850219486617938 18.36323599309759 7.645302972954766 12.02175553968226 -0.7495558395372468 2.220476927187735 18.85363577529163 6.690280637786013 10.498326381398417 0.8852134189976901 4.507516904418978 20.385742484718197 -1.8749842288154284 6.258104814665177 1.8056922900554007 -7.668219959556061 -5.51873066406637 -9.028508640029232 0.025210389657210897
25.07014028056112 9.690918300030233 0.8090894868309562 4.284160264868806 2.3162364533648194 -2.714100561694295 -1.2964245968471744 13.23082487659472 19.88976897448964 33.778364278518815 15.85535150656419 18.368368013043842 7.650434992901036 12.02688755962853 -0.7444238195909945 2.2256089471340053 18.8587677952379 6.695412657732283 10.503458401344687 0.8903454389439425 4.51264892436523 20.390874504664467 -1.8698522088691583 6.2632368346114475 1.810824310001653 -7.663087939609791 -5.5135986441200995 -9.02337662008298 0.030342409603481002
25.130260521042082 9.696036581940355 0.8142077687410598 4.28927854677891 2.321354735274923 -2.708982279784191 -1.2913063149370707 13.235943158504824 19.894887256399745 33.78348256042893 15.860469788474312 18.373486294953945 7.6555532748111395 12.032005841538634 -0.7393055376808908 2.230727229044109 18.863886077148003 6.700530939642387 10.508576683254791 0.8954637208540639 4.5177672062753516 20.39599278657457 -1.8647339269590546 6.268355116521551 1.8159425919117744 -7.657969657699687 -5.508480362209996 -9.018258338172858 0.03546069151358466
25.190380761523045 9.701141197488514 0.8193123842892369 4.294383162327069 2.3264593508231 -2.703877664236032 -1.2862016993888936 13.241047774053001 19.89999187194791 33.788587175977085 15.865574404022471 18.378590910502123 7.660657890359299 12.037110457086811 -0.7342009221327137 2.235831844592286 18.868990692696162 6.705635555190546 10.513681298802968 0.9005683364022232 4.522871821823511 20.401097402122737 -1.8596293114108953 6.273459732069728 1.8210472074599338 -7.652865042151528 -5.5033757466618365 -9.013153722624699 0.040565307061743994
25.250501002004007 9.706232437454236 0.824403624254959 4.299474402292809 2.3315505907888223 -2.6987864242703097 -1.2811104594231715 13.246139014018723 19.905083111913633 33.793678415942814 15.870665643988193 18.383682150467845 7.665749130325021 12.042201697052533 -0.7291096821669916 2.240923084558008 18.874081932661884 6.710726795156286 10.51877253876869 0.9056595763679454 4.527963061789233 20.40618864208846 -1.8545380714451731 6.27855097203545 1.826138447425656 -7.647773802185806 -5.498284506696114 -9.008062482658977 0.04565654702746613
25.31062124248497 9.71130986656311 0.8294810533638319 4.304551831401664 2.3366280198976774 -2.693708995161437 -1.2760330303142986 13.251216443127596 19.910160541022506 33.79875584505168 15.875743073097066 18.388759579576718 7.670826559433894 12.047279126161389 -0.7240322530581187 2.2460005136668633 18.879159361770757 6.715804224265141 10.523849967877545 0.9107370054768182 4.533040490898106 20.411266071197332 -1.8494606423363003 6.2836284011443055 1.8312158765345288 -7.642696373076933 -5.4932070775872415 -9.002985053550104 0.05073397613633901
25.37074148296593 9.71637381367735 0.8345450004780552 4.309615778515905 2.3416919670119185 -2.6886450480471957 -1.2709690832000753 13.25628039024182 19.91522448813674 33.80381979216591 15.88080702021129 18.39382352669094 7.675890506548135 12.05234307327563 -0.7189683059438954 2.2510644607811043 18.884223308884998 6.720868171379382 10.528913914991787 0.9158009525910593 4.538104438012329 20.416330018311566 -1.8443966952220592 6.288692348258547 1.8362798236487698 -7.637632425962692 -5.488143130473 -8.997921106435863 0.055797923250580084
25.430861723446892 9.721424345504612 0.839595532305335 4.314666310343185 2.3467424988391983 -2.683594516219916 -1.2659185513727955 13.2613309220691 19.92027501996402 33.80887032399319 15.88585755203857 18.39887405851822 7.680941038375415 12.05739360510291 -0.7139177741166156 2.256114992608384 18.889273840712278 6.725918703206662 10.533964446819066 0.9208514844183213 4.543154969839609 20.421380550138846 -1.8393461633947972 6.293742880085826 1.8413303554760319 -7.632581894135412 -5.483092598645721 -8.9928705746086 0.06084845507785985
25.490981963927855 9.726461506880533 0.8446326936812376 4.319703471719087 2.351779660215101 -2.6785573548440134 -1.260881389996893 13.266368083445002 19.925312181339923 33.81390748536909 15.890894713414472 18.403911219894123 7.685978199751317 12.062430766478812 -0.708880612740713 2.2611521539842867 18.89431100208818 6.7309558645825645 10.539001608194969 0.9258886457942417 4.548192131215512 20.42641771151475 -1.8343090020188768 6.298780041461729 1.8463675168519522 -7.627544732759509 -5.478055437269818 -8.98783341323268 0.06588561645376245
25.551102204408817 9.731485370405846 0.8496565572065684 4.3247273352444005 2.356803523740414 -2.6735334913187003 -1.2558575264715621 13.271391946970333 19.930336044865243 33.81893134889442 15.895918576939803 18.408935083419454 7.69100206327663 12.067454630004143 -0.7038567492153822 2.2661760175096175 18.899334865613493 6.7359797281078775 10.544025471720282 0.9309125093195547 4.553215994740842 20.43144157504007 -1.8292851384935638 6.303803904987042 1.8513913803772652 -7.622520869234196 -5.473031573744505 -8.982809549707367 0.07090947997907548
25.61122244488978 9.736496004627924 0.8546671914286463 4.329737969466478 2.3618141579625096 -2.6685228570966224 -1.2508468922494842 13.27640258119241 19.935346679087324 33.82394198311649 15.90092921116188 18.413945717641532 7.696012697498708 12.07246526422622 -0.6988461149933043 2.2711866517316954 18.90434549983557 6.740990362329955 10.54903610594236 0.9359231435416326 4.55822662896292 20.43645220926215 -1.8242745042714859 6.30881453920912 1.8564020145993432 -7.617510235012118 -5.468020939522427 -8.97779891548529 0.07592011420115341
25.67134268537074 9.741493470227987 0.8596646570287092 4.334735435066559 2.3668116235625725 -2.6635253914965418 -1.2458494266494213 13.281400046792474 19.940344144687394 33.82893944871657 15.905926676761943 18.418943183241595 7.701010163098771 12.077462729826284 -0.6938486493932414 2.2761841173317583 18.909342965435652 6.745987827930036 10.55403357154244 0.9409206091416955 4.563224094562983 20.44144967486222 -1.819277038671423 6.313812004809201 1.861399480199406 -7.612512769412038 -5.463023473922346 -8.972801449885226 0.08091757980121628
25.7314629258517 9.746477818272599 0.8646490050733213 4.339719783111153 2.371795971607167 -2.6585410434519474 -1.2408650786048092 13.286384394837086 19.945328492731996 33.83392379676117 15.910911024806556 18.423927531286207 7.705994511143383 12.082447077870896 -0.6888643013486293 2.2811684653763704 18.914327313480246 6.75097217597463 10.559017919587035 0.9459049571863076 4.568208442607595 20.44643402290682 -1.8142926906268109 6.318796352853795 1.8663838282440182 -7.6075284213674434 -5.458039125877752 -8.967817101840614 0.0859019278458284
25.791583166332664 9.751449114310162 0.869620301110885 4.344691079148717 2.3767672676447305 -2.653569747414384 -1.2358937825672456 13.29135569087465 19.950299788769563 33.83889509279873 15.91588232084412 18.42889882732377 7.710965807180947 12.087418373908442 -0.6838930053110657 2.2861397614139163 18.91929860951781 6.755943472012194 10.563989215624598 0.9508762532238713 4.573179738645159 20.45140531894439 -1.8093213945892472 6.323767648891359 1.8713551242815818 -7.60255712532988 -5.4530678298401885 -8.96284580580305 0.09087322388339203
25.851703406813627 9.756407408295882 0.8745785950965868 4.349649373134437 2.38172556163045 -2.648611453428664 -1.2309354885815438 13.296313984860351 19.95525808275527 33.84385338678445 15.920840614829839 18.433857121309472 7.715924101166666 12.092376667894161 -0.6789347113253639 2.291098055399636 18.92425690350353 6.760901765997914 10.568947509610318 0.9558345472095908 4.578138032630861 20.456363612930097 -1.8043631006035277 6.328725942877078 1.8763134182673014 -7.59759883134416 -5.448109535854469 -8.957887511817331 0.0958315178691116
25.91182364729459 9.761352760334638 0.8795239471353611 4.354594725173193 2.3866709136692243 -2.6436661013899077 -1.2259901365427694 13.301259336899125 19.96020343479404 33.84879873882322 15.925785966868595 18.438802473348247 7.720869453205423 12.097322019932935 -0.6739893592865895 2.29604340743841 18.929202255542286 6.765847118036688 10.573892861649092 0.9607798992483474 4.583083384669635 20.461308964968865 -1.799417748564771 6.3336712949158525 1.881258770306058 -7.592653479305404 -5.443164183815712 -8.952942159778575 0.10077686990786816
25.97194388777555 9.766285226431854 0.8844564132325772 4.359527191270409 2.3916033797664227 -2.6387336352926916 -1.2210576704455534 13.306191802996342 19.965135900891255 33.85373120492043 15.930718432965811 18.443734939445463 7.725801919302639 12.102254486030152 -0.6690568931893734 2.3009758735356085 18.934134721639502 6.770779584133886 10.57882532774629 0.9657123653455635 4.588015850766851 20.46624143106608 -1.794485282467555 6.338603761013051 1.886191236403274 -7.587721013208188 -5.438231717718496 -8.948009693681358 0.10570933600508425
26.03206412825651 9.771204874019368 0.8893760608200907 4.3644468388579405 2.396523027353954 -2.6338139877051603 -1.2161380228580398 13.311111450583855 19.970055548478776 33.85865085250795 15.935638080553325 18.448654587032976 7.73072156689017 12.107174133617665 -0.6641372456018599 2.30589552112314 18.939054369227033 6.7756992317214175 10.583744975333822 0.970632012933077 4.592935498354365 20.4711610786536 -1.7895656348800415 6.343523408600582 1.8911108839907875 -7.582801365620656 -5.433312070130965 -8.943090046093845 0.11062898359261553
