web/models/kne/14/mosfit_kn_0.002290_0.1867_10.0000.dat
# %ECSV 1.0
# ---
# datatype:
# - {name: time, datatype: float64}
# - {name: PS1_g, datatype: float64}
# - {name: PS1_i, datatype: float64}
# - {name: PS1_r, datatype: float64}
# - {name: PS1_w, datatype: float64}
# - {name: PS1_y, datatype: float64}
# - {name: PS1_z, datatype: float64}
# - {name: swift_uvot_B, datatype: float64}
# - {name: swift_uvot_U, datatype: float64}
# - {name: swift_uvot_uvm2, datatype: float64}
# - {name: swift_uvot_uvw1, datatype: float64}
# - {name: swift_uvot_uvw2, datatype: float64}
# - {name: swift_uvot_V, datatype: float64}
# - {name: johnson_B, datatype: float64}
# - {name: johnson_I, datatype: float64}
# - {name: johnson_R, datatype: float64}
# - {name: johnson_U, datatype: float64}
# - {name: johnson_V, datatype: float64}
# - {name: sdss_g, datatype: float64}
# - {name: sdss_i, datatype: float64}
# - {name: sdss_r, datatype: float64}
# - {name: sdss_u, datatype: float64}
# - {name: sdss_z, datatype: float64}
# - {name: ATLAS_c, datatype: float64}
# - {name: ATLAS_o, datatype: float64}
# - {name: ukirt_H, datatype: float64}
# - {name: ukirt_J, datatype: float64}
# - {name: ukirt_K, datatype: float64}
# - {name: Clear, datatype: float64}
# meta: !!omap
# - comment: [kappa = 10.0, type = rprocess, mass = 0.0022901433483143324, velocity = 0.1866666666666667, theta_obs = 0.0, tfloor = 1000.0]
# schema: astropy-2.0
time PS1_g PS1_i PS1_r PS1_w PS1_y PS1_z swift_uvot_B swift_uvot_U swift_uvot_uvm2 swift_uvot_uvw1 swift_uvot_uvw2 swift_uvot_V johnson_B johnson_I johnson_R johnson_U johnson_V sdss_g sdss_i sdss_r sdss_u sdss_z ATLAS_c ATLAS_o ukirt_H ukirt_J ukirt_K Clear
[from data line 87]
5.290581162324649 8.777494481902952 -0.10433433129632519 3.3707364467415246 1.402812635237538 -3.627524379821576 -2.2098484149744557 12.31740105846744 18.97634515636236 32.86494046039153 14.941927688436909 17.45494419491656 6.737011174773754 11.11346374150125 -1.6578476377182758 1.3121851290067241 17.945343977110618 5.781988839605002 9.590034583217406 -0.023078379183338882 3.599225106237949 19.477450686537185 -2.7832760269964574 5.349813016484166 0.8974004918743717 -8.576511757737071 -6.427022462247381 -9.93680043821026 -0.8830814085238003
5.350701402805611 8.818909946509645 -0.06291886668963187 3.412151911348218 1.4442280998442314 -3.586108915214883 -2.1684329503677624 12.358816523074132 19.017760620969053 32.90635592499822 14.983343153043602 17.496359659523254 6.778426639380448 11.154879206107942 -1.6164321731115825 1.3536005936134174 17.98675944171731 5.823404304211695 9.6314500478241 0.018337085423354438 3.640640570844642 19.51886615114388 -2.741860562389764 5.3912284810908595 0.938815956481065 -8.535096293130378 -6.3856069976406875 -9.895384973603568 -0.8416659439171248
5.410821643286573 8.859484515426868 -0.02234429777240976 3.4527264802654223 1.4848026687614357 -3.5455343462976785 -2.1278583814505403 12.399391091991355 19.058335189886257 32.94693049391544 15.023917721960824 17.536934228440476 6.819001208297652 11.195453775025165 -1.5758576041943604 1.3941751625306218 18.027334010634515 5.863978873128899 9.672024616741304 0.05891165434057655 3.681215139761864 19.559440720061083 -2.701285993472542 5.431803050008064 0.9793905253982871 -8.494521724213174 -6.345032428723483 -9.854810404686345 -0.8010913749999027
5.4709418837675345 8.899207166534406 0.017378353335111285 3.492449131372961 1.5245253198689745 -3.5058116951901397 -2.0881357303430192 12.439113743098876 19.098057840993796 32.98665314502298 15.063640373068363 17.576656879548015 6.858723859405191 11.235176426132686 -1.5361349530868393 1.4338978136381606 18.067056661742054 5.903701524236438 9.711747267848843 0.09863430544811536 3.720937790869403 19.599163371168622 -2.661563342365003 5.471525701115603 1.019113176505826 -8.454799073105635 -6.305309777615944 -9.815087753578807 -0.7613687238923639
5.531062124248497 8.938096267677302 0.05626745447802506 3.531338232515875 1.5634144210118883 -3.466922594047226 -2.0492466292001055 12.47800284424179 19.13694694213671 33.025542246165884 15.10252947421126 17.61554598069091 6.897612960548105 11.2740655272756 -1.4972458519439256 1.4727869147810744 18.105945762884968 5.942590625379352 9.750636368991756 0.13752340659101137 3.759826892012299 19.638052472311536 -2.622674241222107 5.510414802258516 1.058002277648722 -8.415909971962721 -6.266420676473031 -9.77619865243591 -0.7224796227494679
5.591182364729459 8.976151497111928 0.09432268391265097 3.569393461950483 1.6014696504464965 -3.4288673646126178 -2.0111913997654796 12.516058073676415 19.175002171571318 33.063597475600496 15.140584703645885 17.653601210125537 6.935668189982713 11.312120756710208 -1.4591906225092997 1.5108421442156825 18.144000992319576 5.98064585481396 9.788691598426364 0.17557863602563728 3.797882121446925 19.676107701746144 -2.584619011787481 5.548470031693125 1.0960575070833478 -8.377854742528113 -6.228365447038422 -9.738143423001285 -0.684424393314842
5.651302605210421 9.01338784845148 0.1315590352521845 3.6066298132900343 1.6387060017860478 -3.3916310132730665 -1.973955048425946 12.553294425015967 19.21223852291087 33.100833826940054 15.177821054985436 17.690837561465088 6.972904541322264 11.349357108049759 -1.4219542711697484 1.5480784955552338 18.181237343659127 6.017882206153511 9.825927949765916 0.21281498736518856 3.835118472786476 19.713344053085695 -2.54738266044793 5.585706383032676 1.133293858422899 -8.340618391188562 -6.191129095698871 -9.700907071661733 -0.6471880419752907
5.7114228456913825 9.049817655649424 0.16798884245014634 3.6430596204879784 1.6751358089840096 -3.3552012060751224 -1.9375252412279842 12.58972423221391 19.24866833010882 33.137263634137994 15.21425086218338 17.727267368663032 7.009334348520208 11.38578691524772 -1.3855244639718043 1.5845083027531957 18.21766715085707 6.054312013351455 9.86235775696386 0.24924479456313264 3.8715482799844203 19.749773860283657 -2.510952853249986 5.622136190230638 1.1697236656208432 -8.304188583990618 -6.154699288500927 -9.66447726446379 -0.6107582347773466
5.771543086172344 9.08545495778803 0.20362614458875328 3.678696922626603 1.7107731111226165 -3.3195639039365155 -1.9018879390893773 12.625361534352518 19.284305632247438 33.17290093627661 15.249888164321987 17.76290467080164 7.044971650658815 11.421424217386328 -1.3498871618331973 1.6201456048918026 18.25330445299568 6.08994931549008 9.897995059102485 0.2848820967017396 3.9071855821230272 19.785411162422264 -2.475315551111379 5.657773492369245 1.2053609677594501 -8.268551281851993 -6.119061986362302 -9.628839962325182 -0.5751209326387396
5.831663326653306 9.120321518511165 0.23849270531188793 3.71356348334972 1.7456396718457334 -3.284697343213381 -1.8670213783662426 12.660228095075652 19.319172192970562 33.207767496999736 15.284754725045122 17.797771231524774 7.07983821138195 11.456290778109462 -1.3150206011100627 1.6550121656149372 18.288171013718813 6.124815876213197 9.932861619825601 0.31974865742487424 3.942052142846162 19.82027772314538 -2.4404489903882443 5.6926400530923615 1.2402275284825848 -8.233684721128876 -6.0841954256391855 -9.593973401602048 -0.540254371915605
5.891783567134269 9.154430202757045 0.27260138955776725 3.7476721675955993 1.7797483560916305 -3.2505886589675015 -1.8329126941203633 12.694336779321532 19.35328087721644 33.24187618124562 15.318863409291001 17.831879915770653 7.113946895627829 11.490399462355342 -1.2809119168641834 1.6891208498608166 18.322279697964692 6.158924560459076 9.966970304071499 0.35385734167075356 3.976160827092041 19.854386407391278 -2.406340306142365 5.726748737338259 1.274336212728464 -8.199576036882997 -6.050086741393306 -9.559864717356168 -0.5061456876697257
5.95190380761523 9.187806411764186 0.30597759856490825 3.781048376602758 1.8131245650987715 -3.2172124499603605 -1.7995364851132223 12.727712988328673 19.386657086223586 33.27525239025277 15.352239618298142 17.865256124777794 7.14732310463497 11.523775671362483 -1.2475357078570424 1.7224970588679576 18.355655906971833 6.192300769466235 10.00034651307864 0.38723355067789456 4.009537036099182 19.88776261639842 -2.372964097135224 5.7601249463454 1.307712421735605 -8.166199827875838 -6.016710532386147 -9.526488508349027 -0.4727694786625847
6.012024048096192 9.220466283649404 0.33863747045012715 3.813708248487959 1.8457844369839904 -3.1845525780751416 -1.7668766132280034 12.760372860213891 19.4193169581088 33.307912262137975 15.384899490183361 17.897915996663013 7.179982976520189 11.556435543247702 -1.2148758359718235 1.7551569307531765 18.388315778857052 6.224960641351436 10.03300638496384 0.41989342256311346 4.042196907984401 19.92042248828362 -2.340304225250005 5.792784818230601 1.340372293620824 -8.133539955990637 -5.984050660500946 -9.493828636463808 -0.44010960677736577
6.072144288577154 9.252438043572777 0.3706092303734998 3.845680008411332 1.8777561969073453 -3.152580818151769 -1.7349048533046307 12.792344620137264 19.451288718032174 33.33988402206135 15.416871250106734 17.929887756586385 7.211954736443562 11.588407303171056 -1.1829040760484508 1.7871286906765314 18.420287538780425 6.256932401274809 10.064978144887213 0.4518651824864861 4.074168667907774 19.952394248206993 -2.3083324653266324 5.824756578153973 1.3723440535441966 -8.101568196067264 -5.952078900577574 -9.461856876540436 -0.4081378468539931
6.132264529058116 9.283737299018568 0.4019084858192734 3.876979263857123 1.9090554523531367 -3.1212815627059776 -1.7036055978588571 12.823643875583038 19.48258797347796 33.371183277507136 15.448170505552525 17.961187012032177 7.243253991889353 11.619706558616848 -1.1516048206026772 1.8184279461223227 18.451586794226216 6.2882316567206 10.096277400333005 0.4831644379322775 4.105467923353565 19.983693503652784 -2.277033209880841 5.856055833599765 1.403643308989988 -8.070268940621473 -5.920779645131782 -9.430557621094644 -0.37683859140820175
6.192384769539078 9.314393788494417 0.43256497529512217 3.907635753332972 1.9397119418289854 -3.090625073230129 -1.6729491083830084 12.854300365058887 19.513244462953807 33.40183976698299 15.478826995028374 17.991843501508008 7.273910481365202 11.650363048092697 -1.1209483311268285 1.8490844355981715 18.482243283702065 6.318888146196449 10.126933889808853 0.5138209274081262 4.136124412829414 20.014349993128633 -2.2463767204049923 5.8867123230756135 1.4342997984658368 -8.039612451145624 -5.8901231556559335 -9.399901131618796 -0.346182101932353
6.25250501002004 9.3444245789936 0.4625957657943047 3.9376665438321545 1.969742732328168 -3.0605942827309462 -1.6429183178838258 12.884331155558069 19.54327525345299 33.43187055748217 15.508857785527557 18.021874292007208 7.303941271864384 11.680393838591879 -1.090917540627646 1.879115226097354 18.512274074201247 6.348918936695632 10.156964680308036 0.5438517179073088 4.1661552033285965 20.044380783627815 -2.2163459299058097 5.916743113574796 1.4643305889650193 -8.009581660646441 -5.860092365156751 -9.369870341119613 -0.31615131143317043
6.312625250501002 9.373861559628445 0.4920327464291496 3.9671035244669994 1.999179712963013 -3.0311573020961013 -1.613481337248981 12.913768136192914 19.572712234087835 33.461307538117005 15.538294766162384 18.051311272642035 7.333378252499229 11.709830819226724 -1.061480559992801 1.908552206732199 18.541711054836092 6.3783559173304765 10.186401660942881 0.5732886985421537 4.195592183963424 20.07381776426266 -2.186908949270965 5.946180094209641 1.4937675695998642 -7.980144680011597 -5.830655384521906 -9.340433360484768 -0.28671433079832553
6.372745490981964 9.40271613473831 0.5208873215390319 3.995958099576864 2.0280342880728774 -3.002302726986237 -1.5846267621390986 12.942622711302796 19.601566809197706 33.49016211322688 15.567149341272266 18.080165847751918 7.362232827609094 11.738685394336606 -1.0326259848829187 1.9374067818420813 18.570565629945957 6.407210492440341 10.215256236052745 0.6021432736520183 4.224446759073306 20.102672339372525 -2.1580543741611002 5.9750346693195056 1.5226221447097288 -7.951290104901733 -5.8018008094120415 -9.311578785374904 -0.257859755688461
6.432865731462925 9.431019444559112 0.5491906313598349 4.024261409397667 2.0563375978936804 -2.973999417165434 -1.5563234523182956 12.9709260211236 19.629870119018513 33.51846542304768 15.595452651093069 18.10846915757272 7.390536137429897 11.766988704157392 -1.0043226750621157 1.9657100916628665 18.59886893976676 6.435513802261144 10.243559545873548 0.6304465834728212 4.252750068894109 20.130975649193328 -2.1297510643402973 6.0033379791403085 1.5509254545305318 -7.92298679508093 -5.7734974995912385 -9.2832754755541 -0.229556445867658
6.492985971943887 9.458789248139254 0.5769604349399771 4.052031212977827 2.0841074014738403 -2.946229613585274 -1.5285536487381535 12.998695824703741 19.657639922598662 33.546235226627836 15.623222454673211 18.136238961152863 7.418305941010057 11.794758507737551 -0.9765528714819736 1.9934798952430264 18.62663874334692 6.463283605841304 10.271329349453708 0.6582163870529634 4.280519872474251 20.158745452773488 -2.101981260760155 6.031107782720468 1.578695258110674 -7.89521699150077 -5.745727696011079 -9.255505671973959 -0.20178664228751586
6.55310621242485 9.486051441018724 0.6042226278194462 4.079293405857278 2.1113695943533095 -2.9189674207058225 -1.5012914558586843 13.02595801758321 19.684902115478124 33.573497419507305 15.65048464755268 18.163501154032332 7.445568133889508 11.82202070061702 -0.9492906786025044 2.0207420881224953 18.65390093622637 6.490545798720755 10.298591542333178 0.6854785799324326 4.30778206535372 20.186007645652957 -2.074719067880686 6.058369975599938 1.605957450990143 -7.8679547986213185 -5.718465503131627 -9.22824347909449 -0.17452444940804668
6.613226452905812 9.512824386171292 0.6309955729720151 4.106066351009847 2.1381425395058784 -2.8921944755532536 -1.4745185107061154 13.05273096273578 19.71167506063069 33.60027036465987 15.67725759270525 18.1902740991849 7.472341079042077 11.84879364576959 -0.9225177334499355 2.0475150332750642 18.68067388137894 6.517318743873324 10.325364487485746 0.7122515250850014 4.334555010506289 20.212780590805515 -2.047946122728117 6.0851429207525065 1.632730396142712 -7.84118185346875 -5.691692557979058 -9.20147053394192 -0.14775150425547778
6.673346693386773 9.539131592259729 0.6573027790604513 4.132373557098301 2.1644497455943146 -2.8658872694647997 -1.4482113046176792 13.079038168824216 19.737982266719136 33.62657757074831 15.703564798793685 18.216581305273337 7.498648285130531 11.875100851858026 -0.8962105273614993 2.0738222393635004 18.706981087467394 6.543625949961778 10.351671693574183 0.7385587311734554 4.360862216594725 20.239087796893962 -2.021638916639663 6.111450126840943 1.6590376022311482 -7.814874647380296 -5.665385351890604 -9.175163327853467 -0.12144429816702385
6.733466933867735 9.564989996254507 0.6831611830552298 4.158231961093062 2.190308149589093 -2.840028865470039 -1.4223529006229008 13.104896572818994 19.763840670713904 33.652435974743085 15.729423202788464 18.242439709268115 7.524506689125292 11.900959255852804 -0.8703521233667209 2.099680643358279 18.732839491462155 6.569484353956539 10.377530097568961 0.7644171351682161 4.386720620589504 20.26494620088873 -1.9957805126449024 6.137308530835721 1.6848960062259266 -7.789016243385535 -5.639526947895844 -9.149304923858706 -0.09558589417226315
6.793587174348697 9.590421695527045 0.7085928823277676 4.183663660365617 2.215739848861631 -2.8145971661974833 -1.396921201350363 13.130328272091532 19.789272369986453 33.67786767401562 15.754854902061002 18.267871408540653 7.549938388397847 11.926390955125342 -0.844920424094183 2.1251123426308167 18.75827119073471 6.5949160532290945 10.402961796841499 0.7898488344407539 4.412152319862042 20.29037790016128 -1.9703488133723646 6.162740230108259 1.7103277054984645 -7.763584544112979 -5.614095248623288 -9.123873224586168 -0.07015419489970753
6.853707414829659 9.615443575316363 0.7336147621170852 4.208685540154917 2.2407617286509485 -2.7895752864081835 -1.3718993215610453 13.15535015188085 19.814294249775763 33.702889553804944 15.77987678185032 18.29289328832997 7.574960268187147 11.95141283491466 -0.8198985443048654 2.1501342224201343 18.78329307052401 6.619937933018412 10.427983676630816 0.8148707142300715 4.437174199651359 20.31539977995059 -1.945326933583047 6.187762109897577 1.735349585287782 -7.73856266432368 -5.589073368833988 -9.09885134479685 -0.04513231511040772
6.913827655310621 9.640074192297234 0.7582453790979571 4.233316157135807 2.2653923456318203 -2.764944669427294 -1.3472687045801734 13.179980768861721 19.838924866756642 33.727520170785816 15.804507398831191 18.317523905310843 7.599590885168037 11.976043451895531 -0.7952679273239935 2.174764839401006 18.8079236875049 6.644568549999284 10.452614293611688 0.8395013312109434 4.461804816632231 20.340030396931468 -1.920696316602175 6.2123927268784485 1.759980202268654 -7.71393204734279 -5.564442751853099 -9.074220727815979 -0.020501698129518076
