web/models/kne/14/mosfit_kn_0.014776_0.1240_3.6500.dat
# %ECSV 1.0
# ---
# datatype:
# - {name: time, datatype: float64}
# - {name: PS1_g, datatype: float64}
# - {name: PS1_i, datatype: float64}
# - {name: PS1_r, datatype: float64}
# - {name: PS1_w, datatype: float64}
# - {name: PS1_y, datatype: float64}
# - {name: PS1_z, datatype: float64}
# - {name: swift_uvot_B, datatype: float64}
# - {name: swift_uvot_U, datatype: float64}
# - {name: swift_uvot_uvm2, datatype: float64}
# - {name: swift_uvot_uvw1, datatype: float64}
# - {name: swift_uvot_uvw2, datatype: float64}
# - {name: swift_uvot_V, datatype: float64}
# - {name: johnson_B, datatype: float64}
# - {name: johnson_I, datatype: float64}
# - {name: johnson_R, datatype: float64}
# - {name: johnson_U, datatype: float64}
# - {name: johnson_V, datatype: float64}
# - {name: sdss_g, datatype: float64}
# - {name: sdss_i, datatype: float64}
# - {name: sdss_r, datatype: float64}
# - {name: sdss_u, datatype: float64}
# - {name: sdss_z, datatype: float64}
# - {name: ATLAS_c, datatype: float64}
# - {name: ATLAS_o, datatype: float64}
# - {name: ukirt_H, datatype: float64}
# - {name: ukirt_J, datatype: float64}
# - {name: ukirt_K, datatype: float64}
# - {name: Clear, datatype: float64}
# meta: !!omap
# - comment: [kappa = 3.65, type = rprocess, mass = 0.014775890654408853, velocity = 0.12399999999999999, theta_obs = 0.0, tfloor = 1000.0]
# schema: astropy-2.0
time PS1_g PS1_i PS1_r PS1_w PS1_y PS1_z swift_uvot_B swift_uvot_U swift_uvot_uvm2 swift_uvot_uvw1 swift_uvot_uvw2 swift_uvot_V johnson_B johnson_I johnson_R johnson_U johnson_V sdss_g sdss_i sdss_r sdss_u sdss_z ATLAS_c ATLAS_o ukirt_H ukirt_J ukirt_K Clear
[from data line 201]
12.144288577154308 7.540242106470441 -1.3415867067288367 2.133484071309013 0.16556025980502653 -4.864776755254088 -3.4471007904069673 11.080148683034928 17.739092780929848 31.627688084959015 13.704675313004397 16.21769181948405 5.499758799341243 9.876211366068738 -2.8951000131507874 0.07493275357421258 16.708091601678106 4.54473646417249 8.352782207784895 -1.2603307546158504 2.3619727308054372 18.240198311104674 -4.020528402428951 4.112560641051655 -0.3398518835581399 -9.813764133169583 -7.664274837679892 -11.174052813642755 -2.120333783956312
12.20440881763527 7.5516433788924076 -1.3301854343068698 2.1448853437309623 0.17696153222697575 -4.8533754828321385 -3.435699517985018 11.091549955456895 17.750494053351797 31.63908935738097 13.716076585426364 16.229093091906016 5.511160071763192 9.887612638490687 -2.8836987407288204 0.0863340259961618 16.719492874100055 4.556137736594439 8.364183480206844 -1.2489294821938834 2.373374003227404 18.251599583526623 -4.009127130007002 4.123961913473604 -0.3284506111361729 -9.802362860747634 -7.652873565257943 -11.162651541220805 -2.1089325115343627
12.264529058116231 7.562933507400249 -1.3188953057990283 2.1561754722388216 0.188251660734835 -4.842085354324297 -3.424409389477159 11.102840083964736 17.761784181859657 31.650379485888823 13.727366713934206 16.240383220413857 5.522450200271034 9.898902766998546 -2.872408612220979 0.09762415450402107 16.730783002607897 4.567427865102299 8.375473608714703 -1.237639353686042 2.3846641317352457 18.262889712034482 -3.9978370014991604 4.135252041981463 -0.3171604826283314 -9.791072732239774 -7.641583436750102 -11.151361412712964 -2.097642383026521
12.324649298597194 7.574114725501548 -1.307714087697729 2.167356690340121 0.19943287883613436 -4.83090413622298 -3.4132281713758594 11.114021302066035 17.772965399960956 31.661560703990123 13.738547932035505 16.251564438515157 5.533631418372351 9.910083985099845 -2.8612273941196795 0.10880537260532042 16.741964220709214 4.578609083203598 8.386654826816002 -1.2264581355847426 2.395845349836545 18.27407093013578 -3.986655783397861 4.1464332600827625 -0.30597926452703206 -9.779891514138475 -7.6304022186487845 -11.140180194611665 -2.086461164925222
12.384769539078157 7.585191096126174 -1.2966377170731036 2.178433060964746 0.21050924946075966 -4.819827765598355 -3.402151800751234 11.12509767269066 17.78404177058558 31.67263707461475 13.74962430266013 16.262640809139782 5.544707788996976 9.92116035572447 -2.8501510234950542 0.11988174322994571 16.75304059133384 4.589685453828223 8.397731197440628 -1.2153817649601173 2.4069217204611704 18.285147300760407 -3.975579412773236 4.157509630707388 -0.29490289390240676 -9.76881514351385 -7.619325848024159 -11.12910382398704 -2.0753847943005788
12.444889779559118 7.596164551341946 -1.285664261857331 2.1894065161805187 0.2214827046765322 -4.808854310382582 -3.3911783455354616 11.136071127906433 17.795015225801354 31.68361052983052 13.760597757875903 16.273614264355555 5.555681244212749 9.932133810940243 -2.8391775682792817 0.13085519844571825 16.76401404654961 4.600658909043996 8.4087046526564 -1.2044083097443448 2.417895175676943 18.29612075597618 -3.9646059575574633 4.16848308592316 -0.28392943868663423 -9.757841688298077 -7.608352392808387 -11.118130368771267 -2.0644113390848062
12.50501002004008 7.607037047153096 -1.2747917660461994 2.2002790119916504 0.2323552004876639 -4.79798181457145 -3.38030584972433 11.146943623717565 17.805887721612486 31.694483025641656 13.771470253687035 16.284486760166686 5.56655374002388 9.943006306751375 -2.82830507246815 0.14172769425684995 16.774886542360743 4.6115314048551275 8.419577148467532 -1.1935358139331953 2.4287676714880746 18.30699325178731 -3.953733461746314 4.179355581734292 -0.27305694287550253 -9.746969192486945 -7.597479896997255 -11.107257872960117 -2.0535388432736745
12.565130260521041 7.6178110611658845 -1.2640177520333928 2.211053026004439 0.24312921450045266 -4.787207800558662 -3.3695318357115234 11.157717637730372 17.816661735625274 31.70525703965445 13.782244267699841 16.295260774179493 5.577327754036669 9.953780320764182 -2.8175310584553435 0.15250170826965648 16.785660556373532 4.622305418867916 8.43035116248032 -1.1827617999204065 2.439541685500881 18.3177672658001 -3.942959447733525 4.190129595747081 -0.262282928862696 -9.736195178474157 -7.586705882984466 -11.096483858947328 -2.0427648292608858
12.625250501002004 7.628490062944184 -1.253338750255093 2.221732027782757 0.25380821627877026 -4.776528798780362 -3.3588528339332235 11.168396639508671 17.827340737403592 31.71593604143276 13.792923269478141 16.305939775957793 5.588006755814969 9.964459322542481 -2.8068520566770436 0.1631807100479563 16.796339558151832 4.632984420646234 8.441030164258638 -1.1720827981421067 2.450220687279181 18.328446267578418 -3.932280445955225 4.200808597525398 -0.25160392708439616 -9.72551617669584 -7.576026881206149 -11.085804857169029 -2.032085827482586
12.685370741482965 7.639075035494436 -1.2427537777048592 2.2323170003329906 0.2643931888290041 -4.76594382623011 -3.3482678613829897 11.178981612058923 17.837925709953826 31.726521013983007 13.803508242028393 16.316524748508044 5.5985917283652205 9.975044295092715 -2.796267084126792 0.17376568259819014 16.806924530702084 4.643569393196468 8.451615136808872 -1.161497825591855 2.4608056598294326 18.33903124012865 -3.9216954734049736 4.211393570075632 -0.24101895453414457 -9.714931204145605 -7.565441908655915 -11.075219884618777 -2.0215008549323343
12.745490981963927 7.649568144042096 -1.2322606691571814 2.2428101088806507 0.27488629737666415 -4.75545071768245 -3.337774752835312 11.189474720606583 17.848418818501486 31.737014122530663 13.814001350576053 16.327017857055704 5.6090848369128805 9.985537403640375 -2.785773975579132 0.1842587911458502 16.817417639249744 4.654062501744128 8.462108245356532 -1.151004717044195 2.4712987683770926 18.34952434867631 -3.9112023648573135 4.221886678623292 -0.2305258459864845 -9.704438095597945 -7.554948800108255 -11.064726776071117 -2.0110077463846743
12.80561122244489 7.659972129623416 -1.2218566835758793 2.2532140944619705 0.285290282957984 -4.74504673210113 -3.32737076725401 11.199878706187885 17.858822804082806 31.747418108111983 13.824405336157373 16.337421842637024 5.6194888224942 9.995941389221695 -2.775369989997812 0.19466277672717003 16.827821624831063 4.6644664873254476 8.472512230937852 -1.1406007314628752 2.4817027539584124 18.35992833425763 -3.9007983792759937 4.232290664204612 -0.22012186040516468 -9.694034110016625 -7.544544814526935 -11.054322790489797 -2.0006037608033544
12.86573146292585 7.670289640048473 -1.211539173150804 2.263531604887028 0.29560779338304144 -4.734729221676073 -3.3170532568289346 11.21019621661296 17.869140314507863 31.757735618537044 13.83472284658243 16.34773935306208 5.629806332919258 10.00625889964677 -2.7650524795727547 0.20498028715224526 16.83813913525612 4.674783997750505 8.48282974136291 -1.1302832210378178 2.49202026438347 18.37024584468269 -3.8904808688509362 4.2426081746296695 -0.20980434998010722 -9.683716599591568 -7.5342273041018775 -11.04400528006474 -1.990286250378297
12.925851703406813 7.68052154532068 -1.2013072678786152 2.2737635101592346 0.30583969865524807 -4.724497316403866 -3.3068213515567457 11.22042812188515 17.87937221978007 31.767967523809236 13.844954751854619 16.35797125833427 5.640038238191464 10.01649080491896 -2.754820574300566 0.21521219242443412 16.848371040528328 4.685015903022712 8.493061646635116 -1.1200513157656111 2.5022521696556588 18.380477749954895 -3.8802489635787296 4.252840079901876 -0.1995724447079006 -9.673484694319361 -7.523995398829671 -11.033773374792533 -1.9800543451060904
12.985971943887774 7.690669823660965 -1.1911589895383123 2.2839117884995197 0.31598797699553316 -4.714349038063581 -3.296673073216443 11.230576400225452 17.889520498120355 31.778115802149532 13.855103030194922 16.368119536674573 5.6501865165317495 10.026639083259244 -2.744672295960263 0.2253604707647192 16.858519318868613 4.695164181362997 8.503209924975401 -1.109903037425326 2.5124004479959616 18.39062602829518 -3.8701006852384445 4.262988358242161 -0.1894241663676155 -9.663336415979076 -7.513847120489386 -11.023625096452248 -1.9699060667658053
13.046092184368737 7.700737239848969 -1.181091573350308 2.293979204687524 0.32605539318355525 -4.704281621875577 -3.2866056570284385 11.240643816413456 17.899587914308377 31.78818321833754 13.865170446382926 16.378186952862578 5.660253932719754 10.036706499447266 -2.7346048797722586 0.2354278869527413 16.868586735056617 4.705231597551001 8.513277341163406 -1.0998356212373217 2.522467864183966 18.400693444483203 -3.86003326905044 4.273055774430183 -0.17935675017961117 -9.653268999791072 -7.503779704301381 -11.013557680264244 -1.959838650577801
13.1062124248497 7.7107257081109815 -1.1711031050882958 2.303967672949536 0.3360438614455674 -4.694293153613565 -3.2766171887664264 11.250632284675468 17.90957638257039 31.798171686599556 13.875158914644938 16.38817542112459 5.670242400981766 10.046694967709279 -2.7246164115102465 0.24541635521475347 16.87857520331863 4.715220065813013 8.523265809425435 -1.0898471529753095 2.532456332445978 18.410681912745215 -3.850044800788428 4.2830442426921955 -0.169368281917599 -9.64328053152906 -7.493791236039369 -11.003569212002231 -1.9498501823157888
13.16633266533066 7.720636398067029 -1.1611924151322484 2.3138783629056014 0.3459545514016149 -4.684382463657517 -3.266706498810379 11.260542974631516 17.919487072526437 31.808082376555607 13.885069604600986 16.398086111080637 5.6801530909378135 10.056605657665326 -2.714705721554199 0.25532704517080096 16.888485893274694 4.7251307557690785 8.533176499381483 -1.079936463019262 2.5423670224020256 18.420592602701262 -3.8401341108323805 4.292954932648243 -0.15945759196155151 -9.633369841572994 -7.483880546083304 -10.993658522046184 -1.9399394923597413
13.226452905811623 7.730470761829906 -1.151358051369371 2.323712726668461 0.3557889151644744 -4.67454809989464 -3.2568721350475016 11.270377338394393 17.929321436289296 31.81791674031847 13.894903968363863 16.407920474843515 5.689987454700691 10.066440021428186 -2.7048713577913217 0.26516140893366047 16.898320257037554 4.734965119531938 8.543010863144342 -1.0701020992563848 2.552201386164903 18.430426966464122 -3.8302997470695033 4.3027892964111025 -0.14962322819867424 -9.623535477810135 -7.4740461823204445 -10.983824158283307 -1.930105128596864
13.286573146292584 7.740231429139399 -1.141597384059878 2.333473393977954 0.3655495824739674 -4.664787432585147 -3.2471114677380086 11.280138005703886 17.93908210359879 31.827677407627963 13.904664635673356 16.417681142153008 5.699748122010184 10.076200688737696 -2.6951106904818287 0.2749220762431712 16.908080924347047 4.744725786841431 8.552771530453835 -1.0603414319468918 2.561962053474396 18.440187633773615 -3.8205390797600103 4.3125499637205955 -0.13986256088918125 -9.613774810500642 -7.4642855150109515 -10.974063490973814 -1.920344461287371
13.346693386773547 7.749919841432451 -1.1319089717668263 2.343161806271006 0.375237994767037 -4.655099020292095 -3.237423055444957 11.289826417996938 17.94877051589186 31.837365819921022 13.914353047966408 16.42736955444606 5.709436534303236 10.085889101030748 -2.685422278188777 0.28461048853622306 16.9177693366401 4.754414199134483 8.562459942746905 -1.05065301965384 2.5716504657674477 18.449876046066684 -3.8108506674669584 4.322238376013665 -0.1301741485961294 -9.60408639820759 -7.4545971027179 -10.964375078680762 -1.9106560489943192
13.40681362725451 7.759537212172223 -1.1222916010270545 2.3527791770107775 0.384855365506791 -4.645481649552323 -3.227805684705185 11.29944378873671 17.958387886631613 31.84698319066079 13.92397041870618 16.43698692518583 5.719053905043007 10.09550647177052 -2.675804907449005 0.29422785927597706 16.92738670737987 4.764031569874255 8.572077313486659 -1.0410356489140682 2.5812678365072195 18.45949341680644 -3.8012332967271867 4.331855746753419 -0.12055677785635766 -9.594469027467818 -7.444979731978128 -10.95475770794099 -1.9010386782545474
13.46693386773547 7.769084945645339 -1.112743867553938 2.3623269104839117 0.3944030989799252 -4.635933916079189 -3.2182579512320686 11.308991522209826 17.967935620104747 31.856530924133917 13.933518152179296 16.446534658658948 5.728601638516142 10.105054205243636 -2.6662571739758887 0.30377559274911126 16.936934440853005 4.773579303347389 8.581625046959793 -1.0314879154409518 2.590815569980336 18.469041150279573 -3.7916855632540525 4.341403480226553 -0.11100904438324122 -9.584921293994684 -7.435431998504994 -10.945209974467856 -1.8914909447814132
13.527054108216433 7.778565213636419 -1.1032635995628581 2.3718071784749917 0.40388336697100513 -4.626453648088109 -3.2087776832409887 11.318471790200906 17.977415888095827 31.866011192124997 13.942998420170376 16.456014926650028 5.7380819065072215 10.114534473234716 -2.6567769059848088 0.3132558607401912 16.946414708844085 4.783059571338469 8.591105314950873 -1.0220076474498718 2.600295837971416 18.478521418270653 -3.7822052952629726 4.350883748217633 -0.10152877639216129 -9.575441026003604 -7.425951730513914 -10.935729706476776 -1.8820106767903333
13.587174348697394 7.787979270435805 -1.093849542763472 2.38122123527436 0.4132974237703735 -4.617039591288741 -3.1993636264416025 11.327885847000292 17.986829944895195 31.875425248924376 13.952412476969762 16.465428983449414 5.74749596330659 10.123948530034102 -2.6473628491854226 0.32266991753955954 16.955828765643453 4.792473628137837 8.600519371750242 -1.0125935906504857 2.609709894770802 18.48793547507002 -3.772791238463604 4.360297805017002 -0.09211471959277517 -9.566026969204236 -7.416537673714545 -10.926315649677408 -1.872596619990965
13.647294589178356 7.797328205124927 -1.0845006080743502 2.390570169963482 0.42264635845951304 -4.607690656599619 -3.1900146917524808 11.337234781689414 17.996178879584335 31.88477418361349 13.961761411658884 16.474777918138535 5.756844897995712 10.133297464723224 -2.638013914496301 0.3320188522286991 16.965177700332575 4.801822562826959 8.609868306439363 -1.003244655961364 2.6190588294599237 18.49728440975916 -3.7634423037744824 4.369646739706141 -0.08276578490365338 -9.556678034515114 -7.407188739025424 -10.916966714988286 -1.8632476853018431
13.707414829659317 7.8066132479502315 -1.0752155652490636 2.399855212788786 0.4319314012847997 -4.598405613774315 -3.180729648927194 11.3465198245147 18.00546392240962 31.894059226438802 13.971046454484188 16.484062960963822 5.766129940821016 10.14258250754851 -2.628728871671014 0.34130389505398573 16.97446274315788 4.811107605652263 8.619153349264668 -0.9939596131360595 2.628343872285228 18.506569452584447 -3.754157260949178 4.378931782531428 -0.07348074207834898 -9.54739299168981 -7.397903696200119 -10.907681672162981 -1.8539626424765387
13.76753507014028 7.815836304169732 -1.0659925090295452 2.4090782690083046 0.44115445750431803 -4.589182557554796 -3.1715065927076758 11.35574288073422 18.01468697862914 31.903282282658306 13.980269510703689 16.49328601718334 5.775352997040534 10.15180556376803 -2.619505815451496 0.3505269512735041 16.983685799377398 4.820330661871782 8.628376405484186 -0.9847365569165589 2.6375669285047287 18.515792508803965 -3.7449342047296597 4.388154838750946 -0.06425768585884839 -9.538169935470291 -7.388680639980601 -10.898458615943463 -1.8447395862570204
