web/models/kne/14/mosfit_kn_0.006452_0.1553_10.0000.dat
# %ECSV 1.0
# ---
# datatype:
# - {name: time, datatype: float64}
# - {name: PS1_g, datatype: float64}
# - {name: PS1_i, datatype: float64}
# - {name: PS1_r, datatype: float64}
# - {name: PS1_w, datatype: float64}
# - {name: PS1_y, datatype: float64}
# - {name: PS1_z, datatype: float64}
# - {name: swift_uvot_B, datatype: float64}
# - {name: swift_uvot_U, datatype: float64}
# - {name: swift_uvot_uvm2, datatype: float64}
# - {name: swift_uvot_uvw1, datatype: float64}
# - {name: swift_uvot_uvw2, datatype: float64}
# - {name: swift_uvot_V, datatype: float64}
# - {name: johnson_B, datatype: float64}
# - {name: johnson_I, datatype: float64}
# - {name: johnson_R, datatype: float64}
# - {name: johnson_U, datatype: float64}
# - {name: johnson_V, datatype: float64}
# - {name: sdss_g, datatype: float64}
# - {name: sdss_i, datatype: float64}
# - {name: sdss_r, datatype: float64}
# - {name: sdss_u, datatype: float64}
# - {name: sdss_z, datatype: float64}
# - {name: ATLAS_c, datatype: float64}
# - {name: ATLAS_o, datatype: float64}
# - {name: ukirt_H, datatype: float64}
# - {name: ukirt_J, datatype: float64}
# - {name: ukirt_K, datatype: float64}
# - {name: Clear, datatype: float64}
# meta: !!omap
# - comment: [kappa = 10.0, type = rprocess, mass = 0.006451950121499907, velocity = 0.15533333333333332, theta_obs = 0.0, tfloor = 1000.0]
# schema: astropy-2.0
time PS1_g PS1_i PS1_r PS1_w PS1_y PS1_z swift_uvot_B swift_uvot_U swift_uvot_uvm2 swift_uvot_uvw1 swift_uvot_uvw2 swift_uvot_V johnson_B johnson_I johnson_R johnson_U johnson_V sdss_g sdss_i sdss_r sdss_u sdss_z ATLAS_c ATLAS_o ukirt_H ukirt_J ukirt_K Clear
[from data line 232]
14.008016032064127 9.21397085562539 0.33214204242611345 3.8072128204639455 1.839289008959959 -3.1910480060991553 -1.773372041252017 12.753877432189878 19.41282153008479 33.30141683411396 15.378404062159348 17.891420568639 7.173487548496175 11.549940115223688 -1.2213712639958372 1.7486615027291628 18.38182035083304 6.2184652133274225 10.026510956939827 0.41339799453909976 4.035701479960387 19.913927060259606 -2.3467996532740187 5.786289390206587 1.3338768655968103 -8.14003538401465 -5.99054608852496 -9.500324064487822 -0.4466050348013795
14.06813627254509 9.223972537707645 0.3421437245083503 3.8172145025462 1.8492906910422136 -3.1810463240169007 -1.7633703591697802 12.763879114272115 19.422823212167035 33.31141851619622 15.388405744241602 17.901422250721254 7.18348923057843 11.559941797305925 -1.2113695819135826 1.7586631848113996 18.391822032915293 6.228466895409677 10.036512639022082 0.42339967662135436 4.045703162042642 19.92392874234186 -2.336797971191764 5.796291072288842 1.343878547679065 -8.130033701932396 -5.980544406442705 -9.490322382405568 -0.43660335271912487
14.128256513026052 9.233915645001112 0.3520868318018344 3.8271576098396842 1.8592337983356977 -3.1711032167234343 -1.7534272518762961 12.773822221565599 19.43276631946052 33.32136162348969 15.398348851535069 17.91136535801472 7.193432337871896 11.569884904599409 -1.2014264746201162 1.7686062921048837 18.40176514020876 6.238410002703161 10.046455746315566 0.43334278391482073 4.055646269336108 19.933871849635345 -2.3268548638982978 5.806234179582326 1.3538216549725313 -8.120090594638912 -5.970601299149221 -9.480379275112101 -0.4266602454256585
14.188376753507013 9.243801293900802 0.36197248070152455 3.8370432587393566 1.8691194472353878 -3.161217567823744 -1.743541602976606 12.783707870465289 19.442651968360202 33.33124727238937 15.408234500434759 17.92125100691441 7.203317986771586 11.579770553499099 -1.191540825720426 1.7784919410045739 18.41165078910845 6.248295651602834 10.056341395215256 0.44322843281451085 4.0655319182357985 19.943757498535035 -2.3169692149986076 5.816119828482016 1.3637073038722214 -8.11020494573924 -5.960715650249549 -9.470493626212411 -0.4167745965259684
14.248496993987976 9.253630146585099 0.37180133338582166 3.8468721114236537 1.878948299919685 -3.151388715139447 -1.7337127502923089 12.793536723149586 19.452480821044496 33.34107612507368 15.418063353119056 17.931079859598707 7.2131468394558835 11.589599406183396 -1.181711973036129 1.788320793688871 18.421479641792747 6.258124504287131 10.066170247899553 0.45305728549880797 4.075360770920096 19.953586351219332 -2.3071403623143105 5.825948681166313 1.3735361565565185 -8.100376093054942 -5.950886797565252 -9.460664773528114 -0.40694574384167126
14.308617234468937 9.263403686590692 0.38157487339139706 3.856645651429247 1.8887218399252603 -3.141615175133854 -1.7239392102867335 12.803310263155161 19.462254361050082 33.35084966507925 15.427836893124631 17.940853399604283 7.222920379461477 11.599372946188971 -1.1719384330305536 1.7980943336944464 18.43125318179834 6.267898044292724 10.075943787905128 0.46283082550440113 4.085134310925671 19.963359891224908 -2.2973668223087174 5.835722221171888 1.3833096965621117 -8.090602553049349 -5.941113257559659 -9.45089123352252 -0.3971722038360781
14.3687374749499 9.273122864742263 0.39129405154298524 3.8663648295808173 1.8984410180768307 -3.1318959969822835 -1.7142200321351453 12.81302944130675 19.471973539201663 33.36056884323083 15.43755607127622 17.95057257775587 7.232639557613047 11.60909212434056 -1.1622192548789654 1.8078135118460346 18.44097235994991 6.277617222444294 10.085662966056699 0.47255000365597155 4.094853489077259 19.973079069376478 -2.287647644157147 5.845441399323459 1.393028874713682 -8.080883374897779 -5.931394079408088 -9.44117205537095 -0.3874530256845077
14.428857715430862 9.282788614936717 0.4009598017374394 3.8760305797752714 1.908106768271285 -3.1222302467878293 -1.7045542819406911 12.822695191501204 19.481639289396114 33.37023459342529 15.447221821470674 17.960238327950325 7.242305307807501 11.618757874535014 -1.1525535046845112 1.817479262040471 18.450638110144364 6.2872829726387485 10.095328716251153 0.4822157538504257 4.104519239271713 19.982744819570932 -2.277981893962693 5.855107149517913 1.4026946249081362 -8.071217624703324 -5.921728329213634 -9.431506305176496 -0.37778727549005353
14.488977955911823 9.292401462387065 0.41057264918778813 3.88564342722562 1.9177196157216514 -3.1126173993374806 -1.6949414344903424 12.832308038951552 19.491252136846462 33.37984744087564 15.456834668921022 17.969851175400674 7.25191815525785 11.628370721985362 -1.1429406572341625 1.8270921094908374 18.460250957594713 6.296895820089097 10.10494156370152 0.49182860130077444 4.114132086722062 19.9923576670213 -2.268369046512344 5.8647199969682795 1.412307472358485 -8.061604777252976 -5.912115481763285 -9.421893457726148 -0.3681744280397048
14.549098196392785 9.301962656430192 0.4201338432309143 3.8952046212687463 1.9272808097647776 -3.1030562052943544 -1.6853802404472162 12.841869232994679 19.500813330889592 33.38940863491877 15.466395862964148 17.9794123694438 7.261479349300976 11.637931916028489 -1.1333794631910363 1.8366533035339636 18.46981215163784 6.306457014132223 10.114502757744646 0.5013897953439006 4.123693280765188 20.001918861064425 -2.258807852469218 5.874281191011406 1.4218686664016111 -8.05204358320985 -5.902554287720159 -9.412332263683021 -0.35861323399657863
14.609218436873746 9.311473148495146 0.4296443352958512 3.904715113333701 1.9367913018297145 -3.0935457132293998 -1.6758697483822793 12.851379725059616 19.510323822954536 33.39891912698371 15.475906355029085 17.988922861508737 7.270989841365931 11.647442408093426 -1.1238689711260994 1.8461637955989005 18.479322643702794 6.315967506197178 10.124013249809583 0.5109002874088553 4.133203772830125 20.011429353129362 -2.249297360404263 5.883791683076343 1.4313791584665658 -8.042533091144895 -5.893043795655204 -9.402821771618067 -0.34910274193162394
14.669338677354709 9.320933771317623 0.43910495811834593 3.9141757361561957 1.9462519246522092 -3.084085090406923 -1.6664091255597846 12.86084034788211 19.51978444577702 33.4083797498062 15.48536697785158 17.99838348433123 7.280450464188408 11.65690303091592 -1.1144083483036047 1.8556244184213952 18.48878326652527 6.325428129019673 10.133473872632077 0.5203609102313322 4.14266439565262 20.020889975951857 -2.2398367375817863 5.893252305898837 1.4408397812890428 -8.0330724683224 -5.8835831728327275 -9.39336114879559 -0.339642119109147
14.729458917835672 9.33034500652239 0.4485161933230941 3.923586971360944 1.9556631598569574 -3.074673855202157 -1.6569978903550364 12.870251583086876 19.529195680981786 33.41779098501096 15.494778213056346 18.007794719535998 7.289861699393174 11.666314266120668 -1.1049971130988387 1.8650356536261434 18.498194501730037 6.334839364224421 10.142885107836825 0.5297721454360982 4.152075630857386 20.030301211156605 -2.2304255023770203 5.9026635411035855 1.4502510164938087 -8.023661233117652 -5.8741719376279615 -9.383949913590824 -0.33023088390438105
14.789579158316633 9.339707816871723 0.4578790036724456 3.9329497817102776 1.9650259702063089 -3.065311044852823 -1.647635080005685 12.87961439343621 19.538558491331123 33.427153795360304 15.50414102340568 18.01715752988533 7.2992245097425075 11.67567707647002 -1.095634302749505 1.874398463975495 18.50755731207937 6.344202174573755 10.152247918186177 0.5391349557854319 4.16143844120672 20.039664021505956 -2.2210626920276866 5.912026351452937 1.4596138268431424 -8.014298422768318 -5.864809127278628 -9.37458710324149 -0.3208680735550473
14.849699398797595 9.349023203092646 0.46719438989336837 3.9422651679312004 1.9743413564272139 -3.0559956586319004 -1.6383196937847622 12.888929779657133 19.547873877552043 33.43646918158122 15.513456409626603 18.026472916106254 7.30853989596343 11.684992462690925 -1.0863189165285823 1.8837138501964 18.516872698300293 6.353517560794677 10.161563304407082 0.5484503420063547 4.170753827427642 20.04897940772686 -2.211747305806764 5.921341737673842 1.4689292130640652 -8.004983036547396 -5.855493741057705 -9.365271717020567 -0.31155268733412456
14.909819639278556 9.358291812279766 0.4764629990804714 3.951533777118321 1.9836099656143347 -3.0467270494447796 -1.6290510845976591 12.898198388844236 19.557142486739156 33.44573779076834 15.522725018813723 18.035741525293375 7.317808505150551 11.694261071878046 -1.0770503073414615 1.8929824593835207 18.526141307487414 6.362786169981798 10.170831913594203 0.5577189511934755 4.180022436614763 20.058248016913982 -2.202478696619643 5.930610346860963 1.478197822251186 -7.995714427360276 -5.846225131870584 -9.356003107833446 -0.30228407814700375
14.969939879759519 9.367514454884187 0.4856856416849098 3.9607564197227596 1.992832608218773 -3.037504406840359 -1.6198284419932207 12.907421031448674 19.566365129343595 33.45496043337277 15.531947661418144 18.044964167897795 7.327031147754972 11.703483714482484 -1.0678276647370408 1.9022051019879591 18.535363950091835 6.372008812586237 10.180054556198641 0.5669415937978961 4.189245079219184 20.06747065951842 -2.1932560540152224 5.939832989465401 1.4874204648556066 -7.986491784755837 -5.837002489266146 -9.346780465229026 -0.2930614355425831
15.03006012024048 9.376691277811826 0.4948624646125488 3.9699332426503986 2.002009431146412 -3.02832758391272 -1.6106516190655817 12.916597854376313 19.575541952271223 33.464137256300404 15.541124484345783 18.054140990825434 7.336207970682611 11.712660537410123 -1.0586508418094018 1.911381924915598 18.544540773019474 6.381185635513876 10.18923137912628 0.5761184167255351 4.198421902146823 20.07664748244606 -2.1840792310875834 5.94900981239304 1.4965972877832456 -7.977314961828198 -5.827825666338507 -9.337603642301387 -0.28388461261494413
15.090180360721442 9.385823508692308 0.5039946954930308 3.9790654735308806 2.011141662026894 -3.01919535303222 -1.6015193881850998 12.925730085256795 19.584674183151716 33.473269487180886 15.550256715226265 18.063273221705916 7.345340201563093 11.721792768290605 -1.0495186109289198 1.92051415579608 18.553673003899974 6.390317866394358 10.198363610006762 0.5852506476060171 4.207554133027305 20.08577971332654 -2.1749470002071014 5.958142043273522 1.5057295186637276 -7.968182730947716 -5.818693435458025 -9.328471411420905 -0.27475238173446215
15.150300601202405 9.394911800159846 0.5130829869605691 3.988153764998419 2.0202299534944324 -3.010107061564682 -1.5924310967175614 12.934818376724333 19.593762474619254 33.48235777864843 15.559345006693803 18.072361513173455 7.354428493030649 11.730881059758143 -1.0404303194613815 1.9296024472636184 18.562761295367512 6.399406157861896 10.2074519014743 0.5943389390735554 4.216642424494843 20.09486800479408 -2.1658587087395453 5.9672303347410605 1.514817810131266 -7.959094439480178 -5.8096051439904866 -9.319383119953349 -0.26566409026690607
15.210420841683366 9.403956813361294 0.5221280001620165 3.9971987781998486 2.029274966695862 -3.001062048363252 -1.583386083516114 12.943863389925781 19.60280748782069 33.491402791849865 15.56839001989525 18.081406526374902 7.363473506232078 11.739926072959591 -1.031385306259934 1.9386474604650659 18.57180630856894 6.408451171063326 10.21649691467573 0.6033839522750029 4.2256874376962905 20.10391301799551 -2.1568136955381156 5.97627534794249 1.5238628233327134 -7.950049426278748 -5.800560130789057 -9.310338106751919 -0.2566190770654764
15.270541082164328 9.412958899456747 0.5311300862574697 4.0062008642953195 2.038277052791333 -2.9920599622677813 -1.5743839974206608 12.952865476021234 19.611809573916155 33.50040487794533 15.577392105990704 18.090408612470355 7.372475592327549 11.748928159055044 -1.022383220164481 1.947649546560519 18.580808394664412 6.4174532571587966 10.225499000771201 0.6123860383704738 4.234689523791744 20.11291510409098 -2.1478116094426447 5.985277434037961 1.5328649094281666 -7.941047340183277 -5.791558044693586 -9.301336020656448 -0.24761699097000545
15.33066132264529 9.421918856449789 0.5400900432505118 4.015160821288344 2.0472370097843573 -2.983100005274757 -1.5654240404276187 12.961825433014276 19.620769530909186 33.50936483493836 15.586352062983746 18.099368569463397 7.381435549320574 11.757888116048086 -1.0134232631714388 1.9566095035535611 18.589768351657437 6.426413214151821 10.234458957764225 0.6213459953634981 4.243649480784786 20.121875061084005 -2.1388516524496204 5.994237391030985 1.5418248664212086 -7.932087383190253 -5.782598087700562 -9.292376063663424 -0.23865703397698113
15.390781563126252 9.430837453981908 0.5490086407826134 4.024079418820463 2.0561556073164766 -2.9741814077426376 -1.5565054428955172 12.970744030546378 19.6296881284413 33.518283432470476 15.595270660515865 18.108287166995517 7.390354146852693 11.766806713580188 -1.0045046656393195 1.9655281010856627 18.598686949189556 6.43533181168394 10.243377555296345 0.6302645928956174 4.252568078316905 20.130793658616124 -2.129933054917501 6.003155988563105 1.550743463953328 -7.923168785658134 -5.773679490168442 -9.283457466131305 -0.2297384364448618
15.450901803607215 9.439715240951276 0.557886427751999 4.032957205789831 2.0650333942858445 -2.9653036207732697 -1.5476276559261315 12.979621817515763 19.638565915410673 33.52716121943985 15.604148447485233 18.117164953964885 7.399231933822061 11.775684500549573 -0.9956268786699516 1.9744058880550484 18.607564736158924 6.444209598653308 10.252255342265713 0.6391423798649853 4.261445865286273 20.139671445585492 -2.121055267948133 6.012033775532473 1.5596212509226959 -7.914290998688766 -5.764801703199074 -9.274579679161937 -0.2208606494754939
15.511022044088175 9.44855263966991 0.566723826470632 4.041794604508482 2.0738707930044953 -2.9564662220546367 -1.5387902572074985 12.988459216234396 19.647403314129317 33.53599861815849 15.612985846203866 18.126002352683518 7.408069332540694 11.784521899268206 -0.9867894799513186 1.9832432867736813 18.616402134877575 6.453046997371959 10.261092740984363 0.6479797785836183 4.270283264004906 20.148508844304143 -2.1122178692295 6.020871174251123 1.5684586496413289 -7.905453599970115 -5.755964304480424 -9.265742280443304 -0.2120232507568609
15.571142284569138 9.457350137611744 0.5755213244124491 4.050592102450299 2.0826682909463123 -2.947668724112802 -1.5299927592656815 12.997256714176213 19.656200812071134 33.544796116100315 15.621783344145701 18.134799850625352 7.416866830482529 11.793319397210023 -0.9779919820094838 1.9920407847154984 18.625199632819392 6.461844495313776 10.26989023892618 0.6567772765254531 4.279080761946741 20.15730634224596 -2.1034203712876653 6.0296686721929404 1.5772561475831637 -7.896656102028298 -5.747166806538607 -9.256944782501469 -0.20322575281502608
15.631262525050099 9.466108520808714 0.5842797076094364 4.059350485647268 2.091426674143282 -2.9389103409158324 -1.5212343760686942 13.0060150973732 19.66495919526811 33.553554499297285 15.63054172734267 18.143558233822322 7.425625213679498 11.80207778040701 -0.9692335988125143 2.0007991679124855 18.63395801601636 6.4706028785107454 10.27864862212315 0.6655356597224227 4.28783914514371 20.16606472544293 -2.094661988090696 6.03842705538991 1.5860145307801332 -7.887897718831328 -5.738408423341637 -9.2481863993045 -0.19446736961805655
15.691382765531062 9.474828349048785 0.59299953584949 4.06807031388734 2.100146502383353 -2.930190512675761 -1.5125145478286406 13.014734925613254 19.673679023508175 33.562274327537345 15.639261555582724 18.152278062062376 7.43434504191957 11.810797608647064 -0.9605137705724607 2.009518996152539 18.642677844256433 6.479322706750817 10.287368450363221 0.674255487962494 4.296558973383764 20.174784553683 -2.0859421598506245 6.047146883629981 1.5947343590202046 -7.879177890591257 -5.729688595101566 -9.239466571064428 -0.18574754137798521
