web/models/kne/14/mosfit_kn_0.027507_0.3903_3.6500.dat
# %ECSV 1.0
# ---
# datatype:
# - {name: time, datatype: float64}
# - {name: PS1_g, datatype: float64}
# - {name: PS1_i, datatype: float64}
# - {name: PS1_r, datatype: float64}
# - {name: PS1_w, datatype: float64}
# - {name: PS1_y, datatype: float64}
# - {name: PS1_z, datatype: float64}
# - {name: swift_uvot_B, datatype: float64}
# - {name: swift_uvot_U, datatype: float64}
# - {name: swift_uvot_uvm2, datatype: float64}
# - {name: swift_uvot_uvw1, datatype: float64}
# - {name: swift_uvot_uvw2, datatype: float64}
# - {name: swift_uvot_V, datatype: float64}
# - {name: johnson_B, datatype: float64}
# - {name: johnson_I, datatype: float64}
# - {name: johnson_R, datatype: float64}
# - {name: johnson_U, datatype: float64}
# - {name: johnson_V, datatype: float64}
# - {name: sdss_g, datatype: float64}
# - {name: sdss_i, datatype: float64}
# - {name: sdss_r, datatype: float64}
# - {name: sdss_u, datatype: float64}
# - {name: sdss_z, datatype: float64}
# - {name: ATLAS_c, datatype: float64}
# - {name: ATLAS_o, datatype: float64}
# - {name: ukirt_H, datatype: float64}
# - {name: ukirt_J, datatype: float64}
# - {name: ukirt_K, datatype: float64}
# - {name: Clear, datatype: float64}
# meta: !!omap
# - comment: [kappa = 3.65, type = rprocess, mass = 0.027507471329904786, velocity = 0.3903333333333333, theta_obs = 0.0, tfloor = 1000.0]
# schema: astropy-2.0
time PS1_g PS1_i PS1_r PS1_w PS1_y PS1_z swift_uvot_B swift_uvot_U swift_uvot_uvm2 swift_uvot_uvw1 swift_uvot_uvw2 swift_uvot_V johnson_B johnson_I johnson_R johnson_U johnson_V sdss_g sdss_i sdss_r sdss_u sdss_z ATLAS_c ATLAS_o ukirt_H ukirt_J ukirt_K Clear
[from data line 203]
12.264529058116231 8.118534613486688 -0.7632941997125897 2.71177657832526 0.7438527668212735 -4.2864842482378585 -2.8688082833907202 11.658441190051175 18.317385287946095 32.20598059197527 14.282967820020644 16.795984326500296 6.078051306357472 10.454503873084985 -2.3168075061345403 0.6532252605904596 17.286384108694335 5.123028971188737 8.931074714801142 -0.6820382475996034 2.9402652378216843 18.81849081812092 -3.442235895412722 4.690853148067902 0.23844062345810713 -9.235471626153336 -7.085982330663663 -10.595760306626525 -1.5420412769400826
12.324649298597194 8.131359072832272 -0.7504697403670058 2.7246010376708263 0.7566772261668397 -4.2736597888922745 -2.8559838240451363 11.671265649396759 18.33020974729166 32.21880505132084 14.295792279366228 16.80880878584588 6.090875765703056 10.467328332430569 -2.3039830467889564 0.6660497199360436 17.29920856803992 5.135853430534303 8.943899174146708 -0.6692137882540194 2.953089697167268 18.831315277466487 -3.429411436067138 4.703677607413468 0.2512650828036911 -9.22264716680777 -7.073157871318079 -10.582935847280941 -1.5292168175944987
12.384769539078157 8.144110064809897 -0.7377187483893799 2.73735202964847 0.7694282181444834 -4.260908796914649 -2.8432328320675104 11.684016641374384 18.342960739269305 32.231556043298475 14.308543271343854 16.821559777823506 6.103626757680682 10.480079324408194 -2.2912320548113305 0.6788007119136694 17.311959560017545 5.148604422511947 8.956650166124351 -0.6564627962763936 2.965840689144894 18.84406626944413 -3.416660444089512 4.7164285993911115 0.26401607478131695 -9.209896174830126 -7.0604068793404355 -10.570184855303316 -1.5164658256168728
12.444889779559118 8.156788851030061 -0.7250399621692161 2.750030815868616 0.7821070043646472 -4.248230010694485 -2.8305540458473466 11.696695427594548 18.35563952548947 32.24423482951864 14.321222057564018 16.83423856404367 6.116305543900846 10.492758110628358 -2.2785532685911667 0.6914794981338332 17.32463834623771 5.161283208732111 8.969328952344515 -0.6437840100562298 2.978519475365058 18.856745055664295 -3.4039816578693483 4.729107385611275 0.2766948610014808 -9.197217388609962 -7.0477280931202895 -10.557506069083152 -1.503787039396709
12.50501002004008 8.169396376391322 -0.7124324368079549 2.762638341229877 0.7947145297259084 -4.235622485333224 -2.8179465204860854 11.70930295295581 18.36824705085073 32.2568423548799 14.33382958292528 16.84684608940493 6.128913069262107 10.50536563598962 -2.2659457432299055 0.7040870234950944 17.33724587159897 5.173890734093372 8.981936477705776 -0.6311764846949686 2.991127000726319 18.869352581025556 -3.391374132508087 4.7417149109725365 0.28930238636274197 -9.184609863248719 -7.035120567759028 -10.54489854372189 -1.4911795140354478
12.565130260521041 8.181933753650075 -0.6998950595492204 2.7751757184886294 0.8072519069846429 -4.223085108074471 -2.805409143227351 11.721840330214562 18.380784428109465 32.269379732138646 14.346366960184032 16.859383466663683 6.141450446520859 10.517903013248354 -2.2534083659711532 0.7166244007538289 17.349783248857722 5.1864281113521065 8.994473854964511 -0.6186391074362163 3.0036643779850714 18.88188995828429 -3.378836755249335 4.754252288231271 0.30183976362149423 -9.172072485989966 -7.022583190500276 -10.532361166463138 -1.4786421367766955
12.625250501002004 8.194403074929006 -0.6874257382702886 2.787645039767561 0.8197212282635746 -4.21061578679554 -2.792939821948419 11.734309651493476 18.393253749388396 32.28184905341758 14.358836281462963 16.871852787942615 6.153919767799791 10.530372334527286 -2.2409390446922393 0.7290937220327607 17.362252570136654 5.198897432631038 9.006943176243443 -0.6061697861572846 3.016133699264003 18.894359279563222 -3.366367433970403 4.766721609510203 0.314309084900426 -9.159603164711035 -7.010113869221344 -10.519891845184207 -1.4661728154977638
12.685370741482965 8.20680415839524 -0.6750246548040373 2.8000461232338125 0.832122311729826 -4.198214703329288 -2.780538738482168 11.746710734959727 18.405654832854648 32.29425013688382 14.371237364929197 16.88425387140885 6.166320851266042 10.542773417993537 -2.228537961225988 0.741494805499012 17.374653653602905 5.21129851609729 9.019344259709694 -0.593768702691051 3.0285347827302367 18.906760363029473 -3.3539663505041517 4.779122692976454 0.32671016836665956 -9.147202081244783 -6.997712785755093 -10.507490761717955 -1.4537717320315124
12.745490981963927 8.219138443917231 -0.6626903692820463 2.8123804087558035 0.844456597251817 -4.185880417807315 -2.768204452960177 11.759045020481718 18.41798911837664 32.30658442240581 14.383571650451188 16.89658815693084 6.178655136788016 10.555107703515528 -2.216203675703997 0.753829091021003 17.386987939124896 5.223632801619281 9.031678545231685 -0.58143441716906 3.0408690682522277 18.919094648551464 -3.3416320649821785 4.791456978498445 0.33904445388865057 -9.134867795722792 -6.985378500233102 -10.495156476195982 -1.4414374465095392
12.80561122244489 8.231407059856686 -0.6504217533426093 2.8246490246952405 0.8567252131912539 -4.17361180186786 -2.75593583702074 11.771313636421155 18.430257734316076 32.31885303834526 14.395840266390643 16.908856772870294 6.19092375272747 10.567376319454965 -2.20393505976456 0.76609770696044 17.399256555064333 5.2359014175587175 9.043947161171122 -0.5691658012296053 3.0531376841916824 18.9313632644909 -3.3293634490427237 4.803725594437882 0.3513130698281053 -9.122599179783355 -6.973109884293665 -10.482887860256527 -1.4291688305700845
12.86573146292585 8.24361125134283 -0.6382175618564467 2.836853216181403 0.8689294046774165 -4.161407610381698 -2.7437316455345773 11.783517827907318 18.442461925802238 32.33105722983141 14.408044457876787 16.92106096435644 6.203127944213633 10.579580510941128 -2.1917308682783974 0.7783018984466026 17.411460746550496 5.24810560904488 9.056151352657285 -0.5569616097434604 3.0653418756778272 18.943567455977064 -3.317159257556579 4.815929785924045 0.3635172613142501 -9.110394988297193 -6.960905692807502 -10.470683668770382 -1.416964639083922
12.925851703406813 8.255752017481974 -0.626076795717303 2.848993982320529 0.8810701708165425 -4.149266844242572 -2.7315908793954335 11.795658594046461 18.454602691941364 32.34319799597055 14.420185224015931 16.933201730495583 6.215268710352759 10.591721277080271 -2.1795901021392536 0.7904426645857285 17.423601512689622 5.260246375184006 9.06829211879641 -0.5448208436043167 3.077482641816971 18.95570822211619 -3.305018491417435 4.828070552063171 0.37565802745339383 -9.098254222158067 -6.948764926668376 -10.458542902631239 -1.404823872944796
12.985971943887774 8.267830059979655 -0.6139987532196223 2.8610720248182098 0.8931482133142232 -4.137188801744891 -2.719512836897753 11.807736636544142 18.466680734439045 32.355276038468226 14.432263266513612 16.945279772993263 6.22734675285044 10.603799319577952 -2.167512059641573 0.802520707083427 17.435679555187303 5.272324417681687 9.080370161294091 -0.532742801106636 3.0895606843146517 18.96778626461387 -3.2929404489197545 4.840148594560851 0.38773606995107457 -9.086176179660386 -6.936686884170696 -10.446464860133558 -1.3927458304471152
13.046092184368737 8.279846467813226 -0.6019823453860518 2.8730884326517803 0.9051646211477937 -4.1251723939113205 -2.7074964290641823 11.819753044377713 18.478697142272615 32.367292446301796 14.444279674347182 16.957296180826834 6.23936316068401 10.615815727411523 -2.1554956518080024 0.8145371149169975 17.447695963020873 5.284340825515257 9.092386569127662 -0.5207263932730655 3.101577092148222 18.97980267244744 -3.280924041086184 4.852165002394422 0.39975247778464507 -9.074159771826816 -6.924670476337125 -10.434448452299987 -1.3807294226135447
13.1062124248497 8.291802317413222 -0.5900264957860557 2.885044282251794 0.9171204707478076 -4.113216544311307 -2.6955405794641862 11.831708893977709 18.49065299187263 32.3792482959018 14.456235523947178 16.96925203042683 6.251319010284024 10.627771577011519 -2.1435398022080063 0.8264929645169936 17.459651812620887 5.296296675115271 9.104342418727676 -0.5087705436730694 3.1135329417482183 18.991758522047455 -3.268968191486188 4.864120851994436 0.41170832738464114 -9.062203922226802 -6.912714626737111 -10.422492602699991 -1.3687735730135309
13.16633266533066 8.303698464588916 -0.5781303486103617 2.8969404294274703 0.9290166179234838 -4.1013203971356305 -2.6836444322884923 11.843605041153403 18.502549139048305 32.391144443077486 14.468131671122872 16.981148177602524 6.2632151574597 10.639667724187195 -2.1316436550323123 0.8383891116926698 17.471547959796563 5.308192822290947 9.116238565903352 -0.4968743964973754 3.1254290889239122 19.00365466922313 -3.257072044310494 4.876016999170112 0.4236044745603351 -9.050307775051126 -6.900818479561435 -10.410596455524297 -1.3568774258378546
13.226452905811623 8.315535580329545 -0.5662932328697323 2.9087775451681175 0.9408537336641309 -4.089483281394983 -2.671807316547863 11.855442156894032 18.514386254788953 32.40298155881813 14.479968786863502 16.992985293343153 6.275052273200347 10.651504839927842 -2.119806539291683 0.850226227433317 17.48338507553721 5.3200299380315945 9.128075681643999 -0.48503728075672825 3.1372662046645416 19.01549178496378 -3.2452349285698467 4.887854114910759 0.4354415903009645 -9.038470659310478 -6.888981363820788 -10.39875933978365 -1.3450403100972075
13.286573146292584 8.327314647335253 -0.554514165864024 2.920556612173826 0.9526328006698392 -4.077704214389293 -2.6600282495421546 11.86722122389974 18.52616532179466 32.41476062582383 14.49174785386921 17.00476436034886 6.286831340206038 10.66328390693355 -2.1080274722859746 0.8620052944390253 17.4951641425429 5.331809005037303 9.139854748649707 -0.4732582137510377 3.14904527167025 19.027270851969487 -3.233455861564156 4.899633181916467 0.4472206573066728 -9.02669159230477 -6.87720229681508 -10.38698027277796 -1.333261243091517
13.346693386773547 8.339036711971577 -0.5427921012277004 2.9322786768101494 0.9643548653061629 -4.065982149752951 -2.648306184905831 11.878943288536064 18.537887386430985 32.426482690460155 14.503469918505534 17.016486424985185 6.298553404842379 10.675005971569874 -2.096305407649651 0.8737273590753489 17.506886207179242 5.3435310696736265 9.151576813286031 -0.4615361491147141 3.1607673363065736 19.03899291660581 -3.2217337969278326 4.911355246552791 0.45894272194299646 -9.014969527668447 -6.865480232178756 -10.375258208141636 -1.3215391784551933
13.40681362725451 8.350702524350861 -0.5311262888484158 2.943944489189416 0.9760206776854297 -4.054316337373685 -2.6366403725265464 11.890609100915349 18.54955319881025 32.43814850283943 14.515135730884818 17.02815223736447 6.310219217221646 10.68667178394914 -2.0846395952703665 0.8853931714546157 17.51855201955851 5.355196882052893 9.163242625665298 -0.44987033673542953 3.172433148685858 19.050658728985077 -3.210067984548548 4.923021058932058 0.470608534322281 -9.00330371528918 -6.853814419799489 -10.363592395762351 -1.3098733660759088
13.46693386773547 8.362312682796826 -0.5195161304024687 2.955554647635381 0.9876308361313946 -4.04270617892772 -2.6250302140805992 11.902219259361296 18.561163357256216 32.449758661285394 14.526745889330783 17.039762395810435 6.321829375667611 10.698281942395106 -2.0730294368244016 0.8970033299005806 17.530162178004474 5.366807040498858 9.174852784111263 -0.4382601782894646 3.184043307131823 19.062268887431042 -3.198457826102583 4.934631217378023 0.4822186927682459 -8.991693556843215 -6.842204261353524 -10.351982237316387 -1.2982632076299438
13.527054108216433 8.37386811180556 -0.5079607013937171 2.967110076644115 0.9991862651401284 -4.031150749918986 -2.6134747850718476 11.913774688370047 18.57271878626495 32.46131409029413 14.538301318339517 17.05131782481917 6.333384804676345 10.709837371403857 -2.0614740078156677 0.9085587589093145 17.541717607013208 5.378362469507592 9.186408213119996 -0.42670474928073077 3.195598736140557 19.073824316439776 -3.1869023970938493 4.9461866463867565 0.49377412177697977 -8.980138127834481 -6.8306488323447905 -10.340426808307653 -1.28670777862121
13.587174348697394 8.385369693262064 -0.4964591199372137 2.9786116581006183 1.0106878465966496 -4.019649168462482 -2.6019732036153442 11.92527626982655 18.58422036772147 32.47281567175063 14.54980289979602 17.062819406275672 6.344886386132848 10.72133895286036 -2.0499724263591643 0.9200603403658356 17.55321918846971 5.389864050964095 9.1979097945765 -0.4152031678242274 3.2071003175970603 19.08532589789628 -3.175400815637346 4.95768822784326 0.5052757032334831 -8.968636546377978 -6.819147250888287 -10.32892522685115 -1.2752061971647066
13.647294589178356 8.39681826332967 -0.4850105498696067 2.9900602281682254 1.0221364166642566 -4.008200598394875 -2.590524633547737 11.936724839894158 18.59566893778908 32.48426424181825 14.561251469863628 17.07426797634328 6.356334956200455 10.732787522927968 -2.0385238562915573 0.9315089104334426 17.56466775853732 5.40131262103172 9.209358364644125 -0.40375459775662037 3.2185488876646673 19.096774467963904 -3.163952245569739 4.969136797910885 0.5167242733010902 -8.95718797631037 -6.80769868082068 -10.317476656783542 -1.2637576270970996
13.707414829659317 8.408214335969237 -0.4736144772300399 3.00145630080781 1.0335324893038234 -3.996804525755291 -2.5791285609081704 11.948120912533724 18.607065010428645 32.495660314457815 14.572647542503194 17.085664048982846 6.36773102884004 10.744183595567534 -2.0271277836519905 0.9429049830730094 17.576063831176903 5.412708693671287 9.220754437283691 -0.3923585251170536 3.229944960304234 19.10817054060347 -3.152556172930172 4.9805328705504515 0.5281203459406569 -8.945791903670786 -6.7963026081810956 -10.306080584143976 -1.252361554457515
13.76753507014028 8.419558676172834 -0.4622701370264437 3.0128006410113883 1.0448768295074018 -3.9854601855517124 -2.5677842207045742 11.95946525273732 18.618409350632223 32.50700465466141 14.58399188270679 17.097008389186442 6.379075369043618 10.755527935771113 -2.0157834434483943 0.9542493232765878 17.58740817138048 5.424053033874865 9.23209877748727 -0.3810141849134574 3.2412893005078303 19.11951488080705 -3.141211832726576 4.99187721075403 0.5394646861442531 -8.934447563467208 -6.784958267977517 -10.29473624394038 -1.2410172142539366
13.827655310621243 8.430852200108259 -0.45097661309101866 3.0240941649468134 1.0561703534428268 -3.9741666616162874 -2.556490696769149 11.970758776672746 18.62970287456765 32.51829817859683 14.595285406642216 17.108301913121867 6.390368892979043 10.766821459706538 -2.0044899195129693 0.9655428472120129 17.598701695315906 5.43534655781029 9.243392301422695 -0.36972066097803236 3.2525828244432553 19.130808404742474 -3.129918308791151 5.003170734689455 0.5507582100796782 -8.923154039531783 -6.773664744042092 -10.283442720004954 -1.2297236903185116
13.887775551102203 8.442095669185061 -0.43973314401421604 3.0353376340236338 1.0674138225196472 -3.9629231925394848 -2.5452472276923466 11.982002245749548 18.64094634364447 32.52954164767364 14.606528875719018 17.11954538219867 6.401612362055846 10.778064928783358 -1.9932464504361667 0.9767863162888333 17.609945164392727 5.446590026887111 9.254635770499515 -0.35847719190122973 3.263826293520058 19.142051873819295 -3.1186748397143482 5.014414203766275 0.5620016791564808 -8.911910570454962 -6.762421274965272 -10.272199250928152 -1.218480221241709
