web/models/kne/14/mosfit_kn_0.177477_0.1867_3.6500.dat
# %ECSV 1.0
# ---
# datatype:
# - {name: time, datatype: float64}
# - {name: PS1_g, datatype: float64}
# - {name: PS1_i, datatype: float64}
# - {name: PS1_r, datatype: float64}
# - {name: PS1_w, datatype: float64}
# - {name: PS1_y, datatype: float64}
# - {name: PS1_z, datatype: float64}
# - {name: swift_uvot_B, datatype: float64}
# - {name: swift_uvot_U, datatype: float64}
# - {name: swift_uvot_uvm2, datatype: float64}
# - {name: swift_uvot_uvw1, datatype: float64}
# - {name: swift_uvot_uvw2, datatype: float64}
# - {name: swift_uvot_V, datatype: float64}
# - {name: johnson_B, datatype: float64}
# - {name: johnson_I, datatype: float64}
# - {name: johnson_R, datatype: float64}
# - {name: johnson_U, datatype: float64}
# - {name: johnson_V, datatype: float64}
# - {name: sdss_g, datatype: float64}
# - {name: sdss_i, datatype: float64}
# - {name: sdss_r, datatype: float64}
# - {name: sdss_u, datatype: float64}
# - {name: sdss_z, datatype: float64}
# - {name: ATLAS_c, datatype: float64}
# - {name: ATLAS_o, datatype: float64}
# - {name: ukirt_H, datatype: float64}
# - {name: ukirt_J, datatype: float64}
# - {name: ukirt_K, datatype: float64}
# - {name: Clear, datatype: float64}
# meta: !!omap
# - comment: [kappa = 3.65, type = rprocess, mass = 0.1774768329891343, velocity = 0.1866666666666667, theta_obs = 0.0, tfloor = 1000.0]
# schema: astropy-2.0
time PS1_g PS1_i PS1_r PS1_w PS1_y PS1_z swift_uvot_B swift_uvot_U swift_uvot_uvm2 swift_uvot_uvw1 swift_uvot_uvw2 swift_uvot_V johnson_B johnson_I johnson_R johnson_U johnson_V sdss_g sdss_i sdss_r sdss_u sdss_z ATLAS_c ATLAS_o ukirt_H ukirt_J ukirt_K Clear
[from data line 198]
11.963927855711422 -6.249666469283994 -11.288032575042806 -9.343789151885797 -10.015269466707934 -13.13697304267837 -12.420041877684032 -4.2474818489970465 -0.9295539735509981 8.583201972612017 -0.6665394976887735 1.2569187982798415 -7.5864658362751785 -4.67999373443233 -12.292440534256912 -10.309838111560936 -1.420279501540176 -7.91771180760852 -5.783470521477909 -11.244806760168515 -9.262594549270045 -0.29508670023112415 -12.659004575600612 -7.974384558959926 -10.515385694865813 -15.406191304223476 -14.474634880399096 -15.891033994214093 -11.0557568891549
12.024048096192384 -6.193854726306203 -11.253856035563086 -9.300896139214991 -9.978933302721629 -13.11220234732783 -12.391415880624521 -4.183147469762868 -0.8469304785472429 8.695226129911152 -0.6043983529603199 1.3202722538435343 -7.534959906219812 -4.61896864934284 -12.261214375834594 -10.271849448568375 -1.3404212521915082 -7.868710763468287 -5.7256874116976775 -11.210393157884067 -9.219026048019519 -0.21320580777468123 -12.63191328254365 -7.927639822222812 -10.479157019027365 -15.396073676669634 -14.45781758064413 -15.885645280594554 -11.025771135096356
12.084168336673347 -6.137802908506966 -11.219494675009045 -9.25779688685937 -9.942421258117502 -13.08727214590105 -12.362619047767751 -4.118548104229492 -0.7639882536445339 8.807569299791083 -0.5420522504747889 1.3838643442273448 -7.483218767881 -4.557700514336464 -12.229812911188606 -10.233682236256627 -1.2602534291630652 -7.8194921994201545 -5.667659154390563 -11.175794284221912 -9.1752472890383 -0.13100648251899827 -12.604658867697118 -7.880687231523069 -10.442749516130405 -15.385841931484357 -14.440865666439711 -15.880158376172469 -10.995635008347318
12.144288577154308 -6.081481812745277 -11.184928931469447 -9.21446796637385 -9.905712817279166 -13.062167052907352 -12.33363427373785 -4.053650762695923 -0.6806861113099314 8.920285325280425 -0.4794691708511496 1.4477278263998241 -7.431215129127431 -4.496157910374915 -12.198217902817909 -10.195315359561665 -1.1797361229019043 -7.77003004813819 -5.609355673047567 -11.140990475117043 -9.131234531783985 -0.048447893711465184 -12.577224946079344 -7.8335016311025285 -10.406142764422057 -15.375487209720081 -14.423767303448221 -15.874566527220926 -10.965330865412604
12.20440881763527 -6.024899556914729 -11.150164456456704 -9.170916040594168 -9.868813883408372 -13.036891632098975 -12.304466560250642 -3.98846454685395 -0.5970351919987846 9.033359290245727 -0.4166579505544017 1.5118539153066348 -7.378956610783221 -4.434349655112836 -12.16643467513266 -10.156755047356747 -1.0988802042596935 -7.72033175174126 -5.550785315511 -11.105987412602492 -9.086994505548951 0.03445887632118172 -12.54961638042099 -7.786090109949484 -10.369342701409856 -15.36501239959701 -14.406526154652449 -15.86887207976005 -10.934863925948282
12.264529058116231 -5.968079447246435 -11.115217168199809 -9.127160020678762 -9.831741095932038 -13.01145857223414 -12.275129913273854 -3.9230156903587874 -0.5130679392845214 9.146748406893877 -0.3536439809712806 1.5762169476260337 -7.326465051969991 -4.372300925045355 -12.134478145127698 -10.118018638611119 -1.0177172152635383 -7.6704183843184 -5.491972066536146 -11.070801099154597 -9.042546345118687 0.11768160841256758 -12.521846683095088 -7.7384728689937 -10.332365980972202 -15.354425168968838 -14.389152191887556 -15.863081077764692 -10.904248687371147
12.324649298597194 -5.910998151097875 -11.080071460560088 -9.083181206179649 -9.794478096063202 -12.985855611631827 -12.24561069140961 -3.8572778266354666 -0.4287514025281778 9.260495645721566 -0.29040172033559086 1.6408431132666803 -7.273718646421313 -4.309986641298046 -12.10233377141557 -10.079089324349592 -0.9362152410797119 -7.620269152753171 -5.43289189479605 -11.035415847693049 -8.997871096246914 0.201252962303613 -12.493902800816592 -7.69062982628272 -10.295196326077019 -15.343718491102006 -14.37163600391578 -15.857188183403837 -10.87347110805407
12.384769539078157 -5.853659243551466 -11.044729910616429 -9.038982593846665 -9.757027561394729 -12.960084877167137 -12.215911198304017 -3.791254937641596 -0.3440903635002177 9.374594487288373 -0.22693502784658603 1.7057286734524415 -7.220720766991094 -4.247410722588313 -12.070004003660479 -10.039969996887905 -0.8543789819211266 -7.569887419709784 -5.373548471773901 -10.999834249798948 -8.952971777137577 0.2851681625524094 -12.465787002079765 -7.6425641400008715 -10.257836456466887 -15.332893809053957 -14.35397935519475 -15.85119461681703 -10.842533610696172
12.444889779559118 -5.796077454434698 -11.009202636873674 -8.994576176365783 -9.719400050681166 -12.934154464326397 -12.186040352245282 -3.7249635881148633 -0.25910525167185816 9.489017970949206 -0.1632599039090894 1.7708574993632067 -7.167485231280229 -4.184589097924597 -12.03749833732217 -10.000671703349752 -0.7722283209720547 -7.519286558112516 -5.313956953048269 -10.964066477871093 -8.9078605181526 0.36940690755466576 -12.437507908343246 -7.594288595488727 -10.220296959369808 -15.321956075680593 -14.336188643835682 -15.845104312458387 -10.811445425135862
12.50501002004008 -5.738224508195664 -10.973470678016017 -8.94993926030665 -9.681575717714193 -12.90804944832086 -12.15598156309408 -3.6583718380245775 -0.17375618775387713 9.603818033968295 -0.09934550306846601 1.8362612268636238 -7.113985595606025 -4.121491383504544 -12.004799096093166 -9.961174031680724 -0.6897246228868713 -7.468441344711072 -5.254088219925936 -10.92809347268716 -8.862514318369552 0.45400873299408673 -12.409049638272869 -7.545778849270626 -10.18255807226538 -15.310896690620567 -14.318252387522 -15.838910712416927 -10.780189506132452
12.565130260521041 -5.6801103188127655 -10.937540890640225 -8.905079951264163 -9.643561715785491 -12.8817753389907 -12.125740885393288 -3.5914908219973105 -0.08805685176733724 9.718976528730195 -0.03520260306256473 1.9019290595662466 -7.060231166513245 -4.058128327375655 -11.971912727104385 -9.921484507781521 -0.6068812225707564 -7.417360832173363 -5.193952470698715 -10.89192212793245 -8.816941370751064 0.5389600339476353 -12.380418063595897 -7.4970435290126325 -10.144626981923626 -15.29971907970079 -14.300174973651723 -15.832616566535192 -10.748772142167287
12.625250501002004 -5.6217431076701985 -10.901418987389366 -8.86000498957971 -9.605363994780589 -12.85533674023112 -12.095323370458129 -3.5243297670865656 -0.0020185548230242656 9.834478454276208 0.029159884796588376 1.9678520865428486 -7.006229669364601 -3.994508849451823 -11.93884460770888 -9.881609411887695 -0.5237091556770789 -7.366052552257522 -5.133558161152152 -10.855558187308336 -8.771148486690823 0.6242495548359628 -12.351618090702274 -7.448089796617854 -10.106509675166322 -15.288426131741769 -14.281960083869174 -15.826224206188202 -10.717198576435578
12.685370741482965 -5.563108002349679 -10.86509505941061 -8.814702486801629 -9.566972185940994 -12.82872588697309 -12.064720364087567 -3.456871852791635 0.08437978051880202 9.950351101240994 0.09375815323180037 2.034047024149658 -6.951967202354948 -3.930617012040049 -11.905585519591686 -9.841538142787584 -0.44018803247991334 -7.314503315094265 -5.072889972443395 -10.818991691764364 -8.725123607654144 0.7098981768142032 -12.32264146416611 -7.3989048821480985 -10.068195847001427 -15.277013454077824 -14.263601793280694 -15.819730327281539 -10.685459958880141
12.745490981963927 -5.504196019683967 -10.828563175998713 -8.769165302489856 -9.528380085855623 -12.801938160932682 -12.03392669977804 -3.3891069016799866 0.17115097145399738 10.06661092729313 0.15860195621641582 2.100524034589825 -6.89743537431679 -3.866443225306821 -11.872129961534121 -9.801264411211463 -0.35630547922129485 -7.262705218477696 -5.011938649230245 -10.782216681354804 -8.678859483365517 0.7959185856014628 -12.293483280188031 -7.349481101612554 -10.029679349057403 -15.265478504397954 -14.245096620112674 -15.813133057242206 -10.653551041877112
12.80561122244489 -5.445032842831239 -10.791840857193478 -8.723414259694238 -9.489605970771624 -12.774987510947007 -12.00295778605101 -3.3210638401364454 0.25825920470273567 10.18321100783879 0.22366341832938774 2.1672548230318402 -6.8426582670726726 -3.802015200231392 -11.838494340914114 -9.760807250192329 -0.27209630475689683 -7.210681460975079 -4.950730624577542 -10.745250768718435 -8.632377191964284 0.8822752120488175 -12.264158389705706 -7.29984068004546 -9.990978475253876 -15.253829661698358 -14.226455497854571 -15.806438969251085 -10.621487706102304
12.86573146292585 -5.385617716301052 -10.754927738338775 -8.677448854335488 -9.450649437161438 -12.747873724772276 -11.97181334001673 -3.252741773917985 0.34570574799539977 10.300152819223879 0.28894339423402515 2.234240430361375 -6.787635201433198 -3.7373321922201304 -11.80467835514903 -9.720166369107972 -0.1875593399617802 -7.158431519118442 -4.889265113511829 -10.708093588811103 -8.585676207932167 0.9689692800913896 -12.234666575435327 -7.249983025399374 -9.95209286985748 -15.24206696945139 -14.207678362161039 -15.799648186060987 -10.58926970191477
12.925851703406813 -5.325925464381314 -10.717806926805356 -8.631248880041795 -9.411492844548626 -12.72058349958904 -11.94047857371487 -3.1841122631662087 0.4335261263248038 10.417482404787904 0.3544691857318054 2.30150895902003 -6.7323426153750825 -3.672367195402057 -11.770666261102456 -9.679323652013363 -0.10266018074968064 -7.1059329667794 -4.827516191803909 -10.67072816316811 -8.538736044218691 1.056036007353356 -12.20499369726717 -7.1998864822460185 -9.913004963497087 -15.230182768829131 -14.188754984541577 -15.792754873821105 -10.556881911608311
12.985971943887774 -5.26595755589236 -10.680479554406759 -8.584815623209714 -9.37213736618732 -12.693117803394891 -11.90895451339653 -3.1151769234876623 0.521718486419829 10.535197101684354 0.4202391777151786 2.36905895472869 -6.676781906352905 -3.6071218721755334 -11.73645915460692 -9.638280444210398 -0.017400688335691306 -7.053187281583388 -4.765485365333895 -10.633155631404172 -8.491557987276508 1.1434735216573166 -12.175140798507869 -7.149552382333084 -9.87371597207039 -15.218177794535631 -14.169686215794675 -15.785759689113357 -10.524325454467558
13.046092184368737 -5.205743991275611 -10.642966063974342 -8.538173389026564 -9.332604302352614 -12.66549289805777 -11.87725913302776 -3.045969556380551 0.6102409411539791 10.653242252455271 0.48622089328999296 2.4368573523030936 -6.620981213047988 -3.541628558003755 -11.702076170326674 -9.597058903467587 0.06817843820002845 -7.000221527852905 -4.703203511808489 -10.595396543897682 -8.444166647399456 1.231240223268557 -12.14512518693521 -7.099006659159368 -9.834247212988476 -15.206061773102345 -14.150484777646104 -15.778670237310786 -10.491618801254337
13.1062124248497 -5.145244970085194 -10.605239653939176 -8.491290167086856 -9.292865698791655 -12.637687626687502 -11.845368943433208 -2.9764452263822703 0.6991495314587051 10.771690489519848 0.5524573974838458 2.5049484246451716 -6.564903259867443 -3.475844538710526 -11.667492308773195 -9.555630254982692 0.15413150339464787 -6.947000170470472 -4.640629652922854 -10.557423962581556 -8.396529575528486 1.319391688955438 -12.114924375673652 -7.04821504979261 -9.794570813436998 -15.193822421188102 -14.131134342175018 -15.771477107673897 -10.458737949386272
13.16633266533066 -5.08447499309753 -10.567310272654371 -8.444177755503635 -9.25293191695669 -12.60970993676855 -11.813292706586154 -2.906620252417201 0.7884241120691018 10.890515416062843 0.6189329767168243 2.5733162700072545 -6.50856165889276 -3.409785487533594 -11.632716900591735 -9.514005346999205 0.24043890005766466 -6.893536374817264 -4.577778710874565 -10.51924788931652 -8.348658709634424 1.4079078936206457 -12.084546831905705 -6.997190120061774 -9.754697165714372 -15.1814645708459 -14.111641174332357 -15.764184119364424 -10.425691937117243
13.226452905811623 -5.023443398273422 -10.529184375271559 -8.396843787173651 -9.21280966842069 -12.581565009181919 -11.781036119312827 -2.836505130881913 0.8780517764606801 11.009700098500247 0.6856375311192946 2.641950713664262 -6.451965187670841 -3.343461520065589 -11.5977560123081 -9.472191252035682 0.3270880445184755 -6.839838673651372 -4.514660292980341 -10.480874814621934 -8.300561768805075 1.4967759943916725 -12.053998079071722 -6.945939978815723 -9.714633018146408 -15.1689914237264 -14.092009389395413 -15.756793828593112 -10.392486649534174
13.286573146292584 -4.962142814383252 -10.490857103467146 -8.349282412286652 -9.172493878320953 -12.553249062134277 -11.74859494749315 -2.7660915099455172 0.9680430612373494 11.129258031667174 0.7525790137822956 2.7108600807042973 -6.395106960694375 -3.2768647940673685 -11.562605142158901 -9.430182857446987 0.41408909478740663 -6.785900617843372 -4.451266805872631 -10.442299857322457 -8.252232810203797 1.586006412089347 -12.023274111483566 -6.894458328023028 -9.67437334656502 -15.156400908933293 -14.072236144464847 -15.749304715508499 -10.359117813022074
13.346693386773547 -4.900572032444135 -10.45232776860093 -8.301492751987638 -9.1319838175413 -12.524761615269195 -11.715968615866093 -2.695377989890871 1.0583998547619269 11.249191485075226 0.8197587114757359 2.7800458661932805 -6.337985868106693 -3.209994092346666 -11.527263683129434 -9.387979544854723 0.5014438188387939 -6.731721284826635 -4.3875970000748765 -10.403522327516157 -8.203670927956885 1.6756009852122133 -11.992374434866662 -6.842744182378979 -9.633917466938104 -15.143692894916128 -14.052321158287898 -15.74171675792108 -10.325584899914304
13.40681362725451 -4.8387243610011765 -10.413591967153781 -8.253469502400375 -9.091274892293555 -12.496099243671352 -11.683153286877346 -2.6243569869044157 1.1491317375512013 11.369512684717137 0.8871838140867543 2.849515625864655 -6.280595658251909 -3.1428423109215804 -11.491727558236555 -9.345576702657194 0.5891614456299866 -6.677294838818708 -4.323643982729912 -10.36453780146882 -8.154870731605044 1.7655691857502553 -11.961295426176406 -6.7907918314591775 -9.593260834220239 -15.130865517119997 -14.032261863366118 -15.734028593821312 -10.291884054872309
13.46693386773547 -4.776624337666391 -10.374666445128984 -8.20523255931139 -9.050384514682168 -12.467275278307852 -11.650163690473487 -2.5530561478773803 1.2402044607544307 11.490177154136628 0.9548278629228872 2.919242363773972 -6.222959366565733 -3.075435884788402 -11.456012443982335 -9.30299246311619 0.67720868985943 -6.622643435448851 -4.259433008301752 -10.325363113422767 -8.105852369964097 1.855876988801164 -11.93005127165744 -6.7386224756257285 -9.552420886889035 -15.117926758591619 -14.012068694759508 -15.726246466277408 -10.258030369400153
13.527054108216433 -4.714232534446801 -10.335524623010173 -8.156750199880456 -9.009285020543665 -12.438268721239965 -11.61697651770682 -2.481430959817593 1.3316735445122954 11.611256553578318 1.022733303595889 2.9892698398517195 -6.165040039020185 -3.0077325569344677 -11.420093550575398 -9.260198373981272 0.765639340383586 -6.567731899465714 -4.194923485654023 -10.285971550222506 -8.056583677447087 1.9465794568101913 -11.89861967334739 -6.686202193643762 -9.511370032007456 -15.104864420918794 -13.991725445275074 -15.718361029243047 -10.22400012557652
13.587174348697394 -4.651563037804571 -10.296176164083537 -8.108033884186074 -8.967986457031998 -12.409087288847385 -11.58360027810577 -2.409497280813336 1.4235194044363377 11.732725368497597 1.0908849189343255 3.0595826074601864 -6.106850907763282 -2.9397475436852045 -11.383979939015695 -9.217204958859543 0.8544343350211104 -6.512573022114069 -4.130129911508398 -10.246372827340604 -8.007076253095136 2.0376571176819525 -11.867008852654148 -6.633543179993122 -9.470118349608097 -15.091683183078462 -13.971238190947213 -15.710375971799769 -10.189802075633398
