web/models/kne/14/mosfit_kn_0.051209_0.4530_0.5000.dat
# %ECSV 1.0
# ---
# datatype:
# - {name: time, datatype: float64}
# - {name: PS1_g, datatype: float64}
# - {name: PS1_i, datatype: float64}
# - {name: PS1_r, datatype: float64}
# - {name: PS1_w, datatype: float64}
# - {name: PS1_y, datatype: float64}
# - {name: PS1_z, datatype: float64}
# - {name: swift_uvot_B, datatype: float64}
# - {name: swift_uvot_U, datatype: float64}
# - {name: swift_uvot_uvm2, datatype: float64}
# - {name: swift_uvot_uvw1, datatype: float64}
# - {name: swift_uvot_uvw2, datatype: float64}
# - {name: swift_uvot_V, datatype: float64}
# - {name: johnson_B, datatype: float64}
# - {name: johnson_I, datatype: float64}
# - {name: johnson_R, datatype: float64}
# - {name: johnson_U, datatype: float64}
# - {name: johnson_V, datatype: float64}
# - {name: sdss_g, datatype: float64}
# - {name: sdss_i, datatype: float64}
# - {name: sdss_r, datatype: float64}
# - {name: sdss_u, datatype: float64}
# - {name: sdss_z, datatype: float64}
# - {name: ATLAS_c, datatype: float64}
# - {name: ATLAS_o, datatype: float64}
# - {name: ukirt_H, datatype: float64}
# - {name: ukirt_J, datatype: float64}
# - {name: ukirt_K, datatype: float64}
# - {name: Clear, datatype: float64}
# meta: !!omap
# - comment: [kappa = 0.5, type = rprocess, mass = 0.051209162050732976, velocity = 0.45299999999999996, theta_obs = 0.0, tfloor = 1000.0]
# schema: astropy-2.0
time PS1_g PS1_i PS1_r PS1_w PS1_y PS1_z swift_uvot_B swift_uvot_U swift_uvot_uvm2 swift_uvot_uvw1 swift_uvot_uvw2 swift_uvot_V johnson_B johnson_I johnson_R johnson_U johnson_V sdss_g sdss_i sdss_r sdss_u sdss_z ATLAS_c ATLAS_o ukirt_H ukirt_J ukirt_K Clear
[from data line 86]
5.2304609218436875 2.5763944974238306 -5.335482686134565 -2.243181821011202 -3.867500525989538 -8.437276466472454 -7.19865574290754 5.726436172946582 11.527628548358475 24.42384985625245 8.668825472723203 10.978673491197611 0.7060101581569774 4.747743439300894 -6.746426121560019 -3.9871926761362113 10.643797113189446 -0.05796408130350736 3.30284468220988 -5.26284549947075 -2.055848097382764 12.065482469211943 -7.67564436650412 -0.40951642800212795 -4.371299126479595 -12.700674143695919 -10.861176045398578 -13.83608841038212 -5.820157133292412
5.290581162324649 2.869119319242124 -5.143925996641769 -2.0115935750446923 -3.671433488639746 -8.2897460511305 -7.0325002986204055 6.059829752431253 11.950123000225155 24.951961599567568 8.970663148318074 11.300525926519246 0.980866609248607 5.0584649066441365 -6.569634663143705 -3.787311054326204 11.051309829396885 0.19799776909169145 3.6046076753790857 -5.070353475656262 -1.8200560017666234 12.484306438099466 -7.519160676626235 -0.16262651332572986 -4.175348677829156 -12.624488337234377 -10.75267930369108 -13.783300928769433 -5.658339851835414
5.350701402805611 3.1615970664729254 -4.952421929811095 -1.780160668159514 -3.4755354629664126 -8.14216778406255 -6.866320247140152 6.3928992938587195 12.37221228489151 25.47891135076686 9.271827691931591 11.621968357664066 1.2555447566664022 5.368706995611202 -6.392892899191952 -3.5877874890340715 11.458361124945718 0.4535752685288077 3.9060935044654066 -4.8779240655289335 -1.5844047449263954 12.902697059001316 -7.3627233700368855 0.08404218285965825 -3.9795784217669095 -12.548161351027217 -10.644095969524086 -13.730343283006244 -5.496748012370762
5.410821643286573 3.453931679016442 -4.760903501928038 -1.5488011006522484 -3.279733562748497 -7.994490272294001 -6.700057775216539 6.725762573758257 12.79404409036152 26.004915101051505 9.572443339334278 11.943119170216324 1.5301397581416396 5.678583440795247 -6.21613869089079 -3.388547117492007 11.865093360930928 0.7088588361876826 4.207409096592958 -4.685490010404223 -1.3488117044894032 13.320799780539154 -7.206277863989214 0.3305796176815079 -3.783915785230807 -12.471665254960305 -10.53538738358293 -13.677194810004332 -5.335318855800537
5.4709418837675345 3.746154920162219 -4.569352752053817 -1.3174910611954438 -3.084005197978179 -7.846701109405139 -6.533698290258805 7.058455948477435 13.215664399442133 26.530061131372083 9.87255923356587 12.264017678563711 1.8046787980348775 5.988131548015506 -6.039355573978177 -3.1895662055729916 12.271550612082354 0.96387511287402 4.508587133293478 -4.493033289081172 -1.113253372072105 13.738659229311505 -7.049810633230074 0.577013903798953 -3.588338410358034 -12.394994910818154 -10.426545010923894 -13.623852356471938 -5.174032222679106
5.531062124248497 4.038294941459171 -4.377754033764116 -1.0862095668274918 -2.8883303612269096 -7.698789678784017 -6.367229203106977 7.391011700463172 13.637114067937741 27.05442958732142 10.17222005848458 12.58469901757374 2.079185780352179 6.297384680448271 -5.862529235067671 -2.9908235912767127 12.677772019957565 1.2186476134074933 4.809656569520904 -4.300538206307518 -0.8777090900927043 14.156314996439292 -6.89331006691722 0.8233699911413872 -3.3928264704392497 -12.318146173772407 -10.31756166742232 -13.570313528363014 -5.012870213404135
5.591182364729459 4.330376581357864 -4.186093819867729 -0.8549382264328109 -2.6926914107598066 -7.550747001786657 -6.200639758901225 7.723458374351865 14.058429244889403 27.57809311594676 10.471466395484743 12.905194490360238 2.353681602284687 6.6063725860732845 -5.6856473291674545 -2.7923004648201415 13.083792200134255 1.4731969944404912 5.110642941700565 -4.107991196242882 -0.642160813200725 14.573802051901872 -6.736766304201538 1.0696699296874002 -3.197362458154842 -12.241115804243774 -10.208431402730652 -13.51657662192858 -4.851816995355733
5.651302605210421 4.622419903842818 -3.9943617064556847 -0.6236624246146327 -2.497074076322825 -7.402566541970312 -6.033921927485455 8.055819128109867 14.479639311875907 28.101114445651593 10.770333277553998 13.225529995628765 2.6281827664543007 6.915119870953102 -5.508700414081363 -2.593981386208431 13.489639254259902 1.7275397726999155 5.411566866162101 -3.9153818301619125 -0.40659431386044886 14.991148699818169 -6.58017207305706 1.315931627088478 -3.0019321948878286 -12.163901940111186 -10.099150122390464 -13.462640985458323 -4.690859639888778
5.7114228456913825 4.914450002869515 -3.8025437346732716 -0.3923634112095975 -2.3014606472924726 -7.2542388826143345 -5.867064504486077 8.388122790552 14.900780705081456 28.62356347017808 11.068860241528853 13.545736727541794 2.9027106334012727 7.223656330134936 -5.3316757314180405 -2.3958473925476946 13.89534811400291 1.981696957078294 5.712454120316064 -3.7226961107474743 -0.1709911396869579 15.408390277799349 -6.4235171037730865 1.5621772345523688 -2.806518028887144 -12.08650097895532 -9.989711473973662 -13.408504623272231 -4.529982383257423
5.771543086172344 5.2064786622822545 -3.6106349021991413 -0.16103310968510698 -2.1058426951902476 -7.105761706908442 -5.700064170202914 8.720383175647218 15.321871060001389 29.1454855769168 11.367072636150457 13.865831207223614 3.1772740951306018 7.531997649369867 -5.154568856682281 -2.197888873717056 14.300935582340209 2.2356779096502626 6.01331678712306 -3.52992903407511 0.06465632676317057 15.825543525597272 -6.266798593298812 1.8084174762708116 -2.611111550189751 -12.008913427249846 -9.880114562605334 -13.354168688566864 -4.369177324158642
5.831663326653306 5.403792236813931 -3.478036576385346 -0.002965798347496218 -1.9708896098514828 -7.001226624910597 -5.583550660063477 8.943698813378418 15.602642911273339 29.491238215302506 11.568225443347888 14.08124194982754 3.3633089296847336 7.739761496412228 -5.031549882807297 -2.061517116082297 14.571641732021597 2.408286594515981 6.216332338128385 -3.3967806242723597 0.22552286114892794 16.103748441448165 -6.156978272085478 1.9761107713951453 -2.476301753214649 -11.950214002826092 -9.800724707336402 -13.310502683299282 -4.256783653612821
5.891783567134269 5.427432960972833 -3.454395852226444 0.02067492581138808 -1.9472488856925985 -6.977585900751713 -5.5599099359045745 8.96733953753732 15.626283635432223 29.5148789394614 11.59186616750679 14.104882673986442 3.386949653843618 7.763402220571113 -5.007909158648395 -2.0378763919234126 14.595282456180481 2.431927318674865 6.23997306228727 -3.3731399001134577 0.24916358530783 16.12738916560705 -6.133337547926576 1.9997514955540296 -2.452661029055747 -11.926573278667208 -9.777083983177517 -13.28686195914038 -4.233142929453937
5.95190380761523 5.450812822663718 -3.4310159905355597 0.04405478750229008 -1.9238690240016965 -6.9542060390608285 -5.53653007421369 8.990719399228205 15.649663497123125 29.538258801152292 11.615246029197674 14.128262535677326 3.410329515534502 7.786782082262015 -4.98452929695751 -2.0144965302325106 14.618662317871365 2.455307180365767 6.263352923978172 -3.3497600384225734 0.27254344699871424 16.15076902729795 -6.109957686235692 2.0231313572449316 -2.429281167364863 -11.903193416976306 -9.753704121486615 -13.263482097449495 -4.209763067763053
6.012024048096192 5.473938769688331 -3.407890043510946 0.067180734526886 -1.9007430769770828 -6.931080092036215 -5.513404127189077 9.013845346252818 15.672789444147739 29.5613847481769 11.638371976222288 14.15138848270194 3.433455462559116 7.809908029286628 -4.961403349932897 -1.9913705832078967 14.641788264895979 2.478433127390363 6.2864788710027675 -3.3266340913979597 0.2956693940233279 16.173894974322565 -6.086831739211078 2.0462573042695276 -2.406155220340249 -11.88006746995171 -9.73057817446202 -13.240356150424882 -4.186637120738439
6.072144288577154 5.49681832030851 -3.3850104928907676 0.09006028514706443 -1.877863526356922 -6.908200541416036 -5.490524576568898 9.036724896872997 15.6956689947679 29.584264298797077 11.661251526842467 14.174268033322118 3.4563350131792943 7.832787579906807 -4.938523799312718 -1.9684910325877183 14.664667815516157 2.5013126780105415 6.309358421622946 -3.3037545407777813 0.31854894464350636 16.196774524942725 -6.0639521885909 2.069136854889706 -2.3832756697200708 -11.857187919331531 -9.707698623841841 -13.217476599804703 -4.1637575701182605
6.132264529058116 5.519457588180163 -3.362371225019114 0.11269955301871803 -1.8552242584852507 -6.885561273544383 -5.4678853086972445 9.05936416474465 15.718308262639571 29.606903566668738 11.68389079471412 14.196907301193772 3.478974281050948 7.85542684777846 -4.915884531441065 -1.9458517647160647 14.687307083387811 2.523951945882195 6.331997689494617 -3.2811152729061277 0.34118821251515996 16.219413792814397 -6.041312920719246 2.0917761227613774 -2.360636401848417 -11.834548651459878 -9.685059355970187 -13.19483733193305 -4.141118302246607
6.192384769539078 5.541863383082148 -3.339965430117129 0.13510534792070317 -1.8328184635832656 -6.863155478642398 -5.445479513795259 9.081769959646635 15.740714057541556 29.629309361570723 11.706296589616105 14.219313096095757 3.501380075952933 7.8778326426804455 -4.8934787365390795 -1.9234459698140796 14.709712878289796 2.546357740784198 6.354403484396602 -3.2587094780041426 0.3635940074171451 16.241819587716382 -6.018907125817261 2.1141819176633625 -2.338230606946432 -11.812142856557893 -9.662653561068202 -13.172431537031065 -4.118712507344622
6.25250501002004 5.564041068253847 -3.3177877449454307 0.1572830330924191 -1.8106407784115675 -6.840977793470682 -5.423301828623561 9.103947644818334 15.762891742713254 29.65148704674242 11.728474274787803 14.241490781267455 3.523557761124649 7.900010327852144 -4.871301051367381 -1.9012682846423814 14.731890563461512 2.568535425955896 6.376581169568301 -3.2365317928324266 0.38577169258884325 16.26399727288808 -5.996729440645545 2.1363596028350607 -2.316052921774734 -11.789965171386177 -9.640475875896486 -13.150253851859349 -4.096534822172906
6.312625250501002 5.586004260854551 -3.295824552344726 0.179246225693106 -1.7886775858108805 -6.819014600869995 -5.401338636022857 9.125910837419038 15.784854935313941 29.67345023934312 11.750437467388508 14.26345397386816 3.545520953725336 7.921973520452848 -4.849337858766677 -1.8793050920416767 14.753853756062199 2.590498618556583 6.3985443621689875 -3.2145686002317397 0.4077348851895479 16.285960465488767 -5.974766248044858 2.1583227954357476 -2.294089729174029 -11.76800197878549 -9.6185126832958 -13.128290659258662 -4.074571629572219
6.372745490981964 5.6077410866813615 -3.274087726517916 0.200983051519934 -1.7669407599840525 -6.797277775043167 -5.379601810196046 9.147647663245849 15.80659176114077 29.695187065169936 11.772174293215318 14.28519079969497 3.567257779552164 7.9437103462796586 -4.827601032939866 -1.8575682662148665 14.775590581889027 2.612235444383411 6.4202811879958155 -3.1928317744049117 0.42947171101635817 16.307697291315595 -5.95302942221803 2.1800596212625756 -2.272352903347219 -11.746265152958662 -9.596775857468971 -13.106553833431834 -4.052834803745391
6.432865731462925 5.629266978994316 -3.252561834204961 0.22250894383288866 -1.7454148676710979 -6.775751882730212 -5.358075917883092 9.169173555558803 15.828117653453724 29.716712957482894 11.793700185528273 14.306716692007925 3.5887836718651185 7.965236238592613 -4.806075140626912 -1.8360423739019118 14.797116474201982 2.6337613366963657 6.44180708030877 -3.171305882091975 0.4509976033293128 16.32922318362855 -5.931503529905093 2.2015855135755302 -2.2508270110342643 -11.724739260645707 -9.575249965156017 -13.085027941118897 -4.031308911432436
6.492985971943887 5.650586216105893 -3.2312425970933845 0.24382818094446534 -1.7240956305595212 -6.754432645618653 -5.336756680771515 9.19049279267038 15.8494368905653 29.73803219459447 11.81501942263985 14.328035929119501 3.6101029089766774 7.98655547570419 -4.784755903515335 -1.8147231367903351 14.81843571131354 2.6550805738079424 6.463126317420347 -3.149986644980398 0.4723168404408895 16.350542420740126 -5.910184292793517 2.222904750687107 -2.2295077739226876 -11.70342002353413 -9.55393072804444 -13.06370870400732 -4.009989674320877
6.55310621242485 5.671703925306613 -3.2101248878926825 0.26494589014516734 -1.7029779213588192 -6.733314936417933 -5.315638971570813 9.2116105018711 15.870554599766002 29.75914990379518 11.83613713184057 14.349153638320221 3.631220618177397 8.007673184904892 -4.763638194314615 -1.7936054275896332 14.83955342051426 2.6761982830086444 6.484244026621049 -3.1288689357796784 0.49343454964160927 16.371660129940828 -5.889066583592797 2.244022459887809 -2.208390064721968 -11.682302314333429 -9.532813018843738 -13.0425909948066 -3.9888719651201576
6.613226452905812 5.692624035296259 -3.1892047779030364 0.28586600013481345 -1.682057811369173 -6.712394826428287 -5.294718861581167 9.232530611860746 15.891474709755649 29.780070013784826 11.857057241830216 14.370073748309867 3.6521407281670433 8.028593294894538 -4.742718084324969 -1.772685317599987 14.860473530503906 2.6971183929982905 6.505164136610695 -3.1079488257900323 0.5143546596312554 16.392580239930474 -5.868146473603151 2.264942569877455 -2.1874699547323218 -11.661382204343782 -9.511892908854092 -13.021670884816954 -3.9679518551305115
6.673346693386773 5.713351249771694 -3.168477563427583 0.3065932146102668 -1.6613305968937198 -6.691667611952852 -5.2739916471057136 9.253257826336181 15.912201924231102 29.80079722826027 11.877784456305651 14.390800962785303 3.672867942642479 8.049320509369991 -4.721990869849534 -1.7519581031245337 14.88120074497936 2.717845607473744 6.525891351086148 -3.0872216113145967 0.535081874106691 16.413307454405928 -5.847419259127715 2.2856697843529084 -2.166742740256886 -11.64065498986833 -9.491165694378639 -13.000943670341519 -3.947224640655076
6.733466933867735 5.733889305374618 -3.1479395078246597 0.32713127021317234 -1.6407925412908142 -6.671129556349928 -5.25345359150279 9.273795881939105 15.932739979834007 29.821335283863185 11.898322511908574 14.411339018388226 3.693405998245402 8.069858564972915 -4.70145281424661 -1.7314200475216104 14.901738800582265 2.7383836630766494 6.546429406689054 -3.0666835557116734 0.5556199297096143 16.433845510008833 -5.826881203524792 2.306207839955814 -2.146204684653963 -11.620116934265424 -9.470627638775733 -12.980405614738595 -3.9266865850521526
6.793587174348697 5.754242447436226 -3.1275863657630687 0.3474844122747811 -1.6204393992292054 -6.65077641428832 -5.233100449441199 9.294149024000696 15.953093121895616 29.841688425924783 11.918675653970165 14.431692160449817 3.713759140307011 8.090211707034506 -4.681099672185019 -1.7110669054600194 14.922091942643874 2.758736805138258 6.566782548750663 -3.0463304136500646 0.5759730717712053 16.454198652070442 -5.806528061463183 2.3265609820174227 -2.125851542592354 -11.599763792203815 -9.450274496714124 -12.960052472676987 -3.906333442990544
6.853707414829659 5.77441429369598 -3.1074145195032976 0.36765625853453443 -1.6002675529694343 -6.630604568028566 -5.212928603181428 9.314320870260467 15.973264968155387 29.861860272184547 11.938847500229937 14.451864006709588 3.7339309865667643 8.110383553294277 -4.660927825925248 -1.6908950592002483 14.942263788903627 2.7789086513980115 6.586954395010416 -3.0261585673903113 0.5961449180309764 16.474370498330213 -5.78635621520343 2.3467328282771938 -2.1056796963326008 -11.579591945944061 -9.430102650454371 -12.939880626417233 -3.8861615967307905
