web/models/kne/14/villar_0.1775_0.1867_1.0000.dat
# %ECSV 1.0
# ---
# datatype:
# - {name: time, datatype: float64}
# - {name: swift_uvot_uvw2, datatype: float64}
# - {name: swift_uvot_uvm2, datatype: float64}
# - {name: swift_uvot_uvw1, datatype: float64}
# - {name: swift_uvot_U, datatype: float64}
# - {name: swift_uvot_B, datatype: float64}
# - {name: swift_uvot_V, datatype: float64}
# - {name: swift_uvot_W, datatype: float64}
# - {name: johnson_U, datatype: float64}
# - {name: johnson_B, datatype: float64}
# - {name: johnson_V, datatype: float64}
# - {name: johnson_R, datatype: float64}
# - {name: johnson_I, datatype: float64}
# - {name: sdss_u, datatype: float64}
# - {name: sdss_g, datatype: float64}
# - {name: sdss_r, datatype: float64}
# - {name: sdss_i, datatype: float64}
# - {name: sdss_z, datatype: float64}
# - {name: PS1_g, datatype: float64}
# - {name: PS1_r, datatype: float64}
# - {name: PS1_i, datatype: float64}
# - {name: PS1_z, datatype: float64}
# - {name: PS1_Y, datatype: float64}
# - {name: PS1_w, datatype: float64}
# - {name: ATLAS_c, datatype: float64}
# - {name: ATLAS_o, datatype: float64}
# - {name: ukirt_J, datatype: float64}
# - {name: ukirt_H, datatype: float64}
# - {name: ukirt_K, datatype: float64}
# - {name: Clear, datatype: float64}
# meta: !!omap
# - comment: [kappa = 1.0, type = villar, mass = 0.1774768329891343, velocity = 0.1866666666666667, theta_obs = 0.0]
# schema: astropy-2.0
time swift_uvot_uvw2 swift_uvot_uvm2 swift_uvot_uvw1 swift_uvot_U swift_uvot_B swift_uvot_V swift_uvot_W johnson_U johnson_B johnson_V johnson_R johnson_I sdss_u sdss_g sdss_r sdss_i sdss_z PS1_g PS1_r PS1_i PS1_z PS1_Y PS1_w ATLAS_c ATLAS_o ukirt_J ukirt_H ukirt_K Clear
[from data line 77]
0.009917 -10.851 -10.639 -10.503 -10.089 -9.735 -9.355 -10.348 -10.036 -9.732 -9.344 -8.955 -8.504 -10.046 -9.614 -9.129 -8.772 -8.437 -9.611 -9.186 -8.848 -8.648 -8.713 -9.193 -9.425 -8.983 -7.767 -7.222 -6.592 -9.273
0.010217 -10.893 -10.684 -10.55 -10.138 -9.786 -9.407 -10.394 -10.086 -9.782 -9.396 -9.008 -8.557 -10.096 -9.665 -9.181 -8.826 -8.491 -9.661 -9.237 -8.899 -8.699 -8.762 -9.245 -9.477 -9.036 -7.821 -7.276 -6.647 -9.325
0.010526 -10.935 -10.73 -10.596 -10.188 -9.837 -9.459 -10.441 -10.136 -9.833 -9.448 -9.06 -8.61 -10.146 -9.716 -9.234 -8.878 -8.544 -9.712 -9.289 -8.951 -8.75 -8.811 -9.297 -9.528 -9.089 -7.875 -7.33 -6.701 -9.376
0.010845 -10.977 -10.775 -10.643 -10.237 -9.888 -9.511 -10.487 -10.185 -9.884 -9.5 -9.113 -8.664 -10.195 -9.768 -9.286 -8.931 -8.597 -9.763 -9.34 -9.003 -8.801 -8.859 -9.349 -9.58 -9.141 -7.929 -7.385 -6.756 -9.428
0.011173 -11.019 -10.82 -10.689 -10.286 -9.938 -9.562 -10.533 -10.235 -9.935 -9.552 -9.166 -8.717 -10.245 -9.819 -9.338 -8.984 -8.651 -9.813 -9.392 -9.055 -8.853 -8.908 -9.401 -9.631 -9.194 -7.983 -7.439 -6.81 -9.48
0.011511 -11.06 -10.864 -10.735 -10.335 -9.989 -9.614 -10.579 -10.284 -9.985 -9.603 -9.218 -8.77 -10.294 -9.869 -9.39 -9.037 -8.704 -9.864 -9.443 -9.106 -8.904 -8.956 -9.453 -9.683 -9.246 -8.036 -7.493 -6.865 -9.531
0.011859 -11.102 -10.909 -10.78 -10.384 -10.039 -9.665 -10.625 -10.333 -10.036 -9.655 -9.27 -8.823 -10.343 -9.92 -9.442 -9.09 -8.757 -9.914 -9.494 -9.158 -8.955 -9.005 -9.505 -9.734 -9.298 -8.09 -7.548 -6.92 -9.583
0.012217 -11.143 -10.953 -10.826 -10.433 -10.09 -9.717 -10.671 -10.382 -10.086 -9.706 -9.323 -8.876 -10.392 -9.971 -9.494 -9.142 -8.81 -9.964 -9.546 -9.209 -9.006 -9.053 -9.556 -9.785 -9.35 -8.144 -7.602 -6.974 -9.634
0.012587 -11.184 -10.998 -10.872 -10.482 -10.14 -9.768 -10.716 -10.431 -10.136 -9.758 -9.375 -8.929 -10.441 -10.022 -9.546 -9.195 -8.863 -10.015 -9.597 -9.261 -9.057 -9.102 -9.608 -9.836 -9.403 -8.198 -7.656 -7.029 -9.685
0.012968 -11.225 -11.042 -10.917 -10.531 -10.19 -9.82 -10.761 -10.48 -10.186 -9.809 -9.427 -8.982 -10.49 -10.072 -9.598 -9.247 -8.916 -10.065 -9.648 -9.312 -9.108 -9.15 -9.659 -9.887 -9.455 -8.251 -7.71 -7.083 -9.736
0.01336 -11.265 -11.085 -10.962 -10.579 -10.24 -9.871 -10.807 -10.529 -10.236 -9.86 -9.479 -9.035 -10.539 -10.123 -9.65 -9.3 -8.969 -10.115 -9.699 -9.364 -9.159 -9.198 -9.711 -9.938 -9.507 -8.305 -7.764 -7.137 -9.788
0.013764 -11.306 -11.129 -11.007 -10.628 -10.29 -9.922 -10.852 -10.578 -10.286 -9.911 -9.531 -9.087 -10.587 -10.173 -9.702 -9.352 -9.022 -10.165 -9.75 -9.415 -9.21 -9.247 -9.762 -9.989 -9.559 -8.359 -7.818 -7.192 -9.839
0.01418 -11.346 -11.173 -11.052 -10.676 -10.34 -9.973 -10.897 -10.626 -10.336 -9.963 -9.583 -9.14 -10.636 -10.223 -9.753 -9.404 -9.075 -10.215 -9.801 -9.466 -9.26 -9.295 -9.813 -10.04 -9.61 -8.412 -7.872 -7.246 -9.89
0.014609 -11.386 -11.216 -11.097 -10.724 -10.39 -10.024 -10.941 -10.675 -10.386 -10.014 -9.635 -9.193 -10.684 -10.273 -9.805 -9.457 -9.127 -10.264 -9.852 -9.518 -9.311 -9.343 -9.864 -10.091 -9.662 -8.466 -7.926 -7.3 -9.94
0.015051 -11.426 -11.259 -11.141 -10.772 -10.44 -10.075 -10.986 -10.723 -10.436 -10.065 -9.686 -9.245 -10.733 -10.324 -9.856 -9.509 -9.18 -10.314 -9.902 -9.569 -9.362 -9.392 -9.916 -10.141 -9.714 -8.519 -7.98 -7.354 -9.991
0.015506 -11.465 -11.302 -11.185 -10.82 -10.489 -10.126 -11.03 -10.771 -10.485 -10.115 -9.738 -9.298 -10.781 -10.374 -9.908 -9.561 -9.233 -10.364 -9.953 -9.62 -9.413 -9.44 -9.967 -10.192 -9.766 -8.573 -8.033 -7.409 -10.042
0.015975 -11.505 -11.345 -11.23 -10.868 -10.539 -10.177 -11.075 -10.819 -10.535 -10.166 -9.79 -9.35 -10.829 -10.423 -9.959 -9.613 -9.285 -10.413 -10.004 -9.671 -9.463 -9.488 -10.018 -10.242 -9.817 -8.626 -8.087 -7.463 -10.092
0.016458 -11.544 -11.387 -11.274 -10.915 -10.588 -10.227 -11.119 -10.867 -10.584 -10.217 -9.841 -9.403 -10.877 -10.473 -10.01 -9.665 -9.338 -10.463 -10.054 -9.722 -9.514 -9.537 -10.068 -10.293 -9.869 -8.679 -8.141 -7.517 -10.143
0.016956 -11.583 -11.43 -11.317 -10.963 -10.637 -10.278 -11.163 -10.915 -10.634 -10.267 -9.893 -9.455 -10.925 -10.523 -10.061 -9.717 -9.39 -10.512 -10.105 -9.773 -9.565 -9.585 -10.119 -10.343 -9.92 -8.733 -8.195 -7.571 -10.194
0.017469 -11.622 -11.472 -11.361 -11.011 -10.687 -10.328 -11.207 -10.963 -10.683 -10.318 -9.944 -9.507 -10.972 -10.573 -10.113 -9.769 -9.443 -10.562 -10.155 -9.824 -9.615 -9.633 -10.17 -10.393 -9.972 -8.786 -8.248 -7.625 -10.244
0.017997 -11.661 -11.514 -11.405 -11.058 -10.736 -10.379 -11.251 -11.011 -10.732 -10.369 -9.996 -9.559 -11.02 -10.622 -10.164 -9.821 -9.495 -10.611 -10.206 -9.875 -9.666 -9.681 -10.221 -10.443 -10.023 -8.839 -8.302 -7.679 -10.294
0.018541 -11.699 -11.556 -11.448 -11.105 -10.785 -10.429 -11.294 -11.058 -10.781 -10.419 -10.047 -9.612 -11.068 -10.672 -10.215 -9.872 -9.547 -10.66 -10.256 -9.926 -9.716 -9.729 -10.271 -10.494 -10.074 -8.892 -8.356 -7.733 -10.344
0.019102 -11.738 -11.598 -11.491 -11.152 -10.834 -10.48 -11.337 -11.106 -10.83 -10.469 -10.098 -9.664 -11.115 -10.721 -10.265 -9.924 -9.6 -10.709 -10.306 -9.976 -9.767 -9.778 -10.322 -10.543 -10.125 -8.945 -8.409 -7.787 -10.395
0.01968 -11.776 -11.639 -11.534 -11.199 -10.883 -10.53 -11.381 -11.153 -10.879 -10.519 -10.15 -9.716 -11.162 -10.77 -10.316 -9.976 -9.652 -10.758 -10.356 -10.027 -9.817 -9.826 -10.372 -10.593 -10.177 -8.998 -8.463 -7.841 -10.445
0.020275 -11.813 -11.68 -11.577 -11.246 -10.931 -10.58 -11.424 -11.2 -10.927 -10.57 -10.201 -9.768 -11.209 -10.82 -10.367 -10.027 -9.704 -10.807 -10.407 -10.078 -9.868 -9.874 -10.423 -10.643 -10.228 -9.051 -8.516 -7.895 -10.495
0.020888 -11.851 -11.722 -11.62 -11.293 -10.98 -10.63 -11.467 -11.247 -10.976 -10.62 -10.252 -9.82 -11.256 -10.869 -10.418 -10.079 -9.756 -10.856 -10.457 -10.128 -9.918 -9.922 -10.473 -10.693 -10.279 -9.104 -8.57 -7.949 -10.545
0.02152 -11.889 -11.762 -11.662 -11.339 -11.028 -10.68 -11.509 -11.294 -11.025 -10.67 -10.303 -9.872 -11.303 -10.918 -10.468 -10.13 -9.808 -10.905 -10.507 -10.179 -9.968 -9.97 -10.523 -10.743 -10.33 -9.157 -8.623 -8.002 -10.595
0.022171 -11.926 -11.803 -11.705 -11.386 -11.077 -10.73 -11.552 -11.341 -11.073 -10.72 -10.354 -9.924 -11.35 -10.967 -10.519 -10.182 -9.86 -10.953 -10.557 -10.23 -10.019 -10.019 -10.573 -10.792 -10.381 -9.21 -8.676 -8.056 -10.644
0.022841 -11.963 -11.844 -11.747 -11.432 -11.125 -10.78 -11.595 -11.388 -11.121 -10.77 -10.405 -9.976 -11.397 -11.016 -10.57 -10.233 -9.912 -11.002 -10.607 -10.28 -10.069 -10.067 -10.623 -10.842 -10.431 -9.263 -8.73 -8.11 -10.694
0.023532 -12.0 -11.884 -11.789 -11.479 -11.174 -10.83 -11.637 -11.434 -11.17 -10.819 -10.456 -10.027 -11.443 -11.064 -10.62 -10.284 -9.964 -11.051 -10.656 -10.331 -10.119 -10.115 -10.673 -10.891 -10.482 -9.316 -8.783 -8.164 -10.744
0.024244 -12.036 -11.924 -11.831 -11.525 -11.222 -10.879 -11.679 -11.481 -11.218 -10.869 -10.506 -10.079 -11.49 -11.113 -10.67 -10.335 -10.016 -11.099 -10.706 -10.381 -10.17 -10.163 -10.723 -10.94 -10.533 -9.368 -8.836 -8.217 -10.793
0.024977 -12.073 -11.964 -11.872 -11.571 -11.27 -10.929 -11.721 -11.527 -11.266 -10.919 -10.557 -10.131 -11.536 -11.162 -10.721 -10.387 -10.068 -11.147 -10.756 -10.431 -10.22 -10.211 -10.773 -10.99 -10.583 -9.421 -8.89 -8.271 -10.843
0.025733 -12.109 -12.004 -11.914 -11.617 -11.318 -10.978 -11.763 -11.573 -11.314 -10.968 -10.608 -10.182 -11.582 -11.21 -10.771 -10.438 -10.119 -11.196 -10.806 -10.482 -10.27 -10.259 -10.823 -11.039 -10.634 -9.474 -8.943 -8.325 -10.892
0.026511 -12.145 -12.043 -11.955 -11.662 -11.366 -11.028 -11.804 -11.62 -11.362 -11.018 -10.658 -10.234 -11.629 -11.259 -10.821 -10.489 -10.171 -11.244 -10.855 -10.532 -10.32 -10.308 -10.873 -11.088 -10.685 -9.527 -8.996 -8.378 -10.941
0.027313 -12.181 -12.083 -11.996 -11.708 -11.413 -11.077 -11.846 -11.666 -11.41 -11.067 -10.709 -10.285 -11.674 -11.307 -10.871 -10.54 -10.223 -11.292 -10.905 -10.582 -10.37 -10.356 -10.922 -11.137 -10.735 -9.579 -9.049 -8.432 -10.991
0.028139 -12.216 -12.122 -12.037 -11.754 -11.461 -11.127 -11.887 -11.712 -11.457 -11.116 -10.759 -10.337 -11.72 -11.355 -10.921 -10.591 -10.274 -11.34 -10.954 -10.632 -10.42 -10.404 -10.972 -11.186 -10.785 -9.632 -9.102 -8.485 -11.04
0.02899 -12.252 -12.16 -12.078 -11.799 -11.509 -11.176 -11.928 -11.757 -11.505 -11.166 -10.81 -10.388 -11.766 -11.403 -10.971 -10.642 -10.326 -11.388 -11.004 -10.682 -10.47 -10.452 -11.021 -11.235 -10.836 -9.684 -9.155 -8.539 -11.089
0.029867 -12.287 -12.199 -12.118 -11.844 -11.556 -11.225 -11.969 -11.803 -11.552 -11.215 -10.86 -10.44 -11.812 -11.451 -11.021 -10.692 -10.377 -11.436 -11.053 -10.732 -10.52 -10.5 -11.071 -11.283 -10.886 -9.737 -9.208 -8.592 -11.138
0.03077 -12.322 -12.238 -12.159 -11.889 -11.603 -11.274 -12.01 -11.848 -11.6 -11.264 -10.91 -10.491 -11.857 -11.499 -11.071 -10.743 -10.429 -11.484 -11.102 -10.783 -10.57 -10.548 -11.12 -11.332 -10.936 -9.789 -9.261 -8.646 -11.187
0.031701 -12.356 -12.276 -12.199 -11.934 -11.651 -11.323 -12.051 -11.894 -11.647 -11.313 -10.96 -10.542 -11.902 -11.547 -11.12 -10.794 -10.48 -11.531 -11.152 -10.832 -10.62 -10.596 -11.169 -11.381 -10.986 -9.842 -9.314 -8.699 -11.236
0.032659 -12.391 -12.314 -12.239 -11.979 -11.698 -11.372 -12.091 -11.939 -11.694 -11.362 -11.01 -10.593 -11.948 -11.595 -11.17 -10.845 -10.532 -11.579 -11.201 -10.882 -10.67 -10.645 -11.218 -11.429 -11.036 -9.894 -9.367 -8.753 -11.284
0.033647 -12.425 -12.352 -12.279 -12.024 -11.745 -11.421 -12.132 -11.984 -11.741 -11.411 -11.06 -10.644 -11.993 -11.642 -11.22 -10.895 -10.583 -11.626 -11.25 -10.932 -10.72 -10.693 -11.268 -11.478 -11.086 -9.946 -9.42 -8.806 -11.333
0.034665 -12.459 -12.389 -12.318 -12.069 -11.792 -11.469 -12.172 -12.029 -11.788 -11.459 -11.11 -10.695 -12.038 -11.69 -11.269 -10.946 -10.634 -11.674 -11.299 -10.982 -10.77 -10.741 -11.317 -11.526 -11.136 -9.999 -9.473 -8.86 -11.382
0.035713 -12.493 -12.427 -12.358 -12.113 -11.839 -11.518 -12.212 -12.074 -11.835 -11.508 -11.16 -10.746 -12.083 -11.737 -11.319 -10.996 -10.685 -11.721 -11.348 -11.032 -10.82 -10.789 -11.365 -11.574 -11.186 -10.051 -9.526 -8.913 -11.43
0.036793 -12.526 -12.464 -12.397 -12.157 -11.885 -11.567 -12.252 -12.119 -11.882 -11.557 -11.21 -10.797 -12.127 -11.785 -11.368 -11.046 -10.737 -11.768 -11.397 -11.082 -10.869 -10.837 -11.414 -11.622 -11.236 -10.103 -9.579 -8.966 -11.478
0.037906 -12.56 -12.501 -12.436 -12.202 -11.932 -11.615 -12.291 -12.163 -11.928 -11.605 -11.26 -10.848 -12.172 -11.832 -11.417 -11.097 -10.788 -11.815 -11.446 -11.131 -10.919 -10.885 -11.463 -11.67 -11.285 -10.155 -9.632 -9.019 -11.527
0.039052 -12.592 -12.537 -12.475 -12.246 -11.979 -11.664 -12.331 -12.208 -11.975 -11.654 -11.31 -10.899 -12.216 -11.879 -11.466 -11.147 -10.839 -11.863 -11.494 -11.181 -10.969 -10.933 -11.512 -11.718 -11.335 -10.207 -9.684 -9.073 -11.575
0.040234 -12.625 -12.574 -12.513 -12.289 -12.025 -11.712 -12.37 -12.252 -12.021 -11.702 -11.359 -10.95 -12.26 -11.926 -11.516 -11.197 -10.89 -11.91 -11.543 -11.231 -11.019 -10.981 -11.56 -11.766 -11.384 -10.26 -9.737 -9.126 -11.623
0.04145 -12.658 -12.61 -12.552 -12.333 -12.071 -11.76 -12.409 -12.296 -12.068 -11.75 -11.409 -11.001 -12.305 -11.973 -11.565 -11.247 -10.941 -11.956 -11.592 -11.28 -11.068 -11.029 -11.609 -11.814 -11.434 -10.312 -9.79 -9.179 -11.671
0.042704 -12.69 -12.646 -12.59 -12.377 -12.118 -11.808 -12.448 -12.34 -12.114 -11.798 -11.458 -11.051 -12.349 -12.02 -11.614 -11.297 -10.991 -12.003 -11.64 -11.33 -11.118 -11.077 -11.657 -11.862 -11.483 -10.364 -9.842 -9.232 -11.719
0.043996 -12.722 -12.681 -12.628 -12.42 -12.164 -11.856 -12.487 -12.384 -12.16 -11.846 -11.508 -11.102 -12.392 -12.067 -11.663 -11.348 -11.042 -12.05 -11.689 -11.379 -11.167 -11.125 -11.706 -11.909 -11.533 -10.416 -9.895 -9.286 -11.767
0.045326 -12.754 -12.717 -12.666 -12.464 -12.21 -11.904 -12.525 -12.428 -12.206 -11.894 -11.557 -11.153 -12.436 -12.113 -11.711 -11.397 -11.093 -12.096 -11.737 -11.428 -11.217 -11.173 -11.754 -11.957 -11.582 -10.468 -9.948 -9.339 -11.815
0.046697 -12.785 -12.752 -12.703 -12.507 -12.255 -11.952 -12.564 -12.472 -12.252 -11.942 -11.606 -11.203 -12.48 -12.16 -11.76 -11.447 -11.144 -12.143 -11.785 -11.478 -11.266 -11.222 -11.802 -12.004 -11.631 -10.519 -10.0 -9.392 -11.863
0.048109 -12.816 -12.787 -12.741 -12.55 -12.301 -12.0 -12.602 -12.515 -12.298 -11.99 -11.656 -11.254 -12.523 -12.206 -11.809 -11.497 -11.194 -12.189 -11.834 -11.527 -11.316 -11.27 -11.85 -12.052 -11.68 -10.571 -10.053 -9.445 -11.91
0.049564 -12.847 -12.822 -12.778 -12.593 -12.347 -12.048 -12.64 -12.559 -12.343 -12.038 -11.705 -11.304 -12.566 -12.253 -11.857 -11.547 -11.245 -12.236 -11.882 -11.576 -11.365 -11.318 -11.899 -12.099 -11.729 -10.623 -10.105 -9.498 -11.958
0.051063 -12.878 -12.856 -12.815 -12.635 -12.392 -12.095 -12.678 -12.602 -12.389 -12.085 -11.754 -11.354 -12.61 -12.299 -11.906 -11.597 -11.296 -12.282 -11.93 -11.625 -11.415 -11.366 -11.946 -12.146 -11.778 -10.675 -10.158 -9.551 -12.005
0.052608 -12.908 -12.89 -12.851 -12.678 -12.438 -12.143 -12.716 -12.645 -12.434 -12.133 -11.803 -11.405 -12.653 -12.345 -11.954 -11.646 -11.346 -12.328 -11.978 -11.674 -11.464 -11.414 -11.994 -12.193 -11.827 -10.727 -10.21 -9.604 -12.053
0.054199 -12.938 -12.924 -12.888 -12.72 -12.483 -12.19 -12.753 -12.688 -12.479 -12.18 -11.852 -11.455 -12.695 -12.391 -12.003 -11.696 -11.396 -12.374 -12.026 -11.723 -11.513 -11.462 -12.042 -12.24 -11.876 -10.778 -10.262 -9.657 -12.1
0.055838 -12.968 -12.958 -12.924 -12.763 -12.528 -12.237 -12.79 -12.731 -12.524 -12.228 -11.9 -11.505 -12.738 -12.437 -12.051 -11.745 -11.447 -12.42 -12.074 -11.772 -11.562 -11.51 -12.09 -12.287 -11.925 -10.83 -10.315 -9.71 -12.147
0.057527 -12.998 -12.991 -12.96 -12.805 -12.573 -12.285 -12.828 -12.773 -12.57 -12.275 -11.949 -11.555 -12.781 -12.483 -12.099 -11.795 -11.497 -12.466 -12.122 -11.821 -11.612 -11.557 -12.137 -12.333 -11.973 -10.882 -10.367 -9.763 -12.194
0.059267 -13.027 -13.025 -12.996 -12.847 -12.618 -12.332 -12.864 -12.816 -12.614 -12.322 -11.998 -11.605 -12.823 -12.528 -12.147 -11.844 -11.547 -12.511 -12.17 -11.87 -11.661 -11.605 -12.185 -12.38 -12.022 -10.933 -10.419 -9.816 -12.241
0.061059 -13.056 -13.057 -13.032 -12.888 -12.663 -12.379 -12.901 -12.858 -12.659 -12.369 -12.047 -11.655 -12.865 -12.574 -12.195 -11.893 -11.598 -12.557 -12.217 -11.919 -11.71 -11.653 -12.232 -12.427 -12.071 -10.985 -10.472 -9.868 -12.288
0.062906 -13.085 -13.09 -13.067 -12.93 -12.707 -12.426 -12.938 -12.9 -12.704 -12.416 -12.095 -11.705 -12.907 -12.619 -12.243 -11.943 -11.648 -12.602 -12.265 -11.968 -11.759 -11.701 -12.28 -12.473 -12.119 -11.036 -10.524 -9.921 -12.335
0.064808 -13.113 -13.122 -13.102 -12.971 -12.752 -12.473 -12.974 -12.942 -12.748 -12.463 -12.144 -11.755 -12.949 -12.665 -12.291 -11.992 -11.698 -12.648 -12.312 -12.016 -11.808 -11.749 -12.327 -12.519 -12.167 -11.088 -10.576 -9.974 -12.382
0.066769 -13.141 -13.154 -13.137 -13.013 -12.796 -12.519 -13.01 -12.984 -12.793 -12.51 -12.192 -11.805 -12.991 -12.71 -12.339 -12.041 -11.748 -12.693 -12.36 -12.065 -11.857 -11.797 -12.374 -12.566 -12.216 -11.139 -10.628 -10.027 -12.428
0.068788 -13.169 -13.186 -13.171 -13.054 -12.841 -12.566 -13.046 -13.025 -12.837 -12.557 -12.24 -11.855 -13.032 -12.755 -12.387 -12.09 -11.798 -12.738 -12.407 -12.114 -11.906 -11.845 -12.421 -12.612 -12.264 -11.191 -10.68 -10.08 -12.475
0.070868 -13.196 -13.218 -13.206 -13.095 -12.885 -12.612 -13.082 -13.067 -12.881 -12.603 -12.288 -11.905 -13.074 -12.8 -12.434 -12.139 -11.848 -12.783 -12.454 -12.162 -11.955 -11.893 -12.468 -12.658 -12.312 -11.242 -10.732 -10.132 -12.521
0.073012 -13.224 -13.249 -13.24 -13.135 -12.929 -12.659 -13.117 -13.108 -12.925 -12.65 -12.337 -11.954 -13.115 -12.845 -12.482 -12.188 -11.898 -12.828 -12.502 -12.211 -12.004 -11.941 -12.515 -12.704 -12.36 -11.293 -10.785 -10.185 -12.568
0.07522 -13.251 -13.28 -13.274 -13.176 -12.973 -12.705 -13.153 -13.149 -12.969 -12.696 -12.385 -12.004 -13.156 -12.889 -12.529 -12.237 -11.948 -12.873 -12.549 -12.259 -12.052 -11.988 -12.562 -12.749 -12.408 -11.344 -10.837 -10.238 -12.614
