web/models/grb/onaxis/3/grb_0.0000_1.0000_0.0000016.dat
# %ECSV 1.0
# ---
# datatype:
# - {name: time, datatype: float64}
# - {name: swift_uvot_uvw2, datatype: float64}
# - {name: swift_uvot_uvm2, datatype: float64}
# - {name: swift_uvot_uvw1, datatype: float64}
# - {name: swift_uvot_U, datatype: float64}
# - {name: swift_uvot_B, datatype: float64}
# - {name: swift_uvot_V, datatype: float64}
# - {name: swift_uvot_W, datatype: float64}
# - {name: johnson_U, datatype: float64}
# - {name: johnson_B, datatype: float64}
# - {name: johnson_V, datatype: float64}
# - {name: johnson_R, datatype: float64}
# - {name: johnson_I, datatype: float64}
# - {name: sdss_u, datatype: float64}
# - {name: sdss_g, datatype: float64}
# - {name: sdss_r, datatype: float64}
# - {name: sdss_i, datatype: float64}
# - {name: sdss_z, datatype: float64}
# - {name: PS1_g, datatype: float64}
# - {name: PS1_r, datatype: float64}
# - {name: PS1_i, datatype: float64}
# - {name: PS1_z, datatype: float64}
# - {name: PS1_Y, datatype: float64}
# - {name: PS1_w, datatype: float64}
# - {name: ATLAS_c, datatype: float64}
# - {name: ATLAS_o, datatype: float64}
# - {name: ukirt_J, datatype: float64}
# - {name: ukirt_H, datatype: float64}
# - {name: ukirt_K, datatype: float64}
# - {name: Clear, datatype: float64}
# meta: !!omap
# - comment: [E = 0.00043396498804093575, Eta0 = 8.02, GammaB = 12.0, dL = 0.012188, epsb = 6.760829753919819e-06, epse = 0.1, n = 1.584893192461114e-06,
#     p = 2.15, theta_obs = 0.0, xiN = 1.0, z = 0.0, type = grb, E_kiso = 1.0]
# schema: astropy-2.0
time swift_uvot_uvw2 swift_uvot_uvm2 swift_uvot_uvw1 swift_uvot_U swift_uvot_B swift_uvot_V swift_uvot_W johnson_U johnson_B johnson_V johnson_R johnson_I sdss_u sdss_g sdss_r sdss_i sdss_z PS1_g PS1_r PS1_i PS1_z PS1_Y PS1_w ATLAS_c ATLAS_o ukirt_J ukirt_H ukirt_K Clear
[from data line 438]
342.181 13.54 13.59 13.515 13.322 13.179 13.04 13.401 13.299 13.177 13.035 12.895 12.746 13.304 13.132 12.96 12.839 12.729 13.068 12.925 12.806 12.707 12.538 12.962 13.057 12.905 12.517 12.347 12.157 12.872
350.4355 13.579 13.628 13.553 13.36 13.218 13.079 13.439 13.338 13.215 13.073 12.933 12.784 13.343 13.17 12.998 12.878 12.767 13.106 12.964 12.844 12.745 12.577 13.001 13.096 12.943 12.555 12.386 12.195 12.91
358.8891 13.617 13.666 13.592 13.399 13.256 13.117 13.478 13.376 13.254 13.112 12.971 12.823 13.381 13.209 13.037 12.916 12.805 13.145 13.002 12.883 12.783 12.615 13.039 13.134 12.981 12.594 12.424 12.234 12.949
367.5467 13.655 13.705 13.63 13.437 13.295 13.156 13.516 13.415 13.292 13.15 13.01 12.861 13.42 13.247 13.075 12.955 12.844 13.183 13.041 12.921 12.822 12.654 13.078 13.173 13.02 12.632 12.463 12.272 12.987
376.4131 13.694 13.743 13.668 13.475 13.333 13.194 13.555 13.453 13.331 13.189 13.048 12.9 13.458 13.286 13.114 12.993 12.882 13.222 13.079 12.959 12.86 12.692 13.116 13.211 13.058 12.67 12.501 12.311 13.026
385.4933 13.732 13.782 13.707 13.514 13.372 13.232 13.593 13.492 13.369 13.227 13.087 12.938 13.497 13.324 13.152 13.031 12.921 13.26 13.118 12.998 12.899 12.731 13.154 13.25 13.097 12.709 12.54 12.349 13.064
394.7926 13.774 13.823 13.748 13.555 13.413 13.274 13.634 13.533 13.41 13.269 13.128 12.979 13.538 13.365 13.193 13.073 12.962 13.302 13.159 13.039 12.94 12.772 13.196 13.291 13.138 12.75 12.581 12.39 13.105
404.3163 13.816 13.865 13.79 13.597 13.455 13.316 13.676 13.575 13.452 13.31 13.17 13.021 13.58 13.407 13.235 13.115 13.004 13.343 13.201 13.081 12.982 12.814 13.238 13.333 13.18 12.792 12.623 12.432 13.147
414.0697 13.858 13.907 13.832 13.639 13.497 13.358 13.718 13.617 13.494 13.352 13.212 13.063 13.622 13.449 13.277 13.157 13.046 13.385 13.243 13.123 13.024 12.856 13.28 13.375 13.222 12.834 12.665 12.474 13.189
424.0583 13.899 13.949 13.874 13.681 13.539 13.4 13.76 13.659 13.536 13.394 13.254 13.105 13.664 13.491 13.319 13.199 13.088 13.427 13.285 13.165 13.066 12.898 13.322 13.417 13.264 12.876 12.707 12.516 13.231
434.2879 13.941 13.991 13.916 13.723 13.581 13.442 13.802 13.701 13.578 13.436 13.296 13.147 13.706 13.533 13.361 13.241 13.13 13.469 13.327 13.207 13.108 12.94 13.364 13.459 13.306 12.918 12.749 12.558 13.273
444.7643 13.983 14.033 13.958 13.765 13.623 13.484 13.844 13.743 13.62 13.478 13.338 13.189 13.748 13.575 13.403 13.283 13.172 13.511 13.369 13.249 13.15 12.982 13.406 13.501 13.348 12.96 12.791 12.6 13.315
455.4934 14.025 14.075 14.0 13.807 13.665 13.526 13.886 13.785 13.662 13.52 13.38 13.231 13.79 13.617 13.445 13.325 13.214 13.553 13.411 13.291 13.192 13.024 13.448 13.543 13.39 13.002 12.833 12.642 13.357
466.4814 14.067 14.117 14.042 13.849 13.707 13.568 13.928 13.827 13.704 13.562 13.422 13.273 13.832 13.659 13.487 13.367 13.256 13.595 13.453 13.333 13.234 13.066 13.49 13.585 13.432 13.044 12.875 12.684 13.399
477.7344 14.109 14.159 14.084 13.891 13.749 13.609 13.97 13.869 13.746 13.604 13.464 13.315 13.874 13.701 13.529 13.409 13.298 13.637 13.495 13.375 13.276 13.108 13.531 13.627 13.474 13.086 12.917 12.726 13.441
489.2588 14.151 14.201 14.126 13.933 13.791 13.651 14.012 13.911 13.788 13.646 13.506 13.357 13.916 13.743 13.571 13.451 13.34 13.679 13.537 13.417 13.318 13.15 13.573 13.669 13.516 13.128 12.959 12.768 13.483
501.0613 14.189 14.238 14.163 13.97 13.828 13.689 14.05 13.948 13.825 13.684 13.543 13.395 13.953 13.78 13.609 13.488 13.377 13.717 13.574 13.454 13.355 13.187 13.611 13.706 13.553 13.165 12.996 12.806 13.521
513.1485 14.226 14.275 14.2 14.007 13.865 13.726 14.087 13.985 13.863 13.721 13.58 13.432 13.99 13.817 13.646 13.525 13.414 13.754 13.611 13.491 13.392 13.224 13.648 13.743 13.59 13.202 13.033 12.843 13.558
525.5272 14.263 14.312 14.237 14.044 13.902 13.763 14.124 14.022 13.9 13.758 13.617 13.469 14.027 13.855 13.683 13.562 13.451 13.791 13.648 13.528 13.429 13.261 13.685 13.78 13.627 13.239 13.07 12.88 13.595
538.2046 14.3 14.349 14.275 14.082 13.939 13.8 14.161 14.059 13.937 13.795 13.654 13.506 14.064 13.892 13.72 13.599 13.488 13.828 13.685 13.565 13.466 13.298 13.722 13.817 13.664 13.276 13.107 12.917 13.632
551.1878 14.337 14.386 14.312 14.119 13.976 13.837 14.198 14.096 13.974 13.832 13.691 13.543 14.101 13.929 13.757 13.636 13.526 13.865 13.722 13.603 13.504 13.335 13.759 13.854 13.702 13.314 13.144 12.954 13.669
564.4842 14.374 14.424 14.349 14.156 14.013 13.874 14.235 14.133 14.011 13.869 13.729 13.58 14.138 13.966 13.794 13.673 13.563 13.902 13.759 13.64 13.541 13.372 13.796 13.891 13.739 13.351 13.181 12.991 13.706
578.1013 14.411 14.461 14.386 14.193 14.05 13.911 14.272 14.17 14.048 13.906 13.766 13.617 14.175 14.003 13.831 13.71 13.6 13.939 13.797 13.677 13.578 13.409 13.833 13.928 13.776 13.388 13.218 13.028 13.743
592.0469 14.448 14.498 14.423 14.23 14.087 13.948 14.309 14.207 14.085 13.943 13.803 13.654 14.213 14.04 13.868 13.747 13.637 13.976 13.834 13.714 13.615 13.447 13.87 13.966 13.813 13.425 13.255 13.065 13.78
606.329 14.485 14.535 14.46 14.267 14.125 13.985 14.346 14.245 14.122 13.98 13.84 13.691 14.25 14.077 13.905 13.784 13.674 14.013 13.871 13.751 13.652 13.484 13.907 14.003 13.85 13.462 13.293 13.102 13.817
620.9555 14.522 14.572 14.497 14.304 14.162 14.022 14.383 14.282 14.159 14.017 13.877 13.728 14.287 14.114 13.942 13.821 13.711 14.05 13.908 13.788 13.689 13.521 13.944 14.04 13.887 13.499 13.33 13.139 13.854
635.9349 14.558 14.608 14.533 14.34 14.197 14.058 14.419 14.317 14.195 14.053 13.913 13.764 14.323 14.15 13.978 13.857 13.747 14.086 13.944 13.824 13.725 13.556 13.98 14.076 13.923 13.535 13.365 13.175 13.89
651.2757 14.594 14.644 14.569 14.376 14.233 14.094 14.455 14.353 14.231 14.089 13.949 13.8 14.358 14.186 14.014 13.893 13.783 14.122 13.98 13.86 13.761 13.592 14.016 14.111 13.959 13.571 13.401 13.211 13.926
666.9865 14.63 14.68 14.605 14.412 14.269 14.13 14.491 14.389 14.267 14.125 13.985 13.836 14.394 14.222 14.05 13.929 13.819 14.158 14.015 13.896 13.797 13.628 14.052 14.147 13.995 13.607 13.437 13.247 13.962
683.0763 14.666 14.715 14.641 14.448 14.305 14.166 14.527 14.425 14.303 14.161 14.02 13.872 14.43 14.258 14.086 13.965 13.855 14.194 14.051 13.932 13.833 13.664 14.088 14.183 14.031 13.643 13.473 13.283 13.998
699.5543 14.702 14.751 14.677 14.484 14.341 14.202 14.563 14.461 14.339 14.197 14.056 13.908 14.466 14.294 14.122 14.001 13.89 14.23 14.087 13.967 13.868 13.7 14.124 14.219 14.066 13.678 13.509 13.319 14.034
716.4297 14.738 14.787 14.712 14.519 14.377 14.238 14.599 14.497 14.375 14.233 14.092 13.944 14.502 14.33 14.158 14.037 13.926 14.266 14.123 14.003 13.904 13.736 14.16 14.255 14.102 13.714 13.545 13.355 14.07
733.7123 14.774 14.823 14.748 14.555 14.413 14.274 14.635 14.533 14.411 14.269 14.128 13.98 14.538 14.365 14.194 14.073 13.962 14.302 14.159 14.039 13.94 13.772 14.196 14.291 14.138 13.75 13.581 13.391 14.106
751.4117 14.81 14.859 14.784 14.591 14.449 14.31 14.671 14.569 14.447 14.305 14.164 14.016 14.574 14.401 14.23 14.109 13.998 14.338 14.195 14.075 13.976 13.808 14.232 14.327 14.174 13.786 13.617 13.427 14.142
769.5381 14.846 14.895 14.82 14.627 14.485 14.346 14.707 14.605 14.482 14.341 14.2 14.052 14.61 14.437 14.265 14.145 14.034 14.374 14.231 14.111 14.012 13.844 14.268 14.363 14.21 13.822 13.653 13.462 14.177
788.1018 14.882 14.931 14.856 14.663 14.521 14.382 14.743 14.641 14.519 14.377 14.236 14.088 14.646 14.473 14.302 14.181 14.07 14.41 14.267 14.147 14.048 13.88 14.304 14.399 14.246 13.858 13.689 13.499 14.214
807.1133 14.918 14.968 14.893 14.7 14.558 14.418 14.779 14.678 14.555 14.413 14.273 14.124 14.683 14.51 14.338 14.217 14.107 14.446 14.304 14.184 14.085 13.917 14.34 14.436 14.283 13.895 13.726 13.535 14.25
826.5834 14.955 15.004 14.929 14.736 14.594 14.455 14.816 14.714 14.592 14.45 14.309 14.161 14.719 14.547 14.375 14.254 14.143 14.483 14.34 14.22 14.121 13.953 14.377 14.472 14.319 13.931 13.762 13.572 14.287
846.5232 14.991 15.041 14.966 14.773 14.631 14.492 14.852 14.751 14.628 14.486 14.346 14.197 14.756 14.583 14.411 14.291 14.18 14.519 14.377 14.257 14.158 13.99 14.414 14.509 14.356 13.968 13.799 13.608 14.323
866.944 15.028 15.077 15.003 14.81 14.667 14.528 14.889 14.787 14.665 14.523 14.382 14.234 14.792 14.62 14.448 14.327 14.217 14.556 14.413 14.294 14.195 14.026 14.45 14.545 14.393 14.005 13.835 13.645 14.36
887.8575 15.065 15.114 15.039 14.846 14.704 14.565 14.926 14.824 14.701 14.56 14.419 14.271 14.829 14.656 14.484 14.364 14.253 14.593 14.45 14.33 14.231 14.063 14.487 14.582 14.429 14.041 13.872 13.681 14.396
909.2754 15.101 15.151 15.076 14.883 14.74 14.601 14.962 14.86 14.738 14.596 14.456 14.307 14.865 14.693 14.521 14.4 14.29 14.629 14.487 14.367 14.268 14.099 14.523 14.618 14.466 14.078 13.908 13.718 14.433
931.21 15.138 15.187 15.112 14.919 14.777 14.638 14.999 14.897 14.775 14.633 14.492 14.344 14.902 14.729 14.558 14.437 14.326 14.666 14.523 14.403 14.304 14.136 14.56 14.655 14.502 14.114 13.945 13.755 14.47
953.6737 15.174 15.224 15.149 14.956 14.814 14.674 15.035 14.934 14.811 14.669 14.529 14.38 14.939 14.766 14.594 14.474 14.363 14.702 14.56 14.44 14.341 14.173 14.596 14.692 14.539 14.151 13.982 13.791 14.506
976.6793 15.211 15.26 15.186 14.993 14.85 14.711 15.072 14.97 14.848 14.706 14.565 14.417 14.975 14.803 14.631 14.51 14.399 14.739 14.596 14.476 14.377 14.209 14.633 14.728 14.575 14.187 14.018 13.828 14.543
1000.2399 15.247 15.296 15.221 15.028 14.886 14.747 15.107 15.006 14.883 14.741 14.601 14.452 15.011 14.838 14.666 14.546 14.435 14.774 14.632 14.512 14.413 14.245 14.669 14.764 14.611 14.223 14.054 13.863 14.578
1024.3688 15.281 15.33 15.255 15.062 14.92 14.781 15.141 15.04 14.917 14.776 14.635 14.486 15.045 14.872 14.7 14.58 14.469 14.809 14.666 14.546 14.447 14.279 14.703 14.798 14.645 14.257 14.088 13.897 14.612
1049.0798 15.315 15.364 15.289 15.096 14.954 14.815 15.175 15.074 14.951 14.81 14.669 14.52 15.079 14.906 14.734 14.614 14.503 14.843 14.7 14.58 14.481 14.313 14.737 14.832 14.679 14.291 14.122 13.931 14.646
1074.3869 15.349 15.398 15.323 15.13 14.988 14.849 15.21 15.108 14.985 14.844 14.703 14.554 15.113 14.94 14.768 14.648 14.537 14.877 14.734 14.614 14.515 14.347 14.771 14.866 14.713 14.325 14.156 13.965 14.68
1100.3045 15.383 15.432 15.357 15.164 15.022 14.883 15.244 15.142 15.019 14.878 14.737 14.589 15.147 14.974 14.802 14.682 14.571 14.911 14.768 14.648 14.549 14.381 14.805 14.9 14.747 14.359 14.19 13.999 14.714
1126.8473 15.417 15.466 15.391 15.198 15.056 14.917 15.278 15.176 15.053 14.912 14.771 14.623 15.181 15.008 14.836 14.716 14.605 14.945 14.802 14.682 14.583 14.415 14.839 14.934 14.781 14.393 14.224 14.034 14.749
1154.0304 15.451 15.5 15.425 15.232 15.09 14.951 15.312 15.21 15.087 14.946 14.805 14.657 15.215 15.042 14.871 14.75 14.639 14.979 14.836 14.716 14.617 14.449 14.873 14.968 14.815 14.427 14.258 14.068 14.783
1181.8693 15.485 15.534 15.459 15.266 15.124 14.985 15.346 15.244 15.121 14.98 14.839 14.691 15.249 15.076 14.905 14.784 14.673 15.013 14.87 14.75 14.651 14.483 14.907 15.002 14.849 14.461 14.292 14.102 14.817
1210.3797 15.519 15.568 15.493 15.3 15.158 15.019 15.38 15.278 15.156 15.014 14.873 14.725 15.283 15.11 14.939 14.818 14.707 15.047 14.904 14.784 14.685 14.517 14.941 15.036 14.883 14.495 14.326 14.136 14.851
1239.5778 15.553 15.602 15.527 15.334 15.192 15.053 15.414 15.312 15.19 15.048 14.907 14.759 15.317 15.144 14.973 14.852 14.741 15.081 14.938 14.818 14.719 14.551 14.975 15.07 14.917 14.529 14.36 14.17 14.885
1269.4803 15.585 15.635 15.56 15.367 15.224 15.085 15.446 15.344 15.222 15.08 14.94 14.791 15.349 15.177 15.005 14.884 14.774 15.113 14.97 14.851 14.752 14.583 15.007 15.102 14.95 14.562 14.392 14.202 14.917
1300.1042 15.616 15.665 15.591 15.398 15.255 15.116 15.477 15.375 15.253 15.111 14.97 14.822 15.38 15.208 15.036 14.915 14.805 15.144 15.001 14.882 14.783 14.614 15.038 15.133 14.981 14.593 14.423 14.233 14.948
1331.4668 15.647 15.696 15.622 15.429 15.286 15.147 15.508 15.406 15.284 15.142 15.001 14.853 15.411 15.239 15.067 14.946 14.835 15.175 15.032 14.912 14.813 14.645 15.069 15.164 15.011 14.623 14.454 14.264 14.979
1363.586 15.678 15.727 15.652 15.459 15.317 15.178 15.539 15.437 15.315 15.173 15.032 14.884 15.442 15.27 15.098 14.977 14.866 15.206 15.063 14.943 14.844 14.676 15.1 15.195 15.042 14.654 14.485 14.295 15.01
1396.48 15.709 15.758 15.683 15.49 15.348 15.209 15.57 15.468 15.346 15.204 15.063 14.915 15.473 15.3 15.129 15.008 14.897 15.237 15.094 14.974 14.875 14.707 15.131 15.226 15.073 14.685 14.516 14.326 15.041
1430.1675 15.74 15.789 15.714 15.521 15.379 15.24 15.601 15.499 15.376 15.235 15.094 14.946 15.504 15.331 15.16 15.039 14.928 15.268 15.125 15.005 14.906 14.738 15.162 15.257 15.104 14.716 14.547 14.357 15.072
1464.6676 15.771 15.82 15.745 15.552 15.41 15.271 15.631 15.53 15.407 15.266 15.125 14.976 15.535 15.362 15.19 15.07 14.959 15.299 15.156 15.036 14.937 14.769 15.193 15.288 15.135 14.747 14.578 14.387 15.102
1500.0 15.801 15.851 15.776 15.583 15.441 15.302 15.662 15.561 15.438 15.296 15.156 15.007 15.566 15.393 15.221 15.101 14.99 15.329 15.187 15.067 14.968 14.8 15.224 15.319 15.166 14.778 14.609 14.418 15.133
