web/models/grb/onaxis/3/grb_0.0000_0.1000_1.0000000.dat
# %ECSV 1.0
# ---
# datatype:
# - {name: time, datatype: float64}
# - {name: swift_uvot_uvw2, datatype: float64}
# - {name: swift_uvot_uvm2, datatype: float64}
# - {name: swift_uvot_uvw1, datatype: float64}
# - {name: swift_uvot_U, datatype: float64}
# - {name: swift_uvot_B, datatype: float64}
# - {name: swift_uvot_V, datatype: float64}
# - {name: swift_uvot_W, datatype: float64}
# - {name: johnson_U, datatype: float64}
# - {name: johnson_B, datatype: float64}
# - {name: johnson_V, datatype: float64}
# - {name: johnson_R, datatype: float64}
# - {name: johnson_I, datatype: float64}
# - {name: sdss_u, datatype: float64}
# - {name: sdss_g, datatype: float64}
# - {name: sdss_r, datatype: float64}
# - {name: sdss_i, datatype: float64}
# - {name: sdss_z, datatype: float64}
# - {name: PS1_g, datatype: float64}
# - {name: PS1_r, datatype: float64}
# - {name: PS1_i, datatype: float64}
# - {name: PS1_z, datatype: float64}
# - {name: PS1_Y, datatype: float64}
# - {name: PS1_w, datatype: float64}
# - {name: ATLAS_c, datatype: float64}
# - {name: ATLAS_o, datatype: float64}
# - {name: ukirt_J, datatype: float64}
# - {name: ukirt_H, datatype: float64}
# - {name: ukirt_K, datatype: float64}
# - {name: Clear, datatype: float64}
# meta: !!omap
# - comment: [E = 4.339649880409358e-05, Eta0 = 8.02, GammaB = 12.0, dL = 0.012188, epsb = 6.760829753919819e-06, epse = 0.1, n = 1.0,
#     p = 2.15, theta_obs = 0.0, xiN = 1.0, z = 0.0, type = grb, E_kiso = 0.1]
# schema: astropy-2.0
time swift_uvot_uvw2 swift_uvot_uvm2 swift_uvot_uvw1 swift_uvot_U swift_uvot_B swift_uvot_V swift_uvot_W johnson_U johnson_B johnson_V johnson_R johnson_I sdss_u sdss_g sdss_r sdss_i sdss_z PS1_g PS1_r PS1_i PS1_z PS1_Y PS1_w ATLAS_c ATLAS_o ukirt_J ukirt_H ukirt_K Clear
[from data line 338]
31.5528 12.93 12.98 12.905 12.712 12.569 12.43 12.791 12.689 12.567 12.425 12.285 12.136 12.694 12.522 12.35 12.229 12.119 12.458 12.316 12.196 12.097 11.928 12.352 12.447 12.295 11.907 11.737 11.547 12.262
32.3139 13.265 13.314 13.24 13.047 12.904 12.765 13.126 13.024 12.902 12.76 12.619 12.471 13.029 12.857 12.685 12.564 12.453 12.793 12.65 12.531 12.431 12.263 12.687 12.782 12.629 12.242 12.072 11.882 12.597
33.0935 13.6 13.649 13.574 13.381 13.239 13.1 13.461 13.359 13.237 13.095 12.954 12.806 13.364 13.191 13.02 12.899 12.788 13.128 12.985 12.865 12.766 12.598 13.022 13.117 12.964 12.576 12.407 12.217 12.932
33.8918 13.935 13.984 13.909 13.716 13.574 13.435 13.796 13.694 13.571 13.43 13.289 13.141 13.699 13.526 13.354 13.234 13.123 13.463 13.32 13.2 13.101 12.933 13.357 13.452 13.299 12.911 12.742 12.551 13.266
34.7093 14.269 14.319 14.244 14.051 13.909 13.77 14.13 14.029 13.906 13.764 13.624 13.475 14.034 13.861 13.689 13.569 13.458 13.797 13.655 13.535 13.436 13.268 13.692 13.787 13.634 13.246 13.077 12.886 13.601
35.5466 14.604 14.654 14.579 14.386 14.243 14.104 14.465 14.364 14.241 14.099 13.959 13.81 14.369 14.196 14.024 13.903 13.793 14.132 13.99 13.87 13.771 13.603 14.026 14.122 13.969 13.581 13.411 13.221 13.936
36.4041 14.939 14.989 14.914 14.721 14.578 14.439 14.8 14.698 14.576 14.434 14.294 14.145 14.703 14.531 14.359 14.238 14.128 14.467 14.324 14.205 14.106 13.937 14.361 14.456 14.304 13.916 13.746 13.556 14.271
37.2823 15.274 15.323 15.249 15.056 14.913 14.774 15.135 15.033 14.911 14.769 14.628 14.48 15.038 14.866 14.694 14.573 14.462 14.802 14.659 14.539 14.44 14.272 14.696 14.791 14.638 14.25 14.081 13.891 14.606
38.1817 15.609 15.658 15.583 15.39 15.248 15.109 15.47 15.368 15.246 15.104 14.963 14.815 15.373 15.2 15.029 14.908 14.797 15.137 14.994 14.874 14.775 14.607 15.031 15.126 14.973 14.585 14.416 14.226 14.941
39.1028 15.944 15.993 15.918 15.725 15.583 15.444 15.804 15.703 15.58 15.439 15.298 15.149 15.708 15.535 15.363 15.243 15.132 15.472 15.329 15.209 15.11 14.942 15.366 15.461 15.308 14.92 14.751 14.56 15.275
40.046 16.278 16.328 16.253 16.06 15.918 15.778 16.139 16.038 15.915 15.773 15.633 15.484 16.043 15.87 15.698 15.578 15.467 15.806 15.664 15.544 15.445 15.277 15.701 15.796 15.643 15.255 15.086 14.895 15.61
41.0121 16.613 16.663 16.588 16.395 16.252 16.113 16.474 16.372 16.25 16.108 15.968 15.819 16.378 16.205 16.033 15.912 15.802 16.141 15.999 15.879 15.78 15.611 16.035 16.131 15.978 15.59 15.42 15.23 15.945
42.0014 16.948 16.997 16.923 16.73 16.587 16.448 16.809 16.707 16.585 16.443 16.303 16.154 16.712 16.54 16.368 16.247 16.137 16.476 16.333 16.214 16.115 15.946 16.37 16.465 16.313 15.925 15.755 15.565 16.28
43.0146 17.283 17.332 17.257 17.065 16.922 16.783 17.144 17.042 16.92 16.778 16.637 16.489 17.047 16.875 16.703 16.582 16.471 16.811 16.668 16.548 16.449 16.281 16.705 16.8 16.647 16.259 16.09 15.9 16.615
44.0523 17.618 17.667 17.592 17.399 17.257 17.118 17.479 17.377 17.255 17.113 16.972 16.824 17.382 17.209 17.038 16.917 16.806 17.146 17.003 16.883 16.784 16.616 17.04 17.135 16.982 16.594 16.425 16.235 16.95
45.1149 17.953 18.002 17.927 17.734 17.592 17.453 17.813 17.712 17.589 17.447 17.307 17.158 17.717 17.544 17.372 17.252 17.141 17.48 17.338 17.218 17.119 16.951 17.375 17.47 17.317 16.929 16.76 16.569 17.284
46.2033 18.287 18.337 18.262 18.069 17.927 17.787 18.148 18.047 17.924 17.782 17.642 17.493 18.052 17.879 17.707 17.587 17.476 17.815 17.673 17.553 17.454 17.286 17.709 17.805 17.652 17.264 17.095 16.904 17.619
47.3178 18.622 18.672 18.597 18.404 18.261 18.122 18.483 18.381 18.259 18.117 17.977 17.828 18.386 18.214 18.042 17.921 17.811 18.15 18.008 17.888 17.789 17.62 18.044 18.139 17.987 17.599 17.429 17.239 17.954
48.4593 18.957 19.006 18.932 18.739 18.596 18.457 18.818 18.716 18.594 18.452 18.311 18.163 18.721 18.549 18.377 18.256 18.146 18.485 18.342 18.223 18.124 17.955 18.379 18.474 18.322 17.934 17.764 17.574 18.289
49.6283 19.292 19.341 19.266 19.073 18.931 18.792 19.153 19.051 18.929 18.787 18.646 18.498 19.056 18.884 18.712 18.591 18.48 18.82 18.677 18.557 18.458 18.29 18.714 18.809 18.656 18.268 18.099 17.909 18.624
50.8255 19.627 19.676 19.601 19.408 19.266 19.127 19.488 19.386 19.263 19.122 18.981 18.833 19.391 19.218 19.047 18.926 18.815 19.155 19.012 18.892 18.793 18.625 19.049 19.144 18.991 18.603 18.434 18.244 18.959
52.0515 19.961 20.011 19.936 19.743 19.601 19.462 19.822 19.721 19.598 19.456 19.316 19.167 19.726 19.553 19.381 19.261 19.15 19.489 19.347 19.227 19.128 18.96 19.384 19.479 19.326 18.938 18.769 18.578 19.293
53.3072 20.296 20.346 20.271 20.078 19.936 19.796 20.157 20.056 19.933 19.791 19.651 19.502 20.061 19.888 19.716 19.595 19.485 19.824 19.682 19.562 19.463 19.295 19.718 19.814 19.661 19.273 19.104 18.913 19.628
54.5931 20.631 20.681 20.606 20.413 20.27 20.131 20.492 20.39 20.268 20.126 19.986 19.837 20.395 20.223 20.051 19.93 19.82 20.159 20.017 19.897 19.798 19.629 20.053 20.148 19.996 19.608 19.438 19.248 19.963
55.9101 20.966 21.015 20.941 20.748 20.605 20.466 20.827 20.725 20.603 20.461 20.32 20.172 20.73 20.558 20.386 20.265 20.154 20.494 20.351 20.232 20.132 19.964 20.388 20.483 20.33 19.943 19.773 19.583 20.298
57.2588 21.301 21.35 21.275 21.082 20.94 20.801 21.162 21.06 20.938 20.796 20.655 20.507 21.065 20.892 20.721 20.6 20.489 20.829 20.686 20.566 20.467 20.299 20.723 20.818 20.665 20.277 20.108 19.918 20.633
58.6401 21.636 21.685 21.61 21.417 21.275 21.136 21.497 21.395 21.272 21.131 20.99 20.842 21.4 21.227 21.055 20.935 20.824 21.164 21.021 20.901 20.802 20.634 21.058 21.153 21.0 20.612 20.443 20.253 20.968
60.0546 21.97 22.02 21.945 21.752 21.61 21.471 21.831 21.73 21.607 21.465 21.325 21.176 21.735 21.562 21.39 21.27 21.159 21.498 21.356 21.236 21.137 20.969 21.393 21.488 21.335 20.947 20.778 20.587 21.302
61.5034 22.305 22.355 22.28 22.087 21.945 21.805 22.166 22.065 21.942 21.8 21.66 21.511 22.07 21.897 21.725 21.604 21.494 21.833 21.691 21.571 21.472 21.304 21.727 21.823 21.67 21.282 21.113 20.922 21.637
62.987 22.64 22.69 22.615 22.422 22.279 22.14 22.501 22.399 22.277 22.135 21.995 21.846 22.404 22.232 22.06 21.939 21.829 22.168 22.025 21.906 21.807 21.638 22.062 22.157 22.005 21.617 21.447 21.257 21.972
64.5065 22.975 23.024 22.95 22.757 22.614 22.475 22.836 22.734 22.612 22.47 22.329 22.181 22.739 22.567 22.395 22.274 22.163 22.503 22.36 22.24 22.141 21.973 22.397 22.492 22.339 21.951 21.782 21.592 22.307
66.0626 23.31 23.359 23.284 23.091 22.949 22.81 23.171 23.069 22.947 22.805 22.664 22.516 23.074 22.901 22.73 22.609 22.498 22.838 22.695 22.575 22.476 22.308 22.732 22.827 22.674 22.286 22.117 21.927 22.642
67.6562 23.645 23.694 23.619 23.426 23.284 23.145 23.505 23.404 23.281 23.14 22.999 22.85 23.409 23.236 23.064 22.944 22.833 23.173 23.03 22.91 22.811 22.643 23.067 23.162 23.009 22.621 22.452 22.261 22.976
69.2883 23.979 24.029 23.954 23.761 23.619 23.48 23.84 23.739 23.616 23.474 23.334 23.185 23.744 23.571 23.399 23.279 23.168 23.507 23.365 23.245 23.146 22.978 23.402 23.497 23.344 22.956 22.787 22.596 23.311
70.9597 24.314 24.364 24.289 24.096 23.953 23.814 24.175 24.073 23.951 23.809 23.669 23.52 24.079 23.906 23.734 23.613 23.503 23.842 23.7 23.58 23.481 23.312 23.736 23.832 23.679 23.291 23.121 22.931 23.646
72.6715 24.649 24.699 24.624 24.431 24.288 24.149 24.51 24.408 24.286 24.144 24.004 23.855 24.413 24.241 24.069 23.948 23.838 24.177 24.034 23.915 23.816 23.647 24.071 24.166 24.014 23.626 23.456 23.266 23.981
74.4246 24.984 25.033 24.958 24.766 24.623 24.484 24.845 24.743 24.621 24.479 24.338 24.19 24.748 24.576 24.404 24.283 24.172 24.512 24.369 24.249 24.15 23.982 24.406 24.501 24.348 23.96 23.791 23.601 24.316
76.2199 25.319 25.368 25.293 25.1 24.958 24.819 25.18 25.078 24.956 24.814 24.673 24.525 25.083 24.91 24.739 24.618 24.507 24.847 24.704 24.584 24.485 24.317 24.741 24.836 24.683 24.295 24.126 23.936 24.651
78.0586 25.654 25.703 25.628 25.435 25.293 25.154 25.514 25.413 25.29 25.148 25.008 24.859 25.418 25.245 25.073 24.953 24.842 25.181 25.039 24.919 24.82 24.652 25.076 25.171 25.018 24.63 24.461 24.27 24.985
79.9416 25.988 26.038 25.963 25.77 25.628 25.488 25.849 25.748 25.625 25.483 25.343 25.194 25.753 25.58 25.408 25.288 25.177 25.516 25.374 25.254 25.155 24.987 25.41 25.506 25.353 24.965 24.796 24.605 25.32
81.87 26.323 26.373 26.298 26.105 25.962 25.823 26.184 26.082 25.96 25.818 25.678 25.529 26.087 25.915 25.743 25.622 25.512 25.851 25.709 25.589 25.49 25.321 25.745 25.841 25.688 25.3 25.13 24.94 25.655
83.845 26.658 26.707 26.633 26.44 26.297 26.158 26.519 26.417 26.295 26.153 26.012 25.864 26.422 26.25 26.078 25.957 25.847 26.186 26.043 25.924 25.825 25.656 26.08 26.175 26.023 25.635 25.465 25.275 25.99
85.8676 26.993 27.042 26.967 26.774 26.632 26.493 26.854 26.752 26.63 26.488 26.347 26.199 26.757 26.585 26.413 26.292 26.181 26.521 26.378 26.258 26.159 25.991 26.415 26.51 26.357 25.969 25.8 25.61 26.325
87.939 27.328 27.377 27.302 27.109 26.967 26.828 27.189 27.087 26.965 26.823 26.682 26.534 27.092 26.919 26.748 26.627 26.516 26.856 26.713 26.593 26.494 26.326 26.75 26.845 26.692 26.304 26.135 25.945 26.66
90.0604 27.662 27.712 27.637 27.444 27.302 27.163 27.523 27.422 27.299 27.157 27.017 26.868 27.427 27.254 27.082 26.962 26.851 27.19 27.048 26.928 26.829 26.661 27.085 27.18 27.027 26.639 26.47 26.279 26.994
92.2329 27.997 28.047 27.972 27.779 27.637 27.497 27.858 27.757 27.634 27.492 27.352 27.203 27.762 27.589 27.417 27.296 27.186 27.525 27.383 27.263 27.164 26.996 27.419 27.515 27.362 26.974 26.805 26.614 27.329
94.4579 28.332 28.382 28.307 28.114 27.971 27.832 28.193 28.091 27.969 27.827 27.687 27.538 28.096 27.924 27.752 27.631 27.521 27.86 27.718 27.598 27.499 27.33 27.754 27.849 27.697 27.309 27.139 26.949 27.664
96.7365 28.667 28.716 28.642 28.449 28.306 28.167 28.528 28.426 28.304 28.162 28.021 27.873 28.431 28.259 28.087 27.966 27.856 28.195 28.052 27.933 27.834 27.665 28.089 28.184 28.032 27.644 27.474 27.284 27.999
99.0701 29.002 29.051 28.976 28.783 28.641 28.502 28.863 28.761 28.639 28.497 28.356 28.208 28.766 28.594 28.422 28.301 28.19 28.53 28.387 28.267 28.168 28.0 28.424 28.519 28.366 27.978 27.809 27.619 28.334
101.4599 29.337 29.386 29.311 29.118 28.976 28.837 29.198 29.096 28.973 28.832 28.691 28.543 29.101 28.928 28.756 28.636 28.525 28.865 28.722 28.602 28.503 28.335 28.759 28.854 28.701 28.313 28.144 27.954 28.669
103.9075 29.671 29.721 29.646 29.453 29.311 29.172 29.532 29.431 29.308 29.166 29.026 28.877 29.436 29.263 29.091 28.971 28.86 29.199 29.057 28.937 28.838 28.67 29.094 29.189 29.036 28.648 28.479 28.288 29.003
106.4141 30.006 30.056 29.981 29.788 29.646 29.506 29.867 29.766 29.643 29.501 29.361 29.212 29.771 29.598 29.426 29.305 29.195 29.534 29.392 29.272 29.173 29.005 29.428 29.524 29.371 28.983 28.814 28.623 29.338
108.9811 30.341 30.391 30.316 30.123 29.98 29.841 30.202 30.1 29.978 29.836 29.696 29.547 30.105 29.933 29.761 29.64 29.53 29.869 29.727 29.607 29.508 29.339 29.763 29.858 29.706 29.318 29.148 28.958 29.673
111.6101 30.676 30.725 30.651 30.458 30.315 30.176 30.537 30.435 30.313 30.171 30.03 29.882 30.44 30.268 30.096 29.975 29.864 30.204 30.061 29.942 29.842 29.674 30.098 30.193 30.04 29.653 29.483 29.293 30.008
114.3025 31.011 31.06 30.985 30.792 30.65 30.511 30.872 30.77 30.648 30.506 30.365 30.217 30.775 30.602 30.431 30.31 30.199 30.539 30.396 30.276 30.177 30.009 30.433 30.528 30.375 29.987 29.818 29.628 30.343
117.0598 31.346 31.395 31.32 31.127 30.985 30.846 31.207 31.105 30.982 30.841 30.7 30.552 31.11 30.937 30.765 30.645 30.534 30.874 30.731 30.611 30.512 30.344 30.768 30.863 30.71 30.322 30.153 29.962 30.677
119.8836 31.68 31.73 31.655 31.462 31.32 31.181 31.541 31.44 31.317 31.175 31.035 30.886 31.445 31.272 31.1 30.98 30.869 31.208 31.066 30.946 30.847 30.679 31.103 31.198 31.045 30.657 30.488 30.297 31.012
122.7756 32.015 32.065 31.99 31.797 31.654 31.515 31.876 31.775 31.652 31.51 31.37 31.221 31.78 31.607 31.435 31.314 31.204 31.543 31.401 31.281 31.182 31.014 31.437 31.533 31.38 30.992 30.822 30.632 31.347
125.7373 32.35 32.4 32.325 32.132 31.989 31.85 32.211 32.109 31.987 31.845 31.705 31.556 32.114 31.942 31.77 31.649 31.539 31.878 31.735 31.616 31.517 31.348 31.772 31.867 31.715 31.327 31.157 30.967 31.682
128.7705 32.685 32.734 32.66 32.467 32.324 32.185 32.546 32.444 32.322 32.18 32.039 31.891 32.449 32.277 32.105 31.984 31.873 32.213 32.07 31.95 31.851 31.683 32.107 32.202 32.049 31.661 31.492 31.302 32.017
131.8769 33.02 33.069 32.994 32.801 32.659 32.52 32.881 32.779 32.657 32.515 32.374 32.226 32.784 32.611 32.44 32.319 32.208 32.548 32.405 32.285 32.186 32.018 32.442 32.537 32.384 31.996 31.827 31.637 32.352
135.0582 33.355 33.404 33.329 33.136 32.994 32.855 33.215 33.114 32.991 32.85 32.709 32.56 33.119 32.946 32.774 32.654 32.543 32.883 32.74 32.62 32.521 32.353 32.777 32.872 32.719 32.331 32.162 31.971 32.686
138.3162 33.689 33.739 33.664 33.471 33.329 33.189 33.55 33.449 33.326 33.184 33.044 32.895 33.454 33.281 33.109 32.989 32.878 33.217 33.075 32.955 32.856 32.688 33.112 33.207 33.054 32.666 32.497 32.306 33.021
141.6528 34.024 34.074 33.999 33.806 33.663 33.524 33.885 33.783 33.661 33.519 33.379 33.23 33.789 33.616 33.444 33.323 33.213 33.552 33.41 33.29 33.191 33.022 33.446 33.542 33.389 33.001 32.831 32.641 33.356
145.0699 34.359 34.408 34.334 34.141 33.998 33.859 34.22 34.118 33.996 33.854 33.714 33.565 34.123 33.951 33.779 33.658 33.548 33.887 33.744 33.625 33.526 33.357 33.781 33.876 33.724 33.336 33.166 32.976 33.691
148.5695 34.694 34.743 34.668 34.476 34.333 34.194 34.555 34.453 34.331 34.189 34.048 33.9 34.458 34.286 34.114 33.993 33.882 34.222 34.079 33.959 33.86 33.692 34.116 34.211 34.058 33.67 33.501 33.311 34.026
152.1534 35.029 35.078 35.003 34.81 34.668 34.529 34.89 34.788 34.666 34.524 34.383 34.235 34.793 34.62 34.449 34.328 34.217 34.557 34.414 34.294 34.195 34.027 34.451 34.546 34.393 34.005 33.836 33.646 34.361
155.8238 35.364 35.413 35.338 35.145 35.003 34.864 35.224 35.123 35.0 34.858 34.718 34.569 35.128 34.955 34.783 34.663 34.552 34.891 34.749 34.629 34.53 34.362 34.786 34.881 34.728 34.34 34.171 33.98 34.695
159.5828 35.698 35.748 35.673 35.48 35.338 35.198 35.559 35.458 35.335 35.193 35.053 34.904 35.463 35.29 35.118 34.998 34.887 35.226 35.084 34.964 34.865 34.697 35.12 35.216 35.063 34.675 34.506 34.315 35.03
163.4324 36.033 36.083 36.008 35.815 35.672 35.533 35.894 35.792 35.67 35.528 35.388 35.239 35.797 35.625 35.453 35.332 35.222 35.561 35.419 35.299 35.2 35.031 35.455 35.55 35.398 35.01 34.84 34.65 35.365
167.375 36.368 36.417 36.343 36.15 36.007 35.868 36.229 36.127 36.005 35.863 35.722 35.574 36.132 35.96 35.788 35.667 35.557 35.896 35.753 35.634 35.535 35.366 35.79 35.885 35.733 35.345 35.175 34.985 35.7
171.4126 36.703 36.752 36.677 36.484 36.342 36.203 36.564 36.462 36.34 36.198 36.057 35.909 36.467 36.295 36.123 36.002 35.891 36.231 36.088 35.968 35.869 35.701 36.125 36.22 36.067 35.679 35.51 35.32 36.035
175.5476 37.038 37.087 37.012 36.819 36.677 36.538 36.899 36.797 36.674 36.533 36.392 36.244 36.802 36.629 36.458 36.337 36.226 36.566 36.423 36.303 36.204 36.036 36.46 36.555 36.402 36.014 35.845 35.655 36.37
179.7823 37.372 37.422 37.347 37.154 37.012 36.873 37.233 37.132 37.009 36.867 36.727 36.578 37.137 36.964 36.792 36.672 36.561 36.9 36.758 36.638 36.539 36.371 36.795 36.89 36.737 36.349 36.18 35.989 36.704
184.1193 37.707 37.757 37.682 37.489 37.347 37.207 37.568 37.467 37.344 37.202 37.062 36.913 37.472 37.299 37.127 37.006 36.896 37.235 37.093 36.973 36.874 36.706 37.129 37.225 37.072 36.684 36.515 36.324 37.039
