web/models/linear/60/-17_327_2_000.dat
# %ECSV 1.0
# ---
# datatype:
# - {name: time, datatype: float64}
# - {name: sdss_u, datatype: float64}
# - {name: sdss_g, datatype: float64}
# - {name: sdss_r, datatype: float64}
# - {name: sdss_i, datatype: float64}
# - {name: sdss_z, datatype: float64}
# - {name: Clear, datatype: float64}
# - {name: johnson_B, datatype: float64}
# - {name: johnson_V, datatype: float64}
# - {name: johnson_R, datatype: float64}
# - {name: johnson_I, datatype: float64}
# - {name: ukirt_J, datatype: float64}
# - {name: ukirt_H, datatype: float64}
# - {name: ukirt_K, datatype: float64}
# meta: !!omap
# - comment: [M=-17.3265306122449, dM=2.0]
# schema: astropy-2.0
time sdss_u sdss_g sdss_r sdss_i sdss_z Clear johnson_B johnson_V johnson_R johnson_I ukirt_J ukirt_H ukirt_K
[from data line 182]
13.718592964824118 10.110655317403339 10.110655317403339 10.110655317403339 10.110655317403339 10.110655317403339 10.110655317403339 10.110655317403339 10.110655317403339 10.110655317403339 10.110655317403339 10.110655317403339 10.110655317403339 10.110655317403339
13.79396984924623 10.26140908624756 10.26140908624756 10.26140908624756 10.26140908624756 10.26140908624756 10.26140908624756 10.26140908624756 10.26140908624756 10.26140908624756 10.26140908624756 10.26140908624756 10.26140908624756 10.26140908624756
13.86934673366834 10.412162855091783 10.412162855091783 10.412162855091783 10.412162855091783 10.412162855091783 10.412162855091783 10.412162855091783 10.412162855091783 10.412162855091783 10.412162855091783 10.412162855091783 10.412162855091783 10.412162855091783
13.944723618090451 10.562916623936005 10.562916623936005 10.562916623936005 10.562916623936005 10.562916623936005 10.562916623936005 10.562916623936005 10.562916623936005 10.562916623936005 10.562916623936005 10.562916623936005 10.562916623936005 10.562916623936005
14.020100502512562 10.713670392780227 10.713670392780227 10.713670392780227 10.713670392780227 10.713670392780227 10.713670392780227 10.713670392780227 10.713670392780227 10.713670392780227 10.713670392780227 10.713670392780227 10.713670392780227 10.713670392780227
14.095477386934672 10.864424161624445 10.864424161624445 10.864424161624445 10.864424161624445 10.864424161624445 10.864424161624445 10.864424161624445 10.864424161624445 10.864424161624445 10.864424161624445 10.864424161624445 10.864424161624445 10.864424161624445
14.170854271356783 11.015177930468667 11.015177930468667 11.015177930468667 11.015177930468667 11.015177930468667 11.015177930468667 11.015177930468667 11.015177930468667 11.015177930468667 11.015177930468667 11.015177930468667 11.015177930468667 11.015177930468667
14.246231155778894 11.165931699312889 11.165931699312889 11.165931699312889 11.165931699312889 11.165931699312889 11.165931699312889 11.165931699312889 11.165931699312889 11.165931699312889 11.165931699312889 11.165931699312889 11.165931699312889 11.165931699312889
14.321608040201003 11.316685468157107 11.316685468157107 11.316685468157107 11.316685468157107 11.316685468157107 11.316685468157107 11.316685468157107 11.316685468157107 11.316685468157107 11.316685468157107 11.316685468157107 11.316685468157107 11.316685468157107
14.396984924623114 11.46743923700133 11.46743923700133 11.46743923700133 11.46743923700133 11.46743923700133 11.46743923700133 11.46743923700133 11.46743923700133 11.46743923700133 11.46743923700133 11.46743923700133 11.46743923700133 11.46743923700133
14.472361809045225 11.618193005845551 11.618193005845551 11.618193005845551 11.618193005845551 11.618193005845551 11.618193005845551 11.618193005845551 11.618193005845551 11.618193005845551 11.618193005845551 11.618193005845551 11.618193005845551 11.618193005845551
14.547738693467336 11.768946774689773 11.768946774689773 11.768946774689773 11.768946774689773 11.768946774689773 11.768946774689773 11.768946774689773 11.768946774689773 11.768946774689773 11.768946774689773 11.768946774689773 11.768946774689773 11.768946774689773
14.623115577889447 11.919700543533995 11.919700543533995 11.919700543533995 11.919700543533995 11.919700543533995 11.919700543533995 11.919700543533995 11.919700543533995 11.919700543533995 11.919700543533995 11.919700543533995 11.919700543533995 11.919700543533995
14.698492462311556 12.070454312378214 12.070454312378214 12.070454312378214 12.070454312378214 12.070454312378214 12.070454312378214 12.070454312378214 12.070454312378214 12.070454312378214 12.070454312378214 12.070454312378214 12.070454312378214 12.070454312378214
14.773869346733667 12.221208081222436 12.221208081222436 12.221208081222436 12.221208081222436 12.221208081222436 12.221208081222436 12.221208081222436 12.221208081222436 12.221208081222436 12.221208081222436 12.221208081222436 12.221208081222436 12.221208081222436
14.849246231155778 12.371961850066658 12.371961850066658 12.371961850066658 12.371961850066658 12.371961850066658 12.371961850066658 12.371961850066658 12.371961850066658 12.371961850066658 12.371961850066658 12.371961850066658 12.371961850066658 12.371961850066658
14.924623115577887 12.522715618910876 12.522715618910876 12.522715618910876 12.522715618910876 12.522715618910876 12.522715618910876 12.522715618910876 12.522715618910876 12.522715618910876 12.522715618910876 12.522715618910876 12.522715618910876 12.522715618910876
15.0 12.673469387755102 12.673469387755102 12.673469387755102 12.673469387755102 12.673469387755102 12.673469387755102 12.673469387755102 12.673469387755102 12.673469387755102 12.673469387755102 12.673469387755102 12.673469387755102 12.673469387755102
