web/models/linear/60/-17_327_0_123.dat
# %ECSV 1.0
# ---
# datatype:
# - {name: time, datatype: float64}
# - {name: sdss_u, datatype: float64}
# - {name: sdss_g, datatype: float64}
# - {name: sdss_r, datatype: float64}
# - {name: sdss_i, datatype: float64}
# - {name: sdss_z, datatype: float64}
# - {name: Clear, datatype: float64}
# - {name: johnson_B, datatype: float64}
# - {name: johnson_V, datatype: float64}
# - {name: johnson_R, datatype: float64}
# - {name: johnson_I, datatype: float64}
# - {name: ukirt_J, datatype: float64}
# - {name: ukirt_H, datatype: float64}
# - {name: ukirt_K, datatype: float64}
# meta: !!omap
# - comment: [M=-17.3265306122449, dM=0.12257636323289027]
# schema: astropy-2.0
time sdss_u sdss_g sdss_r sdss_i sdss_z Clear johnson_B johnson_V johnson_R johnson_I ukirt_J ukirt_H ukirt_K
[from data line 118]
8.894472361809044 -16.23627853725889 -16.23627853725889 -16.23627853725889 -16.23627853725889 -16.23627853725889 -16.23627853725889 -16.23627853725889 -16.23627853725889 -16.23627853725889 -16.23627853725889 -16.23627853725889 -16.23627853725889 -16.23627853725889
8.969849246231155 -16.2270391128946 -16.2270391128946 -16.2270391128946 -16.2270391128946 -16.2270391128946 -16.2270391128946 -16.2270391128946 -16.2270391128946 -16.2270391128946 -16.2270391128946 -16.2270391128946 -16.2270391128946 -16.2270391128946
9.045226130653266 -16.217799688530313 -16.217799688530313 -16.217799688530313 -16.217799688530313 -16.217799688530313 -16.217799688530313 -16.217799688530313 -16.217799688530313 -16.217799688530313 -16.217799688530313 -16.217799688530313 -16.217799688530313 -16.217799688530313
9.120603015075377 -16.208560264166024 -16.208560264166024 -16.208560264166024 -16.208560264166024 -16.208560264166024 -16.208560264166024 -16.208560264166024 -16.208560264166024 -16.208560264166024 -16.208560264166024 -16.208560264166024 -16.208560264166024 -16.208560264166024
9.195979899497488 -16.199320839801736 -16.199320839801736 -16.199320839801736 -16.199320839801736 -16.199320839801736 -16.199320839801736 -16.199320839801736 -16.199320839801736 -16.199320839801736 -16.199320839801736 -16.199320839801736 -16.199320839801736 -16.199320839801736
9.271356783919597 -16.190081415437447 -16.190081415437447 -16.190081415437447 -16.190081415437447 -16.190081415437447 -16.190081415437447 -16.190081415437447 -16.190081415437447 -16.190081415437447 -16.190081415437447 -16.190081415437447 -16.190081415437447 -16.190081415437447
9.346733668341708 -16.18084199107316 -16.18084199107316 -16.18084199107316 -16.18084199107316 -16.18084199107316 -16.18084199107316 -16.18084199107316 -16.18084199107316 -16.18084199107316 -16.18084199107316 -16.18084199107316 -16.18084199107316 -16.18084199107316
9.422110552763819 -16.17160256670887 -16.17160256670887 -16.17160256670887 -16.17160256670887 -16.17160256670887 -16.17160256670887 -16.17160256670887 -16.17160256670887 -16.17160256670887 -16.17160256670887 -16.17160256670887 -16.17160256670887 -16.17160256670887
9.497487437185928 -16.162363142344585 -16.162363142344585 -16.162363142344585 -16.162363142344585 -16.162363142344585 -16.162363142344585 -16.162363142344585 -16.162363142344585 -16.162363142344585 -16.162363142344585 -16.162363142344585 -16.162363142344585 -16.162363142344585
9.572864321608039 -16.153123717980296 -16.153123717980296 -16.153123717980296 -16.153123717980296 -16.153123717980296 -16.153123717980296 -16.153123717980296 -16.153123717980296 -16.153123717980296 -16.153123717980296 -16.153123717980296 -16.153123717980296 -16.153123717980296
9.64824120603015 -16.143884293616008 -16.143884293616008 -16.143884293616008 -16.143884293616008 -16.143884293616008 -16.143884293616008 -16.143884293616008 -16.143884293616008 -16.143884293616008 -16.143884293616008 -16.143884293616008 -16.143884293616008 -16.143884293616008
9.72361809045226 -16.13464486925172 -16.13464486925172 -16.13464486925172 -16.13464486925172 -16.13464486925172 -16.13464486925172 -16.13464486925172 -16.13464486925172 -16.13464486925172 -16.13464486925172 -16.13464486925172 -16.13464486925172 -16.13464486925172
9.798994974874372 -16.12540544488743 -16.12540544488743 -16.12540544488743 -16.12540544488743 -16.12540544488743 -16.12540544488743 -16.12540544488743 -16.12540544488743 -16.12540544488743 -16.12540544488743 -16.12540544488743 -16.12540544488743 -16.12540544488743
9.874371859296481 -16.116166020523142 -16.116166020523142 -16.116166020523142 -16.116166020523142 -16.116166020523142 -16.116166020523142 -16.116166020523142 -16.116166020523142 -16.116166020523142 -16.116166020523142 -16.116166020523142 -16.116166020523142 -16.116166020523142
9.949748743718592 -16.106926596158853 -16.106926596158853 -16.106926596158853 -16.106926596158853 -16.106926596158853 -16.106926596158853 -16.106926596158853 -16.106926596158853 -16.106926596158853 -16.106926596158853 -16.106926596158853 -16.106926596158853 -16.106926596158853
10.025125628140703 -16.097687171794565 -16.097687171794565 -16.097687171794565 -16.097687171794565 -16.097687171794565 -16.097687171794565 -16.097687171794565 -16.097687171794565 -16.097687171794565 -16.097687171794565 -16.097687171794565 -16.097687171794565 -16.097687171794565
10.100502512562812 -16.08844774743028 -16.08844774743028 -16.08844774743028 -16.08844774743028 -16.08844774743028 -16.08844774743028 -16.08844774743028 -16.08844774743028 -16.08844774743028 -16.08844774743028 -16.08844774743028 -16.08844774743028 -16.08844774743028
10.175879396984923 -16.07920832306599 -16.07920832306599 -16.07920832306599 -16.07920832306599 -16.07920832306599 -16.07920832306599 -16.07920832306599 -16.07920832306599 -16.07920832306599 -16.07920832306599 -16.07920832306599 -16.07920832306599 -16.07920832306599
10.251256281407034 -16.069968898701703 -16.069968898701703 -16.069968898701703 -16.069968898701703 -16.069968898701703 -16.069968898701703 -16.069968898701703 -16.069968898701703 -16.069968898701703 -16.069968898701703 -16.069968898701703 -16.069968898701703 -16.069968898701703
10.326633165829145 -16.060729474337414 -16.060729474337414 -16.060729474337414 -16.060729474337414 -16.060729474337414 -16.060729474337414 -16.060729474337414 -16.060729474337414 -16.060729474337414 -16.060729474337414 -16.060729474337414 -16.060729474337414 -16.060729474337414
10.402010050251256 -16.051490049973125 -16.051490049973125 -16.051490049973125 -16.051490049973125 -16.051490049973125 -16.051490049973125 -16.051490049973125 -16.051490049973125 -16.051490049973125 -16.051490049973125 -16.051490049973125 -16.051490049973125 -16.051490049973125
10.477386934673365 -16.042250625608837 -16.042250625608837 -16.042250625608837 -16.042250625608837 -16.042250625608837 -16.042250625608837 -16.042250625608837 -16.042250625608837 -16.042250625608837 -16.042250625608837 -16.042250625608837 -16.042250625608837 -16.042250625608837
10.552763819095476 -16.03301120124455 -16.03301120124455 -16.03301120124455 -16.03301120124455 -16.03301120124455 -16.03301120124455 -16.03301120124455 -16.03301120124455 -16.03301120124455 -16.03301120124455 -16.03301120124455 -16.03301120124455 -16.03301120124455
10.628140703517587 -16.02377177688026 -16.02377177688026 -16.02377177688026 -16.02377177688026 -16.02377177688026 -16.02377177688026 -16.02377177688026 -16.02377177688026 -16.02377177688026 -16.02377177688026 -16.02377177688026 -16.02377177688026 -16.02377177688026
10.703517587939697 -16.01453235251597 -16.01453235251597 -16.01453235251597 -16.01453235251597 -16.01453235251597 -16.01453235251597 -16.01453235251597 -16.01453235251597 -16.01453235251597 -16.01453235251597 -16.01453235251597 -16.01453235251597 -16.01453235251597
10.778894472361808 -16.005292928151682 -16.005292928151682 -16.005292928151682 -16.005292928151682 -16.005292928151682 -16.005292928151682 -16.005292928151682 -16.005292928151682 -16.005292928151682 -16.005292928151682 -16.005292928151682 -16.005292928151682 -16.005292928151682
10.854271356783919 -15.996053503787396 -15.996053503787396 -15.996053503787396 -15.996053503787396 -15.996053503787396 -15.996053503787396 -15.996053503787396 -15.996053503787396 -15.996053503787396 -15.996053503787396 -15.996053503787396 -15.996053503787396 -15.996053503787396
10.92964824120603 -15.986814079423107 -15.986814079423107 -15.986814079423107 -15.986814079423107 -15.986814079423107 -15.986814079423107 -15.986814079423107 -15.986814079423107 -15.986814079423107 -15.986814079423107 -15.986814079423107 -15.986814079423107 -15.986814079423107
11.00502512562814 -15.97757465505882 -15.97757465505882 -15.97757465505882 -15.97757465505882 -15.97757465505882 -15.97757465505882 -15.97757465505882 -15.97757465505882 -15.97757465505882 -15.97757465505882 -15.97757465505882 -15.97757465505882 -15.97757465505882
11.08040201005025 -15.968335230694532 -15.968335230694532 -15.968335230694532 -15.968335230694532 -15.968335230694532 -15.968335230694532 -15.968335230694532 -15.968335230694532 -15.968335230694532 -15.968335230694532 -15.968335230694532 -15.968335230694532 -15.968335230694532
11.15577889447236 -15.959095806330243 -15.959095806330243 -15.959095806330243 -15.959095806330243 -15.959095806330243 -15.959095806330243 -15.959095806330243 -15.959095806330243 -15.959095806330243 -15.959095806330243 -15.959095806330243 -15.959095806330243 -15.959095806330243
11.231155778894472 -15.949856381965954 -15.949856381965954 -15.949856381965954 -15.949856381965954 -15.949856381965954 -15.949856381965954 -15.949856381965954 -15.949856381965954 -15.949856381965954 -15.949856381965954 -15.949856381965954 -15.949856381965954 -15.949856381965954
11.306532663316581 -15.940616957601666 -15.940616957601666 -15.940616957601666 -15.940616957601666 -15.940616957601666 -15.940616957601666 -15.940616957601666 -15.940616957601666 -15.940616957601666 -15.940616957601666 -15.940616957601666 -15.940616957601666 -15.940616957601666
11.381909547738692 -15.931377533237379 -15.931377533237379 -15.931377533237379 -15.931377533237379 -15.931377533237379 -15.931377533237379 -15.931377533237379 -15.931377533237379 -15.931377533237379 -15.931377533237379 -15.931377533237379 -15.931377533237379 -15.931377533237379
11.457286432160803 -15.92213810887309 -15.92213810887309 -15.92213810887309 -15.92213810887309 -15.92213810887309 -15.92213810887309 -15.92213810887309 -15.92213810887309 -15.92213810887309 -15.92213810887309 -15.92213810887309 -15.92213810887309 -15.92213810887309
11.532663316582914 -15.912898684508802 -15.912898684508802 -15.912898684508802 -15.912898684508802 -15.912898684508802 -15.912898684508802 -15.912898684508802 -15.912898684508802 -15.912898684508802 -15.912898684508802 -15.912898684508802 -15.912898684508802 -15.912898684508802
11.608040201005025 -15.903659260144513 -15.903659260144513 -15.903659260144513 -15.903659260144513 -15.903659260144513 -15.903659260144513 -15.903659260144513 -15.903659260144513 -15.903659260144513 -15.903659260144513 -15.903659260144513 -15.903659260144513 -15.903659260144513
11.683417085427134 -15.894419835780226 -15.894419835780226 -15.894419835780226 -15.894419835780226 -15.894419835780226 -15.894419835780226 -15.894419835780226 -15.894419835780226 -15.894419835780226 -15.894419835780226 -15.894419835780226 -15.894419835780226 -15.894419835780226
11.758793969849245 -15.885180411415938 -15.885180411415938 -15.885180411415938 -15.885180411415938 -15.885180411415938 -15.885180411415938 -15.885180411415938 -15.885180411415938 -15.885180411415938 -15.885180411415938 -15.885180411415938 -15.885180411415938 -15.885180411415938
11.834170854271356 -15.87594098705165 -15.87594098705165 -15.87594098705165 -15.87594098705165 -15.87594098705165 -15.87594098705165 -15.87594098705165 -15.87594098705165 -15.87594098705165 -15.87594098705165 -15.87594098705165 -15.87594098705165 -15.87594098705165
11.909547738693465 -15.86670156268736 -15.86670156268736 -15.86670156268736 -15.86670156268736 -15.86670156268736 -15.86670156268736 -15.86670156268736 -15.86670156268736 -15.86670156268736 -15.86670156268736 -15.86670156268736 -15.86670156268736 -15.86670156268736
11.984924623115576 -15.857462138323072 -15.857462138323072 -15.857462138323072 -15.857462138323072 -15.857462138323072 -15.857462138323072 -15.857462138323072 -15.857462138323072 -15.857462138323072 -15.857462138323072 -15.857462138323072 -15.857462138323072 -15.857462138323072
12.060301507537687 -15.848222713958785 -15.848222713958785 -15.848222713958785 -15.848222713958785 -15.848222713958785 -15.848222713958785 -15.848222713958785 -15.848222713958785 -15.848222713958785 -15.848222713958785 -15.848222713958785 -15.848222713958785 -15.848222713958785
12.135678391959798 -15.838983289594497 -15.838983289594497 -15.838983289594497 -15.838983289594497 -15.838983289594497 -15.838983289594497 -15.838983289594497 -15.838983289594497 -15.838983289594497 -15.838983289594497 -15.838983289594497 -15.838983289594497 -15.838983289594497
12.21105527638191 -15.829743865230208 -15.829743865230208 -15.829743865230208 -15.829743865230208 -15.829743865230208 -15.829743865230208 -15.829743865230208 -15.829743865230208 -15.829743865230208 -15.829743865230208 -15.829743865230208 -15.829743865230208 -15.829743865230208
12.286432160804019 -15.82050444086592 -15.82050444086592 -15.82050444086592 -15.82050444086592 -15.82050444086592 -15.82050444086592 -15.82050444086592 -15.82050444086592 -15.82050444086592 -15.82050444086592 -15.82050444086592 -15.82050444086592 -15.82050444086592
12.36180904522613 -15.811265016501633 -15.811265016501633 -15.811265016501633 -15.811265016501633 -15.811265016501633 -15.811265016501633 -15.811265016501633 -15.811265016501633 -15.811265016501633 -15.811265016501633 -15.811265016501633 -15.811265016501633 -15.811265016501633
12.43718592964824 -15.802025592137344 -15.802025592137344 -15.802025592137344 -15.802025592137344 -15.802025592137344 -15.802025592137344 -15.802025592137344 -15.802025592137344 -15.802025592137344 -15.802025592137344 -15.802025592137344 -15.802025592137344 -15.802025592137344
12.51256281407035 -15.792786167773055 -15.792786167773055 -15.792786167773055 -15.792786167773055 -15.792786167773055 -15.792786167773055 -15.792786167773055 -15.792786167773055 -15.792786167773055 -15.792786167773055 -15.792786167773055 -15.792786167773055 -15.792786167773055
12.58793969849246 -15.783546743408767 -15.783546743408767 -15.783546743408767 -15.783546743408767 -15.783546743408767 -15.783546743408767 -15.783546743408767 -15.783546743408767 -15.783546743408767 -15.783546743408767 -15.783546743408767 -15.783546743408767 -15.783546743408767
12.663316582914572 -15.774307319044478 -15.774307319044478 -15.774307319044478 -15.774307319044478 -15.774307319044478 -15.774307319044478 -15.774307319044478 -15.774307319044478 -15.774307319044478 -15.774307319044478 -15.774307319044478 -15.774307319044478 -15.774307319044478
12.738693467336683 -15.765067894680191 -15.765067894680191 -15.765067894680191 -15.765067894680191 -15.765067894680191 -15.765067894680191 -15.765067894680191 -15.765067894680191 -15.765067894680191 -15.765067894680191 -15.765067894680191 -15.765067894680191 -15.765067894680191
12.814070351758794 -15.755828470315903 -15.755828470315903 -15.755828470315903 -15.755828470315903 -15.755828470315903 -15.755828470315903 -15.755828470315903 -15.755828470315903 -15.755828470315903 -15.755828470315903 -15.755828470315903 -15.755828470315903 -15.755828470315903
12.889447236180903 -15.746589045951614 -15.746589045951614 -15.746589045951614 -15.746589045951614 -15.746589045951614 -15.746589045951614 -15.746589045951614 -15.746589045951614 -15.746589045951614 -15.746589045951614 -15.746589045951614 -15.746589045951614 -15.746589045951614
12.964824120603014 -15.737349621587326 -15.737349621587326 -15.737349621587326 -15.737349621587326 -15.737349621587326 -15.737349621587326 -15.737349621587326 -15.737349621587326 -15.737349621587326 -15.737349621587326 -15.737349621587326 -15.737349621587326 -15.737349621587326
13.040201005025125 -15.728110197223039 -15.728110197223039 -15.728110197223039 -15.728110197223039 -15.728110197223039 -15.728110197223039 -15.728110197223039 -15.728110197223039 -15.728110197223039 -15.728110197223039 -15.728110197223039 -15.728110197223039 -15.728110197223039
13.115577889447234 -15.71887077285875 -15.71887077285875 -15.71887077285875 -15.71887077285875 -15.71887077285875 -15.71887077285875 -15.71887077285875 -15.71887077285875 -15.71887077285875 -15.71887077285875 -15.71887077285875 -15.71887077285875 -15.71887077285875
