web/models/kne.last_good/kappa_0.5_3.0.v2/36/villar_0.0065_0.2493_3.0000.dat
# %ECSV 1.0
# ---
# datatype:
# - {name: time, datatype: float64}
# - {name: swift_uvot_uvw2, datatype: float64}
# - {name: swift_uvot_uvm2, datatype: float64}
# - {name: swift_uvot_uvw1, datatype: float64}
# - {name: swift_uvot_U, datatype: float64}
# - {name: swift_uvot_B, datatype: float64}
# - {name: swift_uvot_V, datatype: float64}
# - {name: swift_uvot_W, datatype: float64}
# - {name: johnson_U, datatype: float64}
# - {name: johnson_B, datatype: float64}
# - {name: johnson_V, datatype: float64}
# - {name: johnson_R, datatype: float64}
# - {name: johnson_I, datatype: float64}
# - {name: sdss_u, datatype: float64}
# - {name: sdss_g, datatype: float64}
# - {name: sdss_r, datatype: float64}
# - {name: sdss_i, datatype: float64}
# - {name: sdss_z, datatype: float64}
# - {name: PS1_g, datatype: float64}
# - {name: PS1_r, datatype: float64}
# - {name: PS1_i, datatype: float64}
# - {name: PS1_z, datatype: float64}
# - {name: PS1_Y, datatype: float64}
# - {name: PS1_w, datatype: float64}
# - {name: ATLAS_c, datatype: float64}
# - {name: ATLAS_o, datatype: float64}
# - {name: ukirt_J, datatype: float64}
# - {name: ukirt_H, datatype: float64}
# - {name: ukirt_K, datatype: float64}
# - {name: Clear, datatype: float64}
# meta: !!omap
# - comment: [kappa = 3.0, type = villar, mass = 0.006451950121499907, velocity = 0.24933333333333335, theta_obs = 0.0, tfloor = 2500.0]
# schema: astropy-2.0
time swift_uvot_uvw2 swift_uvot_uvm2 swift_uvot_uvw1 swift_uvot_U swift_uvot_B swift_uvot_V swift_uvot_W johnson_U johnson_B johnson_V johnson_R johnson_I sdss_u sdss_g sdss_r sdss_i sdss_z PS1_g PS1_r PS1_i PS1_z PS1_Y PS1_w ATLAS_c ATLAS_o ukirt_J ukirt_H ukirt_K Clear
[from data line 70]
0.00805 -15.85 -13.975 -13.556 -12.868 -12.39 -11.913 -13.418 -12.794 -12.386 -11.901 -11.445 -10.931 -12.806 -12.237 -11.644 -11.232 -10.855 -13.221 -12.903 -12.805 -13.089 -13.979 -11.739 -12.007 -11.478 -10.123 -9.543 -8.884 -11.846
0.008294 -15.843 -14.001 -13.591 -12.903 -12.426 -11.95 -13.452 -12.83 -12.422 -11.938 -11.482 -10.968 -12.842 -12.273 -11.681 -11.269 -10.892 -13.225 -12.904 -12.801 -13.081 -13.966 -11.776 -12.044 -11.515 -10.16 -9.581 -8.921 -11.882
0.008545 -15.836 -14.027 -13.625 -12.939 -12.462 -11.986 -13.487 -12.866 -12.458 -11.974 -11.519 -11.005 -12.877 -12.31 -11.718 -11.305 -10.929 -13.23 -12.906 -12.799 -13.073 -13.953 -11.812 -12.08 -11.551 -10.197 -9.618 -8.959 -11.919
0.008803 -15.829 -14.053 -13.66 -12.975 -12.498 -12.023 -13.521 -12.901 -12.494 -12.011 -11.556 -11.042 -12.913 -12.346 -11.754 -11.342 -10.966 -13.236 -12.908 -12.796 -13.065 -13.94 -11.849 -12.116 -11.588 -10.235 -9.655 -8.996 -11.955
0.009069 -15.823 -14.079 -13.694 -13.01 -12.534 -12.059 -13.555 -12.937 -12.53 -12.047 -11.592 -11.079 -12.949 -12.382 -11.791 -11.379 -11.003 -13.242 -12.91 -12.794 -13.057 -13.927 -11.885 -12.153 -11.625 -10.272 -9.693 -9.034 -11.991
0.009344 -15.816 -14.106 -13.729 -13.046 -12.57 -12.095 -13.589 -12.972 -12.566 -12.084 -11.629 -11.116 -12.984 -12.418 -11.827 -11.416 -11.04 -13.248 -12.913 -12.793 -13.05 -13.915 -11.921 -12.189 -11.661 -10.309 -9.73 -9.072 -12.028
0.009626 -15.811 -14.133 -13.763 -13.081 -12.606 -12.132 -13.624 -13.008 -12.602 -12.12 -11.666 -11.153 -13.02 -12.454 -11.864 -11.453 -11.077 -13.256 -12.917 -12.792 -13.043 -13.902 -11.958 -12.225 -11.698 -10.346 -9.768 -9.109 -12.064
0.009917 -15.805 -14.16 -13.797 -13.116 -12.642 -12.168 -13.658 -13.043 -12.638 -12.156 -11.702 -11.19 -13.055 -12.49 -11.9 -11.489 -11.114 -13.264 -12.921 -12.792 -13.037 -13.89 -11.994 -12.261 -11.735 -10.383 -9.805 -9.147 -12.1
0.010217 -15.8 -14.187 -13.831 -13.151 -12.678 -12.204 -13.691 -13.079 -12.674 -12.193 -11.739 -11.227 -13.09 -12.526 -11.937 -11.526 -11.151 -13.272 -12.926 -12.792 -13.031 -13.878 -12.03 -12.297 -11.771 -10.421 -9.842 -9.184 -12.136
0.010526 -15.795 -14.215 -13.865 -13.187 -12.714 -12.24 -13.725 -13.114 -12.71 -12.229 -11.775 -11.264 -13.126 -12.562 -11.973 -11.563 -11.188 -13.281 -12.932 -12.793 -13.025 -13.866 -12.067 -12.333 -11.808 -10.458 -9.88 -9.222 -12.172
0.010845 -15.791 -14.242 -13.899 -13.222 -12.749 -12.277 -13.759 -13.149 -12.745 -12.265 -11.812 -11.3 -13.161 -12.598 -12.01 -11.599 -11.224 -13.291 -12.938 -12.794 -13.02 -13.854 -12.103 -12.37 -11.844 -10.495 -9.917 -9.259 -12.209
0.011173 -15.786 -14.27 -13.933 -13.257 -12.785 -12.313 -13.792 -13.184 -12.781 -12.301 -11.848 -11.337 -13.196 -12.634 -12.046 -11.636 -11.261 -13.301 -12.944 -12.796 -13.015 -13.842 -12.139 -12.405 -11.881 -10.532 -9.954 -9.297 -12.245
0.011511 -15.783 -14.298 -13.966 -13.292 -12.82 -12.349 -13.826 -13.219 -12.817 -12.337 -11.885 -11.374 -13.231 -12.669 -12.082 -11.673 -11.298 -13.312 -12.951 -12.798 -13.01 -13.831 -12.175 -12.441 -11.917 -10.569 -9.992 -9.334 -12.281
0.011859 -15.779 -14.326 -14.0 -13.327 -12.856 -12.385 -13.859 -13.254 -12.852 -12.373 -11.921 -11.411 -13.266 -12.705 -12.119 -11.709 -11.335 -13.323 -12.959 -12.801 -13.006 -13.82 -12.211 -12.477 -11.953 -10.606 -10.029 -9.371 -12.316
0.012217 -15.776 -14.354 -14.033 -13.361 -12.891 -12.421 -13.892 -13.289 -12.888 -12.409 -11.957 -11.447 -13.301 -12.741 -12.155 -11.746 -11.371 -13.335 -12.968 -12.804 -13.002 -13.809 -12.247 -12.513 -11.99 -10.643 -10.066 -9.409 -12.352
0.012587 -15.773 -14.382 -14.066 -13.396 -12.927 -12.457 -13.926 -13.324 -12.923 -12.445 -11.994 -11.484 -13.336 -12.776 -12.191 -11.782 -11.408 -13.347 -12.976 -12.808 -12.999 -13.798 -12.283 -12.549 -12.026 -10.68 -10.103 -9.446 -12.388
0.012968 -15.771 -14.41 -14.099 -13.431 -12.962 -12.492 -13.958 -13.359 -12.958 -12.481 -12.03 -11.52 -13.37 -12.812 -12.227 -11.818 -11.445 -13.36 -12.986 -12.813 -12.996 -13.787 -12.319 -12.585 -12.062 -10.717 -10.141 -9.484 -12.424
0.01336 -15.769 -14.438 -14.132 -13.465 -12.997 -12.528 -13.991 -13.393 -12.994 -12.517 -12.066 -11.557 -13.405 -12.847 -12.263 -11.855 -11.481 -13.374 -12.996 -12.818 -12.994 -13.777 -12.355 -12.62 -12.098 -10.754 -10.178 -9.521 -12.46
0.013764 -15.767 -14.466 -14.165 -13.5 -13.032 -12.564 -14.024 -13.428 -13.029 -12.552 -12.102 -11.593 -13.44 -12.882 -12.299 -11.891 -11.518 -13.388 -13.007 -12.823 -12.992 -13.766 -12.391 -12.656 -12.134 -10.791 -10.215 -9.558 -12.495
0.01418 -15.766 -14.494 -14.198 -13.534 -13.068 -12.6 -14.057 -13.462 -13.064 -12.588 -12.138 -11.63 -13.474 -12.918 -12.335 -11.927 -11.555 -13.403 -13.018 -12.83 -12.991 -13.756 -12.426 -12.691 -12.17 -10.828 -10.252 -9.596 -12.531
0.014609 -15.765 -14.523 -14.231 -13.568 -13.103 -12.635 -14.089 -13.497 -13.099 -12.624 -12.174 -11.666 -13.508 -12.953 -12.371 -11.964 -11.591 -13.418 -13.03 -12.837 -12.99 -13.747 -12.462 -12.727 -12.206 -10.865 -10.289 -9.633 -12.566
0.015051 -15.765 -14.551 -14.263 -13.602 -13.137 -12.671 -14.121 -13.531 -13.134 -12.659 -12.21 -11.703 -13.543 -12.988 -12.407 -12.0 -11.627 -13.434 -13.043 -12.844 -12.989 -13.737 -12.498 -12.762 -12.242 -10.902 -10.326 -9.67 -12.602
0.015506 -15.765 -14.579 -14.295 -13.637 -13.172 -12.706 -14.153 -13.565 -13.169 -12.695 -12.246 -11.739 -13.577 -13.023 -12.442 -12.036 -11.664 -13.45 -13.056 -12.852 -12.989 -13.728 -12.533 -12.798 -12.278 -10.939 -10.363 -9.708 -12.637
0.015975 -15.765 -14.607 -14.327 -13.67 -13.207 -12.742 -14.185 -13.599 -13.203 -12.73 -12.282 -11.775 -13.611 -13.058 -12.478 -12.072 -11.7 -13.467 -13.069 -12.861 -12.99 -13.719 -12.569 -12.833 -12.314 -10.976 -10.401 -9.745 -12.672
0.016458 -15.766 -14.635 -14.359 -13.704 -13.242 -12.777 -14.217 -13.633 -13.238 -12.765 -12.318 -11.812 -13.645 -13.093 -12.514 -12.108 -11.737 -13.484 -13.083 -12.87 -12.991 -13.71 -12.604 -12.868 -12.35 -11.013 -10.438 -9.782 -12.708
0.016956 -15.767 -14.664 -14.391 -13.738 -13.276 -12.812 -14.249 -13.667 -13.273 -12.801 -12.354 -11.848 -13.679 -13.128 -12.549 -12.144 -11.773 -13.502 -13.098 -12.88 -12.993 -13.702 -12.64 -12.903 -12.386 -11.049 -10.475 -9.819 -12.743
0.017469 -15.768 -14.692 -14.423 -13.772 -13.311 -12.848 -14.28 -13.701 -13.307 -12.836 -12.389 -11.884 -13.712 -13.162 -12.585 -12.18 -11.809 -13.52 -13.113 -12.89 -12.995 -13.694 -12.675 -12.938 -12.421 -11.086 -10.512 -9.857 -12.778
0.017997 -15.77 -14.72 -14.454 -13.805 -13.345 -12.883 -14.311 -13.735 -13.342 -12.871 -12.425 -11.92 -13.746 -13.197 -12.62 -12.216 -11.845 -13.539 -13.129 -12.901 -12.998 -13.686 -12.71 -12.973 -12.457 -11.123 -10.548 -9.894 -12.813
0.018541 -15.772 -14.748 -14.486 -13.839 -13.38 -12.918 -14.342 -13.768 -13.376 -12.906 -12.461 -11.956 -13.78 -13.232 -12.656 -12.252 -11.882 -13.558 -13.145 -12.913 -13.001 -13.679 -12.745 -13.008 -12.493 -11.159 -10.585 -9.931 -12.848
0.019102 -15.774 -14.776 -14.517 -13.872 -13.414 -12.953 -14.373 -13.802 -13.41 -12.941 -12.496 -11.992 -13.813 -13.266 -12.691 -12.288 -11.918 -13.577 -13.162 -12.925 -13.005 -13.671 -12.78 -13.043 -12.528 -11.196 -10.622 -9.968 -12.883
0.01968 -15.777 -14.804 -14.548 -13.905 -13.448 -12.988 -14.404 -13.835 -13.444 -12.976 -12.532 -12.028 -13.846 -13.301 -12.726 -12.323 -11.954 -13.597 -13.18 -12.938 -13.009 -13.665 -12.815 -13.077 -12.563 -11.233 -10.659 -10.005 -12.918
0.020275 -15.78 -14.831 -14.578 -13.938 -13.482 -13.022 -14.435 -13.868 -13.478 -13.011 -12.567 -12.064 -13.88 -13.335 -12.762 -12.359 -11.99 -13.618 -13.197 -12.951 -13.014 -13.658 -12.85 -13.112 -12.599 -11.269 -10.696 -10.042 -12.952
0.020888 -15.784 -14.859 -14.609 -13.971 -13.516 -13.057 -14.465 -13.901 -13.512 -13.046 -12.602 -12.1 -13.913 -13.369 -12.797 -12.395 -12.026 -13.638 -13.216 -12.965 -13.02 -13.652 -12.885 -13.147 -12.634 -11.306 -10.733 -10.079 -12.987
0.02152 -15.787 -14.886 -14.639 -14.004 -13.55 -13.092 -14.495 -13.934 -13.546 -13.08 -12.638 -12.136 -13.945 -13.403 -12.832 -12.43 -12.062 -13.659 -13.234 -12.979 -13.026 -13.646 -12.92 -13.181 -12.669 -11.342 -10.77 -10.116 -13.021
0.022171 -15.791 -14.914 -14.669 -14.036 -13.583 -13.126 -14.525 -13.967 -13.58 -13.115 -12.673 -12.172 -13.978 -13.437 -12.867 -12.466 -12.098 -13.681 -13.254 -12.994 -13.033 -13.641 -12.955 -13.215 -12.704 -11.379 -10.806 -10.154 -13.056
0.022841 -15.796 -14.941 -14.699 -14.069 -13.617 -13.161 -14.555 -13.999 -13.613 -13.149 -12.708 -12.208 -14.011 -13.471 -12.902 -12.501 -12.133 -13.703 -13.273 -13.009 -13.04 -13.636 -12.989 -13.25 -12.74 -11.415 -10.843 -10.191 -13.09
0.023532 -15.801 -14.968 -14.729 -14.101 -13.651 -13.195 -14.584 -14.032 -13.647 -13.184 -12.743 -12.243 -14.043 -13.505 -12.936 -12.536 -12.169 -13.725 -13.293 -13.025 -13.048 -13.631 -13.024 -13.284 -12.775 -11.451 -10.88 -10.227 -13.124
0.024244 -15.806 -14.995 -14.759 -14.133 -13.684 -13.23 -14.613 -14.064 -13.68 -13.218 -12.778 -12.279 -14.076 -13.538 -12.971 -12.572 -12.205 -13.747 -13.314 -13.042 -13.056 -13.627 -13.058 -13.318 -12.809 -11.488 -10.916 -10.264 -13.158
0.024977 -15.811 -15.022 -14.788 -14.165 -13.717 -13.264 -14.642 -14.096 -13.713 -13.252 -12.813 -12.314 -14.108 -13.572 -13.006 -12.607 -12.24 -13.77 -13.335 -13.059 -13.065 -13.623 -13.092 -13.352 -12.844 -11.524 -10.953 -10.301 -13.192
0.025733 -15.816 -15.048 -14.817 -14.197 -13.75 -13.298 -14.671 -14.129 -13.746 -13.286 -12.848 -12.35 -14.14 -13.605 -13.04 -12.642 -12.276 -13.793 -13.356 -13.076 -13.075 -13.62 -13.127 -13.386 -12.879 -11.56 -10.99 -10.338 -13.226
0.026511 -15.822 -15.075 -14.846 -14.228 -13.783 -13.332 -14.699 -14.16 -13.779 -13.32 -12.882 -12.385 -14.172 -13.639 -13.075 -12.677 -12.311 -13.817 -13.378 -13.094 -13.085 -13.617 -13.161 -13.419 -12.914 -11.596 -11.026 -10.375 -13.26
0.027313 -15.828 -15.101 -14.874 -14.26 -13.816 -13.366 -14.728 -14.192 -13.812 -13.354 -12.917 -12.421 -14.203 -13.672 -13.109 -12.712 -12.347 -13.84 -13.4 -13.113 -13.096 -13.614 -13.195 -13.453 -12.948 -11.632 -11.063 -10.412 -13.294
0.028139 -15.834 -15.127 -14.902 -14.291 -13.849 -13.4 -14.756 -14.224 -13.845 -13.388 -12.952 -12.456 -14.235 -13.705 -13.143 -12.747 -12.382 -13.864 -13.422 -13.132 -13.107 -13.612 -13.229 -13.487 -12.983 -11.668 -11.099 -10.449 -13.328
0.02899 -15.84 -15.152 -14.93 -14.322 -13.881 -13.433 -14.783 -14.255 -13.877 -13.422 -12.986 -12.491 -14.266 -13.738 -13.177 -12.782 -12.418 -13.888 -13.445 -13.151 -13.119 -13.611 -13.262 -13.52 -13.017 -11.704 -11.136 -10.486 -13.361
0.029867 -15.847 -15.178 -14.958 -14.353 -13.914 -13.467 -14.811 -14.286 -13.91 -13.455 -13.02 -12.526 -14.297 -13.771 -13.211 -12.816 -12.453 -13.912 -13.468 -13.171 -13.131 -13.61 -13.296 -13.553 -13.051 -11.74 -11.172 -10.522 -13.394
0.03077 -15.854 -15.203 -14.985 -14.384 -13.946 -13.5 -14.838 -14.317 -13.942 -13.489 -13.055 -12.561 -14.328 -13.803 -13.245 -12.851 -12.488 -13.937 -13.491 -13.191 -13.144 -13.609 -13.33 -13.586 -13.086 -11.776 -11.208 -10.559 -13.428
0.031701 -15.86 -15.228 -15.013 -14.415 -13.978 -13.533 -14.865 -14.348 -13.974 -13.522 -13.089 -12.596 -14.359 -13.836 -13.279 -12.886 -12.523 -13.962 -13.515 -13.212 -13.157 -13.609 -13.363 -13.619 -13.12 -11.812 -11.245 -10.596 -13.461
0.032659 -15.867 -15.252 -15.039 -14.445 -14.01 -13.567 -14.891 -14.379 -14.006 -13.555 -13.123 -12.631 -14.39 -13.868 -13.313 -12.92 -12.558 -13.986 -13.539 -13.233 -13.171 -13.609 -13.396 -13.652 -13.154 -11.848 -11.281 -10.632 -13.494
0.033647 -15.874 -15.276 -15.066 -14.475 -14.042 -13.6 -14.917 -14.409 -14.038 -13.588 -13.157 -12.666 -14.42 -13.9 -13.347 -12.954 -12.593 -14.011 -13.563 -13.254 -13.186 -13.61 -13.43 -13.685 -13.188 -11.884 -11.317 -10.669 -13.527
0.034665 -15.881 -15.3 -15.092 -14.505 -14.073 -13.633 -14.943 -14.439 -14.069 -13.621 -13.191 -12.7 -14.45 -13.932 -13.38 -12.989 -12.628 -14.037 -13.588 -13.276 -13.201 -13.612 -13.463 -13.717 -13.221 -11.919 -11.353 -10.705 -13.559
0.035713 -15.889 -15.324 -15.118 -14.535 -14.105 -13.665 -14.969 -14.469 -14.101 -13.654 -13.224 -12.735 -14.48 -13.964 -13.413 -13.023 -12.662 -14.062 -13.612 -13.298 -13.216 -13.613 -13.496 -13.75 -13.255 -11.955 -11.389 -10.742 -13.592
0.036793 -15.896 -15.347 -15.143 -14.564 -14.136 -13.698 -14.994 -14.499 -14.132 -13.687 -13.258 -12.769 -14.51 -13.996 -13.447 -13.057 -12.697 -14.087 -13.637 -13.321 -13.232 -13.616 -13.528 -13.782 -13.289 -11.99 -11.425 -10.778 -13.624
0.037906 -15.903 -15.37 -15.168 -14.593 -14.167 -13.73 -15.019 -14.528 -14.163 -13.719 -13.291 -12.804 -14.539 -14.027 -13.48 -13.091 -12.732 -14.113 -13.662 -13.343 -13.249 -13.619 -13.561 -13.814 -13.322 -12.026 -11.461 -10.815 -13.656
0.039052 -15.91 -15.393 -15.193 -14.622 -14.198 -13.763 -15.043 -14.558 -14.194 -13.751 -13.325 -12.838 -14.569 -14.059 -13.513 -13.125 -12.766 -14.138 -13.687 -13.367 -13.266 -13.622 -13.594 -13.846 -13.355 -12.061 -11.497 -10.851 -13.689
0.040234 -15.917 -15.415 -15.218 -14.651 -14.228 -13.795 -15.067 -14.587 -14.225 -13.784 -13.358 -12.872 -14.598 -14.09 -13.546 -13.158 -12.801 -14.164 -13.713 -13.39 -13.283 -13.626 -13.626 -13.878 -13.389 -12.097 -11.533 -10.888 -13.72
0.04145 -15.924 -15.437 -15.242 -14.679 -14.259 -13.827 -15.091 -14.616 -14.255 -13.816 -13.391 -12.907 -14.626 -14.121 -13.578 -13.192 -12.835 -14.19 -13.738 -13.414 -13.301 -13.63 -13.658 -13.91 -13.422 -12.132 -11.569 -10.924 -13.752
0.042704 -15.931 -15.459 -15.265 -14.708 -14.289 -13.859 -15.114 -14.644 -14.285 -13.848 -13.424 -12.941 -14.655 -14.151 -13.611 -13.226 -12.869 -14.215 -13.764 -13.438 -13.319 -13.635 -13.69 -13.941 -13.454 -12.167 -11.605 -10.96 -13.784
0.043996 -15.938 -15.48 -15.289 -14.736 -14.319 -13.89 -15.137 -14.672 -14.315 -13.879 -13.457 -12.975 -14.683 -14.182 -13.643 -13.259 -12.903 -14.241 -13.79 -13.462 -13.338 -13.641 -13.722 -13.972 -13.487 -12.202 -11.641 -10.996 -13.815
0.045326 -15.945 -15.5 -15.311 -14.763 -14.349 -13.922 -15.16 -14.7 -14.345 -13.911 -13.49 -13.008 -14.711 -14.212 -13.676 -13.292 -12.937 -14.267 -13.816 -13.486 -13.357 -13.647 -13.754 -14.003 -13.52 -12.237 -11.676 -11.033 -13.847
0.046697 -15.952 -15.52 -15.334 -14.79 -14.379 -13.953 -15.182 -14.728 -14.375 -13.942 -13.522 -13.042 -14.739 -14.243 -13.708 -13.325 -12.971 -14.292 -13.842 -13.511 -13.377 -13.653 -13.785 -14.034 -13.552 -12.272 -11.712 -11.069 -13.878
0.048109 -15.958 -15.54 -15.356 -14.817 -14.408 -13.984 -15.203 -14.755 -14.404 -13.973 -13.555 -13.076 -14.766 -14.272 -13.74 -13.358 -13.005 -14.318 -13.868 -13.536 -13.397 -13.66 -13.817 -14.065 -13.585 -12.307 -11.747 -11.105 -13.909
0.049564 -15.964 -15.559 -15.377 -14.844 -14.437 -14.015 -15.224 -14.783 -14.433 -14.004 -13.587 -13.109 -14.793 -14.302 -13.771 -13.391 -13.038 -14.344 -13.894 -13.561 -13.417 -13.668 -13.848 -14.096 -13.617 -12.342 -11.783 -11.141 -13.939
0.051063 -15.97 -15.578 -15.398 -14.871 -14.466 -14.046 -15.245 -14.809 -14.462 -14.035 -13.619 -13.142 -14.82 -14.332 -13.803 -13.424 -13.072 -14.37 -13.921 -13.586 -13.438 -13.676 -13.879 -14.126 -13.649 -12.377 -11.818 -11.177 -13.97
0.052608 -15.976 -15.596 -15.418 -14.897 -14.495 -14.077 -15.265 -14.836 -14.491 -14.066 -13.651 -13.176 -14.847 -14.361 -13.834 -13.456 -13.105 -14.395 -13.947 -13.611 -13.458 -13.685 -13.91 -14.156 -13.681 -12.411 -11.854 -11.213 -14.0
0.054199 -15.981 -15.613 -15.438 -14.922 -14.523 -14.107 -15.285 -14.862 -14.519 -14.096 -13.683 -13.209 -14.873 -14.39 -13.866 -13.489 -13.138 -14.421 -13.973 -13.637 -13.48 -13.694 -13.94 -14.186 -13.712 -12.446 -11.889 -11.249 -14.03
0.055838 -15.986 -15.63 -15.458 -14.948 -14.551 -14.137 -15.304 -14.888 -14.547 -14.126 -13.714 -13.242 -14.898 -14.419 -13.897 -13.521 -13.172 -14.446 -14.0 -13.662 -13.501 -13.704 -13.971 -14.215 -13.744 -12.48 -11.924 -11.284 -14.06
0.057527 -15.991 -15.647 -15.477 -14.973 -14.579 -14.167 -15.323 -14.913 -14.575 -14.156 -13.746 -13.274 -14.924 -14.447 -13.928 -13.553 -13.205 -14.471 -14.026 -13.688 -13.523 -13.714 -14.001 -14.245 -13.775 -12.515 -11.959 -11.32 -14.089
