web/models/kne/33/Metzger_0.403554_0.289310_0.450000.dat
# %ECSV 0.9
# ---
# datatype:
# - {name: time, datatype: float64}
# - {name: sdss_u, datatype: float64}
# - {name: sdss_g, datatype: float64}
# - {name: sdss_r, datatype: float64}
# - {name: sdss_i, datatype: float64}
# - {name: sdss_z, datatype: float64}
# - {name: PS1_y, datatype: float64}
# - {name: ukirt_J, datatype: float64}
# - {name: ukirt_H, datatype: float64}
# - {name: ukirt_K, datatype: float64}
# - {name: johnson_U, datatype: float64}
# - {name: johnson_B, datatype: float64}
# - {name: johnson_V, datatype: float64}
# - {name: johnson_R, datatype: float64}
# - {name: johnson_I, datatype: float64}
# - {name: Clear, datatype: float64}
# meta: !!omap
# - comment: [vej = 0.2893103448275862, mej = 0.4035543872905491, Ye = 0.45, redshift = 0.0]
# schema: astropy-2.0
time sdss_u sdss_g sdss_r sdss_i sdss_z PS1_y ukirt_J ukirt_H ukirt_K johnson_U johnson_B johnson_V johnson_R johnson_I Clear
[from data line 2442]
122.200000 286.141923 204.966739 153.623575 120.966075 101.024502 88.541013 63.242647 40.751295 25.984768 276.406953 227.588646 175.174134 147.377901 99.015498 151.568909
122.250000 286.263528 205.056728 153.693491 121.023171 101.073742 88.585318 63.276900 40.776520 26.003981 276.524771 227.687458 175.252485 147.445369 99.063944 151.638020
122.300000 286.385131 205.146716 153.763406 121.080267 101.122980 88.629622 63.311152 40.801744 26.023194 276.642588 227.786268 175.330835 147.512836 99.112389 151.707130
122.350000 286.506731 205.236702 153.833320 121.137362 101.172218 88.673926 63.345405 40.826968 26.042408 276.760403 227.885076 175.409183 147.580301 99.160834 151.776238
122.400000 286.628330 205.326686 153.903232 121.194456 101.221455 88.718229 63.379656 40.852192 26.061621 276.878216 227.983882 175.487530 147.647766 99.209278 151.845345
122.450000 286.749926 205.416669 153.973143 121.251549 101.270692 88.762532 63.413908 40.877416 26.080834 276.996026 228.082687 175.565876 147.715230 99.257721 151.914452
122.500000 286.871520 205.506651 154.043054 121.308642 101.319927 88.806834 63.448159 40.902639 26.100047 277.113835 228.181490 175.644221 147.782693 99.306164 151.983557
122.550000 286.993113 205.596631 154.112963 121.365733 101.369163 88.851135 63.482410 40.927863 26.119260 277.231642 228.280292 175.722564 147.850154 99.354606 152.052661
122.600000 287.114703 205.686609 154.182871 121.422824 101.418397 88.895436 63.516660 40.953086 26.138473 277.349446 228.379092 175.800907 147.917615 99.403048 152.121765
122.650000 287.236290 205.776586 154.252778 121.479914 101.467631 88.939736 63.550910 40.978309 26.157686 277.467248 228.477890 175.879247 147.985075 99.451489 152.190867
122.700000 287.357876 205.866562 154.322684 121.537003 101.516864 88.984036 63.585160 41.003532 26.176899 277.585049 228.576687 175.957587 148.052533 99.499929 152.259968
122.750000 287.479460 205.956536 154.392589 121.594092 101.566097 89.028335 63.619409 41.028754 26.196111 277.702847 228.675481 176.035926 148.119991 99.548368 152.329068
122.800000 287.601041 206.046508 154.462493 121.651179 101.615329 89.072634 63.653658 41.053977 26.215324 277.820643 228.774275 176.114263 148.187447 99.596807 152.398167
122.850000 287.722620 206.136479 154.532396 121.708266 101.664560 89.116932 63.687907 41.079199 26.234537 277.938438 228.873066 176.192599 148.254903 99.645245 152.467265
122.900000 287.844198 206.226449 154.602298 121.765352 101.713790 89.161229 63.722155 41.104422 26.253750 278.056230 228.971856 176.270933 148.322357 99.693683 152.536361
122.950000 287.965773 206.316417 154.672198 121.822437 101.763020 89.205526 63.756403 41.129644 26.272962 278.174020 229.070644 176.349267 148.389811 99.742120 152.605457
123.000000 288.087346 206.406384 154.742098 121.879521 101.812250 89.249822 63.790650 41.154865 26.292175 278.291808 229.169431 176.427599 148.457263 99.790556 152.674552
123.050000 288.208916 206.496349 154.811996 121.936605 101.861478 89.294118 63.824897 41.180087 26.311387 278.409594 229.268215 176.505930 148.524715 99.838992 152.743645
123.100000 288.330485 206.586313 154.881894 121.993687 101.910706 89.338413 63.859144 41.205309 26.330600 278.527378 229.366999 176.584260 148.592165 99.887427 152.812738
123.150000 288.452052 206.676275 154.951790 122.050769 101.959933 89.382708 63.893391 41.230530 26.349812 278.645160 229.465780 176.662588 148.659614 99.935861 152.881829
123.200000 288.573616 206.766235 155.021685 122.107850 102.009160 89.427002 63.927637 41.255751 26.369025 278.762939 229.564560 176.740915 148.727063 99.984295 152.950920
123.250000 288.695178 206.856195 155.091579 122.164930 102.058386 89.471296 63.961883 41.280972 26.388237 278.880717 229.663338 176.819241 148.794510 100.032728 153.020009
123.300000 288.816738 206.946152 155.161472 122.222010 102.107611 89.515589 63.996128 41.306193 26.407449 278.998493 229.762115 176.897566 148.861956 100.081160 153.089098
123.350000 288.938296 207.036109 155.231364 122.279088 102.156836 89.559881 64.030373 41.331414 26.426661 279.116267 229.860890 176.975889 148.929402 100.129592 153.158185
123.400000 289.059852 207.126063 155.301255 122.336166 102.206060 89.604173 64.064618 41.356634 26.445874 279.234038 229.959663 177.054211 148.996846 100.178023 153.227271
123.450000 289.181406 207.216017 155.371145 122.393243 102.255283 89.648465 64.098862 41.381854 26.465086 279.351808 230.058435 177.132532 149.064289 100.226454 153.296356
123.500000 289.302958 207.305968 155.441034 122.450319 102.304506 89.692755 64.133106 41.407075 26.484298 279.469576 230.157204 177.210852 149.131731 100.274884 153.365440
123.550000 289.424508 207.395919 155.510922 122.507394 102.353728 89.737046 64.167350 41.432295 26.503510 279.587341 230.255973 177.289171 149.199172 100.323313 153.434523
123.600000 289.546055 207.485868 155.580808 122.564469 102.402949 89.781335 64.201593 41.457514 26.522722 279.705105 230.354739 177.367488 149.266612 100.371742 153.503605
123.650000 289.667600 207.575815 155.650694 122.621542 102.452170 89.825624 64.235836 41.482734 26.541934 279.822866 230.453504 177.445804 149.334052 100.420170 153.572686
123.700000 289.789144 207.665761 155.720579 122.678615 102.501390 89.869913 64.270079 41.507953 26.561146 279.940626 230.552268 177.524119 149.401490 100.468597 153.641766
123.750000 289.910685 207.755705 155.790462 122.735687 102.550610 89.914201 64.304321 41.533173 26.580357 280.058383 230.651029 177.602432 149.468927 100.517024 153.710845
123.800000 290.032224 207.845648 155.860344 122.792758 102.599828 89.958488 64.338563 41.558392 26.599569 280.176139 230.749789 177.680744 149.536363 100.565450 153.779923
123.850000 290.153761 207.935590 155.930226 122.849829 102.649047 90.002775 64.372805 41.583611 26.618781 280.293892 230.848548 177.759055 149.603798 100.613875 153.848999
123.900000 290.275296 208.025530 156.000106 122.906898 102.698264 90.047062 64.407046 41.608830 26.637993 280.411643 230.947304 177.837365 149.671232 100.662300 153.918075
123.950000 290.396828 208.115468 156.069985 122.963967 102.747481 90.091348 64.441287 41.634048 26.657204 280.529393 231.046059 177.915674 149.738665 100.710724 153.987150
124.000000 290.518359 208.205406 156.139863 123.021035 102.796697 90.135633 64.475527 41.659267 26.676416 280.647140 231.144813 177.993981 149.806097 100.759148 154.056223
124.050000 290.639888 208.295341 156.209740 123.078102 102.845912 90.179918 64.509767 41.684485 26.695627 280.764885 231.243565 178.072287 149.873528 100.807571 154.125296
124.100000 290.761414 208.385275 156.279616 123.135169 102.895127 90.224202 64.544007 41.709703 26.714839 280.882628 231.342315 178.150592 149.940958 100.855993 154.194367
124.150000 290.882938 208.475208 156.349491 123.192234 102.944342 90.268485 64.578246 41.734921 26.734050 281.000370 231.441063 178.228896 150.008387 100.904415 154.263438
124.200000 291.004461 208.565139 156.419365 123.249299 102.993555 90.312768 64.612486 41.760139 26.753262 281.118109 231.539810 178.307198 150.075814 100.952835 154.332507
124.250000 291.125981 208.655069 156.489238 123.306363 103.042768 90.357051 64.646724 41.785356 26.772473 281.235846 231.638555 178.385499 150.143241 101.001256 154.401575
124.300000 291.247499 208.744997 156.559109 123.363426 103.091980 90.401333 64.680963 41.810574 26.791684 281.353581 231.737299 178.463799 150.210667 101.049676 154.470643
124.350000 291.369015 208.834924 156.628980 123.420489 103.141192 90.445614 64.715201 41.835791 26.810895 281.471314 231.836041 178.542098 150.278092 101.098095 154.539709
124.400000 291.490528 208.924849 156.698850 123.477550 103.190403 90.489895 64.749438 41.861008 26.830107 281.589045 231.934781 178.620395 150.345516 101.146513 154.608774
124.450000 291.612040 209.014773 156.768718 123.534611 103.239613 90.534175 64.783676 41.886225 26.849318 281.706774 232.033520 178.698692 150.412939 101.194931 154.677838
124.500000 291.733550 209.104696 156.838586 123.591671 103.288823 90.578455 64.817913 41.911442 26.868529 281.824501 232.132257 178.776987 150.480361 101.243348 154.746901
124.550000 291.855057 209.194617 156.908452 123.648730 103.338032 90.622734 64.852149 41.936658 26.887740 281.942226 232.230992 178.855280 150.547781 101.291765 154.815963
124.600000 291.976563 209.284536 156.978317 123.705788 103.387240 90.667013 64.886386 41.961875 26.906951 282.059949 232.329726 178.933573 150.615201 101.340180 154.885024
124.650000 292.098066 209.374454 157.048182 123.762846 103.436448 90.711291 64.920622 41.987091 26.926162 282.177670 232.428458 179.011864 150.682620 101.388596 154.954084
124.700000 292.219568 209.464371 157.118045 123.819902 103.485655 90.755569 64.954857 42.012307 26.945373 282.295389 232.527188 179.090154 150.750038 101.437010 155.023143
124.750000 292.341067 209.554286 157.187907 123.876958 103.534861 90.799845 64.989092 42.037523 26.964583 282.413106 232.625917 179.168443 150.817455 101.485424 155.092201
124.800000 292.462564 209.644200 157.257768 123.934013 103.584067 90.844122 65.023327 42.062739 26.983794 282.530821 232.724644 179.246731 150.884870 101.533838 155.161258
124.850000 292.584059 209.734112 157.327628 123.991068 103.633272 90.888398 65.057562 42.087954 27.003005 282.648534 232.823370 179.325017 150.952285 101.582251 155.230314
124.900000 292.705552 209.824023 157.397487 124.048121 103.682477 90.932673 65.091796 42.113170 27.022216 282.766245 232.922094 179.403303 151.019699 101.630663 155.299368
124.950000 292.827043 209.913932 157.467345 124.105174 103.731680 90.976948 65.126030 42.138385 27.041426 282.883954 233.020816 179.481587 151.087112 101.679074 155.368422
125.000000 292.948532 210.003840 157.537202 124.162226 103.780884 91.021222 65.160263 42.163600 27.060637 283.001661 233.119537 179.559869 151.154523 101.727485 155.437475
125.050000 293.070018 210.093746 157.607058 124.219277 103.830086 91.065496 65.194496 42.188815 27.079847 283.119366 233.218256 179.638151 151.221934 101.775895 155.506526
125.100000 293.191503 210.183651 157.676913 124.276327 103.879288 91.109769 65.228729 42.214029 27.099058 283.237069 233.316973 179.716431 151.289344 101.824305 155.575577
125.150000 293.312985 210.273555 157.746766 124.333376 103.928489 91.154042 65.262962 42.239244 27.118268 283.354770 233.415689 179.794710 151.356752 101.872714 155.644626
125.200000 293.434466 210.363457 157.816619 124.390425 103.977690 91.198314 65.297194 42.264458 27.137479 283.472469 233.514403 179.872988 151.424160 101.921122 155.713675
125.250000 293.555944 210.453357 157.886471 124.447473 104.026890 91.242585 65.331426 42.289673 27.156689 283.590166 233.613116 179.951265 151.491567 101.969530 155.782722
125.300000 293.677421 210.543256 157.956321 124.504520 104.076089 91.286856 65.365657 42.314887 27.175899 283.707861 233.711827 180.029540 151.558972 102.017937 155.851769
125.350000 293.798895 210.633154 158.026171 124.561566 104.125288 91.331127 65.399888 42.340100 27.195109 283.825554 233.810536 180.107814 151.626377 102.066343 155.920814
125.400000 293.920367 210.723050 158.096019 124.618612 104.174486 91.375396 65.434119 42.365314 27.214319 283.943245 233.909244 180.186087 151.693781 102.114749 155.989859
125.450000 294.041837 210.812945 158.165866 124.675656 104.223683 91.419666 65.468349 42.390528 27.233530 284.060934 234.007950 180.264359 151.761183 102.163154 156.058902
125.500000 294.163305 210.902839 158.235713 124.732700 104.272880 91.463935 65.502579 42.415741 27.252740 284.178621 234.106654 180.342630 151.828585 102.211559 156.127944
125.550000 294.284771 210.992730 158.305558 124.789743 104.322076 91.508203 65.536809 42.440954 27.271950 284.296306 234.205357 180.420899 151.895986 102.259963 156.196985
125.600000 294.406235 211.082621 158.375402 124.846786 104.371271 91.552470 65.571038 42.466167 27.291160 284.413989 234.304058 180.499167 151.963386 102.308366 156.266026
125.650000 294.527697 211.172510 158.445246 124.903827 104.420466 91.596738 65.605267 42.491380 27.310370 284.531670 234.402758 180.577434 152.030784 102.356769 156.335065
125.700000 294.649157 211.262397 158.515088 124.960868 104.469660 91.641004 65.639496 42.516593 27.329579 284.649349 234.501456 180.655700 152.098182 102.405171 156.404103
125.750000 294.770614 211.352284 158.584929 125.017908 104.518854 91.685270 65.673724 42.541805 27.348789 284.767026 234.600152 180.733964 152.165579 102.453572 156.473140
125.800000 294.892070 211.442168 158.654769 125.074947 104.568047 91.729536 65.707952 42.567017 27.367999 284.884701 234.698847 180.812227 152.232974 102.501973 156.542176
125.850000 295.013524 211.532052 158.724608 125.131985 104.617239 91.773801 65.742179 42.592230 27.387209 285.002374 234.797540 180.890489 152.300369 102.550373 156.611211
125.900000 295.134975 211.621933 158.794446 125.189023 104.666431 91.818065 65.776407 42.617442 27.406418 285.120045 234.896231 180.968750 152.367763 102.598773 156.680245
125.950000 295.256425 211.711814 158.864283 125.246059 104.715621 91.862329 65.810633 42.642653 27.425628 285.237714 234.994921 181.047010 152.435155 102.647172 156.749278
126.000000 295.377872 211.801693 158.934119 125.303095 104.764812 91.906592 65.844860 42.667865 27.444837 285.355381 235.093609 181.125268 152.502547 102.695570 156.818310
126.050000 295.499317 211.891570 159.003953 125.360130 104.814001 91.950855 65.879086 42.693076 27.464047 285.473046 235.192296 181.203525 152.569938 102.743968 156.887341
126.100000 295.620761 211.981446 159.073787 125.417165 104.863190 91.995117 65.913312 42.718288 27.483256 285.590709 235.290981 181.281781 152.637327 102.792365 156.956371
126.150000 295.742202 212.071321 159.143620 125.474198 104.912379 92.039379 65.947538 42.743499 27.502466 285.708370 235.389665 181.360036 152.704716 102.840761 157.025400
126.200000 295.863641 212.161194 159.213452 125.531231 104.961567 92.083640 65.981763 42.768710 27.521675 285.826029 235.488346 181.438290 152.772104 102.889157 157.094428
126.250000 295.985078 212.251066 159.283282 125.588263 105.010754 92.127901 66.015987 42.793921 27.540884 285.943686 235.587027 181.516542 152.839490 102.937552 157.163455
126.300000 296.106513 212.340936 159.353112 125.645294 105.059940 92.172161 66.050212 42.819131 27.560094 286.061341 235.685705 181.594793 152.906876 102.985947 157.232480
126.350000 296.227946 212.430805 159.422940 125.702324 105.109126 92.216420 66.084436 42.844342 27.579303 286.178995 235.784382 181.673043 152.974261 103.034341 157.301505
126.400000 296.349377 212.520672 159.492768 125.759354 105.158311 92.260679 66.118660 42.869552 27.598512 286.296646 235.883058 181.751292 153.041644 103.082734 157.370529
126.450000 296.470806 212.610538 159.562594 125.816383 105.207496 92.304938 66.152883 42.894762 27.617721 286.414295 235.981731 181.829539 153.109027 103.131127 157.439552
126.500000 296.592233 212.700403 159.632420 125.873411 105.256680 92.349196 66.187106 42.919972 27.636930 286.531942 236.080404 181.907786 153.176409 103.179519 157.508573
126.550000 296.713658 212.790266 159.702244 125.930438 105.305863 92.393453 66.221329 42.945182 27.656139 286.649588 236.179074 181.986031 153.243790 103.227910 157.577594
126.600000 296.835081 212.880128 159.772068 125.987464 105.355046 92.437710 66.255551 42.970391 27.675348 286.767231 236.277743 182.064275 153.311169 103.276301 157.646614
126.650000 296.956501 212.969988 159.841890 126.044490 105.404228 92.481966 66.289773 42.995601 27.694557 286.884872 236.376411 182.142518 153.378548 103.324691 157.715632
126.700000 297.077920 213.059847 159.911711 126.101515 105.453409 92.526222 66.323995 43.020810 27.713766 287.002512 236.475076 182.220759 153.445926 103.373081 157.784650
126.750000 297.199337 213.149704 159.981531 126.158539 105.502590 92.570477 66.358216 43.046019 27.732974 287.120149 236.573741 182.298999 153.513303 103.421470 157.853666
