web/models/kne/33/Metzger_0.090038_0.208276_0.450000.dat
# %ECSV 0.9
# ---
# datatype:
# - {name: time, datatype: float64}
# - {name: sdss_u, datatype: float64}
# - {name: sdss_g, datatype: float64}
# - {name: sdss_r, datatype: float64}
# - {name: sdss_i, datatype: float64}
# - {name: sdss_z, datatype: float64}
# - {name: PS1_y, datatype: float64}
# - {name: ukirt_J, datatype: float64}
# - {name: ukirt_H, datatype: float64}
# - {name: ukirt_K, datatype: float64}
# - {name: johnson_U, datatype: float64}
# - {name: johnson_B, datatype: float64}
# - {name: johnson_V, datatype: float64}
# - {name: johnson_R, datatype: float64}
# - {name: johnson_I, datatype: float64}
# - {name: Clear, datatype: float64}
# meta: !!omap
# - comment: [vej = 0.2082758620689655, mej = 0.09003814830589497, Ye = 0.45, redshift = 0.0]
# schema: astropy-2.0
time sdss_u sdss_g sdss_r sdss_i sdss_z PS1_y ukirt_J ukirt_H ukirt_K johnson_U johnson_B johnson_V johnson_R johnson_I Clear
[from data line 94]
4.800000 -5.318049 -9.377022 -11.758548 -13.148221 -13.924843 -14.373322 -15.158441 -15.645590 -15.784739 -5.818300 -8.274779 -10.782753 -12.033517 -13.999207 -11.849429
4.850000 -5.153808 -9.260981 -11.673106 -13.082307 -13.870878 -14.326838 -15.127066 -15.627414 -15.774922 -5.659831 -8.145287 -10.684453 -11.951805 -13.946445 -11.765213
4.900000 -5.126631 -9.236560 -11.650436 -13.060755 -13.850009 -14.306398 -15.107490 -15.608594 -15.756581 -5.632983 -8.120098 -10.661048 -11.929349 -13.925646 -11.742614
4.950000 -4.962625 -9.120575 -11.564937 -12.994713 -13.795874 -14.259718 -15.075873 -15.590145 -15.746479 -5.474728 -7.990712 -10.562738 -11.847566 -13.872711 -11.658337
5.000000 -4.797920 -9.004014 -11.478940 -12.928225 -13.741324 -14.212646 -15.043910 -15.571401 -15.736120 -5.315789 -7.860716 -10.463899 -11.765296 -13.819364 -11.573566
5.050000 -4.632525 -8.886885 -11.392453 -12.861297 -13.686367 -14.165186 -15.011607 -15.552367 -15.725508 -5.156174 -7.730118 -10.364536 -11.682545 -13.765614 -11.488308
5.100000 -4.466449 -8.769195 -11.305483 -12.793935 -13.631007 -14.117346 -14.978969 -15.533047 -15.714647 -4.995892 -7.598926 -10.264657 -11.599320 -13.711464 -11.402569
5.150000 -4.444224 -8.748169 -11.285218 -12.774156 -13.611526 -14.098050 -14.960051 -15.514459 -15.696269 -4.973810 -7.577565 -10.244072 -11.579148 -13.692012 -11.382335
5.200000 -4.278486 -8.630624 -11.198268 -12.706738 -13.556063 -14.050078 -14.927228 -15.494916 -15.685169 -4.813843 -7.446572 -10.144266 -11.495929 -13.637755 -11.296613
5.250000 -4.112097 -8.512544 -11.110858 -12.638907 -13.500217 -14.001743 -14.894087 -15.475102 -15.673833 -4.653239 -7.315011 -10.043969 -11.412259 -13.583117 -11.210433
5.300000 -3.945067 -8.393937 -11.022995 -12.570669 -13.443995 -13.953050 -14.860631 -15.455020 -15.662264 -4.492008 -7.182891 -9.943186 -11.328143 -13.528107 -11.123802
5.350000 -3.926959 -8.375760 -11.004774 -12.552421 -13.425729 -13.934774 -14.842333 -15.436703 -15.643934 -4.473892 -7.164734 -9.924984 -11.309917 -13.509839 -11.105580
5.400000 -3.760347 -8.257365 -10.916991 -12.484180 -13.369454 -13.885997 -14.808736 -15.416436 -15.632160 -4.313054 -7.032884 -9.824338 -11.225867 -13.454770 -11.019024
5.450000 -3.593124 -8.138469 -10.828776 -12.415553 -13.312820 -13.836882 -14.774840 -15.395914 -15.620164 -4.151618 -6.900502 -9.723230 -11.141393 -13.399346 -10.932040
5.500000 -3.425300 -8.019078 -10.740136 -12.346546 -13.255834 -13.787431 -14.740650 -15.375142 -15.607952 -3.989594 -6.767596 -9.621669 -11.056503 -13.343573 -10.844633
5.550000 -3.256882 -7.899202 -10.651078 -12.277163 -13.198501 -13.737652 -14.706171 -15.354123 -15.595526 -3.826989 -6.634174 -9.519661 -10.971203 -13.287454 -10.756811
5.600000 -3.244100 -7.884741 -10.635550 -12.260955 -13.181875 -13.720765 -14.688754 -15.336240 -15.577346 -3.814006 -6.620181 -9.504581 -10.955545 -13.270787 -10.741240
5.650000 -3.076202 -7.765160 -10.546645 -12.191635 -13.124549 -13.670959 -14.654184 -15.315080 -15.564753 -3.651894 -6.487117 -9.402785 -10.870380 -13.214671 -10.653566
5.700000 -2.907742 -7.645118 -10.457343 -12.121960 -13.066895 -13.620841 -14.619339 -15.293686 -15.551957 -3.489232 -6.353563 -9.300566 -10.784827 -13.158229 -10.565497
5.750000 -2.738728 -7.524622 -10.367651 -12.051935 -13.008916 -13.570416 -14.584223 -15.272060 -15.538961 -3.326028 -6.219528 -9.197930 -10.698891 -13.101465 -10.477040
5.800000 -2.569170 -7.403680 -10.277575 -11.981567 -12.950619 -13.519689 -14.548842 -15.250207 -15.525769 -3.162292 -6.085020 -9.094883 -10.612578 -13.044385 -10.388202
5.850000 -2.561915 -7.393103 -10.264889 -11.967535 -12.935761 -13.504314 -14.532418 -15.232859 -15.507828 -3.154639 -6.075370 -9.083084 -10.599635 -13.029444 -10.375431
5.900000 -2.392975 -7.272537 -10.175035 -11.897291 -12.877529 -13.453615 -14.496993 -15.210906 -15.494505 -2.991492 -5.941305 -8.980324 -10.513527 -12.972424 -10.286809
5.950000 -2.223521 -7.151549 -10.084819 -11.826722 -12.818995 -13.402630 -14.461315 -15.188737 -15.480994 -2.827841 -5.806792 -8.877177 -10.427062 -12.915104 -10.197827
6.000000 -2.053561 -7.030146 -9.994245 -11.755833 -12.760165 -13.351363 -14.425390 -15.166356 -15.467301 -2.663696 -5.671839 -8.773648 -10.340248 -12.857490 -10.108490
6.050000 -1.883104 -6.908336 -9.903321 -11.684630 -12.701043 -13.299819 -14.389220 -15.143766 -15.453426 -2.499065 -5.536454 -8.669745 -10.253090 -12.799587 -10.018804
6.100000 -1.881565 -6.901802 -9.893615 -11.672900 -12.688072 -13.286070 -14.373891 -15.127042 -15.435808 -2.496928 -5.531314 -8.661373 -10.242997 -12.786491 -10.008971
6.150000 -1.711823 -6.780446 -9.802980 -11.601880 -12.629069 -13.234606 -14.337722 -15.104389 -15.421835 -2.332980 -5.396455 -8.557828 -10.156108 -12.728701 -9.919568
6.200000 -1.541613 -6.658706 -9.712013 -11.530564 -12.569791 -13.182880 -14.301322 -15.081538 -15.407690 -2.168574 -5.261190 -8.453929 -10.068894 -12.670638 -9.829836
6.250000 -1.370944 -6.536589 -9.620722 -11.458956 -12.510243 -13.130897 -14.264695 -15.058492 -15.393377 -2.003719 -5.125524 -8.349685 -9.981362 -12.612306 -9.739781
6.300000 -1.199825 -6.414103 -9.529112 -11.387063 -12.450429 -13.078662 -14.227844 -15.035255 -15.378898 -1.838424 -4.989467 -8.245100 -9.893517 -12.553711 -9.649409
6.350000 -1.028265 -6.291253 -9.437190 -11.314889 -12.390354 -13.026179 -14.190774 -15.011828 -15.364256 -1.672698 -4.853024 -8.140182 -9.805366 -12.494857 -9.558727
6.400000 -1.033866 -6.289799 -9.431256 -11.306095 -12.379808 -13.014533 -14.176895 -14.995973 -15.347128 -1.677453 -4.853539 -8.136130 -9.798886 -12.484134 -9.552614
6.450000 -0.863131 -6.167493 -9.339698 -11.234171 -12.319914 -12.962188 -14.139876 -14.972526 -15.332423 -1.512518 -4.717719 -8.031651 -9.711077 -12.425454 -9.462289
6.500000 -0.691984 -6.044848 -9.247846 -11.161983 -12.259774 -12.909608 -14.102649 -14.948900 -15.317564 -1.347179 -4.581538 -7.926859 -9.622981 -12.366530 -9.371672
6.550000 -0.520432 -5.921868 -9.155706 -11.089536 -12.199394 -12.856799 -14.065218 -14.925099 -15.302552 -1.181443 -4.445005 -7.821760 -9.534601 -12.307367 -9.280769
6.600000 -0.348483 -5.798563 -9.063283 -11.016835 -12.138776 -12.803766 -14.027587 -14.901125 -15.287391 -1.015320 -4.308125 -7.716360 -9.445945 -12.247969 -9.189585
6.650000 -0.176147 -5.674937 -8.970584 -10.943885 -12.077928 -12.750511 -13.989760 -14.876981 -15.272082 -0.848817 -4.170906 -7.610665 -9.357017 -12.188341 -9.098126
6.700000 -0.189142 -5.678771 -8.968602 -10.938188 -12.069955 -12.741110 -13.977458 -14.862104 -15.255543 -0.860715 -4.177297 -7.611126 -9.354325 -12.180139 -9.095911
6.750000 -0.017737 -5.555773 -8.876338 -10.865550 -12.009343 -12.688046 -13.939727 -14.837978 -15.240204 -0.695106 -4.040790 -7.505947 -9.265809 -12.120741 -9.004879
6.800000 0.154030 -5.432476 -8.783815 -10.792679 -11.948514 -12.634774 -13.901811 -14.813691 -15.224726 -0.529144 -3.903968 -7.400492 -9.177039 -12.061127 -8.913591
6.850000 0.326150 -5.308887 -8.691038 -10.719578 -11.887471 -12.581299 -13.863714 -14.789246 -15.209111 -0.362836 -3.766836 -7.294768 -9.088020 -12.001301 -8.822050
6.900000 0.498614 -5.185012 -8.598013 -10.646254 -11.826219 -12.527624 -13.825438 -14.764646 -15.193361 -0.196190 -3.629402 -7.188779 -8.998757 -11.941267 -8.730262
6.950000 0.671416 -5.060858 -8.504746 -10.572710 -11.764762 -12.473753 -13.786987 -14.739894 -15.177478 -0.029214 -3.491673 -7.082533 -8.909256 -11.881030 -8.638234
7.000000 0.650799 -5.070166 -8.506874 -10.570253 -11.759495 -12.466723 -13.776371 -14.726093 -15.161615 -0.048476 -3.504136 -7.087678 -8.910508 -11.875479 -8.640073
7.050000 0.822572 -4.946717 -8.414106 -10.497079 -11.698327 -12.413091 -13.738058 -14.701394 -15.145732 0.117510 -3.367202 -6.982017 -8.821482 -11.815523 -8.548537
7.100000 0.994657 -4.823009 -8.321113 -10.423699 -11.636968 -12.359277 -13.699581 -14.676550 -15.129723 0.283801 -3.229995 -6.876117 -8.732234 -11.755377 -8.456775
7.150000 1.167046 -4.699048 -8.227898 -10.350119 -11.575420 -12.305283 -13.660942 -14.651565 -15.113591 0.450391 -3.092519 -6.769982 -8.642769 -11.695044 -8.364794
7.200000 1.339731 -4.574839 -8.134467 -10.276343 -11.513689 -12.251113 -13.622145 -14.626442 -15.097338 0.617271 -2.954783 -6.663617 -8.553091 -11.634529 -8.272597
7.250000 1.512705 -4.450389 -8.040825 -10.202375 -11.451779 -12.196770 -13.583192 -14.601182 -15.080965 0.784434 -2.816792 -6.557029 -8.463206 -11.573835 -8.180191
7.300000 1.484271 -4.465331 -8.047201 -10.203280 -11.449331 -12.192218 -13.574361 -14.588542 -15.065854 0.757616 -2.835499 -6.567004 -8.468537 -11.571049 -8.186223
7.350000 1.656127 -4.341657 -7.954118 -10.129734 -11.387757 -12.138160 -13.535585 -14.563366 -15.049508 0.923702 -2.698380 -6.461067 -8.379185 -11.510683 -8.094367
7.400000 1.828248 -4.217761 -7.860840 -10.056009 -11.326015 -12.083940 -13.496663 -14.538062 -15.033050 1.090048 -2.561026 -6.354922 -8.289641 -11.450150 -8.002317
7.450000 2.000627 -4.093647 -7.767371 -9.982109 -11.264109 -12.029563 -13.457598 -14.512631 -15.016480 1.256648 -2.423444 -6.248576 -8.199909 -11.389455 -7.910077
7.500000 2.173258 -3.969322 -7.673716 -9.908039 -11.202042 -11.975032 -13.418394 -14.487077 -14.999801 1.423494 -2.285639 -6.142032 -8.109993 -11.328600 -7.817652
7.550000 2.346133 -3.844791 -7.579878 -9.833803 -11.139819 -11.920351 -13.379052 -14.461401 -14.983015 1.590579 -2.147617 -6.035297 -8.019899 -11.267589 -7.725046
7.600000 2.519245 -3.720059 -7.485864 -9.759405 -11.077443 -11.865522 -13.339577 -14.435606 -14.966124 1.757898 -2.009385 -5.928374 -7.929630 -11.206426 -7.632263
7.650000 2.481393 -3.741811 -7.497394 -9.764407 -11.078444 -11.864012 -13.332957 -14.424433 -14.951988 1.721974 -2.035629 -5.944200 -7.939913 -11.207024 -7.643383
7.700000 2.653290 -3.617932 -7.404002 -9.690485 -11.016454 -11.809513 -13.293698 -14.398755 -14.935152 1.888121 -1.898351 -5.837997 -7.850240 -11.146239 -7.551214
7.750000 2.825404 -3.493870 -7.310447 -9.616413 -10.954322 -11.754878 -13.254313 -14.372965 -14.918216 2.054481 -1.760879 -5.731622 -7.760405 -11.085312 -7.458883
7.800000 2.997727 -3.369628 -7.216733 -9.542193 -10.892052 -11.700108 -13.214805 -14.347065 -14.901183 2.221045 -1.623220 -5.625079 -7.670413 -11.024247 -7.366393
7.850000 3.170252 -3.245214 -7.122864 -9.467832 -10.829645 -11.645208 -13.175177 -14.321057 -14.884054 2.387810 -1.485380 -5.518374 -7.580270 -10.963047 -7.273749
7.900000 3.342974 -3.120630 -7.028844 -9.393330 -10.767106 -11.590180 -13.135430 -14.294942 -14.866830 2.554767 -1.347364 -5.411511 -7.489977 -10.901716 -7.180956
7.950000 3.515886 -2.995884 -6.934678 -9.318693 -10.704438 -11.535027 -13.095569 -14.268724 -14.849513 2.721911 -1.209176 -5.304494 -7.399540 -10.840256 -7.088016
8.000000 3.688982 -2.870979 -6.840370 -9.243924 -10.641645 -11.479752 -13.055595 -14.242404 -14.832106 2.889236 -1.070823 -5.197328 -7.308962 -10.778671 -6.994935
8.050000 3.862255 -2.745920 -6.745922 -9.169026 -10.578728 -11.424359 -13.015510 -14.215984 -14.814608 3.056736 -0.932310 -5.090017 -7.218248 -10.716964 -6.901715
8.100000 4.035700 -2.620712 -6.651341 -9.094002 -10.515692 -11.368849 -12.975318 -14.189466 -14.797023 3.224405 -0.793641 -4.982566 -7.127401 -10.655138 -6.808362
8.150000 4.209311 -2.495359 -6.556628 -9.018857 -10.452539 -11.313227 -12.935020 -14.162852 -14.779352 3.392237 -0.654822 -4.874978 -7.036425 -10.593196 -6.714878
8.200000 4.383082 -2.369867 -6.461789 -8.943593 -10.389273 -11.257493 -12.894619 -14.136144 -14.761596 3.560226 -0.515857 -4.767257 -6.945324 -10.531141 -6.621268
8.250000 4.557007 -2.244240 -6.366826 -8.868213 -10.325896 -11.201653 -12.854117 -14.109344 -14.743757 3.728367 -0.376752 -4.659409 -6.854100 -10.468975 -6.527535
8.300000 4.731080 -2.118482 -6.271744 -8.792721 -10.262411 -11.145707 -12.813517 -14.082453 -14.725835 3.896655 -0.237512 -4.551436 -6.762759 -10.406702 -6.433684
8.350000 4.905297 -1.992598 -6.176546 -8.717120 -10.198821 -11.089659 -12.772820 -14.055473 -14.707834 4.065083 -0.098140 -4.443343 -6.671304 -10.344325 -6.339717
8.400000 5.079650 -1.866592 -6.081236 -8.641413 -10.135129 -11.033511 -12.732030 -14.028407 -14.689753 4.233647 0.041357 -4.335134 -6.579737 -10.281846 -6.245638
8.450000 5.254135 -1.740468 -5.985818 -8.565603 -10.071338 -10.977267 -12.691147 -14.001255 -14.671595 4.402341 0.180977 -4.226813 -6.488063 -10.219267 -6.151451
8.500000 5.428747 -1.614231 -5.890294 -8.489694 -10.007450 -10.920928 -12.650175 -13.974021 -14.653362 4.571160 0.320713 -4.118382 -6.396284 -10.156593 -6.057159
8.550000 5.603480 -1.487884 -5.794668 -8.413687 -9.943468 -10.864496 -12.609115 -13.946704 -14.635053 4.740098 0.460562 -4.009847 -6.304405 -10.093825 -5.962765
8.600000 5.778329 -1.361433 -5.698944 -8.337586 -9.879395 -10.807976 -12.567969 -13.919307 -14.616671 4.909152 0.600519 -3.901210 -6.212428 -10.030966 -5.868274
8.650000 5.953289 -1.234879 -5.603125 -8.261394 -9.815233 -10.751368 -12.526740 -13.891833 -14.598217 5.078315 0.740581 -3.792476 -6.120357 -9.968018 -5.773687
8.700000 6.128355 -1.108229 -5.507214 -8.185114 -9.750985 -10.694675 -12.485430 -13.864281 -14.579693 5.247583 0.880742 -3.683648 -6.028194 -9.904985 -5.679009
8.750000 6.303522 -0.981485 -5.411214 -8.108748 -9.686653 -10.637900 -12.444040 -13.836654 -14.561099 5.416952 1.020999 -3.574728 -5.935943 -9.841868 -5.584242
8.800000 6.478786 -0.854651 -5.315128 -8.032299 -9.622240 -10.581044 -12.402572 -13.808954 -14.542438 5.586416 1.161347 -3.465722 -5.843608 -9.778669 -5.489390
8.850000 6.654141 -0.727731 -5.218960 -7.955770 -9.557748 -10.524111 -12.361028 -13.781182 -14.523709 5.755971 1.301783 -3.356631 -5.751190 -9.715392 -5.394456
8.900000 6.829583 -0.600729 -5.122713 -7.879163 -9.493179 -10.467102 -12.319411 -13.753339 -14.504915 5.925612 1.442302 -3.247460 -5.658693 -9.652039 -5.299442
8.950000 7.005107 -0.473648 -5.026389 -7.802481 -9.428536 -10.410019 -12.277722 -13.725427 -14.486056 6.095335 1.582902 -3.138211 -5.566120 -9.588612 -5.204351
9.000000 7.180709 -0.346492 -4.929992 -7.725727 -9.363822 -10.352865 -12.235962 -13.697448 -14.467135 6.265136 1.723577 -3.028888 -5.473473 -9.525113 -5.109188
9.050000 7.356385 -0.219264 -4.833523 -7.648902 -9.299038 -10.295641 -12.194134 -13.669402 -14.448151 6.435010 1.864325 -2.919494 -5.380756 -9.461544 -5.013953
9.100000 7.532130 -0.091967 -4.736987 -7.572010 -9.234186 -10.238351 -12.152239 -13.641292 -14.429106 6.604953 2.005141 -2.810032 -5.287971 -9.397908 -4.918651
9.150000 7.707940 0.035394 -4.640386 -7.495053 -9.169269 -10.180995 -12.110280 -13.613119 -14.410002 6.774961 2.146022 -2.700504 -5.195120 -9.334206 -4.823283
9.200000 7.883810 0.162818 -4.543722 -7.418033 -9.104289 -10.123575 -12.068257 -13.584883 -14.390839 6.945030 2.286965 -2.590914 -5.102207 -9.270441 -4.727852
9.250000 8.059738 0.290300 -4.446998 -7.340952 -9.039248 -10.066094 -12.026172 -13.556587 -14.371619 7.115156 2.427966 -2.481265 -5.009234 -9.206615 -4.632362
9.300000 8.235718 0.417838 -4.350216 -7.263812 -8.974147 -10.008554 -11.984027 -13.528232 -14.352343 7.285336 2.569022 -2.371559 -4.916204 -9.142730 -4.536815
9.350000 8.411748 0.545428 -4.253380 -7.186616 -8.908990 -9.950956 -11.941824 -13.499819 -14.333011 7.455564 2.710130 -2.261800 -4.823118 -9.078788 -4.441212
9.400000 8.587822 0.673068 -4.156492 -7.109367 -8.843777 -9.893303 -11.899564 -13.471349 -14.313624 7.625839 2.851285 -2.151989 -4.729980 -9.014791 -4.345557
9.450000 8.763938 0.800754 -4.059554 -7.032065 -8.778511 -9.835595 -11.857249 -13.442824 -14.294185 7.796155 2.992486 -2.042129 -4.636791 -8.950740 -4.249852
9.500000 8.940091 0.928484 -3.962568 -6.954713 -8.713194 -9.777835 -11.814879 -13.414244 -14.274693 7.966510 3.133729 -1.932224 -4.543555 -8.886637 -4.154100
9.550000 9.116279 1.056255 -3.865537 -6.877314 -8.647827 -9.720024 -11.772457 -13.385612 -14.255150 8.136900 3.275011 -1.822276 -4.450272 -8.822485 -4.058302
