web/models/kne/33/Metzger_0.403554_0.467586_0.100000.dat
# %ECSV 0.9
# ---
# datatype:
# - {name: time, datatype: float64}
# - {name: sdss_u, datatype: float64}
# - {name: sdss_g, datatype: float64}
# - {name: sdss_r, datatype: float64}
# - {name: sdss_i, datatype: float64}
# - {name: sdss_z, datatype: float64}
# - {name: PS1_y, datatype: float64}
# - {name: ukirt_J, datatype: float64}
# - {name: ukirt_H, datatype: float64}
# - {name: ukirt_K, datatype: float64}
# - {name: johnson_U, datatype: float64}
# - {name: johnson_B, datatype: float64}
# - {name: johnson_V, datatype: float64}
# - {name: johnson_R, datatype: float64}
# - {name: johnson_I, datatype: float64}
# - {name: Clear, datatype: float64}
# meta: !!omap
# - comment: [vej = 0.4675862068965517, mej = 0.4035543872905491, Ye = 0.1, redshift = 0.0]
# schema: astropy-2.0
time sdss_u sdss_g sdss_r sdss_i sdss_z PS1_y ukirt_J ukirt_H ukirt_K johnson_U johnson_B johnson_V johnson_R johnson_I Clear
[from data line 1298]
65.000000 184.203491 129.423729 94.839219 72.884169 59.502560 51.138682 34.232402 19.278691 9.530714 177.629391 144.679861 109.347417 90.637209 58.155776 93.456721
65.050000 184.367065 129.544652 94.933064 72.960720 59.568512 51.197978 34.278138 19.312248 9.556161 177.787857 144.812687 109.452641 90.727752 58.220658 93.549479
65.100000 184.530635 129.665574 95.026907 73.037272 59.634464 51.257273 34.323874 19.345804 9.581609 177.946320 144.945510 109.557863 90.818293 58.285540 93.642237
65.150000 184.694203 129.786494 95.120750 73.113822 59.700415 51.316568 34.369610 19.379361 9.607058 178.104781 145.078331 109.663084 90.908834 58.350422 93.734994
65.200000 184.857768 129.907413 95.214592 73.190372 59.766366 51.375863 34.415346 19.412919 9.632507 178.263239 145.211150 109.768304 90.999374 58.415303 93.827749
65.250000 185.021330 130.028329 95.308432 73.266921 59.832317 51.435158 34.461082 19.446477 9.657957 178.421694 145.343967 109.873523 91.089912 58.480183 93.920504
65.300000 185.184890 130.149244 95.402271 73.343469 59.898267 51.494452 34.506818 19.480035 9.683407 178.580147 145.476782 109.978740 91.180450 58.545063 94.013257
65.350000 185.348446 130.270157 95.496110 73.420017 59.964217 51.553746 34.552554 19.513594 9.708858 178.738597 145.609595 110.083955 91.270987 58.609943 94.106010
65.400000 185.511999 130.391068 95.589947 73.496564 60.030166 51.613040 34.598291 19.547153 9.734309 178.897044 145.742405 110.189169 91.361522 58.674823 94.198761
65.450000 185.675550 130.511977 95.683783 73.573110 60.096115 51.672334 34.644027 19.580712 9.759761 179.055488 145.875214 110.294382 91.452056 58.739702 94.291511
65.500000 185.839098 130.632884 95.777618 73.649656 60.162063 51.731627 34.689763 19.614272 9.785214 179.213930 146.008020 110.399594 91.542590 58.804580 94.384260
65.550000 186.002643 130.753790 95.871451 73.726201 60.228011 51.790921 34.735500 19.647833 9.810667 179.372368 146.140825 110.504803 91.633122 58.869459 94.477008
65.600000 186.166184 130.874694 95.965284 73.802745 60.293959 51.850213 34.781237 19.681393 9.836121 179.530804 146.273627 110.610012 91.723653 58.934336 94.569754
65.650000 186.329723 130.995596 96.059115 73.879289 60.359906 51.909506 34.826973 19.714954 9.861576 179.689237 146.406427 110.715219 91.814184 58.999214 94.662500
65.700000 186.493259 131.116496 96.152945 73.955831 60.425852 51.968798 34.872710 19.748515 9.887031 179.847668 146.539225 110.820424 91.904713 59.064091 94.755244
65.750000 186.656792 131.237394 96.246774 74.032373 60.491798 52.028090 34.918447 19.782077 9.912486 180.006095 146.672020 110.925628 91.995241 59.128967 94.847988
65.800000 186.820322 131.358290 96.340602 74.108915 60.557744 52.087382 34.964183 19.815639 9.937942 180.164520 146.804814 111.030831 92.085768 59.193843 94.940730
65.850000 186.983849 131.479185 96.434429 74.185455 60.623689 52.146673 35.009920 19.849201 9.963399 180.322941 146.937605 111.136032 92.176293 59.258719 95.033471
65.900000 187.147374 131.600077 96.528254 74.261995 60.689634 52.205964 35.055657 19.882764 9.988856 180.481360 147.070394 111.241232 92.266818 59.323594 95.126210
65.950000 187.310895 131.720968 96.622078 74.338534 60.755578 52.265255 35.101394 19.916327 10.014314 180.639776 147.203181 111.346430 92.357341 59.388468 95.218949
66.000000 187.474413 131.841856 96.715901 74.415072 60.821522 52.324545 35.147131 19.949891 10.039772 180.798189 147.335965 111.451626 92.447864 59.453342 95.311686
66.050000 187.637928 131.962743 96.809723 74.491609 60.887465 52.383835 35.192868 19.983454 10.065231 180.956600 147.468748 111.556821 92.538385 59.518216 95.404423
66.100000 187.801440 132.083628 96.903543 74.568146 60.953407 52.443125 35.238605 20.017018 10.090690 181.115007 147.601528 111.662015 92.628905 59.583089 95.497158
66.150000 187.964948 132.204511 96.997363 74.644682 61.019350 52.502414 35.284342 20.050583 10.116150 181.273411 147.734306 111.767207 92.719424 59.647962 95.589891
66.200000 188.128454 132.325392 97.091181 74.721217 61.085291 52.561703 35.330079 20.084148 10.141611 181.431813 147.867081 111.872397 92.809942 59.712834 95.682624
66.250000 188.291957 132.446271 97.184997 74.797751 61.151232 52.620992 35.375816 20.117713 10.167072 181.590211 147.999855 111.977586 92.900458 59.777706 95.775355
66.300000 188.455457 132.567148 97.278813 74.874285 61.217173 52.680280 35.421553 20.151278 10.192533 181.748607 148.132626 112.082774 92.990974 59.842577 95.868085
66.350000 188.618953 132.688023 97.372627 74.950817 61.283113 52.739568 35.467290 20.184844 10.217995 181.907000 148.265394 112.187959 93.081488 59.907448 95.960814
66.400000 188.782447 132.808896 97.466440 75.027349 61.349052 52.798856 35.513027 20.218410 10.243458 182.065389 148.398161 112.293144 93.172001 59.972318 96.053542
66.450000 188.945937 132.929767 97.560252 75.103880 61.414991 52.858143 35.558763 20.251976 10.268921 182.223776 148.530925 112.398326 93.262513 60.037188 96.146268
66.500000 189.109424 133.050636 97.654062 75.180410 61.480930 52.917430 35.604500 20.285543 10.294385 182.382160 148.663687 112.503507 93.353024 60.102057 96.238993
66.550000 189.272909 133.171503 97.747871 75.256939 61.546867 52.976716 35.650237 20.319109 10.319849 182.540540 148.796446 112.608687 93.443533 60.166926 96.331717
66.600000 189.436389 133.292368 97.841679 75.333468 61.612805 53.036002 35.695974 20.352677 10.345313 182.698918 148.929204 112.713864 93.534042 60.231794 96.424440
66.650000 189.599867 133.413231 97.935486 75.409995 61.678741 53.095288 35.741711 20.386244 10.370778 182.857293 149.061958 112.819041 93.624549 60.296661 96.517161
66.700000 189.763342 133.534092 98.029291 75.486522 61.744677 53.154573 35.787448 20.419812 10.396244 183.015664 149.194711 112.924215 93.715054 60.361528 96.609881
66.750000 189.926813 133.654950 98.123095 75.563048 61.810613 53.213858 35.833184 20.453380 10.421710 183.174033 149.327461 113.029388 93.805559 60.426395 96.702600
66.800000 190.090282 133.775807 98.216897 75.639573 61.876548 53.273143 35.878921 20.486948 10.447177 183.332398 149.460209 113.134560 93.896062 60.491261 96.795317
66.850000 190.253747 133.896662 98.310698 75.716097 61.942482 53.332427 35.924658 20.520517 10.472644 183.490761 149.592954 113.239729 93.986564 60.556126 96.888033
66.900000 190.417209 134.017515 98.404498 75.792621 62.008416 53.391710 35.970394 20.554086 10.498111 183.649120 149.725697 113.344897 94.077065 60.620991 96.980748
66.950000 190.580667 134.138365 98.498297 75.869143 62.074349 53.450994 36.016131 20.587655 10.523580 183.807477 149.858438 113.450064 94.167565 60.685855 97.073461
67.000000 190.744123 134.259214 98.592094 75.945664 62.140282 53.510276 36.061867 20.621224 10.549048 183.965830 149.991176 113.555229 94.258063 60.750718 97.166173
67.050000 190.907575 134.380060 98.685889 76.022185 62.206214 53.569559 36.107604 20.654794 10.574517 184.124180 150.123912 113.660392 94.348560 60.815582 97.258884
67.100000 191.071024 134.500905 98.779684 76.098705 62.272145 53.628841 36.153340 20.688364 10.599987 184.282527 150.256645 113.765553 94.439056 60.880444 97.351594
67.150000 191.234469 134.621747 98.873477 76.175224 62.338076 53.688122 36.199076 20.721934 10.625457 184.440871 150.389376 113.870713 94.529550 60.945306 97.444302
67.200000 191.397912 134.742587 98.967269 76.251741 62.404006 53.747403 36.244813 20.755504 10.650927 184.599211 150.522105 113.975871 94.620043 61.010167 97.537009
67.250000 191.561351 134.863425 99.061059 76.328258 62.469935 53.806684 36.290549 20.789075 10.676398 184.757549 150.654831 114.081027 94.710535 61.075028 97.629714
67.300000 191.724787 134.984261 99.154848 76.404774 62.535864 53.865964 36.336285 20.822646 10.701870 184.915884 150.787554 114.186182 94.801026 61.139888 97.722418
67.350000 191.888219 135.105095 99.248635 76.481290 62.601792 53.925243 36.382021 20.856217 10.727341 185.074215 150.920276 114.291335 94.891515 61.204747 97.815121
67.400000 192.051649 135.225927 99.342421 76.557804 62.667720 53.984523 36.427756 20.889788 10.752814 185.232543 151.052994 114.396486 94.982003 61.269606 97.907822
67.450000 192.215074 135.346756 99.436206 76.634317 62.733647 54.043801 36.473492 20.923360 10.778286 185.390868 151.185711 114.501635 95.072490 61.334464 98.000522
67.500000 192.378497 135.467583 99.529989 76.710829 62.799573 54.103080 36.519228 20.956932 10.803760 185.549190 151.318424 114.606783 95.162975 61.399322 98.093221
67.550000 192.541916 135.588408 99.623771 76.787341 62.865498 54.162357 36.564963 20.990504 10.829233 185.707508 151.451136 114.711929 95.253459 61.464179 98.185918
67.600000 192.705332 135.709231 99.717551 76.863851 62.931423 54.221635 36.610699 21.024076 10.854707 185.865824 151.583844 114.817073 95.343942 61.529035 98.278613
67.650000 192.868745 135.830052 99.811330 76.940360 62.997348 54.280912 36.656434 21.057649 10.880182 186.024136 151.716551 114.922216 95.434423 61.593891 98.371308
67.700000 193.032154 135.950871 99.905108 77.016869 63.063271 54.340188 36.702169 21.091221 10.905657 186.182445 151.849254 115.027357 95.524903 61.658746 98.464001
67.750000 193.195560 136.071687 99.998884 77.093376 63.129194 54.399464 36.747904 21.124794 10.931132 186.340751 151.981955 115.132496 95.615381 61.723600 98.556692
67.800000 193.358962 136.192501 100.092658 77.169883 63.195116 54.458739 36.793639 21.158368 10.956608 186.499053 152.114654 115.237633 95.705859 61.788454 98.649382
67.850000 193.522361 136.313313 100.186432 77.246388 63.261038 54.518014 36.839374 21.191941 10.982085 186.657352 152.247350 115.342768 95.796334 61.853307 98.742071
67.900000 193.685757 136.434123 100.280203 77.322893 63.326959 54.577288 36.885109 21.225515 11.007561 186.815648 152.380044 115.447902 95.886809 61.918159 98.834758
67.950000 193.849149 136.554931 100.373973 77.399396 63.392879 54.636562 36.930843 21.259088 11.033039 186.973941 152.512735 115.553034 95.977282 61.983011 98.927444
68.000000 194.012538 136.675736 100.467742 77.475899 63.458798 54.695835 36.976578 21.292662 11.058516 187.132230 152.645423 115.658164 96.067754 62.047862 99.020128
68.050000 194.175923 136.796539 100.561509 77.552400 63.524717 54.755108 37.022312 21.326236 11.083994 187.290516 152.778109 115.763292 96.158224 62.112712 99.112811
68.100000 194.339305 136.917340 100.655275 77.628901 63.590635 54.814380 37.068046 21.359811 11.109473 187.448799 152.910792 115.868419 96.248693 62.177562 99.205492
68.150000 194.502684 137.038138 100.749039 77.705400 63.656552 54.873652 37.113780 21.393385 11.134951 187.607079 153.043473 115.973544 96.339160 62.242411 99.298172
68.200000 194.666059 137.158935 100.842802 77.781899 63.722468 54.932923 37.159514 21.426960 11.160431 187.765355 153.176151 116.078666 96.429626 62.307259 99.390851
68.250000 194.829431 137.279729 100.936563 77.858396 63.788384 54.992193 37.205247 21.460535 11.185910 187.923628 153.308827 116.183787 96.520091 62.372107 99.483528
68.300000 194.992799 137.400521 101.030323 77.934893 63.854299 55.051464 37.250981 21.494110 11.211390 188.081898 153.441500 116.288907 96.610554 62.436954 99.576203
68.350000 195.156163 137.521310 101.124081 78.011388 63.920214 55.110733 37.296714 21.527685 11.236871 188.240164 153.574170 116.394024 96.701016 62.501800 99.668877
68.400000 195.319525 137.642097 101.217838 78.087883 63.986127 55.170002 37.342447 21.561261 11.262352 188.398427 153.706838 116.499139 96.791476 62.566646 99.761550
68.450000 195.482882 137.762882 101.311593 78.164376 64.052040 55.229270 37.388180 21.594836 11.287833 188.556686 153.839503 116.604253 96.881935 62.631490 99.854221
68.500000 195.646236 137.883665 101.405347 78.240868 64.117952 55.288538 37.433913 21.628412 11.313314 188.714943 153.972165 116.709365 96.972393 62.696334 99.946890
68.550000 195.809587 138.004445 101.499099 78.317359 64.183864 55.347806 37.479645 21.661988 11.338797 188.873195 154.104825 116.814475 97.062849 62.761178 100.039558
68.600000 195.972934 138.125223 101.592849 78.393850 64.249774 55.407072 37.525378 21.695564 11.364279 189.031445 154.237482 116.919583 97.153303 62.826020 100.132225
68.650000 196.136278 138.245999 101.686598 78.470339 64.315684 55.466338 37.571110 21.729140 11.389762 189.189691 154.370137 117.024689 97.243757 62.890862 100.224890
68.700000 196.299618 138.366772 101.780345 78.546827 64.381593 55.525604 37.616842 21.762717 11.415245 189.347933 154.502788 117.129793 97.334208 62.955703 100.317553
68.750000 196.462954 138.487543 101.874091 78.623314 64.447501 55.584869 37.662574 21.796293 11.440728 189.506173 154.635437 117.234896 97.424658 63.020544 100.410215
68.800000 196.626287 138.608312 101.967835 78.699799 64.513409 55.644133 37.708305 21.829870 11.466212 189.664409 154.768084 117.339996 97.515107 63.085383 100.502875
68.850000 196.789617 138.729078 102.061578 78.776284 64.579316 55.703397 37.754037 21.863447 11.491697 189.822641 154.900728 117.445095 97.605554 63.150222 100.595534
68.900000 196.952943 138.849842 102.155319 78.852768 64.645222 55.762660 37.799768 21.897024 11.517181 189.980870 155.033369 117.550192 97.696000 63.215060 100.688191
68.950000 197.116265 138.970604 102.249059 78.929251 64.711127 55.821923 37.845499 21.930601 11.542666 190.139096 155.166007 117.655286 97.786444 63.279898 100.780847
69.000000 197.279583 139.091363 102.342797 79.005732 64.777031 55.881185 37.891229 21.964178 11.568152 190.297318 155.298643 117.760379 97.876887 63.344734 100.873501
69.050000 197.442898 139.212120 102.436533 79.082212 64.842935 55.940446 37.936960 21.997755 11.593638 190.455536 155.431276 117.865470 97.967328 63.409570 100.966154
69.100000 197.606210 139.332874 102.530268 79.158692 64.908837 55.999707 37.982690 22.031333 11.619124 190.613752 155.563906 117.970559 98.057768 63.474405 101.058805
69.150000 197.769518 139.453626 102.624001 79.235170 64.974739 56.058967 38.028420 22.064910 11.644610 190.771963 155.696533 118.075646 98.148206 63.539239 101.151454
69.200000 197.932822 139.574376 102.717732 79.311647 65.040640 56.118227 38.074150 22.098488 11.670097 190.930172 155.829158 118.180731 98.238643 63.604073 101.244102
69.250000 198.096122 139.695123 102.811462 79.388123 65.106541 56.177485 38.119880 22.132066 11.695584 191.088376 155.961780 118.285815 98.329078 63.668906 101.336748
69.300000 198.259419 139.815868 102.905190 79.464598 65.172440 56.236744 38.165609 22.165644 11.721072 191.246578 156.094399 118.390896 98.419512 63.733738 101.429393
69.350000 198.422713 139.936610 102.998917 79.541071 65.238339 56.296001 38.211338 22.199222 11.746560 191.404775 156.227016 118.495975 98.509944 63.798569 101.522036
69.400000 198.586002 140.057350 103.092642 79.617544 65.304237 56.355258 38.257067 22.232800 11.772048 191.562970 156.359629 118.601052 98.600375 63.863399 101.614677
69.450000 198.749288 140.178088 103.186365 79.694015 65.370134 56.414515 38.302796 22.266378 11.797537 191.721161 156.492240 118.706128 98.690804 63.928229 101.707317
69.500000 198.912571 140.298823 103.280087 79.770486 65.436030 56.473770 38.348524 22.299957 11.823026 191.879348 156.624848 118.811201 98.781231 63.993057 101.799955
69.550000 199.075849 140.419556 103.373807 79.846955 65.501925 56.533026 38.394253 22.333535 11.848515 192.037531 156.757454 118.916272 98.871657 64.057885 101.892592
69.600000 199.239124 140.540286 103.467525 79.923423 65.567820 56.592280 38.439980 22.367114 11.874004 192.195712 156.890056 119.021342 98.962081 64.122712 101.985227
69.650000 199.402395 140.661014 103.561242 79.999890 65.633713 56.651534 38.485708 22.400692 11.899494 192.353888 157.022656 119.126409 99.052504 64.187539 102.077860
69.700000 199.565663 140.781739 103.654957 80.076355 65.699606 56.710787 38.531435 22.434271 11.924985 192.512061 157.155253 119.231475 99.142925 64.252364 102.170492
69.750000 199.728927 140.902462 103.748671 80.152820 65.765498 56.770039 38.577163 22.467850 11.950475 192.670231 157.287847 119.336538 99.233345 64.317189 102.263122
