web/models/kne/33/Metzger_0.212177_0.224483_0.450000.dat
# %ECSV 0.9
# ---
# datatype:
# - {name: time, datatype: float64}
# - {name: sdss_u, datatype: float64}
# - {name: sdss_g, datatype: float64}
# - {name: sdss_r, datatype: float64}
# - {name: sdss_i, datatype: float64}
# - {name: sdss_z, datatype: float64}
# - {name: PS1_y, datatype: float64}
# - {name: ukirt_J, datatype: float64}
# - {name: ukirt_H, datatype: float64}
# - {name: ukirt_K, datatype: float64}
# - {name: johnson_U, datatype: float64}
# - {name: johnson_B, datatype: float64}
# - {name: johnson_V, datatype: float64}
# - {name: johnson_R, datatype: float64}
# - {name: johnson_I, datatype: float64}
# - {name: Clear, datatype: float64}
# meta: !!omap
# - comment: [vej = 0.22448275862068964, mej = 0.2121769878034849, Ye = 0.45, redshift = 0.0]
# schema: astropy-2.0
time sdss_u sdss_g sdss_r sdss_i sdss_z PS1_y ukirt_J ukirt_H ukirt_K johnson_U johnson_B johnson_V johnson_R johnson_I Clear
[from data line 897]
44.950000 99.075259 66.885791 46.644030 33.848579 26.081259 21.243114 11.519130 3.016444 -2.436451 95.206362 75.837989 55.125084 44.191073 25.301231 45.836801
45.000000 99.206485 66.982523 46.718862 33.909426 26.133534 21.290006 11.555055 3.042518 -2.416934 95.333457 75.944346 55.209119 44.263235 25.352640 45.910755
45.050000 99.337701 67.079249 46.793691 33.970271 26.185806 21.336895 11.590979 3.068593 -2.397417 95.460543 76.050697 55.293150 44.335393 25.404048 45.984705
45.100000 99.468908 67.175970 46.868515 34.031112 26.238077 21.383783 11.626902 3.094668 -2.377899 95.587620 76.157041 55.377175 44.407547 25.455453 46.058652
45.150000 99.600106 67.272684 46.943336 34.091950 26.290345 21.430669 11.662825 3.120743 -2.358380 95.714689 76.263379 55.461196 44.479698 25.506856 46.132594
45.200000 99.731295 67.369392 47.018152 34.152786 26.342611 21.477554 11.698747 3.146819 -2.338860 95.841749 76.369709 55.545212 44.551844 25.558257 46.206532
45.250000 99.862475 67.466095 47.092964 34.213618 26.394875 21.524437 11.734668 3.172894 -2.319340 95.968800 76.476033 55.629223 44.623987 25.609656 46.280466
45.300000 99.993646 67.562791 47.167772 34.274448 26.447137 21.571318 11.770588 3.198970 -2.299819 96.095843 76.582349 55.713229 44.696126 25.661053 46.354397
45.350000 100.124809 67.659482 47.242576 34.335275 26.499397 21.618198 11.806508 3.225046 -2.280297 96.222877 76.688659 55.797230 44.768261 25.712448 46.428323
45.400000 100.255962 67.756166 47.317377 34.396099 26.551655 21.665076 11.842428 3.251122 -2.260774 96.349903 76.794963 55.881227 44.840393 25.763841 46.502245
45.450000 100.387106 67.852845 47.392173 34.456921 26.603911 21.711953 11.878346 3.277199 -2.241251 96.476920 76.901259 55.965218 44.912520 25.815232 46.576164
45.500000 100.518242 67.949518 47.466965 34.517739 26.656164 21.758828 11.914264 3.303275 -2.221727 96.603929 77.007549 56.049205 44.984644 25.866621 46.650078
45.550000 100.649368 68.046184 47.541753 34.578555 26.708416 21.805701 11.950181 3.329352 -2.202202 96.730929 77.113832 56.133187 45.056764 25.918008 46.723989
45.600000 100.780486 68.142845 47.616537 34.639368 26.760665 21.852573 11.986098 3.355429 -2.182677 96.857920 77.220108 56.217164 45.128880 25.969393 46.797895
45.650000 100.911595 68.239500 47.691317 34.700178 26.812913 21.899443 12.022014 3.381506 -2.163150 96.984903 77.326378 56.301137 45.200993 26.020776 46.871798
45.700000 101.042695 68.336150 47.766093 34.760985 26.865158 21.946311 12.057929 3.407583 -2.143623 97.111878 77.432641 56.385104 45.273101 26.072157 46.945696
45.750000 101.173787 68.432793 47.840865 34.821790 26.917401 21.993178 12.093844 3.433660 -2.124096 97.238844 77.538897 56.469067 45.345206 26.123536 47.019591
45.800000 101.304869 68.529431 47.915633 34.882592 26.969642 22.040043 12.129757 3.459738 -2.104567 97.365802 77.645146 56.553025 45.417307 26.174913 47.093482
45.850000 101.435943 68.626062 47.990397 34.943391 27.021882 22.086907 12.165671 3.485815 -2.085038 97.492751 77.751389 56.636979 45.489405 26.226288 47.167369
45.900000 101.567008 68.722688 48.065157 35.004187 27.074119 22.133769 12.201583 3.511893 -2.065508 97.619692 77.857626 56.720927 45.561498 26.277661 47.241252
45.950000 101.698065 68.819308 48.139913 35.064980 27.126354 22.180630 12.237495 3.537971 -2.045977 97.746625 77.963855 56.804871 45.633588 26.329032 47.315132
46.000000 101.829113 68.915922 48.214665 35.125771 27.178587 22.227489 12.273406 3.564050 -2.026446 97.873549 78.070079 56.888810 45.705675 26.380402 47.389007
46.050000 101.960152 69.012531 48.289414 35.186559 27.230818 22.274346 12.309317 3.590128 -2.006914 98.000465 78.176295 56.972745 45.777757 26.431769 47.462878
46.100000 102.091182 69.109134 48.364158 35.247344 27.283047 22.321202 12.345227 3.616206 -1.987381 98.127373 78.282505 57.056675 45.849836 26.483134 47.536746
46.150000 102.222204 69.205731 48.438899 35.308126 27.335274 22.368056 12.381136 3.642285 -1.967847 98.254272 78.388709 57.140600 45.921911 26.534497 47.610610
46.200000 102.353217 69.302322 48.513635 35.368906 27.387499 22.414908 12.417045 3.668364 -1.948313 98.381163 78.494905 57.224520 45.993982 26.585859 47.684470
46.250000 102.484221 69.398908 48.588368 35.429683 27.439721 22.461759 12.452953 3.694443 -1.928778 98.508046 78.601096 57.308436 46.066050 26.637218 47.758326
46.300000 102.615217 69.495487 48.663097 35.490457 27.491942 22.508609 12.488860 3.720522 -1.909242 98.634921 78.707279 57.392347 46.138114 26.688575 47.832178
46.350000 102.746205 69.592061 48.737822 35.551229 27.544161 22.555457 12.524766 3.746602 -1.889706 98.761787 78.813457 57.476253 46.210175 26.739931 47.906027
46.400000 102.877183 69.688630 48.812543 35.611997 27.596378 22.602303 12.560672 3.772681 -1.870169 98.888645 78.919628 57.560155 46.282232 26.791284 47.979872
46.450000 103.008154 69.785193 48.887260 35.672763 27.648593 22.649148 12.596578 3.798761 -1.850631 99.015495 79.025792 57.644052 46.354285 26.842636 48.053713
46.500000 103.139115 69.881750 48.961973 35.733527 27.700806 22.695991 12.632482 3.824841 -1.831093 99.142337 79.131950 57.727945 46.426334 26.893986 48.127550
46.550000 103.270069 69.978301 49.036682 35.794287 27.753017 22.742833 12.668387 3.850921 -1.811553 99.269171 79.238101 57.811833 46.498380 26.945334 48.201383
46.600000 103.401013 70.074847 49.111388 35.855045 27.805225 22.789673 12.704290 3.877001 -1.792013 99.395996 79.344246 57.895716 46.570422 26.996679 48.275213
46.650000 103.531950 70.171387 49.186090 35.915800 27.857432 22.836511 12.740193 3.903081 -1.772473 99.522813 79.450385 57.979595 46.642461 27.048023 48.349038
46.700000 103.662878 70.267921 49.260787 35.976553 27.909637 22.883348 12.776095 3.929162 -1.752932 99.649623 79.556517 58.063469 46.714496 27.099365 48.422861
46.750000 103.793797 70.364450 49.335482 36.037303 27.961840 22.930184 12.811996 3.955242 -1.733389 99.776424 79.662642 58.147338 46.786527 27.150705 48.496679
46.800000 103.924708 70.460974 49.410172 36.098050 28.014041 22.977018 12.847897 3.981323 -1.713847 99.903217 79.768762 58.231203 46.858555 27.202044 48.570493
46.850000 104.055611 70.557491 49.484858 36.158795 28.066240 23.023850 12.883797 4.007404 -1.694303 100.030002 79.874875 58.315064 46.930579 27.253380 48.644304
46.900000 104.186505 70.654003 49.559541 36.219536 28.118437 23.070681 12.919697 4.033485 -1.674759 100.156779 79.980981 58.398919 47.002600 27.304714 48.718111
46.950000 104.317391 70.750510 49.634220 36.280276 28.170632 23.117510 12.955596 4.059567 -1.655215 100.283547 80.087082 58.482771 47.074617 27.356047 48.791915
47.000000 104.448268 70.847011 49.708895 36.341012 28.222825 23.164338 12.991494 4.085648 -1.635669 100.410308 80.193175 58.566617 47.146630 27.407377 48.865714
47.050000 104.579137 70.943506 49.783566 36.401746 28.275016 23.211164 13.027391 4.111730 -1.616123 100.537061 80.299263 58.650460 47.218640 27.458706 48.939510
47.100000 104.709998 71.039996 49.858233 36.462477 28.327205 23.257989 13.063288 4.137812 -1.596576 100.663806 80.405344 58.734298 47.290646 27.510033 49.013302
47.150000 104.840851 71.136480 49.932897 36.523206 28.379392 23.304812 13.099185 4.163894 -1.577028 100.790543 80.511419 58.818131 47.362649 27.561358 49.087091
47.200000 104.971695 71.232959 50.007557 36.583932 28.431578 23.351634 13.135080 4.189976 -1.557480 100.917272 80.617488 58.901959 47.434648 27.612681 49.160876
47.250000 105.102531 71.329433 50.082213 36.644655 28.483761 23.398454 13.170975 4.216058 -1.537931 101.043993 80.723550 58.985784 47.506644 27.664002 49.234657
47.300000 105.233358 71.425900 50.156866 36.705376 28.535942 23.445273 13.206870 4.242140 -1.518382 101.170706 80.829606 59.069604 47.578636 27.715321 49.308434
47.350000 105.364178 71.522363 50.231515 36.766094 28.588122 23.492090 13.242764 4.268223 -1.498832 101.297411 80.935656 59.153419 47.650625 27.766639 49.382208
47.400000 105.494989 71.618820 50.306160 36.826809 28.640299 23.538906 13.278657 4.294306 -1.479281 101.424109 81.041700 59.237230 47.722610 27.817954 49.455978
47.450000 105.625792 71.715271 50.380801 36.887522 28.692475 23.585720 13.314549 4.320388 -1.459729 101.550798 81.147737 59.321036 47.794592 27.869268 49.529745
47.500000 105.756587 71.811717 50.455438 36.948232 28.744648 23.632533 13.350441 4.346471 -1.440177 101.677480 81.253769 59.404838 47.866570 27.920580 49.603508
47.550000 105.887374 71.908158 50.530072 37.008940 28.796820 23.679344 13.386332 4.372555 -1.420624 101.804153 81.359794 59.488636 47.938544 27.971890 49.677267
47.600000 106.018152 72.004593 50.604703 37.069645 28.848990 23.726154 13.422223 4.398638 -1.401070 101.930819 81.465812 59.572429 48.010516 28.023198 49.751023
47.650000 106.148923 72.101022 50.679329 37.130348 28.901158 23.772962 13.458113 4.424721 -1.381516 102.057477 81.571825 59.656217 48.082483 28.074505 49.824775
47.700000 106.279685 72.197447 50.753952 37.191048 28.953324 23.819769 13.494002 4.450805 -1.361961 102.184128 81.677832 59.740002 48.154447 28.125809 49.898523
47.750000 106.410439 72.293865 50.828571 37.251745 29.005488 23.866574 13.529891 4.476889 -1.342405 102.310770 81.783832 59.823781 48.226408 28.177112 49.972268
47.800000 106.541185 72.390279 50.903186 37.312440 29.057650 23.913378 13.565779 4.502973 -1.322849 102.437405 81.889826 59.907557 48.298365 28.228412 50.046009
47.850000 106.671923 72.486687 50.977798 37.373132 29.109810 23.960180 13.601667 4.529057 -1.303292 102.564032 81.995814 59.991328 48.370319 28.279711 50.119746
47.900000 106.802653 72.583090 51.052406 37.433821 29.161969 24.006981 13.637554 4.555141 -1.283735 102.690651 82.101796 60.075095 48.442269 28.331009 50.193480
47.950000 106.933375 72.679487 51.127011 37.494508 29.214125 24.053780 13.673440 4.581225 -1.264176 102.817263 82.207772 60.158857 48.514216 28.382304 50.267211
48.000000 107.064089 72.775879 51.201612 37.555193 29.266280 24.100578 13.709326 4.607310 -1.244618 102.943866 82.313741 60.242615 48.586160 28.433597 50.340938
48.050000 107.194795 72.872266 51.276209 37.615875 29.318432 24.147374 13.745211 4.633394 -1.225058 103.070463 82.419705 60.326369 48.658100 28.484889 50.414661
48.100000 107.325493 72.968647 51.350802 37.676554 29.370583 24.194169 13.781095 4.659479 -1.205498 103.197051 82.525663 60.410118 48.730036 28.536179 50.488380
48.150000 107.456183 73.065023 51.425392 37.737231 29.422732 24.240963 13.816979 4.685564 -1.185937 103.323632 82.631614 60.493863 48.801969 28.587467 50.562097
48.200000 107.586865 73.161394 51.499978 37.797905 29.474879 24.287755 13.852862 4.711649 -1.166375 103.450205 82.737560 60.577603 48.873899 28.638753 50.635809
48.250000 107.717539 73.257759 51.574561 37.858577 29.527024 24.334545 13.888745 4.737734 -1.146813 103.576770 82.843499 60.661340 48.945826 28.690038 50.709518
48.300000 107.848205 73.354120 51.649140 37.919246 29.579168 24.381334 13.924627 4.763820 -1.127250 103.703328 82.949432 60.745072 49.017749 28.741320 50.783224
48.350000 107.978863 73.450474 51.723716 37.979913 29.631309 24.428122 13.960508 4.789905 -1.107687 103.829879 83.055360 60.828799 49.089668 28.792601 50.856926
48.400000 108.109513 73.546824 51.798288 38.040577 29.683449 24.474908 13.996389 4.815991 -1.088123 103.956421 83.161281 60.912523 49.161584 28.843880 50.930624
48.450000 108.240155 73.643168 51.872856 38.101239 29.735586 24.521693 14.032269 4.842077 -1.068558 104.082956 83.267197 60.996242 49.233497 28.895157 51.004319
48.500000 108.370790 73.739508 51.947421 38.161898 29.787722 24.568476 14.068149 4.868163 -1.048993 104.209484 83.373106 61.079957 49.305407 28.946433 51.078010
48.550000 108.501416 73.835841 52.021982 38.222554 29.839856 24.615258 14.104027 4.894249 -1.029427 104.336004 83.479009 61.163667 49.377313 28.997706 51.151698
48.600000 108.632035 73.932170 52.096540 38.283209 29.891988 24.662038 14.139906 4.920335 -1.009860 104.462516 83.584907 61.247373 49.449215 29.048978 51.225383
48.650000 108.762646 74.028493 52.171094 38.343860 29.944119 24.708817 14.175783 4.946421 -0.990293 104.589021 83.690798 61.331076 49.521115 29.100248 51.299064
48.700000 108.893249 74.124812 52.245644 38.404509 29.996247 24.755595 14.211660 4.972508 -0.970725 104.715519 83.796684 61.414773 49.593011 29.151517 51.372741
48.750000 109.023844 74.221125 52.320191 38.465156 30.048374 24.802371 14.247537 4.998594 -0.951156 104.842009 83.902564 61.498467 49.664903 29.202783 51.446415
48.800000 109.154432 74.317433 52.394734 38.525800 30.100498 24.849146 14.283413 5.024681 -0.931587 104.968491 84.008437 61.582156 49.736793 29.254048 51.520085
48.850000 109.285012 74.413735 52.469274 38.586442 30.152621 24.895919 14.319288 5.050768 -0.912017 105.094966 84.114305 61.665841 49.808679 29.305311 51.593752
48.900000 109.415584 74.510033 52.543811 38.647081 30.204742 24.942691 14.355163 5.076855 -0.892447 105.221434 84.220167 61.749522 49.880561 29.356572 51.667416
48.950000 109.546148 74.606325 52.618344 38.707718 30.256862 24.989461 14.391037 5.102942 -0.872876 105.347894 84.326023 61.833199 49.952441 29.407832 51.741076
49.000000 109.676704 74.702612 52.692873 38.768352 30.308979 25.036230 14.426910 5.129030 -0.853304 105.474347 84.431873 61.916871 50.024317 29.459089 51.814733
49.050000 109.807253 74.798894 52.767399 38.828984 30.361095 25.082998 14.462783 5.155117 -0.833732 105.600792 84.537718 62.000540 50.096189 29.510345 51.888386
49.100000 109.937794 74.895171 52.841921 38.889613 30.413209 25.129764 14.498655 5.181205 -0.814159 105.727230 84.643556 62.084204 50.168059 29.561599 51.962036
49.150000 110.068328 74.991443 52.916440 38.950240 30.465321 25.176528 14.534527 5.207292 -0.794585 105.853660 84.749389 62.167864 50.239925 29.612852 52.035682
49.200000 110.198853 75.087710 52.990955 39.010865 30.517431 25.223292 14.570398 5.233380 -0.775011 105.980084 84.855216 62.251519 50.311788 29.664102 52.109325
49.250000 110.329371 75.183971 53.065467 39.071487 30.569539 25.270054 14.606269 5.259468 -0.755436 106.106499 84.961037 62.335171 50.383647 29.715351 52.182965
49.300000 110.459882 75.280228 53.139976 39.132106 30.621646 25.316814 14.642138 5.285556 -0.735861 106.232908 85.066852 62.418818 50.455504 29.766599 52.256601
49.350000 110.590384 75.376479 53.214480 39.192724 30.673751 25.363573 14.678008 5.311644 -0.716285 106.359309 85.172661 62.502462 50.527357 29.817844 52.330233
49.400000 110.720880 75.472725 53.288982 39.253338 30.725854 25.410331 14.713876 5.337733 -0.696708 106.485703 85.278465 62.586101 50.599206 29.869088 52.403863
49.450000 110.851367 75.568967 53.363480 39.313951 30.777955 25.457087 14.749744 5.363821 -0.677131 106.612089 85.384263 62.669736 50.671053 29.920330 52.477489
49.500000 110.981847 75.665203 53.437974 39.374560 30.830054 25.503842 14.785612 5.389910 -0.657553 106.738469 85.490055 62.753367 50.742896 29.971570 52.551111
49.550000 111.112320 75.761434 53.512466 39.435168 30.882152 25.550595 14.821479 5.415999 -0.637975 106.864841 85.595841 62.836993 50.814736 30.022809 52.624730
49.600000 111.242784 75.857660 53.586953 39.495773 30.934248 25.597347 14.857345 5.442087 -0.618396 106.991205 85.701622 62.920616 50.886573 30.074045 52.698346
49.650000 111.373242 75.953881 53.661438 39.556376 30.986342 25.644098 14.893211 5.468176 -0.598816 107.117563 85.807397 63.004235 50.958406 30.125280 52.771958
49.700000 111.503691 76.050097 53.735918 39.616976 31.038434 25.690847 14.929076 5.494266 -0.579236 107.243913 85.913166 63.087849 51.030237 30.176514 52.845568
49.750000 111.634134 76.146308 53.810396 39.677574 31.090524 25.737595 14.964941 5.520355 -0.559655 107.370256 86.018929 63.171459 51.102064 30.227745 52.919173
49.800000 111.764568 76.242514 53.884870 39.738169 31.142613 25.784342 15.000804 5.546444 -0.540073 107.496592 86.124687 63.255066 51.173888 30.278975 52.992776
