web/models/kne/33/Metzger_0.016214_0.046207_0.450000.dat
# %ECSV 0.9
# ---
# datatype:
# - {name: time, datatype: float64}
# - {name: sdss_u, datatype: float64}
# - {name: sdss_g, datatype: float64}
# - {name: sdss_r, datatype: float64}
# - {name: sdss_i, datatype: float64}
# - {name: sdss_z, datatype: float64}
# - {name: PS1_y, datatype: float64}
# - {name: ukirt_J, datatype: float64}
# - {name: ukirt_H, datatype: float64}
# - {name: ukirt_K, datatype: float64}
# - {name: johnson_U, datatype: float64}
# - {name: johnson_B, datatype: float64}
# - {name: johnson_V, datatype: float64}
# - {name: johnson_R, datatype: float64}
# - {name: johnson_I, datatype: float64}
# - {name: Clear, datatype: float64}
# meta: !!omap
# - comment: [vej = 0.046206896551724136, mej = 0.016213736300560038, Ye = 0.45, redshift = 0.0]
# schema: astropy-2.0
time sdss_u sdss_g sdss_r sdss_i sdss_z PS1_y ukirt_J ukirt_H ukirt_K johnson_U johnson_B johnson_V johnson_R johnson_I Clear
[from data line 395]
19.850000 27.085840 14.822718 7.232345 2.516355 -0.298739 -2.026920 -5.415579 -8.228019 -9.892747 25.603137 18.214369 10.397004 6.322185 -0.578845 6.932548
19.900000 27.199456 14.905598 7.295713 2.567260 -0.255472 -1.988450 -5.386880 -8.208096 -9.878660 25.713072 18.305827 10.468571 6.383173 -0.536350 6.995132
19.950000 27.313058 14.988473 7.359078 2.618167 -0.212202 -1.949976 -5.358176 -8.188165 -9.864565 25.822994 18.397276 10.540135 6.444159 -0.493851 7.057715
20.000000 27.426647 15.071342 7.422442 2.669074 -0.168929 -1.911498 -5.329465 -8.168226 -9.850460 25.932905 18.488717 10.611695 6.505145 -0.451349 7.120297
20.050000 27.540223 15.154204 7.485804 2.719983 -0.125654 -1.873016 -5.300748 -8.148279 -9.836346 26.042803 18.580150 10.683251 6.566129 -0.408844 7.182876
20.100000 27.653787 15.237060 7.549164 2.770892 -0.082376 -1.834531 -5.272026 -8.128325 -9.822223 26.152689 18.671576 10.754804 6.627111 -0.366336 7.245455
20.150000 27.767338 15.319911 7.612523 2.821803 -0.039095 -1.796042 -5.243297 -8.108362 -9.808090 26.262564 18.762993 10.826354 6.688093 -0.323826 7.308031
20.200000 27.880876 15.402755 7.675880 2.872715 0.004188 -1.757549 -5.214563 -8.088392 -9.793949 26.372426 18.854403 10.897900 6.749073 -0.281312 7.370607
20.250000 27.994402 15.485594 7.739235 2.923627 0.047475 -1.719052 -5.185822 -8.068414 -9.779799 26.482277 18.945805 10.969442 6.810053 -0.238796 7.433181
20.300000 28.107915 15.568427 7.802589 2.974541 0.090764 -1.680551 -5.157076 -8.048428 -9.765640 26.592116 19.037200 11.040982 6.871031 -0.196277 7.495753
20.350000 28.221416 15.651254 7.865941 3.025456 0.134055 -1.642047 -5.128324 -8.028435 -9.751473 26.701944 19.128586 11.112517 6.932008 -0.153755 7.558324
20.400000 28.334904 15.734075 7.929291 3.076372 0.177350 -1.603539 -5.099566 -8.008433 -9.737296 26.811760 19.219965 11.184050 6.992984 -0.111230 7.620893
20.450000 28.448380 15.816891 7.992640 3.127289 0.220647 -1.565027 -5.070803 -7.988425 -9.723111 26.921565 19.311337 11.255579 7.053959 -0.068702 7.683462
20.500000 28.561844 15.899701 8.055987 3.178207 0.263946 -1.526512 -5.042033 -7.968408 -9.708917 27.031358 19.402701 11.327105 7.114933 -0.026171 7.746028
20.550000 28.675296 15.982505 8.119333 3.229126 0.307249 -1.487992 -5.013258 -7.948384 -9.694714 27.141140 19.494058 11.398628 7.175906 0.016362 7.808594
20.600000 28.788736 16.065304 8.182677 3.280047 0.350554 -1.449470 -4.984477 -7.928353 -9.680503 27.250910 19.585407 11.470147 7.236878 0.058899 7.871158
20.650000 28.902164 16.148097 8.246020 3.330968 0.393862 -1.410943 -4.955691 -7.908314 -9.666283 27.360670 19.676749 11.541663 7.297849 0.101438 7.933720
20.700000 29.015580 16.230884 8.309361 3.381890 0.437172 -1.372413 -4.926898 -7.888267 -9.652054 27.470418 19.768083 11.613176 7.358819 0.143980 7.996281
20.750000 29.128984 16.313666 8.372701 3.432814 0.480485 -1.333879 -4.898101 -7.868213 -9.637817 27.580155 19.859411 11.684686 7.419787 0.186525 8.058841
20.800000 29.242377 16.396443 8.436039 3.483738 0.523801 -1.295342 -4.869297 -7.848152 -9.623572 27.689881 19.950731 11.756193 7.480755 0.229072 8.121400
20.850000 29.355757 16.479214 8.499376 3.534664 0.567119 -1.256801 -4.840488 -7.828084 -9.609317 27.799596 20.042044 11.827697 7.541722 0.271623 8.183957
20.900000 29.469127 16.561980 8.562712 3.585591 0.610440 -1.218256 -4.811673 -7.808008 -9.595055 27.909301 20.133349 11.899197 7.602688 0.314176 8.246513
20.950000 29.582484 16.644740 8.626046 3.636519 0.653764 -1.179708 -4.782853 -7.787924 -9.580784 28.018994 20.224648 11.970694 7.663653 0.356732 8.309068
21.000000 29.695830 16.727495 8.689378 3.687447 0.697090 -1.141156 -4.754028 -7.767834 -9.566505 28.128677 20.315940 12.042189 7.724617 0.399290 8.371622
21.050000 29.809165 16.810245 8.752709 3.738377 0.740419 -1.102601 -4.725196 -7.747736 -9.552217 28.238349 20.407224 12.113680 7.785580 0.441852 8.434174
21.100000 29.922488 16.892989 8.816039 3.789308 0.783750 -1.064042 -4.696360 -7.727631 -9.537921 28.348011 20.498502 12.185168 7.846542 0.484416 8.496725
21.150000 30.035800 16.975728 8.879367 3.840240 0.827084 -1.025480 -4.667518 -7.707519 -9.523617 28.457662 20.589772 12.256653 7.907503 0.526983 8.559275
21.200000 30.149101 17.058462 8.942694 3.891174 0.870420 -0.986914 -4.638670 -7.687400 -9.509305 28.567302 20.681036 12.328135 7.968464 0.569553 8.621823
21.250000 30.262390 17.141191 9.006020 3.942108 0.913759 -0.948345 -4.609817 -7.667273 -9.494985 28.676932 20.772293 12.399615 8.029423 0.612125 8.684371
21.300000 30.375669 17.223915 9.069344 3.993043 0.957101 -0.909772 -4.580959 -7.647140 -9.480656 28.786551 20.863543 12.471091 8.090381 0.654700 8.746917
21.350000 30.488936 17.306633 9.132667 4.043979 1.000445 -0.871196 -4.552095 -7.626999 -9.466320 28.896160 20.954787 12.542564 8.151339 0.697278 8.809461
21.400000 30.602192 17.389347 9.195988 4.094917 1.043792 -0.832616 -4.523226 -7.606852 -9.451975 29.005759 21.046023 12.614035 8.212296 0.739858 8.872005
21.450000 30.715438 17.472055 9.259308 4.145855 1.087141 -0.794033 -4.494352 -7.586697 -9.437622 29.115347 21.137253 12.685502 8.273252 0.782441 8.934548
21.500000 30.828672 17.554758 9.322627 4.196795 1.130493 -0.755446 -4.465472 -7.566536 -9.423261 29.224926 21.228476 12.756967 8.334206 0.825027 8.997089
21.550000 30.941896 17.637456 9.385944 4.247735 1.173847 -0.716856 -4.436587 -7.546368 -9.408893 29.334494 21.319692 12.828428 8.395161 0.867615 9.059629
21.600000 31.055108 17.720150 9.449261 4.298677 1.217203 -0.678263 -4.407697 -7.526192 -9.394516 29.444052 21.410902 12.899887 8.456114 0.910206 9.122168
21.650000 31.168310 17.802838 9.512575 4.349619 1.260562 -0.639666 -4.378802 -7.506010 -9.380132 29.553600 21.502105 12.971343 8.517066 0.952799 9.184706
21.700000 31.281501 17.885521 9.575889 4.400563 1.303924 -0.601066 -4.349901 -7.485821 -9.365739 29.663138 21.593302 13.042796 8.578017 0.995396 9.247242
21.750000 31.394682 17.968199 9.639201 4.451507 1.347288 -0.562463 -4.320996 -7.465626 -9.351339 29.772665 21.684492 13.114247 8.638968 1.037994 9.309778
21.800000 31.507852 18.050873 9.702512 4.502453 1.390654 -0.523856 -4.292085 -7.445423 -9.336931 29.882183 21.775676 13.185694 8.699918 1.080596 9.372312
21.850000 31.621011 18.133541 9.765822 4.553400 1.434023 -0.485246 -4.263169 -7.425214 -9.322516 29.991692 21.866853 13.257139 8.760867 1.123200 9.434846
21.900000 31.734160 18.216205 9.829130 4.604347 1.477395 -0.446632 -4.234248 -7.404998 -9.308092 30.101190 21.958024 13.328581 8.821815 1.165806 9.497378
21.950000 31.847299 18.298864 9.892437 4.655296 1.520768 -0.408016 -4.205322 -7.384776 -9.293661 30.210678 22.049188 13.400020 8.882762 1.208415 9.559909
22.000000 31.960427 18.381518 9.955743 4.706246 1.564144 -0.369396 -4.176391 -7.364547 -9.279223 30.320157 22.140346 13.471456 8.943708 1.251027 9.622438
22.050000 32.073544 18.464167 10.019048 4.757196 1.607523 -0.330773 -4.147455 -7.344311 -9.264777 30.429626 22.231498 13.542890 9.004654 1.293641 9.684967
22.100000 32.186652 18.546811 10.082351 4.808148 1.650904 -0.292146 -4.118514 -7.324069 -9.250323 30.539085 22.322643 13.614321 9.065599 1.336257 9.747495
22.150000 32.299749 18.629451 10.145653 4.859101 1.694287 -0.253517 -4.089568 -7.303820 -9.235861 30.648535 22.413782 13.685749 9.126543 1.378876 9.810021
22.200000 32.412835 18.712086 10.208954 4.910054 1.737672 -0.214884 -4.060616 -7.283564 -9.221393 30.757975 22.504914 13.757174 9.187486 1.421498 9.872546
22.250000 32.525912 18.794716 10.272253 4.961009 1.781060 -0.176248 -4.031660 -7.263302 -9.206916 30.867406 22.596041 13.828597 9.248428 1.464122 9.935071
22.300000 32.638978 18.877342 10.335552 5.011964 1.824450 -0.137609 -4.002700 -7.243034 -9.192432 30.976827 22.687161 13.900017 9.309369 1.506748 9.997594
22.350000 32.752035 18.959963 10.398849 5.062921 1.867843 -0.098966 -3.973734 -7.222759 -9.177941 31.086239 22.778275 13.971434 9.370310 1.549377 10.060116
22.400000 32.865081 19.042579 10.462145 5.113878 1.911238 -0.060321 -3.944763 -7.202478 -9.163443 31.195641 22.869383 14.042849 9.431250 1.592009 10.122637
22.450000 32.978117 19.125190 10.525439 5.164837 1.954635 -0.021672 -3.915788 -7.182191 -9.148937 31.305034 22.960485 14.114261 9.492189 1.634642 10.185157
22.500000 33.091143 19.207797 10.588733 5.215796 1.998034 0.016979 -3.886807 -7.161897 -9.134424 31.414417 23.051580 14.185670 9.553127 1.677278 10.247675
22.550000 33.204160 19.290399 10.652025 5.266757 2.041436 0.055634 -3.857822 -7.141597 -9.119903 31.523791 23.142670 14.257077 9.614064 1.719917 10.310193
22.600000 33.317166 19.372997 10.715316 5.317718 2.084840 0.094292 -3.828832 -7.121290 -9.105376 31.633156 23.233753 14.328481 9.675001 1.762558 10.372710
22.650000 33.430163 19.455590 10.778606 5.368680 2.128246 0.132953 -3.799838 -7.100977 -9.090841 31.742512 23.324830 14.399883 9.735937 1.805201 10.435225
22.700000 33.543149 19.538179 10.841894 5.419643 2.171654 0.171617 -3.770838 -7.080658 -9.076299 31.851858 23.415902 14.471282 9.796872 1.847847 10.497740
22.750000 33.656126 19.620763 10.905182 5.470607 2.215065 0.210284 -3.741834 -7.060333 -9.061749 31.961196 23.506967 14.542678 9.857806 1.890495 10.560253
22.800000 33.769093 19.703342 10.968468 5.521572 2.258478 0.248954 -3.712826 -7.040002 -9.047193 32.070524 23.598026 14.614071 9.918739 1.933146 10.622765
22.850000 33.882051 19.785917 11.031753 5.572538 2.301893 0.287628 -3.683812 -7.019665 -9.032630 32.179843 23.689080 14.685462 9.979672 1.975798 10.685277
22.900000 33.994999 19.868488 11.095036 5.623505 2.345310 0.326304 -3.654794 -6.999321 -9.018059 32.289153 23.780127 14.756851 10.040604 2.018453 10.747787
22.950000 34.107937 19.951054 11.158319 5.674472 2.388729 0.364983 -3.625772 -6.978971 -9.003482 32.398454 23.871169 14.828237 10.101534 2.061111 10.810296
23.000000 34.220865 20.033615 11.221600 5.725441 2.432151 0.403665 -3.596744 -6.958616 -8.988897 32.507746 23.962204 14.899620 10.162465 2.103770 10.872804
23.050000 34.333784 20.116172 11.284880 5.776410 2.475574 0.442350 -3.567713 -6.938254 -8.974306 32.617030 24.053234 14.971001 10.223394 2.146432 10.935311
23.100000 34.446694 20.198725 11.348159 5.827380 2.519000 0.481038 -3.538676 -6.917886 -8.959707 32.726304 24.144258 15.042379 10.284322 2.189097 10.997817
23.150000 34.559594 20.281273 11.411437 5.878352 2.562428 0.519728 -3.509635 -6.897513 -8.945102 32.835569 24.235276 15.113755 10.345250 2.231763 11.060321
23.200000 34.672484 20.363817 11.474713 5.929324 2.605858 0.558422 -3.480590 -6.877133 -8.930490 32.944826 24.326288 15.185128 10.406177 2.274432 11.122825
23.250000 34.785365 20.446357 11.537989 5.980296 2.649290 0.597119 -3.451540 -6.856747 -8.915871 33.054073 24.417295 15.256498 10.467103 2.317103 11.185328
23.300000 34.898237 20.528892 11.601263 6.031270 2.692724 0.635818 -3.422486 -6.836356 -8.901245 33.163312 24.508295 15.327866 10.528029 2.359776 11.247829
23.350000 35.011099 20.611422 11.664536 6.082245 2.736161 0.674521 -3.393427 -6.815959 -8.886612 33.272542 24.599290 15.399232 10.588953 2.402451 11.310330
23.400000 35.123952 20.693949 11.727807 6.133220 2.779599 0.713226 -3.364364 -6.795555 -8.871973 33.381764 24.690279 15.470595 10.649877 2.445128 11.372829
23.450000 35.236796 20.776471 11.791078 6.184196 2.823039 0.751934 -3.335296 -6.775146 -8.857327 33.490976 24.781263 15.541955 10.710800 2.487808 11.435328
23.500000 35.349631 20.858989 11.854347 6.235173 2.866482 0.790645 -3.306224 -6.754732 -8.842674 33.600180 24.872240 15.613313 10.771722 2.530490 11.497825
23.550000 35.462456 20.941502 11.917616 6.286151 2.909926 0.829358 -3.277148 -6.734311 -8.828015 33.709376 24.963212 15.684669 10.832643 2.573174 11.560321
23.600000 35.575272 21.024011 11.980883 6.337129 2.953373 0.868075 -3.248067 -6.713885 -8.813349 33.818562 25.054179 15.756021 10.893564 2.615860 11.622817
23.650000 35.688079 21.106516 12.044148 6.388109 2.996821 0.906794 -3.218982 -6.693453 -8.798676 33.927740 25.145140 15.827372 10.954483 2.658548 11.685311
23.700000 35.800876 21.189016 12.107413 6.439089 3.040272 0.945516 -3.189892 -6.673015 -8.783997 34.036910 25.236095 15.898720 11.015402 2.701239 11.747804
23.750000 35.913665 21.271513 12.170677 6.490070 3.083724 0.984241 -3.160799 -6.652572 -8.769311 34.146071 25.327044 15.970065 11.076320 2.743931 11.810296
23.800000 36.026444 21.354005 12.233939 6.541052 3.127179 1.022968 -3.131701 -6.632123 -8.754619 34.255224 25.417988 16.041409 11.137238 2.786626 11.872787
23.850000 36.139215 21.436493 12.297200 6.592034 3.170635 1.061698 -3.102599 -6.611668 -8.739920 34.364368 25.508927 16.112749 11.198154 2.829323 11.935277
23.900000 36.251976 21.518976 12.360460 6.643017 3.214094 1.100431 -3.073492 -6.591208 -8.725215 34.473504 25.599859 16.184087 11.259070 2.872021 11.997766
23.950000 36.364729 21.601455 12.423719 6.694001 3.257554 1.139166 -3.044382 -6.570742 -8.710503 34.582631 25.690787 16.255423 11.319985 2.914722 12.060254
24.000000 36.477472 21.683931 12.486976 6.744986 3.301016 1.177905 -3.015267 -6.550271 -8.695785 34.691750 25.781708 16.326756 11.380899 2.957425 12.122740
24.050000 36.590207 21.766402 12.550232 6.795971 3.344480 1.216645 -2.986148 -6.529794 -8.681061 34.800860 25.872624 16.398087 11.441812 3.000130 12.185226
24.100000 36.702933 21.848868 12.613488 6.846958 3.387946 1.255389 -2.957025 -6.509312 -8.666330 34.909962 25.963535 16.469415 11.502724 3.042837 12.247711
24.150000 36.815650 21.931331 12.676742 6.897945 3.431414 1.294135 -2.927898 -6.488824 -8.651593 35.019056 26.054440 16.540741 11.563636 3.085546 12.310194
24.200000 36.928358 22.013790 12.739994 6.948932 3.474884 1.332884 -2.898767 -6.468331 -8.636849 35.128142 26.145340 16.612065 11.624546 3.128257 12.372677
24.250000 37.041057 22.096244 12.803246 6.999921 3.518356 1.371635 -2.869632 -6.447833 -8.622100 35.237219 26.236234 16.683386 11.685456 3.170970 12.435158
24.300000 37.153747 22.178694 12.866497 7.050910 3.561829 1.410389 -2.840492 -6.427329 -8.607344 35.346288 26.327123 16.754704 11.746365 3.213684 12.497638
24.350000 37.266429 22.261140 12.929746 7.101899 3.605305 1.449145 -2.811349 -6.406820 -8.592581 35.455349 26.418007 16.826020 11.807274 3.256401 12.560118
24.400000 37.379102 22.343582 12.992994 7.152890 3.648782 1.487904 -2.782201 -6.386305 -8.577813 35.564402 26.508885 16.897334 11.868181 3.299120 12.622596
24.450000 37.491766 22.426020 13.056241 7.203881 3.692261 1.526666 -2.753050 -6.365785 -8.563039 35.673447 26.599757 16.968645 11.929088 3.341841 12.685073
24.500000 37.604422 22.508454 13.119486 7.254873 3.735742 1.565430 -2.723894 -6.345260 -8.548258 35.782483 26.690625 17.039954 11.989993 3.384563 12.747549
24.550000 37.717068 22.590883 13.182731 7.305865 3.779225 1.604196 -2.694735 -6.324729 -8.533471 35.891511 26.781487 17.111261 12.050898 3.427288 12.810024
24.600000 37.829707 22.673309 13.245974 7.356858 3.822709 1.642966 -2.665572 -6.304193 -8.518678 36.000532 26.872343 17.182565 12.111803 3.470015 12.872498
24.650000 37.942336 22.755730 13.309216 7.407852 3.866195 1.681737 -2.636404 -6.283652 -8.503879 36.109544 26.963194 17.253867 12.172706 3.512743 12.934971
24.700000 38.054957 22.838148 13.372457 7.458847 3.909683 1.720511 -2.607233 -6.263106 -8.489074 36.218548 27.054040 17.325166 12.233608 3.555473 12.997443
24.750000 38.167570 22.920561 13.435697 7.509842 3.953173 1.759288 -2.578058 -6.242555 -8.474263 36.327544 27.144881 17.396463 12.294510 3.598205 13.059914
24.800000 38.280174 23.002971 13.498936 7.560837 3.996665 1.798067 -2.548879 -6.221998 -8.459447 36.436532 27.235716 17.467758 12.355411 3.640939 13.122383
24.850000 38.392769 23.085376 13.562173 7.611834 4.040158 1.836848 -2.519696 -6.201437 -8.444624 36.545512 27.326546 17.539050 12.416311 3.683675 13.184852
24.900000 38.505356 23.167777 13.625409 7.662830 4.083653 1.875632 -2.490510 -6.180870 -8.429795 36.654485 27.417371 17.610340 12.477210 3.726413 13.247319
