web/models/kne/33/mosfit_kn_0.001230_0.4217_0.5000.dat
# %ECSV 1.0
# ---
# datatype:
# - {name: time, datatype: float64}
# - {name: PS1_g, datatype: float64}
# - {name: PS1_i, datatype: float64}
# - {name: PS1_r, datatype: float64}
# - {name: PS1_w, datatype: float64}
# - {name: PS1_y, datatype: float64}
# - {name: PS1_z, datatype: float64}
# - {name: swift_uvot_B, datatype: float64}
# - {name: swift_uvot_U, datatype: float64}
# - {name: swift_uvot_uvm2, datatype: float64}
# - {name: swift_uvot_uvw1, datatype: float64}
# - {name: swift_uvot_uvw2, datatype: float64}
# - {name: swift_uvot_V, datatype: float64}
# - {name: johnson_B, datatype: float64}
# - {name: johnson_I, datatype: float64}
# - {name: johnson_R, datatype: float64}
# - {name: johnson_U, datatype: float64}
# - {name: johnson_V, datatype: float64}
# - {name: sdss_g, datatype: float64}
# - {name: sdss_i, datatype: float64}
# - {name: sdss_r, datatype: float64}
# - {name: sdss_u, datatype: float64}
# - {name: sdss_z, datatype: float64}
# - {name: ATLAS_c, datatype: float64}
# - {name: ATLAS_o, datatype: float64}
# - {name: ukirt_H, datatype: float64}
# - {name: ukirt_J, datatype: float64}
# - {name: ukirt_K, datatype: float64}
# - {name: Clear, datatype: float64}
# meta: !!omap
# - comment: [kappa = 0.5, type = rprocess, mass = 0.0012301715156502338, velocity = 0.4216666666666667, theta_obs = 0.0, tfloor = 1000.0]
# schema: astropy-2.0
time PS1_g PS1_i PS1_r PS1_w PS1_y PS1_z swift_uvot_B swift_uvot_U swift_uvot_uvm2 swift_uvot_uvw1 swift_uvot_uvw2 swift_uvot_V johnson_B johnson_I johnson_R johnson_U johnson_V sdss_g sdss_i sdss_r sdss_u sdss_z ATLAS_c ATLAS_o ukirt_H ukirt_J ukirt_K Clear
[from data line 475]
28.617234468937873 19.627279439596972 10.745450626397695 14.220521404435527 12.252597592931558 7.222260577872426 8.639936542719564 23.16718601616146 29.82613011405637 43.71472541808554 25.79171264613093 28.30472915261058 17.586796132467757 21.96324869919526 9.191937319975743 12.161970086700745 28.79512893480463 16.631773797299005 20.439819540911415 10.82670657851068 14.449010063931969 30.327235644231195 8.066508930697562 16.199597974178186 11.747185449568391 2.2732731999569307 4.42276249544662 0.9129845194837594 9.966703549170202
28.677354709418836 19.637932360669303 10.756103547470026 14.231174325507858 12.263250514003872 7.232913498944757 8.650589463791896 23.17783893723378 29.836783035128704 43.72537833915788 25.80236556720326 28.315382073682912 17.59744905354009 21.973901620267593 9.202590241048075 12.172623007773076 28.80578185587695 16.642426718371336 20.45047246198375 10.837359499583012 14.4596629850043 30.33788856530353 8.077161851769894 16.2102508952505 11.757838370640723 2.2839261210292623 4.433415416518952 0.923637440556091 9.977356470242533
28.7374749498998 19.648563660005554 10.766734846806276 14.241805624844108 12.27388181334014 7.2435447982810075 8.661220763128146 23.18847023657004 29.84741433446495 43.736009638494124 25.81299686653951 28.326013373019162 17.60808035287634 21.98453291960384 9.213221540384325 12.183254307109326 28.8164131552132 16.653058017707586 20.461103761319997 10.847990798919263 14.47029428434055 30.348519864639776 8.087793151106144 16.220882194586768 11.768469669976973 2.2945574203655124 4.444046715855202 0.934268739892341 9.987987769578783
28.79759519038076 19.65917342266538 10.777344609466102 14.252415387503934 12.284491575999947 7.254154560940833 8.671830525787971 23.199079999229866 29.858024097124776 43.74661940115395 25.823606629199336 28.336623135678987 17.618690115536165 21.995142682263666 9.22383130304415 12.193864069769152 28.827022917873027 16.663667780367412 20.471713523979822 10.858600561579088 14.480904047000376 30.359129627299602 8.09840291376597 16.231491957246575 11.779079432636799 2.305167183025338 4.4546564785150276 0.9448785025521667 9.998597532238609
28.857715430861724 19.66976172826616 10.787932915066882 14.263003693104714 12.295079881600728 7.264742866541614 8.682418831388752 23.209668304830636 29.86861240272556 43.757207706754734 25.834194934800117 28.347211441279768 17.629278421136945 22.00573098786445 9.23441960864493 12.204452375369932 28.837611223473807 16.674256085968192 20.482301829580607 10.869188867179869 14.491492352601156 30.369717932900386 8.10899121936675 16.242080262847356 11.78966773823758 2.3157554886261185 4.465244784115808 0.9554668081529472 10.00918583783939
28.917835671342683 19.680328656425736 10.798499843226459 14.273570621264309 12.305646809760322 7.275309794701208 8.692985759548328 23.220235232990223 29.879179330885144 43.76777463491432 25.844761862959704 28.357778369439355 17.63984534929654 22.016297916024033 9.244986536804507 12.215019303529509 28.84817815163339 16.684823014127787 20.49286875774019 10.879755795339445 14.502059280760733 30.38028486105997 8.119558147526327 16.25264719100695 11.800234666397156 2.326322416785713 4.475811712275402 0.9660337363125415 10.019752765998984
28.977955911823646 19.69087429786711 10.809045484667816 14.284116262705666 12.31619245120168 7.285855436142565 8.703531400989686 23.230780874431588 29.8897249723265 43.77832027635567 25.855307504401058 28.36832401088071 17.650390990737897 22.02684355746539 9.255532178245865 12.225564944970866 28.858723793074752 16.695368655569144 20.503414399181548 10.89030143678082 14.51260492220209 30.390830502501327 8.130103788967702 16.263192832448308 11.810780307838531 2.33686805822707 4.48635735371676 0.9765793777538989 10.030298407440341
29.03807615230461 19.701398727179917 10.819569913980622 14.294640692018472 12.326716880514486 7.296379865455371 8.714055830302492 23.241305303744397 29.900249401639307 43.78884470566848 25.865831933713867 28.37884844019352 17.660915420050703 22.037367986778197 9.26605660755867 12.236089374283672 28.869248222387554 16.70589308488195 20.513938828494354 10.900825866093626 14.523129351514896 30.401354931814133 8.140628218280508 16.273717261761114 11.821304737151337 2.347392487539876 4.496881783029566 0.9871038070667049 10.040822836753147
29.09819639278557 19.7119020408096 10.830073227610324 14.305144005648156 12.33722019414417 7.306883179085055 8.724559143932193 23.25180861737408 29.910752715269 43.79934801929817 25.876335247343558 28.389351753823203 17.671418733680387 22.047871300407888 9.276559921188372 12.246592687913374 28.87975153601725 16.716396398511634 20.524442142124045 10.91132917972331 14.533632665144598 30.411858245443824 8.151131531910192 16.284220575390798 11.83180805078102 2.35789580116956 4.50738509665925 0.9976071206963888 10.051326150382831
29.158316633266534 19.722384319255912 10.840555506056635 14.315626284094467 12.347702472590498 7.317365457531366 8.735041422378504 23.2622908958204 29.92123499371531 43.80983029774449 25.88681752578987 28.39983403226952 17.681901012126698 22.05835357885421 9.287042199634683 12.257074966359685 28.89023381446357 16.726878676957945 20.534924420570356 10.921811458169621 14.544114943590909 30.422340523890135 8.161613810356503 16.294702853837126 11.842290329227332 2.368378079615871 4.517867375105561 1.0080893991426998 10.061808428829142
29.218436873747493 19.732845626191864 10.851016812992587 14.326087591030419 12.358163779526432 7.327826764467318 8.745502729314456 23.272752202756344 29.93169630065126 43.820291604680435 25.89727883272582 28.410295339205472 17.69236231906265 22.06881488579015 9.297503506570635 12.267536273295637 28.90069512139951 16.737339983893897 20.545385727506307 10.932272765105573 14.55457625052686 30.432801830826087 8.172075117292454 16.30516416077306 11.852751636163283 2.3788393865518227 4.528328682041512 1.0185507060786514 10.072269735765094
29.278557114228455 19.743286058317793 10.861457245118515 14.336528023156347 12.368604211652361 7.338267196593247 8.755943161440385 23.28319263488227 29.942136732777193 43.83073203680636 25.90771926485174 28.42073577133139 17.702802751188578 22.079255317916083 9.307943938696564 12.277976705421548 28.91113555352544 16.747780416019825 20.55582615963223 10.942713197231502 14.56501668265279 30.44324226295202 8.182515549418383 16.31560459289899 11.863192068289212 2.3892798186777515 4.538769114167441 1.0289911382045802 10.082710167891022
29.338677354709418 19.75370570207266 10.871876888873384 14.346947666911216 12.379023855407247 7.348686840348115 8.766362805195254 23.29361227863715 29.95255637653206 43.84115168056123 25.91813890860662 28.43115541508627 17.713222394943447 22.089674961670948 9.318363582451433 12.288396349176434 28.92155519728031 16.758200059774694 20.566245803387105 10.95313284098637 14.575436326407658 30.453661906706884 8.192935193173252 16.326024236653858 11.873611712044081 2.3996994624326202 4.54918875792231 1.039410781959449 10.093129811645891
29.39879759519038 19.76410461595771 10.882275802758432 14.357346580796282 12.389422769292295 7.359085754233181 8.776761719080302 23.304011192522204 29.962955290417117 43.85155059444629 25.928537822491673 28.441554328971325 17.723621308828513 22.100073875556006 9.32876249633648 12.298795263061482 28.931954111165368 16.76859897365976 20.576644717272163 10.963531754871436 14.585835240292706 30.464060820591943 8.203334107058318 16.336423150538923 11.884010625929129 2.410098376317686 4.559587671807376 1.0498096958445147 10.103528725530957
29.458917835671343 19.774482897064622 10.892654083865345 14.367724861903177 12.39980105039919 7.369464035340076 8.787140000187215 23.3143894736291 29.973333571524023 43.8619288755532 25.93891610359857 28.45193261007822 17.733999589935408 22.110452156662912 9.339140777443394 12.309173544168377 28.94233239227227 16.778977254766655 20.58702299837907 10.973910035978331 14.59621352139962 30.47443910169885 8.213712388165213 16.34680143164582 11.894388907036042 2.4204766574245813 4.569965952914271 1.06018797695141 10.113907006637852
29.519038076152302 19.784840615452524 10.903011802253229 14.378082580291078 12.410158768787092 7.3798217537279776 8.797497718575098 23.324747192017 29.983691289911913 43.872286593941084 25.94927382198647 28.46229032846612 17.74435730832331 22.120809875050803 9.349498495831277 12.319531262556279 28.95269011066017 16.789334973154556 20.59738071676696 10.984267754366233 14.606571239787502 30.48479682008674 8.224070106553114 16.35715915003372 11.904746625423943 2.4308343758124824 4.580323671302172 1.070545695339311 10.124264725025753
29.579158316633265 19.795177863182953 10.913349049983658 14.388419828021508 12.420496016517522 7.390159001458407 8.807834966305528 23.335084439747433 29.994028537642343 43.882623841671524 25.959611069716903 28.472627576196555 17.75469455605374 22.13114712278124 9.359835743561707 12.329868510286708 28.9630273583906 16.799672220884986 20.60771796449739 10.994605002096662 14.61690848751795 30.49513406781717 8.234407354283544 16.36749639776415 11.915083873154373 2.441171623542912 4.590660919032602 1.0808829430697409 10.134601972756183
29.639278557114228 19.805494699189996 10.923665885990701 14.39873666402855 12.430812852524564 7.40047583746545 8.81815180231257 23.345401275754476 30.004345373649393 43.89294067767857 25.969927905723946 28.482944412203597 17.76501139206078 22.141463958788282 9.370152579568767 12.340185346293751 28.973344194397644 16.80998905689203 20.618034800504432 11.004921838103705 14.627225323524993 30.50545090382421 8.244724190290587 16.377813233771192 11.925400709161416 2.451488459549955 4.6009777550396445 1.0911997790767836 10.144918808763226
29.69939879759519 19.81579121560136 10.933962402402084 14.409033180439916 12.44110936893593 7.4107723538768155 8.828448318723954 23.35569779216584 30.01464189006076 43.90323719408993 25.98022442213532 28.49324092861497 17.775307908472147 22.151760475199648 9.380449095980133 12.350481862705134 28.98364071080901 16.820285573303394 20.628331316915805 11.01521835451507 14.637521839936358 30.515747420235584 8.255020706701952 16.388109750182558 11.935697225572781 2.4617849759613204 4.61127427145101 1.101496295488149 10.155215325174591
29.75951903807615 19.82606748278961 10.944238669590334 14.419309447628184 12.451385636124197 7.421048621065083 8.838724585912203 23.365974059354098 30.02491815724902 43.91351346127819 25.990500689323568 28.50351719580322 17.785584175660397 22.162036742387908 9.390725363168382 12.360758129893384 28.993916977997266 16.83056184049166 20.638607584104065 11.02549462170332 14.647798107124608 30.526023687423844 8.265296973890202 16.398386017370825 11.94597349276103 2.4720612431495876 4.621550538639277 1.1117725626763986 10.16549159236284
29.819639278557112 19.836323582110147 10.95449476891087 14.429565546948702 12.461641735444733 7.431304720385601 8.848980685232739 23.376230158674634 30.035174256569547 43.92376956059873 26.000756788644104 28.513773295123755 17.795840274980932 22.172292841708444 9.400981462488918 12.37101422921392 29.0041730773178 16.84081793981218 20.648863683424594 11.035750721023856 14.658054206445144 30.536279786744373 8.275553073210737 16.40864211669136 11.956229592081566 2.4823173424701057 4.631806637959795 1.1220286619969344 10.175747691683377
29.879759519038075 19.846559589602535 10.964730776403258 14.43980155444109 12.471877742937103 7.441540727877989 8.859216692725127 23.38646616616701 30.045410264061935 43.9340055680911 26.01099279613648 28.524009302616133 17.80607628247332 22.182528849200825 9.411217469981306 12.38125023670629 29.014409084810183 16.851053947304568 20.65909969091698 11.045986728516244 14.668290213937532 30.54651579423676 8.285789080703125 16.41887812418373 11.966465599573954 2.4925533499624937 4.642042645452183 1.1322646694893224 10.185983699175765
29.939879759519037 19.856775575632604 10.974946762433326 14.450017540471158 12.48209372896719 7.451756713908058 8.869432678755196 23.39668215219709 30.055626250092004 43.94422155412118 26.02120878216656 28.534225288646212 17.81629226850339 22.192744835230894 9.421433456011375 12.391466222736376 29.02462507084025 16.861269933334636 20.66931567694705 11.056202714546313 14.6785061999676 30.55673178026683 8.296005066733194 16.429094110213818 11.976681585604023 2.5027693359925625 4.652258631482252 1.1424806555193912 10.196199685205833
30.0 19.86697161623379 10.985142803034513 14.460213581072363 12.492289769568377 7.461952754509262 8.879628719356383 23.406878192798278 30.0658222906932 43.95441759472237 26.031404822767758 28.5444213292474 17.826488309104594 22.202940875832088 9.431629496612562 12.401662263337563 29.034821111441445 16.87146597393584 20.679511717548245 11.0663987551475 14.688702240568787 30.566927820868024 8.306201107334381 16.439290150815005 11.98687762620521 2.512965376593767 4.662454672083457 1.152676696120578 10.20639572580702
