web/models/kne/33/villar_0.1173_0.0457_1.0000.dat
# %ECSV 1.0
# ---
# datatype:
# - {name: time, datatype: float64}
# - {name: swift_uvot_uvw2, datatype: float64}
# - {name: swift_uvot_uvm2, datatype: float64}
# - {name: swift_uvot_uvw1, datatype: float64}
# - {name: swift_uvot_U, datatype: float64}
# - {name: swift_uvot_B, datatype: float64}
# - {name: swift_uvot_V, datatype: float64}
# - {name: swift_uvot_W, datatype: float64}
# - {name: johnson_U, datatype: float64}
# - {name: johnson_B, datatype: float64}
# - {name: johnson_V, datatype: float64}
# - {name: johnson_R, datatype: float64}
# - {name: johnson_I, datatype: float64}
# - {name: sdss_u, datatype: float64}
# - {name: sdss_g, datatype: float64}
# - {name: sdss_r, datatype: float64}
# - {name: sdss_i, datatype: float64}
# - {name: sdss_z, datatype: float64}
# - {name: PS1_g, datatype: float64}
# - {name: PS1_r, datatype: float64}
# - {name: PS1_i, datatype: float64}
# - {name: PS1_z, datatype: float64}
# - {name: PS1_Y, datatype: float64}
# - {name: PS1_w, datatype: float64}
# - {name: ATLAS_c, datatype: float64}
# - {name: ATLAS_o, datatype: float64}
# - {name: ukirt_J, datatype: float64}
# - {name: ukirt_H, datatype: float64}
# - {name: ukirt_K, datatype: float64}
# - {name: Clear, datatype: float64}
# meta: !!omap
# - comment: [kappa = 1.0, type = villar, mass = 0.11727632184323686, velocity = 0.04566666666666669, theta_obs = 0.0]
# schema: astropy-2.0
time swift_uvot_uvw2 swift_uvot_uvm2 swift_uvot_uvw1 swift_uvot_U swift_uvot_B swift_uvot_V swift_uvot_W johnson_U johnson_B johnson_V johnson_R johnson_I sdss_u sdss_g sdss_r sdss_i sdss_z PS1_g PS1_r PS1_i PS1_z PS1_Y PS1_w ATLAS_c ATLAS_o ukirt_J ukirt_H ukirt_K Clear
[from data line 287]
5.174227 -12.948 -13.331 -14.094 -15.195 -15.711 -15.987 -14.891 -15.295 -15.715 -15.989 -16.066 -16.015 -15.273 -15.823 -16.057 -16.072 -16.004 -15.875 -16.065 -16.081 -16.037 -16.012 -16.005 -15.94 -16.065 -15.714 -15.374 -14.911 -15.974
5.330718 -12.874 -13.252 -14.038 -15.164 -15.699 -15.989 -14.868 -15.267 -15.702 -15.991 -16.078 -16.036 -15.244 -15.815 -16.065 -16.089 -16.027 -15.87 -16.074 -16.098 -16.059 -16.036 -16.012 -15.94 -16.077 -15.745 -15.409 -14.95 -15.98
5.491942 -12.797 -13.168 -13.978 -15.13 -15.683 -15.988 -14.843 -15.236 -15.687 -15.991 -16.09 -16.057 -15.212 -15.806 -16.071 -16.104 -16.048 -15.863 -16.08 -16.113 -16.079 -16.06 -16.018 -15.938 -16.087 -15.776 -15.444 -14.989 -15.985
5.658042 -12.716 -13.079 -13.914 -15.092 -15.665 -15.985 -14.816 -15.202 -15.67 -15.989 -16.099 -16.076 -15.177 -15.793 -16.076 -16.117 -16.068 -15.853 -16.085 -16.127 -16.098 -16.082 -16.022 -15.934 -16.096 -15.805 -15.478 -15.027 -15.988
5.829166 -12.631 -12.985 -13.845 -15.05 -15.645 -15.981 -14.786 -15.164 -15.649 -15.985 -16.107 -16.093 -15.138 -15.779 -16.079 -16.129 -16.087 -15.841 -16.088 -16.139 -16.116 -16.103 -16.024 -15.928 -16.103 -15.833 -15.512 -15.064 -15.989
6.005465 -12.543 -12.885 -13.773 -15.005 -15.621 -15.973 -14.753 -15.122 -15.626 -15.978 -16.112 -16.109 -15.095 -15.761 -16.079 -16.139 -16.104 -15.826 -16.089 -16.149 -16.132 -16.122 -16.024 -15.919 -16.107 -15.86 -15.544 -15.101 -15.988
6.187096 -12.451 -12.78 -13.695 -14.955 -15.594 -15.963 -14.717 -15.077 -15.599 -15.968 -16.116 -16.123 -15.048 -15.74 -16.077 -16.148 -16.12 -15.808 -16.087 -16.158 -16.147 -16.14 -16.022 -15.907 -16.11 -15.886 -15.576 -15.137 -15.984
6.37422 -12.355 -12.668 -13.612 -14.902 -15.563 -15.95 -14.679 -15.027 -15.569 -15.956 -16.117 -16.136 -14.997 -15.717 -16.073 -16.154 -16.134 -15.787 -16.083 -16.164 -16.159 -16.157 -16.017 -15.892 -16.111 -15.911 -15.606 -15.172 -15.979
6.567004 -12.255 -12.549 -13.524 -14.843 -15.529 -15.934 -14.637 -14.973 -15.535 -15.941 -16.116 -16.146 -14.942 -15.689 -16.066 -16.158 -16.146 -15.763 -16.076 -16.169 -16.17 -16.171 -16.01 -15.875 -16.109 -15.934 -15.635 -15.206 -15.971
6.765619 -12.151 -12.422 -13.431 -14.78 -15.49 -15.915 -14.591 -14.914 -15.498 -15.923 -16.113 -16.155 -14.881 -15.658 -16.056 -16.16 -16.156 -15.735 -16.067 -16.171 -16.179 -16.184 -16.0 -15.854 -16.105 -15.956 -15.663 -15.239 -15.96
6.97024 -12.043 -12.288 -13.331 -14.711 -15.448 -15.893 -14.542 -14.85 -15.456 -15.901 -16.107 -16.161 -14.815 -15.624 -16.043 -16.159 -16.164 -15.704 -16.055 -16.17 -16.186 -16.195 -15.987 -15.83 -16.098 -15.976 -15.69 -15.271 -15.947
7.181051 -11.931 -12.146 -13.225 -14.637 -15.401 -15.867 -14.489 -14.78 -15.409 -15.876 -16.098 -16.166 -14.744 -15.585 -16.027 -16.156 -16.17 -15.668 -16.039 -16.167 -16.19 -16.205 -15.972 -15.803 -16.088 -15.995 -15.716 -15.302 -15.931
7.398237 -11.815 -11.995 -13.112 -14.556 -15.349 -15.837 -14.431 -14.705 -15.358 -15.846 -16.086 -16.167 -14.667 -15.541 -16.008 -16.15 -16.173 -15.629 -16.02 -16.162 -16.192 -16.211 -15.953 -15.771 -16.075 -16.012 -15.74 -15.332 -15.911
7.621991 -11.696 -11.834 -12.991 -14.469 -15.291 -15.803 -14.369 -14.623 -15.302 -15.813 -16.07 -16.167 -14.583 -15.493 -15.985 -16.14 -16.174 -15.585 -15.997 -16.153 -16.192 -16.216 -15.93 -15.735 -16.058 -16.028 -15.763 -15.361 -15.888
7.852513 -11.573 -11.663 -12.863 -14.375 -15.229 -15.764 -14.302 -14.535 -15.24 -15.775 -16.051 -16.163 -14.493 -15.44 -15.958 -16.128 -16.173 -15.535 -15.971 -16.141 -16.188 -16.218 -15.904 -15.695 -16.038 -16.041 -15.784 -15.389 -15.862
8.090007 -11.448 -11.481 -12.727 -14.274 -15.16 -15.72 -14.231 -14.439 -15.172 -15.733 -16.029 -16.156 -14.394 -15.381 -15.927 -16.112 -16.168 -15.481 -15.94 -16.125 -16.182 -16.217 -15.873 -15.65 -16.014 -16.052 -15.804 -15.415 -15.831
8.334684 -11.32 -11.287 -12.581 -14.164 -15.084 -15.671 -14.153 -14.335 -15.097 -15.685 -16.002 -16.146 -14.288 -15.315 -15.891 -16.092 -16.16 -15.421 -15.905 -16.106 -16.172 -16.214 -15.839 -15.6 -15.986 -16.061 -15.822 -15.44 -15.797
8.586761 -11.19 -11.081 -12.427 -14.045 -15.002 -15.616 -14.07 -14.223 -15.016 -15.631 -15.971 -16.133 -14.174 -15.244 -15.85 -16.068 -16.148 -15.354 -15.864 -16.083 -16.159 -16.207 -15.8 -15.544 -15.953 -16.067 -15.837 -15.463 -15.758
8.846461 -11.059 -10.861 -12.262 -13.917 -14.911 -15.556 -13.98 -14.101 -14.927 -15.571 -15.935 -16.115 -14.05 -15.166 -15.803 -16.04 -16.133 -15.282 -15.819 -16.055 -16.142 -16.197 -15.755 -15.482 -15.916 -16.07 -15.851 -15.484 -15.715
9.114017 -10.928 -10.627 -12.086 -13.779 -14.813 -15.488 -13.884 -13.97 -14.83 -15.505 -15.894 -16.094 -13.915 -15.079 -15.751 -16.007 -16.114 -15.201 -15.768 -16.022 -16.12 -16.183 -15.706 -15.413 -15.873 -16.071 -15.862 -15.504 -15.666
9.389664 -10.797 -10.376 -11.899 -13.629 -14.706 -15.413 -13.78 -13.828 -14.724 -15.432 -15.847 -16.068 -13.77 -14.985 -15.693 -15.968 -16.091 -15.114 -15.71 -15.985 -16.095 -16.165 -15.65 -15.337 -15.825 -16.069 -15.871 -15.522 -15.612
9.673648 -10.668 -10.109 -11.7 -13.468 -14.589 -15.331 -13.668 -13.674 -14.608 -15.351 -15.794 -16.037 -13.613 -14.882 -15.627 -15.924 -16.062 -15.018 -15.646 -15.941 -16.064 -16.143 -15.588 -15.254 -15.77 -16.063 -15.877 -15.537 -15.552
9.966221 -10.541 -9.823 -11.487 -13.293 -14.461 -15.239 -13.548 -13.508 -14.483 -15.262 -15.734 -16.001 -13.443 -14.769 -15.554 -15.874 -16.029 -14.913 -15.574 -15.892 -16.028 -16.116 -15.52 -15.163 -15.709 -16.053 -15.88 -15.551 -15.486
10.267642 -10.417 -9.518 -11.261 -13.104 -14.322 -15.139 -13.419 -13.328 -14.346 -15.163 -15.668 -15.96 -13.259 -14.646 -15.473 -15.817 -15.99 -14.798 -15.495 -15.836 -15.987 -16.084 -15.443 -15.062 -15.641 -16.04 -15.881 -15.562 -15.413
10.57818 -10.297 -9.192 -11.019 -12.9 -14.171 -15.028 -13.28 -13.133 -14.196 -15.055 -15.594 -15.912 -13.06 -14.512 -15.384 -15.753 -15.945 -14.672 -15.406 -15.773 -15.939 -16.047 -15.359 -14.952 -15.564 -16.022 -15.877 -15.57 -15.332
10.89811 -10.182 -8.843 -10.762 -12.679 -14.006 -14.907 -13.13 -12.922 -14.034 -14.935 -15.511 -15.857 -12.844 -14.365 -15.284 -15.681 -15.893 -14.536 -15.309 -15.702 -15.885 -16.004 -15.267 -14.831 -15.479 -15.999 -15.87 -15.575 -15.244
11.227716 -10.07 -8.471 -10.488 -12.439 -13.826 -14.773 -12.969 -12.693 -13.857 -14.804 -15.419 -15.795 -12.61 -14.204 -15.174 -15.6 -15.834 -14.386 -15.2 -15.622 -15.823 -15.953 -15.164 -14.698 -15.385 -15.972 -15.859 -15.578 -15.148
11.56729 -9.963 -8.073 -10.195 -12.179 -13.63 -14.626 -12.795 -12.444 -13.663 -14.66 -15.316 -15.725 -12.356 -14.029 -15.052 -15.509 -15.767 -14.224 -15.081 -15.533 -15.752 -15.896 -15.052 -14.553 -15.28 -15.938 -15.844 -15.577 -15.042
11.917135 -9.86 -7.651 -9.883 -11.897 -13.416 -14.464 -12.608 -12.174 -13.453 -14.502 -15.203 -15.646 -12.08 -13.837 -14.918 -15.409 -15.692 -14.046 -14.949 -15.434 -15.673 -15.831 -14.928 -14.393 -15.164 -15.898 -15.824 -15.572 -14.926
12.277561 -9.759 -7.203 -9.551 -11.591 -13.183 -14.287 -12.406 -11.881 -13.223 -14.328 -15.077 -15.557 -11.78 -13.627 -14.77 -15.296 -15.606 -13.854 -14.804 -15.323 -15.584 -15.757 -14.791 -14.219 -15.036 -15.852 -15.799 -15.563 -14.8
12.648887 -9.659 -6.732 -9.197 -11.258 -12.928 -14.092 -12.188 -11.562 -12.973 -14.136 -14.938 -15.457 -11.454 -13.398 -14.606 -15.171 -15.511 -13.644 -14.644 -15.2 -15.484 -15.674 -14.641 -14.027 -14.894 -15.798 -15.768 -15.55 -14.663
13.031444 -9.561 -6.245 -8.82 -10.896 -12.65 -13.877 -11.953 -11.214 -12.699 -13.926 -14.785 -15.346 -11.099 -13.147 -14.425 -15.032 -15.403 -13.415 -14.468 -15.063 -15.372 -15.58 -14.476 -13.818 -14.737 -15.736 -15.73 -15.532 -14.513
13.425571 -9.461 -5.75 -8.418 -10.501 -12.345 -13.641 -11.699 -10.835 -12.4 -13.695 -14.615 -15.221 -10.711 -12.872 -14.226 -14.877 -15.282 -13.168 -14.273 -14.911 -15.247 -15.474 -14.295 -13.588 -14.563 -15.664 -15.686 -15.509 -14.35
13.831619 -9.358 -5.264 -7.989 -10.07 -12.011 -13.381 -11.424 -10.421 -12.072 -13.44 -14.427 -15.082 -10.288 -12.571 -14.005 -14.705 -15.147 -12.9 -14.059 -14.742 -15.107 -15.355 -14.096 -13.336 -14.372 -15.583 -15.634 -15.48 -14.173
14.249947 -9.251 -4.811 -7.532 -9.599 -11.645 -13.094 -11.127 -9.969 -11.713 -13.16 -14.219 -14.927 -9.825 -12.24 -13.762 -14.514 -14.997 -12.61 -13.823 -14.554 -14.951 -15.222 -13.877 -13.059 -14.16 -15.49 -15.573 -15.445 -13.981
14.680926 -9.139 -4.413 -7.044 -9.084 -11.244 -12.778 -10.805 -9.473 -11.32 -12.851 -13.989 -14.754 -9.318 -11.877 -13.493 -14.302 -14.828 -12.298 -13.563 -14.346 -14.776 -15.074 -13.635 -12.754 -13.925 -15.384 -15.503 -15.403 -13.773
15.124941 -9.02 -4.084 -6.522 -8.52 -10.802 -12.429 -10.457 -8.93 -10.888 -12.51 -13.735 -14.561 -8.762 -11.478 -13.195 -14.066 -14.639 -11.964 -13.277 -14.114 -14.582 -14.907 -13.369 -12.419 -13.666 -15.264 -15.422 -15.352 -13.548
15.582385 -8.892 -3.82 -5.963 -7.9 -10.317 -12.044 -10.08 -8.334 -10.413 -12.134 -13.453 -14.346 -8.152 -11.038 -12.865 -13.803 -14.428 -11.61 -12.961 -13.857 -14.364 -14.721 -13.076 -12.05 -13.378 -15.129 -15.329 -15.293 -13.305
16.053663 -8.754 -3.605 -5.363 -7.219 -9.781 -11.617 -9.671 -7.678 -9.891 -11.717 -13.14 -14.106 -7.48 -10.553 -12.499 -13.51 -14.193 -11.238 -12.615 -13.571 -14.121 -14.513 -12.752 -11.644 -13.06 -14.976 -15.222 -15.224 -13.044
16.539195 -8.604 -3.417 -4.718 -6.469 -9.19 -11.143 -9.23 -6.954 -9.314 -11.256 -12.794 -13.838 -6.739 -10.017 -12.092 -13.184 -13.929 -10.854 -12.234 -13.252 -13.85 -14.281 -12.395 -11.194 -12.707 -14.802 -15.101 -15.144 -12.764
17.039412 -8.441 -3.236 -4.021 -5.64 -8.535 -10.617 -8.754 -6.155 -8.678 -10.745 -12.408 -13.539 -5.92 -9.424 -11.64 -12.82 -13.633 -10.465 -11.817 -12.899 -13.547 -14.022 -11.998 -10.697 -12.314 -14.606 -14.963 -15.052 -12.465
17.554757 -8.264 -3.051 -3.266 -4.723 -7.81 -10.032 -8.242 -5.271 -7.973 -10.177 -11.98 -13.204 -5.014 -8.766 -11.136 -12.412 -13.302 -10.081 -11.362 -12.505 -13.208 -13.732 -11.559 -10.146 -11.878 -14.385 -14.805 -14.945 -12.148
18.085689 -8.069 -2.855 -2.443 -3.707 -7.004 -9.38 -7.697 -4.289 -7.192 -9.544 -11.503 -12.829 -4.008 -8.035 -10.574 -11.956 -12.929 -9.71 -10.87 -12.068 -12.828 -13.409 -11.071 -9.535 -11.391 -14.134 -14.625 -14.822 -11.815
18.632678 -7.856 -2.64 -1.545 -2.576 -6.107 -8.651 -7.123 -3.198 -6.325 -8.839 -10.97 -12.409 -2.889 -7.221 -9.945 -11.445 -12.511 -9.358 -10.344 -11.583 -12.404 -13.048 -10.527 -8.854 -10.848 -13.849 -14.42 -14.681 -11.466
19.196211 -7.621 -2.406 -0.559 -1.316 -5.106 -7.834 -6.531 -1.98 -5.359 -8.05 -10.375 -11.937 -1.64 -6.312 -9.24 -10.87 -12.039 -9.023 -9.793 -11.045 -11.929 -12.646 -9.92 -8.095 -10.241 -13.527 -14.186 -14.52 -11.103
19.776787 -7.362 -2.147 0.527 0.094 -3.985 -6.918 -5.936 -0.619 -4.281 -7.167 -9.708 -11.406 -0.243 -5.294 -8.448 -10.222 -11.507 -8.7 -9.229 -10.454 -11.398 -12.201 -9.241 -7.246 -9.561 -13.16 -13.919 -14.333 -10.729
20.374923 -7.076 -1.86 1.728 1.674 -2.727 -5.885 -5.358 0.909 -3.075 -6.175 -8.96 -10.808 1.323 -4.152 -7.556 -9.491 -10.905 -8.376 -8.672 -9.809 -10.806 -11.708 -8.479 -6.294 -8.796 -12.742 -13.614 -14.119 -10.344
20.991149 -6.757 -1.542 3.06 3.452 -1.311 -4.72 -4.814 2.628 -1.722 -5.059 -8.119 -10.133 3.087 -2.866 -6.548 -8.663 -10.222 -8.038 -8.138 -9.118 -10.151 -11.168 -7.622 -5.222 -7.935 -12.266 -13.265 -13.873 -9.946
21.626011 -6.403 -1.187 4.546 5.459 0.288 -3.4 -4.306 4.569 -0.199 -3.8 -7.17 -9.369 5.078 -1.413 -5.407 -7.724 -9.446 -7.674 -7.633 -8.397 -9.432 -10.582 -6.654 -4.013 -6.963 -11.721 -12.863 -13.589 -9.531
22.280075 -6.006 -0.791 6.208 7.734 2.101 -1.9 -3.818 6.769 1.52 -2.375 -6.097 -8.502 7.335 0.234 -4.109 -6.653 -8.562 -7.274 -7.145 -7.672 -8.658 -9.955 -5.557 -2.643 -5.861 -11.095 -12.401 -13.26 -9.093
22.953921 -5.561 -0.345 8.077 10.322 4.163 -0.189 -3.325 9.272 3.468 -0.757 -4.88 -7.517 9.903 2.108 -2.628 -5.431 -7.552 -6.827 -6.653 -6.968 -7.849 -9.295 -4.309 -1.085 -4.607 -10.376 -11.868 -12.879 -8.621
23.648147 -5.058 0.158 10.19 13.28 6.519 1.77 -2.801 12.13 5.683 1.085 -3.497 -6.394 12.835 4.25 -0.934 -4.029 -6.393 -6.324 -6.13 -6.295 -7.032 -8.61 -2.885 0.694 -3.176 -9.547 -11.252 -12.436 -8.102
24.363369 -4.487 0.728 12.593 16.674 9.221 4.021 -2.223 15.41 8.214 3.189 -1.917 -5.109 16.199 6.707 1.014 -2.416 -5.061 -5.753 -5.551 -5.632 -6.23 -7.903 -1.251 2.735 -1.536 -8.586 -10.536 -11.92 -7.523
25.100222 -3.837 1.379 15.342 20.587 12.336 6.62 -1.569 19.188 11.117 5.601 -0.108 -3.636 20.074 9.539 3.263 -0.553 -3.523 -5.102 -4.898 -4.94 -5.439 -7.163 0.632 5.087 0.352 -7.469 -9.703 -11.316 -6.869
25.859362 -3.091 2.125 18.509 25.124 15.944 9.633 -0.822 23.564 14.465 8.376 1.972 -1.941 24.562 12.82 5.871 1.611 -1.742 -4.356 -4.152 -4.179 -4.624 -6.367 2.813 7.813 2.538 -6.167 -8.729 -10.607 -6.121
26.64146 -2.23 2.986 22.182 30.409 20.145 13.145 0.039 28.656 18.346 11.583 4.374 0.018 29.784 16.64 8.91 4.133 0.329 -3.495 -3.291 -3.313 -3.736 -5.483 5.351 10.987 5.082 -4.639 -7.586 -9.772 -5.259
27.447213 -1.23 3.986 26.472 36.603 25.065 17.26 1.039 34.614 22.871 15.305 7.16 2.29 35.894 21.112 12.471 7.089 2.747 -2.495 -2.291 -2.312 -2.728 -4.474 8.323 14.705 8.058 -2.841 -6.238 -8.783 -4.259
28.277335 -0.651 4.565 27.8 38.366 26.538 18.549 1.618 36.323 24.252 16.5 8.144 3.157 37.637 22.483 13.635 8.115 3.649 -1.916 -1.711 -1.733 -2.148 -3.894 9.353 15.904 9.088 -2.077 -5.578 -8.204 -3.68
29.132564 -0.181 5.034 28.269 38.835 27.007 19.018 2.087 36.792 24.721 16.97 8.613 3.626 38.106 22.952 14.104 8.584 4.118 -1.447 -1.242 -1.264 -1.679 -3.425 9.822 16.374 9.557 -1.608 -5.109 -7.734 -3.211
30.013659 0.317 5.532 28.767 39.333 27.505 19.516 2.585 37.29 25.219 17.468 9.111 4.124 38.604 23.45 14.602 9.082 4.616 -0.949 -0.744 -0.766 -1.181 -2.927 10.32 16.871 10.055 -1.11 -4.611 -7.237 -2.713
30.921401 0.845 6.061 29.296 39.862 28.033 20.045 3.114 37.819 25.747 17.996 9.64 4.653 39.133 23.978 15.13 9.611 5.145 -0.42 -0.216 -0.237 -0.653 -2.398 10.849 17.4 10.583 -0.582 -4.082 -6.708 -2.184
31.856598 1.406 6.622 29.857 40.423 28.594 20.606 3.675 38.38 26.308 18.557 10.201 5.214 39.694 24.539 15.691 10.172 5.706 0.141 0.345 0.324 -0.092 -1.837 11.41 17.961 11.144 -0.021 -3.521 -6.147 -1.623
32.820079 2.002 7.217 30.452 41.018 29.19 21.201 4.27 38.975 26.904 19.153 10.796 5.809 40.289 25.135 16.287 10.767 6.301 0.736 0.941 0.919 0.504 -1.242 12.005 18.556 11.74 0.575 -2.926 -5.552 -1.028
33.8127 2.634 7.849 31.084 41.65 29.822 21.833 4.902 39.607 27.536 19.785 11.428 6.441 40.921 25.767 16.919 11.399 6.933 1.368 1.573 1.551 1.136 -0.61 12.637 19.188 12.372 1.207 -2.294 -4.92 -0.396
34.835342 3.304 8.52 31.755 42.321 30.492 22.504 5.573 40.278 28.207 20.455 12.099 7.112 41.592 26.437 17.59 12.07 7.604 2.039 2.244 2.222 1.807 0.061 13.308 19.859 13.043 1.878 -1.623 -4.249 0.275
35.888913 4.016 9.232 32.467 43.033 31.204 23.216 6.285 40.99 28.919 21.167 12.811 7.824 42.304 27.149 18.302 12.782 8.316 2.751 2.956 2.934 2.519 0.773 14.02 20.571 13.755 2.59 -0.911 -3.537 0.987
36.974349 4.772 9.988 33.223 43.789 31.96 23.972 7.04 41.746 29.674 21.923 13.567 8.58 43.06 27.905 19.057 13.538 9.072 3.506 3.711 3.69 3.274 1.529 14.776 21.327 14.51 3.345 -0.155 -2.781 1.743
38.092613 5.574 10.79 34.025 44.591 32.762 24.774 7.843 42.548 30.477 22.725 14.369 9.382 43.862 28.707 19.859 14.34 9.874 4.309 4.513 4.492 4.077 2.331 15.578 22.129 15.312 4.148 0.647 -1.979 2.545
39.244698 6.426 11.641 34.876 45.442 33.614 25.625 8.694 43.399 31.328 23.577 15.22 10.233 44.713 29.559 20.711 15.191 10.725 5.16 5.365 5.343 4.928 3.182 16.429 22.98 16.164 4.999 1.498 -1.128 3.396
40.431627 7.329 12.545 35.78 46.346 34.517 26.529 9.598 44.303 32.232 24.48 16.124 11.137 45.617 30.462 21.614 16.095 11.629 6.064 6.268 6.247 5.832 4.086 17.333 23.884 17.067 5.903 2.402 -0.224 4.3
41.654454 8.288 13.504 36.739 47.305 35.476 27.488 10.557 45.262 33.191 25.439 17.083 12.096 46.576 31.421 22.574 17.054 12.588 7.023 7.228 7.206 6.791 5.045 18.292 24.843 18.027 6.862 3.361 0.735 5.259
