web/models/kne/16/Metzger_0.001535_0.094828_0.450000.dat
# %ECSV 0.9
# ---
# datatype:
# - {name: time, datatype: float64}
# - {name: sdss_u, datatype: float64}
# - {name: sdss_g, datatype: float64}
# - {name: sdss_r, datatype: float64}
# - {name: sdss_i, datatype: float64}
# - {name: sdss_z, datatype: float64}
# - {name: PS1_y, datatype: float64}
# - {name: ukirt_J, datatype: float64}
# - {name: ukirt_H, datatype: float64}
# - {name: ukirt_K, datatype: float64}
# - {name: johnson_U, datatype: float64}
# - {name: johnson_B, datatype: float64}
# - {name: johnson_V, datatype: float64}
# - {name: johnson_R, datatype: float64}
# - {name: johnson_I, datatype: float64}
# - {name: Clear, datatype: float64}
# meta: !!omap
# - comment: [vej = 0.09482758620689655, mej = 0.0015350971392881912, Ye = 0.45, redshift = 0.0]
# schema: astropy-2.0
time sdss_u sdss_g sdss_r sdss_i sdss_z PS1_y ukirt_J ukirt_H ukirt_K johnson_U johnson_B johnson_V johnson_R johnson_I Clear
0.100000 nan nan nan nan nan nan nan nan nan nan nan nan nan nan nan
0.150000 nan nan nan nan nan nan nan nan nan nan nan nan nan nan nan
0.200000 -13.157038 -13.435915 -13.446021 -13.347147 -13.228659 -13.124710 -12.817380 -12.378054 -11.941819 -13.203098 -13.384872 -13.462336 -13.434688 -13.213649 -13.442646
0.250000 -13.166040 -13.510245 -13.559438 -13.484078 -13.379310 -13.283674 -12.992489 -12.566685 -12.138901 -13.220093 -13.441346 -13.559625 -13.552694 -13.365652 -13.557577
0.300000 -13.111700 -13.529927 -13.623584 -13.575023 -13.485901 -13.399746 -13.126961 -12.716543 -12.298356 -13.174791 -13.440759 -13.605408 -13.622067 -13.473786 -13.623448
0.350000 -13.027270 -13.512698 -13.646882 -13.622800 -13.547981 -13.470493 -13.214525 -12.818147 -12.408702 -13.098549 -13.405095 -13.611954 -13.650137 -13.537277 -13.648320
0.400000 -12.915295 -13.471384 -13.648346 -13.650161 -13.590486 -13.522177 -13.284014 -12.902486 -12.502270 -12.995169 -13.344368 -13.595721 -13.656647 -13.581275 -13.651448
0.450000 -12.789640 -13.411796 -13.628900 -13.655072 -13.609657 -13.549994 -13.328600 -12.961047 -12.569502 -12.877536 -13.266599 -13.559653 -13.641943 -13.601853 -13.633566
0.500000 -12.640959 -13.335823 -13.597265 -13.650405 -13.620796 -13.570722 -13.367925 -13.015858 -12.633909 -12.737670 -13.170591 -13.509643 -13.615555 -13.614553 -13.603662
0.550000 -12.482609 -13.247506 -13.551803 -13.631076 -13.616804 -13.576038 -13.391300 -13.054262 -12.681613 -12.587798 -13.062948 -13.446403 -13.575175 -13.612074 -13.559876
0.600000 -12.299172 -13.143505 -13.496579 -13.605674 -13.608930 -13.578810 -13.414731 -13.094880 -12.732854 -12.413964 -12.936998 -13.370927 -13.525744 -13.605932 -13.506562
0.650000 -12.125981 -13.036282 -13.429993 -13.563996 -13.581914 -13.560704 -13.413927 -13.108465 -12.755323 -12.248738 -12.811526 -13.287453 -13.463993 -13.580364 -13.441569
0.700000 -11.927082 -12.914157 -13.355297 -13.518443 -13.553542 -13.542782 -13.416306 -13.127728 -12.785001 -12.059099 -12.668141 -13.193030 -13.394949 -13.553691 -13.368736
0.750000 -11.721357 -12.784320 -13.272475 -13.464585 -13.516787 -13.516439 -13.410204 -13.138460 -12.806110 -11.862518 -12.517269 -13.090636 -13.317740 -13.518628 -13.287764
0.800000 -11.509849 -12.647872 -13.182649 -13.403551 -13.472784 -13.482814 -13.396767 -13.141820 -12.819815 -11.660046 -12.359997 -12.981387 -13.233489 -13.476312 -13.199775
0.850000 -11.293485 -12.505770 -13.086781 -13.336304 -13.422493 -13.442865 -13.376956 -13.138768 -12.827079 -11.452616 -12.197277 -12.866243 -13.143159 -13.427701 -13.105732
0.900000 -11.043637 -12.344365 -12.980566 -13.264338 -13.370854 -13.403638 -13.361919 -13.143875 -12.844580 -11.213400 -12.011298 -12.737001 -13.043564 -13.378078 -13.001698
0.950000 -10.818169 -12.192056 -12.874005 -13.186230 -13.309665 -13.352790 -13.331247 -13.130016 -12.841063 -10.996722 -11.838649 -12.611338 -12.942498 -13.318567 -12.896946
1.000000 -10.556622 -12.018893 -12.756212 -13.102952 -13.246945 -13.302650 -13.305677 -13.124937 -12.848585 -10.745787 -11.640900 -12.470411 -12.831367 -13.257889 -12.781348
1.050000 -10.325151 -11.859319 -12.641751 -13.016671 -13.177476 -13.243480 -13.266646 -13.102718 -12.836703 -10.522946 -11.461316 -12.337091 -12.722340 -13.190091 -12.668677
1.100000 -10.054920 -11.677176 -12.514965 -12.924527 -13.106035 -13.184735 -13.232757 -13.089598 -12.836354 -10.263283 -11.254648 -12.187150 -12.602230 -13.120708 -12.544089
1.150000 -9.820314 -11.512938 -12.395004 -12.832324 -13.030446 -13.119346 -13.187360 -13.060926 -12.817968 -10.037117 -11.070811 -12.048660 -12.487613 -13.046773 -12.425887
1.200000 -9.544221 -11.324319 -12.261487 -12.733409 -12.952272 -13.053919 -13.146950 -13.041467 -12.811397 -9.771514 -10.857822 -11.892074 -12.360756 -12.970665 -12.294563
1.250000 -9.265074 -11.132497 -12.124733 -12.631293 -12.870954 -12.985397 -13.103575 -13.019182 -12.802089 -9.502836 -10.641665 -11.732255 -12.230664 -12.891419 -12.160002
1.300000 -8.983518 -10.938019 -11.985221 -12.526407 -12.786889 -12.914158 -13.057576 -12.994382 -12.790339 -9.231717 -10.422914 -11.569710 -12.097806 -12.809431 -12.022680
1.350000 -8.748719 -10.769981 -11.859355 -12.427142 -12.703640 -12.840784 -13.003659 -12.956828 -12.762863 -9.004918 -10.236264 -11.426168 -11.977050 -12.727780 -11.898496
1.400000 -8.466395 -10.573372 -11.716926 -12.318927 -12.616049 -12.765922 -12.953906 -12.928223 -12.747289 -8.732865 -10.015755 -11.261023 -11.841190 -12.642249 -11.758229
1.450000 -8.183419 -10.375580 -11.573012 -12.209075 -12.526756 -12.689331 -12.902406 -12.897886 -12.730002 -8.460095 -9.794207 -11.094513 -11.703813 -12.555011 -11.616466
1.500000 -7.900316 -10.177039 -11.427985 -12.097915 -12.436063 -12.611295 -12.849404 -12.866034 -12.711203 -8.187123 -9.572082 -10.927038 -11.565282 -12.466365 -11.473577
1.550000 -7.617578 -9.978155 -11.282192 -11.985754 -12.344249 -12.532075 -12.795127 -12.832865 -12.691070 -7.914430 -9.349809 -10.758969 -11.425937 -12.376586 -11.329905
1.600000 -7.335657 -9.779301 -11.135951 -11.872872 -12.251568 -12.451911 -12.739783 -12.798557 -12.669766 -7.642459 -9.127783 -10.590649 -11.286090 -12.285929 -11.185769
1.650000 -7.054968 -9.580820 -10.989557 -11.759527 -12.158258 -12.371023 -12.683559 -12.763273 -12.647438 -7.371616 -8.906369 -10.422392 -11.146028 -12.194625 -11.041458
1.700000 -6.712175 -9.343211 -10.818614 -11.630916 -12.055335 -12.284044 -12.628276 -12.734949 -12.635812 -7.041422 -8.639415 -10.223462 -10.983193 -12.094277 -10.873183
1.750000 -6.432966 -9.144837 -10.671489 -11.516357 -11.960554 -12.201549 -12.570239 -12.697754 -12.611541 -6.771894 -8.418489 -10.054820 -10.842303 -12.001480 -10.728109
1.800000 -6.156035 -8.947699 -10.524949 -11.401985 -11.865735 -12.118884 -12.511796 -12.659983 -12.586603 -6.504520 -8.199088 -9.887033 -10.701920 -11.908623 -10.583594
1.850000 -5.881650 -8.752019 -10.379186 -11.287973 -11.771035 -12.036197 -12.453073 -12.621745 -12.561095 -6.239561 -7.981448 -9.720308 -10.562233 -11.815861 -10.439830
1.900000 -5.610045 -8.557994 -10.234372 -11.174473 -11.676594 -11.953618 -12.394182 -12.583134 -12.535101 -5.977246 -7.765776 -9.554826 -10.423410 -11.723333 -10.296987
1.950000 -5.341421 -8.365794 -10.090655 -11.061619 -11.582535 -11.871264 -12.335224 -12.544236 -12.508695 -5.717775 -7.552252 -9.390745 -10.285597 -11.631162 -10.155212
2.000000 -4.999493 -8.126302 -9.916157 -10.928510 -11.474646 -11.779091 -12.274500 -12.510522 -12.491824 -5.388114 -7.284177 -9.188947 -10.119015 -11.525808 -9.983318
2.050000 -4.735403 -7.936749 -9.773901 -10.816385 -11.380890 -11.696789 -12.215141 -12.470901 -12.464528 -5.132950 -7.073825 -9.026823 -9.982520 -11.433899 -9.842957
2.100000 -4.474760 -7.749421 -9.633098 -10.705227 -11.287815 -11.614994 -12.155959 -12.431199 -12.437003 -4.881088 -6.866039 -8.866476 -9.847385 -11.342642 -9.704019
2.150000 -4.134810 -7.510398 -9.458127 -10.571082 -11.178582 -11.521310 -12.093474 -12.395636 -12.418290 -4.553224 -6.598853 -8.664596 -9.680219 -11.235915 -9.531616
2.200000 -3.879499 -7.326405 -9.319399 -10.461212 -11.086328 -11.440057 -12.034313 -12.355566 -12.390186 -4.306453 -6.394959 -8.506852 -9.547008 -11.145433 -9.394702
2.250000 -3.627899 -7.144877 -9.182346 -10.352517 -10.994951 -11.359498 -11.975494 -12.315559 -12.361982 -4.063244 -6.193877 -8.351113 -9.415374 -11.055799 -9.259432
2.300000 -3.291014 -6.907259 -9.007739 -10.218094 -10.885076 -11.264963 -11.911813 -12.278615 -12.341835 -3.738247 -5.928560 -8.150032 -9.248446 -10.948395 -9.087350
2.350000 -2.953614 -6.668996 -8.832404 -10.082900 -10.774412 -11.169635 -11.847358 -12.240957 -12.321039 -3.412719 -5.662632 -7.948257 -9.080782 -10.840201 -8.914538
2.400000 -2.615771 -6.430150 -8.656401 -9.946989 -10.663010 -11.073562 -11.782169 -12.202619 -12.299622 -3.086731 -5.396161 -7.745850 -8.912440 -10.731268 -8.741055
2.450000 -2.277548 -6.190779 -8.479783 -9.810412 -10.550918 -10.976789 -11.716285 -12.163632 -12.277611 -2.760346 -5.129205 -7.542865 -8.743472 -10.621642 -8.566954
2.500000 -1.938998 -5.950933 -8.302597 -9.673211 -10.438175 -10.879355 -11.649739 -12.124023 -12.255031 -2.433616 -4.861816 -7.339349 -8.573924 -10.511363 -8.392280
2.550000 -1.600167 -5.710654 -8.124883 -9.535427 -10.324820 -10.781294 -11.582561 -12.083818 -12.231902 -2.106587 -4.594035 -7.135346 -8.403838 -10.400470 -8.217075
2.600000 -1.261095 -5.469980 -7.946678 -9.397094 -10.210886 -10.682641 -11.514782 -12.043040 -12.208245 -1.779298 -4.325903 -6.930892 -8.233250 -10.288996 -8.041375
2.650000 -0.921815 -5.228945 -7.768016 -9.258245 -10.096404 -10.583424 -11.446426 -12.001711 -12.184079 -1.451782 -4.057452 -6.726020 -8.062192 -10.176971 -7.865214
2.700000 -0.582355 -4.987577 -7.588924 -9.118908 -9.981403 -10.483671 -11.377517 -11.959851 -12.159420 -1.124070 -3.788712 -6.520760 -7.890694 -10.064423 -7.688620
2.750000 -0.242742 -4.745903 -7.409429 -8.979109 -9.865907 -10.383406 -11.308079 -11.917479 -12.134286 -0.796184 -3.519707 -6.315137 -7.718781 -9.951377 -7.511619
2.800000 0.097005 -4.503945 -7.229556 -8.838872 -9.749940 -10.282653 -11.238132 -11.874612 -12.108690 -0.468148 -3.250461 -6.109175 -7.546478 -9.837858 -7.334235
2.850000 0.436865 -4.261724 -7.049324 -8.698218 -9.633524 -10.181433 -11.167696 -11.831266 -12.082648 -0.139980 -2.980993 -5.902895 -7.373805 -9.723887 -7.156490
2.900000 0.776823 -4.019258 -6.868755 -8.557169 -9.516679 -10.079765 -11.096788 -11.787458 -12.056173 0.188303 -2.711322 -5.696316 -7.200783 -9.609483 -6.978403
2.950000 1.116864 -3.776563 -6.687865 -8.415742 -9.399423 -9.977668 -11.025425 -11.743202 -12.029277 0.516687 -2.441462 -5.489455 -7.027430 -9.494665 -6.799992
3.000000 1.456976 -3.533656 -6.506672 -8.273954 -9.281774 -9.875160 -10.953625 -11.698511 -12.001971 0.845158 -2.171429 -5.282328 -6.853762 -9.379452 -6.621274
3.050000 1.797146 -3.290549 -6.325191 -8.131823 -9.163748 -9.772256 -10.881402 -11.653399 -11.974269 1.173705 -1.901236 -5.074951 -6.679795 -9.263858 -6.442264
3.100000 2.137363 -3.047256 -6.143435 -7.989362 -9.045361 -9.668973 -10.808772 -11.607880 -11.946180 1.502316 -1.630896 -4.867336 -6.505544 -9.147900 -6.262977
3.150000 2.477620 -2.803789 -5.961420 -7.846587 -8.926628 -9.565324 -10.735747 -11.561964 -11.917716 1.830981 -1.360419 -4.659497 -6.331022 -9.031592 -6.083426
3.200000 2.817905 -2.560159 -5.779157 -7.703510 -8.807561 -9.461324 -10.662342 -11.515663 -11.888886 2.159692 -1.089817 -4.451447 -6.156242 -8.914949 -5.903624
3.250000 3.158210 -2.316377 -5.596658 -7.560145 -8.688176 -9.356986 -10.588569 -11.468990 -11.859700 2.488439 -0.819100 -4.243196 -5.981217 -8.797983 -5.723584
3.300000 3.498528 -2.072453 -5.413935 -7.416505 -8.568483 -9.252322 -10.514441 -11.421954 -11.830167 2.817213 -0.548278 -4.034755 -5.805957 -8.680707 -5.543316
3.350000 3.838849 -1.828398 -5.231000 -7.272600 -8.448496 -9.147346 -10.439969 -11.374567 -11.800297 3.146007 -0.277359 -3.826136 -5.630476 -8.563133 -5.362832
3.400000 4.179168 -1.584221 -5.047863 -7.128443 -8.328225 -9.042069 -10.365165 -11.326838 -11.770099 3.474812 -0.006353 -3.617349 -5.454782 -8.445273 -5.182143
3.450000 4.519475 -1.339930 -4.864534 -6.984044 -8.207683 -8.936502 -10.290041 -11.278778 -11.739581 3.803621 0.264732 -3.408402 -5.278887 -8.327139 -5.001259
3.500000 4.859764 -1.095536 -4.681023 -6.839413 -8.086880 -8.830656 -10.214606 -11.230395 -11.708750 4.132426 0.535886 -3.199307 -5.102801 -8.208741 -4.820190
3.550000 5.200027 -0.851045 -4.497340 -6.694562 -7.965826 -8.724541 -10.138871 -11.181700 -11.677617 4.461221 0.807102 -2.990071 -4.926533 -8.090089 -4.638946
3.600000 5.540258 -0.606468 -4.313494 -6.549499 -7.844532 -8.618169 -10.062846 -11.132701 -11.646187 4.789997 1.078372 -2.780705 -4.750093 -7.971194 -4.457536
3.650000 5.880448 -0.361813 -4.129494 -6.404235 -7.723007 -8.511548 -9.986541 -11.083407 -11.614469 5.118747 1.349687 -2.571216 -4.573490 -7.852065 -4.275969
3.700000 6.220593 -0.117086 -3.945350 -6.258778 -7.601261 -8.404688 -9.909965 -11.033826 -11.582471 5.447465 1.621041 -2.361613 -4.396732 -7.732713 -4.094254
3.750000 6.560684 0.127703 -3.761068 -6.113138 -7.479304 -8.297600 -9.833128 -10.983968 -11.550199 5.776144 1.892424 -2.151906 -4.219830 -7.613145 -3.912400
3.800000 6.900714 0.372547 -3.576659 -5.967323 -7.357143 -8.190290 -9.756038 -10.933840 -11.517660 6.104776 2.163830 -1.942100 -4.042790 -7.493372 -3.730414
3.850000 7.240678 0.617438 -3.392130 -5.821342 -7.234788 -8.082769 -9.678705 -10.883449 -11.484862 6.433354 2.435252 -1.732206 -3.865622 -7.373402 -3.548306
3.900000 7.580568 0.862369 -3.207489 -5.675203 -7.112247 -7.975045 -9.601135 -10.832804 -11.451811 6.761873 2.706682 -1.522229 -3.688333 -7.253243 -3.366083
3.950000 7.920377 1.107333 -3.022743 -5.528914 -6.989528 -7.867126 -9.523338 -10.781911 -11.418514 7.090325 2.978113 -1.312179 -3.510931 -7.132904 -3.183753
4.000000 8.260100 1.352322 -2.837901 -5.382483 -6.866640 -7.759020 -9.445321 -10.730779 -11.384976 7.418703 3.249538 -1.102062 -3.333424 -7.012391 -3.001324
4.050000 8.599730 1.597330 -2.652970 -5.235917 -6.743589 -7.650735 -9.367092 -10.679414 -11.351205 7.747002 3.520950 -0.891885 -3.155819 -6.891714 -2.818802
4.100000 8.939261 1.842349 -2.467956 -5.089224 -6.620384 -7.542278 -9.288659 -10.627823 -11.317205 8.075215 3.792344 -0.681655 -2.978122 -6.770880 -2.636195
4.150000 9.278685 2.087374 -2.282867 -4.942411 -6.497031 -7.433656 -9.210028 -10.576013 -11.282984 8.403335 4.063711 -0.471380 -2.800342 -6.649895 -2.453510
4.200000 9.617999 2.332397 -2.097710 -4.795485 -6.373538 -7.324878 -9.131207 -10.523990 -11.248546 8.731357 4.335046 -0.261066 -2.622486 -6.528768 -2.270754
4.250000 9.957194 2.577412 -1.912491 -4.648453 -6.249911 -7.215948 -9.052202 -10.471761 -11.213898 9.059274 4.606343 -0.050719 -2.444558 -6.407504 -2.087933
4.300000 10.296266 2.822413 -1.727216 -4.501321 -6.126157 -7.106875 -8.973020 -10.419331 -11.179044 9.387081 4.877595 0.159654 -2.266567 -6.286110 -1.905053
4.350000 10.635209 3.067394 -1.541892 -4.354095 -6.002283 -6.997664 -8.893668 -10.366707 -11.143991 9.714772 5.148797 0.370047 -2.088518 -6.164593 -1.722122
4.400000 10.974018 3.312349 -1.356525 -4.206782 -5.878295 -6.888323 -8.814151 -10.313895 -11.108742 10.042342 5.419942 0.580455 -1.910417 -6.042959 -1.539145
4.450000 11.312686 3.557273 -1.171120 -4.059387 -5.754198 -6.778856 -8.734476 -10.260900 -11.073304 10.369784 5.691026 0.790871 -1.732271 -5.921214 -1.356127
4.500000 11.651209 3.802160 -0.985684 -3.911917 -5.629998 -6.669270 -8.654649 -10.207727 -11.037680 10.697094 5.962042 1.001290 -1.554084 -5.799363 -1.173075
4.550000 11.989582 4.047004 -0.800221 -3.764377 -5.505702 -6.559570 -8.574675 -10.154382 -11.001877 11.024267 6.232986 1.211706 -1.375863 -5.677414 -0.989995
4.600000 12.327799 4.291801 -0.614738 -3.616773 -5.381315 -6.449762 -8.494559 -10.100871 -10.965898 11.351297 6.503852 1.422114 -1.197613 -5.555370 -0.806890
4.650000 12.665856 4.536545 -0.429239 -3.469109 -5.256842 -6.339852 -8.414308 -10.047197 -10.929748 11.678179 6.774636 1.632509 -1.019338 -5.433238 -0.623768
4.700000 13.003748 4.781232 -0.243729 -3.321391 -5.132288 -6.229844 -8.333925 -9.993367 -10.893431 12.004910 7.045332 1.842886 -0.841045 -5.311022 -0.440631
4.750000 13.341471 5.025856 -0.058214 -3.173623 -5.007658 -6.119744 -8.253417 -9.939384 -10.856952 12.331484 7.315936 2.053240 -0.662738 -5.188728 -0.257487
4.800000 13.679020 5.270414 0.127303 -3.025812 -4.882956 -6.009556 -8.172787 -9.885254 -10.820314 12.657897 7.586443 2.263567 -0.484421 -5.066360 -0.074338
4.850000 14.016391 5.514900 0.312816 -2.877960 -4.758189 -5.899285 -8.092042 -9.830981 -10.783523 12.984146 7.856849 2.473862 -0.306099 -4.943922 0.108810
4.900000 14.353581 5.759311 0.498322 -2.730073 -4.633360 -5.788935 -8.011184 -9.776569 -10.746581 13.310225 8.127151 2.684121 -0.127777 -4.821421 0.291953
4.950000 14.690584 6.003643 0.683816 -2.582155 -4.508473 -5.678512 -7.930219 -9.722022 -10.709493 13.636131 8.397343 2.894340 0.050541 -4.698859 0.475086
