web/models/kne/16/Metzger_0.006880_0.402759_0.100000.dat
# %ECSV 0.9
# ---
# datatype:
# - {name: time, datatype: float64}
# - {name: sdss_u, datatype: float64}
# - {name: sdss_g, datatype: float64}
# - {name: sdss_r, datatype: float64}
# - {name: sdss_i, datatype: float64}
# - {name: sdss_z, datatype: float64}
# - {name: PS1_y, datatype: float64}
# - {name: ukirt_J, datatype: float64}
# - {name: ukirt_H, datatype: float64}
# - {name: ukirt_K, datatype: float64}
# - {name: johnson_U, datatype: float64}
# - {name: johnson_B, datatype: float64}
# - {name: johnson_V, datatype: float64}
# - {name: johnson_R, datatype: float64}
# - {name: johnson_I, datatype: float64}
# - {name: Clear, datatype: float64}
# meta: !!omap
# - comment: [vej = 0.4027586206896552, mej = 0.006880363458522626, Ye = 0.1, redshift = 0.0]
# schema: astropy-2.0
time sdss_u sdss_g sdss_r sdss_i sdss_z PS1_y ukirt_J ukirt_H ukirt_K johnson_U johnson_B johnson_V johnson_R johnson_I Clear
[from data line 1337]
66.950000 566.187618 412.885967 315.749160 253.846816 215.979899 192.239421 144.009365 100.921131 72.441229 547.815453 455.635125 356.543230 303.919095 212.161353 311.857769
67.000000 566.600475 413.191845 315.987117 254.041397 216.147893 192.390718 144.126651 101.007867 72.507626 548.215500 455.970857 356.809729 304.148770 212.326663 312.093002
67.050000 567.013316 413.497712 316.225065 254.235971 216.315881 192.542011 144.243932 101.094600 72.574020 548.615530 456.306575 357.076218 304.378435 212.491967 312.328226
67.100000 567.426139 413.803566 316.463004 254.430537 216.483863 192.693298 144.361210 101.181331 72.640413 549.015543 456.642279 357.342696 304.608092 212.657265 312.563441
67.150000 567.838945 414.109408 316.700934 254.625097 216.651839 192.844579 144.478483 101.268059 72.706804 549.415541 456.977970 357.609164 304.837740 212.822558 312.798647
67.200000 568.251735 414.415238 316.938854 254.819648 216.819809 192.995855 144.595753 101.354785 72.773193 549.815522 457.313648 357.875622 305.067379 212.987844 313.033844
67.250000 568.664508 414.721056 317.176765 255.014193 216.987772 193.147126 144.713019 101.441508 72.839581 550.215487 457.649312 358.142069 305.297009 213.153124 313.269031
67.300000 569.077264 415.026862 317.414667 255.208730 217.155729 193.298391 144.830280 101.528228 72.905967 550.615436 457.984963 358.408506 305.526631 213.318398 313.504210
67.350000 569.490003 415.332655 317.652560 255.403260 217.323680 193.449651 144.947538 101.614945 72.972351 551.015368 458.320600 358.674932 305.756243 213.483666 313.739379
67.400000 569.902726 415.638437 317.890444 255.597783 217.491625 193.600905 145.064792 101.701660 73.038733 551.415285 458.656224 358.941348 305.985847 213.648928 313.974540
67.450000 570.315432 415.944206 318.128319 255.792298 217.659564 193.752154 145.182042 101.788373 73.105114 551.815185 458.991835 359.207754 306.215442 213.814184 314.209691
67.500000 570.728121 416.249963 318.366184 255.986807 217.827497 193.903398 145.299287 101.875083 73.171492 552.215069 459.327432 359.474149 306.445028 213.979434 314.444834
67.550000 571.140794 416.555709 318.604040 256.181308 217.995424 194.054636 145.416529 101.961790 73.237870 552.614937 459.663016 359.740533 306.674606 214.144678 314.679967
67.600000 571.553450 416.861442 318.841888 256.375801 218.163344 194.205869 145.533768 102.048494 73.304245 553.014789 459.998587 360.006908 306.904175 214.309916 314.915091
67.650000 571.966089 417.167163 319.079726 256.570288 218.331258 194.357096 145.651002 102.135196 73.370619 553.414625 460.334144 360.273272 307.133735 214.475148 315.150207
67.700000 572.378712 417.472872 319.317555 256.764767 218.499167 194.508318 145.768232 102.221895 73.436990 553.814445 460.669688 360.539626 307.363286 214.640374 315.385313
67.750000 572.791318 417.778570 319.555375 256.959239 218.667069 194.659535 145.885458 102.308592 73.503361 554.214248 461.005219 360.805969 307.592828 214.805594 315.620410
67.800000 573.203908 418.084255 319.793185 257.153703 218.834965 194.810746 146.002680 102.395286 73.569729 554.614036 461.340736 361.072302 307.822362 214.970808 315.855499
67.850000 573.616481 418.389928 320.030987 257.348161 219.002855 194.961952 146.119899 102.481978 73.636096 555.013808 461.676240 361.338625 308.051887 215.136016 316.090578
67.900000 574.029037 418.695589 320.268780 257.542611 219.170739 195.113152 146.237113 102.568667 73.702461 555.413563 462.011731 361.604938 308.281403 215.301218 316.325649
67.950000 574.441577 419.001239 320.506563 257.737054 219.338617 195.264347 146.354324 102.655353 73.768824 555.813303 462.347209 361.871240 308.510911 215.466414 316.560711
68.000000 574.854101 419.306876 320.744338 257.931490 219.506489 195.415537 146.471531 102.742037 73.835185 556.213027 462.682673 362.137532 308.740410 215.631604 316.795763
68.050000 575.266608 419.612501 320.982103 258.125919 219.674355 195.566722 146.588734 102.828718 73.901545 556.612734 463.018124 362.403814 308.969900 215.796789 317.030807
68.100000 575.679098 419.918115 321.219860 258.320340 219.842214 195.717901 146.705933 102.915396 73.967903 557.012426 463.353562 362.670085 309.199382 215.961967 317.265842
68.150000 576.091572 420.223716 321.457607 258.514754 220.010068 195.869075 146.823128 103.002072 74.034259 557.412102 463.688987 362.936346 309.428854 216.127139 317.500868
68.200000 576.504029 420.529306 321.695346 258.709162 220.177916 196.020243 146.940319 103.088745 74.100614 557.811762 464.024399 363.202597 309.658319 216.292306 317.735885
68.250000 576.916470 420.834884 321.933075 258.903562 220.345757 196.171406 147.057506 103.175416 74.166967 558.211406 464.359797 363.468838 309.887774 216.457466 317.970893
68.300000 577.328895 421.140450 322.170796 259.097954 220.513593 196.322564 147.174690 103.262084 74.233318 558.611034 464.695183 363.735069 310.117221 216.622621 318.205892
68.350000 577.741303 421.446004 322.408507 259.292340 220.681422 196.473716 147.291869 103.348750 74.299668 559.010647 465.030555 364.001289 310.346659 216.787770 318.440882
68.400000 578.153695 421.751546 322.646209 259.486719 220.849246 196.624864 147.409045 103.435413 74.366015 559.410243 465.365914 364.267499 310.576089 216.952913 318.675864
68.450000 578.566071 422.057076 322.883903 259.681090 221.017063 196.776005 147.526217 103.522073 74.432361 559.809824 465.701260 364.533699 310.805510 217.118050 318.910836
68.500000 578.978430 422.362594 323.121587 259.875454 221.184875 196.927142 147.643385 103.608731 74.498706 560.209389 466.036593 364.799889 311.034922 217.283181 319.145800
68.550000 579.390772 422.668101 323.359263 260.069811 221.352680 197.078273 147.760549 103.695387 74.565048 560.608938 466.371912 365.066069 311.264326 217.448306 319.380755
68.600000 579.803099 422.973596 323.596930 260.264161 221.520480 197.229399 147.877709 103.782039 74.631389 561.008471 466.707219 365.332239 311.493721 217.613425 319.615701
68.650000 580.215409 423.279079 323.834587 260.458504 221.688273 197.380520 147.994865 103.868689 74.697728 561.407989 467.042513 365.598398 311.723108 217.778538 319.850638
68.700000 580.627703 423.584550 324.072236 260.652840 221.856061 197.531635 148.112018 103.955337 74.764066 561.807490 467.377793 365.864547 311.952486 217.943646 320.085567
68.750000 581.039980 423.890009 324.309876 260.847169 222.023842 197.682745 148.229166 104.041982 74.830401 562.206977 467.713061 366.130686 312.181855 218.108747 320.320487
68.800000 581.452242 424.195457 324.547507 261.041490 222.191618 197.833850 148.346311 104.128624 74.896735 562.606447 468.048316 366.396815 312.411216 218.273843 320.555397
68.850000 581.864487 424.500893 324.785129 261.235805 222.359387 197.984950 148.463452 104.215264 74.963068 563.005901 468.383557 366.662934 312.640568 218.438933 320.790299
68.900000 582.276716 424.806317 325.022742 261.430112 222.527151 198.136044 148.580589 104.301902 75.029398 563.405340 468.718786 366.929043 312.869912 218.604017 321.025193
68.950000 582.688928 425.111730 325.260346 261.624412 222.694909 198.287133 148.697723 104.388536 75.095727 563.804764 469.054001 367.195142 313.099247 218.769095 321.260077
69.000000 583.101125 425.417130 325.497941 261.818706 222.862660 198.438217 148.814852 104.475169 75.162054 564.204171 469.389204 367.461231 313.328574 218.934168 321.494953
69.050000 583.513305 425.722520 325.735528 262.012992 223.030406 198.589296 148.931978 104.561798 75.228380 564.603563 469.724394 367.727309 313.557892 219.099234 321.729820
69.100000 583.925469 426.027897 325.973105 262.207271 223.198146 198.740369 149.049100 104.648425 75.294704 565.002939 470.059570 367.993378 313.787202 219.264295 321.964678
69.150000 584.337617 426.333262 326.210674 262.401543 223.365880 198.891437 149.166217 104.735050 75.361026 565.402300 470.394734 368.259436 314.016503 219.429350 322.199528
69.200000 584.749749 426.638616 326.448234 262.595808 223.533608 199.042500 149.283332 104.821672 75.427346 565.801645 470.729885 368.525485 314.245795 219.594399 322.434369
69.250000 585.161865 426.943959 326.685785 262.790066 223.701330 199.193557 149.400442 104.908291 75.493665 566.200975 471.065023 368.791523 314.475080 219.759442 322.669201
69.300000 585.573964 427.249289 326.923327 262.984317 223.869046 199.344610 149.517549 104.994908 75.559982 566.600289 471.400148 369.057552 314.704355 219.924480 322.904024
69.350000 585.986048 427.554608 327.160861 263.178561 224.036756 199.495657 149.634651 105.081523 75.626297 566.999587 471.735260 369.323570 314.933622 220.089511 323.138838
69.400000 586.398115 427.859916 327.398385 263.372798 224.204460 199.646699 149.751750 105.168135 75.692611 567.398870 472.070359 369.589578 315.162881 220.254537 323.373644
69.450000 586.810167 428.165212 327.635901 263.567028 224.372159 199.797735 149.868845 105.254744 75.758923 567.798137 472.405446 369.855577 315.392131 220.419557 323.608442
69.500000 587.222202 428.470496 327.873408 263.761251 224.539851 199.948767 149.985937 105.341351 75.825233 568.197389 472.740519 370.121565 315.621373 220.584571 323.843230
69.550000 587.634221 428.775768 328.110906 263.955467 224.707538 200.099793 150.103024 105.427955 75.891541 568.596625 473.075580 370.387544 315.850606 220.749580 324.078010
69.600000 588.046225 429.081029 328.348396 264.149676 224.875219 200.250814 150.220108 105.514557 75.957848 568.995846 473.410628 370.653512 316.079831 220.914583 324.312781
69.650000 588.458212 429.386279 328.585876 264.343878 225.042893 200.401830 150.337188 105.601156 76.024153 569.395052 473.745663 370.919471 316.309048 221.079580 324.547544
69.700000 588.870183 429.691516 328.823348 264.538074 225.210562 200.552841 150.454264 105.687753 76.090457 569.794242 474.080686 371.185420 316.538256 221.244571 324.782298
69.750000 589.282139 429.996743 329.060812 264.732262 225.378226 200.703847 150.571336 105.774347 76.156759 570.193416 474.415695 371.451358 316.767456 221.409556 325.017043
69.800000 589.694078 430.301957 329.298266 264.926443 225.545883 200.854847 150.688405 105.860938 76.223059 570.592575 474.750692 371.717287 316.996647 221.574536 325.251780
69.850000 590.106002 430.607161 329.535712 265.120617 225.713534 201.005842 150.805470 105.947528 76.289357 570.991719 475.085676 371.983206 317.225830 221.739510 325.486508
69.900000 590.517909 430.912352 329.773149 265.314784 225.881180 201.156832 150.922531 106.034114 76.355654 571.390847 475.420647 372.249115 317.455004 221.904478 325.721227
69.950000 590.929801 431.217533 330.010577 265.508944 226.048819 201.307817 151.039588 106.120698 76.421949 571.789960 475.755606 372.515014 317.684170 222.069440 325.955938
70.000000 591.341677 431.522701 330.247996 265.703098 226.216453 201.458797 151.156642 106.207280 76.488242 572.189058 476.090552 372.780903 317.913328 222.234397 326.190640
70.050000 591.753537 431.827858 330.485407 265.897244 226.384081 201.609771 151.273692 106.293859 76.554534 572.588140 476.425485 373.046783 318.142477 222.399348 326.425334
70.100000 592.165381 432.133004 330.722809 266.091384 226.551703 201.760741 151.390738 106.380435 76.620824 572.987207 476.760405 373.312652 318.371618 222.564293 326.660019
70.150000 592.577209 432.438138 330.960203 266.285516 226.719319 201.911705 151.507780 106.467009 76.687113 573.386259 477.095313 373.578512 318.600751 222.729233 326.894695
70.200000 592.989022 432.743261 331.197587 266.479642 226.886930 202.062664 151.624818 106.553581 76.753399 573.785295 477.430208 373.844362 318.829875 222.894166 327.129363
70.250000 593.400818 433.048373 331.434963 266.673761 227.054535 202.213618 151.741853 106.640150 76.819684 574.184316 477.765091 374.110202 319.058991 223.059095 327.364022
70.300000 593.812599 433.353473 331.672331 266.867873 227.222133 202.364567 151.858884 106.726717 76.885968 574.583322 478.099961 374.376032 319.288099 223.224017 327.598673
70.350000 594.224364 433.658561 331.909690 267.061978 227.389726 202.515511 151.975911 106.813281 76.952249 574.982312 478.434818 374.641852 319.517198 223.388934 327.833315
70.400000 594.636114 433.963638 332.147040 267.256076 227.557314 202.666449 152.092935 106.899842 77.018529 575.381287 478.769662 374.907663 319.746289 223.553845 328.067949
70.450000 595.047847 434.268704 332.384381 267.450167 227.724895 202.817383 152.209955 106.986401 77.084808 575.780247 479.104494 375.173463 319.975372 223.718750 328.302574
70.500000 595.459565 434.573758 332.621714 267.644252 227.892471 202.968311 152.326971 107.072958 77.151084 576.179192 479.439313 375.439254 320.204446 223.883650 328.537190
70.550000 595.871267 434.878801 332.859038 267.838329 228.060041 203.119234 152.443983 107.159512 77.217359 576.578122 479.774120 375.705035 320.433512 224.048544 328.771799
70.600000 596.282954 435.183833 333.096354 268.032400 228.227605 203.270152 152.560992 107.246063 77.283633 576.977036 480.108914 375.970807 320.662570 224.213432 329.006398
70.650000 596.694624 435.488853 333.333661 268.226464 228.395163 203.421066 152.677997 107.332613 77.349904 577.375936 480.443696 376.236568 320.891620 224.378314 329.240989
70.700000 597.106279 435.793862 333.570959 268.420521 228.562716 203.571973 152.794998 107.419159 77.416174 577.774820 480.778465 376.502320 321.120661 224.543191 329.475572
70.750000 597.517919 436.098859 333.808249 268.614571 228.730262 203.722876 152.911995 107.505703 77.482443 578.173689 481.113221 376.768062 321.349694 224.708063 329.710146
70.800000 597.929543 436.403846 334.045530 268.808614 228.897803 203.873774 153.028989 107.592245 77.548709 578.572543 481.447965 377.033795 321.578719 224.872928 329.944712
70.850000 598.341151 436.708821 334.282803 269.002650 229.065339 204.024667 153.145979 107.678784 77.614974 578.971381 481.782697 377.299517 321.807735 225.037788 330.179269
70.900000 598.752743 437.013784 334.520067 269.196680 229.232868 204.175554 153.262965 107.765321 77.681238 579.370205 482.117416 377.565230 322.036744 225.202643 330.413818
70.950000 599.164320 437.318736 334.757322 269.390703 229.400392 204.326437 153.379948 107.851855 77.747499 579.769014 482.452122 377.830933 322.265744 225.367491 330.648358
71.000000 599.575882 437.623677 334.994569 269.584719 229.567910 204.477314 153.496927 107.938387 77.813759 580.167807 482.786816 378.096627 322.494736 225.532335 330.882890
71.050000 599.987428 437.928607 335.231808 269.778728 229.735422 204.628187 153.613902 108.024916 77.880018 580.566586 483.121498 378.362311 322.723719 225.697172 331.117413
71.100000 600.398958 438.233526 335.469038 269.972731 229.902929 204.779054 153.730873 108.111443 77.946275 580.965349 483.456167 378.627985 322.952695 225.862004 331.351928
71.150000 600.810473 438.538433 335.706259 270.166726 230.070430 204.929917 153.847841 108.197967 78.012530 581.364097 483.790823 378.893649 323.181662 226.026830 331.586435
71.200000 601.221972 438.843329 335.943472 270.360715 230.237925 205.080774 153.964805 108.284489 78.078783 581.762831 484.125468 379.159304 323.410621 226.191651 331.820933
71.250000 601.633455 439.148214 336.180676 270.554697 230.405414 205.231626 154.081766 108.371008 78.145035 582.161549 484.460099 379.424949 323.639572 226.356466 332.055423
71.300000 602.044924 439.453087 336.417872 270.748672 230.572898 205.382473 154.198723 108.457525 78.211285 582.560253 484.794719 379.690585 323.868515 226.521275 332.289904
71.350000 602.456376 439.757950 336.655059 270.942641 230.740376 205.533315 154.315676 108.544040 78.277534 582.958941 485.129326 379.956211 324.097450 226.686079 332.524377
71.400000 602.867814 440.062801 336.892238 271.136603 230.907848 205.684152 154.432625 108.630552 78.343780 583.357614 485.463920 380.221827 324.326376 226.850877 332.758841
71.450000 603.279235 440.367641 337.129409 271.330558 231.075315 205.834985 154.549571 108.717061 78.410026 583.756273 485.798502 380.487434 324.555294 227.015670 332.993298
