web/models/kne/16/Metzger_0.138217_0.451379_0.100000.dat
# %ECSV 0.9
# ---
# datatype:
# - {name: time, datatype: float64}
# - {name: sdss_u, datatype: float64}
# - {name: sdss_g, datatype: float64}
# - {name: sdss_r, datatype: float64}
# - {name: sdss_i, datatype: float64}
# - {name: sdss_z, datatype: float64}
# - {name: PS1_y, datatype: float64}
# - {name: ukirt_J, datatype: float64}
# - {name: ukirt_H, datatype: float64}
# - {name: ukirt_K, datatype: float64}
# - {name: johnson_U, datatype: float64}
# - {name: johnson_B, datatype: float64}
# - {name: johnson_V, datatype: float64}
# - {name: johnson_R, datatype: float64}
# - {name: johnson_I, datatype: float64}
# - {name: Clear, datatype: float64}
# meta: !!omap
# - comment: [vej = 0.4513793103448276, mej = 0.13821730389118514, Ye = 0.1, redshift = 0.0]
# schema: astropy-2.0
time sdss_u sdss_g sdss_r sdss_i sdss_z PS1_y ukirt_J ukirt_H ukirt_K johnson_U johnson_B johnson_V johnson_R johnson_I Clear
[from data line 2951]
147.650000 591.553206 431.195580 329.578882 264.815579 225.195066 200.353341 149.879929 104.776746 74.955295 572.336084 475.913744 372.255503 317.202509 221.199496 325.507809
147.700000 591.753310 431.343847 329.694237 264.909915 225.276519 200.426703 149.936810 104.818825 74.987519 572.529980 476.076476 372.384687 317.313850 221.279648 325.621843
147.750000 591.953410 431.492110 329.809589 265.004250 225.357971 200.500065 149.993692 104.860904 75.019741 572.723872 476.239205 372.513870 317.425189 221.359800 325.735876
147.800000 592.153506 431.640372 329.924940 265.098583 225.439421 200.573426 150.050572 104.902981 75.051964 572.917761 476.401931 372.643050 317.536526 221.439950 325.849906
147.850000 592.353599 431.788630 330.040288 265.192915 225.520871 200.646785 150.107451 104.945059 75.084186 573.111647 476.564654 372.772228 317.647862 221.520099 325.963935
147.900000 592.553689 431.936886 330.155635 265.287245 225.602319 200.720144 150.164330 104.987135 75.116408 573.305529 476.727375 372.901404 317.759195 221.600247 326.077962
147.950000 592.753775 432.085140 330.270980 265.381574 225.683766 200.793501 150.221208 105.029212 75.148629 573.499408 476.890092 373.030578 317.870527 221.680393 326.191987
148.000000 592.953857 432.233391 330.386323 265.475901 225.765211 200.866857 150.278085 105.071287 75.180850 573.693284 477.052807 373.159750 317.981857 221.760538 326.306010
148.050000 593.153936 432.381640 330.501664 265.570226 225.846656 200.940212 150.334961 105.113362 75.213070 573.887156 477.215519 373.288919 318.093185 221.840682 326.420031
148.100000 593.354012 432.529886 330.617003 265.664550 225.928099 201.013566 150.391836 105.155437 75.245291 574.081025 477.378228 373.418087 318.204511 221.920825 326.534050
148.150000 593.554084 432.678129 330.732340 265.758873 226.009540 201.086918 150.448710 105.197511 75.277511 574.274891 477.540935 373.547252 318.315835 222.000966 326.648067
148.200000 593.754152 432.826370 330.847675 265.853193 226.090981 201.160270 150.505584 105.239584 75.309730 574.468753 477.703639 373.676415 318.427158 222.081106 326.762083
148.250000 593.954217 432.974608 330.963009 265.947513 226.172420 201.233620 150.562457 105.281657 75.341949 574.662611 477.866340 373.805576 318.538478 222.161245 326.876096
148.300000 594.154279 433.122844 331.078340 266.041831 226.253858 201.306969 150.619329 105.323730 75.374168 574.856467 478.029038 373.934734 318.649797 222.241383 326.990108
148.350000 594.354337 433.271078 331.193670 266.136147 226.335294 201.380318 150.676200 105.365801 75.406386 575.050319 478.191733 374.063891 318.761114 222.321519 327.104118
148.400000 594.554391 433.419309 331.308997 266.230462 226.416730 201.453665 150.733070 105.407873 75.438604 575.244167 478.354426 374.193045 318.872429 222.401654 327.218126
148.450000 594.754442 433.567537 331.424323 266.324775 226.498164 201.527011 150.789940 105.449943 75.470822 575.438013 478.517115 374.322197 318.983743 222.481788 327.332132
148.500000 594.954490 433.715763 331.539647 266.419087 226.579596 201.600355 150.846809 105.492013 75.503039 575.631855 478.679802 374.451347 319.095054 222.561921 327.446136
148.550000 595.154534 433.863986 331.654969 266.513398 226.661028 201.673699 150.903676 105.534083 75.535256 575.825693 478.842486 374.580495 319.206364 222.642052 327.560138
148.600000 595.354575 434.012207 331.770289 266.607706 226.742458 201.747042 150.960543 105.576152 75.567473 576.019528 479.005168 374.709641 319.317672 222.722182 327.674139
148.650000 595.554612 434.160425 331.885607 266.702014 226.823887 201.820383 151.017410 105.618221 75.599689 576.213360 479.167846 374.838784 319.428978 222.802311 327.788137
148.700000 595.754646 434.308641 332.000923 266.796319 226.905315 201.893723 151.074275 105.660289 75.631905 576.407189 479.330522 374.967925 319.540282 222.882439 327.902134
148.750000 595.954676 434.456854 332.116237 266.890624 226.986741 201.967062 151.131140 105.702356 75.664120 576.601014 479.493195 375.097065 319.651584 222.962565 328.016129
148.800000 596.154703 434.605065 332.231550 266.984926 227.068166 202.040400 151.188004 105.744423 75.696336 576.794836 479.655866 375.226202 319.762885 223.042690 328.130121
148.850000 596.354726 434.753273 332.346860 267.079228 227.149590 202.113737 151.244866 105.786489 75.728550 576.988654 479.818533 375.355336 319.874184 223.122814 328.244112
148.900000 596.554746 434.901479 332.462169 267.173527 227.231012 202.187073 151.301729 105.828555 75.760765 577.182469 479.981198 375.484469 319.985480 223.202937 328.358102
148.950000 596.754762 435.049682 332.577475 267.267826 227.312434 202.260408 151.358590 105.870620 75.792979 577.376281 480.143860 375.613600 320.096775 223.283058 328.472089
149.000000 596.954775 435.197883 332.692780 267.362122 227.393854 202.333741 151.415450 105.912685 75.825192 577.570089 480.306519 375.742728 320.208069 223.363178 328.586074
149.050000 597.154784 435.346081 332.808083 267.456417 227.475272 202.407074 151.472310 105.954749 75.857406 577.763894 480.469175 375.871854 320.319360 223.443297 328.700058
149.100000 597.354790 435.494277 332.923384 267.550711 227.556690 202.480405 151.529169 105.996813 75.889619 577.957696 480.631829 376.000978 320.430650 223.523415 328.814039
149.150000 597.554793 435.642470 333.038683 267.645003 227.638106 202.553735 151.586027 106.038876 75.921831 578.151494 480.794480 376.130100 320.541937 223.603531 328.928019
149.200000 597.754792 435.790661 333.153980 267.739294 227.719521 202.627064 151.642884 106.080938 75.954043 578.345289 480.957128 376.259220 320.653223 223.683646 329.041997
149.250000 597.954788 435.938849 333.269276 267.833583 227.800935 202.700392 151.699741 106.123000 75.986255 578.539081 481.119773 376.388338 320.764508 223.763760 329.155973
149.300000 598.154780 436.087035 333.384569 267.927871 227.882347 202.773719 151.756596 106.165062 76.018467 578.732869 481.282416 376.517453 320.875790 223.843873 329.269947
149.350000 598.354769 436.235218 333.499861 268.022157 227.963758 202.847044 151.813451 106.207123 76.050678 578.926654 481.445056 376.646567 320.987070 223.923984 329.383919
149.400000 598.554754 436.383399 333.615150 268.116442 228.045168 202.920369 151.870305 106.249183 76.082889 579.120436 481.607693 376.775678 321.098349 224.004094 329.497890
149.450000 598.754736 436.531577 333.730438 268.210725 228.126576 202.993692 151.927158 106.291243 76.115099 579.314214 481.770327 376.904787 321.209626 224.084203 329.611858
149.500000 598.954714 436.679753 333.845724 268.305006 228.207984 203.067015 151.984010 106.333302 76.147309 579.507989 481.932959 377.033894 321.320901 224.164311 329.725825
149.550000 599.154689 436.827926 333.961008 268.399287 228.289390 203.140336 152.040862 106.375361 76.179519 579.701761 482.095587 377.162999 321.432174 224.244417 329.839790
149.600000 599.354661 436.976097 334.076290 268.493565 228.370795 203.213656 152.097713 106.417419 76.211728 579.895529 482.258213 377.292101 321.543446 224.324522 329.953753
149.650000 599.554629 437.124265 334.191570 268.587842 228.452198 203.286975 152.154563 106.459476 76.243937 580.089294 482.420837 377.421202 321.654715 224.404626 330.067714
149.700000 599.754593 437.272431 334.306848 268.682118 228.533600 203.360293 152.211412 106.501534 76.276146 580.283056 482.583457 377.550300 321.765983 224.484729 330.181673
149.750000 599.954554 437.420594 334.422125 268.776392 228.615001 203.433610 152.268260 106.543590 76.308354 580.476814 482.746075 377.679396 321.877249 224.564831 330.295631
149.800000 600.154512 437.568755 334.537399 268.870665 228.696401 203.506925 152.325107 106.585646 76.340562 580.670569 482.908690 377.808490 321.988513 224.644931 330.409586
149.850000 600.354467 437.716913 334.652672 268.964936 228.777800 203.580240 152.381954 106.627701 76.372769 580.864321 483.071302 377.937582 322.099775 224.725030 330.523540
149.900000 600.554417 437.865069 334.767943 269.059206 228.859197 203.653553 152.438800 106.669756 76.404976 581.058069 483.233912 378.066672 322.211036 224.805128 330.637492
149.950000 600.754365 438.013223 334.883212 269.153474 228.940593 203.726865 152.495645 106.711811 76.437183 581.251814 483.396518 378.195760 322.322295 224.885224 330.751442
150.000000 600.954312 438.161376 334.998481 269.247742 229.021989 203.800178 152.552490 106.753865 76.469390 581.445559 483.559125 378.324848 322.433554 224.965321 330.865391
