web/models/kne/16/Metzger_0.047339_0.337931_0.450000.dat
# %ECSV 0.9
# ---
# datatype:
# - {name: time, datatype: float64}
# - {name: sdss_u, datatype: float64}
# - {name: sdss_g, datatype: float64}
# - {name: sdss_r, datatype: float64}
# - {name: sdss_i, datatype: float64}
# - {name: sdss_z, datatype: float64}
# - {name: PS1_y, datatype: float64}
# - {name: ukirt_J, datatype: float64}
# - {name: ukirt_H, datatype: float64}
# - {name: ukirt_K, datatype: float64}
# - {name: johnson_U, datatype: float64}
# - {name: johnson_B, datatype: float64}
# - {name: johnson_V, datatype: float64}
# - {name: johnson_R, datatype: float64}
# - {name: johnson_I, datatype: float64}
# - {name: Clear, datatype: float64}
# meta: !!omap
# - comment: [vej = 0.33793103448275863, mej = 0.04733940132137338, Ye = 0.45, redshift = 0.0]
# schema: astropy-2.0
time sdss_u sdss_g sdss_r sdss_i sdss_z PS1_y ukirt_J ukirt_H ukirt_K johnson_U johnson_B johnson_V johnson_R johnson_I Clear
[from data line 95]
4.850000 2.757739 -3.552223 -7.362889 -9.665079 -11.000675 -11.799778 -13.296258 -14.412275 -14.955810 1.987931 -1.821831 -5.786547 -7.812126 -11.131431 -7.511087
4.900000 3.024772 -3.359861 -7.217936 -9.550402 -10.904553 -11.715306 -13.235487 -14.372638 -14.929944 2.246022 -1.608631 -5.621672 -7.672954 -11.037182 -7.368036
4.950000 3.292224 -3.167129 -7.072644 -9.435407 -10.808126 -11.630537 -13.174438 -14.332746 -14.903848 2.504526 -1.395049 -5.456445 -7.533448 -10.942629 -7.224647
5.000000 3.560078 -2.974043 -6.927028 -9.320105 -10.711404 -11.545480 -13.113118 -14.292606 -14.877528 2.763426 -1.181098 -5.290881 -7.393620 -10.847783 -7.080935
5.050000 3.828314 -2.780616 -6.781098 -9.204507 -10.614398 -11.460146 -13.051537 -14.252225 -14.850989 3.022704 -0.966795 -5.124991 -7.253482 -10.752653 -6.936910
5.100000 4.096917 -2.586862 -6.634867 -9.088625 -10.517116 -11.374543 -12.989702 -14.211610 -14.824238 3.282344 -0.752154 -4.958790 -7.113046 -10.657248 -6.792585
5.150000 4.365869 -2.392795 -6.488345 -8.972467 -10.419567 -11.288680 -12.927621 -14.170767 -14.797279 3.542329 -0.537190 -4.792289 -6.972323 -10.561578 -6.647970
5.200000 4.635154 -2.198429 -6.341546 -8.856044 -10.321762 -11.202565 -12.865300 -14.129701 -14.770116 3.802642 -0.321918 -4.625501 -6.831324 -10.465653 -6.503078
5.250000 4.904755 -2.003776 -6.194478 -8.739365 -10.223709 -11.116207 -12.802747 -14.088419 -14.742756 4.063268 -0.106350 -4.458437 -6.690059 -10.369480 -6.357919
5.300000 5.174658 -1.808849 -6.047153 -8.622440 -10.125417 -11.029614 -12.739970 -14.046927 -14.715203 4.324192 0.109499 -4.291109 -6.548539 -10.273068 -6.212504
5.350000 5.444846 -1.613660 -5.899582 -8.505278 -10.026893 -10.942794 -12.676974 -14.005230 -14.687462 4.585399 0.325617 -4.123527 -6.406775 -10.176426 -6.066842
5.400000 5.715305 -1.418221 -5.751774 -8.387888 -9.928147 -10.855755 -12.613767 -13.963334 -14.659536 4.846875 0.541991 -3.955704 -6.264775 -10.079561 -5.920945
5.450000 5.986021 -1.222544 -5.603739 -8.270278 -9.829185 -10.768503 -12.550356 -13.921244 -14.631431 5.108605 0.758608 -3.787648 -6.122550 -9.982483 -5.774820
5.500000 6.256980 -1.026639 -5.455486 -8.152457 -9.730017 -10.681047 -12.486746 -13.878966 -14.603152 5.370576 0.975457 -3.619371 -5.980108 -9.885197 -5.628479
5.550000 6.528168 -0.830518 -5.307025 -8.034433 -9.630649 -10.593393 -12.422943 -13.836504 -14.574701 5.632774 1.192526 -3.450883 -5.837459 -9.787712 -5.481930
5.600000 6.799571 -0.634191 -5.158366 -7.916215 -9.531088 -10.505549 -12.358955 -13.793864 -14.546084 5.895187 1.409803 -3.282192 -5.694612 -9.690035 -5.335182
5.650000 7.071178 -0.437669 -5.009515 -7.797809 -9.431342 -10.417521 -12.294785 -13.751050 -14.517305 6.157802 1.627278 -3.113309 -5.551576 -9.592172 -5.188244
5.700000 7.342975 -0.240962 -4.860483 -7.679223 -9.331418 -10.329315 -12.230441 -13.708068 -14.488367 6.420607 1.844940 -2.944243 -5.408357 -9.494132 -5.041124
5.750000 7.614951 -0.044079 -4.711277 -7.560465 -9.231322 -10.240938 -12.165928 -13.664921 -14.459274 6.683591 2.062777 -2.775002 -5.264966 -9.395920 -4.893830
5.800000 7.887093 0.152970 -4.561906 -7.441541 -9.131060 -10.152396 -12.101250 -13.621614 -14.430030 6.946741 2.280781 -2.605595 -5.121408 -9.297542 -4.746371
5.850000 8.159391 0.350176 -4.412377 -7.322459 -9.030640 -10.063695 -12.036414 -13.578152 -14.400638 7.210046 2.498942 -2.436031 -4.977693 -9.199006 -4.598754
5.900000 8.431833 0.547529 -4.262697 -7.203225 -8.930068 -9.974841 -11.971424 -13.534539 -14.371103 7.473496 2.717249 -2.266318 -4.833827 -9.100317 -4.450987
5.950000 8.704408 0.745022 -4.112874 -7.083846 -8.829348 -9.885839 -11.906286 -13.490779 -14.341427 7.737080 2.935694 -2.096463 -4.689818 -9.001481 -4.303076
6.000000 8.977106 0.942646 -3.962916 -6.964327 -8.728488 -9.796695 -11.841003 -13.446876 -14.311615 8.000788 3.154268 -1.926475 -4.545672 -8.902504 -4.155030
6.050000 9.249918 1.140393 -3.812829 -6.844676 -8.627492 -9.707415 -11.775581 -13.402835 -14.281669 8.264610 3.372962 -1.756360 -4.401397 -8.803392 -4.006854
6.100000 9.522832 1.338254 -3.662619 -6.724898 -8.526367 -9.618002 -11.710024 -13.358658 -14.251592 8.528537 3.591767 -1.586126 -4.256998 -8.704149 -3.858556
6.150000 9.795840 1.536222 -3.512294 -6.604999 -8.425116 -9.528464 -11.644337 -13.314349 -14.221388 8.792559 3.810676 -1.415780 -4.112483 -8.604782 -3.710141
6.200000 10.068933 1.734291 -3.361859 -6.484984 -8.323747 -9.438803 -11.578524 -13.269913 -14.191059 9.056668 4.029680 -1.245329 -3.967857 -8.505295 -3.561617
6.250000 10.342101 1.932451 -3.211321 -6.364859 -8.222263 -9.349026 -11.512589 -13.225353 -14.160609 9.320854 4.248772 -1.074779 -3.823126 -8.405693 -3.412989
6.300000 10.615336 2.130698 -3.060686 -6.244630 -8.120670 -9.259136 -11.446536 -13.180671 -14.130041 9.585109 4.467944 -0.904136 -3.678297 -8.305981 -3.264264
6.350000 10.888630 2.329023 -2.909959 -6.124300 -8.018972 -9.169138 -11.380369 -13.135873 -14.099357 9.849425 4.687190 -0.733408 -3.533375 -8.206164 -3.115446
6.400000 11.161974 2.527420 -2.759146 -6.003876 -7.917174 -9.079037 -11.314092 -13.090960 -14.068561 10.113794 4.906501 -0.562599 -3.388365 -8.106246 -2.966542
6.450000 11.435361 2.725883 -2.608253 -5.883361 -7.815280 -8.988836 -11.247708 -13.045936 -14.037654 10.378209 5.125872 -0.391716 -3.243272 -8.006232 -2.817556
6.500000 11.708783 2.924406 -2.457284 -5.762761 -7.713295 -8.898540 -11.181222 -13.000804 -14.006640 10.642662 5.345296 -0.220763 -3.098102 -7.906125 -2.668495
6.550000 11.982233 3.122983 -2.306245 -5.642081 -7.611222 -8.808153 -11.114636 -12.955568 -13.975520 10.907146 5.564767 -0.049748 -2.952860 -7.805931 -2.519362
6.600000 12.255704 3.321608 -2.155140 -5.521324 -7.509066 -8.717679 -11.047955 -12.910229 -13.944298 11.171654 5.784278 0.121326 -2.807551 -7.705653 -2.370163
6.650000 12.529189 3.520275 -2.003975 -5.400494 -7.406831 -8.627120 -10.981181 -12.864791 -13.912976 11.436179 6.003823 0.292452 -2.662178 -7.605295 -2.220903
6.700000 12.802681 3.718980 -1.852754 -5.279597 -7.304520 -8.536481 -10.914317 -12.819257 -13.881557 11.700715 6.223398 0.463627 -2.516747 -7.504860 -2.071587
6.750000 13.076174 3.917716 -1.701481 -5.158635 -7.202137 -8.445766 -10.847367 -12.773629 -13.850042 11.965256 6.442995 0.634845 -2.371262 -7.404353 -1.922217
6.800000 13.349662 4.116479 -1.550161 -5.037613 -7.099686 -8.354978 -10.780334 -12.727910 -13.818434 12.229796 6.662611 0.806102 -2.225728 -7.303777 -1.772800
6.850000 13.623139 4.315265 -1.398797 -4.916535 -6.997171 -8.264119 -10.713220 -12.682103 -13.786735 12.494328 6.882239 0.977393 -2.080147 -7.203135 -1.623339
6.900000 13.896599 4.514068 -1.247395 -4.795403 -6.894593 -8.173194 -10.646029 -12.636210 -13.754947 12.758848 7.101876 1.148715 -1.934525 -7.102431 -1.473838
6.950000 14.170036 4.712883 -1.095957 -4.674222 -6.791958 -8.082205 -10.578763 -12.590233 -13.723072 13.023350 7.321515 1.320061 -1.788865 -7.001667 -1.324300
7.000000 14.443446 4.911707 -0.944488 -4.552995 -6.689267 -7.991155 -10.511426 -12.544174 -13.691113 13.287828 7.541152 1.491430 -1.643171 -6.900848 -1.174731
7.050000 14.716823 5.110536 -0.792992 -4.431725 -6.586525 -7.900047 -10.444018 -12.498037 -13.659070 13.552278 7.760784 1.662817 -1.497446 -6.799976 -1.025132
7.100000 14.990163 5.309364 -0.641470 -4.310416 -6.483733 -7.808885 -10.376544 -12.451823 -13.626948 13.816694 7.980405 1.834218 -1.351694 -6.699054 -0.875509
7.150000 15.263459 5.508189 -0.489929 -4.189070 -6.380896 -7.717670 -10.309005 -12.405534 -13.594746 14.081073 8.200012 2.005629 -1.205918 -6.598084 -0.725863
7.200000 15.536709 5.707006 -0.338369 -4.067690 -6.278014 -7.626406 -10.241404 -12.359173 -13.562467 14.345409 8.419600 2.177047 -1.060121 -6.497070 -0.576199
7.250000 15.809907 5.905812 -0.186795 -3.946280 -6.175092 -7.535094 -10.173744 -12.312741 -13.530112 14.609699 8.639165 2.348469 -0.914307 -6.396015 -0.426519
7.300000 16.083050 6.104604 -0.035210 -3.824841 -6.072132 -7.443738 -10.106025 -12.266241 -13.497684 14.873938 8.858705 2.519891 -0.768479 -6.294920 -0.276828
7.350000 16.356132 6.303377 0.116384 -3.703378 -5.969136 -7.352340 -10.038252 -12.219674 -13.465184 15.138122 9.078214 2.691311 -0.622638 -6.193788 -0.127126
7.400000 16.629151 6.502129 0.267983 -3.581891 -5.866107 -7.260901 -9.970425 -12.173043 -13.432614 15.402247 9.297691 2.862725 -0.476789 -6.092622 0.022582
7.450000 16.902102 6.700856 0.419585 -3.460384 -5.763047 -7.169426 -9.902547 -12.126349 -13.399976 15.666310 9.517131 3.034130 -0.330934 -5.991424 0.172294
7.500000 17.174983 6.899556 0.571187 -3.338860 -5.659958 -7.077914 -9.834619 -12.079594 -13.367270 15.930307 9.736531 3.205524 -0.185075 -5.890196 0.322007
7.550000 17.447788 7.098225 0.722787 -3.217320 -5.556843 -6.986370 -9.766645 -12.032779 -13.334498 16.194235 9.955888 3.376903 -0.039216 -5.788941 0.471719
7.600000 17.720516 7.296861 0.874382 -3.095766 -5.453703 -6.894794 -9.698624 -11.985907 -13.301663 16.458090 10.175200 3.548266 0.106643 -5.687660 0.621427
7.650000 17.993162 7.495462 1.025970 -2.974202 -5.350541 -6.803188 -9.630560 -11.938978 -13.268765 16.721869 10.394463 3.719609 0.252497 -5.586356 0.771129
7.700000 18.265724 7.694023 1.177548 -2.852629 -5.247359 -6.711556 -9.562455 -11.891995 -13.235805 16.985569 10.613675 3.890930 0.398346 -5.485031 0.920822
7.750000 18.538199 7.892544 1.329114 -2.731048 -5.144158 -6.619897 -9.494309 -11.844960 -13.202786 17.249188 10.832833 4.062228 0.544186 -5.383685 1.070505
7.800000 18.810584 8.091021 1.480666 -2.609463 -5.040941 -6.528215 -9.426124 -11.797873 -13.169709 17.512723 11.051934 4.233499 0.690016 -5.282322 1.220176
7.850000 19.082876 8.289452 1.632203 -2.487875 -4.937709 -6.436511 -9.357902 -11.750735 -13.136574 17.776170 11.270977 4.404742 0.835834 -5.180943 1.369831
7.900000 19.355073 8.487835 1.783721 -2.366285 -4.834464 -6.344786 -9.289645 -11.703550 -13.103383 18.039528 11.489958 4.575954 0.981638 -5.079550 1.519470
7.950000 19.627172 8.686169 1.935220 -2.244696 -4.731208 -6.253042 -9.221354 -11.656317 -13.070138 18.302793 11.708876 4.747134 1.127425 -4.978144 1.669091
8.000000 19.899171 8.884450 2.086697 -2.123109 -4.627941 -6.161281 -9.153030 -11.609038 -13.036839 18.565965 11.927729 4.918279 1.273195 -4.876728 1.818691
8.050000 20.171068 9.082677 2.238151 -2.001525 -4.524667 -6.069505 -9.084675 -11.561715 -13.003488 18.829040 12.146514 5.089388 1.418945 -4.775301 1.968268
8.100000 20.442861 9.280849 2.389580 -1.879947 -4.421385 -5.977714 -9.016291 -11.514348 -12.970086 19.092016 12.365230 5.260459 1.564674 -4.673867 2.117823
8.150000 20.714547 9.478963 2.540983 -1.758376 -4.318099 -5.885910 -8.947878 -11.466939 -12.936634 19.354892 12.583874 5.431491 1.710380 -4.572426 2.267351
8.200000 20.986124 9.677017 2.692357 -1.636813 -4.214808 -5.794094 -8.879438 -11.419490 -12.903132 19.617665 12.802446 5.602481 1.856061 -4.470980 2.416853
8.250000 21.257592 9.875011 2.843701 -1.515260 -4.111515 -5.702268 -8.810972 -11.372000 -12.869583 19.880334 13.020943 5.773429 2.001717 -4.369531 2.566327
8.300000 21.528947 10.072942 2.995014 -1.393717 -4.008221 -5.610433 -8.742481 -11.324473 -12.835988 20.142896 13.239363 5.944332 2.147346 -4.268078 2.715770
8.350000 21.800189 10.270809 3.146295 -1.272187 -3.904926 -5.518591 -8.673967 -11.276907 -12.802346 20.405351 13.457706 6.115189 2.292945 -4.166625 2.865183
8.400000 22.071315 10.468610 3.297543 -1.150671 -3.801633 -5.426741 -8.605430 -11.229305 -12.768659 20.667697 13.675969 6.286000 2.438515 -4.065171 3.014563
8.450000 22.342325 10.666345 3.448755 -1.029169 -3.698342 -5.334887 -8.536872 -11.181668 -12.734929 20.929932 13.894152 6.456762 2.584054 -3.963718 3.163909
8.500000 22.613217 10.864012 3.599931 -0.907683 -3.595055 -5.243027 -8.468293 -11.133996 -12.701156 21.192055 14.112252 6.627474 2.729561 -3.862268 3.313220
8.550000 22.883989 11.061610 3.751069 -0.786215 -3.491771 -5.151165 -8.399695 -11.086291 -12.667340 21.454065 14.330270 6.798136 2.875034 -3.760821 3.462495
8.600000 23.154640 11.259137 3.902170 -0.664764 -3.388494 -5.059300 -8.331079 -11.038554 -12.633484 21.715960 14.548203 6.968746 3.020473 -3.659378 3.611733
8.650000 23.425170 11.456593 4.053230 -0.543332 -3.285223 -4.967434 -8.262446 -10.990784 -12.599587 21.977739 14.766050 7.139303 3.165876 -3.557940 3.760933
8.700000 23.695577 11.653976 4.204251 -0.421920 -3.181959 -4.875567 -8.193796 -10.942984 -12.565651 22.239401 14.983811 7.309806 3.311242 -3.456508 3.910094
8.750000 23.965859 11.851286 4.355230 -0.300529 -3.078704 -4.783701 -8.125131 -10.895155 -12.531676 22.500945 15.201484 7.480254 3.456571 -3.355084 4.059215
8.800000 24.236017 12.048522 4.506166 -0.179160 -2.975458 -4.691837 -8.056450 -10.847296 -12.497664 22.762370 15.419069 7.650647 3.601862 -3.253668 4.208294
8.850000 24.506048 12.245682 4.657059 -0.057814 -2.872223 -4.599974 -7.987756 -10.799409 -12.463614 23.023675 15.636564 7.820982 3.747113 -3.152260 4.357332
8.900000 24.775953 12.442765 4.807909 0.063509 -2.768998 -4.508115 -7.919049 -10.751495 -12.429528 23.284859 15.853969 7.991260 3.892324 -3.050862 4.506326
8.950000 25.045730 12.639772 4.958713 0.184807 -2.665785 -4.416259 -7.850330 -10.703554 -12.395407 23.545922 16.071283 8.161480 4.037494 -2.949475 4.655278
9.000000 25.315379 12.836702 5.109472 0.306081 -2.562584 -4.324408 -7.781599 -10.655588 -12.361251 23.806863 16.288505 8.331641 4.182622 -2.848099 4.804185
9.050000 25.584899 13.033552 5.260184 0.427328 -2.459396 -4.232562 -7.712858 -10.607596 -12.327061 24.067681 16.505634 8.501742 4.327709 -2.746734 4.953047
9.100000 25.854290 13.230324 5.410850 0.548550 -2.356223 -4.140722 -7.644106 -10.559580 -12.292837 24.328375 16.722671 8.671782 4.472752 -2.645383 5.101863
9.150000 26.123550 13.427016 5.561468 0.669744 -2.253064 -4.048889 -7.575345 -10.511540 -12.258580 24.588945 16.939613 8.841761 4.617751 -2.544044 5.250633
9.200000 26.392679 13.623628 5.712038 0.790910 -2.149920 -3.957063 -7.506575 -10.463477 -12.224292 24.849391 17.156461 9.011679 4.762706 -2.442720 5.399356
9.250000 26.661678 13.820159 5.862559 0.912048 -2.046792 -3.865245 -7.437797 -10.415391 -12.189972 25.109711 17.373215 9.181535 4.907617 -2.341410 5.548032
9.300000 26.930544 14.016609 6.013031 1.033158 -1.943680 -3.773436 -7.369012 -10.367284 -12.155621 25.369906 17.589873 9.351327 5.052482 -2.240115 5.696660
9.350000 27.199279 14.212977 6.163453 1.154237 -1.840585 -3.681636 -7.300219 -10.319156 -12.121240 25.629975 17.806435 9.521057 5.197301 -2.138836 5.845239
9.400000 27.467882 14.409263 6.313825 1.275287 -1.737508 -3.589845 -7.231421 -10.271007 -12.086829 25.889917 18.022902 9.690723 5.342073 -2.037573 5.993769
9.450000 27.736351 14.605467 6.464146 1.396307 -1.634449 -3.498065 -7.162616 -10.222838 -12.052390 26.149733 18.239271 9.860325 5.486799 -1.936326 6.142250
9.500000 28.004688 14.801587 6.614415 1.517295 -1.531408 -3.406295 -7.093807 -10.174650 -12.017921 26.409422 18.455544 10.029862 5.631478 -1.835097 6.290681
9.550000 28.272892 14.997624 6.764634 1.638252 -1.428386 -3.314536 -7.024992 -10.126443 -11.983425 26.668984 18.671720 10.199335 5.776109 -1.733886 6.439061
9.600000 28.540963 15.193578 6.914800 1.759178 -1.325383 -3.222789 -6.956174 -10.078217 -11.948902 26.928418 18.887798 10.368742 5.920691 -1.632693 6.587391
9.650000 28.808900 15.389448 7.064914 1.880071 -1.222401 -3.131054 -6.887351 -10.029974 -11.914351 27.187725 19.103779 10.538084 6.065226 -1.531518 6.735670
9.700000 29.076704 15.585234 7.214976 2.000932 -1.119438 -3.039331 -6.818526 -9.981713 -11.879774 27.446905 19.319662 10.707360 6.209711 -1.430362 6.883898
9.750000 29.344374 15.780936 7.364985 2.121760 -1.016496 -2.947621 -6.749697 -9.933435 -11.845172 27.705957 19.535447 10.876570 6.354148 -1.329226 7.032074
9.800000 29.611910 15.976554 7.514940 2.242555 -0.913575 -2.855925 -6.680867 -9.885141 -11.810543 27.964881 19.751134 11.045714 6.498535 -1.228109 7.180198
