web/models/kne/16/Metzger_0.030838_0.418966_0.450000.dat
# %ECSV 0.9
# ---
# datatype:
# - {name: time, datatype: float64}
# - {name: sdss_u, datatype: float64}
# - {name: sdss_g, datatype: float64}
# - {name: sdss_r, datatype: float64}
# - {name: sdss_i, datatype: float64}
# - {name: sdss_z, datatype: float64}
# - {name: PS1_y, datatype: float64}
# - {name: ukirt_J, datatype: float64}
# - {name: ukirt_H, datatype: float64}
# - {name: ukirt_K, datatype: float64}
# - {name: johnson_U, datatype: float64}
# - {name: johnson_B, datatype: float64}
# - {name: johnson_V, datatype: float64}
# - {name: johnson_R, datatype: float64}
# - {name: johnson_I, datatype: float64}
# - {name: Clear, datatype: float64}
# meta: !!omap
# - comment: [vej = 0.4189655172413793, mej = 0.030838049338899946, Ye = 0.45, redshift = 0.0]
# schema: astropy-2.0
time sdss_u sdss_g sdss_r sdss_i sdss_z PS1_y ukirt_J ukirt_H ukirt_K johnson_U johnson_B johnson_V johnson_R johnson_I Clear
0.100000 nan nan nan nan nan nan nan nan nan nan nan nan nan nan nan
0.150000 nan nan nan nan nan nan nan nan nan nan nan nan nan nan nan
0.200000 -14.816357 -15.416392 -15.620040 -15.638041 -15.587841 -15.525276 -15.298254 -14.926012 -14.531559 -14.901568 -15.277285 -15.556366 -15.631493 -15.579565 -15.624182
0.250000 -14.750424 -15.488220 -15.775916 -15.845058 -15.824838 -15.780461 -15.588717 -15.245849 -14.869595 -14.852333 -15.311143 -15.677404 -15.797318 -15.819521 -15.783339
0.300000 -14.644075 -15.488276 -15.841270 -15.950315 -15.953542 -15.923404 -15.759291 -15.439411 -15.077367 -14.758851 -15.281806 -15.715651 -15.870425 -15.950541 -15.851249
0.350000 -14.549931 -15.466172 -15.863547 -15.999799 -16.019041 -15.998636 -15.853424 -15.549263 -15.196924 -14.673405 -15.239772 -15.719483 -15.897983 -16.017623 -15.875267
0.400000 -14.422282 -15.417119 -15.863062 -16.029164 -16.066006 -16.056308 -15.931895 -15.645031 -15.303362 -14.555234 -15.168953 -15.698796 -15.903287 -16.066329 -15.876690
0.450000 -14.290838 -15.356725 -15.846693 -16.039922 -16.092785 -16.092840 -15.987388 -15.716296 -15.384347 -14.432351 -15.088863 -15.664099 -15.892175 -16.094692 -15.862053
0.500000 -14.159550 -15.289694 -15.819571 -16.037445 -16.104885 -16.113822 -16.025648 -15.768931 -15.445836 -14.308799 -15.004005 -15.620351 -15.869826 -16.108235 -15.836504
0.550000 -13.996791 -15.203025 -15.780265 -16.027451 -16.112254 -16.131781 -16.064225 -15.824666 -15.512134 -14.155194 -14.896212 -15.561299 -15.836190 -16.117325 -15.799066
0.600000 -13.833505 -15.111459 -15.733437 -16.008373 -16.109642 -16.139220 -16.091251 -15.868001 -15.565504 -14.000531 -14.784721 -15.495808 -15.794728 -16.116345 -15.754006
0.650000 -13.670794 -15.016523 -15.680855 -15.982116 -16.099029 -16.138166 -16.108840 -15.901122 -15.608179 -13.845964 -14.670946 -15.425545 -15.747231 -16.107284 -15.703099
0.700000 -13.509395 -14.919317 -15.623827 -15.950107 -16.081908 -16.130151 -16.118600 -15.925699 -15.641870 -13.692275 -14.555888 -15.351736 -15.695034 -16.091641 -15.647663
0.750000 -13.306854 -14.798039 -15.553494 -15.911556 -16.062300 -16.122140 -16.133250 -15.959256 -15.687052 -13.499490 -14.412000 -15.260113 -15.630832 -16.073915 -15.579348
0.800000 -13.147572 -14.697161 -15.489279 -15.870254 -16.034676 -16.102896 -16.130400 -15.970094 -15.706307 -13.347217 -14.294865 -15.180568 -15.571035 -16.047650 -15.516588
0.850000 -12.943487 -14.570163 -15.410731 -15.822034 -16.004584 -16.083923 -16.133197 -15.991084 -15.738485 -13.152380 -14.146403 -15.081753 -15.498331 -16.019361 -15.439965
0.900000 -12.787712 -14.467823 -15.342011 -15.774390 -15.969552 -16.056635 -16.121085 -15.991668 -15.746875 -13.003015 -14.029181 -14.998964 -15.433670 -15.985585 -15.372581
0.950000 -12.583443 -14.337086 -15.257581 -15.719027 -15.931608 -16.029392 -16.114838 -16.003000 -15.769020 -12.807564 -13.877960 -14.895150 -15.354835 -15.949374 -15.289994
1.000000 -12.378287 -14.204165 -15.170195 -15.660264 -15.890020 -15.998366 -16.104560 -16.010112 -15.786830 -12.611068 -13.724911 -14.788694 -15.272954 -15.909497 -15.204420
1.050000 -12.172486 -14.069386 -15.080224 -15.598496 -15.845196 -15.963974 -16.090678 -16.013443 -15.800755 -12.413780 -13.570337 -14.679952 -15.188405 -15.866363 -15.116233
1.100000 -12.024524 -13.966957 -15.006538 -15.542921 -15.800513 -15.926001 -16.065912 -15.999770 -15.793912 -12.271276 -13.455216 -14.594222 -15.118201 -15.822767 -15.043694
1.150000 -11.820269 -13.830924 -14.913596 -15.477154 -15.751104 -15.886677 -16.046455 -15.997019 -15.801448 -12.075197 -13.300164 -14.483219 -15.030479 -15.774991 -14.952470
1.200000 -11.615921 -13.693774 -14.818916 -15.409284 -15.699391 -15.844933 -16.024370 -15.991485 -15.806112 -11.878901 -13.144278 -14.370734 -14.940947 -15.724891 -14.859484
1.250000 -11.411643 -13.555714 -14.722726 -15.339551 -15.645619 -15.801017 -15.999910 -15.983425 -15.808161 -11.682558 -12.987753 -14.256986 -14.849835 -15.672713 -14.764965
1.300000 -11.207590 -13.416931 -14.625233 -15.268172 -15.590007 -15.755150 -15.973301 -15.973067 -15.807827 -11.486324 -12.830767 -14.142175 -14.757353 -15.618678 -14.669121
1.350000 -10.934894 -13.235722 -14.501928 -15.181522 -15.525514 -15.704362 -15.949630 -15.972314 -15.821221 -11.224588 -12.624042 -13.994579 -14.641078 -15.556400 -14.548129
1.400000 -10.729653 -13.094474 -14.401198 -15.106464 -15.465989 -15.654454 -15.918772 -15.957582 -15.816449 -11.027013 -12.464944 -13.876847 -14.545270 -15.498430 -14.449019
1.450000 -10.525072 -12.953004 -14.299701 -15.030309 -15.405181 -15.603154 -15.886323 -15.941109 -15.809851 -10.829992 -12.305870 -13.758576 -14.448630 -15.439159 -14.349121
1.500000 -10.321273 -12.811452 -14.197584 -14.953208 -15.343241 -15.550611 -15.852432 -15.923045 -15.801577 -10.633648 -12.146953 -13.639907 -14.351307 -15.378736 -14.248581
1.550000 -10.118372 -12.669946 -14.094983 -14.875300 -15.280307 -15.496967 -15.817240 -15.903529 -15.791764 -10.438101 -11.988319 -13.520975 -14.253436 -15.317304 -14.147536
1.600000 -9.916481 -12.528608 -13.992025 -14.796714 -15.216510 -15.442349 -15.780872 -15.882685 -15.780536 -10.243463 -11.830088 -13.401905 -14.155146 -15.254989 -14.046114
1.650000 -9.633792 -12.336112 -13.856708 -14.697726 -15.139585 -15.379126 -15.744922 -15.869968 -15.782224 -9.971577 -11.612428 -13.242581 -14.026784 -15.180276 -13.913085
1.700000 -9.432328 -12.194033 -13.752284 -14.617239 -15.073645 -15.322228 -15.706036 -15.846450 -15.768243 -9.777225 -11.453781 -13.122346 -13.926943 -15.115795 -13.810169
1.750000 -9.232208 -12.052467 -13.647852 -14.536421 -15.007186 -15.264697 -15.666307 -15.821926 -15.753163 -9.584117 -11.295877 -13.002321 -13.827030 -15.050777 -13.707224
1.800000 -8.944930 -11.855116 -13.507538 -14.432394 -14.925235 -15.196483 -15.625509 -15.804578 -15.750395 -9.307609 -11.073435 -12.838053 -13.693660 -14.971043 -13.569194
1.850000 -8.745929 -11.713493 -13.402313 -14.350334 -14.857277 -15.137303 -15.583867 -15.777960 -15.733126 -9.115480 -10.915802 -12.717541 -13.592867 -14.904501 -13.465427
1.900000 -8.548567 -11.572677 -13.297371 -14.268229 -14.789080 -15.077769 -15.541649 -15.750591 -15.715007 -8.924889 -10.759208 -12.597532 -13.492293 -14.837701 -13.361922
1.950000 -8.257789 -11.371503 -13.153048 -14.160109 -14.703019 -15.005453 -15.496836 -15.729397 -15.708540 -8.644842 -10.533032 -12.429329 -13.354894 -14.753857 -13.219876
2.000000 -8.062166 -11.231222 -13.047883 -14.077313 -14.633858 -14.944794 -15.453200 -15.700401 -15.688681 -8.455847 -10.377308 -12.309413 -13.254006 -14.686067 -13.116119
2.050000 -7.868441 -11.091999 -12.943245 -13.994710 -14.564692 -14.884007 -15.409205 -15.670860 -15.668170 -8.268648 -10.222877 -12.190247 -13.153582 -14.618251 -13.012867
2.100000 -7.575151 -10.887911 -12.795766 -13.883305 -14.475294 -14.808340 -15.361073 -15.646462 -15.658614 -7.986041 -9.993898 -12.018986 -13.012999 -14.531066 -12.867656
2.150000 -7.383715 -10.749736 -12.691393 -13.800477 -14.405614 -14.746868 -15.316071 -15.615675 -15.636727 -7.800983 -9.840861 -11.900413 -12.912745 -14.462709 -12.764638
2.200000 -7.088295 -10.543447 -12.541674 -13.686823 -14.313977 -14.668978 -15.265791 -15.589256 -15.625262 -7.516237 -9.609700 -11.726928 -12.769920 -14.373288 -12.617187
2.250000 -6.899493 -10.406634 -12.437859 -13.604049 -14.244051 -14.607078 -15.220021 -15.557442 -15.602205 -7.333661 -9.458380 -11.609249 -12.670127 -14.304655 -12.514695
2.300000 -6.602316 -10.198476 -12.286205 -13.488429 -14.150443 -14.527225 -15.167827 -15.529211 -15.589025 -7.047144 -9.225381 -11.433856 -12.525359 -14.213262 -12.365306
2.350000 -6.302955 -9.988433 -12.132859 -13.371246 -14.055358 -14.445953 -15.114357 -15.499863 -15.574850 -6.758479 -8.990414 -11.256688 -12.378924 -14.120402 -12.214233
2.400000 -6.001491 -9.776577 -11.977885 -13.252559 -13.958851 -14.363317 -15.059659 -15.469441 -15.559718 -6.467746 -8.753553 -11.077814 -12.230883 -14.026129 -12.061539
2.450000 -5.698004 -9.562977 -11.821345 -13.132425 -13.860977 -14.279368 -15.003778 -15.437984 -15.543665 -6.175023 -8.514870 -10.897299 -12.081299 -13.930497 -11.907287
2.500000 -5.392568 -9.347697 -11.663299 -13.010900 -13.761787 -14.194155 -14.946757 -15.405529 -15.526727 -5.880383 -8.274432 -10.715205 -11.930231 -13.833557 -11.751536
2.550000 -5.085259 -9.130804 -11.503805 -12.888037 -13.661331 -14.107726 -14.888638 -15.372112 -15.508935 -5.583901 -8.032308 -10.531592 -11.777734 -13.735359 -11.594344
2.600000 -4.776147 -8.912358 -11.342918 -12.763886 -13.559656 -14.020125 -14.829459 -15.337768 -15.490321 -5.285647 -7.788561 -10.346519 -11.623865 -13.635949 -11.435765
2.650000 -4.465302 -8.692419 -11.180691 -12.638496 -13.456808 -13.931396 -14.769261 -15.302529 -15.470914 -4.985688 -7.543255 -10.160042 -11.468674 -13.535374 -11.275853
2.700000 -4.152792 -8.471045 -11.017177 -12.511914 -13.352832 -13.841580 -14.708078 -15.266427 -15.450742 -4.684092 -7.296448 -9.972214 -11.312214 -13.433676 -11.114658
2.750000 -3.838681 -8.248291 -10.852423 -12.384185 -13.247769 -13.750719 -14.645946 -15.229491 -15.429831 -4.380921 -7.048201 -9.783089 -11.154532 -13.330898 -10.952230
2.800000 -3.523032 -8.024211 -10.686478 -12.255354 -13.141660 -13.658851 -14.582899 -15.191750 -15.408207 -4.076237 -6.798568 -9.592715 -10.995676 -13.227080 -10.788617
2.850000 -3.205907 -7.798856 -10.519388 -12.125461 -13.034543 -13.566012 -14.518969 -15.153231 -15.385895 -3.770102 -6.547605 -9.401142 -10.835690 -13.122261 -10.623864
2.900000 -2.887364 -7.572278 -10.351197 -11.994547 -12.926458 -13.472238 -14.454188 -15.113962 -15.362917 -3.462572 -6.295364 -9.208415 -10.674618 -13.016478 -10.458014
2.950000 -2.567461 -7.344524 -10.181947 -11.862651 -12.817439 -13.377565 -14.388585 -15.073966 -15.339295 -3.153704 -6.041895 -9.014581 -10.512503 -12.909767 -10.291111
3.000000 -2.246253 -7.115640 -10.011680 -11.729811 -12.707523 -13.282024 -14.322189 -15.033268 -15.315051 -2.843551 -5.787247 -8.819683 -10.349383 -12.802163 -10.123195
3.050000 -1.923793 -6.885672 -9.840435 -11.596061 -12.596741 -13.185648 -14.255029 -14.991892 -15.290204 -2.532167 -5.531469 -8.623761 -10.185299 -12.693698 -9.954305
3.100000 -1.600132 -6.654664 -9.668250 -11.461438 -12.485127 -13.088468 -14.187129 -14.949859 -15.264775 -2.219602 -5.274606 -8.426858 -10.020287 -12.584405 -9.784479
3.150000 -1.275322 -6.422656 -9.495162 -11.325973 -12.372711 -12.990512 -14.118517 -14.907192 -15.238782 -1.905905 -5.016701 -8.229011 -9.854384 -12.474315 -9.613755
3.200000 -0.949410 -6.189689 -9.321207 -11.189699 -12.259524 -12.891809 -14.049218 -14.863911 -15.212242 -1.591123 -4.757797 -8.030258 -9.687625 -12.363457 -9.442166
3.250000 -0.622443 -5.955803 -9.146418 -11.052648 -12.145594 -12.792388 -13.979254 -14.820035 -15.185173 -1.275302 -4.497936 -7.830635 -9.520043 -12.251861 -9.269748
3.300000 -0.294465 -5.721034 -8.970828 -10.914848 -12.030949 -12.692273 -13.908649 -14.775585 -15.157590 -0.958487 -4.237157 -7.630177 -9.351669 -12.139552 -9.096531
3.350000 0.034479 -5.485420 -8.794470 -10.776328 -11.915616 -12.591490 -13.837426 -14.730578 -15.129511 -0.640719 -3.975499 -7.428918 -9.182537 -12.026559 -8.922549
3.400000 0.364347 -5.248995 -8.617373 -10.637117 -11.799620 -12.490065 -13.765605 -14.685033 -15.100950 -0.322040 -3.712998 -7.226890 -9.012674 -11.912905 -8.747832
3.450000 0.695099 -5.011793 -8.439567 -10.497240 -11.682986 -12.388019 -13.693207 -14.638967 -15.071922 -0.002491 -3.449691 -7.024125 -8.842111 -11.798617 -8.572408
3.500000 1.026696 -4.773847 -8.261080 -10.356724 -11.565738 -12.285377 -13.620253 -14.592395 -15.042441 0.317891 -3.185611 -6.820652 -8.670875 -11.683718 -8.396306
3.550000 1.359100 -4.535189 -8.081940 -10.215593 -11.447900 -12.182159 -13.546760 -14.545335 -15.012519 0.639069 -2.920792 -6.616501 -8.498994 -11.568230 -8.219554
3.600000 1.692273 -4.295847 -7.902173 -10.073871 -11.329493 -12.078388 -13.472748 -14.497802 -14.982172 0.961005 -2.655267 -6.411700 -8.326492 -11.452176 -8.042176
3.650000 2.026181 -4.055853 -7.721805 -9.931580 -11.210538 -11.974083 -13.398235 -14.449810 -14.951410 1.283667 -2.389065 -6.206276 -8.153395 -11.335577 -7.864200
3.700000 2.360790 -3.815233 -7.540860 -9.788744 -11.091057 -11.869264 -13.323237 -14.401373 -14.920247 1.607021 -2.122218 -6.000254 -7.979727 -11.218453 -7.685648
3.750000 2.696066 -3.574017 -7.359362 -9.645382 -10.971068 -11.763949 -13.247772 -14.352507 -14.888693 1.931033 -1.854753 -5.793661 -7.805511 -11.100824 -7.506545
3.800000 3.031978 -3.332228 -7.177333 -9.501517 -10.850592 -11.658158 -13.171855 -14.303224 -14.856761 2.255674 -1.586699 -5.586520 -7.630770 -10.982709 -7.326913
3.850000 3.368494 -3.089894 -6.994796 -9.357167 -10.729647 -11.551907 -13.095502 -14.253537 -14.824460 2.580912 -1.318083 -5.378855 -7.455525 -10.864126 -7.146775
3.900000 3.705587 -2.847038 -6.811772 -9.212352 -10.608251 -11.445214 -13.018727 -14.203458 -14.791803 2.906720 -1.048930 -5.170688 -7.279797 -10.745093 -6.966150
3.950000 4.043226 -2.603685 -6.628281 -9.067091 -10.486420 -11.338094 -12.941546 -14.153001 -14.758798 3.233068 -0.779265 -4.962042 -7.103606 -10.625627 -6.785061
4.000000 4.381384 -2.359856 -6.444344 -8.921400 -10.364171 -11.230564 -12.863972 -14.102176 -14.725456 3.559930 -0.509114 -4.752936 -6.926972 -10.505745 -6.603525
4.050000 4.720035 -2.115575 -6.259978 -8.775298 -10.241520 -11.122639 -12.786018 -14.050994 -14.691786 3.887280 -0.238498 -4.543393 -6.749913 -10.385462 -6.421562
4.100000 5.059153 -1.870861 -6.075203 -8.628800 -10.118484 -11.014334 -12.707697 -13.999468 -14.657798 4.215093 0.032560 -4.333430 -6.572447 -10.264793 -6.239191
4.150000 5.398713 -1.625737 -5.890036 -8.481923 -9.995075 -10.905662 -12.629023 -13.947607 -14.623500 4.543345 0.304037 -4.123068 -6.394592 -10.143754 -6.056429
4.200000 5.738691 -1.380220 -5.704494 -8.334683 -9.871310 -10.796637 -12.550007 -13.895421 -14.588901 4.872011 0.575913 -3.912323 -6.216364 -10.022358 -5.873293
4.250000 6.079064 -1.134332 -5.518594 -8.187093 -9.747201 -10.687272 -12.470660 -13.842922 -14.554010 5.201069 0.848168 -3.701215 -6.037779 -9.900619 -5.689799
4.300000 6.419810 -0.888089 -5.332352 -8.039168 -9.622762 -10.577581 -12.390995 -13.790117 -14.518834 5.530498 1.120783 -3.489759 -5.858854 -9.778551 -5.505963
4.350000 6.760907 -0.641510 -5.145783 -7.890923 -9.498006 -10.467575 -12.311021 -13.737016 -14.483381 5.860277 1.393738 -3.277972 -5.679603 -9.656166 -5.321801
4.400000 7.102335 -0.394611 -4.958902 -7.742370 -9.372945 -10.357267 -12.230750 -13.683630 -14.447659 6.190385 1.667015 -3.065870 -5.500040 -9.533477 -5.137327
4.450000 7.444073 -0.147410 -4.771722 -7.593522 -9.247592 -10.246667 -12.150192 -13.629965 -14.411676 6.520802 1.940597 -2.853469 -5.320181 -9.410496 -4.952555
4.500000 7.786103 0.100078 -4.584259 -7.444392 -9.121958 -10.135787 -12.069356 -13.576031 -14.375438 6.851510 2.214468 -2.640782 -5.140038 -9.287233 -4.767500
4.550000 8.128405 0.347838 -4.396526 -7.294992 -8.996054 -10.024637 -11.988252 -13.521835 -14.338952 7.182490 2.488610 -2.427824 -4.959624 -9.163701 -4.582174
4.600000 8.470961 0.595854 -4.208534 -7.145333 -8.869890 -9.913228 -11.906889 -13.467386 -14.302225 7.513726 2.763008 -2.214608 -4.778952 -9.039909 -4.396589
4.650000 8.813755 0.844112 -4.020297 -6.995427 -8.743479 -9.801570 -11.825277 -13.412691 -14.265264 7.845199 3.037647 -2.001149 -4.598034 -8.915869 -4.210760
4.700000 9.156770 1.092599 -3.831826 -6.845284 -8.616828 -9.689672 -11.743423 -13.357758 -14.228075 8.176894 3.312512 -1.787458 -4.416882 -8.791590 -4.024696
4.750000 9.499989 1.341301 -3.643134 -6.694915 -8.489949 -9.577544 -11.661336 -13.302594 -14.190664 8.508795 3.587590 -1.573548 -4.235508 -8.667082 -3.838411
4.800000 9.843397 1.590206 -3.454230 -6.544330 -8.362850 -9.465194 -11.579025 -13.247206 -14.153036 8.840886 3.862866 -1.359431 -4.053921 -8.542354 -3.651914
4.850000 10.186979 1.839300 -3.265127 -6.393538 -8.235541 -9.352631 -11.496496 -13.191600 -14.115198 9.173153 4.138328 -1.145118 -3.872134 -8.417415 -3.465217
