web/models/kne/16/mosfit_kn_0.014776_0.2807_10.0000.dat
# %ECSV 1.0
# ---
# datatype:
# - {name: time, datatype: float64}
# - {name: PS1_g, datatype: float64}
# - {name: PS1_i, datatype: float64}
# - {name: PS1_r, datatype: float64}
# - {name: PS1_w, datatype: float64}
# - {name: PS1_y, datatype: float64}
# - {name: PS1_z, datatype: float64}
# - {name: swift_uvot_B, datatype: float64}
# - {name: swift_uvot_U, datatype: float64}
# - {name: swift_uvot_uvm2, datatype: float64}
# - {name: swift_uvot_uvw1, datatype: float64}
# - {name: swift_uvot_uvw2, datatype: float64}
# - {name: swift_uvot_V, datatype: float64}
# - {name: johnson_B, datatype: float64}
# - {name: johnson_I, datatype: float64}
# - {name: johnson_R, datatype: float64}
# - {name: johnson_U, datatype: float64}
# - {name: johnson_V, datatype: float64}
# - {name: sdss_g, datatype: float64}
# - {name: sdss_i, datatype: float64}
# - {name: sdss_r, datatype: float64}
# - {name: sdss_u, datatype: float64}
# - {name: sdss_z, datatype: float64}
# - {name: ATLAS_c, datatype: float64}
# - {name: ATLAS_o, datatype: float64}
# - {name: ukirt_H, datatype: float64}
# - {name: ukirt_J, datatype: float64}
# - {name: ukirt_K, datatype: float64}
# - {name: Clear, datatype: float64}
# meta: !!omap
# - comment: [kappa = 10.0, type = rprocess, mass = 0.014775890654408853, velocity = 0.2806666666666667, theta_obs = 0.0, tfloor = 1000.0]
# schema: astropy-2.0
time PS1_g PS1_i PS1_r PS1_w PS1_y PS1_z swift_uvot_B swift_uvot_U swift_uvot_uvm2 swift_uvot_uvw1 swift_uvot_uvw2 swift_uvot_V johnson_B johnson_I johnson_R johnson_U johnson_V sdss_g sdss_i sdss_r sdss_u sdss_z ATLAS_c ATLAS_o ukirt_H ukirt_J ukirt_K Clear
[from data line 261]
15.751503006012024 9.120592507255694 0.2387636940564164 3.7138344720942484 1.7459106605902797 -3.2844263544688523 -1.8667503896217141 12.66049908382018 19.319443181715094 33.20803848574426 15.28502571378965 17.798042220269302 7.080109200126478 11.45656176685399 -1.3147496123655342 1.6552831543594657 18.28844200246334 6.1250868649577255 9.93313260857013 0.3200196461694027 3.9423231315906904 19.820548711889927 -2.440178001643716 5.69291104183689 1.2404985172271132 -8.233413732384347 -6.083924436894657 -9.59370241285752 -0.5399833831710765
15.811623246492985 9.131000290876923 0.24917147767764547 3.7242422557154953 1.7563184442115087 -3.2740185708476233 -1.856342606000485 12.67090686744141 19.32985096533633 33.2184462693655 15.29543349741088 17.80845000389053 7.090516983747707 11.46696955047522 -1.3043418287443052 1.6656909379806948 18.29884978608457 6.135494648578972 9.943540392191377 0.3304274297906318 3.9527309152119194 19.830956495511156 -2.4297702180224867 5.703318825458137 1.2509063008483423 -8.2230059487631 -6.07351665327341 -9.58329462923629 -0.5295755995498475
15.871743486973948 9.141358340467196 0.259529527267901 3.734600305305751 1.7666764938017643 -3.26366052125735 -1.8459845564102295 12.681264917031665 19.340209014926586 33.22880431895576 15.305791547001135 17.818808053480787 7.100875033337981 11.477327600065475 -1.2939837791540496 1.6760489875709503 18.309207835674844 6.145852698169228 9.953898441781632 0.3407854793809051 3.963088964802175 19.84131454510141 -2.4194121684322134 5.713676875048392 1.2612643504386156 -8.212647899172845 -6.063158603683155 -9.572936579646017 -0.5192175499595741
15.931863727454909 9.151667785429698 0.26983897223042064 3.7449097502682527 1.7769859387642661 -3.253351076294848 -1.83567511144771 12.691574361994185 19.350518459889095 33.23911376391827 15.316100991963655 17.829117498443306 7.1111844783004825 11.487637045027977 -1.28367433419153 1.6863584325334522 18.319517280637346 6.15616214313173 9.964207886744134 0.35109492434340694 3.9733984097646946 19.851623990063914 -2.4091027234697115 5.723986320010894 1.2715737954011175 -8.202338454210343 -6.052849158720653 -9.562627134683515 -0.5089081049970723
15.991983967935871 9.161929702718101 0.28010088951882395 3.755171667556656 1.7872478560526694 -3.243089159006445 -1.8254131941593066 12.701836279282588 19.3607803771775 33.24937568120667 15.326362909252058 17.83937941573171 7.121446395588886 11.49789896231638 -1.2734124169031267 1.6966203498218555 18.32977919792575 6.166424060420133 9.974469804032537 0.36135684163181025 3.983660327053098 19.861885907352317 -2.3988408061813082 5.734248237299298 1.2818357126895208 -8.19207653692194 -6.0425872414322495 -9.552365217395112 -0.498646187708669
16.052104208416832 9.17214487785241 0.2903160646531333 3.7653868426909654 1.7974630311869966 -3.2328739838721354 -1.8151980190249972 12.712051454416898 19.37099555231181 33.259590856340985 15.336578084386367 17.84959459086602 7.131661570723195 11.508114137450708 -1.2631972417688173 1.7068355249561826 18.33999437306006 6.176639235554442 9.984684979166847 0.3715720167661196 3.9938755021874073 19.872101082486644 -2.388625631046999 5.744463412433625 1.2920508878238302 -8.18186136178763 -6.03237206629794 -9.542150042260802 -0.4884310125743596
16.112224448897795 9.182314415619732 0.30048560242045497 3.775556380458287 1.8076325689543182 -3.2227044461048138 -1.8050284812576756 12.72222099218422 19.38116509007913 33.2697603941083 15.34674762215369 17.85976412863334 7.141831108490517 11.51828367521803 -1.2530277040014957 1.7170050627235043 18.35016391082738 6.186808773321764 9.994854516934186 0.3817415545334413 4.004045039954729 19.882270620253966 -2.378456093279677 5.754632950200946 1.3022204255911518 -8.171691824020309 -6.022202528530618 -9.53198050449348 -0.47826147480703796
16.172344689378757 9.19243923187425 0.3106104186749725 3.7856811967128223 1.8177573852088358 -3.212579629850296 -1.794903665003158 12.732345808438737 19.391289906333647 33.27988521036283 15.356872438408207 17.869888944887858 7.151955924745034 11.528408491472547 -1.242902887746978 1.7271298789780218 18.360288727081898 6.196933589576299 10.004979333188704 0.39186637078795883 4.0141698562092465 19.892395436508483 -2.3683312770251597 5.764757766455464 1.3123452418456694 -8.161567007765774 -6.012077712276083 -9.521855688238963 -0.4681366585525204
16.23246492985972 9.202520290672158 0.32069147747288085 3.7957622555107307 1.8278384440067441 -3.20249857105237 -1.7848226062052497 12.742426867236645 19.401370965131566 33.289966269160736 15.366953497206115 17.879970003685766 7.1620369835429605 11.538489550270455 -1.2328218289490698 1.7372109377759302 18.370369785879824 6.207014648374208 10.015060391986612 0.40194742958586716 4.024250915007155 19.90247649530639 -2.3582502182272513 5.774838825253372 1.3224263006435777 -8.151485948967865 -6.001996653478175 -9.511774629441055 -0.4580555997546121
16.29258517034068 9.21255848529043 0.33072967209115234 3.805800450129002 1.8378766386250156 -3.1924603764340986 -1.7747844115869782 12.752465061854917 19.411409159749837 33.30000446377901 15.376991691824387 17.890008198304038 7.172075178161232 11.548527744888727 -1.2227836343307983 1.7472491323942017 18.380407980498095 6.217052842992479 10.025098586604884 0.4119856242041564 4.034289109625426 19.912514689924663 -2.348212023608962 5.784877019871644 1.3324644952618492 -8.141447754349594 -5.991958458859903 -9.501736434822766 -0.4480174051363228
16.352705410821642 9.22255451594495 0.34072570274567227 3.815796480783522 1.8478726692795355 -3.1824643457795787 -1.7647883809324583 12.762461092509437 19.421405190404357 33.31000049443353 15.386987722478906 17.900004228958558 7.182071208815752 11.558523775543247 -1.2127876036762784 1.7572451630487216 18.390404011152615 6.227048873646999 10.035094617259404 0.42198165485867634 4.044285140279946 19.922510720579183 -2.338215992954442 5.794873050526164 1.342460525916369 -8.131451723695074 -5.981962428205383 -9.491740404168246 -0.4380213744818029
16.412825651302605 9.232509485540845 0.3506806723415501 3.8257514503794 1.8578276388754134 -3.172509376183701 -1.7548334113365804 12.772416062105314 19.431360160000235 33.31995546402941 15.396942692074802 17.909959198554436 7.19202617841163 11.568478745139124 -1.2028326340804005 1.7672001326445994 18.400358980748493 6.237003843242877 10.045049586855281 0.43193662445455416 4.054240109875842 19.93246569017506 -2.3282610233585643 5.8048280201220415 1.3524154955122647 -8.121496754099196 -5.9720074586095055 -9.481785434572368 -0.42806640488592507
16.472945891783567 9.242424022645395 0.3605952094460996 3.8356659874839494 1.8677421759799628 -3.1625948390791514 -1.744918874232031 12.782330599209864 19.441274697104785 33.32987000113396 15.406857229179352 17.919873735658985 7.201940715516179 11.578393282243674 -1.192918096975851 1.777114669749149 18.410273517853042 6.246918380347426 10.05496412395983 0.44185116155910364 4.064154646980391 19.94238022727961 -2.318346486254015 5.814742557226591 1.3623300326168142 -8.111582216994647 -5.962092921504956 -9.471870897467818 -0.4181518677813756
16.53306613226453 9.252299006183016 0.3704701929837384 3.845540971021588 1.8776171595176017 -3.1527198555415126 -1.7350438906943921 12.792205582747503 19.451149680642423 33.3397449846716 15.416732212716973 17.929748719196624 7.211815699053818 11.588268265781313 -1.1830431134382122 1.7869896532867877 18.42014850139068 6.256793363885065 10.06483910749747 0.4517261450967247 4.074029630518012 19.95225521081725 -2.308471502716394 5.82461754076423 1.3722050161544352 -8.101707233457008 -5.952217937967317 -9.461995913930197 -0.40827688424373676
16.59318637274549 9.262135211309026 0.38030639810974876 3.8553771761475986 1.887453364643612 -3.142883650415502 -1.7252076855683818 12.802041787873513 19.460985885768434 33.349581189797604 15.426568417842983 17.939584924322634 7.221651904179811 11.598104470907323 -1.1732069083122019 1.796825858412798 18.42998470651669 6.266629569011076 10.07467531262348 0.46156235022273506 4.083865835644023 19.96209141594326 -2.2986352975903834 5.83445374589024 1.3820412212804456 -8.091871028330997 -5.942381732841307 -9.452159708804187 -0.39844067911774417
16.65330661322645 9.271933297822077 0.3901044846227997 3.8651752626606317 1.897251451156663 -3.133085563902469 -1.7154095990553309 12.811839874386564 19.470783972281474 33.35937927631065 15.436366504356034 17.949383010835685 7.2314499906928615 11.607902557420374 -1.163408821799151 1.806623944925849 18.439782793029725 6.276427655524109 10.084473399136513 0.471360436735786 4.093663922157074 19.97188950245631 -2.2888372110773325 5.844251832403291 1.3918393077934965 -8.082072941817964 -5.932583646328274 -9.442361622291136 -0.38864259260469325
16.713426853707414 9.28169408068193 0.39986526748265305 3.874936045520485 1.9070122340165163 -3.1233247810426157 -1.7056488161954775 12.821600657246417 19.48054475514133 33.3691400591705 15.446127287215887 17.95914379369554 7.241210773552715 11.617663340280227 -1.1536480389392976 1.8163847277857024 18.449543575889578 6.286188438383962 10.094234181996384 0.48112121959563936 4.103424705016927 19.981650285316164 -2.279076428217479 5.854012615263144 1.40160009065335 -8.07231215895811 -5.92282286346842 -9.432600839431283 -0.37888180974483987
16.773547094188377 9.29141833904282 0.40958952584354336 3.8846603038813754 1.9167364923774066 -3.1136005226817254 -1.6959245578345872 12.831324915607308 19.49026901350222 33.3788643175314 15.455851545576778 17.96886805205643 7.250935031913605 11.627387598641118 -1.1439237805784073 1.8261089861465927 18.45926783425047 6.295912696744852 10.103958440357275 0.49084547795652966 4.113148963377817 19.991374543677054 -2.269352169856589 5.863736873624035 1.4113243490142402 -8.06258790059722 -5.91309860510753 -9.422876581070392 -0.36915755138394957
16.83366733466934 9.301106729547346 0.41927791634806866 3.8943486943859185 1.926424882881932 -3.1039121321771823 -1.6862361673300619 12.841013306111833 19.499957404006754 33.388552708035924 15.465539936081303 17.978556442560954 7.260623422418148 11.637075989145643 -1.134235390073882 1.835797376651118 18.46895622475501 6.3056010872493955 10.1136468308618 0.500533868461055 4.122837353882343 20.00106293418158 -2.2596637793520635 5.87342526412856 1.4210127395187655 -8.052899510092677 -5.903410214602987 -9.413188190565867 -0.3594691608794065
16.8937875751503 9.310759802446231 0.4289309892469362 3.904001767284786 1.9360779557807994 -3.094259059278315 -1.6765830944311944 12.8506663790107 19.50961047690562 33.398205780934795 15.47519300898017 17.988209515459822 7.270276495317016 11.64672906204451 -1.1245823171750144 1.8454504495499855 18.47860929765388 6.315254160148263 10.123299903760667 0.5101869413599402 4.13249042678121 20.010716007080447 -2.2500107064531782 5.8830783370274276 1.4306658124176508 -8.04324643719381 -5.8937571417041195 -9.403535117666982 -0.349816087980539
16.95390781563126 9.32037822972255 0.43854941652327284 3.9136201945611226 1.945696383057136 -3.084640632001978 -1.6669646671548577 12.860284806287037 19.519228904181958 33.40782420821113 15.484811436256507 17.99782794273616 7.2798949225933525 11.656347489320847 -1.1149638898986778 1.8550688768263222 18.488227724930216 6.3248725874246 10.132918331037004 0.5198053686362591 4.142108854057547 20.020334434356784 -2.2403922791768416 5.892696764303764 1.4402842396939697 -8.033628009917473 -5.884138714427783 -9.393916690390645 -0.3401976607042023
17.014028056112224 9.329962699246046 0.44813388604676874 3.9232046640846185 1.955280852580632 -3.0750561624784822 -1.6573801976313618 12.869869275810533 19.528813373705454 33.41740867773463 15.494395905780003 18.007412412259654 7.289479392116848 11.665931958844343 -1.1053794203751819 1.864653346349818 18.49781219445371 6.334457056948096 10.1425028005605 0.529389838159755 4.151693323581043 20.02991890388028 -2.2308078096533634 5.90228123382726 1.4498687092174656 -8.024043540393977 -5.874554244904287 -9.384332220867167 -0.3306131911807064
17.074148296593187 9.33951391919802 0.45768510599872414 3.932755884036574 1.9648320725325874 -3.065504942526527 -1.6478289776793886 12.879420495762506 19.53836459365742 33.426959897686594 15.503947125731976 18.016963632211628 7.299030612068804 11.675483178796298 -1.0958282004232087 1.8742045663017735 18.507363414405667 6.344008276900051 10.152054020512455 0.5389410581117282 4.161244543533016 20.039470123832235 -2.2212565897013903 5.9118324537792155 1.4594199291694387 -8.014492320442022 -5.8650030249523315 -9.374781000915194 -0.321061971228751
17.13426853707415 9.349032496862364 0.4672036836630866 3.9422744617009187 1.9743506501969321 -3.055986364862182 -1.638310400015044 12.888939073426851 19.547883171321764 33.43647847535093 15.51346570339632 18.026482209875972 7.3085491897331485 11.685001756460661 -1.086309622758864 1.883723143966136 18.51688199207001 6.353526854564396 10.1615725981768 0.5484596357760729 4.170763121197361 20.04898870149658 -2.2117380120370456 5.92135103144356 1.4689385068337835 -8.004973742777677 -5.855484447287987 -9.365262423250849 -0.3115433935644063
17.19438877755511 9.358518908482054 0.4766900952827591 3.951760873320609 1.9838370618166223 -3.046499953242492 -1.6288239883953715 12.898425485046523 19.557369582941444 33.44596488697062 15.522952115016011 18.035968621495645 7.318035601352839 11.694488168080333 -1.0768232111391915 1.8932095555858084 18.526368403689702 6.363013266184086 10.17105900979649 0.5579460473957631 4.180249532817033 20.05847511311627 -2.2022516004173553 5.9308374430632504 1.4784249184534737 -7.995487331157988 -5.845998035668297 -9.355776011631159 -0.3020569819447161
17.25450901803607 9.36797368608664 0.48614487288736186 3.961215650925194 1.9932918394212251 -3.037045175637907 -1.6193692107907687 12.907880262651126 19.566824360546036 33.45541966457522 15.532406892620596 18.045423399100248 7.327490378957424 11.703942945684936 -1.0673684335345888 1.9026643331904112 18.535823181294287 6.372468043788671 10.180513787401093 0.5674008250003482 4.189704310421636 20.067929890720873 -2.1927968228127703 5.940292220667853 1.4878796960580587 -7.986032553553403 -5.8365432580637115 -9.346321234026574 -0.29260220434013107
17.314629258517034 9.37739741941142 0.4955686062121245 3.9706393842499743 2.0027155727459878 -3.0276214423131265 -1.609945477466006 12.917303995975889 19.57624809387081 33.46484339789999 15.541830625945376 18.05484713242501 7.336914112282204 11.713366679009699 -1.0579447002098261 1.9120880665151738 18.545246914619067 6.381891777113451 10.189937520725856 0.5768245583251286 4.199128043746416 20.077353624045635 -2.18337308948799 5.949715953992616 1.4973034293828391 -7.9766088202286225 -5.827119524738931 -9.336897500701793 -0.28317847101535065
17.374749498997996 9.386790706808679 0.5049618936094014 3.980032671647251 2.0121088601432646 -3.0182281549158496 -1.6005521900687292 12.926697283373166 19.585641381268086 33.47423668529726 15.551223913342636 18.064240419822287 7.346307399679481 11.722759966406976 -1.0485514128125493 1.9214813539124507 18.554640202016344 6.391285064510728 10.199330808123133 0.5862178457224054 4.208521331143675 20.086746911442912 -2.173979802090713 5.959109241389893 1.5066967167800982 -7.967215532831346 -5.817726237341654 -9.327504213304517 -0.2737851836180738
17.43486973947896 9.396154178344585 0.5143253651453072 3.9893961431831393 2.0214723316791705 -3.0088646833799615 -1.5911887185328233 12.936060754909072 19.59500485280398 33.483600156833155 15.560587384878541 18.073603891358193 7.355670871215369 11.732123437942882 -1.0391879412766434 1.9308448254483566 18.564003673552232 6.400648536046616 10.20869427965902 0.5955813172582936 4.217884802679581 20.0961103829788 -2.164616330554825 5.968472712925781 1.516060188316004 -7.9578520612954575 -5.808362765805766 -9.318140741768628 -0.2644217120821857
