web/models/kne/16/mosfit_kn_0.001862_0.1553_3.6500.dat
# %ECSV 1.0
# ---
# datatype:
# - {name: time, datatype: float64}
# - {name: PS1_g, datatype: float64}
# - {name: PS1_i, datatype: float64}
# - {name: PS1_r, datatype: float64}
# - {name: PS1_w, datatype: float64}
# - {name: PS1_y, datatype: float64}
# - {name: PS1_z, datatype: float64}
# - {name: swift_uvot_B, datatype: float64}
# - {name: swift_uvot_U, datatype: float64}
# - {name: swift_uvot_uvm2, datatype: float64}
# - {name: swift_uvot_uvw1, datatype: float64}
# - {name: swift_uvot_uvw2, datatype: float64}
# - {name: swift_uvot_V, datatype: float64}
# - {name: johnson_B, datatype: float64}
# - {name: johnson_I, datatype: float64}
# - {name: johnson_R, datatype: float64}
# - {name: johnson_U, datatype: float64}
# - {name: johnson_V, datatype: float64}
# - {name: sdss_g, datatype: float64}
# - {name: sdss_i, datatype: float64}
# - {name: sdss_r, datatype: float64}
# - {name: sdss_u, datatype: float64}
# - {name: sdss_z, datatype: float64}
# - {name: ATLAS_c, datatype: float64}
# - {name: ATLAS_o, datatype: float64}
# - {name: ukirt_H, datatype: float64}
# - {name: ukirt_J, datatype: float64}
# - {name: ukirt_K, datatype: float64}
# - {name: Clear, datatype: float64}
# meta: !!omap
# - comment: [kappa = 3.65, type = rprocess, mass = 0.001861645566637777, velocity = 0.15533333333333332, theta_obs = 0.0, tfloor = 1000.0]
# schema: astropy-2.0
time PS1_g PS1_i PS1_r PS1_w PS1_y PS1_z swift_uvot_B swift_uvot_U swift_uvot_uvm2 swift_uvot_uvw1 swift_uvot_uvw2 swift_uvot_V johnson_B johnson_I johnson_R johnson_U johnson_V sdss_g sdss_i sdss_r sdss_u sdss_z ATLAS_c ATLAS_o ukirt_H ukirt_J ukirt_K Clear
[from data line 293]
17.675350701402806 12.210557652870548 3.3287288396712533 6.803799617709103 4.835875806205117 -0.19446120885399765 1.2232147559931228 15.750464229435018 22.40940832732994 36.29800363135911 18.374990859404488 20.888007365884146 10.170074345741334 14.546526912468828 1.7752155332493027 4.745248299974302 21.378407148078196 9.21505201057258 13.023097754184985 3.4099847917842574 7.032288277205527 22.910513857504764 0.6497871439711389 8.782876187451745 4.330463662841968 -5.143448586769494 -2.9939592912798028 -6.5037372672426645 2.549981762443778
17.73547094188377 12.221345076545536 3.3395162633462583 6.81458704138409 4.846663229880104 -0.18367378517901045 1.2340021796681278 15.761251653110023 22.420195751004933 36.308791055034106 18.385778283079492 20.898794789559137 10.180861769416321 14.557314336143833 1.7860029569243077 4.75603572364929 21.389194571753183 9.225839434247566 13.033885177859972 3.4207722154592446 7.043075700880532 22.92130128117976 0.6605745676461261 8.793663611126732 4.341251086516955 -5.1326611630945065 -2.9831718676048156 -6.492949843567677 2.5607691861187654
17.795591182364728 12.232117504643654 3.3502886914443586 6.825359469482208 4.857435657978222 -0.17290135708089238 1.244774607766228 15.772024081208123 22.430968179103044 36.31956348313222 18.39655071117761 20.90956721765725 10.191634197514439 14.568086764241933 1.796775385022408 4.766808151747408 21.3999669998513 9.236611862345685 13.04465760595809 3.4315446435573627 7.05384812897865 22.93207370927787 0.6713469957442442 8.80443603922485 4.352023514615073 -5.121888734996388 -2.9723994395066975 -6.482177415469559 2.5715416142168834
17.85571142284569 12.242876566068706 3.3610477528694283 6.836118530907278 4.8681947194032915 -0.16214229565582272 1.2555336691912977 15.782783142633193 22.441727240528113 36.33032254455728 18.407309772602662 20.92032627908232 10.202393258939509 14.578845825667003 1.8075344464474776 4.777567213172477 21.410726061276364 9.247370923770754 13.05541666738316 3.4423037049824323 7.064607190403702 22.94283277070294 0.6821060571693138 8.81519510064992 4.362782576040125 -5.111129673571319 -2.961640378081628 -6.47141835404449 2.582300675641953
17.915831663326653 12.253617964660624 3.3717891514613463 6.846859929499196 4.8789361179952095 -0.1514008970639047 1.2662750677832157 15.79352454122511 22.45246863912003 36.3410639431492 18.41805117119458 20.93106767767424 10.213134657531427 14.58958722425892 1.8182758450393957 4.788308611764395 21.421467459868282 9.258112322362672 13.066158065975078 3.4530451035743326 7.07534858899562 22.953574169294857 0.6928474557612319 8.825936499241838 4.373523974632043 -5.100388274979401 -2.95089897948971 -6.460676955452572 2.593042074233871
17.975951903807616 12.26434514640264 3.3825163332033625 6.857587111241212 4.889663299737226 -0.1406737153219062 1.277002249525232 15.804251722967127 22.463195820862047 36.35179112489122 18.428778352936597 20.941794859416248 10.223861839273425 14.600314406000937 1.829003026781412 4.799035793506412 21.432194641610295 9.268839504104688 13.076885247717094 3.463772285316349 7.0860757707376365 22.964301351036873 0.7035746375032303 8.836663680983854 4.384251156374059 -5.0896610932373845 -2.9401717977476935 -6.449949773710573 2.6037692559758696
18.036072144288575 12.275057633342481 3.3932288201432037 6.8682995981810535 4.900375786677067 -0.12996122838204727 1.2877147364650732 15.814964209906968 22.47390830780189 36.36250361183106 18.439490839876438 20.95250734635609 10.234574326213284 14.611026892940778 1.839715513721253 4.809748280446253 21.44290712855014 9.27955199104453 13.087597734656935 3.47448477225619 7.096788257677478 22.975013837976714 0.7142871244430715 8.847376167923695 4.3949636433139005 -5.078948606297543 -2.9294593108078524 -6.439237286770732 2.614481742915711
18.096192384769537 12.285755275624961 3.4039264624256838 6.878997240463534 4.911073428959547 -0.11926358609956722 1.2984123787475532 15.825661852189448 22.48460595008437 36.37320125411354 18.450188482158918 20.963204988638577 10.245271968495764 14.621724535223258 1.8504131560037331 4.820445922728733 21.45360477083262 9.29024963332701 13.098295376939415 3.485182414538688 7.107485899959958 22.985711480259194 0.7249847667255693 8.858073810206175 4.405661285596381 -5.068250964015063 -2.9187616685253723 -6.428539644488234 2.6251793851982086
18.1563126252505 12.296438033433574 3.414609220234297 6.889679998272129 4.9217561867681425 -0.10858082829097171 1.3090951365561665 15.836344609998061 22.495288707892975 36.38388401192214 18.46087123996753 20.973887746447172 10.25595472630436 14.632407293031854 1.8610959138123464 4.831128680537328 21.464287528641222 9.300932391135605 13.10897813474801 3.4958651723472833 7.118168657768571 22.9963942380678 0.7356675245341648 8.86875656801477 4.416344043404994 -5.057568206206468 -2.908078910716777 -6.417856886679639 2.635862143006804
18.216432865731463 12.307105901091209 3.4252770878919314 6.900347865929781 4.932424054425795 -0.09791296063331956 1.3197630042138009 15.847012477655696 22.505956575550616 36.39455187957979 18.471539107625166 20.984555614104817 10.266622593962012 14.643075160689506 1.8717637814699808 4.8417965481949805 21.474955396298867 9.311600258793257 13.119646002405663 3.5065330400049177 7.128836525426205 23.007062105725442 0.7463353921917992 8.879424435672423 4.427011911062628 -5.046900338548816 -2.8974110430591247 -6.407189019022004 2.6465300106644385
18.276553106212425 12.317758887893344 3.435930074694067 6.911000852731917 4.94307704122793 -0.08725997383118411 1.3304159910159363 15.857665464457831 22.516609562352752 36.40520486638192 18.4821920944273 20.99520860090696 10.277275580764147 14.653728147491641 1.8824167682721162 4.852449534997116 21.485608383101003 9.322253245595393 13.130298989207798 3.517186026807053 7.139489512228341 23.017715092527578 0.7569883789939524 8.890077422474558 4.437664897864764 -5.03624735174668 -2.8867580562569892 -6.396536032219869 2.6571829974665917
18.336673346693384 12.32839700103824 3.446568187838963 6.921638965876795 4.953715154372826 -0.07662186068630561 1.3410541041608326 15.868303577602727 22.52724767549764 36.41584297952682 18.492830207572197 21.00584671405185 10.287913693909026 14.664366260636537 1.8930548814170125 4.863087648142012 21.496246496245895 9.332891358740289 13.140937102352694 3.5278241399519494 7.150127625373237 23.028353205672467 0.7676264921388309 8.900715535619454 4.44830301100966 -5.025609238601802 -2.8761199431121107 -6.3858979190749725 2.66782111061147
18.396793587174347 12.339020251624646 3.457191438425369 6.932262216463219 4.964338404959232 -0.06599861009988217 1.3516773547472383 15.878926828189133 22.537870926084054 36.42646623011323 18.503453458158603 21.016469964638265 10.29853694449545 14.674989511222943 1.9036781320034182 4.873710898728418 21.5068697468323 9.343514609326695 13.1515603529391 3.538447390538355 7.160750875959643 23.03897645625888 0.7782497427252544 8.91133878620586 4.458926261596066 -5.014985988015378 -2.8654966925256873 -6.375274668488549 2.6784443611978936
18.45691382765531 12.349628648830464 3.4677998356311868 6.942870613669037 4.97494680216505 -0.055390212894064206 1.3622857519530562 15.889535225394951 22.54847932328987 36.43707462731904 18.51406185536442 21.02707836184408 10.309145341701267 14.685597908428761 1.9142865292092361 4.884319295934236 21.517478144038122 9.354123006532513 13.162168750144918 3.549055787744173 7.171359273165461 23.049584853464697 0.7888581399310723 8.921947183411678 4.469534658801884 -5.00437759080956 -2.8548882953198693 -6.364666271282731 2.6890527584037116
18.517034068136272 12.360222204319378 3.4783933911201004 6.95346416915795 4.985540357653964 -0.04479665740516836 1.3728793074419698 15.900128780883865 22.559072878778778 36.44766818280796 18.524655410853335 21.037671917332986 10.319738897190163 14.696191463917675 1.9248800846981498 4.8949128514231495 21.528071699527032 9.364716562021426 13.172762305633832 3.5596493432330867 7.181952828654374 23.060178408953604 0.7994516954199682 8.932540738900592 4.480128214290797 -4.993784035320647 -2.8442947398309735 -6.354072715793835 2.6996463138926075
18.577154308617235 12.370800929343098 3.4889721161438203 6.964042894181652 4.996119082677684 -0.034217932381448435 1.3834580324656898 15.910707505907585 22.569651603802498 36.45824690783167 18.535234135877054 21.048250642356706 10.330317622213883 14.706770188941395 1.9354588097218697 4.905491576446869 21.538650424550752 9.375295287045128 13.183341030657534 3.5702280682568066 7.192531553678094 23.070757133977324 0.8100304204436881 8.943119463924312 4.490706939314517 -4.9832053102969445 -2.8337160148072535 -6.343493990770115 2.7102250389163274
18.637274549098194 12.381364834491286 3.499536021292009 6.974606799329841 5.006682987825872 -0.02365402723325971 1.3940219376138785 15.921271411055773 22.580215508950687 36.46881081297987 18.545798041025243 21.058814547504895 10.340881527362072 14.717334094089583 1.9460227148700584 4.916055481595058 21.54921432969894 9.385859192193335 13.19390493580574 3.5807919734049953 7.203095458826283 23.081321039125513 0.8205943255918768 8.9536833690725 4.501270844462706 -4.972641405148756 -2.823152109659065 -6.332930085621927 2.720788944064516
18.697394789579157 12.391913925755986 3.510085112556691 6.985155890594541 5.0172320790905545 -0.013104935968559772 1.4045710288785607 15.931820502320456 22.590764600215376 36.47935990424455 18.556347132289943 21.069363638769584 10.351430618626772 14.727883185354266 1.9565718061347406 4.92660457285974 21.559763420963634 9.396408283458017 13.204454027070422 3.5913410646696953 7.213644550090983 23.091870130390202 0.8311434168565768 8.964232460337183 4.511819935727406 -4.962092313884056 -2.812603018394365 -6.322380994357227 2.731338035329216
18.75751503006012 12.402448213131816 3.520619399932521 6.995690177970371 5.027766366466384 -0.0025706485927301514 1.4151053162543903 15.942354789696303 22.601298887591213 36.48989419162039 18.566881419665773 21.079897926145417 10.361964906002601 14.738417472730095 1.967106093510588 4.93713886023557 21.570297708339464 9.406942570833847 13.214988314446252 3.601875352045525 7.2241788374668126 23.10240441776603 0.8416777042324064 8.974766747713012 4.522354223103235 -4.951558026508226 -2.8020687310185353 -6.311846706981397 2.7418723227050457
18.817635270541082 12.412967705829274 3.531138892629997 7.006209670667829 5.038285859163842 0.007948844104728181 1.4256248089518664 15.952874282393761 22.611818380288675 36.50041368431784 18.57740091236323 21.090417418842872 10.37248439870006 14.748936965427554 1.9776255862080463 4.947658352933028 21.580817201036922 9.417462063531305 13.22550780714371 3.6123948447429832 7.234698330164271 23.1129239104635 0.8521971969298647 8.98528624041047 4.532873715800694 -4.941038533810768 -2.791549238321077 -6.301327214283939 2.752391815402504
18.877755511022045 12.423472414008963 3.541643600809685 7.016714378847517 5.0487905673435485 0.018453552284416475 1.4361295171315547 15.96337899057345 22.622323088468363 36.510918392497544 18.58790562054292 21.10092212702257 10.382989106879748 14.75944167360726 1.9881302943877346 4.958163061112734 21.591321909216617 9.427966771711011 13.236012515323416 3.6228995529226715 7.245203038343959 23.12342861864319 0.862701905109553 8.995790948590177 4.543378423980382 -4.93053382563108 -2.7810445301413886 -6.29082250610425 2.7628965235821923
18.937875751503004 12.433962347248535 3.5521335340492577 7.0272043120871075 5.059280500583121 0.028943485523988954 1.4466194503711272 15.973868923813022 22.632813021707943 36.52140832573711 18.598395553782492 21.111412060262143 10.39347904011932 14.769931606846832 1.998620227627307 4.968652994352307 21.601811842456193 9.438456704950584 13.246502448562989 3.633389486162244 7.255692971583532 23.13391855188277 0.8731918383491255 9.006280881829749 4.5538683572199545 -4.920043892391489 -2.7705545969017984 -6.280332572864678 2.7733864568217648
18.997995991983966 12.444437511781548 3.5626086985822703 7.03767947662012 5.0697556651161335 0.03941865005701928 1.4570946149041397 15.984344088346035 22.643288186240955 36.531883490270125 18.608870718315504 21.121887224795156 10.40395420465235 14.780406771379845 2.0090953921603196 4.979128158885319 21.612287006989206 9.448931869483596 13.256977613096002 3.6438646506952566 7.266168136116544 23.14439371641578 0.8836670028821381 9.016756046362762 4.564343521752967 -4.909568727858477 -2.760079432368786 -6.269857408331665 2.7838616213547773
19.05811623246493 12.454897916870742 3.5730691036714646 7.048139881709297 5.08021607020531 0.04987905514619584 1.467555019993334 15.994804493435229 22.653748591330142 36.542343895359316 18.6193311234047 21.13234762988435 10.414414609741527 14.790867176469039 2.019555797249514 4.989588563974496 21.62274741207839 9.459392274572773 13.267438018185178 3.654325055784451 7.2766285412057385 23.154854121504968 0.8941274079713324 9.027216451451938 4.574803926842161 -4.8991083227693 -2.7496190272796093 -6.259397003242471 2.7943220264439717
19.118236472945892 12.4653435708065 3.5835147576072224 7.058585535645054 5.090661724141086 0.06032470908195364 1.4780006739290918 16.005250147370987 22.664194245265897 36.55278954929507 18.629776777340457 21.142793283820108 10.424860263677285 14.801312830404797 2.0300014511852718 5.0000342179102715 21.633193066014158 9.46983792850853 13.277883672120936 3.6647707097202087 7.287074195141496 23.165299775440722 0.9045730619070902 9.037662105387714 4.585249580777919 -4.888662668833542 -2.7391733733438515 -6.248951349306713 2.8047676803797295
19.178356713426854 12.475774481017776 3.593945667818499 7.069016445856349 5.101092634352362 0.07075561929323015 1.4884315841403684 16.015681057582263 22.674625155477173 36.563220459506354 18.640207687551733 21.153224194031385 10.435291173888562 14.811743740616073 2.0404323613965483 5.010465128121548 21.643623976225435 9.480268838719825 13.28831458233223 3.675201619931485 7.297505105352773 23.17573068565201 0.9150039721183667 9.04809301559899 4.595680490989196 -4.878231758622248 -2.728742463132557 -6.238520439095437 2.815198590591006
19.238476953907814 12.486190655223357 3.6043618420240797 7.079432620061912 5.111508808557943 0.08117179349881098 1.4988477583459492 16.026097231787844 22.685041329682754 36.57363663371193 18.650623861757314 21.163640368236965 10.445707348094142 14.822159914821654 2.050848535602129 5.020881302327129 21.654040150431005 9.490685012925388 13.298730756537793 3.685617794137066 7.307921279558354 23.18614685985758 0.9254201463239475 9.058509189804553 4.606096665194777 -4.867815584416685 -2.718326288926994 -6.228104264889856 2.825614764796587
19.298597194388776 12.496592102799777 3.614763289600482 7.089834067638332 5.1219102561343455 0.09157324107523124 1.5092492059223517 16.036498679364247 22.695442777259167 36.58403808128835 18.661025309333734 21.17404181581338 10.456108795670563 14.832561362398057 2.0612499831785316 5.031282749903531 21.664441598007425 9.501086460501808 13.309132204114213 3.6960192417134863 7.318322727134756 23.196548307433993 0.9358215939003678 9.068910637380974 4.616498112771197 -4.857414136840265 -2.707924841350574 -6.217702817313436 2.836016212373007
19.35871743486974 12.50697883204408 3.6251500188448027 7.1002207968826525 5.132296985378666 0.10195997031953397 1.5196359351666722 16.046885408608567 22.705829506503488 36.59442481053266 18.671412038578037 21.18442854505769 10.466495524914865 14.842948091642377 2.071636712422852 5.041669479147852 21.67482832725174 9.511473189746129 13.319518933358534 3.706405970957789 7.328709456379077 23.206935036678313 0.9462083231446705 9.079297366625294 4.6268848420154995 -4.847027407595944 -2.6975381121062534 -6.207316088069133 2.84640294161731
