web/models/kne/16/mosfit_kn_0.500000_0.2650_0.5000.dat
# %ECSV 1.0
# ---
# datatype:
# - {name: time, datatype: float64}
# - {name: PS1_g, datatype: float64}
# - {name: PS1_i, datatype: float64}
# - {name: PS1_r, datatype: float64}
# - {name: PS1_w, datatype: float64}
# - {name: PS1_y, datatype: float64}
# - {name: PS1_z, datatype: float64}
# - {name: swift_uvot_B, datatype: float64}
# - {name: swift_uvot_U, datatype: float64}
# - {name: swift_uvot_uvm2, datatype: float64}
# - {name: swift_uvot_uvw1, datatype: float64}
# - {name: swift_uvot_uvw2, datatype: float64}
# - {name: swift_uvot_V, datatype: float64}
# - {name: johnson_B, datatype: float64}
# - {name: johnson_I, datatype: float64}
# - {name: johnson_R, datatype: float64}
# - {name: johnson_U, datatype: float64}
# - {name: johnson_V, datatype: float64}
# - {name: sdss_g, datatype: float64}
# - {name: sdss_i, datatype: float64}
# - {name: sdss_r, datatype: float64}
# - {name: sdss_u, datatype: float64}
# - {name: sdss_z, datatype: float64}
# - {name: ATLAS_c, datatype: float64}
# - {name: ATLAS_o, datatype: float64}
# - {name: ukirt_H, datatype: float64}
# - {name: ukirt_J, datatype: float64}
# - {name: ukirt_K, datatype: float64}
# - {name: Clear, datatype: float64}
# meta: !!omap
# - comment: [kappa = 0.5, type = rprocess, mass = 0.5000000000045836, velocity = 0.265, theta_obs = 0.0, tfloor = 1000.0]
# schema: astropy-2.0
time PS1_g PS1_i PS1_r PS1_w PS1_y PS1_z swift_uvot_B swift_uvot_U swift_uvot_uvm2 swift_uvot_uvw1 swift_uvot_uvw2 swift_uvot_V johnson_B johnson_I johnson_R johnson_U johnson_V sdss_g sdss_i sdss_r sdss_u sdss_z ATLAS_c ATLAS_o ukirt_H ukirt_J ukirt_K Clear
[from data line 396]
23.867735470941884 -32.71489895039173 -31.739768787956795 -32.163771123027956 -32.350343350783334 -31.18983260977311 -31.41917795699154 -32.811785064642486 -34.4432084481838 -36.06985430687551 -35.66340670377684 -36.326289767212074 -32.43612925946252 -32.81520461725329 -32.03754857692494 -32.28281606322619 -34.098677310141696 -32.43739455367084 -32.782432188502156 -31.759995525298272 -32.16523713038573 -33.36023781800897 -31.3665711535101 -32.54889300978286 -32.01900522022992 -30.019517816399453 -30.658236071482907 -29.43547690100599 -32.253925109252606
23.927855711422843 -32.742203871433645 -31.76704373474106 -32.191057533395444 -32.37763829661516 -31.21709625626634 -31.446445970762227 -32.839097999798675 -34.470544371513036 -36.09725309311782 -35.69079391934845 -36.35371093060428 -32.46342375150856 -32.84251726684973 -32.06482045328449 -32.31010008343301 -34.12600860768696 -32.46468876490729 -32.80973953697766 -31.787270762089967 -32.192523456602515 -33.38756997741818 -31.39383815904207 -32.57619260636537 -32.04628768800916 -30.046765104668435 -30.685491128042646 -29.462718648949227 -32.28121920956035
23.987975951903806 -32.769497308807836 -31.794307788692695 -32.21833282502583 -32.404921955543514 -31.244349232540323 -31.473703228287526 -32.86639929321077 -34.497868199493276 -36.12463854206661 -35.71816802667504 -36.38111831411688 -32.49070696550173 -32.869818280340716 -32.092081497306964 -32.33737303201668 -34.15332790118071 -32.49197170363246 -32.83703535391236 -31.814535100334833 -32.21979866573817 -33.41489011576005 -31.421094428191516 -32.603480824294465 -32.07355911476682 -30.074002044841418 -30.712735683555277 -29.489950157859145 -32.308502039672256
24.04809619238477 -32.79677967205849 -31.821561347385412 -32.24559740006747 -32.43219473312075 -31.2715919316636 -31.500950124376583 -32.89368935762973 -34.525180354083936 -36.15201110095185 -35.74552946830854 -36.40851237400428 -32.517979306818724 -32.89710807036262 -32.11933210534144 -32.364635310171 -34.18063561072814 -32.5192437751105 -32.86432004982139 -31.84178893772227 -32.247063159907526 -33.442198653485576 -31.4483403553656 -32.63075807098435 -32.100819901076605 -30.10122902347287 -30.73997012766748 -29.517171812086126 -32.3357740048006
24.10821643286573 -32.82405189812241 -31.848805335366546 -32.272852187802705 -32.45945756215279 -31.29882527352004 -31.528187580715166 -32.92096913331082 -34.552481785068615 -36.17937174569839 -35.772879215336744 -36.43589409552428 -32.54524170808315 -32.92438757705208 -32.14657320066766 -32.3918878461904 -34.20793268419433 -32.546505911848605 -32.89159456264622 -31.86903319891938 -32.27431786835838 -33.469496538817594 -31.47557686183392 -32.65802528116758 -32.12807097459123 -30.12844695370315 -30.767195376720906 -29.544384522488617 -32.36303603739954
24.168336673346694 -32.85131434941313 -31.87604010368439 -32.300097543623316 -32.486710801263534 -31.326049604880186 -31.55541594572659 -32.94823898571198 -34.57977286664697 -36.206720874492056 -35.800217661506295 -36.463263885427345 -32.57249452775182 -32.9516571657583 -32.17380513317111 -32.41913099456027 -34.2352194940188 -32.57375847219682 -32.918859255722154 -31.896268235084264 -32.30156314645072 -33.49678414452388 -31.502804295638125 -32.685282815235546 -32.15531268920742 -30.155656176117343 -30.794411774236874 -29.571588627558697 -32.39028849577011
24.228456913827653 -32.878566014723134 -31.903264631692743 -32.32733245048989 -32.51395343609724 -31.353263901546224 -31.582634196585264 -32.975497906154764 -34.6070525974036 -36.23405750585699 -35.827543821647936 -36.490620769360596 -32.59973675133098 -32.97891582771233 -32.201026881240125 -32.44636373748859 -34.26249503732355 -32.60100044157257 -32.94611311860734 -31.923493025661944 -32.328797977118775 -33.52406046799922 -31.530021633635634 -32.71252966030096 -32.18254402664422 -30.18285566138292 -30.821618293320245 -29.598783096226665 -32.41753036528826
24.288577154308616 -32.905806618132004 -31.930478633245603 -32.354556626164275 -32.54118518732368 -31.38046787352346 -31.609842044783445 -33.00274562145788 -34.63432071202275 -36.26138139606052 -35.854857448034224 -36.51796451129838 -32.62696809934018 -33.00616328963504 -32.22823815768254 -32.473585791921785 -34.28975904720907 -32.628231540399305 -32.97335587621063 -31.95070728460525 -32.35602207809581 -33.551325242639436 -31.557228586975352 -32.739765538623935 -32.20976470331843 -30.210045113940303 -30.84881464105308 -29.625967631049917 -32.444761366333296
24.34869739478958 -32.93303626325866 -31.95768220145883 -32.381770167776494 -32.56840615506002 -31.407661609974244 -31.637039581011095 -33.02998223805344 -34.66157732501369 -36.28869268177059 -35.88215867323336 -36.54529525581928 -32.65418867174199 -33.03339965785798 -32.2554390545396 -32.50079725415231 -34.317011636558334 -32.65545186854091 -33.00058763300272 -31.977911105131547 -32.383235546482524 -33.578578581630794 -31.58442524599442 -32.76699055195486 -32.236974814978495 -30.23722461723471 -30.87600090359464 -29.653142313539075 -32.4719815987242
24.40881763527054 -32.96025501591238 -31.984875391886547 -32.40897313480012 -32.59561640169652 -31.434845162592282 -31.664226858453475 -33.05720782449728 -34.688822512818334 -36.31599146106165 -35.90944759131799 -36.57261310872014 -32.681398530775546 -33.060625000838904 -32.2826296263161 -32.52799818283595 -34.34425288022545 -32.68266148814018 -33.02780845562449 -32.005104542894074 -32.41043844172378 -33.60582056012346 -31.61161166353363 -32.794204764278625 -32.26417441974901 -30.26439421737743 -30.90317712970629 -29.680307187916327 -32.49919112456016
24.468937875751504 -32.98746334696837 -32.012058664886105 -32.4361659916125 -32.622816394602324 -31.462018987775213 -31.6914043350382 -33.084422854481296 -34.71605675721502 -36.34327823788953 -35.936724702142705 -36.599918581872 -32.70859814365474 -33.08783979216902 -32.3098103322931 -32.555189041511376 -34.37148325836069 -32.70986086631216 -33.055018815803976 -32.032288058351824 -32.437631228167575 -33.633051658571276 -31.638788297167295 -32.82140864459947 -32.291363980623835 -30.291554365039485 -30.93034377277771 -29.707462702914725 -32.52639041091182
24.529058116232463 -33.014662226682425 -32.039232979869695 -32.46334970177063 -32.650007100418975 -31.48918404085249 -31.71857296767227 -33.11162830116471 -34.74328103969821 -36.37055401660282 -35.96399100583143 -36.62721268777851 -32.735788476860726 -33.115045004903905 -32.33698213077315 -32.58237079287086 -34.3987037507804 -32.73705096943619 -33.082219684676076 -32.05946261102188 -32.4648148693405 -33.660272857103486 -31.665956103438084 -32.848603161244526 -32.31854445973363 -30.31870600964536 -30.957501785036712 -29.73460980596021 -32.55358042411325
24.589178356713425 -33.041851695822416 -32.06639836804314 -32.49052430013505 -32.67718855672687 -31.516340349430028 -31.745732785352576 -33.13882420787606 -34.77049541094812 -36.39781886804393 -35.99124656949806 -36.65449550447806 -32.76296956783275 -33.142240682280615 -32.364145051983584 -32.60954347101245 -34.42591440668466 -32.76423183486168 -33.10941110378407 -32.08662823220244 -32.49198940007641 -33.68748420519617 -31.69311511102169 -32.875788353280804 -32.34571589068114 -30.345849173594793 -30.984651191354597 -29.761748517690712 -32.58076120147352
24.649298597194388 -33.06903078771839 -32.09355385443105 -32.51768881490456 -32.70435979408692 -31.543486935406158 -31.772882811185337 -33.16600961016993 -34.79769891290651 -36.42507185167723 -36.01849044936496 -36.68176609769073 -32.79014044700946 -33.169425859774215 -32.391298120099236 -32.636706103472655 -34.45311426672922 -32.79140249294924 -33.13659210713142 -32.11378394699841 -32.51915384855087 -33.71468474374485 -31.720264342745352 -32.90296325256067 -32.372877300572696 -30.372982874265336 -31.011791011254992 -29.78887785395395 -32.60793177331777
24.70941883767535 -33.096199258247374 -32.12069918594031 -32.544842996414616 -32.73152056538615 -31.570623542310585 -31.80002279000517 -33.193184266325424 -34.82489131074866 -36.452312751589346 -36.04572242602204 -36.70902425825228 -32.81730086714535 -33.19660029557803 -32.418441081109066 -32.6638584398716 -34.48030309470091 -32.81856269636909 -33.163762451322555 -32.14092950240335 -32.54630796507428 -33.74187423679526 -31.747403543142347 -32.93012761336566 -32.40002843856382 -30.40010685030248 -31.038920985702134 -29.815997551742456 -32.6350918922785
24.769539078156313 -33.12335724242325 -32.147834488378365 -32.571986973991685 -32.75867100257001 -31.597750292484292 -31.827152845492535 -33.22034831382147 -34.85207274902983 -36.47954173173723 -36.07294265984004 -36.736270157042306 -32.844450960049635 -33.22376412708294 -32.44557405987833 -32.691000608801644 -34.5074810337304 -32.845712576844 -33.190922272117746 -32.16806502431375 -32.573451878947296 -33.76905282774368 -31.774532835583802 -32.95728156907222 -32.42716943276999 -30.427221219033505 -31.06604123440354 -29.843107726686707 -32.66224169004012
24.829659318637272 -33.1505049560705 -32.17495996846375 -32.599120957834984 -32.785811318428166 -31.624867389217055 -31.854273182262 -33.247501970920446 -34.87924345301108 -36.506759036568134 -36.100151391720516 -36.76350404535339 -32.871590938377096 -33.25091757246428 -32.47269726219369 -32.71813281973587 -34.53464830766975 -32.87285234694321 -33.21807178607963 -32.195190719536164 -32.600585800343715 -33.79622074070486 -31.801652424378375 -32.9844253338853 -32.45430049219266 -30.454326178788783 -31.09315195804408 -29.870208575438465 -32.68938137913416
24.889779559118235 -33.17764270275356 -32.202075920753224 -32.62624524594449 -32.81294181352326 -31.651975123673584 -31.88138409278899 -33.274645543598474 -34.906403735591006 -36.53396499795665 -36.12734895003173 -36.79072626182972 -32.89872110255682 -33.27806093761205 -32.49981098168992 -32.745255369955935 -34.56180522802398 -32.899982307011264 -33.24521129750295 -32.22230688271439 -32.62771002723827 -33.82337828744363 -31.828762601698806 -33.01155920976748 -32.48142191364691 -30.481422015826706 -31.12025344521145 -29.89730038259555 -32.71651125986793
24.949899799599198 -33.204771467541775 -32.22918332083749 -32.653360817534285 -32.840063469766285 -31.6790744678749 -31.90848655047393 -33.30178001946204 -34.933554591658925 -36.56116063075027 -36.15453634593484 -36.8179378284371 -32.92584243435895 -33.30519521004217 -32.5269161929876 -32.772369237920095 -34.5889527882163 -32.9271034387293 -33.27234179222529 -32.24941448953082 -32.654825538818564 -33.85052646165654 -31.855864340626994 -33.03868418010262 -32.50853467510009 -30.50850969700448 -31.14734666521453 -29.924384113267234 -32.743632313883865
25.01002004008016 -33.2318911899369 -32.256282099966 -32.68046760700834 -32.867176223908956 -31.70616534996288 -31.93558048465942 -33.32890534022229 -34.960695969267825 -36.588345900385946 -36.18171354165474 -36.845138716814084 -32.95295487041281 -33.332320331386875 -32.55401282649156 -32.79947435737428 -34.61609093502302 -32.95421567864917 -33.29946321041744 -32.276513471314686 -32.68193226946542 -33.8776652103579 -31.88295757022825 -33.065800182924896 -32.53563870987065 -30.535589145969016 -31.174431543834263 -29.951459689579046 -32.77074447769978
25.07014028056112 -33.25900101601739 -32.28337139685198 -32.707564755895135 -32.89427921957497 -31.733246905877497 -31.962665032357016 -33.35602065392967 -34.9878270221293 -36.61551997609616 -36.2088797035552 -36.87232810173109 -32.98005755423307 -33.3594354496262 -32.58110002016127 -32.82656986925962 -34.643218821016 -32.981318170216376 -33.32657469875496 -32.303602966850406 -32.70902936068671 -33.90479368633205 -31.91004142726671 -33.09290636300284 -32.56273315851827 -30.56265949464922 -31.20150721490379 -29.97852624210235 -32.797846894730554
25.130260521042082 -33.28610074766095 -32.31045100550084 -32.73465206120933 -32.921372256018756 -31.760318926659625 -31.98973998575312 -33.38312576456928 -35.01494756027764 -36.64268268449497 -36.23603465518737 -36.899505815716225 -33.00715028495733 -33.386540368670005 -32.60817756719642 -32.85365556996305 -34.6703362550118 -33.00841071249458 -33.35367605975365 -32.3306827702195 -32.736116609475125 -33.93191169862259 -31.93711570366421 -33.12000252081424 -32.58981781702212 -30.589720529797596 -31.2285734672116 -30.005583556138152 -32.82493936400751
25.190380761523045 -33.313190469393405 -32.33752100245168 -32.7617296025432 -32.948455415104974 -31.78738148584033 -32.01680541954113 -33.410220758804876 -35.04205767651302 -36.669834135198606 -36.263178503061724 -36.92667197438323 -33.034233144331516 -33.41363517510572 -32.63524554331858 -32.880731538439925 -34.69744332857524 -33.03549338715477 -33.380767378586796 -32.357752958038276 -32.76319409540049 -33.95901933902465 -31.964180473845758 -33.147088739464735 -32.61689276392392 -30.61677232059406 -31.25563037200342 -30.03263169939348 -32.852021967169094
25.250501002004007 -33.340254412763315 -32.364565625275304 -32.7887816151625 -32.97551293038211 -31.814418823264923 -32.04384557268703 -33.43728986657813 -35.069141596173075 -36.69695854100176 -36.29029546226766 -36.953810786077135 -33.06129036599818 -33.4407040989321 -32.662288186716296 -32.90778201043626 -34.724524267969834 -33.06255042789571 -33.40783288631599 -32.38479776781922 -32.79024605374565 -33.98610083362936 -31.99121997698029 -33.174149251570796 -32.6439422352815 -30.64379911018031 -31.282662170854923 -30.059654916127695 -32.879078937932356
25.31062124248497 -33.36732722250366 -32.39161948059868 -32.815842720267625 -33.002579433901396 -31.841465531194668 -32.070895043004114 -33.46436774281055 -35.096234003405065 -36.72409066597519 -36.317420282164036 -36.98095704332 -33.08835658143188 -33.46778179470758 -32.689340100113185 -32.93484160411381 -34.7516137514618 -33.08961646583494 -33.43490723076022 -32.411851806557976 -32.81730710560397 -34.01319086179875 -32.01826880959928 -33.20121869509629 -32.67100084728309 -30.670835470022354 -31.309703445107413 -30.086687770763692 -32.90614490727357
25.37074148296593 -33.39439103598458 -32.418664714301606 -32.84289506048214 -33.02963706586084 -31.868503758721403 -32.09793597834255 -33.49143652260023 -35.123317026794844 -36.75121262094159 -36.34453507682968 -37.00809285062604 -33.11541393096222 -33.49485039761103 -32.71638343026154 -32.961892462774706 -34.7786939089468 -33.11667364138162 -33.461972548601224 -32.43889722005194 -32.84435939362302 -34.04027155318454 -32.045309119839516 -33.22827920892115 -32.69805074367149 -30.697863553865545 -31.33673634629577 -30.11371241862404 -32.93320201562955
25.430861723446892 -33.421445961747516 -32.445701427558724 -32.86993873979698 -33.05668593234765 -31.89553360424501 -32.124968478174445 -33.51849631646024 -35.15039078251424 -36.77832453757617 -36.371639975077656 -37.03521834519852 -33.142462520566674 -33.5219100180852 -32.743418277581895 -32.988934689822464 -34.8057648554576 -33.143722060444055 -33.48902894897751 -32.46593410954701 -32.87140302177308 -34.06734302303189 -32.07234100692551 -33.255330900277045 -32.72509202746862 -30.724883456095462 -31.363760970711493 -30.140728952735408 -32.96025036887889
