web/models/kne/16/mosfit_kn_0.500000_0.2337_10.0000.dat
# %ECSV 1.0
# ---
# datatype:
# - {name: time, datatype: float64}
# - {name: PS1_g, datatype: float64}
# - {name: PS1_i, datatype: float64}
# - {name: PS1_r, datatype: float64}
# - {name: PS1_w, datatype: float64}
# - {name: PS1_y, datatype: float64}
# - {name: PS1_z, datatype: float64}
# - {name: swift_uvot_B, datatype: float64}
# - {name: swift_uvot_U, datatype: float64}
# - {name: swift_uvot_uvm2, datatype: float64}
# - {name: swift_uvot_uvw1, datatype: float64}
# - {name: swift_uvot_uvw2, datatype: float64}
# - {name: swift_uvot_V, datatype: float64}
# - {name: johnson_B, datatype: float64}
# - {name: johnson_I, datatype: float64}
# - {name: johnson_R, datatype: float64}
# - {name: johnson_U, datatype: float64}
# - {name: johnson_V, datatype: float64}
# - {name: sdss_g, datatype: float64}
# - {name: sdss_i, datatype: float64}
# - {name: sdss_r, datatype: float64}
# - {name: sdss_u, datatype: float64}
# - {name: sdss_z, datatype: float64}
# - {name: ATLAS_c, datatype: float64}
# - {name: ATLAS_o, datatype: float64}
# - {name: ukirt_H, datatype: float64}
# - {name: ukirt_J, datatype: float64}
# - {name: ukirt_K, datatype: float64}
# - {name: Clear, datatype: float64}
# meta: !!omap
# - comment: [kappa = 10.0, type = rprocess, mass = 0.5000000000045836, velocity = 0.2336666666666667, theta_obs = 0.0, tfloor = 1000.0]
# schema: astropy-2.0
time PS1_g PS1_i PS1_r PS1_w PS1_y PS1_z swift_uvot_B swift_uvot_U swift_uvot_uvm2 swift_uvot_uvw1 swift_uvot_uvw2 swift_uvot_V johnson_B johnson_I johnson_R johnson_U johnson_V sdss_g sdss_i sdss_r sdss_u sdss_z ATLAS_c ATLAS_o ukirt_H ukirt_J ukirt_K Clear
[from data line 367]
22.12424849699399 -29.395618647924877 -28.439681503816985 -28.856355635424276 -29.037479627910905 -27.89695407569365 -28.123515131860994 -29.487351007663484 -31.103956674615123 -32.68976936796611 -32.29093657751381 -32.931569810367435 -29.12353585391638 -29.490955509330522 -28.73942182378257 -28.976931198724493 -30.762411501628357 -29.124982331543944 -29.46159241757588 -28.459723009639983 -28.85787492986875 -30.02341444846852 -28.071551679792748 -29.23303496541161 -28.71411465625231 -26.737047738274274 -27.370827437532164 -26.156524521362932 -28.941611603383137
22.184368737474948 -29.41992505908212 -28.463652266656876 -28.88045435223912 -29.0616733242506 -27.920799222366206 -28.14740876759359 -29.511747921592423 -31.128614360197755 -32.71515082526863 -32.31618133789663 -32.9572122791112 -29.14772517579251 -29.515349152624516 -28.7633583925476 -29.00100314424793 -30.78701656827632 -29.149168461010625 -29.485926186959386 -28.483697004078223 -28.88197272510622 -30.048029362288187 -28.095434101780192 -29.257281308477268 -28.738169208245186 -26.760711963569822 -27.394577433502842 -26.18012772812367 -28.96579552453268
22.24448897795591 -29.444205760602227 -28.48760274304791 -28.90453072202405 -29.08584314951165 -27.944626096978364 -28.171283354664514 -29.536117650846798 -31.153240592223685 -32.740488808284205 -32.341384955071035 -32.98280688642786 -29.171890684828085 -29.5397156653546 -28.78727522425492 -29.025053175452655 -30.811591045069424 -29.17333083005534 -29.510233801743766 -28.507650660114354 -28.90604818784304 -30.072613523835443 -28.119297655038586 -29.28150292000206 -28.762202127158236 -26.78436080272197 -27.4183106776443 -26.203716517738332 -28.989955737918223
22.304609218436873 -29.46846135161648 -28.51153343886251 -28.928585285884942 -29.10998967067213 -27.968435171212924 -28.195139377908554 -29.560460820306346 -31.177836070627727 -32.76578423326749 -32.36654830142509 -33.00835462894419 -29.196032947394414 -29.564055671430495 -28.811172815420527 -29.049081825997042 -30.836135616691013 -29.197470004121545 -29.534515868799147 -28.531584484506496 -28.93010185894653 -30.097167620687202 -28.14314282134527 -29.305700382067172 -28.786213941805876 -26.80799467889107 -27.442027616004605 -26.227291297205394 -29.01409280753999
22.364729458917836 -29.492691925626442 -28.535444364777582 -28.952618085765582 -29.134112952615077 -27.99222642543711 -28.218976829348925 -29.584777546386125 -31.20240097868164 -32.791037476778 -32.391671714117734 -33.03385595520773 -29.220152027880665 -29.58836928640109 -28.835051168422876 -29.073089131210132 -30.860650452819282 -29.22158604677145 -29.5587724885106 -28.555498488717284 -28.954133780149984 -30.121691825103376 -28.166969590012503 -29.329873773004564 -28.810204683214362 -26.831613529484702 -27.465728206245945 -26.25085198963935 -29.03820679561692
22.4248496993988 -29.516897582244557 -28.55933553861229 -28.976629170369623 -29.158213066710328 -28.015999847522295 -28.24279570837472 -29.609067951313143 -31.226935504579494 -32.8162489175608 -32.41675553312154 -33.05931131488908 -29.244247997154222 -29.61265663163957 -28.85891029288284 -29.097075133263434 -30.885135728237813 -29.24567902805666 -29.58300376728527 -28.579392691342065 -28.978143999948696 -30.1461863144136 -28.190777957751028 -29.354023177454156 -28.834174389306355 -26.855217299911104 -27.48941241379976 -26.2743985263161 -29.062297770894165
22.484969939879758 -29.54107870279742 -28.583207256323764 -29.000618867912937 -29.18229036487089 -28.03975570211481 -28.26659629167782 -29.63333243997185 -31.251440121861336 -32.841419226896015 -32.44180038969835 -33.08472145270901 -29.26832120655669 -29.636918111143856 -28.88275047618998 -29.121040153555874 -30.909591902537194 -29.269749298470536 -29.60721009353124 -28.60326738914898 -29.002132846339777 -30.170651550853815 -28.214568198452774 -29.378148961142863 -28.858123377047082 -26.878806210365585 -27.513080479830965 -26.29793111262092 -29.086366082565505
22.54509018036072 -29.565235144812902 -28.60705930010429 -29.024586989030787 -29.206344678606122 -28.063493743830374 -28.290378344479272 -29.657570890724358 -31.275914769672593 -32.866548519587425 -32.46680636290083 -33.110086548883174 -29.2923714871377 -29.661153602489264 -28.906571492987016 -29.144983996706372 -30.93401890250502 -29.293796688311172 -29.631391331035868 -28.627122365045103 -29.026100129766714 -30.195087463557844 -28.23834007487248 -29.402250967805408 -28.882051447142114 -26.902379976369822 -27.53673213829469 -26.321449451066275 -29.11041155972148
22.605210420841683 -29.589367893182548 -28.63089256211026 -29.048534460967783 -29.230376960979108 -28.087214830709648 -28.314142737951098 -29.681784313964645 -31.30036053260847 -32.89163809282391 -32.49177470731224 -33.135407979243915 -29.316399791249445 -29.685364115115863 -28.930374226102657 -29.168907582555896 -30.95841779767514 -29.31782214901531 -29.65554847236314 -28.650958512069593 -29.05004677723383 -30.21949512491009 -28.26209445513225 -29.426330165440522 -28.905959514617905 -26.92593940742446 -27.560368221607572 -26.344954334949936 -29.13443515251002
22.665330661322646 -29.613477261444707 -28.654707275845794 -29.07246154748311 -29.254387497988432 -28.110919166874808 -28.337889687520708 -29.70597304529224 -31.324777810531028 -32.91668853126085 -32.51670597032181 -33.16068639700344 -29.34040640432758 -29.709549983794744 -28.95415890100325 -29.192811168473238 -30.98278897485659 -29.341825965225162 -29.679681837684875 -28.674776064487357 -29.07397305229445 -30.24387492419315 -28.28583155203237 -29.45038685297675 -28.929847832687283 -26.949484665909967 -27.58398891184637 -26.36844591273675 -29.158437144392053
22.725450901803605 -29.637562952341785 -28.678503074884496 -29.096367908270988 -29.27837596850649 -28.13460636056691 -28.36161881117242 -29.73013680656629 -31.34916638105782 -32.94169977351643 -32.54160005785401 -33.18592180070299 -29.36439100480743 -29.733710929664067 -28.977925144328182 -29.216694408629202 -31.007132200332343 -29.365807814687038 -29.70379113548791 -28.69857465652853 -29.09787861446631 -30.268226629840864 -28.30955098129163 -29.474420720500145 -28.953716051928478 -26.973015324140498 -27.607593798267658 -26.391923744781472 -29.182417212025378
22.785571142284567 -29.66162551797254 -28.702280429704707 -29.12025404468828 -29.30234289661044 -28.158276852246722 -28.385330560920323 -29.754276172338383 -31.373526884081393 -32.96667264680064 -32.56645775956418 -33.21111508688496 -29.38835411614492 -29.757847526435345 -29.001673418347995 -29.240557797864437 -31.0314481007305 -29.38976822005079 -29.727876924625587 -28.722354759448212 -29.121763964894942 -30.29255087099198 -28.333253192240573 -29.498432305237525 -28.977564662944726 -26.99653177987688 -27.631183298789637 -26.415388214594074 -29.206375876919406
22.84569138276553 -29.685664555181788 -28.72603887154158 -29.144119512750954 -29.32628785651632 -28.181930149110652 -28.409024453207117 -29.778390757577863 -31.397858987424954 -32.99160697145121 -32.59127886487027 -33.23626613262821 -29.412295312131313 -29.781959388394984 -29.025403247718444 -29.264400886955936 -31.055736333131414 -29.41370675445476 -29.75193880738974 -28.746115905104457 -29.145628659428624 -30.31684730676469 -28.35693769917219 -29.522421192034027 -29.00139321310558 -27.02003350621348 -27.65475690259022 -26.438838783914115 -29.230312711193918
22.905811623246493 -29.709681200046987 -28.749779448390385 -29.167965393815347 -29.350211954161534 -28.205567266675047 -28.432701516055285 -29.802481722520657 -31.422163921528217 -33.01650417824064 -32.6160647647211 -33.26137644259184 -29.436215697960623 -29.806047674879647 -29.049115671560017 -29.288224750229077 -31.079998113735467 -29.43762452222804 -29.775977927130697 -28.769859142332272 -29.16947377919353 -30.34111715604995 -28.380605527206022 -29.546388500960816 -29.02520277216489 -27.043521472378004 -27.678315600762833 -26.462276406495754 -29.25422881804664
22.965931863727455 -29.733675845015615 -28.77350247757546 -29.191792033632797 -29.374115556222105 -28.22918849462134 -28.456362049786605 -29.826549480266664 -31.446442159576264 -33.04136491244938 -32.640816069969674 -33.28644672571637 -29.460115639721824 -29.830112798217478 -29.07281099963963 -29.312029727438038 -31.104233903532236 -29.46152188871872 -29.79999468250991 -28.79358478917121 -29.1932996697461 -30.365360882144543 -28.404256974192723 -29.570334610785487 -29.048993675977144 -27.066995928714604 -27.701859662224173 -26.485701319550166 -29.278124561796695
23.026052104208414 -29.757648142491036 -28.79720754837363 -29.21559904533897 -29.397998293372698 -28.252793399061762 -28.480005629425644 -29.85059370062712 -31.470693422103135 -33.06618904059459 -32.66553261769079 -33.311476902726284 -29.483994767648333 -29.854154427565906 -29.09648881489658 -29.33581542667841 -31.128443412751025 -29.485398483534194 -29.823988731164643 -28.817292435498008 -29.217105944059742 -30.389578197230485 -28.427891613085645 -29.59425916238441 -29.072765529360147 -27.09045640843646 -27.72538863570963 -26.50911304532565 -29.301999571115758
23.086172344689377 -29.781598478118685 -28.820894973422302 -29.239386769207343 -29.42186052623871 -28.276382265748055 -28.50363255107437 -29.87461478930027 -31.49491817312331 -33.09097719349207 -32.69021500542394 -33.33646766607693 -29.50785344177578 -29.87817296787505 -29.12014942261938 -29.35958218239569 -31.152627093572846 -29.509254665991357 -29.84796046477525 -28.840982394645458 -29.240892942217904 -30.413769555726233 -28.45150973758349 -29.618162528119303 -29.0965186629699 -27.113903159013756 -27.748902786767005 -26.532511818505565 -29.325854204346893
23.14629258517034 -29.80552681908481 -28.84456465401536 -29.263155131460987 -29.445702199391448 -28.299954971738597 -28.527242701119206 -29.89861273159556 -31.519116450687097 -33.11572956037576 -32.714863392134156 -33.36141926096838 -29.5316916061669 -29.902168403776756 -29.143792717475396 -29.38332991555279 -31.17678497334141 -29.533090379502656 -29.871909855980388 -28.864654568534664 -29.26466059027291 -30.437934987001345 -28.475111231906123 -29.642044663172733 -29.120252994348768 -27.137336023027295 -27.77240197425348 -26.55589747016323 -29.349688403991347
23.206412825651302 -29.829433478540555 -28.86821683348277 -29.286904401865304 -29.469523602070335 -28.32351173463838 -28.550836307069325 -29.922587859830465 -31.543288642835456 -33.14044668853386 -32.7394782933996 -33.386332293500054 -29.55550954948481 -29.926141066874216 -29.167418935763873 -29.4070588903418 -31.200917428792085 -29.55690591204474 -29.89583722370016 -28.888309201160816 -29.288409157808104 -30.462074869928006 -28.498696321263353 -29.665905867998763 -29.14396878406505 -27.16075518143979 -27.795886396437446 -26.579270169018333 -29.373502457111016
23.266533066132265 -29.853319353460606 -28.891852332186776 -29.31063542981656 -29.493325605083065 -28.34705334652142 -28.574414171893796 -29.946541091958842 -31.567435728442934 -33.16512973026974 -32.76406082722627 -33.411207979828816 -29.57930814185404 -29.950091874342743 -29.191028890120158 -29.430769950044297 -31.225025426448376 -29.58070213299219 -29.91974347122758 -28.911947113617256 -29.31213949401858 -30.486190173361063 -28.522265806096208 -29.68974702567058 -29.16766687142493 -27.184161385969464 -27.819356824106833 -26.602630653287434 -29.39729723214631
23.326653306613224 -29.877184209547583 -28.915470855988357 -29.33434794381828 -29.517107953602366 -28.370579491232952 -28.597975987911894 -29.97047221013703 -31.591557537542467 -33.18977865279841 -32.78861093339913 -33.43604633794058 -29.60308712797857 -29.97402060772393 -29.214622280386024 -29.45446281838682 -31.249108786624788 -29.604478786458902 -29.94362836921587 -28.935568012334585 -29.335851327252538 -30.510280719453355 -28.545819376755883 -29.713567890992856 -29.19134697704873 -27.20755428913568 -27.842812924570524 -26.62597856503259 -29.42107247239287
23.386773547094187 -29.901027756652034 -28.939072056269772 -29.358041617377637 -29.54087033742601 -28.394089798640163 -28.62152139327245 -29.994380940287588 -31.615653842817455 -33.21439336273914 -32.81312849177841 -33.460847324011276 -29.626846197193608 -29.997926992340126 -29.238198752061788 -29.478137164209343 -31.273167272513415 -29.628235561203834 -29.967491632351653 -28.95917154925174 -29.359544330865344 -30.53434627319204 -28.569356669467965 -29.737368163170697 -29.215008766741608 -27.23093349018741 -27.866254311533627 -26.649313493280356 -29.444827865816272
23.44689378757515 -29.924850724969616 -28.96265659212471 -29.381717136540466 -29.564613462482967 -28.417584901568667 -28.64505103091897 -30.01826803206389 -31.639725450407088 -33.23897482687915 -32.8376144374492 -33.48561196393437 -29.650586054780288 -30.021811777123485 -29.261758957067016 -29.50179366788306 -31.297201678803585 -29.651973161813064 -29.99133399669164 -28.98275838414108 -29.383219190715693 -30.55838763142674 -28.592878324828597 -29.761148559505877 -29.238652917185632 -27.25429958446147 -27.889681598050338 -26.672636020820782 -29.468564116154337
23.507014028056112 -29.9486533191868 -28.986224605273758 -29.405374666881574 -29.588337511935112 -28.441064918507806 -28.668565028287016 -30.042133707409235 -31.663772632389442 -33.263523460225834 -32.86206915710012 -33.51034072540749 -29.674306883351306 -30.045675183376147 -29.28530303077552 -29.52543248995725 -31.32121226740618 -29.675691770282114 -30.015155672118592 -29.006328659323763 -29.406876072213368 -30.58240505798805 -28.61638446819711 -29.784909273251206 -29.26227958566267 -27.2776526573239 -27.913094885135816 -26.695946221943206 -29.492281404617966
23.567134268537075 -29.972436134507117 -29.009776624029158 -29.429014762071706 -29.612043058163753 -28.464530353051813 -28.692063898492073 -30.065978579827625 -31.687796055388784 -33.28804008042052 -32.88649343859941 -33.53503448161986 -29.698009254672694 -30.06951782392415 -29.308831494749185 -29.54905417876421 -31.345199694178547 -29.699391957723545 -30.03895725934891 -29.029882903750597 -29.43051552885292 -30.606399210764383 -28.639875610480185 -29.808650887482937 -29.285889317034535 -27.300993177086546 -27.936494657777473 -26.719244553149558 -29.515980301529403
23.627254509018034 -29.996199535513366 -29.033312950207115 -29.452637747717745 -29.635730444326676 -28.48798148383228 -28.71554792909567 -30.089803031081416 -31.711796151045526 -33.31252526100673 -32.91088782748316 -33.559693858342236 -29.72169351133192 -30.093340079892993 -29.332344644472023 -29.572659054901546 -31.369164380649945 -29.72307406611115 -30.06273912814006 -29.053421419836898 -29.45413788607608 -30.6303705131927 -28.66335203716755 -29.832373755400017 -29.309482428642184 -27.324321389296703 -27.95988117715778 -26.74253124891562 -29.53966114811152
23.687374749498996 -30.019942670938065 -29.056832685628198 -29.47624274338594 -29.659398803053705 -28.511417395421024 -28.73901621130818 -30.11360622280944 -31.735772118566814 -33.33697830895549 -32.93525160915832 -33.58431820247098 -29.745358785596185 -30.11714111243903 -29.35584157704807 -29.59624623419079 -31.393105518399828 -29.746737227249152 -30.086500431107375 -29.076943309849597 -29.477742263327542 -30.654318158295464 -28.68681283792757 -29.856077017187506 -29.333058033872188 -27.347636353993284 -27.98325351489641 -26.765805361093445 -29.563323075520298
