web/models/kne/16/mosfit_kn_0.001000_0.2963_0.5000.dat
# %ECSV 1.0
# ---
# datatype:
# - {name: time, datatype: float64}
# - {name: PS1_g, datatype: float64}
# - {name: PS1_i, datatype: float64}
# - {name: PS1_r, datatype: float64}
# - {name: PS1_w, datatype: float64}
# - {name: PS1_y, datatype: float64}
# - {name: PS1_z, datatype: float64}
# - {name: swift_uvot_B, datatype: float64}
# - {name: swift_uvot_U, datatype: float64}
# - {name: swift_uvot_uvm2, datatype: float64}
# - {name: swift_uvot_uvw1, datatype: float64}
# - {name: swift_uvot_uvw2, datatype: float64}
# - {name: swift_uvot_V, datatype: float64}
# - {name: johnson_B, datatype: float64}
# - {name: johnson_I, datatype: float64}
# - {name: johnson_R, datatype: float64}
# - {name: johnson_U, datatype: float64}
# - {name: johnson_V, datatype: float64}
# - {name: sdss_g, datatype: float64}
# - {name: sdss_i, datatype: float64}
# - {name: sdss_r, datatype: float64}
# - {name: sdss_u, datatype: float64}
# - {name: sdss_z, datatype: float64}
# - {name: ATLAS_c, datatype: float64}
# - {name: ATLAS_o, datatype: float64}
# - {name: ukirt_H, datatype: float64}
# - {name: ukirt_J, datatype: float64}
# - {name: ukirt_K, datatype: float64}
# - {name: Clear, datatype: float64}
# meta: !!omap
# - comment: [kappa = 0.5, type = rprocess, mass = 0.001, velocity = 0.29633333333333334, theta_obs = 0.0, tfloor = 1000.0]
# schema: astropy-2.0
time PS1_g PS1_i PS1_r PS1_w PS1_y PS1_z swift_uvot_B swift_uvot_U swift_uvot_uvm2 swift_uvot_uvw1 swift_uvot_uvw2 swift_uvot_V johnson_B johnson_I johnson_R johnson_U johnson_V sdss_g sdss_i sdss_r sdss_u sdss_z ATLAS_c ATLAS_o ukirt_H ukirt_J ukirt_K Clear
[from data line 326]
19.65931863727455 16.343720499963315 7.4618916867640195 10.93696246480187 8.969038653297883 3.9387016382387685 5.356377603085889 19.8836270765278 26.542571174422704 40.431166478451885 22.508153706497264 25.021170212976916 14.3032371928341 18.679689759561594 5.908378380342087 8.87841114706707 25.511569995170962 13.348214857665345 17.15626060127775 7.5431476388770236 11.165451124298311 27.04367670459753 4.782949991063905 12.91603903454451 8.463626509934734 -1.0102857396767269 1.1392035558129634 -2.370574420149898 6.683144609536544
19.71943887775551 16.35808802984691 7.476259216647616 10.951329994685466 8.98340618318148 3.953069168122365 5.3707451329694855 19.89799460641138 26.5569387043063 40.44553400833548 22.522521236380857 25.03553774286051 14.317604722717697 18.69405728944519 5.922745910225665 8.892778676950666 25.52593752505456 13.362582387548942 17.170628131161347 7.55751516876062 11.179818654181908 27.058044234481127 4.797317520947502 12.930406564428107 8.47799403981833 -0.9959182097931303 1.15357108569656 -2.3562068902663014 6.697512139420141
19.779559118236474 16.372416452610725 7.490587639411448 10.96565841744928 8.997734605945293 3.967397590886179 5.385073555733317 19.912323029175212 26.571267127070122 40.459862431099296 22.536849659144682 25.049866165624334 14.33193314548151 18.708385712209022 5.937074332989497 8.907107099714498 25.540265947818373 13.376910810312756 17.18495655392516 7.571843591524434 11.194147076945722 27.072372657244948 4.811645943711316 12.944734987191922 8.492322462582145 -0.9815897870293162 1.167899508460374 -2.3418784675024873 6.711840562183955
19.839679358717433 16.38670596627593 7.504877153076652 10.979947931114502 9.012024119610516 3.9816871045514013 5.399363069398522 19.926612542840417 26.585556640735337 40.47415194476451 22.551139172809894 25.064155679289538 14.346222659146733 18.722675225874227 5.951363846654702 8.921396613379702 25.554555461483588 13.391200323977978 17.199246067590384 7.586133105189639 11.208436590610926 27.086662170910163 4.82593545737652 12.959024500857144 8.506611976247349 -0.9673002733640941 1.1821890221255962 -2.327588953837283 6.726130075849177
19.899799599198396 16.40095677009585 7.519127956896554 10.994198734934404 9.026274923430417 3.995937908371303 5.413613873218424 19.94086334666032 26.59980744455524 40.48840274858441 22.5653899766298 25.07840648310945 14.360473462966635 18.73692602969413 5.9656146504746035 8.935647417199604 25.568806265303497 13.40545112779788 17.213496871410285 7.600383909009558 11.222687394430828 27.100912974730065 4.84018626119644 12.973275304677045 8.520862780067269 -0.9530494695441922 1.196439825945498 -2.3133381500173633 6.740380879669079
19.95991983967936 16.415169064803692 7.533340251604415 11.008411029642264 9.040487218138278 4.010150203079146 5.427826167926284 19.95507564136818 26.6140197392631 40.50261504329227 22.57960227133765 25.0926187778173 14.374685757674477 18.75113832440199 5.979826945182464 8.949859711907465 25.583018560011347 13.41966342250574 17.227709166118146 7.614596203717401 11.236899689138689 27.115125269437925 4.854398555904282 12.987487599384906 8.535075074775111 -0.9388371748363318 1.2106521206533585 -2.2991258553095206 6.754593174376922
20.02004008016032 16.429343037614572 7.547514224415295 11.022585002453127 9.054661190949158 4.024324175890026 5.442000140737164 19.96924961417906 26.628193712073973 40.51678901610314 22.59377624414853 25.10679275062818 14.388859730485358 18.76531229721287 5.994000917993344 8.964033684718345 25.59719253282222 13.433837395316603 17.24188313892901 7.628770176528281 11.251073661949569 27.1292992422488 4.868572528715163 13.001661572195768 8.549249047585992 -0.9246632020254693 1.224826093464221 -2.2849518824986403 6.768767147187802
20.080160320641284 16.443478887881362 7.561650074682067 11.036720852719917 9.06879704121593 4.038460026156816 5.456135991003936 19.98338546444583 26.642329562340752 40.530924866369936 22.60791209441531 25.12092860089496 14.402995580752147 18.77944814747964 6.008136768260116 8.978169534985117 25.61132838308901 13.447973245583393 17.2560189891958 7.642906026795071 11.265209512216359 27.143435092515578 4.8827083789819525 13.015797422462558 8.563384897852782 -0.9105273517586794 1.2389619437310109 -2.2708160322318505 6.782902997454592
20.140280561122243 16.457576813002728 7.5757479998034505 11.050818777841283 9.082894966337314 4.052557951278182 5.47023391612532 19.997483389567215 26.656427487462125 40.5450227914913 22.622010019536685 25.135026526016336 14.417093505873513 18.793546072601025 6.0222346933815 8.9922674601065 25.625426308210386 13.462071170704759 17.27011691431718 7.657003951916437 11.279307437337724 27.15753301763695 4.896806304103318 13.029895347583942 8.577482822974147 -0.8964294266373136 1.2530598688523766 -2.2567181071104847 6.797000922575958
20.200400801603205 16.4716369927541 7.5898081795548045 11.064878957592654 9.096955146088668 4.0666181310295535 5.484294095876674 20.01154356931857 26.67048766721349 40.55908297124266 22.636070199288046 25.149086705767697 14.431153685624885 18.80760625235238 6.036294873132854 9.006327639857854 25.639486487961747 13.47613135045613 17.284177094068536 7.6710641316678085 11.293367617089078 27.171593197388315 4.91086648385469 13.043955527335296 8.591543002725519 -0.8823692468859419 1.2671200486037484 -2.242657927359113 6.811061102327329
20.260521042084168 16.485659634126844 7.603830820927566 11.078901598965416 9.11097778746143 4.0806407724022975 5.498316737249436 20.02556621069133 26.68451030858625 40.57310561261542 22.6500928406608 25.163109347140452 14.445176326997629 18.82162889372514 6.050317514505616 9.020350281230616 25.653509129334502 13.490153991828892 17.298199735441298 7.6850867730405525 11.30739025846184 27.185615838761077 4.924889125227434 13.057978168708058 8.605565644098263 -0.8683466055131801 1.2811426899765102 -2.228635285986369 6.825083743700073
20.32064128256513 16.499644912187303 7.617816098988008 11.092886877025858 9.124963065521872 4.094626050462757 5.512302015309878 20.039551488751773 26.698495586646693 40.587090890675874 22.664078118721253 25.177094625200905 14.459161605058089 18.835614171785583 6.064302792566058 9.034335559291058 25.66749440739495 13.504139269889334 17.31218501350174 7.6990720511010124 11.321375536522282 27.19960111682152 4.938874403287894 13.0719634467685 8.619550922158723 -0.854361327452738 1.2951279680369523 -2.214650007925909 6.839069021760533
20.38076152304609 16.513593021194968 7.63176420799569 11.106834986033522 9.138911174529554 4.108574159470422 5.52625012431756 20.053499597759455 26.712443695654365 40.601038999683546 22.678026227728925 25.191042734208576 14.473109714065753 18.849562280793265 6.07825090157374 9.04828366829874 25.681442516402626 13.518087378897016 17.32613312250942 7.713020160108677 11.335323645529964 27.21354922582919 4.952822512295558 13.085911555776182 8.633499031166387 -0.8404132184450559 1.3090760770446166 -2.2007018989182447 6.8530171307681975
20.440881763527052 16.527504145877128 7.645675332677833 11.120746110715682 9.152822299211696 4.122485284152582 5.540161248999702 20.067410722441597 26.726354820336518 40.6149501243657 22.691937352411077 25.20495385889073 14.487020838747913 18.863473405475407 6.0921620262559 9.062194792980883 25.695353641084775 13.531998503579159 17.340044247191564 7.726931284790837 11.349234770212124 27.227460350511343 4.966733636977718 13.099822680458324 8.647410155848547 -0.8265020937629137 1.3229872017267765 -2.186790774236085 6.8669282554503575
20.501002004008015 16.541378471863712 7.659549658664417 11.134620436702267 9.16669662519828 4.136359610139166 5.554035574986287 20.0812850484282 26.740229146323102 40.62882445035228 22.705811678397662 25.218828184877314 14.500895164734498 18.87734773146199 6.1060363522424845 9.076069118967467 25.70922796707136 13.545872829565743 17.35391857317815 7.7408056107774215 11.36310909619871 27.241334676497928 4.980607962964303 13.113697006444909 8.661284481835132 -0.812627767776329 1.3368615277133613 -2.1729164482495 6.880802581436942
20.561122244488978 16.555216182192414 7.6733873689931364 11.148458147030968 9.180534335527 4.150197320467868 5.567873285315006 20.0951227587569 26.75406685665181 40.64266216068099 22.71964938872637 25.232665895206022 14.5147328750632 18.89118544179071 6.119874062571186 9.089906829296186 25.723065677400072 13.559710539894462 17.367756283506868 7.754643321106123 11.37694680652741 27.255172386826636 4.994445673293004 13.127534716773628 8.675122192163833 -0.7987900574476277 1.3506992380420626 -2.1590787379207987 6.8946402917656435
20.62124248496994 16.569017453274864 7.6871886400755685 11.162259418113418 9.194335606609432 4.1639985915503175 5.581674556397438 20.108924029839333 26.767868127734253 40.656463431763434 22.733450659808813 25.246467166288465 14.528534146145649 18.904986712873143 6.133675333653636 9.103708100378618 25.73686694848251 13.573511810976894 17.3815575545893 7.7684445921885725 11.39074807760986 27.26897365790908 5.008246944375454 13.14133598785606 8.688923463246283 -0.7849887863651779 1.3645005091245124 -2.145277466838349 6.908441562848093
20.6813627254509 16.58278248183567 7.700953668636394 11.176024446674226 9.208100635170258 4.177763620111126 5.595439584958264 20.12268905840016 26.781633156295072 40.67022846032425 22.74721568836963 25.26023219484928 14.542299174706457 18.91875174143397 6.147440362214444 9.117473128939444 25.750631977043327 13.587276839537703 17.395322583150126 7.782209620749381 11.404513106170668 27.282738686469898 5.022011972936262 13.155101016416886 8.702688491807091 -0.7712237578043697 1.3782655376853206 -2.1315124382775408 6.9222065914089015
20.741482965931862 16.596511431550383 7.714682618351105 11.189753396388937 9.221829584884969 4.1914925698258365 5.609168534672975 20.13641800811487 26.795362106009783 40.68395741003895 22.76094463808434 25.27396114456399 14.556028124421168 18.93248069114868 6.161169311929155 9.131202078654155 25.764360926758037 13.601005789252413 17.40905153286482 7.7959385704640916 11.41824205588538 27.29646763618461 5.035740922650973 13.168829966131597 8.716417441521802 -0.7574948080896589 1.3919944874000314 -2.11778348856283 6.935935541123612
20.801603206412825 16.610204497243508 7.728375684044231 11.203446462082063 9.235522650578094 4.205185635518962 5.6228616003661 20.150111073807995 26.80905517170291 40.69765047573208 22.774637703777465 25.287654210257116 14.569721190114294 18.946173756841805 6.17486237762228 9.14489514434728 25.778053992451163 13.614698854945539 17.422744598557944 7.809631636157217 11.431935121578505 27.310160701877734 5.049433988344099 13.182523031824722 8.730110507214928 -0.7438017423965333 1.405687553093157 -2.1040904228697044 6.949628606816738
20.861723446893787 16.623861844725063 7.742033031525786 11.217103809563636 9.249179998059649 4.218842983000517 5.636518947847655 20.16376842128955 26.82271251918447 40.711307823213644 22.78829505125902 25.30131155773867 14.583378537595848 18.95983110432336 6.188519725103835 9.158552491828836 25.791711339932718 13.628356202427112 17.436401946039517 7.823288983638772 11.44559246906006 27.323818049359296 5.0630913358256535 13.196180379306277 8.743767854696483 -0.7301443949149606 1.4193449005747296 -2.0904330753881495 6.963285954298293
20.92184368737475 16.637483651644445 7.755654838445167 11.230725616483 9.26280180497903 4.232464789919899 5.650140754767037 20.17739022820893 26.836334326103845 40.724929630133026 22.8019168581784 25.314933364658053 14.59700034451523 18.97345291124274 6.202141532023217 9.172174298748217 25.8053331468521 13.641978009346493 17.4500237529589 7.836910790558154 11.459214275979441 27.33743985627867 5.076713142745035 13.209802186225659 8.757389661615864 -0.7165225879955968 1.4329667074940935 -2.076811268468768 6.976907761217674
20.98196392785571 16.651070089279774 7.7692412760804785 11.244312054118328 9.276388242614342 4.246051227555228 5.663727192402348 20.190976665844243 26.849920763739163 40.738516067768344 22.815503295813723 25.328519802293375 14.610586782150559 18.987039348878053 6.215727969658528 9.185760736383529 25.81891958448742 13.655564446981804 17.46361019059421 7.850497228193483 11.47280071361477 27.35102629391399 5.090299580380364 13.22338862386097 8.770976099251193 -0.7029361503602678 1.4465531451294225 -2.063224830833439 6.990494198853003
21.04208416833667 16.664621341591364 7.7827925283920685 11.257863306429918 9.289939494925932 4.2596024798668175 5.677278444713938 20.204527918155833 26.863472016050753 40.752067320079924 22.82905454812531 25.34207105460496 14.624138034462149 19.000590601189643 6.229279221970118 9.199311988695118 25.832470836799004 13.669115699293394 17.4771614429058 7.8640484805050725 11.486351965926342 27.36457754622558 5.103850832691954 13.23693987617256 8.784527351562765 -0.6893848980486779 1.4601043974410124 -2.049673578521849 7.004045451164593
21.102204408817634 16.67813757826334 7.796308765064062 11.271379543101911 9.303455731597925 4.273118716538811 5.690794681385931 20.218044154827826 26.876988252722747 40.76558355675192 22.842570784797296 25.355587291276947 14.637654271134124 19.014106837861636 6.242795458642111 9.212828225367112 25.845987073470994 13.682631935965388 17.490677679577793 7.877564717177048 11.499868202598336 27.378093782897572 5.1173670693639295 13.250456112844553 8.798043588234759 -0.6758686613766847 1.4736206341130056 -2.0361573418498735 7.017561687836569
21.162324649298597 16.69161896557963 7.809790152380334 11.284860930418184 9.316937118914197 4.286600103855083 5.704276068702203 20.231525542144098 26.89046964003902 40.77906494406819 22.856052172113575 25.369068678593226 14.651135658450414 19.027588225177908 6.256276845958383 9.226309612683384 25.859468460787276 13.69611332328166 17.504159066894065 7.891046104493338 11.513349589914608 27.391575170213844 5.130848456680219 13.263937500160825 8.811524975551048 -0.6623872740604126 1.4871020214292776 -2.0226759545335837 7.0310430751528585
21.22244488977956 16.7050661367049 7.823237323505623 11.298308101543455 9.330384290039468 4.300047274980354 5.717723239827492 20.244972713269387 26.9039168111643 40.79251211519347 22.869499343238857 25.38251584971851 14.664582829575686 19.041035396303197 6.269724017083672 9.239756783808673 25.872915631912548 13.709560494406931 17.517606238019336 7.904493275618609 11.526796761039897 27.405022341339127 5.144295627805491 13.277384671286097 8.82497214667632 -0.6489401029351411 1.500549192554549 -2.0092287834083122 7.04449024627813
21.28256513026052 16.718477882052998 7.836649068853703 11.311719846891553 9.343796035387566 4.313459020328452 5.731134985175572 20.258384458617485 26.917328556512395 40.80592386054157 22.882911088586948 25.3959275950666 14.677994574923783 19.054447141651277 6.28313576243177 9.253168529156753 25.886327377260645 13.722972239755029 17.531017983367434 7.917905020966707 11.540208506387994 27.418434086687213 5.157707373153588 13.290796416634194 8.838383892024417 -0.6355283575870436 1.5139609379026466 -1.9958170380602147 7.0579019916262276
21.34268537074148 16.731855752845117 7.850026939645822 11.325097717683672 9.357173906179685 4.326836891120571 5.744512855967692 20.271762329409604 26.930706427304507 40.81930173133369 22.896288959379067 25.40930546585872 14.691372445715903 19.067825012443397 6.296513633223889 9.266546399948872 25.899705248052765 13.736350110547148 17.544395854159553 7.931282891758826 11.553586377180114 27.431811957479333 5.171085243945708 13.304174287426314 8.851761762816537 -0.6221504867949241 1.5273388086947661 -1.9824391672680952 7.071279862418347
