web/models/kne/16/villar_0.0012_0.2337_10.0000.dat
# %ECSV 1.0
# ---
# datatype:
# - {name: time, datatype: float64}
# - {name: swift_uvot_uvw2, datatype: float64}
# - {name: swift_uvot_uvm2, datatype: float64}
# - {name: swift_uvot_uvw1, datatype: float64}
# - {name: swift_uvot_U, datatype: float64}
# - {name: swift_uvot_B, datatype: float64}
# - {name: swift_uvot_V, datatype: float64}
# - {name: swift_uvot_W, datatype: float64}
# - {name: johnson_U, datatype: float64}
# - {name: johnson_B, datatype: float64}
# - {name: johnson_V, datatype: float64}
# - {name: johnson_R, datatype: float64}
# - {name: johnson_I, datatype: float64}
# - {name: sdss_u, datatype: float64}
# - {name: sdss_g, datatype: float64}
# - {name: sdss_r, datatype: float64}
# - {name: sdss_i, datatype: float64}
# - {name: sdss_z, datatype: float64}
# - {name: PS1_g, datatype: float64}
# - {name: PS1_r, datatype: float64}
# - {name: PS1_i, datatype: float64}
# - {name: PS1_z, datatype: float64}
# - {name: PS1_Y, datatype: float64}
# - {name: PS1_w, datatype: float64}
# - {name: ATLAS_c, datatype: float64}
# - {name: ATLAS_o, datatype: float64}
# - {name: ukirt_J, datatype: float64}
# - {name: ukirt_H, datatype: float64}
# - {name: ukirt_K, datatype: float64}
# - {name: Clear, datatype: float64}
# meta: !!omap
# - comment: [kappa = 10.0, type = villar, mass = 0.0012301715156502338, velocity = 0.2336666666666667, theta_obs = 0.0]
# schema: astropy-2.0
time swift_uvot_uvw2 swift_uvot_uvm2 swift_uvot_uvw1 swift_uvot_U swift_uvot_B swift_uvot_V swift_uvot_W johnson_U johnson_B johnson_V johnson_R johnson_I sdss_u sdss_g sdss_r sdss_i sdss_z PS1_g PS1_r PS1_i PS1_z PS1_Y PS1_w ATLAS_c ATLAS_o ukirt_J ukirt_H ukirt_K Clear
[from data line 152]
0.092665 -7.276 -7.636 -8.48 -9.668 -10.249 -10.575 -9.396 -9.779 -10.254 -10.579 -10.694 -10.674 -9.754 -10.38 -10.669 -10.714 -10.667 -10.44 -10.678 -10.723 -10.697 -10.682 -10.615 -10.524 -10.69 -10.407 -10.083 -9.633 -10.58
0.095467 -7.247 -7.601 -8.461 -9.666 -10.261 -10.597 -9.402 -9.78 -10.266 -10.601 -10.723 -10.709 -9.754 -10.395 -10.695 -10.746 -10.703 -10.457 -10.704 -10.755 -10.732 -10.719 -10.64 -10.544 -10.719 -10.449 -10.128 -9.68 -10.605
0.098355 -7.218 -7.565 -8.442 -9.664 -10.271 -10.617 -9.407 -9.78 -10.277 -10.622 -10.751 -10.744 -9.753 -10.409 -10.72 -10.777 -10.739 -10.473 -10.73 -10.787 -10.767 -10.756 -10.665 -10.563 -10.747 -10.491 -10.173 -9.728 -10.629
0.101329 -7.189 -7.529 -8.422 -9.66 -10.281 -10.637 -9.412 -9.779 -10.287 -10.642 -10.78 -10.779 -9.751 -10.423 -10.745 -10.808 -10.774 -10.488 -10.755 -10.818 -10.802 -10.793 -10.69 -10.582 -10.775 -10.532 -10.218 -9.775 -10.653
0.104394 -7.159 -7.49 -8.401 -9.656 -10.29 -10.657 -9.416 -9.777 -10.296 -10.662 -10.807 -10.813 -9.749 -10.436 -10.77 -10.839 -10.809 -10.503 -10.78 -10.849 -10.836 -10.829 -10.714 -10.601 -10.802 -10.574 -10.262 -9.823 -10.677
0.107551 -7.129 -7.451 -8.379 -9.651 -10.299 -10.676 -9.419 -9.774 -10.305 -10.682 -10.835 -10.847 -9.745 -10.449 -10.794 -10.869 -10.844 -10.518 -10.804 -10.879 -10.87 -10.866 -10.738 -10.619 -10.829 -10.615 -10.307 -9.87 -10.7
0.110804 -7.098 -7.41 -8.355 -9.645 -10.307 -10.695 -9.423 -9.771 -10.313 -10.701 -10.862 -10.88 -9.741 -10.461 -10.817 -10.899 -10.879 -10.531 -10.827 -10.909 -10.904 -10.901 -10.762 -10.637 -10.855 -10.656 -10.351 -9.917 -10.723
0.114155 -7.066 -7.368 -8.331 -9.638 -10.314 -10.712 -9.425 -9.766 -10.321 -10.719 -10.888 -10.914 -9.736 -10.472 -10.84 -10.928 -10.913 -10.544 -10.851 -10.939 -10.937 -10.937 -10.784 -10.654 -10.881 -10.696 -10.395 -9.964 -10.746
0.117608 -7.035 -7.325 -8.306 -9.631 -10.321 -10.73 -9.427 -9.761 -10.328 -10.737 -10.914 -10.947 -9.73 -10.483 -10.863 -10.957 -10.947 -10.557 -10.873 -10.968 -10.97 -10.972 -10.807 -10.67 -10.907 -10.737 -10.439 -10.01 -10.768
0.121165 -7.003 -7.28 -8.28 -9.622 -10.326 -10.747 -9.429 -9.755 -10.334 -10.754 -10.94 -10.979 -9.723 -10.493 -10.885 -10.986 -10.98 -10.569 -10.896 -10.997 -11.003 -11.008 -10.829 -10.686 -10.932 -10.777 -10.483 -10.057 -10.789
0.124829 -6.97 -7.234 -8.253 -9.612 -10.331 -10.763 -9.43 -9.748 -10.339 -10.77 -10.965 -11.011 -9.715 -10.502 -10.906 -11.014 -11.013 -10.58 -10.917 -11.025 -11.035 -11.042 -10.85 -10.701 -10.957 -10.817 -10.526 -10.104 -10.81
0.128605 -6.938 -7.186 -8.225 -9.602 -10.335 -10.778 -9.43 -9.74 -10.343 -10.786 -10.99 -11.043 -9.706 -10.51 -10.927 -11.042 -11.046 -10.59 -10.939 -11.053 -11.067 -11.077 -10.871 -10.716 -10.981 -10.857 -10.57 -10.15 -10.831
0.132494 -6.905 -7.138 -8.196 -9.59 -10.339 -10.793 -9.43 -9.731 -10.347 -10.801 -11.014 -11.075 -9.696 -10.518 -10.948 -11.069 -11.078 -10.6 -10.959 -11.081 -11.099 -11.111 -10.892 -10.73 -11.005 -10.896 -10.613 -10.196 -10.851
0.136502 -6.872 -7.087 -8.165 -9.577 -10.341 -10.807 -9.429 -9.721 -10.35 -10.816 -11.038 -11.106 -9.685 -10.525 -10.968 -11.096 -11.11 -10.609 -10.979 -11.108 -11.13 -11.145 -10.912 -10.743 -11.028 -10.935 -10.656 -10.242 -10.871
0.14063 -6.838 -7.035 -8.134 -9.564 -10.343 -10.821 -9.428 -9.71 -10.352 -10.83 -11.061 -11.137 -9.673 -10.531 -10.987 -11.122 -11.142 -10.617 -10.999 -11.134 -11.161 -11.178 -10.931 -10.756 -11.051 -10.974 -10.699 -10.288 -10.89
0.144883 -6.805 -6.982 -8.102 -9.549 -10.344 -10.834 -9.426 -9.698 -10.353 -10.843 -11.084 -11.167 -9.66 -10.537 -11.006 -11.148 -11.173 -10.625 -11.018 -11.16 -11.192 -11.211 -10.95 -10.768 -11.073 -11.013 -10.742 -10.334 -10.909
0.149265 -6.772 -6.927 -8.068 -9.533 -10.344 -10.846 -9.423 -9.685 -10.354 -10.856 -11.106 -11.197 -9.646 -10.542 -11.024 -11.174 -11.204 -10.632 -11.036 -11.186 -11.222 -11.244 -10.969 -10.779 -11.094 -11.051 -10.784 -10.38 -10.927
0.15378 -6.738 -6.87 -8.033 -9.516 -10.343 -10.857 -9.42 -9.671 -10.353 -10.868 -11.128 -11.226 -9.631 -10.546 -11.041 -11.199 -11.234 -10.638 -11.054 -11.211 -11.251 -11.276 -10.986 -10.79 -11.115 -11.089 -10.826 -10.425 -10.945
0.15843 -6.705 -6.812 -7.998 -9.498 -10.341 -10.868 -9.416 -9.656 -10.352 -10.879 -11.149 -11.255 -9.614 -10.549 -11.058 -11.223 -11.264 -10.643 -11.071 -11.236 -11.28 -11.308 -11.004 -10.8 -11.136 -11.127 -10.868 -10.47 -10.962
0.163222 -6.672 -6.752 -7.961 -9.479 -10.338 -10.878 -9.412 -9.639 -10.35 -10.89 -11.17 -11.284 -9.597 -10.551 -11.074 -11.247 -11.294 -10.648 -11.087 -11.26 -11.309 -11.34 -11.02 -10.809 -11.156 -11.165 -10.91 -10.516 -10.978
0.168159 -6.64 -6.691 -7.922 -9.459 -10.335 -10.887 -9.406 -9.622 -10.346 -10.899 -11.19 -11.312 -9.578 -10.552 -11.09 -11.271 -11.323 -10.651 -11.103 -11.284 -11.337 -11.371 -11.037 -10.818 -11.175 -11.202 -10.952 -10.56 -10.995
0.173245 -6.607 -6.628 -7.883 -9.437 -10.33 -10.896 -9.4 -9.603 -10.342 -10.908 -11.209 -11.34 -9.559 -10.553 -11.105 -11.293 -11.352 -10.654 -11.119 -11.307 -11.365 -11.402 -11.052 -10.825 -11.194 -11.239 -10.993 -10.605 -11.01
0.178484 -6.575 -6.563 -7.842 -9.414 -10.324 -10.903 -9.394 -9.584 -10.337 -10.917 -11.228 -11.367 -9.538 -10.553 -11.119 -11.316 -11.38 -10.656 -11.133 -11.33 -11.393 -11.433 -11.067 -10.832 -11.212 -11.276 -11.034 -10.65 -11.025
0.183882 -6.543 -6.496 -7.8 -9.39 -10.318 -10.91 -9.386 -9.563 -10.331 -10.924 -11.246 -11.394 -9.516 -10.551 -11.133 -11.337 -11.408 -10.658 -11.147 -11.352 -11.419 -11.463 -11.081 -10.839 -11.23 -11.312 -11.075 -10.694 -11.039
0.189444 -6.512 -6.428 -7.757 -9.365 -10.31 -10.916 -9.378 -9.541 -10.324 -10.931 -11.263 -11.42 -9.492 -10.549 -11.145 -11.359 -11.435 -10.658 -11.16 -11.373 -11.446 -11.492 -11.095 -10.844 -11.247 -11.348 -11.116 -10.739 -11.053
0.195173 -6.482 -6.357 -7.713 -9.338 -10.301 -10.922 -9.37 -9.517 -10.316 -10.936 -11.28 -11.446 -9.467 -10.546 -11.157 -11.379 -11.462 -10.657 -11.172 -11.394 -11.472 -11.521 -11.108 -10.849 -11.263 -11.384 -11.156 -10.783 -11.067
0.201076 -6.452 -6.285 -7.667 -9.31 -10.292 -10.926 -9.36 -9.492 -10.307 -10.941 -11.297 -11.471 -9.441 -10.542 -11.169 -11.399 -11.488 -10.656 -11.184 -11.414 -11.497 -11.55 -11.12 -10.852 -11.278 -11.419 -11.196 -10.827 -11.079
0.207158 -6.423 -6.211 -7.62 -9.281 -10.281 -10.929 -9.35 -9.466 -10.296 -10.945 -11.312 -11.496 -9.414 -10.537 -11.179 -11.418 -11.514 -10.654 -11.195 -11.434 -11.522 -11.578 -11.132 -10.855 -11.293 -11.454 -11.236 -10.87 -11.091
0.213423 -6.395 -6.135 -7.572 -9.25 -10.269 -10.932 -9.338 -9.439 -10.285 -10.949 -11.327 -11.52 -9.385 -10.53 -11.189 -11.437 -11.539 -10.65 -11.205 -11.453 -11.546 -11.606 -11.142 -10.857 -11.308 -11.489 -11.275 -10.914 -11.102
0.219878 -6.368 -6.057 -7.522 -9.218 -10.256 -10.933 -9.326 -9.41 -10.272 -10.951 -11.341 -11.544 -9.355 -10.523 -11.198 -11.455 -11.564 -10.646 -11.214 -11.471 -11.57 -11.633 -11.153 -10.858 -11.321 -11.523 -11.315 -10.957 -11.113
0.226528 -6.342 -5.977 -7.471 -9.184 -10.241 -10.934 -9.314 -9.38 -10.259 -10.952 -11.355 -11.567 -9.323 -10.515 -11.206 -11.472 -11.588 -10.64 -11.223 -11.489 -11.593 -11.66 -11.162 -10.859 -11.334 -11.557 -11.354 -11.0 -11.123
0.233379 -6.317 -5.895 -7.418 -9.149 -10.226 -10.934 -9.3 -9.348 -10.244 -10.952 -11.368 -11.589 -9.29 -10.505 -11.213 -11.489 -11.612 -10.634 -11.231 -11.505 -11.616 -11.686 -11.171 -10.858 -11.346 -11.59 -11.392 -11.043 -11.133
0.240437 -6.293 -5.81 -7.364 -9.112 -10.209 -10.932 -9.285 -9.315 -10.228 -10.952 -11.379 -11.611 -9.255 -10.495 -11.219 -11.505 -11.635 -10.627 -11.237 -11.522 -11.638 -11.712 -11.179 -10.856 -11.357 -11.623 -11.431 -11.086 -11.141
0.247709 -6.271 -5.724 -7.309 -9.074 -10.191 -10.93 -9.27 -9.28 -10.21 -10.95 -11.391 -11.632 -9.219 -10.483 -11.225 -11.52 -11.657 -10.618 -11.243 -11.537 -11.659 -11.737 -11.186 -10.853 -11.367 -11.656 -11.469 -11.128 -11.149
0.255201 -6.25 -5.635 -7.252 -9.033 -10.171 -10.926 -9.253 -9.243 -10.192 -10.947 -11.401 -11.653 -9.181 -10.47 -11.229 -11.534 -11.679 -10.608 -11.248 -11.552 -11.68 -11.762 -11.192 -10.85 -11.377 -11.688 -11.507 -11.17 -11.156
0.262919 -6.23 -5.544 -7.193 -8.992 -10.151 -10.922 -9.236 -9.205 -10.172 -10.944 -11.41 -11.673 -9.141 -10.456 -11.233 -11.548 -11.7 -10.598 -11.253 -11.566 -11.7 -11.786 -11.197 -10.845 -11.386 -11.719 -11.544 -11.212 -11.163
0.270871 -6.211 -5.451 -7.133 -8.948 -10.129 -10.916 -9.217 -9.166 -10.15 -10.939 -11.419 -11.692 -9.1 -10.44 -11.236 -11.561 -11.72 -10.586 -11.256 -11.579 -11.719 -11.809 -11.202 -10.839 -11.393 -11.751 -11.581 -11.254 -11.169
0.279064 -6.194 -5.355 -7.072 -8.903 -10.105 -10.909 -9.198 -9.124 -10.128 -10.933 -11.427 -11.711 -9.057 -10.424 -11.237 -11.573 -11.74 -10.572 -11.258 -11.592 -11.738 -11.832 -11.206 -10.832 -11.4 -11.781 -11.618 -11.295 -11.174
0.287504 -6.178 -5.257 -7.008 -8.856 -10.08 -10.901 -9.178 -9.081 -10.103 -10.925 -11.434 -11.728 -9.012 -10.406 -11.238 -11.584 -11.759 -10.558 -11.259 -11.603 -11.756 -11.854 -11.208 -10.824 -11.406 -11.812 -11.654 -11.336 -11.178
0.296199 -6.163 -5.156 -6.943 -8.807 -10.053 -10.892 -9.156 -9.036 -10.078 -10.917 -11.44 -11.745 -8.965 -10.386 -11.237 -11.594 -11.777 -10.542 -11.259 -11.614 -11.773 -11.876 -11.21 -10.815 -11.411 -11.842 -11.69 -11.377 -11.181
0.305157 -6.15 -5.053 -6.877 -8.756 -10.025 -10.881 -9.133 -8.989 -10.05 -10.907 -11.445 -11.762 -8.916 -10.365 -11.235 -11.604 -11.795 -10.526 -11.258 -11.624 -11.789 -11.897 -11.211 -10.804 -11.416 -11.871 -11.726 -11.418 -11.184
0.314387 -6.139 -4.947 -6.809 -8.703 -9.995 -10.869 -9.11 -8.94 -10.022 -10.896 -11.449 -11.777 -8.866 -10.343 -11.232 -11.612 -11.812 -10.507 -11.256 -11.633 -11.805 -11.917 -11.211 -10.793 -11.419 -11.9 -11.761 -11.458 -11.185
0.323895 -6.128 -4.839 -6.739 -8.648 -9.964 -10.856 -9.085 -8.89 -9.991 -10.884 -11.452 -11.792 -8.813 -10.319 -11.228 -11.619 -11.828 -10.488 -11.253 -11.64 -11.82 -11.936 -11.21 -10.78 -11.421 -11.928 -11.796 -11.498 -11.186
0.333691 -6.119 -4.728 -6.667 -8.591 -9.931 -10.841 -9.058 -8.837 -9.959 -10.87 -11.454 -11.806 -8.758 -10.293 -11.223 -11.626 -11.843 -10.467 -11.248 -11.647 -11.834 -11.955 -11.207 -10.765 -11.422 -11.955 -11.83 -11.537 -11.186
0.343783 -6.112 -4.615 -6.594 -8.532 -9.896 -10.825 -9.031 -8.782 -9.925 -10.855 -11.454 -11.819 -8.701 -10.266 -11.217 -11.631 -11.857 -10.444 -11.242 -11.653 -11.847 -11.973 -11.204 -10.749 -11.422 -11.982 -11.864 -11.577 -11.185
0.354181 -6.106 -4.499 -6.518 -8.47 -9.859 -10.807 -9.002 -8.725 -9.89 -10.839 -11.454 -11.831 -8.642 -10.238 -11.209 -11.636 -11.871 -10.42 -11.236 -11.658 -11.859 -11.99 -11.199 -10.732 -11.42 -12.009 -11.897 -11.616 -11.183
0.364893 -6.1 -4.38 -6.441 -8.407 -9.821 -10.788 -8.972 -8.665 -9.852 -10.821 -11.453 -11.842 -8.58 -10.207 -11.2 -11.639 -11.883 -10.395 -11.227 -11.662 -11.87 -12.006 -11.194 -10.714 -11.418 -12.035 -11.93 -11.654 -11.18
0.375929 -6.097 -4.258 -6.362 -8.34 -9.78 -10.767 -8.941 -8.603 -9.813 -10.801 -11.45 -11.853 -8.516 -10.175 -11.189 -11.641 -11.895 -10.368 -11.218 -11.665 -11.88 -12.022 -11.187 -10.694 -11.414 -12.06 -11.962 -11.692 -11.176
0.387298 -6.094 -4.134 -6.28 -8.271 -9.738 -10.745 -8.908 -8.539 -9.772 -10.78 -11.446 -11.862 -8.45 -10.141 -11.177 -11.642 -11.905 -10.339 -11.207 -11.666 -11.89 -12.036 -11.179 -10.672 -11.409 -12.084 -11.994 -11.73 -11.171
0.399012 -6.092 -4.007 -6.197 -8.2 -9.693 -10.721 -8.874 -8.473 -9.728 -10.757 -11.441 -11.87 -8.381 -10.105 -11.164 -11.642 -11.915 -10.309 -11.194 -11.666 -11.898 -12.05 -11.169 -10.649 -11.403 -12.108 -12.026 -11.768 -11.165
0.41108 -6.091 -3.877 -6.112 -8.126 -9.646 -10.695 -8.838 -8.403 -9.683 -10.732 -11.434 -11.877 -8.309 -10.067 -11.149 -11.64 -11.923 -10.277 -11.18 -11.665 -11.905 -12.063 -11.159 -10.624 -11.395 -12.131 -12.057 -11.805 -11.158
0.423513 -6.091 -3.745 -6.024 -8.049 -9.597 -10.667 -8.801 -8.331 -9.635 -10.706 -11.426 -11.883 -8.235 -10.027 -11.132 -11.637 -11.931 -10.243 -11.165 -11.663 -11.911 -12.075 -11.146 -10.597 -11.386 -12.153 -12.087 -11.841 -11.149
0.436321 -6.092 -3.611 -5.935 -7.969 -9.546 -10.637 -8.761 -8.256 -9.585 -10.677 -11.417 -11.888 -8.157 -9.985 -11.114 -11.633 -11.937 -10.207 -11.148 -11.659 -11.916 -12.085 -11.133 -10.569 -11.376 -12.174 -12.117 -11.877 -11.14
0.449518 -6.093 -3.474 -5.843 -7.886 -9.492 -10.606 -8.721 -8.179 -9.533 -10.647 -11.406 -11.892 -8.077 -9.94 -11.094 -11.627 -11.942 -10.17 -11.129 -11.654 -11.919 -12.095 -11.118 -10.538 -11.364 -12.195 -12.146 -11.913 -11.129
0.463113 -6.095 -3.335 -5.748 -7.8 -9.435 -10.572 -8.678 -8.098 -9.478 -10.615 -11.393 -11.894 -7.994 -9.894 -11.072 -11.62 -11.946 -10.13 -11.108 -11.648 -11.922 -12.104 -11.101 -10.506 -11.35 -12.215 -12.174 -11.948 -11.117
0.47712 -6.099 -3.239 -5.683 -7.741 -9.397 -10.549 -8.65 -8.042 -9.44 -10.593 -11.386 -11.897 -7.936 -9.862 -11.058 -11.616 -11.95 -10.104 -11.095 -11.645 -11.925 -12.111 -11.091 -10.484 -11.342 -12.23 -12.195 -11.975 -11.11
0.49155 -6.106 -3.246 -5.69 -7.748 -9.404 -10.556 -8.657 -8.049 -9.447 -10.6 -11.393 -11.904 -7.943 -9.869 -11.065 -11.623 -11.957 -10.111 -11.102 -11.652 -11.932 -12.118 -11.098 -10.491 -11.349 -12.237 -12.202 -11.982 -11.117
0.506416 -6.112 -3.252 -5.697 -7.754 -9.41 -10.563 -8.663 -8.055 -9.454 -10.607 -11.399 -11.911 -7.949 -9.875 -11.071 -11.629 -11.964 -10.117 -11.109 -11.658 -11.938 -12.124 -11.104 -10.498 -11.355 -12.243 -12.209 -11.988 -11.123
0.521733 -6.118 -3.258 -5.703 -7.76 -9.416 -10.569 -8.669 -8.061 -9.46 -10.612 -11.405 -11.917 -7.955 -9.881 -11.077 -11.635 -11.969 -10.123 -11.115 -11.664 -11.944 -12.13 -11.11 -10.504 -11.361 -12.249 -12.215 -11.994 -11.129
0.537512 -6.123 -3.263 -5.708 -7.765 -9.421 -10.574 -8.674 -8.066 -9.465 -10.618 -11.41 -11.922 -7.96 -9.886 -11.082 -11.64 -11.975 -10.128 -11.12 -11.669 -11.949 -12.135 -11.115 -10.509 -11.366 -12.254 -12.22 -11.999 -11.134
0.553769 -6.128 -3.268 -5.712 -7.77 -9.426 -10.578 -8.679 -8.071 -9.469 -10.622 -11.415 -11.926 -7.965 -9.891 -11.087 -11.645 -11.979 -10.133 -11.124 -11.674 -11.954 -12.14 -11.12 -10.513 -11.371 -12.259 -12.224 -12.004 -11.139
0.570517 -6.132 -3.272 -5.716 -7.773 -9.43 -10.582 -8.682 -8.075 -9.473 -10.626 -11.419 -11.93 -7.969 -9.895 -11.091 -11.649 -11.983 -10.137 -11.128 -11.678 -11.957 -12.144 -11.123 -10.517 -11.375 -12.263 -12.228 -12.008 -11.143
0.587772 -6.135 -3.275 -5.719 -7.777 -9.433 -10.585 -8.686 -8.078 -9.476 -10.629 -11.422 -11.934 -7.972 -9.898 -11.094 -11.652 -11.986 -10.14 -11.131 -11.681 -11.961 -12.147 -11.127 -10.52 -11.378 -12.266 -12.231 -12.011 -11.146
0.605549 -6.137 -3.277 -5.722 -7.779 -9.435 -10.588 -8.688 -8.08 -9.479 -10.632 -11.424 -11.936 -7.974 -9.9 -11.096 -11.655 -11.989 -10.142 -11.134 -11.683 -11.963 -12.149 -11.129 -10.523 -11.38 -12.268 -12.234 -12.013 -11.148
0.623863 -6.139 -3.279 -5.723 -7.781 -9.437 -10.59 -8.69 -8.082 -9.481 -10.633 -11.426 -11.938 -7.976 -9.902 -11.098 -11.656 -11.99 -10.144 -11.135 -11.685 -11.965 -12.151 -11.131 -10.525 -11.382 -12.27 -12.236 -12.015 -11.15
0.642731 -6.14 -3.28 -5.724 -7.782 -9.438 -10.59 -8.691 -8.083 -9.481 -10.634 -11.427 -11.938 -7.977 -9.903 -11.099 -11.657 -11.991 -10.145 -11.136 -11.686 -11.966 -12.152 -11.132 -10.525 -11.383 -12.271 -12.236 -12.016 -11.151
0.66217 -6.14 -3.28 -5.724 -7.782 -9.438 -10.59 -8.691 -8.083 -9.481 -10.634 -11.427 -11.938 -7.977 -9.903 -11.099 -11.657 -11.991 -10.145 -11.136 -11.686 -11.966 -12.152 -11.132 -10.525 -11.383 -12.271 -12.236 -12.016 -11.151
0.682197 -6.139 -3.279 -5.723 -7.781 -9.437 -10.589 -8.69 -8.082 -9.48 -10.633 -11.426 -11.937 -7.976 -9.902 -11.098 -11.656 -11.99 -10.144 -11.135 -11.685 -11.965 -12.151 -11.131 -10.524 -11.382 -12.27 -12.235 -12.015 -11.15
0.70283 -6.137 -3.277 -5.721 -7.779 -9.435 -10.588 -8.688 -8.08 -9.479 -10.631 -11.424 -11.936 -7.974 -9.9 -11.096 -11.654 -11.988 -10.142 -11.133 -11.683 -11.963 -12.149 -11.129 -10.523 -11.38 -12.268 -12.234 -12.013 -11.148
