web/models/kne/16/villar_0.3304_0.1867_1.0000.dat
# %ECSV 1.0
# ---
# datatype:
# - {name: time, datatype: float64}
# - {name: swift_uvot_uvw2, datatype: float64}
# - {name: swift_uvot_uvm2, datatype: float64}
# - {name: swift_uvot_uvw1, datatype: float64}
# - {name: swift_uvot_U, datatype: float64}
# - {name: swift_uvot_B, datatype: float64}
# - {name: swift_uvot_V, datatype: float64}
# - {name: swift_uvot_W, datatype: float64}
# - {name: johnson_U, datatype: float64}
# - {name: johnson_B, datatype: float64}
# - {name: johnson_V, datatype: float64}
# - {name: johnson_R, datatype: float64}
# - {name: johnson_I, datatype: float64}
# - {name: sdss_u, datatype: float64}
# - {name: sdss_g, datatype: float64}
# - {name: sdss_r, datatype: float64}
# - {name: sdss_i, datatype: float64}
# - {name: sdss_z, datatype: float64}
# - {name: PS1_g, datatype: float64}
# - {name: PS1_r, datatype: float64}
# - {name: PS1_i, datatype: float64}
# - {name: PS1_z, datatype: float64}
# - {name: PS1_Y, datatype: float64}
# - {name: PS1_w, datatype: float64}
# - {name: ATLAS_c, datatype: float64}
# - {name: ATLAS_o, datatype: float64}
# - {name: ukirt_J, datatype: float64}
# - {name: ukirt_H, datatype: float64}
# - {name: ukirt_K, datatype: float64}
# - {name: Clear, datatype: float64}
# meta: !!omap
# - comment: [kappa = 1.0, type = villar, mass = 0.33039895931513485, velocity = 0.1866666666666667, theta_obs = 0.0]
# schema: astropy-2.0
time swift_uvot_uvw2 swift_uvot_uvm2 swift_uvot_uvw1 swift_uvot_U swift_uvot_B swift_uvot_V swift_uvot_W johnson_U johnson_B johnson_V johnson_R johnson_I sdss_u sdss_g sdss_r sdss_i sdss_z PS1_g PS1_r PS1_i PS1_z PS1_Y PS1_w ATLAS_c ATLAS_o ukirt_J ukirt_H ukirt_K Clear
[from data line 214]
0.587772 -14.619 -14.918 -15.22 -15.701 -15.809 -15.775 -15.376 -15.729 -15.808 -15.77 -15.621 -15.382 -15.726 -15.807 -15.703 -15.541 -15.346 -15.815 -15.711 -15.549 -15.404 -15.329 -15.686 -15.774 -15.634 -14.876 -14.44 -13.901 -15.692
0.605549 -14.616 -14.919 -15.23 -15.724 -15.839 -15.811 -15.395 -15.753 -15.838 -15.806 -15.661 -15.425 -15.75 -15.839 -15.741 -15.582 -15.389 -15.848 -15.749 -15.59 -15.448 -15.373 -15.723 -15.808 -15.674 -14.923 -14.489 -13.951 -15.728
0.623863 -14.613 -14.92 -15.239 -15.745 -15.869 -15.846 -15.413 -15.776 -15.867 -15.841 -15.7 -15.468 -15.773 -15.871 -15.779 -15.623 -15.433 -15.88 -15.787 -15.631 -15.49 -15.416 -15.76 -15.843 -15.713 -14.97 -14.537 -14.001 -15.764
0.642731 -14.609 -14.92 -15.247 -15.767 -15.898 -15.881 -15.432 -15.799 -15.896 -15.876 -15.74 -15.511 -15.795 -15.902 -15.817 -15.664 -15.476 -15.912 -15.825 -15.672 -15.533 -15.46 -15.797 -15.877 -15.752 -15.016 -14.586 -14.051 -15.8
0.66217 -14.604 -14.92 -15.255 -15.788 -15.927 -15.916 -15.45 -15.821 -15.925 -15.911 -15.779 -15.553 -15.817 -15.933 -15.854 -15.705 -15.519 -15.944 -15.862 -15.713 -15.576 -15.503 -15.833 -15.91 -15.791 -15.063 -14.634 -14.1 -15.836
0.682197 -14.598 -14.918 -15.262 -15.808 -15.955 -15.951 -15.468 -15.843 -15.954 -15.946 -15.818 -15.596 -15.839 -15.964 -15.891 -15.746 -15.562 -15.975 -15.899 -15.754 -15.618 -15.546 -15.87 -15.944 -15.829 -15.109 -14.682 -14.15 -15.871
0.70283 -14.591 -14.916 -15.268 -15.828 -15.983 -15.985 -15.485 -15.864 -15.982 -15.98 -15.856 -15.638 -15.86 -15.994 -15.928 -15.786 -15.605 -16.006 -15.936 -15.794 -15.66 -15.589 -15.905 -15.977 -15.868 -15.156 -14.731 -14.2 -15.906
0.724086 -14.584 -14.913 -15.274 -15.847 -16.011 -16.019 -15.502 -15.885 -16.009 -16.014 -15.895 -15.68 -15.88 -16.024 -15.965 -15.826 -15.648 -16.037 -15.973 -15.834 -15.702 -15.632 -15.941 -16.01 -15.906 -15.202 -14.779 -14.249 -15.941
0.745986 -14.576 -14.909 -15.279 -15.866 -16.038 -16.052 -15.518 -15.905 -16.037 -16.048 -15.933 -15.722 -15.9 -16.053 -16.001 -15.866 -15.69 -16.067 -16.009 -15.874 -15.744 -15.674 -15.977 -16.042 -15.943 -15.248 -14.827 -14.299 -15.975
0.768548 -14.567 -14.904 -15.284 -15.884 -16.065 -16.085 -15.534 -15.925 -16.064 -16.081 -15.971 -15.764 -15.919 -16.082 -16.037 -15.906 -15.732 -16.097 -16.045 -15.913 -15.786 -15.717 -16.012 -16.074 -15.981 -15.294 -14.875 -14.348 -16.009
0.791792 -14.558 -14.899 -15.287 -15.902 -16.091 -16.118 -15.55 -15.944 -16.09 -16.114 -16.008 -15.805 -15.938 -16.111 -16.073 -15.945 -15.774 -16.127 -16.081 -15.953 -15.827 -15.759 -16.046 -16.106 -16.018 -15.34 -14.922 -14.398 -16.043
0.815739 -14.548 -14.892 -15.29 -15.919 -16.117 -16.15 -15.565 -15.963 -16.116 -16.147 -16.045 -15.847 -15.957 -16.139 -16.108 -15.984 -15.816 -16.156 -16.116 -15.992 -15.869 -15.801 -16.081 -16.137 -16.055 -15.385 -14.97 -14.447 -16.077
0.840411 -14.536 -14.885 -15.293 -15.936 -16.142 -16.183 -15.58 -15.981 -16.141 -16.179 -16.083 -15.888 -15.974 -16.167 -16.144 -16.023 -15.858 -16.185 -16.151 -16.031 -15.91 -15.843 -16.115 -16.168 -16.092 -15.431 -15.018 -14.496 -16.11
0.865828 -14.524 -14.876 -15.294 -15.952 -16.167 -16.214 -15.595 -15.998 -16.166 -16.211 -16.119 -15.929 -15.992 -16.194 -16.178 -16.062 -15.899 -16.213 -16.186 -16.07 -15.95 -15.885 -16.149 -16.199 -16.129 -15.476 -15.065 -14.545 -16.143
0.892015 -14.511 -14.867 -15.295 -15.967 -16.192 -16.246 -15.609 -16.015 -16.191 -16.242 -16.156 -15.969 -16.008 -16.221 -16.213 -16.1 -15.941 -16.241 -16.221 -16.108 -15.991 -15.927 -16.182 -16.229 -16.165 -15.521 -15.112 -14.594 -16.175
0.918993 -14.498 -14.857 -15.295 -15.982 -16.216 -16.277 -15.623 -16.032 -16.215 -16.273 -16.192 -16.01 -16.024 -16.248 -16.247 -16.139 -15.982 -16.268 -16.255 -16.146 -16.031 -15.968 -16.216 -16.259 -16.201 -15.566 -15.159 -14.643 -16.208
0.946787 -14.483 -14.846 -15.294 -15.996 -16.239 -16.307 -15.636 -16.047 -16.239 -16.304 -16.228 -16.05 -16.039 -16.274 -16.281 -16.176 -16.023 -16.295 -16.289 -16.184 -16.072 -16.01 -16.249 -16.289 -16.236 -15.611 -15.207 -14.692 -16.24
0.975422 -14.468 -14.834 -15.293 -16.009 -16.262 -16.338 -15.648 -16.063 -16.262 -16.335 -16.263 -16.09 -16.054 -16.299 -16.314 -16.214 -16.063 -16.322 -16.322 -16.222 -16.112 -16.051 -16.281 -16.318 -16.271 -15.656 -15.253 -14.741 -16.271
1.004923 -14.451 -14.82 -15.29 -16.022 -16.285 -16.367 -15.661 -16.077 -16.284 -16.365 -16.299 -16.13 -16.068 -16.325 -16.348 -16.251 -16.103 -16.348 -16.355 -16.259 -16.151 -16.091 -16.313 -16.346 -16.306 -15.7 -15.3 -14.79 -16.302
1.035317 -14.434 -14.806 -15.287 -16.034 -16.307 -16.397 -15.673 -16.091 -16.306 -16.394 -16.334 -16.169 -16.081 -16.349 -16.38 -16.288 -16.143 -16.374 -16.388 -16.296 -16.191 -16.132 -16.345 -16.375 -16.341 -15.745 -15.347 -14.838 -16.333
1.066629 -14.416 -14.791 -15.283 -16.045 -16.328 -16.426 -15.684 -16.104 -16.328 -16.423 -16.368 -16.208 -16.094 -16.373 -16.413 -16.325 -16.183 -16.399 -16.42 -16.333 -16.23 -16.172 -16.377 -16.402 -16.375 -15.789 -15.393 -14.886 -16.364
1.098888 -14.397 -14.774 -15.278 -16.056 -16.349 -16.454 -15.695 -16.116 -16.349 -16.452 -16.403 -16.247 -16.106 -16.397 -16.445 -16.362 -16.223 -16.424 -16.452 -16.369 -16.269 -16.213 -16.408 -16.43 -16.409 -15.833 -15.44 -14.935 -16.394
1.132124 -14.376 -14.757 -15.272 -16.066 -16.369 -16.482 -15.705 -16.128 -16.369 -16.48 -16.436 -16.286 -16.117 -16.42 -16.476 -16.398 -16.262 -16.448 -16.484 -16.405 -16.308 -16.253 -16.438 -16.457 -16.443 -15.877 -15.486 -14.983 -16.424
1.166364 -14.355 -14.738 -15.265 -16.075 -16.388 -16.51 -15.715 -16.139 -16.389 -16.508 -16.47 -16.324 -16.128 -16.442 -16.508 -16.433 -16.301 -16.472 -16.515 -16.441 -16.346 -16.292 -16.469 -16.483 -16.476 -15.921 -15.532 -15.031 -16.453
1.20164 -14.333 -14.718 -15.257 -16.083 -16.407 -16.537 -15.724 -16.149 -16.408 -16.535 -16.503 -16.363 -16.137 -16.464 -16.538 -16.469 -16.34 -16.495 -16.546 -16.477 -16.384 -16.332 -16.499 -16.509 -16.509 -15.964 -15.578 -15.079 -16.482
1.237983 -14.31 -14.697 -15.248 -16.091 -16.426 -16.563 -15.733 -16.159 -16.426 -16.562 -16.536 -16.4 -16.146 -16.486 -16.569 -16.504 -16.379 -16.517 -16.576 -16.512 -16.422 -16.371 -16.528 -16.534 -16.541 -16.007 -15.624 -15.127 -16.51
1.275425 -14.286 -14.675 -15.239 -16.098 -16.443 -16.589 -15.741 -16.167 -16.444 -16.588 -16.568 -16.438 -16.154 -16.507 -16.599 -16.539 -16.417 -16.539 -16.606 -16.547 -16.459 -16.41 -16.557 -16.559 -16.573 -16.05 -15.67 -15.174 -16.538
1.313999 -14.261 -14.651 -15.228 -16.103 -16.46 -16.615 -15.749 -16.175 -16.461 -16.614 -16.6 -16.475 -16.162 -16.527 -16.628 -16.573 -16.455 -16.561 -16.636 -16.581 -16.497 -16.449 -16.586 -16.584 -16.605 -16.093 -15.715 -15.222 -16.566
1.35374 -14.234 -14.627 -15.216 -16.108 -16.477 -16.64 -15.756 -16.182 -16.478 -16.639 -16.632 -16.512 -16.168 -16.546 -16.657 -16.607 -16.492 -16.582 -16.665 -16.615 -16.533 -16.487 -16.614 -16.607 -16.636 -16.136 -15.76 -15.269 -16.593
1.394683 -14.207 -14.6 -15.203 -16.113 -16.492 -16.664 -15.762 -16.188 -16.494 -16.664 -16.663 -16.548 -16.174 -16.565 -16.686 -16.641 -16.529 -16.602 -16.694 -16.649 -16.57 -16.525 -16.642 -16.631 -16.667 -16.178 -15.805 -15.317 -16.62
1.436864 -14.179 -14.573 -15.189 -16.116 -16.507 -16.688 -15.768 -16.193 -16.509 -16.688 -16.694 -16.585 -16.178 -16.583 -16.714 -16.674 -16.566 -16.621 -16.722 -16.682 -16.606 -16.563 -16.669 -16.653 -16.697 -16.22 -15.85 -15.364 -16.646
1.480321 -14.149 -14.544 -15.174 -16.118 -16.522 -16.712 -15.773 -16.198 -16.523 -16.711 -16.724 -16.62 -16.182 -16.601 -16.741 -16.707 -16.603 -16.64 -16.749 -16.715 -16.642 -16.601 -16.695 -16.675 -16.727 -16.262 -15.895 -15.411 -16.672
1.525092 -14.118 -14.513 -15.158 -16.119 -16.535 -16.734 -15.777 -16.201 -16.537 -16.734 -16.754 -16.656 -16.185 -16.618 -16.768 -16.739 -16.639 -16.659 -16.776 -16.747 -16.678 -16.638 -16.722 -16.697 -16.756 -16.304 -15.94 -15.458 -16.697
1.571218 -14.087 -14.481 -15.14 -16.119 -16.548 -16.756 -15.781 -16.204 -16.55 -16.757 -16.783 -16.691 -16.187 -16.634 -16.795 -16.771 -16.675 -16.676 -16.803 -16.779 -16.713 -16.675 -16.747 -16.718 -16.785 -16.345 -15.984 -15.504 -16.722
1.618738 -14.054 -14.448 -15.122 -16.119 -16.559 -16.778 -15.784 -16.205 -16.562 -16.778 -16.812 -16.726 -16.187 -16.649 -16.82 -16.802 -16.71 -16.693 -16.829 -16.811 -16.748 -16.711 -16.772 -16.738 -16.813 -16.386 -16.028 -15.551 -16.746
1.667696 -14.019 -14.413 -15.102 -16.117 -16.57 -16.798 -15.787 -16.205 -16.573 -16.799 -16.84 -16.76 -16.187 -16.664 -16.846 -16.833 -16.745 -16.709 -16.854 -16.842 -16.782 -16.747 -16.797 -16.757 -16.841 -16.427 -16.072 -15.597 -16.77
1.718134 -13.984 -14.376 -15.081 -16.114 -16.58 -16.818 -15.789 -16.205 -16.583 -16.82 -16.868 -16.794 -16.186 -16.678 -16.87 -16.864 -16.78 -16.724 -16.879 -16.872 -16.816 -16.783 -16.821 -16.776 -16.868 -16.468 -16.115 -15.643 -16.793
1.770098 -13.947 -14.338 -15.058 -16.11 -16.59 -16.838 -15.79 -16.203 -16.592 -16.839 -16.895 -16.827 -16.183 -16.691 -16.894 -16.894 -16.814 -16.739 -16.903 -16.902 -16.849 -16.819 -16.844 -16.794 -16.895 -16.508 -16.159 -15.689 -16.815
1.823633 -13.91 -14.297 -15.034 -16.104 -16.598 -16.856 -15.79 -16.2 -16.601 -16.858 -16.922 -16.86 -16.18 -16.703 -16.918 -16.923 -16.848 -16.753 -16.926 -16.932 -16.882 -16.854 -16.867 -16.812 -16.921 -16.548 -16.202 -15.735 -16.837
1.878788 -13.87 -14.256 -15.009 -16.098 -16.605 -16.874 -15.789 -16.196 -16.608 -16.876 -16.948 -16.893 -16.175 -16.714 -16.941 -16.952 -16.882 -16.765 -16.949 -16.961 -16.915 -16.888 -16.889 -16.828 -16.947 -16.587 -16.245 -15.781 -16.859
1.93561 -13.83 -14.212 -14.982 -16.09 -16.611 -16.891 -15.788 -16.191 -16.615 -16.894 -16.973 -16.925 -16.169 -16.724 -16.963 -16.98 -16.914 -16.777 -16.971 -16.989 -16.947 -16.923 -16.911 -16.844 -16.972 -16.627 -16.288 -15.826 -16.879
1.994152 -13.789 -14.166 -14.954 -16.081 -16.616 -16.907 -15.785 -16.184 -16.62 -16.91 -16.998 -16.956 -16.162 -16.733 -16.984 -17.008 -16.947 -16.788 -16.993 -17.017 -16.979 -16.956 -16.931 -16.859 -16.996 -16.666 -16.33 -15.871 -16.899
2.054463 -13.746 -14.118 -14.924 -16.071 -16.621 -16.923 -15.782 -16.176 -16.625 -16.926 -17.022 -16.987 -16.153 -16.742 -17.005 -17.035 -16.979 -16.799 -17.014 -17.045 -17.01 -16.99 -16.952 -16.873 -17.02 -16.704 -16.372 -15.916 -16.918
2.116599 -13.701 -14.068 -14.892 -16.059 -16.624 -16.937 -15.778 -16.167 -16.628 -16.941 -17.045 -17.018 -16.143 -16.749 -17.025 -17.062 -17.01 -16.808 -17.034 -17.071 -17.041 -17.023 -16.971 -16.886 -17.042 -16.742 -16.414 -15.961 -16.937
2.180614 -13.656 -14.017 -14.859 -16.045 -16.626 -16.951 -15.773 -16.156 -16.63 -16.955 -17.068 -17.048 -16.131 -16.756 -17.044 -17.088 -17.041 -16.816 -17.053 -17.097 -17.071 -17.055 -16.989 -16.899 -17.065 -16.78 -16.456 -16.005 -16.955
2.246566 -13.609 -13.962 -14.824 -16.031 -16.626 -16.963 -15.767 -16.144 -16.631 -16.968 -17.09 -17.077 -16.118 -16.761 -17.062 -17.113 -17.071 -16.823 -17.071 -17.123 -17.1 -17.087 -17.007 -16.91 -17.086 -16.818 -16.497 -16.05 -16.972
2.314511 -13.561 -13.906 -14.788 -16.014 -16.626 -16.975 -15.76 -16.131 -16.631 -16.979 -17.111 -17.106 -16.104 -16.765 -17.079 -17.138 -17.101 -16.829 -17.089 -17.147 -17.129 -17.118 -17.024 -16.921 -17.107 -16.855 -16.538 -16.094 -16.988
2.384512 -13.512 -13.847 -14.749 -15.996 -16.624 -16.985 -15.752 -16.116 -16.63 -16.99 -17.132 -17.134 -16.088 -16.768 -17.096 -17.161 -17.13 -16.834 -17.105 -17.171 -17.157 -17.149 -17.04 -16.93 -17.126 -16.891 -16.578 -16.137 -17.003
2.45663 -13.461 -13.786 -14.709 -15.977 -16.621 -16.995 -15.742 -16.099 -16.627 -17.0 -17.151 -17.161 -16.07 -16.769 -17.111 -17.184 -17.159 -16.838 -17.121 -17.195 -17.185 -17.179 -17.056 -16.938 -17.145 -16.927 -16.618 -16.181 -17.018
2.530929 -13.409 -13.722 -14.666 -15.955 -16.616 -17.003 -15.732 -16.081 -16.622 -17.009 -17.17 -17.188 -16.051 -16.77 -17.126 -17.207 -17.186 -16.84 -17.136 -17.217 -17.212 -17.209 -17.07 -16.945 -17.164 -16.963 -16.658 -16.224 -17.032
2.607475 -13.356 -13.656 -14.622 -15.932 -16.61 -17.01 -15.72 -16.06 -16.617 -17.017 -17.188 -17.214 -16.03 -16.769 -17.139 -17.228 -17.213 -16.841 -17.149 -17.239 -17.238 -17.238 -17.083 -16.951 -17.181 -16.998 -16.698 -16.267 -17.044
2.686337 -13.301 -13.586 -14.575 -15.907 -16.603 -17.016 -15.708 -16.038 -16.61 -17.023 -17.205 -17.24 -16.006 -16.766 -17.152 -17.248 -17.24 -16.841 -17.162 -17.259 -17.263 -17.266 -17.095 -16.956 -17.197 -17.033 -16.737 -16.309 -17.056
2.767583 -13.245 -13.514 -14.527 -15.88 -16.593 -17.021 -15.693 -16.014 -16.601 -17.028 -17.22 -17.264 -15.981 -16.763 -17.163 -17.268 -17.265 -16.84 -17.174 -17.279 -17.288 -17.294 -17.107 -16.96 -17.212 -17.067 -16.775 -16.351 -17.067
2.851287 -13.189 -13.439 -14.476 -15.851 -16.583 -17.024 -15.678 -15.989 -16.591 -17.032 -17.235 -17.288 -15.954 -16.757 -17.173 -17.287 -17.29 -16.837 -17.184 -17.298 -17.312 -17.321 -17.117 -16.962 -17.226 -17.1 -16.813 -16.393 -17.077
2.937522 -13.13 -13.361 -14.422 -15.819 -16.57 -17.026 -15.661 -15.96 -16.579 -17.035 -17.249 -17.311 -15.925 -16.75 -17.182 -17.304 -17.314 -16.832 -17.193 -17.316 -17.335 -17.347 -17.126 -16.963 -17.239 -17.133 -16.851 -16.434 -17.085
3.026365 -13.071 -13.279 -14.366 -15.786 -16.556 -17.027 -15.642 -15.93 -16.565 -17.036 -17.262 -17.333 -15.894 -16.742 -17.19 -17.321 -17.337 -16.826 -17.201 -17.333 -17.357 -17.373 -17.134 -16.962 -17.251 -17.166 -16.888 -16.476 -17.093
3.117896 -13.011 -13.194 -14.308 -15.75 -16.539 -17.026 -15.622 -15.898 -16.549 -17.035 -17.273 -17.354 -15.86 -16.731 -17.196 -17.337 -17.36 -16.819 -17.208 -17.349 -17.378 -17.397 -17.141 -16.96 -17.262 -17.197 -16.925 -16.516 -17.099
3.212194 -12.95 -13.105 -14.246 -15.711 -16.521 -17.023 -15.601 -15.863 -16.531 -17.033 -17.283 -17.374 -15.824 -16.719 -17.201 -17.351 -17.381 -16.809 -17.213 -17.363 -17.399 -17.421 -17.146 -16.957 -17.272 -17.228 -16.961 -16.556 -17.104
3.309345 -12.888 -13.013 -14.182 -15.67 -16.501 -17.019 -15.578 -15.825 -16.511 -17.03 -17.292 -17.393 -15.785 -16.705 -17.205 -17.364 -17.401 -16.798 -17.217 -17.377 -17.418 -17.444 -17.15 -16.951 -17.28 -17.259 -16.997 -16.596 -17.108
3.409434 -12.825 -12.917 -14.115 -15.626 -16.478 -17.013 -15.553 -15.785 -16.49 -17.024 -17.3 -17.411 -15.743 -16.689 -17.207 -17.376 -17.42 -16.785 -17.22 -17.389 -17.436 -17.466 -17.153 -16.944 -17.287 -17.288 -17.032 -16.636 -17.111
3.51255 -12.762 -12.816 -14.045 -15.58 -16.454 -17.005 -15.526 -15.743 -16.465 -17.017 -17.306 -17.428 -15.699 -16.671 -17.207 -17.387 -17.439 -16.77 -17.22 -17.4 -17.453 -17.487 -17.154 -16.935 -17.292 -17.317 -17.066 -16.674 -17.112
3.618785 -12.698 -12.711 -13.972 -15.53 -16.426 -16.995 -15.497 -15.697 -16.439 -17.008 -17.311 -17.443 -15.652 -16.651 -17.206 -17.396 -17.456 -16.753 -17.219 -17.41 -17.469 -17.506 -17.153 -16.925 -17.296 -17.345 -17.1 -16.713 -17.111
3.728232 -12.633 -12.602 -13.895 -15.477 -16.397 -16.983 -15.466 -15.648 -16.41 -16.997 -17.314 -17.458 -15.602 -16.628 -17.203 -17.404 -17.471 -16.733 -17.217 -17.418 -17.484 -17.525 -17.151 -16.912 -17.298 -17.372 -17.133 -16.751 -17.109
3.84099 -12.569 -12.488 -13.815 -15.421 -16.364 -16.969 -15.433 -15.596 -16.378 -16.984 -17.315 -17.471 -15.548 -16.603 -17.198 -17.41 -17.486 -16.711 -17.212 -17.424 -17.497 -17.543 -17.147 -16.897 -17.298 -17.398 -17.165 -16.788 -17.105
3.957158 -12.504 -12.369 -13.731 -15.361 -16.329 -16.953 -15.397 -15.541 -16.344 -16.968 -17.315 -17.483 -15.491 -16.575 -17.191 -17.415 -17.499 -16.687 -17.206 -17.429 -17.509 -17.559 -17.141 -16.88 -17.297 -17.423 -17.197 -16.824 -17.1
4.07684 -12.44 -12.244 -13.643 -15.298 -16.291 -16.934 -15.359 -15.482 -16.306 -16.95 -17.313 -17.493 -15.43 -16.545 -17.181 -17.417 -17.511 -16.66 -17.197 -17.433 -17.519 -17.574 -17.133 -16.86 -17.294 -17.447 -17.227 -16.86 -17.093
