web/models/kne/16/villar_0.0023_0.4217_1.0000.dat
# %ECSV 1.0
# ---
# datatype:
# - {name: time, datatype: float64}
# - {name: swift_uvot_uvw2, datatype: float64}
# - {name: swift_uvot_uvm2, datatype: float64}
# - {name: swift_uvot_uvw1, datatype: float64}
# - {name: swift_uvot_U, datatype: float64}
# - {name: swift_uvot_B, datatype: float64}
# - {name: swift_uvot_V, datatype: float64}
# - {name: swift_uvot_W, datatype: float64}
# - {name: johnson_U, datatype: float64}
# - {name: johnson_B, datatype: float64}
# - {name: johnson_V, datatype: float64}
# - {name: johnson_R, datatype: float64}
# - {name: johnson_I, datatype: float64}
# - {name: sdss_u, datatype: float64}
# - {name: sdss_g, datatype: float64}
# - {name: sdss_r, datatype: float64}
# - {name: sdss_i, datatype: float64}
# - {name: sdss_z, datatype: float64}
# - {name: PS1_g, datatype: float64}
# - {name: PS1_r, datatype: float64}
# - {name: PS1_i, datatype: float64}
# - {name: PS1_z, datatype: float64}
# - {name: PS1_Y, datatype: float64}
# - {name: PS1_w, datatype: float64}
# - {name: ATLAS_c, datatype: float64}
# - {name: ATLAS_o, datatype: float64}
# - {name: ukirt_J, datatype: float64}
# - {name: ukirt_H, datatype: float64}
# - {name: ukirt_K, datatype: float64}
# - {name: Clear, datatype: float64}
# meta: !!omap
# - comment: [kappa = 1.0, type = villar, mass = 0.0022901433483143324, velocity = 0.4216666666666667, theta_obs = 0.0]
# schema: astropy-2.0
time swift_uvot_uvw2 swift_uvot_uvm2 swift_uvot_uvw1 swift_uvot_U swift_uvot_B swift_uvot_V swift_uvot_W johnson_U johnson_B johnson_V johnson_R johnson_I sdss_u sdss_g sdss_r sdss_i sdss_z PS1_g PS1_r PS1_i PS1_z PS1_Y PS1_w ATLAS_c ATLAS_o ukirt_J ukirt_H ukirt_K Clear
[from data line 215]
0.605549 -6.329 -1.152 -2.628 -4.42 -7.081 -8.99 -7.064 -4.895 -7.2 -9.099 -10.593 -11.608 -4.686 -7.887 -9.914 -10.976 -11.697 -8.663 -10.045 -11.041 -11.621 -12.038 -10.198 -9.032 -10.508 -12.537 -12.816 -12.843 -10.537
0.623863 -6.229 -1.033 -2.145 -3.849 -6.634 -8.635 -6.739 -4.346 -6.765 -8.754 -10.337 -11.413 -4.123 -7.484 -9.612 -10.735 -11.506 -8.391 -9.765 -10.808 -11.424 -11.871 -9.934 -8.697 -10.248 -12.416 -12.736 -12.796 -10.338
0.642731 -6.121 -0.914 -1.628 -3.228 -6.147 -8.247 -6.391 -3.748 -6.292 -8.376 -10.057 -11.199 -3.51 -7.044 -9.28 -10.471 -11.294 -8.116 -9.461 -10.552 -11.207 -11.687 -9.645 -8.331 -9.962 -12.281 -12.645 -12.74 -10.127
0.66217 -6.002 -0.791 -1.074 -2.552 -5.616 -7.821 -6.021 -3.096 -5.776 -7.963 -9.749 -10.962 -2.841 -6.563 -8.915 -10.179 -11.059 -7.842 -9.134 -10.271 -10.966 -11.485 -9.33 -7.931 -9.648 -12.129 -12.541 -12.676 -9.903
0.682197 -5.873 -0.659 -0.477 -1.814 -5.034 -7.353 -5.628 -2.384 -5.213 -7.51 -9.411 -10.7 -2.111 -6.037 -8.514 -9.857 -10.8 -7.573 -8.782 -9.962 -10.701 -11.261 -8.983 -7.493 -9.303 -11.959 -12.424 -12.601 -9.668
0.70283 -5.732 -0.517 0.167 -1.006 -4.397 -6.839 -5.213 -1.605 -4.596 -7.013 -9.04 -10.411 -1.312 -5.46 -8.073 -9.502 -10.512 -7.311 -8.407 -9.623 -10.408 -11.014 -8.603 -7.013 -8.924 -11.77 -12.292 -12.515 -9.421
0.724086 -5.578 -0.363 0.863 -0.122 -3.698 -6.273 -4.78 -0.751 -3.921 -6.466 -8.631 -10.09 -0.437 -4.827 -7.587 -9.109 -10.193 -7.059 -8.009 -9.253 -10.085 -10.741 -8.185 -6.486 -8.507 -11.557 -12.143 -12.417 -9.164
0.745986 -5.409 -0.194 1.619 0.849 -2.929 -5.649 -4.334 0.187 -3.181 -5.864 -8.18 -9.736 0.525 -4.131 -7.05 -8.674 -9.838 -6.815 -7.594 -8.847 -9.728 -10.442 -7.725 -5.907 -8.046 -11.319 -11.974 -12.304 -8.896
0.768548 -5.224 -0.008 2.441 1.918 -2.082 -4.959 -3.882 1.219 -2.366 -5.199 -7.682 -9.342 1.584 -3.364 -6.456 -8.191 -9.444 -6.575 -7.168 -8.405 -9.334 -10.113 -7.218 -5.269 -7.538 -11.052 -11.784 -12.176 -8.619
0.791792 -5.02 0.195 3.337 3.096 -1.148 -4.196 -3.434 2.357 -1.47 -4.465 -7.131 -8.906 2.752 -2.516 -5.798 -7.654 -9.005 -6.335 -6.739 -7.926 -8.9 -9.753 -6.657 -4.564 -6.975 -10.752 -11.569 -12.03 -8.333
0.815739 -4.796 0.419 4.318 4.399 -0.113 -3.348 -3.0 3.616 -0.48 -3.653 -6.522 -8.42 4.044 -1.578 -5.067 -7.057 -8.515 -6.089 -6.317 -7.412 -8.423 -9.36 -6.036 -3.785 -6.352 -10.416 -11.327 -11.863 -8.037
0.840411 -4.549 0.666 5.394 5.842 1.034 -2.406 -2.585 5.011 0.615 -2.752 -5.845 -7.88 5.476 -0.537 -4.254 -6.391 -7.968 -5.828 -5.909 -6.866 -7.901 -8.934 -5.346 -2.92 -5.659 -10.037 -11.052 -11.673 -7.73
0.865828 -4.277 0.939 6.578 7.447 2.31 -1.355 -2.189 6.563 1.829 -1.749 -5.093 -7.277 7.068 0.621 -3.346 -5.646 -7.355 -5.548 -5.516 -6.298 -7.335 -8.474 -4.579 -1.958 -4.888 -9.611 -10.741 -11.457 -7.409
0.892015 -3.974 1.241 7.885 9.236 3.733 -0.18 -1.805 8.292 3.179 -0.633 -4.256 -6.603 8.842 1.913 -2.332 -4.812 -6.668 -5.242 -5.133 -5.722 -6.728 -7.984 -3.723 -0.886 -4.028 -9.129 -10.389 -11.21 -7.071
0.918993 -3.638 1.577 9.332 11.236 5.324 1.137 -1.42 10.226 4.684 0.614 -3.321 -5.849 10.826 3.358 -1.194 -3.875 -5.896 -4.905 -4.748 -5.152 -6.088 -7.467 -2.765 0.313 -3.065 -8.584 -9.988 -10.928 -6.709
0.946787 -3.264 1.952 10.941 13.48 7.11 2.618 -1.018 12.395 6.366 2.01 -2.274 -5.002 13.052 4.98 0.086 -2.82 -5.026 -4.53 -4.346 -4.599 -5.429 -6.927 -1.69 1.659 -1.985 -7.966 -9.533 -10.605 -6.317
0.975422 -2.845 2.371 12.738 16.006 9.119 4.288 -0.586 14.836 8.254 3.577 -1.1 -4.051 15.556 6.806 1.529 -1.627 -4.042 -4.111 -3.914 -4.059 -4.767 -6.367 -0.479 3.174 -0.769 -7.264 -9.014 -10.234 -5.887
1.004923 -2.375 2.841 14.754 18.861 11.39 6.178 -0.11 17.593 10.378 5.342 0.222 -2.978 18.385 8.869 3.163 -0.276 -2.928 -3.64 -3.439 -3.518 -4.113 -5.788 0.89 4.886 0.604 -6.463 -8.42 -9.809 -5.41
1.035317 -1.845 3.371 17.026 22.099 13.965 8.324 0.422 20.72 12.778 7.334 1.714 -1.765 21.591 11.21 5.019 1.26 -1.662 -3.111 -2.907 -2.952 -3.462 -5.181 2.442 6.828 2.162 -5.547 -7.739 -9.318 -4.877
1.066629 -1.245 3.97 19.601 25.787 16.897 10.771 1.023 24.278 15.501 9.591 3.403 -0.39 25.241 13.875 7.135 3.013 -0.22 -2.511 -2.306 -2.336 -2.794 -4.533 4.21 9.041 3.935 -4.496 -6.956 -8.752 -4.276
1.098888 -0.564 4.652 22.535 30.008 20.25 13.572 1.705 28.345 18.603 12.156 5.322 1.173 29.413 16.924 9.558 5.022 1.43 -1.829 -1.625 -1.648 -2.079 -3.825 6.233 11.571 5.961 -3.287 -6.054 -8.096 -3.593
1.132124 0.215 5.431 25.897 34.858 24.103 16.792 2.483 33.015 22.154 15.082 7.511 2.956 34.202 20.425 12.343 7.332 3.322 -1.051 -0.846 -0.868 -1.287 -3.034 8.557 14.48 8.289 -1.888 -5.009 -7.333 -2.814
1.166364 1.07 6.286 29.521 40.087 28.258 20.27 3.339 38.044 25.972 18.221 9.865 4.878 39.358 24.203 15.355 9.836 5.37 -0.195 0.009 -0.012 -0.427 -2.173 11.074 17.625 10.808 -0.356 -3.857 -6.483 -1.959
1.20164 1.448 6.663 29.898 40.464 28.636 20.647 3.716 38.421 26.35 18.598 10.242 5.255 39.735 24.581 15.733 10.213 5.747 0.182 0.387 0.365 -0.05 -1.796 11.451 18.002 11.186 0.021 -3.48 -6.106 -1.582
1.237983 1.848 7.064 30.299 40.865 29.036 21.048 4.117 38.822 26.75 18.999 10.643 5.656 40.136 24.981 16.133 10.614 6.148 0.583 0.787 0.766 0.35 -1.395 11.852 18.403 11.586 0.421 -3.079 -5.705 -1.181
1.275425 2.273 7.489 30.724 41.29 29.461 21.473 4.542 39.247 27.176 19.424 11.068 6.081 40.561 25.406 16.558 11.039 6.573 1.008 1.212 1.191 0.776 -0.97 12.277 18.828 12.011 0.847 -2.654 -5.28 -0.756
1.313999 2.725 7.94 31.175 41.741 29.913 21.924 4.993 39.698 27.627 19.876 11.519 6.532 41.012 25.858 17.01 11.49 7.024 1.459 1.664 1.642 1.227 -0.519 12.728 19.279 12.463 1.298 -2.203 -4.829 -0.305
1.35374 3.204 8.419 31.654 42.22 30.392 22.403 5.472 40.177 28.106 20.355 11.998 7.011 41.491 26.337 17.489 11.969 7.503 1.938 2.143 2.121 1.706 -0.04 13.207 19.758 12.942 1.777 -1.724 -4.35 0.174
1.394683 3.712 8.928 32.163 42.729 30.9 22.912 5.98 40.685 28.614 20.863 12.506 7.519 41.999 26.845 17.997 12.477 8.012 2.446 2.651 2.63 2.214 0.468 13.715 20.267 13.45 2.285 -1.215 -3.841 0.683
1.436864 4.252 9.467 32.702 43.268 31.44 23.451 6.52 41.225 29.154 21.403 13.046 8.059 42.539 27.385 18.537 13.017 8.551 2.986 3.191 3.169 2.754 1.008 14.255 20.807 13.99 2.825 -0.676 -3.302 1.222
1.480321 4.824 10.04 33.275 43.841 32.012 24.024 7.093 41.798 29.727 21.975 13.619 8.632 43.112 27.957 19.11 13.59 9.124 3.559 3.764 3.742 3.327 1.581 14.828 21.379 14.563 3.398 -0.103 -2.729 1.795
1.525092 5.432 10.648 33.883 44.449 32.62 24.632 7.701 42.406 30.335 22.583 14.227 9.24 43.72 28.565 19.718 14.198 9.732 4.167 4.372 4.35 3.935 2.189 15.436 21.987 15.17 4.006 0.505 -2.121 2.403
1.571218 6.078 11.293 34.528 45.094 33.266 25.277 8.346 43.051 30.98 23.229 14.872 9.885 44.365 29.211 20.363 14.843 10.377 4.812 5.017 4.995 4.58 2.834 16.081 22.633 15.816 4.651 1.15 -1.475 3.048
1.618738 6.763 11.978 35.213 45.779 33.951 25.962 9.031 43.736 31.665 23.913 15.557 10.57 45.05 29.896 21.048 15.528 11.062 5.497 5.702 5.68 5.265 3.519 16.766 23.317 16.501 5.336 1.835 -0.791 3.733
1.667696 7.49 12.705 35.94 46.506 34.678 26.689 9.758 44.463 32.392 24.64 16.284 11.297 45.777 30.623 21.775 16.255 11.789 6.224 6.429 6.407 5.992 4.246 17.493 24.044 17.228 6.063 2.562 -0.064 4.46
1.718134 8.261 13.477 36.712 47.278 35.449 27.461 10.53 45.235 33.163 25.412 17.056 12.069 46.549 31.394 22.546 17.027 12.561 6.996 7.2 7.179 6.763 5.018 18.265 24.816 17.999 6.834 3.334 0.708 5.232
1.770098 9.08 14.296 37.531 48.097 36.268 28.28 11.348 46.054 33.982 26.231 17.874 12.888 47.368 32.213 23.365 17.845 13.38 7.814 8.019 7.998 7.582 5.837 19.083 25.635 18.818 7.653 4.153 1.527 6.051
1.823633 9.949 15.165 38.4 48.966 37.137 29.149 12.218 46.923 34.852 27.1 18.744 13.757 48.237 33.082 24.235 18.715 14.249 8.684 8.888 8.867 8.452 6.706 19.953 26.504 19.687 8.523 5.022 2.396 6.92
1.878788 10.872 16.088 39.323 49.889 38.06 30.072 13.14 47.845 35.774 28.023 19.666 14.679 49.159 34.005 25.157 19.637 15.172 9.606 9.811 9.79 9.374 7.628 20.875 27.427 20.61 9.445 5.945 3.319 7.843
1.93561 11.851 17.067 40.302 50.868 39.039 31.051 14.12 48.825 36.754 29.002 20.646 15.659 50.139 34.984 26.136 20.617 16.151 10.586 10.79 10.769 10.354 8.608 21.855 28.406 21.589 10.425 6.924 4.298 8.822
1.994152 12.891 18.106 41.341 51.907 40.079 32.09 15.159 49.864 37.793 30.042 21.685 16.698 51.178 36.024 27.176 21.656 17.191 11.625 11.83 11.808 11.393 9.647 22.894 29.446 22.629 11.464 7.963 5.338 9.861
2.054463 13.994 19.21 42.444 53.011 41.182 33.194 16.262 50.967 38.896 31.145 22.788 17.801 52.281 37.127 28.279 22.759 18.294 12.728 12.933 12.912 12.496 10.75 23.997 30.549 23.732 12.567 9.067 6.441 10.965
2.116599 15.165 20.381 43.615 54.182 42.353 34.365 17.433 52.138 40.067 32.316 23.959 18.972 53.452 38.298 29.45 23.93 19.465 13.899 14.104 14.083 13.667 11.921 25.168 31.72 24.903 13.738 10.238 7.612 12.136
2.180614 16.408 21.623 44.858 55.424 43.596 35.608 18.676 53.381 41.31 33.559 25.202 20.215 54.695 39.541 30.693 25.173 20.708 15.142 15.347 15.325 14.91 13.164 26.411 32.963 26.146 14.981 11.481 8.855 13.378
2.246566 17.727 22.943 46.178 56.744 44.915 36.927 19.995 54.701 42.629 34.878 26.521 21.535 56.015 40.86 32.012 26.492 22.027 16.461 16.666 16.645 16.229 14.484 27.73 34.282 27.465 16.3 12.8 10.174 14.698
2.314511 19.127 24.343 47.578 58.144 46.315 38.327 21.396 56.101 44.03 36.278 27.922 22.935 57.415 42.26 33.412 27.893 23.427 17.862 18.066 18.045 17.63 15.884 29.131 35.682 28.865 17.701 14.2 11.574 16.098
2.384512 20.613 25.829 49.064 59.63 47.801 39.813 22.882 57.587 45.516 37.764 29.408 24.421 58.901 43.746 34.899 29.379 24.913 19.348 19.553 19.531 19.116 17.37 30.617 37.168 30.352 19.187 15.686 13.06 17.584
2.45663 22.191 27.407 50.641 61.208 49.379 41.391 24.459 59.164 47.093 39.342 30.985 25.998 60.478 45.324 36.476 30.956 26.491 20.925 21.13 21.109 20.693 18.947 32.194 38.746 31.929 20.764 17.264 14.638 19.161
2.530929 23.865 29.081 52.316 62.882 51.053 43.065 26.134 60.839 48.768 41.016 32.66 27.673 62.153 46.998 38.15 32.631 28.165 22.6 22.804 22.783 22.368 20.622 33.869 40.42 33.603 22.439 18.938 16.312 20.836
2.607475 25.642 30.858 54.093 64.659 52.83 44.842 27.911 62.616 50.545 42.793 34.437 29.45 63.93 48.775 39.928 34.408 29.942 24.377 24.582 24.56 24.145 22.399 35.646 42.197 35.381 24.216 20.715 18.089 22.613
2.686337 27.529 32.744 55.979 66.545 54.717 46.728 29.797 64.502 52.431 44.68 36.323 31.336 65.816 50.662 41.814 36.294 31.828 26.263 26.468 26.446 26.031 24.285 37.532 44.084 37.267 26.102 22.601 19.975 24.499
2.767583 29.531 34.746 57.981 68.547 56.719 48.73 31.799 66.504 54.433 46.682 38.325 33.338 67.818 52.664 43.816 38.296 33.831 28.265 28.47 28.448 28.033 26.287 39.534 46.086 39.269 28.104 24.603 21.978 26.501
2.851287 31.656 36.871 60.106 70.672 58.844 50.855 33.924 68.629 56.558 48.807 40.45 35.463 69.943 54.789 45.941 40.421 35.956 30.39 30.595 30.573 30.158 28.412 41.659 48.211 41.394 30.229 26.728 24.103 28.626
2.937522 33.911 39.127 62.362 72.928 61.099 53.111 36.18 70.885 58.813 51.062 42.706 37.719 72.199 57.044 48.196 42.677 38.211 32.646 32.85 32.829 32.414 30.668 43.915 50.466 43.649 32.485 28.984 26.358 30.882
3.026365 36.305 41.521 64.756 75.322 63.493 55.505 38.574 73.279 61.207 53.456 45.1 40.113 74.593 59.438 50.59 45.071 40.605 35.04 35.244 35.223 34.807 33.062 46.309 52.86 46.043 34.878 31.378 28.752 33.276
3.117896 38.846 44.062 67.297 77.863 66.034 58.046 41.115 75.82 63.748 55.997 47.641 42.654 77.134 61.979 53.131 47.612 43.146 37.581 37.785 37.764 37.348 35.603 48.85 55.401 48.584 37.419 33.919 31.293 35.817
3.212194 41.543 46.759 69.994 80.56 68.731 60.743 43.812 78.517 66.445 58.694 50.338 45.351 79.831 64.676 55.828 50.309 45.843 40.278 40.482 40.461 40.045 38.3 51.547 58.098 51.281 40.116 36.616 33.99 38.514
3.309345 44.406 49.621 72.856 83.422 71.594 63.605 46.674 81.379 69.308 61.557 53.2 48.213 82.693 67.539 58.691 53.171 48.706 43.14 43.345 43.323 42.908 41.162 54.409 60.961 54.144 42.979 39.478 36.853 41.376
3.409434 47.444 52.66 75.895 86.461 74.632 66.644 49.713 84.418 72.346 64.595 56.239 51.252 85.732 70.577 61.729 56.21 51.744 46.179 46.383 46.362 45.946 44.201 57.448 63.999 57.182 46.017 42.517 39.891 44.415
3.51255 50.669 55.885 79.12 89.686 77.857 69.869 52.937 87.643 75.571 67.82 59.463 54.477 88.957 73.802 64.954 59.434 54.969 49.403 49.608 49.587 49.171 47.426 60.672 67.224 60.407 49.242 45.742 43.116 47.64
3.618785 54.092 59.308 82.543 93.109 81.28 73.292 56.36 91.065 78.994 71.243 62.886 57.9 92.379 77.225 68.377 62.857 58.392 52.826 53.031 53.01 52.594 50.848 64.095 70.647 63.83 52.665 49.165 46.539 51.063
3.728232 57.725 62.941 86.176 96.742 84.913 76.925 59.994 94.699 82.627 74.876 66.52 61.533 96.013 80.858 72.01 66.491 62.025 56.46 56.664 56.643 56.228 54.482 67.729 74.28 67.463 56.299 52.798 50.172 54.696
3.84099 61.581 66.797 90.032 100.598 88.769 80.781 63.85 98.555 86.484 78.732 70.376 65.389 99.869 84.714 75.867 70.347 65.881 60.316 60.521 60.499 60.084 58.338 71.585 78.136 71.32 60.155 56.654 54.028 58.552
3.957158 65.674 70.89 94.125 104.691 92.862 84.874 67.943 102.648 90.577 82.825 74.469 69.482 103.962 88.807 79.96 74.44 69.974 64.409 64.614 64.592 64.177 62.431 75.678 82.229 75.413 64.248 60.747 58.121 62.645
4.07684 70.019 75.234 98.469 109.035 97.207 89.218 72.287 106.992 94.921 87.17 78.813 73.826 108.306 93.152 84.304 78.784 74.319 68.753 68.958 68.936 68.521 66.775 80.022 86.574 79.757 68.592 65.091 62.466 66.989
4.200141 74.63 79.846 103.08 113.646 101.818 93.83 76.898 111.603 99.532 91.781 83.424 78.437 112.917 97.763 88.915 83.395 78.93 73.364 73.569 73.548 73.132 71.386 84.633 91.185 84.368 73.203 69.703 67.077 71.6
4.327172 79.524 84.74 107.975 118.541 106.712 98.724 81.793 116.498 104.426 96.675 88.319 83.332 117.812 102.657 93.809 88.29 83.824 78.259 78.463 78.442 78.026 76.281 89.528 96.079 89.262 78.097 74.597 71.971 76.495
4.458044 84.719 89.935 113.169 123.735 111.907 103.919 86.987 121.692 109.621 101.87 93.513 88.526 123.006 107.852 99.004 93.484 89.019 83.453 83.658 83.637 83.221 81.475 94.722 101.274 94.457 83.292 79.792 77.166 81.689
4.592874 90.233 95.448 118.683 129.249 117.421 109.432 92.501 127.206 115.135 107.384 99.027 94.04 128.52 113.366 104.518 98.998 94.532 88.967 89.172 89.15 88.735 86.989 100.236 106.788 99.971 88.806 85.305 82.679 87.203
4.731783 96.085 101.301 124.535 135.102 123.273 115.285 98.353 133.058 120.987 113.236 104.879 99.892 134.372 119.218 110.37 104.85 100.385 94.819 95.024 95.003 94.587 92.841 106.088 112.64 105.823 94.658 91.158 88.532 93.055
4.874892 102.297 107.512 130.747 141.313 129.485 121.496 104.565 139.27 127.199 119.448 111.091 106.104 140.584 125.43 116.582 111.062 106.596 101.031 101.236 101.214 100.799 99.053 112.3 118.851 112.035 100.87 97.369 94.743 99.267
5.02233 108.89 114.105 137.34 147.906 136.078 128.089 111.158 145.863 133.792 126.041 117.684 112.697 147.177 132.023 123.175 117.655 113.189 107.624 107.829 107.807 107.392 105.646 118.893 125.445 118.628 107.463 103.962 101.337 105.86
5.174227 115.888 121.103 144.338 154.904 143.076 135.087 118.156 152.861 140.79 133.039 124.682 119.695 154.175 139.021 130.173 124.653 120.187 114.622 114.827 114.805 114.39 112.644 125.891 132.442 125.626 114.461 110.96 108.334 112.858
5.330718 123.315 128.531 151.766 162.332 150.503 142.515 125.584 160.289 148.217 140.466 132.11 127.123 161.603 146.448 137.6 132.081 127.615 122.05 122.254 122.233 121.818 120.072 133.319 139.87 133.053 121.889 118.388 115.762 120.286
5.491942 131.199 136.414 159.649 170.215 158.387 150.399 133.467 168.172 156.101 148.35 139.993 135.006 169.486 154.332 145.484 139.964 135.499 129.933 130.138 130.116 129.701 127.955 141.202 147.754 140.937 129.772 126.272 123.646 128.169
5.658042 139.567 144.782 168.017 178.583 166.755 158.766 141.835 176.54 164.469 156.718 148.361 143.374 177.854 162.7 153.852 148.332 143.866 138.301 138.506 138.484 138.069 136.323 149.57 156.122 149.305 138.14 134.639 132.013 136.537
