web/models/kne/16/villar_0.0028_0.4530_1.0000.dat
# %ECSV 1.0
# ---
# datatype:
# - {name: time, datatype: float64}
# - {name: swift_uvot_uvw2, datatype: float64}
# - {name: swift_uvot_uvm2, datatype: float64}
# - {name: swift_uvot_uvw1, datatype: float64}
# - {name: swift_uvot_U, datatype: float64}
# - {name: swift_uvot_B, datatype: float64}
# - {name: swift_uvot_V, datatype: float64}
# - {name: swift_uvot_W, datatype: float64}
# - {name: johnson_U, datatype: float64}
# - {name: johnson_B, datatype: float64}
# - {name: johnson_V, datatype: float64}
# - {name: johnson_R, datatype: float64}
# - {name: johnson_I, datatype: float64}
# - {name: sdss_u, datatype: float64}
# - {name: sdss_g, datatype: float64}
# - {name: sdss_r, datatype: float64}
# - {name: sdss_i, datatype: float64}
# - {name: sdss_z, datatype: float64}
# - {name: PS1_g, datatype: float64}
# - {name: PS1_r, datatype: float64}
# - {name: PS1_i, datatype: float64}
# - {name: PS1_z, datatype: float64}
# - {name: PS1_Y, datatype: float64}
# - {name: PS1_w, datatype: float64}
# - {name: ATLAS_c, datatype: float64}
# - {name: ATLAS_o, datatype: float64}
# - {name: ukirt_J, datatype: float64}
# - {name: ukirt_H, datatype: float64}
# - {name: ukirt_K, datatype: float64}
# - {name: Clear, datatype: float64}
# meta: !!omap
# - comment: [kappa = 1.0, type = villar, mass = 0.0028172691138521437, velocity = 0.453, theta_obs = 0.0]
# schema: astropy-2.0
time swift_uvot_uvw2 swift_uvot_uvm2 swift_uvot_uvw1 swift_uvot_U swift_uvot_B swift_uvot_V swift_uvot_W johnson_U johnson_B johnson_V johnson_R johnson_I sdss_u sdss_g sdss_r sdss_i sdss_z PS1_g PS1_r PS1_i PS1_z PS1_Y PS1_w ATLAS_c ATLAS_o ukirt_J ukirt_H ukirt_K Clear
[from data line 215]
0.605549 -6.742 -1.635 -3.635 -5.542 -8.015 -9.784 -7.826 -5.985 -8.116 -9.878 -11.237 -12.158 -5.797 -8.756 -10.629 -11.595 -12.242 -9.368 -10.732 -11.651 -12.175 -12.546 -10.856 -9.798 -11.16 -12.975 -13.193 -13.172 -11.108
0.623863 -6.659 -1.505 -3.213 -5.058 -7.638 -9.487 -7.544 -5.52 -7.749 -9.589 -11.024 -11.999 -5.32 -8.416 -10.376 -11.396 -12.086 -9.116 -10.495 -11.458 -12.014 -12.41 -10.635 -9.516 -10.943 -12.879 -13.132 -13.138 -10.935
0.642731 -6.569 -1.386 -2.764 -4.533 -7.228 -9.162 -7.243 -5.014 -7.35 -9.273 -10.791 -11.823 -4.802 -8.046 -10.1 -11.178 -11.913 -8.856 -10.237 -11.246 -11.835 -12.26 -10.394 -9.209 -10.706 -12.772 -13.062 -13.098 -10.75
0.66217 -6.471 -1.271 -2.284 -3.963 -6.782 -8.807 -6.92 -4.466 -6.916 -8.929 -10.536 -11.629 -4.239 -7.643 -9.798 -10.938 -11.722 -8.59 -9.958 -11.013 -11.639 -12.094 -10.131 -8.874 -10.445 -12.651 -12.982 -13.051 -10.553
0.682197 -6.363 -1.155 -1.771 -3.344 -6.296 -8.42 -6.576 -3.869 -6.444 -8.552 -10.257 -11.415 -3.627 -7.204 -9.466 -10.674 -11.51 -8.321 -9.656 -10.758 -11.422 -11.911 -9.843 -8.509 -10.16 -12.516 -12.891 -12.996 -10.345
0.70283 -6.247 -1.034 -1.22 -2.669 -5.766 -7.995 -6.209 -3.218 -5.93 -8.14 -9.95 -11.179 -2.96 -6.725 -9.103 -10.383 -11.277 -8.055 -9.331 -10.477 -11.182 -11.709 -9.529 -8.11 -9.847 -12.365 -12.788 -12.931 -10.125
0.724086 -6.119 -0.905 -0.627 -1.933 -5.186 -7.528 -5.82 -2.509 -5.368 -7.688 -9.614 -10.918 -2.232 -6.2 -8.703 -10.063 -11.018 -7.793 -8.983 -10.17 -10.918 -11.486 -9.184 -7.674 -9.504 -12.196 -12.672 -12.857 -9.893
0.745986 -5.98 -0.764 0.013 -1.129 -4.551 -7.016 -5.411 -1.733 -4.755 -7.193 -9.244 -10.63 -1.436 -5.626 -8.264 -9.709 -10.731 -7.539 -8.611 -9.834 -10.627 -11.241 -8.805 -7.197 -9.127 -12.007 -12.541 -12.772 -9.65
0.768548 -5.827 -0.611 0.704 -0.248 -3.855 -6.453 -4.985 -0.883 -4.083 -6.649 -8.837 -10.311 -0.564 -4.996 -7.78 -9.317 -10.413 -7.294 -8.219 -9.465 -10.305 -10.97 -8.39 -6.673 -8.711 -11.796 -12.392 -12.675 -9.397
0.791792 -5.66 -0.444 1.455 0.718 -3.091 -5.832 -4.546 0.05 -3.346 -6.05 -8.388 -9.959 0.393 -4.303 -7.246 -8.884 -10.061 -7.057 -7.81 -9.063 -9.95 -10.673 -7.933 -6.097 -8.254 -11.559 -12.225 -12.563 -9.134
0.815739 -5.477 -0.261 2.27 1.78 -2.249 -5.146 -4.103 1.076 -2.537 -5.39 -7.894 -9.568 1.445 -3.54 -6.656 -8.404 -9.669 -6.823 -7.392 -8.625 -9.559 -10.347 -7.429 -5.463 -7.748 -11.294 -12.036 -12.436 -8.861
0.840411 -5.276 -0.06 3.16 2.951 -1.32 -4.388 -3.665 2.207 -1.647 -4.661 -7.347 -9.135 2.606 -2.698 -6.002 -7.872 -9.233 -6.588 -6.972 -8.151 -9.129 -9.991 -6.872 -4.763 -7.19 -10.996 -11.823 -12.291 -8.58
0.865828 -5.054 0.161 4.132 4.244 -0.293 -3.546 -3.24 3.457 -0.664 -3.854 -6.743 -8.653 3.888 -1.767 -5.276 -7.279 -8.747 -6.345 -6.559 -7.643 -8.657 -9.602 -6.256 -3.989 -6.571 -10.663 -11.582 -12.126 -8.289
0.892015 -4.81 0.405 5.198 5.676 0.845 -2.611 -2.835 4.841 0.421 -2.961 -6.072 -8.117 5.309 -0.735 -4.47 -6.619 -8.205 -6.088 -6.159 -7.105 -8.141 -9.181 -5.572 -3.132 -5.885 -10.287 -11.31 -11.938 -7.987
0.918993 -4.541 0.675 6.37 7.266 2.109 -1.57 -2.447 6.379 1.624 -1.968 -5.328 -7.52 6.886 0.412 -3.571 -5.881 -7.598 -5.812 -5.774 -6.546 -7.581 -8.727 -4.812 -2.179 -5.121 -9.865 -11.003 -11.724 -7.671
0.946787 -4.242 0.973 7.663 9.038 3.518 -0.407 -2.07 8.091 2.96 -0.863 -4.499 -6.854 8.643 1.691 -2.566 -5.055 -6.918 -5.51 -5.398 -5.979 -6.982 -8.244 -3.965 -1.118 -4.27 -9.388 -10.654 -11.48 -7.337
0.975422 -3.911 1.305 9.095 11.017 5.092 0.896 -1.691 10.004 4.449 0.371 -3.574 -6.108 10.606 3.121 -1.441 -4.128 -6.154 -5.177 -5.019 -5.419 -6.351 -7.734 -3.017 0.068 -3.318 -8.85 -10.259 -11.202 -6.98
1.004923 -3.541 1.674 10.685 13.234 6.856 2.36 -1.296 12.148 6.111 1.75 -2.54 -5.272 12.806 4.723 -0.176 -3.086 -5.295 -4.807 -4.624 -4.874 -5.702 -7.202 -1.955 1.398 -2.251 -8.24 -9.809 -10.883 -6.594
1.035317 -3.128 2.087 12.459 15.729 8.841 4.008 -0.87 14.559 7.974 3.297 -1.381 -4.333 15.279 6.526 1.249 -1.909 -4.324 -4.394 -4.198 -4.342 -5.05 -6.65 -0.76 2.894 -1.05 -7.546 -9.297 -10.518 -6.17
1.066629 -2.665 2.55 14.447 18.544 11.08 5.872 -0.401 17.278 10.07 5.037 -0.078 -3.275 18.069 8.561 2.86 -0.576 -3.226 -3.931 -3.729 -3.809 -4.405 -6.079 0.59 4.582 0.304 -6.757 -8.712 -10.099 -5.701
1.098888 -2.144 3.072 16.685 21.735 13.617 7.987 0.123 20.358 12.434 7.0 1.392 -2.08 21.228 10.867 4.688 0.937 -1.979 -3.41 -3.206 -3.251 -3.763 -5.482 2.119 6.496 1.838 -5.856 -8.042 -9.617 -5.176
1.132124 -1.555 3.661 19.22 25.365 16.502 10.394 0.714 23.86 15.114 9.221 3.054 -0.728 24.82 13.49 6.77 2.662 -0.56 -2.82 -2.616 -2.646 -3.104 -4.844 3.858 8.672 3.582 -4.822 -7.272 -9.06 -4.585
1.166364 -0.885 4.331 22.104 29.513 19.798 13.147 1.383 27.858 18.163 11.743 4.941 0.808 28.921 16.487 9.151 4.635 1.061 -2.151 -1.946 -1.97 -2.401 -4.147 5.846 11.16 5.574 -3.634 -6.386 -8.416 -3.915
1.20164 -0.121 5.095 25.404 34.275 23.58 16.307 2.148 32.443 21.649 14.616 7.09 2.559 33.623 19.924 11.885 6.903 2.918 -1.386 -1.182 -1.204 -1.623 -3.37 8.127 14.015 7.859 -2.262 -5.361 -7.669 -3.15
1.237983 0.756 5.971 29.203 39.767 27.94 19.952 3.024 37.724 25.655 17.904 9.548 4.562 39.038 23.885 15.038 9.519 5.054 -0.51 -0.305 -0.327 -0.742 -2.488 10.757 17.308 10.492 -0.672 -4.172 -6.798 -2.274
1.275425 1.127 6.343 29.578 40.144 28.315 20.327 3.396 38.101 26.03 18.278 9.922 4.935 39.415 24.26 15.413 9.893 5.427 -0.138 0.067 0.045 -0.37 -2.116 11.131 17.682 10.865 -0.299 -3.8 -6.426 -1.902
1.313999 1.521 6.737 29.972 40.538 28.709 20.721 3.79 38.495 26.424 18.672 10.316 5.329 39.809 24.654 15.807 10.287 5.821 0.256 0.461 0.439 0.024 -1.722 11.525 18.076 11.26 0.095 -3.406 -6.032 -1.508
1.35374 1.94 7.155 30.39 40.956 29.128 21.139 4.208 38.913 26.842 19.091 10.734 5.747 40.227 25.073 16.225 10.705 6.24 0.674 0.879 0.857 0.442 -1.304 11.943 18.495 11.678 0.513 -2.988 -5.613 -1.09
1.394683 2.384 7.599 30.834 41.4 29.572 21.583 4.652 39.357 27.286 19.535 11.178 6.191 40.671 25.517 16.669 11.149 6.684 1.118 1.323 1.301 0.886 -0.86 12.387 18.939 12.122 0.957 -2.544 -5.169 -0.646
1.436864 2.855 8.071 31.306 41.872 30.043 22.055 5.123 39.828 27.757 20.006 11.649 6.663 41.142 25.988 17.14 11.62 7.155 1.589 1.794 1.773 1.357 -0.389 12.858 19.41 12.593 1.428 -2.072 -4.698 -0.174
1.480321 3.355 8.571 31.806 42.372 30.543 22.555 5.624 40.329 28.257 20.506 12.15 7.163 41.643 26.488 17.64 12.121 7.655 2.09 2.294 2.273 1.858 0.112 13.359 19.91 13.093 1.929 -1.572 -4.198 0.326
1.525092 3.886 9.102 32.337 42.903 31.074 23.086 6.155 40.86 28.788 21.037 12.681 7.694 42.174 27.019 18.171 12.652 8.186 2.621 2.825 2.804 2.388 0.643 13.89 20.441 13.624 2.459 -1.041 -3.667 0.857
1.571218 4.45 9.665 32.9 43.466 31.638 23.649 6.718 41.423 29.352 21.601 13.244 8.257 42.737 27.583 18.735 13.215 8.749 3.184 3.389 3.367 2.952 1.206 14.453 21.005 14.188 3.023 -0.478 -3.103 1.42
1.618738 5.048 10.263 33.498 44.064 32.236 24.247 7.316 42.021 29.95 22.199 13.842 8.855 43.335 28.181 19.333 13.813 9.348 3.782 3.987 3.965 3.55 1.804 15.051 21.603 14.786 3.621 0.12 -2.505 2.018
1.667696 5.683 10.898 34.133 44.699 32.871 24.882 7.951 42.656 30.585 22.834 14.477 9.49 43.97 28.816 19.968 14.448 9.982 4.417 4.622 4.6 4.185 2.439 15.686 22.238 15.421 4.256 0.755 -1.871 2.653
1.718134 6.356 11.572 34.807 45.373 33.544 25.556 8.625 43.33 31.259 23.507 15.151 10.164 44.644 29.489 20.642 15.122 10.656 5.091 5.296 5.274 4.859 3.113 16.36 22.911 16.095 4.93 1.429 -1.197 3.327
1.770098 7.072 12.287 35.522 46.088 34.26 26.271 9.34 44.045 31.974 24.223 15.866 10.879 45.359 30.205 21.357 15.837 11.371 5.806 6.011 5.989 5.574 3.828 17.075 23.627 16.81 5.645 2.144 -0.481 4.042
1.823633 7.831 13.046 36.281 46.847 35.019 27.031 10.099 44.804 32.733 24.982 16.625 11.638 46.118 30.964 22.116 16.596 12.131 6.565 6.77 6.748 6.333 4.587 17.834 24.386 17.569 6.404 2.903 0.278 4.801
1.878788 8.637 13.852 37.087 47.653 35.825 27.836 10.905 45.61 33.539 25.787 17.431 12.444 46.924 31.77 22.922 17.402 12.936 7.371 7.576 7.554 7.139 5.393 18.64 25.191 18.375 7.21 3.709 1.083 5.607
1.93561 9.492 14.707 37.942 48.508 36.68 28.691 11.76 46.465 34.394 26.643 18.286 13.299 47.779 32.625 23.777 18.257 13.792 8.226 8.431 8.409 7.994 6.248 19.495 26.047 19.23 8.065 4.564 1.939 6.462
1.994152 10.399 15.615 38.85 49.416 37.587 29.599 12.668 47.373 35.302 27.55 19.194 14.207 48.687 33.532 24.685 19.165 14.699 9.134 9.339 9.317 8.902 7.156 20.403 26.954 20.138 8.973 5.472 2.846 7.37
2.054463 11.363 16.579 39.813 50.38 38.551 30.563 13.631 48.336 36.265 28.514 20.157 15.17 49.65 34.496 25.648 20.128 15.663 10.097 10.302 10.281 9.865 8.119 21.366 27.918 21.101 9.936 6.436 3.81 8.334
2.116599 12.386 17.601 40.836 51.402 39.574 31.585 14.654 49.359 37.288 29.537 21.18 16.193 50.673 35.519 26.671 21.151 16.685 11.12 11.325 11.303 10.888 9.142 22.389 28.94 22.124 10.959 7.458 4.832 9.356
2.180614 13.471 18.687 41.922 52.488 40.659 32.671 15.739 50.444 38.373 30.622 22.265 17.279 51.758 36.604 27.756 22.236 17.771 12.205 12.41 12.389 11.973 10.227 23.474 30.026 23.209 12.044 8.544 5.918 10.442
2.246566 14.623 19.839 43.074 53.64 41.811 33.823 16.891 51.597 39.525 31.774 23.417 18.431 52.911 37.756 28.908 23.388 18.923 13.357 13.562 13.541 13.125 11.38 24.626 31.178 24.361 13.196 9.696 7.07 11.594
2.314511 15.846 21.062 44.296 54.862 43.034 35.046 18.114 52.819 40.748 32.997 24.64 19.653 54.133 38.979 30.131 24.611 20.146 14.58 14.785 14.764 14.348 12.602 25.849 32.401 25.584 14.419 10.919 8.293 12.816
2.384512 17.144 22.359 45.594 56.16 44.332 36.344 19.412 54.117 42.046 34.295 25.938 20.951 55.431 40.277 31.429 25.909 21.444 15.878 16.083 16.061 15.646 13.9 27.147 33.699 26.882 15.717 12.216 9.591 14.114
2.45663 18.521 23.737 46.972 57.538 45.709 37.721 20.79 55.495 43.424 35.672 27.316 22.329 56.809 41.654 32.807 27.287 22.821 17.256 17.461 17.439 17.024 15.278 28.525 35.076 28.26 17.095 13.594 10.968 15.492
2.530929 19.984 25.199 48.434 59.0 47.172 39.183 22.252 56.957 44.886 37.135 28.778 23.791 58.271 43.117 34.269 28.749 24.283 18.718 18.923 18.901 18.486 16.74 29.987 36.538 29.722 18.557 15.056 12.43 16.954
2.607475 21.536 26.751 49.986 60.552 48.724 40.735 23.804 58.509 46.438 38.686 30.33 25.343 59.823 44.669 35.821 30.301 25.835 20.27 20.475 20.453 20.038 18.292 31.539 38.09 31.274 20.109 16.608 13.982 18.506
2.686337 23.183 28.398 51.633 62.199 50.371 42.382 25.451 60.156 48.085 40.334 31.977 26.99 61.47 46.316 37.468 31.948 27.483 21.917 22.122 22.1 21.685 19.939 33.186 39.738 32.921 21.756 18.255 15.63 20.153
2.767583 24.931 30.147 53.382 63.948 52.119 44.131 27.2 61.905 49.833 42.082 33.726 28.739 63.219 48.064 39.216 33.697 29.231 23.666 23.87 23.849 23.434 21.688 34.935 41.486 34.669 23.505 20.004 17.378 21.902
2.851287 26.787 32.003 55.237 65.804 53.975 45.987 29.055 63.76 51.689 43.938 35.581 30.594 65.074 49.92 41.072 35.552 31.087 25.521 25.726 25.705 25.289 23.543 36.79 43.342 36.525 25.36 21.86 19.234 23.757
2.937522 28.757 33.972 57.207 67.773 55.945 47.956 31.025 65.73 53.659 45.908 37.551 32.564 67.044 51.89 43.042 37.522 33.056 27.491 27.696 27.674 27.259 25.513 38.76 45.312 38.495 27.33 23.829 21.204 25.727
3.026365 30.847 36.063 59.298 69.864 58.035 50.047 33.116 67.821 55.75 47.998 39.642 34.655 69.135 53.98 45.133 39.613 35.147 29.582 29.786 29.765 29.35 27.604 40.851 47.402 40.585 29.421 25.92 23.294 27.818
3.117896 33.066 38.282 61.517 72.083 60.254 52.266 35.335 70.04 57.969 50.217 41.861 36.874 71.354 56.199 47.352 41.832 37.366 31.801 32.005 31.984 31.569 29.823 43.07 49.621 42.804 31.64 28.139 25.513 30.037
3.212194 35.422 40.637 63.872 74.438 62.61 54.621 37.69 72.395 60.324 52.573 44.216 39.229 73.709 58.555 49.707 44.187 39.721 34.156 34.361 34.339 33.924 32.178 45.425 51.977 45.16 33.995 30.494 27.868 32.392
3.309345 37.922 43.137 66.372 76.938 65.11 57.121 40.19 74.895 62.824 55.072 46.716 41.729 76.209 61.055 52.207 46.687 42.221 36.656 36.861 36.839 36.424 34.678 47.925 54.476 47.66 36.495 32.994 30.368 34.892
3.409434 40.575 45.791 69.025 79.592 67.763 59.775 42.843 77.548 65.477 57.726 49.369 44.382 78.862 63.708 54.86 49.34 44.875 39.309 39.514 39.493 39.077 37.331 50.578 57.13 50.313 39.148 35.648 33.022 37.546
3.51255 43.391 48.607 71.842 82.408 70.579 62.591 45.66 80.365 68.294 60.542 52.186 47.199 81.679 66.524 57.677 52.157 47.691 42.126 42.33 42.309 41.894 40.148 53.395 59.946 53.129 41.965 38.464 35.838 40.362
3.618785 46.381 51.596 74.831 85.397 73.569 65.58 48.649 83.354 71.283 63.532 55.175 50.188 84.668 69.514 60.666 55.146 50.68 45.115 45.32 45.298 44.883 43.137 56.384 62.935 56.119 44.954 41.453 38.827 43.351
3.728232 49.553 54.769 78.004 88.57 76.741 68.753 51.822 86.527 74.456 66.704 58.348 53.361 87.841 72.686 63.839 58.319 53.853 48.288 48.493 48.471 48.056 46.31 59.557 66.108 59.292 48.127 44.626 42.0 46.524
3.84099 52.921 58.137 81.372 91.938 80.109 72.121 55.189 89.895 77.823 70.072 61.715 56.729 91.209 76.054 67.206 61.686 57.221 51.655 51.86 51.839 51.423 49.678 62.924 69.476 62.659 51.494 47.994 45.368 49.892
3.957158 56.495 61.711 84.946 95.512 83.683 75.695 58.764 93.469 81.398 73.646 65.29 60.303 94.783 79.628 70.781 65.261 60.795 55.23 55.435 55.413 54.998 53.252 66.499 73.05 66.234 55.069 51.568 48.942 53.466
4.07684 60.289 65.505 88.74 99.306 87.477 79.489 62.558 97.263 85.192 77.44 69.084 64.097 98.577 83.422 74.575 69.055 64.589 59.024 59.229 59.207 58.792 57.046 70.293 76.844 70.028 58.863 55.362 52.736 57.26
4.200141 64.316 69.532 92.767 103.333 91.504 83.516 66.585 101.29 89.219 81.467 73.111 68.124 102.604 87.449 78.601 73.082 68.616 63.051 63.255 63.234 62.819 61.073 74.32 80.871 74.054 62.89 59.389 56.763 61.287
4.327172 68.59 73.806 97.041 107.607 95.778 87.79 70.859 105.564 93.493 85.741 77.385 72.398 106.878 91.723 82.876 77.356 72.89 67.325 67.53 67.508 67.093 65.347 78.594 85.145 78.329 67.164 63.663 61.037 65.561
4.458044 73.127 78.343 101.578 112.144 100.315 92.327 75.395 110.1 98.029 90.278 81.921 76.935 111.414 96.26 87.412 81.892 77.427 71.861 72.066 72.045 71.629 69.883 83.13 89.682 82.865 71.7 68.2 65.574 70.098
4.592874 77.942 83.158 106.393 116.959 105.13 97.142 80.211 114.916 102.844 95.093 86.737 81.75 116.23 101.075 92.227 86.708 82.242 76.677 76.881 76.86 76.445 74.699 87.946 94.497 87.68 76.515 73.015 70.389 74.913
4.731783 83.053 88.269 111.503 122.07 110.241 102.253 85.321 120.026 107.955 100.204 91.847 86.86 121.34 106.186 97.338 91.818 87.353 81.787 81.992 81.971 81.555 79.809 93.056 99.608 92.791 81.626 78.126 75.5 80.024
4.874892 88.478 93.693 116.928 127.494 115.666 107.677 90.746 125.451 113.38 105.629 97.272 92.285 126.765 111.611 102.763 97.243 92.777 87.212 87.417 87.395 86.98 85.234 98.481 105.033 98.216 87.051 83.55 80.924 85.448
5.02233 94.235 99.451 122.686 133.252 121.423 113.435 96.504 131.209 119.138 111.386 103.03 98.043 132.523 117.368 108.521 103.001 98.535 92.97 93.174 93.153 92.738 90.992 104.239 110.79 103.973 92.809 89.308 86.682 91.206
5.174227 100.347 105.562 128.797 139.363 127.535 119.546 102.615 137.32 125.249 117.498 109.141 104.154 138.634 123.48 114.632 109.112 104.646 99.081 99.286 99.264 98.849 97.103 110.35 116.902 110.085 98.92 95.419 92.793 97.317
5.330718 106.833 112.049 135.284 145.85 134.021 126.033 109.102 143.807 131.735 123.984 115.628 110.641 145.121 129.966 121.118 115.599 111.133 105.568 105.772 105.751 105.335 103.59 116.837 123.388 116.571 105.406 101.906 99.28 103.804
5.491942 113.718 118.934 142.168 152.735 140.906 132.918 115.986 150.691 138.62 130.869 122.512 117.525 152.005 136.851 128.003 122.483 118.018 112.452 112.657 112.636 112.22 110.474 123.721 130.273 123.456 112.291 108.791 106.165 110.688
