web/models/kne.last_good/kappa_0.5_3.0.v1/11/villar_0.0224_0.2023_3.0000.dat
# %ECSV 1.0
# ---
# datatype:
# - {name: time, datatype: float64}
# - {name: swift_uvot_uvw2, datatype: float64}
# - {name: swift_uvot_uvm2, datatype: float64}
# - {name: swift_uvot_uvw1, datatype: float64}
# - {name: swift_uvot_U, datatype: float64}
# - {name: swift_uvot_B, datatype: float64}
# - {name: swift_uvot_V, datatype: float64}
# - {name: swift_uvot_W, datatype: float64}
# - {name: johnson_U, datatype: float64}
# - {name: johnson_B, datatype: float64}
# - {name: johnson_V, datatype: float64}
# - {name: johnson_R, datatype: float64}
# - {name: johnson_I, datatype: float64}
# - {name: sdss_u, datatype: float64}
# - {name: sdss_g, datatype: float64}
# - {name: sdss_r, datatype: float64}
# - {name: sdss_i, datatype: float64}
# - {name: sdss_z, datatype: float64}
# - {name: PS1_g, datatype: float64}
# - {name: PS1_r, datatype: float64}
# - {name: PS1_i, datatype: float64}
# - {name: PS1_z, datatype: float64}
# - {name: PS1_Y, datatype: float64}
# - {name: PS1_w, datatype: float64}
# - {name: ATLAS_c, datatype: float64}
# - {name: ATLAS_o, datatype: float64}
# - {name: ukirt_J, datatype: float64}
# - {name: ukirt_H, datatype: float64}
# - {name: ukirt_K, datatype: float64}
# - {name: Clear, datatype: float64}
# meta: !!omap
# - comment: [kappa = 3.0, type = villar, mass = 0.022360679775100388, velocity = 0.20233333333333337, theta_obs = 0.0]
# schema: astropy-2.0
time swift_uvot_uvw2 swift_uvot_uvm2 swift_uvot_uvw1 swift_uvot_U swift_uvot_B swift_uvot_V swift_uvot_W johnson_U johnson_B johnson_V johnson_R johnson_I sdss_u sdss_g sdss_r sdss_i sdss_z PS1_g PS1_r PS1_i PS1_z PS1_Y PS1_w ATLAS_c ATLAS_o ukirt_J ukirt_H ukirt_K Clear
[from data line 216]
0.623863 -10.554 -10.868 -11.81 -13.097 -13.757 -14.143 -12.873 -13.222 -13.763 -14.148 -14.308 -14.326 -13.193 -13.91 -14.264 -14.345 -14.324 -13.98 -14.275 -14.355 -14.349 -14.346 -14.209 -14.085 -14.302 -14.1 -13.795 -13.36 -14.17
0.642731 -10.517 -10.82 -11.781 -13.086 -13.76 -14.158 -12.872 -13.214 -13.767 -14.164 -14.333 -14.357 -13.183 -13.918 -14.285 -14.372 -14.356 -13.99 -14.295 -14.383 -14.381 -14.38 -14.229 -14.099 -14.326 -14.139 -13.837 -13.406 -14.19
0.66217 -10.479 -10.77 -11.75 -13.074 -13.763 -14.172 -12.87 -13.204 -13.77 -14.179 -14.356 -14.388 -13.173 -13.925 -14.305 -14.399 -14.388 -13.999 -14.315 -14.409 -14.412 -14.414 -14.249 -14.112 -14.349 -14.178 -13.88 -13.451 -14.21
0.682197 -10.44 -10.718 -11.718 -13.06 -13.765 -14.185 -12.867 -13.193 -13.772 -14.193 -14.379 -14.419 -13.161 -13.931 -14.324 -14.425 -14.419 -14.007 -14.335 -14.436 -14.442 -14.447 -14.268 -14.125 -14.371 -14.216 -13.922 -13.497 -14.228
0.70283 -10.401 -10.664 -11.685 -13.046 -13.766 -14.198 -12.864 -13.181 -13.773 -14.206 -14.402 -14.448 -13.148 -13.937 -14.343 -14.451 -14.45 -14.015 -14.353 -14.462 -14.473 -14.48 -14.286 -14.137 -14.393 -14.255 -13.965 -13.542 -14.246
0.724086 -10.362 -10.608 -11.65 -13.029 -13.765 -14.21 -12.86 -13.168 -13.773 -14.218 -14.424 -14.478 -13.134 -13.941 -14.36 -14.476 -14.481 -14.021 -14.371 -14.487 -14.502 -14.512 -14.304 -14.148 -14.414 -14.293 -14.006 -13.587 -14.264
0.745986 -10.322 -10.551 -11.614 -13.012 -13.764 -14.221 -12.855 -13.154 -13.773 -14.23 -14.445 -14.507 -13.118 -13.945 -14.377 -14.5 -14.511 -14.027 -14.389 -14.512 -14.531 -14.544 -14.321 -14.158 -14.435 -14.33 -14.048 -13.632 -14.281
0.768548 -10.281 -10.491 -11.576 -12.993 -13.762 -14.231 -12.849 -13.138 -13.771 -14.24 -14.465 -14.535 -13.101 -13.947 -14.394 -14.524 -14.54 -14.031 -14.405 -14.536 -14.56 -14.575 -14.338 -14.167 -14.455 -14.367 -14.089 -13.676 -14.297
0.791792 -10.24 -10.429 -11.536 -12.973 -13.758 -14.241 -12.842 -13.12 -13.767 -14.25 -14.485 -14.563 -13.083 -13.949 -14.409 -14.547 -14.569 -14.035 -14.421 -14.559 -14.588 -14.606 -14.354 -14.175 -14.474 -14.404 -14.13 -13.721 -14.312
0.815739 -10.199 -10.366 -11.496 -12.951 -13.753 -14.249 -12.834 -13.102 -13.763 -14.259 -14.504 -14.591 -13.063 -13.949 -14.424 -14.57 -14.597 -14.038 -14.436 -14.582 -14.615 -14.636 -14.369 -14.183 -14.493 -14.441 -14.171 -13.765 -14.327
0.840411 -10.157 -10.3 -11.453 -12.928 -13.747 -14.256 -12.826 -13.081 -13.758 -14.267 -14.522 -14.617 -13.042 -13.948 -14.438 -14.592 -14.625 -14.039 -14.45 -14.604 -14.642 -14.666 -14.383 -14.189 -14.51 -14.477 -14.212 -13.809 -14.341
0.865828 -10.116 -10.232 -11.409 -12.903 -13.74 -14.263 -12.816 -13.06 -13.751 -14.274 -14.54 -14.643 -13.019 -13.946 -14.451 -14.613 -14.652 -14.04 -14.463 -14.626 -14.668 -14.695 -14.396 -14.195 -14.527 -14.512 -14.252 -13.853 -14.354
0.892015 -10.074 -10.161 -11.363 -12.877 -13.732 -14.268 -12.805 -13.036 -13.743 -14.279 -14.557 -14.669 -12.994 -13.943 -14.463 -14.633 -14.679 -14.039 -14.476 -14.646 -14.694 -14.724 -14.409 -14.199 -14.543 -14.547 -14.292 -13.896 -14.367
0.918993 -10.032 -10.088 -11.315 -12.849 -13.722 -14.272 -12.794 -13.012 -13.733 -14.284 -14.573 -14.694 -12.968 -13.939 -14.474 -14.653 -14.704 -14.037 -14.487 -14.666 -14.719 -14.752 -14.42 -14.203 -14.558 -14.582 -14.331 -13.939 -14.378
0.946787 -9.989 -10.013 -11.266 -12.819 -13.71 -14.275 -12.781 -12.985 -13.723 -14.288 -14.588 -14.718 -12.94 -13.933 -14.484 -14.672 -14.73 -14.034 -14.497 -14.685 -14.743 -14.78 -14.431 -14.205 -14.573 -14.616 -14.37 -13.982 -14.389
0.975422 -9.948 -9.934 -11.214 -12.787 -13.698 -14.277 -12.767 -12.957 -13.71 -14.29 -14.602 -14.741 -12.911 -13.926 -14.493 -14.69 -14.754 -14.03 -14.507 -14.704 -14.767 -14.807 -14.441 -14.206 -14.586 -14.65 -14.409 -14.025 -14.399
1.004923 -9.906 -9.854 -11.161 -12.753 -13.683 -14.278 -12.752 -12.926 -13.697 -14.292 -14.615 -14.764 -12.879 -13.918 -14.501 -14.707 -14.778 -14.024 -14.515 -14.721 -14.79 -14.833 -14.45 -14.206 -14.599 -14.683 -14.447 -14.067 -14.408
1.035317 -9.864 -9.77 -11.106 -12.718 -13.667 -14.277 -12.736 -12.894 -13.681 -14.292 -14.627 -14.786 -12.846 -13.908 -14.508 -14.723 -14.801 -14.017 -14.523 -14.737 -14.812 -14.859 -14.457 -14.205 -14.61 -14.716 -14.485 -14.109 -14.416
1.066629 -9.823 -9.683 -11.048 -12.68 -13.65 -14.275 -12.718 -12.86 -13.664 -14.29 -14.638 -14.807 -12.81 -13.896 -14.513 -14.738 -14.823 -14.009 -14.529 -14.753 -14.833 -14.884 -14.464 -14.202 -14.62 -14.748 -14.522 -14.151 -14.423
1.098888 -9.782 -9.594 -10.989 -12.64 -13.631 -14.272 -12.699 -12.824 -13.646 -14.288 -14.648 -14.827 -12.772 -13.884 -14.518 -14.753 -14.845 -13.999 -14.534 -14.768 -14.853 -14.908 -14.47 -14.198 -14.63 -14.78 -14.559 -14.192 -14.429
1.132124 -9.742 -9.501 -10.927 -12.598 -13.61 -14.267 -12.679 -12.786 -13.626 -14.283 -14.657 -14.847 -12.733 -13.869 -14.521 -14.766 -14.865 -13.988 -14.537 -14.781 -14.873 -14.931 -14.474 -14.193 -14.638 -14.811 -14.596 -14.233 -14.434
1.166364 -9.703 -9.405 -10.863 -12.554 -13.587 -14.261 -12.657 -12.745 -13.603 -14.278 -14.665 -14.865 -12.69 -13.853 -14.523 -14.778 -14.885 -13.975 -14.54 -14.794 -14.891 -14.954 -14.478 -14.186 -14.645 -14.841 -14.632 -14.273 -14.438
1.20164 -9.664 -9.306 -10.796 -12.507 -13.562 -14.253 -12.634 -12.702 -13.579 -14.271 -14.672 -14.883 -12.646 -13.835 -14.524 -14.789 -14.904 -13.96 -14.541 -14.805 -14.909 -14.975 -14.48 -14.177 -14.651 -14.871 -14.668 -14.314 -14.441
1.237983 -9.626 -9.203 -10.727 -12.458 -13.535 -14.243 -12.609 -12.657 -13.553 -14.262 -14.677 -14.899 -12.599 -13.815 -14.523 -14.799 -14.922 -13.943 -14.54 -14.815 -14.926 -14.996 -14.48 -14.167 -14.655 -14.9 -14.703 -14.353 -14.442
1.275425 -9.59 -9.096 -10.655 -12.406 -13.506 -14.232 -12.583 -12.609 -13.525 -14.252 -14.681 -14.914 -12.549 -13.793 -14.52 -14.807 -14.938 -13.925 -14.538 -14.824 -14.941 -15.016 -14.48 -14.156 -14.659 -14.928 -14.737 -14.393 -14.443
1.313999 -9.554 -8.986 -10.581 -12.351 -13.475 -14.219 -12.555 -12.558 -13.495 -14.239 -14.684 -14.929 -12.497 -13.769 -14.516 -14.815 -14.954 -13.905 -14.535 -14.832 -14.956 -15.035 -14.478 -14.142 -14.66 -14.956 -14.771 -14.432 -14.442
1.35374 -9.519 -8.871 -10.503 -12.293 -13.441 -14.204 -12.525 -12.505 -13.462 -14.225 -14.685 -14.942 -12.442 -13.743 -14.511 -14.821 -14.968 -13.883 -14.53 -14.838 -14.969 -15.053 -14.474 -14.127 -14.661 -14.983 -14.804 -14.47 -14.439
1.394683 -9.486 -8.752 -10.423 -12.232 -13.405 -14.187 -12.493 -12.448 -13.427 -14.209 -14.685 -14.954 -12.383 -13.715 -14.503 -14.825 -14.982 -13.859 -14.523 -14.843 -14.981 -15.07 -14.469 -14.11 -14.659 -15.008 -14.837 -14.508 -14.435
1.436864 -9.454 -8.629 -10.34 -12.169 -13.367 -14.168 -12.459 -12.389 -13.389 -14.191 -14.683 -14.965 -12.322 -13.684 -14.494 -14.828 -14.994 -13.832 -14.515 -14.847 -14.992 -15.085 -14.462 -14.091 -14.657 -15.033 -14.869 -14.545 -14.43
1.480321 -9.423 -8.502 -10.253 -12.101 -13.325 -14.146 -12.423 -12.326 -13.349 -14.171 -14.679 -14.974 -12.257 -13.651 -14.483 -14.83 -15.005 -13.804 -14.504 -14.849 -15.001 -15.1 -14.454 -14.07 -14.652 -15.057 -14.9 -14.582 -14.423
1.525092 -9.394 -8.369 -10.164 -12.03 -13.281 -14.123 -12.385 -12.26 -13.306 -14.148 -14.674 -14.982 -12.189 -13.615 -14.47 -14.829 -15.014 -13.772 -14.492 -14.849 -15.009 -15.113 -14.444 -14.046 -14.646 -15.081 -14.93 -14.618 -14.415
1.571218 -9.366 -8.232 -10.071 -11.956 -13.234 -14.097 -12.344 -12.19 -13.26 -14.123 -14.667 -14.988 -12.117 -13.577 -14.455 -14.827 -15.022 -13.739 -14.478 -14.848 -15.016 -15.125 -14.431 -14.02 -14.637 -15.103 -14.96 -14.654 -14.405
1.618738 -9.339 -8.09 -9.974 -11.877 -13.184 -14.068 -12.302 -12.117 -13.211 -14.096 -14.658 -14.993 -12.041 -13.536 -14.437 -14.824 -15.028 -13.703 -14.461 -14.844 -15.021 -15.136 -14.417 -13.992 -14.627 -15.124 -14.989 -14.689 -14.393
1.667696 -9.314 -7.942 -9.873 -11.795 -13.13 -14.037 -12.256 -12.04 -13.158 -14.066 -14.646 -14.997 -11.961 -13.491 -14.417 -14.818 -15.033 -13.664 -14.442 -14.839 -15.024 -15.145 -14.401 -13.961 -14.615 -15.143 -15.017 -14.723 -14.379
1.718134 -9.29 -7.788 -9.769 -11.708 -13.073 -14.003 -12.208 -11.958 -13.102 -14.033 -14.633 -14.998 -11.877 -13.444 -14.395 -14.81 -15.036 -13.622 -14.421 -14.832 -15.026 -15.152 -14.382 -13.927 -14.6 -15.162 -15.044 -14.757 -14.363
1.770098 -9.267 -7.629 -9.66 -11.616 -13.012 -13.966 -12.157 -11.872 -13.043 -13.997 -14.617 -14.998 -11.788 -13.393 -14.37 -14.8 -15.038 -13.577 -14.397 -14.823 -15.025 -15.158 -14.361 -13.891 -14.583 -15.179 -15.07 -14.79 -14.346
1.823633 -9.246 -7.464 -9.547 -11.52 -12.947 -13.925 -12.104 -11.781 -12.98 -13.958 -14.599 -14.995 -11.695 -13.338 -14.342 -14.788 -15.037 -13.528 -14.37 -14.811 -15.023 -15.162 -14.338 -13.851 -14.564 -15.195 -15.095 -14.822 -14.326
1.878788 -9.225 -7.293 -9.43 -11.418 -12.879 -13.881 -12.047 -11.685 -12.912 -13.916 -14.578 -14.991 -11.596 -13.28 -14.311 -14.773 -15.034 -13.477 -14.34 -14.797 -15.019 -15.164 -14.312 -13.808 -14.542 -15.21 -15.118 -14.853 -14.303
1.93561 -9.206 -7.116 -9.308 -11.311 -12.805 -13.834 -11.987 -11.584 -12.841 -13.87 -14.555 -14.985 -11.492 -13.218 -14.277 -14.756 -15.029 -13.422 -14.308 -14.78 -15.012 -15.165 -14.283 -13.762 -14.517 -15.223 -15.141 -14.883 -14.279
1.994152 -9.187 -6.933 -9.181 -11.199 -12.727 -13.783 -11.923 -11.477 -12.765 -13.82 -14.528 -14.976 -11.383 -13.151 -14.24 -14.736 -15.022 -13.363 -14.272 -14.761 -15.003 -15.163 -14.251 -13.712 -14.489 -15.234 -15.162 -14.913 -14.251
2.054463 -9.169 -6.743 -9.049 -11.08 -12.645 -13.728 -11.855 -11.365 -12.684 -13.767 -14.499 -14.964 -11.267 -13.08 -14.2 -14.713 -15.013 -13.3 -14.233 -14.739 -14.992 -15.159 -14.216 -13.658 -14.458 -15.244 -15.183 -14.941 -14.222
2.116599 -9.152 -6.548 -8.912 -10.954 -12.557 -13.668 -11.784 -11.246 -12.597 -13.709 -14.466 -14.95 -11.145 -13.004 -14.155 -14.687 -15.001 -13.233 -14.19 -14.714 -14.978 -15.153 -14.178 -13.601 -14.424 -15.252 -15.201 -14.968 -14.189
2.180614 -9.134 -6.346 -8.768 -10.822 -12.463 -13.604 -11.709 -11.121 -12.506 -13.647 -14.43 -14.934 -11.016 -12.923 -14.107 -14.657 -14.986 -13.161 -14.143 -14.686 -14.961 -15.144 -14.137 -13.538 -14.386 -15.257 -15.218 -14.994 -14.153
2.246566 -9.117 -6.139 -8.619 -10.682 -12.363 -13.535 -11.629 -10.988 -12.408 -13.58 -14.39 -14.914 -10.879 -12.837 -14.054 -14.624 -14.968 -13.085 -14.092 -14.654 -14.941 -15.133 -14.091 -13.472 -14.345 -15.261 -15.234 -15.019 -14.115
2.314511 -9.1 -5.927 -8.464 -10.535 -12.257 -13.461 -11.544 -10.848 -12.305 -13.508 -14.346 -14.891 -10.735 -12.745 -13.997 -14.588 -14.947 -13.004 -14.037 -14.618 -14.918 -15.119 -14.042 -13.4 -14.299 -15.263 -15.248 -15.043 -14.072
2.384512 -9.082 -5.712 -8.302 -10.379 -12.145 -13.381 -11.454 -10.699 -12.195 -13.431 -14.298 -14.865 -10.583 -12.646 -13.934 -14.547 -14.923 -12.918 -13.977 -14.579 -14.891 -15.101 -13.988 -13.323 -14.249 -15.262 -15.26 -15.065 -14.027
2.45663 -9.064 -5.495 -8.133 -10.214 -12.025 -13.296 -11.36 -10.542 -12.078 -13.348 -14.245 -14.835 -10.422 -12.541 -13.867 -14.502 -14.895 -12.827 -13.913 -14.535 -14.861 -15.081 -13.93 -13.24 -14.195 -15.259 -15.27 -15.086 -13.978
2.530929 -9.045 -5.277 -7.956 -10.039 -11.897 -13.204 -11.259 -10.376 -11.953 -13.258 -14.188 -14.801 -10.251 -12.429 -13.794 -14.453 -14.863 -12.729 -13.843 -14.487 -14.827 -15.057 -13.867 -13.152 -14.136 -15.253 -15.278 -15.105 -13.925
2.607475 -9.025 -5.061 -7.772 -9.855 -11.761 -13.105 -11.153 -10.2 -11.82 -13.162 -14.126 -14.763 -10.07 -12.31 -13.716 -14.398 -14.827 -12.626 -13.767 -14.434 -14.789 -15.029 -13.798 -13.057 -14.072 -15.244 -15.284 -15.123 -13.867
2.686337 -9.004 -4.85 -7.58 -9.659 -11.617 -12.999 -11.04 -10.013 -11.679 -13.059 -14.058 -14.721 -9.878 -12.182 -13.63 -14.339 -14.787 -12.517 -13.685 -14.376 -14.746 -14.998 -13.725 -12.955 -14.002 -15.231 -15.287 -15.138 -13.806
2.767583 -8.981 -4.648 -7.378 -9.452 -11.463 -12.885 -10.921 -9.815 -11.528 -12.949 -13.984 -14.674 -9.675 -12.046 -13.539 -14.273 -14.742 -12.401 -13.597 -14.312 -14.698 -14.962 -13.645 -12.846 -13.926 -15.216 -15.288 -15.152 -13.74
2.851287 -8.957 -4.457 -7.168 -9.231 -11.298 -12.763 -10.794 -9.604 -11.368 -12.83 -13.904 -14.622 -9.459 -11.9 -13.439 -14.202 -14.692 -12.278 -13.502 -14.242 -14.645 -14.922 -13.559 -12.729 -13.843 -15.197 -15.286 -15.164 -13.669
2.937522 -8.93 -4.28 -6.948 -8.998 -11.123 -12.632 -10.66 -9.381 -11.197 -12.702 -13.816 -14.564 -9.229 -11.745 -13.332 -14.124 -14.637 -12.149 -13.399 -14.166 -14.587 -14.877 -13.466 -12.604 -13.754 -15.174 -15.282 -15.173 -13.593
3.026365 -8.901 -4.12 -6.717 -8.749 -10.936 -12.491 -10.517 -9.143 -11.014 -12.565 -13.722 -14.501 -8.985 -11.579 -13.216 -14.039 -14.575 -12.012 -13.289 -14.084 -14.523 -14.826 -13.366 -12.469 -13.657 -15.147 -15.274 -15.181 -13.512
3.117896 -8.869 -3.978 -6.475 -8.485 -10.736 -12.339 -10.366 -8.89 -10.819 -12.418 -13.62 -14.431 -8.725 -11.401 -13.091 -13.946 -14.508 -11.868 -13.17 -13.993 -14.452 -14.77 -13.258 -12.325 -13.552 -15.115 -15.262 -15.185 -13.425
3.212194 -8.835 -3.854 -6.221 -8.204 -10.522 -12.176 -10.205 -8.62 -10.611 -12.259 -13.509 -14.354 -8.449 -11.21 -12.957 -13.846 -14.433 -11.717 -13.042 -13.895 -14.374 -14.708 -13.141 -12.17 -13.439 -15.078 -15.247 -15.187 -13.332
3.309345 -8.797 -3.747 -5.953 -7.904 -10.294 -12.001 -10.035 -8.333 -10.388 -12.089 -13.389 -14.269 -8.154 -11.006 -12.811 -13.736 -14.351 -11.559 -12.904 -13.788 -14.288 -14.639 -13.015 -12.004 -13.316 -15.036 -15.228 -15.186 -13.233
3.409434 -8.756 -3.652 -5.672 -7.584 -10.049 -11.812 -9.853 -8.026 -10.15 -11.906 -13.259 -14.177 -7.839 -10.787 -12.654 -13.616 -14.261 -11.394 -12.756 -13.672 -14.194 -14.563 -12.879 -11.826 -13.183 -14.989 -15.204 -15.181 -13.128
3.51255 -8.711 -3.569 -5.376 -7.243 -9.787 -11.609 -9.661 -7.698 -9.895 -11.709 -13.119 -14.076 -7.502 -10.553 -12.484 -13.486 -14.162 -11.222 -12.597 -13.546 -14.091 -14.479 -12.732 -11.634 -13.039 -14.935 -15.176 -15.173 -13.016
3.618785 -8.661 -3.492 -5.064 -6.878 -9.506 -11.391 -9.457 -7.348 -9.621 -11.496 -12.967 -13.965 -7.143 -10.301 -12.3 -13.345 -14.053 -11.045 -12.426 -13.409 -13.979 -14.387 -12.574 -11.427 -12.884 -14.874 -15.142 -15.161 -12.896
3.728232 -8.607 -3.42 -4.734 -6.488 -9.204 -11.155 -9.24 -6.972 -9.328 -11.267 -12.802 -13.844 -6.758 -10.03 -12.102 -13.191 -13.935 -10.863 -12.243 -13.26 -13.856 -14.286 -12.403 -11.205 -12.715 -14.806 -15.103 -15.145 -12.77
3.84099 -8.548 -3.349 -4.385 -6.069 -8.88 -10.9 -9.011 -6.57 -9.014 -11.021 -12.623 -13.712 -6.345 -9.739 -11.887 -13.024 -13.805 -10.676 -12.046 -13.098 -13.722 -14.176 -12.218 -10.966 -12.532 -14.73 -15.058 -15.125 -12.636
3.957158 -8.483 -3.277 -4.014 -5.621 -8.532 -10.625 -8.767 -6.138 -8.676 -10.754 -12.429 -13.567 -5.902 -9.426 -11.655 -12.842 -13.662 -10.488 -11.835 -12.923 -13.575 -14.054 -12.018 -10.708 -12.334 -14.645 -15.006 -15.099 -12.495
4.07684 -8.412 -3.202 -3.621 -5.139 -8.157 -10.328 -8.509 -5.675 -8.312 -10.466 -12.219 -13.41 -5.426 -9.088 -11.403 -12.644 -13.506 -10.299 -11.61 -12.732 -13.415 -13.921 -11.802 -10.43 -12.12 -14.55 -14.947 -15.069 -12.346
4.200141 -8.335 -3.122 -3.203 -4.62 -7.752 -10.007 -8.237 -5.176 -7.92 -10.155 -11.991 -13.237 -4.913 -8.724 -11.13 -12.428 -13.336 -10.11 -11.369 -12.525 -13.24 -13.776 -11.568 -10.129 -11.887 -14.444 -14.879 -15.032 -12.189
4.327172 -8.25 -3.036 -2.757 -4.062 -7.316 -9.659 -7.951 -4.638 -7.498 -9.818 -11.744 -13.049 -4.362 -8.33 -10.834 -12.193 -13.149 -9.924 -11.113 -12.301 -13.049 -13.617 -11.314 -9.805 -11.635 -14.327 -14.803 -14.989 -12.024
4.458044 -8.158 -2.943 -2.28 -3.461 -6.844 -9.281 -7.65 -4.058 -7.042 -9.454 -11.475 -12.843 -3.766 -7.905 -10.512 -11.937 -12.944 -9.741 -10.842 -12.058 -12.84 -13.444 -11.039 -9.453 -11.36 -14.197 -14.718 -14.938 -11.851
