web/models/kne.last_good/kappa_0.5_3.0.v1/11/villar_0.0953_0.2807_0.5000.dat
# %ECSV 1.0
# ---
# datatype:
# - {name: time, datatype: float64}
# - {name: swift_uvot_uvw2, datatype: float64}
# - {name: swift_uvot_uvm2, datatype: float64}
# - {name: swift_uvot_uvw1, datatype: float64}
# - {name: swift_uvot_U, datatype: float64}
# - {name: swift_uvot_B, datatype: float64}
# - {name: swift_uvot_V, datatype: float64}
# - {name: swift_uvot_W, datatype: float64}
# - {name: johnson_U, datatype: float64}
# - {name: johnson_B, datatype: float64}
# - {name: johnson_V, datatype: float64}
# - {name: johnson_R, datatype: float64}
# - {name: johnson_I, datatype: float64}
# - {name: sdss_u, datatype: float64}
# - {name: sdss_g, datatype: float64}
# - {name: sdss_r, datatype: float64}
# - {name: sdss_i, datatype: float64}
# - {name: sdss_z, datatype: float64}
# - {name: PS1_g, datatype: float64}
# - {name: PS1_r, datatype: float64}
# - {name: PS1_i, datatype: float64}
# - {name: PS1_z, datatype: float64}
# - {name: PS1_Y, datatype: float64}
# - {name: PS1_w, datatype: float64}
# - {name: ATLAS_c, datatype: float64}
# - {name: ATLAS_o, datatype: float64}
# - {name: ukirt_J, datatype: float64}
# - {name: ukirt_H, datatype: float64}
# - {name: ukirt_K, datatype: float64}
# - {name: Clear, datatype: float64}
# meta: !!omap
# - comment: [kappa = 0.5, type = villar, mass = 0.09533330950298248, velocity = 0.2806666666666667, theta_obs = 0.0]
# schema: astropy-2.0
time swift_uvot_uvw2 swift_uvot_uvm2 swift_uvot_uvw1 swift_uvot_U swift_uvot_B swift_uvot_V swift_uvot_W johnson_U johnson_B johnson_V johnson_R johnson_I sdss_u sdss_g sdss_r sdss_i sdss_z PS1_g PS1_r PS1_i PS1_z PS1_Y PS1_w ATLAS_c ATLAS_o ukirt_J ukirt_H ukirt_K Clear
[from data line 280]
4.200141 -8.926 -3.711 -3.504 -4.832 -8.061 -10.387 -8.666 -5.404 -8.241 -10.544 -12.452 -13.745 -5.13 -9.067 -11.552 -12.899 -13.845 -10.618 -11.822 -13.004 -13.746 -14.308 -12.024 -10.528 -12.344 -15.009 -15.477 -15.656 -12.715
4.327172 -8.754 -3.538 -2.753 -3.891 -7.316 -9.784 -8.181 -4.495 -7.52 -9.961 -12.014 -13.401 -4.199 -8.392 -11.033 -12.479 -13.503 -10.312 -11.381 -12.604 -13.398 -14.013 -11.575 -9.965 -11.896 -14.78 -15.315 -15.547 -12.423
4.458044 -8.565 -3.35 -1.935 -2.852 -6.493 -9.115 -7.675 -3.492 -6.725 -9.314 -11.527 -13.018 -3.169 -7.645 -10.457 -12.011 -13.121 -10.019 -10.915 -12.164 -13.012 -13.687 -11.079 -9.342 -11.401 -14.523 -15.131 -15.423 -12.118
4.592874 -8.358 -3.143 -1.042 -1.701 -5.58 -8.371 -7.158 -2.38 -5.846 -8.597 -10.988 -12.591 -2.03 -6.817 -9.815 -11.489 -12.693 -9.736 -10.43 -11.68 -12.583 -13.326 -10.529 -8.652 -10.85 -14.232 -14.922 -15.28 -11.802
4.731783 -8.131 -2.915 -0.063 -0.425 -4.566 -7.542 -6.641 -1.147 -4.872 -7.799 -10.388 -12.115 -0.764 -5.898 -9.1 -10.905 -12.215 -9.459 -9.939 -11.151 -12.107 -12.929 -9.918 -7.886 -10.237 -13.904 -14.685 -15.117 -11.476
4.874892 -7.879 -2.664 1.012 0.996 -3.437 -6.616 -6.139 0.226 -3.79 -6.911 -9.719 -11.581 0.644 -4.873 -8.301 -10.251 -11.677 -9.177 -9.453 -10.579 -11.58 -12.493 -9.237 -7.033 -9.553 -13.533 -14.416 -14.93 -11.139
5.02233 -7.602 -2.386 2.198 2.581 -2.176 -5.58 -5.662 1.758 -2.585 -5.918 -8.973 -10.984 2.216 -3.728 -7.405 -9.517 -11.073 -8.882 -8.985 -9.968 -11.001 -12.016 -8.476 -6.08 -8.79 -13.113 -14.109 -14.716 -10.791
5.174227 -7.294 -2.078 3.51 4.355 -0.764 -4.416 -5.212 3.474 -1.241 -4.808 -8.138 -10.313 3.976 -2.446 -6.399 -8.69 -10.392 -8.566 -8.538 -9.331 -10.368 -11.501 -7.624 -5.014 -7.933 -12.637 -13.76 -14.471 -10.428
5.330718 -6.951 -1.735 4.967 6.347 0.823 -3.105 -4.778 5.4 0.264 -3.561 -7.201 -9.558 5.953 -1.005 -5.266 -7.757 -9.622 -8.219 -8.106 -8.685 -9.687 -10.95 -6.667 -3.817 -6.972 -12.095 -13.362 -14.19 -10.046
5.491942 -6.568 -1.353 6.592 8.592 2.61 -1.624 -4.344 7.571 1.955 -2.159 -6.148 -8.707 8.18 0.619 -3.986 -6.701 -8.75 -7.835 -7.672 -8.05 -8.97 -10.369 -5.588 -2.468 -5.887 -11.478 -12.907 -13.866 -9.635
5.658042 -6.14 -0.924 8.412 11.132 4.632 0.055 -3.89 10.026 3.859 -0.578 -4.96 -7.745 10.698 2.456 -2.534 -5.502 -7.761 -7.405 -7.218 -7.437 -8.236 -9.763 -4.367 -0.942 -4.661 -10.772 -12.385 -13.494 -9.189
5.829166 -5.657 -0.442 10.46 14.016 6.928 1.965 -3.396 12.813 6.013 1.212 -3.618 -6.655 13.557 4.543 -0.882 -4.136 -6.633 -6.923 -6.724 -6.841 -7.506 -9.136 -2.981 0.79 -3.27 -9.963 -11.784 -13.063 -8.697
6.005465 -5.112 0.104 12.778 17.305 9.545 4.145 -2.846 15.989 8.457 3.244 -2.095 -5.417 16.815 6.922 1.004 -2.575 -5.345 -6.378 -6.175 -6.235 -6.788 -8.486 -1.402 2.765 -1.685 -9.033 -11.092 -12.565 -8.146
6.187096 -4.493 0.723 15.416 21.071 12.541 6.645 -2.225 19.624 11.245 5.557 -0.362 -4.006 20.544 9.646 3.166 -0.783 -3.868 -5.759 -5.554 -5.589 -6.067 -7.8 0.407 5.026 0.129 -7.96 -10.292 -11.985 -7.524
6.37422 -3.786 1.429 18.436 25.406 15.987 9.523 -1.518 23.804 14.438 8.201 1.619 -2.393 24.831 12.779 5.656 1.282 -2.17 -5.052 -4.847 -4.873 -5.311 -7.056 2.488 7.628 2.214 -6.716 -9.364 -11.31 -6.816
6.567004 -2.976 2.24 21.915 30.419 19.969 12.852 -0.707 28.632 18.114 11.235 3.89 -0.542 29.782 16.4 8.536 3.671 -0.21 -4.241 -4.036 -4.059 -4.48 -6.227 4.892 10.636 4.623 -5.27 -8.282 -10.52 -6.005
6.765619 -2.04 3.176 25.948 36.246 24.597 16.721 0.228 34.237 22.368 14.731 6.505 1.59 35.529 20.605 11.885 6.45 2.061 -3.306 -3.101 -3.122 -3.538 -5.284 7.686 14.132 7.42 -3.58 -7.017 -9.593 -5.069
6.97024 -1.549 3.667 26.902 37.468 25.639 17.651 0.72 35.425 23.353 15.602 7.246 2.259 36.739 21.584 12.736 7.217 2.751 -2.814 -2.61 -2.631 -3.047 -4.792 8.455 15.006 8.189 -2.976 -6.476 -9.102 -4.578
7.181051 -1.118 4.098 27.333 37.899 26.07 18.082 1.151 35.856 23.784 16.033 7.677 2.69 37.17 22.015 13.167 7.648 3.182 -2.383 -2.179 -2.2 -2.615 -4.361 8.886 15.437 8.62 -2.544 -6.045 -8.671 -4.147
7.398237 -0.66 4.555 27.79 38.356 26.528 18.539 1.608 36.313 24.242 16.491 8.134 3.147 37.627 22.473 13.625 8.105 3.639 -1.926 -1.721 -1.743 -2.158 -3.904 9.343 15.895 9.078 -2.087 -5.588 -8.213 -3.69
7.621991 -0.175 5.041 28.276 38.842 27.013 19.025 2.094 36.799 24.728 16.976 8.62 3.633 38.113 22.958 14.11 8.591 4.125 -1.44 -1.236 -1.257 -1.672 -3.418 9.829 16.38 9.563 -1.601 -5.102 -7.728 -3.204
7.852513 0.341 5.556 28.791 39.357 27.529 19.54 2.609 37.314 25.243 17.492 9.135 4.148 38.628 23.474 14.626 9.106 4.64 -0.925 -0.72 -0.742 -1.157 -2.903 10.344 16.896 10.079 -1.086 -4.587 -7.212 -2.689
8.090007 0.888 6.103 29.338 39.904 28.076 20.087 3.156 37.861 25.79 18.039 9.682 4.695 39.175 24.021 15.173 9.653 5.188 -0.378 -0.173 -0.195 -0.61 -2.356 10.891 17.443 10.626 -0.539 -4.04 -6.665 -2.142
8.334684 1.468 6.684 29.919 40.485 28.656 20.668 3.737 38.442 26.371 18.619 10.263 5.276 39.756 24.601 15.754 10.234 5.768 0.203 0.408 0.386 -0.029 -1.775 11.472 18.023 11.207 0.042 -3.459 -6.085 -1.561
8.586761 2.085 7.3 30.535 41.101 29.273 21.284 4.353 39.058 26.987 19.236 10.879 5.892 40.372 25.218 16.37 10.85 6.385 0.819 1.024 1.002 0.587 -1.159 12.088 18.64 11.823 0.658 -2.843 -5.468 -0.945
8.846461 2.739 7.955 31.189 41.756 29.927 21.939 5.007 39.712 27.641 19.89 11.533 6.546 41.026 25.872 17.024 11.504 7.039 1.473 1.678 1.657 1.241 -0.505 12.742 19.294 12.477 1.312 -2.188 -4.814 -0.291
9.114017 3.433 8.649 31.884 42.45 30.621 22.633 5.702 40.407 28.336 20.584 12.228 7.241 41.721 26.566 17.718 12.199 7.733 2.168 2.372 2.351 1.936 0.19 13.437 19.988 13.171 2.007 -1.494 -4.12 0.404
9.389664 4.17 9.386 32.621 43.187 31.358 23.37 6.439 41.144 29.072 21.321 12.965 7.978 42.458 27.303 18.455 12.936 8.47 2.905 3.109 3.088 2.673 0.927 14.174 20.725 13.908 2.744 -0.757 -3.383 1.141
9.673648 4.952 10.168 33.403 43.969 32.14 24.152 7.221 41.926 29.855 22.103 13.747 8.76 43.24 28.085 19.238 13.718 9.252 3.687 3.892 3.87 3.455 1.709 14.956 21.507 14.691 3.526 0.025 -2.601 1.923
9.966221 5.783 10.998 34.233 44.799 32.971 24.982 8.051 42.756 30.685 22.934 14.577 9.59 44.07 28.916 20.068 14.548 10.082 4.517 4.722 4.7 4.285 2.539 15.786 22.338 15.521 4.356 0.855 -1.77 2.753
10.267642 6.664 11.88 35.114 45.68 33.852 25.864 8.932 43.637 31.566 23.815 15.458 10.471 44.951 29.797 20.949 15.429 10.964 5.398 5.603 5.582 5.166 3.42 16.667 23.219 16.402 5.237 1.737 -0.889 3.634
10.57818 7.599 12.815 36.05 46.616 34.787 26.799 9.868 44.573 32.502 24.75 16.394 11.407 45.887 30.732 21.884 16.365 11.899 6.334 6.538 6.517 6.102 4.356 17.603 24.154 17.337 6.173 2.672 0.046 4.57
10.89811 8.592 13.808 37.043 47.609 35.78 27.792 10.86 45.565 33.494 25.743 17.386 12.399 46.879 31.725 22.877 17.357 12.892 7.326 7.531 7.51 7.094 5.348 18.595 25.147 18.33 7.165 3.665 1.039 5.563
11.227716 9.646 14.861 38.096 48.662 36.834 28.845 11.914 46.619 34.548 26.797 18.44 13.453 47.933 32.779 23.931 18.411 13.946 8.38 8.585 8.563 8.148 6.402 19.649 26.201 19.384 8.219 4.718 2.093 6.616
11.56729 10.764 15.98 39.215 49.781 37.952 29.964 13.033 47.738 35.666 27.915 19.559 14.572 49.052 33.897 25.049 19.53 15.064 9.499 9.703 9.682 9.267 7.521 20.768 27.319 20.502 9.337 5.837 3.211 7.735
11.917135 11.951 17.167 40.402 50.968 39.139 31.151 14.22 48.925 36.854 29.102 20.746 15.759 50.239 35.084 26.236 20.717 16.251 10.686 10.89 10.869 10.454 8.708 21.955 28.506 21.689 10.525 7.024 4.398 8.922
12.277561 13.211 18.427 41.662 52.228 40.399 32.411 15.48 50.185 38.114 30.362 22.006 17.019 51.499 36.344 27.496 21.977 17.511 11.946 12.15 12.129 11.714 9.968 23.215 29.766 22.949 11.785 8.284 5.658 10.182
12.648887 14.549 19.764 42.999 53.565 41.737 33.748 16.817 51.522 39.451 31.7 23.343 18.356 52.836 37.682 28.834 23.314 18.848 13.283 13.488 13.466 13.051 11.305 24.552 31.104 24.287 13.122 9.621 6.995 11.519
13.031444 15.968 21.184 44.419 54.985 43.156 35.168 18.237 52.942 40.87 33.119 24.763 19.776 54.256 39.101 30.253 24.734 20.268 14.703 14.907 14.886 14.47 12.725 25.972 32.523 25.706 14.541 11.041 8.415 12.939
13.425571 17.475 22.69 45.925 56.491 44.663 36.674 19.743 54.448 42.377 34.626 26.269 21.282 55.762 40.608 31.76 26.24 21.775 16.209 16.414 16.392 15.977 14.231 27.478 34.03 27.213 16.048 12.547 9.922 14.445
13.831619 19.074 24.29 47.524 58.091 46.262 38.274 21.342 56.047 43.976 36.225 27.868 22.881 57.361 42.207 33.359 27.839 23.374 17.808 18.013 17.992 17.576 15.83 29.077 35.629 28.812 17.647 14.147 11.521 16.044
14.249947 20.771 25.987 49.222 59.788 47.959 39.971 23.04 57.745 45.674 37.922 29.566 24.579 59.059 43.904 35.057 29.537 25.071 19.506 19.71 19.689 19.274 17.528 30.775 37.326 30.509 19.345 15.844 13.218 17.742
14.680926 22.573 27.789 51.023 61.589 49.761 41.773 24.841 59.546 47.475 39.724 31.367 26.38 60.86 45.706 36.858 31.338 26.873 21.307 21.512 21.491 21.075 19.329 32.576 39.128 32.311 21.146 17.646 15.02 19.543
15.124941 24.485 29.701 52.936 63.502 51.673 43.685 26.753 61.459 49.387 41.636 33.279 28.293 62.773 47.618 38.77 33.25 28.785 23.219 23.424 23.403 22.987 21.242 34.488 41.04 34.223 23.058 19.558 16.932 21.456
15.582385 26.515 31.73 54.965 65.531 53.703 45.714 28.783 63.488 51.417 43.666 35.309 30.322 64.802 49.648 40.8 35.28 30.815 25.249 25.454 25.432 25.017 23.271 36.518 43.07 36.253 25.088 21.587 18.962 23.485
16.053663 28.669 33.885 57.119 67.686 55.857 47.869 30.937 65.642 53.571 45.82 37.463 32.476 66.956 51.802 42.954 37.434 32.969 27.403 27.608 27.587 27.171 25.425 38.672 45.224 38.407 27.242 23.742 21.116 25.639
16.539195 30.955 36.171 59.406 69.972 58.143 50.155 33.224 67.929 55.858 48.106 39.75 34.763 69.243 54.088 45.241 39.721 35.255 29.69 29.895 29.873 29.458 27.712 40.959 47.51 40.694 29.529 26.028 23.402 27.926
17.039412 33.382 38.598 61.833 72.399 60.57 52.582 35.651 70.356 58.285 50.533 42.177 37.19 71.67 56.515 47.668 42.148 37.682 32.117 32.322 32.3 31.885 30.139 43.386 49.937 43.121 31.956 28.455 25.829 30.353
17.554757 35.958 41.174 64.409 74.975 63.146 55.158 38.227 72.932 60.861 53.109 44.753 39.766 74.246 59.091 50.244 44.724 40.258 34.693 34.897 34.876 34.461 32.715 45.962 52.513 45.696 34.532 31.031 28.405 32.929
18.085689 38.692 43.908 67.143 77.709 65.88 57.892 40.961 75.666 63.595 55.843 47.487 42.5 76.98 61.825 52.978 47.458 42.992 37.427 37.632 37.61 37.195 35.449 48.696 55.247 48.431 37.266 33.765 31.139 35.663
18.632678 41.594 46.81 70.045 80.611 68.782 60.794 43.863 78.568 66.497 58.745 50.389 45.402 79.882 64.727 55.88 50.36 45.894 40.329 40.534 40.512 40.097 38.351 51.598 58.149 51.333 40.168 36.667 34.041 38.565
19.196211 44.675 49.89 73.125 83.691 71.863 63.874 46.943 81.648 69.577 61.826 53.469 48.482 82.962 67.808 58.96 53.44 48.974 43.409 43.614 43.592 43.177 41.431 54.678 61.23 54.413 43.248 39.747 37.122 41.645
19.776787 47.944 53.16 76.394 86.961 75.132 67.144 50.212 84.917 72.846 65.095 56.738 51.751 86.231 71.077 62.229 56.709 52.244 46.678 46.883 46.862 46.446 44.7 57.947 64.499 57.682 46.517 43.017 40.391 44.915
20.374923 51.414 56.63 79.865 90.431 78.602 70.614 53.682 88.387 76.316 68.565 60.208 55.222 89.702 74.547 65.699 60.179 55.714 50.148 50.353 50.332 49.916 48.171 61.417 67.969 61.152 49.987 46.487 43.861 48.385
20.991149 55.097 60.313 83.548 94.114 82.285 74.297 57.366 92.071 79.999 72.248 63.892 58.905 93.385 78.23 69.382 63.863 59.397 53.832 54.036 54.015 53.6 51.854 65.101 71.652 64.835 53.671 50.17 47.544 52.068
21.626011 59.006 64.222 87.457 98.023 86.194 78.206 61.275 95.98 83.909 76.157 67.801 62.814 97.294 82.14 73.292 67.772 63.306 57.741 57.946 57.924 57.509 55.763 69.01 75.561 68.745 57.58 54.079 51.453 55.977
22.280075 63.156 68.371 91.606 102.172 90.344 82.356 65.424 100.129 88.058 80.307 71.95 66.963 101.443 86.289 77.441 71.921 67.456 61.89 62.095 62.073 61.658 59.912 73.159 79.711 72.894 61.729 58.229 55.603 60.126
22.953921 67.56 72.776 96.01 106.577 94.748 86.76 69.828 104.533 92.462 84.711 76.354 71.367 105.847 90.693 81.845 76.325 71.86 66.294 66.499 66.478 66.062 64.316 77.563 84.115 77.298 66.133 62.633 60.007 64.531
23.648147 72.235 77.45 100.685 111.251 99.423 91.434 74.503 109.208 97.137 89.385 81.029 76.042 110.522 95.368 86.52 81.0 76.534 70.969 71.174 71.152 70.737 68.991 82.238 88.789 81.973 70.808 67.307 64.681 69.205
24.363369 77.196 82.412 105.647 116.213 104.384 96.396 79.465 114.17 102.098 94.347 85.991 81.004 115.484 100.329 91.481 85.962 81.496 75.931 76.135 76.114 75.698 73.953 87.2 93.751 86.934 75.769 72.269 69.643 74.167
25.100222 82.462 87.678 110.913 121.479 109.65 101.662 84.731 119.436 107.365 99.613 91.257 86.27 120.75 105.595 96.748 91.228 86.762 81.197 81.402 81.38 80.965 79.219 92.466 99.017 92.201 81.036 77.535 74.909 79.433
25.859362 88.052 93.268 116.503 127.069 115.24 107.252 90.32 125.025 112.954 105.203 96.846 91.86 126.339 111.185 102.337 96.817 92.352 86.786 86.991 86.97 86.554 84.808 98.055 104.607 97.79 86.625 83.125 80.499 85.023
26.64146 93.985 99.201 122.435 133.001 121.173 113.185 96.253 130.958 118.887 111.136 102.779 97.792 132.272 117.118 108.27 102.75 98.285 92.719 92.924 92.903 92.487 90.741 103.988 110.54 103.723 92.558 89.058 86.432 90.955
27.447213 100.282 105.498 128.733 139.299 127.47 119.482 102.55 137.255 125.184 117.433 109.076 104.09 138.569 123.415 114.567 109.047 104.582 99.016 99.221 99.2 98.784 97.038 110.285 116.837 110.02 98.855 95.355 92.729 97.253
28.277335 106.966 112.181 135.416 145.982 134.154 126.166 109.234 143.939 131.868 124.117 115.76 110.773 145.253 130.099 121.251 115.731 111.266 105.7 105.905 105.883 105.468 103.722 116.969 123.521 116.704 105.539 102.039 99.413 103.936
29.132564 114.06 119.276 142.511 153.077 141.248 133.26 116.328 151.033 138.962 131.211 122.854 117.868 152.348 137.193 128.345 122.825 118.36 112.794 112.999 112.978 112.562 110.816 124.063 130.615 123.798 112.633 109.133 106.507 111.031
30.013659 121.59 126.805 150.04 160.606 148.778 140.79 123.858 158.563 146.492 138.741 130.384 125.397 159.877 144.723 135.875 130.355 125.89 120.324 120.529 120.507 120.092 118.346 131.593 138.145 131.328 120.163 116.663 114.037 118.56
30.921401 129.582 134.798 158.033 168.599 156.77 148.782 131.85 166.555 154.484 146.733 138.376 133.39 167.87 152.715 143.867 138.347 133.882 128.316 128.521 128.5 128.084 126.338 139.585 146.137 139.32 128.155 124.655 122.029 126.553
31.856598 138.065 143.281 166.515 177.082 165.253 157.265 140.333 175.038 162.967 155.216 146.859 141.872 176.352 161.198 152.35 146.83 142.365 136.799 137.004 136.983 136.567 134.821 148.068 154.62 147.803 136.638 133.138 130.512 135.035
32.820079 147.069 152.284 175.519 186.085 174.257 166.268 149.337 184.042 171.971 164.22 155.863 150.876 185.356 170.202 161.354 155.834 151.369 145.803 146.008 145.986 145.571 143.825 157.072 163.624 156.807 145.642 142.141 139.516 144.039
33.8127 156.625 161.841 185.076 195.642 183.813 175.825 158.894 193.599 181.528 173.776 165.42 160.433 194.913 179.758 170.911 165.391 160.925 155.36 155.565 155.543 155.128 153.382 166.629 173.18 166.364 155.199 151.698 149.072 153.596
34.835342 166.769 171.985 195.219 205.786 193.957 185.969 169.037 203.742 191.671 183.92 175.563 170.576 205.056 189.902 181.054 175.534 171.069 165.503 165.708 165.687 165.271 163.525 176.772 183.324 176.507 165.342 161.842 159.216 163.739
35.888913 177.535 182.751 205.986 216.552 204.723 196.735 179.804 214.509 202.438 194.686 186.33 181.343 215.823 200.668 191.82 186.301 181.835 176.27 176.474 176.453 176.038 174.292 187.539 194.09 187.273 176.109 172.608 169.982 174.506
36.974349 188.963 194.178 217.413 227.979 216.151 208.162 191.231 225.936 213.865 206.114 197.757 192.77 227.25 212.096 203.248 197.728 193.262 187.697 187.902 187.88 187.465 185.719 198.966 205.518 198.701 187.536 184.035 181.41 185.933
