web/models/kne.last_good/kappa_0.5_3.0.v1/11/villar_0.3304_0.4530_0.5000.dat
# %ECSV 1.0
# ---
# datatype:
# - {name: time, datatype: float64}
# - {name: swift_uvot_uvw2, datatype: float64}
# - {name: swift_uvot_uvm2, datatype: float64}
# - {name: swift_uvot_uvw1, datatype: float64}
# - {name: swift_uvot_U, datatype: float64}
# - {name: swift_uvot_B, datatype: float64}
# - {name: swift_uvot_V, datatype: float64}
# - {name: swift_uvot_W, datatype: float64}
# - {name: johnson_U, datatype: float64}
# - {name: johnson_B, datatype: float64}
# - {name: johnson_V, datatype: float64}
# - {name: johnson_R, datatype: float64}
# - {name: johnson_I, datatype: float64}
# - {name: sdss_u, datatype: float64}
# - {name: sdss_g, datatype: float64}
# - {name: sdss_r, datatype: float64}
# - {name: sdss_i, datatype: float64}
# - {name: sdss_z, datatype: float64}
# - {name: PS1_g, datatype: float64}
# - {name: PS1_r, datatype: float64}
# - {name: PS1_i, datatype: float64}
# - {name: PS1_z, datatype: float64}
# - {name: PS1_Y, datatype: float64}
# - {name: PS1_w, datatype: float64}
# - {name: ATLAS_c, datatype: float64}
# - {name: ATLAS_o, datatype: float64}
# - {name: ukirt_J, datatype: float64}
# - {name: ukirt_H, datatype: float64}
# - {name: ukirt_K, datatype: float64}
# - {name: Clear, datatype: float64}
# meta: !!omap
# - comment: [kappa = 0.5, type = villar, mass = 0.33039895931513485, velocity = 0.453, theta_obs = 0.0]
# schema: astropy-2.0
time swift_uvot_uvw2 swift_uvot_uvm2 swift_uvot_uvw1 swift_uvot_U swift_uvot_B swift_uvot_V swift_uvot_W johnson_U johnson_B johnson_V johnson_R johnson_I sdss_u sdss_g sdss_r sdss_i sdss_z PS1_g PS1_r PS1_i PS1_z PS1_Y PS1_w ATLAS_c ATLAS_o ukirt_J ukirt_H ukirt_K Clear
[from data line 142]
0.068788 -14.385 -14.475 -14.519 -14.529 -14.38 -14.153 -14.428 -14.512 -14.376 -14.144 -13.86 -13.504 -14.517 -14.31 -13.994 -13.724 -13.452 -14.296 -14.01 -13.741 -13.543 -13.467 -14.017 -14.188 -13.882 -12.872 -12.377 -11.788 -14.06
0.070868 -14.407 -14.501 -14.549 -14.567 -14.421 -14.197 -14.46 -14.55 -14.418 -14.189 -13.907 -13.553 -14.556 -14.353 -14.04 -13.772 -13.5 -14.339 -14.056 -13.789 -13.591 -13.515 -14.062 -14.232 -13.929 -12.922 -12.428 -11.841 -14.105
0.073012 -14.429 -14.527 -14.579 -14.604 -14.463 -14.242 -14.492 -14.589 -14.46 -14.233 -13.954 -13.601 -14.594 -14.396 -14.086 -13.82 -13.549 -14.382 -14.101 -13.836 -13.639 -13.562 -14.108 -14.276 -13.975 -12.973 -12.48 -11.893 -14.149
0.07522 -14.45 -14.552 -14.608 -14.642 -14.504 -14.286 -14.524 -14.627 -14.501 -14.278 -14.001 -13.65 -14.632 -14.438 -14.132 -13.867 -13.598 -14.425 -14.147 -13.883 -13.687 -13.61 -14.153 -14.32 -14.022 -13.023 -12.531 -11.945 -14.194
0.077495 -14.47 -14.577 -14.637 -14.679 -14.546 -14.331 -14.556 -14.664 -14.542 -14.322 -14.047 -13.698 -14.669 -14.48 -14.178 -13.915 -13.647 -14.467 -14.192 -13.93 -13.735 -13.657 -14.198 -14.364 -14.068 -13.074 -12.583 -11.998 -14.238
0.079839 -14.491 -14.602 -14.666 -14.716 -14.587 -14.375 -14.587 -14.702 -14.583 -14.367 -14.094 -13.747 -14.707 -14.522 -14.223 -13.962 -13.695 -14.51 -14.238 -13.977 -13.783 -13.704 -14.243 -14.407 -14.114 -13.124 -12.634 -12.05 -14.282
0.082253 -14.511 -14.626 -14.694 -14.752 -14.628 -14.419 -14.618 -14.739 -14.624 -14.411 -14.14 -13.795 -14.744 -14.564 -14.269 -14.009 -13.744 -14.552 -14.283 -14.024 -13.83 -13.752 -14.287 -14.451 -14.16 -13.175 -12.685 -12.102 -14.326
0.084741 -14.53 -14.65 -14.722 -14.789 -14.668 -14.463 -14.649 -14.776 -14.665 -14.455 -14.186 -13.843 -14.781 -14.606 -14.314 -14.056 -13.792 -14.594 -14.328 -14.071 -13.878 -13.799 -14.332 -14.494 -14.207 -13.225 -12.737 -12.154 -14.37
0.087304 -14.549 -14.673 -14.749 -14.825 -14.709 -14.507 -14.68 -14.813 -14.705 -14.498 -14.232 -13.891 -14.818 -14.648 -14.36 -14.103 -13.841 -14.636 -14.373 -14.118 -13.926 -13.846 -14.376 -14.537 -14.253 -13.275 -12.788 -12.206 -14.414
0.089944 -14.568 -14.697 -14.777 -14.861 -14.749 -14.55 -14.711 -14.85 -14.746 -14.542 -14.278 -13.939 -14.854 -14.689 -14.405 -14.15 -13.889 -14.678 -14.418 -14.165 -13.973 -13.893 -14.421 -14.58 -14.298 -13.325 -12.839 -12.258 -14.457
0.092665 -14.586 -14.719 -14.804 -14.896 -14.789 -14.594 -14.741 -14.886 -14.786 -14.586 -14.324 -13.987 -14.891 -14.731 -14.45 -14.197 -13.937 -14.719 -14.463 -14.211 -14.021 -13.94 -14.465 -14.623 -14.344 -13.376 -12.89 -12.31 -14.501
0.095467 -14.604 -14.741 -14.83 -14.932 -14.829 -14.637 -14.771 -14.922 -14.826 -14.629 -14.37 -14.035 -14.927 -14.772 -14.494 -14.244 -13.985 -14.761 -14.507 -14.258 -14.068 -13.988 -14.509 -14.665 -14.39 -13.426 -12.942 -12.362 -14.544
0.098355 -14.621 -14.763 -14.857 -14.967 -14.869 -14.68 -14.801 -14.958 -14.866 -14.672 -14.415 -14.083 -14.963 -14.813 -14.539 -14.291 -14.033 -14.802 -14.552 -14.304 -14.115 -14.035 -14.553 -14.708 -14.435 -13.476 -12.993 -12.414 -14.588
0.101329 -14.638 -14.785 -14.883 -15.002 -14.908 -14.724 -14.83 -14.994 -14.905 -14.715 -14.461 -14.13 -14.998 -14.853 -14.584 -14.337 -14.081 -14.843 -14.596 -14.35 -14.162 -14.081 -14.597 -14.75 -14.481 -13.526 -13.044 -12.466 -14.631
0.104394 -14.655 -14.806 -14.908 -15.036 -14.948 -14.766 -14.86 -15.03 -14.945 -14.758 -14.506 -14.178 -15.033 -14.894 -14.628 -14.384 -14.129 -14.884 -14.641 -14.397 -14.21 -14.128 -14.64 -14.792 -14.526 -13.576 -13.095 -12.518 -14.674
0.107551 -14.671 -14.826 -14.934 -15.071 -14.987 -14.809 -14.889 -15.065 -14.984 -14.801 -14.552 -14.225 -15.068 -14.934 -14.673 -14.43 -14.177 -14.925 -14.685 -14.443 -14.257 -14.175 -14.684 -14.834 -14.571 -13.625 -13.146 -12.57 -14.716
0.110804 -14.687 -14.846 -14.958 -15.105 -15.026 -14.852 -14.918 -15.1 -15.023 -14.844 -14.597 -14.273 -15.103 -14.975 -14.717 -14.476 -14.225 -14.965 -14.729 -14.489 -14.304 -14.222 -14.727 -14.876 -14.616 -13.675 -13.197 -12.622 -14.759
0.114155 -14.702 -14.866 -14.983 -15.138 -15.065 -14.894 -14.946 -15.134 -15.062 -14.886 -14.642 -14.32 -15.138 -15.015 -14.761 -14.522 -14.272 -15.006 -14.773 -14.535 -14.35 -14.269 -14.771 -14.918 -14.661 -13.725 -13.247 -12.674 -14.802
0.117608 -14.717 -14.885 -15.007 -15.172 -15.103 -14.936 -14.975 -15.169 -15.1 -14.929 -14.687 -14.367 -15.172 -15.054 -14.805 -14.568 -14.32 -15.046 -14.817 -14.58 -14.397 -14.315 -14.814 -14.96 -14.706 -13.775 -13.298 -12.725 -14.844
0.121165 -14.731 -14.904 -15.031 -15.205 -15.141 -14.979 -15.003 -15.203 -15.138 -14.971 -14.732 -14.414 -15.206 -15.094 -14.849 -14.614 -14.367 -15.086 -14.86 -14.626 -14.444 -14.362 -14.857 -15.001 -14.75 -13.824 -13.349 -12.777 -14.886
0.124829 -14.745 -14.922 -15.054 -15.238 -15.18 -15.02 -15.03 -15.237 -15.177 -15.013 -14.776 -14.461 -15.24 -15.133 -14.892 -14.66 -14.414 -15.126 -14.904 -14.672 -14.491 -14.408 -14.899 -15.042 -14.795 -13.874 -13.4 -12.829 -14.928
0.128605 -14.758 -14.94 -15.077 -15.271 -15.217 -15.062 -15.058 -15.27 -15.214 -15.055 -14.821 -14.508 -15.273 -15.173 -14.936 -14.706 -14.462 -15.166 -14.947 -14.717 -14.537 -14.455 -14.942 -15.083 -14.839 -13.923 -13.45 -12.88 -14.97
0.132494 -14.771 -14.958 -15.1 -15.303 -15.255 -15.104 -15.085 -15.304 -15.252 -15.096 -14.865 -14.555 -15.306 -15.212 -14.979 -14.751 -14.509 -15.205 -14.99 -14.763 -14.584 -14.501 -14.985 -15.124 -14.883 -13.972 -13.501 -12.932 -15.012
0.136502 -14.783 -14.974 -15.122 -15.335 -15.293 -15.145 -15.112 -15.337 -15.29 -15.138 -14.909 -14.602 -15.339 -15.251 -15.022 -14.797 -14.556 -15.244 -15.033 -14.808 -14.63 -14.548 -15.027 -15.165 -14.927 -14.022 -13.551 -12.984 -15.053
0.14063 -14.795 -14.991 -15.144 -15.367 -15.33 -15.187 -15.139 -15.369 -15.327 -15.179 -14.954 -14.648 -15.372 -15.289 -15.065 -14.842 -14.603 -15.283 -15.076 -14.853 -14.676 -14.594 -15.069 -15.205 -14.971 -14.071 -13.602 -13.035 -15.095
0.144883 -14.807 -15.007 -15.165 -15.399 -15.367 -15.228 -15.166 -15.402 -15.364 -15.22 -14.998 -14.695 -15.404 -15.328 -15.108 -14.887 -14.65 -15.322 -15.119 -14.898 -14.722 -14.64 -15.111 -15.245 -15.015 -14.12 -13.652 -13.086 -15.136
0.149265 -14.818 -15.022 -15.186 -15.43 -15.403 -15.269 -15.192 -15.434 -15.401 -15.261 -15.041 -14.741 -15.436 -15.366 -15.151 -14.932 -14.696 -15.361 -15.161 -14.943 -14.768 -14.686 -15.153 -15.285 -15.059 -14.169 -13.703 -13.138 -15.177
0.15378 -14.828 -15.037 -15.207 -15.461 -15.44 -15.309 -15.218 -15.466 -15.437 -15.302 -15.085 -14.787 -15.468 -15.404 -15.193 -14.977 -14.743 -15.399 -15.204 -14.988 -14.814 -14.732 -15.195 -15.325 -15.102 -14.218 -13.753 -13.189 -15.218
0.15843 -14.838 -15.052 -15.227 -15.491 -15.476 -15.35 -15.244 -15.497 -15.473 -15.343 -15.129 -14.833 -15.499 -15.441 -15.236 -15.022 -14.789 -15.438 -15.246 -15.032 -14.86 -14.778 -15.236 -15.365 -15.146 -14.267 -13.803 -13.241 -15.259
0.163222 -14.847 -15.066 -15.247 -15.521 -15.512 -15.39 -15.269 -15.529 -15.509 -15.383 -15.172 -14.879 -15.53 -15.479 -15.278 -15.067 -14.836 -15.476 -15.288 -15.077 -14.906 -14.824 -15.278 -15.404 -15.189 -14.316 -13.853 -13.292 -15.299
0.168159 -14.856 -15.079 -15.266 -15.551 -15.548 -15.43 -15.294 -15.56 -15.545 -15.423 -15.215 -14.925 -15.561 -15.516 -15.32 -15.111 -14.882 -15.513 -15.33 -15.121 -14.952 -14.87 -15.319 -15.444 -15.232 -14.365 -13.904 -13.343 -15.34
0.173245 -14.864 -15.092 -15.285 -15.581 -15.583 -15.47 -15.319 -15.59 -15.581 -15.463 -15.259 -14.971 -15.591 -15.553 -15.362 -15.156 -14.928 -15.551 -15.372 -15.165 -14.997 -14.916 -15.36 -15.483 -15.275 -14.414 -13.954 -13.394 -15.38
0.178484 -14.872 -15.104 -15.303 -15.61 -15.619 -15.51 -15.344 -15.62 -15.616 -15.503 -15.302 -15.017 -15.621 -15.59 -15.404 -15.2 -14.974 -15.588 -15.414 -15.21 -15.043 -14.961 -15.401 -15.522 -15.318 -14.462 -14.004 -13.445 -15.42
0.183882 -14.879 -15.116 -15.321 -15.639 -15.654 -15.549 -15.368 -15.65 -15.651 -15.543 -15.344 -15.062 -15.651 -15.627 -15.445 -15.244 -15.02 -15.625 -15.455 -15.254 -15.088 -15.007 -15.441 -15.56 -15.36 -14.511 -14.054 -13.497 -15.46
0.189444 -14.886 -15.127 -15.339 -15.668 -15.688 -15.589 -15.392 -15.68 -15.686 -15.582 -15.387 -15.108 -15.68 -15.663 -15.487 -15.288 -15.066 -15.662 -15.496 -15.297 -15.133 -15.052 -15.482 -15.599 -15.403 -14.559 -14.103 -13.548 -15.499
0.195173 -14.892 -15.138 -15.356 -15.696 -15.723 -15.628 -15.416 -15.709 -15.72 -15.621 -15.429 -15.153 -15.709 -15.699 -15.528 -15.332 -15.112 -15.699 -15.537 -15.341 -15.178 -15.098 -15.522 -15.637 -15.445 -14.608 -14.153 -13.599 -15.539
0.201076 -14.897 -15.148 -15.372 -15.723 -15.757 -15.667 -15.439 -15.738 -15.754 -15.66 -15.472 -15.198 -15.738 -15.735 -15.569 -15.375 -15.158 -15.735 -15.578 -15.385 -15.223 -15.143 -15.562 -15.675 -15.487 -14.656 -14.203 -13.65 -15.578
0.207158 -14.902 -15.157 -15.388 -15.751 -15.791 -15.705 -15.462 -15.767 -15.788 -15.699 -15.514 -15.243 -15.766 -15.77 -15.61 -15.419 -15.203 -15.772 -15.619 -15.428 -15.268 -15.188 -15.602 -15.713 -15.529 -14.704 -14.253 -13.7 -15.617
0.213423 -14.907 -15.166 -15.404 -15.778 -15.824 -15.744 -15.485 -15.795 -15.822 -15.738 -15.556 -15.288 -15.794 -15.806 -15.651 -15.462 -15.248 -15.807 -15.66 -15.471 -15.313 -15.233 -15.642 -15.75 -15.571 -14.752 -14.302 -13.751 -15.656
0.219878 -14.91 -15.174 -15.419 -15.805 -15.858 -15.782 -15.508 -15.823 -15.855 -15.776 -15.598 -15.333 -15.822 -15.841 -15.691 -15.506 -15.294 -15.843 -15.7 -15.514 -15.357 -15.278 -15.681 -15.788 -15.612 -14.8 -14.352 -13.802 -15.695
0.226528 -14.913 -15.182 -15.433 -15.831 -15.89 -15.82 -15.53 -15.85 -15.888 -15.814 -15.639 -15.378 -15.849 -15.875 -15.731 -15.549 -15.339 -15.878 -15.74 -15.557 -15.402 -15.323 -15.721 -15.825 -15.654 -14.848 -14.401 -13.853 -15.733
0.233379 -14.916 -15.189 -15.447 -15.857 -15.923 -15.858 -15.552 -15.877 -15.921 -15.852 -15.681 -15.422 -15.876 -15.91 -15.771 -15.592 -15.384 -15.914 -15.78 -15.6 -15.446 -15.368 -15.76 -15.862 -15.695 -14.896 -14.451 -13.903 -15.771
0.240437 -14.918 -15.195 -15.461 -15.882 -15.955 -15.895 -15.574 -15.904 -15.953 -15.889 -15.722 -15.467 -15.902 -15.944 -15.811 -15.634 -15.428 -15.948 -15.82 -15.643 -15.49 -15.412 -15.799 -15.898 -15.736 -14.944 -14.5 -13.954 -15.809
0.247709 -14.919 -15.201 -15.474 -15.907 -15.987 -15.933 -15.595 -15.93 -15.985 -15.927 -15.763 -15.511 -15.928 -15.978 -15.851 -15.677 -15.473 -15.983 -15.859 -15.685 -15.534 -15.457 -15.837 -15.934 -15.777 -14.991 -14.549 -14.005 -15.847
0.255201 -14.92 -15.206 -15.486 -15.932 -16.019 -15.97 -15.616 -15.956 -16.017 -15.964 -15.804 -15.555 -15.954 -16.012 -15.89 -15.719 -15.518 -16.017 -15.899 -15.728 -15.578 -15.501 -15.876 -15.971 -15.817 -15.039 -14.598 -14.055 -15.885
0.262919 -14.92 -15.21 -15.498 -15.956 -16.051 -16.006 -15.637 -15.981 -16.049 -16.001 -15.845 -15.599 -15.979 -16.045 -15.929 -15.761 -15.562 -16.051 -15.938 -15.77 -15.622 -15.546 -15.914 -16.006 -15.858 -15.086 -14.648 -14.105 -15.922
0.270871 -14.919 -15.214 -15.51 -15.98 -16.082 -16.043 -15.657 -16.006 -16.08 -16.037 -15.885 -15.643 -16.004 -16.078 -15.968 -15.803 -15.606 -16.085 -15.977 -15.812 -15.666 -15.59 -15.952 -16.042 -15.898 -15.134 -14.697 -14.156 -15.959
0.279064 -14.918 -15.217 -15.52 -16.003 -16.112 -16.079 -15.677 -16.031 -16.11 -16.074 -15.925 -15.686 -16.028 -16.11 -16.007 -15.845 -15.65 -16.118 -16.015 -15.853 -15.709 -15.634 -15.99 -16.077 -15.938 -15.181 -14.746 -14.206 -15.996
0.287504 -14.915 -15.219 -15.531 -16.026 -16.143 -16.115 -15.697 -16.055 -16.141 -16.11 -15.965 -15.73 -16.052 -16.143 -16.045 -15.887 -15.694 -16.151 -16.054 -15.895 -15.752 -15.678 -16.027 -16.112 -15.978 -15.228 -14.794 -14.256 -16.032
0.296199 -14.913 -15.221 -15.54 -16.048 -16.173 -16.151 -15.716 -16.079 -16.171 -16.146 -16.005 -15.773 -16.076 -16.175 -16.084 -15.928 -15.738 -16.184 -16.092 -15.936 -15.796 -15.722 -16.065 -16.147 -16.018 -15.275 -14.843 -14.307 -16.069
0.305157 -14.909 -15.222 -15.549 -16.07 -16.202 -16.186 -15.735 -16.102 -16.2 -16.181 -16.045 -15.816 -16.099 -16.206 -16.122 -15.97 -15.782 -16.217 -16.13 -15.978 -15.839 -15.765 -16.102 -16.181 -16.057 -15.322 -14.892 -14.357 -16.105
0.314387 -14.905 -15.222 -15.558 -16.092 -16.231 -16.221 -15.753 -16.125 -16.23 -16.216 -16.084 -15.859 -16.121 -16.238 -16.159 -16.011 -15.825 -16.249 -16.168 -16.019 -15.881 -15.809 -16.139 -16.215 -16.096 -15.369 -14.94 -14.407 -16.141
0.323895 -14.9 -15.221 -15.566 -16.113 -16.26 -16.256 -15.772 -16.147 -16.259 -16.251 -16.123 -15.902 -16.143 -16.269 -16.197 -16.052 -15.868 -16.28 -16.205 -16.059 -15.924 -15.852 -16.175 -16.249 -16.135 -15.416 -14.989 -14.457 -16.176
0.333691 -14.895 -15.22 -15.573 -16.133 -16.289 -16.291 -15.79 -16.169 -16.287 -16.286 -16.162 -15.944 -16.165 -16.299 -16.234 -16.092 -15.911 -16.312 -16.242 -16.1 -15.967 -15.895 -16.211 -16.283 -16.174 -15.462 -15.037 -14.507 -16.212
0.343783 -14.889 -15.217 -15.579 -16.153 -16.317 -16.325 -15.807 -16.19 -16.315 -16.32 -16.201 -15.987 -16.186 -16.33 -16.271 -16.133 -15.954 -16.343 -16.279 -16.14 -16.009 -15.938 -16.247 -16.316 -16.212 -15.509 -15.086 -14.556 -16.247
0.354181 -14.881 -15.214 -15.585 -16.172 -16.344 -16.359 -15.824 -16.211 -16.343 -16.354 -16.239 -16.029 -16.206 -16.36 -16.308 -16.173 -15.997 -16.374 -16.316 -16.181 -16.051 -15.981 -16.283 -16.349 -16.25 -15.555 -15.134 -14.606 -16.282
0.364893 -14.874 -15.21 -15.59 -16.191 -16.372 -16.392 -15.841 -16.232 -16.37 -16.388 -16.278 -16.071 -16.226 -16.389 -16.344 -16.213 -16.04 -16.404 -16.352 -16.221 -16.093 -16.024 -16.319 -16.381 -16.288 -15.601 -15.182 -14.656 -16.316
0.375929 -14.865 -15.206 -15.595 -16.21 -16.398 -16.425 -15.857 -16.252 -16.397 -16.421 -16.316 -16.113 -16.246 -16.418 -16.38 -16.253 -16.082 -16.434 -16.388 -16.26 -16.135 -16.067 -16.354 -16.413 -16.326 -15.647 -15.23 -14.705 -16.351
0.387298 -14.856 -15.2 -15.599 -16.227 -16.425 -16.458 -15.873 -16.271 -16.424 -16.454 -16.353 -16.155 -16.265 -16.447 -16.416 -16.292 -16.124 -16.464 -16.424 -16.3 -16.176 -16.109 -16.389 -16.445 -16.363 -15.693 -15.278 -14.755 -16.384
0.399012 -14.846 -15.194 -15.602 -16.244 -16.451 -16.491 -15.889 -16.29 -16.45 -16.487 -16.391 -16.196 -16.283 -16.475 -16.452 -16.331 -16.166 -16.493 -16.46 -16.339 -16.218 -16.152 -16.423 -16.477 -16.4 -15.739 -15.326 -14.804 -16.418
0.41108 -14.835 -15.186 -15.604 -16.261 -16.476 -16.523 -15.904 -16.308 -16.475 -16.519 -16.428 -16.237 -16.301 -16.503 -16.487 -16.371 -16.208 -16.522 -16.495 -16.378 -16.259 -16.194 -16.458 -16.508 -16.437 -15.784 -15.373 -14.854 -16.451
0.423513 -14.823 -15.178 -15.606 -16.277 -16.501 -16.555 -15.919 -16.325 -16.501 -16.551 -16.465 -16.278 -16.318 -16.531 -16.522 -16.409 -16.249 -16.55 -16.53 -16.417 -16.3 -16.236 -16.492 -16.538 -16.474 -15.83 -15.421 -14.903 -16.484
0.436321 -14.81 -15.169 -15.607 -16.293 -16.526 -16.586 -15.933 -16.342 -16.525 -16.583 -16.501 -16.319 -16.335 -16.558 -16.557 -16.448 -16.291 -16.578 -16.564 -16.455 -16.341 -16.277 -16.525 -16.569 -16.51 -15.875 -15.468 -14.952 -16.517
0.449518 -14.797 -15.159 -15.607 -16.307 -16.55 -16.617 -15.947 -16.359 -16.549 -16.614 -16.538 -16.359 -16.351 -16.584 -16.591 -16.486 -16.332 -16.606 -16.598 -16.494 -16.381 -16.319 -16.559 -16.599 -16.546 -15.92 -15.515 -15.001 -16.55
0.463113 -14.782 -15.148 -15.606 -16.321 -16.573 -16.648 -15.961 -16.374 -16.573 -16.645 -16.574 -16.4 -16.366 -16.61 -16.625 -16.524 -16.373 -16.633 -16.632 -16.532 -16.421 -16.36 -16.592 -16.628 -16.582 -15.965 -15.563 -15.05 -16.582
0.47712 -14.767 -15.136 -15.604 -16.335 -16.596 -16.678 -15.974 -16.39 -16.596 -16.676 -16.609 -16.44 -16.381 -16.636 -16.658 -16.562 -16.413 -16.66 -16.666 -16.569 -16.461 -16.401 -16.624 -16.658 -16.617 -16.01 -15.61 -15.099 -16.613
0.49155 -14.751 -15.123 -15.602 -16.348 -16.619 -16.708 -15.986 -16.404 -16.619 -16.706 -16.645 -16.48 -16.395 -16.661 -16.692 -16.599 -16.454 -16.686 -16.699 -16.607 -16.501 -16.442 -16.656 -16.686 -16.652 -16.055 -15.657 -15.147 -16.645
