web/models/kne.last_good/kappa_0.5_3.0.v1/11/villar_0.0043_0.3747_3.0000.dat
# %ECSV 1.0
# ---
# datatype:
# - {name: time, datatype: float64}
# - {name: swift_uvot_uvw2, datatype: float64}
# - {name: swift_uvot_uvm2, datatype: float64}
# - {name: swift_uvot_uvw1, datatype: float64}
# - {name: swift_uvot_U, datatype: float64}
# - {name: swift_uvot_B, datatype: float64}
# - {name: swift_uvot_V, datatype: float64}
# - {name: swift_uvot_W, datatype: float64}
# - {name: johnson_U, datatype: float64}
# - {name: johnson_B, datatype: float64}
# - {name: johnson_V, datatype: float64}
# - {name: johnson_R, datatype: float64}
# - {name: johnson_I, datatype: float64}
# - {name: sdss_u, datatype: float64}
# - {name: sdss_g, datatype: float64}
# - {name: sdss_r, datatype: float64}
# - {name: sdss_i, datatype: float64}
# - {name: sdss_z, datatype: float64}
# - {name: PS1_g, datatype: float64}
# - {name: PS1_r, datatype: float64}
# - {name: PS1_i, datatype: float64}
# - {name: PS1_z, datatype: float64}
# - {name: PS1_Y, datatype: float64}
# - {name: PS1_w, datatype: float64}
# - {name: ATLAS_c, datatype: float64}
# - {name: ATLAS_o, datatype: float64}
# - {name: ukirt_J, datatype: float64}
# - {name: ukirt_H, datatype: float64}
# - {name: ukirt_K, datatype: float64}
# - {name: Clear, datatype: float64}
# meta: !!omap
# - comment: [kappa = 3.0, type = villar, mass = 0.004263435211354371, velocity = 0.3746666666666667, theta_obs = 0.0]
# schema: astropy-2.0
time swift_uvot_uvw2 swift_uvot_uvm2 swift_uvot_uvw1 swift_uvot_U swift_uvot_B swift_uvot_V swift_uvot_W johnson_U johnson_B johnson_V johnson_R johnson_I sdss_u sdss_g sdss_r sdss_i sdss_z PS1_g PS1_r PS1_i PS1_z PS1_Y PS1_w ATLAS_c ATLAS_o ukirt_J ukirt_H ukirt_K Clear
[from data line 292]
6.005465 18.222 23.438 30.96 32.747 26.921 22.792 20.433 31.751 26.3 22.284 18.414 15.924 32.341 24.986 20.498 17.859 15.872 16.956 17.105 16.665 15.712 14.358 18.965 21.993 18.664 13.232 11.858 10.943 15.147
6.187096 19.814 25.03 32.552 34.339 28.513 24.384 22.025 33.343 27.891 23.875 20.006 17.516 33.933 26.577 22.09 19.451 17.464 18.547 18.697 18.257 17.304 15.95 20.557 23.585 20.255 14.824 13.45 12.535 16.739
6.37422 21.504 26.719 34.242 36.029 30.203 26.073 23.714 35.033 29.581 25.565 21.696 19.205 35.623 28.267 23.78 21.14 19.154 20.237 20.387 19.947 18.994 17.64 22.246 25.274 21.945 16.513 15.139 14.225 18.429
6.567004 23.297 28.513 36.035 37.822 31.996 27.867 25.508 36.826 31.374 27.358 23.489 20.999 37.416 30.06 25.573 22.934 20.947 22.03 22.18 21.74 20.787 19.433 24.04 27.067 23.738 18.307 16.933 16.018 20.222
6.765619 25.201 30.416 37.939 39.726 33.9 29.77 27.411 38.73 33.278 29.262 25.392 22.902 39.319 31.964 27.476 24.837 22.851 23.934 24.084 23.644 22.691 21.337 25.943 28.971 25.642 20.21 18.836 17.922 22.126
6.97024 27.221 32.437 39.959 41.746 35.92 31.79 29.432 40.75 35.298 31.282 27.413 24.922 41.34 33.984 29.497 26.857 24.871 25.954 26.104 25.664 24.711 23.357 27.964 30.991 27.662 22.231 20.857 19.942 24.146
7.181051 29.365 34.581 42.103 43.891 38.065 33.935 31.576 42.894 37.443 33.427 29.557 27.067 43.484 36.129 31.641 29.002 27.016 28.099 28.248 27.808 26.856 25.501 30.108 33.136 29.807 24.375 23.001 22.087 26.29
7.398237 31.642 36.857 44.38 46.167 40.341 36.211 33.852 45.171 39.719 35.703 31.833 29.343 45.76 38.405 33.917 31.278 29.292 30.375 30.524 30.084 29.132 27.778 32.384 35.412 32.083 26.651 25.277 24.363 28.567
7.621991 34.057 39.273 46.795 48.583 42.757 38.627 36.268 47.586 42.135 38.119 34.249 31.759 48.176 40.821 36.333 33.694 31.708 32.791 32.94 32.5 31.548 30.193 34.8 37.828 34.499 29.067 27.693 26.779 30.982
7.852513 36.622 41.837 49.36 51.147 45.321 41.191 38.832 50.151 44.699 40.683 36.813 34.323 50.74 43.385 38.897 36.258 34.272 35.355 35.504 35.064 34.112 32.758 37.364 40.392 37.063 31.631 30.257 29.343 33.547
8.090007 39.343 44.559 52.081 53.868 48.042 43.913 41.554 52.872 47.421 43.404 39.535 37.045 53.462 46.106 41.619 38.98 36.993 38.076 38.226 37.786 36.833 35.479 40.086 43.114 39.784 34.353 32.979 32.064 36.268
8.334684 42.232 47.448 54.97 56.757 50.931 46.801 44.443 55.761 50.309 46.293 42.424 39.933 56.351 48.995 44.508 41.868 39.882 40.965 41.115 40.675 39.722 38.368 42.975 46.002 42.673 37.242 35.868 34.953 39.157
8.586761 45.298 50.514 58.036 59.823 53.997 49.868 47.509 58.827 53.375 49.359 45.49 43.0 59.417 52.061 47.574 44.935 42.948 44.031 44.181 43.741 42.788 41.434 46.041 49.069 45.739 40.308 38.934 38.019 42.223
8.846461 48.553 53.768 61.291 63.078 57.252 53.122 50.763 62.082 56.63 52.614 48.744 46.254 62.671 55.316 50.828 48.189 46.203 47.286 47.435 46.995 46.043 44.689 49.295 52.323 48.994 43.562 42.188 41.274 45.478
9.114017 52.007 57.222 64.745 66.532 60.706 56.576 54.217 65.536 60.084 56.068 52.199 49.708 66.126 58.77 54.283 51.643 49.657 50.74 50.89 50.45 49.497 48.143 52.75 55.777 52.448 47.016 45.642 44.728 48.932
9.389664 55.673 60.889 68.411 70.198 64.372 60.243 57.884 69.202 63.75 59.734 55.865 53.375 69.792 62.436 57.949 55.31 53.323 54.406 54.556 54.116 53.163 51.809 56.416 59.444 56.114 50.683 49.309 48.394 52.598
9.673648 59.565 64.78 72.303 74.09 68.264 64.134 61.775 73.094 67.642 63.626 59.756 57.266 73.683 66.328 61.84 59.201 57.215 58.298 58.448 58.008 57.055 55.701 60.307 63.335 60.006 54.574 53.2 52.286 56.49
9.966221 63.695 68.911 76.433 78.22 72.394 68.265 65.906 77.224 71.772 67.756 63.887 61.397 77.814 70.458 65.971 63.332 61.345 62.428 62.578 62.138 61.185 59.831 64.438 67.465 64.136 58.705 57.331 56.416 60.62
10.267642 68.079 73.295 80.817 82.604 76.778 72.649 70.29 81.608 76.156 72.14 68.271 65.781 82.198 74.842 70.355 67.716 65.729 66.812 66.962 66.522 65.569 64.215 68.822 71.85 68.52 63.089 61.715 60.8 65.004
10.57818 72.732 77.948 85.47 87.258 81.432 77.302 74.943 86.261 80.81 76.794 72.924 70.434 86.851 79.496 75.008 72.369 70.383 71.466 71.615 71.175 70.223 68.868 73.475 76.503 73.174 67.742 66.368 65.454 69.657
10.89811 77.671 82.887 90.409 92.197 86.371 82.241 79.882 91.2 85.749 81.733 77.863 75.373 91.79 84.435 79.947 77.308 75.322 76.405 76.554 76.114 75.162 73.807 78.414 81.442 78.113 72.681 71.307 70.393 74.596
11.227716 82.914 88.129 95.652 97.439 91.613 87.483 85.124 96.443 90.991 86.975 83.105 80.615 97.032 89.677 85.189 82.55 80.564 81.647 81.797 81.357 80.404 79.05 83.656 86.684 83.355 77.923 76.549 75.635 79.839
11.56729 88.478 93.693 101.216 103.003 97.177 93.047 90.688 102.007 96.555 92.539 88.67 86.179 102.597 95.241 90.754 88.114 86.128 87.211 87.361 86.921 85.968 84.614 89.22 92.248 88.919 83.487 82.113 81.199 85.403
11.917135 94.384 99.599 107.122 108.909 103.083 98.953 96.594 107.913 102.461 98.445 94.575 92.085 108.502 101.147 96.659 94.02 92.034 93.117 93.266 92.826 91.874 90.52 95.126 98.154 94.825 89.393 88.019 87.105 91.309
12.277561 100.652 105.868 113.39 115.177 109.351 105.221 102.863 114.181 108.729 104.713 100.844 98.353 114.771 107.415 102.928 100.288 98.302 99.385 99.535 99.095 98.142 96.788 101.395 104.422 101.093 95.662 94.288 93.373 97.577
12.648887 107.305 112.521 120.043 121.831 116.005 111.875 109.516 120.834 115.383 111.367 107.497 105.007 121.424 114.069 109.581 106.942 104.956 106.039 106.188 105.748 104.796 103.441 108.048 111.076 107.747 102.315 100.941 100.027 104.23
13.031444 114.367 119.583 127.105 128.892 123.066 118.937 116.578 127.896 122.445 118.428 114.559 112.069 128.486 121.13 116.643 114.004 112.017 113.1 113.25 112.81 111.857 110.503 115.11 118.138 114.808 109.377 108.003 107.088 111.292
13.425571 121.863 127.078 134.601 136.388 130.562 126.432 124.073 135.392 129.94 125.924 122.055 119.564 135.981 128.626 124.139 121.499 119.513 120.596 120.746 120.306 119.353 117.999 122.605 125.633 122.304 116.872 115.498 114.584 118.788
13.831619 129.818 135.034 142.556 144.344 138.518 134.388 132.029 143.347 137.896 133.88 130.01 127.52 143.937 136.582 132.094 129.455 127.469 128.552 128.701 128.261 127.309 125.955 130.561 133.589 130.26 124.828 123.454 122.54 126.744
14.249947 138.263 143.478 151.001 152.788 146.962 142.832 140.473 151.792 146.34 142.324 138.455 135.964 152.381 145.026 140.539 137.899 135.913 136.996 137.146 136.706 135.753 134.399 139.005 142.033 138.704 133.272 131.898 130.984 135.188
14.680926 147.225 152.441 159.963 161.751 155.925 151.795 149.436 160.755 155.303 151.287 147.417 144.927 161.344 153.989 149.501 146.862 144.876 145.959 146.108 145.668 144.716 143.362 147.968 150.996 147.667 142.235 140.861 139.947 144.151
15.124941 156.739 161.954 169.477 171.264 165.438 161.308 158.949 170.268 164.816 160.8 156.93 154.44 170.857 163.502 159.014 156.375 154.389 155.472 155.621 155.181 154.229 152.875 157.481 160.509 157.18 151.748 150.374 149.46 153.664
15.582385 166.836 172.051 179.574 181.361 175.535 171.405 169.046 180.365 174.913 170.897 167.028 164.537 180.955 173.599 169.112 166.472 164.486 165.569 165.719 165.279 164.326 162.972 167.578 170.606 167.277 161.845 160.471 159.557 163.761
16.053663 177.553 182.769 190.291 192.078 186.252 182.123 179.764 191.082 185.63 181.614 177.745 175.254 191.672 184.316 179.829 177.19 175.203 176.286 176.436 175.996 175.043 173.689 178.296 181.323 177.994 172.563 171.189 170.274 174.478
16.539195 188.928 194.144 201.666 203.454 197.628 193.498 191.139 202.457 197.006 192.99 189.12 186.63 203.047 195.692 191.204 188.565 186.579 187.662 187.811 187.371 186.419 185.064 189.671 192.699 189.37 183.938 182.564 181.65 185.853
17.039412 201.002 206.218 213.74 215.527 209.701 205.572 203.213 214.531 209.079 205.063 201.194 198.704 215.121 207.765 203.278 200.639 198.652 199.735 199.885 199.445 198.492 197.138 201.745 204.773 201.443 196.012 194.638 193.723 197.927
17.554757 213.817 219.033 226.555 228.343 222.517 218.387 216.028 227.346 221.895 217.879 214.009 211.519 227.936 220.581 216.093 213.454 211.468 212.551 212.7 212.26 211.308 209.953 214.56 217.588 214.259 208.827 207.453 206.539 210.742
18.085689 227.419 232.635 240.157 241.945 236.119 231.989 229.63 240.948 235.497 231.481 227.611 225.121 241.538 234.183 229.695 227.056 225.07 226.153 226.302 225.862 224.91 223.555 228.162 231.19 227.861 222.429 221.055 220.141 224.345
18.632678 241.857 247.072 254.595 256.382 250.556 246.426 244.067 255.386 249.934 245.918 242.049 239.558 255.975 248.62 244.132 241.493 239.507 240.59 240.74 240.3 239.347 237.993 242.599 245.627 242.298 236.866 235.492 234.578 238.782
19.196211 257.18 262.396 269.918 271.706 265.88 261.75 259.391 270.71 265.258 261.242 257.372 254.882 271.299 263.944 259.456 256.817 254.831 255.914 256.063 255.623 254.671 253.317 257.923 260.951 257.622 252.19 250.816 249.902 254.106
19.776787 273.445 278.661 286.183 287.97 282.144 278.015 275.656 286.974 281.522 277.506 273.637 271.147 287.564 280.208 275.721 273.082 271.095 272.178 272.328 271.888 270.935 269.581 274.188 277.216 273.886 268.455 267.081 266.166 270.37
20.374923 290.709 295.924 303.447 305.234 299.408 295.278 292.919 304.238 298.786 294.77 290.9 288.41 304.827 297.472 292.984 290.345 288.359 289.442 289.591 289.151 288.199 286.845 291.451 294.479 291.15 285.718 284.344 283.43 287.634
20.991149 309.032 314.248 321.77 323.557 317.731 313.602 311.243 322.561 317.109 313.093 309.224 306.733 323.151 315.795 311.308 308.669 306.682 307.765 307.915 307.475 306.522 305.168 309.775 312.802 309.473 304.042 302.668 301.753 305.957
21.626011 328.481 333.696 341.219 343.006 337.18 333.05 330.691 342.01 336.558 332.542 328.672 326.182 342.599 335.244 330.756 328.117 326.131 327.214 327.364 326.923 325.971 324.617 329.223 332.251 328.922 323.49 322.116 321.202 325.406
22.280075 349.123 354.339 361.861 363.649 357.823 353.693 351.334 362.652 357.201 353.185 349.315 346.825 363.242 355.887 351.399 348.76 346.774 347.857 348.006 347.566 346.614 345.259 349.866 352.894 349.565 344.133 342.759 341.845 346.048
22.953921 371.034 376.249 383.772 385.559 379.733 375.603 373.244 384.563 379.111 375.095 371.226 368.735 385.152 377.797 373.309 370.67 368.684 369.767 369.917 369.477 368.524 367.17 371.776 374.804 371.475 366.043 364.669 363.755 367.959
23.648147 394.289 399.505 407.027 408.815 402.989 398.859 396.5 407.818 402.367 398.351 394.481 391.991 408.408 401.053 396.565 393.926 391.94 393.023 393.172 392.732 391.78 390.425 395.032 398.06 394.731 389.299 387.925 387.011 391.214
24.363369 418.973 424.189 431.711 433.498 427.672 423.542 421.184 432.502 427.05 423.034 419.165 416.674 433.092 425.736 421.249 418.61 416.623 417.706 417.856 417.416 416.463 415.109 419.716 422.743 419.414 413.983 412.609 411.694 415.898
25.100222 445.172 450.388 457.91 459.698 453.872 449.742 447.383 458.701 453.25 449.234 445.364 442.874 459.291 451.936 447.448 444.809 442.823 443.906 444.055 443.615 442.663 441.308 445.915 448.943 445.614 440.182 438.808 437.894 442.097
25.859362 472.98 478.196 485.718 487.506 481.68 477.55 475.191 486.509 481.058 477.042 473.172 470.682 487.099 479.744 475.256 472.617 470.631 471.714 471.863 471.423 470.471 469.116 473.723 476.751 473.422 467.99 466.616 465.702 469.905
26.64146 502.496 507.712 515.234 517.021 511.195 507.065 504.706 516.025 510.573 506.557 502.688 500.197 516.615 509.259 504.772 502.132 500.146 501.229 501.379 500.939 499.986 498.632 503.239 506.266 502.937 497.506 496.132 495.217 499.421
27.447213 533.824 539.039 546.562 548.349 542.523 538.393 536.034 547.353 541.901 537.885 534.016 531.525 547.943 540.587 536.1 533.46 531.474 532.557 532.707 532.267 531.314 529.96 534.567 537.594 534.265 528.833 527.459 526.545 530.749
28.277335 567.075 572.291 579.813 581.601 575.775 571.645 569.286 580.604 575.153 571.137 567.267 564.777 581.194 573.839 569.351 566.712 564.726 565.809 565.958 565.518 564.566 563.211 567.818 570.846 567.517 562.085 560.711 559.797 564.0
29.132564 602.369 607.584 615.107 616.894 611.068 606.938 604.579 615.898 610.446 606.43 602.561 600.07 616.487 609.132 604.644 602.005 600.019 601.102 601.252 600.812 599.859 598.505 603.111 606.139 602.81 597.378 596.004 595.09 599.294
30.013659 639.829 645.045 652.567 654.354 648.528 644.399 642.04 653.358 647.906 643.89 640.021 637.531 653.948 646.592 642.105 639.466 637.479 638.562 638.712 638.272 637.319 635.965 640.572 643.599 640.27 634.839 633.465 632.55 636.754
30.921401 679.59 684.805 692.328 694.115 688.289 684.159 681.8 693.119 687.667 683.651 679.782 677.291 693.708 686.353 681.866 679.226 677.24 678.323 678.473 678.033 677.08 675.726 680.332 683.36 680.031 674.599 673.225 672.311 676.515
31.856598 721.792 727.007 734.53 736.317 730.491 726.361 724.002 735.321 729.869 725.853 721.984 719.493 735.911 728.555 724.068 721.428 719.442 720.525 720.675 720.235 719.282 717.928 722.534 725.562 722.233 716.801 715.427 714.513 718.717
32.820079 766.585 771.801 779.323 781.11 775.284 771.155 768.796 780.114 774.662 770.646 766.777 764.287 780.704 773.348 768.861 766.222 764.235 765.318 765.468 765.028 764.075 762.721 767.328 770.356 767.026 761.595 760.221 759.306 763.51
33.8127 nan nan nan nan nan nan nan nan nan nan nan nan nan nan nan nan nan nan nan nan nan nan nan nan nan nan nan nan nan
34.835342 nan nan nan nan nan nan nan nan nan nan nan nan nan nan nan nan nan nan nan nan nan nan nan nan nan nan nan nan nan
35.888913 nan nan nan nan nan nan nan nan nan nan nan nan nan nan nan nan nan nan nan nan nan nan nan nan nan nan nan nan nan
36.974349 nan nan nan nan nan nan nan nan nan nan nan nan nan nan nan nan nan nan nan nan nan nan nan nan nan nan nan nan nan
38.092613 nan nan nan nan nan nan nan nan nan nan nan nan nan nan nan nan nan nan nan nan nan nan nan nan nan nan nan nan nan
39.244698 nan nan nan nan nan nan nan nan nan nan nan nan nan nan nan nan nan nan nan nan nan nan nan nan nan nan nan nan nan
40.431627 nan nan nan nan nan nan nan nan nan nan nan nan nan nan nan nan nan nan nan nan nan nan nan nan nan nan nan nan nan
41.654454 nan nan nan nan nan nan nan nan nan nan nan nan nan nan nan nan nan nan nan nan nan nan nan nan nan nan nan nan nan
42.914265 nan nan nan nan nan nan nan nan nan nan nan nan nan nan nan nan nan nan nan nan nan nan nan nan nan nan nan nan nan
44.212178 nan nan nan nan nan nan nan nan nan nan nan nan nan nan nan nan nan nan nan nan nan nan nan nan nan nan nan nan nan
45.549345 nan nan nan nan nan nan nan nan nan nan nan nan nan nan nan nan nan nan nan nan nan nan nan nan nan nan nan nan nan
46.926954 nan nan nan nan nan nan nan nan nan nan nan nan nan nan nan nan nan nan nan nan nan nan nan nan nan nan nan nan nan
48.346227 nan nan nan nan nan nan nan nan nan nan nan nan nan nan nan nan nan nan nan nan nan nan nan nan nan nan nan nan nan
49.808426 nan nan nan nan nan nan nan nan nan nan nan nan nan nan nan nan nan nan nan nan nan nan nan nan nan nan nan nan nan
51.314848 nan nan nan nan nan nan nan nan nan nan nan nan nan nan nan nan nan nan nan nan nan nan nan nan nan nan nan nan nan
52.86683 nan nan nan nan nan nan nan nan nan nan nan nan nan nan nan nan nan nan nan nan nan nan nan nan nan nan nan nan nan
54.465752 nan nan nan nan nan nan nan nan nan nan nan nan nan nan nan nan nan nan nan nan nan nan nan nan nan nan nan nan nan
56.113031 nan nan nan nan nan nan nan nan nan nan nan nan nan nan nan nan nan nan nan nan nan nan nan nan nan nan nan nan nan
57.810132 nan nan nan nan nan nan nan nan nan nan nan nan nan nan nan nan nan nan nan nan nan nan nan nan nan nan nan nan nan
59.55856 nan nan nan nan nan nan nan nan nan nan nan nan nan nan nan nan nan nan nan nan nan nan nan nan nan nan nan nan nan
61.359868 nan nan nan nan nan nan nan nan nan nan nan nan nan nan nan nan nan nan nan nan nan nan nan nan nan nan nan nan nan
