web/models/kne.last_good/kappa_0.5_3.0.v1/11/villar_0.0052_0.0927_3.0000.dat
# %ECSV 1.0
# ---
# datatype:
# - {name: time, datatype: float64}
# - {name: swift_uvot_uvw2, datatype: float64}
# - {name: swift_uvot_uvm2, datatype: float64}
# - {name: swift_uvot_uvw1, datatype: float64}
# - {name: swift_uvot_U, datatype: float64}
# - {name: swift_uvot_B, datatype: float64}
# - {name: swift_uvot_V, datatype: float64}
# - {name: swift_uvot_W, datatype: float64}
# - {name: johnson_U, datatype: float64}
# - {name: johnson_B, datatype: float64}
# - {name: johnson_V, datatype: float64}
# - {name: johnson_R, datatype: float64}
# - {name: johnson_I, datatype: float64}
# - {name: sdss_u, datatype: float64}
# - {name: sdss_g, datatype: float64}
# - {name: sdss_r, datatype: float64}
# - {name: sdss_i, datatype: float64}
# - {name: sdss_z, datatype: float64}
# - {name: PS1_g, datatype: float64}
# - {name: PS1_r, datatype: float64}
# - {name: PS1_i, datatype: float64}
# - {name: PS1_z, datatype: float64}
# - {name: PS1_Y, datatype: float64}
# - {name: PS1_w, datatype: float64}
# - {name: ATLAS_c, datatype: float64}
# - {name: ATLAS_o, datatype: float64}
# - {name: ukirt_J, datatype: float64}
# - {name: ukirt_H, datatype: float64}
# - {name: ukirt_K, datatype: float64}
# - {name: Clear, datatype: float64}
# meta: !!omap
# - comment: [kappa = 3.0, type = villar, mass = 0.005244756555828381, velocity = 0.09266666666666673, theta_obs = 0.0]
# schema: astropy-2.0
time swift_uvot_uvw2 swift_uvot_uvm2 swift_uvot_uvw1 swift_uvot_U swift_uvot_B swift_uvot_V swift_uvot_W johnson_U johnson_B johnson_V johnson_R johnson_I sdss_u sdss_g sdss_r sdss_i sdss_z PS1_g PS1_r PS1_i PS1_z PS1_Y PS1_w ATLAS_c ATLAS_o ukirt_J ukirt_H ukirt_K Clear
[from data line 290]
5.658042 -3.201 2.014 9.537 11.324 5.498 1.368 -0.991 10.328 4.876 0.86 -3.01 -5.5 10.917 3.562 -0.926 -3.565 -5.551 -4.468 -4.319 -4.759 -5.711 -7.065 -2.459 0.569 -2.76 -8.192 -9.566 -10.48 -6.276
5.829166 -2.918 2.298 9.82 11.608 5.782 1.652 -0.707 10.611 5.16 1.144 -2.726 -5.216 11.201 3.846 -0.642 -3.281 -5.267 -4.184 -4.035 -4.475 -5.427 -6.782 -2.175 0.853 -2.476 -7.908 -9.282 -10.196 -5.993
6.005465 -2.616 2.599 10.122 11.909 6.083 1.953 -0.406 10.913 5.461 1.445 -2.424 -4.915 11.503 4.147 -0.34 -2.98 -4.966 -3.883 -3.733 -4.173 -5.126 -6.48 -1.874 1.154 -2.175 -7.607 -8.981 -9.895 -5.691
6.187096 -2.296 2.919 10.442 12.229 6.403 2.273 -0.086 11.233 5.781 1.765 -2.104 -4.595 11.822 4.467 -0.02 -2.66 -4.646 -3.563 -3.413 -3.853 -4.806 -6.16 -1.554 1.474 -1.855 -7.287 -8.661 -9.575 -5.371
6.37422 -1.957 3.259 10.781 12.568 6.742 2.613 0.254 11.572 6.121 2.105 -1.765 -4.255 12.162 4.807 0.319 -2.32 -4.306 -3.223 -3.074 -3.514 -4.466 -5.821 -1.214 1.814 -1.515 -6.947 -8.321 -9.235 -5.032
6.567004 -1.596 3.619 11.142 12.929 7.103 2.973 0.614 11.933 6.481 2.465 -1.404 -3.895 12.523 5.167 0.68 -1.96 -3.946 -2.863 -2.713 -3.153 -4.106 -5.46 -0.853 2.174 -1.155 -6.587 -7.961 -8.875 -4.671
6.765619 -1.214 4.002 11.524 13.312 7.486 3.356 0.997 12.316 6.864 2.848 -1.022 -3.512 12.905 5.55 1.062 -1.577 -3.563 -2.48 -2.331 -2.771 -3.723 -5.077 -0.471 2.557 -0.772 -6.204 -7.578 -8.492 -4.288
6.97024 -0.807 4.408 11.931 13.718 7.892 3.762 1.403 12.722 7.27 3.254 -0.616 -3.106 13.311 5.956 1.468 -1.171 -3.157 -2.074 -1.924 -2.364 -3.317 -4.671 -0.065 2.963 -0.366 -5.798 -7.172 -8.086 -3.882
7.181051 -0.376 4.839 12.362 14.149 8.323 4.193 1.834 13.153 7.701 3.685 -0.184 -2.675 13.743 6.387 1.9 -0.74 -2.726 -1.643 -1.493 -1.933 -2.886 -4.24 0.366 3.394 0.065 -5.367 -6.741 -7.655 -3.451
7.398237 0.081 5.297 12.819 14.607 8.781 4.651 2.292 13.61 8.159 4.143 0.273 -2.217 14.2 6.845 2.357 -0.282 -2.268 -1.185 -1.036 -1.476 -2.428 -3.783 0.824 3.852 0.523 -4.909 -6.283 -7.197 -2.994
7.621991 0.567 5.783 13.305 15.092 9.266 5.137 2.778 14.096 8.644 4.628 0.759 -1.731 14.686 7.33 2.843 0.204 -1.783 -0.7 -0.55 -0.99 -1.943 -3.297 1.31 4.337 1.008 -4.423 -5.797 -6.712 -2.508
7.852513 1.083 6.298 13.821 15.608 9.782 5.652 3.293 14.612 9.16 5.144 1.274 -1.216 15.201 7.846 3.358 0.719 -1.267 -0.184 -0.034 -0.474 -1.427 -2.781 1.825 4.853 1.524 -3.908 -5.282 -6.196 -1.992
8.090007 1.63 6.845 14.368 16.155 10.329 6.199 3.84 15.159 9.707 5.691 1.822 -0.669 15.749 8.393 3.906 1.266 -0.72 0.363 0.513 0.073 -0.88 -2.234 2.373 5.4 2.071 -3.361 -4.735 -5.649 -1.445
8.334684 2.211 7.426 14.949 16.736 10.91 6.78 4.421 15.74 10.288 6.272 2.402 -0.088 16.329 8.974 4.486 1.847 -0.139 0.944 1.094 0.654 -0.299 -1.653 2.953 5.981 2.652 -2.78 -4.154 -5.068 -0.864
8.586761 2.827 8.043 15.565 17.352 11.526 7.397 5.038 16.356 10.904 6.888 3.019 0.529 16.946 9.59 5.103 2.464 0.477 1.56 1.71 1.27 0.317 -1.037 3.57 6.597 3.268 -2.163 -3.537 -4.452 -0.248
8.846461 3.481 8.697 16.219 18.007 12.181 8.051 5.692 17.01 11.559 7.543 3.673 1.183 17.6 10.245 5.757 3.118 1.132 2.215 2.364 1.924 0.972 -0.383 4.224 7.252 3.923 -1.509 -2.883 -3.797 0.406
9.114017 4.176 9.392 16.914 18.701 12.875 8.745 6.386 17.705 12.253 8.237 4.368 1.877 18.295 10.939 6.452 3.812 1.826 2.909 3.059 2.619 1.666 0.312 4.919 7.946 4.617 -0.814 -2.189 -3.103 1.101
9.389664 4.913 10.129 17.651 19.438 13.612 9.482 7.124 18.442 12.99 8.974 5.105 2.614 19.032 11.676 7.189 4.55 2.563 3.646 3.796 3.356 2.403 1.049 5.656 8.683 5.354 -0.077 -1.451 -2.366 1.838
9.673648 5.695 10.911 18.433 20.221 14.395 10.265 7.906 19.224 13.773 9.757 5.887 3.397 19.814 12.459 7.971 5.332 3.346 4.429 4.578 4.138 3.186 1.831 6.438 9.466 6.137 0.705 -0.669 -1.583 2.621
9.966221 6.526 11.742 19.264 21.051 15.225 11.095 8.736 20.055 14.603 10.587 6.718 4.227 20.645 13.289 8.802 6.162 4.176 5.259 5.409 4.969 4.016 2.662 7.269 10.296 6.967 1.535 0.161 -0.753 3.451
10.267642 7.407 12.623 20.145 21.932 16.106 11.977 9.618 20.936 15.485 11.469 7.599 5.109 21.526 14.171 9.683 7.044 5.058 6.141 6.29 5.85 4.897 3.543 8.15 11.178 7.849 2.417 1.043 0.128 4.332
10.57818 8.343 13.559 21.081 22.868 17.042 12.912 10.553 21.872 16.42 12.404 8.535 6.044 22.462 15.106 10.619 7.979 5.993 7.076 7.226 6.786 5.833 4.479 9.086 12.113 8.784 3.352 1.978 1.064 5.268
10.89811 9.336 14.552 22.074 23.861 18.035 13.905 11.546 22.865 17.413 13.397 9.528 7.037 23.455 16.099 11.612 8.972 6.986 8.069 8.219 7.779 6.826 5.472 10.079 13.106 9.777 4.345 2.971 2.057 6.261
11.227716 10.39 15.605 23.128 24.915 19.089 14.959 12.6 23.919 18.467 14.451 10.582 8.091 24.509 17.153 12.666 10.026 8.04 9.123 9.273 8.833 7.88 6.526 11.133 14.16 10.831 5.399 4.025 3.111 7.315
11.56729 11.509 16.724 24.247 26.034 20.208 16.078 13.719 25.038 19.586 15.57 11.7 9.21 25.627 18.272 13.784 11.145 9.159 10.242 10.391 9.951 8.999 7.645 12.251 15.279 11.95 6.518 5.144 4.23 8.434
11.917135 12.696 17.912 25.434 27.221 21.395 17.265 14.906 26.225 20.773 16.757 12.888 10.397 26.815 19.459 14.972 12.332 10.346 11.429 11.579 11.139 10.186 8.832 13.439 16.466 13.137 7.706 6.331 5.417 9.621
12.277561 13.956 19.172 26.694 28.481 22.655 18.526 16.167 27.485 22.034 18.017 14.148 11.658 28.075 20.719 16.232 13.593 11.606 12.689 12.839 12.399 11.446 10.092 14.699 17.727 14.397 8.966 7.592 6.677 10.881
12.648887 15.294 20.51 28.032 29.819 23.993 19.863 17.504 28.823 23.371 19.355 15.486 12.995 29.413 22.057 17.57 14.93 12.944 14.027 14.177 13.737 12.784 11.43 16.037 19.064 15.735 10.303 8.929 8.015 12.219
13.031444 16.714 21.929 29.452 31.239 25.413 21.283 18.924 30.243 24.791 20.775 16.906 14.415 30.832 23.477 18.99 16.35 14.364 15.447 15.597 15.157 14.204 12.85 17.456 20.484 17.155 11.723 10.349 9.435 13.639
13.425571 18.221 23.436 30.959 32.746 26.92 22.79 20.431 31.75 26.298 22.282 18.413 15.922 32.339 24.984 20.497 17.857 15.871 16.954 17.104 16.664 15.711 14.357 18.963 21.991 18.662 13.23 11.856 10.942 15.146
13.831619 19.82 25.036 32.558 34.345 28.519 24.39 22.031 33.349 27.898 23.881 20.012 17.522 33.939 26.583 22.096 19.457 17.47 18.553 18.703 18.263 17.31 15.956 20.563 23.591 20.261 14.83 13.456 12.541 16.745
14.249947 21.518 26.734 34.256 36.043 30.217 26.087 23.729 35.047 29.595 25.579 21.71 19.219 35.637 28.281 23.794 21.154 19.168 20.251 20.401 19.961 19.008 17.654 22.261 25.288 21.959 16.528 15.154 14.239 18.443
14.680926 23.32 28.536 36.058 37.845 32.019 27.889 25.531 36.849 31.397 27.381 23.512 21.021 37.439 30.083 25.596 22.956 20.97 22.053 22.203 21.763 20.81 19.456 24.063 27.09 23.761 18.33 16.956 16.041 20.245
15.124941 25.233 30.448 37.971 39.758 33.932 29.802 27.443 38.762 33.31 29.294 25.424 22.934 39.351 31.996 27.508 24.869 22.883 23.966 24.116 23.676 22.723 21.369 25.975 29.003 25.674 20.242 18.868 17.954 22.158
15.582385 27.263 32.478 40.001 41.788 35.962 31.832 29.473 40.792 35.34 31.324 27.455 24.964 41.382 34.026 29.539 26.899 24.913 25.996 26.146 25.706 24.753 23.399 28.005 31.033 27.704 22.272 20.898 19.984 24.188
16.053663 29.417 34.633 42.155 43.943 38.117 33.987 31.628 42.947 37.495 33.479 29.609 27.119 43.536 36.181 31.693 29.054 27.068 28.151 28.3 27.86 26.908 25.554 30.16 33.188 29.859 24.427 23.053 22.139 26.343
16.539195 31.705 36.92 44.443 46.23 40.404 36.274 33.915 45.234 39.782 35.766 31.896 29.406 45.823 38.468 33.98 31.341 29.355 30.438 30.587 30.147 29.195 27.841 32.447 35.475 32.146 26.714 25.34 24.426 28.63
17.039412 34.132 39.348 46.87 48.657 42.831 38.701 36.343 47.661 42.209 38.193 34.324 31.833 48.251 40.895 36.408 33.768 31.782 32.865 33.015 32.575 31.622 30.268 34.875 37.902 34.573 29.142 27.768 26.853 31.057
17.554757 36.709 41.924 49.447 51.234 45.408 41.278 38.919 50.238 44.786 40.77 36.9 34.41 50.827 43.472 38.984 36.345 34.359 35.442 35.591 35.151 34.199 32.845 37.451 40.479 37.15 31.718 30.344 29.43 33.634
18.085689 39.443 44.659 52.181 53.968 48.142 44.013 41.654 52.972 47.521 43.505 39.635 37.145 53.562 46.207 41.719 39.08 37.094 38.177 38.326 37.886 36.933 35.579 40.186 43.214 39.885 34.453 33.079 32.164 36.368
18.632678 42.346 47.562 55.084 56.871 51.045 46.915 44.557 55.875 50.423 46.407 42.538 40.047 56.465 49.109 44.622 41.982 39.996 41.079 41.229 40.789 39.836 38.482 43.089 46.116 42.787 37.356 35.982 35.067 39.271
19.196211 45.427 50.643 58.165 59.952 54.126 49.996 47.637 58.956 53.504 49.488 45.619 43.128 59.546 52.19 47.703 45.063 43.077 44.16 44.31 43.87 42.917 41.563 46.17 49.197 45.868 40.436 39.062 38.148 42.352
19.776787 48.697 53.913 61.435 63.222 57.396 53.266 50.908 62.226 56.774 52.758 48.889 46.398 62.816 55.46 50.973 48.333 46.347 47.43 47.58 47.14 46.187 44.833 49.44 52.467 49.138 43.707 42.333 41.418 45.622
20.374923 52.168 57.383 64.906 66.693 60.867 56.737 54.378 65.697 60.245 56.229 52.36 49.869 66.287 58.931 54.444 51.804 49.818 50.901 51.051 50.611 49.658 48.304 52.911 55.938 52.609 47.177 45.803 44.889 49.093
20.991149 55.852 61.068 68.59 70.377 64.551 60.421 58.062 69.381 63.929 59.913 56.044 53.553 69.971 62.615 58.128 55.488 53.502 54.585 54.735 54.295 53.342 51.988 56.595 59.622 56.293 50.861 49.487 48.573 52.777
21.626011 59.762 64.978 72.5 74.287 68.461 64.332 61.973 73.291 67.839 63.823 59.954 57.463 73.881 66.525 62.038 59.399 57.412 58.495 58.645 58.205 57.252 55.898 60.505 63.532 60.203 54.772 53.398 52.483 56.687
22.280075 63.912 69.128 76.65 78.438 72.612 68.482 66.123 77.441 71.99 67.974 64.104 61.614 78.031 70.676 66.188 63.549 61.563 62.646 62.795 62.355 61.403 60.048 64.655 67.683 64.354 58.922 57.548 56.634 60.837
22.953921 68.318 73.533 81.056 82.843 77.017 72.887 70.528 81.847 76.395 72.379 68.509 66.019 82.436 75.081 70.593 67.954 65.968 67.051 67.2 66.76 65.808 64.454 69.06 72.088 68.759 63.327 61.953 61.039 65.243
23.648147 72.993 78.209 85.731 87.518 81.692 77.563 75.204 86.522 81.071 77.054 73.185 70.695 87.112 79.756 75.269 72.63 70.643 71.726 71.876 71.436 70.483 69.129 73.736 76.764 73.434 68.003 66.629 65.714 69.918
24.363369 77.956 83.172 90.694 92.481 86.655 82.525 80.166 91.485 86.033 82.017 78.148 75.657 92.075 84.719 80.232 77.592 75.606 76.689 76.839 76.399 75.446 74.092 78.699 81.726 78.397 72.966 71.592 70.677 74.881
25.100222 83.223 88.439 95.961 97.749 91.923 87.793 85.434 96.752 91.301 87.285 83.415 80.925 97.342 89.987 85.499 82.86 80.874 81.957 82.106 81.666 80.714 79.359 83.966 86.994 83.665 78.233 76.859 75.945 80.149
25.859362 88.814 94.03 101.552 103.339 97.513 93.384 91.025 102.343 96.892 92.876 89.006 86.516 102.933 95.578 91.09 88.451 86.465 87.548 87.697 87.257 86.305 84.95 89.557 92.585 89.256 83.824 82.45 81.536 85.739
26.64146 94.749 99.964 107.487 109.274 103.448 99.318 96.959 108.278 102.826 98.81 94.94 92.45 108.867 101.512 97.024 94.385 92.399 93.482 93.631 93.191 92.239 90.885 95.491 98.519 95.19 89.758 88.384 87.47 91.674
27.447213 101.047 106.263 113.785 115.572 109.746 105.617 103.258 114.576 109.124 105.108 101.239 98.749 115.166 107.81 103.323 100.684 98.697 99.78 99.93 99.49 98.537 97.183 101.79 104.818 101.488 96.057 94.683 93.768 97.972
28.277335 107.733 112.948 120.471 122.258 116.432 112.302 109.943 121.262 115.81 111.794 107.924 105.434 121.851 114.496 110.008 107.369 105.383 106.466 106.615 106.175 105.223 103.869 108.475 111.503 108.174 102.742 101.368 100.454 104.658
29.132564 114.828 120.044 127.566 129.354 123.528 119.398 117.039 128.357 122.906 118.89 115.02 112.53 128.947 121.592 117.104 114.465 112.479 113.562 113.711 113.271 112.319 110.964 115.571 118.599 115.27 109.838 108.464 107.55 111.753
30.013659 122.36 127.576 135.098 136.885 131.059 126.929 124.57 135.889 130.437 126.421 122.552 120.061 136.479 129.123 124.636 121.996 120.01 121.093 121.243 120.803 119.85 118.496 123.103 126.13 122.801 117.37 115.996 115.081 119.285
30.921401 130.354 135.57 143.092 144.879 139.053 134.923 132.565 143.883 138.431 134.415 130.546 128.055 144.473 137.117 132.63 129.99 128.004 129.087 129.237 128.797 127.844 126.49 131.097 134.124 130.795 125.364 123.99 123.075 127.279
31.856598 138.839 144.055 151.577 153.364 147.538 143.408 141.049 152.368 146.916 142.9 139.031 136.54 152.958 145.602 141.115 138.475 136.489 137.572 137.722 137.282 136.329 134.975 139.582 142.609 139.28 133.848 132.474 131.56 135.764
32.820079 147.845 153.06 160.583 162.37 156.544 152.414 150.055 161.374 155.922 151.906 148.037 145.546 161.964 154.608 150.121 147.481 145.495 146.578 146.728 146.288 145.335 143.981 148.587 151.615 148.286 142.854 141.48 140.566 144.77
33.8127 157.404 162.619 170.142 171.929 166.103 161.973 159.614 170.933 165.481 161.465 157.595 155.105 171.522 164.167 159.679 157.04 155.054 156.137 156.287 155.847 154.894 153.54 158.146 161.174 157.845 152.413 151.039 150.125 154.329
34.835342 167.549 172.765 180.287 182.075 176.249 172.119 169.76 181.079 175.627 171.611 167.741 165.251 181.668 174.313 169.825 167.186 165.2 166.283 166.432 165.992 165.04 163.686 168.292 171.32 167.991 162.559 161.185 160.271 164.475
35.888913 178.318 183.534 191.056 192.843 187.017 182.888 180.529 191.847 186.396 182.38 178.51 176.02 192.437 185.082 180.594 177.955 175.969 177.052 177.201 176.761 175.808 174.454 179.061 182.089 178.76 173.328 171.954 171.04 175.243
36.974349 189.748 194.964 202.486 204.274 198.448 194.318 191.959 203.277 197.826 193.81 189.94 187.45 203.867 196.512 192.024 189.385 187.399 188.482 188.631 188.191 187.239 185.884 190.491 193.519 190.19 184.758 183.384 182.47 186.673
38.092613 201.88 207.096 214.618 216.405 210.579 206.45 204.091 215.409 209.958 205.942 202.072 199.582 215.999 208.644 204.156 201.517 199.53 200.614 200.763 200.323 199.37 198.016 202.623 205.651 202.322 196.89 195.516 194.601 198.805
39.244698 214.757 219.973 227.495 229.282 223.456 219.327 216.968 228.286 222.834 218.818 214.949 212.459 228.876 221.52 217.033 214.394 212.407 213.49 213.64 213.2 212.247 210.893 215.5 218.527 215.198 209.767 208.393 207.478 211.682
40.431627 228.425 233.64 241.163 242.95 237.124 232.994 230.635 241.954 236.502 232.486 228.616 226.126 242.543 235.188 230.7 228.061 226.075 227.158 227.308 226.868 225.915 224.561 229.167 232.195 228.866 223.434 222.06 221.146 225.35
41.654454 242.931 248.147 255.669 257.457 251.631 247.501 245.142 256.46 251.009 246.993 243.123 240.633 257.05 249.695 245.207 242.568 240.582 241.665 241.814 241.374 240.422 239.067 243.674 246.702 243.373 237.941 236.567 235.653 239.857
42.914265 258.329 263.545 271.067 272.854 267.028 262.898 260.539 271.858 266.406 262.39 258.521 256.03 272.448 265.092 260.605 257.965 255.979 257.062 257.212 256.772 255.819 254.465 259.072 262.099 258.77 253.339 251.965 251.05 255.254
44.212178 274.672 279.888 287.41 289.197 283.371 279.241 276.882 288.201 282.749 278.733 274.864 272.373 288.791 281.435 276.948 274.308 272.322 273.405 273.555 273.115 272.162 270.808 275.415 278.442 275.113 269.682 268.308 267.393 271.597
45.549345 292.018 297.234 304.756 306.544 300.718 296.588 294.229 305.547 300.096 296.08 292.21 289.72 306.137 298.782 294.294 291.655 289.669 290.752 290.901 290.461 289.509 288.154 292.761 295.789 292.46 287.028 285.654 284.74 288.944
46.926954 310.43 315.646 323.168 324.955 319.129 315.0 312.641 323.959 318.507 314.491 310.622 308.131 324.549 317.193 312.706 310.067 308.08 309.163 309.313 308.873 307.92 306.566 311.173 314.2 310.871 305.44 304.066 303.151 307.355
48.346227 329.972 335.188 342.71 344.497 338.671 334.542 332.183 343.501 338.05 334.033 330.164 327.674 344.091 336.735 332.248 329.609 327.622 328.705 328.855 328.415 327.462 326.108 330.715 333.743 330.414 324.982 323.608 322.693 326.897
49.808426 350.714 355.93 363.452 365.24 359.414 355.284 352.925 364.243 358.792 354.776 350.906 348.416 364.833 357.478 352.99 350.351 348.365 349.448 349.597 349.157 348.205 346.85 351.457 354.485 351.156 345.724 344.35 343.436 347.639
