web/models/kne.last_good/kappa_0.5_3.0.v1/11/villar_0.2183_0.0300_0.5000.dat
# %ECSV 1.0
# ---
# datatype:
# - {name: time, datatype: float64}
# - {name: swift_uvot_uvw2, datatype: float64}
# - {name: swift_uvot_uvm2, datatype: float64}
# - {name: swift_uvot_uvw1, datatype: float64}
# - {name: swift_uvot_U, datatype: float64}
# - {name: swift_uvot_B, datatype: float64}
# - {name: swift_uvot_V, datatype: float64}
# - {name: swift_uvot_W, datatype: float64}
# - {name: johnson_U, datatype: float64}
# - {name: johnson_B, datatype: float64}
# - {name: johnson_V, datatype: float64}
# - {name: johnson_R, datatype: float64}
# - {name: johnson_I, datatype: float64}
# - {name: sdss_u, datatype: float64}
# - {name: sdss_g, datatype: float64}
# - {name: sdss_r, datatype: float64}
# - {name: sdss_i, datatype: float64}
# - {name: sdss_z, datatype: float64}
# - {name: PS1_g, datatype: float64}
# - {name: PS1_r, datatype: float64}
# - {name: PS1_i, datatype: float64}
# - {name: PS1_z, datatype: float64}
# - {name: PS1_Y, datatype: float64}
# - {name: PS1_w, datatype: float64}
# - {name: ATLAS_c, datatype: float64}
# - {name: ATLAS_o, datatype: float64}
# - {name: ukirt_J, datatype: float64}
# - {name: ukirt_H, datatype: float64}
# - {name: ukirt_K, datatype: float64}
# - {name: Clear, datatype: float64}
# meta: !!omap
# - comment: [kappa = 0.5, type = villar, mass = 0.21832694463104688, velocity = 0.030000000000000027, theta_obs = 0.0]
# schema: astropy-2.0
time swift_uvot_uvw2 swift_uvot_uvm2 swift_uvot_uvw1 swift_uvot_U swift_uvot_B swift_uvot_V swift_uvot_W johnson_U johnson_B johnson_V johnson_R johnson_I sdss_u sdss_g sdss_r sdss_i sdss_z PS1_g PS1_r PS1_i PS1_z PS1_Y PS1_w ATLAS_c ATLAS_o ukirt_J ukirt_H ukirt_K Clear
[from data line 152]
0.092665 -12.026 -11.772 -11.622 -11.17 -10.8 -10.406 -11.467 -11.115 -10.796 -10.395 -9.997 -9.538 -11.125 -10.674 -10.175 -9.811 -9.47 -10.678 -10.243 -9.902 -9.711 -9.815 -10.242 -10.479 -10.026 -8.791 -8.242 -7.608 -10.326
0.095467 -12.067 -11.816 -11.668 -11.219 -10.849 -10.457 -11.512 -11.163 -10.846 -10.446 -10.049 -9.59 -11.174 -10.724 -10.226 -9.862 -9.522 -10.727 -10.293 -9.953 -9.761 -9.861 -10.293 -10.53 -10.078 -8.844 -8.295 -7.662 -10.376
0.098355 -12.107 -11.86 -11.713 -11.267 -10.899 -10.508 -11.557 -11.212 -10.895 -10.497 -10.1 -9.642 -11.222 -10.774 -10.277 -9.914 -9.574 -10.776 -10.343 -10.003 -9.81 -9.907 -10.344 -10.58 -10.129 -8.897 -8.348 -7.715 -10.427
0.101329 -12.148 -11.904 -11.758 -11.315 -10.949 -10.558 -11.602 -11.26 -10.945 -10.547 -10.152 -9.694 -11.27 -10.824 -10.328 -9.966 -9.626 -10.826 -10.393 -10.053 -9.86 -9.954 -10.395 -10.631 -10.18 -8.95 -8.401 -7.769 -10.477
0.104394 -12.188 -11.948 -11.803 -11.363 -10.998 -10.609 -11.648 -11.309 -10.994 -10.598 -10.203 -9.746 -11.319 -10.874 -10.379 -10.018 -9.678 -10.875 -10.443 -10.103 -9.909 -10.0 -10.446 -10.681 -10.232 -9.002 -8.454 -7.822 -10.528
0.107551 -12.229 -11.992 -11.848 -11.411 -11.048 -10.659 -11.692 -11.357 -11.044 -10.649 -10.254 -9.798 -11.367 -10.924 -10.43 -10.069 -9.731 -10.924 -10.493 -10.154 -9.959 -10.046 -10.497 -10.731 -10.283 -9.055 -8.508 -7.876 -10.578
0.110804 -12.269 -12.036 -11.893 -11.459 -11.097 -10.71 -11.737 -11.405 -11.093 -10.699 -10.306 -9.85 -11.415 -10.974 -10.481 -10.121 -9.783 -10.973 -10.543 -10.204 -10.008 -10.092 -10.547 -10.782 -10.334 -9.108 -8.561 -7.929 -10.629
0.114155 -12.309 -12.079 -11.938 -11.507 -11.147 -10.76 -11.782 -11.454 -11.143 -10.75 -10.357 -9.902 -11.464 -11.023 -10.532 -10.172 -9.835 -11.023 -10.593 -10.254 -10.058 -10.138 -10.598 -10.832 -10.385 -9.161 -8.614 -7.982 -10.679
0.117608 -12.348 -12.123 -11.982 -11.555 -11.196 -10.811 -11.827 -11.502 -11.192 -10.8 -10.408 -9.954 -11.512 -11.073 -10.583 -10.224 -9.887 -11.072 -10.643 -10.304 -10.107 -10.185 -10.648 -10.882 -10.436 -9.213 -8.667 -8.036 -10.729
0.121165 -12.388 -12.166 -12.027 -11.603 -11.245 -10.861 -11.871 -11.55 -11.241 -10.851 -10.459 -10.006 -11.56 -11.123 -10.634 -10.276 -9.939 -11.121 -10.693 -10.354 -10.157 -10.231 -10.699 -10.932 -10.488 -9.266 -8.72 -8.089 -10.78
0.124829 -12.428 -12.209 -12.071 -11.651 -11.294 -10.912 -11.916 -11.598 -11.29 -10.901 -10.51 -10.058 -11.607 -11.172 -10.685 -10.327 -9.991 -11.17 -10.743 -10.405 -10.206 -10.277 -10.75 -10.982 -10.539 -9.319 -8.773 -8.143 -10.83
0.128605 -12.467 -12.252 -12.116 -11.698 -11.343 -10.962 -11.96 -11.645 -11.34 -10.951 -10.561 -10.11 -11.655 -11.222 -10.736 -10.379 -10.043 -11.219 -10.793 -10.455 -10.255 -10.324 -10.8 -11.032 -10.59 -9.372 -8.826 -8.196 -10.88
0.132494 -12.506 -12.295 -12.16 -11.746 -11.392 -11.012 -12.004 -11.693 -11.389 -11.001 -10.613 -10.161 -11.703 -11.271 -10.786 -10.43 -10.095 -11.268 -10.843 -10.505 -10.305 -10.37 -10.85 -11.082 -10.641 -9.424 -8.879 -8.249 -10.93
0.136502 -12.546 -12.338 -12.204 -11.793 -11.441 -11.062 -12.048 -11.741 -11.438 -11.052 -10.664 -10.213 -11.751 -11.321 -10.837 -10.481 -10.146 -11.316 -10.893 -10.555 -10.354 -10.417 -10.901 -11.132 -10.692 -9.477 -8.932 -8.303 -10.98
0.14063 -12.585 -12.38 -12.248 -11.84 -11.49 -11.112 -12.092 -11.788 -11.487 -11.102 -10.715 -10.265 -11.798 -11.37 -10.888 -10.533 -10.198 -11.365 -10.942 -10.605 -10.404 -10.463 -10.951 -11.182 -10.743 -9.529 -8.985 -8.356 -11.03
0.144883 -12.623 -12.423 -12.291 -11.888 -11.539 -11.162 -12.136 -11.836 -11.535 -11.152 -10.765 -10.316 -11.846 -11.419 -10.938 -10.584 -10.25 -11.414 -10.992 -10.655 -10.453 -10.509 -11.001 -11.232 -10.793 -9.582 -9.038 -8.409 -11.08
0.149265 -12.662 -12.465 -12.335 -11.935 -11.588 -11.212 -12.179 -11.883 -11.584 -11.202 -10.816 -10.368 -11.893 -11.468 -10.989 -10.635 -10.302 -11.463 -11.042 -10.705 -10.503 -10.556 -11.051 -11.281 -10.844 -9.634 -9.091 -8.463 -11.13
0.15378 -12.701 -12.507 -12.379 -11.982 -11.637 -11.262 -12.223 -11.931 -11.633 -11.252 -10.867 -10.42 -11.941 -11.517 -11.039 -10.686 -10.354 -11.511 -11.091 -10.755 -10.552 -10.602 -11.102 -11.331 -10.895 -9.687 -9.144 -8.516 -11.18
0.15843 -12.739 -12.549 -12.422 -12.029 -11.685 -11.312 -12.266 -11.978 -11.682 -11.302 -10.918 -10.471 -11.988 -11.566 -11.09 -10.738 -10.405 -11.56 -11.141 -10.805 -10.601 -10.649 -11.152 -11.381 -10.946 -9.739 -9.197 -8.569 -11.229
0.163222 -12.777 -12.591 -12.465 -12.076 -11.734 -11.362 -12.31 -12.025 -11.73 -11.352 -10.969 -10.523 -12.035 -11.615 -11.14 -10.789 -10.457 -11.608 -11.191 -10.855 -10.651 -10.695 -11.202 -11.43 -10.996 -9.792 -9.25 -8.623 -11.279
0.168159 -12.815 -12.633 -12.508 -12.123 -11.782 -11.412 -12.353 -12.072 -11.779 -11.401 -11.019 -10.574 -12.082 -11.664 -11.191 -10.84 -10.509 -11.657 -11.24 -10.905 -10.7 -10.742 -11.252 -11.48 -11.047 -9.844 -9.303 -8.676 -11.329
0.173245 -12.853 -12.674 -12.551 -12.169 -11.831 -11.462 -12.396 -12.119 -11.827 -11.451 -11.07 -10.626 -12.129 -11.713 -11.241 -10.891 -10.56 -11.705 -11.29 -10.955 -10.75 -10.788 -11.302 -11.529 -11.098 -9.897 -9.356 -8.729 -11.378
0.178484 -12.891 -12.716 -12.594 -12.216 -11.879 -11.511 -12.439 -12.166 -11.875 -11.501 -11.121 -10.677 -12.176 -11.762 -11.291 -10.942 -10.612 -11.754 -11.339 -11.005 -10.799 -10.835 -11.351 -11.579 -11.148 -9.949 -9.408 -8.782 -11.428
0.183882 -12.928 -12.757 -12.637 -12.262 -11.927 -11.561 -12.482 -12.213 -11.924 -11.55 -11.171 -10.729 -12.223 -11.811 -11.341 -10.993 -10.663 -11.802 -11.389 -11.054 -10.848 -10.882 -11.401 -11.628 -11.199 -10.001 -9.461 -8.835 -11.477
0.189444 -12.966 -12.798 -12.679 -12.309 -11.976 -11.611 -12.524 -12.26 -11.972 -11.6 -11.222 -10.78 -12.269 -11.859 -11.392 -11.044 -10.715 -11.85 -11.438 -11.104 -10.898 -10.928 -11.451 -11.677 -11.249 -10.054 -9.514 -8.889 -11.527
0.195173 -13.003 -12.839 -12.722 -12.355 -12.024 -11.66 -12.567 -12.306 -12.02 -11.65 -11.272 -10.831 -12.316 -11.908 -11.442 -11.095 -10.766 -11.898 -11.487 -11.154 -10.947 -10.975 -11.501 -11.726 -11.3 -10.106 -9.567 -8.942 -11.576
0.201076 -13.04 -12.879 -12.764 -12.401 -12.072 -11.71 -12.609 -12.353 -12.068 -11.699 -11.323 -10.883 -12.362 -11.957 -11.492 -11.146 -10.818 -11.947 -11.537 -11.204 -10.996 -11.022 -11.55 -11.775 -11.35 -10.158 -9.619 -8.995 -11.625
0.207158 -13.077 -12.92 -12.806 -12.447 -12.12 -11.759 -12.651 -12.399 -12.116 -11.748 -11.373 -10.934 -12.409 -12.005 -11.542 -11.196 -10.869 -11.995 -11.586 -11.253 -11.046 -11.068 -11.6 -11.824 -11.4 -10.211 -9.672 -9.048 -11.675
0.213423 -13.114 -12.96 -12.848 -12.493 -12.168 -11.808 -12.693 -12.446 -12.164 -11.798 -11.423 -10.985 -12.455 -12.053 -11.592 -11.247 -10.92 -12.043 -11.635 -11.303 -11.095 -11.115 -11.649 -11.873 -11.45 -10.263 -9.725 -9.101 -11.724
0.219878 -13.15 -13.001 -12.89 -12.539 -12.215 -11.857 -12.735 -12.492 -12.212 -11.847 -11.473 -11.036 -12.501 -12.102 -11.642 -11.298 -10.972 -12.091 -11.684 -11.353 -11.144 -11.162 -11.699 -11.922 -11.501 -10.315 -9.778 -9.154 -11.773
0.226528 -13.187 -13.041 -12.931 -12.585 -12.263 -11.907 -12.777 -12.538 -12.259 -11.896 -11.524 -11.087 -12.547 -12.15 -11.691 -11.348 -11.023 -12.138 -11.733 -11.402 -11.194 -11.209 -11.748 -11.971 -11.551 -10.367 -9.83 -9.207 -11.822
0.233379 -13.223 -13.08 -12.973 -12.631 -12.311 -11.956 -12.819 -12.584 -12.307 -11.945 -11.574 -11.139 -12.593 -12.198 -11.741 -11.399 -11.074 -12.186 -11.782 -11.452 -11.243 -11.255 -11.798 -12.02 -11.601 -10.419 -9.883 -9.26 -11.871
0.240437 -13.259 -13.12 -13.014 -12.676 -12.358 -12.005 -12.86 -12.63 -12.355 -11.994 -11.624 -11.19 -12.639 -12.246 -11.791 -11.45 -11.125 -12.234 -11.831 -11.502 -11.292 -11.302 -11.847 -12.069 -11.651 -10.471 -9.935 -9.313 -11.92
0.247709 -13.295 -13.16 -13.055 -12.722 -12.406 -12.054 -12.902 -12.676 -12.402 -12.043 -11.674 -11.241 -12.685 -12.294 -11.841 -11.5 -11.177 -12.282 -11.88 -11.551 -11.341 -11.349 -11.896 -12.117 -11.701 -10.523 -9.988 -9.366 -11.969
0.255201 -13.33 -13.199 -13.096 -12.767 -12.453 -12.103 -12.943 -12.721 -12.45 -12.092 -11.724 -11.292 -12.731 -12.342 -11.89 -11.551 -11.228 -12.329 -11.929 -11.601 -11.391 -11.396 -11.945 -12.166 -11.751 -10.575 -10.041 -9.419 -12.017
0.262919 -13.366 -13.238 -13.137 -12.812 -12.501 -12.152 -12.984 -12.767 -12.497 -12.141 -11.774 -11.343 -12.776 -12.39 -11.94 -11.601 -11.279 -12.377 -11.978 -11.65 -11.44 -11.443 -11.994 -12.214 -11.801 -10.627 -10.093 -9.472 -12.066
0.270871 -13.401 -13.277 -13.178 -12.858 -12.548 -12.2 -13.025 -12.812 -12.544 -12.19 -11.824 -11.393 -12.822 -12.437 -11.989 -11.651 -11.33 -12.424 -12.027 -11.7 -11.489 -11.49 -12.044 -12.263 -11.851 -10.679 -10.146 -9.525 -12.115
0.279064 -13.436 -13.315 -13.218 -12.903 -12.595 -12.249 -13.066 -12.858 -12.591 -12.239 -11.874 -11.444 -12.867 -12.485 -12.039 -11.702 -11.381 -12.472 -12.076 -11.749 -11.538 -11.537 -12.092 -12.311 -11.9 -10.731 -10.198 -9.578 -12.163
0.287504 -13.471 -13.354 -13.258 -12.947 -12.642 -12.298 -13.106 -12.903 -12.638 -12.288 -11.923 -11.495 -12.912 -12.533 -12.088 -11.752 -11.432 -12.519 -12.125 -11.799 -11.587 -11.583 -12.141 -12.359 -11.95 -10.783 -10.251 -9.631 -12.212
0.296199 -13.505 -13.392 -13.299 -12.992 -12.689 -12.346 -13.147 -12.948 -12.685 -12.336 -11.973 -11.546 -12.957 -12.58 -12.137 -11.802 -11.483 -12.566 -12.173 -11.848 -11.637 -11.63 -12.19 -12.408 -12.0 -10.835 -10.303 -9.684 -12.26
0.305157 -13.539 -13.43 -13.339 -13.037 -12.736 -12.395 -13.187 -12.993 -12.732 -12.385 -12.023 -11.596 -13.002 -12.628 -12.186 -11.852 -11.533 -12.613 -12.222 -11.897 -11.686 -11.677 -12.239 -12.456 -12.049 -10.887 -10.355 -9.737 -12.309
0.314387 -13.574 -13.468 -13.378 -13.081 -12.782 -12.443 -13.227 -13.038 -12.779 -12.433 -12.072 -11.647 -13.047 -12.675 -12.236 -11.903 -11.584 -12.66 -12.27 -11.946 -11.735 -11.724 -12.288 -12.504 -12.099 -10.939 -10.408 -9.79 -12.357
0.323895 -13.608 -13.506 -13.418 -13.126 -12.829 -12.492 -13.267 -13.083 -12.825 -12.481 -12.122 -11.698 -13.092 -12.722 -12.285 -11.953 -11.635 -12.707 -12.319 -11.996 -11.784 -11.771 -12.336 -12.552 -12.148 -10.991 -10.46 -9.842 -12.405
0.333691 -13.641 -13.543 -13.457 -13.17 -12.876 -12.54 -13.307 -13.128 -12.872 -12.53 -12.171 -11.748 -13.136 -12.769 -12.334 -12.003 -11.686 -12.754 -12.367 -12.045 -11.833 -11.818 -12.385 -12.6 -12.198 -11.042 -10.512 -9.895 -12.453
0.343783 -13.675 -13.581 -13.497 -13.214 -12.922 -12.588 -13.347 -13.172 -12.918 -12.578 -12.221 -11.799 -13.181 -12.816 -12.383 -12.053 -11.736 -12.801 -12.416 -12.094 -11.882 -11.865 -12.433 -12.647 -12.247 -11.094 -10.565 -9.948 -12.501
0.354181 -13.708 -13.618 -13.536 -13.258 -12.969 -12.636 -13.386 -13.217 -12.965 -12.626 -12.27 -11.849 -13.225 -12.863 -12.432 -12.103 -11.787 -12.848 -12.464 -12.143 -11.931 -11.912 -12.482 -12.695 -12.296 -11.146 -10.617 -10.001 -12.549
0.364893 -13.741 -13.654 -13.574 -13.302 -13.015 -12.684 -13.426 -13.261 -13.011 -12.674 -12.32 -11.9 -13.27 -12.91 -12.48 -12.152 -11.838 -12.895 -12.512 -12.192 -11.98 -11.959 -12.53 -12.743 -12.346 -11.197 -10.669 -10.053 -12.597
0.375929 -13.774 -13.691 -13.613 -13.346 -13.061 -12.732 -13.465 -13.305 -13.057 -12.722 -12.369 -11.95 -13.314 -12.957 -12.529 -12.202 -11.888 -12.941 -12.561 -12.241 -12.029 -12.006 -12.578 -12.79 -12.395 -11.249 -10.721 -10.106 -12.645
0.387298 -13.806 -13.727 -13.651 -13.389 -13.107 -12.78 -13.504 -13.349 -13.103 -12.77 -12.418 -12.0 -13.358 -13.003 -12.578 -12.252 -11.939 -12.988 -12.609 -12.29 -12.078 -12.053 -12.626 -12.838 -12.444 -11.301 -10.774 -10.159 -12.693
0.399012 -13.839 -13.764 -13.69 -13.433 -13.153 -12.828 -13.542 -13.393 -13.149 -12.818 -12.467 -12.051 -13.402 -13.05 -12.627 -12.302 -11.989 -13.034 -12.657 -12.339 -12.127 -12.1 -12.675 -12.885 -12.493 -11.352 -10.826 -10.211 -12.74
0.41108 -13.871 -13.799 -13.728 -13.476 -13.199 -12.876 -13.581 -13.437 -13.195 -12.866 -12.516 -12.101 -13.445 -13.097 -12.675 -12.351 -12.039 -13.08 -12.705 -12.388 -12.176 -12.147 -12.723 -12.932 -12.542 -11.404 -10.878 -10.264 -12.788
0.423513 -13.902 -13.835 -13.766 -13.519 -13.244 -12.923 -13.62 -13.48 -13.241 -12.913 -12.565 -12.151 -13.489 -13.143 -12.724 -12.401 -12.09 -13.127 -12.753 -12.437 -12.224 -12.194 -12.771 -12.979 -12.591 -11.455 -10.93 -10.317 -12.835
0.436321 -13.934 -13.87 -13.803 -13.562 -13.29 -12.971 -13.658 -13.524 -13.286 -12.961 -12.614 -12.201 -13.532 -13.189 -12.772 -12.45 -12.14 -13.173 -12.801 -12.486 -12.273 -12.241 -12.818 -13.027 -12.639 -11.506 -10.982 -10.369 -12.883
0.449518 -13.965 -13.906 -13.841 -13.605 -13.336 -13.018 -13.696 -13.567 -13.332 -13.008 -12.663 -12.251 -13.576 -13.235 -12.82 -12.5 -12.19 -13.219 -12.849 -12.534 -12.322 -12.288 -12.866 -13.074 -12.688 -11.558 -11.034 -10.422 -12.93
0.463113 -13.996 -13.94 -13.878 -13.648 -13.381 -13.066 -13.734 -13.61 -13.377 -13.056 -12.712 -12.301 -13.619 -13.281 -12.868 -12.549 -12.24 -13.265 -12.896 -12.583 -12.371 -12.335 -12.914 -13.121 -12.737 -11.609 -11.086 -10.474 -12.977
0.47712 -14.027 -13.975 -13.915 -13.691 -13.426 -13.113 -13.771 -13.653 -13.422 -13.103 -12.76 -12.351 -13.662 -13.327 -12.917 -12.598 -12.291 -13.311 -12.944 -12.632 -12.42 -12.382 -12.961 -13.167 -12.785 -11.66 -11.138 -10.527 -13.024
0.49155 -14.057 -14.009 -13.951 -13.733 -13.471 -13.16 -13.809 -13.696 -13.468 -13.15 -12.809 -12.401 -13.704 -13.373 -12.965 -12.647 -12.341 -13.356 -12.992 -12.68 -12.468 -12.429 -13.009 -13.214 -12.834 -11.712 -11.19 -10.579 -13.071
0.506416 -14.087 -14.044 -13.988 -13.775 -13.516 -13.207 -13.846 -13.739 -13.513 -13.197 -12.857 -12.451 -13.747 -13.419 -13.013 -12.697 -12.391 -13.402 -13.039 -12.729 -12.517 -12.476 -13.056 -13.261 -12.882 -11.763 -11.242 -10.632 -13.118
0.521733 -14.117 -14.077 -14.024 -13.817 -13.561 -13.254 -13.883 -13.782 -13.557 -13.244 -12.906 -12.5 -13.79 -13.464 -13.061 -12.746 -12.441 -13.448 -13.087 -12.777 -12.565 -12.523 -13.104 -13.307 -12.931 -11.814 -11.294 -10.684 -13.165
0.537512 -14.147 -14.111 -14.06 -13.859 -13.606 -13.301 -13.92 -13.824 -13.602 -13.291 -12.954 -12.55 -13.832 -13.51 -13.108 -12.795 -12.49 -13.493 -13.134 -12.825 -12.614 -12.57 -13.151 -13.354 -12.979 -11.865 -11.345 -10.737 -13.212
0.553769 -14.176 -14.144 -14.096 -13.901 -13.651 -13.348 -13.957 -13.866 -13.647 -13.338 -13.002 -12.6 -13.874 -13.555 -13.156 -12.844 -12.54 -13.538 -13.181 -12.874 -12.662 -12.617 -13.198 -13.4 -13.027 -11.916 -11.397 -10.789 -13.258
0.570517 -14.205 -14.177 -14.132 -13.943 -13.695 -13.394 -13.993 -13.908 -13.691 -13.385 -13.051 -12.649 -13.916 -13.6 -13.204 -12.893 -12.59 -13.583 -13.228 -12.922 -12.711 -12.664 -13.245 -13.446 -13.075 -11.967 -11.449 -10.841 -13.305
0.587772 -14.234 -14.21 -14.167 -13.984 -13.739 -13.441 -14.03 -13.95 -13.736 -13.431 -13.099 -12.699 -13.958 -13.646 -13.251 -12.941 -12.64 -13.629 -13.276 -12.97 -12.759 -12.711 -13.292 -13.492 -13.123 -12.018 -11.501 -10.894 -13.351
0.605549 -14.262 -14.242 -14.202 -14.025 -13.784 -13.488 -14.066 -13.992 -13.78 -13.478 -13.147 -12.748 -14.0 -13.691 -13.299 -12.99 -12.689 -13.674 -13.323 -13.018 -12.808 -12.758 -13.339 -13.538 -13.171 -12.069 -11.552 -10.946 -13.398
0.623863 -14.29 -14.274 -14.237 -14.067 -13.828 -13.534 -14.102 -14.034 -13.824 -13.524 -13.195 -12.798 -14.041 -13.735 -13.346 -13.039 -12.739 -13.718 -13.37 -13.066 -12.856 -12.805 -13.386 -13.584 -13.219 -12.12 -11.604 -10.998 -13.444
0.642731 -14.318 -14.306 -14.271 -14.107 -13.872 -13.58 -14.137 -14.075 -13.868 -13.571 -13.243 -12.847 -14.083 -13.78 -13.393 -13.087 -12.788 -13.763 -13.416 -13.114 -12.904 -12.852 -13.432 -13.63 -13.267 -12.171 -11.656 -11.05 -13.49
0.66217 -14.345 -14.338 -14.306 -14.148 -13.916 -13.626 -14.173 -14.116 -13.912 -13.617 -13.29 -12.896 -14.124 -13.825 -13.441 -13.136 -12.838 -13.808 -13.463 -13.162 -12.953 -12.899 -13.479 -13.675 -13.315 -12.222 -11.707 -11.102 -13.536
