web/models/kne.last_good/kappa_0.5_3.0.v1/11/villar_0.0028_0.1867_0.5000.dat
# %ECSV 1.0
# ---
# datatype:
# - {name: time, datatype: float64}
# - {name: swift_uvot_uvw2, datatype: float64}
# - {name: swift_uvot_uvm2, datatype: float64}
# - {name: swift_uvot_uvw1, datatype: float64}
# - {name: swift_uvot_U, datatype: float64}
# - {name: swift_uvot_B, datatype: float64}
# - {name: swift_uvot_V, datatype: float64}
# - {name: swift_uvot_W, datatype: float64}
# - {name: johnson_U, datatype: float64}
# - {name: johnson_B, datatype: float64}
# - {name: johnson_V, datatype: float64}
# - {name: johnson_R, datatype: float64}
# - {name: johnson_I, datatype: float64}
# - {name: sdss_u, datatype: float64}
# - {name: sdss_g, datatype: float64}
# - {name: sdss_r, datatype: float64}
# - {name: sdss_i, datatype: float64}
# - {name: sdss_z, datatype: float64}
# - {name: PS1_g, datatype: float64}
# - {name: PS1_r, datatype: float64}
# - {name: PS1_i, datatype: float64}
# - {name: PS1_z, datatype: float64}
# - {name: PS1_Y, datatype: float64}
# - {name: PS1_w, datatype: float64}
# - {name: ATLAS_c, datatype: float64}
# - {name: ATLAS_o, datatype: float64}
# - {name: ukirt_J, datatype: float64}
# - {name: ukirt_H, datatype: float64}
# - {name: ukirt_K, datatype: float64}
# - {name: Clear, datatype: float64}
# meta: !!omap
# - comment: [kappa = 0.5, type = villar, mass = 0.0028172691138521437, velocity = 0.1866666666666667, theta_obs = 0.0]
# schema: astropy-2.0
time swift_uvot_uvw2 swift_uvot_uvm2 swift_uvot_uvw1 swift_uvot_U swift_uvot_B swift_uvot_V swift_uvot_W johnson_U johnson_B johnson_V johnson_R johnson_I sdss_u sdss_g sdss_r sdss_i sdss_z PS1_g PS1_r PS1_i PS1_z PS1_Y PS1_w ATLAS_c ATLAS_o ukirt_J ukirt_H ukirt_K Clear
[from data line 149]
0.084741 -11.127 -11.375 -11.596 -11.941 -11.971 -11.879 -11.659 -11.955 -11.969 -11.872 -11.682 -11.407 -11.956 -11.949 -11.78 -11.585 -11.366 -11.949 -11.789 -11.594 -11.432 -11.352 -11.774 -11.888 -11.698 -10.863 -10.409 -9.855 -11.79
0.087304 -11.13 -11.383 -11.611 -11.968 -12.004 -11.917 -11.681 -11.983 -12.002 -11.91 -11.724 -11.452 -11.983 -11.983 -11.82 -11.628 -11.411 -11.984 -11.829 -11.637 -11.476 -11.396 -11.813 -11.925 -11.739 -10.911 -10.459 -9.906 -11.828
0.089944 -11.133 -11.39 -11.625 -11.994 -12.037 -11.954 -11.703 -12.01 -12.035 -11.948 -11.765 -11.496 -12.01 -12.018 -11.86 -11.671 -11.456 -12.019 -11.869 -11.68 -11.52 -11.441 -11.852 -11.961 -11.78 -10.958 -10.508 -9.956 -11.866
0.092665 -11.135 -11.397 -11.639 -12.019 -12.069 -11.992 -11.724 -12.037 -12.067 -11.986 -11.806 -11.54 -12.036 -12.052 -11.9 -11.713 -11.5 -12.054 -11.909 -11.722 -11.564 -11.485 -11.891 -11.998 -11.821 -11.006 -10.557 -10.006 -11.904
0.095467 -11.136 -11.402 -11.651 -12.044 -12.101 -12.029 -11.745 -12.063 -12.099 -12.023 -11.847 -11.584 -12.062 -12.086 -11.939 -11.756 -11.545 -12.088 -11.948 -11.764 -11.608 -11.529 -11.929 -12.034 -11.861 -11.053 -10.606 -10.057 -11.942
0.098355 -11.136 -11.407 -11.664 -12.069 -12.133 -12.066 -11.765 -12.089 -12.131 -12.06 -11.887 -11.628 -12.088 -12.119 -11.978 -11.798 -11.589 -12.122 -11.987 -11.806 -11.652 -11.573 -11.967 -12.07 -11.902 -11.1 -10.655 -10.107 -11.979
0.101329 -11.135 -11.411 -11.675 -12.093 -12.164 -12.102 -11.785 -12.114 -12.162 -12.096 -11.928 -11.671 -12.113 -12.152 -12.017 -11.839 -11.633 -12.156 -12.026 -11.848 -11.695 -11.617 -12.005 -12.105 -11.942 -11.147 -10.703 -10.157 -12.016
0.104394 -11.134 -11.414 -11.686 -12.116 -12.194 -12.138 -11.805 -12.138 -12.192 -12.132 -11.968 -11.715 -12.137 -12.184 -12.056 -11.881 -11.677 -12.189 -12.064 -11.889 -11.738 -11.661 -12.043 -12.14 -11.981 -11.194 -10.752 -10.207 -12.052
0.107551 -11.131 -11.417 -11.696 -12.139 -12.224 -12.174 -11.823 -12.162 -12.222 -12.168 -12.007 -11.758 -12.161 -12.216 -12.094 -11.922 -11.72 -12.222 -12.102 -11.931 -11.781 -11.704 -12.08 -12.175 -12.021 -11.241 -10.8 -10.256 -12.089
0.110804 -11.128 -11.418 -11.705 -12.161 -12.254 -12.209 -11.842 -12.186 -12.252 -12.204 -12.047 -11.8 -12.184 -12.248 -12.132 -11.963 -11.764 -12.254 -12.14 -11.972 -11.824 -11.747 -12.117 -12.209 -12.06 -11.288 -10.848 -10.306 -12.125
0.114155 -11.124 -11.418 -11.713 -12.182 -12.283 -12.244 -11.86 -12.209 -12.281 -12.239 -12.086 -11.843 -12.206 -12.279 -12.169 -12.004 -11.807 -12.286 -12.178 -12.012 -11.866 -11.79 -12.153 -12.243 -12.099 -11.334 -10.897 -10.356 -12.16
0.117608 -11.118 -11.417 -11.721 -12.203 -12.312 -12.279 -11.877 -12.231 -12.31 -12.273 -12.125 -11.885 -12.228 -12.31 -12.206 -12.045 -11.849 -12.318 -12.215 -12.053 -11.908 -11.833 -12.189 -12.277 -12.137 -11.38 -10.945 -10.405 -12.195
0.121165 -11.112 -11.416 -11.727 -12.223 -12.34 -12.313 -11.894 -12.252 -12.338 -12.307 -12.163 -11.927 -12.249 -12.34 -12.243 -12.085 -11.892 -12.349 -12.251 -12.093 -11.95 -11.876 -12.225 -12.31 -12.176 -11.426 -10.992 -10.454 -12.23
0.124829 -11.104 -11.413 -11.733 -12.242 -12.368 -12.346 -11.91 -12.273 -12.366 -12.341 -12.201 -11.969 -12.27 -12.37 -12.279 -12.125 -11.934 -12.379 -12.288 -12.133 -11.992 -11.918 -12.26 -12.342 -12.213 -11.472 -11.04 -10.504 -12.264
0.128605 -11.096 -11.409 -11.738 -12.261 -12.394 -12.379 -11.925 -12.293 -12.393 -12.375 -12.239 -12.011 -12.29 -12.399 -12.315 -12.164 -11.976 -12.409 -12.324 -12.172 -12.033 -11.96 -12.295 -12.374 -12.251 -11.518 -11.087 -10.553 -12.298
0.132494 -11.086 -11.404 -11.742 -12.279 -12.421 -12.412 -11.94 -12.313 -12.419 -12.407 -12.276 -12.052 -12.309 -12.428 -12.351 -12.203 -12.018 -12.439 -12.359 -12.211 -12.074 -12.002 -12.33 -12.406 -12.288 -11.563 -11.135 -10.601 -12.332
0.136502 -11.075 -11.397 -11.745 -12.296 -12.447 -12.444 -11.955 -12.331 -12.445 -12.44 -12.313 -12.093 -12.327 -12.456 -12.386 -12.242 -12.06 -12.468 -12.394 -12.25 -12.115 -12.043 -12.364 -12.437 -12.325 -11.608 -11.182 -10.65 -12.365
0.14063 -11.063 -11.39 -11.746 -12.313 -12.472 -12.476 -11.968 -12.349 -12.47 -12.472 -12.35 -12.133 -12.345 -12.483 -12.421 -12.28 -12.101 -12.496 -12.429 -12.288 -12.156 -12.085 -12.398 -12.468 -12.361 -11.653 -11.229 -10.699 -12.398
0.144883 -11.05 -11.381 -11.747 -12.328 -12.496 -12.507 -11.981 -12.366 -12.495 -12.503 -12.386 -12.174 -12.361 -12.51 -12.455 -12.319 -12.141 -12.524 -12.463 -12.326 -12.196 -12.126 -12.431 -12.498 -12.397 -11.698 -11.276 -10.747 -12.43
0.149265 -11.035 -11.37 -11.747 -12.343 -12.52 -12.538 -11.993 -12.382 -12.519 -12.534 -12.422 -12.214 -12.377 -12.536 -12.489 -12.356 -12.182 -12.551 -12.497 -12.364 -12.235 -12.166 -12.464 -12.527 -12.432 -11.742 -11.322 -10.795 -12.462
0.15378 -11.019 -11.359 -11.745 -12.356 -12.543 -12.568 -12.005 -12.398 -12.542 -12.564 -12.457 -12.253 -12.392 -12.562 -12.522 -12.393 -12.222 -12.578 -12.53 -12.401 -12.275 -12.207 -12.496 -12.556 -12.467 -11.786 -11.368 -10.843 -12.493
0.15843 -11.002 -11.346 -11.742 -12.369 -12.565 -12.597 -12.015 -12.412 -12.564 -12.594 -12.492 -12.292 -12.406 -12.587 -12.555 -12.43 -12.262 -12.603 -12.563 -12.438 -12.314 -12.247 -12.527 -12.584 -12.502 -11.83 -11.414 -10.891 -12.523
0.163222 -10.983 -11.331 -11.738 -12.381 -12.586 -12.626 -12.025 -12.425 -12.585 -12.622 -12.526 -12.331 -12.419 -12.611 -12.587 -12.466 -12.301 -12.628 -12.595 -12.474 -12.353 -12.286 -12.559 -12.612 -12.535 -11.873 -11.46 -10.939 -12.553
0.168159 -10.962 -11.315 -11.733 -12.391 -12.607 -12.654 -12.034 -12.438 -12.606 -12.651 -12.56 -12.369 -12.431 -12.634 -12.618 -12.502 -12.34 -12.653 -12.626 -12.51 -12.391 -12.326 -12.589 -12.639 -12.569 -11.917 -11.506 -10.986 -12.583
0.173245 -10.94 -11.297 -11.726 -12.401 -12.627 -12.682 -12.042 -12.449 -12.626 -12.678 -12.593 -12.407 -12.442 -12.657 -12.649 -12.538 -12.378 -12.676 -12.657 -12.545 -12.429 -12.365 -12.619 -12.665 -12.602 -11.96 -11.551 -11.033 -12.612
0.178484 -10.917 -11.277 -11.718 -12.409 -12.645 -12.708 -12.049 -12.459 -12.645 -12.705 -12.625 -12.444 -12.451 -12.678 -12.68 -12.572 -12.416 -12.699 -12.687 -12.58 -12.466 -12.403 -12.648 -12.691 -12.634 -12.002 -11.596 -11.08 -12.64
0.183882 -10.891 -11.255 -11.708 -12.416 -12.663 -12.734 -12.056 -12.468 -12.663 -12.731 -12.657 -12.481 -12.46 -12.699 -12.709 -12.607 -12.454 -12.721 -12.717 -12.614 -12.503 -12.441 -12.677 -12.715 -12.665 -12.044 -11.641 -11.127 -12.667
0.189444 -10.864 -11.232 -11.697 -12.422 -12.68 -12.76 -12.061 -12.476 -12.68 -12.757 -12.689 -12.518 -12.467 -12.719 -12.738 -12.64 -12.491 -12.742 -12.746 -12.648 -12.539 -12.479 -12.705 -12.739 -12.696 -12.086 -11.685 -11.173 -12.694
0.195173 -10.835 -11.206 -11.684 -12.426 -12.696 -12.784 -12.065 -12.483 -12.696 -12.781 -12.719 -12.553 -12.473 -12.738 -12.766 -12.673 -12.527 -12.762 -12.774 -12.681 -12.575 -12.516 -12.732 -12.762 -12.727 -12.128 -11.729 -11.22 -12.72
0.201076 -10.804 -11.178 -11.669 -12.43 -12.711 -12.807 -12.068 -12.488 -12.71 -12.805 -12.749 -12.589 -12.478 -12.756 -12.794 -12.706 -12.563 -12.781 -12.802 -12.713 -12.61 -12.553 -12.758 -12.784 -12.756 -12.169 -11.773 -11.265 -12.745
0.207158 -10.771 -11.149 -11.652 -12.431 -12.724 -12.83 -12.07 -12.491 -12.724 -12.827 -12.778 -12.623 -12.481 -12.772 -12.82 -12.737 -12.599 -12.799 -12.828 -12.745 -12.645 -12.589 -12.783 -12.805 -12.785 -12.209 -11.816 -11.311 -12.769
0.213423 -10.735 -11.116 -11.634 -12.431 -12.736 -12.851 -12.07 -12.494 -12.736 -12.849 -12.807 -12.657 -12.483 -12.788 -12.846 -12.768 -12.634 -12.816 -12.854 -12.776 -12.679 -12.624 -12.808 -12.825 -12.813 -12.249 -11.859 -11.356 -12.793
0.219878 -10.698 -11.082 -11.613 -12.43 -12.747 -12.872 -12.07 -12.494 -12.748 -12.87 -12.834 -12.691 -12.483 -12.802 -12.871 -12.799 -12.668 -12.832 -12.879 -12.806 -12.712 -12.659 -12.832 -12.844 -12.84 -12.289 -11.902 -11.401 -12.815
0.226528 -10.658 -11.044 -11.59 -12.426 -12.757 -12.891 -12.068 -12.493 -12.757 -12.889 -12.861 -12.723 -12.481 -12.815 -12.895 -12.828 -12.701 -12.847 -12.902 -12.836 -12.745 -12.693 -12.855 -12.862 -12.866 -12.328 -11.944 -11.446 -12.837
0.233379 -10.615 -11.004 -11.565 -12.421 -12.765 -12.909 -12.064 -12.49 -12.766 -12.908 -12.887 -12.755 -12.478 -12.827 -12.918 -12.857 -12.734 -12.86 -12.925 -12.864 -12.777 -12.727 -12.876 -12.879 -12.892 -12.367 -11.985 -11.49 -12.858
0.240437 -10.57 -10.961 -11.538 -12.414 -12.771 -12.926 -12.059 -12.486 -12.772 -12.925 -12.912 -12.786 -12.472 -12.838 -12.939 -12.884 -12.766 -12.872 -12.947 -12.892 -12.808 -12.76 -12.897 -12.895 -12.916 -12.405 -12.027 -11.534 -12.877
0.247709 -10.523 -10.915 -11.508 -12.405 -12.776 -12.942 -12.053 -12.479 -12.777 -12.941 -12.935 -12.817 -12.465 -12.846 -12.96 -12.911 -12.797 -12.882 -12.968 -12.919 -12.838 -12.792 -12.916 -12.909 -12.939 -12.442 -12.067 -11.577 -12.896
0.255201 -10.472 -10.866 -11.476 -12.394 -12.78 -12.956 -12.044 -12.47 -12.781 -12.956 -12.958 -12.846 -12.456 -12.854 -12.979 -12.937 -12.827 -12.891 -12.987 -12.945 -12.868 -12.824 -12.935 -12.922 -12.961 -12.479 -12.107 -11.62 -12.913
0.262919 -10.419 -10.813 -11.441 -12.38 -12.781 -12.969 -12.034 -12.459 -12.782 -12.969 -12.98 -12.875 -12.444 -12.859 -12.997 -12.962 -12.857 -12.899 -13.005 -12.97 -12.896 -12.854 -12.952 -12.933 -12.982 -12.515 -12.147 -11.662 -12.929
0.270871 -10.362 -10.757 -11.402 -12.364 -12.78 -12.98 -12.023 -12.446 -12.782 -12.98 -13.0 -12.902 -12.43 -12.863 -13.014 -12.985 -12.885 -12.904 -13.022 -12.993 -12.924 -12.884 -12.968 -12.943 -13.002 -12.55 -12.186 -11.704 -12.943
0.279064 -10.302 -10.697 -11.361 -12.346 -12.778 -12.99 -12.009 -12.431 -12.78 -12.99 -13.019 -12.929 -12.413 -12.865 -13.029 -13.008 -12.913 -12.908 -13.038 -13.016 -12.951 -12.913 -12.982 -12.951 -13.021 -12.585 -12.225 -11.746 -12.956
0.287504 -10.239 -10.633 -11.316 -12.324 -12.773 -12.998 -11.993 -12.412 -12.775 -12.998 -13.036 -12.954 -12.394 -12.865 -13.043 -13.029 -12.939 -12.91 -13.051 -13.037 -12.976 -12.941 -12.995 -12.957 -13.038 -12.619 -12.262 -11.787 -12.968
0.296199 -10.172 -10.565 -11.268 -12.3 -12.766 -13.004 -11.975 -12.391 -12.769 -13.005 -13.053 -12.978 -12.372 -12.863 -13.055 -13.048 -12.964 -12.91 -13.064 -13.057 -13.0 -12.968 -13.006 -12.962 -13.053 -12.652 -12.299 -11.827 -12.978
0.305157 -10.102 -10.491 -11.216 -12.273 -12.757 -13.008 -11.955 -12.367 -12.76 -13.009 -13.067 -13.001 -12.347 -12.859 -13.066 -13.067 -12.988 -12.907 -13.074 -13.075 -13.023 -12.993 -13.015 -12.964 -13.067 -12.684 -12.336 -11.867 -12.986
0.314387 -10.027 -10.414 -11.161 -12.243 -12.745 -13.01 -11.932 -12.34 -12.748 -13.012 -13.08 -13.023 -12.319 -12.852 -13.074 -13.084 -13.011 -12.903 -13.083 -13.092 -13.045 -13.018 -13.023 -12.964 -13.079 -12.715 -12.371 -11.906 -12.993
0.323895 -9.949 -10.331 -11.101 -12.209 -12.73 -13.009 -11.906 -12.309 -12.733 -13.012 -13.091 -13.043 -12.287 -12.842 -13.081 -13.099 -13.033 -12.896 -13.09 -13.108 -13.065 -13.041 -13.029 -12.962 -13.09 -12.745 -12.406 -11.944 -12.997
0.333691 -9.866 -10.242 -11.036 -12.171 -12.712 -13.007 -11.878 -12.275 -12.716 -13.01 -13.101 -13.062 -12.252 -12.83 -13.086 -13.112 -13.053 -12.886 -13.094 -13.121 -13.084 -13.063 -13.033 -12.958 -13.099 -12.774 -12.44 -11.982 -13.0
0.343783 -9.779 -10.147 -10.967 -12.129 -12.691 -13.002 -11.847 -12.237 -12.695 -13.005 -13.108 -13.079 -12.213 -12.815 -13.088 -13.124 -13.071 -12.873 -13.097 -13.133 -13.101 -13.083 -13.034 -12.951 -13.105 -12.802 -12.472 -12.019 -13.0
0.354181 -9.687 -10.047 -10.893 -12.083 -12.666 -12.994 -11.812 -12.195 -12.671 -12.998 -13.113 -13.094 -12.17 -12.797 -13.088 -13.133 -13.088 -12.858 -13.097 -13.143 -13.117 -13.102 -13.034 -12.942 -13.109 -12.828 -12.504 -12.055 -12.999
0.364893 -9.591 -9.939 -10.813 -12.033 -12.638 -12.983 -11.775 -12.148 -12.644 -12.987 -13.116 -13.108 -12.122 -12.776 -13.085 -13.141 -13.102 -12.839 -13.095 -13.151 -13.131 -13.119 -13.03 -12.929 -13.111 -12.853 -12.535 -12.09 -12.994
0.375929 -9.49 -9.825 -10.728 -11.977 -12.606 -12.969 -11.734 -12.097 -12.612 -12.974 -13.116 -13.119 -12.069 -12.751 -13.08 -13.146 -13.115 -12.817 -13.09 -13.156 -13.142 -13.135 -13.024 -12.913 -13.111 -12.877 -12.564 -12.124 -12.987
0.387298 -9.384 -9.702 -10.637 -11.917 -12.57 -12.952 -11.689 -12.041 -12.576 -12.957 -13.114 -13.129 -12.011 -12.722 -13.071 -13.149 -13.126 -12.791 -13.081 -13.159 -13.152 -13.148 -13.016 -12.894 -13.108 -12.9 -12.593 -12.157 -12.978
0.399012 -9.273 -9.572 -10.539 -11.851 -12.53 -12.931 -11.64 -11.979 -12.536 -12.937 -13.109 -13.136 -11.948 -12.689 -13.06 -13.149 -13.135 -12.761 -13.07 -13.16 -13.159 -13.16 -13.004 -12.872 -13.102 -12.92 -12.62 -12.189 -12.965
0.41108 -9.156 -9.432 -10.435 -11.779 -12.484 -12.906 -11.586 -11.912 -12.492 -12.913 -13.101 -13.141 -11.879 -12.651 -13.045 -13.147 -13.141 -12.727 -13.056 -13.158 -13.164 -13.169 -12.989 -12.845 -13.093 -12.939 -12.646 -12.22 -12.949
0.423513 -9.035 -9.284 -10.323 -11.7 -12.434 -12.877 -11.529 -11.838 -12.442 -12.885 -13.089 -13.143 -11.804 -12.609 -13.027 -13.141 -13.145 -12.689 -13.038 -13.152 -13.167 -13.176 -12.97 -12.815 -13.08 -12.956 -12.67 -12.25 -12.93
0.436321 -8.909 -9.125 -10.203 -11.614 -12.378 -12.844 -11.466 -11.758 -12.387 -12.852 -13.074 -13.142 -11.722 -12.562 -13.004 -13.132 -13.146 -12.645 -13.016 -13.144 -13.166 -13.181 -12.948 -12.779 -13.064 -12.971 -12.692 -12.278 -12.907
0.449518 -8.778 -8.955 -10.074 -11.521 -12.316 -12.805 -11.398 -11.67 -12.325 -12.815 -13.056 -13.138 -11.632 -12.509 -12.977 -13.12 -13.145 -12.597 -12.989 -13.132 -13.163 -13.183 -12.922 -12.74 -13.044 -12.984 -12.713 -12.305 -12.88
0.463113 -8.642 -8.773 -9.937 -11.42 -12.247 -12.762 -11.324 -11.575 -12.258 -12.773 -13.033 -13.132 -11.535 -12.45 -12.946 -13.104 -13.14 -12.542 -12.959 -13.116 -13.156 -13.182 -12.891 -12.695 -13.02 -12.995 -12.732 -12.331 -12.85
0.47712 -8.502 -8.579 -9.79 -11.31 -12.172 -12.713 -11.245 -11.471 -12.183 -12.725 -13.006 -13.121 -11.429 -12.385 -12.91 -13.084 -13.131 -12.482 -12.923 -13.097 -13.146 -13.178 -12.856 -12.644 -12.992 -13.003 -12.749 -12.355 -12.814
0.49155 -8.359 -8.371 -9.632 -11.191 -12.089 -12.658 -11.159 -11.358 -12.101 -12.671 -12.974 -13.107 -11.313 -12.313 -12.869 -13.059 -13.119 -12.415 -12.882 -13.073 -13.132 -13.17 -12.816 -12.587 -12.959 -13.009 -12.764 -12.377 -12.774
0.506416 -8.212 -8.148 -9.464 -11.062 -11.997 -12.596 -11.066 -11.236 -12.011 -12.61 -12.937 -13.089 -11.188 -12.233 -12.821 -13.03 -13.103 -12.341 -12.836 -13.044 -13.114 -13.159 -12.77 -12.524 -12.92 -13.011 -12.776 -12.397 -12.729
0.521733 -8.064 -7.91 -9.284 -10.921 -11.897 -12.527 -10.965 -11.102 -11.912 -12.542 -12.894 -13.066 -11.052 -12.146 -12.768 -12.996 -13.083 -12.259 -12.783 -13.01 -13.092 -13.144 -12.719 -12.454 -12.876 -13.011 -12.786 -12.416 -12.678
0.537512 -7.914 -7.654 -9.091 -10.769 -11.788 -12.45 -10.857 -10.957 -11.804 -12.467 -12.846 -13.038 -10.904 -12.049 -12.707 -12.955 -13.058 -12.169 -12.724 -12.971 -13.065 -13.124 -12.661 -12.376 -12.826 -13.007 -12.794 -12.432 -12.621
0.553769 -7.765 -7.38 -8.884 -10.603 -11.667 -12.365 -10.74 -10.8 -11.685 -12.384 -12.79 -13.006 -10.743 -11.943 -12.64 -12.909 -13.027 -12.069 -12.657 -12.926 -13.032 -13.1 -12.596 -12.29 -12.769 -12.999 -12.798 -12.446 -12.558
0.570517 -7.617 -7.086 -8.663 -10.424 -11.536 -12.271 -10.614 -10.629 -11.555 -12.291 -12.728 -12.967 -10.568 -11.826 -12.564 -12.856 -12.992 -11.96 -12.582 -12.874 -12.994 -13.071 -12.524 -12.194 -12.705 -12.988 -12.8 -12.458 -12.488
0.587772 -7.471 -6.77 -8.426 -10.228 -11.392 -12.166 -10.478 -10.443 -11.413 -12.188 -12.658 -12.922 -10.378 -11.698 -12.479 -12.796 -12.95 -11.841 -12.499 -12.814 -12.95 -13.036 -12.444 -12.089 -12.633 -12.972 -12.797 -12.467 -12.41
