web/models/grb/offaxis/24/grb_0.2967_100.0000_0.0000100.dat
# %ECSV 1.0
# ---
# datatype:
# - {name: time, datatype: float64}
# - {name: swift_uvot_uvw2, datatype: float64}
# - {name: swift_uvot_uvm2, datatype: float64}
# - {name: swift_uvot_uvw1, datatype: float64}
# - {name: swift_uvot_U, datatype: float64}
# - {name: swift_uvot_B, datatype: float64}
# - {name: swift_uvot_V, datatype: float64}
# - {name: swift_uvot_W, datatype: float64}
# - {name: johnson_U, datatype: float64}
# - {name: johnson_B, datatype: float64}
# - {name: johnson_V, datatype: float64}
# - {name: johnson_R, datatype: float64}
# - {name: johnson_I, datatype: float64}
# - {name: sdss_u, datatype: float64}
# - {name: sdss_g, datatype: float64}
# - {name: sdss_r, datatype: float64}
# - {name: sdss_i, datatype: float64}
# - {name: sdss_z, datatype: float64}
# - {name: PS1_g, datatype: float64}
# - {name: PS1_r, datatype: float64}
# - {name: PS1_i, datatype: float64}
# - {name: PS1_z, datatype: float64}
# - {name: PS1_Y, datatype: float64}
# - {name: PS1_w, datatype: float64}
# - {name: ATLAS_c, datatype: float64}
# - {name: ATLAS_o, datatype: float64}
# - {name: ukirt_J, datatype: float64}
# - {name: ukirt_H, datatype: float64}
# - {name: ukirt_K, datatype: float64}
# - {name: Clear, datatype: float64}
# meta: !!omap
# - comment: [E = 0.043396498804093575, Eta0 = 8.02, GammaB = 12.0, dL = 0.012188, epsb = 6.760829753919819e-06, epse = 0.1, n = 1e-05,
#     p = 2.15, theta_obs = 0.29670597283903605, xiN = 1.0, z = 0.0, type = grb, E_kiso = 100.0]
# schema: astropy-2.0
time swift_uvot_uvw2 swift_uvot_uvm2 swift_uvot_uvw1 swift_uvot_U swift_uvot_B swift_uvot_V swift_uvot_W johnson_U johnson_B johnson_V johnson_R johnson_I sdss_u sdss_g sdss_r sdss_i sdss_z PS1_g PS1_r PS1_i PS1_z PS1_Y PS1_w ATLAS_c ATLAS_o ukirt_J ukirt_H ukirt_K Clear
[from data line 382]
90.0604 2.667 2.716 2.641 2.448 2.306 2.167 2.528 2.426 2.304 2.162 2.021 1.873 2.431 2.258 2.087 1.966 1.855 2.195 2.052 1.932 1.833 1.665 2.089 2.184 2.031 1.643 1.474 1.284 1.999
92.2329 2.637 2.686 2.611 2.418 2.276 2.137 2.498 2.396 2.274 2.132 1.991 1.843 2.401 2.228 2.057 1.936 1.825 2.165 2.022 1.902 1.803 1.635 2.059 2.154 2.001 1.613 1.444 1.254 1.969
94.4579 2.629 2.679 2.604 2.411 2.269 2.129 2.49 2.389 2.266 2.124 1.984 1.835 2.394 2.221 2.049 1.928 1.818 2.157 2.015 1.895 1.796 1.628 2.051 2.147 1.994 1.606 1.437 1.246 1.961
96.7365 2.63 2.679 2.604 2.411 2.269 2.13 2.491 2.389 2.267 2.125 1.984 1.836 2.394 2.222 2.05 1.929 1.818 2.158 2.015 1.895 1.796 1.628 2.052 2.147 1.994 1.606 1.437 1.247 1.962
99.0701 2.63 2.68 2.605 2.412 2.27 2.13 2.491 2.39 2.267 2.125 1.985 1.836 2.395 2.222 2.05 1.93 1.819 2.158 2.016 1.896 1.797 1.629 2.053 2.148 1.995 1.607 1.438 1.247 1.962
101.4599 2.631 2.68 2.606 2.413 2.27 2.131 2.492 2.39 2.268 2.126 1.985 1.837 2.395 2.223 2.051 1.93 1.819 2.159 2.016 1.896 1.797 1.629 2.053 2.148 1.995 1.607 1.438 1.248 1.963
103.9075 2.631 2.681 2.606 2.413 2.271 2.132 2.492 2.391 2.268 2.126 1.986 1.837 2.396 2.223 2.051 1.931 1.82 2.159 2.017 1.897 1.798 1.63 2.054 2.149 1.996 1.608 1.439 1.248 1.963
106.4141 2.632 2.681 2.607 2.414 2.271 2.132 2.493 2.391 2.269 2.127 1.986 1.838 2.396 2.224 2.052 1.931 1.821 2.16 2.017 1.898 1.799 1.63 2.054 2.149 1.997 1.609 1.439 1.249 1.964
108.9811 2.633 2.682 2.607 2.414 2.272 2.133 2.493 2.392 2.269 2.128 1.987 1.838 2.397 2.224 2.052 1.932 1.821 2.161 2.018 1.898 1.799 1.631 2.055 2.15 1.997 1.609 1.44 1.249 1.964
111.6101 2.633 2.683 2.608 2.415 2.272 2.133 2.494 2.392 2.27 2.128 1.988 1.839 2.397 2.225 2.053 1.932 1.822 2.161 2.018 1.899 1.8 1.631 2.055 2.15 1.998 1.61 1.44 1.25 1.965
114.3025 2.634 2.683 2.608 2.415 2.273 2.134 2.495 2.393 2.27 2.129 1.988 1.84 2.398 2.225 2.054 1.933 1.822 2.162 2.019 1.899 1.8 1.632 2.056 2.151 1.998 1.61 1.441 1.251 1.966
117.0598 2.634 2.684 2.609 2.416 2.273 2.134 2.495 2.393 2.271 2.129 1.989 1.84 2.398 2.226 2.054 1.933 1.823 2.162 2.02 1.9 1.801 1.632 2.056 2.151 1.999 1.611 1.441 1.251 1.966
119.8836 2.636 2.686 2.611 2.418 2.276 2.136 2.497 2.396 2.273 2.131 1.991 1.842 2.401 2.228 2.056 1.935 1.825 2.164 2.022 1.902 1.803 1.635 2.058 2.154 2.001 1.613 1.444 1.253 1.968
122.7756 2.639 2.688 2.613 2.42 2.278 2.139 2.5 2.398 2.275 2.134 1.993 1.845 2.403 2.23 2.059 1.938 1.827 2.167 2.024 1.904 1.805 1.637 2.061 2.156 2.003 1.615 1.446 1.256 1.971
125.7373 2.641 2.69 2.616 2.423 2.28 2.141 2.502 2.4 2.278 2.136 1.995 1.847 2.405 2.233 2.061 1.94 1.83 2.169 2.026 1.907 1.808 1.639 2.063 2.158 2.006 1.618 1.448 1.258 1.973
128.7705 2.643 2.693 2.618 2.425 2.283 2.143 2.504 2.403 2.28 2.138 1.998 1.849 2.408 2.235 2.063 1.943 1.832 2.171 2.029 1.909 1.81 1.642 2.065 2.161 2.008 1.62 1.451 1.26 1.975
131.8769 2.646 2.695 2.62 2.427 2.285 2.146 2.507 2.405 2.283 2.141 2.0 1.852 2.41 2.237 2.066 1.945 1.834 2.174 2.031 1.911 1.812 1.644 2.068 2.163 2.01 1.622 1.453 1.263 1.978
135.0582 2.648 2.697 2.623 2.43 2.287 2.148 2.509 2.407 2.285 2.143 2.003 1.854 2.412 2.24 2.068 1.947 1.837 2.176 2.033 1.914 1.815 1.646 2.07 2.165 2.013 1.625 1.455 1.265 1.98
138.3162 2.65 2.7 2.625 2.432 2.29 2.15 2.511 2.41 2.287 2.145 2.005 1.856 2.415 2.242 2.07 1.95 1.839 2.178 2.036 1.916 1.817 1.649 2.072 2.168 2.015 1.627 1.458 1.267 1.982
141.6528 2.653 2.702 2.627 2.434 2.292 2.153 2.514 2.412 2.29 2.148 2.007 1.859 2.417 2.244 2.073 1.952 1.841 2.181 2.038 1.918 1.819 1.651 2.075 2.17 2.017 1.629 1.46 1.27 1.985
145.0699 2.655 2.705 2.63 2.437 2.294 2.155 2.516 2.414 2.292 2.15 2.01 1.861 2.419 2.247 2.075 1.954 1.844 2.183 2.04 1.921 1.822 1.653 2.077 2.172 2.02 1.632 1.462 1.272 1.987
148.5695 2.657 2.707 2.632 2.439 2.297 2.157 2.518 2.417 2.294 2.152 2.012 1.863 2.422 2.249 2.077 1.956 1.846 2.185 2.043 1.923 1.824 1.656 2.079 2.175 2.022 1.634 1.465 1.274 1.989
152.1534 2.656 2.705 2.63 2.437 2.295 2.156 2.516 2.415 2.292 2.151 2.01 1.861 2.42 2.247 2.075 1.955 1.844 2.184 2.041 1.921 1.822 1.654 2.078 2.173 2.02 1.632 1.463 1.272 1.987
155.8238 2.654 2.703 2.628 2.436 2.293 2.154 2.515 2.413 2.291 2.149 2.008 1.86 2.418 2.246 2.074 1.953 1.842 2.182 2.039 1.919 1.82 1.652 2.076 2.171 2.018 1.63 1.461 1.271 1.986
159.5828 2.652 2.702 2.627 2.434 2.291 2.152 2.513 2.411 2.289 2.147 2.007 1.858 2.416 2.244 2.072 1.951 1.841 2.18 2.038 1.918 1.819 1.65 2.074 2.169 2.017 1.629 1.459 1.269 1.984
163.4324 2.65 2.7 2.625 2.432 2.29 2.151 2.511 2.41 2.287 2.145 2.005 1.856 2.415 2.242 2.07 1.95 1.839 2.178 2.036 1.916 1.817 1.649 2.073 2.168 2.015 1.627 1.458 1.267 1.982
167.375 2.649 2.698 2.623 2.43 2.288 2.149 2.51 2.408 2.286 2.144 2.003 1.855 2.413 2.24 2.069 1.948 1.837 2.177 2.034 1.914 1.815 1.647 2.071 2.166 2.013 1.625 1.456 1.266 1.981
171.4126 2.647 2.696 2.622 2.429 2.286 2.147 2.508 2.406 2.284 2.142 2.001 1.853 2.411 2.239 2.067 1.946 1.835 2.175 2.032 1.913 1.814 1.645 2.069 2.164 2.011 1.624 1.454 1.264 1.979
175.5476 2.645 2.695 2.62 2.427 2.284 2.145 2.506 2.405 2.282 2.14 2.0 1.851 2.41 2.237 2.065 1.944 1.834 2.173 2.031 1.911 1.812 1.644 2.067 2.163 2.01 1.622 1.452 1.262 1.977
179.7823 2.644 2.693 2.618 2.425 2.283 2.144 2.504 2.403 2.28 2.138 1.998 1.849 2.408 2.235 2.063 1.943 1.832 2.171 2.029 1.909 1.81 1.642 2.066 2.161 2.008 1.62 1.451 1.26 1.975
184.1193 2.642 2.691 2.616 2.423 2.281 2.142 2.503 2.401 2.279 2.137 1.996 1.848 2.406 2.234 2.062 1.941 1.83 2.17 2.027 1.907 1.808 1.64 2.064 2.159 2.006 1.618 1.449 1.259 1.974
188.5608 2.647 2.696 2.622 2.429 2.286 2.147 2.508 2.406 2.284 2.142 2.001 1.853 2.411 2.239 2.067 1.946 1.836 2.175 2.032 1.913 1.814 1.645 2.069 2.164 2.012 1.624 1.454 1.264 1.979
193.1095 2.686 2.736 2.661 2.468 2.326 2.186 2.547 2.446 2.323 2.181 2.041 1.892 2.451 2.278 2.106 1.985 1.875 2.214 2.072 1.952 1.853 1.685 2.108 2.204 2.051 1.663 1.494 1.303 2.018
197.7679 2.726 2.775 2.7 2.507 2.365 2.226 2.587 2.485 2.362 2.221 2.08 1.932 2.49 2.317 2.146 2.025 1.914 2.254 2.111 1.991 1.892 1.724 2.148 2.243 2.09 1.702 1.533 1.343 2.058
202.5387 2.765 2.814 2.74 2.547 2.404 2.265 2.626 2.524 2.402 2.26 2.119 1.971 2.529 2.357 2.185 2.064 1.953 2.293 2.15 2.031 1.931 1.763 2.187 2.282 2.129 1.742 1.572 1.382 2.097
207.4245 2.804 2.854 2.779 2.586 2.444 2.304 2.665 2.564 2.441 2.299 2.159 2.01 2.569 2.396 2.224 2.103 1.993 2.332 2.19 2.07 1.971 1.803 2.226 2.322 2.169 1.781 1.612 1.421 2.136
212.4283 2.844 2.893 2.818 2.625 2.483 2.344 2.705 2.603 2.48 2.339 2.198 2.05 2.608 2.435 2.263 2.143 2.032 2.372 2.229 2.109 2.01 1.842 2.266 2.361 2.208 1.82 1.651 1.46 2.175
217.5527 2.883 2.932 2.858 2.665 2.522 2.383 2.744 2.642 2.52 2.378 2.237 2.089 2.647 2.475 2.303 2.182 2.071 2.411 2.268 2.148 2.049 1.881 2.305 2.4 2.247 1.859 1.69 1.5 2.215
222.8008 2.922 2.972 2.897 2.704 2.561 2.422 2.783 2.682 2.559 2.417 2.277 2.128 2.687 2.514 2.342 2.221 2.111 2.45 2.308 2.188 2.089 1.921 2.344 2.44 2.287 1.899 1.729 1.539 2.254
228.1754 2.962 3.011 2.936 2.743 2.601 2.462 2.822 2.721 2.598 2.457 2.316 2.167 2.726 2.553 2.381 2.261 2.15 2.49 2.347 2.227 2.128 1.96 2.384 2.479 2.326 1.938 1.769 1.578 2.293
233.6797 3.001 3.05 2.975 2.783 2.64 2.501 2.862 2.76 2.638 2.496 2.355 2.207 2.765 2.593 2.421 2.3 2.189 2.529 2.386 2.266 2.167 1.999 2.423 2.518 2.365 1.977 1.808 1.618 2.333
239.3168 3.047 3.097 3.022 2.829 2.687 2.548 2.908 2.807 2.684 2.542 2.402 2.253 2.812 2.639 2.467 2.347 2.236 2.575 2.433 2.313 2.214 2.046 2.47 2.565 2.412 2.024 1.855 1.664 2.379
245.0899 3.11 3.16 3.085 2.892 2.749 2.61 2.971 2.869 2.747 2.605 2.465 2.316 2.874 2.702 2.53 2.409 2.299 2.638 2.496 2.376 2.277 2.108 2.532 2.627 2.475 2.087 1.917 1.727 2.442
251.0022 3.173 3.222 3.147 2.954 2.812 2.673 3.034 2.932 2.81 2.668 2.527 2.379 2.937 2.765 2.593 2.472 2.361 2.701 2.558 2.438 2.339 2.171 2.595 2.69 2.537 2.149 1.98 1.79 2.505
257.0572 3.236 3.285 3.21 3.017 2.875 2.736 3.096 2.995 2.872 2.73 2.59 2.441 3.0 2.827 2.655 2.535 2.424 2.763 2.621 2.501 2.402 2.234 2.658 2.753 2.6 2.212 2.043 1.852 2.567
263.2582 3.298 3.348 3.273 3.08 2.937 2.798 3.159 3.057 2.935 2.793 2.653 2.504 3.062 2.89 2.718 2.597 2.487 2.826 2.684 2.564 2.465 2.296 2.72 2.815 2.663 2.275 2.105 1.915 2.63
269.6088 3.361 3.41 3.335 3.143 3.0 2.861 3.222 3.12 2.998 2.856 2.715 2.567 3.125 2.953 2.781 2.66 2.549 2.889 2.746 2.626 2.527 2.359 2.783 2.878 2.725 2.337 2.168 1.978 2.693
276.1126 3.424 3.473 3.398 3.205 3.063 2.924 3.284 3.183 3.06 2.918 2.778 2.629 3.188 3.015 2.843 2.723 2.612 2.951 2.809 2.689 2.59 2.422 2.846 2.941 2.788 2.4 2.231 2.04 2.755
282.7734 3.486 3.536 3.461 3.268 3.125 2.986 3.347 3.245 3.123 2.981 2.841 2.692 3.25 3.078 2.906 2.785 2.675 3.014 2.872 2.752 2.653 2.484 2.908 3.004 2.851 2.463 2.293 2.103 2.818
289.5947 3.549 3.598 3.523 3.331 3.188 3.049 3.41 3.308 3.186 3.044 2.903 2.755 3.313 3.141 2.969 2.848 2.737 3.077 2.934 2.814 2.715 2.547 2.971 3.066 2.913 2.525 2.356 2.166 2.881
296.5807 3.612 3.661 3.586 3.393 3.251 3.112 3.472 3.371 3.248 3.107 2.966 2.817 3.376 3.203 3.031 2.911 2.8 3.14 2.997 2.877 2.778 2.61 3.034 3.129 2.976 2.588 2.419 2.228 2.943
303.7351 3.678 3.728 3.653 3.46 3.318 3.178 3.539 3.438 3.315 3.173 3.033 2.884 3.443 3.27 3.098 2.978 2.867 3.206 3.064 2.944 2.845 2.677 3.1 3.196 3.043 2.655 2.486 2.295 3.01
311.0622 3.75 3.8 3.725 3.532 3.389 3.25 3.611 3.509 3.387 3.245 3.105 2.956 3.514 3.342 3.17 3.049 2.939 3.278 3.135 3.016 2.917 2.748 3.172 3.267 3.115 2.727 2.557 2.367 3.082
318.566 3.822 3.871 3.796 3.603 3.461 3.322 3.683 3.581 3.459 3.317 3.176 3.028 3.586 3.414 3.242 3.121 3.01 3.35 3.207 3.087 2.988 2.82 3.244 3.339 3.186 2.798 2.629 2.439 3.154
326.2508 3.894 3.943 3.868 3.675 3.533 3.394 3.754 3.653 3.53 3.389 3.248 3.099 3.658 3.485 3.313 3.193 3.082 3.421 3.279 3.159 3.06 2.892 3.316 3.411 3.258 2.87 2.701 2.51 3.225
334.121 3.965 4.015 3.94 3.747 3.605 3.465 3.826 3.725 3.602 3.46 3.32 3.171 3.73 3.557 3.385 3.264 3.154 3.493 3.351 3.231 3.132 2.964 3.387 3.483 3.33 2.942 2.773 2.582 3.297
342.181 4.037 4.086 4.012 3.819 3.676 3.537 3.898 3.796 3.674 3.532 3.391 3.243 3.801 3.629 3.457 3.336 3.226 3.565 3.422 3.303 3.204 3.035 3.459 3.554 3.402 3.014 2.844 2.654 3.369
350.4355 4.109 4.158 4.083 3.89 3.748 3.609 3.97 3.868 3.746 3.604 3.463 3.315 3.873 3.7 3.529 3.408 3.297 3.637 3.494 3.374 3.275 3.107 3.531 3.626 3.473 3.085 2.916 2.726 3.441
358.8891 4.18 4.23 4.155 3.962 3.82 3.681 4.041 3.94 3.817 3.675 3.535 3.386 3.945 3.772 3.6 3.48 3.369 3.708 3.566 3.446 3.347 3.179 3.603 3.698 3.545 3.157 2.988 2.797 3.512
367.5467 4.252 4.302 4.227 4.034 3.891 3.752 4.113 4.011 3.889 3.747 3.607 3.458 4.016 3.844 3.672 3.551 3.441 3.78 3.638 3.518 3.419 3.25 3.674 3.77 3.617 3.229 3.059 2.869 3.584
376.4131 4.324 4.373 4.299 4.106 3.963 3.824 4.185 4.083 3.961 3.819 3.678 3.53 4.088 3.916 3.744 3.623 3.512 3.852 3.709 3.589 3.49 3.322 3.746 3.841 3.688 3.301 3.131 2.941 3.656
385.4933 4.396 4.446 4.371 4.178 4.035 3.896 4.257 4.155 4.033 3.891 3.751 3.602 4.16 3.988 3.816 3.695 3.585 3.924 3.782 3.662 3.563 3.394 3.818 3.913 3.761 3.373 3.203 3.013 3.728
394.7926 4.469 4.518 4.443 4.25 4.108 3.969 4.33 4.228 4.106 3.964 3.823 3.675 4.233 4.06 3.889 3.768 3.657 3.997 3.854 3.734 3.635 3.467 3.891 3.986 3.833 3.445 3.276 3.086 3.801
404.3163 4.541 4.591 4.516 4.323 4.18 4.041 4.402 4.3 4.178 4.036 3.896 3.747 4.305 4.133 3.961 3.84 3.73 4.069 3.927 3.807 3.708 3.539 3.963 4.059 3.906 3.518 3.348 3.158 3.873
414.0697 4.614 4.663 4.588 4.395 4.253 4.114 4.475 4.373 4.251 4.109 3.968 3.82 4.378 4.205 4.034 3.913 3.802 4.142 3.999 3.879 3.78 3.612 4.036 4.131 3.978 3.59 3.421 3.231 3.946
424.0583 4.686 4.736 4.661 4.468 4.325 4.186 4.547 4.446 4.323 4.181 4.041 3.892 4.451 4.278 4.106 3.985 3.875 4.214 4.072 3.952 3.853 3.685 4.108 4.204 4.051 3.663 3.494 3.303 4.018
434.2879 4.759 4.808 4.733 4.54 4.398 4.259 4.62 4.518 4.396 4.254 4.113 3.965 4.523 4.35 4.179 4.058 3.947 4.287 4.144 4.024 3.925 3.757 4.181 4.276 4.123 3.735 3.566 3.376 4.091
444.7643 4.831 4.881 4.806 4.613 4.471 4.331 4.692 4.591 4.468 4.326 4.186 4.037 4.596 4.423 4.251 4.13 4.02 4.359 4.217 4.097 3.998 3.83 4.253 4.349 4.196 3.808 3.639 3.448 4.163
455.4934 4.904 4.953 4.878 4.685 4.543 4.404 4.765 4.663 4.541 4.399 4.258 4.11 4.668 4.496 4.324 4.203 4.092 4.432 4.289 4.169 4.07 3.902 4.326 4.421 4.268 3.88 3.711 3.521 4.236
466.4814 4.976 5.026 4.951 4.758 4.616 4.476 4.837 4.736 4.613 4.471 4.331 4.182 4.741 4.568 4.396 4.276 4.165 4.504 4.362 4.242 4.143 3.975 4.399 4.494 4.341 3.953 3.784 3.593 4.308
477.7344 5.049 5.098 5.024 4.831 4.688 4.549 4.91 4.808 4.686 4.544 4.403 4.255 4.813 4.641 4.469 4.348 4.237 4.577 4.434 4.314 4.215 4.047 4.471 4.566 4.413 4.025 3.856 3.666 4.381
489.2588 5.116 5.166 5.091 4.898 4.756 4.617 4.977 4.876 4.753 4.611 4.471 4.322 4.881 4.708 4.536 4.416 4.305 4.644 4.502 4.382 4.283 4.115 4.539 4.634 4.481 4.093 3.924 3.733 4.448
501.0613 5.182 5.232 5.157 4.964 4.821 4.682 5.043 4.941 4.819 4.677 4.537 4.388 4.946 4.774 4.602 4.481 4.371 4.71 4.568 4.448 4.349 4.18 4.604 4.699 4.547 4.159 3.989 3.799 4.514
513.1485 5.248 5.297 5.222 5.029 4.887 4.748 5.109 5.007 4.885 4.743 4.602 4.454 5.012 4.84 4.668 4.547 4.436 4.776 4.633 4.513 4.414 4.246 4.67 4.765 4.612 4.224 4.055 3.865 4.58
525.5272 5.314 5.363 5.288 5.095 4.953 4.814 5.174 5.073 4.95 4.809 4.668 4.519 5.078 4.905 4.733 4.613 4.502 4.842 4.699 4.579 4.48 4.312 4.736 4.831 4.678 4.29 4.121 3.93 4.645
538.2046 5.379 5.429 5.354 5.161 5.019 4.879 5.24 5.139 5.016 4.874 4.734 4.585 5.144 4.971 4.799 4.678 4.568 4.907 4.765 4.645 4.546 4.378 4.801 4.897 4.744 4.356 4.187 3.996 4.711
551.1878 5.445 5.494 5.42 5.227 5.084 4.945 5.306 5.204 5.082 4.94 4.799 4.651 5.209 5.037 4.865 4.744 4.634 4.973 4.83 4.711 4.612 4.443 4.867 4.962 4.81 4.422 4.252 4.062 4.777
564.4842 5.511 5.56 5.485 5.292 5.15 5.011 5.372 5.27 5.148 5.006 4.865 4.717 5.275 5.102 4.931 4.81 4.699 5.039 4.896 4.776 4.677 4.509 4.933 5.028 4.875 4.487 4.318 4.128 4.843
578.1013 5.576 5.626 5.551 5.358 5.216 5.077 5.437 5.336 5.213 5.071 4.931 4.782 5.341 5.168 4.996 4.876 4.765 5.104 4.962 4.842 4.743 4.575 4.999 5.094 4.941 4.553 4.384 4.193 4.908
592.0469 5.642 5.692 5.617 5.424 5.281 5.142 5.503 5.401 5.279 5.137 4.997 4.848 5.406 5.234 5.062 4.941 4.831 5.17 5.028 4.908 4.809 4.64 5.064 5.159 5.007 4.619 4.449 4.259 4.974
606.329 5.708 5.757 5.682 5.49 5.347 5.208 5.569 5.467 5.345 5.203 5.062 4.914 5.472 5.3 5.128 5.007 4.896 5.236 5.093 4.973 4.874 4.706 5.13 5.225 5.072 4.684 4.515 4.325 5.04
620.9555 5.765 5.815 5.74 5.547 5.404 5.265 5.626 5.524 5.402 5.26 5.12 4.971 5.529 5.357 5.185 5.064 4.954 5.293 5.15 5.031 4.932 4.763 5.187 5.282 5.13 4.742 4.572 4.382 5.097
635.9349 5.821 5.871 5.796 5.603 5.46 5.321 5.682 5.58 5.458 5.316 5.176 5.027 5.585 5.413 5.241 5.12 5.01 5.349 5.207 5.087 4.988 4.819 5.243 5.338 5.186 4.798 4.628 4.438 5.153
651.2757 5.877 5.927 5.852 5.659 5.516 5.377 5.738 5.637 5.514 5.372 5.232 5.083 5.642 5.469 5.297 5.176 5.066 5.405 5.263 5.143 5.044 4.876 5.299 5.395 5.242 4.854 4.684 4.494 5.209
666.9865 5.933 5.983 5.908 5.715 5.573 5.433 5.794 5.693 5.57 5.428 5.288 5.139 5.698 5.525 5.353 5.232 5.122 5.461 5.319 5.199 5.1 4.932 5.355 5.451 5.298 4.91 4.741 4.55 5.265
683.0763 5.989 6.039 5.964 5.771 5.629 5.49 5.85 5.749 5.626 5.484 5.344 5.195 5.754 5.581 5.409 5.289 5.178 5.517 5.375 5.255 5.156 4.988 5.412 5.507 5.354 4.966 4.797 4.606 5.321
699.5543 6.046 6.095 6.02 5.827 5.685 5.546 5.906 5.805 5.682 5.54 5.4 5.251 5.81 5.637 5.465 5.345 5.234 5.573 5.431 5.311 5.212 5.044 5.468 5.563 5.41 5.022 4.853 4.662 5.377
716.4297 6.102 6.151 6.076 5.883 5.741 5.602 5.963 5.861 5.738 5.597 5.456 5.307 5.866 5.693 5.521 5.401 5.29 5.63 5.487 5.367 5.268 5.1 5.524 5.619 5.466 5.078 4.909 4.718 5.433
