web/models/grb/offaxis/24/grb_0.2967_100.0000_0.0039811.dat
# %ECSV 1.0
# ---
# datatype:
# - {name: time, datatype: float64}
# - {name: swift_uvot_uvw2, datatype: float64}
# - {name: swift_uvot_uvm2, datatype: float64}
# - {name: swift_uvot_uvw1, datatype: float64}
# - {name: swift_uvot_U, datatype: float64}
# - {name: swift_uvot_B, datatype: float64}
# - {name: swift_uvot_V, datatype: float64}
# - {name: swift_uvot_W, datatype: float64}
# - {name: johnson_U, datatype: float64}
# - {name: johnson_B, datatype: float64}
# - {name: johnson_V, datatype: float64}
# - {name: johnson_R, datatype: float64}
# - {name: johnson_I, datatype: float64}
# - {name: sdss_u, datatype: float64}
# - {name: sdss_g, datatype: float64}
# - {name: sdss_r, datatype: float64}
# - {name: sdss_i, datatype: float64}
# - {name: sdss_z, datatype: float64}
# - {name: PS1_g, datatype: float64}
# - {name: PS1_r, datatype: float64}
# - {name: PS1_i, datatype: float64}
# - {name: PS1_z, datatype: float64}
# - {name: PS1_Y, datatype: float64}
# - {name: PS1_w, datatype: float64}
# - {name: ATLAS_c, datatype: float64}
# - {name: ATLAS_o, datatype: float64}
# - {name: ukirt_J, datatype: float64}
# - {name: ukirt_H, datatype: float64}
# - {name: ukirt_K, datatype: float64}
# - {name: Clear, datatype: float64}
# meta: !!omap
# - comment: [E = 0.043396498804093575, Eta0 = 8.02, GammaB = 12.0, dL = 0.012188, epsb = 6.760829753919819e-06, epse = 0.1, n = 0.003981071705534973,
#     p = 2.15, theta_obs = 0.29670597283903605, xiN = 1.0, z = 0.0, type = grb, E_kiso = 100.0]
# schema: astropy-2.0
time swift_uvot_uvw2 swift_uvot_uvm2 swift_uvot_uvw1 swift_uvot_U swift_uvot_B swift_uvot_V swift_uvot_W johnson_U johnson_B johnson_V johnson_R johnson_I sdss_u sdss_g sdss_r sdss_i sdss_z PS1_g PS1_r PS1_i PS1_z PS1_Y PS1_w ATLAS_c ATLAS_o ukirt_J ukirt_H ukirt_K Clear
[from data line 252]
4.0621 -1.92 -1.871 -1.945 -2.138 -2.281 -2.42 -2.059 -2.161 -2.283 -2.425 -2.566 -2.714 -2.156 -2.328 -2.5 -2.621 -2.731 -2.392 -2.535 -2.654 -2.753 -2.922 -2.498 -2.403 -2.555 -2.943 -3.113 -3.303 -2.588
4.1601 -1.927 -1.878 -1.953 -2.146 -2.288 -2.427 -2.066 -2.168 -2.29 -2.432 -2.573 -2.721 -2.163 -2.336 -2.507 -2.628 -2.739 -2.399 -2.542 -2.662 -2.761 -2.929 -2.505 -2.41 -2.563 -2.951 -3.12 -3.31 -2.595
4.2604 -1.934 -1.885 -1.96 -2.153 -2.295 -2.434 -2.074 -2.175 -2.298 -2.439 -2.58 -2.729 -2.17 -2.343 -2.515 -2.635 -2.746 -2.406 -2.549 -2.669 -2.768 -2.936 -2.512 -2.417 -2.57 -2.958 -3.127 -3.318 -2.603
4.3632 -1.942 -1.892 -1.967 -2.16 -2.302 -2.442 -2.081 -2.182 -2.305 -2.447 -2.587 -2.736 -2.177 -2.35 -2.522 -2.642 -2.753 -2.414 -2.556 -2.676 -2.775 -2.943 -2.52 -2.424 -2.577 -2.965 -3.134 -3.325 -2.61
4.4685 -1.949 -1.899 -1.974 -2.167 -2.31 -2.449 -2.088 -2.19 -2.312 -2.454 -2.594 -2.743 -2.185 -2.357 -2.529 -2.65 -2.76 -2.421 -2.563 -2.683 -2.782 -2.951 -2.527 -2.432 -2.584 -2.972 -3.142 -3.332 -2.617
4.5763 -1.956 -1.907 -1.981 -2.174 -2.317 -2.456 -2.095 -2.197 -2.319 -2.461 -2.602 -2.75 -2.192 -2.364 -2.536 -2.657 -2.768 -2.428 -2.571 -2.691 -2.79 -2.958 -2.534 -2.439 -2.592 -2.98 -3.149 -3.339 -2.624
4.6867 -1.963 -1.914 -1.989 -2.182 -2.324 -2.463 -2.102 -2.204 -2.326 -2.468 -2.609 -2.757 -2.199 -2.372 -2.543 -2.664 -2.775 -2.435 -2.578 -2.698 -2.797 -2.965 -2.541 -2.446 -2.599 -2.987 -3.156 -3.346 -2.631
4.7997 -1.971 -1.921 -1.996 -2.189 -2.331 -2.47 -2.11 -2.211 -2.334 -2.476 -2.616 -2.765 -2.206 -2.379 -2.551 -2.671 -2.782 -2.443 -2.585 -2.705 -2.804 -2.972 -2.548 -2.453 -2.606 -2.994 -3.163 -3.354 -2.639
4.9155 -1.978 -1.928 -2.003 -2.196 -2.338 -2.478 -2.117 -2.218 -2.341 -2.483 -2.623 -2.772 -2.213 -2.386 -2.558 -2.679 -2.789 -2.45 -2.592 -2.712 -2.811 -2.979 -2.556 -2.46 -2.613 -3.001 -3.17 -3.361 -2.646
5.0341 -1.989 -1.94 -2.015 -2.208 -2.35 -2.489 -2.128 -2.23 -2.353 -2.494 -2.635 -2.783 -2.225 -2.398 -2.57 -2.69 -2.801 -2.461 -2.604 -2.724 -2.823 -2.991 -2.567 -2.472 -2.625 -3.013 -3.182 -3.373 -2.658
5.1555 -2.002 -1.952 -2.027 -2.22 -2.362 -2.502 -2.141 -2.242 -2.365 -2.507 -2.647 -2.796 -2.237 -2.41 -2.582 -2.702 -2.813 -2.474 -2.616 -2.736 -2.835 -3.003 -2.58 -2.484 -2.637 -3.025 -3.194 -3.385 -2.67
5.2799 -2.014 -1.964 -2.039 -2.232 -2.375 -2.514 -2.153 -2.255 -2.377 -2.519 -2.659 -2.808 -2.25 -2.422 -2.594 -2.715 -2.825 -2.486 -2.629 -2.748 -2.847 -3.016 -2.592 -2.497 -2.649 -3.037 -3.207 -3.397 -2.682
5.4072 -2.026 -1.977 -2.052 -2.244 -2.387 -2.526 -2.165 -2.267 -2.389 -2.531 -2.672 -2.82 -2.262 -2.434 -2.606 -2.727 -2.838 -2.498 -2.641 -2.761 -2.86 -3.028 -2.604 -2.509 -2.662 -3.05 -3.219 -3.409 -2.694
5.5377 -2.038 -1.989 -2.064 -2.257 -2.399 -2.538 -2.177 -2.279 -2.402 -2.543 -2.684 -2.832 -2.274 -2.447 -2.619 -2.739 -2.85 -2.51 -2.653 -2.773 -2.872 -3.04 -2.616 -2.521 -2.674 -3.062 -3.231 -3.421 -2.706
5.6713 -2.051 -2.001 -2.076 -2.269 -2.411 -2.551 -2.19 -2.291 -2.414 -2.556 -2.696 -2.845 -2.286 -2.459 -2.631 -2.751 -2.862 -2.523 -2.665 -2.785 -2.884 -3.052 -2.629 -2.533 -2.686 -3.074 -3.243 -3.434 -2.719
5.8081 -2.063 -2.013 -2.088 -2.281 -2.424 -2.563 -2.202 -2.304 -2.426 -2.568 -2.708 -2.857 -2.299 -2.471 -2.643 -2.764 -2.874 -2.535 -2.677 -2.797 -2.896 -3.065 -2.641 -2.546 -2.698 -3.086 -3.256 -3.446 -2.731
5.9482 -2.075 -2.026 -2.101 -2.293 -2.436 -2.575 -2.214 -2.316 -2.438 -2.58 -2.721 -2.869 -2.311 -2.483 -2.655 -2.776 -2.887 -2.547 -2.69 -2.81 -2.909 -3.077 -2.653 -2.558 -2.711 -3.099 -3.268 -3.458 -2.743
6.0917 -2.087 -2.038 -2.113 -2.306 -2.448 -2.587 -2.226 -2.328 -2.451 -2.592 -2.733 -2.881 -2.323 -2.496 -2.668 -2.788 -2.899 -2.559 -2.702 -2.822 -2.921 -3.089 -2.665 -2.57 -2.723 -3.111 -3.28 -3.47 -2.755
6.2386 -2.099 -2.05 -2.125 -2.318 -2.46 -2.599 -2.239 -2.34 -2.463 -2.605 -2.745 -2.894 -2.335 -2.508 -2.68 -2.8 -2.911 -2.572 -2.714 -2.834 -2.933 -3.101 -2.677 -2.582 -2.735 -3.123 -3.292 -3.483 -2.768
6.3891 -2.107 -2.057 -2.132 -2.325 -2.467 -2.606 -2.246 -2.347 -2.47 -2.612 -2.752 -2.901 -2.342 -2.515 -2.687 -2.807 -2.918 -2.579 -2.721 -2.841 -2.94 -3.108 -2.684 -2.589 -2.742 -3.13 -3.299 -3.49 -2.775
6.5433 -2.114 -2.064 -2.139 -2.332 -2.474 -2.614 -2.253 -2.354 -2.477 -2.619 -2.759 -2.908 -2.349 -2.522 -2.694 -2.815 -2.925 -2.586 -2.728 -2.848 -2.947 -3.115 -2.692 -2.596 -2.749 -3.137 -3.306 -3.497 -2.782
6.7011 -2.121 -2.071 -2.146 -2.339 -2.482 -2.621 -2.26 -2.362 -2.484 -2.626 -2.766 -2.915 -2.357 -2.529 -2.701 -2.822 -2.932 -2.593 -2.735 -2.855 -2.954 -3.123 -2.699 -2.604 -2.756 -3.144 -3.314 -3.504 -2.789
6.8627 -2.128 -2.079 -2.153 -2.346 -2.489 -2.628 -2.267 -2.369 -2.491 -2.633 -2.773 -2.922 -2.364 -2.536 -2.708 -2.829 -2.939 -2.6 -2.743 -2.862 -2.961 -3.13 -2.706 -2.611 -2.763 -3.151 -3.321 -3.511 -2.796
7.0283 -2.135 -2.086 -2.16 -2.353 -2.496 -2.635 -2.274 -2.376 -2.498 -2.64 -2.781 -2.929 -2.371 -2.543 -2.715 -2.836 -2.947 -2.607 -2.75 -2.87 -2.969 -3.137 -2.713 -2.618 -2.771 -3.159 -3.328 -3.518 -2.803
7.1978 -2.142 -2.093 -2.168 -2.361 -2.503 -2.642 -2.281 -2.383 -2.505 -2.647 -2.788 -2.936 -2.378 -2.551 -2.722 -2.843 -2.954 -2.614 -2.757 -2.877 -2.976 -3.144 -2.72 -2.625 -2.778 -3.166 -3.335 -3.525 -2.81
7.3715 -2.149 -2.1 -2.175 -2.368 -2.51 -2.649 -2.288 -2.39 -2.513 -2.654 -2.795 -2.943 -2.385 -2.558 -2.729 -2.85 -2.961 -2.621 -2.764 -2.884 -2.983 -3.151 -2.727 -2.632 -2.785 -3.173 -3.342 -3.532 -2.817
7.5493 -2.156 -2.107 -2.182 -2.375 -2.517 -2.656 -2.296 -2.397 -2.52 -2.662 -2.802 -2.951 -2.392 -2.565 -2.737 -2.857 -2.968 -2.629 -2.771 -2.891 -2.99 -3.158 -2.734 -2.639 -2.792 -3.18 -3.349 -3.54 -2.825
7.7314 -2.164 -2.114 -2.189 -2.382 -2.524 -2.663 -2.303 -2.404 -2.527 -2.669 -2.809 -2.958 -2.399 -2.572 -2.744 -2.864 -2.975 -2.636 -2.778 -2.898 -2.997 -3.165 -2.741 -2.646 -2.799 -3.187 -3.356 -3.547 -2.832
7.9179 -2.17 -2.12 -2.195 -2.388 -2.531 -2.67 -2.309 -2.411 -2.533 -2.675 -2.815 -2.964 -2.406 -2.578 -2.75 -2.871 -2.981 -2.642 -2.785 -2.904 -3.003 -3.172 -2.748 -2.653 -2.805 -3.193 -3.363 -3.553 -2.838
8.1089 -2.172 -2.123 -2.198 -2.391 -2.533 -2.672 -2.312 -2.413 -2.536 -2.678 -2.818 -2.967 -2.408 -2.581 -2.753 -2.873 -2.984 -2.645 -2.787 -2.907 -3.006 -3.174 -2.75 -2.655 -2.808 -3.196 -3.365 -3.556 -2.841
8.3045 -2.175 -2.126 -2.2 -2.393 -2.536 -2.675 -2.314 -2.416 -2.538 -2.68 -2.821 -2.969 -2.411 -2.583 -2.755 -2.876 -2.987 -2.647 -2.79 -2.909 -3.008 -3.177 -2.753 -2.658 -2.811 -3.198 -3.368 -3.558 -2.843
8.5049 -2.178 -2.128 -2.203 -2.396 -2.538 -2.677 -2.317 -2.418 -2.541 -2.683 -2.823 -2.972 -2.413 -2.586 -2.758 -2.878 -2.989 -2.65 -2.792 -2.912 -3.011 -3.179 -2.755 -2.66 -2.813 -3.201 -3.37 -3.561 -2.846
8.71 -2.18 -2.131 -2.206 -2.398 -2.541 -2.68 -2.319 -2.421 -2.543 -2.685 -2.826 -2.974 -2.416 -2.588 -2.76 -2.881 -2.992 -2.652 -2.795 -2.915 -3.014 -3.182 -2.758 -2.663 -2.816 -3.204 -3.373 -3.563 -2.848
8.9201 -2.183 -2.133 -2.208 -2.401 -2.543 -2.683 -2.322 -2.423 -2.546 -2.688 -2.828 -2.977 -2.418 -2.591 -2.763 -2.884 -2.994 -2.655 -2.797 -2.917 -3.016 -3.184 -2.761 -2.665 -2.818 -3.206 -3.375 -3.566 -2.851
9.1353 -2.185 -2.136 -2.211 -2.404 -2.546 -2.685 -2.324 -2.426 -2.548 -2.69 -2.831 -2.979 -2.421 -2.594 -2.765 -2.886 -2.997 -2.657 -2.8 -2.92 -3.019 -3.187 -2.763 -2.668 -2.821 -3.209 -3.378 -3.568 -2.853
9.3557 -2.188 -2.138 -2.213 -2.406 -2.549 -2.688 -2.327 -2.429 -2.551 -2.693 -2.833 -2.982 -2.423 -2.596 -2.768 -2.889 -2.999 -2.66 -2.802 -2.922 -3.021 -3.19 -2.766 -2.67 -2.823 -3.211 -3.381 -3.571 -2.856
9.5814 -2.19 -2.141 -2.216 -2.409 -2.551 -2.69 -2.329 -2.431 -2.554 -2.695 -2.836 -2.984 -2.426 -2.599 -2.77 -2.891 -3.002 -2.662 -2.805 -2.925 -3.024 -3.192 -2.768 -2.673 -2.826 -3.214 -3.383 -3.573 -2.858
9.8125 -2.193 -2.143 -2.218 -2.411 -2.554 -2.693 -2.332 -2.434 -2.556 -2.698 -2.838 -2.987 -2.429 -2.601 -2.773 -2.894 -3.004 -2.665 -2.807 -2.927 -3.026 -3.195 -2.771 -2.676 -2.828 -3.216 -3.386 -3.576 -2.861
10.0492 -2.204 -2.155 -2.229 -2.422 -2.565 -2.704 -2.343 -2.445 -2.567 -2.709 -2.85 -2.998 -2.44 -2.612 -2.784 -2.905 -3.016 -2.676 -2.819 -2.938 -3.038 -3.206 -2.782 -2.687 -2.84 -3.227 -3.397 -3.587 -2.872
10.2917 -2.234 -2.185 -2.259 -2.452 -2.595 -2.734 -2.373 -2.475 -2.597 -2.739 -2.88 -3.028 -2.47 -2.642 -2.814 -2.935 -3.045 -2.706 -2.849 -2.968 -3.067 -3.236 -2.812 -2.717 -2.869 -3.257 -3.427 -3.617 -2.902
10.5399 -2.264 -2.214 -2.289 -2.482 -2.625 -2.764 -2.403 -2.505 -2.627 -2.769 -2.909 -3.058 -2.5 -2.672 -2.844 -2.965 -3.075 -2.736 -2.879 -2.998 -3.097 -3.266 -2.842 -2.747 -2.899 -3.287 -3.457 -3.647 -2.932
10.7942 -2.294 -2.244 -2.319 -2.512 -2.655 -2.794 -2.433 -2.535 -2.657 -2.799 -2.939 -3.088 -2.53 -2.702 -2.874 -2.995 -3.105 -2.766 -2.909 -3.028 -3.127 -3.296 -2.872 -2.777 -2.929 -3.317 -3.487 -3.677 -2.962
11.0546 -2.324 -2.274 -2.349 -2.542 -2.685 -2.824 -2.463 -2.565 -2.687 -2.829 -2.969 -3.118 -2.56 -2.732 -2.904 -3.025 -3.135 -2.796 -2.938 -3.058 -3.157 -3.326 -2.902 -2.807 -2.959 -3.347 -3.517 -3.707 -2.992
11.3212 -2.354 -2.304 -2.379 -2.572 -2.715 -2.854 -2.493 -2.595 -2.717 -2.859 -2.999 -3.148 -2.59 -2.762 -2.934 -3.055 -3.165 -2.826 -2.968 -3.088 -3.187 -3.356 -2.932 -2.836 -2.989 -3.377 -3.547 -3.737 -3.022
11.5943 -2.384 -2.334 -2.409 -2.602 -2.745 -2.884 -2.523 -2.624 -2.747 -2.889 -3.029 -3.178 -2.619 -2.792 -2.964 -3.085 -3.195 -2.856 -2.998 -3.118 -3.217 -3.385 -2.962 -2.866 -3.019 -3.407 -3.577 -3.767 -3.052
11.874 -2.414 -2.364 -2.439 -2.632 -2.774 -2.914 -2.553 -2.654 -2.777 -2.919 -3.059 -3.208 -2.649 -2.822 -2.994 -3.115 -3.225 -2.886 -3.028 -3.148 -3.247 -3.415 -2.992 -2.896 -3.049 -3.437 -3.606 -3.797 -3.082
12.1605 -2.444 -2.394 -2.469 -2.662 -2.804 -2.944 -2.583 -2.684 -2.807 -2.949 -3.089 -3.238 -2.679 -2.852 -3.024 -3.144 -3.255 -2.916 -3.058 -3.178 -3.277 -3.445 -3.022 -2.926 -3.079 -3.467 -3.636 -3.827 -3.112
12.4538 -2.474 -2.424 -2.499 -2.692 -2.834 -2.973 -2.613 -2.714 -2.837 -2.979 -3.119 -3.268 -2.709 -2.882 -3.054 -3.174 -3.285 -2.946 -3.088 -3.208 -3.307 -3.475 -3.051 -2.956 -3.109 -3.497 -3.666 -3.857 -3.142
12.7542 -2.49 -2.44 -2.515 -2.708 -2.85 -2.989 -2.629 -2.73 -2.853 -2.995 -3.135 -3.284 -2.725 -2.898 -3.07 -3.19 -3.301 -2.962 -3.104 -3.224 -3.323 -3.491 -3.067 -2.972 -3.125 -3.513 -3.682 -3.873 -3.158
13.0619 -2.489 -2.44 -2.514 -2.707 -2.85 -2.989 -2.628 -2.73 -2.852 -2.994 -3.135 -3.283 -2.725 -2.897 -3.069 -3.19 -3.301 -2.961 -3.104 -3.223 -3.323 -3.491 -3.067 -2.972 -3.125 -3.512 -3.682 -3.872 -3.157
13.377 -2.489 -2.439 -2.514 -2.707 -2.849 -2.988 -2.628 -2.729 -2.852 -2.994 -3.134 -3.283 -2.724 -2.897 -3.069 -3.189 -3.3 -2.961 -3.103 -3.223 -3.322 -3.49 -3.066 -2.971 -3.124 -3.512 -3.681 -3.872 -3.157
13.6997 -2.488 -2.439 -2.513 -2.706 -2.849 -2.988 -2.627 -2.729 -2.851 -2.993 -3.133 -3.282 -2.724 -2.896 -3.068 -3.189 -3.299 -2.96 -3.103 -3.222 -3.321 -3.49 -3.066 -2.971 -3.123 -3.511 -3.681 -3.871 -3.156
14.0302 -2.487 -2.438 -2.513 -2.706 -2.848 -2.987 -2.627 -2.728 -2.851 -2.992 -3.133 -3.282 -2.723 -2.896 -3.068 -3.188 -3.299 -2.959 -3.102 -3.222 -3.321 -3.489 -3.065 -2.97 -3.123 -3.511 -3.68 -3.871 -3.156
14.3686 -2.487 -2.437 -2.512 -2.705 -2.848 -2.987 -2.626 -2.728 -2.85 -2.992 -3.132 -3.281 -2.723 -2.895 -3.067 -3.188 -3.298 -2.959 -3.101 -3.221 -3.32 -3.489 -3.065 -2.97 -3.122 -3.51 -3.68 -3.87 -3.155
14.7153 -2.486 -2.437 -2.512 -2.705 -2.847 -2.986 -2.625 -2.727 -2.85 -2.991 -3.132 -3.28 -2.722 -2.895 -3.066 -3.187 -3.298 -2.958 -3.101 -3.221 -3.32 -3.488 -3.064 -2.969 -3.122 -3.51 -3.679 -3.869 -3.154
15.0702 -2.486 -2.436 -2.511 -2.704 -2.847 -2.986 -2.625 -2.727 -2.849 -2.991 -3.131 -3.28 -2.722 -2.894 -3.066 -3.187 -3.297 -2.958 -3.1 -3.22 -3.319 -3.488 -3.064 -2.968 -3.121 -3.509 -3.679 -3.869 -3.154
15.4338 -2.485 -2.436 -2.511 -2.704 -2.846 -2.985 -2.624 -2.726 -2.848 -2.99 -3.131 -3.279 -2.721 -2.894 -3.065 -3.186 -3.297 -2.957 -3.1 -3.22 -3.319 -3.487 -3.063 -2.968 -3.121 -3.509 -3.678 -3.868 -3.153
15.8061 -2.485 -2.435 -2.51 -2.703 -2.845 -2.985 -2.624 -2.725 -2.848 -2.99 -3.13 -3.279 -2.72 -2.893 -3.065 -3.186 -3.296 -2.957 -3.099 -3.219 -3.318 -3.486 -3.063 -2.967 -3.12 -3.508 -3.677 -3.868 -3.153
16.1874 -2.483 -2.434 -2.508 -2.701 -2.844 -2.983 -2.622 -2.724 -2.846 -2.988 -3.129 -3.277 -2.719 -2.891 -3.063 -3.184 -3.295 -2.955 -3.098 -3.218 -3.317 -3.485 -3.061 -2.966 -3.119 -3.507 -3.676 -3.866 -3.151
16.5779 -2.481 -2.431 -2.506 -2.699 -2.842 -2.981 -2.62 -2.721 -2.844 -2.986 -3.126 -3.275 -2.716 -2.889 -3.061 -3.182 -3.292 -2.953 -3.095 -3.215 -3.314 -3.482 -3.059 -2.963 -3.116 -3.504 -3.674 -3.864 -3.149
16.9778 -2.478 -2.429 -2.504 -2.697 -2.839 -2.978 -2.617 -2.719 -2.842 -2.983 -3.124 -3.273 -2.714 -2.887 -3.059 -3.179 -3.29 -2.95 -3.093 -3.213 -3.312 -3.48 -3.056 -2.961 -3.114 -3.502 -3.671 -3.862 -3.147
17.3873 -2.476 -2.427 -2.501 -2.694 -2.837 -2.976 -2.615 -2.717 -2.839 -2.981 -3.122 -3.27 -2.712 -2.884 -3.056 -3.177 -3.288 -2.948 -3.091 -3.211 -3.31 -3.478 -3.054 -2.959 -3.112 -3.5 -3.669 -3.859 -3.144
17.8068 -2.474 -2.424 -2.499 -2.692 -2.834 -2.974 -2.613 -2.714 -2.837 -2.979 -3.119 -3.268 -2.709 -2.882 -3.054 -3.175 -3.285 -2.946 -3.088 -3.208 -3.307 -3.475 -3.052 -2.956 -3.109 -3.497 -3.666 -3.857 -3.142
18.2363 -2.471 -2.422 -2.497 -2.69 -2.832 -2.971 -2.61 -2.712 -2.835 -2.976 -3.117 -3.265 -2.707 -2.88 -3.052 -3.172 -3.283 -2.943 -3.086 -3.206 -3.305 -3.473 -3.049 -2.954 -3.107 -3.495 -3.664 -3.854 -3.139
18.6762 -2.469 -2.42 -2.494 -2.687 -2.83 -2.969 -2.608 -2.71 -2.832 -2.974 -3.115 -3.263 -2.705 -2.877 -3.049 -3.17 -3.281 -2.941 -3.084 -3.203 -3.303 -3.471 -3.047 -2.952 -3.105 -3.492 -3.662 -3.852 -3.137
19.1268 -2.467 -2.417 -2.492 -2.685 -2.827 -2.967 -2.606 -2.707 -2.83 -2.972 -3.112 -3.261 -2.702 -2.875 -3.047 -3.168 -3.278 -2.939 -3.081 -3.201 -3.3 -3.468 -3.045 -2.949 -3.102 -3.49 -3.659 -3.85 -3.135
19.5882 -2.464 -2.415 -2.49 -2.683 -2.825 -2.964 -2.603 -2.705 -2.828 -2.969 -3.11 -3.258 -2.7 -2.873 -3.044 -3.165 -3.276 -2.936 -3.079 -3.199 -3.298 -3.466 -3.042 -2.947 -3.1 -3.488 -3.657 -3.847 -3.132
20.0607 -2.462 -2.413 -2.487 -2.68 -2.823 -2.962 -2.601 -2.703 -2.825 -2.967 -3.108 -3.256 -2.698 -2.87 -3.042 -3.163 -3.273 -2.934 -3.077 -3.196 -3.295 -3.464 -3.04 -2.945 -3.097 -3.485 -3.655 -3.845 -3.13
20.5446 -2.463 -2.413 -2.488 -2.681 -2.823 -2.963 -2.602 -2.703 -2.826 -2.968 -3.108 -3.257 -2.698 -2.871 -3.043 -3.164 -3.274 -2.935 -3.077 -3.197 -3.296 -3.464 -3.041 -2.945 -3.098 -3.486 -3.655 -3.846 -3.131
21.0402 -2.464 -2.415 -2.49 -2.683 -2.825 -2.964 -2.603 -2.705 -2.828 -2.969 -3.11 -3.259 -2.7 -2.873 -3.045 -3.165 -3.276 -2.936 -3.079 -3.199 -3.298 -3.466 -3.042 -2.947 -3.1 -3.488 -3.657 -3.848 -3.133
21.5478 -2.466 -2.417 -2.492 -2.684 -2.827 -2.966 -2.605 -2.707 -2.829 -2.971 -3.112 -3.26 -2.702 -2.874 -3.046 -3.167 -3.278 -2.938 -3.081 -3.201 -3.3 -3.468 -3.044 -2.949 -3.102 -3.49 -3.659 -3.849 -3.134
22.0676 -2.468 -2.418 -2.493 -2.686 -2.829 -2.968 -2.607 -2.709 -2.831 -2.973 -3.113 -3.262 -2.704 -2.876 -3.048 -3.169 -3.279 -2.94 -3.082 -3.202 -3.301 -3.47 -3.046 -2.951 -3.103 -3.491 -3.661 -3.851 -3.136
22.5999 -2.47 -2.42 -2.495 -2.688 -2.83 -2.969 -2.609 -2.71 -2.833 -2.975 -3.115 -3.264 -2.705 -2.878 -3.05 -3.17 -3.281 -2.942 -3.084 -3.204 -3.303 -3.471 -3.047 -2.952 -3.105 -3.493 -3.662 -3.853 -3.138
23.1451 -2.471 -2.422 -2.497 -2.69 -2.832 -2.971 -2.61 -2.712 -2.834 -2.976 -3.117 -3.265 -2.707 -2.88 -3.051 -3.172 -3.283 -2.943 -3.086 -3.206 -3.305 -3.473 -3.049 -2.954 -3.107 -3.495 -3.664 -3.854 -3.139
23.7034 -2.473 -2.424 -2.498 -2.691 -2.834 -2.973 -2.612 -2.714 -2.836 -2.978 -3.119 -3.267 -2.709 -2.881 -3.053 -3.174 -3.284 -2.945 -3.088 -3.207 -3.306 -3.475 -3.051 -2.956 -3.108 -3.496 -3.666 -3.856 -3.141
24.2752 -2.475 -2.425 -2.5 -2.693 -2.836 -2.975 -2.614 -2.715 -2.838 -2.98 -3.12 -3.269 -2.71 -2.883 -3.055 -3.176 -3.286 -2.947 -3.089 -3.209 -3.308 -3.476 -3.053 -2.957 -3.11 -3.498 -3.667 -3.858 -3.143
