web/models/grb/offaxis/24/grb_0.2967_372.7594_0.0010000.dat
# %ECSV 1.0
# ---
# datatype:
# - {name: time, datatype: float64}
# - {name: swift_uvot_uvw2, datatype: float64}
# - {name: swift_uvot_uvm2, datatype: float64}
# - {name: swift_uvot_uvw1, datatype: float64}
# - {name: swift_uvot_U, datatype: float64}
# - {name: swift_uvot_B, datatype: float64}
# - {name: swift_uvot_V, datatype: float64}
# - {name: swift_uvot_W, datatype: float64}
# - {name: johnson_U, datatype: float64}
# - {name: johnson_B, datatype: float64}
# - {name: johnson_V, datatype: float64}
# - {name: johnson_R, datatype: float64}
# - {name: johnson_I, datatype: float64}
# - {name: sdss_u, datatype: float64}
# - {name: sdss_g, datatype: float64}
# - {name: sdss_r, datatype: float64}
# - {name: sdss_i, datatype: float64}
# - {name: sdss_z, datatype: float64}
# - {name: PS1_g, datatype: float64}
# - {name: PS1_r, datatype: float64}
# - {name: PS1_i, datatype: float64}
# - {name: PS1_z, datatype: float64}
# - {name: PS1_Y, datatype: float64}
# - {name: PS1_w, datatype: float64}
# - {name: ATLAS_c, datatype: float64}
# - {name: ATLAS_o, datatype: float64}
# - {name: ukirt_J, datatype: float64}
# - {name: ukirt_H, datatype: float64}
# - {name: ukirt_K, datatype: float64}
# - {name: Clear, datatype: float64}
# meta: !!omap
# - comment: [E = 0.16176451642579392, Eta0 = 8.02, GammaB = 12.0, dL = 0.012188, epsb = 6.760829753919819e-06, epse = 0.1, n = 0.001,
#     p = 2.15, theta_obs = 0.29670597283903605, xiN = 1.0, z = 0.0, type = grb, E_kiso = 372.7593720314938]
# schema: astropy-2.0
time swift_uvot_uvw2 swift_uvot_uvm2 swift_uvot_uvw1 swift_uvot_U swift_uvot_B swift_uvot_V swift_uvot_W johnson_U johnson_B johnson_V johnson_R johnson_I sdss_u sdss_g sdss_r sdss_i sdss_z PS1_g PS1_r PS1_i PS1_z PS1_Y PS1_w ATLAS_c ATLAS_o ukirt_J ukirt_H ukirt_K Clear
[from data line 189]
0.9048 -0.579 -0.53 -0.605 -0.798 -0.94 -1.079 -0.718 -0.82 -0.942 -1.084 -1.225 -1.373 -0.815 -0.987 -1.159 -1.28 -1.391 -1.051 -1.194 -1.314 -1.413 -1.581 -1.157 -1.062 -1.215 -1.603 -1.772 -1.962 -1.247
0.9266 -0.604 -0.555 -0.63 -0.823 -0.965 -1.104 -0.743 -0.845 -0.967 -1.109 -1.25 -1.398 -0.84 -1.012 -1.184 -1.305 -1.416 -1.076 -1.219 -1.339 -1.438 -1.606 -1.182 -1.087 -1.24 -1.628 -1.797 -1.987 -1.272
0.949 -0.629 -0.58 -0.654 -0.847 -0.99 -1.129 -0.768 -0.87 -0.992 -1.134 -1.275 -1.423 -0.865 -1.037 -1.209 -1.33 -1.441 -1.101 -1.244 -1.364 -1.463 -1.631 -1.207 -1.112 -1.265 -1.653 -1.822 -2.012 -1.297
0.9719 -0.654 -0.605 -0.679 -0.872 -1.015 -1.154 -0.793 -0.895 -1.017 -1.159 -1.3 -1.448 -0.89 -1.062 -1.234 -1.355 -1.465 -1.126 -1.269 -1.388 -1.487 -1.656 -1.232 -1.137 -1.289 -1.677 -1.847 -2.037 -1.322
0.9953 -0.679 -0.629 -0.704 -0.897 -1.04 -1.179 -0.818 -0.92 -1.042 -1.184 -1.324 -1.473 -0.915 -1.087 -1.259 -1.38 -1.49 -1.151 -1.294 -1.413 -1.512 -1.681 -1.257 -1.162 -1.314 -1.702 -1.872 -2.062 -1.347
1.0194 -0.704 -0.654 -0.729 -0.922 -1.065 -1.204 -0.843 -0.945 -1.067 -1.209 -1.349 -1.498 -0.94 -1.112 -1.284 -1.405 -1.515 -1.176 -1.318 -1.438 -1.537 -1.706 -1.282 -1.187 -1.339 -1.727 -1.897 -2.087 -1.372
1.0439 -0.729 -0.679 -0.754 -0.947 -1.089 -1.229 -0.868 -0.969 -1.092 -1.234 -1.374 -1.523 -0.964 -1.137 -1.309 -1.43 -1.54 -1.201 -1.343 -1.463 -1.562 -1.73 -1.307 -1.211 -1.364 -1.752 -1.921 -2.112 -1.397
1.0691 -0.754 -0.704 -0.779 -0.972 -1.114 -1.254 -0.893 -0.994 -1.117 -1.259 -1.399 -1.548 -0.989 -1.162 -1.334 -1.454 -1.565 -1.226 -1.368 -1.488 -1.587 -1.755 -1.332 -1.236 -1.389 -1.777 -1.946 -2.137 -1.422
1.0949 -0.779 -0.729 -0.804 -0.997 -1.139 -1.278 -0.918 -1.019 -1.142 -1.284 -1.424 -1.573 -1.014 -1.187 -1.359 -1.479 -1.59 -1.251 -1.393 -1.513 -1.612 -1.78 -1.356 -1.261 -1.414 -1.802 -1.971 -2.162 -1.447
1.1213 -0.803 -0.754 -0.829 -1.022 -1.164 -1.303 -0.943 -1.044 -1.167 -1.309 -1.449 -1.598 -1.039 -1.212 -1.384 -1.504 -1.615 -1.276 -1.418 -1.538 -1.637 -1.805 -1.381 -1.286 -1.439 -1.827 -1.996 -2.187 -1.472
1.1484 -0.828 -0.779 -0.854 -1.047 -1.189 -1.328 -0.967 -1.069 -1.192 -1.333 -1.474 -1.622 -1.064 -1.237 -1.409 -1.529 -1.64 -1.3 -1.443 -1.563 -1.662 -1.83 -1.406 -1.311 -1.464 -1.852 -2.021 -2.211 -1.496
1.1761 -0.85 -0.8 -0.875 -1.068 -1.211 -1.35 -0.989 -1.091 -1.213 -1.355 -1.495 -1.644 -1.086 -1.258 -1.43 -1.551 -1.661 -1.322 -1.464 -1.584 -1.683 -1.852 -1.428 -1.333 -1.485 -1.873 -2.043 -2.233 -1.518
1.2044 -0.87 -0.821 -0.896 -1.088 -1.231 -1.37 -1.009 -1.111 -1.233 -1.375 -1.516 -1.664 -1.106 -1.278 -1.45 -1.571 -1.682 -1.342 -1.485 -1.605 -1.704 -1.872 -1.448 -1.353 -1.506 -1.894 -2.063 -2.253 -1.538
1.2335 -0.89 -0.841 -0.916 -1.109 -1.251 -1.39 -1.029 -1.131 -1.254 -1.395 -1.536 -1.685 -1.126 -1.299 -1.471 -1.591 -1.702 -1.362 -1.505 -1.625 -1.724 -1.892 -1.468 -1.373 -1.526 -1.914 -2.083 -2.274 -1.559
1.2633 -0.911 -0.861 -0.936 -1.129 -1.271 -1.411 -1.05 -1.151 -1.274 -1.416 -1.556 -1.705 -1.146 -1.319 -1.491 -1.612 -1.722 -1.383 -1.525 -1.645 -1.744 -1.912 -1.489 -1.393 -1.546 -1.934 -2.103 -2.294 -1.579
1.2937 -0.931 -0.881 -0.956 -1.149 -1.292 -1.431 -1.07 -1.172 -1.294 -1.436 -1.576 -1.725 -1.167 -1.339 -1.511 -1.632 -1.742 -1.403 -1.546 -1.665 -1.764 -1.933 -1.509 -1.414 -1.566 -1.954 -2.124 -2.314 -1.599
1.3249 -0.951 -0.902 -0.977 -1.17 -1.312 -1.451 -1.09 -1.192 -1.314 -1.456 -1.597 -1.745 -1.187 -1.359 -1.531 -1.652 -1.763 -1.423 -1.566 -1.686 -1.785 -1.953 -1.529 -1.434 -1.587 -1.975 -2.144 -2.334 -1.619
1.3569 -0.971 -0.922 -0.997 -1.19 -1.332 -1.471 -1.111 -1.212 -1.335 -1.477 -1.617 -1.766 -1.207 -1.38 -1.552 -1.672 -1.783 -1.444 -1.586 -1.706 -1.805 -1.973 -1.549 -1.454 -1.607 -1.995 -2.164 -2.355 -1.64
1.3896 -0.992 -0.942 -1.017 -1.21 -1.352 -1.492 -1.131 -1.232 -1.355 -1.497 -1.637 -1.786 -1.227 -1.4 -1.572 -1.693 -1.803 -1.464 -1.606 -1.726 -1.825 -1.993 -1.57 -1.474 -1.627 -2.015 -2.184 -2.375 -1.66
1.4232 -1.012 -0.963 -1.037 -1.23 -1.373 -1.512 -1.151 -1.253 -1.375 -1.517 -1.658 -1.806 -1.248 -1.42 -1.592 -1.713 -1.823 -1.484 -1.627 -1.746 -1.845 -2.014 -1.59 -1.495 -1.647 -2.035 -2.205 -2.395 -1.68
1.4575 -1.032 -0.983 -1.058 -1.251 -1.393 -1.532 -1.171 -1.273 -1.395 -1.537 -1.678 -1.826 -1.268 -1.441 -1.612 -1.733 -1.844 -1.504 -1.647 -1.767 -1.866 -2.034 -1.61 -1.515 -1.668 -2.056 -2.225 -2.415 -1.7
1.4927 -1.049 -0.999 -1.074 -1.267 -1.409 -1.549 -1.188 -1.289 -1.412 -1.554 -1.694 -1.843 -1.284 -1.457 -1.629 -1.75 -1.86 -1.521 -1.663 -1.783 -1.882 -2.05 -1.627 -1.531 -1.684 -2.072 -2.241 -2.432 -1.717
1.5287 -1.065 -1.015 -1.09 -1.283 -1.425 -1.564 -1.204 -1.305 -1.428 -1.57 -1.71 -1.859 -1.3 -1.473 -1.645 -1.765 -1.876 -1.537 -1.679 -1.799 -1.898 -2.066 -1.642 -1.547 -1.7 -2.088 -2.257 -2.448 -1.733
1.5655 -1.08 -1.031 -1.106 -1.299 -1.441 -1.58 -1.22 -1.321 -1.444 -1.585 -1.726 -1.875 -1.316 -1.489 -1.661 -1.781 -1.892 -1.552 -1.695 -1.815 -1.914 -2.082 -1.658 -1.563 -1.716 -2.104 -2.273 -2.464 -1.749
1.6033 -1.096 -1.047 -1.122 -1.315 -1.457 -1.596 -1.235 -1.337 -1.459 -1.601 -1.742 -1.89 -1.332 -1.505 -1.676 -1.797 -1.908 -1.568 -1.711 -1.831 -1.93 -2.098 -1.674 -1.579 -1.732 -2.12 -2.289 -2.479 -1.764
1.642 -1.112 -1.063 -1.138 -1.331 -1.473 -1.612 -1.251 -1.353 -1.475 -1.617 -1.758 -1.906 -1.348 -1.52 -1.692 -1.813 -1.924 -1.584 -1.727 -1.847 -1.946 -2.114 -1.69 -1.595 -1.748 -2.136 -2.305 -2.495 -1.78
1.6816 -1.128 -1.079 -1.153 -1.346 -1.489 -1.628 -1.267 -1.369 -1.491 -1.633 -1.774 -1.922 -1.364 -1.536 -1.708 -1.829 -1.94 -1.6 -1.743 -1.863 -1.962 -2.13 -1.706 -1.611 -1.764 -2.152 -2.321 -2.511 -1.796
1.7222 -1.144 -1.094 -1.169 -1.362 -1.505 -1.644 -1.283 -1.385 -1.507 -1.649 -1.789 -1.938 -1.38 -1.552 -1.724 -1.845 -1.955 -1.616 -1.759 -1.878 -1.977 -2.146 -1.722 -1.627 -1.779 -2.167 -2.337 -2.527 -1.812
1.7637 -1.16 -1.11 -1.185 -1.378 -1.521 -1.66 -1.299 -1.401 -1.523 -1.665 -1.805 -1.954 -1.396 -1.568 -1.74 -1.861 -1.971 -1.632 -1.774 -1.894 -1.993 -2.162 -1.738 -1.643 -1.795 -2.183 -2.353 -2.543 -1.828
1.8062 -1.176 -1.126 -1.201 -1.394 -1.536 -1.676 -1.315 -1.416 -1.539 -1.681 -1.821 -1.97 -1.411 -1.584 -1.756 -1.877 -1.987 -1.648 -1.79 -1.91 -2.009 -2.177 -1.754 -1.658 -1.811 -2.199 -2.368 -2.559 -1.844
1.8498 -1.192 -1.142 -1.217 -1.41 -1.552 -1.691 -1.331 -1.432 -1.555 -1.697 -1.837 -1.986 -1.427 -1.6 -1.772 -1.892 -2.003 -1.664 -1.806 -1.926 -2.025 -2.193 -1.769 -1.674 -1.827 -2.215 -2.384 -2.575 -1.86
1.8944 -1.206 -1.156 -1.231 -1.424 -1.567 -1.706 -1.345 -1.447 -1.569 -1.711 -1.851 -2.0 -1.442 -1.614 -1.786 -1.907 -2.017 -1.678 -1.82 -1.94 -2.039 -2.208 -1.784 -1.689 -1.841 -2.229 -2.399 -2.589 -1.874
1.9401 -1.22 -1.171 -1.246 -1.439 -1.581 -1.72 -1.359 -1.461 -1.583 -1.725 -1.866 -2.014 -1.456 -1.629 -1.8 -1.921 -2.032 -1.692 -1.835 -1.955 -2.054 -2.222 -1.798 -1.703 -1.856 -2.244 -2.413 -2.603 -1.888
1.9869 -1.235 -1.185 -1.26 -1.453 -1.595 -1.734 -1.374 -1.475 -1.598 -1.74 -1.88 -2.029 -1.47 -1.643 -1.815 -1.935 -2.046 -1.707 -1.849 -1.969 -2.068 -2.236 -1.812 -1.717 -1.87 -2.258 -2.427 -2.618 -1.903
2.0349 -1.249 -1.199 -1.274 -1.467 -1.61 -1.749 -1.388 -1.49 -1.612 -1.754 -1.894 -2.043 -1.485 -1.657 -1.829 -1.95 -2.06 -1.721 -1.864 -1.983 -2.082 -2.251 -1.827 -1.732 -1.884 -2.272 -2.442 -2.632 -1.917
2.084 -1.263 -1.214 -1.289 -1.482 -1.624 -1.763 -1.402 -1.504 -1.626 -1.768 -1.909 -2.057 -1.499 -1.672 -1.843 -1.964 -2.075 -1.735 -1.878 -1.998 -2.097 -2.265 -1.841 -1.746 -1.899 -2.287 -2.456 -2.646 -1.931
2.1342 -1.278 -1.228 -1.303 -1.496 -1.638 -1.777 -1.417 -1.518 -1.641 -1.783 -1.923 -2.072 -1.513 -1.686 -1.858 -1.978 -2.089 -1.75 -1.892 -2.012 -2.111 -2.279 -1.855 -1.76 -1.913 -2.301 -2.47 -2.661 -1.946
2.1857 -1.292 -1.242 -1.317 -1.51 -1.653 -1.792 -1.431 -1.533 -1.655 -1.797 -1.937 -2.086 -1.528 -1.7 -1.872 -1.993 -2.103 -1.764 -1.907 -2.026 -2.125 -2.294 -1.87 -1.775 -1.927 -2.315 -2.485 -2.675 -1.96
2.2384 -1.306 -1.257 -1.332 -1.525 -1.667 -1.806 -1.445 -1.547 -1.669 -1.811 -1.952 -2.1 -1.542 -1.715 -1.886 -2.007 -2.118 -1.778 -1.921 -2.041 -2.14 -2.308 -1.884 -1.789 -1.942 -2.33 -2.499 -2.689 -1.974
2.2924 -1.321 -1.271 -1.346 -1.539 -1.681 -1.82 -1.46 -1.561 -1.684 -1.826 -1.966 -2.115 -1.556 -1.729 -1.901 -2.021 -2.132 -1.793 -1.935 -2.055 -2.154 -2.322 -1.898 -1.803 -1.956 -2.344 -2.513 -2.704 -1.989
2.3477 -1.335 -1.285 -1.36 -1.553 -1.695 -1.834 -1.474 -1.575 -1.698 -1.84 -1.98 -2.129 -1.57 -1.743 -1.915 -2.035 -2.146 -1.807 -1.949 -2.069 -2.168 -2.336 -1.912 -1.817 -1.97 -2.358 -2.527 -2.718 -2.003
2.4044 -1.346 -1.297 -1.372 -1.565 -1.707 -1.846 -1.485 -1.587 -1.709 -1.851 -1.992 -2.14 -1.582 -1.755 -1.926 -2.047 -2.158 -1.818 -1.961 -2.081 -2.18 -2.348 -1.924 -1.829 -1.982 -2.37 -2.539 -2.729 -2.014
2.4624 -1.358 -1.309 -1.383 -1.576 -1.719 -1.858 -1.497 -1.599 -1.721 -1.863 -2.004 -2.152 -1.594 -1.766 -1.938 -2.059 -2.169 -1.83 -1.973 -2.092 -2.191 -2.36 -1.936 -1.841 -1.993 -2.381 -2.551 -2.741 -2.026
2.5218 -1.37 -1.32 -1.395 -1.588 -1.73 -1.87 -1.509 -1.61 -1.733 -1.875 -2.015 -2.164 -1.605 -1.778 -1.95 -2.071 -2.181 -1.842 -1.984 -2.104 -2.203 -2.371 -1.948 -1.852 -2.005 -2.393 -2.562 -2.753 -2.038
2.5826 -1.381 -1.332 -1.407 -1.6 -1.742 -1.881 -1.521 -1.622 -1.745 -1.886 -2.027 -2.176 -1.617 -1.79 -1.962 -2.082 -2.193 -1.853 -1.996 -2.116 -2.215 -2.383 -1.959 -1.864 -2.017 -2.405 -2.574 -2.765 -2.05
2.6449 -1.393 -1.344 -1.419 -1.612 -1.754 -1.893 -1.532 -1.634 -1.756 -1.898 -2.039 -2.187 -1.629 -1.801 -1.973 -2.094 -2.205 -1.865 -2.008 -2.128 -2.227 -2.395 -1.971 -1.876 -2.029 -2.417 -2.586 -2.776 -2.061
2.7087 -1.405 -1.355 -1.43 -1.623 -1.766 -1.905 -1.544 -1.646 -1.768 -1.91 -2.05 -2.199 -1.641 -1.813 -1.985 -2.106 -2.216 -1.877 -2.02 -2.139 -2.238 -2.407 -1.983 -1.888 -2.04 -2.428 -2.598 -2.788 -2.073
2.7741 -1.417 -1.367 -1.442 -1.635 -1.777 -1.917 -1.556 -1.657 -1.78 -1.922 -2.062 -2.211 -1.652 -1.825 -1.997 -2.117 -2.228 -1.889 -2.031 -2.151 -2.25 -2.418 -1.995 -1.899 -2.052 -2.44 -2.609 -2.8 -2.085
2.841 -1.428 -1.379 -1.454 -1.647 -1.789 -1.928 -1.567 -1.669 -1.792 -1.933 -2.074 -2.222 -1.664 -1.837 -2.009 -2.129 -2.24 -1.9 -2.043 -2.163 -2.262 -2.43 -2.006 -1.911 -2.064 -2.452 -2.621 -2.812 -2.097
2.9095 -1.44 -1.391 -1.466 -1.658 -1.801 -1.94 -1.579 -1.681 -1.803 -1.945 -2.086 -2.234 -1.676 -1.848 -2.02 -2.141 -2.252 -1.912 -2.055 -2.175 -2.274 -2.442 -2.018 -1.923 -2.076 -2.464 -2.633 -2.823 -2.108
2.9797 -1.452 -1.403 -1.478 -1.671 -1.813 -1.952 -1.591 -1.693 -1.815 -1.957 -2.098 -2.246 -1.688 -1.861 -2.032 -2.153 -2.264 -1.924 -2.067 -2.187 -2.286 -2.454 -2.03 -1.935 -2.088 -2.476 -2.645 -2.835 -2.12
3.0516 -1.465 -1.416 -1.491 -1.684 -1.826 -1.965 -1.604 -1.706 -1.829 -1.97 -2.111 -2.259 -1.701 -1.874 -2.045 -2.166 -2.277 -1.937 -2.08 -2.2 -2.299 -2.467 -2.043 -1.948 -2.101 -2.489 -2.658 -2.848 -2.133
3.1252 -1.478 -1.429 -1.504 -1.697 -1.839 -1.978 -1.617 -1.719 -1.842 -1.983 -2.124 -2.272 -1.714 -1.887 -2.059 -2.179 -2.29 -1.95 -2.093 -2.213 -2.312 -2.48 -2.056 -1.961 -2.114 -2.502 -2.671 -2.862 -2.147
3.2006 -1.491 -1.442 -1.517 -1.71 -1.852 -1.991 -1.631 -1.732 -1.855 -1.997 -2.137 -2.286 -1.727 -1.9 -2.072 -2.192 -2.303 -1.964 -2.106 -2.226 -2.325 -2.493 -2.069 -1.974 -2.127 -2.515 -2.684 -2.875 -2.16
3.2778 -1.505 -1.455 -1.53 -1.723 -1.865 -2.004 -1.644 -1.745 -1.868 -2.01 -2.15 -2.299 -1.74 -1.913 -2.085 -2.205 -2.316 -1.977 -2.119 -2.239 -2.338 -2.506 -2.082 -1.987 -2.14 -2.528 -2.697 -2.888 -2.173
3.3569 -1.518 -1.468 -1.543 -1.736 -1.878 -2.018 -1.657 -1.758 -1.881 -2.023 -2.163 -2.312 -1.753 -1.926 -2.098 -2.218 -2.329 -1.99 -2.132 -2.252 -2.351 -2.519 -2.095 -2.0 -2.153 -2.541 -2.71 -2.901 -2.186
3.4378 -1.531 -1.481 -1.556 -1.749 -1.891 -2.031 -1.67 -1.771 -1.894 -2.036 -2.176 -2.325 -1.766 -1.939 -2.111 -2.232 -2.342 -2.003 -2.145 -2.265 -2.364 -2.532 -2.109 -2.013 -2.166 -2.554 -2.723 -2.914 -2.199
3.5208 -1.544 -1.494 -1.569 -1.762 -1.905 -2.044 -1.683 -1.784 -1.907 -2.049 -2.189 -2.338 -1.779 -1.952 -2.124 -2.245 -2.355 -2.016 -2.158 -2.278 -2.377 -2.545 -2.122 -2.026 -2.179 -2.567 -2.737 -2.927 -2.212
3.6057 -1.557 -1.507 -1.582 -1.775 -1.918 -2.057 -1.696 -1.798 -1.92 -2.062 -2.202 -2.351 -1.793 -1.965 -2.137 -2.258 -2.368 -2.029 -2.171 -2.291 -2.39 -2.559 -2.135 -2.04 -2.192 -2.58 -2.75 -2.94 -2.225
3.6927 -1.57 -1.52 -1.595 -1.788 -1.931 -2.07 -1.709 -1.811 -1.933 -2.075 -2.215 -2.364 -1.806 -1.978 -2.15 -2.271 -2.381 -2.042 -2.184 -2.304 -2.403 -2.572 -2.148 -2.053 -2.205 -2.593 -2.763 -2.953 -2.238
3.7818 -1.585 -1.535 -1.61 -1.803 -1.945 -2.084 -1.724 -1.825 -1.948 -2.09 -2.23 -2.379 -1.82 -1.993 -2.165 -2.285 -2.396 -2.057 -2.199 -2.319 -2.418 -2.586 -2.162 -2.067 -2.22 -2.608 -2.777 -2.968 -2.253
3.873 -1.601 -1.552 -1.627 -1.82 -1.962 -2.101 -1.74 -1.842 -1.964 -2.106 -2.247 -2.395 -1.837 -2.009 -2.181 -2.302 -2.413 -2.073 -2.216 -2.336 -2.435 -2.603 -2.179 -2.084 -2.237 -2.625 -2.794 -2.984 -2.269
3.9664 -1.618 -1.568 -1.643 -1.836 -1.979 -2.118 -1.757 -1.859 -1.981 -2.123 -2.263 -2.412 -1.853 -2.026 -2.198 -2.319 -2.429 -2.09 -2.232 -2.352 -2.451 -2.62 -2.196 -2.1 -2.253 -2.641 -2.811 -3.001 -2.286
4.0621 -1.634 -1.585 -1.66 -1.853 -1.995 -2.134 -1.773 -1.875 -1.998 -2.139 -2.28 -2.429 -1.87 -2.043 -2.215 -2.335 -2.446 -2.106 -2.249 -2.369 -2.468 -2.636 -2.212 -2.117 -2.27 -2.658 -2.827 -3.018 -2.303
4.1601 -1.651 -1.602 -1.676 -1.869 -2.012 -2.151 -1.79 -1.892 -2.014 -2.156 -2.297 -2.445 -1.887 -2.059 -2.231 -2.352 -2.463 -2.123 -2.266 -2.385 -2.484 -2.653 -2.229 -2.134 -2.286 -2.674 -2.844 -3.034 -2.319
4.2604 -1.668 -1.618 -1.693 -1.886 -2.028 -2.168 -1.807 -1.908 -2.031 -2.173 -2.313 -2.462 -1.903 -2.076 -2.248 -2.368 -2.479 -2.14 -2.282 -2.402 -2.501 -2.669 -2.246 -2.15 -2.303 -2.691 -2.86 -3.051 -2.336
4.3632 -1.684 -1.635 -1.71 -1.903 -2.045 -2.184 -1.823 -1.925 -2.047 -2.189 -2.33 -2.478 -1.92 -2.093 -2.264 -2.385 -2.496 -2.156 -2.299 -2.419 -2.518 -2.686 -2.262 -2.167 -2.32 -2.708 -2.877 -3.067 -2.352
4.4685 -1.701 -1.651 -1.726 -1.919 -2.062 -2.201 -1.84 -1.942 -2.064 -2.206 -2.346 -2.495 -1.937 -2.109 -2.281 -2.402 -2.512 -2.173 -2.315 -2.435 -2.534 -2.703 -2.279 -2.184 -2.336 -2.724 -2.894 -3.084 -2.369
4.5763 -1.718 -1.668 -1.743 -1.936 -2.078 -2.217 -1.857 -1.958 -2.081 -2.223 -2.363 -2.512 -1.953 -2.126 -2.298 -2.418 -2.529 -2.19 -2.332 -2.452 -2.551 -2.719 -2.295 -2.2 -2.353 -2.741 -2.91 -3.101 -2.386
4.6867 -1.734 -1.685 -1.76 -1.952 -2.095 -2.234 -1.873 -1.975 -2.097 -2.239 -2.38 -2.528 -1.97 -2.142 -2.314 -2.435 -2.546 -2.206 -2.349 -2.469 -2.568 -2.736 -2.312 -2.217 -2.37 -2.758 -2.927 -3.117 -2.402
4.7997 -1.749 -1.699 -1.774 -1.967 -2.11 -2.249 -1.888 -1.99 -2.112 -2.254 -2.394 -2.543 -1.985 -2.157 -2.329 -2.45 -2.56 -2.221 -2.363 -2.483 -2.582 -2.751 -2.327 -2.232 -2.384 -2.772 -2.942 -3.132 -2.417
4.9155 -1.762 -1.713 -1.788 -1.981 -2.123 -2.262 -1.901 -2.003 -2.125 -2.267 -2.408 -2.556 -1.998 -2.17 -2.342 -2.463 -2.574 -2.234 -2.377 -2.497 -2.596 -2.764 -2.34 -2.245 -2.398 -2.786 -2.955 -3.145 -2.43
5.0341 -1.776 -1.726 -1.801 -1.994 -2.136 -2.275 -1.915 -2.016 -2.139 -2.281 -2.421 -2.57 -2.011 -2.184 -2.356 -2.476 -2.587 -2.248 -2.39 -2.51 -2.609 -2.777 -2.353 -2.258 -2.411 -2.799 -2.968 -3.159 -2.444
5.1555 -1.789 -1.739 -1.814 -2.007 -2.15 -2.289 -1.928 -2.03 -2.152 -2.294 -2.434 -2.583 -2.025 -2.197 -2.369 -2.49 -2.6 -2.261 -2.404 -2.523 -2.622 -2.791 -2.367 -2.272 -2.424 -2.812 -2.982 -3.172 -2.457
5.2799 -1.802 -1.753 -1.828 -2.021 -2.163 -2.302 -1.941 -2.043 -2.165 -2.307 -2.448 -2.596 -2.038 -2.211 -2.382 -2.503 -2.614 -2.274 -2.417 -2.537 -2.636 -2.804 -2.38 -2.285 -2.438 -2.826 -2.995 -3.185 -2.47
5.4072 -1.816 -1.766 -1.841 -2.034 -2.176 -2.316 -1.955 -2.056 -2.179 -2.321 -2.461 -2.61 -2.051 -2.224 -2.396 -2.517 -2.627 -2.288 -2.43 -2.55 -2.649 -2.817 -2.394 -2.298 -2.451 -2.839 -3.008 -3.199 -2.484
5.5377 -1.829 -1.78 -1.854 -2.047 -2.19 -2.329 -1.968 -2.07 -2.192 -2.334 -2.475 -2.623 -2.065 -2.237 -2.409 -2.53 -2.641 -2.301 -2.444 -2.563 -2.663 -2.831 -2.407 -2.312 -2.465 -2.852 -3.022 -3.212 -2.497
