web/models/grb/offaxis/24/grb_0.2967_0.2683_2.5118864.dat
# %ECSV 1.0
# ---
# datatype:
# - {name: time, datatype: float64}
# - {name: swift_uvot_uvw2, datatype: float64}
# - {name: swift_uvot_uvm2, datatype: float64}
# - {name: swift_uvot_uvw1, datatype: float64}
# - {name: swift_uvot_U, datatype: float64}
# - {name: swift_uvot_B, datatype: float64}
# - {name: swift_uvot_V, datatype: float64}
# - {name: swift_uvot_W, datatype: float64}
# - {name: johnson_U, datatype: float64}
# - {name: johnson_B, datatype: float64}
# - {name: johnson_V, datatype: float64}
# - {name: johnson_R, datatype: float64}
# - {name: johnson_I, datatype: float64}
# - {name: sdss_u, datatype: float64}
# - {name: sdss_g, datatype: float64}
# - {name: sdss_r, datatype: float64}
# - {name: sdss_i, datatype: float64}
# - {name: sdss_z, datatype: float64}
# - {name: PS1_g, datatype: float64}
# - {name: PS1_r, datatype: float64}
# - {name: PS1_i, datatype: float64}
# - {name: PS1_z, datatype: float64}
# - {name: PS1_Y, datatype: float64}
# - {name: PS1_w, datatype: float64}
# - {name: ATLAS_c, datatype: float64}
# - {name: ATLAS_o, datatype: float64}
# - {name: ukirt_J, datatype: float64}
# - {name: ukirt_H, datatype: float64}
# - {name: ukirt_K, datatype: float64}
# - {name: Clear, datatype: float64}
# meta: !!omap
# - comment: [E = 0.00011641960487160349, Eta0 = 8.02, GammaB = 12.0, dL = 0.012188, epsb = 6.760829753919819e-06, epse = 0.1, n = 2.5118864315095824,
#     p = 2.15, theta_obs = 0.29670597283903605, xiN = 1.0, z = 0.0, type = grb, E_kiso = 0.2682695795279726]
# schema: astropy-2.0
time swift_uvot_uvw2 swift_uvot_uvm2 swift_uvot_uvw1 swift_uvot_U swift_uvot_B swift_uvot_V swift_uvot_W johnson_U johnson_B johnson_V johnson_R johnson_I sdss_u sdss_g sdss_r sdss_i sdss_z PS1_g PS1_r PS1_i PS1_z PS1_Y PS1_w ATLAS_c ATLAS_o ukirt_J ukirt_H ukirt_K Clear
[from data line 329]
25.4606 8.29 8.34 8.265 8.072 7.929 7.79 8.151 8.049 7.927 7.785 7.645 7.496 8.054 7.882 7.71 7.589 7.479 7.818 7.675 7.556 7.457 7.288 7.712 7.807 7.655 7.267 7.097 6.907 7.622
26.0748 8.454 8.504 8.429 8.236 8.093 7.954 8.315 8.213 8.091 7.949 7.809 7.66 8.218 8.046 7.874 7.753 7.643 7.982 7.839 7.72 7.621 7.452 7.876 7.971 7.819 7.431 7.261 7.071 7.786
26.7038 8.618 8.668 8.593 8.4 8.257 8.118 8.479 8.377 8.255 8.113 7.973 7.824 8.382 8.21 8.038 7.917 7.807 8.146 8.003 7.884 7.785 7.616 8.04 8.135 7.983 7.595 7.425 7.235 7.95
27.3479 8.782 8.832 8.757 8.564 8.421 8.282 8.643 8.541 8.419 8.277 8.137 7.988 8.546 8.374 8.202 8.081 7.971 8.31 8.167 8.048 7.949 7.78 8.204 8.299 8.147 7.759 7.589 7.399 8.114
28.0077 8.946 8.996 8.921 8.728 8.585 8.446 8.807 8.705 8.583 8.441 8.301 8.152 8.71 8.538 8.366 8.245 8.135 8.474 8.331 8.212 8.113 7.944 8.368 8.463 8.311 7.923 7.753 7.563 8.278
28.6833 9.173 9.222 9.147 8.954 8.812 8.673 9.034 8.932 8.809 8.668 8.527 8.379 8.937 8.764 8.592 8.472 8.361 8.701 8.558 8.438 8.339 8.171 8.595 8.69 8.537 8.149 7.98 7.79 8.505
29.3752 9.486 9.536 9.461 9.268 9.125 8.986 9.347 9.245 9.123 8.981 8.841 8.692 9.25 9.078 8.906 8.785 8.675 9.014 8.872 8.752 8.653 8.484 8.908 9.004 8.851 8.463 8.293 8.103 8.818
30.0838 9.8 9.849 9.774 9.581 9.439 9.3 9.661 9.559 9.437 9.295 9.154 9.006 9.564 9.391 9.22 9.099 8.988 9.328 9.185 9.065 8.966 8.798 9.222 9.317 9.164 8.776 8.607 8.417 9.132
30.8096 10.113 10.163 10.088 9.895 9.753 9.613 9.974 9.873 9.75 9.608 9.468 9.319 9.878 9.705 9.533 9.412 9.302 9.641 9.499 9.379 9.28 9.112 9.535 9.631 9.478 9.09 8.921 8.73 9.445
31.5528 10.427 10.476 10.402 10.209 10.066 9.927 10.288 10.186 10.064 9.922 9.781 9.633 10.191 10.019 9.847 9.726 9.615 9.955 9.812 9.692 9.593 9.425 9.849 9.944 9.791 9.403 9.234 9.044 9.759
32.3139 10.74 10.79 10.715 10.522 10.38 10.241 10.601 10.5 10.377 10.235 10.095 9.946 10.505 10.332 10.16 10.04 9.929 10.268 10.126 10.006 9.907 9.739 10.163 10.258 10.105 9.717 9.548 9.357 10.072
33.0935 11.054 11.103 11.029 10.836 10.693 10.554 10.915 10.813 10.691 10.549 10.409 10.26 10.818 10.646 10.474 10.353 10.243 10.582 10.439 10.32 10.221 10.052 10.476 10.571 10.419 10.031 9.861 9.671 10.386
33.8918 11.368 11.417 11.342 11.149 11.007 10.868 11.229 11.127 11.004 10.863 10.722 10.574 11.132 10.959 10.787 10.667 10.556 10.896 10.753 10.633 10.534 10.366 10.79 10.885 10.732 10.344 10.175 9.984 10.699
34.7093 11.681 11.731 11.656 11.463 11.32 11.181 11.542 11.44 11.318 11.176 11.036 10.887 11.445 11.273 11.101 10.98 10.87 11.209 11.067 10.947 10.848 10.679 11.103 11.198 11.046 10.658 10.488 10.298 11.013
35.5466 11.995 12.044 11.969 11.776 11.634 11.495 11.856 11.754 11.632 11.49 11.349 11.201 11.759 11.586 11.415 11.294 11.183 11.523 11.38 11.26 11.161 10.993 11.417 11.512 11.359 10.971 10.802 10.612 11.327
36.4041 12.308 12.358 12.283 12.09 11.948 11.808 12.169 12.068 11.945 11.803 11.663 11.514 12.073 11.9 11.728 11.607 11.497 11.836 11.694 11.574 11.475 11.307 11.73 11.826 11.673 11.285 11.116 10.925 11.64
37.2823 12.622 12.671 12.596 12.404 12.261 12.122 12.483 12.381 12.259 12.117 11.976 11.828 12.386 12.214 12.042 11.921 11.81 12.15 12.007 11.887 11.788 11.62 12.044 12.139 11.986 11.598 11.429 11.239 11.954
38.1817 12.935 12.985 12.91 12.717 12.575 12.436 12.796 12.695 12.572 12.43 12.29 12.141 12.7 12.527 12.355 12.235 12.124 12.463 12.321 12.201 12.102 11.934 12.358 12.453 12.3 11.912 11.743 11.552 12.267
39.1028 13.249 13.298 13.224 13.031 12.888 12.749 13.11 13.008 12.886 12.744 12.603 12.455 13.013 12.841 12.669 12.548 12.438 12.777 12.634 12.515 12.416 12.247 12.671 12.766 12.614 12.226 12.056 11.866 12.581
40.046 13.563 13.612 13.537 13.344 13.202 13.063 13.423 13.322 13.199 13.058 12.917 12.768 13.327 13.154 12.982 12.862 12.751 13.091 12.948 12.828 12.729 12.561 12.985 13.08 12.927 12.539 12.37 12.179 12.894
41.0121 13.876 13.926 13.851 13.658 13.515 13.376 13.737 13.635 13.513 13.371 13.231 13.082 13.64 13.468 13.296 13.175 13.065 13.404 13.262 13.142 13.043 12.874 13.298 13.393 13.241 12.853 12.683 12.493 13.208
42.0014 14.19 14.239 14.164 13.971 13.829 13.69 14.051 13.949 13.827 13.685 13.544 13.396 13.954 13.781 13.61 13.489 13.378 13.718 13.575 13.455 13.356 13.188 13.612 13.707 13.554 13.166 12.997 12.807 13.522
43.0146 14.503 14.553 14.478 14.285 14.143 14.003 14.364 14.263 14.14 13.998 13.858 13.709 14.268 14.095 13.923 13.802 13.692 14.031 13.889 13.769 13.67 13.502 13.925 14.021 13.868 13.48 13.311 13.12 13.835
44.0523 14.817 14.866 14.791 14.598 14.456 14.317 14.678 14.576 14.454 14.312 14.171 14.023 14.581 14.409 14.237 14.116 14.005 14.345 14.202 14.082 13.983 13.815 14.239 14.334 14.181 13.793 13.624 13.434 14.149
45.1149 15.13 15.18 15.105 14.912 14.77 14.631 14.991 14.89 14.767 14.625 14.485 14.336 14.895 14.722 14.55 14.43 14.319 14.658 14.516 14.396 14.297 14.129 14.553 14.648 14.495 14.107 13.938 13.747 14.462
46.2033 15.444 15.493 15.419 15.226 15.083 14.944 15.305 15.203 15.081 14.939 14.798 14.65 15.208 15.036 14.864 14.743 14.633 14.972 14.829 14.71 14.611 14.442 14.866 14.961 14.809 14.421 14.251 14.061 14.776
47.3178 15.758 15.807 15.732 15.539 15.397 15.258 15.618 15.517 15.394 15.253 15.112 14.963 15.522 15.349 15.177 15.057 14.946 15.286 15.143 15.023 14.924 14.756 15.18 15.275 15.122 14.734 14.565 14.374 15.089
48.4593 16.071 16.121 16.046 15.853 15.71 15.571 15.932 15.83 15.708 15.566 15.426 15.277 15.835 15.663 15.491 15.37 15.26 15.599 15.457 15.337 15.238 15.069 15.493 15.588 15.436 15.048 14.878 14.688 15.403
49.6283 16.385 16.434 16.359 16.166 16.024 15.885 16.246 16.144 16.022 15.88 15.739 15.591 16.149 15.976 15.805 15.684 15.573 15.913 15.77 15.65 15.551 15.383 15.807 15.902 15.749 15.361 15.192 15.002 15.717
50.8255 16.698 16.748 16.673 16.48 16.337 16.198 16.559 16.458 16.335 16.193 16.053 15.904 16.463 16.29 16.118 15.997 15.887 16.226 16.084 15.964 15.865 15.697 16.12 16.216 16.063 15.675 15.505 15.315 16.03
52.0515 17.012 17.061 16.986 16.793 16.651 16.512 16.873 16.771 16.649 16.507 16.366 16.218 16.776 16.604 16.432 16.311 16.2 16.54 16.397 16.277 16.178 16.01 16.434 16.529 16.376 15.988 15.819 15.629 16.344
53.3072 17.325 17.375 17.3 17.107 16.965 16.825 17.186 17.085 16.962 16.82 16.68 16.531 17.09 16.917 16.745 16.625 16.514 16.853 16.711 16.591 16.492 16.324 16.748 16.843 16.69 16.302 16.133 15.942 16.657
54.5931 17.639 17.688 17.614 17.421 17.278 17.139 17.5 17.398 17.276 17.134 16.993 16.845 17.403 17.231 17.059 16.938 16.827 17.167 17.024 16.905 16.805 16.637 17.061 17.156 17.003 16.616 16.446 16.256 16.971
55.9101 17.953 18.002 17.927 17.734 17.592 17.453 17.813 17.712 17.589 17.447 17.307 17.158 17.717 17.544 17.372 17.252 17.141 17.48 17.338 17.218 17.119 16.951 17.375 17.47 17.317 16.929 16.76 16.569 17.284
57.2588 18.266 18.316 18.241 18.048 17.905 17.766 18.127 18.025 17.903 17.761 17.621 17.472 18.03 17.858 17.686 17.565 17.455 17.794 17.651 17.532 17.433 17.264 17.688 17.783 17.631 17.243 17.073 16.883 17.598
58.6401 18.58 18.629 18.554 18.361 18.219 18.08 18.441 18.339 18.216 18.075 17.934 17.786 18.344 18.171 18.0 17.879 17.768 18.108 17.965 17.845 17.746 17.578 18.002 18.097 17.944 17.556 17.387 17.197 17.912
60.0546 18.893 18.943 18.868 18.675 18.532 18.393 18.754 18.652 18.53 18.388 18.248 18.099 18.658 18.485 18.313 18.192 18.082 18.421 18.279 18.159 18.06 17.891 18.315 18.411 18.258 17.87 17.7 17.51 18.225
61.5034 19.207 19.256 19.181 18.988 18.846 18.707 19.068 18.966 18.844 18.702 18.561 18.413 18.971 18.798 18.627 18.506 18.395 18.735 18.592 18.472 18.373 18.205 18.629 18.724 18.571 18.183 18.014 17.824 18.539
62.987 19.52 19.57 19.495 19.302 19.16 19.02 19.381 19.28 19.157 19.015 18.875 18.726 19.285 19.112 18.94 18.82 18.709 19.048 18.906 18.786 18.687 18.519 18.942 19.038 18.885 18.497 18.328 18.137 18.852
64.5065 19.834 19.883 19.809 19.616 19.473 19.334 19.695 19.593 19.471 19.329 19.188 19.04 19.598 19.426 19.254 19.133 19.022 19.362 19.219 19.099 19.0 18.832 19.256 19.351 19.198 18.81 18.641 18.451 19.166
66.0626 20.147 20.197 20.122 19.929 19.787 19.648 20.008 19.907 19.784 19.642 19.502 19.353 19.912 19.739 19.567 19.447 19.336 19.675 19.533 19.413 19.314 19.146 19.57 19.665 19.512 19.124 18.955 18.764 19.479
67.6562 20.461 20.511 20.436 20.243 20.1 19.961 20.322 20.22 20.098 19.956 19.816 19.667 20.225 20.053 19.881 19.76 19.65 19.989 19.846 19.727 19.628 19.459 19.883 19.978 19.826 19.438 19.268 19.078 19.793
69.2883 20.775 20.824 20.749 20.556 20.414 20.275 20.636 20.534 20.411 20.27 20.129 19.981 20.539 20.366 20.194 20.074 19.963 20.303 20.16 20.04 19.941 19.773 20.197 20.292 20.139 19.751 19.582 19.392 20.107
70.9597 21.088 21.138 21.063 20.87 20.727 20.588 20.949 20.847 20.725 20.583 20.443 20.294 20.852 20.68 20.508 20.387 20.277 20.616 20.474 20.354 20.255 20.086 20.51 20.606 20.453 20.065 19.895 19.705 20.42
72.6715 21.402 21.451 21.376 21.183 21.041 20.902 21.263 21.161 21.039 20.897 20.756 20.608 21.166 20.993 20.822 20.701 20.59 20.93 20.787 20.667 20.568 20.4 20.824 20.919 20.766 20.378 20.209 20.019 20.734
74.4246 21.715 21.765 21.69 21.497 21.355 21.215 21.576 21.475 21.352 21.21 21.07 20.921 21.48 21.307 21.135 21.014 20.904 21.243 21.101 20.981 20.882 20.714 21.137 21.233 21.08 20.692 20.523 20.332 21.047
76.2199 22.029 22.078 22.003 21.811 21.668 21.529 21.89 21.788 21.666 21.524 21.383 21.235 21.793 21.621 21.449 21.328 21.217 21.557 21.414 21.294 21.195 21.027 21.451 21.546 21.393 21.005 20.836 20.646 21.361
78.0586 22.342 22.392 22.317 22.124 21.982 21.843 22.203 22.102 21.979 21.837 21.697 21.548 22.107 21.934 21.762 21.642 21.531 21.87 21.728 21.608 21.509 21.341 21.765 21.86 21.707 21.319 21.15 20.959 21.674
79.9416 22.656 22.705 22.631 22.438 22.295 22.156 22.517 22.415 22.293 22.151 22.011 21.862 22.42 22.248 22.076 21.955 21.845 22.184 22.041 21.922 21.823 21.654 22.078 22.173 22.021 21.633 21.463 21.273 21.988
81.87 22.97 23.019 22.944 22.751 22.609 22.47 22.831 22.729 22.606 22.465 22.324 22.176 22.734 22.561 22.389 22.269 22.158 22.498 22.355 22.235 22.136 21.968 22.392 22.487 22.334 21.946 21.777 21.586 22.301
83.845 23.283 23.333 23.258 23.065 22.922 22.783 23.144 23.042 22.92 22.778 22.638 22.489 23.047 22.875 22.703 22.582 22.472 22.811 22.669 22.549 22.45 22.281 22.705 22.8 22.648 22.26 22.09 21.9 22.615
85.8676 23.597 23.646 23.571 23.378 23.236 23.097 23.458 23.356 23.234 23.092 22.951 22.803 23.361 23.188 23.017 22.896 22.785 23.125 22.982 22.862 22.763 22.595 23.019 23.114 22.961 22.573 22.404 22.214 22.929
87.939 23.91 23.96 23.885 23.692 23.55 23.41 23.771 23.67 23.547 23.405 23.265 23.116 23.675 23.502 23.33 23.209 23.099 23.438 23.296 23.176 23.077 22.909 23.332 23.428 23.275 22.887 22.718 22.527 23.242
90.0604 24.224 24.273 24.198 24.006 23.863 23.724 24.085 23.983 23.861 23.719 23.578 23.43 23.988 23.816 23.644 23.523 23.412 23.752 23.609 23.489 23.39 23.222 23.646 23.741 23.588 23.2 23.031 22.841 23.556
92.2329 24.537 24.587 24.512 24.319 24.177 24.038 24.398 24.297 24.174 24.032 23.892 23.743 24.302 24.129 23.957 23.837 23.726 24.065 23.923 23.803 23.704 23.536 23.96 24.055 23.902 23.514 23.345 23.154 23.869
94.4579 24.851 24.9 24.826 24.633 24.49 24.351 24.712 24.61 24.488 24.346 24.205 24.057 24.615 24.443 24.271 24.15 24.04 24.379 24.236 24.117 24.018 23.849 24.273 24.368 24.216 23.828 23.658 23.468 24.183
96.7365 25.165 25.214 25.139 24.946 24.804 24.665 25.025 24.924 24.801 24.66 24.519 24.37 24.929 24.756 24.584 24.464 24.353 24.693 24.55 24.43 24.331 24.163 24.587 24.682 24.529 24.141 23.972 23.781 24.496
99.0701 25.478 25.528 25.453 25.26 25.117 24.978 25.339 25.237 25.115 24.973 24.833 24.684 25.242 25.07 24.898 24.777 24.667 25.006 24.864 24.744 24.645 24.476 24.9 24.995 24.843 24.455 24.285 24.095 24.81
101.4599 25.792 25.841 25.766 25.573 25.431 25.292 25.653 25.551 25.429 25.287 25.146 24.998 25.556 25.383 25.212 25.091 24.98 25.32 25.177 25.057 24.958 24.79 25.214 25.309 25.156 24.768 24.599 24.409 25.124
103.9075 26.105 26.155 26.08 25.887 25.745 25.605 25.966 25.865 25.742 25.6 25.46 25.311 25.87 25.697 25.525 25.404 25.294 25.633 25.491 25.371 25.272 25.104 25.527 25.623 25.47 25.082 24.913 24.722 25.437
106.4141 26.419 26.468 26.393 26.2 26.058 25.919 26.28 26.178 26.056 25.914 25.773 25.625 26.183 26.011 25.839 25.718 25.607 25.947 25.804 25.684 25.585 25.417 25.841 25.936 25.783 25.395 25.226 25.036 25.751
108.9811 26.732 26.782 26.707 26.514 26.372 26.233 26.593 26.492 26.369 26.227 26.087 25.938 26.497 26.324 26.152 26.032 25.921 26.26 26.118 25.998 25.899 25.731 26.155 26.25 26.097 25.709 25.54 25.349 26.064
111.6101 27.046 27.095 27.021 26.828 26.685 26.546 26.907 26.805 26.683 26.541 26.4 26.252 26.81 26.638 26.466 26.345 26.234 26.574 26.431 26.312 26.213 26.044 26.468 26.563 26.41 26.023 25.853 25.663 26.378
114.3025 27.36 27.409 27.334 27.141 26.999 26.86 27.22 27.119 26.996 26.854 26.714 26.565 27.124 26.951 26.779 26.659 26.548 26.887 26.745 26.625 26.526 26.358 26.782 26.877 26.724 26.336 26.167 25.976 26.691
117.0598 27.673 27.723 27.648 27.455 27.312 27.173 27.534 27.432 27.31 27.168 27.028 26.879 27.437 27.265 27.093 26.972 26.862 27.201 27.058 26.939 26.84 26.671 27.095 27.19 27.038 26.65 26.48 26.29 27.005
119.8836 27.987 28.036 27.961 27.768 27.626 27.487 27.848 27.746 27.624 27.482 27.341 27.193 27.751 27.578 27.407 27.286 27.175 27.515 27.372 27.252 27.153 26.985 27.409 27.504 27.351 26.963 26.794 26.604 27.319
122.7756 28.3 28.35 28.275 28.082 27.939 27.8 28.161 28.06 27.937 27.795 27.655 27.506 28.065 27.892 27.72 27.599 27.489 27.828 27.686 27.566 27.467 27.299 27.722 27.818 27.665 27.277 27.107 26.917 27.632
125.7373 28.614 28.663 28.588 28.395 28.253 28.114 28.475 28.373 28.251 28.109 27.968 27.82 28.378 28.206 28.034 27.913 27.802 28.142 27.999 27.879 27.78 27.612 28.036 28.131 27.978 27.59 27.421 27.231 27.946
128.7705 28.927 28.977 28.902 28.709 28.567 28.427 28.788 28.687 28.564 28.422 28.282 28.133 28.692 28.519 28.347 28.227 28.116 28.455 28.313 28.193 28.094 27.926 28.349 28.445 28.292 27.904 27.735 27.544 28.259
131.8769 29.241 29.29 29.216 29.023 28.88 28.741 29.102 29.0 28.878 28.736 28.595 28.447 29.005 28.833 28.661 28.54 28.429 28.769 28.626 28.507 28.407 28.239 28.663 28.758 28.605 28.218 28.048 27.858 28.573
135.0582 29.555 29.604 29.529 29.336 29.194 29.055 29.415 29.314 29.191 29.049 28.909 28.76 29.319 29.146 28.974 28.854 28.743 29.082 28.94 28.82 28.721 28.553 28.977 29.072 28.919 28.531 28.362 28.171 28.886
138.3162 29.868 29.918 29.843 29.65 29.507 29.368 29.729 29.627 29.505 29.363 29.223 29.074 29.632 29.46 29.288 29.167 29.057 29.396 29.253 29.134 29.035 28.866 29.29 29.385 29.233 28.845 28.675 28.485 29.2
141.6528 30.182 30.231 30.156 29.963 29.821 29.682 30.043 29.941 29.818 29.677 29.536 29.388 29.946 29.773 29.602 29.481 29.37 29.71 29.567 29.447 29.348 29.18 29.604 29.699 29.546 29.158 28.989 28.799 29.514
145.0699 30.495 30.545 30.47 30.277 30.134 29.995 30.356 30.254 30.132 29.99 29.85 29.701 30.26 30.087 29.915 29.794 29.684 30.023 29.881 29.761 29.662 29.493 29.917 30.013 29.86 29.472 29.302 29.112 29.827
148.5695 30.809 30.858 30.783 30.59 30.448 30.309 30.67 30.568 30.446 30.304 30.163 30.015 30.573 30.4 30.229 30.108 29.997 30.337 30.194 30.074 29.975 29.807 30.231 30.326 30.173 29.785 29.616 29.426 30.141
152.1534 31.122 31.172 31.097 30.904 30.762 30.622 30.983 30.882 30.759 30.617 30.477 30.328 30.887 30.714 30.542 30.422 30.311 30.65 30.508 30.388 30.289 30.121 30.544 30.64 30.487 30.099 29.93 29.739 30.454
155.8238 31.436 31.485 31.411 31.218 31.075 30.936 31.297 31.195 31.073 30.931 30.79 30.642 31.2 31.028 30.856 30.735 30.624 30.964 30.821 30.701 30.602 30.434 30.858 30.953 30.8 30.412 30.243 30.053 30.768
159.5828 31.749 31.799 31.724 31.531 31.389 31.25 31.61 31.509 31.386 31.244 31.104 30.955 31.514 31.341 31.169 31.049 30.938 31.277 31.135 31.015 30.916 30.748 31.172 31.267 31.114 30.726 30.557 30.366 31.081
