web/models/grb/offaxis/24/grb_0.2967_71.9686_0.0000158.dat
# %ECSV 1.0
# ---
# datatype:
# - {name: time, datatype: float64}
# - {name: swift_uvot_uvw2, datatype: float64}
# - {name: swift_uvot_uvm2, datatype: float64}
# - {name: swift_uvot_uvw1, datatype: float64}
# - {name: swift_uvot_U, datatype: float64}
# - {name: swift_uvot_B, datatype: float64}
# - {name: swift_uvot_V, datatype: float64}
# - {name: swift_uvot_W, datatype: float64}
# - {name: johnson_U, datatype: float64}
# - {name: johnson_B, datatype: float64}
# - {name: johnson_V, datatype: float64}
# - {name: johnson_R, datatype: float64}
# - {name: johnson_I, datatype: float64}
# - {name: sdss_u, datatype: float64}
# - {name: sdss_g, datatype: float64}
# - {name: sdss_r, datatype: float64}
# - {name: sdss_i, datatype: float64}
# - {name: sdss_z, datatype: float64}
# - {name: PS1_g, datatype: float64}
# - {name: PS1_r, datatype: float64}
# - {name: PS1_i, datatype: float64}
# - {name: PS1_z, datatype: float64}
# - {name: PS1_Y, datatype: float64}
# - {name: PS1_w, datatype: float64}
# - {name: ATLAS_c, datatype: float64}
# - {name: ATLAS_o, datatype: float64}
# - {name: ukirt_J, datatype: float64}
# - {name: ukirt_H, datatype: float64}
# - {name: ukirt_K, datatype: float64}
# - {name: Clear, datatype: float64}
# meta: !!omap
# - comment: [E = 0.031231838447717777, Eta0 = 8.02, GammaB = 12.0, dL = 0.012188, epsb = 6.760829753919819e-06, epse = 0.1, n = 1.584893192461114e-05,
#     p = 2.15, theta_obs = 0.29670597283903605, xiN = 1.0, z = 0.0, type = grb, E_kiso = 71.96856730011521]
# schema: astropy-2.0
time swift_uvot_uvw2 swift_uvot_uvm2 swift_uvot_uvw1 swift_uvot_U swift_uvot_B swift_uvot_V swift_uvot_W johnson_U johnson_B johnson_V johnson_R johnson_I sdss_u sdss_g sdss_r sdss_i sdss_z PS1_g PS1_r PS1_i PS1_z PS1_Y PS1_w ATLAS_c ATLAS_o ukirt_J ukirt_H ukirt_K Clear
[from data line 379]
83.845 2.596 2.645 2.571 2.378 2.235 2.096 2.457 2.355 2.233 2.091 1.95 1.802 2.36 2.188 2.016 1.895 1.784 2.124 1.981 1.862 1.763 1.594 2.018 2.113 1.96 1.573 1.403 1.213 1.928
85.8676 2.597 2.646 2.571 2.378 2.236 2.097 2.457 2.356 2.233 2.091 1.951 1.802 2.361 2.188 2.016 1.896 1.785 2.124 1.982 1.862 1.763 1.595 2.019 2.114 1.961 1.573 1.404 1.213 1.928
87.939 2.597 2.647 2.572 2.379 2.236 2.097 2.458 2.356 2.234 2.092 1.952 1.803 2.361 2.189 2.017 1.896 1.786 2.125 1.982 1.863 1.764 1.595 2.019 2.114 1.962 1.574 1.404 1.214 1.929
90.0604 2.598 2.647 2.572 2.379 2.237 2.098 2.459 2.357 2.234 2.093 1.952 1.804 2.362 2.189 2.017 1.897 1.786 2.126 1.983 1.863 1.764 1.596 2.02 2.115 1.962 1.574 1.405 1.214 1.929
92.2329 2.6 2.649 2.574 2.381 2.239 2.1 2.461 2.359 2.237 2.095 1.954 1.806 2.364 2.192 2.02 1.899 1.788 2.128 1.985 1.865 1.766 1.598 2.022 2.117 1.964 1.576 1.407 1.217 1.932
94.4579 2.602 2.652 2.577 2.384 2.241 2.102 2.463 2.361 2.239 2.097 1.957 1.808 2.366 2.194 2.022 1.901 1.791 2.13 1.988 1.868 1.769 1.6 2.024 2.119 1.967 1.579 1.409 1.219 1.934
96.7365 2.604 2.654 2.579 2.386 2.244 2.105 2.465 2.364 2.241 2.099 1.959 1.81 2.369 2.196 2.024 1.904 1.793 2.132 1.99 1.87 1.771 1.603 2.027 2.122 1.969 1.581 1.412 1.221 1.936
99.0701 2.607 2.656 2.581 2.388 2.246 2.107 2.468 2.366 2.244 2.102 1.961 1.813 2.371 2.199 2.027 1.906 1.795 2.135 1.992 1.872 1.773 1.605 2.029 2.124 1.971 1.583 1.414 1.224 1.939
101.4599 2.609 2.659 2.584 2.391 2.248 2.109 2.47 2.368 2.246 2.104 1.964 1.815 2.373 2.201 2.029 1.908 1.798 2.137 1.995 1.875 1.776 1.607 2.031 2.126 1.974 1.586 1.416 1.226 1.941
103.9075 2.612 2.661 2.586 2.393 2.251 2.112 2.472 2.371 2.248 2.106 1.966 1.817 2.376 2.203 2.031 1.911 1.8 2.139 1.997 1.877 1.778 1.61 2.034 2.129 1.976 1.588 1.419 1.228 1.943
106.4141 2.614 2.663 2.588 2.396 2.253 2.114 2.475 2.373 2.251 2.109 1.968 1.82 2.378 2.206 2.034 1.913 1.802 2.142 1.999 1.879 1.78 1.612 2.036 2.131 1.978 1.59 1.421 1.231 1.946
108.9811 2.616 2.666 2.591 2.398 2.255 2.116 2.477 2.375 2.253 2.111 1.971 1.822 2.38 2.208 2.036 1.915 1.805 2.144 2.002 1.882 1.783 1.614 2.038 2.134 1.981 1.593 1.423 1.233 1.948
111.6101 2.619 2.668 2.593 2.4 2.258 2.119 2.479 2.378 2.255 2.114 1.973 1.824 2.383 2.21 2.038 1.918 1.807 2.146 2.004 1.884 1.785 1.617 2.041 2.136 1.983 1.595 1.426 1.235 1.95
114.3025 2.621 2.67 2.595 2.402 2.26 2.121 2.482 2.38 2.257 2.116 1.975 1.827 2.385 2.212 2.04 1.92 1.809 2.149 2.006 1.886 1.787 1.619 2.043 2.138 1.985 1.597 1.428 1.238 1.953
117.0598 2.619 2.668 2.594 2.401 2.258 2.119 2.48 2.378 2.256 2.114 1.973 1.825 2.383 2.211 2.039 1.918 1.807 2.147 2.004 1.884 1.785 1.617 2.041 2.136 1.983 1.595 1.426 1.236 1.951
119.8836 2.617 2.667 2.592 2.399 2.256 2.117 2.478 2.376 2.254 2.112 1.972 1.823 2.381 2.209 2.037 1.916 1.806 2.145 2.003 1.883 1.784 1.615 2.039 2.134 1.982 1.594 1.424 1.234 1.949
122.7756 2.615 2.665 2.59 2.397 2.255 2.116 2.476 2.375 2.252 2.11 1.97 1.821 2.38 2.207 2.035 1.915 1.804 2.143 2.001 1.881 1.782 1.614 2.038 2.133 1.98 1.592 1.423 1.232 1.947
125.7373 2.614 2.663 2.588 2.395 2.253 2.114 2.475 2.373 2.251 2.109 1.968 1.82 2.378 2.205 2.034 1.913 1.802 2.142 1.999 1.879 1.78 1.612 2.036 2.131 1.978 1.59 1.421 1.231 1.946
128.7705 2.612 2.661 2.587 2.394 2.251 2.112 2.473 2.371 2.249 2.107 1.966 1.818 2.376 2.204 2.032 1.911 1.801 2.14 1.997 1.878 1.779 1.61 2.034 2.129 1.977 1.589 1.419 1.229 1.944
131.8769 2.61 2.66 2.585 2.392 2.25 2.11 2.471 2.37 2.247 2.105 1.965 1.816 2.375 2.202 2.03 1.909 1.799 2.138 1.996 1.876 1.777 1.609 2.032 2.128 1.975 1.587 1.418 1.227 1.942
135.0582 2.609 2.658 2.583 2.39 2.248 2.109 2.469 2.368 2.245 2.104 1.963 1.814 2.373 2.2 2.028 1.908 1.797 2.137 1.994 1.874 1.775 1.607 2.031 2.126 1.973 1.585 1.416 1.225 1.94
138.3162 2.607 2.656 2.581 2.389 2.246 2.107 2.468 2.366 2.244 2.102 1.961 1.813 2.371 2.199 2.027 1.906 1.795 2.135 1.992 1.872 1.773 1.605 2.029 2.124 1.971 1.583 1.414 1.224 1.939
141.6528 2.605 2.655 2.58 2.387 2.244 2.105 2.466 2.364 2.242 2.1 1.96 1.811 2.369 2.197 2.025 1.904 1.794 2.133 1.991 1.871 1.772 1.603 2.027 2.122 1.97 1.582 1.412 1.222 1.937
145.0699 2.612 2.661 2.587 2.394 2.251 2.112 2.473 2.371 2.249 2.107 1.966 1.818 2.376 2.204 2.032 1.911 1.8 2.14 1.997 1.878 1.778 1.61 2.034 2.129 1.976 1.589 1.419 1.229 1.944
148.5695 2.651 2.701 2.626 2.433 2.291 2.151 2.512 2.411 2.288 2.146 2.006 1.857 2.416 2.243 2.071 1.95 1.84 2.179 2.037 1.917 1.818 1.65 2.073 2.169 2.016 1.628 1.459 1.268 1.983
152.1534 2.691 2.74 2.665 2.472 2.33 2.191 2.552 2.45 2.327 2.186 2.045 1.897 2.455 2.282 2.11 1.99 1.879 2.219 2.076 1.956 1.857 1.689 2.113 2.208 2.055 1.667 1.498 1.307 2.022
155.8238 2.73 2.779 2.705 2.512 2.369 2.23 2.591 2.489 2.367 2.225 2.084 1.936 2.494 2.322 2.15 2.029 1.918 2.258 2.115 1.995 1.896 1.728 2.152 2.247 2.094 1.706 1.537 1.347 2.062
159.5828 2.769 2.819 2.744 2.551 2.408 2.269 2.63 2.528 2.406 2.264 2.124 1.975 2.534 2.361 2.189 2.068 1.958 2.297 2.155 2.035 1.936 1.768 2.191 2.287 2.134 1.746 1.576 1.386 2.101
163.4324 2.809 2.858 2.783 2.59 2.448 2.309 2.669 2.568 2.445 2.304 2.163 2.014 2.573 2.4 2.228 2.108 1.997 2.337 2.194 2.074 1.975 1.807 2.231 2.326 2.173 1.785 1.616 1.425 2.14
167.375 2.848 2.897 2.822 2.63 2.487 2.348 2.709 2.607 2.485 2.343 2.202 2.054 2.612 2.44 2.268 2.147 2.036 2.376 2.233 2.113 2.014 1.846 2.27 2.365 2.212 1.824 1.655 1.465 2.18
171.4126 2.887 2.937 2.862 2.669 2.526 2.387 2.748 2.646 2.524 2.382 2.242 2.093 2.651 2.479 2.307 2.186 2.076 2.415 2.273 2.153 2.054 1.885 2.309 2.405 2.252 1.864 1.694 1.504 2.219
175.5476 2.927 2.976 2.901 2.708 2.566 2.427 2.787 2.686 2.563 2.421 2.281 2.132 2.691 2.518 2.346 2.226 2.115 2.454 2.312 2.192 2.093 1.925 2.349 2.444 2.291 1.903 1.734 1.543 2.258
179.7823 2.966 3.015 2.94 2.747 2.605 2.466 2.827 2.725 2.603 2.461 2.32 2.172 2.73 2.558 2.386 2.265 2.154 2.494 2.351 2.231 2.132 1.964 2.388 2.483 2.33 1.942 1.773 1.583 2.298
184.1193 3.013 3.063 2.988 2.795 2.653 2.513 2.874 2.773 2.65 2.508 2.368 2.219 2.778 2.605 2.433 2.313 2.202 2.541 2.399 2.279 2.18 2.012 2.435 2.531 2.378 1.99 1.821 1.63 2.345
188.5608 3.076 3.125 3.051 2.858 2.715 2.576 2.937 2.835 2.713 2.571 2.431 2.282 2.84 2.668 2.496 2.375 2.265 2.604 2.461 2.342 2.243 2.074 2.498 2.593 2.441 2.053 1.883 1.693 2.408
193.1095 3.139 3.188 3.113 2.92 2.778 2.639 3.0 2.898 2.776 2.634 2.493 2.345 2.903 2.73 2.559 2.438 2.327 2.667 2.524 2.404 2.305 2.137 2.561 2.656 2.503 2.115 1.946 1.756 2.471
197.7679 3.201 3.251 3.176 2.983 2.841 2.702 3.062 2.961 2.838 2.696 2.556 2.407 2.966 2.793 2.621 2.501 2.39 2.729 2.587 2.467 2.368 2.2 2.624 2.719 2.566 2.178 2.009 1.818 2.533
202.5387 3.264 3.314 3.239 3.046 2.903 2.764 3.125 3.023 2.901 2.759 2.619 2.47 3.028 2.856 2.684 2.563 2.453 2.792 2.649 2.53 2.431 2.262 2.686 2.781 2.629 2.241 2.071 1.881 2.596
207.4245 3.327 3.376 3.301 3.108 2.966 2.827 3.188 3.086 2.964 2.822 2.681 2.533 3.091 2.918 2.747 2.626 2.515 2.855 2.712 2.592 2.493 2.325 2.749 2.844 2.691 2.303 2.134 1.944 2.659
212.4283 3.389 3.439 3.364 3.171 3.029 2.89 3.25 3.149 3.026 2.884 2.744 2.595 3.154 2.981 2.809 2.689 2.578 2.917 2.775 2.655 2.556 2.388 2.812 2.907 2.754 2.366 2.197 2.006 2.721
217.5527 3.452 3.502 3.427 3.234 3.091 2.952 3.313 3.211 3.089 2.947 2.807 2.658 3.216 3.044 2.872 2.751 2.641 2.98 2.837 2.718 2.619 2.45 2.874 2.969 2.817 2.429 2.259 2.069 2.784
222.8008 3.515 3.564 3.489 3.296 3.154 3.015 3.376 3.274 3.152 3.01 2.869 2.721 3.279 3.106 2.935 2.814 2.703 3.043 2.9 2.78 2.681 2.513 2.937 3.032 2.879 2.491 2.322 2.132 2.847
228.1754 3.577 3.627 3.552 3.359 3.217 3.078 3.438 3.337 3.214 3.072 2.932 2.783 3.342 3.169 2.997 2.877 2.766 3.105 2.963 2.843 2.744 2.576 3.0 3.095 2.942 2.554 2.385 2.194 2.909
233.6797 3.645 3.694 3.619 3.426 3.284 3.145 3.506 3.404 3.281 3.14 2.999 2.851 3.409 3.236 3.064 2.944 2.833 3.173 3.03 2.91 2.811 2.643 3.067 3.162 3.009 2.621 2.452 2.261 2.976
239.3168 3.716 3.766 3.691 3.498 3.356 3.216 3.577 3.476 3.353 3.211 3.071 2.922 3.481 3.308 3.136 3.015 2.905 3.244 3.102 2.982 2.883 2.715 3.138 3.234 3.081 2.693 2.524 2.333 3.048
245.0899 3.788 3.838 3.763 3.57 3.427 3.288 3.649 3.547 3.425 3.283 3.143 2.994 3.552 3.38 3.208 3.087 2.977 3.316 3.173 3.054 2.955 2.786 3.21 3.305 3.153 2.765 2.595 2.405 3.12
251.0022 3.86 3.909 3.834 3.641 3.499 3.36 3.721 3.619 3.497 3.355 3.214 3.066 3.624 3.451 3.28 3.159 3.048 3.388 3.245 3.125 3.026 2.858 3.282 3.377 3.224 2.836 2.667 2.477 3.192
257.0572 3.932 3.981 3.906 3.713 3.571 3.432 3.792 3.691 3.568 3.426 3.286 3.137 3.696 3.523 3.351 3.231 3.12 3.459 3.317 3.197 3.098 2.93 3.354 3.449 3.296 2.908 2.739 2.548 3.263
263.2582 4.003 4.053 3.978 3.785 3.642 3.503 3.864 3.763 3.64 3.498 3.358 3.209 3.768 3.595 3.423 3.302 3.192 3.531 3.389 3.269 3.17 3.002 3.425 3.521 3.368 2.98 2.81 2.62 3.335
269.6088 4.075 4.124 4.05 3.857 3.714 3.575 3.936 3.834 3.712 3.57 3.429 3.281 3.839 3.667 3.495 3.374 3.264 3.603 3.46 3.341 3.242 3.073 3.497 3.592 3.44 3.052 2.882 2.692 3.407
276.1126 4.147 4.196 4.121 3.928 3.786 3.647 4.008 3.906 3.784 3.642 3.501 3.353 3.911 3.738 3.567 3.446 3.335 3.675 3.532 3.412 3.313 3.145 3.569 3.664 3.511 3.123 2.954 2.764 3.479
282.7734 4.218 4.268 4.193 4.0 3.858 3.719 4.079 3.978 3.855 3.713 3.573 3.424 3.983 3.81 3.638 3.518 3.407 3.746 3.604 3.484 3.385 3.217 3.641 3.736 3.583 3.195 3.026 2.835 3.55
289.5947 4.29 4.34 4.265 4.072 3.929 3.79 4.151 4.049 3.927 3.785 3.645 3.496 4.054 3.882 3.71 3.589 3.479 3.818 3.676 3.556 3.457 3.288 3.712 3.807 3.655 3.267 3.097 2.907 3.622
296.5807 4.362 4.412 4.337 4.144 4.002 3.863 4.223 4.122 3.999 3.857 3.717 3.568 4.127 3.954 3.782 3.662 3.551 3.89 3.748 3.628 3.529 3.361 3.785 3.88 3.727 3.339 3.17 2.979 3.694
303.7351 4.435 4.484 4.41 4.217 4.074 3.935 4.296 4.194 4.072 3.93 3.789 3.641 4.199 4.027 3.855 3.734 3.623 3.963 3.82 3.701 3.601 3.433 3.857 3.952 3.799 3.412 3.242 3.052 3.767
311.0622 4.507 4.557 4.482 4.289 4.147 4.008 4.368 4.267 4.144 4.002 3.862 3.713 4.272 4.099 3.927 3.807 3.696 4.035 3.893 3.773 3.674 3.506 3.93 4.025 3.872 3.484 3.315 3.124 3.839
318.566 4.58 4.629 4.555 4.362 4.219 4.08 4.441 4.339 4.217 4.075 3.934 3.786 4.344 4.172 4.0 3.879 3.769 4.108 3.965 3.846 3.747 3.578 4.002 4.097 3.945 3.557 3.387 3.197 3.912
326.2508 4.653 4.702 4.627 4.434 4.292 4.153 4.513 4.412 4.289 4.147 4.007 3.858 4.417 4.244 4.072 3.952 3.841 4.18 4.038 3.918 3.819 3.651 4.075 4.17 4.017 3.629 3.46 3.269 3.984
334.121 4.725 4.775 4.7 4.507 4.364 4.225 4.586 4.484 4.362 4.22 4.08 3.931 4.489 4.317 4.145 4.024 3.914 4.253 4.11 3.991 3.892 3.723 4.147 4.242 4.09 3.702 3.532 3.342 4.057
342.181 4.798 4.847 4.772 4.579 4.437 4.298 4.659 4.557 4.434 4.293 4.152 4.004 4.562 4.389 4.217 4.097 3.986 4.326 4.183 4.063 3.964 3.796 4.22 4.315 4.162 3.774 3.605 3.414 4.129
350.4355 4.87 4.92 4.845 4.652 4.509 4.37 4.731 4.629 4.507 4.365 4.225 4.076 4.634 4.462 4.29 4.169 4.059 4.398 4.256 4.136 4.037 3.868 4.292 4.387 4.235 3.847 3.677 3.487 4.202
358.8891 4.943 4.992 4.917 4.724 4.582 4.443 4.804 4.702 4.579 4.438 4.297 4.149 4.707 4.534 4.363 4.242 4.131 4.471 4.328 4.208 4.109 3.941 4.365 4.46 4.307 3.919 3.75 3.56 4.275
367.5467 5.015 5.065 4.99 4.797 4.654 4.515 4.876 4.774 4.652 4.51 4.37 4.221 4.779 4.607 4.435 4.314 4.204 4.543 4.401 4.281 4.182 4.013 4.437 4.532 4.38 3.992 3.822 3.632 4.347
376.4131 5.082 5.132 5.057 4.864 4.722 4.583 4.943 4.842 4.719 4.577 4.437 4.288 4.847 4.674 4.502 4.382 4.271 4.61 4.468 4.348 4.249 4.081 4.505 4.6 4.447 4.059 3.89 3.699 4.414
385.4933 5.148 5.198 5.123 4.93 4.787 4.648 5.009 4.907 4.785 4.643 4.503 4.354 4.912 4.74 4.568 4.447 4.337 4.676 4.534 4.414 4.315 4.146 4.57 4.665 4.513 4.125 3.955 3.765 4.48
394.7926 5.214 5.263 5.188 4.995 4.853 4.714 5.075 4.973 4.851 4.709 4.568 4.42 4.978 4.806 4.634 4.513 4.402 4.742 4.599 4.479 4.38 4.212 4.636 4.731 4.578 4.19 4.021 3.831 4.546
404.3163 5.28 5.329 5.254 5.061 4.919 4.78 5.14 5.039 4.916 4.775 4.634 4.485 5.044 4.871 4.699 4.579 4.468 4.808 4.665 4.545 4.446 4.278 4.702 4.797 4.644 4.256 4.087 3.896 4.611
414.0697 5.345 5.395 5.32 5.127 4.985 4.845 5.206 5.105 4.982 4.84 4.7 4.551 5.11 4.937 4.765 4.644 4.534 4.873 4.731 4.611 4.512 4.344 4.767 4.863 4.71 4.322 4.153 3.962 4.677
424.0583 5.411 5.46 5.386 5.193 5.05 4.911 5.272 5.17 5.048 4.906 4.765 4.617 5.175 5.003 4.831 4.71 4.6 4.939 4.796 4.677 4.578 4.409 4.833 4.928 4.776 4.388 4.218 4.028 4.743
434.2879 5.477 5.526 5.451 5.258 5.116 4.977 5.338 5.236 5.114 4.972 4.831 4.683 5.241 5.068 4.897 4.776 4.665 5.005 4.862 4.742 4.643 4.475 4.899 4.994 4.841 4.453 4.284 4.094 4.809
444.7643 5.542 5.592 5.517 5.324 5.182 5.043 5.403 5.302 5.179 5.037 4.897 4.748 5.307 5.134 4.962 4.842 4.731 5.07 4.928 4.808 4.709 4.541 4.965 5.06 4.907 4.519 4.35 4.159 4.874
455.4934 5.608 5.658 5.583 5.39 5.247 5.108 5.469 5.367 5.245 5.103 4.963 4.814 5.372 5.2 5.028 4.907 4.797 5.136 4.994 4.874 4.775 4.606 5.03 5.125 4.973 4.585 4.415 4.225 4.94
466.4814 5.674 5.723 5.648 5.456 5.313 5.174 5.535 5.433 5.311 5.169 5.028 4.88 5.438 5.266 5.094 4.973 4.862 5.202 5.059 4.939 4.84 4.672 5.096 5.191 5.038 4.65 4.481 4.291 5.006
477.7344 5.731 5.78 5.705 5.512 5.37 5.231 5.592 5.49 5.368 5.226 5.085 4.937 5.495 5.322 5.151 5.03 4.919 5.259 5.116 4.996 4.897 4.729 5.153 5.248 5.095 4.707 4.538 4.348 5.063
489.2588 5.787 5.836 5.761 5.568 5.426 5.287 5.648 5.546 5.424 5.282 5.141 4.993 5.551 5.378 5.207 5.086 4.975 5.315 5.172 5.052 4.953 4.785 5.209 5.304 5.151 4.763 4.594 4.404 5.119
501.0613 5.843 5.892 5.817 5.625 5.482 5.343 5.704 5.602 5.48 5.338 5.197 5.049 5.607 5.435 5.263 5.142 5.031 5.371 5.228 5.108 5.009 4.841 5.265 5.36 5.207 4.819 4.65 4.46 5.175
513.1485 5.899 5.948 5.874 5.681 5.538 5.399 5.76 5.658 5.536 5.394 5.253 5.105 5.663 5.491 5.319 5.198 5.087 5.427 5.284 5.165 5.065 4.897 5.321 5.416 5.263 4.876 4.706 4.516 5.231
525.5272 5.955 6.004 5.93 5.737 5.594 5.455 5.816 5.714 5.592 5.45 5.31 5.161 5.719 5.547 5.375 5.254 5.144 5.483 5.34 5.221 5.122 4.953 5.377 5.472 5.32 4.932 4.762 4.572 5.287
538.2046 6.011 6.061 5.986 5.793 5.65 5.511 5.872 5.77 5.648 5.506 5.366 5.217 5.775 5.603 5.431 5.31 5.2 5.539 5.397 5.277 5.178 5.009 5.433 5.528 5.376 4.988 4.818 4.628 5.343
551.1878 6.067 6.117 6.042 5.849 5.706 5.567 5.928 5.826 5.704 5.562 5.422 5.273 5.832 5.659 5.487 5.366 5.256 5.595 5.453 5.333 5.234 5.065 5.489 5.585 5.432 5.044 4.874 4.684 5.399
564.4842 6.123 6.173 6.098 5.905 5.763 5.623 5.984 5.883 5.76 5.618 5.478 5.329 5.888 5.715 5.543 5.422 5.312 5.651 5.509 5.389 5.29 5.122 5.545 5.641 5.488 5.1 4.931 4.74 5.455
578.1013 6.179 6.229 6.154 5.961 5.819 5.679 6.04 5.939 5.816 5.674 5.534 5.385 5.944 5.771 5.599 5.479 5.368 5.707 5.565 5.445 5.346 5.178 5.602 5.697 5.544 5.156 4.987 4.796 5.511
592.0469 6.235 6.285 6.21 6.017 5.875 5.735 6.096 5.995 5.872 5.73 5.59 5.441 6.0 5.827 5.655 5.535 5.424 5.763 5.621 5.501 5.402 5.234 5.657 5.753 5.6 5.212 5.043 4.852 5.567
606.329 6.29 6.339 6.264 6.071 5.929 5.79 6.15 6.049 5.926 5.785 5.644 5.495 6.054 5.881 5.709 5.589 5.478 5.818 5.675 5.555 5.456 5.288 5.712 5.807 5.654 5.266 5.097 4.906 5.621
620.9555 6.344 6.393 6.318 6.125 5.983 5.844 6.205 6.103 5.981 5.839 5.698 5.55 6.108 5.936 5.764 5.643 5.532 5.872 5.729 5.609 5.51 5.342 5.766 5.861 5.708 5.32 5.151 4.961 5.676
635.9349 6.398 6.447 6.373 6.18 6.037 5.898 6.259 6.157 6.035 5.893 5.753 5.604 6.162 5.99 5.818 5.697 5.587 5.926 5.783 5.664 5.565 5.396 5.82 5.915 5.763 5.375 5.205 5.015 5.73
651.2757 6.452 6.502 6.427 6.234 6.091 5.952 6.313 6.212 6.089 5.947 5.807 5.658 6.217 6.044 5.872 5.751 5.641 5.98 5.838 5.718 5.619 5.451 5.874 5.97 5.817 5.429 5.259 5.069 5.784
666.9865 6.506 6.556 6.481 6.288 6.146 6.007 6.367 6.266 6.143 6.001 5.861 5.712 6.271 6.098 5.926 5.806 5.695 6.034 5.892 5.772 5.673 5.505 5.929 6.024 5.871 5.483 5.314 5.123 5.838
