web/models/grb/offaxis/24/grb_0.2967_0.7197_0.3981072.dat
# %ECSV 1.0
# ---
# datatype:
# - {name: time, datatype: float64}
# - {name: swift_uvot_uvw2, datatype: float64}
# - {name: swift_uvot_uvm2, datatype: float64}
# - {name: swift_uvot_uvw1, datatype: float64}
# - {name: swift_uvot_U, datatype: float64}
# - {name: swift_uvot_B, datatype: float64}
# - {name: swift_uvot_V, datatype: float64}
# - {name: swift_uvot_W, datatype: float64}
# - {name: johnson_U, datatype: float64}
# - {name: johnson_B, datatype: float64}
# - {name: johnson_V, datatype: float64}
# - {name: johnson_R, datatype: float64}
# - {name: johnson_I, datatype: float64}
# - {name: sdss_u, datatype: float64}
# - {name: sdss_g, datatype: float64}
# - {name: sdss_r, datatype: float64}
# - {name: sdss_i, datatype: float64}
# - {name: sdss_z, datatype: float64}
# - {name: PS1_g, datatype: float64}
# - {name: PS1_r, datatype: float64}
# - {name: PS1_i, datatype: float64}
# - {name: PS1_z, datatype: float64}
# - {name: PS1_Y, datatype: float64}
# - {name: ukirt_J, datatype: float64}
# - {name: ukirt_H, datatype: float64}
# - {name: ukirt_K, datatype: float64}
# meta: !!omap
# - comment: [E = 0.0003123183844771778, Eta0 = 8.02, GammaB = 12.0, dL = 0.012188, epsb = 6.760829753919819e-06, epse = 0.1, n = 0.3981071705534969,
#     p = 2.15, theta_obs = 0.29670597283903605, xiN = 1.0, z = 0.0, type = grb, E_kiso = 0.7196856730011522]
# schema: astropy-2.0
time swift_uvot_uvw2 swift_uvot_uvm2 swift_uvot_uvw1 swift_uvot_U swift_uvot_B swift_uvot_V swift_uvot_W johnson_U johnson_B johnson_V johnson_R johnson_I sdss_u sdss_g sdss_r sdss_i sdss_z PS1_g PS1_r PS1_i PS1_z PS1_Y ukirt_J ukirt_H ukirt_K
0.01 1.545 1.594 1.52 1.327 1.184 1.045 1.406 1.304 1.182 1.04 0.899 0.751 1.309 1.137 0.965 0.844 0.733 1.073 0.93 0.81 0.711 0.543 0.522 0.352 0.162
0.0102 1.519 1.568 1.493 1.3 1.158 1.019 1.38 1.278 1.156 1.014 0.873 0.725 1.283 1.111 0.939 0.818 0.707 1.047 0.904 0.784 0.685 0.517 0.495 0.326 0.136
0.0105 1.493 1.542 1.467 1.274 1.132 0.993 1.354 1.252 1.13 0.988 0.847 0.699 1.257 1.084 0.913 0.792 0.681 1.021 0.878 0.758 0.659 0.491 0.469 0.3 0.11
0.0107 1.467 1.516 1.441 1.248 1.106 0.967 1.328 1.226 1.103 0.962 0.821 0.673 1.231 1.058 0.886 0.766 0.655 0.995 0.852 0.732 0.633 0.465 0.443 0.274 0.084
0.011 1.441 1.49 1.415 1.222 1.08 0.941 1.301 1.2 1.077 0.935 0.795 0.646 1.205 1.032 0.86 0.74 0.629 0.968 0.826 0.706 0.607 0.439 0.417 0.248 0.057
0.0113 1.414 1.464 1.389 1.196 1.054 0.915 1.275 1.174 1.051 0.909 0.769 0.62 1.179 1.006 0.834 0.714 0.603 0.942 0.8 0.68 0.581 0.413 0.391 0.222 0.031
0.0115 1.388 1.438 1.363 1.17 1.028 0.888 1.249 1.148 1.025 0.883 0.743 0.594 1.153 0.98 0.808 0.687 0.577 0.916 0.774 0.654 0.555 0.387 0.365 0.196 0.005
0.0118 1.362 1.412 1.337 1.144 1.001 0.862 1.223 1.121 0.999 0.857 0.717 0.568 1.127 0.954 0.782 0.661 0.551 0.89 0.748 0.628 0.529 0.361 0.339 0.169 -0.021
0.0121 1.336 1.386 1.311 1.118 0.975 0.836 1.197 1.095 0.973 0.831 0.691 0.542 1.1 0.928 0.756 0.635 0.525 0.864 0.722 0.602 0.503 0.334 0.313 0.143 -0.047
0.0124 1.311 1.36 1.285 1.092 0.95 0.811 1.172 1.07 0.947 0.806 0.665 0.517 1.075 0.902 0.73 0.61 0.499 0.839 0.696 0.576 0.477 0.309 0.287 0.118 -0.073
0.0127 1.286 1.335 1.26 1.067 0.925 0.786 1.146 1.045 0.922 0.78 0.64 0.491 1.05 0.877 0.705 0.585 0.474 0.813 0.671 0.551 0.452 0.284 0.262 0.093 -0.098
0.013 1.26 1.31 1.235 1.042 0.9 0.761 1.121 1.02 0.897 0.755 0.615 0.466 1.025 0.852 0.68 0.56 0.449 0.788 0.646 0.526 0.427 0.259 0.237 0.068 -0.123
0.0133 1.235 1.285 1.21 1.017 0.875 0.735 1.096 0.995 0.872 0.73 0.59 0.441 1.0 0.827 0.655 0.535 0.424 0.763 0.621 0.501 0.402 0.234 0.212 0.043 -0.148
0.0136 1.21 1.26 1.185 0.992 0.85 0.71 1.071 0.97 0.847 0.705 0.565 0.416 0.975 0.802 0.63 0.509 0.399 0.738 0.596 0.476 0.377 0.209 0.187 0.018 -0.173
0.014 1.185 1.235 1.16 0.967 0.824 0.685 1.046 0.944 0.822 0.68 0.54 0.391 0.949 0.777 0.605 0.484 0.374 0.713 0.571 0.451 0.352 0.183 0.162 -0.008 -0.198
0.0143 1.16 1.21 1.135 0.942 0.799 0.66 1.021 0.919 0.797 0.655 0.515 0.366 0.924 0.752 0.58 0.459 0.349 0.688 0.546 0.426 0.327 0.158 0.137 -0.033 -0.223
0.0146 1.135 1.184 1.11 0.917 0.774 0.635 0.996 0.894 0.772 0.63 0.49 0.341 0.899 0.727 0.555 0.434 0.324 0.663 0.52 0.401 0.302 0.133 0.112 -0.058 -0.248
0.015 1.11 1.159 1.085 0.892 0.749 0.61 0.971 0.869 0.747 0.605 0.464 0.316 0.874 0.702 0.53 0.409 0.298 0.638 0.495 0.376 0.276 0.108 0.087 -0.083 -0.273
0.0154 1.085 1.134 1.059 0.867 0.724 0.585 0.946 0.844 0.722 0.58 0.439 0.291 0.849 0.677 0.505 0.384 0.273 0.613 0.47 0.35 0.251 0.083 0.061 -0.108 -0.298
0.0157 1.06 1.109 1.035 0.842 0.699 0.56 0.921 0.819 0.697 0.555 0.414 0.266 0.824 0.652 0.48 0.359 0.248 0.588 0.445 0.325 0.226 0.058 0.036 -0.133 -0.323
0.0161 1.035 1.084 1.01 0.817 0.674 0.535 0.896 0.794 0.672 0.53 0.389 0.241 0.799 0.627 0.455 0.334 0.224 0.563 0.42 0.301 0.202 0.033 0.012 -0.158 -0.348
0.0165 1.01 1.06 0.985 0.792 0.649 0.51 0.871 0.769 0.647 0.505 0.365 0.216 0.774 0.602 0.43 0.309 0.199 0.538 0.395 0.276 0.177 0.008 -0.013 -0.183 -0.373
0.0169 0.985 1.035 0.96 0.767 0.624 0.485 0.846 0.744 0.622 0.48 0.34 0.191 0.749 0.577 0.405 0.284 0.174 0.513 0.371 0.251 0.152 -0.017 -0.038 -0.208 -0.398
0.0173 0.96 1.01 0.935 0.742 0.599 0.46 0.821 0.72 0.597 0.455 0.315 0.166 0.725 0.552 0.38 0.259 0.149 0.488 0.346 0.226 0.127 -0.041 -0.063 -0.233 -0.423
0.0177 0.935 0.985 0.91 0.717 0.575 0.435 0.796 0.695 0.572 0.43 0.29 0.141 0.7 0.527 0.355 0.234 0.124 0.463 0.321 0.201 0.102 -0.066 -0.088 -0.257 -0.448
0.0181 0.91 0.96 0.885 0.692 0.55 0.411 0.771 0.67 0.547 0.405 0.265 0.116 0.675 0.502 0.33 0.21 0.099 0.438 0.296 0.176 0.077 -0.091 -0.113 -0.282 -0.473
0.0186 0.886 0.935 0.86 0.667 0.525 0.386 0.746 0.645 0.522 0.38 0.24 0.091 0.65 0.477 0.305 0.185 0.074 0.413 0.271 0.151 0.052 -0.116 -0.138 -0.307 -0.498
0.019 0.861 0.91 0.835 0.642 0.5 0.361 0.722 0.62 0.497 0.356 0.215 0.067 0.625 0.452 0.28 0.16 0.049 0.389 0.246 0.126 0.027 -0.141 -0.163 -0.332 -0.523
0.0195 0.836 0.885 0.81 0.617 0.475 0.336 0.697 0.595 0.473 0.331 0.19 0.042 0.6 0.427 0.256 0.135 0.024 0.364 0.221 0.101 0.002 -0.166 -0.188 -0.357 -0.547
0.02 0.815 0.864 0.789 0.596 0.454 0.315 0.676 0.574 0.452 0.31 0.169 0.021 0.579 0.406 0.235 0.114 0.003 0.343 0.2 0.08 -0.019 -0.187 -0.209 -0.378 -0.568
0.0204 0.794 0.844 0.769 0.576 0.434 0.295 0.655 0.554 0.431 0.289 0.149 0.0 0.559 0.386 0.214 0.094 -0.017 0.322 0.18 0.06 -0.039 -0.207 -0.229 -0.398 -0.589
0.0209 0.774 0.824 0.749 0.556 0.413 0.274 0.635 0.533 0.411 0.269 0.129 -0.02 0.538 0.366 0.194 0.073 -0.037 0.302 0.16 0.04 -0.059 -0.228 -0.249 -0.419 -0.609
0.0214 0.754 0.803 0.729 0.536 0.393 0.254 0.615 0.513 0.391 0.249 0.108 -0.04 0.518 0.346 0.174 0.053 -0.058 0.282 0.139 0.019 -0.08 -0.248 -0.27 -0.439 -0.629
0.022 0.734 0.783 0.708 0.515 0.373 0.234 0.595 0.493 0.37 0.229 0.088 -0.06 0.498 0.325 0.154 0.033 -0.078 0.262 0.119 -0.001 -0.1 -0.268 -0.29 -0.459 -0.649
0.0225 0.713 0.763 0.688 0.495 0.353 0.214 0.574 0.473 0.35 0.208 0.068 -0.081 0.478 0.305 0.133 0.013 -0.098 0.241 0.099 -0.021 -0.12 -0.288 -0.31 -0.479 -0.67
0.023 0.693 0.743 0.668 0.475 0.332 0.193 0.554 0.452 0.33 0.188 0.048 -0.101 0.457 0.285 0.113 -0.008 -0.118 0.221 0.079 -0.041 -0.14 -0.309 -0.33 -0.5 -0.69
0.0236 0.673 0.722 0.647 0.455 0.312 0.173 0.534 0.432 0.31 0.168 0.027 -0.121 0.437 0.265 0.093 -0.028 -0.139 0.201 0.058 -0.062 -0.161 -0.329 -0.351 -0.52 -0.71
0.0242 0.653 0.702 0.627 0.434 0.292 0.153 0.514 0.412 0.289 0.148 0.007 -0.141 0.417 0.244 0.072 -0.048 -0.159 0.181 0.038 -0.082 -0.181 -0.349 -0.371 -0.54 -0.731
0.0247 0.632 0.682 0.607 0.414 0.272 0.132 0.493 0.392 0.269 0.127 -0.013 -0.162 0.397 0.224 0.052 -0.068 -0.179 0.16 0.018 -0.102 -0.201 -0.369 -0.391 -0.56 -0.751
0.0253 0.616 0.666 0.591 0.398 0.256 0.117 0.477 0.376 0.253 0.111 -0.029 -0.178 0.381 0.208 0.036 -0.084 -0.195 0.144 0.002 -0.118 -0.217 -0.385 -0.407 -0.576 -0.767
0.0259 0.601 0.65 0.575 0.382 0.24 0.101 0.461 0.36 0.237 0.096 -0.045 -0.194 0.365 0.192 0.02 -0.1 -0.211 0.129 -0.014 -0.134 -0.233 -0.401 -0.423 -0.592 -0.783
0.0266 0.585 0.634 0.559 0.366 0.224 0.085 0.446 0.344 0.222 0.08 -0.061 -0.209 0.349 0.176 0.005 -0.116 -0.227 0.113 -0.03 -0.15 -0.249 -0.417 -0.439 -0.608 -0.798
0.0272 0.569 0.618 0.543 0.35 0.208 0.069 0.43 0.328 0.206 0.064 -0.077 -0.225 0.333 0.161 -0.011 -0.132 -0.243 0.097 -0.046 -0.166 -0.265 -0.433 -0.455 -0.624 -0.814
0.0279 0.553 0.602 0.528 0.335 0.192 0.053 0.414 0.312 0.19 0.048 -0.093 -0.241 0.317 0.145 -0.027 -0.148 -0.259 0.081 -0.062 -0.182 -0.281 -0.449 -0.471 -0.64 -0.83
0.0285 0.537 0.587 0.512 0.319 0.176 0.037 0.398 0.296 0.174 0.032 -0.108 -0.257 0.301 0.129 -0.043 -0.164 -0.274 0.065 -0.078 -0.197 -0.296 -0.465 -0.486 -0.656 -0.846
0.0292 0.521 0.571 0.496 0.303 0.16 0.021 0.382 0.28 0.158 0.016 -0.124 -0.273 0.285 0.113 -0.059 -0.18 -0.29 0.049 -0.093 -0.213 -0.312 -0.481 -0.502 -0.672 -0.862
0.0299 0.505 0.555 0.48 0.287 0.145 0.005 0.366 0.265 0.142 0.0 -0.14 -0.289 0.27 0.097 -0.075 -0.196 -0.306 0.033 -0.109 -0.229 -0.328 -0.496 -0.518 -0.687 -0.878
0.0307 0.489 0.539 0.464 0.271 0.129 -0.01 0.35 0.249 0.126 -0.016 -0.156 -0.305 0.254 0.081 -0.091 -0.211 -0.322 0.017 -0.125 -0.245 -0.344 -0.512 -0.534 -0.703 -0.894
0.0314 0.474 0.523 0.448 0.255 0.113 -0.026 0.335 0.233 0.111 -0.031 -0.172 -0.32 0.238 0.065 -0.106 -0.227 -0.338 0.002 -0.141 -0.261 -0.36 -0.528 -0.55 -0.719 -0.909
0.0322 0.459 0.509 0.434 0.241 0.099 -0.04 0.32 0.219 0.096 -0.046 -0.186 -0.335 0.224 0.051 -0.121 -0.241 -0.352 -0.013 -0.155 -0.275 -0.374 -0.542 -0.564 -0.733 -0.924
0.0329 0.445 0.495 0.42 0.227 0.084 -0.055 0.306 0.204 0.082 -0.06 -0.2 -0.349 0.209 0.037 -0.135 -0.256 -0.366 -0.027 -0.17 -0.289 -0.388 -0.557 -0.578 -0.748 -0.938
0.0337 0.431 0.48 0.405 0.212 0.07 -0.069 0.292 0.19 0.068 -0.074 -0.215 -0.363 0.195 0.022 -0.149 -0.27 -0.381 -0.041 -0.184 -0.304 -0.403 -0.571 -0.593 -0.762 -0.952
0.0345 0.416 0.466 0.391 0.198 0.056 -0.083 0.277 0.176 0.053 -0.089 -0.229 -0.378 0.181 0.008 -0.164 -0.284 -0.395 -0.056 -0.198 -0.318 -0.417 -0.585 -0.607 -0.776 -0.967
0.0354 0.402 0.452 0.377 0.184 0.041 -0.098 0.263 0.161 0.039 -0.103 -0.243 -0.392 0.166 -0.006 -0.178 -0.299 -0.409 -0.07 -0.213 -0.332 -0.431 -0.6 -0.621 -0.791 -0.981
0.0362 0.388 0.437 0.362 0.169 0.027 -0.112 0.249 0.147 0.025 -0.117 -0.258 -0.406 0.152 -0.021 -0.192 -0.313 -0.424 -0.084 -0.227 -0.347 -0.446 -0.614 -0.636 -0.805 -0.995
0.0371 0.373 0.423 0.348 0.155 0.013 -0.127 0.234 0.133 0.01 -0.132 -0.272 -0.421 0.138 -0.035 -0.207 -0.327 -0.438 -0.099 -0.241 -0.361 -0.46 -0.628 -0.65 -0.819 -1.01
0.038 0.359 0.408 0.334 0.141 -0.002 -0.141 0.22 0.118 -0.004 -0.146 -0.286 -0.435 0.123 -0.049 -0.221 -0.342 -0.452 -0.113 -0.256 -0.375 -0.474 -0.643 -0.664 -0.834 -1.024
0.0389 0.345 0.394 0.319 0.126 -0.016 -0.155 0.206 0.104 -0.018 -0.16 -0.301 -0.449 0.109 -0.064 -0.235 -0.356 -0.467 -0.127 -0.27 -0.39 -0.489 -0.657 -0.679 -0.848 -1.038
0.0398 0.331 0.381 0.306 0.113 -0.03 -0.169 0.192 0.09 -0.032 -0.174 -0.314 -0.463 0.095 -0.077 -0.249 -0.37 -0.48 -0.141 -0.284 -0.403 -0.502 -0.671 -0.692 -0.862 -1.052
0.0408 0.319 0.369 0.294 0.101 -0.041 -0.181 0.18 0.079 -0.044 -0.186 -0.326 -0.475 0.084 -0.089 -0.261 -0.381 -0.492 -0.153 -0.295 -0.415 -0.514 -0.682 -0.704 -0.873 -1.064
0.0418 0.308 0.357 0.282 0.089 -0.053 -0.192 0.169 0.067 -0.056 -0.197 -0.338 -0.486 0.072 -0.101 -0.273 -0.393 -0.504 -0.164 -0.307 -0.427 -0.526 -0.694 -0.716 -0.885 -1.075
0.0428 0.296 0.345 0.27 0.078 -0.065 -0.204 0.157 0.055 -0.067 -0.209 -0.35 -0.498 0.06 -0.112 -0.284 -0.405 -0.516 -0.176 -0.319 -0.439 -0.538 -0.706 -0.728 -0.897 -1.087
0.0438 0.284 0.334 0.259 0.066 -0.077 -0.216 0.145 0.043 -0.079 -0.221 -0.361 -0.51 0.048 -0.124 -0.296 -0.417 -0.527 -0.188 -0.33 -0.45 -0.549 -0.718 -0.739 -0.909 -1.099
0.0449 0.272 0.322 0.247 0.054 -0.088 -0.227 0.133 0.032 -0.091 -0.233 -0.373 -0.522 0.037 -0.136 -0.308 -0.428 -0.539 -0.2 -0.342 -0.462 -0.561 -0.729 -0.751 -0.92 -1.111
0.046 0.261 0.31 0.235 0.042 -0.1 -0.239 0.122 0.02 -0.102 -0.244 -0.385 -0.533 0.025 -0.148 -0.319 -0.44 -0.551 -0.211 -0.354 -0.474 -0.573 -0.741 -0.763 -0.932 -1.122
0.0471 0.249 0.298 0.224 0.031 -0.112 -0.251 0.11 0.008 -0.114 -0.256 -0.397 -0.545 0.013 -0.159 -0.331 -0.452 -0.563 -0.223 -0.366 -0.485 -0.585 -0.753 -0.774 -0.944 -1.134
0.0482 0.237 0.287 0.212 0.019 -0.124 -0.263 0.098 -0.004 -0.126 -0.268 -0.408 -0.557 0.001 -0.171 -0.343 -0.464 -0.574 -0.235 -0.377 -0.497 -0.596 -0.765 -0.786 -0.956 -1.146
0.0494 0.225 0.275 0.2 0.007 -0.135 -0.274 0.086 -0.015 -0.138 -0.28 -0.42 -0.569 -0.01 -0.183 -0.355 -0.475 -0.586 -0.247 -0.389 -0.509 -0.608 -0.776 -0.798 -0.967 -1.158
0.0506 0.213 0.263 0.188 -0.005 -0.148 -0.287 0.074 -0.028 -0.15 -0.292 -0.432 -0.581 -0.023 -0.195 -0.367 -0.488 -0.598 -0.259 -0.401 -0.521 -0.62 -0.789 -0.81 -0.98 -1.17
0.0518 0.2 0.25 0.175 -0.018 -0.161 -0.3 0.061 -0.041 -0.163 -0.305 -0.445 -0.594 -0.036 -0.208 -0.38 -0.501 -0.611 -0.272 -0.415 -0.534 -0.633 -0.802 -0.823 -0.993 -1.183
0.053 0.187 0.236 0.162 -0.031 -0.174 -0.313 0.048 -0.054 -0.176 -0.318 -0.458 -0.607 -0.049 -0.221 -0.393 -0.514 -0.624 -0.285 -0.428 -0.547 -0.646 -0.815 -0.836 -1.006 -1.196
0.0543 0.174 0.223 0.149 -0.044 -0.187 -0.326 0.035 -0.067 -0.189 -0.331 -0.472 -0.62 -0.062 -0.234 -0.406 -0.527 -0.638 -0.298 -0.441 -0.56 -0.659 -0.828 -0.849 -1.019 -1.209
0.0556 0.161 0.21 0.136 -0.057 -0.2 -0.339 0.022 -0.08 -0.202 -0.344 -0.485 -0.633 -0.075 -0.247 -0.419 -0.54 -0.651 -0.311 -0.454 -0.574 -0.673 -0.841 -0.863 -1.032 -1.222
0.057 0.148 0.197 0.122 -0.071 -0.213 -0.352 0.009 -0.093 -0.215 -0.357 -0.498 -0.646 -0.088 -0.26 -0.432 -0.553 -0.664 -0.324 -0.467 -0.587 -0.686 -0.854 -0.876 -1.045 -1.235
0.0584 0.135 0.184 0.109 -0.084 -0.226 -0.365 -0.004 -0.106 -0.228 -0.37 -0.511 -0.659 -0.101 -0.274 -0.445 -0.566 -0.677 -0.337 -0.48 -0.6 -0.699 -0.867 -0.889 -1.058 -1.248
0.0598 0.122 0.171 0.096 -0.097 -0.239 -0.378 -0.017 -0.119 -0.241 -0.383 -0.524 -0.672 -0.114 -0.287 -0.458 -0.579 -0.69 -0.35 -0.493 -0.613 -0.712 -0.88 -0.902 -1.071 -1.261
0.0612 0.109 0.158 0.083 -0.11 -0.252 -0.391 -0.03 -0.132 -0.255 -0.396 -0.537 -0.685 -0.127 -0.3 -0.472 -0.592 -0.703 -0.363 -0.506 -0.626 -0.725 -0.893 -0.915 -1.084 -1.274
0.0627 0.096 0.145 0.07 -0.123 -0.265 -0.404 -0.044 -0.145 -0.268 -0.409 -0.55 -0.699 -0.14 -0.313 -0.485 -0.605 -0.716 -0.376 -0.519 -0.639 -0.738 -0.906 -0.928 -1.097 -1.288
0.0642 0.08 0.13 0.055 -0.138 -0.28 -0.419 -0.059 -0.16 -0.283 -0.425 -0.565 -0.714 -0.155 -0.328 -0.5 -0.62 -0.731 -0.392 -0.534 -0.654 -0.753 -0.921 -0.943 -1.112 -1.303
0.0657 0.064 0.113 0.038 -0.154 -0.297 -0.436 -0.075 -0.177 -0.299 -0.441 -0.582 -0.73 -0.172 -0.344 -0.516 -0.637 -0.748 -0.408 -0.551 -0.671 -0.77 -0.938 -0.96 -1.129 -1.319
0.0673 0.047 0.097 0.022 -0.171 -0.314 -0.453 -0.092 -0.194 -0.316 -0.458 -0.598 -0.747 -0.188 -0.361 -0.533 -0.654 -0.764 -0.425 -0.567 -0.687 -0.786 -0.954 -0.976 -1.146 -1.336
0.0689 0.031 0.08 0.005 -0.188 -0.33 -0.469 -0.108 -0.21 -0.333 -0.474 -0.615 -0.763 -0.205 -0.378 -0.55 -0.67 -0.781 -0.441 -0.584 -0.704 -0.803 -0.971 -0.993 -1.162 -1.352
0.0706 0.014 0.063 -0.011 -0.204 -0.347 -0.486 -0.125 -0.227 -0.349 -0.491 -0.632 -0.78 -0.222 -0.394 -0.566 -0.687 -0.797 -0.458 -0.601 -0.72 -0.819 -0.988 -1.009 -1.179 -1.369
0.0723 -0.003 0.047 -0.028 -0.221 -0.363 -0.503 -0.142 -0.243 -0.366 -0.508 -0.648 -0.797 -0.238 -0.411 -0.583 -0.703 -0.814 -0.475 -0.617 -0.737 -0.836 -1.004 -1.026 -1.195 -1.386
0.0741 -0.019 0.03 -0.045 -0.238 -0.38 -0.519 -0.158 -0.26 -0.382 -0.524 -0.665 -0.813 -0.255 -0.428 -0.599 -0.72 -0.831 -0.491 -0.634 -0.754 -0.853 -1.021 -1.043 -1.212 -1.402
0.0758 -0.036 0.014 -0.061 -0.254 -0.397 -0.536 -0.175 -0.277 -0.399 -0.541 -0.681 -0.83 -0.272 -0.444 -0.616 -0.737 -0.847 -0.508 -0.65 -0.77 -0.869 -1.038 -1.059 -1.229 -1.419
0.0777 -0.052 -0.003 -0.078 -0.271 -0.413 -0.552 -0.192 -0.293 -0.416 -0.558 -0.698 -0.847 -0.288 -0.461 -0.633 -0.753 -0.864 -0.525 -0.667 -0.787 -0.886 -1.054 -1.076 -1.245 -1.436
0.0795 -0.069 -0.02 -0.094 -0.287 -0.43 -0.569 -0.208 -0.31 -0.432 -0.574 -0.715 -0.863 -0.305 -0.477 -0.649 -0.77 -0.881 -0.541 -0.684 -0.804 -0.903 -1.071 -1.093 -1.262 -1.452
0.0815 -0.083 -0.034 -0.109 -0.302 -0.444 -0.583 -0.222 -0.324 -0.447 -0.588 -0.729 -0.877 -0.319 -0.492 -0.664 -0.784 -0.895 -0.555 -0.698 -0.818 -0.917 -1.085 -1.107 -1.276 -1.467
0.0834 -0.097 -0.047 -0.122 -0.315 -0.458 -0.597 -0.236 -0.338 -0.46 -0.602 -0.742 -0.891 -0.332 -0.505 -0.677 -0.798 -0.908 -0.569 -0.711 -0.831 -0.93 -1.099 -1.12 -1.29 -1.48
0.0854 -0.11 -0.061 -0.136 -0.329 -0.471 -0.61 -0.249 -0.351 -0.473 -0.615 -0.756 -0.904 -0.346 -0.518 -0.69 -0.811 -0.922 -0.582 -0.725 -0.845 -0.944 -1.112 -1.134 -1.303 -1.493
0.0875 -0.124 -0.074 -0.149 -0.342 -0.484 -0.623 -0.263 -0.364 -0.487 -0.629 -0.769 -0.918 -0.359 -0.532 -0.704 -0.824 -0.935 -0.596 -0.738 -0.858 -0.957 -1.125 -1.147 -1.316 -1.507
0.0896 -0.137 -0.087 -0.162 -0.355 -0.498 -0.637 -0.276 -0.378 -0.5 -0.642 -0.782 -0.931 -0.373 -0.545 -0.717 -0.838 -0.948 -0.609 -0.752 -0.871 -0.97 -1.139 -1.16 -1.33 -1.52
0.0918 -0.15 -0.101 -0.176 -0.369 -0.511 -0.65 -0.289 -0.391 -0.513 -0.655 -0.796 -0.944 -0.386 -0.559 -0.73 -0.851 -0.962 -0.622 -0.765 -0.885 -0.984 -1.152 -1.174 -1.343 -1.533
0.094 -0.164 -0.114 -0.189 -0.382 -0.524 -0.664 -0.303 -0.404 -0.527 -0.669 -0.809 -0.958 -0.399 -0.572 -0.744 -0.864 -0.975 -0.636 -0.778 -0.898 -0.997 -1.165 -1.187 -1.356 -1.547
0.0963 -0.177 -0.128 -0.202 -0.395 -0.538 -0.677 -0.316 -0.418 -0.54 -0.682 -0.823 -0.971 -0.413 -0.585 -0.757 -0.878 -0.989 -0.649 -0.792 -0.911 -1.01 -1.179 -1.2 -1.37 -1.56
