web/models/grb/offaxis/24/grb_0.2967_13.8950_0.0000398.dat
# %ECSV 1.0
# ---
# datatype:
# - {name: time, datatype: float64}
# - {name: swift_uvot_uvw2, datatype: float64}
# - {name: swift_uvot_uvm2, datatype: float64}
# - {name: swift_uvot_uvw1, datatype: float64}
# - {name: swift_uvot_U, datatype: float64}
# - {name: swift_uvot_B, datatype: float64}
# - {name: swift_uvot_V, datatype: float64}
# - {name: swift_uvot_W, datatype: float64}
# - {name: johnson_U, datatype: float64}
# - {name: johnson_B, datatype: float64}
# - {name: johnson_V, datatype: float64}
# - {name: johnson_R, datatype: float64}
# - {name: johnson_I, datatype: float64}
# - {name: sdss_u, datatype: float64}
# - {name: sdss_g, datatype: float64}
# - {name: sdss_r, datatype: float64}
# - {name: sdss_i, datatype: float64}
# - {name: sdss_z, datatype: float64}
# - {name: PS1_g, datatype: float64}
# - {name: PS1_r, datatype: float64}
# - {name: PS1_i, datatype: float64}
# - {name: PS1_z, datatype: float64}
# - {name: PS1_Y, datatype: float64}
# - {name: PS1_w, datatype: float64}
# - {name: ATLAS_c, datatype: float64}
# - {name: ATLAS_o, datatype: float64}
# - {name: ukirt_J, datatype: float64}
# - {name: ukirt_H, datatype: float64}
# - {name: ukirt_K, datatype: float64}
# - {name: Clear, datatype: float64}
# meta: !!omap
# - comment: [E = 0.006029923955985727, Eta0 = 8.02, GammaB = 12.0, dL = 0.012188, epsb = 6.760829753919819e-06, epse = 0.1, n = 3.9810717055349695e-05,
#     p = 2.15, theta_obs = 0.29670597283903605, xiN = 1.0, z = 0.0, type = grb, E_kiso = 13.894954943731374]
# schema: astropy-2.0
time swift_uvot_uvw2 swift_uvot_uvm2 swift_uvot_uvw1 swift_uvot_U swift_uvot_B swift_uvot_V swift_uvot_W johnson_U johnson_B johnson_V johnson_R johnson_I sdss_u sdss_g sdss_r sdss_i sdss_z PS1_g PS1_r PS1_i PS1_z PS1_Y PS1_w ATLAS_c ATLAS_o ukirt_J ukirt_H ukirt_K Clear
[from data line 99]
0.1059 11.407 11.456 11.381 11.189 11.046 10.907 11.268 11.166 11.044 10.902 10.761 10.613 11.171 10.999 10.827 10.706 10.595 10.935 10.792 10.672 10.573 10.405 10.829 10.924 10.771 10.383 10.214 10.024 10.739
0.1084 11.132 11.181 11.106 10.913 10.771 10.632 10.992 10.891 10.768 10.626 10.486 10.337 10.896 10.723 10.551 10.431 10.32 10.659 10.517 10.397 10.298 10.13 10.554 10.649 10.496 10.108 9.939 9.748 10.463
0.1111 10.995 11.044 10.969 10.776 10.634 10.495 10.856 10.754 10.632 10.49 10.349 10.201 10.759 10.586 10.415 10.294 10.183 10.523 10.38 10.26 10.161 9.993 10.417 10.512 10.359 9.971 9.802 9.612 10.327
0.1137 10.858 10.907 10.832 10.64 10.497 10.358 10.719 10.617 10.495 10.353 10.212 10.064 10.622 10.45 10.278 10.157 10.046 10.386 10.243 10.123 10.024 9.856 10.28 10.375 10.222 9.834 9.665 9.475 10.19
0.1165 10.721 10.77 10.696 10.503 10.36 10.221 10.582 10.48 10.358 10.216 10.075 9.927 10.485 10.313 10.141 10.02 9.91 10.249 10.106 9.987 9.888 9.719 10.143 10.238 10.086 9.698 9.528 9.338 10.053
0.1193 10.584 10.634 10.559 10.366 10.223 10.084 10.445 10.343 10.221 10.079 9.939 9.79 10.348 10.176 10.004 9.883 9.773 10.112 9.97 9.85 9.751 9.582 10.006 10.101 9.949 9.561 9.391 9.201 9.916
0.1222 10.447 10.497 10.422 10.229 10.087 9.947 10.308 10.207 10.084 9.942 9.802 9.653 10.212 10.039 9.867 9.747 9.636 9.975 9.833 9.713 9.614 9.446 9.869 9.965 9.812 9.424 9.255 9.064 9.779
0.1251 10.311 10.36 10.285 10.092 9.95 9.811 10.171 10.07 9.947 9.805 9.665 9.516 10.075 9.902 9.73 9.61 9.499 9.838 9.696 9.576 9.477 9.309 9.733 9.828 9.675 9.287 9.118 8.927 9.642
0.1281 10.174 10.223 10.148 9.955 9.813 9.674 10.035 9.933 9.81 9.669 9.528 9.38 9.938 9.765 9.594 9.473 9.362 9.702 9.559 9.439 9.34 9.172 9.596 9.691 9.538 9.15 8.981 8.791 9.506
0.1312 10.037 10.086 10.011 9.818 9.676 9.537 9.898 9.796 9.674 9.532 9.391 9.243 9.801 9.629 9.457 9.336 9.225 9.565 9.422 9.302 9.203 9.035 9.459 9.554 9.401 9.013 8.844 8.654 9.369
0.1344 9.9 9.949 9.875 9.682 9.539 9.4 9.761 9.659 9.537 9.395 9.254 9.106 9.664 9.492 9.32 9.199 9.089 9.428 9.285 9.166 9.067 8.898 9.322 9.417 9.265 8.877 8.707 8.517 9.232
0.1376 9.784 9.833 9.759 9.566 9.423 9.284 9.645 9.543 9.421 9.279 9.138 8.99 9.548 9.376 9.204 9.083 8.972 9.312 9.169 9.05 8.95 8.782 9.206 9.301 9.148 8.761 8.591 8.401 9.116
0.141 9.704 9.753 9.678 9.485 9.343 9.204 9.565 9.463 9.341 9.199 9.058 8.91 9.468 9.295 9.124 9.003 8.892 9.232 9.089 8.969 8.87 8.702 9.126 9.221 9.068 8.68 8.511 8.321 9.036
0.1444 9.624 9.673 9.598 9.405 9.263 9.124 9.484 9.383 9.26 9.118 8.978 8.829 9.388 9.215 9.043 8.923 8.812 9.151 9.009 8.889 8.79 8.622 9.046 9.141 8.988 8.6 8.431 8.24 8.955
0.1478 9.543 9.593 9.518 9.325 9.183 9.043 9.404 9.303 9.18 9.038 8.898 8.749 9.308 9.135 8.963 8.842 8.732 9.071 8.929 8.809 8.71 8.542 8.965 9.061 8.908 8.52 8.351 8.16 8.875
0.1514 9.463 9.513 9.438 9.245 9.102 8.963 9.324 9.222 9.1 8.958 8.818 8.669 9.227 9.055 8.883 8.762 8.652 8.991 8.848 8.729 8.63 8.461 8.885 8.98 8.828 8.44 8.27 8.08 8.795
0.1551 9.383 9.432 9.357 9.164 9.022 8.883 9.244 9.142 9.02 8.878 8.737 8.589 9.147 8.975 8.803 8.682 8.571 8.911 8.768 8.648 8.549 8.381 8.805 8.9 8.747 8.359 8.19 8.0 8.715
0.1588 9.303 9.352 9.277 9.084 8.942 8.803 9.164 9.062 8.939 8.798 8.657 8.509 9.067 8.894 8.722 8.602 8.491 8.831 8.688 8.568 8.469 8.301 8.725 8.82 8.667 8.279 8.11 7.92 8.635
0.1626 9.222 9.272 9.197 9.004 8.862 8.723 9.083 8.982 8.859 8.717 8.577 8.428 8.987 8.814 8.642 8.522 8.411 8.75 8.608 8.488 8.389 8.221 8.645 8.74 8.587 8.199 8.03 7.839 8.554
0.1666 9.142 9.192 9.117 8.924 8.781 8.642 9.003 8.901 8.779 8.637 8.497 8.348 8.906 8.734 8.562 8.441 8.331 8.67 8.528 8.408 8.309 8.14 8.564 8.659 8.507 8.119 7.949 7.759 8.474
0.1706 9.062 9.111 9.037 8.844 8.701 8.562 8.923 8.821 8.699 8.557 8.416 8.268 8.826 8.654 8.482 8.361 8.25 8.59 8.447 8.328 8.228 8.06 8.484 8.579 8.426 8.039 7.869 7.679 8.394
0.1747 8.994 9.044 8.969 8.776 8.634 8.495 8.855 8.754 8.631 8.489 8.349 8.2 8.759 8.586 8.414 8.294 8.183 8.522 8.38 8.26 8.161 7.993 8.417 8.512 8.359 7.971 7.802 7.611 8.326
0.1789 8.939 8.989 8.914 8.721 8.578 8.439 8.8 8.698 8.576 8.434 8.294 8.145 8.703 8.531 8.359 8.238 8.128 8.467 8.324 8.205 8.106 7.937 8.361 8.456 8.304 7.916 7.746 7.556 8.271
0.1832 8.884 8.933 8.858 8.665 8.523 8.384 8.745 8.643 8.521 8.379 8.238 8.09 8.648 8.475 8.304 8.183 8.072 8.412 8.269 8.149 8.05 7.882 8.306 8.401 8.248 7.86 7.691 7.501 8.216
0.1876 8.828 8.878 8.803 8.61 8.468 8.329 8.689 8.588 8.465 8.323 8.183 8.034 8.593 8.42 8.248 8.128 8.017 8.356 8.214 8.094 7.995 7.827 8.251 8.346 8.193 7.805 7.636 7.445 8.16
0.1922 8.773 8.822 8.748 8.555 8.412 8.273 8.634 8.532 8.41 8.268 8.128 7.979 8.537 8.365 8.193 8.072 7.962 8.301 8.158 8.039 7.94 7.771 8.195 8.29 8.138 7.75 7.58 7.39 8.105
0.1968 8.718 8.767 8.692 8.499 8.357 8.218 8.579 8.477 8.355 8.213 8.072 7.924 8.482 8.309 8.138 8.017 7.906 8.246 8.103 7.983 7.884 7.716 8.14 8.235 8.082 7.694 7.525 7.335 8.05
0.2015 8.662 8.712 8.637 8.444 8.302 8.162 8.523 8.422 8.299 8.157 8.017 7.868 8.427 8.254 8.082 7.962 7.851 8.19 8.048 7.928 7.829 7.661 8.084 8.18 8.027 7.639 7.47 7.279 7.994
0.2064 8.607 8.656 8.582 8.389 8.246 8.107 8.468 8.366 8.244 8.102 7.961 7.813 8.371 8.199 8.027 7.906 7.796 8.135 7.992 7.873 7.774 7.605 8.029 8.124 7.972 7.584 7.414 7.224 7.939
0.2114 8.552 8.601 8.526 8.333 8.191 8.052 8.413 8.311 8.188 8.047 7.906 7.758 8.316 8.143 7.972 7.851 7.74 8.08 7.937 7.817 7.718 7.55 7.974 8.069 7.916 7.528 7.359 7.169 7.884
0.2165 8.496 8.546 8.471 8.278 8.136 7.996 8.357 8.256 8.133 7.991 7.851 7.702 8.261 8.088 7.916 7.795 7.685 8.024 7.882 7.762 7.663 7.495 7.918 8.014 7.861 7.473 7.304 7.113 7.828
0.2217 8.426 8.476 8.401 8.208 8.066 7.927 8.287 8.186 8.063 7.921 7.781 7.632 8.191 8.018 7.846 7.726 7.615 7.954 7.812 7.692 7.593 7.425 7.849 7.944 7.791 7.403 7.234 7.043 7.758
0.2271 8.349 8.398 8.324 8.131 7.988 7.849 8.21 8.108 7.986 7.844 7.703 7.555 8.113 7.941 7.769 7.648 7.537 7.877 7.734 7.614 7.515 7.347 7.771 7.866 7.713 7.325 7.156 6.966 7.681
0.2325 8.271 8.321 8.246 8.053 7.911 7.772 8.132 8.031 7.908 7.766 7.626 7.477 8.036 7.863 7.691 7.571 7.46 7.799 7.657 7.537 7.438 7.27 7.694 7.789 7.636 7.248 7.079 6.888 7.603
0.2381 8.194 8.243 8.168 7.976 7.833 7.694 8.055 7.953 7.831 7.689 7.548 7.4 7.958 7.786 7.614 7.493 7.382 7.722 7.579 7.459 7.36 7.192 7.616 7.711 7.558 7.17 7.001 6.811 7.526
0.2439 8.116 8.166 8.091 7.898 7.756 7.616 7.977 7.876 7.753 7.611 7.471 7.322 7.881 7.708 7.536 7.415 7.305 7.644 7.502 7.382 7.283 7.115 7.538 7.634 7.481 7.093 6.924 6.733 7.448
0.2498 8.039 8.088 8.013 7.82 7.678 7.539 7.9 7.798 7.676 7.534 7.393 7.245 7.803 7.631 7.459 7.338 7.227 7.567 7.424 7.304 7.205 7.037 7.461 7.556 7.403 7.015 6.846 6.656 7.371
0.2558 7.961 8.011 7.936 7.743 7.6 7.461 7.822 7.721 7.598 7.456 7.316 7.167 7.726 7.553 7.381 7.26 7.15 7.489 7.347 7.227 7.128 6.96 7.383 7.479 7.326 6.938 6.768 6.578 7.293
0.262 7.884 7.933 7.858 7.665 7.523 7.384 7.745 7.643 7.521 7.379 7.238 7.09 7.648 7.475 7.304 7.183 7.072 7.412 7.269 7.149 7.05 6.882 7.306 7.401 7.248 6.86 6.691 6.501 7.216
0.2683 7.806 7.856 7.781 7.588 7.445 7.306 7.667 7.565 7.443 7.301 7.161 7.012 7.57 7.398 7.226 7.105 6.995 7.334 7.192 7.072 6.973 6.804 7.228 7.324 7.171 6.783 6.613 6.423 7.138
0.2748 7.729 7.778 7.703 7.51 7.368 7.229 7.59 7.488 7.365 7.224 7.083 6.935 7.493 7.32 7.149 7.028 6.917 7.257 7.114 6.994 6.895 6.727 7.151 7.246 7.093 6.705 6.536 6.346 7.061
0.2814 7.66 7.709 7.634 7.441 7.299 7.16 7.521 7.419 7.297 7.155 7.014 6.866 7.424 7.251 7.08 6.959 6.848 7.188 7.045 6.925 6.826 6.658 7.082 7.177 7.024 6.636 6.467 6.277 6.992
0.2882 7.593 7.642 7.567 7.375 7.232 7.093 7.454 7.352 7.23 7.088 6.947 6.799 7.357 7.185 7.013 6.892 6.781 7.121 6.978 6.858 6.759 6.591 7.015 7.11 6.957 6.569 6.4 6.21 6.925
0.2951 7.526 7.576 7.501 7.308 7.165 7.026 7.387 7.285 7.163 7.021 6.881 6.732 7.29 7.118 6.946 6.825 6.715 7.054 6.911 6.792 6.693 6.524 6.948 7.043 6.891 6.503 6.333 6.143 6.858
0.3022 7.459 7.509 7.434 7.241 7.099 6.959 7.32 7.219 7.096 6.954 6.814 6.665 7.224 7.051 6.879 6.758 6.648 6.987 6.845 6.725 6.626 6.458 6.881 6.977 6.824 6.436 6.267 6.076 6.791
0.3095 7.392 7.442 7.367 7.174 7.032 6.893 7.253 7.152 7.029 6.887 6.747 6.598 7.157 6.984 6.812 6.692 6.581 6.92 6.778 6.658 6.559 6.391 6.815 6.91 6.757 6.369 6.2 6.009 6.724
0.317 7.326 7.375 7.3 7.107 6.965 6.826 7.187 7.085 6.963 6.821 6.68 6.532 7.09 6.917 6.746 6.625 6.514 6.854 6.711 6.591 6.492 6.324 6.748 6.843 6.69 6.302 6.133 5.943 6.658
0.3247 7.259 7.308 7.233 7.041 6.898 6.759 7.12 7.018 6.896 6.754 6.613 6.465 7.023 6.851 6.679 6.558 6.447 6.787 6.644 6.524 6.425 6.257 6.681 6.776 6.623 6.235 6.066 5.876 6.591
0.3325 7.192 7.242 7.167 6.974 6.831 6.692 7.053 6.951 6.829 6.687 6.547 6.398 6.956 6.784 6.612 6.491 6.381 6.72 6.577 6.458 6.359 6.19 6.614 6.709 6.557 6.169 5.999 5.809 6.524
0.3405 7.125 7.175 7.1 6.907 6.765 6.625 6.986 6.885 6.762 6.62 6.48 6.331 6.89 6.717 6.545 6.424 6.314 6.653 6.511 6.391 6.292 6.124 6.547 6.643 6.49 6.102 5.933 5.742 6.457
0.3487 7.058 7.108 7.033 6.84 6.698 6.559 6.919 6.818 6.695 6.553 6.413 6.264 6.823 6.65 6.478 6.358 6.247 6.586 6.444 6.324 6.225 6.057 6.481 6.576 6.423 6.035 5.866 5.675 6.39
0.3571 7.012 7.062 6.987 6.794 6.652 6.512 6.873 6.772 6.649 6.507 6.367 6.218 6.777 6.604 6.432 6.312 6.201 6.54 6.398 6.278 6.179 6.011 6.434 6.53 6.377 5.989 5.82 5.629 6.344
0.3657 6.968 7.017 6.942 6.749 6.607 6.468 6.828 6.727 6.604 6.463 6.322 6.173 6.732 6.559 6.387 6.267 6.156 6.496 6.353 6.233 6.134 5.966 6.39 6.485 6.332 5.944 5.775 5.584 6.299
0.3746 6.923 6.972 6.897 6.704 6.562 6.423 6.784 6.682 6.56 6.418 6.277 6.129 6.687 6.514 6.343 6.222 6.111 6.451 6.308 6.188 6.089 5.921 6.345 6.44 6.287 5.899 5.73 5.54 6.255
0.3836 6.878 6.927 6.853 6.66 6.517 6.378 6.739 6.637 6.515 6.373 6.232 6.084 6.642 6.47 6.298 6.177 6.067 6.406 6.263 6.144 6.045 5.876 6.3 6.395 6.243 5.855 5.685 5.495 6.21
0.3929 6.833 6.883 6.808 6.615 6.472 6.333 6.694 6.592 6.47 6.328 6.188 6.039 6.597 6.425 6.253 6.132 6.022 6.361 6.219 6.099 6.0 5.831 6.255 6.351 6.198 5.81 5.64 5.45 6.165
0.4023 6.788 6.838 6.763 6.57 6.428 6.289 6.649 6.548 6.425 6.283 6.143 5.994 6.553 6.38 6.208 6.088 5.977 6.316 6.174 6.054 5.955 5.787 6.211 6.306 6.153 5.765 5.596 5.405 6.12
0.412 6.744 6.793 6.718 6.525 6.383 6.244 6.605 6.503 6.38 6.239 6.098 5.95 6.508 6.335 6.163 6.043 5.932 6.272 6.129 6.009 5.91 5.742 6.166 6.261 6.108 5.72 5.551 5.36 6.075
0.422 6.699 6.748 6.673 6.48 6.338 6.199 6.56 6.458 6.336 6.194 6.053 5.905 6.463 6.291 6.119 5.998 5.887 6.227 6.084 5.964 5.865 5.697 6.121 6.216 6.063 5.675 5.506 5.316 6.031
0.4322 6.654 6.703 6.629 6.436 6.293 6.154 6.515 6.413 6.291 6.149 6.008 5.86 6.418 6.246 6.074 5.953 5.843 6.182 6.039 5.92 5.821 5.652 6.076 6.171 6.019 5.631 5.461 5.271 5.986
0.4426 6.61 6.659 6.584 6.391 6.249 6.11 6.471 6.369 6.247 6.105 5.964 5.816 6.374 6.202 6.03 5.909 5.798 6.138 5.995 5.875 5.776 5.608 6.032 6.127 5.974 5.586 5.417 5.227 5.942
0.4533 6.572 6.622 6.547 6.354 6.211 6.072 6.433 6.332 6.209 6.067 5.927 5.778 6.337 6.164 5.992 5.871 5.761 6.1 5.958 5.838 5.739 5.571 5.994 6.09 5.937 5.549 5.379 5.189 5.904
0.4642 6.535 6.584 6.509 6.316 6.174 6.035 6.396 6.294 6.172 6.03 5.889 5.741 6.299 6.126 5.955 5.834 5.723 6.063 5.92 5.8 5.701 5.533 5.957 6.052 5.899 5.511 5.342 5.152 5.867
0.4754 6.497 6.547 6.472 6.279 6.136 5.997 6.358 6.256 6.134 5.992 5.852 5.703 6.261 6.089 5.917 5.796 5.686 6.025 5.883 5.763 5.664 5.495 5.919 6.014 5.862 5.474 5.304 5.114 5.829
0.4869 6.46 6.509 6.434 6.241 6.099 5.96 6.321 6.219 6.096 5.955 5.814 5.666 6.224 6.051 5.879 5.759 5.648 5.988 5.845 5.725 5.626 5.458 5.882 5.977 5.824 5.436 5.267 5.076 5.791
0.4986 6.422 6.471 6.397 6.204 6.061 5.922 6.283 6.181 6.059 5.917 5.777 5.628 6.186 6.014 5.842 5.721 5.611 5.95 5.807 5.688 5.589 5.42 5.844 5.939 5.787 5.399 5.229 5.039 5.754
0.5106 6.384 6.434 6.359 6.166 6.024 5.885 6.245 6.144 6.021 5.879 5.739 5.59 6.149 5.976 5.804 5.684 5.573 5.912 5.77 5.65 5.551 5.383 5.807 5.902 5.749 5.361 5.192 5.001 5.716
0.523 6.347 6.396 6.322 6.129 5.986 5.847 6.208 6.106 5.984 5.842 5.701 5.553 6.111 5.939 5.767 5.646 5.535 5.875 5.732 5.613 5.513 5.345 5.769 5.864 5.711 5.324 5.154 4.964 5.679
0.5356 6.309 6.359 6.284 6.091 5.949 5.81 6.17 6.069 5.946 5.804 5.664 5.515 6.074 5.901 5.729 5.609 5.498 5.837 5.695 5.575 5.476 5.308 5.732 5.827 5.674 5.286 5.117 4.926 5.641
0.5485 6.272 6.321 6.246 6.053 5.911 5.772 6.133 6.031 5.909 5.767 5.626 5.478 6.036 5.864 5.692 5.571 5.46 5.8 5.657 5.537 5.438 5.27 5.694 5.789 5.636 5.248 5.079 4.889 5.604
0.5617 6.237 6.286 6.211 6.019 5.876 5.737 6.098 5.996 5.874 5.732 5.591 5.443 6.001 5.829 5.657 5.536 5.425 5.765 5.622 5.502 5.403 5.235 5.659 5.754 5.601 5.213 5.044 4.854 5.569
0.5753 6.211 6.26 6.185 5.992 5.85 5.711 6.072 5.97 5.848 5.706 5.565 5.417 5.975 5.802 5.631 5.51 5.399 5.739 5.596 5.476 5.377 5.209 5.633 5.728 5.575 5.187 5.018 4.828 5.543
0.5891 6.185 6.234 6.159 5.966 5.824 5.685 6.046 5.944 5.822 5.68 5.539 5.391 5.949 5.776 5.605 5.484 5.373 5.713 5.57 5.45 5.351 5.183 5.607 5.702 5.549 5.161 4.992 4.802 5.517
0.6034 6.159 6.208 6.133 5.94 5.798 5.659 6.019 5.918 5.795 5.654 5.513 5.364 5.923 5.75 5.578 5.458 5.347 5.687 5.544 5.424 5.325 5.157 5.581 5.676 5.523 5.135 4.966 4.775 5.49
0.6179 6.132 6.182 6.107 5.914 5.772 5.633 5.993 5.892 5.769 5.627 5.487 5.338 5.897 5.724 5.552 5.432 5.321 5.66 5.518 5.398 5.299 5.131 5.555 5.65 5.497 5.109 4.94 4.749 5.464
0.6328 6.106 6.156 6.081 5.888 5.746 5.606 5.967 5.866 5.743 5.601 5.461 5.312 5.871 5.698 5.526 5.406 5.295 5.634 5.492 5.372 5.273 5.105 5.528 5.624 5.471 5.083 4.914 4.723 5.438
0.6481 6.08 6.13 6.055 5.862 5.72 5.58 5.941 5.84 5.717 5.575 5.435 5.286 5.845 5.672 5.5 5.379 5.269 5.608 5.466 5.346 5.247 5.079 5.502 5.598 5.445 5.057 4.888 4.697 5.412
0.6637 6.054 6.104 6.029 5.836 5.693 5.554 5.915 5.813 5.691 5.549 5.409 5.26 5.818 5.646 5.474 5.353 5.243 5.582 5.44 5.32 5.221 5.052 5.476 5.571 5.419 5.031 4.861 4.671 5.386
0.6797 6.028 6.078 6.003 5.81 5.667 5.528 5.889 5.787 5.665 5.523 5.383 5.234 5.792 5.62 5.448 5.327 5.217 5.556 5.413 5.294 5.195 5.026 5.45 5.545 5.393 5.005 4.835 4.645 5.36
0.6961 6.002 6.051 5.977 5.784 5.641 5.502 5.863 5.761 5.639 5.497 5.356 5.208 5.766 5.594 5.422 5.301 5.19 5.53 5.387 5.268 5.169 5.0 5.424 5.519 5.367 4.979 4.809 4.619 5.334
0.7129 5.976 6.026 5.951 5.758 5.615 5.476 5.837 5.736 5.613 5.471 5.331 5.182 5.741 5.568 5.396 5.275 5.165 5.504 5.362 5.242 5.143 4.975 5.398 5.494 5.341 4.953 4.783 4.593 5.308
0.7301 5.951 6.001 5.926 5.733 5.59 5.451 5.812 5.71 5.588 5.446 5.306 5.157 5.715 5.543 5.371 5.25 5.14 5.479 5.337 5.217 5.118 4.949 5.373 5.468 5.316 4.928 4.758 4.568 5.283
0.7477 5.926 5.976 5.901 5.708 5.565 5.426 5.787 5.685 5.563 5.421 5.281 5.132 5.69 5.518 5.346 5.225 5.115 5.454 5.311 5.192 5.093 4.924 5.348 5.443 5.291 4.903 4.733 4.543 5.258
0.7658 5.901 5.95 5.876 5.683 5.54 5.401 5.762 5.66 5.538 5.396 5.255 5.107 5.665 5.493 5.321 5.2 5.09 5.429 5.286 5.167 5.068 4.899 5.323 5.418 5.266 4.878 4.708 4.518 5.233
0.7842 5.876 5.925 5.851 5.658 5.515 5.376 5.737 5.635 5.513 5.371 5.23 5.082 5.64 5.468 5.296 5.175 5.064 5.404 5.261 5.141 5.042 4.874 5.298 5.393 5.24 4.852 4.683 4.493 5.208
0.8032 5.851 5.9 5.825 5.632 5.49 5.351 5.712 5.61 5.488 5.346 5.205 5.057 5.615 5.443 5.271 5.15 5.039 5.379 5.236 5.116 5.017 4.849 5.273 5.368 5.215 4.827 4.658 4.468 5.183
0.8225 5.826 5.875 5.8 5.607 5.465 5.326 5.687 5.585 5.463 5.321 5.18 5.032 5.59 5.417 5.246 5.125 5.014 5.354 5.211 5.091 4.992 4.824 5.248 5.343 5.19 4.802 4.633 4.443 5.158
