web/models/kne.last_good/kappa_0.5_3.0.v1/1/villar_0.2183_0.2963_3.0000.dat
# %ECSV 1.0
# ---
# datatype:
# - {name: time, datatype: float64}
# - {name: swift_uvot_uvw2, datatype: float64}
# - {name: swift_uvot_uvm2, datatype: float64}
# - {name: swift_uvot_uvw1, datatype: float64}
# - {name: swift_uvot_U, datatype: float64}
# - {name: swift_uvot_B, datatype: float64}
# - {name: swift_uvot_V, datatype: float64}
# - {name: swift_uvot_W, datatype: float64}
# - {name: johnson_U, datatype: float64}
# - {name: johnson_B, datatype: float64}
# - {name: johnson_V, datatype: float64}
# - {name: johnson_R, datatype: float64}
# - {name: johnson_I, datatype: float64}
# - {name: sdss_u, datatype: float64}
# - {name: sdss_g, datatype: float64}
# - {name: sdss_r, datatype: float64}
# - {name: sdss_i, datatype: float64}
# - {name: sdss_z, datatype: float64}
# - {name: PS1_g, datatype: float64}
# - {name: PS1_r, datatype: float64}
# - {name: PS1_i, datatype: float64}
# - {name: PS1_z, datatype: float64}
# - {name: PS1_Y, datatype: float64}
# - {name: PS1_w, datatype: float64}
# - {name: ATLAS_c, datatype: float64}
# - {name: ATLAS_o, datatype: float64}
# - {name: ukirt_J, datatype: float64}
# - {name: ukirt_H, datatype: float64}
# - {name: ukirt_K, datatype: float64}
# - {name: Clear, datatype: float64}
# meta: !!omap
# - comment: [kappa = 3.0, type = villar, mass = 0.21832694463104688, velocity = 0.29633333333333334, theta_obs = 0.0]
# schema: astropy-2.0
time swift_uvot_uvw2 swift_uvot_uvm2 swift_uvot_uvw1 swift_uvot_U swift_uvot_B swift_uvot_V swift_uvot_W johnson_U johnson_B johnson_V johnson_R johnson_I sdss_u sdss_g sdss_r sdss_i sdss_z PS1_g PS1_r PS1_i PS1_z PS1_Y PS1_w ATLAS_c ATLAS_o ukirt_J ukirt_H ukirt_K Clear
[from data line 280]
4.200141 -11.054 -7.475 -10.115 -12.196 -14.01 -15.282 -13.346 -12.525 -14.062 -15.334 -16.233 -16.824 -12.404 -14.527 -15.854 -16.49 -16.884 -14.813 -15.9 -16.523 -16.85 -17.07 -15.917 -15.227 -16.183 -17.249 -17.261 -17.077 -15.966
4.327172 -11.051 -7.313 -9.986 -12.069 -13.92 -15.221 -13.278 -12.405 -13.975 -15.275 -16.2 -16.81 -12.28 -14.45 -15.809 -16.463 -16.871 -14.747 -15.857 -16.497 -16.835 -17.064 -15.88 -15.169 -16.148 -17.257 -17.28 -17.105 -15.936
4.458044 -11.048 -7.153 -9.854 -11.937 -13.826 -15.157 -13.207 -12.279 -13.884 -15.213 -16.164 -16.793 -12.151 -14.369 -15.76 -16.434 -16.856 -14.679 -15.81 -16.469 -16.819 -17.055 -15.839 -15.107 -16.111 -17.263 -17.298 -17.133 -15.904
4.592874 -11.045 -6.996 -9.717 -11.799 -13.728 -15.088 -13.133 -12.148 -13.788 -15.147 -16.125 -16.774 -12.016 -14.284 -15.708 -16.402 -16.839 -14.608 -15.761 -16.438 -16.8 -17.045 -15.796 -15.042 -16.07 -17.268 -17.315 -17.159 -15.87
4.731783 -11.042 -6.845 -9.576 -11.654 -13.624 -15.016 -13.055 -12.01 -13.687 -15.077 -16.084 -16.753 -11.874 -14.194 -15.652 -16.367 -16.82 -14.533 -15.708 -16.404 -16.778 -17.033 -15.749 -14.973 -16.027 -17.271 -17.331 -17.184 -15.834
4.874892 -11.037 -6.7 -9.43 -11.503 -13.516 -14.939 -12.974 -11.867 -13.581 -15.003 -16.038 -16.729 -11.727 -14.099 -15.593 -16.328 -16.798 -14.455 -15.651 -16.367 -16.754 -17.018 -15.7 -14.9 -15.98 -17.272 -17.345 -17.209 -15.795
5.02233 -11.032 -6.563 -9.28 -11.345 -13.401 -14.858 -12.889 -11.717 -13.47 -14.924 -15.99 -16.703 -11.572 -14.0 -15.529 -16.287 -16.773 -14.373 -15.591 -16.327 -16.727 -17.0 -15.647 -14.823 -15.93 -17.271 -17.357 -17.232 -15.754
5.174227 -11.026 -6.436 -9.125 -11.18 -13.281 -14.772 -12.801 -11.559 -13.353 -14.841 -15.938 -16.673 -11.41 -13.895 -15.462 -16.242 -16.745 -14.288 -15.527 -16.283 -16.696 -16.98 -15.59 -14.741 -15.876 -17.268 -17.369 -17.254 -15.71
5.330718 -11.019 -6.319 -8.964 -11.008 -13.155 -14.681 -12.708 -11.395 -13.23 -14.752 -15.882 -16.641 -11.241 -13.784 -15.39 -16.193 -16.714 -14.199 -15.459 -16.236 -16.663 -16.958 -15.529 -14.655 -15.818 -17.263 -17.378 -17.275 -15.663
5.491942 -11.01 -6.213 -8.797 -10.827 -13.022 -14.584 -12.61 -11.222 -13.101 -14.659 -15.822 -16.605 -11.063 -13.668 -15.313 -16.14 -16.68 -14.106 -15.386 -16.185 -16.627 -16.932 -15.465 -14.564 -15.756 -17.256 -17.386 -17.295 -15.614
5.658042 -11.001 -6.118 -8.625 -10.637 -12.882 -14.481 -12.508 -11.041 -12.965 -14.56 -15.758 -16.565 -10.877 -13.545 -15.231 -16.083 -16.642 -14.01 -15.309 -16.13 -16.586 -16.903 -15.396 -14.467 -15.69 -17.246 -17.392 -17.313 -15.561
5.829166 -10.989 -6.035 -8.446 -10.438 -12.735 -14.373 -12.4 -10.851 -12.822 -14.454 -15.689 -16.522 -10.682 -13.415 -15.144 -16.022 -16.601 -13.909 -15.227 -16.07 -16.542 -16.871 -15.322 -14.364 -15.619 -17.234 -17.395 -17.33 -15.506
6.005465 -10.977 -5.962 -8.26 -10.23 -12.58 -14.257 -12.288 -10.652 -12.671 -14.343 -15.615 -16.475 -10.477 -13.278 -15.051 -15.956 -16.555 -13.805 -15.14 -16.006 -16.494 -16.836 -15.244 -14.255 -15.543 -17.218 -17.397 -17.345 -15.447
6.187096 -10.962 -5.899 -8.067 -10.01 -12.416 -14.135 -12.17 -10.442 -12.511 -14.224 -15.536 -16.423 -10.261 -13.133 -14.951 -15.884 -16.506 -13.698 -15.047 -15.937 -16.442 -16.796 -15.16 -14.14 -15.462 -17.2 -17.396 -17.358 -15.384
6.37422 -10.945 -5.843 -7.867 -9.779 -12.243 -14.005 -12.046 -10.221 -12.343 -14.098 -15.451 -16.367 -10.034 -12.98 -14.846 -15.807 -16.451 -13.586 -14.948 -15.863 -16.385 -16.753 -15.07 -14.018 -15.374 -17.178 -17.393 -17.37 -15.319
6.567004 -10.926 -5.793 -7.658 -9.537 -12.06 -13.867 -11.916 -9.989 -12.166 -13.965 -15.36 -16.306 -9.795 -12.818 -14.733 -15.725 -16.392 -13.471 -14.843 -15.783 -16.323 -16.705 -14.975 -13.888 -15.281 -17.153 -17.387 -17.379 -15.249
6.765619 -10.905 -5.749 -7.44 -9.281 -11.867 -13.72 -11.779 -9.744 -11.978 -13.823 -15.263 -16.24 -9.543 -12.647 -14.612 -15.636 -16.328 -13.353 -14.732 -15.697 -16.255 -16.653 -14.873 -13.751 -15.181 -17.124 -17.379 -17.387 -15.176
6.97024 -10.882 -5.708 -7.213 -9.011 -11.662 -13.564 -11.635 -9.485 -11.78 -13.672 -15.159 -16.169 -9.277 -12.465 -14.484 -15.54 -16.258 -13.232 -14.613 -15.605 -16.182 -16.596 -14.764 -13.604 -15.075 -17.091 -17.367 -17.392 -15.098
7.181051 -10.856 -5.668 -6.975 -8.727 -11.446 -13.398 -11.485 -9.212 -11.57 -13.511 -15.047 -16.091 -8.997 -12.273 -14.347 -15.437 -16.182 -13.108 -14.488 -15.506 -16.103 -16.534 -14.648 -13.449 -14.96 -17.054 -17.352 -17.395 -15.017
7.398237 -10.826 -5.63 -6.726 -8.426 -11.217 -13.222 -11.326 -8.924 -11.348 -13.34 -14.928 -16.007 -8.701 -12.068 -14.2 -15.327 -16.099 -12.982 -14.355 -15.399 -16.017 -16.466 -14.524 -13.284 -14.838 -17.012 -17.334 -17.395 -14.931
7.621991 -10.794 -5.591 -6.465 -8.108 -10.974 -13.033 -11.16 -8.618 -11.113 -13.158 -14.8 -15.915 -8.387 -11.851 -14.043 -15.208 -16.009 -12.854 -14.213 -15.285 -15.924 -16.392 -14.392 -13.108 -14.707 -16.965 -17.312 -17.393 -14.841
7.852513 -10.758 -5.551 -6.192 -7.772 -10.715 -12.833 -10.986 -8.295 -10.863 -12.964 -14.663 -15.817 -8.055 -11.621 -13.876 -15.079 -15.912 -12.726 -14.064 -15.162 -15.824 -16.311 -14.25 -12.921 -14.567 -16.913 -17.285 -17.387 -14.746
8.090007 -10.719 -5.508 -5.904 -7.415 -10.441 -12.618 -10.803 -7.953 -10.597 -12.757 -14.516 -15.71 -7.703 -11.375 -13.697 -14.942 -15.807 -12.597 -13.905 -15.03 -15.715 -16.224 -14.098 -12.721 -14.416 -16.855 -17.254 -17.378 -14.647
8.334684 -10.676 -5.463 -5.602 -7.037 -10.149 -12.39 -10.611 -7.589 -10.315 -12.536 -14.358 -15.594 -7.329 -11.114 -13.505 -14.793 -15.693 -12.469 -13.738 -14.888 -15.598 -16.129 -13.936 -12.509 -14.255 -16.79 -17.219 -17.366 -14.543
8.586761 -10.628 -5.414 -5.283 -6.635 -9.839 -12.145 -10.411 -7.202 -10.015 -12.3 -14.189 -15.47 -6.932 -10.836 -13.299 -14.633 -15.569 -12.342 -13.561 -14.736 -15.471 -16.026 -13.762 -12.281 -14.082 -16.719 -17.178 -17.35 -14.434
8.846461 -10.576 -5.361 -4.946 -6.208 -9.507 -11.884 -10.202 -6.791 -9.696 -12.048 -14.008 -15.334 -6.51 -10.538 -13.079 -14.461 -15.435 -12.216 -13.375 -14.573 -15.334 -15.914 -13.575 -12.039 -13.896 -16.64 -17.132 -17.329 -14.32
9.114017 -10.519 -5.304 -4.59 -5.754 -9.154 -11.604 -9.984 -6.354 -9.355 -11.778 -13.813 -15.188 -6.06 -10.221 -12.842 -14.276 -15.29 -12.092 -13.179 -14.398 -15.186 -15.794 -13.376 -11.779 -13.697 -16.553 -17.079 -17.305 -14.202
9.389664 -10.456 -5.241 -4.214 -5.269 -8.777 -11.303 -9.758 -5.887 -8.991 -11.489 -13.603 -15.03 -5.581 -9.882 -12.588 -14.076 -15.132 -11.97 -12.975 -14.211 -15.026 -15.663 -13.161 -11.502 -13.482 -16.457 -17.02 -17.275 -14.079
9.673648 -10.388 -5.172 -3.814 -4.752 -8.373 -10.981 -9.525 -5.388 -8.603 -11.179 -13.377 -14.859 -5.069 -9.519 -12.315 -13.859 -14.961 -11.849 -12.762 -14.009 -14.853 -15.522 -12.93 -11.204 -13.251 -16.352 -16.954 -17.24 -13.95
9.966221 -10.314 -5.098 -3.39 -4.199 -7.941 -10.635 -9.286 -4.856 -8.188 -10.846 -13.135 -14.674 -4.521 -9.13 -12.021 -13.626 -14.776 -11.731 -12.541 -13.794 -14.666 -15.37 -12.682 -10.885 -13.003 -16.236 -16.879 -17.199 -13.817
10.267642 -10.232 -5.017 -2.939 -3.607 -7.478 -10.263 -9.042 -4.285 -7.743 -10.488 -12.873 -14.473 -3.935 -8.713 -11.704 -13.374 -14.575 -11.612 -12.313 -13.563 -14.464 -15.205 -12.415 -10.542 -12.736 -16.109 -16.796 -17.152 -13.679
10.57818 -10.144 -4.928 -2.459 -2.974 -6.981 -9.863 -8.794 -3.674 -7.266 -10.104 -12.591 -14.255 -3.307 -8.264 -11.363 -13.101 -14.357 -11.494 -12.081 -13.317 -14.247 -15.028 -12.127 -10.174 -12.447 -15.969 -16.704 -17.098 -13.536
10.89811 -10.047 -4.831 -1.946 -2.293 -6.446 -9.431 -8.546 -3.017 -6.754 -9.69 -12.287 -14.02 -2.633 -7.782 -10.994 -12.805 -14.119 -11.373 -11.844 -13.054 -14.012 -14.838 -11.817 -9.777 -12.136 -15.815 -16.601 -17.036 -13.388
11.227716 -9.942 -4.726 -1.398 -1.562 -5.871 -8.965 -8.298 -2.312 -6.204 -9.243 -11.958 -13.764 -1.908 -7.263 -10.596 -12.485 -13.862 -11.25 -11.607 -12.775 -13.759 -14.632 -11.481 -9.35 -11.799 -15.647 -16.486 -16.966 -13.235
11.56729 -9.827 -4.611 -0.812 -0.775 -5.251 -8.461 -8.054 -1.551 -5.611 -8.761 -11.603 -13.485 -1.128 -6.703 -10.165 -12.137 -13.581 -11.121 -11.371 -12.479 -13.486 -14.412 -11.119 -8.889 -11.435 -15.461 -16.36 -16.886 -13.076
11.917135 -9.701 -4.486 -0.183 0.074 -4.581 -7.916 -7.815 -0.732 -4.973 -8.24 -11.218 -13.183 -0.286 -6.098 -9.698 -11.759 -13.275 -10.986 -11.137 -12.168 -13.193 -14.177 -10.726 -8.39 -11.041 -15.258 -16.219 -16.797 -12.91
12.277561 -9.565 -4.349 0.492 0.992 -3.857 -7.325 -7.581 0.154 -4.284 -7.677 -10.801 -12.854 0.623 -5.443 -9.191 -11.348 -12.941 -10.842 -10.906 -11.842 -12.879 -13.925 -10.301 -7.85 -10.613 -15.034 -16.063 -16.696 -12.738
12.648887 -9.415 -4.2 1.218 1.984 -3.073 -6.683 -7.352 1.113 -3.538 -7.066 -10.349 -12.496 1.608 -4.733 -8.64 -10.9 -12.577 -10.688 -10.679 -11.505 -12.544 -13.657 -9.838 -7.265 -10.148 -14.787 -15.89 -16.582 -12.558
13.031444 -9.252 -4.036 2.001 3.06 -2.222 -5.985 -7.127 2.152 -2.731 -6.403 -9.857 -12.106 2.675 -3.963 -8.04 -10.412 -12.179 -10.522 -10.454 -11.158 -12.187 -13.373 -9.336 -6.629 -9.643 -14.516 -15.698 -16.455 -12.368
13.425571 -9.074 -3.858 2.847 4.229 -1.297 -5.225 -6.901 3.281 -1.855 -5.682 -9.322 -11.679 3.834 -3.125 -7.387 -9.878 -11.744 -10.342 -10.228 -10.807 -11.809 -13.073 -8.788 -5.938 -9.093 -14.217 -15.485 -16.312 -12.168
13.831619 -8.878 -3.663 3.763 5.501 -0.289 -4.395 -6.671 4.511 -0.903 -4.897 -8.739 -11.214 5.096 -2.212 -6.673 -9.295 -11.266 -10.145 -9.999 -10.454 -11.414 -12.757 -8.19 -5.184 -8.492 -13.887 -15.248 -16.152 -11.955
14.249947 -8.739 -3.523 3.999 5.786 -0.04 -4.169 -6.528 4.79 -0.662 -4.678 -8.547 -11.038 5.38 -1.976 -6.463 -9.102 -11.089 -10.006 -9.856 -10.296 -11.249 -12.603 -7.996 -4.969 -8.298 -13.729 -15.103 -16.018 -11.814
14.680926 -8.602 -3.386 4.136 5.923 0.097 -4.032 -6.391 4.927 -0.525 -4.541 -8.41 -10.9 5.517 -1.839 -6.326 -8.965 -10.952 -9.869 -9.719 -10.159 -11.112 -12.466 -7.859 -4.831 -8.161 -13.592 -14.966 -15.881 -11.677
15.124941 -8.456 -3.24 4.282 6.069 0.243 -3.887 -6.246 5.073 -0.379 -4.395 -8.264 -10.755 5.663 -1.693 -6.18 -8.82 -10.806 -9.723 -9.573 -10.013 -10.966 -12.32 -7.713 -4.686 -8.015 -13.446 -14.821 -15.735 -11.531
15.582385 -8.301 -3.086 4.437 6.224 0.398 -3.732 -6.091 5.228 -0.224 -4.24 -8.109 -10.6 5.818 -1.538 -6.025 -8.665 -10.651 -9.568 -9.418 -9.858 -10.811 -12.165 -7.559 -4.531 -7.86 -13.292 -14.666 -15.58 -11.376
16.053663 -8.137 -2.921 4.601 6.389 0.563 -3.567 -5.926 5.392 -0.059 -4.075 -7.945 -10.435 5.982 -1.373 -5.861 -8.5 -10.486 -9.403 -9.254 -9.694 -10.646 -12.0 -7.394 -4.366 -7.695 -13.127 -14.501 -15.415 -11.211
16.539195 -7.962 -2.746 4.776 6.564 0.738 -3.392 -5.751 5.567 0.116 -3.9 -7.77 -10.26 6.157 -1.198 -5.686 -8.325 -10.311 -9.228 -9.079 -9.519 -10.471 -11.826 -7.219 -4.191 -7.52 -12.952 -14.326 -15.24 -11.037
17.039412 -7.776 -2.56 4.962 6.749 0.923 -3.206 -5.565 5.753 0.302 -3.715 -7.584 -10.074 6.343 -1.013 -5.5 -8.139 -10.126 -9.043 -8.893 -9.333 -10.286 -11.64 -7.033 -4.005 -7.334 -12.766 -14.14 -15.055 -10.851
17.554757 -7.578 -2.363 5.16 6.947 1.121 -3.009 -5.368 5.951 0.499 -3.517 -7.387 -9.877 6.54 -0.815 -5.303 -7.942 -9.928 -8.845 -8.695 -9.135 -10.088 -11.442 -6.836 -3.808 -7.137 -12.569 -13.943 -14.857 -10.653
18.085689 -7.369 -2.153 5.369 7.156 1.33 -2.799 -5.158 6.16 0.709 -3.307 -7.177 -9.667 6.75 -0.605 -5.093 -7.732 -9.718 -8.635 -8.486 -8.926 -9.879 -11.233 -6.626 -3.598 -6.927 -12.359 -13.733 -14.648 -10.444
18.632678 -7.146 -1.93 5.592 7.379 1.553 -2.577 -4.936 6.383 0.931 -3.085 -6.954 -9.445 6.973 -0.383 -4.87 -7.51 -9.496 -8.413 -8.263 -8.703 -9.656 -11.01 -6.403 -3.376 -6.705 -12.136 -13.51 -14.425 -10.221
19.196211 -6.91 -1.694 5.828 7.615 1.789 -2.34 -4.699 6.619 1.168 -2.848 -6.718 -9.208 7.209 -0.146 -4.634 -7.273 -9.259 -8.176 -8.027 -8.467 -9.419 -10.774 -6.167 -3.139 -6.468 -11.9 -13.274 -14.188 -9.985
19.776787 -6.659 -1.443 6.079 7.866 2.04 -2.089 -4.448 6.87 1.419 -2.597 -6.467 -8.957 7.46 0.105 -4.383 -7.022 -9.008 -7.925 -7.776 -8.216 -9.169 -10.523 -5.916 -2.888 -6.217 -11.649 -13.023 -13.938 -9.734
20.374923 -6.392 -1.177 6.346 8.133 2.307 -1.823 -4.182 7.137 1.685 -2.331 -6.2 -8.691 7.727 0.371 -4.116 -6.756 -8.742 -7.659 -7.509 -7.949 -8.902 -10.256 -5.65 -2.622 -5.951 -11.383 -12.757 -13.671 -9.467
20.991149 -6.109 -0.894 6.629 8.416 2.59 -1.54 -3.899 7.42 1.968 -2.048 -5.918 -8.408 8.009 0.654 -3.834 -6.473 -8.459 -7.376 -7.226 -7.666 -8.619 -9.973 -5.367 -2.339 -5.668 -11.1 -12.474 -13.388 -9.184
21.626011 -5.809 -0.593 6.929 8.716 2.89 -1.24 -3.599 7.72 2.268 -1.748 -5.617 -8.108 8.31 0.954 -3.533 -6.173 -8.159 -7.076 -6.926 -7.366 -8.319 -9.673 -5.066 -2.039 -5.368 -10.799 -12.174 -13.088 -8.884
22.280075 -5.49 -0.275 7.248 9.035 3.209 -0.921 -3.28 8.039 2.587 -1.429 -5.299 -7.789 8.628 1.273 -3.215 -5.854 -7.84 -6.757 -6.607 -7.047 -8.0 -9.354 -4.748 -1.72 -5.049 -10.481 -11.855 -12.769 -8.565
22.953921 -5.152 0.064 7.586 9.373 3.547 -0.583 -2.941 8.377 2.925 -1.091 -4.96 -7.451 8.967 1.611 -2.876 -5.516 -7.502 -6.419 -6.269 -6.709 -7.662 -9.016 -4.409 -1.382 -4.711 -10.142 -11.516 -12.431 -8.227
23.648147 -4.793 0.423 7.945 9.732 3.906 -0.223 -2.582 8.736 3.284 -0.732 -4.601 -7.091 9.326 1.97 -2.517 -5.156 -7.143 -6.06 -5.91 -6.35 -7.303 -8.657 -4.05 -1.022 -4.352 -9.783 -11.157 -12.072 -7.868
24.363369 -4.412 0.804 8.326 10.114 4.288 0.158 -2.201 9.117 3.666 -0.35 -4.22 -6.71 9.707 2.352 -2.136 -4.775 -6.761 -5.678 -5.529 -5.969 -6.921 -8.276 -3.669 -0.641 -3.97 -9.402 -10.776 -11.69 -7.487
25.100222 -4.007 1.209 8.731 10.518 4.692 0.562 -1.796 9.522 4.07 0.054 -3.815 -6.306 10.112 2.756 -1.731 -4.371 -6.357 -5.274 -5.124 -5.564 -6.517 -7.871 -3.264 -0.237 -3.566 -8.997 -10.371 -11.286 -7.082
25.859362 -3.578 1.638 9.16 10.948 5.122 0.992 -1.367 9.952 4.5 0.484 -3.386 -5.876 10.541 3.186 -1.302 -3.941 -5.927 -4.844 -4.695 -5.135 -6.087 -7.441 -2.835 0.193 -3.136 -8.568 -9.942 -10.856 -6.652
26.64146 -3.122 2.094 9.616 11.403 5.577 1.448 -0.911 10.407 4.956 0.94 -2.93 -5.42 10.997 3.642 -0.846 -3.485 -5.471 -4.388 -4.239 -4.679 -5.631 -6.986 -2.379 0.649 -2.68 -8.112 -9.486 -10.4 -6.197
27.447213 -2.638 2.578 10.1 11.887 6.061 1.932 -0.427 10.891 5.439 1.423 -2.446 -4.936 11.481 4.125 -0.362 -3.001 -4.988 -3.905 -3.755 -4.195 -5.148 -6.502 -1.895 1.133 -2.197 -7.628 -9.002 -9.917 -5.713
28.277335 -2.124 3.091 10.614 12.401 6.575 2.445 0.086 11.405 5.953 1.937 -1.932 -4.423 11.995 4.639 0.152 -2.488 -4.474 -3.391 -3.241 -3.681 -4.634 -5.988 -1.382 1.646 -1.683 -7.115 -8.489 -9.403 -5.199
29.132564 -1.579 3.636 11.159 12.946 7.12 2.99 0.631 11.95 6.498 2.482 -1.387 -3.878 12.54 5.184 0.697 -1.943 -3.929 -2.846 -2.696 -3.136 -4.089 -5.443 -0.836 2.191 -1.138 -6.57 -7.944 -8.858 -4.654
30.013659 -1.001 4.215 11.737 13.525 7.699 3.569 1.21 12.528 7.077 3.061 -0.809 -3.299 13.118 5.763 1.275 -1.364 -3.35 -2.267 -2.118 -2.558 -3.51 -4.865 -0.258 2.77 -0.559 -5.991 -7.365 -8.279 -4.075
30.921401 -0.386 4.829 12.352 14.139 8.313 4.183 1.824 13.143 7.691 3.675 -0.195 -2.685 13.732 6.377 1.889 -0.75 -2.736 -1.653 -1.504 -1.944 -2.896 -4.25 0.356 3.384 0.055 -5.377 -6.751 -7.665 -3.461
31.856598 0.265 5.481 13.003 14.79 8.964 4.835 2.476 13.794 8.343 4.327 0.457 -2.033 14.384 7.029 2.541 -0.098 -2.084 -1.001 -0.852 -1.292 -2.244 -3.599 1.008 4.036 0.707 -4.725 -6.099 -7.013 -2.81
32.820079 0.957 6.173 13.695 15.482 9.656 5.527 3.168 14.486 9.034 5.018 1.149 -1.341 15.076 7.72 3.233 0.594 -1.393 -0.31 -0.16 -0.6 -1.553 -2.907 1.7 4.728 1.398 -4.033 -5.407 -6.322 -2.118
33.8127 1.691 6.907 14.429 16.217 10.391 6.261 3.902 15.221 9.769 5.753 1.883 -0.607 15.81 8.455 3.967 1.328 -0.658 0.425 0.574 0.134 -0.818 -2.172 2.434 5.462 2.133 -3.299 -4.673 -5.587 -1.383
34.835342 2.471 7.687 15.209 16.996 11.17 7.04 4.681 16.0 10.548 6.532 2.663 0.172 16.59 9.234 4.747 2.107 0.121 1.204 1.354 0.914 -0.039 -1.393 3.214 6.241 2.912 -2.519 -3.894 -4.808 -0.604
