web/models/kne.last_good/kappa_0.5_3.0.v1/1/villar_0.4064_0.3277_3.0000.dat
# %ECSV 1.0
# ---
# datatype:
# - {name: time, datatype: float64}
# - {name: swift_uvot_uvw2, datatype: float64}
# - {name: swift_uvot_uvm2, datatype: float64}
# - {name: swift_uvot_uvw1, datatype: float64}
# - {name: swift_uvot_U, datatype: float64}
# - {name: swift_uvot_B, datatype: float64}
# - {name: swift_uvot_V, datatype: float64}
# - {name: swift_uvot_W, datatype: float64}
# - {name: johnson_U, datatype: float64}
# - {name: johnson_B, datatype: float64}
# - {name: johnson_V, datatype: float64}
# - {name: johnson_R, datatype: float64}
# - {name: johnson_I, datatype: float64}
# - {name: sdss_u, datatype: float64}
# - {name: sdss_g, datatype: float64}
# - {name: sdss_r, datatype: float64}
# - {name: sdss_i, datatype: float64}
# - {name: sdss_z, datatype: float64}
# - {name: PS1_g, datatype: float64}
# - {name: PS1_r, datatype: float64}
# - {name: PS1_i, datatype: float64}
# - {name: PS1_z, datatype: float64}
# - {name: PS1_Y, datatype: float64}
# - {name: PS1_w, datatype: float64}
# - {name: ATLAS_c, datatype: float64}
# - {name: ATLAS_o, datatype: float64}
# - {name: ukirt_J, datatype: float64}
# - {name: ukirt_H, datatype: float64}
# - {name: ukirt_K, datatype: float64}
# - {name: Clear, datatype: float64}
# meta: !!omap
# - comment: [kappa = 3.0, type = villar, mass = 0.4064473885499596, velocity = 0.32766666666666666, theta_obs = 0.0]
# schema: astropy-2.0
time swift_uvot_uvw2 swift_uvot_uvm2 swift_uvot_uvw1 swift_uvot_U swift_uvot_B swift_uvot_V swift_uvot_W johnson_U johnson_B johnson_V johnson_R johnson_I sdss_u sdss_g sdss_r sdss_i sdss_z PS1_g PS1_r PS1_i PS1_z PS1_Y PS1_w ATLAS_c ATLAS_o ukirt_J ukirt_H ukirt_K Clear
[from data line 76]
0.009626 -11.337 -11.214 -11.116 -10.797 -10.488 -10.141 -10.963 -10.752 -10.484 -10.13 -9.764 -9.334 -10.761 -10.377 -9.93 -9.592 -9.271 -10.364 -9.967 -9.64 -9.429 -9.429 -9.984 -10.203 -9.791 -8.621 -8.087 -7.467 -10.055
0.009917 -11.376 -11.256 -11.159 -10.844 -10.537 -10.192 -11.007 -10.8 -10.533 -10.181 -9.816 -9.387 -10.809 -10.427 -9.981 -9.645 -9.324 -10.414 -10.018 -9.692 -9.481 -9.479 -10.035 -10.254 -9.843 -8.674 -8.141 -7.521 -10.106
0.010217 -11.415 -11.298 -11.203 -10.892 -10.587 -10.242 -11.051 -10.848 -10.583 -10.232 -9.868 -9.44 -10.857 -10.477 -10.033 -9.697 -9.376 -10.464 -10.069 -9.743 -9.532 -9.528 -10.086 -10.304 -9.895 -8.728 -8.195 -7.576 -10.157
0.010526 -11.454 -11.34 -11.246 -10.94 -10.636 -10.293 -11.095 -10.896 -10.632 -10.283 -9.92 -9.492 -10.905 -10.527 -10.084 -9.749 -9.429 -10.513 -10.12 -9.795 -9.583 -9.577 -10.137 -10.354 -9.946 -8.782 -8.249 -7.63 -10.207
0.010845 -11.492 -11.382 -11.29 -10.987 -10.685 -10.344 -11.138 -10.943 -10.681 -10.334 -9.972 -9.545 -10.952 -10.577 -10.135 -9.801 -9.482 -10.563 -10.171 -9.846 -9.634 -9.627 -10.188 -10.405 -9.998 -8.835 -8.303 -7.685 -10.258
0.011173 -11.53 -11.423 -11.333 -11.034 -10.734 -10.394 -11.182 -10.991 -10.73 -10.384 -10.023 -9.597 -11.0 -10.626 -10.186 -9.853 -9.535 -10.612 -10.221 -9.897 -9.686 -9.676 -10.239 -10.455 -10.05 -8.889 -8.357 -7.739 -10.308
0.011511 -11.568 -11.464 -11.375 -11.081 -10.783 -10.445 -11.225 -11.038 -10.779 -10.435 -10.075 -9.65 -11.047 -10.676 -10.238 -9.905 -9.587 -10.661 -10.272 -9.948 -9.737 -9.725 -10.289 -10.505 -10.101 -8.942 -8.411 -7.793 -10.358
0.011859 -11.606 -11.505 -11.418 -11.128 -10.832 -10.495 -11.268 -11.085 -10.828 -10.485 -10.126 -9.702 -11.094 -10.725 -10.289 -9.957 -9.64 -10.71 -10.323 -10.0 -9.788 -9.774 -10.34 -10.555 -10.152 -8.995 -8.465 -7.848 -10.408
0.012217 -11.643 -11.546 -11.461 -11.175 -10.881 -10.545 -11.31 -11.132 -10.877 -10.535 -10.177 -9.754 -11.141 -10.774 -10.339 -10.009 -9.692 -10.759 -10.373 -10.051 -9.839 -9.823 -10.39 -10.605 -10.203 -9.049 -8.519 -7.902 -10.459
0.012587 -11.68 -11.587 -11.503 -11.221 -10.929 -10.596 -11.353 -11.179 -10.926 -10.585 -10.229 -9.807 -11.188 -10.824 -10.39 -10.06 -9.744 -10.808 -10.423 -10.102 -9.89 -9.872 -10.441 -10.655 -10.255 -9.102 -8.573 -7.956 -10.509
0.012968 -11.717 -11.627 -11.545 -11.268 -10.978 -10.646 -11.395 -11.226 -10.974 -10.635 -10.28 -9.859 -11.235 -10.873 -10.441 -10.112 -9.797 -10.857 -10.474 -10.152 -9.94 -9.921 -10.491 -10.704 -10.306 -9.155 -8.626 -8.01 -10.559
0.01336 -11.754 -11.667 -11.587 -11.314 -11.026 -10.696 -11.438 -11.273 -11.022 -10.685 -10.331 -9.911 -11.281 -10.921 -10.492 -10.163 -9.849 -10.906 -10.524 -10.203 -9.991 -9.971 -10.541 -10.754 -10.357 -9.208 -8.68 -8.064 -10.608
0.013764 -11.79 -11.707 -11.628 -11.36 -11.074 -10.745 -11.48 -11.319 -11.071 -10.735 -10.382 -9.963 -11.328 -10.97 -10.542 -10.215 -9.901 -10.955 -10.574 -10.254 -10.042 -10.02 -10.591 -10.803 -10.408 -9.261 -8.734 -8.118 -10.658
0.01418 -11.826 -11.746 -11.67 -11.406 -11.123 -10.795 -11.522 -11.365 -11.119 -10.785 -10.433 -10.015 -11.374 -11.019 -10.593 -10.266 -9.953 -11.003 -10.624 -10.305 -10.093 -10.068 -10.641 -10.853 -10.458 -9.314 -8.787 -8.172 -10.708
0.014609 -11.862 -11.785 -11.711 -11.452 -11.171 -10.845 -11.563 -11.412 -11.167 -10.835 -10.483 -10.066 -11.42 -11.068 -10.643 -10.318 -10.005 -11.052 -10.674 -10.355 -10.143 -10.117 -10.691 -10.902 -10.509 -9.367 -8.841 -8.226 -10.757
0.015051 -11.898 -11.824 -11.752 -11.497 -11.218 -10.894 -11.605 -11.458 -11.215 -10.884 -10.534 -10.118 -11.466 -11.116 -10.693 -10.369 -10.057 -11.1 -10.724 -10.406 -10.194 -10.166 -10.741 -10.951 -10.56 -9.42 -8.894 -8.28 -10.807
0.015506 -11.933 -11.863 -11.792 -11.543 -11.266 -10.944 -11.646 -11.504 -11.263 -10.934 -10.585 -10.17 -11.512 -11.164 -10.744 -10.42 -10.109 -11.148 -10.773 -10.457 -10.244 -10.215 -10.791 -11.0 -10.61 -9.473 -8.948 -8.334 -10.856
0.015975 -11.968 -11.902 -11.833 -11.588 -11.314 -10.993 -11.687 -11.549 -11.31 -10.983 -10.635 -10.222 -11.558 -11.213 -10.794 -10.471 -10.161 -11.196 -10.823 -10.507 -10.295 -10.264 -10.841 -11.049 -10.661 -9.526 -9.001 -8.388 -10.905
0.016458 -12.003 -11.94 -11.873 -11.634 -11.361 -11.043 -11.728 -11.595 -11.358 -11.033 -10.686 -10.273 -11.603 -11.261 -10.844 -10.522 -10.212 -11.244 -10.873 -10.557 -10.345 -10.313 -10.89 -11.098 -10.711 -9.579 -9.054 -8.442 -10.954
0.016956 -12.038 -11.978 -11.914 -11.679 -11.409 -11.092 -11.769 -11.64 -11.405 -11.082 -10.736 -10.325 -11.649 -11.309 -10.894 -10.573 -10.264 -11.292 -10.922 -10.608 -10.396 -10.362 -10.94 -11.147 -10.762 -9.632 -9.108 -8.496 -11.003
0.017469 -12.072 -12.016 -11.953 -11.724 -11.456 -11.141 -11.809 -11.686 -11.452 -11.131 -10.787 -10.376 -11.694 -11.357 -10.944 -10.624 -10.316 -11.34 -10.972 -10.658 -10.446 -10.41 -10.989 -11.196 -10.812 -9.684 -9.161 -8.549 -11.052
0.017997 -12.106 -12.054 -11.993 -11.768 -11.503 -11.19 -11.85 -11.731 -11.5 -11.18 -10.837 -10.428 -11.739 -11.404 -10.993 -10.675 -10.367 -11.388 -11.021 -10.708 -10.496 -10.459 -11.038 -11.244 -10.862 -9.737 -9.214 -8.603 -11.101
0.018541 -12.14 -12.091 -12.033 -11.813 -11.55 -11.239 -11.89 -11.776 -11.547 -11.229 -10.887 -10.479 -11.784 -11.452 -11.043 -10.726 -10.419 -11.435 -11.07 -10.758 -10.546 -10.508 -11.088 -11.293 -10.912 -9.789 -9.267 -8.657 -11.15
0.019102 -12.174 -12.128 -12.072 -11.857 -11.597 -11.288 -11.93 -11.821 -11.594 -11.278 -10.937 -10.53 -11.829 -11.5 -11.093 -10.776 -10.47 -11.483 -11.119 -10.809 -10.597 -10.557 -11.137 -11.341 -10.962 -9.842 -9.32 -8.71 -11.199
0.01968 -12.207 -12.165 -12.111 -11.902 -11.644 -11.336 -11.97 -11.866 -11.641 -11.326 -10.987 -10.581 -11.874 -11.547 -11.142 -10.827 -10.521 -11.53 -11.168 -10.859 -10.647 -10.605 -11.186 -11.389 -11.012 -9.894 -9.374 -8.764 -11.247
0.020275 -12.24 -12.202 -12.15 -11.946 -11.691 -11.385 -12.009 -11.91 -11.687 -11.375 -11.037 -10.632 -11.918 -11.594 -11.192 -10.877 -10.573 -11.578 -11.218 -10.908 -10.697 -10.654 -11.235 -11.438 -11.062 -9.947 -9.427 -8.817 -11.296
0.020888 -12.273 -12.238 -12.188 -11.99 -11.737 -11.433 -12.049 -11.955 -11.734 -11.424 -11.087 -10.683 -11.963 -11.642 -11.241 -10.928 -10.624 -11.625 -11.266 -10.958 -10.747 -10.703 -11.283 -11.486 -11.112 -9.999 -9.48 -8.871 -11.344
0.02152 -12.305 -12.274 -12.227 -12.034 -11.784 -11.482 -12.088 -11.999 -11.78 -11.472 -11.137 -10.734 -12.007 -11.689 -11.29 -10.978 -10.675 -11.672 -11.315 -11.008 -10.797 -10.751 -11.332 -11.534 -11.162 -10.052 -9.533 -8.925 -11.392
0.022171 -12.337 -12.31 -12.265 -12.077 -11.83 -11.53 -12.127 -12.043 -11.827 -11.52 -11.187 -10.785 -12.051 -11.736 -11.34 -11.029 -10.726 -11.719 -11.364 -11.058 -10.847 -10.8 -11.381 -11.582 -11.211 -10.104 -9.585 -8.978 -11.44
0.022841 -12.369 -12.346 -12.303 -12.121 -11.876 -11.578 -12.166 -12.087 -11.873 -11.569 -11.236 -10.836 -12.095 -11.783 -11.389 -11.079 -10.777 -11.766 -11.413 -11.108 -10.897 -10.848 -11.429 -11.629 -11.261 -10.156 -9.638 -9.031 -11.489
0.023532 -12.401 -12.381 -12.341 -12.164 -11.923 -11.626 -12.204 -12.131 -11.919 -11.617 -11.286 -10.887 -12.139 -11.829 -11.438 -11.129 -10.828 -11.812 -11.462 -11.157 -10.947 -10.897 -11.478 -11.677 -11.31 -10.208 -9.691 -9.085 -11.537
0.024244 -12.432 -12.416 -12.378 -12.207 -11.968 -11.674 -12.243 -12.175 -11.965 -11.665 -11.335 -10.938 -12.182 -11.876 -11.487 -11.179 -10.879 -11.859 -11.51 -11.207 -10.996 -10.946 -11.526 -11.725 -11.36 -10.26 -9.744 -9.138 -11.584
0.024977 -12.463 -12.451 -12.415 -12.25 -12.014 -11.722 -12.281 -12.218 -12.011 -11.713 -11.385 -10.988 -12.226 -11.923 -11.535 -11.229 -10.93 -11.906 -11.559 -11.256 -11.046 -10.994 -11.575 -11.772 -11.409 -10.312 -9.797 -9.191 -11.632
0.025733 -12.494 -12.485 -12.453 -12.293 -12.06 -11.77 -12.319 -12.261 -12.056 -11.761 -11.434 -11.039 -12.269 -11.969 -11.584 -11.279 -10.981 -11.952 -11.607 -11.306 -11.096 -11.043 -11.623 -11.819 -11.458 -10.365 -9.85 -9.245 -11.68
0.026511 -12.525 -12.52 -12.489 -12.336 -12.106 -11.818 -12.357 -12.305 -12.102 -11.808 -11.483 -11.09 -12.312 -12.015 -11.633 -11.329 -11.032 -11.998 -11.655 -11.355 -11.145 -11.091 -11.671 -11.867 -11.507 -10.417 -9.902 -9.298 -11.727
0.027313 -12.555 -12.554 -12.526 -12.379 -12.151 -11.865 -12.395 -12.348 -12.147 -11.856 -11.532 -11.14 -12.355 -12.061 -11.681 -11.379 -11.082 -12.045 -11.703 -11.404 -11.195 -11.139 -11.719 -11.914 -11.556 -10.468 -9.955 -9.351 -11.775
0.028139 -12.585 -12.587 -12.562 -12.421 -12.196 -11.913 -12.432 -12.391 -12.193 -11.903 -11.581 -11.19 -12.398 -12.108 -11.73 -11.428 -11.133 -12.091 -11.752 -11.454 -11.245 -11.188 -11.767 -11.961 -11.605 -10.52 -10.007 -9.404 -11.822
0.02899 -12.614 -12.621 -12.598 -12.463 -12.241 -11.96 -12.469 -12.433 -12.238 -11.951 -11.63 -11.241 -12.441 -12.153 -11.778 -11.478 -11.183 -12.137 -11.8 -11.503 -11.294 -11.236 -11.815 -12.008 -11.654 -10.572 -10.06 -9.458 -11.87
0.029867 -12.644 -12.654 -12.634 -12.505 -12.286 -12.008 -12.506 -12.476 -12.283 -11.998 -11.679 -11.291 -12.483 -12.199 -11.827 -11.528 -11.234 -12.182 -11.848 -11.552 -11.344 -11.285 -11.862 -12.054 -11.703 -10.624 -10.113 -9.511 -11.917
0.03077 -12.673 -12.687 -12.67 -12.547 -12.331 -12.055 -12.543 -12.518 -12.328 -12.045 -11.728 -11.341 -12.525 -12.245 -11.875 -11.577 -11.284 -12.228 -11.895 -11.601 -11.393 -11.333 -11.91 -12.101 -11.751 -10.676 -10.165 -9.564 -11.964
0.031701 -12.701 -12.719 -12.705 -12.589 -12.376 -12.102 -12.58 -12.56 -12.373 -12.093 -11.777 -11.391 -12.567 -12.29 -11.923 -11.626 -11.335 -12.274 -11.943 -11.65 -11.442 -11.381 -11.957 -12.148 -11.8 -10.727 -10.217 -9.617 -12.011
0.032659 -12.73 -12.751 -12.74 -12.63 -12.421 -12.149 -12.616 -12.602 -12.417 -12.14 -11.825 -11.442 -12.609 -12.336 -11.971 -11.676 -11.385 -12.319 -11.991 -11.699 -11.492 -11.429 -12.005 -12.194 -11.849 -10.779 -10.27 -9.67 -12.058
0.033647 -12.758 -12.783 -12.775 -12.671 -12.465 -12.196 -12.653 -12.644 -12.462 -12.187 -11.874 -11.492 -12.651 -12.381 -12.019 -11.725 -11.435 -12.365 -12.039 -11.748 -11.541 -11.478 -12.052 -12.24 -11.897 -10.831 -10.322 -9.723 -12.104
0.034665 -12.785 -12.815 -12.81 -12.713 -12.51 -12.243 -12.689 -12.686 -12.506 -12.233 -11.922 -11.541 -12.693 -12.426 -12.067 -11.774 -11.485 -12.41 -12.086 -11.796 -11.59 -11.526 -12.099 -12.287 -11.945 -10.882 -10.375 -9.776 -12.151
0.035713 -12.813 -12.846 -12.844 -12.754 -12.554 -12.289 -12.725 -12.727 -12.55 -12.28 -11.971 -11.591 -12.734 -12.471 -12.114 -11.823 -11.535 -12.455 -12.133 -11.845 -11.639 -11.574 -12.146 -12.333 -11.994 -10.934 -10.427 -9.829 -12.198
0.036793 -12.84 -12.877 -12.878 -12.794 -12.598 -12.336 -12.76 -12.769 -12.594 -12.327 -12.019 -11.641 -12.776 -12.516 -12.162 -11.872 -11.585 -12.5 -12.181 -11.894 -11.688 -11.622 -12.193 -12.379 -12.042 -10.985 -10.479 -9.882 -12.244
0.037906 -12.867 -12.908 -12.912 -12.835 -12.642 -12.382 -12.796 -12.81 -12.638 -12.373 -12.067 -11.691 -12.817 -12.561 -12.21 -11.921 -11.635 -12.545 -12.228 -11.942 -11.737 -11.67 -12.24 -12.425 -12.09 -11.037 -10.531 -9.935 -12.29
0.039052 -12.893 -12.938 -12.945 -12.875 -12.686 -12.429 -12.831 -12.851 -12.682 -12.419 -12.115 -11.741 -12.857 -12.606 -12.257 -11.97 -11.685 -12.59 -12.275 -11.991 -11.786 -11.718 -12.287 -12.47 -12.138 -11.088 -10.584 -9.987 -12.337
0.040234 -12.919 -12.969 -12.979 -12.915 -12.729 -12.475 -12.866 -12.892 -12.726 -12.466 -12.163 -11.79 -12.898 -12.65 -12.304 -12.019 -11.735 -12.634 -12.322 -12.039 -11.835 -11.766 -12.334 -12.516 -12.186 -11.139 -10.636 -10.04 -12.383
0.04145 -12.945 -12.998 -13.012 -12.955 -12.773 -12.521 -12.901 -12.932 -12.769 -12.512 -12.211 -11.84 -12.939 -12.695 -12.352 -12.068 -11.785 -12.679 -12.369 -12.088 -11.884 -11.814 -12.38 -12.562 -12.234 -11.191 -10.688 -10.093 -12.429
0.042704 -12.97 -13.028 -13.044 -12.995 -12.816 -12.567 -12.935 -12.973 -12.813 -12.558 -12.259 -11.889 -12.979 -12.739 -12.399 -12.116 -11.834 -12.723 -12.416 -12.136 -11.933 -11.862 -12.427 -12.607 -12.281 -11.242 -10.74 -10.146 -12.475
0.043996 -12.996 -13.057 -13.077 -13.035 -12.859 -12.613 -12.97 -13.013 -12.856 -12.604 -12.307 -11.938 -13.019 -12.783 -12.446 -12.165 -11.884 -12.768 -12.463 -12.184 -11.981 -11.91 -12.473 -12.652 -12.329 -11.293 -10.792 -10.199 -12.52
0.045326 -13.02 -13.086 -13.109 -13.074 -12.902 -12.658 -13.004 -13.053 -12.899 -12.649 -12.354 -11.988 -13.059 -12.827 -12.493 -12.213 -11.934 -12.812 -12.51 -12.232 -12.03 -11.958 -12.52 -12.698 -12.377 -11.344 -10.844 -10.251 -12.566
0.046697 -13.045 -13.114 -13.141 -13.113 -12.945 -12.704 -13.038 -13.093 -12.942 -12.695 -12.402 -12.037 -13.099 -12.871 -12.54 -12.262 -11.983 -12.856 -12.556 -12.28 -12.079 -12.006 -12.566 -12.743 -12.424 -11.395 -10.896 -10.304 -12.612
0.048109 -13.069 -13.142 -13.172 -13.152 -12.988 -12.75 -13.072 -13.133 -12.984 -12.741 -12.449 -12.086 -13.138 -12.914 -12.586 -12.31 -12.033 -12.9 -12.603 -12.328 -12.127 -12.054 -12.612 -12.787 -12.471 -11.446 -10.948 -10.356 -12.657
0.049564 -13.092 -13.17 -13.204 -13.191 -13.03 -12.795 -13.105 -13.172 -13.027 -12.786 -12.497 -12.135 -13.178 -12.958 -12.633 -12.358 -12.082 -12.943 -12.649 -12.376 -12.176 -12.102 -12.658 -12.832 -12.519 -11.497 -10.999 -10.409 -12.702
0.051063 -13.116 -13.198 -13.235 -13.23 -13.073 -12.84 -13.138 -13.211 -13.069 -12.831 -12.544 -12.184 -13.217 -13.001 -12.679 -12.406 -12.131 -12.987 -12.695 -12.424 -12.224 -12.15 -12.703 -12.877 -12.566 -11.548 -11.051 -10.462 -12.748
0.052608 -13.139 -13.225 -13.265 -13.268 -13.115 -12.885 -13.171 -13.25 -13.112 -12.877 -12.591 -12.233 -13.256 -13.045 -12.726 -12.454 -12.18 -13.03 -12.741 -12.471 -12.272 -12.197 -12.749 -12.921 -12.613 -11.599 -11.103 -10.514 -12.793
0.054199 -13.161 -13.252 -13.296 -13.306 -13.157 -12.93 -13.204 -13.289 -13.154 -12.922 -12.638 -12.282 -13.295 -13.088 -12.772 -12.502 -12.229 -13.074 -12.788 -12.519 -12.321 -12.245 -12.795 -12.966 -12.66 -11.65 -11.155 -10.567 -12.838
0.055838 -13.183 -13.278 -13.326 -13.344 -13.199 -12.975 -13.237 -13.328 -13.196 -12.967 -12.685 -12.331 -13.333 -13.131 -12.818 -12.55 -12.279 -13.117 -12.833 -12.567 -12.369 -12.293 -12.84 -13.01 -12.707 -11.701 -11.206 -10.619 -12.882
0.057527 -13.205 -13.304 -13.356 -13.382 -13.241 -13.02 -13.269 -13.366 -13.237 -13.011 -12.732 -12.38 -13.372 -13.173 -12.864 -12.598 -12.327 -13.16 -12.879 -12.614 -12.417 -12.34 -12.886 -13.054 -12.753 -11.751 -11.258 -10.671 -12.927
0.059267 -13.227 -13.33 -13.385 -13.42 -13.282 -13.065 -13.302 -13.404 -13.279 -13.056 -12.779 -12.428 -13.41 -13.216 -12.91 -12.645 -12.376 -13.203 -12.925 -12.661 -12.465 -12.388 -12.931 -13.098 -12.8 -11.802 -11.31 -10.724 -12.972
0.061059 -13.248 -13.355 -13.415 -13.457 -13.324 -13.109 -13.334 -13.442 -13.321 -13.101 -12.826 -12.477 -13.448 -13.258 -12.956 -12.693 -12.425 -13.246 -12.971 -12.709 -12.513 -12.436 -12.976 -13.142 -12.846 -11.852 -11.361 -10.776 -13.016
0.062906 -13.269 -13.38 -13.444 -13.494 -13.365 -13.154 -13.365 -13.48 -13.362 -13.145 -12.872 -12.525 -13.485 -13.301 -13.002 -12.741 -12.474 -13.288 -13.016 -12.756 -12.561 -12.483 -13.021 -13.186 -12.893 -11.903 -11.413 -10.829 -13.061
0.064808 -13.289 -13.404 -13.472 -13.531 -13.406 -13.198 -13.397 -13.518 -13.403 -13.189 -12.919 -12.574 -13.523 -13.343 -13.048 -12.788 -12.523 -13.331 -13.062 -12.803 -12.609 -12.53 -13.066 -13.229 -12.939 -11.954 -11.464 -10.881 -13.105
0.066769 -13.309 -13.429 -13.501 -13.567 -13.447 -13.242 -13.428 -13.555 -13.444 -13.233 -12.965 -12.622 -13.56 -13.385 -13.093 -12.835 -12.571 -13.373 -13.107 -12.85 -12.657 -12.578 -13.111 -13.273 -12.985 -12.004 -11.516 -10.933 -13.149
0.068788 -13.328 -13.452 -13.528 -13.604 -13.488 -13.286 -13.459 -13.592 -13.484 -13.277 -13.011 -12.67 -13.597 -13.427 -13.139 -12.882 -12.62 -13.415 -13.152 -12.897 -12.705 -12.625 -13.155 -13.316 -13.032 -12.054 -11.567 -10.985 -13.193
0.070868 -13.347 -13.476 -13.556 -13.64 -13.528 -13.33 -13.49 -13.629 -13.525 -13.321 -13.057 -12.718 -13.634 -13.468 -13.184 -12.93 -12.668 -13.457 -13.197 -12.944 -12.752 -12.673 -13.2 -13.359 -13.078 -12.105 -11.618 -11.037 -13.237
