web/models/kne.last_good/kappa_0.5_3.0.v1/1/villar_0.1775_0.1083_3.0000.dat
# %ECSV 1.0
# ---
# datatype:
# - {name: time, datatype: float64}
# - {name: swift_uvot_uvw2, datatype: float64}
# - {name: swift_uvot_uvm2, datatype: float64}
# - {name: swift_uvot_uvw1, datatype: float64}
# - {name: swift_uvot_U, datatype: float64}
# - {name: swift_uvot_B, datatype: float64}
# - {name: swift_uvot_V, datatype: float64}
# - {name: swift_uvot_W, datatype: float64}
# - {name: johnson_U, datatype: float64}
# - {name: johnson_B, datatype: float64}
# - {name: johnson_V, datatype: float64}
# - {name: johnson_R, datatype: float64}
# - {name: johnson_I, datatype: float64}
# - {name: sdss_u, datatype: float64}
# - {name: sdss_g, datatype: float64}
# - {name: sdss_r, datatype: float64}
# - {name: sdss_i, datatype: float64}
# - {name: sdss_z, datatype: float64}
# - {name: PS1_g, datatype: float64}
# - {name: PS1_r, datatype: float64}
# - {name: PS1_i, datatype: float64}
# - {name: PS1_z, datatype: float64}
# - {name: PS1_Y, datatype: float64}
# - {name: PS1_w, datatype: float64}
# - {name: ATLAS_c, datatype: float64}
# - {name: ATLAS_o, datatype: float64}
# - {name: ukirt_J, datatype: float64}
# - {name: ukirt_H, datatype: float64}
# - {name: ukirt_K, datatype: float64}
# - {name: Clear, datatype: float64}
# meta: !!omap
# - comment: [kappa = 3.0, type = villar, mass = 0.1774768329891343, velocity = 0.10833333333333334, theta_obs = 0.0]
# schema: astropy-2.0
time swift_uvot_uvw2 swift_uvot_uvm2 swift_uvot_uvw1 swift_uvot_U swift_uvot_B swift_uvot_V swift_uvot_W johnson_U johnson_B johnson_V johnson_R johnson_I sdss_u sdss_g sdss_r sdss_i sdss_z PS1_g PS1_r PS1_i PS1_z PS1_Y PS1_w ATLAS_c ATLAS_o ukirt_J ukirt_H ukirt_K Clear
[from data line 354]
38.092613 -3.681 1.534 9.057 10.844 5.018 0.888 -1.471 9.848 4.396 0.38 -3.489 -5.98 10.437 3.082 -1.406 -4.045 -6.031 -4.948 -4.798 -5.238 -6.191 -7.545 -2.939 0.089 -3.24 -8.672 -10.046 -10.96 -6.756
39.244698 -3.236 1.979 9.502 11.289 5.463 1.333 -1.026 10.293 4.841 0.825 -3.045 -5.535 10.882 3.527 -0.961 -3.6 -5.586 -4.503 -4.354 -4.794 -5.746 -7.1 -2.494 0.534 -2.795 -8.227 -9.601 -10.515 -6.311
40.431627 -2.764 2.451 9.974 11.761 5.935 1.805 -0.554 10.765 5.313 1.297 -2.572 -5.063 11.354 3.999 -0.489 -3.128 -5.114 -4.031 -3.881 -4.321 -5.274 -6.628 -2.022 1.006 -2.323 -7.755 -9.129 -10.043 -5.839
41.654454 -2.263 2.953 10.475 12.262 6.436 2.306 -0.053 11.266 5.814 1.798 -2.071 -4.562 11.856 4.5 0.013 -2.627 -4.613 -3.53 -3.38 -3.82 -4.773 -6.127 -1.52 1.507 -1.822 -7.254 -8.628 -9.542 -5.338
42.914265 -1.731 3.484 11.007 12.794 6.968 2.838 0.479 11.798 6.346 2.33 -1.539 -4.03 12.388 5.032 0.545 -2.095 -4.081 -2.998 -2.848 -3.288 -4.241 -5.595 -0.989 2.039 -1.29 -6.722 -8.096 -9.01 -4.806
44.212178 -1.167 4.049 11.571 13.359 7.533 3.403 1.044 12.362 6.911 2.895 -0.975 -3.465 12.952 5.597 1.109 -1.53 -3.516 -2.433 -2.284 -2.724 -3.676 -5.031 -0.424 2.604 -0.725 -6.157 -7.531 -8.445 -4.241
45.549345 -0.567 4.648 12.171 13.958 8.132 4.002 1.643 12.962 7.51 3.494 -0.375 -2.866 13.551 6.196 1.709 -0.931 -2.917 -1.834 -1.684 -2.124 -3.077 -4.431 0.175 3.203 -0.126 -5.558 -6.932 -7.846 -3.642
46.926954 0.069 5.284 12.807 14.594 8.768 4.638 2.279 13.598 8.146 4.13 0.261 -2.23 14.188 6.832 2.345 -0.295 -2.281 -1.198 -1.048 -1.488 -2.441 -3.795 0.811 3.839 0.51 -4.922 -6.296 -7.21 -3.006
48.346227 0.744 5.96 13.482 15.269 9.443 5.313 2.954 14.273 8.821 4.805 0.936 -1.555 14.863 7.507 3.02 0.38 -1.606 -0.523 -0.373 -0.813 -1.766 -3.12 1.487 4.514 1.185 -4.246 -5.62 -6.535 -2.331
49.808426 1.461 6.676 14.199 15.986 10.16 6.03 3.671 14.99 9.538 5.522 1.652 -0.838 15.579 8.224 3.736 1.097 -0.889 0.194 0.343 -0.097 -1.049 -2.403 2.203 5.231 1.902 -3.53 -4.904 -5.818 -1.614
51.314848 2.221 7.437 14.959 16.746 10.92 6.791 4.432 15.75 10.298 6.282 2.413 -0.077 16.34 8.984 4.497 1.858 -0.129 0.954 1.104 0.664 -0.289 -1.643 2.964 5.991 2.662 -2.769 -4.143 -5.058 -0.854
52.86683 3.028 8.244 15.766 17.554 11.728 7.598 5.239 16.557 11.106 7.09 3.22 0.73 17.147 9.792 5.304 2.665 0.679 1.762 1.911 1.471 0.519 -0.836 3.771 6.799 3.47 -1.962 -3.336 -4.25 -0.046
54.465752 3.885 9.101 16.623 18.41 12.584 8.455 6.096 17.414 11.963 7.947 4.077 1.587 18.004 10.649 6.161 3.522 1.536 2.619 2.768 2.328 1.375 0.021 4.628 7.656 4.327 -1.105 -2.479 -3.394 0.81
56.113031 4.795 10.01 17.533 19.32 13.494 9.364 7.005 18.324 12.872 8.856 4.987 2.496 18.914 11.558 7.071 4.431 2.445 3.528 3.678 3.238 2.285 0.931 5.537 8.565 5.236 -0.196 -1.57 -2.484 1.72
57.810132 5.76 10.976 18.498 20.285 14.459 10.33 7.971 19.289 13.837 9.821 5.952 3.462 19.879 12.523 8.036 5.397 3.41 4.493 4.643 4.203 3.25 1.896 6.503 9.53 6.201 0.77 -0.604 -1.519 2.685
59.55856 6.785 12.0 19.523 21.31 15.484 11.354 8.995 20.314 14.862 10.846 6.977 4.486 20.904 13.548 9.061 6.421 4.435 5.518 5.668 5.228 4.275 2.921 7.527 10.555 7.226 1.794 0.42 -0.494 3.71
61.359868 7.872 13.088 20.61 22.397 16.571 12.442 10.083 21.401 15.95 11.933 8.064 5.574 21.991 14.636 10.148 7.509 5.522 6.605 6.755 6.315 5.362 4.008 8.615 11.643 8.314 2.882 1.508 0.593 4.797
63.215655 9.027 14.242 21.765 23.552 17.726 13.596 11.237 22.556 17.104 13.088 9.218 6.728 23.145 15.79 11.302 8.663 6.677 7.76 7.909 7.469 6.517 5.163 9.769 12.797 9.468 4.036 2.662 1.748 5.952
65.127569 10.252 15.467 22.99 24.777 18.951 14.821 12.462 23.781 18.329 14.313 10.444 7.953 24.371 17.015 12.528 9.888 7.902 8.985 9.135 8.695 7.742 6.388 10.994 14.022 10.693 5.261 3.887 2.973 7.177
67.097308 11.552 16.768 24.29 26.077 20.251 16.122 13.763 25.081 19.629 15.613 11.744 9.254 25.671 18.315 13.828 11.189 9.202 10.285 10.435 9.995 9.042 7.688 12.295 15.323 11.993 6.562 5.188 4.273 8.477
69.126621 12.932 18.148 25.67 27.458 21.632 17.502 15.143 26.461 21.01 16.994 13.124 10.634 27.051 19.696 15.208 12.569 10.583 11.666 11.815 11.375 10.423 9.068 13.675 16.703 13.374 7.942 6.568 5.654 9.857
71.217308 14.397 19.613 27.135 28.923 23.097 18.967 16.608 27.926 22.475 18.459 14.589 12.099 28.516 21.161 16.673 14.034 12.048 13.131 13.28 12.84 11.888 10.533 15.14 18.168 14.839 9.407 8.033 7.119 11.323
73.371227 15.952 21.168 28.69 30.478 24.652 20.522 18.163 29.481 24.03 20.014 16.144 13.654 30.071 22.716 18.228 15.589 13.603 14.686 14.835 14.395 13.443 12.088 16.695 19.723 16.394 10.962 9.588 8.674 12.877
75.59029 17.603 22.818 30.341 32.128 26.302 22.172 19.813 31.132 25.68 21.664 17.795 15.304 31.722 24.366 19.879 17.239 15.253 16.336 16.486 16.046 15.093 13.739 18.346 21.373 18.044 12.612 11.238 10.324 14.528
77.876467 19.355 24.57 32.093 33.88 28.054 23.924 21.565 32.884 27.432 23.416 19.546 17.056 33.473 26.118 21.63 18.991 17.005 18.088 18.238 17.798 16.845 15.491 20.097 23.125 19.796 14.364 12.99 12.076 16.28
80.231787 21.214 26.43 33.952 35.739 29.913 25.783 23.425 34.743 29.291 25.275 21.406 18.915 35.333 27.977 23.49 20.85 18.864 19.947 20.097 19.657 18.704 17.35 21.957 24.984 21.655 16.224 14.85 13.935 18.139
82.658343 23.188 28.403 35.926 37.713 31.887 27.757 25.398 36.717 31.265 27.249 23.379 20.889 37.306 29.951 25.463 22.824 20.838 21.921 22.07 21.63 20.678 19.324 23.93 26.958 23.629 18.197 16.823 15.909 20.113
85.158288 25.282 30.498 38.02 39.807 33.981 29.852 27.493 38.811 33.36 29.343 25.474 22.984 39.401 32.045 27.558 24.919 22.932 24.015 24.165 23.725 22.772 21.418 26.025 29.053 25.723 20.292 18.918 18.003 22.207
87.733843 27.506 32.721 40.244 42.031 36.205 32.075 29.716 41.035 35.583 31.567 27.697 25.207 41.624 34.269 29.781 27.142 25.156 26.239 26.388 25.948 24.996 23.642 28.248 31.276 27.947 22.515 21.141 20.227 24.431
90.387293 29.865 35.081 42.603 44.391 38.565 34.435 32.076 43.394 37.943 33.927 30.057 27.567 43.984 36.629 32.141 29.502 27.516 28.599 28.748 28.308 27.356 26.001 30.608 33.636 30.307 24.875 23.501 22.587 26.79
93.120995 32.37 37.586 45.108 46.895 41.069 36.94 34.581 45.899 40.447 36.431 32.562 30.072 46.489 39.133 34.646 32.007 30.02 31.103 31.253 30.813 29.86 28.506 33.113 36.141 32.811 27.38 26.006 25.091 29.295
95.937376 35.029 40.244 47.767 49.554 43.728 39.598 37.239 48.558 43.106 39.09 35.221 32.73 49.147 41.792 37.305 34.665 32.679 33.762 33.912 33.472 32.519 31.165 35.771 38.799 35.47 30.038 28.664 27.75 31.954
98.838937 37.851 43.066 50.589 52.376 46.55 42.42 40.061 51.38 45.928 41.912 38.042 35.552 51.969 44.614 40.126 37.487 35.501 36.584 36.733 36.293 35.341 33.987 38.593 41.621 38.292 32.86 31.486 30.572 34.776
101.828253 40.846 46.061 53.584 55.371 49.545 45.415 43.056 54.375 48.923 44.907 41.037 38.547 54.964 47.609 43.121 40.482 38.496 39.579 39.728 39.288 38.336 36.982 41.588 44.616 41.287 35.855 34.481 33.567 37.771
104.907979 44.025 49.24 56.763 58.55 52.724 48.594 46.235 57.554 52.102 48.086 44.216 41.726 58.143 50.788 46.3 43.661 41.675 42.758 42.907 42.467 41.515 40.161 44.767 47.795 44.466 39.034 37.66 36.746 40.95
108.080849 47.399 52.614 60.137 61.924 56.098 51.968 49.609 60.928 55.476 51.46 47.591 45.1 61.517 54.162 49.675 47.035 45.049 46.132 46.282 45.842 44.889 43.535 48.141 51.169 47.84 42.408 41.034 40.12 44.324
111.349681 50.98 56.196 63.718 65.505 59.679 55.55 53.191 64.509 59.057 55.041 51.172 48.682 65.099 57.743 53.256 50.617 48.63 49.713 49.863 49.423 48.47 47.116 51.723 54.75 51.421 45.99 44.616 43.701 47.905
114.717376 54.781 59.997 67.519 69.307 63.481 59.351 56.992 68.31 62.859 58.843 54.973 52.483 68.9 61.545 57.057 54.418 52.432 53.515 53.664 53.224 52.272 50.917 55.524 58.552 55.223 49.791 48.417 47.503 51.706
118.186925 58.816 64.032 71.554 73.341 67.515 63.385 61.027 72.345 66.893 62.877 59.008 56.517 72.935 65.579 61.092 58.453 56.466 57.549 57.699 57.259 56.306 54.952 59.559 62.586 59.257 53.826 52.452 51.537 55.741
121.761408 63.098 68.314 75.836 77.624 71.798 67.668 65.309 76.627 71.176 67.16 63.29 60.8 77.217 69.862 65.374 62.735 60.749 61.832 61.981 61.541 60.589 59.234 63.841 66.869 63.54 58.108 56.734 55.82 60.024
125.443999 67.644 72.859 80.382 82.169 76.343 72.213 69.854 81.173 75.721 71.705 67.836 65.345 81.763 74.407 69.92 67.28 65.294 66.377 66.527 66.087 65.134 63.78 68.387 71.414 68.085 62.653 61.279 60.365 64.569
129.237967 72.468 77.684 85.206 86.993 81.167 77.038 74.679 85.997 80.546 76.53 72.66 70.17 86.587 79.232 74.744 72.105 70.118 71.202 71.351 70.911 69.958 68.604 73.211 76.239 72.91 67.478 66.104 65.189 69.393
133.146681 77.589 82.805 90.327 92.114 86.288 82.158 79.8 91.118 85.666 81.65 77.781 75.29 91.708 84.352 79.865 77.225 75.239 76.322 76.472 76.032 75.079 73.725 78.332 81.359 78.03 72.599 71.225 70.31 74.514
137.173612 83.024 88.24 95.762 97.549 91.723 87.594 85.235 96.553 91.101 87.085 83.216 80.726 97.143 89.787 85.3 82.661 80.674 81.757 81.907 81.467 80.514 79.16 83.767 86.795 83.465 78.034 76.66 75.745 79.949
141.322334 88.793 94.009 101.531 103.318 97.492 93.362 91.004 102.322 96.87 92.854 88.985 86.494 102.912 95.556 91.069 88.43 86.443 87.526 87.676 87.236 86.283 84.929 89.536 92.563 89.234 83.803 82.429 81.514 85.718
145.596532 94.916 100.132 107.654 109.441 103.615 99.486 97.127 108.445 102.993 98.977 95.108 92.618 109.035 101.679 97.192 94.553 92.566 93.649 93.799 93.359 92.406 91.052 95.659 98.686 95.357 89.926 88.552 87.637 91.841
150.0 101.415 106.631 114.153 115.94 110.114 105.985 103.626 114.944 109.493 105.476 101.607 99.117 115.534 108.178 103.691 101.052 99.065 100.148 100.298 99.858 98.905 97.551 102.158 105.186 101.856 96.425 95.051 94.136 98.34
