web/models/kne.last_good/kappa_0.5_3.0.v1/1/villar_0.0275_0.4373_3.0000.dat
# %ECSV 1.0
# ---
# datatype:
# - {name: time, datatype: float64}
# - {name: swift_uvot_uvw2, datatype: float64}
# - {name: swift_uvot_uvm2, datatype: float64}
# - {name: swift_uvot_uvw1, datatype: float64}
# - {name: swift_uvot_U, datatype: float64}
# - {name: swift_uvot_B, datatype: float64}
# - {name: swift_uvot_V, datatype: float64}
# - {name: swift_uvot_W, datatype: float64}
# - {name: johnson_U, datatype: float64}
# - {name: johnson_B, datatype: float64}
# - {name: johnson_V, datatype: float64}
# - {name: johnson_R, datatype: float64}
# - {name: johnson_I, datatype: float64}
# - {name: sdss_u, datatype: float64}
# - {name: sdss_g, datatype: float64}
# - {name: sdss_r, datatype: float64}
# - {name: sdss_i, datatype: float64}
# - {name: sdss_z, datatype: float64}
# - {name: PS1_g, datatype: float64}
# - {name: PS1_r, datatype: float64}
# - {name: PS1_i, datatype: float64}
# - {name: PS1_z, datatype: float64}
# - {name: PS1_Y, datatype: float64}
# - {name: PS1_w, datatype: float64}
# - {name: ATLAS_c, datatype: float64}
# - {name: ATLAS_o, datatype: float64}
# - {name: ukirt_J, datatype: float64}
# - {name: ukirt_H, datatype: float64}
# - {name: ukirt_K, datatype: float64}
# - {name: Clear, datatype: float64}
# meta: !!omap
# - comment: [kappa = 3.0, type = villar, mass = 0.027507471329904786, velocity = 0.43733333333333335, theta_obs = 0.0]
# schema: astropy-2.0
time swift_uvot_uvw2 swift_uvot_uvm2 swift_uvot_uvw1 swift_uvot_U swift_uvot_B swift_uvot_V swift_uvot_W johnson_U johnson_B johnson_V johnson_R johnson_I sdss_u sdss_g sdss_r sdss_i sdss_z PS1_g PS1_r PS1_i PS1_z PS1_Y PS1_w ATLAS_c ATLAS_o ukirt_J ukirt_H ukirt_K Clear
[from data line 213]
0.570517 -9.825 -9.528 -10.985 -12.676 -13.709 -14.382 -12.779 -12.867 -13.725 -14.4 -14.787 -14.987 -12.813 -13.975 -14.645 -14.9 -15.007 -14.096 -14.661 -14.915 -15.013 -15.075 -14.599 -14.308 -14.767 -14.963 -14.753 -14.395 -14.56
0.587772 -9.797 -9.446 -10.932 -12.641 -13.693 -14.382 -12.765 -12.836 -13.711 -14.4 -14.8 -15.009 -12.78 -13.965 -14.652 -14.916 -15.03 -14.09 -14.669 -14.932 -15.035 -15.101 -14.608 -14.307 -14.779 -14.996 -14.792 -14.437 -14.569
0.605549 -9.77 -9.361 -10.878 -12.604 -13.676 -14.381 -12.75 -12.802 -13.694 -14.399 -14.811 -15.031 -12.745 -13.955 -14.658 -14.932 -15.053 -14.082 -14.676 -14.948 -15.057 -15.127 -14.616 -14.305 -14.79 -15.029 -14.83 -14.48 -14.577
0.623863 -9.744 -9.274 -10.821 -12.565 -13.658 -14.378 -12.734 -12.767 -13.677 -14.397 -14.822 -15.052 -12.708 -13.943 -14.664 -14.947 -15.075 -14.074 -14.682 -14.964 -15.078 -15.152 -14.622 -14.302 -14.8 -15.061 -14.868 -14.522 -14.585
0.642731 -9.719 -9.184 -10.763 -12.525 -13.638 -14.374 -12.717 -12.73 -13.658 -14.394 -14.832 -15.072 -12.67 -13.929 -14.668 -14.961 -15.097 -14.064 -14.686 -14.978 -15.099 -15.176 -14.628 -14.298 -14.809 -15.093 -14.905 -14.564 -14.592
0.66217 -9.695 -9.092 -10.703 -12.482 -13.617 -14.369 -12.698 -12.692 -13.637 -14.39 -14.842 -15.092 -12.629 -13.915 -14.671 -14.974 -15.117 -14.052 -14.69 -14.992 -15.119 -15.2 -14.633 -14.293 -14.818 -15.125 -14.943 -14.605 -14.598
0.682197 -9.673 -8.997 -10.642 -12.438 -13.594 -14.363 -12.679 -12.651 -13.615 -14.385 -14.85 -15.11 -12.587 -13.898 -14.673 -14.987 -15.137 -14.04 -14.692 -15.005 -15.138 -15.223 -14.637 -14.286 -14.825 -15.156 -14.979 -14.647 -14.603
0.70283 -9.651 -8.899 -10.578 -12.392 -13.57 -14.355 -12.658 -12.609 -13.591 -14.378 -14.857 -15.128 -12.543 -13.881 -14.674 -14.998 -15.157 -14.025 -14.694 -15.016 -15.156 -15.245 -14.64 -14.278 -14.831 -15.186 -15.016 -14.688 -14.607
0.724086 -9.631 -8.799 -10.513 -12.343 -13.543 -14.346 -12.636 -12.564 -13.566 -14.369 -14.863 -15.146 -12.496 -13.861 -14.673 -15.008 -15.175 -14.01 -14.694 -15.027 -15.173 -15.267 -14.642 -14.269 -14.836 -15.216 -15.051 -14.728 -14.61
0.745986 -9.613 -8.695 -10.445 -12.292 -13.515 -14.335 -12.613 -12.517 -13.539 -14.36 -14.868 -15.162 -12.448 -13.841 -14.672 -15.018 -15.192 -13.993 -14.693 -15.037 -15.189 -15.288 -14.642 -14.259 -14.84 -15.245 -15.087 -14.769 -14.612
0.768548 -9.595 -8.588 -10.376 -12.239 -13.485 -14.323 -12.588 -12.468 -13.51 -14.349 -14.871 -15.177 -12.397 -13.818 -14.669 -15.026 -15.209 -13.974 -14.691 -15.046 -15.205 -15.307 -14.642 -14.247 -14.843 -15.273 -15.122 -14.809 -14.613
0.791792 -9.579 -8.479 -10.304 -12.184 -13.453 -14.31 -12.562 -12.417 -13.479 -14.336 -14.874 -15.192 -12.344 -13.794 -14.664 -15.033 -15.225 -13.954 -14.687 -15.053 -15.219 -15.327 -14.64 -14.233 -14.845 -15.301 -15.156 -14.848 -14.613
0.815739 -9.564 -8.366 -10.23 -12.126 -13.42 -14.295 -12.534 -12.363 -13.446 -14.322 -14.875 -15.205 -12.288 -13.767 -14.659 -15.039 -15.239 -13.932 -14.682 -15.06 -15.233 -15.345 -14.637 -14.218 -14.845 -15.328 -15.19 -14.887 -14.612
0.840411 -9.551 -8.249 -10.154 -12.065 -13.384 -14.278 -12.505 -12.307 -13.411 -14.306 -14.875 -15.217 -12.23 -13.739 -14.651 -15.044 -15.253 -13.909 -14.676 -15.065 -15.245 -15.362 -14.633 -14.201 -14.844 -15.355 -15.223 -14.926 -14.61
0.865828 -9.538 -8.13 -10.075 -12.002 -13.345 -14.259 -12.474 -12.248 -13.374 -14.288 -14.874 -15.229 -12.169 -13.709 -14.643 -15.047 -15.266 -13.883 -14.668 -15.069 -15.256 -15.379 -14.627 -14.183 -14.842 -15.38 -15.256 -14.965 -14.606
0.892015 -9.527 -8.006 -9.994 -11.936 -13.305 -14.238 -12.442 -12.186 -13.335 -14.269 -14.871 -15.239 -12.105 -13.677 -14.632 -15.049 -15.277 -13.856 -14.658 -15.072 -15.267 -15.394 -14.62 -14.163 -14.838 -15.405 -15.288 -15.002 -14.602
0.918993 -9.518 -7.88 -9.91 -11.866 -13.262 -14.216 -12.408 -12.122 -13.293 -14.247 -14.867 -15.248 -12.039 -13.643 -14.62 -15.05 -15.288 -13.827 -14.647 -15.073 -15.276 -15.408 -14.612 -14.141 -14.833 -15.43 -15.32 -15.04 -14.596
0.946787 -9.509 -7.749 -9.824 -11.794 -13.217 -14.191 -12.372 -12.054 -13.249 -14.224 -14.862 -15.256 -11.969 -13.606 -14.606 -15.049 -15.297 -13.796 -14.634 -15.073 -15.283 -15.421 -14.601 -14.117 -14.826 -15.453 -15.351 -15.077 -14.589
0.975422 -9.501 -7.615 -9.735 -11.719 -13.169 -14.164 -12.334 -11.984 -13.203 -14.198 -14.854 -15.262 -11.896 -13.567 -14.591 -15.047 -15.305 -13.762 -14.619 -15.071 -15.29 -15.434 -14.59 -14.091 -14.818 -15.475 -15.381 -15.113 -14.58
1.004923 -9.494 -7.477 -9.644 -11.64 -13.119 -14.136 -12.294 -11.91 -13.153 -14.171 -14.845 -15.267 -11.82 -13.526 -14.573 -15.043 -15.311 -13.727 -14.603 -15.068 -15.295 -15.444 -14.576 -14.063 -14.808 -15.497 -15.411 -15.149 -14.57
1.035317 -9.488 -7.335 -9.549 -11.558 -13.065 -14.104 -12.252 -11.833 -13.101 -14.141 -14.834 -15.271 -11.74 -13.482 -14.553 -15.038 -15.317 -13.689 -14.584 -15.063 -15.299 -15.454 -14.561 -14.033 -14.796 -15.517 -15.439 -15.185 -14.558
1.066629 -9.483 -7.19 -9.451 -11.472 -13.009 -14.071 -12.208 -11.752 -13.047 -14.109 -14.822 -15.273 -11.657 -13.435 -14.531 -15.031 -15.32 -13.649 -14.564 -15.057 -15.301 -15.462 -14.544 -14.0 -14.782 -15.537 -15.467 -15.219 -14.545
1.098888 -9.479 -7.041 -9.351 -11.382 -12.95 -14.034 -12.161 -11.668 -12.989 -14.074 -14.807 -15.274 -11.57 -13.386 -14.507 -15.022 -15.323 -13.606 -14.541 -15.048 -15.302 -15.469 -14.525 -13.965 -14.767 -15.555 -15.495 -15.253 -14.53
1.132124 -9.475 -6.888 -9.247 -11.288 -12.887 -13.996 -12.113 -11.579 -12.927 -14.036 -14.791 -15.273 -11.478 -13.333 -14.481 -15.011 -15.323 -13.561 -14.516 -15.038 -15.301 -15.475 -14.503 -13.928 -14.749 -15.572 -15.521 -15.287 -14.514
1.166364 -9.471 -6.732 -9.139 -11.19 -12.821 -13.954 -12.061 -11.487 -12.863 -13.996 -14.772 -15.271 -11.383 -13.277 -14.452 -14.998 -15.322 -13.513 -14.488 -15.026 -15.298 -15.479 -14.48 -13.888 -14.729 -15.588 -15.546 -15.32 -14.495
1.20164 -9.468 -6.573 -9.028 -11.087 -12.751 -13.909 -12.007 -11.39 -12.795 -13.953 -14.751 -15.266 -11.283 -13.218 -14.421 -14.982 -15.319 -13.462 -14.458 -15.011 -15.293 -15.481 -14.455 -13.844 -14.706 -15.603 -15.571 -15.352 -14.475
1.237983 -9.465 -6.411 -8.914 -10.98 -12.677 -13.861 -11.95 -11.288 -12.723 -13.907 -14.728 -15.26 -11.178 -13.156 -14.386 -14.965 -15.314 -13.408 -14.426 -14.995 -15.287 -15.482 -14.427 -13.799 -14.682 -15.616 -15.594 -15.383 -14.453
1.275425 -9.462 -6.247 -8.795 -10.867 -12.599 -13.81 -11.891 -11.182 -12.647 -13.858 -14.702 -15.251 -11.069 -13.089 -14.349 -14.945 -15.308 -13.352 -14.39 -14.976 -15.278 -15.481 -14.396 -13.749 -14.654 -15.628 -15.616 -15.413 -14.429
1.313999 -9.459 -6.081 -8.672 -10.75 -12.517 -13.755 -11.828 -11.07 -12.567 -13.805 -14.673 -15.241 -10.954 -13.019 -14.309 -14.923 -15.299 -13.292 -14.352 -14.954 -15.267 -15.478 -14.363 -13.697 -14.625 -15.639 -15.638 -15.443 -14.402
1.35374 -9.456 -5.914 -8.545 -10.626 -12.431 -13.697 -11.762 -10.954 -12.483 -13.748 -14.642 -15.228 -10.833 -12.945 -14.266 -14.897 -15.288 -13.228 -14.311 -14.93 -15.254 -15.473 -14.327 -13.641 -14.592 -15.648 -15.658 -15.472 -14.374
1.394683 -9.452 -5.747 -8.414 -10.497 -12.34 -13.635 -11.693 -10.831 -12.394 -13.688 -14.607 -15.213 -10.707 -12.866 -14.219 -14.87 -15.274 -13.162 -14.266 -14.903 -15.239 -15.465 -14.288 -13.582 -14.556 -15.655 -15.676 -15.5 -14.343
1.436864 -9.448 -5.582 -8.278 -10.361 -12.243 -13.568 -11.62 -10.702 -12.3 -13.624 -14.57 -15.195 -10.575 -12.783 -14.168 -14.839 -15.258 -13.091 -14.218 -14.873 -15.221 -15.456 -14.246 -13.518 -14.517 -15.661 -15.694 -15.526 -14.309
1.480321 -9.443 -5.419 -8.137 -10.219 -12.142 -13.497 -11.543 -10.567 -12.201 -13.555 -14.529 -15.175 -10.436 -12.695 -14.114 -14.805 -15.24 -13.017 -14.166 -14.841 -15.2 -15.444 -14.2 -13.45 -14.475 -15.664 -15.71 -15.552 -14.273
1.525092 -9.438 -5.261 -7.991 -10.07 -12.034 -13.422 -11.462 -10.425 -12.097 -13.482 -14.485 -15.152 -10.29 -12.602 -14.056 -14.767 -15.218 -12.939 -14.111 -14.804 -15.177 -15.43 -14.151 -13.379 -14.429 -15.666 -15.724 -15.576 -14.234
1.571218 -9.431 -5.109 -7.84 -9.914 -11.921 -13.341 -11.377 -10.276 -11.987 -13.405 -14.437 -15.126 -10.137 -12.503 -13.993 -14.726 -15.194 -12.857 -14.051 -14.765 -15.15 -15.413 -14.099 -13.302 -14.379 -15.666 -15.737 -15.6 -14.193
1.618738 -9.424 -4.964 -7.683 -9.749 -11.802 -13.256 -11.287 -10.12 -11.87 -13.322 -14.385 -15.096 -9.975 -12.399 -13.926 -14.681 -15.166 -12.771 -13.987 -14.721 -15.12 -15.393 -14.042 -13.22 -14.325 -15.663 -15.748 -15.622 -14.148
1.667696 -9.415 -4.829 -7.52 -9.576 -11.675 -13.164 -11.193 -9.955 -11.747 -13.233 -14.329 -15.064 -9.806 -12.288 -13.854 -14.632 -15.135 -12.68 -13.919 -14.674 -15.087 -15.37 -13.981 -13.134 -14.267 -15.658 -15.757 -15.643 -14.101
1.718134 -9.405 -4.705 -7.35 -9.394 -11.541 -13.067 -11.094 -9.781 -11.617 -13.139 -14.268 -15.027 -9.627 -12.171 -13.776 -14.579 -15.101 -12.585 -13.845 -14.622 -15.05 -15.344 -13.916 -13.041 -14.205 -15.65 -15.765 -15.662 -14.05
1.770098 -9.394 -4.592 -7.174 -9.203 -11.4 -12.963 -10.989 -9.598 -11.479 -13.038 -14.203 -14.987 -9.439 -12.047 -13.693 -14.521 -15.062 -12.486 -13.767 -14.566 -15.009 -15.315 -13.845 -12.943 -14.137 -15.639 -15.77 -15.679 -13.995
1.823633 -9.381 -4.492 -6.99 -9.001 -11.25 -12.853 -10.879 -9.406 -11.333 -12.931 -14.133 -14.942 -9.241 -11.915 -13.604 -14.459 -15.019 -12.382 -13.683 -14.506 -14.963 -15.282 -13.77 -12.839 -14.065 -15.626 -15.773 -15.695 -13.937
1.878788 -9.365 -4.402 -6.799 -8.788 -11.092 -12.735 -10.763 -9.202 -11.179 -12.817 -14.057 -14.894 -9.032 -11.775 -13.509 -14.391 -14.973 -12.273 -13.593 -14.44 -14.914 -15.245 -13.689 -12.727 -13.987 -15.61 -15.773 -15.71 -13.875
1.93561 -9.348 -4.324 -6.599 -8.564 -10.924 -12.609 -10.641 -8.988 -11.016 -12.695 -13.975 -14.84 -8.812 -11.626 -13.407 -14.317 -14.921 -12.16 -13.497 -14.368 -14.859 -15.203 -13.603 -12.609 -13.903 -15.59 -15.772 -15.722 -13.81
1.994152 -9.329 -4.256 -6.391 -8.327 -10.746 -12.476 -10.512 -8.761 -10.843 -12.566 -13.887 -14.781 -8.579 -11.469 -13.298 -14.237 -14.864 -12.042 -13.395 -14.291 -14.8 -15.158 -13.51 -12.483 -13.812 -15.566 -15.767 -15.732 -13.74
2.054463 -9.307 -4.195 -6.174 -8.077 -10.557 -12.333 -10.376 -8.521 -10.66 -12.427 -13.792 -14.717 -8.332 -11.301 -13.181 -14.151 -14.802 -11.92 -13.285 -14.208 -14.734 -15.107 -13.41 -12.348 -13.715 -15.539 -15.759 -15.74 -13.666
2.116599 -9.283 -4.141 -5.946 -7.812 -10.357 -12.18 -10.232 -8.268 -10.465 -12.28 -13.69 -14.648 -8.072 -11.123 -13.055 -14.058 -14.734 -11.794 -13.169 -14.118 -14.663 -15.051 -13.304 -12.205 -13.611 -15.507 -15.749 -15.746 -13.587
2.180614 -9.256 -4.092 -5.708 -7.532 -10.144 -12.017 -10.081 -7.999 -10.258 -12.122 -13.581 -14.572 -7.796 -10.934 -12.921 -13.957 -14.66 -11.663 -13.044 -14.02 -14.586 -14.99 -13.189 -12.052 -13.498 -15.471 -15.734 -15.749 -13.504
2.246566 -9.226 -4.045 -5.458 -7.235 -9.918 -11.843 -9.921 -7.714 -10.039 -11.953 -13.463 -14.489 -7.503 -10.732 -12.776 -13.849 -14.579 -11.53 -12.911 -13.915 -14.502 -14.923 -13.067 -11.888 -13.378 -15.43 -15.717 -15.75 -13.416
2.314511 -9.192 -4.0 -5.196 -6.92 -9.677 -11.657 -9.753 -7.412 -9.805 -11.773 -13.337 -14.399 -7.193 -10.517 -12.622 -13.731 -14.49 -11.393 -12.77 -13.802 -14.41 -14.85 -12.935 -11.714 -13.248 -15.384 -15.695 -15.748 -13.323
2.384512 -9.155 -3.955 -4.92 -6.586 -9.421 -11.458 -9.576 -7.091 -9.557 -11.581 -13.2 -14.301 -6.863 -10.288 -12.456 -13.604 -14.394 -11.254 -12.619 -13.68 -14.31 -14.77 -12.794 -11.528 -13.109 -15.333 -15.669 -15.742 -13.225
2.45663 -9.114 -3.908 -4.629 -6.231 -9.148 -11.245 -9.389 -6.75 -9.292 -11.375 -13.054 -14.195 -6.513 -10.044 -12.277 -13.467 -14.289 -11.113 -12.459 -13.548 -14.202 -14.683 -12.643 -11.329 -12.959 -15.275 -15.638 -15.733 -13.122
2.530929 -9.069 -3.859 -4.323 -5.854 -8.856 -11.017 -9.193 -6.387 -9.01 -11.154 -12.896 -14.079 -6.14 -9.783 -12.086 -13.319 -14.176 -10.972 -12.288 -13.406 -14.085 -14.587 -12.48 -11.116 -12.797 -15.211 -15.603 -15.72 -13.014
2.607475 -9.02 -3.807 -4.0 -5.451 -8.545 -10.773 -8.986 -6.0 -8.709 -10.918 -12.726 -13.954 -5.742 -9.504 -11.88 -13.16 -14.052 -10.83 -12.108 -13.253 -13.958 -14.484 -12.305 -10.888 -12.624 -15.139 -15.562 -15.704 -12.899
2.686337 -8.965 -3.752 -3.658 -5.022 -8.213 -10.51 -8.769 -5.587 -8.388 -10.664 -12.544 -13.818 -5.318 -9.205 -11.659 -12.987 -13.917 -10.689 -11.916 -13.089 -13.82 -14.371 -12.117 -10.644 -12.437 -15.06 -15.515 -15.683 -12.78
2.767583 -8.906 -3.691 -3.296 -4.565 -7.857 -10.228 -8.543 -5.147 -8.044 -10.392 -12.347 -13.67 -4.866 -8.886 -11.42 -12.8 -13.771 -10.55 -11.714 -12.911 -13.67 -14.248 -11.915 -10.382 -12.235 -14.972 -15.461 -15.657 -12.655
2.851287 -8.841 -3.625 -2.912 -4.075 -7.476 -9.925 -8.306 -4.675 -7.677 -10.1 -12.134 -13.51 -4.382 -8.543 -11.164 -12.597 -13.611 -10.413 -11.501 -12.72 -13.507 -14.115 -11.697 -10.101 -12.018 -14.875 -15.401 -15.626 -12.524
2.937522 -8.769 -3.554 -2.504 -3.552 -7.067 -9.599 -8.06 -4.171 -7.283 -9.785 -11.905 -13.336 -3.864 -8.175 -10.887 -12.378 -13.438 -10.279 -11.278 -12.514 -13.331 -13.971 -11.463 -9.799 -11.784 -14.768 -15.333 -15.59 -12.387
3.026365 -8.691 -3.475 -2.07 -2.991 -6.628 -9.248 -7.806 -3.63 -6.86 -9.447 -11.658 -13.147 -3.308 -7.78 -10.588 -12.141 -13.25 -10.146 -11.045 -12.293 -13.141 -13.815 -11.21 -9.474 -11.531 -14.649 -15.257 -15.547 -12.245
3.117896 -8.606 -3.39 -1.608 -2.389 -6.157 -8.869 -7.544 -3.05 -6.407 -9.083 -11.391 -12.942 -2.712 -7.355 -10.266 -11.884 -13.044 -10.015 -10.803 -12.056 -12.934 -13.645 -10.937 -9.125 -11.258 -14.519 -15.171 -15.498 -12.098
3.212194 -8.513 -3.297 -1.114 -1.742 -5.649 -8.46 -7.278 -2.425 -5.919 -8.689 -11.102 -12.719 -2.071 -6.897 -9.917 -11.605 -12.821 -9.884 -10.554 -11.801 -12.71 -13.462 -10.642 -8.748 -10.963 -14.376 -15.076 -15.442 -11.945
3.309345 -8.411 -3.195 -0.586 -1.045 -5.102 -8.018 -7.009 -1.754 -5.394 -8.265 -10.789 -12.476 -1.381 -6.403 -9.539 -11.302 -12.577 -9.752 -10.3 -11.528 -12.468 -13.264 -10.323 -8.341 -10.643 -14.218 -14.969 -15.377 -11.786
3.409434 -8.3 -3.085 -0.021 -0.295 -4.511 -7.54 -6.739 -1.029 -4.828 -7.806 -10.451 -12.212 -0.638 -5.869 -9.13 -10.972 -12.312 -9.618 -10.042 -11.237 -12.206 -13.051 -9.978 -7.901 -10.296 -14.043 -14.851 -15.303 -11.621
3.51255 -8.179 -2.963 0.585 0.515 -3.872 -7.021 -6.472 -0.247 -4.218 -7.309 -10.083 -11.925 0.165 -5.292 -8.686 -10.614 -12.022 -9.48 -9.785 -10.927 -11.922 -12.82 -9.603 -7.425 -9.92 -13.851 -14.719 -15.22 -11.451
3.618785 -8.047 -2.831 1.237 1.391 -3.181 -6.458 -6.211 0.599 -3.558 -6.77 -9.685 -11.611 1.034 -4.667 -8.203 -10.223 -11.705 -9.335 -9.53 -10.599 -11.617 -12.573 -9.196 -6.91 -9.512 -13.64 -14.572 -15.126 -11.274
3.728232 -7.902 -2.687 1.938 2.34 -2.431 -5.845 -5.955 1.515 -2.843 -6.186 -9.252 -11.269 1.975 -3.989 -7.677 -9.796 -11.358 -9.182 -9.279 -10.254 -11.288 -12.308 -8.754 -6.35 -9.068 -13.407 -14.408 -15.019 -11.089
3.84099 -7.744 -2.529 2.695 3.37 -1.616 -5.178 -5.706 2.51 -2.068 -5.551 -8.78 -10.896 2.997 -3.252 -7.105 -9.33 -10.979 -9.018 -9.032 -9.895 -10.935 -12.025 -8.273 -5.741 -8.584 -13.149 -14.227 -14.899 -10.897
3.957158 -7.571 -2.356 3.513 4.49 -0.73 -4.451 -5.461 3.593 -1.227 -4.859 -8.266 -10.487 4.108 -2.449 -6.479 -8.821 -10.563 -8.842 -8.788 -9.526 -10.558 -11.724 -7.748 -5.078 -8.056 -12.865 -14.025 -14.765 -10.694
4.07684 -7.382 -2.166 4.398 5.711 0.237 -3.656 -5.218 4.772 -0.311 -4.105 -7.706 -10.04 5.318 -1.573 -5.796 -8.262 -10.107 -8.65 -8.545 -9.149 -10.159 -11.406 -7.174 -4.354 -7.48 -12.551 -13.801 -14.613 -10.481
4.200141 -7.174 -1.958 5.359 7.044 1.293 -2.786 -4.971 6.06 0.687 -3.281 -7.093 -9.55 6.64 -0.616 -5.047 -7.649 -9.605 -8.441 -8.299 -8.772 -9.738 -11.07 -6.546 -3.563 -6.849 -12.203 -13.551 -14.443 -10.253
