web/models/kne.last_good/kappa_0.5_3.0.v1/1/villar_0.3304_0.4530_3.0000.dat
# %ECSV 1.0
# ---
# datatype:
# - {name: time, datatype: float64}
# - {name: swift_uvot_uvw2, datatype: float64}
# - {name: swift_uvot_uvm2, datatype: float64}
# - {name: swift_uvot_uvw1, datatype: float64}
# - {name: swift_uvot_U, datatype: float64}
# - {name: swift_uvot_B, datatype: float64}
# - {name: swift_uvot_V, datatype: float64}
# - {name: swift_uvot_W, datatype: float64}
# - {name: johnson_U, datatype: float64}
# - {name: johnson_B, datatype: float64}
# - {name: johnson_V, datatype: float64}
# - {name: johnson_R, datatype: float64}
# - {name: johnson_I, datatype: float64}
# - {name: sdss_u, datatype: float64}
# - {name: sdss_g, datatype: float64}
# - {name: sdss_r, datatype: float64}
# - {name: sdss_i, datatype: float64}
# - {name: sdss_z, datatype: float64}
# - {name: PS1_g, datatype: float64}
# - {name: PS1_r, datatype: float64}
# - {name: PS1_i, datatype: float64}
# - {name: PS1_z, datatype: float64}
# - {name: PS1_Y, datatype: float64}
# - {name: PS1_w, datatype: float64}
# - {name: ATLAS_c, datatype: float64}
# - {name: ATLAS_o, datatype: float64}
# - {name: ukirt_J, datatype: float64}
# - {name: ukirt_H, datatype: float64}
# - {name: ukirt_K, datatype: float64}
# - {name: Clear, datatype: float64}
# meta: !!omap
# - comment: [kappa = 3.0, type = villar, mass = 0.33039895931513485, velocity = 0.453, theta_obs = 0.0]
# schema: astropy-2.0
time swift_uvot_uvw2 swift_uvot_uvm2 swift_uvot_uvw1 swift_uvot_U swift_uvot_B swift_uvot_V swift_uvot_W johnson_U johnson_B johnson_V johnson_R johnson_I sdss_u sdss_g sdss_r sdss_i sdss_z PS1_g PS1_r PS1_i PS1_z PS1_Y PS1_w ATLAS_c ATLAS_o ukirt_J ukirt_H ukirt_K Clear
[from data line 211]
0.537512 -12.847 -13.223 -14.014 -15.145 -15.683 -15.976 -14.851 -15.249 -15.687 -15.979 -16.069 -16.028 -15.226 -15.801 -16.054 -16.08 -16.019 -15.857 -16.063 -16.089 -16.051 -16.029 -16.001 -15.928 -16.067 -15.739 -15.404 -14.946 -15.969
0.553769 -12.817 -13.19 -13.996 -15.144 -15.695 -15.998 -14.856 -15.25 -15.699 -16.001 -16.098 -16.064 -15.227 -15.817 -16.08 -16.111 -16.055 -15.874 -16.089 -16.121 -16.086 -16.066 -16.027 -15.948 -16.095 -15.781 -15.449 -14.993 -15.994
0.570517 -12.788 -13.155 -13.977 -15.143 -15.706 -16.019 -14.861 -15.251 -15.711 -16.023 -16.127 -16.099 -15.227 -15.832 -16.106 -16.143 -16.091 -15.89 -16.115 -16.152 -16.121 -16.103 -16.052 -15.968 -16.124 -15.823 -15.494 -15.041 -16.018
0.587772 -12.757 -13.119 -13.958 -15.14 -15.717 -16.04 -14.866 -15.25 -15.722 -16.043 -16.155 -16.133 -15.225 -15.846 -16.131 -16.174 -16.126 -15.906 -16.141 -16.184 -16.156 -16.14 -16.077 -15.988 -16.152 -15.864 -15.539 -15.088 -16.043
0.605549 -12.726 -13.082 -13.937 -15.136 -15.727 -16.06 -14.87 -15.249 -15.732 -16.064 -16.183 -16.168 -15.224 -15.86 -16.156 -16.205 -16.161 -15.921 -16.166 -16.215 -16.191 -16.177 -16.102 -16.007 -16.179 -15.905 -15.583 -15.135 -16.067
0.623863 -12.694 -13.043 -13.915 -15.132 -15.736 -16.079 -14.873 -15.247 -15.741 -16.084 -16.211 -16.202 -15.221 -15.873 -16.181 -16.235 -16.196 -15.936 -16.19 -16.245 -16.225 -16.213 -16.126 -16.025 -16.206 -15.947 -15.628 -15.182 -16.09
0.642731 -12.662 -13.004 -13.893 -15.127 -15.744 -16.098 -14.876 -15.245 -15.75 -16.103 -16.238 -16.235 -15.217 -15.885 -16.204 -16.266 -16.231 -15.95 -16.214 -16.275 -16.259 -16.249 -16.149 -16.043 -16.233 -15.987 -15.672 -15.229 -16.113
0.66217 -12.629 -12.963 -13.869 -15.121 -15.752 -16.116 -14.878 -15.241 -15.758 -16.121 -16.265 -16.269 -15.213 -15.897 -16.228 -16.295 -16.265 -15.964 -16.238 -16.305 -16.292 -16.285 -16.172 -16.061 -16.259 -16.028 -15.716 -15.276 -16.135
0.682197 -12.596 -12.92 -13.844 -15.114 -15.759 -16.134 -14.88 -15.236 -15.765 -16.14 -16.291 -16.302 -15.208 -15.908 -16.251 -16.324 -16.299 -15.976 -16.261 -16.335 -16.325 -16.32 -16.195 -16.077 -16.285 -16.068 -15.76 -15.322 -16.157
0.70283 -12.562 -12.877 -13.819 -15.106 -15.765 -16.151 -14.882 -15.231 -15.772 -16.157 -16.317 -16.335 -15.201 -15.918 -16.273 -16.353 -16.333 -15.989 -16.283 -16.364 -16.358 -16.355 -16.217 -16.093 -16.311 -16.109 -15.803 -15.369 -16.179
0.724086 -12.528 -12.831 -13.792 -15.097 -15.771 -16.168 -14.882 -15.225 -15.777 -16.174 -16.342 -16.367 -15.194 -15.928 -16.295 -16.382 -16.366 -16.0 -16.305 -16.392 -16.391 -16.39 -16.239 -16.109 -16.336 -16.149 -15.847 -15.415 -16.2
0.745986 -12.494 -12.785 -13.765 -15.087 -15.776 -16.184 -14.883 -15.217 -15.782 -16.19 -16.367 -16.399 -15.186 -15.937 -16.316 -16.41 -16.399 -16.011 -16.327 -16.421 -16.423 -16.424 -16.26 -16.124 -16.36 -16.188 -15.89 -15.461 -16.221
0.768548 -12.459 -12.737 -13.736 -15.076 -15.779 -16.199 -14.882 -15.209 -15.787 -16.206 -16.392 -16.431 -15.177 -15.945 -16.337 -16.437 -16.431 -16.021 -16.348 -16.448 -16.454 -16.459 -16.281 -16.138 -16.384 -16.228 -15.933 -15.507 -16.241
0.791792 -12.423 -12.688 -13.706 -15.065 -15.783 -16.214 -14.881 -15.2 -15.79 -16.221 -16.416 -16.462 -15.167 -15.953 -16.357 -16.465 -16.463 -16.031 -16.368 -16.476 -16.486 -16.493 -16.301 -16.152 -16.407 -16.267 -15.976 -15.553 -16.261
0.815739 -12.388 -12.637 -13.675 -15.052 -15.785 -16.228 -14.88 -15.19 -15.793 -16.236 -16.439 -16.493 -15.156 -15.96 -16.377 -16.491 -16.495 -16.04 -16.388 -16.502 -16.517 -16.526 -16.321 -16.165 -16.43 -16.306 -16.019 -15.599 -16.28
0.840411 -12.352 -12.584 -13.643 -15.038 -15.786 -16.241 -14.878 -15.179 -15.795 -16.249 -16.462 -16.523 -15.143 -15.966 -16.396 -16.517 -16.527 -16.048 -16.407 -16.529 -16.547 -16.559 -16.34 -16.178 -16.453 -16.345 -16.062 -15.645 -16.299
0.865828 -12.316 -12.531 -13.61 -15.023 -15.787 -16.254 -14.875 -15.166 -15.796 -16.263 -16.485 -16.553 -15.13 -15.971 -16.415 -16.543 -16.558 -16.055 -16.426 -16.555 -16.578 -16.592 -16.359 -16.189 -16.475 -16.383 -16.104 -15.69 -16.318
0.892015 -12.28 -12.475 -13.576 -15.007 -15.787 -16.266 -14.872 -15.153 -15.796 -16.275 -16.507 -16.583 -15.116 -15.976 -16.432 -16.568 -16.588 -16.062 -16.444 -16.58 -16.607 -16.625 -16.377 -16.201 -16.496 -16.421 -16.146 -15.736 -16.335
0.918993 -12.243 -12.418 -13.54 -14.989 -15.786 -16.277 -14.868 -15.139 -15.795 -16.287 -16.528 -16.612 -15.1 -15.98 -16.45 -16.593 -16.618 -16.068 -16.462 -16.605 -16.637 -16.657 -16.394 -16.211 -16.517 -16.459 -16.188 -15.781 -16.353
0.946787 -12.207 -12.359 -13.503 -14.971 -15.784 -16.288 -14.863 -15.123 -15.794 -16.298 -16.549 -16.641 -15.084 -15.982 -16.466 -16.617 -16.648 -16.073 -16.479 -16.63 -16.666 -16.689 -16.411 -16.221 -16.537 -16.497 -16.23 -15.826 -16.369
0.975422 -12.171 -12.299 -13.466 -14.952 -15.781 -16.297 -14.858 -15.107 -15.791 -16.308 -16.57 -16.669 -15.066 -15.984 -16.482 -16.641 -16.677 -16.077 -16.495 -16.654 -16.694 -16.72 -16.428 -16.23 -16.557 -16.534 -16.272 -15.871 -16.386
1.004923 -12.135 -12.237 -13.427 -14.931 -15.777 -16.306 -14.852 -15.089 -15.788 -16.318 -16.589 -16.697 -15.047 -15.986 -16.498 -16.664 -16.706 -16.08 -16.511 -16.677 -16.722 -16.751 -16.443 -16.238 -16.576 -16.571 -16.313 -15.916 -16.401
1.035317 -12.099 -12.173 -13.386 -14.909 -15.772 -16.315 -14.845 -15.07 -15.783 -16.326 -16.608 -16.725 -15.027 -15.986 -16.512 -16.687 -16.735 -16.083 -16.525 -16.7 -16.75 -16.781 -16.459 -16.245 -16.595 -16.608 -16.354 -15.96 -16.417
1.066629 -12.064 -12.108 -13.345 -14.886 -15.766 -16.322 -14.837 -15.05 -15.778 -16.334 -16.627 -16.752 -15.006 -15.985 -16.526 -16.709 -16.763 -16.085 -16.54 -16.722 -16.777 -16.812 -16.473 -16.252 -16.613 -16.644 -16.395 -16.004 -16.431
1.098888 -12.029 -12.04 -13.302 -14.861 -15.759 -16.329 -14.829 -15.029 -15.771 -16.341 -16.645 -16.778 -14.984 -15.984 -16.54 -16.73 -16.79 -16.086 -16.553 -16.744 -16.804 -16.841 -16.487 -16.258 -16.63 -16.68 -16.435 -16.049 -16.445
1.132124 -11.994 -11.971 -13.258 -14.836 -15.751 -16.334 -14.82 -15.006 -15.764 -16.348 -16.662 -16.804 -14.96 -15.981 -16.552 -16.751 -16.817 -16.086 -16.566 -16.765 -16.83 -16.871 -16.5 -16.263 -16.646 -16.716 -16.476 -16.093 -16.458
1.166364 -11.96 -11.9 -13.213 -14.809 -15.742 -16.339 -14.811 -14.982 -15.756 -16.353 -16.679 -16.83 -14.935 -15.978 -16.564 -16.772 -16.844 -16.085 -16.578 -16.786 -16.855 -16.9 -16.513 -16.267 -16.662 -16.751 -16.516 -16.136 -16.471
1.20164 -11.926 -11.827 -13.166 -14.78 -15.732 -16.343 -14.8 -14.957 -15.746 -16.358 -16.695 -16.855 -14.908 -15.973 -16.575 -16.791 -16.87 -16.083 -16.59 -16.806 -16.881 -16.928 -16.525 -16.271 -16.678 -16.786 -16.556 -16.18 -16.483
1.237983 -11.893 -11.752 -13.118 -14.75 -15.721 -16.347 -14.789 -14.931 -15.735 -16.362 -16.71 -16.879 -14.88 -15.968 -16.585 -16.81 -16.896 -16.08 -16.6 -16.825 -16.905 -16.956 -16.536 -16.273 -16.692 -16.821 -16.595 -16.223 -16.495
1.275425 -11.861 -11.675 -13.069 -14.719 -15.709 -16.349 -14.777 -14.903 -15.724 -16.365 -16.725 -16.903 -14.851 -15.961 -16.595 -16.829 -16.921 -16.076 -16.61 -16.844 -16.929 -16.983 -16.546 -16.275 -16.706 -16.855 -16.634 -16.267 -16.506
1.313999 -11.83 -11.596 -13.018 -14.686 -15.695 -16.35 -14.764 -14.873 -15.711 -16.367 -16.739 -16.926 -14.82 -15.954 -16.603 -16.846 -16.945 -16.072 -16.619 -16.862 -16.953 -17.01 -16.556 -16.276 -16.719 -16.889 -16.673 -16.31 -16.516
1.35374 -11.8 -11.515 -12.966 -14.652 -15.68 -16.35 -14.75 -14.843 -15.697 -16.368 -16.752 -16.949 -14.788 -15.945 -16.611 -16.864 -16.969 -16.066 -16.628 -16.879 -16.976 -17.037 -16.565 -16.276 -16.732 -16.923 -16.712 -16.353 -16.525
1.394683 -11.771 -11.432 -12.912 -14.617 -15.664 -16.35 -14.736 -14.811 -15.682 -16.368 -16.764 -16.971 -14.755 -15.935 -16.618 -16.88 -16.992 -16.059 -16.635 -16.896 -16.998 -17.063 -16.574 -16.275 -16.744 -16.956 -16.751 -16.395 -16.534
1.436864 -11.743 -11.347 -12.857 -14.579 -15.647 -16.348 -14.72 -14.777 -15.665 -16.367 -16.776 -16.993 -14.72 -15.924 -16.624 -16.896 -17.015 -16.051 -16.641 -16.912 -17.02 -17.088 -16.581 -16.273 -16.754 -16.989 -16.789 -16.437 -16.543
1.480321 -11.716 -11.26 -12.8 -14.541 -15.629 -16.345 -14.704 -14.742 -15.647 -16.365 -16.787 -17.014 -14.683 -15.912 -16.629 -16.91 -17.037 -16.042 -16.647 -16.927 -17.041 -17.113 -16.588 -16.269 -16.765 -17.021 -16.827 -16.48 -16.55
1.525092 -11.691 -11.17 -12.742 -14.5 -15.609 -16.342 -14.687 -14.705 -15.628 -16.362 -16.797 -17.034 -14.644 -15.899 -16.634 -16.925 -17.059 -16.032 -16.652 -16.942 -17.061 -17.138 -16.594 -16.265 -16.774 -17.053 -16.864 -16.521 -16.557
1.571218 -11.666 -11.078 -12.683 -14.458 -15.588 -16.337 -14.669 -14.666 -15.608 -16.358 -16.806 -17.054 -14.604 -15.884 -16.637 -16.938 -17.079 -16.021 -16.656 -16.955 -17.081 -17.161 -16.599 -16.26 -16.782 -17.084 -16.901 -16.563 -16.563
1.618738 -11.644 -10.984 -12.621 -14.414 -15.566 -16.331 -14.649 -14.626 -15.586 -16.352 -16.814 -17.073 -14.563 -15.868 -16.639 -16.951 -17.1 -16.009 -16.658 -16.968 -17.1 -17.185 -16.603 -16.254 -16.79 -17.115 -16.938 -16.605 -16.568
1.667696 -11.622 -10.887 -12.559 -14.368 -15.542 -16.324 -14.629 -14.585 -15.563 -16.346 -16.822 -17.091 -14.519 -15.851 -16.64 -16.962 -17.119 -15.995 -16.66 -16.981 -17.118 -17.207 -16.606 -16.247 -16.797 -17.146 -16.974 -16.646 -16.573
1.718134 -11.603 -10.788 -12.494 -14.321 -15.516 -16.315 -14.608 -14.541 -15.539 -16.339 -16.829 -17.109 -14.474 -15.833 -16.641 -16.973 -17.138 -15.981 -16.661 -16.992 -17.136 -17.229 -16.608 -16.238 -16.802 -17.176 -17.011 -16.687 -16.576
1.770098 -11.584 -10.687 -12.428 -14.272 -15.489 -16.306 -14.586 -14.496 -15.513 -16.33 -16.834 -17.126 -14.427 -15.813 -16.64 -16.983 -17.156 -15.965 -16.661 -17.002 -17.153 -17.25 -16.61 -16.229 -16.807 -17.206 -17.046 -16.727 -16.579
1.823633 -11.568 -10.583 -12.361 -14.22 -15.461 -16.295 -14.562 -14.448 -15.485 -16.32 -16.839 -17.142 -14.378 -15.792 -16.638 -16.992 -17.174 -15.947 -16.66 -17.012 -17.169 -17.271 -16.61 -16.218 -16.811 -17.235 -17.082 -16.767 -16.581
1.878788 -11.552 -10.476 -12.292 -14.167 -15.431 -16.283 -14.538 -14.399 -15.456 -16.309 -16.843 -17.157 -14.327 -15.769 -16.635 -17.001 -17.19 -15.929 -16.657 -17.021 -17.185 -17.291 -16.61 -16.206 -16.814 -17.263 -17.117 -16.807 -16.582
1.93561 -11.539 -10.367 -12.221 -14.112 -15.399 -16.269 -14.512 -14.348 -15.425 -16.296 -16.846 -17.172 -14.274 -15.745 -16.631 -17.008 -17.206 -15.909 -16.654 -17.028 -17.199 -17.31 -16.609 -16.193 -16.816 -17.291 -17.151 -16.847 -16.583
1.994152 -11.526 -10.256 -12.148 -14.055 -15.366 -16.255 -14.485 -14.295 -15.393 -16.282 -16.847 -17.186 -14.219 -15.72 -16.625 -17.014 -17.221 -15.888 -16.649 -17.035 -17.213 -17.329 -16.606 -16.178 -16.817 -17.319 -17.185 -16.887 -16.582
2.054463 -11.515 -10.141 -12.074 -13.995 -15.331 -16.238 -14.458 -14.24 -15.359 -16.267 -16.848 -17.199 -14.162 -15.692 -16.619 -17.02 -17.235 -15.865 -16.644 -17.041 -17.226 -17.347 -16.602 -16.162 -16.816 -17.346 -17.219 -16.926 -16.581
2.116599 -11.506 -10.024 -11.997 -13.934 -15.294 -16.221 -14.428 -14.183 -15.324 -16.251 -16.848 -17.211 -14.103 -15.664 -16.611 -17.024 -17.249 -15.841 -16.637 -17.046 -17.238 -17.364 -16.598 -16.145 -16.815 -17.372 -17.252 -16.965 -16.579
2.180614 -11.498 -9.905 -11.919 -13.87 -15.256 -16.201 -14.398 -14.123 -15.286 -16.233 -16.846 -17.222 -14.041 -15.633 -16.602 -17.027 -17.261 -15.815 -16.628 -17.05 -17.249 -17.38 -16.592 -16.126 -16.812 -17.398 -17.285 -17.003 -16.575
2.246566 -11.492 -9.782 -11.839 -13.804 -15.215 -16.181 -14.366 -14.062 -15.247 -16.213 -16.843 -17.232 -13.977 -15.601 -16.591 -17.029 -17.273 -15.788 -16.619 -17.052 -17.26 -17.395 -16.585 -16.106 -16.809 -17.423 -17.317 -17.041 -16.571
2.314511 -11.486 -9.657 -11.757 -13.735 -15.173 -16.158 -14.333 -13.998 -15.205 -16.192 -16.839 -17.241 -13.911 -15.567 -16.58 -17.03 -17.283 -15.759 -16.608 -17.054 -17.269 -17.41 -16.577 -16.085 -16.804 -17.447 -17.349 -17.079 -16.566
2.384512 -11.482 -9.53 -11.673 -13.664 -15.128 -16.134 -14.298 -13.931 -15.162 -16.169 -16.834 -17.25 -13.842 -15.531 -16.566 -17.03 -17.293 -15.729 -16.596 -17.054 -17.277 -17.424 -16.567 -16.061 -16.798 -17.471 -17.381 -17.116 -16.559
2.45663 -11.479 -9.399 -11.588 -13.59 -15.082 -16.109 -14.262 -13.862 -15.117 -16.145 -16.828 -17.257 -13.771 -15.493 -16.551 -17.029 -17.301 -15.697 -16.582 -17.053 -17.284 -17.437 -16.557 -16.037 -16.79 -17.494 -17.411 -17.153 -16.552
2.530929 -11.477 -9.266 -11.5 -13.513 -15.033 -16.081 -14.225 -13.791 -15.07 -16.119 -16.82 -17.263 -13.697 -15.454 -16.535 -17.026 -17.309 -15.663 -16.567 -17.051 -17.291 -17.448 -16.545 -16.01 -16.781 -17.516 -17.442 -17.19 -16.544
2.607475 -11.476 -9.131 -11.41 -13.434 -14.982 -16.052 -14.186 -13.716 -15.02 -16.091 -16.811 -17.268 -13.62 -15.412 -16.517 -17.022 -17.316 -15.628 -16.55 -17.048 -17.296 -17.459 -16.531 -15.982 -16.771 -17.538 -17.471 -17.226 -16.534
2.686337 -11.475 -8.993 -11.318 -13.352 -14.929 -16.021 -14.145 -13.639 -14.968 -16.061 -16.8 -17.272 -13.54 -15.368 -16.498 -17.016 -17.321 -15.591 -16.531 -17.043 -17.299 -17.469 -16.516 -15.952 -16.759 -17.558 -17.501 -17.262 -16.523
2.767583 -11.476 -8.853 -11.223 -13.267 -14.873 -15.988 -14.102 -13.56 -14.914 -16.029 -16.788 -17.275 -13.458 -15.322 -16.476 -17.01 -17.325 -15.552 -16.511 -17.037 -17.302 -17.478 -16.5 -15.92 -16.746 -17.578 -17.529 -17.297 -16.511
2.851287 -11.477 -8.711 -11.127 -13.179 -14.815 -15.953 -14.058 -13.477 -14.858 -15.995 -16.775 -17.276 -13.372 -15.274 -16.453 -17.001 -17.328 -15.511 -16.49 -17.03 -17.304 -17.486 -16.482 -15.887 -16.731 -17.597 -17.557 -17.332 -16.498
2.937522 -11.479 -8.568 -11.028 -13.088 -14.754 -15.915 -14.013 -13.391 -14.799 -15.96 -16.76 -17.277 -13.284 -15.223 -16.428 -16.992 -17.33 -15.468 -16.466 -17.021 -17.304 -17.492 -16.463 -15.851 -16.715 -17.615 -17.584 -17.366 -16.484
3.026365 -11.481 -8.423 -10.926 -12.993 -14.691 -15.876 -13.965 -13.302 -14.737 -15.922 -16.743 -17.275 -13.191 -15.17 -16.401 -16.98 -17.33 -15.423 -16.441 -17.01 -17.302 -17.498 -16.442 -15.813 -16.697 -17.633 -17.61 -17.4 -16.468
3.117896 -11.483 -8.277 -10.823 -12.895 -14.625 -15.834 -13.915 -13.209 -14.673 -15.882 -16.724 -17.273 -13.096 -15.114 -16.372 -16.967 -17.329 -15.376 -16.414 -16.998 -17.3 -17.502 -16.419 -15.773 -16.677 -17.649 -17.636 -17.433 -16.451
3.212194 -11.486 -8.131 -10.716 -12.793 -14.556 -15.79 -13.864 -13.113 -14.605 -15.839 -16.704 -17.269 -12.997 -15.056 -16.341 -16.952 -17.327 -15.327 -16.384 -16.984 -17.296 -17.505 -16.394 -15.731 -16.655 -17.664 -17.661 -17.466 -16.433
3.309345 -11.489 -7.985 -10.607 -12.687 -14.483 -15.743 -13.81 -13.013 -14.535 -15.794 -16.682 -17.264 -12.894 -14.995 -16.308 -16.936 -17.323 -15.276 -16.353 -16.968 -17.29 -17.506 -16.368 -15.687 -16.632 -17.678 -17.685 -17.498 -16.413
3.409434 -11.492 -7.84 -10.496 -12.578 -14.408 -15.694 -13.754 -12.91 -14.462 -15.747 -16.657 -17.257 -12.787 -14.931 -16.273 -16.917 -17.317 -15.222 -16.319 -16.951 -17.283 -17.506 -16.339 -15.64 -16.606 -17.692 -17.709 -17.529 -16.391
3.51255 -11.495 -7.696 -10.381 -12.464 -14.329 -15.642 -13.696 -12.802 -14.386 -15.697 -16.631 -17.248 -12.676 -14.864 -16.235 -16.897 -17.31 -15.166 -16.284 -16.931 -17.274 -17.505 -16.309 -15.59 -16.579 -17.703 -17.731 -17.56 -16.368
3.618785 -11.497 -7.556 -10.264 -12.346 -14.247 -15.587 -13.635 -12.691 -14.306 -15.644 -16.603 -17.238 -12.561 -14.794 -16.195 -16.874 -17.301 -15.108 -16.246 -16.91 -17.263 -17.502 -16.276 -15.538 -16.549 -17.714 -17.753 -17.59 -16.344
3.728232 -11.5 -7.419 -10.143 -12.224 -14.162 -15.529 -13.572 -12.575 -14.222 -15.588 -16.572 -17.225 -12.442 -14.72 -16.152 -16.85 -17.291 -15.047 -16.205 -16.886 -17.25 -17.498 -16.241 -15.483 -16.517 -17.724 -17.774 -17.62 -16.318
