web/models/kne.last_good/kappa_0.5_3.0.v1/1/villar_0.0052_0.0927_0.5000.dat
# %ECSV 1.0
# ---
# datatype:
# - {name: time, datatype: float64}
# - {name: swift_uvot_uvw2, datatype: float64}
# - {name: swift_uvot_uvm2, datatype: float64}
# - {name: swift_uvot_uvw1, datatype: float64}
# - {name: swift_uvot_U, datatype: float64}
# - {name: swift_uvot_B, datatype: float64}
# - {name: swift_uvot_V, datatype: float64}
# - {name: swift_uvot_W, datatype: float64}
# - {name: johnson_U, datatype: float64}
# - {name: johnson_B, datatype: float64}
# - {name: johnson_V, datatype: float64}
# - {name: johnson_R, datatype: float64}
# - {name: johnson_I, datatype: float64}
# - {name: sdss_u, datatype: float64}
# - {name: sdss_g, datatype: float64}
# - {name: sdss_r, datatype: float64}
# - {name: sdss_i, datatype: float64}
# - {name: sdss_z, datatype: float64}
# - {name: PS1_g, datatype: float64}
# - {name: PS1_r, datatype: float64}
# - {name: PS1_i, datatype: float64}
# - {name: PS1_z, datatype: float64}
# - {name: PS1_Y, datatype: float64}
# - {name: PS1_w, datatype: float64}
# - {name: ATLAS_c, datatype: float64}
# - {name: ATLAS_o, datatype: float64}
# - {name: ukirt_J, datatype: float64}
# - {name: ukirt_H, datatype: float64}
# - {name: ukirt_K, datatype: float64}
# - {name: Clear, datatype: float64}
# meta: !!omap
# - comment: [kappa = 0.5, type = villar, mass = 0.005244756555828381, velocity = 0.09266666666666673, theta_obs = 0.0]
# schema: astropy-2.0
time swift_uvot_uvw2 swift_uvot_uvm2 swift_uvot_uvw1 swift_uvot_U swift_uvot_B swift_uvot_V swift_uvot_W johnson_U johnson_B johnson_V johnson_R johnson_I sdss_u sdss_g sdss_r sdss_i sdss_z PS1_g PS1_r PS1_i PS1_z PS1_Y PS1_w ATLAS_c ATLAS_o ukirt_J ukirt_H ukirt_K Clear
[from data line 363]
49.808426 775.219 780.435 nan nan nan nan 777.488 nan nan 794.178 784.017 779.027 nan nan 791.98 783.984 779.519 773.954 774.159 774.137 773.722 771.976 785.228 nan 784.964 773.793 770.292 767.666 772.19
51.314848 775.219 780.435 nan nan nan nan 777.488 nan nan 794.178 784.017 779.027 nan nan 791.98 783.984 779.519 773.954 774.159 774.137 773.722 771.976 785.228 nan 784.964 773.793 770.292 767.666 772.19
52.86683 775.219 780.435 nan nan nan nan 777.488 nan nan 794.178 784.017 779.027 nan nan 791.98 783.984 779.519 773.954 774.159 774.137 773.722 771.976 785.228 nan 784.964 773.793 770.292 767.666 772.19
54.465752 775.219 780.435 nan nan nan nan 777.488 nan nan 794.178 784.017 779.027 nan nan 791.98 783.984 779.519 773.954 774.159 774.137 773.722 771.976 785.228 nan 784.964 773.793 770.292 767.666 772.19
56.113031 775.219 780.435 nan nan nan nan 777.488 nan nan 794.178 784.017 779.027 nan nan 791.98 783.984 779.519 773.954 774.159 774.137 773.722 771.976 785.228 nan 784.964 773.793 770.292 767.666 772.19
57.810132 775.219 780.435 nan nan nan nan 777.488 nan nan 794.178 784.017 779.027 nan nan 791.98 783.984 779.519 773.954 774.159 774.137 773.722 771.976 785.228 nan 784.964 773.793 770.292 767.666 772.19
59.55856 775.219 780.435 nan nan nan nan 777.488 nan nan 794.178 784.017 779.027 nan nan 791.98 783.984 779.519 773.954 774.159 774.137 773.722 771.976 785.228 nan 784.964 773.793 770.292 767.666 772.19
61.359868 775.219 780.435 nan nan nan nan 777.488 nan nan 794.178 784.017 779.027 nan nan 791.98 783.984 779.519 773.954 774.159 774.137 773.722 771.976 785.228 nan 784.964 773.793 770.292 767.666 772.19
63.215655 775.219 780.435 nan nan nan nan 777.488 nan nan 794.178 784.017 779.027 nan nan 791.98 783.984 779.519 773.954 774.159 774.137 773.722 771.976 785.228 nan 784.964 773.793 770.292 767.666 772.19
65.127569 775.219 780.435 nan nan nan nan 777.488 nan nan 794.178 784.017 779.027 nan nan 791.98 783.984 779.519 773.954 774.159 774.137 773.722 771.976 785.228 nan 784.964 773.793 770.292 767.666 772.19
67.097308 775.219 780.435 nan nan nan nan 777.488 nan nan 794.178 784.017 779.027 nan nan 791.98 783.984 779.519 773.954 774.159 774.137 773.722 771.976 785.228 nan 784.964 773.793 770.292 767.666 772.19
69.126621 775.219 780.435 nan nan nan nan 777.488 nan nan 794.178 784.017 779.027 nan nan 791.98 783.984 779.519 773.954 774.159 774.137 773.722 771.976 785.228 nan 784.964 773.793 770.292 767.666 772.19
71.217308 775.219 780.435 nan nan nan nan 777.488 nan nan 794.178 784.017 779.027 nan nan 791.98 783.984 779.519 773.954 774.159 774.137 773.722 771.976 785.228 nan 784.964 773.793 770.292 767.666 772.19
73.371227 775.219 780.435 nan nan nan nan 777.488 nan nan 794.178 784.017 779.027 nan nan 791.98 783.984 779.519 773.954 774.159 774.137 773.722 771.976 785.228 nan 784.964 773.793 770.292 767.666 772.19
75.59029 775.219 780.435 nan nan nan nan 777.488 nan nan 794.178 784.017 779.027 nan nan 791.98 783.984 779.519 773.954 774.159 774.137 773.722 771.976 785.228 nan 784.964 773.793 770.292 767.666 772.19
77.876467 775.219 780.435 nan nan nan nan 777.488 nan nan 794.178 784.017 779.027 nan nan 791.98 783.984 779.519 773.954 774.159 774.137 773.722 771.976 785.228 nan 784.964 773.793 770.292 767.666 772.19
80.231787 775.219 780.435 nan nan nan nan 777.488 nan nan 794.178 784.017 779.027 nan nan 791.98 783.984 779.519 773.954 774.159 774.137 773.722 771.976 785.228 nan 784.964 773.793 770.292 767.666 772.19
82.658343 775.219 780.435 nan nan nan nan 777.488 nan nan 794.178 784.017 779.027 nan nan 791.98 783.984 779.519 773.954 774.159 774.137 773.722 771.976 785.228 nan 784.964 773.793 770.292 767.666 772.19
85.158288 775.219 780.435 nan nan nan nan 777.488 nan nan 794.178 784.017 779.027 nan nan 791.98 783.984 779.519 773.954 774.159 774.137 773.722 771.976 785.228 nan 784.964 773.793 770.292 767.666 772.19
87.733843 775.219 780.435 nan nan nan nan 777.488 nan nan 794.178 784.017 779.027 nan nan 791.98 783.984 779.519 773.954 774.159 774.137 773.722 771.976 785.228 nan 784.964 773.793 770.292 767.666 772.19
90.387293 775.219 780.435 nan nan nan nan 777.488 nan nan 794.178 784.017 779.027 nan nan 791.98 783.984 779.519 773.954 774.159 774.137 773.722 771.976 785.228 nan 784.964 773.793 770.292 767.666 772.19
93.120995 775.219 780.435 nan nan nan nan 777.488 nan nan 794.178 784.017 779.027 nan nan 791.98 783.984 779.519 773.954 774.159 774.137 773.722 771.976 785.228 nan 784.964 773.793 770.292 767.666 772.19
95.937376 775.219 780.435 nan nan nan nan 777.488 nan nan 794.178 784.017 779.027 nan nan 791.98 783.984 779.519 773.954 774.159 774.137 773.722 771.976 785.228 nan 784.964 773.793 770.292 767.666 772.19
98.838937 775.219 780.435 nan nan nan nan 777.488 nan nan 794.178 784.017 779.027 nan nan 791.98 783.984 779.519 773.954 774.159 774.137 773.722 771.976 785.228 nan 784.964 773.793 770.292 767.666 772.19
101.828253 775.219 780.435 nan nan nan nan 777.488 nan nan 794.178 784.017 779.027 nan nan 791.98 783.984 779.519 773.954 774.159 774.137 773.722 771.976 785.228 nan 784.964 773.793 770.292 767.666 772.19
104.907979 775.219 780.435 nan nan nan nan 777.488 nan nan 794.178 784.017 779.027 nan nan 791.98 783.984 779.519 773.954 774.159 774.137 773.722 771.976 785.228 nan 784.964 773.793 770.292 767.666 772.19
108.080849 775.219 780.435 nan nan nan nan 777.488 nan nan 794.178 784.017 779.027 nan nan 791.98 783.984 779.519 773.954 774.159 774.137 773.722 771.976 785.228 nan 784.964 773.793 770.292 767.666 772.19
111.349681 775.219 780.435 nan nan nan nan 777.488 nan nan 794.178 784.017 779.027 nan nan 791.98 783.984 779.519 773.954 774.159 774.137 773.722 771.976 785.228 nan 784.964 773.793 770.292 767.666 772.19
114.717376 775.219 780.435 nan nan nan nan 777.488 nan nan 794.178 784.017 779.027 nan nan 791.98 783.984 779.519 773.954 774.159 774.137 773.722 771.976 785.228 nan 784.964 773.793 770.292 767.666 772.19
118.186925 775.219 780.435 nan nan nan nan 777.488 nan nan 794.178 784.017 779.027 nan nan 791.98 783.984 779.519 773.954 774.159 774.137 773.722 771.976 785.228 nan 784.964 773.793 770.292 767.666 772.19
121.761408 775.219 780.435 nan nan nan nan 777.488 nan nan 794.178 784.017 779.027 nan nan 791.98 783.984 779.519 773.954 774.159 774.137 773.722 771.976 785.228 nan 784.964 773.793 770.292 767.666 772.19
125.443999 775.219 780.435 nan nan nan nan 777.488 nan nan 794.178 784.017 779.027 nan nan 791.98 783.984 779.519 773.954 774.159 774.137 773.722 771.976 785.228 nan 784.964 773.793 770.292 767.666 772.19
129.237967 775.219 780.435 nan nan nan nan 777.488 nan nan 794.178 784.017 779.027 nan nan 791.98 783.984 779.519 773.954 774.159 774.137 773.722 771.976 785.228 nan 784.964 773.793 770.292 767.666 772.19
133.146681 775.219 780.435 nan nan nan nan 777.488 nan nan 794.178 784.017 779.027 nan nan 791.98 783.984 779.519 773.954 774.159 774.137 773.722 771.976 785.228 nan 784.964 773.793 770.292 767.666 772.19
137.173612 775.219 780.435 nan nan nan nan 777.488 nan nan 794.178 784.017 779.027 nan nan 791.98 783.984 779.519 773.954 774.159 774.137 773.722 771.976 785.228 nan 784.964 773.793 770.292 767.666 772.19
141.322334 775.219 780.435 nan nan nan nan 777.488 nan nan 794.178 784.017 779.027 nan nan 791.98 783.984 779.519 773.954 774.159 774.137 773.722 771.976 785.228 nan 784.964 773.793 770.292 767.666 772.19
145.596532 775.219 780.435 nan nan nan nan 777.488 nan nan 794.178 784.017 779.027 nan nan 791.98 783.984 779.519 773.954 774.159 774.137 773.722 771.976 785.228 nan 784.964 773.793 770.292 767.666 772.19
150.0 775.219 780.435 nan nan nan nan 777.488 nan nan 794.178 784.017 779.027 nan nan 791.98 783.984 779.519 773.954 774.159 774.137 773.722 771.976 785.228 nan 784.964 773.793 770.292 767.666 772.19
