web/models/linear/10/-12_735_1_467.dat
# %ECSV 1.0
# ---
# datatype:
# - {name: time, datatype: float64}
# - {name: sdss_u, datatype: float64}
# - {name: sdss_g, datatype: float64}
# - {name: sdss_r, datatype: float64}
# - {name: sdss_i, datatype: float64}
# - {name: sdss_z, datatype: float64}
# - {name: Clear, datatype: float64}
# - {name: johnson_B, datatype: float64}
# - {name: johnson_V, datatype: float64}
# - {name: johnson_R, datatype: float64}
# - {name: johnson_I, datatype: float64}
# - {name: ukirt_J, datatype: float64}
# - {name: ukirt_H, datatype: float64}
# - {name: ukirt_K, datatype: float64}
# meta: !!omap
# - comment: [M=-12.73469387755102, dM=1.4665405557509434]
# schema: astropy-2.0
time sdss_u sdss_g sdss_r sdss_i sdss_z Clear johnson_B johnson_V johnson_R johnson_I ukirt_J ukirt_H ukirt_K
[from data line 60]
4.522613065326633 -6.102098399280423 -6.102098399280423 -6.102098399280423 -6.102098399280423 -6.102098399280423 -6.102098399280423 -6.102098399280423 -6.102098399280423 -6.102098399280423 -6.102098399280423 -6.102098399280423 -6.102098399280423 -6.102098399280423
4.597989949748744 -5.991555141309245 -5.991555141309245 -5.991555141309245 -5.991555141309245 -5.991555141309245 -5.991555141309245 -5.991555141309245 -5.991555141309245 -5.991555141309245 -5.991555141309245 -5.991555141309245 -5.991555141309245 -5.991555141309245
4.673366834170854 -5.881011883338069 -5.881011883338069 -5.881011883338069 -5.881011883338069 -5.881011883338069 -5.881011883338069 -5.881011883338069 -5.881011883338069 -5.881011883338069 -5.881011883338069 -5.881011883338069 -5.881011883338069 -5.881011883338069
4.748743718592964 -5.7704686253668935 -5.7704686253668935 -5.7704686253668935 -5.7704686253668935 -5.7704686253668935 -5.7704686253668935 -5.7704686253668935 -5.7704686253668935 -5.7704686253668935 -5.7704686253668935 -5.7704686253668935 -5.7704686253668935 -5.7704686253668935
4.824120603015075 -5.659925367395716 -5.659925367395716 -5.659925367395716 -5.659925367395716 -5.659925367395716 -5.659925367395716 -5.659925367395716 -5.659925367395716 -5.659925367395716 -5.659925367395716 -5.659925367395716 -5.659925367395716 -5.659925367395716
4.899497487437186 -5.549382109424538 -5.549382109424538 -5.549382109424538 -5.549382109424538 -5.549382109424538 -5.549382109424538 -5.549382109424538 -5.549382109424538 -5.549382109424538 -5.549382109424538 -5.549382109424538 -5.549382109424538 -5.549382109424538
4.974874371859296 -5.4388388514533625 -5.4388388514533625 -5.4388388514533625 -5.4388388514533625 -5.4388388514533625 -5.4388388514533625 -5.4388388514533625 -5.4388388514533625 -5.4388388514533625 -5.4388388514533625 -5.4388388514533625 -5.4388388514533625 -5.4388388514533625
5.050251256281406 -5.328295593482187 -5.328295593482187 -5.328295593482187 -5.328295593482187 -5.328295593482187 -5.328295593482187 -5.328295593482187 -5.328295593482187 -5.328295593482187 -5.328295593482187 -5.328295593482187 -5.328295593482187 -5.328295593482187
5.125628140703517 -5.217752335511009 -5.217752335511009 -5.217752335511009 -5.217752335511009 -5.217752335511009 -5.217752335511009 -5.217752335511009 -5.217752335511009 -5.217752335511009 -5.217752335511009 -5.217752335511009 -5.217752335511009 -5.217752335511009
5.201005025125628 -5.107209077539832 -5.107209077539832 -5.107209077539832 -5.107209077539832 -5.107209077539832 -5.107209077539832 -5.107209077539832 -5.107209077539832 -5.107209077539832 -5.107209077539832 -5.107209077539832 -5.107209077539832 -5.107209077539832
5.276381909547738 -4.996665819568656 -4.996665819568656 -4.996665819568656 -4.996665819568656 -4.996665819568656 -4.996665819568656 -4.996665819568656 -4.996665819568656 -4.996665819568656 -4.996665819568656 -4.996665819568656 -4.996665819568656 -4.996665819568656
5.351758793969848 -4.88612256159748 -4.88612256159748 -4.88612256159748 -4.88612256159748 -4.88612256159748 -4.88612256159748 -4.88612256159748 -4.88612256159748 -4.88612256159748 -4.88612256159748 -4.88612256159748 -4.88612256159748 -4.88612256159748
5.427135678391959 -4.775579303626303 -4.775579303626303 -4.775579303626303 -4.775579303626303 -4.775579303626303 -4.775579303626303 -4.775579303626303 -4.775579303626303 -4.775579303626303 -4.775579303626303 -4.775579303626303 -4.775579303626303 -4.775579303626303
5.50251256281407 -4.665036045655125 -4.665036045655125 -4.665036045655125 -4.665036045655125 -4.665036045655125 -4.665036045655125 -4.665036045655125 -4.665036045655125 -4.665036045655125 -4.665036045655125 -4.665036045655125 -4.665036045655125 -4.665036045655125
5.57788944723618 -4.55449278768395 -4.55449278768395 -4.55449278768395 -4.55449278768395 -4.55449278768395 -4.55449278768395 -4.55449278768395 -4.55449278768395 -4.55449278768395 -4.55449278768395 -4.55449278768395 -4.55449278768395 -4.55449278768395
5.6532663316582905 -4.443949529712773 -4.443949529712773 -4.443949529712773 -4.443949529712773 -4.443949529712773 -4.443949529712773 -4.443949529712773 -4.443949529712773 -4.443949529712773 -4.443949529712773 -4.443949529712773 -4.443949529712773 -4.443949529712773
5.7286432160804015 -4.333406271741596 -4.333406271741596 -4.333406271741596 -4.333406271741596 -4.333406271741596 -4.333406271741596 -4.333406271741596 -4.333406271741596 -4.333406271741596 -4.333406271741596 -4.333406271741596 -4.333406271741596 -4.333406271741596
5.8040201005025125 -4.22286301377042 -4.22286301377042 -4.22286301377042 -4.22286301377042 -4.22286301377042 -4.22286301377042 -4.22286301377042 -4.22286301377042 -4.22286301377042 -4.22286301377042 -4.22286301377042 -4.22286301377042 -4.22286301377042
5.879396984924623 -4.112319755799243 -4.112319755799243 -4.112319755799243 -4.112319755799243 -4.112319755799243 -4.112319755799243 -4.112319755799243 -4.112319755799243 -4.112319755799243 -4.112319755799243 -4.112319755799243 -4.112319755799243 -4.112319755799243
5.954773869346733 -4.001776497828066 -4.001776497828066 -4.001776497828066 -4.001776497828066 -4.001776497828066 -4.001776497828066 -4.001776497828066 -4.001776497828066 -4.001776497828066 -4.001776497828066 -4.001776497828066 -4.001776497828066 -4.001776497828066
6.030150753768844 -3.8912332398568896 -3.8912332398568896 -3.8912332398568896 -3.8912332398568896 -3.8912332398568896 -3.8912332398568896 -3.8912332398568896 -3.8912332398568896 -3.8912332398568896 -3.8912332398568896 -3.8912332398568896 -3.8912332398568896 -3.8912332398568896
6.105527638190955 -3.780689981885713 -3.780689981885713 -3.780689981885713 -3.780689981885713 -3.780689981885713 -3.780689981885713 -3.780689981885713 -3.780689981885713 -3.780689981885713 -3.780689981885713 -3.780689981885713 -3.780689981885713 -3.780689981885713
6.180904522613065 -3.6701467239145362 -3.6701467239145362 -3.6701467239145362 -3.6701467239145362 -3.6701467239145362 -3.6701467239145362 -3.6701467239145362 -3.6701467239145362 -3.6701467239145362 -3.6701467239145362 -3.6701467239145362 -3.6701467239145362 -3.6701467239145362
6.256281407035175 -3.5596034659433613 -3.5596034659433613 -3.5596034659433613 -3.5596034659433613 -3.5596034659433613 -3.5596034659433613 -3.5596034659433613 -3.5596034659433613 -3.5596034659433613 -3.5596034659433613 -3.5596034659433613 -3.5596034659433613 -3.5596034659433613
6.331658291457286 -3.449060207972183 -3.449060207972183 -3.449060207972183 -3.449060207972183 -3.449060207972183 -3.449060207972183 -3.449060207972183 -3.449060207972183 -3.449060207972183 -3.449060207972183 -3.449060207972183 -3.449060207972183 -3.449060207972183
6.407035175879397 -3.338516950001006 -3.338516950001006 -3.338516950001006 -3.338516950001006 -3.338516950001006 -3.338516950001006 -3.338516950001006 -3.338516950001006 -3.338516950001006 -3.338516950001006 -3.338516950001006 -3.338516950001006 -3.338516950001006
6.482412060301507 -3.2279736920298294 -3.2279736920298294 -3.2279736920298294 -3.2279736920298294 -3.2279736920298294 -3.2279736920298294 -3.2279736920298294 -3.2279736920298294 -3.2279736920298294 -3.2279736920298294 -3.2279736920298294 -3.2279736920298294 -3.2279736920298294
6.557788944723617 -3.1174304340586545 -3.1174304340586545 -3.1174304340586545 -3.1174304340586545 -3.1174304340586545 -3.1174304340586545 -3.1174304340586545 -3.1174304340586545 -3.1174304340586545 -3.1174304340586545 -3.1174304340586545 -3.1174304340586545 -3.1174304340586545
6.633165829145728 -3.006887176087476 -3.006887176087476 -3.006887176087476 -3.006887176087476 -3.006887176087476 -3.006887176087476 -3.006887176087476 -3.006887176087476 -3.006887176087476 -3.006887176087476 -3.006887176087476 -3.006887176087476 -3.006887176087476
6.708542713567839 -2.8963439181162993 -2.8963439181162993 -2.8963439181162993 -2.8963439181162993 -2.8963439181162993 -2.8963439181162993 -2.8963439181162993 -2.8963439181162993 -2.8963439181162993 -2.8963439181162993 -2.8963439181162993 -2.8963439181162993 -2.8963439181162993
6.783919597989949 -2.7858006601451226 -2.7858006601451226 -2.7858006601451226 -2.7858006601451226 -2.7858006601451226 -2.7858006601451226 -2.7858006601451226 -2.7858006601451226 -2.7858006601451226 -2.7858006601451226 -2.7858006601451226 -2.7858006601451226 -2.7858006601451226
6.859296482412059 -2.6752574021739477 -2.6752574021739477 -2.6752574021739477 -2.6752574021739477 -2.6752574021739477 -2.6752574021739477 -2.6752574021739477 -2.6752574021739477 -2.6752574021739477 -2.6752574021739477 -2.6752574021739477 -2.6752574021739477 -2.6752574021739477
6.93467336683417 -2.564714144202771 -2.564714144202771 -2.564714144202771 -2.564714144202771 -2.564714144202771 -2.564714144202771 -2.564714144202771 -2.564714144202771 -2.564714144202771 -2.564714144202771 -2.564714144202771 -2.564714144202771 -2.564714144202771
7.010050251256281 -2.4541708862315925 -2.4541708862315925 -2.4541708862315925 -2.4541708862315925 -2.4541708862315925 -2.4541708862315925 -2.4541708862315925 -2.4541708862315925 -2.4541708862315925 -2.4541708862315925 -2.4541708862315925 -2.4541708862315925 -2.4541708862315925
7.085427135678391 -2.3436276282604176 -2.3436276282604176 -2.3436276282604176 -2.3436276282604176 -2.3436276282604176 -2.3436276282604176 -2.3436276282604176 -2.3436276282604176 -2.3436276282604176 -2.3436276282604176 -2.3436276282604176 -2.3436276282604176 -2.3436276282604176
7.160804020100501 -2.233084370289241 -2.233084370289241 -2.233084370289241 -2.233084370289241 -2.233084370289241 -2.233084370289241 -2.233084370289241 -2.233084370289241 -2.233084370289241 -2.233084370289241 -2.233084370289241 -2.233084370289241 -2.233084370289241
7.236180904522612 -2.122541112318064 -2.122541112318064 -2.122541112318064 -2.122541112318064 -2.122541112318064 -2.122541112318064 -2.122541112318064 -2.122541112318064 -2.122541112318064 -2.122541112318064 -2.122541112318064 -2.122541112318064 -2.122541112318064
7.311557788944723 -2.0119978543468857 -2.0119978543468857 -2.0119978543468857 -2.0119978543468857 -2.0119978543468857 -2.0119978543468857 -2.0119978543468857 -2.0119978543468857 -2.0119978543468857 -2.0119978543468857 -2.0119978543468857 -2.0119978543468857 -2.0119978543468857
7.3869346733668335 -1.9014545963757108 -1.9014545963757108 -1.9014545963757108 -1.9014545963757108 -1.9014545963757108 -1.9014545963757108 -1.9014545963757108 -1.9014545963757108 -1.9014545963757108 -1.9014545963757108 -1.9014545963757108 -1.9014545963757108 -1.9014545963757108
7.462311557788944 -1.790911338404534 -1.790911338404534 -1.790911338404534 -1.790911338404534 -1.790911338404534 -1.790911338404534 -1.790911338404534 -1.790911338404534 -1.790911338404534 -1.790911338404534 -1.790911338404534 -1.790911338404534 -1.790911338404534
7.537688442211055 -1.6803680804333574 -1.6803680804333574 -1.6803680804333574 -1.6803680804333574 -1.6803680804333574 -1.6803680804333574 -1.6803680804333574 -1.6803680804333574 -1.6803680804333574 -1.6803680804333574 -1.6803680804333574 -1.6803680804333574 -1.6803680804333574
7.613065326633166 -1.5698248224621807 -1.5698248224621807 -1.5698248224621807 -1.5698248224621807 -1.5698248224621807 -1.5698248224621807 -1.5698248224621807 -1.5698248224621807 -1.5698248224621807 -1.5698248224621807 -1.5698248224621807 -1.5698248224621807 -1.5698248224621807
7.688442211055276 -1.459281564491004 -1.459281564491004 -1.459281564491004 -1.459281564491004 -1.459281564491004 -1.459281564491004 -1.459281564491004 -1.459281564491004 -1.459281564491004 -1.459281564491004 -1.459281564491004 -1.459281564491004 -1.459281564491004
7.763819095477386 -1.3487383065198273 -1.3487383065198273 -1.3487383065198273 -1.3487383065198273 -1.3487383065198273 -1.3487383065198273 -1.3487383065198273 -1.3487383065198273 -1.3487383065198273 -1.3487383065198273 -1.3487383065198273 -1.3487383065198273 -1.3487383065198273
7.839195979899497 -1.2381950485486506 -1.2381950485486506 -1.2381950485486506 -1.2381950485486506 -1.2381950485486506 -1.2381950485486506 -1.2381950485486506 -1.2381950485486506 -1.2381950485486506 -1.2381950485486506 -1.2381950485486506 -1.2381950485486506 -1.2381950485486506
7.914572864321608 -1.127651790577474 -1.127651790577474 -1.127651790577474 -1.127651790577474 -1.127651790577474 -1.127651790577474 -1.127651790577474 -1.127651790577474 -1.127651790577474 -1.127651790577474 -1.127651790577474 -1.127651790577474 -1.127651790577474
7.989949748743718 -1.0171085326062972 -1.0171085326062972 -1.0171085326062972 -1.0171085326062972 -1.0171085326062972 -1.0171085326062972 -1.0171085326062972 -1.0171085326062972 -1.0171085326062972 -1.0171085326062972 -1.0171085326062972 -1.0171085326062972 -1.0171085326062972
8.065326633165828 -0.9065652746351223 -0.9065652746351223 -0.9065652746351223 -0.9065652746351223 -0.9065652746351223 -0.9065652746351223 -0.9065652746351223 -0.9065652746351223 -0.9065652746351223 -0.9065652746351223 -0.9065652746351223 -0.9065652746351223 -0.9065652746351223
8.140703517587939 -0.7960220166639438 -0.7960220166639438 -0.7960220166639438 -0.7960220166639438 -0.7960220166639438 -0.7960220166639438 -0.7960220166639438 -0.7960220166639438 -0.7960220166639438 -0.7960220166639438 -0.7960220166639438 -0.7960220166639438 -0.7960220166639438
8.21608040201005 -0.6854787586927671 -0.6854787586927671 -0.6854787586927671 -0.6854787586927671 -0.6854787586927671 -0.6854787586927671 -0.6854787586927671 -0.6854787586927671 -0.6854787586927671 -0.6854787586927671 -0.6854787586927671 -0.6854787586927671 -0.6854787586927671
8.29145728643216 -0.5749355007215922 -0.5749355007215922 -0.5749355007215922 -0.5749355007215922 -0.5749355007215922 -0.5749355007215922 -0.5749355007215922 -0.5749355007215922 -0.5749355007215922 -0.5749355007215922 -0.5749355007215922 -0.5749355007215922 -0.5749355007215922
8.36683417085427 -0.46439224275041546 -0.46439224275041546 -0.46439224275041546 -0.46439224275041546 -0.46439224275041546 -0.46439224275041546 -0.46439224275041546 -0.46439224275041546 -0.46439224275041546 -0.46439224275041546 -0.46439224275041546 -0.46439224275041546 -0.46439224275041546
8.442211055276381 -0.353848984779237 -0.353848984779237 -0.353848984779237 -0.353848984779237 -0.353848984779237 -0.353848984779237 -0.353848984779237 -0.353848984779237 -0.353848984779237 -0.353848984779237 -0.353848984779237 -0.353848984779237 -0.353848984779237
8.517587939698492 -0.24330572680806029 -0.24330572680806029 -0.24330572680806029 -0.24330572680806029 -0.24330572680806029 -0.24330572680806029 -0.24330572680806029 -0.24330572680806029 -0.24330572680806029 -0.24330572680806029 -0.24330572680806029 -0.24330572680806029 -0.24330572680806029
8.592964824120603 -0.13276246883688358 -0.13276246883688358 -0.13276246883688358 -0.13276246883688358 -0.13276246883688358 -0.13276246883688358 -0.13276246883688358 -0.13276246883688358 -0.13276246883688358 -0.13276246883688358 -0.13276246883688358 -0.13276246883688358 -0.13276246883688358
8.668341708542712 -0.02221921086570866 -0.02221921086570866 -0.02221921086570866 -0.02221921086570866 -0.02221921086570866 -0.02221921086570866 -0.02221921086570866 -0.02221921086570866 -0.02221921086570866 -0.02221921086570866 -0.02221921086570866 -0.02221921086570866 -0.02221921086570866
8.743718592964823 0.08832404710546804 0.08832404710546804 0.08832404710546804 0.08832404710546804 0.08832404710546804 0.08832404710546804 0.08832404710546804 0.08832404710546804 0.08832404710546804 0.08832404710546804 0.08832404710546804 0.08832404710546804 0.08832404710546804
8.819095477386934 0.19886730507664652 0.19886730507664652 0.19886730507664652 0.19886730507664652 0.19886730507664652 0.19886730507664652 0.19886730507664652 0.19886730507664652 0.19886730507664652 0.19886730507664652 0.19886730507664652 0.19886730507664652 0.19886730507664652
