web/models/linear/10/-12_735_1_075.dat
# %ECSV 1.0
# ---
# datatype:
# - {name: time, datatype: float64}
# - {name: sdss_u, datatype: float64}
# - {name: sdss_g, datatype: float64}
# - {name: sdss_r, datatype: float64}
# - {name: sdss_i, datatype: float64}
# - {name: sdss_z, datatype: float64}
# - {name: Clear, datatype: float64}
# - {name: johnson_B, datatype: float64}
# - {name: johnson_V, datatype: float64}
# - {name: johnson_R, datatype: float64}
# - {name: johnson_I, datatype: float64}
# - {name: ukirt_J, datatype: float64}
# - {name: ukirt_H, datatype: float64}
# - {name: ukirt_K, datatype: float64}
# meta: !!omap
# - comment: [M=-12.73469387755102, dM=1.0753706008311428]
# schema: astropy-2.0
time sdss_u sdss_g sdss_r sdss_i sdss_z Clear johnson_B johnson_V johnson_R johnson_I ukirt_J ukirt_H ukirt_K
[from data line 178]
13.417085427135678 1.6936453396306437 1.6936453396306437 1.6936453396306437 1.6936453396306437 1.6936453396306437 1.6936453396306437 1.6936453396306437 1.6936453396306437 1.6936453396306437 1.6936453396306437 1.6936453396306437 1.6936453396306437 1.6936453396306437
13.492462311557787 1.7747034251204266 1.7747034251204266 1.7747034251204266 1.7747034251204266 1.7747034251204266 1.7747034251204266 1.7747034251204266 1.7747034251204266 1.7747034251204266 1.7747034251204266 1.7747034251204266 1.7747034251204266 1.7747034251204266
13.567839195979898 1.8557615106102112 1.8557615106102112 1.8557615106102112 1.8557615106102112 1.8557615106102112 1.8557615106102112 1.8557615106102112 1.8557615106102112 1.8557615106102112 1.8557615106102112 1.8557615106102112 1.8557615106102112 1.8557615106102112
13.64321608040201 1.9368195960999977 1.9368195960999977 1.9368195960999977 1.9368195960999977 1.9368195960999977 1.9368195960999977 1.9368195960999977 1.9368195960999977 1.9368195960999977 1.9368195960999977 1.9368195960999977 1.9368195960999977 1.9368195960999977
13.718592964824118 2.0178776815897805 2.0178776815897805 2.0178776815897805 2.0178776815897805 2.0178776815897805 2.0178776815897805 2.0178776815897805 2.0178776815897805 2.0178776815897805 2.0178776815897805 2.0178776815897805 2.0178776815897805 2.0178776815897805
13.79396984924623 2.098935767079565 2.098935767079565 2.098935767079565 2.098935767079565 2.098935767079565 2.098935767079565 2.098935767079565 2.098935767079565 2.098935767079565 2.098935767079565 2.098935767079565 2.098935767079565 2.098935767079565
13.86934673366834 2.17999385256935 2.17999385256935 2.17999385256935 2.17999385256935 2.17999385256935 2.17999385256935 2.17999385256935 2.17999385256935 2.17999385256935 2.17999385256935 2.17999385256935 2.17999385256935 2.17999385256935
13.944723618090451 2.2610519380591363 2.2610519380591363 2.2610519380591363 2.2610519380591363 2.2610519380591363 2.2610519380591363 2.2610519380591363 2.2610519380591363 2.2610519380591363 2.2610519380591363 2.2610519380591363 2.2610519380591363 2.2610519380591363
14.020100502512562 2.342110023548921 2.342110023548921 2.342110023548921 2.342110023548921 2.342110023548921 2.342110023548921 2.342110023548921 2.342110023548921 2.342110023548921 2.342110023548921 2.342110023548921 2.342110023548921 2.342110023548921
14.095477386934672 2.423168109038704 2.423168109038704 2.423168109038704 2.423168109038704 2.423168109038704 2.423168109038704 2.423168109038704 2.423168109038704 2.423168109038704 2.423168109038704 2.423168109038704 2.423168109038704 2.423168109038704
14.170854271356783 2.5042261945284885 2.5042261945284885 2.5042261945284885 2.5042261945284885 2.5042261945284885 2.5042261945284885 2.5042261945284885 2.5042261945284885 2.5042261945284885 2.5042261945284885 2.5042261945284885 2.5042261945284885 2.5042261945284885
14.246231155778894 2.585284280018275 2.585284280018275 2.585284280018275 2.585284280018275 2.585284280018275 2.585284280018275 2.585284280018275 2.585284280018275 2.585284280018275 2.585284280018275 2.585284280018275 2.585284280018275 2.585284280018275
14.321608040201003 2.666342365508058 2.666342365508058 2.666342365508058 2.666342365508058 2.666342365508058 2.666342365508058 2.666342365508058 2.666342365508058 2.666342365508058 2.666342365508058 2.666342365508058 2.666342365508058 2.666342365508058
14.396984924623114 2.7474004509978425 2.7474004509978425 2.7474004509978425 2.7474004509978425 2.7474004509978425 2.7474004509978425 2.7474004509978425 2.7474004509978425 2.7474004509978425 2.7474004509978425 2.7474004509978425 2.7474004509978425 2.7474004509978425
14.472361809045225 2.828458536487627 2.828458536487627 2.828458536487627 2.828458536487627 2.828458536487627 2.828458536487627 2.828458536487627 2.828458536487627 2.828458536487627 2.828458536487627 2.828458536487627 2.828458536487627 2.828458536487627
14.547738693467336 2.909516621977412 2.909516621977412 2.909516621977412 2.909516621977412 2.909516621977412 2.909516621977412 2.909516621977412 2.909516621977412 2.909516621977412 2.909516621977412 2.909516621977412 2.909516621977412 2.909516621977412
14.623115577889447 2.9905747074671982 2.9905747074671982 2.9905747074671982 2.9905747074671982 2.9905747074671982 2.9905747074671982 2.9905747074671982 2.9905747074671982 2.9905747074671982 2.9905747074671982 2.9905747074671982 2.9905747074671982 2.9905747074671982
14.698492462311556 3.071632792956981 3.071632792956981 3.071632792956981 3.071632792956981 3.071632792956981 3.071632792956981 3.071632792956981 3.071632792956981 3.071632792956981 3.071632792956981 3.071632792956981 3.071632792956981 3.071632792956981
14.773869346733667 3.1526908784467658 3.1526908784467658 3.1526908784467658 3.1526908784467658 3.1526908784467658 3.1526908784467658 3.1526908784467658 3.1526908784467658 3.1526908784467658 3.1526908784467658 3.1526908784467658 3.1526908784467658 3.1526908784467658
14.849246231155778 3.2337489639365504 3.2337489639365504 3.2337489639365504 3.2337489639365504 3.2337489639365504 3.2337489639365504 3.2337489639365504 3.2337489639365504 3.2337489639365504 3.2337489639365504 3.2337489639365504 3.2337489639365504 3.2337489639365504
14.924623115577887 3.314807049426335 3.314807049426335 3.314807049426335 3.314807049426335 3.314807049426335 3.314807049426335 3.314807049426335 3.314807049426335 3.314807049426335 3.314807049426335 3.314807049426335 3.314807049426335 3.314807049426335
15.0 3.3958651349161215 3.3958651349161215 3.3958651349161215 3.3958651349161215 3.3958651349161215 3.3958651349161215 3.3958651349161215 3.3958651349161215 3.3958651349161215 3.3958651349161215 3.3958651349161215 3.3958651349161215 3.3958651349161215
