web/models/linear/10/-12_735_0_143.dat
# %ECSV 1.0
# ---
# datatype:
# - {name: time, datatype: float64}
# - {name: sdss_u, datatype: float64}
# - {name: sdss_g, datatype: float64}
# - {name: sdss_r, datatype: float64}
# - {name: sdss_i, datatype: float64}
# - {name: sdss_z, datatype: float64}
# - {name: Clear, datatype: float64}
# - {name: johnson_B, datatype: float64}
# - {name: johnson_V, datatype: float64}
# - {name: johnson_R, datatype: float64}
# - {name: johnson_I, datatype: float64}
# - {name: ukirt_J, datatype: float64}
# - {name: ukirt_H, datatype: float64}
# - {name: ukirt_K, datatype: float64}
# meta: !!omap
# - comment: [M=-12.73469387755102, dM=0.14314450828613579]
# schema: astropy-2.0
time sdss_u sdss_g sdss_r sdss_i sdss_z Clear johnson_B johnson_V johnson_R johnson_I ukirt_J ukirt_H ukirt_K
[from data line 58]
4.371859296482412 -12.108886228259873 -12.108886228259873 -12.108886228259873 -12.108886228259873 -12.108886228259873 -12.108886228259873 -12.108886228259873 -12.108886228259873 -12.108886228259873 -12.108886228259873 -12.108886228259873 -12.108886228259873 -12.108886228259873
4.447236180904522 -12.09809644120313 -12.09809644120313 -12.09809644120313 -12.09809644120313 -12.09809644120313 -12.09809644120313 -12.09809644120313 -12.09809644120313 -12.09809644120313 -12.09809644120313 -12.09809644120313 -12.09809644120313 -12.09809644120313
4.522613065326633 -12.087306654146387 -12.087306654146387 -12.087306654146387 -12.087306654146387 -12.087306654146387 -12.087306654146387 -12.087306654146387 -12.087306654146387 -12.087306654146387 -12.087306654146387 -12.087306654146387 -12.087306654146387 -12.087306654146387
4.597989949748744 -12.076516867089643 -12.076516867089643 -12.076516867089643 -12.076516867089643 -12.076516867089643 -12.076516867089643 -12.076516867089643 -12.076516867089643 -12.076516867089643 -12.076516867089643 -12.076516867089643 -12.076516867089643 -12.076516867089643
4.673366834170854 -12.065727080032898 -12.065727080032898 -12.065727080032898 -12.065727080032898 -12.065727080032898 -12.065727080032898 -12.065727080032898 -12.065727080032898 -12.065727080032898 -12.065727080032898 -12.065727080032898 -12.065727080032898 -12.065727080032898
4.748743718592964 -12.054937292976154 -12.054937292976154 -12.054937292976154 -12.054937292976154 -12.054937292976154 -12.054937292976154 -12.054937292976154 -12.054937292976154 -12.054937292976154 -12.054937292976154 -12.054937292976154 -12.054937292976154 -12.054937292976154
4.824120603015075 -12.04414750591941 -12.04414750591941 -12.04414750591941 -12.04414750591941 -12.04414750591941 -12.04414750591941 -12.04414750591941 -12.04414750591941 -12.04414750591941 -12.04414750591941 -12.04414750591941 -12.04414750591941 -12.04414750591941
4.899497487437186 -12.033357718862666 -12.033357718862666 -12.033357718862666 -12.033357718862666 -12.033357718862666 -12.033357718862666 -12.033357718862666 -12.033357718862666 -12.033357718862666 -12.033357718862666 -12.033357718862666 -12.033357718862666 -12.033357718862666
4.974874371859296 -12.022567931805924 -12.022567931805924 -12.022567931805924 -12.022567931805924 -12.022567931805924 -12.022567931805924 -12.022567931805924 -12.022567931805924 -12.022567931805924 -12.022567931805924 -12.022567931805924 -12.022567931805924 -12.022567931805924
5.050251256281406 -12.01177814474918 -12.01177814474918 -12.01177814474918 -12.01177814474918 -12.01177814474918 -12.01177814474918 -12.01177814474918 -12.01177814474918 -12.01177814474918 -12.01177814474918 -12.01177814474918 -12.01177814474918 -12.01177814474918
5.125628140703517 -12.000988357692435 -12.000988357692435 -12.000988357692435 -12.000988357692435 -12.000988357692435 -12.000988357692435 -12.000988357692435 -12.000988357692435 -12.000988357692435 -12.000988357692435 -12.000988357692435 -12.000988357692435 -12.000988357692435
5.201005025125628 -11.990198570635691 -11.990198570635691 -11.990198570635691 -11.990198570635691 -11.990198570635691 -11.990198570635691 -11.990198570635691 -11.990198570635691 -11.990198570635691 -11.990198570635691 -11.990198570635691 -11.990198570635691 -11.990198570635691
5.276381909547738 -11.979408783578947 -11.979408783578947 -11.979408783578947 -11.979408783578947 -11.979408783578947 -11.979408783578947 -11.979408783578947 -11.979408783578947 -11.979408783578947 -11.979408783578947 -11.979408783578947 -11.979408783578947 -11.979408783578947
5.351758793969848 -11.968618996522203 -11.968618996522203 -11.968618996522203 -11.968618996522203 -11.968618996522203 -11.968618996522203 -11.968618996522203 -11.968618996522203 -11.968618996522203 -11.968618996522203 -11.968618996522203 -11.968618996522203 -11.968618996522203
5.427135678391959 -11.957829209465459 -11.957829209465459 -11.957829209465459 -11.957829209465459 -11.957829209465459 -11.957829209465459 -11.957829209465459 -11.957829209465459 -11.957829209465459 -11.957829209465459 -11.957829209465459 -11.957829209465459 -11.957829209465459
5.50251256281407 -11.947039422408716 -11.947039422408716 -11.947039422408716 -11.947039422408716 -11.947039422408716 -11.947039422408716 -11.947039422408716 -11.947039422408716 -11.947039422408716 -11.947039422408716 -11.947039422408716 -11.947039422408716 -11.947039422408716
5.57788944723618 -11.936249635351972 -11.936249635351972 -11.936249635351972 -11.936249635351972 -11.936249635351972 -11.936249635351972 -11.936249635351972 -11.936249635351972 -11.936249635351972 -11.936249635351972 -11.936249635351972 -11.936249635351972 -11.936249635351972
5.6532663316582905 -11.925459848295228 -11.925459848295228 -11.925459848295228 -11.925459848295228 -11.925459848295228 -11.925459848295228 -11.925459848295228 -11.925459848295228 -11.925459848295228 -11.925459848295228 -11.925459848295228 -11.925459848295228 -11.925459848295228
5.7286432160804015 -11.914670061238484 -11.914670061238484 -11.914670061238484 -11.914670061238484 -11.914670061238484 -11.914670061238484 -11.914670061238484 -11.914670061238484 -11.914670061238484 -11.914670061238484 -11.914670061238484 -11.914670061238484 -11.914670061238484
5.8040201005025125 -11.90388027418174 -11.90388027418174 -11.90388027418174 -11.90388027418174 -11.90388027418174 -11.90388027418174 -11.90388027418174 -11.90388027418174 -11.90388027418174 -11.90388027418174 -11.90388027418174 -11.90388027418174 -11.90388027418174
5.879396984924623 -11.893090487124995 -11.893090487124995 -11.893090487124995 -11.893090487124995 -11.893090487124995 -11.893090487124995 -11.893090487124995 -11.893090487124995 -11.893090487124995 -11.893090487124995 -11.893090487124995 -11.893090487124995 -11.893090487124995
5.954773869346733 -11.882300700068253 -11.882300700068253 -11.882300700068253 -11.882300700068253 -11.882300700068253 -11.882300700068253 -11.882300700068253 -11.882300700068253 -11.882300700068253 -11.882300700068253 -11.882300700068253 -11.882300700068253 -11.882300700068253
6.030150753768844 -11.871510913011509 -11.871510913011509 -11.871510913011509 -11.871510913011509 -11.871510913011509 -11.871510913011509 -11.871510913011509 -11.871510913011509 -11.871510913011509 -11.871510913011509 -11.871510913011509 -11.871510913011509 -11.871510913011509
6.105527638190955 -11.860721125954765 -11.860721125954765 -11.860721125954765 -11.860721125954765 -11.860721125954765 -11.860721125954765 -11.860721125954765 -11.860721125954765 -11.860721125954765 -11.860721125954765 -11.860721125954765 -11.860721125954765 -11.860721125954765
6.180904522613065 -11.84993133889802 -11.84993133889802 -11.84993133889802 -11.84993133889802 -11.84993133889802 -11.84993133889802 -11.84993133889802 -11.84993133889802 -11.84993133889802 -11.84993133889802 -11.84993133889802 -11.84993133889802 -11.84993133889802
6.256281407035175 -11.839141551841276 -11.839141551841276 -11.839141551841276 -11.839141551841276 -11.839141551841276 -11.839141551841276 -11.839141551841276 -11.839141551841276 -11.839141551841276 -11.839141551841276 -11.839141551841276 -11.839141551841276 -11.839141551841276
6.331658291457286 -11.828351764784532 -11.828351764784532 -11.828351764784532 -11.828351764784532 -11.828351764784532 -11.828351764784532 -11.828351764784532 -11.828351764784532 -11.828351764784532 -11.828351764784532 -11.828351764784532 -11.828351764784532 -11.828351764784532
6.407035175879397 -11.817561977727788 -11.817561977727788 -11.817561977727788 -11.817561977727788 -11.817561977727788 -11.817561977727788 -11.817561977727788 -11.817561977727788 -11.817561977727788 -11.817561977727788 -11.817561977727788 -11.817561977727788 -11.817561977727788
6.482412060301507 -11.806772190671044 -11.806772190671044 -11.806772190671044 -11.806772190671044 -11.806772190671044 -11.806772190671044 -11.806772190671044 -11.806772190671044 -11.806772190671044 -11.806772190671044 -11.806772190671044 -11.806772190671044 -11.806772190671044
6.557788944723617 -11.795982403614302 -11.795982403614302 -11.795982403614302 -11.795982403614302 -11.795982403614302 -11.795982403614302 -11.795982403614302 -11.795982403614302 -11.795982403614302 -11.795982403614302 -11.795982403614302 -11.795982403614302 -11.795982403614302
6.633165829145728 -11.785192616557557 -11.785192616557557 -11.785192616557557 -11.785192616557557 -11.785192616557557 -11.785192616557557 -11.785192616557557 -11.785192616557557 -11.785192616557557 -11.785192616557557 -11.785192616557557 -11.785192616557557 -11.785192616557557
6.708542713567839 -11.774402829500813 -11.774402829500813 -11.774402829500813 -11.774402829500813 -11.774402829500813 -11.774402829500813 -11.774402829500813 -11.774402829500813 -11.774402829500813 -11.774402829500813 -11.774402829500813 -11.774402829500813 -11.774402829500813
6.783919597989949 -11.763613042444069 -11.763613042444069 -11.763613042444069 -11.763613042444069 -11.763613042444069 -11.763613042444069 -11.763613042444069 -11.763613042444069 -11.763613042444069 -11.763613042444069 -11.763613042444069 -11.763613042444069 -11.763613042444069
6.859296482412059 -11.752823255387325 -11.752823255387325 -11.752823255387325 -11.752823255387325 -11.752823255387325 -11.752823255387325 -11.752823255387325 -11.752823255387325 -11.752823255387325 -11.752823255387325 -11.752823255387325 -11.752823255387325 -11.752823255387325
6.93467336683417 -11.74203346833058 -11.74203346833058 -11.74203346833058 -11.74203346833058 -11.74203346833058 -11.74203346833058 -11.74203346833058 -11.74203346833058 -11.74203346833058 -11.74203346833058 -11.74203346833058 -11.74203346833058 -11.74203346833058
7.010050251256281 -11.731243681273838 -11.731243681273838 -11.731243681273838 -11.731243681273838 -11.731243681273838 -11.731243681273838 -11.731243681273838 -11.731243681273838 -11.731243681273838 -11.731243681273838 -11.731243681273838 -11.731243681273838 -11.731243681273838
7.085427135678391 -11.720453894217094 -11.720453894217094 -11.720453894217094 -11.720453894217094 -11.720453894217094 -11.720453894217094 -11.720453894217094 -11.720453894217094 -11.720453894217094 -11.720453894217094 -11.720453894217094 -11.720453894217094 -11.720453894217094
7.160804020100501 -11.70966410716035 -11.70966410716035 -11.70966410716035 -11.70966410716035 -11.70966410716035 -11.70966410716035 -11.70966410716035 -11.70966410716035 -11.70966410716035 -11.70966410716035 -11.70966410716035 -11.70966410716035 -11.70966410716035
7.236180904522612 -11.698874320103606 -11.698874320103606 -11.698874320103606 -11.698874320103606 -11.698874320103606 -11.698874320103606 -11.698874320103606 -11.698874320103606 -11.698874320103606 -11.698874320103606 -11.698874320103606 -11.698874320103606 -11.698874320103606
7.311557788944723 -11.688084533046862 -11.688084533046862 -11.688084533046862 -11.688084533046862 -11.688084533046862 -11.688084533046862 -11.688084533046862 -11.688084533046862 -11.688084533046862 -11.688084533046862 -11.688084533046862 -11.688084533046862 -11.688084533046862
7.3869346733668335 -11.677294745990118 -11.677294745990118 -11.677294745990118 -11.677294745990118 -11.677294745990118 -11.677294745990118 -11.677294745990118 -11.677294745990118 -11.677294745990118 -11.677294745990118 -11.677294745990118 -11.677294745990118 -11.677294745990118
7.462311557788944 -11.666504958933373 -11.666504958933373 -11.666504958933373 -11.666504958933373 -11.666504958933373 -11.666504958933373 -11.666504958933373 -11.666504958933373 -11.666504958933373 -11.666504958933373 -11.666504958933373 -11.666504958933373 -11.666504958933373
7.537688442211055 -11.65571517187663 -11.65571517187663 -11.65571517187663 -11.65571517187663 -11.65571517187663 -11.65571517187663 -11.65571517187663 -11.65571517187663 -11.65571517187663 -11.65571517187663 -11.65571517187663 -11.65571517187663 -11.65571517187663
7.613065326633166 -11.644925384819887 -11.644925384819887 -11.644925384819887 -11.644925384819887 -11.644925384819887 -11.644925384819887 -11.644925384819887 -11.644925384819887 -11.644925384819887 -11.644925384819887 -11.644925384819887 -11.644925384819887 -11.644925384819887
7.688442211055276 -11.634135597763143 -11.634135597763143 -11.634135597763143 -11.634135597763143 -11.634135597763143 -11.634135597763143 -11.634135597763143 -11.634135597763143 -11.634135597763143 -11.634135597763143 -11.634135597763143 -11.634135597763143 -11.634135597763143
7.763819095477386 -11.623345810706398 -11.623345810706398 -11.623345810706398 -11.623345810706398 -11.623345810706398 -11.623345810706398 -11.623345810706398 -11.623345810706398 -11.623345810706398 -11.623345810706398 -11.623345810706398 -11.623345810706398 -11.623345810706398
7.839195979899497 -11.612556023649654 -11.612556023649654 -11.612556023649654 -11.612556023649654 -11.612556023649654 -11.612556023649654 -11.612556023649654 -11.612556023649654 -11.612556023649654 -11.612556023649654 -11.612556023649654 -11.612556023649654 -11.612556023649654
7.914572864321608 -11.60176623659291 -11.60176623659291 -11.60176623659291 -11.60176623659291 -11.60176623659291 -11.60176623659291 -11.60176623659291 -11.60176623659291 -11.60176623659291 -11.60176623659291 -11.60176623659291 -11.60176623659291 -11.60176623659291
7.989949748743718 -11.590976449536166 -11.590976449536166 -11.590976449536166 -11.590976449536166 -11.590976449536166 -11.590976449536166 -11.590976449536166 -11.590976449536166 -11.590976449536166 -11.590976449536166 -11.590976449536166 -11.590976449536166 -11.590976449536166
8.065326633165828 -11.580186662479424 -11.580186662479424 -11.580186662479424 -11.580186662479424 -11.580186662479424 -11.580186662479424 -11.580186662479424 -11.580186662479424 -11.580186662479424 -11.580186662479424 -11.580186662479424 -11.580186662479424 -11.580186662479424
8.140703517587939 -11.56939687542268 -11.56939687542268 -11.56939687542268 -11.56939687542268 -11.56939687542268 -11.56939687542268 -11.56939687542268 -11.56939687542268 -11.56939687542268 -11.56939687542268 -11.56939687542268 -11.56939687542268 -11.56939687542268
8.21608040201005 -11.558607088365935 -11.558607088365935 -11.558607088365935 -11.558607088365935 -11.558607088365935 -11.558607088365935 -11.558607088365935 -11.558607088365935 -11.558607088365935 -11.558607088365935 -11.558607088365935 -11.558607088365935 -11.558607088365935
8.29145728643216 -11.547817301309191 -11.547817301309191 -11.547817301309191 -11.547817301309191 -11.547817301309191 -11.547817301309191 -11.547817301309191 -11.547817301309191 -11.547817301309191 -11.547817301309191 -11.547817301309191 -11.547817301309191 -11.547817301309191
8.36683417085427 -11.537027514252447 -11.537027514252447 -11.537027514252447 -11.537027514252447 -11.537027514252447 -11.537027514252447 -11.537027514252447 -11.537027514252447 -11.537027514252447 -11.537027514252447 -11.537027514252447 -11.537027514252447 -11.537027514252447
8.442211055276381 -11.526237727195703 -11.526237727195703 -11.526237727195703 -11.526237727195703 -11.526237727195703 -11.526237727195703 -11.526237727195703 -11.526237727195703 -11.526237727195703 -11.526237727195703 -11.526237727195703 -11.526237727195703 -11.526237727195703
8.517587939698492 -11.515447940138959 -11.515447940138959 -11.515447940138959 -11.515447940138959 -11.515447940138959 -11.515447940138959 -11.515447940138959 -11.515447940138959 -11.515447940138959 -11.515447940138959 -11.515447940138959 -11.515447940138959 -11.515447940138959
8.592964824120603 -11.504658153082215 -11.504658153082215 -11.504658153082215 -11.504658153082215 -11.504658153082215 -11.504658153082215 -11.504658153082215 -11.504658153082215 -11.504658153082215 -11.504658153082215 -11.504658153082215 -11.504658153082215 -11.504658153082215
