web/models/linear/10/-12_735_0_495.dat
# %ECSV 1.0
# ---
# datatype:
# - {name: time, datatype: float64}
# - {name: swift_uvot_uvw2, datatype: float64}
# - {name: swift_uvot_uvm2, datatype: float64}
# - {name: swift_uvot_uvw1, datatype: float64}
# - {name: swift_uvot_U, datatype: float64}
# - {name: swift_uvot_B, datatype: float64}
# - {name: swift_uvot_V, datatype: float64}
# - {name: swift_uvot_W, datatype: float64}
# - {name: johnson_U, datatype: float64}
# - {name: johnson_B, datatype: float64}
# - {name: johnson_V, datatype: float64}
# - {name: johnson_R, datatype: float64}
# - {name: johnson_I, datatype: float64}
# - {name: sdss_u, datatype: float64}
# - {name: sdss_g, datatype: float64}
# - {name: sdss_r, datatype: float64}
# - {name: sdss_i, datatype: float64}
# - {name: sdss_z, datatype: float64}
# - {name: PS1_g, datatype: float64}
# - {name: PS1_r, datatype: float64}
# - {name: PS1_i, datatype: float64}
# - {name: PS1_z, datatype: float64}
# - {name: PS1_Y, datatype: float64}
# - {name: PS1_w, datatype: float64}
# - {name: ATLAS_c, datatype: float64}
# - {name: ATLAS_o, datatype: float64}
# - {name: ukirt_J, datatype: float64}
# - {name: ukirt_H, datatype: float64}
# - {name: ukirt_K, datatype: float64}
# - {name: Clear, datatype: float64}
# meta: !!omap
# - comment: [M=-12.73469387755102, dM=0.4951289998230568]
# schema: astropy-2.0
time swift_uvot_uvw2 swift_uvot_uvm2 swift_uvot_uvw1 swift_uvot_U swift_uvot_B swift_uvot_V swift_uvot_W johnson_U johnson_B johnson_V johnson_R johnson_I sdss_u sdss_g sdss_r sdss_i sdss_z PS1_g PS1_r PS1_i PS1_z PS1_Y PS1_w ATLAS_c ATLAS_o ukirt_J ukirt_H ukirt_K Clear
[from data line 110]
8.29145728643216 -8.62935292424427 -8.62935292424427 -8.62935292424427 -8.62935292424427 -8.62935292424427 -8.62935292424427 -8.62935292424427 -8.62935292424427 -8.62935292424427 -8.62935292424427 -8.62935292424427 -8.62935292424427 -8.62935292424427 -8.62935292424427 -8.62935292424427 -8.62935292424427 -8.62935292424427 -8.62935292424427 -8.62935292424427 -8.62935292424427 -8.62935292424427 -8.62935292424427 -8.62935292424427 -8.62935292424427 -8.62935292424427 -8.62935292424427 -8.62935292424427 -8.62935292424427 -8.62935292424427
8.36683417085427 -8.592031642850571 -8.592031642850571 -8.592031642850571 -8.592031642850571 -8.592031642850571 -8.592031642850571 -8.592031642850571 -8.592031642850571 -8.592031642850571 -8.592031642850571 -8.592031642850571 -8.592031642850571 -8.592031642850571 -8.592031642850571 -8.592031642850571 -8.592031642850571 -8.592031642850571 -8.592031642850571 -8.592031642850571 -8.592031642850571 -8.592031642850571 -8.592031642850571 -8.592031642850571 -8.592031642850571 -8.592031642850571 -8.592031642850571 -8.592031642850571 -8.592031642850571 -8.592031642850571
8.442211055276381 -8.554710361456873 -8.554710361456873 -8.554710361456873 -8.554710361456873 -8.554710361456873 -8.554710361456873 -8.554710361456873 -8.554710361456873 -8.554710361456873 -8.554710361456873 -8.554710361456873 -8.554710361456873 -8.554710361456873 -8.554710361456873 -8.554710361456873 -8.554710361456873 -8.554710361456873 -8.554710361456873 -8.554710361456873 -8.554710361456873 -8.554710361456873 -8.554710361456873 -8.554710361456873 -8.554710361456873 -8.554710361456873 -8.554710361456873 -8.554710361456873 -8.554710361456873 -8.554710361456873
8.517587939698492 -8.517389080063175 -8.517389080063175 -8.517389080063175 -8.517389080063175 -8.517389080063175 -8.517389080063175 -8.517389080063175 -8.517389080063175 -8.517389080063175 -8.517389080063175 -8.517389080063175 -8.517389080063175 -8.517389080063175 -8.517389080063175 -8.517389080063175 -8.517389080063175 -8.517389080063175 -8.517389080063175 -8.517389080063175 -8.517389080063175 -8.517389080063175 -8.517389080063175 -8.517389080063175 -8.517389080063175 -8.517389080063175 -8.517389080063175 -8.517389080063175 -8.517389080063175 -8.517389080063175
8.592964824120603 -8.480067798669477 -8.480067798669477 -8.480067798669477 -8.480067798669477 -8.480067798669477 -8.480067798669477 -8.480067798669477 -8.480067798669477 -8.480067798669477 -8.480067798669477 -8.480067798669477 -8.480067798669477 -8.480067798669477 -8.480067798669477 -8.480067798669477 -8.480067798669477 -8.480067798669477 -8.480067798669477 -8.480067798669477 -8.480067798669477 -8.480067798669477 -8.480067798669477 -8.480067798669477 -8.480067798669477 -8.480067798669477 -8.480067798669477 -8.480067798669477 -8.480067798669477 -8.480067798669477
8.668341708542712 -8.44274651727578 -8.44274651727578 -8.44274651727578 -8.44274651727578 -8.44274651727578 -8.44274651727578 -8.44274651727578 -8.44274651727578 -8.44274651727578 -8.44274651727578 -8.44274651727578 -8.44274651727578 -8.44274651727578 -8.44274651727578 -8.44274651727578 -8.44274651727578 -8.44274651727578 -8.44274651727578 -8.44274651727578 -8.44274651727578 -8.44274651727578 -8.44274651727578 -8.44274651727578 -8.44274651727578 -8.44274651727578 -8.44274651727578 -8.44274651727578 -8.44274651727578 -8.44274651727578
8.743718592964823 -8.405425235882081 -8.405425235882081 -8.405425235882081 -8.405425235882081 -8.405425235882081 -8.405425235882081 -8.405425235882081 -8.405425235882081 -8.405425235882081 -8.405425235882081 -8.405425235882081 -8.405425235882081 -8.405425235882081 -8.405425235882081 -8.405425235882081 -8.405425235882081 -8.405425235882081 -8.405425235882081 -8.405425235882081 -8.405425235882081 -8.405425235882081 -8.405425235882081 -8.405425235882081 -8.405425235882081 -8.405425235882081 -8.405425235882081 -8.405425235882081 -8.405425235882081 -8.405425235882081
8.819095477386934 -8.368103954488383 -8.368103954488383 -8.368103954488383 -8.368103954488383 -8.368103954488383 -8.368103954488383 -8.368103954488383 -8.368103954488383 -8.368103954488383 -8.368103954488383 -8.368103954488383 -8.368103954488383 -8.368103954488383 -8.368103954488383 -8.368103954488383 -8.368103954488383 -8.368103954488383 -8.368103954488383 -8.368103954488383 -8.368103954488383 -8.368103954488383 -8.368103954488383 -8.368103954488383 -8.368103954488383 -8.368103954488383 -8.368103954488383 -8.368103954488383 -8.368103954488383 -8.368103954488383
8.894472361809044 -8.330782673094687 -8.330782673094687 -8.330782673094687 -8.330782673094687 -8.330782673094687 -8.330782673094687 -8.330782673094687 -8.330782673094687 -8.330782673094687 -8.330782673094687 -8.330782673094687 -8.330782673094687 -8.330782673094687 -8.330782673094687 -8.330782673094687 -8.330782673094687 -8.330782673094687 -8.330782673094687 -8.330782673094687 -8.330782673094687 -8.330782673094687 -8.330782673094687 -8.330782673094687 -8.330782673094687 -8.330782673094687 -8.330782673094687 -8.330782673094687 -8.330782673094687 -8.330782673094687
8.969849246231155 -8.293461391700989 -8.293461391700989 -8.293461391700989 -8.293461391700989 -8.293461391700989 -8.293461391700989 -8.293461391700989 -8.293461391700989 -8.293461391700989 -8.293461391700989 -8.293461391700989 -8.293461391700989 -8.293461391700989 -8.293461391700989 -8.293461391700989 -8.293461391700989 -8.293461391700989 -8.293461391700989 -8.293461391700989 -8.293461391700989 -8.293461391700989 -8.293461391700989 -8.293461391700989 -8.293461391700989 -8.293461391700989 -8.293461391700989 -8.293461391700989 -8.293461391700989 -8.293461391700989
9.045226130653266 -8.25614011030729 -8.25614011030729 -8.25614011030729 -8.25614011030729 -8.25614011030729 -8.25614011030729 -8.25614011030729 -8.25614011030729 -8.25614011030729 -8.25614011030729 -8.25614011030729 -8.25614011030729 -8.25614011030729 -8.25614011030729 -8.25614011030729 -8.25614011030729 -8.25614011030729 -8.25614011030729 -8.25614011030729 -8.25614011030729 -8.25614011030729 -8.25614011030729 -8.25614011030729 -8.25614011030729 -8.25614011030729 -8.25614011030729 -8.25614011030729 -8.25614011030729 -8.25614011030729
9.120603015075377 -8.218818828913593 -8.218818828913593 -8.218818828913593 -8.218818828913593 -8.218818828913593 -8.218818828913593 -8.218818828913593 -8.218818828913593 -8.218818828913593 -8.218818828913593 -8.218818828913593 -8.218818828913593 -8.218818828913593 -8.218818828913593 -8.218818828913593 -8.218818828913593 -8.218818828913593 -8.218818828913593 -8.218818828913593 -8.218818828913593 -8.218818828913593 -8.218818828913593 -8.218818828913593 -8.218818828913593 -8.218818828913593 -8.218818828913593 -8.218818828913593 -8.218818828913593 -8.218818828913593
9.195979899497488 -8.181497547519895 -8.181497547519895 -8.181497547519895 -8.181497547519895 -8.181497547519895 -8.181497547519895 -8.181497547519895 -8.181497547519895 -8.181497547519895 -8.181497547519895 -8.181497547519895 -8.181497547519895 -8.181497547519895 -8.181497547519895 -8.181497547519895 -8.181497547519895 -8.181497547519895 -8.181497547519895 -8.181497547519895 -8.181497547519895 -8.181497547519895 -8.181497547519895 -8.181497547519895 -8.181497547519895 -8.181497547519895 -8.181497547519895 -8.181497547519895 -8.181497547519895 -8.181497547519895
9.271356783919597 -8.144176266126198 -8.144176266126198 -8.144176266126198 -8.144176266126198 -8.144176266126198 -8.144176266126198 -8.144176266126198 -8.144176266126198 -8.144176266126198 -8.144176266126198 -8.144176266126198 -8.144176266126198 -8.144176266126198 -8.144176266126198 -8.144176266126198 -8.144176266126198 -8.144176266126198 -8.144176266126198 -8.144176266126198 -8.144176266126198 -8.144176266126198 -8.144176266126198 -8.144176266126198 -8.144176266126198 -8.144176266126198 -8.144176266126198 -8.144176266126198 -8.144176266126198 -8.144176266126198
9.346733668341708 -8.1068549847325 -8.1068549847325 -8.1068549847325 -8.1068549847325 -8.1068549847325 -8.1068549847325 -8.1068549847325 -8.1068549847325 -8.1068549847325 -8.1068549847325 -8.1068549847325 -8.1068549847325 -8.1068549847325 -8.1068549847325 -8.1068549847325 -8.1068549847325 -8.1068549847325 -8.1068549847325 -8.1068549847325 -8.1068549847325 -8.1068549847325 -8.1068549847325 -8.1068549847325 -8.1068549847325 -8.1068549847325 -8.1068549847325 -8.1068549847325 -8.1068549847325 -8.1068549847325
9.422110552763819 -8.069533703338802 -8.069533703338802 -8.069533703338802 -8.069533703338802 -8.069533703338802 -8.069533703338802 -8.069533703338802 -8.069533703338802 -8.069533703338802 -8.069533703338802 -8.069533703338802 -8.069533703338802 -8.069533703338802 -8.069533703338802 -8.069533703338802 -8.069533703338802 -8.069533703338802 -8.069533703338802 -8.069533703338802 -8.069533703338802 -8.069533703338802 -8.069533703338802 -8.069533703338802 -8.069533703338802 -8.069533703338802 -8.069533703338802 -8.069533703338802 -8.069533703338802 -8.069533703338802
9.497487437185928 -8.032212421945104 -8.032212421945104 -8.032212421945104 -8.032212421945104 -8.032212421945104 -8.032212421945104 -8.032212421945104 -8.032212421945104 -8.032212421945104 -8.032212421945104 -8.032212421945104 -8.032212421945104 -8.032212421945104 -8.032212421945104 -8.032212421945104 -8.032212421945104 -8.032212421945104 -8.032212421945104 -8.032212421945104 -8.032212421945104 -8.032212421945104 -8.032212421945104 -8.032212421945104 -8.032212421945104 -8.032212421945104 -8.032212421945104 -8.032212421945104 -8.032212421945104 -8.032212421945104
9.572864321608039 -7.994891140551407 -7.994891140551407 -7.994891140551407 -7.994891140551407 -7.994891140551407 -7.994891140551407 -7.994891140551407 -7.994891140551407 -7.994891140551407 -7.994891140551407 -7.994891140551407 -7.994891140551407 -7.994891140551407 -7.994891140551407 -7.994891140551407 -7.994891140551407 -7.994891140551407 -7.994891140551407 -7.994891140551407 -7.994891140551407 -7.994891140551407 -7.994891140551407 -7.994891140551407 -7.994891140551407 -7.994891140551407 -7.994891140551407 -7.994891140551407 -7.994891140551407 -7.994891140551407
9.64824120603015 -7.957569859157709 -7.957569859157709 -7.957569859157709 -7.957569859157709 -7.957569859157709 -7.957569859157709 -7.957569859157709 -7.957569859157709 -7.957569859157709 -7.957569859157709 -7.957569859157709 -7.957569859157709 -7.957569859157709 -7.957569859157709 -7.957569859157709 -7.957569859157709 -7.957569859157709 -7.957569859157709 -7.957569859157709 -7.957569859157709 -7.957569859157709 -7.957569859157709 -7.957569859157709 -7.957569859157709 -7.957569859157709 -7.957569859157709 -7.957569859157709 -7.957569859157709 -7.957569859157709
9.72361809045226 -7.920248577764011 -7.920248577764011 -7.920248577764011 -7.920248577764011 -7.920248577764011 -7.920248577764011 -7.920248577764011 -7.920248577764011 -7.920248577764011 -7.920248577764011 -7.920248577764011 -7.920248577764011 -7.920248577764011 -7.920248577764011 -7.920248577764011 -7.920248577764011 -7.920248577764011 -7.920248577764011 -7.920248577764011 -7.920248577764011 -7.920248577764011 -7.920248577764011 -7.920248577764011 -7.920248577764011 -7.920248577764011 -7.920248577764011 -7.920248577764011 -7.920248577764011 -7.920248577764011
9.798994974874372 -7.882927296370313 -7.882927296370313 -7.882927296370313 -7.882927296370313 -7.882927296370313 -7.882927296370313 -7.882927296370313 -7.882927296370313 -7.882927296370313 -7.882927296370313 -7.882927296370313 -7.882927296370313 -7.882927296370313 -7.882927296370313 -7.882927296370313 -7.882927296370313 -7.882927296370313 -7.882927296370313 -7.882927296370313 -7.882927296370313 -7.882927296370313 -7.882927296370313 -7.882927296370313 -7.882927296370313 -7.882927296370313 -7.882927296370313 -7.882927296370313 -7.882927296370313 -7.882927296370313
9.874371859296481 -7.845606014976616 -7.845606014976616 -7.845606014976616 -7.845606014976616 -7.845606014976616 -7.845606014976616 -7.845606014976616 -7.845606014976616 -7.845606014976616 -7.845606014976616 -7.845606014976616 -7.845606014976616 -7.845606014976616 -7.845606014976616 -7.845606014976616 -7.845606014976616 -7.845606014976616 -7.845606014976616 -7.845606014976616 -7.845606014976616 -7.845606014976616 -7.845606014976616 -7.845606014976616 -7.845606014976616 -7.845606014976616 -7.845606014976616 -7.845606014976616 -7.845606014976616 -7.845606014976616
9.949748743718592 -7.8082847335829175 -7.8082847335829175 -7.8082847335829175 -7.8082847335829175 -7.8082847335829175 -7.8082847335829175 -7.8082847335829175 -7.8082847335829175 -7.8082847335829175 -7.8082847335829175 -7.8082847335829175 -7.8082847335829175 -7.8082847335829175 -7.8082847335829175 -7.8082847335829175 -7.8082847335829175 -7.8082847335829175 -7.8082847335829175 -7.8082847335829175 -7.8082847335829175 -7.8082847335829175 -7.8082847335829175 -7.8082847335829175 -7.8082847335829175 -7.8082847335829175 -7.8082847335829175 -7.8082847335829175 -7.8082847335829175 -7.8082847335829175
10.025125628140703 -7.77096345218922 -7.77096345218922 -7.77096345218922 -7.77096345218922 -7.77096345218922 -7.77096345218922 -7.77096345218922 -7.77096345218922 -7.77096345218922 -7.77096345218922 -7.77096345218922 -7.77096345218922 -7.77096345218922 -7.77096345218922 -7.77096345218922 -7.77096345218922 -7.77096345218922 -7.77096345218922 -7.77096345218922 -7.77096345218922 -7.77096345218922 -7.77096345218922 -7.77096345218922 -7.77096345218922 -7.77096345218922 -7.77096345218922 -7.77096345218922 -7.77096345218922 -7.77096345218922
10.100502512562812 -7.733642170795523 -7.733642170795523 -7.733642170795523 -7.733642170795523 -7.733642170795523 -7.733642170795523 -7.733642170795523 -7.733642170795523 -7.733642170795523 -7.733642170795523 -7.733642170795523 -7.733642170795523 -7.733642170795523 -7.733642170795523 -7.733642170795523 -7.733642170795523 -7.733642170795523 -7.733642170795523 -7.733642170795523 -7.733642170795523 -7.733642170795523 -7.733642170795523 -7.733642170795523 -7.733642170795523 -7.733642170795523 -7.733642170795523 -7.733642170795523 -7.733642170795523 -7.733642170795523
10.175879396984923 -7.696320889401825 -7.696320889401825 -7.696320889401825 -7.696320889401825 -7.696320889401825 -7.696320889401825 -7.696320889401825 -7.696320889401825 -7.696320889401825 -7.696320889401825 -7.696320889401825 -7.696320889401825 -7.696320889401825 -7.696320889401825 -7.696320889401825 -7.696320889401825 -7.696320889401825 -7.696320889401825 -7.696320889401825 -7.696320889401825 -7.696320889401825 -7.696320889401825 -7.696320889401825 -7.696320889401825 -7.696320889401825 -7.696320889401825 -7.696320889401825 -7.696320889401825 -7.696320889401825
10.251256281407034 -7.658999608008127 -7.658999608008127 -7.658999608008127 -7.658999608008127 -7.658999608008127 -7.658999608008127 -7.658999608008127 -7.658999608008127 -7.658999608008127 -7.658999608008127 -7.658999608008127 -7.658999608008127 -7.658999608008127 -7.658999608008127 -7.658999608008127 -7.658999608008127 -7.658999608008127 -7.658999608008127 -7.658999608008127 -7.658999608008127 -7.658999608008127 -7.658999608008127 -7.658999608008127 -7.658999608008127 -7.658999608008127 -7.658999608008127 -7.658999608008127 -7.658999608008127 -7.658999608008127
10.326633165829145 -7.621678326614429 -7.621678326614429 -7.621678326614429 -7.621678326614429 -7.621678326614429 -7.621678326614429 -7.621678326614429 -7.621678326614429 -7.621678326614429 -7.621678326614429 -7.621678326614429 -7.621678326614429 -7.621678326614429 -7.621678326614429 -7.621678326614429 -7.621678326614429 -7.621678326614429 -7.621678326614429 -7.621678326614429 -7.621678326614429 -7.621678326614429 -7.621678326614429 -7.621678326614429 -7.621678326614429 -7.621678326614429 -7.621678326614429 -7.621678326614429 -7.621678326614429 -7.621678326614429
