web/models/linear/10/-12_735_0_266.dat
# %ECSV 1.0
# ---
# datatype:
# - {name: time, datatype: float64}
# - {name: swift_uvot_uvw2, datatype: float64}
# - {name: swift_uvot_uvm2, datatype: float64}
# - {name: swift_uvot_uvw1, datatype: float64}
# - {name: swift_uvot_U, datatype: float64}
# - {name: swift_uvot_B, datatype: float64}
# - {name: swift_uvot_V, datatype: float64}
# - {name: swift_uvot_W, datatype: float64}
# - {name: johnson_U, datatype: float64}
# - {name: johnson_B, datatype: float64}
# - {name: johnson_V, datatype: float64}
# - {name: johnson_R, datatype: float64}
# - {name: johnson_I, datatype: float64}
# - {name: sdss_u, datatype: float64}
# - {name: sdss_g, datatype: float64}
# - {name: sdss_r, datatype: float64}
# - {name: sdss_i, datatype: float64}
# - {name: sdss_z, datatype: float64}
# - {name: PS1_g, datatype: float64}
# - {name: PS1_r, datatype: float64}
# - {name: PS1_i, datatype: float64}
# - {name: PS1_z, datatype: float64}
# - {name: PS1_Y, datatype: float64}
# - {name: PS1_w, datatype: float64}
# - {name: ATLAS_c, datatype: float64}
# - {name: ATLAS_o, datatype: float64}
# - {name: ukirt_J, datatype: float64}
# - {name: ukirt_H, datatype: float64}
# - {name: ukirt_K, datatype: float64}
# - {name: Clear, datatype: float64}
# meta: !!omap
# - comment: [M=-12.73469387755102, dM=0.26622358501432164]
# schema: astropy-2.0
time swift_uvot_uvw2 swift_uvot_uvm2 swift_uvot_uvw1 swift_uvot_U swift_uvot_B swift_uvot_V swift_uvot_W johnson_U johnson_B johnson_V johnson_R johnson_I sdss_u sdss_g sdss_r sdss_i sdss_z PS1_g PS1_r PS1_i PS1_z PS1_Y PS1_w ATLAS_c ATLAS_o ukirt_J ukirt_H ukirt_K Clear
[from data line 135]
10.175879396984923 -10.02563478381232 -10.02563478381232 -10.02563478381232 -10.02563478381232 -10.02563478381232 -10.02563478381232 -10.02563478381232 -10.02563478381232 -10.02563478381232 -10.02563478381232 -10.02563478381232 -10.02563478381232 -10.02563478381232 -10.02563478381232 -10.02563478381232 -10.02563478381232 -10.02563478381232 -10.02563478381232 -10.02563478381232 -10.02563478381232 -10.02563478381232 -10.02563478381232 -10.02563478381232 -10.02563478381232 -10.02563478381232 -10.02563478381232 -10.02563478381232 -10.02563478381232 -10.02563478381232
10.251256281407034 -10.005567679414256 -10.005567679414256 -10.005567679414256 -10.005567679414256 -10.005567679414256 -10.005567679414256 -10.005567679414256 -10.005567679414256 -10.005567679414256 -10.005567679414256 -10.005567679414256 -10.005567679414256 -10.005567679414256 -10.005567679414256 -10.005567679414256 -10.005567679414256 -10.005567679414256 -10.005567679414256 -10.005567679414256 -10.005567679414256 -10.005567679414256 -10.005567679414256 -10.005567679414256 -10.005567679414256 -10.005567679414256 -10.005567679414256 -10.005567679414256 -10.005567679414256 -10.005567679414256
10.326633165829145 -9.985500575016191 -9.985500575016191 -9.985500575016191 -9.985500575016191 -9.985500575016191 -9.985500575016191 -9.985500575016191 -9.985500575016191 -9.985500575016191 -9.985500575016191 -9.985500575016191 -9.985500575016191 -9.985500575016191 -9.985500575016191 -9.985500575016191 -9.985500575016191 -9.985500575016191 -9.985500575016191 -9.985500575016191 -9.985500575016191 -9.985500575016191 -9.985500575016191 -9.985500575016191 -9.985500575016191 -9.985500575016191 -9.985500575016191 -9.985500575016191 -9.985500575016191 -9.985500575016191
10.402010050251256 -9.965433470618127 -9.965433470618127 -9.965433470618127 -9.965433470618127 -9.965433470618127 -9.965433470618127 -9.965433470618127 -9.965433470618127 -9.965433470618127 -9.965433470618127 -9.965433470618127 -9.965433470618127 -9.965433470618127 -9.965433470618127 -9.965433470618127 -9.965433470618127 -9.965433470618127 -9.965433470618127 -9.965433470618127 -9.965433470618127 -9.965433470618127 -9.965433470618127 -9.965433470618127 -9.965433470618127 -9.965433470618127 -9.965433470618127 -9.965433470618127 -9.965433470618127 -9.965433470618127
10.477386934673365 -9.945366366220062 -9.945366366220062 -9.945366366220062 -9.945366366220062 -9.945366366220062 -9.945366366220062 -9.945366366220062 -9.945366366220062 -9.945366366220062 -9.945366366220062 -9.945366366220062 -9.945366366220062 -9.945366366220062 -9.945366366220062 -9.945366366220062 -9.945366366220062 -9.945366366220062 -9.945366366220062 -9.945366366220062 -9.945366366220062 -9.945366366220062 -9.945366366220062 -9.945366366220062 -9.945366366220062 -9.945366366220062 -9.945366366220062 -9.945366366220062 -9.945366366220062 -9.945366366220062
10.552763819095476 -9.925299261821998 -9.925299261821998 -9.925299261821998 -9.925299261821998 -9.925299261821998 -9.925299261821998 -9.925299261821998 -9.925299261821998 -9.925299261821998 -9.925299261821998 -9.925299261821998 -9.925299261821998 -9.925299261821998 -9.925299261821998 -9.925299261821998 -9.925299261821998 -9.925299261821998 -9.925299261821998 -9.925299261821998 -9.925299261821998 -9.925299261821998 -9.925299261821998 -9.925299261821998 -9.925299261821998 -9.925299261821998 -9.925299261821998 -9.925299261821998 -9.925299261821998 -9.925299261821998
10.628140703517587 -9.905232157423933 -9.905232157423933 -9.905232157423933 -9.905232157423933 -9.905232157423933 -9.905232157423933 -9.905232157423933 -9.905232157423933 -9.905232157423933 -9.905232157423933 -9.905232157423933 -9.905232157423933 -9.905232157423933 -9.905232157423933 -9.905232157423933 -9.905232157423933 -9.905232157423933 -9.905232157423933 -9.905232157423933 -9.905232157423933 -9.905232157423933 -9.905232157423933 -9.905232157423933 -9.905232157423933 -9.905232157423933 -9.905232157423933 -9.905232157423933 -9.905232157423933 -9.905232157423933
10.703517587939697 -9.885165053025869 -9.885165053025869 -9.885165053025869 -9.885165053025869 -9.885165053025869 -9.885165053025869 -9.885165053025869 -9.885165053025869 -9.885165053025869 -9.885165053025869 -9.885165053025869 -9.885165053025869 -9.885165053025869 -9.885165053025869 -9.885165053025869 -9.885165053025869 -9.885165053025869 -9.885165053025869 -9.885165053025869 -9.885165053025869 -9.885165053025869 -9.885165053025869 -9.885165053025869 -9.885165053025869 -9.885165053025869 -9.885165053025869 -9.885165053025869 -9.885165053025869 -9.885165053025869
10.778894472361808 -9.865097948627806 -9.865097948627806 -9.865097948627806 -9.865097948627806 -9.865097948627806 -9.865097948627806 -9.865097948627806 -9.865097948627806 -9.865097948627806 -9.865097948627806 -9.865097948627806 -9.865097948627806 -9.865097948627806 -9.865097948627806 -9.865097948627806 -9.865097948627806 -9.865097948627806 -9.865097948627806 -9.865097948627806 -9.865097948627806 -9.865097948627806 -9.865097948627806 -9.865097948627806 -9.865097948627806 -9.865097948627806 -9.865097948627806 -9.865097948627806 -9.865097948627806 -9.865097948627806
10.854271356783919 -9.84503084422974 -9.84503084422974 -9.84503084422974 -9.84503084422974 -9.84503084422974 -9.84503084422974 -9.84503084422974 -9.84503084422974 -9.84503084422974 -9.84503084422974 -9.84503084422974 -9.84503084422974 -9.84503084422974 -9.84503084422974 -9.84503084422974 -9.84503084422974 -9.84503084422974 -9.84503084422974 -9.84503084422974 -9.84503084422974 -9.84503084422974 -9.84503084422974 -9.84503084422974 -9.84503084422974 -9.84503084422974 -9.84503084422974 -9.84503084422974 -9.84503084422974 -9.84503084422974
10.92964824120603 -9.824963739831675 -9.824963739831675 -9.824963739831675 -9.824963739831675 -9.824963739831675 -9.824963739831675 -9.824963739831675 -9.824963739831675 -9.824963739831675 -9.824963739831675 -9.824963739831675 -9.824963739831675 -9.824963739831675 -9.824963739831675 -9.824963739831675 -9.824963739831675 -9.824963739831675 -9.824963739831675 -9.824963739831675 -9.824963739831675 -9.824963739831675 -9.824963739831675 -9.824963739831675 -9.824963739831675 -9.824963739831675 -9.824963739831675 -9.824963739831675 -9.824963739831675 -9.824963739831675
11.00502512562814 -9.804896635433611 -9.804896635433611 -9.804896635433611 -9.804896635433611 -9.804896635433611 -9.804896635433611 -9.804896635433611 -9.804896635433611 -9.804896635433611 -9.804896635433611 -9.804896635433611 -9.804896635433611 -9.804896635433611 -9.804896635433611 -9.804896635433611 -9.804896635433611 -9.804896635433611 -9.804896635433611 -9.804896635433611 -9.804896635433611 -9.804896635433611 -9.804896635433611 -9.804896635433611 -9.804896635433611 -9.804896635433611 -9.804896635433611 -9.804896635433611 -9.804896635433611 -9.804896635433611
11.08040201005025 -9.784829531035548 -9.784829531035548 -9.784829531035548 -9.784829531035548 -9.784829531035548 -9.784829531035548 -9.784829531035548 -9.784829531035548 -9.784829531035548 -9.784829531035548 -9.784829531035548 -9.784829531035548 -9.784829531035548 -9.784829531035548 -9.784829531035548 -9.784829531035548 -9.784829531035548 -9.784829531035548 -9.784829531035548 -9.784829531035548 -9.784829531035548 -9.784829531035548 -9.784829531035548 -9.784829531035548 -9.784829531035548 -9.784829531035548 -9.784829531035548 -9.784829531035548 -9.784829531035548
11.15577889447236 -9.764762426637482 -9.764762426637482 -9.764762426637482 -9.764762426637482 -9.764762426637482 -9.764762426637482 -9.764762426637482 -9.764762426637482 -9.764762426637482 -9.764762426637482 -9.764762426637482 -9.764762426637482 -9.764762426637482 -9.764762426637482 -9.764762426637482 -9.764762426637482 -9.764762426637482 -9.764762426637482 -9.764762426637482 -9.764762426637482 -9.764762426637482 -9.764762426637482 -9.764762426637482 -9.764762426637482 -9.764762426637482 -9.764762426637482 -9.764762426637482 -9.764762426637482 -9.764762426637482
11.231155778894472 -9.74469532223942 -9.74469532223942 -9.74469532223942 -9.74469532223942 -9.74469532223942 -9.74469532223942 -9.74469532223942 -9.74469532223942 -9.74469532223942 -9.74469532223942 -9.74469532223942 -9.74469532223942 -9.74469532223942 -9.74469532223942 -9.74469532223942 -9.74469532223942 -9.74469532223942 -9.74469532223942 -9.74469532223942 -9.74469532223942 -9.74469532223942 -9.74469532223942 -9.74469532223942 -9.74469532223942 -9.74469532223942 -9.74469532223942 -9.74469532223942 -9.74469532223942 -9.74469532223942
11.306532663316581 -9.724628217841353 -9.724628217841353 -9.724628217841353 -9.724628217841353 -9.724628217841353 -9.724628217841353 -9.724628217841353 -9.724628217841353 -9.724628217841353 -9.724628217841353 -9.724628217841353 -9.724628217841353 -9.724628217841353 -9.724628217841353 -9.724628217841353 -9.724628217841353 -9.724628217841353 -9.724628217841353 -9.724628217841353 -9.724628217841353 -9.724628217841353 -9.724628217841353 -9.724628217841353 -9.724628217841353 -9.724628217841353 -9.724628217841353 -9.724628217841353 -9.724628217841353 -9.724628217841353
11.381909547738692 -9.70456111344329 -9.70456111344329 -9.70456111344329 -9.70456111344329 -9.70456111344329 -9.70456111344329 -9.70456111344329 -9.70456111344329 -9.70456111344329 -9.70456111344329 -9.70456111344329 -9.70456111344329 -9.70456111344329 -9.70456111344329 -9.70456111344329 -9.70456111344329 -9.70456111344329 -9.70456111344329 -9.70456111344329 -9.70456111344329 -9.70456111344329 -9.70456111344329 -9.70456111344329 -9.70456111344329 -9.70456111344329 -9.70456111344329 -9.70456111344329 -9.70456111344329 -9.70456111344329
11.457286432160803 -9.684494009045224 -9.684494009045224 -9.684494009045224 -9.684494009045224 -9.684494009045224 -9.684494009045224 -9.684494009045224 -9.684494009045224 -9.684494009045224 -9.684494009045224 -9.684494009045224 -9.684494009045224 -9.684494009045224 -9.684494009045224 -9.684494009045224 -9.684494009045224 -9.684494009045224 -9.684494009045224 -9.684494009045224 -9.684494009045224 -9.684494009045224 -9.684494009045224 -9.684494009045224 -9.684494009045224 -9.684494009045224 -9.684494009045224 -9.684494009045224 -9.684494009045224 -9.684494009045224
11.532663316582914 -9.664426904647161 -9.664426904647161 -9.664426904647161 -9.664426904647161 -9.664426904647161 -9.664426904647161 -9.664426904647161 -9.664426904647161 -9.664426904647161 -9.664426904647161 -9.664426904647161 -9.664426904647161 -9.664426904647161 -9.664426904647161 -9.664426904647161 -9.664426904647161 -9.664426904647161 -9.664426904647161 -9.664426904647161 -9.664426904647161 -9.664426904647161 -9.664426904647161 -9.664426904647161 -9.664426904647161 -9.664426904647161 -9.664426904647161 -9.664426904647161 -9.664426904647161 -9.664426904647161
11.608040201005025 -9.644359800249095 -9.644359800249095 -9.644359800249095 -9.644359800249095 -9.644359800249095 -9.644359800249095 -9.644359800249095 -9.644359800249095 -9.644359800249095 -9.644359800249095 -9.644359800249095 -9.644359800249095 -9.644359800249095 -9.644359800249095 -9.644359800249095 -9.644359800249095 -9.644359800249095 -9.644359800249095 -9.644359800249095 -9.644359800249095 -9.644359800249095 -9.644359800249095 -9.644359800249095 -9.644359800249095 -9.644359800249095 -9.644359800249095 -9.644359800249095 -9.644359800249095 -9.644359800249095
11.683417085427134 -9.624292695851032 -9.624292695851032 -9.624292695851032 -9.624292695851032 -9.624292695851032 -9.624292695851032 -9.624292695851032 -9.624292695851032 -9.624292695851032 -9.624292695851032 -9.624292695851032 -9.624292695851032 -9.624292695851032 -9.624292695851032 -9.624292695851032 -9.624292695851032 -9.624292695851032 -9.624292695851032 -9.624292695851032 -9.624292695851032 -9.624292695851032 -9.624292695851032 -9.624292695851032 -9.624292695851032 -9.624292695851032 -9.624292695851032 -9.624292695851032 -9.624292695851032 -9.624292695851032
11.758793969849245 -9.604225591452966 -9.604225591452966 -9.604225591452966 -9.604225591452966 -9.604225591452966 -9.604225591452966 -9.604225591452966 -9.604225591452966 -9.604225591452966 -9.604225591452966 -9.604225591452966 -9.604225591452966 -9.604225591452966 -9.604225591452966 -9.604225591452966 -9.604225591452966 -9.604225591452966 -9.604225591452966 -9.604225591452966 -9.604225591452966 -9.604225591452966 -9.604225591452966 -9.604225591452966 -9.604225591452966 -9.604225591452966 -9.604225591452966 -9.604225591452966 -9.604225591452966 -9.604225591452966
11.834170854271356 -9.584158487054903 -9.584158487054903 -9.584158487054903 -9.584158487054903 -9.584158487054903 -9.584158487054903 -9.584158487054903 -9.584158487054903 -9.584158487054903 -9.584158487054903 -9.584158487054903 -9.584158487054903 -9.584158487054903 -9.584158487054903 -9.584158487054903 -9.584158487054903 -9.584158487054903 -9.584158487054903 -9.584158487054903 -9.584158487054903 -9.584158487054903 -9.584158487054903 -9.584158487054903 -9.584158487054903 -9.584158487054903 -9.584158487054903 -9.584158487054903 -9.584158487054903 -9.584158487054903
11.909547738693465 -9.564091382656839 -9.564091382656839 -9.564091382656839 -9.564091382656839 -9.564091382656839 -9.564091382656839 -9.564091382656839 -9.564091382656839 -9.564091382656839 -9.564091382656839 -9.564091382656839 -9.564091382656839 -9.564091382656839 -9.564091382656839 -9.564091382656839 -9.564091382656839 -9.564091382656839 -9.564091382656839 -9.564091382656839 -9.564091382656839 -9.564091382656839 -9.564091382656839 -9.564091382656839 -9.564091382656839 -9.564091382656839 -9.564091382656839 -9.564091382656839 -9.564091382656839 -9.564091382656839
11.984924623115576 -9.544024278258775 -9.544024278258775 -9.544024278258775 -9.544024278258775 -9.544024278258775 -9.544024278258775 -9.544024278258775 -9.544024278258775 -9.544024278258775 -9.544024278258775 -9.544024278258775 -9.544024278258775 -9.544024278258775 -9.544024278258775 -9.544024278258775 -9.544024278258775 -9.544024278258775 -9.544024278258775 -9.544024278258775 -9.544024278258775 -9.544024278258775 -9.544024278258775 -9.544024278258775 -9.544024278258775 -9.544024278258775 -9.544024278258775 -9.544024278258775 -9.544024278258775 -9.544024278258775
12.060301507537687 -9.523957173860708 -9.523957173860708 -9.523957173860708 -9.523957173860708 -9.523957173860708 -9.523957173860708 -9.523957173860708 -9.523957173860708 -9.523957173860708 -9.523957173860708 -9.523957173860708 -9.523957173860708 -9.523957173860708 -9.523957173860708 -9.523957173860708 -9.523957173860708 -9.523957173860708 -9.523957173860708 -9.523957173860708 -9.523957173860708 -9.523957173860708 -9.523957173860708 -9.523957173860708 -9.523957173860708 -9.523957173860708 -9.523957173860708 -9.523957173860708 -9.523957173860708 -9.523957173860708
12.135678391959798 -9.503890069462646 -9.503890069462646 -9.503890069462646 -9.503890069462646 -9.503890069462646 -9.503890069462646 -9.503890069462646 -9.503890069462646 -9.503890069462646 -9.503890069462646 -9.503890069462646 -9.503890069462646 -9.503890069462646 -9.503890069462646 -9.503890069462646 -9.503890069462646 -9.503890069462646 -9.503890069462646 -9.503890069462646 -9.503890069462646 -9.503890069462646 -9.503890069462646 -9.503890069462646 -9.503890069462646 -9.503890069462646 -9.503890069462646 -9.503890069462646 -9.503890069462646 -9.503890069462646
12.21105527638191 -9.48382296506458 -9.48382296506458 -9.48382296506458 -9.48382296506458 -9.48382296506458 -9.48382296506458 -9.48382296506458 -9.48382296506458 -9.48382296506458 -9.48382296506458 -9.48382296506458 -9.48382296506458 -9.48382296506458 -9.48382296506458 -9.48382296506458 -9.48382296506458 -9.48382296506458 -9.48382296506458 -9.48382296506458 -9.48382296506458 -9.48382296506458 -9.48382296506458 -9.48382296506458 -9.48382296506458 -9.48382296506458 -9.48382296506458 -9.48382296506458 -9.48382296506458 -9.48382296506458
