web/models/kne.last_good/kappa_0.5_3.0.v2/28/villar_0.1173_0.1240_3.0000.dat
# %ECSV 1.0
# ---
# datatype:
# - {name: time, datatype: float64}
# - {name: swift_uvot_uvw2, datatype: float64}
# - {name: swift_uvot_uvm2, datatype: float64}
# - {name: swift_uvot_uvw1, datatype: float64}
# - {name: swift_uvot_U, datatype: float64}
# - {name: swift_uvot_B, datatype: float64}
# - {name: swift_uvot_V, datatype: float64}
# - {name: swift_uvot_W, datatype: float64}
# - {name: johnson_U, datatype: float64}
# - {name: johnson_B, datatype: float64}
# - {name: johnson_V, datatype: float64}
# - {name: johnson_R, datatype: float64}
# - {name: johnson_I, datatype: float64}
# - {name: sdss_u, datatype: float64}
# - {name: sdss_g, datatype: float64}
# - {name: sdss_r, datatype: float64}
# - {name: sdss_i, datatype: float64}
# - {name: sdss_z, datatype: float64}
# - {name: PS1_g, datatype: float64}
# - {name: PS1_r, datatype: float64}
# - {name: PS1_i, datatype: float64}
# - {name: PS1_z, datatype: float64}
# - {name: PS1_Y, datatype: float64}
# - {name: PS1_w, datatype: float64}
# - {name: ATLAS_c, datatype: float64}
# - {name: ATLAS_o, datatype: float64}
# - {name: ukirt_J, datatype: float64}
# - {name: ukirt_H, datatype: float64}
# - {name: ukirt_K, datatype: float64}
# - {name: Clear, datatype: float64}
# meta: !!omap
# - comment: [kappa = 3.0, type = villar, mass = 0.11727632184323686, velocity = 0.124, theta_obs = 0.0, tfloor = 2500.0]
# schema: astropy-2.0
time swift_uvot_uvw2 swift_uvot_uvm2 swift_uvot_uvw1 swift_uvot_U swift_uvot_B swift_uvot_V swift_uvot_W johnson_U johnson_B johnson_V johnson_R johnson_I sdss_u sdss_g sdss_r sdss_i sdss_z PS1_g PS1_r PS1_i PS1_z PS1_Y PS1_w ATLAS_c ATLAS_o ukirt_J ukirt_H ukirt_K Clear
[from data line 70]
0.00805 -17.671 -14.578 -13.292 -12.577 -12.088 -11.601 -13.157 -12.502 -12.084 -11.589 -11.127 -10.606 -12.514 -11.932 -11.328 -10.91 -10.529 -14.768 -14.543 -14.545 -14.941 -15.92 -11.426 -11.698 -11.16 -9.79 -9.207 -8.544 -11.536
0.008294 -17.657 -14.582 -13.329 -12.615 -12.125 -11.639 -13.193 -12.539 -12.121 -11.627 -11.164 -10.644 -12.551 -11.969 -11.366 -10.947 -10.566 -14.756 -14.531 -14.532 -14.926 -15.905 -11.464 -11.735 -11.197 -9.828 -9.245 -8.582 -11.573
0.008545 -17.643 -14.587 -13.366 -12.652 -12.162 -11.676 -13.23 -12.576 -12.159 -11.664 -11.202 -10.681 -12.588 -12.007 -11.403 -10.985 -10.604 -14.745 -14.518 -14.518 -14.912 -15.889 -11.501 -11.773 -11.235 -9.865 -9.282 -8.62 -11.611
0.008803 -17.629 -14.593 -13.403 -12.689 -12.2 -11.714 -13.267 -12.614 -12.196 -11.702 -11.239 -10.719 -12.625 -12.044 -11.441 -11.023 -10.642 -14.733 -14.506 -14.505 -14.897 -15.874 -11.539 -11.81 -11.272 -9.903 -9.32 -8.658 -11.648
0.009069 -17.615 -14.599 -13.44 -12.726 -12.237 -11.751 -13.304 -12.651 -12.233 -11.739 -11.277 -10.757 -12.663 -12.081 -11.478 -11.06 -10.679 -14.722 -14.493 -14.492 -14.883 -15.859 -11.576 -11.848 -11.31 -9.941 -9.358 -8.696 -11.686
0.009344 -17.601 -14.606 -13.476 -12.763 -12.274 -11.789 -13.341 -12.688 -12.271 -11.777 -11.315 -10.794 -12.7 -12.119 -11.516 -11.098 -10.717 -14.711 -14.481 -14.479 -14.869 -15.844 -11.614 -11.885 -11.348 -9.979 -9.396 -8.734 -11.723
0.009626 -17.587 -14.613 -13.513 -12.8 -12.312 -11.826 -13.377 -12.725 -12.308 -11.814 -11.352 -10.832 -12.737 -12.156 -11.553 -11.135 -10.755 -14.7 -14.469 -14.465 -14.855 -15.829 -11.651 -11.922 -11.385 -10.017 -9.434 -8.771 -11.76
0.009917 -17.574 -14.621 -13.55 -12.838 -12.349 -11.864 -13.414 -12.762 -12.345 -11.852 -11.39 -10.87 -12.774 -12.193 -11.591 -11.173 -10.792 -14.69 -14.457 -14.452 -14.84 -15.814 -11.688 -11.96 -11.423 -10.054 -9.471 -8.809 -11.798
0.010217 -17.56 -14.63 -13.587 -12.875 -12.386 -11.901 -13.451 -12.799 -12.383 -11.889 -11.427 -10.907 -12.811 -12.231 -11.628 -11.211 -10.83 -14.679 -14.446 -14.44 -14.826 -15.799 -11.726 -11.997 -11.46 -10.092 -9.509 -8.847 -11.835
0.010526 -17.546 -14.639 -13.623 -12.912 -12.424 -11.938 -13.487 -12.837 -12.42 -11.927 -11.465 -10.945 -12.848 -12.268 -11.666 -11.248 -10.868 -14.669 -14.434 -14.427 -14.812 -15.784 -11.763 -12.035 -11.498 -10.13 -9.547 -8.885 -11.873
0.010845 -17.533 -14.648 -13.66 -12.949 -12.461 -11.976 -13.524 -12.874 -12.457 -11.964 -11.502 -10.982 -12.885 -12.305 -11.703 -11.286 -10.905 -14.659 -14.423 -14.414 -14.798 -15.769 -11.801 -12.072 -11.535 -10.167 -9.585 -8.923 -11.91
0.011173 -17.52 -14.659 -13.696 -12.986 -12.498 -12.013 -13.56 -12.911 -12.494 -12.001 -11.54 -11.02 -12.923 -12.343 -11.741 -11.323 -10.943 -14.65 -14.412 -14.402 -14.785 -15.754 -11.838 -12.109 -11.573 -10.205 -9.623 -8.961 -11.947
0.011511 -17.506 -14.67 -13.733 -13.023 -12.535 -12.05 -13.597 -12.948 -12.531 -12.039 -11.577 -11.058 -12.96 -12.38 -11.778 -11.361 -10.98 -14.64 -14.401 -14.39 -14.771 -15.739 -11.875 -12.147 -11.61 -10.243 -9.66 -8.998 -11.985
0.011859 -17.493 -14.681 -13.77 -13.06 -12.572 -12.088 -13.633 -12.985 -12.569 -12.076 -11.615 -11.095 -12.997 -12.417 -11.816 -11.398 -11.018 -14.631 -14.391 -14.377 -14.757 -15.724 -11.913 -12.184 -11.648 -10.281 -9.698 -9.036 -12.022
0.012217 -17.48 -14.693 -13.806 -13.097 -12.61 -12.125 -13.67 -13.022 -12.606 -12.113 -11.652 -11.133 -13.034 -12.454 -11.853 -11.436 -11.056 -14.622 -14.38 -14.365 -14.743 -15.71 -11.95 -12.221 -11.685 -10.318 -9.736 -9.074 -12.059
0.012587 -17.467 -14.706 -13.842 -13.134 -12.647 -12.162 -13.706 -13.059 -12.643 -12.151 -11.69 -11.17 -13.071 -12.492 -11.89 -11.473 -11.093 -14.614 -14.37 -14.353 -14.73 -15.695 -11.988 -12.258 -11.722 -10.356 -9.774 -9.112 -12.097
0.012968 -17.454 -14.72 -13.879 -13.171 -12.684 -12.2 -13.743 -13.096 -12.68 -12.188 -11.727 -11.208 -13.107 -12.529 -11.928 -11.511 -11.131 -14.605 -14.36 -14.342 -14.716 -15.68 -12.025 -12.296 -11.76 -10.394 -9.811 -9.15 -12.134
0.01336 -17.441 -14.733 -13.915 -13.208 -12.721 -12.237 -13.779 -13.133 -12.717 -12.225 -11.764 -11.245 -13.144 -12.566 -11.965 -11.548 -11.168 -14.597 -14.35 -14.33 -14.703 -15.665 -12.062 -12.333 -11.797 -10.431 -9.849 -9.188 -12.171
0.013764 -17.429 -14.748 -13.952 -13.244 -12.758 -12.274 -13.815 -13.169 -12.754 -12.263 -11.802 -11.283 -13.181 -12.603 -12.003 -11.586 -11.206 -14.59 -14.341 -14.319 -14.69 -15.651 -12.099 -12.37 -11.835 -10.469 -9.887 -9.225 -12.208
0.01418 -17.416 -14.763 -13.988 -13.281 -12.795 -12.312 -13.851 -13.206 -12.791 -12.3 -11.839 -11.32 -13.218 -12.64 -12.04 -11.623 -11.243 -14.582 -14.331 -14.308 -14.677 -15.636 -12.137 -12.407 -11.872 -10.507 -9.925 -9.263 -12.246
0.014609 -17.404 -14.779 -14.024 -13.318 -12.832 -12.349 -13.888 -13.243 -12.828 -12.337 -11.877 -11.358 -13.255 -12.677 -12.077 -11.661 -11.281 -14.575 -14.322 -14.297 -14.664 -15.621 -12.174 -12.445 -11.909 -10.544 -9.962 -9.301 -12.283
0.015051 -17.391 -14.795 -14.06 -13.355 -12.869 -12.386 -13.924 -13.28 -12.865 -12.374 -11.914 -11.395 -13.292 -12.714 -12.115 -11.698 -11.318 -14.568 -14.314 -14.286 -14.651 -15.607 -12.211 -12.482 -11.947 -10.582 -10.0 -9.339 -12.32
0.015506 -17.379 -14.811 -14.097 -13.391 -12.906 -12.423 -13.96 -13.317 -12.902 -12.411 -11.951 -11.433 -13.328 -12.751 -12.152 -11.735 -11.356 -14.562 -14.305 -14.275 -14.638 -15.592 -12.248 -12.519 -11.984 -10.62 -10.038 -9.376 -12.357
0.015975 -17.367 -14.829 -14.133 -13.428 -12.943 -12.46 -13.996 -13.353 -12.939 -12.449 -11.989 -11.47 -13.365 -12.788 -12.189 -11.773 -11.393 -14.556 -14.297 -14.265 -14.625 -15.577 -12.286 -12.556 -12.021 -10.657 -10.076 -9.414 -12.394
0.016458 -17.356 -14.846 -14.169 -13.465 -12.98 -12.498 -14.032 -13.39 -12.976 -12.486 -12.026 -11.508 -13.402 -12.825 -12.226 -11.81 -11.431 -14.551 -14.29 -14.255 -14.613 -15.563 -12.323 -12.593 -12.059 -10.695 -10.113 -9.452 -12.431
0.016956 -17.344 -14.865 -14.205 -13.501 -13.017 -12.535 -14.068 -13.427 -13.013 -12.523 -12.063 -11.545 -13.439 -12.862 -12.264 -11.848 -11.468 -14.545 -14.282 -14.245 -14.6 -15.549 -12.36 -12.63 -12.096 -10.733 -10.151 -9.49 -12.468
0.017469 -17.332 -14.884 -14.241 -13.538 -13.054 -12.572 -14.104 -13.463 -13.05 -12.56 -12.1 -11.583 -13.475 -12.899 -12.301 -11.885 -11.506 -14.541 -14.275 -14.236 -14.588 -15.534 -12.397 -12.667 -12.133 -10.77 -10.189 -9.528 -12.505
0.017997 -17.321 -14.903 -14.277 -13.575 -13.091 -12.609 -14.14 -13.5 -13.087 -12.597 -12.138 -11.62 -13.512 -12.936 -12.338 -11.922 -11.543 -14.536 -14.268 -14.226 -14.576 -15.52 -12.434 -12.704 -12.17 -10.808 -10.226 -9.565 -12.542
0.018541 -17.31 -14.923 -14.313 -13.611 -13.127 -12.646 -14.175 -13.537 -13.124 -12.634 -12.175 -11.658 -13.548 -12.973 -12.375 -11.96 -11.581 -14.532 -14.262 -14.217 -14.564 -15.506 -12.471 -12.741 -12.208 -10.845 -10.264 -9.603 -12.58
0.019102 -17.299 -14.943 -14.348 -13.648 -13.164 -12.683 -14.211 -13.573 -13.161 -12.671 -12.212 -11.695 -13.585 -13.01 -12.412 -11.997 -11.618 -14.529 -14.256 -14.208 -14.552 -15.491 -12.508 -12.778 -12.245 -10.883 -10.302 -9.641 -12.617
0.01968 -17.288 -14.964 -14.384 -13.684 -13.201 -12.72 -14.247 -13.61 -13.197 -12.708 -12.249 -11.732 -13.621 -13.047 -12.449 -12.034 -11.655 -14.526 -14.25 -14.2 -14.54 -15.477 -12.545 -12.815 -12.282 -10.92 -10.339 -9.679 -12.653
0.020275 -17.277 -14.985 -14.42 -13.72 -13.238 -12.757 -14.282 -13.646 -13.234 -12.745 -12.286 -11.77 -13.658 -13.084 -12.487 -12.071 -11.693 -14.523 -14.245 -14.191 -14.529 -15.463 -12.582 -12.852 -12.319 -10.958 -10.377 -9.716 -12.69
0.020888 -17.267 -15.006 -14.455 -13.757 -13.274 -12.794 -14.318 -13.683 -13.271 -12.782 -12.324 -11.807 -13.694 -13.12 -12.524 -12.109 -11.73 -14.521 -14.24 -14.184 -14.517 -15.449 -12.619 -12.889 -12.356 -10.996 -10.415 -9.754 -12.727
0.02152 -17.257 -15.028 -14.491 -13.793 -13.311 -12.831 -14.353 -13.719 -13.307 -12.819 -12.361 -11.844 -13.731 -13.157 -12.561 -12.146 -11.768 -14.519 -14.235 -14.176 -14.506 -15.435 -12.656 -12.926 -12.393 -11.033 -10.452 -9.792 -12.764
0.022171 -17.247 -15.051 -14.527 -13.829 -13.348 -12.868 -14.389 -13.755 -13.344 -12.856 -12.398 -11.882 -13.767 -13.194 -12.598 -12.183 -11.805 -14.518 -14.231 -14.169 -14.495 -15.421 -12.693 -12.963 -12.431 -11.071 -10.49 -9.83 -12.801
0.022841 -17.237 -15.073 -14.562 -13.866 -13.384 -12.905 -14.424 -13.792 -13.381 -12.893 -12.435 -11.919 -13.803 -13.231 -12.635 -12.22 -11.842 -14.517 -14.227 -14.162 -14.485 -15.407 -12.73 -12.999 -12.468 -11.108 -10.527 -9.867 -12.838
0.023532 -17.228 -15.097 -14.597 -13.902 -13.421 -12.942 -14.46 -13.828 -13.417 -12.93 -12.472 -11.956 -13.84 -13.267 -12.672 -12.257 -11.879 -14.517 -14.224 -14.155 -14.474 -15.394 -12.767 -13.036 -12.505 -11.146 -10.565 -9.905 -12.875
0.024244 -17.218 -15.12 -14.633 -13.938 -13.457 -12.978 -14.495 -13.864 -13.454 -12.967 -12.509 -11.993 -13.876 -13.304 -12.709 -12.295 -11.917 -14.517 -14.221 -14.149 -14.464 -15.38 -12.804 -13.073 -12.542 -11.183 -10.603 -9.943 -12.912
0.024977 -17.209 -15.144 -14.668 -13.974 -13.494 -13.015 -14.53 -13.9 -13.49 -13.003 -12.546 -12.031 -13.912 -13.341 -12.746 -12.332 -11.954 -14.518 -14.219 -14.143 -14.454 -15.366 -12.841 -13.11 -12.579 -11.221 -10.64 -9.98 -12.948
0.025733 -17.2 -15.168 -14.703 -14.01 -13.53 -13.052 -14.565 -13.936 -13.527 -13.04 -12.583 -12.068 -13.948 -13.377 -12.783 -12.369 -11.991 -14.519 -14.217 -14.137 -14.444 -15.353 -12.878 -13.146 -12.616 -11.258 -10.678 -10.018 -12.985
0.026511 -17.192 -15.193 -14.738 -14.046 -13.567 -13.089 -14.6 -13.972 -13.563 -13.077 -12.62 -12.105 -13.984 -13.414 -12.819 -12.406 -12.028 -14.521 -14.216 -14.132 -14.434 -15.34 -12.914 -13.183 -12.653 -11.295 -10.715 -10.056 -13.022
0.027313 -17.184 -15.218 -14.773 -14.082 -13.603 -13.125 -14.635 -14.008 -13.599 -13.114 -12.657 -12.142 -14.02 -13.45 -12.856 -12.443 -12.066 -14.523 -14.215 -14.128 -14.425 -15.326 -12.951 -13.22 -12.69 -11.333 -10.753 -10.093 -13.058
0.028139 -17.176 -15.243 -14.808 -14.118 -13.64 -13.162 -14.67 -14.044 -13.636 -13.15 -12.694 -12.179 -14.056 -13.487 -12.893 -12.48 -12.103 -14.526 -14.215 -14.123 -14.416 -15.313 -12.988 -13.256 -12.727 -11.37 -10.791 -10.131 -13.095
0.02899 -17.168 -15.268 -14.843 -14.154 -13.676 -13.199 -14.705 -14.08 -13.672 -13.187 -12.731 -12.216 -14.092 -13.523 -12.93 -12.517 -12.14 -14.53 -14.215 -14.119 -14.407 -15.3 -13.025 -13.293 -12.763 -11.408 -10.828 -10.169 -13.131
0.029867 -17.16 -15.294 -14.878 -14.19 -13.712 -13.235 -14.739 -14.116 -13.708 -13.224 -12.768 -12.254 -14.128 -13.559 -12.967 -12.554 -12.177 -14.534 -14.215 -14.116 -14.399 -15.287 -13.061 -13.329 -12.8 -11.445 -10.866 -10.206 -13.168
0.03077 -17.153 -15.32 -14.913 -14.225 -13.748 -13.272 -14.774 -14.152 -13.744 -13.26 -12.805 -12.291 -14.164 -13.596 -13.003 -12.591 -12.214 -14.539 -14.217 -14.113 -14.391 -15.274 -13.098 -13.366 -12.837 -11.482 -10.903 -10.244 -13.205
0.031701 -17.146 -15.346 -14.947 -14.261 -13.784 -13.308 -14.808 -14.188 -13.781 -13.297 -12.841 -12.328 -14.199 -13.632 -13.04 -12.628 -12.251 -14.544 -14.218 -14.11 -14.383 -15.261 -13.134 -13.402 -12.874 -11.52 -10.941 -10.282 -13.241
0.032659 -17.14 -15.373 -14.982 -14.297 -13.821 -13.345 -14.843 -14.223 -13.817 -13.333 -12.878 -12.365 -14.235 -13.668 -13.077 -12.665 -12.288 -14.55 -14.221 -14.108 -14.375 -15.249 -13.171 -13.439 -12.911 -11.557 -10.978 -10.319 -13.277
0.033647 -17.134 -15.399 -15.016 -14.332 -13.857 -13.381 -14.877 -14.259 -13.853 -13.37 -12.915 -12.402 -14.271 -13.704 -13.113 -12.702 -12.326 -14.556 -14.224 -14.107 -14.368 -15.236 -13.207 -13.475 -12.947 -11.594 -11.016 -10.357 -13.314
0.034665 -17.128 -15.426 -15.051 -14.368 -13.893 -13.418 -14.911 -14.295 -13.889 -13.406 -12.952 -12.439 -14.306 -13.74 -13.15 -12.738 -12.363 -14.563 -14.227 -14.106 -14.361 -15.224 -13.244 -13.511 -12.984 -11.632 -11.053 -10.394 -13.35
0.035713 -17.122 -15.453 -15.085 -14.403 -13.929 -13.454 -14.945 -14.33 -13.925 -13.442 -12.988 -12.476 -14.342 -13.777 -13.187 -12.775 -12.4 -14.571 -14.231 -14.105 -14.354 -15.212 -13.28 -13.548 -13.021 -11.669 -11.09 -10.432 -13.386
0.036793 -17.117 -15.48 -15.119 -14.439 -13.964 -13.49 -14.979 -14.366 -13.961 -13.479 -13.025 -12.513 -14.377 -13.813 -13.223 -12.812 -12.437 -14.579 -14.236 -14.105 -14.348 -15.2 -13.317 -13.584 -13.057 -11.706 -11.128 -10.469 -13.423
0.037906 -17.112 -15.508 -15.153 -14.474 -14.0 -13.527 -15.013 -14.401 -13.997 -13.515 -13.061 -12.55 -14.413 -13.849 -13.26 -12.849 -12.473 -14.587 -14.241 -14.105 -14.342 -15.188 -13.353 -13.62 -13.094 -11.744 -11.165 -10.507 -13.459
0.039052 -17.107 -15.535 -15.187 -14.509 -14.036 -13.563 -15.047 -14.436 -14.032 -13.551 -13.098 -12.586 -14.448 -13.885 -13.296 -12.886 -12.51 -14.597 -14.246 -14.106 -14.337 -15.176 -13.389 -13.656 -13.13 -11.781 -11.203 -10.545 -13.495
0.040234 -17.103 -15.563 -15.221 -14.544 -14.072 -13.599 -15.081 -14.472 -14.068 -13.588 -13.135 -12.623 -14.483 -13.92 -13.332 -12.922 -12.547 -14.607 -14.253 -14.108 -14.332 -15.164 -13.426 -13.692 -13.167 -11.818 -11.24 -10.582 -13.531
0.04145 -17.099 -15.591 -15.255 -14.579 -14.108 -13.635 -15.115 -14.507 -14.104 -13.624 -13.171 -12.66 -14.518 -13.956 -13.369 -12.959 -12.584 -14.617 -14.26 -14.11 -14.327 -15.153 -13.462 -13.728 -13.203 -11.855 -11.277 -10.62 -13.567
0.042704 -17.095 -15.619 -15.288 -14.614 -14.143 -13.672 -15.148 -14.542 -14.139 -13.66 -13.208 -12.697 -14.554 -13.992 -13.405 -12.996 -12.621 -14.628 -14.267 -14.112 -14.323 -15.142 -13.498 -13.764 -13.24 -11.892 -11.315 -10.657 -13.603
0.043996 -17.092 -15.647 -15.322 -14.649 -14.179 -13.708 -15.181 -14.577 -14.175 -13.696 -13.244 -12.734 -14.589 -14.028 -13.441 -13.032 -12.658 -14.64 -14.275 -14.115 -14.319 -15.131 -13.534 -13.8 -13.276 -11.929 -11.352 -10.695 -13.639
0.045326 -17.089 -15.675 -15.355 -14.684 -14.214 -13.744 -15.215 -14.612 -14.21 -13.732 -13.28 -12.77 -14.623 -14.063 -13.478 -13.069 -12.695 -14.652 -14.284 -14.119 -14.315 -15.12 -13.57 -13.836 -13.313 -11.967 -11.389 -10.732 -13.675
0.046697 -17.087 -15.703 -15.389 -14.719 -14.25 -13.78 -15.248 -14.647 -14.246 -13.768 -13.317 -12.807 -14.658 -14.099 -13.514 -13.105 -12.731 -14.665 -14.293 -14.123 -14.313 -15.109 -13.606 -13.872 -13.349 -12.004 -11.427 -10.77 -13.711
0.048109 -17.085 -15.731 -15.422 -14.754 -14.285 -13.815 -15.281 -14.682 -14.281 -13.804 -13.353 -12.844 -14.693 -14.135 -13.55 -13.142 -12.768 -14.678 -14.303 -14.128 -14.31 -15.099 -13.642 -13.908 -13.385 -12.041 -11.464 -10.807 -13.747
0.049564 -17.083 -15.759 -15.455 -14.788 -14.32 -13.851 -15.314 -14.716 -14.317 -13.84 -13.389 -12.88 -14.728 -14.17 -13.586 -13.178 -12.805 -14.692 -14.313 -14.134 -14.308 -15.089 -13.678 -13.943 -13.421 -12.078 -11.501 -10.845 -13.783
0.051063 -17.082 -15.788 -15.488 -14.823 -14.356 -13.887 -15.346 -14.751 -14.352 -13.876 -13.425 -12.917 -14.762 -14.205 -13.622 -13.214 -12.841 -14.706 -14.324 -14.14 -14.306 -15.079 -13.714 -13.979 -13.458 -12.115 -11.539 -10.882 -13.818
0.052608 -17.081 -15.816 -15.521 -14.857 -14.391 -13.923 -15.379 -14.785 -14.387 -13.911 -13.462 -12.953 -14.797 -14.241 -13.658 -13.251 -12.878 -14.721 -14.336 -14.146 -14.305 -15.069 -13.75 -14.015 -13.494 -12.152 -11.576 -10.919 -13.854
0.054199 -17.08 -15.844 -15.553 -14.891 -14.426 -13.959 -15.412 -14.82 -14.422 -13.947 -13.498 -12.99 -14.831 -14.276 -13.694 -13.287 -12.915 -14.737 -14.348 -14.153 -14.305 -15.06 -13.786 -14.05 -13.53 -12.189 -11.613 -10.957 -13.89
0.055838 -17.08 -15.873 -15.586 -14.926 -14.461 -13.994 -15.444 -14.854 -14.457 -13.983 -13.534 -13.026 -14.866 -14.311 -13.73 -13.323 -12.951 -14.753 -14.361 -14.161 -14.305 -15.051 -13.821 -14.086 -13.566 -12.226 -11.65 -10.994 -13.925
0.057527 -17.08 -15.901 -15.618 -14.96 -14.496 -14.03 -15.476 -14.888 -14.492 -14.018 -13.57 -13.063 -14.9 -14.346 -13.766 -13.36 -12.988 -14.769 -14.374 -14.17 -14.305 -15.042 -13.857 -14.121 -13.602 -12.263 -11.687 -11.032 -13.961
