web/models/kne.last_good/kappa_0.5_3.0.v2/19/villar_0.0148_0.0457_0.5000.dat
# %ECSV 1.0
# ---
# datatype:
# - {name: time, datatype: float64}
# - {name: swift_uvot_uvw2, datatype: float64}
# - {name: swift_uvot_uvm2, datatype: float64}
# - {name: swift_uvot_uvw1, datatype: float64}
# - {name: swift_uvot_U, datatype: float64}
# - {name: swift_uvot_B, datatype: float64}
# - {name: swift_uvot_V, datatype: float64}
# - {name: swift_uvot_W, datatype: float64}
# - {name: johnson_U, datatype: float64}
# - {name: johnson_B, datatype: float64}
# - {name: johnson_V, datatype: float64}
# - {name: johnson_R, datatype: float64}
# - {name: johnson_I, datatype: float64}
# - {name: sdss_u, datatype: float64}
# - {name: sdss_g, datatype: float64}
# - {name: sdss_r, datatype: float64}
# - {name: sdss_i, datatype: float64}
# - {name: sdss_z, datatype: float64}
# - {name: PS1_g, datatype: float64}
# - {name: PS1_r, datatype: float64}
# - {name: PS1_i, datatype: float64}
# - {name: PS1_z, datatype: float64}
# - {name: PS1_Y, datatype: float64}
# - {name: PS1_w, datatype: float64}
# - {name: ATLAS_c, datatype: float64}
# - {name: ATLAS_o, datatype: float64}
# - {name: ukirt_J, datatype: float64}
# - {name: ukirt_H, datatype: float64}
# - {name: ukirt_K, datatype: float64}
# - {name: Clear, datatype: float64}
# meta: !!omap
# - comment: [kappa = 0.5, type = villar, mass = 0.014775890654408853, velocity = 0.04566666666666669, theta_obs = 0.0, tfloor = 2500.0]
# schema: astropy-2.0
time swift_uvot_uvw2 swift_uvot_uvm2 swift_uvot_uvw1 swift_uvot_U swift_uvot_B swift_uvot_V swift_uvot_W johnson_U johnson_B johnson_V johnson_R johnson_I sdss_u sdss_g sdss_r sdss_i sdss_z PS1_g PS1_r PS1_i PS1_z PS1_Y PS1_w ATLAS_c ATLAS_o ukirt_J ukirt_H ukirt_K Clear
[from data line 351]
34.835342 -3.913 1.285 0.319 -1.383 -4.17 -6.172 -4.288 -1.88 -4.301 -6.291 -7.876 -8.953 -1.658 -5.021 -7.149 -8.274 -9.045 -5.995 -7.319 -8.353 -8.968 -9.427 -7.472 -6.234 -7.786 -9.956 -10.276 -10.337 -7.932
35.888913 -3.863 1.335 0.369 -1.334 -4.12 -6.123 -4.238 -1.83 -4.251 -6.241 -7.826 -8.903 -1.608 -4.971 -7.1 -8.224 -8.995 -5.945 -7.269 -8.303 -8.918 -9.378 -7.423 -6.184 -7.736 -9.906 -10.227 -10.287 -7.883
36.974349 -3.814 1.385 0.419 -1.284 -4.071 -6.073 -4.188 -1.781 -4.202 -6.191 -7.776 -8.853 -1.558 -4.921 -7.05 -8.175 -8.945 -5.896 -7.219 -8.253 -8.869 -9.328 -7.373 -6.134 -7.687 -9.857 -10.177 -10.237 -7.833
38.092613 -3.764 1.434 0.468 -1.234 -4.021 -6.023 -4.139 -1.731 -4.152 -6.142 -7.727 -8.804 -1.509 -4.872 -7.0 -8.125 -8.896 -5.846 -7.17 -8.204 -8.819 -9.278 -7.323 -6.085 -7.637 -9.807 -10.127 -10.188 -7.783
39.244698 -3.715 1.484 0.518 -1.185 -3.972 -5.974 -4.089 -1.682 -4.103 -6.092 -7.677 -8.754 -1.459 -4.822 -6.951 -8.076 -8.846 -5.797 -7.12 -8.154 -8.77 -9.229 -7.274 -6.035 -7.588 -9.758 -10.078 -10.138 -7.734
40.431627 -3.665 1.533 0.567 -1.136 -3.922 -5.925 -4.04 -1.632 -4.053 -6.043 -7.628 -8.705 -1.41 -4.773 -6.901 -8.026 -8.797 -5.747 -7.071 -8.105 -8.72 -9.18 -7.225 -5.986 -7.538 -9.708 -10.028 -10.089 -7.685
41.654454 -3.616 1.582 0.617 -1.086 -3.873 -5.875 -3.991 -1.583 -4.004 -5.994 -7.579 -8.655 -1.36 -4.723 -6.852 -7.977 -8.748 -5.698 -7.022 -8.055 -8.671 -9.13 -7.175 -5.937 -7.489 -9.659 -9.979 -10.04 -7.635
42.914265 -3.567 1.632 0.666 -1.037 -3.824 -5.826 -3.942 -1.534 -3.955 -5.944 -7.529 -8.606 -1.311 -4.674 -6.803 -7.928 -8.698 -5.649 -6.972 -8.006 -8.622 -9.081 -7.126 -5.888 -7.44 -9.61 -9.93 -9.991 -7.586
44.212178 -3.518 1.681 0.715 -0.988 -3.775 -5.777 -3.892 -1.485 -3.906 -5.895 -7.48 -8.557 -1.262 -4.625 -6.754 -7.878 -8.649 -5.6 -6.923 -7.957 -8.573 -9.032 -7.077 -5.838 -7.39 -9.561 -9.881 -9.941 -7.537
45.549345 -3.468 1.73 0.764 -0.939 -3.726 -5.728 -3.843 -1.436 -3.857 -5.846 -7.431 -8.508 -1.213 -4.576 -6.705 -7.829 -8.6 -5.551 -6.874 -7.908 -8.524 -8.983 -7.028 -5.789 -7.341 -9.511 -9.832 -9.892 -7.488
46.926954 -3.419 1.779 0.813 -0.89 -3.676 -5.679 -3.794 -1.386 -3.807 -5.797 -7.382 -8.459 -1.164 -4.527 -6.656 -7.78 -8.551 -5.501 -6.825 -7.859 -8.475 -8.934 -6.979 -5.74 -7.292 -9.462 -9.783 -9.843 -7.439
48.346227 -3.37 1.828 0.862 -0.841 -3.627 -5.63 -3.745 -1.337 -3.758 -5.748 -7.333 -8.41 -1.115 -4.478 -6.606 -7.731 -8.502 -5.452 -6.776 -7.81 -8.425 -8.885 -6.929 -5.691 -7.243 -9.413 -9.733 -9.794 -7.39
49.808426 -3.321 1.877 0.911 -0.791 -3.578 -5.58 -3.696 -1.288 -3.709 -5.699 -7.284 -8.361 -1.066 -4.429 -6.557 -7.682 -8.453 -5.403 -6.727 -7.761 -8.376 -8.836 -6.88 -5.642 -7.194 -9.364 -9.684 -9.745 -7.341
51.314848 -3.272 1.926 0.96 -0.742 -3.529 -5.531 -3.647 -1.239 -3.66 -5.65 -7.235 -8.312 -1.017 -4.38 -6.508 -7.633 -8.404 -5.354 -6.678 -7.712 -8.327 -8.786 -6.831 -5.593 -7.145 -9.315 -9.635 -9.696 -7.291
52.86683 -3.223 1.975 1.009 -0.693 -3.48 -5.482 -3.598 -1.19 -3.611 -5.601 -7.186 -8.262 -0.967 -4.331 -6.459 -7.584 -8.355 -5.305 -6.629 -7.663 -8.278 -8.737 -6.782 -5.544 -7.096 -9.266 -9.586 -9.647 -7.242
54.465752 -3.174 2.024 1.059 -0.644 -3.431 -5.433 -3.549 -1.141 -3.562 -5.552 -7.137 -8.213 -0.918 -4.281 -6.41 -7.535 -8.306 -5.256 -6.58 -7.613 -8.229 -8.688 -6.733 -5.495 -7.047 -9.217 -9.537 -9.598 -7.193
56.113031 -3.125 2.074 1.108 -0.595 -3.382 -5.384 -3.5 -1.092 -3.513 -5.503 -7.087 -8.164 -0.869 -4.232 -6.361 -7.486 -8.257 -5.207 -6.53 -7.564 -8.18 -8.639 -6.684 -5.446 -6.998 -9.168 -9.488 -9.549 -7.144
57.810132 -3.076 2.123 1.157 -0.546 -3.333 -5.335 -3.451 -1.043 -3.464 -5.454 -7.038 -8.115 -0.82 -4.183 -6.312 -7.437 -8.208 -5.158 -6.481 -7.515 -8.131 -8.59 -6.635 -5.397 -6.949 -9.119 -9.439 -9.5 -7.095
59.55856 -3.027 2.172 1.206 -0.497 -3.284 -5.286 -3.402 -0.994 -3.415 -5.404 -6.989 -8.066 -0.771 -4.134 -6.263 -7.388 -8.158 -5.109 -6.432 -7.466 -8.082 -8.541 -6.586 -5.348 -6.9 -9.07 -9.39 -9.45 -7.046
61.359868 -2.978 2.221 1.255 -0.448 -3.235 -5.237 -3.352 -0.945 -3.366 -5.355 -6.94 -8.017 -0.722 -4.085 -6.214 -7.338 -8.109 -5.06 -6.383 -7.417 -8.033 -8.492 -6.537 -5.298 -6.85 -9.02 -9.341 -9.401 -6.997
63.215655 -2.928 2.27 1.304 -0.399 -3.185 -5.188 -3.303 -0.896 -3.317 -5.306 -6.891 -7.968 -0.673 -4.036 -6.165 -7.289 -8.06 -5.01 -6.334 -7.368 -7.984 -8.443 -6.488 -5.249 -6.801 -8.971 -9.292 -9.352 -6.948
65.127569 -2.879 2.319 1.353 -0.349 -3.136 -5.138 -3.254 -0.846 -3.267 -5.257 -6.842 -7.919 -0.624 -3.987 -6.115 -7.24 -8.011 -4.961 -6.285 -7.319 -7.934 -8.394 -6.438 -5.2 -6.752 -8.922 -9.242 -9.303 -6.898
67.097308 -2.83 2.368 1.403 -0.3 -3.087 -5.089 -3.205 -0.797 -3.218 -5.208 -6.792 -7.869 -0.574 -3.937 -6.066 -7.191 -7.962 -4.912 -6.236 -7.269 -7.885 -8.344 -6.389 -5.151 -6.703 -8.873 -9.193 -9.254 -6.849
69.126621 -2.781 2.418 1.452 -0.251 -3.038 -5.04 -3.156 -0.748 -3.169 -5.158 -6.743 -7.82 -0.525 -3.888 -6.017 -7.142 -7.912 -4.863 -6.186 -7.22 -7.836 -8.295 -6.34 -5.101 -6.654 -8.824 -9.144 -9.204 -6.8
71.217308 -2.731 2.467 1.501 -0.202 -2.988 -4.991 -3.106 -0.699 -3.119 -5.109 -6.694 -7.771 -0.476 -3.839 -5.968 -7.092 -7.863 -4.813 -6.137 -7.171 -7.787 -8.246 -6.291 -5.052 -6.604 -8.774 -9.095 -9.155 -6.751
73.371227 -2.682 2.516 1.551 -0.152 -2.939 -4.941 -3.057 -0.649 -3.07 -5.06 -6.645 -7.721 -0.426 -3.789 -5.918 -7.043 -7.814 -4.764 -6.088 -7.121 -7.737 -8.196 -6.241 -5.003 -6.555 -8.725 -9.045 -9.106 -6.701
75.59029 -2.633 2.566 1.6 -0.103 -2.89 -4.892 -3.007 -0.6 -3.021 -5.01 -6.595 -7.672 -0.377 -3.74 -5.869 -6.994 -7.764 -4.715 -6.038 -7.072 -7.688 -8.147 -6.192 -4.953 -6.506 -8.676 -8.996 -9.056 -6.652
77.876467 -2.583 2.615 1.649 -0.054 -2.84 -4.843 -2.958 -0.55 -2.971 -4.961 -6.546 -7.623 -0.328 -3.691 -5.819 -6.944 -7.715 -4.665 -5.989 -7.023 -7.638 -8.098 -6.142 -4.904 -6.456 -8.626 -8.946 -9.007 -6.603
80.231787 -2.534 2.665 1.699 -0.004 -2.791 -4.793 -2.909 -0.501 -2.922 -4.911 -6.496 -7.573 -0.278 -3.641 -5.77 -6.895 -7.665 -4.616 -5.939 -6.973 -7.589 -8.048 -6.093 -4.855 -6.407 -8.577 -8.897 -8.958 -6.553
82.658343 -2.484 2.714 1.748 0.045 -2.741 -4.744 -2.859 -0.451 -2.872 -4.862 -6.447 -7.524 -0.229 -3.592 -5.72 -6.845 -7.616 -4.566 -5.89 -6.924 -7.539 -7.999 -6.043 -4.805 -6.357 -8.527 -8.847 -8.908 -6.504
85.158288 -2.435 2.764 1.798 0.095 -2.692 -4.694 -2.81 -0.402 -2.823 -4.812 -6.397 -7.474 -0.179 -3.542 -5.671 -6.796 -7.566 -4.517 -5.84 -6.874 -7.49 -7.949 -5.994 -4.756 -6.308 -8.478 -8.798 -8.859 -6.454
87.733843 -2.385 2.813 1.847 0.145 -2.642 -4.644 -2.76 -0.352 -2.773 -4.763 -6.348 -7.425 -0.13 -3.493 -5.621 -6.746 -7.517 -4.467 -5.791 -6.825 -7.44 -7.9 -5.944 -4.706 -6.258 -8.428 -8.748 -8.809 -6.404
90.387293 -2.336 2.863 1.897 0.194 -2.593 -4.595 -2.71 -0.303 -2.724 -4.713 -6.298 -7.375 -0.08 -3.443 -5.572 -6.696 -7.467 -4.418 -5.741 -6.775 -7.391 -7.85 -5.895 -4.656 -6.208 -8.378 -8.699 -8.759 -6.355
93.120995 -2.286 2.913 1.947 0.244 -2.543 -4.545 -2.661 -0.253 -2.674 -4.664 -6.248 -7.325 -0.03 -3.393 -5.522 -6.647 -7.418 -4.368 -5.691 -6.725 -7.341 -7.8 -5.845 -4.607 -6.159 -8.329 -8.649 -8.71 -6.305
95.937376 -2.236 2.962 1.996 0.294 -2.493 -4.495 -2.611 -0.203 -2.624 -4.614 -6.199 -7.276 0.019 -3.344 -5.472 -6.597 -7.368 -4.318 -5.642 -6.676 -7.291 -7.751 -5.795 -4.557 -6.109 -8.279 -8.599 -8.66 -6.256
98.838937 -2.186 3.012 2.046 0.343 -2.444 -4.446 -2.561 -0.154 -2.575 -4.564 -6.149 -7.226 0.069 -3.294 -5.423 -6.547 -7.318 -4.269 -5.592 -6.626 -7.242 -7.701 -5.746 -4.507 -6.059 -8.229 -8.55 -8.61 -6.206
101.828253 -2.137 3.062 2.096 0.393 -2.394 -4.396 -2.512 -0.104 -2.525 -4.514 -6.099 -7.176 0.119 -3.244 -5.373 -6.498 -7.268 -4.219 -5.542 -6.576 -7.192 -7.651 -5.696 -4.458 -6.01 -8.18 -8.5 -8.56 -6.156
104.907979 -2.087 3.112 2.146 0.443 -2.344 -4.346 -2.462 -0.054 -2.475 -4.465 -6.049 -7.126 0.169 -3.194 -5.323 -6.448 -7.219 -4.169 -5.492 -6.526 -7.142 -7.601 -5.646 -4.408 -5.96 -8.13 -8.45 -8.511 -6.106
108.080849 -2.037 3.161 2.196 0.493 -2.294 -4.296 -2.412 -0.004 -2.425 -4.415 -6.0 -7.076 0.219 -3.144 -5.273 -6.398 -7.169 -4.119 -5.443 -6.476 -7.092 -7.551 -5.596 -4.358 -5.91 -8.08 -8.4 -8.461 -6.056
111.349681 -1.987 3.211 2.245 0.543 -2.244 -4.246 -2.362 0.046 -2.375 -4.365 -5.95 -7.027 0.268 -3.095 -5.223 -6.348 -7.119 -4.069 -5.393 -6.427 -7.042 -7.501 -5.546 -4.308 -5.86 -8.03 -8.35 -8.411 -6.006
114.717376 -1.937 3.261 2.295 0.593 -2.194 -4.196 -2.312 0.096 -2.325 -4.315 -5.9 -6.977 0.318 -3.045 -5.173 -6.298 -7.069 -4.019 -5.343 -6.377 -6.992 -7.452 -5.496 -4.258 -5.81 -7.98 -8.3 -8.361 -5.956
118.186925 -1.887 3.311 2.345 0.643 -2.144 -4.146 -2.262 0.146 -2.275 -4.265 -5.85 -6.927 0.368 -2.995 -5.123 -6.248 -7.019 -3.969 -5.293 -6.327 -6.942 -7.402 -5.446 -4.208 -5.76 -7.93 -8.25 -8.311 -5.906
121.761408 -1.837 3.361 2.395 0.693 -2.094 -4.096 -2.212 0.196 -2.225 -4.215 -5.8 -6.877 0.418 -2.945 -5.073 -6.198 -6.969 -3.919 -5.243 -6.277 -6.892 -7.352 -5.396 -4.158 -5.71 -7.88 -8.2 -8.261 -5.856
125.443999 -1.787 3.411 2.445 0.743 -2.044 -4.046 -2.162 0.246 -2.175 -4.165 -5.75 -6.827 0.468 -2.895 -5.023 -6.148 -6.919 -3.869 -5.193 -6.227 -6.842 -7.301 -5.346 -4.108 -5.66 -7.83 -8.15 -8.211 -5.806
129.237967 -1.737 3.461 2.496 0.793 -1.994 -3.996 -2.112 0.296 -2.125 -4.115 -5.7 -6.776 0.519 -2.844 -4.973 -6.098 -6.869 -3.819 -5.143 -6.176 -6.792 -7.251 -5.296 -4.058 -5.61 -7.78 -8.1 -8.161 -5.756
133.146681 -1.687 3.512 2.546 0.843 -1.944 -3.946 -2.062 0.346 -2.075 -4.065 -5.649 -6.726 0.569 -2.794 -4.923 -6.048 -6.819 -3.769 -5.092 -6.126 -6.742 -7.201 -5.246 -4.008 -5.56 -7.73 -8.05 -8.111 -5.706
137.173612 -1.637 3.562 2.596 0.893 -1.894 -3.896 -2.012 0.396 -2.025 -4.014 -5.599 -6.676 0.619 -2.744 -4.873 -5.998 -6.768 -3.719 -5.042 -6.076 -6.692 -7.151 -5.196 -3.958 -5.51 -7.68 -8.0 -8.06 -5.656
141.322334 -1.587 3.612 2.646 0.943 -1.844 -3.846 -1.961 0.446 -1.975 -3.964 -5.549 -6.626 0.669 -2.694 -4.823 -5.947 -6.718 -3.669 -4.992 -6.026 -6.642 -7.101 -5.146 -3.907 -5.459 -7.629 -7.95 -8.01 -5.606
145.596532 -1.536 3.662 2.696 0.993 -1.793 -3.796 -1.911 0.497 -1.924 -3.914 -5.499 -6.576 0.719 -2.644 -4.772 -5.897 -6.668 -3.618 -4.942 -5.976 -6.591 -7.051 -5.095 -3.857 -5.409 -7.579 -7.899 -7.96 -5.556
150.0 -1.486 3.712 2.747 1.044 -1.743 -3.745 -1.861 0.547 -1.874 -3.864 -5.448 -6.525 0.77 -2.593 -4.722 -5.847 -6.618 -3.568 -4.892 -5.925 -6.541 -7.0 -5.045 -3.807 -5.359 -7.529 -7.849 -7.91 -5.505
