web/models/kne.last_good/kappa_0.5_3.0.v2/19/villar_0.0035_0.4373_0.5000.dat
# %ECSV 1.0
# ---
# datatype:
# - {name: time, datatype: float64}
# - {name: swift_uvot_uvw2, datatype: float64}
# - {name: swift_uvot_uvm2, datatype: float64}
# - {name: swift_uvot_uvw1, datatype: float64}
# - {name: swift_uvot_U, datatype: float64}
# - {name: swift_uvot_B, datatype: float64}
# - {name: swift_uvot_V, datatype: float64}
# - {name: swift_uvot_W, datatype: float64}
# - {name: johnson_U, datatype: float64}
# - {name: johnson_B, datatype: float64}
# - {name: johnson_V, datatype: float64}
# - {name: johnson_R, datatype: float64}
# - {name: johnson_I, datatype: float64}
# - {name: sdss_u, datatype: float64}
# - {name: sdss_g, datatype: float64}
# - {name: sdss_r, datatype: float64}
# - {name: sdss_i, datatype: float64}
# - {name: sdss_z, datatype: float64}
# - {name: PS1_g, datatype: float64}
# - {name: PS1_r, datatype: float64}
# - {name: PS1_i, datatype: float64}
# - {name: PS1_z, datatype: float64}
# - {name: PS1_Y, datatype: float64}
# - {name: PS1_w, datatype: float64}
# - {name: ATLAS_c, datatype: float64}
# - {name: ATLAS_o, datatype: float64}
# - {name: ukirt_J, datatype: float64}
# - {name: ukirt_H, datatype: float64}
# - {name: ukirt_K, datatype: float64}
# - {name: Clear, datatype: float64}
# meta: !!omap
# - comment: [kappa = 0.5, type = villar, mass = 0.003465724215782086, velocity = 0.43733333333333335, theta_obs = 0.0, tfloor = 2500.0]
# schema: astropy-2.0
time swift_uvot_uvw2 swift_uvot_uvm2 swift_uvot_uvw1 swift_uvot_U swift_uvot_B swift_uvot_V swift_uvot_W johnson_U johnson_B johnson_V johnson_R johnson_I sdss_u sdss_g sdss_r sdss_i sdss_z PS1_g PS1_r PS1_i PS1_z PS1_Y PS1_w ATLAS_c ATLAS_o ukirt_J ukirt_H ukirt_K Clear
[from data line 354]
38.092613 2.645 7.843 6.877 5.175 2.388 0.386 2.27 4.678 2.257 0.267 -1.318 -2.394 4.901 1.537 -0.591 -1.716 -2.487 0.563 -0.761 -1.795 -2.41 -2.869 -0.914 0.324 -1.228 -3.398 -3.718 -3.779 -1.374
39.244698 2.731 7.93 6.964 5.261 2.474 0.472 2.357 4.764 2.343 0.354 -1.231 -2.308 4.987 1.624 -0.505 -1.629 -2.4 0.649 -0.674 -1.708 -2.324 -2.783 -0.828 0.411 -1.141 -3.312 -3.632 -3.692 -1.288
40.431627 2.818 8.016 7.05 5.348 2.561 0.559 2.443 4.851 2.43 0.44 -1.145 -2.222 5.073 1.71 -0.418 -1.543 -2.314 0.736 -0.588 -1.622 -2.237 -2.696 -0.741 0.497 -1.055 -3.225 -3.545 -3.606 -1.201
41.654454 2.904 8.103 7.137 5.434 2.647 0.645 2.53 4.937 2.516 0.527 -1.058 -2.135 5.16 1.797 -0.332 -1.456 -2.227 0.822 -0.501 -1.535 -2.151 -2.61 -0.655 0.584 -0.968 -3.138 -3.459 -3.519 -1.115
42.914265 2.991 8.189 7.224 5.521 2.734 0.732 2.616 5.024 2.603 0.613 -0.972 -2.048 5.247 1.884 -0.245 -1.37 -2.141 0.909 -0.415 -1.448 -2.064 -2.523 -0.568 0.67 -0.882 -3.052 -3.372 -3.433 -1.028
44.212178 3.078 8.276 7.31 5.607 2.821 0.818 2.703 5.111 2.69 0.7 -0.885 -1.962 5.333 1.97 -0.159 -1.283 -2.054 0.996 -0.328 -1.362 -1.977 -2.437 -0.482 0.757 -0.795 -2.965 -3.286 -3.346 -0.942
45.549345 3.164 8.363 7.397 5.694 2.907 0.905 2.79 5.197 2.776 0.787 -0.798 -1.875 5.42 2.057 -0.072 -1.196 -1.967 1.082 -0.241 -1.275 -1.891 -2.35 -0.395 0.844 -0.708 -2.879 -3.199 -3.259 -0.855
46.926954 3.251 8.45 7.484 5.781 2.994 0.992 2.876 5.284 2.863 0.873 -0.711 -1.788 5.507 2.144 0.015 -1.11 -1.881 1.169 -0.154 -1.188 -1.804 -2.263 -0.308 0.93 -0.622 -2.792 -3.112 -3.173 -0.768
48.346227 3.338 8.536 7.57 5.868 3.081 1.079 2.963 5.371 2.95 0.96 -0.625 -1.702 5.593 2.23 0.102 -1.023 -1.794 1.256 -0.068 -1.102 -1.717 -2.176 -0.221 1.017 -0.535 -2.705 -3.025 -3.086 -0.681
49.808426 3.425 8.623 7.657 5.954 3.168 1.165 3.05 5.458 3.037 1.047 -0.538 -1.615 5.68 2.317 0.189 -0.936 -1.707 1.343 0.019 -1.015 -1.63 -2.09 -0.134 1.104 -0.448 -2.618 -2.938 -2.999 -0.595
51.314848 3.512 8.71 7.744 6.041 3.254 1.252 3.137 5.544 3.123 1.134 -0.451 -1.528 5.767 2.404 0.275 -0.849 -1.62 1.429 0.106 -0.928 -1.544 -2.003 -0.048 1.191 -0.361 -2.531 -2.852 -2.912 -0.508
52.86683 3.598 8.797 7.831 6.128 3.341 1.339 3.224 5.631 3.21 1.221 -0.364 -1.441 5.854 2.491 0.362 -0.762 -1.533 1.516 0.193 -0.841 -1.457 -1.916 0.039 1.278 -0.274 -2.444 -2.765 -2.825 -0.421
54.465752 3.685 8.884 7.918 6.215 3.428 1.426 3.311 5.718 3.297 1.308 -0.277 -1.354 5.941 2.578 0.449 -0.675 -1.446 1.603 0.28 -0.754 -1.37 -1.829 0.126 1.365 -0.187 -2.357 -2.678 -2.738 -0.334
56.113031 3.772 8.971 8.005 6.302 3.515 1.513 3.398 5.805 3.384 1.395 -0.19 -1.267 6.028 2.665 0.536 -0.588 -1.359 1.69 0.367 -0.667 -1.283 -1.742 0.213 1.452 -0.1 -2.27 -2.591 -2.651 -0.247
57.810132 3.86 9.058 8.092 6.389 3.602 1.6 3.485 5.892 3.471 1.482 -0.103 -1.18 6.115 2.752 0.623 -0.501 -1.272 1.777 0.454 -0.58 -1.196 -1.655 0.3 1.539 -0.013 -2.183 -2.504 -2.564 -0.16
59.55856 3.947 9.145 8.179 6.476 3.69 1.687 3.572 5.979 3.559 1.569 -0.016 -1.093 6.202 2.839 0.71 -0.414 -1.185 1.865 0.541 -0.493 -1.109 -1.568 0.387 1.626 0.074 -2.096 -2.417 -2.477 -0.073
61.359868 4.034 9.232 8.266 6.563 3.777 1.774 3.659 6.067 3.646 1.656 0.071 -1.006 6.289 2.926 0.798 -0.327 -1.098 1.952 0.628 -0.406 -1.021 -1.481 0.475 1.713 0.161 -2.009 -2.329 -2.39 0.014
63.215655 4.121 9.319 8.353 6.651 3.864 1.862 3.746 6.154 3.733 1.743 0.158 -0.918 6.377 3.013 0.885 -0.24 -1.011 2.039 0.715 -0.319 -0.934 -1.393 0.562 1.8 0.248 -1.922 -2.242 -2.303 0.102
65.127569 4.208 9.407 8.441 6.738 3.951 1.949 3.833 6.241 3.82 1.83 0.246 -0.831 6.464 3.101 0.972 -0.153 -0.924 2.126 0.803 -0.231 -0.847 -1.306 0.649 1.887 0.335 -1.835 -2.155 -2.216 0.189
67.097308 4.295 9.494 8.528 6.825 4.038 2.036 3.921 6.328 3.907 1.918 0.333 -0.744 6.551 3.188 1.059 -0.065 -0.836 2.213 0.89 -0.144 -0.76 -1.219 0.736 1.975 0.423 -1.747 -2.068 -2.128 0.276
69.126621 4.383 9.581 8.615 6.912 4.126 2.123 4.008 6.416 3.995 2.005 0.42 -0.657 6.638 3.275 1.147 0.022 -0.749 2.301 0.977 -0.057 -0.672 -1.132 0.823 2.062 0.51 -1.66 -1.98 -2.041 0.363
71.217308 4.47 9.668 8.703 7.0 4.213 2.211 4.095 6.503 4.082 2.092 0.508 -0.569 6.726 3.363 1.234 0.109 -0.662 2.388 1.064 0.031 -0.585 -1.044 0.911 2.149 0.597 -1.573 -1.893 -1.954 0.451
73.371227 4.557 9.756 8.79 7.087 4.3 2.298 4.183 6.59 4.169 2.18 0.595 -0.482 6.813 3.45 1.321 0.197 -0.574 2.475 1.152 0.118 -0.498 -0.957 0.998 2.237 0.685 -1.485 -1.806 -1.866 0.538
75.59029 4.645 9.843 8.877 7.175 4.388 2.386 4.27 6.678 4.257 2.267 0.682 -0.395 6.9 3.537 1.409 0.284 -0.487 2.563 1.239 0.205 -0.41 -0.87 1.086 2.324 0.772 -1.398 -1.718 -1.779 0.626
77.876467 4.732 9.931 8.965 7.262 4.475 2.473 4.357 6.765 4.344 2.355 0.77 -0.307 6.988 3.625 1.496 0.371 -0.399 2.65 1.327 0.293 -0.323 -0.782 1.173 2.411 0.859 -1.311 -1.631 -1.691 0.713
80.231787 4.82 10.018 9.052 7.349 4.563 2.561 4.445 6.853 4.432 2.442 0.857 -0.22 7.075 3.712 1.584 0.459 -0.312 2.738 1.414 0.38 -0.235 -0.695 1.261 2.499 0.947 -1.223 -1.543 -1.604 0.8
82.658343 4.907 10.106 9.14 7.437 4.65 2.648 4.532 6.94 4.519 2.53 0.945 -0.132 7.163 3.8 1.671 0.546 -0.224 2.825 1.502 0.468 -0.148 -0.607 1.348 2.586 1.034 -1.136 -1.456 -1.516 0.888
85.158288 4.995 10.193 9.227 7.525 4.738 2.736 4.62 7.028 4.607 2.617 1.032 -0.045 7.25 3.887 1.759 0.634 -0.137 2.913 1.589 0.555 -0.06 -0.519 1.436 2.674 1.122 -1.048 -1.368 -1.429 0.976
87.733843 5.082 10.281 9.315 7.612 4.825 2.823 4.708 7.115 4.694 2.705 1.12 0.043 7.338 3.975 1.846 0.722 -0.049 3.0 1.677 0.643 0.027 -0.432 1.523 2.762 1.21 -0.96 -1.281 -1.341 1.063
90.387293 5.17 10.369 9.403 7.7 4.913 2.911 4.795 7.203 4.782 2.792 1.208 0.131 7.426 4.063 1.934 0.809 0.038 3.088 1.765 0.731 0.115 -0.344 1.611 2.849 1.297 -0.873 -1.193 -1.254 1.151
93.120995 5.258 10.456 9.49 7.787 5.001 2.998 4.883 7.291 4.87 2.88 1.295 0.218 7.513 4.15 2.022 0.897 0.126 3.176 1.852 0.818 0.203 -0.257 1.699 2.937 1.385 -0.785 -1.105 -1.166 1.238
95.937376 5.345 10.544 9.578 7.875 5.088 3.086 4.971 7.378 4.957 2.968 1.383 0.306 7.601 4.238 2.109 0.985 0.214 3.263 1.94 0.906 0.29 -0.169 1.786 3.025 1.473 -0.697 -1.018 -1.078 1.326
98.838937 5.433 10.632 9.666 7.963 5.176 3.174 5.058 7.466 5.045 3.056 1.471 0.394 7.689 4.326 2.197 1.072 0.302 3.351 2.028 0.994 0.378 -0.081 1.874 3.112 1.56 -0.61 -0.93 -0.991 1.414
101.828253 5.521 10.719 9.754 8.051 5.264 3.262 5.146 7.554 5.133 3.143 1.558 0.482 7.777 4.414 2.285 1.16 0.389 3.439 2.115 1.082 0.466 0.007 1.962 3.2 1.648 -0.522 -0.842 -0.903 1.502
104.907979 5.609 10.807 9.841 8.139 5.352 3.35 5.234 7.642 5.221 3.231 1.646 0.569 7.864 4.501 2.373 1.248 0.477 3.527 2.203 1.169 0.554 0.094 2.05 3.288 1.736 -0.434 -0.754 -0.815 1.589
108.080849 5.697 10.895 9.929 8.226 5.44 3.437 5.322 7.73 5.309 3.319 1.734 0.657 7.952 4.589 2.46 1.336 0.565 3.615 2.291 1.257 0.641 0.182 2.137 3.376 1.824 -0.346 -0.667 -0.727 1.677
111.349681 5.784 10.983 10.017 8.314 5.527 3.525 5.41 7.817 5.396 3.407 1.822 0.745 8.04 4.677 2.548 1.424 0.653 3.702 2.379 1.345 0.729 0.27 2.225 3.464 1.912 -0.258 -0.579 -0.639 1.765
114.717376 5.872 11.071 10.105 8.402 5.615 3.613 5.498 7.905 5.484 3.495 1.91 0.833 8.128 4.765 2.636 1.512 0.741 3.79 2.467 1.433 0.817 0.358 2.313 3.552 2.0 -0.17 -0.491 -0.551 1.853
118.186925 5.96 11.159 10.193 8.49 5.703 3.701 5.586 7.993 5.572 3.583 1.998 0.921 8.216 4.853 2.724 1.6 0.829 3.878 2.555 1.521 0.905 0.446 2.401 3.64 2.087 -0.083 -0.403 -0.463 1.941
121.761408 6.048 11.247 10.281 8.578 5.791 3.789 5.674 8.081 5.66 3.671 2.086 1.009 8.304 4.941 2.812 1.687 0.917 3.966 2.643 1.609 0.993 0.534 2.489 3.728 2.175 0.005 -0.315 -0.375 2.029
125.443999 6.136 11.335 10.369 8.666 5.879 3.877 5.762 8.169 5.748 3.759 2.174 1.097 8.392 5.029 2.9 1.775 1.005 4.054 2.731 1.697 1.081 0.622 2.577 3.816 2.263 0.093 -0.227 -0.287 2.117
129.237967 6.224 11.423 10.457 8.754 5.967 3.965 5.85 8.257 5.836 3.847 2.262 1.185 8.48 5.117 2.988 1.864 1.093 4.142 2.819 1.785 1.169 0.71 2.665 3.904 2.352 0.181 -0.139 -0.199 2.205
133.146681 6.312 11.511 10.545 8.842 6.055 4.053 5.938 8.345 5.924 3.935 2.35 1.273 8.568 5.205 3.076 1.952 1.181 4.23 2.907 1.873 1.257 0.798 2.753 3.992 2.44 0.27 -0.051 -0.111 2.293
137.173612 6.401 11.599 10.633 8.93 6.143 4.141 6.026 8.433 6.012 4.023 2.438 1.361 8.656 5.293 3.164 2.04 1.269 4.318 2.995 1.961 1.345 0.886 2.841 4.08 2.528 0.358 0.037 -0.023 2.381
141.322334 6.489 11.687 10.721 9.018 6.232 4.229 6.114 8.522 6.101 4.111 2.526 1.449 8.744 5.381 3.252 2.128 1.357 4.407 3.083 2.049 1.434 0.974 2.929 4.168 2.616 0.446 0.125 0.065 2.469
145.596532 6.577 11.775 10.809 9.107 6.32 4.318 6.202 8.61 6.189 4.199 2.614 1.537 8.832 5.469 3.341 2.216 1.445 4.495 3.171 2.137 1.522 1.062 3.018 4.256 2.704 0.534 0.214 0.153 2.558
150.0 6.665 11.863 10.898 9.195 6.408 4.406 6.29 8.698 6.277 4.287 2.702 1.626 8.921 5.558 3.429 2.304 1.533 4.583 3.259 2.226 1.61 1.151 3.106 4.344 2.792 0.622 0.302 0.241 2.646
