web/models/linear/42/-15_673_0_578.dat
# %ECSV 1.0
# ---
# datatype:
# - {name: time, datatype: float64}
# - {name: sdss_u, datatype: float64}
# - {name: sdss_g, datatype: float64}
# - {name: sdss_r, datatype: float64}
# - {name: sdss_i, datatype: float64}
# - {name: sdss_z, datatype: float64}
# - {name: Clear, datatype: float64}
# - {name: johnson_B, datatype: float64}
# - {name: johnson_V, datatype: float64}
# - {name: johnson_R, datatype: float64}
# - {name: johnson_I, datatype: float64}
# - {name: ukirt_J, datatype: float64}
# - {name: ukirt_H, datatype: float64}
# - {name: ukirt_K, datatype: float64}
# meta: !!omap
# - comment: [M=-15.673469387755102, dM=0.5782109645659659]
# schema: astropy-2.0
time sdss_u sdss_g sdss_r sdss_i sdss_z Clear johnson_B johnson_V johnson_R johnson_I ukirt_J ukirt_H ukirt_K
0.0 -15.673469387755102 -15.673469387755102 -15.673469387755102 -15.673469387755102 -15.673469387755102 -15.673469387755102 -15.673469387755102 -15.673469387755102 -15.673469387755102 -15.673469387755102 -15.673469387755102 -15.673469387755102 -15.673469387755102
0.07537688442211055 -15.629885646707416 -15.629885646707416 -15.629885646707416 -15.629885646707416 -15.629885646707416 -15.629885646707416 -15.629885646707416 -15.629885646707416 -15.629885646707416 -15.629885646707416 -15.629885646707416 -15.629885646707416 -15.629885646707416
0.1507537688442211 -15.58630190565973 -15.58630190565973 -15.58630190565973 -15.58630190565973 -15.58630190565973 -15.58630190565973 -15.58630190565973 -15.58630190565973 -15.58630190565973 -15.58630190565973 -15.58630190565973 -15.58630190565973 -15.58630190565973
0.22613065326633164 -15.542718164612044 -15.542718164612044 -15.542718164612044 -15.542718164612044 -15.542718164612044 -15.542718164612044 -15.542718164612044 -15.542718164612044 -15.542718164612044 -15.542718164612044 -15.542718164612044 -15.542718164612044 -15.542718164612044
0.3015075376884422 -15.499134423564358 -15.499134423564358 -15.499134423564358 -15.499134423564358 -15.499134423564358 -15.499134423564358 -15.499134423564358 -15.499134423564358 -15.499134423564358 -15.499134423564358 -15.499134423564358 -15.499134423564358 -15.499134423564358
0.37688442211055273 -15.455550682516673 -15.455550682516673 -15.455550682516673 -15.455550682516673 -15.455550682516673 -15.455550682516673 -15.455550682516673 -15.455550682516673 -15.455550682516673 -15.455550682516673 -15.455550682516673 -15.455550682516673 -15.455550682516673
0.4522613065326633 -15.411966941468986 -15.411966941468986 -15.411966941468986 -15.411966941468986 -15.411966941468986 -15.411966941468986 -15.411966941468986 -15.411966941468986 -15.411966941468986 -15.411966941468986 -15.411966941468986 -15.411966941468986 -15.411966941468986
0.5276381909547738 -15.3683832004213 -15.3683832004213 -15.3683832004213 -15.3683832004213 -15.3683832004213 -15.3683832004213 -15.3683832004213 -15.3683832004213 -15.3683832004213 -15.3683832004213 -15.3683832004213 -15.3683832004213 -15.3683832004213
0.6030150753768844 -15.324799459373615 -15.324799459373615 -15.324799459373615 -15.324799459373615 -15.324799459373615 -15.324799459373615 -15.324799459373615 -15.324799459373615 -15.324799459373615 -15.324799459373615 -15.324799459373615 -15.324799459373615 -15.324799459373615
0.6783919597989949 -15.281215718325928 -15.281215718325928 -15.281215718325928 -15.281215718325928 -15.281215718325928 -15.281215718325928 -15.281215718325928 -15.281215718325928 -15.281215718325928 -15.281215718325928 -15.281215718325928 -15.281215718325928 -15.281215718325928
0.7537688442211055 -15.237631977278243 -15.237631977278243 -15.237631977278243 -15.237631977278243 -15.237631977278243 -15.237631977278243 -15.237631977278243 -15.237631977278243 -15.237631977278243 -15.237631977278243 -15.237631977278243 -15.237631977278243 -15.237631977278243
0.829145728643216 -15.194048236230557 -15.194048236230557 -15.194048236230557 -15.194048236230557 -15.194048236230557 -15.194048236230557 -15.194048236230557 -15.194048236230557 -15.194048236230557 -15.194048236230557 -15.194048236230557 -15.194048236230557 -15.194048236230557
0.9045226130653266 -15.150464495182872 -15.150464495182872 -15.150464495182872 -15.150464495182872 -15.150464495182872 -15.150464495182872 -15.150464495182872 -15.150464495182872 -15.150464495182872 -15.150464495182872 -15.150464495182872 -15.150464495182872 -15.150464495182872
0.9798994974874371 -15.106880754135185 -15.106880754135185 -15.106880754135185 -15.106880754135185 -15.106880754135185 -15.106880754135185 -15.106880754135185 -15.106880754135185 -15.106880754135185 -15.106880754135185 -15.106880754135185 -15.106880754135185 -15.106880754135185
1.0552763819095476 -15.0632970130875 -15.0632970130875 -15.0632970130875 -15.0632970130875 -15.0632970130875 -15.0632970130875 -15.0632970130875 -15.0632970130875 -15.0632970130875 -15.0632970130875 -15.0632970130875 -15.0632970130875 -15.0632970130875
1.1306532663316582 -15.019713272039814 -15.019713272039814 -15.019713272039814 -15.019713272039814 -15.019713272039814 -15.019713272039814 -15.019713272039814 -15.019713272039814 -15.019713272039814 -15.019713272039814 -15.019713272039814 -15.019713272039814 -15.019713272039814
1.2060301507537687 -14.976129530992129 -14.976129530992129 -14.976129530992129 -14.976129530992129 -14.976129530992129 -14.976129530992129 -14.976129530992129 -14.976129530992129 -14.976129530992129 -14.976129530992129 -14.976129530992129 -14.976129530992129 -14.976129530992129
1.2814070351758793 -14.932545789944442 -14.932545789944442 -14.932545789944442 -14.932545789944442 -14.932545789944442 -14.932545789944442 -14.932545789944442 -14.932545789944442 -14.932545789944442 -14.932545789944442 -14.932545789944442 -14.932545789944442 -14.932545789944442
1.3567839195979898 -14.888962048896756 -14.888962048896756 -14.888962048896756 -14.888962048896756 -14.888962048896756 -14.888962048896756 -14.888962048896756 -14.888962048896756 -14.888962048896756 -14.888962048896756 -14.888962048896756 -14.888962048896756 -14.888962048896756
1.4321608040201004 -14.84537830784907 -14.84537830784907 -14.84537830784907 -14.84537830784907 -14.84537830784907 -14.84537830784907 -14.84537830784907 -14.84537830784907 -14.84537830784907 -14.84537830784907 -14.84537830784907 -14.84537830784907 -14.84537830784907
1.507537688442211 -14.801794566801384 -14.801794566801384 -14.801794566801384 -14.801794566801384 -14.801794566801384 -14.801794566801384 -14.801794566801384 -14.801794566801384 -14.801794566801384 -14.801794566801384 -14.801794566801384 -14.801794566801384 -14.801794566801384
1.5829145728643215 -14.758210825753698 -14.758210825753698 -14.758210825753698 -14.758210825753698 -14.758210825753698 -14.758210825753698 -14.758210825753698 -14.758210825753698 -14.758210825753698 -14.758210825753698 -14.758210825753698 -14.758210825753698 -14.758210825753698
1.658291457286432 -14.714627084706013 -14.714627084706013 -14.714627084706013 -14.714627084706013 -14.714627084706013 -14.714627084706013 -14.714627084706013 -14.714627084706013 -14.714627084706013 -14.714627084706013 -14.714627084706013 -14.714627084706013 -14.714627084706013
1.7336683417085426 -14.671043343658326 -14.671043343658326 -14.671043343658326 -14.671043343658326 -14.671043343658326 -14.671043343658326 -14.671043343658326 -14.671043343658326 -14.671043343658326 -14.671043343658326 -14.671043343658326 -14.671043343658326 -14.671043343658326
1.809045226130653 -14.62745960261064 -14.62745960261064 -14.62745960261064 -14.62745960261064 -14.62745960261064 -14.62745960261064 -14.62745960261064 -14.62745960261064 -14.62745960261064 -14.62745960261064 -14.62745960261064 -14.62745960261064 -14.62745960261064
1.8844221105527637 -14.583875861562955 -14.583875861562955 -14.583875861562955 -14.583875861562955 -14.583875861562955 -14.583875861562955 -14.583875861562955 -14.583875861562955 -14.583875861562955 -14.583875861562955 -14.583875861562955 -14.583875861562955 -14.583875861562955
1.9597989949748742 -14.54029212051527 -14.54029212051527 -14.54029212051527 -14.54029212051527 -14.54029212051527 -14.54029212051527 -14.54029212051527 -14.54029212051527 -14.54029212051527 -14.54029212051527 -14.54029212051527 -14.54029212051527 -14.54029212051527
2.0351758793969847 -14.496708379467583 -14.496708379467583 -14.496708379467583 -14.496708379467583 -14.496708379467583 -14.496708379467583 -14.496708379467583 -14.496708379467583 -14.496708379467583 -14.496708379467583 -14.496708379467583 -14.496708379467583 -14.496708379467583
2.1105527638190953 -14.453124638419897 -14.453124638419897 -14.453124638419897 -14.453124638419897 -14.453124638419897 -14.453124638419897 -14.453124638419897 -14.453124638419897 -14.453124638419897 -14.453124638419897 -14.453124638419897 -14.453124638419897 -14.453124638419897
2.185929648241206 -14.409540897372212 -14.409540897372212 -14.409540897372212 -14.409540897372212 -14.409540897372212 -14.409540897372212 -14.409540897372212 -14.409540897372212 -14.409540897372212 -14.409540897372212 -14.409540897372212 -14.409540897372212 -14.409540897372212
2.2613065326633164 -14.365957156324527 -14.365957156324527 -14.365957156324527 -14.365957156324527 -14.365957156324527 -14.365957156324527 -14.365957156324527 -14.365957156324527 -14.365957156324527 -14.365957156324527 -14.365957156324527 -14.365957156324527 -14.365957156324527
2.336683417085427 -14.32237341527684 -14.32237341527684 -14.32237341527684 -14.32237341527684 -14.32237341527684 -14.32237341527684 -14.32237341527684 -14.32237341527684 -14.32237341527684 -14.32237341527684 -14.32237341527684 -14.32237341527684 -14.32237341527684
2.4120603015075375 -14.278789674229154 -14.278789674229154 -14.278789674229154 -14.278789674229154 -14.278789674229154 -14.278789674229154 -14.278789674229154 -14.278789674229154 -14.278789674229154 -14.278789674229154 -14.278789674229154 -14.278789674229154 -14.278789674229154
2.487437185929648 -14.235205933181469 -14.235205933181469 -14.235205933181469 -14.235205933181469 -14.235205933181469 -14.235205933181469 -14.235205933181469 -14.235205933181469 -14.235205933181469 -14.235205933181469 -14.235205933181469 -14.235205933181469 -14.235205933181469
2.5628140703517586 -14.191622192133782 -14.191622192133782 -14.191622192133782 -14.191622192133782 -14.191622192133782 -14.191622192133782 -14.191622192133782 -14.191622192133782 -14.191622192133782 -14.191622192133782 -14.191622192133782 -14.191622192133782 -14.191622192133782
2.638190954773869 -14.148038451086096 -14.148038451086096 -14.148038451086096 -14.148038451086096 -14.148038451086096 -14.148038451086096 -14.148038451086096 -14.148038451086096 -14.148038451086096 -14.148038451086096 -14.148038451086096 -14.148038451086096 -14.148038451086096
2.7135678391959797 -14.10445471003841 -14.10445471003841 -14.10445471003841 -14.10445471003841 -14.10445471003841 -14.10445471003841 -14.10445471003841 -14.10445471003841 -14.10445471003841 -14.10445471003841 -14.10445471003841 -14.10445471003841 -14.10445471003841
2.78894472361809 -14.060870968990724 -14.060870968990724 -14.060870968990724 -14.060870968990724 -14.060870968990724 -14.060870968990724 -14.060870968990724 -14.060870968990724 -14.060870968990724 -14.060870968990724 -14.060870968990724 -14.060870968990724 -14.060870968990724
2.8643216080402008 -14.017287227943038 -14.017287227943038 -14.017287227943038 -14.017287227943038 -14.017287227943038 -14.017287227943038 -14.017287227943038 -14.017287227943038 -14.017287227943038 -14.017287227943038 -14.017287227943038 -14.017287227943038 -14.017287227943038
2.9396984924623113 -13.973703486895353 -13.973703486895353 -13.973703486895353 -13.973703486895353 -13.973703486895353 -13.973703486895353 -13.973703486895353 -13.973703486895353 -13.973703486895353 -13.973703486895353 -13.973703486895353 -13.973703486895353 -13.973703486895353
3.015075376884422 -13.930119745847668 -13.930119745847668 -13.930119745847668 -13.930119745847668 -13.930119745847668 -13.930119745847668 -13.930119745847668 -13.930119745847668 -13.930119745847668 -13.930119745847668 -13.930119745847668 -13.930119745847668 -13.930119745847668
3.0904522613065324 -13.88653600479998 -13.88653600479998 -13.88653600479998 -13.88653600479998 -13.88653600479998 -13.88653600479998 -13.88653600479998 -13.88653600479998 -13.88653600479998 -13.88653600479998 -13.88653600479998 -13.88653600479998 -13.88653600479998
3.165829145728643 -13.842952263752295 -13.842952263752295 -13.842952263752295 -13.842952263752295 -13.842952263752295 -13.842952263752295 -13.842952263752295 -13.842952263752295 -13.842952263752295 -13.842952263752295 -13.842952263752295 -13.842952263752295 -13.842952263752295
3.2412060301507535 -13.79936852270461 -13.79936852270461 -13.79936852270461 -13.79936852270461 -13.79936852270461 -13.79936852270461 -13.79936852270461 -13.79936852270461 -13.79936852270461 -13.79936852270461 -13.79936852270461 -13.79936852270461 -13.79936852270461
3.316582914572864 -13.755784781656924 -13.755784781656924 -13.755784781656924 -13.755784781656924 -13.755784781656924 -13.755784781656924 -13.755784781656924 -13.755784781656924 -13.755784781656924 -13.755784781656924 -13.755784781656924 -13.755784781656924 -13.755784781656924
3.3919597989949746 -13.712201040609237 -13.712201040609237 -13.712201040609237 -13.712201040609237 -13.712201040609237 -13.712201040609237 -13.712201040609237 -13.712201040609237 -13.712201040609237 -13.712201040609237 -13.712201040609237 -13.712201040609237 -13.712201040609237
3.467336683417085 -13.668617299561552 -13.668617299561552 -13.668617299561552 -13.668617299561552 -13.668617299561552 -13.668617299561552 -13.668617299561552 -13.668617299561552 -13.668617299561552 -13.668617299561552 -13.668617299561552 -13.668617299561552 -13.668617299561552
3.5427135678391957 -13.625033558513866 -13.625033558513866 -13.625033558513866 -13.625033558513866 -13.625033558513866 -13.625033558513866 -13.625033558513866 -13.625033558513866 -13.625033558513866 -13.625033558513866 -13.625033558513866 -13.625033558513866 -13.625033558513866
3.618090452261306 -13.58144981746618 -13.58144981746618 -13.58144981746618 -13.58144981746618 -13.58144981746618 -13.58144981746618 -13.58144981746618 -13.58144981746618 -13.58144981746618 -13.58144981746618 -13.58144981746618 -13.58144981746618 -13.58144981746618
3.6934673366834168 -13.537866076418494 -13.537866076418494 -13.537866076418494 -13.537866076418494 -13.537866076418494 -13.537866076418494 -13.537866076418494 -13.537866076418494 -13.537866076418494 -13.537866076418494 -13.537866076418494 -13.537866076418494 -13.537866076418494
3.7688442211055273 -13.494282335370809 -13.494282335370809 -13.494282335370809 -13.494282335370809 -13.494282335370809 -13.494282335370809 -13.494282335370809 -13.494282335370809 -13.494282335370809 -13.494282335370809 -13.494282335370809 -13.494282335370809 -13.494282335370809
3.844221105527638 -13.450698594323121 -13.450698594323121 -13.450698594323121 -13.450698594323121 -13.450698594323121 -13.450698594323121 -13.450698594323121 -13.450698594323121 -13.450698594323121 -13.450698594323121 -13.450698594323121 -13.450698594323121 -13.450698594323121
3.9195979899497484 -13.407114853275436 -13.407114853275436 -13.407114853275436 -13.407114853275436 -13.407114853275436 -13.407114853275436 -13.407114853275436 -13.407114853275436 -13.407114853275436 -13.407114853275436 -13.407114853275436 -13.407114853275436 -13.407114853275436
3.994974874371859 -13.36353111222775 -13.36353111222775 -13.36353111222775 -13.36353111222775 -13.36353111222775 -13.36353111222775 -13.36353111222775 -13.36353111222775 -13.36353111222775 -13.36353111222775 -13.36353111222775 -13.36353111222775 -13.36353111222775
4.0703517587939695 -13.319947371180065 -13.319947371180065 -13.319947371180065 -13.319947371180065 -13.319947371180065 -13.319947371180065 -13.319947371180065 -13.319947371180065 -13.319947371180065 -13.319947371180065 -13.319947371180065 -13.319947371180065 -13.319947371180065
4.14572864321608 -13.27636363013238 -13.27636363013238 -13.27636363013238 -13.27636363013238 -13.27636363013238 -13.27636363013238 -13.27636363013238 -13.27636363013238 -13.27636363013238 -13.27636363013238 -13.27636363013238 -13.27636363013238 -13.27636363013238
4.221105527638191 -13.232779889084693 -13.232779889084693 -13.232779889084693 -13.232779889084693 -13.232779889084693 -13.232779889084693 -13.232779889084693 -13.232779889084693 -13.232779889084693 -13.232779889084693 -13.232779889084693 -13.232779889084693 -13.232779889084693
4.296482412060302 -13.189196148037007 -13.189196148037007 -13.189196148037007 -13.189196148037007 -13.189196148037007 -13.189196148037007 -13.189196148037007 -13.189196148037007 -13.189196148037007 -13.189196148037007 -13.189196148037007 -13.189196148037007 -13.189196148037007
