web/models/linear/42/-15_673_0_123.dat
# %ECSV 1.0
# ---
# datatype:
# - {name: time, datatype: float64}
# - {name: sdss_u, datatype: float64}
# - {name: sdss_g, datatype: float64}
# - {name: sdss_r, datatype: float64}
# - {name: sdss_i, datatype: float64}
# - {name: sdss_z, datatype: float64}
# - {name: Clear, datatype: float64}
# - {name: johnson_B, datatype: float64}
# - {name: johnson_V, datatype: float64}
# - {name: johnson_R, datatype: float64}
# - {name: johnson_I, datatype: float64}
# - {name: ukirt_J, datatype: float64}
# - {name: ukirt_H, datatype: float64}
# - {name: ukirt_K, datatype: float64}
# meta: !!omap
# - comment: [M=-15.673469387755102, dM=0.12257636323289027]
# schema: astropy-2.0
time sdss_u sdss_g sdss_r sdss_i sdss_z Clear johnson_B johnson_V johnson_R johnson_I ukirt_J ukirt_H ukirt_K
[from data line 174]
13.115577889447234 -14.065809548368954 -14.065809548368954 -14.065809548368954 -14.065809548368954 -14.065809548368954 -14.065809548368954 -14.065809548368954 -14.065809548368954 -14.065809548368954 -14.065809548368954 -14.065809548368954 -14.065809548368954 -14.065809548368954
13.190954773869345 -14.056570124004665 -14.056570124004665 -14.056570124004665 -14.056570124004665 -14.056570124004665 -14.056570124004665 -14.056570124004665 -14.056570124004665 -14.056570124004665 -14.056570124004665 -14.056570124004665 -14.056570124004665 -14.056570124004665
13.266331658291456 -14.047330699640376 -14.047330699640376 -14.047330699640376 -14.047330699640376 -14.047330699640376 -14.047330699640376 -14.047330699640376 -14.047330699640376 -14.047330699640376 -14.047330699640376 -14.047330699640376 -14.047330699640376 -14.047330699640376
13.341708542713567 -14.038091275276088 -14.038091275276088 -14.038091275276088 -14.038091275276088 -14.038091275276088 -14.038091275276088 -14.038091275276088 -14.038091275276088 -14.038091275276088 -14.038091275276088 -14.038091275276088 -14.038091275276088 -14.038091275276088
13.417085427135678 -14.0288518509118 -14.0288518509118 -14.0288518509118 -14.0288518509118 -14.0288518509118 -14.0288518509118 -14.0288518509118 -14.0288518509118 -14.0288518509118 -14.0288518509118 -14.0288518509118 -14.0288518509118 -14.0288518509118
13.492462311557787 -14.019612426547512 -14.019612426547512 -14.019612426547512 -14.019612426547512 -14.019612426547512 -14.019612426547512 -14.019612426547512 -14.019612426547512 -14.019612426547512 -14.019612426547512 -14.019612426547512 -14.019612426547512 -14.019612426547512
13.567839195979898 -14.010373002183224 -14.010373002183224 -14.010373002183224 -14.010373002183224 -14.010373002183224 -14.010373002183224 -14.010373002183224 -14.010373002183224 -14.010373002183224 -14.010373002183224 -14.010373002183224 -14.010373002183224 -14.010373002183224
13.64321608040201 -14.001133577818935 -14.001133577818935 -14.001133577818935 -14.001133577818935 -14.001133577818935 -14.001133577818935 -14.001133577818935 -14.001133577818935 -14.001133577818935 -14.001133577818935 -14.001133577818935 -14.001133577818935 -14.001133577818935
13.718592964824118 -13.991894153454648 -13.991894153454648 -13.991894153454648 -13.991894153454648 -13.991894153454648 -13.991894153454648 -13.991894153454648 -13.991894153454648 -13.991894153454648 -13.991894153454648 -13.991894153454648 -13.991894153454648 -13.991894153454648
13.79396984924623 -13.98265472909036 -13.98265472909036 -13.98265472909036 -13.98265472909036 -13.98265472909036 -13.98265472909036 -13.98265472909036 -13.98265472909036 -13.98265472909036 -13.98265472909036 -13.98265472909036 -13.98265472909036 -13.98265472909036
13.86934673366834 -13.973415304726071 -13.973415304726071 -13.973415304726071 -13.973415304726071 -13.973415304726071 -13.973415304726071 -13.973415304726071 -13.973415304726071 -13.973415304726071 -13.973415304726071 -13.973415304726071 -13.973415304726071 -13.973415304726071
13.944723618090451 -13.964175880361783 -13.964175880361783 -13.964175880361783 -13.964175880361783 -13.964175880361783 -13.964175880361783 -13.964175880361783 -13.964175880361783 -13.964175880361783 -13.964175880361783 -13.964175880361783 -13.964175880361783 -13.964175880361783
14.020100502512562 -13.954936455997494 -13.954936455997494 -13.954936455997494 -13.954936455997494 -13.954936455997494 -13.954936455997494 -13.954936455997494 -13.954936455997494 -13.954936455997494 -13.954936455997494 -13.954936455997494 -13.954936455997494 -13.954936455997494
14.095477386934672 -13.945697031633205 -13.945697031633205 -13.945697031633205 -13.945697031633205 -13.945697031633205 -13.945697031633205 -13.945697031633205 -13.945697031633205 -13.945697031633205 -13.945697031633205 -13.945697031633205 -13.945697031633205 -13.945697031633205
14.170854271356783 -13.936457607268919 -13.936457607268919 -13.936457607268919 -13.936457607268919 -13.936457607268919 -13.936457607268919 -13.936457607268919 -13.936457607268919 -13.936457607268919 -13.936457607268919 -13.936457607268919 -13.936457607268919 -13.936457607268919
14.246231155778894 -13.92721818290463 -13.92721818290463 -13.92721818290463 -13.92721818290463 -13.92721818290463 -13.92721818290463 -13.92721818290463 -13.92721818290463 -13.92721818290463 -13.92721818290463 -13.92721818290463 -13.92721818290463 -13.92721818290463
14.321608040201003 -13.917978758540341 -13.917978758540341 -13.917978758540341 -13.917978758540341 -13.917978758540341 -13.917978758540341 -13.917978758540341 -13.917978758540341 -13.917978758540341 -13.917978758540341 -13.917978758540341 -13.917978758540341 -13.917978758540341
14.396984924623114 -13.908739334176053 -13.908739334176053 -13.908739334176053 -13.908739334176053 -13.908739334176053 -13.908739334176053 -13.908739334176053 -13.908739334176053 -13.908739334176053 -13.908739334176053 -13.908739334176053 -13.908739334176053 -13.908739334176053
14.472361809045225 -13.899499909811766 -13.899499909811766 -13.899499909811766 -13.899499909811766 -13.899499909811766 -13.899499909811766 -13.899499909811766 -13.899499909811766 -13.899499909811766 -13.899499909811766 -13.899499909811766 -13.899499909811766 -13.899499909811766
14.547738693467336 -13.890260485447477 -13.890260485447477 -13.890260485447477 -13.890260485447477 -13.890260485447477 -13.890260485447477 -13.890260485447477 -13.890260485447477 -13.890260485447477 -13.890260485447477 -13.890260485447477 -13.890260485447477 -13.890260485447477
14.623115577889447 -13.881021061083189 -13.881021061083189 -13.881021061083189 -13.881021061083189 -13.881021061083189 -13.881021061083189 -13.881021061083189 -13.881021061083189 -13.881021061083189 -13.881021061083189 -13.881021061083189 -13.881021061083189 -13.881021061083189
14.698492462311556 -13.8717816367189 -13.8717816367189 -13.8717816367189 -13.8717816367189 -13.8717816367189 -13.8717816367189 -13.8717816367189 -13.8717816367189 -13.8717816367189 -13.8717816367189 -13.8717816367189 -13.8717816367189 -13.8717816367189
14.773869346733667 -13.862542212354612 -13.862542212354612 -13.862542212354612 -13.862542212354612 -13.862542212354612 -13.862542212354612 -13.862542212354612 -13.862542212354612 -13.862542212354612 -13.862542212354612 -13.862542212354612 -13.862542212354612 -13.862542212354612
14.849246231155778 -13.853302787990325 -13.853302787990325 -13.853302787990325 -13.853302787990325 -13.853302787990325 -13.853302787990325 -13.853302787990325 -13.853302787990325 -13.853302787990325 -13.853302787990325 -13.853302787990325 -13.853302787990325 -13.853302787990325
14.924623115577887 -13.844063363626036 -13.844063363626036 -13.844063363626036 -13.844063363626036 -13.844063363626036 -13.844063363626036 -13.844063363626036 -13.844063363626036 -13.844063363626036 -13.844063363626036 -13.844063363626036 -13.844063363626036 -13.844063363626036
15.0 -13.834823939261748 -13.834823939261748 -13.834823939261748 -13.834823939261748 -13.834823939261748 -13.834823939261748 -13.834823939261748 -13.834823939261748 -13.834823939261748 -13.834823939261748 -13.834823939261748 -13.834823939261748 -13.834823939261748
