web/models/linear/17/-13_469_0_022.dat
# %ECSV 1.0
# ---
# datatype:
# - {name: time, datatype: float64}
# - {name: swift_uvot_uvw2, datatype: float64}
# - {name: swift_uvot_uvm2, datatype: float64}
# - {name: swift_uvot_uvw1, datatype: float64}
# - {name: swift_uvot_U, datatype: float64}
# - {name: swift_uvot_B, datatype: float64}
# - {name: swift_uvot_V, datatype: float64}
# - {name: swift_uvot_W, datatype: float64}
# - {name: johnson_U, datatype: float64}
# - {name: johnson_B, datatype: float64}
# - {name: johnson_V, datatype: float64}
# - {name: johnson_R, datatype: float64}
# - {name: johnson_I, datatype: float64}
# - {name: sdss_u, datatype: float64}
# - {name: sdss_g, datatype: float64}
# - {name: sdss_r, datatype: float64}
# - {name: sdss_i, datatype: float64}
# - {name: sdss_z, datatype: float64}
# - {name: PS1_g, datatype: float64}
# - {name: PS1_r, datatype: float64}
# - {name: PS1_i, datatype: float64}
# - {name: PS1_z, datatype: float64}
# - {name: PS1_Y, datatype: float64}
# - {name: PS1_w, datatype: float64}
# - {name: ATLAS_c, datatype: float64}
# - {name: ATLAS_o, datatype: float64}
# - {name: ukirt_J, datatype: float64}
# - {name: ukirt_H, datatype: float64}
# - {name: ukirt_K, datatype: float64}
# - {name: Clear, datatype: float64}
# meta: !!omap
# - comment: [M=-13.46938775510204, dM=0.022251494327866092]
# schema: astropy-2.0
time swift_uvot_uvw2 swift_uvot_uvm2 swift_uvot_uvw1 swift_uvot_U swift_uvot_B swift_uvot_V swift_uvot_W johnson_U johnson_B johnson_V johnson_R johnson_I sdss_u sdss_g sdss_r sdss_i sdss_z PS1_g PS1_r PS1_i PS1_z PS1_Y PS1_w ATLAS_c ATLAS_o ukirt_J ukirt_H ukirt_K Clear
[from data line 108]
8.140703517587939 -13.288244936955593 -13.288244936955593 -13.288244936955593 -13.288244936955593 -13.288244936955593 -13.288244936955593 -13.288244936955593 -13.288244936955593 -13.288244936955593 -13.288244936955593 -13.288244936955593 -13.288244936955593 -13.288244936955593 -13.288244936955593 -13.288244936955593 -13.288244936955593 -13.288244936955593 -13.288244936955593 -13.288244936955593 -13.288244936955593 -13.288244936955593 -13.288244936955593 -13.288244936955593 -13.288244936955593 -13.288244936955593 -13.288244936955593 -13.288244936955593 -13.288244936955593 -13.288244936955593
8.21608040201005 -13.286567688639423 -13.286567688639423 -13.286567688639423 -13.286567688639423 -13.286567688639423 -13.286567688639423 -13.286567688639423 -13.286567688639423 -13.286567688639423 -13.286567688639423 -13.286567688639423 -13.286567688639423 -13.286567688639423 -13.286567688639423 -13.286567688639423 -13.286567688639423 -13.286567688639423 -13.286567688639423 -13.286567688639423 -13.286567688639423 -13.286567688639423 -13.286567688639423 -13.286567688639423 -13.286567688639423 -13.286567688639423 -13.286567688639423 -13.286567688639423 -13.286567688639423 -13.286567688639423
8.29145728643216 -13.284890440323252 -13.284890440323252 -13.284890440323252 -13.284890440323252 -13.284890440323252 -13.284890440323252 -13.284890440323252 -13.284890440323252 -13.284890440323252 -13.284890440323252 -13.284890440323252 -13.284890440323252 -13.284890440323252 -13.284890440323252 -13.284890440323252 -13.284890440323252 -13.284890440323252 -13.284890440323252 -13.284890440323252 -13.284890440323252 -13.284890440323252 -13.284890440323252 -13.284890440323252 -13.284890440323252 -13.284890440323252 -13.284890440323252 -13.284890440323252 -13.284890440323252 -13.284890440323252
8.36683417085427 -13.28321319200708 -13.28321319200708 -13.28321319200708 -13.28321319200708 -13.28321319200708 -13.28321319200708 -13.28321319200708 -13.28321319200708 -13.28321319200708 -13.28321319200708 -13.28321319200708 -13.28321319200708 -13.28321319200708 -13.28321319200708 -13.28321319200708 -13.28321319200708 -13.28321319200708 -13.28321319200708 -13.28321319200708 -13.28321319200708 -13.28321319200708 -13.28321319200708 -13.28321319200708 -13.28321319200708 -13.28321319200708 -13.28321319200708 -13.28321319200708 -13.28321319200708 -13.28321319200708
8.442211055276381 -13.28153594369091 -13.28153594369091 -13.28153594369091 -13.28153594369091 -13.28153594369091 -13.28153594369091 -13.28153594369091 -13.28153594369091 -13.28153594369091 -13.28153594369091 -13.28153594369091 -13.28153594369091 -13.28153594369091 -13.28153594369091 -13.28153594369091 -13.28153594369091 -13.28153594369091 -13.28153594369091 -13.28153594369091 -13.28153594369091 -13.28153594369091 -13.28153594369091 -13.28153594369091 -13.28153594369091 -13.28153594369091 -13.28153594369091 -13.28153594369091 -13.28153594369091 -13.28153594369091
8.517587939698492 -13.279858695374738 -13.279858695374738 -13.279858695374738 -13.279858695374738 -13.279858695374738 -13.279858695374738 -13.279858695374738 -13.279858695374738 -13.279858695374738 -13.279858695374738 -13.279858695374738 -13.279858695374738 -13.279858695374738 -13.279858695374738 -13.279858695374738 -13.279858695374738 -13.279858695374738 -13.279858695374738 -13.279858695374738 -13.279858695374738 -13.279858695374738 -13.279858695374738 -13.279858695374738 -13.279858695374738 -13.279858695374738 -13.279858695374738 -13.279858695374738 -13.279858695374738 -13.279858695374738
8.592964824120603 -13.278181447058568 -13.278181447058568 -13.278181447058568 -13.278181447058568 -13.278181447058568 -13.278181447058568 -13.278181447058568 -13.278181447058568 -13.278181447058568 -13.278181447058568 -13.278181447058568 -13.278181447058568 -13.278181447058568 -13.278181447058568 -13.278181447058568 -13.278181447058568 -13.278181447058568 -13.278181447058568 -13.278181447058568 -13.278181447058568 -13.278181447058568 -13.278181447058568 -13.278181447058568 -13.278181447058568 -13.278181447058568 -13.278181447058568 -13.278181447058568 -13.278181447058568 -13.278181447058568
8.668341708542712 -13.276504198742398 -13.276504198742398 -13.276504198742398 -13.276504198742398 -13.276504198742398 -13.276504198742398 -13.276504198742398 -13.276504198742398 -13.276504198742398 -13.276504198742398 -13.276504198742398 -13.276504198742398 -13.276504198742398 -13.276504198742398 -13.276504198742398 -13.276504198742398 -13.276504198742398 -13.276504198742398 -13.276504198742398 -13.276504198742398 -13.276504198742398 -13.276504198742398 -13.276504198742398 -13.276504198742398 -13.276504198742398 -13.276504198742398 -13.276504198742398 -13.276504198742398 -13.276504198742398
8.743718592964823 -13.274826950426228 -13.274826950426228 -13.274826950426228 -13.274826950426228 -13.274826950426228 -13.274826950426228 -13.274826950426228 -13.274826950426228 -13.274826950426228 -13.274826950426228 -13.274826950426228 -13.274826950426228 -13.274826950426228 -13.274826950426228 -13.274826950426228 -13.274826950426228 -13.274826950426228 -13.274826950426228 -13.274826950426228 -13.274826950426228 -13.274826950426228 -13.274826950426228 -13.274826950426228 -13.274826950426228 -13.274826950426228 -13.274826950426228 -13.274826950426228 -13.274826950426228 -13.274826950426228
8.819095477386934 -13.273149702110056 -13.273149702110056 -13.273149702110056 -13.273149702110056 -13.273149702110056 -13.273149702110056 -13.273149702110056 -13.273149702110056 -13.273149702110056 -13.273149702110056 -13.273149702110056 -13.273149702110056 -13.273149702110056 -13.273149702110056 -13.273149702110056 -13.273149702110056 -13.273149702110056 -13.273149702110056 -13.273149702110056 -13.273149702110056 -13.273149702110056 -13.273149702110056 -13.273149702110056 -13.273149702110056 -13.273149702110056 -13.273149702110056 -13.273149702110056 -13.273149702110056 -13.273149702110056
8.894472361809044 -13.271472453793885 -13.271472453793885 -13.271472453793885 -13.271472453793885 -13.271472453793885 -13.271472453793885 -13.271472453793885 -13.271472453793885 -13.271472453793885 -13.271472453793885 -13.271472453793885 -13.271472453793885 -13.271472453793885 -13.271472453793885 -13.271472453793885 -13.271472453793885 -13.271472453793885 -13.271472453793885 -13.271472453793885 -13.271472453793885 -13.271472453793885 -13.271472453793885 -13.271472453793885 -13.271472453793885 -13.271472453793885 -13.271472453793885 -13.271472453793885 -13.271472453793885 -13.271472453793885
8.969849246231155 -13.269795205477713 -13.269795205477713 -13.269795205477713 -13.269795205477713 -13.269795205477713 -13.269795205477713 -13.269795205477713 -13.269795205477713 -13.269795205477713 -13.269795205477713 -13.269795205477713 -13.269795205477713 -13.269795205477713 -13.269795205477713 -13.269795205477713 -13.269795205477713 -13.269795205477713 -13.269795205477713 -13.269795205477713 -13.269795205477713 -13.269795205477713 -13.269795205477713 -13.269795205477713 -13.269795205477713 -13.269795205477713 -13.269795205477713 -13.269795205477713 -13.269795205477713 -13.269795205477713
9.045226130653266 -13.268117957161543 -13.268117957161543 -13.268117957161543 -13.268117957161543 -13.268117957161543 -13.268117957161543 -13.268117957161543 -13.268117957161543 -13.268117957161543 -13.268117957161543 -13.268117957161543 -13.268117957161543 -13.268117957161543 -13.268117957161543 -13.268117957161543 -13.268117957161543 -13.268117957161543 -13.268117957161543 -13.268117957161543 -13.268117957161543 -13.268117957161543 -13.268117957161543 -13.268117957161543 -13.268117957161543 -13.268117957161543 -13.268117957161543 -13.268117957161543 -13.268117957161543 -13.268117957161543
9.120603015075377 -13.266440708845373 -13.266440708845373 -13.266440708845373 -13.266440708845373 -13.266440708845373 -13.266440708845373 -13.266440708845373 -13.266440708845373 -13.266440708845373 -13.266440708845373 -13.266440708845373 -13.266440708845373 -13.266440708845373 -13.266440708845373 -13.266440708845373 -13.266440708845373 -13.266440708845373 -13.266440708845373 -13.266440708845373 -13.266440708845373 -13.266440708845373 -13.266440708845373 -13.266440708845373 -13.266440708845373 -13.266440708845373 -13.266440708845373 -13.266440708845373 -13.266440708845373 -13.266440708845373
9.195979899497488 -13.264763460529203 -13.264763460529203 -13.264763460529203 -13.264763460529203 -13.264763460529203 -13.264763460529203 -13.264763460529203 -13.264763460529203 -13.264763460529203 -13.264763460529203 -13.264763460529203 -13.264763460529203 -13.264763460529203 -13.264763460529203 -13.264763460529203 -13.264763460529203 -13.264763460529203 -13.264763460529203 -13.264763460529203 -13.264763460529203 -13.264763460529203 -13.264763460529203 -13.264763460529203 -13.264763460529203 -13.264763460529203 -13.264763460529203 -13.264763460529203 -13.264763460529203 -13.264763460529203
9.271356783919597 -13.26308621221303 -13.26308621221303 -13.26308621221303 -13.26308621221303 -13.26308621221303 -13.26308621221303 -13.26308621221303 -13.26308621221303 -13.26308621221303 -13.26308621221303 -13.26308621221303 -13.26308621221303 -13.26308621221303 -13.26308621221303 -13.26308621221303 -13.26308621221303 -13.26308621221303 -13.26308621221303 -13.26308621221303 -13.26308621221303 -13.26308621221303 -13.26308621221303 -13.26308621221303 -13.26308621221303 -13.26308621221303 -13.26308621221303 -13.26308621221303 -13.26308621221303 -13.26308621221303
9.346733668341708 -13.26140896389686 -13.26140896389686 -13.26140896389686 -13.26140896389686 -13.26140896389686 -13.26140896389686 -13.26140896389686 -13.26140896389686 -13.26140896389686 -13.26140896389686 -13.26140896389686 -13.26140896389686 -13.26140896389686 -13.26140896389686 -13.26140896389686 -13.26140896389686 -13.26140896389686 -13.26140896389686 -13.26140896389686 -13.26140896389686 -13.26140896389686 -13.26140896389686 -13.26140896389686 -13.26140896389686 -13.26140896389686 -13.26140896389686 -13.26140896389686 -13.26140896389686 -13.26140896389686
9.422110552763819 -13.259731715580688 -13.259731715580688 -13.259731715580688 -13.259731715580688 -13.259731715580688 -13.259731715580688 -13.259731715580688 -13.259731715580688 -13.259731715580688 -13.259731715580688 -13.259731715580688 -13.259731715580688 -13.259731715580688 -13.259731715580688 -13.259731715580688 -13.259731715580688 -13.259731715580688 -13.259731715580688 -13.259731715580688 -13.259731715580688 -13.259731715580688 -13.259731715580688 -13.259731715580688 -13.259731715580688 -13.259731715580688 -13.259731715580688 -13.259731715580688 -13.259731715580688 -13.259731715580688
9.497487437185928 -13.258054467264518 -13.258054467264518 -13.258054467264518 -13.258054467264518 -13.258054467264518 -13.258054467264518 -13.258054467264518 -13.258054467264518 -13.258054467264518 -13.258054467264518 -13.258054467264518 -13.258054467264518 -13.258054467264518 -13.258054467264518 -13.258054467264518 -13.258054467264518 -13.258054467264518 -13.258054467264518 -13.258054467264518 -13.258054467264518 -13.258054467264518 -13.258054467264518 -13.258054467264518 -13.258054467264518 -13.258054467264518 -13.258054467264518 -13.258054467264518 -13.258054467264518 -13.258054467264518
9.572864321608039 -13.256377218948348 -13.256377218948348 -13.256377218948348 -13.256377218948348 -13.256377218948348 -13.256377218948348 -13.256377218948348 -13.256377218948348 -13.256377218948348 -13.256377218948348 -13.256377218948348 -13.256377218948348 -13.256377218948348 -13.256377218948348 -13.256377218948348 -13.256377218948348 -13.256377218948348 -13.256377218948348 -13.256377218948348 -13.256377218948348 -13.256377218948348 -13.256377218948348 -13.256377218948348 -13.256377218948348 -13.256377218948348 -13.256377218948348 -13.256377218948348 -13.256377218948348 -13.256377218948348
9.64824120603015 -13.254699970632178 -13.254699970632178 -13.254699970632178 -13.254699970632178 -13.254699970632178 -13.254699970632178 -13.254699970632178 -13.254699970632178 -13.254699970632178 -13.254699970632178 -13.254699970632178 -13.254699970632178 -13.254699970632178 -13.254699970632178 -13.254699970632178 -13.254699970632178 -13.254699970632178 -13.254699970632178 -13.254699970632178 -13.254699970632178 -13.254699970632178 -13.254699970632178 -13.254699970632178 -13.254699970632178 -13.254699970632178 -13.254699970632178 -13.254699970632178 -13.254699970632178 -13.254699970632178
9.72361809045226 -13.253022722316006 -13.253022722316006 -13.253022722316006 -13.253022722316006 -13.253022722316006 -13.253022722316006 -13.253022722316006 -13.253022722316006 -13.253022722316006 -13.253022722316006 -13.253022722316006 -13.253022722316006 -13.253022722316006 -13.253022722316006 -13.253022722316006 -13.253022722316006 -13.253022722316006 -13.253022722316006 -13.253022722316006 -13.253022722316006 -13.253022722316006 -13.253022722316006 -13.253022722316006 -13.253022722316006 -13.253022722316006 -13.253022722316006 -13.253022722316006 -13.253022722316006 -13.253022722316006
9.798994974874372 -13.251345473999836 -13.251345473999836 -13.251345473999836 -13.251345473999836 -13.251345473999836 -13.251345473999836 -13.251345473999836 -13.251345473999836 -13.251345473999836 -13.251345473999836 -13.251345473999836 -13.251345473999836 -13.251345473999836 -13.251345473999836 -13.251345473999836 -13.251345473999836 -13.251345473999836 -13.251345473999836 -13.251345473999836 -13.251345473999836 -13.251345473999836 -13.251345473999836 -13.251345473999836 -13.251345473999836 -13.251345473999836 -13.251345473999836 -13.251345473999836 -13.251345473999836 -13.251345473999836
9.874371859296481 -13.249668225683665 -13.249668225683665 -13.249668225683665 -13.249668225683665 -13.249668225683665 -13.249668225683665 -13.249668225683665 -13.249668225683665 -13.249668225683665 -13.249668225683665 -13.249668225683665 -13.249668225683665 -13.249668225683665 -13.249668225683665 -13.249668225683665 -13.249668225683665 -13.249668225683665 -13.249668225683665 -13.249668225683665 -13.249668225683665 -13.249668225683665 -13.249668225683665 -13.249668225683665 -13.249668225683665 -13.249668225683665 -13.249668225683665 -13.249668225683665 -13.249668225683665 -13.249668225683665
9.949748743718592 -13.247990977367493 -13.247990977367493 -13.247990977367493 -13.247990977367493 -13.247990977367493 -13.247990977367493 -13.247990977367493 -13.247990977367493 -13.247990977367493 -13.247990977367493 -13.247990977367493 -13.247990977367493 -13.247990977367493 -13.247990977367493 -13.247990977367493 -13.247990977367493 -13.247990977367493 -13.247990977367493 -13.247990977367493 -13.247990977367493 -13.247990977367493 -13.247990977367493 -13.247990977367493 -13.247990977367493 -13.247990977367493 -13.247990977367493 -13.247990977367493 -13.247990977367493 -13.247990977367493
10.025125628140703 -13.246313729051323 -13.246313729051323 -13.246313729051323 -13.246313729051323 -13.246313729051323 -13.246313729051323 -13.246313729051323 -13.246313729051323 -13.246313729051323 -13.246313729051323 -13.246313729051323 -13.246313729051323 -13.246313729051323 -13.246313729051323 -13.246313729051323 -13.246313729051323 -13.246313729051323 -13.246313729051323 -13.246313729051323 -13.246313729051323 -13.246313729051323 -13.246313729051323 -13.246313729051323 -13.246313729051323 -13.246313729051323 -13.246313729051323 -13.246313729051323 -13.246313729051323 -13.246313729051323
