web/models/kne.last_good/kappa_1_10/27/villar_0.2686_0.4843_1.0000.dat
# %ECSV 1.0
# ---
# datatype:
# - {name: time, datatype: float64}
# - {name: swift_uvot_uvw2, datatype: float64}
# - {name: swift_uvot_uvm2, datatype: float64}
# - {name: swift_uvot_uvw1, datatype: float64}
# - {name: swift_uvot_U, datatype: float64}
# - {name: swift_uvot_B, datatype: float64}
# - {name: swift_uvot_V, datatype: float64}
# - {name: swift_uvot_W, datatype: float64}
# - {name: johnson_U, datatype: float64}
# - {name: johnson_B, datatype: float64}
# - {name: johnson_V, datatype: float64}
# - {name: johnson_R, datatype: float64}
# - {name: johnson_I, datatype: float64}
# - {name: sdss_u, datatype: float64}
# - {name: sdss_g, datatype: float64}
# - {name: sdss_r, datatype: float64}
# - {name: sdss_i, datatype: float64}
# - {name: sdss_z, datatype: float64}
# - {name: PS1_g, datatype: float64}
# - {name: PS1_r, datatype: float64}
# - {name: PS1_i, datatype: float64}
# - {name: PS1_z, datatype: float64}
# - {name: PS1_Y, datatype: float64}
# - {name: PS1_w, datatype: float64}
# - {name: ATLAS_c, datatype: float64}
# - {name: ATLAS_o, datatype: float64}
# - {name: ukirt_J, datatype: float64}
# - {name: ukirt_H, datatype: float64}
# - {name: ukirt_K, datatype: float64}
# - {name: Clear, datatype: float64}
# meta: !!omap
# - comment: [kappa = 1.0, type = villar, mass = 0.2685795883840597, velocity = 0.48433333333333334, theta_obs = 0.0]
# schema: astropy-2.0
time swift_uvot_uvw2 swift_uvot_uvm2 swift_uvot_uvw1 swift_uvot_U swift_uvot_B swift_uvot_V swift_uvot_W johnson_U johnson_B johnson_V johnson_R johnson_I sdss_u sdss_g sdss_r sdss_i sdss_z PS1_g PS1_r PS1_i PS1_z PS1_Y PS1_w ATLAS_c ATLAS_o ukirt_J ukirt_H ukirt_K Clear
[from data line 143]
0.070868 -13.895 -14.051 -14.16 -14.3 -14.218 -14.041 -14.117 -14.295 -14.215 -14.034 -13.785 -13.459 -14.298 -14.166 -13.905 -13.663 -13.411 -14.156 -13.918 -13.676 -13.49 -13.409 -13.916 -14.066 -13.804 -12.86 -12.381 -11.805 -13.949
0.073012 -13.911 -14.072 -14.185 -14.335 -14.257 -14.084 -14.146 -14.33 -14.254 -14.076 -13.83 -13.507 -14.333 -14.206 -13.95 -13.71 -13.459 -14.197 -13.962 -13.722 -13.537 -13.456 -13.96 -14.109 -13.849 -12.91 -12.432 -11.857 -13.992
0.07522 -13.927 -14.092 -14.21 -14.369 -14.296 -14.127 -14.175 -14.365 -14.293 -14.119 -13.875 -13.554 -14.368 -14.247 -13.994 -13.756 -13.507 -14.238 -14.006 -13.769 -13.585 -13.503 -14.004 -14.151 -13.894 -12.96 -12.483 -11.909 -14.034
0.077495 -13.942 -14.112 -14.235 -14.403 -14.335 -14.17 -14.204 -14.4 -14.332 -14.162 -13.921 -13.602 -14.403 -14.287 -14.038 -13.803 -13.554 -14.279 -14.05 -13.815 -13.632 -13.55 -14.047 -14.192 -13.939 -13.01 -12.534 -11.961 -14.077
0.079839 -13.957 -14.131 -14.259 -14.436 -14.374 -14.212 -14.232 -14.434 -14.371 -14.204 -13.966 -13.649 -14.437 -14.327 -14.082 -13.849 -13.602 -14.319 -14.094 -13.861 -13.679 -13.597 -14.09 -14.234 -13.984 -13.06 -12.585 -12.013 -14.119
0.082253 -13.972 -14.15 -14.283 -14.47 -14.412 -14.254 -14.261 -14.468 -14.409 -14.247 -14.011 -13.696 -14.471 -14.367 -14.126 -13.895 -13.65 -14.359 -14.138 -13.906 -13.725 -13.643 -14.133 -14.276 -14.029 -13.109 -12.636 -12.065 -14.162
0.084741 -13.986 -14.169 -14.307 -14.503 -14.451 -14.296 -14.289 -14.502 -14.448 -14.289 -14.055 -13.743 -14.505 -14.406 -14.17 -13.941 -13.697 -14.399 -14.181 -13.952 -13.772 -13.69 -14.176 -14.317 -14.074 -13.159 -12.686 -12.117 -14.204
0.087304 -13.999 -14.187 -14.33 -14.536 -14.489 -14.338 -14.316 -14.536 -14.486 -14.331 -14.1 -13.79 -14.539 -14.445 -14.214 -13.986 -13.744 -14.439 -14.225 -13.998 -13.819 -13.737 -14.219 -14.358 -14.118 -13.208 -12.737 -12.169 -14.246
0.089944 -14.012 -14.204 -14.353 -14.568 -14.526 -14.38 -14.344 -14.57 -14.523 -14.373 -14.145 -13.837 -14.572 -14.485 -14.257 -14.032 -13.792 -14.479 -14.268 -14.043 -13.866 -13.783 -14.262 -14.399 -14.163 -13.258 -12.788 -12.22 -14.288
0.092665 -14.025 -14.221 -14.375 -14.6 -14.564 -14.422 -14.371 -14.603 -14.561 -14.414 -14.189 -13.884 -14.605 -14.524 -14.301 -14.078 -13.839 -14.518 -14.311 -14.089 -13.912 -13.83 -14.304 -14.44 -14.207 -13.307 -12.839 -12.272 -14.33
0.095467 -14.037 -14.238 -14.397 -14.632 -14.601 -14.463 -14.398 -14.636 -14.598 -14.456 -14.233 -13.931 -14.638 -14.562 -14.344 -14.123 -13.886 -14.557 -14.354 -14.134 -13.959 -13.876 -14.347 -14.48 -14.251 -13.357 -12.889 -12.324 -14.371
0.098355 -14.049 -14.254 -14.419 -14.664 -14.638 -14.504 -14.425 -14.668 -14.636 -14.497 -14.278 -13.977 -14.67 -14.601 -14.387 -14.169 -13.933 -14.596 -14.397 -14.179 -14.005 -13.923 -14.389 -14.521 -14.295 -13.406 -12.94 -12.375 -14.413
0.101329 -14.06 -14.27 -14.44 -14.695 -14.675 -14.545 -14.452 -14.701 -14.673 -14.538 -14.322 -14.024 -14.702 -14.639 -14.43 -14.214 -13.98 -14.635 -14.44 -14.224 -14.051 -13.969 -14.431 -14.561 -14.339 -13.455 -12.99 -12.427 -14.454
0.104394 -14.07 -14.285 -14.461 -14.726 -14.712 -14.586 -14.478 -14.733 -14.709 -14.579 -14.366 -14.07 -14.734 -14.677 -14.473 -14.259 -14.027 -14.674 -14.483 -14.269 -14.097 -14.015 -14.473 -14.601 -14.382 -13.505 -13.041 -12.478 -14.495
0.107551 -14.081 -14.299 -14.481 -14.757 -14.748 -14.627 -14.504 -14.764 -14.746 -14.62 -14.409 -14.117 -14.766 -14.715 -14.515 -14.304 -14.073 -14.712 -14.525 -14.314 -14.143 -14.061 -14.515 -14.641 -14.426 -13.554 -13.091 -12.53 -14.536
0.110804 -14.09 -14.314 -14.501 -14.788 -14.785 -14.667 -14.53 -14.796 -14.782 -14.66 -14.453 -14.163 -14.797 -14.753 -14.558 -14.349 -14.12 -14.75 -14.568 -14.359 -14.189 -14.108 -14.556 -14.681 -14.469 -13.603 -13.142 -12.581 -14.577
0.114155 -14.099 -14.327 -14.521 -14.818 -14.821 -14.708 -14.556 -14.827 -14.818 -14.701 -14.496 -14.209 -14.828 -14.791 -14.6 -14.393 -14.166 -14.788 -14.61 -14.403 -14.235 -14.154 -14.597 -14.72 -14.513 -13.652 -13.192 -12.633 -14.617
0.117608 -14.108 -14.34 -14.54 -14.847 -14.856 -14.748 -14.581 -14.858 -14.854 -14.741 -14.54 -14.255 -14.859 -14.828 -14.642 -14.438 -14.213 -14.826 -14.652 -14.448 -14.281 -14.2 -14.639 -14.76 -14.556 -13.701 -13.242 -12.684 -14.658
0.121165 -14.116 -14.353 -14.559 -14.877 -14.892 -14.788 -14.606 -14.888 -14.889 -14.781 -14.583 -14.301 -14.889 -14.865 -14.684 -14.483 -14.259 -14.864 -14.694 -14.492 -14.327 -14.245 -14.68 -14.799 -14.599 -13.75 -13.292 -12.735 -14.698
0.124829 -14.124 -14.365 -14.577 -14.906 -14.927 -14.828 -14.631 -14.919 -14.924 -14.821 -14.626 -14.347 -14.919 -14.902 -14.726 -14.527 -14.305 -14.901 -14.735 -14.536 -14.372 -14.291 -14.721 -14.838 -14.642 -13.798 -13.343 -12.787 -14.738
0.128605 -14.131 -14.377 -14.595 -14.935 -14.962 -14.867 -14.655 -14.948 -14.959 -14.861 -14.669 -14.392 -14.949 -14.938 -14.767 -14.571 -14.351 -14.938 -14.777 -14.58 -14.417 -14.337 -14.761 -14.876 -14.684 -13.847 -13.393 -12.838 -14.778
0.132494 -14.138 -14.388 -14.612 -14.963 -14.997 -14.906 -14.679 -14.978 -14.994 -14.9 -14.711 -14.438 -14.978 -14.975 -14.809 -14.615 -14.397 -14.975 -14.818 -14.624 -14.463 -14.382 -14.802 -14.915 -14.727 -13.896 -13.443 -12.889 -14.818
0.136502 -14.144 -14.398 -14.629 -14.991 -15.031 -14.946 -14.703 -15.007 -15.029 -14.939 -14.754 -14.483 -15.007 -15.011 -14.85 -14.659 -14.443 -15.012 -14.859 -14.668 -14.508 -14.428 -14.842 -14.953 -14.769 -13.944 -13.493 -12.94 -14.857
0.14063 -14.149 -14.408 -14.646 -15.019 -15.065 -14.985 -14.727 -15.036 -15.063 -14.978 -14.796 -14.529 -15.036 -15.047 -14.891 -14.703 -14.489 -15.048 -14.9 -14.712 -14.553 -14.473 -14.883 -14.991 -14.811 -13.993 -13.543 -12.991 -14.897
0.144883 -14.154 -14.417 -14.662 -15.047 -15.099 -15.023 -14.75 -15.065 -15.097 -15.017 -14.839 -14.574 -15.064 -15.082 -14.932 -14.746 -14.534 -15.084 -14.941 -14.755 -14.598 -14.519 -14.923 -15.029 -14.853 -14.041 -13.592 -13.042 -14.936
0.149265 -14.158 -14.426 -14.677 -15.074 -15.133 -15.062 -14.773 -15.093 -15.13 -15.056 -14.881 -14.619 -15.092 -15.118 -14.973 -14.79 -14.58 -15.12 -14.982 -14.799 -14.643 -14.564 -14.962 -15.067 -14.895 -14.089 -13.642 -13.093 -14.975
0.15378 -14.162 -14.434 -14.692 -15.1 -15.166 -15.1 -14.796 -15.121 -15.164 -15.094 -14.923 -14.664 -15.12 -15.153 -15.013 -14.833 -14.625 -15.156 -15.022 -14.842 -14.688 -14.609 -15.002 -15.104 -14.937 -14.137 -13.692 -13.144 -15.013
0.15843 -14.165 -14.442 -14.707 -15.127 -15.199 -15.138 -14.819 -15.148 -15.197 -15.132 -14.964 -14.709 -15.147 -15.187 -15.054 -14.877 -14.67 -15.192 -15.062 -14.885 -14.732 -14.654 -15.041 -15.141 -14.979 -14.185 -13.741 -13.195 -15.052
0.163222 -14.168 -14.449 -14.721 -15.153 -15.232 -15.176 -14.841 -15.175 -15.23 -15.17 -15.006 -14.753 -15.174 -15.222 -15.094 -14.92 -14.715 -15.227 -15.103 -14.928 -14.777 -14.699 -15.081 -15.178 -15.02 -14.233 -13.791 -13.246 -15.09
0.168159 -14.17 -14.455 -14.735 -15.178 -15.264 -15.214 -14.863 -15.202 -15.262 -15.208 -15.047 -14.798 -15.2 -15.256 -15.134 -14.962 -14.76 -15.262 -15.142 -14.971 -14.821 -14.744 -15.12 -15.215 -15.061 -14.281 -13.841 -13.297 -15.129
0.173245 -14.172 -14.461 -14.748 -15.203 -15.296 -15.251 -14.885 -15.228 -15.294 -15.246 -15.089 -14.842 -15.226 -15.29 -15.174 -15.005 -14.805 -15.297 -15.182 -15.013 -14.865 -14.789 -15.159 -15.251 -15.102 -14.329 -13.89 -13.348 -15.167
0.178484 -14.172 -14.466 -14.761 -15.228 -15.328 -15.288 -14.906 -15.254 -15.326 -15.283 -15.13 -14.887 -15.252 -15.324 -15.213 -15.048 -14.85 -15.331 -15.222 -15.056 -14.91 -14.834 -15.197 -15.288 -15.143 -14.377 -13.939 -13.398 -15.204
0.183882 -14.173 -14.471 -14.773 -15.252 -15.36 -15.325 -14.927 -15.28 -15.358 -15.32 -15.171 -14.931 -15.277 -15.358 -15.253 -15.09 -14.895 -15.365 -15.261 -15.098 -14.954 -14.878 -15.236 -15.324 -15.183 -14.425 -13.989 -13.449 -15.242
0.189444 -14.172 -14.475 -14.784 -15.276 -15.391 -15.362 -14.948 -15.305 -15.389 -15.357 -15.211 -14.975 -15.302 -15.391 -15.292 -15.132 -14.939 -15.399 -15.3 -15.14 -14.997 -14.923 -15.274 -15.359 -15.224 -14.472 -14.038 -13.5 -15.279
0.195173 -14.172 -14.478 -14.796 -15.3 -15.422 -15.398 -14.968 -15.33 -15.42 -15.393 -15.252 -15.019 -15.327 -15.424 -15.331 -15.174 -14.983 -15.433 -15.339 -15.182 -15.041 -14.967 -15.312 -15.395 -15.264 -14.52 -14.087 -13.55 -15.316
0.201076 -14.17 -14.481 -14.806 -15.323 -15.453 -15.435 -14.989 -15.354 -15.451 -15.43 -15.292 -15.062 -15.351 -15.456 -15.369 -15.216 -15.028 -15.466 -15.378 -15.224 -15.085 -15.011 -15.35 -15.43 -15.304 -14.567 -14.136 -13.601 -15.353
0.207158 -14.168 -14.483 -14.816 -15.346 -15.483 -15.471 -15.008 -15.378 -15.481 -15.466 -15.332 -15.106 -15.375 -15.488 -15.408 -15.258 -15.072 -15.499 -15.416 -15.266 -15.128 -15.055 -15.387 -15.465 -15.344 -14.614 -14.185 -13.651 -15.39
0.213423 -14.165 -14.484 -14.826 -15.368 -15.513 -15.506 -15.028 -15.402 -15.511 -15.502 -15.372 -15.149 -15.398 -15.52 -15.446 -15.3 -15.115 -15.532 -15.454 -15.308 -15.171 -15.099 -15.425 -15.5 -15.384 -14.662 -14.234 -13.701 -15.426
0.219878 -14.162 -14.485 -14.835 -15.39 -15.542 -15.542 -15.047 -15.425 -15.541 -15.537 -15.412 -15.192 -15.421 -15.552 -15.484 -15.341 -15.159 -15.564 -15.492 -15.349 -15.215 -15.143 -15.462 -15.534 -15.423 -14.709 -14.283 -13.752 -15.463
0.226528 -14.158 -14.485 -14.843 -15.411 -15.571 -15.577 -15.066 -15.448 -15.57 -15.572 -15.451 -15.236 -15.443 -15.583 -15.522 -15.382 -15.203 -15.596 -15.53 -15.39 -15.258 -15.187 -15.499 -15.568 -15.462 -14.756 -14.332 -13.802 -15.499
0.233379 -14.153 -14.484 -14.851 -15.432 -15.6 -15.612 -15.085 -15.47 -15.599 -15.607 -15.491 -15.278 -15.465 -15.615 -15.56 -15.423 -15.246 -15.628 -15.568 -15.431 -15.3 -15.23 -15.535 -15.602 -15.501 -14.802 -14.381 -13.852 -15.534
0.240437 -14.147 -14.482 -14.858 -15.452 -15.629 -15.646 -15.103 -15.492 -15.628 -15.642 -15.53 -15.321 -15.487 -15.645 -15.597 -15.464 -15.289 -15.66 -15.605 -15.472 -15.343 -15.274 -15.572 -15.636 -15.54 -14.849 -14.429 -13.902 -15.57
0.247709 -14.141 -14.48 -14.864 -15.472 -15.657 -15.681 -15.121 -15.514 -15.656 -15.677 -15.568 -15.364 -15.508 -15.676 -15.634 -15.505 -15.333 -15.691 -15.642 -15.512 -15.386 -15.317 -15.608 -15.669 -15.579 -14.896 -14.478 -13.952 -15.605
0.255201 -14.135 -14.477 -14.87 -15.492 -15.685 -15.715 -15.139 -15.534 -15.684 -15.711 -15.607 -15.406 -15.528 -15.706 -15.671 -15.545 -15.376 -15.722 -15.679 -15.553 -15.428 -15.361 -15.644 -15.702 -15.617 -14.942 -14.526 -14.002 -15.64
0.262919 -14.127 -14.473 -14.876 -15.511 -15.712 -15.748 -15.156 -15.555 -15.711 -15.745 -15.646 -15.449 -15.549 -15.735 -15.708 -15.585 -15.418 -15.752 -15.715 -15.593 -15.47 -15.404 -15.68 -15.735 -15.655 -14.989 -14.574 -14.052 -15.675
0.270871 -14.119 -14.469 -14.881 -15.529 -15.739 -15.782 -15.173 -15.575 -15.738 -15.778 -15.684 -15.491 -15.568 -15.765 -15.744 -15.625 -15.461 -15.783 -15.752 -15.633 -15.512 -15.447 -15.715 -15.767 -15.693 -15.035 -14.623 -14.102 -15.71
0.279064 -14.11 -14.464 -14.885 -15.547 -15.766 -15.815 -15.19 -15.594 -15.765 -15.812 -15.722 -15.533 -15.587 -15.794 -15.78 -15.665 -15.503 -15.813 -15.788 -15.673 -15.554 -15.489 -15.75 -15.799 -15.731 -15.081 -14.671 -14.152 -15.744
0.287504 -14.101 -14.458 -14.888 -15.565 -15.792 -15.848 -15.206 -15.613 -15.791 -15.844 -15.759 -15.574 -15.606 -15.822 -15.816 -15.705 -15.546 -15.842 -15.824 -15.712 -15.596 -15.532 -15.785 -15.831 -15.768 -15.127 -14.719 -14.202 -15.778
0.296199 -14.091 -14.451 -14.891 -15.582 -15.818 -15.88 -15.222 -15.632 -15.817 -15.877 -15.797 -15.616 -15.624 -15.85 -15.851 -15.744 -15.588 -15.871 -15.859 -15.752 -15.637 -15.574 -15.82 -15.863 -15.805 -15.173 -14.767 -14.251 -15.812
0.305157 -14.08 -14.443 -14.893 -15.598 -15.843 -15.913 -15.238 -15.65 -15.843 -15.909 -15.834 -15.657 -15.642 -15.878 -15.887 -15.783 -15.63 -15.9 -15.894 -15.791 -15.679 -15.617 -15.854 -15.894 -15.842 -15.219 -14.815 -14.301 -15.845
0.314387 -14.068 -14.434 -14.895 -15.614 -15.868 -15.944 -15.253 -15.667 -15.868 -15.941 -15.871 -15.698 -15.659 -15.906 -15.922 -15.822 -15.671 -15.928 -15.929 -15.83 -15.72 -15.659 -15.888 -15.924 -15.879 -15.265 -14.863 -14.35 -15.878
0.323895 -14.056 -14.425 -14.896 -15.629 -15.893 -15.976 -15.268 -15.684 -15.892 -15.973 -15.908 -15.739 -15.675 -15.933 -15.956 -15.861 -15.713 -15.957 -15.964 -15.868 -15.761 -15.701 -15.922 -15.955 -15.915 -15.31 -14.91 -14.4 -15.911
0.333691 -14.043 -14.415 -14.896 -15.644 -15.917 -16.007 -15.282 -15.701 -15.916 -16.004 -15.944 -15.78 -15.691 -15.959 -15.991 -15.899 -15.754 -15.984 -15.999 -15.907 -15.801 -15.743 -15.956 -15.985 -15.952 -15.356 -14.958 -14.449 -15.944
0.343783 -14.029 -14.404 -14.896 -15.658 -15.94 -16.038 -15.296 -15.716 -15.94 -16.035 -15.98 -15.821 -15.707 -15.986 -16.025 -15.937 -15.795 -16.011 -16.033 -15.945 -15.842 -15.785 -15.989 -16.015 -15.987 -15.401 -15.006 -14.498 -15.976
0.354181 -14.014 -14.392 -14.894 -15.672 -15.963 -16.068 -15.31 -15.732 -15.963 -16.066 -16.016 -15.861 -15.721 -16.011 -16.059 -15.975 -15.836 -16.038 -16.066 -15.983 -15.882 -15.826 -16.022 -16.044 -16.023 -15.446 -15.053 -14.548 -16.008
0.364893 -13.999 -14.379 -14.892 -15.685 -15.986 -16.098 -15.324 -15.746 -15.986 -16.096 -16.052 -15.901 -15.736 -16.037 -16.092 -16.013 -15.877 -16.065 -16.1 -16.021 -15.923 -15.867 -16.054 -16.073 -16.058 -15.491 -15.1 -14.597 -16.04
0.375929 -13.983 -14.365 -14.89 -15.697 -16.008 -16.128 -15.337 -15.76 -16.009 -16.126 -16.087 -15.941 -15.749 -16.062 -16.125 -16.05 -15.918 -16.091 -16.133 -16.058 -15.962 -15.909 -16.087 -16.102 -16.093 -15.536 -15.147 -14.646 -16.071
0.387298 -13.966 -14.35 -14.886 -15.709 -16.03 -16.157 -15.349 -15.774 -16.031 -16.156 -16.122 -15.981 -15.762 -16.086 -16.158 -16.088 -15.958 -16.117 -16.166 -16.095 -16.002 -15.95 -16.119 -16.13 -16.128 -15.581 -15.194 -14.695 -16.102
0.399012 -13.948 -14.335 -14.882 -15.72 -16.051 -16.186 -15.361 -15.787 -16.052 -16.185 -16.157 -16.02 -15.775 -16.11 -16.191 -16.125 -15.998 -16.142 -16.198 -16.132 -16.042 -15.99 -16.15 -16.158 -16.162 -15.625 -15.241 -14.744 -16.133
0.41108 -13.929 -14.318 -14.877 -15.73 -16.072 -16.215 -15.373 -15.799 -16.073 -16.214 -16.192 -16.059 -15.786 -16.134 -16.223 -16.161 -16.038 -16.166 -16.231 -16.169 -16.081 -16.031 -16.182 -16.185 -16.197 -15.67 -15.288 -14.792 -16.163
0.423513 -13.91 -14.3 -14.871 -15.74 -16.092 -16.243 -15.384 -15.811 -16.093 -16.242 -16.226 -16.098 -15.798 -16.157 -16.255 -16.198 -16.078 -16.191 -16.262 -16.205 -16.12 -16.071 -16.213 -16.212 -16.23 -15.714 -15.335 -14.841 -16.193
0.436321 -13.89 -14.282 -14.865 -15.749 -16.112 -16.271 -15.395 -15.822 -16.113 -16.27 -16.26 -16.137 -15.808 -16.18 -16.286 -16.234 -16.117 -16.215 -16.294 -16.241 -16.159 -16.112 -16.243 -16.239 -16.264 -15.758 -15.381 -14.89 -16.223
0.449518 -13.869 -14.262 -14.857 -15.757 -16.131 -16.298 -15.406 -15.832 -16.132 -16.297 -16.293 -16.176 -15.818 -16.202 -16.317 -16.269 -16.156 -16.238 -16.325 -16.277 -16.197 -16.151 -16.274 -16.265 -16.297 -15.802 -15.428 -14.938 -16.252
0.463113 -13.847 -14.241 -14.849 -15.765 -16.15 -16.325 -15.416 -15.842 -16.151 -16.325 -16.326 -16.214 -15.827 -16.224 -16.348 -16.305 -16.195 -16.261 -16.356 -16.313 -16.235 -16.191 -16.303 -16.291 -16.33 -15.846 -15.474 -14.986 -16.281
0.47712 -13.825 -14.219 -14.84 -15.772 -16.168 -16.351 -15.425 -15.851 -16.169 -16.351 -16.359 -16.252 -15.835 -16.245 -16.378 -16.34 -16.234 -16.283 -16.386 -16.348 -16.273 -16.231 -16.333 -16.316 -16.362 -15.889 -15.52 -15.035 -16.31
0.49155 -13.801 -14.196 -14.83 -15.778 -16.185 -16.377 -15.434 -15.859 -16.187 -16.377 -16.392 -16.289 -15.843 -16.265 -16.408 -16.375 -16.272 -16.305 -16.416 -16.383 -16.311 -16.27 -16.362 -16.341 -16.394 -15.933 -15.566 -15.083 -16.338
