web/models/kne.last_good/kappa_1_10/27/villar_0.0023_0.1867_10.0000.dat
# %ECSV 1.0
# ---
# datatype:
# - {name: time, datatype: float64}
# - {name: swift_uvot_uvw2, datatype: float64}
# - {name: swift_uvot_uvm2, datatype: float64}
# - {name: swift_uvot_uvw1, datatype: float64}
# - {name: swift_uvot_U, datatype: float64}
# - {name: swift_uvot_B, datatype: float64}
# - {name: swift_uvot_V, datatype: float64}
# - {name: swift_uvot_W, datatype: float64}
# - {name: johnson_U, datatype: float64}
# - {name: johnson_B, datatype: float64}
# - {name: johnson_V, datatype: float64}
# - {name: johnson_R, datatype: float64}
# - {name: johnson_I, datatype: float64}
# - {name: sdss_u, datatype: float64}
# - {name: sdss_g, datatype: float64}
# - {name: sdss_r, datatype: float64}
# - {name: sdss_i, datatype: float64}
# - {name: sdss_z, datatype: float64}
# - {name: PS1_g, datatype: float64}
# - {name: PS1_r, datatype: float64}
# - {name: PS1_i, datatype: float64}
# - {name: PS1_z, datatype: float64}
# - {name: PS1_Y, datatype: float64}
# - {name: PS1_w, datatype: float64}
# - {name: ATLAS_c, datatype: float64}
# - {name: ATLAS_o, datatype: float64}
# - {name: ukirt_J, datatype: float64}
# - {name: ukirt_H, datatype: float64}
# - {name: ukirt_K, datatype: float64}
# - {name: Clear, datatype: float64}
# meta: !!omap
# - comment: [kappa = 10.0, type = villar, mass = 0.0022901433483143324, velocity = 0.1866666666666667, theta_obs = 0.0]
# schema: astropy-2.0
time swift_uvot_uvw2 swift_uvot_uvm2 swift_uvot_uvw1 swift_uvot_U swift_uvot_B swift_uvot_V swift_uvot_W johnson_U johnson_B johnson_V johnson_R johnson_I sdss_u sdss_g sdss_r sdss_i sdss_z PS1_g PS1_r PS1_i PS1_z PS1_Y PS1_w ATLAS_c ATLAS_o ukirt_J ukirt_H ukirt_K Clear
[from data line 78]
0.010217 -7.939 -8.065 -8.144 -8.224 -8.111 -7.911 -8.076 -8.213 -8.108 -7.902 -7.638 -7.298 -8.218 -8.05 -7.764 -7.509 -7.247 -8.039 -7.778 -7.524 -7.332 -7.252 -7.781 -7.941 -7.658 -6.683 -6.196 -5.615 -7.818
0.010526 -7.962 -8.093 -8.175 -8.263 -8.154 -7.957 -8.111 -8.253 -8.151 -7.949 -7.686 -7.348 -8.257 -8.095 -7.812 -7.558 -7.298 -8.083 -7.825 -7.572 -7.381 -7.301 -7.827 -7.986 -7.706 -6.735 -6.249 -5.669 -7.864
0.010845 -7.986 -8.12 -8.207 -8.302 -8.197 -8.003 -8.145 -8.292 -8.193 -7.994 -7.734 -7.397 -8.297 -8.138 -7.859 -7.607 -7.348 -8.127 -7.872 -7.621 -7.431 -7.351 -7.874 -8.031 -7.754 -6.787 -6.302 -5.722 -7.91
0.011173 -8.009 -8.147 -8.237 -8.341 -8.239 -8.048 -8.179 -8.332 -8.236 -8.04 -7.781 -7.447 -8.336 -8.182 -7.906 -7.656 -7.398 -8.171 -7.919 -7.67 -7.48 -7.4 -7.92 -8.076 -7.801 -6.838 -6.355 -5.776 -7.955
0.011511 -8.031 -8.174 -8.268 -8.379 -8.282 -8.094 -8.212 -8.371 -8.279 -8.086 -7.829 -7.497 -8.375 -8.226 -7.953 -7.704 -7.447 -8.215 -7.966 -7.718 -7.529 -7.448 -7.966 -8.121 -7.849 -6.89 -6.407 -5.829 -8.001
0.011859 -8.053 -8.2 -8.298 -8.417 -8.324 -8.139 -8.246 -8.409 -8.321 -8.131 -7.877 -7.546 -8.413 -8.269 -7.999 -7.753 -7.497 -8.259 -8.012 -7.766 -7.578 -7.497 -8.012 -8.166 -7.896 -6.942 -6.46 -5.882 -8.046
0.012217 -8.075 -8.225 -8.327 -8.455 -8.366 -8.184 -8.279 -8.448 -8.363 -8.176 -7.924 -7.595 -8.452 -8.312 -8.046 -7.801 -7.547 -8.302 -8.058 -7.814 -7.627 -7.546 -8.058 -8.21 -7.944 -6.993 -6.512 -5.935 -8.091
0.012587 -8.096 -8.25 -8.357 -8.492 -8.408 -8.229 -8.311 -8.486 -8.405 -8.221 -7.971 -7.645 -8.49 -8.355 -8.092 -7.849 -7.596 -8.345 -8.105 -7.862 -7.676 -7.595 -8.104 -8.255 -7.991 -7.044 -6.564 -5.989 -8.136
0.012968 -8.116 -8.275 -8.386 -8.529 -8.449 -8.274 -8.344 -8.524 -8.446 -8.266 -8.018 -7.694 -8.528 -8.398 -8.139 -7.898 -7.646 -8.388 -8.151 -7.91 -7.725 -7.643 -8.149 -8.299 -8.038 -7.096 -6.617 -6.042 -8.181
0.01336 -8.137 -8.299 -8.414 -8.566 -8.491 -8.319 -8.376 -8.562 -8.487 -8.311 -8.065 -7.743 -8.565 -8.44 -8.185 -7.946 -7.695 -8.431 -8.197 -7.958 -7.773 -7.692 -8.195 -8.343 -8.084 -7.147 -6.669 -6.095 -8.226
0.013764 -8.156 -8.323 -8.442 -8.603 -8.532 -8.363 -8.408 -8.599 -8.529 -8.355 -8.112 -7.792 -8.603 -8.482 -8.231 -7.993 -7.744 -8.474 -8.243 -8.006 -7.822 -7.74 -8.24 -8.387 -8.131 -7.198 -6.721 -6.148 -8.271
0.01418 -8.176 -8.346 -8.47 -8.639 -8.573 -8.408 -8.439 -8.636 -8.57 -8.4 -8.159 -7.84 -8.639 -8.524 -8.277 -8.041 -7.793 -8.516 -8.288 -8.053 -7.87 -7.788 -8.285 -8.43 -8.178 -7.249 -6.773 -6.201 -8.315
0.014609 -8.194 -8.369 -8.497 -8.675 -8.613 -8.452 -8.471 -8.673 -8.61 -8.444 -8.206 -7.889 -8.676 -8.566 -8.322 -8.089 -7.842 -8.558 -8.334 -8.101 -7.919 -7.837 -8.33 -8.474 -8.224 -7.3 -6.825 -6.254 -8.359
0.015051 -8.213 -8.391 -8.524 -8.711 -8.654 -8.496 -8.502 -8.71 -8.651 -8.488 -8.252 -7.938 -8.713 -8.608 -8.368 -8.136 -7.891 -8.6 -8.379 -8.148 -7.967 -7.885 -8.375 -8.517 -8.27 -7.351 -6.877 -6.306 -8.403
0.015506 -8.23 -8.413 -8.551 -8.746 -8.694 -8.539 -8.533 -8.746 -8.691 -8.532 -8.298 -7.986 -8.749 -8.649 -8.413 -8.183 -7.94 -8.642 -8.424 -8.195 -8.015 -7.933 -8.419 -8.56 -8.317 -7.401 -6.929 -6.359 -8.447
0.015975 -8.248 -8.435 -8.577 -8.782 -8.734 -8.583 -8.563 -8.782 -8.731 -8.575 -8.345 -8.034 -8.785 -8.691 -8.458 -8.231 -7.988 -8.684 -8.469 -8.242 -8.063 -7.981 -8.464 -8.603 -8.363 -7.452 -6.981 -6.412 -8.491
0.016458 -8.265 -8.456 -8.603 -8.816 -8.774 -8.626 -8.593 -8.818 -8.771 -8.619 -8.391 -8.083 -8.82 -8.732 -8.503 -8.278 -8.037 -8.725 -8.514 -8.289 -8.111 -8.029 -8.508 -8.646 -8.408 -7.503 -7.032 -6.465 -8.534
0.016956 -8.281 -8.476 -8.629 -8.851 -8.813 -8.67 -8.623 -8.853 -8.81 -8.662 -8.436 -8.131 -8.856 -8.772 -8.548 -8.325 -8.085 -8.767 -8.559 -8.336 -8.159 -8.077 -8.552 -8.688 -8.454 -7.553 -7.084 -6.517 -8.578
0.017469 -8.297 -8.496 -8.654 -8.885 -8.852 -8.713 -8.653 -8.888 -8.85 -8.705 -8.482 -8.179 -8.891 -8.813 -8.593 -8.371 -8.134 -8.808 -8.604 -8.382 -8.207 -8.124 -8.596 -8.73 -8.5 -7.604 -7.136 -6.57 -8.621
0.017997 -8.312 -8.516 -8.678 -8.919 -8.892 -8.756 -8.683 -8.923 -8.889 -8.748 -8.528 -8.227 -8.925 -8.853 -8.637 -8.418 -8.182 -8.848 -8.648 -8.429 -8.254 -8.172 -8.64 -8.773 -8.545 -7.654 -7.187 -6.622 -8.664
0.018541 -8.327 -8.535 -8.702 -8.953 -8.93 -8.798 -8.712 -8.958 -8.928 -8.791 -8.573 -8.274 -8.96 -8.894 -8.682 -8.465 -8.23 -8.889 -8.692 -8.475 -8.302 -8.219 -8.683 -8.814 -8.59 -7.704 -7.239 -6.675 -8.707
0.019102 -8.341 -8.553 -8.726 -8.986 -8.969 -8.841 -8.741 -8.992 -8.966 -8.834 -8.618 -8.322 -8.994 -8.934 -8.726 -8.511 -8.278 -8.93 -8.736 -8.522 -8.349 -8.267 -8.727 -8.856 -8.636 -7.755 -7.29 -6.727 -8.75
0.01968 -8.355 -8.571 -8.75 -9.019 -9.007 -8.883 -8.769 -9.026 -9.005 -8.876 -8.664 -8.37 -9.028 -8.973 -8.77 -8.557 -8.326 -8.97 -8.78 -8.568 -8.396 -8.314 -8.77 -8.898 -8.681 -7.805 -7.342 -6.779 -8.792
0.020275 -8.369 -8.589 -8.773 -9.052 -9.045 -8.925 -8.798 -9.06 -9.043 -8.918 -8.709 -8.417 -9.061 -9.013 -8.814 -8.604 -8.374 -9.01 -8.824 -8.614 -8.443 -8.362 -8.813 -8.939 -8.725 -7.855 -7.393 -6.832 -8.834
0.020888 -8.382 -8.606 -8.795 -9.085 -9.083 -8.967 -8.826 -9.093 -9.081 -8.96 -8.753 -8.464 -9.094 -9.052 -8.858 -8.65 -8.421 -9.049 -8.868 -8.66 -8.49 -8.409 -8.856 -8.98 -8.77 -7.905 -7.444 -6.884 -8.877
0.02152 -8.394 -8.623 -8.817 -9.117 -9.121 -9.009 -8.853 -9.126 -9.118 -9.002 -8.798 -8.511 -9.127 -9.091 -8.901 -8.696 -8.469 -9.089 -8.911 -8.705 -8.537 -8.456 -8.899 -9.021 -8.815 -7.955 -7.495 -6.936 -8.919
0.022171 -8.406 -8.639 -8.839 -9.148 -9.158 -9.05 -8.881 -9.159 -9.156 -9.044 -8.843 -8.559 -9.16 -9.13 -8.945 -8.741 -8.516 -9.128 -8.955 -8.751 -8.584 -8.503 -8.941 -9.062 -8.859 -8.005 -7.546 -6.988 -8.96
0.022841 -8.417 -8.654 -8.861 -9.18 -9.195 -9.092 -8.908 -9.191 -9.193 -9.085 -8.887 -8.606 -9.192 -9.169 -8.988 -8.787 -8.564 -9.167 -8.998 -8.796 -8.631 -8.55 -8.984 -9.103 -8.903 -8.054 -7.597 -7.04 -9.002
0.023532 -8.428 -8.669 -8.881 -9.211 -9.232 -9.133 -8.935 -9.224 -9.23 -9.126 -8.931 -8.652 -9.224 -9.207 -9.031 -8.832 -8.611 -9.206 -9.041 -8.842 -8.678 -8.597 -9.026 -9.143 -8.947 -8.104 -7.648 -7.092 -9.043
0.024244 -8.438 -8.684 -8.902 -9.242 -9.269 -9.174 -8.962 -9.255 -9.266 -9.167 -8.975 -8.699 -9.256 -9.245 -9.074 -8.878 -8.658 -9.245 -9.083 -8.887 -8.724 -8.644 -9.068 -9.183 -8.991 -8.154 -7.699 -7.144 -9.085
0.024977 -8.448 -8.698 -8.922 -9.272 -9.305 -9.215 -8.988 -9.287 -9.303 -9.208 -9.019 -8.746 -9.287 -9.283 -9.117 -8.923 -8.705 -9.283 -9.126 -8.932 -8.771 -8.69 -9.11 -9.223 -9.035 -8.203 -7.75 -7.196 -9.126
0.025733 -8.457 -8.711 -8.942 -9.302 -9.341 -9.255 -9.015 -9.318 -9.339 -9.249 -9.063 -8.792 -9.318 -9.321 -9.159 -8.968 -8.752 -9.322 -9.169 -8.977 -8.817 -8.737 -9.152 -9.263 -9.078 -8.252 -7.801 -7.248 -9.167
0.026511 -8.466 -8.724 -8.961 -9.332 -9.377 -9.296 -9.04 -9.349 -9.375 -9.289 -9.107 -8.838 -9.348 -9.358 -9.202 -9.013 -8.798 -9.36 -9.211 -9.022 -8.863 -8.783 -9.193 -9.302 -9.122 -8.302 -7.851 -7.3 -9.207
0.027313 -8.474 -8.737 -8.979 -9.362 -9.413 -9.336 -9.066 -9.379 -9.41 -9.33 -9.15 -8.885 -9.379 -9.395 -9.244 -9.058 -8.845 -9.397 -9.253 -9.067 -8.909 -8.83 -9.235 -9.342 -9.165 -8.351 -7.902 -7.352 -9.248
0.028139 -8.482 -8.748 -8.998 -9.391 -9.448 -9.376 -9.091 -9.409 -9.446 -9.37 -9.194 -8.931 -9.409 -9.432 -9.286 -9.102 -8.892 -9.435 -9.295 -9.111 -8.955 -8.876 -9.276 -9.381 -9.208 -8.4 -7.953 -7.404 -9.288
0.02899 -8.489 -8.76 -9.015 -9.419 -9.483 -9.415 -9.116 -9.439 -9.481 -9.409 -9.237 -8.977 -9.438 -9.469 -9.328 -9.147 -8.938 -9.472 -9.337 -9.155 -9.001 -8.922 -9.317 -9.419 -9.251 -8.449 -8.003 -7.455 -9.329
0.029867 -8.495 -8.77 -9.033 -9.448 -9.518 -9.455 -9.141 -9.469 -9.515 -9.449 -9.28 -9.023 -9.468 -9.505 -9.369 -9.191 -8.984 -9.509 -9.378 -9.2 -9.046 -8.968 -9.358 -9.458 -9.294 -8.498 -8.054 -7.507 -9.368
0.03077 -8.501 -8.78 -9.05 -9.476 -9.552 -9.494 -9.166 -9.498 -9.55 -9.488 -9.322 -9.068 -9.496 -9.541 -9.411 -9.235 -9.03 -9.546 -9.42 -9.244 -9.092 -9.014 -9.398 -9.497 -9.336 -8.547 -8.104 -7.558 -9.408
0.031701 -8.507 -8.79 -9.066 -9.503 -9.586 -9.533 -9.19 -9.527 -9.584 -9.528 -9.365 -9.114 -9.525 -9.577 -9.452 -9.279 -9.076 -9.583 -9.461 -9.288 -9.137 -9.06 -9.439 -9.535 -9.379 -8.596 -8.154 -7.61 -9.448
0.032659 -8.512 -8.799 -9.082 -9.531 -9.62 -9.572 -9.214 -9.555 -9.618 -9.566 -9.407 -9.159 -9.553 -9.613 -9.493 -9.323 -9.122 -9.619 -9.502 -9.332 -9.183 -9.106 -9.479 -9.573 -9.421 -8.645 -8.204 -7.661 -9.487
0.033647 -8.516 -8.807 -9.097 -9.558 -9.654 -9.611 -9.237 -9.583 -9.652 -9.605 -9.45 -9.205 -9.581 -9.648 -9.534 -9.367 -9.168 -9.655 -9.543 -9.375 -9.228 -9.152 -9.519 -9.61 -9.463 -8.693 -8.255 -7.713 -9.526
0.034665 -8.52 -8.815 -9.112 -9.584 -9.687 -9.649 -9.261 -9.611 -9.685 -9.644 -9.492 -9.25 -9.608 -9.684 -9.575 -9.411 -9.214 -9.691 -9.583 -9.419 -9.273 -9.197 -9.559 -9.648 -9.505 -8.742 -8.305 -7.764 -9.565
0.035713 -8.523 -8.822 -9.127 -9.61 -9.72 -9.687 -9.284 -9.638 -9.718 -9.682 -9.534 -9.295 -9.636 -9.718 -9.615 -9.454 -9.259 -9.726 -9.624 -9.462 -9.318 -9.243 -9.598 -9.685 -9.547 -8.79 -8.355 -7.815 -9.604
0.036793 -8.525 -8.829 -9.141 -9.636 -9.753 -9.725 -9.307 -9.665 -9.751 -9.72 -9.576 -9.34 -9.662 -9.753 -9.656 -9.497 -9.304 -9.761 -9.664 -9.505 -9.363 -9.288 -9.638 -9.722 -9.588 -8.838 -8.405 -7.867 -9.643
0.037906 -8.527 -8.835 -9.154 -9.661 -9.785 -9.763 -9.329 -9.692 -9.783 -9.758 -9.617 -9.385 -9.689 -9.787 -9.696 -9.54 -9.35 -9.796 -9.704 -9.548 -9.407 -9.333 -9.677 -9.759 -9.63 -8.887 -8.455 -7.918 -9.681
0.039052 -8.529 -8.84 -9.167 -9.686 -9.817 -9.8 -9.351 -9.718 -9.816 -9.795 -9.659 -9.429 -9.714 -9.821 -9.736 -9.583 -9.395 -9.831 -9.744 -9.591 -9.452 -9.378 -9.716 -9.796 -9.671 -8.935 -8.504 -7.969 -9.719
0.040234 -8.53 -8.845 -9.179 -9.711 -9.849 -9.838 -9.373 -9.744 -9.847 -9.833 -9.7 -9.474 -9.74 -9.855 -9.775 -9.626 -9.44 -9.866 -9.783 -9.634 -9.496 -9.423 -9.755 -9.832 -9.712 -8.983 -8.554 -8.02 -9.757
0.04145 -8.53 -8.849 -9.191 -9.735 -9.88 -9.875 -9.395 -9.769 -9.879 -9.87 -9.741 -9.518 -9.765 -9.888 -9.815 -9.669 -9.485 -9.9 -9.823 -9.676 -9.541 -9.468 -9.793 -9.868 -9.752 -9.031 -8.604 -8.071 -9.795
0.042704 -8.529 -8.853 -9.203 -9.759 -9.912 -9.911 -9.416 -9.794 -9.91 -9.907 -9.782 -9.562 -9.79 -9.922 -9.854 -9.711 -9.529 -9.934 -9.862 -9.719 -9.585 -9.513 -9.832 -9.904 -9.793 -9.079 -8.653 -8.122 -9.832
0.043996 -8.528 -8.855 -9.214 -9.782 -9.942 -9.948 -9.437 -9.819 -9.941 -9.943 -9.822 -9.606 -9.814 -9.954 -9.893 -9.753 -9.574 -9.967 -9.901 -9.761 -9.629 -9.558 -9.87 -9.939 -9.833 -9.127 -8.703 -8.173 -9.87
0.045326 -8.527 -8.858 -9.224 -9.805 -9.973 -9.984 -9.458 -9.843 -9.972 -9.98 -9.863 -9.65 -9.838 -9.987 -9.932 -9.795 -9.618 -10.001 -9.94 -9.803 -9.672 -9.602 -9.908 -9.975 -9.874 -9.174 -8.752 -8.224 -9.907
0.046697 -8.525 -8.859 -9.234 -9.827 -10.003 -10.02 -9.478 -9.867 -10.002 -10.016 -9.903 -9.694 -9.862 -10.019 -9.97 -9.837 -9.662 -10.034 -9.978 -9.845 -9.716 -9.647 -9.945 -10.01 -9.914 -9.222 -8.802 -8.275 -9.944
0.048109 -8.522 -8.86 -9.243 -9.849 -10.033 -10.056 -9.498 -9.89 -10.032 -10.052 -9.943 -9.738 -9.885 -10.051 -10.009 -9.879 -9.706 -10.066 -10.017 -9.887 -9.76 -9.691 -9.983 -10.044 -9.953 -9.269 -8.851 -8.325 -9.98
0.049564 -8.518 -8.86 -9.252 -9.871 -10.062 -10.091 -9.518 -9.913 -10.061 -10.087 -9.983 -9.781 -9.907 -10.083 -10.047 -9.92 -9.75 -10.099 -10.055 -9.928 -9.803 -9.735 -10.02 -10.079 -9.993 -9.317 -8.9 -8.376 -10.017
0.051063 -8.514 -8.86 -9.26 -9.892 -10.091 -10.126 -9.538 -9.936 -10.09 -10.123 -10.022 -9.825 -9.93 -10.114 -10.085 -9.962 -9.794 -10.131 -10.093 -9.969 -9.846 -9.779 -10.057 -10.113 -10.032 -9.364 -8.949 -8.427 -10.053
0.052608 -8.51 -8.858 -9.268 -9.913 -10.12 -10.161 -9.557 -9.958 -10.119 -10.158 -10.062 -9.868 -9.951 -10.145 -10.123 -10.003 -9.838 -10.163 -10.13 -10.01 -9.889 -9.823 -10.094 -10.147 -10.071 -9.411 -8.998 -8.477 -10.089
0.054199 -8.504 -8.856 -9.275 -9.933 -10.149 -10.196 -9.576 -9.98 -10.148 -10.192 -10.101 -9.911 -9.973 -10.176 -10.16 -10.044 -9.881 -10.194 -10.168 -10.051 -9.932 -9.867 -10.131 -10.18 -10.11 -9.458 -9.047 -8.528 -10.124
0.055838 -8.498 -8.854 -9.281 -9.953 -10.177 -10.23 -9.594 -10.001 -10.176 -10.227 -10.14 -9.953 -9.993 -10.206 -10.197 -10.085 -9.925 -10.226 -10.205 -10.092 -9.975 -9.911 -10.167 -10.214 -10.149 -9.505 -9.096 -8.578 -10.16
0.057527 -8.492 -8.85 -9.287 -9.972 -10.204 -10.264 -9.613 -10.021 -10.204 -10.261 -10.179 -9.996 -10.014 -10.236 -10.234 -10.125 -9.968 -10.257 -10.242 -10.133 -10.018 -9.954 -10.203 -10.247 -10.188 -9.552 -9.145 -8.628 -10.195
0.059267 -8.485 -8.846 -9.292 -9.991 -10.232 -10.298 -9.631 -10.042 -10.231 -10.295 -10.217 -10.039 -10.034 -10.266 -10.271 -10.166 -10.011 -10.287 -10.279 -10.173 -10.06 -9.998 -10.239 -10.28 -10.226 -9.599 -9.193 -8.679 -10.23
0.061059 -8.477 -8.841 -9.297 -10.009 -10.259 -10.332 -9.648 -10.062 -10.258 -10.329 -10.256 -10.081 -10.053 -10.295 -10.307 -10.206 -10.054 -10.317 -10.315 -10.213 -10.102 -10.041 -10.274 -10.312 -10.264 -9.645 -9.242 -8.729 -10.265
0.062906 -8.468 -8.836 -9.301 -10.027 -10.285 -10.365 -9.666 -10.081 -10.285 -10.362 -10.294 -10.123 -10.072 -10.324 -10.344 -10.246 -10.096 -10.347 -10.351 -10.253 -10.145 -10.084 -10.31 -10.344 -10.302 -9.692 -9.291 -8.779 -10.299
0.064808 -8.459 -8.83 -9.305 -10.044 -10.311 -10.398 -9.683 -10.1 -10.311 -10.395 -10.332 -10.165 -10.091 -10.353 -10.38 -10.286 -10.139 -10.377 -10.387 -10.293 -10.186 -10.127 -10.345 -10.376 -10.339 -9.738 -9.339 -8.829 -10.333
0.066769 -8.449 -8.822 -9.308 -10.061 -10.337 -10.43 -9.699 -10.118 -10.337 -10.428 -10.369 -10.207 -10.109 -10.381 -10.415 -10.325 -10.181 -10.406 -10.423 -10.333 -10.228 -10.17 -10.38 -10.408 -10.377 -9.784 -9.387 -8.879 -10.367
0.068788 -8.439 -8.815 -9.31 -10.077 -10.362 -10.462 -9.716 -10.136 -10.362 -10.46 -10.407 -10.248 -10.126 -10.409 -10.451 -10.364 -10.223 -10.435 -10.458 -10.372 -10.27 -10.213 -10.414 -10.439 -10.414 -9.831 -9.436 -8.929 -10.401
0.070868 -8.427 -8.806 -9.311 -10.093 -10.387 -10.494 -9.732 -10.153 -10.388 -10.492 -10.444 -10.29 -10.143 -10.436 -10.486 -10.404 -10.265 -10.463 -10.493 -10.411 -10.311 -10.255 -10.449 -10.47 -10.451 -9.877 -9.484 -8.979 -10.434
0.073012 -8.416 -8.796 -9.312 -10.108 -10.412 -10.526 -9.747 -10.17 -10.412 -10.524 -10.481 -10.331 -10.16 -10.463 -10.521 -10.442 -10.307 -10.492 -10.528 -10.45 -10.352 -10.298 -10.483 -10.5 -10.487 -9.922 -9.532 -9.029 -10.468
0.07522 -8.403 -8.786 -9.313 -10.123 -10.436 -10.557 -9.763 -10.187 -10.436 -10.556 -10.518 -10.372 -10.175 -10.49 -10.555 -10.481 -10.349 -10.519 -10.563 -10.489 -10.394 -10.34 -10.516 -10.531 -10.524 -9.968 -9.58 -9.079 -10.501
0.077495 -8.39 -8.775 -9.313 -10.137 -10.46 -10.588 -9.778 -10.203 -10.46 -10.587 -10.554 -10.413 -10.191 -10.516 -10.59 -10.52 -10.39 -10.547 -10.597 -10.527 -10.434 -10.382 -10.55 -10.561 -10.56 -10.014 -9.628 -9.128 -10.533
0.079839 -8.376 -8.763 -9.312 -10.151 -10.483 -10.619 -9.792 -10.218 -10.484 -10.617 -10.59 -10.454 -10.206 -10.542 -10.624 -10.558 -10.432 -10.574 -10.631 -10.566 -10.475 -10.424 -10.583 -10.59 -10.595 -10.059 -9.675 -9.178 -10.566
0.082253 -8.362 -8.75 -9.31 -10.164 -10.506 -10.649 -9.806 -10.233 -10.507 -10.648 -10.626 -10.494 -10.22 -10.568 -10.657 -10.596 -10.473 -10.601 -10.665 -10.604 -10.516 -10.466 -10.616 -10.619 -10.631 -10.105 -9.723 -9.227 -10.598
0.084741 -8.347 -8.737 -9.308 -10.176 -10.528 -10.679 -9.82 -10.247 -10.529 -10.678 -10.662 -10.534 -10.234 -10.593 -10.691 -10.634 -10.514 -10.627 -10.698 -10.641 -10.556 -10.507 -10.649 -10.648 -10.666 -10.15 -9.771 -9.277 -10.629
0.087304 -8.331 -8.722 -9.305 -10.188 -10.55 -10.709 -9.834 -10.261 -10.551 -10.708 -10.697 -10.574 -10.247 -10.618 -10.724 -10.671 -10.554 -10.653 -10.732 -10.679 -10.596 -10.549 -10.681 -10.677 -10.701 -10.195 -9.818 -9.326 -10.661
