web/models/kne.last_good/kappa_1_10/27/villar_0.1775_0.0770_10.0000.dat
# %ECSV 1.0
# ---
# datatype:
# - {name: time, datatype: float64}
# - {name: swift_uvot_uvw2, datatype: float64}
# - {name: swift_uvot_uvm2, datatype: float64}
# - {name: swift_uvot_uvw1, datatype: float64}
# - {name: swift_uvot_U, datatype: float64}
# - {name: swift_uvot_B, datatype: float64}
# - {name: swift_uvot_V, datatype: float64}
# - {name: swift_uvot_W, datatype: float64}
# - {name: johnson_U, datatype: float64}
# - {name: johnson_B, datatype: float64}
# - {name: johnson_V, datatype: float64}
# - {name: johnson_R, datatype: float64}
# - {name: johnson_I, datatype: float64}
# - {name: sdss_u, datatype: float64}
# - {name: sdss_g, datatype: float64}
# - {name: sdss_r, datatype: float64}
# - {name: sdss_i, datatype: float64}
# - {name: sdss_z, datatype: float64}
# - {name: PS1_g, datatype: float64}
# - {name: PS1_r, datatype: float64}
# - {name: PS1_i, datatype: float64}
# - {name: PS1_z, datatype: float64}
# - {name: PS1_Y, datatype: float64}
# - {name: PS1_w, datatype: float64}
# - {name: ATLAS_c, datatype: float64}
# - {name: ATLAS_o, datatype: float64}
# - {name: ukirt_J, datatype: float64}
# - {name: ukirt_H, datatype: float64}
# - {name: ukirt_K, datatype: float64}
# - {name: Clear, datatype: float64}
# meta: !!omap
# - comment: [kappa = 10.0, type = villar, mass = 0.1774768329891343, velocity = 0.07700000000000001, theta_obs = 0.0]
# schema: astropy-2.0
time swift_uvot_uvw2 swift_uvot_uvm2 swift_uvot_uvw1 swift_uvot_U swift_uvot_B swift_uvot_V swift_uvot_W johnson_U johnson_B johnson_V johnson_R johnson_I sdss_u sdss_g sdss_r sdss_i sdss_z PS1_g PS1_r PS1_i PS1_z PS1_Y PS1_w ATLAS_c ATLAS_o ukirt_J ukirt_H ukirt_K Clear
[from data line 78]
0.010217 -9.086 -8.861 -8.721 -8.294 -7.935 -7.55 -8.565 -8.241 -7.931 -7.539 -7.147 -6.693 -8.251 -7.812 -7.322 -6.963 -6.626 -7.811 -7.383 -7.043 -6.846 -6.923 -7.388 -7.621 -7.176 -5.953 -5.407 -4.776 -7.469
0.010526 -9.129 -8.907 -8.768 -8.344 -7.986 -7.602 -8.612 -8.29 -7.982 -7.592 -7.2 -6.747 -8.3 -7.864 -7.375 -7.017 -6.68 -7.862 -7.434 -7.095 -6.897 -6.972 -7.44 -7.673 -7.229 -6.007 -5.461 -4.83 -7.521
0.010845 -9.171 -8.952 -8.814 -8.393 -8.037 -7.654 -8.659 -8.34 -8.033 -7.643 -7.253 -6.8 -8.35 -7.915 -7.427 -7.07 -6.733 -7.912 -7.486 -7.147 -6.949 -7.02 -7.492 -7.725 -7.281 -6.061 -5.516 -4.885 -7.572
0.011173 -9.213 -8.998 -8.861 -8.443 -8.088 -7.706 -8.705 -8.39 -8.084 -7.695 -7.306 -6.853 -8.4 -7.966 -7.48 -7.122 -6.787 -7.963 -7.537 -7.199 -7.0 -7.069 -7.544 -7.777 -7.334 -6.115 -5.57 -4.94 -7.624
0.011511 -9.256 -9.043 -8.907 -8.492 -8.139 -7.758 -8.752 -8.44 -8.135 -7.747 -7.358 -6.907 -8.45 -8.017 -7.532 -7.175 -6.84 -8.014 -7.589 -7.251 -7.051 -7.117 -7.596 -7.828 -7.386 -6.169 -5.624 -4.994 -7.676
0.011859 -9.297 -9.088 -8.954 -8.542 -8.189 -7.81 -8.798 -8.489 -8.185 -7.799 -7.411 -6.96 -8.499 -8.068 -7.584 -7.228 -6.893 -8.064 -7.64 -7.302 -7.102 -7.165 -7.648 -7.88 -7.439 -6.223 -5.678 -5.049 -7.728
0.012217 -9.339 -9.133 -9.0 -8.591 -8.24 -7.861 -8.844 -8.539 -8.236 -7.851 -7.463 -7.013 -8.549 -8.119 -7.636 -7.281 -6.946 -8.115 -7.692 -7.354 -7.153 -7.214 -7.7 -7.931 -7.491 -6.277 -5.733 -5.103 -7.779
0.012587 -9.381 -9.178 -9.046 -8.64 -8.29 -7.913 -8.89 -8.588 -8.287 -7.902 -7.515 -7.066 -8.598 -8.17 -7.688 -7.334 -6.999 -8.165 -7.743 -7.405 -7.204 -7.262 -7.752 -7.982 -7.543 -6.331 -5.787 -5.158 -7.831
0.012968 -9.422 -9.223 -9.092 -8.689 -8.341 -7.964 -8.936 -8.637 -8.337 -7.954 -7.568 -7.119 -8.647 -8.221 -7.74 -7.386 -7.053 -8.216 -7.794 -7.457 -7.255 -7.31 -7.803 -8.034 -7.596 -6.384 -5.841 -5.212 -7.882
0.01336 -9.463 -9.267 -9.137 -8.738 -8.391 -8.016 -8.982 -8.686 -8.387 -8.005 -7.62 -7.172 -8.696 -8.271 -7.792 -7.439 -7.106 -8.266 -7.845 -7.508 -7.306 -7.359 -7.855 -8.085 -7.648 -6.438 -5.895 -5.267 -7.933
0.013764 -9.504 -9.311 -9.183 -8.786 -8.441 -8.067 -9.027 -8.735 -8.438 -8.057 -7.672 -7.225 -8.745 -8.322 -7.844 -7.491 -7.159 -8.316 -7.896 -7.56 -7.357 -7.407 -7.906 -8.136 -7.7 -6.492 -5.949 -5.321 -7.984
0.01418 -9.545 -9.355 -9.228 -8.835 -8.491 -8.118 -9.072 -8.784 -8.488 -8.108 -7.724 -7.277 -8.794 -8.373 -7.896 -7.544 -7.211 -8.366 -7.947 -7.611 -7.407 -7.455 -7.958 -8.187 -7.752 -6.545 -6.003 -5.375 -8.036
0.014609 -9.586 -9.399 -9.273 -8.883 -8.541 -8.17 -9.118 -8.833 -8.538 -8.159 -7.776 -7.33 -8.843 -8.423 -7.948 -7.596 -7.264 -8.416 -7.998 -7.662 -7.458 -7.503 -8.009 -8.238 -7.804 -6.599 -6.057 -5.43 -8.087
0.015051 -9.626 -9.443 -9.318 -8.932 -8.591 -8.221 -9.163 -8.882 -8.588 -8.21 -7.828 -7.383 -8.891 -8.473 -7.999 -7.648 -7.317 -8.466 -8.049 -7.714 -7.509 -7.551 -8.06 -8.289 -7.856 -6.653 -6.111 -5.484 -8.138
0.015506 -9.667 -9.487 -9.363 -8.98 -8.641 -8.272 -9.208 -8.93 -8.638 -8.261 -7.88 -7.436 -8.94 -8.524 -8.051 -7.701 -7.37 -8.516 -8.1 -7.765 -7.56 -7.599 -8.112 -8.339 -7.908 -6.706 -6.165 -5.538 -8.189
0.015975 -9.707 -9.53 -9.408 -9.028 -8.691 -8.323 -9.253 -8.979 -8.687 -8.312 -7.932 -7.488 -8.988 -8.574 -8.102 -7.753 -7.423 -8.566 -8.151 -7.816 -7.61 -7.648 -8.163 -8.39 -7.959 -6.759 -6.219 -5.592 -8.239
0.016458 -9.747 -9.573 -9.453 -9.076 -8.741 -8.374 -9.297 -9.027 -8.737 -8.363 -7.983 -7.541 -9.037 -8.624 -8.154 -7.805 -7.475 -8.615 -8.201 -7.867 -7.661 -7.696 -8.214 -8.441 -8.011 -6.813 -6.273 -5.647 -8.29
0.016956 -9.786 -9.616 -9.497 -9.124 -8.79 -8.425 -9.342 -9.075 -8.787 -8.414 -8.035 -7.593 -9.085 -8.674 -8.205 -7.857 -7.528 -8.665 -8.252 -7.918 -7.712 -7.744 -8.265 -8.491 -8.063 -6.866 -6.326 -5.701 -8.341
0.017469 -9.826 -9.659 -9.541 -9.172 -8.84 -8.475 -9.386 -9.123 -8.836 -8.465 -8.087 -7.646 -9.133 -8.724 -8.257 -7.909 -7.58 -8.714 -8.303 -7.969 -7.762 -7.792 -8.316 -8.542 -8.114 -6.92 -6.38 -5.755 -8.391
0.017997 -9.865 -9.702 -9.585 -9.22 -8.889 -8.526 -9.43 -9.171 -8.885 -8.516 -8.138 -7.698 -9.181 -8.774 -8.308 -7.961 -7.633 -8.764 -8.353 -8.02 -7.813 -7.84 -8.367 -8.592 -8.166 -6.973 -6.434 -5.809 -8.442
0.018541 -9.904 -9.744 -9.629 -9.268 -8.939 -8.577 -9.475 -9.219 -8.935 -8.566 -8.19 -7.75 -9.229 -8.823 -8.359 -8.013 -7.685 -8.813 -8.404 -8.071 -7.863 -7.888 -8.418 -8.642 -8.217 -7.026 -6.487 -5.863 -8.492
0.019102 -9.943 -9.787 -9.673 -9.315 -8.988 -8.627 -9.518 -9.267 -8.984 -8.617 -8.241 -7.803 -9.277 -8.873 -8.41 -8.065 -7.738 -8.863 -8.454 -8.122 -7.914 -7.936 -8.468 -8.693 -8.269 -7.079 -6.541 -5.917 -8.543
0.01968 -9.982 -9.829 -9.717 -9.363 -9.037 -8.678 -9.562 -9.315 -9.033 -8.667 -8.293 -7.855 -9.324 -8.923 -8.461 -8.117 -7.79 -8.912 -8.504 -8.173 -7.964 -7.984 -8.519 -8.743 -8.32 -7.132 -6.595 -5.971 -8.593
0.020275 -10.021 -9.871 -9.76 -9.41 -9.086 -8.728 -9.606 -9.362 -9.082 -8.718 -8.344 -7.907 -9.372 -8.972 -8.512 -8.168 -7.842 -8.961 -8.555 -8.223 -8.015 -8.032 -8.57 -8.793 -8.371 -7.185 -6.648 -6.025 -8.643
0.020888 -10.059 -9.913 -9.803 -9.457 -9.135 -8.778 -9.649 -9.41 -9.131 -8.768 -8.395 -7.959 -9.419 -9.022 -8.563 -8.22 -7.895 -9.01 -8.605 -8.274 -8.065 -8.08 -8.62 -8.843 -8.422 -7.239 -6.702 -6.079 -8.694
0.02152 -10.097 -9.954 -9.847 -9.504 -9.184 -8.829 -9.693 -9.457 -9.18 -8.818 -8.447 -8.011 -9.467 -9.071 -8.614 -8.272 -7.947 -9.059 -8.655 -8.325 -8.116 -8.129 -8.67 -8.893 -8.474 -7.292 -6.755 -6.133 -8.744
0.022171 -10.135 -9.996 -9.89 -9.551 -9.233 -8.879 -9.736 -9.504 -9.229 -8.868 -8.498 -8.063 -9.514 -9.12 -8.665 -8.323 -7.999 -9.108 -8.705 -8.375 -8.166 -8.177 -8.721 -8.943 -8.525 -7.345 -6.809 -6.186 -8.794
0.022841 -10.173 -10.037 -9.932 -9.598 -9.281 -8.929 -9.779 -9.552 -9.278 -8.918 -8.549 -8.115 -9.561 -9.169 -8.715 -8.375 -8.051 -9.157 -8.755 -8.426 -8.216 -8.225 -8.771 -8.992 -8.576 -7.398 -6.862 -6.24 -8.844
0.023532 -10.211 -10.078 -9.975 -9.645 -9.33 -8.979 -9.822 -9.599 -9.326 -8.969 -8.6 -8.167 -9.608 -9.218 -8.766 -8.426 -8.103 -9.206 -8.805 -8.477 -8.267 -8.273 -8.821 -9.042 -8.627 -7.45 -6.915 -6.294 -8.894
0.024244 -10.248 -10.119 -10.017 -9.691 -9.378 -9.029 -9.864 -9.646 -9.375 -9.018 -8.651 -8.219 -9.655 -9.267 -8.817 -8.478 -8.155 -9.254 -8.855 -8.527 -8.317 -8.321 -8.872 -9.092 -8.678 -7.503 -6.969 -6.348 -8.943
0.024977 -10.285 -10.16 -10.06 -9.738 -9.427 -9.079 -9.907 -9.692 -9.423 -9.068 -8.702 -8.271 -9.701 -9.316 -8.867 -8.529 -8.207 -9.303 -8.905 -8.578 -8.367 -8.369 -8.922 -9.141 -8.728 -7.556 -7.022 -6.401 -8.993
0.025733 -10.323 -10.2 -10.102 -9.784 -9.475 -9.128 -9.949 -9.739 -9.471 -9.118 -8.752 -8.322 -9.748 -9.365 -8.918 -8.58 -8.259 -9.352 -8.955 -8.628 -8.417 -8.417 -8.972 -9.191 -8.779 -7.609 -7.075 -6.455 -9.043
0.026511 -10.359 -10.241 -10.144 -9.83 -9.523 -9.178 -9.992 -9.786 -9.52 -9.168 -8.803 -8.374 -9.795 -9.414 -8.968 -8.632 -8.311 -9.4 -9.005 -8.678 -8.467 -8.465 -9.022 -9.24 -8.83 -7.662 -7.129 -6.509 -9.092
0.027313 -10.396 -10.281 -10.186 -9.876 -9.571 -9.228 -10.034 -9.832 -9.568 -9.218 -8.854 -8.426 -9.841 -9.462 -9.018 -8.683 -8.363 -9.449 -9.055 -8.729 -8.518 -8.513 -9.072 -9.289 -8.88 -7.714 -7.182 -6.562 -9.142
0.028139 -10.432 -10.321 -10.227 -9.922 -9.62 -9.277 -10.076 -9.878 -9.616 -9.267 -8.905 -8.477 -9.887 -9.511 -9.069 -8.734 -8.414 -9.497 -9.104 -8.779 -8.568 -8.561 -9.121 -9.338 -8.931 -7.767 -7.235 -6.616 -9.191
0.02899 -10.469 -10.36 -10.269 -9.968 -9.667 -9.327 -10.118 -9.925 -9.664 -9.317 -8.955 -8.529 -9.934 -9.559 -9.119 -8.785 -8.466 -9.545 -9.154 -8.829 -8.618 -8.609 -9.171 -9.388 -8.982 -7.82 -7.288 -6.67 -9.241
0.029867 -10.505 -10.4 -10.31 -10.014 -9.715 -9.376 -10.159 -9.971 -9.712 -9.366 -9.006 -8.581 -9.98 -9.608 -9.169 -8.836 -8.518 -9.593 -9.204 -8.88 -8.668 -8.657 -9.221 -9.437 -9.032 -7.872 -7.341 -6.723 -9.29
0.03077 -10.54 -10.439 -10.351 -10.06 -9.763 -9.426 -10.201 -10.017 -9.759 -9.415 -9.056 -8.632 -10.026 -9.656 -9.219 -8.887 -8.569 -9.641 -9.253 -8.93 -8.718 -8.705 -9.27 -9.486 -9.082 -7.925 -7.394 -6.777 -9.339
0.031701 -10.576 -10.478 -10.392 -10.105 -9.811 -9.475 -10.242 -10.063 -9.807 -9.465 -9.107 -8.683 -10.071 -9.704 -9.269 -8.938 -8.621 -9.689 -9.302 -8.98 -8.768 -8.753 -9.32 -9.535 -9.133 -7.977 -7.448 -6.83 -9.388
0.032659 -10.611 -10.517 -10.433 -10.15 -9.858 -9.524 -10.283 -10.108 -9.854 -9.514 -9.157 -8.735 -10.117 -9.752 -9.319 -8.989 -8.672 -9.737 -9.352 -9.03 -8.818 -8.801 -9.369 -9.583 -9.183 -8.03 -7.501 -6.884 -9.437
0.033647 -10.646 -10.556 -10.473 -10.196 -9.906 -9.573 -10.324 -10.154 -9.902 -9.563 -9.207 -8.786 -10.163 -9.8 -9.369 -9.039 -8.724 -9.785 -9.401 -9.08 -8.868 -8.849 -9.419 -9.632 -9.233 -8.082 -7.554 -6.937 -9.486
0.034665 -10.681 -10.594 -10.514 -10.241 -9.953 -9.622 -10.365 -10.199 -9.949 -9.612 -9.257 -8.837 -10.208 -9.848 -9.418 -9.09 -8.775 -9.833 -9.45 -9.13 -8.918 -8.897 -9.468 -9.681 -9.283 -8.135 -7.607 -6.991 -9.535
0.035713 -10.716 -10.632 -10.554 -10.286 -10.0 -9.671 -10.406 -10.245 -9.997 -9.661 -9.308 -8.889 -10.254 -9.896 -9.468 -9.141 -8.827 -9.88 -9.5 -9.18 -8.968 -8.945 -9.517 -9.729 -9.333 -8.187 -7.659 -7.044 -9.584
0.036793 -10.75 -10.671 -10.594 -10.331 -10.047 -9.72 -10.446 -10.29 -10.044 -9.71 -9.358 -8.94 -10.299 -9.944 -9.518 -9.191 -8.878 -9.928 -9.549 -9.23 -9.018 -8.993 -9.566 -9.778 -9.383 -8.24 -7.712 -7.097 -9.633
0.037906 -10.785 -10.708 -10.634 -10.375 -10.094 -9.769 -10.486 -10.335 -10.091 -9.759 -9.408 -8.991 -10.344 -9.991 -9.567 -9.242 -8.929 -9.976 -9.598 -9.28 -9.067 -9.041 -9.615 -9.826 -9.433 -8.292 -7.765 -7.151 -9.681
0.039052 -10.819 -10.746 -10.673 -10.42 -10.141 -9.818 -10.527 -10.38 -10.138 -9.808 -9.458 -9.042 -10.389 -10.039 -9.617 -9.292 -8.98 -10.023 -9.647 -9.329 -9.117 -9.089 -9.664 -9.874 -9.483 -8.344 -7.818 -7.204 -9.73
0.040234 -10.852 -10.783 -10.713 -10.464 -10.188 -9.866 -10.567 -10.425 -10.185 -9.856 -9.507 -9.093 -10.434 -10.086 -9.666 -9.343 -9.032 -10.07 -9.696 -9.379 -9.167 -9.137 -9.713 -9.923 -9.533 -8.396 -7.871 -7.257 -9.778
0.04145 -10.886 -10.821 -10.752 -10.509 -10.235 -9.915 -10.606 -10.47 -10.231 -9.905 -9.557 -9.144 -10.478 -10.134 -9.716 -9.393 -9.083 -10.117 -9.745 -9.429 -9.217 -9.185 -9.762 -9.971 -9.583 -8.449 -7.924 -7.311 -9.827
0.042704 -10.919 -10.857 -10.791 -10.553 -10.282 -9.963 -10.646 -10.515 -10.278 -9.953 -9.607 -9.195 -10.523 -10.181 -9.765 -9.444 -9.134 -10.165 -9.793 -9.479 -9.266 -9.234 -9.811 -10.019 -9.632 -8.501 -7.976 -7.364 -9.875
0.043996 -10.952 -10.894 -10.83 -10.597 -10.328 -10.012 -10.686 -10.559 -10.324 -10.002 -9.657 -9.246 -10.567 -10.228 -9.814 -9.494 -9.185 -10.212 -9.842 -9.528 -9.316 -9.282 -9.86 -10.067 -9.682 -8.553 -8.029 -7.417 -9.923
0.045326 -10.985 -10.931 -10.869 -10.641 -10.375 -10.06 -10.725 -10.603 -10.371 -10.05 -9.706 -9.296 -10.612 -10.275 -9.863 -9.544 -9.236 -10.259 -9.891 -9.578 -9.366 -9.33 -9.908 -10.115 -9.732 -8.605 -8.082 -7.47 -9.971
0.046697 -11.018 -10.967 -10.907 -10.685 -10.421 -10.108 -10.764 -10.648 -10.417 -10.098 -9.756 -9.347 -10.656 -10.322 -9.912 -9.594 -9.287 -10.306 -9.939 -9.627 -9.415 -9.378 -9.957 -10.163 -9.781 -8.657 -8.135 -7.524 -10.02
0.048109 -11.05 -11.003 -10.945 -10.728 -10.467 -10.156 -10.803 -10.692 -10.463 -10.147 -9.805 -9.398 -10.7 -10.369 -9.961 -9.644 -9.338 -10.352 -9.988 -9.677 -9.465 -9.426 -10.005 -10.21 -9.831 -8.709 -8.187 -7.577 -10.068
0.049564 -11.082 -11.039 -10.984 -10.772 -10.513 -10.204 -10.842 -10.736 -10.51 -10.195 -9.855 -9.448 -10.744 -10.416 -10.01 -9.694 -9.388 -10.399 -10.036 -9.726 -9.514 -9.474 -10.054 -10.258 -9.88 -8.761 -8.24 -7.63 -10.115
0.051063 -11.114 -11.074 -11.021 -10.815 -10.559 -10.252 -10.88 -10.779 -10.556 -10.243 -9.904 -9.499 -10.787 -10.462 -10.059 -9.744 -9.439 -10.446 -10.085 -9.775 -9.564 -9.522 -10.102 -10.305 -9.929 -8.813 -8.292 -7.683 -10.163
0.052608 -11.145 -11.11 -11.059 -10.858 -10.605 -10.3 -10.919 -10.823 -10.601 -10.29 -9.953 -9.549 -10.831 -10.509 -10.108 -9.794 -9.49 -10.492 -10.133 -9.825 -9.613 -9.57 -10.15 -10.353 -9.978 -8.865 -8.345 -7.736 -10.211
0.054199 -11.177 -11.145 -11.096 -10.901 -10.651 -10.348 -10.957 -10.867 -10.647 -10.338 -10.003 -9.6 -10.875 -10.555 -10.156 -9.844 -9.54 -10.539 -10.182 -9.874 -9.663 -9.618 -10.198 -10.4 -10.027 -8.917 -8.397 -7.789 -10.259
0.055838 -11.208 -11.179 -11.134 -10.944 -10.697 -10.396 -10.995 -10.91 -10.693 -10.386 -10.052 -9.65 -10.918 -10.602 -10.205 -9.894 -9.591 -10.585 -10.23 -9.923 -9.712 -9.666 -10.246 -10.447 -10.077 -8.968 -8.45 -7.842 -10.306
0.057527 -11.238 -11.214 -11.171 -10.987 -10.742 -10.443 -11.033 -10.953 -10.738 -10.434 -10.101 -9.701 -10.961 -10.648 -10.254 -9.943 -9.642 -10.631 -10.278 -9.972 -9.761 -9.713 -10.294 -10.495 -10.125 -9.02 -8.502 -7.895 -10.354
0.059267 -11.269 -11.248 -11.207 -11.03 -10.787 -10.491 -11.071 -10.996 -10.784 -10.481 -10.15 -9.751 -11.004 -10.694 -10.302 -9.993 -9.692 -10.677 -10.326 -10.022 -9.811 -9.761 -10.342 -10.542 -10.174 -9.072 -8.555 -7.948 -10.401
0.061059 -11.299 -11.282 -11.244 -11.072 -10.833 -10.538 -11.108 -11.039 -10.829 -10.529 -10.199 -9.801 -11.047 -10.74 -10.35 -10.043 -9.743 -10.723 -10.374 -10.071 -9.86 -9.809 -10.39 -10.589 -10.223 -9.124 -8.607 -8.001 -10.448
0.062906 -11.329 -11.316 -11.28 -11.115 -10.878 -10.586 -11.146 -11.082 -10.874 -10.576 -10.248 -9.851 -11.09 -10.786 -10.399 -10.092 -9.793 -10.769 -10.422 -10.12 -9.909 -9.857 -10.438 -10.635 -10.272 -9.175 -8.659 -8.054 -10.496
0.064808 -11.359 -11.35 -11.316 -11.157 -10.923 -10.633 -11.183 -11.125 -10.919 -10.623 -10.297 -9.902 -11.132 -10.832 -10.447 -10.142 -9.843 -10.815 -10.47 -10.168 -9.958 -9.905 -10.486 -10.682 -10.321 -9.227 -8.712 -8.107 -10.543
0.066769 -11.388 -11.383 -11.352 -11.199 -10.968 -10.68 -11.22 -11.167 -10.964 -10.671 -10.345 -9.952 -11.175 -10.878 -10.495 -10.191 -9.894 -10.861 -10.517 -10.217 -10.008 -9.953 -10.533 -10.729 -10.369 -9.278 -8.764 -8.16 -10.59
0.068788 -11.417 -11.416 -11.388 -11.241 -11.013 -10.727 -11.257 -11.21 -11.009 -10.718 -10.394 -10.002 -11.217 -10.923 -10.543 -10.24 -9.944 -10.906 -10.565 -10.266 -10.057 -10.001 -10.581 -10.775 -10.418 -9.33 -8.816 -8.213 -10.637
0.070868 -11.446 -11.449 -11.423 -11.282 -11.058 -10.774 -11.293 -11.252 -11.054 -10.765 -10.442 -10.052 -11.259 -10.969 -10.591 -10.289 -9.994 -10.952 -10.613 -10.315 -10.106 -10.049 -10.628 -10.822 -10.466 -9.382 -8.869 -8.266 -10.684
0.073012 -11.475 -11.481 -11.459 -11.324 -11.102 -10.821 -11.33 -11.294 -11.098 -10.812 -10.491 -10.102 -11.301 -11.014 -10.639 -10.339 -10.044 -10.997 -10.66 -10.364 -10.155 -10.097 -10.675 -10.868 -10.515 -9.433 -8.921 -8.318 -10.73
0.07522 -11.503 -11.513 -11.494 -11.365 -11.147 -10.868 -11.366 -11.336 -11.143 -10.858 -10.539 -10.151 -11.343 -11.059 -10.687 -10.388 -10.094 -11.043 -10.708 -10.412 -10.204 -10.145 -10.722 -10.915 -10.563 -9.484 -8.973 -8.371 -10.777
0.077495 -11.531 -11.545 -11.528 -11.406 -11.191 -10.915 -11.402 -11.377 -11.187 -10.905 -10.588 -10.201 -11.385 -11.104 -10.735 -10.437 -10.144 -11.088 -10.755 -10.461 -10.253 -10.193 -10.77 -10.961 -10.611 -9.536 -9.025 -8.424 -10.824
0.079839 -11.558 -11.577 -11.563 -11.447 -11.235 -10.961 -11.438 -11.419 -11.231 -10.952 -10.636 -10.251 -11.426 -11.149 -10.782 -10.486 -10.194 -11.133 -10.802 -10.509 -10.302 -10.24 -10.817 -11.007 -10.659 -9.587 -9.077 -8.477 -10.87
0.082253 -11.586 -11.608 -11.597 -11.488 -11.279 -11.008 -11.474 -11.46 -11.276 -10.998 -10.684 -10.301 -11.467 -11.194 -10.83 -10.535 -10.244 -11.178 -10.85 -10.558 -10.351 -10.288 -10.863 -11.053 -10.707 -9.638 -9.129 -8.529 -10.916
0.084741 -11.613 -11.639 -11.631 -11.529 -11.323 -11.054 -11.509 -11.502 -11.319 -11.045 -10.732 -10.35 -11.509 -11.239 -10.877 -10.584 -10.294 -11.223 -10.897 -10.606 -10.399 -10.336 -10.91 -11.099 -10.755 -9.69 -9.181 -8.582 -10.963
