web/models/kne.last_good/kappa_1_10/27/villar_0.4064_0.1867_1.0000.dat
# %ECSV 1.0
# ---
# datatype:
# - {name: time, datatype: float64}
# - {name: swift_uvot_uvw2, datatype: float64}
# - {name: swift_uvot_uvm2, datatype: float64}
# - {name: swift_uvot_uvw1, datatype: float64}
# - {name: swift_uvot_U, datatype: float64}
# - {name: swift_uvot_B, datatype: float64}
# - {name: swift_uvot_V, datatype: float64}
# - {name: swift_uvot_W, datatype: float64}
# - {name: johnson_U, datatype: float64}
# - {name: johnson_B, datatype: float64}
# - {name: johnson_V, datatype: float64}
# - {name: johnson_R, datatype: float64}
# - {name: johnson_I, datatype: float64}
# - {name: sdss_u, datatype: float64}
# - {name: sdss_g, datatype: float64}
# - {name: sdss_r, datatype: float64}
# - {name: sdss_i, datatype: float64}
# - {name: sdss_z, datatype: float64}
# - {name: PS1_g, datatype: float64}
# - {name: PS1_r, datatype: float64}
# - {name: PS1_i, datatype: float64}
# - {name: PS1_z, datatype: float64}
# - {name: PS1_Y, datatype: float64}
# - {name: PS1_w, datatype: float64}
# - {name: ATLAS_c, datatype: float64}
# - {name: ATLAS_o, datatype: float64}
# - {name: ukirt_J, datatype: float64}
# - {name: ukirt_H, datatype: float64}
# - {name: ukirt_K, datatype: float64}
# - {name: Clear, datatype: float64}
# meta: !!omap
# - comment: [kappa = 1.0, type = villar, mass = 0.4064473885499596, velocity = 0.1866666666666667, theta_obs = 0.0]
# schema: astropy-2.0
time swift_uvot_uvw2 swift_uvot_uvm2 swift_uvot_uvw1 swift_uvot_U swift_uvot_B swift_uvot_V swift_uvot_W johnson_U johnson_B johnson_V johnson_R johnson_I sdss_u sdss_g sdss_r sdss_i sdss_z PS1_g PS1_r PS1_i PS1_z PS1_Y PS1_w ATLAS_c ATLAS_o ukirt_J ukirt_H ukirt_K Clear
[from data line 214]
0.587772 -14.789 -15.076 -15.359 -15.808 -15.897 -15.849 -15.491 -15.832 -15.895 -15.843 -15.684 -15.436 -15.83 -15.89 -15.77 -15.6 -15.399 -15.896 -15.778 -15.608 -15.459 -15.382 -15.755 -15.849 -15.698 -14.921 -14.481 -13.938 -15.764
0.605549 -14.788 -15.08 -15.37 -15.831 -15.928 -15.885 -15.511 -15.857 -15.926 -15.879 -15.724 -15.479 -15.854 -15.922 -15.808 -15.642 -15.443 -15.929 -15.817 -15.65 -15.503 -15.426 -15.793 -15.885 -15.738 -14.968 -14.53 -13.988 -15.801
0.623863 -14.786 -15.082 -15.38 -15.854 -15.958 -15.921 -15.53 -15.881 -15.956 -15.915 -15.764 -15.523 -15.878 -15.955 -15.847 -15.683 -15.487 -15.962 -15.855 -15.691 -15.546 -15.47 -15.831 -15.92 -15.777 -15.015 -14.578 -14.038 -15.837
0.642731 -14.783 -15.084 -15.39 -15.876 -15.988 -15.957 -15.549 -15.905 -15.986 -15.951 -15.804 -15.566 -15.902 -15.987 -15.885 -15.725 -15.53 -15.995 -15.893 -15.733 -15.589 -15.514 -15.868 -15.954 -15.817 -15.062 -14.627 -14.088 -15.874
0.66217 -14.78 -15.085 -15.399 -15.898 -16.018 -15.992 -15.568 -15.928 -16.016 -15.987 -15.844 -15.609 -15.925 -16.018 -15.923 -15.766 -15.574 -16.027 -15.931 -15.774 -15.632 -15.557 -15.905 -15.989 -15.856 -15.109 -14.676 -14.138 -15.91
0.682197 -14.776 -15.085 -15.407 -15.92 -16.047 -16.027 -15.586 -15.951 -16.045 -16.022 -15.883 -15.652 -15.948 -16.05 -15.961 -15.807 -15.617 -16.059 -15.969 -15.815 -15.675 -15.601 -15.942 -16.023 -15.895 -15.156 -14.724 -14.188 -15.945
0.70283 -14.771 -15.084 -15.415 -15.941 -16.076 -16.062 -15.605 -15.973 -16.074 -16.057 -15.922 -15.695 -15.97 -16.081 -15.998 -15.848 -15.66 -16.091 -16.006 -15.855 -15.717 -15.644 -15.978 -16.056 -15.934 -15.202 -14.772 -14.238 -15.981
0.724086 -14.765 -15.083 -15.422 -15.961 -16.104 -16.096 -15.622 -15.995 -16.103 -16.092 -15.961 -15.737 -15.991 -16.111 -16.035 -15.888 -15.703 -16.123 -16.044 -15.896 -15.759 -15.687 -16.014 -16.09 -15.973 -15.249 -14.821 -14.288 -16.016
0.745986 -14.759 -15.081 -15.429 -15.981 -16.132 -16.131 -15.64 -16.017 -16.131 -16.126 -16.0 -15.779 -16.012 -16.142 -16.072 -15.928 -15.746 -16.154 -16.08 -15.936 -15.802 -15.73 -16.05 -16.123 -16.011 -15.295 -14.869 -14.337 -16.051
0.768548 -14.752 -15.078 -15.435 -16.001 -16.16 -16.164 -15.656 -16.038 -16.159 -16.16 -16.038 -15.822 -16.033 -16.172 -16.109 -15.969 -15.789 -16.184 -16.117 -15.976 -15.844 -15.773 -16.086 -16.156 -16.049 -15.341 -14.917 -14.387 -16.086
0.791792 -14.744 -15.074 -15.44 -16.02 -16.187 -16.198 -15.673 -16.058 -16.186 -16.194 -16.076 -15.864 -16.053 -16.201 -16.145 -16.009 -15.831 -16.215 -16.153 -16.016 -15.886 -15.815 -16.121 -16.188 -16.087 -15.387 -14.965 -14.436 -16.12
0.815739 -14.735 -15.07 -15.445 -16.038 -16.214 -16.231 -15.689 -16.078 -16.213 -16.227 -16.114 -15.905 -16.073 -16.23 -16.182 -16.048 -15.874 -16.245 -16.189 -16.056 -15.927 -15.858 -16.156 -16.221 -16.125 -15.433 -15.013 -14.486 -16.155
0.840411 -14.726 -15.065 -15.449 -16.056 -16.24 -16.264 -15.705 -16.097 -16.239 -16.26 -16.152 -15.947 -16.092 -16.259 -16.217 -16.088 -15.916 -16.274 -16.225 -16.095 -15.969 -15.9 -16.191 -16.252 -16.162 -15.479 -15.061 -14.535 -16.189
0.865828 -14.716 -15.058 -15.452 -16.073 -16.266 -16.297 -15.72 -16.116 -16.265 -16.293 -16.189 -15.988 -16.11 -16.287 -16.253 -16.127 -15.958 -16.304 -16.261 -16.135 -16.01 -15.942 -16.226 -16.284 -16.199 -15.524 -15.108 -14.584 -16.222
0.892015 -14.705 -15.051 -15.454 -16.09 -16.292 -16.329 -15.735 -16.134 -16.291 -16.325 -16.226 -16.029 -16.128 -16.315 -16.288 -16.166 -15.999 -16.332 -16.296 -16.174 -16.051 -15.984 -16.26 -16.315 -16.236 -15.57 -15.156 -14.634 -16.255
0.918993 -14.693 -15.043 -15.456 -16.106 -16.317 -16.361 -15.75 -16.152 -16.316 -16.357 -16.263 -16.07 -16.145 -16.343 -16.323 -16.205 -16.041 -16.361 -16.331 -16.212 -16.092 -16.026 -16.294 -16.346 -16.272 -15.615 -15.203 -14.683 -16.288
0.946787 -14.68 -15.034 -15.457 -16.122 -16.342 -16.392 -15.764 -16.169 -16.341 -16.388 -16.299 -16.111 -16.162 -16.37 -16.358 -16.243 -16.082 -16.389 -16.365 -16.251 -16.133 -16.068 -16.328 -16.376 -16.309 -15.661 -15.25 -14.732 -16.321
0.975422 -14.666 -15.024 -15.457 -16.136 -16.366 -16.423 -15.778 -16.185 -16.365 -16.42 -16.336 -16.151 -16.178 -16.396 -16.392 -16.281 -16.123 -16.416 -16.399 -16.289 -16.173 -16.109 -16.361 -16.406 -16.345 -15.706 -15.298 -14.781 -16.353
1.004923 -14.652 -15.013 -15.456 -16.151 -16.389 -16.454 -15.791 -16.201 -16.389 -16.451 -16.372 -16.192 -16.193 -16.422 -16.426 -16.319 -16.164 -16.444 -16.433 -16.327 -16.213 -16.151 -16.394 -16.436 -16.38 -15.75 -15.345 -14.829 -16.385
1.035317 -14.637 -15.001 -15.455 -16.164 -16.412 -16.484 -15.804 -16.217 -16.412 -16.481 -16.407 -16.232 -16.208 -16.448 -16.459 -16.357 -16.204 -16.47 -16.467 -16.364 -16.253 -16.192 -16.426 -16.465 -16.415 -15.795 -15.392 -14.878 -16.417
1.066629 -14.62 -14.988 -15.453 -16.177 -16.435 -16.514 -15.816 -16.231 -16.434 -16.511 -16.443 -16.271 -16.222 -16.473 -16.492 -16.394 -16.245 -16.497 -16.5 -16.402 -16.293 -16.233 -16.459 -16.493 -16.45 -15.84 -15.438 -14.927 -16.448
1.098888 -14.603 -14.974 -15.449 -16.189 -16.457 -16.543 -15.828 -16.245 -16.457 -16.541 -16.478 -16.311 -16.236 -16.498 -16.525 -16.431 -16.285 -16.522 -16.533 -16.439 -16.332 -16.273 -16.491 -16.522 -16.485 -15.884 -15.485 -14.975 -16.479
1.132124 -14.585 -14.959 -15.445 -16.201 -16.478 -16.572 -15.839 -16.258 -16.478 -16.57 -16.512 -16.35 -16.249 -16.522 -16.558 -16.468 -16.325 -16.548 -16.565 -16.476 -16.372 -16.314 -16.522 -16.55 -16.519 -15.928 -15.532 -15.024 -16.51
1.166364 -14.566 -14.943 -15.441 -16.211 -16.499 -16.601 -15.85 -16.271 -16.499 -16.599 -16.547 -16.389 -16.261 -16.546 -16.59 -16.505 -16.364 -16.572 -16.598 -16.512 -16.411 -16.354 -16.553 -16.577 -16.553 -15.972 -15.578 -15.072 -16.54
1.20164 -14.546 -14.925 -15.435 -16.222 -16.519 -16.629 -15.86 -16.283 -16.52 -16.627 -16.581 -16.428 -16.272 -16.569 -16.622 -16.541 -16.404 -16.597 -16.629 -16.548 -16.449 -16.394 -16.584 -16.604 -16.587 -16.016 -15.624 -15.12 -16.57
1.237983 -14.525 -14.907 -15.428 -16.231 -16.539 -16.657 -15.87 -16.294 -16.539 -16.655 -16.614 -16.466 -16.283 -16.592 -16.653 -16.577 -16.443 -16.621 -16.661 -16.584 -16.488 -16.434 -16.614 -16.631 -16.62 -16.06 -15.67 -15.168 -16.599
1.275425 -14.503 -14.888 -15.421 -16.239 -16.558 -16.684 -15.88 -16.304 -16.559 -16.682 -16.647 -16.504 -16.293 -16.614 -16.684 -16.612 -16.482 -16.644 -16.691 -16.62 -16.526 -16.473 -16.644 -16.657 -16.653 -16.103 -15.716 -15.216 -16.628
1.313999 -14.48 -14.867 -15.412 -16.247 -16.577 -16.711 -15.888 -16.314 -16.577 -16.709 -16.68 -16.542 -16.302 -16.635 -16.714 -16.647 -16.52 -16.666 -16.722 -16.655 -16.564 -16.512 -16.674 -16.682 -16.686 -16.147 -15.762 -15.264 -16.657
1.35374 -14.456 -14.845 -15.403 -16.254 -16.595 -16.737 -15.897 -16.323 -16.595 -16.735 -16.713 -16.58 -16.31 -16.656 -16.744 -16.682 -16.558 -16.689 -16.752 -16.69 -16.601 -16.551 -16.703 -16.707 -16.718 -16.19 -15.808 -15.312 -16.685
1.394683 -14.431 -14.821 -15.392 -16.26 -16.612 -16.762 -15.904 -16.331 -16.613 -16.761 -16.745 -16.617 -16.318 -16.677 -16.774 -16.716 -16.596 -16.71 -16.782 -16.724 -16.639 -16.59 -16.732 -16.732 -16.749 -16.233 -15.853 -15.359 -16.712
1.436864 -14.405 -14.797 -15.381 -16.265 -16.628 -16.788 -15.911 -16.338 -16.629 -16.787 -16.776 -16.654 -16.324 -16.696 -16.803 -16.751 -16.634 -16.731 -16.811 -16.758 -16.676 -16.628 -16.76 -16.756 -16.781 -16.275 -15.899 -15.407 -16.74
1.480321 -14.378 -14.771 -15.368 -16.269 -16.644 -16.812 -15.918 -16.344 -16.645 -16.811 -16.808 -16.691 -16.33 -16.715 -16.831 -16.784 -16.671 -16.751 -16.839 -16.792 -16.712 -16.667 -16.788 -16.779 -16.811 -16.318 -15.944 -15.454 -16.767
1.525092 -14.35 -14.744 -15.354 -16.273 -16.659 -16.836 -15.924 -16.35 -16.661 -16.836 -16.838 -16.727 -16.335 -16.734 -16.86 -16.817 -16.708 -16.771 -16.868 -16.825 -16.749 -16.705 -16.815 -16.802 -16.842 -16.36 -15.989 -15.501 -16.793
1.571218 -14.321 -14.715 -15.339 -16.275 -16.674 -16.86 -15.929 -16.354 -16.675 -16.859 -16.869 -16.763 -16.339 -16.751 -16.887 -16.85 -16.745 -16.79 -16.895 -16.858 -16.784 -16.742 -16.842 -16.824 -16.872 -16.402 -16.033 -15.548 -16.819
1.618738 -14.29 -14.685 -15.323 -16.277 -16.687 -16.882 -15.934 -16.358 -16.689 -16.882 -16.899 -16.798 -16.342 -16.768 -16.914 -16.883 -16.781 -16.809 -16.922 -16.891 -16.82 -16.779 -16.868 -16.846 -16.901 -16.443 -16.078 -15.595 -16.844
1.667696 -14.259 -14.654 -15.306 -16.277 -16.7 -16.905 -15.938 -16.361 -16.702 -16.905 -16.928 -16.834 -16.344 -16.785 -16.941 -16.915 -16.817 -16.826 -16.949 -16.923 -16.855 -16.816 -16.894 -16.867 -16.93 -16.485 -16.122 -15.642 -16.869
1.718134 -14.226 -14.621 -15.288 -16.277 -16.712 -16.926 -15.941 -16.362 -16.714 -16.927 -16.957 -16.868 -16.345 -16.8 -16.967 -16.946 -16.853 -16.843 -16.975 -16.955 -16.89 -16.853 -16.919 -16.887 -16.959 -16.526 -16.166 -15.688 -16.893
1.770098 -14.192 -14.586 -15.268 -16.275 -16.723 -16.947 -15.944 -16.363 -16.726 -16.948 -16.985 -16.903 -16.345 -16.815 -16.992 -16.978 -16.888 -16.86 -17.001 -16.986 -16.925 -16.889 -16.944 -16.907 -16.987 -16.567 -16.21 -15.735 -16.917
1.823633 -14.157 -14.55 -15.248 -16.273 -16.734 -16.967 -15.946 -16.363 -16.736 -16.969 -17.013 -16.937 -16.344 -16.829 -17.017 -17.008 -16.923 -16.875 -17.026 -17.017 -16.959 -16.925 -16.968 -16.926 -17.014 -16.608 -16.254 -15.781 -16.94
1.878788 -14.121 -14.512 -15.225 -16.269 -16.743 -16.987 -15.947 -16.361 -16.746 -16.988 -17.041 -16.97 -16.342 -16.842 -17.042 -17.038 -16.957 -16.89 -17.05 -17.047 -16.992 -16.961 -16.992 -16.944 -17.041 -16.648 -16.298 -15.827 -16.963
1.93561 -14.083 -14.472 -15.202 -16.264 -16.752 -17.006 -15.947 -16.359 -16.755 -17.007 -17.068 -17.003 -16.339 -16.855 -17.065 -17.068 -16.991 -16.904 -17.074 -17.077 -17.026 -16.996 -17.015 -16.962 -17.067 -16.688 -16.341 -15.873 -16.985
1.994152 -14.045 -14.431 -15.177 -16.258 -16.759 -17.024 -15.947 -16.355 -16.762 -17.026 -17.094 -17.036 -16.334 -16.866 -17.088 -17.097 -17.024 -16.917 -17.097 -17.106 -17.058 -17.031 -17.037 -16.979 -17.093 -16.728 -16.384 -15.918 -17.007
2.054463 -14.005 -14.388 -15.151 -16.251 -16.766 -17.041 -15.946 -16.35 -16.769 -17.043 -17.119 -17.068 -16.329 -16.877 -17.111 -17.126 -17.058 -16.929 -17.119 -17.134 -17.091 -17.065 -17.059 -16.995 -17.118 -16.767 -16.427 -15.964 -17.028
2.116599 -13.964 -14.343 -15.123 -16.242 -16.771 -17.058 -15.944 -16.344 -16.775 -17.06 -17.144 -17.1 -16.322 -16.887 -17.132 -17.154 -17.09 -16.941 -17.141 -17.163 -17.122 -17.099 -17.08 -17.01 -17.143 -16.806 -16.469 -16.009 -17.048
2.180614 -13.921 -14.296 -15.094 -16.232 -16.776 -17.073 -15.941 -16.337 -16.78 -17.076 -17.169 -17.131 -16.314 -16.895 -17.153 -17.181 -17.122 -16.951 -17.162 -17.19 -17.154 -17.133 -17.1 -17.024 -17.167 -16.845 -16.511 -16.054 -17.067
2.246566 -13.878 -14.247 -15.063 -16.221 -16.78 -17.088 -15.937 -16.328 -16.784 -17.091 -17.192 -17.162 -16.304 -16.903 -17.173 -17.208 -17.154 -16.961 -17.182 -17.217 -17.185 -17.166 -17.12 -17.038 -17.19 -16.883 -16.553 -16.099 -17.086
2.314511 -13.833 -14.196 -15.031 -16.208 -16.782 -17.102 -15.932 -16.318 -16.786 -17.106 -17.215 -17.192 -16.293 -16.91 -17.193 -17.234 -17.185 -16.97 -17.202 -17.243 -17.215 -17.198 -17.139 -17.051 -17.212 -16.921 -16.595 -16.143 -17.104
2.384512 -13.786 -14.143 -14.996 -16.194 -16.783 -17.115 -15.927 -16.307 -16.788 -17.119 -17.238 -17.222 -16.281 -16.916 -17.211 -17.259 -17.215 -16.977 -17.221 -17.269 -17.245 -17.23 -17.157 -17.062 -17.234 -16.959 -16.636 -16.188 -17.122
2.45663 -13.739 -14.088 -14.961 -16.179 -16.783 -17.127 -15.92 -16.294 -16.788 -17.132 -17.259 -17.251 -16.267 -16.92 -17.229 -17.284 -17.245 -16.984 -17.238 -17.294 -17.274 -17.262 -17.174 -17.073 -17.255 -16.996 -16.677 -16.232 -17.138
2.530929 -13.69 -14.03 -14.923 -16.161 -16.782 -17.138 -15.912 -16.28 -16.787 -17.143 -17.28 -17.279 -16.252 -16.924 -17.246 -17.308 -17.275 -16.989 -17.255 -17.318 -17.302 -17.293 -17.191 -17.083 -17.275 -17.033 -16.718 -16.276 -17.154
2.607475 -13.64 -13.97 -14.884 -16.143 -16.779 -17.148 -15.904 -16.264 -16.785 -17.153 -17.3 -17.307 -16.235 -16.926 -17.262 -17.332 -17.304 -16.993 -17.272 -17.342 -17.33 -17.324 -17.206 -17.092 -17.295 -17.069 -16.758 -16.319 -17.169
2.686337 -13.589 -13.907 -14.842 -16.122 -16.776 -17.157 -15.894 -16.246 -16.782 -17.163 -17.319 -17.334 -16.217 -16.927 -17.277 -17.354 -17.332 -16.997 -17.287 -17.365 -17.358 -17.354 -17.221 -17.1 -17.313 -17.105 -16.798 -16.362 -17.183
2.767583 -13.536 -13.842 -14.799 -16.1 -16.77 -17.165 -15.883 -16.227 -16.777 -17.171 -17.338 -17.36 -16.196 -16.927 -17.291 -17.376 -17.359 -16.998 -17.301 -17.387 -17.384 -17.383 -17.235 -17.106 -17.331 -17.14 -16.838 -16.405 -17.196
2.851287 -13.483 -13.775 -14.754 -16.076 -16.764 -17.171 -15.871 -16.206 -16.771 -17.178 -17.355 -17.386 -16.174 -16.925 -17.304 -17.397 -17.386 -16.999 -17.314 -17.408 -17.41 -17.412 -17.248 -17.112 -17.348 -17.175 -16.877 -16.448 -17.209
2.937522 -13.428 -13.704 -14.706 -16.05 -16.755 -17.177 -15.858 -16.183 -16.763 -17.184 -17.371 -17.411 -16.15 -16.922 -17.316 -17.417 -17.412 -16.998 -17.327 -17.428 -17.435 -17.44 -17.26 -17.116 -17.363 -17.21 -16.916 -16.491 -17.22
3.026365 -13.372 -13.631 -14.656 -16.022 -16.746 -17.181 -15.843 -16.158 -16.753 -17.189 -17.387 -17.435 -16.125 -16.918 -17.327 -17.437 -17.437 -16.996 -17.338 -17.448 -17.46 -17.467 -17.271 -17.119 -17.378 -17.244 -16.954 -16.533 -17.231
3.117896 -13.315 -13.554 -14.604 -15.992 -16.734 -17.184 -15.827 -16.131 -16.742 -17.192 -17.401 -17.459 -16.097 -16.912 -17.336 -17.455 -17.462 -16.993 -17.348 -17.466 -17.483 -17.494 -17.28 -17.121 -17.392 -17.277 -16.992 -16.574 -17.24
3.212194 -13.257 -13.475 -14.55 -15.96 -16.721 -17.185 -15.809 -16.103 -16.73 -17.194 -17.415 -17.481 -16.067 -16.904 -17.345 -17.472 -17.486 -16.988 -17.357 -17.484 -17.506 -17.52 -17.289 -17.121 -17.405 -17.31 -17.03 -16.616 -17.248
3.309345 -13.197 -13.392 -14.493 -15.925 -16.706 -17.185 -15.791 -16.072 -16.715 -17.195 -17.427 -17.503 -16.034 -16.895 -17.352 -17.488 -17.508 -16.981 -17.364 -17.5 -17.528 -17.545 -17.297 -17.12 -17.416 -17.342 -17.067 -16.657 -17.255
3.409434 -13.137 -13.306 -14.434 -15.888 -16.689 -17.184 -15.77 -16.038 -16.699 -17.194 -17.438 -17.524 -16.0 -16.884 -17.358 -17.504 -17.53 -16.973 -17.37 -17.516 -17.549 -17.569 -17.303 -17.118 -17.427 -17.373 -17.104 -16.697 -17.261
3.51255 -13.076 -13.216 -14.372 -15.849 -16.67 -17.181 -15.748 -16.003 -16.68 -17.191 -17.448 -17.544 -15.963 -16.872 -17.363 -17.518 -17.551 -16.963 -17.375 -17.53 -17.569 -17.593 -17.308 -17.113 -17.436 -17.404 -17.14 -16.737 -17.266
3.618785 -13.015 -13.123 -14.307 -15.807 -16.649 -17.176 -15.725 -15.965 -16.66 -17.187 -17.457 -17.563 -15.923 -16.857 -17.366 -17.531 -17.571 -16.951 -17.379 -17.543 -17.588 -17.615 -17.311 -17.108 -17.443 -17.434 -17.175 -16.777 -17.269
3.728232 -12.952 -13.025 -14.239 -15.763 -16.626 -17.169 -15.699 -15.924 -16.638 -17.181 -17.464 -17.58 -15.881 -16.84 -17.367 -17.542 -17.59 -16.938 -17.381 -17.555 -17.605 -17.637 -17.314 -17.1 -17.45 -17.464 -17.21 -16.816 -17.272
3.84099 -12.89 -12.924 -14.169 -15.715 -16.601 -17.161 -15.672 -15.88 -16.613 -17.174 -17.47 -17.597 -15.836 -16.822 -17.367 -17.553 -17.608 -16.922 -17.381 -17.566 -17.622 -17.658 -17.314 -17.091 -17.455 -17.492 -17.244 -16.855 -17.272
3.957158 -12.827 -12.818 -14.095 -15.665 -16.573 -17.151 -15.643 -15.834 -16.586 -17.164 -17.474 -17.612 -15.788 -16.801 -17.366 -17.561 -17.625 -16.904 -17.38 -17.575 -17.638 -17.677 -17.313 -17.08 -17.458 -17.52 -17.278 -16.893 -17.272
4.07684 -12.763 -12.708 -14.017 -15.611 -16.543 -17.138 -15.611 -15.785 -16.556 -17.152 -17.477 -17.626 -15.737 -16.778 -17.362 -17.569 -17.641 -16.885 -17.377 -17.583 -17.652 -17.696 -17.311 -17.067 -17.46 -17.547 -17.311 -16.931 -17.269
