web/models/linear/88/-19_898_0_495.dat
# %ECSV 1.0
# ---
# datatype:
# - {name: time, datatype: float64}
# - {name: swift_uvot_uvw2, datatype: float64}
# - {name: swift_uvot_uvm2, datatype: float64}
# - {name: swift_uvot_uvw1, datatype: float64}
# - {name: swift_uvot_U, datatype: float64}
# - {name: swift_uvot_B, datatype: float64}
# - {name: swift_uvot_V, datatype: float64}
# - {name: swift_uvot_W, datatype: float64}
# - {name: johnson_U, datatype: float64}
# - {name: johnson_B, datatype: float64}
# - {name: johnson_V, datatype: float64}
# - {name: johnson_R, datatype: float64}
# - {name: johnson_I, datatype: float64}
# - {name: sdss_u, datatype: float64}
# - {name: sdss_g, datatype: float64}
# - {name: sdss_r, datatype: float64}
# - {name: sdss_i, datatype: float64}
# - {name: sdss_z, datatype: float64}
# - {name: PS1_g, datatype: float64}
# - {name: PS1_r, datatype: float64}
# - {name: PS1_i, datatype: float64}
# - {name: PS1_z, datatype: float64}
# - {name: PS1_Y, datatype: float64}
# - {name: PS1_w, datatype: float64}
# - {name: ATLAS_c, datatype: float64}
# - {name: ATLAS_o, datatype: float64}
# - {name: ukirt_J, datatype: float64}
# - {name: ukirt_H, datatype: float64}
# - {name: ukirt_K, datatype: float64}
# - {name: Clear, datatype: float64}
# meta: !!omap
# - comment: [M=-19.89795918367347, dM=0.4951289998230568]
# schema: astropy-2.0
time swift_uvot_uvw2 swift_uvot_uvm2 swift_uvot_uvw1 swift_uvot_U swift_uvot_B swift_uvot_V swift_uvot_W johnson_U johnson_B johnson_V johnson_R johnson_I sdss_u sdss_g sdss_r sdss_i sdss_z PS1_g PS1_r PS1_i PS1_z PS1_Y PS1_w ATLAS_c ATLAS_o ukirt_J ukirt_H ukirt_K Clear
[from data line 163]
12.286432160804019 -13.81459031650074 -13.81459031650074 -13.81459031650074 -13.81459031650074 -13.81459031650074 -13.81459031650074 -13.81459031650074 -13.81459031650074 -13.81459031650074 -13.81459031650074 -13.81459031650074 -13.81459031650074 -13.81459031650074 -13.81459031650074 -13.81459031650074 -13.81459031650074 -13.81459031650074 -13.81459031650074 -13.81459031650074 -13.81459031650074 -13.81459031650074 -13.81459031650074 -13.81459031650074 -13.81459031650074 -13.81459031650074 -13.81459031650074 -13.81459031650074 -13.81459031650074 -13.81459031650074
12.36180904522613 -13.777269035107041 -13.777269035107041 -13.777269035107041 -13.777269035107041 -13.777269035107041 -13.777269035107041 -13.777269035107041 -13.777269035107041 -13.777269035107041 -13.777269035107041 -13.777269035107041 -13.777269035107041 -13.777269035107041 -13.777269035107041 -13.777269035107041 -13.777269035107041 -13.777269035107041 -13.777269035107041 -13.777269035107041 -13.777269035107041 -13.777269035107041 -13.777269035107041 -13.777269035107041 -13.777269035107041 -13.777269035107041 -13.777269035107041 -13.777269035107041 -13.777269035107041 -13.777269035107041
12.43718592964824 -13.739947753713343 -13.739947753713343 -13.739947753713343 -13.739947753713343 -13.739947753713343 -13.739947753713343 -13.739947753713343 -13.739947753713343 -13.739947753713343 -13.739947753713343 -13.739947753713343 -13.739947753713343 -13.739947753713343 -13.739947753713343 -13.739947753713343 -13.739947753713343 -13.739947753713343 -13.739947753713343 -13.739947753713343 -13.739947753713343 -13.739947753713343 -13.739947753713343 -13.739947753713343 -13.739947753713343 -13.739947753713343 -13.739947753713343 -13.739947753713343 -13.739947753713343 -13.739947753713343
12.51256281407035 -13.702626472319647 -13.702626472319647 -13.702626472319647 -13.702626472319647 -13.702626472319647 -13.702626472319647 -13.702626472319647 -13.702626472319647 -13.702626472319647 -13.702626472319647 -13.702626472319647 -13.702626472319647 -13.702626472319647 -13.702626472319647 -13.702626472319647 -13.702626472319647 -13.702626472319647 -13.702626472319647 -13.702626472319647 -13.702626472319647 -13.702626472319647 -13.702626472319647 -13.702626472319647 -13.702626472319647 -13.702626472319647 -13.702626472319647 -13.702626472319647 -13.702626472319647 -13.702626472319647
12.58793969849246 -13.665305190925949 -13.665305190925949 -13.665305190925949 -13.665305190925949 -13.665305190925949 -13.665305190925949 -13.665305190925949 -13.665305190925949 -13.665305190925949 -13.665305190925949 -13.665305190925949 -13.665305190925949 -13.665305190925949 -13.665305190925949 -13.665305190925949 -13.665305190925949 -13.665305190925949 -13.665305190925949 -13.665305190925949 -13.665305190925949 -13.665305190925949 -13.665305190925949 -13.665305190925949 -13.665305190925949 -13.665305190925949 -13.665305190925949 -13.665305190925949 -13.665305190925949 -13.665305190925949
12.663316582914572 -13.62798390953225 -13.62798390953225 -13.62798390953225 -13.62798390953225 -13.62798390953225 -13.62798390953225 -13.62798390953225 -13.62798390953225 -13.62798390953225 -13.62798390953225 -13.62798390953225 -13.62798390953225 -13.62798390953225 -13.62798390953225 -13.62798390953225 -13.62798390953225 -13.62798390953225 -13.62798390953225 -13.62798390953225 -13.62798390953225 -13.62798390953225 -13.62798390953225 -13.62798390953225 -13.62798390953225 -13.62798390953225 -13.62798390953225 -13.62798390953225 -13.62798390953225 -13.62798390953225
12.738693467336683 -13.590662628138553 -13.590662628138553 -13.590662628138553 -13.590662628138553 -13.590662628138553 -13.590662628138553 -13.590662628138553 -13.590662628138553 -13.590662628138553 -13.590662628138553 -13.590662628138553 -13.590662628138553 -13.590662628138553 -13.590662628138553 -13.590662628138553 -13.590662628138553 -13.590662628138553 -13.590662628138553 -13.590662628138553 -13.590662628138553 -13.590662628138553 -13.590662628138553 -13.590662628138553 -13.590662628138553 -13.590662628138553 -13.590662628138553 -13.590662628138553 -13.590662628138553 -13.590662628138553
12.814070351758794 -13.553341346744855 -13.553341346744855 -13.553341346744855 -13.553341346744855 -13.553341346744855 -13.553341346744855 -13.553341346744855 -13.553341346744855 -13.553341346744855 -13.553341346744855 -13.553341346744855 -13.553341346744855 -13.553341346744855 -13.553341346744855 -13.553341346744855 -13.553341346744855 -13.553341346744855 -13.553341346744855 -13.553341346744855 -13.553341346744855 -13.553341346744855 -13.553341346744855 -13.553341346744855 -13.553341346744855 -13.553341346744855 -13.553341346744855 -13.553341346744855 -13.553341346744855 -13.553341346744855
12.889447236180903 -13.516020065351157 -13.516020065351157 -13.516020065351157 -13.516020065351157 -13.516020065351157 -13.516020065351157 -13.516020065351157 -13.516020065351157 -13.516020065351157 -13.516020065351157 -13.516020065351157 -13.516020065351157 -13.516020065351157 -13.516020065351157 -13.516020065351157 -13.516020065351157 -13.516020065351157 -13.516020065351157 -13.516020065351157 -13.516020065351157 -13.516020065351157 -13.516020065351157 -13.516020065351157 -13.516020065351157 -13.516020065351157 -13.516020065351157 -13.516020065351157 -13.516020065351157 -13.516020065351157
12.964824120603014 -13.478698783957459 -13.478698783957459 -13.478698783957459 -13.478698783957459 -13.478698783957459 -13.478698783957459 -13.478698783957459 -13.478698783957459 -13.478698783957459 -13.478698783957459 -13.478698783957459 -13.478698783957459 -13.478698783957459 -13.478698783957459 -13.478698783957459 -13.478698783957459 -13.478698783957459 -13.478698783957459 -13.478698783957459 -13.478698783957459 -13.478698783957459 -13.478698783957459 -13.478698783957459 -13.478698783957459 -13.478698783957459 -13.478698783957459 -13.478698783957459 -13.478698783957459 -13.478698783957459
13.040201005025125 -13.44137750256376 -13.44137750256376 -13.44137750256376 -13.44137750256376 -13.44137750256376 -13.44137750256376 -13.44137750256376 -13.44137750256376 -13.44137750256376 -13.44137750256376 -13.44137750256376 -13.44137750256376 -13.44137750256376 -13.44137750256376 -13.44137750256376 -13.44137750256376 -13.44137750256376 -13.44137750256376 -13.44137750256376 -13.44137750256376 -13.44137750256376 -13.44137750256376 -13.44137750256376 -13.44137750256376 -13.44137750256376 -13.44137750256376 -13.44137750256376 -13.44137750256376 -13.44137750256376
13.115577889447234 -13.404056221170064 -13.404056221170064 -13.404056221170064 -13.404056221170064 -13.404056221170064 -13.404056221170064 -13.404056221170064 -13.404056221170064 -13.404056221170064 -13.404056221170064 -13.404056221170064 -13.404056221170064 -13.404056221170064 -13.404056221170064 -13.404056221170064 -13.404056221170064 -13.404056221170064 -13.404056221170064 -13.404056221170064 -13.404056221170064 -13.404056221170064 -13.404056221170064 -13.404056221170064 -13.404056221170064 -13.404056221170064 -13.404056221170064 -13.404056221170064 -13.404056221170064 -13.404056221170064
13.190954773869345 -13.366734939776366 -13.366734939776366 -13.366734939776366 -13.366734939776366 -13.366734939776366 -13.366734939776366 -13.366734939776366 -13.366734939776366 -13.366734939776366 -13.366734939776366 -13.366734939776366 -13.366734939776366 -13.366734939776366 -13.366734939776366 -13.366734939776366 -13.366734939776366 -13.366734939776366 -13.366734939776366 -13.366734939776366 -13.366734939776366 -13.366734939776366 -13.366734939776366 -13.366734939776366 -13.366734939776366 -13.366734939776366 -13.366734939776366 -13.366734939776366 -13.366734939776366 -13.366734939776366
13.266331658291456 -13.329413658382668 -13.329413658382668 -13.329413658382668 -13.329413658382668 -13.329413658382668 -13.329413658382668 -13.329413658382668 -13.329413658382668 -13.329413658382668 -13.329413658382668 -13.329413658382668 -13.329413658382668 -13.329413658382668 -13.329413658382668 -13.329413658382668 -13.329413658382668 -13.329413658382668 -13.329413658382668 -13.329413658382668 -13.329413658382668 -13.329413658382668 -13.329413658382668 -13.329413658382668 -13.329413658382668 -13.329413658382668 -13.329413658382668 -13.329413658382668 -13.329413658382668 -13.329413658382668
13.341708542713567 -13.29209237698897 -13.29209237698897 -13.29209237698897 -13.29209237698897 -13.29209237698897 -13.29209237698897 -13.29209237698897 -13.29209237698897 -13.29209237698897 -13.29209237698897 -13.29209237698897 -13.29209237698897 -13.29209237698897 -13.29209237698897 -13.29209237698897 -13.29209237698897 -13.29209237698897 -13.29209237698897 -13.29209237698897 -13.29209237698897 -13.29209237698897 -13.29209237698897 -13.29209237698897 -13.29209237698897 -13.29209237698897 -13.29209237698897 -13.29209237698897 -13.29209237698897 -13.29209237698897
13.417085427135678 -13.254771095595272 -13.254771095595272 -13.254771095595272 -13.254771095595272 -13.254771095595272 -13.254771095595272 -13.254771095595272 -13.254771095595272 -13.254771095595272 -13.254771095595272 -13.254771095595272 -13.254771095595272 -13.254771095595272 -13.254771095595272 -13.254771095595272 -13.254771095595272 -13.254771095595272 -13.254771095595272 -13.254771095595272 -13.254771095595272 -13.254771095595272 -13.254771095595272 -13.254771095595272 -13.254771095595272 -13.254771095595272 -13.254771095595272 -13.254771095595272 -13.254771095595272 -13.254771095595272
13.492462311557787 -13.217449814201576 -13.217449814201576 -13.217449814201576 -13.217449814201576 -13.217449814201576 -13.217449814201576 -13.217449814201576 -13.217449814201576 -13.217449814201576 -13.217449814201576 -13.217449814201576 -13.217449814201576 -13.217449814201576 -13.217449814201576 -13.217449814201576 -13.217449814201576 -13.217449814201576 -13.217449814201576 -13.217449814201576 -13.217449814201576 -13.217449814201576 -13.217449814201576 -13.217449814201576 -13.217449814201576 -13.217449814201576 -13.217449814201576 -13.217449814201576 -13.217449814201576 -13.217449814201576
13.567839195979898 -13.180128532807878 -13.180128532807878 -13.180128532807878 -13.180128532807878 -13.180128532807878 -13.180128532807878 -13.180128532807878 -13.180128532807878 -13.180128532807878 -13.180128532807878 -13.180128532807878 -13.180128532807878 -13.180128532807878 -13.180128532807878 -13.180128532807878 -13.180128532807878 -13.180128532807878 -13.180128532807878 -13.180128532807878 -13.180128532807878 -13.180128532807878 -13.180128532807878 -13.180128532807878 -13.180128532807878 -13.180128532807878 -13.180128532807878 -13.180128532807878 -13.180128532807878 -13.180128532807878
13.64321608040201 -13.14280725141418 -13.14280725141418 -13.14280725141418 -13.14280725141418 -13.14280725141418 -13.14280725141418 -13.14280725141418 -13.14280725141418 -13.14280725141418 -13.14280725141418 -13.14280725141418 -13.14280725141418 -13.14280725141418 -13.14280725141418 -13.14280725141418 -13.14280725141418 -13.14280725141418 -13.14280725141418 -13.14280725141418 -13.14280725141418 -13.14280725141418 -13.14280725141418 -13.14280725141418 -13.14280725141418 -13.14280725141418 -13.14280725141418 -13.14280725141418 -13.14280725141418 -13.14280725141418
13.718592964824118 -13.105485970020482 -13.105485970020482 -13.105485970020482 -13.105485970020482 -13.105485970020482 -13.105485970020482 -13.105485970020482 -13.105485970020482 -13.105485970020482 -13.105485970020482 -13.105485970020482 -13.105485970020482 -13.105485970020482 -13.105485970020482 -13.105485970020482 -13.105485970020482 -13.105485970020482 -13.105485970020482 -13.105485970020482 -13.105485970020482 -13.105485970020482 -13.105485970020482 -13.105485970020482 -13.105485970020482 -13.105485970020482 -13.105485970020482 -13.105485970020482 -13.105485970020482 -13.105485970020482
13.79396984924623 -13.068164688626783 -13.068164688626783 -13.068164688626783 -13.068164688626783 -13.068164688626783 -13.068164688626783 -13.068164688626783 -13.068164688626783 -13.068164688626783 -13.068164688626783 -13.068164688626783 -13.068164688626783 -13.068164688626783 -13.068164688626783 -13.068164688626783 -13.068164688626783 -13.068164688626783 -13.068164688626783 -13.068164688626783 -13.068164688626783 -13.068164688626783 -13.068164688626783 -13.068164688626783 -13.068164688626783 -13.068164688626783 -13.068164688626783 -13.068164688626783 -13.068164688626783 -13.068164688626783
13.86934673366834 -13.030843407233085 -13.030843407233085 -13.030843407233085 -13.030843407233085 -13.030843407233085 -13.030843407233085 -13.030843407233085 -13.030843407233085 -13.030843407233085 -13.030843407233085 -13.030843407233085 -13.030843407233085 -13.030843407233085 -13.030843407233085 -13.030843407233085 -13.030843407233085 -13.030843407233085 -13.030843407233085 -13.030843407233085 -13.030843407233085 -13.030843407233085 -13.030843407233085 -13.030843407233085 -13.030843407233085 -13.030843407233085 -13.030843407233085 -13.030843407233085 -13.030843407233085 -13.030843407233085
13.944723618090451 -12.993522125839387 -12.993522125839387 -12.993522125839387 -12.993522125839387 -12.993522125839387 -12.993522125839387 -12.993522125839387 -12.993522125839387 -12.993522125839387 -12.993522125839387 -12.993522125839387 -12.993522125839387 -12.993522125839387 -12.993522125839387 -12.993522125839387 -12.993522125839387 -12.993522125839387 -12.993522125839387 -12.993522125839387 -12.993522125839387 -12.993522125839387 -12.993522125839387 -12.993522125839387 -12.993522125839387 -12.993522125839387 -12.993522125839387 -12.993522125839387 -12.993522125839387 -12.993522125839387
14.020100502512562 -12.95620084444569 -12.95620084444569 -12.95620084444569 -12.95620084444569 -12.95620084444569 -12.95620084444569 -12.95620084444569 -12.95620084444569 -12.95620084444569 -12.95620084444569 -12.95620084444569 -12.95620084444569 -12.95620084444569 -12.95620084444569 -12.95620084444569 -12.95620084444569 -12.95620084444569 -12.95620084444569 -12.95620084444569 -12.95620084444569 -12.95620084444569 -12.95620084444569 -12.95620084444569 -12.95620084444569 -12.95620084444569 -12.95620084444569 -12.95620084444569 -12.95620084444569 -12.95620084444569
14.095477386934672 -12.918879563051993 -12.918879563051993 -12.918879563051993 -12.918879563051993 -12.918879563051993 -12.918879563051993 -12.918879563051993 -12.918879563051993 -12.918879563051993 -12.918879563051993 -12.918879563051993 -12.918879563051993 -12.918879563051993 -12.918879563051993 -12.918879563051993 -12.918879563051993 -12.918879563051993 -12.918879563051993 -12.918879563051993 -12.918879563051993 -12.918879563051993 -12.918879563051993 -12.918879563051993 -12.918879563051993 -12.918879563051993 -12.918879563051993 -12.918879563051993 -12.918879563051993 -12.918879563051993
14.170854271356783 -12.881558281658295 -12.881558281658295 -12.881558281658295 -12.881558281658295 -12.881558281658295 -12.881558281658295 -12.881558281658295 -12.881558281658295 -12.881558281658295 -12.881558281658295 -12.881558281658295 -12.881558281658295 -12.881558281658295 -12.881558281658295 -12.881558281658295 -12.881558281658295 -12.881558281658295 -12.881558281658295 -12.881558281658295 -12.881558281658295 -12.881558281658295 -12.881558281658295 -12.881558281658295 -12.881558281658295 -12.881558281658295 -12.881558281658295 -12.881558281658295 -12.881558281658295 -12.881558281658295
