web/models/linear/88/-19_898_0_056.dat
# %ECSV 1.0
# ---
# datatype:
# - {name: time, datatype: float64}
# - {name: swift_uvot_uvw2, datatype: float64}
# - {name: swift_uvot_uvm2, datatype: float64}
# - {name: swift_uvot_uvw1, datatype: float64}
# - {name: swift_uvot_U, datatype: float64}
# - {name: swift_uvot_B, datatype: float64}
# - {name: swift_uvot_V, datatype: float64}
# - {name: swift_uvot_W, datatype: float64}
# - {name: johnson_U, datatype: float64}
# - {name: johnson_B, datatype: float64}
# - {name: johnson_V, datatype: float64}
# - {name: johnson_R, datatype: float64}
# - {name: johnson_I, datatype: float64}
# - {name: sdss_u, datatype: float64}
# - {name: sdss_g, datatype: float64}
# - {name: sdss_r, datatype: float64}
# - {name: sdss_i, datatype: float64}
# - {name: sdss_z, datatype: float64}
# - {name: PS1_g, datatype: float64}
# - {name: PS1_r, datatype: float64}
# - {name: PS1_i, datatype: float64}
# - {name: PS1_z, datatype: float64}
# - {name: PS1_Y, datatype: float64}
# - {name: PS1_w, datatype: float64}
# - {name: ATLAS_c, datatype: float64}
# - {name: ATLAS_o, datatype: float64}
# - {name: ukirt_J, datatype: float64}
# - {name: ukirt_H, datatype: float64}
# - {name: ukirt_K, datatype: float64}
# - {name: Clear, datatype: float64}
# meta: !!omap
# - comment: [M=-19.89795918367347, dM=0.05643739198611264]
# schema: astropy-2.0
time swift_uvot_uvw2 swift_uvot_uvm2 swift_uvot_uvw1 swift_uvot_U swift_uvot_B swift_uvot_V swift_uvot_W johnson_U johnson_B johnson_V johnson_R johnson_I sdss_u sdss_g sdss_r sdss_i sdss_z PS1_g PS1_r PS1_i PS1_z PS1_Y PS1_w ATLAS_c ATLAS_o ukirt_J ukirt_H ukirt_K Clear
[from data line 137]
10.326633165829145 -19.31515093979678 -19.31515093979678 -19.31515093979678 -19.31515093979678 -19.31515093979678 -19.31515093979678 -19.31515093979678 -19.31515093979678 -19.31515093979678 -19.31515093979678 -19.31515093979678 -19.31515093979678 -19.31515093979678 -19.31515093979678 -19.31515093979678 -19.31515093979678 -19.31515093979678 -19.31515093979678 -19.31515093979678 -19.31515093979678 -19.31515093979678 -19.31515093979678 -19.31515093979678 -19.31515093979678 -19.31515093979678 -19.31515093979678 -19.31515093979678 -19.31515093979678 -19.31515093979678
10.402010050251256 -19.310896865023956 -19.310896865023956 -19.310896865023956 -19.310896865023956 -19.310896865023956 -19.310896865023956 -19.310896865023956 -19.310896865023956 -19.310896865023956 -19.310896865023956 -19.310896865023956 -19.310896865023956 -19.310896865023956 -19.310896865023956 -19.310896865023956 -19.310896865023956 -19.310896865023956 -19.310896865023956 -19.310896865023956 -19.310896865023956 -19.310896865023956 -19.310896865023956 -19.310896865023956 -19.310896865023956 -19.310896865023956 -19.310896865023956 -19.310896865023956 -19.310896865023956 -19.310896865023956
10.477386934673365 -19.306642790251136 -19.306642790251136 -19.306642790251136 -19.306642790251136 -19.306642790251136 -19.306642790251136 -19.306642790251136 -19.306642790251136 -19.306642790251136 -19.306642790251136 -19.306642790251136 -19.306642790251136 -19.306642790251136 -19.306642790251136 -19.306642790251136 -19.306642790251136 -19.306642790251136 -19.306642790251136 -19.306642790251136 -19.306642790251136 -19.306642790251136 -19.306642790251136 -19.306642790251136 -19.306642790251136 -19.306642790251136 -19.306642790251136 -19.306642790251136 -19.306642790251136 -19.306642790251136
10.552763819095476 -19.302388715478312 -19.302388715478312 -19.302388715478312 -19.302388715478312 -19.302388715478312 -19.302388715478312 -19.302388715478312 -19.302388715478312 -19.302388715478312 -19.302388715478312 -19.302388715478312 -19.302388715478312 -19.302388715478312 -19.302388715478312 -19.302388715478312 -19.302388715478312 -19.302388715478312 -19.302388715478312 -19.302388715478312 -19.302388715478312 -19.302388715478312 -19.302388715478312 -19.302388715478312 -19.302388715478312 -19.302388715478312 -19.302388715478312 -19.302388715478312 -19.302388715478312 -19.302388715478312
10.628140703517587 -19.29813464070549 -19.29813464070549 -19.29813464070549 -19.29813464070549 -19.29813464070549 -19.29813464070549 -19.29813464070549 -19.29813464070549 -19.29813464070549 -19.29813464070549 -19.29813464070549 -19.29813464070549 -19.29813464070549 -19.29813464070549 -19.29813464070549 -19.29813464070549 -19.29813464070549 -19.29813464070549 -19.29813464070549 -19.29813464070549 -19.29813464070549 -19.29813464070549 -19.29813464070549 -19.29813464070549 -19.29813464070549 -19.29813464070549 -19.29813464070549 -19.29813464070549 -19.29813464070549
10.703517587939697 -19.293880565932668 -19.293880565932668 -19.293880565932668 -19.293880565932668 -19.293880565932668 -19.293880565932668 -19.293880565932668 -19.293880565932668 -19.293880565932668 -19.293880565932668 -19.293880565932668 -19.293880565932668 -19.293880565932668 -19.293880565932668 -19.293880565932668 -19.293880565932668 -19.293880565932668 -19.293880565932668 -19.293880565932668 -19.293880565932668 -19.293880565932668 -19.293880565932668 -19.293880565932668 -19.293880565932668 -19.293880565932668 -19.293880565932668 -19.293880565932668 -19.293880565932668 -19.293880565932668
10.778894472361808 -19.289626491159844 -19.289626491159844 -19.289626491159844 -19.289626491159844 -19.289626491159844 -19.289626491159844 -19.289626491159844 -19.289626491159844 -19.289626491159844 -19.289626491159844 -19.289626491159844 -19.289626491159844 -19.289626491159844 -19.289626491159844 -19.289626491159844 -19.289626491159844 -19.289626491159844 -19.289626491159844 -19.289626491159844 -19.289626491159844 -19.289626491159844 -19.289626491159844 -19.289626491159844 -19.289626491159844 -19.289626491159844 -19.289626491159844 -19.289626491159844 -19.289626491159844 -19.289626491159844
10.854271356783919 -19.285372416387023 -19.285372416387023 -19.285372416387023 -19.285372416387023 -19.285372416387023 -19.285372416387023 -19.285372416387023 -19.285372416387023 -19.285372416387023 -19.285372416387023 -19.285372416387023 -19.285372416387023 -19.285372416387023 -19.285372416387023 -19.285372416387023 -19.285372416387023 -19.285372416387023 -19.285372416387023 -19.285372416387023 -19.285372416387023 -19.285372416387023 -19.285372416387023 -19.285372416387023 -19.285372416387023 -19.285372416387023 -19.285372416387023 -19.285372416387023 -19.285372416387023 -19.285372416387023
10.92964824120603 -19.2811183416142 -19.2811183416142 -19.2811183416142 -19.2811183416142 -19.2811183416142 -19.2811183416142 -19.2811183416142 -19.2811183416142 -19.2811183416142 -19.2811183416142 -19.2811183416142 -19.2811183416142 -19.2811183416142 -19.2811183416142 -19.2811183416142 -19.2811183416142 -19.2811183416142 -19.2811183416142 -19.2811183416142 -19.2811183416142 -19.2811183416142 -19.2811183416142 -19.2811183416142 -19.2811183416142 -19.2811183416142 -19.2811183416142 -19.2811183416142 -19.2811183416142 -19.2811183416142
11.00502512562814 -19.27686426684138 -19.27686426684138 -19.27686426684138 -19.27686426684138 -19.27686426684138 -19.27686426684138 -19.27686426684138 -19.27686426684138 -19.27686426684138 -19.27686426684138 -19.27686426684138 -19.27686426684138 -19.27686426684138 -19.27686426684138 -19.27686426684138 -19.27686426684138 -19.27686426684138 -19.27686426684138 -19.27686426684138 -19.27686426684138 -19.27686426684138 -19.27686426684138 -19.27686426684138 -19.27686426684138 -19.27686426684138 -19.27686426684138 -19.27686426684138 -19.27686426684138 -19.27686426684138
11.08040201005025 -19.272610192068555 -19.272610192068555 -19.272610192068555 -19.272610192068555 -19.272610192068555 -19.272610192068555 -19.272610192068555 -19.272610192068555 -19.272610192068555 -19.272610192068555 -19.272610192068555 -19.272610192068555 -19.272610192068555 -19.272610192068555 -19.272610192068555 -19.272610192068555 -19.272610192068555 -19.272610192068555 -19.272610192068555 -19.272610192068555 -19.272610192068555 -19.272610192068555 -19.272610192068555 -19.272610192068555 -19.272610192068555 -19.272610192068555 -19.272610192068555 -19.272610192068555 -19.272610192068555
11.15577889447236 -19.26835611729573 -19.26835611729573 -19.26835611729573 -19.26835611729573 -19.26835611729573 -19.26835611729573 -19.26835611729573 -19.26835611729573 -19.26835611729573 -19.26835611729573 -19.26835611729573 -19.26835611729573 -19.26835611729573 -19.26835611729573 -19.26835611729573 -19.26835611729573 -19.26835611729573 -19.26835611729573 -19.26835611729573 -19.26835611729573 -19.26835611729573 -19.26835611729573 -19.26835611729573 -19.26835611729573 -19.26835611729573 -19.26835611729573 -19.26835611729573 -19.26835611729573 -19.26835611729573
11.231155778894472 -19.26410204252291 -19.26410204252291 -19.26410204252291 -19.26410204252291 -19.26410204252291 -19.26410204252291 -19.26410204252291 -19.26410204252291 -19.26410204252291 -19.26410204252291 -19.26410204252291 -19.26410204252291 -19.26410204252291 -19.26410204252291 -19.26410204252291 -19.26410204252291 -19.26410204252291 -19.26410204252291 -19.26410204252291 -19.26410204252291 -19.26410204252291 -19.26410204252291 -19.26410204252291 -19.26410204252291 -19.26410204252291 -19.26410204252291 -19.26410204252291 -19.26410204252291 -19.26410204252291
11.306532663316581 -19.259847967750087 -19.259847967750087 -19.259847967750087 -19.259847967750087 -19.259847967750087 -19.259847967750087 -19.259847967750087 -19.259847967750087 -19.259847967750087 -19.259847967750087 -19.259847967750087 -19.259847967750087 -19.259847967750087 -19.259847967750087 -19.259847967750087 -19.259847967750087 -19.259847967750087 -19.259847967750087 -19.259847967750087 -19.259847967750087 -19.259847967750087 -19.259847967750087 -19.259847967750087 -19.259847967750087 -19.259847967750087 -19.259847967750087 -19.259847967750087 -19.259847967750087 -19.259847967750087
11.381909547738692 -19.255593892977263 -19.255593892977263 -19.255593892977263 -19.255593892977263 -19.255593892977263 -19.255593892977263 -19.255593892977263 -19.255593892977263 -19.255593892977263 -19.255593892977263 -19.255593892977263 -19.255593892977263 -19.255593892977263 -19.255593892977263 -19.255593892977263 -19.255593892977263 -19.255593892977263 -19.255593892977263 -19.255593892977263 -19.255593892977263 -19.255593892977263 -19.255593892977263 -19.255593892977263 -19.255593892977263 -19.255593892977263 -19.255593892977263 -19.255593892977263 -19.255593892977263 -19.255593892977263
11.457286432160803 -19.251339818204443 -19.251339818204443 -19.251339818204443 -19.251339818204443 -19.251339818204443 -19.251339818204443 -19.251339818204443 -19.251339818204443 -19.251339818204443 -19.251339818204443 -19.251339818204443 -19.251339818204443 -19.251339818204443 -19.251339818204443 -19.251339818204443 -19.251339818204443 -19.251339818204443 -19.251339818204443 -19.251339818204443 -19.251339818204443 -19.251339818204443 -19.251339818204443 -19.251339818204443 -19.251339818204443 -19.251339818204443 -19.251339818204443 -19.251339818204443 -19.251339818204443 -19.251339818204443
11.532663316582914 -19.24708574343162 -19.24708574343162 -19.24708574343162 -19.24708574343162 -19.24708574343162 -19.24708574343162 -19.24708574343162 -19.24708574343162 -19.24708574343162 -19.24708574343162 -19.24708574343162 -19.24708574343162 -19.24708574343162 -19.24708574343162 -19.24708574343162 -19.24708574343162 -19.24708574343162 -19.24708574343162 -19.24708574343162 -19.24708574343162 -19.24708574343162 -19.24708574343162 -19.24708574343162 -19.24708574343162 -19.24708574343162 -19.24708574343162 -19.24708574343162 -19.24708574343162 -19.24708574343162
11.608040201005025 -19.2428316686588 -19.2428316686588 -19.2428316686588 -19.2428316686588 -19.2428316686588 -19.2428316686588 -19.2428316686588 -19.2428316686588 -19.2428316686588 -19.2428316686588 -19.2428316686588 -19.2428316686588 -19.2428316686588 -19.2428316686588 -19.2428316686588 -19.2428316686588 -19.2428316686588 -19.2428316686588 -19.2428316686588 -19.2428316686588 -19.2428316686588 -19.2428316686588 -19.2428316686588 -19.2428316686588 -19.2428316686588 -19.2428316686588 -19.2428316686588 -19.2428316686588 -19.2428316686588
11.683417085427134 -19.238577593885974 -19.238577593885974 -19.238577593885974 -19.238577593885974 -19.238577593885974 -19.238577593885974 -19.238577593885974 -19.238577593885974 -19.238577593885974 -19.238577593885974 -19.238577593885974 -19.238577593885974 -19.238577593885974 -19.238577593885974 -19.238577593885974 -19.238577593885974 -19.238577593885974 -19.238577593885974 -19.238577593885974 -19.238577593885974 -19.238577593885974 -19.238577593885974 -19.238577593885974 -19.238577593885974 -19.238577593885974 -19.238577593885974 -19.238577593885974 -19.238577593885974 -19.238577593885974
11.758793969849245 -19.23432351911315 -19.23432351911315 -19.23432351911315 -19.23432351911315 -19.23432351911315 -19.23432351911315 -19.23432351911315 -19.23432351911315 -19.23432351911315 -19.23432351911315 -19.23432351911315 -19.23432351911315 -19.23432351911315 -19.23432351911315 -19.23432351911315 -19.23432351911315 -19.23432351911315 -19.23432351911315 -19.23432351911315 -19.23432351911315 -19.23432351911315 -19.23432351911315 -19.23432351911315 -19.23432351911315 -19.23432351911315 -19.23432351911315 -19.23432351911315 -19.23432351911315 -19.23432351911315
11.834170854271356 -19.23006944434033 -19.23006944434033 -19.23006944434033 -19.23006944434033 -19.23006944434033 -19.23006944434033 -19.23006944434033 -19.23006944434033 -19.23006944434033 -19.23006944434033 -19.23006944434033 -19.23006944434033 -19.23006944434033 -19.23006944434033 -19.23006944434033 -19.23006944434033 -19.23006944434033 -19.23006944434033 -19.23006944434033 -19.23006944434033 -19.23006944434033 -19.23006944434033 -19.23006944434033 -19.23006944434033 -19.23006944434033 -19.23006944434033 -19.23006944434033 -19.23006944434033 -19.23006944434033
11.909547738693465 -19.225815369567506 -19.225815369567506 -19.225815369567506 -19.225815369567506 -19.225815369567506 -19.225815369567506 -19.225815369567506 -19.225815369567506 -19.225815369567506 -19.225815369567506 -19.225815369567506 -19.225815369567506 -19.225815369567506 -19.225815369567506 -19.225815369567506 -19.225815369567506 -19.225815369567506 -19.225815369567506 -19.225815369567506 -19.225815369567506 -19.225815369567506 -19.225815369567506 -19.225815369567506 -19.225815369567506 -19.225815369567506 -19.225815369567506 -19.225815369567506 -19.225815369567506 -19.225815369567506
11.984924623115576 -19.221561294794686 -19.221561294794686 -19.221561294794686 -19.221561294794686 -19.221561294794686 -19.221561294794686 -19.221561294794686 -19.221561294794686 -19.221561294794686 -19.221561294794686 -19.221561294794686 -19.221561294794686 -19.221561294794686 -19.221561294794686 -19.221561294794686 -19.221561294794686 -19.221561294794686 -19.221561294794686 -19.221561294794686 -19.221561294794686 -19.221561294794686 -19.221561294794686 -19.221561294794686 -19.221561294794686 -19.221561294794686 -19.221561294794686 -19.221561294794686 -19.221561294794686 -19.221561294794686
12.060301507537687 -19.217307220021862 -19.217307220021862 -19.217307220021862 -19.217307220021862 -19.217307220021862 -19.217307220021862 -19.217307220021862 -19.217307220021862 -19.217307220021862 -19.217307220021862 -19.217307220021862 -19.217307220021862 -19.217307220021862 -19.217307220021862 -19.217307220021862 -19.217307220021862 -19.217307220021862 -19.217307220021862 -19.217307220021862 -19.217307220021862 -19.217307220021862 -19.217307220021862 -19.217307220021862 -19.217307220021862 -19.217307220021862 -19.217307220021862 -19.217307220021862 -19.217307220021862 -19.217307220021862
12.135678391959798 -19.213053145249038 -19.213053145249038 -19.213053145249038 -19.213053145249038 -19.213053145249038 -19.213053145249038 -19.213053145249038 -19.213053145249038 -19.213053145249038 -19.213053145249038 -19.213053145249038 -19.213053145249038 -19.213053145249038 -19.213053145249038 -19.213053145249038 -19.213053145249038 -19.213053145249038 -19.213053145249038 -19.213053145249038 -19.213053145249038 -19.213053145249038 -19.213053145249038 -19.213053145249038 -19.213053145249038 -19.213053145249038 -19.213053145249038 -19.213053145249038 -19.213053145249038 -19.213053145249038
12.21105527638191 -19.208799070476218 -19.208799070476218 -19.208799070476218 -19.208799070476218 -19.208799070476218 -19.208799070476218 -19.208799070476218 -19.208799070476218 -19.208799070476218 -19.208799070476218 -19.208799070476218 -19.208799070476218 -19.208799070476218 -19.208799070476218 -19.208799070476218 -19.208799070476218 -19.208799070476218 -19.208799070476218 -19.208799070476218 -19.208799070476218 -19.208799070476218 -19.208799070476218 -19.208799070476218 -19.208799070476218 -19.208799070476218 -19.208799070476218 -19.208799070476218 -19.208799070476218 -19.208799070476218
