web/models/linear/88/-19_898_0_311.dat
# %ECSV 1.0
# ---
# datatype:
# - {name: time, datatype: float64}
# - {name: swift_uvot_uvw2, datatype: float64}
# - {name: swift_uvot_uvm2, datatype: float64}
# - {name: swift_uvot_uvw1, datatype: float64}
# - {name: swift_uvot_U, datatype: float64}
# - {name: swift_uvot_B, datatype: float64}
# - {name: swift_uvot_V, datatype: float64}
# - {name: swift_uvot_W, datatype: float64}
# - {name: johnson_U, datatype: float64}
# - {name: johnson_B, datatype: float64}
# - {name: johnson_V, datatype: float64}
# - {name: johnson_R, datatype: float64}
# - {name: johnson_I, datatype: float64}
# - {name: sdss_u, datatype: float64}
# - {name: sdss_g, datatype: float64}
# - {name: sdss_r, datatype: float64}
# - {name: sdss_i, datatype: float64}
# - {name: sdss_z, datatype: float64}
# - {name: PS1_g, datatype: float64}
# - {name: PS1_r, datatype: float64}
# - {name: PS1_i, datatype: float64}
# - {name: PS1_z, datatype: float64}
# - {name: PS1_Y, datatype: float64}
# - {name: PS1_w, datatype: float64}
# - {name: ATLAS_c, datatype: float64}
# - {name: ATLAS_o, datatype: float64}
# - {name: ukirt_J, datatype: float64}
# - {name: ukirt_H, datatype: float64}
# - {name: ukirt_K, datatype: float64}
# - {name: Clear, datatype: float64}
# meta: !!omap
# - comment: [M=-19.89795918367347, dM=0.3108955361862286]
# schema: astropy-2.0
time swift_uvot_uvw2 swift_uvot_uvm2 swift_uvot_uvw1 swift_uvot_U swift_uvot_B swift_uvot_V swift_uvot_W johnson_U johnson_B johnson_V johnson_R johnson_I sdss_u sdss_g sdss_r sdss_i sdss_z PS1_g PS1_r PS1_i PS1_z PS1_Y PS1_w ATLAS_c ATLAS_o ukirt_J ukirt_H ukirt_K Clear
[from data line 82]
6.180904522613065 -17.976343557999797 -17.976343557999797 -17.976343557999797 -17.976343557999797 -17.976343557999797 -17.976343557999797 -17.976343557999797 -17.976343557999797 -17.976343557999797 -17.976343557999797 -17.976343557999797 -17.976343557999797 -17.976343557999797 -17.976343557999797 -17.976343557999797 -17.976343557999797 -17.976343557999797 -17.976343557999797 -17.976343557999797 -17.976343557999797 -17.976343557999797 -17.976343557999797 -17.976343557999797 -17.976343557999797 -17.976343557999797 -17.976343557999797 -17.976343557999797 -17.976343557999797 -17.976343557999797
6.256281407035175 -17.952909221101336 -17.952909221101336 -17.952909221101336 -17.952909221101336 -17.952909221101336 -17.952909221101336 -17.952909221101336 -17.952909221101336 -17.952909221101336 -17.952909221101336 -17.952909221101336 -17.952909221101336 -17.952909221101336 -17.952909221101336 -17.952909221101336 -17.952909221101336 -17.952909221101336 -17.952909221101336 -17.952909221101336 -17.952909221101336 -17.952909221101336 -17.952909221101336 -17.952909221101336 -17.952909221101336 -17.952909221101336 -17.952909221101336 -17.952909221101336 -17.952909221101336 -17.952909221101336
6.331658291457286 -17.92947488420288 -17.92947488420288 -17.92947488420288 -17.92947488420288 -17.92947488420288 -17.92947488420288 -17.92947488420288 -17.92947488420288 -17.92947488420288 -17.92947488420288 -17.92947488420288 -17.92947488420288 -17.92947488420288 -17.92947488420288 -17.92947488420288 -17.92947488420288 -17.92947488420288 -17.92947488420288 -17.92947488420288 -17.92947488420288 -17.92947488420288 -17.92947488420288 -17.92947488420288 -17.92947488420288 -17.92947488420288 -17.92947488420288 -17.92947488420288 -17.92947488420288 -17.92947488420288
6.407035175879397 -17.906040547304418 -17.906040547304418 -17.906040547304418 -17.906040547304418 -17.906040547304418 -17.906040547304418 -17.906040547304418 -17.906040547304418 -17.906040547304418 -17.906040547304418 -17.906040547304418 -17.906040547304418 -17.906040547304418 -17.906040547304418 -17.906040547304418 -17.906040547304418 -17.906040547304418 -17.906040547304418 -17.906040547304418 -17.906040547304418 -17.906040547304418 -17.906040547304418 -17.906040547304418 -17.906040547304418 -17.906040547304418 -17.906040547304418 -17.906040547304418 -17.906040547304418 -17.906040547304418
6.482412060301507 -17.88260621040596 -17.88260621040596 -17.88260621040596 -17.88260621040596 -17.88260621040596 -17.88260621040596 -17.88260621040596 -17.88260621040596 -17.88260621040596 -17.88260621040596 -17.88260621040596 -17.88260621040596 -17.88260621040596 -17.88260621040596 -17.88260621040596 -17.88260621040596 -17.88260621040596 -17.88260621040596 -17.88260621040596 -17.88260621040596 -17.88260621040596 -17.88260621040596 -17.88260621040596 -17.88260621040596 -17.88260621040596 -17.88260621040596 -17.88260621040596 -17.88260621040596 -17.88260621040596
6.557788944723617 -17.8591718735075 -17.8591718735075 -17.8591718735075 -17.8591718735075 -17.8591718735075 -17.8591718735075 -17.8591718735075 -17.8591718735075 -17.8591718735075 -17.8591718735075 -17.8591718735075 -17.8591718735075 -17.8591718735075 -17.8591718735075 -17.8591718735075 -17.8591718735075 -17.8591718735075 -17.8591718735075 -17.8591718735075 -17.8591718735075 -17.8591718735075 -17.8591718735075 -17.8591718735075 -17.8591718735075 -17.8591718735075 -17.8591718735075 -17.8591718735075 -17.8591718735075 -17.8591718735075
6.633165829145728 -17.83573753660904 -17.83573753660904 -17.83573753660904 -17.83573753660904 -17.83573753660904 -17.83573753660904 -17.83573753660904 -17.83573753660904 -17.83573753660904 -17.83573753660904 -17.83573753660904 -17.83573753660904 -17.83573753660904 -17.83573753660904 -17.83573753660904 -17.83573753660904 -17.83573753660904 -17.83573753660904 -17.83573753660904 -17.83573753660904 -17.83573753660904 -17.83573753660904 -17.83573753660904 -17.83573753660904 -17.83573753660904 -17.83573753660904 -17.83573753660904 -17.83573753660904 -17.83573753660904
6.708542713567839 -17.81230319971058 -17.81230319971058 -17.81230319971058 -17.81230319971058 -17.81230319971058 -17.81230319971058 -17.81230319971058 -17.81230319971058 -17.81230319971058 -17.81230319971058 -17.81230319971058 -17.81230319971058 -17.81230319971058 -17.81230319971058 -17.81230319971058 -17.81230319971058 -17.81230319971058 -17.81230319971058 -17.81230319971058 -17.81230319971058 -17.81230319971058 -17.81230319971058 -17.81230319971058 -17.81230319971058 -17.81230319971058 -17.81230319971058 -17.81230319971058 -17.81230319971058 -17.81230319971058
6.783919597989949 -17.788868862812123 -17.788868862812123 -17.788868862812123 -17.788868862812123 -17.788868862812123 -17.788868862812123 -17.788868862812123 -17.788868862812123 -17.788868862812123 -17.788868862812123 -17.788868862812123 -17.788868862812123 -17.788868862812123 -17.788868862812123 -17.788868862812123 -17.788868862812123 -17.788868862812123 -17.788868862812123 -17.788868862812123 -17.788868862812123 -17.788868862812123 -17.788868862812123 -17.788868862812123 -17.788868862812123 -17.788868862812123 -17.788868862812123 -17.788868862812123 -17.788868862812123 -17.788868862812123
6.859296482412059 -17.765434525913662 -17.765434525913662 -17.765434525913662 -17.765434525913662 -17.765434525913662 -17.765434525913662 -17.765434525913662 -17.765434525913662 -17.765434525913662 -17.765434525913662 -17.765434525913662 -17.765434525913662 -17.765434525913662 -17.765434525913662 -17.765434525913662 -17.765434525913662 -17.765434525913662 -17.765434525913662 -17.765434525913662 -17.765434525913662 -17.765434525913662 -17.765434525913662 -17.765434525913662 -17.765434525913662 -17.765434525913662 -17.765434525913662 -17.765434525913662 -17.765434525913662 -17.765434525913662
6.93467336683417 -17.7420001890152 -17.7420001890152 -17.7420001890152 -17.7420001890152 -17.7420001890152 -17.7420001890152 -17.7420001890152 -17.7420001890152 -17.7420001890152 -17.7420001890152 -17.7420001890152 -17.7420001890152 -17.7420001890152 -17.7420001890152 -17.7420001890152 -17.7420001890152 -17.7420001890152 -17.7420001890152 -17.7420001890152 -17.7420001890152 -17.7420001890152 -17.7420001890152 -17.7420001890152 -17.7420001890152 -17.7420001890152 -17.7420001890152 -17.7420001890152 -17.7420001890152 -17.7420001890152
7.010050251256281 -17.718565852116743 -17.718565852116743 -17.718565852116743 -17.718565852116743 -17.718565852116743 -17.718565852116743 -17.718565852116743 -17.718565852116743 -17.718565852116743 -17.718565852116743 -17.718565852116743 -17.718565852116743 -17.718565852116743 -17.718565852116743 -17.718565852116743 -17.718565852116743 -17.718565852116743 -17.718565852116743 -17.718565852116743 -17.718565852116743 -17.718565852116743 -17.718565852116743 -17.718565852116743 -17.718565852116743 -17.718565852116743 -17.718565852116743 -17.718565852116743 -17.718565852116743 -17.718565852116743
7.085427135678391 -17.695131515218286 -17.695131515218286 -17.695131515218286 -17.695131515218286 -17.695131515218286 -17.695131515218286 -17.695131515218286 -17.695131515218286 -17.695131515218286 -17.695131515218286 -17.695131515218286 -17.695131515218286 -17.695131515218286 -17.695131515218286 -17.695131515218286 -17.695131515218286 -17.695131515218286 -17.695131515218286 -17.695131515218286 -17.695131515218286 -17.695131515218286 -17.695131515218286 -17.695131515218286 -17.695131515218286 -17.695131515218286 -17.695131515218286 -17.695131515218286 -17.695131515218286 -17.695131515218286
7.160804020100501 -17.671697178319825 -17.671697178319825 -17.671697178319825 -17.671697178319825 -17.671697178319825 -17.671697178319825 -17.671697178319825 -17.671697178319825 -17.671697178319825 -17.671697178319825 -17.671697178319825 -17.671697178319825 -17.671697178319825 -17.671697178319825 -17.671697178319825 -17.671697178319825 -17.671697178319825 -17.671697178319825 -17.671697178319825 -17.671697178319825 -17.671697178319825 -17.671697178319825 -17.671697178319825 -17.671697178319825 -17.671697178319825 -17.671697178319825 -17.671697178319825 -17.671697178319825 -17.671697178319825
7.236180904522612 -17.648262841421364 -17.648262841421364 -17.648262841421364 -17.648262841421364 -17.648262841421364 -17.648262841421364 -17.648262841421364 -17.648262841421364 -17.648262841421364 -17.648262841421364 -17.648262841421364 -17.648262841421364 -17.648262841421364 -17.648262841421364 -17.648262841421364 -17.648262841421364 -17.648262841421364 -17.648262841421364 -17.648262841421364 -17.648262841421364 -17.648262841421364 -17.648262841421364 -17.648262841421364 -17.648262841421364 -17.648262841421364 -17.648262841421364 -17.648262841421364 -17.648262841421364 -17.648262841421364
7.311557788944723 -17.624828504522906 -17.624828504522906 -17.624828504522906 -17.624828504522906 -17.624828504522906 -17.624828504522906 -17.624828504522906 -17.624828504522906 -17.624828504522906 -17.624828504522906 -17.624828504522906 -17.624828504522906 -17.624828504522906 -17.624828504522906 -17.624828504522906 -17.624828504522906 -17.624828504522906 -17.624828504522906 -17.624828504522906 -17.624828504522906 -17.624828504522906 -17.624828504522906 -17.624828504522906 -17.624828504522906 -17.624828504522906 -17.624828504522906 -17.624828504522906 -17.624828504522906 -17.624828504522906
7.3869346733668335 -17.601394167624445 -17.601394167624445 -17.601394167624445 -17.601394167624445 -17.601394167624445 -17.601394167624445 -17.601394167624445 -17.601394167624445 -17.601394167624445 -17.601394167624445 -17.601394167624445 -17.601394167624445 -17.601394167624445 -17.601394167624445 -17.601394167624445 -17.601394167624445 -17.601394167624445 -17.601394167624445 -17.601394167624445 -17.601394167624445 -17.601394167624445 -17.601394167624445 -17.601394167624445 -17.601394167624445 -17.601394167624445 -17.601394167624445 -17.601394167624445 -17.601394167624445 -17.601394167624445
7.462311557788944 -17.577959830725987 -17.577959830725987 -17.577959830725987 -17.577959830725987 -17.577959830725987 -17.577959830725987 -17.577959830725987 -17.577959830725987 -17.577959830725987 -17.577959830725987 -17.577959830725987 -17.577959830725987 -17.577959830725987 -17.577959830725987 -17.577959830725987 -17.577959830725987 -17.577959830725987 -17.577959830725987 -17.577959830725987 -17.577959830725987 -17.577959830725987 -17.577959830725987 -17.577959830725987 -17.577959830725987 -17.577959830725987 -17.577959830725987 -17.577959830725987 -17.577959830725987 -17.577959830725987
7.537688442211055 -17.554525493827526 -17.554525493827526 -17.554525493827526 -17.554525493827526 -17.554525493827526 -17.554525493827526 -17.554525493827526 -17.554525493827526 -17.554525493827526 -17.554525493827526 -17.554525493827526 -17.554525493827526 -17.554525493827526 -17.554525493827526 -17.554525493827526 -17.554525493827526 -17.554525493827526 -17.554525493827526 -17.554525493827526 -17.554525493827526 -17.554525493827526 -17.554525493827526 -17.554525493827526 -17.554525493827526 -17.554525493827526 -17.554525493827526 -17.554525493827526 -17.554525493827526 -17.554525493827526
7.613065326633166 -17.53109115692907 -17.53109115692907 -17.53109115692907 -17.53109115692907 -17.53109115692907 -17.53109115692907 -17.53109115692907 -17.53109115692907 -17.53109115692907 -17.53109115692907 -17.53109115692907 -17.53109115692907 -17.53109115692907 -17.53109115692907 -17.53109115692907 -17.53109115692907 -17.53109115692907 -17.53109115692907 -17.53109115692907 -17.53109115692907 -17.53109115692907 -17.53109115692907 -17.53109115692907 -17.53109115692907 -17.53109115692907 -17.53109115692907 -17.53109115692907 -17.53109115692907 -17.53109115692907
7.688442211055276 -17.507656820030608 -17.507656820030608 -17.507656820030608 -17.507656820030608 -17.507656820030608 -17.507656820030608 -17.507656820030608 -17.507656820030608 -17.507656820030608 -17.507656820030608 -17.507656820030608 -17.507656820030608 -17.507656820030608 -17.507656820030608 -17.507656820030608 -17.507656820030608 -17.507656820030608 -17.507656820030608 -17.507656820030608 -17.507656820030608 -17.507656820030608 -17.507656820030608 -17.507656820030608 -17.507656820030608 -17.507656820030608 -17.507656820030608 -17.507656820030608 -17.507656820030608 -17.507656820030608
7.763819095477386 -17.48422248313215 -17.48422248313215 -17.48422248313215 -17.48422248313215 -17.48422248313215 -17.48422248313215 -17.48422248313215 -17.48422248313215 -17.48422248313215 -17.48422248313215 -17.48422248313215 -17.48422248313215 -17.48422248313215 -17.48422248313215 -17.48422248313215 -17.48422248313215 -17.48422248313215 -17.48422248313215 -17.48422248313215 -17.48422248313215 -17.48422248313215 -17.48422248313215 -17.48422248313215 -17.48422248313215 -17.48422248313215 -17.48422248313215 -17.48422248313215 -17.48422248313215 -17.48422248313215
7.839195979899497 -17.46078814623369 -17.46078814623369 -17.46078814623369 -17.46078814623369 -17.46078814623369 -17.46078814623369 -17.46078814623369 -17.46078814623369 -17.46078814623369 -17.46078814623369 -17.46078814623369 -17.46078814623369 -17.46078814623369 -17.46078814623369 -17.46078814623369 -17.46078814623369 -17.46078814623369 -17.46078814623369 -17.46078814623369 -17.46078814623369 -17.46078814623369 -17.46078814623369 -17.46078814623369 -17.46078814623369 -17.46078814623369 -17.46078814623369 -17.46078814623369 -17.46078814623369 -17.46078814623369
7.914572864321608 -17.437353809335228 -17.437353809335228 -17.437353809335228 -17.437353809335228 -17.437353809335228 -17.437353809335228 -17.437353809335228 -17.437353809335228 -17.437353809335228 -17.437353809335228 -17.437353809335228 -17.437353809335228 -17.437353809335228 -17.437353809335228 -17.437353809335228 -17.437353809335228 -17.437353809335228 -17.437353809335228 -17.437353809335228 -17.437353809335228 -17.437353809335228 -17.437353809335228 -17.437353809335228 -17.437353809335228 -17.437353809335228 -17.437353809335228 -17.437353809335228 -17.437353809335228 -17.437353809335228
7.989949748743718 -17.41391947243677 -17.41391947243677 -17.41391947243677 -17.41391947243677 -17.41391947243677 -17.41391947243677 -17.41391947243677 -17.41391947243677 -17.41391947243677 -17.41391947243677 -17.41391947243677 -17.41391947243677 -17.41391947243677 -17.41391947243677 -17.41391947243677 -17.41391947243677 -17.41391947243677 -17.41391947243677 -17.41391947243677 -17.41391947243677 -17.41391947243677 -17.41391947243677 -17.41391947243677 -17.41391947243677 -17.41391947243677 -17.41391947243677 -17.41391947243677 -17.41391947243677 -17.41391947243677
8.065326633165828 -17.390485135538313 -17.390485135538313 -17.390485135538313 -17.390485135538313 -17.390485135538313 -17.390485135538313 -17.390485135538313 -17.390485135538313 -17.390485135538313 -17.390485135538313 -17.390485135538313 -17.390485135538313 -17.390485135538313 -17.390485135538313 -17.390485135538313 -17.390485135538313 -17.390485135538313 -17.390485135538313 -17.390485135538313 -17.390485135538313 -17.390485135538313 -17.390485135538313 -17.390485135538313 -17.390485135538313 -17.390485135538313 -17.390485135538313 -17.390485135538313 -17.390485135538313 -17.390485135538313
8.140703517587939 -17.367050798639852 -17.367050798639852 -17.367050798639852 -17.367050798639852 -17.367050798639852 -17.367050798639852 -17.367050798639852 -17.367050798639852 -17.367050798639852 -17.367050798639852 -17.367050798639852 -17.367050798639852 -17.367050798639852 -17.367050798639852 -17.367050798639852 -17.367050798639852 -17.367050798639852 -17.367050798639852 -17.367050798639852 -17.367050798639852 -17.367050798639852 -17.367050798639852 -17.367050798639852 -17.367050798639852 -17.367050798639852 -17.367050798639852 -17.367050798639852 -17.367050798639852 -17.367050798639852
