web/models/linear/88/-19_898_2_000.dat
# %ECSV 1.0
# ---
# datatype:
# - {name: time, datatype: float64}
# - {name: swift_uvot_uvw2, datatype: float64}
# - {name: swift_uvot_uvm2, datatype: float64}
# - {name: swift_uvot_uvw1, datatype: float64}
# - {name: swift_uvot_U, datatype: float64}
# - {name: swift_uvot_B, datatype: float64}
# - {name: swift_uvot_V, datatype: float64}
# - {name: swift_uvot_W, datatype: float64}
# - {name: johnson_U, datatype: float64}
# - {name: johnson_B, datatype: float64}
# - {name: johnson_V, datatype: float64}
# - {name: johnson_R, datatype: float64}
# - {name: johnson_I, datatype: float64}
# - {name: sdss_u, datatype: float64}
# - {name: sdss_g, datatype: float64}
# - {name: sdss_r, datatype: float64}
# - {name: sdss_i, datatype: float64}
# - {name: sdss_z, datatype: float64}
# - {name: PS1_g, datatype: float64}
# - {name: PS1_r, datatype: float64}
# - {name: PS1_i, datatype: float64}
# - {name: PS1_z, datatype: float64}
# - {name: PS1_Y, datatype: float64}
# - {name: PS1_w, datatype: float64}
# - {name: ATLAS_c, datatype: float64}
# - {name: ATLAS_o, datatype: float64}
# - {name: ukirt_J, datatype: float64}
# - {name: ukirt_H, datatype: float64}
# - {name: ukirt_K, datatype: float64}
# - {name: Clear, datatype: float64}
# meta: !!omap
# - comment: [M=-19.89795918367347, dM=2.0]
# schema: astropy-2.0
time swift_uvot_uvw2 swift_uvot_uvm2 swift_uvot_uvw1 swift_uvot_U swift_uvot_B swift_uvot_V swift_uvot_W johnson_U johnson_B johnson_V johnson_R johnson_I sdss_u sdss_g sdss_r sdss_i sdss_z PS1_g PS1_r PS1_i PS1_z PS1_Y PS1_w ATLAS_c ATLAS_o ukirt_J ukirt_H ukirt_K Clear
[from data line 166]
12.51256281407035 5.127166444467228 5.127166444467228 5.127166444467228 5.127166444467228 5.127166444467228 5.127166444467228 5.127166444467228 5.127166444467228 5.127166444467228 5.127166444467228 5.127166444467228 5.127166444467228 5.127166444467228 5.127166444467228 5.127166444467228 5.127166444467228 5.127166444467228 5.127166444467228 5.127166444467228 5.127166444467228 5.127166444467228 5.127166444467228 5.127166444467228 5.127166444467228 5.127166444467228 5.127166444467228 5.127166444467228 5.127166444467228 5.127166444467228
12.58793969849246 5.27792021331145 5.27792021331145 5.27792021331145 5.27792021331145 5.27792021331145 5.27792021331145 5.27792021331145 5.27792021331145 5.27792021331145 5.27792021331145 5.27792021331145 5.27792021331145 5.27792021331145 5.27792021331145 5.27792021331145 5.27792021331145 5.27792021331145 5.27792021331145 5.27792021331145 5.27792021331145 5.27792021331145 5.27792021331145 5.27792021331145 5.27792021331145 5.27792021331145 5.27792021331145 5.27792021331145 5.27792021331145 5.27792021331145
12.663316582914572 5.428673982155672 5.428673982155672 5.428673982155672 5.428673982155672 5.428673982155672 5.428673982155672 5.428673982155672 5.428673982155672 5.428673982155672 5.428673982155672 5.428673982155672 5.428673982155672 5.428673982155672 5.428673982155672 5.428673982155672 5.428673982155672 5.428673982155672 5.428673982155672 5.428673982155672 5.428673982155672 5.428673982155672 5.428673982155672 5.428673982155672 5.428673982155672 5.428673982155672 5.428673982155672 5.428673982155672 5.428673982155672 5.428673982155672
12.738693467336683 5.579427750999894 5.579427750999894 5.579427750999894 5.579427750999894 5.579427750999894 5.579427750999894 5.579427750999894 5.579427750999894 5.579427750999894 5.579427750999894 5.579427750999894 5.579427750999894 5.579427750999894 5.579427750999894 5.579427750999894 5.579427750999894 5.579427750999894 5.579427750999894 5.579427750999894 5.579427750999894 5.579427750999894 5.579427750999894 5.579427750999894 5.579427750999894 5.579427750999894 5.579427750999894 5.579427750999894 5.579427750999894 5.579427750999894
12.814070351758794 5.730181519844116 5.730181519844116 5.730181519844116 5.730181519844116 5.730181519844116 5.730181519844116 5.730181519844116 5.730181519844116 5.730181519844116 5.730181519844116 5.730181519844116 5.730181519844116 5.730181519844116 5.730181519844116 5.730181519844116 5.730181519844116 5.730181519844116 5.730181519844116 5.730181519844116 5.730181519844116 5.730181519844116 5.730181519844116 5.730181519844116 5.730181519844116 5.730181519844116 5.730181519844116 5.730181519844116 5.730181519844116 5.730181519844116
12.889447236180903 5.880935288688335 5.880935288688335 5.880935288688335 5.880935288688335 5.880935288688335 5.880935288688335 5.880935288688335 5.880935288688335 5.880935288688335 5.880935288688335 5.880935288688335 5.880935288688335 5.880935288688335 5.880935288688335 5.880935288688335 5.880935288688335 5.880935288688335 5.880935288688335 5.880935288688335 5.880935288688335 5.880935288688335 5.880935288688335 5.880935288688335 5.880935288688335 5.880935288688335 5.880935288688335 5.880935288688335 5.880935288688335 5.880935288688335
12.964824120603014 6.031689057532557 6.031689057532557 6.031689057532557 6.031689057532557 6.031689057532557 6.031689057532557 6.031689057532557 6.031689057532557 6.031689057532557 6.031689057532557 6.031689057532557 6.031689057532557 6.031689057532557 6.031689057532557 6.031689057532557 6.031689057532557 6.031689057532557 6.031689057532557 6.031689057532557 6.031689057532557 6.031689057532557 6.031689057532557 6.031689057532557 6.031689057532557 6.031689057532557 6.031689057532557 6.031689057532557 6.031689057532557 6.031689057532557
13.040201005025125 6.1824428263767786 6.1824428263767786 6.1824428263767786 6.1824428263767786 6.1824428263767786 6.1824428263767786 6.1824428263767786 6.1824428263767786 6.1824428263767786 6.1824428263767786 6.1824428263767786 6.1824428263767786 6.1824428263767786 6.1824428263767786 6.1824428263767786 6.1824428263767786 6.1824428263767786 6.1824428263767786 6.1824428263767786 6.1824428263767786 6.1824428263767786 6.1824428263767786 6.1824428263767786 6.1824428263767786 6.1824428263767786 6.1824428263767786 6.1824428263767786 6.1824428263767786 6.1824428263767786
13.115577889447234 6.333196595220997 6.333196595220997 6.333196595220997 6.333196595220997 6.333196595220997 6.333196595220997 6.333196595220997 6.333196595220997 6.333196595220997 6.333196595220997 6.333196595220997 6.333196595220997 6.333196595220997 6.333196595220997 6.333196595220997 6.333196595220997 6.333196595220997 6.333196595220997 6.333196595220997 6.333196595220997 6.333196595220997 6.333196595220997 6.333196595220997 6.333196595220997 6.333196595220997 6.333196595220997 6.333196595220997 6.333196595220997 6.333196595220997
13.190954773869345 6.483950364065219 6.483950364065219 6.483950364065219 6.483950364065219 6.483950364065219 6.483950364065219 6.483950364065219 6.483950364065219 6.483950364065219 6.483950364065219 6.483950364065219 6.483950364065219 6.483950364065219 6.483950364065219 6.483950364065219 6.483950364065219 6.483950364065219 6.483950364065219 6.483950364065219 6.483950364065219 6.483950364065219 6.483950364065219 6.483950364065219 6.483950364065219 6.483950364065219 6.483950364065219 6.483950364065219 6.483950364065219 6.483950364065219
13.266331658291456 6.634704132909441 6.634704132909441 6.634704132909441 6.634704132909441 6.634704132909441 6.634704132909441 6.634704132909441 6.634704132909441 6.634704132909441 6.634704132909441 6.634704132909441 6.634704132909441 6.634704132909441 6.634704132909441 6.634704132909441 6.634704132909441 6.634704132909441 6.634704132909441 6.634704132909441 6.634704132909441 6.634704132909441 6.634704132909441 6.634704132909441 6.634704132909441 6.634704132909441 6.634704132909441 6.634704132909441 6.634704132909441 6.634704132909441
13.341708542713567 6.785457901753663 6.785457901753663 6.785457901753663 6.785457901753663 6.785457901753663 6.785457901753663 6.785457901753663 6.785457901753663 6.785457901753663 6.785457901753663 6.785457901753663 6.785457901753663 6.785457901753663 6.785457901753663 6.785457901753663 6.785457901753663 6.785457901753663 6.785457901753663 6.785457901753663 6.785457901753663 6.785457901753663 6.785457901753663 6.785457901753663 6.785457901753663 6.785457901753663 6.785457901753663 6.785457901753663 6.785457901753663 6.785457901753663
13.417085427135678 6.936211670597885 6.936211670597885 6.936211670597885 6.936211670597885 6.936211670597885 6.936211670597885 6.936211670597885 6.936211670597885 6.936211670597885 6.936211670597885 6.936211670597885 6.936211670597885 6.936211670597885 6.936211670597885 6.936211670597885 6.936211670597885 6.936211670597885 6.936211670597885 6.936211670597885 6.936211670597885 6.936211670597885 6.936211670597885 6.936211670597885 6.936211670597885 6.936211670597885 6.936211670597885 6.936211670597885 6.936211670597885 6.936211670597885
13.492462311557787 7.086965439442103 7.086965439442103 7.086965439442103 7.086965439442103 7.086965439442103 7.086965439442103 7.086965439442103 7.086965439442103 7.086965439442103 7.086965439442103 7.086965439442103 7.086965439442103 7.086965439442103 7.086965439442103 7.086965439442103 7.086965439442103 7.086965439442103 7.086965439442103 7.086965439442103 7.086965439442103 7.086965439442103 7.086965439442103 7.086965439442103 7.086965439442103 7.086965439442103 7.086965439442103 7.086965439442103 7.086965439442103 7.086965439442103
13.567839195979898 7.237719208286325 7.237719208286325 7.237719208286325 7.237719208286325 7.237719208286325 7.237719208286325 7.237719208286325 7.237719208286325 7.237719208286325 7.237719208286325 7.237719208286325 7.237719208286325 7.237719208286325 7.237719208286325 7.237719208286325 7.237719208286325 7.237719208286325 7.237719208286325 7.237719208286325 7.237719208286325 7.237719208286325 7.237719208286325 7.237719208286325 7.237719208286325 7.237719208286325 7.237719208286325 7.237719208286325 7.237719208286325 7.237719208286325
13.64321608040201 7.388472977130547 7.388472977130547 7.388472977130547 7.388472977130547 7.388472977130547 7.388472977130547 7.388472977130547 7.388472977130547 7.388472977130547 7.388472977130547 7.388472977130547 7.388472977130547 7.388472977130547 7.388472977130547 7.388472977130547 7.388472977130547 7.388472977130547 7.388472977130547 7.388472977130547 7.388472977130547 7.388472977130547 7.388472977130547 7.388472977130547 7.388472977130547 7.388472977130547 7.388472977130547 7.388472977130547 7.388472977130547 7.388472977130547
13.718592964824118 7.539226745974766 7.539226745974766 7.539226745974766 7.539226745974766 7.539226745974766 7.539226745974766 7.539226745974766 7.539226745974766 7.539226745974766 7.539226745974766 7.539226745974766 7.539226745974766 7.539226745974766 7.539226745974766 7.539226745974766 7.539226745974766 7.539226745974766 7.539226745974766 7.539226745974766 7.539226745974766 7.539226745974766 7.539226745974766 7.539226745974766 7.539226745974766 7.539226745974766 7.539226745974766 7.539226745974766 7.539226745974766 7.539226745974766
13.79396984924623 7.689980514818988 7.689980514818988 7.689980514818988 7.689980514818988 7.689980514818988 7.689980514818988 7.689980514818988 7.689980514818988 7.689980514818988 7.689980514818988 7.689980514818988 7.689980514818988 7.689980514818988 7.689980514818988 7.689980514818988 7.689980514818988 7.689980514818988 7.689980514818988 7.689980514818988 7.689980514818988 7.689980514818988 7.689980514818988 7.689980514818988 7.689980514818988 7.689980514818988 7.689980514818988 7.689980514818988 7.689980514818988 7.689980514818988
13.86934673366834 7.84073428366321 7.84073428366321 7.84073428366321 7.84073428366321 7.84073428366321 7.84073428366321 7.84073428366321 7.84073428366321 7.84073428366321 7.84073428366321 7.84073428366321 7.84073428366321 7.84073428366321 7.84073428366321 7.84073428366321 7.84073428366321 7.84073428366321 7.84073428366321 7.84073428366321 7.84073428366321 7.84073428366321 7.84073428366321 7.84073428366321 7.84073428366321 7.84073428366321 7.84073428366321 7.84073428366321 7.84073428366321 7.84073428366321
13.944723618090451 7.991488052507432 7.991488052507432 7.991488052507432 7.991488052507432 7.991488052507432 7.991488052507432 7.991488052507432 7.991488052507432 7.991488052507432 7.991488052507432 7.991488052507432 7.991488052507432 7.991488052507432 7.991488052507432 7.991488052507432 7.991488052507432 7.991488052507432 7.991488052507432 7.991488052507432 7.991488052507432 7.991488052507432 7.991488052507432 7.991488052507432 7.991488052507432 7.991488052507432 7.991488052507432 7.991488052507432 7.991488052507432 7.991488052507432
14.020100502512562 8.142241821351654 8.142241821351654 8.142241821351654 8.142241821351654 8.142241821351654 8.142241821351654 8.142241821351654 8.142241821351654 8.142241821351654 8.142241821351654 8.142241821351654 8.142241821351654 8.142241821351654 8.142241821351654 8.142241821351654 8.142241821351654 8.142241821351654 8.142241821351654 8.142241821351654 8.142241821351654 8.142241821351654 8.142241821351654 8.142241821351654 8.142241821351654 8.142241821351654 8.142241821351654 8.142241821351654 8.142241821351654 8.142241821351654
14.095477386934672 8.292995590195872 8.292995590195872 8.292995590195872 8.292995590195872 8.292995590195872 8.292995590195872 8.292995590195872 8.292995590195872 8.292995590195872 8.292995590195872 8.292995590195872 8.292995590195872 8.292995590195872 8.292995590195872 8.292995590195872 8.292995590195872 8.292995590195872 8.292995590195872 8.292995590195872 8.292995590195872 8.292995590195872 8.292995590195872 8.292995590195872 8.292995590195872 8.292995590195872 8.292995590195872 8.292995590195872 8.292995590195872 8.292995590195872
14.170854271356783 8.443749359040094 8.443749359040094 8.443749359040094 8.443749359040094 8.443749359040094 8.443749359040094 8.443749359040094 8.443749359040094 8.443749359040094 8.443749359040094 8.443749359040094 8.443749359040094 8.443749359040094 8.443749359040094 8.443749359040094 8.443749359040094 8.443749359040094 8.443749359040094 8.443749359040094 8.443749359040094 8.443749359040094 8.443749359040094 8.443749359040094 8.443749359040094 8.443749359040094 8.443749359040094 8.443749359040094 8.443749359040094 8.443749359040094
14.246231155778894 8.594503127884316 8.594503127884316 8.594503127884316 8.594503127884316 8.594503127884316 8.594503127884316 8.594503127884316 8.594503127884316 8.594503127884316 8.594503127884316 8.594503127884316 8.594503127884316 8.594503127884316 8.594503127884316 8.594503127884316 8.594503127884316 8.594503127884316 8.594503127884316 8.594503127884316 8.594503127884316 8.594503127884316 8.594503127884316 8.594503127884316 8.594503127884316 8.594503127884316 8.594503127884316 8.594503127884316 8.594503127884316 8.594503127884316
14.321608040201003 8.745256896728534 8.745256896728534 8.745256896728534 8.745256896728534 8.745256896728534 8.745256896728534 8.745256896728534 8.745256896728534 8.745256896728534 8.745256896728534 8.745256896728534 8.745256896728534 8.745256896728534 8.745256896728534 8.745256896728534 8.745256896728534 8.745256896728534 8.745256896728534 8.745256896728534 8.745256896728534 8.745256896728534 8.745256896728534 8.745256896728534 8.745256896728534 8.745256896728534 8.745256896728534 8.745256896728534 8.745256896728534 8.745256896728534
14.396984924623114 8.896010665572756 8.896010665572756 8.896010665572756 8.896010665572756 8.896010665572756 8.896010665572756 8.896010665572756 8.896010665572756 8.896010665572756 8.896010665572756 8.896010665572756 8.896010665572756 8.896010665572756 8.896010665572756 8.896010665572756 8.896010665572756 8.896010665572756 8.896010665572756 8.896010665572756 8.896010665572756 8.896010665572756 8.896010665572756 8.896010665572756 8.896010665572756 8.896010665572756 8.896010665572756 8.896010665572756 8.896010665572756 8.896010665572756
14.472361809045225 9.046764434416978 9.046764434416978 9.046764434416978 9.046764434416978 9.046764434416978 9.046764434416978 9.046764434416978 9.046764434416978 9.046764434416978 9.046764434416978 9.046764434416978 9.046764434416978 9.046764434416978 9.046764434416978 9.046764434416978 9.046764434416978 9.046764434416978 9.046764434416978 9.046764434416978 9.046764434416978 9.046764434416978 9.046764434416978 9.046764434416978 9.046764434416978 9.046764434416978 9.046764434416978 9.046764434416978 9.046764434416978 9.046764434416978
14.547738693467336 9.1975182032612 9.1975182032612 9.1975182032612 9.1975182032612 9.1975182032612 9.1975182032612 9.1975182032612 9.1975182032612 9.1975182032612 9.1975182032612 9.1975182032612 9.1975182032612 9.1975182032612 9.1975182032612 9.1975182032612 9.1975182032612 9.1975182032612 9.1975182032612 9.1975182032612 9.1975182032612 9.1975182032612 9.1975182032612 9.1975182032612 9.1975182032612 9.1975182032612 9.1975182032612 9.1975182032612 9.1975182032612 9.1975182032612
14.623115577889447 9.348271972105422 9.348271972105422 9.348271972105422 9.348271972105422 9.348271972105422 9.348271972105422 9.348271972105422 9.348271972105422 9.348271972105422 9.348271972105422 9.348271972105422 9.348271972105422 9.348271972105422 9.348271972105422 9.348271972105422 9.348271972105422 9.348271972105422 9.348271972105422 9.348271972105422 9.348271972105422 9.348271972105422 9.348271972105422 9.348271972105422 9.348271972105422 9.348271972105422 9.348271972105422 9.348271972105422 9.348271972105422 9.348271972105422
