web/models/linear/88/-19_898_0_228.dat
# %ECSV 1.0
# ---
# datatype:
# - {name: time, datatype: float64}
# - {name: swift_uvot_uvw2, datatype: float64}
# - {name: swift_uvot_uvm2, datatype: float64}
# - {name: swift_uvot_uvw1, datatype: float64}
# - {name: swift_uvot_U, datatype: float64}
# - {name: swift_uvot_B, datatype: float64}
# - {name: swift_uvot_V, datatype: float64}
# - {name: swift_uvot_W, datatype: float64}
# - {name: johnson_U, datatype: float64}
# - {name: johnson_B, datatype: float64}
# - {name: johnson_V, datatype: float64}
# - {name: johnson_R, datatype: float64}
# - {name: johnson_I, datatype: float64}
# - {name: sdss_u, datatype: float64}
# - {name: sdss_g, datatype: float64}
# - {name: sdss_r, datatype: float64}
# - {name: sdss_i, datatype: float64}
# - {name: sdss_z, datatype: float64}
# - {name: PS1_g, datatype: float64}
# - {name: PS1_r, datatype: float64}
# - {name: PS1_i, datatype: float64}
# - {name: PS1_z, datatype: float64}
# - {name: PS1_Y, datatype: float64}
# - {name: PS1_w, datatype: float64}
# - {name: ATLAS_c, datatype: float64}
# - {name: ATLAS_o, datatype: float64}
# - {name: ukirt_J, datatype: float64}
# - {name: ukirt_H, datatype: float64}
# - {name: ukirt_K, datatype: float64}
# - {name: Clear, datatype: float64}
# meta: !!omap
# - comment: [M=-19.89795918367347, dM=0.22797045620951936]
# schema: astropy-2.0
time swift_uvot_uvw2 swift_uvot_uvm2 swift_uvot_uvw1 swift_uvot_U swift_uvot_B swift_uvot_V swift_uvot_W johnson_U johnson_B johnson_V johnson_R johnson_I sdss_u sdss_g sdss_r sdss_i sdss_z PS1_g PS1_r PS1_i PS1_z PS1_Y PS1_w ATLAS_c ATLAS_o ukirt_J ukirt_H ukirt_K Clear
[from data line 110]
8.29145728643216 -18.007751883443788 -18.007751883443788 -18.007751883443788 -18.007751883443788 -18.007751883443788 -18.007751883443788 -18.007751883443788 -18.007751883443788 -18.007751883443788 -18.007751883443788 -18.007751883443788 -18.007751883443788 -18.007751883443788 -18.007751883443788 -18.007751883443788 -18.007751883443788 -18.007751883443788 -18.007751883443788 -18.007751883443788 -18.007751883443788 -18.007751883443788 -18.007751883443788 -18.007751883443788 -18.007751883443788 -18.007751883443788 -18.007751883443788 -18.007751883443788 -18.007751883443788 -18.007751883443788
8.36683417085427 -17.990568180714426 -17.990568180714426 -17.990568180714426 -17.990568180714426 -17.990568180714426 -17.990568180714426 -17.990568180714426 -17.990568180714426 -17.990568180714426 -17.990568180714426 -17.990568180714426 -17.990568180714426 -17.990568180714426 -17.990568180714426 -17.990568180714426 -17.990568180714426 -17.990568180714426 -17.990568180714426 -17.990568180714426 -17.990568180714426 -17.990568180714426 -17.990568180714426 -17.990568180714426 -17.990568180714426 -17.990568180714426 -17.990568180714426 -17.990568180714426 -17.990568180714426 -17.990568180714426
8.442211055276381 -17.973384477985068 -17.973384477985068 -17.973384477985068 -17.973384477985068 -17.973384477985068 -17.973384477985068 -17.973384477985068 -17.973384477985068 -17.973384477985068 -17.973384477985068 -17.973384477985068 -17.973384477985068 -17.973384477985068 -17.973384477985068 -17.973384477985068 -17.973384477985068 -17.973384477985068 -17.973384477985068 -17.973384477985068 -17.973384477985068 -17.973384477985068 -17.973384477985068 -17.973384477985068 -17.973384477985068 -17.973384477985068 -17.973384477985068 -17.973384477985068 -17.973384477985068 -17.973384477985068
8.517587939698492 -17.956200775255706 -17.956200775255706 -17.956200775255706 -17.956200775255706 -17.956200775255706 -17.956200775255706 -17.956200775255706 -17.956200775255706 -17.956200775255706 -17.956200775255706 -17.956200775255706 -17.956200775255706 -17.956200775255706 -17.956200775255706 -17.956200775255706 -17.956200775255706 -17.956200775255706 -17.956200775255706 -17.956200775255706 -17.956200775255706 -17.956200775255706 -17.956200775255706 -17.956200775255706 -17.956200775255706 -17.956200775255706 -17.956200775255706 -17.956200775255706 -17.956200775255706 -17.956200775255706
8.592964824120603 -17.939017072526344 -17.939017072526344 -17.939017072526344 -17.939017072526344 -17.939017072526344 -17.939017072526344 -17.939017072526344 -17.939017072526344 -17.939017072526344 -17.939017072526344 -17.939017072526344 -17.939017072526344 -17.939017072526344 -17.939017072526344 -17.939017072526344 -17.939017072526344 -17.939017072526344 -17.939017072526344 -17.939017072526344 -17.939017072526344 -17.939017072526344 -17.939017072526344 -17.939017072526344 -17.939017072526344 -17.939017072526344 -17.939017072526344 -17.939017072526344 -17.939017072526344 -17.939017072526344
8.668341708542712 -17.921833369796985 -17.921833369796985 -17.921833369796985 -17.921833369796985 -17.921833369796985 -17.921833369796985 -17.921833369796985 -17.921833369796985 -17.921833369796985 -17.921833369796985 -17.921833369796985 -17.921833369796985 -17.921833369796985 -17.921833369796985 -17.921833369796985 -17.921833369796985 -17.921833369796985 -17.921833369796985 -17.921833369796985 -17.921833369796985 -17.921833369796985 -17.921833369796985 -17.921833369796985 -17.921833369796985 -17.921833369796985 -17.921833369796985 -17.921833369796985 -17.921833369796985 -17.921833369796985
8.743718592964823 -17.904649667067623 -17.904649667067623 -17.904649667067623 -17.904649667067623 -17.904649667067623 -17.904649667067623 -17.904649667067623 -17.904649667067623 -17.904649667067623 -17.904649667067623 -17.904649667067623 -17.904649667067623 -17.904649667067623 -17.904649667067623 -17.904649667067623 -17.904649667067623 -17.904649667067623 -17.904649667067623 -17.904649667067623 -17.904649667067623 -17.904649667067623 -17.904649667067623 -17.904649667067623 -17.904649667067623 -17.904649667067623 -17.904649667067623 -17.904649667067623 -17.904649667067623 -17.904649667067623
8.819095477386934 -17.88746596433826 -17.88746596433826 -17.88746596433826 -17.88746596433826 -17.88746596433826 -17.88746596433826 -17.88746596433826 -17.88746596433826 -17.88746596433826 -17.88746596433826 -17.88746596433826 -17.88746596433826 -17.88746596433826 -17.88746596433826 -17.88746596433826 -17.88746596433826 -17.88746596433826 -17.88746596433826 -17.88746596433826 -17.88746596433826 -17.88746596433826 -17.88746596433826 -17.88746596433826 -17.88746596433826 -17.88746596433826 -17.88746596433826 -17.88746596433826 -17.88746596433826 -17.88746596433826
8.894472361809044 -17.870282261608903 -17.870282261608903 -17.870282261608903 -17.870282261608903 -17.870282261608903 -17.870282261608903 -17.870282261608903 -17.870282261608903 -17.870282261608903 -17.870282261608903 -17.870282261608903 -17.870282261608903 -17.870282261608903 -17.870282261608903 -17.870282261608903 -17.870282261608903 -17.870282261608903 -17.870282261608903 -17.870282261608903 -17.870282261608903 -17.870282261608903 -17.870282261608903 -17.870282261608903 -17.870282261608903 -17.870282261608903 -17.870282261608903 -17.870282261608903 -17.870282261608903 -17.870282261608903
8.969849246231155 -17.85309855887954 -17.85309855887954 -17.85309855887954 -17.85309855887954 -17.85309855887954 -17.85309855887954 -17.85309855887954 -17.85309855887954 -17.85309855887954 -17.85309855887954 -17.85309855887954 -17.85309855887954 -17.85309855887954 -17.85309855887954 -17.85309855887954 -17.85309855887954 -17.85309855887954 -17.85309855887954 -17.85309855887954 -17.85309855887954 -17.85309855887954 -17.85309855887954 -17.85309855887954 -17.85309855887954 -17.85309855887954 -17.85309855887954 -17.85309855887954 -17.85309855887954 -17.85309855887954
9.045226130653266 -17.835914856150183 -17.835914856150183 -17.835914856150183 -17.835914856150183 -17.835914856150183 -17.835914856150183 -17.835914856150183 -17.835914856150183 -17.835914856150183 -17.835914856150183 -17.835914856150183 -17.835914856150183 -17.835914856150183 -17.835914856150183 -17.835914856150183 -17.835914856150183 -17.835914856150183 -17.835914856150183 -17.835914856150183 -17.835914856150183 -17.835914856150183 -17.835914856150183 -17.835914856150183 -17.835914856150183 -17.835914856150183 -17.835914856150183 -17.835914856150183 -17.835914856150183 -17.835914856150183
9.120603015075377 -17.81873115342082 -17.81873115342082 -17.81873115342082 -17.81873115342082 -17.81873115342082 -17.81873115342082 -17.81873115342082 -17.81873115342082 -17.81873115342082 -17.81873115342082 -17.81873115342082 -17.81873115342082 -17.81873115342082 -17.81873115342082 -17.81873115342082 -17.81873115342082 -17.81873115342082 -17.81873115342082 -17.81873115342082 -17.81873115342082 -17.81873115342082 -17.81873115342082 -17.81873115342082 -17.81873115342082 -17.81873115342082 -17.81873115342082 -17.81873115342082 -17.81873115342082 -17.81873115342082
9.195979899497488 -17.80154745069146 -17.80154745069146 -17.80154745069146 -17.80154745069146 -17.80154745069146 -17.80154745069146 -17.80154745069146 -17.80154745069146 -17.80154745069146 -17.80154745069146 -17.80154745069146 -17.80154745069146 -17.80154745069146 -17.80154745069146 -17.80154745069146 -17.80154745069146 -17.80154745069146 -17.80154745069146 -17.80154745069146 -17.80154745069146 -17.80154745069146 -17.80154745069146 -17.80154745069146 -17.80154745069146 -17.80154745069146 -17.80154745069146 -17.80154745069146 -17.80154745069146 -17.80154745069146
9.271356783919597 -17.784363747962097 -17.784363747962097 -17.784363747962097 -17.784363747962097 -17.784363747962097 -17.784363747962097 -17.784363747962097 -17.784363747962097 -17.784363747962097 -17.784363747962097 -17.784363747962097 -17.784363747962097 -17.784363747962097 -17.784363747962097 -17.784363747962097 -17.784363747962097 -17.784363747962097 -17.784363747962097 -17.784363747962097 -17.784363747962097 -17.784363747962097 -17.784363747962097 -17.784363747962097 -17.784363747962097 -17.784363747962097 -17.784363747962097 -17.784363747962097 -17.784363747962097 -17.784363747962097
9.346733668341708 -17.767180045232738 -17.767180045232738 -17.767180045232738 -17.767180045232738 -17.767180045232738 -17.767180045232738 -17.767180045232738 -17.767180045232738 -17.767180045232738 -17.767180045232738 -17.767180045232738 -17.767180045232738 -17.767180045232738 -17.767180045232738 -17.767180045232738 -17.767180045232738 -17.767180045232738 -17.767180045232738 -17.767180045232738 -17.767180045232738 -17.767180045232738 -17.767180045232738 -17.767180045232738 -17.767180045232738 -17.767180045232738 -17.767180045232738 -17.767180045232738 -17.767180045232738 -17.767180045232738
9.422110552763819 -17.749996342503376 -17.749996342503376 -17.749996342503376 -17.749996342503376 -17.749996342503376 -17.749996342503376 -17.749996342503376 -17.749996342503376 -17.749996342503376 -17.749996342503376 -17.749996342503376 -17.749996342503376 -17.749996342503376 -17.749996342503376 -17.749996342503376 -17.749996342503376 -17.749996342503376 -17.749996342503376 -17.749996342503376 -17.749996342503376 -17.749996342503376 -17.749996342503376 -17.749996342503376 -17.749996342503376 -17.749996342503376 -17.749996342503376 -17.749996342503376 -17.749996342503376 -17.749996342503376
9.497487437185928 -17.732812639774018 -17.732812639774018 -17.732812639774018 -17.732812639774018 -17.732812639774018 -17.732812639774018 -17.732812639774018 -17.732812639774018 -17.732812639774018 -17.732812639774018 -17.732812639774018 -17.732812639774018 -17.732812639774018 -17.732812639774018 -17.732812639774018 -17.732812639774018 -17.732812639774018 -17.732812639774018 -17.732812639774018 -17.732812639774018 -17.732812639774018 -17.732812639774018 -17.732812639774018 -17.732812639774018 -17.732812639774018 -17.732812639774018 -17.732812639774018 -17.732812639774018 -17.732812639774018
9.572864321608039 -17.715628937044656 -17.715628937044656 -17.715628937044656 -17.715628937044656 -17.715628937044656 -17.715628937044656 -17.715628937044656 -17.715628937044656 -17.715628937044656 -17.715628937044656 -17.715628937044656 -17.715628937044656 -17.715628937044656 -17.715628937044656 -17.715628937044656 -17.715628937044656 -17.715628937044656 -17.715628937044656 -17.715628937044656 -17.715628937044656 -17.715628937044656 -17.715628937044656 -17.715628937044656 -17.715628937044656 -17.715628937044656 -17.715628937044656 -17.715628937044656 -17.715628937044656 -17.715628937044656
9.64824120603015 -17.698445234315294 -17.698445234315294 -17.698445234315294 -17.698445234315294 -17.698445234315294 -17.698445234315294 -17.698445234315294 -17.698445234315294 -17.698445234315294 -17.698445234315294 -17.698445234315294 -17.698445234315294 -17.698445234315294 -17.698445234315294 -17.698445234315294 -17.698445234315294 -17.698445234315294 -17.698445234315294 -17.698445234315294 -17.698445234315294 -17.698445234315294 -17.698445234315294 -17.698445234315294 -17.698445234315294 -17.698445234315294 -17.698445234315294 -17.698445234315294 -17.698445234315294 -17.698445234315294
9.72361809045226 -17.681261531585935 -17.681261531585935 -17.681261531585935 -17.681261531585935 -17.681261531585935 -17.681261531585935 -17.681261531585935 -17.681261531585935 -17.681261531585935 -17.681261531585935 -17.681261531585935 -17.681261531585935 -17.681261531585935 -17.681261531585935 -17.681261531585935 -17.681261531585935 -17.681261531585935 -17.681261531585935 -17.681261531585935 -17.681261531585935 -17.681261531585935 -17.681261531585935 -17.681261531585935 -17.681261531585935 -17.681261531585935 -17.681261531585935 -17.681261531585935 -17.681261531585935 -17.681261531585935
9.798994974874372 -17.664077828856573 -17.664077828856573 -17.664077828856573 -17.664077828856573 -17.664077828856573 -17.664077828856573 -17.664077828856573 -17.664077828856573 -17.664077828856573 -17.664077828856573 -17.664077828856573 -17.664077828856573 -17.664077828856573 -17.664077828856573 -17.664077828856573 -17.664077828856573 -17.664077828856573 -17.664077828856573 -17.664077828856573 -17.664077828856573 -17.664077828856573 -17.664077828856573 -17.664077828856573 -17.664077828856573 -17.664077828856573 -17.664077828856573 -17.664077828856573 -17.664077828856573 -17.664077828856573
9.874371859296481 -17.64689412612721 -17.64689412612721 -17.64689412612721 -17.64689412612721 -17.64689412612721 -17.64689412612721 -17.64689412612721 -17.64689412612721 -17.64689412612721 -17.64689412612721 -17.64689412612721 -17.64689412612721 -17.64689412612721 -17.64689412612721 -17.64689412612721 -17.64689412612721 -17.64689412612721 -17.64689412612721 -17.64689412612721 -17.64689412612721 -17.64689412612721 -17.64689412612721 -17.64689412612721 -17.64689412612721 -17.64689412612721 -17.64689412612721 -17.64689412612721 -17.64689412612721 -17.64689412612721
9.949748743718592 -17.629710423397853 -17.629710423397853 -17.629710423397853 -17.629710423397853 -17.629710423397853 -17.629710423397853 -17.629710423397853 -17.629710423397853 -17.629710423397853 -17.629710423397853 -17.629710423397853 -17.629710423397853 -17.629710423397853 -17.629710423397853 -17.629710423397853 -17.629710423397853 -17.629710423397853 -17.629710423397853 -17.629710423397853 -17.629710423397853 -17.629710423397853 -17.629710423397853 -17.629710423397853 -17.629710423397853 -17.629710423397853 -17.629710423397853 -17.629710423397853 -17.629710423397853 -17.629710423397853
10.025125628140703 -17.61252672066849 -17.61252672066849 -17.61252672066849 -17.61252672066849 -17.61252672066849 -17.61252672066849 -17.61252672066849 -17.61252672066849 -17.61252672066849 -17.61252672066849 -17.61252672066849 -17.61252672066849 -17.61252672066849 -17.61252672066849 -17.61252672066849 -17.61252672066849 -17.61252672066849 -17.61252672066849 -17.61252672066849 -17.61252672066849 -17.61252672066849 -17.61252672066849 -17.61252672066849 -17.61252672066849 -17.61252672066849 -17.61252672066849 -17.61252672066849 -17.61252672066849 -17.61252672066849
10.100502512562812 -17.59534301793913 -17.59534301793913 -17.59534301793913 -17.59534301793913 -17.59534301793913 -17.59534301793913 -17.59534301793913 -17.59534301793913 -17.59534301793913 -17.59534301793913 -17.59534301793913 -17.59534301793913 -17.59534301793913 -17.59534301793913 -17.59534301793913 -17.59534301793913 -17.59534301793913 -17.59534301793913 -17.59534301793913 -17.59534301793913 -17.59534301793913 -17.59534301793913 -17.59534301793913 -17.59534301793913 -17.59534301793913 -17.59534301793913 -17.59534301793913 -17.59534301793913 -17.59534301793913
10.175879396984923 -17.57815931520977 -17.57815931520977 -17.57815931520977 -17.57815931520977 -17.57815931520977 -17.57815931520977 -17.57815931520977 -17.57815931520977 -17.57815931520977 -17.57815931520977 -17.57815931520977 -17.57815931520977 -17.57815931520977 -17.57815931520977 -17.57815931520977 -17.57815931520977 -17.57815931520977 -17.57815931520977 -17.57815931520977 -17.57815931520977 -17.57815931520977 -17.57815931520977 -17.57815931520977 -17.57815931520977 -17.57815931520977 -17.57815931520977 -17.57815931520977 -17.57815931520977 -17.57815931520977
