web/models/linear/55/-16_959_0_010.dat
# %ECSV 1.0
# ---
# datatype:
# - {name: time, datatype: float64}
# - {name: sdss_u, datatype: float64}
# - {name: sdss_g, datatype: float64}
# - {name: sdss_r, datatype: float64}
# - {name: sdss_i, datatype: float64}
# - {name: sdss_z, datatype: float64}
# - {name: Clear, datatype: float64}
# - {name: johnson_B, datatype: float64}
# - {name: johnson_V, datatype: float64}
# - {name: johnson_R, datatype: float64}
# - {name: johnson_I, datatype: float64}
# - {name: ukirt_J, datatype: float64}
# - {name: ukirt_H, datatype: float64}
# - {name: ukirt_K, datatype: float64}
# meta: !!omap
# - comment: [M=-16.95918367346939, dM=0.010245175126239792]
# schema: astropy-2.0
time sdss_u sdss_g sdss_r sdss_i sdss_z Clear johnson_B johnson_V johnson_R johnson_I ukirt_J ukirt_H ukirt_K
[from data line 118]
8.894472361809044 -16.868058246467157 -16.868058246467157 -16.868058246467157 -16.868058246467157 -16.868058246467157 -16.868058246467157 -16.868058246467157 -16.868058246467157 -16.868058246467157 -16.868058246467157 -16.868058246467157 -16.868058246467157 -16.868058246467157
8.969849246231155 -16.86728599708578 -16.86728599708578 -16.86728599708578 -16.86728599708578 -16.86728599708578 -16.86728599708578 -16.86728599708578 -16.86728599708578 -16.86728599708578 -16.86728599708578 -16.86728599708578 -16.86728599708578 -16.86728599708578
9.045226130653266 -16.866513747704406 -16.866513747704406 -16.866513747704406 -16.866513747704406 -16.866513747704406 -16.866513747704406 -16.866513747704406 -16.866513747704406 -16.866513747704406 -16.866513747704406 -16.866513747704406 -16.866513747704406 -16.866513747704406
9.120603015075377 -16.865741498323032 -16.865741498323032 -16.865741498323032 -16.865741498323032 -16.865741498323032 -16.865741498323032 -16.865741498323032 -16.865741498323032 -16.865741498323032 -16.865741498323032 -16.865741498323032 -16.865741498323032 -16.865741498323032
9.195979899497488 -16.86496924894166 -16.86496924894166 -16.86496924894166 -16.86496924894166 -16.86496924894166 -16.86496924894166 -16.86496924894166 -16.86496924894166 -16.86496924894166 -16.86496924894166 -16.86496924894166 -16.86496924894166 -16.86496924894166
9.271356783919597 -16.86419699956028 -16.86419699956028 -16.86419699956028 -16.86419699956028 -16.86419699956028 -16.86419699956028 -16.86419699956028 -16.86419699956028 -16.86419699956028 -16.86419699956028 -16.86419699956028 -16.86419699956028 -16.86419699956028
9.346733668341708 -16.863424750178908 -16.863424750178908 -16.863424750178908 -16.863424750178908 -16.863424750178908 -16.863424750178908 -16.863424750178908 -16.863424750178908 -16.863424750178908 -16.863424750178908 -16.863424750178908 -16.863424750178908 -16.863424750178908
9.422110552763819 -16.862652500797534 -16.862652500797534 -16.862652500797534 -16.862652500797534 -16.862652500797534 -16.862652500797534 -16.862652500797534 -16.862652500797534 -16.862652500797534 -16.862652500797534 -16.862652500797534 -16.862652500797534 -16.862652500797534
9.497487437185928 -16.861880251416157 -16.861880251416157 -16.861880251416157 -16.861880251416157 -16.861880251416157 -16.861880251416157 -16.861880251416157 -16.861880251416157 -16.861880251416157 -16.861880251416157 -16.861880251416157 -16.861880251416157 -16.861880251416157
9.572864321608039 -16.861108002034783 -16.861108002034783 -16.861108002034783 -16.861108002034783 -16.861108002034783 -16.861108002034783 -16.861108002034783 -16.861108002034783 -16.861108002034783 -16.861108002034783 -16.861108002034783 -16.861108002034783 -16.861108002034783
9.64824120603015 -16.86033575265341 -16.86033575265341 -16.86033575265341 -16.86033575265341 -16.86033575265341 -16.86033575265341 -16.86033575265341 -16.86033575265341 -16.86033575265341 -16.86033575265341 -16.86033575265341 -16.86033575265341 -16.86033575265341
9.72361809045226 -16.85956350327203 -16.85956350327203 -16.85956350327203 -16.85956350327203 -16.85956350327203 -16.85956350327203 -16.85956350327203 -16.85956350327203 -16.85956350327203 -16.85956350327203 -16.85956350327203 -16.85956350327203 -16.85956350327203
9.798994974874372 -16.858791253890658 -16.858791253890658 -16.858791253890658 -16.858791253890658 -16.858791253890658 -16.858791253890658 -16.858791253890658 -16.858791253890658 -16.858791253890658 -16.858791253890658 -16.858791253890658 -16.858791253890658 -16.858791253890658
9.874371859296481 -16.858019004509284 -16.858019004509284 -16.858019004509284 -16.858019004509284 -16.858019004509284 -16.858019004509284 -16.858019004509284 -16.858019004509284 -16.858019004509284 -16.858019004509284 -16.858019004509284 -16.858019004509284 -16.858019004509284
9.949748743718592 -16.85724675512791 -16.85724675512791 -16.85724675512791 -16.85724675512791 -16.85724675512791 -16.85724675512791 -16.85724675512791 -16.85724675512791 -16.85724675512791 -16.85724675512791 -16.85724675512791 -16.85724675512791 -16.85724675512791
10.025125628140703 -16.856474505746533 -16.856474505746533 -16.856474505746533 -16.856474505746533 -16.856474505746533 -16.856474505746533 -16.856474505746533 -16.856474505746533 -16.856474505746533 -16.856474505746533 -16.856474505746533 -16.856474505746533 -16.856474505746533
10.100502512562812 -16.85570225636516 -16.85570225636516 -16.85570225636516 -16.85570225636516 -16.85570225636516 -16.85570225636516 -16.85570225636516 -16.85570225636516 -16.85570225636516 -16.85570225636516 -16.85570225636516 -16.85570225636516 -16.85570225636516
10.175879396984923 -16.854930006983786 -16.854930006983786 -16.854930006983786 -16.854930006983786 -16.854930006983786 -16.854930006983786 -16.854930006983786 -16.854930006983786 -16.854930006983786 -16.854930006983786 -16.854930006983786 -16.854930006983786 -16.854930006983786
10.251256281407034 -16.854157757602408 -16.854157757602408 -16.854157757602408 -16.854157757602408 -16.854157757602408 -16.854157757602408 -16.854157757602408 -16.854157757602408 -16.854157757602408 -16.854157757602408 -16.854157757602408 -16.854157757602408 -16.854157757602408
10.326633165829145 -16.853385508221034 -16.853385508221034 -16.853385508221034 -16.853385508221034 -16.853385508221034 -16.853385508221034 -16.853385508221034 -16.853385508221034 -16.853385508221034 -16.853385508221034 -16.853385508221034 -16.853385508221034 -16.853385508221034
10.402010050251256 -16.85261325883966 -16.85261325883966 -16.85261325883966 -16.85261325883966 -16.85261325883966 -16.85261325883966 -16.85261325883966 -16.85261325883966 -16.85261325883966 -16.85261325883966 -16.85261325883966 -16.85261325883966 -16.85261325883966
10.477386934673365 -16.851841009458283 -16.851841009458283 -16.851841009458283 -16.851841009458283 -16.851841009458283 -16.851841009458283 -16.851841009458283 -16.851841009458283 -16.851841009458283 -16.851841009458283 -16.851841009458283 -16.851841009458283 -16.851841009458283
10.552763819095476 -16.85106876007691 -16.85106876007691 -16.85106876007691 -16.85106876007691 -16.85106876007691 -16.85106876007691 -16.85106876007691 -16.85106876007691 -16.85106876007691 -16.85106876007691 -16.85106876007691 -16.85106876007691 -16.85106876007691
10.628140703517587 -16.850296510695536 -16.850296510695536 -16.850296510695536 -16.850296510695536 -16.850296510695536 -16.850296510695536 -16.850296510695536 -16.850296510695536 -16.850296510695536 -16.850296510695536 -16.850296510695536 -16.850296510695536 -16.850296510695536
10.703517587939697 -16.84952426131416 -16.84952426131416 -16.84952426131416 -16.84952426131416 -16.84952426131416 -16.84952426131416 -16.84952426131416 -16.84952426131416 -16.84952426131416 -16.84952426131416 -16.84952426131416 -16.84952426131416 -16.84952426131416
10.778894472361808 -16.848752011932785 -16.848752011932785 -16.848752011932785 -16.848752011932785 -16.848752011932785 -16.848752011932785 -16.848752011932785 -16.848752011932785 -16.848752011932785 -16.848752011932785 -16.848752011932785 -16.848752011932785 -16.848752011932785
10.854271356783919 -16.84797976255141 -16.84797976255141 -16.84797976255141 -16.84797976255141 -16.84797976255141 -16.84797976255141 -16.84797976255141 -16.84797976255141 -16.84797976255141 -16.84797976255141 -16.84797976255141 -16.84797976255141 -16.84797976255141
10.92964824120603 -16.847207513170037 -16.847207513170037 -16.847207513170037 -16.847207513170037 -16.847207513170037 -16.847207513170037 -16.847207513170037 -16.847207513170037 -16.847207513170037 -16.847207513170037 -16.847207513170037 -16.847207513170037 -16.847207513170037
11.00502512562814 -16.84643526378866 -16.84643526378866 -16.84643526378866 -16.84643526378866 -16.84643526378866 -16.84643526378866 -16.84643526378866 -16.84643526378866 -16.84643526378866 -16.84643526378866 -16.84643526378866 -16.84643526378866 -16.84643526378866
11.08040201005025 -16.845663014407286 -16.845663014407286 -16.845663014407286 -16.845663014407286 -16.845663014407286 -16.845663014407286 -16.845663014407286 -16.845663014407286 -16.845663014407286 -16.845663014407286 -16.845663014407286 -16.845663014407286 -16.845663014407286
11.15577889447236 -16.844890765025912 -16.844890765025912 -16.844890765025912 -16.844890765025912 -16.844890765025912 -16.844890765025912 -16.844890765025912 -16.844890765025912 -16.844890765025912 -16.844890765025912 -16.844890765025912 -16.844890765025912 -16.844890765025912
11.231155778894472 -16.844118515644535 -16.844118515644535 -16.844118515644535 -16.844118515644535 -16.844118515644535 -16.844118515644535 -16.844118515644535 -16.844118515644535 -16.844118515644535 -16.844118515644535 -16.844118515644535 -16.844118515644535 -16.844118515644535
11.306532663316581 -16.84334626626316 -16.84334626626316 -16.84334626626316 -16.84334626626316 -16.84334626626316 -16.84334626626316 -16.84334626626316 -16.84334626626316 -16.84334626626316 -16.84334626626316 -16.84334626626316 -16.84334626626316 -16.84334626626316
11.381909547738692 -16.842574016881787 -16.842574016881787 -16.842574016881787 -16.842574016881787 -16.842574016881787 -16.842574016881787 -16.842574016881787 -16.842574016881787 -16.842574016881787 -16.842574016881787 -16.842574016881787 -16.842574016881787 -16.842574016881787
11.457286432160803 -16.84180176750041 -16.84180176750041 -16.84180176750041 -16.84180176750041 -16.84180176750041 -16.84180176750041 -16.84180176750041 -16.84180176750041 -16.84180176750041 -16.84180176750041 -16.84180176750041 -16.84180176750041 -16.84180176750041
11.532663316582914 -16.841029518119036 -16.841029518119036 -16.841029518119036 -16.841029518119036 -16.841029518119036 -16.841029518119036 -16.841029518119036 -16.841029518119036 -16.841029518119036 -16.841029518119036 -16.841029518119036 -16.841029518119036 -16.841029518119036
11.608040201005025 -16.840257268737663 -16.840257268737663 -16.840257268737663 -16.840257268737663 -16.840257268737663 -16.840257268737663 -16.840257268737663 -16.840257268737663 -16.840257268737663 -16.840257268737663 -16.840257268737663 -16.840257268737663 -16.840257268737663
11.683417085427134 -16.839485019356285 -16.839485019356285 -16.839485019356285 -16.839485019356285 -16.839485019356285 -16.839485019356285 -16.839485019356285 -16.839485019356285 -16.839485019356285 -16.839485019356285 -16.839485019356285 -16.839485019356285 -16.839485019356285
11.758793969849245 -16.83871276997491 -16.83871276997491 -16.83871276997491 -16.83871276997491 -16.83871276997491 -16.83871276997491 -16.83871276997491 -16.83871276997491 -16.83871276997491 -16.83871276997491 -16.83871276997491 -16.83871276997491 -16.83871276997491
11.834170854271356 -16.837940520593538 -16.837940520593538 -16.837940520593538 -16.837940520593538 -16.837940520593538 -16.837940520593538 -16.837940520593538 -16.837940520593538 -16.837940520593538 -16.837940520593538 -16.837940520593538 -16.837940520593538 -16.837940520593538
11.909547738693465 -16.837168271212164 -16.837168271212164 -16.837168271212164 -16.837168271212164 -16.837168271212164 -16.837168271212164 -16.837168271212164 -16.837168271212164 -16.837168271212164 -16.837168271212164 -16.837168271212164 -16.837168271212164 -16.837168271212164
11.984924623115576 -16.836396021830787 -16.836396021830787 -16.836396021830787 -16.836396021830787 -16.836396021830787 -16.836396021830787 -16.836396021830787 -16.836396021830787 -16.836396021830787 -16.836396021830787 -16.836396021830787 -16.836396021830787 -16.836396021830787
12.060301507537687 -16.835623772449413 -16.835623772449413 -16.835623772449413 -16.835623772449413 -16.835623772449413 -16.835623772449413 -16.835623772449413 -16.835623772449413 -16.835623772449413 -16.835623772449413 -16.835623772449413 -16.835623772449413 -16.835623772449413
12.135678391959798 -16.83485152306804 -16.83485152306804 -16.83485152306804 -16.83485152306804 -16.83485152306804 -16.83485152306804 -16.83485152306804 -16.83485152306804 -16.83485152306804 -16.83485152306804 -16.83485152306804 -16.83485152306804 -16.83485152306804
12.21105527638191 -16.834079273686662 -16.834079273686662 -16.834079273686662 -16.834079273686662 -16.834079273686662 -16.834079273686662 -16.834079273686662 -16.834079273686662 -16.834079273686662 -16.834079273686662 -16.834079273686662 -16.834079273686662 -16.834079273686662
12.286432160804019 -16.833307024305288 -16.833307024305288 -16.833307024305288 -16.833307024305288 -16.833307024305288 -16.833307024305288 -16.833307024305288 -16.833307024305288 -16.833307024305288 -16.833307024305288 -16.833307024305288 -16.833307024305288 -16.833307024305288
12.36180904522613 -16.832534774923914 -16.832534774923914 -16.832534774923914 -16.832534774923914 -16.832534774923914 -16.832534774923914 -16.832534774923914 -16.832534774923914 -16.832534774923914 -16.832534774923914 -16.832534774923914 -16.832534774923914 -16.832534774923914
12.43718592964824 -16.831762525542537 -16.831762525542537 -16.831762525542537 -16.831762525542537 -16.831762525542537 -16.831762525542537 -16.831762525542537 -16.831762525542537 -16.831762525542537 -16.831762525542537 -16.831762525542537 -16.831762525542537 -16.831762525542537
12.51256281407035 -16.830990276161163 -16.830990276161163 -16.830990276161163 -16.830990276161163 -16.830990276161163 -16.830990276161163 -16.830990276161163 -16.830990276161163 -16.830990276161163 -16.830990276161163 -16.830990276161163 -16.830990276161163 -16.830990276161163
12.58793969849246 -16.83021802677979 -16.83021802677979 -16.83021802677979 -16.83021802677979 -16.83021802677979 -16.83021802677979 -16.83021802677979 -16.83021802677979 -16.83021802677979 -16.83021802677979 -16.83021802677979 -16.83021802677979 -16.83021802677979
12.663316582914572 -16.829445777398412 -16.829445777398412 -16.829445777398412 -16.829445777398412 -16.829445777398412 -16.829445777398412 -16.829445777398412 -16.829445777398412 -16.829445777398412 -16.829445777398412 -16.829445777398412 -16.829445777398412 -16.829445777398412
12.738693467336683 -16.82867352801704 -16.82867352801704 -16.82867352801704 -16.82867352801704 -16.82867352801704 -16.82867352801704 -16.82867352801704 -16.82867352801704 -16.82867352801704 -16.82867352801704 -16.82867352801704 -16.82867352801704 -16.82867352801704
12.814070351758794 -16.827901278635665 -16.827901278635665 -16.827901278635665 -16.827901278635665 -16.827901278635665 -16.827901278635665 -16.827901278635665 -16.827901278635665 -16.827901278635665 -16.827901278635665 -16.827901278635665 -16.827901278635665 -16.827901278635665
12.889447236180903 -16.82712902925429 -16.82712902925429 -16.82712902925429 -16.82712902925429 -16.82712902925429 -16.82712902925429 -16.82712902925429 -16.82712902925429 -16.82712902925429 -16.82712902925429 -16.82712902925429 -16.82712902925429 -16.82712902925429
12.964824120603014 -16.826356779872913 -16.826356779872913 -16.826356779872913 -16.826356779872913 -16.826356779872913 -16.826356779872913 -16.826356779872913 -16.826356779872913 -16.826356779872913 -16.826356779872913 -16.826356779872913 -16.826356779872913 -16.826356779872913
13.040201005025125 -16.82558453049154 -16.82558453049154 -16.82558453049154 -16.82558453049154 -16.82558453049154 -16.82558453049154 -16.82558453049154 -16.82558453049154 -16.82558453049154 -16.82558453049154 -16.82558453049154 -16.82558453049154 -16.82558453049154
13.115577889447234 -16.824812281110166 -16.824812281110166 -16.824812281110166 -16.824812281110166 -16.824812281110166 -16.824812281110166 -16.824812281110166 -16.824812281110166 -16.824812281110166 -16.824812281110166 -16.824812281110166 -16.824812281110166 -16.824812281110166
