web/models/linear/55/-16_959_0_030.dat
# %ECSV 1.0
# ---
# datatype:
# - {name: time, datatype: float64}
# - {name: sdss_u, datatype: float64}
# - {name: sdss_g, datatype: float64}
# - {name: sdss_r, datatype: float64}
# - {name: sdss_i, datatype: float64}
# - {name: sdss_z, datatype: float64}
# - {name: Clear, datatype: float64}
# - {name: johnson_B, datatype: float64}
# - {name: johnson_V, datatype: float64}
# - {name: johnson_R, datatype: float64}
# - {name: johnson_I, datatype: float64}
# - {name: ukirt_J, datatype: float64}
# - {name: ukirt_H, datatype: float64}
# - {name: ukirt_K, datatype: float64}
# meta: !!omap
# - comment: [M=-16.95918367346939, dM=0.030345556064724315]
# schema: astropy-2.0
time sdss_u sdss_g sdss_r sdss_i sdss_z Clear johnson_B johnson_V johnson_R johnson_I ukirt_J ukirt_H ukirt_K
[from data line 176]
13.266331658291456 -16.55660946235948 -16.55660946235948 -16.55660946235948 -16.55660946235948 -16.55660946235948 -16.55660946235948 -16.55660946235948 -16.55660946235948 -16.55660946235948 -16.55660946235948 -16.55660946235948 -16.55660946235948 -16.55660946235948
13.341708542713567 -16.554322108887263 -16.554322108887263 -16.554322108887263 -16.554322108887263 -16.554322108887263 -16.554322108887263 -16.554322108887263 -16.554322108887263 -16.554322108887263 -16.554322108887263 -16.554322108887263 -16.554322108887263 -16.554322108887263
13.417085427135678 -16.552034755415047 -16.552034755415047 -16.552034755415047 -16.552034755415047 -16.552034755415047 -16.552034755415047 -16.552034755415047 -16.552034755415047 -16.552034755415047 -16.552034755415047 -16.552034755415047 -16.552034755415047 -16.552034755415047
13.492462311557787 -16.549747401942835 -16.549747401942835 -16.549747401942835 -16.549747401942835 -16.549747401942835 -16.549747401942835 -16.549747401942835 -16.549747401942835 -16.549747401942835 -16.549747401942835 -16.549747401942835 -16.549747401942835 -16.549747401942835
13.567839195979898 -16.54746004847062 -16.54746004847062 -16.54746004847062 -16.54746004847062 -16.54746004847062 -16.54746004847062 -16.54746004847062 -16.54746004847062 -16.54746004847062 -16.54746004847062 -16.54746004847062 -16.54746004847062 -16.54746004847062
13.64321608040201 -16.545172694998403 -16.545172694998403 -16.545172694998403 -16.545172694998403 -16.545172694998403 -16.545172694998403 -16.545172694998403 -16.545172694998403 -16.545172694998403 -16.545172694998403 -16.545172694998403 -16.545172694998403 -16.545172694998403
13.718592964824118 -16.542885341526187 -16.542885341526187 -16.542885341526187 -16.542885341526187 -16.542885341526187 -16.542885341526187 -16.542885341526187 -16.542885341526187 -16.542885341526187 -16.542885341526187 -16.542885341526187 -16.542885341526187 -16.542885341526187
13.79396984924623 -16.54059798805397 -16.54059798805397 -16.54059798805397 -16.54059798805397 -16.54059798805397 -16.54059798805397 -16.54059798805397 -16.54059798805397 -16.54059798805397 -16.54059798805397 -16.54059798805397 -16.54059798805397 -16.54059798805397
13.86934673366834 -16.538310634581755 -16.538310634581755 -16.538310634581755 -16.538310634581755 -16.538310634581755 -16.538310634581755 -16.538310634581755 -16.538310634581755 -16.538310634581755 -16.538310634581755 -16.538310634581755 -16.538310634581755 -16.538310634581755
13.944723618090451 -16.53602328110954 -16.53602328110954 -16.53602328110954 -16.53602328110954 -16.53602328110954 -16.53602328110954 -16.53602328110954 -16.53602328110954 -16.53602328110954 -16.53602328110954 -16.53602328110954 -16.53602328110954 -16.53602328110954
14.020100502512562 -16.533735927637327 -16.533735927637327 -16.533735927637327 -16.533735927637327 -16.533735927637327 -16.533735927637327 -16.533735927637327 -16.533735927637327 -16.533735927637327 -16.533735927637327 -16.533735927637327 -16.533735927637327 -16.533735927637327
14.095477386934672 -16.53144857416511 -16.53144857416511 -16.53144857416511 -16.53144857416511 -16.53144857416511 -16.53144857416511 -16.53144857416511 -16.53144857416511 -16.53144857416511 -16.53144857416511 -16.53144857416511 -16.53144857416511 -16.53144857416511
14.170854271356783 -16.529161220692895 -16.529161220692895 -16.529161220692895 -16.529161220692895 -16.529161220692895 -16.529161220692895 -16.529161220692895 -16.529161220692895 -16.529161220692895 -16.529161220692895 -16.529161220692895 -16.529161220692895 -16.529161220692895
14.246231155778894 -16.52687386722068 -16.52687386722068 -16.52687386722068 -16.52687386722068 -16.52687386722068 -16.52687386722068 -16.52687386722068 -16.52687386722068 -16.52687386722068 -16.52687386722068 -16.52687386722068 -16.52687386722068 -16.52687386722068
14.321608040201003 -16.524586513748464 -16.524586513748464 -16.524586513748464 -16.524586513748464 -16.524586513748464 -16.524586513748464 -16.524586513748464 -16.524586513748464 -16.524586513748464 -16.524586513748464 -16.524586513748464 -16.524586513748464 -16.524586513748464
14.396984924623114 -16.522299160276248 -16.522299160276248 -16.522299160276248 -16.522299160276248 -16.522299160276248 -16.522299160276248 -16.522299160276248 -16.522299160276248 -16.522299160276248 -16.522299160276248 -16.522299160276248 -16.522299160276248 -16.522299160276248
14.472361809045225 -16.520011806804032 -16.520011806804032 -16.520011806804032 -16.520011806804032 -16.520011806804032 -16.520011806804032 -16.520011806804032 -16.520011806804032 -16.520011806804032 -16.520011806804032 -16.520011806804032 -16.520011806804032 -16.520011806804032
14.547738693467336 -16.517724453331816 -16.517724453331816 -16.517724453331816 -16.517724453331816 -16.517724453331816 -16.517724453331816 -16.517724453331816 -16.517724453331816 -16.517724453331816 -16.517724453331816 -16.517724453331816 -16.517724453331816 -16.517724453331816
14.623115577889447 -16.515437099859604 -16.515437099859604 -16.515437099859604 -16.515437099859604 -16.515437099859604 -16.515437099859604 -16.515437099859604 -16.515437099859604 -16.515437099859604 -16.515437099859604 -16.515437099859604 -16.515437099859604 -16.515437099859604
14.698492462311556 -16.513149746387388 -16.513149746387388 -16.513149746387388 -16.513149746387388 -16.513149746387388 -16.513149746387388 -16.513149746387388 -16.513149746387388 -16.513149746387388 -16.513149746387388 -16.513149746387388 -16.513149746387388 -16.513149746387388
14.773869346733667 -16.510862392915172 -16.510862392915172 -16.510862392915172 -16.510862392915172 -16.510862392915172 -16.510862392915172 -16.510862392915172 -16.510862392915172 -16.510862392915172 -16.510862392915172 -16.510862392915172 -16.510862392915172 -16.510862392915172
14.849246231155778 -16.508575039442956 -16.508575039442956 -16.508575039442956 -16.508575039442956 -16.508575039442956 -16.508575039442956 -16.508575039442956 -16.508575039442956 -16.508575039442956 -16.508575039442956 -16.508575039442956 -16.508575039442956 -16.508575039442956
14.924623115577887 -16.50628768597074 -16.50628768597074 -16.50628768597074 -16.50628768597074 -16.50628768597074 -16.50628768597074 -16.50628768597074 -16.50628768597074 -16.50628768597074 -16.50628768597074 -16.50628768597074 -16.50628768597074 -16.50628768597074
15.0 -16.504000332498524 -16.504000332498524 -16.504000332498524 -16.504000332498524 -16.504000332498524 -16.504000332498524 -16.504000332498524 -16.504000332498524 -16.504000332498524 -16.504000332498524 -16.504000332498524 -16.504000332498524 -16.504000332498524
