web/models/kne.last_good/kappa_0.5_3.0.v2/30/villar_0.3304_0.2493_3.0000.dat
# %ECSV 1.0
# ---
# datatype:
# - {name: time, datatype: float64}
# - {name: swift_uvot_uvw2, datatype: float64}
# - {name: swift_uvot_uvm2, datatype: float64}
# - {name: swift_uvot_uvw1, datatype: float64}
# - {name: swift_uvot_U, datatype: float64}
# - {name: swift_uvot_B, datatype: float64}
# - {name: swift_uvot_V, datatype: float64}
# - {name: swift_uvot_W, datatype: float64}
# - {name: johnson_U, datatype: float64}
# - {name: johnson_B, datatype: float64}
# - {name: johnson_V, datatype: float64}
# - {name: johnson_R, datatype: float64}
# - {name: johnson_I, datatype: float64}
# - {name: sdss_u, datatype: float64}
# - {name: sdss_g, datatype: float64}
# - {name: sdss_r, datatype: float64}
# - {name: sdss_i, datatype: float64}
# - {name: sdss_z, datatype: float64}
# - {name: PS1_g, datatype: float64}
# - {name: PS1_r, datatype: float64}
# - {name: PS1_i, datatype: float64}
# - {name: PS1_z, datatype: float64}
# - {name: PS1_Y, datatype: float64}
# - {name: PS1_w, datatype: float64}
# - {name: ATLAS_c, datatype: float64}
# - {name: ATLAS_o, datatype: float64}
# - {name: ukirt_J, datatype: float64}
# - {name: ukirt_H, datatype: float64}
# - {name: ukirt_K, datatype: float64}
# - {name: Clear, datatype: float64}
# meta: !!omap
# - comment: [kappa = 3.0, type = villar, mass = 0.33039895931513485, velocity = 0.24933333333333335, theta_obs = 0.0, tfloor = 2500.0]
# schema: astropy-2.0
time swift_uvot_uvw2 swift_uvot_uvm2 swift_uvot_uvw1 swift_uvot_U swift_uvot_B swift_uvot_V swift_uvot_W johnson_U johnson_B johnson_V johnson_R johnson_I sdss_u sdss_g sdss_r sdss_i sdss_z PS1_g PS1_r PS1_i PS1_z PS1_Y PS1_w ATLAS_c ATLAS_o ukirt_J ukirt_H ukirt_K Clear
[from data line 203]
0.423513 -18.647 -18.554 -18.47 -18.19 -17.899 -17.565 -18.321 -18.148 -17.895 -17.555 -17.199 -16.777 -18.157 -17.793 -17.36 -17.03 -16.715 -17.778 -17.393 -17.072 -16.86 -16.843 -17.411 -17.624 -17.225 -16.073 -15.543 -14.927 -17.479
0.436321 -18.635 -18.552 -18.473 -18.205 -17.919 -17.59 -18.325 -18.164 -17.915 -17.58 -17.226 -16.807 -18.172 -17.815 -17.387 -17.059 -16.745 -17.799 -17.418 -17.099 -16.887 -16.865 -17.436 -17.648 -17.252 -16.106 -15.578 -14.963 -17.503
0.449518 -18.623 -18.548 -18.475 -18.219 -17.939 -17.614 -18.327 -18.179 -17.935 -17.604 -17.254 -16.837 -18.187 -17.836 -17.413 -17.088 -16.776 -17.82 -17.443 -17.126 -16.914 -16.888 -17.461 -17.671 -17.279 -16.139 -15.613 -14.999 -17.527
0.463113 -18.609 -18.543 -18.475 -18.232 -17.958 -17.638 -18.329 -18.193 -17.955 -17.628 -17.281 -16.867 -18.202 -17.857 -17.439 -17.117 -16.806 -17.841 -17.468 -17.153 -16.94 -16.91 -17.486 -17.694 -17.306 -16.172 -15.647 -15.034 -17.551
0.47712 -18.594 -18.538 -18.475 -18.245 -17.977 -17.662 -18.331 -18.207 -17.974 -17.652 -17.308 -16.897 -18.215 -17.878 -17.465 -17.145 -16.837 -17.861 -17.493 -17.179 -16.967 -16.933 -17.51 -17.717 -17.333 -16.205 -15.682 -15.07 -17.574
0.49155 -18.578 -18.531 -18.473 -18.257 -17.996 -17.685 -18.331 -18.22 -17.992 -17.675 -17.334 -16.927 -18.228 -17.898 -17.49 -17.173 -16.867 -17.881 -17.517 -17.206 -16.994 -16.955 -17.534 -17.739 -17.359 -16.238 -15.716 -15.106 -17.597
0.506416 -18.56 -18.523 -18.471 -18.268 -18.014 -17.708 -18.331 -18.233 -18.01 -17.698 -17.361 -16.956 -18.241 -17.917 -17.515 -17.201 -16.896 -17.901 -17.541 -17.232 -17.021 -16.978 -17.558 -17.761 -17.386 -16.271 -15.751 -15.142 -17.619
0.521733 -18.541 -18.513 -18.468 -18.279 -18.031 -17.731 -18.329 -18.245 -18.028 -17.721 -17.387 -16.985 -18.252 -17.937 -17.54 -17.229 -16.926 -17.92 -17.565 -17.258 -17.047 -17.001 -17.581 -17.782 -17.411 -16.304 -15.785 -15.177 -17.642
0.537512 -18.521 -18.503 -18.463 -18.289 -18.048 -17.753 -18.327 -18.256 -18.045 -17.743 -17.413 -17.014 -18.263 -17.955 -17.564 -17.256 -16.956 -17.938 -17.588 -17.284 -17.074 -17.025 -17.604 -17.803 -17.437 -16.336 -15.819 -15.213 -17.663
0.553769 -18.5 -18.491 -18.458 -18.298 -18.065 -17.775 -18.324 -18.266 -18.061 -17.765 -17.438 -17.043 -18.274 -17.974 -17.589 -17.283 -16.985 -17.957 -17.611 -17.31 -17.1 -17.048 -17.627 -17.824 -17.462 -16.369 -15.854 -15.249 -17.685
0.570517 -18.477 -18.478 -18.451 -18.307 -18.08 -17.796 -18.32 -18.276 -18.077 -17.786 -17.463 -17.072 -18.283 -17.991 -17.612 -17.31 -17.014 -17.974 -17.634 -17.336 -17.127 -17.071 -17.649 -17.844 -17.487 -16.401 -15.888 -15.284 -17.706
0.587772 -18.453 -18.463 -18.443 -18.314 -18.096 -17.817 -18.316 -18.285 -18.092 -17.807 -17.488 -17.1 -18.292 -18.008 -17.636 -17.337 -17.043 -17.992 -17.657 -17.361 -17.153 -17.095 -17.671 -17.864 -17.512 -16.433 -15.922 -15.32 -17.726
0.605549 -18.427 -18.447 -18.434 -18.321 -18.11 -17.837 -18.31 -18.293 -18.107 -17.828 -17.513 -17.128 -18.3 -18.025 -17.659 -17.363 -17.072 -18.009 -17.679 -17.387 -17.179 -17.118 -17.693 -17.883 -17.536 -16.465 -15.956 -15.355 -17.747
0.623863 -18.4 -18.43 -18.424 -18.327 -18.125 -17.858 -18.304 -18.301 -18.121 -17.848 -17.537 -17.156 -18.308 -18.041 -17.682 -17.389 -17.1 -18.025 -17.701 -17.412 -17.205 -17.142 -17.714 -17.902 -17.56 -16.497 -15.99 -15.391 -17.767
0.642731 -18.372 -18.411 -18.413 -18.333 -18.138 -17.877 -18.296 -18.308 -18.135 -17.868 -17.561 -17.184 -18.314 -18.057 -17.704 -17.415 -17.129 -18.041 -17.723 -17.436 -17.231 -17.165 -17.735 -17.92 -17.584 -16.529 -16.023 -15.426 -17.786
0.66217 -18.342 -18.391 -18.401 -18.337 -18.151 -17.896 -18.288 -18.314 -18.148 -17.887 -17.585 -17.212 -18.32 -18.072 -17.726 -17.441 -17.157 -18.056 -17.744 -17.461 -17.257 -17.189 -17.755 -17.938 -17.607 -16.561 -16.057 -15.462 -17.805
0.682197 -18.31 -18.369 -18.387 -18.341 -18.163 -17.915 -18.279 -18.319 -18.16 -17.906 -17.608 -17.239 -18.325 -18.087 -17.748 -17.466 -17.185 -18.071 -17.765 -17.485 -17.282 -17.213 -17.776 -17.955 -17.631 -16.593 -16.091 -15.497 -17.824
0.70283 -18.277 -18.346 -18.372 -18.344 -18.175 -17.934 -18.269 -18.323 -18.172 -17.925 -17.631 -17.266 -18.329 -18.101 -17.769 -17.491 -17.212 -18.086 -17.786 -17.509 -17.308 -17.237 -17.795 -17.972 -17.653 -16.624 -16.124 -15.532 -17.842
0.724086 -18.242 -18.321 -18.356 -18.346 -18.186 -17.951 -18.258 -18.327 -18.183 -17.943 -17.654 -17.293 -18.332 -18.114 -17.79 -17.515 -17.24 -18.099 -17.806 -17.533 -17.333 -17.26 -17.814 -17.989 -17.676 -16.655 -16.158 -15.568 -17.859
0.745986 -18.206 -18.295 -18.338 -18.347 -18.196 -17.969 -18.246 -18.329 -18.193 -17.96 -17.676 -17.32 -18.335 -18.127 -17.81 -17.54 -17.267 -18.113 -17.826 -17.557 -17.358 -17.284 -17.833 -18.004 -17.698 -16.687 -16.191 -15.603 -17.877
0.768548 -18.168 -18.267 -18.32 -18.347 -18.206 -17.986 -18.233 -18.331 -18.203 -17.977 -17.698 -17.346 -18.336 -18.139 -17.83 -17.564 -17.294 -18.126 -17.845 -17.58 -17.383 -17.308 -17.851 -18.02 -17.719 -16.718 -16.225 -15.638 -17.893
0.791792 -18.128 -18.238 -18.3 -18.346 -18.215 -18.002 -18.22 -18.332 -18.212 -17.994 -17.72 -17.372 -18.337 -18.15 -17.85 -17.588 -17.321 -18.138 -17.864 -17.603 -17.408 -17.331 -17.869 -18.035 -17.741 -16.749 -16.258 -15.673 -17.91
0.815739 -18.087 -18.207 -18.278 -18.344 -18.224 -18.018 -18.205 -18.332 -18.22 -18.01 -17.741 -17.398 -18.337 -18.161 -17.869 -17.611 -17.347 -18.149 -17.883 -17.626 -17.433 -17.355 -17.887 -18.049 -17.762 -16.78 -16.291 -15.709 -17.926
0.840411 -18.044 -18.174 -18.255 -18.342 -18.231 -18.034 -18.19 -18.331 -18.228 -18.025 -17.762 -17.423 -18.336 -18.172 -17.888 -17.634 -17.373 -18.16 -17.902 -17.649 -17.458 -17.379 -17.904 -18.063 -17.782 -16.81 -16.325 -15.744 -17.941
0.865828 -18.0 -18.14 -18.231 -18.338 -18.238 -18.048 -18.174 -18.329 -18.235 -18.04 -17.783 -17.449 -18.333 -18.182 -17.907 -17.657 -17.399 -18.171 -17.92 -17.671 -17.482 -17.402 -17.921 -18.076 -17.802 -16.841 -16.358 -15.779 -17.956
0.892015 -17.953 -18.104 -18.206 -18.333 -18.245 -18.063 -18.157 -18.327 -18.241 -18.055 -17.803 -17.474 -18.33 -18.191 -17.925 -17.68 -17.425 -18.181 -17.937 -17.693 -17.506 -17.426 -17.937 -18.089 -17.822 -16.872 -16.391 -15.814 -17.971
0.918993 -17.905 -18.066 -18.179 -18.328 -18.25 -18.077 -18.139 -18.323 -18.247 -18.069 -17.823 -17.499 -18.326 -18.199 -17.942 -17.702 -17.451 -18.19 -17.954 -17.715 -17.53 -17.449 -17.953 -18.101 -17.842 -16.902 -16.424 -15.849 -17.985
0.946787 -17.856 -18.026 -18.151 -18.321 -18.255 -18.09 -18.121 -18.318 -18.252 -18.082 -17.842 -17.523 -18.321 -18.207 -17.959 -17.724 -17.476 -18.199 -17.971 -17.736 -17.554 -17.473 -17.968 -18.113 -17.861 -16.932 -16.457 -15.884 -17.998
0.975422 -17.804 -17.985 -18.121 -18.313 -18.259 -18.103 -18.101 -18.313 -18.256 -18.095 -17.861 -17.548 -18.315 -18.214 -17.976 -17.746 -17.501 -18.207 -17.987 -17.757 -17.577 -17.496 -17.983 -18.124 -17.879 -16.962 -16.489 -15.919 -18.011
1.004923 -17.751 -17.942 -18.09 -18.305 -18.262 -18.115 -18.081 -18.306 -18.259 -18.108 -17.88 -17.572 -18.308 -18.22 -17.992 -17.767 -17.526 -18.214 -18.003 -17.778 -17.601 -17.519 -17.997 -18.134 -17.898 -16.992 -16.522 -15.954 -18.024
1.035317 -17.696 -17.898 -18.058 -18.295 -18.265 -18.127 -18.06 -18.298 -18.262 -18.12 -17.898 -17.596 -18.3 -18.226 -18.008 -17.788 -17.551 -18.221 -18.019 -17.799 -17.624 -17.543 -18.011 -18.144 -17.916 -17.022 -16.555 -15.989 -18.036
1.066629 -17.64 -17.851 -18.024 -18.284 -18.267 -18.138 -18.038 -18.29 -18.264 -18.131 -17.916 -17.619 -18.291 -18.231 -18.024 -17.809 -17.575 -18.227 -18.034 -17.819 -17.647 -17.566 -18.024 -18.154 -17.933 -17.052 -16.588 -16.024 -18.048
1.098888 -17.581 -17.803 -17.989 -18.272 -18.268 -18.149 -18.016 -18.28 -18.265 -18.142 -17.933 -17.643 -18.282 -18.236 -18.039 -17.829 -17.6 -18.233 -18.049 -17.839 -17.669 -17.589 -18.037 -18.163 -17.95 -17.082 -16.62 -16.059 -18.059
1.132124 -17.521 -17.753 -17.953 -18.259 -18.268 -18.159 -17.993 -18.27 -18.265 -18.152 -17.951 -17.666 -18.271 -18.239 -18.053 -17.849 -17.624 -18.238 -18.063 -17.859 -17.692 -17.612 -18.05 -18.171 -17.967 -17.111 -16.653 -16.095 -18.07
1.166364 -17.46 -17.702 -17.915 -18.245 -18.267 -18.169 -17.969 -18.258 -18.265 -18.162 -17.967 -17.689 -18.258 -18.242 -18.067 -17.869 -17.647 -18.242 -18.077 -17.878 -17.714 -17.635 -18.062 -18.179 -17.983 -17.141 -16.685 -16.13 -18.08
1.20164 -17.397 -17.648 -17.875 -18.231 -18.266 -18.178 -17.945 -18.246 -18.264 -18.171 -17.984 -17.711 -18.245 -18.245 -18.081 -17.888 -17.671 -18.246 -18.09 -17.897 -17.736 -17.657 -18.074 -18.186 -17.999 -17.17 -16.718 -16.165 -18.09
1.237983 -17.332 -17.593 -17.835 -18.214 -18.264 -18.186 -17.92 -18.232 -18.262 -18.18 -18.0 -17.734 -18.231 -18.246 -18.094 -17.907 -17.694 -18.249 -18.103 -17.916 -17.758 -17.68 -18.085 -18.192 -18.015 -17.199 -16.75 -16.2 -18.099
1.275425 -17.266 -17.537 -17.793 -18.197 -18.261 -18.194 -17.894 -18.217 -18.259 -18.188 -18.016 -17.756 -18.216 -18.247 -18.107 -17.926 -17.717 -18.251 -18.116 -17.935 -17.78 -17.703 -18.096 -18.198 -18.03 -17.229 -16.783 -16.235 -18.108
1.313999 -17.198 -17.478 -17.749 -18.179 -18.258 -18.202 -17.868 -18.202 -18.256 -18.196 -18.031 -17.778 -18.2 -18.248 -18.119 -17.944 -17.74 -18.253 -18.128 -17.953 -17.802 -17.725 -18.106 -18.204 -18.045 -17.258 -16.815 -16.27 -18.117
1.35374 -17.128 -17.418 -17.705 -18.16 -18.254 -18.208 -17.841 -18.185 -18.252 -18.203 -18.046 -17.8 -18.183 -18.247 -18.131 -17.962 -17.763 -18.254 -18.139 -17.971 -17.823 -17.748 -18.116 -18.209 -18.059 -17.287 -16.847 -16.305 -18.125
1.394683 -17.057 -17.356 -17.659 -18.14 -18.248 -18.215 -17.814 -18.168 -18.247 -18.209 -18.061 -17.821 -18.165 -18.247 -18.142 -17.98 -17.785 -18.254 -18.151 -17.989 -17.844 -17.77 -18.125 -18.213 -18.073 -17.316 -16.88 -16.34 -18.132
1.436864 -16.985 -17.293 -17.612 -18.119 -18.243 -18.221 -17.787 -18.149 -18.241 -18.216 -18.075 -17.842 -18.146 -18.245 -18.153 -17.998 -17.807 -18.254 -18.162 -18.006 -17.865 -17.792 -18.135 -18.217 -18.087 -17.344 -16.912 -16.376 -18.14
1.480321 -16.912 -17.228 -17.563 -18.097 -18.236 -18.226 -17.759 -18.13 -18.235 -18.221 -18.089 -17.863 -18.126 -18.243 -18.164 -18.015 -17.829 -18.254 -18.172 -18.023 -17.886 -17.815 -18.143 -18.22 -18.101 -17.373 -16.945 -16.411 -18.146
1.525092 -16.837 -17.161 -17.514 -18.074 -18.229 -18.231 -17.73 -18.11 -18.228 -18.226 -18.102 -17.884 -18.105 -18.24 -18.174 -18.032 -17.851 -18.252 -18.182 -18.04 -17.907 -17.837 -18.152 -18.223 -18.114 -17.402 -16.977 -16.446 -18.153
1.571218 -16.761 -17.093 -17.463 -18.05 -18.221 -18.235 -17.702 -18.089 -18.22 -18.231 -18.116 -17.905 -18.084 -18.236 -18.184 -18.049 -17.873 -18.251 -18.192 -18.057 -17.927 -17.859 -18.16 -18.225 -18.127 -17.431 -17.01 -16.482 -18.159
1.618738 -16.684 -17.024 -17.412 -18.025 -18.213 -18.239 -17.673 -18.067 -18.212 -18.235 -18.129 -17.926 -18.061 -18.232 -18.194 -18.066 -17.895 -18.248 -18.202 -18.074 -17.948 -17.881 -18.167 -18.227 -18.139 -17.459 -17.042 -16.517 -18.165
1.667696 -16.605 -16.953 -17.359 -17.999 -18.204 -18.243 -17.644 -18.044 -18.203 -18.239 -18.142 -17.946 -18.037 -18.228 -18.203 -18.082 -17.916 -18.246 -18.211 -18.09 -17.968 -17.903 -18.175 -18.229 -18.151 -17.488 -17.075 -16.553 -18.171
1.718134 -16.526 -16.881 -17.305 -17.973 -18.194 -18.246 -17.615 -18.02 -18.193 -18.242 -18.154 -17.966 -18.013 -18.223 -18.212 -18.098 -17.938 -18.242 -18.22 -18.106 -17.988 -17.925 -18.182 -18.23 -18.163 -17.517 -17.107 -16.589 -18.176
1.770098 -16.446 -16.807 -17.251 -17.945 -18.184 -18.249 -17.585 -17.996 -18.183 -18.245 -18.167 -17.987 -17.988 -18.217 -18.221 -18.114 -17.959 -18.239 -18.228 -18.122 -18.008 -17.947 -18.189 -18.23 -18.175 -17.546 -17.14 -16.625 -18.181
1.823633 -16.366 -16.733 -17.195 -17.917 -18.173 -18.251 -17.556 -17.971 -18.173 -18.248 -18.179 -18.007 -17.962 -18.211 -18.229 -18.13 -17.98 -18.234 -18.237 -18.138 -18.029 -17.969 -18.195 -18.231 -18.187 -17.574 -17.173 -16.661 -18.186
1.878788 -16.285 -16.657 -17.139 -17.888 -18.162 -18.253 -17.527 -17.945 -18.162 -18.25 -18.191 -18.027 -17.936 -18.205 -18.237 -18.146 -18.001 -18.23 -18.245 -18.153 -18.049 -17.991 -18.202 -18.231 -18.198 -17.603 -17.205 -16.697 -18.191
1.93561 -16.203 -16.58 -17.082 -17.859 -18.15 -18.255 -17.497 -17.919 -18.15 -18.252 -18.202 -18.047 -17.909 -18.198 -18.245 -18.161 -18.022 -18.225 -18.253 -18.169 -18.069 -18.014 -18.208 -18.23 -18.209 -17.632 -17.238 -16.733 -18.195
1.994152 -16.121 -16.503 -17.025 -17.829 -18.138 -18.256 -17.468 -17.892 -18.138 -18.254 -18.214 -18.067 -17.881 -18.191 -18.253 -18.177 -18.043 -18.22 -18.261 -18.185 -18.089 -18.036 -18.214 -18.23 -18.22 -17.661 -17.272 -16.77 -18.2
2.054463 -16.039 -16.425 -16.967 -17.798 -18.126 -18.258 -17.439 -17.865 -18.126 -18.256 -18.226 -18.087 -17.853 -18.184 -18.26 -18.192 -18.064 -18.215 -18.268 -18.2 -18.109 -18.058 -18.22 -18.229 -18.231 -17.69 -17.305 -16.806 -18.204
2.116599 -15.957 -16.346 -16.909 -17.767 -18.113 -18.259 -17.411 -17.837 -18.114 -18.257 -18.237 -18.107 -17.824 -18.176 -18.268 -18.208 -18.086 -18.209 -18.276 -18.216 -18.129 -18.081 -18.226 -18.229 -18.242 -17.719 -17.338 -16.843 -18.209
2.180614 -15.875 -16.266 -16.851 -17.736 -18.1 -18.26 -17.383 -17.809 -18.101 -18.259 -18.249 -18.127 -17.795 -18.168 -18.275 -18.223 -18.107 -18.203 -18.283 -18.231 -18.149 -18.103 -18.232 -18.228 -18.253 -17.748 -17.372 -16.88 -18.213
2.246566 -15.794 -16.187 -16.792 -17.705 -18.087 -18.261 -17.355 -17.781 -18.088 -18.26 -18.261 -18.147 -17.766 -18.16 -18.283 -18.239 -18.128 -18.198 -18.291 -18.247 -18.169 -18.126 -18.238 -18.227 -18.264 -17.778 -17.406 -16.918 -18.218
2.314511 -15.713 -16.107 -16.734 -17.673 -18.074 -18.262 -17.327 -17.752 -18.075 -18.261 -18.272 -18.167 -17.737 -18.152 -18.29 -18.254 -18.15 -18.192 -18.298 -18.263 -18.189 -18.149 -18.245 -18.226 -18.275 -17.808 -17.44 -16.955 -18.223
2.384512 -15.632 -16.026 -16.675 -17.641 -18.061 -18.263 -17.301 -17.724 -18.063 -18.263 -18.284 -18.188 -17.708 -18.144 -18.298 -18.27 -18.171 -18.186 -18.306 -18.279 -18.21 -18.172 -18.251 -18.225 -18.286 -17.838 -17.474 -16.993 -18.228
2.45663 -15.553 -15.946 -16.617 -17.61 -18.048 -18.264 -17.275 -17.696 -18.05 -18.264 -18.296 -18.209 -17.678 -18.137 -18.305 -18.286 -18.193 -18.18 -18.314 -18.295 -18.231 -18.196 -18.258 -18.224 -18.298 -17.868 -17.509 -17.031 -18.233
2.530929 -15.475 -15.867 -16.559 -17.578 -18.035 -18.265 -17.25 -17.667 -18.037 -18.266 -18.308 -18.23 -17.649 -18.129 -18.313 -18.302 -18.215 -18.175 -18.322 -18.311 -18.252 -18.22 -18.265 -18.224 -18.309 -17.898 -17.544 -17.07 -18.239
2.607475 -15.398 -15.788 -16.502 -17.547 -18.022 -18.267 -17.225 -17.64 -18.025 -18.268 -18.321 -18.251 -17.62 -18.122 -18.322 -18.319 -18.238 -18.17 -18.33 -18.328 -18.274 -18.244 -18.272 -18.224 -18.321 -17.929 -17.579 -17.109 -18.245
2.686337 -15.323 -15.709 -16.446 -17.516 -18.01 -18.269 -17.202 -17.612 -18.013 -18.27 -18.334 -18.273 -17.592 -18.115 -18.33 -18.336 -18.261 -18.165 -18.339 -18.345 -18.295 -18.268 -18.279 -18.224 -18.334 -17.96 -17.615 -17.148 -18.251
2.767583 -15.249 -15.631 -16.39 -17.486 -17.998 -18.271 -17.18 -17.585 -18.002 -18.273 -18.347 -18.295 -17.564 -18.108 -18.339 -18.353 -18.284 -18.161 -18.348 -18.362 -18.318 -18.293 -18.288 -18.225 -18.346 -17.992 -17.651 -17.187 -18.258
2.851287 -15.178 -15.555 -16.336 -17.457 -17.987 -18.274 -17.159 -17.559 -17.991 -18.277 -18.361 -18.317 -17.536 -18.102 -18.349 -18.371 -18.308 -18.157 -18.358 -18.38 -18.34 -18.319 -18.296 -18.226 -18.36 -18.024 -17.687 -17.227 -18.266
2.937522 -15.108 -15.479 -16.283 -17.428 -17.977 -18.277 -17.139 -17.533 -17.981 -18.281 -18.376 -18.341 -17.51 -18.097 -18.359 -18.389 -18.332 -18.154 -18.368 -18.398 -18.364 -18.345 -18.306 -18.228 -18.373 -18.057 -17.724 -17.268 -18.275
