web/models/kne.last_good/kappa_0.5_3.0.v2/30/villar_0.0015_0.3590_3.0000.dat
# %ECSV 1.0
# ---
# datatype:
# - {name: time, datatype: float64}
# - {name: swift_uvot_uvw2, datatype: float64}
# - {name: swift_uvot_uvm2, datatype: float64}
# - {name: swift_uvot_uvw1, datatype: float64}
# - {name: swift_uvot_U, datatype: float64}
# - {name: swift_uvot_B, datatype: float64}
# - {name: swift_uvot_V, datatype: float64}
# - {name: swift_uvot_W, datatype: float64}
# - {name: johnson_U, datatype: float64}
# - {name: johnson_B, datatype: float64}
# - {name: johnson_V, datatype: float64}
# - {name: johnson_R, datatype: float64}
# - {name: johnson_I, datatype: float64}
# - {name: sdss_u, datatype: float64}
# - {name: sdss_g, datatype: float64}
# - {name: sdss_r, datatype: float64}
# - {name: sdss_i, datatype: float64}
# - {name: sdss_z, datatype: float64}
# - {name: PS1_g, datatype: float64}
# - {name: PS1_r, datatype: float64}
# - {name: PS1_i, datatype: float64}
# - {name: PS1_z, datatype: float64}
# - {name: PS1_Y, datatype: float64}
# - {name: PS1_w, datatype: float64}
# - {name: ATLAS_c, datatype: float64}
# - {name: ATLAS_o, datatype: float64}
# - {name: ukirt_J, datatype: float64}
# - {name: ukirt_H, datatype: float64}
# - {name: ukirt_K, datatype: float64}
# - {name: Clear, datatype: float64}
# meta: !!omap
# - comment: [kappa = 3.0, type = villar, mass = 0.001513321957917195, velocity = 0.359, theta_obs = 0.0, tfloor = 2500.0]
# schema: astropy-2.0
time swift_uvot_uvw2 swift_uvot_uvm2 swift_uvot_uvw1 swift_uvot_U swift_uvot_B swift_uvot_V swift_uvot_W johnson_U johnson_B johnson_V johnson_R johnson_I sdss_u sdss_g sdss_r sdss_i sdss_z PS1_g PS1_r PS1_i PS1_z PS1_Y PS1_w ATLAS_c ATLAS_o ukirt_J ukirt_H ukirt_K Clear
[from data line 278]
3.957158 -2.733 2.465 1.499 -0.204 -2.991 -4.993 -3.108 -0.701 -3.122 -5.111 -6.696 -7.773 -0.478 -3.841 -5.97 -7.094 -7.865 -4.816 -6.139 -7.173 -7.789 -8.248 -6.293 -5.054 -6.606 -8.776 -9.097 -9.157 -6.753
4.07684 -2.655 2.544 1.578 -0.125 -2.912 -4.914 -3.029 -0.622 -3.043 -5.032 -6.617 -7.694 -0.399 -3.762 -5.891 -7.015 -7.786 -4.737 -6.06 -7.094 -7.71 -8.169 -6.214 -4.975 -6.527 -8.698 -9.018 -9.078 -6.674
4.200141 -2.576 2.623 1.657 -0.046 -2.833 -4.835 -2.95 -0.543 -2.964 -4.953 -6.538 -7.615 -0.32 -3.683 -5.812 -6.936 -7.707 -4.658 -5.981 -7.015 -7.631 -8.09 -6.135 -4.896 -6.448 -8.618 -8.939 -8.999 -6.595
4.327172 -2.496 2.702 1.736 0.033 -2.753 -4.756 -2.871 -0.464 -2.885 -4.874 -6.459 -7.536 -0.241 -3.604 -5.733 -6.857 -7.628 -4.578 -5.902 -6.936 -7.552 -8.011 -6.056 -4.817 -6.369 -8.539 -8.86 -8.92 -6.516
4.458044 -2.417 2.781 1.816 0.113 -2.674 -4.676 -2.792 -0.384 -2.805 -4.795 -6.38 -7.456 -0.161 -3.524 -5.653 -6.778 -7.549 -4.499 -5.823 -6.856 -7.472 -7.931 -5.976 -4.738 -6.29 -8.46 -8.78 -8.841 -6.436
4.592874 -2.338 2.861 1.895 0.192 -2.595 -4.597 -2.712 -0.305 -2.726 -4.715 -6.3 -7.377 -0.082 -3.445 -5.574 -6.698 -7.469 -4.42 -5.743 -6.777 -7.393 -7.852 -5.897 -4.658 -6.21 -8.38 -8.701 -8.761 -6.357
4.731783 -2.258 2.941 1.975 0.272 -2.515 -4.517 -2.633 -0.225 -2.646 -4.636 -6.22 -7.297 -0.002 -3.365 -5.494 -6.619 -7.39 -4.34 -5.663 -6.697 -7.313 -7.772 -5.817 -4.579 -6.131 -8.301 -8.621 -8.682 -6.277
4.874892 -2.178 3.02 2.054 0.352 -2.435 -4.437 -2.553 -0.145 -2.566 -4.556 -6.141 -7.217 0.078 -3.286 -5.414 -6.539 -7.31 -4.26 -5.584 -6.618 -7.233 -7.692 -5.737 -4.499 -6.051 -8.221 -8.541 -8.602 -6.197
5.02233 -2.098 3.1 2.134 0.432 -2.355 -4.357 -2.473 -0.065 -2.486 -4.476 -6.061 -7.138 0.157 -3.206 -5.334 -6.459 -7.23 -4.18 -5.504 -6.538 -7.153 -7.612 -5.657 -4.419 -5.971 -8.141 -8.461 -8.522 -6.117
5.174227 -2.018 3.18 2.215 0.512 -2.275 -4.277 -2.393 0.015 -2.406 -4.396 -5.981 -7.057 0.238 -3.125 -5.254 -6.379 -7.15 -4.1 -5.424 -6.457 -7.073 -7.532 -5.577 -4.339 -5.891 -8.061 -8.381 -8.442 -6.037
5.330718 -1.938 3.261 2.295 0.592 -2.195 -4.197 -2.313 0.095 -2.326 -4.315 -5.9 -6.977 0.318 -3.045 -5.174 -6.299 -7.069 -4.02 -5.343 -6.377 -6.993 -7.452 -5.497 -4.259 -5.811 -7.981 -8.301 -8.362 -5.957
5.491942 -1.857 3.341 2.375 0.672 -2.115 -4.117 -2.232 0.175 -2.246 -4.235 -5.82 -6.897 0.398 -2.965 -5.094 -6.218 -6.989 -3.94 -5.263 -6.297 -6.913 -7.372 -5.417 -4.178 -5.73 -7.9 -8.221 -8.281 -5.877
5.658042 -1.777 3.422 2.456 0.753 -2.034 -4.036 -2.152 0.256 -2.165 -4.155 -5.739 -6.816 0.479 -2.884 -5.013 -6.138 -6.909 -3.859 -5.182 -6.216 -6.832 -7.291 -5.336 -4.098 -5.65 -7.82 -8.14 -8.201 -5.796
5.829166 -1.696 3.502 2.536 0.833 -1.953 -3.956 -2.071 0.337 -2.084 -4.074 -5.659 -6.736 0.559 -2.804 -4.932 -6.057 -6.828 -3.778 -5.102 -6.136 -6.751 -7.211 -5.255 -4.017 -5.569 -7.739 -8.059 -8.12 -5.716
6.005465 -1.616 3.583 2.617 0.914 -1.873 -3.875 -1.99 0.417 -2.004 -3.993 -5.578 -6.655 0.64 -2.723 -4.852 -5.976 -6.747 -3.698 -5.021 -6.055 -6.671 -7.13 -5.175 -3.936 -5.488 -7.658 -7.979 -8.039 -5.635
6.187096 -1.535 3.664 2.698 0.995 -1.792 -3.794 -1.909 0.498 -1.923 -3.912 -5.497 -6.574 0.721 -2.642 -4.771 -5.895 -6.666 -3.617 -4.94 -5.974 -6.59 -7.049 -5.094 -3.855 -5.407 -7.577 -7.898 -7.958 -5.554
6.37422 -1.454 3.745 2.779 1.076 -1.711 -3.713 -1.828 0.579 -1.842 -3.831 -5.416 -6.493 0.802 -2.561 -4.69 -5.814 -6.585 -3.536 -4.859 -5.893 -6.509 -6.968 -5.013 -3.774 -5.326 -7.496 -7.817 -7.877 -5.473
6.567004 -1.372 3.826 2.86 1.157 -1.629 -3.632 -1.747 0.66 -1.761 -3.75 -5.335 -6.412 0.883 -2.48 -4.609 -5.733 -6.504 -3.454 -4.778 -5.812 -6.428 -6.887 -4.932 -3.693 -5.245 -7.415 -7.736 -7.796 -5.392
6.765619 -1.291 3.907 2.941 1.239 -1.548 -3.55 -1.666 0.742 -1.679 -3.669 -5.254 -6.331 0.964 -2.399 -4.527 -5.652 -6.423 -3.373 -4.697 -5.731 -6.346 -6.805 -4.85 -3.612 -5.164 -7.334 -7.654 -7.715 -5.31
6.97024 -1.21 3.989 3.023 1.32 -1.467 -3.469 -1.585 0.823 -1.598 -3.587 -5.172 -6.249 1.046 -2.317 -4.446 -5.571 -6.341 -3.292 -4.615 -5.649 -6.265 -6.724 -4.769 -3.531 -5.083 -7.253 -7.573 -7.633 -5.229
7.181051 -1.128 4.07 3.104 1.402 -1.385 -3.387 -1.503 0.905 -1.516 -3.506 -5.091 -6.168 1.127 -2.236 -4.364 -5.489 -6.26 -3.21 -4.534 -5.568 -6.183 -6.643 -4.687 -3.449 -5.001 -7.171 -7.491 -7.552 -5.147
7.398237 -1.047 4.152 3.186 1.483 -1.304 -3.306 -1.421 0.986 -1.435 -3.424 -5.009 -6.086 1.209 -2.154 -4.283 -5.407 -6.178 -3.129 -4.452 -5.486 -6.102 -6.561 -4.606 -3.367 -4.919 -7.089 -7.41 -7.47 -5.066
7.621991 -0.965 4.234 3.268 1.565 -1.222 -3.224 -1.34 1.068 -1.353 -3.342 -4.927 -6.004 1.291 -2.072 -4.201 -5.326 -6.096 -3.047 -4.37 -5.404 -6.02 -6.479 -4.524 -3.286 -4.838 -7.008 -7.328 -7.389 -4.984
7.852513 -0.883 4.315 3.35 1.647 -1.14 -3.142 -1.258 1.15 -1.271 -3.261 -4.845 -5.922 1.373 -1.99 -4.119 -5.244 -6.015 -2.965 -4.289 -5.322 -5.938 -6.397 -4.442 -3.204 -4.756 -6.926 -7.246 -7.307 -4.902
8.090007 -0.801 4.397 3.432 1.729 -1.058 -3.06 -1.176 1.232 -1.189 -3.179 -4.764 -5.84 1.455 -1.908 -4.037 -5.162 -5.933 -2.883 -4.207 -5.24 -5.856 -6.315 -4.36 -3.122 -4.674 -6.844 -7.164 -7.225 -4.82
8.334684 -0.719 4.48 3.514 1.811 -0.976 -2.978 -1.094 1.314 -1.107 -3.097 -4.681 -5.758 1.537 -1.826 -3.955 -5.08 -5.851 -2.801 -4.124 -5.158 -5.774 -6.233 -4.278 -3.04 -4.592 -6.762 -7.082 -7.143 -4.738
8.586761 -0.637 4.562 3.596 1.893 -0.894 -2.896 -1.012 1.396 -1.025 -3.014 -4.599 -5.676 1.619 -1.744 -3.873 -4.998 -5.768 -2.719 -4.042 -5.076 -5.692 -6.151 -4.196 -2.958 -4.51 -6.68 -7.0 -7.06 -4.656
8.846461 -0.554 4.644 3.678 1.975 -0.812 -2.814 -0.929 1.478 -0.943 -2.932 -4.517 -5.594 1.701 -1.662 -3.791 -4.915 -5.686 -2.637 -3.96 -4.994 -5.61 -6.069 -4.114 -2.875 -4.427 -6.597 -6.918 -6.978 -4.574
9.114017 -0.472 4.726 3.761 2.058 -0.729 -2.731 -0.847 1.561 -0.86 -2.85 -4.435 -5.511 1.784 -1.579 -3.708 -4.833 -5.604 -2.554 -3.878 -4.911 -5.527 -5.986 -4.031 -2.793 -4.345 -6.515 -6.835 -6.896 -4.491
9.389664 -0.39 4.809 3.843 2.14 -0.647 -2.649 -0.764 1.643 -0.778 -2.767 -4.352 -5.429 1.866 -1.497 -3.626 -4.75 -5.521 -2.472 -3.795 -4.829 -5.445 -5.904 -3.949 -2.71 -4.262 -6.432 -6.753 -6.813 -4.409
9.673648 -0.307 4.891 3.926 2.223 -0.564 -2.566 -0.682 1.726 -0.695 -2.685 -4.269 -5.346 1.949 -1.414 -3.543 -4.668 -5.439 -2.389 -3.713 -4.746 -5.362 -5.821 -3.866 -2.628 -4.18 -6.35 -6.67 -6.731 -4.326
9.966221 -0.224 4.974 4.008 2.305 -0.481 -2.484 -0.599 1.809 -0.612 -2.602 -4.187 -5.264 2.031 -1.332 -3.46 -4.585 -5.356 -2.306 -3.63 -4.664 -5.279 -5.739 -3.783 -2.545 -4.097 -6.267 -6.587 -6.648 -4.244
10.267642 -0.141 5.057 4.091 2.388 -0.399 -2.401 -0.516 1.891 -0.53 -2.519 -4.104 -5.181 2.114 -1.249 -3.378 -4.502 -5.273 -2.224 -3.547 -4.581 -5.197 -5.656 -3.701 -2.462 -4.014 -6.184 -6.505 -6.565 -4.161
10.57818 -0.059 5.14 4.174 2.471 -0.316 -2.318 -0.433 1.974 -0.447 -2.436 -4.021 -5.098 2.197 -1.166 -3.295 -4.419 -5.19 -2.141 -3.464 -4.498 -5.114 -5.573 -3.618 -2.379 -3.931 -6.102 -6.422 -6.482 -4.078
10.89811 0.024 5.223 4.257 2.554 -0.233 -2.235 -0.35 2.057 -0.364 -2.353 -3.938 -5.015 2.28 -1.083 -3.212 -4.336 -5.107 -2.058 -3.381 -4.415 -5.031 -5.49 -3.535 -2.296 -3.848 -6.019 -6.339 -6.399 -3.995
11.227716 0.107 5.306 4.34 2.637 -0.15 -2.152 -0.267 2.14 -0.281 -2.27 -3.855 -4.932 2.363 -1.0 -3.129 -4.253 -5.024 -1.975 -3.298 -4.332 -4.948 -5.407 -3.452 -2.213 -3.765 -5.935 -6.256 -6.316 -3.912
11.56729 0.191 5.389 4.423 2.72 -0.067 -2.069 -0.184 2.223 -0.198 -2.187 -3.772 -4.849 2.446 -0.917 -3.046 -4.17 -4.941 -1.892 -3.215 -4.249 -4.865 -5.324 -3.369 -2.13 -3.682 -5.852 -6.173 -6.233 -3.829
11.917135 0.274 5.472 4.506 2.804 0.017 -1.985 -0.101 2.307 -0.114 -2.104 -3.689 -4.766 2.529 -0.834 -2.962 -4.087 -4.858 -1.808 -3.132 -4.166 -4.781 -5.241 -3.285 -2.047 -3.599 -5.769 -6.089 -6.15 -3.745
12.277561 0.357 5.556 4.59 2.887 0.1 -1.902 -0.018 2.39 -0.031 -2.021 -3.605 -4.682 2.613 -0.75 -2.879 -4.004 -4.775 -1.725 -3.048 -4.082 -4.698 -5.157 -3.202 -1.964 -3.516 -5.686 -6.006 -6.067 -3.662
12.648887 0.441 5.639 4.673 2.97 0.183 -1.819 0.066 2.473 0.052 -1.937 -3.522 -4.599 2.696 -0.667 -2.796 -3.92 -4.691 -1.642 -2.965 -3.999 -4.615 -5.074 -3.119 -1.88 -3.432 -5.602 -5.923 -5.983 -3.579
13.031444 0.524 5.722 4.757 3.054 0.267 -1.735 0.149 2.557 0.136 -1.854 -3.438 -4.515 2.78 -0.583 -2.712 -3.837 -4.608 -1.558 -2.882 -3.915 -4.531 -4.99 -3.035 -1.797 -3.349 -5.519 -5.839 -5.9 -3.495
13.425571 0.608 5.806 4.84 3.137 0.351 -1.652 0.233 2.64 0.22 -1.77 -3.355 -4.432 2.863 -0.5 -2.629 -3.753 -4.524 -1.474 -2.798 -3.832 -4.448 -4.907 -2.952 -1.713 -3.265 -5.435 -5.756 -5.816 -3.412
13.831619 0.691 5.89 4.924 3.221 0.434 -1.568 0.316 2.724 0.303 -1.686 -3.271 -4.348 2.947 -0.416 -2.545 -3.67 -4.44 -1.391 -2.714 -3.748 -4.364 -4.823 -2.868 -1.63 -3.182 -5.352 -5.672 -5.732 -3.328
14.249947 0.775 5.973 5.008 3.305 0.518 -1.484 0.4 2.808 0.387 -1.603 -3.188 -4.264 3.031 -0.332 -2.461 -3.586 -4.357 -1.307 -2.631 -3.664 -4.28 -4.739 -2.784 -1.546 -3.098 -5.268 -5.588 -5.649 -3.244
14.680926 0.859 6.057 5.091 3.389 0.602 -1.4 0.484 2.892 0.471 -1.519 -3.104 -4.181 3.114 -0.249 -2.377 -3.502 -4.273 -1.223 -2.547 -3.581 -4.196 -4.656 -2.7 -1.462 -3.014 -5.184 -5.504 -5.565 -3.16
15.124941 0.943 6.141 5.175 3.472 0.686 -1.317 0.568 2.976 0.555 -1.435 -3.02 -4.097 3.198 -0.165 -2.293 -3.418 -4.189 -1.139 -2.463 -3.497 -4.112 -4.572 -2.616 -1.378 -2.93 -5.1 -5.42 -5.481 -3.077
15.582385 1.027 6.225 5.259 3.556 0.77 -1.233 0.652 3.06 0.639 -1.351 -2.936 -4.013 3.282 -0.081 -2.209 -3.334 -4.105 -1.055 -2.379 -3.413 -4.028 -4.488 -2.533 -1.294 -2.846 -5.016 -5.336 -5.397 -2.993
16.053663 1.111 6.309 5.343 3.64 0.854 -1.149 0.736 3.144 0.723 -1.267 -2.852 -3.929 3.366 0.003 -2.125 -3.25 -4.021 -0.971 -2.295 -3.329 -3.944 -4.404 -2.448 -1.21 -2.762 -4.932 -5.252 -5.313 -2.909
16.539195 1.195 6.393 5.427 3.725 0.938 -1.064 0.82 3.228 0.807 -1.183 -2.768 -3.845 3.45 0.087 -2.041 -3.166 -3.937 -0.887 -2.211 -3.245 -3.86 -4.319 -2.364 -1.126 -2.678 -4.848 -5.168 -5.229 -2.824
17.039412 1.279 6.477 5.512 3.809 1.022 -0.98 0.904 3.312 0.891 -1.099 -2.683 -3.76 3.535 0.172 -1.957 -3.082 -3.853 -0.803 -2.127 -3.16 -3.776 -4.235 -2.28 -1.042 -2.594 -4.764 -5.084 -5.145 -2.74
17.554757 1.363 6.562 5.596 3.893 1.106 -0.896 0.988 3.396 0.975 -1.014 -2.599 -3.676 3.619 0.256 -1.873 -2.998 -3.768 -0.719 -2.042 -3.076 -3.692 -4.151 -2.196 -0.958 -2.51 -4.68 -5.0 -5.06 -2.656
18.085689 1.448 6.646 5.68 3.977 1.191 -0.812 1.073 3.481 1.06 -0.93 -2.515 -3.592 3.703 0.34 -1.789 -2.913 -3.684 -0.634 -1.958 -2.992 -3.608 -4.067 -2.112 -0.873 -2.425 -4.595 -4.916 -4.976 -2.572
18.632678 1.532 6.73 5.765 4.062 1.275 -0.727 1.157 3.565 1.144 -0.846 -2.431 -3.507 3.788 0.425 -1.704 -2.829 -3.6 -0.55 -1.874 -2.907 -3.523 -3.982 -2.027 -0.789 -2.341 -4.511 -4.831 -4.892 -2.487
19.196211 1.616 6.815 5.849 4.146 1.359 -0.643 1.242 3.649 1.228 -0.761 -2.346 -3.423 3.872 0.509 -1.62 -2.744 -3.515 -0.466 -1.789 -2.823 -3.439 -3.898 -1.943 -0.704 -2.256 -4.426 -4.747 -4.807 -2.403
19.776787 1.701 6.899 5.934 4.231 1.444 -0.558 1.326 3.734 1.313 -0.677 -2.261 -3.338 3.957 0.594 -1.535 -2.66 -3.431 -0.381 -1.705 -2.738 -3.354 -3.813 -1.858 -0.62 -2.172 -4.342 -4.662 -4.723 -2.318
20.374923 1.786 6.984 6.018 4.315 1.529 -0.474 1.411 3.819 1.398 -0.592 -2.177 -3.254 4.041 0.678 -1.451 -2.575 -3.346 -0.296 -1.62 -2.654 -3.27 -3.729 -1.774 -0.535 -2.087 -4.257 -4.578 -4.638 -2.234
20.991149 1.87 7.069 6.103 4.4 1.613 -0.389 1.495 3.903 1.482 -0.507 -2.092 -3.169 4.126 0.763 -1.366 -2.491 -3.261 -0.212 -1.535 -2.569 -3.185 -3.644 -1.689 -0.451 -2.003 -4.173 -4.493 -4.553 -2.149
21.626011 1.955 7.153 6.188 4.485 1.698 -0.304 1.58 3.988 1.567 -0.423 -2.007 -3.084 4.211 0.848 -1.281 -2.406 -3.177 -0.127 -1.451 -2.484 -3.1 -3.559 -1.604 -0.366 -1.918 -4.088 -4.408 -4.469 -2.064
22.280075 2.04 7.238 6.272 4.57 1.783 -0.219 1.665 4.073 1.652 -0.338 -1.923 -3.0 4.295 0.932 -1.196 -2.321 -3.092 -0.042 -1.366 -2.4 -3.015 -3.474 -1.519 -0.281 -1.833 -4.003 -4.323 -4.384 -1.979
22.953921 2.125 7.323 6.357 4.654 1.868 -0.135 1.75 4.158 1.737 -0.253 -1.838 -2.915 4.38 1.017 -1.111 -2.236 -3.007 0.043 -1.281 -2.315 -2.93 -3.39 -1.435 -0.196 -1.748 -3.918 -4.238 -4.299 -1.895
23.648147 2.21 7.408 6.442 4.739 1.953 -0.05 1.835 4.242 1.822 -0.168 -1.753 -2.83 4.465 1.102 -1.027 -2.151 -2.922 0.128 -1.196 -2.23 -2.846 -3.305 -1.35 -0.111 -1.663 -3.833 -4.154 -4.214 -1.81
24.363369 2.295 7.493 6.527 4.824 2.038 0.035 1.92 4.327 1.906 -0.083 -1.668 -2.745 4.55 1.187 -0.942 -2.066 -2.837 0.212 -1.111 -2.145 -2.761 -3.22 -1.265 -0.026 -1.578 -3.748 -4.069 -4.129 -1.725
25.100222 2.38 7.578 6.612 4.909 2.123 0.12 2.005 4.413 1.992 0.002 -1.583 -2.66 4.635 1.272 -0.857 -1.981 -2.752 0.298 -1.026 -2.06 -2.676 -3.135 -1.18 0.059 -1.493 -3.663 -3.984 -4.044 -1.64
25.859362 2.465 7.663 6.697 4.994 2.208 0.205 2.09 4.498 2.077 0.087 -1.498 -2.575 4.72 1.357 -0.771 -1.896 -2.667 0.383 -0.941 -1.975 -2.59 -3.05 -1.094 0.144 -1.408 -3.578 -3.898 -3.959 -1.555
26.64146 2.55 7.748 6.782 5.08 2.293 0.291 2.175 4.583 2.162 0.172 -1.413 -2.489 4.805 1.442 -0.686 -1.811 -2.582 0.468 -0.856 -1.89 -2.505 -2.964 -1.009 0.229 -1.323 -3.493 -3.813 -3.874 -1.469
27.447213 2.635 7.834 6.868 5.165 2.378 0.376 2.26 4.668 2.247 0.257 -1.327 -2.404 4.891 1.528 -0.601 -1.726 -2.497 0.553 -0.77 -1.804 -2.42 -2.879 -0.924 0.314 -1.238 -3.408 -3.728 -3.789 -1.384
28.277335 2.72 7.919 6.953 5.25 2.463 0.461 2.346 4.753 2.332 0.343 -1.242 -2.319 4.976 1.613 -0.516 -1.64 -2.411 0.638 -0.685 -1.719 -2.335 -2.794 -0.839 0.4 -1.152 -3.323 -3.643 -3.703 -1.299
29.132564 2.806 8.004 7.038 5.335 2.549 0.546 2.431 4.839 2.418 0.428 -1.157 -2.234 5.061 1.698 -0.43 -1.555 -2.326 0.724 -0.6 -1.634 -2.249 -2.709 -0.753 0.485 -1.067 -3.237 -3.557 -3.618 -1.214
30.013659 2.891 8.09 7.124 5.421 2.634 0.632 2.516 4.924 2.503 0.513 -1.071 -2.148 5.147 1.784 -0.345 -1.47 -2.241 0.809 -0.514 -1.548 -2.164 -2.623 -0.668 0.57 -0.982 -3.152 -3.472 -3.533 -1.128
30.921401 2.977 8.175 7.209 5.506 2.719 0.717 2.602 5.009 2.588 0.599 -0.986 -2.063 5.232 1.869 -0.26 -1.384 -2.155 0.894 -0.429 -1.463 -2.079 -2.538 -0.583 0.656 -0.896 -3.066 -3.387 -3.447 -1.043
31.856598 3.062 8.26 7.295 5.592 2.805 0.803 2.687 5.095 2.674 0.684 -0.901 -1.977 5.318 1.955 -0.174 -1.299 -2.07 0.98 -0.344 -1.377 -1.993 -2.452 -0.497 0.741 -0.811 -2.981 -3.301 -3.362 -0.957
32.820079 3.148 8.346 7.38 5.677 2.89 0.888 2.773 5.18 2.759 0.77 -0.815 -1.892 5.403 2.04 -0.089 -1.213 -1.984 1.065 -0.258 -1.292 -1.908 -2.367 -0.412 0.827 -0.725 -2.895 -3.216 -3.276 -0.872
33.8127 3.233 8.432 7.466 5.763 2.976 0.974 2.858 5.266 2.845 0.855 -0.729 -1.806 5.489 2.126 -0.003 -1.128 -1.899 1.151 -0.172 -1.206 -1.822 -2.281 -0.326 0.912 -0.64 -2.81 -3.13 -3.191 -0.786
34.835342 3.319 8.517 7.551 5.849 3.062 1.06 2.944 5.352 2.931 0.941 -0.644 -1.721 5.574 2.211 0.083 -1.042 -1.813 1.237 -0.087 -1.121 -1.736 -2.196 -0.24 0.998 -0.554 -2.724 -3.044 -3.105 -0.7
35.888913 3.404 8.603 7.637 5.934 3.147 1.145 3.03 5.437 3.016 1.027 -0.558 -1.635 5.66 2.297 0.168 -0.956 -1.727 1.322 -0.001 -1.035 -1.651 -2.11 -0.155 1.084 -0.468 -2.638 -2.959 -3.019 -0.615
36.974349 3.49 8.689 7.723 6.02 3.233 1.231 3.115 5.523 3.102 1.113 -0.472 -1.549 5.746 2.383 0.254 -0.871 -1.641 1.408 0.085 -0.949 -1.565 -2.024 -0.069 1.169 -0.383 -2.553 -2.873 -2.934 -0.529
38.092613 3.576 8.774 7.809 6.106 3.319 1.317 3.201 5.609 3.188 1.198 -0.386 -1.463 5.832 2.469 0.34 -0.785 -1.556 1.494 0.17 -0.863 -1.479 -1.938 0.017 1.255 -0.297 -2.467 -2.787 -2.848 -0.443
39.244698 3.662 8.86 7.894 6.192 3.405 1.403 3.287 5.695 3.274 1.284 -0.301 -1.377 5.917 2.554 0.426 -0.699 -1.47 1.58 0.256 -0.778 -1.393 -1.852 0.103 1.341 -0.211 -2.381 -2.701 -2.762 -0.357
40.431627 3.748 8.946 7.98 6.278 3.491 1.489 3.373 5.781 3.36 1.37 -0.215 -1.292 6.003 2.64 0.512 -0.613 -1.384 1.666 0.342 -0.692 -1.307 -1.767 0.189 1.427 -0.125 -2.295 -2.615 -2.676 -0.272
