web/models/kne.last_good/kappa_0.5_3.0.v2/30/villar_0.0148_0.1397_3.0000.dat
# %ECSV 1.0
# ---
# datatype:
# - {name: time, datatype: float64}
# - {name: swift_uvot_uvw2, datatype: float64}
# - {name: swift_uvot_uvm2, datatype: float64}
# - {name: swift_uvot_uvw1, datatype: float64}
# - {name: swift_uvot_U, datatype: float64}
# - {name: swift_uvot_B, datatype: float64}
# - {name: swift_uvot_V, datatype: float64}
# - {name: swift_uvot_W, datatype: float64}
# - {name: johnson_U, datatype: float64}
# - {name: johnson_B, datatype: float64}
# - {name: johnson_V, datatype: float64}
# - {name: johnson_R, datatype: float64}
# - {name: johnson_I, datatype: float64}
# - {name: sdss_u, datatype: float64}
# - {name: sdss_g, datatype: float64}
# - {name: sdss_r, datatype: float64}
# - {name: sdss_i, datatype: float64}
# - {name: sdss_z, datatype: float64}
# - {name: PS1_g, datatype: float64}
# - {name: PS1_r, datatype: float64}
# - {name: PS1_i, datatype: float64}
# - {name: PS1_z, datatype: float64}
# - {name: PS1_Y, datatype: float64}
# - {name: PS1_w, datatype: float64}
# - {name: ATLAS_c, datatype: float64}
# - {name: ATLAS_o, datatype: float64}
# - {name: ukirt_J, datatype: float64}
# - {name: ukirt_H, datatype: float64}
# - {name: ukirt_K, datatype: float64}
# - {name: Clear, datatype: float64}
# meta: !!omap
# - comment: [kappa = 3.0, type = villar, mass = 0.014775890654408853, velocity = 0.13966666666666672, theta_obs = 0.0, tfloor = 2500.0]
# schema: astropy-2.0
time swift_uvot_uvw2 swift_uvot_uvm2 swift_uvot_uvw1 swift_uvot_U swift_uvot_B swift_uvot_V swift_uvot_W johnson_U johnson_B johnson_V johnson_R johnson_I sdss_u sdss_g sdss_r sdss_i sdss_z PS1_g PS1_r PS1_i PS1_z PS1_Y PS1_w ATLAS_c ATLAS_o ukirt_J ukirt_H ukirt_K Clear
0.001 -17.23 -13.722 -10.474 -9.751 -9.257 -8.767 -10.34 -9.674 -9.253 -8.755 -8.29 -7.767 -9.686 -9.1 -8.492 -8.072 -7.689 -14.282 -14.075 -14.094 -14.506 -15.497 -8.591 -8.864 -8.323 -6.948 -6.364 -5.7 -8.702
0.00103 -17.205 -13.7 -10.496 -9.772 -9.278 -8.789 -10.362 -9.696 -9.275 -8.777 -8.312 -7.789 -9.708 -9.121 -8.514 -8.094 -7.711 -14.257 -14.05 -14.069 -14.481 -15.471 -8.613 -8.886 -8.345 -6.97 -6.386 -5.722 -8.724
0.001061 -17.181 -13.678 -10.519 -9.795 -9.301 -8.812 -10.384 -9.719 -9.297 -8.8 -8.335 -7.812 -9.731 -9.144 -8.537 -8.117 -7.734 -14.233 -14.026 -14.045 -14.456 -15.447 -8.636 -8.909 -8.368 -6.993 -6.409 -5.745 -8.747
0.001094 -17.157 -13.657 -10.542 -9.819 -9.325 -8.835 -10.408 -9.743 -9.321 -8.824 -8.359 -7.836 -9.755 -9.168 -8.561 -8.141 -7.758 -14.209 -14.002 -14.021 -14.432 -15.423 -8.66 -8.933 -8.392 -7.017 -6.433 -5.769 -8.77
0.001127 -17.133 -13.637 -10.567 -9.843 -9.35 -8.86 -10.432 -9.767 -9.346 -8.848 -8.383 -7.861 -9.779 -9.193 -8.586 -8.165 -7.783 -14.186 -13.978 -13.997 -14.408 -15.399 -8.685 -8.957 -8.417 -7.042 -6.458 -5.794 -8.795
0.001161 -17.11 -13.617 -10.592 -9.869 -9.375 -8.886 -10.458 -9.793 -9.372 -8.874 -8.409 -7.886 -9.805 -9.218 -8.611 -8.191 -7.809 -14.163 -13.955 -13.974 -14.385 -15.376 -8.71 -8.983 -8.442 -7.068 -6.483 -5.82 -8.821
0.001196 -17.087 -13.598 -10.619 -9.896 -9.402 -8.912 -10.484 -9.819 -9.398 -8.901 -8.436 -7.913 -9.831 -9.245 -8.638 -8.218 -7.835 -14.141 -13.933 -13.952 -14.363 -15.353 -8.737 -9.01 -8.469 -7.094 -6.51 -5.846 -8.847
0.001232 -17.065 -13.58 -10.646 -9.923 -9.429 -8.94 -10.511 -9.847 -9.426 -8.928 -8.463 -7.94 -9.859 -9.272 -8.665 -8.245 -7.863 -14.119 -13.911 -13.93 -14.341 -15.331 -8.764 -9.037 -8.496 -7.122 -6.538 -5.874 -8.875
0.001269 -17.044 -13.562 -10.674 -9.951 -9.457 -8.968 -10.539 -9.875 -9.454 -8.956 -8.491 -7.969 -9.887 -9.301 -8.694 -8.273 -7.891 -14.098 -13.89 -13.908 -14.319 -15.309 -8.793 -9.065 -8.525 -7.15 -6.566 -5.902 -8.903
0.001308 -17.023 -13.545 -10.703 -9.98 -9.486 -8.997 -10.568 -9.904 -9.483 -8.985 -8.52 -7.998 -9.916 -9.33 -8.723 -8.302 -7.92 -14.077 -13.869 -13.887 -14.298 -15.288 -8.822 -9.094 -8.554 -7.179 -6.595 -5.932 -8.932
0.001347 -17.002 -13.529 -10.732 -10.01 -9.516 -9.027 -10.598 -9.933 -9.512 -9.015 -8.55 -8.028 -9.945 -9.359 -8.753 -8.332 -7.95 -14.057 -13.848 -13.866 -14.277 -15.267 -8.851 -9.124 -8.583 -7.209 -6.625 -5.961 -8.962
0.001388 -16.982 -13.513 -10.762 -10.04 -9.547 -9.057 -10.628 -9.964 -9.543 -9.046 -8.581 -8.058 -9.976 -9.39 -8.783 -8.363 -7.98 -14.037 -13.828 -13.846 -14.257 -15.247 -8.882 -9.155 -8.614 -7.24 -6.656 -5.992 -8.992
0.00143 -16.962 -13.498 -10.793 -10.071 -9.578 -9.088 -10.659 -9.995 -9.574 -9.077 -8.612 -8.089 -10.007 -9.421 -8.814 -8.394 -8.012 -14.018 -13.809 -13.827 -14.237 -15.227 -8.913 -9.186 -8.645 -7.271 -6.687 -6.023 -9.023
0.001473 -16.942 -13.484 -10.825 -10.103 -9.609 -9.12 -10.69 -10.027 -9.606 -9.108 -8.644 -8.121 -10.038 -9.453 -8.846 -8.426 -8.044 -13.999 -13.79 -13.807 -14.217 -15.207 -8.945 -9.218 -8.677 -7.303 -6.719 -6.055 -9.055
0.001518 -16.923 -13.47 -10.857 -10.135 -9.642 -9.153 -10.722 -10.059 -9.638 -9.141 -8.676 -8.154 -10.071 -9.485 -8.878 -8.458 -8.076 -13.98 -13.771 -13.788 -14.198 -15.188 -8.977 -9.25 -8.709 -7.336 -6.751 -6.088 -9.088
0.001564 -16.905 -13.457 -10.89 -10.168 -9.675 -9.186 -10.755 -10.092 -9.671 -9.174 -8.709 -8.187 -10.104 -9.518 -8.911 -8.491 -8.109 -13.962 -13.753 -13.77 -14.179 -15.169 -9.01 -9.283 -8.742 -7.369 -6.784 -6.121 -9.121
0.001611 -16.886 -13.445 -10.923 -10.201 -9.708 -9.219 -10.788 -10.125 -9.704 -9.207 -8.743 -8.22 -10.137 -9.551 -8.945 -8.525 -8.143 -13.944 -13.735 -13.751 -14.161 -15.15 -9.044 -9.316 -8.776 -7.402 -6.818 -6.155 -9.154
0.00166 -16.868 -13.433 -10.956 -10.235 -9.742 -9.253 -10.822 -10.159 -9.738 -9.241 -8.777 -8.254 -10.171 -9.585 -8.979 -8.559 -8.177 -13.927 -13.717 -13.734 -14.143 -15.132 -9.078 -9.35 -8.81 -7.436 -6.852 -6.189 -9.188
0.00171 -16.851 -13.421 -10.991 -10.269 -9.776 -9.287 -10.856 -10.193 -9.772 -9.276 -8.811 -8.289 -10.205 -9.62 -9.013 -8.593 -8.211 -13.91 -13.7 -13.716 -14.125 -15.114 -9.112 -9.385 -8.844 -7.471 -6.887 -6.223 -9.222
0.001761 -16.833 -13.41 -11.025 -10.304 -9.811 -9.322 -10.89 -10.228 -9.807 -9.31 -8.846 -8.324 -10.24 -9.654 -9.048 -8.628 -8.246 -13.893 -13.683 -13.699 -14.108 -15.096 -9.147 -9.419 -8.879 -7.506 -6.921 -6.258 -9.257
0.001815 -16.816 -13.4 -11.06 -10.339 -9.846 -9.357 -10.925 -10.263 -9.842 -9.345 -8.881 -8.359 -10.275 -9.689 -9.083 -8.663 -8.281 -13.876 -13.666 -13.682 -14.09 -15.079 -9.182 -9.454 -8.914 -7.541 -6.957 -6.293 -9.292
0.00187 -16.799 -13.391 -11.095 -10.374 -9.881 -9.393 -10.96 -10.298 -9.878 -9.381 -8.917 -8.394 -10.31 -9.725 -9.119 -8.699 -8.317 -13.86 -13.649 -13.665 -14.073 -15.062 -9.217 -9.49 -8.95 -7.577 -6.992 -6.329 -9.328
0.001926 -16.782 -13.381 -11.13 -10.41 -9.917 -9.429 -10.996 -10.334 -9.913 -9.417 -8.952 -8.43 -10.346 -9.761 -9.155 -8.735 -8.353 -13.844 -13.633 -13.649 -14.057 -15.045 -9.253 -9.526 -8.986 -7.612 -7.028 -6.365 -9.363
0.001984 -16.766 -13.373 -11.166 -10.446 -9.953 -9.465 -11.031 -10.37 -9.949 -9.453 -8.988 -8.466 -10.381 -9.797 -9.191 -8.771 -8.389 -13.829 -13.617 -13.632 -14.04 -15.028 -9.289 -9.562 -9.022 -7.649 -7.065 -6.401 -9.399
0.002044 -16.75 -13.365 -11.202 -10.482 -9.989 -9.501 -11.067 -10.406 -9.986 -9.489 -9.025 -8.503 -10.418 -9.833 -9.227 -8.807 -8.425 -13.813 -13.601 -13.616 -14.024 -15.012 -9.325 -9.598 -9.058 -7.685 -7.101 -6.438 -9.436
0.002106 -16.734 -13.357 -11.238 -10.518 -10.026 -9.537 -11.103 -10.442 -10.022 -9.525 -9.061 -8.539 -10.454 -9.869 -9.263 -8.844 -8.462 -13.798 -13.586 -13.6 -14.007 -14.995 -9.362 -9.634 -9.094 -7.722 -7.138 -6.474 -9.472
0.00217 -16.718 -13.35 -11.274 -10.554 -10.062 -9.574 -11.14 -10.479 -10.059 -9.562 -9.098 -8.576 -10.49 -9.906 -9.3 -8.88 -8.498 -13.783 -13.57 -13.585 -13.991 -14.979 -9.399 -9.671 -9.131 -7.758 -7.174 -6.511 -9.509
0.002236 -16.702 -13.344 -11.311 -10.591 -10.099 -9.611 -11.176 -10.515 -10.095 -9.599 -9.135 -8.613 -10.527 -9.943 -9.337 -8.917 -8.535 -13.768 -13.555 -13.569 -13.976 -14.963 -9.435 -9.708 -9.168 -7.795 -7.211 -6.548 -9.546
0.002303 -16.686 -13.337 -11.348 -10.628 -10.136 -9.648 -11.213 -10.552 -10.132 -9.636 -9.172 -8.65 -10.564 -9.979 -9.374 -8.954 -8.572 -13.753 -13.54 -13.554 -13.96 -14.947 -9.472 -9.745 -9.205 -7.833 -7.249 -6.586 -9.582
0.002373 -16.671 -13.332 -11.384 -10.665 -10.173 -9.685 -11.249 -10.589 -10.169 -9.673 -9.209 -8.687 -10.601 -10.016 -9.411 -8.991 -8.61 -13.739 -13.525 -13.538 -13.944 -14.931 -9.509 -9.782 -9.242 -7.87 -7.286 -6.623 -9.62
0.002445 -16.656 -13.327 -11.421 -10.702 -10.21 -9.722 -11.286 -10.626 -10.206 -9.71 -9.246 -8.724 -10.638 -10.054 -9.448 -9.029 -8.647 -13.725 -13.511 -13.523 -13.929 -14.915 -9.547 -9.819 -9.279 -7.907 -7.323 -6.66 -9.657
0.002519 -16.64 -13.322 -11.458 -10.739 -10.247 -9.759 -11.323 -10.663 -10.243 -9.747 -9.284 -8.762 -10.675 -10.091 -9.485 -9.066 -8.684 -13.711 -13.496 -13.508 -13.913 -14.899 -9.584 -9.856 -9.317 -7.945 -7.361 -6.698 -9.694
0.002595 -16.625 -13.318 -11.495 -10.776 -10.284 -9.796 -11.36 -10.7 -10.281 -9.785 -9.321 -8.799 -10.712 -10.128 -9.523 -9.103 -8.722 -13.697 -13.482 -13.493 -13.898 -14.884 -9.621 -9.893 -9.354 -7.982 -7.398 -6.735 -9.731
0.002673 -16.61 -13.315 -11.532 -10.813 -10.322 -9.834 -11.397 -10.737 -10.318 -9.822 -9.358 -8.837 -10.749 -10.165 -9.56 -9.141 -8.759 -13.683 -13.467 -13.478 -13.883 -14.868 -9.659 -9.931 -9.391 -8.02 -7.436 -6.773 -9.769
0.002754 -16.595 -13.312 -11.569 -10.85 -10.359 -9.871 -11.434 -10.775 -10.355 -9.859 -9.396 -8.874 -10.786 -10.203 -9.598 -9.178 -8.797 -13.669 -13.453 -13.464 -13.867 -14.852 -9.696 -9.968 -9.429 -8.057 -7.473 -6.811 -9.806
0.002837 -16.58 -13.309 -11.606 -10.888 -10.396 -9.909 -11.47 -10.812 -10.393 -9.897 -9.433 -8.912 -10.824 -10.24 -9.635 -9.216 -8.834 -13.655 -13.439 -13.449 -13.852 -14.837 -9.733 -10.006 -9.466 -8.095 -7.511 -6.848 -9.843
0.002923 -16.565 -13.307 -11.643 -10.925 -10.434 -9.946 -11.507 -10.849 -10.43 -9.934 -9.471 -8.949 -10.861 -10.277 -9.673 -9.254 -8.872 -13.642 -13.425 -13.434 -13.837 -14.821 -9.771 -10.043 -9.504 -8.132 -7.549 -6.886 -9.881
0.003012 -16.55 -13.306 -11.68 -10.962 -10.471 -9.984 -11.544 -10.886 -10.467 -9.972 -9.508 -8.987 -10.898 -10.315 -9.71 -9.291 -8.909 -13.628 -13.411 -13.42 -13.822 -14.806 -9.808 -10.08 -9.541 -8.17 -7.587 -6.924 -9.918
0.003103 -16.535 -13.305 -11.717 -10.999 -10.508 -10.021 -11.581 -10.924 -10.505 -10.009 -9.546 -9.025 -10.936 -10.352 -9.748 -9.329 -8.947 -13.615 -13.397 -13.406 -13.807 -14.79 -9.846 -10.118 -9.579 -8.208 -7.624 -6.961 -9.956
0.003196 -16.521 -13.304 -11.754 -11.037 -10.546 -10.059 -11.618 -10.961 -10.542 -10.047 -9.584 -9.062 -10.973 -10.39 -9.785 -9.366 -8.985 -13.602 -13.383 -13.391 -13.792 -14.775 -9.883 -10.155 -9.617 -8.246 -7.662 -6.999 -9.993
0.003293 -16.506 -13.304 -11.791 -11.074 -10.583 -10.096 -11.655 -10.998 -10.58 -10.084 -9.621 -9.1 -11.01 -10.427 -9.823 -9.404 -9.022 -13.589 -13.37 -13.377 -13.777 -14.76 -9.921 -10.193 -9.654 -8.283 -7.7 -7.037 -10.031
0.003393 -16.491 -13.305 -11.828 -11.111 -10.621 -10.134 -11.692 -11.036 -10.617 -10.122 -9.659 -9.138 -11.048 -10.465 -9.86 -9.442 -9.06 -13.576 -13.356 -13.363 -13.762 -14.744 -9.958 -10.23 -9.692 -8.321 -7.738 -7.075 -10.068
0.003495 -16.477 -13.306 -11.865 -11.149 -10.658 -10.171 -11.729 -11.073 -10.654 -10.159 -9.696 -9.175 -11.085 -10.502 -9.898 -9.479 -9.098 -13.564 -13.343 -13.349 -13.747 -14.729 -9.996 -10.268 -9.729 -8.359 -7.775 -7.113 -10.106
0.003601 -16.462 -13.308 -11.902 -11.186 -10.696 -10.209 -11.766 -11.11 -10.692 -10.197 -9.734 -9.213 -11.122 -10.54 -9.936 -9.517 -9.136 -13.551 -13.329 -13.335 -13.733 -14.714 -10.034 -10.305 -9.767 -8.397 -7.813 -7.151 -10.143
0.00371 -16.448 -13.31 -11.939 -11.223 -10.733 -10.246 -11.803 -11.148 -10.729 -10.234 -9.772 -9.251 -11.159 -10.577 -9.973 -9.554 -9.173 -13.539 -13.316 -13.321 -13.718 -14.698 -10.071 -10.343 -9.805 -8.434 -7.851 -7.188 -10.181
0.003822 -16.434 -13.313 -11.976 -11.26 -10.77 -10.284 -11.84 -11.185 -10.767 -10.272 -9.809 -9.288 -11.197 -10.614 -10.011 -9.592 -9.211 -13.527 -13.303 -13.307 -13.703 -14.683 -10.109 -10.38 -9.842 -8.472 -7.889 -7.226 -10.218
0.003938 -16.419 -13.316 -12.012 -11.298 -10.808 -10.321 -11.877 -11.222 -10.804 -10.309 -9.847 -9.326 -11.234 -10.652 -10.048 -9.63 -9.249 -13.515 -13.29 -13.293 -13.689 -14.668 -10.146 -10.418 -9.88 -8.51 -7.927 -7.264 -10.256
0.004057 -16.405 -13.32 -12.049 -11.335 -10.845 -10.359 -11.914 -11.259 -10.841 -10.347 -9.884 -9.364 -11.271 -10.689 -10.086 -9.667 -9.286 -13.503 -13.277 -13.279 -13.674 -14.653 -10.184 -10.455 -9.917 -8.548 -7.964 -7.302 -10.293
0.00418 -16.391 -13.325 -12.086 -11.372 -10.882 -10.396 -11.951 -11.297 -10.879 -10.384 -9.922 -9.401 -11.308 -10.727 -10.123 -9.705 -9.324 -13.491 -13.265 -13.266 -13.66 -14.638 -10.221 -10.493 -9.955 -8.585 -8.002 -7.34 -10.331
0.004306 -16.377 -13.33 -12.123 -11.409 -10.92 -10.434 -11.987 -11.334 -10.916 -10.422 -9.959 -9.439 -11.346 -10.764 -10.161 -9.743 -9.362 -13.479 -13.252 -13.252 -13.645 -14.622 -10.259 -10.53 -9.992 -8.623 -8.04 -7.378 -10.368
0.004436 -16.363 -13.336 -12.16 -11.446 -10.957 -10.471 -12.024 -11.371 -10.953 -10.459 -9.997 -9.477 -11.383 -10.801 -10.198 -9.78 -9.399 -13.468 -13.24 -13.239 -13.631 -14.607 -10.296 -10.568 -10.03 -8.661 -8.078 -7.415 -10.406
0.00457 -16.349 -13.342 -12.197 -11.484 -10.994 -10.509 -12.061 -11.408 -10.991 -10.497 -10.034 -9.514 -11.42 -10.839 -10.236 -9.818 -9.437 -13.457 -13.228 -13.225 -13.616 -14.592 -10.333 -10.605 -10.067 -8.699 -8.116 -7.453 -10.443
0.004709 -16.335 -13.349 -12.233 -11.521 -11.032 -10.546 -12.098 -11.445 -11.028 -10.534 -10.072 -9.552 -11.457 -10.876 -10.273 -9.855 -9.474 -13.446 -13.215 -13.212 -13.602 -14.577 -10.371 -10.642 -10.105 -8.736 -8.153 -7.491 -10.48
0.004851 -16.321 -13.357 -12.27 -11.558 -11.069 -10.583 -12.134 -11.482 -11.065 -10.572 -10.11 -9.589 -11.494 -10.913 -10.311 -9.893 -9.512 -13.435 -13.203 -13.199 -13.588 -14.562 -10.408 -10.68 -10.142 -8.774 -8.191 -7.529 -10.518
0.004998 -16.307 -13.365 -12.307 -11.595 -11.106 -10.621 -12.171 -11.52 -11.103 -10.609 -10.147 -9.627 -11.531 -10.951 -10.348 -9.93 -9.55 -13.425 -13.192 -13.186 -13.573 -14.547 -10.446 -10.717 -10.18 -8.812 -8.229 -7.567 -10.555
0.005149 -16.293 -13.373 -12.344 -11.632 -11.144 -10.658 -12.208 -11.557 -11.14 -10.646 -10.185 -9.665 -11.568 -10.988 -10.386 -9.968 -9.587 -13.414 -13.18 -13.173 -13.559 -14.532 -10.483 -10.754 -10.217 -8.849 -8.267 -7.605 -10.593
0.005305 -16.28 -13.383 -12.38 -11.669 -11.181 -10.696 -12.244 -11.594 -11.177 -10.684 -10.222 -9.702 -11.606 -11.025 -10.423 -10.006 -9.625 -13.404 -13.169 -13.161 -13.545 -14.517 -10.521 -10.792 -10.255 -8.887 -8.304 -7.642 -10.63
0.005465 -16.266 -13.393 -12.417 -11.706 -11.218 -10.733 -12.281 -11.631 -11.214 -10.721 -10.26 -9.74 -11.643 -11.063 -10.461 -10.043 -9.663 -13.394 -13.157 -13.148 -13.531 -14.502 -10.558 -10.829 -10.292 -8.925 -8.342 -7.68 -10.667
0.00563 -16.253 -13.403 -12.453 -11.743 -11.255 -10.77 -12.317 -11.668 -11.251 -10.759 -10.297 -9.777 -11.68 -11.1 -10.498 -10.081 -9.7 -13.385 -13.146 -13.135 -13.517 -14.487 -10.595 -10.866 -10.33 -8.963 -8.38 -7.718 -10.705
0.005801 -16.239 -13.415 -12.49 -11.78 -11.292 -10.808 -12.354 -11.705 -11.289 -10.796 -10.334 -9.815 -11.717 -11.137 -10.535 -10.118 -9.738 -13.375 -13.136 -13.123 -13.504 -14.472 -10.633 -10.904 -10.367 -9.0 -8.418 -7.756 -10.742
0.005976 -16.226 -13.426 -12.526 -11.817 -11.329 -10.845 -12.39 -11.742 -11.326 -10.833 -10.372 -9.852 -11.754 -11.174 -10.573 -10.156 -9.775 -13.366 -13.125 -13.111 -13.49 -14.457 -10.67 -10.941 -10.405 -9.038 -8.455 -7.794 -10.779
0.006157 -16.213 -13.439 -12.563 -11.854 -11.367 -10.882 -12.427 -11.779 -11.363 -10.871 -10.409 -9.89 -11.791 -11.211 -10.61 -10.193 -9.813 -13.357 -13.115 -13.099 -13.476 -14.442 -10.707 -10.978 -10.442 -9.076 -8.493 -7.831 -10.816
0.006343 -16.2 -13.452 -12.599 -11.891 -11.404 -10.92 -12.463 -11.816 -11.4 -10.908 -10.447 -9.928 -11.827 -11.249 -10.648 -10.231 -9.85 -13.349 -13.104 -13.087 -13.463 -14.427 -10.745 -11.016 -10.48 -9.113 -8.531 -7.869 -10.854
0.006535 -16.187 -13.465 -12.636 -11.928 -11.441 -10.957 -12.499 -11.853 -11.437 -10.945 -10.484 -9.965 -11.864 -11.286 -10.685 -10.268 -9.888 -13.341 -13.094 -13.075 -13.449 -14.412 -10.782 -11.053 -10.517 -9.151 -8.569 -7.907 -10.891
0.006732 -16.174 -13.48 -12.672 -11.964 -11.478 -10.994 -12.536 -11.889 -11.474 -10.982 -10.522 -10.003 -11.901 -11.323 -10.722 -10.305 -9.925 -13.333 -13.085 -13.064 -13.436 -14.397 -10.819 -11.09 -10.554 -9.189 -8.606 -7.945 -10.928
0.006936 -16.162 -13.494 -12.708 -12.001 -11.515 -11.031 -12.572 -11.926 -11.511 -11.02 -10.559 -10.04 -11.938 -11.36 -10.76 -10.343 -9.963 -13.325 -13.075 -13.053 -13.423 -14.383 -10.857 -11.127 -10.592 -9.226 -8.644 -7.983 -10.965
0.007146 -16.149 -13.51 -12.744 -12.038 -11.552 -11.069 -12.608 -11.963 -11.548 -11.057 -10.596 -10.078 -11.975 -11.397 -10.797 -10.38 -10.001 -13.318 -13.066 -13.042 -13.409 -14.368 -10.894 -11.164 -10.629 -9.264 -8.682 -8.02 -11.003
0.007362 -16.137 -13.525 -12.781 -12.075 -11.589 -11.106 -12.644 -12.0 -11.585 -11.094 -10.634 -10.115 -12.012 -11.434 -10.834 -10.418 -10.038 -13.311 -13.057 -13.031 -13.396 -14.353 -10.931 -11.201 -10.666 -9.302 -8.72 -8.058 -11.04
0.007585 -16.125 -13.542 -12.817 -12.111 -11.626 -11.143 -12.68 -12.037 -11.622 -11.131 -10.671 -10.153 -12.048 -11.471 -10.872 -10.455 -10.075 -13.304 -13.049 -13.02 -13.383 -14.339 -10.968 -11.239 -10.704 -9.339 -8.757 -8.096 -11.077
0.007814 -16.112 -13.559 -12.853 -12.148 -11.663 -11.18 -12.716 -12.073 -11.659 -11.168 -10.708 -10.19 -12.085 -11.508 -10.909 -10.492 -10.113 -13.298 -13.04 -13.009 -13.371 -14.324 -11.005 -11.276 -10.741 -9.377 -8.795 -8.134 -11.114
