web/models/linear/71/-18_429_0_009.dat
# %ECSV 1.0
# ---
# datatype:
# - {name: time, datatype: float64}
# - {name: sdss_u, datatype: float64}
# - {name: sdss_g, datatype: float64}
# - {name: sdss_r, datatype: float64}
# - {name: sdss_i, datatype: float64}
# - {name: sdss_z, datatype: float64}
# - {name: Clear, datatype: float64}
# - {name: johnson_B, datatype: float64}
# - {name: johnson_V, datatype: float64}
# - {name: johnson_R, datatype: float64}
# - {name: johnson_I, datatype: float64}
# - {name: ukirt_J, datatype: float64}
# - {name: ukirt_H, datatype: float64}
# - {name: ukirt_K, datatype: float64}
# meta: !!omap
# - comment: [M=-18.42857142857143, dM=0.008773066621237415]
# schema: astropy-2.0
time sdss_u sdss_g sdss_r sdss_i sdss_z Clear johnson_B johnson_V johnson_R johnson_I ukirt_J ukirt_H ukirt_K
[from data line 177]
13.341708542713567 -18.31152373068507 -18.31152373068507 -18.31152373068507 -18.31152373068507 -18.31152373068507 -18.31152373068507 -18.31152373068507 -18.31152373068507 -18.31152373068507 -18.31152373068507 -18.31152373068507 -18.31152373068507 -18.31152373068507
13.417085427135678 -18.310862444256337 -18.310862444256337 -18.310862444256337 -18.310862444256337 -18.310862444256337 -18.310862444256337 -18.310862444256337 -18.310862444256337 -18.310862444256337 -18.310862444256337 -18.310862444256337 -18.310862444256337 -18.310862444256337
13.492462311557787 -18.3102011578276 -18.3102011578276 -18.3102011578276 -18.3102011578276 -18.3102011578276 -18.3102011578276 -18.3102011578276 -18.3102011578276 -18.3102011578276 -18.3102011578276 -18.3102011578276 -18.3102011578276 -18.3102011578276
13.567839195979898 -18.30953987139886 -18.30953987139886 -18.30953987139886 -18.30953987139886 -18.30953987139886 -18.30953987139886 -18.30953987139886 -18.30953987139886 -18.30953987139886 -18.30953987139886 -18.30953987139886 -18.30953987139886 -18.30953987139886
13.64321608040201 -18.308878584970127 -18.308878584970127 -18.308878584970127 -18.308878584970127 -18.308878584970127 -18.308878584970127 -18.308878584970127 -18.308878584970127 -18.308878584970127 -18.308878584970127 -18.308878584970127 -18.308878584970127 -18.308878584970127
13.718592964824118 -18.30821729854139 -18.30821729854139 -18.30821729854139 -18.30821729854139 -18.30821729854139 -18.30821729854139 -18.30821729854139 -18.30821729854139 -18.30821729854139 -18.30821729854139 -18.30821729854139 -18.30821729854139 -18.30821729854139
13.79396984924623 -18.307556012112652 -18.307556012112652 -18.307556012112652 -18.307556012112652 -18.307556012112652 -18.307556012112652 -18.307556012112652 -18.307556012112652 -18.307556012112652 -18.307556012112652 -18.307556012112652 -18.307556012112652 -18.307556012112652
13.86934673366834 -18.306894725683918 -18.306894725683918 -18.306894725683918 -18.306894725683918 -18.306894725683918 -18.306894725683918 -18.306894725683918 -18.306894725683918 -18.306894725683918 -18.306894725683918 -18.306894725683918 -18.306894725683918 -18.306894725683918
13.944723618090451 -18.30623343925518 -18.30623343925518 -18.30623343925518 -18.30623343925518 -18.30623343925518 -18.30623343925518 -18.30623343925518 -18.30623343925518 -18.30623343925518 -18.30623343925518 -18.30623343925518 -18.30623343925518 -18.30623343925518
14.020100502512562 -18.305572152826443 -18.305572152826443 -18.305572152826443 -18.305572152826443 -18.305572152826443 -18.305572152826443 -18.305572152826443 -18.305572152826443 -18.305572152826443 -18.305572152826443 -18.305572152826443 -18.305572152826443 -18.305572152826443
14.095477386934672 -18.30491086639771 -18.30491086639771 -18.30491086639771 -18.30491086639771 -18.30491086639771 -18.30491086639771 -18.30491086639771 -18.30491086639771 -18.30491086639771 -18.30491086639771 -18.30491086639771 -18.30491086639771 -18.30491086639771
14.170854271356783 -18.30424957996897 -18.30424957996897 -18.30424957996897 -18.30424957996897 -18.30424957996897 -18.30424957996897 -18.30424957996897 -18.30424957996897 -18.30424957996897 -18.30424957996897 -18.30424957996897 -18.30424957996897 -18.30424957996897
14.246231155778894 -18.303588293540233 -18.303588293540233 -18.303588293540233 -18.303588293540233 -18.303588293540233 -18.303588293540233 -18.303588293540233 -18.303588293540233 -18.303588293540233 -18.303588293540233 -18.303588293540233 -18.303588293540233 -18.303588293540233
14.321608040201003 -18.3029270071115 -18.3029270071115 -18.3029270071115 -18.3029270071115 -18.3029270071115 -18.3029270071115 -18.3029270071115 -18.3029270071115 -18.3029270071115 -18.3029270071115 -18.3029270071115 -18.3029270071115 -18.3029270071115
14.396984924623114 -18.30226572068276 -18.30226572068276 -18.30226572068276 -18.30226572068276 -18.30226572068276 -18.30226572068276 -18.30226572068276 -18.30226572068276 -18.30226572068276 -18.30226572068276 -18.30226572068276 -18.30226572068276 -18.30226572068276
14.472361809045225 -18.301604434254024 -18.301604434254024 -18.301604434254024 -18.301604434254024 -18.301604434254024 -18.301604434254024 -18.301604434254024 -18.301604434254024 -18.301604434254024 -18.301604434254024 -18.301604434254024 -18.301604434254024 -18.301604434254024
14.547738693467336 -18.30094314782529 -18.30094314782529 -18.30094314782529 -18.30094314782529 -18.30094314782529 -18.30094314782529 -18.30094314782529 -18.30094314782529 -18.30094314782529 -18.30094314782529 -18.30094314782529 -18.30094314782529 -18.30094314782529
14.623115577889447 -18.300281861396552 -18.300281861396552 -18.300281861396552 -18.300281861396552 -18.300281861396552 -18.300281861396552 -18.300281861396552 -18.300281861396552 -18.300281861396552 -18.300281861396552 -18.300281861396552 -18.300281861396552 -18.300281861396552
14.698492462311556 -18.299620574967815 -18.299620574967815 -18.299620574967815 -18.299620574967815 -18.299620574967815 -18.299620574967815 -18.299620574967815 -18.299620574967815 -18.299620574967815 -18.299620574967815 -18.299620574967815 -18.299620574967815 -18.299620574967815
14.773869346733667 -18.29895928853908 -18.29895928853908 -18.29895928853908 -18.29895928853908 -18.29895928853908 -18.29895928853908 -18.29895928853908 -18.29895928853908 -18.29895928853908 -18.29895928853908 -18.29895928853908 -18.29895928853908 -18.29895928853908
14.849246231155778 -18.298298002110343 -18.298298002110343 -18.298298002110343 -18.298298002110343 -18.298298002110343 -18.298298002110343 -18.298298002110343 -18.298298002110343 -18.298298002110343 -18.298298002110343 -18.298298002110343 -18.298298002110343 -18.298298002110343
14.924623115577887 -18.297636715681605 -18.297636715681605 -18.297636715681605 -18.297636715681605 -18.297636715681605 -18.297636715681605 -18.297636715681605 -18.297636715681605 -18.297636715681605 -18.297636715681605 -18.297636715681605 -18.297636715681605 -18.297636715681605
15.0 -18.296975429252868 -18.296975429252868 -18.296975429252868 -18.296975429252868 -18.296975429252868 -18.296975429252868 -18.296975429252868 -18.296975429252868 -18.296975429252868 -18.296975429252868 -18.296975429252868 -18.296975429252868 -18.296975429252868
