web/models/linear/71/-18_429_0_003.dat
# %ECSV 1.0
# ---
# datatype:
# - {name: time, datatype: float64}
# - {name: sdss_u, datatype: float64}
# - {name: sdss_g, datatype: float64}
# - {name: sdss_r, datatype: float64}
# - {name: sdss_i, datatype: float64}
# - {name: sdss_z, datatype: float64}
# - {name: Clear, datatype: float64}
# - {name: johnson_B, datatype: float64}
# - {name: johnson_V, datatype: float64}
# - {name: johnson_R, datatype: float64}
# - {name: johnson_I, datatype: float64}
# - {name: ukirt_J, datatype: float64}
# - {name: ukirt_H, datatype: float64}
# - {name: ukirt_K, datatype: float64}
# meta: !!omap
# - comment: [M=-18.42857142857143, dM=0.0034589451300033724]
# schema: astropy-2.0
time sdss_u sdss_g sdss_r sdss_i sdss_z Clear johnson_B johnson_V johnson_R johnson_I ukirt_J ukirt_H ukirt_K
[from data line 117]
8.819095477386934 -18.398066661218888 -18.398066661218888 -18.398066661218888 -18.398066661218888 -18.398066661218888 -18.398066661218888 -18.398066661218888 -18.398066661218888 -18.398066661218888 -18.398066661218888 -18.398066661218888 -18.398066661218888 -18.398066661218888
8.894472361809044 -18.397805936711602 -18.397805936711602 -18.397805936711602 -18.397805936711602 -18.397805936711602 -18.397805936711602 -18.397805936711602 -18.397805936711602 -18.397805936711602 -18.397805936711602 -18.397805936711602 -18.397805936711602 -18.397805936711602
8.969849246231155 -18.397545212204314 -18.397545212204314 -18.397545212204314 -18.397545212204314 -18.397545212204314 -18.397545212204314 -18.397545212204314 -18.397545212204314 -18.397545212204314 -18.397545212204314 -18.397545212204314 -18.397545212204314 -18.397545212204314
9.045226130653266 -18.39728448769703 -18.39728448769703 -18.39728448769703 -18.39728448769703 -18.39728448769703 -18.39728448769703 -18.39728448769703 -18.39728448769703 -18.39728448769703 -18.39728448769703 -18.39728448769703 -18.39728448769703 -18.39728448769703
9.120603015075377 -18.397023763189743 -18.397023763189743 -18.397023763189743 -18.397023763189743 -18.397023763189743 -18.397023763189743 -18.397023763189743 -18.397023763189743 -18.397023763189743 -18.397023763189743 -18.397023763189743 -18.397023763189743 -18.397023763189743
9.195979899497488 -18.396763038682455 -18.396763038682455 -18.396763038682455 -18.396763038682455 -18.396763038682455 -18.396763038682455 -18.396763038682455 -18.396763038682455 -18.396763038682455 -18.396763038682455 -18.396763038682455 -18.396763038682455 -18.396763038682455
9.271356783919597 -18.39650231417517 -18.39650231417517 -18.39650231417517 -18.39650231417517 -18.39650231417517 -18.39650231417517 -18.39650231417517 -18.39650231417517 -18.39650231417517 -18.39650231417517 -18.39650231417517 -18.39650231417517 -18.39650231417517
9.346733668341708 -18.39624158966788 -18.39624158966788 -18.39624158966788 -18.39624158966788 -18.39624158966788 -18.39624158966788 -18.39624158966788 -18.39624158966788 -18.39624158966788 -18.39624158966788 -18.39624158966788 -18.39624158966788 -18.39624158966788
9.422110552763819 -18.395980865160595 -18.395980865160595 -18.395980865160595 -18.395980865160595 -18.395980865160595 -18.395980865160595 -18.395980865160595 -18.395980865160595 -18.395980865160595 -18.395980865160595 -18.395980865160595 -18.395980865160595 -18.395980865160595
9.497487437185928 -18.395720140653307 -18.395720140653307 -18.395720140653307 -18.395720140653307 -18.395720140653307 -18.395720140653307 -18.395720140653307 -18.395720140653307 -18.395720140653307 -18.395720140653307 -18.395720140653307 -18.395720140653307 -18.395720140653307
9.572864321608039 -18.39545941614602 -18.39545941614602 -18.39545941614602 -18.39545941614602 -18.39545941614602 -18.39545941614602 -18.39545941614602 -18.39545941614602 -18.39545941614602 -18.39545941614602 -18.39545941614602 -18.39545941614602 -18.39545941614602
9.64824120603015 -18.395198691638736 -18.395198691638736 -18.395198691638736 -18.395198691638736 -18.395198691638736 -18.395198691638736 -18.395198691638736 -18.395198691638736 -18.395198691638736 -18.395198691638736 -18.395198691638736 -18.395198691638736 -18.395198691638736
9.72361809045226 -18.394937967131447 -18.394937967131447 -18.394937967131447 -18.394937967131447 -18.394937967131447 -18.394937967131447 -18.394937967131447 -18.394937967131447 -18.394937967131447 -18.394937967131447 -18.394937967131447 -18.394937967131447 -18.394937967131447
9.798994974874372 -18.394677242624162 -18.394677242624162 -18.394677242624162 -18.394677242624162 -18.394677242624162 -18.394677242624162 -18.394677242624162 -18.394677242624162 -18.394677242624162 -18.394677242624162 -18.394677242624162 -18.394677242624162 -18.394677242624162
9.874371859296481 -18.394416518116874 -18.394416518116874 -18.394416518116874 -18.394416518116874 -18.394416518116874 -18.394416518116874 -18.394416518116874 -18.394416518116874 -18.394416518116874 -18.394416518116874 -18.394416518116874 -18.394416518116874 -18.394416518116874
9.949748743718592 -18.39415579360959 -18.39415579360959 -18.39415579360959 -18.39415579360959 -18.39415579360959 -18.39415579360959 -18.39415579360959 -18.39415579360959 -18.39415579360959 -18.39415579360959 -18.39415579360959 -18.39415579360959 -18.39415579360959
10.025125628140703 -18.3938950691023 -18.3938950691023 -18.3938950691023 -18.3938950691023 -18.3938950691023 -18.3938950691023 -18.3938950691023 -18.3938950691023 -18.3938950691023 -18.3938950691023 -18.3938950691023 -18.3938950691023 -18.3938950691023
10.100502512562812 -18.393634344595014 -18.393634344595014 -18.393634344595014 -18.393634344595014 -18.393634344595014 -18.393634344595014 -18.393634344595014 -18.393634344595014 -18.393634344595014 -18.393634344595014 -18.393634344595014 -18.393634344595014 -18.393634344595014
10.175879396984923 -18.39337362008773 -18.39337362008773 -18.39337362008773 -18.39337362008773 -18.39337362008773 -18.39337362008773 -18.39337362008773 -18.39337362008773 -18.39337362008773 -18.39337362008773 -18.39337362008773 -18.39337362008773 -18.39337362008773
10.251256281407034 -18.39311289558044 -18.39311289558044 -18.39311289558044 -18.39311289558044 -18.39311289558044 -18.39311289558044 -18.39311289558044 -18.39311289558044 -18.39311289558044 -18.39311289558044 -18.39311289558044 -18.39311289558044 -18.39311289558044
10.326633165829145 -18.392852171073155 -18.392852171073155 -18.392852171073155 -18.392852171073155 -18.392852171073155 -18.392852171073155 -18.392852171073155 -18.392852171073155 -18.392852171073155 -18.392852171073155 -18.392852171073155 -18.392852171073155 -18.392852171073155
10.402010050251256 -18.392591446565866 -18.392591446565866 -18.392591446565866 -18.392591446565866 -18.392591446565866 -18.392591446565866 -18.392591446565866 -18.392591446565866 -18.392591446565866 -18.392591446565866 -18.392591446565866 -18.392591446565866 -18.392591446565866
10.477386934673365 -18.39233072205858 -18.39233072205858 -18.39233072205858 -18.39233072205858 -18.39233072205858 -18.39233072205858 -18.39233072205858 -18.39233072205858 -18.39233072205858 -18.39233072205858 -18.39233072205858 -18.39233072205858 -18.39233072205858
10.552763819095476 -18.392069997551296 -18.392069997551296 -18.392069997551296 -18.392069997551296 -18.392069997551296 -18.392069997551296 -18.392069997551296 -18.392069997551296 -18.392069997551296 -18.392069997551296 -18.392069997551296 -18.392069997551296 -18.392069997551296
10.628140703517587 -18.391809273044007 -18.391809273044007 -18.391809273044007 -18.391809273044007 -18.391809273044007 -18.391809273044007 -18.391809273044007 -18.391809273044007 -18.391809273044007 -18.391809273044007 -18.391809273044007 -18.391809273044007 -18.391809273044007
10.703517587939697 -18.391548548536722 -18.391548548536722 -18.391548548536722 -18.391548548536722 -18.391548548536722 -18.391548548536722 -18.391548548536722 -18.391548548536722 -18.391548548536722 -18.391548548536722 -18.391548548536722 -18.391548548536722 -18.391548548536722
10.778894472361808 -18.391287824029433 -18.391287824029433 -18.391287824029433 -18.391287824029433 -18.391287824029433 -18.391287824029433 -18.391287824029433 -18.391287824029433 -18.391287824029433 -18.391287824029433 -18.391287824029433 -18.391287824029433 -18.391287824029433
10.854271356783919 -18.391027099522148 -18.391027099522148 -18.391027099522148 -18.391027099522148 -18.391027099522148 -18.391027099522148 -18.391027099522148 -18.391027099522148 -18.391027099522148 -18.391027099522148 -18.391027099522148 -18.391027099522148 -18.391027099522148
10.92964824120603 -18.39076637501486 -18.39076637501486 -18.39076637501486 -18.39076637501486 -18.39076637501486 -18.39076637501486 -18.39076637501486 -18.39076637501486 -18.39076637501486 -18.39076637501486 -18.39076637501486 -18.39076637501486 -18.39076637501486
11.00502512562814 -18.390505650507574 -18.390505650507574 -18.390505650507574 -18.390505650507574 -18.390505650507574 -18.390505650507574 -18.390505650507574 -18.390505650507574 -18.390505650507574 -18.390505650507574 -18.390505650507574 -18.390505650507574 -18.390505650507574
11.08040201005025 -18.39024492600029 -18.39024492600029 -18.39024492600029 -18.39024492600029 -18.39024492600029 -18.39024492600029 -18.39024492600029 -18.39024492600029 -18.39024492600029 -18.39024492600029 -18.39024492600029 -18.39024492600029 -18.39024492600029
11.15577889447236 -18.389984201493 -18.389984201493 -18.389984201493 -18.389984201493 -18.389984201493 -18.389984201493 -18.389984201493 -18.389984201493 -18.389984201493 -18.389984201493 -18.389984201493 -18.389984201493 -18.389984201493
11.231155778894472 -18.389723476985715 -18.389723476985715 -18.389723476985715 -18.389723476985715 -18.389723476985715 -18.389723476985715 -18.389723476985715 -18.389723476985715 -18.389723476985715 -18.389723476985715 -18.389723476985715 -18.389723476985715 -18.389723476985715
11.306532663316581 -18.389462752478426 -18.389462752478426 -18.389462752478426 -18.389462752478426 -18.389462752478426 -18.389462752478426 -18.389462752478426 -18.389462752478426 -18.389462752478426 -18.389462752478426 -18.389462752478426 -18.389462752478426 -18.389462752478426
11.381909547738692 -18.38920202797114 -18.38920202797114 -18.38920202797114 -18.38920202797114 -18.38920202797114 -18.38920202797114 -18.38920202797114 -18.38920202797114 -18.38920202797114 -18.38920202797114 -18.38920202797114 -18.38920202797114 -18.38920202797114
11.457286432160803 -18.388941303463856 -18.388941303463856 -18.388941303463856 -18.388941303463856 -18.388941303463856 -18.388941303463856 -18.388941303463856 -18.388941303463856 -18.388941303463856 -18.388941303463856 -18.388941303463856 -18.388941303463856 -18.388941303463856
11.532663316582914 -18.388680578956567 -18.388680578956567 -18.388680578956567 -18.388680578956567 -18.388680578956567 -18.388680578956567 -18.388680578956567 -18.388680578956567 -18.388680578956567 -18.388680578956567 -18.388680578956567 -18.388680578956567 -18.388680578956567
11.608040201005025 -18.388419854449282 -18.388419854449282 -18.388419854449282 -18.388419854449282 -18.388419854449282 -18.388419854449282 -18.388419854449282 -18.388419854449282 -18.388419854449282 -18.388419854449282 -18.388419854449282 -18.388419854449282 -18.388419854449282
11.683417085427134 -18.388159129941993 -18.388159129941993 -18.388159129941993 -18.388159129941993 -18.388159129941993 -18.388159129941993 -18.388159129941993 -18.388159129941993 -18.388159129941993 -18.388159129941993 -18.388159129941993 -18.388159129941993 -18.388159129941993
11.758793969849245 -18.387898405434708 -18.387898405434708 -18.387898405434708 -18.387898405434708 -18.387898405434708 -18.387898405434708 -18.387898405434708 -18.387898405434708 -18.387898405434708 -18.387898405434708 -18.387898405434708 -18.387898405434708 -18.387898405434708
11.834170854271356 -18.38763768092742 -18.38763768092742 -18.38763768092742 -18.38763768092742 -18.38763768092742 -18.38763768092742 -18.38763768092742 -18.38763768092742 -18.38763768092742 -18.38763768092742 -18.38763768092742 -18.38763768092742 -18.38763768092742
11.909547738693465 -18.387376956420134 -18.387376956420134 -18.387376956420134 -18.387376956420134 -18.387376956420134 -18.387376956420134 -18.387376956420134 -18.387376956420134 -18.387376956420134 -18.387376956420134 -18.387376956420134 -18.387376956420134 -18.387376956420134
11.984924623115576 -18.38711623191285 -18.38711623191285 -18.38711623191285 -18.38711623191285 -18.38711623191285 -18.38711623191285 -18.38711623191285 -18.38711623191285 -18.38711623191285 -18.38711623191285 -18.38711623191285 -18.38711623191285 -18.38711623191285
12.060301507537687 -18.38685550740556 -18.38685550740556 -18.38685550740556 -18.38685550740556 -18.38685550740556 -18.38685550740556 -18.38685550740556 -18.38685550740556 -18.38685550740556 -18.38685550740556 -18.38685550740556 -18.38685550740556 -18.38685550740556
12.135678391959798 -18.386594782898275 -18.386594782898275 -18.386594782898275 -18.386594782898275 -18.386594782898275 -18.386594782898275 -18.386594782898275 -18.386594782898275 -18.386594782898275 -18.386594782898275 -18.386594782898275 -18.386594782898275 -18.386594782898275
12.21105527638191 -18.386334058390986 -18.386334058390986 -18.386334058390986 -18.386334058390986 -18.386334058390986 -18.386334058390986 -18.386334058390986 -18.386334058390986 -18.386334058390986 -18.386334058390986 -18.386334058390986 -18.386334058390986 -18.386334058390986
12.286432160804019 -18.3860733338837 -18.3860733338837 -18.3860733338837 -18.3860733338837 -18.3860733338837 -18.3860733338837 -18.3860733338837 -18.3860733338837 -18.3860733338837 -18.3860733338837 -18.3860733338837 -18.3860733338837 -18.3860733338837
12.36180904522613 -18.385812609376416 -18.385812609376416 -18.385812609376416 -18.385812609376416 -18.385812609376416 -18.385812609376416 -18.385812609376416 -18.385812609376416 -18.385812609376416 -18.385812609376416 -18.385812609376416 -18.385812609376416 -18.385812609376416
12.43718592964824 -18.385551884869127 -18.385551884869127 -18.385551884869127 -18.385551884869127 -18.385551884869127 -18.385551884869127 -18.385551884869127 -18.385551884869127 -18.385551884869127 -18.385551884869127 -18.385551884869127 -18.385551884869127 -18.385551884869127
12.51256281407035 -18.38529116036184 -18.38529116036184 -18.38529116036184 -18.38529116036184 -18.38529116036184 -18.38529116036184 -18.38529116036184 -18.38529116036184 -18.38529116036184 -18.38529116036184 -18.38529116036184 -18.38529116036184 -18.38529116036184
12.58793969849246 -18.385030435854553 -18.385030435854553 -18.385030435854553 -18.385030435854553 -18.385030435854553 -18.385030435854553 -18.385030435854553 -18.385030435854553 -18.385030435854553 -18.385030435854553 -18.385030435854553 -18.385030435854553 -18.385030435854553
12.663316582914572 -18.384769711347268 -18.384769711347268 -18.384769711347268 -18.384769711347268 -18.384769711347268 -18.384769711347268 -18.384769711347268 -18.384769711347268 -18.384769711347268 -18.384769711347268 -18.384769711347268 -18.384769711347268 -18.384769711347268
12.738693467336683 -18.38450898683998 -18.38450898683998 -18.38450898683998 -18.38450898683998 -18.38450898683998 -18.38450898683998 -18.38450898683998 -18.38450898683998 -18.38450898683998 -18.38450898683998 -18.38450898683998 -18.38450898683998 -18.38450898683998
12.814070351758794 -18.384248262332694 -18.384248262332694 -18.384248262332694 -18.384248262332694 -18.384248262332694 -18.384248262332694 -18.384248262332694 -18.384248262332694 -18.384248262332694 -18.384248262332694 -18.384248262332694 -18.384248262332694 -18.384248262332694
12.889447236180903 -18.38398753782541 -18.38398753782541 -18.38398753782541 -18.38398753782541 -18.38398753782541 -18.38398753782541 -18.38398753782541 -18.38398753782541 -18.38398753782541 -18.38398753782541 -18.38398753782541 -18.38398753782541 -18.38398753782541
12.964824120603014 -18.38372681331812 -18.38372681331812 -18.38372681331812 -18.38372681331812 -18.38372681331812 -18.38372681331812 -18.38372681331812 -18.38372681331812 -18.38372681331812 -18.38372681331812 -18.38372681331812 -18.38372681331812 -18.38372681331812
13.040201005025125 -18.383466088810835 -18.383466088810835 -18.383466088810835 -18.383466088810835 -18.383466088810835 -18.383466088810835 -18.383466088810835 -18.383466088810835 -18.383466088810835 -18.383466088810835 -18.383466088810835 -18.383466088810835 -18.383466088810835
13.115577889447234 -18.383205364303546 -18.383205364303546 -18.383205364303546 -18.383205364303546 -18.383205364303546 -18.383205364303546 -18.383205364303546 -18.383205364303546 -18.383205364303546 -18.383205364303546 -18.383205364303546 -18.383205364303546 -18.383205364303546
