web/models/linear/71/-18_429_0_041.dat
# %ECSV 1.0
# ---
# datatype:
# - {name: time, datatype: float64}
# - {name: swift_uvot_uvw2, datatype: float64}
# - {name: swift_uvot_uvm2, datatype: float64}
# - {name: swift_uvot_uvw1, datatype: float64}
# - {name: swift_uvot_U, datatype: float64}
# - {name: swift_uvot_B, datatype: float64}
# - {name: swift_uvot_V, datatype: float64}
# - {name: swift_uvot_W, datatype: float64}
# - {name: johnson_U, datatype: float64}
# - {name: johnson_B, datatype: float64}
# - {name: johnson_V, datatype: float64}
# - {name: johnson_R, datatype: float64}
# - {name: johnson_I, datatype: float64}
# - {name: sdss_u, datatype: float64}
# - {name: sdss_g, datatype: float64}
# - {name: sdss_r, datatype: float64}
# - {name: sdss_i, datatype: float64}
# - {name: sdss_z, datatype: float64}
# - {name: PS1_g, datatype: float64}
# - {name: PS1_r, datatype: float64}
# - {name: PS1_i, datatype: float64}
# - {name: PS1_z, datatype: float64}
# - {name: PS1_Y, datatype: float64}
# - {name: PS1_w, datatype: float64}
# - {name: ATLAS_c, datatype: float64}
# - {name: ATLAS_o, datatype: float64}
# - {name: ukirt_J, datatype: float64}
# - {name: ukirt_H, datatype: float64}
# - {name: ukirt_K, datatype: float64}
# - {name: Clear, datatype: float64}
# meta: !!omap
# - comment: [M=-18.42857142857143, dM=0.04138386210422373]
# schema: astropy-2.0
time swift_uvot_uvw2 swift_uvot_uvm2 swift_uvot_uvw1 swift_uvot_U swift_uvot_B swift_uvot_V swift_uvot_W johnson_U johnson_B johnson_V johnson_R johnson_I sdss_u sdss_g sdss_r sdss_i sdss_z PS1_g PS1_r PS1_i PS1_z PS1_Y PS1_w ATLAS_c ATLAS_o ukirt_J ukirt_H ukirt_K Clear
[from data line 28]
2.1105527638190953 -18.34122860402985 -18.34122860402985 -18.34122860402985 -18.34122860402985 -18.34122860402985 -18.34122860402985 -18.34122860402985 -18.34122860402985 -18.34122860402985 -18.34122860402985 -18.34122860402985 -18.34122860402985 -18.34122860402985 -18.34122860402985 -18.34122860402985 -18.34122860402985 -18.34122860402985 -18.34122860402985 -18.34122860402985 -18.34122860402985 -18.34122860402985 -18.34122860402985 -18.34122860402985 -18.34122860402985 -18.34122860402985 -18.34122860402985 -18.34122860402985 -18.34122860402985 -18.34122860402985
2.185929648241206 -18.338109217439083 -18.338109217439083 -18.338109217439083 -18.338109217439083 -18.338109217439083 -18.338109217439083 -18.338109217439083 -18.338109217439083 -18.338109217439083 -18.338109217439083 -18.338109217439083 -18.338109217439083 -18.338109217439083 -18.338109217439083 -18.338109217439083 -18.338109217439083 -18.338109217439083 -18.338109217439083 -18.338109217439083 -18.338109217439083 -18.338109217439083 -18.338109217439083 -18.338109217439083 -18.338109217439083 -18.338109217439083 -18.338109217439083 -18.338109217439083 -18.338109217439083 -18.338109217439083
2.2613065326633164 -18.33498983084831 -18.33498983084831 -18.33498983084831 -18.33498983084831 -18.33498983084831 -18.33498983084831 -18.33498983084831 -18.33498983084831 -18.33498983084831 -18.33498983084831 -18.33498983084831 -18.33498983084831 -18.33498983084831 -18.33498983084831 -18.33498983084831 -18.33498983084831 -18.33498983084831 -18.33498983084831 -18.33498983084831 -18.33498983084831 -18.33498983084831 -18.33498983084831 -18.33498983084831 -18.33498983084831 -18.33498983084831 -18.33498983084831 -18.33498983084831 -18.33498983084831 -18.33498983084831
2.336683417085427 -18.33187044425754 -18.33187044425754 -18.33187044425754 -18.33187044425754 -18.33187044425754 -18.33187044425754 -18.33187044425754 -18.33187044425754 -18.33187044425754 -18.33187044425754 -18.33187044425754 -18.33187044425754 -18.33187044425754 -18.33187044425754 -18.33187044425754 -18.33187044425754 -18.33187044425754 -18.33187044425754 -18.33187044425754 -18.33187044425754 -18.33187044425754 -18.33187044425754 -18.33187044425754 -18.33187044425754 -18.33187044425754 -18.33187044425754 -18.33187044425754 -18.33187044425754 -18.33187044425754
2.4120603015075375 -18.32875105766677 -18.32875105766677 -18.32875105766677 -18.32875105766677 -18.32875105766677 -18.32875105766677 -18.32875105766677 -18.32875105766677 -18.32875105766677 -18.32875105766677 -18.32875105766677 -18.32875105766677 -18.32875105766677 -18.32875105766677 -18.32875105766677 -18.32875105766677 -18.32875105766677 -18.32875105766677 -18.32875105766677 -18.32875105766677 -18.32875105766677 -18.32875105766677 -18.32875105766677 -18.32875105766677 -18.32875105766677 -18.32875105766677 -18.32875105766677 -18.32875105766677 -18.32875105766677
2.487437185929648 -18.325631671076 -18.325631671076 -18.325631671076 -18.325631671076 -18.325631671076 -18.325631671076 -18.325631671076 -18.325631671076 -18.325631671076 -18.325631671076 -18.325631671076 -18.325631671076 -18.325631671076 -18.325631671076 -18.325631671076 -18.325631671076 -18.325631671076 -18.325631671076 -18.325631671076 -18.325631671076 -18.325631671076 -18.325631671076 -18.325631671076 -18.325631671076 -18.325631671076 -18.325631671076 -18.325631671076 -18.325631671076 -18.325631671076
2.5628140703517586 -18.322512284485228 -18.322512284485228 -18.322512284485228 -18.322512284485228 -18.322512284485228 -18.322512284485228 -18.322512284485228 -18.322512284485228 -18.322512284485228 -18.322512284485228 -18.322512284485228 -18.322512284485228 -18.322512284485228 -18.322512284485228 -18.322512284485228 -18.322512284485228 -18.322512284485228 -18.322512284485228 -18.322512284485228 -18.322512284485228 -18.322512284485228 -18.322512284485228 -18.322512284485228 -18.322512284485228 -18.322512284485228 -18.322512284485228 -18.322512284485228 -18.322512284485228 -18.322512284485228
2.638190954773869 -18.31939289789446 -18.31939289789446 -18.31939289789446 -18.31939289789446 -18.31939289789446 -18.31939289789446 -18.31939289789446 -18.31939289789446 -18.31939289789446 -18.31939289789446 -18.31939289789446 -18.31939289789446 -18.31939289789446 -18.31939289789446 -18.31939289789446 -18.31939289789446 -18.31939289789446 -18.31939289789446 -18.31939289789446 -18.31939289789446 -18.31939289789446 -18.31939289789446 -18.31939289789446 -18.31939289789446 -18.31939289789446 -18.31939289789446 -18.31939289789446 -18.31939289789446 -18.31939289789446
2.7135678391959797 -18.316273511303688 -18.316273511303688 -18.316273511303688 -18.316273511303688 -18.316273511303688 -18.316273511303688 -18.316273511303688 -18.316273511303688 -18.316273511303688 -18.316273511303688 -18.316273511303688 -18.316273511303688 -18.316273511303688 -18.316273511303688 -18.316273511303688 -18.316273511303688 -18.316273511303688 -18.316273511303688 -18.316273511303688 -18.316273511303688 -18.316273511303688 -18.316273511303688 -18.316273511303688 -18.316273511303688 -18.316273511303688 -18.316273511303688 -18.316273511303688 -18.316273511303688 -18.316273511303688
2.78894472361809 -18.313154124712916 -18.313154124712916 -18.313154124712916 -18.313154124712916 -18.313154124712916 -18.313154124712916 -18.313154124712916 -18.313154124712916 -18.313154124712916 -18.313154124712916 -18.313154124712916 -18.313154124712916 -18.313154124712916 -18.313154124712916 -18.313154124712916 -18.313154124712916 -18.313154124712916 -18.313154124712916 -18.313154124712916 -18.313154124712916 -18.313154124712916 -18.313154124712916 -18.313154124712916 -18.313154124712916 -18.313154124712916 -18.313154124712916 -18.313154124712916 -18.313154124712916 -18.313154124712916
2.8643216080402008 -18.310034738122148 -18.310034738122148 -18.310034738122148 -18.310034738122148 -18.310034738122148 -18.310034738122148 -18.310034738122148 -18.310034738122148 -18.310034738122148 -18.310034738122148 -18.310034738122148 -18.310034738122148 -18.310034738122148 -18.310034738122148 -18.310034738122148 -18.310034738122148 -18.310034738122148 -18.310034738122148 -18.310034738122148 -18.310034738122148 -18.310034738122148 -18.310034738122148 -18.310034738122148 -18.310034738122148 -18.310034738122148 -18.310034738122148 -18.310034738122148 -18.310034738122148 -18.310034738122148
2.9396984924623113 -18.306915351531377 -18.306915351531377 -18.306915351531377 -18.306915351531377 -18.306915351531377 -18.306915351531377 -18.306915351531377 -18.306915351531377 -18.306915351531377 -18.306915351531377 -18.306915351531377 -18.306915351531377 -18.306915351531377 -18.306915351531377 -18.306915351531377 -18.306915351531377 -18.306915351531377 -18.306915351531377 -18.306915351531377 -18.306915351531377 -18.306915351531377 -18.306915351531377 -18.306915351531377 -18.306915351531377 -18.306915351531377 -18.306915351531377 -18.306915351531377 -18.306915351531377 -18.306915351531377
3.015075376884422 -18.303795964940605 -18.303795964940605 -18.303795964940605 -18.303795964940605 -18.303795964940605 -18.303795964940605 -18.303795964940605 -18.303795964940605 -18.303795964940605 -18.303795964940605 -18.303795964940605 -18.303795964940605 -18.303795964940605 -18.303795964940605 -18.303795964940605 -18.303795964940605 -18.303795964940605 -18.303795964940605 -18.303795964940605 -18.303795964940605 -18.303795964940605 -18.303795964940605 -18.303795964940605 -18.303795964940605 -18.303795964940605 -18.303795964940605 -18.303795964940605 -18.303795964940605 -18.303795964940605
3.0904522613065324 -18.300676578349833 -18.300676578349833 -18.300676578349833 -18.300676578349833 -18.300676578349833 -18.300676578349833 -18.300676578349833 -18.300676578349833 -18.300676578349833 -18.300676578349833 -18.300676578349833 -18.300676578349833 -18.300676578349833 -18.300676578349833 -18.300676578349833 -18.300676578349833 -18.300676578349833 -18.300676578349833 -18.300676578349833 -18.300676578349833 -18.300676578349833 -18.300676578349833 -18.300676578349833 -18.300676578349833 -18.300676578349833 -18.300676578349833 -18.300676578349833 -18.300676578349833 -18.300676578349833
3.165829145728643 -18.297557191759065 -18.297557191759065 -18.297557191759065 -18.297557191759065 -18.297557191759065 -18.297557191759065 -18.297557191759065 -18.297557191759065 -18.297557191759065 -18.297557191759065 -18.297557191759065 -18.297557191759065 -18.297557191759065 -18.297557191759065 -18.297557191759065 -18.297557191759065 -18.297557191759065 -18.297557191759065 -18.297557191759065 -18.297557191759065 -18.297557191759065 -18.297557191759065 -18.297557191759065 -18.297557191759065 -18.297557191759065 -18.297557191759065 -18.297557191759065 -18.297557191759065 -18.297557191759065
3.2412060301507535 -18.294437805168293 -18.294437805168293 -18.294437805168293 -18.294437805168293 -18.294437805168293 -18.294437805168293 -18.294437805168293 -18.294437805168293 -18.294437805168293 -18.294437805168293 -18.294437805168293 -18.294437805168293 -18.294437805168293 -18.294437805168293 -18.294437805168293 -18.294437805168293 -18.294437805168293 -18.294437805168293 -18.294437805168293 -18.294437805168293 -18.294437805168293 -18.294437805168293 -18.294437805168293 -18.294437805168293 -18.294437805168293 -18.294437805168293 -18.294437805168293 -18.294437805168293 -18.294437805168293
3.316582914572864 -18.29131841857752 -18.29131841857752 -18.29131841857752 -18.29131841857752 -18.29131841857752 -18.29131841857752 -18.29131841857752 -18.29131841857752 -18.29131841857752 -18.29131841857752 -18.29131841857752 -18.29131841857752 -18.29131841857752 -18.29131841857752 -18.29131841857752 -18.29131841857752 -18.29131841857752 -18.29131841857752 -18.29131841857752 -18.29131841857752 -18.29131841857752 -18.29131841857752 -18.29131841857752 -18.29131841857752 -18.29131841857752 -18.29131841857752 -18.29131841857752 -18.29131841857752 -18.29131841857752
3.3919597989949746 -18.288199031986753 -18.288199031986753 -18.288199031986753 -18.288199031986753 -18.288199031986753 -18.288199031986753 -18.288199031986753 -18.288199031986753 -18.288199031986753 -18.288199031986753 -18.288199031986753 -18.288199031986753 -18.288199031986753 -18.288199031986753 -18.288199031986753 -18.288199031986753 -18.288199031986753 -18.288199031986753 -18.288199031986753 -18.288199031986753 -18.288199031986753 -18.288199031986753 -18.288199031986753 -18.288199031986753 -18.288199031986753 -18.288199031986753 -18.288199031986753 -18.288199031986753 -18.288199031986753
3.467336683417085 -18.28507964539598 -18.28507964539598 -18.28507964539598 -18.28507964539598 -18.28507964539598 -18.28507964539598 -18.28507964539598 -18.28507964539598 -18.28507964539598 -18.28507964539598 -18.28507964539598 -18.28507964539598 -18.28507964539598 -18.28507964539598 -18.28507964539598 -18.28507964539598 -18.28507964539598 -18.28507964539598 -18.28507964539598 -18.28507964539598 -18.28507964539598 -18.28507964539598 -18.28507964539598 -18.28507964539598 -18.28507964539598 -18.28507964539598 -18.28507964539598 -18.28507964539598 -18.28507964539598
3.5427135678391957 -18.28196025880521 -18.28196025880521 -18.28196025880521 -18.28196025880521 -18.28196025880521 -18.28196025880521 -18.28196025880521 -18.28196025880521 -18.28196025880521 -18.28196025880521 -18.28196025880521 -18.28196025880521 -18.28196025880521 -18.28196025880521 -18.28196025880521 -18.28196025880521 -18.28196025880521 -18.28196025880521 -18.28196025880521 -18.28196025880521 -18.28196025880521 -18.28196025880521 -18.28196025880521 -18.28196025880521 -18.28196025880521 -18.28196025880521 -18.28196025880521 -18.28196025880521 -18.28196025880521
3.618090452261306 -18.27884087221444 -18.27884087221444 -18.27884087221444 -18.27884087221444 -18.27884087221444 -18.27884087221444 -18.27884087221444 -18.27884087221444 -18.27884087221444 -18.27884087221444 -18.27884087221444 -18.27884087221444 -18.27884087221444 -18.27884087221444 -18.27884087221444 -18.27884087221444 -18.27884087221444 -18.27884087221444 -18.27884087221444 -18.27884087221444 -18.27884087221444 -18.27884087221444 -18.27884087221444 -18.27884087221444 -18.27884087221444 -18.27884087221444 -18.27884087221444 -18.27884087221444 -18.27884087221444
3.6934673366834168 -18.27572148562367 -18.27572148562367 -18.27572148562367 -18.27572148562367 -18.27572148562367 -18.27572148562367 -18.27572148562367 -18.27572148562367 -18.27572148562367 -18.27572148562367 -18.27572148562367 -18.27572148562367 -18.27572148562367 -18.27572148562367 -18.27572148562367 -18.27572148562367 -18.27572148562367 -18.27572148562367 -18.27572148562367 -18.27572148562367 -18.27572148562367 -18.27572148562367 -18.27572148562367 -18.27572148562367 -18.27572148562367 -18.27572148562367 -18.27572148562367 -18.27572148562367 -18.27572148562367
3.7688442211055273 -18.2726020990329 -18.2726020990329 -18.2726020990329 -18.2726020990329 -18.2726020990329 -18.2726020990329 -18.2726020990329 -18.2726020990329 -18.2726020990329 -18.2726020990329 -18.2726020990329 -18.2726020990329 -18.2726020990329 -18.2726020990329 -18.2726020990329 -18.2726020990329 -18.2726020990329 -18.2726020990329 -18.2726020990329 -18.2726020990329 -18.2726020990329 -18.2726020990329 -18.2726020990329 -18.2726020990329 -18.2726020990329 -18.2726020990329 -18.2726020990329 -18.2726020990329 -18.2726020990329
3.844221105527638 -18.269482712442127 -18.269482712442127 -18.269482712442127 -18.269482712442127 -18.269482712442127 -18.269482712442127 -18.269482712442127 -18.269482712442127 -18.269482712442127 -18.269482712442127 -18.269482712442127 -18.269482712442127 -18.269482712442127 -18.269482712442127 -18.269482712442127 -18.269482712442127 -18.269482712442127 -18.269482712442127 -18.269482712442127 -18.269482712442127 -18.269482712442127 -18.269482712442127 -18.269482712442127 -18.269482712442127 -18.269482712442127 -18.269482712442127 -18.269482712442127 -18.269482712442127 -18.269482712442127
3.9195979899497484 -18.26636332585136 -18.26636332585136 -18.26636332585136 -18.26636332585136 -18.26636332585136 -18.26636332585136 -18.26636332585136 -18.26636332585136 -18.26636332585136 -18.26636332585136 -18.26636332585136 -18.26636332585136 -18.26636332585136 -18.26636332585136 -18.26636332585136 -18.26636332585136 -18.26636332585136 -18.26636332585136 -18.26636332585136 -18.26636332585136 -18.26636332585136 -18.26636332585136 -18.26636332585136 -18.26636332585136 -18.26636332585136 -18.26636332585136 -18.26636332585136 -18.26636332585136 -18.26636332585136
3.994974874371859 -18.263243939260587 -18.263243939260587 -18.263243939260587 -18.263243939260587 -18.263243939260587 -18.263243939260587 -18.263243939260587 -18.263243939260587 -18.263243939260587 -18.263243939260587 -18.263243939260587 -18.263243939260587 -18.263243939260587 -18.263243939260587 -18.263243939260587 -18.263243939260587 -18.263243939260587 -18.263243939260587 -18.263243939260587 -18.263243939260587 -18.263243939260587 -18.263243939260587 -18.263243939260587 -18.263243939260587 -18.263243939260587 -18.263243939260587 -18.263243939260587 -18.263243939260587 -18.263243939260587
