web/models/linear/71/-18_429_0_030.dat
# %ECSV 1.0
# ---
# datatype:
# - {name: time, datatype: float64}
# - {name: sdss_u, datatype: float64}
# - {name: sdss_g, datatype: float64}
# - {name: sdss_r, datatype: float64}
# - {name: sdss_i, datatype: float64}
# - {name: sdss_z, datatype: float64}
# - {name: Clear, datatype: float64}
# - {name: johnson_B, datatype: float64}
# - {name: johnson_V, datatype: float64}
# - {name: johnson_R, datatype: float64}
# - {name: johnson_I, datatype: float64}
# - {name: ukirt_J, datatype: float64}
# - {name: ukirt_H, datatype: float64}
# - {name: ukirt_K, datatype: float64}
# meta: !!omap
# - comment: [M=-18.42857142857143, dM=0.030345556064724315]
# schema: astropy-2.0
time sdss_u sdss_g sdss_r sdss_i sdss_z Clear johnson_B johnson_V johnson_R johnson_I ukirt_J ukirt_H ukirt_K
[from data line 176]
13.266331658291456 -18.02599721746152 -18.02599721746152 -18.02599721746152 -18.02599721746152 -18.02599721746152 -18.02599721746152 -18.02599721746152 -18.02599721746152 -18.02599721746152 -18.02599721746152 -18.02599721746152 -18.02599721746152 -18.02599721746152
13.341708542713567 -18.023709863989303 -18.023709863989303 -18.023709863989303 -18.023709863989303 -18.023709863989303 -18.023709863989303 -18.023709863989303 -18.023709863989303 -18.023709863989303 -18.023709863989303 -18.023709863989303 -18.023709863989303 -18.023709863989303
13.417085427135678 -18.021422510517088 -18.021422510517088 -18.021422510517088 -18.021422510517088 -18.021422510517088 -18.021422510517088 -18.021422510517088 -18.021422510517088 -18.021422510517088 -18.021422510517088 -18.021422510517088 -18.021422510517088 -18.021422510517088
13.492462311557787 -18.019135157044875 -18.019135157044875 -18.019135157044875 -18.019135157044875 -18.019135157044875 -18.019135157044875 -18.019135157044875 -18.019135157044875 -18.019135157044875 -18.019135157044875 -18.019135157044875 -18.019135157044875 -18.019135157044875
13.567839195979898 -18.01684780357266 -18.01684780357266 -18.01684780357266 -18.01684780357266 -18.01684780357266 -18.01684780357266 -18.01684780357266 -18.01684780357266 -18.01684780357266 -18.01684780357266 -18.01684780357266 -18.01684780357266 -18.01684780357266
13.64321608040201 -18.014560450100443 -18.014560450100443 -18.014560450100443 -18.014560450100443 -18.014560450100443 -18.014560450100443 -18.014560450100443 -18.014560450100443 -18.014560450100443 -18.014560450100443 -18.014560450100443 -18.014560450100443 -18.014560450100443
13.718592964824118 -18.012273096628228 -18.012273096628228 -18.012273096628228 -18.012273096628228 -18.012273096628228 -18.012273096628228 -18.012273096628228 -18.012273096628228 -18.012273096628228 -18.012273096628228 -18.012273096628228 -18.012273096628228 -18.012273096628228
13.79396984924623 -18.00998574315601 -18.00998574315601 -18.00998574315601 -18.00998574315601 -18.00998574315601 -18.00998574315601 -18.00998574315601 -18.00998574315601 -18.00998574315601 -18.00998574315601 -18.00998574315601 -18.00998574315601 -18.00998574315601
13.86934673366834 -18.007698389683796 -18.007698389683796 -18.007698389683796 -18.007698389683796 -18.007698389683796 -18.007698389683796 -18.007698389683796 -18.007698389683796 -18.007698389683796 -18.007698389683796 -18.007698389683796 -18.007698389683796 -18.007698389683796
13.944723618090451 -18.00541103621158 -18.00541103621158 -18.00541103621158 -18.00541103621158 -18.00541103621158 -18.00541103621158 -18.00541103621158 -18.00541103621158 -18.00541103621158 -18.00541103621158 -18.00541103621158 -18.00541103621158 -18.00541103621158
14.020100502512562 -18.003123682739368 -18.003123682739368 -18.003123682739368 -18.003123682739368 -18.003123682739368 -18.003123682739368 -18.003123682739368 -18.003123682739368 -18.003123682739368 -18.003123682739368 -18.003123682739368 -18.003123682739368 -18.003123682739368
14.095477386934672 -18.000836329267152 -18.000836329267152 -18.000836329267152 -18.000836329267152 -18.000836329267152 -18.000836329267152 -18.000836329267152 -18.000836329267152 -18.000836329267152 -18.000836329267152 -18.000836329267152 -18.000836329267152 -18.000836329267152
14.170854271356783 -17.998548975794936 -17.998548975794936 -17.998548975794936 -17.998548975794936 -17.998548975794936 -17.998548975794936 -17.998548975794936 -17.998548975794936 -17.998548975794936 -17.998548975794936 -17.998548975794936 -17.998548975794936 -17.998548975794936
14.246231155778894 -17.99626162232272 -17.99626162232272 -17.99626162232272 -17.99626162232272 -17.99626162232272 -17.99626162232272 -17.99626162232272 -17.99626162232272 -17.99626162232272 -17.99626162232272 -17.99626162232272 -17.99626162232272 -17.99626162232272
14.321608040201003 -17.993974268850504 -17.993974268850504 -17.993974268850504 -17.993974268850504 -17.993974268850504 -17.993974268850504 -17.993974268850504 -17.993974268850504 -17.993974268850504 -17.993974268850504 -17.993974268850504 -17.993974268850504 -17.993974268850504
14.396984924623114 -17.99168691537829 -17.99168691537829 -17.99168691537829 -17.99168691537829 -17.99168691537829 -17.99168691537829 -17.99168691537829 -17.99168691537829 -17.99168691537829 -17.99168691537829 -17.99168691537829 -17.99168691537829 -17.99168691537829
14.472361809045225 -17.989399561906072 -17.989399561906072 -17.989399561906072 -17.989399561906072 -17.989399561906072 -17.989399561906072 -17.989399561906072 -17.989399561906072 -17.989399561906072 -17.989399561906072 -17.989399561906072 -17.989399561906072 -17.989399561906072
14.547738693467336 -17.987112208433857 -17.987112208433857 -17.987112208433857 -17.987112208433857 -17.987112208433857 -17.987112208433857 -17.987112208433857 -17.987112208433857 -17.987112208433857 -17.987112208433857 -17.987112208433857 -17.987112208433857 -17.987112208433857
14.623115577889447 -17.984824854961644 -17.984824854961644 -17.984824854961644 -17.984824854961644 -17.984824854961644 -17.984824854961644 -17.984824854961644 -17.984824854961644 -17.984824854961644 -17.984824854961644 -17.984824854961644 -17.984824854961644 -17.984824854961644
14.698492462311556 -17.98253750148943 -17.98253750148943 -17.98253750148943 -17.98253750148943 -17.98253750148943 -17.98253750148943 -17.98253750148943 -17.98253750148943 -17.98253750148943 -17.98253750148943 -17.98253750148943 -17.98253750148943 -17.98253750148943
14.773869346733667 -17.980250148017213 -17.980250148017213 -17.980250148017213 -17.980250148017213 -17.980250148017213 -17.980250148017213 -17.980250148017213 -17.980250148017213 -17.980250148017213 -17.980250148017213 -17.980250148017213 -17.980250148017213 -17.980250148017213
14.849246231155778 -17.977962794544997 -17.977962794544997 -17.977962794544997 -17.977962794544997 -17.977962794544997 -17.977962794544997 -17.977962794544997 -17.977962794544997 -17.977962794544997 -17.977962794544997 -17.977962794544997 -17.977962794544997 -17.977962794544997
14.924623115577887 -17.97567544107278 -17.97567544107278 -17.97567544107278 -17.97567544107278 -17.97567544107278 -17.97567544107278 -17.97567544107278 -17.97567544107278 -17.97567544107278 -17.97567544107278 -17.97567544107278 -17.97567544107278 -17.97567544107278
15.0 -17.973388087600565 -17.973388087600565 -17.973388087600565 -17.973388087600565 -17.973388087600565 -17.973388087600565 -17.973388087600565 -17.973388087600565 -17.973388087600565 -17.973388087600565 -17.973388087600565 -17.973388087600565 -17.973388087600565
