web/models/kne/57/mosfit_kn_0.177477_0.4687_10.0000.dat
# %ECSV 1.0
# ---
# datatype:
# - {name: time, datatype: float64}
# - {name: PS1_g, datatype: float64}
# - {name: PS1_i, datatype: float64}
# - {name: PS1_r, datatype: float64}
# - {name: PS1_w, datatype: float64}
# - {name: PS1_y, datatype: float64}
# - {name: PS1_z, datatype: float64}
# - {name: swift_uvot_B, datatype: float64}
# - {name: swift_uvot_U, datatype: float64}
# - {name: swift_uvot_uvm2, datatype: float64}
# - {name: swift_uvot_uvw1, datatype: float64}
# - {name: swift_uvot_uvw2, datatype: float64}
# - {name: swift_uvot_V, datatype: float64}
# - {name: johnson_B, datatype: float64}
# - {name: johnson_I, datatype: float64}
# - {name: johnson_R, datatype: float64}
# - {name: johnson_U, datatype: float64}
# - {name: johnson_V, datatype: float64}
# - {name: sdss_g, datatype: float64}
# - {name: sdss_i, datatype: float64}
# - {name: sdss_r, datatype: float64}
# - {name: sdss_u, datatype: float64}
# - {name: sdss_z, datatype: float64}
# - {name: ATLAS_c, datatype: float64}
# - {name: ATLAS_o, datatype: float64}
# - {name: ukirt_H, datatype: float64}
# - {name: ukirt_J, datatype: float64}
# - {name: ukirt_K, datatype: float64}
# - {name: Clear, datatype: float64}
# meta: !!omap
# - comment: [kappa = 10.0, type = rprocess, mass = 0.1774768329891343, velocity = 0.4686666666666667, theta_obs = 0.0, tfloor = 1000.0]
# schema: astropy-2.0
time PS1_g PS1_i PS1_r PS1_w PS1_y PS1_z swift_uvot_B swift_uvot_U swift_uvot_uvm2 swift_uvot_uvw1 swift_uvot_uvw2 swift_uvot_V johnson_B johnson_I johnson_R johnson_U johnson_V sdss_g sdss_i sdss_r sdss_u sdss_z ATLAS_c ATLAS_o ukirt_H ukirt_J ukirt_K Clear
[from data line 226]
13.647294589178356 -28.123211618077164 -27.236655701024173 -27.627015491818874 -27.788751603568596 -26.719590842134746 -26.93626533353992 -28.195973519345838 -29.757566353026768 -31.18738297981084 -30.819468888757005 -31.372031986318575 -27.875424342059613 -28.200282488516496 -27.543403216215793 -27.753130670269776 -29.427164980770836 -27.877549809715415 -28.18347110986279 -27.25603433978275 -27.628717122637596 -28.686062709255253 -26.886595399503737 -27.973205345977785 -27.493916032659236 -25.596336320624143 -26.212790176975975 -25.028086952779717 -27.695026907031437
13.707414829659317 -28.158876262209382 -27.270477399687874 -27.661533052312723 -27.823777552429423 -26.75273794491016 -26.96967186506555 -28.232148414226963 -29.795228424063787 -31.22933371687147 -30.860530904954704 -31.415569729353606 -27.910441647378985 -28.236437926706127 -27.577040191145194 -27.78750088158133 -29.464524895378574 -27.912548572157384 -28.219288938212514 -27.2898735279699 -27.663230055018584 -28.723480262398997 -26.91994156719355 -28.008531886366033 -27.528190353414175 -25.62852734861806 -26.245431941386315 -25.059959937342505 -27.72999266039733
13.76753507014028 -28.194414246597912 -27.30421076862047 -27.695947958218987 -27.858690636571897 -26.785810409610775 -27.002998515604713 -28.268185721579783 -29.832720736847627 -31.271018790958397 -30.9013492390255 -31.458805833454292 -27.94534584297238 -28.2724562220524 -27.610592611772333 -27.821771516246347 -29.50172162578313 -27.947434638125937 -28.254976852844624 -27.323624028239788 -27.69764041743297 -28.76073334542138 -26.953209083249128 -28.043739005384456 -27.56236710548123 -25.660662778906374 -26.278009192337066 -25.091783552008465 -27.764846978629176
13.827655310621243 -28.229828336016958 -27.337857712161657 -27.730262430866084 -27.89349329113774 -26.818809843998856 -27.036247005740464 -28.30408846241972 -29.870047073739467 -31.312444328553703 -30.941929392713288 -31.501747297653807 -27.9801393874095 -28.30834038395983 -27.64406229972946 -27.855944725777004 -29.538758798019657 -27.982210455767596 -28.290537693818614 -27.357287752802897 -27.731950429787577 -28.79782561637466 -26.986399641435916 -28.078829297618277 -27.596448394593533 -25.69274381920543 -26.310523322721977 -25.123558877381043 -27.799592257399084
13.887775551102203 -28.26512213631622 -27.37142093819882 -27.764479509630444 -27.928188780961314 -26.851738644855683 -27.069419850716496 -28.33986050838843 -29.907212095160176 -31.35361740861246 -30.982277812480188 -31.5444021024301 -28.014825567271952 -28.344094272197736 -27.677451876287915 -27.890023476798984 -29.575640910648133 -28.01687930095898 -28.325975145221403 -27.390867417785785 -27.76616312990324 -28.83476160676297 -27.01951572889577 -28.113806192457194 -27.630437139708466 -25.72477244474493 -26.342976503244255 -25.15528775414962 -27.83423172146124
13.947895791583166 -28.300295797432806 -27.40489994570744 -27.79859893195395 -27.962777001839854 -26.884596089880723 -27.102516412189086 -28.375502206191722 -29.944216735187332 -31.394540799960694 -31.022396761804885 -31.586773703637018 -28.04940430005945 -28.379718224314278 -27.7107607784581 -27.924007453806976 -29.612368776825637 -28.051441083056257 -28.361289414572006 -27.424362528067814 -27.800278254255026 -28.871542154772936 -27.05255668723396 -28.14866970916901 -27.66433299055672 -25.756747638300418 -26.37536785257362 -25.18696907246699 -27.868765235090702
14.008016032064127 -28.335353017447105 -27.438297560465923 -27.832623846002544 -27.99726132261009 -26.91738470173224 -27.135539328304237 -28.411017511106575 -29.981065712102417 -31.435221556677767 -31.06229269304965 -31.62887002876149 -28.083878973808496 -28.41521618422416 -27.74399174771298 -27.957899734384608 -29.64894695827968 -28.0858991798188 -28.396484275757725 -27.457775917444618 -27.834298949447263 -28.908171853835753 -27.085525127237222 -28.18342337517091 -27.698138978500886 -25.788671510673172 -26.407699672693496 -25.218604811333766 -27.90319612897303
14.06813627254509 -28.370293791516943 -27.47161315993658 -27.866553855677267 -28.03164149844365 -26.950103647496206 -27.16848784600071 -28.44640660449261 -30.017759763189407 -31.47566215252081 -31.101967607463177 -31.67069420454418 -28.118249363113776 -28.45058832469864 -27.777144102647046 -27.991699872252315 -29.68537607782577 -28.120253358187345 -28.431559778482907 -27.491106968986312 -27.868224818433447 -28.944651350357145 -27.118420276794186 -28.218067062046632 -27.731854624330943 -25.820542947997925 -26.439970979299154 -25.250193768469128 -27.937524128839968
14.128256513026052 -28.405122943821013 -27.504850657678315 -27.900393211988295 -28.065922013766045 -26.98275652217003 -27.201365681798357 -28.48167457686363 -30.054304767768585 -31.51587086774136 -31.14142918302324 -31.71225541047589 -28.15251996888839 -28.48583972471307 -27.81022166840761 -28.025412044881374 -29.721661853073666 -28.154508108573758 -28.46652082562125 -27.524359604654656 -27.902060110498823 -28.980986394420754 -27.151245823710113 -28.252605417339023 -27.765484057407033 -25.852365109916754 -26.47218513456913 -25.28173896341746 -27.971753680752744
14.188376753507013 -28.43984013849557 -27.538009146395304 -27.934141217117663 -28.100102311171966 -27.01534222380678 -27.234171807638194 -28.516821264481475 -30.090701076322155 -31.555849661356014 -31.180678944120892 -31.75355621294234 -28.18669025114976 -28.520970212628733 -27.843223483242127 -28.059035508067247 -29.757804528578735 -28.18866288394817 -28.501367131755515 -27.557532922341288 -27.935804126935384 -29.01717725235473 -27.18400072230617 -28.287037991014543 -27.799026503092943 -25.884136634433435 -26.50434089645099 -25.313238952307323 -28.00588420028541
14.248496993987976 -28.47444834356935 -27.571090829621472 -27.967800357335868 -28.134185071768734 -27.04786268977168 -27.266908262334084 -28.551849860103193 -30.126952548536217 -31.59560443558457 -31.219722275330195 -31.79460328236861 -28.220762906162406 -28.555982971388016 -27.87615167671489 -28.09257268631126 -29.793807827140466 -28.222720371672466 -28.53610173123286 -27.59062913261321 -27.96945935260231 -29.053227674525957 -27.21668698739089 -28.321367602106253 -27.83248434546545 -25.91585909655748 -26.53644000829061 -25.344695193960312 -28.03991833577946
14.308617234468937 -28.50894940861048 -27.60409687571057 -28.00137205249465 -28.1681718880432 -27.080318852242087 -27.299576068011486 -28.586762414452284 -30.163061833077887 -31.63513967952664 -31.258563194613043 -31.83540180194232 -28.254739541062445 -28.59088004285978 -27.90900735146541 -28.126024944392995 -29.829674274583972 -28.256682170875248 -28.570726532913984 -27.62364941007453 -28.003027206125477 -29.089140211571678 -27.249305619777466 -28.3555959668373 -27.865858913249735 -25.947533108054795 -26.56848323051218 -25.376108197739878 -28.073857650044136
14.3687374749499 -28.543345199419186 -27.637028481238453 -28.034857746377266 -28.20206437392523 -27.11271167544771 -27.33217627741311 -28.621560990592904 -30.199031579250768 -31.67445984524113 -31.297205695592947 -31.8759569042998 -28.288621783530925 -28.62566348146656 -27.941791639451605 -28.15939367202126 -29.86540639978748 -28.290549901411627 -28.605243460778542 -27.65659495744643 -28.036509130066918 -29.124917416641836 -27.281857651249037 -28.38972482026824 -27.899151560762192 -25.979159317541477 -26.600471358235716 -25.40747851126866 -28.107703728115627
14.428857715430862 -28.57763669384143 -27.669886017719598 -28.068258034139575 -28.235863278036337 -27.145041321147563 -27.364709132152623 -28.656246745772187 -30.23486347822665 -31.713568272962046 -31.335652695937135 -31.916272553911366 -28.322410395457133 -28.66033443654795 -27.974504853793125 -28.192679415338972 -29.90100578415242 -28.32432431802738 -28.639653545533683 -27.689466151798552 -28.069905718498678 -29.16056089331125 -27.31434330448918 -28.423755021367327 -27.93236280205763 -26.010737602688693 -26.632404400857617 -25.438805921565418 -28.141457292095176
14.488977955911823 -28.611825513689713 -27.70267047414327 -28.101574138663175 -28.269569984835368 -27.177308558296538 -27.39717548503183 -28.69082148795429 -30.270559891153237 -31.75246902405368 -31.373907828633083 -31.95635345546711 -28.35610677350661 -28.694894707966284 -28.007147922318307 -28.2258833461336 -29.936474675189004 -28.358006810037942 -28.67395846393462 -27.72226398793597 -28.10321819312687 -29.19607291192456 -27.346763412459563 -28.45768806861713 -27.965493775493044 -26.042268433145864 -26.664282967037156 -25.470090802373054 -28.17511969944217
14.549098196392785 -28.645916087661174 -27.73538550568931 -28.134810002523114 -28.303188638369488 -27.209516769660276 -27.429578822865803 -28.72528987008905 -30.30612613448481 -31.791169425960003 -31.411977934735678 -31.996207694243765 -28.389715072009018 -28.729348939201124 -28.039724424773677 -28.25900934468261 -29.971818253383013 -28.391601523088706 -28.708162711136076 -27.754992128203693 -28.136450494963707 -29.231458679961886 -27.379121437460796 -28.49152824215091 -27.998548320640282 -26.07375481717282 -26.69611023965908 -25.501336040746022 -28.208695063133327
14.609218436873746 -28.679907192890735 -27.76802944002002 -28.1679641183098 -28.336717843242063 -27.241664129347587 -27.461917378086955 -28.759650804030176 -30.341561523002643 -31.829670056353358 -31.449863260306454 -32.03583633033914 -28.42323390745368 -28.76369603604598 -28.07223264592021 -28.292055867192644 -30.00703575044173 -28.4251070682388 -28.742265103841778 -27.787648904349584 -28.169601115853382 -29.266717446034214 -27.411415598046265 -28.52527422989624 -28.031524869864626 -26.1051947230678 -26.7278842820782 -25.532539539961313 -28.242181967244786
14.669338677354709 -28.713801986511083 -27.800604755729257 -28.20103921648773 -28.37016050633416 -27.273752877509416 -27.49419348188516 -28.793907644056873 -30.376869994951043 -31.867976629329892 -31.487569088654332 -32.075245749123006 -28.456666196115645 -28.797939344433544 -28.10467499828783 -28.325025589478418 -30.04213098485937 -28.458526354119865 -28.776268857581755 -27.820236801243823 -28.202672784900518 -29.30185305242583 -27.443648203945017 -28.55892905841772 -28.06442606326959 -26.136590063728736 -26.759607159692322 -25.563703107165875 -28.275583291238267
14.729458917835672 -28.747600109663303 -27.833110613393615 -28.234034634727134 -28.40351608722642 -27.30578200879375 -27.526406192057973 -28.828060173650798 -30.41205175819984 -31.90609066970634 -31.525096609655794 -32.11443797778673 -28.490011407775892 -28.83207864159806 -28.137050596244883 -28.357917810399293 -30.07710407715597 -28.49185884486866 -28.81017365544535 -27.852754983859516 -28.23566483890975 -29.33686563725157 -27.475818297983956 -28.592492274626373 -28.097251174313378 -26.16793960935208 -26.791277746729136 -25.594825441009196 -28.308898473787742
14.789579158316633 -28.78130670994871 -27.86555140598992 -28.266955047124807 -28.436789458917602 -27.337755648676048 -27.558559736375585 -28.86211375745247 -30.44711281833724 -31.944020113142088 -31.56245330508229 -32.15342167967366 -28.523274422723983 -28.866119283191555 -28.16936375884452 -28.390737143382136 -30.111960901706205 -28.52510941247823 -28.84398470950874 -27.885207852191307 -28.26858195037982 -29.371761100724765 -27.507930083889907 -28.625968882392687 -28.1300047768155 -26.199247115652216 -26.822899971666043 -25.62591017692538 -28.34213235871159
14.849699398797595 -28.814920066431196 -27.89792502237276 -28.29979848578512 -28.46997875140728 -27.36967155251559 -27.59065192091727 -28.89606679119985 -30.482051920237883 -31.981764799696503 -31.599638731486515 -32.19219711542191 -28.5564533805234 -28.900059659754834 -28.20161233766805 -28.423481588987062 -30.146700131372743 -28.55827619184472 -28.87770033314041 -27.917593298642966 -28.301422150748134 -29.40653813028959 -27.539981355684624 -28.659357083583448 -28.16268485067768 -26.23051015878564 -26.854471493480432 -25.65695483436398 -28.375283058490552
14.909819639278556 -28.84844366823227 -27.93023430681515 -28.332568034902295 -28.50308721833942 -27.401532336678294 -27.62268544915667 -28.929922950064483 -30.516873289287236 -32.019330618763995 -31.636658384512177 -32.23077080386133 -28.589551541656324 -28.933903438717902 -28.23379911395608 -28.456154179553785 -30.1813258788076 -28.591362436320203 -28.911324070689925 -27.949914173472816 -28.334188522860675 -29.441200860831902 -27.571974796351313 -28.69266024414646 -28.19529439438174 -26.26173104081438 -26.885994760964174 -25.687961613360383 -28.408353801572375
14.969939879759519 -28.881871756035853 -27.962473314090985 -28.36525781538544 -28.536109022476968 -27.433331997150585 -27.654654339075613 -28.96367653471443 -30.551571410162044 -32.056712674545764 -31.673507185478353 -32.26913809489132 -28.622563079042013 -28.96764491773917 -28.26591812567645 -28.488749020802715 -30.215832590209654 -28.624362316234727 -28.944850180144588 -27.982164533065905 -28.366875187463485 -29.475743746699408 -27.603904418503333 -28.725872565164572 -28.22782750363931 -26.29290368429213 -26.917463729647935 -25.718924414910816 -28.44133874001983
15.03006012024048 -28.91522046949099 -27.99465695700121 -28.397883200973215 -28.56905987059852 -27.465085002898046 -27.686573229978357 -28.997344029305847 -30.586163776285602 -32.09393142116744 -31.710204943670863 -32.30732054739376 -28.655503700011728 -29.001300567424856 -28.29798416369342 -28.521281388194375 -30.25023755333023 -28.657291526164915 -28.978294904177346 -28.01435930177936 -28.39949751538784 -29.510184115341378 -27.635784821667944 -28.759009958084558 -28.260299389882704 -26.32404193475446 -26.948892538049254 -25.749856878789746 -28.474253537894523
15.090180360721442 -28.948482002292177 -28.026777364608115 -28.43043634124392 -28.601931921272108 -27.496783468180865 -27.718434241232597 -29.030917653522767 -30.620642691993663 -32.130979492970106 -31.746744174132928 -32.34531093447934 -28.68836557317006 -29.034862605792075 -28.329989352342004 -28.553743425842868 -30.284533054244093 -28.690142233390322 -29.011650443620418 -28.046490609142012 -28.43204765633523 -29.54451425706779 -27.6676081237874 -28.792064599543465 -28.292702193554646 -26.355137894910193 -26.980273292758135 -25.780751106598437 -28.507090347308974
15.150300601202405 -28.981658756607942 -28.05883639154823 -28.462919294576494 -28.634727377155595 -27.528429054035275 -27.750239107877093 -29.06439996735073 -30.655011184139322 -32.16786132960376 -31.78312898481515 -32.38311423172755 -28.72115090651618 -29.068333586292056 -28.36193549272733 -28.58613714812534 -30.31872202412534 -28.722916639884787 -29.044919247511647 -28.0785603148734 -28.4645276675281 -29.578737121877463 -27.69937604249966 -28.825038787269648 -28.325037900309322 -26.38619295866636 -27.011607512415097 -25.811608405485128 -28.539851349712304
15.210420841683366 -29.01475191269327 -28.090834737726542 -28.49533293930575 -28.667447242531825 -27.56002229122899 -27.781988425282993 -29.097792290125934 -30.689270984241954 -32.204579916808335 -31.819362063859327 -32.42073390226251 -28.753860709754672 -29.101714822456998 -28.39382323793271 -28.618463394756272 -30.352806109933 -28.755615750018354 -29.078102537363915 -28.110569123325888 -28.496938426307352 -29.612854373413384 -27.73108915796655 -28.857933609500268 -28.357307324643433 -26.417207424185808 -27.04289560366515 -25.842428998295222 -28.57253753046921
