web/models/kne/57/mosfit_kn_0.014776_0.1867_3.6500.dat
# %ECSV 1.0
# ---
# datatype:
# - {name: time, datatype: float64}
# - {name: PS1_g, datatype: float64}
# - {name: PS1_i, datatype: float64}
# - {name: PS1_r, datatype: float64}
# - {name: PS1_w, datatype: float64}
# - {name: PS1_y, datatype: float64}
# - {name: PS1_z, datatype: float64}
# - {name: swift_uvot_B, datatype: float64}
# - {name: swift_uvot_U, datatype: float64}
# - {name: swift_uvot_uvm2, datatype: float64}
# - {name: swift_uvot_uvw1, datatype: float64}
# - {name: swift_uvot_uvw2, datatype: float64}
# - {name: swift_uvot_V, datatype: float64}
# - {name: johnson_B, datatype: float64}
# - {name: johnson_I, datatype: float64}
# - {name: johnson_R, datatype: float64}
# - {name: johnson_U, datatype: float64}
# - {name: johnson_V, datatype: float64}
# - {name: sdss_g, datatype: float64}
# - {name: sdss_i, datatype: float64}
# - {name: sdss_r, datatype: float64}
# - {name: sdss_u, datatype: float64}
# - {name: sdss_z, datatype: float64}
# - {name: ATLAS_c, datatype: float64}
# - {name: ATLAS_o, datatype: float64}
# - {name: ukirt_H, datatype: float64}
# - {name: ukirt_J, datatype: float64}
# - {name: ukirt_K, datatype: float64}
# - {name: Clear, datatype: float64}
# meta: !!omap
# - comment: [kappa = 3.65, type = rprocess, mass = 0.014775890654408853, velocity = 0.1866666666666667, theta_obs = 0.0, tfloor = 1000.0]
# schema: astropy-2.0
time PS1_g PS1_i PS1_r PS1_w PS1_y PS1_z swift_uvot_B swift_uvot_U swift_uvot_uvm2 swift_uvot_uvw1 swift_uvot_uvw2 swift_uvot_V johnson_B johnson_I johnson_R johnson_U johnson_V sdss_g sdss_i sdss_r sdss_u sdss_z ATLAS_c ATLAS_o ukirt_H ukirt_J ukirt_K Clear
[from data line 114]
6.913827655310621 3.432492852399065 -4.3317695405906065 -1.2979257537379851 -2.870570366626257 -7.369297195966453 -6.157829019155283 6.523199008405837 12.194550780185516 24.93560981062493 9.510859949697164 11.792072048615175 1.5882467833806289 5.5772224374969745 -5.7212156770195675 -2.9961543091616187 11.33242689377428 0.8514037023799783 4.145733321888674 -4.260511614069475 -1.1166835483962778 12.73769928883512 -6.620866430196077 0.5133424669363862 -3.3742185406684477 -11.528679678255587 -9.736310779536852 -12.629984763121394 -4.773476842806232
6.973947895791583 3.7060320913383116 -4.151408781775068 -1.0806587870328244 -2.6858996026259696 -7.229506644458006 -6.000902303500624 6.834191692560808 12.587479067060254 25.42663031397687 9.79338468268411 12.092592583976206 1.8452773692677191 5.867614600140026 -5.554418091952949 -2.807719547248227 11.711673782455144 1.0913689771124193 4.427613894560292 -4.079278239004065 -0.8955774024331653 13.12729376590232 -6.472723898545176 0.7447571771468908 -3.1896400673536363 -11.454534428357926 -9.632418621184867 -12.577365655611954 -4.620178565439428
7.034068136272545 3.980324573487337 -3.9704585398104086 -0.8627597821028132 -2.5007288190651167 -7.089185217288243 -5.843403432700001 7.1460059026309155 12.981452698675398 25.918358450142083 10.0763095167855 12.393817996146158 2.103064424899183 6.158618040736879 -5.387077148234037 -2.618932466391642 12.09186985621545 1.3318527698005258 4.710252026101891 -3.8974606890162278 -0.6738121283965626 13.517899183369835 -6.32410087182782 0.9767946018593321 -3.0045709257560738 -11.380014324964554 -9.52809146646503 -12.52442483937937 -4.466542127194373
7.0941883767535066 4.255261575876528 -3.7889950892968827 -0.644317773916665 -2.315133077967637 -6.948394494492689 -5.685400183350495 7.458519007297885 13.376319085596169 26.41062824567921 10.35953339953723 12.695632529442427 2.3615033683341364 6.450119175058774 -5.2192641448586405 -2.4298705737340436 12.472866701226966 1.5727562544027964 4.993535738781407 -3.7151356620867304 -0.45147866354746213 13.909363062426845 -6.1750625184356345 1.209362513967811 -2.819086528108503 -11.305156263683942 -9.423377422443531 -12.471190759042193 -4.312630656284142
7.154308617234468 4.530747625634124 -3.6070856512167104 -0.425411039396586 -2.129178158940288 -6.807188876845931 -5.526952383435759 7.771623345976203 13.77194420650385 26.90329657477301 10.642969160498446 12.997934923898061 2.6205021273926006 6.742018670922217 -5.051041915897701 -2.2406016069935513 12.854533977918752 1.81399263953429 5.277366694755941 -3.5323707526143266 -0.22865703367450863 14.301551416129143 -6.025666354829742 1.4423800492871308 -2.633252949041225 -11.229992918471508 -9.318319012600538 -12.417688621388956 -4.158499303920795
7.214428857715431 4.806713095047659 -3.4247797998330043 -0.20609692982191063 -1.942911825779703 -6.66560873052962 -5.368104315907285 8.085240434211645 14.168230371318273 27.39626487457858 10.926556307955764 13.300652129611429 2.8799930425703897 7.034244688794363 -4.882456829957277 -2.0511747087571424 13.236776565982094 2.0554982496363676 5.561673145762747 -3.3492158234516545 -0.005406010349098267 14.69436635825586 -5.875955057655009 1.6757884660138345 -2.4471182026804783 -11.154548725561442 -9.212947878998142 -12.363937311611773 -4.004187905572536
7.274549098196393 5.08303917133377 -3.2421605979407175 0.0135275495195053 -1.7564159823624692 -6.523721132073952 -5.208929868044354 8.399236328473812 14.565010505107292 27.88934868826966 11.210184001549575 13.603657445504474 3.1398620453436683 7.326673686399495 -4.713586426935833 -1.861673402538149 13.619432426683822 2.2971662778813267 5.84633277509047 -3.165754357904369 0.21817530804186802 15.087641272148051 -5.725999285724264 1.9094869656641755 -2.260764368118622 -11.07886376090107 -9.107316293419492 -12.30996773866856 -3.8497649931981393
7.3346693386773545 5.359685859993721 -3.0592573456233474 0.23342908633441795 -1.5697177239684912 -6.381550333928203 -5.049455480665053 8.713566012432555 14.962228528227808 28.38249996753921 11.493822261045779 13.906910140302685 3.400069503057341 7.619265448623139 -4.544458142828037 -1.672125313824531 14.00244685345794 2.5389597512217703 6.131304327991742 -2.9820158406297104 0.44205256257233927 15.48131967309704 -5.575824623550538 2.1434421644894464 -2.074218703248647 -11.002952993285662 -9.001443387064041 -12.255791531344736 -3.695252778695828
7.394789579158316 5.636492889045588 -2.8761812968275358 0.4534773219959298 -1.3829276516922384 -6.2391859376488945 -4.889780016482952 9.028048824256903 15.359658772729077 28.875461457814165 11.777318009593092 14.21023833958191 3.6604622491428946 7.9118531505126874 -4.3751757207256246 -1.482642468028115 14.385601466655665 2.780735940426829 6.416422884529478 -2.7981120410494142 0.6660927141055417 15.875177008010173 -5.4255251867689935 2.377517842550958 -1.8875918620110888 -10.926869673334545 -8.895398794420506 -12.20144973761492 -3.5407437433420874
7.454909819639278 5.913468366946226 -2.6929288709571786 0.6736778885604977 -1.1960394008116104 -6.096626017408955 -4.729900921718571 9.342694043493356 15.757312833994774 29.36826738578089 12.060690436519828 14.513653724019605 3.9210461421755367 8.204447568788563 -4.205735930980828 -1.2932180962259678 14.7689071144437 3.0225007868691938 6.701696671607191 -2.6140394092151276 0.8903009849136545 16.26922402461867 -5.275098928789426 2.6117217431258766 -1.700877579324942 -10.8506134068112 -8.789181361673338 -12.146942202858105 -3.386231751532609
7.51503006012024 6.1904578741066985 -2.509607251804784 0.8939052678288206 -1.0091594207397492 -5.95395697740388 -4.5699135322448114 9.657327652972423 16.1549731477084 29.860669659702513 12.343792531110882 14.816990817484005 4.181673603465181 8.496888427741776 -4.036238674347184 -1.103959455027124 15.152153484188105 3.2641173427203745 6.986966816408238 -2.429905604909006 1.1145492353259279 16.663244361459846 -5.124636416161579 2.8459226693564865 -1.514182270755171 -10.774235547601217 -8.682858201191975 -12.092308537161658 -3.2318055698030257
7.575150300601202 6.467440664756463 -2.3262324348885777 1.114141903328818 -0.8223013486838582 -5.8111925235732365 -4.409832631205397 9.97192642227369 16.55261053520494 30.35265118738828 12.626613772225763 15.120229796421732 4.442323331585853 8.789156341311465 -3.8666989149872064 -0.9148796181973864 15.535312235810828 3.5055666080104357 7.272211896728411 -2.24572671821905 1.3388191031523178 17.05720847407102 -4.974151872811774 3.0801036843070584 -1.327519581080221 -10.697744839613515 -8.576440204639669 -12.037555626086556 -3.0774757760799787
7.635270541082164 6.729932273697212 -2.151896539502083 1.323174238535767 -0.6447495729682196 -5.675086588027334 -4.257410623180213 10.269838850261682 16.928782948156602 30.817378252185772 12.894365480231151 15.407381986710803 4.689448966567997 9.065901533295492 -3.7054098459240334 -0.7353770791990335 15.89778176890486 3.734426631399244 7.5424723750116485 -2.0706405873890787 1.5516628980321912 17.429888478331428 -4.830838235202197 3.3022508082784086 -1.1501617163313682 -10.624073965942829 -8.474584670453138 -11.984362646416 -2.930643616729558
7.695390781563126 6.755944086596113 -2.1258847266031644 1.3491860514346854 -0.6187377600693011 -5.649074775128415 -4.231398810281295 10.2958506631606 16.95479476105552 30.843390065084687 12.92037729313007 15.433393799609721 4.715460779466915 9.09191334619441 -3.679398033025115 -0.7093652663001151 15.923793581803778 3.7604384442981624 7.568484187910567 -2.044628774490178 1.5776747109311096 17.455900291230346 -4.804826422303297 3.328262621177327 -1.1241499034324676 -10.59806215304391 -8.44857285755422 -11.9583508335171 -2.9046318038306396
7.755511022044088 6.78162822039404 -2.100200592805237 1.3748701852326128 -0.5930536262713737 -5.623390641330488 -4.2057146764833675 10.321534796958527 16.980478894853448 30.86907419888262 12.946061426927997 15.459077933407649 4.741144913264843 9.117597479992337 -3.6537138992271876 -0.6836811325021876 15.949477715601706 3.78612257809609 7.594168321708494 -2.018944640692233 1.603358844729037 17.481584425028274 -4.779142288505351 3.3539467549752544 -1.0984657696345401 -10.572378019245983 -8.422888723756293 -11.932666699719155 -2.878947670032712
7.8156312625250495 6.806979439795509 -2.0748493734037687 1.400221404634081 -0.5677024068699055 -5.59803942192902 -4.180363457081899 10.346886016359996 17.005830114254916 30.894425418284083 12.971412646329465 15.484429152809117 4.766496132666311 9.142948699393806 -3.6283626798257194 -0.6583299131007194 15.974828935003174 3.811473797497558 7.6195195411099625 -1.9935934212907824 1.6287100641305052 17.506935644429742 -4.753791069103901 3.3792979743767226 -1.073114550233072 -10.547026799844515 -8.397537504354824 -11.907315480317704 -2.853596450631244
7.875751503006012 6.832002630477998 -2.0498261827212794 1.4252445953165527 -0.5426792161874339 -5.573016231246548 -4.15534026639941 10.371909207042485 17.030853304937388 30.919448608966565 12.996435837011955 15.509452343491606 4.7915193233487825 9.167971890076295 -3.60333948914323 -0.63330672241823 15.999852125685646 3.8364969881800297 7.644542731792434 -1.968570230608293 1.6537332548129946 17.531958835112214 -4.7287678784214116 3.4043211650591942 -1.0480913595505825 -10.522003609162043 -8.372514313672353 -11.882292289635215 -2.8285732599487723
7.935871743486974 6.8566905177242 -2.0251382954750774 1.4499324825627546 -0.5179913289412319 -5.548328344000346 -4.130652379153208 10.396597094288687 17.05554119218359 30.944136496212767 13.021123724258157 15.534140230737808 4.8162072105949845 9.192659777322497 -3.578651601897028 -0.6086188351720281 16.024540012931848 3.8611848754262317 7.669230619038636 -1.943882343362091 1.6784211420591966 17.556646722358416 -4.70407999117521 3.429009052305396 -1.0234034723043806 -10.497315721915841 -8.34782642642615 -11.857604402389013 -2.8038853727025703
7.995991983967936 6.881049127583232 -2.000779685616063 1.4742910924217867 -0.49363271908219986 -5.523969734141314 -4.106293769294194 10.420955704147701 17.079899802042622 30.96849510607179 13.045482334117171 15.558498840596823 4.8405658204540165 9.217018387181511 -3.5542929920380137 -0.5842602253130138 16.04889862279088 3.8855434852852637 7.693589228897668 -1.919523733503059 1.7027797519182108 17.581005332217448 -4.6797213813161775 3.4533676621644283 -0.9990448624453663 -10.47295711205681 -8.323467816567119 -11.833245792529981 -2.7795267628435383
8.056112224448897 6.905071137407983 -1.976757675791312 1.498313102246538 -0.46961070925744863 -5.499947724316563 -4.082271759469442 10.44497771397247 17.103921811867373 30.99251711589655 13.06950434394194 15.582520850421592 4.864587830278768 9.241040397006262 -3.5302709822132448 -0.5602382154882626 16.07292063261563 3.909565495110015 7.717611238722419 -1.8955017236783078 1.7268017617429798 17.6050273420422 -4.655699371491426 3.4773896719891795 -0.9750228526205973 -10.448935102232058 -8.299445806742368 -11.80922378270523 -2.755504753018787
8.11623246492986 6.928762063744767 -1.9530667494545284 1.5220040285833214 -0.44591978292066514 -5.476256797979779 -4.058580833132659 10.468668640309254 17.127612738204157 31.016208042233334 13.093195270278724 15.606211776758375 4.888278756615551 9.264731323343046 -3.5065800558764613 -0.5365472891514791 16.096611558952414 3.9332564214467984 7.741302165059203 -1.8718107973415243 1.7504926880797633 17.628718268378982 -4.632008445154643 3.501080598325963 -0.9513319262838138 -10.425244175895275 -8.275754880405584 -11.785532856368446 -2.7318138266820036
8.176352705410821 6.952124463512526 -1.9297043496867694 1.5453664283510804 -0.42255738315290614 -5.45289439821202 -4.0352184333649 10.492031040076995 17.150975137971916 31.039570442001082 13.116557670046465 15.629574176526116 4.91164115638331 9.288093723110805 -3.48321765610872 -0.5131848893837201 16.119973958720173 3.9566188212145574 7.764664564826962 -1.8484483975737653 1.7738550878475046 17.65208066814674 -4.608646045386884 3.524442998093722 -0.9279695265160726 -10.401881776127516 -8.252392480637825 -11.762170456600687 -2.7084514269142446
8.236472945891784 6.975153676918104 -1.906675136281173 1.568395641756677 -0.39952816974730965 -5.429865184806424 -4.012189219959303 10.515060253482591 17.174004351377512 31.062599655406682 13.139586883452061 15.652603389931713 4.934670369788907 9.311122936516401 -3.4601884427031235 -0.4901556759781236 16.14300317212577 3.979648034620154 7.787693778232558 -1.8254191841681866 1.796884301253101 17.675109881552338 -4.585616831981305 3.5474722114993185 -0.9049403131104761 -10.378852562721919 -8.229363267232229 -11.739141243195109 -2.685422213508648
8.296593186372744 6.997859619313562 -1.883969193885715 1.591101584152117 -0.3768222273518518 -5.407159242410984 -3.9894832775638456 10.53776619587805 17.19671029377297 31.085305597802137 13.16229282584752 15.67530933232717 4.957376312184347 9.33382887891186 -3.4374825003076657 -0.4674497335826657 16.16570911452121 4.002353977015612 7.810399720628016 -1.8027132417727287 1.819590243648559 17.697815823947796 -4.562910889585847 3.5701781538947763 -0.8822343707150182 -10.356146620326479 -8.206657324836788 -11.71643530079965 -2.662716271113208
8.356713426853707 7.020238733309245 -1.861590079890032 1.6134806981478 -0.3544431133561865 -5.384780128415301 -3.9671041635681625 10.560145309873732 17.219089407768635 31.107684711797813 13.184671939843202 15.697688446322854 4.97975542618003 9.356207992907542 -3.4151033863119826 -0.4450706195869827 16.188088228516893 4.024733091011277 7.8327788346236815 -1.7803341277770457 1.841969357644242 17.72019493794346 -4.540531775590164 3.5925572678904416 -0.8598552567193352 -10.333767506330796 -8.184278210841105 -11.694056186803968 -2.640337157117525
8.41683366733467 7.042297081053341 -1.8395317321459537 1.6355390458918961 -0.3323847656120904 -5.362721780671205 -3.945045815824084 10.58220365761781 17.24114775551273 31.129743059541912 13.206730287587298 15.719746794066932 5.001813773924126 9.37826634065162 -3.3930450385679043 -0.42301227184290435 16.21014657626099 4.046791438755373 7.854837182367778 -1.7582757800329496 1.864027705388338 17.742253285687557 -4.518473427846068 3.6146156156345377 -0.8377969089752391 -10.3117091585867 -8.16221986309701 -11.671997839059872 -2.618278809373429
8.47695390781563 7.064037626431734 -1.8177911867675434 1.6572795912703064 -0.3106442202336801 -5.340981235292812 -3.923305270445674 10.603944202996221 17.26288830089114 31.151483604920312 13.22847083296569 15.741487339445342 5.0235543193025185 9.400006886030031 -3.371304493189494 -0.40127172646449405 16.23188712163938 4.0685319841337835 7.876577727746188 -1.736535234654557 1.8857682507667306 17.763993831065967 -4.4967328824676756 3.636356161012948 -0.8160563635968465 -10.28996861320829 -8.140479317718599 -11.650257293681479 -2.5965382639950363
8.537074148296593 7.0854621966607745 -1.7963666165385028 1.6787041614993292 -0.28921965000463956 -5.319556665063772 -3.9018807002166334 10.625368773225262 17.284312871120182 31.17290817514935 13.249895403194731 15.762911909674383 5.044978889531559 9.421431456259072 -3.3498799229604534 -0.3798471562354535 16.253311691868422 4.089956554362806 7.8980022979752285 -1.7151106644255165 1.9071928209957711 17.785418401295008 -4.475308312238635 3.6577807312419885 -0.794631793367806 -10.268544042979267 -8.119054747489576 -11.628832723452438 -2.5751136937659957
