web/models/kne/57/mosfit_kn_0.006452_0.0613_10.0000.dat
# %ECSV 1.0
# ---
# datatype:
# - {name: time, datatype: float64}
# - {name: PS1_g, datatype: float64}
# - {name: PS1_i, datatype: float64}
# - {name: PS1_r, datatype: float64}
# - {name: PS1_w, datatype: float64}
# - {name: PS1_y, datatype: float64}
# - {name: PS1_z, datatype: float64}
# - {name: swift_uvot_B, datatype: float64}
# - {name: swift_uvot_U, datatype: float64}
# - {name: swift_uvot_uvm2, datatype: float64}
# - {name: swift_uvot_uvw1, datatype: float64}
# - {name: swift_uvot_uvw2, datatype: float64}
# - {name: swift_uvot_V, datatype: float64}
# - {name: johnson_B, datatype: float64}
# - {name: johnson_I, datatype: float64}
# - {name: johnson_R, datatype: float64}
# - {name: johnson_U, datatype: float64}
# - {name: johnson_V, datatype: float64}
# - {name: sdss_g, datatype: float64}
# - {name: sdss_i, datatype: float64}
# - {name: sdss_r, datatype: float64}
# - {name: sdss_u, datatype: float64}
# - {name: sdss_z, datatype: float64}
# - {name: ATLAS_c, datatype: float64}
# - {name: ATLAS_o, datatype: float64}
# - {name: ukirt_H, datatype: float64}
# - {name: ukirt_J, datatype: float64}
# - {name: ukirt_K, datatype: float64}
# - {name: Clear, datatype: float64}
# meta: !!omap
# - comment: [kappa = 10.0, type = rprocess, mass = 0.006451950121499907, velocity = 0.061333333333333344, theta_obs = 0.0, tfloor = 1000.0]
# schema: astropy-2.0
time PS1_g PS1_i PS1_r PS1_w PS1_y PS1_z swift_uvot_B swift_uvot_U swift_uvot_uvm2 swift_uvot_uvw1 swift_uvot_uvw2 swift_uvot_V johnson_B johnson_I johnson_R johnson_U johnson_V sdss_g sdss_i sdss_r sdss_u sdss_z ATLAS_c ATLAS_o ukirt_H ukirt_J ukirt_K Clear
[from data line 377]
22.725450901803605 9.396890058073328 0.515061244874051 3.990132022911901 2.0222082114079143 -3.0081288036512 -1.5904528388040795 12.936796634637815 19.595740732532736 33.484336036561906 15.561323264607285 18.074339771086937 7.356406750944131 11.732859317671625 -1.0384520615478996 1.9315807051771003 18.564739553280994 6.401384415775378 10.209430159387782 0.5963171969870373 4.218620682408325 20.09684626270756 -2.163880450826081 5.969208592654542 1.5167960680447479 -7.957116181566696 -5.807626886077005 -9.317404862039885 -0.2636858323534419
22.785571142284567 9.402090810675894 0.5202619974766165 3.9953327755144485 2.0274089640104798 -3.0029280510486522 -1.585252086201514 12.94199738724038 19.600941485135294 33.489536789164475 15.56652401720985 18.079540523689502 7.361607503546678 11.73806007027419 -1.0332513089453341 1.9367814577796658 18.56994030588354 6.406585168377926 10.214630911990348 0.6015179495896028 4.2238214350108905 20.102047015310127 -2.1586796982235157 5.974409345257108 1.5219968206473133 -7.951915428964148 -5.802426133474457 -9.31220410943732 -0.2584850797508764
22.84569138276553 9.407272502805899 0.5254436896066217 4.000514467644454 2.032590656140485 -2.997746358918647 -1.5800703940715088 12.947179079370386 19.606123177265296 33.49471848129447 15.571705709339856 18.084722215819507 7.3667891956766836 11.743241762404196 -1.028069616815329 1.941963149909671 18.575121998013547 6.411766860507931 10.219812604120353 0.606699641719608 4.229003127140896 20.107228707440132 -2.1534980060935105 5.979591037387113 1.5271785127773185 -7.946733736834143 -5.797244441344452 -9.307022417307314 -0.25330338762087123
22.905811623246493 9.412435306864264 0.5306064936649868 4.005677271702837 2.03775346019885 -2.992583554860282 -1.5749075900131437 12.952341883428751 19.61128598132366 33.49988128535284 15.576868513398221 18.089885019877872 7.371951999735049 11.748404566462561 -1.0229068127569638 1.9471259539680361 18.580284802071912 6.416929664566314 10.224975408178718 0.6118624457779731 4.234165931199261 20.112391511498497 -2.1483352020351454 5.984753841445478 1.5323413168356836 -7.94157093277576 -5.792081637286069 -9.301859613248949 -0.24814058356250612
22.965931863727455 9.417579415661095 0.5357506024618175 4.010821380499667 2.0428975689956808 -2.9874394460634512 -1.569763481216313 12.957485992225582 19.616430090120502 33.505025394149676 15.582012622195052 18.095029128674703 7.377096108531879 11.753548675259392 -1.0177627039601331 1.9522700627648668 18.58542891086876 6.422073773363144 10.230119516975549 0.6170065545748038 4.2393100399960915 20.117535620295328 -2.1431910932383147 5.989897950242309 1.5374854256325143 -7.9364268239789295 -5.786937528489238 -9.296715504452118 -0.24299647476567543
23.026052104208414 9.42270501987343 0.5408762066741524 4.015946984712002 2.0480231732080156 -2.9823138418511164 -1.5646378770039782 12.962611596437917 19.621555694332827 33.51015099836201 15.587138226407387 18.100154732887038 7.382221712744214 11.758674279471727 -1.0126370997477983 1.9573956669772017 18.590554515081077 6.427199377575479 10.235245121187884 0.6221321587871387 4.244435644208426 20.122661224507663 -2.13806548902598 5.995023554454644 1.5426110298448492 -7.931301219766595 -5.781811924276921 -9.291589900239783 -0.23787087055334055
23.086172344689377 9.427812413189418 0.5459835999901408 4.021054378027991 2.053130566524004 -2.977206448535128 -1.5595304836879897 12.967718989753905 19.626663087648815 33.515258391677996 15.592245619723375 18.105262126203026 7.387329106060203 11.763781672787715 -1.0075297064318098 1.96250306029319 18.595661908397066 6.432306770891468 10.240352514503872 0.6272395521031271 4.249543037524415 20.12776861782365 -2.1329580957099914 6.000130947770632 1.5477184231608376 -7.926193826450606 -5.776704530960933 -9.286482506923795 -0.23276347723735213
23.14629258517034 9.432901756924057 0.5510729437247619 4.026143721762612 2.058219910258625 -2.972117104800489 -1.5544411399533686 12.972808333488526 19.631752431383447 33.52034773541263 15.597334963458014 18.110351469937665 7.3924184497948415 11.768871016522336 -1.002440362697171 1.9675924040278112 18.600751252131705 6.437396114626089 10.245441858238493 0.632328895837766 4.254632381259054 20.132857961558273 -2.1278687519753525 6.005220291505253 1.5528077668954765 -7.921104482715985 -5.771615187226294 -9.281393163189156 -0.22767413350271326
23.206412825651302 9.437973234007462 0.5561444208081845 4.031215198846034 2.0632913873420478 -2.9670456277170665 -1.549369662869946 12.977879810571949 19.63682390846687 33.52541921249604 15.602406440541419 18.11542294702107 7.397489926878264 11.773942493605759 -0.9973688856137661 1.9726638811112338 18.605822729215127 6.442467591709511 10.250513335321916 0.6374003729211708 4.2597038583424585 20.137929438641695 -2.12279727489193 6.010291768588676 1.5578792439788813 -7.9160330056325625 -5.766543710142871 -9.276321686105733 -0.22260265641929067
23.266533066132265 9.443026958233585 0.5611981450343073 4.036268923072139 2.068345111568153 -2.9619919034909614 -1.5443159386438232 12.982933534798072 19.64187763269298 33.530472936722155 15.607460164767541 18.120476671247193 7.402543651104369 11.778996217831864 -0.9923151613876433 1.9777176053373389 18.610876453441232 6.447521315935616 10.25556705954802 0.6424540971472936 4.264757582568581 20.1429831628678 -2.117743550665825 6.015345492814781 1.5629329682050042 -7.9109792814064575 -5.761489985916766 -9.271267961879628 -0.2175489321931856
23.326653306613224 9.448063153336275 0.5662343401369974 4.041305118174847 2.0733813066708606 -2.9569557083882536 -1.5392797435411332 12.987969729900762 19.646913827795682 33.53550913182485 15.612496359870232 18.125512866349883 7.407579846207077 11.784032412934572 -0.9872789662849533 1.9827538004400467 18.61591264854394 6.452557511038324 10.260603254650729 0.6474902922500014 4.269793777671271 20.148019357970508 -2.112707355563117 6.020381687917489 1.5679691633076942 -7.90594308630375 -5.756453790814058 -9.26623176677692 -0.2125127370904778
23.386773547094187 9.45308197942932 0.5712531662300435 4.046323944267876 2.078400132763889 -2.951936882295225 -1.534260917448087 12.992988555993808 19.65193265388872 33.540527957917895 15.617515185963278 18.13053169244293 7.412598672300105 11.7890512390276 -0.9822601401919071 1.987772626533075 18.62093147463697 6.457576337131353 10.265622080743757 0.6525091183430298 4.2748126037643175 20.153038184063536 -2.1076885294700887 6.025400514010517 1.5729879894007404 -7.900924260210721 -5.75143496472103 -9.261212940683892 -0.2074939109974494
23.44689378757515 9.458083659937184 0.576254846737907 4.051325624775739 2.08340181327177 -2.946935201787362 -1.5292592369402236 12.997990236501671 19.65693433439658 33.54552963842576 15.622516866471141 18.135533372950793 7.417600352807969 11.794052919535481 -0.9772584596840437 1.9927743070409563 18.625933155144832 6.462578017639216 10.270623761251638 0.6575107988508933 4.279814284272181 20.158039864571418 -2.1026868489622252 6.030402194518398 1.5779896699086038 -7.895922579702858 -5.7464332842131665 -9.256211260176029 -0.20249223048958598
23.507014028056112 9.463068368885157 0.5812395556858796 4.056310333723712 2.088386522219725 -2.941950492839389 -1.524274527992251 13.002974945449644 19.661919043344554 33.55051434737373 15.627501575419114 18.140518081898765 7.4225850617559415 11.799037628483454 -0.972273750736071 1.997759015988929 18.630917864092805 6.467562726587189 10.275608470199593 0.6624955077988659 4.284798993220154 20.163024573519372 -2.0977021400142526 6.035386903466353 1.5829743788565764 -7.890937870754885 -5.741448575265194 -9.251226551228056 -0.19750752154161333
23.567134268537075 9.468036267207705 0.5862074540084272 4.061278232046259 2.0933544205422727 -2.9369825945168415 -1.5193066296697033 13.007942843772192 19.6668869416671 33.555482245696275 15.632469473741661 18.145485980221313 7.427552960078489 11.804005526805984 -0.9673058524135234 2.0027269143114586 18.635885762415352 6.472530624909736 10.28057636852214 0.6674634061214135 4.289766891542701 20.16799247184192 -2.092734241691705 6.040354801788901 1.587942277179124 -7.8859699724323375 -5.736480676942646 -9.246258652905508 -0.1925396232190657
23.627254509018034 9.472987508461195 0.5911586952619174 4.0662294732997495 2.0983056617957807 -2.9320313532633513 -1.514355388416213 13.012894085025682 19.671838182920595 33.560433486949776 15.637420714995152 18.150437221474803 7.432504201331979 11.808956768059492 -0.9623546111600332 2.0076781555649665 18.640837003668842 6.477481866163244 10.285527609775649 0.6724146473749038 4.294718132796191 20.172943713095428 -2.0877830004382147 6.045306043042409 1.5928935184326143 -7.881018731178847 -5.731529435689156 -9.241307411652018 -0.18758838196557548
23.687374749498996 9.477922221991513 0.5960934087922176 4.071164186830067 2.103240375326081 -2.9270966397330334 -1.509420674885913 13.017828798556 19.676772896450903 33.56536820048009 15.64235542852547 18.15537193500512 7.437438914862297 11.813891481589792 -0.9574198976297152 2.0126128690952667 18.64577171719916 6.4824165796935445 10.290462323305949 0.6773493609052217 4.299652846326509 20.17787842662573 -2.082848286907897 6.050240756572709 1.5978282319629322 -7.876084017648529 -5.726594722158838 -9.2363726981217 -0.18265366843525754
23.74749498997996 9.482840571774211 0.6010117585749164 4.076082536612766 2.1081587251087797 -2.9221782899503346 -1.5045023251032141 13.02274714833868 19.6816912462336 33.570286550262786 15.647273778308168 18.16029028478782 7.442357264644996 11.81880983137249 -0.9525015478470165 2.0175312188779655 18.65069006698186 6.487334929476243 10.295380673088648 0.6822677106879205 4.304571196109208 20.182796776408427 -2.077929937125198 6.055159106355408 1.602746581745631 -7.871165667865831 -5.721676372376139 -9.231454348339001 -0.17773531865255876
23.80761523046092 9.487742701799515 0.605913888600238 4.08098466663807 2.1130608551341012 -2.9172761599250308 -1.4996001950778926 13.027649278364002 19.686593376258912 33.575188680288086 15.652175908333472 18.165192414813124 7.4472593946703 11.823711961397812 -0.9475994178217126 2.022433348903287 18.655592197007163 6.492237059501547 10.300282803113952 0.6871698407132243 4.309473326134512 20.18769890643375 -2.073027807099894 6.060061236380729 1.6076487117709348 -7.866263537840527 -5.716774242350835 -9.226552218313698 -0.17283318862725494
23.867735470941884 9.492628816778392 0.610800003579115 4.085870781616947 2.1179469701129783 -2.9123900449461537 -1.4947140800990155 13.03253539334288 19.691479491237793 33.58007479526696 15.65706202331235 18.170078529792 7.452145509649177 11.82859807637669 -0.9427133028428356 2.027319463882164 18.66047831198604 6.497123174480424 10.305168918092829 0.6920559556921013 4.314359441113389 20.192585021412608 -2.068141692121017 6.064947351359589 1.6125348267498119 -7.86137742286165 -5.711888127371958 -9.22166610333482 -0.1679470736483779
23.927855711422843 9.497499063841097 0.6156702506418199 4.090741028679652 2.1228172171756654 -2.907519797883449 -1.4898438330363106 13.037405640405584 19.696349738300498 33.58494504232967 15.661932270375054 18.174948776854706 7.457015756711882 11.833468323439376 -0.9378430557801307 2.0321897109448512 18.665348559048745 6.501993421543129 10.310039165155533 0.6969262027548062 4.319229688176094 20.197455268475323 -2.0632714450583123 6.0698175984222935 1.6174050738125167 -7.856507175798945 -5.7070178803092535 -9.216795856272116 -0.16307682658567302
23.987975951903806 9.50235357597693 0.6205247627776522 4.095595540815502 2.1276717293115155 -2.9026652857475987 -1.4849893209004783 13.042260152541417 19.701204250436337 33.58979955446551 15.666786782510886 18.179803288990538 7.461870268847732 11.838322835575227 -0.9329885436442984 2.0370442230807013 18.670203071184595 6.506847933678979 10.314893677291384 0.7017807148906385 4.324084200311926 20.202309780611163 -2.05841693292248 6.074672110558144 1.622259585948349 -7.851652663663095 -5.702163368173403 -9.211941344136283 -0.15822231444982293
24.04809619238477 9.507192473533905 0.625363660334628 4.10043443837246 2.1325106268684912 -2.8978263881906408 -1.4801504233435026 13.047099050098392 19.706043147993306 33.59463845202247 15.671625680067862 18.184642186547514 7.46670916640469 11.843161733132202 -0.9281496460873226 2.041883120637677 18.675041968741553 6.511686831235937 10.319732574848341 0.7066196124476143 4.328923097868902 20.20714867816813 -2.053578035365504 6.079511008115119 1.6270984835053248 -7.846813766106137 -5.697324470616445 -9.207102446579308 -0.15338341689286494
24.10821643286573 9.512015900153568 0.6301870869542725 4.105257864992122 2.1373340534881358 -2.8930029615709785 -1.475326996723858 13.051922476718037 19.710866574612957 33.59946187864214 15.676449106687524 18.189465613167176 7.471532593024352 11.847985159751847 -0.9233262194676781 2.0467065472573216 18.679865395361215 6.516510257855599 10.324556001468004 0.7114430390672766 4.333746524488564 20.211972104787783 -2.048754608745842 6.084334434734764 1.631921910124987 -7.8419903394864745 -5.692501043996783 -9.202279019959645 -0.14855999027320266
24.168336673346694 9.51682399124417 0.6349951780448926 4.110065956082725 2.142142144578756 -2.888194870480376 -1.470518905633238 13.056730567808657 19.715674665703567 33.60426996973274 15.681257197778127 18.19427370425778 7.4763406841149544 11.852793250842467 -0.918518128377058 2.0515146383479417 18.684673486451818 6.521318348946202 10.329364092558606 0.7162511301578789 4.3385546155791666 20.216780195878393 -2.0439465176552396 6.089142525825366 1.6367300012155894 -7.837182248395872 -5.687692952906181 -9.197470928869043 -0.14375189918260034
24.228456913827653 9.521616869068925 0.6397880558696478 4.11485883390748 2.1469350224034933 -2.883401992655621 -1.4657260278084827 13.061523445633412 19.720467543528322 33.609062847557496 15.686050075602882 18.199066582082533 7.48113356193971 11.857586128667204 -0.9137252505523028 2.056307516172679 18.689466364276573 6.526111226770957 10.334156970383361 0.7210440079826341 4.343347493403922 20.221573073703148 -2.0391536398304844 6.093935403650121 1.6415228790403447 -7.832389370571117 -5.682900075081426 -9.192678051044288 -0.1389590213578451
24.288577154308616 9.52639473269258 0.6445659194933029 4.119636697531153 2.151712886027166 -2.878624129031948 -1.4609481641848276 13.066301309257067 19.725245407151988 33.61384071118116 15.690827939226537 18.20384444570619 7.4859114255633825 11.862363992290877 -0.9089473869286477 2.061085379796352 18.694244227900246 6.53088909039463 10.338934834007034 0.725821871606307 4.348125357027577 20.226350937326814 -2.0343757762068115 6.098713267273794 1.6463007426639997 -7.827611506947444 -5.678122211457753 -9.187900187420615 -0.13418115773417227
24.34869739478958 9.531157703111024 0.6493288899117289 4.124399667949579 2.156475856445592 -2.873861158613522 -1.4561851937664017 13.071064279675493 19.730008377570414 33.618603681599595 15.69559090964498 18.208607416124632 7.4906743959818085 11.867126962709303 -0.904184416510204 2.065848350214778 18.69900719831867 6.535652060813056 10.34369780442546 0.730584842024733 4.352888327446021 20.23111390774524 -2.0296128057883855 6.10347623769222 1.6510637130824435 -7.822848536529018 -5.673359241039327 -9.183137217002189 -0.12941818731574628
