web/models/kne/57/mosfit_kn_0.004263_0.0927_3.6500.dat
# %ECSV 1.0
# ---
# datatype:
# - {name: time, datatype: float64}
# - {name: PS1_g, datatype: float64}
# - {name: PS1_i, datatype: float64}
# - {name: PS1_r, datatype: float64}
# - {name: PS1_w, datatype: float64}
# - {name: PS1_y, datatype: float64}
# - {name: PS1_z, datatype: float64}
# - {name: swift_uvot_B, datatype: float64}
# - {name: swift_uvot_U, datatype: float64}
# - {name: swift_uvot_uvm2, datatype: float64}
# - {name: swift_uvot_uvw1, datatype: float64}
# - {name: swift_uvot_uvw2, datatype: float64}
# - {name: swift_uvot_V, datatype: float64}
# - {name: johnson_B, datatype: float64}
# - {name: johnson_I, datatype: float64}
# - {name: johnson_R, datatype: float64}
# - {name: johnson_U, datatype: float64}
# - {name: johnson_V, datatype: float64}
# - {name: sdss_g, datatype: float64}
# - {name: sdss_i, datatype: float64}
# - {name: sdss_r, datatype: float64}
# - {name: sdss_u, datatype: float64}
# - {name: sdss_z, datatype: float64}
# - {name: ATLAS_c, datatype: float64}
# - {name: ATLAS_o, datatype: float64}
# - {name: ukirt_H, datatype: float64}
# - {name: ukirt_J, datatype: float64}
# - {name: ukirt_K, datatype: float64}
# - {name: Clear, datatype: float64}
# meta: !!omap
# - comment: [kappa = 3.65, type = rprocess, mass = 0.004263435211354371, velocity = 0.09266666666666673, theta_obs = 0.0, tfloor = 1000.0]
# schema: astropy-2.0
time PS1_g PS1_i PS1_r PS1_w PS1_y PS1_z swift_uvot_B swift_uvot_U swift_uvot_uvm2 swift_uvot_uvw1 swift_uvot_uvw2 swift_uvot_V johnson_B johnson_I johnson_R johnson_U johnson_V sdss_g sdss_i sdss_r sdss_u sdss_z ATLAS_c ATLAS_o ukirt_H ukirt_J ukirt_K Clear
[from data line 291]
17.55511022044088 9.882095883136088 1.000267069936811 4.475337847974643 2.5074140364706743 -2.5229229785884577 -1.1052470137413195 13.422002459700575 20.08094655759549 33.96954186162467 16.046529089670045 18.559545596149697 7.841612576006873 12.218065142734385 -0.5532462364851396 2.41678653023986 19.049945378343736 6.886590240838138 10.694635984450542 1.0815230220497973 4.703826507471085 20.582052087770315 -1.6786746257633212 6.454414417717302 2.002001893107508 -7.471910356503936 -5.322421061014262 -8.832199036977125 0.2215199927093181
17.615230460921843 9.88883237098145 1.0070035577821557 4.4820743358200055 2.514150524316019 -2.5161864907430953 -1.0985105258959749 13.42873894754592 20.08768304544084 33.97627834947002 16.053265577515408 18.566282083995052 7.848349063852235 12.22480163057973 -0.546509748639795 2.4235230180852048 19.0566818661891 6.8933267286834825 10.701372472295887 1.0882595098951597 4.710562995316447 20.588788575615666 -1.6719381379179588 6.461150905562647 2.0087383809528703 -7.465173868658591 -5.3156845731689 -8.825462549131762 0.2282564805546805
17.675350701402806 9.89554620363716 1.0137173904378827 4.488788168475715 2.520864356971728 -2.509472658087386 -1.0917966932402479 13.435452780201647 20.09439687809656 33.982992182125734 16.059979410171117 18.572995916650758 7.8550628965079445 12.231515463235457 -0.539795915984068 2.430236850740914 19.063395698844808 6.900040561339192 10.708086304951596 1.094973342550869 4.717276827972157 20.595502408271386 -1.6652243052622495 6.467864738218356 2.0154522136085795 -7.458460036002882 -5.308970740513191 -8.818748716476053 0.23497031321038975
17.73547094188377 9.902237544027823 1.0204087308285459 4.495479508866378 2.5275556973623914 -2.502781317696723 -1.0851053528495846 13.44214412059231 20.10108821848722 33.989683522516394 16.06667075056178 18.57968725704143 7.861754236898608 12.23820680362612 -0.5331045755934047 2.436928191131595 19.07008703923547 6.906731901729855 10.71477764534226 1.1016646829415322 4.72396816836282 20.602193748662046 -1.6585329648715863 6.4745560786090195 2.0221435539992427 -7.451768695612219 -5.3022794001225275 -8.81205737608539 0.24166165360105296
17.795591182364728 9.908906576713008 1.0270777635137307 4.5021485415515805 2.534224730047594 -2.4961122850115203 -1.0784363201643998 13.448813153277495 20.107757251172416 33.99635255520159 16.073339783246965 18.586356289726627 7.86842326958381 12.244875836311305 -0.5264355429082199 2.44359722381678 19.076756071920673 6.9134009344150575 10.721446678027462 1.108333715626717 4.730637201048005 20.60886278134724 -1.6518639321864015 6.481225111294222 2.0288125866844275 -7.445099662927016 -5.295610367437325 -8.805388343400205 0.24833068628625554
17.85571142284569 9.91555393482006 1.0337251216207832 4.508795899658633 2.5408720881546465 -2.4894649269044677 -1.0717889620573473 13.455460511384548 20.114404609279468 34.00299991330864 16.079987141354017 18.59300364783368 7.875070627690863 12.251523194418358 -0.5197881848011674 2.4502445819238323 19.083403430027726 6.92004829252211 10.728094036134515 1.1149810737337695 4.737284559155057 20.615510139454294 -1.645216574079349 6.487872469401275 2.03545994479148 -7.438452304819964 -5.288963009330272 -8.798740985293152 0.25497804439330807
17.915831663326653 9.922178706610119 1.0403498934108413 4.515420671448673 2.5474968599446868 -2.4828401551144275 -1.0651641902672893 13.462085283174606 20.12102938106952 34.00962468509869 16.086611913144075 18.599628419623727 7.881695399480903 12.258147966208416 -0.5131634130111093 2.4568693537138904 19.090028201817766 6.92667306431215 10.734718807924555 1.1216058455238276 4.743909330945115 20.622134911244345 -1.638591802289291 6.494497241191315 2.042084716581538 -7.4318275330299235 -5.282338237540232 -8.792116213503094 0.26160281618334835
17.975951903807616 9.928781668874223 1.0469528556749452 4.522023633712795 2.5540998222088085 -2.4762371928503057 -1.0585612280031853 13.46868824543871 20.12763234333363 34.016227647362804 16.09321487540818 18.60623138188783 7.888298361745025 12.26475092847252 -0.5065604507470054 2.4634723159779943 19.096631164081888 6.933276026576272 10.741321770188677 1.1282088077879315 4.750512293209219 20.628737873508456 -1.631988840025187 6.501100203455437 2.048687678845642 -7.425224570765802 -5.27573527527611 -8.78551325123899 0.2682057784474523
18.036072144288575 9.935362960029757 1.0535341468304793 4.528604924868311 2.5606811133643426 -2.4696559016947894 -1.0519799368476512 13.475269536594244 20.134213634489157 34.02280893851834 16.099796166563713 18.612812673043365 7.894879652900541 12.271332219628054 -0.4999791595914713 2.4700536071335284 19.103212455237404 6.939857317731788 10.74790306134421 1.1347900989434656 4.757093584364753 20.635319164663983 -1.6254075488696529 6.507681494610971 2.055268970001176 -7.4186432796102855 -5.269153984120594 -8.778931960083456 0.2747870696029864
18.096192384769537 9.941922744589888 1.0600939313905933 4.535164709428443 2.5672408979244565 -2.4630961171346577 -1.0454201522875373 13.481829321154358 20.140773419049278 34.02936872307845 16.106355951123827 18.619372457603486 7.901439437460673 12.277892004188168 -0.49341937503135735 2.4766133916936424 19.109772239797536 6.94641710229192 10.754462845904325 1.1413498835035973 4.763653368924867 20.641878949224104 -1.6188477643095212 6.514241279171085 2.06182875456129 -7.412083495050154 -5.262594199560462 -8.772372175523325 0.2813468541631181
18.1563126252505 9.948461174903809 1.0666323617045315 4.5417031397423635 2.573779328238377 -2.4565576868207373 -1.038881721973599 13.488367751468296 20.147311849363206 34.03590715339238 16.112894381437766 18.62591088791741 7.907977867774593 12.284430434502088 -0.48688094471741916 2.483151822007563 19.116310670111456 6.9529555326058405 10.761001276218245 1.1478883138175178 4.770191799238805 20.64841737953803 -1.6123093339956007 6.520779709485005 2.0683671848752283 -7.405545064736233 -5.256055769246542 -8.765833745209404 0.28788528447703854
18.216432865731463 9.954978405451751 1.0731495922524736 4.5482203702903234 2.580296558786337 -2.4500404562727773 -1.032364491425657 13.494884982016238 20.15382907991116 34.04242438394033 16.119411611985708 18.632428118465366 7.914495098322553 12.290947665050048 -0.480363714169477 2.4896690525555227 19.122827900659416 6.9594727631538005 10.767518506766205 1.15440554436546 4.776709029786748 20.654934610085984 -1.6057921034476585 6.527296940032965 2.0748844154231705 -7.399027834188273 -5.249538538698582 -8.759316514661462 0.2944025150249985
18.276553106212425 9.961474574916647 1.0796457617173694 4.554716539755219 2.5867927282512326 -2.4435442868078816 -1.0258683219607612 13.501381151481134 20.160325249376054 34.048920553405225 16.125907781450604 18.638924287930255 7.920991267787449 12.297443834514944 -0.47386754470458126 2.4961652220204185 19.129324070124312 6.965968932618696 10.7740146762311 1.1609017138303557 4.783205199251643 20.66143077955088 -1.5992959339827628 6.533793109497861 2.081380584888066 -7.392531664723378 -5.243042369233686 -8.752820345196566 0.30089868448987644
18.336673346693384 9.967949827430811 1.0861210142315159 4.561191792269366 2.593267980765379 -2.437069034293735 -1.0193930694466147 13.50785640399528 20.1668005018902 34.055395805919375 16.13238303396475 18.645399540444412 7.9274665203015955 12.30391908702909 -0.46739229219043477 2.502640474534565 19.13579932263846 6.972444185132843 10.780489928745247 1.16737696634452 4.78968045176579 20.667906032065027 -1.5928206814685986 6.540268362012007 2.0878558374022305 -7.386056412209231 -5.23656711671954 -8.746345092682402 0.3073739370040407
18.396793587174347 9.97440430555729 1.0925754923580122 4.567646270395862 2.5997224588918755 -2.4306145561672388 -1.0129385913201183 13.514310882121777 20.173254980016697 34.06185028404587 16.138837512091246 18.651854018570905 7.933920998428092 12.310373565155587 -0.4609378140639384 2.5090949526610613 19.142253800764955 6.978898663259339 10.786944406871743 1.1738314444709985 4.796134929892286 20.674360510191523 -1.58636620334212 6.546722840138504 2.094310315528709 -7.379601934082735 -5.230112638593043 -8.739890614555923 0.31382841513053705
18.45691382765531 9.980838171447601 1.099009358248324 4.574080136286174 2.6061563247821873 -2.4241806902769447 -1.0065047254298065 13.520744748012088 20.179688845907002 34.06828414993618 16.145271377981558 18.65828788446121 7.940354864318386 12.316807431045898 -0.4545039481736266 2.515528818551373 19.14868766665525 6.985332529149651 10.793378272762055 1.1802653103613103 4.802568795782598 20.680794376081828 -1.5799323374518082 6.553156706028815 2.100744181419021 -7.373168068192423 -5.223678772702749 -8.733456748665612 0.3202622810208311
18.517034068136272 9.9872515671726 1.105422753973322 4.580493532011154 2.6125697205071674 -2.417767294551947 -1.0000913297048086 13.527158143737086 20.186102241632 34.074697545661174 16.151684773706556 18.664701280186208 7.946768260043384 12.323220826770896 -0.4480905524486287 2.521942214276371 19.155101062380247 6.991745924874631 10.799791668487035 1.1866787060863082 4.808982191507596 20.687207771806825 -1.5735189417268103 6.5595701017537955 2.1071575771440187 -7.366754672467443 -5.2172653769777515 -8.727043352940614 0.326675676745829
18.577154308617235 9.993644641714674 1.1118158285153967 4.5868866065532465 2.61896279504926 -2.411374220009872 -0.9936982551627338 13.533551218279161 20.19249531617408 34.081090620203256 16.15807784824863 18.671094354728282 7.953161334585459 12.329613901312971 -0.4416974779065539 2.528335288818446 19.16149413692232 6.998138999416724 10.806184743029128 1.193071780628383 4.815375266049671 20.6936008463489 -1.5671258671847355 6.565963176295888 2.1135506516860936 -7.36036159792535 -5.210872302435659 -8.720650278398539 0.3330687512879038
18.637274549098194 10.000017530800402 1.1181887176011074 4.593259495638957 2.6253356841349706 -2.4050013309241436 -0.9873253660770231 13.539924107364872 20.198868205259792 34.087463509288966 16.16445073733434 18.677467243814004 7.959534223671187 12.335986790398682 -0.43532458882084324 2.5347081779041565 19.16786702600805 7.004511888502434 10.812557632114839 1.1994446697141115 4.821748155135381 20.699973735434618 -1.560752978099007 6.572336065381599 2.119923540771822 -7.35398870883964 -5.204499413349948 -8.71427738931281 0.3394416403736322
18.697394789579157 10.006370369221713 1.1245415560224181 4.599612334060268 2.6316885225562814 -2.398648492502833 -0.9809725276557124 13.546276945786182 20.205221043681103 34.09381634771028 16.17080357575567 18.68382008223531 7.965887062092498 12.342339628819992 -0.4289717503995325 2.541061016325467 19.17421986442936 7.010864726923745 10.81891047053615 1.2057975081354222 4.82810099355671 20.70632657385593 -1.5544001396776963 6.5786889038029095 2.1262763791931327 -7.347635870418329 -5.1981465749286375 -8.7079245508915 0.34579447879494296
18.75751503006012 10.012703295849992 1.1308744826506967 4.6059452606885465 2.63802144918456 -2.3923155658745543 -0.9746396010274339 13.552609872414479 20.21155397030938 34.10014927433856 16.17713650238395 18.690153008863593 7.972219988720776 12.348672555448271 -0.4226388237712362 2.5473939429537458 19.18055279105764 7.0171976535520235 10.825243397164428 1.2121304347637007 4.834433920184988 20.712659500484207 -1.5480672130494177 6.585021830431188 2.1326093058214113 -7.34130294379005 -5.191813648300359 -8.701591624263221 0.3521274054232215
18.817635270541082 10.019016467291788 1.1371876540925108 4.612258432130361 2.644334620626374 -2.386002394432758 -0.9683264295856198 13.558923043856275 20.217867141751196 34.106462445780366 16.183449673825745 18.696466180305396 7.978533160162573 12.354985726890085 -0.41632565232943985 2.55370711439556 19.186865962499436 7.023510824993838 10.831556568606242 1.218443606205497 4.840747091626785 20.71897267192602 -1.5417540416076214 6.591335001873002 2.1389224772632076 -7.334989772348236 -5.185500476858545 -8.695278452821425 0.35844057686501785
18.877755511022045 10.025310020745675 1.1434812075463974 4.618551985584229 2.650628174080243 -2.3797088409788714 -0.9620328761317332 13.565216597310162 20.22416069520507 34.112755999234246 16.18974322727963 18.702759733759276 7.984826713616459 12.361279280343954 -0.41003209887555325 2.5600006678494287 19.193159515953322 7.0298043784477064 10.837850122060111 1.2247371596593837 4.847040645080671 20.725266225379897 -1.5354604881537348 6.597628555326871 2.145216030717094 -7.328696218894367 -5.179206923404676 -8.688984899367538 0.36473413031890445
18.937875751503004 10.031584092688757 1.1497552794894617 4.6248260575273115 2.656902246023325 -2.3734347690357893 -0.9557588041886689 13.571490669253226 20.230434767148147 34.11903007117733 16.196017299222714 18.709033805702358 7.991100785559541 12.367553352287036 -0.40375802693248897 2.5662747397925108 19.199433587896404 7.0360784503907885 10.844124194003193 1.2310112316024657 4.853314717023753 20.731540297322972 -1.5291864162106528 6.603902627269953 2.1514901026601763 -7.322422146951285 -5.172932851461594 -8.682710827424456 0.3710082022619865
18.997995991983966 10.03783881333705 1.1560100001377727 4.631080778175605 2.663156966671636 -2.367180048387496 -0.9495040835403579 13.577745389901537 20.236689487796447 34.12528479182562 16.202272019871007 18.71528852635066 7.9973555062078345 12.373808072935347 -0.39750330628417796 2.5725294604408218 19.205688308544698 7.042333171039082 10.850378914651486 1.237265952250759 4.859569437672047 20.737795017971273 -1.5229316955623595 6.610157347918264 2.1577448233084695 -7.316167426302992 -5.166678130813301 -8.676456106776163 0.37726292291027974
19.05811623246493 10.044074312002014 1.1622454988027364 4.637316276840586 2.6693924653365997 -2.3609445497225323 -0.9432685848753941 13.5839808885665 20.24292498646141 34.13152029049059 16.20850751853597 18.721524025015622 8.0035910048728 12.38004357160031 -0.3912678076192142 2.5787649591057855 19.21192380720966 7.048568669704063 10.856614413316468 1.2435014509157227 4.86580493633701 20.744030516636236 -1.5166961968973958 6.616392846583228 2.1639803219734333 -7.309931927638011 -5.160442632148337 -8.6702206081112 0.3834984215752435
19.118236472945892 10.050290727456126 1.1684619142568486 4.6435326922946984 2.675608880790712 -2.35472813426842 -0.9370521694212819 13.590197304020613 20.249141401915523 34.137736705944704 16.214723933990083 18.727740440469734 8.009807420326911 12.386259987054423 -0.385051392165102 2.5849813745598977 19.218140222663774 7.0547850851581755 10.86283082877058 1.249717866369835 4.872021351791123 20.75024693209035 -1.5104797814432835 6.62260926203734 2.1701967374275455 -7.303715512183898 -5.154226216694225 -8.664004192657087 0.3897148370293557
19.178356713426854 10.056488204697622 1.1746593914983272 4.649730169536177 2.6818063580321905 -2.3485306570269238 -0.9308546921798033 13.596394781262092 20.255338879157012 34.14393418318618 16.22092141123156 18.73393791771122 8.016004897568408 12.392457464295902 -0.3788539149236234 2.5911788518013763 19.22433769990527 7.060982562399654 10.869028306012058 1.2559153436113313 4.878218829032601 20.756444409331838 -1.5042823042017872 6.628806739278819 2.176394214669042 -7.29751803494242 -5.148028739452728 -8.65780671541559 0.39591231427085205
