web/models/kne/57/mosfit_kn_0.001862_0.3433_3.6500.dat
# %ECSV 1.0
# ---
# datatype:
# - {name: time, datatype: float64}
# - {name: PS1_g, datatype: float64}
# - {name: PS1_i, datatype: float64}
# - {name: PS1_r, datatype: float64}
# - {name: PS1_w, datatype: float64}
# - {name: PS1_y, datatype: float64}
# - {name: PS1_z, datatype: float64}
# - {name: swift_uvot_B, datatype: float64}
# - {name: swift_uvot_U, datatype: float64}
# - {name: swift_uvot_uvm2, datatype: float64}
# - {name: swift_uvot_uvw1, datatype: float64}
# - {name: swift_uvot_uvw2, datatype: float64}
# - {name: swift_uvot_V, datatype: float64}
# - {name: johnson_B, datatype: float64}
# - {name: johnson_I, datatype: float64}
# - {name: johnson_R, datatype: float64}
# - {name: johnson_U, datatype: float64}
# - {name: johnson_V, datatype: float64}
# - {name: sdss_g, datatype: float64}
# - {name: sdss_i, datatype: float64}
# - {name: sdss_r, datatype: float64}
# - {name: sdss_u, datatype: float64}
# - {name: sdss_z, datatype: float64}
# - {name: ATLAS_c, datatype: float64}
# - {name: ATLAS_o, datatype: float64}
# - {name: ukirt_H, datatype: float64}
# - {name: ukirt_J, datatype: float64}
# - {name: ukirt_K, datatype: float64}
# - {name: Clear, datatype: float64}
# meta: !!omap
# - comment: [kappa = 3.65, type = rprocess, mass = 0.001861645566637777, velocity = 0.3433333333333334, theta_obs = 0.0, tfloor = 1000.0]
# schema: astropy-2.0
time PS1_g PS1_i PS1_r PS1_w PS1_y PS1_z swift_uvot_B swift_uvot_U swift_uvot_uvm2 swift_uvot_uvw1 swift_uvot_uvw2 swift_uvot_V johnson_B johnson_I johnson_R johnson_U johnson_V sdss_g sdss_i sdss_r sdss_u sdss_z ATLAS_c ATLAS_o ukirt_H ukirt_J ukirt_K Clear
[from data line 325]
19.599198396793586 15.619748059962202 6.7379192467629245 10.212990024800774 8.245066213296788 3.214729198237656 4.632405163084794 19.15965463652669 25.8185987344216 39.70719403845078 21.78418126649616 24.29719777297581 13.579264752832987 17.9557173195605 5.184405940340974 8.154438707065975 24.78759755516986 12.62424241766425 16.432288161276656 6.819175198875911 10.441478684297198 26.319704264596425 4.058977551062792 12.192066594543416 7.739654069933621 -1.7342581796778218 0.41523111581186845 -3.0945468601510107 5.959172169535432
19.65931863727455 15.634063164924825 6.752234351725548 10.22730512976338 8.259381318259411 3.229044303200279 4.646720268047417 19.173969741489312 25.832913839384226 39.72150914341339 21.798496371458782 24.311512877938434 13.59357985779561 17.970032424523122 5.198721045303597 8.168753812028598 24.80191266013248 12.638557522626856 16.44660326623926 6.833490303838534 10.455793789259822 26.33401936955905 4.073292656025416 12.20638169950604 7.753969174896245 -1.7199430747152162 0.429546220774474 -3.0802317551883873 5.973487274498055
19.71943887775551 15.64834047461753 6.766511661418253 10.241582439456103 8.273658627952116 3.243321612893002 4.6609975777401225 19.188247051182017 25.847191149076938 39.73578645310611 21.812773681151494 24.32579018763114 13.607857167488334 17.984309734215827 5.212998354996302 8.183031121721303 24.81618996982519 12.652834832319579 16.460880575931984 6.847767613531239 10.470071098952527 26.348296679251764 4.087569965718121 12.220659009198744 7.76824648458895 -1.7056657650224933 0.4438235304671969 -3.065954445495682 5.987764584190778
19.779559118236474 15.662580173336842 6.780751360137565 10.255822138175397 8.28789832667141 3.257561311612296 4.675237276459434 19.20248674990133 25.861430847796242 39.750026151825416 21.827013379870788 24.34002988635044 13.622096866207627 17.99854943293512 5.227238053715614 8.197270820440597 24.83042966854449 12.667074531038873 16.475120274651278 6.862007312250551 10.484310797671839 26.362536377971068 4.1018096644374324 12.234898707918038 7.7824861833082615 -1.6914260663031995 0.4580632291864908 -3.0517147467763706 6.002004282910072
19.839679358717433 15.676782442510326 6.794953629311031 10.270024407348881 8.302100595844895 3.2717635807857803 4.689439545632901 19.216689019074796 25.875633116969716 39.76422842099889 21.841215649044276 24.354232155523928 13.636299135381112 18.012751702108606 5.241440322889081 8.211473089614081 24.844631937717974 12.681276800212357 16.489322543824763 6.876209581424035 10.498513066845305 26.376738647144542 4.116011933610917 12.249100977091523 7.796688452481746 -1.677223797129715 0.4722654983599752 -3.037512477602886 6.016206552083556
19.899799599198396 15.690947462622464 6.809118649423187 10.284189427461037 8.31626561595705 3.2859286008979183 4.7036045657450565 19.23085403918695 25.889798137081872 39.77839344111104 21.85538066915642 24.368397175636073 13.65046415549325 18.02691672222076 5.255605343001236 8.225638109726237 24.858796957830123 12.695441820324513 16.50348756393692 6.890374601536173 10.512678086957461 26.390903667256698 4.130176953723055 12.263265997203678 7.810853472593884 -1.6630587770175593 0.4864305184721309 -3.023347457490748 6.030371572195694
19.95991983967936 15.705075415733631 6.823246602534336 10.298317380572186 8.3303935690682 3.3000565540090854 4.717732518856206 19.24498199229812 25.90392609019302 39.7925213942222 21.869508622267578 24.38252512874723 13.664592108604417 18.04104467533191 5.2697332961124035 8.239766062837386 24.87292491094128 12.709569773435662 16.517615517048068 6.90450255464734 10.526806040068628 26.405031620367847 4.144304906834222 12.277393950314828 7.824981425705051 -1.64893082390641 0.5005584715832803 -3.009219504379581 6.044499525306861
20.02004008016032 15.719166475154047 6.83733766195477 10.312408439992602 8.344484628488633 3.314147613429501 4.731823578276639 19.259073051718534 25.918017149613448 39.80661245364262 21.883599681688004 24.396616188167656 13.678683168024833 18.055135734752344 5.283824355532819 8.25385712225782 24.887015970361702 12.723660832856078 16.5317065764685 6.918593614067756 10.540897099489044 26.419122679788273 4.158395966254638 12.291485009735261 7.839072485125467 -1.6348397644859942 0.514649531003696 -2.9951284449591653 6.058590584727277
20.080160320641284 15.73322081848989 6.851392005290613 10.326462783328445 8.358538971824476 3.3282019567653442 4.7458779216124825 19.273127395054377 25.93207149294929 39.82066679697847 21.897654025023847 24.4106705315035 13.692737511360676 18.069190078088187 5.297878698868662 8.267911465593663 24.901070313697545 12.737715176191921 16.545760919804344 6.932647957403599 10.554951442824887 26.433177023124117 4.172450309590481 12.305539353071104 7.85312682846131 -1.6207854211501511 0.5287038743395391 -2.981074101623322 6.07264492806312
20.140280561122243 15.747238626888187 6.865409813688892 10.340480591726742 8.372556780222755 3.342219765163641 4.759895730010761 19.287145203452674 25.946089301347577 39.83468460537676 21.911671833422137 24.42468833990179 13.706755319758972 18.083207886486466 5.311896507266959 8.281929273991942 24.915088122095835 12.751732984590218 16.559778728202623 6.946665765801896 10.568969251223184 26.447194831522403 4.1864681179887775 12.319557161469383 7.8671446368596065 -1.6067676127518544 0.5427216827378358 -2.9670562932250255 6.086662736461417
20.200400801603205 15.761220068369663 6.879391255170386 10.354462033208236 8.38653822170425 3.356201206645135 4.773877171492256 19.30112664493415 25.96007074282907 39.84866604685824 21.92565327490362 24.438669781383272 13.720736761240467 18.09718932796796 5.325877948748436 8.295910715473436 24.929069563577322 12.765714426071712 16.573760169684117 6.9606472072833725 10.58295069270466 26.461176273003897 4.200449559470254 12.333538602950878 7.881126078341083 -1.5927861712703602 0.5567031242193301 -2.953074851743549 6.100644177942893
20.260521042084168 15.775165324853013 6.893336511653718 10.368407289691568 8.400483478187581 3.370146463128467 4.787822427975588 19.3150719014175 25.974015999312414 39.86261130334159 21.93959853138696 24.45261503786661 13.734682017723799 18.111134584451293 5.339823205231785 8.309855971956768 24.94301482006066 12.779659682555044 16.58770542616745 6.974592463766722 10.59689594918801 26.47512152948724 4.214394815953604 12.34748385943421 7.895071334824433 -1.5788409147870281 0.5706483807026621 -2.9391295952601992 6.114589434426243
20.32064128256513 15.789074564432237 6.90724575123296 10.382316529270792 8.414392717766805 3.384055702707691 4.801731667554829 19.328981140996724 25.987925238891634 39.87652054292081 21.953507770966194 24.466524277445846 13.748591257303023 18.125043824030534 5.353732444811009 8.32376521153601 24.956924059639885 12.793568922134268 16.601614665746673 6.988501703345946 10.610805188767234 26.48903076906646 4.228304055532828 12.361393099013434 7.908980574403657 -1.5649316752078042 0.5845576202818861 -2.9252203556809753 6.128498674005467
20.38076152304609 15.80294795921354 6.921119146014245 10.396189924052095 8.428266112548108 3.397929097488994 4.815605062336115 19.34285453577801 26.00179863367293 39.89039393770211 21.967381165747486 24.480397672227138 13.762464652084326 18.13891721881182 5.3676058395922945 8.337638606317295 24.970797454421188 12.807442316915571 16.615488060527976 7.002375098127249 10.624678583548537 26.502904163847756 4.242177450314131 12.375266493794737 7.92285396918496 -1.5510582804265012 0.5984310150631891 -2.9113469608996723 6.14237206878677
20.440881763527052 15.816785680283196 6.934956867083919 10.410027645121769 8.442103833617782 3.411766818558668 4.8294427834057885 19.356692256847683 26.015636354742604 39.90423165877178 21.981218886817164 24.494235393296805 13.776302373154 18.152754939881493 5.381443560661968 8.351476327386969 24.98463517549085 12.821280037985245 16.62932578159765 7.016212819196905 10.638516304618193 26.51674188491743 4.256015171383787 12.38910421486441 7.936691690254616 -1.5372205593568273 0.6122687361328629 -2.897509239830016 6.156209789856426
20.501002004008015 15.830587896728296 6.948759083529019 10.423829861566851 8.455906050062865 3.4255690350037504 4.843244999850889 19.370494473292784 26.029438571187697 39.91803387521687 21.995021103262253 24.508037609741894 13.790104589599082 18.166557156326594 5.3952457771070685 8.365278543832051 24.998437391935944 12.835082254430327 16.643127998042733 7.0300150356420055 10.652318521063293 26.530544101362523 4.269817387828887 12.402906431309493 7.950493906699716 -1.523418342911745 0.6260709525779453 -2.883707023384916 6.170012006301526
20.561122244488978 15.844354777227139 6.962525964027861 10.437596742065711 8.469672930561725 3.4393359155026104 4.857011880349731 19.384261353791626 26.043205451686546 39.93180075571572 22.008787983761096 24.521804490240747 13.803871470097924 18.180324036825436 5.409012657605911 8.379045424330911 25.012204272434793 12.848849134929187 16.656894878541593 7.043781916140848 10.666085401562135 26.544310981861372 4.283584268327729 12.416673311808353 7.964260787198558 -1.509651462412885 0.6398378330768053 -2.869940142886074 6.1837788868003685
20.62124248496994 15.858086484583787 6.976257671384509 10.451328449422359 8.483404637918373 3.4530676228592583 4.870743587706379 19.397993061148274 26.056937159043194 39.94553246307237 22.022519691117754 24.535536197597406 13.81760317745459 18.194055744182084 5.422744364962559 8.39277713168756 25.02593597979144 12.862580842285835 16.67062658589824 7.057513623497496 10.679817108918783 26.55804268921802 4.297315975684377 12.430405019165 7.977992494555206 -1.495919755056237 0.6535695404334532 -2.856208435529426 6.197510594157034
20.6813627254509 15.871783194184328 6.989954380985033 10.465025159022883 8.497101347518896 3.466764332459782 4.884440297306902 19.411689770748815 26.070633868643718 39.9592291726729 22.036216400718278 24.54923290719793 13.831299887055113 18.207752453782607 5.4364410745631 8.406473841288083 25.039632689391976 12.876277551886359 16.684323295498764 7.071210333098037 10.693513818519325 26.571739398818544 4.311012685284918 12.444101728765524 7.9916892041557475 -1.4822230454557135 0.6672662500339768 -2.8425117259288846 6.211207303757558
20.741482965931862 15.885445064561825 7.003616251362548 10.478687029400398 8.510763217896411 3.4804262028372968 4.898102167684417 19.425351641126312 26.084295739021233 39.9728910430504 22.049878271095782 24.562894777575433 13.84496175743261 18.221414324160122 5.450102944940597 8.420135711665598 25.053294559769483 12.889939422263874 16.69798516587628 7.084872203475534 10.707175688896822 26.58540126919606 4.3246745556624155 12.457763599143039 8.005351074533245 -1.4685611750781986 0.6809281204114916 -2.8288498555513875 6.224869174135055
20.801603206412825 15.899072266373153 7.017243453173876 10.492314231211726 8.52439041970774 3.494053404648625 4.911729369495745 19.43897884293764 26.09792294083256 39.986518244861735 22.06350547290711 24.57652197938676 13.858588959243956 18.23504152597145 5.463730146751925 8.433762913476926 25.066921761580808 12.903566624075202 16.711612367687607 7.098499405286862 10.72080289070815 26.599028471007387 4.338301757473744 12.471390800954367 8.018978276344573 -1.4549339732668705 0.6945553222228198 -2.8152226537400593 6.238496375946383
20.861723446893787 15.912664959258684 7.030836146059407 10.50590692409724 8.53798311259327 3.5076460975341384 4.925322062381277 19.45257153582317 26.111515633718085 40.000110937747266 22.07709816579264 24.590114672272293 13.87218165212947 18.24863421885698 5.4773228396374565 8.447355606362457 25.08051445446634 12.917159316960715 16.72520506057314 7.112092098172393 10.734395583593681 26.61262116389291 4.351894450359275 12.484983493839898 8.032570969230104 -1.441341280381357 0.7081480151083333 -2.801629960854528 6.252089068831914
20.92184368737475 15.926223302449927 7.044394489250649 10.5194652672885 8.551541455784513 3.5212044407253984 4.938880405572519 19.466129879014414 26.125073976909334 40.01366928093851 22.090656508983884 24.603673015463535 13.885739995320712 18.262192562048224 5.490881182828699 8.4609139495537 25.09407279765758 12.930717660151975 16.73876340376438 7.125650441363636 10.747953926784923 26.62617950708416 4.365452793550517 12.49854183703114 8.046129312421346 -1.427782937190097 0.7217063582995933 -2.788071617663286 6.2656474120231564
20.98196392785571 15.939747455479303 7.057918642280008 10.532989420317858 8.565065608813871 3.534728593754757 4.952404558601877 19.479654032043772 26.138598129938693 40.027193433967874 22.104180662013253 24.617197168492904 13.899264148350088 18.275716715077582 5.504405335858075 8.474438102583058 25.10759695068695 12.944241813181334 16.75228755679374 7.139174594393012 10.7614780798143 26.63970366011352 4.378976946579893 12.5120659900605 8.059653465450722 -1.4142587841607386 0.7352305113289517 -2.7745474646339097 6.279171565052533
21.04208416833667 15.953237584275328 7.071408771076051 10.5464795491139 8.578555737609914 3.548218722550782 4.96589468739792 19.493144160839815 26.152088258734736 40.04068356276391 22.117670790809285 24.630687297288937 13.912754277146114 18.289206843873625 5.5178954646541 8.487928231379101 25.121087079482983 12.957731941977377 16.765777685589782 7.152664723189037 10.774968208610325 26.65319378890956 4.392467075375919 12.525556118856542 8.073143594246748 -1.4007686553646954 0.7487206401249948 -2.7610573358378843 6.292661693848558
21.102204408817634 15.96669384901734 7.084865035818062 10.559935813855894 8.592012002351908 3.5616749872927933 4.9793509521399315 19.506600425581826 26.16554452347674 40.054139827505914 22.131127055551296 24.644143562030948 13.926210541888125 18.302663108615636 5.531351729396111 8.501384496121112 25.134543344224987 12.97118820671937 16.779233950331776 7.166120987931048 10.788424473352336 26.666650053651566 4.40592334011793 12.539012383598536 8.086599858988759 -1.387312390622702 0.7621769048669882 -2.747601071095873 6.306117958590569
21.162324649298597 15.980116403429676 7.098287590230399 10.57335836826823 8.605434556764262 3.57509754170513 4.992773506552268 19.520022979994163 26.178967077889077 40.06756238191826 22.144549609963633 24.657566116443284 13.939633096300462 18.316085663027973 5.544774283808448 8.514807050533449 25.14796589863733 12.984610761131725 16.79265650474413 7.179543542343385 10.801847027764673 26.680072608063902 4.419345894530267 12.55243493801089 8.100022413401096 -1.3738898362103653 0.7755994592793249 -2.7341785166835364 6.319540513002906
21.22244488977956 15.993509006303324 7.1116801931040285 10.586750971141878 8.618827159637892 3.5884901445787776 5.006166109425898 19.533415582867793 26.192359680762713 40.08095498479189 22.157942212837273 24.670958719316925 13.953025699174109 18.329478265901603 5.558166886682078 8.528199653407079 25.16135850151097 12.998003364005354 16.80604910761776 7.192936145217033 10.815239630638303 26.69346521093754 4.432738497403914 12.56582754088452 8.113415016274743 -1.3604972333367178 0.7889920621529725 -2.720785913809889 6.332933115876553
21.28256513026052 16.00686119583555 7.125032382636274 10.600103160674106 8.63217934917012 3.601842334111005 5.019518298958143 19.546767772400038 26.205711870294948 40.09430717432412 22.1712944023695 24.684310908849152 13.966377888706337 18.34283045543383 5.571519076214323 8.541551842939306 25.1747106910432 13.011355553537582 16.819401297149987 7.20628833474926 10.828591820170548 26.706817400469774 4.446090686936142 12.579179730416747 8.12676720580697 -1.3471450438044903 0.8023442516852 -2.7074337242776614 6.346285305408781
