web/models/kne/57/mosfit_kn_0.033839_0.0770_0.5000.dat
# %ECSV 1.0
# ---
# datatype:
# - {name: time, datatype: float64}
# - {name: PS1_g, datatype: float64}
# - {name: PS1_i, datatype: float64}
# - {name: PS1_r, datatype: float64}
# - {name: PS1_w, datatype: float64}
# - {name: PS1_y, datatype: float64}
# - {name: PS1_z, datatype: float64}
# - {name: swift_uvot_B, datatype: float64}
# - {name: swift_uvot_U, datatype: float64}
# - {name: swift_uvot_uvm2, datatype: float64}
# - {name: swift_uvot_uvw1, datatype: float64}
# - {name: swift_uvot_uvw2, datatype: float64}
# - {name: swift_uvot_V, datatype: float64}
# - {name: johnson_B, datatype: float64}
# - {name: johnson_I, datatype: float64}
# - {name: johnson_R, datatype: float64}
# - {name: johnson_U, datatype: float64}
# - {name: johnson_V, datatype: float64}
# - {name: sdss_g, datatype: float64}
# - {name: sdss_i, datatype: float64}
# - {name: sdss_r, datatype: float64}
# - {name: sdss_u, datatype: float64}
# - {name: sdss_z, datatype: float64}
# - {name: ATLAS_c, datatype: float64}
# - {name: ATLAS_o, datatype: float64}
# - {name: ukirt_H, datatype: float64}
# - {name: ukirt_J, datatype: float64}
# - {name: ukirt_K, datatype: float64}
# - {name: Clear, datatype: float64}
# meta: !!omap
# - comment: [kappa = 0.5, type = rprocess, mass = 0.03383890769761434, velocity = 0.07700000000000001, theta_obs = 0.0, tfloor = 1000.0]
# schema: astropy-2.0
time PS1_g PS1_i PS1_r PS1_w PS1_y PS1_z swift_uvot_B swift_uvot_U swift_uvot_uvm2 swift_uvot_uvw1 swift_uvot_uvw2 swift_uvot_V johnson_B johnson_I johnson_R johnson_U johnson_V sdss_g sdss_i sdss_r sdss_u sdss_z ATLAS_c ATLAS_o ukirt_H ukirt_J ukirt_K Clear
[from data line 461]
27.775551102204407 7.7577810434635275 -1.1240477697357498 2.3510230083021 0.38309919679811344 -4.647237818261001 -3.2295618534138804 11.297687620028015 17.956631717922935 31.845227021952102 13.922214249997484 16.435230756477136 5.717297736334312 10.093750303061825 -2.6775610761577004 0.2924716905672995 16.925630538671193 4.762275401165577 8.570321144777981 -1.0427918176227635 2.579511667798524 18.45773724809776 -3.802989465435882 4.3300995780447415 -0.12231294656505298 -9.596225196176496 -7.4467359006868055 -10.956513876649685 -1.9027948469632427
27.83567134268537 7.761382052794605 -1.1204467604046897 2.35462401763316 0.38670020612917355 -4.643636808929941 -3.2259608440828202 11.301288629359075 17.960232727253995 31.848828031283173 13.925815259328562 16.438831765808196 5.72089874566539 10.097351312392885 -2.6739600668266403 0.2960726998983596 16.929231548002253 4.765876410496637 8.573922154109042 -1.0391908082916856 2.583112677129602 18.46133825742882 -3.799388456104804 4.333700587375802 -0.1187119372339751 -9.592624186845436 -7.443134891355745 -10.952912867318608 -1.8991938376321649
27.895791583166332 7.764975193621293 -1.1168536195779843 2.3582171584598477 0.39029334695586115 -4.640043668103253 -3.222367703256115 11.30488177018578 17.963825868080683 31.85242117210986 13.92940840015525 16.4424249066349 5.7244918864920775 10.100944453219572 -2.670366925999935 0.2996658407250472 16.93282468882894 4.769469551323325 8.57751529493573 -1.035597667464998 2.5867058179562896 18.46493139825551 -3.7957953152781165 4.337293728202489 -0.1151187964072875 -9.589031046018748 -7.439541750529058 -10.94931972649192 -1.8956006968054773
27.955911823647295 7.768560502245219 -1.1132683109540586 2.361802467083791 0.3938786555798046 -4.63645835947931 -3.218782394632189 11.308467078809706 17.967411176704626 31.856006480733793 13.932993708779176 16.446010215258827 5.728077195116021 10.104529761843516 -2.6667816173760093 0.30325114934899067 16.936409997452884 4.773054859947268 8.581100603559673 -1.0320123588410723 2.5902911265802153 18.468516706879452 -3.792210006654191 4.340879036826433 -0.1115334877833618 -9.585445737394805 -7.435956441905114 -10.945734417867994 -1.8920153881815338
28.016032064128254 7.772138013807801 -1.109690799391494 2.365379978646356 0.3974561671423693 -4.632880847916745 -3.2152048830696245 11.31204459037227 17.97098868826719 31.85958399229637 13.936571220341758 16.44958772682139 5.731654706678586 10.10810727340608 -2.6632041058134446 0.30682866091155536 16.93998750901545 4.776632371509833 8.584678115122237 -1.0284348472784899 2.5938686381427978 18.472094218442017 -3.7886324950916084 4.344456548388997 -0.10795597622077935 -9.58186822583224 -7.43237893034255 -10.942156906305412 -1.8884378766189691
28.076152304609217 7.775707767244935 -1.1061210459543425 2.3689497320834896 0.4010259205795208 -4.629311094479611 -3.211635129632473 11.315614343809422 17.974558441704325 31.863153745733502 13.940140973778892 16.453157480258543 5.735224460115719 10.111677026843232 -2.659634352376293 0.31039841434870685 16.943557262452583 4.780202124946967 8.588247868559371 -1.0248650938413562 2.5974383915799315 18.47566397187915 -3.7850627416544746 4.348026301826131 -0.10438622278364562 -9.578298472395106 -7.428809176905416 -10.938587152868278 -1.8848681231818354
28.13627254509018 7.779269797340191 -1.1025590158591037 2.372511762178746 0.4045879506747596 -4.625749064384355 -3.208073099537234 11.319176373904678 17.97812047179958 31.866715775828755 13.943703003874148 16.4567195103538 5.738786490210976 10.11523905693847 -2.6560723222810365 0.31396044444394566 16.94711929254784 4.783764155042223 8.591809898654628 -1.0213030637460996 2.601000421675188 18.479226001974407 -3.781500711559218 4.351588331921388 -0.10082419268838905 -9.57473644229985 -7.425247146810159 -10.935025122773022 -1.8813060930865788
28.196392785571142 7.78282414079877 -1.0990046724005076 2.376066105637342 0.4081422941333557 -4.622194720925759 -3.204518756078638 11.322730717363257 17.981674815258177 31.870270119287344 13.947257347332727 16.460273853812378 5.742340833669572 10.118793400397067 -2.652517978822458 0.31751478790254173 16.950673636006435 4.787318498500819 8.595364242113224 -1.0177487202875213 2.6045547651337664 18.482780345433003 -3.7779463681006398 4.355142675379984 -0.09726984922981075 -9.571182098841254 -7.421692803351563 -10.931470779314443 -1.8777517496279827
28.256513026052104 7.786370834461227 -1.0954579787380503 2.3796127992997818 0.4116889877957952 -4.618648027263319 -3.200972062416181 11.326277411025714 17.985221508920617 31.873816812949794 13.950804040995184 16.463820547474835 5.745887527332012 10.122340094059524 -2.648971285160001 0.32106148156499903 16.954220329668875 4.790865192163259 8.598910935775663 -1.014202026625064 2.6081014587962237 18.486327039095443 -3.7743996744381825 4.358689369042423 -0.09372315556735344 -9.567635405178814 -7.418146109689124 -10.927924085651986 -1.8742050559655432
28.316633266533064 7.789909910484596 -1.0919189027146992 2.3831518753231506 0.4152280638191641 -4.61510895123995 -3.1974329863928297 11.329816487049065 17.988760584943986 31.877355888973153 13.954343117018535 16.467359623498186 5.7494266033553805 10.125879170082875 -2.64543220913665 0.32460055758835016 16.957759405692244 4.794404268186628 8.602450011799032 -1.010662950601695 2.611640534819575 18.48986611511881 -3.7708605984148136 4.362228445065792 -0.09018407954398455 -9.564096329155445 -7.414607033665755 -10.924385009628617 -1.8706659799421743
28.376753507014026 7.793441404786883 -1.0883874084123946 2.3866833696254375 0.4187595581214687 -4.611577456937663 -3.193901492090525 11.33334798135137 17.99229207924629 31.88088738327546 13.95787461132084 16.47089111780049 5.752958097657667 10.12941066438518 -2.641900714834345 0.32813205189065475 16.96129089999453 4.797935762488932 8.605981506101337 -1.0071314562994083 2.6151720291218794 18.493397609421116 -3.7673291041125267 4.365759939368097 -0.08665258524169772 -9.560564834853158 -7.411075539363468 -10.92085351532633 -1.8671344856398875
28.43687374749499 7.796965354650336 -1.0848634585489414 2.3902073194889084 0.42228350798492187 -4.60805350707421 -3.190377542227072 11.336871931214823 17.995816029109744 31.88441133313891 13.961398561184293 16.474415067663944 5.7564820475211205 10.132934614248633 -2.638376764970892 0.3316560017541079 16.964814849857984 4.8014597123523854 8.60950545596479 -1.003607506435955 2.6186959789853326 18.49692155928457 -3.7638051542490736 4.36928388923155 -0.08312863537824455 -9.557040884989688 -7.407551589499997 -10.917329565462877 -1.8636105357764343
28.49699398797595 7.800481793581504 -1.0813470196177732 2.3937237584200766 0.42579994691609 -4.604537068143024 -3.1868611032959038 11.340388370145991 17.99933246804091 31.887927772070082 13.964915000115461 16.477931506595112 5.759998486452306 10.136451053179801 -2.634860326039724 0.3351724406852761 16.96833128878917 4.804976151283554 8.613021894895958 -1.000091067504787 2.6222124179165007 18.500437998215737 -3.7602887153179054 4.372800328162718 -0.0796121964470764 -9.55352444605852 -7.404035150568829 -10.913813126531709 -1.8600940968452662
28.557114228456914 7.803990757581349 -1.077838055617928 2.397232722419922 0.42930891091593537 -4.601028104143179 -3.1833521392960584 11.343897334145836 18.002841432040757 31.891436736069924 13.968423964115306 16.481440470594958 5.763507450452134 10.139960017179646 -2.6313513620398785 0.3386814046851214 16.971840252789015 4.808485115283399 8.616530858895803 -0.9965821035049416 2.625721381916346 18.503946962215583 -3.75677975131806 4.3763092921625635 -0.07610323244723105 -9.550015482058674 -7.4005261865689835 -10.910304162531864 -1.8565851328454208
28.617234468937873 7.807492280496078 -1.0743365327031995 2.4007342453346325 0.43281043383066375 -4.597526581228468 -3.17985061638133 11.347398857060565 18.006342954955485 31.89493825898464 13.971925487030035 16.484941993509686 5.767008973366862 10.143461540094375 -2.62784983912515 0.3421829275998498 16.975341775703725 4.81198663819811 8.620032381810532 -0.9930805805902132 2.6292229048310745 18.50744848513031 -3.7532782284033317 4.379810815077292 -0.07260170953250267 -9.546513959143963 -7.397024663654273 -10.906802639617135 -1.8530836099306924
28.677354709418836 7.810986394176442 -1.070842419022835 2.404228359014997 0.43630454751101055 -4.594032467548104 -3.1763565027009655 11.35089297074093 18.009837068635832 31.89843237266501 13.9754196007104 16.48843610719005 5.770503087047227 10.146955653774722 -2.6243557254447856 0.3456770412801966 16.97883588938409 4.815480751878474 8.623526495490879 -0.9895864669098486 2.632717018511439 18.510942598810658 -3.749784114722967 4.383304928757639 -0.0691075958521381 -9.543019845463599 -7.393530549973908 -10.90330852593677 -1.8495894962503279
28.7374749498998 7.814473133984734 -1.0673556792145433 2.4077150988232887 0.43979128731930217 -4.590545727739812 -3.172869762892674 11.354379710549221 18.013323808444124 31.901919112473298 13.97890634051869 16.491922846998342 5.7739898268555185 10.150442393583031 -2.620868985636494 0.349163781088506 16.98232262919238 4.818967491686766 8.62701323529917 -0.986099727101557 2.6362037583197306 18.51442933861895 -3.7462973749146755 4.38679166856593 -0.06562085604384649 -9.539533105655307 -7.390043810165617 -10.899821786128479 -1.8461027564420363
28.79759519038076 7.817952534756287 -1.06387627844299 2.411194499594842 0.4432706880908732 -4.587066326968259 -3.1693903621211206 11.357859111320774 18.016803209215695 31.90539851324485 13.982385741290244 16.495402247769896 5.777469227627072 10.153921794354584 -2.6173895848649407 0.3526431818600593 16.985802029963935 4.822446892458319 8.630492636070741 -0.9826203263300037 2.639683159091284 18.51790873939052 -3.7428179741431222 4.390271069337501 -0.0621414552722932 -9.536053704883754 -7.3865644093940634 -10.896342385356926 -1.842623355670483
28.857715430861724 7.821424627126419 -1.0604041860728763 2.4146665919649735 0.4467427804609869 -4.583594234598127 -3.165918269751007 11.361331203690888 18.02027530158581 31.908870605614975 13.985857833660358 16.49887434014001 5.780941319997203 10.157393886724698 -2.613917492494827 0.356115274230173 16.989274122334066 4.8259189848284505 8.633964728440855 -0.9791482339598723 2.6431552514613976 18.521380831760634 -3.7393458817729908 4.393743161707615 -0.05866936290216174 -9.532581612513622 -7.383092317023932 -10.892870292986794 -1.8391512633003515
28.917835671342683 7.82488944494613 -1.0569393682531647 2.418131409784685 0.45020759828069856 -4.580129416778416 -3.1624534519312952 11.3647960215106 18.02374011940552 31.9123354234347 13.989322651480087 16.50233915795972 5.784406137816915 10.16085870454441 -2.6104526746751153 0.3595800920498846 16.992738940153778 4.829383802648162 8.637429546260567 -0.9756834161401606 2.646620069281127 18.524845649580346 -3.735881063953279 4.397207979527327 -0.055204545082450096 -9.52911679469391 -7.37962749920422 -10.889405475167083 -1.8356864454806399
28.977955911823646 7.828347021376292 -1.0534817918229855 2.4215889862148643 0.45366517471087775 -4.576671840348254 -3.158995875501116 11.368253597940779 18.0271976958357 31.915792999864866 13.992780227910249 16.5057967343899 5.787863714247076 10.164316280974589 -2.606995098244936 0.3630376684800638 16.99619651658394 4.832841379078341 8.640887122690746 -0.9722258397099992 2.6500776457112885 18.528303226010525 -3.7324234875231177 4.400665555957506 -0.05174696865228867 -9.525659218263732 -7.376169922774059 -10.885947898736921 -1.8322288690504784
29.03807615230461 7.831797386767896 -1.0500314264313992 2.4250393516064506 0.457115540102464 -4.57322147495665 -3.1555455101095298 11.371703963332383 18.030648061227286 31.919243365256467 13.996230593301853 16.509247099781504 5.79131407963868 10.167766646366175 -2.603544732853332 0.3664880338716501 16.999646881975544 4.836291744469928 8.644337488082332 -0.9687754743183952 2.6535280111028925 18.53175359140211 -3.7289731221315137 4.404115921349092 -0.048296603260684634 -9.522208852872145 -7.372719557382455 -10.882497533345317 -1.8287785036588744
29.09819639278557 7.835240575522988 -1.0465882376762892 2.428482540361543 0.4605587288575741 -4.569778286201558 -3.1521023213544197 11.375147152087475 18.034091249982396 31.922686554011552 13.999673782056945 16.512690288536596 5.794757268393773 10.171209835121285 -2.60010154409824 0.36993122262676015 17.003090070730636 4.83973493322502 8.647780676837424 -0.9653322855633029 2.656971199857985 18.53519678015722 -3.7255299333764214 4.407559110104202 -0.044853414505592326 -9.518765664117053 -7.369276368627363 -10.879054344590225 -1.825335314903782
29.158316633266534 7.838676621451857 -1.0431521917474207 2.4319185862904114 0.4639947747864426 -4.566342240272689 -3.148666275425551 11.378583198016344 18.037527295911264 31.926122599940424 14.003109827985813 16.516126334465465 5.798193314322641 10.174645881050154 -2.5966654981693713 0.37336726855562863 17.006526116659504 4.843170979153888 8.651216722766293 -0.9618962396344344 2.6604072457868533 18.53863282608609 -3.722093887447553 4.410995156033053 -0.041417368576723845 -9.515329618188185 -7.365840322698494 -10.875618298661356 -1.8218992689749136
29.218436873747493 7.84210555399989 -1.0397232591993877 2.4353475188384444 0.4674237073344578 -4.562913307724656 -3.145237342877518 11.382012130564377 18.04095622845928 31.929551532488457 14.006538760533846 16.519555267013498 5.801622246870674 10.178074813598187 -2.5932365656213383 0.37679620110364387 17.009955049207537 4.846599911701921 8.654645655314326 -0.9584673070864014 2.6638361783348863 18.542061758634105 -3.71866495489952 4.414424088581086 -0.03798843602869084 -9.511900685640152 -7.362411390150461 -10.872189366113323 -1.8184703364268806
29.278557114228455 7.845527404332131 -1.0363014088671463 2.4387693691706858 0.470845557666717 -4.559491457392415 -3.141815492545277 11.385433980896618 18.04437807879154 31.932973382820695 14.009960610866088 16.52297711734574 5.805044097202916 10.181496663930428 -2.589814715289097 0.38021805143590304 17.01337689953978 4.850021762034163 8.658067505646585 -0.95504545675416 2.6672580286671277 18.545483608966364 -3.7152431045672785 4.417845938913345 -0.03456658569644944 -9.50847883530791 -7.35898953981822 -10.868767515781082 -1.8150484860946392
29.338677354709418 7.8489422060401814 -1.0328866071590959 2.442184170878736 0.47426035937474964 -4.556076655684365 -3.1384006908372264 11.388848782604668 18.04779288049957 31.93638818452875 14.013375412574138 16.52639191905379 5.808458898910966 10.18491146563846 -2.5863999135810465 0.3836328531439357 17.01679170124783 4.853436563742213 8.661482307354618 -0.9516306550461096 2.670672830375178 18.548898410674397 -3.711828302859228 4.421260740621378 -0.031151783988399018 -9.50506403359986 -7.355574738110169 -10.865352714073031 -1.8116336843865888
29.39879759519038 7.852349987186642 -1.029478826012653 2.4455919520251967 0.4776681405212102 -4.552668874537904 -3.1349929096907836 11.392256563751111 18.051200661646032 31.9397959656752 14.016783193720599 16.529799700200233 5.811866680057427 10.188319246784921 -2.5829921324346037 0.38704063429039626 17.02019948239429 4.856844344888674 8.664890088501078 -0.948222873899649 2.674080611521621 18.552306191820858 -3.7084205217127675 4.424668521767838 -0.027744002841938453 -9.5016562524534 -7.352166956963709 -10.861944932926571 -1.8082259032401282
