web/models/kne/57/mosfit_kn_0.003466_0.4687_0.5000.dat
# %ECSV 1.0
# ---
# datatype:
# - {name: time, datatype: float64}
# - {name: PS1_g, datatype: float64}
# - {name: PS1_i, datatype: float64}
# - {name: PS1_r, datatype: float64}
# - {name: PS1_w, datatype: float64}
# - {name: PS1_y, datatype: float64}
# - {name: PS1_z, datatype: float64}
# - {name: swift_uvot_B, datatype: float64}
# - {name: swift_uvot_U, datatype: float64}
# - {name: swift_uvot_uvm2, datatype: float64}
# - {name: swift_uvot_uvw1, datatype: float64}
# - {name: swift_uvot_uvw2, datatype: float64}
# - {name: swift_uvot_V, datatype: float64}
# - {name: johnson_B, datatype: float64}
# - {name: johnson_I, datatype: float64}
# - {name: johnson_R, datatype: float64}
# - {name: johnson_U, datatype: float64}
# - {name: johnson_V, datatype: float64}
# - {name: sdss_g, datatype: float64}
# - {name: sdss_i, datatype: float64}
# - {name: sdss_r, datatype: float64}
# - {name: sdss_u, datatype: float64}
# - {name: sdss_z, datatype: float64}
# - {name: ATLAS_c, datatype: float64}
# - {name: ATLAS_o, datatype: float64}
# - {name: ukirt_H, datatype: float64}
# - {name: ukirt_J, datatype: float64}
# - {name: ukirt_K, datatype: float64}
# - {name: Clear, datatype: float64}
# meta: !!omap
# - comment: [kappa = 0.5, type = rprocess, mass = 0.003465724215782086, velocity = 0.4686666666666667, theta_obs = 0.0, tfloor = 1000.0]
# schema: astropy-2.0
time PS1_g PS1_i PS1_r PS1_w PS1_y PS1_z swift_uvot_B swift_uvot_U swift_uvot_uvm2 swift_uvot_uvw1 swift_uvot_uvw2 swift_uvot_V johnson_B johnson_I johnson_R johnson_U johnson_V sdss_g sdss_i sdss_r sdss_u sdss_z ATLAS_c ATLAS_o ukirt_H ukirt_J ukirt_K Clear
[from data line 29]
1.8036072144288577 3.84999849872667 -3.754391850461065 -0.7839226414699318 -2.3008224789754905 -6.722282797163928 -5.5401894079631475 6.876451854868336 12.40741229547984 24.97891401600781 9.912054681877613 12.163053276459262 2.034157461567509 5.965408809572704 -5.1206196356470555 -2.4332213451227718 11.568595758389105 1.3261091823303086 4.548904078223224 -3.6846467573569264 -0.6092183720963895 12.956217307740001 -5.988332017865119 1.0029862711248327 -2.804332490093291 -10.769134032942842 -9.027782784408574 -11.833544045854667 -4.150153593720862
1.8637274549098195 4.726853029685305 -3.1797665532713992 -0.08954679703567336 -1.7120218164291856 -6.279271911600954 -5.041618760569975 7.874781245901098 13.671345655970057 26.562062435878534 10.818798931674554 13.127615296668434 2.857398274846143 6.897261242662665 -4.589943361168195 -1.8319171798675995 12.78829047989542 2.0943993056764603 5.452833168802016 -3.1071781974875456 0.09756909132608627 14.209389382986313 -5.5181072064635295 1.7433223418245802 -2.215814663527933 -10.538963132049746 -8.701143972500239 -11.673161874319804 -3.6629018862198315
1.9238476953907815 5.605981186759745 -2.6026184632621074 0.6070204755200237 -1.121710522593844 -5.833494135828801 -4.540211475337355 8.875305376152827 14.938081645724726 28.14252429983895 11.723991756663388 14.093389316845549 3.6832855734613785 7.829553582190748 -4.056939762669077 -1.2307314859697385 14.01006730170894 2.863206028554422 6.358903511645195 -2.5272613619718065 0.8067474149651055 15.465069049930396 -5.045821785345108 2.485463386019653 -1.6258837872912935 -10.306265359768306 -8.37198001520722 -11.510350447434215 -3.1751663965873966
1.9839679358717435 6.489928568056449 -2.021302953599804 1.3077867654997988 -0.5281058762791879 -5.383681097585793 -4.034541693471514 9.88090463492681 16.21123737180021 29.725572542443278 12.630652972680085 15.063266421468434 4.514150404115937 8.765047160948122 -3.5200849186451597 -0.6278609524271352 15.23740035023027 3.6347121817352273 7.269730730437196 -1.9432463817193302 1.5203405921479884 16.726810858927212 -4.5701419643510555 3.231611559377754 -1.0327674929510522 -10.070344447599362 -8.039334738960447 -11.344589805719226 -2.685424367425586
2.0440881763527052 7.378203288169658 -1.4362361954237102 2.012312995385912 0.06845799739862102 -4.930203236549531 -3.5250005653910677 10.89103332764865 17.490147724130694 31.31107395342801 13.538635990432581 16.036807309596007 5.349464937504506 9.70328888325351 -2.97977452067662 -0.0236483914685095 16.469627408770176 4.408421471680007 8.184805664876915 -1.3555531362172957 2.2378869109530974 17.993925882414548 -4.091459219389986 3.9813656391502583 -0.4368050482459296 -9.83146122845797 -7.703517304612626 -11.17609536459456 -2.193945421067127
2.1042084168336674 7.63537865605608 -1.2464501571432152 2.2286206208946346 0.2606968093906481 -4.769640205668466 -3.3519642408213457 11.17528523262055 17.83422933051547 31.722824634544647 13.799811862590037 16.31282836906969 5.5948953489268645 9.97134791565436 -2.799963463565148 0.17006930315983415 16.803228151263728 4.639873013758112 8.447918757370516 -1.165194205030211 2.4571092803910766 18.335334860690295 -3.9253918528433296 4.207697190637276 -0.24471533397250056 -9.718627583583961 -7.569138288094271 -11.078916264057133 -2.0251972343706903
2.164328657314629 7.709905994240991 -1.1719228189582864 2.3031479590795456 0.3352241475755591 -4.695112867483555 -3.277436902636417 11.249812570805478 17.90875666870038 31.79735197272956 13.874339200774948 16.3873557072546 5.669422687111775 10.045875253839288 -2.725436125380237 0.2445966413447629 16.87775548944864 4.714400351943023 8.522446095555427 -1.0906668668453001 2.5316366185759875 18.409862198875206 -3.8508645146584186 4.282224528822187 -0.17018799578758959 -9.64410024539905 -7.49461094990936 -11.004388925872222 -1.9506698961857794
2.224448897795591 7.7827212111803235 -1.0991076020189539 2.375963176018896 0.4080393645149094 -4.622297650544223 -3.2046216856970844 11.32262778774481 17.98157188563973 31.8701671896689 13.94715441771428 16.460170924193932 5.742237904051108 10.11869047077862 -2.6526209084409045 0.31741185828409546 16.95057070638797 4.787215568882373 8.595261312494777 -1.0178516499059675 2.60445183551532 18.482677415814557 -3.778049297719086 4.3550397457615375 -0.09737277884825701 -9.5712850284597 -7.4217957329700095 -10.93157370893289 -1.8778546792464468
2.284569138276553 7.853218654323584 -1.0286101588756935 2.4464606191621385 0.478536807658152 -4.551800207400962 -3.134124242553824 11.39312523088807 18.052069328782974 31.940664632812148 14.01765186085754 16.530668367337192 5.812735347194368 10.189187913921863 -2.582123465297644 0.38790930142733804 17.02106814953123 4.857713012025616 8.66575875563802 -0.9473542067627072 2.6749492786585805 18.5531748589578 -3.7075518545758257 4.42553718890478 -0.026875335704996672 -9.500787585316457 -7.351298289826767 -10.86107626578963 -1.8073572361031864
2.344689378757515 7.92211966334559 -0.9597091498537047 2.515361628184145 0.5474378166801586 -4.482899198378956 -3.0652232335318352 11.46202623991006 18.12097033780498 32.009565641834165 14.086552869879547 16.5995693763592 5.881636356216375 10.25808892294387 -2.5132224562756376 0.4568103104493446 17.089969158553238 4.926614021047622 8.734659764660027 -0.8784531977407006 2.743850287680587 18.622075867979806 -3.638650845553819 4.494438197926787 0.042025673317009904 -9.43188657629445 -7.28239728080476 -10.792175256767623 -1.7384562270811799
2.4048096192384767 7.989383672590922 -0.8924451406083556 2.5826256374294942 0.6147018259255077 -4.4156351891336065 -2.997959224286486 11.529290249155409 18.18823434705033 32.0768296510795 14.153816879124879 16.66683338560453 5.948900365461724 10.325352932189219 -2.445958447030306 0.5240743196946938 17.157233167798587 4.993878030292971 8.801923773905376 -0.8111891884953515 2.8111142969259184 18.689339877225155 -3.57138683630847 4.561702207172136 0.10928968256234128 -9.364622567049102 -7.215133271559411 -10.724911247522273 -1.6711922178358307
2.464929859719439 8.055067423654627 -0.8267613895446502 2.6483093884931996 0.6803855769892131 -4.349951438069919 -2.9322754732227807 11.594974000219114 18.253918098114035 32.14251340214321 14.219500630188584 16.732517136668235 6.014584116525412 10.391036683252924 -2.380274695966601 0.5897580707583991 17.222916918862275 5.059561781356677 8.867607524969081 -0.7455054374316639 2.876798047989624 18.75502362828886 -3.5057030852447824 4.627385958235841 0.17497343362604667 -9.298938815985396 -7.149449520495706 -10.659227496458586 -1.605508466772143
2.5250501002004007 8.119242748887778 -0.762586064311499 2.712484713726333 0.7445609022223643 -4.285776112836768 -2.8681001479896295 11.659149325452265 18.318093423347186 32.20668872737636 14.283675955421735 16.796692461901387 6.078759441758563 10.455212008486075 -2.3160993707334496 0.6539333959915503 17.287092244095426 5.12373710658981 8.931782850202232 -0.6813301121985127 2.940973373222775 18.81919895352201 -3.441527760011631 4.691561283468992 0.23914875885919784 -9.234763490752263 -7.085274195262572 -10.595052171225435 -1.541333141538992
2.5851703406813624 8.181979885026927 -0.6998489281723508 2.775221849865499 0.8072980383615125 -4.223038976697602 -2.8053630118504813 11.721886461591414 18.380830559486334 32.26942586351551 14.346413091560883 16.859429598040535 6.141496577897729 10.517949144625224 -2.2533622345943014 0.7166705321306985 17.349829380234592 5.186474242728976 8.99451998634138 -0.6185929760593645 3.003710509361923 18.88193608966116 -3.378790623872483 4.754298419608141 0.30188589499834606 -9.172026354613097 -7.022537059123406 -10.532315035086286 -1.478596005399826
2.6452905811623246 8.243552142235053 -0.638276670964224 2.836794107073626 0.8688702955696392 -4.161466719489475 -2.7437907546423546 11.78345871879954 18.44240281669446 32.330998120723635 14.40798534876901 16.92100185524866 6.203068835105856 10.57952140183335 -2.1917899773861746 0.7782427893388253 17.41140163744272 5.248046499937103 9.056092243549507 -0.5570207188512377 3.06528276657005 18.943508346869287 -3.317218366664356 4.815870676816267 0.3634581522064728 -9.11045409740497 -6.96096480191528 -10.47074277787816 -1.4170237481916992
2.7054108216432864 8.303427858247137 -0.5784009549521585 2.8966698230856913 0.9287460115817048 -4.1015910034774095 -2.683915038630289 11.843334434811606 18.502278532706526 32.3908738367357 14.467861064781076 16.980877571260727 6.262944551117921 10.639397117845416 -2.131914261374109 0.8381185053508908 17.471277353454784 5.307922215949168 9.115967959561573 -0.4971450028391544 3.1251584825821155 19.003384062881352 -3.257342650652273 4.875746392828333 0.4233338682185561 -9.050578381392905 -6.901089085903214 -10.410867061866076 -1.3571480321796336
2.7655310621242486 8.36220247728793 -0.5196263359113473 2.9554444421265025 0.9875206306225159 -4.042816384436598 -2.625140419589478 11.902109053852417 18.561053151747338 32.44964845577651 14.526635683821887 17.03965219030154 6.321719170158732 10.698171736886227 -2.073139642333298 0.896893124391702 17.530051972495595 5.3666968349899795 9.174742578602384 -0.438370383798361 3.1839331016229266 19.062158681922163 -3.1985680316114795 4.934521011869144 0.4821084872593495 -8.991803762352093 -6.842314466862403 -10.352092442825283 -1.2983734131388402
2.8256513026052104 8.419798677005499 -0.4620301361937784 3.0130406418440714 1.0451168303400848 -3.9852201847190294 -2.567544219871909 11.959705253569986 18.618649351464907 32.50724465549408 14.584231883539456 17.097248390019107 6.379315369876301 10.755767936603796 -2.015543442615729 0.9544893241092709 17.587648172213164 5.424293034707548 9.232338778319953 -0.38077418408077435 3.2415293013404956 19.119754881639732 -3.140971831893893 4.992117211586713 0.5397046869769184 -8.934207562634525 -6.784718267144834 -10.294496243107696 -1.2407772134212536
2.885771543086172 8.476247538837551 -0.405581274361726 3.069489503676124 1.1015656921721373 -3.9287713228869947 -2.5110953580398565 12.016154115402038 18.67509821329696 32.56369351732613 14.640680745371508 17.15369725185116 6.435764231708336 10.812216798435848 -1.9590945807836766 1.0109381859413233 17.644097034045217 5.480741896539601 9.288787640152005 -0.32432532224873967 3.297978163172548 19.176203743471785 -3.084522970061858 5.048566073418765 0.5961535488089709 -8.877758700802472 -6.728269405312782 -10.238047381275662 -1.184328351589219
2.9458917835671343 8.531593338534016 -0.3502354746652614 3.1248353033725706 1.156911491868584 -3.87342552319053 -2.455749558343392 12.071499915098503 18.730444012993406 32.61903931702259 14.696026545067973 17.209043051547624 6.4911100314048005 10.867562598132313 -1.903748781087212 1.066283985637788 17.699442833741664 5.536087696236048 9.344133439848452 -0.2689795225522751 3.3533239628690126 19.23154954316823 -3.0291771703653936 5.103911873115212 0.6514993485054354 -8.822412901106025 -6.672923605616335 -10.182701581579197 -1.1289825518927543
3.006012024048096 8.585879766742135 -0.2959490464571424 3.1791217315806897 1.211197920076721 -3.819139094982411 -2.401463130135273 12.125786343306622 18.784730441201543 32.67332574523071 14.750312973276092 17.263329479755743 6.5453964596129195 10.921849026340432 -1.849462352879093 1.120570413845907 17.753729261949783 5.590374124444167 9.398419868056589 -0.21469309434415607 3.4076103910771316 19.28583597137637 -2.9748907421572746 5.158198301323349 0.7057857767135545 -8.768126472897906 -6.618637177408216 -10.128415153371078 -1.0746961236846353
3.066132264529058 8.639148334165547 -0.24268047903373002 3.23239029900412 1.2644664875001332 -3.7658705275589988 -2.3481945627118606 12.179054910730034 18.837999008624955 32.72659431265413 14.803581540699504 17.316598047179156 6.598665027036332 10.975117593763844 -1.7961937854556806 1.1738389812693193 17.806997829373195 5.643642691867597 9.451688435480001 -0.16142452692074372 3.460878958500544 19.33910453879978 -2.921622174733862 5.211466868746761 0.7590543441369668 -8.714857905474476 -6.565368609984786 -10.075146585947666 -1.021427556261223
3.12625250501002 8.691438227468264 -0.19039058573101286 3.284680192306819 1.3167563808028326 -3.7135806342562816 -2.2959046694091434 12.231344804032751 18.890288901927654 32.778884205956835 14.855871434002221 17.368887940481873 6.650954920339049 11.027407487066561 -1.7439038921529635 1.2261288745720187 17.859287722675912 5.695932585170296 9.5039783287827 -0.10913463361802656 3.513168851803261 19.39139443210248 -2.869332281431145 5.263756762049461 0.811344237439684 -8.662568012171777 -6.513078716682086 -10.022856692644948 -0.9691376629585058
3.186372745490982 8.742800707622411 -0.13902810557686607 3.336042672460966 1.3681188609569972 -3.662218154102135 -2.2445421892549966 12.282707284186898 18.94165138208182 32.83024668611098 14.907233914156368 17.42025042063602 6.702317400493196 11.078769967220708 -1.6925414119988167 1.2774913547261832 17.91065020283006 5.747295065324443 9.555340808936847 -0.05777215346387976 3.564531331957408 19.442756912256645 -2.8179698012769983 5.315119242203625 0.8627067175938308 -8.61120553201763 -6.4617162365279395 -9.971494212490802 -0.917775182804359
3.2464929859719436 8.793229860164686 -0.08859895303459098 3.386471825003241 1.4185480134992723 -3.6117890015598597 -2.1941130367127215 12.333136436729173 18.992080534624076 32.880675838653254 14.957663066698643 17.470679573178295 6.752746553035471 11.129199119762983 -1.6421122594565416 1.3279205072684583 17.961079355372334 5.797724217866718 9.605769961479123 -0.00734300092160467 3.614960484499683 19.493186064798902 -2.767540648734723 5.365548394745883 0.9131358701361059 -8.560776379475355 -6.411287083985664 -9.921065059948527 -0.8673460302620839
3.306613226452906 8.842797723652485 -0.039031089546792685 3.436039688491057 1.4681158769870706 -3.5622211380720614 -2.144545173224923 12.382704300216972 19.041648398111892 32.93024370214106 15.007230930186441 17.520247436666093 6.802314416523269 11.178766983250782 -1.5925443959687433 1.3774883707562566 18.010647218860132 5.847292081354534 9.655337824966939 0.04222486256619362 3.6645283479874813 19.542753928286718 -2.717972785246925 5.415116258233699 0.9627037336239042 -8.511208515987539 -6.361719220497848 -9.871497196460728 -0.8177781667742856
3.3667334669338675 8.891525658916706 0.00969684571742846 3.4847676237552605 1.5168438122512917 -3.5134932028078403 -2.095817237960702 12.431432235481193 19.090376333376113 32.97897163740529 15.055958865450663 17.568975371930314 6.85104235178749 11.227494918515003 -1.5438164607045222 1.4262163060204778 18.059375154124353 5.896020016618755 9.70406576023116 0.09095279783041477 3.7132562832517024 19.59148186355094 -2.6692448499827037 5.46384419349792 1.0114316688881253 -8.462480580723335 -6.312991285233645 -9.822769261196507 -0.7690502315100645
3.4268537074148293 8.939443115477967 0.05761430227869013 3.532685080316522 1.5647612688125534 -3.4655757462465786 -2.0478997813994404 12.479349692042454 19.138293789937375 33.02688909396654 15.103876322011924 17.616892828491576 6.898959808348752 11.275412375076264 -1.4958990041432605 1.4741337625817394 18.107292610685615 5.943937473179999 9.751983216792421 0.13887025439167644 3.761173739812964 19.6393993201122 -2.621327393421442 5.5117616500591815 1.059349125449387 -8.414563124162074 -6.265073828672383 -9.774851804635246 -0.7211327749488028
