web/models/kne/57/mosfit_kn_0.177477_0.2023_0.5000.dat
# %ECSV 1.0
# ---
# datatype:
# - {name: time, datatype: float64}
# - {name: PS1_g, datatype: float64}
# - {name: PS1_i, datatype: float64}
# - {name: PS1_r, datatype: float64}
# - {name: PS1_w, datatype: float64}
# - {name: PS1_y, datatype: float64}
# - {name: PS1_z, datatype: float64}
# - {name: swift_uvot_B, datatype: float64}
# - {name: swift_uvot_U, datatype: float64}
# - {name: swift_uvot_uvm2, datatype: float64}
# - {name: swift_uvot_uvw1, datatype: float64}
# - {name: swift_uvot_uvw2, datatype: float64}
# - {name: swift_uvot_V, datatype: float64}
# - {name: johnson_B, datatype: float64}
# - {name: johnson_I, datatype: float64}
# - {name: johnson_R, datatype: float64}
# - {name: johnson_U, datatype: float64}
# - {name: johnson_V, datatype: float64}
# - {name: sdss_g, datatype: float64}
# - {name: sdss_i, datatype: float64}
# - {name: sdss_r, datatype: float64}
# - {name: sdss_u, datatype: float64}
# - {name: sdss_z, datatype: float64}
# - {name: ATLAS_c, datatype: float64}
# - {name: ATLAS_o, datatype: float64}
# - {name: ukirt_H, datatype: float64}
# - {name: ukirt_J, datatype: float64}
# - {name: ukirt_K, datatype: float64}
# - {name: Clear, datatype: float64}
# meta: !!omap
# - comment: [kappa = 0.5, type = rprocess, mass = 0.1774768329891343, velocity = 0.20233333333333337, theta_obs = 0.0, tfloor = 1000.0]
# schema: astropy-2.0
time PS1_g PS1_i PS1_r PS1_w PS1_y PS1_z swift_uvot_B swift_uvot_U swift_uvot_uvm2 swift_uvot_uvw1 swift_uvot_uvw2 swift_uvot_V johnson_B johnson_I johnson_R johnson_U johnson_V sdss_g sdss_i sdss_r sdss_u sdss_z ATLAS_c ATLAS_o ukirt_H ukirt_J ukirt_K Clear
[from data line 141]
8.537074148296593 -9.032611315305488 -12.97996218149688 -11.476078359037718 -11.837755478495762 -14.356921432155296 -13.83220722780763 -7.4551917697249435 -5.050225930970296 2.880923162559605 -3.8483738705956045 -1.9456904034858655 -10.143290823988426 -7.7386320100816555 -13.83832797263339 -12.214399670382072 -5.403529703980549 -10.362538871405727 -8.665653189354199 -12.948842185344791 -11.425795275615513 -4.375279189586223 -13.99860734374121 -10.313566227113391 -12.32623536724967 -15.899343132153017 -15.300259434151684 -16.15154775027692 -12.570973278124846
8.597194388777554 -8.925283477226582 -12.912947192254816 -11.392774821591729 -11.765051318795692 -14.307240219231847 -13.77551066926026 -7.332377403112985 -4.8940074569867775 3.099040686508709 -3.7229316757384185 -1.820886906792246 -10.044667999526428 -7.6206953467614404 -13.776607361772381 -12.138830909891027 -5.252342899021951 -10.267565219871207 -8.554668754162122 -12.881376271983811 -11.341465366131676 -4.220696170613518 -13.94442581850468 -10.222103694515496 -12.254259629462858 -15.87602669223251 -15.26488241104028 -16.13659396820807 -12.509135074297255
8.657314629258517 -8.817699231340654 -12.84570108901157 -11.309230384022353 -11.692187700789365 -14.257348855159577 -13.718592035725532 -7.209278329096725 -4.737457891909074 3.31726699448392 -3.5975372863575923 -1.6960265460497435 -9.945764663280745 -7.502525835996558 -13.714667260401214 -12.063077783826667 -5.100829785291278 -10.172350048208203 -8.443424529374877 -12.81367911647088 -11.256884630737876 -4.065769765519018 -13.890036391598866 -10.130440262015838 -12.182095026653172 -15.852559640746936 -15.229327087684936 -16.12151499069634 -12.447184478345648
8.71743486973948 -8.709816687785175 -12.77819640995057 -11.225411876890501 -11.619134180791804 -14.207225851246346 -13.661427418183454 -7.085847385774776 -4.580518030622791 3.535681669273669 -3.472134568601177 -1.5710523359207538 -9.846542287017137 -7.384078186396778 -13.652482064263111 -11.987110126616216 -4.948933206451375 -10.076856352387454 -8.331877349476784 -12.745723111071712 -11.172019549013754 -3.9104416409277754 -13.835416108118626 -10.038539254198682 -12.109712252935392 -15.828929346459987 -15.193576836495524 -16.106300956890266 -12.385094679120172
8.77755511022044 -8.601708680389368 -12.710482721121554 -11.141378387048952 -11.54594253854091 -14.15691052318044 -13.604060284075175 -6.96216664945502 -4.423289193985376 3.7541464388884345 -3.346798819431704 -1.4460384142624636 -9.74706898106141 -7.265431687887446 -13.590098231388012 -11.910982696780927 -4.796751822773892 -9.981150285552099 -8.220102194069803 -12.67755809728806 -11.086929834572423 -3.7548124839012154 -13.780607014954391 -9.946463801666727 -12.037163579990757 -15.805159257708748 -15.157662420680325 -16.09097022879371 -12.322910859236575
8.837675350701403 -8.493378701889327 -12.64256304152866 -11.057133242374775 -11.472614822776812 -14.106405446749584 -13.546493390738945 -6.8382400931599205 -4.2657757112467465 3.9726550366459863 -3.221526171676938 -1.3209801808803188 -9.647348429748607 -7.146590290568987 -13.527518668725211 -11.834698874892428 -4.644290146699046 -9.885235645105277 -8.108102634016454 -12.609187114634892 -11.001618860397784 -3.5988869103143095 -13.725611874166859 -9.854216677629353 -11.964451932934868 -15.781251008681046 -15.12158596130158 -16.07552408803231 -12.260634628890568
8.897795591182364 -8.384832820923211 -12.574442115751765 -10.972681837791374 -11.399154930892603 -14.05571455978528 -13.48873100501919 -6.714074594018121 -4.107985529702418 4.1911963935668135 -3.0963159986785445 -1.1958763627823141 -9.547386714374177 -7.027560731835813 -13.464747896188644 -11.758263932330763 -4.491556200533619 -9.789118540665525 -7.995884893518745 -12.540614937672299 -10.916092090531748 -3.442673120410298 -13.67043490243816 -9.761802891731257 -11.891582054628369 -15.757207040878388 -15.08535064041128 -16.059964444564404 -12.19826921630613
8.957915831663327 -8.27613068587203 -12.506160708004934 -10.888072678821246 -11.325605059319805 -14.004870245010324 -13.430808914240995 -6.5897374057060984 -3.9500016044410735 4.409658333455277 -2.971228594142054 -1.07078672279297 -9.447239788946817 -6.908407850443158 -13.401824123382344 -11.68172272319688 -4.338630814007047 -9.69285325343243 -7.883510372369837 -12.471882556418095 -10.830398574711886 -3.286253645304349 -13.615110704091098 -9.669273994909968 -11.818596730602362 -15.733046642688958 -15.048981793142032 -16.04430635571109 -12.135851304117278
9.018036072144287 -8.167237001940766 -12.437695766903492 -10.803277878694377 -11.251939498054426 -13.953854495180416 -13.372707068477041 -6.4651888084645845 -3.791774029328767 4.628108390058114 -2.846216807595176 -0.9456637269130073 -9.346875271974799 -6.789093463366584 -13.33872586488604 -11.605049880198656 -4.18546584697226 -9.596408689643424 -7.7709426998324815 -12.402966797801742 -10.744510142600934 -3.1295793661758964 -13.559620037875817 -9.576599022793388 -11.74547127198645 -15.708759242226243 -15.012465501394432 -16.028541553778176 -12.073358218792745
9.07815631262525 -8.058209949747184 -12.36908708728155 -10.71834476637278 -11.178199345621138 -13.90269893423465 -13.314460415131748 -6.3404944145559226 -3.63338374868146 4.846437689114109 -2.7213395032288363 -0.8205659985917744 -9.24634779253089 -6.6696807520652825 -13.27549041674435 -11.52828909755372 -4.032140172049356 -9.499837797043574 -7.658241763978442 -12.33390767648336 -10.65847466817381 -2.972730834738009 -13.503996682713435 -9.483828206430278 -11.672247366067161 -15.684363661722106 -14.975826499733811 -16.01268471131506 -12.010825639251923
9.138276553106213 -7.94907352824664 -12.300351497070494 -10.633293170397078 -11.104401232420091 -13.85141705416828 -13.256083809822705 -6.215681327705954 -3.474863889333051 5.0646022708584555 -2.596616894587313 -0.6955136648545444 -9.145680193521006 -6.550195780868101 -13.212133588401908 -11.451458758077361 -3.8786862423489876 -9.403162780048111 -7.545432252982742 -12.264722114809796 -10.572312232416916 -2.8157412260579484 -13.448255035779937 -9.39098205216629 -11.598942386871478 -15.659867972560534 -14.93907539441105 -15.996742095353296 -11.94826783829873
9.198396793587174 -7.839805476957604 -12.231474697024307 -10.548105678357516 -11.030528774034849 -13.799997760132143 -13.197564863062983 -6.090724519719802 -3.3161828295480866 5.2826453956689585 -2.4720173503095384 -0.5704749583875066 -9.044852232796103 -6.430614465189159 -13.148642076162009 -11.374543070204972 -3.7250736564531484 -9.306364245609958 -7.4324912198629 -12.195395739295378 -10.486005261221578 -2.6585795384677624 -13.392383234264624 -9.298040907898688 -11.52554085972108 -15.635265697090524 -14.902203649490387 -15.980708626933778 -11.88567028414063
9.258517034068136 -7.730467421179608 -12.16249883726313 -10.46283240376809 -10.956625432586318 -13.748474550792888 -13.138940601033138 -5.965693505249706 -3.1574264084534853 5.500452695364719 -2.3476037619205132 -0.4455130121949966 -8.943921825134684 -6.311003595410444 -13.08505536645032 -11.29758813248132 -3.571386027007375 -9.209498209527121 -7.31948209841633 -12.125970931047867 -10.399604469419739 -2.501331198310144 -13.336417030013585 -9.20505791367967 -11.452086819531644 -15.610576737622793 -14.865237441498794 -15.96459978486333 -11.823070630063448
9.318637274549097 -7.621057287618118 -12.093423206858507 -10.377472181088798 -10.882689209978231 -13.696847069375337 -13.080210534028804 -5.840586012852081 -2.998591301475848 5.718029855563793 -2.2233675271525573 -0.32061935913873496 -8.842887555540166 -6.191360912870433 -13.021372858554844 -11.220592993264741 -3.4176204119422526 -9.112563410009605 -7.206402729301402 -12.056446977901771 -10.313108721396222 -2.34399325509834 -13.280356016474393 -9.112030914897407 -11.37857907532796 -15.5858009635925 -14.82817658912447 -15.948415427130252 -11.760466868056767
9.37875751503006 -7.511583661891201 -12.024254263403318 -10.292032420003672 -10.808725717532894 -13.64512062220614 -13.02138044806135 -5.715411784290928 -2.839689119836102 5.935362635928187 -2.0993122489129408 -0.19579784036047299 -8.741757940413823 -6.071695694569325 -12.957600654293266 -11.143564547619615 -3.2637883628296582 -9.015568159685719 -7.093261929419619 -11.98683037489955 -10.226525555392616 -2.1865775607279936 -13.224205831924394 -9.018967005419167 -11.30502398591938 -15.560941595711629 -14.791025319235017 -15.932158022561927 -11.697863625068514
9.438877755511022 -7.402092548231476 -11.955023671003495 -10.206550662979996 -10.734767204552007 -13.593320436808671 -12.962478204900947 -5.590222742762353 -2.6807838962897534 6.152366943500309 -1.9754834635316239 -0.0710945789543369 -8.640576400825275 -5.952057692933707 -12.89376842244896 -11.066537235054128 -3.109952309989741 -8.918554395453844 -6.980107045633108 -11.917152958892796 -10.13989299503784 -2.02914794055042 -13.167993369866817 -8.925905707460462 -11.231454415036222 -15.536013623758343 -14.753803356434075 -15.915839194627706 -11.635288705946518
9.498997995991983 -7.292564117658777 -11.885718749731993 -10.121011430637363 -10.660799035014392 -13.541436700344907 -12.903492837076573 -5.464996604022608 -2.521847479469219 6.369082141352018 -1.851853320849894 0.0535180465055487 -8.539324972604494 -5.832425381350021 -12.829864365182743 -10.989496948345547 -2.9560851986662517 -8.82150486737581 -6.866917636174605 -11.847401983860788 -10.053195433565953 -1.8716768249170457 -13.111708122226435 -8.832829463650924 -11.1578565381663 -15.51101133078793 -14.71650315991832 -15.89945444823991 -11.572729090039715
9.559118236472946 -7.183032971775809 -11.816363486400103 -10.03544307736652 -10.586845322872076 -13.489488577925517 -12.844445489031795 -5.33977244156513 -2.36292796547934 6.585445909126919 -1.7284548721011457 0.1780062895457104 -8.438036462250917 -5.712836118610735 -12.765910967332072 -10.912469658474244 -2.8022339791385886 -8.72445123984077 -6.753729306339888 -11.777601567388274 -9.966461609352315 -1.7142122396025528 -13.055370500979553 -8.739767891620644 -11.084255093995594 -15.485946120168169 -14.67913973296138 -15.883012607255347 -11.510205476255777
9.619238476953907 -7.073530171631788 -11.746979493327032 -9.94987110785793 -10.512927635250282 -13.437493363339783 -12.78535523188884 -5.214585342001437 -2.204068514234283 6.801402892170711 -1.6053172278295587 0.3023402308235359 -8.336740396221593 -5.593323387832253 -12.701928489313882 -10.83547867711384 -2.6484408034833895 -8.627421979134835 -6.6405740149562575 -11.707773439120146 -9.879717386041111 -1.5567973204475827 -12.998998910406865 -8.646747517868434 -11.010672280133118 -15.460828283006386 -14.641726617950733 -15.866521621125427 -11.447736319192199
9.67935871743487 -6.964030024971795 -11.677550119347373 -9.86427529950939 -10.439027193103598 -13.385438104020722 -12.726207619914032 -5.089406408395663 -2.045232792694698 7.017003701399973 -1.4824066214167604 0.4265533195481699 -8.235413332181054 -5.47385928808993 -12.637901416464025 -10.758505525842452 -2.4946706602861934 -8.530394537197433 -6.527425283981216 -11.637900860269728 -9.792942361944537 -1.3993963732674075 -12.942579487636454 -8.553745711972596 -10.937090084442271 -15.435650255724319 -14.60425383275975 -15.84997556057729 -11.385305001276027
9.739478957915832 -6.854578257342734 -11.608106860892278 -9.778692963049345 -10.365175984739299 -13.333347910214854 -12.667030386691849 -4.964287261026562 -1.886484532659782 7.232165999071307 -1.3597687023337452 0.5505988052209934 -8.134098494464059 -5.354493114857032 -12.573859245506107 -10.681584249367344 -2.3409856571632592 -8.433410534414223 -6.414330171624716 -11.568015496874775 -9.706174353298973 -1.2420729301801359 -12.886138965109737 -8.46080169078295 -10.8635410548872 -15.41042694301138 -14.566740996043686 -15.833385956416722 -11.32293901928021
9.799599198396793 -6.7451898765669505 -11.538660507865952 -9.693136659277357 -10.291384151753231 -13.28123152628411 -12.607833130491226 -4.839244890180839 -1.727844449599125 7.446864942730202 -1.2374150846816074 0.6744641843099299 -8.032810446051155 -5.235240920642678 -12.50981211146745 -10.604726251162504 -2.187406142207131 -8.33648397133629 -6.301304106765873 -11.49812819721511 -9.619426138396623 -1.0848478663580607 -12.82968661130786 -8.367928057103207 -10.790035962918374 -15.385163586503744 -14.529194995729478 -15.816756825222436 -11.260646868046322
9.859719438877756 -6.635846751578747 -11.469199485706962 -9.607592236171527 -10.21763831983554 -13.229080011492194 -12.548605852463908 -4.714258919207071 -1.5692868320327944 7.661137328506357 -1.1153209290896267 0.7981737862385221 -7.931532792044849 -5.116082949075182 -12.445749242109507 -10.527918563194067 -2.0339073971288113 -8.23959906401363 -6.1883283977134695 -11.428227325970006 -9.532683461265119 -0.9276960064682171 -12.773212837722205 -8.275108739091994 -10.716562120192847 -15.359854998851002 -14.491608970626986 -15.800084087883855 -11.198416634402992
9.919839679358716 -6.526591694968005 -11.399753334956166 -9.522094650321122 -10.14396837698559 -13.176916938449441 -12.489374583489727 -4.5893776878211865 -1.4108713805322635 7.8749069457066385 -0.9935288395194593 0.921683660017504 -7.830306068601865 -4.997065255698065 -12.381698296717254 -10.451192973755258 -1.8805475955370565 -8.142794769792479 -6.0754471020730705 -11.358342581380079 -9.445981770889595 -0.7706768834595223 -12.716742715369378 -8.182380400426847 -10.643149945561579 -15.334515170636656 -14.454001335612306 -15.78337855293732 -11.136273945654551
9.97995991983968 -6.417434216505633 -11.330329127554055 -9.436652016355556 -10.070380565627275 -13.124748114581415 -12.430145668601167 -4.464611985504528 -1.2526111435020757 8.08815961932568 -0.8720446980663783 1.0449869238756517 -7.7291397098661045 -4.87819789631811 -12.317665928786312 -10.37455676520371 -1.727339624657731 -8.046080110264702 -5.962669987569527 -11.288481073111978 -9.359329353860772 -0.6138037588506684 -12.660282369032565 -8.089750879438835 -10.569806274261548 -15.309147613048616 -14.416376692175168 -15.766642890872367 -11.074223896839523
10.040080160320642 -6.308358659906652 -11.260916936639411 -9.351252155050815 -9.996863298537253 -13.072565900372304 -12.37091055231934 -4.3399442207458625 -1.0944839040008423 8.300927803801873 -0.7508468601438518 1.1681045822233718 -7.6280196201595745 -4.759463758794812 -12.253642902680408 -10.297998735731195 -1.5742621406947177 -7.949441492258182 -5.84998091135386 -11.218632821972765 -9.272713953508323 -0.45705490780614255 -12.603823592760168 -7.997206258379261 -10.496520140675507 -15.28374791428378 -14.378729191356319 -15.749873629179854 -11.012256133446083
10.100200400801603 -6.199402585201366 -11.191542759420887 -9.265925778726718 -9.923442719879354 -13.020391072766984 -12.311692168920665 -4.215416811108269 -0.9365420453458382 8.513145623972488 -0.6299723217540527 1.2909981345133983 -7.52698144831107 -4.640903147625494 -12.189653557711033 -10.221546712810518 -1.4213661934816924 -7.852913108103718 -5.737418521829074 -11.148823962712981 -9.18616673497695 -0.30048259952369705 -12.547388458866724 -7.904778636928711 -10.423318190635449 -15.258328413292613 -14.341075068466631 -15.733080287260462 -10.95039300100268
10.160320641282565 -6.090576198475368 -11.122214125029366 -9.18068154573552 -9.850125577062503 -12.968229802414921 -12.252497267440656 -4.091041327807484 -0.7787996245703963 8.724797995464076 -0.5094280467015184 1.413659462028424 -7.426035279139687 -4.522526820971539 -12.125704969327515 -10.145208416638926 -1.2686656293024545 -7.756504565054223 -5.624993303534982 -11.079062063813367 -9.09969654152814 -0.1441010835105061 -12.49098346864475 -7.812476455987376 -10.350207712495028 -15.232892838965753 -14.303419204950261 -15.716265704748016 -10.888640022927873
