web/models/kne/57/mosfit_kn_0.033839_0.1240_3.6500.dat
# %ECSV 1.0
# ---
# datatype:
# - {name: time, datatype: float64}
# - {name: PS1_g, datatype: float64}
# - {name: PS1_i, datatype: float64}
# - {name: PS1_r, datatype: float64}
# - {name: PS1_w, datatype: float64}
# - {name: PS1_y, datatype: float64}
# - {name: PS1_z, datatype: float64}
# - {name: swift_uvot_B, datatype: float64}
# - {name: swift_uvot_U, datatype: float64}
# - {name: swift_uvot_uvm2, datatype: float64}
# - {name: swift_uvot_uvw1, datatype: float64}
# - {name: swift_uvot_uvw2, datatype: float64}
# - {name: swift_uvot_V, datatype: float64}
# - {name: johnson_B, datatype: float64}
# - {name: johnson_I, datatype: float64}
# - {name: johnson_R, datatype: float64}
# - {name: johnson_U, datatype: float64}
# - {name: johnson_V, datatype: float64}
# - {name: sdss_g, datatype: float64}
# - {name: sdss_i, datatype: float64}
# - {name: sdss_r, datatype: float64}
# - {name: sdss_u, datatype: float64}
# - {name: sdss_z, datatype: float64}
# - {name: ATLAS_c, datatype: float64}
# - {name: ATLAS_o, datatype: float64}
# - {name: ukirt_H, datatype: float64}
# - {name: ukirt_J, datatype: float64}
# - {name: ukirt_K, datatype: float64}
# - {name: Clear, datatype: float64}
# meta: !!omap
# - comment: [kappa = 3.65, type = rprocess, mass = 0.03383890769761434, velocity = 0.12399999999999999, theta_obs = 0.0, tfloor = 1000.0]
# schema: astropy-2.0
time PS1_g PS1_i PS1_r PS1_w PS1_y PS1_z swift_uvot_B swift_uvot_U swift_uvot_uvm2 swift_uvot_uvw1 swift_uvot_uvw2 swift_uvot_V johnson_B johnson_I johnson_R johnson_U johnson_V sdss_g sdss_i sdss_r sdss_u sdss_z ATLAS_c ATLAS_o ukirt_H ukirt_J ukirt_K Clear
[from data line 375]
22.605210420841683 7.609393543176424 -1.2724352700228536 2.2026355080149784 0.23471169651099189 -4.795625318548122 -3.377949353700984 11.14930011974091 17.808244217635814 31.696839521664987 13.77382674971038 16.286843256190032 5.568910236047208 9.945362802774703 -2.8259485764448042 0.14408419028017794 16.77724303838407 4.6138879008784555 8.42193364449086 -1.1911793179098673 2.4311241675114204 18.30934974781064 -3.951376965722986 4.18171207775762 -0.2707004468521568 -9.744612696463617 -7.595123400973927 -11.10490137693679 -2.0511823472503465
22.665330661322646 7.614635597877246 -1.267193215322031 2.2078775627158187 0.23995375121183216 -4.790383263847282 -3.3727072990001616 11.154542174441733 17.813486272336654 31.702081576365824 13.779068804411203 16.292085310890855 5.5741522907480485 9.950604857475543 -2.8207065217439817 0.1493262449810182 16.78248509308491 4.619129955579296 8.4271756991917 -1.1859372632090448 2.436366222212243 18.31459180251148 -3.9461349110221633 4.18695413245846 -0.26545839215133427 -9.739370641762777 -7.589881346273087 -11.099659322235967 -2.0459402925495063
22.725450901803605 7.6198595804471125 -1.2619692327521648 2.2131015452856673 0.24517773378168073 -4.7851592812774335 -3.3674833164302953 11.1597661570116 17.818710254906502 31.707305558935676 13.78429278698107 16.29730929346072 5.579376273317897 9.955828840045392 -2.8154825391741154 0.15455022755086678 16.78770907565476 4.624353938149144 8.432399681761549 -1.1807132806391785 2.441590204782109 18.319815785081328 -3.940910928452297 4.192178115028309 -0.26023440958146793 -9.734146659192929 -7.584657363703238 -11.0944353396661 -2.0407163099796577
22.785571142284567 7.625065620031268 -1.256763193168009 2.218307584869823 0.25038377336585427 -4.779953241693278 -3.3622772768461395 11.164972196595755 17.823916294490676 31.712511598519843 13.789498826565225 16.302515333044877 5.584582312902053 9.961034879629565 -2.8102764995899596 0.15975626713504032 16.792915115238916 4.6295599777333 8.437605721345722 -1.1755072410550227 2.446796244366265 18.3250218246655 -3.935704888868141 4.197384154612482 -0.25502836999731215 -9.728940619608773 -7.579451324119082 -11.089229300081945 -2.035510270395502
22.84569138276553 7.630254090437134 -1.2515747227621432 2.223496055275689 0.2555722437717023 -4.774764771287412 -3.3570888064402737 11.170160667001621 17.829104764896524 31.717700068925698 13.794687296971091 16.307703803450742 5.589770783307919 9.966223350035431 -2.805088029184094 0.1649447375409061 16.798103585644782 4.634748448139166 8.44279419175157 -1.170318770649157 2.4519847147721308 18.33021029507135 -3.9305164184622754 4.20257262501833 -0.24983989959144637 -9.723752149202907 -7.574262853713217 -11.084040829676079 -2.030321799989636
22.905811623246493 7.635425081697491 -1.246403731501804 2.228667046536046 0.2607432350320593 -4.769593780027055 -3.3519178151799345 11.17533165826196 17.83427575615688 31.722871060186055 13.799858288231448 16.3128747947111 5.594941774568276 9.97139434129577 -2.799917037923737 0.17011572880124537 16.80327457690514 4.639919439399523 8.447965183011927 -1.1651477793887999 2.457155706032488 18.335381286331707 -3.9253454272019184 4.207743616278687 -0.24466890833108934 -9.71858115794255 -7.56909186245286 -11.078869838415722 -2.025150808729279
22.965931863727455 7.640578756227097 -1.2412500569721807 2.233820721065669 0.26589690956168255 -4.764440105497432 -3.3467641406503112 11.180485332791584 17.839429430686504 31.72802473471567 13.805011962761053 16.318028469240705 5.600095449097899 9.976548015825394 -2.7947633633941313 0.1752694033308686 16.808428251434762 4.645073113929146 8.45311885754155 -1.1599941048591944 2.4623093805620933 18.34053496086133 -3.920191752672313 4.212897290808311 -0.23951523380148387 -9.713427483412927 -7.563938187923236 -11.073716163886116 -2.019997134199656
23.026052104208414 7.645715260288544 -1.2361135529107337 2.2389572251270984 0.27103341362311184 -4.759303601436002 -3.341627636588864 11.18562183685303 17.844565934747934 31.73316123877711 13.8101484668225 16.323164973302152 5.605231953159328 9.981684519886823 -2.7896268593326843 0.1804059073922979 16.81356475549619 4.650209617990575 8.45825536160298 -1.1548576007977474 2.4674458846235403 18.34567146492276 -3.915055248610866 4.21803379486974 -0.23437872974003682 -9.708290979351498 -7.558801683861807 -11.06857965982467 -2.0148606301382266
23.086172344689377 7.6508347287653855 -1.2309940844338918 2.2440766936039402 0.2761528820999537 -4.7541841329591605 -3.3365081681120223 11.190741305329873 17.849685403224775 31.738280707253953 13.815267935299342 16.328284441778994 5.61035142163617 9.986803988363665 -2.7845073908558424 0.18552537586913975 16.818684223973033 4.655329086467417 8.463374830079822 -1.1497381323209055 2.472565353100382 18.3507909333996 -3.909935780134024 4.223153263346582 -0.22925926126319496 -9.703171510874656 -7.553682215384965 -11.063460191347827 -2.0097411616613847
23.14629258517034 7.655937247258837 -1.2258915659404401 2.2491792120974097 0.28125540059342313 -4.749081614465691 -3.3314056496185707 11.195843823823324 17.854787921718245 31.74338322574741 13.820370453792794 16.333386960272446 5.6154539401296395 9.991906506857134 -2.7794048723623908 0.19062789436260918 16.823786742466503 4.660431604960887 8.468477348573291 -1.1446356138274538 2.477667871593834 18.35589345189307 -3.9048332616405723 4.228255781840051 -0.2241567427697433 -9.698068992381186 -7.548579696891496 -11.058357672854376 -2.0046386431679153
23.206412825651302 7.66102307976217 -1.2208057334371247 2.254265044600725 0.28634123309673853 -4.743995781962376 -3.3263198171152553 11.200929656326657 17.85987375422156 31.748469058250738 13.825456286296127 16.33847279277578 5.620539772632955 9.99699233936045 -2.7743190398590576 0.1957137268659246 16.828872574969818 4.665517437464202 8.473563181076607 -1.1395497813241207 2.482753704097167 18.360979284396386 -3.899747429137239 4.233341614343367 -0.21907091026641012 -9.69298315987787 -7.54349386438818 -11.053271840351043 -1.9995528106645999
23.266533066132265 7.666092432697766 -1.215736380501511 2.259334397536321 0.2914105860323346 -4.73892642902678 -3.3212504641796414 11.205999009262253 17.864943107157156 31.75353841118633 13.830525639231723 16.343542145711375 5.625609125568551 10.002061692296063 -2.7692496869234615 0.20078307980152066 16.833941927905414 4.670586790399798 8.478632534012203 -1.1344804283885246 2.487823057032763 18.366048637331982 -3.894678076201643 4.238410967278963 -0.21400155733081405 -9.687913806942275 -7.538424511452584 -11.048202487415447 -1.9944834577290038
23.326653306613224 7.671145413368787 -1.21068339983049 2.264387378207342 0.2964635667033555 -4.733873448355759 -3.3161974835086205 11.211051989933274 17.869996087828177 31.758591391857355 13.835578619902744 16.348595126382396 5.630662106239572 10.007114672967067 -2.7641967062524406 0.20583606047254155 16.838994908576435 4.675639771070819 8.483685514683224 -1.1294274477175037 2.492876037703784 18.371101618003003 -3.889625095530622 4.243463947949984 -0.20894857665979316 -9.682860826271254 -7.533371530781563 -11.043149506744426 -1.989430477057983
23.386773547094187 7.676182156536342 -1.2056466566629354 2.2694241213749144 0.3015003098709279 -4.728836705188186 -3.311160740341066 11.216088733100829 17.87503283099575 31.76362813502492 13.840615363070299 16.35363186954995 5.635698849407144 10.012151416134639 -2.759159963084886 0.21087280364011396 16.844031651744007 4.6806765142383915 8.488722257850796 -1.124390704549949 2.4979127808713386 18.376138361170575 -3.8845883523630675 4.248500691117556 -0.20391183349223851 -9.677824083103681 -7.528334787613991 -11.038112763576871 -1.9843937338904283
23.44689378757515 7.681202778907821 -1.2006260342914565 2.2744447437463755 0.30652093224238897 -4.723816082816725 -3.306140117969587 11.221109355472308 17.88005345336721 31.768648757396388 13.845635985441778 16.35865249192143 5.640719471778605 10.0171720385061 -2.754139340713407 0.21589342601157502 16.84905227411547 4.6856971366098525 8.493742880222257 -1.1193700821784702 2.5029334032428174 18.381158983542036 -3.8795677299915887 4.253521313489017 -0.1988912111207597 -9.67280346073222 -7.52331416524253 -11.033092141205392 -1.9793731115189495
23.507014028056112 7.68620738897166 -1.1956214242276353 2.2794493538102145 0.311525542306228 -4.718811472752886 -3.301135507905766 11.226113965536129 17.88505806343105 31.773653367460216 13.850640595505599 16.36365710198525 5.645724081842444 10.022176648569939 -2.749134730649586 0.22089803607541403 16.854056884179307 4.6907017466736916 8.498747490286096 -1.1143654721146312 2.5079380133066387 18.386163593605875 -3.8745631199277497 4.258525923552856 -0.19388660105692068 -9.667798850668381 -7.518309555178691 -11.028087531141553 -1.9743685014551104
23.567134268537075 7.691196093710246 -1.190632719489031 2.284438058548801 0.31651424704483233 -4.7138227680143 -3.2961468031671615 11.231102670274733 17.890046768169654 31.778642072198824 13.855629300244203 16.368645806723855 5.650712786581031 10.027165353308543 -2.7441460259109816 0.22588674081401838 16.859045588917894 4.695690451412278 8.5037361950247 -1.1093767673760446 2.512926718045243 18.39115229834448 -3.869574415189163 4.26351462829146 -0.1888978963183341 -9.662810145929795 -7.513320850440104 -11.023098826402967 -1.9693797967165239
23.627254509018034 7.696169185132344 -1.185659628066933 2.289411149970899 0.32148733846693034 -4.708849676592202 -3.2911737117450635 11.236075761696831 17.895019859591752 31.78361516362091 13.860602391666301 16.373618898145953 5.655685878003129 10.032138444730641 -2.7391729344888835 0.2308598322361164 16.864018680339992 4.700663542834376 8.50870928644678 -1.1044036759539466 2.517899809467341 18.39612538976656 -3.864601323767065 4.268487719713541 -0.18392480489623608 -9.657837054507697 -7.508347759018006 -11.018125734980869 -1.9644067052944258
23.687374749498996 7.701126739691819 -1.1807020735074758 2.294368704530374 0.32644489302638746 -4.703892122032727 -3.2862161571856063 11.241033316256306 17.89997741415121 31.788572718180387 13.865559946225776 16.378576452705428 5.660643432562604 10.037095999290099 -2.7342153799294087 0.2358173867955735 16.868976234899467 4.705621097393851 8.513666841006255 -1.0994461213944717 2.522857364026816 18.401082944326035 -3.8596437692075902 4.273445274273016 -0.1789672503367612 -9.652879499948222 -7.503390204458531 -11.013168180421394 -1.959449150734951
23.74749498997996 7.706068889944611 -1.1757599232546667 2.2993108547831653 0.33138704327919655 -4.6989499717799355 -3.2812740069327972 11.245975466509098 17.904919564404 31.79351486843318 13.870502096478567 16.38351860295822 5.665585582815395 10.042038149542908 -2.7292732296766173 0.2407595370483826 16.87391838515226 4.710563247646642 8.518608991259047 -1.0945039711416804 2.5277995142796073 18.406025094578826 -3.854701618954799 4.278387424525807 -0.17402510008396987 -9.64793734969543 -7.49844805420574 -11.008226030168602 -1.9545070004821596
23.80761523046092 7.710995737422923 -1.170833075776354 2.304237702261478 0.33631389075750917 -4.694023124301623 -3.2763471594544846 11.25090231398741 17.90984641188233 31.798441715911498 13.87542894395688 16.38844545043653 5.670512430293708 10.04696499702122 -2.7243463821983047 0.24568638452669522 16.87884523263057 4.715490095124973 8.523535838737377 -1.0895771236633678 2.53272636175792 18.410951942057157 -3.8497747714764863 4.283314272004137 -0.16909825260565725 -9.6430105022171 -7.4935212067274275 -11.00329918269029 -1.949580153003847
23.867735470941884 7.715907395108896 -1.165921418090381 2.309149359947451 0.3412255484434823 -4.68911146661565 -3.2714355017685115 11.255813971673383 17.914758069568304 31.80335337359747 13.880340601642853 16.393357108122505 5.675424087979681 10.051876654707193 -2.7194347245123316 0.25059804221266835 16.883756890316544 4.720401752810946 8.52844749642335 -1.0846654659773947 2.537638019443893 18.41586359974313 -3.844863113790513 4.28822592969011 -0.16418659491968413 -9.638098844531145 -7.488609549041454 -10.998387525004317 -1.944668495317874
23.927855711422843 7.720803939176335 -1.1610248740229423 2.3140459040149075 0.34612209251092096 -4.684214922548211 -3.266538957701073 11.260710515740822 17.919654613635743 31.808249917664913 13.885237145710292 16.398253652189943 5.68032063204712 10.056773198774632 -2.714538180444893 0.255494586280107 16.888653434383983 4.7252982968783845 8.533344040490789 -1.079768921909956 2.5425345635113317 18.42076014381057 -3.8399665697230745 4.293122473757549 -0.15929005085224546 -9.633202300463688 -7.483713004973998 -10.993490980936878 -1.9397719512504352
23.987975951903806 7.725685532285045 -1.1561432809142502 2.3189274971235996 0.35100368561961304 -4.679333329439501 -3.2616573645923808 11.265592108849514 17.924536206744435 31.813131510773612 13.890118738819002 16.403135245298653 5.685202225155829 10.061654791883324 -2.709656587336183 0.2603761793887991 16.893535027492693 4.730179889987077 8.538225633599481 -1.0748873288012462 2.5474161566200415 18.42564173691926 -3.8350849766143646 4.298004066866241 -0.15440845774353562 -9.628320707354996 -7.478831411865306 -10.988609387828168 -1.9348903581417254
24.04809619238477 7.730552383744946 -1.151276429454331 2.323794348583519 0.3558705370795323 -4.6744664779796 -3.2567905131324615 11.270458960309433 17.929403058204354 31.81799836223352 13.894985590278903 16.408002096758555 5.690069076615731 10.066521643343243 -2.7047897358762816 0.26524303084871836 16.898401878952594 4.735046741446996 8.5430924850594 -1.0700204773413446 2.552283008079943 18.43050858837918 -3.830218125154463 4.30287091832616 -0.1495416062836341 -9.623453855895077 -7.473964560405404 -10.983742536368267 -1.9300235066818239
24.10821643286573 7.735404581240921 -1.1464242319583562 2.328646546079476 0.3607227345755071 -4.669614280483625 -3.2519383156364867 11.275311157805408 17.93425525570033 31.822850559729492 13.899837787774878 16.41285429425453 5.694921274111706 10.071373840839218 -2.699937538380307 0.27009522834469313 16.90325407644857 4.739898938942953 8.547944682555357 -1.0651682798453699 2.557135205575918 18.435360785875154 -3.8253659276584884 4.307723115822135 -0.14468940878765935 -9.61860165839912 -7.46911236290943 -10.978890338872292 -1.9251713091858491
24.168336673346694 7.7402422215168265 -1.1415865916824508 2.333484186355399 0.36556037485141246 -4.6647766402077195 -3.2471006753605813 11.280148798081314 17.939092895976234 31.8276882000054 13.904675428050783 16.417691934530435 5.699758914387611 10.076211481115124 -2.6950998981044014 0.2749328686205985 16.908091716724474 4.744736579218876 8.55278232283128 -1.0603306395694645 2.561972845851823 18.44019842615106 -3.820528287382583 4.312560756098041 -0.13985176851175396 -9.613764018123197 -7.464274722633506 -10.974052698596386 -1.9203336689099437
24.228456913827653 7.7450654088866955 -1.1367634043125818 2.33830737372525 0.37038356222128144 -4.659953452837851 -3.2422774879907124 11.284971985451183 17.943916083346103 31.832511387375266 13.909498615420652 16.422515121900304 5.70458210175748 10.081034668484993 -2.6902767107345325 0.2797560559904675 16.912914904094343 4.749559766588727 8.55760551020115 -1.0555074521995955 2.566796033221692 18.44502161352093 -3.815705100012714 4.3173839434679095 -0.13502858114188498 -9.608940830753346 -7.459451535263655 -10.969229511226517 -1.9155104815400747
