web/models/kne/57/mosfit_kn_0.144270_0.1083_3.6500.dat
# %ECSV 1.0
# ---
# datatype:
# - {name: time, datatype: float64}
# - {name: PS1_g, datatype: float64}
# - {name: PS1_i, datatype: float64}
# - {name: PS1_r, datatype: float64}
# - {name: PS1_w, datatype: float64}
# - {name: PS1_y, datatype: float64}
# - {name: PS1_z, datatype: float64}
# - {name: swift_uvot_B, datatype: float64}
# - {name: swift_uvot_U, datatype: float64}
# - {name: swift_uvot_uvm2, datatype: float64}
# - {name: swift_uvot_uvw1, datatype: float64}
# - {name: swift_uvot_uvw2, datatype: float64}
# - {name: swift_uvot_V, datatype: float64}
# - {name: johnson_B, datatype: float64}
# - {name: johnson_I, datatype: float64}
# - {name: johnson_R, datatype: float64}
# - {name: johnson_U, datatype: float64}
# - {name: johnson_V, datatype: float64}
# - {name: sdss_g, datatype: float64}
# - {name: sdss_i, datatype: float64}
# - {name: sdss_r, datatype: float64}
# - {name: sdss_u, datatype: float64}
# - {name: sdss_z, datatype: float64}
# - {name: ATLAS_c, datatype: float64}
# - {name: ATLAS_o, datatype: float64}
# - {name: ukirt_H, datatype: float64}
# - {name: ukirt_J, datatype: float64}
# - {name: ukirt_K, datatype: float64}
# - {name: Clear, datatype: float64}
# meta: !!omap
# - comment: [kappa = 3.65, type = rprocess, mass = 0.1442699905917794, velocity = 0.10833333333333334, theta_obs = 0.0, tfloor = 1000.0]
# schema: astropy-2.0
time PS1_g PS1_i PS1_r PS1_w PS1_y PS1_z swift_uvot_B swift_uvot_U swift_uvot_uvm2 swift_uvot_uvw1 swift_uvot_uvw2 swift_uvot_V johnson_B johnson_I johnson_R johnson_U johnson_V sdss_g sdss_i sdss_r sdss_u sdss_z ATLAS_c ATLAS_o ukirt_H ukirt_J ukirt_K Clear
[from data line 113]
6.853707414829659 -10.92477409954153 -13.633987210801433 -12.62983555924217 -12.710068193976376 -14.48508292592308 -14.17147468914914 -9.812208362597385 -8.42121371321129 -2.5104152362668612 -6.516439672557723 -4.556097632968989 -11.751953213732921 -9.969354729311192 -14.33413701532234 -13.155051240814839 -8.6194014985957 -11.876282428283902 -10.669412191622634 -13.616710006799497 -12.606375190865364 -7.687790906550003 -14.26667049033302 -11.743827448476818 -13.15545845866481 -15.242806063104478 -15.002174500189012 -15.2494670304943 -13.131422269263346
6.913827655310621 -10.898619596507011 -13.62298625299319 -12.612734545757007 -12.695798303138588 -14.480420757917667 -14.164289009301427 -9.780510271780056 -8.37723737606824 -2.4404154194281906 -6.47725013701967 -4.517744161940861 -11.729477286579055 -9.938932711180154 -14.325016639713237 -13.140281915133205 -8.577346423893577 -11.854775964942482 -10.641901999978867 -13.605540650692785 -12.589002555163535 -7.644646865116762 -14.260286364902033 -11.722993016217274 -13.14204055795022 -15.247403807325043 -15.002551348581717 -15.256921295115331 -13.120683420214263
6.973947895791583 -10.8723322935756 -13.61183791357881 -12.595491352980677 -12.681401237609755 -14.475608090125025 -14.156953515969288 -9.74868066685729 -8.33313839783715 -2.370347762564669 -6.4380552376149325 -4.479394700410072 -11.706859379743186 -9.908384417068067 -14.315748571217767 -13.12537473444393 -8.535165902395374 -11.83313112495865 -10.614260025886306 -13.594224026499386 -12.571486571320047 -7.601376021414392 -14.253753370288447 -11.702029741583715 -13.128484390606232 -15.251851942143034 -15.002777893401438 -15.264227249903646 -13.109821890368654
7.034068136272545 -10.845948197975037 -13.600567068156266 -12.578135352204018 -12.666904100810381 -14.470665102934515 -14.149490262318487 -9.716759661740248 -8.288965908595323 -2.3002804468570686 -6.398898902024044 -4.441091710877924 -11.684132842763859 -9.877749003197941 -14.306356291958064 -13.110357337807532 -8.492907672502554 -11.811380533089524 -10.586523274810471 -13.582785134654856 -12.553856817590958 -7.558026927614829 -14.247092963098353 -11.68096965117913 -13.114816577455954 -15.256163748649719 -15.002870563343985 -15.271396045749961 -13.098862116839971
7.0941883767535066 -10.819425261389064 -13.589146715786953 -12.560633497599127 -12.652276526267858 -14.465571060582558 -14.141876020228707 -9.68469972519441 -8.244660172858751 -2.2301279235720832 -6.3597248458181 -4.402778943868601 -11.661259307002247 -9.846980205120527 -14.29681466110755 -13.095198995675307 -8.450513923108531 -11.78948678479612 -10.558648353732458 -13.571196807977888 -12.536079981425772 -7.51454069764204 -14.240282708752616 -11.659775935232002 -13.101007708255814 -15.260327619928994 -15.002813592217306 -15.278418893007027 -13.087777192034338
7.154308617234468 -10.792816512351155 -13.577612999799591 -12.54302874550186 -12.637558087911529 -14.460354998119591 -14.134142659489797 -9.652560106846366 -8.200294126302037 -2.159991989884616 -6.320598710579084 -4.364520287357493 -11.63828775972614 -9.816135814373993 -14.287157711063411 -13.079940030808192 -8.408055470703044 -11.767497763422801 -10.53068980487307 -13.559495378668238 -12.518199332701698 -7.4709893809959205 -14.23335357205275 -11.638495600300125 -13.087096572594383 -15.264362153537615 -15.002630338738053 -15.285311164843483 -13.076602665158852
7.214428857715431 -10.766089601997884 -13.565945314364551 -12.525295774744158 -12.622725536516128 -14.45500119463686 -14.12627251606649 -9.620304181966414 -8.155821616922054 -2.089806369072032 -6.281476817220799 -4.326271967950856 -11.615188726901266 -9.78518019716065 -14.277366286810242 -13.064556932428683 -8.365487668052058 -11.745384749427748 -10.502614230192329 -13.54766011133652 -12.500189342168966 -7.4273274919328 -14.226288508472642 -11.617100380069907 -13.073060684902842 -15.268258743303559 -15.002308955488422 -15.292066451232065 -13.065317980264357
7.274549098196393 -10.739239520777453 -13.554141192972118 -12.507431107362592 -12.607775733145559 -14.449508217911351 -14.118263748033186 -9.587926034192506 -8.111234658309474 -2.019558724793085 -6.242350647859123 -4.2880248792439914 -11.591957845150624 -9.754107647683398 -14.267438229703082 -13.04904661168231 -8.322802867800931 -11.723143541446069 -10.474416394285129 -13.535688512185775 -12.482046489914982 -7.383547207777177 -14.219085807513245 -11.595586109973794 -13.05889716036793 -15.272017441907991 -15.001848820402051 -15.298685263311372 -13.05392054165397
7.3346693386773545 -10.712279661797872 -13.54221038013101 -12.489445970234208 -12.592719046289531 -14.443884250093042 -14.110125162887623 -9.555440424457117 -8.066550965679884 -1.949272984434585 -6.203235153008375 -4.249793044400029 -11.568607663942576 -9.722932600383349 -14.257382820236081 -13.03341971598159 -8.280018341288706 -11.700786443897771 -10.446110019025596 -13.52359036734704 -12.463782075272114 -7.33966607522893 -14.211754076501713 -11.57396483295189 -13.044616296352416 -15.275644110173921 -15.001256855242422 -15.305172743628235 -13.042419800118221
7.394789579158316 -10.685231371786141 -13.530167892640996 -12.471357943250414 -12.57757165531567 -14.438141617303444 -14.101870162630536 -9.52287105794656 -8.021799378868817 -1.8789887312571656 -6.164155282684316 -4.2116003443357855 -11.545158048957617 -9.691678192009764 -14.247214274880584 -13.017692816805539 -8.237162146574104 -11.678332894573733 -10.417717020493331 -13.511380765140384 -12.44541380216102 -7.295712626273989 -14.204306371233884 -11.552255582388344 -13.03023407332665 -15.279147091380892 -15.000543222311647 -15.311536001977098 -13.030830374033489
7.454909819639278 -10.658070537898308 -13.517998504390825 -12.45314823283671 -12.562316346555367 -14.432268791022942 -14.093485747070922 -9.490190582210857 -7.976945327566032 -1.8086562424243473 -6.125078319349466 -4.173413913792622 -11.52158705628165 -9.66031783388241 -14.236918467303347 -13.001848505274378 -8.1942008536016 -11.655761530916669 -10.389212491649662 -13.499044381510146 -12.426922717091493 -7.251652792504313 -14.196730163686091 -11.530437344869355 -13.015733854975498 -15.282520248660965 -14.999699328446725 -15.317770567871472 -13.019137095965156
7.51503006012024 -10.630782976921704 -13.505693565177914 -12.434805971303504 -12.546943206143037 -14.426259415923628 -14.084964647629548 -9.457382801363547 -7.931968115605699 -1.7382454301297505 -6.0859843614632325 -4.135213534093602 -11.497881857441634 -9.628835811469191 -14.22648743091954 -12.98587678241762 -8.151114481250492 -11.633059891318068 -10.360581755140483 -13.48657250557773 -12.408297852570325 -7.2074661954532 -14.189018480086109 -11.508497859176536 -13.001106115735332 -15.285760569118466 -14.99872063858115 -15.323874462572372 -13.007331317087054
7.575150300601202 -10.603402761757668 -13.493276499371785 -12.41635888590995 -12.531477707111609 -14.420132411817512 -14.07632758368445 -9.42448573811178 -7.886914409440244 -1.6678210341891235 -6.046914508728509 -4.097039042568106 -11.47407401169999 -9.597269195912709 -14.215943249716904 -12.969803682943894 -8.107948368885502 -11.610258817336428 -10.331859840434525 -13.473988681330713 -12.38956714147978 -7.163198965749711 -14.18119146020361 -11.486467343031048 -12.98637591217668 -15.288880324221502 -14.99762245911599 -15.32985789845007 -12.995435922012994
7.635270541082164 -10.575876638702866 -13.480712630328053 -12.397764825075672 -12.5158812694308 -14.41386088355296 -14.0675445568281 -9.391439312895582 -7.841709029332549 -1.5972763979073106 -6.007799718385822 -4.058821902265372 -11.450114728627156 -9.565559555064883 -14.205253564901625 -12.95358999996876 -8.064629696327803 -11.587310767560124 -10.302991829818477 -13.461258026026233 -12.370688083790231 -7.118776923632364 -14.17322010832713 -11.464299137186966 -12.971505682293216 -15.29186403205912 -14.996384104242145 -15.33570892806974 -12.983416716306895
7.695390781563126 -10.548264237713454 -13.468042351588316 -12.379071946502016 -12.500198066591093 -14.407477107194211 -14.05865108508598 -9.358310276579324 -7.796434351546786 -1.526726494988611 -5.9687132455390035 -4.020633627444411 -11.426059080774362 -9.533771916192379 -14.194456353032187 -12.93728082763786 -8.021238430201649 -11.56426951316982 -10.2740390802313 -13.448421148568706 -12.35170920739419 -7.074281461930614 -14.165138895850511 -11.442045935331482 -12.956538770678758 -15.294732002550436 -14.995031344934622 -15.341444153856488 -12.971313227494559
7.755511022044088 -10.520510075253462 -13.455229460041327 -12.36023628712882 -12.484387889602093 -14.400952963956648 -14.049615824224233 -9.325036050946338 -7.751012119233387 -1.4560604752422384 -5.929583534979823 -3.9824032529466566 -11.401856202280982 -9.501845426878454 -14.183517820527875 -12.920835275428086 -7.977698759858065 -11.541085495925499 -10.244944380411667 -13.435441631804803 -12.332586183986134 -7.029635352860186 -14.156917523556345 -11.419659121385983 -12.94143599650134 -15.297467988104621 -14.99354252021451 -15.34705100687418 -12.959089819155079
7.8156312625250495 -10.492668220233057 -13.442310625991905 -12.341301541606722 -12.468490784545967 -14.394317774467815 -14.040471031482333 -9.29167715576811 -7.70551699123045 -1.3853824193497237 -5.89047666364765 -3.944195258033257 -11.377556053863735 -9.469839033502513 -14.17247244801824 -12.904294252667558 -7.934083167683472 -11.517807489621068 -10.215763362022265 -13.422356340983104 -12.313363046382122 -6.984912374448182 -14.1485872981902 -11.39718646810353 -12.926236683371073 -15.300090461578005 -14.991941054423846 -15.352544596594838 -12.946782315976737
7.875751503006012 -10.46467675999196 -13.429245324071335 -12.322218573454382 -12.4524618499545 -14.38753999352187 -14.031181576740863 -9.258163792968574 -7.6598617683079695 -1.314569075352419 -5.851313381624639 -3.9059311474989786 -11.35310182374581 -9.437684874792257 -14.161282388681908 -12.887612053907038 -7.890307163531187 -11.494380148666268 -10.186432194798822 -13.409124513069592 -12.293990247786564 -6.94002645579987 -14.140114254981224 -11.374573715138094 -12.910897026897779 -15.30258108473818 -14.990202585725248 -15.357910680724965 -12.93435091949151
7.935871743486974 -10.436600562814409 -13.416077389351724 -12.30303970815429 -12.436348990641015 -14.380654571061022 -14.02178596089545 -9.224568633356196 -7.614136223364376 -1.2437457079302687 -5.81217311980712 -3.8676885686421723 -11.328553420453044 -9.405453704746488 -14.149988828736088 -12.870837622126896 -7.84645788747569 -11.470861935933188 -10.157017636528298 -13.395790218686674 -12.274520525062869 -6.895066307290545 -14.131535742377856 -11.351878109022149 -12.895464056446144 -15.304961686703958 -14.988354932435078 -15.363167017687099 -12.921838424116014
7.995991983967936 -10.408379072356038 -13.402767158539035 -12.283716868973578 -12.42010831003265 -14.373630623460727 -14.012249793994993 -9.19082340749408 -7.568255079634945 -1.1727919073876185 -5.7729786419257145 -3.829391042369824 -11.303855256397963 -9.37307916376723 -14.138554725374341 -12.853926250635112 -7.802452707473268 -11.447198708870514 -10.127457256903067 -13.382313562284107 -12.25490539685989 -6.849947746372251 -14.122818513536082 -11.329046591523557 -12.8798949235399 -15.307214309495297 -14.986374240680236 -15.368299660859106 -12.90920593823488
8.056112224448897 -10.380061822236613 -13.389348238368743 -12.2642900949716 -12.403776446947674 -14.366495019582448 -14.002602638934718 -9.156983568546206 -7.522286744222608 -1.1018029167870962 -5.733790083158823 -3.791097260424191 -11.279053124003664 -9.340615242327392 -14.12701167581017 -12.836915406323126 -7.758358041722257 -11.42343515797785 -10.097802021178897 -13.368728329224755 -12.235185216763345 -6.8047383856514365 -14.113991255462466 -11.306122900883153 -12.864225639943783 -15.309355858048846 -14.984281964598638 -15.373322422027387 -12.896486209844493
8.11623246492986 -10.351601889553752 -13.375790002365129 -12.244722198118208 -12.387319491669775 -14.359223982754354 -13.992817982372259 -9.122996172248385 -7.476164997766421 -1.0306852052281306 -5.694547520677755 -3.7527478078551044 -11.254103967240223 -9.308010502660874 -14.115331099948307 -12.81977054752166 -7.714109735133221 -11.399529366908856 -10.068003544465896 -13.355003711975328 -12.21532247809801 -6.759372855870627 -14.10502835055178 -11.283065975891304 -12.848423109996165 -15.311372648429145 -14.982059816457907 -15.378224751985117 -12.883649243982003
8.176352705410821 -10.323051891270687 -13.362128092124479 -12.225055675982706 -12.370776290529655 -14.351845969352315 -13.982927154673188 -9.088920151947885 -7.4299625885873155 -0.9595400506620804 -5.65531474868866 -3.714405005685165 -11.22905642592982 -9.275322303934693 -14.10354649485405 -12.80253141475563 -7.669778416644306 -11.375528790211716 -10.038115970126196 -13.341175542527086 -12.19536001670754 -6.713923063966742 -14.095960191858996 -11.25992224008451 -12.832525523651448 -15.313282501390756 -14.97973047335959 -15.383021167279248 -12.870729726706003
8.236472945891784 -10.294357410672959 -13.348326855251944 -12.20524731808144 -12.354107465431614 -14.344333224435548 -13.972899244091401 -9.05469414528633 -7.383602862467207 -0.888259423238245 -5.616022804064151 -3.6760005701150287 -11.20386051894328 -9.242491034853412 -14.091624568902176 -12.785157861202656 -7.625289804890773 -11.351384770377118 -10.008083197176152 -13.327207959791938 -12.17525425129276 -6.668313323819177 -14.086756903597646 -11.236644053464815 -12.816494403546752 -15.315069314417237 -14.977272516616845 -15.387699186995858 -12.857692812027643
8.296593186372744 -10.265562528260173 -13.33441622835366 -12.18533277548076 -12.337345589414639 -14.336709691330807 -13.962760592037924 -9.020367503440234 -7.337146684320288 -0.8169279304818415 -5.5767247991938795 -3.6375863409722196 -11.178557023060122 -9.209564726802778 -14.079593469302793 -12.767683232887805 -7.580703002089042 -11.327137091374249 -9.977950578521693 -13.313131059188326 -12.155041116917609 -6.622603806249323 -14.077444043934086 -11.21327031944542 -12.800361799663786 -15.31674814974362 -14.974705064406082 -15.392271112812155 -12.844567592295402
8.356713426853707 -10.236633221175904 -13.320374109724469 -12.165285147408582 -12.320466187393535 -14.328958282240531 -13.952492106027865 -8.985901791346624 -7.290545895709126 -0.7454775598431267 -5.537377254128444 -3.5991191300970047 -11.153114731705493 -9.176506069483676 -14.06743259479023 -12.750082588934905 -7.535971361411981 -11.302755397356526 -9.947683021402103 -13.29892260667906 -12.134693475537901 -6.576746969639107 -14.068003181301911 -11.189771321917537 -12.784103824727762 -15.318309318889082 -14.972015052913344 -15.396729557718503 -12.831332472254786
8.41683366733467 -10.2075934870755 -13.306217038140762 -12.145123990911664 -12.303487136947968 -14.321092363791319 -13.94210842280966 -8.951323797285735 -7.243833355186791 -0.6739537033259984 -5.498008388742264 -3.560626311596241 -11.127555913093634 -9.143341152175232 -14.055157537303995 -12.732374268980788 -7.4911268189991915 -11.278261432270716 -9.917305195392032 -13.284599225203966 -12.11423103579623 -6.530775317304904 -14.058448538068404 -11.166168306248156 -12.767738124579875 -15.319761475422112 -14.969213289395283 -15.401081709596747 -12.818003474097726
