web/models/kne/57/mosfit_kn_0.144270_0.4373_0.5000.dat
# %ECSV 1.0
# ---
# datatype:
# - {name: time, datatype: float64}
# - {name: PS1_g, datatype: float64}
# - {name: PS1_i, datatype: float64}
# - {name: PS1_r, datatype: float64}
# - {name: PS1_w, datatype: float64}
# - {name: PS1_y, datatype: float64}
# - {name: PS1_z, datatype: float64}
# - {name: swift_uvot_B, datatype: float64}
# - {name: swift_uvot_U, datatype: float64}
# - {name: swift_uvot_uvm2, datatype: float64}
# - {name: swift_uvot_uvw1, datatype: float64}
# - {name: swift_uvot_uvw2, datatype: float64}
# - {name: swift_uvot_V, datatype: float64}
# - {name: johnson_B, datatype: float64}
# - {name: johnson_I, datatype: float64}
# - {name: johnson_R, datatype: float64}
# - {name: johnson_U, datatype: float64}
# - {name: johnson_V, datatype: float64}
# - {name: sdss_g, datatype: float64}
# - {name: sdss_i, datatype: float64}
# - {name: sdss_r, datatype: float64}
# - {name: sdss_u, datatype: float64}
# - {name: sdss_z, datatype: float64}
# - {name: ATLAS_c, datatype: float64}
# - {name: ATLAS_o, datatype: float64}
# - {name: ukirt_H, datatype: float64}
# - {name: ukirt_J, datatype: float64}
# - {name: ukirt_K, datatype: float64}
# - {name: Clear, datatype: float64}
# meta: !!omap
# - comment: [kappa = 0.5, type = rprocess, mass = 0.1442699905917794, velocity = 0.4373333333333333, theta_obs = 0.0, tfloor = 1000.0]
# schema: astropy-2.0
time PS1_g PS1_i PS1_r PS1_w PS1_y PS1_z swift_uvot_B swift_uvot_U swift_uvot_uvm2 swift_uvot_uvw1 swift_uvot_uvw2 swift_uvot_V johnson_B johnson_I johnson_R johnson_U johnson_V sdss_g sdss_i sdss_r sdss_u sdss_z ATLAS_c ATLAS_o ukirt_H ukirt_J ukirt_K Clear
[from data line 57]
3.4869739478957915 -14.875037260264268 -16.776936483665033 -16.09645716826858 -16.054479782323696 -17.295376516934926 -17.113371792818803 -14.051586674497926 -13.311082146957176 -8.828365408477236 -11.354071541482345 -9.393134001617728 -15.49758191875733 -14.149792984520161 -17.3792124454672 -16.506629160209904 -13.405111032125323 -15.576587368194817 -14.69146910619994 -16.768535374158535 -16.085385809079256 -12.527986356416232 -17.16834170522967 -15.424537395752314 -16.43687538330619 -17.575327654451694 -17.552043498785626 -17.435966560106518 -16.300179613584156
3.5470941883767533 -14.79943615204169 -16.739672490107704 -16.043897052604326 -16.006324333239004 -17.273652353229814 -17.085538232693587 -13.962545213846369 -13.191279121631094 -8.638926524985195 -11.226885493000154 -9.262531389568917 -15.432103634939438 -14.063163734390297 -17.346486803079355 -16.45913906837577 -13.290352203371622 -15.512990828387279 -14.612477983160108 -16.730855201110426 -16.032329992401824 -12.410798176962157 -17.14230855299654 -15.361092836564882 -16.392613551797943 -17.575545080084357 -17.542298874514763 -17.44283418784782 -16.259765239153285
3.6072144288577155 -14.722887208476152 -16.70155245132248 -15.990435204454378 -15.957430022630668 -17.25113837150202 -17.05688482190972 -13.872493886927828 -13.070383601535802 -8.448410908965748 -11.099628829229466 -9.132353896648876 -15.365659170409113 -13.975567579794092 -17.312927594896117 -16.410797325461203 -13.174501406514551 -15.448458719608078 -14.532529022037242 -16.69231734909932 -15.978361993702084 -12.29249634511719 -17.115470836455113 -15.296796265071464 -16.347520108434406 -17.5751049505995 -17.53183472727276 -17.449089367856608 -16.218695289958074
3.6673346693386772 -14.645462319025544 -16.66262989092166 -15.936132705231216 -15.907854723515609 -17.22788027237545 -17.02746032410431 -13.781510951629674 -12.948487779719393 -8.256944605555109 -10.972400057903453 -9.002677482193725 -15.298315644437778 -13.88708210116825 -17.278586127452737 -16.36166303739601 -13.057648639970918 -15.383057569794579 -14.451695709258257 -16.652975554427254 -15.923543072294226 -12.17317192530567 -17.087876524287413 -15.231713829804825 -16.30165239148841 -17.57404217765369 -17.520690823882514 -17.454763914574315 -16.177023531372257
3.727454909819639 -14.567240363773504 -16.62296269715867 -15.881056065015606 -15.85766109984906 -17.203926995206675 -16.997317193880424 -13.689682652187287 -12.825693989505833 -8.064668313886244 -10.845304865651109 -8.873584366165147 -15.230146564437856 -13.797792619362784 -17.243517736592786 -16.311800311143482 -12.93989372030029 -15.316860111577578 -14.370058760238287 -16.612887947954267 -15.867939970672396 -12.052926003251425 -17.059577129162378 -15.165917679625824 -16.255072486433377 -17.57239321742094 -17.508909252147724 -17.459890658899685 -16.134807852400517
3.787575150300601 -14.48828327892219 -16.582597340097625 -15.825258180600272 -15.80689860293031 -17.17931825985252 -16.966497808990066 -13.59707640810748 -12.70208134922143 -7.871689333512271 -10.718421838733327 -8.745128539855521 -15.161210016797614 -13.7077659187362 -17.207766977213137 -16.261260312731196 -12.821313991510934 -15.249923888339419 -14.287681462930202 -16.572101183311787 -15.81160576156881 -11.931836869098813 -17.030614329437093 -15.099464656009758 -16.207829979164927 -17.570188330488033 -17.49652453755738 -17.464497140449758 -16.09209395109092
3.847695390781563 -14.408681303578064 -16.541598779671407 -15.768814375075628 -15.755637537468168 -17.154108218342863 -16.935060587448962 -13.503791481732279 -12.577768754737306 -7.6781721453336464 -10.591866913279375 -8.617401118187512 -15.091589924580575 -13.617099892369517 -17.171395699106224 -16.210115220244116 -12.702025314792735 -15.182331719076723 -14.204656283803025 -16.53068051229729 -15.754616099666219 -11.810022002670681 -17.0010453496546 -15.032436579407324 -16.15999460126492 -17.567466342831693 -17.483582443888448 -17.468617665402736 -16.048946213073148
3.9078156312625247 -14.328498021756957 -16.50001418154126 -15.711778645397612 -15.703927747028263 -17.128336796327197 -16.903048323392813 -13.409897416635232 -12.452838317281358 -7.4842282683698285 -10.465715223429779 -8.490451620289438 -15.021345939516372 -13.525863224763043 -17.134448995594386 -16.158417011839614 -12.582107941187523 -15.11414255573017 -14.12104825498199 -16.48867329677259 -15.697025210272901 -11.687562732850338 -16.970912194088168 -14.96489133946815 -16.111616614493016 -17.56425682817731 -17.470117229891304 -17.472278783744667 -16.00541029168344
3.967935871743487 -14.247827859161148 -16.457910929749637 -15.654229470122054 -15.651841801532154 -17.10205973709817 -16.870521374323744 -13.315498442757587 -12.327415432741216 -7.290031232356998 -10.34008227035148 -8.364369916029325 -14.950565903721273 -13.434158469167116 -17.096990880034586 -16.10624059320384 -12.461684045015595 -15.045442917303793 -14.036954199000853 -16.446147234333353 -15.638911973649794 -11.564583047771873 -16.94027388980121 -14.89691404032012 -16.0627682683673 -17.560598798707364 -17.45617550000249 -17.475514524106025 -15.96155219797712
4.028056112224449 -14.166757553816929 -16.41535118778121 -15.596239132956544 -15.599446064381137 -17.07532851501183 -16.837535464066402 -13.220690311306804 -12.201615099675074 -7.095739388250862 -10.21506939883162 -8.23923146306129 -14.879330711076257 -13.34207976174094 -17.059080414576606 -16.0536549091134 -12.340865745936853 -14.976312432850614 -13.952463038947638 -16.403164776232764 -15.580349065207457 -11.44119676308918 -16.90918492109038 -14.828582725504411 -16.0135160340786 -17.556528236124255 -17.441800273826722 -17.47835624091374 -15.917432112409617
4.0881763527054105 -14.08535735900637 -16.37238608498727 -15.537866709092452 -15.546794186960504 -17.04818576284092 -16.804136617881422 -13.125550419033473 -12.075529638604792 -6.901478394775611 -10.090752148313609 -8.115086007512748 -14.807706252282326 -13.249703173076494 -17.020766262277036 -16.00071636464681 -12.219743208439777 -14.906815960685778 -13.867646735435795 -16.359777280721595 -15.52139589333338 -11.317495415280945 -16.87769031648804 -14.759960599389608 -15.963914290633294 -17.552075314029928 -17.42702739133195 -17.48083038622942 -15.873098551728582
4.148296593186372 -14.003694074527342 -16.32906433793 -15.479168449374665 -15.493936922203186 -17.020672094081366 -16.770368693855726 -13.030152398812753 -11.949246826839222 -6.707367266624707 -9.967198855787593 -7.991976507292694 -14.735755301057225 -13.15710100185225 -16.98209478123583 -15.947478606395482 -12.098402200891158 -14.837015244508256 -13.782573708657448 -16.316033682493458 -15.462109045101062 -11.193566107738562 -16.845832967705068 -14.69110762994065 -15.914014730496042 -17.547268662662386 -17.411890939669075 -17.482961996385097 -15.828597264196897
4.208416833667335 -13.92185390395868 -16.28544739214748 -15.420216016337758 -15.440939174350508 -16.992838062353 -16.736286601805652 -12.93459174377568 -11.822881740761275 -6.513563829078371 -9.84450194132716 -7.869970436768931 -14.663558421739886 -13.064366829128694 -16.943124229407058 -15.894009652386309 -11.976954943662427 -14.766989383258016 -13.697332381989078 -16.27199571933655 -15.402560642158303 -11.069522881977871 -16.81366646238679 -14.622100820908166 -15.863882818063502 -17.54214275294865 -17.39643271884013 -17.484780676702073 -15.783986592363988
4.268537074148297 -13.839945282189543 -16.24161132598319 -15.361098763221044 -15.387882027844988 -16.96474566551311 -16.701957968821493 -12.838988989883912 -11.69658069731911 -6.320270118151686 -9.722781079755816 -7.749162872396983 -14.591216597023912 -12.971618596313647 -16.903926547324996 -15.840394001766153 -11.855543938226074 -14.696837380993946 -13.612034093317007 -16.22773984646498 -15.342840642317892 -10.945510623198142 -16.781256693643343 -14.553036676389208 -15.813599812620183 -17.536738794237877 -17.380703416997747 -17.48632130803324 -15.739339252420592
4.328657314629258 -13.758026182937382 -16.197598723087303 -15.301865745628351 -15.334808680454035 -16.936430379005767 -16.667421147654462 -12.743408186155573 -11.570419918624122 -6.127587808470312 -9.602084996145557 -7.629579023303851 -14.518784706566745 -12.878918915574985 -16.864542223860425 -15.786678194540997 -11.734243785439286 -14.626613037226369 -13.526738215363832 -16.183308838059265 -15.282998462329704 -10.821605200020645 -16.748641106449913 -14.483966798739303 -15.763210480593894 -17.53108141248061 -17.364732623725416 -17.487605207050546 -15.694693697262778
4.38877755511022 -13.676174631822224 -16.153465358881878 -15.24258196617227 -15.28177699341354 -16.90793800759055 -16.632725961403736 -12.64793595716781 -11.444503796139092 -5.935658515538871 -9.482487669802975 -7.511270119863557 -14.446336025152917 -12.78635237180627 -16.825024087382012 -15.73292363938669 -11.613156382513516 -14.556388092617512 -13.441524788624424 -16.13875873607114 -15.223099593424116 -10.69791027845973 -16.71586824889907 -14.41496040852698 -15.712773845643806 -17.525201356211074 -17.348557972100398 -17.48865850630599 -15.650101445037095
4.448897795591182 -13.594452137952704 -16.10925598598863 -15.183299199251952 -15.22883232299792 -16.879305586804563 -16.597912577390588 -12.552640482602683 -11.318913905241565 -5.744591108062809 -9.364039230255106 -7.3942647266262576 -14.37392874759767 -12.693985437733705 -16.785414599198713 -15.67917923294851 -11.492361521266805 -14.48621947082671 -13.356456852425502 -16.09413449925878 -15.163196228117588 -10.57450707188071 -16.68297727148392 -14.346071962205915 -15.66233689315549 -17.51912378214987 -17.332210063114672 -17.489502701451972 -15.605602656136277
4.509018036072144 -13.512980133588925 -16.065055016064118 -15.124117023389907 -15.176064178362871 -16.850601365618427 -16.563055736073764 -12.4576572618789 -11.193815575712147 -5.554613178869395 -9.246867574205435 -7.278669396957071 -14.301676040539519 -12.601950216508872 -16.745793374757618 -15.625538577856368 -11.372020166953877 -14.416217785177137 -13.271659182010556 -16.049520969910578 -15.103388720962538 -10.451559414498295 -16.650040833207882 -14.277408766899757 -15.611989517216713 -17.512892738698206 -17.315744006976868 -17.49017437650467 -15.561276980857475
4.569138276553106 -13.431808944034884 -16.02089966560179 -15.06507821415127 -15.123509120699321 -16.821856303640672 -16.52818896526462 -12.363042091241933 -11.069275189489982 -5.365811273037553 -9.13100448814177 -7.164496593473068 -14.229625970447259 -12.510300877462942 -16.706195749419443 -15.572041907643108 -11.25219739946565 -14.34642990971655 -13.187183318109472 -16.00495553091669 -15.043720248093688 -10.329133626448144 -16.61709158257466 -14.209015083269083 -15.561770344502595 -17.506529247297312 -17.299185398614014 -17.490691445101568 -15.517156421904978
4.629258517034068 -13.350992737925722 -15.976829621925273 -15.006228564923969 -15.071206419286707 -16.793103256867212 -16.4933479213442 -12.268855138631533 -10.945364660009833 -5.178279640556947 -9.016486183532706 -7.0517643899816775 -14.157830143404546 -12.419095789747207 -16.66665935255938 -15.518732207527972 -11.132963653787382 -14.276906132743433 -13.10308477036184 -15.960478051012732 -14.98423703867406 -10.207301499232848 -16.584164212053327 -14.140938477721612 -15.511720633502701 -17.50005534493299 -17.282561253779107 -17.49107255099847 -15.473275343765867
4.68937875751503 -13.270631219860665 -15.932914728428038 -14.947650209023493 -15.019228802945559 -16.76439881136968 -16.458594551088268 -12.175207749752197 -10.822219580070076 -4.992202500494652 -8.903407437935371 -6.940549850386052 -14.08638198328821 -12.328443164018847 -16.627250058163085 -15.465686396407545 -11.014451089090446 -14.207737549289979 -13.019465962260242 -15.916158725532377 -14.92502194459643 -10.086197665428287 -16.55131888304874 -14.073266620964837 -15.461914210559833 -17.493507384409593 -17.265917198131806 -17.49134773853093 -15.42969798001499
4.749498997995992 -13.190793453068466 -15.889204452521959 -14.889400773698114 -14.967626157212912 -16.735783436769953 -16.423972998900727 -12.082176945026568 -10.699932979369908 -4.807703333617169 -8.791821828172548 -6.830890483491302 -14.015346858868327 -12.238417618588077 -16.588014614360446 -15.412958334943216 -10.896750611132184 -14.138987765343385 -12.936397763400969 -15.872047260044742 -14.866133154781611 -9.965914811640655 -16.518598465622496 -14.00605998794303 -15.412402752982999 -17.48691172252897 -17.24928607815121 -17.491538918908095 -15.386467995449085
4.809619238476953 -13.11151542789359 -15.845726241033145 -14.831511412177285 -14.916423863923356 -16.707280198220644 -16.38950817200339 -11.989802663788513 -10.578551906559639 -4.624840351285083 -8.681739776245543 -6.722782443713363 -13.94475979374149 -12.149057543845977 -16.54897910959906 -15.360577033222917 -10.779908544470633 -14.070690695664572 -12.853916984926421 -15.828171216506277 -14.807602200883387 -9.846500273397982 -16.486027159800543 -13.939349783261559 -15.36321407685584 -17.48028400168401 -17.232686980312817 -17.491659336200197 -15.343607078996424
4.869739478957916 -13.032882935663821 -15.802540554659803 -14.77405304301815 -14.865683886187107 -16.678938153388714 -16.355253768968083 -11.898180811576069 -10.458193025874465 -4.443769962722704 -8.573235759390077 -6.616286200049743 -13.874701567744705 -12.060455820542838 -16.51020055591624 -15.308608621753123 -10.664038696484479 -14.002924894641529 -12.772111743152497 -15.784591356938833 -14.749500692123263 -9.72807009371742 -16.45365705561387 -13.873211065193392 -15.314411628658107 -17.473655561275883 -17.21615938398312 -17.49173474166923 -15.301169561604198
4.929859719438878 -12.954959733084657 -15.759693176106655 -14.717078941294623 -14.815451812619091 -16.650794750252516 -16.321250662617963 -11.80738260489375 -10.338942408795742 -4.264604991565871 -8.466355408822483 -6.511434894440459 -13.805232761135759 -11.972681175159895 -16.47172218827568 -15.257102634524735 -10.549225212845041 -13.935749129025135 -12.691047464819611 -15.741353683394408 -14.691882478575256 -9.61071015160842 -16.421527787118446 -13.807699356957226 -15.266042919623288 -17.467050557623867 -17.19973357136153 -17.491785051872043 -15.25919505987618
4.98997995991984 -12.877777665839112 -15.71720862271496 -14.660616822073784 -14.76574969400449 -16.6228706386846 -16.287521150352067 -11.717443459405132 -10.220841733614616 -4.087395448992981 -8.361103765055944 -6.4082228036721425 -13.73638463263391 -11.885767395085537 -16.433567296966533 -15.206084649130293 -10.43550918635183 -13.869193501227935 -12.610756714092659 -15.69848281364278 -14.634775664560333 -9.494462515762052 -16.38966096991405 -13.742841996585025 -15.218132466848608 -17.46048286260336 -17.183426572320837 -17.49182189932595 -15.217702140273062
5.050100200400801 -12.801412944127772 -15.675140844931086 -14.604729840819157 -14.716632105442375 -16.59520964305198 -16.254113201856253 -11.62844865844039 -10.103994704620618 -3.9122785920677954 -8.257542585584723 -6.306701106362599 -13.668229237329268 -11.799796783330358 -16.395786738194992 -15.155613290409466 -10.322991841428781 -13.803327888554387 -12.531317758812186 -15.6560329642822 -14.578244080638267 -9.379430489012748 -16.358103080031814 -13.6787053511447 -15.1707365090326 -17.453980318859813 -17.167273586386322 -17.491868029933798 -15.176738349376713
