web/models/kne/57/mosfit_kn_0.027507_0.1083_3.6500.dat
# %ECSV 1.0
# ---
# datatype:
# - {name: time, datatype: float64}
# - {name: PS1_g, datatype: float64}
# - {name: PS1_i, datatype: float64}
# - {name: PS1_r, datatype: float64}
# - {name: PS1_w, datatype: float64}
# - {name: PS1_y, datatype: float64}
# - {name: PS1_z, datatype: float64}
# - {name: swift_uvot_B, datatype: float64}
# - {name: swift_uvot_U, datatype: float64}
# - {name: swift_uvot_uvm2, datatype: float64}
# - {name: swift_uvot_uvw1, datatype: float64}
# - {name: swift_uvot_uvw2, datatype: float64}
# - {name: swift_uvot_V, datatype: float64}
# - {name: johnson_B, datatype: float64}
# - {name: johnson_I, datatype: float64}
# - {name: johnson_R, datatype: float64}
# - {name: johnson_U, datatype: float64}
# - {name: johnson_V, datatype: float64}
# - {name: sdss_g, datatype: float64}
# - {name: sdss_i, datatype: float64}
# - {name: sdss_r, datatype: float64}
# - {name: sdss_u, datatype: float64}
# - {name: sdss_z, datatype: float64}
# - {name: ATLAS_c, datatype: float64}
# - {name: ATLAS_o, datatype: float64}
# - {name: ukirt_H, datatype: float64}
# - {name: ukirt_J, datatype: float64}
# - {name: ukirt_K, datatype: float64}
# - {name: Clear, datatype: float64}
# meta: !!omap
# - comment: [kappa = 3.65, type = rprocess, mass = 0.027507471329904786, velocity = 0.10833333333333334, theta_obs = 0.0, tfloor = 1000.0]
# schema: astropy-2.0
time PS1_g PS1_i PS1_r PS1_w PS1_y PS1_z swift_uvot_B swift_uvot_U swift_uvot_uvm2 swift_uvot_uvw1 swift_uvot_uvw2 swift_uvot_V johnson_B johnson_I johnson_R johnson_U johnson_V sdss_g sdss_i sdss_r sdss_u sdss_z ATLAS_c ATLAS_o ukirt_H ukirt_J ukirt_K Clear
[from data line 258]
15.571142284569138 7.014641662018963 -1.867187151180314 1.607883626857518 -0.3600401846464507 -5.390377199705583 -3.9727012348584445 10.55454823858345 17.21349233647837 31.10208764050753 13.17907486855292 15.692091375032572 4.974158354889748 9.35061092161726 -3.4207004576022646 -0.45066769087726466 16.18249115722661 4.019136019720995 7.8271817633333995 -1.7859311990673277 1.83637228635396 17.714597866653197 -4.546128846880446 3.5869601966001774 -0.8654523280096171 -10.339364577621078 -8.189875282131387 -11.69965325809425 -2.645934228407807
15.631262525050099 7.024537155033244 -1.8572916581660337 1.6177791198717983 -0.35014469163217044 -5.380481706691302 -3.9628057418441642 10.56444373159773 17.22338782949265 31.11198313352182 13.1889703615672 15.701986868046852 4.984053847904028 9.36050641463154 -3.4108049645879843 -0.4407721978629844 16.19238665024089 4.029031512735275 7.837077256347698 -1.7760357060530474 1.8462677793682403 17.724493359667477 -4.536233353866166 3.5968556896144577 -0.8555568349953369 -10.329469084606798 -8.179979789117107 -11.68975776507997 -2.6360387353935266
15.691382765531062 7.034348890927724 -1.847479922271571 1.6275908557662788 -0.3403329557377077 -5.370669970796822 -3.9529940059497015 10.574255467492193 17.233199565387114 31.12179486941628 13.198782097461663 15.711798603941315 4.993865583798509 9.370318150526003 -3.4009932286935216 -0.43096046196852167 16.202198386135372 4.038843248629756 7.84688899224216 -1.766223970158567 1.856079515262703 17.73430509556194 -4.526421617971685 3.6066674255089204 -0.8457450991008564 -10.319657348712317 -8.170168053222627 -11.679946029185489 -2.626226999499046
15.751503006012024 7.0440778682838 -1.8377509449154772 1.6373198331223549 -0.3306039783816317 -5.360940993440746 -3.9432650285936077 10.583984444848287 17.24292854274319 31.13152384677237 13.208511074817757 15.721527581297408 5.003594561154585 9.380047127882097 -3.391264251337428 -0.42123148461244564 16.211927363491448 4.048572225985832 7.856617969598236 -1.7564949928024909 1.8658084926187968 17.744034072918016 -4.516692640615609 3.6163964028649964 -0.8360161217447803 -10.309928371356241 -8.16043907586655 -11.670217051829413 -2.61649802214297
15.811623246492985 7.053723914993633 -1.8281048982056447 1.6469658798321873 -0.32095793167178144 -5.351294946730913 -3.9336189818837752 10.59363049155812 17.25257458945304 31.14116989348221 13.21815712152759 15.731173628007241 5.013240607864417 9.38969317459193 -3.3816182046275953 -0.4115854379025954 16.22157341020128 4.058218272695682 7.866264016308087 -1.7468489460926584 1.8754545393286293 17.753680119627866 -4.507046593905777 3.6260424495748467 -0.8263700750349479 -10.300282324646409 -8.150793029156718 -11.66057100511958 -2.6068519754331376
15.871743486973948 7.063287933223545 -1.8185408799757496 1.6565298980621002 -0.3113939134418864 -5.341730928501001 -3.92405496365388 10.603194509788015 17.262138607682935 31.150733911712106 13.227721139757485 15.740737646237136 5.02280462609433 9.399257192821825 -3.3720541863977003 -0.40202141967270033 16.231137428431193 4.067782290925577 7.875828034537982 -1.7372849278627456 1.8850185575585243 17.76324413785776 -4.497482575675864 3.6356064678047417 -0.8168060568050528 -10.290718306416496 -8.141229010926805 -11.651006986889668 -2.597287957203225
15.931863727454909 7.072771527414368 -1.8090572857849274 1.6660134922529224 -0.30191031925106415 -5.332247334310178 -3.914571369463058 10.612678103978837 17.271622201873758 31.160217505902924 13.237204733948307 15.750221240427958 5.032288220285152 9.408740787012647 -3.362570592206878 -0.3925378254818781 16.240621022622015 4.077265885116399 7.885311628728804 -1.7278013336719233 1.8945021517493466 17.772727732048583 -4.487998981485042 3.645090061995564 -0.8073224626142128 -10.281234712225674 -8.131745416735983 -11.641523392698845 -2.5878043630124026
15.991983967935871 7.082176609823705 -1.7996522033755724 1.6754185746622774 -0.29250523684170915 -5.322842251900823 -3.905166287053703 10.622083186388192 17.281027284283113 31.169622588312283 13.246609816357662 15.759626322837313 5.041693302694507 9.418145869422002 -3.353165509797523 -0.3831327430725231 16.25002610503137 4.086670967525754 7.894716711138159 -1.718396251262586 1.9039072341587016 17.78213281445794 -4.478593899075705 3.654495144404919 -0.7979173802048756 -10.271829629816319 -8.122340334326628 -11.632118310289508 -2.5783992806030476
16.052104208416832 7.091502852365927 -1.79032596083335 1.6847448172044999 -0.2831789942994867 -5.313516009358601 -3.8958400445114805 10.631409428930414 17.290353526825335 31.178948830854505 13.255936058899884 15.768952565379536 5.05101954523673 9.427472111964224 -3.3438392672553006 -0.3738065005303006 16.259352347573593 4.095997210067977 7.904042953680381 -1.7090700087203636 1.913233476700924 17.79145905700016 -4.469267656533482 3.6638213869471414 -0.7885911376626531 -10.262503387274096 -8.113014091784406 -11.622792067747286 -2.569073038060825
16.112224448897795 7.100751258777684 -1.7810775544216106 1.6939932236162392 -0.2739305878877474 -5.304267602946862 -3.886591638099741 10.640657835342154 17.299601933237074 31.188197237266255 13.265184465311641 15.778200971791293 5.060267951648469 9.436720518375964 -3.3345908608435435 -0.3645580941185613 16.268600753985332 4.105245616479716 7.913291360092121 -1.6998216023086066 1.922481883112681 17.8007074634119 -4.460019250121725 3.6730697933588807 -0.779342731250896 -10.253254980862357 -8.103765685372666 -11.613543661335529 -2.559824631649086
16.172344689378757 7.10992295184953 -1.7719058613497474 1.7031649166881024 -0.2647588948158841 -5.295095909875016 -3.877419945027878 10.649829528414017 17.308773626308938 31.197368930338104 13.274356158383487 15.787372664863138 5.0694396447203145 9.445892211447827 -3.325419167771698 -0.35538640104669805 16.277772447057195 4.1144173095515795 7.922463053163984 -1.690649909236761 1.9316535761845266 17.809879156483763 -4.4508475570498796 3.682241486430744 -0.7701710381790505 -10.244083287790493 -8.094593992300803 -11.604371968263683 -2.5506529385772403
16.23246492985972 7.119019521143777 -1.7628092920555183 1.7122614859823315 -0.255662325521655 -5.285999340580769 -3.868323375733649 10.658926097708246 17.317870195603167 31.206465499632333 13.283452727677716 15.796469234157367 5.078536214014561 9.454988780742056 -3.316322598477469 -0.34628983175246897 16.286869016351424 4.1235138788458086 7.931559622458213 -1.6815533399425142 1.9407501454787557 17.818975725777992 -4.441750987755633 3.691338055724973 -0.7610744688848214 -10.234986718496264 -8.085497423006574 -11.595275398969436 -2.5415563692829934
16.29258517034068 7.128041989549665 -1.7537868236496124 1.7212839543882374 -0.2466398571157491 -5.276976872174863 -3.859300907327743 10.667948566114152 17.326892664009073 31.215487968038243 13.292475196083622 15.805491702563273 5.087558682420467 9.464011249147962 -3.307300130071563 -0.33726736334656304 16.29589148475733 4.1325363472517145 7.940582090864119 -1.6725308715366083 1.9497726138846616 17.8279981941839 -4.432728519349727 3.700360524130879 -0.7520520004789155 -10.225964250090358 -8.076474954600668 -11.58625293056353 -2.5325339008770875
16.352705410821642 7.136990660180853 -1.744838153018442 1.7302326250194078 -0.23769118648457876 -5.268028201543693 -3.8503522366965726 10.676897236745322 17.335841334640243 31.22443663866942 13.30142386671481 15.814440373194461 5.096507353051638 9.472959919779132 -3.2983514594403927 -0.3283186927153927 16.3048401553885 4.141485017882885 7.949530761495289 -1.663582200905438 1.9587212845158497 17.83694686481507 -4.4237798487185565 3.7093091947620493 -0.7431033298477274 -10.217015579459188 -8.067526283969498 -11.57730425993236 -2.523585230245917
16.412825651302605 7.145866493895987 -1.7359623193032903 1.7391084587345595 -0.228815352769427 -5.259152367828541 -3.841476402981421 10.685773070460474 17.344717168355395 31.233312472384565 13.310299700429944 15.823316206909595 5.105383186766789 9.481835753494284 -3.289475625725241 -0.31944285900024094 16.313715989103653 4.150360851598037 7.958406595210441 -1.654706367190304 1.9675971182309837 17.84582269853022 -4.414904015003422 3.718185028477201 -0.7342274961325934 -10.208139745744036 -8.058650450254346 -11.568428426217226 -2.514709396530783
16.472945891783567 7.15467100592619 -1.7271578072730875 1.7479129707647623 -0.22001084073922428 -5.250347855798356 -3.832671890951218 10.694577582490677 17.353521680385597 31.242116984414768 13.319104212460147 15.832120718939798 5.114187698796974 9.490640265524487 -3.280671113695038 -0.3106383469700382 16.322520501133837 4.159165363628239 7.967211107240644 -1.6459018551601012 1.9764016302611864 17.854627210560423 -4.40609950297322 3.726989540507404 -0.7254229841023907 -10.199335233713834 -8.049845938224143 -11.559623914187023 -2.5059048845005805
16.53306613226453 7.163405775554903 -1.7184230376443743 1.7566477403934577 -0.21127607111052882 -5.241613086169643 -3.823937121322505 10.70331235211939 17.362256450014293 31.25085175404347 13.32783898208886 15.840855488568511 5.1229224684256875 9.4993750351532 -3.271936344066325 -0.301903577341325 16.33125527076255 4.167900133256935 7.975945876869339 -1.637167085531388 1.9851363998898996 17.86336198018912 -4.3973647333445065 3.7357243101360993 -0.7166882144736775 -10.190600464085138 -8.041111168595448 -11.55088914455831 -2.4971701148718672
16.59318637274549 7.172071050839168 -1.709757762360109 1.7653130156777408 -0.20261079582624575 -5.232947810885378 -3.8152718460382395 10.711977627403655 17.370921725298576 31.259517029327743 13.336504257373125 15.849520763852777 5.131587743709953 9.508040310437465 -3.2632710687820596 -0.2932383020570597 16.339920546046816 4.176565408541218 7.984611152153622 -1.6285018102471227 1.993801675174165 17.8720272554734 -4.388699458060241 3.7443895854203824 -0.7080229391894122 -10.181935188800855 -8.032445893311165 -11.542223869274045 -2.488504839587602
16.65330661322645 7.1806673186216585 -1.7011614945776188 1.7739092834602133 -0.19401452804377328 -5.2243515431028875 -3.8066755782557493 10.720573895186146 17.37951799308105 31.268113297110222 13.345100525155615 15.858117031635267 5.140184011492443 9.516636578219956 -3.2546748009995694 -0.28464203427458723 16.348516813829306 4.18516167632369 7.993207419936095 -1.6199055424646325 2.002397942956655 17.880623523255874 -4.380103190277751 3.752985853202855 -0.6994266714069219 -10.173338921018383 -8.023849625528692 -11.533627601491554 -2.4799085718051117
16.713426853707414 7.189196165739293 -1.692632647459984 1.782438130577848 -0.18548568092613849 -5.215822695985253 -3.7981467311381145 10.72910274230378 17.388046840198683 31.27664214422786 13.35362937227325 15.866645878752902 5.148712858610078 9.52516542533759 -3.2461459538819346 -0.27611318715693467 16.35704566094694 4.193690523441325 8.00173626705373 -1.6113766953469977 2.01092679007429 17.88915237037351 -4.371574343160116 3.7615147003204896 -0.6908978242892871 -10.164810073900748 -8.015320778411057 -11.52509875437392 -2.471379724687477
16.773547094188377 7.19765865527215 -1.6841701579271273 1.7909006201107047 -0.17702319139326406 -5.207360206452396 -3.789684241605258 10.737565231836637 17.396509329731558 31.285104633760728 13.362091861806107 15.875108368285758 5.1571753481429345 9.533627914870447 -3.237683464349078 -0.267650697624078 16.365508150479798 4.2021530129741995 8.010198756586604 -1.602914205814141 2.0193892796071466 17.897614859906383 -4.3631118536272595 3.769977189853364 -0.6824353347564305 -10.156347584367891 -8.0068582888782 -11.516636264841063 -2.4629172351546202
16.83366733466934 7.206056244430563 -1.6757725687687142 1.7992982092691179 -0.16862560223486867 -5.198962617293983 -3.7812866524468447 10.74596282099505 17.404906918889953 31.293502222919134 13.37048945096452 15.883505957444171 5.165572937301348 9.542025504028842 -3.229285875190665 -0.2592531084656826 16.37390573963821 4.210550602132595 8.018596345745 -1.5945166166557279 2.02778686876556 17.90601244906478 -4.354714264468846 3.7783747790117594 -0.6740377455980173 -10.147949995209478 -7.998460699719788 -11.50823867568265 -2.454519645996207
16.8937875751503 7.2143891780299185 -1.6674396351693765 1.8076311428684733 -0.16029266863551328 -5.1906296836946275 -3.772953718847507 10.754295754594388 17.41323985248931 31.301835156518482 13.378822384563875 15.891838891043509 5.173905870900703 9.550358437628198 -3.220952941591327 -0.25092017486632723 16.382238673237566 4.21888353573195 8.026929279344355 -1.5861836830563725 2.036119802364915 17.914345382664134 -4.346381330869491 3.786707712611115 -0.6657048119986619 -10.139617061610123 -7.990127766120432 -11.499905742083294 -2.4461867123968517
16.95390781563126 7.222658360400072 -1.6591704527992057 1.815900325238644 -0.15202348626534246 -5.1823605013244745 -3.7646845364773363 10.762564936964559 17.42150903485948 31.310104338888646 13.387091566934028 15.90010807341368 5.182175053270856 9.558627619998369 -3.2126837592211563 -0.2426509924961564 16.39050785560772 4.227152718102121 8.035198461714526 -1.5779145006862194 2.0443889847350682 17.922614565034305 -4.338112148499338 3.7949768949812857 -0.6574356296285089 -10.131347879239952 -7.981858583750279 -11.491636559713141 -2.4379175300266986
17.014028056112224 7.2308648406829334 -1.6509639725163439 1.8241068055214882 -0.1438170059824806 -5.174154021041613 -3.7564780561944744 10.77077141724742 17.42971551514234 31.31831081917151 13.39529804721689 15.908314553696542 5.190381533553718 9.56683410028123 -3.2044772789382945 -0.23444451221329454 16.39871433589058 4.235359198384983 8.043404941997387 -1.5697080204033576 2.05259546501793 17.930821045317167 -4.329905668216476 3.8031833752641475 -0.649229149345647 -10.123141398957108 -7.973652103467417 -11.48343007943028 -2.429711049743837
17.074148296593187 7.239010105204304 -1.642818707994973 1.832252070042859 -0.13567174146112748 -5.166008756520242 -3.7483327916731035 10.778916681768791 17.437860779663694 31.32645608369287 13.403443311738261 15.916459818217913 5.198526798075089 9.574979364802584 -3.1963320144169236 -0.22629924769194143 16.406859600411952 4.243504462906336 8.05155020651874 -1.5615627558819867 2.060740729539301 17.93896630983852 -4.321760403695105 3.8113286397855006 -0.6410838848242761 -10.114996134435737 -7.965506838946046 -11.475284814908909 -2.421565785222466
17.13426853707415 7.247095143289393 -1.6347336699098847 1.8403371081279474 -0.1275867033760214 -5.157923718435153 -3.740247753588015 10.78700171985388 17.4459458177488 31.33454112177797 13.41152834982335 15.924544856303001 5.206611836160177 9.58306440288769 -3.1882469763318353 -0.21821420960683535 16.41494463849704 4.251589500991442 8.059635244603847 -1.5534777177968984 2.0688257676243893 17.947051347923626 -4.313675365610017 3.8194136778706067 -0.6329988467391878 -10.106911096350649 -7.957421800860958 -11.46719977682382 -2.4134807471373776
17.19438877755511 7.255120270224804 -1.6267085429744732 1.8483622350633766 -0.11956157644060994 -5.149898591499724 -3.7322226266526037 10.795026846789291 17.45397094468421 31.34256624871338 13.419553476758761 15.932569983238412 5.214636963095606 9.591089529823101 -3.180221849396424 -0.2101890826714239 16.42296976543247 4.259614627926854 8.067660371539258 -1.545452590861487 2.0768508945598008 17.955076474859037 -4.305650238674605 3.827438804806018 -0.6249737198037764 -10.09888596941522 -7.949396673925529 -11.459174649888409 -2.4054556202019484
