web/models/kne/7/Metzger_0.008525_0.159655_0.100000.dat
# %ECSV 0.9
# ---
# datatype:
# - {name: time, datatype: float64}
# - {name: sdss_u, datatype: float64}
# - {name: sdss_g, datatype: float64}
# - {name: sdss_r, datatype: float64}
# - {name: sdss_i, datatype: float64}
# - {name: sdss_z, datatype: float64}
# - {name: PS1_y, datatype: float64}
# - {name: ukirt_J, datatype: float64}
# - {name: ukirt_H, datatype: float64}
# - {name: ukirt_K, datatype: float64}
# - {name: johnson_U, datatype: float64}
# - {name: johnson_B, datatype: float64}
# - {name: johnson_V, datatype: float64}
# - {name: johnson_R, datatype: float64}
# - {name: johnson_I, datatype: float64}
# - {name: Clear, datatype: float64}
# meta: !!omap
# - comment: [vej = 0.1596551724137931, mej = 0.008524704073694048, Ye = 0.1, redshift = 0.0]
# schema: astropy-2.0
time sdss_u sdss_g sdss_r sdss_i sdss_z PS1_y ukirt_J ukirt_H ukirt_K johnson_U johnson_B johnson_V johnson_R johnson_I Clear
[from data line 990]
49.600000 234.775579 167.699189 125.307457 98.366541 81.928893 71.645844 50.830009 32.364797 20.278867 226.728949 186.386757 143.096424 120.153381 80.273606 123.611821
49.650000 235.020601 167.880405 125.448162 98.481375 82.027870 71.734863 50.898742 32.415308 20.317247 226.966330 186.585779 143.254153 120.289146 80.370982 123.750902
49.700000 235.265609 168.061612 125.588861 98.596204 82.126843 71.823878 50.967472 32.465819 20.355627 227.203698 186.784789 143.411874 120.424905 80.468354 123.889976
49.750000 235.510604 168.242809 125.729553 98.711028 82.225811 71.912889 51.036199 32.516328 20.394007 227.441053 186.983790 143.569587 120.560657 80.565722 124.029043
49.800000 235.755586 168.423997 125.870238 98.825846 82.324776 72.001897 51.104925 32.566836 20.432386 227.678395 187.182780 143.727292 120.696403 80.663086 124.168103
49.850000 236.000554 168.605176 126.010916 98.940660 82.423736 72.090901 51.173648 32.617343 20.470764 227.915725 187.381759 143.884989 120.832142 80.760445 124.307157
49.900000 236.245509 168.786345 126.151587 99.055468 82.522692 72.179902 51.242369 32.667849 20.509143 228.153041 187.580728 144.042679 120.967875 80.857801 124.446204
49.950000 236.490451 168.967505 126.292251 99.170272 82.621643 72.268899 51.311088 32.718354 20.547521 228.390345 187.779687 144.200360 121.103601 80.955153 124.585244
50.000000 236.735379 169.148656 126.432909 99.285070 82.720591 72.357893 51.379804 32.768857 20.585898 228.627636 187.978635 144.358034 121.239321 81.052500 124.724278
50.050000 236.980294 169.329797 126.573560 99.399863 82.819535 72.446883 51.448518 32.819360 20.624276 228.864914 188.177573 144.515700 121.375034 81.149844 124.863305
50.100000 237.225196 169.510929 126.714204 99.514650 82.918474 72.535870 51.517230 32.869861 20.662653 229.102179 188.376500 144.673358 121.510741 81.247183 125.002325
50.150000 237.470084 169.692052 126.854842 99.629433 83.017409 72.624853 51.585940 32.920362 20.701029 229.339432 188.575417 144.831009 121.646441 81.344519 125.141339
50.200000 237.714960 169.873166 126.995473 99.744211 83.116340 72.713832 51.654647 32.970861 20.739405 229.576672 188.774324 144.988651 121.782136 81.441850 125.280346
50.250000 237.959822 170.054270 127.136097 99.858983 83.215267 72.802809 51.723352 33.021359 20.777781 229.813899 188.973220 145.146286 121.917823 81.539178 125.419346
50.300000 238.204671 170.235365 127.276714 99.973751 83.314190 72.891781 51.792055 33.071856 20.816156 230.051114 189.172106 145.303913 122.053504 81.636501 125.558340
50.350000 238.449507 170.416451 127.417325 100.088513 83.413109 72.980750 51.860756 33.122352 20.854532 230.288315 189.370982 145.461533 122.189179 81.733820 125.697327
50.400000 238.694330 170.597528 127.557929 100.203270 83.512023 73.069716 51.929454 33.172846 20.892906 230.525505 189.569847 145.619144 122.324848 81.831136 125.836308
50.450000 238.939139 170.778596 127.698526 100.318022 83.610934 73.158678 51.998150 33.223340 20.931281 230.762681 189.768702 145.776748 122.460510 81.928447 125.975282
50.500000 239.183936 170.959654 127.839117 100.432769 83.709840 73.247637 52.066844 33.273833 20.969655 230.999845 189.967547 145.934344 122.596166 82.025754 126.114250
50.550000 239.428719 171.140704 127.979701 100.547511 83.808743 73.336592 52.135536 33.324324 21.008028 231.236996 190.166382 146.091933 122.731815 82.123058 126.253211
50.600000 239.673490 171.321744 128.120279 100.662248 83.907641 73.425543 52.204225 33.374814 21.046402 231.474135 190.365207 146.249514 122.867458 82.220357 126.392165
50.650000 239.918247 171.502775 128.260849 100.776980 84.006535 73.514492 52.272913 33.425303 21.084774 231.711261 190.564021 146.407087 123.003095 82.317652 126.531113
50.700000 240.162992 171.683797 128.401413 100.891707 84.105425 73.603437 52.341598 33.475791 21.123147 231.948375 190.762825 146.564652 123.138725 82.414944 126.670055
50.750000 240.407723 171.864810 128.541971 101.006429 84.204311 73.692378 52.410280 33.526278 21.161519 232.185476 190.961619 146.722210 123.274350 82.512231 126.808990
50.800000 240.652442 172.045814 128.682522 101.121146 84.303193 73.781316 52.478961 33.576764 21.199891 232.422565 191.160403 146.879760 123.409967 82.609515 126.947918
50.850000 240.897147 172.226809 128.823066 101.235857 84.402071 73.870250 52.547639 33.627249 21.238262 232.659641 191.359176 147.037303 123.545579 82.706794 127.086840
50.900000 241.141840 172.407795 128.963604 101.350564 84.500945 73.959181 52.616316 33.677733 21.276633 232.896705 191.557940 147.194837 123.681184 82.804070 127.225756
50.950000 241.386520 172.588771 129.104135 101.465266 84.599815 74.048109 52.684990 33.728215 21.315004 233.133756 191.756693 147.352365 123.816783 82.901342 127.364664
51.000000 241.631187 172.769739 129.244660 101.579963 84.698681 74.137033 52.753661 33.778697 21.353375 233.370795 191.955436 147.509884 123.952376 82.998609 127.503567
51.050000 241.875841 172.950698 129.385178 101.694654 84.797543 74.225953 52.822331 33.829177 21.391745 233.607821 192.154170 147.667397 124.087962 83.095873 127.642463
51.100000 242.120482 173.131647 129.525689 101.809341 84.896401 74.314871 52.890998 33.879656 21.430114 233.844835 192.352893 147.824901 124.223543 83.193133 127.781353
51.150000 242.365110 173.312588 129.666194 101.924023 84.995254 74.403785 52.959663 33.930134 21.468483 234.081837 192.551606 147.982398 124.359117 83.290389 127.920236
51.200000 242.609726 173.493520 129.806693 102.038700 85.094104 74.492695 53.028326 33.980611 21.506852 234.318826 192.750309 148.139888 124.494684 83.387641 128.059113
51.250000 242.854329 173.674443 129.947185 102.153372 85.192950 74.581602 53.096987 34.031087 21.545221 234.555803 192.949002 148.297369 124.630246 83.484889 128.197983
51.300000 243.098919 173.855357 130.087670 102.268039 85.291791 74.670506 53.165646 34.081562 21.583589 234.792768 193.147685 148.454844 124.765801 83.582133 128.336847
51.350000 243.343496 174.036262 130.228149 102.382701 85.390629 74.759406 53.234302 34.132036 21.621957 235.029721 193.346358 148.612311 124.901350 83.679373 128.475704
51.400000 243.588060 174.217158 130.368622 102.497358 85.489463 74.848303 53.302956 34.182509 21.660324 235.266661 193.545021 148.769770 125.036893 83.776610 128.614555
51.450000 243.832612 174.398045 130.509088 102.612010 85.588293 74.937196 53.371609 34.232980 21.698691 235.503589 193.743674 148.927222 125.172430 83.873842 128.753400
51.500000 244.077151 174.578923 130.649547 102.726657 85.687118 75.026086 53.440258 34.283451 21.737058 235.740504 193.942317 149.084666 125.307960 83.971071 128.892238
51.550000 244.321678 174.759792 130.790000 102.841299 85.785940 75.114973 53.508906 34.333920 21.775424 235.977408 194.140950 149.242103 125.443485 84.068296 129.031070
51.600000 244.566191 174.940653 130.930447 102.955936 85.884758 75.203856 53.577552 34.384388 21.813790 236.214299 194.339574 149.399533 125.579003 84.165517 129.169896
51.650000 244.810693 175.121505 131.070887 103.070569 85.983572 75.292736 53.646195 34.434856 21.852156 236.451178 194.538187 149.556955 125.714515 84.262733 129.308715
51.700000 245.055181 175.302347 131.211321 103.185196 86.082382 75.381612 53.714836 34.485322 21.890521 236.688045 194.736790 149.714369 125.850021 84.359947 129.447528
51.750000 245.299657 175.483181 131.351748 103.299819 86.181188 75.470485 53.783475 34.535787 21.928886 236.924900 194.935384 149.871776 125.985521 84.457156 129.586335
51.800000 245.544120 175.664007 131.492169 103.414437 86.279990 75.559355 53.852112 34.586251 21.967250 237.161742 195.133968 150.029176 126.121015 84.554361 129.725135
51.850000 245.788571 175.844823 131.632583 103.529050 86.378788 75.648222 53.920747 34.636714 22.005614 237.398573 195.332542 150.186568 126.256502 84.651563 129.863929
51.900000 246.033010 176.025631 131.772991 103.643658 86.477582 75.737085 53.989379 34.687175 22.043978 237.635391 195.531106 150.343953 126.391984 84.748761 130.002717
51.950000 246.277435 176.206430 131.913393 103.758261 86.576372 75.825945 54.058010 34.737636 22.082341 237.872198 195.729660 150.501330 126.527459 84.845954 130.141498
52.000000 246.521849 176.387220 132.053788 103.872859 86.675158 75.914801 54.126638 34.788096 22.120704 238.108992 195.928205 150.658701 126.662928 84.943144 130.280273
52.050000 246.766249 176.568001 132.194177 103.987453 86.773941 76.003654 54.195264 34.838554 22.159067 238.345774 196.126739 150.816063 126.798392 85.040331 130.419042
52.100000 247.010638 176.748774 132.334560 104.102041 86.872719 76.092504 54.263888 34.889012 22.197429 238.582545 196.325264 150.973419 126.933849 85.137513 130.557805
52.150000 247.255013 176.929538 132.474936 104.216625 86.971493 76.181350 54.332510 34.939468 22.235791 238.819303 196.523779 151.130767 127.069300 85.234692 130.696561
52.200000 247.499377 177.110293 132.615306 104.331204 87.070264 76.270193 54.401129 34.989923 22.274152 239.056049 196.722285 151.288107 127.204745 85.331866 130.835311
52.250000 247.743728 177.291039 132.755669 104.445778 87.169031 76.359033 54.469747 35.040377 22.312514 239.292784 196.920780 151.445441 127.340184 85.429037 130.974055
52.300000 247.988066 177.471777 132.896027 104.560347 87.267793 76.447869 54.538362 35.090831 22.350874 239.529506 197.119266 151.602767 127.475617 85.526204 131.112793
52.350000 248.232393 177.652506 133.036378 104.674912 87.366552 76.536702 54.606975 35.141283 22.389235 239.766216 197.317742 151.760086 127.611044 85.623368 131.251524
52.400000 248.476706 177.833227 133.176722 104.789471 87.465307 76.625532 54.675587 35.191734 22.427595 240.002915 197.516209 151.917397 127.746464 85.720527 131.390249
52.450000 248.721008 178.013939 133.317060 104.904026 87.564058 76.714359 54.744195 35.242184 22.465954 240.239601 197.714666 152.074701 127.881879 85.817683 131.528968
52.500000 248.965297 178.194642 133.457392 105.018576 87.662806 76.803182 54.812802 35.292632 22.504314 240.476276 197.913113 152.231998 128.017288 85.914835 131.667681
52.550000 249.209574 178.375336 133.597718 105.133121 87.761549 76.892002 54.881407 35.343080 22.542672 240.712939 198.111551 152.389288 128.152691 86.011983 131.806388
52.600000 249.453839 178.556022 133.738038 105.247662 87.860288 76.980818 54.950010 35.393527 22.581031 240.949590 198.309979 152.546570 128.288088 86.109128 131.945088
52.650000 249.698091 178.736700 133.878351 105.362197 87.959024 77.069632 55.018610 35.443972 22.619389 241.186229 198.508397 152.703845 128.423479 86.206268 132.083782
52.700000 249.942331 178.917369 134.018658 105.476728 88.057756 77.158442 55.087208 35.494417 22.657747 241.422857 198.706806 152.861113 128.558864 86.303405 132.222470
52.750000 250.186559 179.098029 134.158958 105.591255 88.156484 77.247248 55.155805 35.544860 22.696104 241.659472 198.905205 153.018374 128.694243 86.400538 132.361152
52.800000 250.430775 179.278681 134.299253 105.705776 88.255208 77.336052 55.224399 35.595303 22.734461 241.896076 199.103594 153.175627 128.829616 86.497668 132.499828
52.850000 250.674978 179.459324 134.439541 105.820293 88.353928 77.424852 55.292991 35.645744 22.772818 242.132668 199.301974 153.332873 128.964983 86.594793 132.638498
52.900000 250.919169 179.639958 134.579823 105.934805 88.452645 77.513649 55.361581 35.696184 22.811174 242.369248 199.500345 153.490113 129.100344 86.691915 132.777161
52.950000 251.163348 179.820584 134.720099 106.049312 88.551357 77.602443 55.430168 35.746624 22.849530 242.605817 199.698705 153.647344 129.235699 86.789033 132.915818
53.000000 251.407515 180.001202 134.860368 106.163814 88.650066 77.691233 55.498754 35.797062 22.887886 242.842374 199.897057 153.804569 129.371048 86.886147 133.054470
53.050000 251.651670 180.181811 135.000632 106.278312 88.748771 77.780020 55.567338 35.847499 22.926241 243.078919 200.095399 153.961787 129.506392 86.983258 133.193115
53.100000 251.895813 180.362412 135.140889 106.392805 88.847472 77.868804 55.635919 35.897935 22.964596 243.315452 200.293731 154.118997 129.641729 87.080365 133.331754
53.150000 252.139943 180.543004 135.281140 106.507293 88.946169 77.957585 55.704499 35.948370 23.002950 243.551974 200.492054 154.276200 129.777061 87.177468 133.470387
53.200000 252.384062 180.723587 135.421385 106.621777 89.044863 78.046362 55.773076 35.998804 23.041304 243.788484 200.690367 154.433396 129.912386 87.274568 133.609014
53.250000 252.628168 180.904162 135.561623 106.736256 89.143552 78.135136 55.841651 36.049237 23.079658 244.024983 200.888671 154.590585 130.047706 87.371664 133.747635
53.300000 252.872263 181.084729 135.701856 106.850730 89.242238 78.223907 55.910224 36.099668 23.118011 244.261470 201.086965 154.747767 130.183020 87.468756 133.886249
53.350000 253.116345 181.265287 135.842082 106.965199 89.340920 78.312675 55.978795 36.150099 23.156364 244.497945 201.285250 154.904942 130.318328 87.565844 134.024858
53.400000 253.360416 181.445837 135.982303 107.079664 89.439599 78.401439 56.047364 36.200529 23.194716 244.734409 201.483526 155.062110 130.453630 87.662929 134.163461
53.450000 253.604474 181.626379 136.122517 107.194124 89.538273 78.490201 56.115931 36.250957 23.233068 244.970861 201.681792 155.219270 130.588926 87.760010 134.302057
53.500000 253.848520 181.806912 136.262725 107.308580 89.636944 78.578959 56.184496 36.301385 23.271420 245.207302 201.880049 155.376424 130.724217 87.857087 134.440648
53.550000 254.092555 181.987437 136.402927 107.423031 89.735611 78.667714 56.253059 36.351811 23.309772 245.443731 202.078296 155.533570 130.859502 87.954161 134.579233
53.600000 254.336577 182.167953 136.543122 107.537477 89.834274 78.756465 56.321619 36.402237 23.348123 245.680149 202.276534 155.690709 130.994780 88.051230 134.717811
53.650000 254.580588 182.348461 136.683312 107.651918 89.932933 78.845214 56.390178 36.452661 23.386473 245.916555 202.474763 155.847842 131.130053 88.148297 134.856384
53.700000 254.824587 182.528961 136.823496 107.766355 90.031589 78.933959 56.458734 36.503084 23.424823 246.152949 202.672982 156.004967 131.265321 88.245359 134.994950
53.750000 255.068573 182.709452 136.963673 107.880788 90.130241 79.022701 56.527289 36.553506 23.463173 246.389332 202.871193 156.162085 131.400582 88.342418 135.133511
53.800000 255.312548 182.889935 137.103845 107.995215 90.228889 79.111439 56.595841 36.603928 23.501523 246.625704 203.069393 156.319197 131.535838 88.439473 135.272065
53.850000 255.556511 183.070409 137.244010 108.109638 90.327534 79.200175 56.664391 36.654348 23.539872 246.862064 203.267585 156.476301 131.671087 88.536525 135.410614
53.900000 255.800462 183.250876 137.384169 108.224056 90.426174 79.288908 56.732939 36.704767 23.578221 247.098413 203.465767 156.633398 131.806331 88.633573 135.549157
53.950000 256.044402 183.431334 137.524323 108.338470 90.524811 79.377637 56.801486 36.755185 23.616569 247.334751 203.663940 156.790488 131.941570 88.730617 135.687693
54.000000 256.288329 183.611784 137.664470 108.452879 90.623444 79.466363 56.870030 36.805602 23.654917 247.571077 203.862103 156.947572 132.076802 88.827658 135.826224
54.050000 256.532245 183.792225 137.804611 108.567284 90.722074 79.555086 56.938572 36.856018 23.693265 247.807391 204.060257 157.104648 132.212029 88.924695 135.964749
54.100000 256.776149 183.972658 137.944746 108.681684 90.820700 79.643805 57.007112 36.906433 23.731612 248.043695 204.258402 157.261717 132.347250 89.021728 136.103268
54.150000 257.020041 184.153083 138.084875 108.796079 90.919322 79.732522 57.075650 36.956847 23.769959 248.279987 204.456538 157.418780 132.482465 89.118758 136.241781
54.200000 257.263922 184.333500 138.224998 108.910470 91.017940 79.821235 57.144186 37.007259 23.808305 248.516267 204.654665 157.575835 132.617674 89.215784 136.380288
54.250000 257.507791 184.513909 138.365116 109.024856 91.116555 79.909945 57.212719 37.057671 23.846651 248.752537 204.852782 157.732883 132.752878 89.312807 136.518789
