web/models/kne/7/Metzger_0.020089_0.418966_0.450000.dat
# %ECSV 0.9
# ---
# datatype:
# - {name: time, datatype: float64}
# - {name: sdss_u, datatype: float64}
# - {name: sdss_g, datatype: float64}
# - {name: sdss_r, datatype: float64}
# - {name: sdss_i, datatype: float64}
# - {name: sdss_z, datatype: float64}
# - {name: PS1_y, datatype: float64}
# - {name: ukirt_J, datatype: float64}
# - {name: ukirt_H, datatype: float64}
# - {name: ukirt_K, datatype: float64}
# - {name: johnson_U, datatype: float64}
# - {name: johnson_B, datatype: float64}
# - {name: johnson_V, datatype: float64}
# - {name: johnson_R, datatype: float64}
# - {name: johnson_I, datatype: float64}
# - {name: Clear, datatype: float64}
# meta: !!omap
# - comment: [vej = 0.4189655172413793, mej = 0.02008866315339448, Ye = 0.45, redshift = 0.0]
# schema: astropy-2.0
time sdss_u sdss_g sdss_r sdss_i sdss_z PS1_y ukirt_J ukirt_H ukirt_K johnson_U johnson_B johnson_V johnson_R johnson_I Clear
[from data line 597]
29.950000 193.177850 136.579464 100.840297 78.147856 64.314271 55.666555 38.182067 22.709019 12.615267 186.385969 152.343093 115.833707 96.497480 62.921861 99.411487
30.000000 193.515162 136.828780 101.033743 78.305622 64.450168 55.788718 38.276253 22.778076 12.667594 186.712743 152.616964 116.050631 96.684113 63.055550 99.602692
30.050000 193.852438 137.078070 101.227170 78.463375 64.586054 55.910872 38.370433 22.847130 12.719919 187.039482 152.890807 116.267533 96.870728 63.189229 99.793879
30.100000 194.189677 137.327334 101.420579 78.621113 64.721928 56.033016 38.464607 22.916181 12.772244 187.366186 153.164621 116.484414 97.057325 63.322896 99.985047
30.150000 194.526879 137.576574 101.613969 78.778837 64.857791 56.155150 38.558774 22.985229 12.824567 187.692855 153.438407 116.701273 97.243905 63.456552 100.176198
30.200000 194.864045 137.825787 101.807341 78.936548 64.993643 56.277275 38.652935 23.054274 12.876890 188.019488 153.712164 116.918111 97.430467 63.590197 100.367330
30.250000 195.201175 138.074976 102.000695 79.094244 65.129483 56.399390 38.747090 23.123316 12.929212 188.346087 153.985893 117.134928 97.617012 63.723831 100.558444
30.300000 195.538269 138.324139 102.194030 79.251926 65.265312 56.521495 38.841239 23.192355 12.981532 188.672652 154.259594 117.351723 97.803539 63.857454 100.749540
30.350000 195.875327 138.573277 102.387347 79.409594 65.401130 56.643591 38.935382 23.261391 13.033852 188.999181 154.533267 117.568497 97.990049 63.991066 100.940618
30.400000 196.212349 138.822390 102.580646 79.567249 65.536937 56.765677 39.029519 23.330424 13.086171 189.325676 154.806911 117.785250 98.176541 64.124667 101.131678
30.450000 196.549336 139.071477 102.773926 79.724889 65.672732 56.887754 39.123650 23.399453 13.138488 189.652136 155.080527 118.001982 98.363016 64.258257 101.322720
30.500000 196.886286 139.320540 102.967188 79.882516 65.808516 57.009822 39.217774 23.468480 13.190805 189.978562 155.354115 118.218693 98.549474 64.391837 101.513744
30.550000 197.223201 139.569578 103.160432 80.040129 65.944290 57.131879 39.311893 23.537504 13.243121 190.304954 155.627676 118.435383 98.735914 64.525405 101.704750
30.600000 197.560080 139.818591 103.353658 80.197728 66.080051 57.253928 39.406005 23.606525 13.295436 190.631311 155.901208 118.652052 98.922337 64.658963 101.895739
30.650000 197.896924 140.067579 103.546866 80.355313 66.215802 57.375967 39.500112 23.675543 13.347750 190.957634 156.174713 118.868699 99.108742 64.792509 102.086709
30.700000 198.233732 140.316542 103.740056 80.512885 66.351542 57.497996 39.594212 23.744557 13.400062 191.283923 156.448190 119.085326 99.295131 64.926045 102.277662
30.750000 198.570505 140.565481 103.933227 80.670443 66.487271 57.620017 39.688306 23.813569 13.452374 191.610177 156.721639 119.301933 99.481502 65.059570 102.468597
30.800000 198.907243 140.814395 104.126381 80.827987 66.622989 57.742027 39.782395 23.882578 13.504685 191.936398 156.995060 119.518518 99.667856 65.193085 102.659514
30.850000 199.243945 141.063284 104.319517 80.985518 66.758695 57.864029 39.876477 23.951584 13.556995 192.262585 157.268454 119.735083 99.854193 65.326588 102.850414
30.900000 199.580613 141.312148 104.512635 81.143035 66.894391 57.986021 39.970553 24.020587 13.609304 192.588738 157.541821 119.951627 100.040513 65.460081 103.041296
30.950000 199.917245 141.560989 104.705735 81.300538 67.030076 58.108003 40.064623 24.089586 13.661612 192.914857 157.815160 120.168150 100.226816 65.593563 103.232161
31.000000 200.253842 141.809804 104.898818 81.458028 67.165749 58.229977 40.158688 24.158583 13.713919 193.240942 158.088471 120.384653 100.413102 65.727035 103.423008
31.050000 200.590405 142.058596 105.091882 81.615504 67.301412 58.351941 40.252746 24.227577 13.766225 193.566994 158.361756 120.601135 100.599370 65.860495 103.613837
31.100000 200.926933 142.307362 105.284929 81.772967 67.437064 58.473896 40.346799 24.296568 13.818530 193.893013 158.635013 120.817597 100.785622 65.993945 103.804649
31.150000 201.263426 142.556105 105.477958 81.930416 67.572705 58.595841 40.440845 24.365556 13.870834 194.218998 158.908242 121.034038 100.971858 66.127385 103.995444
31.200000 201.599884 142.804823 105.670970 82.087852 67.708335 58.717778 40.534885 24.434541 13.923137 194.544949 159.181445 121.250459 101.158076 66.260814 104.186221
31.250000 201.936308 143.053518 105.863964 82.245275 67.843955 58.839705 40.628920 24.503523 13.975438 194.870867 159.454621 121.466859 101.344277 66.394232 104.376981
31.300000 202.272698 143.302188 106.056940 82.402684 67.979563 58.961623 40.722949 24.572502 14.027739 195.196752 159.727769 121.683239 101.530462 66.527640 104.567724
31.350000 202.609053 143.550834 106.249899 82.560080 68.115161 59.083531 40.816971 24.641478 14.080039 195.522604 160.000891 121.899599 101.716630 66.661037 104.758449
31.400000 202.945374 143.799456 106.442841 82.717462 68.250748 59.205431 40.910988 24.710451 14.132338 195.848423 160.273986 122.115939 101.902781 66.794424 104.949157
31.450000 203.281660 144.048054 106.635764 82.874831 68.386324 59.327321 41.004999 24.779421 14.184636 196.174209 160.547054 122.332258 102.088916 66.927800 105.139848
31.500000 203.617912 144.296628 106.828671 83.032187 68.521890 59.449203 41.099004 24.848388 14.236933 196.499962 160.820095 122.548557 102.275034 67.061166 105.330521
31.550000 203.954131 144.545178 107.021560 83.189530 68.657444 59.571075 41.193003 24.917352 14.289229 196.825682 161.093109 122.764837 102.461135 67.194521 105.521178
31.600000 204.290315 144.793704 107.214432 83.346859 68.792988 59.692938 41.286997 24.986313 14.341523 197.151369 161.366097 122.981096 102.647220 67.327866 105.711817
31.650000 204.626465 145.042207 107.407286 83.504175 68.928522 59.814792 41.380984 25.055271 14.393817 197.477023 161.639058 123.197335 102.833288 67.461201 105.902440
31.700000 204.962582 145.290686 107.600123 83.661478 69.064044 59.936637 41.474966 25.124226 14.446110 197.802645 161.911993 123.413554 103.019340 67.594525 106.093045
31.750000 205.298665 145.539141 107.792943 83.818768 69.199557 60.058472 41.568941 25.193179 14.498402 198.128234 162.184901 123.629753 103.205375 67.727838 106.283634
31.800000 205.634714 145.787573 107.985746 83.976045 69.335058 60.180299 41.662911 25.262128 14.550692 198.453791 162.457783 123.845932 103.391394 67.861142 106.474205
31.850000 205.970729 146.035981 108.178531 84.133308 69.470549 60.302117 41.756876 25.331075 14.602982 198.779316 162.730638 124.062091 103.577397 67.994434 106.664760
31.900000 206.306711 146.284365 108.371299 84.290559 69.606029 60.423926 41.850834 25.400018 14.655271 199.104808 163.003467 124.278231 103.763383 68.127717 106.855297
31.950000 206.642660 146.532727 108.564051 84.447797 69.741499 60.545725 41.944786 25.468959 14.707558 199.430268 163.276270 124.494351 103.949353 68.260989 107.045818
32.000000 206.978575 146.781064 108.756785 84.605021 69.876958 60.667516 42.038733 25.537896 14.759845 199.755695 163.549046 124.710451 104.135306 68.394252 107.236322
32.050000 207.314456 147.029379 108.949502 84.762233 70.012407 60.789298 42.132674 25.606831 14.812130 200.081091 163.821797 124.926531 104.321243 68.527503 107.426809
32.100000 207.650305 147.277670 109.142202 84.919431 70.147845 60.911071 42.226609 25.675763 14.864415 200.406454 164.094521 125.142592 104.507164 68.660745 107.617280
32.150000 207.986120 147.525937 109.334885 85.076617 70.283273 61.032835 42.320539 25.744691 14.916698 200.731785 164.367220 125.358633 104.693069 68.793976 107.807734
32.200000 208.321902 147.774182 109.527552 85.233790 70.418691 61.154590 42.414462 25.813617 14.968981 201.057085 164.639892 125.574654 104.878958 68.927198 107.998171
32.250000 208.657651 148.022403 109.720201 85.390950 70.554097 61.276336 42.508380 25.882540 15.021262 201.382352 164.912538 125.790656 105.064831 69.060409 108.188591
32.300000 208.993367 148.270602 109.912834 85.548097 70.689494 61.398074 42.602292 25.951460 15.073542 201.707588 165.185159 126.006639 105.250687 69.193609 108.378995
32.350000 209.329051 148.518777 110.105449 85.705231 70.824880 61.519802 42.696199 26.020377 15.125822 202.032792 165.457754 126.222602 105.436527 69.326800 108.569382
32.400000 209.664701 148.766929 110.298048 85.862352 70.960256 61.641522 42.790100 26.089292 15.178100 202.357965 165.730323 126.438546 105.622352 69.459981 108.759753
32.450000 210.000319 149.015058 110.490631 86.019461 71.095621 61.763233 42.883995 26.158203 15.230377 202.683106 166.002866 126.654470 105.808160 69.593151 108.950107
32.500000 210.335904 149.263165 110.683196 86.176557 71.230976 61.884935 42.977884 26.227111 15.282653 203.008215 166.275384 126.870375 105.993953 69.726311 109.140445
32.550000 210.671456 149.511248 110.875745 86.333640 71.366321 62.006628 43.071767 26.296017 15.334928 203.333293 166.547876 127.086261 106.179729 69.859462 109.330767
32.600000 211.006976 149.759309 111.068277 86.490710 71.501656 62.128313 43.165645 26.364919 15.387202 203.658339 166.820343 127.302127 106.365490 69.992602 109.521072
32.650000 211.342463 150.007347 111.260793 86.647768 71.636980 62.249988 43.259518 26.433819 15.439475 203.983355 167.092784 127.517974 106.551235 70.125732 109.711360
32.700000 211.677918 150.255362 111.453292 86.804813 71.772294 62.371655 43.353384 26.502716 15.491747 204.308339 167.365199 127.733802 106.736964 70.258853 109.901633
32.750000 212.013341 150.503354 111.645774 86.961846 71.907598 62.493314 43.447245 26.571610 15.544018 204.633291 167.637590 127.949611 106.922677 70.391963 110.091889
32.800000 212.348731 150.751324 111.838240 87.118865 72.042891 62.614963 43.541101 26.640501 15.596287 204.958213 167.909955 128.165401 107.108374 70.525063 110.282128
32.850000 212.684089 150.999272 112.030689 87.275873 72.178174 62.736604 43.634950 26.709389 15.648556 205.283104 168.182294 128.381172 107.294056 70.658153 110.472352
32.900000 213.019415 151.247196 112.223122 87.432867 72.313448 62.858236 43.728794 26.778274 15.700824 205.607963 168.454609 128.596924 107.479722 70.791234 110.662559
32.950000 213.354709 151.495099 112.415539 87.589850 72.448711 62.979860 43.822633 26.847156 15.753090 205.932792 168.726898 128.812657 107.665372 70.924304 110.852750
33.000000 213.689971 151.742978 112.607939 87.746819 72.583963 63.101475 43.916466 26.916036 15.805356 206.257590 168.999163 129.028371 107.851007 71.057365 111.042925
33.050000 214.025202 151.990836 112.800323 87.903777 72.719206 63.223081 44.010293 26.984912 15.857620 206.582357 169.271402 129.244066 108.036626 71.190416 111.233084
33.100000 214.360400 152.238671 112.992690 88.060721 72.854439 63.344678 44.104114 27.053786 15.909884 206.907094 169.543616 129.459742 108.222229 71.323456 111.423227
33.150000 214.695566 152.486484 113.185042 88.217654 72.989661 63.466267 44.197931 27.122656 15.962146 207.231800 169.815805 129.675400 108.407817 71.456487 111.613354
33.200000 215.030701 152.734274 113.377377 88.374573 73.124874 63.587848 44.291741 27.191524 16.014407 207.556475 170.087970 129.891038 108.593389 71.589509 111.803464
33.250000 215.365804 152.982042 113.569696 88.531481 73.260076 63.709420 44.385546 27.260389 16.066667 207.881119 170.360109 130.106658 108.778946 71.722520 111.993559
33.300000 215.700876 153.229789 113.761998 88.688376 73.395269 63.830983 44.479345 27.329252 16.118926 208.205734 170.632224 130.322259 108.964488 71.855522 112.183638
33.350000 216.035916 153.477513 113.954285 88.845259 73.530451 63.952538 44.573139 27.398111 16.171184 208.530318 170.904314 130.537842 109.150014 71.988513 112.373701
33.400000 216.370924 153.725215 114.146555 89.002129 73.665624 64.074084 44.666927 27.466967 16.223441 208.854871 171.176379 130.753406 109.335524 72.121495 112.563748
33.450000 216.705901 153.972894 114.338809 89.158987 73.800786 64.195622 44.760710 27.535821 16.275697 209.179394 171.448420 130.968951 109.521020 72.254468 112.753779
33.500000 217.040847 154.220552 114.531047 89.315833 73.935939 64.317151 44.854487 27.604672 16.327951 209.503887 171.720436 131.184478 109.706500 72.387430 112.943794
33.550000 217.375762 154.468188 114.723269 89.472667 74.071081 64.438672 44.948259 27.673519 16.380205 209.828350 171.992427 131.399986 109.891964 72.520383 113.133794
33.600000 217.710645 154.715802 114.915476 89.629488 74.206214 64.560184 45.042025 27.742364 16.432458 210.152783 172.264394 131.615476 110.077413 72.653327 113.323778
33.650000 218.045497 154.963395 115.107666 89.786298 74.341337 64.681688 45.135786 27.811207 16.484709 210.477186 172.536337 131.830948 110.262848 72.786260 113.513746
33.700000 218.380319 155.210965 115.299840 89.943095 74.476450 64.803183 45.229541 27.880046 16.536959 210.801559 172.808255 132.046401 110.448266 72.919184 113.703698
33.750000 218.715109 155.458514 115.491998 90.099880 74.611553 64.924670 45.323290 27.948882 16.589209 211.125902 173.080149 132.261835 110.633670 73.052098 113.893635
33.800000 219.049868 155.706041 115.684141 90.256652 74.746646 65.046149 45.417035 28.017716 16.641457 211.450215 173.352018 132.477251 110.819059 73.185003 114.083556
33.850000 219.384596 155.953546 115.876268 90.413413 74.881729 65.167619 45.510773 28.086547 16.693704 211.774498 173.623864 132.692649 111.004432 73.317898 114.273462
33.900000 219.719294 156.201030 116.068379 90.570161 75.016803 65.289081 45.604507 28.155375 16.745950 212.098752 173.895685 132.908029 111.189790 73.450784 114.463352
33.950000 220.053961 156.448492 116.260474 90.726898 75.151867 65.410535 45.698235 28.224200 16.798195 212.422976 174.167482 133.123391 111.375134 73.583660 114.653226
34.000000 220.388597 156.695932 116.452553 90.883622 75.286921 65.531980 45.791957 28.293022 16.850438 212.747170 174.439255 133.338734 111.560462 73.716526 114.843085
34.050000 220.723202 156.943351 116.644617 91.040335 75.421965 65.653417 45.885674 28.361841 16.902681 213.071335 174.711004 133.554059 111.745775 73.849383 115.032928
34.100000 221.057777 157.190749 116.836664 91.197035 75.557000 65.774845 45.979385 28.430658 16.954923 213.395471 174.982728 133.769366 111.931073 73.982230 115.222756
34.150000 221.392322 157.438125 117.028697 91.353724 75.692024 65.896265 46.073091 28.499472 17.007163 213.719577 175.254429 133.984655 112.116357 74.115068 115.412569
34.200000 221.726836 157.685480 117.220713 91.510400 75.827039 66.017677 46.166792 28.568283 17.059403 214.043653 175.526106 134.199926 112.301625 74.247896 115.602366
34.250000 222.061320 157.932813 117.412714 91.667065 75.962045 66.139081 46.260487 28.637091 17.111641 214.367701 175.797760 134.415179 112.486878 74.380715 115.792147
34.300000 222.395773 158.180125 117.604700 91.823717 76.097041 66.260476 46.354177 28.705896 17.163878 214.691719 176.069389 134.630414 112.672117 74.513525 115.981914
34.350000 222.730196 158.427416 117.796670 91.980358 76.232027 66.381863 46.447862 28.774699 17.216114 215.015708 176.340994 134.845631 112.857341 74.646325 116.171665
34.400000 223.064589 158.674686 117.988624 92.136987 76.367003 66.503242 46.541541 28.843498 17.268349 215.339668 176.612576 135.060830 113.042550 74.779116 116.361401
34.450000 223.398952 158.921934 118.180563 92.293604 76.501970 66.624613 46.635215 28.912295 17.320583 215.663598 176.884134 135.276012 113.227744 74.911897 116.551121
34.500000 223.733285 159.169162 118.372487 92.450209 76.636927 66.745975 46.728883 28.981089 17.372816 215.987500 177.155669 135.491175 113.412923 75.044669 116.740827
34.550000 224.067587 159.416368 118.564395 92.606803 76.771875 66.867329 46.822546 29.049880 17.425047 216.311373 177.427180 135.706321 113.598088 75.177431 116.930517
34.600000 224.401860 159.663553 118.756288 92.763384 76.906813 66.988675 46.916204 29.118669 17.477278 216.635217 177.698667 135.921449 113.783238 75.310184 117.120192
34.650000 224.736103 159.910717 118.948165 92.919954 77.041741 67.110013 47.009856 29.187454 17.529507 216.959032 177.970131 136.136559 113.968373 75.442928 117.309852
