web/models/kne/7/Metzger_0.003617_0.273103_0.100000.dat
# %ECSV 0.9
# ---
# datatype:
# - {name: time, datatype: float64}
# - {name: sdss_u, datatype: float64}
# - {name: sdss_g, datatype: float64}
# - {name: sdss_r, datatype: float64}
# - {name: sdss_i, datatype: float64}
# - {name: sdss_z, datatype: float64}
# - {name: PS1_y, datatype: float64}
# - {name: ukirt_J, datatype: float64}
# - {name: ukirt_H, datatype: float64}
# - {name: ukirt_K, datatype: float64}
# - {name: johnson_U, datatype: float64}
# - {name: johnson_B, datatype: float64}
# - {name: johnson_V, datatype: float64}
# - {name: johnson_R, datatype: float64}
# - {name: johnson_I, datatype: float64}
# - {name: Clear, datatype: float64}
# meta: !!omap
# - comment: [vej = 0.2731034482758621, mej = 0.0036174920645118385, Ye = 0.1, redshift = 0.0]
# schema: astropy-2.0
time sdss_u sdss_g sdss_r sdss_i sdss_z PS1_y ukirt_J ukirt_H ukirt_K johnson_U johnson_B johnson_V johnson_R johnson_I Clear
[from data line 1154]
57.800000 468.253211 340.529290 259.631980 208.100541 176.590371 156.841884 116.743942 80.959843 57.343025 452.943997 376.140855 293.601851 249.782271 173.413530 256.391935
57.850000 468.651114 340.824009 259.861186 208.287909 176.752094 156.987503 116.856754 81.043190 57.406753 453.329544 376.464368 293.858587 250.003487 173.572665 256.618513
57.900000 469.049000 341.118715 260.090382 208.475269 176.913811 157.133116 116.969563 81.126534 57.470479 453.715074 376.787867 294.115311 250.224695 173.731793 256.845082
57.950000 469.446868 341.413408 260.319568 208.662621 177.075522 157.278724 117.082368 81.209875 57.534204 454.100586 377.111351 294.372025 250.445893 173.890915 257.071641
58.000000 469.844717 341.708088 260.548745 208.849966 177.237226 157.424326 117.195168 81.293214 57.597927 454.486081 377.434821 294.628727 250.667081 174.050031 257.298190
58.050000 470.242549 342.002754 260.777911 209.037303 177.398924 157.569923 117.307965 81.376550 57.661649 454.871559 377.758277 294.885419 250.888260 174.209141 257.524729
58.100000 470.640363 342.297408 261.007068 209.224632 177.560615 157.715514 117.420757 81.459884 57.725369 455.257019 378.081718 295.142099 251.109430 174.368244 257.751259
58.150000 471.038158 342.592049 261.236216 209.411954 177.722300 157.861099 117.533546 81.543215 57.789087 455.642462 378.405144 295.398768 251.330591 174.527341 257.977780
58.200000 471.435936 342.886677 261.465353 209.599267 177.883978 158.006679 117.646331 81.626543 57.852804 456.027887 378.728557 295.655426 251.551742 174.686431 258.204291
58.250000 471.833695 343.181292 261.694481 209.786574 178.045651 158.152253 117.759111 81.709869 57.916519 456.413295 379.051955 295.912073 251.772884 174.845516 258.430792
58.300000 472.231437 343.475894 261.923599 209.973872 178.207316 158.297821 117.871888 81.793193 57.980232 456.798686 379.375339 296.168709 251.994016 175.004594 258.657283
58.350000 472.629161 343.770484 262.152708 210.161163 178.368976 158.443384 117.984660 81.876514 58.043944 457.184059 379.698708 296.425334 252.215140 175.163666 258.883766
58.400000 473.026866 344.065060 262.381806 210.348447 178.530628 158.588941 118.097429 81.959832 58.107655 457.569415 380.022063 296.681948 252.436254 175.322731 259.110238
58.450000 473.424554 344.359624 262.610896 210.535722 178.692275 158.734493 118.210193 82.043148 58.171363 457.954754 380.345404 296.938551 252.657358 175.481791 259.336701
58.500000 473.822225 344.654174 262.839975 210.722990 178.853915 158.880039 118.322954 82.126461 58.235070 458.340075 380.668731 297.195143 252.878454 175.640844 259.563155
58.550000 474.219877 344.948712 263.069045 210.910251 179.015549 159.025579 118.435710 82.209771 58.298776 458.725379 380.992043 297.451724 253.099540 175.799890 259.789599
58.600000 474.617511 345.243238 263.298105 211.097504 179.177176 159.171114 118.548463 82.293079 58.362480 459.110666 381.315342 297.708294 253.320617 175.958931 260.016033
58.650000 475.015128 345.537750 263.527156 211.284749 179.338797 159.316643 118.661212 82.376385 58.426182 459.495936 381.638626 297.964853 253.541685 176.117965 260.242458
58.700000 475.412727 345.832249 263.756197 211.471987 179.500412 159.462167 118.773956 82.459688 58.489883 459.881189 381.961896 298.221401 253.762743 176.276994 260.468874
58.750000 475.810308 346.126736 263.985228 211.659217 179.662021 159.607685 118.886697 82.542988 58.553582 460.266424 382.285152 298.477939 253.983793 176.436016 260.695280
58.800000 476.207871 346.421210 264.214250 211.846439 179.823623 159.753198 118.999434 82.626286 58.617280 460.651643 382.608393 298.734465 254.204833 176.595031 260.921676
58.850000 476.605417 346.715671 264.443262 212.033654 179.985219 159.898705 119.112166 82.709581 58.680975 461.036844 382.931621 298.990980 254.425864 176.754041 261.148064
58.900000 477.002945 347.010120 264.672265 212.220862 180.146808 160.044207 119.224895 82.792874 58.744670 461.422028 383.254834 299.247485 254.646885 176.913044 261.374441
58.950000 477.400455 347.304556 264.901258 212.408062 180.308391 160.189703 119.337620 82.876164 58.808362 461.807195 383.578033 299.503978 254.867898 177.072041 261.600809
59.000000 477.797948 347.598979 265.130241 212.595254 180.469968 160.335193 119.450341 82.959452 58.872054 462.192345 383.901218 299.760461 255.088901 177.231032 261.827168
59.050000 478.195423 347.893389 265.359215 212.782439 180.631539 160.480678 119.563058 83.042737 58.935743 462.577478 384.224390 300.016933 255.309896 177.390017 262.053518
59.100000 478.592880 348.187787 265.588180 212.969616 180.793103 160.626157 119.675771 83.126020 58.999431 462.962594 384.547547 300.273394 255.530881 177.548996 262.279858
59.150000 478.990320 348.482172 265.817135 213.156786 180.954661 160.771631 119.788480 83.209300 59.063117 463.347693 384.870690 300.529844 255.751857 177.707968 262.506188
59.200000 479.387742 348.776545 266.046080 213.343948 181.116212 160.917100 119.901185 83.292577 59.126802 463.732775 385.193819 300.786283 255.972823 177.866935 262.732510
59.250000 479.785147 349.070905 266.275016 213.531103 181.277758 161.062563 120.013886 83.375852 59.190485 464.117840 385.516934 301.042712 256.193781 178.025895 262.958822
59.300000 480.182534 349.365252 266.503943 213.718250 181.439297 161.208020 120.126583 83.459125 59.254167 464.502888 385.840035 301.299130 256.414730 178.184849 263.185124
59.350000 480.579903 349.659587 266.732860 213.905390 181.600830 161.353472 120.239276 83.542395 59.317847 464.887919 386.163122 301.555537 256.635669 178.343797 263.411417
59.400000 480.977256 349.953909 266.961767 214.092522 181.762357 161.498919 120.351966 83.625663 59.381526 465.272933 386.486195 301.811933 256.856600 178.502739 263.637701
59.450000 481.374590 350.248218 267.190665 214.279647 181.923877 161.644360 120.464651 83.708927 59.445202 465.657930 386.809254 302.068318 257.077521 178.661674 263.863976
59.500000 481.771907 350.542515 267.419554 214.466765 182.085391 161.789795 120.577333 83.792190 59.508878 466.042911 387.132299 302.324693 257.298433 178.820604 264.090241
59.550000 482.169207 350.836799 267.648433 214.653875 182.246899 161.935225 120.690010 83.875450 59.572551 466.427874 387.455331 302.581057 257.519337 178.979527 264.316497
59.600000 482.566489 351.131071 267.877303 214.840977 182.408401 162.080650 120.802684 83.958707 59.636223 466.812821 387.778348 302.837410 257.740231 179.138445 264.542743
59.650000 482.963754 351.425331 268.106163 215.028072 182.569896 162.226069 120.915354 84.041962 59.699894 467.197751 388.101352 303.093753 257.961116 179.297356 264.768981
59.700000 483.361002 351.719578 268.335014 215.215160 182.731386 162.371482 121.028020 84.125215 59.763563 467.582664 388.424341 303.350084 258.181992 179.456261 264.995209
59.750000 483.758232 352.013812 268.563856 215.402240 182.892869 162.516891 121.140682 84.208465 59.827230 467.967560 388.747317 303.606405 258.402859 179.615160 265.221427
59.800000 484.155444 352.308034 268.792688 215.589313 183.054346 162.662293 121.253340 84.291712 59.890896 468.352440 389.070279 303.862716 258.623717 179.774053 265.447637
59.850000 484.552640 352.602243 269.021511 215.776378 183.215816 162.807691 121.365994 84.374957 59.954560 468.737302 389.393227 304.119015 258.844566 179.932940 265.673837
59.900000 484.949818 352.896440 269.250324 215.963437 183.377281 162.953083 121.478645 84.458199 60.018223 469.122149 389.716162 304.375305 259.065407 180.091821 265.900028
59.950000 485.346979 353.190625 269.479128 216.150487 183.538739 163.098469 121.591291 84.541439 60.081884 469.506978 390.039082 304.631583 259.286238 180.250696 266.126210
60.000000 485.744122 353.484797 269.707923 216.337530 183.700191 163.243850 121.703934 84.624677 60.145544 469.891791 390.361989 304.887851 259.507060 180.409564 266.352382
60.050000 486.141249 353.778956 269.936708 216.524566 183.861637 163.389226 121.816573 84.707912 60.209202 470.276587 390.684882 305.144108 259.727873 180.568427 266.578546
60.100000 486.538358 354.073104 270.165484 216.711595 184.023077 163.534596 121.929207 84.791144 60.272858 470.661366 391.007762 305.400354 259.948677 180.727284 266.804700
60.150000 486.935450 354.367239 270.394251 216.898616 184.184511 163.679961 122.041838 84.874374 60.336513 471.046129 391.330627 305.656590 260.169473 180.886134 267.030845
60.200000 487.332524 354.661361 270.623009 217.085630 184.345938 163.825320 122.154466 84.957602 60.400166 471.430875 391.653479 305.912816 260.390259 181.044979 267.256980
60.250000 487.729582 354.955471 270.851757 217.272636 184.507359 163.970675 122.267089 85.040827 60.463818 471.815604 391.976317 306.169030 260.611037 181.203817 267.483107
60.300000 488.126622 355.249569 271.080496 217.459636 184.668775 164.116023 122.379708 85.124049 60.527468 472.200317 392.299142 306.425235 260.831805 181.362650 267.709224
60.350000 488.523646 355.543655 271.309225 217.646627 184.830184 164.261367 122.492324 85.207269 60.591116 472.585014 392.621952 306.681428 261.052565 181.521477 267.935333
60.400000 488.920652 355.837728 271.537946 217.833612 184.991587 164.406704 122.604936 85.290487 60.654763 472.969693 392.944750 306.937611 261.273315 181.680297 268.161432
60.450000 489.317641 356.131789 271.766657 218.020589 185.152984 164.552037 122.717543 85.373702 60.718409 473.354357 393.267533 307.193784 261.494057 181.839112 268.387522
60.500000 489.714613 356.425838 271.995359 218.207559 185.314374 164.697364 122.830147 85.456914 60.782053 473.739003 393.590303 307.449946 261.714790 181.997920 268.613603
60.550000 490.111568 356.719874 272.224051 218.394522 185.475759 164.842686 122.942748 85.540125 60.845695 474.123634 393.913059 307.706097 261.935514 182.156723 268.839674
60.600000 490.508505 357.013898 272.452735 218.581477 185.637137 164.988003 123.055344 85.623332 60.909336 474.508248 394.235802 307.962238 262.156230 182.315519 269.065737
60.650000 490.905426 357.307910 272.681409 218.768425 185.798510 165.133314 123.167937 85.706538 60.972975 474.892845 394.558531 308.218369 262.376936 182.474310 269.291790
60.700000 491.302330 357.601909 272.910074 218.955366 185.959876 165.278619 123.280525 85.789740 61.036612 475.277426 394.881247 308.474489 262.597634 182.633095 269.517835
60.750000 491.699217 357.895897 273.138729 219.142299 186.121236 165.423920 123.393110 85.872941 61.100249 475.661990 395.203949 308.730598 262.818323 182.791873 269.743870
60.800000 492.096087 358.189872 273.367376 219.329226 186.282591 165.569215 123.505691 85.956138 61.163883 476.046539 395.526637 308.986697 263.039002 182.950646 269.969897
60.850000 492.492939 358.483835 273.596013 219.516145 186.443939 165.714505 123.618269 86.039334 61.227516 476.431070 395.849312 309.242786 263.259674 183.109413 270.195914
60.900000 492.889775 358.777786 273.824642 219.703056 186.605281 165.859789 123.730842 86.122527 61.291147 476.815586 396.171973 309.498864 263.480336 183.268174 270.421922
60.950000 493.286594 359.071724 274.053261 219.889961 186.766617 166.005068 123.843412 86.205717 61.354777 477.200085 396.494621 309.754932 263.700989 183.426928 270.647921
61.000000 493.683397 359.365651 274.281870 220.076858 186.927947 166.150342 123.955977 86.288905 61.418406 477.584567 396.817256 310.010990 263.921634 183.585677 270.873911
61.050000 494.080182 359.659565 274.510471 220.263748 187.089271 166.295611 124.068539 86.372091 61.482032 477.969034 397.139877 310.267036 264.142270 183.744420 271.099892
61.100000 494.476950 359.953467 274.739063 220.450631 187.250589 166.440874 124.181098 86.455274 61.545658 478.353484 397.462484 310.523073 264.362897 183.903158 271.325865
61.150000 494.873702 360.247357 274.967645 220.637507 187.411900 166.586132 124.293652 86.538455 61.609281 478.737918 397.785078 310.779099 264.583516 184.061889 271.551828
61.200000 495.270437 360.541235 275.196219 220.824375 187.573206 166.731385 124.406203 86.621633 61.672903 479.122335 398.107659 311.035115 264.804126 184.220614 271.777782
61.250000 495.667154 360.835101 275.424783 221.011237 187.734506 166.876632 124.518750 86.704809 61.736524 479.506737 398.430226 311.291121 265.024727 184.379333 272.003727
61.300000 496.063856 361.128955 275.653338 221.198091 187.895800 167.021874 124.631293 86.787982 61.800143 479.891122 398.752780 311.547116 265.245319 184.538047 272.229663
61.350000 496.460540 361.422797 275.881884 221.384938 188.057088 167.167111 124.743832 86.871153 61.863760 480.275491 399.075320 311.803100 265.465902 184.696754 272.455590
61.400000 496.857208 361.716626 276.110421 221.571777 188.218369 167.312342 124.856368 86.954321 61.927376 480.659843 399.397848 312.059075 265.686477 184.855456 272.681509
61.450000 497.253859 362.010444 276.338949 221.758610 188.379645 167.457569 124.968899 87.037487 61.990991 481.044180 399.720361 312.315039 265.907043 185.014152 272.907418
61.500000 497.650493 362.304250 276.567468 221.945435 188.540915 167.602790 125.081427 87.120651 62.054603 481.428500 400.042862 312.570993 266.127601 185.172842 273.133318
61.550000 498.047110 362.598043 276.795978 222.132253 188.702179 167.748005 125.193951 87.203812 62.118215 481.812805 400.365349 312.826936 266.348149 185.331526 273.359210
61.600000 498.443711 362.891825 277.024479 222.319065 188.863436 167.893216 125.306472 87.286971 62.181825 482.197093 400.687823 313.082870 266.568690 185.490204 273.585092
61.650000 498.840295 363.185594 277.252971 222.505869 189.024688 168.038421 125.418989 87.370127 62.245433 482.581365 401.010283 313.338793 266.789221 185.648877 273.810966
61.700000 499.236863 363.479352 277.481454 222.692665 189.185934 168.183621 125.531502 87.453281 62.309039 482.965621 401.332730 313.594705 267.009744 185.807543 274.036831
61.750000 499.633414 363.773097 277.709927 222.879455 189.347174 168.328816 125.644011 87.536432 62.372645 483.349861 401.655164 313.850608 267.230258 185.966204 274.262686
61.800000 500.029948 364.066831 277.938392 223.066238 189.508408 168.474006 125.756516 87.619582 62.436248 483.734084 401.977585 314.106500 267.450763 186.124859 274.488533
61.850000 500.426465 364.360553 278.166848 223.253013 189.669636 168.619190 125.869018 87.702728 62.499850 484.118292 402.299992 314.362382 267.671260 186.283508 274.714371
61.900000 500.822967 364.654263 278.395295 223.439782 189.830858 168.764369 125.981516 87.785872 62.563451 484.502484 402.622387 314.618254 267.891748 186.442151 274.940201
61.950000 501.219451 364.947961 278.623733 223.626543 189.992074 168.909543 126.094010 87.869014 62.627050 484.886660 402.944768 314.874116 268.112228 186.600788 275.166021
62.000000 501.615919 365.241647 278.852162 223.813297 190.153284 169.054712 126.206500 87.952154 62.690647 485.270819 403.267135 315.129967 268.332699 186.759420 275.391832
62.050000 502.012371 365.535321 279.080582 224.000045 190.314489 169.199875 126.318987 88.035291 62.754243 485.654963 403.589490 315.385808 268.553161 186.918046 275.617635
62.100000 502.408806 365.828983 279.308993 224.186785 190.475687 169.345033 126.431470 88.118425 62.817838 486.039091 403.911832 315.641639 268.773615 187.076666 275.843429
62.150000 502.805224 366.122633 279.537395 224.373518 190.636879 169.490187 126.543949 88.201557 62.881431 486.423203 404.234160 315.897460 268.994060 187.235280 276.069214
62.200000 503.201626 366.416272 279.765788 224.560244 190.798066 169.635334 126.656425 88.284687 62.945022 486.807299 404.556475 316.153271 269.214497 187.393888 276.294990
62.250000 503.598012 366.709898 279.994172 224.746963 190.959247 169.780477 126.768897 88.367814 63.008612 487.191379 404.878777 316.409071 269.434925 187.552491 276.520758
62.300000 503.994381 367.003513 280.222547 224.933675 191.120421 169.925615 126.881365 88.450939 63.072200 487.575444 405.201066 316.664862 269.655345 187.711087 276.746516
