web/models/kne/7/Metzger_0.001535_0.500000_0.450000.dat
# %ECSV 0.9
# ---
# datatype:
# - {name: time, datatype: float64}
# - {name: sdss_u, datatype: float64}
# - {name: sdss_g, datatype: float64}
# - {name: sdss_r, datatype: float64}
# - {name: sdss_i, datatype: float64}
# - {name: sdss_z, datatype: float64}
# - {name: PS1_y, datatype: float64}
# - {name: ukirt_J, datatype: float64}
# - {name: ukirt_H, datatype: float64}
# - {name: ukirt_K, datatype: float64}
# - {name: johnson_U, datatype: float64}
# - {name: johnson_B, datatype: float64}
# - {name: johnson_V, datatype: float64}
# - {name: johnson_R, datatype: float64}
# - {name: johnson_I, datatype: float64}
# - {name: Clear, datatype: float64}
# meta: !!omap
# - comment: [vej = 0.5, mej = 0.0015350971392881912, Ye = 0.45, redshift = 0.0]
# schema: astropy-2.0
time sdss_u sdss_g sdss_r sdss_i sdss_z PS1_y ukirt_J ukirt_H ukirt_K johnson_U johnson_B johnson_V johnson_R johnson_I Clear
[from data line 1041]
52.150000 nan 545.107095 418.781834 338.239091 288.946722 258.031140 195.184634 138.968132 101.747450 720.504071 600.685182 471.841545 403.392330 283.974790 413.719732
52.200000 nan 545.613316 419.175780 338.561336 289.225018 258.281837 195.379107 139.112107 101.857803 721.165953 601.240751 472.282671 403.772584 284.248649 414.109175
52.250000 nan 546.119509 419.569705 338.883563 289.503299 258.532520 195.573571 139.256075 101.968151 721.827797 601.796288 472.723773 404.152818 284.522494 414.498597
52.300000 nan 546.625674 419.963608 339.205774 289.781566 258.783191 195.768025 139.400037 102.078495 722.489605 602.351795 473.164852 404.533031 284.796325 414.887997
52.350000 nan 547.131812 420.357490 339.527967 290.059819 259.033849 195.962470 139.543992 102.188834 723.151375 602.907270 473.605906 404.913224 285.070142 415.277377
52.400000 nan 547.637921 420.751350 339.850143 290.338056 259.284494 196.156905 139.687940 102.299168 723.813108 603.462715 474.046935 405.293396 285.343944 415.666735
52.450000 nan 548.144002 421.145190 340.172302 290.616280 259.535125 196.351331 139.831882 102.409498 724.474804 604.018129 474.487941 405.673548 285.617732 416.056072
52.500000 nan 548.650055 421.539008 340.494444 290.894488 259.785745 196.545747 139.975817 102.519823 725.136462 604.573512 474.928923 406.053679 285.891506 416.445389
52.550000 nan 549.156081 421.932804 340.816569 291.172683 260.036351 196.740153 140.119746 102.630143 725.798084 605.128864 475.369881 406.433790 286.165265 416.834684
52.600000 nan 549.662078 422.326580 341.138676 291.450862 260.286944 196.934550 140.263668 102.740459 726.459669 605.684186 475.810814 406.813880 286.439010 417.223958
52.650000 nan 550.168048 422.720334 341.460767 291.729028 260.537525 197.128937 140.407583 102.850770 727.121217 606.239477 476.251724 407.193950 286.712742 417.613212
52.700000 nan 550.673990 423.114067 341.782841 292.007179 260.788092 197.323315 140.551492 102.961077 727.782728 606.794737 476.692610 407.573999 286.986459 418.002444
52.750000 nan 551.179905 423.507779 342.104898 292.285315 261.038647 197.517683 140.695394 103.071379 728.444203 607.349967 477.133472 407.954028 287.260161 418.391656
52.800000 nan 551.685791 423.901470 342.426938 292.563437 261.289189 197.712042 140.839289 103.181676 729.105641 607.905166 477.574310 408.334037 287.533850 418.780846
52.850000 nan 552.191651 424.295139 342.748961 292.841545 261.539719 197.906391 140.983178 103.291969 729.767042 608.460335 478.015124 408.714026 287.807525 419.170016
52.900000 nan 552.697482 424.688788 343.070967 293.119639 261.790235 198.100730 141.127061 103.402257 730.428406 609.015473 478.455914 409.093994 288.081185 419.559165
52.950000 nan 553.203286 425.082415 343.392956 293.397718 262.040739 198.295061 141.270937 103.512541 731.089734 609.570581 478.896681 409.473942 288.354832 419.948294
53.000000 nan 553.709062 425.476022 343.714928 293.675782 262.291230 198.489382 141.414806 103.622820 731.751025 610.125658 479.337424 409.853870 288.628464 420.337401
53.050000 nan 554.214811 425.869607 344.036883 293.953833 262.541709 198.683693 141.558669 103.733095 732.412279 610.680705 479.778143 410.233777 288.902082 420.726488
53.100000 nan 554.720533 426.263172 344.358822 294.231869 262.792175 198.877995 141.702526 103.843364 733.073497 611.235722 480.218838 410.613664 289.175687 421.115554
53.150000 nan 555.226227 426.656715 344.680744 294.509891 263.042628 199.072287 141.846376 103.953630 733.734679 611.790708 480.659510 410.993531 289.449277 421.504599
53.200000 nan 555.731893 427.050238 345.002649 294.787899 263.293068 199.266570 141.990219 104.063890 734.395824 612.345665 481.100158 411.373378 289.722853 421.893624
53.250000 nan 556.237532 427.443740 345.324537 295.065892 263.543496 199.460844 142.134056 104.174147 735.056933 612.900591 481.540782 411.753205 289.996415 422.282628
53.300000 nan 556.743144 427.837220 345.646408 295.343871 263.793911 199.655108 142.277886 104.284398 735.718006 613.455486 481.981383 412.133012 290.269964 422.671611
53.350000 nan 557.248729 428.230680 345.968263 295.621836 264.044314 199.849363 142.421710 104.394645 736.379043 614.010352 482.421960 412.512799 290.543498 423.060574
53.400000 nan 557.754286 428.624120 346.290101 295.899787 264.294704 200.043609 142.565528 104.504888 737.040043 614.565187 482.862514 412.892566 290.817019 423.449516
53.450000 nan 558.259816 429.017538 346.611923 296.177724 264.545081 200.237845 142.709339 104.615126 737.701007 615.119993 483.303044 413.272312 291.090525 423.838438
53.500000 nan 558.765319 429.410936 346.933727 296.455646 264.795446 200.432072 142.853143 104.725359 738.361935 615.674768 483.743551 413.652039 291.364018 424.227339
53.550000 nan 559.270795 429.804312 347.255515 296.733554 265.045798 200.626289 142.996941 104.835588 739.022827 616.229514 484.184034 414.031746 291.637496 424.616220
53.600000 nan 559.776243 430.197669 347.577287 297.011449 265.296138 200.820497 143.140733 104.945813 inf 616.784229 484.624494 414.411433 291.910961 425.005080
53.650000 nan 560.281665 430.591004 347.899041 297.289329 265.546465 201.014696 143.284518 105.056032 nan 617.338915 485.064931 414.791100 292.184412 425.393920
53.700000 nan 560.787059 430.984319 348.220780 297.567195 265.796779 201.208885 143.428297 105.166248 nan 617.893571 485.505344 415.170747 292.457849 425.782739
53.750000 nan 561.292427 431.377613 348.542501 297.845047 266.047081 201.403065 143.572069 105.276459 nan 618.448197 485.945733 415.550374 292.731273 426.171538
53.800000 nan 561.797767 431.770886 348.864206 298.122885 266.297371 201.597236 143.715835 105.386665 nan 619.002793 486.386100 415.929981 293.004682 426.560317
53.850000 nan 562.303080 432.164139 349.185895 298.400709 266.547648 201.791398 143.859595 105.496867 nan 619.557359 486.826443 416.309568 293.278078 426.949075
53.900000 nan 562.808367 432.557372 349.507567 298.678518 266.797913 201.985550 144.003348 105.607064 nan 620.111895 487.266763 416.689136 293.551460 427.337813
53.950000 nan 563.313626 432.950583 349.829222 298.956314 267.048165 202.179693 144.147094 105.717257 nan 620.666402 487.707060 417.068684 293.824829 427.726531
54.000000 nan 563.818859 433.343775 350.150862 299.234096 267.298405 202.373827 144.290835 105.827445 nan 621.220880 488.147333 417.448212 294.098183 428.115228
54.050000 nan 564.324065 433.736945 350.472484 299.511864 267.548633 202.567952 144.434568 105.937629 nan 621.775327 488.587584 417.827721 294.371524 428.503906
54.100000 nan 564.829244 434.130096 350.794090 299.789618 267.798848 202.762067 144.578296 106.047808 nan 622.329745 489.027811 418.207209 294.644851 428.892563
54.150000 nan 565.334396 434.523225 351.115680 300.067358 268.049050 202.956173 144.722017 106.157983 nan 622.884134 489.468015 418.586678 294.918164 429.281199
54.200000 nan 565.839522 434.916335 351.437254 300.345084 268.299241 203.150270 144.865732 106.268154 nan 623.438492 489.908196 418.966128 295.191464 429.669816
54.250000 nan 566.344621 435.309424 351.758811 300.622796 268.549419 203.344358 145.009440 106.378320 nan 623.992822 490.348354 419.345557 295.464750 430.058412
54.300000 nan 566.849693 435.702492 352.080351 300.900495 268.799584 203.538437 145.153142 106.488481 nan 624.547122 490.788489 419.724968 295.738023 430.446989
54.350000 nan 567.354738 436.095541 352.401876 301.178179 269.049737 203.732506 145.296838 106.598638 nan 625.101392 491.228601 420.104358 296.011282 430.835545
54.400000 nan 567.859757 436.488569 352.723384 301.455850 269.299878 203.926566 145.440528 106.708791 nan 625.655634 491.668690 420.483729 296.284527 431.224081
54.450000 nan 568.364749 436.881576 353.044875 301.733506 269.550007 204.120617 145.584211 106.818939 nan 626.209845 492.108756 420.863081 296.557759 431.612597
54.500000 nan 568.869715 437.274564 353.366351 302.011149 269.800123 204.314659 145.727887 106.929083 nan 626.764028 492.548800 421.242413 296.830977 432.001093
54.550000 nan 569.374654 437.667531 353.687810 302.288778 270.050228 204.508692 145.871558 107.039222 nan 627.318181 492.988820 421.621725 297.104181 432.389569
54.600000 nan 569.879567 438.060477 354.009253 302.566394 270.300319 204.702716 146.015222 107.149357 nan 627.872305 493.428817 422.001018 297.377372 432.778025
54.650000 nan 570.384453 438.453404 354.330680 302.843995 270.550399 204.896730 146.158880 107.259487 nan 628.426400 493.868792 422.380291 297.650549 433.166461
54.700000 nan 570.889313 438.846311 354.652090 303.121583 270.800466 205.090736 146.302531 107.369613 nan 628.980466 494.308744 422.759546 297.923713 433.554877
54.750000 nan 571.394147 439.239197 354.973484 303.399157 271.050522 205.284732 146.446176 107.479734 nan 629.534502 494.748673 423.138780 298.196864 433.943273
54.800000 nan 571.898954 439.632063 355.294863 303.676717 271.300565 205.478719 146.589815 107.589851 nan 630.088510 495.188579 423.517996 298.470001 434.331650
54.850000 nan 572.403734 440.024909 355.616225 303.954264 271.550595 205.672698 146.733448 107.699964 nan 630.642488 495.628462 423.897191 298.743124 434.720006
54.900000 nan 572.908489 440.417735 355.937571 304.231797 271.800614 205.866667 146.877074 107.810072 nan 631.196438 496.068323 424.276368 299.016234 435.108343
54.950000 nan 573.413217 440.810541 356.258900 304.509316 272.050621 206.060627 147.020695 107.920176 nan 631.750358 496.508161 424.655525 299.289331 435.496660
55.000000 nan 573.917919 441.203327 356.580214 304.786822 272.300615 206.254578 147.164308 108.030276 nan 632.304249 496.947977 425.034663 299.562414 435.884957
55.050000 nan 574.422595 441.596093 356.901512 305.064313 272.550597 206.448520 147.307916 108.140371 nan 632.858112 497.387770 425.413782 299.835484 436.273234
55.100000 nan 574.927244 441.988838 357.222793 305.341792 272.800567 206.642453 147.451517 108.250461 nan 633.411946 497.827540 425.792882 300.108540 436.661492
55.150000 nan 575.431868 442.381564 357.544059 305.619256 273.050525 206.836377 147.595113 108.360548 nan 633.965750 498.267288 426.171962 300.381583 437.049729
55.200000 nan 575.936465 442.774270 357.865308 305.896707 273.300471 207.030292 147.738701 108.470629 nan 634.519526 498.707013 426.551023 300.654613 437.437947
55.250000 nan 576.441036 443.166956 358.186542 306.174145 273.550405 207.224198 147.882284 108.580707 nan 635.073273 499.146716 426.930065 300.927629 437.826146
55.300000 nan 576.945582 443.559622 358.507759 306.451569 273.800327 207.418095 148.025861 108.690780 nan 635.626992 499.586396 427.309088 301.200632 438.214325
55.350000 nan 577.450101 443.952268 358.828961 306.728979 274.050236 207.611983 148.169431 108.800849 nan 636.180682 500.026053 427.688092 301.473622 438.602484
55.400000 nan 577.954594 444.344895 359.150147 307.006376 274.300134 207.805862 148.312995 108.910913 nan 636.734343 500.465689 428.067076 301.746598 438.990623
55.450000 nan 578.459061 444.737501 359.471316 307.283759 274.550020 207.999732 148.456553 109.020973 nan 637.287975 500.905302 428.446041 302.019561 439.378743
55.500000 nan 578.963503 445.130088 359.792470 307.561129 274.799893 208.193593 148.600104 109.131029 nan 637.841579 501.344892 428.824988 302.292511 439.766844
55.550000 nan 579.467918 445.522655 360.113608 307.838485 275.049755 208.387446 148.743650 109.241080 nan 638.395154 501.784460 429.203915 302.565448 440.154924
55.600000 nan 579.972308 445.915202 360.434730 308.115828 275.299605 208.581289 148.887189 109.351127 nan 638.948700 502.224006 429.582824 302.838371 440.542986
55.650000 nan 580.476671 446.307730 360.755837 308.393157 275.549443 208.775123 149.030722 109.461170 nan 639.502219 502.663530 429.961713 303.111281 440.931028
55.700000 nan 580.981009 446.700237 361.076927 308.670473 275.799268 208.968949 149.174249 109.571208 nan 640.055708 503.103031 430.340583 303.384178 441.319050
55.750000 nan 581.485322 447.092725 361.398002 308.947776 276.049082 209.162766 149.317770 109.681242 nan 640.609169 503.542510 430.719435 303.657062 441.707053
55.800000 nan 581.989608 447.485194 361.719060 309.225065 276.298884 209.356573 149.461285 109.791271 nan 641.162602 503.981967 431.098267 303.929932 442.095036
55.850000 nan 582.493869 447.877642 362.040103 309.502340 276.548674 209.550372 149.604793 109.901297 nan 641.716007 504.421401 431.477081 304.202789 442.483000
55.900000 nan 582.998104 448.270071 362.361131 309.779603 276.798452 209.744162 149.748296 110.011318 nan 642.269383 504.860814 431.855875 304.475634 442.870945
55.950000 nan 583.502313 448.662481 362.682142 310.056851 277.048218 209.937943 149.891792 110.121334 nan 642.822730 505.300204 432.234651 304.748465 443.258870
56.000000 nan 584.006497 449.054871 363.003138 310.334087 277.297973 210.131716 150.035282 110.231346 nan 643.376050 505.739572 432.613408 305.021283 443.646776
56.050000 nan 584.510655 449.447241 363.324118 310.611309 277.547715 210.325479 150.178766 110.341354 nan 643.929341 506.178918 432.992146 305.294088 444.034663
56.100000 nan 585.014788 449.839592 363.645083 310.888518 277.797446 210.519234 150.322244 110.451358 nan 644.482604 506.618242 433.370866 305.566879 444.422530
56.150000 nan 585.518895 450.231923 363.966031 311.165713 278.047165 210.712980 150.465716 110.561357 nan 645.035839 507.057544 433.749566 305.839658 444.810378
56.200000 nan 586.022976 450.624235 364.286965 311.442896 278.296872 210.906717 150.609181 110.671353 nan 645.589045 507.496824 434.128248 306.112424 445.198207
56.250000 nan 586.527032 451.016527 364.607882 311.720065 278.546567 211.100445 150.752641 110.781343 nan 646.142224 507.936082 434.506911 306.385176 445.586017
56.300000 nan 587.031063 451.408800 364.928784 311.997220 278.796250 211.294164 150.896094 110.891330 nan 646.695374 508.375318 434.885555 306.657916 445.973807
56.350000 nan 587.535068 451.801053 365.249670 312.274363 279.045922 211.487875 151.039542 111.001312 nan 647.248497 508.814532 435.264181 306.930642 446.361578
56.400000 nan 588.039048 452.193287 365.570541 312.551492 279.295582 211.681577 151.182983 111.111290 nan 647.801591 509.253724 435.642788 307.203356 446.749330
56.450000 nan 588.543002 452.585502 365.891396 312.828608 279.545230 211.875270 151.326418 111.221263 nan 648.354658 509.692894 436.021376 307.476057 447.137063
56.500000 nan 589.046931 452.977697 366.212235 313.105711 279.794866 212.068954 151.469847 111.331233 nan 648.907696 510.132043 436.399946 307.748744 447.524777
56.550000 nan 589.550835 453.369873 366.533060 313.382800 280.044491 212.262630 151.613270 111.441198 nan 649.460707 510.571169 436.778497 308.021419 447.912472
56.600000 nan 590.054714 453.762030 366.853868 313.659877 280.294104 212.456297 151.756688 111.551159 nan 650.013689 511.010274 437.157030 308.294080 448.300147
56.650000 nan 590.558567 454.154167 367.174661 313.936940 280.543705 212.649955 151.900099 111.661115 nan 650.566644 511.449357 437.535544 308.566729 448.687804
56.700000 nan 591.062395 454.546285 367.495439 314.213990 280.793295 212.843605 152.043504 111.771068 nan 651.119571 511.888418 437.914039 308.839365 449.075442
56.750000 nan 591.566198 454.938384 367.816201 314.491027 281.042873 213.037245 152.186903 111.881016 nan 651.672470 512.327457 438.292516 309.111988 449.463060
56.800000 nan 592.069976 455.330464 368.136947 314.768051 281.292439 213.230877 152.330295 111.990959 nan 652.225342 512.766475 438.670974 309.384598 449.850660
56.850000 nan 592.573729 455.722524 368.457679 315.045062 281.541993 213.424501 152.473682 112.100899 nan 652.778185 513.205471 439.049414 309.657195 450.238240
56.900000 nan 593.077456 456.114566 368.778395 315.322059 281.791536 213.618116 152.617063 112.210834 nan 653.331001 513.644445 439.427836 309.929780 450.625802
56.950000 nan 593.581159 456.506588 369.099095 315.599044 282.041068 213.811722 152.760438 112.320765 nan 653.883790 514.083398 439.806239 310.202351 451.013345
