web/models/kne/7/mosfit_kn_0.022361_0.0613_3.6500.dat
# %ECSV 1.0
# ---
# datatype:
# - {name: time, datatype: float64}
# - {name: PS1_g, datatype: float64}
# - {name: PS1_i, datatype: float64}
# - {name: PS1_r, datatype: float64}
# - {name: PS1_w, datatype: float64}
# - {name: PS1_y, datatype: float64}
# - {name: PS1_z, datatype: float64}
# - {name: swift_uvot_B, datatype: float64}
# - {name: swift_uvot_U, datatype: float64}
# - {name: swift_uvot_uvm2, datatype: float64}
# - {name: swift_uvot_uvw1, datatype: float64}
# - {name: swift_uvot_uvw2, datatype: float64}
# - {name: swift_uvot_V, datatype: float64}
# - {name: johnson_B, datatype: float64}
# - {name: johnson_I, datatype: float64}
# - {name: johnson_R, datatype: float64}
# - {name: johnson_U, datatype: float64}
# - {name: johnson_V, datatype: float64}
# - {name: sdss_g, datatype: float64}
# - {name: sdss_i, datatype: float64}
# - {name: sdss_r, datatype: float64}
# - {name: sdss_u, datatype: float64}
# - {name: sdss_z, datatype: float64}
# - {name: ATLAS_c, datatype: float64}
# - {name: ATLAS_o, datatype: float64}
# - {name: ukirt_H, datatype: float64}
# - {name: ukirt_J, datatype: float64}
# - {name: ukirt_K, datatype: float64}
# - {name: Clear, datatype: float64}
# meta: !!omap
# - comment: [kappa = 3.65, type = rprocess, mass = 0.022360679775100388, velocity = 0.061333333333333344, theta_obs = 0.0, tfloor = 1000.0]
# schema: astropy-2.0
time PS1_g PS1_i PS1_r PS1_w PS1_y PS1_z swift_uvot_B swift_uvot_U swift_uvot_uvm2 swift_uvot_uvw1 swift_uvot_uvw2 swift_uvot_V johnson_B johnson_I johnson_R johnson_U johnson_V sdss_g sdss_i sdss_r sdss_u sdss_z ATLAS_c ATLAS_o ukirt_H ukirt_J ukirt_K Clear
[from data line 373]
22.484969939879758 7.755488518747242 -1.126340294452035 2.348730483585797 0.38080667208182817 -4.649530342977304 -3.2318543781301656 11.29539509531173 17.95433919320665 31.842934497235806 13.919921725281199 16.43293823176085 5.715005211618027 10.09145777834554 -2.6798536008739857 0.2901791658510142 16.92333801395489 4.759982876449274 8.568028620061678 -1.0450843423390488 2.577219143082239 18.455444723381476 -3.8052819901521673 4.327807053328456 -0.12460547128133825 -9.598517720892799 -7.4490284254031085 -10.95880640136597 -1.905087371679528
22.54509018036072 7.760957406351441 -1.1208714068478365 2.3541993711899956 0.386275559686009 -4.644061455373105 -3.226385490525967 11.300863982915928 17.95980808081083 31.848403384840008 13.925390612885398 16.43840711936505 5.720474099222225 10.09692666594972 -2.674384713269787 0.29564805345519507 16.92880690155909 4.765451764053473 8.573497507665877 -1.0396154547348502 2.5826880306864375 18.460913610985656 -3.7998131025479687 4.333275940932637 -0.11913658367713964 -9.5930488332886 -7.44355953779891 -10.953337513761772 -1.8996184840753294
22.605210420841683 7.7663983340643306 -1.1154304791349468 2.3596402989028853 0.39171648739889875 -4.6386205276602155 -3.2209445628130773 11.306304910628818 17.96524900852372 31.853844312552898 13.930831540598287 16.44384804707794 5.725915026935115 10.102367593662628 -2.6689437855568974 0.30108898116810257 16.93424782927198 4.770892691766362 8.578938435378767 -1.0341745270219604 2.588128958399327 18.466354538698546 -3.794372174835079 4.338716868645527 -0.11369565596424991 -9.58760790557571 -7.43811861008602 -10.947896586048882 -1.8941775563624397
22.665330661322646 7.771811562498101 -1.1100172507011763 2.3650535273366735 0.39712971583268697 -4.633207299226427 -3.215531334379307 11.311718139062588 17.97066223695751 31.85925754098668 13.936244769032058 16.44926127551171 5.731328255368886 10.107780822096398 -2.663530557123127 0.306502209601873 16.939661057705766 4.7763059202001505 8.584351663812555 -1.02876129858819 2.5935421868330977 18.471767767132334 -3.7889589464013085 4.344130097079315 -0.10828242753047945 -9.582194677141922 -7.432705381652232 -10.942483357615112 -1.8887643279286692
22.725450901803605 7.777197307442378 -1.104631505756899 2.370439272280933 0.4025154607769643 -4.627821554282168 -3.2101455894350295 11.317103884006865 17.976047981901786 31.864643285930956 13.941630513976335 16.454647020455987 5.736714000313163 10.113166567040675 -2.6581448121788496 0.31188795454615037 16.945046802650026 4.78169166514441 8.589737408756832 -1.0233755536439126 2.598927931777375 18.47715351207661 -3.783573201457031 4.349515842023592 -0.1028966825862021 -9.576808932197663 -7.427319636707972 -10.937097612670835 -1.8833785829843919
22.785571142284567 7.782556085645105 -1.0992727275541725 2.3757980504836596 0.407874238979673 -4.622462776079441 -3.204786811232303 11.322462662209592 17.981406760104495 31.870002064133676 13.946989292179062 16.460005798658713 5.742072778515889 10.118525345243384 -2.652786033976123 0.31724673274885906 16.950405580852753 4.787050443347137 8.595096186959541 -1.0180167754411862 2.6042867099801015 18.48251229027932 -3.7782144232543047 4.354874620226301 -0.09753790438347565 -9.571450153994936 -7.421960858505246 -10.931738834468108 -1.8780198047816654
22.84569138276553 7.78788818263962 -1.0939406305596755 2.3811301474781743 0.41320633597418777 -4.6171306790849265 -3.199454714237806 11.327794759204089 17.98673885709901 31.875334161128183 13.952321389173576 16.465337895653228 5.747404875510404 10.123857442237899 -2.647453936981626 0.3225788297433738 16.955737677847267 4.792382540341651 8.600428283954056 -1.0126846784466714 2.6096188069746162 18.487844387273835 -3.77288232625979 4.360206717220816 -0.09220580738896089 -9.566118057000422 -7.416628761510731 -10.926406737473593 -1.8726877077871507
22.905811623246493 7.7931939808410355 -1.0886348323582418 2.3864359456795903 0.4185121341756215 -4.6118248808835105 -3.1941489160363723 11.333100557405523 17.992044655300443 31.880639959329603 13.957627187374992 16.470643693854644 5.75271067371182 10.129163240439333 -2.6421481387801924 0.32788462794480755 16.961043476048683 4.797688338543067 8.605734082155472 -1.0073788802452555 2.614924605176032 18.49315018547527 -3.767576528058374 4.36551251542225 -0.08690000918754492 -9.560812258799006 -7.411322963309315 -10.921100939272177 -1.8673819095857347
22.965931863727455 7.79847397194585 -1.0833548412534455 2.3917159367844043 0.42379212528041776 -4.6065448897786965 -3.188868924931576 11.338380548510319 17.99732464640524 31.88591995043441 13.962907178479789 16.47592368495944 5.757990664816634 10.134443231544129 -2.636868147675396 0.3331646190496038 16.966323467153497 4.802968329647881 8.611014073260286 -1.0020988891404414 2.6202045962808285 18.498430176580065 -3.76229653695356 4.370792506527046 -0.0816200180827309 -9.555532267694192 -7.406042972204501 -10.915820948167363 -1.8621019184809207
23.026052104208414 7.803728381331467 -1.07810043186781 2.39697034617004 0.42904653466605325 -4.601290480393061 -3.1836145155459405 11.343634957895954 18.002579055790875 31.891174359820045 13.968161587865424 16.481178094345076 5.76324507420227 10.139697640929764 -2.6316137382897606 0.3384190284352393 16.971577876539133 4.808222739033517 8.616268482645921 -0.9968444797548237 2.625459005666464 18.5036845859657 -3.757042127567942 4.376046915912681 -0.07636560869711317 -9.550277858308556 -7.400788562818866 -10.910566538781746 -1.8568475090952852
23.086172344689377 7.808957538560453 -1.0728712746388247 2.4021995033990073 0.4342756918950208 -4.596061323164093 -3.1783853583169552 11.34886411512494 18.007808213019842 31.89640351704902 13.97339074509441 16.48640725157406 5.768474231431237 10.14492679815875 -2.6263845810607753 0.3436481856642246 16.9768070337681 4.813451896262484 8.621497639874889 -0.9916153225258384 2.6306881628954493 18.508913743194668 -3.751812970338957 4.381276073141649 -0.07113645146812786 -9.545048701079589 -7.395559405589898 -10.90533738155276 -1.8516183518663176
23.14629258517034 7.814161739921595 -1.0676670732777005 2.4074037047601493 0.43947989325616277 -4.5908571218029515 -3.173181156955831 11.354068316486082 18.013012414380984 31.901607718410165 13.978594946455551 16.491611452935203 5.773678432792379 10.150130999519874 -2.6211803796996334 0.3488523870253488 16.982011235129242 4.818656097623626 8.62670184123603 -0.9864111211646964 2.6358923642565912 18.51411794455581 -3.746608768977815 4.386480274502791 -0.06593225010698589 -9.539844499718447 -7.390355204228756 -10.900133180191618 -1.8464141505051757
23.206412825651302 7.819341294081035 -1.0624875191182603 2.4125832589195895 0.4446594474156029 -4.585677567643511 -3.168001602796391 11.359247870645504 18.018191968540425 31.906787272569606 13.983774500614992 16.496791007094643 5.778857986951819 10.155310553679314 -2.616000825540193 0.354031941184789 16.987190789288682 4.8238356517830665 8.631881395395471 -0.9812315670052563 2.6410719184160314 18.51929749871525 -3.7414292148183748 4.391659828662231 -0.06075269594754573 -9.534664945559006 -7.385175650069316 -10.894953626032178 -1.8412345963457355
23.266533066132265 7.824496530572169 -1.0573322826271259 2.417738495410724 0.4498146839067374 -4.580522331152377 -3.1628463663052564 11.364403107136638 18.02334720503156 31.91194250906074 13.988929737106126 16.501946243585778 5.784013223442954 10.160465790170448 -2.6108455890490587 0.35918717767592345 16.992346025779817 4.828990888274201 8.637036631886605 -0.9760763305141218 2.646227154907166 18.524452735206385 -3.7362739783272403 4.3968150651533655 -0.05559745945641126 -9.529509709067872 -7.3800204135781815 -10.889798389541044 -1.836079359854601
23.326653306613224 7.829627874411322 -1.052200938787955 2.422869839249895 0.4549460277459083 -4.575390987313206 -3.1577150224660855 11.36953445097581 18.02847854887073 31.9170738528999 13.99406108094528 16.50707758742493 5.789144567282107 10.16559713400962 -2.6057142452099056 0.36431852151509436 16.997477369618988 4.834122232113372 8.642167975725776 -0.9709449866749686 2.651358498746319 18.529584079045556 -3.731142634488087 4.401946408992536 -0.05046611561725811 -9.524378365228701 -7.374889069739011 -10.88466704570189 -1.8309480160154479
23.386773547094187 7.834735614042092 -1.047093199157203 2.427977578880647 0.46005376737666026 -4.570283247682454 -3.1526072828353335 11.374642190606561 18.033586288501482 31.922181592530652 13.999168820576031 16.512185327055683 5.794252306912877 10.170704873640371 -2.6006065055791536 0.3694262611458463 17.00258510924974 4.839229971744124 8.647275715356528 -0.9658372470441989 2.656466238377071 18.534691818676308 -3.7260348948573174 4.407054148623288 -0.0453583759864884 -9.51927062559795 -7.369781330108259 -10.87955930607112 -1.8258402763846782
23.44689378757515 7.839820049439243 -1.042008763760034 2.433062014277816 0.46513820277382933 -4.565198812285285 -3.1475228474381645 11.37972662600373 18.03867072389865 31.927266027927818 14.0042532559732 16.51726976245285 5.799336742310046 10.17578930903754 -2.5955220701819846 0.3745106965430154 17.00766954464691 4.844314407141293 8.652360150753697 -0.9607528116470476 2.66155067377424 18.539776254073477 -3.720950459460166 4.412138584020457 -0.04027394058933709 -9.51418619020078 -7.36469689471109 -10.87447487067397 -1.820755840987509
23.507014028056112 7.844881325978363 -1.036947487220914 2.438123290816936 0.47019947931294936 -4.560137535746183 -3.1424615708990444 11.38478790254285 18.04373200043777 31.93232730446694 14.00931453251232 16.52233103899197 5.804398018849148 10.18085058557666 -2.5904607936428645 0.3795719730821354 17.01273082118603 4.849375683680413 8.657421427292817 -0.9556915351079276 2.66661195031336 18.544837530612597 -3.715889182921046 4.4171998605595775 -0.03521266405021706 -9.50912491366166 -7.3596356181719695 -10.86941359413485 -1.8156945644484068
23.567134268537075 7.849919835106345 -1.0319089780929325 2.4431617999449173 0.4752379884409308 -4.5550990266181834 -3.137423061771063 11.389826411670832 18.048770509565752 31.93736581359492 14.014353041640302 16.527369548119953 5.809436527977147 10.185889094704642 -2.585422284514883 0.38461048221011684 17.01776933031401 4.854414192808394 8.662459936420799 -0.9506530259799284 2.6716504594413415 18.549876039740578 -3.710850673793047 4.422238369687559 -0.03017415492223563 -9.504086404533679 -7.354597109043988 -10.86437508500685 -1.8106560553204076
23.627254509018034 7.854935846987523 -1.026892966211772 2.4481778118260777 0.4802540003220912 -4.550083014737023 -3.1324070498899026 11.394842423551992 18.053786521446913 31.94238182547608 14.019369053521462 16.532385560001114 5.814452539858308 10.190905106585802 -2.5804062726337227 0.38962649409127725 17.02278534219517 4.859430204689555 8.66747594830196 -0.945637014098768 2.676666471322502 18.55489205162174 -3.7058346619118865 4.427254381568719 -0.02515814304107522 -9.499070392652518 -7.349581097162828 -10.85935907312569 -1.8056400434392472
23.687374749498996 7.859929660225653 -1.0218991529736243 2.4531716250642077 0.48524781356023894 -4.545089201498893 -3.127413236651755 11.39983623679014 18.058780334685043 31.947375638714224 14.02436286675961 16.53737937323926 5.8194463530964375 10.19589891982395 -2.575412459395575 0.394620307329425 17.0277791554333 4.864424017927685 8.67246976154009 -0.940643200860638 2.6816602845606496 18.55988586485987 -3.7008408486737565 4.432248194806849 -0.020164329802927483 -9.494076579414388 -7.344587283924698 -10.85436525988756 -1.8006462302011172
23.74749498997996 7.8649016455010745 -1.0169271676982028 2.458143610339647 0.49021979883566047 -4.5401172162234715 -3.1224412513763333 11.404808222065562 18.063752319960482 31.95234762398965 14.029334852035031 16.542351358514683 5.824418338371859 10.200870905099372 -2.5704404741201534 0.3995922926048465 17.032751140708722 4.869396003203124 8.677441746815528 -0.9356712155852165 2.686632269836071 18.564857850135308 -3.695868863398335 4.437220180082289 -0.015192344527505952 -9.489104594138949 -7.339615298649276 -10.849393274612138 -1.7956742449256957
23.80761523046092 7.869851984068177 -1.0119768291311004 2.4630939489067494 0.49517013740276283 -4.535166877656369 -3.117490912809231 11.409758560632664 18.068702658527585 31.957297962556755 14.034285190602134 16.547301697081785 5.829368676938961 10.205821243666474 -2.565490135553051 0.4045426311719489 17.037701479275825 4.874346341770226 8.68239208538263 -0.9307208770181141 2.6915826084031735 18.56980818870241 -3.6909185248312326 4.442170518649391 -0.010242005960403588 -9.484154255571847 -7.334664960082156 -10.844442936045036 -1.7907239063585934
23.867735470941884 7.874780928779455 -1.0070478844198227 2.468022893618027 0.5000990821140405 -4.5302379329450915 -3.1125619680979533 11.414687505343942 18.073631603238862 31.96222690726803 14.039214135313411 16.552230641793063 5.834297621650239 10.210750188377752 -2.5605611908417734 0.4094715758832266 17.04263042398712 4.879275286481504 8.687321030093909 -0.9257919323068364 2.6965115531144512 18.574737133413688 -3.685989580119955 4.447099463360669 -0.005313061249125894 -9.479225310860569 -7.329736015370878 -10.839513991333758 -1.7857949616473157
23.927855711422843 7.879688766063442 -1.0021400471358355 2.4729307309019966 0.50500691939801 -4.525330095661104 -3.107654130813966 11.419595342627929 18.07853944052283 31.96713474455201 14.044121972597399 16.55713847907705 5.839205458934226 10.215658025661739 -2.555653353557786 0.41437941316721383 17.04753826127109 4.884183123765474 8.692228867377878 -0.9208840950228492 2.7014193903984385 18.579644970697657 -3.6810817428359677 4.452007300644638 -0.0004052239651386458 -9.4743174735766 -7.324828178086909 -10.834606154049771 -1.7808871243633284
23.987975951903806 7.88457571299336 -0.9972531002059348 2.477817677831915 0.5098938663279284 -4.520443148731186 -3.1027671838840654 11.42448228955783 18.08342638745275 31.97202169148193 14.049008919527317 16.56202542600697 5.844092405864145 10.22054497259164 -2.5507664066278677 0.4192663600971145 17.052425208201008 4.889070070695392 8.697115814307796 -0.9159971480929308 2.706306337328357 18.584531917627576 -3.6761947959060493 4.4568942475745565 0.004481722964779777 -9.469430526646681 -7.3199412311569905 -10.829719207119853 -1.77600017743341
24.04809619238477 7.889442056717044 -0.9923867564822508 2.482684021555599 0.5147602100516124 -4.515576805007502 -3.0979008401603814 11.429348633281514 18.088292731176434 31.9768880352056 14.053875263250983 16.566891769730635 5.848958749587829 10.225411316315324 -2.5459000629042015 0.4241327038207985 17.057291551924692 4.893936414419076 8.70198215803148 -0.9111308043692468 2.711172681052023 18.58939826135126 -3.6713284521823653 4.4617605912982405 0.009348066688463774 -9.464564182922997 -7.3150748874333065 -10.824852863396169 -1.771133833709726
24.10821643286573 7.894288078399949 -0.9875407347993459 2.487530043238504 0.5196062317345174 -4.510730783324597 -3.0930548184774764 11.434194654964418 18.09313875285934 31.981734056888516 14.058721284933906 16.571737791413558 5.853804771270734 10.230257337998228 -2.5410540412212788 0.4289787255037034 17.062137573607597 4.898782436101981 8.706828179714385 -0.9062847826863418 2.716018702734946 18.594244283034165 -3.6664824304994603 4.4666066129811455 0.014194088371368707 -9.459718161240092 -7.3102288657504015 -10.820006841713264 -1.766287812026821
