web/models/kne/7/mosfit_kn_0.002290_0.3120_0.5000.dat
# %ECSV 1.0
# ---
# datatype:
# - {name: time, datatype: float64}
# - {name: PS1_g, datatype: float64}
# - {name: PS1_i, datatype: float64}
# - {name: PS1_r, datatype: float64}
# - {name: PS1_w, datatype: float64}
# - {name: PS1_y, datatype: float64}
# - {name: PS1_z, datatype: float64}
# - {name: swift_uvot_B, datatype: float64}
# - {name: swift_uvot_U, datatype: float64}
# - {name: swift_uvot_uvm2, datatype: float64}
# - {name: swift_uvot_uvw1, datatype: float64}
# - {name: swift_uvot_uvw2, datatype: float64}
# - {name: swift_uvot_V, datatype: float64}
# - {name: johnson_B, datatype: float64}
# - {name: johnson_I, datatype: float64}
# - {name: johnson_R, datatype: float64}
# - {name: johnson_U, datatype: float64}
# - {name: johnson_V, datatype: float64}
# - {name: sdss_g, datatype: float64}
# - {name: sdss_i, datatype: float64}
# - {name: sdss_r, datatype: float64}
# - {name: sdss_u, datatype: float64}
# - {name: sdss_z, datatype: float64}
# - {name: ATLAS_c, datatype: float64}
# - {name: ATLAS_o, datatype: float64}
# - {name: ukirt_H, datatype: float64}
# - {name: ukirt_J, datatype: float64}
# - {name: ukirt_K, datatype: float64}
# - {name: Clear, datatype: float64}
# meta: !!omap
# - comment: [kappa = 0.5, type = rprocess, mass = 0.0022901433483143324, velocity = 0.312, theta_obs = 0.0, tfloor = 1000.0]
# schema: astropy-2.0
time PS1_g PS1_i PS1_r PS1_w PS1_y PS1_z swift_uvot_B swift_uvot_U swift_uvot_uvm2 swift_uvot_uvw1 swift_uvot_uvw2 swift_uvot_V johnson_B johnson_I johnson_R johnson_U johnson_V sdss_g sdss_i sdss_r sdss_u sdss_z ATLAS_c ATLAS_o ukirt_H ukirt_J ukirt_K Clear
[from data line 176]
10.64128256513026 12.112545666807257 3.2307168536079622 6.705787631645812 4.7378638201418255 -0.29247319491728874 1.1252027699298317 15.652452243371727 22.311396341266647 36.19999164529582 18.276978873341196 20.789995379820855 10.072062359678043 14.448514926405537 1.6772035471860116 4.647236313911011 21.280395162014898 9.117040024509288 12.925085768121694 3.3119728057209663 6.934276291142236 22.812501871441473 0.5517751579078478 8.684864201388454 4.232451676778677 -5.241460572832785 -3.0919712773430934 -6.601749253305956 2.451969776380487
10.701402805611222 12.13295120272269 3.251122389523413 6.726193167561245 4.758269356057276 -0.2720676590018556 1.1456083058452826 15.672857779287177 22.331801877182087 36.22039718121126 18.297384409256647 20.8104009157363 10.092467895593476 14.468920462320987 1.6976090831014625 4.667641849826462 21.300800697930338 9.137445560424721 12.945491304037127 3.3323783416363995 6.954681827057687 22.832907407356913 0.572180693823281 8.705269737303887 4.25285721269411 -5.221055036917352 -3.0715657414276607 -6.5813437173905225 2.4723753122959202
10.761523046092185 12.153300325184642 3.2714715119853643 6.746542290023196 4.778618478519228 -0.2517185365399044 1.1659574283072338 15.693206901749129 22.35215099964404 36.24074630367322 18.3177335317186 20.83075003819825 10.112817018055427 14.489269584782939 1.7179582055634137 4.687990972288413 21.3211498203923 9.157794682886673 12.965840426499096 3.3527274640983507 6.975030949519638 22.853256529818864 0.5925298162852322 8.725618859765856 4.273206335156061 -5.2007059144554 -3.0512166189657095 -6.560994594928571 2.4927244347578714
10.821643286573146 12.173593157943401 3.2917643447441236 6.766835122781956 4.798911311277987 -0.23142570378114513 1.186250261065993 15.713499734507888 22.3724438324028 36.26103913643197 18.338026364477358 20.85104287095701 10.133109850814186 14.509562417541698 1.738251038322173 4.708283805047173 21.341442653151056 9.178087515645432 12.986133259257855 3.37302029685711 6.995323782278398 22.873549362577627 0.6128226490439914 8.745911692524615 4.2934991679148204 -5.180413081696641 -3.0309237862069502 -6.540701762169812 2.5130172675166307
10.881763527054108 12.193829826143077 3.3120010129437993 6.787071790981649 4.819147979477663 -0.2111890355814694 1.2064869292656688 15.733736402707564 22.392680500602474 36.281275804631655 18.358263032677034 20.871279539156685 10.153346519013862 14.529799085741374 1.7584877065218487 4.728520473246848 21.361679321350735 9.198324183845125 13.00636992745753 3.3932569650567856 7.015560450478073 22.8937860307773 0.6330593172436672 8.76614836072429 4.313735836114496 -5.160176413496948 -3.0106871180072567 -6.520465093970136 2.5332539357163064
10.941883767535069 12.21401045266651 3.3321816394672155 6.807252417505065 4.839328606001079 -0.1910084090580355 1.226667555789085 15.75391702923098 22.4128611271259 36.301456431155074 18.37844365920045 20.89146016568011 10.173527145537296 14.54997971226479 1.7786683330452648 4.7487010997702646 21.381859947874158 9.218504810368541 13.026550553980947 3.4134375915802195 7.035741077001489 22.913966657300726 0.653239943767101 8.786328987247707 4.33391646263793 -5.1399957869735315 -2.9905064914838406 -6.500284467446702 2.5534345622397403
11.002004008016032 12.234135159747321 3.3523063465480263 6.827377124585876 4.8594533130818895 -0.1708837019772247 1.2467922628698958 15.77404173631179 22.43298583420671 36.32158113823589 18.39856836628128 20.911584872760923 10.193651852618107 14.5701044193456 1.7987930401260934 4.768825806851075 21.40198465495497 9.238629517449352 13.046675261061758 3.4335622986610304 7.055865784082318 22.934091364381537 0.6733646508479119 8.806453694328518 4.354041169718741 -5.119871079892721 -2.97038178440303 -6.480159760365892 2.573559269320551
11.062124248496994 12.254204072094161 3.372375258894884 6.847446036932716 4.879522225428747 -0.15081478963038464 1.2668611752167536 15.794110648658648 22.453054746553562 36.341650050582736 18.41863727862812 20.93165378510777 10.213720764964947 14.590173331692458 1.8188619524729335 4.788894719197933 21.422053567301816 9.258698429796192 13.066744173408615 3.4536312110078704 7.075934696429158 22.954160276728388 0.6934335631947519 8.826522606675375 4.374110082065581 -5.099802167545881 -2.9503128720561898 -6.4600908480190515 2.593628181667391
11.122244488977955 12.274217313128943 3.3923884999296483 6.867459277967498 4.899535466463512 -0.13080154859560267 1.2868744162515178 15.814123889693413 22.473067987588333 36.3616632916175 18.438650519662882 20.95166702614254 10.233734005999729 14.610186572727223 1.8388751935076977 4.808907960232697 21.442066808336584 9.278711670830974 13.08675741444338 3.4736444520426524 7.095947937463922 22.97417351776316 0.7134468042295339 8.84653584771014 4.394123323100363 -5.079788926511099 -2.930299631021408 -6.44007760698427 2.613641422702173
11.182364729458918 12.294174999908734 3.412346186709456 6.887416964747288 4.9194931532433195 -0.11084386181581252 1.3068321030313257 15.83408157647322 22.493025674368134 36.3816209783973 18.45860820644269 20.971624712922342 10.253691692779519 14.63014425950703 1.8588328802875056 4.828865647012505 21.46202449511638 9.298669357610764 13.10671510122317 3.4936021388224425 7.11590562424373 22.99413120454296 0.733404491009324 8.86649353448993 4.414081009880153 -5.0598312397313085 -2.9103419442416176 -6.420119920204479 2.6335991094819633
11.242484969939879 12.314077259178529 3.4322484459792513 6.907319224017083 4.9393954125131145 -0.09094160254601746 1.3267343623011207 15.853983835743016 22.512927933637926 36.40152323766711 18.478510465712485 20.991526972192137 10.273593952049314 14.650046518776826 1.8787351395573006 4.8487679062823 21.481926754386187 9.318571616880577 13.126617360492983 3.5135043980922376 7.135807883513525 23.01403346381275 0.7533067502791191 8.886395793759743 4.433983269149948 -5.0399289804615135 -2.8904396849718226 -6.400217660934684 2.6535013687517583
11.302605210420841 12.333924213775198 3.452095400575921 6.927166178613771 4.959242367109784 -0.07109464794934794 1.3465813168977903 15.873830790339685 22.5327748882346 36.42137019226378 18.498357420309155 21.011373926788806 10.293440906645984 14.669893473373495 1.8985820941539702 4.86861486087897 21.501773708982853 9.338418571477247 13.146464315089652 3.533351352688907 7.155654838110195 23.033880418409424 0.7731537048757886 8.906242748356412 4.453830223746618 -5.020082025864826 -2.8705927303751353 -6.380370706338015 2.673348323348428
11.362725450901802 12.353715985636402 3.471887172437107 6.946957950474957 4.97903413897097 -0.05130287608814399 1.3663730887589765 15.893622562200871 22.552566660095792 36.441161964124966 18.51814919217034 21.031165698650003 10.313232678507188 14.689685245234681 1.9183738660151564 4.888406632740156 21.52156548084405 9.358210343338433 13.166256086950838 3.553143124550111 7.175446609971381 23.053672190270618 0.7929454767369926 8.926034520217598 4.473621995607822 -5.00029025400364 -2.850800958513949 -6.360578934476811 2.693140095209632
11.422845691382765 12.373452695899712 3.4916238827004342 6.966694660738266 4.9987708492342975 -0.03156616582483451 1.3861097990223037 15.913359272464199 22.57230337035911 36.46089867438828 18.53788590243367 21.05090240891332 10.332969388770497 14.709421955498009 1.9381105762784836 4.908143343003483 21.54130219110737 9.377947053601742 13.185992797214148 3.5728798348134205 7.195183320234708 23.073408900533934 0.812682187000302 8.945771230480926 4.493358705871131 -4.9805535437403305 -2.8310642482506396 -6.340842224213501 2.7128768054729413
11.482965931863728 12.39313447415352 3.5113056609542426 6.986376438992075 5.018452627488088 -0.011884387571026167 1.405791577276112 15.933041050718007 22.59198514861292 36.480580452642094 18.557567680687477 21.070584187167128 10.352651167024305 14.729103733751817 1.957792354532292 4.927825121257292 21.560983969361168 9.39762883185555 13.205674575467956 3.592561613067229 7.2148650984885165 23.093090678787746 0.8323639652541104 8.965453008734716 4.513040484124939 -4.960871765486522 -2.8113824699968313 -6.321160445959693 2.7325585837267496
11.543086172344688 12.4127614395392 3.530932626339922 7.006003404377754 5.038079592873785 0.007742577814653373 1.4254185426617916 15.952668016103686 22.611612113998596 36.50020741802777 18.577194646073156 21.090211152552808 10.372278132409985 14.748730699137496 1.9774193199179715 4.947452086642971 21.580610934746858 9.41725579724123 13.225301540853636 3.6121885784529084 7.234492063874196 23.112717644173422 0.8519909306397899 8.985079974120413 4.532667449510619 -4.941244800100843 -2.7917555046111517 -6.3015334805740135 2.752185549112429
11.603206412825651 12.432333721039495 3.5505049078401996 7.025575685878049 5.057651874374063 0.027314859314948592 1.444990824162069 15.972240297603964 22.631184395498884 36.51977969952806 18.596766927573434 21.109783434053096 10.39185041391028 14.768302980637774 1.996991601418249 4.967024368143249 21.600183216247142 9.436828078741526 13.24487382235393 3.6317608599532036 7.2540643453744735 23.13228992567371 0.8715632121400851 9.004652255620691 4.552239731010914 -4.921672518600547 -2.7721832231108565 -6.281961199073718 2.7717578306127244
11.663326653306612 12.451851444311544 3.5700226311122663 7.045093409150116 5.0771695976461295 0.04683258258701528 1.4645085474341357 15.99175802087603 22.65070211877095 36.539297422800125 18.6162846508455 21.129301157325152 10.411368137182347 14.78782070390984 2.0165093246903156 4.986542091415315 21.6197009395192 9.456345802013592 13.264391545625998 3.6512785832252526 7.27358206864654 23.151807648945777 0.8910809354121341 9.024169978892758 4.571757454282963 -4.902154795328481 -2.75266549983879 -6.262443475801669 2.7912755538847733
11.723446893787575 12.471314734935124 3.5894859217358466 7.064556699773679 5.09663288826971 0.06629587321057784 1.483971838057716 16.01122131149961 22.67016540939452 36.5587607134237 18.63574794146908 21.148764447948732 10.43083142780591 14.807283994533421 2.035972615313896 5.006005382038896 21.639164230142782 9.475809092637173 13.283854836249578 3.670741873848833 7.2930453592701205 23.171270939569347 0.9105442260357144 9.043633269516338 4.591220744906543 -4.882691504704918 -2.7332022092152273 -6.242980185178089 2.8107388445083537
11.783567134268537 12.490723722652923 3.6088949094536282 7.083965687491478 5.1160418759874915 0.08570486092837726 1.5033808257754977 16.03063029921741 22.689574397112324 36.5781697011415 18.65515692918688 21.16817343566652 10.450240415523709 14.826692982251203 2.0553816030316954 5.025414369756677 21.65857321786057 9.495218080354954 13.30326382396736 3.6901508615666323 7.31245434698792 23.19067992728715 0.9299532137535138 9.06304225723412 4.610629732624343 -4.863282516987119 -2.713793221497428 -6.22357119746029 2.830147832226153
11.843687374749498 12.51007853526593 3.6282497220666343 7.103320500104484 5.135396688600498 0.10505967354138335 1.5227356383885038 16.0499851118304 22.70892920972532 36.59752451375449 18.67451174179987 21.18752824827953 10.469595228136715 14.846047794864209 2.0747364156446837 5.044769182369683 21.677928030473577 9.51457289296796 13.322618636580366 3.7095056741796384 7.331809159600908 23.210034739900145 0.9493080263665199 9.082397069847126 4.629984545237349 -4.843927704374113 -2.6944384088844218 -6.2042163848472835 2.849502644839159
11.90380761523046 12.529379307447961 3.6475504942486836 7.122621272286516 5.154697460782529 0.12436044572341487 1.542036410570553 16.069285884012448 22.72822998190736 36.616825285936535 18.693812513981918 21.20682902046157 10.488896000318746 14.865348567046258 2.094037187826733 5.064069954551733 21.69722880265561 9.533873665149992 13.341919408762397 3.72880644636167 7.351109931782958 23.229335512082187 0.9686087985485514 9.101697842029157 4.6492853174193804 -4.824626932192081 -2.6751376367023902 -6.184915612665252 2.8688034170211907
11.963927855711422 12.548626163138312 3.666797349939035 7.141868127976885 5.173944316472898 0.1436073014137662 1.5612832662609044 16.0885327397028 22.74747683759772 36.63607214162689 18.71305936967227 21.22607587615192 10.508142856009098 14.88459542273661 2.1132840435170843 5.083316810242084 21.71647565834597 9.553120520840361 13.361166264452766 3.7480533020520213 7.370356787473309 23.248582367772546 0.9878556542389028 9.120944697719526 4.668532173109732 -4.805380076501712 -2.655890781012021 -6.165668756974901 2.888050272711542
12.024048096192384 12.567819243412117 3.68599043021284 7.16106120825069 5.193137396746703 0.16280038168757116 1.5804763465347094 16.107725819976604 22.766669917871518 36.6552652219007 18.732252449946074 21.245268956425726 10.527335936282903 14.903788503010414 2.1324771237908893 5.102509890515889 21.735668738619772 9.572313601114166 13.380359344726571 3.767246382325826 7.389549867747114 23.267775448046343 1.0070487345127077 9.140137777993331 4.687725253383537 -4.786186996227907 -2.636697700738216 -6.146475676701096 2.907243352985347
12.084168336673347 12.586958674880595 3.7051298616813177 7.1802006397191676 5.212276828215181 0.181939813156049 1.5996157780031872 16.126865251445082 22.785809349339992 36.67440465336917 18.751391881414552 21.264408387894203 10.54647536775138 14.922927934478892 2.151616555259367 5.121649321984367 21.754808170088253 9.591453032582644 13.399498776195049 3.786385813794304 7.408689299215592 23.286914879514818 1.0261881659811856 9.15927720946181 4.706864684852015 -4.767047564759429 -2.617558269269756 -6.127336245232618 2.926382784453825
12.144288577154308 12.606044595675101 3.7242157824758237 7.199286560513656 5.231362749009687 0.201025733950555 1.6187016987976932 16.145951172239588 22.8048952701345 36.69349057416367 18.770477802209058 21.28349430868871 10.565561288545886 14.942013855273398 2.170702476053873 5.140735242778873 21.773894090882756 9.610538953377132 13.418584696989537 3.80547173458881 7.427775220010098 23.306000800309327 1.0452740867756916 9.178363130256315 4.725950605646521 -4.747961643964941 -2.59847234847525 -6.108250324438112 2.945468705248331
12.20440881763527 12.625077138115213 3.7432483249159176 7.218319102953767 5.250395291449781 0.22005827639066666 1.637734241237787 16.1649837146797 22.823927812574603 36.71252311660378 18.789510344649162 21.302526851128814 10.584593830985998 14.961046397713492 2.1897350184939848 5.159767785218967 21.79292663332286 9.629571495817244 13.437617239429649 3.8245042770289217 7.446807762450209 23.32503334274943 1.0643066292158032 9.197395672696409 4.744983148086632 -4.728929101524829 -2.5794398060351384 -6.089217781998 2.9645012476884425
12.264529058116231 12.644056442323315 3.7622276291240375 7.23729840716187 5.269374595657901 0.23903758059876878 1.656713545445907 16.183963018887802 22.842907116782712 36.73150242081189 18.80848964885727 21.321506155336923 10.6035731351941 14.980025701921612 2.208714322702087 5.178747089427087 21.811905937530973 9.648550800025363 13.456596543637769 3.843483581237024 7.4657870666583115 23.344012646957538 1.0832859334239053 9.216374976904529 4.763962452294734 -4.709949797316727 -2.5604605018270363 -6.070238477789898 2.9834805518965446
12.324649298597194 12.662982647366778 3.7811538341674833 7.256224612205333 5.288300800701347 0.2579637856422323 1.6756397504893528 16.202889223931248 22.86183332182617 36.75042862585535 18.827415853900728 21.34043236038038 10.622499340237564 14.998951906965058 2.2276405277455504 5.197673294470532 21.830832142574426 9.66747700506881 13.475522748681215 3.8624097862804874 7.484713271701775 23.362938852000994 1.1022121384673689 9.235301181947975 4.782888657338198 -4.691023592273264 -2.541534296783573 -6.051312272746435 3.002406756940008
