web/models/kne/7/mosfit_kn_0.177477_0.2180_10.0000.dat
# %ECSV 1.0
# ---
# datatype:
# - {name: time, datatype: float64}
# - {name: PS1_g, datatype: float64}
# - {name: PS1_i, datatype: float64}
# - {name: PS1_r, datatype: float64}
# - {name: PS1_w, datatype: float64}
# - {name: PS1_y, datatype: float64}
# - {name: PS1_z, datatype: float64}
# - {name: swift_uvot_B, datatype: float64}
# - {name: swift_uvot_U, datatype: float64}
# - {name: swift_uvot_uvm2, datatype: float64}
# - {name: swift_uvot_uvw1, datatype: float64}
# - {name: swift_uvot_uvw2, datatype: float64}
# - {name: swift_uvot_V, datatype: float64}
# - {name: johnson_B, datatype: float64}
# - {name: johnson_I, datatype: float64}
# - {name: johnson_R, datatype: float64}
# - {name: johnson_U, datatype: float64}
# - {name: johnson_V, datatype: float64}
# - {name: sdss_g, datatype: float64}
# - {name: sdss_i, datatype: float64}
# - {name: sdss_r, datatype: float64}
# - {name: sdss_u, datatype: float64}
# - {name: sdss_z, datatype: float64}
# - {name: ATLAS_c, datatype: float64}
# - {name: ATLAS_o, datatype: float64}
# - {name: ukirt_H, datatype: float64}
# - {name: ukirt_J, datatype: float64}
# - {name: ukirt_K, datatype: float64}
# - {name: Clear, datatype: float64}
# meta: !!omap
# - comment: [kappa = 10.0, type = rprocess, mass = 0.1774768329891343, velocity = 0.21800000000000003, theta_obs = 0.0, tfloor = 1000.0]
# schema: astropy-2.0
time PS1_g PS1_i PS1_r PS1_w PS1_y PS1_z swift_uvot_B swift_uvot_U swift_uvot_uvm2 swift_uvot_uvw1 swift_uvot_uvw2 swift_uvot_V johnson_B johnson_I johnson_R johnson_U johnson_V sdss_g sdss_i sdss_r sdss_u sdss_z ATLAS_c ATLAS_o ukirt_H ukirt_J ukirt_K Clear
[from data line 171]
10.34068136272545 -3.9263180348749316 -9.722196785833201 -7.473322812478642 -8.381679833159161 -11.901070922068282 -11.048341784399405 -1.6241026380540113 2.338253138300299 12.837738535161517 1.850537323455122 3.834036702892171 -5.410529571104477 -2.1803227174442914 -10.831032235242095 -8.620032060393036 1.7493011794881563 -5.836229690643006 -3.391110862847171 -9.670776191071226 -7.367176999001117 2.947423829079412 -11.34331044129583 -5.9734297245027435 -8.88407344546918 -14.687619039822511 -13.519718808983912 -15.340096967732586 -9.649783058877937
10.400801603206412 -3.8794919656744398 -9.694508129443573 -7.43795448353751 -8.352470366070346 -11.88172952452291 -11.025549777428214 -1.5696596262200757 2.4090820531379187 12.93241467170867 1.901577311683536 3.8870449601340487 -5.367346287618536 -2.1292091682925336 -10.806010474133167 -8.58946435939312 1.8176067546621222 -5.795613870639095 -3.342542615214885 -9.642883689132855 -7.331145362349805 3.0176259484389156 -11.321994472662471 -5.93486803483227 -8.854892322276555 -14.681449753072467 -13.50753778023339 -15.338211777590159 -9.626458000081115
10.460921843687375 -3.8325982222310095 -9.666747297767682 -7.402516655104012 -8.323197586221998 -11.862314376541452 -11.002683938435016 -1.515149206967702 2.4799795356593712 13.027103886550485 1.9526533771515102 3.9401100392366186 -5.324090859362063 -2.0780372139247345 -10.780917257280695 -8.558837551965556 1.8859792291445454 -5.754934279101211 -3.293907215302152 -9.614919235361263 -7.295042849498472 3.087897073250101 -11.30060736529467 -5.896242039684854 -8.825646906619706 -14.675208110113772 -13.495284095608627 -15.336255349155879 -9.60307453065667
10.521042084168336 -3.7855933080631132 -9.638885091508147 -7.366974395304773 -8.293831108267238 -11.842802501922485 -10.979718718059406 -1.4605222118290861 2.5510069878951924 13.121885609204003 2.003812317245544 3.99328015089791 -5.280722534397431 -2.0267601636622463 -10.75572537468614 -8.528120294736691 1.9544781040278525 -5.714152095103661 -3.245159868654799 -9.58685347968002 -7.258834037875115 3.1582981165558266 -11.279124678097467 -5.857514383907247 -8.796306861489462 -14.668880943297783 -13.482940113995328 -15.334217698147421 -9.579606647051104
10.581162324649299 -3.738538434775567 -9.610963297501343 -7.331377287870975 -8.264414186305409 -11.82322720082178 -10.956690926392785 -1.4058476068661385 2.622078787817941 13.21665038405953 2.054988891396033 4.046487931699204 -5.237298861270568 -1.9754435633397132 -10.730473898900154 -8.497357263976497 2.0230203100596778 -5.673322245437846 -3.1963635584199146 -9.558728416777384 -7.222569194191895 3.2287440710789816 -11.257581718828344 -5.818737841229407 -8.766915441983496 -14.662488136861334 -13.470531844681675 -15.332114336574366 -9.556091596421759
10.64128256513026 -3.6913959948348563 -9.582956698629701 -7.29569514833825 -8.234920571632145 -11.803568647833167 -10.933578508378456 -1.3510828708058675 2.6932480587024976 13.311466977429319 2.1062235777344367 4.099775080952167 -5.19378461294495 -1.924047039903311 -10.705139336741915 -8.4665213878482 2.091657320707021 -5.63241118024395 -3.1474795526866295 -9.530518699101318 -7.186217709014251 3.2992876339304544 -11.235957394352774 -5.779880123805903 -8.73744644380114 -14.65601836316235 -13.458044084804522 -15.329936694065916 -9.532506927296822
10.701402805611222 -3.6441662888782034 -9.5548657739411 -7.2599283881037024 -8.205350674742444 -11.783827386883061 -10.910381980988486 -1.2962282523494573 2.764514692945408 13.40633575510212 2.1575162840439437 4.153141451498939 -5.150180149243966 -1.8725708565523684 -10.679722188164071 -8.435613116207794 2.160388990961788 -5.591419289808816 -3.098508139328615 -9.50222480517878 -7.149779993459493 3.3699286711856047 -11.214252238868987 -5.740941573615785 -8.707900304236915 -14.649472254585142 -13.44547742918065 -15.327685424652662 -9.50885308674124
10.761523046092185 -3.596880408263825 -9.526711880693028 -7.224102271575674 -8.17572654466435 -11.76402051543878 -10.887120204919292 -1.2413187409901483 2.8358353381684687 13.501201651582285 2.20883404368518 4.206552931773416 -5.10651474557496 -1.8210482602207672 -10.654242445538149 -8.404655226916457 2.229173245814564 -5.550374520131009 -3.0494812989183373 -9.4738681967317 -7.113281660280304 3.440624128159886 -11.192484355613495 -5.701949025575441 -8.678299087023564 -14.642860159969931 -13.432845308340207 -15.325368673011022 -9.48514909178316
10.821643286573146 -3.549464031274834 -9.498444880144579 -7.188156966374795 -8.145996133496052 -11.744108432811178 -10.863749217302807 -1.1862703969970412 2.9073146677811224 13.596199339615286 2.260256431049506 4.260091675340721 -5.062718680373746 -1.7693995788473453 -10.628653346792813 -8.373594038387726 2.298111538211287 -5.50921047159697 -3.000322512666145 -9.445398480221954 -7.076662032814216 3.5114778678732073 -11.17061167452201 -5.662838607304916 -8.648590798668465 -14.636159124539954 -13.42011717577975 -15.322968896326293 -9.461350361643408
10.881763527054108 -3.5020012824210234 -9.470122090385331 -7.152160542986241 -8.116218755846578 -11.724136748771183 -10.84031947487512 -1.1311780470154809 2.978834842871656 13.691178307426718 2.311693874922423 4.313665076265863 -5.018871034677333 -1.717714864524446 -10.603008457598328 -8.342490778822402 2.3670895724916785 -5.468002548295396 -2.9511183476885705 -9.416873258907756 -7.039990131219653 3.5823729071112353 -11.148682558791148 -5.623682781833015 -8.618834748022692 -14.62939623144727 -13.407328569546538 -15.320507138909976 -9.437507890271473
10.941883767535069 -3.4544554220132895 -9.441718852425467 -7.116083501751387 -8.0863687736095 -11.704086062489445 -10.81680940009866 -1.0760001556532928 3.0504477507308003 13.786205555475238 2.3631858175306424 4.3673138284418265 -4.974937378878377 -1.6659547059402195 -10.57728480395226 -8.311319018417056 2.4361576204014557 -5.426717983771831 -2.901830968472332 -9.388267747207575 -7.003236036933078 3.653360718521217 -11.126676378388645 -5.584450012691047 -8.589005336164828 -14.622560379266641 -13.39446460441456 -15.317974994235824 -9.413599761394202
11.002004008016032 -3.4067982338572023 -9.41321627867362 -7.079903219660171 -8.056426547044051 -11.683941544456022 -10.79320248210868 -1.0207048049552114 3.122193309636021 13.881332640289635 2.414762541732625 4.4210692032441266 -4.930891279589027 -1.6140888399800029 -10.551464801052656 -8.280058525030764 2.5053543452043203 -5.385331647625013 -2.8524313136897206 -9.359562960444556 -6.9663768019646 3.7244808960383935 -11.104577360799883 -5.545116103550551 -8.55908295743447 -14.615643147972023 -13.3815139394542 -15.31536612310841 -9.389609217083823
11.062124248496994 -3.3590774791857214 -9.38464701873448 -7.043658407194027 -8.026425811140125 -11.663729238032019 -10.769527500682923 -0.9653458000972137 3.1940047252585835 13.97647457229153 2.4663733498243627 4.474878711759157 -4.886777673103205 -1.5621683510416455 -10.52557897853519 -8.248744122848219 2.574614949760743 -5.343886385638894 -2.8029685227332557 -9.33079170915434 -6.929451678082703 3.7956671190711333 -11.082413100255444 -5.505722215833391 -8.529101355184281 -14.608660113472014 -13.36849692781536 -15.31269268519887 -9.365565280410184
11.122244488977955 -3.3112662130030124 -9.355993039645778 -7.007327462821955 -7.996347812897913 -11.64343498674052 -10.745768693214615 -0.9098926601665902 3.265920120981587 14.071680607179392 2.518047165766291 4.528772218212392 -4.8425713184883294 -1.5101643383799728 -10.499610547924735 -8.217356494019647 2.6439763580646125 -5.3023582019617495 -2.753414843363533 -9.301935867683984 -6.892438753542365 3.8669572005115604 -11.06016853973907 -5.466245243865586 -8.499041809318992 -14.601603241588952 -13.35540274534578 -15.309948633682191 -9.341451950990756
11.182364729458918 -3.263354593570451 -9.327247904850005 -6.970902589429322 -7.966185816689482 -11.623053827903966 -10.721920485575662 -0.8543342021968947 3.3379535969705465 14.166969216821187 2.5697946579510504 4.582760721705018 -4.798263036978548 -1.4580662213048472 -10.473553547045189 -8.185888720277259 2.71345220172331 -5.260738405857166 -2.70376012767386 -9.272988965080593 -6.855330114971121 3.938365110005808 -11.037838379819043 -5.426676796717853 -8.46889761046615 -14.594469892878957 -13.342227695792007 -15.307132079569444 -9.317263539996485
11.242484969939879 -3.2153780736403803 -9.298435908069198 -6.9344125553959834 -7.935964890777445 -11.602605173495295 -10.69800431315203 -0.798710348819639 3.4100556266047732 14.2622775967256 2.6215782967873307 4.636805311204753 -4.753886207536156 -1.4059118910721617 -10.447430700796165 -8.154366676979638 2.7829944301982823 -5.219058817425421 -2.6540408467218946 -9.243975413905066 -6.8181549347057135 4.009841665869889 -11.015443175721611 -5.387047436250345 -8.438693839551448 -14.58727173426796 -13.328986980745581 -15.304252159276055 -9.293021620762651
11.302605210420841 -3.1672844546953804 -9.26952186363632 -6.897815362807318 -7.905648552239786 -11.582061250272826 -10.673989328932905 -0.7429621298515088 3.482299798335582 14.35770017818951 2.673453803130777 4.6909636466258995 -4.709391849746656 -1.3536454450242135 -10.42120920759044 -8.122752774550676 2.8526743455161063 -5.177272861126913 -2.604203258413431 -9.214859851018211 -6.780870611816301 4.081459882150824 -10.992953435717663 -5.347312342963466 -8.408394051277401 -14.57999272539771 -13.315659212012816 -15.301296649599736 -9.268695003903016
11.362725450901802 -3.11911639367338 -9.240534948125756 -6.8611455922749975 -7.875266919192612 -11.561445340074492 -10.649901258574115 -0.6871375988745954 3.55462645581218 14.45316124456173 2.7253759959681294 4.745188879413483 -4.664820112398005 -1.3013124796371083 -10.394916348757157 -8.091078092192358 2.922434079022753 -5.135418795019359 -2.5542912489953373 -9.185671596135965 -6.7435122146833315 4.15316052341403 -10.970393819371083 -5.3075082695419695 -8.378028374013908 -14.572646796229838 -13.302262586703415 -15.298276426077864 -9.244309585202934
11.422845691382765 -3.070912270199777 -9.211501438962788 -6.824434370687893 -7.844847089973701 -11.540778426600546 -10.625763282287615 -0.6312799852649242 3.626981939465672 14.548592863288953 2.777304316187035 4.7994388938114305 -4.620207133995511 -1.2489539922645003 -10.368576696583968 -8.059370583332967 2.9922215811755737 -5.093531037590908 -2.5043443016504874 -9.15643705482653 -6.706111312382905 4.224890306190687 -10.947786542276177 -5.267668279618896 -8.347623918748841 -14.56524652150346 -13.288813515717413 -15.29520131492873 -9.21988865536246
11.482965931863728 -3.0225803852767363 -9.182359325795844 -6.787607800803848 -7.8143248590944125 -11.520011444705602 -10.601520964084301 -0.5752857545568191 3.699495321498496 14.644160105306 2.829336380101655 4.853814825042338 -4.5754668004251835 -1.1964718512873633 -10.342132409002122 -8.027564093384633 3.0621619344313866 -5.051527702177212 -2.4542680218004165 -9.127093906785362 -6.66859294533273 4.296777314905782 -10.925079542954244 -5.227713595286527 -8.317116525376242 -14.557763350788358 -13.275274097557402 -15.29204944728386 -9.195377283053592
11.543086172344688 -2.974180257590344 -9.153149224625885 -6.750714072063992 -7.783742160544929 -11.499176749030209 -10.577210085870785 -0.5192219891488847 3.772083239710078 14.739757124133238 2.881409149797563 4.908251266046474 -4.530655113227547 -1.1439296713520302 -10.315621442064586 -7.995701869863024 3.132174296312751 -5.009462108833895 -2.4041236500197805 -9.097682967581182 -6.631005988962659 4.368738785661375 -10.902307097549553 -5.1876954554646915 -8.286548134042775 -14.550216526429336 -13.261669555324785 -15.288835783991422 -9.17081147037793
11.603206412825651 -2.925694279799309 -9.123859402437748 -6.713739102327132 -7.753086792251285 -11.47826515876309 -10.552820407441548 -0.463068752864163 3.844770675803435 14.83541621681725 2.933541509902309 4.9627677439530835 -4.485755587364236 -1.0913085763411916 -10.28903288522412 -7.963771362145853 3.2022828479349097 -4.967318618391247 -2.353893048443947 -9.068192444055292 -6.59333615492816 4.440799489866247 -10.879459440226995 -5.147598786156191 -8.255906568057299 -14.54260090420451 -13.247992906870694 -15.285556490520198 -9.146180840154159
11.663326653306612 -2.8770897009636442 -9.094467839360245 -6.676656579643794 -7.722335932075328 -11.457259326293325 -10.52833264051344 -0.40678902407882517 3.917603887744665 14.931196698091181 2.985768366566877 5.017400441635203 -4.440737496504153 -1.038573513353182 -10.262346226554843 -7.931749084107332 3.272532390283096 -4.925068062128141 -2.3035424944934846 -9.038600205734788 -6.555556747015778 4.513005316593919 -10.856518152178865 -5.1073954999176685 -8.225169033032174 -14.534906543395499 -13.234230837763812 -15.282204035898344 -9.121465928997505
11.723446893787575 -2.8284132777170257 -9.065006486011509 -6.639504385200006 -7.69152253712404 -11.436184728658692 -10.503774949271047 -0.3504354898354222 3.9905174237367014 15.027015663079194 3.0380402966833846 5.072098019107646 -4.3956448540910324 -0.9857744288840069 -10.235591329690578 -7.899669019454934 3.342859448164901 -4.882752334709967 -2.2531200938798257 -9.008938359412255 -6.517706188093477 4.585291279118007 -10.833510212299604 -5.06712585151071 -8.194368495701418 -14.527148635986807 -13.220403230777594 -15.278790251284436 -9.096695031523883
11.783567134268537 -2.7796336258554 -9.035454243236636 -6.602257306581443 -7.660624741154809 -11.415024744479556 -10.479128852115185 -0.2939726727450342 4.063555615060608 15.12292995104415 3.090390743011611 5.126895147113576 -4.350448215863179 -0.9328777357123601 -10.208748541171275 -7.867508668563386 3.413306954974924 -4.840343488903007 -2.2025935313717504 -8.979185700073504 -6.479758897099117 4.657701354531945 -10.810417973876163 -5.026762927425263 -8.163483116478556 -14.519317660375924 -13.206497330689631 -15.275307924909727 -9.071849502711995
11.843687374749498 -2.7307368769380425 -9.005801896878634 -6.564904271358607 -7.629632969701543 -11.393772179952126 -10.454386314582589 -0.23738485920431812 4.136738183061581 15.218965018505553 3.1428345404429874 5.181807204533758 -4.3051345987750205 -0.8798685819022583 -10.181809301213331 -7.8352582012418575 3.4838939886146814 -4.797829237661728 -2.1519485194081867 -8.949332966742816 -6.4417036356522495 4.730255093787363 -10.787233787575339 -4.986294872942132 -8.132503342874529 -14.511409625661729 -13.192507689679347 -15.271754105217122 -9.046921226958222
11.90380761523046 -2.681780690953879 -8.976088798244213 -6.527491960407623 -7.598587806214585 -11.372458383853594 -10.429582009744589 -0.18073704205609714 4.209984337327928 15.315018579265317 3.195310784663548 5.236770869305719 -4.2597582751778456 -0.8268085439663724 -10.154810377110739 -7.802959442568079 3.554542214488492 -4.755261201478029 -2.101244384779495 -8.919419702844724 -6.403587757758462 4.802872286635367 -10.76399084956467 -4.9457713008273885 -8.101469766074185 -14.503443157515344 -13.178458734229606 -15.268143260298837 -9.021945006647556
11.963927855711422 -2.632719047948715 -8.946283898037812 -6.48998333763517 -7.5674571212825725 -11.351058830214669 -10.404688700292652 -0.12397723338110395 4.283358967872779 15.411173524941809 3.247868370869629 5.291836896710308 -4.214276032169011 -0.7736484109633006 -10.127722827983156 -7.770579330211079 3.6253144887305733 -4.712598361162123 -2.050433751163787 -8.889414704778797 -6.365373685390185 4.875617315824421 -10.740663142103166 -4.905152722117023 -8.07035028465215 -14.4954040856223 -13.164331577148028 -15.264464592959664 -8.996893419986751
