web/models/kne/7/mosfit_kn_0.001862_0.4530_10.0000.dat
# %ECSV 1.0
# ---
# datatype:
# - {name: time, datatype: float64}
# - {name: PS1_g, datatype: float64}
# - {name: PS1_i, datatype: float64}
# - {name: PS1_r, datatype: float64}
# - {name: PS1_w, datatype: float64}
# - {name: PS1_y, datatype: float64}
# - {name: PS1_z, datatype: float64}
# - {name: swift_uvot_B, datatype: float64}
# - {name: swift_uvot_U, datatype: float64}
# - {name: swift_uvot_uvm2, datatype: float64}
# - {name: swift_uvot_uvw1, datatype: float64}
# - {name: swift_uvot_uvw2, datatype: float64}
# - {name: swift_uvot_V, datatype: float64}
# - {name: johnson_B, datatype: float64}
# - {name: johnson_I, datatype: float64}
# - {name: johnson_R, datatype: float64}
# - {name: johnson_U, datatype: float64}
# - {name: johnson_V, datatype: float64}
# - {name: sdss_g, datatype: float64}
# - {name: sdss_i, datatype: float64}
# - {name: sdss_r, datatype: float64}
# - {name: sdss_u, datatype: float64}
# - {name: sdss_z, datatype: float64}
# - {name: ATLAS_c, datatype: float64}
# - {name: ATLAS_o, datatype: float64}
# - {name: ukirt_H, datatype: float64}
# - {name: ukirt_J, datatype: float64}
# - {name: ukirt_K, datatype: float64}
# - {name: Clear, datatype: float64}
# meta: !!omap
# - comment: [kappa = 10.0, type = rprocess, mass = 0.001861645566637777, velocity = 0.45299999999999996, theta_obs = 0.0, tfloor = 1000.0]
# schema: astropy-2.0
time PS1_g PS1_i PS1_r PS1_w PS1_y PS1_z swift_uvot_B swift_uvot_U swift_uvot_uvm2 swift_uvot_uvw1 swift_uvot_uvw2 swift_uvot_V johnson_B johnson_I johnson_R johnson_U johnson_V sdss_g sdss_i sdss_r sdss_u sdss_z ATLAS_c ATLAS_o ukirt_H ukirt_J ukirt_K Clear
[from data line 29]
1.8036072144288577 1.2126730981021083 -5.525545100245708 -2.8996064391281706 -4.119220122174667 -8.11567592884094 -7.092074638561758 3.8914171290320434 8.666310938025763 20.286089404867983 7.163907435257606 9.267894661735042 -0.4471032576192549 3.1600357211065915 -6.767216854000796 -4.296144969961227 7.950202265934266 -1.0099182633203772 1.833470376280406 -5.464318989046948 -2.7591020618840467 9.244601537810961 -7.4633728409390265 -1.2470184950982066 -4.622296295544466 -11.555523291330301 -10.089901001752038 -12.42113671730319 -5.684162309179737
1.8637274549098195 2.060719949381422 -4.971551293240459 -2.2284256697085603 -3.5479694361412406 -7.689996733800459 -6.612723615397869 4.857398805215664 9.888056375797163 21.837925526269014 8.054192560929021 10.204660218089515 0.3474973151705704 4.066912169877522 -6.255263335807096 -3.708378333841609 9.130951833706032 -0.26257066777457294 2.708109445784057 -4.907374785002716 -2.076560260166822 10.456524571063142 -7.009383693652289 -0.5297290127630916 -4.051153751849341 -11.335342666878335 -9.776273004295655 -12.268203449050697 -5.208301445143562
1.9238476953907815 2.9482421168066786 -4.389567955955833 -1.524922146448251 -2.9494228210766416 -7.241271461694012 -6.108080267833849 5.867592206788616 11.165013314094523 23.449949651094514 8.98042757756178 11.183032340116142 1.180013584707342 5.0136089422987205 -5.7172329947719644 -3.0941774204646793 10.3645971151625 0.5186084332964593 3.6231835876016305 -4.32238820032806 -1.360973182533165 11.723084677961015 -6.531881506880488 0.22110327002353714 -3.4527530198766243 -11.100790137310417 -9.444437793171916 -12.10380152604065 -4.710147334336945
1.9839679358717435 3.876449541701046 -3.7788345419656366 -0.7881834319915626 -2.322803326247751 -6.76889736103055 -5.577456531159477 6.923355791361442 12.498981920706864 25.124638273148715 9.943823696350531 12.204347277858801 2.051554623370701 6.0012490984912645 -5.152446341728797 -2.452983979586752 11.65276848196039 1.3344064652217316 4.5799215986054165 -3.708605731548058 -0.6114047702776126 13.04599471355008 -6.030316554112591 1.0064921819201267 -2.826354656852832 -10.851557582551512 -9.09396844722554 -11.927707235604801 -4.189154694377439
2.0440881763527052 4.84614095133912 -3.138871401130956 -0.017628836678387216 -1.6676176946048393 -6.272493657826672 -5.020410042431891 8.025582197779578 13.891177085253048 26.863806710482518 10.94520136366599 13.269487392354616 2.9628358892352287 7.030519753287866 -4.560486153071902 -1.7845340189433336 12.99652377609143 2.1852269930047035 5.579126156219338 -3.065557236263672 0.1727415771125429 14.426381079538082 -5.504381454655469 1.8271020023633078 -2.1714994478457683 -10.58746236070787 -8.72460725616486 -11.739789785445963 -3.645021337764689
2.1042084168336674 5.857937753859499 -2.4693212792277563 0.7871798396063312 -0.9834924152460189 -5.7517767468826975 -4.436605481158953 9.174962712967705 15.342556934088094 28.669006798445377 11.985239489178028 14.37914137263586 3.9143992518609556 8.101924291377443 -3.941049480840962 -1.0886855486602378 14.396667638519592 3.0713011932077476 6.621414359423294 -2.3928966119004613 0.9919147487888758 15.865110303833205 -4.953878353576329 2.683448244931217 -1.4878440393630754 -10.308374578259032 -8.336168970418496 -11.539955887742364 -3.0775473815588583
2.164328657314629 6.912275342354253 -1.7699554622159575 1.6265317954658975 -0.2701794504378263 -5.206566199374194 -3.8258208729821064 10.371977996710331 16.853810181101583 30.54149437079256 13.06446731536239 15.53379753265142 4.906604928271576 9.215776084305368 -3.2939532165250816 -0.365420380588948 15.853740627253899 3.9926839267658236 7.707208653537485 -1.6904078710028791 1.8464090215689843 17.362777174848887 -4.378724242218119 3.575890239494637 -0.7751663044165014 -10.014220987281098 -7.928545318832983 -11.328153290979317 -2.4866390268499394
2.224448897795591 7.557630937152648 -1.3241978760466289 2.150872901991203 0.1829490904872344 -4.847387924571898 -3.4297119597247594 11.097537513717135 17.756481611612056 31.645076915641216 13.722064143686605 16.235080650166257 5.517147630023433 9.893600196750945 -2.8777111824685795 0.09232158425642045 16.725480432360296 4.56212529485468 8.370171038467085 -1.2429419239336426 2.379361561487645 18.257587141786882 -4.003139571746761 4.1299494717338625 -0.322463052875932 -9.796375302487393 -7.646886006997702 -11.156663982960564 -2.102944953274122
2.284569138276553 7.6699968604667745 -1.2118319527325028 2.263238825305347 0.2953150138013605 -4.735022001257754 -3.3173460364106333 11.209903437031262 17.868847534926182 31.757442838955352 13.834430067000731 16.347446573480383 5.629513553337577 10.005966120065072 -2.7653452591544534 0.20468750757054655 16.83784635567444 4.674491218168824 8.482536961781229 -1.1305760006194987 2.491727484801771 18.369953065101008 -3.890773648432617 4.242315395047989 -0.21009712956180593 -9.684009379173249 -7.534520083683558 -11.04429805964642 -1.990579029959978
2.344689378757515 7.78316554755774 -1.0986632656415551 2.3764075123962947 0.4084837008923081 -4.621853314166806 -3.2041773493196857 11.323072124122227 17.98201622201713 31.870611526046307 13.947598754091697 16.46061526057135 5.7426822404285245 10.11913480715602 -2.652176572063488 0.3178561946614942 16.951015042765388 4.787659905259772 8.595705648872176 -1.017407313528551 2.6048961718927366 18.483121752191956 -3.7776049613416696 4.355484082138936 -0.09692844247084054 -9.570840692082301 -7.421351396592611 -10.931129372555473 -1.8774103428690303
2.4048096192384767 7.8968315573589365 -0.9849972558403408 2.490073522197509 0.5221497106935225 -4.5081873043656095 -3.0905113395184713 11.436738133923424 18.095682231818344 31.984277535847514 14.061264763892893 16.574281270372545 5.856348250229721 10.232800816957234 -2.5385105622622914 0.4315222044627085 17.064681052566602 4.901325915060986 8.70937165867339 -0.9037413037273545 2.718562181693933 18.59678776199317 -3.663938951540473 4.469150091940151 0.01673756733035603 -9.457174682281087 -7.3076853867913965 -10.817463362754276 -1.7637443330678337
2.464929859719439 8.010645360404354 -0.8711834527949414 2.6038873252429084 0.6359635137389219 -4.394373501320192 -2.976697536473072 11.55055193696884 18.209496034863744 32.09809133889292 14.17507856693831 16.688095073417962 5.970162053275138 10.346614620002633 -2.424696759216874 0.545336007508108 17.178494855612 5.0151397181063855 8.82318546171879 -0.7899275006819373 2.8323759847393504 18.71060156503857 -3.550125148495056 4.58296389498555 0.13055137037577325 -9.343360879235687 -7.193871583745997 -10.70364955970886 -1.6499305300224165
2.5250501002004007 8.124239248597735 -0.7575895646015418 2.717481213436308 0.7495574019323215 -4.280779613126793 -2.8631036482796723 11.664145825162223 18.323089923057143 32.21168522708631 14.288672455131692 16.801688961611344 6.083755941468538 10.460208508196033 -2.3111028710234924 0.6589298957015075 17.2920887438054 5.128733606299785 8.93677934991219 -0.6763336124885377 2.945969872932732 18.82419545323197 -3.4365312603016562 4.69655778317895 0.24414525856915503 -9.229766991042288 -7.0802776955525975 -10.59005567151546 -1.536336641829017
2.5851703406813624 8.237284896234733 -0.6445439169645617 2.830526861073288 0.8626030495693016 -4.167733965489813 -2.7500580006426922 11.777191472799203 18.436135570694123 32.32473087472329 14.401718102768672 16.914734609248324 6.196801589105518 10.573254155833013 -2.1980572233865123 0.7719755433384876 17.40513439144238 5.241779253936765 9.04982499754917 -0.5632879648515576 3.0590155205697123 18.93724110086895 -3.323485612664676 4.80960343081593 0.35719090620613514 -9.116721343405308 -6.967232047915617 -10.47701002387848 -1.4232909941920369
2.6452905811623246 8.349432146089057 -0.5323966671102376 2.942674110927612 0.9747502994236257 -4.055586715635489 -2.637910750788368 11.889338722653527 18.548282820548447 32.43687812457762 14.513865352622997 17.026881859102648 6.308948838959842 10.685401405687337 -2.085909973532188 0.8841227931928117 17.517281641296705 5.353926503791089 9.161972247403494 -0.4511407149972335 3.1711627704240364 19.049388350723273 -3.211338362810352 4.921750680670254 0.46933815606045926 -9.004574093550984 -6.855084798061293 -10.364862774024155 -1.3111437443377127
2.7054108216432864 8.460307760600134 -0.4215210525991431 3.053549725438689 1.0856259139347202 -3.944711101124412 -2.5270351362772736 12.000214337164621 18.659158435059542 32.54775373908871 14.624740967134091 17.137757473613743 6.419824453470919 10.796277020198431 -1.9750343590210937 0.9949984077039062 17.628157255807782 5.464802118302184 9.272847861914588 -0.34026510048615677 3.282038384935131 19.160263965234368 -3.1004627482992753 5.032626295181348 0.5802137705715538 -8.893698479039907 -6.7442091835502165 -10.253987159513079 -1.200268129826636
2.7655310621242486 8.56959419971174 -0.31223461348753645 3.1628361645502956 1.194912353046309 -3.835424662012805 -2.417748697165667 12.109500776276228 18.76844487417113 32.65704017820031 14.734027406245698 17.24704391272535 6.529110892582525 10.905563459310038 -1.865747919909487 1.104284846815495 17.73744369491939 5.574088557413773 9.382134301026177 -0.23097866137455014 3.3913248240467375 19.269550404345956 -2.9911763091876686 5.141912734292937 0.6895002096831604 -8.7844120399283 -6.63492274443861 -10.144700720401472 -1.0909816907150294
2.8256513026052104 8.676954234627257 -0.2048745785720385 3.2701961994658113 1.3022723879618248 -3.7280646270972895 -2.310388662250169 12.216860811191726 18.875804909086646 32.76440021311583 14.841387441161213 17.354403947640865 6.636470927498041 11.012923494225536 -1.7583878849939714 1.2116448817310108 17.844803729834904 5.681448592329288 9.489494335941693 -0.12361862645903443 3.4986848589622532 19.376910439261472 -2.883816274272153 5.249272769208453 0.7968602445986761 -8.677052005012785 -6.527562709523094 -10.037340685485956 -0.9836216557995137
2.885771543086172 8.782117993110692 -0.09971082008858545 3.3753599579492644 1.4074361464452778 -3.622900868613854 -2.205224903766716 12.322024569675179 18.9809686675701 32.86956397159927 14.946551199644649 17.4595677061243 6.741634685981476 11.118087252708989 -1.653224126510536 1.3168086402144639 17.94996748831834 5.786612350812741 9.594658094425146 -0.018454867975599143 3.6038486174456885 19.482074197744925 -2.7786525157887176 5.354436527691906 0.9020240030821114 -8.571888246529332 -6.422398951039641 -9.932176927002521 -0.8784578973160784
2.9458917835671343 8.884796347051811 0.002967533852533677 3.4780383118903835 1.510114500386397 -3.5202225146727173 -2.102546549825597 12.424702923616298 19.08364702151122 32.97224232554039 15.049229553585768 17.56224606006542 6.844313039922613 11.220765606650108 -1.550545772569417 1.419486994155583 18.052645842259476 5.8892907047538605 9.697336448366265 0.08422348596551998 3.7065269713868076 19.584752551686044 -2.6759741618475807 5.457114881633025 1.0047023570232305 -8.469209892588212 -6.319720597098522 -9.829498573061384 -0.7757795433749415
3.006012024048096 8.98477441190483 0.10294559870555275 3.578016376743385 1.610092565239416 -3.420244449819716 -2.002568484972578 12.524680988469317 19.183625086364238 33.072220390393404 15.149207618438787 17.66222412491844 6.944291104775615 11.320743671503127 -1.4505677077163979 1.519465059008602 18.152623907112478 5.989268769606862 9.797314513219266 0.18420155081853906 3.8065050362398267 19.684730616539063 -2.5759960969945794 5.557092946486026 1.1046804218762496 -8.369231827735211 -6.219742532245521 -9.729520508208383 -0.6758014785219402
3.066132264529058 9.081866314272702 0.2000375010734068 3.6751082791112566 1.70718446760727 -3.323152547451844 -1.9054765826047237 12.621772890837171 19.28071698873209 33.16931229276126 15.246299520806641 17.759316027286292 7.041383007143486 11.417835573870981 -1.3534758053485438 1.616556961376456 18.24971580948035 6.086360671974734 9.894406415587138 0.28129345318641086 3.9035969386076808 19.781822518906917 -2.4789041946267076 5.654184848853898 1.2017723242441036 -8.27213992536734 -6.122650629877649 -9.632428605840511 -0.5787095761540684
3.12625250501002 9.175918896965847 0.29409008376655166 3.7691608618044015 1.801237050300415 -3.2290999647586993 -1.8114239999115789 12.715825473530316 19.374769571425237 33.26336487545441 15.340352103499786 17.853368609979437 7.135435589836631 11.511888156564126 -1.259423222655399 1.710609544069601 18.343768392173494 6.1804132546678785 9.988458998280283 0.37534603587955573 3.9976495213008256 19.875875101600062 -2.3848516119335628 5.748237431547043 1.2958249069372663 -8.178087342674194 -6.028598047184504 -9.538376023147366 -0.4846569934609235
3.186372745490982 9.266846748228179 0.38501793502888404 3.860088713066734 1.8921649015627473 -3.138172113496367 -1.7204961486492465 12.806753324792648 19.46569742268757 33.35429272671674 15.431279954762136 17.94429646124177 7.226363441098964 11.602816007826458 -1.1684953713930666 1.8015373953319334 18.434696243435827 6.271341105930211 10.079386849542615 0.4662738871418881 4.088577372563158 19.966802952862395 -2.2939237606712304 5.839165282809375 1.3867527581995986 -8.087159491411862 -5.937670195922172 -9.447448171885034 -0.3937291421985911
3.2464929859719436 9.354587387264601 0.47275857406532396 3.947829352103156 1.9799055405991872 -3.050431474459945 -1.6327555096128066 12.894493963829088 19.553438061724002 33.44203336575317 15.519020593798558 18.03203710027821 7.314104080135386 11.690556646862898 -1.0807547323566267 1.8892780343683733 18.52243688247225 6.359081744966633 10.167127488579037 0.5540145261783103 4.176318011599598 20.054543591898835 -2.2061831216348082 5.926905921845815 1.4744933972360208 -7.999418852375441 -5.8499295568857494 -9.359707532848612 -0.30598850316216897
3.306613226452906 9.439135907642093 0.557307094442816 4.032377872480666 2.0644540609766793 -2.965882954082435 -1.5482069892353145 12.97904248420658 19.6379865821015 33.52658188613067 15.60356911417605 18.1165856206557 7.398652600512896 11.77510516724039 -0.9962062119791346 1.9738265547458653 18.60698540284976 6.443630265344143 10.251676008956547 0.6385630465558201 4.26086653197709 20.139092112276327 -2.1216346012572984 6.011454442223307 1.5590419176135129 -7.914870331997931 -5.76538103650824 -9.275159012471102 -0.22143998278465915
3.3667334669338675 9.520525477970558 0.6386966647712633 4.113767442809113 2.1458436313051266 -2.8844933837539877 -1.4668174189068672 13.060432054535028 19.71937615242995 33.60797145645913 15.684958684504515 18.197975190984167 7.480042170841343 11.856494737568838 -0.9148166416506873 2.0552161250743124 18.688374973178206 6.52501983567259 10.333065579284995 0.7199526168842674 4.342256102305555 20.220481682604774 -2.040245030928851 6.092844012551755 1.640431487941978 -7.833480761669484 -5.683991466179792 -9.193769442142655 -0.14005041245621186
3.4268537074148293 9.598825406630738 0.7169965934314604 4.19206737146931 2.2241435599653236 -2.8061934550938084 -1.3885174902466701 13.138731983195225 19.797676081090138 33.68627138511932 15.763258613164695 18.276275119644346 7.558342099501522 11.934794666229035 -0.8365167129904902 2.1335160537345095 18.766674901838385 6.603319764332787 10.411365507945192 0.7982525455444467 4.420556030965734 20.298781611264964 -1.9619451022686718 6.171143941211952 1.7187314166021572 -7.755180833009287 -5.605691537519595 -9.115469513482475 -0.06175048379603254
