web/models/kne/7/mosfit_kn_0.001513_0.1397_3.6500.dat
# %ECSV 1.0
# ---
# datatype:
# - {name: time, datatype: float64}
# - {name: PS1_g, datatype: float64}
# - {name: PS1_i, datatype: float64}
# - {name: PS1_r, datatype: float64}
# - {name: PS1_w, datatype: float64}
# - {name: PS1_y, datatype: float64}
# - {name: PS1_z, datatype: float64}
# - {name: swift_uvot_B, datatype: float64}
# - {name: swift_uvot_U, datatype: float64}
# - {name: swift_uvot_uvm2, datatype: float64}
# - {name: swift_uvot_uvw1, datatype: float64}
# - {name: swift_uvot_uvw2, datatype: float64}
# - {name: swift_uvot_V, datatype: float64}
# - {name: johnson_B, datatype: float64}
# - {name: johnson_I, datatype: float64}
# - {name: johnson_R, datatype: float64}
# - {name: johnson_U, datatype: float64}
# - {name: johnson_V, datatype: float64}
# - {name: sdss_g, datatype: float64}
# - {name: sdss_i, datatype: float64}
# - {name: sdss_r, datatype: float64}
# - {name: sdss_u, datatype: float64}
# - {name: sdss_z, datatype: float64}
# - {name: ATLAS_c, datatype: float64}
# - {name: ATLAS_o, datatype: float64}
# - {name: ukirt_H, datatype: float64}
# - {name: ukirt_J, datatype: float64}
# - {name: ukirt_K, datatype: float64}
# - {name: Clear, datatype: float64}
# meta: !!omap
# - comment: [kappa = 3.65, type = rprocess, mass = 0.001513321957917195, velocity = 0.13966666666666672, theta_obs = 0.0, tfloor = 1000.0]
# schema: astropy-2.0
time PS1_g PS1_i PS1_r PS1_w PS1_y PS1_z swift_uvot_B swift_uvot_U swift_uvot_uvm2 swift_uvot_uvw1 swift_uvot_uvw2 swift_uvot_V johnson_B johnson_I johnson_R johnson_U johnson_V sdss_g sdss_i sdss_r sdss_u sdss_z ATLAS_c ATLAS_o ukirt_H ukirt_J ukirt_K Clear
[from data line 175]
10.581162324649299 10.939672665232116 2.057843852032839 5.532914630070671 3.5649908185666845 -1.4653461964924297 -0.047670231645291494 14.479579241796603 21.138523339691517 35.02711864372069 17.104105871766073 19.617122378245725 8.899189358102902 13.275641924830413 0.5043305456108884 3.474363312335888 20.107522160439764 7.944167022934148 11.752212766546553 2.1390998041458253 5.761403289567113 21.639628869866343 -0.6210978436672931 7.511991199813313 3.059578675203536 -6.414333574407926 -4.264844278918234 -7.774622254881097 1.2790967748053461
10.64128256513026 10.953113757464887 2.0712849442655923 5.546355722303442 3.5784319107994556 -1.4519051042596587 -0.034229139412538245 14.493020334029357 21.151964431924277 35.04055973595345 17.117546963998826 19.63056347047849 8.912630450335673 13.289083017063167 0.5177716378436417 3.4878044045686414 20.120963252672524 7.957608115166919 11.765653858779324 2.1525408963785964 5.774844381799866 21.653069962099103 -0.6076567514345221 7.525432292046084 3.073019767436307 -6.400892482175155 -4.251403186685463 -7.761181162648326 1.2925378670381171
10.701402805611222 10.966503797523508 2.0846749843242307 5.5597457623620805 3.591821950858094 -1.4385150642010203 -0.020839099353899826 14.506410374087995 21.165354471982916 35.05394977601209 17.130937004057465 19.643953510537116 8.926020490394311 13.302473057121805 0.5311616779022801 3.50119444462728 20.134353292731163 7.9709981552255575 11.779043898837962 2.165930936437217 5.788234421858505 21.66646000215774 -0.5942667113759015 7.538822332104722 3.0864098074949275 -6.387502442116516 -4.238013146626825 -7.747791122589705 1.3059279070967378
10.761523046092185 10.979843122244208 2.0980143090449133 5.573085087082763 3.6051612755787765 -1.4251757394803377 -0.007499774633217271 14.519749698808678 21.178693796703598 35.06728910073278 17.144276328778165 19.65729283525781 8.939359815114994 13.315812381842488 0.5445010026229626 3.5145337693479624 20.147692617451856 7.98433747994624 11.792383223558645 2.1792702611579173 5.801573746579205 21.679799326878424 -0.5809273866552012 7.552161656825405 3.099749132215628 -6.374163117395834 -4.224673821906142 -7.734451797869005 1.319267231817438
10.821643286573146 10.993132436381288 2.1113036231820104 5.586374401219842 3.6184505897158736 -1.4118864253432584 0.005789539503879837 14.533039012945775 21.191983110840688 35.080578414869855 17.157565642915245 19.670582149394896 8.952649129252073 13.329101695979585 0.5577903167600597 3.5278230834850595 20.160981931588942 7.9976267940833194 11.805672537695724 2.1925595752949967 5.814863060716284 21.693088641015514 -0.5676380725181218 7.565450970962502 3.113038446352707 -6.360873803258754 -4.211384507769063 -7.721162483731925 1.3325565459545174
10.881763527054108 11.006372610177948 2.1245437969786707 5.599614575016503 3.631690763512534 -1.398646251546598 0.019029713300540152 14.546279186742435 21.20522328463735 35.09381858866653 17.170805816711905 19.683822323191556 8.965889303048733 13.342341869776245 0.5710304905567201 3.54106325728172 20.174222105385603 8.010866967879979 11.818912711492402 2.205799749091657 5.828103234512945 21.706328814812174 -0.5543978987214615 7.578691144759162 3.1262786201493675 -6.347633629462094 -4.198144333972403 -7.707922309935265 1.3457967197511778
10.941883767535069 11.019564584247501 2.1377357710482237 5.612806549086056 3.644882737582069 -1.385454277477045 0.03222168737009312 14.559471160811988 21.218415258706898 35.10701056273607 17.183997790781458 19.69701429726111 8.979081277118286 13.355533843845798 0.584222464626273 3.5542552313512727 20.18741407945515 8.024058941949532 11.832104685561937 2.21899172316121 5.841295208582498 21.719520788881724 -0.5412059246519085 7.591883118828697 3.1394705942189205 -6.334441655392541 -4.18495235990285 -7.694730335865712 1.3589886938207307
11.002004008016032 11.032709317021308 2.1508805038220125 5.625951281859862 3.6580274703558757 -1.3723095447032385 0.045366420143881925 14.572615893585777 21.231559991480697 35.12015529550988 17.197142523555264 19.710159030034905 8.992226009892093 13.368678576619587 0.5973671974000796 3.5673999641250616 20.200558812228955 8.037203674723338 11.845249418335744 2.2321364559350165 5.854439941356304 21.732665521655523 -0.528061191878102 7.605027851602504 3.152615326992727 -6.3212969226187345 -4.171807627129043 -7.681585603091905 1.3721334265945373
11.062124248496994 11.04580775964541 2.1639789464461145 5.639049724483964 3.671125912979978 -1.3592111020791364 0.058464862767984016 14.585714336209879 21.2446584341048 35.13325373813397 17.21024096617935 19.72325747265901 9.005324452516195 13.381777019243689 0.6104656400241639 3.5804984067491636 20.213657254853057 8.05030211734744 11.858347860959846 2.2452348985591186 5.8675383839803885 21.745763964279625 -0.5149627492539999 7.618126294226606 3.165713769616829 -6.3081984799946325 -4.158709184504941 -7.668487160467803 1.3852318692186394
11.122244488977955 11.058860882070718 2.1770320688714406 5.652102846909273 3.684179035405304 -1.346157979653828 0.0715179851933101 14.598767458635205 21.25771155653012 35.1463068605593 17.223294088604675 19.736310595084326 9.018377574941503 13.394830141669015 0.62351876244949 3.5935515291744897 20.226710377278373 8.063355239772767 11.871400983385172 2.258288020984427 5.880591506405715 21.758817086704944 -0.5019096268286916 7.631179416651932 3.1787668920421375 -6.295145357569324 -4.145656062079633 -7.655434038042495 1.3982849916439477
11.182364729458918 11.07186960121064 2.1900407880113626 5.665111566049195 3.697187754545208 -1.3331492605139061 0.08452670433323206 14.611776177775127 21.270720275670037 35.15931557969921 17.236302807744597 19.74931931422425 9.031386294081425 13.407838860808937 0.636527481589412 3.606560248314394 20.239719096418288 8.07636395891267 11.884409702525076 2.271296740124349 5.893600225545637 21.771825805844863 -0.4889009076887696 7.644188135791836 3.1917756111820594 -6.282136638429402 -4.132647342939711 -7.642425318902573 1.4112937107838697
11.242484969939879 11.084834838554158 2.2030060253548633 5.678076803392713 3.7101529918887266 -1.3201840231703876 0.09749194167673281 14.624741415118628 21.28368551301355 35.172280817042726 17.249268045088115 19.762284551567756 9.044351531424944 13.420804098152438 0.6494927189329305 3.6195254856579124 20.252684333761806 8.08932919625619 11.897374939868595 2.2842619774678674 5.906565462889155 21.784791043188374 -0.4759356703452511 7.657153373135355 3.204740848525578 -6.269171401085884 -4.119682105596192 -7.6294600815590545 1.4242589481273882
11.302605210420841 11.097757476699712 2.215928663500435 5.690999441538267 3.7230756300342804 -1.3072613850248338 0.1104145798223044 14.6376640532642 21.296608151159113 35.18520345518828 17.26219068323367 19.77520718971332 9.057274169570498 13.43372673629801 0.6624153570784843 3.632448123803484 20.26560697190736 8.102251834401743 11.910297578014148 2.2971846156134212 5.919488101034709 21.79771368133394 -0.46301303219969725 7.6700760112809085 3.217663486671132 -6.25624876294033 -4.1067594674506385 -7.616537443413501 1.437181586272942
11.362725450901802 11.110638409834905 2.228809596635628 5.703880374673478 3.7359565631694913 -1.2943804518896407 0.12329551295749752 14.650544986399392 21.309489084294306 35.19808438832349 17.275071616368862 19.788088122848514 9.07015510270569 13.446607669433202 0.6752962902136774 3.645329056938677 20.27848790504256 8.115132767536954 11.92317851114936 2.3100655487486144 5.932369034169902 21.81059461446913 -0.45013209906450413 7.682956944416119 3.230544419806325 -6.243367829805119 -4.093878534315445 -7.603656510278308 1.4500625194081351
11.422845691382765 11.123478476625515 2.2416496634262373 5.716720441464087 3.7487966299601005 -1.2815403850990315 0.13613557974810675 14.663385053190002 21.322329151084915 35.210924455114096 17.28791168315947 19.800928189639123 9.0829951694963 13.459447736223812 0.6881363570042867 3.6581691237292864 20.29132797183317 8.127972834327563 11.936018577939969 2.3229056155392236 5.945209100960511 21.82343468125974 -0.4372920322738949 7.695797011206729 3.243384486596934 -6.23052776301451 -4.081038467524818 -7.590816443487698 1.4629025861987444
11.482965931863728 11.136278518016045 2.25444970481675 5.7295204828546 3.7615966713506133 -1.268740343708501 0.14893562113861947 14.676185094580514 21.335129192475435 35.223724496504616 17.300711724550002 19.813728231029646 9.09579521088683 13.472247777614324 0.7009363983948171 3.670969165119799 20.304128013223693 8.140772875718076 11.948818619330481 2.335705656929754 5.958009142351042 21.83623472265026 -0.4244919908833644 7.708597052597241 3.2561845279874646 -6.217727721623997 -4.068238426134306 -7.578016402097168 1.4757026275892748
11.543086172344688 11.149039339540519 2.267210526341241 5.742281304379073 3.7743574928750867 -1.2559795221840275 0.16169644266311067 14.688945916105006 21.347890013999915 35.23648531802909 17.313472546074475 19.82648905255412 9.108556032411304 13.485008599138798 0.7136972199192906 3.6837299866442725 20.316888834748166 8.15353369724255 11.961579440854955 2.3484664784542275 5.970769963875515 21.84899554417474 -0.411731169358891 7.721357874121715 3.268945349511938 -6.204966900099524 -4.055477604609832 -7.565255580572694 1.4884634491137483
11.603206412825651 11.16176175000355 2.279932936804272 5.755003714842122 3.7870799033381353 -1.243257111720979 0.17441885312614147 14.701668326568036 21.360612424462957 35.24920772849213 17.326194956537506 19.83921146301717 9.121278442874353 13.497731009601846 0.7264196303823214 3.696452397107321 20.329611245211204 8.166256107705598 11.974301851318003 2.361188888917276 5.983492374338546 21.861717954637783 -0.3990087588958424 7.734080284584763 3.281667759974969 -6.192244489636475 -4.042755194146784 -7.552533170109646 1.5011858595767968
11.663326653306612 11.174446512181238 2.29261769898196 5.767688477019792 3.7997646655158235 -1.2305723495433085 0.18710361530382968 14.714353088745725 21.373297186640634 35.26189249066981 17.338879718715194 19.851896225194846 9.133963205052023 13.510415771779535 0.7391043925600096 3.7091371592850093 20.342296007388896 8.178940869883268 11.986986613495692 2.3738736510949465 5.996177136516234 21.87440271681546 -0.38632399671817197 7.746765046762452 3.294352522152657 -6.1795597274588046 -4.030070431969113 -7.539848407931975 1.5138706217544673
11.723446893787575 11.187094385694962 2.305265572495685 5.780336350533517 3.8124125390295305 -1.2179244760295838 0.19975148881755445 14.72700096225945 21.385945060154363 35.27454036418353 17.35152759222892 19.86454409870856 9.146611078565748 13.52306364529326 0.7517522660737344 3.7217850327987163 20.35494388090261 8.191588743396993 11.999634487009398 2.3865215246086713 6.008825010029959 21.88705059032919 -0.3736761232044472 7.759412920276159 3.307000395666382 -6.16691185394508 -4.017422558455388 -7.527200534418251 1.526518495268192
11.783567134268537 11.199706103243834 2.3178772900445566 5.792948068082389 3.825024256578402 -1.2053127584807122 0.21236320636642603 14.739612679808321 21.398556777703234 35.28715208173241 17.36413930977779 19.877155816257442 9.15922279611462 13.535675362842131 0.7643639836226059 3.7343967503476057 20.36755559845148 8.204200460945865 12.01224620455827 2.399133242157543 6.0214367275788305 21.89966230787806 -0.3610644056555756 7.77202463782503 3.3196121132152534 -6.154300136396208 -4.004810840906517 -7.514588816869379 1.5391302128170636
11.843687374749498 11.212282392057116 2.3304535788578384 5.8055243568956705 3.8376005453917017 -1.1927364696674303 0.2249394951797079 14.752188968621603 21.411133066516513 35.299728370545694 17.376715598591073 19.889732105070724 9.171799084927901 13.548251651655413 0.7769402724358878 3.7469730391608875 20.380131887264774 8.216776749759147 12.02482249337157 2.4117095309708247 6.034013016392112 21.91223859669134 -0.34848811684229375 7.78460092663833 3.3321884020285353 -6.141723847582926 -3.992234552093235 -7.502012528056097 1.5517065016303455
11.90380761523046 11.224823941883812 2.3429951286845174 5.818065906722367 3.8501420952183807 -1.1801949198407335 0.2374810450063869 14.764730518448282 21.423674616343202 35.31226992037238 17.38925714841777 19.90227365489741 9.184340634754598 13.560793201482092 0.7894818222625668 3.7595145889875665 20.39267343709146 8.229318299585843 12.037364043198249 2.4242510807975215 6.046554566218809 21.924780146518028 -0.335946567015597 7.797142476465009 3.344729951855232 -6.12918229775623 -3.979693002266538 -7.4894709782294004 1.5642480514570423
11.963927855711422 11.237331437992975 2.3555026247936794 5.830573402831529 3.8626495913275427 -1.1676874237315715 0.2499885411155489 14.777238014557462 21.436182112452364 35.324777416481545 17.40176464452693 19.914781151006576 9.19684813086376 13.573300697591254 0.8019893183717466 3.7720220850967285 20.405180933200622 8.241825795695005 12.04987153930741 2.4367585769066835 6.059062062327971 21.93728764262719 -0.323439070906435 7.809649972574171 3.357237447964394 -6.116674801647068 -3.967185506157376 -7.476963482120238 1.5767555475662043
12.024048096192384 11.249805541312323 2.367976728113046 5.843047506150896 3.875123694646909 -1.155213320412205 0.2624626444349154 14.78971211787681 21.44865621577173 35.3372515198009 17.41423874784628 19.92725525432593 9.209322234183126 13.58577480091062 0.8144634216910953 3.784496188416095 20.41765503651998 8.254299899014372 12.062345642626777 2.4492326802260322 6.07153616564732 21.949761745946557 -0.31096496758708625 7.822124075893537 3.369711551283743 -6.104200698327701 -3.9547114028380097 -7.46448937880089 1.589229650885553
12.084168336673347 11.26224690352073 2.3804180903214345 5.855488868359284 3.8875650568552977 -1.1427719582038165 0.27490400664330394 14.802153480085199 21.46109757798012 35.3496928820093 17.426680110054686 19.93969661653433 9.221763596391515 13.598216163119009 0.8269047838995016 3.7969375506244836 20.430096398728377 8.26674126122276 12.074787004835166 2.4616740424344385 6.083977527855726 21.962203108154945 -0.29852360537867995 7.834565438101926 3.382152913492149 -6.0917593361193125 -3.942270040629621 -7.452048016592483 1.6016710130939593
12.144288577154308 11.274656139769021 2.3928273265697264 5.867898104607576 3.8999742931035897 -1.1303627219555246 0.2873132428915959 14.81456271633349 21.47350681422841 35.36210211825759 17.43908934630298 19.95210585278262 9.234172832639807 13.6106253993673 0.8393140201477935 3.8093467868727755 20.44250563497667 8.279150497471052 12.087196241083458 2.4740832786827305 6.096386764104018 21.974612344403237 -0.286114369130388 7.846974674350218 3.394562149740441 -6.079350099871021 -3.9298608043813292 -7.4396387803441915 1.6140802493422512
12.20440881763527 11.287033869954044 2.4052050567547667 5.8802758347926165 3.91235202328863 -1.1179849917704843 0.29969097307663617 14.826940446518531 21.48588454441345 35.374479848442625 17.451467076488 19.964483582967652 9.24655056282483 13.623003129552341 0.8516917503328161 3.821724517057816 20.4548833651617 8.291528227656093 12.099573971268498 2.486461008867753 6.108764494289041 21.986990074588277 -0.2737366389453655 7.859352404535258 3.4069398799254635 -6.06697236968598 -3.917483074196289 -7.427261050159169 1.6264579795272738
12.264529058116231 11.299380683156777 2.4175518699574994 5.892622647995331 3.9246988364913626 -1.1056381785677694 0.31203778627936885 14.839287259721264 21.498231357616177 35.38682666164535 17.463813889690734 19.976830396170385 9.258897376027562 13.635349942755074 0.8640385635355488 3.8340713302605485 20.467230178364424 8.303875040858808 12.111920784471213 2.4988078220704857 6.121111307491773 21.999336887791003 -0.2613898257426328 7.871699217737991 3.419286693128196 -6.054625556483265 -3.905136260993574 -7.414914236956436 1.6388047927300065
