web/models/kne/7/mosfit_kn_0.095333_0.0927_0.5000.dat
# %ECSV 1.0
# ---
# datatype:
# - {name: time, datatype: float64}
# - {name: PS1_g, datatype: float64}
# - {name: PS1_i, datatype: float64}
# - {name: PS1_r, datatype: float64}
# - {name: PS1_w, datatype: float64}
# - {name: PS1_y, datatype: float64}
# - {name: PS1_z, datatype: float64}
# - {name: swift_uvot_B, datatype: float64}
# - {name: swift_uvot_U, datatype: float64}
# - {name: swift_uvot_uvm2, datatype: float64}
# - {name: swift_uvot_uvw1, datatype: float64}
# - {name: swift_uvot_uvw2, datatype: float64}
# - {name: swift_uvot_V, datatype: float64}
# - {name: johnson_B, datatype: float64}
# - {name: johnson_I, datatype: float64}
# - {name: johnson_R, datatype: float64}
# - {name: johnson_U, datatype: float64}
# - {name: johnson_V, datatype: float64}
# - {name: sdss_g, datatype: float64}
# - {name: sdss_i, datatype: float64}
# - {name: sdss_r, datatype: float64}
# - {name: sdss_u, datatype: float64}
# - {name: sdss_z, datatype: float64}
# - {name: ATLAS_c, datatype: float64}
# - {name: ATLAS_o, datatype: float64}
# - {name: ukirt_H, datatype: float64}
# - {name: ukirt_J, datatype: float64}
# - {name: ukirt_K, datatype: float64}
# - {name: Clear, datatype: float64}
# meta: !!omap
# - comment: [kappa = 0.5, type = rprocess, mass = 0.09533330950298248, velocity = 0.09266666666666673, theta_obs = 0.0, tfloor = 1000.0]
# schema: astropy-2.0
time PS1_g PS1_i PS1_r PS1_w PS1_y PS1_z swift_uvot_B swift_uvot_U swift_uvot_uvm2 swift_uvot_uvw1 swift_uvot_uvw2 swift_uvot_V johnson_B johnson_I johnson_R johnson_U johnson_V sdss_g sdss_i sdss_r sdss_u sdss_z ATLAS_c ATLAS_o ukirt_H ukirt_J ukirt_K Clear
[from data line 140]
8.47695390781563 -10.657026167061066 -13.497131198805565 -12.440267822784019 -12.545532907369932 -14.40307622946614 -14.067613871782196 -9.496443921637365 -7.999294937967942 -1.8647019099373834 -6.13981252889948 -4.186971452648724 -11.515794751939012 -9.664826971350514 -14.213574062353171 -12.985841759585057 -8.214047527702856 -11.648648396311872 -10.389944807817688 -13.478397882493987 -12.414414066571116 -7.272951551049758 -14.169789967592816 -11.522330393301257 -12.997949986455417 -15.241103839852933 -14.963858103861545 -15.272571390066785 -12.997645233225352
8.537074148296593 -10.575935731769288 -13.448349807567457 -12.37846823397474 -12.490109594202767 -14.367866459006713 -14.026990323896644 -9.403455640006861 -7.880068922873846 -1.6905820925233987 -6.0330972991826215 -4.082177356067071 -11.442438065015434 -9.574687296837986 -14.168831331396056 -12.929143594990482 -8.098900278425287 -11.577448564620736 -10.305958338372445 -13.429256566881325 -12.352007301309182 -7.155435481646784 -14.130909168776213 -11.452758881859904 -12.944148937653601 -15.225825727906322 -14.939489106549269 -15.263462205305325 -12.949902771467041
8.597194388777554 -10.494452190461878 -13.399252433491995 -12.316319036514365 -12.434428299544749 -14.332385649582182 -13.986075325346228 -9.31002805854477 -7.76032682942164 -1.5159547041474424 -5.926402839740916 -3.97742287658286 -11.368681764627919 -9.484145099146012 -14.12378888848836 -12.872138516289723 -7.983242989507257 -11.505875382074374 -10.221570588003814 -13.37979822772894 -12.289242977811838 -7.0373928558001175 -14.09174893554745 -11.382861877379948 -12.890050988023116 -15.21036667427374 -14.914896839230083 -15.254204714997142 -12.901955190787948
8.657314629258517 -10.4125759617793 -13.349839725216377 -12.253820873025685 -12.378489276138414 -14.296634410464488 -13.944869492256018 -9.216161543227638 -7.640068597816292 -1.3408211343036163 -5.819721932926427 -3.872694879277535 -11.294526320456637 -9.393201067690086 -14.078447413094423 -12.81482752950436 -7.867075750712377 -11.433929569536739 -10.13678195784319 -13.330023518516114 -12.22612169639877 -6.918823696489724 -14.052309957279068 -11.312639864629599 -12.83565697256444 -15.194727244590013 -14.89008189653127 -15.244799524329975 -12.853802724672576
8.71743486973948 -10.330339117675305 -13.300133397448217 -12.190999720620841 -12.322315934500025 -14.26062995653993 -13.903391828417675 -9.121892035328678 -7.519338361112471 -1.1652448264591468 -5.713086828607157 -3.7680193273203275 -11.220001350811827 -9.301890499128035 -14.032827320068463 -12.757235269842717 -7.750441513646884 -11.361640267026656 -10.051625453283748 -13.279954277007544 -12.162669598526108 -6.79977167778846 -14.01261073153968 -11.242121157030205 -12.780990399224876 -15.178918028073177 -14.86505790118917 -15.235255217798239 -12.805466210274723
8.77755511022044 -10.247741721346415 -13.250133873102694 -12.127855945567934 -12.265908203895055 -14.224372716158769 -13.861642753375065 -9.027219520339173 -7.398135594519015 -0.989226414248086 -5.606489339201648 -3.663382658738484 -11.145107026977954 -9.21021368421544 -13.986929073637732 -12.699362460503096 -7.633339925587112 -11.289007888172085 -9.9661011106123 -13.229590929816784 -12.09888701248337 -6.6802363823109445 -13.97265175173569 -11.171305883389664 -12.726051822251367 -15.162939444805744 -14.839825289372966 -15.225572258033251 -12.756945559970845
8.837675350701403 -10.164795227936096 -13.199849158653016 -12.064399033257605 -12.209274334846096 -14.187869095086665 -13.81962930624244 -8.932156791883205 -7.2764756867655755 -0.8127888556866507 -5.499935405777663 -3.5587854768437164 -11.069854017163536 -9.118183366452243 -13.940760241719527 -12.641218324106973 -7.515786069957848 -11.216043077156284 -9.880220700702758 -13.178941529707533 -12.034783461626422 -6.560233115465124 -13.93243992102759 -11.100204177759299 -12.67084994892226 -15.146795515042403 -14.814389183440253 -15.215753967331656 -12.70824808303102
8.897795591182364 -10.08154102231746 -13.149307205270055 -12.000662442114685 -12.152444399877176 -14.151141221449137 -13.777375938767644 -8.836750295695374 -7.154415826855338 -0.6360135502235869 -5.393467747558116 -3.4542648337365764 -10.994280590652316 -9.025844985662314 -13.894347073050561 -12.582834404403293 -7.39783557917691 -11.142783361080769 -9.794026822675104 -13.128034185819839 -11.970392646284083 -6.4398184909601675 -13.891998997728088 -11.02885244331743 -12.615414903129789 -15.130499718792901 -14.78876702577338 -15.205811175847932 -12.659400456467598
8.957915831663327 -9.997980232304755 -13.09850916450717 -11.936647404407026 -12.095419012685351 -14.114190096074477 -13.734883709012937 -8.741001241650014 -7.03195702258915 -0.45890307669131314 -5.2870788818764325 -3.3498086518196355 -10.918387946114844 -8.93319997438676 -13.847690708775648 -12.524212188267445 -7.2794895991345605 -11.069230126155725 -9.707520610976879 -13.076870057553673 -11.905715778715127 -6.318993634326304 -13.851330084160658 -10.957251678028168 -12.559747960157743 -15.114052770868845 -14.762959678737884 -15.195744541704597 -12.610403149859906
9.018036072144287 -9.914127773524566 -13.04746537601524 -11.872366195866793 -12.038208836040596 -14.077023963012003 -13.692161696985146 -8.644926344693637 -6.909119544025746 -0.28148693610955444 -5.180778302831595 -3.2454218152078194 -10.842189999870346 -8.840264825994279 -13.800800895540963 -12.465363441843717 -7.1607679620303095 -10.995397143491202 -9.62071740209808 -13.02545954387309 -11.840765209408382 -6.197778708518964 -13.810442047243185 -10.885414976457106 -12.503860256772565 -15.09745974132938 -14.736973679475296 -15.18555817669604 -12.561265550138465
9.07815631262525 -9.830001390524394 -12.996188073437693 -11.807833363886466 -11.980826562481486 -14.039652559691636 -13.649220637861337 -8.548545509603056 -6.785927627033281 -0.10380007645928213 -5.074578817293265 -3.1411127240494205 -10.765703294918254 -8.747059113281445 -13.75368915195165 -12.406302028272151 -7.0416943510058445 -10.921300730300912 -9.533635446694007 -12.973814948297537 -11.775555584036521 -6.076197805856616 -13.769345352235582 -10.813357892599562 -12.447764939056949 -15.080726582759386 -14.710816728074379 -15.175256880069428 -12.511998826465653
9.138276553106213 -9.745614807033949 -12.94468681843977 -11.743060239924041 -11.923281922533011 -14.002083517580317 -13.606068935567794 -8.4518741296231 -6.662399908612127 0.07413046959616043 -4.968488172349179 -3.0368850493950315 -10.688940683050074 -8.653598006446387 -13.706364491999576 -12.347038798998941 -6.9222870216575245 -10.84695359715642 -9.446288854379983 -12.921945887388251 -11.710098309060317 -5.954269495594406 -13.728048204210825 -10.741092428274328 -12.391472260247927 -15.063857965024138 -14.684494867473832 -15.164844420020438 -12.462611501770144
9.198396793587174 -9.661003601685891 -12.892985760230822 -11.678075676514066 -11.865600516330996 -13.96433596963682 -13.562727734072109 -8.354952183686539 -6.538585563728585 0.25223522618277716 -4.8625405729166005 -2.9327687638704734 -10.611935207295915 -8.55992052301627 -13.658849589132444 -12.287600880764284 -6.802593859476744 -10.772388093105024 -9.358714245179147 -12.869876646643625 -11.644422469229543 -5.832042543879314 -13.686571131878775 -10.668649726422537 -12.33500808965486 -15.046865452597974 -14.658023140690569 -15.154330016522122 -12.41312614137442
9.258517034068136 -9.576159893329166 -12.841080068057842 -11.612873701996484 -11.807776288053304 -13.92640620243526 -13.519192873824508 -8.257770788259872 -6.414473088401671 0.43052938730781154 -4.756717250779161 -2.828741919054639 -10.534679815588898 -8.466018219863493 -13.611139974305601 -12.227982991635884 -6.682603886229803 -10.697597528922225 -9.27090347669873 -12.817602369692942 -11.578522026251843 -5.709505746966617 -13.644910174903782 -10.596022793718891 -12.278367194083835 -15.02974686818822 -14.631398692191551 -15.143711984067794 -12.363537240136466
9.318637274549097 -9.491100854151018 -12.788981625569225 -11.547468424373282 -11.749821399225233 -13.888303680833172 -13.475474791636994 -8.160349238287196 -6.29008597953213 0.6089794250063791 -4.651029968576257 -2.7248128558463445 -10.457190588990734 -8.371909999256783 -13.563246830824902 -12.168198514059718 -6.562340081061706 -10.622597724006367 -9.182874211405139 -12.765135007891573 -11.512411198867998 -5.586682504037217 -13.603075495060217 -10.523226594719652 -12.221562249709415 -15.01250794531655 -14.60462898394354 -15.132994900714445 -12.313855428305942
9.37875751503006 -9.405861670839695 -12.736714354222443 -11.481888402635505 -11.691761056559322 -13.850047362517781 -13.43159444037962 -8.062727101067175 -6.16547291470134 0.7875169671302347 -4.5455120941991645 -2.6210114414549 -10.379500272676953 -8.277634403084523 -13.515192611818538 -12.10827423082452 -6.441849858009967 -10.547420689170186 -9.094662666199245 -12.712498617376582 -11.44611879124886 -5.463621123819529 -13.56108742138968 -10.450291848638233 -12.164618791242177 -14.995160094457486 -14.57772889952462 -15.122187822328497 -12.26410285529278
9.438877755511022 -9.320446126003095 -12.684281222550258 -11.416137023161887 -11.633597626150642 -13.811639686779227 -13.387554476534351 -7.964908630160866 -6.040638720818912 0.9661347246591996 -4.4401590465935215 -2.517330371390315 -10.301612621883748 -8.183195688865851 -13.466980147666298 -12.048213513852268 -6.321138088785993 -10.47207022093527 -9.006272713024526 -12.659696184418756 -11.379648215483744 -5.340326567968017 -13.518948579223888 -10.377221736112539 -12.107539886357142 -14.977704804223514 -14.550700388366325 -15.11129194032719 -12.214281438519041
9.498997995991983 -9.23487261499611 -12.631694960579871 -11.350229391958884 -11.575344065428634 -13.773090790958342 -13.34336608389819 -7.866914521986717 -5.915608650493365 1.144797125203742 -4.334983893137938 -2.4137799445810013 -10.223544905022088 -8.08861404671346 -13.418621407845254 -11.98803060541935 -6.200229464685869 -10.396563247846105 -8.917723274670095 -12.606740511108363 -11.313014711623808 -5.216824001590741 -13.476669839149373 -10.30403222195087 -12.05033903400425 -14.96014817086159 -14.52355142035321 -15.100312082936059 -12.16440245354244
9.559118236472946 -9.14915548795518 -12.57896560444081 -11.284177374919775 -11.517010374010344 -13.734408690163669 -13.299038095738869 -7.768760929344768 -5.790402319341812 1.3234765348927242 -4.229994864464359 -2.310365896321581 -10.145310667360771 -7.993905239837019 -13.370125837635804 -11.92773671964795 -6.0791432094048155 -10.32091306504041 -8.829029107704862 -12.553641690520294 -11.24623025441938 -5.093133023158565 -13.434259794480479 -10.230735709506344 -11.993026826985549 -14.942495008979503 -14.496288300635277 -15.089252055315557 -12.114474545562626
9.619238476953907 -9.063306846264076 -12.526101693354512 -11.217991036624841 -11.45860490486216 -13.69560022091596 -13.254578039824558 -7.67046148076557 -5.665036214045749 1.5021497531468038 -4.125197574254358 -2.2070915728263105 -10.066921387157699 -7.899082566946362 -13.321501479315423 -11.867341382426144 -5.957895511735025 -10.245130947425023 -8.74020265281791 -12.500408310397635 -11.17930500424313 -4.969270142559612 -13.39172577288549 -10.157342618486798 -11.935612238000832 -14.924749420212994 -14.468916409430326 -15.078115091576796 -12.064504893647303
9.67935871743487 -8.977354286842374 -12.473122132043457 -11.151692878470456 -11.400147206457767 -13.656680395929843 -13.210002501862945 -7.572047247075942 -5.539548487976749 1.6807637389354975 -4.020616106317618 -2.103978746964653 -9.988402893018861 -7.804176203817072 -13.27276607766444 -11.806865631607863 -5.836523586757078 -10.169242098416936 -8.651272310237328 -12.447059381439054 -11.112261677960138 -4.845273310200824 -13.349083855088448 -10.083876903220439 -11.878115288807898 -14.90692038726079 -14.44144751487629 -15.066908268170545 -12.014510544176922
9.739478957915832 -8.891296491124567 -12.420026501389145 -11.085282202881341 -11.34163588200959 -13.617648991312787 -13.165311188129305 -7.473516767846223 -5.413936901707164 1.8593214102705753 -3.9162402638514666 -2.0010155213683976 -9.909754274194118 -7.709184792382388 -13.223919284924587 -11.746308977046766 -5.715025453857933 -10.093245731669674 -8.562236699271981 -12.393594483034427 -11.045099581116649 -4.721140524141756 -13.306333799904966 -10.01033721345367 -11.820535340699792 -14.889007774496982 -14.413881471116701 -15.055631459719121 -11.964490045749656
9.799599198396793 -8.805153659942917 -12.366828773314058 -11.01877558156076 -11.283085094571597 -13.578517133901684 -13.120516379495886 -7.374892802207277 -5.288229299171707 2.0377842010199716 -3.8120855174733665 -1.8982155137572785 -9.830994541321669 -7.614130418793351 -13.174974224721716 -11.68568692256206 -5.593428325441334 -10.017160402656023 -8.473116602947943 -12.340027665431066 -10.977835452807394 -4.596899547788098 -13.26348751930146 -9.936741004576142 -11.762887106136954 -14.87101822774235 -14.386227002767987 -15.044289884008071 -11.914455668598958
9.859719438877756 -8.718951926722571 -12.313546899500203 -10.95219435400665 -11.224513264944171 -13.539299092235648 -13.075633837778842 -7.276204793662347 -5.162461831701766 2.216102265164605 -3.708174343784733 -1.7955994487111435 -9.752148218086127 -7.519041611617595 -13.125947743785968 -11.625019360404185 -5.471767477248719 -9.941010000482871 -8.383938914296802 -12.286376980472795 -10.91049085064327 -4.472586373745244 -13.220560283835212 -9.863110892692042 -11.705189511818812 -14.852960257946176 -14.358495283947528 -15.032890217056101 -11.864423415199514
9.919839679358716 -8.632690906376848 -12.260181095039488 -10.88553857416489 -11.165919642962656 -13.499995148168278 -13.030663828986793 -7.177452344136138 -5.036633598566098 2.394276943552886 -3.60449806515394 -1.6931574018132554 -9.673215284034715 -7.423917995772985 -13.076840084441425 -11.564306452644797 -5.350042227616509 -9.864794574242362 -8.29470321459823 -12.232642644970575 -10.843065847193678 -4.348200336064227 -13.177552385084734 -9.789446310341336 -11.647442548687241 -14.834834020174657 -14.330686559199178 -15.021432546597671 -11.814392382276857
9.97995991983968 -8.546384343795133 -12.206741030301131 -10.818819638407895 -11.107313680745836 -13.460613042690461 -12.98561488273915 -7.078650961641247 -4.910763458632079 2.5722824220373726 -3.5010648301001086 -1.590896224766197 -9.594208809341797 -7.328774579065133 -13.027660338890332 -11.503558852264188 -5.228271070113088 -9.788526873063253 -8.205423638015272 -12.178834383320254 -10.775571967971267 -4.2237603237294685 -13.134472098371006 -9.715759027313435 -11.589656278749665 -14.816644120855461 -14.302806899758982 -15.009920462631301 -11.764370652736353
10.040080160320642 -8.460060581037396 -12.153246156037927 -10.752060668361718 -11.048715339539328 -13.421168234330736 -12.940504079235833 -6.9798325915193535 -4.78489069046395 2.7500649666203687 -3.397899959939252 -1.4888399234911662 -9.515155405761348 -7.233642244471866 -12.978426751695668 -11.442798035975798 -5.106492316078903 -9.712232768212681 -8.116129352282986 -12.124971754184823 -10.70803258216813 -4.09930544213104 -13.091335955279675 -9.642073539409193 -11.531851156801629 -14.798399761272268 -14.274868399994494 -14.998361161424663 -11.714375544621305
10.100200400801603 -8.373718195570277 -12.099695998951958 -10.685260884299641 -10.990123104125527 -13.381660467407812 -12.895331088052888 -6.880995676678082 -4.659012974390251 2.9276281307504677 -3.294994056129727 -1.3869782581311116 -9.436054111961482 -7.138519454099622 -12.929138917587252 -11.382023353451569 -4.984703904368192 -9.635911368808967 -8.02681887069431 -12.071054281853026 -10.640446927973528 -3.9748336285429886 -13.048143663561778 -9.568388347867067 -11.474026399829995 -14.780100769907826 -14.246870882152487 -14.986754461928092 -11.664405465107865
