web/models/kne/7/mosfit_kn_0.268580_0.1710_3.6500.dat
# %ECSV 1.0
# ---
# datatype:
# - {name: time, datatype: float64}
# - {name: PS1_g, datatype: float64}
# - {name: PS1_i, datatype: float64}
# - {name: PS1_r, datatype: float64}
# - {name: PS1_w, datatype: float64}
# - {name: PS1_y, datatype: float64}
# - {name: PS1_z, datatype: float64}
# - {name: swift_uvot_B, datatype: float64}
# - {name: swift_uvot_U, datatype: float64}
# - {name: swift_uvot_uvm2, datatype: float64}
# - {name: swift_uvot_uvw1, datatype: float64}
# - {name: swift_uvot_uvw2, datatype: float64}
# - {name: swift_uvot_V, datatype: float64}
# - {name: johnson_B, datatype: float64}
# - {name: johnson_I, datatype: float64}
# - {name: johnson_R, datatype: float64}
# - {name: johnson_U, datatype: float64}
# - {name: johnson_V, datatype: float64}
# - {name: sdss_g, datatype: float64}
# - {name: sdss_i, datatype: float64}
# - {name: sdss_r, datatype: float64}
# - {name: sdss_u, datatype: float64}
# - {name: sdss_z, datatype: float64}
# - {name: ATLAS_c, datatype: float64}
# - {name: ATLAS_o, datatype: float64}
# - {name: ukirt_H, datatype: float64}
# - {name: ukirt_J, datatype: float64}
# - {name: ukirt_K, datatype: float64}
# - {name: Clear, datatype: float64}
# meta: !!omap
# - comment: [kappa = 3.65, type = rprocess, mass = 0.2685795883840597, velocity = 0.17100000000000004, theta_obs = 0.0, tfloor = 1000.0]
# schema: astropy-2.0
time PS1_g PS1_i PS1_r PS1_w PS1_y PS1_z swift_uvot_B swift_uvot_U swift_uvot_uvm2 swift_uvot_uvw1 swift_uvot_uvw2 swift_uvot_V johnson_B johnson_I johnson_R johnson_U johnson_V sdss_g sdss_i sdss_r sdss_u sdss_z ATLAS_c ATLAS_o ukirt_H ukirt_J ukirt_K Clear
[from data line 226]
13.647294589178356 -10.259784247537418 -14.01806656100959 -12.590578617880777 -12.903580326891024 -15.313872245119349 -14.821956537242524 -8.754739644557922 -6.506102048739191 1.1312924244624485 -5.1649896415301555 -3.2579399258941453 -11.32923306458806 -9.015953797622917 -14.851714037818866 -13.293309524165704 -6.835821462625795 -11.531852077070821 -9.909960119103474 -13.989063028068003 -12.544984316423626 -5.823297705682258 -14.97672841889667 -11.466955306226225 -13.388215990947963 -16.733236756313993 -16.19043793588368 -16.946497422288807 -13.586384268862997
13.707414829659317 -10.24655101858226 -14.01234876560613 -12.581824137202968 -12.896727053518156 -15.311375594805536 -14.818159507799304 -8.73863787649799 -6.483796875035441 1.165381708933901 -5.14805219512823 -3.24121822488696 -11.317651707313658 -9.00071505461343 -14.84697520289113 -13.285948256903712 -6.814453503517736 -11.520916533853407 -9.896046334377644 -13.983261064584873 -12.536047418468392 -5.801311014145654 -14.973388358008375 -11.456634846667768 -13.381529788033983 -16.735612337748634 -16.19058530478659 -16.950412080640774 -13.58151739948914
13.76753507014028 -10.233351432285183 -14.006638852243523 -12.573087938011653 -12.889888383059525 -15.308876185815254 -14.81436389468099 -8.722578879554465 -6.461554864409216 1.199358657575595 -5.1311738810773555 -3.2245515120765265 -11.306097246662016 -8.985517808512324 -14.84224119302371 -13.278602260546883 -6.793145503739339 -11.510006918204938 -9.882168480719873 -13.977467274111017 -12.52712909915017 -5.779385871541756 -14.97004857872815 -11.446339733048223 -13.374856387212866 -16.737970083711883 -16.19072170666536 -16.95430437810907 -13.576659788453487
13.827655310621243 -10.220177735536513 -14.000931755609187 -12.564363869910515 -12.883058809467176 -15.306370099244209 -14.810565317367086 -8.706553883449352 -6.439365035876197 1.2332385392915564 -5.114345430213927 -3.2079306174327935 -11.29456253259682 -8.970353582018692 -14.837507289800087 -13.271265867126136 -6.771886819029415 -11.49911630016218 -9.868318562269423 -13.971676561306499 -12.518223146156497 -5.757511417816001 -14.966704860016407 -11.436063234241942 -13.368190360743757 -16.740307797705626 -16.190844157926954 -16.958172659771456 -13.571806623751641
13.887775551102203 -10.207027477347133 -13.995225960980555 -12.555650040792088 -12.876236643904182 -15.303856216361886 -14.806762498375576 -8.690560088067969 -6.417223823820173 1.267026455812343 -5.0975637488553005 -3.191352494313463 -11.283045331484242 -8.955219667934212 -14.832772097439737 -13.263937343379226 -6.750674002043919 -11.488242516436918 -9.854494043862605 -13.965887401037165 -12.509327647762909 -5.735684133681094 -14.963355977648103 -11.425803243558939 -13.361530058213411 -16.74262494903784 -16.1909518595402 -16.962016578333984 -13.566956448641552
13.947895791583166 -10.19390797507464 -13.989526498686171 -12.546952405997676 -12.869427225792656 -15.301338581451951 -14.80295988133598 -8.67460569287519 -6.395141324020841 1.300708805947612 -5.080837084358123 -3.174825349751632 -11.271552471043897 -8.94012398612363 -14.828040344936745 -13.256622203460228 -6.729516864825886 -11.477392186346405 -9.840702450624104 -13.9601048493134 -12.50044861838738 -5.713914025341289 -14.960006231912857 -11.415566171109681 -13.354880787368284 -16.74492407820727 -16.191048040346345 -16.965838196582418 -13.56211398069659
14.008016032064127 -10.180812818529912 -13.983829197385358 -12.538265890437827 -12.862626015236653 -15.298813977821695 -14.799153865184742 -8.658683440795134 -6.373108438120525 1.3342982607356264 -5.064157754565528 -3.1583415843025473 -11.260078043890857 -8.925059523198303 -14.823308149797551 -13.249315773829561 -6.708406589673299 -11.466559585646204 -9.826937170196324 -13.954324709793049 -12.491580931464394 -5.692192095513899 -14.956652154513392 -11.405346457203152 -13.348238074506398 -16.74720340237966 -16.19113026232249 -16.969636182438897 -13.557275257562011
14.06813627254509 -10.16774984829997 -13.978139435591554 -12.529596868334956 -12.855838724621211 -15.296286722710928 -14.79534919696107 -8.642802121752997 -6.351135997495607 1.3677802156839798 -5.047534610954845 -3.1419100072772497 -11.248629363192101 -8.910034768156766 -14.8185805662036 -13.242023953769408 -6.687353702323044 -11.4557518031323 -9.813206266807768 -13.94855238862613 -12.482731024769205 -5.670529078870228 -14.953298338192855 -11.39515096628541 -13.341607596997243 -16.749465620577052 -16.191201965171835 -16.973412720899997 -13.552445322577444
14.128256513026052 -10.154710563475469 -13.972451636989529 -12.520938582498449 -12.849059309272874 -15.293752488931283 -14.791541046072378 -8.626952125270162 -6.329211983299814 1.4011713270870425 -5.030957561747016 -3.125520625732235 -11.237198580155347 -8.895040435023155 -14.813852396396705 -13.234740516916343 -6.666346550055621 -11.444961233593032 -9.79950097522158 -13.942782276815855 -12.473892072577897 -5.648913085980727 -14.949940127353027 -11.384972315940995 -13.334983389807302 -16.751708286224 -16.191259842772308 -16.977165957568317 -13.547618891773325
14.188376753507013 -10.141704838467636 -13.966772540955912 -12.51229903990101 -12.842294941198329 -15.291216665772218 -14.787735348339055 -8.611144532684715 -6.307350074838141 1.4344530980180688 -5.014437812909787 -3.109184588834871 -11.225794895028091 -8.880087224954675 -14.809129967432863 -13.227472868458314 -6.645398422533912 -11.434196793593204 -9.785831454472724 -13.937021148905142 -12.46507216212347 -5.627357671444244 -14.94658326209409 -11.374819141823487 -13.3283725760562 -16.753934732445877 -16.191308169232297 -16.980898572932826 -13.542802288661164
14.248496993987976 -10.128728314179192 -13.961099344403074 -12.503674809540986 -12.835542553321222 -15.288677112382949 -14.783929696548785 -8.595374398301285 -6.2855440485801495 1.4676342525340909 -4.997970080196517 -3.092896675884947 -11.214414300990924 -8.865170357942741 -14.804410676236365 -13.220217852757418 -6.62450329160982 -11.423454601043906 -9.7721932051026 -13.931266184445867 -12.456267827401355 -5.6058566835744195 -14.943225426559135 -11.364687671417268 -13.321772138760455 -16.756143810381566 -16.191345342549344 -16.98460972938056 -13.53799284382788
14.308617234468937 -10.11578089109431 -13.95543209797621 -12.49506588218722 -12.828802141764388 -15.286133938693478 -14.780124177813967 -8.579641573331493 -6.263793639294359 1.5007153619593234 -4.9815540196104635 -3.0766565701708823 -11.203056742956 -8.850289687581142 -14.799694590018106 -13.21297547336399 -6.603660912073021 -11.412734603390343 -9.758586114584347 -13.925517432462602 -12.447479058658502 -5.584409869939861 -14.93986671325679 -11.354577845141662 -13.315182094072409 -16.758335708860393 -16.19137151601617 -16.988299638297036 -13.533190577924863
14.3687374749499 -10.102865884990262 -13.949773140778223 -12.486474992366166 -12.822076157066231 -15.28358905953743 -14.776320879552696 -8.563949755446096 -6.2421033597275155 1.533690467067232 -4.965193239631276 -3.0604678809246475 -11.191725335128144 -8.835448781827967 -14.794983917199726 -13.205748265853707 -6.582875676111978 -11.402039818531547 -9.74501358778932 -13.919777243050948 -12.438708617768519 -5.563021709113709 -14.936509145794012 -11.344492579388348 -13.308604889269464 -16.7605116886326 -16.191388250093866 -16.991969351075312 -13.528397665921617
14.428857715430862 -10.089979421948616 -13.94411999005536 -12.47789909596385 -12.81536187982244 -15.281040584127457 -14.772517672895429 -8.548294546446435 -6.220467669327281 1.5665673448256152 -4.9488830360321145 -3.044325961189432 -11.180416518765945 -8.820643390410513 -14.790276353799225 -13.198533432120147 -6.56214221792472 -11.391366799130294 -9.73147162532376 -13.91404311793993 -12.429953429374354 -5.541686724928869 -14.933150676934872 -11.334428524315143 -13.302037850111397 -16.76267074543526 -16.191394135574964 -16.99561814155979 -13.523611743685429
14.488977955911823 -10.077126878718214 -13.938476364261252 -12.469342582243641 -12.808663239782181 -15.27849151409388 -14.768717850307755 -8.532681965918371 -6.198893966483574 1.599336092952865 -4.932629402174875 -3.0282367903946326 -11.169135320477157 -8.80587932282712 -14.785575398450181 -13.191335033891722 -6.541467730257111 -11.380720415337018 -9.717965754799778 -13.908318794202259 -12.42121792702834 -5.52041225326958 -14.929794493349906 -11.324390391190793 -13.29548488911163 -16.76481478313711 -16.19139157896342 -16.999247563824063 -13.518836283548605
14.549098196392785 -10.06430451100691 -13.932839864647608 -12.460802509496709 -12.801977609374351 -15.275940023259835 -14.764919355330655 -8.517107762471642 -6.177376894931239 1.6320042309920852 -4.916427791868685 -3.0121958780885048 -11.157878300803372 -8.791152470742695 -14.780878825315746 -13.184150367379683 -6.520847025851506 -11.370097335431327 -9.70449211056403 -13.902601858080637 -12.412499138804822 -5.499193000132774 -14.926438617534892 -11.314374942631744 -13.288943422303117 -16.76694283305167 -16.191379219888624 -17.002856918176562 -13.514069001582438
14.609218436873746 -10.051517126855085 -13.927213826079203 -12.452282808562298 -12.795308506814571 -15.273388809043311 -14.761125144183875 -8.501577316320727 -6.1559230610061455 1.6645629404068503 -4.900283540503967 -2.9962085520188384 -11.146649958370986 -8.776468025338659 -14.776189773537862 -13.17698306997266 -6.50028652841841 -11.359501917316964 -9.691055634753258 -13.896895660981645 -12.403801035367401 -5.478035517167594 -14.923085911118541 -11.304386392910981 -13.282416954610188 -16.769056614868273 -16.191359225769624 -17.006447612409104 -13.509313007462467
14.669338677354709 -10.038762109318977 -13.921596603019832 -12.443781442086319 -12.788654113323137 -15.270836638017524 -14.757333817988822 -8.486087646463034 -6.1345286880634475 1.6970175788462223 -4.884193411137456 -2.9802716223351875 -11.135447899244177 -8.761823104933168 -14.771506721638652 -13.169831272052274 -6.479782583597384 -11.34893184205488 -9.677653622954079 -13.891198546545347 -12.395121558366071 -5.4569360742912565 -14.919735031230648 -11.294422486376874 -13.275903702799123 -16.771155509561467 -16.19133069706729 -17.010019219602675 -13.504566726611511
14.729458917835672 -10.02603996940163 -13.915988646177357 -12.435298885819552 -12.782014857320743 -15.268283930132629 -14.753545810248117 -8.470639294853115 -6.113194375608906 1.729367526432612 -4.868157782236704 -2.964385491560811 -11.124272632585647 -8.747218229246151 -14.766830109462028 -13.162695422602841 -6.459335784456368 -11.33838760285341 -9.664286592199733 -13.88551096620306 -12.386461188190054 -5.435895274742979 -14.916386403860038 -11.284483692499343 -13.269404109926981 -16.77323987981445 -16.191294023162666 -17.013572081949025 -13.499830556370469
14.789579158316633 -10.013348736685366 -13.910388740627724 -12.426833620232625 -12.775389383901263 -15.265729790145954 -14.749760097562259 -8.455230009267922 -6.091917253898149 1.7616168945378847 -4.85217417418184 -2.948547720985498 -11.113122363320588 -8.732651220794224 -14.762158818070247 -13.155574130013445 -6.438943356561168 -11.327867461221944 -9.650952504142616 -13.879831696622578 -12.377818389504966 -5.4149102860569265 -14.913039048542416 -11.27456831881366 -13.26291685143179 -16.77530930518159 -16.191248566927463 -17.01710592704639 -13.495103329249378
14.849699398797595 -10.000696025813376 -13.904802099357152 -12.418391829384774 -12.768783222312248 -15.263178394676338 -14.745981276740636 -8.439868332745004 -6.070707861056661 1.7937515035408653 -4.836251157530924 -2.932766858060208 -11.10200419553711 -8.718130322040828 -14.757497742957845 -13.14847310756016 -6.418615539434509 -11.317378297042085 -9.637659191707257 -13.8741659777134 -12.36919940966187 -5.393991553629114 -14.909697409777358 -11.26468302183346 -13.256447425442452 -16.777366378408903 -16.19119764608616 -17.020622843603302 -13.49038991657201
14.909819639278556 -9.988079828016936 -13.899227479625686 -12.409971961639386 -12.762194987619857 -15.260628825123437 -14.742208299265105 -8.42455197084271 -6.049563276744596 1.8257755353879874 -4.82038620811208 -2.917040421540612 -11.090916298409816 -8.703653313902539 -14.75284573865854 -13.141390932836227 -6.398349509288998 -11.306918336515997 -9.624404577247248 -13.8685125582046 -12.360602681067245 -5.373136194935579 -14.90636048247028 -11.254826074408797 -13.249994477711109 -16.779410662174282 -16.191140603664316 -17.02412254431637 -13.485689123216886
14.969939879759519 -9.975496314557706 -13.893662416237547 -12.401571001457175 -12.755621987992392 -15.25807919735053 -14.738439047112095 -8.409276579637812 -6.028478036131819 1.8576966351634967 -4.804574713684779 -2.9013638522235072 -11.079855150238444 -8.689215999922876 -14.748200515700127 -13.134324833966613 -6.37813997238781 -11.296484168905215 -9.611184708948528 -13.862868957683325 -12.352025157042537 -5.352338807211119 -14.903026229249754 -11.244994164479749 -13.24355535785406 -16.781441144332586 -16.191076029127043 -17.02760429096935 -13.480998608121908
15.03006012024048 -9.962949607048799 -13.888109776010733 -12.393192323272046 -12.749067240376561 -15.255531834395928 -14.734676064358396 -8.394046769620253 -6.007457796067097 1.8895072820049181 -4.7888212205758585 -2.885741698577856 -11.068824611465999 -8.674822825768501 -14.743564773535695 -13.127277931437959 -6.35799242995888 -11.286079531974325 -9.598003822737677 -13.85723805704929 -12.34347024667704 -5.331605001838184 -14.89969711265621 -11.235190904235353 -13.23713307394577 -16.783459311661485 -16.19100579224911 -17.031069303042315 -13.47632103707527
15.090180360721442 -9.950436993862315 -13.882567840574414 -12.384833807959374 -12.742528854105792 -15.252985440042526 -14.73091788512992 -8.378859455708742 -5.986498656814376 1.9212129816748709 -4.773122410520596 -2.8701706875464192 -11.057822196772584 -8.660470810147064 -14.738936921097594 -13.120248279914161 -6.337903107114748 -11.275702018668417 -9.584859117464006 -13.851618126856327 -12.334935808909524 -5.310930925728918 -14.896371724655761 -11.225413954213952 -13.230725769086593 -16.78546449896597 -16.190928939652753 -17.034517112996955 -13.47165477141802
15.150300601202405 -9.937963746659886 -13.87704024641561 -12.37649975328404 -12.736010669340487 -15.250442943448785 -14.727167725831904 -8.363720544600703 -5.965607886774773 1.952804019471956 -4.7574841517486455 -2.854656684471578 -11.046852834605343 -8.646165648632373 -14.734320377520202 -13.11323984992126 -6.317879069096676 -11.2653564000977 -9.571756013604151 -13.846012821923956 -12.326426185888497 -5.290323786390658 -14.893053176314801 -11.215667926830548 -13.224337267609485 -16.78745855030225 -16.190847812215097 -17.037949218632576 -13.467003197494343
15.210420841683366 -9.925527329699673 -13.871525390900477 -12.368188180131607 -12.72951092017454 -15.247903138370926 -14.723424220977641 -8.348627150073781 -5.9447818348467685 1.9842855597075344 -4.741903332717854 -2.839196622164127 -11.035914202373888 -8.631904551658977 -14.729713659614589 -13.106250824728296 -6.29791678209169 -11.255040426580328 -9.558691891338214 -13.840420529212896 -12.317939378057048 -5.269779976812696 -14.88974015627111 -11.205950635119866 -13.21796583593045 -16.789440851423777 -16.190761525344772 -17.04136519100945 -13.462364785417584
