web/models/grb/onaxis/26/grb_0.0000_0.1931_0.0003981.dat
# %ECSV 1.0
# ---
# datatype:
# - {name: time, datatype: float64}
# - {name: swift_uvot_uvw2, datatype: float64}
# - {name: swift_uvot_uvm2, datatype: float64}
# - {name: swift_uvot_uvw1, datatype: float64}
# - {name: swift_uvot_U, datatype: float64}
# - {name: swift_uvot_B, datatype: float64}
# - {name: swift_uvot_V, datatype: float64}
# - {name: swift_uvot_W, datatype: float64}
# - {name: johnson_U, datatype: float64}
# - {name: johnson_B, datatype: float64}
# - {name: johnson_V, datatype: float64}
# - {name: johnson_R, datatype: float64}
# - {name: johnson_I, datatype: float64}
# - {name: sdss_u, datatype: float64}
# - {name: sdss_g, datatype: float64}
# - {name: sdss_r, datatype: float64}
# - {name: sdss_i, datatype: float64}
# - {name: sdss_z, datatype: float64}
# - {name: PS1_g, datatype: float64}
# - {name: PS1_r, datatype: float64}
# - {name: PS1_i, datatype: float64}
# - {name: PS1_z, datatype: float64}
# - {name: PS1_Y, datatype: float64}
# - {name: ukirt_J, datatype: float64}
# - {name: ukirt_H, datatype: float64}
# - {name: ukirt_K, datatype: float64}
# meta: !!omap
# - comment: [E = 8.378552168254816e-05, Eta0 = 8.02, GammaB = 12.0, dL = 0.012188, epsb = 6.760829753919819e-06, epse = 0.1, n = 0.00039810717055349735,
#     p = 2.15, theta_obs = 0.0, xiN = 1.0, z = 0.0, type = grb, E_kiso = 0.19306977288832505]
# schema: astropy-2.0
time swift_uvot_uvw2 swift_uvot_uvm2 swift_uvot_uvw1 swift_uvot_U swift_uvot_B swift_uvot_V swift_uvot_W johnson_U johnson_B johnson_V johnson_R johnson_I sdss_u sdss_g sdss_r sdss_i sdss_z PS1_g PS1_r PS1_i PS1_z PS1_Y ukirt_J ukirt_H ukirt_K
[from data line 290]
10.0492 8.531 8.58 8.506 8.313 8.17 8.031 8.392 8.29 8.168 8.026 7.885 7.737 8.295 8.123 7.951 7.83 7.72 8.059 7.916 7.797 7.698 7.529 7.508 7.338 7.148
10.2917 8.578 8.627 8.552 8.359 8.217 8.078 8.439 8.337 8.215 8.073 7.932 7.784 8.342 8.169 7.998 7.877 7.766 8.106 7.963 7.843 7.744 7.576 7.554 7.385 7.195
10.5399 8.625 8.674 8.599 8.406 8.264 8.125 8.485 8.384 8.261 8.119 7.979 7.83 8.389 8.216 8.044 7.924 7.813 8.152 8.01 7.89 7.791 7.623 7.601 7.432 7.241
10.7942 8.671 8.721 8.646 8.453 8.311 8.171 8.532 8.431 8.308 8.166 8.026 7.877 8.436 8.263 8.091 7.97 7.86 8.199 8.057 7.937 7.838 7.67 7.648 7.479 7.288
11.0546 8.718 8.767 8.692 8.499 8.357 8.218 8.579 8.477 8.355 8.213 8.072 7.924 8.482 8.309 8.138 8.017 7.906 8.246 8.103 7.983 7.884 7.716 7.694 7.525 7.335
11.3212 8.764 8.813 8.738 8.545 8.403 8.264 8.625 8.523 8.401 8.259 8.118 7.97 8.528 8.355 8.184 8.063 7.952 8.292 8.149 8.029 7.93 7.762 7.74 7.571 7.381
11.5943 8.81 8.859 8.784 8.591 8.449 8.31 8.671 8.569 8.446 8.305 8.164 8.016 8.574 8.401 8.23 8.109 7.998 8.338 8.195 8.075 7.976 7.808 7.786 7.617 7.427
11.874 8.856 8.905 8.83 8.637 8.495 8.356 8.717 8.615 8.492 8.351 8.21 8.062 8.62 8.447 8.275 8.155 8.044 8.384 8.241 8.121 8.022 7.854 7.832 7.663 7.472
12.1605 8.902 8.951 8.876 8.683 8.541 8.402 8.762 8.661 8.538 8.397 8.256 8.107 8.666 8.493 8.321 8.201 8.09 8.43 8.287 8.167 8.068 7.9 7.878 7.709 7.518
12.4538 8.948 8.997 8.922 8.729 8.587 8.448 8.808 8.707 8.584 8.442 8.302 8.153 8.712 8.539 8.367 8.247 8.136 8.475 8.333 8.213 8.114 7.946 7.924 7.755 7.564
12.7542 8.993 9.043 8.968 8.775 8.633 8.494 8.854 8.753 8.63 8.488 8.348 8.199 8.758 8.585 8.413 8.293 8.182 8.521 8.379 8.259 8.16 7.992 7.97 7.801 7.61
13.0619 9.039 9.089 9.014 8.821 8.679 8.54 8.9 8.799 8.676 8.534 8.394 8.245 8.804 8.631 8.459 8.339 8.228 8.567 8.425 8.305 8.206 8.038 8.016 7.847 7.656
13.377 9.085 9.135 9.06 8.867 8.725 8.585 8.946 8.845 8.722 8.58 8.44 8.291 8.85 8.677 8.505 8.385 8.274 8.613 8.471 8.351 8.252 8.084 8.062 7.893 7.702
13.6997 9.131 9.181 9.106 8.913 8.771 8.631 8.992 8.891 8.768 8.626 8.486 8.337 8.896 8.723 8.551 8.43 8.32 8.659 8.517 8.397 8.298 8.13 8.108 7.939 7.748
14.0302 9.176 9.225 9.15 8.957 8.815 8.676 9.037 8.935 8.812 8.671 8.53 8.382 8.94 8.767 8.595 8.475 8.364 8.704 8.561 8.441 8.342 8.174 8.152 7.983 7.793
14.3686 9.218 9.268 9.193 9.0 8.858 8.718 9.079 8.978 8.855 8.713 8.573 8.424 8.983 8.81 8.638 8.518 8.407 8.746 8.604 8.484 8.385 8.217 8.195 8.026 7.835
14.7153 9.261 9.311 9.236 9.043 8.9 8.761 9.122 9.02 8.898 8.756 8.616 8.467 9.025 8.853 8.681 8.56 8.45 8.789 8.647 8.527 8.428 8.259 8.238 8.068 7.878
15.0702 9.304 9.353 9.279 9.086 8.943 8.804 9.165 9.063 8.941 8.799 8.658 8.51 9.068 8.896 8.724 8.603 8.492 8.832 8.689 8.569 8.47 8.302 8.28 8.111 7.921
15.4338 9.347 9.396 9.321 9.128 8.986 8.847 9.208 9.106 8.983 8.842 8.701 8.553 9.111 8.938 8.767 8.646 8.535 8.875 8.732 8.612 8.513 8.345 8.323 8.154 7.964
15.8061 9.389 9.439 9.364 9.171 9.029 8.89 9.25 9.149 9.026 8.884 8.744 8.595 9.154 8.981 8.809 8.689 8.578 8.917 8.775 8.655 8.556 8.388 8.366 8.197 8.006
16.1874 9.432 9.482 9.407 9.214 9.071 8.932 9.293 9.191 9.069 8.927 8.787 8.638 9.196 9.024 8.852 8.731 8.621 8.96 8.818 8.698 8.599 8.43 8.409 8.239 8.049
16.5779 9.475 9.524 9.45 9.257 9.114 8.975 9.336 9.234 9.112 8.97 8.829 8.681 9.239 9.067 8.895 8.774 8.663 9.003 8.86 8.74 8.641 8.473 8.451 8.282 8.092
16.9778 9.518 9.567 9.492 9.299 9.157 9.018 9.379 9.277 9.155 9.013 8.872 8.724 9.282 9.109 8.938 8.817 8.706 9.046 8.903 8.783 8.684 8.516 8.494 8.325 8.135
17.3873 9.56 9.61 9.535 9.342 9.2 9.061 9.421 9.32 9.197 9.055 8.915 8.766 9.325 9.152 8.98 8.86 8.749 9.088 8.946 8.826 8.727 8.559 8.537 8.368 8.177
17.8068 9.605 9.654 9.579 9.386 9.244 9.105 9.466 9.364 9.241 9.1 8.959 8.81 9.369 9.196 9.024 8.904 8.793 9.133 8.99 8.87 8.771 8.603 8.581 8.412 8.221
18.2363 9.649 9.699 9.624 9.431 9.289 9.15 9.51 9.409 9.286 9.144 9.004 8.855 9.414 9.241 9.069 8.949 8.838 9.177 9.035 8.915 8.816 8.648 8.626 8.457 8.266
18.6762 9.694 9.744 9.669 9.476 9.334 9.194 9.555 9.454 9.331 9.189 9.049 8.9 9.459 9.286 9.114 8.993 8.883 9.222 9.08 8.96 8.861 8.693 8.671 8.502 8.311
19.1268 9.739 9.789 9.714 9.521 9.378 9.239 9.6 9.498 9.376 9.234 9.094 8.945 9.503 9.331 9.159 9.038 8.928 9.267 9.125 9.005 8.906 8.737 8.716 8.546 8.356
19.5882 9.784 9.833 9.759 9.566 9.423 9.284 9.645 9.543 9.421 9.279 9.138 8.99 9.548 9.376 9.204 9.083 8.973 9.312 9.169 9.05 8.951 8.782 8.761 8.591 8.401
20.0607 9.829 9.878 9.803 9.611 9.468 9.329 9.69 9.588 9.466 9.324 9.183 9.035 9.593 9.421 9.249 9.128 9.017 9.357 9.214 9.094 8.995 8.827 8.805 8.636 8.446
20.5446 9.874 9.923 9.848 9.655 9.513 9.374 9.735 9.633 9.511 9.369 9.228 9.08 9.638 9.465 9.294 9.173 9.062 9.402 9.259 9.139 9.04 8.872 8.85 8.681 8.491
21.0402 9.919 9.968 9.893 9.7 9.558 9.419 9.78 9.678 9.555 9.414 9.273 9.124 9.683 9.51 9.338 9.218 9.107 9.447 9.304 9.184 9.085 8.917 8.895 8.726 8.535
21.5478 9.963 10.013 9.938 9.745 9.603 9.464 9.824 9.723 9.6 9.458 9.318 9.169 9.728 9.555 9.383 9.263 9.152 9.491 9.349 9.229 9.13 8.962 8.94 8.771 8.58
22.0676 10.008 10.058 9.983 9.79 9.648 9.508 9.869 9.768 9.645 9.503 9.363 9.214 9.773 9.6 9.428 9.307 9.197 9.536 9.394 9.274 9.175 9.007 8.985 8.816 8.625
22.5999 10.05 10.1 10.025 9.832 9.689 9.55 9.911 9.809 9.687 9.545 9.405 9.256 9.814 9.642 9.47 9.349 9.239 9.578 9.435 9.316 9.217 9.048 9.027 8.857 8.667
23.1451 10.091 10.141 10.066 9.873 9.73 9.591 9.952 9.85 9.728 9.586 9.446 9.297 9.855 9.683 9.511 9.39 9.28 9.619 9.476 9.357 9.258 9.089 9.068 8.898 8.708
23.7034 10.132 10.182 10.107 9.914 9.771 9.632 9.993 9.891 9.769 9.627 9.487 9.338 9.896 9.724 9.552 9.431 9.321 9.66 9.517 9.398 9.299 9.13 9.109 8.939 8.749
24.2752 10.173 10.223 10.148 9.955 9.812 9.673 10.034 9.932 9.81 9.668 9.528 9.379 9.937 9.765 9.593 9.472 9.362 9.701 9.558 9.439 9.34 9.171 9.15 8.98 8.79
24.8608 10.214 10.264 10.189 9.996 9.853 9.714 10.075 9.973 9.851 9.709 9.569 9.42 9.978 9.806 9.634 9.513 9.403 9.742 9.599 9.48 9.381 9.212 9.191 9.021 8.831
25.4606 10.255 10.305 10.23 10.037 9.894 9.755 10.116 10.014 9.892 9.75 9.61 9.461 10.019 9.847 9.675 9.554 9.444 9.783 9.64 9.521 9.422 9.253 9.232 9.062 8.872
26.0748 10.296 10.346 10.271 10.078 9.935 9.796 10.157 10.055 9.933 9.791 9.651 9.502 10.06 9.888 9.716 9.595 9.485 9.824 9.682 9.562 9.463 9.294 9.273 9.103 8.913
26.7038 10.337 10.387 10.312 10.119 9.976 9.837 10.198 10.096 9.974 9.832 9.692 9.543 10.101 9.929 9.757 9.636 9.526 9.865 9.723 9.603 9.504 9.335 9.314 9.144 8.954
27.3479 10.378 10.428 10.353 10.16 10.017 9.878 10.239 10.137 10.015 9.873 9.733 9.584 10.142 9.97 9.798 9.677 9.567 9.906 9.764 9.644 9.545 9.376 9.355 9.185 8.995
28.0077 10.419 10.469 10.394 10.201 10.058 9.919 10.28 10.178 10.056 9.914 9.774 9.625 10.183 10.011 9.839 9.718 9.608 9.947 9.805 9.685 9.586 9.417 9.396 9.226 9.036
28.6833 10.458 10.507 10.432 10.239 10.097 9.958 10.319 10.217 10.095 9.953 9.812 9.664 10.222 10.049 9.878 9.757 9.646 9.986 9.843 9.723 9.624 9.456 9.434 9.265 9.075
29.3752 10.496 10.546 10.471 10.278 10.135 9.996 10.357 10.255 10.133 9.991 9.851 9.702 10.26 10.088 9.916 9.795 9.685 10.024 9.882 9.762 9.663 9.494 9.473 9.303 9.113
30.0838 10.535 10.584 10.509 10.316 10.174 10.035 10.396 10.294 10.171 10.03 9.889 9.741 10.299 10.126 9.954 9.834 9.723 10.063 9.92 9.8 9.701 9.533 9.511 9.342 9.151
30.8096 10.573 10.622 10.548 10.355 10.212 10.073 10.434 10.332 10.21 10.068 9.928 9.779 10.337 10.165 9.993 9.872 9.762 10.101 9.958 9.839 9.74 9.571 9.55 9.38 9.19
31.5528 10.611 10.661 10.586 10.393 10.251 10.112 10.472 10.371 10.248 10.106 9.966 9.817 10.376 10.203 10.031 9.911 9.8 10.139 9.997 9.877 9.778 9.61 9.588 9.419 9.228
32.3139 10.65 10.699 10.625 10.432 10.289 10.15 10.511 10.409 10.287 10.145 10.004 9.856 10.414 10.242 10.07 9.949 9.838 10.178 10.035 9.915 9.816 9.648 9.626 9.457 9.267
33.0935 10.688 10.738 10.663 10.47 10.328 10.188 10.549 10.448 10.325 10.183 10.043 9.894 10.453 10.28 10.108 9.988 9.877 10.216 10.074 9.954 9.855 9.687 9.665 9.496 9.305
33.8918 10.727 10.776 10.701 10.508 10.366 10.227 10.588 10.486 10.364 10.222 10.081 9.933 10.491 10.318 10.147 10.026 9.915 10.255 10.112 9.992 9.893 9.725 9.703 9.534 9.344
34.7093 10.765 10.815 10.74 10.547 10.404 10.265 10.626 10.524 10.402 10.26 10.12 9.971 10.53 10.357 10.185 10.064 9.954 10.293 10.151 10.031 9.932 9.763 9.742 9.572 9.382
35.5466 10.804 10.853 10.779 10.586 10.443 10.304 10.665 10.563 10.441 10.299 10.158 10.01 10.568 10.396 10.224 10.103 9.992 10.332 10.189 10.07 9.971 9.802 9.781 9.611 9.421
36.4041 10.846 10.895 10.821 10.628 10.485 10.346 10.707 10.605 10.483 10.341 10.2 10.052 10.61 10.438 10.266 10.145 10.034 10.374 10.231 10.112 10.012 9.844 9.823 9.653 9.463
37.2823 10.888 10.937 10.863 10.67 10.527 10.388 10.749 10.647 10.525 10.383 10.242 10.094 10.652 10.48 10.308 10.187 10.076 10.416 10.273 10.153 10.054 9.886 9.864 9.695 9.505
38.1817 10.93 10.979 10.904 10.712 10.569 10.43 10.791 10.689 10.567 10.425 10.284 10.136 10.694 10.522 10.35 10.229 10.118 10.458 10.315 10.195 10.096 9.928 9.906 9.737 9.547
39.1028 10.972 11.021 10.946 10.754 10.611 10.472 10.833 10.731 10.609 10.467 10.326 10.178 10.736 10.564 10.392 10.271 10.16 10.5 10.357 10.237 10.138 9.97 9.948 9.779 9.589
40.046 11.014 11.063 10.988 10.795 10.653 10.514 10.875 10.773 10.651 10.509 10.368 10.22 10.778 10.606 10.434 10.313 10.202 10.542 10.399 10.279 10.18 10.012 9.99 9.821 9.631
41.0121 11.056 11.105 11.03 10.837 10.695 10.556 10.917 10.815 10.693 10.551 10.41 10.262 10.82 10.648 10.476 10.355 10.244 10.584 10.441 10.321 10.222 10.054 10.032 9.863 9.673
42.0014 11.098 11.147 11.072 10.879 10.737 10.598 10.959 10.857 10.735 10.593 10.452 10.304 10.862 10.69 10.518 10.397 10.286 10.626 10.483 10.363 10.264 10.096 10.074 9.905 9.715
43.0146 11.14 11.189 11.114 10.921 10.779 10.64 11.001 10.899 10.777 10.635 10.494 10.346 10.904 10.731 10.56 10.439 10.328 10.668 10.525 10.405 10.306 10.138 10.116 9.947 9.757
44.0523 11.182 11.231 11.156 10.963 10.821 10.682 11.043 10.941 10.819 10.677 10.536 10.388 10.946 10.773 10.602 10.481 10.37 10.71 10.567 10.447 10.348 10.18 10.158 9.989 9.799
45.1149 11.223 11.272 11.197 11.004 10.862 10.723 11.084 10.982 10.859 10.718 10.577 10.429 10.987 10.814 10.642 10.522 10.411 10.751 10.608 10.488 10.389 10.221 10.199 10.03 9.839
46.2033 11.26 11.309 11.234 11.041 10.899 10.76 11.121 11.019 10.897 10.755 10.614 10.466 11.024 10.851 10.68 10.559 10.448 10.788 10.645 10.525 10.426 10.258 10.236 10.067 9.877
47.3178 11.297 11.346 11.271 11.078 10.936 10.797 11.158 11.056 10.934 10.792 10.651 10.503 11.061 10.888 10.717 10.596 10.485 10.825 10.682 10.562 10.463 10.295 10.273 10.104 9.914
48.4593 11.334 11.383 11.308 11.115 10.973 10.834 11.195 11.093 10.971 10.829 10.688 10.54 11.098 10.926 10.754 10.633 10.522 10.862 10.719 10.599 10.5 10.332 10.31 10.141 9.951
49.6283 11.371 11.42 11.346 11.153 11.01 10.871 11.232 11.13 11.008 10.866 10.725 10.577 11.135 10.963 10.791 10.67 10.559 10.899 10.756 10.636 10.537 10.369 10.347 10.178 9.988
50.8255 11.408 11.457 11.383 11.19 11.047 10.908 11.269 11.167 11.045 10.903 10.762 10.614 11.172 11.0 10.828 10.707 10.597 10.936 10.793 10.674 10.575 10.406 10.385 10.215 10.025
52.0515 11.445 11.495 11.42 11.227 11.084 10.945 11.306 11.204 11.082 10.94 10.8 10.651 11.209 11.037 10.865 10.744 10.634 10.973 10.83 10.711 10.612 10.443 10.422 10.252 10.062
53.3072 11.482 11.532 11.457 11.264 11.121 10.982 11.343 11.241 11.119 10.977 10.837 10.688 11.246 11.074 10.902 10.781 10.671 11.01 10.868 10.748 10.649 10.48 10.459 10.289 10.099
54.5931 11.519 11.569 11.494 11.301 11.158 11.019 11.38 11.279 11.156 11.014 10.874 10.725 11.284 11.111 10.939 10.818 10.708 11.047 10.905 10.785 10.686 10.518 10.496 10.326 10.136
55.9101 11.556 11.606 11.531 11.338 11.196 11.056 11.417 11.316 11.193 11.051 10.911 10.762 11.321 11.148 10.976 10.856 10.745 11.084 10.942 10.822 10.723 10.555 10.533 10.364 10.173
57.2588 11.593 11.642 11.568 11.375 11.232 11.093 11.454 11.352 11.23 11.088 10.947 10.799 11.357 11.185 11.013 10.892 10.782 11.121 10.978 10.859 10.76 10.591 10.57 10.4 10.21
58.6401 11.629 11.678 11.604 11.411 11.268 11.129 11.49 11.388 11.266 11.124 10.983 10.835 11.393 11.221 11.049 10.928 10.817 11.157 11.014 10.894 10.795 10.627 10.605 10.436 10.246
60.0546 11.665 11.714 11.639 11.446 11.304 11.165 11.526 11.424 11.302 11.16 11.019 10.871 11.429 11.257 11.085 10.964 10.853 11.193 11.05 10.93 10.831 10.663 10.641 10.472 10.282
61.5034 11.701 11.75 11.675 11.482 11.34 11.201 11.562 11.46 11.338 11.196 11.055 10.907 11.465 11.292 11.121 11.0 10.889 11.229 11.086 10.966 10.867 10.699 10.677 10.508 10.318
62.987 11.737 11.786 11.711 11.518 11.376 11.237 11.598 11.496 11.374 11.232 11.091 10.943 11.501 11.328 11.157 11.036 10.925 11.265 11.122 11.002 10.903 10.735 10.713 10.544 10.354
64.5065 11.773 11.822 11.747 11.554 11.412 11.273 11.634 11.532 11.409 11.268 11.127 10.979 11.537 11.364 11.192 11.072 10.961 11.301 11.158 11.038 10.939 10.771 10.749 10.58 10.389
66.0626 11.809 11.858 11.783 11.59 11.448 11.309 11.669 11.568 11.445 11.303 11.163 11.014 11.573 11.4 11.228 11.108 10.997 11.336 11.194 11.074 10.975 10.807 10.785 10.616 10.425
67.6562 11.844 11.894 11.819 11.626 11.484 11.345 11.705 11.604 11.481 11.339 11.199 11.05 11.609 11.436 11.264 11.144 11.033 11.372 11.23 11.11 11.011 10.843 10.821 10.652 10.461
69.2883 11.88 11.93 11.855 11.662 11.52 11.38 11.741 11.64 11.517 11.375 11.235 11.086 11.645 11.472 11.3 11.18 11.069 11.408 11.266 11.146 11.047 10.879 10.857 10.688 10.497
70.9597 11.916 11.966 11.891 11.698 11.556 11.416 11.777 11.676 11.553 11.411 11.271 11.122 11.681 11.508 11.336 11.215 11.105 11.444 11.302 11.182 11.083 10.915 10.893 10.724 10.533
72.6715 11.953 12.002 11.927 11.734 11.592 11.453 11.813 11.712 11.589 11.448 11.307 11.158 11.717 11.544 11.372 11.252 11.141 11.481 11.338 11.218 11.119 10.951 10.929 10.76 10.569
74.4246 11.989 12.039 11.964 11.771 11.628 11.489 11.85 11.748 11.626 11.484 11.344 11.195 11.753 11.581 11.409 11.288 11.178 11.517 11.375 11.255 11.156 10.987 10.966 10.796 10.606
76.2199 12.026 12.075 12.0 11.807 11.665 11.526 11.887 11.785 11.663 11.521 11.38 11.232 11.79 11.617 11.446 11.325 11.214 11.554 11.411 11.291 11.192 11.024 11.002 10.833 10.643
78.0586 12.062 12.112 12.037 11.844 11.702 11.562 11.923 11.822 11.699 11.557 11.417 11.268 11.827 11.654 11.482 11.361 11.251 11.59 11.448 11.328 11.229 11.061 11.039 10.87 10.679
79.9416 12.099 12.148 12.073 11.881 11.738 11.599 11.96 11.858 11.736 11.594 11.453 11.305 11.863 11.691 11.519 11.398 11.287 11.627 11.484 11.364 11.265 11.097 11.075 10.906 10.716
81.87 12.135 12.185 12.11 11.917 11.775 11.636 11.996 11.895 11.772 11.63 11.49 11.341 11.9 11.727 11.555 11.435 11.324 11.663 11.521 11.401 11.302 11.134 11.112 10.943 10.752
83.845 12.172 12.222 12.147 11.954 11.811 11.672 12.033 11.931 11.809 11.667 11.527 11.378 11.936 11.764 11.592 11.471 11.361 11.7 11.557 11.438 11.339 11.17 11.149 10.979 10.789
85.8676 12.209 12.258 12.183 11.99 11.848 11.709 12.07 11.968 11.845 11.704 11.563 11.415 11.973 11.8 11.629 11.508 11.397 11.737 11.594 11.474 11.375 11.207 11.185 11.016 10.826
87.939 12.245 12.295 12.22 12.027 11.884 11.745 12.106 12.004 11.882 11.74 11.6 11.451 12.01 11.837 11.665 11.544 11.434 11.773 11.631 11.511 11.412 11.243 11.222 11.052 10.862
90.0604 12.282 12.331 12.256 12.063 11.921 11.782 12.143 12.041 11.919 11.777 11.636 11.488 12.046 11.874 11.702 11.581 11.47 11.81 11.667 11.547 11.448 11.28 11.258 11.089 10.899
92.2329 12.317 12.366 12.291 12.098 11.956 11.817 12.178 12.076 11.954 11.812 11.671 11.523 12.081 11.908 11.737 11.616 11.505 11.845 11.702 11.582 11.483 11.315 11.293 11.124 10.934
