web/models/linear/89/-20_082_0_001.dat
# %ECSV 1.0
# ---
# datatype:
# - {name: time, datatype: float64}
# - {name: swift_uvot_uvw2, datatype: float64}
# - {name: swift_uvot_uvm2, datatype: float64}
# - {name: swift_uvot_uvw1, datatype: float64}
# - {name: swift_uvot_U, datatype: float64}
# - {name: swift_uvot_B, datatype: float64}
# - {name: swift_uvot_V, datatype: float64}
# - {name: swift_uvot_W, datatype: float64}
# - {name: johnson_U, datatype: float64}
# - {name: johnson_B, datatype: float64}
# - {name: johnson_V, datatype: float64}
# - {name: johnson_R, datatype: float64}
# - {name: johnson_I, datatype: float64}
# - {name: sdss_u, datatype: float64}
# - {name: sdss_g, datatype: float64}
# - {name: sdss_r, datatype: float64}
# - {name: sdss_i, datatype: float64}
# - {name: sdss_z, datatype: float64}
# - {name: PS1_g, datatype: float64}
# - {name: PS1_r, datatype: float64}
# - {name: PS1_i, datatype: float64}
# - {name: PS1_z, datatype: float64}
# - {name: PS1_Y, datatype: float64}
# - {name: PS1_w, datatype: float64}
# - {name: ATLAS_c, datatype: float64}
# - {name: ATLAS_o, datatype: float64}
# - {name: ukirt_J, datatype: float64}
# - {name: ukirt_H, datatype: float64}
# - {name: ukirt_K, datatype: float64}
# - {name: Clear, datatype: float64}
# meta: !!omap
# - comment: [M=-20.081632653061227, dM=0.001363753625603554]
# schema: astropy-2.0
time swift_uvot_uvw2 swift_uvot_uvm2 swift_uvot_uvw1 swift_uvot_U swift_uvot_B swift_uvot_V swift_uvot_W johnson_U johnson_B johnson_V johnson_R johnson_I sdss_u sdss_g sdss_r sdss_i sdss_z PS1_g PS1_r PS1_i PS1_z PS1_Y PS1_w ATLAS_c ATLAS_o ukirt_J ukirt_H ukirt_K Clear
[from data line 82]
6.180904522613065 -20.073203422109003 -20.073203422109003 -20.073203422109003 -20.073203422109003 -20.073203422109003 -20.073203422109003 -20.073203422109003 -20.073203422109003 -20.073203422109003 -20.073203422109003 -20.073203422109003 -20.073203422109003 -20.073203422109003 -20.073203422109003 -20.073203422109003 -20.073203422109003 -20.073203422109003 -20.073203422109003 -20.073203422109003 -20.073203422109003 -20.073203422109003 -20.073203422109003 -20.073203422109003 -20.073203422109003 -20.073203422109003 -20.073203422109003 -20.073203422109003 -20.073203422109003 -20.073203422109003
6.256281407035175 -20.073100626609587 -20.073100626609587 -20.073100626609587 -20.073100626609587 -20.073100626609587 -20.073100626609587 -20.073100626609587 -20.073100626609587 -20.073100626609587 -20.073100626609587 -20.073100626609587 -20.073100626609587 -20.073100626609587 -20.073100626609587 -20.073100626609587 -20.073100626609587 -20.073100626609587 -20.073100626609587 -20.073100626609587 -20.073100626609587 -20.073100626609587 -20.073100626609587 -20.073100626609587 -20.073100626609587 -20.073100626609587 -20.073100626609587 -20.073100626609587 -20.073100626609587 -20.073100626609587
6.331658291457286 -20.072997831110168 -20.072997831110168 -20.072997831110168 -20.072997831110168 -20.072997831110168 -20.072997831110168 -20.072997831110168 -20.072997831110168 -20.072997831110168 -20.072997831110168 -20.072997831110168 -20.072997831110168 -20.072997831110168 -20.072997831110168 -20.072997831110168 -20.072997831110168 -20.072997831110168 -20.072997831110168 -20.072997831110168 -20.072997831110168 -20.072997831110168 -20.072997831110168 -20.072997831110168 -20.072997831110168 -20.072997831110168 -20.072997831110168 -20.072997831110168 -20.072997831110168 -20.072997831110168
6.407035175879397 -20.072895035610753 -20.072895035610753 -20.072895035610753 -20.072895035610753 -20.072895035610753 -20.072895035610753 -20.072895035610753 -20.072895035610753 -20.072895035610753 -20.072895035610753 -20.072895035610753 -20.072895035610753 -20.072895035610753 -20.072895035610753 -20.072895035610753 -20.072895035610753 -20.072895035610753 -20.072895035610753 -20.072895035610753 -20.072895035610753 -20.072895035610753 -20.072895035610753 -20.072895035610753 -20.072895035610753 -20.072895035610753 -20.072895035610753 -20.072895035610753 -20.072895035610753 -20.072895035610753
6.482412060301507 -20.072792240111333 -20.072792240111333 -20.072792240111333 -20.072792240111333 -20.072792240111333 -20.072792240111333 -20.072792240111333 -20.072792240111333 -20.072792240111333 -20.072792240111333 -20.072792240111333 -20.072792240111333 -20.072792240111333 -20.072792240111333 -20.072792240111333 -20.072792240111333 -20.072792240111333 -20.072792240111333 -20.072792240111333 -20.072792240111333 -20.072792240111333 -20.072792240111333 -20.072792240111333 -20.072792240111333 -20.072792240111333 -20.072792240111333 -20.072792240111333 -20.072792240111333 -20.072792240111333
6.557788944723617 -20.072689444611918 -20.072689444611918 -20.072689444611918 -20.072689444611918 -20.072689444611918 -20.072689444611918 -20.072689444611918 -20.072689444611918 -20.072689444611918 -20.072689444611918 -20.072689444611918 -20.072689444611918 -20.072689444611918 -20.072689444611918 -20.072689444611918 -20.072689444611918 -20.072689444611918 -20.072689444611918 -20.072689444611918 -20.072689444611918 -20.072689444611918 -20.072689444611918 -20.072689444611918 -20.072689444611918 -20.072689444611918 -20.072689444611918 -20.072689444611918 -20.072689444611918 -20.072689444611918
6.633165829145728 -20.072586649112502 -20.072586649112502 -20.072586649112502 -20.072586649112502 -20.072586649112502 -20.072586649112502 -20.072586649112502 -20.072586649112502 -20.072586649112502 -20.072586649112502 -20.072586649112502 -20.072586649112502 -20.072586649112502 -20.072586649112502 -20.072586649112502 -20.072586649112502 -20.072586649112502 -20.072586649112502 -20.072586649112502 -20.072586649112502 -20.072586649112502 -20.072586649112502 -20.072586649112502 -20.072586649112502 -20.072586649112502 -20.072586649112502 -20.072586649112502 -20.072586649112502 -20.072586649112502
6.708542713567839 -20.072483853613083 -20.072483853613083 -20.072483853613083 -20.072483853613083 -20.072483853613083 -20.072483853613083 -20.072483853613083 -20.072483853613083 -20.072483853613083 -20.072483853613083 -20.072483853613083 -20.072483853613083 -20.072483853613083 -20.072483853613083 -20.072483853613083 -20.072483853613083 -20.072483853613083 -20.072483853613083 -20.072483853613083 -20.072483853613083 -20.072483853613083 -20.072483853613083 -20.072483853613083 -20.072483853613083 -20.072483853613083 -20.072483853613083 -20.072483853613083 -20.072483853613083 -20.072483853613083
6.783919597989949 -20.072381058113667 -20.072381058113667 -20.072381058113667 -20.072381058113667 -20.072381058113667 -20.072381058113667 -20.072381058113667 -20.072381058113667 -20.072381058113667 -20.072381058113667 -20.072381058113667 -20.072381058113667 -20.072381058113667 -20.072381058113667 -20.072381058113667 -20.072381058113667 -20.072381058113667 -20.072381058113667 -20.072381058113667 -20.072381058113667 -20.072381058113667 -20.072381058113667 -20.072381058113667 -20.072381058113667 -20.072381058113667 -20.072381058113667 -20.072381058113667 -20.072381058113667 -20.072381058113667
6.859296482412059 -20.072278262614248 -20.072278262614248 -20.072278262614248 -20.072278262614248 -20.072278262614248 -20.072278262614248 -20.072278262614248 -20.072278262614248 -20.072278262614248 -20.072278262614248 -20.072278262614248 -20.072278262614248 -20.072278262614248 -20.072278262614248 -20.072278262614248 -20.072278262614248 -20.072278262614248 -20.072278262614248 -20.072278262614248 -20.072278262614248 -20.072278262614248 -20.072278262614248 -20.072278262614248 -20.072278262614248 -20.072278262614248 -20.072278262614248 -20.072278262614248 -20.072278262614248 -20.072278262614248
6.93467336683417 -20.072175467114832 -20.072175467114832 -20.072175467114832 -20.072175467114832 -20.072175467114832 -20.072175467114832 -20.072175467114832 -20.072175467114832 -20.072175467114832 -20.072175467114832 -20.072175467114832 -20.072175467114832 -20.072175467114832 -20.072175467114832 -20.072175467114832 -20.072175467114832 -20.072175467114832 -20.072175467114832 -20.072175467114832 -20.072175467114832 -20.072175467114832 -20.072175467114832 -20.072175467114832 -20.072175467114832 -20.072175467114832 -20.072175467114832 -20.072175467114832 -20.072175467114832 -20.072175467114832
7.010050251256281 -20.072072671615413 -20.072072671615413 -20.072072671615413 -20.072072671615413 -20.072072671615413 -20.072072671615413 -20.072072671615413 -20.072072671615413 -20.072072671615413 -20.072072671615413 -20.072072671615413 -20.072072671615413 -20.072072671615413 -20.072072671615413 -20.072072671615413 -20.072072671615413 -20.072072671615413 -20.072072671615413 -20.072072671615413 -20.072072671615413 -20.072072671615413 -20.072072671615413 -20.072072671615413 -20.072072671615413 -20.072072671615413 -20.072072671615413 -20.072072671615413 -20.072072671615413 -20.072072671615413
7.085427135678391 -20.071969876115997 -20.071969876115997 -20.071969876115997 -20.071969876115997 -20.071969876115997 -20.071969876115997 -20.071969876115997 -20.071969876115997 -20.071969876115997 -20.071969876115997 -20.071969876115997 -20.071969876115997 -20.071969876115997 -20.071969876115997 -20.071969876115997 -20.071969876115997 -20.071969876115997 -20.071969876115997 -20.071969876115997 -20.071969876115997 -20.071969876115997 -20.071969876115997 -20.071969876115997 -20.071969876115997 -20.071969876115997 -20.071969876115997 -20.071969876115997 -20.071969876115997 -20.071969876115997
7.160804020100501 -20.071867080616578 -20.071867080616578 -20.071867080616578 -20.071867080616578 -20.071867080616578 -20.071867080616578 -20.071867080616578 -20.071867080616578 -20.071867080616578 -20.071867080616578 -20.071867080616578 -20.071867080616578 -20.071867080616578 -20.071867080616578 -20.071867080616578 -20.071867080616578 -20.071867080616578 -20.071867080616578 -20.071867080616578 -20.071867080616578 -20.071867080616578 -20.071867080616578 -20.071867080616578 -20.071867080616578 -20.071867080616578 -20.071867080616578 -20.071867080616578 -20.071867080616578 -20.071867080616578
7.236180904522612 -20.071764285117162 -20.071764285117162 -20.071764285117162 -20.071764285117162 -20.071764285117162 -20.071764285117162 -20.071764285117162 -20.071764285117162 -20.071764285117162 -20.071764285117162 -20.071764285117162 -20.071764285117162 -20.071764285117162 -20.071764285117162 -20.071764285117162 -20.071764285117162 -20.071764285117162 -20.071764285117162 -20.071764285117162 -20.071764285117162 -20.071764285117162 -20.071764285117162 -20.071764285117162 -20.071764285117162 -20.071764285117162 -20.071764285117162 -20.071764285117162 -20.071764285117162 -20.071764285117162
7.311557788944723 -20.071661489617743 -20.071661489617743 -20.071661489617743 -20.071661489617743 -20.071661489617743 -20.071661489617743 -20.071661489617743 -20.071661489617743 -20.071661489617743 -20.071661489617743 -20.071661489617743 -20.071661489617743 -20.071661489617743 -20.071661489617743 -20.071661489617743 -20.071661489617743 -20.071661489617743 -20.071661489617743 -20.071661489617743 -20.071661489617743 -20.071661489617743 -20.071661489617743 -20.071661489617743 -20.071661489617743 -20.071661489617743 -20.071661489617743 -20.071661489617743 -20.071661489617743 -20.071661489617743
7.3869346733668335 -20.071558694118327 -20.071558694118327 -20.071558694118327 -20.071558694118327 -20.071558694118327 -20.071558694118327 -20.071558694118327 -20.071558694118327 -20.071558694118327 -20.071558694118327 -20.071558694118327 -20.071558694118327 -20.071558694118327 -20.071558694118327 -20.071558694118327 -20.071558694118327 -20.071558694118327 -20.071558694118327 -20.071558694118327 -20.071558694118327 -20.071558694118327 -20.071558694118327 -20.071558694118327 -20.071558694118327 -20.071558694118327 -20.071558694118327 -20.071558694118327 -20.071558694118327 -20.071558694118327
7.462311557788944 -20.071455898618908 -20.071455898618908 -20.071455898618908 -20.071455898618908 -20.071455898618908 -20.071455898618908 -20.071455898618908 -20.071455898618908 -20.071455898618908 -20.071455898618908 -20.071455898618908 -20.071455898618908 -20.071455898618908 -20.071455898618908 -20.071455898618908 -20.071455898618908 -20.071455898618908 -20.071455898618908 -20.071455898618908 -20.071455898618908 -20.071455898618908 -20.071455898618908 -20.071455898618908 -20.071455898618908 -20.071455898618908 -20.071455898618908 -20.071455898618908 -20.071455898618908 -20.071455898618908
7.537688442211055 -20.071353103119492 -20.071353103119492 -20.071353103119492 -20.071353103119492 -20.071353103119492 -20.071353103119492 -20.071353103119492 -20.071353103119492 -20.071353103119492 -20.071353103119492 -20.071353103119492 -20.071353103119492 -20.071353103119492 -20.071353103119492 -20.071353103119492 -20.071353103119492 -20.071353103119492 -20.071353103119492 -20.071353103119492 -20.071353103119492 -20.071353103119492 -20.071353103119492 -20.071353103119492 -20.071353103119492 -20.071353103119492 -20.071353103119492 -20.071353103119492 -20.071353103119492 -20.071353103119492
7.613065326633166 -20.071250307620076 -20.071250307620076 -20.071250307620076 -20.071250307620076 -20.071250307620076 -20.071250307620076 -20.071250307620076 -20.071250307620076 -20.071250307620076 -20.071250307620076 -20.071250307620076 -20.071250307620076 -20.071250307620076 -20.071250307620076 -20.071250307620076 -20.071250307620076 -20.071250307620076 -20.071250307620076 -20.071250307620076 -20.071250307620076 -20.071250307620076 -20.071250307620076 -20.071250307620076 -20.071250307620076 -20.071250307620076 -20.071250307620076 -20.071250307620076 -20.071250307620076 -20.071250307620076
7.688442211055276 -20.071147512120657 -20.071147512120657 -20.071147512120657 -20.071147512120657 -20.071147512120657 -20.071147512120657 -20.071147512120657 -20.071147512120657 -20.071147512120657 -20.071147512120657 -20.071147512120657 -20.071147512120657 -20.071147512120657 -20.071147512120657 -20.071147512120657 -20.071147512120657 -20.071147512120657 -20.071147512120657 -20.071147512120657 -20.071147512120657 -20.071147512120657 -20.071147512120657 -20.071147512120657 -20.071147512120657 -20.071147512120657 -20.071147512120657 -20.071147512120657 -20.071147512120657 -20.071147512120657
7.763819095477386 -20.07104471662124 -20.07104471662124 -20.07104471662124 -20.07104471662124 -20.07104471662124 -20.07104471662124 -20.07104471662124 -20.07104471662124 -20.07104471662124 -20.07104471662124 -20.07104471662124 -20.07104471662124 -20.07104471662124 -20.07104471662124 -20.07104471662124 -20.07104471662124 -20.07104471662124 -20.07104471662124 -20.07104471662124 -20.07104471662124 -20.07104471662124 -20.07104471662124 -20.07104471662124 -20.07104471662124 -20.07104471662124 -20.07104471662124 -20.07104471662124 -20.07104471662124 -20.07104471662124
7.839195979899497 -20.070941921121822 -20.070941921121822 -20.070941921121822 -20.070941921121822 -20.070941921121822 -20.070941921121822 -20.070941921121822 -20.070941921121822 -20.070941921121822 -20.070941921121822 -20.070941921121822 -20.070941921121822 -20.070941921121822 -20.070941921121822 -20.070941921121822 -20.070941921121822 -20.070941921121822 -20.070941921121822 -20.070941921121822 -20.070941921121822 -20.070941921121822 -20.070941921121822 -20.070941921121822 -20.070941921121822 -20.070941921121822 -20.070941921121822 -20.070941921121822 -20.070941921121822 -20.070941921121822
7.914572864321608 -20.070839125622406 -20.070839125622406 -20.070839125622406 -20.070839125622406 -20.070839125622406 -20.070839125622406 -20.070839125622406 -20.070839125622406 -20.070839125622406 -20.070839125622406 -20.070839125622406 -20.070839125622406 -20.070839125622406 -20.070839125622406 -20.070839125622406 -20.070839125622406 -20.070839125622406 -20.070839125622406 -20.070839125622406 -20.070839125622406 -20.070839125622406 -20.070839125622406 -20.070839125622406 -20.070839125622406 -20.070839125622406 -20.070839125622406 -20.070839125622406 -20.070839125622406 -20.070839125622406
7.989949748743718 -20.070736330122987 -20.070736330122987 -20.070736330122987 -20.070736330122987 -20.070736330122987 -20.070736330122987 -20.070736330122987 -20.070736330122987 -20.070736330122987 -20.070736330122987 -20.070736330122987 -20.070736330122987 -20.070736330122987 -20.070736330122987 -20.070736330122987 -20.070736330122987 -20.070736330122987 -20.070736330122987 -20.070736330122987 -20.070736330122987 -20.070736330122987 -20.070736330122987 -20.070736330122987 -20.070736330122987 -20.070736330122987 -20.070736330122987 -20.070736330122987 -20.070736330122987 -20.070736330122987
8.065326633165828 -20.07063353462357 -20.07063353462357 -20.07063353462357 -20.07063353462357 -20.07063353462357 -20.07063353462357 -20.07063353462357 -20.07063353462357 -20.07063353462357 -20.07063353462357 -20.07063353462357 -20.07063353462357 -20.07063353462357 -20.07063353462357 -20.07063353462357 -20.07063353462357 -20.07063353462357 -20.07063353462357 -20.07063353462357 -20.07063353462357 -20.07063353462357 -20.07063353462357 -20.07063353462357 -20.07063353462357 -20.07063353462357 -20.07063353462357 -20.07063353462357 -20.07063353462357 -20.07063353462357
