web/models/linear/89/-20_082_0_005.dat
# %ECSV 1.0
# ---
# datatype:
# - {name: time, datatype: float64}
# - {name: sdss_u, datatype: float64}
# - {name: sdss_g, datatype: float64}
# - {name: sdss_r, datatype: float64}
# - {name: sdss_i, datatype: float64}
# - {name: sdss_z, datatype: float64}
# - {name: Clear, datatype: float64}
# - {name: johnson_B, datatype: float64}
# - {name: johnson_V, datatype: float64}
# - {name: johnson_R, datatype: float64}
# - {name: johnson_I, datatype: float64}
# - {name: ukirt_J, datatype: float64}
# - {name: ukirt_H, datatype: float64}
# - {name: ukirt_K, datatype: float64}
# meta: !!omap
# - comment: [M=-20.081632653061227, dM=0.0047171489618058615]
# schema: astropy-2.0
time sdss_u sdss_g sdss_r sdss_i sdss_z Clear johnson_B johnson_V johnson_R johnson_I ukirt_J ukirt_H ukirt_K
[from data line 118]
8.894472361809044 -20.03967610199391 -20.03967610199391 -20.03967610199391 -20.03967610199391 -20.03967610199391 -20.03967610199391 -20.03967610199391 -20.03967610199391 -20.03967610199391 -20.03967610199391 -20.03967610199391 -20.03967610199391 -20.03967610199391
8.969849246231155 -20.039320538001814 -20.039320538001814 -20.039320538001814 -20.039320538001814 -20.039320538001814 -20.039320538001814 -20.039320538001814 -20.039320538001814 -20.039320538001814 -20.039320538001814 -20.039320538001814 -20.039320538001814 -20.039320538001814
9.045226130653266 -20.038964974009716 -20.038964974009716 -20.038964974009716 -20.038964974009716 -20.038964974009716 -20.038964974009716 -20.038964974009716 -20.038964974009716 -20.038964974009716 -20.038964974009716 -20.038964974009716 -20.038964974009716 -20.038964974009716
9.120603015075377 -20.03860941001762 -20.03860941001762 -20.03860941001762 -20.03860941001762 -20.03860941001762 -20.03860941001762 -20.03860941001762 -20.03860941001762 -20.03860941001762 -20.03860941001762 -20.03860941001762 -20.03860941001762 -20.03860941001762
9.195979899497488 -20.038253846025526 -20.038253846025526 -20.038253846025526 -20.038253846025526 -20.038253846025526 -20.038253846025526 -20.038253846025526 -20.038253846025526 -20.038253846025526 -20.038253846025526 -20.038253846025526 -20.038253846025526 -20.038253846025526
9.271356783919597 -20.037898282033428 -20.037898282033428 -20.037898282033428 -20.037898282033428 -20.037898282033428 -20.037898282033428 -20.037898282033428 -20.037898282033428 -20.037898282033428 -20.037898282033428 -20.037898282033428 -20.037898282033428 -20.037898282033428
9.346733668341708 -20.037542718041333 -20.037542718041333 -20.037542718041333 -20.037542718041333 -20.037542718041333 -20.037542718041333 -20.037542718041333 -20.037542718041333 -20.037542718041333 -20.037542718041333 -20.037542718041333 -20.037542718041333 -20.037542718041333
9.422110552763819 -20.03718715404924 -20.03718715404924 -20.03718715404924 -20.03718715404924 -20.03718715404924 -20.03718715404924 -20.03718715404924 -20.03718715404924 -20.03718715404924 -20.03718715404924 -20.03718715404924 -20.03718715404924 -20.03718715404924
9.497487437185928 -20.03683159005714 -20.03683159005714 -20.03683159005714 -20.03683159005714 -20.03683159005714 -20.03683159005714 -20.03683159005714 -20.03683159005714 -20.03683159005714 -20.03683159005714 -20.03683159005714 -20.03683159005714 -20.03683159005714
9.572864321608039 -20.036476026065046 -20.036476026065046 -20.036476026065046 -20.036476026065046 -20.036476026065046 -20.036476026065046 -20.036476026065046 -20.036476026065046 -20.036476026065046 -20.036476026065046 -20.036476026065046 -20.036476026065046 -20.036476026065046
9.64824120603015 -20.03612046207295 -20.03612046207295 -20.03612046207295 -20.03612046207295 -20.03612046207295 -20.03612046207295 -20.03612046207295 -20.03612046207295 -20.03612046207295 -20.03612046207295 -20.03612046207295 -20.03612046207295 -20.03612046207295
9.72361809045226 -20.035764898080853 -20.035764898080853 -20.035764898080853 -20.035764898080853 -20.035764898080853 -20.035764898080853 -20.035764898080853 -20.035764898080853 -20.035764898080853 -20.035764898080853 -20.035764898080853 -20.035764898080853 -20.035764898080853
9.798994974874372 -20.035409334088758 -20.035409334088758 -20.035409334088758 -20.035409334088758 -20.035409334088758 -20.035409334088758 -20.035409334088758 -20.035409334088758 -20.035409334088758 -20.035409334088758 -20.035409334088758 -20.035409334088758 -20.035409334088758
9.874371859296481 -20.035053770096663 -20.035053770096663 -20.035053770096663 -20.035053770096663 -20.035053770096663 -20.035053770096663 -20.035053770096663 -20.035053770096663 -20.035053770096663 -20.035053770096663 -20.035053770096663 -20.035053770096663 -20.035053770096663
9.949748743718592 -20.034698206104565 -20.034698206104565 -20.034698206104565 -20.034698206104565 -20.034698206104565 -20.034698206104565 -20.034698206104565 -20.034698206104565 -20.034698206104565 -20.034698206104565 -20.034698206104565 -20.034698206104565 -20.034698206104565
10.025125628140703 -20.03434264211247 -20.03434264211247 -20.03434264211247 -20.03434264211247 -20.03434264211247 -20.03434264211247 -20.03434264211247 -20.03434264211247 -20.03434264211247 -20.03434264211247 -20.03434264211247 -20.03434264211247 -20.03434264211247
10.100502512562812 -20.033987078120376 -20.033987078120376 -20.033987078120376 -20.033987078120376 -20.033987078120376 -20.033987078120376 -20.033987078120376 -20.033987078120376 -20.033987078120376 -20.033987078120376 -20.033987078120376 -20.033987078120376 -20.033987078120376
10.175879396984923 -20.033631514128277 -20.033631514128277 -20.033631514128277 -20.033631514128277 -20.033631514128277 -20.033631514128277 -20.033631514128277 -20.033631514128277 -20.033631514128277 -20.033631514128277 -20.033631514128277 -20.033631514128277 -20.033631514128277
10.251256281407034 -20.033275950136183 -20.033275950136183 -20.033275950136183 -20.033275950136183 -20.033275950136183 -20.033275950136183 -20.033275950136183 -20.033275950136183 -20.033275950136183 -20.033275950136183 -20.033275950136183 -20.033275950136183 -20.033275950136183
10.326633165829145 -20.032920386144085 -20.032920386144085 -20.032920386144085 -20.032920386144085 -20.032920386144085 -20.032920386144085 -20.032920386144085 -20.032920386144085 -20.032920386144085 -20.032920386144085 -20.032920386144085 -20.032920386144085 -20.032920386144085
10.402010050251256 -20.03256482215199 -20.03256482215199 -20.03256482215199 -20.03256482215199 -20.03256482215199 -20.03256482215199 -20.03256482215199 -20.03256482215199 -20.03256482215199 -20.03256482215199 -20.03256482215199 -20.03256482215199 -20.03256482215199
10.477386934673365 -20.032209258159895 -20.032209258159895 -20.032209258159895 -20.032209258159895 -20.032209258159895 -20.032209258159895 -20.032209258159895 -20.032209258159895 -20.032209258159895 -20.032209258159895 -20.032209258159895 -20.032209258159895 -20.032209258159895
10.552763819095476 -20.031853694167797 -20.031853694167797 -20.031853694167797 -20.031853694167797 -20.031853694167797 -20.031853694167797 -20.031853694167797 -20.031853694167797 -20.031853694167797 -20.031853694167797 -20.031853694167797 -20.031853694167797 -20.031853694167797
10.628140703517587 -20.031498130175702 -20.031498130175702 -20.031498130175702 -20.031498130175702 -20.031498130175702 -20.031498130175702 -20.031498130175702 -20.031498130175702 -20.031498130175702 -20.031498130175702 -20.031498130175702 -20.031498130175702 -20.031498130175702
10.703517587939697 -20.031142566183608 -20.031142566183608 -20.031142566183608 -20.031142566183608 -20.031142566183608 -20.031142566183608 -20.031142566183608 -20.031142566183608 -20.031142566183608 -20.031142566183608 -20.031142566183608 -20.031142566183608 -20.031142566183608
10.778894472361808 -20.03078700219151 -20.03078700219151 -20.03078700219151 -20.03078700219151 -20.03078700219151 -20.03078700219151 -20.03078700219151 -20.03078700219151 -20.03078700219151 -20.03078700219151 -20.03078700219151 -20.03078700219151 -20.03078700219151
10.854271356783919 -20.030431438199415 -20.030431438199415 -20.030431438199415 -20.030431438199415 -20.030431438199415 -20.030431438199415 -20.030431438199415 -20.030431438199415 -20.030431438199415 -20.030431438199415 -20.030431438199415 -20.030431438199415 -20.030431438199415
10.92964824120603 -20.03007587420732 -20.03007587420732 -20.03007587420732 -20.03007587420732 -20.03007587420732 -20.03007587420732 -20.03007587420732 -20.03007587420732 -20.03007587420732 -20.03007587420732 -20.03007587420732 -20.03007587420732 -20.03007587420732
11.00502512562814 -20.02972031021522 -20.02972031021522 -20.02972031021522 -20.02972031021522 -20.02972031021522 -20.02972031021522 -20.02972031021522 -20.02972031021522 -20.02972031021522 -20.02972031021522 -20.02972031021522 -20.02972031021522 -20.02972031021522
11.08040201005025 -20.029364746223127 -20.029364746223127 -20.029364746223127 -20.029364746223127 -20.029364746223127 -20.029364746223127 -20.029364746223127 -20.029364746223127 -20.029364746223127 -20.029364746223127 -20.029364746223127 -20.029364746223127 -20.029364746223127
11.15577889447236 -20.029009182231032 -20.029009182231032 -20.029009182231032 -20.029009182231032 -20.029009182231032 -20.029009182231032 -20.029009182231032 -20.029009182231032 -20.029009182231032 -20.029009182231032 -20.029009182231032 -20.029009182231032 -20.029009182231032
11.231155778894472 -20.028653618238934 -20.028653618238934 -20.028653618238934 -20.028653618238934 -20.028653618238934 -20.028653618238934 -20.028653618238934 -20.028653618238934 -20.028653618238934 -20.028653618238934 -20.028653618238934 -20.028653618238934 -20.028653618238934
11.306532663316581 -20.02829805424684 -20.02829805424684 -20.02829805424684 -20.02829805424684 -20.02829805424684 -20.02829805424684 -20.02829805424684 -20.02829805424684 -20.02829805424684 -20.02829805424684 -20.02829805424684 -20.02829805424684 -20.02829805424684
11.381909547738692 -20.027942490254745 -20.027942490254745 -20.027942490254745 -20.027942490254745 -20.027942490254745 -20.027942490254745 -20.027942490254745 -20.027942490254745 -20.027942490254745 -20.027942490254745 -20.027942490254745 -20.027942490254745 -20.027942490254745
11.457286432160803 -20.027586926262646 -20.027586926262646 -20.027586926262646 -20.027586926262646 -20.027586926262646 -20.027586926262646 -20.027586926262646 -20.027586926262646 -20.027586926262646 -20.027586926262646 -20.027586926262646 -20.027586926262646 -20.027586926262646
11.532663316582914 -20.027231362270552 -20.027231362270552 -20.027231362270552 -20.027231362270552 -20.027231362270552 -20.027231362270552 -20.027231362270552 -20.027231362270552 -20.027231362270552 -20.027231362270552 -20.027231362270552 -20.027231362270552 -20.027231362270552
11.608040201005025 -20.026875798278457 -20.026875798278457 -20.026875798278457 -20.026875798278457 -20.026875798278457 -20.026875798278457 -20.026875798278457 -20.026875798278457 -20.026875798278457 -20.026875798278457 -20.026875798278457 -20.026875798278457 -20.026875798278457
11.683417085427134 -20.02652023428636 -20.02652023428636 -20.02652023428636 -20.02652023428636 -20.02652023428636 -20.02652023428636 -20.02652023428636 -20.02652023428636 -20.02652023428636 -20.02652023428636 -20.02652023428636 -20.02652023428636 -20.02652023428636
11.758793969849245 -20.026164670294264 -20.026164670294264 -20.026164670294264 -20.026164670294264 -20.026164670294264 -20.026164670294264 -20.026164670294264 -20.026164670294264 -20.026164670294264 -20.026164670294264 -20.026164670294264 -20.026164670294264 -20.026164670294264
11.834170854271356 -20.02580910630217 -20.02580910630217 -20.02580910630217 -20.02580910630217 -20.02580910630217 -20.02580910630217 -20.02580910630217 -20.02580910630217 -20.02580910630217 -20.02580910630217 -20.02580910630217 -20.02580910630217 -20.02580910630217
11.909547738693465 -20.02545354231007 -20.02545354231007 -20.02545354231007 -20.02545354231007 -20.02545354231007 -20.02545354231007 -20.02545354231007 -20.02545354231007 -20.02545354231007 -20.02545354231007 -20.02545354231007 -20.02545354231007 -20.02545354231007
11.984924623115576 -20.025097978317977 -20.025097978317977 -20.025097978317977 -20.025097978317977 -20.025097978317977 -20.025097978317977 -20.025097978317977 -20.025097978317977 -20.025097978317977 -20.025097978317977 -20.025097978317977 -20.025097978317977 -20.025097978317977
12.060301507537687 -20.024742414325882 -20.024742414325882 -20.024742414325882 -20.024742414325882 -20.024742414325882 -20.024742414325882 -20.024742414325882 -20.024742414325882 -20.024742414325882 -20.024742414325882 -20.024742414325882 -20.024742414325882 -20.024742414325882
12.135678391959798 -20.024386850333784 -20.024386850333784 -20.024386850333784 -20.024386850333784 -20.024386850333784 -20.024386850333784 -20.024386850333784 -20.024386850333784 -20.024386850333784 -20.024386850333784 -20.024386850333784 -20.024386850333784 -20.024386850333784
12.21105527638191 -20.02403128634169 -20.02403128634169 -20.02403128634169 -20.02403128634169 -20.02403128634169 -20.02403128634169 -20.02403128634169 -20.02403128634169 -20.02403128634169 -20.02403128634169 -20.02403128634169 -20.02403128634169 -20.02403128634169
12.286432160804019 -20.02367572234959 -20.02367572234959 -20.02367572234959 -20.02367572234959 -20.02367572234959 -20.02367572234959 -20.02367572234959 -20.02367572234959 -20.02367572234959 -20.02367572234959 -20.02367572234959 -20.02367572234959 -20.02367572234959
12.36180904522613 -20.023320158357496 -20.023320158357496 -20.023320158357496 -20.023320158357496 -20.023320158357496 -20.023320158357496 -20.023320158357496 -20.023320158357496 -20.023320158357496 -20.023320158357496 -20.023320158357496 -20.023320158357496 -20.023320158357496
12.43718592964824 -20.0229645943654 -20.0229645943654 -20.0229645943654 -20.0229645943654 -20.0229645943654 -20.0229645943654 -20.0229645943654 -20.0229645943654 -20.0229645943654 -20.0229645943654 -20.0229645943654 -20.0229645943654 -20.0229645943654
12.51256281407035 -20.022609030373303 -20.022609030373303 -20.022609030373303 -20.022609030373303 -20.022609030373303 -20.022609030373303 -20.022609030373303 -20.022609030373303 -20.022609030373303 -20.022609030373303 -20.022609030373303 -20.022609030373303 -20.022609030373303
12.58793969849246 -20.02225346638121 -20.02225346638121 -20.02225346638121 -20.02225346638121 -20.02225346638121 -20.02225346638121 -20.02225346638121 -20.02225346638121 -20.02225346638121 -20.02225346638121 -20.02225346638121 -20.02225346638121 -20.02225346638121
12.663316582914572 -20.021897902389114 -20.021897902389114 -20.021897902389114 -20.021897902389114 -20.021897902389114 -20.021897902389114 -20.021897902389114 -20.021897902389114 -20.021897902389114 -20.021897902389114 -20.021897902389114 -20.021897902389114 -20.021897902389114
12.738693467336683 -20.021542338397015 -20.021542338397015 -20.021542338397015 -20.021542338397015 -20.021542338397015 -20.021542338397015 -20.021542338397015 -20.021542338397015 -20.021542338397015 -20.021542338397015 -20.021542338397015 -20.021542338397015 -20.021542338397015
12.814070351758794 -20.02118677440492 -20.02118677440492 -20.02118677440492 -20.02118677440492 -20.02118677440492 -20.02118677440492 -20.02118677440492 -20.02118677440492 -20.02118677440492 -20.02118677440492 -20.02118677440492 -20.02118677440492 -20.02118677440492
12.889447236180903 -20.020831210412826 -20.020831210412826 -20.020831210412826 -20.020831210412826 -20.020831210412826 -20.020831210412826 -20.020831210412826 -20.020831210412826 -20.020831210412826 -20.020831210412826 -20.020831210412826 -20.020831210412826 -20.020831210412826
12.964824120603014 -20.020475646420728 -20.020475646420728 -20.020475646420728 -20.020475646420728 -20.020475646420728 -20.020475646420728 -20.020475646420728 -20.020475646420728 -20.020475646420728 -20.020475646420728 -20.020475646420728 -20.020475646420728 -20.020475646420728
13.040201005025125 -20.020120082428633 -20.020120082428633 -20.020120082428633 -20.020120082428633 -20.020120082428633 -20.020120082428633 -20.020120082428633 -20.020120082428633 -20.020120082428633 -20.020120082428633 -20.020120082428633 -20.020120082428633 -20.020120082428633
13.115577889447234 -20.01976451843654 -20.01976451843654 -20.01976451843654 -20.01976451843654 -20.01976451843654 -20.01976451843654 -20.01976451843654 -20.01976451843654 -20.01976451843654 -20.01976451843654 -20.01976451843654 -20.01976451843654 -20.01976451843654
