web/models/linear/89/-20_082_0_009.dat
# %ECSV 1.0
# ---
# datatype:
# - {name: time, datatype: float64}
# - {name: sdss_u, datatype: float64}
# - {name: sdss_g, datatype: float64}
# - {name: sdss_r, datatype: float64}
# - {name: sdss_i, datatype: float64}
# - {name: sdss_z, datatype: float64}
# - {name: Clear, datatype: float64}
# - {name: johnson_B, datatype: float64}
# - {name: johnson_V, datatype: float64}
# - {name: johnson_R, datatype: float64}
# - {name: johnson_I, datatype: float64}
# - {name: ukirt_J, datatype: float64}
# - {name: ukirt_H, datatype: float64}
# - {name: ukirt_K, datatype: float64}
# meta: !!omap
# - comment: [M=-20.081632653061227, dM=0.008773066621237415]
# schema: astropy-2.0
time sdss_u sdss_g sdss_r sdss_i sdss_z Clear johnson_B johnson_V johnson_R johnson_I ukirt_J ukirt_H ukirt_K
[from data line 176]
13.266331658291456 -19.965246241603605 -19.965246241603605 -19.965246241603605 -19.965246241603605 -19.965246241603605 -19.965246241603605 -19.965246241603605 -19.965246241603605 -19.965246241603605 -19.965246241603605 -19.965246241603605 -19.965246241603605 -19.965246241603605
13.341708542713567 -19.964584955174868 -19.964584955174868 -19.964584955174868 -19.964584955174868 -19.964584955174868 -19.964584955174868 -19.964584955174868 -19.964584955174868 -19.964584955174868 -19.964584955174868 -19.964584955174868 -19.964584955174868 -19.964584955174868
13.417085427135678 -19.963923668746133 -19.963923668746133 -19.963923668746133 -19.963923668746133 -19.963923668746133 -19.963923668746133 -19.963923668746133 -19.963923668746133 -19.963923668746133 -19.963923668746133 -19.963923668746133 -19.963923668746133 -19.963923668746133
13.492462311557787 -19.963262382317396 -19.963262382317396 -19.963262382317396 -19.963262382317396 -19.963262382317396 -19.963262382317396 -19.963262382317396 -19.963262382317396 -19.963262382317396 -19.963262382317396 -19.963262382317396 -19.963262382317396 -19.963262382317396
13.567839195979898 -19.962601095888658 -19.962601095888658 -19.962601095888658 -19.962601095888658 -19.962601095888658 -19.962601095888658 -19.962601095888658 -19.962601095888658 -19.962601095888658 -19.962601095888658 -19.962601095888658 -19.962601095888658 -19.962601095888658
13.64321608040201 -19.961939809459924 -19.961939809459924 -19.961939809459924 -19.961939809459924 -19.961939809459924 -19.961939809459924 -19.961939809459924 -19.961939809459924 -19.961939809459924 -19.961939809459924 -19.961939809459924 -19.961939809459924 -19.961939809459924
13.718592964824118 -19.961278523031186 -19.961278523031186 -19.961278523031186 -19.961278523031186 -19.961278523031186 -19.961278523031186 -19.961278523031186 -19.961278523031186 -19.961278523031186 -19.961278523031186 -19.961278523031186 -19.961278523031186 -19.961278523031186
13.79396984924623 -19.96061723660245 -19.96061723660245 -19.96061723660245 -19.96061723660245 -19.96061723660245 -19.96061723660245 -19.96061723660245 -19.96061723660245 -19.96061723660245 -19.96061723660245 -19.96061723660245 -19.96061723660245 -19.96061723660245
13.86934673366834 -19.959955950173715 -19.959955950173715 -19.959955950173715 -19.959955950173715 -19.959955950173715 -19.959955950173715 -19.959955950173715 -19.959955950173715 -19.959955950173715 -19.959955950173715 -19.959955950173715 -19.959955950173715 -19.959955950173715
13.944723618090451 -19.959294663744977 -19.959294663744977 -19.959294663744977 -19.959294663744977 -19.959294663744977 -19.959294663744977 -19.959294663744977 -19.959294663744977 -19.959294663744977 -19.959294663744977 -19.959294663744977 -19.959294663744977 -19.959294663744977
14.020100502512562 -19.95863337731624 -19.95863337731624 -19.95863337731624 -19.95863337731624 -19.95863337731624 -19.95863337731624 -19.95863337731624 -19.95863337731624 -19.95863337731624 -19.95863337731624 -19.95863337731624 -19.95863337731624 -19.95863337731624
14.095477386934672 -19.957972090887505 -19.957972090887505 -19.957972090887505 -19.957972090887505 -19.957972090887505 -19.957972090887505 -19.957972090887505 -19.957972090887505 -19.957972090887505 -19.957972090887505 -19.957972090887505 -19.957972090887505 -19.957972090887505
14.170854271356783 -19.957310804458768 -19.957310804458768 -19.957310804458768 -19.957310804458768 -19.957310804458768 -19.957310804458768 -19.957310804458768 -19.957310804458768 -19.957310804458768 -19.957310804458768 -19.957310804458768 -19.957310804458768 -19.957310804458768
14.246231155778894 -19.95664951803003 -19.95664951803003 -19.95664951803003 -19.95664951803003 -19.95664951803003 -19.95664951803003 -19.95664951803003 -19.95664951803003 -19.95664951803003 -19.95664951803003 -19.95664951803003 -19.95664951803003 -19.95664951803003
14.321608040201003 -19.955988231601296 -19.955988231601296 -19.955988231601296 -19.955988231601296 -19.955988231601296 -19.955988231601296 -19.955988231601296 -19.955988231601296 -19.955988231601296 -19.955988231601296 -19.955988231601296 -19.955988231601296 -19.955988231601296
14.396984924623114 -19.95532694517256 -19.95532694517256 -19.95532694517256 -19.95532694517256 -19.95532694517256 -19.95532694517256 -19.95532694517256 -19.95532694517256 -19.95532694517256 -19.95532694517256 -19.95532694517256 -19.95532694517256 -19.95532694517256
14.472361809045225 -19.95466565874382 -19.95466565874382 -19.95466565874382 -19.95466565874382 -19.95466565874382 -19.95466565874382 -19.95466565874382 -19.95466565874382 -19.95466565874382 -19.95466565874382 -19.95466565874382 -19.95466565874382 -19.95466565874382
14.547738693467336 -19.954004372315087 -19.954004372315087 -19.954004372315087 -19.954004372315087 -19.954004372315087 -19.954004372315087 -19.954004372315087 -19.954004372315087 -19.954004372315087 -19.954004372315087 -19.954004372315087 -19.954004372315087 -19.954004372315087
14.623115577889447 -19.95334308588635 -19.95334308588635 -19.95334308588635 -19.95334308588635 -19.95334308588635 -19.95334308588635 -19.95334308588635 -19.95334308588635 -19.95334308588635 -19.95334308588635 -19.95334308588635 -19.95334308588635 -19.95334308588635
14.698492462311556 -19.95268179945761 -19.95268179945761 -19.95268179945761 -19.95268179945761 -19.95268179945761 -19.95268179945761 -19.95268179945761 -19.95268179945761 -19.95268179945761 -19.95268179945761 -19.95268179945761 -19.95268179945761 -19.95268179945761
14.773869346733667 -19.952020513028877 -19.952020513028877 -19.952020513028877 -19.952020513028877 -19.952020513028877 -19.952020513028877 -19.952020513028877 -19.952020513028877 -19.952020513028877 -19.952020513028877 -19.952020513028877 -19.952020513028877 -19.952020513028877
14.849246231155778 -19.95135922660014 -19.95135922660014 -19.95135922660014 -19.95135922660014 -19.95135922660014 -19.95135922660014 -19.95135922660014 -19.95135922660014 -19.95135922660014 -19.95135922660014 -19.95135922660014 -19.95135922660014 -19.95135922660014
14.924623115577887 -19.950697940171402 -19.950697940171402 -19.950697940171402 -19.950697940171402 -19.950697940171402 -19.950697940171402 -19.950697940171402 -19.950697940171402 -19.950697940171402 -19.950697940171402 -19.950697940171402 -19.950697940171402 -19.950697940171402
15.0 -19.950036653742664 -19.950036653742664 -19.950036653742664 -19.950036653742664 -19.950036653742664 -19.950036653742664 -19.950036653742664 -19.950036653742664 -19.950036653742664 -19.950036653742664 -19.950036653742664 -19.950036653742664 -19.950036653742664
