web/models/kne/53/mosfit_kn_0.033839_0.2493_0.5000.dat
# %ECSV 1.0
# ---
# datatype:
# - {name: time, datatype: float64}
# - {name: PS1_g, datatype: float64}
# - {name: PS1_i, datatype: float64}
# - {name: PS1_r, datatype: float64}
# - {name: PS1_w, datatype: float64}
# - {name: PS1_y, datatype: float64}
# - {name: PS1_z, datatype: float64}
# - {name: swift_uvot_B, datatype: float64}
# - {name: swift_uvot_U, datatype: float64}
# - {name: swift_uvot_uvm2, datatype: float64}
# - {name: swift_uvot_uvw1, datatype: float64}
# - {name: swift_uvot_uvw2, datatype: float64}
# - {name: swift_uvot_V, datatype: float64}
# - {name: johnson_B, datatype: float64}
# - {name: johnson_I, datatype: float64}
# - {name: johnson_R, datatype: float64}
# - {name: johnson_U, datatype: float64}
# - {name: johnson_V, datatype: float64}
# - {name: sdss_g, datatype: float64}
# - {name: sdss_i, datatype: float64}
# - {name: sdss_r, datatype: float64}
# - {name: sdss_u, datatype: float64}
# - {name: sdss_z, datatype: float64}
# - {name: ATLAS_c, datatype: float64}
# - {name: ATLAS_o, datatype: float64}
# - {name: ukirt_H, datatype: float64}
# - {name: ukirt_J, datatype: float64}
# - {name: ukirt_K, datatype: float64}
# - {name: Clear, datatype: float64}
# meta: !!omap
# - comment: [kappa = 0.5, type = rprocess, mass = 0.03383890769761434, velocity = 0.24933333333333338, theta_obs = 0.0, tfloor = 1000.0]
# schema: astropy-2.0
time PS1_g PS1_i PS1_r PS1_w PS1_y PS1_z swift_uvot_B swift_uvot_U swift_uvot_uvm2 swift_uvot_uvw1 swift_uvot_uvw2 swift_uvot_V johnson_B johnson_I johnson_R johnson_U johnson_V sdss_g sdss_i sdss_r sdss_u sdss_z ATLAS_c ATLAS_o ukirt_H ukirt_J ukirt_K Clear
[from data line 377]
22.725450901803605 8.561344271032958 -0.3204845421663194 3.1545862358715127 1.1866624243675439 -3.843674590691588 -2.42599862584445 12.101250847597445 18.760194945492366 32.64879024952154 14.725777477566915 17.238793984046566 6.5208609639037425 10.897313530631255 -1.87399784858827 1.09603491813673 17.729193766240606 5.56583862873499 9.373884372347412 -0.23922859005333308 3.3830748953679546 19.26130047566719 -2.9994262378664516 5.133662805614172 0.6812502810043775 -8.792661968607083 -6.643172673117393 -10.152950649080255 -1.0992316193938123
22.785571142284567 8.567137834347207 -0.31469097885208797 3.160379799185762 1.1924559876817753 -3.837881027377339 -2.4202050625302185 12.107044410911676 18.765988508806597 32.654583812835774 14.731571040881164 17.244587547360798 6.526654527217992 10.903107093945486 -1.8682042852740386 1.1018284814509614 17.734987329554855 5.571632192049239 9.379677935661643 -0.2334350267390839 3.3888684586822038 19.267094038981423 -2.9936326745522024 5.139456368928403 0.6870438443186266 -8.786868405292834 -6.637379109803144 -10.147157085766006 -1.0934380560795631
22.84569138276553 8.572917769861252 -0.3089110433380249 3.166159734699807 1.1982359231958206 -3.8321010918632936 -2.4144251270161554 12.11282434642574 18.771768444320642 32.66036374834982 14.73735097639521 17.25036748287486 6.532434462732037 10.90888702945955 -1.8624243497599755 1.1076084169650067 17.7407672650689 5.577412127563284 9.385457871175689 -0.22765509122503857 3.394648394196249 19.272873974495468 -2.987852739038157 5.145236304442449 0.692823779832672 -8.781088469778789 -6.631599174289098 -10.14137715025196 -1.0876581205655178
22.905811623246493 8.57868416653071 -0.3031446466685672 3.171926131369265 1.204002319865296 -3.826334695193836 -2.4086587303466978 12.118590743095197 18.777534840990118 32.66613014501929 14.743117373064667 17.25613387954432 6.538200859401495 10.914653426129007 -1.8566579530905178 1.113374813634482 17.746533661738358 5.583178524232742 9.391224267845164 -0.2218886945555809 3.4004147908657067 19.278640371164943 -2.9820863423686994 5.151002701111924 0.6985901765021296 -8.775322073109331 -6.625832777619641 -10.135610753582503 -1.0818917238960601
22.965931863727455 8.58443711675104 -0.29739169644823704 3.1776790815896128 1.2097552700856262 -3.820581744973488 -2.4029057801263676 12.124343693315527 18.783287791210448 32.67188309523962 14.748870323284997 17.26188682976465 6.543953809621825 10.920406376349337 -1.8509050028701877 1.1191277638548123 17.752286611958706 5.58893147445309 9.396977218065494 -0.21613574433525073 3.406167741086037 19.284393321385274 -2.9763333921483692 5.156755651332254 0.7043431267224598 -8.769569122888983 -6.620079827399293 -10.129857803362173 -1.07613877367573
23.026052104208414 8.590176711441337 -0.2916521017579399 3.183418676279892 1.2154948647759056 -3.8148421502832086 -2.3971661854360704 12.130083288005824 18.789027385900727 32.67762268992991 14.754609917975294 17.267626424454946 6.549693404312122 10.926145971039634 -1.8451654081798905 1.1248673585451094 17.758026206648985 5.594671069143369 9.402716812755774 -0.21039614964495357 3.411907335776334 19.290132916075553 -2.970593797458072 5.162495246022534 0.710082721412757 -8.763829528198704 -6.614340232709013 -10.124118208671876 -1.0703991789854328
23.086172344689377 8.595903039447421 -0.2859257737518561 3.1891450042859937 1.2212211927820071 -3.809115822277125 -2.3914398574299867 12.135809616011908 18.79475371390683 32.683349017936 14.760336245981378 17.27335275246103 6.555419732318206 10.931872299045718 -1.8394390801738068 1.1305936865511932 17.763752534655087 5.600397397149471 9.408443140761875 -0.20466982163886982 3.417633663782418 19.295859244081655 -2.9648674694519883 5.168221574028635 0.7158090494188407 -8.758103200192602 -6.608613904702912 -10.118391880665792 -1.064672850979349
23.14629258517034 8.601616190928336 -0.2802126222709589 3.194858155766891 1.2269343442629044 -3.80340267079621 -2.3857267059490894 12.141522767492805 18.800466865387726 32.68906216941691 14.766049397462275 17.279065903941927 6.561132883799121 10.937585450526615 -1.8337259286929095 1.1363068380320904 17.769465686135984 5.606110548630368 9.414156292242772 -0.19895667015795482 3.423346815263315 19.30157239556255 -2.9591543179710733 5.1739347255095325 0.7215222008997557 -8.752390048711705 -6.6029007532220145 -10.112678729184877 -1.058959699498434
23.206412825651302 8.60731625436145 -0.274512558837845 3.200558219200005 1.2326344076960183 -3.797702607363096 -2.3800266425159755 12.14722283092592 18.80616692882084 32.69476223285001 14.77174946089539 17.28476596737504 6.566832947232235 10.94328551395973 -1.8280258652597956 1.1420069014652043 17.775165749569098 5.611810612063482 9.419856355675886 -0.1932566067248409 3.429046878696429 19.307272458995666 -2.9534542545379594 5.179634788942646 0.7272222643328696 -8.746689985278591 -6.597200689788901 -10.106978665751763 -1.0532596360653201
23.266533066132265 8.613003319914618 -0.268825493284659 3.206245284753173 1.2383214732491865 -3.7920155418099277 -2.3743395769627895 12.152909896479105 18.811853994374008 32.70044929840319 14.777436526448575 17.290453032928227 6.572520012785403 10.948972579512898 -1.8223387997066096 1.1476939670183726 17.780852815122266 5.61749767761665 9.425543421229055 -0.18756954117167268 3.434733944249615 19.312959524548834 -2.947767188984791 5.185321854495815 0.7329093298860379 -8.741002919725423 -6.591513624235732 -10.101291600198595 -1.047572570512152
23.326653306613224 8.618677475553866 -0.2631513376454109 3.211919440392439 1.2439956288884524 -3.7863413861706796 -2.3686654213235414 12.158584052118353 18.817528150013274 32.70612345404245 14.783110682087823 17.296127188567475 6.578194168424651 10.954646735152163 -1.8166646440673615 1.1533681226576384 17.786526970761514 5.623171833255916 9.43121757686832 -0.18189538553242457 3.440408099888863 19.3186336801881 -2.942093033345543 5.1909960101350805 0.738583485525286 -8.735328764086157 -6.5858394685964665 -10.095617444559347 -1.0418984148729038
23.386773547094187 8.624338807653782 -0.2574900055454954 3.2175807724923544 1.2496569609883679 -3.780680054070764 -2.363004089223626 12.164245384218269 18.82318948211319 32.71178478614236 14.788772014187739 17.30178852066739 6.5838555005245665 10.960308067252079 -1.811003311967446 1.159029454757554 17.79218830286143 5.6288331653558314 9.436878908968236 -0.17623405343250909 3.4460694319887786 19.324295012288015 -2.9364317012456276 5.196657342234996 0.7442448176252014 -8.729667431986242 -6.580178136496551 -10.089956112459431 -1.0362370827729883
23.44689378757515 8.629987406772912 -0.2518414064263652 3.223229371611467 1.2553055601074803 -3.775031454951634 -2.3573554901044957 12.1698939833374 18.828838081232302 32.71743338526148 14.794420613306869 17.30743711978652 6.589504099643697 10.965956666371191 -1.8053547128483158 1.1646780538766663 17.79783690198056 5.634481764474944 9.442527508087348 -0.1705854543133789 3.4517180311079088 19.329943611407128 -2.9307831021264974 5.202305941354108 0.7498934167443316 -8.724018832867129 -6.574529537377439 -10.0843075133403 -1.0305884836538581
23.507014028056112 8.635623359452271 -0.24620545374700598 3.228865324290844 1.2609415127868573 -3.769395502272257 -2.3517195374251365 12.175529936016758 18.83447403391168 32.72306933794085 14.800056565986228 17.31307307246588 6.595140052323074 10.971592619050568 -1.7997187601689566 1.1703140065560433 17.803472854659937 5.640117717154321 9.448163460766725 -0.16494950163401967 3.457353983787268 19.335579564086505 -2.925147149447138 5.207941894033485 0.7555293694236909 -8.718382880187752 -6.568893584698062 -10.078671560660942 -1.0249525309744811
23.567134268537075 8.641246752755798 -0.2405820604434794 3.2344887175943704 1.2665649060903839 -3.7637721089687304 -2.34609614412161 12.181153329320285 18.840097427215206 32.72869273124438 14.805679959289755 17.318696465769406 6.6007634456266 10.977216012354095 -1.79409536686543 1.17593739985957 17.809096247963463 5.645741110457847 9.453786854070252 -0.1593261083304931 3.4629773770907946 19.34120295739003 -2.9195237561436116 5.213565287337012 0.7611527627272174 -8.712759486884226 -6.563270191394535 -10.073048167357415 -1.0193291376709723
23.627254509018034 8.646857672058879 -0.23497114114039874 3.2400996368974333 1.2721758253934468 -3.7581611896656675 -2.3404852248185293 12.186764248623366 18.84570834651827 32.73430365054745 14.811290878592835 17.324307385072487 6.606374364929663 10.982826931657176 -1.7884844475623494 1.1815483191626506 17.814707167266526 5.65135202976091 9.459397773373315 -0.15371518902741244 3.4685882963938752 19.346813876693094 -2.913912836840531 5.219176206640075 0.7667636820302981 -8.707148567581163 -6.557659272091472 -10.067437248054334 -1.0137182183678917
23.687374749498996 8.652456203803123 -0.22937260939615456 3.2456981686416952 1.2777743571377087 -3.7525626579214055 -2.334886693074285 12.19236278036761 18.85130687826253 32.7399021822917 14.81688941033708 17.32990591681673 6.611972896673907 10.98842546340142 -1.7828859158181052 1.1871468509068948 17.820305699010788 5.656950561505172 9.464996305117577 -0.14811665728316825 3.4741868281381194 19.352412408437356 -2.9083143050962867 5.224774738384337 0.7723622137745423 -8.7015500358369 -6.55206074034721 -10.06183871631009 -1.0081196866236475
23.74749498997996 8.658042435345017 -0.22378637785427813 3.2512844001835717 1.2833605886795851 -3.746976426379529 -2.3293004615324087 12.197949011909486 18.856893109804407 32.74548841383359 14.822475641878974 17.335492148358608 6.6175591282158015 10.994011694943296 -1.7772996842762288 1.1927330824487712 17.825891930552665 5.662536793047049 9.470582536659453 -0.14253042574127406 3.4797730596800136 19.357998639979233 -2.9027280735543926 5.230360969926213 0.7779484453164365 -8.695963804295024 -6.546474508805334 -10.056252484768196 -1.0025334550817533
23.80761523046092 8.663616450259113 -0.21821236294016444 3.2568584150976854 1.2889346035936988 -3.7414024114654154 -2.323726446618295 12.2035230268236 18.86246712471852 32.751062428747694 14.82804965679307 17.34106616327272 6.623133143129915 10.99958570985741 -1.771725669362115 1.1983070973628849 17.83146594546678 5.668110807961162 9.476156551573567 -0.13695641082717813 3.4853470745941095 19.363572654893346 -2.8971540586402966 5.235934984840327 0.7835224602305324 -8.69038978938091 -6.54090049389122 -10.0506784698541 -0.9969594401676396
23.867735470941884 8.669178335169878 -0.21265047802939918 3.2624203000084506 1.294496488504464 -3.73584052655465 -2.3181645617075297 12.209084911734365 18.868029009629286 32.756624313658456 14.833611541703835 17.346628048183486 6.628695028040663 11.005147594768175 -1.7661637844513498 1.2038689822736501 17.837027830377544 5.673672692871928 9.481718436484332 -0.13139452591641287 3.490908959504875 19.36913453980411 -2.8915921737295314 5.241496869751092 0.7890843451412977 -8.684827904470145 -6.535338608980455 -10.045116584943335 -0.9913975552568921
23.927855711422843 8.674728174803281 -0.20710063839599613 3.2679701396418537 1.3000463281378671 -3.730290686921265 -2.3126147220741267 12.214634751367768 18.87357884926269 32.76217415329186 14.839161381337238 17.35217788781689 6.634244867674066 11.010697434401578 -1.7606139448179468 1.2094188219070532 17.842577670010947 5.679222532505331 9.487268276117735 -0.12584468628300982 3.496458799138278 19.374684379437515 -2.8860423340961283 5.247046709384495 0.7946341847747007 -8.679278064836742 -6.529788769347052 -10.039566745309932 -0.985847715623489
23.987975951903806 8.680266052510035 -0.20156276068924228 3.2735080173486075 1.305584205844621 -3.7247528092144933 -2.307076844367373 12.220172629074522 18.879116726969443 32.76771203099862 14.844699259043992 17.357715765523643 6.639782745380837 11.016235312108332 -1.755076067111193 1.214956699613807 17.8481155477177 5.684760410212085 9.492806153824489 -0.12030680857625597 3.5019966768450317 19.38022225714427 -2.8805044563893567 5.252584587091249 0.8001720624814546 -8.673740187129988 -6.524250891640298 -10.034028867603178 -0.9803098379167174
24.04809619238477 8.685792049805485 -0.19603676339379206 3.2790340146440577 1.3111102031400712 -3.719226811919043 -2.3015508470719226 12.225698626369972 18.884642724264893 32.77323802829407 14.850225256339442 17.363241762819094 6.645308742676288 11.021761309403782 -1.7495500698157427 1.2204826969092573 17.85364154501315 5.690286407507535 9.49833215111994 -0.11478081128078799 3.507522674140482 19.38574825443972 -2.8749784590939065 5.258110584386699 0.8056980597769048 -8.668214189834538 -6.518724894344848 -10.02850287030771 -0.9747838406212672
24.10821643286573 8.691306253816222 -0.19052255938307283 3.284548218654777 1.3166244071507904 -3.713712607908324 -2.2960366430612034 12.231212830380692 18.890156928275612 32.77875223230478 14.855739460350161 17.368755966829813 6.650822946687007 11.027275513414502 -1.7440358658050235 1.2259969009199765 17.85915574902387 5.695800611518254 9.503846355130658 -0.10926660727006876 3.513036878151201 19.391262458450438 -2.8694642550831873 5.2636247883974185 0.8112122637876418 -8.662699985823819 -6.5132106903341285 -10.02298866629699 -0.969269636610548
24.168336673346694 8.696808745493296 -0.185020067705981 3.290050710331851 1.3221268988278823 -3.7082101162312497 -2.2905341513841115 12.236715322057783 18.895659419952704 32.784254723981874 14.861241952027253 17.374258458506905 6.656325438364081 11.032778005091593 -1.7385333741279316 1.2314993925970683 17.864658240700944 5.701303103195346 9.50934884680775 -0.1037641155929947 3.518539369828293 19.39676495012753 -2.863961763406113 5.26912728007451 0.8167147554647158 -8.657197494146745 -6.507708198657054 -10.017486174619917 -0.9637671449334739
24.228456913827653 8.702299607761947 -0.17952920543732986 3.295541572600502 1.3276177610965334 -3.7027192539625986 -2.2850432891154604 12.242206184326434 18.901150282221355 32.78974558625052 14.866732814295904 17.379749320775556 6.661816300632732 11.038268867360244 -1.7330425118592805 1.2369902548657195 17.870149102969595 5.706793965463979 9.514839709076401 -0.09827325332434356 3.524030232096944 19.40225581239618 -2.858470901137462 5.2746181423431615 0.822205617733367 -8.651706631878094 -6.502217336388403 -10.011995312351265 -0.9582762826648228
24.288577154308616 8.707778925627228 -0.17404988757204976 3.3010208904658 1.3330970789618135 -3.6972399360973007 -2.2795639712501803 12.247685502191715 18.906629600086635 32.795224904115805 14.872212132161184 17.385228638640836 6.66729561849803 11.043748185225525 -1.7275631939940004 1.2424695727309996 17.875628420834893 5.712273283329277 9.520319026941682 -0.09279393545906345 3.529509549962224 19.40773513026146 -2.852991583272182 5.280097460208442 0.8276849355986471 -8.646227314012796 -6.496738018523105 -10.006515994485985 -0.9527969647995427
24.34869739478958 8.713246777779915 -0.16858203541936234 3.3064887426184875 1.338564931114501 -3.6917720839446133 -2.274096119097493 12.253153354344402 18.912097452239323 32.8006927562685 14.877679984313872 17.390696490793523 6.672763470650717 11.049216037378212 -1.722095341841313 1.247937424883687 17.88109627298758 5.7177411354819645 9.525786879094369 -0.08732608330637603 3.5349774021149116 19.41320298241415 -2.8475237311194945 5.285565312361129 0.8331527877513345 -8.640759461860108 -6.491270166370418 -10.001048142333298 -0.9473291126468553
