web/models/kne/53/mosfit_kn_0.095333_0.3277_10.0000.dat
# %ECSV 1.0
# ---
# datatype:
# - {name: time, datatype: float64}
# - {name: PS1_g, datatype: float64}
# - {name: PS1_i, datatype: float64}
# - {name: PS1_r, datatype: float64}
# - {name: PS1_w, datatype: float64}
# - {name: PS1_y, datatype: float64}
# - {name: PS1_z, datatype: float64}
# - {name: swift_uvot_B, datatype: float64}
# - {name: swift_uvot_U, datatype: float64}
# - {name: swift_uvot_uvm2, datatype: float64}
# - {name: swift_uvot_uvw1, datatype: float64}
# - {name: swift_uvot_uvw2, datatype: float64}
# - {name: swift_uvot_V, datatype: float64}
# - {name: johnson_B, datatype: float64}
# - {name: johnson_I, datatype: float64}
# - {name: johnson_R, datatype: float64}
# - {name: johnson_U, datatype: float64}
# - {name: johnson_V, datatype: float64}
# - {name: sdss_g, datatype: float64}
# - {name: sdss_i, datatype: float64}
# - {name: sdss_r, datatype: float64}
# - {name: sdss_u, datatype: float64}
# - {name: sdss_z, datatype: float64}
# - {name: ATLAS_c, datatype: float64}
# - {name: ATLAS_o, datatype: float64}
# - {name: ukirt_H, datatype: float64}
# - {name: ukirt_J, datatype: float64}
# - {name: ukirt_K, datatype: float64}
# - {name: Clear, datatype: float64}
# meta: !!omap
# - comment: [kappa = 10.0, type = rprocess, mass = 0.09533330950298248, velocity = 0.32766666666666666, theta_obs = 0.0, tfloor = 1000.0]
# schema: astropy-2.0
time PS1_g PS1_i PS1_r PS1_w PS1_y PS1_z swift_uvot_B swift_uvot_U swift_uvot_uvm2 swift_uvot_uvw1 swift_uvot_uvw2 swift_uvot_V johnson_B johnson_I johnson_R johnson_U johnson_V sdss_g sdss_i sdss_r sdss_u sdss_z ATLAS_c ATLAS_o ukirt_H ukirt_J ukirt_K Clear
0.06012024048096192 -10.886809513234343 -10.961919465844723 -10.993331396960215 -10.954960211017557 -10.783231246288612 -10.870913213951194 -10.669850679430148 -11.411235322387316 -10.527988193844017 -10.892533773759041 -10.054978754475513 -10.970529665651291 -10.690828957166904 -11.363437567387706 -11.201248113632769 -11.243851543965306 -10.987200163056928 -10.86351217680992 -10.972292747277095 -10.995457071134993 -10.46490089319036 -10.852459693803667 -10.936952487398521 -10.996379858018699 -10.116138122941097 -10.522138515237101 -9.691639976159594 -10.922309379632669
0.12024048096192384 -11.351569230164813 -11.759137550540135 -11.6642596458267 -11.590031842899737 -11.700174308287341 -11.742137073632577 -11.028933957810143 -11.493800734979445 -9.8977582068153 -10.571435449898168 -9.365113958586878 -11.542482854161442 -11.059080726087792 -12.194750238840754 -11.903796630330252 -11.378278761541296 -11.56682907693387 -11.29913262946042 -11.766280423953521 -11.665449063890545 -10.583887809182926 -11.735332015984596 -11.480901535468657 -11.720391140859405 -11.191585258307358 -11.525577491921 -10.815077677646004 -11.593058831904717
0.18036072144288576 -11.512598502737692 -12.158462552350908 -11.972009960986298 -11.882515657070698 -12.187334522966324 -12.195615518247607 -11.112999666349179 -11.382794890928665 -9.297507425798347 -10.208069526555725 -8.784021832010115 -11.77765368301759 -11.150924453505148 -12.619197077836379 -12.235503168348895 -11.302928530527343 -11.808437543287711 -11.439307265046512 -12.163233914806 -11.972144249977141 -10.49684078941489 -12.197593493782612 -11.7018497837131 -12.0683977318288 -11.795695648328175 -12.076685290870762 -11.454365517504888 -11.91557854344282
0.24048096192384769 -11.565215376903204 -12.403435359682078 -12.142464683661345 -12.046758125783725 -12.504472855721112 -12.484979713844844 -11.102729408005178 -11.216436952803068 -8.746445678893856 -9.8600606453987 -8.289057288711316 -11.888538692729213 -11.147712746793509 -12.884871767901213 -12.426132844382948 -11.164577947618366 -11.925113952020519 -11.47509554241724 -12.406259038272598 -12.141505205751706 -10.348653471848994 -12.494331255966848 -11.804785784903817 -12.272731301096371 -12.209574989358368 -12.446760060826916 -11.897271617940158 -12.106668994686505
0.3006012024048096 -11.565137109072054 -12.567542989574623 -12.24258130716084 -12.14572460763181 -12.73105170746783 -12.687438435727447 -11.048416698671055 -11.029594664154736 -8.23727971486694 -9.534278747615659 -7.858038618121629 -11.937121763817828 -11.100003175412873 -13.066943957131702 -12.544087251552416 -11.001166604245622 -11.979074354123645 -11.46064784786633 -12.568681800443038 -12.240513703670146 -10.17655845824919 -12.703291066627536 -11.849047603728291 -12.402756399804318 -12.52046454974863 -12.7194839988387 -12.233439672812592 -12.230315373666727
0.3607214428857715 -11.535494010804594 -12.682648562659846 -12.30100243454741 -12.206185424815548 -12.9018765658269 -12.836688973720936 -10.970522009104428 -10.835239551283795 -7.762803476559859 -9.23034662813226 -7.476384518806366 -11.949588199643905 -11.028389898491277 -13.19810674782045 -12.618722177241867 -10.827145890220635 -11.996622139301232 -11.418326590602756 -12.682285812766079 -12.297822735029307 -9.994657143901726 -12.858434440106201 -11.859560721857303 -12.488308139109563 -12.76697104319039 -12.93172979776706 -12.50264165456066 -12.31382894948192
0.42084168336673344 -11.487618853085468 -12.765186157692181 -12.332272079031465 -12.241655137824257 -13.035110012163411 -12.95024314646584 -10.878815529445031 -10.638816921507228 -7.3169393023092715 -8.94608519142098 -7.133722203141847 -11.939037566469228 -10.942724971236352 -13.295282504769592 -12.665002360492867 -10.648809302382844 -11.990929444545165 -11.359017317775617 -12.76345835724051 -12.327980895854438 -9.809036553936803 -12.977428781445752 -11.8487195883964 -12.544636169765564 -12.969479174109962 -13.10287105166278 -12.725939045607662 -12.371068414811308
0.48096192384769537 -11.428134423750578 -12.824921162192595 -12.344989055898221 -12.260103095413566 -13.141582105580287 -13.038530845791279 -10.778960245463313 -10.443346175838784 -6.895692126229156 -8.679750864934181 -6.82315884872699 -11.913179134506048 -10.848719577662681 -13.368537353019533 -12.69178360720342 -10.469693982448025 -11.969749044561782 -11.289068128791833 -12.821935949222247 -12.339590274795693 -9.623107720906017 -13.07079909563912 -11.823797798821474 -12.58077178342857 -13.140178084103907 -13.244479704033852 -12.915932841176454 -12.410217624665627
0.5410821643286573 -11.360805602532746 -12.867845195328105 -12.344313537881266 -12.26628169266549 -13.228046826567503 -13.108019172859784 -10.674038289493321 -10.250054475954933 -6.495412451178882 -8.429248369523705 -6.539069884939458 -11.876537457220461 -10.749493072354571 -13.42407855880283 -12.704411717157182 -10.29138731460706 -11.937638997428158 -11.212049764651724 -12.863689519471215 -12.337812222077229 -9.438367056794412 -13.145081169415604 -11.789030758711068 -12.60218834205208 -13.286794385610976 -13.363841529746432 -13.080642841909532 -12.436197556669804
0.6012024048096192 -11.287672448186026 -12.897715577769695 -12.333356611676933 -12.263033995154355 -13.298859436327408 -13.162837635436215 -10.565558288578611 -10.059033107079642 -6.112512925542453 -8.19221637520016 -6.276567723051233 -11.831726351470373 -10.646588037384856 -13.465833014387815 -12.706146718887112 -10.114252158230787 -11.897243115613277 -11.129852783938077 -12.892460166570796 -12.325757021388881 -9.255104598517399 -13.204459509700808 -11.746835122739672 -12.612248318021173 -13.414450175752746 -13.46573155685771 -13.225421391887958 -12.452001234268018
0.6613226452905812 -11.210395246834448 -12.917357087648398 -12.314505390262962 -12.252552358668751 -13.357247548838771 -13.206062219059387 -10.454823168360498 -9.870627113271091 -5.744842097428065 -7.9672189222726075 -6.032406267188332 -11.780798398491783 -10.541327551941237 -13.496739524887673 -12.699473816100959 -9.938818240757918 -11.8506323678017 -11.04403638392558 -12.911061725470407 -12.30581200585366 -9.073802097477248 -13.25204647695788 -11.69912047619258 -12.613505058169832 -13.526884757102414 -13.553657839606997 -13.354160836114362 -12.45991741172535
0.721442885771543 -11.130215143295956 -12.928871808555158 -12.289538067764028 -12.236469153372127 -13.405610897002695 -13.239980789240349 -10.342811048677476 -9.685109668183376 -5.390834043827016 -7.753145826699388 -5.8041161493072515 -11.725285245242116 -10.43470347844853 -13.518984330353405 -12.686242634220097 -9.765494915792925 -11.799351290070026 -10.95576716379945 -12.921588187288098 -12.279755785481044 -8.894833957421966 -13.290156535569544 -11.647310345331494 -12.607858317218597 -13.626873620542613 -13.630226309674567 -13.4697485721958 -12.461649120563116
0.781563126252505 -11.047856469200905 -12.933716525137857 -12.259633927581444 -12.215859264757771 -13.445663843465585 -13.266210509787708 -10.230020099129373 -9.502382873323434 -5.0488539368687695 -7.548769022109809 -5.589416320628477 -11.666153354536323 -10.327228140782218 -13.5340972291053 -12.66769592792696 -9.59429792425005 -11.744379216923909 -10.8657060483303 -12.925489340903429 -12.248767218430903 -8.718184930472699 -13.320430426669478 -11.59229044416394 -12.596595246374687 -13.716458985709002 -13.697331330546463 -13.574324281041894 -12.458339780328167
0.8416833667334669 -10.963800834390547 -12.932972788274313 -12.225646335580773 -12.19149873663845 -13.47870079205272 -13.285965319095787 -10.116745849583754 -9.322256039956791 -4.717464997978136 -7.352976060227441 -5.386377227044527 -11.604080582121298 -10.2192095521448 -13.543220171254468 -12.6447400654945 -9.425128680868735 -11.686405273051806 -10.774282748199333 -12.923840959002142 -12.213699024528548 -8.543730588923353 -13.344101771290315 -11.53467692936152 -12.58065927406209 -13.797206971120842 -13.756416564719858 -13.669534698738468 -12.450825125181737
0.9018036072144289 -10.878730782067532 -12.92769862031598 -12.188492210635431 -12.164231067017468 -13.505907952732201 -13.300383644263079 -10.00355894794944 -9.144995989220082 -4.396129914344214 -7.165285574854696 -5.193883527967408 -11.539878834717847 -10.111221378436856 -13.547447160638868 -12.618320214118263 -9.258313735491878 -11.626245039009094 -10.68214759893415 -12.917697567332134 -12.175469023358918 -8.371783578235199 -13.362319771961282 -11.475226397105711 -12.561016424651115 -13.87046097131149 -13.808754876018268 -13.756769254528026 -12.43997557843322
0.9619238476953907 -10.792575650354994 -12.918338537778702 -12.148417282809199 -12.134268979071141 -13.52791977747719 -13.310027360848924 -9.890223999713001 -8.969952731600852 -4.083168406303506 -6.984389135953268 -5.010111589774539 -11.473637405480225 -10.003044111008034 -13.547277009569846 -12.588733114937416 -9.093278961982609 -11.564001308395715 -10.589185220261985 -12.907498545215415 -12.134320881532972 -8.201745052447045 -13.375665033517663 -11.413995563957098 -12.537998254550349 -13.937104255264908 -13.855117298845999 -13.83698522603259 -12.426069297098579
1.0220440881763526 -10.705863929283854 -12.905644426809921 -12.10608983497604 -12.102228994950792 -13.545562985761723 -13.315695563051548 -9.777204818455811 -8.797410694897927 -3.778380618079143 -6.81003537373428 -4.834410234531944 -11.405963967004748 -9.895141294528806 -13.543482422250428 -12.556661816443093 -8.930344860220185 -11.50028255682164 -10.495905103543492 -12.893993730940956 -12.090923934761193 -8.033928167144158 -13.384942470791632 -11.351553041460232 -12.512299429139109 -13.998052352031747 -13.896379735514921 -13.911123700321928 -12.409735545249205
1.0821643286573146 -10.618776938760544 -12.89007070041853 -12.061859762319873 -12.068428889851823 -13.559389887766713 -13.317903565287121 -9.664598367694907 -8.627248148145554 -3.481085352293614 -6.641628892757403 -4.665858054547222 -11.33712856131859 -9.787615098853472 -13.536545526222874 -12.522480015920411 -8.769431055648457 -11.435363772620109 -10.402465074393739 -12.877634879703788 -12.045627822306582 -7.8682409172516365 -13.390676354544677 -11.288141248770334 -12.48431071376567 -14.053981602625514 -13.933162837385689 -13.979897385998877 -12.391320747969008
1.1422845691382766 -10.53131675216461 -12.871899516686689 -12.0159009969972 -12.033023730541252 -13.56978593325179 -13.316997416957754 -9.552317800750647 -8.459154154400164 -3.190413096651688 -6.478453547450105 -4.503477656768652 -11.26722057884318 -9.680386610376587 -13.526777935270069 -12.486388754018513 -8.610267809611749 -11.369341280159622 -10.308842987969644 -12.85870135519886 -11.998605502024127 -7.704400415658572 -13.393222772418394 -11.223830408458806 -12.454251914886019 -14.1054116637296 -13.965925865701026 -14.043865572991725 -12.371015287651321
1.2024048096192383 -10.443760078140762 -12.851552032631481 -11.9685801539136 -11.996350387215244 -13.577221653391085 -13.313429360206328 -9.440597815088331 -8.293248684444663 -2.9061757255093594 -6.320271431607054 -4.346819771836476 -11.196567132823436 -9.573690382675352 -13.514614528762252 -12.44876432342026 -8.452997970698075 -11.302542821665183 -10.215303310190542 -12.837612965004226 -11.950224200093782 -7.5425446666371165 -13.393037841628246 -11.158923884608445 -12.422507154885274 -14.152871827395062 -13.995171970754823 -14.10357427310611 -12.349165913742652
1.2625250501002003 -10.356124022091606 -12.82924317573272 -11.920035664527742 -11.958533238457303 -13.581984905773528 -13.307459473421535 -9.329393084054757 -8.129328759442629 -2.6277756833781067 -6.166571011015964 -4.195202624099611 -11.125247289158768 -9.46748622114724 -13.500290982169957 -12.40976387389048 -8.297447670034945 -11.235052078027168 -10.121846088775417 -12.814582663175766 -11.90062175882165 -7.382490697985524 -13.390388632271666 -11.09348622425955 -12.389246742042097 -14.196744106278095 -14.021240867619545 -14.15943314018138 -12.325921695600659
1.3226452905811623 -10.268392795910426 -12.805137876263668 -11.87036234573835 -11.919657377804835 -13.584307893289278 -13.299294255474692 -9.218630272861052 -7.967177089254509 -2.354638848981561 -6.016869462703021 -4.048006779216479 -11.053301053183706 -9.361706057122493 -13.483991411231735 -12.369499932794483 -8.143425950882836 -11.166913694751377 -10.028439929117816 -12.789773562380606 -11.849892299900961 -7.224038969666555 -13.385488223666702 -11.027546166099214 -12.354595481154824 -14.237348252288003 -14.044412955756263 -14.211787679620505 -12.30139161327493
1.3827655310621243 -10.180714639158133 -12.779486636028405 -11.819771732274393 -11.879916909322414 -13.584476925648215 -13.289206667536106 -9.10842746209725 -7.806831076128535 -2.0865886285692197 -5.870960287418825 -3.9049130977464617 -10.980911510954165 -9.256468215653658 -13.46597629145733 -12.32819130183903 -7.990986064198779 -11.098311501392002 -9.935224403848721 -12.76343518861303 -11.798247666035753 -7.067239095875202 -13.378612489302206 -10.961271881111774 -12.318778023613408 -14.275013781062816 -14.064998541177347 -14.260979655028175 -12.275778327968734
1.442885771543086 -10.093088897947862 -12.752422030854813 -11.768344683839302 -11.83938500996545 -13.582674149493315 -13.27735994045062 -8.998741815437292 -7.648142115528778 -1.8232130868439382 -5.7284876502449045 -3.7654760336824675 -10.908119354516927 -9.151733419858438 -13.446392301393708 -12.28593160577556 -7.83999884227746 -11.029289419497468 -9.842187382754979 -12.73569877840158 -11.74576827261646 -6.911955703815664 -13.369929445998778 -10.894695076035426 -12.281896975292046 -14.309986975271654 -14.083215124943498 -14.30727410579278 -12.249172442448266
1.503006012024048 -10.005782150490319 -12.724237946110772 -11.716365734538314 -11.798323053504394 -13.579199557268566 -13.264052349295756 -8.889835666011347 -7.491352428481832 -1.5646777677445227 -5.589483446530714 -3.629650094708875 -10.835205631383584 -9.04775958496652 -13.425534605603293 -12.243002813359862 -7.6907121747689295 -10.960125616406112 -9.749593394290166 -12.706858035848452 -11.692739864561599 -6.758437669758699 -13.359736842570893 -10.828079316210886 -12.244234206138618 -14.34256947275882 -14.099364003774804 -14.350972250221703 -12.221829894253755
1.56312625250501 -9.918409298853028 -12.694781943083342 -11.663590226133724 -11.756504590972874 -13.573993318525677 -13.249187840198875 -8.781243999909798 -7.335810444880906 -1.3099047072275054 -5.453172579064454 -3.496608501994792 -10.761848779898859 -8.944095147294732 -13.403277747181203 -12.199189891441382 -7.542505946934519 -10.890509195766532 -9.65703688651459 -12.676758044752212 -11.638915157246004 -6.606050836138717 -13.347949147156246 -10.76110980288096 -12.205593174393172 -14.372830117340028 -14.113455748700952 -14.392181751542504 -12.193567901211058
1.6232464929859718 -9.831335202645164 -12.664388050139355 -11.610365843761628 -11.71424938012688 -13.567372450309527 -13.233090770871225 -8.673347560290498 -7.181923698667276 -1.0593308989276755 -5.319778756888667 -3.3665208547785173 -10.688412395981228 -8.841112799296877 -13.379950267052038 -12.15483031098102 -7.395785500721754 -10.820798046607665 -9.564885800435956 -12.64573327061207 -11.584643755650816 -6.455205131235395 -13.334887512425624 -10.694130505763404 -12.166306607549497 -14.401055203611238 -14.125791003870239 -14.431178630731106 -12.164689791418084
1.6833667334669338 -9.744361179405345 -12.633006009347874 -11.556583655265946 -11.671456989375528 -13.559345225261907 -13.215746605723577 -8.565897391532175 -7.029324589505865 -0.8123137556909859 -5.1888291897326155 -3.2388800921580727 -10.614739235025514 -8.738571339321627 -13.355518888381425 -12.109833233184705 -7.250203552209868 -10.750841185222482 -9.472928460580157 -12.613731888438071 -11.529815257052523 -6.305544670098602 -13.320543890879453 -10.626986073282705 -12.126295147474995 -14.4273333700362 -14.136422084895235 -14.468075609298284 -12.135121718230586
