web/models/kne/53/mosfit_kn_0.001230_0.1867_0.5000.dat
# %ECSV 1.0
# ---
# datatype:
# - {name: time, datatype: float64}
# - {name: PS1_g, datatype: float64}
# - {name: PS1_i, datatype: float64}
# - {name: PS1_r, datatype: float64}
# - {name: PS1_w, datatype: float64}
# - {name: PS1_y, datatype: float64}
# - {name: PS1_z, datatype: float64}
# - {name: swift_uvot_B, datatype: float64}
# - {name: swift_uvot_U, datatype: float64}
# - {name: swift_uvot_uvm2, datatype: float64}
# - {name: swift_uvot_uvw1, datatype: float64}
# - {name: swift_uvot_uvw2, datatype: float64}
# - {name: swift_uvot_V, datatype: float64}
# - {name: johnson_B, datatype: float64}
# - {name: johnson_I, datatype: float64}
# - {name: johnson_R, datatype: float64}
# - {name: johnson_U, datatype: float64}
# - {name: johnson_V, datatype: float64}
# - {name: sdss_g, datatype: float64}
# - {name: sdss_i, datatype: float64}
# - {name: sdss_r, datatype: float64}
# - {name: sdss_u, datatype: float64}
# - {name: sdss_z, datatype: float64}
# - {name: ATLAS_c, datatype: float64}
# - {name: ATLAS_o, datatype: float64}
# - {name: ukirt_H, datatype: float64}
# - {name: ukirt_J, datatype: float64}
# - {name: ukirt_K, datatype: float64}
# - {name: Clear, datatype: float64}
# meta: !!omap
# - comment: [kappa = 0.5, type = rprocess, mass = 0.0012301715156502338, velocity = 0.1866666666666667, theta_obs = 0.0, tfloor = 1000.0]
# schema: astropy-2.0
time PS1_g PS1_i PS1_r PS1_w PS1_y PS1_z swift_uvot_B swift_uvot_U swift_uvot_uvm2 swift_uvot_uvw1 swift_uvot_uvw2 swift_uvot_V johnson_B johnson_I johnson_R johnson_U johnson_V sdss_g sdss_i sdss_r sdss_u sdss_z ATLAS_c ATLAS_o ukirt_H ukirt_J ukirt_K Clear
[from data line 355]
21.402805611222444 14.384860586370838 5.503031773171561 8.97810255120941 7.010178739705424 1.9798417246463096 3.39751768949343 17.924767162935325 24.583711260830245 38.472306564859416 20.549293792904802 23.062310299384453 12.344377279241641 16.720829845969135 3.94951846674961 6.91955123347461 23.552710081578496 11.389354944072887 15.197400687685292 5.584287725284547 9.206591210705835 25.08481679100507 2.8240900774714284 10.957179120952052 6.504766596342257 -2.9691456532691864 -0.8196563577794956 -4.329434333742375 4.724284695944085
21.462925851703407 14.396544883943925 5.514716070744647 8.98978684878248 7.021863037278511 1.9915260222193787 3.409201987066517 17.93645146050841 24.595395558403325 38.4839908624325 20.56097809047788 23.073994596957533 12.35606157681471 16.73251414354222 3.961202764322697 6.9312355310476965 23.564394379151572 11.401039241645956 15.209084985258361 5.595972022857634 9.218275508278921 25.09650108857815 2.8357743750445152 10.968863418525121 6.516450893915344 -2.9574613556961173 -0.8079720602064265 -4.317750036169288 4.7359689935171545
21.52304609218437 14.408204824767612 5.526376011568335 9.001446789606167 7.03352297810218 2.003185963043066 3.420861927890204 17.9481114013321 24.60705549922701 38.49565080325618 20.57263803130156 23.085654537781213 12.367721517638397 16.74417408436589 3.972862705146384 6.942895471871366 23.57605431997526 11.412699182469643 15.220744926082048 5.607631963681321 9.229935449102609 25.108161029401835 2.8474343158682025 10.980523359348808 6.5281108347390315 -2.94580141487243 -0.7963121193827393 -4.306090095345601 4.747628934340842
21.58316633266533 14.419840488237732 5.5380116750384545 9.013082453076304 7.045158641572318 2.0148216265132035 3.432497591360324 17.95974706480222 24.61869116269714 38.50728646672631 20.5842736947717 23.09729020125134 12.379357181108535 16.75580974783603 3.984498368616504 6.954531135341504 23.587689983445387 11.42433484593978 15.232380589552186 5.619267627151441 9.241571112572728 25.119796692871965 2.8590699793383223 10.992159022818946 6.539746498209151 -2.9341657514022925 -0.7846764559126017 -4.294454431875481 4.759264597810979
21.64328657314629 14.431451952197367 5.549623138998072 9.024693917035922 7.056770105531935 2.026433090472821 3.4441090553199416 17.971358528761854 24.630302626656764 38.51889793068594 20.595885158731317 23.10890166521097 12.390968645068153 16.767421211795646 3.9961098325761393 6.966142599301121 23.599301447405015 11.435946309899398 15.243992053511803 5.630879091111076 9.253182576532364 25.131408156831583 2.8706814432979577 11.003770486778564 6.551357962168787 -2.922554287442675 -0.7730649919529841 -4.282842967915846 4.770876061770597
21.703406813627254 14.443039296149625 5.561210482950347 9.03628126098818 7.068357449484193 2.0380204344250785 3.4556963992722167 17.98294587271411 24.64188997060902 38.530485274638195 20.60747250268358 23.120489009163233 12.40255598902041 16.77900855574792 4.007697176528397 6.977729943253396 23.610888791357272 11.447533653851655 15.25557939746406 5.642466435063334 9.264769920484621 25.142995500783847 2.882268787250215 11.01535783073082 6.562945306121044 -2.9109669434904175 -0.7614776480007267 -4.271255623963588 4.782463405722854
21.763527054108216 14.454602589553804 5.572773776354527 9.04784455439236 7.07992074288839 2.0495837278292584 3.4672596926763966 17.99450916611829 24.6534532640132 38.54204856804238 20.61903579608776 23.132052302567413 12.41411928242459 16.7905718491521 4.0192604699325765 6.989293236657576 23.622452084761463 11.459096947255835 15.267142690868258 5.654029728467513 9.276333213888801 25.154558794188027 2.893832080654395 11.026921124135018 6.574508599525224 -2.8994036500862377 -0.7499143545965469 -4.2596923305594085 4.794026699127034
21.82364729458918 14.466141918879192 5.5843131056799145 9.059383883717746 7.091460072213778 2.0611230571546457 3.478799022001784 18.00604849544368 24.66499259333859 38.55358789736776 20.63057512541315 23.1435916318928 12.425658611749977 16.80211117847749 4.030799799257964 7.0008325659829636 23.63399141408685 11.470636276581223 15.278682020193646 5.665569057792901 9.287872543214188 25.166098123513414 2.9053714099797823 11.038460453460406 6.586047928850611 -2.8878643207608503 -0.7383750252711595 -4.248153001234021 4.8055660284524215
21.883767535070138 14.477657365441203 5.595828552241926 9.070899330279776 7.102975518775789 2.0726385037166573 3.4903144685637955 18.01756394200569 24.676508039900604 38.565103343929785 20.64209057197516 23.15510707845481 12.437174058311989 16.8136266250395 4.042315245819975 7.012348012544975 23.645506860648858 11.482151723143252 15.290197466755657 5.677084504354912 9.2993879897762 25.17761357007543 2.916886856541794 11.049975900022417 6.597563375412623 -2.876348874198821 -0.7268595787091302 -4.23663755467201 4.817081475014433
21.9438877755511 14.489148991867538 5.6073201786682425 9.082390956706092 7.114467145202106 2.0841301301429915 3.501806094990112 18.029055568432007 24.687999666326927 38.576594970356105 20.653582198401484 23.166598704881135 12.448665684738323 16.825118251465817 4.05380687224631 7.023839638971292 23.656998487075185 11.493643349569568 15.301689093181974 5.688576130781247 9.310879616202534 25.189105196501753 2.928378482968128 11.061467526448734 6.609055001838957 -2.8648572477725045 -0.7153679522828137 -4.225145928245675 4.828573101440767
22.004008016032063 14.50061688939849 5.618788076199213 9.093858854237045 7.125935042733076 2.095598027673944 3.513273992521082 18.040523465962977 24.699467563857887 38.58806286788707 20.665050095932447 23.1780666024121 12.460133582269275 16.836586148996787 4.065274769777262 7.035307536502262 23.66846638460615 11.50511124710052 15.313156990712944 5.700044028312199 9.322347513733487 25.200573094032713 2.9398463804990804 11.072935423979704 6.6205228993699095 -2.853389350241552 -0.7039000547518613 -4.213678030714723 4.84004099897172
22.064128256513026 14.512061136661654 5.630232323462376 9.105303101500208 7.13737928999624 2.1070422749371076 3.524718239784246 18.05196771322614 24.71091181112105 38.599507115150224 20.67649434319561 23.189510849675262 12.471577829532439 16.84803039625995 4.076719017040426 7.046751783765425 23.679910631869312 11.516555494363685 15.32460123797609 5.711488275575363 9.33379176099665 25.212017341295876 2.951290627762244 11.08437967124285 6.631967146633073 -2.8419451029783884 -0.6924558074886976 -4.202233783451559 4.851485246234883
22.12424849699399 14.52348179286128 5.641652979662002 9.116723757699834 7.148799946195847 2.118462931136733 3.5361388959838713 18.063388369425766 24.722332467320676 38.61092777134985 20.687914999395236 23.20093150587488 12.482998485732065 16.859451052459576 4.088139673240051 7.058172439965033 23.691331288068927 11.52797615056331 15.336021894175715 5.722908931774988 9.345212417196276 25.223437997495502 2.9627112839618697 11.095800327442475 6.643387802832699 -2.830524446778763 -0.6810351512890721 -4.190813127251934 4.862905902434509
22.184368737474948 14.534878954073918 5.65305014087464 9.128120918912472 7.160197107408504 2.1298600923493716 3.5475360571965098 18.074785530638405 24.733729628533318 38.622324932562485 20.699312160607874 23.212328667087526 12.494395646944703 16.870848213672215 4.09953683445269 7.069569601177689 23.702728449281572 11.539373311775948 15.347419055388372 5.734306092987627 9.356609578408914 25.234835158708144 2.974108445174508 11.107197488655132 6.654784964045337 -2.8191272855661245 -0.6696379900764337 -4.179415966039295 4.874303063647147
22.24448897795591 14.546252679655467 5.66442386645619 9.139494644494022 7.171570832990053 2.141233817930921 3.558909782778059 18.086159256219954 24.745103354114867 38.63369865814405 20.710685886189424 23.223702392669075 12.505769372526252 16.882221939253764 4.110910560034239 7.080943326759239 23.71410217486312 11.550747037357498 15.358792780969921 5.745679818569176 9.367983303990464 25.246208884289693 2.9854821707560575 11.118571214236681 6.6661586896268865 -2.807753559984575 -0.6582642644948843 -4.168042240457746 4.885676789228697
22.304609218436873 14.557603060761384 5.6757742475621065 9.150845025599956 7.18292121409597 2.1525841990368555 3.570260163883976 18.09750963732587 24.75645373522079 38.64504903924996 20.72203626729534 23.235052773774992 12.517119753632187 16.89357232035968 4.122260941140156 7.092293707865156 23.725452555969042 11.562097418463432 15.370143162075838 5.757030199675093 9.37933368509638 25.257559265395617 2.9968325518619743 11.129921595342598 6.677509070732803 -2.7964031788786405 -0.6469138833889497 -4.156691859351829 4.8970271703346135
22.364729458917836 14.568930163545595 5.6871013503463 9.16217212838415 7.194248316880163 2.1639113018210487 3.581587266668169 18.108836740110064 24.767780838004985 38.65637614203417 20.73336337007954 23.246379876559192 12.52844685641638 16.904899423143874 4.133588043924367 7.103620810649349 23.736779658753242 11.573424521247626 15.381470264860031 5.768357302459304 9.390660787880591 25.26888636817981 3.0081596546461853 11.141248698126791 6.688836173517014 -2.7850760760944473 -0.6355867806047565 -4.145364756567618 4.9083542731188246
22.4248496993988 14.580234070459781 5.698405257260504 9.173476035298336 7.205552223794349 2.175215208735235 3.592891173582373 18.120140647024268 24.77908474491918 38.66768004894835 20.744667276993727 23.25768378347338 12.539750763330566 16.91620333005806 4.144891950838553 7.114924717563535 23.74808356566743 11.584728428161812 15.392774171774217 5.77966120937349 9.401964694794778 25.280190275094007 3.0194635615603715 11.152552605040977 6.700140080431201 -2.773772169180261 -0.6242828736905702 -4.134060849653432 4.919658180033011
22.484969939879758 14.59151485419456 5.709686040995283 9.184756819033133 7.2168330075291465 2.1864959924700145 3.6041719573171527 18.131421430759048 24.790365528653968 38.67896083268314 20.755948060728517 23.26896456720817 12.551031547065346 16.927484113792858 4.156172734573333 7.126205501298332 23.75936434940222 11.59600921189661 15.404054955509014 5.7909419931082695 9.413245478529557 25.291471058828794 3.030744345295151 11.163833388775775 6.71142086416598 -2.762491385445464 -0.613002089955773 -4.122780065918652 4.93093896376779
22.54509018036072 14.60277259240641 5.720943779207115 9.196014557244965 7.228090745740978 2.197753730681864 3.6154296955289844 18.14267916897088 24.8016232668658 38.69021857089498 20.767205798940356 23.280222305420008 12.562289285277195 16.93874185200469 4.167430472785182 7.137463239510164 23.770622087614058 11.607266950108441 15.415312693720846 5.802199731320119 9.424503216741407 25.302728797040626 3.0420020835070005 11.175091126987606 6.7226786023778295 -2.751233647233632 -0.6017443517439413 -4.111522327706803 4.94219670197964
22.605210420841683 14.614007352135712 5.732178538936434 9.207249316974266 7.239325505470298 2.2089884904111656 3.626664455258304 18.1539139287002 24.81285802659511 38.70145333062429 20.77844055866967 23.29145706514932 12.573524045006497 16.94997661173401 4.178665232514484 7.1486979992394835 23.78185684734337 11.61850170983776 15.426547453450166 5.813434491049421 9.435737976470708 25.313963556769934 3.053236843236302 11.186325886716926 6.733913362107131 -2.7399988875043126 -0.5905095920146396 -4.100287567977501 4.953431461708941
22.665330661322646 14.625219221921704 5.743390408722426 9.218461186760258 7.25053737525629 2.2202003601971576 3.637876325044296 18.16512579848619 24.824069896381104 38.712665200410285 20.78965242845566 23.302668934935312 12.584735914792489 16.96118848152 4.189877102300476 7.159909869025475 23.79306871712936 11.629713579623752 15.437759323236158 5.824646360835413 9.4469498462567 25.32517542655593 3.064448713022294 11.197537756502918 6.745125231893123 -2.7287870177183207 -0.5792977222286476 -4.089075698191509 4.964643331494933
22.725450901803605 14.636408263972296 5.754579450773019 9.22965022881085 7.261726417306882 2.23138940224775 3.649065367094888 18.176314840536783 24.835258938431693 38.72385424246087 20.800841470506253 23.313857976985904 12.595924956843081 16.972377523570593 4.201066144351068 7.171098911076068 23.804257759179944 11.640902621674327 15.448948365286732 5.835835402886005 9.458138888307293 25.33636446860652 3.0756377550728864 11.208726798553492 6.756314273943715 -2.717597975667746 -0.5681086801780554 -4.077886656140917 4.975832373545526
22.785571142284567 14.647574565268613 5.765745752069336 9.240816530107168 7.272892718603199 2.242555703544067 3.660231668391205 18.1874811418331 24.846425239728013 38.73502054375718 20.81200777180257 23.32502427828222 12.607091258139398 16.98354382486691 4.212232445647385 7.182265212372385 23.815424060476268 11.652068922970644 15.46011466658305 5.847001704182322 9.46930518960361 25.34753076990284 3.0868040563692034 11.219893099849827 6.767480575240032 -2.706431674371429 -0.5569423788817384 -4.0667203548446 4.986998674841843
22.84569138276553 14.658718190665443 5.776889377466166 9.251960155503998 7.284036344000029 2.253699328940897 3.671375293788035 18.19862476722993 24.85756886512484 38.74616416915402 20.8231513971994 23.33616790367905 12.618234883536228 16.99468745026374 4.223376071044215 7.193408837769215 23.8265676858731 11.663212548367474 15.471258291979897 5.858145329579152 9.48044881500044 25.358674395299666 3.0979476817660334 11.231036725246657 6.778624200636862 -2.695288048974599 -0.5457987534849084 -4.05557672944777 4.998142300238673
22.905811623246493 14.669839217563041 5.788010404363764 9.263081182401596 7.295157370897609 2.264820355838495 3.682496320685633 18.209745794127528 24.868689892022438 38.75728519605161 20.834272424096998 23.34728893057665 12.629355910433826 17.005808477161338 4.234497097941813 7.204529864666813 23.83768871277069 11.674333575265072 15.482379318877477 5.86926635647675 9.491569841898038 25.369795422197264 3.1090687086636315 11.242157752144237 6.7897452275344605 -2.684167022077001 -0.5346777265873103 -4.044455702550172 5.009263327136271
22.965931863727455 14.680937721308798 5.79910890810952 9.274179686147352 7.306255874643366 2.2759188595842517 3.69359482443139 18.220844297873285 24.879788395768195 38.76838369979737 20.845370927842755 23.358387434322406 12.640454414179583 17.016906980907095 4.24559560168757 7.2156283684125695 23.848787216516445 11.685432079010829 15.493477822623234 5.880364860222507 9.502668345643794 25.38089392594302 3.120167212409388 11.253256255889994 6.800843731280217 -2.6730685183312444 -0.5235792228415536 -4.033357198804415 5.0203618308820275
23.026052104208414 14.692013774219745 5.810184961020468 9.285255739058318 7.317331927554331 2.2869949124951994 3.7046708773423376 18.231920350784232 24.890864448679153 38.77945975270833 20.856446980753702 23.369463487233354 12.65153046709053 17.027983033818042 4.2566716545985175 7.226704421323517 23.8598632694274 11.696508131921794 15.5045538755342 5.891440913133454 9.513744398554742 25.39196997885398 3.131243265320336 11.26433230880096 6.811919784191165 -2.661992465420279 -0.5125031699305881 -4.0222811458934675 5.031437883792975
