web/models/kne/53/mosfit_kn_0.014776_0.3277_3.6500.dat
# %ECSV 1.0
# ---
# datatype:
# - {name: time, datatype: float64}
# - {name: PS1_g, datatype: float64}
# - {name: PS1_i, datatype: float64}
# - {name: PS1_r, datatype: float64}
# - {name: PS1_w, datatype: float64}
# - {name: PS1_y, datatype: float64}
# - {name: PS1_z, datatype: float64}
# - {name: swift_uvot_B, datatype: float64}
# - {name: swift_uvot_U, datatype: float64}
# - {name: swift_uvot_uvm2, datatype: float64}
# - {name: swift_uvot_uvw1, datatype: float64}
# - {name: swift_uvot_uvw2, datatype: float64}
# - {name: swift_uvot_V, datatype: float64}
# - {name: johnson_B, datatype: float64}
# - {name: johnson_I, datatype: float64}
# - {name: johnson_R, datatype: float64}
# - {name: johnson_U, datatype: float64}
# - {name: johnson_V, datatype: float64}
# - {name: sdss_g, datatype: float64}
# - {name: sdss_i, datatype: float64}
# - {name: sdss_r, datatype: float64}
# - {name: sdss_u, datatype: float64}
# - {name: sdss_z, datatype: float64}
# - {name: ATLAS_c, datatype: float64}
# - {name: ATLAS_o, datatype: float64}
# - {name: ukirt_H, datatype: float64}
# - {name: ukirt_J, datatype: float64}
# - {name: ukirt_K, datatype: float64}
# - {name: Clear, datatype: float64}
# meta: !!omap
# - comment: [kappa = 3.65, type = rprocess, mass = 0.014775890654408853, velocity = 0.32766666666666666, theta_obs = 0.0, tfloor = 1000.0]
# schema: astropy-2.0
time PS1_g PS1_i PS1_r PS1_w PS1_y PS1_z swift_uvot_B swift_uvot_U swift_uvot_uvm2 swift_uvot_uvw1 swift_uvot_uvw2 swift_uvot_V johnson_B johnson_I johnson_R johnson_U johnson_V sdss_g sdss_i sdss_r sdss_u sdss_z ATLAS_c ATLAS_o ukirt_H ukirt_J ukirt_K Clear
[from data line 232]
14.008016032064127 9.181604099004801 0.2997752858055236 3.7748460638433556 1.8069222523393869 -3.223414762719745 -1.805738797872607 12.721510675569288 19.3804547734642 33.26905007749337 15.346037305538758 17.85905381201841 7.1411207918755855 11.517573358603098 -1.253738020616427 1.716294746108573 18.34945359421245 6.186098456706833 9.994144200319237 0.3810312379185099 4.003334723339798 19.881560303639016 -2.3791664098946086 5.753922633585997 1.3015101089762204 -8.17240214063524 -6.02291284514555 -9.532690821108412 -0.47897179142196933
14.06813627254509 9.192640863974209 0.31081205077493124 3.785882828812781 1.8179590173087945 -3.2123779977503197 -1.7947020329031993 12.732547440538696 19.391491538433616 33.28008684246279 15.357074070508165 17.870090576987817 7.152157556844993 11.528610123572506 -1.2427012556470194 1.7273315110779806 18.360490359181874 6.197135221676258 10.005180965288663 0.39206800288791754 4.014371488309205 19.892597068608442 -2.368129644925201 5.764959398555423 1.312546873945628 -8.161365375665815 -6.011876080176124 -9.521654056139004 -0.4679350264525617
14.128256513026052 9.203640904916401 0.32181209171710634 3.796882869754956 1.8289590582509696 -3.2013779568081446 -1.7837019919610242 12.74354748148087 19.40249157937579 33.291086883404965 15.36807411145034 17.881090617929992 7.163157597787186 11.53961016451468 -1.2317012147048443 1.7383315520201557 18.37149040012405 6.208135262618433 10.016181006230838 0.4030680438301104 4.02537152925138 19.903597109550617 -2.357129603983008 5.775959439497598 1.323546914887821 -8.15036533472364 -6.000876039233949 -9.510654015196812 -0.4569349855103688
14.188376753507013 9.214604730081177 0.3327759168819 3.80784669491975 1.8399228834157633 -3.190414131643351 -1.7727381667962305 12.754511306645664 19.413455404540585 33.30205070856976 15.379037936615134 17.892054443094786 7.17412142295198 11.550573989679474 -1.2207373895400506 1.7492953771849493 18.382454225288843 6.219099087783227 10.027144831395631 0.4140318689948863 4.036335354416174 19.91456093471541 -2.346165778818232 5.786923264662391 1.3345107400525968 -8.139401509558846 -5.989912214069156 -9.499690190032036 -0.4459711603455929
14.248496993987976 9.225532877818932 0.3437040646196543 3.8187748426574863 1.8508510311535176 -3.1794859839056144 -1.7618100190584762 12.765439454383419 19.42438355227833 33.31297885630751 15.389966084352888 17.90298259083254 7.185049570689716 11.561502137417229 -1.2098092418022963 1.7602235249227036 18.39338237302658 6.230027235520963 10.038072979133386 0.4249600167326406 4.047263502153928 19.925489082453165 -2.335237631080478 5.797851412400146 1.3454388877903511 -8.12847336182111 -5.978984066331419 -9.488762042294281 -0.4350430126078386
14.308617234468937 9.236425988857828 0.3545971756585331 3.829667953696383 1.8617441421923964 -3.168592872866718 -1.7509169080195974 12.776332565422315 19.435276663317225 33.3238719673464 15.400859195391785 17.913875701871437 7.195942681728613 11.572395248456107 -1.1989161307633998 1.7711166359615824 18.404275484065476 6.24092034655986 10.048966090172264 0.4358531277715372 4.058156613192825 19.936382193492044 -2.3243445200415813 5.8087445234390245 1.3563319988292477 -8.117580250782213 -5.9680909552925225 -9.477868931255385 -0.42414990156894206
14.3687374749499 9.24728459015114 0.3654557769518618 3.8405265549897116 1.872602743485725 -3.157734271573389 -1.7400583067262687 12.787191166715626 19.446135264610547 33.33473056863972 15.411717796685096 17.924734303164747 7.2068012830219415 11.583253849749436 -1.1880575294700888 1.7819752372549111 18.415134085358805 6.251778947853189 10.059824691465593 0.44671172906484813 4.069015214486136 19.947240794785372 -2.3134859187482526 5.819603124732353 1.3671906001225587 -8.106721649488884 -5.957232353999194 -9.467010329962074 -0.41329130027561334
14.428857715430862 9.258109191468158 0.3762803782688806 3.8513511563067127 1.8834273448027439 -3.146909670256388 -1.72923370540925 12.798015768032645 19.45695986592756 33.34555516995673 15.422542398002115 17.935558904481766 7.2176258843389425 11.594078451066455 -1.17723292815307 1.79279983857193 18.425958686675806 6.26260354917019 10.070649292782612 0.4575363303818669 4.079839815803155 19.95806539610239 -2.3026613174312516 5.830427726049372 1.3780152014395775 -8.095897048171883 -5.946407752682193 -9.456185728645055 -0.4024666989586123
14.488977955911823 9.268900231774637 0.38707141857535987 3.8621421966132097 1.8942183851092231 -3.136118629949909 -1.7184426651027707 12.808806808339124 19.467750906234045 33.35634621026322 15.433333438308594 17.946349944788246 7.228416924645422 11.604869491372934 -1.1664418878465908 1.8035908788784092 18.436749726982303 6.273394589476687 10.081440333089091 0.4683273706883462 4.090630856109634 19.96885643640887 -2.2918702771247723 5.841218766355851 1.3888062417460567 -8.085106007865386 -5.935616712375696 -9.445394688338576 -0.39167565865213305
14.549098196392785 9.27965833137641 0.39782951817713297 3.872900296214965 1.9049764847109962 -3.1253605303481358 -1.7076845655009976 12.819564907940897 19.47850900583581 33.36710430986498 15.444091537910367 17.95710804439002 7.239175024247195 11.615627590974707 -1.1556837882448177 1.8143489784801823 18.447507826584058 6.284152689078442 10.092198432690846 0.4790854702901193 4.101388955711407 19.979614536010644 -2.281112177522999 5.851976865957624 1.3995643413478298 -8.074347908263631 -5.92485861277394 -9.434636588736803 -0.38091755905035996
14.609218436873746 9.29038400126256 0.40855518806328206 3.883625966101132 1.9157021545971453 -3.114634860461969 -1.6969588956148485 12.830290577827046 19.489234675721967 33.37782997975114 15.454817207796516 17.967833714276168 7.249900694133362 11.626353260860856 -1.1449581183586686 1.8250746483663314 18.458233496470225 6.294878358964609 10.102924102577013 0.48981114017626837 4.112114625597556 19.990340205896793 -2.27038650763685 5.862702535843773 1.410290011233979 -8.063622238377464 -5.914132942887774 -9.423910918850654 -0.37019188916421086
14.669338677354709 9.30107771363721 0.41924890043793184 3.894319678475764 1.926395866971795 -3.103941148087337 -1.6862651832401987 12.840984290201696 19.499928388096606 33.38852369212578 15.465510920171166 17.978527426650817 7.260594406507994 11.637046973235506 -1.1342644059840188 1.8357683607409812 18.468927208844857 6.305572071339241 10.113617814951645 0.5005048525509181 4.122808337972206 20.001033918271443 -2.2596927952622003 5.873396248218423 1.4209837236086287 -8.052928526002832 -5.903439230513142 -9.413217206476004 -0.3594981767895611
14.729458917835672 9.311739909299313 0.4299110961000352 3.904981874137885 1.9370580626338985 -3.0932789524252335 -1.6756029875780953 12.8516464858638 19.510590583758713 33.399185887787894 15.47617311583327 17.98918962231292 7.271256602170097 11.64770916889761 -1.1236022103219154 1.8464305564030845 18.47958940450696 6.316234267001362 10.124280010613766 0.5111670482130215 4.133470533634309 20.011696113933546 -2.249030599600097 5.884058443880527 1.431645919270732 -8.042266330340711 -5.892777034851038 -9.4025550108139 -0.34883598112745773
14.789579158316633 9.322371058648802 0.44054224544952447 3.9156130234873565 1.9476892119833877 -3.0826478030757443 -1.664971838228606 12.862277635213289 19.5212217331082 33.40981703713737 15.486804265182759 17.99982077166241 7.281887751519586 11.658340318247099 -1.1129710609724262 1.8570617057525738 18.49022055385645 6.3268654163508335 10.134911159963238 0.5217981975625108 4.144101682983798 20.022327263283035 -2.2383994502506077 5.894689593230016 1.4422770686202213 -8.03163518099124 -5.882145885501549 -9.391923861464411 -0.33820483177796845
14.849699398797595 9.332971710802358 0.4511428976030807 3.9262136756409127 1.9582898641369262 -3.072047150922188 -1.6543711860750498 12.872878287366845 19.531822385261755 33.42041768929093 15.497404917336315 18.010421423815966 7.2924884036731425 11.668940970400655 -1.10237040881887 1.8676623579061122 18.500821206010006 6.33746606850439 10.145511812116794 0.532398849716067 4.154702335137355 20.032927915436574 -2.2277987980970515 5.905290245383554 1.4528777207737775 -8.021034528837683 -5.871545233347993 -9.381323209310855 -0.32760417962441224
14.909819639278556 9.343542323798761 0.46171351059948407 3.936784288637316 1.9688604771333473 -3.0614765379257847 -1.6438005730786465 12.883448900363248 19.54239299825816 33.43098830228733 15.507975530332718 18.02099203681237 7.303059016669546 11.679511583397058 -1.0917997958224666 1.8782329709025334 18.51139181900641 6.348036681500793 10.156082425113198 0.5429694627124704 4.165272948133758 20.043498528432995 -2.217228185100648 5.915860858379975 1.463448333770181 -8.01046391584128 -5.860974620351589 -9.370752596314452 -0.31703356662800886
14.969939879759519 9.354084042020272 0.4722552288209947 3.9473260068588267 1.979402195354858 -3.050934819704274 -1.6332588548571358 12.893990618584759 19.55293471647967 33.44153002050884 15.518517248554229 18.03153375503388 7.3136007348910566 11.690053301618569 -1.081258077600956 1.888774689124044 18.52193353722792 6.358578399722304 10.166624143334708 0.553511180933981 4.175814666355269 20.054040246654505 -2.2066864668791375 5.926402576601486 1.4739900519916915 -7.99992219761977 -5.850432902130079 -9.360210878092941 -0.30649184840649824
15.03006012024048 9.364595660808437 0.48276684760915956 3.9578376256469916 1.9899138141430228 -3.040423200916109 -1.622747236068971 12.904502237372924 19.563446335267834 33.452041639297015 15.529028867342394 18.042045373822045 7.324112353679221 11.700564920406734 -1.070746458812791 1.8992863079122089 18.532445156016085 6.369090018510469 10.17713576212289 0.5640227997221459 4.1863262851434335 20.06455186544267 -2.1961748480909726 5.936914195389651 1.4845016707798564 -7.989410578831605 -5.839921283341914 -9.349699259304776 -0.29598022961833337
15.090180360721442 9.37507859327754 0.49324978007824427 3.968320558116094 2.0003967466121075 -3.0299402684470067 -1.6122643035998863 12.914985169842009 19.57392926773693 33.4625245717661 15.539511799811478 18.05252830629113 7.334595286148324 11.711047852875819 -1.0602635263437064 1.9097692403812936 18.542928088485187 6.379572950979571 10.187618694591976 0.5745057321912483 4.196809217612518 20.075034797911755 -2.18569191562187 5.947397127858736 1.4949846032489589 -7.978927646362503 -5.829438350872811 -9.339216326835674 -0.2854972971492309
15.150300601202405 9.385533284775338 0.5037044715760608 3.9787752496139106 2.010851438109924 -3.019485576949208 -1.6018096121020697 12.925439861339825 19.584383959234735 33.472979263263916 15.549966491309295 18.062982997788946 7.345049977646123 11.721502544373635 -1.0498088348458898 1.9202239318791101 18.553382779982986 6.390027642477388 10.198073386089792 0.5849604236890471 4.207263909110335 20.08548948940957 -2.1752372241240714 5.957851819356552 1.5054392947467576 -7.968472954864686 -5.818983659375013 -9.328761635337875 -0.2750426056514321
15.210420841683366 9.3959601373483 0.5141313241490231 3.989202102186873 2.0212782906828863 -3.0090587243762457 -1.5913827595291075 12.935866713912787 19.594810811807697 33.48340611583688 15.560393343882257 18.07340985036191 7.355476830219085 11.731929396946597 -1.0393819822729276 1.9306507844520724 18.563809632555948 6.40045449505035 10.208500238662754 0.5953872762620094 4.217690761683297 20.095916341982534 -2.164810371551109 5.9682786719295144 1.51586614731972 -7.958046102291724 -5.808556806802033 -9.318334782764913 -0.26461575307846985
15.270541082164328 9.406359548408894 0.5245307352096162 3.9996015132474483 2.0316777017434617 -2.9986593133156525 -1.5809833484685143 12.94626612497338 19.605210222868294 33.49380552689747 15.57079275494285 18.083809261422502 7.365876241279678 11.74232880800719 -1.0289825712123344 1.9410501955126656 18.57420904361654 6.410853906110925 10.21889964972333 0.6057866873226025 4.22809017274389 20.10631575304311 -2.154410960490516 5.97867808299009 1.526265558380313 -7.9476466912311485 -5.798157395741457 -9.30793537170432 -0.2542163420178767
15.33066132264529 9.416731861557732 0.5349030483584549 4.009973826396287 2.042050014892318 -2.988287000166814 -1.5706110353196756 12.95663843812222 19.61558253601713 33.50417784004631 15.581165068091689 18.09418157457134 7.376248554428517 11.75270112115603 -1.0186102580634957 1.9514225086615042 18.58458135676538 6.421226219259764 10.229271962872186 0.6161590004714412 4.238462485892729 20.116688066191966 -2.1440386473416773 5.989050396138946 1.5366378715291518 -7.93727437808231 -5.7877850825926185 -9.29756305855548 -0.243844028869038
15.390781563126252 9.427077563636121 0.5452487504368442 4.020319528474694 2.0523957169707074 -2.977941298088407 -1.5602653332412864 12.966984140200609 19.62592823809553 33.5145235421247 15.591510770170078 18.10452727664973 7.386594256506924 11.763046823234419 -1.0082645559851064 1.9617682107398935 18.594927058843787 6.431571921338171 10.239617664950575 0.6265047025498305 4.248808187971118 20.127033768270355 -2.133692945263288 5.9993960982173355 1.546983573607541 -7.926928676003903 -5.7774393805142115 -9.287217356477091 -0.23349832679064875
15.450901803607215 9.437397044944476 0.5555682317451804 4.03063900978303 2.0627151982790437 -2.9676218167800705 -1.54994585193295 12.977303621508963 19.636247719403865 33.52484302343304 15.601830251478432 18.114846757958084 7.39691373781526 11.773366304542755 -0.9979450746767524 1.9720876920482298 18.605246540152123 6.441891402646507 10.249937146258912 0.6368241838581845 4.259127669279472 20.13735324957869 -2.123373463954934 6.009715579525672 1.557303054915895 -7.916609194695567 -5.767119899205875 -9.276897875168737 -0.22317884548229472
15.511022044088175 9.447690661408377 0.5658618482090993 4.040932626246931 2.073008814742945 -2.9573282003161694 -1.5396522354690312 12.987597237972864 19.646541335867774 33.53513663989695 15.612123867942334 18.125140374421985 7.407207354279161 11.783659921006674 -0.9876514582128513 1.9823813085121487 18.615540156616024 6.452185019110408 10.260230762722813 0.6471178003220857 4.269421285743373 20.147646866042592 -2.113079847491033 6.020009195989573 1.5675966713797962 -7.906315578231665 -5.756826282741974 -9.266604258704836 -0.21288522901839357
15.571142284569138 9.457958766636558 0.576129953437281 4.051200731475113 2.0832769199711443 -2.9470600950879877 -1.5293841302408495 12.997865343201045 19.65680944109596 33.54540474512513 15.622391973170515 18.135408479650167 7.417475459507343 11.793928026234855 -0.9773833529846696 1.9926494137403303 18.625808261844206 6.46245312433859 10.270498867950995 0.6573859055502673 4.279689390971555 20.157914971270774 -2.102811742262851 6.030277301217755 1.5778647766079779 -7.896047473003484 -5.746558177513792 -9.256336153476655 -0.2026171237902119
15.631262525050099 9.46820172737393 0.5863729141746532 4.061443692212485 2.0935198807084987 -2.9368171343506155 -1.5191411695034773 13.008108303938418 19.66705240183333 33.555647705862505 15.632634933907887 18.14565144038754 7.427718420244715 11.80417098697221 -0.9671403922472974 2.0028923744776845 18.636051222581578 6.472696085075962 10.280741828688367 0.6676288662876395 4.289932351708927 20.168157932008146 -2.092568781525479 6.040520261955127 1.58810773734535 -7.885804512266112 -5.73631521677642 -9.246093192739282 -0.19237416305283972
